1.000000 0.656325 -0.342762 -0.372369 0.040426 -0.024757 -0.377056 -0.531466 -0.002221 -0.470842 0.143670 -0.354344 -0.052263 -0.405322 0.103087 -0.158402 0.492342 0.229849 0.420584 0.357747 0.319482 0.105286 0.160087 -0.297518 0.146432 0.015840 0.105841 0.085414 0.130701 -0.239596 -0.023621 -0.103535 0.172461 -0.140572 -0.089653 -0.146311 0.096933 0.138609 0.045105 0.163547 0.059763 0.090467 -0.131596 -0.227513 -0.200080 -0.263535 -0.222740 -0.268851 -0.027070 -0.143724 -0.048048 -0.132953 0.206772 -0.086477 0.465420 0.301527 0.649846 0.697958 0.037959 0.025387 0.082409 -0.174397 0.250262 0.364017 -0.150268 -0.187060 0.235037 -0.043214 0.554642 0.287845 -0.129006 -0.075055 0.034327 -0.123695 0.022833 -0.220026 0.040313 -0.143880 0.141683 0.071119 0.091964 0.248047 -0.053033 0.012407 -0.065048 -0.137033 0.150776 0.022158 0.067177 0.051705 -0.218759 -0.115763 -0.243647 -0.092336 0.106558 0.083658 0.037846 0.176565 0.067077 0.110893 0.043438 -0.251844 0.160291 -0.247929 -0.014951 -0.058952 -0.100022 0.143123 0.064270 0.237674 0.025510 0.109180 0.021673 -0.181831 -0.073937 -0.197588
0.656325 1.000000 -0.118510 -0.353534 0.020225 0.044499 -0.172944 -0.398551 0.049381 -0.147321 0.305539 -0.219404 0.214195 -0.091086 0.345615 -0.135722 0.099635 -0.038081 0.320278 0.114516 0.207150 0.116399 0.228931 -0.342041 0.175881 -0.045250 0.030734 0.029609 -0.027352 -0.306586 -0.133123 -0.336661 0.210555 -0.084164 -0.035492 -0.072139 0.003108 0.024121 0.099159 0.233407 -0.123568 -0.143977 -0.113914 -0.212138 -0.259985 -0.297451 -0.361255 -0.398392 0.101814 -0.115465 0.121096 -0.064924 -0.015053 -0.286180 0.437609 0.134418 0.397740 0.682099 0.224766 0.301059 0.075213 0.046169 -0.070086 0.273854 0.022434 -0.084754 0.253159 -0.021673 0.529930 0.284762 -0.242765 -0.215666 -0.155018 -0.282353 -0.165642 -0.286936 -0.034775 -0.258069 -0.159802 -0.113739 -0.193641 0.098742 0.047268 -0.257240 0.074163 -0.224702 0.052055 0.038641 0.209853 0.199079 -0.248945 -0.156963 -0.213125 -0.004469 -0.033726 -0.064140 -0.052435 0.037507 -0.219664 -0.120330 0.092998 -0.107721 0.120643 -0.330221 -0.065566 -0.128828 -0.035767 0.007658 -0.157813 -0.016862 -0.069159 0.116605 0.045077 0.030024 -0.139836 -0.312707
-0.342762 -0.118510 1.000000 0.045413 0.231106 -0.020987 0.583848 0.400494 0.155272 0.153997 0.047886 0.183352 0.160335 0.309421 0.094380 0.010314 -0.386547 -0.310834 0.172456 -0.195698 -0.137851 -0.247616 0.003692 0.065391 -0.090108 -0.134409 0.014409 -0.088032 0.018161 0.067079 0.235860 0.071608 0.013325 0.050088 0.032208 -0.193245 -0.261457 -0.435899 0.146839 -0.150539 -0.152854 -0.282057 -0.022088 0.017242 0.095267 -0.091369 -0.001534 -0.140890 0.203847 0.008154 0.149482 0.284961 -0.048950 0.133906 -0.239563 -0.200169 -0.405552 -0.325423 0.181148 -0.022434 0.044639 -0.025837 -0.251976 -0.163150 0.208221 -0.041856 0.137122 -0.050369 -0.264030 -0.130258 -0.002877 -0.283918 -0.047446 -0.285441 -0.200807 -0.068246 -0.206754 -0.072481 -0.281147 -0.284303 -0.207860 -0.167343 0.105975 -0.127450 0.035478 -0.073647 0.015212 -0.030676 0.004398 -0.064277 -0.041812 -0.043111 0.175607 0.035241 -0.254722 -0.040215 -0.177782 -0.277756 0.010218 -0.239153 -0.050835 0.181384 -0.186870 0.063713 -0.279946 -0.286541 -0.047979 -0.291986 -0.186756 -0.086821 -0.191780 -0.171354 0.243163 0.014670 -0.114679 -0.144391
-0.372369 -0.353534 0.045413 1.000000 -0.031022 0.172694 -0.180800 0.594714 0.001283 0.336334 -0.564307 0.380510 -0.556116 0.023337 -0.329783 0.238271 -0.361135 -0.334410 0.106118 0.019148 -0.169091 0.274140 -0.216207 0.556757 -0.015410 0.434894 -0.122141 0.124722 -0.439923 0.001721 0.080513 0.319709 0.067029 0.256924 0.067062 0.168686 -0.324568 -0.185794 -0.081804 0.153700 -0.275617 -0.121762 -0.106665 -0.020827 -0.016401 0.344706 -0.100447 -0.035350 -0.375898 -0.048395 -0.286985 -0.139409 -0.113269 -0.219881 -0.260407 -0.202039 -0.321970 -0.426735 -0.256432 -0.200435 -0.201762 0.071320 -0.082549 -0.283652 0.249248 0.663933 -0.017712 0.403116 -0.029785 -0.019055 -0.056434 0.192224 -0.266931 -0.058104 -0.260780 -0.028654 -0.366239 0.022761 -0.204626 -0.217665 -0.089811 -0.373190 -0.075830 0.083803 -0.148535 0.567739 -0.001702 0.268551 0.065645 0.072292 -0.090691 -0.288540 0.322872 -0.153382 -0.071258 -0.039790 -0.213065 -0.103486 -0.199791 -0.162526 0.180963 0.065577 0.059827 -0.088508 0.127843 -0.098901 0.312420 -0.143336 -0.105073 -0.211721 -0.199597 -0.011362 0.142111 0.022903 0.003228 -0.106031
0.040426 0.020225 0.231106 -0.031022 1.000000 0.339494 0.102025 -0.031253 0.300246 0.220257 -0.054582 -0.052230 -0.051033 -0.070298 0.052339 0.126506 -0.177265 -0.416180 0.113827 0.320331 -0.152616 -0.250652 0.027907 0.177633 0.083545 0.008258 0.151264 0.087431 -0.184468 -0.302469 -0.022769 -0.001542 -0.153043 -0.002305 -0.021743 0.085409 -0.353619 -0.072531 0.033237 -0.138421 -0.102691 -0.202757 0.100524 0.188200 -0.008102 0.167540 -0.026501 -0.041297 0.048301 0.014884 0.095126 0.131391 0.125010 0.041373 -0.090159 0.073493 0.058967 0.042804 0.310425 0.005480 0.351733 0.017249 -0.274067 -0.042876 0.138476 0.138628 0.118772 0.261543 0.131155 0.139359 -0.204436 -0.188245 -0.327289 -0.306331 -0.250958 -0.230473 -0.361587 -0.157035 -0.402055 -0.256175 -0.356604 -0.307203 -0.024276 -0.115906 -0.209973 -0.000243 -0.003083 -0.058121 0.078293 0.024941 0.044882 0.110958 0.000478 -0.005929 -0.047447 -0.021027 0.013669 0.034240 0.034576 -0.227441 -0.252173 -0.113798 0.008690 -0.064112 -0.257436 -0.119069 0.077379 -0.232735 -0.170550 -0.077439 0.047529 -0.199718 -0.240526 -0.106592 -0.153782 0.083100
-0.024757 0.044499 -0.020987 0.172694 0.339494 1.000000 0.014067 -0.044762 0.246123 0.405291 -0.085046 0.076402 -0.055197 0.027471 0.214547 0.006668 -0.073289 -0.211738 -0.068836 0.140320 0.147333 0.167744 0.048168 0.050011 0.142161 0.353644 0.227066 0.457076 -0.309803 -0.310466 -0.151421 -0.151962 -0.348757 -0.099504 0.100290 0.113436 -0.431526 -0.107223 -0.082307 -0.122983 -0.320242 -0.232655 -0.104670 0.029157 -0.075169 0.241822 -0.090726 -0.052941 -0.249945 -0.085854 0.029815 0.020359 -0.139446 -0.167979 -0.161208 -0.072229 0.048476 0.007739 0.305891 0.147983 -0.149977 -0.052709 -0.219148 -0.192076 0.174138 0.273888 0.080563 0.307820 -0.029700 0.016302 -0.088173 0.094660 -0.407487 -0.317463 -0.357346 -0.103844 -0.236160 0.044273 -0.306586 0.040992 -0.260628 -0.256453 -0.057819 -0.316809 0.225504 0.082399 -0.099951 -0.006937 0.096737 0.262470 -0.014676 0.077133 -0.016359 0.102740 -0.102133 0.000328 0.099062 0.015545 -0.007087 -0.228312 0.113097 0.053582 -0.037891 0.006617 0.014891 -0.035072 -0.112424 -0.093259 -0.111544 -0.003898 -0.000490 0.112112 -0.247561 0.229561 0.074542 -0.128270
-0.377056 -0.172944 0.583848 -0.180800 0.102025 0.014067 1.000000 0.352327 0.290562 0.340293 0.368227 0.490094 0.625418 0.709446 0.263307 0.340517 -0.216659 -0.109199 -0.106469 -0.177728 -0.298040 -0.439007 -0.252076 -0.205503 -0.465830 -0.475658 -0.189474 -0.372918 0.344635 0.408478 -0.144594 -0.306678 -0.099678 -0.056762 0.068669 -0.330373 -0.107558 -0.296561 -0.063836 -0.268720 -0.070417 -0.135161 0.075640 0.194483 0.068308 -0.138011 0.093322 -0.037789 0.168333 0.124356 0.049000 0.196298 -0.184355 0.335988 -0.201091 -0.169312 -0.448292 -0.325906 0.084093 0.017657 0.109619 0.191256 -0.177286 -0.177449 -0.008032 -0.151349 -0.404453 -0.404389 -0.428613 -0.358370 0.147602 -0.239225 0.240776 0.082516 0.043146 0.016089 0.148084 0.036082 -0.180223 -0.125551 -0.144762 -0.079019 0.058609 0.030110 0.042367 -0.187406 -0.209936 -0.170177 -0.082750 -0.025249 0.047546 0.204713 0.213138 0.190244 -0.281611 -0.173544 -0.145996 -0.197411 0.029824 -0.152863 -0.115270 0.043907 -0.133194 0.143941 -0.216855 -0.289712 -0.037239 -0.071120 -0.137065 -0.109434 -0.170641 -0.207111 0.114672 0.234453 -0.095334 -0.096870
-0.531466 -0.398551 0.400494 0.594714 -0.031253 -0.044762 0.352327 1.000000 -0.063427 0.445892 -0.132297 0.596324 -0.103761 0.581556 -0.301565 0.413078 -0.328399 -0.190102 0.146617 -0.207493 -0.520942 -0.274154 -0.596111 0.135980 -0.529319 -0.203454 -0.416063 -0.304918 -0.067127 0.442906 -0.063410 0.080474 0.235085 0.271168 0.066355 -0.121757 -0.209317 -0.412045 -0.277904 0.089657 -0.075417 -0.051787 -0.039284 0.022780 0.078718 0.184660 0.008809 -0.090032 0.012024 0.110094 -0.225052 0.065419 -0.307676 -0.004627 -0.318551 -0.262611 -0.469293 -0.568549 -0.251147 -0.071409 0.118144 0.556855 0.067623 -0.085454 -0.055790 0.350732 -0.286422 -0.033828 -0.464010 -0.345708 -0.124104 -0.196049 0.055820 0.079814 -0.081439 -0.099318 -0.185151 -0.068653 -0.150875 -0.331924 -0.025865 -0.296651 0.015746 0.144888 -0.277480 0.139989 -0.094597 0.110570 -0.195225 -0.033325 -0.006382 -0.251897 0.426555 -0.071822 -0.134335 -0.135126 -0.243451 -0.350672 -0.089785 -0.217326 0.258988 0.083911 0.052440 -0.098896 0.008847 -0.143817 0.253955 -0.157809 -0.057605 -0.274828 -0.385369 -0.281994 0.282063 -0.063732 -0.025674 -0.013968
-0.002221 0.049381 0.155272 0.001283 0.300246 0.246123 0.290562 -0.063427 1.000000 0.285465 -0.060421 0.053345 0.078372 0.044601 0.335917 0.138253 -0.140189 -0.063573 -0.003748 0.070962 -0.015667 -0.119435 0.017513 -0.120491 0.100698 -0.039358 0.068620 -0.018496 -0.060639 0.049644 -0.168888 -0.309702 -0.232767 -0.167917 -0.176108 -0.317630 -0.260224 -0.226156 0.079554 0.061826 -0.208331 -0.288970 0.095605 0.102171 0.128016 0.086847 0.188757 -0.029330 -0.066295 0.162379 0.056067 0.160927 -0.018693 0.231687 -0.194563 0.157131 -0.036916 0.045528 0.180820 0.301009 0.053872 -0.020122 -0.062401 0.038117 0.124948 -0.108833 0.066809 -0.153352 -0.083102 -0.196799 -0.013514 -0.122216 -0.067260 0.031955 -0.121475 0.027396 0.008989 0.057354 -0.227856 -0.020210 -0.218480 -0.130818 -0.003588 -0.235744 0.096471 -0.146253 -0.172570 -0.083986 0.154889 0.034688 0.087138 0.083766 0.051910 0.072808 -0.282546 0.115338 -0.040948 -0.001401 0.192122 0.008982 -0.325558 0.031237 0.212193 0.113336 -0.288126 -0.270159 -0.016972 -0.169119 0.033635 -0.210368 -0.148446 -0.001938 -0.167916 0.281487 -0.107875 -0.216881
-0.470842 -0.147321 0.153997 0.336334 0.220257 0.405291 0.340293 0.445892 0.285465 1.000000 0.000248 0.598540 0.104559 0.554311 0.265585 0.609652 -0.478132 -0.361830 -0.289800 -0.205221 -0.332823 -0.136603 -0.264110 0.159552 -0.249217 -0.156612 -0.202746 -0.068154 -0.340383 0.037052 -0.424682 -0.405765 -0.261312 -0.183507 0.138540 -0.144207 -0.297790 -0.208133 -0.123049 -0.010480 -0.333060 -0.345563 -0.010975 0.198761 -0.131512 0.083138 -0.039709 -0.007410 0.028993 0.014115 0.149402 0.051528 -0.106559 -0.199811 -0.166300 -0.170089 -0.401126 -0.391160 0.293107 0.141472 0.086209 0.431375 -0.331821 -0.352246 0.314228 0.430472 -0.117772 0.018411 -0.304471 -0.227374 -0.098008 -0.177159 -0.340500 -0.131381 -0.259740 -0.061364 -0.115659 -0.060101 -0.387149 -0.271273 -0.377521 -0.490835 -0.003841 -0.270238 0.145523 0.138478 -0.330794 0.186386 0.235923 0.472732 0.177000 0.242240 0.423050 0.203318 -0.173210 -0.074128 -0.045709 -0.106105 -0.068100 -0.189502 0.142279 0.075041 -0.047434 -0.088037 -0.044457 -0.126275 -0.079950 -0.117140 -0.164286 -0.307592 -0.124681 -0.168044 0.071320 0.201022 -0.083921 -0.093595
0.143670 0.305539 0.047886 -0.564307 -0.054582 -0.085046 0.368227 -0.132297 -0.060421 0.000248 1.000000 0.112622 0.776737 0.437579 0.394080 0.109799 0.098811 -0.058213 -0.043147 -0.310025 0.096516 -0.160600 0.071101 -0.405919 -0.160562 -0.419370 0.014590 -0.192516 0.299206 -0.029293 -0.261236 -0.459801 -0.023955 -0.282488 0.058306 -0.214471 0.244733 0.197690 -0.148077 -0.267641 0.064359 0.044038 0.382104 0.413750 0.056852 -0.142913 0.172897 0.174939 0.526067 0.225067 0.313570 0.055286 -0.036106 0.058095 0.197046 0.023215 -0.057685 0.001770 0.242391 0.045998 0.282101 0.133982 -0.050294 -0.052364 -0.289550 -0.333298 -0.222668 -0.406189 -0.035013 -0.301473 0.216184 -0.089843 0.102342 0.042444 0.129229 -0.055806 0.337174 0.070540 -0.111935 -0.104802 -0.124013 0.016389 0.115451 -0.168336 0.118953 -0.465517 -0.061749 -0.192853 0.007192 0.032399 0.124892 0.012255 -0.301376 0.102372 -0.070404 -0.207627 0.205028 -0.153323 -0.208218 -0.234491 0.055473 -0.008560 -0.167118 0.048934 -0.104857 -0.074648 -0.027752 0.120715 -0.213927 -0.045158 0.186076 -0.101583 0.021896 0.236762 -0.154832 -0.169230
-0.354344 -0.219404 0.183352 0.380510 -0.052230 0.076402 0.490094 0.596324 0.053345 0.598540 0.112622 1.000000 0.258013 0.722643 0.129385 0.648745 -0.378419 -0.279201 -0.081715 -0.172704 -0.505418 -0.163757 -0.505145 0.109274 -0.596345 -0.365920 -0.330162 -0.290976 -0.110589 0.254388 -0.449026 -0.273664 -0.098376 -0.013192 0.161838 -0.102590 -0.098747 -0.071793 -0.282904 0.003129 -0.287320 -0.113158 -0.140185 0.146998 -0.246058 -0.031172 -0.153713 0.041667 -0.038219 -0.037501 -0.227129 -0.219340 -0.085875 -0.110070 -0.194950 -0.182557 -0.484456 -0.496997 0.044725 -0.118275 0.008248 0.406714 -0.258153 -0.409082 0.277940 0.476742 -0.401850 -0.143395 -0.308242 -0.359937 0.048933 -0.068004 -0.141899 0.036875 -0.084257 -0.144528 0.000759 0.120979 -0.247667 -0.186667 -0.259996 -0.456354 0.005140 0.160337 0.043474 0.287835 -0.239012 0.187148 0.110712 0.273762 0.297313 0.151146 0.398264 0.130745 -0.088165 -0.164859 -0.260199 -0.200512 -0.156689 -0.180462 0.151963 0.023344 0.114094 -0.115455 0.079107 -0.095831 0.154436 0.146633 -0.092045 -0.093732 -0.018727 -0.134189 0.125219 0.121301 -0.018021 -0.012408
-0.052263 0.214195 0.160335 -0.556116 -0.051033 -0.055197 0.625418 -0.103761 0.078372 0.104559 0.776737 0.258013 1.000000 0.570991 0.471134 0.230200 -0.059358 -0.085140 -0.157812 -0.223999 -0.103597 -0.254405 -0.018381 -0.415331 -0.297966 -0.535486 0.016555 -0.241328 0.418750 0.171548 -0.328974 -0.489288 -0.078761 -0.193573 0.164694 -0.216647 0.259384 0.055236 -0.043128 -0.280125 0.065191 0.033473 0.229533 0.354140 0.049654 -0.228074 0.126243 0.157262 0.430976 0.098288 0.216384 0.022210 -0.079477 0.194137 0.070281 0.024093 -0.198452 -0.034057 0.200048 0.020516 0.280990 0.123411 -0.152704 -0.054084 -0.209157 -0.354363 -0.415471 -0.451528 -0.192931 -0.239344 0.138317 -0.213850 0.212355 0.053854 0.191609 -0.162313 0.286577 0.086919 -0.103726 -0.017487 -0.116243 0.019388 0.120418 -0.057314 0.138974 -0.440563 -0.129344 -0.178412 0.091669 0.066947 0.188484 0.254694 -0.135891 0.187169 -0.187250 -0.228632 0.124949 -0.092792 -0.052455 -0.243329 -0.133849 0.037411 -0.168787 0.078929 -0.100104 -0.102895 -0.040665 0.131874 -0.198397 -0.084174 0.173022 -0.145182 -0.043832 0.290153 -0.131328 -0.061386
-0.405322 -0.091086 0.309421 0.023337 -0.070298 0.027471 0.709446 0.581556 0.044601 0.554311 0.437579 0.722643 0.570991 1.000000 0.197654 0.502205 -0.321733 -0.205134 -0.199676 -0.367285 -0.381731 -0.294828 -0.399033 -0.137275 -0.530589 -0.486741 -0.330959 -0.352147 0.171847 0.388517 -0.321559 -0.330689 0.019105 0.072477 0.172645 -0.168107 0.031799 -0.195597 -0.299493 -0.138213 -0.076061 -0.069490 0.050347 0.193475 -0.032368 -0.054700 -0.051208 -0.043254 0.213633 0.015476 -0.009546 -0.026944 -0.293675 0.005965 -0.168346 -0.208798 -0.515661 -0.402205 -0.042442 -0.020448 0.164623 0.529348 -0.104171 -0.225926 -0.092838 0.116517 -0.498581 -0.270091 -0.408606 -0.401119 0.023771 -0.164847 0.123750 0.116123 0.039624 -0.049142 0.136545 0.055162 -0.195665 -0.156307 -0.160029 -0.242243 0.048795 -0.072776 0.021342 -0.121063 -0.225932 -0.008963 -0.083024 0.126711 0.083953 0.060711 0.205228 0.177155 -0.305693 -0.287006 -0.167274 -0.240698 -0.110937 -0.238266 0.138770 0.005851 -0.035286 -0.067634 -0.079921 -0.274246 0.061451 0.033685 -0.200506 -0.308524 -0.157568 -0.207814 0.097228 0.182207 -0.196576 -0.147989
0.103087 0.345615 0.094380 -0.329783 0.052339 0.214547 0.263307 -0.301565 0.335917 0.265585 0.394080 0.129385 0.471134 0.197654 1.000000 0.009019 -0.076038 -0.154006 -0.207931 -0.215339 0.119608 0.062232 0.422515 -0.189970 0.044235 -0.178879 0.179662 0.042802 -0.055821 -0.258658 -0.318784 -0.531209 -0.275336 -0.408157 0.169630 -0.206910 -0.174275 -0.177398 0.041478 -0.043392 -0.444125 -0.455485 -0.033392 0.119145 -0.256501 -0.167167 -0.069639 -0.125988 -0.013340 -0.031701 0.374541 0.042262 0.005689 0.105918 0.031745 0.048115 -0.033442 0.167755 0.428781 0.114957 0.026498 -0.096453 -0.273168 -0.151108 0.329521 0.037530 0.062528 -0.074416 0.128146 0.014752 -0.043984 -0.182544 -0.307281 -0.255048 -0.222565 -0.254552 0.148012 -0.052521 -0.174366 0.024420 -0.331152 -0.073694 0.432150 -0.442752 0.599310 -0.039623 0.036269 0.171504 0.587015 0.380677 0.048984 0.255674 0.004190 0.374465 -0.206557 -0.250460 0.030176 -0.061006 -0.133004 -0.086820 -0.025045 0.120651 -0.141448 -0.126646 -0.265116 -0.120105 -0.152207 -0.038598 -0.249734 -0.032989 0.027767 0.118540 -0.049332 0.133636 -0.132411 -0.210074
-0.158402 -0.135722 0.010314 0.238271 0.126506 0.006668 0.340517 0.413078 0.138253 0.609652 0.109799 0.648745 0.230200 0.502205 0.009019 1.000000 -0.212013 -0.163905 -0.034399 -0.061130 -0.453069 -0.243352 -0.540023 0.132734 -0.532289 -0.351263 -0.351125 -0.339620 0.039891 0.364960 -0.521793 -0.332786 -0.016504 -0.090864 -0.009999 -0.205448 0.046879 -0.029410 -0.180429 -0.103680 0.036954 0.094056 -0.046148 0.251667 -0.119057 -0.035669 -0.017974 0.107772 0.089508 0.077094 -0.082655 -0.041038 0.074684 -0.038732 0.018761 0.048359 -0.251223 -0.320828 0.060728 -0.116486 0.299474 0.427217 -0.027141 -0.106893 -0.003959 0.175555 -0.436078 -0.341504 -0.268732 -0.324500 0.027741 -0.177752 0.068998 0.057535 0.080586 -0.132800 0.031850 -0.080371 -0.256802 -0.203486 -0.074784 -0.283943 -0.076401 0.305062 -0.265478 0.111304 -0.316082 0.153423 0.030338 0.305584 0.122918 0.294571 0.272754 0.099141 0.012859 -0.173595 -0.110388 -0.162532 -0.040025 -0.140116 -0.007291 -0.152874 0.069092 -0.080262 0.039403 -0.137354 0.084027 0.074388 -0.108935 -0.181855 -0.133499 -0.220725 0.077725 0.088753 -0.102221 -0.075629
0.492342 0.099635 -0.386547 -0.361135 -0.177265 -0.073289 -0.216659 -0.328399 -0.140189 -0.478132 0.098811 -0.378419 -0.059358 -0.321733 -0.076038 -0.212013 1.000000 0.700370 0.120136 0.074183 0.267320 -0.049670 -0.012805 -0.370036 0.027492 0.001749 0.059311 -0.035563 0.473033 0.185732 0.065255 -0.066368 0.190613 -0.097087 -0.045249 -0.251526 0.238848 0.056719 -0.149974 -0.004238 0.362596 0.323280 -0.049785 -0.232981 0.014183 -0.205089 0.132887 -0.097237 -0.146047 0.100236 -0.111865 0.051752 -0.134710 0.182272 0.139487 0.042692 0.575842 0.460805 -0.317125 -0.068210 0.026647 -0.088897 0.597413 0.467860 -0.451577 -0.390624 -0.043931 -0.276655 0.132640 0.014397 0.072724 -0.019740 0.404510 0.164763 0.221454 0.009329 0.155732 -0.140411 0.590692 0.460505 0.674094 0.615190 -0.123494 0.271349 -0.088601 -0.054615 0.048704 -0.136795 -0.252875 -0.244066 -0.222328 -0.121290 -0.248177 -0.177845 0.261064 0.115894 0.061651 0.127058 0.115857 0.280501 0.163778 -0.150764 0.068674 0.000591 0.041514 0.142652 0.009672 0.138243 0.184326 0.257619 -0.160561 -0.054082 -0.000216 -0.110933 0.195396 -0.032442
0.229849 -0.038081 -0.310834 -0.334410 -0.416180 -0.211738 -0.109199 -0.190102 -0.063573 -0.361830 -0.058213 -0.279201 -0.085140 -0.205134 -0.154006 -0.163905 0.700370 1.000000 0.084041 -0.001397 0.094015 -0.186668 -0.142566 -0.453950 -0.069192 -0.164098 -0.137716 -0.148249 0.434575 0.430633 -0.037674 -0.026471 0.244174 -0.055273 -0.117420 -0.309002 0.181508 0.000939 -0.064710 0.171513 0.411362 0.298537 -0.163178 -0.418819 0.008546 -0.326317 0.097926 -0.194027 -0.130507 0.074965 -0.172851 0.042205 -0.110735 0.098458 -0.026014 -0.054929 0.434869 0.355708 -0.263970 0.135277 -0.057586 0.053813 0.620679 0.570080 -0.309770 -0.408609 -0.126611 -0.459276 -0.091631 -0.063559 0.094488 -0.017245 0.576034 0.392784 0.378535 0.228811 0.278676 0.012794 0.639617 0.618108 0.630198 0.663099 -0.212294 0.241534 -0.023579 -0.144609 -0.120451 -0.135403 -0.349582 -0.188913 -0.097057 0.003049 -0.102447 -0.045892 0.063864 0.234858 -0.176738 0.002437 0.264467 0.418482 0.017742 -0.008387 0.071569 -0.013395 0.098171 0.132307 -0.218774 0.162915 0.468187 0.173018 -0.265204 -0.025122 0.077341 -0.150117 0.230127 0.076171
0.420584 0.320278 0.172456 0.106118 0.113827 -0.068836 -0.106469 0.146617 -0.003748 -0.289800 -0.043147 -0.081715 -0.157812 -0.199676 -0.207931 -0.034399 0.120136 0.084041 1.000000 0.342684 -0.111281 -0.126624 -0.203583 -0.233440 -0.214222 -0.098484 -0.112845 -0.087335 0.048254 -0.044792 0.022263 0.106504 0.455139 0.096241 -0.199623 -0.254975 -0.237847 -0.189452 -0.035288 0.239322 -0.056326 -0.013876 -0.090390 -0.180427 -0.005383 -0.073054 -0.106585 -0.169169 -0.005612 0.036121 -0.248089 -0.111857 0.070005 -0.073323 0.065332 0.150742 0.220875 0.229197 -0.102886 -0.020086 0.085678 0.050296 0.161941 0.317249 -0.075352 -0.061758 0.122611 -0.069361 0.233088 0.061201 -0.072223 -0.134558 0.043055 -0.175361 -0.123428 -0.199562 -0.264776 -0.121411 -0.036780 -0.133942 0.071638 0.012237 -0.065768 0.231112 -0.259162 -0.079380 0.057957 0.000737 -0.161077 -0.147693 -0.228761 -0.265940 -0.082310 -0.171347 0.120482 -0.009370 -0.062666 -0.080377 0.009849 -0.230399 -0.006734 -0.235548 0.134139 -0.271187 -0.091081 0.002702 -0.079802 -0.045896 0.137010 0.166095 -0.181629 -0.165634 0.175203 -0.243267 0.012101 -0.134731
0.357747 0.114516 -0.195698 0.019148 0.320331 0.140320 -0.177728 -0.207493 0.070962 -0.205221 -0.310025 -0.172704 -0.223999 -0.367285 -0.215339 -0.061130 0.074183 -0.001397 0.342684 1.000000 -0.107597 -0.138380 -0.128611 0.114488 -0.075587 0.064369 0.050641 0.109364 -0.058043 -0.154197 0.058807 0.211443 0.006029 0.034429 -0.052364 0.156630 -0.199840 -0.021884 -0.159758 -0.009701 -0.080869 -0.072483 -0.061809 -0.095581 -0.129583 -0.046922 -0.069729 0.060059 -0.247384 -0.279295 -0.364185 -0.238816 0.083187 0.021177 -0.017857 0.070575 0.267754 0.266265 -0.139746 -0.135793 -0.087786 -0.127058 -0.030785 0.068437 0.051050 0.064508 -0.009927 0.240400 0.241110 0.401072 -0.034638 -0.032942 0.062595 -0.040974 0.014543 -0.074618 -0.231711 0.001790 -0.099210 0.000685 -0.033397 0.003446 -0.127486 0.203448 -0.209122 0.040012 0.115238 -0.164600 -0.071186 -0.023458 -0.012073 0.109549 0.065898 -0.022910 0.089498 0.117727 -0.173726 0.294400 0.113159 0.132494 -0.217494 -0.113876 0.138249 -0.101858 -0.034116 0.147830 0.040287 0.167619 0.243796 0.256630 0.220703 0.068140 -0.119436 -0.186583 0.123173 0.297175
0.319482 0.207150 -0.137851 -0.169091 -0.152616 0.147333 -0.298040 -0.520942 -0.015667 -0.332823 0.096516 -0.505418 -0.103597 -0.381731 0.119608 -0.453069 0.267320 0.094015 -0.111281 -0.107597 1.000000 0.622410 0.572109 -0.001268 0.577373 0.476464 0.559128 0.543160 -0.052874 -0.333778 0.380425 0.152857 -0.036726 -0.102649 0.039174 0.145188 0.045842 0.268313 0.139795 -0.093797 0.009275 0.114461 0.055119 -0.093491 0.010702 -0.025597 -0.081854 -0.157479 0.017413 -0.025401 0.216130 0.119449 0.055753 0.048492 0.175673 -0.046296 0.210566 0.270524 0.118666 0.078413 -0.308543 -0.452205 0.041355 -0.039391 -0.170388 -0.171728 0.375612 0.227873 0.363449 0.179503 0.051653 0.262694 -0.047877 -0.121993 0.012445 0.130178 0.048913 0.072402 0.166597 0.161493 0.089447 0.191416 0.031550 -0.289936 0.254903 -0.078154 0.179417 -0.180701 0.162179 0.028719 -0.250623 -0.162070 -0.300222 -0.036513 -0.041368 0.072582 0.212003 0.113314 0.029873 0.109373 -0.002140 0.130218 -0.138636 0.011003 0.006662 -0.189965 -0.102439 0.012186 -0.173009 0.011772 0.071938 0.294396 -0.073090 0.095018 -0.181218 -0.406768
0.105286 0.116399 -0.247616 0.274140 -0.250652 0.167744 -0.439007 -0.274154 -0.119435 -0.136603 -0.160600 -0.163757 -0.254405 -0.294828 0.062232 -0.243352 -0.049670 -0.186668 -0.126624 -0.138380 0.622410 1.000000 0.454256 0.323580 0.415877 0.604197 0.301944 0.474643 -0.381414 -0.386240 0.179818 0.182632 -0.088198 0.023067 0.338600 0.305282 0.041719 0.293297 0.211920 0.104960 -0.244232 0.104653 -0.105484 -0.097446 -0.282041 0.141727 -0.318669 -0.091673 -0.324170 -0.232660 0.025522 -0.251650 0.013241 -0.287017 0.043142 -0.098513 0.013943 -0.016087 0.091161 -0.050761 -0.295156 -0.313913 -0.173896 -0.178712 0.203148 0.349648 0.343208 0.490330 0.270697 0.070852 -0.001193 0.409838 -0.317553 -0.157274 -0.091904 0.055604 0.031994 0.186150 0.045009 0.074776 -0.085032 -0.105619 0.158132 -0.227189 0.371247 0.404643 0.278885 0.159418 0.323671 0.076347 -0.304534 -0.257341 -0.251641 -0.204600 0.027919 -0.137288 0.033573 0.048785 -0.331358 -0.032979 0.054097 0.061028 -0.134937 -0.218464 0.152907 -0.043241 0.049296 -0.058676 -0.375535 -0.056394 0.211624 0.361026 -0.117747 0.087117 -0.069305 -0.323283
0.160087 0.228931 0.003692 -0.216207 0.027907 0.048168 -0.252076 -0.596111 0.017513 -0.264110 0.071101 -0.505145 -0.018381 -0.399033 0.422515 -0.540023 -0.012805 -0.142566 -0.203583 -0.128611 0.572109 0.454256 1.000000 0.298267 0.697281 0.418735 0.528367 0.392224 -0.168302 -0.579293 0.250157 0.059062 -0.142650 -0.178885 0.059583 0.156184 -0.044321 0.062343 0.319741 -0.148405 -0.163745 -0.264639 0.124866 0.074750 -0.002328 -0.009171 -0.026986 -0.018371 -0.018565 -0.107085 0.470192 0.145026 0.051265 -0.000111 0.065901 0.009351 0.068511 0.182827 0.273695 -0.010665 -0.190967 -0.522615 -0.324743 -0.176983 0.274295 -0.046275 0.351035 0.269360 0.314659 0.253183 0.050168 0.185599 -0.311445 -0.328708 -0.219306 0.052389 0.068001 0.049378 -0.023130 0.119980 -0.206540 0.032282 0.287487 -0.498846 0.517127 0.022518 0.315449 0.038076 0.411653 0.044075 -0.146483 -0.001487 -0.236804 0.062048 -0.135670 0.085252 0.129391 0.171535 -0.113170 -0.130992 -0.201400 0.053247 -0.257764 0.048298 -0.208918 0.045448 -0.125348 -0.092638 -0.160969 0.026511 0.230316 0.312138 -0.033334 0.128228 -0.120570 -0.126529
-0.297518 -0.342041 0.065391 0.556757 0.177633 0.050011 -0.205503 0.135980 -0.120491 0.159552 -0.405919 0.109274 -0.415331 -0.137275 -0.189970 0.132734 -0.370036 -0.453950 -0.233440 0.114488 -0.001268 0.323580 0.298267 1.000000 0.263063 0.522605 0.106299 0.223433 -0.384522 -0.287628 0.218178 0.430624 -0.145752 0.072610 0.075771 0.409757 -0.086116 0.045226 -0.020593 -0.294349 -0.148943 -0.126469 -0.040284 0.147693 -0.092609 0.231204 -0.140926 0.180521 -0.220671 -0.245275 0.043698 -0.043991 0.027004 -0.126978 -0.264919 -0.229158 -0.312902 -0.434473 -0.026171 -0.419716 -0.118245 -0.215888 -0.333166 -0.464577 0.416036 0.502934 0.050162 0.469320 -0.035744 0.069720 0.064828 0.262246 -0.328074 -0.166679 -0.178289 0.093756 -0.166373 0.080652 -0.245843 -0.093979 -0.185180 -0.375578 0.078336 0.012907 0.048359 0.544969 0.252596 0.182647 0.176283 0.041618 0.041202 0.048090 0.160432 -0.000441 -0.031622 0.021026 -0.160712 0.078866 -0.174543 -0.187839 -0.139378 -0.004518 -0.159026 0.113949 -0.002958 0.041721 0.295342 -0.151405 -0.193474 -0.097063 0.186573 0.190754 0.158026 0.118271 -0.009872 0.136847
0.146432 0.175881 -0.090108 -0.015410 0.083545 0.142161 -0.465830 -0.529319 0.100698 -0.249217 -0.160562 -0.596345 -0.297966 -0.530589 0.044235 -0.532289 0.027492 -0.069192 -0.214222 -0.075587 0.577373 0.415877 0.697281 0.263063 1.000000 0.674573 0.474399 0.469861 -0.197390 -0.470511 0.440165 0.293523 -0.141972 0.042171 0.021642 0.357374 0.046625 0.215633 0.422209 -0.077192 0.069270 -0.090756 0.022802 -0.119180 0.098426 0.123150 -0.056485 -0.091884 -0.048499 -0.124907 0.306427 0.062416 0.074474 -0.164166 0.077903 0.009299 0.167991 0.234571 0.075823 -0.033223 -0.196467 -0.594173 -0.106503 -0.131040 0.138538 -0.000741 0.443542 0.442148 0.308838 0.255197 0.043299 0.328173 -0.208043 -0.169398 -0.134921 0.200204 -0.001884 0.178775 -0.029985 0.001945 -0.072151 0.063653 -0.034631 -0.434716 0.181617 0.048398 0.165707 -0.095715 0.138437 -0.125300 -0.104657 -0.193305 -0.385518 -0.143000 -0.061319 0.260890 0.153139 0.242262 0.007033 0.132976 -0.210320 0.076887 -0.131911 0.189149 -0.035576 -0.028463 -0.025286 -0.178102 -0.138869 -0.130844 0.222189 0.420342 -0.073398 0.192625 -0.079224 -0.148413
0.015840 -0.045250 -0.134409 0.434894 0.008258 0.353644 -0.475658 -0.203454 -0.039358 -0.156612 -0.419370 -0.365920 -0.535486 -0.486741 -0.178879 -0.351263 0.001749 -0.164098 -0.098484 0.064369 0.476464 0.604197 0.418735 0.522605 0.674573 1.000000 0.363411 0.571065 -0.322084 -0.391839 0.455524 0.467569 -0.073182 0.231961 0.092183 0.474505 -0.135899 0.167057 0.165085 -0.103359 -0.048021 -0.028472 -0.006312 -0.064133 0.030449 0.348711 -0.085902 -0.059337 -0.354663 -0.215398 0.039433 -0.038426 -0.059023 -0.189261 -0.089818 -0.165127 0.086472 0.002649 -0.109977 -0.227658 -0.293987 -0.500529 -0.015225 -0.242334 0.139752 0.322634 0.268906 0.622624 0.219448 0.189165 0.015093 0.418528 -0.260097 -0.186996 -0.207227 0.109878 -0.112409 0.176712 -0.038310 -0.029314 -0.008355 -0.078684 -0.044101 -0.211143 0.028545 0.343965 0.186524 -0.020253 0.026815 -0.138178 -0.199998 -0.332050 -0.170101 -0.238923 0.036268 0.076294 0.071872 0.194199 -0.150823 -0.102966 -0.026062 -0.095725 -0.133928 0.171555 0.276284 0.007088 0.133832 -0.226376 -0.163787 -0.120196 0.090865 0.403552 -0.008766 0.236079 0.154825 -0.155721
0.105841 0.030734 0.014409 -0.122141 0.151264 0.227066 -0.189474 -0.416063 0.068620 -0.202746 0.014590 -0.330162 0.016555 -0.330959 0.179662 -0.351125 0.059311 -0.137716 -0.112845 0.050641 0.559128 0.301944 0.528367 0.106299 0.474399 0.363411 1.000000 0.748222 -0.260649 -0.563375 0.061014 -0.058357 -0.297906 -0.207198 -0.002593 0.240650 -0.147402 0.147418 0.047409 -0.172086 -0.167188 -0.142247 0.261876 0.265939 0.162506 0.076542 0.194361 0.074648 0.204589 -0.074184 0.410832 0.197106 0.185973 0.308957 -0.094122 -0.083263 0.119607 0.124392 0.164315 -0.029135 -0.151060 -0.481510 -0.055806 -0.233900 0.055628 -0.041124 0.093434 0.306377 0.212974 0.217009 -0.087015 0.038278 -0.297502 -0.311801 -0.155619 -0.049910 -0.121716 -0.020716 -0.119950 0.094068 -0.159056 -0.059355 -0.046849 -0.406099 0.236385 -0.056650 -0.019343 -0.408380 0.239840 0.044237 0.233338 0.064478 -0.086434 0.001041 -0.107943 0.210841 0.242818 0.316244 0.105169 -0.120275 -0.258898 0.038231 -0.045870 0.085664 -0.075798 0.163706 -0.028200 0.105713 -0.044262 0.204194 0.353215 0.095317 -0.234263 0.151933 -0.038537 -0.166219
0.085414 0.029609 -0.088032 0.124722 0.087431 0.457076 -0.372918 -0.304918 -0.018496 -0.068154 -0.192516 -0.290976 -0.241328 -0.352147 0.042802 -0.339620 -0.035563 -0.148249 -0.087335 0.109364 0.543160 0.474643 0.392224 0.223433 0.469861 0.571065 0.748222 1.000000 -0.514541 -0.626264 0.048351 0.064315 -0.279523 -0.157656 0.149603 0.335337 -0.280980 0.051461 0.084946 -0.104766 -0.234816 -0.223442 0.075147 0.034240 -0.060847 0.117323 -0.019762 -0.097354 0.019412 -0.296256 0.164602 0.150008 0.074804 0.051669 -0.115131 -0.098761 0.172175 0.136800 0.178147 -0.003810 -0.180713 -0.301547 0.019551 -0.163945 0.101157 0.216417 0.259780 0.511545 0.281095 0.340609 -0.219535 0.121735 -0.479749 -0.370747 -0.365906 -0.062203 -0.330483 -0.088568 -0.119889 0.125246 -0.069589 -0.098301 -0.042803 -0.438091 0.274896 0.168518 0.074992 -0.251760 0.216230 0.198454 0.076679 -0.093752 -0.079400 -0.064356 -0.028227 0.132107 0.163766 0.286179 -0.004058 -0.140165 -0.055548 -0.050988 -0.141101 -0.055829 0.076731 0.127487 -0.071389 0.050434 -0.071291 0.148444 0.247722 0.179656 -0.314968 0.057039 0.148345 -0.196443
0.130701 -0.027352 0.018161 -0.439923 -0.184468 -0.309803 0.344635 -0.067127 -0.060639 -0.340383 0.299206 -0.110589 0.418750 0.171847 -0.055821 0.039891 0.473033 0.434575 0.048254 -0.058043 -0.052874 -0.381414 -0.168302 -0.384522 -0.197390 -0.322084 -0.260649 -0.514541 1.000000 0.631305 0.273665 0.095034 0.205636 0.137054 -0.084100 -0.336174 0.389992 -0.060819 -0.037208 -0.157434 0.523812 0.338111 0.030138 -0.048856 0.248488 -0.169154 0.139398 0.045525 0.061096 0.220594 -0.020376 0.003902 -0.197048 0.387092 0.069852 0.068983 0.034433 0.103422 -0.425377 -0.217917 0.081576 -0.060191 0.331476 0.275177 -0.495796 -0.624171 -0.384381 -0.553125 -0.141869 -0.151339 0.279828 -0.014707 0.814707 0.268411 0.433706 0.168201 0.247961 0.059802 0.398347 0.287999 0.441977 0.563885 -0.130512 0.421353 -0.267110 -0.355889 -0.054132 -0.188906 -0.405947 -0.427016 -0.180373 0.034896 -0.152418 -0.016820 -0.049387 -0.063979 0.010100 -0.133247 0.233025 0.158877 0.006575 -0.039008 -0.028540 0.305644 -0.076693 -0.164558 -0.014040 0.057412 0.092615 -0.065719 -0.183103 -0.127586 0.134662 0.028470 -0.045906 0.064680
-0.239596 -0.306586 0.067079 0.001721 -0.302469 -0.310466 0.408478 0.442906 0.049644 0.037052 -0.029293 0.254388 0.171548 0.388517 -0.258658 0.364960 0.185732 0.430633 -0.044792 -0.154197 -0.333778 -0.386240 -0.579293 -0.287628 -0.470511 -0.391839 -0.563375 -0.626264 0.631305 1.000000 0.098354 0.113723 0.314840 0.329711 -0.074728 -0.296521 0.269654 -0.164437 -0.106215 0.021238 0.473356 0.417721 -0.173595 -0.229782 0.151090 -0.112647 0.073536 -0.071186 -0.084973 0.254419 -0.311410 0.054944 -0.268954 0.212768 -0.105641 -0.057995 -0.170339 -0.156784 -0.409137 0.025582 0.059782 0.342163 0.349027 0.311210 -0.410021 -0.346717 -0.391847 -0.522406 -0.408075 -0.296659 0.120411 -0.069751 0.746752 0.539110 0.452151 0.196832 0.263286 0.080399 0.338445 0.143782 0.407032 0.309550 -0.111028 0.507778 -0.410534 -0.179767 -0.235593 0.007332 -0.421231 -0.295986 -0.157123 0.031436 0.130989 -0.080559 -0.059893 -0.148004 -0.271689 -0.291731 0.139784 0.198244 0.027307 0.019813 0.122422 0.115697 0.063737 -0.317458 0.059873 -0.105472 0.113608 -0.216288 -0.482901 -0.167510 0.108097 -0.035586 -0.093620 0.058030
-0.023621 -0.133123 0.235860 0.080513 -0.022769 -0.151421 -0.144594 -0.063410 -0.168888 -0.424682 -0.261236 -0.449026 -0.328974 -0.321559 -0.318784 -0.521793 0.065255 -0.037674 0.022263 0.058807 0.380425 0.179818 0.250157 0.218178 0.440165 0.455524 0.061014 0.048351 0.273665 0.098354 1.000000 0.775309 0.181370 0.443515 -0.022356 0.247469 0.000521 -0.022242 0.165883 -0.092821 0.182225 0.130359 -0.107300 -0.305841 0.200892 0.156346 -0.133321 -0.180472 -0.159458 0.010838 -0.007454 0.037792 -0.204339 0.037939 -0.113581 -0.211700 -0.032339 0.021921 -0.306413 -0.181342 -0.310333 -0.423633 0.020016 -0.043031 -0.078067 -0.114246 0.355454 0.345537 0.159305 0.197214 0.181542 0.261969 0.243272 0.074150 0.072116 0.353094 -0.049895 0.186382 0.201368 -0.022440 0.116876 0.145992 -0.120478 0.070421 -0.184180 -0.014720 0.202118 -0.097242 -0.237067 -0.448285 -0.363406 -0.286477 -0.167510 -0.214464 -0.061585 -0.003382 -0.120945 -0.014670 0.058522 0.180141 -0.046630 0.080693 -0.094135 0.308648 -0.011813 -0.311990 0.066795 -0.305472 -0.079569 -0.120806 -0.140365 0.258201 0.116826 -0.019439 -0.154193 -0.004528
-0.103535 -0.336661 0.071608 0.319709 -0.001542 -0.151962 -0.306678 0.080474 -0.309702 -0.405765 -0.459801 -0.273664 -0.489288 -0.330689 -0.531209 -0.332786 -0.066368 -0.026471 0.106504 0.211443 0.152857 0.182632 0.059062 0.430624 0.293523 0.467569 -0.058357 0.064315 0.095034 0.113723 0.775309 1.000000 0.249347 0.585511 0.059368 0.478196 0.091777 0.052871 0.093668 -0.106147 0.238626 0.255957 -0.198068 -0.318010 0.071957 0.232621 -0.234714 -0.062995 -0.305281 -0.166551 -0.242281 -0.163893 -0.063886 -0.032888 -0.106214 -0.107356 -0.080289 -0.165007 -0.413415 -0.390695 -0.254259 -0.347576 0.042179 -0.085316 -0.041859 0.068037 0.213862 0.453858 0.051270 0.181366 0.104267 0.363120 0.219899 0.158220 0.135447 0.258262 -0.050211 0.278313 0.237613 0.033845 0.167544 -0.016998 -0.095459 0.308744 -0.301145 0.146899 0.252228 0.098847 -0.237056 -0.427144 -0.186904 -0.232173 -0.115050 -0.198611 0.043106 -0.074974 -0.145777 -0.060314 -0.007682 0.129345 -0.125303 0.031048 -0.125476 0.242054 0.120070 -0.160343 0.070371 -0.220073 -0.021746 -0.065290 -0.007845 0.234442 0.069162 -0.169438 -0.095493 0.201249
0.172461 0.210555 0.013325 0.067029 -0.153043 -0.348757 -0.099678 0.235085 -0.232767 -0.261312 -0.023955 -0.098376 -0.078761 0.019105 -0.275336 -0.016504 0.190613 0.244174 0.455139 0.006029 -0.036726 -0.088198 -0.142650 -0.145752 -0.141972 -0.073182 -0.297906 -0.279523 0.205636 0.314840 0.181370 0.249347 1.000000 0.552311 -0.083290 -0.032098 0.157067 -0.077655 -0.016320 0.212876 0.378012 0.155205 -0.050065 -0.319146 0.108812 0.006031 -0.136869 -0.221195 0.028230 0.121560 -0.312444 0.048673 -0.309546 -0.218477 0.176629 -0.031894 -0.061800 0.075801 -0.349452 -0.130045 0.170711 0.261344 0.254337 0.408874 -0.283444 -0.064449 -0.112874 -0.058134 0.060627 -0.045140 -0.147425 -0.148880 0.267155 0.064495 -0.025201 -0.104727 0.011061 -0.102496 0.309941 -0.030246 0.272611 0.074266 0.015139 0.228137 -0.349623 -0.233438 0.096503 0.052148 -0.267952 -0.275940 -0.332423 -0.517724 -0.053048 -0.176554 0.049097 -0.141212 -0.200767 -0.223485 -0.168366 -0.119390 -0.030208 -0.295727 0.118059 -0.219965 0.219105 -0.048525 0.073266 -0.130613 0.080357 -0.118238 -0.382589 0.012109 0.175321 -0.156310 0.087447 -0.062023
-0.140572 -0.084164 0.050088 0.256924 -0.002305 -0.099504 -0.056762 0.271168 -0.167917 -0.183507 -0.282488 -0.013192 -0.193573 0.072477 -0.408157 -0.090864 -0.097087 -0.055273 0.096241 0.034429 -0.102649 0.023067 -0.178885 0.072610 0.042171 0.231961 -0.207198 -0.157656 0.137054 0.329711 0.443515 0.585511 0.552311 1.000000 0.100144 0.478408 0.098719 0.003976 0.046471 0.207581 0.290302 0.211999 -0.133251 -0.254870 0.162811 0.298726 -0.171615 -0.171694 -0.152795 -0.014687 -0.294056 -0.124804 -0.305379 -0.137430 0.006685 -0.084717 -0.195685 -0.121819 -0.430634 -0.140003 0.010773 0.101948 -0.033204 0.031714 -0.210416 0.054592 -0.091915 0.294562 -0.077638 -0.030220 -0.115644 0.085193 0.167162 0.097197 -0.021383 -0.036247 0.089027 0.180365 0.214894 -0.101665 0.025276 -0.180211 -0.096954 0.173827 -0.439319 -0.155665 0.071768 0.056293 -0.298425 -0.376228 -0.210150 -0.423617 -0.082935 -0.262068 -0.102073 -0.199003 -0.160159 -0.119325 -0.110553 -0.054110 -0.118422 -0.248907 0.109084 0.178422 0.308374 -0.148103 0.162394 -0.168939 0.054232 -0.219216 -0.228915 0.204626 -0.112763 -0.040147 -0.097530 0.075757
-0.089653 -0.035492 0.032208 0.067062 -0.021743 0.100290 0.068669 0.066355 -0.176108 0.138540 0.058306 0.161838 0.164694 0.172645 0.169630 -0.009999 -0.045249 -0.117420 -0.199623 -0.052364 0.039174 0.338600 0.059583 0.075771 0.021642 0.092183 -0.002593 0.149603 -0.084100 -0.074728 -0.022356 0.059368 -0.083290 0.100144 1.000000 0.165345 0.039088 -0.008518 0.247203 0.062854 -0.070960 -0.052319 -0.109553 -0.082261 -0.363856 -0.025963 -0.200581 -0.196382 -0.078695 -0.241620 -0.010711 -0.176648 -0.130153 -0.082731 -0.055964 -0.150066 -0.126684 -0.173244 0.006421 -0.222392 0.099622 0.029814 -0.139055 -0.151775 0.060806 0.311416 0.085408 0.315885 -0.201145 -0.071341 -0.302446 -0.111670 -0.105931 -0.144103 -0.109481 -0.276797 -0.028347 0.072541 0.180901 -0.035136 -0.000141 -0.081542 0.168734 -0.132609 0.237064 0.260831 0.172570 0.056233 0.230929 0.008788 -0.067766 -0.256576 0.014738 -0.222580 -0.127457 -0.174683 -0.054693 -0.072236 -0.224455 -0.130379 0.146241 -0.038439 -0.509214 -0.234526 0.001903 -0.010938 0.042232 0.085985 -0.332944 -0.189966 0.190436 -0.003246 -0.079519 0.040823 0.049638 -0.021483
-0.146311 -0.072139 -0.193245 0.168686 0.085409 0.113436 -0.330373 -0.121757 -0.317630 -0.144207 -0.214471 -0.102590 -0.216647 -0.168107 -0.206910 -0.205448 -0.251526 -0.309002 -0.254975 0.156630 0.145188 0.305282 0.156184 0.409757 0.357374 0.474505 0.240650 0.335337 -0.336174 -0.296521 0.247469 0.478196 -0.032098 0.478408 0.165345 1.000000 0.073401 0.363528 -0.073310 -0.111014 -0.092738 0.105200 -0.099327 -0.044411 -0.157129 0.198247 -0.219265 0.067925 -0.121345 -0.357174 -0.119637 -0.232747 0.089807 -0.222613 0.018444 -0.168580 -0.057003 -0.123042 -0.005330 -0.190282 -0.010319 -0.162566 -0.202907 -0.329481 0.061516 0.315225 0.066217 0.586858 0.028237 0.114112 -0.009532 0.312913 -0.220551 0.027910 0.032607 0.047168 0.126651 0.349031 -0.077582 -0.112020 -0.230669 -0.372340 -0.016804 -0.051337 -0.089044 0.084148 0.098723 -0.005917 -0.012722 0.023232 0.190862 -0.061132 -0.100453 -0.053645 0.103525 -0.107604 0.055779 0.250558 -0.100964 -0.011802 -0.143772 -0.033177 0.019379 0.191441 0.319117 0.136362 0.104074 -0.044931 -0.039422 0.038232 0.331890 0.515513 -0.225399 -0.005923 -0.021594 0.168084
