1.000000 0.377807 -0.007459 -0.065107 0.076960 -0.038121 0.195964 -0.133556 0.259025 -0.000861 0.399493 0.385211 0.176518 0.183368 0.224173 0.204025 0.053533 0.148373 0.200807 0.085517 -0.028580 -0.127144 0.257621 0.087615 0.202719 0.007943 0.017598 -0.059538 0.299121 0.101728 0.246085 0.195548 0.072380 0.057670 -0.222226 -0.188318 -0.254532 -0.394218 -0.335061 -0.412817 -0.250559 -0.199145 -0.211418 -0.123959 -0.243259 -0.254881 -0.138141 -0.388359 -0.080236 -0.025156 -0.165118 0.010171 0.030267 0.060916 -0.247618 -0.234245 0.208159 0.124552 0.177024 -0.076439 0.256825 0.244389 -0.045367 0.081214 0.251348 0.148711 -0.129032 -0.410967 -0.108353 -0.051081 0.109165 -0.092942 0.011584 0.083993 0.080521 0.204543 0.155617 -0.075952 0.102121 0.114995 0.038978 0.067553 0.395744 0.304093 0.401923 0.065246 0.134092 -0.038481 0.287524 -0.062838 -0.096332 -0.166043 -0.047782 -0.186895 -0.197954 -0.404094 -0.424435 -0.390358 -0.306382 -0.160116 -0.127415 0.186100 -0.227675 -0.193529 -0.413578 -0.260744 -0.032965 -0.025400 -0.319901 -0.130714 -0.331537 -0.055676 -0.327610 -0.200399 -0.266860 0.070343
0.377807 1.000000 -0.507761 -0.038213 -0.311324 -0.183154 -0.115642 -0.026618 -0.192438 0.066364 0.043514 0.260745 0.003325 0.337130 -0.013672 0.216435 0.092540 0.288112 -0.167550 0.391635 -0.240270 -0.104993 -0.369560 -0.210000 -0.232752 -0.373004 -0.301557 -0.328959 0.145636 0.216197 -0.138551 -0.113975 0.065484 0.035996 -0.310325 -0.084613 -0.141232 -0.128697 -0.312532 -0.286207 -0.061611 0.096221 -0.133331 -0.217119 -0.059942 -0.322508 -0.070154 -0.323126 0.160149 0.026616 -0.061751 0.235984 0.277306 0.070907 -0.028284 -0.143100 0.335374 0.525162 0.133771 0.288487 0.158813 0.575479 0.212678 0.468189 -0.278713 -0.203018 -0.156279 -0.389206 0.137773 0.310548 -0.005950 -0.075635 0.000894 0.239706 0.047959 0.231286 0.116209 0.216140 0.165228 0.219201 0.045260 0.149162 0.055653 0.297999 -0.204169 -0.183276 -0.076540 -0.372179 -0.269848 0.129726 0.082967 -0.272145 0.109863 -0.199940 -0.133426 -0.021340 -0.120465 -0.000719 0.018395 0.014834 0.186245 0.312644 0.160965 -0.125214 -0.228618 -0.026422 0.053315 -0.009250 -0.072208 0.035970 -0.256809 0.174903 -0.040289 0.059581 -0.039988 0.027675
-0.007459 -0.507761 1.000000 0.225860 0.526832 0.183758 0.625033 0.353963 0.540308 0.034507 0.143111 -0.263555 0.040295 -0.188747 0.130254 -0.295251 -0.396464 -0.567073 0.519158 -0.210193 0.327557 0.078664 0.558944 0.469298 0.330846 0.501299 0.489991 0.412168 -0.421390 -0.592099 0.262500 0.168758 -0.065257 0.180346 0.416753 0.316105 -0.366487 -0.136823 0.168723 0.114770 -0.284997 -0.424030 -0.052090 -0.178337 -0.208790 0.004205 -0.209700 0.007940 -0.093071 -0.100788 0.322559 -0.115020 -0.072712 -0.030628 -0.305324 -0.157878 -0.542813 -0.545590 0.042538 -0.265704 -0.034816 -0.516504 -0.525087 -0.699107 0.472496 0.301291 0.297401 0.444582 -0.211497 -0.344977 -0.265599 -0.033402 -0.324695 -0.535517 -0.396930 -0.409226 -0.345769 -0.347505 -0.346665 -0.424368 -0.396384 -0.510388 -0.064635 -0.422545 0.306374 0.098932 -0.107122 0.124391 0.457433 -0.083866 0.140580 0.400626 0.073666 0.474362 -0.110859 -0.015435 0.010233 -0.161046 -0.036213 -0.078025 -0.169083 0.022614 -0.158404 0.171691 0.134181 0.073333 -0.146303 -0.194313 -0.200580 -0.201688 0.041355 -0.310202 0.078182 -0.080476 0.004816 -0.111497
-0.065107 -0.038213 0.225860 1.000000 0.108479 0.143005 0.287615 0.595800 0.312567 0.302108 0.016879 0.058315 0.126461 -0.081513 0.200099 -0.041114 -0.135673 -0.304760 0.222137 0.217836 -0.172310 -0.154938 0.254259 0.299733 -0.107434 -0.089246 -0.063996 -0.069867 -0.149931 -0.224312 -0.256263 -0.220141 -0.380358 0.000004 0.164771 0.399202 -0.088341 0.039852 0.027809 -0.236824 -0.025898 -0.102502 -0.245986 -0.451861 -0.300990 -0.361636 -0.262286 -0.185481 0.099541 -0.012861 -0.092789 -0.015136 0.154528 0.030123 -0.244713 -0.287486 -0.015742 0.075256 -0.077026 0.043010 -0.315682 -0.188227 -0.236334 -0.323162 -0.064338 -0.281188 0.001445 0.063800 -0.017982 0.034254 -0.568519 -0.394095 -0.177844 -0.436475 -0.236755 -0.331394 -0.405748 -0.279184 -0.208420 -0.402003 -0.257874 -0.387943 -0.060984 0.036451 -0.150798 -0.136960 -0.230087 -0.146884 0.202207 0.212606 0.509361 0.510379 0.638481 0.498913 -0.333195 0.205684 -0.395808 -0.045841 0.351519 0.415483 0.271324 0.296520 0.211606 0.401631 0.440455 0.441456 0.046184 -0.062195 -0.126930 -0.124898 -0.194078 0.152100 -0.080977 0.235981 0.381183 -0.142724
0.076960 -0.311324 0.526832 0.108479 1.000000 0.389649 0.380736 0.151822 0.580563 0.307169 0.058418 -0.102308 0.078297 -0.094039 0.231338 0.129342 -0.408039 -0.389877 0.284225 -0.224198 0.483252 0.228807 0.369647 0.079914 0.273711 0.191391 0.660162 0.381131 -0.412268 -0.421957 0.202683 -0.032566 -0.206833 -0.179636 0.121158 0.108413 -0.343685 -0.193836 -0.134588 -0.090319 0.013403 -0.293568 -0.042896 -0.070469 -0.112372 0.042632 -0.000449 0.002459 0.101220 0.051726 0.264884 0.018926 0.226972 0.047972 -0.277649 -0.159076 -0.282913 -0.238690 0.328051 0.088714 0.148775 -0.277934 -0.414766 -0.419315 0.290198 0.078533 0.148827 0.147434 -0.230300 -0.096876 -0.123826 0.026040 -0.310829 -0.319780 -0.323457 -0.370554 -0.217302 -0.312921 -0.348197 -0.343846 -0.376206 -0.382907 0.075181 -0.150099 0.173687 -0.010963 0.180297 -0.054771 0.322877 -0.183156 0.151178 0.256514 0.089251 0.159952 -0.038111 -0.232290 -0.195133 -0.421537 -0.058267 -0.099490 -0.096925 0.084535 -0.150903 0.134958 0.162448 0.074639 0.328990 0.164657 -0.249295 -0.052578 -0.186593 -0.173559 0.103497 -0.127447 -0.056405 0.245678
-0.038121 -0.183154 0.183758 0.143005 0.389649 1.000000 -0.024191 0.224585 -0.032272 0.161952 -0.327280 -0.336711 -0.482897 -0.399704 -0.244497 0.060653 -0.518480 -0.304222 -0.162245 -0.214888 0.641357 0.623448 0.171748 0.311102 0.214780 0.419984 0.551046 0.646592 -0.392836 -0.235110 0.252583 0.280939 -0.033060 -0.008572 0.216447 -0.020158 -0.157678 -0.257939 -0.147427 -0.068489 -0.101285 -0.224060 -0.028323 0.091678 0.127552 0.209080 0.090445 0.141816 0.063312 0.059871 0.237780 -0.011111 0.086351 0.178738 -0.046805 -0.093347 -0.201129 -0.160184 0.116216 0.263453 0.076670 0.032532 0.035074 -0.021242 0.286714 0.172744 0.277029 0.163140 0.029563 0.116791 -0.199840 0.124291 -0.287623 -0.205368 -0.285355 -0.449447 -0.394982 -0.300861 -0.245409 -0.134366 -0.290491 -0.176702 -0.022536 -0.039640 0.163397 0.026218 0.238892 0.249535 -0.007816 -0.004440 -0.030243 0.062078 -0.037323 -0.206727 -0.074842 -0.178190 -0.192486 -0.223560 -0.050867 -0.325525 -0.122960 -0.212665 -0.225396 -0.176582 0.014171 0.004511 0.184825 0.047615 0.051850 -0.115986 -0.212870 -0.226713 -0.177827 -0.324015 -0.133571 -0.107201
0.195964 -0.115642 0.625033 0.287615 0.380736 -0.024191 1.000000 0.388333 0.589006 0.393302 0.200769 0.037404 0.343294 0.258395 0.093679 -0.033077 -0.176635 -0.331245 0.528699 -0.002695 0.085470 -0.230766 0.200899 0.092171 0.047986 -0.055997 0.102361 -0.105410 -0.185747 -0.223620 0.126939 -0.056582 -0.096058 0.131422 -0.006538 0.202101 -0.337646 -0.361551 -0.113221 -0.308592 -0.207878 -0.331767 -0.159524 -0.266376 -0.114831 -0.018743 -0.169221 -0.252170 0.224804 0.216403 0.133997 0.184026 0.103243 0.109445 -0.397983 -0.300029 -0.358624 -0.420991 0.277171 -0.056087 -0.126245 -0.262331 -0.387866 -0.451667 0.056427 0.106384 0.157781 0.064751 -0.254770 -0.305884 -0.098174 -0.248765 -0.037352 -0.330185 -0.176622 -0.160135 -0.177668 -0.286205 -0.289401 -0.376530 -0.325574 -0.430629 -0.060562 -0.224801 -0.117711 -0.253679 -0.202364 -0.217399 0.219528 -0.227587 0.324977 0.360794 0.173170 0.394885 -0.114715 -0.143864 -0.358683 -0.415326 -0.029779 0.026148 0.035544 0.241612 -0.119123 0.211281 0.072180 0.172012 0.068392 -0.023503 -0.134522 -0.134950 -0.332995 -0.106457 0.156057 -0.124945 0.013544 -0.101298
-0.133556 -0.026618 0.353963 0.595800 0.151822 0.224585 0.388333 1.000000 0.205056 0.546462 -0.128757 -0.285717 -0.098944 -0.074876 -0.035280 -0.197236 -0.320635 -0.540257 0.145705 0.270576 0.055873 0.092991 0.000501 0.232837 -0.078004 0.099435 0.051769 0.110520 -0.405770 -0.385029 -0.260023 -0.080902 -0.287384 0.201075 0.149234 0.487456 -0.402657 -0.247004 -0.134608 -0.099843 -0.176426 -0.284993 -0.236585 -0.364102 -0.145873 -0.082468 -0.410830 -0.089581 0.211982 0.169784 0.146715 0.077954 -0.056551 -0.046459 -0.363091 -0.410144 -0.257068 -0.052843 0.177276 0.294620 -0.376741 -0.235756 -0.228514 -0.393351 0.004427 -0.170702 0.327198 0.395667 0.063080 0.068688 -0.532097 -0.248232 -0.403185 -0.509366 -0.515965 -0.472407 -0.622306 -0.390379 -0.245932 -0.415244 -0.358379 -0.497220 -0.103278 -0.212516 -0.147659 -0.345355 -0.177855 -0.151225 0.054492 -0.091559 0.498430 0.468921 0.547427 0.453464 -0.131451 0.030534 -0.245040 -0.210504 0.295297 0.167583 0.243369 0.267969 0.238268 0.344529 0.385658 0.447313 0.195088 0.145791 -0.085472 -0.061982 -0.233193 -0.101030 0.010904 0.048068 0.315491 -0.182552
0.259025 -0.192438 0.540308 0.312567 0.580563 -0.032272 0.589006 0.205056 1.000000 0.280765 0.547594 0.360610 0.530789 0.304049 0.629527 0.159384 -0.107159 -0.271358 0.477453 -0.119248 0.001967 -0.240892 0.568461 0.206043 0.297451 0.058984 0.219746 0.083877 -0.086839 -0.350239 0.193380 -0.030087 -0.271927 -0.043965 0.122401 0.158878 -0.308367 -0.142324 0.063086 -0.163444 -0.167216 -0.354975 -0.261512 -0.375195 -0.475170 -0.299691 -0.239809 -0.223776 -0.116973 -0.131042 -0.001829 -0.128260 0.164258 -0.041248 -0.261538 -0.253784 -0.341313 -0.351262 0.183162 -0.266441 0.227252 -0.212193 -0.515807 -0.488410 0.403649 0.213432 -0.158537 -0.063315 -0.349025 -0.227421 -0.117881 -0.223822 -0.165274 -0.352992 -0.123744 -0.174930 -0.123839 -0.204746 -0.209428 -0.276165 -0.338280 -0.440905 0.380739 0.046274 0.309707 0.001063 0.087928 -0.008442 0.598552 0.045941 0.261121 0.423086 0.236868 0.396762 -0.229098 -0.076283 -0.257606 -0.331770 -0.047176 -0.035869 -0.135541 0.172383 -0.257260 0.044833 0.025303 0.030599 -0.136881 -0.189803 -0.243638 -0.111698 -0.166980 -0.205769 -0.105282 -0.053690 -0.016828 -0.040739
-0.000861 0.066364 0.034507 0.302108 0.307169 0.161952 0.393302 0.546462 0.280765 1.000000 -0.140825 -0.057504 0.172553 0.218371 0.005445 0.213690 -0.101387 -0.265886 0.136237 0.218341 0.097419 0.055497 -0.309098 -0.293529 -0.191450 -0.256840 -0.085809 -0.198809 -0.201694 -0.018139 -0.198545 -0.169396 -0.291467 0.062426 -0.218564 0.269581 -0.354713 -0.546981 -0.498262 -0.449992 0.013627 -0.323938 -0.022178 -0.145809 0.103657 0.142400 -0.041959 -0.129713 0.475014 0.401010 0.125970 0.218859 0.210760 0.098586 -0.324458 -0.396230 -0.001928 -0.013179 0.456502 0.461281 -0.230950 -0.007161 -0.051606 -0.057964 -0.251381 -0.359467 0.230848 -0.026669 0.123415 0.099774 -0.149731 -0.043203 -0.152653 -0.317859 -0.407342 -0.324049 -0.374683 -0.372999 -0.237012 -0.374280 -0.191772 -0.244394 -0.066487 -0.030107 -0.413067 -0.560128 0.055575 -0.323219 -0.120499 -0.272898 0.444842 0.385571 0.459700 0.255411 -0.159934 -0.254215 -0.476804 -0.473901 0.242790 0.080775 0.383298 0.423315 0.221029 0.263718 0.251052 0.286903 0.383751 0.297001 -0.158063 -0.023869 -0.399565 -0.072904 0.055415 -0.073048 0.192304 -0.137275
0.399493 0.043514 0.143111 0.016879 0.058418 -0.327280 0.200769 -0.128757 0.547594 -0.140825 1.000000 0.535171 0.696285 0.424510 0.669084 0.084542 0.161792 0.010367 0.226875 -0.069577 -0.137007 -0.248732 0.554590 0.229608 0.289542 -0.004884 0.039410 -0.037997 0.204570 -0.155394 0.179159 -0.105302 -0.438056 -0.296273 -0.055556 -0.151092 -0.128649 -0.046775 0.140213 -0.072837 -0.121732 -0.075975 -0.246886 -0.218042 -0.428000 -0.292221 -0.145371 -0.096488 -0.109672 -0.008782 -0.216576 0.035293 0.113455 0.012939 0.045030 -0.046871 -0.116118 -0.145336 -0.009644 -0.365807 0.285636 -0.012113 -0.497635 -0.339776 0.362846 0.083940 -0.513265 -0.304418 -0.325704 -0.060865 -0.007703 -0.183801 -0.039018 -0.120904 0.098776 0.184245 0.201701 0.050994 -0.012674 0.044314 -0.140954 -0.239705 0.631156 0.260445 0.390296 0.004693 0.006448 0.100714 0.538604 0.144606 0.178971 0.246640 0.116833 0.237393 -0.119730 -0.164166 -0.051866 -0.089355 -0.068155 -0.072347 -0.125355 0.148412 -0.261092 0.015404 -0.131533 -0.168981 -0.197146 -0.171566 -0.226860 -0.174232 0.067993 -0.120475 -0.128567 -0.087977 -0.064863 -0.022699
0.385211 0.260745 -0.263555 0.058315 -0.102308 -0.336711 0.037404 -0.285717 0.360610 -0.057504 0.535171 1.000000 0.466048 0.552390 0.523072 0.484474 0.413365 0.386654 -0.028218 -0.083113 -0.280658 -0.254471 0.240116 0.071179 0.227075 -0.171314 -0.233361 -0.198981 0.448633 0.376713 0.179337 0.040175 -0.083782 -0.085484 -0.198048 -0.190618 0.131807 -0.028765 -0.018303 -0.196067 0.011191 0.105697 -0.260004 -0.234388 -0.388354 -0.506091 -0.111282 -0.375772 -0.243668 -0.327158 -0.536170 -0.300375 0.052033 -0.130960 0.024537 -0.146645 0.171707 0.065579 -0.069446 -0.366512 0.368085 0.280835 0.016345 0.160005 0.216651 0.184411 -0.543112 -0.588478 -0.121486 -0.010583 0.201206 -0.056154 0.318468 0.293717 0.432972 0.404270 0.462513 0.231432 0.274137 0.234779 0.187413 0.155544 0.512770 0.631415 0.335767 0.120218 0.133791 0.000820 0.306003 0.040963 -0.115231 -0.193649 0.084000 -0.192103 -0.103923 -0.190300 -0.169344 -0.049275 -0.228945 -0.084165 -0.176510 0.084855 -0.252723 -0.288145 -0.440551 -0.250719 -0.189843 -0.227939 -0.026265 -0.011074 -0.060117 0.106842 -0.337670 0.033825 -0.189904 0.034810
0.176518 0.003325 0.040295 0.126461 0.078297 -0.482897 0.343294 -0.098944 0.530789 0.172553 0.696285 0.466048 1.000000 0.610126 0.672528 0.381975 0.411494 0.217297 0.236271 -0.094975 -0.258766 -0.476693 0.233734 -0.157233 0.027920 -0.334634 -0.174652 -0.404340 0.330440 0.107638 0.044848 -0.287387 -0.305857 -0.343288 -0.229532 -0.110056 0.031662 0.006400 0.084412 -0.287237 0.235857 0.045034 -0.113469 -0.208764 -0.328387 -0.267654 -0.043311 -0.295922 0.113829 0.060671 -0.224802 0.106977 0.243712 -0.077294 0.084892 -0.074217 -0.010239 -0.208555 0.140944 -0.262576 0.298433 0.082516 -0.246764 -0.095546 -0.033152 -0.135305 -0.472566 -0.476383 -0.373920 -0.245164 0.072019 -0.320540 0.248253 -0.026462 0.195429 0.173724 0.172717 -0.039637 0.046621 -0.032465 0.020381 -0.073621 0.330266 0.153194 -0.020447 -0.184221 0.013220 -0.148207 0.323722 0.030881 0.172633 0.270864 0.114488 0.310139 -0.140859 -0.124986 -0.270151 -0.218009 -0.090553 0.142177 0.032002 0.208557 -0.132826 0.109021 0.081687 -0.010063 -0.109536 -0.140263 -0.216567 0.037096 -0.110279 0.083603 0.000277 0.060825 0.089186 0.073153
0.183368 0.337130 -0.188747 -0.081513 -0.094039 -0.399704 0.258395 -0.074876 0.304049 0.218371 0.424510 0.552390 0.610126 1.000000 0.523287 0.613159 0.176225 0.310014 -0.126479 -0.073470 -0.280477 -0.370181 -0.113212 -0.180712 -0.144426 -0.456132 -0.327500 -0.428251 0.152133 0.158027 -0.111801 -0.282824 -0.200215 -0.350179 -0.459844 -0.214392 -0.081978 -0.206006 -0.152033 -0.286693 0.068636 -0.011711 -0.132381 -0.082414 -0.048726 -0.148103 -0.016521 -0.241182 0.194993 0.084900 -0.133757 0.126860 0.263860 -0.128774 0.179163 -0.087491 -0.002096 -0.006125 0.434468 0.024757 0.358873 0.456398 -0.045600 0.168811 -0.088584 0.086935 -0.223108 -0.368875 -0.215019 0.007454 0.195184 -0.142722 0.093561 0.084086 0.092184 0.158816 0.105443 0.034908 -0.015034 0.029335 -0.106276 -0.094682 0.222264 0.223783 -0.098914 -0.257050 0.001086 -0.277538 0.135067 0.010934 0.135275 -0.020782 0.115613 0.053570 -0.024449 -0.332591 -0.091788 -0.171760 -0.008617 -0.007953 0.114889 0.248739 -0.035315 0.003395 -0.185224 -0.163126 0.022263 -0.090757 -0.022722 -0.002688 -0.059382 0.130148 0.001271 0.064777 -0.064821 0.108934
0.224173 -0.013672 0.130254 0.200099 0.231338 -0.244497 0.093679 -0.035280 0.629527 0.005445 0.669084 0.523072 0.672528 0.523287 1.000000 0.513477 0.078665 0.038560 0.152029 -0.178470 -0.116808 -0.301289 0.516115 0.159913 0.131769 -0.057439 0.044839 -0.054974 0.198383 -0.159678 0.114835 -0.127859 -0.418557 -0.391966 -0.120491 -0.072818 -0.137138 0.120658 0.068968 -0.258594 0.200216 0.010521 -0.168977 -0.212445 -0.456841 -0.399437 -0.189833 -0.221707 -0.068667 -0.175808 -0.197300 -0.144327 0.256447 -0.122841 0.052111 -0.103912 -0.158585 -0.084216 0.141642 -0.250988 0.410362 0.136087 -0.361698 -0.199567 0.263556 0.023887 -0.419105 -0.286141 -0.377573 -0.135136 0.036539 -0.163121 -0.086807 -0.082584 0.086397 0.041873 -0.023051 -0.082171 -0.058142 -0.119434 -0.069956 -0.195670 0.619463 0.369898 0.364625 0.040676 0.064337 0.008821 0.605361 0.303308 0.183570 0.218763 0.179727 0.290221 -0.324240 -0.140277 -0.174966 -0.207311 -0.031977 0.045719 -0.118464 0.206507 -0.152855 0.085536 0.023880 -0.129013 -0.020101 -0.322860 -0.356086 -0.188923 0.002660 0.043352 -0.094546 -0.009534 -0.085588 0.072552
0.204025 0.216435 -0.295251 -0.041114 0.129342 0.060653 -0.033077 -0.197236 0.159384 0.213690 0.084542 0.484474 0.381975 0.613159 0.513477 1.000000 0.193584 0.415779 -0.250553 -0.220134 0.082136 -0.009865 -0.002819 -0.150612 -0.002193 -0.224150 0.016750 -0.052492 0.262000 0.319025 0.180399 0.005844 -0.091665 -0.377226 -0.477617 -0.352014 -0.031999 -0.106339 -0.359607 -0.541798 0.328804 0.123693 0.047350 0.093748 -0.028296 -0.123262 0.099915 -0.288464 0.164897 -0.055175 -0.156768 -0.039291 0.360422 -0.066096 0.156718 -0.120945 0.148644 -0.000084 0.382552 0.095839 0.532724 0.601822 0.288927 0.451336 -0.041612 0.025905 -0.260365 -0.545211 -0.228586 -0.081211 0.283557 0.098073 0.200680 0.319115 0.242299 0.117059 0.096338 0.030445 0.090057 0.041954 0.190683 0.185110 0.308217 0.501312 0.060576 -0.110474 0.333721 -0.152432 0.089039 0.071083 -0.124000 -0.265314 -0.096509 -0.318719 -0.274633 -0.446230 -0.334753 -0.390373 -0.254447 -0.177371 -0.085891 0.029501 -0.185322 -0.166488 -0.201394 -0.350589 0.225955 -0.197618 -0.196799 -0.100846 -0.249801 0.151162 -0.143075 -0.197281 -0.377541 0.293353
0.053533 0.092540 -0.396464 -0.135673 -0.408039 -0.518480 -0.176635 -0.320635 -0.107159 -0.101387 0.161792 0.413365 0.411494 0.176225 0.078665 0.193584 1.000000 0.704989 -0.113738 -0.016029 -0.471314 -0.365211 -0.199839 -0.297280 -0.045953 -0.203969 -0.422324 -0.464632 0.658811 0.610358 -0.029986 -0.008149 0.224313 0.012885 -0.112546 -0.186549 0.390015 0.247549 0.091702 -0.052090 0.236833 0.336510 0.103176 0.033883 -0.153478 -0.196113 0.066325 -0.235922 -0.222002 -0.227046 -0.440936 -0.263465 -0.221873 -0.321715 0.145306 0.031681 0.520854 0.085551 -0.315474 -0.408387 0.113014 0.096596 0.438620 0.441906 -0.205725 -0.082569 -0.441870 -0.538442 0.055953 -0.251420 0.243182 -0.154902 0.689038 0.445562 0.569949 0.595625 0.528164 0.324841 0.654090 0.489298 0.718230 0.661878 0.102144 0.310492 -0.064678 0.028315 -0.023772 -0.030105 -0.224979 -0.205673 -0.304644 -0.280755 -0.154863 -0.198241 0.085083 0.082036 -0.064109 0.115478 -0.202944 0.124309 -0.176950 -0.133118 -0.238303 -0.243899 -0.198164 -0.060756 -0.294261 -0.019410 -0.057170 0.304948 0.003982 0.338236 -0.190392 0.093015 -0.013771 0.024517
0.148373 0.288112 -0.567073 -0.304760 -0.389877 -0.304222 -0.331245 -0.540257 -0.271358 -0.265886 0.010367 0.386654 0.217297 0.310014 0.038560 0.415779 0.704989 1.000000 -0.284491 -0.192075 -0.328929 -0.233892 -0.253254 -0.340757 -0.105480 -0.309068 -0.361936 -0.382047 0.663647 0.726276 0.025912 0.026694 0.355759 -0.158049 -0.256905 -0.399959 0.461756 0.277128 0.098715 -0.019733 0.261353 0.468361 0.180732 0.236995 0.108375 -0.110519 0.344664 -0.215981 -0.168029 -0.161060 -0.438878 -0.150123 -0.036749 -0.109836 0.329223 0.307390 0.505884 0.186318 -0.229126 -0.296970 0.256823 0.350778 0.487480 0.686795 -0.173321 -0.005350 -0.472440 -0.703632 -0.064309 -0.171238 0.360926 -0.089130 0.640929 0.640227 0.620103 0.550773 0.448547 0.290904 0.533417 0.703571 0.601446 0.716738 0.108805 0.421674 -0.009954 0.022778 0.093743 0.100761 -0.288351 -0.101084 -0.413786 -0.493618 -0.311656 -0.425762 0.064702 -0.070150 -0.056345 0.089526 -0.143274 -0.040155 -0.072278 -0.218320 -0.203019 -0.462977 -0.441507 -0.256969 -0.271391 -0.212232 0.063811 0.165151 -0.079612 0.458892 -0.101947 -0.031731 -0.145689 0.082317
0.200807 -0.167550 0.519158 0.222137 0.284225 -0.162245 0.528699 0.145705 0.477453 0.136237 0.226875 -0.028218 0.236271 -0.126479 0.152029 -0.250553 -0.113738 -0.284491 1.000000 0.164262 -0.013395 -0.302255 0.296764 -0.038824 -0.022342 0.046900 0.072699 -0.119190 0.150769 -0.173817 0.176028 0.073963 -0.024834 0.305960 0.226126 0.293378 -0.131784 -0.039019 0.076508 -0.098345 -0.141906 -0.173044 -0.083873 -0.348690 -0.356069 -0.217562 -0.263532 -0.226852 -0.145706 -0.059521 -0.082759 -0.095412 -0.182759 -0.016028 -0.533664 -0.260462 -0.213285 -0.108045 -0.094389 -0.277512 -0.193263 -0.484665 -0.406529 -0.434899 0.092347 -0.121125 -0.050240 -0.046881 -0.078209 -0.215297 0.022917 -0.010633 0.030787 -0.138435 -0.065475 0.113398 0.024298 -0.003201 -0.108176 -0.209533 -0.082273 -0.219238 0.091507 -0.134648 0.083908 -0.088712 -0.117777 0.057711 0.309244 -0.081696 0.210420 0.367264 0.061039 0.365586 -0.166526 0.110453 -0.266052 -0.201335 0.049625 0.194937 -0.045024 0.323910 0.029349 0.183810 0.146346 0.254563 -0.092054 -0.151321 -0.155986 -0.121617 -0.122452 -0.084149 0.117754 -0.106632 0.104064 -0.192016
0.085517 0.391635 -0.210193 0.217836 -0.224198 -0.214888 -0.002695 0.270576 -0.119248 0.218341 -0.069577 -0.083113 -0.094975 -0.073470 -0.178470 -0.220134 -0.016029 -0.192075 0.164262 1.000000 -0.248067 -0.095569 -0.330935 -0.200051 -0.380609 -0.385304 -0.270673 -0.327946 -0.086105 -0.100530 -0.493902 -0.333725 -0.125227 0.363635 -0.005277 0.410418 -0.210856 -0.152022 -0.310212 -0.127289 -0.141009 -0.129931 -0.001969 -0.136782 0.033678 -0.052645 -0.182811 0.146614 0.174693 0.224036 -0.063888 0.159385 0.013546 0.079167 -0.271982 -0.239463 0.384084 0.477678 0.128732 0.317801 -0.328155 0.068654 -0.099712 -0.080696 -0.390332 -0.439960 0.077649 0.117593 0.470300 0.507177 -0.269574 -0.018563 -0.255573 -0.131991 -0.293898 -0.023997 -0.179137 0.192482 -0.134981 -0.180857 -0.086447 -0.188842 -0.075059 0.047937 -0.391447 -0.354872 -0.228541 -0.387410 -0.089057 0.023686 0.372822 0.223516 0.327945 0.182622 -0.289898 0.325013 -0.030572 0.272300 0.321594 0.215124 0.322973 0.399925 0.484183 0.318875 0.138631 0.167564 0.159648 0.095749 0.015610 -0.062978 0.084263 -0.010755 0.045740 0.110356 0.161376 -0.188369
-0.028580 -0.240270 0.327557 -0.172310 0.483252 0.641357 0.085470 0.055873 0.001967 0.097419 -0.137007 -0.280658 -0.258766 -0.280477 -0.116808 0.082136 -0.471314 -0.328929 -0.013395 -0.248067 1.000000 0.815311 0.238623 0.235684 0.341237 0.491135 0.817138 0.732157 -0.423913 -0.283394 0.539538 0.388221 -0.032021 -0.043122 0.141252 -0.027333 -0.337785 -0.337079 -0.193247 -0.007636 -0.006603 -0.175174 0.031773 0.173567 0.047250 0.249607 0.045097 0.128283 0.009347 0.051266 0.323503 -0.012308 0.012195 0.163508 -0.161775 -0.087060 -0.221735 -0.134927 0.148680 0.122153 0.231241 -0.038283 -0.091552 -0.190352 0.401533 0.272171 0.197887 0.092815 -0.058694 -0.056207 0.003276 0.439515 -0.255000 -0.080074 -0.289548 -0.282123 -0.226506 -0.218213 -0.174176 -0.131027 -0.218257 -0.164410 0.046257 -0.142191 0.311192 0.008054 0.371270 0.190611 0.144066 -0.177297 -0.129320 -0.053870 -0.127026 -0.175581 -0.046484 -0.319987 0.001522 -0.326008 -0.197341 -0.479087 -0.234288 -0.068627 -0.185605 -0.157952 -0.150942 -0.314876 0.227733 -0.024272 -0.059081 -0.323924 -0.108064 -0.373103 -0.056668 -0.458410 -0.388698 -0.006172
-0.127144 -0.104993 0.078664 -0.154938 0.228807 0.623448 -0.230766 0.092991 -0.240892 0.055497 -0.248732 -0.254471 -0.476693 -0.370181 -0.301289 -0.009865 -0.365211 -0.233892 -0.302255 -0.095569 0.815311 1.000000 0.064677 0.271342 0.331435 0.473904 0.663058 0.765024 -0.420970 -0.181577 0.393339 0.374081 -0.023235 0.033753 0.164102 -0.005681 -0.180134 -0.281702 -0.236726 0.124478 -0.061696 -0.104195 0.061870 0.177919 0.126204 0.232957 0.065929 0.226100 -0.085181 -0.011607 0.257815 -0.113705 -0.035918 0.121710 -0.071659 -0.061936 0.009684 0.076360 0.016772 0.211533 0.117886 0.041101 0.098866 -0.009631 0.368724 0.177235 0.198205 0.143846 0.128232 0.141456 -0.083415 0.510144 -0.271866 -0.021027 -0.262127 -0.292978 -0.225619 -0.131212 -0.050441 0.012617 -0.097670 -0.048548 0.024302 0.009928 0.253870 -0.037986 0.410032 0.210845 -0.043972 -0.173525 -0.162276 -0.151777 -0.033533 -0.293521 -0.037357 -0.222081 0.096664 -0.039558 -0.064169 -0.466856 -0.179025 -0.122487 -0.062821 -0.241968 -0.249935 -0.384851 0.144369 0.014504 0.046283 -0.205596 -0.031514 -0.335453 -0.221379 -0.351465 -0.330543 -0.053810
0.257621 -0.369560 0.558944 0.254259 0.369647 0.171748 0.200899 0.000501 0.568461 -0.309098 0.554590 0.240116 0.233734 -0.113212 0.516115 -0.002819 -0.199839 -0.253254 0.296764 -0.330935 0.238623 0.064677 1.000000 0.695948 0.582075 0.523861 0.460778 0.515893 -0.082112 -0.385371 0.443548 0.287722 -0.270623 -0.111797 0.366550 0.004986 -0.126938 0.065408 0.268609 0.058221 -0.216669 -0.170978 -0.232758 -0.197722 -0.500901 -0.279360 -0.194580 -0.045943 -0.393660 -0.321987 -0.074116 -0.260340 0.023435 0.066195 -0.090434 -0.038738 -0.359822 -0.342008 -0.171161 -0.472887 0.310448 -0.232589 -0.442209 -0.469106 0.742726 0.343596 -0.213622 0.013435 -0.394428 -0.247835 -0.195147 -0.075515 -0.224933 -0.266740 -0.052315 -0.138755 -0.062530 -0.127449 -0.209871 -0.155712 -0.295847 -0.359259 0.406232 0.052185 0.645607 0.271229 0.138564 0.371242 0.675621 0.207737 -0.044095 0.197100 0.030299 0.226346 -0.202113 -0.087588 -0.074261 -0.105329 -0.200520 -0.194076 -0.323908 -0.065227 -0.362037 -0.080201 -0.116437 -0.162796 -0.291834 -0.294056 -0.144086 -0.253197 0.094148 -0.265388 -0.259096 -0.182084 -0.108943 0.051566
0.087615 -0.210000 0.469298 0.299733 0.079914 0.311102 0.092171 0.232837 0.206043 -0.293529 0.229608 0.071179 -0.157233 -0.180712 0.159913 -0.150612 -0.297280 -0.340757 -0.038824 -0.200051 0.235684 0.271342 0.695948 1.000000 0.464344 0.653606 0.355708 0.570744 -0.302370 -0.376804 0.291632 0.404157 -0.107597 0.104938 0.371637 0.133324 -0.145050 -0.076925 0.152655 0.100114 -0.501684 -0.213792 -0.257329 -0.164451 -0.320554 -0.178595 -0.232265 0.022793 -0.396983 -0.334763 0.055759 -0.257399 -0.095525 -0.056126 -0.066861 -0.098792 -0.335706 -0.278938 -0.224695 -0.251450 0.140972 -0.060799 -0.204213 -0.297219 0.689949 0.395075 0.050342 0.232403 -0.232142 -0.189246 -0.308671 0.000412 -0.313171 -0.354593 -0.231146 -0.241561 -0.219931 -0.196076 -0.188789 -0.173425 -0.389851 -0.342742 0.185742 -0.042169 0.525852 0.210692 -0.107227 0.206694 0.498373 0.213450 -0.051289 0.070254 0.167648 0.123806 -0.150685 -0.066701 0.007188 0.066852 -0.190012 -0.256648 -0.149157 -0.122753 -0.233507 -0.108906 -0.139692 -0.127235 -0.342770 -0.244392 0.063901 -0.123040 0.092513 -0.306310 -0.350788 -0.194413 -0.065470 -0.123363
0.202719 -0.232752 0.330846 -0.107434 0.273711 0.214780 0.047986 -0.078004 0.297451 -0.191450 0.289542 0.227075 0.027920 -0.144426 0.131769 -0.002193 -0.045953 -0.105480 -0.022342 -0.380609 0.341237 0.331435 0.582075 0.464344 1.000000 0.670616 0.424945 0.600571 -0.138949 -0.067967 0.572683 0.542504 0.010061 0.135213 0.317491 -0.014469 -0.174338 -0.155993 0.073557 0.171228 -0.331086 -0.263737 -0.145286 -0.056255 -0.189316 -0.071851 -0.085067 -0.114769 -0.297444 -0.272683 0.129233 -0.170233 -0.124471 0.053936 -0.088805 0.018090 -0.247621 -0.315740 -0.195292 -0.321847 0.238355 -0.129907 -0.219898 -0.195963 0.739543 0.636391 -0.045115 0.020646 -0.146325 -0.153429 -0.113191 0.020756 -0.071265 -0.051948 0.028413 -0.133800 0.103170 -0.168442 0.023960 0.072678 -0.141512 -0.080177 0.205938 -0.060277 0.574262 0.318360 0.338749 0.273882 0.279207 -0.109456 -0.427227 -0.289166 -0.236457 -0.220067 0.068441 -0.116712 0.018386 -0.094139 -0.515785 -0.477915 -0.376672 -0.343712 -0.430033 -0.384614 -0.340872 -0.294278 -0.335974 -0.074379 0.016854 0.085452 0.002218 -0.433433 -0.391627 -0.113223 -0.207289 0.086057
0.007943 -0.373004 0.501299 -0.089246 0.191391 0.419984 -0.055997 0.099435 0.058984 -0.256840 -0.004884 -0.171314 -0.334634 -0.456132 -0.057439 -0.224150 -0.203969 -0.309068 0.046900 -0.385304 0.491135 0.473904 0.523861 0.653606 0.670616 1.000000 0.522496 0.759426 -0.155018 -0.225928 0.627108 0.770935 0.174041 0.330313 0.446986 0.031706 -0.178504 -0.049207 0.110756 0.186426 -0.295198 -0.145262 -0.090982 0.001719 -0.235637 0.030863 -0.233296 -0.025216 -0.437389 -0.427031 0.243683 -0.384725 -0.363373 -0.202456 -0.263227 -0.141615 -0.269863 -0.261767 -0.343684 -0.368100 0.128122 -0.269115 -0.046442 -0.245622 0.778488 0.586113 0.119882 0.282094 -0.036907 -0.278557 -0.094664 0.162563 -0.139841 -0.125604 -0.120049 -0.173709 -0.080532 -0.184620 0.063280 -0.064053 -0.074786 -0.080133 0.099460 -0.159317 0.617806 0.446651 0.199303 0.345145 0.233822 -0.107144 -0.468832 -0.225990 -0.272034 -0.169907 0.042867 -0.131625 0.097687 -0.129572 -0.468362 -0.418879 -0.489403 -0.360676 -0.448994 -0.283885 -0.128706 -0.123572 -0.265512 -0.145196 -0.029738 -0.042485 0.102148 -0.352656 -0.327418 -0.162877 -0.194208 -0.032658
0.017598 -0.301557 0.489991 -0.063996 0.660162 0.551046 0.102361 0.051769 0.219746 -0.085809 0.039410 -0.233361 -0.174652 -0.327500 0.044839 0.016750 -0.422324 -0.361936 0.072699 -0.270673 0.817138 0.663058 0.460778 0.355708 0.424945 0.522496 1.000000 0.797123 -0.473652 -0.496453 0.475767 0.250905 -0.147303 -0.153338 0.287652 -0.003610 -0.333543 -0.153612 -0.099176 0.033887 -0.112260 -0.245808 0.014142 0.071367 -0.142708 0.115125 -0.033842 0.167653 -0.134435 -0.075978 0.318566 -0.110286 0.004052 0.062050 -0.210147 -0.123351 -0.195722 -0.156168 0.111686 -0.017501 0.297532 -0.150862 -0.248456 -0.371292 0.512417 0.291022 0.115337 0.173048 -0.139953 -0.068876 -0.052468 0.377159 -0.354492 -0.162824 -0.280452 -0.273064 -0.175787 -0.131728 -0.222309 -0.132804 -0.277882 -0.256684 0.071388 -0.164547 0.422732 0.110798 0.261770 0.153786 0.272583 -0.120838 -0.047206 0.030025 -0.051444 -0.008131 -0.110134 -0.202288 0.064382 -0.213652 -0.147812 -0.354885 -0.291309 -0.071086 -0.210346 -0.052480 -0.040108 -0.237816 0.179540 -0.018322 -0.255966 -0.340209 0.001636 -0.285200 -0.053178 -0.356178 -0.347212 0.131811
-0.059538 -0.328959 0.412168 -0.069867 0.381131 0.646592 -0.105410 0.110520 0.083877 -0.198809 -0.037997 -0.198981 -0.404340 -0.428251 -0.054974 -0.052492 -0.464632 -0.382047 -0.119190 -0.327946 0.732157 0.765024 0.515893 0.570744 0.600571 0.759426 0.797123 1.000000 -0.428513 -0.435062 0.540369 0.484051 -0.058254 0.029243 0.388317 -0.013717 -0.271454 -0.101829 -0.024194 0.163832 -0.180895 -0.218993 -0.049330 0.055776 -0.101539 0.120967 -0.130768 0.191174 -0.271939 -0.261924 0.271337 -0.263339 -0.087658 0.051870 -0.110063 -0.116085 -0.265136 -0.202162 -0.067571 -0.106707 0.254116 -0.124172 -0.128899 -0.284938 0.708274 0.456422 0.156066 0.299625 -0.026956 -0.033215 -0.149260 0.378163 -0.388369 -0.130346 -0.231455 -0.333393 -0.221298 -0.107496 -0.170088 -0.085542 -0.250255 -0.253802 0.107518 -0.104033 0.581296 0.301833 0.399986 0.351629 0.295400 -0.003126 -0.222048 -0.088531 -0.160702 -0.187497 -0.100572 -0.185779 0.158787 -0.060812 -0.240672 -0.452232 -0.375129 -0.314920 -0.297658 -0.193828 -0.135717 -0.261512 0.026061 -0.074880 -0.068918 -0.264977 0.114709 -0.410920 -0.278692 -0.328405 -0.357066 0.049157
0.299121 0.145636 -0.421390 -0.149931 -0.412268 -0.392836 -0.185747 -0.405770 -0.086839 -0.201694 0.204570 0.448633 0.330440 0.152133 0.198383 0.262000 0.658811 0.663647 0.150769 -0.086105 -0.423913 -0.420970 -0.082112 -0.302370 -0.138949 -0.155018 -0.473652 -0.428513 1.000000 0.717395 0.220498 0.203141 0.343037 0.088352 -0.267578 -0.367773 0.474132 0.360171 0.154273 -0.196923 0.336379 0.534940 0.036613 0.003484 -0.222624 -0.283794 0.004186 -0.417251 -0.260958 -0.270025 -0.562976 -0.278941 -0.237809 -0.264189 0.010596 0.020690 0.343514 0.157753 -0.430400 -0.491752 0.056861 0.056439 0.374409 0.418874 -0.126968 -0.117890 -0.609568 -0.664897 -0.101809 -0.323451 0.473898 -0.128128 0.770079 0.640381 0.770737 0.693283 0.592764 0.314076 0.648267 0.465835 0.732392 0.666821 0.330187 0.580734 0.138641 0.171908 0.112788 0.188415 -0.087236 -0.051592 -0.345096 -0.325642 -0.350807 -0.330073 -0.006765 -0.041756 -0.242024 -0.139201 -0.276953 0.095208 -0.286510 -0.178540 -0.310678 -0.311128 -0.242600 -0.084995 -0.204908 -0.299325 -0.042191 0.086796 -0.162157 0.414704 -0.123149 -0.016238 -0.107126 0.062328
0.101728 0.216197 -0.592099 -0.224312 -0.421957 -0.235110 -0.223620 -0.385029 -0.350239 -0.018139 -0.155394 0.376713 0.107638 0.158027 -0.159678 0.319025 0.610358 0.726276 -0.173817 -0.100530 -0.283394 -0.181577 -0.385371 -0.376804 -0.067967 -0.225928 -0.496453 -0.435062 0.717395 1.000000 0.151494 0.246361 0.428069 0.159654 -0.371725 -0.328662 0.521111 0.139906 -0.013652 -0.167440 0.221191 0.489962 0.135699 0.198512 0.099910 -0.054939 0.324742 -0.342229 -0.032599 -0.074425 -0.391254 -0.070967 -0.111103 -0.070551 0.118870 0.187033 0.353817 0.116488 -0.327442 -0.182742 -0.055104 0.225446 0.521132 0.658229 -0.273563 -0.079315 -0.436821 -0.634950 -0.020707 -0.108786 0.432100 -0.054793 0.804146 0.676712 0.698261 0.571059 0.532027 0.229374 0.580355 0.457418 0.661618 0.735296 0.123423 0.468584 -0.139598 -0.015474 0.178530 0.045727 -0.425576 -0.219991 -0.430881 -0.522021 -0.328196 -0.547051 0.159355 -0.094594 -0.238508 -0.104662 -0.316375 -0.145058 -0.095296 -0.262505 -0.203045 -0.495425 -0.371553 -0.174308 -0.213482 -0.119396 0.192610 0.265133 -0.262098 0.359972 -0.073924 0.077208 -0.061720 0.062191
0.246085 -0.138551 0.262500 -0.256263 0.202683 0.252583 0.126939 -0.260023 0.193380 -0.198545 0.179159 0.179337 0.044848 -0.111801 0.114835 0.180399 -0.029986 0.025912 0.176028 -0.493902 0.539538 0.393339 0.443548 0.291632 0.572683 0.627108 0.475767 0.540369 0.220498 0.151494 1.000000 0.794896 0.293660 0.151738 0.063622 -0.314297 -0.073556 -0.052114 -0.002573 -0.135074 -0.037778 0.053718 -0.011356 0.077290 -0.250645 -0.058810 -0.041960 -0.283257 -0.332677 -0.330448 0.111703 -0.218883 -0.179735 -0.035560 -0.288419 -0.098651 -0.173323 -0.236693 -0.334579 -0.433634 0.296842 -0.029096 0.033579 -0.024945 0.594403 0.514789 -0.231732 -0.261261 -0.280672 -0.433848 0.370570 0.283905 0.282786 0.286844 0.300253 0.185315 0.308292 0.016789 0.235559 0.102871 0.167711 0.175823 0.265749 0.145397 0.539561 0.368012 0.366802 0.237927 0.142624 -0.189862 -0.533334 -0.370945 -0.480035 -0.428314 0.005689 -0.314585 -0.136055 -0.452164 -0.622071 -0.539934 -0.602910 -0.304209 -0.649349 -0.475729 -0.385204 -0.393985 -0.202923 -0.339198 -0.125251 -0.204161 -0.205852 -0.212185 -0.221370 -0.313363 -0.497871 0.123156
0.195548 -0.113975 0.168758 -0.220141 -0.032566 0.280939 -0.056582 -0.080902 -0.030087 -0.169396 -0.105302 0.040175 -0.287387 -0.282824 -0.127859 0.005844 -0.008149 0.026694 0.073963 -0.333725 0.388221 0.374081 0.287722 0.404157 0.542504 0.770935 0.250905 0.484051 0.203141 0.246361 0.794896 1.000000 0.467671 0.485209 0.159843 -0.146371 -0.054531 -0.107723 -0.050945 -0.054936 -0.264821 -0.013174 0.018196 0.118278 -0.147508 0.005681 -0.087951 -0.218885 -0.442445 -0.387698 0.098518 -0.312559 -0.389198 -0.132604 -0.361540 -0.127653 -0.124673 -0.156624 -0.421161 -0.332222 0.119149 -0.000748 0.251105 0.129305 0.586021 0.572591 -0.026454 -0.093013 -0.112290 -0.379846 0.206895 0.238100 0.218798 0.226686 0.173282 0.108363 0.157522 -0.046145 0.292539 0.107060 0.185993 0.246746 0.154064 0.094431 0.486019 0.340365 0.241713 0.204314 -0.014881 -0.219286 -0.645809 -0.481593 -0.457372 -0.494860 0.039374 -0.224682 -0.103926 -0.342754 -0.598066 -0.569418 -0.529561 -0.386204 -0.529077 -0.548521 -0.396787 -0.293935 -0.344015 -0.285974 0.028640 -0.067195 -0.144532 -0.264825 -0.350114 -0.289332 -0.339942 -0.016495
0.072380 0.065484 -0.065257 -0.380358 -0.206833 -0.033060 -0.096058 -0.287384 -0.271927 -0.291467 -0.438056 -0.083782 -0.305857 -0.200215 -0.418557 -0.091665 0.224313 0.355759 -0.024834 -0.125227 -0.032021 -0.023235 -0.270623 -0.107597 0.010061 0.174041 -0.147303 -0.058254 0.343037 0.428069 0.293660 0.467671 1.000000 0.476572 0.063051 -0.229909 0.264712 0.163416 0.173036 0.166210 -0.020698 0.214096 0.050884 0.077948 0.076397 -0.095323 -0.016879 -0.296927 -0.356418 -0.403165 0.045409 -0.241504 -0.376348 -0.349900 -0.053269 0.073005 0.086009 0.014175 -0.326498 -0.256270 0.024049 0.020539 0.503059 0.405475 0.005437 0.346844 0.076374 -0.082918 0.092403 -0.285942 0.375540 0.029548 0.527514 0.452828 0.404235 0.313517 0.363062 0.102349 0.431208 0.377680 0.358365 0.552810 -0.270438 -0.075815 0.120649 0.389375 -0.008644 0.048989 -0.256584 -0.172905 -0.621981 -0.520035 -0.492393 -0.473885 0.309810 0.128268 0.083823 -0.023669 -0.446853 -0.246857 -0.355311 -0.431881 -0.276329 -0.504934 -0.328313 -0.084871 -0.299330 -0.217319 0.224281 0.244824 -0.127117 0.029989 -0.151293 -0.064776 -0.143573 0.065651
0.057670 0.035996 0.180346 0.000004 -0.179636 -0.008572 0.131422 0.201075 -0.043965 0.062426 -0.296273 -0.085484 -0.343288 -0.350179 -0.391966 -0.377226 0.012885 -0.158049 0.305960 0.363635 -0.043122 0.033753 -0.111797 0.104938 0.135213 0.330313 -0.153338 0.029243 0.088352 0.159654 0.151738 0.485209 0.476572 1.000000 0.368466 0.440811 0.017382 -0.110448 -0.047286 0.080898 -0.373435 -0.211669 -0.112018 -0.197372 -0.083919 -0.117443 -0.283667 -0.223647 -0.287222 -0.253625 -0.072670 -0.286281 -0.485242 -0.174795 -0.525507 -0.277755 0.004026 0.041267 -0.290497 -0.141350 -0.279764 -0.228444 0.077875 -0.045282 0.151237 0.159291 0.208597 0.212540 0.302489 -0.026155 -0.068251 0.011803 0.101324 0.014171 -0.026230 0.031203 -0.051075 0.009922 0.124498 -0.093213 0.040164 0.088611 -0.167350 -0.123562 0.059280 0.007683 -0.091862 -0.001774 -0.090295 -0.274963 -0.224288 -0.097115 -0.047510 -0.069655 0.016833 0.223577 -0.105165 0.052428 -0.203533 -0.221051 -0.082456 -0.007090 0.057702 -0.148452 -0.145678 0.141505 -0.292581 -0.158366 0.195992 0.102385 -0.103024 -0.317787 -0.173228 0.063569 0.105510 -0.365461
-0.222226 -0.310325 0.416753 0.164771 0.121158 0.216447 -0.006538 0.149234 0.122401 -0.218564 -0.055556 -0.198048 -0.229532 -0.459844 -0.120491 -0.477617 -0.112546 -0.256905 0.226126 -0.005277 0.141252 0.164102 0.366550 0.371637 0.317491 0.446986 0.287652 0.388317 -0.267578 -0.371725 0.063622 0.159843 0.063051 0.368466 1.000000 0.525192 0.010665 0.113626 0.343112 0.473177 -0.263595 -0.300427 -0.156338 -0.249065 -0.165567 -0.123406 -0.177608 0.180894 -0.482174 -0.386431 -0.093501 -0.431005 -0.418187 -0.107184 -0.148175 -0.032762 -0.207210 -0.061735 -0.344076 -0.339701 -0.054132 -0.504058 -0.229490 -0.415296 0.453696 0.254748 0.216236 0.403563 0.192764 0.045166 -0.424701 -0.076552 -0.210356 -0.272867 -0.201087 -0.224292 -0.221779 -0.060242 -0.142771 -0.005031 -0.255978 -0.179622 -0.237219 -0.342821 0.256638 0.139262 -0.078805 0.356436 0.194875 -0.120544 -0.121019 0.169320 0.095560 0.291483 0.162601 0.407891 0.187447 0.424425 0.059734 -0.066140 -0.196513 -0.080211 -0.043647 -0.003034 0.061565 0.338597 -0.295615 0.041492 0.194298 0.081880 0.369675 -0.210849 -0.305505 0.017786 0.365603 -0.323446
-0.188318 -0.084613 0.316105 0.399202 0.108413 -0.020158 0.202101 0.487456 0.158878 0.269581 -0.151092 -0.190618 -0.110056 -0.214392 -0.072818 -0.352014 -0.186549 -0.399959 0.293378 0.410418 -0.027333 -0.005681 0.004986 0.133324 -0.014469 0.031706 -0.003610 -0.013717 -0.367773 -0.328662 -0.314297 -0.146371 -0.229909 0.440811 0.525192 1.000000 -0.230354 -0.110747 0.050465 0.194735 -0.129317 -0.261125 -0.091882 -0.261135 -0.024087 -0.037176 -0.128015 0.107664 0.077714 0.106814 -0.021912 -0.001080 -0.070814 0.158552 -0.232242 -0.067775 -0.112711 0.016135 -0.064825 0.075007 -0.360488 -0.384107 -0.397390 -0.435839 -0.026308 -0.155628 0.275013 0.424572 0.107509 0.072319 -0.520949 -0.120598 -0.324154 -0.460074 -0.479081 -0.389493 -0.511806 -0.201901 -0.291702 -0.335603 -0.291277 -0.375388 -0.213042 -0.270628 -0.153531 -0.265950 -0.173851 -0.102924 0.125960 -0.147004 0.322961 0.364957 0.438480 0.476356 -0.059647 0.321435 -0.059160 0.263116 0.268009 0.225015 0.356991 0.313582 0.408920 0.264079 0.140410 0.299644 -0.093780 0.067930 0.078288 0.095096 -0.000038 -0.166118 0.105904 0.267644 0.390962 -0.473076
