1.000000 0.145348 0.151424 -0.084385 -0.062697 0.083255 -0.012852 -0.136177 0.166236 -0.141349 0.230562 0.042801 0.344671 0.281991 0.121698 0.242503 0.414590 0.169565 0.061813 -0.211615 -0.272256 -0.043781 -0.036358 -0.312802 -0.110163 -0.173382 0.026445 0.141162 -0.113123 -0.308998 -0.417007 -0.219656 0.338307 -0.184107 -0.072935 -0.187632 -0.121909 -0.319232 -0.027720 -0.190152 -0.224456 -0.283888 -0.099442 -0.026449 -0.109323 -0.146783 -0.010386 -0.073892 0.058555 -0.106761 -0.109922 0.060655 0.107907 -0.064986 0.183156 0.246662 0.433397 0.049165 0.412830 -0.081745 0.401872 0.132265 0.208103 -0.005858 -0.045157 -0.019999 0.145283 -0.101676 0.207551 -0.081867 -0.371703 -0.070282 0.015652 -0.008833 0.202232 -0.205110 0.120925 -0.240907 -0.049525 0.172094 0.103162 0.093518 0.010663 -0.091681 -0.058985 0.102718 -0.026670 -0.161806 0.005329 0.248512 -0.263697 0.032591 -0.163218 0.013149 -0.198821 -0.001540 -0.170061 0.133221 -0.073444 0.138642 -0.139712 0.086163 -0.145088 0.149329 0.022136 -0.172187 -0.373749 -0.178096 0.136602 0.163046 0.237655 -0.277883 0.074268 0.052990 0.165569 0.107475
0.145348 1.000000 -0.345176 0.045066 -0.057987 -0.221900 -0.372502 0.100239 -0.053038 -0.027800 -0.014357 0.046072 0.068762 0.339956 -0.141448 0.141220 0.299576 0.344735 -0.261635 0.185749 -0.221952 0.080283 -0.434592 -0.345172 -0.111712 -0.372158 -0.246553 -0.113274 -0.014111 0.197407 -0.177260 -0.345035 0.130149 -0.040712 -0.164758 -0.295096 -0.003597 0.064827 -0.383939 -0.099390 0.012118 0.134814 -0.197795 -0.255537 -0.168815 -0.268603 -0.134906 -0.187910 0.143680 -0.019908 0.166357 0.136678 0.180149 0.004481 -0.038324 -0.180500 0.118711 0.447365 0.048392 0.398837 0.109089 0.393708 0.059362 0.436409 -0.099142 -0.009113 0.060794 -0.063095 0.152252 -0.047834 -0.179641 -0.003851 0.082539 0.108942 -0.026786 -0.072575 0.190701 -0.222684 0.268659 0.184222 0.326675 0.313737 -0.318366 -0.090645 -0.161544 0.010779 -0.152374 0.072237 -0.218084 -0.067891 0.274575 -0.120945 0.050321 -0.013872 -0.157207 -0.049199 -0.137635 -0.005474 0.305508 0.087610 0.199912 0.001078 0.129670 -0.023531 0.023062 -0.191488 0.177345 0.204812 0.031080 -0.007421 -0.031586 0.206232 -0.032854 0.172837 -0.066600 -0.040648
0.151424 -0.345176 1.000000 0.087431 0.130293 0.166224 0.554489 0.342256 0.215854 0.183527 -0.207447 -0.200815 0.126443 0.026611 0.041037 -0.061210 -0.252217 -0.223278 0.095641 -0.343407 0.062049 -0.140226 0.164086 -0.108723 -0.002816 0.059197 0.128681 -0.148400 -0.141518 -0.187936 -0.001662 -0.019278 0.066118 -0.226390 -0.108354 0.010865 -0.123984 -0.250759 0.195221 -0.122561 -0.273401 -0.216247 0.126497 0.135903 0.102346 0.049191 0.012404 0.066608 0.153412 0.012278 -0.207517 0.141310 -0.006743 -0.147389 0.079408 0.292289 -0.211219 -0.470547 0.205432 -0.153259 0.303289 0.079103 -0.228589 -0.229310 0.090905 -0.013981 0.004215 0.108033 -0.213073 -0.161431 -0.073974 -0.085896 -0.232360 -0.117824 0.094337 0.025350 -0.159009 -0.058172 -0.126376 -0.276997 -0.255273 -0.232427 -0.039811 -0.137235 -0.209085 -0.222958 0.038317 -0.142771 0.095679 -0.009148 0.165295 0.135950 0.022053 0.248184 -0.021562 0.139019 -0.074101 -0.123022 -0.182318 0.010752 0.084332 0.337140 -0.070380 -0.019504 0.029444 0.126171 0.114122 0.026091 -0.062635 0.037152 0.027707 -0.263594 0.077709 -0.156552 0.012444 0.068877
-0.084385 0.045066 0.087431 1.000000 0.345374 0.349703 0.163846 0.649747 0.307782 0.208267 -0.236011 0.319781 -0.080269 0.219748 0.067434 0.385354 -0.135343 -0.148927 -0.004050 -0.106505 -0.045554 0.219328 0.007941 0.253524 -0.007495 0.226110 0.066748 0.284009 -0.119801 0.203705 -0.066875 -0.004252 -0.116042 -0.065599 -0.103214 0.158266 -0.403242 -0.021003 0.153504 0.270576 -0.168163 0.022296 0.009177 0.111399 -0.083636 0.031179 0.030363 0.106302 -0.101661 0.081436 -0.205404 -0.052944 -0.172777 0.185298 0.016999 0.150900 -0.062196 -0.208108 -0.271242 -0.139454 -0.274918 0.229562 -0.061296 -0.179964 -0.174077 0.372340 -0.466767 -0.117016 -0.449109 -0.324866 -0.277097 -0.208201 -0.336759 -0.179607 -0.051050 -0.037888 -0.145691 -0.334392 -0.153948 -0.213053 0.018103 -0.103452 -0.056137 0.259498 -0.161700 -0.009036 0.091475 0.059446 0.253636 0.325541 0.137497 -0.255420 0.287394 -0.201735 -0.213114 -0.141390 0.103343 -0.080105 -0.073975 -0.200091 0.242692 -0.141505 -0.023852 -0.130455 -0.006008 -0.115566 -0.048820 -0.319100 0.057552 -0.186130 -0.211189 -0.153529 -0.071974 -0.073764 0.048434 -0.084754
-0.062697 -0.057987 0.130293 0.345374 1.000000 0.599832 0.085320 0.317456 0.744531 0.190266 -0.060747 0.345574 -0.141567 0.069308 0.484628 0.477003 -0.147624 -0.170047 0.149603 -0.335507 0.393735 0.507117 0.364430 0.300650 0.366825 0.355953 0.572050 0.394705 -0.045054 0.053183 0.168631 0.299420 -0.093807 -0.025087 -0.033375 0.140910 -0.156057 -0.051386 0.399037 0.190237 0.088509 -0.114959 -0.372395 -0.453083 -0.464479 -0.326589 -0.493662 -0.427966 -0.603579 -0.500843 -0.309093 -0.504210 -0.136342 -0.254495 0.128224 -0.124273 0.035672 -0.057460 0.093701 -0.336534 0.029964 0.091949 -0.194764 -0.395175 0.360584 0.458690 -0.580143 -0.067124 -0.250227 -0.191708 -0.279188 0.013273 -0.312198 -0.145480 -0.126357 0.129457 -0.128631 -0.302727 -0.107301 -0.067215 -0.149793 -0.331236 0.339299 0.554365 0.206099 0.131216 0.223018 0.199888 0.532026 0.440498 -0.041988 -0.136921 0.331692 0.424888 -0.024220 0.099881 0.023469 -0.033722 -0.388264 -0.150202 0.068632 0.211189 -0.060888 -0.066113 -0.145227 0.101354 -0.041218 -0.156323 0.321304 -0.208920 -0.252353 -0.198322 -0.080859 -0.015452 0.080164 -0.088891
0.083255 -0.221900 0.166224 0.349703 0.599832 1.000000 0.091174 0.174453 0.504912 0.174987 -0.037083 0.273538 -0.115431 0.025984 0.394446 0.254852 -0.032609 -0.395736 -0.051047 -0.427772 0.361301 0.333323 0.301673 0.366149 0.198305 0.395133 0.576909 0.634179 -0.257562 -0.202889 -0.176821 -0.058223 -0.195975 -0.301837 0.098353 0.211361 -0.052735 -0.056885 0.490959 0.224191 -0.145532 -0.160636 -0.320419 -0.307587 -0.320992 -0.104192 -0.353065 -0.300573 -0.467964 -0.393464 -0.289688 -0.336320 -0.227026 -0.110810 0.364995 0.131122 0.088111 -0.096671 0.141237 -0.308362 -0.127318 -0.020478 -0.129697 -0.487689 0.230830 0.537886 -0.469915 0.042983 -0.301250 -0.195762 -0.187957 -0.060931 -0.366511 -0.284938 -0.175566 -0.083135 -0.046420 -0.329391 -0.346440 0.017741 -0.176264 -0.358890 0.174334 0.260589 0.237885 0.307705 0.532637 0.247208 0.534079 0.605236 -0.037405 -0.058288 0.510017 0.351069 0.099377 0.192401 0.135350 0.145053 -0.452237 -0.121256 -0.076213 0.313800 -0.183675 0.080607 -0.031997 0.183556 -0.213715 -0.117338 0.125263 -0.116542 -0.125767 -0.146975 -0.036486 -0.124960 0.145522 -0.060747
-0.012852 -0.372502 0.554489 0.163846 0.085320 0.091174 1.000000 0.398327 0.194533 0.376509 -0.118933 -0.067726 0.350871 -0.096785 -0.121473 -0.056937 -0.005984 -0.185575 0.225545 -0.204663 0.023488 -0.197439 -0.001636 -0.130679 -0.116323 0.052100 0.031988 -0.208966 0.101176 0.224095 0.154638 0.077610 0.293055 0.111837 -0.183192 -0.024811 -0.198785 -0.263224 -0.034292 -0.235134 -0.024840 -0.375968 0.170468 0.174373 0.191105 0.328492 0.079918 -0.014790 -0.009509 0.117908 -0.279552 0.036902 -0.029057 0.015607 -0.139373 0.167486 -0.385641 -0.670052 0.033226 -0.126702 0.353754 0.156656 0.125297 -0.026173 -0.118350 -0.058706 0.027489 0.088302 -0.437507 -0.126285 0.035932 0.142580 0.176632 -0.114896 0.250646 0.095774 -0.303470 0.023444 -0.007742 -0.005613 -0.186222 0.011921 -0.218137 -0.030193 -0.233920 -0.066730 0.057458 -0.125902 -0.187151 -0.079994 -0.053377 -0.061718 -0.139649 -0.038673 -0.020728 0.105966 -0.192269 -0.401888 -0.263312 -0.230797 -0.016955 0.238633 -0.297504 -0.037856 0.093868 0.132936 -0.104221 -0.196733 -0.211495 -0.117611 -0.186169 -0.372417 0.049902 -0.087947 0.213617 0.254536
-0.136177 0.100239 0.342256 0.649747 0.317456 0.174453 0.398327 1.000000 0.319213 0.292850 -0.371487 0.079068 -0.060839 0.245180 -0.067647 0.149471 -0.192473 0.103323 -0.095033 -0.064287 -0.026448 0.105231 -0.143930 -0.045847 -0.219767 -0.031698 -0.022066 -0.119347 -0.305873 0.294355 -0.043058 -0.108994 -0.002324 -0.017729 -0.134204 0.181133 -0.332167 -0.153571 -0.162021 -0.013878 -0.133079 -0.030658 -0.072770 -0.013941 0.066979 0.118470 -0.083297 -0.070561 0.022483 0.074468 -0.383970 0.083514 -0.046877 -0.152588 -0.129672 -0.009045 -0.330373 -0.349742 0.048550 0.145325 0.182257 0.568971 -0.042613 -0.015378 -0.146603 0.335652 -0.301548 0.005692 -0.475511 -0.294706 -0.143391 -0.178791 -0.194686 0.015115 0.137212 0.162512 -0.095990 -0.250109 -0.026646 -0.130000 0.002479 0.029717 -0.316147 -0.015434 -0.330168 -0.242830 0.053912 0.040323 0.162389 0.150625 0.480121 -0.303639 0.405668 -0.042277 -0.205137 -0.119031 -0.152215 -0.261452 -0.113519 -0.323332 0.286941 0.115813 -0.048859 -0.220111 -0.028889 -0.075874 0.168936 -0.183262 -0.037914 -0.232800 -0.179783 -0.203148 -0.161032 -0.236713 -0.022619 -0.162096
0.166236 -0.053038 0.215854 0.307782 0.744531 0.504912 0.194533 0.319213 1.000000 0.128410 -0.173701 0.265760 0.079240 0.230211 0.514370 0.546747 0.013493 -0.140690 0.056098 -0.351884 0.325895 0.426794 0.223312 0.059740 0.276471 0.269321 0.385547 0.332875 -0.055365 0.027985 -0.017758 0.121295 0.110381 -0.149513 -0.090511 0.064927 -0.095002 -0.053239 0.311529 0.164630 0.105815 -0.109431 -0.287736 -0.344229 -0.363099 -0.208368 -0.347339 -0.304375 -0.442814 -0.267148 -0.408369 -0.418703 -0.032534 -0.121170 0.186012 -0.002736 0.090774 -0.152375 0.212486 -0.312000 0.174609 0.186970 -0.101987 -0.312898 0.123615 0.217416 -0.490658 -0.237583 -0.170599 -0.136060 -0.274891 0.022826 -0.280388 -0.091862 -0.089975 0.218881 -0.043921 -0.235574 -0.194980 0.000294 -0.041364 -0.213844 0.223359 0.445418 0.046785 0.000089 0.137416 0.117618 0.471916 0.546427 -0.082808 0.015633 0.236794 0.400469 -0.107943 0.001269 -0.172334 -0.108035 -0.365162 -0.089023 0.090112 0.252450 -0.051905 -0.111476 -0.154435 0.005489 -0.078263 -0.272636 0.371613 -0.171918 -0.171366 -0.325446 -0.142651 0.104685 0.093763 -0.050486
-0.141349 -0.027800 0.183527 0.208267 0.190266 0.174987 0.376509 0.292850 0.128410 1.000000 -0.019912 -0.004546 0.123136 -0.136647 -0.319250 0.035161 -0.133653 -0.066042 0.154863 0.019761 0.244938 0.200920 -0.258373 0.076167 -0.149269 0.027064 0.034905 -0.081502 -0.075405 0.412391 0.087597 0.075434 0.241913 0.137547 -0.146373 0.019142 -0.119021 0.021593 0.008897 0.007358 0.105573 0.027280 -0.078413 -0.037946 0.010207 0.073151 -0.075092 -0.143872 -0.007515 -0.073689 -0.042263 0.067146 -0.099960 0.096023 0.046310 0.069806 -0.194582 -0.209912 -0.091690 0.060046 0.028360 0.218990 -0.001550 0.077641 -0.099498 0.089400 0.011660 0.128396 -0.499589 -0.185672 -0.101681 -0.053781 0.230010 0.010352 0.036279 0.157055 -0.330980 -0.313093 -0.021641 0.029168 -0.077263 -0.043779 -0.245587 -0.042837 -0.028125 0.048796 0.224221 0.242545 -0.024991 -0.044414 0.130541 -0.279382 0.043055 0.082966 0.084429 0.254192 -0.004554 -0.297608 -0.068367 -0.164411 0.151276 0.110519 -0.124396 -0.085419 0.027986 0.032662 0.015962 -0.028434 -0.089638 -0.170108 -0.243924 -0.084307 -0.130520 -0.021995 -0.018251 0.053838
0.230562 -0.014357 -0.207447 -0.236011 -0.060747 -0.037083 -0.118933 -0.371487 -0.173701 -0.019912 1.000000 0.316091 0.324247 0.072737 0.190852 0.007709 0.302600 0.034977 0.413092 -0.061047 -0.084835 -0.089584 0.039035 0.070264 -0.122747 -0.015373 -0.037196 -0.005180 0.346800 -0.187545 -0.130539 0.077535 -0.127657 -0.152928 -0.020724 -0.294791 -0.020697 -0.253738 -0.101147 -0.194344 -0.101799 -0.359184 -0.036723 -0.042623 -0.106291 -0.097371 -0.093498 -0.119267 -0.085506 -0.054077 0.114337 0.001996 0.187371 -0.023540 0.041237 -0.024725 -0.233212 -0.158509 0.193158 -0.183898 -0.068919 -0.074152 -0.138388 -0.199219 0.116778 0.070123 -0.083840 -0.244867 -0.055725 -0.044726 -0.180380 0.166925 0.068821 0.004472 -0.069478 -0.024909 -0.121706 -0.058079 0.032779 -0.114903 -0.141627 -0.242894 0.281579 0.074258 0.492693 0.382077 -0.083418 -0.044853 -0.060859 0.002252 -0.098286 0.312613 -0.027635 0.085667 0.206576 0.097050 -0.113504 -0.189211 -0.141117 0.161359 -0.033141 -0.091612 0.106676 0.259123 0.266013 0.350673 -0.100672 0.172712 -0.153467 0.148951 0.056160 -0.059487 0.121376 0.057062 0.244377 0.420016
0.042801 0.046072 -0.200815 0.319781 0.345574 0.273538 -0.067726 0.079068 0.265760 -0.004546 0.316091 1.000000 -0.057416 0.364995 0.273098 0.370101 0.132338 0.037163 0.107377 -0.078722 -0.038732 0.278723 0.353674 0.408814 0.006850 0.114374 0.270951 0.249846 0.150016 0.063962 0.077059 0.378865 -0.047873 0.081828 0.058524 -0.119274 -0.122594 -0.159318 -0.033005 -0.061397 -0.005394 -0.265906 -0.136684 -0.132692 -0.259703 -0.063267 -0.345106 -0.140330 -0.344921 -0.141658 -0.091713 -0.383793 -0.229436 -0.076825 -0.088652 -0.275674 0.005940 -0.142960 -0.070373 -0.502580 -0.073247 0.094524 0.047196 -0.208803 0.448510 0.573578 -0.442966 -0.050774 -0.216491 -0.311306 -0.498623 -0.045704 -0.286977 -0.247581 -0.138748 -0.177621 -0.308088 -0.314623 -0.066763 -0.095818 -0.391910 -0.328738 0.356869 0.559759 0.411258 0.585580 0.255450 0.258662 0.365714 0.289504 -0.148316 -0.042987 0.218127 0.116669 -0.073222 0.052932 -0.218839 -0.140303 -0.532547 -0.384257 -0.189331 -0.207565 -0.286102 -0.243697 -0.195035 0.167379 -0.126102 -0.284782 -0.219826 0.173142 0.152713 -0.443873 -0.307384 -0.109980 -0.074184 0.027445
0.344671 0.068762 0.126443 -0.080269 -0.141567 -0.115431 0.350871 -0.060839 0.079240 0.123136 0.324247 -0.057416 1.000000 0.165108 0.167098 0.135722 0.450945 0.065678 0.206565 -0.255496 -0.214450 -0.046263 -0.087833 -0.369221 0.090199 0.010742 -0.081615 -0.070242 0.203741 0.069529 -0.121914 -0.168892 0.164614 -0.230473 -0.383799 -0.250714 0.056198 -0.150825 -0.140726 -0.240655 0.091020 -0.312125 0.061879 0.062050 -0.189955 -0.085052 0.040027 -0.202612 0.097958 -0.024409 -0.011774 0.122621 0.301367 0.039828 0.113225 0.126902 -0.168678 -0.257461 0.352404 0.165743 0.245021 0.256546 0.090455 0.105775 -0.281204 -0.217020 0.068942 -0.300452 -0.068362 0.022024 -0.150796 0.219190 0.162704 0.089587 0.261293 0.118072 0.160819 -0.005911 -0.074740 0.133946 -0.024631 0.123970 0.010894 -0.174085 -0.126541 -0.101462 -0.168660 -0.195780 -0.253114 0.118369 -0.164582 0.033258 -0.145870 0.074669 0.018596 -0.027955 -0.123627 -0.211856 0.015532 0.098906 0.021878 0.312056 -0.131852 0.139584 0.294711 0.207383 -0.158425 -0.096582 0.107026 -0.085870 -0.311438 -0.158239 0.305622 0.348522 0.547316 0.494605
0.281991 0.339956 0.026611 0.219748 0.069308 0.025984 -0.096785 0.245180 0.230211 -0.136647 0.072737 0.364995 0.165108 1.000000 0.225765 0.368294 0.286185 0.301455 -0.388535 -0.342022 -0.130494 0.255806 0.035410 -0.094748 -0.071312 -0.088794 0.033338 0.014034 -0.130462 0.045784 -0.286582 -0.229845 -0.084674 -0.325925 -0.152892 -0.211561 0.072572 0.070583 -0.066908 -0.111402 -0.092757 -0.067267 0.007290 -0.073165 -0.181606 -0.082589 -0.160078 -0.139871 0.106939 -0.011005 0.117316 0.215608 0.186653 0.011664 0.222608 0.031203 0.000723 -0.118498 0.194815 0.020631 0.275375 0.286133 0.001450 0.195045 0.073964 0.224635 -0.181583 -0.184169 -0.235239 -0.327930 -0.420983 -0.036186 -0.189227 -0.007567 -0.157402 -0.032890 -0.050050 -0.386075 -0.112852 -0.014563 -0.173745 0.039728 0.101814 0.074773 -0.114349 0.091403 -0.057604 0.063281 0.227929 0.309178 0.118597 -0.316776 0.107805 -0.014147 0.013622 -0.105122 -0.193549 -0.063277 -0.215190 -0.049010 0.211060 0.070985 -0.086447 -0.218287 -0.013205 -0.009612 0.119247 -0.087715 -0.101960 0.080969 0.116793 -0.204681 -0.155706 -0.224956 -0.115587 -0.054463
0.121698 -0.141448 0.041037 0.067434 0.484628 0.394446 -0.121473 -0.067647 0.514370 -0.319250 0.190852 0.273098 0.167098 0.225765 1.000000 0.478207 0.112963 -0.216251 0.069736 -0.270036 0.358067 0.283476 0.649650 0.311330 0.448143 0.445290 0.459265 0.607056 -0.034415 -0.303111 -0.140437 0.082497 -0.201916 -0.371292 -0.093942 -0.015108 0.015897 -0.099678 0.445159 0.327985 0.024458 -0.020573 -0.350319 -0.261830 -0.528450 -0.375103 -0.387628 -0.257353 -0.385250 -0.315870 -0.088710 -0.361374 0.027761 -0.075845 0.224297 -0.073957 -0.002790 0.086249 0.362940 -0.354500 -0.101924 -0.139273 -0.402507 -0.482394 0.418300 0.214247 -0.553939 -0.336889 0.072226 -0.013008 -0.271217 0.049378 -0.519289 -0.021349 -0.184853 0.056962 0.112771 -0.072575 -0.162688 -0.019772 -0.230034 -0.338631 0.694663 0.351232 0.400366 0.069359 0.131308 0.095908 0.615853 0.547954 -0.273307 0.214986 0.338097 0.400336 0.038387 -0.135106 0.009363 -0.061786 -0.414593 -0.109725 0.015705 0.076719 -0.050188 -0.153358 -0.186109 0.080125 -0.120270 -0.010778 0.277321 -0.159865 -0.063327 -0.187009 0.204160 0.161236 0.208427 0.006305
0.242503 0.141220 -0.061210 0.385354 0.477003 0.254852 -0.056937 0.149471 0.546747 0.035161 0.007709 0.370101 0.135722 0.368294 0.478207 1.000000 0.267454 0.074514 -0.049016 -0.268851 0.097537 0.363993 0.254121 0.230229 0.245104 0.189227 0.229123 0.359163 0.047737 0.145239 -0.102372 0.078303 0.054273 -0.191960 -0.376841 -0.245763 0.019227 0.005084 0.196449 0.116774 0.030145 -0.058274 -0.170926 -0.159677 -0.430771 -0.318553 -0.213633 -0.298366 -0.201586 -0.107134 -0.171699 -0.095742 0.140835 0.241246 0.297362 0.076350 0.191331 -0.053703 0.044983 -0.176815 -0.057822 0.111975 -0.025596 -0.146682 -0.046045 0.092254 -0.485891 -0.541685 -0.141970 -0.251811 -0.392802 0.059168 -0.183655 0.111549 0.008923 0.138606 0.093083 -0.235044 -0.142046 0.045569 -0.089097 -0.124695 0.222261 0.434157 0.003094 0.003635 0.076726 0.153775 0.288959 0.588350 -0.070089 0.028549 0.208143 0.196111 -0.096920 -0.067664 -0.127788 -0.167328 -0.195584 -0.073803 0.250211 0.011980 -0.077799 -0.005635 0.043495 -0.004568 -0.220136 -0.340463 0.212530 -0.136864 -0.287484 -0.103063 -0.060244 0.139683 0.193686 0.126488
0.414590 0.299576 -0.252217 -0.135343 -0.147624 -0.032609 -0.005984 -0.192473 0.013493 -0.133653 0.302600 0.132338 0.450945 0.286185 0.112963 0.267454 1.000000 0.384638 -0.228162 -0.302228 -0.179824 0.087534 -0.215275 -0.262030 -0.053794 -0.268533 -0.078771 -0.044893 0.228290 0.127255 -0.183053 -0.246580 0.055338 -0.185982 -0.180871 -0.424034 0.080104 -0.090024 -0.278575 -0.324032 0.136945 -0.119686 -0.197509 -0.215044 -0.355624 -0.296432 -0.144841 -0.438374 -0.172245 -0.155990 0.058514 -0.035545 0.156121 0.184908 0.171698 -0.093544 0.278278 0.116728 0.142979 -0.034469 0.245098 0.179990 0.400491 0.379869 -0.155147 -0.156113 -0.064313 -0.229281 0.073700 -0.083703 -0.202339 0.298340 0.278423 0.150254 0.059409 -0.125131 0.148808 -0.208276 0.091537 0.391621 0.324148 0.427904 -0.116870 -0.108210 0.102210 0.249912 -0.096792 -0.167627 -0.225415 0.115260 -0.155803 0.047383 -0.066891 0.064661 -0.080432 -0.113202 -0.187878 -0.108286 -0.005233 0.147882 -0.030312 0.202229 -0.135449 0.344227 0.357747 0.260307 -0.321781 0.001379 -0.080586 0.061906 -0.191666 -0.005592 0.171204 0.259013 0.496977 0.466539
0.169565 0.344735 -0.223278 -0.148927 -0.170047 -0.395736 -0.185575 0.103323 -0.140690 -0.066042 0.034977 0.037163 0.065678 0.301455 -0.216251 0.074514 0.384638 1.000000 -0.171383 0.069969 -0.116888 0.157753 -0.246627 -0.275750 -0.232583 -0.373156 -0.277864 -0.388276 0.045500 0.326422 0.148877 -0.006359 0.217239 0.176521 -0.049585 -0.201752 0.089928 0.054695 -0.426708 -0.360676 0.222332 0.164727 -0.206916 -0.241667 -0.107074 -0.210876 -0.167218 -0.335448 0.034974 -0.122791 0.054096 -0.023666 0.052670 -0.047562 -0.231554 -0.356379 0.187123 0.201404 -0.074110 0.182943 0.300884 0.318477 0.291941 0.556841 -0.127813 -0.064517 0.226906 -0.082210 0.149370 0.000590 -0.080496 0.121714 0.329199 0.446617 0.233578 0.082888 0.249337 -0.015998 0.369047 0.302130 0.210768 0.442859 -0.143082 -0.122633 -0.016734 0.084105 -0.219420 0.085754 -0.116889 -0.150599 0.081092 -0.215266 -0.040529 0.011037 -0.100056 -0.200272 -0.230524 -0.097863 0.003322 -0.014384 0.029313 0.031061 -0.160321 -0.067642 -0.072581 -0.049176 0.000853 0.014856 -0.066420 0.001290 0.020180 0.028253 -0.376963 -0.182956 -0.089442 -0.064458
0.061813 -0.261635 0.095641 -0.004050 0.149603 -0.051047 0.225545 -0.095033 0.056098 0.154863 0.413092 0.107377 0.206565 -0.388535 0.069736 -0.049016 -0.228162 -0.171383 1.000000 0.278189 0.091793 -0.095602 0.128089 0.093293 0.067021 0.070506 0.201752 0.066144 0.359437 -0.006800 0.128004 0.393681 0.243791 0.307418 -0.016815 0.018567 -0.208959 -0.341454 0.104251 -0.041302 -0.023935 -0.264830 -0.005265 0.009486 0.049047 -0.023000 -0.028086 -0.015637 -0.200499 -0.036113 -0.146362 -0.277558 0.075267 -0.147799 -0.244157 -0.043203 -0.285707 -0.264911 0.043534 -0.360679 -0.038146 -0.086698 -0.283158 -0.386436 0.102038 -0.060814 -0.025028 -0.105524 -0.132330 0.008006 0.007132 0.143711 0.022339 -0.054420 0.221139 0.057735 -0.081999 0.083191 0.115684 -0.288837 -0.158124 -0.349656 0.302006 0.236839 0.361039 0.178553 0.005693 0.152253 0.040436 -0.137055 -0.215543 0.271387 -0.081682 0.130422 0.005128 0.024903 -0.126395 -0.168605 -0.225464 -0.093931 -0.076559 -0.195278 -0.007626 -0.043913 -0.115561 0.071553 -0.306387 -0.219573 0.024834 0.084710 -0.030362 -0.369708 0.056087 0.165090 0.114825 0.197472
-0.211615 0.185749 -0.343407 -0.106505 -0.335507 -0.427772 -0.204663 -0.064287 -0.351884 0.019761 -0.061047 -0.078722 -0.255496 -0.342022 -0.270036 -0.268851 -0.302228 0.069969 0.278189 1.000000 -0.079924 -0.245250 -0.221976 0.008339 -0.133498 -0.225080 -0.245614 -0.111987 0.018098 0.205109 0.053990 0.124592 0.338987 0.445954 0.035439 0.079233 -0.104628 0.147660 -0.113221 0.229182 0.143499 0.485862 -0.056402 0.159186 0.215015 0.191935 0.184114 0.261514 0.151106 0.219844 -0.055443 -0.061415 -0.190980 -0.104896 -0.446472 -0.300909 -0.018046 0.268607 -0.261354 0.135667 -0.120869 -0.042381 -0.049510 0.191193 -0.074152 -0.201509 0.316074 0.157754 0.239064 0.189683 0.215948 0.005244 0.170572 0.298136 0.228029 0.203014 0.189398 0.327104 0.219253 -0.134599 0.145137 0.069020 -0.027417 -0.001344 0.012953 -0.088427 -0.109279 0.325924 -0.190337 -0.454176 0.039893 0.023630 -0.191463 -0.234595 -0.236358 -0.252726 -0.151381 -0.107261 0.145233 -0.207960 0.034589 -0.355891 0.142676 -0.360042 -0.369116 -0.516498 0.078933 0.049101 -0.137429 -0.144429 0.187865 -0.005821 -0.191937 -0.024582 -0.414208 -0.422174
-0.272256 -0.221952 0.062049 -0.045554 0.393735 0.361301 0.023488 -0.026448 0.325895 0.244938 -0.084835 -0.038732 -0.214450 -0.130494 0.358067 0.097537 -0.179824 -0.116888 0.091793 -0.079924 1.000000 0.423617 0.141986 0.342427 0.196945 0.335248 0.298200 0.197739 0.018989 -0.052133 0.192978 0.235608 -0.101578 0.011627 -0.024882 0.045578 0.056534 0.061526 0.282504 0.164708 0.214530 0.140959 -0.187500 -0.376759 -0.104970 -0.160798 -0.257000 -0.227082 -0.308570 -0.177512 -0.101190 -0.214829 -0.084513 0.058436 0.137331 0.001225 -0.111803 0.107010 -0.012891 -0.226837 -0.126957 -0.232353 -0.280479 -0.336955 0.266098 -0.002789 -0.225380 -0.092597 -0.163366 0.136606 0.180051 0.153776 -0.145726 0.056423 -0.324880 0.248118 -0.158400 -0.098339 0.014299 0.188098 -0.295591 -0.315635 0.257369 0.205860 0.342602 0.053141 0.332480 0.231168 0.433957 0.175300 -0.139621 0.001984 0.225108 0.325430 0.318381 0.253583 0.214695 0.048255 -0.296764 -0.076261 -0.063153 0.018891 -0.019030 -0.357461 -0.280380 0.082252 0.142828 0.054083 0.044606 -0.016961 0.037781 0.091839 -0.039755 -0.020875 -0.170546 -0.123947
-0.043781 0.080283 -0.140226 0.219328 0.507117 0.333323 -0.197439 0.105231 0.426794 0.200920 -0.089584 0.278723 -0.046263 0.255806 0.283476 0.363993 0.087534 0.157753 -0.095602 -0.245250 0.423617 1.000000 0.201702 0.341804 0.112582 0.406050 0.352580 0.218309 -0.228648 0.127251 0.029792 0.216084 -0.115444 0.062259 -0.014391 0.109275 -0.011662 0.217990 0.212950 0.116747 0.111588 0.095762 -0.277561 -0.389978 -0.390217 -0.336698 -0.455045 -0.409917 -0.381678 -0.387292 0.078863 -0.257092 -0.146236 -0.058102 0.288701 -0.127805 0.225035 0.242694 -0.118953 -0.196052 -0.115243 0.105486 0.028398 -0.143665 0.230205 0.268099 -0.351612 -0.131181 -0.145201 -0.090613 -0.206636 0.219740 -0.252215 -0.020293 -0.263284 0.088037 -0.032885 -0.279354 0.080736 0.230076 -0.136327 -0.169436 0.190095 0.201821 0.179769 0.071435 0.302087 0.262619 0.450986 0.409845 -0.115406 -0.396423 0.153567 0.230934 0.229388 0.189084 0.254418 0.188888 -0.363221 -0.171056 -0.099065 0.035859 -0.177357 -0.196024 -0.174015 0.157049 0.113968 -0.254812 0.156197 0.061446 -0.027119 -0.063748 -0.285068 0.009538 -0.131216 -0.110604
-0.036358 -0.434592 0.164086 0.007941 0.364430 0.301673 -0.001636 -0.143930 0.223312 -0.258373 0.039035 0.353674 -0.087833 0.035410 0.649650 0.254121 -0.215275 -0.246627 0.128089 -0.221976 0.141986 0.201702 1.000000 0.567531 0.347979 0.444115 0.542717 0.537269 -0.223554 -0.312040 0.043259 0.274442 -0.201472 -0.105912 0.027075 0.160357 0.064829 -0.087516 0.479015 0.202559 -0.072869 -0.140181 -0.076942 0.050874 -0.212576 -0.042202 -0.260137 0.006641 -0.172493 -0.208760 0.189750 -0.370969 -0.093334 -0.066694 0.183564 -0.056751 0.062295 0.012441 0.134767 -0.525921 -0.190346 -0.376375 -0.227596 -0.511791 0.624964 0.352307 -0.401187 -0.102604 0.068601 -0.169066 -0.305603 -0.118121 -0.486497 -0.114925 -0.091712 -0.197425 -0.133643 -0.009252 -0.176096 -0.037614 -0.509925 -0.393661 0.651837 0.316469 0.381796 0.204717 0.284152 0.223476 0.593969 0.427367 -0.406904 0.097748 0.193849 0.279163 0.123507 0.002147 0.115321 -0.018770 -0.507347 -0.348814 -0.355122 -0.088894 -0.326396 -0.256009 -0.388100 0.114612 -0.141410 -0.175877 0.044550 -0.029275 0.128945 -0.313484 -0.026654 -0.161176 -0.077481 -0.177261
-0.312802 -0.345172 -0.108723 0.253524 0.300650 0.366149 -0.130679 -0.045847 0.059740 0.076167 0.070264 0.408814 -0.369221 -0.094748 0.311330 0.230229 -0.262030 -0.275750 0.093293 0.008339 0.342427 0.341804 0.567531 1.000000 0.335241 0.544498 0.441596 0.487461 -0.157707 -0.203963 0.118997 0.389848 -0.281572 0.102800 -0.002412 0.305273 -0.028322 0.047155 0.316537 0.235489 -0.090144 -0.019471 -0.156667 -0.024684 -0.010410 0.084729 -0.255752 0.033474 -0.186892 -0.076010 0.177527 -0.260155 -0.093001 0.089872 0.179976 -0.101596 0.009277 0.011855 -0.157986 -0.552336 -0.455604 -0.407179 -0.293349 -0.537651 0.467696 0.342564 -0.498619 -0.017476 -0.233848 -0.271473 -0.020249 -0.058779 -0.325008 -0.094611 -0.262478 -0.008166 -0.301297 -0.173306 -0.131517 0.033156 -0.496506 -0.489196 0.352475 0.302886 0.330840 0.150216 0.312033 0.412474 0.454091 0.279363 -0.084404 0.105807 0.306940 0.166283 0.235433 0.251370 0.200980 0.030673 -0.401379 -0.364325 -0.190895 -0.329500 -0.139747 -0.278267 -0.331114 0.174297 0.120885 -0.061085 -0.256923 0.129379 0.085728 -0.047118 -0.118129 -0.198365 -0.287602 -0.152360
-0.110163 -0.111712 -0.002816 -0.007495 0.366825 0.198305 -0.116323 -0.219767 0.276471 -0.149269 -0.122747 0.006850 0.090199 -0.071312 0.448143 0.245104 -0.053794 -0.232583 0.067021 -0.133498 0.196945 0.112582 0.347979 0.335241 1.000000 0.496971 0.475629 0.503685 0.040355 -0.255275 0.225574 0.116067 -0.124516 -0.064418 -0.191115 0.236606 0.203708 0.193577 0.416736 0.252138 0.176560 0.058605 -0.175046 -0.109998 -0.211101 -0.237643 -0.195736 -0.080584 -0.222727 -0.296231 0.082360 -0.281310 0.036249 -0.044047 0.190105 0.030005 0.127431 0.128287 -0.014010 -0.284800 -0.187125 -0.475214 -0.247178 -0.254207 0.133134 -0.022134 -0.235575 0.047792 0.077908 0.047108 0.104611 0.066945 -0.267467 0.016255 -0.090971 0.180857 0.166747 0.007998 -0.221607 -0.030712 -0.129134 -0.208700 0.465656 0.214342 -0.066510 -0.189923 -0.055958 0.250504 0.215030 0.125961 -0.272076 0.183096 -0.016197 0.317899 -0.024014 0.045939 0.208023 0.184442 0.016587 0.090091 0.050062 0.142288 0.130109 -0.059852 -0.184786 -0.008179 0.064238 0.056049 0.135572 -0.196916 -0.164343 0.031942 0.229387 0.125929 0.076262 -0.088511
-0.173382 -0.372158 0.059197 0.226110 0.355953 0.395133 0.052100 -0.031698 0.269321 0.027064 -0.015373 0.114374 0.010742 -0.088794 0.445290 0.189227 -0.268533 -0.373156 0.070506 -0.225080 0.335248 0.406050 0.444115 0.544498 0.496971 1.000000 0.379705 0.500638 -0.224514 -0.216789 0.179297 0.329161 -0.074070 0.151363 0.026958 0.387873 -0.155152 0.156806 0.372479 0.255890 -0.143263 -0.091756 -0.088315 0.073086 -0.052223 -0.001993 -0.190537 0.091442 -0.182904 -0.155321 -0.002548 -0.169416 -0.231872 -0.019193 0.145473 0.126923 -0.098957 -0.110741 -0.162597 -0.289594 -0.295706 -0.292155 -0.183174 -0.482091 0.210073 0.246143 -0.310799 0.075788 -0.179954 0.043151 0.048117 -0.027539 -0.427004 -0.253092 -0.262524 0.228612 -0.097985 0.097585 -0.326755 -0.010771 -0.468102 -0.546210 0.355106 0.133203 -0.053303 -0.201229 0.219117 0.168864 0.325008 0.283784 -0.297022 -0.033646 0.099018 0.181592 0.409533 0.240602 0.480409 0.116519 -0.318882 -0.244367 -0.147828 -0.082060 -0.106110 -0.182221 -0.246022 0.203414 0.181979 -0.065111 0.030593 -0.095542 0.023875 0.029879 -0.042310 -0.074654 -0.034986 0.019820
0.026445 -0.246553 0.128681 0.066748 0.572050 0.576909 0.031988 -0.022066 0.385547 0.034905 -0.037196 0.270951 -0.081615 0.033338 0.459265 0.229123 -0.078771 -0.277864 0.201752 -0.245614 0.298200 0.352580 0.542717 0.441596 0.475629 0.379705 1.000000 0.634009 -0.255207 -0.172329 -0.083387 0.141071 -0.104360 -0.125513 -0.032923 0.100439 0.061243 -0.033534 0.516508 0.120470 -0.056917 -0.101945 -0.310766 -0.344370 -0.355349 -0.273913 -0.469204 -0.399460 -0.490412 -0.517410 0.104826 -0.385185 0.001769 -0.236005 0.373553 0.005199 0.083508 0.052538 0.109051 -0.494852 -0.053226 -0.278581 -0.286597 -0.433110 0.472039 0.271147 -0.426118 0.048716 -0.246027 -0.291312 -0.163339 0.039209 -0.383351 -0.192905 -0.142447 -0.038370 -0.039517 -0.295259 -0.321152 0.074922 -0.319485 -0.314943 0.458796 0.299255 0.354130 0.263393 0.398624 0.435874 0.659315 0.469566 -0.213775 0.001041 0.264817 0.538644 0.151297 0.162838 0.140165 0.185355 -0.429078 -0.227417 -0.143181 0.182317 -0.122008 -0.045839 -0.226698 0.118747 -0.205585 -0.183064 0.096380 0.024410 -0.038906 -0.236704 -0.034731 -0.063808 -0.043849 -0.075939
0.141162 -0.113274 -0.148400 0.284009 0.394705 0.634179 -0.208966 -0.119347 0.332875 -0.081502 -0.005180 0.249846 -0.070242 0.014034 0.607056 0.359163 -0.044893 -0.388276 0.066144 -0.111987 0.197739 0.218309 0.537269 0.487461 0.503685 0.500638 0.634009 1.000000 -0.299515 -0.312606 -0.248607 -0.099633 -0.093343 -0.218181 0.032986 0.194994 -0.053264 0.053260 0.557221 0.474932 -0.028514 0.058743 -0.324162 -0.091350 -0.357717 -0.180652 -0.260916 -0.070043 -0.283641 -0.297152 0.080487 -0.341555 -0.047490 0.019127 0.403992 0.119877 0.225143 0.269607 0.108026 -0.421430 -0.352432 -0.381140 -0.251320 -0.478855 0.290744 0.342452 -0.492993 -0.068347 -0.036388 -0.172937 -0.249412 -0.222135 -0.469263 -0.154380 -0.143476 -0.184946 0.024917 -0.226157 -0.342719 0.038410 -0.136371 -0.240025 0.498949 0.261594 0.278521 0.216738 0.365270 0.400904 0.599902 0.571268 -0.355939 0.066440 0.354317 0.264712 0.127333 0.012861 0.277307 0.243218 -0.317197 -0.191982 -0.149099 -0.065032 -0.113898 -0.089811 -0.315771 -0.084142 -0.327705 -0.127961 0.218869 -0.140805 -0.027305 -0.147635 0.065932 0.015885 0.068954 -0.209635
-0.113123 -0.014111 -0.141518 -0.119801 -0.045054 -0.257562 0.101176 -0.305873 -0.055365 -0.075405 0.346800 0.150016 0.203741 -0.130462 -0.034415 0.047737 0.228290 0.045500 0.359437 0.018098 0.018989 -0.228648 -0.223554 -0.157707 0.040355 -0.224514 -0.255207 -0.299515 1.000000 0.163844 0.349706 0.393023 0.021444 0.122116 0.019008 -0.361171 0.058622 -0.146212 -0.158976 -0.170561 0.312155 -0.098317 0.152224 -0.106973 -0.064639 -0.129862 0.154573 -0.093374 -0.239478 0.188362 -0.182609 -0.095778 0.079807 0.256933 -0.307833 -0.181332 -0.208644 -0.232175 -0.138333 -0.113905 -0.016860 -0.015562 -0.060357 0.077905 -0.160552 -0.336475 0.098776 -0.266550 -0.060453 0.217242 0.191732 0.432518 0.332340 -0.127379 0.013187 0.035513 -0.033638 0.160483 0.411846 -0.202217 0.112596 0.019879 0.094641 0.361059 0.206646 0.168216 -0.367943 -0.262001 -0.379755 -0.320568 -0.108788 0.229756 -0.255063 -0.108419 -0.227234 -0.072837 -0.289062 -0.161089 0.146010 0.304976 0.177145 -0.055575 0.174881 0.270422 0.305177 0.177877 -0.176905 0.092624 0.051295 0.180049 -0.283333 -0.002752 0.215521 0.457503 0.358243 0.456087
-0.308998 0.197407 -0.187936 0.203705 0.053183 -0.202889 0.224095 0.294355 0.027985 0.412391 -0.187545 0.063962 0.069529 0.045784 -0.303111 0.145239 0.127255 0.326422 -0.006800 0.205109 -0.052133 0.127251 -0.312040 -0.203963 -0.255275 -0.216789 -0.172329 -0.312606 0.163844 1.000000 0.243406 0.102377 0.260753 0.374714 -0.152275 -0.120966 -0.039594 0.309723 -0.105257 -0.016410 0.413265 0.334254 -0.125301 -0.154700 -0.246487 -0.080829 -0.145831 -0.272077 -0.260503 -0.009088 -0.161071 -0.057496 -0.206405 0.128387 -0.273152 -0.239893 -0.059339 -0.047680 -0.348160 0.246302 0.059469 0.385948 0.250537 0.543893 -0.226654 -0.119943 0.022020 -0.003019 -0.128872 0.052212 -0.050811 0.065111 0.493812 0.241340 0.273117 0.188147 0.139477 0.012115 0.072544 0.122096 0.206085 0.320994 -0.185426 0.136859 -0.088495 0.046037 0.090895 0.219805 -0.179205 -0.126508 0.092609 -0.406487 -0.146813 -0.129898 -0.101467 -0.227231 -0.138385 -0.317265 0.034064 -0.181446 0.317078 -0.064503 -0.066324 -0.132328 0.015224 -0.083238 -0.104629 -0.240315 -0.027300 -0.310110 -0.280812 -0.042872 -0.250641 -0.099627 0.036309 0.096307
-0.417007 -0.177260 -0.001662 -0.066875 0.168631 -0.176821 0.154638 -0.043058 -0.017758 0.087597 -0.130539 0.077059 -0.121914 -0.286582 -0.140437 -0.102372 -0.183053 0.148877 0.128004 0.053990 0.192978 0.029792 0.043259 0.118997 0.225574 0.179297 -0.083387 -0.248607 0.349706 0.243406 1.000000 0.587282 0.061469 0.488507 -0.057113 -0.043659 0.060686 0.195109 -0.054778 -0.055448 0.427452 0.080768 -0.018280 -0.124029 0.011809 -0.100627 -0.076961 -0.082690 -0.233346 -0.127595 -0.136239 -0.390378 -0.271520 -0.085436 -0.410575 -0.324245 -0.161707 -0.066399 -0.300992 -0.126489 0.013597 -0.041806 0.116262 0.171158 0.098922 -0.016957 0.133757 0.198170 0.089481 0.344523 0.216729 0.141810 0.307252 0.027553 -0.007896 0.184102 -0.221055 0.112123 0.149926 0.088957 -0.155691 -0.131822 0.060840 0.161889 -0.065084 -0.095019 -0.056380 0.068256 -0.150288 -0.355462 -0.064183 0.061790 -0.224923 0.140328 0.120743 0.227157 0.237735 -0.002358 -0.041987 -0.127664 -0.117280 0.094653 -0.057249 -0.124767 -0.149665 0.241282 0.248935 0.034670 -0.108755 0.055973 -0.087795 0.124182 -0.062765 -0.029202 0.019353 -0.030020
-0.219656 -0.345035 -0.019278 -0.004252 0.299420 -0.058223 0.077610 -0.108994 0.121295 0.075434 0.077535 0.378865 -0.168892 -0.229845 0.082497 0.078303 -0.246580 -0.006359 0.393681 0.124592 0.235608 0.216084 0.274442 0.389848 0.116067 0.329161 0.141071 -0.099633 0.393023 0.102377 0.587282 1.000000 0.100359 0.480849 0.154778 0.071721 -0.069030 0.021461 0.089794 0.071327 0.177967 -0.047429 -0.072140 -0.148127 -0.033041 -0.068523 -0.187921 -0.069500 -0.345925 -0.109564 -0.196501 -0.412087 -0.270221 -0.114723 -0.389117 -0.400433 -0.057384 -0.148428 -0.236530 -0.427694 -0.035006 -0.004132 -0.117393 -0.216061 0.337652 0.110799 -0.057814 0.041128 -0.110206 0.053990 0.028958 0.243228 0.063103 -0.255730 -0.029468 0.186617 -0.207013 0.182490 0.198482 -0.143531 -0.391948 -0.411613 0.344230 0.579740 0.218914 0.092808 -0.002818 0.086502 0.100811 -0.144429 -0.206647 -0.036603 -0.160724 0.091504 0.022697 0.117550 -0.020367 -0.105445 -0.318151 -0.331531 -0.166621 -0.240757 -0.135886 -0.221158 -0.241974 0.098570 0.005029 -0.140975 0.036568 0.246844 -0.007296 -0.174778 -0.144599 0.094191 -0.096013 0.049629
0.338307 0.130149 0.066118 -0.116042 -0.093807 -0.195975 0.293055 -0.002324 0.110381 0.241913 -0.127657 -0.047873 0.164614 -0.084674 -0.201916 0.054273 0.055338 0.217239 0.243791 0.338987 -0.101578 -0.115444 -0.201472 -0.281572 -0.124516 -0.074070 -0.104360 -0.093343 0.021444 0.260753 0.061469 0.100359 1.000000 0.540985 -0.033047 -0.149073 -0.260502 -0.102818 -0.197009 -0.127533 -0.028009 -0.012035 -0.222004 -0.024735 -0.017146 0.009897 -0.069701 -0.098840 0.057361 -0.021248 -0.151831 -0.092614 -0.212272 -0.102512 -0.271448 -0.066354 0.140203 -0.023331 -0.002902 0.069096 0.401143 0.169433 0.324291 0.339911 -0.094044 -0.125357 0.442722 0.297308 0.075859 0.037889 -0.029377 -0.006514 0.334446 0.062487 0.342068 0.105555 -0.015052 0.085448 0.058147 0.156967 0.006647 0.080168 -0.193215 -0.135155 -0.242478 0.019799 -0.115799 0.243918 -0.198874 -0.176403 -0.225763 -0.079897 -0.237160 0.068816 -0.131235 -0.150525 -0.273589 -0.267421 -0.177729 -0.194167 -0.129107 -0.084096 -0.369848 -0.169007 -0.275675 -0.315088 -0.153914 -0.206099 -0.040294 -0.088729 0.009702 -0.301388 -0.261689 -0.017216 -0.087672 -0.014082
-0.184107 -0.040712 -0.226390 -0.065599 -0.025087 -0.301837 0.111837 -0.017729 -0.149513 0.137547 -0.152928 0.081828 -0.230473 -0.325925 -0.371292 -0.191960 -0.185982 0.176521 0.307418 0.445954 0.011627 0.062259 -0.105912 0.102800 -0.064418 0.151363 -0.125513 -0.218181 0.122116 0.374714 0.488507 0.480849 0.540985 1.000000 0.203060 0.260733 -0.314027 0.042124 -0.238892 -0.122533 0.167567 0.061144 -0.056704 0.068296 0.220633 0.163020 -0.047671 0.118813 -0.122257 0.038861 -0.106778 -0.256275 -0.416919 -0.150424 -0.521002 -0.261546 0.030744 -0.015311 -0.373078 -0.089643 0.132233 0.018248 0.367317 0.236267 0.096777 -0.001086 0.252255 0.419845 0.034706 0.130850 0.160112 0.009881 0.310842 -0.011306 0.119465 0.126661 -0.170227 0.162375 0.184329 0.116436 -0.076146 -0.025225 -0.131763 0.009049 -0.122726 0.013687 -0.044560 0.239254 -0.243064 -0.424164 -0.221092 -0.224992 -0.261552 -0.162334 0.011925 0.022262 -0.010153 -0.068300 -0.138809 -0.350323 -0.275130 -0.388386 -0.247375 -0.332105 -0.430553 -0.106364 0.049454 -0.165483 -0.263209 0.045400 0.210531 -0.162632 -0.364375 -0.171436 -0.330677 -0.095308
-0.072935 -0.164758 -0.108354 -0.103214 -0.033375 0.098353 -0.183192 -0.134204 -0.090511 -0.146373 -0.020724 0.058524 -0.383799 -0.152892 -0.093942 -0.376841 -0.180871 -0.049585 -0.016815 0.035439 -0.024882 -0.014391 0.027075 -0.002412 -0.191115 0.026958 -0.032923 0.032986 0.019008 -0.152275 -0.057113 0.154778 -0.033047 0.203060 1.000000 0.318048 -0.292379 -0.186798 -0.112184 -0.014459 -0.156250 -0.058195 0.029249 0.052561 0.160435 0.107746 0.083627 0.168228 -0.091281 0.004216 0.049310 -0.135399 -0.367496 -0.239307 -0.244517 -0.023519 0.172119 0.083651 -0.108841 -0.136087 -0.181737 -0.116611 0.084511 -0.135718 0.239594 0.206673 0.134241 0.409844 0.078114 0.097815 0.176609 -0.099740 -0.116233 -0.288161 -0.260615 -0.154802 -0.076926 0.156469 0.064138 -0.172700 0.057337 -0.186507 -0.010433 -0.007185 0.186071 0.186238 0.039761 -0.143324 0.033318 -0.193451 -0.108658 -0.042870 -0.003983 -0.163532 -0.046885 0.056571 -0.094250 0.296753 -0.077755 0.035288 -0.277965 -0.209087 -0.092827 0.046427 -0.032819 0.062876 -0.107688 -0.006698 0.111461 0.213207 0.220609 -0.108152 -0.117195 0.011754 -0.145553 0.017414
-0.187632 -0.295096 0.010865 0.158266 0.140910 0.211361 -0.024811 0.181133 0.064927 0.019142 -0.294791 -0.119274 -0.250714 -0.211561 -0.015108 -0.245763 -0.424034 -0.201752 0.018567 0.079233 0.045578 0.109275 0.160357 0.305273 0.236606 0.387873 0.100439 0.194994 -0.361171 -0.120966 -0.043659 0.071721 -0.149073 0.260733 0.318048 1.000000 -0.191958 0.123435 0.214697 0.288259 -0.190867 0.050592 -0.005907 0.230821 0.308260 0.429671 -0.043316 0.362682 -0.042513 -0.030285 -0.148588 -0.175270 -0.266108 -0.312099 -0.164471 -0.033302 0.037234 -0.094923 -0.017198 -0.093055 -0.087089 -0.057185 -0.125744 -0.263753 0.144206 0.292624 -0.130865 0.344959 -0.043745 -0.047502 0.058564 -0.264788 -0.241065 -0.086730 -0.006078 0.164982 0.098650 0.164072 -0.144981 -0.158299 -0.041954 -0.128048 0.073143 0.031098 -0.153694 -0.158963 0.050016 0.075675 0.131092 -0.060325 -0.022751 -0.199015 0.129677 -0.217857 -0.070945 -0.120937 0.080153 0.008734 -0.076540 -0.247204 -0.050746 -0.117362 -0.005607 -0.213993 -0.346240 -0.258372 0.022642 -0.029805 0.050367 -0.166592 0.172196 -0.169963 -0.135863 -0.232846 -0.329035 -0.340173
