1.000000 0.010970 0.358430 -0.166732 -0.104447 -0.099905 0.371639 -0.167544 -0.330617 -0.070323 0.135583 -0.278477 -0.151509 -0.327318 -0.218957 -0.071127 0.070049 -0.015924 0.700096 0.453007 0.044584 -0.138210 -0.035867 -0.193791 -0.107920 -0.235837 -0.039953 -0.170188 -0.002040 -0.168439 -0.028247 -0.122997 0.598536 0.212179 -0.007001 -0.180946 0.017159 -0.470705 -0.116448 -0.225939 0.043626 -0.203141 -0.408918 -0.486222 -0.102911 -0.295497 -0.143187 -0.257806 -0.099333 -0.264781 -0.287787 -0.488726 -0.287324 -0.412210 -0.156381 -0.275323 0.855251 0.195814 0.585932 0.018036 0.628480 0.151218 0.311383 -0.079663 0.254968 -0.140157 0.490190 -0.030002 0.695142 0.203077 -0.019935 -0.204933 -0.047200 -0.084593 0.064627 0.008131 0.010957 -0.334529 0.053019 -0.072478 -0.054637 0.153886 -0.151016 0.198474 -0.052046 -0.057763 -0.061166 0.087469 0.021156 0.127529 -0.066741 -0.071221 -0.175960 -0.062450 -0.155772 -0.365652 -0.179931 -0.442754 -0.048552 -0.177590 -0.178004 0.136041 -0.060983 0.209517 0.028195 -0.013263 0.016855 0.198523 -0.296342 -0.250459 -0.379210 -0.407203 -0.363228 -0.309957 -0.207542 -0.284569
0.010970 1.000000 -0.140968 0.674241 -0.157195 0.194029 -0.165348 0.577880 -0.450740 0.086821 -0.134820 0.593939 -0.436079 0.333197 -0.498075 -0.025711 -0.409763 0.213346 0.311323 0.534389 -0.508244 -0.192168 -0.096008 0.149738 -0.553671 -0.282097 -0.014876 0.182331 -0.658393 -0.053670 -0.439967 -0.102252 0.148102 0.462102 -0.405766 -0.029260 -0.621142 -0.136054 -0.409444 0.060452 -0.401855 -0.010018 -0.508464 -0.160665 -0.476676 -0.051332 -0.632467 -0.120760 -0.524734 -0.052475 -0.315478 0.123056 -0.525603 -0.064313 -0.489775 -0.035511 -0.199615 0.684496 0.021701 0.623037 0.082232 0.683865 0.308317 0.743388 0.009442 0.522811 -0.003567 0.429929 0.221733 0.424490 -0.668481 0.004562 -0.702640 0.098683 -0.699298 -0.133669 -0.632101 -0.159599 -0.639986 0.242400 -0.534533 -0.053157 -0.198931 0.197340 -0.286920 0.006598 -0.207702 -0.172634 -0.204822 0.394159 0.263952 0.284729 0.049807 0.199947 -0.441255 -0.417692 -0.529889 -0.244912 -0.397669 -0.199622 -0.141510 0.229338 -0.143289 0.397920 0.055173 0.001130 0.294801 0.250427 -0.549606 -0.594535 -0.481565 -0.477998 -0.348940 -0.156241 -0.153556 -0.358835
0.358430 -0.140968 1.000000 0.284925 0.393392 0.215695 0.914068 0.197466 0.092448 0.231942 0.177510 -0.222743 0.414773 -0.023051 0.067577 0.331214 -0.235395 -0.127096 0.466527 0.382185 0.297867 0.174364 0.728946 0.496522 0.408394 0.487741 0.254372 0.125913 0.004450 0.113214 0.636494 0.608575 0.476552 0.567639 -0.229862 -0.107496 -0.164615 -0.254496 -0.347292 -0.211216 0.108915 0.073681 -0.163015 -0.110290 0.107587 0.049041 -0.264588 -0.018027 0.084661 0.046092 -0.296685 -0.250873 -0.392044 -0.033759 -0.555272 -0.362029 0.184934 -0.119506 0.332243 -0.095483 0.313061 -0.050879 0.107248 -0.262828 0.039377 -0.324781 0.243256 0.006109 0.111816 0.036377 0.224085 0.421933 0.053048 0.164162 0.046708 0.401998 -0.096667 -0.224069 -0.155373 -0.077517 -0.150311 0.128582 -0.228388 0.445371 -0.507930 -0.298994 -0.198849 -0.054556 -0.422203 -0.050438 -0.329098 -0.263585 -0.532766 -0.416162 -0.398620 -0.443720 -0.461364 -0.519782 -0.540760 -0.512720 -0.570428 -0.295087 -0.440813 -0.280110 -0.485514 -0.486136 -0.464606 0.227696 -0.403982 -0.322413 -0.439627 -0.580010 -0.587471 -0.617495 -0.474170 -0.448007
-0.166732 0.674241 0.284925 1.000000 0.161535 0.548008 0.201339 0.751552 -0.199593 0.351166 -0.090284 0.497532 -0.113690 0.414705 -0.249433 0.224792 -0.587646 0.051489 0.126028 0.501716 -0.184750 0.120174 0.520659 0.717966 -0.112868 0.292534 0.252870 0.604397 -0.614504 0.020875 0.068959 0.423776 0.008188 0.560731 -0.413990 0.099335 -0.768890 -0.020088 -0.589741 0.004770 -0.281022 0.148178 -0.422640 0.069625 -0.332611 0.201696 -0.722817 0.026332 -0.374921 0.027384 -0.349439 0.161206 -0.604335 0.148576 -0.730799 -0.150688 -0.383017 0.281327 -0.157021 0.456261 -0.140508 0.312479 0.119333 0.281306 -0.069714 0.364942 -0.199867 0.455128 -0.136243 0.389450 -0.445192 0.430004 -0.624687 0.206103 -0.661684 0.093903 -0.681100 -0.163270 -0.601665 0.065945 -0.628178 -0.224363 -0.205393 0.393468 -0.386585 -0.095047 -0.128997 -0.125915 -0.358356 0.282056 0.101128 0.194475 -0.184765 0.036104 -0.524616 -0.488014 -0.688900 -0.366020 -0.678573 -0.290606 -0.374903 0.090493 -0.410887 0.125081 -0.315333 -0.266339 -0.068637 0.169519 -0.593069 -0.588901 -0.381795 -0.552476 -0.496756 -0.310922 -0.307652 -0.461632
-0.104447 -0.157195 0.393392 0.161535 1.000000 0.663340 0.337944 0.038548 0.727252 0.613971 0.169222 -0.189127 0.348645 0.061469 0.628520 0.575379 -0.157930 -0.196142 0.055388 0.008821 0.554193 0.419032 0.441828 0.278942 0.727439 0.504524 0.803048 0.423955 0.167177 0.039834 0.446327 0.345335 -0.189312 -0.036383 -0.172587 -0.134537 -0.010458 0.048987 0.018041 -0.182170 0.397308 0.458816 0.062174 0.039269 0.066200 0.119903 -0.031554 0.036263 0.179525 -0.031508 0.006783 0.035266 0.072979 0.116207 -0.296834 -0.414871 -0.175550 -0.315353 0.082214 -0.005367 -0.005975 -0.071425 0.025276 -0.113408 -0.055020 -0.193905 -0.016272 -0.177614 -0.014961 -0.013986 0.253741 0.196466 0.102997 0.049358 0.066066 0.092418 -0.111291 -0.272307 -0.123230 -0.423565 -0.057289 -0.121072 0.231136 0.291386 -0.298494 -0.202864 0.052262 -0.027612 -0.094503 -0.148332 -0.293179 -0.225369 -0.327890 -0.285831 -0.058453 -0.210124 -0.222006 -0.239079 -0.372570 -0.267065 -0.377764 -0.254368 -0.348181 -0.242251 -0.304908 -0.165370 -0.330348 -0.365031 0.004060 -0.085288 -0.150905 -0.119122 -0.139803 -0.223929 -0.205795 -0.288676
-0.099905 0.194029 0.215695 0.548008 0.663340 1.000000 0.175695 0.400907 0.399947 0.809790 -0.020177 0.170482 -0.020467 0.267877 0.238579 0.702430 -0.444151 -0.099557 -0.009175 0.129340 0.327938 0.375082 0.419646 0.464482 0.431705 0.551537 0.731632 0.677961 -0.311805 0.085472 0.187354 0.277319 -0.216727 0.105218 -0.269159 0.021443 -0.476764 0.155175 -0.263333 -0.077726 0.096655 0.481170 -0.198424 0.106362 -0.242266 0.126739 -0.369303 0.087108 -0.158583 -0.040526 -0.172267 0.173343 -0.197343 0.218757 -0.547252 -0.263826 -0.252644 -0.111060 -0.095659 0.363214 -0.130135 0.116160 -0.052593 -0.026172 -0.081282 0.121705 -0.107955 0.159636 -0.081413 0.280991 -0.120410 0.249729 -0.389616 0.166501 -0.415909 0.025274 -0.518580 -0.334174 -0.393074 -0.318181 -0.481494 -0.318882 -0.052689 0.432056 -0.302617 -0.084635 0.031087 0.053307 -0.214676 0.201597 -0.112906 0.105522 -0.266421 0.008980 -0.232005 -0.381091 -0.444614 -0.304833 -0.578214 -0.089545 -0.369389 0.087653 -0.415370 0.134444 -0.289054 -0.130709 -0.174455 -0.202092 -0.276555 -0.314812 -0.191444 -0.226830 -0.193978 -0.180842 -0.289638 -0.435876
0.371639 -0.165348 0.914068 0.201339 0.337944 0.175695 1.000000 0.201701 0.038789 0.257686 0.286440 -0.197543 0.474956 0.023067 0.058212 0.378902 -0.114096 -0.093486 0.407539 0.292065 0.341882 0.107180 0.665916 0.409619 0.384818 0.430807 0.225932 0.069574 0.093800 0.149830 0.592320 0.577332 0.520248 0.514231 -0.142847 -0.214800 -0.092130 -0.329878 -0.305531 -0.314918 0.136058 0.033793 -0.222255 -0.213563 0.132683 -0.046963 -0.196539 -0.167775 0.112702 0.023889 -0.208625 -0.292094 -0.283981 -0.064510 -0.462220 -0.458760 0.191515 -0.137722 0.340365 -0.113737 0.352913 -0.073614 0.214953 -0.282121 0.145040 -0.321000 0.256082 -0.074249 0.123988 0.027912 0.226667 0.377645 0.112593 0.175392 0.071187 0.380376 -0.102559 -0.332994 -0.037419 -0.090321 -0.039988 0.133206 -0.207720 0.431144 -0.348075 -0.326656 -0.054951 -0.071165 -0.341463 -0.157179 -0.326746 -0.363109 -0.498565 -0.494550 -0.397009 -0.458882 -0.403330 -0.598151 -0.445935 -0.576604 -0.509709 -0.350697 -0.390847 -0.346226 -0.425450 -0.473329 -0.442045 0.239896 -0.420504 -0.353364 -0.485906 -0.543259 -0.546394 -0.623978 -0.466974 -0.440076
-0.167544 0.577880 0.197466 0.751552 0.038548 0.400907 0.201701 1.000000 -0.173845 0.456426 0.009478 0.754364 -0.045461 0.781398 -0.340412 0.348924 -0.545867 0.198692 -0.059489 0.238409 -0.315076 -0.088811 0.332481 0.533556 -0.204321 0.281891 0.012839 0.262758 -0.627666 0.252400 -0.045740 0.378613 0.011306 0.557941 -0.418324 0.043177 -0.739634 -0.065932 -0.687150 -0.022828 -0.481134 0.093828 -0.424382 0.003752 -0.276228 0.219358 -0.617311 -0.042843 -0.144865 0.275147 -0.142425 0.314465 -0.501349 0.158641 -0.663821 -0.045459 -0.377506 0.129050 -0.174280 0.417870 -0.069621 0.502886 -0.017751 0.283179 0.077153 0.512252 -0.210433 0.497800 -0.204593 0.239166 -0.553522 0.435906 -0.614324 0.325065 -0.644448 0.136702 -0.620990 -0.209554 -0.521112 0.145362 -0.560762 -0.187086 -0.427053 0.139729 -0.398649 -0.247332 -0.303412 -0.208460 -0.470417 0.172588 0.009160 0.135820 -0.206338 -0.024911 -0.440852 -0.303617 -0.622784 -0.245434 -0.618186 -0.102797 -0.424232 -0.063796 -0.503777 0.155773 -0.358947 -0.308342 -0.040372 0.331328 -0.571492 -0.510470 -0.416019 -0.449781 -0.354318 -0.280666 -0.241960 -0.342640
-0.330617 -0.450740 0.092448 -0.199593 0.727252 0.399947 0.038789 -0.173845 1.000000 0.417517 0.139301 -0.145699 0.366646 0.090616 0.716889 0.413694 0.084517 -0.107023 -0.263397 -0.456945 0.570188 0.458453 0.181799 -0.036689 0.637902 0.374859 0.621577 0.179106 0.381604 0.136208 0.372915 0.188900 -0.335308 -0.290651 0.010594 -0.080437 0.314895 0.371026 0.252777 -0.034702 0.434017 0.499006 0.301518 0.147420 0.095884 0.075431 0.257614 0.045254 0.255161 -0.055570 0.157976 0.124672 0.315189 0.117358 0.069613 -0.164736 -0.298368 -0.546250 -0.156801 -0.296390 -0.209602 -0.287799 -0.271211 -0.276149 -0.108321 -0.239027 -0.276090 -0.367740 -0.237319 -0.362872 0.424200 0.136258 0.378319 0.085659 0.365706 0.097277 0.274177 0.005382 0.194233 -0.269998 0.210303 -0.069397 0.224416 -0.105444 -0.072536 -0.018359 0.026522 -0.012214 0.080553 -0.270054 -0.324512 -0.178302 -0.021655 -0.132235 0.314919 0.236407 0.188584 0.219617 -0.017910 0.132199 -0.016452 -0.210316 0.017923 -0.250352 -0.103358 0.085580 -0.311000 -0.465956 0.413556 0.327256 0.179633 0.352082 0.351177 0.167329 0.145184 0.157062
-0.070323 0.086821 0.231942 0.351166 0.613971 0.809790 0.257686 0.456426 0.417517 1.000000 0.114979 0.216823 0.110511 0.369999 0.202664 0.794272 -0.366111 -0.102287 -0.118236 0.013638 0.187454 0.139670 0.343839 0.389821 0.390911 0.503323 0.499724 0.279359 -0.242579 0.172204 0.117272 0.253640 -0.160321 0.095773 -0.169131 -0.075311 -0.442403 0.000484 -0.268731 -0.240673 -0.020788 0.395469 -0.227929 0.013168 -0.004443 0.240905 -0.297737 0.025815 0.114020 0.172708 -0.033179 0.231261 -0.167992 0.244981 -0.462213 -0.296485 -0.184517 -0.207191 -0.069352 0.218346 0.076899 0.180043 0.011844 -0.018225 0.190795 0.195245 -0.122193 0.117863 -0.129326 0.156749 -0.199287 0.151696 -0.328600 0.111856 -0.348131 -0.007536 -0.495573 -0.462276 -0.228827 -0.258350 -0.340098 -0.214070 -0.035003 0.355497 -0.284028 -0.223903 0.037645 0.035472 -0.258758 0.004349 -0.157858 0.089321 -0.287406 -0.007112 -0.190239 -0.390999 -0.446223 -0.336350 -0.538718 -0.091712 -0.356376 -0.031764 -0.459228 -0.012781 -0.354785 -0.256015 -0.187914 -0.111476 -0.322863 -0.386750 -0.281127 -0.191019 -0.161992 -0.201822 -0.237217 -0.363595
0.135583 -0.134820 0.177510 -0.090284 0.169222 -0.020177 0.286440 0.009478 0.139301 0.114979 1.000000 0.002240 0.645535 0.085883 0.366062 0.204533 0.465809 -0.036395 -0.088064 -0.144420 0.364415 0.187293 0.196576 -0.045940 0.279963 0.162790 0.201385 -0.039659 0.522694 0.093015 0.367736 0.294175 0.033599 0.072494 0.265385 -0.147195 0.201711 -0.075641 -0.196923 -0.339983 0.337582 0.148727 0.089419 -0.046087 0.096182 0.018980 0.148872 -0.200878 0.089084 -0.132335 0.247351 -0.164079 0.063188 -0.018465 -0.096897 -0.334938 -0.078818 -0.290662 -0.090180 -0.188733 -0.067639 -0.162220 0.235654 -0.204763 0.135375 -0.257972 -0.120511 -0.238924 0.106704 -0.211724 0.389252 0.148248 0.387083 0.141167 0.321478 0.277624 0.355861 0.068355 0.408954 0.088713 0.423622 0.143797 0.201849 0.107053 0.207851 -0.143534 0.039597 -0.114638 -0.107275 -0.313878 -0.408975 -0.409259 -0.378538 -0.458807 -0.093285 -0.116121 -0.108770 -0.221088 -0.174621 -0.360096 -0.382316 -0.431686 -0.333524 -0.524526 -0.356324 -0.263728 -0.363994 -0.130513 -0.183880 -0.080092 -0.160248 -0.178554 -0.215254 -0.333385 -0.199531 -0.099359
-0.278477 0.593939 -0.222743 0.497532 -0.189127 0.170482 -0.197543 0.754364 -0.145699 0.216823 0.002240 1.000000 -0.194937 0.833969 -0.349568 0.130056 -0.430321 0.534307 -0.233069 -0.054104 -0.335224 -0.039765 0.041935 0.223648 -0.476899 -0.035941 -0.057112 0.178122 -0.529834 0.395461 -0.266427 0.178438 -0.203318 0.250998 -0.440606 -0.058333 -0.520365 0.202105 -0.438520 0.088481 -0.455727 0.198797 -0.330928 -0.025460 -0.351965 0.066841 -0.395391 -0.120486 -0.176383 0.177965 -0.051242 0.227667 -0.286465 0.057595 -0.304792 0.136162 -0.449046 0.228500 -0.326997 0.229589 -0.224620 0.471820 -0.247257 0.323470 -0.006701 0.572556 -0.480034 0.261639 -0.208113 -0.058244 -0.533826 0.394797 -0.531777 0.495728 -0.519248 0.192214 -0.447166 0.019750 -0.393965 0.346653 -0.437791 -0.023268 -0.291158 -0.032376 -0.115083 0.000304 -0.225060 -0.220459 -0.156138 0.174600 0.134507 0.156111 0.158297 0.145100 -0.206111 -0.028275 -0.308206 0.077159 -0.200821 0.157821 -0.073032 0.035511 -0.204472 0.234740 -0.139789 0.036177 0.144546 0.120280 -0.310917 -0.237852 -0.221322 -0.049688 0.017104 0.068836 0.051315 -0.081482
-0.151509 -0.436079 0.414773 -0.113690 0.348645 -0.020467 0.474956 -0.045461 0.366646 0.110511 0.645535 -0.194937 1.000000 0.079146 0.490818 0.251766 0.424528 -0.126456 -0.249581 -0.279535 0.424259 0.225979 0.419933 0.149947 0.597060 0.471492 0.185054 -0.033935 0.597876 0.137285 0.678354 0.518830 -0.077786 0.003820 0.202167 -0.085383 0.226725 -0.052891 -0.142012 -0.294708 0.337230 0.064619 0.260197 0.104437 0.387263 0.203675 0.167143 -0.079905 0.395114 0.108402 0.249576 -0.060289 0.173451 0.000265 -0.079393 -0.321159 -0.150059 -0.450524 -0.010366 -0.305865 -0.027618 -0.318292 0.116428 -0.283885 -0.025901 -0.398827 -0.079818 -0.326451 -0.278470 -0.349386 0.628191 0.316853 0.595320 0.080853 0.469836 0.379316 0.409817 0.128900 0.448841 -0.025885 0.505891 0.137720 0.082648 0.047395 -0.027890 -0.263196 -0.104969 -0.183732 -0.253295 -0.372840 -0.510064 -0.509836 -0.381125 -0.538915 -0.088698 0.011420 -0.060675 -0.148807 -0.188689 -0.399943 -0.301411 -0.496674 -0.264015 -0.669038 -0.462031 -0.420356 -0.481725 -0.095328 0.010782 0.032548 -0.065535 -0.089314 -0.185954 -0.348260 -0.229112 -0.050550
-0.327318 0.333197 -0.023051 0.414705 0.061469 0.267877 0.023067 0.781398 0.090616 0.369999 0.085883 0.833969 0.079146 1.000000 -0.157851 0.380835 -0.403200 0.478015 -0.309211 -0.165730 -0.147679 0.051091 0.204100 0.262640 -0.142509 0.232749 0.032201 0.114080 -0.373667 0.540849 0.013343 0.389237 -0.240155 0.207966 -0.483056 -0.152965 -0.457596 0.180111 -0.506030 0.025246 -0.376292 0.291657 -0.191096 0.011811 -0.237659 0.117117 -0.274502 -0.080572 -0.068011 0.267965 -0.057611 0.242299 -0.181459 0.170881 -0.372829 0.075396 -0.491736 -0.006584 -0.166415 0.249657 -0.182600 0.455733 -0.284773 0.179937 -0.099552 0.383441 -0.377784 0.134149 -0.295368 -0.104562 -0.319794 0.533848 -0.355641 0.543899 -0.376744 0.315910 -0.391243 -0.075931 -0.337359 0.227887 -0.313013 0.000730 -0.348226 0.007418 -0.264295 -0.135113 -0.232047 -0.221132 -0.265777 0.082186 -0.100877 -0.013763 -0.081573 -0.067488 -0.185891 0.015920 -0.315407 0.044889 -0.306940 0.061631 -0.229074 -0.131148 -0.338288 0.048796 -0.320315 -0.097672 -0.075003 0.142607 -0.224796 -0.144619 -0.237324 -0.036630 -0.019174 -0.091634 -0.088331 -0.118146
-0.218957 -0.498075 0.067577 -0.249433 0.628520 0.238579 0.058212 -0.340412 0.716889 0.202664 0.366062 -0.349568 0.490818 -0.157851 1.000000 0.333288 0.293889 -0.222843 -0.248136 -0.466131 0.722000 0.538890 0.223687 -0.085038 0.691328 0.304271 0.571112 0.199191 0.663951 0.039646 0.457261 0.151667 -0.366019 -0.443391 0.194099 -0.105974 0.487339 0.199641 0.391815 -0.041033 0.692321 0.368705 0.325459 0.027604 0.134200 0.038085 0.334937 -0.195750 0.252778 -0.251430 0.378206 -0.111462 0.447715 -0.015435 0.254135 -0.272354 -0.200658 -0.545724 -0.153623 -0.333771 -0.185250 -0.362090 -0.089450 -0.372582 0.029862 -0.375384 -0.196281 -0.498445 -0.077268 -0.453592 0.589812 0.025492 0.608377 -0.026897 0.564060 0.087197 0.437192 -0.049719 0.382911 -0.353691 0.380873 -0.068544 0.639327 -0.004344 0.192018 0.002415 0.281735 0.209726 0.294128 -0.329375 -0.434204 -0.404342 -0.145843 -0.260822 0.452392 0.251064 0.295165 0.106101 0.066864 -0.125158 -0.024395 -0.293066 0.046224 -0.456484 -0.041106 0.087365 -0.270988 -0.505460 0.457570 0.339723 0.177458 0.212461 0.176352 0.076116 0.164021 0.214144
-0.071127 -0.025711 0.331214 0.224792 0.575379 0.702430 0.378902 0.348924 0.413694 0.794272 0.204533 0.130056 0.251766 0.380835 0.333288 1.000000 -0.285384 0.068591 -0.040712 -0.147946 0.417870 0.328131 0.404387 0.202267 0.476869 0.521417 0.547731 0.168504 -0.031627 0.510406 0.366521 0.407730 -0.083805 0.083084 -0.292145 -0.352503 -0.290844 0.110486 -0.268851 -0.223579 0.186379 0.597772 -0.065086 -0.075619 0.008217 0.061463 -0.071180 -0.046247 0.006994 0.074355 -0.081953 -0.013797 -0.012109 0.173583 -0.423501 -0.269936 -0.208654 -0.215329 0.046073 0.173871 0.085836 0.218554 -0.084766 -0.046891 0.020256 -0.110530 -0.003941 -0.198341 -0.032561 -0.100236 0.077902 0.291899 -0.084915 0.375038 -0.151578 0.297509 -0.329451 -0.414897 -0.208145 -0.171726 -0.161258 0.057308 -0.035105 0.558743 -0.338285 -0.070937 -0.019515 0.131899 -0.255813 0.016312 -0.471528 -0.206869 -0.373143 -0.230548 -0.056529 -0.239459 -0.335090 -0.245312 -0.484064 -0.185168 -0.423383 -0.257751 -0.471751 -0.144799 -0.444891 -0.193171 -0.361674 -0.062092 -0.131142 -0.195280 -0.361609 -0.153001 -0.082489 -0.195876 -0.262881 -0.311254
0.070049 -0.409763 -0.235395 -0.587646 -0.157930 -0.444151 -0.114096 -0.545867 0.084517 -0.366111 0.465809 -0.430321 0.424528 -0.403200 0.293889 -0.285384 1.000000 -0.071276 -0.114539 -0.357518 0.243766 -0.064825 -0.352398 -0.560402 0.121341 -0.255730 -0.129341 -0.306926 0.787427 -0.212109 0.082746 -0.252849 0.005753 -0.408213 0.522916 -0.070667 0.630719 -0.091447 0.326953 -0.088483 0.426824 -0.195813 0.349477 -0.051959 0.263252 -0.168677 0.477737 -0.209201 0.224750 -0.196335 0.441476 -0.190593 0.462035 -0.213963 0.499044 -0.061495 0.204842 -0.183436 -0.090085 -0.418540 -0.047894 -0.463222 0.286927 -0.197362 0.103502 -0.456159 0.034100 -0.471487 -0.008571 -0.328985 0.601157 -0.376697 0.748111 -0.289224 0.659772 -0.120946 0.749716 0.241144 0.754119 0.018664 0.827640 0.190972 0.276334 -0.246354 0.478101 0.060456 0.127586 0.130952 0.286855 -0.258584 -0.307435 -0.350082 0.036446 -0.207635 0.231181 0.332651 0.460707 0.173214 0.393365 -0.066557 0.202830 -0.174641 0.268669 -0.373138 0.176898 0.144420 -0.079458 -0.171923 0.374224 0.386721 0.189191 0.250505 0.210887 0.092801 0.153222 0.331691
-0.015924 0.213346 -0.127096 0.051489 -0.196142 -0.099557 -0.093486 0.198692 -0.107023 -0.102287 -0.036395 0.534307 -0.126456 0.478015 -0.222843 0.068591 -0.071276 1.000000 0.047160 -0.109861 0.018530 0.097583 -0.038900 -0.235036 -0.300740 -0.204109 0.017614 -0.053201 -0.100580 0.661577 -0.045967 0.135592 -0.139455 -0.095008 -0.539517 -0.372696 -0.060755 0.268120 -0.140076 0.094195 -0.067590 0.357750 -0.076399 -0.209560 -0.238914 -0.295507 0.041827 -0.154140 -0.192482 0.013297 -0.124696 -0.275072 0.023325 -0.129069 -0.033114 0.163051 -0.099245 0.402301 -0.057258 -0.083728 -0.168948 0.205474 -0.260165 0.143212 -0.243032 -0.078463 -0.291302 -0.307387 -0.039413 -0.375120 -0.032443 0.352478 -0.047077 0.691839 -0.074793 0.400842 -0.038322 0.128469 -0.100420 0.648768 0.029925 0.668556 -0.115947 0.213472 -0.057541 0.343654 -0.140861 0.101186 0.065349 0.232516 -0.229188 -0.205108 0.048641 -0.105785 -0.050519 0.130857 -0.067102 0.126554 0.071380 0.019761 -0.068431 -0.052448 -0.085407 0.052932 -0.095606 0.203734 -0.092898 0.047256 0.029081 0.186818 -0.263438 0.102111 0.068073 -0.019644 0.057392 -0.005190
0.700096 0.311323 0.466527 0.126028 0.055388 -0.009175 0.407539 -0.059489 -0.263397 -0.118236 -0.088064 -0.233069 -0.249581 -0.309211 -0.248136 -0.040712 -0.114539 0.047160 1.000000 0.666799 0.024097 -0.023364 0.000008 -0.125626 -0.114517 -0.193321 0.152252 -0.014474 -0.117385 -0.085364 0.038776 -0.021628 0.658608 0.382276 -0.326905 -0.304256 -0.052375 -0.387857 -0.093365 -0.044835 0.118445 -0.057981 -0.352549 -0.436051 -0.219270 -0.365636 -0.230257 -0.188705 -0.336362 -0.268731 -0.481309 -0.411055 -0.391485 -0.363215 -0.311004 -0.242359 0.529997 0.447245 0.576863 0.185006 0.492740 0.252733 0.366969 0.190938 0.001217 -0.215993 0.587566 -0.036361 0.750197 0.313539 -0.046460 -0.084081 -0.118175 0.002173 -0.080906 0.073046 -0.152748 -0.296777 -0.283035 0.032328 -0.188755 0.231511 -0.148890 0.370681 -0.354699 -0.003147 -0.157181 0.103467 -0.081904 0.237434 -0.079067 -0.145037 -0.166481 -0.177801 -0.289407 -0.395848 -0.286825 -0.417619 -0.201320 -0.429990 -0.274941 0.038362 -0.071009 0.208391 0.092279 0.003777 0.034703 0.242475 -0.310910 -0.315996 -0.560118 -0.541519 -0.444151 -0.374949 -0.245343 -0.372493
0.453007 0.534389 0.382185 0.501716 0.008821 0.129340 0.292065 0.238409 -0.456945 0.013638 -0.144420 -0.054104 -0.279535 -0.165730 -0.466131 -0.147946 -0.357518 -0.109861 0.666799 1.000000 -0.312801 -0.142907 0.098885 0.331468 -0.227842 -0.079388 0.017399 0.218659 -0.491392 -0.285001 -0.184689 -0.056795 0.408129 0.527853 -0.234578 0.128185 -0.378491 -0.310649 -0.295411 0.019267 -0.184950 -0.189878 -0.439506 -0.149515 -0.310615 -0.080641 -0.526353 0.140492 -0.393174 -0.065244 -0.471301 -0.112448 -0.612321 -0.087415 -0.501455 -0.132610 0.262330 0.467578 0.310996 0.440261 0.245299 0.299189 0.374899 0.279390 -0.049592 0.135154 0.310724 0.465617 0.432564 0.712822 -0.369928 0.013695 -0.486647 -0.094142 -0.438584 -0.060121 -0.422799 -0.099581 -0.430606 0.062717 -0.416088 -0.010673 -0.275247 0.300365 -0.418989 -0.211502 -0.244102 -0.083664 -0.325301 0.404458 0.271514 0.237316 -0.250641 -0.001037 -0.502607 -0.581251 -0.580613 -0.451528 -0.477120 -0.355805 -0.368846 0.142055 -0.292725 0.286679 -0.083987 -0.202755 0.092542 0.420828 -0.607372 -0.536800 -0.347473 -0.661539 -0.665552 -0.481895 -0.287619 -0.522887
0.044584 -0.508244 0.297867 -0.184750 0.554193 0.327938 0.341882 -0.315076 0.570188 0.187454 0.364415 -0.335224 0.424259 -0.147679 0.722000 0.417870 0.243766 0.018530 0.024097 -0.312801 1.000000 0.741823 0.359662 -0.004982 0.688294 0.372792 0.655933 0.335510 0.632760 0.268315 0.641448 0.368462 -0.144801 -0.326374 -0.031765 -0.310858 0.445304 0.259362 0.271728 -0.131641 0.774185 0.530587 0.215629 -0.119036 0.004149 -0.284033 0.336828 -0.169428 0.009939 -0.422331 0.043744 -0.366400 0.259943 -0.020532 0.099108 -0.323624 -0.026234 -0.384634 0.010670 -0.341546 -0.124414 -0.439633 -0.137296 -0.587236 -0.112091 -0.576039 -0.075436 -0.606597 0.089903 -0.400057 0.707814 0.299832 0.590127 0.322098 0.525805 0.421168 0.361966 -0.047008 0.335342 -0.258175 0.294218 0.106776 0.394637 0.275332 0.111805 0.073749 0.236529 0.090989 0.202486 -0.279475 -0.498132 -0.536744 -0.211130 -0.427958 0.252724 0.127040 0.223257 -0.048929 0.058521 -0.227989 -0.149755 -0.298530 -0.073772 -0.399395 -0.097877 0.127593 -0.351105 -0.419464 0.345111 0.352975 0.055215 0.152556 0.062053 -0.059286 -0.014160 0.021181
-0.138210 -0.192168 0.174364 0.120174 0.419032 0.375082 0.107180 -0.088811 0.458453 0.139670 0.187293 -0.039765 0.225979 0.051091 0.538890 0.328131 -0.064825 0.097583 -0.023364 -0.142907 0.741823 1.000000 0.309442 0.144305 0.484093 0.410210 0.535244 0.473391 0.303932 0.354016 0.433799 0.344845 -0.277554 -0.200804 -0.257503 -0.231340 0.179196 0.447091 0.100636 0.135006 0.644057 0.637244 0.225729 0.088860 -0.182468 -0.212414 0.147705 0.072215 -0.198178 -0.387105 -0.100790 -0.149873 0.006169 0.173499 -0.059213 -0.021994 -0.211251 -0.222218 -0.140326 -0.134584 -0.295767 -0.204922 -0.243018 -0.393772 -0.349220 -0.346029 -0.247740 -0.407821 0.038607 -0.289266 0.383218 0.421887 0.315104 0.439495 0.267035 0.417803 0.139070 0.066358 0.053152 -0.081361 0.080564 0.047535 0.274947 0.271074 -0.085244 0.061263 0.023092 0.061490 0.018172 -0.091254 -0.377562 -0.349245 -0.168521 -0.257455 0.251797 0.115383 0.104554 0.081171 -0.051633 -0.106023 -0.132054 -0.208249 -0.057849 -0.242219 -0.083072 0.193654 -0.272226 -0.247469 0.222402 0.231468 0.155553 0.096017 0.005054 -0.005476 0.106675 0.014302
-0.035867 -0.096008 0.728946 0.520659 0.441828 0.419646 0.665916 0.332481 0.181799 0.343839 0.196576 0.041935 0.419933 0.204100 0.223687 0.404387 -0.352398 -0.038900 0.000008 0.098885 0.359662 0.309442 1.000000 0.766355 0.418565 0.605610 0.373433 0.407553 -0.050456 0.172964 0.741802 0.829131 0.071703 0.442580 -0.186583 0.026074 -0.350611 -0.027460 -0.399544 -0.265812 0.022942 0.197659 -0.155357 0.034547 0.126213 0.293885 -0.354151 -0.097530 0.111583 0.055150 -0.161430 -0.170303 -0.314352 0.066861 -0.542954 -0.416922 -0.168045 -0.182205 0.080473 -0.107585 0.002424 -0.128859 -0.078404 -0.286630 0.068235 -0.123183 -0.121932 0.039881 -0.237162 -0.142146 0.200284 0.658310 -0.034838 0.308168 -0.025249 0.476098 -0.198223 -0.156304 -0.193312 -0.090267 -0.265557 -0.035702 -0.028885 0.405973 -0.290577 -0.223745 0.063382 -0.115147 -0.231526 -0.167867 -0.263205 -0.233395 -0.346171 -0.324208 -0.358638 -0.373636 -0.486675 -0.460977 -0.545773 -0.414165 -0.440198 -0.254728 -0.447117 -0.361138 -0.595761 -0.449006 -0.504652 -0.021631 -0.351335 -0.275050 -0.312516 -0.393841 -0.423210 -0.435572 -0.425822 -0.382280
-0.193791 0.149738 0.496522 0.717966 0.278942 0.464482 0.409619 0.533556 -0.036689 0.389821 -0.045940 0.223648 0.149947 0.262640 -0.085038 0.202267 -0.560402 -0.235036 -0.125626 0.331468 -0.004982 0.144305 0.766355 1.000000 0.155324 0.568478 0.167303 0.549451 -0.405700 -0.046526 0.335418 0.593812 -0.044655 0.495372 -0.112326 0.357969 -0.549484 0.012868 -0.425198 -0.140375 -0.225077 0.017978 -0.294505 0.183221 -0.006103 0.402786 -0.570526 0.161225 -0.005962 0.153264 -0.211920 0.145267 -0.521293 0.226106 -0.565381 -0.251868 -0.301683 -0.117347 -0.117255 0.159556 -0.119032 -0.042035 -0.059838 -0.156990 0.048004 0.261864 -0.195560 0.492194 -0.342535 0.259562 -0.207184 0.531240 -0.404143 0.115174 -0.384296 0.214832 -0.472879 -0.068673 -0.357085 -0.196253 -0.514308 -0.335698 -0.130957 0.261812 -0.263393 -0.298589 -0.009700 -0.262892 -0.320815 -0.032818 0.193350 0.170177 -0.222004 -0.041101 -0.473214 -0.456226 -0.564346 -0.411093 -0.581578 -0.233660 -0.349109 -0.045489 -0.459634 -0.090312 -0.489125 -0.472016 -0.171158 0.051140 -0.501592 -0.438365 -0.091862 -0.392474 -0.465788 -0.355973 -0.351415 -0.430550
-0.107920 -0.553671 0.408394 -0.112868 0.727439 0.431705 0.384818 -0.204321 0.637902 0.390911 0.279963 -0.476899 0.597060 -0.142509 0.691328 0.476869 0.121341 -0.300740 -0.114517 -0.227842 0.688294 0.484093 0.418565 0.155324 1.000000 0.715141 0.572985 0.245868 0.464786 0.115419 0.678736 0.419302 -0.203095 -0.187269 0.071037 -0.073704 0.230227 0.123626 0.086701 -0.132649 0.540985 0.367432 0.365106 0.236281 0.233410 0.066528 0.273920 0.131640 0.228598 -0.019450 0.067190 0.061609 0.255196 0.248247 -0.101255 -0.200363 -0.033946 -0.508842 0.053988 -0.148178 -0.065223 -0.340486 -0.002851 -0.392181 -0.204257 -0.489882 0.076531 -0.348298 -0.081002 -0.149197 0.564342 0.229993 0.453954 0.025967 0.356056 0.192748 0.206425 -0.126930 0.212471 -0.349370 0.234319 -0.082539 0.225669 0.199039 -0.197453 -0.162195 0.079968 0.010672 -0.213566 -0.271699 -0.473942 -0.396882 -0.449989 -0.440374 0.152807 0.036086 0.022642 -0.086814 -0.202488 -0.209519 -0.335959 -0.325073 -0.264973 -0.458010 -0.281800 -0.248699 -0.499362 -0.295766 0.210782 0.151294 0.072349 0.011087 -0.090081 -0.232834 -0.180477 -0.087580
-0.235837 -0.282097 0.487741 0.292534 0.504524 0.551537 0.430807 0.281891 0.374859 0.503323 0.162790 -0.035941 0.471492 0.232749 0.304271 0.521417 -0.255730 -0.204109 -0.193321 -0.079388 0.372792 0.410210 0.605610 0.568478 0.715141 1.000000 0.366934 0.431688 0.027530 0.300081 0.605426 0.640650 -0.148462 0.182574 -0.130078 0.113304 -0.210780 0.241920 -0.252005 -0.028681 0.172649 0.381054 0.155786 0.369967 0.087606 0.220488 -0.076301 0.298641 0.131136 0.161415 -0.103820 0.252554 -0.063061 0.421109 -0.388388 -0.070524 -0.223445 -0.392156 -0.125825 0.041903 -0.217095 -0.185857 -0.126818 -0.331303 -0.259105 -0.220727 -0.045713 0.029781 -0.266739 -0.020094 0.167207 0.483836 0.033997 0.230682 -0.063994 0.322785 -0.174747 -0.132066 -0.094947 -0.204124 -0.091303 -0.164189 -0.066346 0.286902 -0.348859 -0.297692 -0.052795 -0.086505 -0.435602 -0.214074 -0.301720 -0.222499 -0.520633 -0.353054 -0.111101 -0.117475 -0.258500 -0.159916 -0.440288 -0.143196 -0.496980 -0.340372 -0.519609 -0.312845 -0.490951 -0.442587 -0.456251 -0.051994 -0.125917 -0.089456 0.021830 -0.130937 -0.255979 -0.347985 -0.327189 -0.230318
-0.039953 -0.014876 0.254372 0.252870 0.803048 0.731632 0.225932 0.012839 0.621577 0.499724 0.201385 -0.057112 0.185054 0.032201 0.571112 0.547731 -0.129341 0.017614 0.152252 0.017399 0.655933 0.535244 0.373433 0.167303 0.572985 0.366934 1.000000 0.644995 0.136921 0.120428 0.395644 0.285779 -0.177260 -0.064227 -0.201621 -0.155399 -0.008221 0.224124 0.010995 -0.156543 0.465540 0.589232 -0.004781 -0.003949 -0.191555 -0.085847 -0.026261 -0.051825 -0.148045 -0.274436 -0.098016 -0.136141 0.065966 -0.010341 -0.291894 -0.393262 -0.197232 -0.194729 -0.041325 0.046679 -0.166246 -0.102929 -0.043910 -0.090792 -0.175838 -0.186965 -0.158600 -0.249578 0.089311 -0.005335 0.300167 0.233055 0.051231 0.245872 0.008554 0.195115 -0.092450 -0.177903 -0.119841 -0.241098 -0.103111 -0.025304 0.237995 0.395825 -0.112392 0.150946 0.109156 0.055971 0.042418 0.052086 -0.310554 -0.241367 -0.236048 -0.273129 -0.070830 -0.181444 -0.215957 -0.197050 -0.320954 -0.228397 -0.344443 -0.168991 -0.301025 -0.178897 -0.261763 -0.043185 -0.335567 -0.482940 -0.000340 -0.013426 -0.183097 -0.080489 -0.066669 -0.158949 -0.211861 -0.290365
-0.170188 0.182331 0.125913 0.604397 0.423955 0.677961 0.069574 0.262758 0.179106 0.279359 -0.039659 0.178122 -0.033935 0.114080 0.199191 0.168504 -0.306926 -0.053201 -0.014474 0.218659 0.335510 0.473391 0.407553 0.549451 0.245868 0.431688 0.644995 1.000000 -0.186012 -0.049895 0.186540 0.286200 -0.222015 0.074489 -0.210844 0.142746 -0.269247 0.277612 -0.128497 0.097501 0.187970 0.358264 -0.117206 0.213337 -0.308076 0.044365 -0.290787 0.110230 -0.207113 -0.195623 -0.126789 0.058791 -0.148708 0.117237 -0.312269 -0.142123 -0.308808 -0.089513 -0.314485 0.143982 -0.432044 -0.208588 -0.118865 -0.188456 -0.261759 0.042568 -0.315965 0.143068 -0.137715 0.231888 -0.028771 0.338665 -0.241978 0.180756 -0.279831 0.081282 -0.299432 -0.030986 -0.257233 -0.219463 -0.342169 -0.315840 0.099497 0.266287 -0.015334 0.034872 0.072196 -0.028629 -0.008895 0.117760 0.041017 0.003984 -0.123565 -0.051987 -0.190620 -0.165867 -0.229589 -0.133022 -0.286133 -0.078203 -0.219194 0.026212 -0.257194 0.034434 -0.153618 -0.007512 -0.060492 -0.266488 -0.144940 -0.102269 0.078404 -0.126783 -0.179487 -0.077170 -0.138992 -0.212264
-0.002040 -0.658393 0.004450 -0.614504 0.167177 -0.311805 0.093800 -0.627666 0.381604 -0.242579 0.522694 -0.529834 0.597876 -0.373667 0.663951 -0.031627 0.787427 -0.100580 -0.117385 -0.491392 0.632760 0.303932 -0.050456 -0.405700 0.464786 0.027530 0.136921 -0.186012 1.000000 0.048978 0.448481 0.071068 -0.085329 -0.492600 0.397799 -0.241734 0.774491 0.009825 0.435542 -0.147077 0.705692 0.073956 0.469289 -0.050531 0.357114 -0.162149 0.626741 -0.229973 0.307651 -0.235275 0.411557 -0.271504 0.509597 -0.151807 0.489161 -0.210137 0.094639 -0.412976 -0.037442 -0.572622 -0.088305 -0.577785 0.110204 -0.480807 0.030646 -0.649936 -0.000734 -0.713770 0.022842 -0.532965 0.819147 -0.092565 0.956265 -0.061867 0.870199 0.176272 0.785020 0.153130 0.771896 -0.089720 0.830992 0.251773 0.527184 -0.101342 0.420246 0.049185 0.233218 0.142634 0.310562 -0.509525 -0.494295 -0.556694 -0.101842 -0.381517 0.391755 0.346634 0.513117 0.145767 0.395609 -0.185676 0.101409 -0.347612 0.189939 -0.584996 0.050489 0.084232 -0.200342 -0.376911 0.513142 0.476389 0.210580 0.303832 0.203633 0.046701 0.167026 0.325553
-0.168439 -0.053670 0.113214 0.020875 0.039834 0.085472 0.149830 0.252400 0.136208 0.172204 0.093015 0.395461 0.137285 0.540849 0.039646 0.510406 -0.212109 0.661577 -0.085364 -0.285001 0.268315 0.354016 0.172964 -0.046526 0.115419 0.300081 0.120428 -0.049895 0.048978 1.000000 0.279137 0.461750 -0.090714 0.020653 -0.512235 -0.472616 -0.011492 0.447324 -0.193689 0.077768 0.084773 0.660210 0.147625 0.004254 -0.096395 -0.228821 0.239031 0.044664 -0.122404 0.088540 -0.139494 -0.112848 0.097575 0.196613 -0.121933 0.210491 -0.255611 0.013146 -0.082201 -0.067755 -0.211173 0.152119 -0.358938 -0.090706 -0.374032 -0.264439 -0.206042 -0.440827 -0.083224 -0.449741 0.077561 0.567096 0.115319 0.862782 0.039698 0.669911 -0.059835 0.025482 -0.114100 0.447823 0.082803 0.573349 -0.080929 0.389474 -0.233003 0.200926 -0.146735 0.034724 -0.219505 -0.066131 -0.488723 -0.386278 -0.292879 -0.344105 0.112153 0.203979 -0.013172 0.202786 -0.047053 0.008195 -0.283832 -0.382643 -0.329904 -0.208700 -0.350828 -0.019777 -0.230378 0.005618 0.117788 0.240502 -0.163347 0.159087 0.088274 -0.063336 -0.002908 0.012448
-0.028247 -0.439967 0.636494 0.068959 0.446327 0.187354 0.592320 -0.045740 0.372915 0.117272 0.367736 -0.266427 0.678354 0.013343 0.457261 0.366521 0.082746 -0.045967 0.038776 -0.184689 0.641448 0.433799 0.741802 0.335418 0.678736 0.605426 0.395644 0.186540 0.448481 0.279137 1.000000 0.832714 0.035587 0.152271 -0.058506 -0.174735 0.085426 0.049980 -0.219551 -0.238040 0.355184 0.247940 0.228369 0.075353 0.310269 0.131734 0.107231 -0.097105 0.181592 -0.052277 -0.090676 -0.257906 -0.003129 -0.019582 -0.282512 -0.332394 -0.052786 -0.320094 0.191797 -0.295839 -0.014711 -0.314578 -0.095442 -0.423819 -0.125510 -0.517890 0.063076 -0.361465 -0.128667 -0.381767 0.689535 0.597002 0.479777 0.325716 0.428506 0.630969 0.273358 0.026755 0.142281 -0.074971 0.167759 0.150426 0.084278 0.301847 -0.187235 -0.088048 0.001261 -0.131160 -0.206344 -0.338821 -0.566520 -0.586901 -0.363084 -0.582856 -0.137640 -0.043302 -0.156657 -0.240973 -0.273068 -0.437132 -0.396732 -0.409444 -0.323071 -0.549648 -0.495668 -0.352836 -0.584422 -0.129551 0.019060 0.087513 -0.203502 -0.156091 -0.220307 -0.378175 -0.370462 -0.164590
-0.122997 -0.102252 0.608575 0.423776 0.345335 0.277319 0.577332 0.378613 0.188900 0.253640 0.294175 0.178438 0.518830 0.389237 0.151667 0.407730 -0.252849 0.135592 -0.021628 -0.056795 0.368462 0.344845 0.829131 0.593812 0.419302 0.640650 0.285779 0.286200 0.071068 0.461750 0.832714 1.000000 0.027373 0.413684 -0.258742 -0.157735 -0.278213 0.085526 -0.524965 -0.272356 0.034656 0.324081 -0.003272 0.088281 0.211138 0.234016 -0.162405 -0.043225 0.084451 0.098432 -0.218748 -0.111517 -0.266671 0.123966 -0.529923 -0.289252 -0.231100 -0.167388 0.078737 -0.153488 -0.078520 -0.099465 -0.084392 -0.249991 -0.107452 -0.226278 -0.102023 -0.144515 -0.235507 -0.271284 0.269868 0.805355 0.103259 0.540874 0.050112 0.680402 -0.102069 -0.030621 -0.106213 0.102200 -0.091735 0.156431 -0.069490 0.387677 -0.287178 -0.131673 -0.072028 -0.276115 -0.371601 -0.328067 -0.413354 -0.409719 -0.381856 -0.477392 -0.351155 -0.205565 -0.413236 -0.302834 -0.422819 -0.384147 -0.480570 -0.359282 -0.500843 -0.424910 -0.644211 -0.461737 -0.472832 -0.041496 -0.248727 -0.158823 -0.328757 -0.253058 -0.301007 -0.411607 -0.421543 -0.308870
0.598536 0.148102 0.476552 0.008188 -0.189312 -0.216727 0.520248 0.011306 -0.335308 -0.160321 0.033599 -0.203318 -0.077786 -0.240155 -0.366019 -0.083805 0.005753 -0.139455 0.658608 0.408129 -0.144801 -0.277554 0.071703 -0.044655 -0.203095 -0.148462 -0.177260 -0.222015 -0.085329 -0.090714 0.035587 0.027373 1.000000 0.657568 -0.060642 -0.196611 -0.051962 -0.406738 -0.194554 -0.103430 -0.094411 -0.185620 -0.266190 -0.223279 0.028144 -0.151179 -0.175520 -0.155361 -0.041881 0.006213 -0.233057 -0.233121 -0.335202 -0.257513 -0.262647 -0.153317 0.477152 0.196971 0.439738 0.027132 0.444364 0.149134 0.331594 0.099375 0.160696 -0.152565 0.547368 0.084857 0.505094 0.129804 -0.139738 -0.154693 -0.050400 -0.072143 -0.005247 0.055702 -0.061265 -0.350151 -0.135950 0.031116 -0.005365 0.177766 -0.268699 0.164506 -0.216518 -0.129701 -0.156245 -0.081495 -0.208747 -0.140966 -0.137694 -0.195574 -0.222315 -0.248482 -0.331704 -0.337259 -0.148401 -0.394319 -0.142274 -0.323374 -0.164468 -0.181446 -0.023171 -0.003004 -0.004125 -0.188769 0.021528 0.339624 -0.368301 -0.283432 -0.389957 -0.491333 -0.344816 -0.338711 -0.289443 -0.212584
0.212179 0.462102 0.567639 0.560731 -0.036383 0.105218 0.514231 0.557941 -0.290651 0.095773 0.072494 0.250998 0.003820 0.207966 -0.443391 0.083084 -0.408213 -0.095008 0.382276 0.527853 -0.326374 -0.200804 0.442580 0.495372 -0.187269 0.182574 -0.064227 0.074489 -0.492600 0.020653 0.152271 0.413684 0.657568 1.000000 -0.205602 0.119196 -0.529376 -0.185211 -0.645444 -0.101886 -0.387293 -0.053431 -0.357622 0.063826 -0.113319 0.177980 -0.551794 0.081370 -0.179321 0.144980 -0.348614 0.043301 -0.639369 0.004414 -0.728869 -0.139986 0.012837 0.202382 0.202578 0.269650 0.171987 0.353500 0.207139 0.294587 0.034932 0.192519 0.207924 0.480634 0.139482 0.260481 -0.372844 0.292629 -0.445948 0.169929 -0.387959 0.232315 -0.370799 -0.136336 -0.500589 0.161645 -0.393589 0.015491 -0.451961 0.249945 -0.487494 -0.236022 -0.357391 -0.329771 -0.571383 0.005063 -0.017678 0.000491 -0.345327 -0.232639 -0.623912 -0.525504 -0.616535 -0.454571 -0.624458 -0.324705 -0.498080 -0.214850 -0.450972 0.008293 -0.429001 -0.493722 -0.160311 0.403527 -0.699642 -0.554259 -0.461033 -0.674398 -0.544611 -0.523696 -0.495368 -0.490985
-0.007001 -0.405766 -0.229862 -0.413990 -0.172587 -0.269159 -0.142847 -0.418324 0.010594 -0.169131 0.265385 -0.440606 0.202167 -0.483056 0.194099 -0.292145 0.522916 -0.539517 -0.326905 -0.234578 -0.031765 -0.257503 -0.186583 -0.112326 0.071037 -0.130078 -0.201621 -0.210844 0.397799 -0.512235 -0.058506 -0.258742 -0.060642 -0.205602 1.000000 0.524766 0.361851 -0.138261 0.234738 -0.209131 0.064852 -0.433995 0.181575 0.153452 0.442738 0.325693 0.224838 -0.040182 0.330539 -0.044182 0.500324 0.002946 0.231462 -0.134488 0.362877 -0.174931 0.126989 -0.418037 -0.141897 -0.309186 0.015201 -0.466511 0.261064 -0.245952 0.421837 -0.014068 0.041447 0.093216 -0.165222 -0.029713 0.234197 -0.388484 0.336116 -0.502585 0.389344 -0.280782 0.479581 0.191285 0.602829 -0.260495 0.416369 -0.238923 0.271757 -0.347703 0.627068 -0.007130 0.231904 -0.006018 0.212331 -0.342848 0.132920 0.083223 0.114947 0.087841 0.164750 0.071343 0.254597 0.000693 0.219124 0.102790 0.215391 -0.005683 0.164184 -0.238072 0.010453 -0.195911 0.028566 -0.215180 0.153003 0.101575 0.393158 0.164978 0.158766 0.085581 0.048991 0.179845
-0.180946 -0.029260 -0.107496 0.099335 -0.134537 0.021443 -0.214800 0.043177 -0.080437 -0.075311 -0.147195 -0.058333 -0.085383 -0.152965 -0.105974 -0.352503 -0.070667 -0.372696 -0.304256 0.128185 -0.310858 -0.231340 0.026074 0.357969 -0.073704 0.113304 -0.155399 0.142746 -0.241734 -0.472616 -0.174735 -0.157735 -0.196611 0.119196 0.524766 1.000000 -0.086853 0.100965 0.027895 0.085867 -0.285139 -0.390734 -0.025788 0.346088 -0.000563 0.428512 -0.251803 0.280905 0.022107 0.086223 0.117440 0.240374 -0.159829 0.041880 -0.030430 0.037615 -0.095803 -0.133305 -0.164862 0.136027 -0.189710 -0.155299 -0.005943 -0.020161 0.061026 0.336166 -0.089775 0.639992 -0.273616 0.286468 -0.153997 -0.068230 -0.232124 -0.332151 -0.145578 -0.240532 0.033639 0.309121 0.025955 -0.120546 -0.179377 -0.346039 -0.069761 -0.356261 0.112293 -0.164321 -0.027338 -0.185779 -0.063852 0.071139 0.438852 0.399461 0.058053 0.193775 -0.099262 -0.067743 -0.123296 -0.006773 -0.178261 0.185804 -0.033932 0.106145 -0.113746 0.098415 -0.106189 -0.267795 0.088131 0.024960 -0.137578 -0.052567 0.369267 -0.067377 -0.118238 -0.083061 -0.071393 -0.098099
