1.000000 0.441654 0.195584 0.127764 0.159949 0.148713 0.317687 0.274412 0.106554 0.127876 0.417654 0.286369 0.454448 0.479287 0.144081 0.068259 0.106458 0.017741 0.394065 0.117083 -0.260099 -0.298336 -0.175768 -0.246053 0.263966 -0.275355 0.079411 -0.244754 0.149674 -0.010850 -0.134928 -0.337629 0.041540 -0.187031 -0.057538 0.043258 -0.182019 -0.334290 0.069899 -0.126420 -0.226718 -0.345526 -0.160106 -0.296855 -0.084814 -0.276989 -0.021846 0.059355 0.317220 -0.020257 -0.218127 0.265151 0.307388 0.159255 0.209923 0.043296 0.169658 -0.165220 0.473782 0.289761 0.407203 0.386582 0.041359 0.124624 -0.073258 -0.191748 0.361533 -0.148032 0.102108 0.009995 -0.072038 -0.161058 -0.007573 -0.358096 -0.333387 -0.212566 -0.254489 -0.328728 -0.176944 -0.267437 -0.221225 -0.227811 0.106242 -0.101725 -0.246496 -0.323850 0.150161 -0.343834 -0.007151 0.031597 0.092862 0.271427 -0.153465 0.252945 -0.233654 -0.175685 -0.258619 -0.173448 0.054730 0.159840 0.234234 0.400348 -0.073945 0.203342 -0.074832 -0.179822 -0.195397 -0.117782 -0.061234 -0.212887 -0.176060 -0.149009 0.129843 -0.219378 -0.128686 -0.066842
0.441654 1.000000 -0.032516 0.258964 0.348186 0.143757 0.227521 0.218592 0.357464 0.281603 0.129509 0.141581 0.180624 0.192892 0.245143 0.157314 -0.099044 -0.101268 0.166051 0.452144 -0.248135 -0.200776 -0.037553 -0.047088 0.254116 -0.045543 0.133411 0.011094 -0.111382 -0.237262 -0.277405 -0.283298 0.063431 0.015303 -0.160425 0.162132 -0.461478 -0.501999 -0.240741 -0.298120 -0.104518 -0.241580 -0.051373 -0.077511 -0.040821 0.019099 -0.128422 0.238749 0.190069 0.121785 -0.184553 0.358602 0.101706 0.189466 -0.151399 -0.139301 -0.021442 0.219528 0.046017 0.413259 0.109500 0.389396 -0.170016 0.049786 -0.165467 0.100147 0.060864 0.025009 0.505508 0.356358 -0.191212 -0.241490 -0.306345 -0.435629 -0.428544 -0.407702 -0.474854 -0.505757 -0.334149 -0.266069 -0.139656 -0.185883 0.109155 0.081795 -0.153651 0.065087 0.183228 -0.057239 0.010697 0.237409 0.408041 0.231628 0.115719 0.198591 -0.327607 -0.282025 -0.364585 -0.295056 0.313794 -0.070579 0.404422 0.204095 0.245606 0.050777 -0.114059 -0.448776 -0.204970 -0.297871 -0.174628 -0.324382 -0.136608 -0.152845 -0.116588 -0.276557 -0.282592 -0.172488
0.195584 -0.032516 1.000000 0.526161 0.409316 0.464816 0.650287 0.693882 0.303791 0.299803 -0.057383 -0.063882 -0.050999 -0.039418 -0.050974 -0.316192 -0.245929 -0.438836 0.606451 -0.086809 -0.156739 -0.278085 0.405589 0.321799 0.192593 0.187873 0.220484 0.249037 -0.361412 -0.437138 -0.093405 -0.039556 -0.183510 -0.384747 0.148344 0.416841 -0.305871 -0.403754 -0.137391 -0.111518 -0.381791 -0.420329 -0.348743 -0.095734 -0.356767 -0.011469 -0.306638 -0.055806 0.161886 -0.160428 0.252769 0.067694 0.004438 0.069833 -0.023308 -0.161212 -0.408135 -0.514334 0.054371 0.039769 -0.037245 -0.149731 -0.133819 -0.488937 -0.144200 0.336240 0.475137 0.565480 0.025625 0.209749 -0.142649 -0.241915 -0.295294 -0.376362 -0.319565 -0.302018 -0.577090 -0.296402 -0.569926 -0.469999 -0.536062 -0.646732 0.075173 -0.171432 -0.352258 -0.209363 0.235787 -0.069923 -0.002178 0.058437 0.311394 0.587442 0.398742 0.583464 -0.027473 -0.026477 -0.332265 -0.064240 -0.273642 -0.097491 -0.083290 0.314799 -0.182892 0.191075 0.358941 0.242407 -0.149651 -0.228743 0.104173 -0.159384 -0.107605 -0.451989 -0.378524 -0.027360 0.151280 0.142089
0.127764 0.258964 0.526161 1.000000 0.562962 0.584255 0.332512 0.510589 0.430657 0.429330 -0.069070 -0.231391 -0.246283 -0.278973 0.391518 0.045475 -0.313107 -0.552891 0.454434 0.296095 -0.132455 -0.177395 0.666028 0.655983 0.253031 0.518560 0.574415 0.539453 -0.408544 -0.551097 -0.409454 -0.223923 -0.411538 -0.485352 -0.127614 0.406840 -0.504107 -0.306554 -0.317611 -0.229581 -0.400127 -0.343486 -0.429542 -0.055252 -0.500407 0.052057 -0.534998 -0.000857 -0.137582 -0.203261 0.121013 0.001759 -0.257740 -0.001420 -0.264261 -0.347242 -0.267584 -0.285190 -0.075891 0.150743 -0.207076 -0.121383 -0.138884 -0.513148 -0.075800 0.401236 0.067224 0.574272 0.435881 0.286557 -0.077903 -0.180216 -0.504132 -0.498946 -0.460945 -0.371298 -0.637593 -0.470188 -0.572410 -0.587630 -0.305252 -0.579120 0.287827 0.077024 -0.103163 0.106697 0.162254 0.281148 0.251977 0.378291 0.622909 0.614624 0.579350 0.690249 -0.092829 -0.255527 -0.423575 -0.102161 -0.175710 -0.236068 0.034120 0.504687 0.147431 0.528102 0.048158 -0.044456 0.076996 -0.314764 0.038993 -0.301593 -0.123080 -0.336226 -0.442076 -0.017931 -0.010130 -0.023810
0.159949 0.348186 0.409316 0.562962 1.000000 0.786063 0.522978 0.481831 0.704979 0.695641 -0.024527 -0.262527 -0.075037 -0.189394 0.244348 0.249721 -0.372283 -0.467659 0.355074 0.193414 -0.286432 -0.152806 0.275624 0.298211 0.482193 0.244958 0.491332 0.217727 -0.459384 -0.427753 -0.397060 -0.218409 -0.174002 -0.268886 -0.051748 0.497721 -0.538834 -0.435266 -0.248429 -0.084282 -0.323988 -0.292464 -0.221937 0.077279 -0.208494 0.203192 -0.263550 0.219860 0.148809 0.092661 0.131212 0.275489 -0.050768 0.174155 -0.312923 -0.163825 -0.447962 -0.241051 0.072449 0.254069 -0.113767 0.073598 -0.184227 -0.415069 -0.205962 0.440424 0.176302 0.495152 0.366769 0.399638 -0.315529 -0.299092 -0.446386 -0.553551 -0.483800 -0.519688 -0.622955 -0.458362 -0.662162 -0.556875 -0.441059 -0.561339 0.003739 -0.109800 -0.342684 -0.170273 -0.185848 -0.198127 -0.017684 0.050985 0.478351 0.533923 0.410071 0.493528 -0.113087 -0.140207 -0.318708 -0.141874 -0.004337 -0.245548 0.187728 0.147822 -0.004138 0.148728 0.111966 -0.080652 0.017776 -0.115061 0.052150 -0.283800 -0.027098 -0.158786 -0.227443 -0.361257 -0.191477 0.005171
0.148713 0.143757 0.464816 0.584255 0.786063 1.000000 0.439638 0.457466 0.504216 0.613664 -0.078954 -0.318097 -0.192124 -0.263759 0.087532 0.125972 -0.291280 -0.509786 0.308585 0.020620 -0.226227 -0.211010 0.277417 0.348826 0.400625 0.394801 0.546035 0.307685 -0.463540 -0.415840 -0.346512 -0.273803 -0.298635 -0.362559 -0.107332 0.475390 -0.317146 -0.379488 -0.179790 -0.008758 -0.370548 -0.308405 -0.346758 0.012193 -0.329087 0.115299 -0.347633 0.044306 0.026053 -0.060463 0.184136 0.200882 -0.012983 0.215886 -0.277233 -0.187228 -0.275529 -0.298986 0.055845 0.133448 -0.216033 0.022927 -0.144011 -0.442976 -0.287934 0.343234 0.170137 0.531521 0.255508 0.384013 -0.190799 -0.306382 -0.398857 -0.561631 -0.503409 -0.475934 -0.608428 -0.385365 -0.507533 -0.508546 -0.406869 -0.558238 -0.070884 -0.249553 -0.370768 -0.284667 -0.240754 -0.187959 -0.010878 0.007150 0.386161 0.490729 0.497866 0.592144 0.045273 0.033592 -0.297481 0.038284 -0.292545 -0.162640 0.159063 0.226913 -0.037985 0.245665 0.282799 0.226161 0.224369 -0.011681 0.169561 -0.125490 -0.079545 -0.149122 -0.139222 -0.047676 0.044154 0.137369
0.317687 0.227521 0.650287 0.332512 0.522978 0.439638 1.000000 0.816587 0.432521 0.500634 0.159060 0.036893 0.268324 0.310060 -0.016044 -0.142047 -0.028132 -0.157425 0.442606 0.043381 -0.441560 -0.378991 -0.010855 -0.010796 0.144474 -0.195738 0.105379 -0.104555 -0.210714 -0.252438 -0.331042 -0.331357 0.030368 -0.224167 0.069211 0.320475 -0.254828 -0.490519 0.002644 -0.010238 -0.337693 -0.383849 -0.278661 -0.099102 -0.198049 0.003478 -0.202887 0.073260 0.088293 0.005437 -0.135064 0.211854 0.024978 0.100940 -0.018920 -0.043965 -0.312136 -0.372297 0.186031 0.321274 0.081172 0.278204 -0.127394 -0.118516 -0.260737 0.145742 0.502457 0.310661 0.199263 0.197533 -0.229719 -0.341767 -0.203261 -0.432747 -0.433883 -0.359571 -0.500347 -0.404480 -0.413623 -0.412303 -0.285924 -0.424650 -0.001580 -0.219707 -0.531782 -0.508941 -0.026284 -0.388380 -0.106198 -0.088360 0.358179 0.444042 0.279402 0.469801 -0.075437 -0.065488 -0.314655 -0.071765 0.082542 0.021103 0.232480 0.389664 -0.073299 0.241168 0.233787 0.034990 -0.160195 -0.113937 0.023358 -0.209264 -0.122822 -0.239495 -0.227028 -0.196921 0.021373 0.112785
0.274412 0.218592 0.693882 0.510589 0.481831 0.457466 0.816587 1.000000 0.468732 0.572161 0.043918 0.042321 0.105990 0.189125 0.043101 -0.111989 -0.082513 -0.274935 0.466913 0.144637 -0.244197 -0.328926 0.144640 0.203831 0.257312 -0.007926 0.136131 0.044104 -0.203301 -0.243156 -0.178237 -0.139222 -0.114848 -0.228786 -0.048467 0.392641 -0.424140 -0.499733 -0.245406 -0.207450 -0.228460 -0.299467 -0.292204 -0.047712 -0.265414 0.164248 -0.395278 0.020476 -0.063931 0.029036 -0.121948 0.150923 -0.216783 -0.014697 -0.289749 -0.288841 -0.346370 -0.367509 0.052169 0.177050 -0.040551 0.181605 -0.225070 -0.319327 -0.040137 0.368175 0.343861 0.488562 0.151093 0.181732 -0.182581 -0.215344 -0.235445 -0.401852 -0.439252 -0.279810 -0.566376 -0.404081 -0.393635 -0.408987 -0.270205 -0.420804 0.162058 -0.178048 -0.465018 -0.442588 0.033216 -0.271279 -0.044924 -0.009360 0.394482 0.494155 0.447972 0.494583 -0.174401 -0.213301 -0.486994 -0.230782 -0.039903 -0.184856 0.082400 0.417388 -0.004966 0.342511 0.302852 0.078951 -0.122790 -0.188377 -0.042469 -0.355618 -0.302348 -0.396311 -0.283102 -0.189412 0.001340 0.014092
0.106554 0.357464 0.303791 0.430657 0.704979 0.504216 0.432521 0.468732 1.000000 0.797729 -0.169646 -0.283797 0.035597 -0.175392 0.341999 0.152798 -0.425396 -0.375550 0.463469 0.270164 -0.376967 -0.435298 0.093984 0.091602 0.524449 0.063526 0.202638 0.088801 -0.332576 -0.237037 -0.266980 -0.221332 -0.021527 -0.087840 -0.189847 0.191417 -0.357202 -0.330716 -0.164906 -0.106734 -0.206018 -0.130045 -0.347431 -0.096691 -0.198941 0.138599 -0.435865 -0.101006 -0.019969 0.096175 -0.034583 0.209112 -0.179446 -0.108012 -0.331381 -0.205215 -0.450797 -0.098193 0.097137 0.401872 0.140533 0.313996 -0.256063 -0.230209 0.007489 0.418894 0.204263 0.413170 0.410666 0.522101 -0.351666 -0.462039 -0.209820 -0.464621 -0.265797 -0.243889 -0.418678 -0.418300 -0.469220 -0.388321 -0.426179 -0.468642 -0.185064 -0.037872 -0.502105 -0.209275 -0.360143 -0.245948 -0.069017 0.025298 0.407644 0.426036 0.442425 0.361370 -0.033559 -0.095404 -0.398463 -0.081887 -0.036407 -0.207500 0.110961 0.141703 0.072712 0.175165 0.115629 -0.024300 0.157313 0.026905 0.018415 -0.206172 -0.367890 -0.124332 -0.239789 -0.291873 -0.144456 0.115663
0.127876 0.281603 0.299803 0.429330 0.695641 0.613664 0.500634 0.572161 0.797729 1.000000 -0.202760 -0.175926 0.029849 -0.096591 0.134130 0.189857 -0.212166 -0.252897 0.453731 0.314561 -0.378869 -0.466481 -0.039191 0.075446 0.323552 -0.050576 0.121572 0.007621 -0.264320 -0.183564 -0.345203 -0.314213 -0.061103 -0.120118 -0.367900 0.246585 -0.336146 -0.476430 -0.191546 -0.121297 -0.241671 -0.078264 -0.343658 -0.031850 -0.217802 0.159682 -0.482781 -0.090293 -0.073005 0.055472 -0.147315 0.135770 -0.226099 -0.144577 -0.478934 -0.323766 -0.274113 -0.048718 0.168186 0.342580 0.100866 0.347024 -0.136178 -0.164119 -0.156186 0.310172 0.200566 0.399659 0.409675 0.463897 -0.239495 -0.336391 -0.227261 -0.371003 -0.325735 -0.242253 -0.404849 -0.339686 -0.347108 -0.301980 -0.276308 -0.342088 -0.186216 -0.045222 -0.515235 -0.318596 -0.436829 -0.340470 -0.027214 -0.160175 0.331331 0.352439 0.407003 0.387924 0.025206 -0.036365 -0.464629 -0.017394 -0.184636 -0.254031 0.028504 0.204408 -0.015221 0.193876 0.123108 0.020792 0.221358 0.040791 0.111191 -0.214291 -0.432261 -0.141591 -0.169750 -0.282300 -0.097421 0.152910
0.417654 0.129509 -0.057383 -0.069070 -0.024527 -0.078954 0.159060 0.043918 -0.169646 -0.202760 1.000000 0.645323 0.673089 0.523334 0.358845 0.284769 0.572015 0.426370 -0.169633 -0.178256 -0.104083 0.005766 -0.083713 -0.223182 -0.080358 -0.213644 -0.012641 -0.365194 0.330446 0.083680 0.165058 -0.012251 0.007892 0.015370 0.216384 -0.005647 0.284341 -0.056642 0.230601 -0.020166 0.081005 -0.156505 0.064453 -0.091509 -0.066208 -0.260875 0.174418 0.122869 0.132191 -0.025292 -0.243069 0.196626 0.287750 0.338275 0.393617 0.310718 0.093142 -0.038372 -0.036934 -0.001278 -0.001593 0.184904 -0.289940 -0.021920 0.038661 -0.014811 -0.079958 -0.377915 -0.229990 -0.295896 0.012099 0.156246 0.183059 0.013734 0.003409 -0.077602 0.095947 -0.175805 0.187415 0.190434 0.091818 0.122957 0.019273 -0.439201 0.120253 -0.305055 0.215880 -0.264827 0.274981 -0.004569 -0.055273 -0.024744 -0.136578 -0.021904 -0.155624 -0.089498 0.100357 -0.144707 0.132601 0.093739 0.197304 -0.093999 -0.076508 -0.022395 0.036027 -0.041381 -0.181192 -0.003227 -0.094843 -0.199964 0.078912 -0.059867 0.075892 -0.168530 -0.105385 -0.162081
0.286369 0.141581 -0.063882 -0.231391 -0.262527 -0.318097 0.036893 0.042321 -0.283797 -0.175926 0.645323 1.000000 0.534007 0.648952 -0.070398 0.133698 0.666580 0.643926 -0.114484 -0.064818 0.031948 -0.114114 -0.317232 -0.337419 -0.282453 -0.413036 -0.355912 -0.469185 0.532158 0.456818 0.362798 0.163166 0.258645 0.264560 0.088109 -0.239880 0.300621 -0.047276 -0.048584 -0.259626 0.322603 0.103217 0.176133 -0.071912 0.134941 -0.207469 0.273869 -0.024742 0.094607 0.006198 -0.289079 0.006322 0.157062 0.137931 0.220577 0.018399 0.201375 0.075268 -0.062362 -0.115503 0.100593 0.275406 -0.019577 0.270999 -0.115915 -0.159964 -0.007076 -0.464852 -0.278274 -0.373380 0.203459 0.225600 0.458645 0.375262 0.328300 0.260445 0.268221 0.068334 0.422150 0.411596 0.259859 0.341844 -0.013252 -0.202519 0.016994 -0.169696 0.308478 -0.204985 -0.060783 -0.180490 -0.317774 -0.280447 -0.210329 -0.282290 -0.151488 -0.055388 -0.121043 -0.143646 0.086654 0.008664 0.119736 -0.145724 -0.215655 -0.165675 0.044001 -0.056202 -0.257575 -0.141961 -0.146335 -0.081535 -0.223253 -0.191834 0.133719 -0.050050 -0.095114 -0.152265
0.454448 0.180624 -0.050999 -0.246283 -0.075037 -0.192124 0.268324 0.105990 0.035597 0.029849 0.673089 0.534007 1.000000 0.689413 0.200678 0.189615 0.601559 0.549522 0.070974 -0.198722 -0.220555 -0.253900 -0.447972 -0.557612 -0.085125 -0.562355 -0.286676 -0.653640 0.385300 0.273070 0.180453 -0.156449 0.370090 0.195448 0.183417 -0.072736 0.318028 -0.144275 0.352224 0.010987 0.073714 -0.082099 -0.182662 -0.430752 -0.094043 -0.504469 0.012872 -0.108207 0.061916 -0.139550 -0.478197 0.000003 0.363498 0.098369 0.478198 0.363872 0.080197 0.111092 0.299803 0.273285 0.532984 0.544997 -0.047115 0.330155 -0.050707 -0.183387 0.223414 -0.456966 -0.051991 -0.048669 0.027024 -0.050895 0.316780 0.071741 0.090271 0.120337 0.175063 -0.229182 0.233796 0.268400 0.102177 0.177345 -0.164164 -0.295219 -0.151114 -0.464214 -0.012026 -0.375741 0.210196 -0.056244 -0.163849 -0.054117 -0.296515 -0.100656 -0.080750 -0.019407 0.093516 -0.022974 0.188548 0.298425 0.125405 -0.013273 0.012220 -0.029708 0.044944 -0.087372 -0.206320 0.080567 -0.042793 -0.094326 -0.102134 -0.061257 0.039388 -0.258824 -0.224814 -0.028840
0.479287 0.192892 -0.039418 -0.278973 -0.189394 -0.263759 0.310060 0.189125 -0.175392 -0.096591 0.523334 0.648952 0.689413 1.000000 -0.115292 0.105534 0.598444 0.594571 -0.046176 -0.115178 -0.101513 -0.112677 -0.504174 -0.476770 -0.344856 -0.651958 -0.366234 -0.553162 0.612328 0.511869 0.251755 -0.013352 0.479491 0.277324 0.148638 -0.111298 0.181310 -0.113709 0.055376 -0.139145 0.190062 -0.053766 0.074453 -0.244455 0.151944 -0.331992 0.281549 0.038243 0.158135 0.021735 -0.442088 0.079327 0.358048 0.233177 0.416244 0.158639 0.137758 -0.104304 0.330792 0.069691 0.399234 0.535048 0.056614 0.434844 -0.143440 -0.305807 0.271501 -0.561474 -0.163134 -0.260236 0.259990 0.123560 0.520724 0.237175 0.205266 0.118196 0.160398 -0.136755 0.315064 0.218015 0.244729 0.311212 0.120016 0.013056 -0.228629 -0.407508 0.194227 -0.278051 -0.133267 -0.054894 -0.187636 -0.137175 -0.312570 -0.103180 -0.276221 -0.176601 -0.054800 -0.214627 0.338453 0.139916 0.231938 0.178173 -0.148971 -0.018798 0.030366 -0.164050 -0.397221 -0.170131 -0.199112 -0.105226 -0.192214 -0.232188 0.206852 -0.145252 -0.188510 -0.187250
0.144081 0.245143 -0.050974 0.391518 0.244348 0.087532 -0.016044 0.043101 0.341999 0.134130 0.358845 -0.070398 0.200678 -0.115292 1.000000 0.328460 -0.061544 -0.106789 0.142492 0.224369 -0.050732 0.068879 0.336741 0.165898 0.333606 0.222263 0.421156 0.218261 -0.096819 -0.270672 -0.252585 -0.269992 -0.214710 -0.224050 -0.097962 0.089151 -0.183907 -0.133661 0.060337 -0.053135 -0.242746 -0.077891 -0.308695 -0.255079 -0.336918 -0.157629 -0.214888 -0.125258 -0.149751 -0.067619 -0.010173 0.163347 -0.078281 0.087556 -0.013752 0.051479 -0.138771 0.144712 -0.134557 0.230751 -0.029120 0.070477 -0.272406 -0.243023 0.317652 0.267058 -0.233942 0.051085 0.205982 0.176098 -0.193821 -0.175293 -0.202854 -0.178815 -0.117608 -0.178114 -0.152063 -0.531617 -0.254425 -0.152115 -0.182408 -0.181672 0.180224 0.007433 0.203701 0.031886 0.162147 0.145931 0.485704 0.320499 0.372072 0.320963 0.292307 0.303833 -0.084942 -0.191797 -0.007585 -0.067569 0.097079 -0.130866 0.063608 0.029920 0.219382 0.230224 -0.184292 -0.174924 0.047832 -0.017363 -0.021530 -0.220051 -0.019518 0.016460 -0.068573 -0.252442 -0.122061 -0.111118
0.068259 0.157314 -0.316192 0.045475 0.249721 0.125972 -0.142047 -0.111989 0.152798 0.189857 0.284769 0.133698 0.189615 0.105534 0.328460 1.000000 0.110479 0.101035 -0.195605 0.235150 0.099573 0.112058 0.023069 0.117501 0.034594 0.051046 -0.026931 -0.206486 0.188421 0.120759 0.017099 0.123789 0.207017 0.243401 -0.084970 0.140508 -0.000954 -0.007569 -0.169518 -0.281825 0.230493 0.102807 -0.058741 0.022048 -0.121313 -0.118966 -0.058654 0.211170 0.111643 -0.070535 -0.109341 0.193172 0.156128 0.383500 -0.185121 -0.188193 0.007542 0.199002 -0.019559 0.049603 -0.155663 0.342479 -0.297967 -0.102434 0.034462 0.341072 -0.212121 -0.148486 0.226585 0.171670 0.076560 0.278619 0.033111 0.130420 0.015245 0.052591 0.092320 -0.163151 0.040088 0.058986 -0.028102 0.045788 -0.055930 -0.096487 0.122720 -0.054466 -0.082022 -0.030229 0.310207 0.094256 0.098882 0.081198 0.073412 -0.119697 -0.339076 -0.313220 -0.147512 -0.335666 0.061235 -0.240763 -0.013275 -0.187575 0.059116 -0.104672 -0.051075 -0.112035 -0.006234 -0.131016 -0.339579 -0.397991 -0.065875 -0.118833 0.020201 -0.244375 -0.345651 -0.319813
0.106458 -0.099044 -0.245929 -0.313107 -0.372283 -0.291280 -0.028132 -0.082513 -0.425396 -0.212166 0.572015 0.666580 0.601559 0.598444 -0.061544 0.110479 1.000000 0.825975 -0.247702 -0.185026 0.021796 -0.002908 -0.392732 -0.396150 -0.473312 -0.440733 -0.382694 -0.484008 0.626716 0.455847 0.202364 0.019285 0.261525 0.253051 0.000642 -0.257742 0.444930 -0.009480 0.149120 -0.049149 0.297342 0.147666 0.102744 -0.182093 -0.004936 -0.355623 0.130246 -0.114074 -0.141339 -0.169168 -0.387453 -0.233297 0.092256 -0.004101 0.298874 0.103987 0.437469 0.259212 -0.095996 -0.220349 0.123473 0.214191 0.204103 0.413419 -0.168011 -0.378393 -0.134027 -0.517060 -0.229143 -0.311087 0.188658 0.185184 0.481089 0.369517 0.315293 0.215901 0.355919 0.016467 0.681605 0.606066 0.605026 0.617785 -0.017924 -0.151882 0.126616 -0.260864 0.091674 -0.166575 0.098014 -0.216983 -0.288295 -0.327239 -0.244321 -0.221712 -0.067929 0.011869 0.175384 0.024096 0.096698 0.224270 0.019692 -0.072696 -0.126928 -0.098167 0.041779 -0.001325 -0.194244 0.024500 -0.117713 -0.006147 0.013476 0.079999 0.172127 -0.002988 -0.091959 -0.145126
0.017741 -0.101268 -0.438836 -0.552891 -0.467659 -0.509786 -0.157425 -0.274935 -0.375550 -0.252897 0.426370 0.643926 0.549522 0.594571 -0.106789 0.101035 0.825975 1.000000 -0.284297 -0.107561 0.006035 -0.014127 -0.577035 -0.599303 -0.449782 -0.642733 -0.520595 -0.601368 0.742219 0.675210 0.280874 0.050279 0.477680 0.441804 0.024878 -0.421028 0.485310 0.073690 0.189433 0.001573 0.393867 0.234481 0.198668 -0.213314 0.195110 -0.329372 0.308103 -0.167083 -0.081193 -0.044833 -0.479458 -0.165808 0.155885 0.022134 0.288231 0.144261 0.381624 0.359115 -0.001684 -0.093107 0.307885 0.329765 0.193907 0.657747 -0.100021 -0.475250 -0.094303 -0.652730 -0.258114 -0.381926 0.175479 0.153938 0.665973 0.557183 0.511200 0.339138 0.580990 0.149232 0.772460 0.730965 0.532477 0.723604 -0.222982 -0.034129 0.103426 -0.196379 -0.049464 -0.260546 -0.066898 -0.318285 -0.383983 -0.492087 -0.366582 -0.431903 -0.060407 0.039676 0.175874 0.012859 0.229453 0.238824 0.142774 -0.236160 -0.163304 -0.266183 -0.100889 -0.112529 -0.195319 0.119864 -0.142225 0.077583 -0.088059 0.180415 0.261998 -0.066217 -0.177091 -0.105148
0.394065 0.166051 0.606451 0.454434 0.355074 0.308585 0.442606 0.466913 0.463469 0.453731 -0.169633 -0.114484 0.070974 -0.046176 0.142492 -0.195605 -0.247702 -0.284297 1.000000 0.233250 -0.342327 -0.586399 0.092610 -0.010051 0.373070 -0.078184 0.075315 0.010483 -0.242183 -0.206752 -0.253567 -0.360167 -0.028122 -0.375438 -0.185731 0.082817 -0.319414 -0.496209 -0.063471 -0.068835 -0.342843 -0.272417 -0.530054 -0.387345 -0.357703 -0.206323 -0.406412 -0.278405 0.095086 -0.219142 0.002406 -0.081467 -0.121473 -0.277855 -0.112141 -0.236787 -0.314265 -0.302077 0.303678 0.359800 0.352446 0.127129 0.100108 -0.097520 -0.064481 0.055809 0.535481 0.459110 0.317569 0.358882 -0.234731 -0.487715 -0.159180 -0.298662 -0.212414 -0.191437 -0.311379 -0.320254 -0.451887 -0.426442 -0.376243 -0.471011 -0.006358 0.033042 -0.448262 -0.171963 -0.004375 -0.141016 -0.075966 -0.036584 0.239985 0.550416 0.160361 0.455353 0.064409 0.101021 -0.387833 0.090741 -0.182273 -0.011559 -0.112807 0.272617 -0.089556 0.171770 0.092288 0.085842 0.028490 0.009129 0.271203 -0.056314 -0.389544 -0.174838 -0.236590 -0.251921 0.061862 0.311884
0.117083 0.452144 -0.086809 0.296095 0.193414 0.020620 0.043381 0.144637 0.270164 0.314561 -0.178256 -0.064818 -0.198722 -0.115178 0.224369 0.235150 -0.185026 -0.107561 0.233250 1.000000 -0.077841 0.012297 0.241934 0.302828 0.121593 0.054439 0.113773 0.205302 0.052376 -0.075413 -0.294010 -0.083321 0.153660 0.246509 -0.180152 0.172099 -0.445068 -0.325555 -0.400196 -0.400178 0.046532 0.009981 -0.103601 0.056344 -0.081869 0.121860 -0.336501 0.269930 -0.040180 0.048768 -0.153481 -0.003999 -0.398651 -0.165426 -0.454359 -0.418913 0.048462 0.377531 -0.172827 -0.007715 -0.089963 0.089878 -0.001682 -0.054077 -0.000671 0.176709 -0.087292 0.157043 0.621404 0.329241 -0.023127 0.100171 -0.112895 -0.058140 -0.079845 -0.040235 -0.062438 -0.112064 -0.135737 -0.256861 0.010590 -0.047428 0.040626 0.237041 0.053782 0.086693 0.039188 0.080170 0.123285 0.000181 0.286326 0.261437 0.186492 0.038750 -0.339590 -0.429067 -0.366883 -0.387618 0.167407 -0.293303 -0.156276 0.194675 0.155828 0.039511 -0.330215 -0.399431 -0.215976 -0.374589 -0.303603 -0.421933 -0.144635 -0.262245 -0.336685 -0.179109 -0.320120 -0.309942
-0.260099 -0.248135 -0.156739 -0.132455 -0.286432 -0.226227 -0.441560 -0.244197 -0.376967 -0.378869 -0.104083 0.031948 -0.220555 -0.101513 -0.050732 0.099573 0.021796 0.006035 -0.342327 -0.077841 1.000000 0.589055 0.270437 0.229887 -0.009036 0.422491 0.157919 0.310475 0.098926 0.254281 0.480841 0.512484 -0.208416 0.195559 0.089235 -0.006027 -0.049922 0.195818 -0.334454 -0.427387 0.301789 0.391914 0.075602 -0.003693 0.019162 -0.046374 0.080111 -0.087814 -0.059894 -0.158201 0.310176 -0.125336 0.159836 0.152982 -0.117606 -0.313967 -0.050166 -0.106597 -0.088651 -0.383312 -0.114063 -0.310360 0.043594 -0.073006 0.388253 0.002521 -0.273417 -0.161462 -0.338980 -0.183381 0.443284 0.525170 0.186881 0.411450 0.315691 0.356928 0.141065 0.078855 0.144567 0.240877 0.101289 0.167297 0.124437 0.029128 0.492352 0.391635 0.352842 0.468984 0.280757 0.341190 -0.165559 -0.079987 -0.015248 -0.092539 -0.204359 -0.329897 -0.005699 -0.247859 -0.167500 -0.185509 -0.133329 -0.073216 0.275111 0.127347 0.069366 -0.017187 -0.016326 -0.140482 -0.431581 -0.065684 0.113644 -0.130266 -0.078233 0.184727 0.008617 -0.422494
-0.298336 -0.200776 -0.278085 -0.177395 -0.152806 -0.211010 -0.378991 -0.328926 -0.435298 -0.466481 0.005766 -0.114114 -0.253900 -0.112677 0.068879 0.112058 -0.002908 -0.014127 -0.586399 0.012297 0.589055 1.000000 0.346717 0.350003 0.007988 0.317041 0.261462 0.384129 0.056152 0.034057 0.205223 0.519439 -0.117261 0.244343 0.350426 0.251924 -0.038800 0.420667 -0.080819 -0.032668 0.231618 0.265332 0.308458 0.275328 0.256769 0.218655 0.257121 0.417877 0.146406 0.157315 0.328969 -0.030116 0.076750 0.175175 0.088092 0.148523 0.110757 0.102725 -0.277286 -0.561467 -0.353667 -0.468844 -0.071350 -0.216233 0.242673 0.058425 -0.387612 -0.160063 -0.195565 -0.325054 0.174450 0.574752 -0.068405 0.215564 0.180500 0.042321 0.120468 0.059620 0.090095 0.070810 0.141038 0.192187 0.232721 0.186648 0.476248 0.302217 0.288249 0.390416 0.316936 0.285064 -0.045070 -0.052170 -0.076109 -0.221805 -0.368086 -0.424025 0.371776 -0.373006 0.327288 -0.000771 -0.068668 -0.204379 0.131413 -0.032875 -0.144150 -0.353123 -0.388645 -0.257310 -0.442501 -0.193364 0.539289 -0.008074 -0.019835 -0.061558 -0.314312 -0.605939
-0.175768 -0.037553 0.405589 0.666028 0.275624 0.277417 -0.010855 0.144640 0.093984 -0.039191 -0.083713 -0.317232 -0.447972 -0.504174 0.336741 0.023069 -0.392732 -0.577035 0.092610 0.241934 0.270437 0.346717 1.000000 0.885006 0.221196 0.774894 0.603330 0.783882 -0.430685 -0.568150 -0.136980 0.219983 -0.498965 -0.232400 0.127203 0.454538 -0.404776 -0.001271 -0.320389 -0.285402 -0.213003 -0.171811 -0.178026 0.201019 -0.373473 0.153187 -0.313376 0.214582 -0.044626 -0.182963 0.466137 -0.020743 -0.205209 0.056997 -0.180948 -0.263604 -0.300430 -0.228157 -0.447475 -0.308945 -0.536871 -0.547127 -0.257779 -0.696238 0.125469 0.502948 -0.276115 0.481916 0.133275 0.164142 0.085857 0.197753 -0.478432 -0.254553 -0.216645 -0.214102 -0.428182 -0.193396 -0.464177 -0.418020 -0.343231 -0.498230 0.240369 0.008178 0.251925 0.296253 0.433653 0.585829 0.498111 0.475702 0.518253 0.601748 0.548539 0.485099 -0.169524 -0.379828 -0.135468 -0.246234 -0.109870 -0.214279 -0.166221 0.247689 0.263379 0.383570 0.095858 -0.047840 -0.089659 -0.432092 -0.181733 -0.335105 0.301262 -0.286139 -0.499932 0.103180 -0.003625 -0.273125
-0.246053 -0.047088 0.321799 0.655983 0.298211 0.348826 -0.010796 0.203831 0.091602 0.075446 -0.223182 -0.337419 -0.557612 -0.476770 0.165898 0.117501 -0.396150 -0.599303 -0.010051 0.302828 0.229887 0.350003 0.885006 1.000000 0.087295 0.777722 0.485691 0.793699 -0.419338 -0.521489 -0.192462 0.256017 -0.401706 -0.203608 0.102360 0.503745 -0.387413 0.087649 -0.413403 -0.288925 -0.112430 -0.055268 -0.099121 0.369777 -0.277785 0.325345 -0.345828 0.354947 -0.083027 -0.121919 0.332390 -0.099838 -0.341739 -0.023746 -0.343817 -0.335638 -0.253342 -0.230978 -0.423167 -0.338528 -0.624280 -0.461583 -0.234683 -0.693756 -0.021582 0.575440 -0.273598 0.567346 0.174110 0.162176 0.069959 0.262052 -0.481663 -0.233205 -0.225744 -0.213416 -0.433251 -0.118975 -0.377281 -0.406185 -0.263621 -0.442873 0.151454 0.096301 0.153882 0.236785 0.257776 0.588326 0.383764 0.403516 0.484941 0.539974 0.582956 0.388262 -0.222244 -0.400078 -0.181840 -0.300493 -0.055730 -0.270021 -0.184435 0.303581 0.267764 0.395612 0.087795 -0.037230 -0.055588 -0.460061 -0.197362 -0.350941 0.246849 -0.322943 -0.421268 0.099913 -0.019850 -0.301691
0.263966 0.254116 0.192593 0.253031 0.482193 0.400625 0.144474 0.257312 0.524449 0.323552 -0.080358 -0.282453 -0.085125 -0.344856 0.333606 0.034594 -0.473312 -0.449782 0.373070 0.121593 -0.009036 0.007988 0.221196 0.087295 1.000000 0.287614 0.504358 0.225760 -0.428132 -0.283068 -0.130437 -0.079380 -0.276455 -0.242882 -0.051789 0.162847 -0.385035 -0.162353 -0.015724 0.006326 -0.260127 -0.059578 -0.317121 -0.154119 -0.115027 0.117266 -0.279729 -0.024170 0.176647 0.163844 0.245418 0.270656 -0.018508 -0.045833 -0.224343 -0.009581 -0.297075 -0.165330 0.108358 0.241016 0.056216 -0.054014 -0.186826 -0.304911 0.188845 0.146955 0.150828 0.389677 0.196419 0.340967 -0.366705 -0.260365 -0.372533 -0.448497 -0.338009 -0.318433 -0.372426 -0.420105 -0.463657 -0.393151 -0.483584 -0.483775 -0.034628 -0.132276 -0.276842 -0.032278 -0.104810 -0.156323 0.013818 0.153517 0.258960 0.425047 0.233105 0.246496 -0.120488 -0.110885 -0.190640 -0.124939 0.000267 0.048515 0.180652 -0.019061 0.139146 0.148370 0.058877 -0.084772 0.028999 0.117900 -0.016948 -0.173708 -0.095388 0.045860 -0.088441 -0.324582 -0.142457 0.013272
-0.275355 -0.045543 0.187873 0.518560 0.244958 0.394801 -0.195738 -0.007926 0.063526 -0.050576 -0.213644 -0.413036 -0.562355 -0.651958 0.222263 0.051046 -0.440733 -0.642733 -0.078184 0.054439 0.422491 0.317041 0.774894 0.777722 0.287614 1.000000 0.627003 0.804331 -0.504394 -0.511443 -0.047414 0.207219 -0.622071 -0.355260 0.006730 0.278534 -0.309143 0.097324 -0.387277 -0.262751 -0.141174 0.027710 -0.144824 0.207178 -0.298071 0.240291 -0.349342 0.078382 -0.156587 -0.129869 0.486442 -0.010905 -0.154645 0.025123 -0.340769 -0.349600 -0.263096 -0.201896 -0.380442 -0.230619 -0.515915 -0.548792 -0.200748 -0.630913 0.145215 0.394529 -0.321853 0.499245 0.024819 0.240840 0.110298 0.129147 -0.484489 -0.257397 -0.225052 -0.155056 -0.409888 -0.150017 -0.366288 -0.334166 -0.275554 -0.445191 0.126654 -0.066937 0.275579 0.390896 0.189673 0.571619 0.325479 0.426605 0.419267 0.441446 0.543827 0.421222 -0.035548 -0.196781 -0.174070 -0.096456 -0.242544 -0.237038 -0.098944 0.156470 0.357007 0.360982 0.172785 0.124855 0.231162 -0.196776 -0.112643 -0.130148 0.177124 -0.096517 -0.259453 0.205549 0.155420 -0.133103
0.079411 0.133411 0.220484 0.574415 0.491332 0.546035 0.105379 0.136131 0.202638 0.121572 -0.012641 -0.355912 -0.286676 -0.366234 0.421156 -0.026931 -0.382694 -0.520595 0.075315 0.113773 0.157919 0.261462 0.603330 0.485691 0.504358 0.627003 1.000000 0.682192 -0.468368 -0.503100 -0.331569 -0.212456 -0.571092 -0.431843 0.020825 0.299028 -0.428865 -0.081928 -0.136143 -0.035132 -0.452472 -0.239862 -0.308498 -0.035722 -0.327824 0.010305 -0.203748 0.060200 0.014622 -0.064053 0.399276 0.239467 0.114992 0.227874 -0.075657 -0.085899 -0.236150 -0.248211 -0.051988 0.024125 -0.221295 -0.313933 -0.136495 -0.453498 0.010850 0.123179 -0.131675 0.291286 0.157072 0.139177 0.044873 -0.038829 -0.500016 -0.364083 -0.404071 -0.347616 -0.459401 -0.372238 -0.507963 -0.546167 -0.392639 -0.531927 0.234385 -0.057263 0.034633 0.152375 0.196712 0.287997 0.276740 0.471625 0.500623 0.477331 0.412408 0.571083 -0.010584 -0.182366 -0.089397 -0.004951 -0.067354 -0.014568 0.229108 0.294551 0.232448 0.451720 -0.076841 -0.088994 0.077218 -0.167207 0.036278 -0.050310 0.235839 0.006842 -0.086200 0.105303 0.047428 -0.046636
-0.244754 0.011094 0.249037 0.539453 0.217727 0.307685 -0.104555 0.044104 0.088801 0.007621 -0.365194 -0.469185 -0.653640 -0.553162 0.218261 -0.206486 -0.484008 -0.601368 0.010483 0.205302 0.310475 0.384129 0.783882 0.793699 0.225760 0.804331 0.682192 1.000000 -0.495137 -0.513790 -0.224792 0.079336 -0.559893 -0.317879 -0.007953 0.306612 -0.450285 0.043960 -0.379520 -0.202507 -0.298227 -0.041006 -0.129282 0.237339 -0.233966 0.271331 -0.270825 0.142859 -0.108359 -0.098438 0.479507 -0.027267 -0.187983 -0.046829 -0.273333 -0.326869 -0.199214 -0.223969 -0.310405 -0.250334 -0.417548 -0.546044 -0.069945 -0.519070 0.086002 0.310953 -0.278169 0.470818 0.092403 0.166505 0.079305 0.090848 -0.490722 -0.242866 -0.212441 -0.254136 -0.450266 -0.209926 -0.394204 -0.424776 -0.267990 -0.412052 0.164568 0.226389 0.147530 0.406846 0.282732 0.641688 0.269242 0.515733 0.487530 0.437742 0.507476 0.476864 -0.082223 -0.261516 -0.109777 -0.120690 -0.094580 -0.161824 0.006608 0.319654 0.344446 0.480076 0.050366 -0.108720 0.043689 -0.283744 -0.076817 -0.061308 0.254979 -0.090143 -0.201953 0.155848 0.099897 -0.198519
0.149674 -0.111382 -0.361412 -0.408544 -0.459384 -0.463540 -0.210714 -0.203301 -0.332576 -0.264320 0.330446 0.532158 0.385300 0.612328 -0.096819 0.188421 0.626716 0.742219 -0.242183 0.052376 0.098926 0.056152 -0.430685 -0.419338 -0.428132 -0.504394 -0.468368 -0.495137 1.000000 0.751334 0.465636 0.313677 0.555541 0.506007 -0.077119 -0.435888 0.376421 0.136841 -0.011659 -0.200280 0.600101 0.300087 0.299676 -0.156612 0.288131 -0.241886 0.265351 -0.056987 -0.077986 0.118305 -0.434918 -0.131301 0.016812 -0.046825 0.162003 -0.063209 0.341641 0.218711 0.088522 -0.160877 0.299516 0.301857 0.212574 0.558975 0.123388 -0.387296 0.001212 -0.651200 -0.166723 -0.341273 0.322304 0.326566 0.827709 0.565828 0.611336 0.466385 0.564832 0.217323 0.636611 0.530694 0.472113 0.681591 0.101862 0.234756 0.217851 -0.098066 0.080038 -0.208083 -0.144516 -0.253013 -0.415933 -0.408610 -0.331908 -0.440255 -0.269050 -0.232087 -0.052951 -0.255338 0.155713 -0.066217 -0.076497 -0.120944 -0.287629 -0.286769 -0.247186 -0.171283 -0.326169 -0.158558 -0.381898 -0.160705 -0.295059 -0.174590 0.202056 -0.000559 -0.295225 -0.336321
-0.010850 -0.237262 -0.437138 -0.551097 -0.427753 -0.415840 -0.252438 -0.243156 -0.237037 -0.183564 0.083680 0.456818 0.273070 0.511869 -0.270672 0.120759 0.455847 0.675210 -0.206752 -0.075413 0.254281 0.034057 -0.568150 -0.521489 -0.283068 -0.511443 -0.503100 -0.513790 0.751334 1.000000 0.553813 0.298233 0.521666 0.577187 -0.094526 -0.446242 0.368355 0.244892 -0.103352 -0.189218 0.642150 0.541523 0.181386 -0.216819 0.339125 -0.226933 0.355039 -0.239979 -0.154586 0.027417 -0.276829 -0.235236 0.085004 -0.024828 0.024690 -0.058175 0.170915 0.098957 0.227668 -0.089881 0.370630 0.346225 0.317854 0.670079 0.114614 -0.391559 0.090593 -0.596304 -0.261206 -0.295788 0.346695 0.284018 0.902743 0.683557 0.718983 0.636383 0.642923 0.282906 0.620143 0.560575 0.472060 0.726347 -0.102133 0.216290 0.006011 -0.141212 -0.127622 -0.172952 -0.340782 -0.258343 -0.565158 -0.499087 -0.337138 -0.519420 -0.133128 -0.071238 -0.028925 -0.102837 0.111862 -0.031423 0.015522 -0.225829 -0.119512 -0.226000 -0.047092 -0.074056 -0.091103 0.067265 -0.304152 0.054066 -0.366865 0.034987 0.273269 -0.026212 -0.186815 -0.225657
-0.134928 -0.277405 -0.093405 -0.409454 -0.397060 -0.346512 -0.331042 -0.178237 -0.266980 -0.345203 0.165058 0.362798 0.180453 0.251755 -0.252585 0.017099 0.202364 0.280874 -0.253567 -0.294010 0.480841 0.205223 -0.136980 -0.192462 -0.130437 -0.047414 -0.331569 -0.224792 0.465636 0.553813 1.000000 0.738962 0.156130 0.413696 0.157149 -0.167670 0.297579 0.254686 -0.162662 -0.276813 0.561597 0.386336 0.202363 -0.060894 0.218251 -0.075167 0.156256 -0.156119 -0.037709 0.037743 -0.012535 -0.125897 0.164153 0.027163 0.039931 -0.073864 -0.037136 -0.041378 -0.009637 -0.352705 0.176977 -0.052889 -0.111678 0.064045 0.403705 -0.007095 -0.032335 -0.340034 -0.407439 -0.228282 0.429220 0.461185 0.583432 0.544886 0.606124 0.493141 0.398506 0.308362 0.333779 0.356199 0.117998 0.302216 -0.045348 -0.021475 0.177249 0.075337 0.121011 -0.028029 -0.069708 -0.053216 -0.453950 -0.247114 -0.217764 -0.344475 -0.109677 -0.112037 -0.066881 -0.201908 -0.091775 -0.134215 -0.191659 -0.330597 0.007040 -0.216633 0.227984 0.080174 -0.106449 -0.028402 -0.273048 -0.039079 -0.248097 -0.236000 -0.055078 0.038542 -0.090033 -0.232604
-0.337629 -0.283298 -0.039556 -0.223923 -0.218409 -0.273803 -0.331357 -0.139222 -0.221332 -0.314213 -0.012251 0.163166 -0.156449 -0.013352 -0.269992 0.123789 0.019285 0.050279 -0.360167 -0.083321 0.512484 0.519439 0.219983 0.256017 -0.079380 0.207219 -0.212456 0.079336 0.313677 0.298233 0.738962 1.000000 0.084002 0.473190 0.226636 0.004111 0.130935 0.371684 -0.267969 -0.335200 0.630675 0.352883 0.357330 0.266941 0.270342 0.206701 0.084348 0.206336 0.038352 0.139482 0.191498 -0.190781 -0.070666 -0.057824 -0.071882 -0.142194 -0.088925 -0.035214 -0.309739 -0.560270 -0.186910 -0.293502 -0.163904 -0.179276 0.371248 0.255195 -0.168543 -0.113454 -0.288323 -0.250494 0.275150 0.622873 0.303477 0.339705 0.412000 0.338259 0.217649 0.335491 0.217075 0.238870 0.069670 0.233484 0.042688 0.071073 0.253058 0.247972 0.224810 0.203456 0.028589 0.043582 -0.189935 -0.072688 0.033680 -0.376463 -0.385958 -0.401904 -0.041891 -0.482361 0.116191 -0.164238 -0.275461 -0.347710 -0.007523 -0.252524 0.168754 -0.143015 -0.336611 -0.291855 -0.544687 -0.334923 -0.014000 -0.329241 -0.284117 -0.042939 -0.306284 -0.538618
0.041540 0.063431 -0.183510 -0.411538 -0.174002 -0.298635 0.030368 -0.114848 -0.021527 -0.061103 0.007892 0.258645 0.370090 0.479491 -0.214710 0.207017 0.261525 0.477680 -0.028122 0.153660 -0.208416 -0.117261 -0.498965 -0.401706 -0.276455 -0.622071 -0.571092 -0.559893 0.555541 0.521666 0.156130 0.084002 1.000000 0.645644 0.195423 -0.098354 0.232350 0.041560 0.058977 -0.047344 0.400466 0.182996 0.045555 -0.253498 0.194785 -0.251180 0.162609 0.088435 0.123561 0.005361 -0.382209 -0.160028 0.056386 0.021812 0.179486 0.147049 0.124678 0.254828 0.235709 0.170123 0.358994 0.477143 0.249089 0.509270 -0.218253 -0.139120 0.383256 -0.299588 0.186962 0.041240 -0.070777 0.041469 0.550897 0.354199 0.431673 0.234102 0.363571 0.072480 0.299318 0.277901 0.221389 0.414590 -0.213560 0.266184 -0.084686 -0.194853 -0.115050 -0.256723 -0.295321 -0.277195 -0.357359 -0.293266 -0.331405 -0.484765 -0.255103 -0.087850 0.034174 -0.190295 0.300144 0.021878 -0.040878 -0.172034 -0.235283 -0.438511 -0.148491 -0.182498 -0.365425 -0.094344 -0.217526 -0.096713 -0.127662 -0.221887 0.028253 -0.211338 -0.396138 -0.174839
-0.187031 0.015303 -0.384747 -0.485352 -0.268886 -0.362559 -0.224167 -0.228786 -0.087840 -0.120118 0.015370 0.264560 0.195448 0.277324 -0.224050 0.243401 0.253051 0.441804 -0.375438 0.246509 0.195559 0.244343 -0.232400 -0.203608 -0.242882 -0.355260 -0.431843 -0.317879 0.506007 0.577187 0.413696 0.473190 0.645644 1.000000 0.142008 -0.006805 0.134508 0.136183 -0.154644 -0.286072 0.570561 0.299920 0.217090 -0.020519 0.210684 -0.103186 0.158964 0.149316 -0.058493 -0.035500 -0.126380 -0.205908 0.017951 0.065066 0.010121 -0.031867 0.172611 0.419629 -0.152720 -0.244798 0.104296 0.279947 0.077414 0.400064 0.121128 0.043488 -0.114426 -0.452373 0.018598 -0.124899 0.191515 0.389234 0.540160 0.421715 0.431875 0.428740 0.421788 0.253595 0.451183 0.388364 0.317493 0.579358 -0.232088 0.091325 0.136514 -0.042262 -0.022160 -0.055664 -0.038471 -0.135720 -0.312168 -0.373050 -0.173508 -0.562179 -0.303255 -0.306084 0.079389 -0.324183 0.252866 -0.060624 -0.091784 -0.343304 0.014912 -0.334895 -0.019744 -0.310901 -0.300557 -0.145723 -0.494230 -0.229954 0.050576 -0.131219 -0.135917 -0.068921 -0.435461 -0.502775
-0.057538 -0.160425 0.148344 -0.127614 -0.051748 -0.107332 0.069211 -0.048467 -0.189847 -0.367900 0.216384 0.088109 0.183417 0.148638 -0.097962 -0.084970 0.000642 0.024878 -0.185731 -0.180152 0.089235 0.350426 0.127203 0.102360 -0.051789 0.006730 0.020825 -0.007953 -0.077119 -0.094526 0.157149 0.226636 0.195423 0.142008 1.000000 0.449968 0.111173 0.154746 0.089502 0.097129 -0.026096 -0.189089 0.187577 0.161772 0.264522 0.146213 0.154960 0.384300 0.350655 0.109405 0.126033 -0.044489 0.173305 0.161082 0.398039 0.364332 -0.163883 -0.211932 -0.095906 -0.256004 -0.078685 -0.289253 -0.189847 -0.219497 0.013119 0.127153 0.139156 0.083664 -0.212298 -0.323934 -0.034585 0.240076 -0.092591 0.052404 0.028566 0.009528 -0.036344 0.075753 -0.147413 -0.118987 -0.147404 -0.145712 -0.130425 -0.169761 0.181530 0.026903 0.095206 0.098738 0.188562 0.126954 -0.111566 0.052133 -0.207600 -0.149972 -0.216566 -0.144877 0.166925 -0.268982 0.222651 0.110643 -0.026861 -0.135129 -0.086814 -0.166848 0.087814 -0.045819 -0.327462 -0.156301 -0.078282 -0.127881 0.329728 -0.341181 -0.232751 -0.191972 -0.184379 -0.219576
0.043258 0.162132 0.416841 0.406840 0.497721 0.475390 0.320475 0.392641 0.191417 0.246585 -0.005647 -0.239880 -0.072736 -0.111298 0.089151 0.140508 -0.257742 -0.421028 0.082817 0.172099 -0.006027 0.251924 0.454538 0.503745 0.162847 0.278534 0.299028 0.306612 -0.435888 -0.446242 -0.167670 0.004111 -0.098354 -0.006805 0.449968 1.000000 -0.463240 -0.291943 -0.200003 -0.061332 -0.237607 -0.303734 -0.104498 0.210925 -0.155352 0.294262 -0.205732 0.501546 0.242778 -0.010182 0.154413 0.172303 -0.007007 0.330963 -0.129961 -0.013428 -0.304155 -0.188905 -0.107698 -0.140875 -0.324265 -0.136944 -0.369012 -0.598874 -0.053477 0.597362 0.007381 0.497623 0.162212 0.105301 -0.152239 0.063693 -0.505209 -0.351639 -0.410952 -0.415693 -0.560946 -0.369195 -0.533794 -0.470293 -0.356083 -0.454006 0.003692 -0.066923 0.021140 -0.092629 0.003564 0.075332 0.379478 0.226969 0.295763 0.434333 0.194002 0.326415 -0.239691 -0.287115 -0.087021 -0.317543 0.018950 -0.234379 -0.068067 0.082243 0.082801 0.108948 0.139160 -0.097367 -0.217756 -0.217516 -0.057182 -0.403951 0.330569 -0.373918 -0.382669 -0.249749 -0.266187 -0.248608
