1.000000 0.345363 -0.153885 -0.239322 -0.058861 -0.430223 0.371437 -0.070258 0.107003 -0.146347 0.599749 0.368089 0.584475 0.354511 0.295128 0.338133 0.408634 0.166560 0.317064 0.108064 -0.335634 -0.294338 -0.238419 -0.504576 -0.532788 -0.613949 -0.409679 -0.480015 0.509644 0.175639 -0.340144 -0.379066 -0.133902 -0.058249 -0.292344 -0.338128 0.008238 -0.178383 -0.233758 -0.110886 -0.047107 0.049895 -0.130029 -0.330390 -0.406084 -0.524278 -0.028344 -0.259709 -0.394346 -0.440467 0.028212 -0.100087 0.205518 -0.062861 -0.220158 -0.300052 0.592384 0.037569 0.186601 -0.197633 0.546511 0.338402 0.343218 0.247523 -0.091027 -0.249698 -0.240984 -0.504243 0.113939 -0.105214 0.116078 0.005808 0.397099 0.078105 0.360604 0.107757 0.286275 -0.022634 0.303300 0.117728 0.351516 0.236899 -0.202338 0.278013 0.124948 -0.139882 -0.344496 -0.412580 -0.192151 0.051018 0.008066 0.179021 -0.070562 0.110433 -0.269037 -0.095212 -0.298721 -0.101129 -0.159094 0.166064 -0.133094 -0.017398 -0.107440 0.046330 -0.259110 -0.113285 -0.061268 0.077899 -0.041987 0.064034 -0.327287 0.119910 0.125411 -0.200734 0.001657 -0.187398
0.345363 1.000000 -0.420714 0.116531 0.041766 -0.069241 -0.163124 0.242992 0.183175 0.248440 -0.055905 0.597768 0.376439 0.653159 0.289350 0.548093 -0.045500 0.155031 0.138703 0.199203 -0.190102 -0.099377 -0.630741 -0.533820 -0.424767 -0.385438 -0.233633 -0.286349 -0.011217 0.402060 -0.597694 -0.512691 0.032459 -0.092940 -0.615051 -0.473014 -0.089042 -0.001486 -0.144883 0.161000 -0.257170 0.143916 -0.295784 -0.054004 -0.396758 -0.398138 -0.174589 -0.040564 -0.364272 -0.023956 -0.305516 0.298359 -0.003079 0.171932 -0.173969 0.088672 0.300465 0.379717 0.097088 0.275753 0.222556 0.666201 -0.098837 0.306748 -0.389881 0.026104 -0.171509 -0.416047 0.352085 0.222515 -0.341598 -0.272507 0.064028 0.204715 0.095294 -0.012886 -0.141264 -0.151895 0.007743 0.204289 0.099786 0.238516 -0.141034 0.369797 -0.246035 0.021240 -0.327657 -0.248174 -0.072801 0.319395 0.082604 0.086611 -0.104710 -0.109890 -0.028884 -0.108938 -0.071566 0.007604 -0.117123 0.158513 0.126233 0.187850 0.050639 0.027078 -0.203499 0.071735 0.159449 -0.043424 -0.091048 -0.263248 -0.560495 0.186266 0.266012 -0.068812 -0.000336 -0.009112
-0.153885 -0.420714 1.000000 0.139084 0.251623 0.226151 0.463825 0.138723 0.128838 0.092171 -0.311779 -0.316591 -0.186394 -0.342259 -0.260652 -0.258989 -0.463585 -0.490229 0.300653 0.153938 0.004684 -0.108352 0.544055 0.407869 0.431902 0.390387 0.263872 0.270645 -0.266258 -0.388507 0.370404 0.232169 -0.002829 0.197796 0.088360 0.309059 -0.450781 0.044291 -0.059433 0.128484 -0.102248 -0.019215 -0.077623 0.078197 0.182813 0.267883 -0.232352 0.053567 0.172192 0.075055 -0.139798 0.056326 -0.375137 0.078540 -0.174995 0.111746 -0.367160 -0.255627 0.195100 0.070430 -0.152814 -0.247051 -0.379325 -0.385423 -0.068651 0.081515 0.354585 0.412667 -0.107581 -0.053277 0.277873 0.305977 -0.309501 0.039264 -0.098036 0.144769 -0.010351 0.262446 -0.394715 -0.336746 -0.567298 -0.529010 -0.055581 -0.207014 -0.341581 -0.220775 0.045609 0.102438 -0.082175 -0.203138 -0.163658 0.351547 0.023484 0.431072 0.228481 0.056633 -0.064025 0.131683 -0.179450 0.117896 -0.044783 0.086323 0.168443 0.379063 0.273016 0.107126 0.036068 0.175213 0.037128 0.098956 0.311982 -0.185711 -0.034932 0.026260 0.121911 0.074541
-0.239322 0.116531 0.139084 1.000000 0.518623 0.636516 0.138552 0.739006 0.235950 0.630342 -0.215164 0.105422 -0.071242 0.163042 0.266703 0.333972 -0.535870 -0.406697 0.269332 0.452171 0.188169 0.045776 0.131539 0.369606 0.293426 0.364835 0.385167 0.217710 -0.527198 -0.175398 0.034364 0.384902 -0.201400 0.153548 -0.061560 0.341676 -0.483996 -0.108419 -0.040533 0.113360 0.124632 -0.282771 -0.255323 -0.134314 0.030530 0.210411 -0.367774 0.002474 -0.083594 0.000334 -0.465986 -0.206738 -0.486572 -0.139810 -0.309066 -0.137671 -0.461274 -0.245234 0.135068 0.057328 -0.216063 0.194145 -0.433143 -0.417894 0.028059 0.373964 -0.334990 0.097051 -0.053169 0.378741 -0.056226 0.187947 -0.475400 0.074280 -0.309704 0.134779 -0.210892 0.327949 -0.616247 -0.262597 -0.458777 -0.585508 0.215868 0.288385 -0.267680 -0.148790 0.357522 0.217975 0.090313 -0.092649 0.172142 0.090661 0.544666 0.136967 0.101956 -0.150408 -0.240854 -0.239492 -0.180854 -0.062018 0.059613 0.353829 0.142353 0.047480 0.002142 -0.120211 0.226017 0.114376 -0.308723 -0.160495 -0.006087 0.017631 -0.391062 0.143894 -0.122696 0.073826
-0.058861 0.041766 0.251623 0.518623 1.000000 0.503187 0.383594 0.399959 0.569155 0.589225 0.037902 -0.027312 0.237100 0.056423 0.325322 0.183052 -0.358299 -0.550019 0.331522 0.415552 0.087913 -0.252623 0.071220 0.158136 0.230288 0.046891 0.323432 -0.032898 -0.244140 -0.166197 0.111404 0.265426 -0.254912 0.076340 -0.026147 0.193606 -0.214137 -0.071826 -0.086187 -0.123044 -0.032255 -0.264149 -0.308853 -0.180443 0.098628 0.122969 -0.326798 0.011361 -0.008749 0.027735 -0.361396 -0.230594 -0.334466 -0.162176 -0.141039 -0.289447 -0.392585 -0.185905 0.328040 0.003437 -0.076580 -0.054245 -0.263599 -0.440798 0.006638 0.078920 -0.211455 0.131065 -0.133452 0.254200 0.070867 0.287852 -0.234645 0.162755 -0.109355 0.277176 -0.143990 0.313003 -0.395494 -0.216773 -0.280563 -0.537270 0.226236 0.057445 -0.191832 -0.334828 0.341919 0.152108 0.072722 -0.202515 0.288476 0.308592 0.353758 0.393629 0.280187 -0.089115 -0.230489 0.025007 0.004515 0.066485 0.140379 0.511803 0.161673 0.174954 -0.110714 -0.030196 0.133158 0.183471 0.010619 -0.165121 -0.157227 0.054829 -0.311784 0.052240 -0.078141 -0.073766
-0.430223 -0.069241 0.226151 0.636516 0.503187 1.000000 0.092796 0.543648 0.102844 0.597041 -0.433941 -0.202452 -0.196126 0.045697 0.086518 0.135343 -0.608550 -0.446533 -0.064617 0.214805 0.227196 0.172347 0.209876 0.368327 0.576512 0.561360 0.703046 0.478304 -0.657359 -0.302288 0.046469 0.302181 -0.136017 0.125390 -0.007204 0.475648 -0.513196 0.031613 -0.308324 0.152588 0.023416 -0.431021 -0.090676 0.147713 0.172610 0.419204 -0.279260 0.287540 0.163389 0.224333 -0.388435 0.125974 -0.529201 0.155250 -0.174968 0.162615 -0.412106 -0.076126 0.157683 -0.011183 -0.384761 -0.067652 -0.634074 -0.618976 -0.015860 0.521354 -0.125324 0.325552 -0.008476 0.288496 -0.203097 0.168014 -0.607748 -0.053814 -0.376713 0.047616 -0.233898 0.249295 -0.555325 -0.027256 -0.511409 -0.562183 0.077467 -0.047607 -0.389754 -0.112752 0.357813 0.241682 0.019028 -0.145618 0.038527 0.213363 0.277409 0.150644 0.198158 -0.024536 -0.035298 0.010782 -0.113593 0.004288 -0.012023 0.202701 -0.054157 0.153557 0.024350 0.005286 0.237616 0.156453 -0.073994 -0.034522 0.348358 -0.077565 -0.080308 0.182208 -0.159519 0.068895
0.371437 -0.163124 0.463825 0.138552 0.383594 0.092796 1.000000 0.290230 0.248070 0.205655 0.375990 0.044303 0.347940 0.038278 0.180638 0.240453 -0.087415 -0.163549 0.373752 0.044993 -0.078722 -0.287788 0.392393 0.073779 -0.033076 -0.154208 -0.018540 -0.265041 0.154376 -0.150846 0.233965 0.175977 -0.343890 0.092009 0.104214 0.150512 -0.303499 -0.164741 -0.202982 -0.165547 0.017881 -0.209605 -0.285520 -0.432910 -0.022718 -0.087303 -0.325737 -0.376206 -0.146820 -0.380806 -0.080993 -0.105067 -0.149989 0.018815 -0.232133 -0.106366 -0.180943 -0.344553 0.410300 -0.322492 0.271234 -0.045406 -0.166689 -0.271479 0.199537 0.108271 -0.184979 -0.180786 -0.200714 -0.035561 0.203281 0.181954 0.025352 -0.034422 -0.028737 0.200648 0.048193 0.200173 -0.143424 -0.050521 -0.288367 -0.276403 -0.023164 0.267793 0.091287 -0.027398 0.096329 -0.017494 -0.063857 0.097715 -0.171970 0.473701 0.209665 0.384284 -0.064078 -0.083563 -0.494909 -0.156998 -0.441443 0.086947 -0.273284 0.148468 -0.213688 0.157408 -0.299849 -0.237327 -0.146680 0.010993 -0.063034 0.080451 -0.078141 -0.203363 -0.153754 0.019121 0.046547 -0.124719
-0.070258 0.242992 0.138723 0.739006 0.399959 0.543648 0.290230 1.000000 0.204989 0.742244 -0.138887 0.347593 0.263987 0.385686 0.301518 0.357710 -0.451707 -0.233623 0.157719 0.249284 0.142181 -0.027917 -0.068609 0.047559 0.050161 0.168008 0.138111 -0.061466 -0.404845 -0.094969 -0.037017 0.240883 -0.216754 0.155354 -0.171373 0.237060 -0.572194 -0.235688 -0.248332 -0.031311 -0.174427 -0.287214 -0.203990 -0.144750 0.078521 0.215547 -0.334835 -0.045579 -0.008723 0.037158 -0.450873 0.019601 -0.384560 -0.015982 -0.323304 -0.124154 -0.276143 -0.246300 0.292046 0.089558 -0.063826 0.369931 -0.551276 -0.348564 -0.138615 0.474958 -0.300419 -0.042151 -0.086209 0.090383 -0.178978 0.111514 -0.320418 -0.056264 -0.262034 0.059242 -0.247792 0.058185 -0.537042 -0.182657 -0.461534 -0.491541 0.187083 0.296418 -0.265357 0.018652 0.053885 -0.085909 0.005067 0.067088 0.190931 0.162337 0.521315 0.074200 0.000275 -0.192696 -0.259046 -0.214192 -0.181824 -0.034224 -0.021136 0.232831 -0.016060 -0.035109 -0.093127 -0.119240 0.210823 0.097964 -0.250523 -0.163114 -0.142192 -0.119081 -0.242831 0.078587 -0.065088 -0.042432
0.107003 0.183175 0.128838 0.235950 0.569155 0.102844 0.248070 0.204989 1.000000 0.405506 0.155720 0.146300 0.215901 0.238987 0.388816 0.195133 -0.044100 -0.150550 0.353451 0.306471 -0.049210 -0.092829 -0.084435 0.018757 0.006607 -0.095089 0.096783 -0.162940 0.097624 0.083787 0.021872 -0.005897 -0.129447 -0.143109 -0.252885 -0.208704 -0.072924 -0.282478 -0.076357 -0.119635 -0.133629 -0.065268 -0.225183 -0.198980 -0.152557 -0.224384 -0.171870 -0.019679 -0.327280 -0.145750 -0.093484 -0.126929 0.000639 0.083799 0.082137 -0.303939 -0.125508 -0.043837 -0.007361 -0.015588 0.086195 0.125916 0.008871 -0.134042 0.020132 -0.146677 -0.225058 -0.245963 0.049163 0.034290 -0.035877 0.078269 0.014562 0.101441 0.049203 0.102482 -0.115329 -0.075887 -0.037541 -0.035745 0.042667 -0.161572 0.030811 0.032259 0.041921 -0.072295 0.251270 0.168022 0.258744 0.081269 0.263729 0.164247 -0.024174 0.118998 0.125477 -0.167614 -0.147169 0.057330 0.030788 -0.039696 0.233156 0.161328 0.355948 -0.013120 -0.120613 0.106491 -0.064652 0.144255 -0.014389 -0.307955 -0.385415 -0.120695 -0.115975 -0.115691 0.149215 -0.173259
-0.146347 0.248440 0.092171 0.630342 0.589225 0.597041 0.205655 0.742244 0.405506 1.000000 -0.223570 0.328807 0.203463 0.431949 0.188511 0.458842 -0.431799 -0.283567 0.231172 0.326980 0.136510 -0.164536 -0.166884 0.003292 0.014464 0.003864 0.253663 -0.121783 -0.275002 0.048475 0.036679 0.207958 -0.111030 0.157117 -0.251879 -0.006356 -0.319409 -0.203181 -0.226652 -0.033905 -0.209485 -0.192710 -0.214957 -0.110472 -0.012637 0.050169 -0.246187 0.160291 -0.098591 0.140484 -0.479011 -0.006436 -0.253922 0.139377 -0.212415 -0.116792 -0.305958 -0.113666 0.190723 0.187427 -0.113005 0.343254 -0.469303 -0.253069 -0.230177 0.122857 -0.238504 -0.128576 -0.071005 0.012319 -0.175685 0.113031 -0.151734 0.167707 0.004787 0.178111 -0.189238 0.078185 -0.347134 -0.026409 -0.322191 -0.423624 -0.029742 0.341571 -0.314774 -0.110964 0.079725 -0.074841 -0.030876 0.058319 0.460983 0.182915 0.418953 0.059456 0.189367 -0.154656 -0.156099 0.034216 0.069096 0.066143 0.033198 0.429554 -0.071472 -0.018130 -0.139495 0.112006 0.125614 0.077455 -0.091194 -0.176360 -0.252876 -0.029225 -0.186660 0.152191 0.053412 -0.128349
0.599749 -0.055905 -0.311779 -0.215164 0.037902 -0.433941 0.375990 -0.138887 0.155720 -0.223570 1.000000 0.271185 0.515479 0.137629 0.409797 0.174179 0.748483 0.274667 0.017950 -0.180724 -0.097999 -0.127780 -0.011420 -0.233485 -0.476543 -0.534476 -0.359316 -0.491145 0.655924 0.091285 0.006079 -0.030364 -0.394439 -0.188234 0.223682 -0.133716 0.313217 -0.295740 -0.061282 -0.369855 0.190217 -0.136553 0.092678 -0.395165 -0.170980 -0.374563 0.292617 -0.352893 -0.173930 -0.514359 0.468565 -0.323461 0.519207 -0.295272 0.140344 -0.527558 0.255441 -0.307026 0.052730 -0.456458 0.341301 -0.046443 0.642149 0.082867 0.277103 -0.244103 -0.385063 -0.485456 -0.232446 -0.095560 0.187883 -0.008776 0.498247 -0.193828 0.080280 -0.092429 0.125652 -0.131166 0.541716 0.007882 0.568964 0.288555 0.153670 0.194686 0.655464 0.008908 -0.057721 -0.144825 0.086780 0.002295 0.062623 -0.122824 0.092911 0.000312 -0.197304 -0.308682 -0.194649 -0.177053 -0.026512 -0.229024 -0.057917 -0.174030 -0.144700 -0.265634 -0.386886 -0.308682 -0.294312 0.025995 -0.055253 -0.019539 -0.233715 0.048132 -0.011441 -0.197569 -0.078025 -0.304508
0.368089 0.597768 -0.316591 0.105422 -0.027312 -0.202452 0.044303 0.347593 0.146300 0.328807 0.271185 1.000000 0.616419 0.786021 0.240271 0.500751 0.228118 0.328434 0.089371 0.032232 -0.211674 -0.273390 -0.542323 -0.624951 -0.685437 -0.563133 -0.372413 -0.525833 0.244646 0.502140 -0.349089 -0.295172 -0.179707 0.035056 -0.264153 -0.367102 0.025658 -0.122929 -0.334451 -0.220362 -0.199482 0.187832 -0.176103 -0.287853 -0.282386 -0.405333 -0.008812 -0.148300 -0.164299 -0.078277 -0.046589 0.210429 0.332125 0.156721 -0.084145 -0.255077 0.151807 -0.035063 0.060556 0.161350 0.323333 0.639113 0.084320 0.387294 -0.412448 -0.179633 -0.246950 -0.503699 -0.158688 -0.149283 -0.058390 -0.083400 0.388452 0.220797 0.220905 0.104914 -0.049365 -0.125349 0.245039 0.066145 0.261585 0.323862 -0.157217 0.475358 -0.110518 0.025348 -0.544920 -0.509874 -0.258988 0.228682 0.400981 0.034475 0.004935 -0.080629 -0.143202 -0.253522 -0.207287 -0.123042 0.056095 0.034018 -0.019823 0.017834 -0.042994 -0.246987 -0.210032 -0.005366 0.073585 0.069353 -0.057372 -0.249721 -0.608554 0.048267 0.164161 -0.051604 0.119553 -0.197324
0.584475 0.376439 -0.186394 -0.071242 0.237100 -0.196126 0.347940 0.263987 0.215901 0.203463 0.515479 0.616419 1.000000 0.656839 0.541985 0.392866 0.243031 0.140223 0.201798 0.038426 -0.188578 -0.354488 -0.398990 -0.619237 -0.515825 -0.601854 -0.463087 -0.652136 0.360372 0.294938 -0.279584 -0.263135 -0.229781 0.054732 -0.205253 -0.180767 0.044688 -0.149387 -0.311997 -0.407093 -0.215882 0.039218 -0.214276 -0.357559 -0.195409 -0.304241 -0.117081 -0.264287 -0.095034 -0.196594 -0.066829 0.063228 0.217302 -0.009962 -0.144299 -0.289096 0.251756 -0.163413 0.388653 -0.057119 0.484131 0.441273 0.065222 0.157429 -0.320469 -0.102555 -0.293704 -0.371495 -0.168547 -0.121574 0.021716 -0.094605 0.377022 0.092980 0.162465 0.124838 -0.007072 -0.076194 0.147115 0.110682 0.251354 0.229451 0.117760 0.298818 -0.053416 -0.111230 -0.447313 -0.595044 -0.252907 0.114198 0.286521 0.185980 0.068290 0.108473 -0.002677 -0.169819 -0.383089 -0.122683 -0.110188 0.122148 -0.120643 0.009094 -0.146373 -0.127113 -0.312903 -0.204445 -0.013899 0.052114 0.056528 -0.202004 -0.467421 0.031884 0.064833 -0.181005 -0.085889 -0.129971
0.354511 0.653159 -0.342259 0.163042 0.056423 0.045697 0.038278 0.385686 0.238987 0.431949 0.137629 0.786021 0.656839 1.000000 0.465479 0.679185 0.090785 0.310840 0.074831 0.004805 -0.249860 -0.271290 -0.582632 -0.638802 -0.472286 -0.451791 -0.228115 -0.405696 0.074972 0.438798 -0.565842 -0.529211 -0.158544 -0.053406 -0.462732 -0.304748 -0.019724 -0.193406 -0.341770 -0.135915 -0.329593 0.019585 -0.178265 -0.231452 -0.326002 -0.341252 -0.078296 -0.125811 -0.193615 -0.133889 -0.132142 0.229058 0.222803 0.184531 -0.081124 -0.094454 0.247806 0.192175 0.234865 0.103681 0.453826 0.778970 -0.038784 0.284987 -0.347404 0.063800 -0.324790 -0.496868 -0.062147 -0.069628 -0.372733 -0.337303 0.186354 0.112138 0.122230 0.002149 -0.132819 -0.232228 0.103879 0.210060 0.188211 0.282842 -0.166748 0.427574 -0.191373 -0.007962 -0.391793 -0.496209 -0.097842 0.310903 0.274583 0.012286 -0.095131 -0.202686 -0.003522 -0.240336 -0.219509 -0.208183 -0.082682 -0.006586 -0.140481 -0.109948 -0.156521 -0.218890 -0.306548 -0.047865 0.007626 0.011775 -0.157589 -0.385837 -0.479872 -0.046774 0.175899 -0.041356 0.057924 -0.069871
0.295128 0.289350 -0.260652 0.266703 0.325322 0.086518 0.180638 0.301518 0.388816 0.188511 0.409797 0.240271 0.541985 0.465479 1.000000 0.574488 0.065095 0.002785 0.111167 -0.010667 -0.087197 0.059742 -0.057376 -0.092524 -0.102143 -0.146109 -0.094562 -0.105168 0.024102 -0.082503 -0.394856 -0.230752 -0.333992 -0.406924 -0.213012 0.006333 -0.059867 -0.269385 0.014204 -0.140181 -0.053864 -0.210907 -0.338559 -0.330658 -0.300276 -0.242558 -0.205218 -0.313208 -0.077441 -0.315863 0.030788 0.002260 0.012884 -0.096051 0.088079 -0.180325 0.091049 -0.198960 0.368222 -0.260137 0.329988 0.261918 -0.039089 -0.160823 0.192530 0.308397 -0.466607 -0.340287 -0.002955 0.308502 -0.233764 -0.168963 -0.170774 -0.233814 -0.199449 -0.218880 -0.217163 -0.233468 -0.097583 -0.015591 0.020823 -0.022261 0.453484 0.330813 0.164193 0.072202 0.067893 0.011094 0.334081 0.239707 0.054194 0.031345 0.213748 0.089368 0.095480 -0.438544 -0.314796 -0.249033 -0.329095 -0.108259 -0.092114 -0.008150 -0.107258 -0.170219 -0.284918 -0.290472 -0.120943 -0.021631 -0.255678 -0.260404 -0.234496 -0.182903 -0.073781 -0.120006 -0.184698 0.060538
0.338133 0.548093 -0.258989 0.333972 0.183052 0.135343 0.240453 0.357710 0.195133 0.458842 0.174179 0.500751 0.392866 0.679185 0.574488 1.000000 -0.006465 0.104640 0.047202 0.005740 -0.136586 -0.078518 -0.277737 -0.273729 -0.305609 -0.333107 -0.141890 -0.243462 0.055397 0.175568 -0.468255 -0.381063 -0.260329 -0.266644 -0.409506 -0.239443 -0.136040 -0.268655 -0.031741 0.025444 -0.095837 -0.178584 -0.298836 -0.275562 -0.370632 -0.368150 -0.163258 -0.177780 -0.202500 -0.232894 -0.136075 0.115973 0.044133 0.155465 -0.108355 -0.047871 0.169280 0.043939 0.312419 -0.055584 0.350557 0.551740 -0.113330 0.028534 -0.034688 0.135521 -0.432458 -0.564181 0.039592 0.233642 -0.309600 -0.276129 -0.010833 -0.032786 0.000290 -0.132140 -0.167793 -0.141691 -0.053140 0.098452 -0.007382 -0.019695 -0.007395 0.688511 -0.010176 -0.012253 -0.045640 -0.113973 0.132488 0.387629 0.032390 0.063035 0.171897 -0.049614 0.036438 -0.419205 -0.247764 -0.228281 -0.203101 0.060232 -0.142434 0.083526 -0.280762 -0.132816 -0.357502 -0.085018 0.119018 -0.070624 -0.235316 -0.299353 -0.400174 0.015286 0.039009 0.028999 -0.028707 0.035671
0.408634 -0.045500 -0.463585 -0.535870 -0.358299 -0.608550 -0.087415 -0.451707 -0.044100 -0.431799 0.748483 0.228118 0.243031 0.090785 0.065095 -0.006465 1.000000 0.600197 -0.268240 -0.404839 -0.138995 -0.090432 -0.255827 -0.354496 -0.540909 -0.553286 -0.447933 -0.436187 0.706777 0.184601 -0.073034 -0.246239 -0.167721 -0.247681 0.197204 -0.333391 0.547716 -0.339057 -0.018004 -0.375663 0.066134 -0.060502 0.394553 -0.159515 -0.064759 -0.326949 0.611027 -0.234790 -0.105360 -0.344704 0.702953 -0.244040 0.795265 -0.223667 0.392128 -0.463762 0.464185 0.054467 -0.178739 -0.306785 0.338997 -0.013355 0.832026 0.417273 0.221438 -0.345244 -0.117464 -0.454904 -0.137525 -0.287291 -0.015476 -0.273320 0.624119 -0.278742 0.150455 -0.314917 0.079916 -0.400791 0.860540 0.101365 0.814685 0.638897 -0.053802 -0.044480 0.718805 0.156679 -0.223126 -0.191548 0.153130 0.084936 0.049704 -0.397963 -0.231428 -0.402383 -0.183495 -0.220438 0.070762 -0.131660 0.221806 -0.361010 -0.016625 -0.440906 -0.176559 -0.447741 -0.252347 -0.126179 -0.270933 -0.065094 -0.018633 -0.084264 -0.201387 0.116634 0.163194 -0.366991 -0.066025 -0.360665
0.166560 0.155031 -0.490229 -0.406697 -0.550019 -0.446533 -0.163549 -0.233623 -0.150550 -0.283567 0.274667 0.328434 0.140223 0.310840 0.002785 0.104640 0.600197 1.000000 -0.267628 -0.443220 -0.246922 -0.032107 -0.335686 -0.350403 -0.512607 -0.368410 -0.470514 -0.349731 0.406514 0.464892 -0.226104 -0.318308 -0.070728 -0.265026 0.035790 -0.395669 0.404576 -0.264311 -0.004379 -0.353320 -0.072375 0.084201 0.215991 -0.102619 -0.042353 -0.207538 0.367996 -0.160724 -0.144467 -0.107094 0.411482 0.064473 0.584159 0.155704 0.323776 -0.065323 0.325562 0.260958 -0.218163 -0.194015 0.318702 0.196214 0.404275 0.628333 0.087241 -0.099129 -0.105515 -0.510082 -0.060807 -0.280841 -0.330610 -0.487580 0.386645 -0.246796 0.082075 -0.320136 -0.205342 -0.476320 0.599311 0.441648 0.564201 0.814023 -0.126377 0.202546 0.451560 0.479381 -0.261326 -0.173695 0.122473 0.498624 -0.049445 -0.243270 -0.351526 -0.615142 -0.306347 -0.158536 -0.051916 -0.287259 0.052520 -0.221799 -0.176979 -0.490881 -0.347614 -0.499694 -0.270198 -0.037297 -0.207025 -0.330777 -0.081398 -0.283857 -0.313455 0.017950 0.165586 -0.285947 -0.028840 -0.302701
0.317064 0.138703 0.300653 0.269332 0.331522 -0.064617 0.373752 0.157719 0.353451 0.231172 0.017950 0.089371 0.201798 0.074831 0.111167 0.047202 -0.268240 -0.267628 1.000000 0.645109 -0.127152 -0.333809 0.118645 0.013906 -0.036089 -0.068201 0.012361 -0.118362 0.013457 -0.057032 0.051864 0.107264 0.126453 0.229835 -0.275342 -0.136893 -0.171992 -0.140493 0.061907 -0.115643 -0.088997 0.083720 -0.319651 -0.187890 -0.195540 -0.201347 -0.363023 -0.144340 -0.356016 -0.215200 -0.414789 -0.336971 -0.324758 -0.193134 -0.260201 -0.175556 -0.092203 -0.167882 0.130154 -0.023195 0.100566 0.049789 -0.132566 0.042824 -0.075062 -0.207990 0.020415 -0.073714 0.186502 0.003943 0.222671 0.141731 0.024006 0.354646 0.289876 0.409688 0.129889 0.220004 -0.260277 -0.183882 -0.164412 -0.142066 0.028132 0.157658 -0.214122 -0.163173 -0.015519 -0.046383 -0.055997 -0.049221 0.161680 0.247412 0.063591 0.211219 -0.072473 0.067627 -0.364104 -0.101681 -0.258760 0.076905 -0.084295 0.445760 0.186112 0.149251 0.080444 0.076772 -0.115052 0.002226 0.047336 -0.131966 -0.287522 -0.167978 -0.288118 -0.126691 0.102023 -0.103326
0.108064 0.199203 0.153938 0.452171 0.415552 0.214805 0.044993 0.249284 0.306471 0.326980 -0.180724 0.032232 0.038426 0.004805 -0.010667 0.005740 -0.404839 -0.443220 0.645109 1.000000 -0.060971 -0.264941 -0.072122 0.110817 0.179921 0.105598 0.150860 0.022892 -0.255305 -0.016475 -0.065399 0.174986 0.382315 0.461311 -0.202328 0.107822 -0.287304 0.078387 -0.160527 0.095679 0.020386 0.133592 -0.301295 -0.030641 -0.057660 0.010679 -0.416939 0.212339 -0.268639 0.108368 -0.614218 -0.242258 -0.571398 -0.166158 -0.493688 -0.173382 -0.078885 0.023762 -0.062603 0.226677 -0.324018 -0.045975 -0.213966 -0.158478 -0.362646 -0.222982 0.001475 0.250607 0.385461 0.285986 0.353104 0.413858 -0.141805 0.544831 0.271638 0.608167 0.170274 0.522378 -0.433947 -0.211890 -0.107320 -0.362868 0.057128 0.028051 -0.461526 -0.455387 0.162171 0.031494 -0.209554 -0.387393 0.150073 0.221426 0.133357 0.262079 0.082629 0.241077 -0.163952 0.155718 -0.133505 0.246648 0.193045 0.569714 0.463065 0.275300 0.250955 0.270549 0.271883 0.232444 0.137020 -0.012141 -0.092826 0.190879 -0.237316 0.013616 0.122207 -0.136124
-0.335634 -0.190102 0.004684 0.188169 0.087913 0.227196 -0.078722 0.142181 -0.049210 0.136510 -0.097999 -0.211674 -0.188578 -0.249860 -0.087197 -0.136586 -0.138995 -0.246922 -0.127152 -0.060971 1.000000 0.473634 0.246498 0.353993 0.421286 0.473175 0.413948 0.394392 0.024641 0.026530 0.479094 0.509109 -0.044489 0.009807 0.135637 0.089060 -0.157806 0.198021 0.040257 0.030118 -0.009797 -0.177450 0.028848 0.162939 -0.089069 0.079284 0.063755 0.035428 -0.089102 -0.034439 -0.045288 -0.045458 -0.121987 0.049491 -0.135082 0.148380 -0.147096 -0.416197 -0.207804 -0.051045 -0.315832 -0.250383 -0.214393 -0.311690 0.190445 0.093921 -0.159143 0.063545 -0.213882 -0.112539 0.070138 0.237692 -0.002835 0.001592 -0.146935 0.008664 -0.018996 0.100502 -0.206315 -0.190571 -0.233999 -0.237749 0.347764 0.012994 0.116994 0.228172 0.286952 0.295261 -0.036255 -0.077206 0.087248 -0.039437 0.216551 0.096757 0.135826 0.081274 0.085408 0.146230 0.091794 0.109296 -0.024411 -0.049333 -0.128548 -0.100219 -0.198618 -0.302465 -0.124250 -0.267396 0.146969 0.110590 0.336951 0.092515 -0.195451 0.095009 -0.210553 0.078131
-0.294338 -0.099377 -0.108352 0.045776 -0.252623 0.172347 -0.287788 -0.027917 -0.092829 -0.164536 -0.127780 -0.273390 -0.354488 -0.271290 0.059742 -0.078518 -0.090432 -0.032107 -0.333809 -0.264941 0.473634 1.000000 0.316936 0.428827 0.366230 0.546420 0.357799 0.539642 -0.020765 -0.074998 0.178018 0.284764 -0.080444 -0.239185 0.103402 0.048743 -0.223126 0.181216 0.232006 0.262010 0.114293 -0.067694 0.011496 0.166861 -0.227035 -0.066558 -0.020111 0.055599 -0.118019 -0.071481 0.087164 0.162759 -0.125011 0.211636 0.047535 0.253807 0.039646 -0.169551 -0.328462 -0.216597 -0.311065 -0.235916 -0.124500 -0.211077 0.281669 0.260514 -0.184757 -0.069857 0.093590 0.067333 -0.053803 0.169268 -0.249075 -0.280593 -0.367561 -0.309797 -0.160503 -0.113444 -0.024341 0.078178 -0.052692 -0.074614 0.162386 0.082349 0.228588 0.386812 0.166663 0.371119 0.150802 0.095893 -0.215729 -0.104576 -0.014638 -0.048806 -0.026182 -0.213975 0.170028 0.158673 -0.052371 0.071738 -0.047637 -0.212724 -0.045888 0.035433 0.010650 -0.014268 0.058471 -0.020516 0.053117 0.072482 0.255879 -0.107769 0.158086 0.095970 -0.033541 0.215555
-0.238419 -0.630741 0.544055 0.131539 0.071220 0.209876 0.392393 -0.068609 -0.084435 -0.166884 -0.011420 -0.542323 -0.398990 -0.582632 -0.057376 -0.277737 -0.255827 -0.335686 0.118645 -0.072122 0.246498 0.316936 1.000000 0.737175 0.498878 0.528411 0.442962 0.499751 -0.123278 -0.416022 0.518491 0.566714 -0.132703 0.031613 0.399535 0.406733 -0.323914 0.160606 0.180922 0.232084 0.362082 -0.074239 -0.194958 -0.122469 -0.030466 0.093970 -0.239955 -0.114487 -0.021455 -0.174412 0.026602 -0.073440 -0.318328 0.047432 -0.061899 0.254926 -0.363036 -0.440721 -0.032265 -0.282631 -0.272551 -0.521885 -0.166001 -0.409216 0.436411 0.198328 0.027790 0.228753 -0.173063 0.013171 0.324195 0.391873 -0.350305 -0.178764 -0.321827 0.001063 0.059689 0.300138 -0.239965 -0.199131 -0.433474 -0.404000 0.178569 -0.040632 0.118044 0.122287 0.355218 0.437416 0.016409 -0.103037 -0.339470 0.275332 0.107449 0.414969 0.015979 0.093289 -0.148093 0.107520 -0.339472 0.077014 -0.248239 -0.006604 -0.117779 0.221793 0.000667 -0.102711 -0.189603 -0.006013 0.029321 0.335934 0.513648 -0.185862 -0.084627 0.170713 -0.043332 0.140664
-0.504576 -0.533820 0.407869 0.369606 0.158136 0.368327 0.073779 0.047559 0.018757 0.003292 -0.233485 -0.624951 -0.619237 -0.638802 -0.092524 -0.273729 -0.354496 -0.350403 0.013906 0.110817 0.353993 0.428827 0.737175 1.000000 0.723311 0.729076 0.537607 0.634800 -0.330578 -0.493295 0.465939 0.630833 -0.055725 -0.111247 0.290116 0.393951 -0.326651 0.000474 0.305602 0.265118 0.331929 -0.264067 -0.145283 -0.064680 0.026395 0.181201 -0.194965 -0.037284 -0.007977 -0.107143 0.004953 -0.254853 -0.370141 -0.121890 0.053408 0.094866 -0.392981 -0.338134 -0.126167 -0.179754 -0.427801 -0.506105 -0.196769 -0.471402 0.480085 0.281343 0.114323 0.374466 0.090139 0.242115 0.157952 0.332378 -0.497836 -0.209558 -0.389917 -0.120663 -0.171073 0.167717 -0.313958 -0.247680 -0.393726 -0.499973 0.383677 -0.100891 0.134140 0.132390 0.620688 0.711283 0.300554 -0.102739 -0.226232 0.005373 0.343913 0.246206 0.100134 -0.009794 -0.028837 0.083698 -0.262843 -0.062128 -0.040754 0.138701 0.037132 0.202268 0.137549 0.024314 -0.037358 0.026228 -0.103124 0.147796 0.492425 -0.137392 -0.290460 0.160222 -0.042863 -0.005087
-0.532788 -0.424767 0.431902 0.293426 0.230288 0.576512 -0.033076 0.050161 0.006607 0.014464 -0.476543 -0.685437 -0.515825 -0.472286 -0.102143 -0.305609 -0.540909 -0.512607 -0.036089 0.179921 0.421286 0.366230 0.498878 0.723311 1.000000 0.874952 0.675445 0.776428 -0.538141 -0.457408 0.250242 0.331185 0.065926 -0.011428 0.143748 0.510180 -0.381601 0.180293 0.081426 0.281896 0.105393 -0.295707 -0.110547 0.198059 0.114681 0.375875 -0.266594 0.134753 0.125436 0.047867 -0.186689 -0.084021 -0.571871 -0.111630 -0.094323 0.258055 -0.343799 -0.137770 -0.043663 -0.041612 -0.447770 -0.400088 -0.414029 -0.522678 0.258527 0.409058 0.166787 0.610921 0.125563 0.233338 0.030507 0.219016 -0.560644 -0.084215 -0.365199 -0.041614 -0.129363 0.207546 -0.538741 -0.201995 -0.476652 -0.504523 0.318262 -0.325478 -0.161307 0.004833 0.592959 0.605901 0.187318 -0.248031 -0.224065 0.096815 0.178517 0.269744 0.261174 0.117560 0.091832 0.096560 -0.209245 0.071693 0.036960 0.087249 0.134662 0.315982 0.301929 0.058125 0.137219 0.122285 0.019397 0.079999 0.621981 -0.132745 -0.184882 0.175282 -0.045078 0.190294
-0.613949 -0.385438 0.390387 0.364835 0.046891 0.561360 -0.154208 0.168008 -0.095089 0.003864 -0.534476 -0.563133 -0.601854 -0.451791 -0.146109 -0.333107 -0.553286 -0.368410 -0.068201 0.105598 0.473175 0.546420 0.528411 0.729076 0.874952 1.000000 0.670004 0.866376 -0.559597 -0.360652 0.265067 0.417469 0.084396 0.000372 0.167283 0.479836 -0.403815 0.220890 0.150135 0.298898 0.127403 -0.180907 -0.019692 0.302397 0.096359 0.400247 -0.202668 0.212598 0.103606 0.098956 -0.192711 0.001626 -0.574464 0.004733 -0.090087 0.334415 -0.357620 -0.219268 -0.188259 -0.076015 -0.556124 -0.383920 -0.456272 -0.492979 0.215732 0.449455 0.081555 0.504489 0.116137 0.206520 -0.008435 0.191098 -0.584933 -0.119933 -0.395282 -0.070931 -0.130306 0.191118 -0.532026 -0.189920 -0.502038 -0.467076 0.277903 -0.205451 -0.166840 0.112121 0.462839 0.586390 0.186277 -0.196131 -0.237582 0.056946 0.111964 0.140001 0.119240 0.065432 0.158694 0.029327 -0.211781 0.033887 -0.032989 -0.040236 0.143123 0.210121 0.257253 -0.000521 0.095959 0.071255 0.011708 0.059134 0.653452 -0.146606 -0.139926 0.187483 -0.100311 0.257308
-0.409679 -0.233633 0.263872 0.385167 0.323432 0.703046 -0.018540 0.138111 0.096783 0.253663 -0.359316 -0.372413 -0.463087 -0.228115 -0.094562 -0.141890 -0.447933 -0.470514 0.012361 0.150860 0.413948 0.357799 0.442962 0.537607 0.675445 0.670004 1.000000 0.758870 -0.425094 -0.245905 0.225096 0.354531 -0.094740 0.039808 0.026800 0.318841 -0.357769 0.158796 -0.154581 0.247242 -0.000970 -0.280602 -0.134306 0.145798 -0.101430 0.144609 -0.200820 0.199124 -0.059098 -0.016492 -0.161074 0.048943 -0.387610 0.124625 -0.041335 0.178340 -0.283864 -0.078066 -0.143457 -0.075395 -0.348524 -0.298501 -0.298501 -0.432298 0.179202 0.279334 -0.065726 0.301171 -0.034485 0.119880 -0.057260 0.331053 -0.443307 -0.011091 -0.255977 0.039581 -0.010542 0.218688 -0.330518 -0.095430 -0.350041 -0.443092 -0.004870 -0.161590 -0.154345 -0.038932 0.425443 0.447922 0.045391 -0.257839 -0.017526 0.168390 0.099787 0.292119 0.065916 0.052381 0.029200 0.129175 -0.026959 0.079666 0.061360 0.124696 0.084615 0.256029 -0.034779 -0.003369 0.023077 0.057147 -0.020872 0.080623 0.508599 -0.066027 0.051683 0.287762 -0.025173 0.027786
-0.480015 -0.286349 0.270645 0.217710 -0.032898 0.478304 -0.265041 -0.061466 -0.162940 -0.121783 -0.491145 -0.525833 -0.652136 -0.405696 -0.105168 -0.243462 -0.436187 -0.349731 -0.118362 0.022892 0.394392 0.539642 0.499751 0.634800 0.776428 0.866376 0.758870 1.000000 -0.491058 -0.383495 0.082635 0.193735 0.035783 -0.202721 0.026131 0.311834 -0.318762 0.245204 0.135453 0.432283 0.112100 -0.164555 -0.040019 0.297294 -0.127781 0.181576 -0.116636 0.160041 0.087526 0.021162 -0.009208 0.130403 -0.398760 0.073034 0.084468 0.388251 -0.197648 -0.095753 -0.165200 -0.079902 -0.391762 -0.351386 -0.302432 -0.395847 0.290272 0.401324 0.139107 0.380011 0.142890 0.224154 -0.018662 0.207257 -0.570806 -0.118930 -0.345487 -0.126555 -0.042621 0.105580 -0.354307 -0.215305 -0.402000 -0.336173 0.166068 -0.223243 -0.143181 0.100935 0.383102 0.580052 0.213635 -0.155593 -0.272866 0.003887 -0.024043 0.209528 0.047196 0.065640 0.185346 0.091305 -0.168153 0.025821 -0.055601 -0.116546 0.071367 0.206552 0.170622 -0.021850 0.005661 -0.040694 -0.070770 0.153951 0.663841 -0.130606 0.015722 0.237285 -0.113291 0.232131
0.509644 -0.011217 -0.266258 -0.527198 -0.244140 -0.657359 0.154376 -0.404845 0.097624 -0.275002 0.655924 0.244646 0.360372 0.074972 0.024102 0.055397 0.706777 0.406514 0.013457 -0.255305 0.024641 -0.020765 -0.123278 -0.330578 -0.538141 -0.559597 -0.425094 -0.491058 1.000000 0.410274 0.232071 -0.043059 -0.100780 -0.041386 0.092309 -0.467251 0.467856 -0.140762 0.041652 -0.364529 0.034910 0.168566 0.166625 -0.255436 -0.222425 -0.481653 0.355750 -0.254381 -0.384413 -0.343605 0.384005 -0.246574 0.604566 0.007846 0.120820 -0.326384 0.439761 -0.193414 -0.185223 -0.294070 0.385264 -0.018099 0.612763 0.371390 0.085147 -0.592818 -0.202877 -0.606449 -0.225377 -0.489839 0.248598 -0.017294 0.823208 0.008044 0.370615 0.000436 0.255179 -0.165005 0.714908 0.197139 0.653948 0.461898 -0.098164 0.277693 0.556177 0.077488 -0.331622 -0.258308 -0.063510 0.063974 0.149739 -0.136716 -0.189327 -0.166340 -0.177639 -0.043476 -0.030223 0.085576 0.222608 0.054846 -0.023185 -0.226432 -0.105252 -0.284140 -0.383152 -0.090640 -0.266945 -0.153598 0.307012 0.112879 -0.269834 0.170198 0.119757 -0.259754 0.062397 -0.186610
0.175639 0.402060 -0.388507 -0.175398 -0.166197 -0.302288 -0.150846 -0.094969 0.083787 0.048475 0.091285 0.502140 0.294938 0.438798 -0.082503 0.175568 0.184601 0.464892 -0.057032 -0.016475 0.026530 -0.074998 -0.416022 -0.493295 -0.457408 -0.360652 -0.245905 -0.383495 0.410274 1.000000 -0.041502 -0.173572 0.106931 0.207444 -0.157242 -0.516438 0.305926 0.266184 -0.117434 -0.169524 -0.167008 0.473936 -0.101470 -0.009124 -0.266028 -0.332313 0.058218 0.147806 -0.430896 0.060325 -0.207505 0.186676 0.196911 0.360430 -0.245006 0.078363 0.188005 0.201645 -0.406292 0.188214 0.088984 0.324590 0.187682 0.500840 -0.474960 -0.508241 -0.334761 -0.431976 -0.213319 -0.303277 -0.000875 -0.090625 0.598369 0.456125 0.399275 0.226540 0.215669 0.149571 0.212408 0.479214 0.399812 0.491200 -0.300302 0.434780 -0.055958 -0.030117 -0.289893 -0.311486 -0.412176 0.068967 0.181437 0.147398 -0.274428 -0.136934 -0.001605 0.149575 0.029899 0.101597 0.254602 0.420500 0.239434 -0.048744 0.120096 -0.039962 -0.284848 0.105154 0.072931 -0.119924 0.293877 -0.097330 -0.357508 0.458508 0.293966 0.179565 0.162094 0.012784
-0.340144 -0.597694 0.370404 0.034364 0.111404 0.046469 0.233965 -0.037017 0.021872 0.036679 0.006079 -0.349089 -0.279584 -0.565842 -0.394856 -0.468255 -0.073034 -0.226104 0.051864 -0.065399 0.479094 0.178018 0.518491 0.465939 0.250242 0.265067 0.225096 0.082635 0.232071 -0.041502 1.000000 0.780199 -0.008951 0.346444 0.509981 0.132165 0.041976 0.089541 0.141461 -0.198675 0.083651 -0.022924 0.150509 0.025899 0.248717 0.205576 0.114080 0.017349 -0.021512 -0.012107 0.026588 -0.347247 -0.044418 -0.062191 -0.028212 -0.078192 -0.424967 -0.466221 -0.250908 -0.160364 -0.313156 -0.521491 -0.043118 -0.263035 0.181599 -0.291469 0.053853 0.198478 -0.356587 -0.351929 0.436775 0.397928 0.239553 0.052450 0.000941 0.182196 0.257617 0.314740 -0.045277 -0.080146 -0.191460 -0.271714 0.063122 -0.076760 0.181650 -0.011197 0.236952 0.182404 -0.151095 -0.324228 0.150733 0.013622 0.202571 0.095489 0.078360 0.171218 0.126346 0.150302 0.246733 0.049238 0.159269 0.046726 0.084943 0.035202 -0.046832 -0.042509 -0.178324 -0.126989 0.228018 0.309179 0.280787 0.050818 -0.249234 0.102715 0.032528 -0.027629
-0.379066 -0.512691 0.232169 0.384902 0.265426 0.302181 0.175977 0.240883 -0.005897 0.207958 -0.030364 -0.295172 -0.263135 -0.529211 -0.230752 -0.381063 -0.246239 -0.318308 0.107264 0.174986 0.509109 0.284764 0.566714 0.630833 0.331185 0.417469 0.354531 0.193735 -0.043059 -0.173572 0.780199 1.000000 -0.060805 0.350218 0.499759 0.372855 -0.221595 0.140723 0.105146 -0.093318 0.290233 -0.091686 -0.018072 -0.065704 0.237062 0.283458 -0.144878 0.051684 -0.045840 0.043620 -0.195504 -0.369120 -0.291703 -0.127555 -0.210649 -0.136686 -0.438084 -0.537705 -0.181675 -0.134069 -0.443140 -0.487999 -0.210266 -0.390511 0.213952 -0.035184 -0.087897 0.262916 -0.243090 -0.096163 0.400640 0.546213 -0.087768 0.019409 -0.170565 0.236315 0.034380 0.403642 -0.241054 -0.174374 -0.283004 -0.464046 0.259738 0.007781 0.078156 0.038592 0.340658 0.289806 -0.162332 -0.281197 0.211465 0.106385 0.442511 0.188694 -0.048832 0.166337 -0.076432 0.118204 0.074356 0.044002 -0.020835 0.253915 0.012164 0.012039 0.017530 -0.051044 -0.014513 0.004856 0.191368 0.238788 0.237504 0.042082 -0.362141 0.125407 -0.054936 -0.076914
-0.133902 0.032459 -0.002829 -0.201400 -0.254912 -0.136017 -0.343890 -0.216754 -0.129447 -0.111030 -0.394439 -0.179707 -0.229781 -0.158544 -0.333992 -0.260329 -0.167721 -0.070728 0.126453 0.382315 -0.044489 -0.080444 -0.132703 -0.055725 0.065926 0.084396 -0.094740 0.035783 -0.100780 0.106931 -0.008951 -0.060805 1.000000 0.502157 0.012837 -0.011564 0.107248 0.318814 0.062885 0.185711 -0.066780 0.340528 0.072889 0.342234 0.112296 0.115656 -0.035939 0.305369 -0.056065 0.289961 -0.248293 0.070226 -0.218513 0.012562 -0.218331 0.227959 0.137110 0.325130 -0.326858 0.230427 -0.279104 -0.168760 -0.121170 0.059188 -0.320120 -0.319716 0.348026 0.312048 0.495318 -0.031859 0.064628 0.051379 0.111020 0.330549 0.425038 0.335071 0.334836 0.169743 -0.077800 0.084137 0.039007 0.013050 -0.143722 -0.245352 -0.330934 -0.302414 -0.059749 -0.033216 -0.232118 -0.347236 -0.106949 -0.230473 -0.300978 -0.222462 0.202574 0.480645 0.286014 0.390068 0.065101 0.143636 0.164552 0.033027 0.302744 0.006973 0.324741 0.347476 0.026439 0.011090 0.335572 0.193262 0.115579 0.222489 0.114279 0.149846 0.370711 0.077040
-0.058249 -0.092940 0.197796 0.153548 0.076340 0.125390 0.092009 0.155354 -0.143109 0.157117 -0.188234 0.035056 0.054732 -0.053406 -0.406924 -0.266644 -0.247681 -0.265026 0.229835 0.461311 0.009807 -0.239185 0.031613 -0.111247 -0.011428 0.000372 0.039808 -0.202721 -0.041386 0.207444 0.346444 0.350218 0.502157 1.000000 0.273931 0.304762 -0.060533 0.359682 -0.290752 -0.072408 0.045856 0.298312 -0.003290 0.080413 0.312954 0.281072 -0.246129 0.206220 -0.055428 0.229276 -0.484307 -0.069854 -0.341896 -0.042968 -0.589269 -0.017138 -0.107617 0.050709 -0.125865 0.203872 -0.257731 -0.096754 -0.221522 -0.062331 -0.478149 -0.298926 0.066961 0.361457 -0.028378 -0.159375 0.382739 0.345028 0.201069 0.491335 0.278505 0.603932 0.395078 0.611348 -0.235417 0.056710 -0.089081 -0.223118 -0.270899 -0.031856 -0.422271 -0.452365 -0.158876 -0.345038 -0.615329 -0.532808 0.119713 0.142048 -0.042712 0.028903 0.081441 0.444529 -0.038535 0.191277 0.075735 0.239025 0.114395 0.229351 0.264488 0.109698 0.114851 0.111547 0.147579 0.143500 0.318089 0.235361 0.069282 0.267484 -0.014641 0.122420 0.246383 0.063883
-0.292344 -0.615051 0.088360 -0.061560 -0.026147 -0.007204 0.104214 -0.171373 -0.252885 -0.251879 0.223682 -0.264153 -0.205253 -0.462732 -0.213012 -0.409506 0.197204 0.035790 -0.275342 -0.202328 0.135637 0.103402 0.399535 0.290116 0.143748 0.167283 0.026800 0.026131 0.092309 -0.157242 0.509981 0.499759 0.012837 0.273931 1.000000 0.518616 0.278914 0.292533 0.129015 -0.153101 0.326918 0.102972 0.230881 -0.018717 0.493709 0.373306 0.175924 -0.052879 0.316183 0.064404 0.290127 -0.222233 0.121053 -0.220250 0.087450 -0.127216 -0.371498 -0.335438 -0.071238 -0.297913 -0.268392 -0.577297 0.097933 -0.260993 0.279631 -0.027322 0.081970 0.287638 -0.314414 -0.034263 0.298766 0.202462 0.108143 -0.080802 -0.030794 0.113446 0.129464 0.231482 0.152954 -0.039669 0.039978 -0.067049 0.091207 -0.188475 0.310419 -0.021426 0.173435 0.178751 -0.069834 -0.309301 -0.055512 -0.167727 0.113187 -0.082532 -0.039709 0.086633 -0.021716 -0.025860 0.058689 -0.237440 -0.054555 -0.177673 -0.076377 -0.241199 0.022962 -0.154559 -0.185953 -0.075447 0.166100 0.153626 0.244865 -0.063995 -0.100430 -0.003482 0.073091 -0.062723
-0.338128 -0.473014 0.309059 0.341676 0.193606 0.475648 0.150512 0.237060 -0.208704 -0.006356 -0.133716 -0.367102 -0.180767 -0.304748 0.006333 -0.239443 -0.333391 -0.395669 -0.136893 0.107822 0.089060 0.048743 0.406733 0.393951 0.510180 0.479836 0.318841 0.311834 -0.467251 -0.516438 0.132165 0.372855 -0.011564 0.304762 0.518616 1.000000 -0.302506 0.162536 -0.179567 0.076103 0.310286 -0.176082 0.039846 0.014489 0.544728 0.646700 -0.252478 0.045586 0.472670 0.158015 -0.113833 -0.077868 -0.407772 -0.290280 -0.244872 -0.021442 -0.327688 -0.188989 0.306824 -0.053145 -0.239056 -0.300703 -0.355024 -0.507475 0.157481 0.497632 0.070522 0.626030 -0.060034 0.289819 0.119351 0.209245 -0.492032 -0.226804 -0.409426 0.058903 -0.101863 0.288293 -0.415458 -0.308888 -0.383166 -0.530153 0.302929 -0.229744 -0.163662 -0.151245 0.321619 0.239499 -0.023087 -0.297242 -0.098983 0.088705 0.294962 0.180306 0.020080 0.050824 -0.122515 -0.124472 -0.212993 -0.179227 -0.188255 0.072855 -0.024119 0.089079 0.179057 -0.245828 0.097928 0.171966 -0.117240 0.153298 0.495010 -0.246285 -0.244593 -0.050142 -0.161995 0.050955
