1.000000 0.216764 0.233783 -0.070334 -0.241629 -0.474936 -0.067661 -0.208922 -0.312967 -0.419966 0.447728 0.015448 0.174541 -0.084232 -0.064546 -0.171126 0.470762 0.246901 0.555128 -0.004029 -0.217178 -0.156197 -0.078989 -0.420322 -0.330166 -0.371613 -0.279405 -0.240727 0.131188 0.011337 0.041101 -0.131243 0.548441 0.220842 0.175880 -0.121655 -0.095362 -0.252279 -0.354162 -0.303478 -0.193435 -0.150973 0.145656 0.145920 -0.042573 -0.273510 0.190270 -0.073028 0.204544 -0.079382 0.315836 0.039010 0.294723 -0.074404 0.200789 0.087522 0.453600 -0.015548 0.080662 -0.177219 0.564216 0.132753 0.574309 0.477002 -0.091371 -0.128524 -0.100697 -0.273864 -0.265593 -0.468589 -0.154007 0.029280 0.302309 0.061730 0.236772 0.054845 0.462728 -0.061979 0.253143 0.265680 0.154256 0.115391 -0.063131 -0.235560 0.199043 -0.002053 -0.149510 -0.354232 0.035627 0.160644 -0.218840 0.046304 -0.219751 -0.043495 -0.091125 -0.334922 0.159343 -0.193529 0.079081 0.299576 -0.031265 -0.202381 -0.018219 -0.275677 -0.352288 -0.355420 -0.225318 -0.354808 -0.193990 -0.070812 -0.205349 0.161372 0.229536 -0.082467 -0.130484 -0.408846
0.216764 1.000000 -0.478990 -0.029398 -0.006394 -0.393425 -0.386010 0.224572 0.059375 0.146413 0.315415 0.478562 0.163193 0.565815 0.272491 0.331982 0.315468 0.415179 -0.045759 0.502269 -0.269399 -0.364539 -0.549469 -0.111443 -0.397513 -0.296590 -0.434888 -0.382201 0.074941 0.217342 -0.477023 -0.460182 -0.055565 0.065661 -0.054324 -0.210574 -0.466183 -0.401140 -0.263893 -0.146408 -0.152036 0.035474 -0.413244 -0.338005 -0.291830 -0.389643 -0.022130 -0.236621 -0.034269 -0.080053 -0.055687 -0.007860 0.212594 0.083856 -0.236922 -0.090444 0.136237 0.153739 0.095829 0.504363 0.022525 0.631734 0.256632 0.563707 -0.297439 0.347615 -0.063682 -0.250286 -0.003465 -0.027670 -0.389103 -0.133607 0.047584 -0.141141 -0.219665 -0.182577 -0.257281 -0.372623 -0.072171 0.082824 0.265055 0.223413 0.043159 0.267049 -0.040041 -0.079327 -0.083280 -0.262270 -0.242119 0.388034 0.356515 -0.313124 0.318537 -0.165643 0.027769 -0.220361 -0.281215 -0.047675 0.094547 -0.268719 0.265621 0.191370 0.151445 -0.105226 -0.152807 -0.226527 -0.365883 -0.127614 -0.251802 0.030548 -0.492652 -0.058959 -0.039598 -0.345741 -0.266675 0.104494
0.233783 -0.478990 1.000000 0.053075 0.007699 -0.063325 0.678908 -0.087692 -0.095794 -0.423125 0.149625 -0.375887 0.180173 -0.341072 -0.105068 -0.392604 -0.117320 -0.324585 0.437769 -0.338105 -0.063323 0.103757 0.484025 0.042157 0.393414 0.073717 0.170990 0.109600 -0.144249 -0.426449 0.173695 0.152751 0.185660 0.009143 0.039597 -0.013374 0.128790 -0.036384 0.129853 -0.033267 0.118324 0.130659 0.118130 0.146428 0.113547 0.100535 -0.010642 0.030583 0.394437 -0.121483 0.316830 -0.082904 -0.054784 -0.336515 0.059995 -0.057633 -0.205666 -0.263368 0.071743 -0.416645 0.341957 -0.380280 -0.013427 -0.176656 0.203650 -0.480712 -0.023022 0.099374 -0.310188 -0.210660 0.439250 -0.001438 -0.122564 0.010934 0.140007 0.019846 0.220991 0.235610 -0.146128 -0.120156 -0.401664 -0.374951 -0.082304 -0.277847 -0.096568 -0.191898 -0.123439 -0.207519 0.321898 -0.306415 -0.196002 0.362939 -0.258355 0.342977 -0.060429 0.046156 0.225284 -0.149884 -0.156620 0.159773 -0.222321 -0.038858 -0.113106 0.125238 -0.081680 -0.010480 0.057253 -0.057474 -0.053754 -0.009346 0.178007 0.020499 -0.011514 0.168681 0.099499 -0.234218
-0.070334 -0.029398 0.053075 1.000000 -0.048794 0.069380 0.233884 0.550740 -0.001588 0.269307 -0.014973 0.148384 -0.163309 0.098479 0.171442 0.306433 -0.385626 -0.321452 0.176407 0.318798 -0.029621 -0.260902 0.442933 0.697253 0.346549 0.056933 0.011457 0.251166 -0.208368 -0.184192 -0.197100 -0.126913 -0.138569 -0.211249 -0.430152 -0.091227 -0.023521 -0.002263 0.064965 0.108903 0.148726 -0.080095 -0.402260 -0.362495 -0.263264 -0.091594 -0.437290 -0.289981 -0.219917 -0.163005 -0.323510 -0.222548 -0.245439 -0.302059 -0.165237 -0.312020 -0.065132 -0.100616 -0.177102 -0.137364 -0.177324 -0.188253 -0.315024 -0.375872 0.404783 0.057537 -0.395442 -0.044373 0.042107 -0.123616 -0.210994 -0.348847 -0.284964 -0.161512 -0.006522 0.047760 -0.087209 0.050532 -0.060589 -0.140454 -0.225418 -0.245361 -0.076738 0.199317 -0.047563 0.071468 -0.232170 -0.175018 0.606651 0.133361 0.022557 -0.095674 0.370410 -0.143162 -0.256478 0.033051 -0.256338 -0.065009 -0.288456 -0.170229 -0.157135 0.155563 -0.081985 0.251469 0.108367 0.102203 0.103305 0.226032 -0.244370 0.001356 -0.291180 -0.089011 -0.123242 0.042101 -0.171814 0.219479
-0.241629 -0.006394 0.007699 -0.048794 1.000000 0.311880 0.033249 0.136087 0.780045 0.466757 0.123986 -0.152935 0.256938 0.105613 0.458301 0.291417 0.020270 -0.241605 -0.280284 0.029679 0.371613 0.117629 -0.105204 0.112193 0.061492 0.135597 0.434999 0.095000 0.409521 0.135000 0.176569 0.128821 -0.448451 -0.229637 -0.319937 -0.080172 0.138625 -0.170617 0.381602 -0.052403 0.189472 0.016888 -0.162462 -0.308155 -0.217592 -0.228169 -0.251633 -0.200723 -0.338715 -0.188133 -0.056741 -0.237124 0.226356 0.210089 0.004116 -0.290660 -0.124721 0.031283 0.398844 -0.001627 0.052284 -0.026675 0.058321 -0.120973 0.010433 -0.013281 -0.055326 -0.148614 0.149929 0.099039 0.129850 -0.180716 0.099516 -0.183001 -0.141350 -0.039262 -0.354805 -0.384507 -0.055883 -0.212012 0.134920 0.005247 0.341560 0.177264 0.036466 0.042103 0.473104 0.219385 -0.023093 -0.060295 0.037461 0.178395 0.179062 0.247929 -0.063886 -0.095157 -0.354893 -0.197105 -0.306832 -0.091891 0.125133 0.096671 0.105474 -0.115891 0.052627 -0.042911 -0.272272 0.065700 0.092725 -0.153796 -0.244378 -0.188423 -0.159892 -0.094587 0.040185 0.206388
-0.474936 -0.393425 -0.063325 0.069380 0.311880 1.000000 -0.113766 0.112360 0.185044 0.457058 -0.385341 -0.252025 -0.314806 -0.268595 -0.133425 -0.019038 -0.391371 -0.613034 -0.323622 -0.296732 0.318689 0.472327 0.192596 0.226566 0.392527 0.558828 0.441232 0.521663 -0.368747 -0.312912 0.047864 0.024609 -0.446473 -0.405999 -0.161418 0.321117 0.124518 0.166266 0.349920 0.376778 -0.104032 0.048458 0.212634 0.226408 0.268418 0.487269 0.046650 0.328776 0.011368 0.203789 0.020153 0.072885 -0.157202 0.160290 -0.019209 0.127552 -0.339632 -0.218248 -0.177607 0.173345 -0.451795 -0.350357 -0.312656 -0.575052 0.152824 0.182986 0.238936 0.492715 0.044985 0.216188 0.048094 -0.202375 -0.476671 -0.242673 -0.253780 -0.304047 -0.369861 -0.248997 -0.118023 -0.362838 -0.114582 -0.280786 -0.005375 -0.136295 0.126461 -0.049960 0.053886 0.397760 0.176888 -0.139227 0.167613 0.051283 0.166501 0.128644 0.107602 0.000007 0.138956 -0.054894 0.108634 -0.130557 -0.001125 0.093288 -0.008355 0.176950 0.202113 0.066928 0.168546 0.135465 0.195290 -0.108761 0.352451 -0.117396 -0.202858 -0.162087 -0.059753 0.169995
-0.067661 -0.386010 0.678908 0.233884 0.033249 -0.113766 1.000000 0.266299 0.129515 -0.069920 0.151356 -0.136510 0.091787 -0.115865 0.026351 -0.097246 -0.229343 -0.183599 0.298913 -0.038486 -0.017034 -0.000570 0.374297 0.391756 0.552818 0.232145 0.007044 0.037835 0.010909 -0.058891 0.304841 0.293532 0.094523 0.143147 -0.086509 -0.014126 0.037225 0.013428 0.146179 -0.114550 0.125703 0.208994 -0.208484 -0.169822 -0.020983 0.003194 -0.244731 -0.123900 0.071825 -0.078773 -0.090922 -0.158079 -0.328959 -0.390807 -0.273560 -0.335743 -0.378119 -0.330232 -0.105366 -0.387245 0.077037 -0.275733 -0.166651 -0.115301 0.436506 -0.244479 -0.178474 -0.014825 -0.276476 -0.147051 0.353465 0.117295 -0.006332 0.200421 0.252640 0.211574 0.157347 0.284305 -0.187490 -0.063300 -0.414287 -0.290683 0.040067 0.150996 -0.140255 -0.224050 -0.113148 -0.297241 0.259201 -0.416091 -0.221769 0.230025 -0.070453 0.206510 -0.147816 0.104371 -0.040960 0.012238 -0.366883 -0.044879 -0.052856 -0.020413 -0.053311 0.069499 -0.076600 -0.037750 -0.053828 -0.025944 -0.165053 0.198635 -0.079867 -0.046132 0.020531 0.281983 -0.048505 -0.007021
-0.208922 0.224572 -0.087692 0.550740 0.136087 0.112360 0.266299 1.000000 0.332490 0.689428 0.005643 0.486001 -0.214895 0.452714 0.251542 0.528459 -0.238196 -0.132634 -0.158664 0.197028 -0.193020 -0.327520 -0.055414 0.620862 0.063876 0.058682 -0.095910 -0.048764 -0.071340 0.096148 -0.297825 -0.221802 -0.268493 -0.320123 -0.615721 -0.277791 -0.233578 -0.277407 0.039687 0.060093 0.025386 -0.052107 -0.534650 -0.370571 -0.149640 -0.066072 -0.219439 -0.255187 -0.067565 0.034354 -0.244951 -0.033843 -0.293835 -0.192490 -0.310156 -0.173098 -0.098076 -0.107151 -0.089158 0.214626 -0.268080 0.147670 -0.287135 -0.165208 0.170530 0.451270 -0.193865 -0.008948 0.027787 -0.070329 -0.247081 -0.168178 -0.186075 -0.230869 -0.149686 -0.064133 -0.344069 -0.189121 -0.211980 -0.042146 -0.188028 -0.197779 -0.146078 0.379559 -0.078573 -0.024474 -0.383591 -0.418753 0.133241 -0.013376 0.229329 -0.411386 0.405949 -0.358450 -0.161098 -0.030779 -0.198955 -0.089723 -0.218701 -0.403090 -0.116026 0.091204 -0.194620 -0.092896 -0.168302 -0.255236 -0.165741 0.070945 -0.243762 0.078809 -0.337705 -0.050845 -0.059185 -0.287900 -0.344977 0.222213
-0.312967 0.059375 -0.095794 -0.001588 0.780045 0.185044 0.129515 0.332490 1.000000 0.664988 0.168804 0.205913 0.110331 0.344965 0.642240 0.554746 -0.042225 -0.186955 -0.357611 0.104077 0.191535 -0.055979 -0.165453 0.318250 -0.024798 0.057392 0.381023 0.019637 0.420465 0.207533 0.081975 0.050861 -0.410792 -0.214375 -0.385388 -0.299477 -0.024339 -0.174128 0.301488 -0.040542 0.084101 -0.109847 -0.350270 -0.442986 -0.354241 -0.329910 -0.259154 -0.248381 -0.404406 -0.264653 -0.193974 -0.286442 0.172844 0.105613 -0.018670 -0.241892 -0.130413 0.019394 0.261474 -0.078008 -0.073532 0.099973 -0.167118 -0.113646 0.089811 0.218549 -0.162979 -0.263889 0.232272 0.193486 0.041837 -0.097431 0.065942 -0.132566 -0.199163 -0.051401 -0.295340 -0.298752 0.024687 -0.058880 0.055925 -0.014106 0.242935 0.353487 0.012188 0.048681 0.400333 0.095201 -0.067155 -0.008865 0.132489 0.089266 0.339944 0.183131 -0.068177 0.061849 -0.355304 0.013952 -0.340967 -0.081677 0.290394 0.132201 0.124026 -0.133930 0.048846 0.008799 -0.185046 0.210735 0.014227 0.056025 -0.262559 -0.083850 -0.085999 0.011491 0.048569 0.294428
-0.419966 0.146413 -0.423125 0.269307 0.466757 0.457058 -0.069920 0.689428 0.664988 1.000000 -0.064647 0.416930 -0.163317 0.379521 0.381567 0.640025 -0.155162 -0.201143 -0.425837 0.174497 -0.012553 -0.174175 -0.154457 0.512969 0.040901 0.124169 0.115837 0.030850 0.052906 0.110699 -0.198368 -0.171587 -0.497092 -0.363627 -0.504259 -0.103879 -0.169443 -0.173719 0.163766 0.161688 -0.133758 -0.131185 -0.367203 -0.316573 -0.239183 -0.072432 -0.180619 -0.076802 -0.421018 -0.080586 -0.311899 -0.128087 -0.087249 0.113274 -0.153941 -0.083390 -0.086089 -0.031818 -0.024391 0.195672 -0.434887 0.150273 -0.299125 -0.209514 0.113685 0.549111 -0.175875 -0.048916 0.163539 0.077209 -0.265961 -0.159905 -0.210786 -0.244394 -0.267844 -0.135728 -0.404038 -0.336233 -0.010257 -0.090894 0.103186 -0.039529 0.044761 0.318969 0.148913 0.130772 0.083908 -0.009559 0.044520 0.106603 0.340818 -0.205220 0.541674 -0.170464 -0.067474 -0.022119 -0.271470 0.022405 -0.109859 -0.216423 0.167737 0.106777 -0.092698 -0.129466 0.021424 -0.123227 -0.093319 0.157692 -0.060879 0.060095 -0.179153 -0.004357 -0.063263 -0.229105 -0.215236 0.255762
0.447728 0.315415 0.149625 -0.014973 0.123986 -0.385341 0.151356 0.005643 0.168804 -0.064647 1.000000 0.383372 0.626698 0.403980 0.476653 0.248419 0.403081 0.116828 0.186514 0.220594 -0.152429 -0.197249 -0.063409 -0.012716 -0.141202 -0.391994 -0.078248 -0.246423 0.312507 0.090977 -0.006360 -0.186970 0.106718 -0.028013 -0.072304 -0.250794 -0.187002 -0.380034 -0.400856 -0.535642 -0.121287 -0.116342 -0.217349 -0.149249 -0.230339 -0.415715 -0.006113 -0.174717 0.036248 -0.212712 0.108810 -0.077422 0.298638 -0.036744 -0.099461 -0.201383 0.028860 -0.350366 0.163995 -0.140439 0.310426 0.383526 0.345586 0.371254 0.038497 0.246518 -0.334904 -0.476636 -0.141919 -0.315324 0.038751 -0.079263 0.109378 0.108379 0.157137 0.123082 0.232114 -0.203609 -0.061203 -0.007863 0.090569 -0.117960 0.353037 -0.021713 0.234935 0.104504 0.148452 -0.233232 -0.069151 0.119081 0.207498 0.240209 0.266710 0.126647 -0.249329 -0.325566 -0.233432 -0.218568 0.031001 0.166468 0.179777 -0.232102 -0.034356 -0.193748 -0.408129 -0.251046 -0.321952 -0.236681 -0.345316 -0.116839 -0.510964 -0.049677 0.069970 -0.017576 0.096879 -0.329362
0.015448 0.478562 -0.375887 0.148384 -0.152935 -0.252025 -0.136510 0.486001 0.205913 0.416930 0.383372 1.000000 -0.045118 0.769119 0.468551 0.686463 0.145996 0.278287 -0.272834 0.302225 -0.368873 -0.498655 -0.260787 0.321125 -0.316624 -0.339471 -0.138266 -0.167503 0.066008 0.132902 -0.408449 -0.400050 -0.189790 -0.290970 -0.277321 -0.341660 -0.386145 -0.322268 -0.378931 -0.261310 -0.136897 -0.255172 -0.462582 -0.273398 -0.330179 -0.212769 -0.057045 -0.187495 -0.083922 -0.126633 -0.253909 -0.061289 0.016483 -0.111179 -0.112558 -0.032316 0.242003 -0.049727 -0.068745 0.168943 -0.212595 0.484141 -0.142854 0.125065 -0.009135 0.731426 -0.331204 -0.227178 0.055108 -0.019721 -0.381595 -0.113046 -0.059089 -0.072423 -0.097881 -0.117876 -0.142681 -0.176774 0.132330 0.127747 0.150935 -0.002150 0.064303 0.294417 0.172495 0.372532 -0.064947 -0.192162 -0.180060 0.249407 0.362454 -0.313498 0.422103 -0.319699 -0.200026 0.009962 -0.192050 0.081406 0.106737 -0.041741 0.192284 0.049879 -0.219085 -0.165546 -0.164271 -0.121211 -0.076554 0.108907 -0.344733 0.207636 -0.289862 -0.052423 0.063450 -0.170514 -0.111438 -0.034804
0.174541 0.163193 0.180173 -0.163309 0.256938 -0.314806 0.091787 -0.214895 0.110331 -0.163317 0.626698 -0.045118 1.000000 0.262867 0.220428 0.071274 0.390098 0.113835 0.126869 0.205090 -0.074161 -0.024183 -0.094854 -0.200744 -0.040638 -0.383968 -0.230863 -0.369240 0.352174 0.097290 0.049520 -0.132735 0.112333 -0.008123 0.042871 -0.157856 -0.085351 -0.329184 -0.151891 -0.321885 -0.085866 0.128446 -0.118560 -0.122068 -0.224724 -0.441810 -0.122337 -0.257385 -0.118745 -0.316796 0.209357 -0.114249 0.439528 -0.020043 0.018813 -0.274769 -0.156883 -0.195794 0.463754 -0.055608 0.496010 0.368154 0.496588 0.417849 -0.186828 -0.159676 -0.119479 -0.504342 -0.054708 -0.233597 0.185958 -0.133375 0.223705 0.143806 0.192341 0.225379 0.154501 -0.225542 -0.228518 -0.120073 0.150616 -0.012737 0.217134 -0.105685 0.069928 0.050218 0.284094 0.022699 -0.045496 0.192178 0.100477 0.294564 0.212611 0.244224 -0.125927 -0.226828 -0.385421 -0.208748 -0.057463 0.135280 0.176882 -0.084139 0.096269 -0.037739 -0.213228 -0.133811 -0.357888 -0.130444 -0.128687 -0.230033 -0.378013 -0.079586 0.013353 0.026130 0.024712 -0.184016
-0.084232 0.565815 -0.341072 0.098479 0.105613 -0.268595 -0.115865 0.452714 0.344965 0.379521 0.403980 0.769119 0.262867 1.000000 0.503361 0.782469 0.258517 0.379384 -0.380776 0.302617 -0.187628 -0.368240 -0.405122 0.159172 -0.265996 -0.376819 -0.174089 -0.323816 0.237701 0.348914 -0.362526 -0.389677 -0.199986 -0.316168 -0.366866 -0.489266 -0.402599 -0.377000 -0.279647 -0.243307 -0.072574 -0.035912 -0.503851 -0.403052 -0.281128 -0.401149 -0.108726 -0.360580 -0.043378 -0.090642 -0.108733 0.024751 0.206548 0.036613 -0.206875 -0.184663 0.065543 -0.091129 0.223096 0.367992 -0.009545 0.673649 0.068211 0.305046 -0.308354 0.557670 -0.241035 -0.402481 -0.001591 -0.059695 -0.182031 -0.113240 0.178371 -0.005484 -0.042696 0.022545 -0.288711 -0.354881 -0.057392 0.048199 0.216039 0.074838 0.030358 0.353282 -0.157330 0.157158 -0.129860 -0.229047 -0.287068 0.261648 0.363845 -0.323666 0.371409 -0.214095 -0.132304 -0.060646 -0.423273 -0.054830 0.052816 -0.150624 0.208215 0.166645 0.003510 -0.118803 -0.127407 -0.181708 -0.283611 0.103247 -0.331540 0.046296 -0.496357 -0.119500 -0.041123 -0.255713 -0.139813 0.159380
-0.064546 0.272491 -0.105068 0.171442 0.458301 -0.133425 0.026351 0.251542 0.642240 0.381567 0.476653 0.468551 0.220428 0.503361 1.000000 0.672211 0.028688 -0.026232 -0.270993 0.320756 0.034789 -0.207197 0.093818 0.321086 -0.168321 -0.185313 0.339383 0.120969 0.357581 0.219805 -0.105485 -0.091060 -0.315760 -0.169614 -0.223755 -0.277475 -0.095749 -0.171783 -0.104527 -0.321432 0.095605 -0.017030 -0.359052 -0.372538 -0.407792 -0.332431 -0.191562 -0.202348 -0.299869 -0.304117 -0.273414 -0.193509 0.120948 0.048978 -0.140140 -0.373934 -0.015394 -0.079364 0.097871 -0.060736 -0.112075 0.168064 -0.120631 -0.054471 0.170548 0.323632 -0.416906 -0.386367 0.235043 0.101405 -0.019322 -0.103238 0.076648 0.057957 -0.035242 0.063488 -0.062344 -0.182933 0.130777 -0.004687 0.050316 -0.022262 0.360108 0.361640 0.108360 0.095381 0.286040 -0.053737 0.100286 -0.025504 0.190579 0.057072 0.257353 0.019825 -0.136677 -0.001286 -0.407999 0.079280 -0.156041 -0.017469 0.197873 0.047339 0.042688 -0.105564 -0.086912 -0.035927 0.116134 0.304676 -0.152674 0.129096 -0.337696 -0.146210 -0.091207 0.122490 0.100015 0.084843
-0.171126 0.331982 -0.392604 0.306433 0.291417 -0.019038 -0.097246 0.528459 0.554746 0.640025 0.248419 0.686463 0.071274 0.782469 0.672211 1.000000 0.073040 0.161864 -0.400896 0.277580 -0.029333 -0.286931 -0.174814 0.375191 -0.170940 -0.252552 0.128029 -0.081286 0.271644 0.401732 -0.222330 -0.183460 -0.389487 -0.429190 -0.493312 -0.498098 -0.206368 -0.211965 -0.073856 -0.058993 0.007236 -0.055136 -0.389298 -0.406388 -0.400030 -0.411510 -0.160161 -0.230437 -0.354458 -0.194266 -0.366007 -0.072600 0.112721 0.062622 -0.129604 -0.183274 0.093705 -0.009422 0.023446 0.123330 -0.216400 0.380510 -0.101210 -0.026746 -0.144263 0.541904 -0.473776 -0.488464 0.179620 0.076749 -0.143616 -0.204076 0.136915 -0.002851 -0.077222 0.074527 -0.230894 -0.313214 0.036660 0.048534 0.209656 0.033141 0.115167 0.481696 -0.058675 0.246434 0.000648 -0.078959 -0.048274 0.256178 0.313465 -0.181895 0.466417 -0.176811 -0.120670 -0.030439 -0.427618 0.063988 -0.048490 -0.078336 0.273359 0.136050 0.023965 -0.095120 0.010237 -0.127377 -0.103796 0.294251 -0.226611 0.066629 -0.412621 -0.040479 0.011902 -0.134200 -0.148295 0.170230
0.470762 0.315468 -0.117320 -0.385626 0.020270 -0.391371 -0.229343 -0.238196 -0.042225 -0.155162 0.403081 0.145996 0.390098 0.258517 0.028688 0.073040 1.000000 0.662621 0.169805 0.175509 -0.120311 -0.136757 -0.405241 -0.507017 -0.492702 -0.543502 -0.307236 -0.506191 0.476381 0.284013 0.051002 -0.116001 0.470786 0.259625 0.133199 -0.222780 -0.072088 -0.205748 -0.445479 -0.506765 -0.066710 -0.162294 -0.044689 -0.025266 -0.229863 -0.389367 0.108190 -0.245310 -0.080129 -0.247155 0.176600 -0.101604 0.378004 0.099728 0.143638 -0.114900 0.441918 0.164994 0.305040 0.008147 0.537258 0.388596 0.664509 0.659747 -0.412461 0.037063 0.014857 -0.414290 -0.038314 -0.369706 -0.107543 0.171358 0.590620 0.094797 0.218601 0.078106 0.178221 -0.330933 0.378834 0.440412 0.761153 0.654273 0.047463 -0.327106 0.236164 0.258977 0.146191 -0.092875 -0.292519 0.145164 0.036762 -0.120566 -0.070917 -0.167340 -0.149744 -0.510424 -0.138390 -0.286897 0.082909 0.086247 -0.027162 -0.137530 -0.041360 -0.413408 -0.350442 -0.351359 -0.328716 -0.297784 -0.285810 -0.126536 -0.201328 -0.195141 0.037591 -0.334452 -0.140090 -0.350638
0.246901 0.415179 -0.324585 -0.321452 -0.241605 -0.613034 -0.183599 -0.132634 -0.186955 -0.201143 0.116828 0.278287 0.113835 0.379384 -0.026232 0.161864 0.662621 1.000000 -0.033491 0.230168 -0.194997 -0.296226 -0.489924 -0.429202 -0.447285 -0.505064 -0.453586 -0.594881 0.389834 0.499697 -0.097877 -0.087660 0.425600 0.367978 0.145228 -0.224163 -0.169023 -0.091168 -0.334399 -0.274495 0.052580 -0.085107 -0.087059 -0.076837 -0.091305 -0.335821 0.175930 -0.176160 -0.021079 0.005247 -0.004958 0.076007 0.133595 0.099079 0.015589 0.004909 0.454841 0.392386 0.185781 0.152696 0.328331 0.445885 0.392236 0.632100 -0.443954 0.093597 -0.044757 -0.402007 -0.039264 -0.201615 -0.199560 0.266820 0.572612 0.143655 0.135751 0.224403 0.107969 -0.085624 0.289800 0.633021 0.540847 0.682549 -0.149542 0.013839 -0.095178 0.064071 -0.120002 -0.227428 -0.366839 0.060775 -0.081909 -0.289334 -0.222898 -0.352032 -0.090698 -0.128950 -0.068132 -0.035369 0.132183 0.008624 0.030162 -0.070579 0.034661 -0.316364 -0.139112 -0.280347 -0.195101 -0.203251 -0.159199 0.063335 -0.198977 -0.021649 0.180395 -0.188219 -0.181387 -0.068311
0.555128 -0.045759 0.437769 0.176407 -0.280284 -0.323622 0.298913 -0.158664 -0.357611 -0.425837 0.186514 -0.272834 0.126869 -0.380776 -0.270993 -0.400896 0.169805 -0.033491 1.000000 0.117035 -0.098036 -0.133321 0.198936 -0.176311 0.089960 -0.173876 -0.198018 -0.192243 -0.009437 -0.136011 0.242453 0.165441 0.503061 0.313278 0.066289 0.047528 0.079697 0.180934 -0.145464 -0.175167 -0.036715 -0.059918 -0.010138 -0.024806 -0.205202 -0.254167 -0.141950 -0.151008 -0.077534 -0.333120 0.055046 -0.163454 -0.047280 -0.198210 0.011509 -0.059479 0.049321 0.056395 -0.147531 -0.397709 0.373017 -0.124604 0.247570 0.196506 0.214795 -0.439800 -0.115144 -0.138468 -0.210236 -0.315618 0.040440 0.058761 0.135646 0.108609 0.304205 0.148879 0.455072 0.216978 0.065712 0.134242 -0.150929 -0.106381 -0.154119 -0.296341 -0.001498 -0.109575 -0.110165 -0.320826 0.238679 0.033618 -0.186501 0.361159 -0.046640 0.145785 -0.135163 -0.084385 0.107552 -0.212328 -0.111228 0.272603 -0.028520 -0.171379 -0.023993 0.007083 -0.247355 -0.057294 -0.191949 -0.368278 -0.042535 -0.078970 -0.123771 0.111978 0.276046 0.102318 -0.124803 -0.450083
-0.004029 0.502269 -0.338105 0.318798 0.029679 -0.296732 -0.038486 0.197028 0.104077 0.174497 0.220594 0.302225 0.205090 0.302617 0.320756 0.277580 0.175509 0.230168 0.117035 1.000000 -0.144784 -0.316909 -0.169979 0.303924 -0.003352 -0.219757 -0.290711 -0.211086 0.136407 0.120645 -0.323014 -0.327519 -0.056650 0.266119 -0.171309 -0.023529 -0.153271 -0.251590 -0.026442 -0.215006 0.209562 0.047333 -0.620613 -0.576067 -0.541236 -0.363472 -0.571080 -0.452215 -0.502762 -0.377564 -0.420232 -0.522586 -0.039346 -0.259935 -0.291454 -0.508689 0.011238 0.141971 0.087309 0.098225 0.088662 0.198814 0.123421 0.255439 0.110508 0.085440 -0.243264 -0.172310 0.246980 0.114334 -0.287062 -0.332541 0.072042 -0.100645 -0.015654 -0.100404 -0.127157 -0.181548 0.107342 0.095205 0.257736 0.267699 0.131885 0.257521 0.083079 -0.009738 0.101461 -0.094837 0.177191 0.169508 0.116267 -0.151808 0.397298 -0.002536 -0.127623 -0.127329 -0.536367 -0.006826 -0.322400 -0.229164 0.200449 0.340264 0.130224 0.193463 0.018476 -0.084327 -0.033313 0.116432 -0.239053 0.109091 -0.366544 -0.347351 -0.198652 0.066461 -0.245121 0.206621
-0.217178 -0.269399 -0.063323 -0.029621 0.371613 0.318689 -0.017034 -0.193020 0.191535 -0.012553 -0.152429 -0.368873 -0.074161 -0.187628 0.034789 -0.029333 -0.120311 -0.194997 -0.098036 -0.144784 1.000000 0.478318 0.146646 -0.012291 0.190237 0.278516 0.433212 0.338473 0.228885 0.283424 0.559741 0.517222 -0.077314 0.064890 -0.042851 0.044461 0.350206 0.468093 0.305459 -0.049990 0.239926 0.276298 0.152973 -0.042696 0.112428 -0.005663 -0.071454 -0.106752 -0.130083 -0.009000 -0.215850 -0.010592 -0.015661 0.248518 0.067070 -0.052966 -0.203467 -0.072465 -0.041117 -0.162720 -0.108853 -0.209495 -0.136938 -0.232112 0.089344 -0.159689 0.003931 -0.048374 0.036876 -0.033259 0.234224 -0.003813 0.203424 0.315308 0.260088 0.257914 -0.058385 -0.008327 -0.151566 -0.122861 0.036868 0.015164 0.212592 0.004281 -0.040077 -0.002155 0.240025 0.317842 -0.090308 -0.008156 -0.174468 0.122884 -0.099581 -0.024903 -0.138104 -0.029303 -0.176474 -0.255680 -0.111558 -0.189988 -0.039035 -0.097810 0.109131 -0.072121 0.001791 0.222435 -0.026851 0.184927 0.158888 -0.417036 -0.106597 -0.225622 -0.206720 0.077813 0.220185 -0.061099
-0.156197 -0.364539 0.103757 -0.260902 0.117629 0.472327 -0.000570 -0.327520 -0.055979 -0.174175 -0.197249 -0.498655 -0.024183 -0.368240 -0.207197 -0.286931 -0.136757 -0.296226 -0.133321 -0.316909 0.478318 1.000000 0.075468 -0.188601 0.256434 0.470321 0.296881 0.357374 -0.022703 0.049597 0.509111 0.407027 -0.031867 0.039536 0.226785 0.159755 0.180925 0.275411 0.148425 0.117783 0.057923 0.264188 0.377447 0.198760 0.333238 0.213075 0.102262 0.215799 0.163968 0.175858 0.159551 0.166950 -0.128824 0.163927 -0.158895 -0.049024 -0.231030 -0.133948 -0.072903 -0.006060 -0.040801 -0.270335 0.027945 -0.215783 0.068532 -0.127849 0.418080 0.218292 0.198445 0.267235 0.352145 0.195117 -0.012149 0.180100 0.072704 -0.021696 0.011918 0.005441 -0.096071 -0.089529 -0.060564 -0.026080 0.161963 -0.078787 0.090849 -0.079928 0.125095 0.487357 -0.012898 -0.148952 -0.313158 0.013798 -0.300004 0.083827 0.192641 -0.037647 0.140972 0.056434 -0.093320 -0.101545 -0.044790 -0.201767 0.162335 0.038551 0.105715 -0.000831 0.038314 0.049748 0.337395 -0.099558 0.302186 -0.189692 -0.164335 0.080813 0.057437 -0.086569
-0.078989 -0.549469 0.484025 0.442933 -0.105204 0.192596 0.374297 -0.055414 -0.165453 -0.154457 -0.063409 -0.260787 -0.094854 -0.405122 0.093818 -0.174814 -0.405241 -0.489924 0.198936 -0.169979 0.146646 0.075468 1.000000 0.447988 0.463071 0.292051 0.444293 0.601989 -0.213812 -0.396511 0.228192 0.250682 -0.033635 -0.049804 0.014922 0.196896 0.306572 0.272526 0.151576 0.023689 0.180302 0.069101 0.104984 0.165245 0.068258 0.313560 -0.133295 0.099642 0.054659 -0.138977 -0.052259 0.015901 -0.282332 -0.231298 -0.012316 -0.120390 -0.226649 -0.230153 -0.269078 -0.383903 -0.259027 -0.610217 -0.414555 -0.614349 0.553038 -0.304761 -0.234100 0.175541 -0.009569 -0.129023 0.197870 -0.090777 -0.303036 0.073524 0.181977 0.094324 0.220324 0.337381 -0.029406 -0.225506 -0.396045 -0.356195 0.043952 -0.168263 0.104090 0.040279 -0.003518 0.064586 0.611643 -0.195357 -0.213894 0.320930 -0.119945 0.048199 -0.190923 0.095094 0.119373 0.006681 -0.127397 0.070575 -0.318395 -0.100401 -0.269963 0.181290 0.052753 0.202873 0.520413 0.311581 -0.068627 -0.022607 0.221395 -0.044090 -0.136543 0.302128 0.156030 -0.105516
-0.420322 -0.111443 0.042157 0.697253 0.112193 0.226566 0.391756 0.620862 0.318250 0.512969 -0.012716 0.321125 -0.200744 0.159172 0.321086 0.375191 -0.507017 -0.429202 -0.176311 0.303924 -0.012291 -0.188601 0.447988 1.000000 0.419420 0.334993 0.251413 0.403475 -0.133712 -0.182721 -0.114162 -0.014400 -0.436237 -0.244043 -0.415398 -0.077398 0.012236 -0.080790 0.244783 0.095706 0.233643 0.059032 -0.461578 -0.372617 -0.246336 0.046905 -0.481644 -0.187440 -0.265678 -0.177538 -0.431593 -0.334872 -0.419502 -0.416640 -0.307372 -0.350798 -0.290412 -0.202261 -0.202074 -0.133082 -0.451555 -0.281848 -0.566372 -0.513289 0.539802 0.191308 -0.335992 0.101980 0.166497 0.059762 -0.038432 -0.257549 -0.412982 -0.148218 -0.062176 -0.088375 -0.219948 0.124106 -0.155670 -0.230212 -0.299743 -0.268334 0.159733 0.382177 0.111277 0.172960 -0.006192 -0.024079 0.457998 -0.032466 0.097549 -0.066872 0.434496 -0.103814 -0.213974 0.108044 -0.273325 0.071564 -0.384100 -0.324745 -0.107948 0.156688 -0.255350 0.180605 0.048368 0.126457 0.139063 0.366963 -0.195910 0.109067 -0.144454 -0.186700 -0.246214 0.087024 -0.005003 0.240484
-0.330166 -0.397513 0.393414 0.346549 0.061492 0.392527 0.552818 0.063876 -0.024798 0.040901 -0.141202 -0.316624 -0.040638 -0.265996 -0.168321 -0.170940 -0.492702 -0.447285 0.089960 -0.003352 0.190237 0.256434 0.463071 0.419420 1.000000 0.462074 0.136171 0.243980 -0.421663 -0.372225 0.102078 0.104900 -0.313418 -0.061668 -0.148161 0.262564 0.006628 0.068489 0.406184 0.275380 -0.034804 0.293805 -0.107007 -0.140885 0.062703 0.151740 -0.329555 0.073847 0.021004 -0.035497 -0.139234 -0.076867 -0.175191 -0.082688 -0.258842 -0.139119 -0.491127 -0.317577 -0.121862 -0.131301 -0.299021 -0.349064 -0.433990 -0.407919 0.367318 -0.201867 -0.106244 0.224112 -0.225514 0.053142 0.312072 -0.242518 -0.492770 -0.016891 -0.108585 -0.049299 -0.089158 0.155333 -0.289511 -0.390612 -0.298369 -0.437282 0.101943 0.039649 -0.023929 -0.209176 -0.004609 0.037069 0.509018 -0.111409 -0.029162 0.384851 0.240992 0.409594 -0.096683 0.101671 -0.121685 0.041148 -0.180941 0.040354 0.221397 0.134845 0.178029 0.419530 0.364843 0.107624 0.122395 0.203953 -0.018597 0.045048 0.029852 -0.092860 -0.101620 0.252887 -0.079910 0.136330
-0.371613 -0.296590 0.073717 0.056933 0.135597 0.558828 0.232145 0.058682 0.057392 0.124169 -0.391994 -0.339471 -0.383968 -0.376819 -0.185313 -0.252552 -0.543502 -0.505064 -0.173876 -0.219757 0.278516 0.470321 0.292051 0.334993 0.462074 1.000000 0.397894 0.647832 -0.237782 -0.133312 0.330760 0.414850 -0.375787 -0.093162 0.071789 0.292365 0.007125 0.150553 0.362164 0.211537 0.020558 0.188886 0.093310 0.044517 0.274567 0.399851 -0.118227 0.173406 0.063343 0.270517 0.077716 0.146434 -0.456857 -0.038559 -0.349745 -0.122377 -0.439325 -0.261487 -0.220981 0.124694 -0.432548 -0.337189 -0.364830 -0.377110 0.471055 -0.046415 0.267649 0.508154 -0.006114 0.159079 0.120780 0.077183 -0.344087 -0.121509 -0.157779 -0.208983 -0.311505 0.050081 -0.329089 -0.395044 -0.428469 -0.187230 0.212732 0.313191 0.069031 -0.049421 0.084292 0.192577 0.137071 -0.287981 -0.180794 0.045174 -0.169901 0.058355 0.089947 0.068062 0.070437 0.129731 -0.240754 -0.275778 -0.119681 0.057160 -0.099095 0.051655 0.063665 0.125270 0.100876 0.192527 0.227426 0.221240 0.186924 -0.191390 -0.250398 -0.024193 -0.004159 0.193009
-0.279405 -0.434888 0.170990 0.011457 0.434999 0.441232 0.007044 -0.095910 0.381023 0.115837 -0.078248 -0.138266 -0.230863 -0.174089 0.339383 0.128029 -0.307236 -0.453586 -0.198018 -0.290711 0.433212 0.296881 0.444293 0.251413 0.136171 0.397894 1.000000 0.667907 0.112623 -0.082704 0.326811 0.377657 -0.423357 -0.341010 -0.164130 -0.034388 0.378782 0.218454 0.343959 0.060012 0.279440 -0.033296 0.182770 0.048673 0.031739 0.103108 -0.061355 0.123444 -0.037815 -0.092642 0.020497 0.030373 -0.072927 0.165073 0.058899 -0.009114 -0.166239 -0.076751 -0.020760 -0.213011 -0.295943 -0.470541 -0.329799 -0.609234 0.223818 -0.063538 -0.024587 0.138181 0.261721 0.223356 0.314775 -0.061747 -0.122837 -0.088331 -0.055691 -0.073568 -0.152283 0.021657 -0.011170 -0.223967 -0.238271 -0.183407 0.223779 0.020858 0.046604 0.175034 0.252934 0.300804 0.122643 -0.183980 -0.067146 0.317879 -0.088941 0.130281 -0.025189 0.113059 0.005555 -0.053743 -0.114781 0.067652 -0.099902 -0.108888 -0.158180 -0.036794 0.025132 0.161637 0.238031 0.254425 0.218097 -0.091867 0.114639 -0.184654 -0.132521 0.102350 0.355417 0.019774
-0.240727 -0.382201 0.109600 0.251166 0.095000 0.521663 0.037835 -0.048764 0.019637 0.030850 -0.246423 -0.167503 -0.369240 -0.323816 0.120969 -0.081286 -0.506191 -0.594881 -0.192243 -0.211086 0.338473 0.357374 0.601989 0.403475 0.243980 0.647832 0.667907 1.000000 -0.215588 -0.313298 0.236042 0.258184 -0.299000 -0.242011 0.081102 0.217347 0.260808 0.245784 0.217767 0.090834 0.178568 0.090651 0.123902 0.086259 0.060763 0.381314 -0.142131 0.082409 0.052694 -0.020107 0.034238 -0.020121 -0.269662 -0.098129 -0.008918 -0.086447 -0.232025 -0.220102 -0.258309 -0.101479 -0.388490 -0.532447 -0.370033 -0.607776 0.502084 0.013980 0.063598 0.400127 0.188308 0.122077 0.021051 -0.096800 -0.327705 -0.026730 0.054619 -0.205618 -0.132676 0.114005 0.029557 -0.259670 -0.345919 -0.195107 0.161091 0.051060 0.162144 0.200844 0.161260 0.430496 0.311545 -0.104373 -0.123776 0.029745 -0.151661 -0.067285 0.013497 0.061960 0.076954 0.059678 -0.132833 -0.204491 -0.249860 0.054538 -0.271360 0.059926 0.037178 0.302382 0.404981 0.343330 0.057435 0.071841 0.266050 -0.297141 -0.358016 0.088645 0.265103 0.168988
0.131188 0.074941 -0.144249 -0.208368 0.409521 -0.368747 0.010909 -0.071340 0.420465 0.052906 0.312507 0.066008 0.352174 0.237701 0.357581 0.271644 0.476381 0.389834 -0.009437 0.136407 0.228885 -0.022703 -0.213812 -0.133712 -0.421663 -0.237782 0.112623 -0.215588 1.000000 0.645721 0.430825 0.367774 0.186483 0.152993 -0.140177 -0.304003 0.359806 0.019591 -0.049963 -0.482808 0.379934 -0.144106 -0.156821 -0.301313 -0.336227 -0.514628 -0.190680 -0.502996 -0.384043 -0.329478 -0.130665 -0.201875 0.135572 0.040668 0.106523 -0.332805 0.273238 0.250437 0.277739 -0.267299 0.409282 0.200161 0.306227 0.297756 -0.030254 -0.052043 -0.176773 -0.537147 0.227962 -0.170345 0.068573 0.281729 0.752912 0.279653 0.344423 0.417578 0.211172 -0.092572 0.230756 0.345145 0.303428 0.432404 0.302443 0.184616 0.062181 0.277421 0.313636 0.031546 -0.273493 -0.009236 -0.294449 -0.067678 -0.139837 -0.207673 -0.202656 -0.075166 -0.258027 -0.237469 -0.338326 -0.021017 -0.010820 -0.239227 -0.097441 -0.432623 -0.231267 -0.039263 -0.359263 -0.030957 -0.043468 -0.202093 -0.392578 -0.205622 -0.093532 -0.060900 0.145126 -0.104466
0.011337 0.217342 -0.426449 -0.184192 0.135000 -0.312912 -0.058891 0.096148 0.207533 0.110699 0.090977 0.132902 0.097290 0.348914 0.219805 0.401732 0.284013 0.499697 -0.136011 0.120645 0.283424 0.049597 -0.396511 -0.182721 -0.372225 -0.133312 -0.082704 -0.313298 0.645721 1.000000 0.368339 0.383857 0.116245 0.112794 -0.136807 -0.298669 0.150779 0.157188 -0.108555 -0.283582 0.152690 0.166840 -0.015016 -0.204562 -0.005525 -0.392203 0.063800 -0.232167 -0.277690 0.105129 -0.206541 0.219373 0.012856 0.273752 -0.089882 -0.140945 0.134296 0.169684 -0.000408 0.049733 0.045150 0.364359 0.274473 0.404823 -0.220422 0.083171 -0.176242 -0.580633 0.132615 -0.074341 0.122475 0.340139 0.723120 0.552324 0.381601 0.533599 0.194245 -0.041115 0.003963 0.304694 0.221227 0.387574 0.147557 0.377740 -0.125735 0.020107 -0.013584 -0.151531 -0.404535 -0.048918 -0.162272 -0.171903 -0.126605 -0.317594 -0.117697 -0.097466 -0.272190 -0.038350 -0.055079 -0.050992 0.129509 -0.265426 0.146262 -0.413936 -0.190361 -0.225258 -0.286199 0.029505 -0.016128 -0.074659 -0.414472 0.080198 0.158736 0.003675 -0.006814 -0.039721
0.041101 -0.477023 0.173695 -0.197100 0.176569 0.047864 0.304841 -0.297825 0.081975 -0.198368 -0.006360 -0.408449 0.049520 -0.362526 -0.105485 -0.222330 0.051002 -0.097877 0.242453 -0.323014 0.559741 0.509111 0.228192 -0.114162 0.102078 0.330760 0.326811 0.236042 0.430825 0.368339 1.000000 0.865680 0.217110 0.235757 0.126374 0.002575 0.381158 0.414407 0.076031 -0.241806 0.142172 0.115901 0.244624 0.047353 0.057425 -0.104987 -0.062727 -0.077020 -0.199295 -0.102426 0.001542 0.069684 -0.140306 0.112535 -0.064665 -0.170770 -0.082780 -0.058001 -0.071725 -0.433148 0.065292 -0.291808 0.103675 -0.059460 0.272400 -0.309144 0.065250 -0.167955 0.061846 -0.114030 0.358168 0.439038 0.468417 0.462337 0.521860 0.405341 0.377376 0.255959 0.015188 0.057372 -0.069250 0.088436 0.245663 0.000209 0.119321 0.174508 0.325611 0.216685 -0.094348 -0.223129 -0.514348 0.315367 -0.332557 -0.010737 -0.111081 -0.002196 -0.004951 -0.030460 -0.250104 0.171116 -0.097151 -0.438283 -0.085140 -0.303108 -0.213882 0.035303 -0.129533 -0.127588 0.243608 -0.087102 0.014016 -0.037119 0.099712 0.287259 0.187777 -0.279228
-0.131243 -0.460182 0.152751 -0.126913 0.128821 0.024609 0.293532 -0.221802 0.050861 -0.171587 -0.186970 -0.400050 -0.132735 -0.389677 -0.091060 -0.183460 -0.116001 -0.087660 0.165441 -0.327519 0.517222 0.407027 0.250682 -0.014400 0.104900 0.414850 0.377657 0.258184 0.367774 0.383857 0.865680 1.000000 0.061862 0.275805 0.131302 0.047605 0.404675 0.509506 0.120333 -0.108770 0.254411 0.134897 0.243189 0.036175 0.059202 -0.039323 -0.051873 0.065714 -0.235077 -0.046082 -0.122474 0.110245 -0.328193 0.041184 -0.139444 -0.108616 -0.087434 0.068402 -0.211807 -0.443801 -0.069131 -0.317989 -0.111795 -0.161026 0.258595 -0.279536 -0.035044 -0.116177 0.068078 -0.001660 0.360317 0.519795 0.371555 0.403352 0.369110 0.428202 0.311335 0.410707 -0.056845 0.050107 -0.200119 0.074913 0.162497 0.148837 -0.052041 0.144637 0.248007 0.119260 -0.094199 -0.276935 -0.401571 0.269133 -0.383321 -0.081914 -0.032155 0.069709 0.012206 0.087757 -0.199365 0.080413 -0.192485 -0.391069 -0.200746 -0.214268 -0.159222 0.182625 -0.030056 0.019133 0.271673 -0.039551 0.077788 0.036521 0.090807 0.237343 0.229998 -0.291757
0.548441 -0.055565 0.185660 -0.138569 -0.448451 -0.446473 0.094523 -0.268493 -0.410792 -0.497092 0.106718 -0.189790 0.112333 -0.199986 -0.315760 -0.389487 0.470786 0.425600 0.503061 -0.056650 -0.077314 -0.031867 -0.033635 -0.436237 -0.313418 -0.375787 -0.423357 -0.299000 0.186483 0.116245 0.217110 0.061862 1.000000 0.595635 0.361828 0.112801 0.006863 0.146176 -0.330366 -0.259566 -0.106899 -0.176857 0.200947 0.275503 0.075141 -0.102586 0.217384 -0.124840 0.136531 -0.038890 0.245664 0.002475 0.072829 -0.105010 0.253443 0.086515 0.312622 0.179886 -0.049267 -0.354435 0.593829 -0.001409 0.376697 0.434204 -0.001865 -0.262918 0.120076 -0.184732 -0.074867 -0.466445 -0.193195 0.347327 0.460185 0.298313 0.477232 0.225972 0.528137 0.188697 0.273567 0.571665 0.164771 0.369076 -0.329860 -0.514066 0.091460 -0.064645 -0.195810 -0.249050 -0.049121 -0.117663 -0.465758 -0.179678 -0.422732 -0.336879 -0.122662 -0.202134 0.242086 -0.181343 -0.060579 0.060279 -0.258527 -0.377614 -0.034775 -0.337622 -0.358963 -0.182279 -0.074341 -0.368343 -0.117083 -0.217086 0.035182 0.062722 0.186013 0.078195 -0.038922 -0.282735
0.220842 0.065661 0.009143 -0.211249 -0.229637 -0.405999 0.143147 -0.320123 -0.214375 -0.363627 -0.028013 -0.290970 -0.008123 -0.316168 -0.169614 -0.429190 0.259625 0.367978 0.313278 0.266119 0.064890 0.039536 -0.049804 -0.244043 -0.061668 -0.093162 -0.341010 -0.242011 0.152993 0.112794 0.235757 0.275805 0.595635 1.000000 0.489597 0.363853 0.045658 0.108855 -0.098301 -0.167673 0.072457 0.039135 -0.045299 -0.009382 -0.071054 -0.076886 -0.096420 -0.017125 -0.171649 -0.133648 -0.131142 -0.240505 -0.165422 -0.173707 -0.100979 -0.155012 0.066976 0.269959 -0.088830 -0.298568 0.298339 -0.148414 0.133416 0.330805 0.150233 -0.316840 0.136368 0.047233 0.092993 -0.007773 -0.119222 0.353765 0.341516 0.206930 0.230674 0.106154 0.377469 0.338189 0.238972 0.424315 0.173169 0.426303 -0.129764 -0.178394 0.046981 -0.236649 0.048638 -0.145332 -0.018052 -0.202322 -0.381104 -0.051820 -0.350385 -0.112995 0.022171 -0.180071 -0.028844 0.109549 -0.149303 -0.091991 -0.126635 -0.207904 0.048695 -0.078803 -0.174035 -0.047178 0.094454 -0.264575 -0.017307 -0.027290 0.073545 -0.016329 0.010077 0.237705 -0.057943 -0.164608
0.175880 -0.054324 0.039597 -0.430152 -0.319937 -0.161418 -0.086509 -0.615721 -0.385388 -0.504259 -0.072304 -0.277321 0.042871 -0.366866 -0.223755 -0.493312 0.133199 0.145228 0.066289 -0.171309 -0.042851 0.226785 0.014922 -0.415398 -0.148161 0.071789 -0.164130 0.081102 -0.140177 -0.136807 0.126374 0.131302 0.361828 0.489597 1.000000 0.438983 -0.045092 0.147051 -0.271309 -0.044269 -0.270766 0.157424 0.377483 0.365379 0.169487 0.216488 0.274543 0.382125 0.160306 0.085068 0.200904 0.053839 -0.032163 -0.063668 0.009758 0.019017 0.054799 0.049597 -0.133205 -0.108067 0.112203 -0.116242 0.220235 0.242863 0.025385 -0.183952 0.321636 0.193639 -0.056506 0.086711 0.010665 0.437068 0.071572 0.197974 0.049841 0.030809 0.202858 0.329899 0.185522 0.164094 0.069300 0.234568 -0.033429 -0.274788 0.146848 -0.086180 0.113029 0.151246 -0.065605 -0.173543 -0.168173 -0.002691 -0.479467 0.019028 0.329528 0.001968 0.211522 0.389831 0.165243 -0.002458 -0.137090 -0.147954 -0.061014 -0.110938 -0.068879 0.149581 0.313392 -0.092895 0.184158 0.209415 0.433570 0.041647 -0.025065 0.151249 0.235205 -0.214281
-0.121655 -0.210574 -0.013374 -0.091227 -0.080172 0.321117 -0.014126 -0.277791 -0.299477 -0.103879 -0.250794 -0.341660 -0.157856 -0.489266 -0.277475 -0.498098 -0.222780 -0.224163 0.047528 -0.023529 0.044461 0.159755 0.196896 -0.077398 0.262564 0.292365 -0.034388 0.217347 -0.304003 -0.298669 0.002575 0.047605 0.112801 0.363853 0.438983 1.000000 0.146743 0.103857 0.176093 0.187242 -0.201906 0.028924 0.217460 0.324958 0.238148 0.459354 -0.031947 0.320164 -0.048024 0.171052 0.048550 -0.016399 -0.285704 -0.017055 0.032527 0.050031 -0.159983 -0.029712 -0.275632 -0.093055 -0.182935 -0.327024 -0.124877 -0.089758 0.327430 -0.093114 0.203295 0.505091 -0.134705 0.043008 -0.179633 0.057663 -0.239664 0.021027 0.036254 -0.186183 0.102755 0.189919 0.056185 -0.135408 -0.140811 -0.039617 -0.039590 -0.362778 0.229147 -0.179287 0.117425 0.056648 0.186718 -0.292759 -0.238033 0.039561 -0.151038 0.042250 0.057709 0.012282 0.142549 0.106958 0.006687 -0.035766 0.021930 -0.165959 0.040813 0.102022 0.080447 0.106360 0.313094 -0.138093 0.128812 -0.133303 0.361040 0.026677 -0.110123 0.264474 0.033735 0.019272
