1.000000 0.320358 -0.075364 -0.427754 -0.214887 -0.208180 0.440089 -0.276374 -0.347617 -0.252344 0.336989 0.112845 -0.102382 -0.085938 -0.311377 -0.253700 0.398514 0.322540 0.197869 0.374869 -0.376423 -0.279795 -0.311550 -0.376930 -0.411389 -0.298252 -0.081287 0.050392 0.001731 -0.202477 -0.356797 -0.091054 0.403018 0.142193 0.015747 -0.006983 -0.006464 -0.191165 -0.075977 -0.117938 0.202626 -0.172675 0.011603 0.066446 -0.041063 0.023020 0.111477 0.218116 -0.287136 -0.188367 -0.330416 -0.303778 -0.169341 -0.134275 -0.127528 0.201034 0.854179 0.217257 0.373514 -0.018257 0.480588 0.044643 0.497358 0.081748 0.160095 -0.263844 0.237182 0.014150 0.285034 0.026541 -0.253270 -0.052682 -0.125772 -0.050996 -0.069042 0.124084 0.231538 0.109125 0.017674 0.119683 0.031410 0.222408 -0.193321 0.100395 -0.281605 -0.060101 -0.000943 0.010662 -0.020335 -0.096457 0.138660 0.395545 0.154254 0.193630 -0.127434 0.064055 0.092274 0.008623 0.138072 0.488566 -0.206058 0.025168 0.137794 -0.033483 0.059033 -0.069891 -0.042240 0.145559 0.010973 0.063802 -0.068434 0.353721 0.059230 -0.037456 -0.031978 -0.020697
0.320358 1.000000 -0.186350 -0.177523 -0.057426 -0.225357 0.139904 0.200416 -0.265326 -0.121577 0.246644 0.112832 0.117988 -0.262112 -0.326617 -0.351058 0.406597 0.284647 0.132517 0.497148 -0.221747 -0.352206 -0.279619 -0.329552 -0.309192 -0.323288 0.153692 0.039743 0.141748 -0.288110 -0.391829 -0.253367 0.543323 0.347179 -0.164344 -0.078482 0.014796 -0.393655 -0.008211 -0.152184 0.234175 -0.272498 0.099971 0.027349 0.060428 0.048123 -0.056929 0.193717 -0.202449 0.063159 -0.054482 0.023032 0.042217 0.116938 -0.150571 0.043394 0.245589 0.644381 0.000138 0.299302 -0.040304 0.461469 0.272132 0.583976 -0.388556 -0.168822 0.142003 0.112321 0.266974 0.189805 -0.263917 -0.328111 -0.114256 -0.292396 0.066362 -0.223870 0.218443 -0.181424 0.076891 -0.065322 0.397418 0.198207 0.134297 -0.133919 0.279469 -0.042607 0.173177 -0.029316 -0.052113 -0.196161 0.159625 0.341221 0.094689 0.197431 0.023730 -0.033719 -0.026229 -0.093457 0.224784 0.225566 0.146314 0.036438 0.099159 0.084987 0.017581 -0.113017 -0.308752 -0.141426 0.072930 -0.055345 -0.043333 0.221421 0.090993 -0.228388 -0.227101 -0.102809
-0.075364 -0.186350 1.000000 0.205993 0.245598 -0.118216 0.575899 0.326967 0.112235 -0.031464 0.152942 -0.089035 0.067776 -0.123970 -0.115432 -0.137940 -0.041935 -0.307926 0.049512 -0.010810 0.090936 -0.160725 0.326871 0.197636 -0.041828 -0.073256 -0.111636 0.016129 -0.229387 -0.354122 0.348124 0.306181 -0.147620 0.128535 0.170901 0.235776 -0.406922 -0.295672 -0.401593 -0.361255 -0.041488 -0.222622 0.077677 0.335527 0.153381 0.307888 -0.000521 0.027676 0.331056 0.130701 0.086011 0.120962 -0.028292 0.096555 -0.272036 -0.131104 -0.097806 -0.024309 0.235349 -0.001410 0.085835 -0.128102 -0.281162 -0.222105 0.200262 0.296206 0.069115 0.282995 -0.143453 0.111920 0.081422 0.094864 -0.248686 -0.308727 -0.202862 -0.031542 -0.149073 -0.051427 -0.323638 -0.157580 -0.271996 -0.183438 -0.265656 -0.038883 -0.350768 -0.265080 -0.042673 -0.048503 -0.063079 -0.172826 0.162670 0.375489 0.129463 0.346439 -0.286985 -0.152154 -0.308971 -0.333043 -0.229188 -0.271881 -0.059416 0.189817 -0.097791 -0.132941 -0.040512 0.042169 -0.003026 -0.084242 0.081363 -0.273937 0.016298 -0.034287 -0.311043 -0.100868 0.011894 -0.073469
-0.427754 -0.177523 0.205993 1.000000 0.202230 0.208648 -0.180363 0.488106 0.093872 0.284801 -0.284032 -0.199438 0.067846 0.126927 0.103569 -0.033694 -0.312646 -0.600139 0.149156 -0.146517 0.374828 0.066190 0.690190 0.700722 0.228807 0.089836 0.040789 0.292276 -0.401082 -0.194375 0.202402 -0.164907 -0.251902 -0.275467 -0.161565 -0.018509 -0.021523 -0.043372 0.012402 -0.107776 0.109014 -0.037629 -0.097008 -0.220729 -0.145409 -0.243538 -0.207279 -0.363656 0.369627 -0.000213 0.526353 0.248983 0.273027 0.192155 0.041789 -0.214355 -0.359887 -0.070598 -0.167944 0.111432 -0.118148 -0.033646 -0.201636 0.031231 -0.104059 0.183173 -0.051657 -0.045144 0.054312 0.091075 0.094987 -0.119955 -0.255022 -0.110666 -0.144085 -0.154720 -0.374851 -0.276865 -0.099014 -0.448100 -0.108583 -0.411020 0.184858 -0.311869 0.287615 0.117192 0.166727 0.143302 0.310015 0.246381 0.014511 -0.037184 0.411800 0.205055 -0.197619 -0.246644 -0.413837 -0.184280 -0.197232 -0.448774 0.271437 0.203651 0.094363 0.113387 0.063926 0.127244 0.073118 0.003456 -0.061022 -0.359051 -0.150577 -0.407118 -0.200601 -0.246341 -0.080788 -0.010650
-0.214887 -0.057426 0.245598 0.202230 1.000000 0.391113 0.042556 0.202887 0.638544 0.433254 -0.146882 -0.157826 -0.168692 -0.320887 0.503417 0.377271 -0.233859 -0.438970 0.324138 0.132893 0.587103 0.196755 0.074627 -0.089551 0.378312 0.025567 0.367422 0.031076 -0.141077 -0.126756 0.121916 -0.242677 -0.036917 -0.021409 0.018266 0.039318 -0.224195 -0.038576 0.203597 0.173243 -0.147642 0.232932 0.177627 0.078266 0.281163 0.274491 -0.148932 -0.151839 0.258948 0.314344 0.144784 0.022251 0.007133 -0.229307 0.041950 -0.056789 -0.247591 -0.061839 0.190649 0.099613 -0.166960 -0.033787 -0.253095 -0.136952 -0.096996 0.126800 0.271315 0.107076 0.175496 0.114481 0.057916 -0.172885 -0.001290 -0.183561 0.002280 0.030481 -0.301394 -0.131375 -0.239958 -0.418542 -0.235920 -0.469514 0.041915 -0.047794 -0.160368 -0.385038 0.055480 -0.084484 0.099252 -0.011532 -0.066567 -0.103244 -0.138531 0.023811 -0.039569 0.026517 -0.204118 -0.142311 -0.432707 -0.162379 -0.163831 -0.087249 -0.170163 -0.159866 -0.428383 0.036512 -0.089677 0.046867 -0.169170 -0.291307 -0.215226 -0.376231 -0.237823 -0.102632 0.074331 0.115252
-0.208180 -0.225357 -0.118216 0.208648 0.391113 1.000000 -0.339191 -0.159275 0.321800 0.545990 -0.456569 -0.296966 -0.311078 -0.002626 0.599016 0.701440 -0.294947 -0.293501 0.074091 -0.134041 0.399167 0.633064 0.015927 -0.000213 0.775126 0.664870 0.306972 0.195977 -0.285220 0.296574 0.081011 -0.333849 -0.219232 -0.357207 -0.072383 -0.039344 -0.205519 0.422065 0.140348 0.429779 -0.350289 0.664973 0.062498 -0.132541 0.131460 0.050247 -0.270705 -0.215806 0.018759 0.106795 0.171692 -0.122650 -0.011543 -0.274356 0.110733 -0.279865 -0.226530 -0.109769 -0.175018 -0.038060 -0.213917 -0.310145 -0.082040 -0.155784 0.108096 -0.012792 -0.058536 -0.100468 0.075054 -0.073081 -0.050319 -0.158814 0.236706 0.268659 -0.068383 0.455677 -0.465806 -0.228475 0.180905 -0.136799 -0.158905 -0.206899 -0.006143 0.083088 0.036231 -0.168212 0.111867 0.108185 0.033325 0.028609 -0.295830 -0.293600 -0.138387 -0.118101 -0.138314 -0.033617 -0.068793 -0.152144 -0.181012 -0.152139 -0.004126 -0.058804 -0.167666 -0.152864 -0.234874 -0.022447 0.149504 0.002922 -0.272490 -0.072658 -0.086694 -0.572803 -0.111705 -0.103128 -0.061121 0.042793
0.440089 0.139904 0.575899 -0.180363 0.042556 -0.339191 1.000000 0.306688 -0.176740 -0.085424 0.427321 0.323893 0.051247 -0.081607 -0.426573 -0.320500 0.137716 0.042661 0.008107 0.167725 -0.239047 -0.372123 -0.132009 -0.235109 -0.502810 -0.453598 0.020768 0.007626 0.027759 -0.407190 -0.158929 0.178910 0.227153 0.365064 0.110023 0.164757 -0.146325 -0.490219 -0.178385 -0.288569 0.105043 -0.350187 0.031219 0.259209 0.112540 0.245285 -0.034984 0.032010 0.142096 0.061777 -0.143478 -0.016296 -0.071725 0.008853 -0.125465 0.141000 0.299676 -0.006478 0.451652 0.030013 0.460132 0.158005 0.060719 -0.133805 0.225825 0.202154 0.180149 0.188641 0.007837 0.017403 -0.134954 0.044223 -0.300351 -0.285572 -0.182828 -0.029039 0.221718 0.027632 -0.259955 -0.123534 -0.092047 -0.037990 -0.229024 0.006001 -0.353471 -0.213882 0.040695 -0.033199 0.029421 -0.117606 0.058132 0.435103 0.236837 0.342212 -0.072891 -0.118572 -0.157057 -0.279198 -0.213339 0.079137 -0.094996 0.027321 0.059494 0.009986 0.059512 -0.048919 -0.099463 0.034603 0.040458 -0.210542 -0.146156 0.172150 -0.150448 -0.101656 -0.127189 -0.088328
-0.276374 0.200416 0.326967 0.488106 0.202887 -0.159275 0.306688 1.000000 0.135940 0.283475 0.064578 0.159687 0.090782 -0.079351 -0.251138 -0.247083 -0.064060 -0.389321 -0.123247 -0.086399 0.180698 -0.242387 0.153183 0.120799 -0.149207 -0.295950 0.076220 -0.002465 -0.204647 -0.292585 0.025010 0.031943 0.045847 0.303793 -0.022263 0.192747 0.007811 -0.331901 0.017343 -0.168800 0.029634 -0.339498 0.071476 0.125107 0.073327 0.094310 -0.050327 -0.050587 0.388127 0.235478 0.109282 0.396350 0.056798 0.041474 -0.086470 -0.222325 -0.252906 -0.053605 0.110492 0.203037 0.005644 0.445895 -0.180461 0.103641 -0.224434 0.459517 0.021859 0.223479 -0.053162 0.039806 -0.122992 -0.254347 -0.337060 -0.388468 -0.122431 -0.266168 -0.115126 -0.224638 -0.246756 -0.454343 -0.055347 -0.311307 -0.019136 -0.290786 0.143405 -0.108794 0.039084 -0.045150 0.151628 -0.019826 0.139924 0.091596 0.273024 0.172252 -0.005710 -0.133048 -0.343386 -0.237131 -0.200307 -0.412939 0.193002 0.185945 0.052587 0.124418 -0.063182 0.121785 -0.228954 -0.123343 0.113718 -0.254305 -0.055211 -0.092680 -0.082434 -0.146463 -0.022804 0.034388
-0.347617 -0.265326 0.112235 0.093872 0.638544 0.321800 -0.176740 0.135940 1.000000 0.466377 -0.121816 -0.101423 -0.051402 0.010356 0.681079 0.576134 -0.123340 -0.303553 -0.014820 -0.070823 0.598458 0.331815 0.066072 -0.036049 0.541677 0.126808 0.034671 -0.225020 -0.045337 0.240725 0.230085 -0.264366 -0.224405 -0.153633 -0.024090 0.000235 -0.171766 0.347616 0.099631 0.247832 -0.299097 0.402304 0.027816 -0.050066 0.165758 0.111153 -0.132527 -0.103654 0.139449 0.157432 -0.094812 -0.026126 -0.093382 -0.209895 0.079669 -0.169304 -0.322860 -0.326611 0.027090 -0.018121 -0.189196 -0.098895 -0.280796 -0.170377 -0.035178 -0.069557 0.045609 -0.043210 -0.067701 0.002044 0.251835 -0.100984 0.294611 0.046819 0.214297 0.254455 -0.357985 0.011870 -0.119906 -0.200728 -0.231603 -0.480347 -0.074881 -0.050067 -0.137539 -0.229073 -0.248495 -0.275520 -0.088470 0.025519 -0.018259 -0.258062 -0.330609 -0.219568 -0.074688 0.139335 -0.064942 -0.010968 -0.263945 -0.265105 -0.236122 -0.012756 -0.277891 -0.212953 -0.481953 0.036490 -0.026064 -0.025713 -0.109009 0.027064 -0.108568 -0.327488 0.003417 0.177350 0.194884 0.152578
-0.252344 -0.121577 -0.031464 0.284801 0.433254 0.545990 -0.085424 0.283475 0.466377 1.000000 -0.149614 0.087724 -0.021759 0.047762 0.372520 0.341706 -0.260256 -0.340798 0.022299 -0.018319 0.441915 0.261613 0.147373 0.147092 0.342120 0.040004 0.062650 -0.030915 -0.194998 0.155094 -0.054491 -0.294970 -0.180429 -0.127046 -0.164241 -0.046100 -0.018547 0.255682 0.336809 0.401667 -0.093279 0.379933 -0.122585 -0.237749 0.046519 -0.069269 -0.241677 -0.279872 0.111394 0.084848 0.093924 -0.057794 0.166337 -0.147855 0.299822 -0.247903 -0.349682 -0.284635 -0.052293 -0.048001 -0.219382 -0.085818 -0.389121 -0.162186 -0.147309 0.072816 -0.092508 0.020884 0.019732 0.130264 -0.023886 -0.243709 0.068481 -0.003248 0.073858 0.217465 -0.343076 -0.189648 -0.102781 -0.261048 -0.190080 -0.395877 0.090158 -0.032717 0.043340 -0.074093 0.222220 0.279749 0.250947 0.109840 -0.118972 -0.214138 0.008434 -0.006010 -0.017233 -0.017110 -0.089093 -0.081545 -0.237171 -0.348564 -0.056474 -0.073062 -0.018897 -0.017702 -0.241587 0.130418 -0.078237 -0.013201 -0.284324 -0.069351 -0.150557 -0.445114 0.002527 -0.068282 0.003118 0.094041
0.336989 0.246644 0.152942 -0.284032 -0.146882 -0.456569 0.427321 0.064578 -0.121816 -0.149614 1.000000 0.568859 0.605607 0.225361 -0.216605 -0.303201 0.648729 0.407704 -0.017469 0.298764 -0.292619 -0.285004 -0.188961 -0.116821 -0.543425 -0.501876 -0.042889 -0.154519 0.273780 -0.079874 -0.302540 0.073762 0.004701 0.216960 -0.060514 -0.103571 0.147037 -0.101780 0.034211 -0.020912 0.103610 -0.178987 -0.083429 -0.016180 -0.192801 -0.055360 0.020461 0.042742 -0.313494 -0.190760 -0.334024 -0.378919 -0.079993 -0.030053 -0.063863 0.015275 0.267087 0.109145 0.094783 -0.180269 0.095280 0.041009 -0.034720 0.119312 0.030488 -0.188124 -0.106846 -0.117361 -0.199348 -0.054304 0.169272 0.095814 -0.208668 0.119259 -0.011633 -0.041863 0.536017 0.362498 0.061973 0.060960 0.090237 0.079930 -0.172581 0.049762 -0.069743 0.188963 -0.189543 -0.153349 -0.002637 -0.115533 0.055518 0.197087 0.030283 0.122502 0.201702 0.219405 0.055918 -0.058200 -0.011083 0.012742 -0.138942 0.003603 -0.078466 0.061050 0.072133 -0.068988 -0.052603 0.015270 0.113957 0.305066 -0.172716 0.318948 0.073928 0.048029 -0.036703 -0.161370
0.112845 0.112832 -0.089035 -0.199438 -0.157826 -0.296966 0.323893 0.159687 -0.101423 0.087724 0.568859 1.000000 0.317214 0.491649 -0.139536 -0.150455 0.198543 0.425944 -0.064625 0.020631 -0.285195 -0.234363 -0.266026 -0.191176 -0.482467 -0.441970 0.000184 -0.156975 0.388608 0.130680 -0.323487 0.044270 0.013665 0.245104 -0.153337 -0.158945 0.264696 -0.080470 0.106804 0.003737 0.092378 -0.178507 -0.249879 -0.195526 -0.287710 -0.205469 -0.063440 -0.140545 -0.191593 -0.199258 -0.313424 -0.259056 -0.011730 -0.142860 0.136807 0.036209 0.024005 -0.188059 0.206372 -0.242099 0.156050 0.140504 -0.157903 0.049749 -0.025373 0.031096 -0.256139 -0.246048 -0.208247 -0.286940 0.133003 0.134039 -0.007588 0.169975 0.028442 -0.040783 0.469919 0.334221 0.101407 0.132332 0.040036 0.150591 0.006500 0.139760 -0.004392 0.294551 0.117185 0.117548 0.174126 0.062606 -0.054389 -0.079138 0.206572 0.023036 0.246730 0.107240 0.002931 -0.095395 -0.117796 -0.068005 -0.071873 -0.143680 0.090971 -0.021423 0.071687 -0.178225 0.003095 -0.158130 0.034671 0.152553 -0.308919 0.126394 0.070534 0.186198 0.005407 -0.194298
-0.102382 0.117988 0.067776 0.067846 -0.168692 -0.311078 0.051247 0.090782 -0.051402 -0.021759 0.605607 0.317214 1.000000 0.344470 -0.038159 -0.280769 0.203110 0.038857 -0.014437 0.115714 -0.102079 -0.151122 0.158386 0.259704 -0.274260 -0.336265 -0.160720 -0.050046 0.132585 -0.071330 -0.115563 -0.121996 -0.150635 -0.026542 -0.116471 -0.173343 0.138759 -0.003058 0.079057 0.063860 0.104731 -0.074537 -0.284254 -0.292858 -0.349891 -0.361727 -0.121665 -0.180919 -0.110617 -0.294987 -0.056929 -0.199526 0.148400 0.227741 0.130311 -0.068083 -0.162567 0.059902 -0.093092 -0.127253 -0.203908 -0.086678 -0.240205 0.178159 -0.153308 -0.211434 -0.154512 -0.236503 -0.138866 -0.009725 0.286557 0.075852 -0.193764 0.065247 -0.037458 -0.140410 0.368977 0.206863 0.020186 -0.004439 0.142123 -0.015918 0.114017 -0.070351 0.368739 0.379281 -0.002049 0.048999 0.186539 0.096189 -0.038992 0.051154 0.007811 0.088611 0.147573 0.054846 0.013380 0.120511 0.006403 -0.112383 0.031153 0.069490 -0.093233 0.198879 0.048841 -0.028621 -0.077923 -0.051018 -0.007994 0.153437 -0.028542 0.078879 0.121529 0.094655 -0.095773 -0.111356
-0.085938 -0.262112 -0.123970 0.126927 -0.320887 -0.002626 -0.081607 -0.079351 0.010356 0.047762 0.225361 0.491649 0.344470 1.000000 0.077707 0.040943 0.038410 0.125774 -0.139927 -0.216971 -0.057455 0.122716 0.175489 0.249517 -0.003893 -0.060366 -0.315494 -0.237230 0.149805 0.230820 0.021276 -0.044062 -0.331238 -0.328911 -0.185644 -0.266096 0.247906 0.290029 -0.150086 -0.108635 -0.062196 0.089746 -0.344122 -0.413201 -0.388885 -0.444497 -0.175925 -0.362109 -0.155131 -0.352899 -0.090651 -0.327613 0.084203 -0.033447 0.125900 -0.192165 -0.055768 -0.316106 -0.080081 -0.350724 0.111180 -0.279941 -0.100705 -0.089970 0.213900 -0.187062 -0.382208 -0.465899 -0.238544 -0.326846 0.368896 0.375121 0.257690 0.424393 0.132338 0.213675 0.175598 0.271977 0.276607 0.193544 0.037563 0.082655 -0.071651 -0.069090 0.126856 0.482308 -0.107888 0.075778 0.136543 0.085131 -0.118436 -0.217377 0.226635 -0.079523 -0.132397 -0.097876 -0.055291 -0.044722 -0.030103 -0.123127 -0.047126 -0.027655 0.060003 -0.022818 0.124219 -0.184836 0.229642 -0.065528 -0.071199 0.078622 -0.277447 -0.101750 0.075861 0.327269 0.023891 -0.222152
-0.311377 -0.326617 -0.115432 0.103569 0.503417 0.599016 -0.426573 -0.251138 0.681079 0.372520 -0.216605 -0.139536 -0.038159 0.077707 1.000000 0.747841 -0.118846 -0.249199 0.152735 -0.082453 0.467736 0.470689 0.108322 0.020134 0.631064 0.335013 0.202365 0.083401 0.037485 0.496962 0.175601 -0.332733 -0.265147 -0.325916 -0.085448 -0.033685 -0.090287 0.560107 0.229908 0.375628 -0.169557 0.593331 -0.095857 -0.267803 -0.098315 -0.161494 -0.211185 -0.245523 -0.084760 -0.142067 -0.032438 -0.274074 -0.047750 -0.117622 0.166980 -0.093642 -0.278376 -0.241109 -0.073384 -0.203232 -0.236190 -0.349185 -0.236889 -0.135546 0.043632 -0.188859 -0.133340 -0.360545 0.002822 -0.092871 0.255914 -0.112098 0.342041 0.376869 0.181557 0.314050 -0.330007 0.042532 0.104900 -0.053224 -0.163110 -0.320978 0.131099 0.199289 0.029710 -0.009701 -0.065474 -0.131184 0.032866 0.230022 -0.211917 -0.261186 -0.274424 -0.175833 0.018474 0.234261 -0.043606 0.118166 -0.219346 -0.159347 -0.155240 -0.053771 -0.208710 -0.130682 -0.356304 -0.079961 0.131209 0.014727 -0.160914 0.046614 -0.123526 -0.462530 -0.093846 0.066106 0.040047 0.016619
-0.253700 -0.351058 -0.137940 -0.033694 0.377271 0.701440 -0.320500 -0.247083 0.576134 0.341706 -0.303201 -0.150455 -0.280769 0.040943 0.747841 1.000000 -0.189531 -0.160210 0.019207 -0.129890 0.415595 0.621466 -0.205715 -0.177260 0.709862 0.555880 0.267241 0.149718 -0.045338 0.618765 0.177532 -0.279848 -0.283201 -0.284973 -0.065908 -0.040097 -0.191377 0.570084 0.150079 0.496524 -0.515128 0.784277 0.091963 -0.076221 0.195869 0.132479 -0.150068 -0.096744 -0.051153 0.101939 -0.115325 -0.151035 -0.125976 -0.333705 0.142504 -0.183809 -0.250343 -0.259019 -0.157379 -0.038239 -0.188268 -0.299097 -0.074430 -0.199382 0.171194 -0.113645 -0.022707 -0.142659 0.056496 -0.035554 0.115072 -0.136745 0.325124 0.430704 0.013147 0.483448 -0.403885 0.071811 0.163808 -0.027653 -0.210233 -0.309310 -0.092353 0.323246 -0.137143 -0.226948 -0.186162 -0.205497 -0.132033 0.008586 -0.283146 -0.388236 -0.368933 -0.315067 0.018365 0.239686 0.108468 -0.036073 -0.205586 -0.218039 -0.166321 -0.013032 -0.377421 -0.207812 -0.435146 -0.026650 0.128763 0.021561 -0.124059 0.166741 -0.054697 -0.414394 0.062514 0.049254 -0.006736 0.093801
0.398514 0.406597 -0.041935 -0.312646 -0.233859 -0.294947 0.137716 -0.064060 -0.123340 -0.260256 0.648729 0.198543 0.203110 0.038410 -0.118846 -0.189531 1.000000 0.502388 0.021211 0.435457 -0.264470 -0.207685 -0.196089 -0.260878 -0.299220 -0.270538 -0.066086 -0.131379 0.294769 0.092733 -0.245475 0.013980 0.167728 0.207112 -0.100518 -0.027312 0.139839 0.023080 -0.123507 -0.111655 0.157669 -0.120638 0.097917 0.032879 -0.231572 -0.050283 0.102022 0.224427 -0.415706 -0.255465 -0.315200 -0.431204 -0.250794 -0.046174 -0.296386 0.003255 0.416960 0.322464 -0.067742 -0.219496 0.079913 -0.005109 0.294594 0.250905 0.018195 -0.304596 -0.129601 -0.177904 -0.040811 0.050890 0.035845 -0.061279 0.062713 0.121512 0.073477 0.066252 0.331308 0.149822 0.325461 0.225035 0.332119 0.266441 -0.178658 0.055437 0.046766 0.107530 -0.288957 -0.292257 -0.182867 -0.200292 0.087580 0.244593 -0.019296 0.059715 0.020027 0.153712 0.025529 -0.069628 0.208479 0.187501 -0.043805 0.033084 -0.005141 0.081109 0.117907 -0.046629 -0.123426 -0.010105 0.221730 0.278385 -0.049463 0.418226 0.045704 -0.003040 -0.096867 -0.150036
0.322540 0.284647 -0.307926 -0.600139 -0.438970 -0.293501 0.042661 -0.389321 -0.303553 -0.340798 0.407704 0.425944 0.038857 0.125774 -0.249199 -0.160210 0.502388 1.000000 -0.132902 0.146047 -0.483242 -0.103079 -0.440566 -0.388844 -0.304298 -0.094225 -0.131378 -0.291497 0.516135 0.244977 -0.270875 0.172071 0.237079 0.162920 -0.102250 -0.209598 0.076339 -0.010293 -0.109598 -0.031295 -0.023192 -0.084984 -0.018687 -0.033537 -0.186205 -0.078039 0.028601 0.106734 -0.472367 -0.202989 -0.343021 -0.406350 -0.239103 -0.103851 -0.148055 0.130647 0.310246 0.267637 -0.110264 -0.222854 0.139694 0.046476 0.281135 0.281115 0.057289 -0.310906 -0.196175 -0.283211 -0.136561 -0.181407 0.014692 0.273217 0.251641 0.266792 0.086857 0.046864 0.461581 0.219898 0.426601 0.635457 0.400994 0.637365 -0.069134 0.251897 -0.054015 0.170464 -0.088477 -0.046984 -0.245606 -0.192595 -0.043002 -0.061635 -0.078972 -0.126227 0.186876 0.142975 0.252511 -0.007533 0.236709 0.316982 -0.013044 -0.214738 0.078067 -0.097572 0.151181 -0.179900 -0.050271 -0.067006 0.063210 0.335046 -0.115252 0.392889 0.166466 0.127922 0.018713 -0.201887
0.197869 0.132517 0.049512 0.149156 0.324138 0.074091 0.008107 -0.123247 -0.014820 0.022299 -0.017469 -0.064625 -0.014437 -0.139927 0.152735 0.019207 0.021211 -0.132902 1.000000 0.561333 0.011142 -0.146898 0.118565 0.020497 -0.024621 -0.047558 0.058469 0.225269 0.074767 -0.110411 0.020756 -0.029760 0.208074 0.003347 -0.168387 -0.041190 -0.165977 -0.231742 0.087619 0.018149 0.130303 0.000390 0.137237 -0.100928 0.003225 0.009320 -0.087010 -0.009287 0.126209 0.058297 0.128112 -0.004874 -0.006930 -0.067853 -0.091497 0.034287 0.086868 0.183510 0.142322 -0.110500 0.073472 -0.129377 0.011894 -0.096206 0.038815 -0.131108 0.217957 -0.017735 0.484060 0.162729 -0.199992 -0.244776 -0.085161 -0.194862 0.050617 -0.193263 -0.229360 -0.339328 -0.039061 -0.169351 0.027248 -0.030220 0.215259 0.177625 0.032250 -0.031028 0.179697 0.223614 0.107398 -0.061861 -0.092453 0.129032 0.158899 0.292624 -0.194231 -0.169708 -0.293598 -0.130555 -0.239071 0.031217 0.007356 0.205578 -0.123591 -0.239587 -0.155113 -0.057753 0.097995 -0.062949 -0.145271 -0.284094 -0.168761 -0.121256 -0.158602 -0.201765 -0.158366 -0.114895
0.374869 0.497148 -0.010810 -0.146517 0.132893 -0.134041 0.167725 -0.086399 -0.070823 -0.018319 0.298764 0.020631 0.115714 -0.216971 -0.082453 -0.129890 0.435457 0.146047 0.561333 1.000000 -0.059188 -0.266412 -0.195595 -0.264243 -0.198880 -0.272545 0.125526 0.161652 0.166767 -0.144370 -0.292695 -0.195718 0.249840 0.164940 -0.238966 -0.111497 -0.062793 -0.213687 0.080968 -0.015442 0.220716 0.004890 0.078498 -0.046417 0.031847 0.114031 -0.019791 0.203506 -0.230839 0.033637 -0.199289 -0.192733 -0.092527 -0.000608 -0.052151 0.078116 0.183607 0.393308 -0.011367 0.011230 -0.157297 -0.101950 0.144496 0.055539 -0.166836 -0.335913 0.202472 0.147028 0.441232 0.502335 -0.175285 -0.307509 -0.143114 -0.217002 0.009869 -0.109595 0.046956 -0.124210 0.015873 -0.034079 0.263222 0.106114 0.285635 0.291742 0.057377 -0.060069 0.113106 0.037373 0.027655 -0.195322 0.170267 0.359569 0.034395 0.219949 -0.011582 0.122810 0.060106 -0.080264 0.115556 0.145002 -0.172352 -0.001250 -0.255835 -0.199166 -0.259079 0.083914 -0.263070 -0.057018 0.140633 -0.029188 -0.035400 0.290499 0.067711 -0.288446 -0.150393 -0.012677
-0.376423 -0.221747 0.090936 0.374828 0.587103 0.399167 -0.239047 0.180698 0.598458 0.441915 -0.292619 -0.285195 -0.102079 -0.057455 0.467736 0.415595 -0.264470 -0.483242 0.011142 -0.059188 1.000000 0.573714 0.264851 0.192052 0.599112 0.163253 0.129540 0.035570 -0.162666 0.113718 0.404502 -0.248828 -0.368799 -0.375387 -0.244073 -0.228878 -0.138831 0.216517 0.035331 0.131178 -0.300987 0.331783 0.154699 0.026433 0.217048 0.157041 -0.199222 -0.165163 0.108957 0.249656 0.175332 0.076183 0.067888 -0.148851 0.049947 -0.207897 -0.384584 -0.341419 -0.158331 0.075039 -0.316713 -0.130010 -0.355520 -0.175311 -0.262819 -0.073507 0.066464 0.037620 0.006355 0.009825 0.521672 0.139775 0.236981 0.070216 0.230273 0.250761 -0.268575 0.112700 -0.198188 -0.387818 -0.254842 -0.537352 0.017823 -0.128188 -0.056037 -0.262921 -0.003311 -0.061260 -0.059352 -0.002363 -0.134555 -0.235603 -0.090765 -0.035198 -0.146958 -0.045509 -0.239205 -0.149825 -0.377611 -0.295439 -0.053544 0.020895 -0.195253 -0.021559 -0.272089 0.179108 -0.016275 0.112406 -0.215716 -0.189203 -0.282726 -0.439011 -0.094193 -0.051378 -0.006082 0.103426
-0.279795 -0.352206 -0.160725 0.066190 0.196755 0.633064 -0.372123 -0.242387 0.331815 0.261613 -0.285004 -0.234363 -0.151122 0.122716 0.470689 0.621466 -0.207685 -0.103079 -0.146898 -0.266412 0.573714 1.000000 0.001732 0.045712 0.719688 0.610758 0.106647 0.045470 -0.081869 0.416595 0.367355 -0.067663 -0.405059 -0.472255 -0.313045 -0.310909 -0.046426 0.426700 0.123590 0.428233 -0.579258 0.538418 0.109728 -0.035980 0.176548 0.106405 -0.205267 -0.223830 -0.027820 0.170414 0.030050 -0.163048 0.041629 -0.210776 0.116000 -0.203264 -0.298338 -0.342486 -0.397158 -0.123924 -0.312134 -0.360526 -0.112246 -0.263262 -0.031757 -0.188108 -0.202200 -0.217143 -0.169437 -0.258077 0.390219 0.306051 0.406335 0.402318 0.135551 0.481068 -0.145333 0.223015 0.136329 -0.017504 -0.161288 -0.223769 -0.147005 -0.001909 -0.063881 -0.195914 -0.103493 -0.184052 -0.091547 -0.040890 -0.314881 -0.492766 -0.305811 -0.253532 0.043679 0.014573 -0.032257 -0.182985 -0.267917 -0.107885 0.004486 -0.054933 -0.284266 0.056134 -0.052154 0.133963 0.275327 0.193717 -0.275935 0.050529 -0.181022 -0.462033 0.184808 0.132937 -0.031662 0.099622
-0.311550 -0.279619 0.326871 0.690190 0.074627 0.015927 -0.132009 0.153183 0.066072 0.147373 -0.188961 -0.266026 0.158386 0.175489 0.108322 -0.205715 -0.196089 -0.440566 0.118565 -0.195595 0.264851 0.001732 1.000000 0.830065 0.141366 0.011949 -0.207398 0.097237 -0.256586 -0.240047 0.330440 0.055424 -0.180309 -0.333572 0.048152 0.060402 -0.010868 -0.038619 -0.132815 -0.275161 0.269373 -0.211179 -0.133168 -0.159630 -0.275594 -0.330544 -0.138504 -0.370565 0.295139 -0.200385 0.506395 -0.002016 0.256387 0.308235 -0.054756 -0.116008 -0.190258 -0.078271 -0.107838 -0.153339 -0.057193 -0.201360 -0.188067 -0.028567 -0.054255 -0.015947 -0.169238 -0.168037 -0.010461 -0.014867 0.173383 0.091641 -0.040875 -0.132725 0.124536 -0.138311 -0.267314 -0.259055 -0.101494 -0.242228 -0.096328 -0.263946 0.071485 -0.377332 0.198066 0.150417 0.123279 0.169751 0.265208 0.189887 0.059447 0.061784 0.349811 0.278689 -0.276631 -0.333809 -0.431018 -0.121653 -0.143215 -0.236482 0.225084 0.157676 0.262471 0.188426 0.265152 0.121121 0.194080 0.042921 -0.143408 -0.372605 -0.058642 -0.282005 -0.262948 -0.054329 -0.060961 -0.102620
-0.376930 -0.329552 0.197636 0.700722 -0.089551 -0.000213 -0.235109 0.120799 -0.036049 0.147092 -0.116821 -0.191176 0.259704 0.249517 0.020134 -0.177260 -0.260878 -0.388844 0.020497 -0.264243 0.192052 0.045712 0.830065 1.000000 0.118020 0.115417 -0.222246 0.125729 -0.273964 -0.175624 0.311363 0.110251 -0.287028 -0.331266 -0.029402 -0.073887 0.031656 0.036743 -0.077374 -0.175370 0.156032 -0.067531 -0.286703 -0.269936 -0.287157 -0.381871 -0.116703 -0.344721 0.161651 -0.229828 0.505008 0.040936 0.402847 0.336050 0.054789 -0.158545 -0.295070 -0.098670 -0.230284 -0.028278 -0.153592 -0.209980 -0.261690 0.000580 -0.048585 0.020040 -0.168576 -0.081215 -0.085940 0.092163 0.211828 0.095780 -0.130693 -0.031328 0.034738 -0.139041 -0.217218 -0.140111 -0.134315 -0.227333 -0.130870 -0.273180 0.107349 -0.350904 0.222166 0.215852 0.096890 0.206558 0.262474 0.213825 0.064167 0.008209 0.339495 0.202257 -0.223204 -0.281200 -0.278756 -0.056430 -0.059384 -0.309820 0.247963 0.128471 0.247031 0.187250 0.310365 0.091620 0.159998 -0.004954 -0.134266 -0.160110 0.007341 -0.233562 -0.154420 -0.074243 -0.036206 -0.065609
-0.411389 -0.309192 -0.041828 0.228807 0.378312 0.775126 -0.502810 -0.149207 0.541677 0.342120 -0.543425 -0.482467 -0.274260 -0.003893 0.631064 0.709862 -0.299220 -0.304298 -0.024621 -0.198880 0.599112 0.719688 0.141366 0.118020 1.000000 0.788321 0.019530 -0.014547 -0.175238 0.325098 0.505998 -0.150904 -0.305349 -0.452937 -0.077068 -0.085647 -0.326093 0.416603 -0.118447 0.219779 -0.503109 0.652161 0.111334 -0.042085 0.222430 0.134511 -0.259705 -0.184102 0.121727 0.166537 0.173723 -0.036595 -0.091172 -0.198034 -0.091109 -0.409394 -0.339955 -0.125244 -0.337653 0.015079 -0.335914 -0.348863 -0.054251 -0.120611 0.021196 -0.086373 -0.044728 -0.073696 -0.002857 -0.037830 0.190552 0.018621 0.490320 0.211551 0.118761 0.462324 -0.486362 -0.162106 0.129156 -0.058127 -0.130733 -0.252595 -0.088228 -0.059910 0.029236 -0.242573 -0.124789 -0.119926 -0.258707 -0.142287 -0.251054 -0.402366 -0.327909 -0.232525 -0.257971 -0.107880 -0.118314 -0.160520 -0.165242 -0.289636 0.026630 0.024009 -0.265944 -0.251713 -0.326985 -0.009823 0.134380 -0.104758 -0.248026 -0.072857 -0.015677 -0.525844 -0.097545 -0.079466 -0.063422 0.006946
-0.298252 -0.323288 -0.073256 0.089836 0.025567 0.664870 -0.453598 -0.295950 0.126808 0.040004 -0.501876 -0.441970 -0.336265 -0.060366 0.335013 0.555880 -0.270538 -0.094225 -0.047558 -0.272545 0.163253 0.610758 0.011949 0.115417 0.788321 1.000000 0.071276 0.117693 -0.170649 0.300310 0.422467 0.132727 -0.234201 -0.332652 0.034113 0.008733 -0.270422 0.342827 -0.118678 0.233471 -0.422323 0.545962 0.076634 0.014347 0.164806 0.122442 -0.156274 -0.042869 0.080407 0.135268 0.177327 0.028476 -0.096873 -0.099756 -0.115729 -0.308218 -0.227920 0.004020 -0.404872 -0.016355 -0.282913 -0.341993 0.104165 -0.129135 0.137335 0.002908 -0.117328 -0.037149 -0.027383 -0.069610 -0.061075 0.017820 0.317451 0.232128 -0.026344 0.344169 -0.400990 -0.220117 0.163317 0.088760 -0.074582 0.008778 -0.094724 0.023988 0.041392 -0.152058 -0.046695 -0.055511 -0.248793 -0.156137 -0.227797 -0.318642 -0.270530 -0.211018 -0.157937 -0.110434 -0.003729 -0.137246 -0.020823 -0.164706 0.130055 0.043264 -0.220773 -0.227247 -0.105699 -0.003798 0.230173 -0.140862 -0.141223 0.088343 0.188168 -0.354163 -0.092487 -0.130529 -0.090671 -0.017012
-0.081287 0.153692 -0.111636 0.040789 0.367422 0.306972 0.020768 0.076220 0.034671 0.062650 -0.042889 0.000184 -0.160720 -0.315494 0.202365 0.267241 -0.066086 -0.131378 0.058469 0.125526 0.129540 0.106647 -0.207398 -0.222246 0.019530 0.071276 1.000000 0.495270 -0.095438 -0.014984 -0.408440 -0.305247 0.034924 0.055044 0.056325 0.035891 0.139478 -0.010545 0.380540 0.240774 0.111958 0.104105 0.158714 0.074938 0.099410 0.141281 0.056272 -0.000799 -0.090041 0.202943 0.149352 -0.002151 0.048029 -0.080430 0.243060 0.253875 -0.119711 0.135016 0.039027 0.097037 -0.141471 0.132654 -0.031043 0.036180 -0.119981 0.064187 0.109445 -0.010145 0.160898 0.023433 -0.148940 -0.276095 -0.289199 0.077790 -0.163282 -0.042690 0.068384 -0.041714 -0.031546 -0.377446 -0.044091 -0.136840 0.197865 0.157701 0.100910 -0.095725 0.173259 -0.069287 0.248511 0.178911 -0.147933 -0.053851 -0.004840 -0.060150 0.399317 0.287351 0.125596 -0.074538 -0.112743 0.057080 -0.115241 -0.114217 -0.097399 0.050002 -0.121452 -0.037295 -0.040236 0.068925 0.163693 -0.022493 -0.072509 -0.156301 -0.117268 -0.156838 -0.062150 0.094538
0.050392 0.039743 0.016129 0.292276 0.031076 0.195977 0.007626 -0.002465 -0.225020 -0.030915 -0.154519 -0.156975 -0.050046 -0.237230 0.083401 0.149718 -0.131379 -0.291497 0.225269 0.161652 0.035570 0.045470 0.097237 0.125729 -0.014547 0.117693 0.495270 1.000000 -0.227017 -0.003580 -0.139210 -0.201184 -0.096433 -0.120404 -0.059129 0.063081 0.039370 -0.060933 0.278749 0.157766 0.181426 0.086482 0.007206 -0.067000 -0.080034 -0.057191 0.024339 -0.044085 0.047905 -0.019600 0.160808 0.056652 0.192179 0.229651 0.334499 0.185704 -0.031448 0.097240 0.024367 0.165695 -0.104390 -0.022859 -0.020659 -0.018034 -0.099646 -0.034459 0.060146 0.012091 0.265240 0.227824 -0.144285 -0.359393 -0.347424 0.006927 -0.204057 -0.237431 -0.211016 -0.165992 -0.065348 -0.211959 -0.076896 -0.111305 0.218135 0.256471 0.130085 -0.035047 0.285169 0.141749 0.443366 0.296351 0.029211 0.118099 0.220636 0.109986 0.078193 0.135466 0.049345 -0.035193 0.026436 -0.041201 0.089616 0.071801 -0.023438 0.165313 -0.002447 0.150054 0.094083 0.157592 0.133506 -0.099189 0.031514 -0.118403 0.003182 -0.309316 -0.130276 0.089807
0.001731 0.141748 -0.229387 -0.401082 -0.141077 -0.285220 0.027759 -0.204647 -0.045337 -0.194998 0.273780 0.388608 0.132585 0.149805 0.037485 -0.045338 0.294769 0.516135 0.074767 0.166767 -0.162666 -0.081869 -0.256586 -0.273964 -0.175238 -0.170649 -0.095438 -0.227017 1.000000 0.144071 0.082096 0.229083 0.129088 0.132623 -0.133398 -0.244264 0.070622 -0.110178 -0.079114 -0.106406 -0.020061 -0.065672 0.060554 -0.031302 -0.132723 -0.061111 -0.045675 -0.029439 -0.208505 -0.057995 -0.184065 -0.218600 -0.122899 -0.041359 -0.105527 -0.069746 -0.056371 0.000793 -0.158698 -0.353646 -0.055254 0.004251 0.083503 0.019421 -0.061452 -0.125734 -0.216540 -0.354557 -0.146715 -0.262537 0.300397 0.204921 0.486068 0.118177 0.362835 -0.132030 0.414296 0.157834 0.322053 0.248705 0.566480 0.283254 0.310141 0.236318 0.209433 0.127995 0.052884 0.049415 -0.198049 -0.162526 -0.206429 -0.081343 -0.064031 -0.019395 0.124274 -0.071971 -0.032038 -0.072478 0.005777 -0.017123 0.076923 -0.005137 -0.026031 -0.129040 -0.046386 -0.304060 -0.089964 -0.222039 -0.033205 0.149388 -0.191664 0.091896 0.062653 0.061331 -0.211758 -0.424864
-0.202477 -0.288110 -0.354122 -0.194375 -0.126756 0.296574 -0.407190 -0.292585 0.240725 0.155094 -0.079874 0.130680 -0.071330 0.230820 0.496962 0.618765 0.092733 0.244977 -0.110411 -0.144370 0.113718 0.416595 -0.240047 -0.175624 0.325098 0.300310 -0.014984 -0.003580 0.144071 1.000000 0.064331 -0.073602 -0.231631 -0.158953 -0.158063 -0.096563 0.187996 0.700342 0.192514 0.413915 -0.314482 0.536854 -0.176354 -0.304416 -0.220054 -0.228287 -0.106409 -0.140569 -0.347054 -0.321717 -0.361116 -0.285417 -0.137523 -0.161883 0.199838 -0.111615 -0.153438 -0.275565 -0.165609 -0.216636 -0.073617 -0.187001 -0.092375 -0.007968 0.083431 -0.200948 -0.278997 -0.370022 -0.108032 -0.145098 0.188760 0.043537 0.327897 0.733188 0.130801 0.397277 -0.108050 0.283349 0.324387 0.372820 -0.054118 0.071968 -0.083301 0.440468 -0.044154 0.162905 -0.193731 -0.095788 -0.059964 0.131859 -0.268174 -0.418956 -0.336132 -0.391048 0.266259 0.409864 0.230283 0.211947 -0.013503 -0.158877 -0.191328 -0.122018 -0.268341 -0.059281 -0.198260 -0.006413 0.078093 0.020699 0.088997 0.433705 0.030161 -0.077963 0.176933 0.126097 0.071177 0.024950
-0.356797 -0.391829 0.348124 0.202402 0.121916 0.081011 -0.158929 0.025010 0.230085 -0.054491 -0.302540 -0.323487 -0.115563 0.021276 0.175601 0.177532 -0.245475 -0.270875 0.020756 -0.292695 0.404502 0.367355 0.330440 0.311363 0.505998 0.422467 -0.408440 -0.139210 0.082096 0.064331 1.000000 0.505064 -0.211841 -0.170518 -0.083256 -0.030264 -0.332738 -0.004075 -0.430338 -0.229606 -0.347343 0.090251 0.086221 0.140404 0.167385 0.162964 -0.188076 -0.144995 0.337800 0.137047 0.140586 0.148319 -0.012662 0.033776 -0.370431 -0.372405 -0.259806 -0.183682 -0.226058 -0.096555 -0.129632 -0.256758 -0.108427 -0.198958 0.045313 0.144406 -0.107277 0.024422 -0.129452 -0.048828 0.387389 0.331316 0.419538 -0.039396 0.256415 0.148270 -0.266423 0.025874 -0.159870 0.061030 -0.165029 -0.180809 -0.183028 -0.208296 -0.142569 -0.210829 -0.208442 -0.114983 -0.357360 -0.211001 -0.113138 -0.138329 -0.073452 0.080391 -0.413251 -0.359483 -0.466815 -0.260304 -0.318448 -0.395782 0.182003 0.238466 -0.089621 -0.122292 0.016527 0.040456 0.199034 -0.182543 -0.206915 -0.268880 -0.061301 -0.312389 -0.243626 -0.064759 -0.132548 -0.157165
-0.091054 -0.253367 0.306181 -0.164907 -0.242677 -0.333849 0.178910 0.031943 -0.264366 -0.294970 0.073762 0.044270 -0.121996 -0.044062 -0.332733 -0.279848 0.013980 0.172071 -0.029760 -0.195718 -0.248828 -0.067663 0.055424 0.110251 -0.150904 0.132727 -0.305247 -0.201184 0.229083 -0.073602 0.505064 1.000000 -0.012050 0.297690 0.208028 0.223781 -0.114272 -0.298306 -0.311561 -0.326366 -0.068762 -0.306608 0.126187 0.346850 0.098030 0.269612 0.143756 0.077162 0.219745 0.156231 0.014291 0.119937 -0.064492 0.055713 -0.349118 -0.152276 0.010050 -0.044096 -0.086704 -0.268046 0.070504 -0.108164 -0.031724 -0.261071 0.155808 0.352466 -0.243483 0.088376 -0.254872 -0.048298 -0.053164 0.336487 0.057098 -0.174219 0.041989 -0.111332 0.115765 0.016773 -0.220574 0.281394 -0.082813 0.202636 -0.187080 -0.017517 -0.276250 -0.134193 -0.121041 -0.041265 -0.241894 -0.301449 -0.004816 0.017350 0.050390 0.120441 -0.082899 -0.264004 -0.237736 -0.229652 -0.116612 -0.199896 0.141369 0.035951 0.029285 -0.119697 0.304536 -0.050391 0.210399 -0.227121 -0.007180 -0.029513 0.104664 0.121708 -0.195510 -0.003726 -0.046818 -0.205433
0.403018 0.543323 -0.147620 -0.251902 -0.036917 -0.219232 0.227153 0.045847 -0.224405 -0.180429 0.004701 0.013665 -0.150635 -0.331238 -0.265147 -0.283201 0.167728 0.237079 0.208074 0.249840 -0.368799 -0.405059 -0.180309 -0.287028 -0.305349 -0.234201 0.034924 -0.096433 0.129088 -0.231631 -0.211841 -0.012050 1.000000 0.590250 -0.000269 -0.038094 -0.172385 -0.488033 -0.093472 -0.198436 0.193237 -0.344364 0.160370 0.090214 0.110322 0.055672 -0.080411 0.111280 -0.016292 0.055932 0.057887 0.070393 -0.160032 -0.109775 -0.298919 0.159592 0.416230 0.485967 0.153527 0.122220 0.329616 0.442833 0.520540 0.461946 0.094133 0.012540 0.429220 0.132072 0.445316 0.081760 -0.533152 -0.285228 -0.070483 -0.350244 0.038873 -0.165386 0.020642 -0.335719 -0.006851 -0.071350 0.223698 0.146417 -0.004240 -0.127490 0.084937 -0.090407 0.178947 0.038593 -0.131328 -0.185458 -0.031429 0.187832 0.030756 0.276961 -0.059940 -0.139614 -0.164911 -0.015743 -0.012498 0.339056 0.201170 0.110539 0.346395 0.090971 0.130562 -0.174443 -0.161400 -0.103971 -0.072367 -0.215014 -0.005692 0.136053 -0.107797 -0.058513 -0.215560 -0.100867
0.142193 0.347179 0.128535 -0.275467 -0.021409 -0.357207 0.365064 0.303793 -0.153633 -0.127046 0.216960 0.245104 -0.026542 -0.328911 -0.325916 -0.284973 0.207112 0.162920 0.003347 0.164940 -0.375387 -0.472255 -0.333572 -0.331266 -0.452937 -0.332652 0.055044 -0.120404 0.132623 -0.158953 -0.170518 0.297690 0.590250 1.000000 0.180010 0.318459 -0.137234 -0.427979 -0.045716 -0.136279 0.077897 -0.354860 0.127339 0.284890 0.068627 0.256137 0.121313 0.372406 0.136057 0.144817 -0.171307 0.179691 -0.199529 -0.138160 -0.242529 0.054791 0.135259 0.259559 0.241633 0.042865 0.155561 0.346545 0.100699 0.184523 0.046730 0.423726 0.168398 0.314775 0.107896 0.157885 -0.430765 -0.327550 -0.272860 -0.380966 -0.145117 -0.243934 0.177961 -0.060690 -0.204368 -0.045738 -0.000729 0.107290 -0.093579 0.041513 -0.127970 -0.174459 0.054796 -0.019772 -0.076746 -0.200120 0.048481 0.177693 -0.072254 0.060390 0.065805 -0.017209 -0.021734 -0.037493 -0.051081 0.063669 0.003028 -0.006585 0.076399 -0.052083 0.000523 -0.180986 -0.295180 -0.294777 0.115479 0.009380 0.235107 0.292210 -0.150134 0.038047 -0.007832 -0.042668
0.015747 -0.164344 0.170901 -0.161565 0.018266 -0.072383 0.110023 -0.022263 -0.024090 -0.164241 -0.060514 -0.153337 -0.116471 -0.185644 -0.085448 -0.065908 -0.100518 -0.102250 -0.168387 -0.238966 -0.244073 -0.313045 0.048152 -0.029402 -0.077068 0.034113 0.056325 -0.059129 -0.133398 -0.158063 -0.083256 0.208028 -0.000269 0.180010 1.000000 0.711747 -0.037942 -0.039818 -0.151957 -0.181497 0.086991 -0.079440 0.084728 0.343860 -0.023240 0.162443 0.314088 0.161732 0.115437 -0.055660 -0.047138 0.059382 -0.234445 -0.031866 -0.137129 -0.047507 0.145364 0.016069 0.300487 -0.076742 0.126744 -0.020500 0.115070 -0.085348 0.230236 0.361632 0.034009 0.140982 -0.105663 -0.048057 -0.293822 -0.082263 -0.145083 -0.093102 -0.072158 -0.020531 0.003970 -0.148329 -0.105434 -0.027329 -0.111531 0.038633 -0.168746 -0.039414 -0.133142 -0.128232 -0.161524 -0.022165 -0.099657 -0.069094 -0.020043 0.045027 -0.146655 -0.159609 0.053186 0.028907 0.201919 0.192715 0.097338 0.049772 -0.250138 -0.179240 -0.009052 -0.171195 -0.090677 -0.305274 -0.021805 -0.165068 0.104992 0.193085 0.437512 0.117757 -0.228138 0.062823 0.170251 -0.070322
-0.006983 -0.078482 0.235776 -0.018509 0.039318 -0.039344 0.164757 0.192747 0.000235 -0.046100 -0.103571 -0.158945 -0.173343 -0.266096 -0.033685 -0.040097 -0.027312 -0.209598 -0.041190 -0.111497 -0.228878 -0.310909 0.060402 -0.073887 -0.085647 0.008733 0.035891 0.063081 -0.244264 -0.096563 -0.030264 0.223781 -0.038094 0.318459 0.711747 1.000000 -0.080563 -0.046621 0.009855 -0.038244 0.125033 -0.107347 0.147123 0.382468 0.012949 0.223221 0.321794 0.326662 0.418813 0.005776 -0.113844 0.207043 -0.156026 0.008858 -0.123168 -0.085379 0.045070 -0.009918 0.394812 0.008706 0.131355 -0.015239 -0.000060 -0.152826 0.022785 0.420397 -0.080113 0.241788 -0.054080 0.100987 -0.413446 -0.289086 -0.291017 -0.201365 -0.120527 -0.075708 -0.164483 -0.239438 -0.130406 -0.006813 -0.247491 -0.057492 -0.172943 0.001913 -0.218641 -0.238488 -0.175964 -0.137936 0.009838 -0.081518 0.122902 0.155065 -0.081029 -0.103362 -0.034055 -0.012448 0.076923 0.049537 0.002205 -0.098952 -0.133239 -0.057347 -0.061247 -0.087827 -0.080468 -0.104592 -0.030156 -0.198570 0.017729 0.025651 0.457765 0.061725 -0.296897 -0.051675 0.140776 0.042432
