1.000000 0.183861 0.289882 0.136158 -0.245742 0.017954 0.225524 0.140071 -0.037779 -0.162335 0.313804 0.215379 0.131566 0.042738 0.098822 0.037741 -0.058657 -0.049116 0.537001 0.164435 -0.314697 -0.033458 0.148840 -0.038531 -0.237782 0.071232 -0.054234 0.237666 0.153871 0.001138 0.150481 0.240306 0.441650 0.464370 0.123890 0.119670 0.008951 -0.236197 0.082008 -0.092675 -0.010951 0.125299 -0.057160 -0.003975 0.051919 0.045156 0.021607 -0.152586 -0.101224 -0.056112 0.091735 -0.127716 0.005724 -0.125829 -0.251831 -0.069067 0.447120 -0.089168 0.372005 -0.151206 0.395636 0.120813 0.139408 -0.099338 0.371167 0.073661 0.307061 -0.091680 0.401079 -0.070348 -0.122143 -0.124466 0.001158 -0.016127 0.063557 -0.111649 0.236534 0.000612 0.108736 -0.041545 -0.096517 0.124037 0.185509 0.100688 0.063215 0.114299 0.063379 -0.130016 0.057987 -0.155977 -0.301103 -0.082062 -0.177833 -0.177221 -0.083602 -0.083358 -0.164130 -0.127854 -0.366330 -0.044696 -0.013096 0.218088 -0.244358 -0.385789 -0.321939 -0.361137 -0.349992 -0.289769 -0.132868 -0.071176 -0.188475 -0.183861 -0.213776 -0.289728 -0.345546 -0.361678
0.183861 1.000000 0.137233 0.061016 -0.293768 -0.087023 0.106976 -0.127662 -0.160869 -0.345726 0.175295 0.337435 0.296100 -0.081216 -0.261462 -0.200619 -0.138097 0.312977 0.248234 0.347619 -0.169671 -0.029740 -0.053166 -0.011428 -0.262934 0.036292 -0.154970 0.155460 0.028021 0.044067 -0.023708 0.063483 0.354039 0.350340 0.044022 0.054082 -0.018802 -0.076810 -0.104673 0.064934 -0.036153 0.102867 0.096531 0.054349 0.090708 0.023607 0.129144 0.155920 0.035285 0.007078 0.165385 0.140049 0.058495 0.013012 -0.304842 -0.098831 0.074140 0.631770 -0.031996 0.030697 -0.086591 -0.013626 0.074335 0.168222 0.032366 -0.184524 0.161943 -0.001362 0.160749 0.135969 -0.135199 -0.213427 -0.074882 -0.113912 -0.007381 -0.158558 0.032898 -0.004633 0.083705 0.207243 -0.015459 0.199030 0.128401 0.168761 0.108086 0.063091 0.094235 -0.148615 -0.172412 -0.280153 -0.070271 -0.142818 -0.169801 -0.242863 0.064865 -0.058615 0.101914 -0.101719 -0.138394 -0.155966 0.067842 0.230561 -0.063962 -0.337716 -0.228690 -0.317814 -0.163116 -0.292501 0.170465 0.181015 0.098143 0.112236 -0.121007 -0.277748 -0.308945 -0.336835
0.289882 0.137233 1.000000 0.201478 0.061237 0.124452 0.879706 0.168127 -0.121322 -0.214927 -0.022991 0.098459 0.360622 0.045462 -0.124817 -0.067457 -0.169964 0.104195 0.690738 0.399230 0.039645 0.107666 0.583845 0.255094 -0.115226 0.209006 -0.021742 0.319364 0.064599 -0.074400 0.085329 0.175220 0.245798 0.446950 0.294931 0.392794 -0.028275 -0.309434 0.177438 -0.003274 -0.271384 0.180032 -0.089413 0.007669 0.020106 0.017349 -0.219666 -0.056575 -0.068964 -0.116641 0.176272 -0.063110 -0.289138 -0.371737 -0.428005 -0.336215 -0.153787 0.170805 0.192128 0.123262 0.260338 0.126510 0.230270 0.231726 0.389332 0.210790 0.268710 0.405979 -0.060912 0.376029 -0.129346 -0.210536 0.033621 -0.313503 -0.038743 -0.217986 -0.046026 -0.302725 -0.141792 0.051886 -0.115479 0.154952 0.239407 0.194405 -0.196240 0.035427 -0.025008 -0.453751 0.030122 -0.508207 -0.101177 -0.030209 -0.106830 -0.256237 -0.191749 -0.356781 -0.279744 -0.077368 -0.559672 -0.271640 0.057840 0.391377 -0.235410 -0.559514 -0.476513 -0.562560 -0.239051 -0.412018 0.126518 -0.066480 0.043862 -0.190311 -0.434616 -0.595722 -0.648051 -0.564213
0.136158 0.061016 0.201478 1.000000 -0.146746 0.275614 0.204675 0.174516 -0.611234 -0.284548 -0.020613 0.422640 0.272387 -0.071409 -0.153282 -0.222136 -0.104146 0.024596 0.102027 -0.055704 0.130748 0.182532 0.294371 0.620139 -0.078904 0.498438 0.006487 0.101455 -0.064424 0.089052 0.228688 0.565728 0.104264 0.176162 0.198076 0.042966 -0.060940 0.046711 0.029856 0.057858 0.003751 0.112072 -0.017458 0.097437 0.085001 0.211058 -0.066630 -0.027776 -0.201364 -0.042150 -0.057765 -0.134081 -0.046780 -0.019309 -0.242638 0.005884 0.033156 -0.201670 -0.170526 -0.264650 0.037651 -0.136793 -0.023293 0.100399 0.345358 0.171694 -0.193768 0.054913 0.016758 -0.164771 0.113076 0.114593 0.079171 0.191134 0.199204 0.132959 0.214213 0.167549 -0.164560 -0.029311 0.037303 -0.145963 -0.001008 -0.167129 0.070513 0.089190 0.141180 -0.041015 0.013192 -0.172159 -0.428819 -0.298730 -0.150515 -0.239371 -0.192757 -0.146760 -0.166765 0.099995 -0.411041 -0.043281 -0.146296 0.035502 -0.210302 -0.304589 -0.216870 -0.278083 -0.232185 -0.158934 -0.042250 -0.179527 -0.063818 -0.106181 -0.211780 -0.280339 -0.283597 -0.248531
-0.245742 -0.293768 0.061237 -0.146746 1.000000 0.367232 0.147524 0.217975 0.425637 0.564170 0.086167 -0.115797 0.164014 0.194197 0.081726 0.240600 -0.054123 -0.182988 -0.190931 0.050084 0.226757 -0.040132 0.149332 0.218540 0.443895 -0.025014 0.202285 0.107158 -0.324093 -0.288649 -0.077194 -0.156083 -0.395057 -0.292139 -0.179070 0.037711 -0.267918 -0.233488 -0.261687 -0.381868 -0.215001 -0.037110 -0.023737 0.032230 -0.097855 -0.154279 -0.164199 0.121009 0.339431 0.035876 0.132502 0.199386 -0.206412 -0.091898 -0.067425 -0.215110 -0.219631 -0.074292 0.099839 0.363267 -0.032215 0.278036 -0.219248 -0.198130 -0.193766 0.213455 -0.074959 0.337750 -0.416025 0.323076 0.109558 0.188783 -0.267840 -0.140260 -0.288966 0.063722 -0.283207 -0.005369 -0.221677 -0.135032 0.052430 -0.097163 -0.208233 -0.179855 -0.244768 -0.203971 -0.239297 -0.313785 -0.102383 -0.064754 0.203969 0.113171 0.037233 0.062885 0.035550 -0.262242 0.046310 -0.152559 0.037186 -0.184659 -0.079747 -0.039238 0.100204 0.048902 0.056535 0.009608 0.126077 0.034902 -0.002511 -0.023885 0.143620 0.023991 0.074355 -0.025649 0.053537 0.012547
0.017954 -0.087023 0.124452 0.275614 0.367232 1.000000 0.135186 -0.266673 -0.010456 0.086779 0.144519 0.149244 0.217934 -0.113006 0.222845 0.091100 -0.242492 -0.263155 -0.146442 -0.126084 0.052324 0.033402 0.358786 0.549095 0.201051 0.443778 0.528176 0.572517 -0.330507 -0.297538 -0.182210 0.001630 -0.301353 -0.197634 0.080007 0.128662 -0.003667 0.060262 0.005025 -0.210089 -0.001089 -0.154256 -0.318020 -0.247529 -0.303514 -0.159889 0.042762 -0.147136 0.003564 -0.352876 0.289563 -0.061754 -0.020067 0.053205 -0.063786 -0.237594 -0.039077 -0.104785 0.091768 0.046724 -0.103742 -0.040730 -0.484435 -0.280155 0.206405 0.082342 -0.155588 0.297124 -0.097117 0.203923 -0.028003 0.072924 -0.299153 -0.073299 -0.227310 -0.183523 -0.280328 0.002840 -0.214847 0.026572 -0.055844 -0.174406 -0.063715 -0.330925 0.318274 0.237932 -0.125093 -0.053549 0.201155 0.032925 0.117632 -0.011205 0.333054 -0.019719 0.255950 -0.222765 0.001254 -0.275837 0.011844 -0.289932 0.076308 -0.056328 -0.017222 0.094172 -0.127630 0.013911 0.009825 -0.107959 0.022234 0.125688 -0.092886 -0.312479 0.047953 -0.207733 -0.134040 -0.173314
0.225524 0.106976 0.879706 0.204675 0.147524 0.135186 1.000000 0.162829 -0.107302 -0.145140 -0.028468 0.148469 0.485705 0.101297 -0.142967 -0.046643 -0.108810 0.180825 0.513670 0.256573 0.032525 0.166145 0.543605 0.365990 -0.081194 0.219421 -0.091699 0.257653 0.067631 -0.049806 0.030663 0.141615 0.125719 0.322514 0.228286 0.299813 -0.026172 -0.282871 0.207603 -0.021774 -0.308086 0.167692 -0.065886 -0.014966 -0.006057 -0.048215 -0.255492 -0.101361 0.022936 -0.106137 0.171805 -0.047120 -0.227379 -0.312344 -0.360914 -0.213787 -0.150586 0.195491 0.212178 0.157455 0.325835 0.268310 0.259031 0.231155 0.337219 0.163828 0.190592 0.284686 -0.154841 0.262548 -0.044784 -0.138042 0.117437 -0.231597 0.063826 -0.160189 -0.017775 -0.333284 -0.127453 0.049415 -0.099800 0.036783 0.139222 0.144237 -0.175405 -0.063225 0.017866 -0.392164 0.032678 -0.395456 -0.134187 -0.087007 -0.128618 -0.249245 -0.283950 -0.402868 -0.335715 -0.008686 -0.544765 -0.135724 0.056005 0.349755 -0.246010 -0.543581 -0.460236 -0.522244 -0.194683 -0.300257 0.042710 -0.226657 -0.029006 -0.151360 -0.288297 -0.543164 -0.598004 -0.519893
0.140071 -0.127662 0.168127 0.174516 0.217975 -0.266673 0.162829 1.000000 0.037457 0.367455 -0.015468 0.021300 -0.080531 0.484069 -0.150988 0.204833 0.066516 -0.108877 0.118913 0.318502 0.129468 0.126170 0.080117 -0.029520 0.077473 -0.150579 -0.171372 -0.071439 -0.046458 -0.090133 0.378615 0.310249 0.054452 0.346462 -0.299989 0.047635 -0.336812 -0.473897 -0.104146 0.012627 -0.144636 0.260635 0.077975 0.250458 0.226174 0.113804 -0.399511 0.162790 0.171553 0.245548 -0.207566 0.137226 -0.363760 -0.337883 -0.423528 -0.132922 -0.104180 -0.139438 0.078934 0.280396 0.132393 0.426707 0.175643 -0.001144 -0.156597 0.434095 -0.070951 0.139676 -0.352463 0.065680 0.161659 0.181886 -0.010650 -0.081739 0.004522 0.255263 0.015516 -0.042557 -0.083853 -0.319422 0.048953 -0.000098 0.095956 0.244284 -0.488602 -0.281056 -0.048786 -0.319202 -0.040865 -0.248557 -0.168629 -0.145843 -0.316201 -0.183569 -0.354661 -0.264740 -0.247728 0.099462 -0.381465 0.020129 -0.184667 0.167864 0.046430 -0.358862 -0.029169 -0.302508 -0.167105 -0.111932 -0.076573 -0.250166 0.117831 0.207435 -0.110826 -0.149672 -0.181088 -0.208046
-0.037779 -0.160869 -0.121322 -0.611234 0.425637 -0.010456 -0.107302 0.037457 1.000000 0.537638 0.254165 -0.129518 -0.173959 0.304674 0.453479 0.487927 0.169674 -0.151505 0.012270 -0.033845 -0.079818 -0.188317 -0.141814 -0.401407 0.275203 -0.382697 0.184515 -0.096026 0.129274 -0.061046 -0.076946 -0.263597 -0.021647 -0.077309 -0.216223 -0.070846 -0.103921 -0.182957 -0.100954 -0.279284 0.024400 -0.096016 -0.064207 -0.066166 -0.043867 -0.160034 -0.145346 -0.082946 0.168307 -0.065601 0.228921 -0.010118 -0.049878 -0.136275 0.133705 -0.121644 -0.159099 -0.057611 0.022292 0.112694 -0.016047 0.291111 -0.131695 -0.211537 0.009022 0.139698 0.030490 0.060122 -0.057365 0.038124 0.036571 0.147739 -0.052961 -0.015614 -0.148731 -0.007697 -0.133183 -0.037038 0.100015 -0.048643 -0.111382 -0.013859 -0.030745 -0.037963 0.016716 -0.099160 -0.098402 -0.088252 0.003921 0.137072 0.130061 0.088101 -0.003325 0.137231 -0.016586 0.081104 0.026021 -0.116379 0.138948 -0.033610 -0.105199 -0.085004 -0.085876 0.159682 0.103361 0.135430 0.062542 0.131184 -0.035655 -0.006409 0.012108 -0.132063 0.130576 0.248410 0.231597 0.156559
-0.162335 -0.345726 -0.214927 -0.284548 0.564170 0.086779 -0.145140 0.367455 0.537638 1.000000 -0.053509 -0.157804 -0.325328 0.508181 0.278753 0.508414 0.053416 -0.130334 -0.216745 0.088146 0.260873 0.136484 -0.082084 -0.074239 0.498974 -0.132782 -0.072053 -0.014287 -0.045992 -0.162729 0.251266 -0.003213 -0.421688 -0.307300 -0.550591 -0.241571 -0.271737 -0.245051 -0.204594 -0.200362 -0.259336 -0.017529 -0.164953 -0.085617 -0.094216 -0.191882 -0.330502 0.031673 0.178997 0.086940 -0.077750 0.098757 -0.186061 -0.105557 -0.080668 -0.153382 -0.165210 -0.095399 -0.040898 0.224331 -0.201558 0.230829 -0.194315 -0.195161 -0.288737 0.097350 -0.243055 0.022119 -0.377013 0.123699 0.474706 0.562069 0.029175 -0.008426 -0.042391 0.361279 -0.170275 -0.012143 0.064824 -0.280694 0.035954 -0.101140 -0.035378 0.029593 -0.192341 -0.239691 -0.097718 -0.030523 -0.045307 0.058391 0.208237 0.148542 0.129659 0.092833 -0.174658 -0.281986 -0.204921 -0.121355 0.081560 -0.002400 -0.158276 -0.008270 0.171372 0.108088 0.121094 0.130461 0.078399 0.178156 -0.254224 -0.267431 0.015340 -0.002270 0.239155 0.115582 0.175905 0.116310
0.313804 0.175295 -0.022991 -0.020613 0.086167 0.144519 -0.028468 -0.015468 0.254165 -0.053509 1.000000 0.070055 0.403489 0.216318 0.330925 0.220998 0.224528 -0.288224 0.037615 -0.175026 -0.303289 -0.027170 0.156101 0.027463 0.136611 0.089839 0.156912 0.263536 -0.068745 -0.090426 0.095177 0.192956 0.154159 0.068085 -0.165869 -0.161854 -0.235884 -0.148969 -0.133534 -0.079598 -0.044376 -0.040874 -0.023436 -0.084267 -0.072836 -0.195387 -0.010199 -0.162809 0.120542 -0.236003 0.288699 -0.140938 0.147006 -0.007040 0.003277 0.078776 0.148398 -0.066637 0.018272 -0.212826 0.081774 -0.014204 -0.229873 -0.167057 0.258081 -0.159166 -0.009072 -0.120900 0.121246 -0.146893 -0.121204 -0.066221 -0.121749 0.000423 -0.014793 -0.063507 -0.176434 -0.190392 -0.084005 0.083157 -0.154142 0.005728 -0.129012 -0.194867 0.259944 0.105996 -0.087664 -0.108678 -0.023289 0.070741 -0.268916 -0.238230 -0.171436 -0.072168 0.023634 0.133188 -0.045719 0.066714 -0.036128 -0.009098 -0.181890 -0.220093 -0.179739 -0.015728 -0.042195 -0.009999 -0.071300 -0.076918 -0.099978 0.195520 -0.130394 -0.196886 -0.029103 0.087417 0.068852 0.042543
0.215379 0.337435 0.098459 0.422640 -0.115797 0.149244 0.148469 0.021300 -0.129518 -0.157804 0.070055 1.000000 0.422602 0.264813 -0.009627 -0.071510 -0.276201 0.423131 0.167091 0.014588 -0.105924 0.111542 0.164458 0.334145 -0.186083 0.221022 -0.090077 0.196221 0.190221 0.166178 0.264004 0.478244 0.264895 0.275091 -0.056778 -0.278191 -0.057698 -0.063849 0.098442 -0.036567 0.078227 0.058792 -0.033281 0.014702 0.091758 0.019053 0.085108 -0.115447 -0.029581 -0.173883 0.100635 -0.107259 -0.035040 0.010377 -0.152846 0.002201 -0.102478 -0.042199 -0.088400 -0.316930 0.005754 0.150732 -0.023035 -0.053563 0.231761 0.064137 -0.051044 -0.170415 -0.043614 -0.196942 0.242919 0.206955 0.172916 0.064870 0.253939 0.051785 0.224174 0.046059 0.083771 -0.159470 -0.017183 -0.013263 0.267285 0.116307 0.290848 -0.039492 0.370926 0.041521 0.114034 -0.131875 -0.292715 -0.127231 -0.143467 -0.164448 -0.072060 -0.163698 -0.031921 -0.045690 -0.331439 -0.039834 -0.101027 0.214276 -0.333881 -0.408321 -0.211821 -0.287005 -0.308418 -0.209828 -0.072998 -0.013747 -0.035097 -0.188343 -0.080454 -0.252102 -0.217525 -0.284406
0.131566 0.296100 0.360622 0.272387 0.164014 0.217934 0.485705 -0.080531 -0.173959 -0.325328 0.403489 0.422602 1.000000 0.038632 -0.048455 -0.218489 -0.262566 0.144079 0.207188 0.097662 -0.135150 0.003905 0.416129 0.439902 0.104612 0.376757 -0.003133 0.265966 -0.006362 -0.105726 0.101506 0.287071 0.021634 0.137265 0.035748 -0.013312 -0.074390 -0.198063 0.048582 -0.167628 -0.089235 0.039424 -0.002711 -0.043144 -0.043912 -0.167413 0.009675 -0.099107 0.167850 -0.170127 0.198142 -0.014608 -0.027950 -0.007012 -0.176980 -0.065120 -0.198571 0.183980 0.040843 -0.030859 0.072047 0.049122 0.000534 -0.014268 0.178954 -0.216736 0.038570 0.037261 -0.131693 0.104263 -0.013089 -0.141976 0.050731 -0.125150 0.110405 -0.148387 -0.043463 -0.225474 -0.166052 0.024686 -0.055192 -0.050974 -0.056275 -0.097970 0.090656 -0.165072 0.104920 -0.269561 -0.133716 -0.311224 -0.189901 -0.124997 -0.223750 -0.083341 0.036864 -0.200781 -0.025103 -0.033997 -0.293928 -0.113912 -0.080543 0.243123 -0.301138 -0.316840 -0.155552 -0.247655 -0.051065 -0.124408 0.068497 0.066117 -0.091617 -0.105424 -0.228376 -0.286880 -0.287922 -0.279219
0.042738 -0.081216 0.045462 -0.071409 0.194197 -0.113006 0.101297 0.484069 0.304674 0.508181 0.216318 0.264813 0.038632 1.000000 0.255839 0.514500 0.161253 0.027893 -0.053770 0.068505 0.168975 0.341184 0.175704 0.059830 0.326163 0.109888 -0.332092 0.070812 0.181567 -0.017838 0.574481 0.397053 -0.191964 -0.016038 -0.554627 -0.325876 -0.346129 -0.396935 -0.050525 -0.037415 -0.262471 0.090271 -0.083513 0.001404 -0.105538 -0.257684 -0.430096 -0.113581 0.164197 -0.110106 -0.009469 -0.024682 -0.187962 -0.152203 -0.186734 0.021155 -0.129311 -0.097281 -0.078000 -0.064903 -0.079828 0.341561 -0.057257 -0.130405 -0.092754 0.083478 -0.276053 -0.161007 -0.356287 -0.168804 0.594282 0.557608 0.288571 0.005628 0.285819 0.384785 -0.013489 -0.249985 0.040527 -0.324123 -0.067976 -0.075091 0.094421 0.055996 -0.066068 -0.208277 0.106901 -0.018248 0.065010 -0.013026 -0.241382 -0.145493 -0.229069 -0.173325 -0.461248 -0.326145 -0.425665 0.166166 -0.310053 0.242283 -0.320566 0.103693 -0.031263 -0.180019 -0.066227 -0.113234 -0.258869 -0.037412 -0.347403 -0.248515 -0.103309 -0.049775 0.085784 -0.027434 0.006998 -0.062790
0.098822 -0.261462 -0.124817 -0.153282 0.081726 0.222845 -0.142967 -0.150988 0.453479 0.278753 0.330925 -0.009627 -0.048455 0.255839 1.000000 0.538581 0.143203 -0.227044 0.030546 -0.314323 0.026920 0.069586 0.192268 -0.096135 0.274782 0.085717 0.339420 0.223374 0.301126 0.129978 0.175484 0.145140 -0.190240 -0.238899 -0.079623 -0.231377 0.179038 0.004497 0.076039 -0.237136 0.012437 -0.211682 -0.261429 -0.320587 -0.261467 -0.249394 -0.023023 -0.481253 -0.205528 -0.327688 0.191624 -0.275745 0.202355 0.017856 0.176536 -0.019847 -0.128215 -0.290197 -0.118457 -0.337348 -0.076881 -0.084223 -0.209225 -0.176076 0.273608 -0.137352 -0.186901 -0.246789 0.083176 -0.293164 0.166222 0.193457 0.212652 0.170793 0.147908 0.079485 -0.011465 -0.101180 0.007220 -0.014797 -0.082626 -0.092375 0.049596 -0.263619 0.492293 0.153242 -0.038966 0.210062 0.216449 0.275312 -0.043504 -0.018508 0.186931 0.037092 -0.103271 0.104413 -0.250985 -0.098658 0.097882 0.005357 -0.147449 -0.182451 -0.172534 0.232642 0.024631 0.253265 -0.042103 0.190239 -0.272403 -0.059071 -0.364514 -0.336522 0.209719 0.203681 0.197220 0.115843
0.037741 -0.200619 -0.067457 -0.222136 0.240600 0.091100 -0.046643 0.204833 0.487927 0.508414 0.220998 -0.071510 -0.218489 0.514500 0.538581 1.000000 0.428618 -0.182046 0.024949 -0.053770 0.163030 0.219699 0.056371 -0.112183 0.263843 -0.135587 0.127950 0.080848 0.323637 0.268745 0.100035 0.043813 -0.078960 -0.140377 -0.052947 -0.072085 0.084586 -0.081123 0.089258 -0.058650 0.008017 0.081886 -0.035702 -0.046974 -0.050734 -0.228634 -0.083805 -0.136494 -0.026045 -0.058283 0.132130 -0.069836 0.036818 -0.090395 -0.052401 0.072613 -0.000444 -0.293210 -0.125833 -0.083059 -0.057287 0.226806 0.051881 0.094548 -0.066233 0.099137 -0.149043 -0.204573 -0.031513 -0.223417 0.137860 0.244144 0.154305 0.221834 0.042669 0.137042 0.012242 0.033361 0.078886 0.005046 0.169141 0.122978 0.103020 0.062883 0.210396 0.285003 -0.219318 -0.034786 0.020707 0.125478 -0.087473 -0.129312 0.067294 -0.215112 -0.251543 -0.136495 -0.324133 0.035016 -0.149778 0.118177 -0.122125 -0.045247 -0.001795 -0.045289 -0.211924 -0.094007 -0.242723 -0.124845 -0.269540 -0.082445 -0.234921 -0.085482 0.189429 -0.018899 -0.025854 -0.117304
-0.058657 -0.138097 -0.169964 -0.104146 -0.054123 -0.242492 -0.108810 0.066516 0.169674 0.053416 0.224528 -0.276201 -0.262566 0.161253 0.143203 0.428618 1.000000 -0.047982 -0.056723 -0.236663 -0.006500 0.093304 -0.279668 -0.217734 -0.058978 -0.366828 -0.012843 -0.359981 0.354542 0.512010 -0.192701 -0.125514 0.200013 -0.063609 0.062033 -0.034995 -0.016099 0.127106 -0.042785 0.110881 0.103228 0.263722 0.282167 0.188457 0.140929 0.028551 -0.049811 -0.070597 -0.035937 0.033587 0.095830 -0.173821 0.140937 -0.117266 0.064759 0.361964 0.451390 -0.234024 -0.029646 -0.123053 0.260500 0.115737 0.397518 0.346515 -0.049342 0.016931 -0.029302 -0.316069 0.173614 -0.355773 -0.055025 0.040212 0.237385 0.510271 0.201760 0.212012 0.279022 0.153401 0.325862 0.299583 0.377873 0.202522 -0.192968 0.033545 0.124703 0.180456 -0.315063 -0.031099 -0.052430 0.200633 -0.354487 -0.460332 -0.336254 -0.356873 -0.329577 0.230849 -0.160435 0.287962 -0.085375 0.271003 -0.260484 -0.305751 -0.063175 0.055144 -0.048147 -0.007209 -0.067443 0.005344 -0.066080 -0.227321 -0.136525 0.011470 -0.055500 0.107515 0.063912 0.073139
-0.049116 0.312977 0.104195 0.024596 -0.182988 -0.263155 0.180825 -0.108877 -0.151505 -0.130334 -0.288224 0.423131 0.144079 0.027893 -0.227044 -0.182046 -0.047982 1.000000 0.192338 0.107318 -0.002573 0.256458 -0.154038 0.069636 -0.227768 0.050456 -0.404272 -0.072782 0.448155 0.417710 0.155114 0.207472 0.291921 0.194931 0.012388 -0.189236 0.111679 -0.115582 0.170014 0.103276 -0.111126 0.166243 0.225183 0.192110 0.142617 0.037613 0.047988 0.003708 -0.053525 0.027374 0.057917 -0.028300 -0.015898 -0.101511 -0.108633 0.049177 -0.095379 0.364304 -0.082002 -0.106800 0.091673 0.033141 0.383691 0.327055 -0.105938 -0.119532 0.191242 -0.181760 -0.047808 -0.063179 0.348937 0.186500 0.485002 0.132107 0.433667 0.192989 0.406648 -0.051750 0.396873 0.309668 0.342325 0.390914 0.232476 0.286603 0.115194 -0.167274 0.389226 0.101921 0.032995 -0.183562 -0.189352 -0.157993 -0.328546 -0.241050 -0.152702 -0.158796 0.087643 -0.058908 -0.256035 -0.081016 -0.075637 0.241538 -0.199693 -0.411885 -0.247263 -0.330890 -0.267456 -0.242025 0.074592 -0.205241 0.081698 0.102370 -0.242028 -0.264529 -0.287887 -0.312902
0.537001 0.248234 0.690738 0.102027 -0.190931 -0.146442 0.513670 0.118913 0.012270 -0.216745 0.037615 0.167091 0.207188 -0.053770 0.030546 0.024949 -0.056723 0.192338 1.000000 0.497114 -0.051763 -0.034606 0.258787 -0.083667 -0.301209 -0.066097 -0.014194 0.114245 0.380195 0.216510 0.125345 0.206193 0.519429 0.577796 0.266946 0.254653 0.135251 -0.247883 0.143616 -0.060040 -0.009343 0.241567 -0.103733 -0.028555 0.032605 0.011490 -0.094752 -0.160261 -0.322706 -0.066845 0.052511 -0.236636 -0.164040 -0.394796 -0.373592 -0.294078 -0.015187 0.091897 0.165879 -0.083145 0.287385 0.062643 0.423175 0.321542 0.422640 0.102684 0.394952 0.047009 0.253075 0.145787 -0.167462 -0.211592 0.143544 -0.084273 0.026231 -0.148017 0.193461 -0.068679 0.089170 0.094731 0.015869 0.353435 0.430359 0.370804 0.026712 0.114888 0.025672 -0.297463 -0.011708 -0.434663 -0.190466 -0.042104 -0.161709 -0.225630 -0.202524 -0.142746 -0.303879 -0.128511 -0.528044 -0.248626 0.034274 0.393573 -0.396004 -0.525171 -0.392141 -0.472106 -0.236874 -0.315447 0.083629 -0.106974 -0.103539 -0.202823 -0.434929 -0.484325 -0.528306 -0.463367
0.164435 0.347619 0.399230 -0.055704 0.050084 -0.126084 0.256573 0.318502 -0.033845 0.088146 -0.175026 0.014588 0.097662 0.068505 -0.314323 -0.053770 -0.236663 0.107318 0.497114 1.000000 0.086927 -0.027271 0.081496 0.018228 -0.127743 -0.073516 -0.113508 0.076163 0.029456 -0.112574 0.071823 0.044296 0.141977 0.487349 -0.054539 0.394274 -0.061289 -0.311762 -0.177148 -0.076595 -0.144324 0.251638 -0.106570 0.011837 -0.041032 -0.172451 -0.169156 0.302032 -0.028581 0.066891 -0.247730 0.109699 -0.477949 -0.256747 -0.601890 -0.553603 -0.105161 0.377296 0.136432 0.311089 -0.138183 0.079408 0.164353 0.275160 -0.149672 -0.025556 0.107911 0.255543 -0.118287 0.641505 -0.079501 -0.100188 -0.163028 -0.278102 -0.185964 -0.087141 -0.117720 0.008256 -0.087249 -0.032310 0.152971 0.314620 0.249482 0.443387 -0.312998 -0.094918 -0.131412 -0.429177 -0.291603 -0.638114 0.341138 0.203355 -0.013756 -0.163467 0.110694 -0.322615 -0.094530 -0.291434 -0.280490 -0.356979 0.095317 0.421457 0.057069 -0.354837 -0.227658 -0.413769 -0.172346 -0.365286 0.261124 0.155678 0.162268 0.195482 -0.323284 -0.435827 -0.401536 -0.394173
-0.314697 -0.169671 0.039645 0.130748 0.226757 0.052324 0.032525 0.129468 -0.079818 0.260873 -0.303289 -0.105924 -0.135150 0.168975 0.026920 0.163030 -0.006500 -0.002573 -0.051763 0.086927 1.000000 0.564818 0.122761 0.204590 0.259694 0.238385 -0.001761 0.097356 -0.098937 0.054666 0.267035 0.182152 -0.404527 -0.274782 -0.147821 -0.013984 0.141256 0.138685 0.169437 0.212407 0.062976 0.285307 -0.116277 -0.009694 -0.196323 -0.077915 -0.301416 0.072611 -0.148600 0.017146 -0.126409 0.010022 -0.243736 -0.077104 -0.202017 0.053086 -0.055170 -0.004808 -0.174539 0.011867 -0.253102 -0.087796 -0.062659 0.093428 -0.074124 0.053020 -0.282614 0.075839 -0.159439 0.076180 0.450152 0.462794 0.159649 0.096357 0.121940 0.443540 0.005402 -0.011715 -0.092114 -0.076735 -0.001630 0.057917 0.111436 -0.035661 -0.088768 0.167342 -0.027144 0.061004 0.008262 -0.129300 -0.039451 -0.026570 0.058637 -0.148905 -0.280234 -0.319700 -0.373089 0.270825 -0.262167 0.265456 -0.039030 0.207813 0.103797 -0.059614 -0.061818 -0.031901 0.083169 0.148973 -0.058152 -0.092031 0.102991 0.274231 0.013970 -0.130382 -0.015577 -0.050450
-0.033458 -0.029740 0.107666 0.182532 -0.040132 0.033402 0.166145 0.126170 -0.188317 0.136484 -0.027170 0.111542 0.003905 0.341184 0.069586 0.219699 0.093304 0.256458 -0.034606 -0.027271 0.564818 1.000000 0.291233 0.346358 0.173073 0.516542 -0.272729 0.348532 0.020783 0.132402 0.442555 0.473202 -0.157961 -0.114122 -0.226071 -0.195686 0.068567 -0.016975 0.456549 0.499473 -0.100846 0.400997 -0.141099 -0.051487 -0.249014 -0.208108 -0.344523 -0.111946 -0.215708 -0.232634 -0.004135 -0.146033 -0.283231 -0.128175 -0.251579 0.290590 0.070261 0.061563 -0.145524 -0.242190 -0.110490 -0.138599 -0.066635 0.033928 0.078363 -0.028517 -0.234501 -0.105673 0.058329 -0.097994 0.552904 0.536628 0.348845 0.133160 0.462703 0.545198 0.157730 -0.210580 0.032598 0.191317 0.060627 0.228693 0.204584 -0.003272 0.154688 0.269704 0.210418 0.185509 0.256071 -0.076504 -0.345063 -0.218476 -0.142587 -0.326774 -0.358534 -0.287538 -0.435635 0.493885 -0.543265 0.431636 -0.101104 0.193853 -0.123218 -0.300438 -0.236243 -0.236625 -0.131883 -0.074780 -0.112030 -0.145308 -0.003653 0.159854 -0.138287 -0.242161 -0.178009 -0.197660
0.148840 -0.053166 0.583845 0.294371 0.149332 0.358786 0.543605 0.080117 -0.141814 -0.082084 0.156101 0.164458 0.416129 0.175704 0.192268 0.056371 -0.279668 -0.154038 0.258787 0.081496 0.122761 0.291233 1.000000 0.559043 0.337559 0.605425 0.047833 0.562060 -0.163726 -0.223326 0.395853 0.483661 -0.146165 0.146531 0.101432 0.196346 -0.062249 -0.090474 0.279335 0.042995 -0.156656 0.104256 -0.303207 -0.135306 -0.193231 -0.038253 -0.226344 -0.060110 -0.107941 -0.213159 0.107853 -0.124632 -0.320870 -0.119874 -0.370113 -0.130002 -0.216530 0.008178 -0.091716 -0.186205 -0.091975 -0.094542 -0.230805 -0.066911 0.470682 0.106621 -0.266697 0.247678 -0.071697 0.134730 0.075214 0.067622 -0.007089 -0.201631 0.044681 -0.021160 -0.134897 -0.139418 -0.267367 -0.095975 -0.267436 -0.011531 0.191376 -0.062788 0.039287 0.081474 0.101171 -0.126047 0.155480 -0.295019 -0.149831 0.018736 0.088239 -0.183810 -0.046104 -0.371867 -0.345055 0.043114 -0.412805 -0.032075 0.026924 0.232744 -0.187217 -0.373476 -0.417536 -0.336106 -0.185672 -0.264336 -0.022865 0.040000 -0.027846 -0.119865 -0.185866 -0.426536 -0.389158 -0.362913
-0.038531 -0.011428 0.255094 0.620139 0.218540 0.549095 0.365990 -0.029520 -0.401407 -0.074239 0.027463 0.334145 0.439902 0.059830 -0.096135 -0.112183 -0.217734 0.069636 -0.083667 0.018228 0.204590 0.346358 0.559043 1.000000 0.227953 0.716830 0.019329 0.423275 -0.207773 -0.194753 0.181097 0.447053 -0.263933 -0.060059 0.031569 0.126702 -0.065700 0.001645 0.106268 0.038562 -0.179440 0.107803 -0.121980 -0.000107 -0.172565 -0.042307 -0.128012 0.095372 0.032452 -0.154049 0.101975 0.006103 -0.198966 0.098888 -0.297282 -0.058298 -0.010831 0.052608 -0.055350 -0.123903 -0.123481 -0.073360 -0.301739 0.082302 0.191130 0.099086 -0.317507 0.198598 -0.154232 0.103819 0.242694 0.238356 -0.031991 -0.078462 0.068613 0.055069 -0.060811 -0.001308 -0.219213 -0.003830 0.013618 -0.169297 -0.063388 -0.263506 0.032946 0.022744 0.069461 -0.085661 -0.044763 -0.278502 -0.149673 -0.208742 -0.039463 -0.297409 0.034665 -0.373454 -0.145049 0.060267 -0.337980 -0.022811 -0.037450 0.159064 -0.146942 -0.254779 -0.323409 -0.293838 -0.202498 -0.237439 -0.046403 -0.054389 0.032608 -0.021584 -0.098040 -0.438161 -0.328446 -0.323800
-0.237782 -0.262934 -0.115226 -0.078904 0.443895 0.201051 -0.081194 0.077473 0.275203 0.498974 0.136611 -0.186083 0.104612 0.326163 0.274782 0.263843 -0.058978 -0.227768 -0.301209 -0.127743 0.259694 0.173073 0.337559 0.227953 1.000000 0.361292 -0.000748 0.122613 -0.129256 -0.262425 0.395152 0.223421 -0.509547 -0.337723 -0.317878 -0.140517 -0.191190 -0.138940 -0.014664 -0.173605 -0.175300 -0.089125 -0.041538 0.044630 -0.057781 -0.052097 -0.202301 0.148469 0.171963 0.093722 0.056611 0.072188 -0.120189 0.101599 -0.058584 0.063799 -0.160109 0.028368 -0.187778 0.006507 -0.310416 -0.103528 -0.305749 -0.286137 -0.114575 -0.071630 -0.367989 0.125256 -0.289112 0.056448 0.427167 0.429390 0.124357 0.037317 0.116875 0.274354 -0.124466 -0.019950 0.004092 -0.165408 -0.077772 -0.196489 -0.304064 -0.286525 -0.072126 -0.173032 -0.071008 -0.074781 -0.139602 -0.101148 -0.064428 -0.082064 -0.073127 -0.030174 0.015852 -0.207149 -0.110412 0.087884 0.019914 0.134456 -0.201147 -0.030992 0.064749 0.077206 -0.013046 0.051194 0.072425 0.098775 -0.194772 -0.063973 -0.011902 0.085268 0.076881 0.074420 0.066554 0.084128
0.071232 0.036292 0.209006 0.498438 -0.025014 0.443778 0.219421 -0.150579 -0.382697 -0.132782 0.089839 0.221022 0.376757 0.109888 0.085717 -0.135587 -0.366828 0.050456 -0.066097 -0.073516 0.238385 0.516542 0.605425 0.716830 0.361292 1.000000 -0.116166 0.566981 -0.174437 -0.248233 0.482571 0.599761 -0.290861 -0.081654 -0.079765 -0.028804 -0.048066 -0.062612 0.274663 0.099870 -0.157072 0.014474 -0.259178 -0.117200 -0.261512 -0.064360 -0.163458 -0.049563 -0.131080 -0.295639 0.100163 -0.106263 -0.150741 0.097157 -0.216483 -0.003923 -0.090687 0.126553 -0.151552 -0.297435 -0.201944 -0.318790 -0.366608 -0.141552 0.335789 -0.092294 -0.342884 0.139612 -0.017103 0.058882 0.399643 0.326500 0.147947 -0.088614 0.309603 0.197997 -0.000804 -0.131475 -0.173492 0.071615 -0.148638 -0.102127 0.034710 -0.344309 0.176578 0.082782 0.315854 0.124113 0.126060 -0.181896 -0.248741 -0.133904 0.007149 -0.174128 0.005126 -0.310746 -0.203011 0.127496 -0.362151 0.122474 -0.021454 0.212169 -0.184195 -0.192775 -0.281361 -0.183243 -0.254308 -0.158660 -0.113768 0.009632 -0.053895 -0.101740 -0.156247 -0.297518 -0.228082 -0.218105
-0.054234 -0.154970 -0.021742 0.006487 0.202285 0.528176 -0.091699 -0.171372 0.184515 -0.072053 0.156912 -0.090077 -0.003133 -0.332092 0.339420 0.127950 -0.012843 -0.404272 -0.014194 -0.113508 -0.001761 -0.272729 0.047833 0.019329 -0.000748 -0.116166 1.000000 0.228499 -0.122126 -0.082062 -0.411789 -0.245214 -0.091665 -0.016636 0.226610 0.206402 0.138055 0.283004 -0.018985 -0.131936 0.298935 -0.109471 -0.178780 -0.220404 -0.164958 -0.036466 0.205027 -0.184219 -0.150803 -0.213926 0.154829 -0.156241 0.098621 -0.095497 0.183020 -0.136996 -0.037639 -0.151283 0.188054 0.059077 0.058324 0.037523 -0.164696 -0.118525 0.144054 0.193726 0.099281 0.154969 0.061795 0.118238 -0.390798 -0.298082 -0.322596 -0.037636 -0.359285 -0.385016 -0.271192 0.041040 -0.140495 0.037095 -0.040778 -0.173188 -0.009024 -0.116550 0.280497 0.264714 -0.258189 -0.080259 0.296948 0.162965 0.177110 -0.012647 0.276700 0.029501 0.291444 0.205544 0.045453 -0.172329 0.202285 -0.233841 0.091901 -0.230028 0.007171 0.233013 0.051612 0.153110 0.146848 0.018211 0.111961 0.247518 -0.167817 -0.206186 0.074436 0.060152 0.046832 0.043315
0.237666 0.155460 0.319364 0.101455 0.107158 0.572517 0.257653 -0.071439 -0.096026 -0.014287 0.263536 0.196221 0.265966 0.070812 0.223374 0.080848 -0.359981 -0.072782 0.114245 0.076163 0.097356 0.348532 0.562060 0.423275 0.122613 0.566981 0.228499 1.000000 -0.226785 -0.297856 0.258379 0.315063 -0.150181 0.079341 -0.054212 0.065534 -0.018084 -0.106403 0.218742 0.107579 -0.171226 0.088203 -0.252067 -0.138950 -0.160650 -0.080628 0.011896 -0.026434 -0.014564 -0.309943 0.305689 0.006047 -0.123515 0.016103 -0.315751 -0.103253 -0.056814 0.131269 0.077230 -0.068236 -0.104480 -0.098165 -0.373250 -0.193670 0.297013 -0.000309 -0.098447 0.213711 -0.088036 0.214673 0.103225 0.082174 -0.112398 -0.270880 0.018118 -0.046652 -0.203071 -0.194902 -0.153670 0.079534 -0.185791 0.090605 0.269014 -0.046149 0.255657 0.269043 0.103716 -0.004662 0.265039 -0.159583 -0.038088 -0.038823 0.169111 -0.230417 0.139811 -0.358073 -0.096070 -0.104577 -0.244909 -0.115413 0.114589 0.273905 -0.068568 -0.286074 -0.392389 -0.278923 -0.277503 -0.364866 -0.040727 0.155559 -0.014611 -0.094888 -0.067010 -0.408775 -0.338006 -0.412317
0.153871 0.028021 0.064599 -0.064424 -0.324093 -0.330507 0.067631 -0.046458 0.129274 -0.045992 -0.068745 0.190221 -0.006362 0.181567 0.301126 0.323637 0.354542 0.448155 0.380195 0.029456 -0.098937 0.020783 -0.163726 -0.207773 -0.129256 -0.174437 -0.122126 -0.226785 1.000000 0.699470 0.190602 0.198558 0.356994 0.234872 0.080072 -0.176122 0.374101 -0.005232 0.162631 -0.024272 0.127845 0.105039 0.119827 0.044901 0.112329 -0.033129 0.101521 -0.269667 -0.317175 -0.095805 -0.059807 -0.396328 0.141300 -0.160642 -0.012861 0.070219 0.038961 -0.049815 -0.042714 -0.345029 0.230850 0.101172 0.587825 0.466813 0.073282 -0.140389 0.200821 -0.479455 0.137575 -0.387151 0.208358 0.097484 0.764411 0.392364 0.508590 0.115358 0.561413 0.126597 0.565797 0.243258 0.458862 0.329423 0.204667 0.352871 0.255439 -0.006433 0.068796 0.099948 -0.098011 -0.117104 -0.281776 -0.302246 -0.265552 -0.340902 -0.220053 0.115417 -0.166441 -0.034830 -0.236945 0.037356 -0.144422 0.088005 -0.384730 -0.229651 -0.277454 -0.207189 -0.327520 -0.128878 -0.155102 -0.208771 -0.392535 -0.234629 -0.176480 -0.157544 -0.219564 -0.246916
0.001138 0.044067 -0.074400 0.089052 -0.288649 -0.297538 -0.049806 -0.090133 -0.061046 -0.162729 -0.090426 0.166178 -0.105726 -0.017838 0.129978 0.268745 0.512010 0.417710 0.216510 -0.112574 0.054666 0.132402 -0.223326 -0.194753 -0.262425 -0.248233 -0.082062 -0.297856 0.699470 1.000000 -0.022538 0.152773 0.381385 0.097961 0.290209 -0.174291 0.414891 0.363955 0.207590 0.136451 0.335338 0.248219 0.266743 0.114879 0.190645 0.058122 0.245099 -0.180541 -0.300634 0.051080 -0.073037 -0.288303 0.217528 -0.052284 0.036315 0.282775 0.149116 -0.250711 -0.203533 -0.390730 0.161442 -0.067337 0.512358 0.526318 0.025827 -0.114595 0.079542 -0.516004 0.275480 -0.491837 0.045978 0.104945 0.598165 0.695105 0.469146 0.240098 0.620761 0.365286 0.382021 0.409273 0.466282 0.433827 0.200933 0.295413 0.370462 0.280767 -0.000850 0.116192 -0.005726 0.028810 -0.316106 -0.304003 -0.192025 -0.323178 -0.282755 0.147909 -0.119172 0.090855 -0.225450 0.101555 -0.036906 -0.123363 -0.327791 -0.262650 -0.263520 -0.208099 -0.165305 -0.070289 -0.079864 -0.198269 -0.326896 -0.116127 -0.221105 -0.130095 -0.179766 -0.193734
0.150481 -0.023708 0.085329 0.228688 -0.077194 -0.182210 0.030663 0.378615 -0.076946 0.251266 0.095177 0.264004 0.101506 0.574481 0.175484 0.100035 -0.192701 0.155114 0.125345 0.071823 0.267035 0.442555 0.395853 0.181097 0.395152 0.482571 -0.411789 0.258379 0.190602 -0.022538 1.000000 0.820951 -0.099148 0.131164 -0.467232 -0.361747 -0.174691 -0.290240 0.142198 0.079126 -0.142686 0.119631 -0.126745 0.012282 -0.019651 -0.015606 -0.302248 -0.063537 -0.128498 -0.015857 -0.185145 -0.169132 -0.222739 -0.087749 -0.313015 0.032355 -0.145204 0.013604 -0.238328 -0.369659 -0.171302 -0.073875 -0.040592 -0.087650 0.188053 -0.014531 -0.259753 -0.187243 -0.172766 -0.196855 0.720595 0.596157 0.481327 0.004606 0.495614 0.509435 0.226295 -0.087554 0.116721 -0.256324 -0.151203 0.022470 0.222574 0.072464 -0.059606 -0.190003 0.343967 0.156449 0.001583 -0.225604 -0.397371 -0.137578 -0.211391 -0.183041 -0.281568 -0.296491 -0.349776 0.161298 -0.402591 0.204330 -0.202160 0.252738 -0.190563 -0.341340 -0.206284 -0.208439 -0.256410 -0.071473 -0.271545 -0.224196 -0.109882 0.014094 -0.112222 -0.136513 -0.130235 -0.160023
0.240306 0.063483 0.175220 0.565728 -0.156083 0.001630 0.141615 0.310249 -0.263597 -0.003213 0.192956 0.478244 0.287071 0.397053 0.145140 0.043813 -0.125514 0.207472 0.206193 0.044296 0.182152 0.473202 0.483661 0.447053 0.223421 0.599761 -0.245214 0.315063 0.198558 0.152773 0.820951 1.000000 0.091407 0.290671 -0.192654 -0.230233 -0.145569 -0.128732 0.210423 0.138047 -0.015561 0.235848 -0.063867 0.095141 0.068841 0.077733 -0.216892 -0.037906 -0.191857 -0.060847 -0.103437 -0.256637 -0.189431 -0.131112 -0.419003 0.062800 -0.090172 -0.077928 -0.191224 -0.439318 -0.054687 -0.118885 -0.009548 0.079295 0.334697 0.028701 -0.226423 -0.164424 -0.061136 -0.229244 0.550989 0.515049 0.431138 0.191621 0.540319 0.484895 0.348764 0.083411 0.041689 -0.077308 -0.083441 0.086765 0.210400 0.015244 0.103284 -0.053124 0.291912 0.037393 0.017030 -0.328995 -0.552287 -0.316780 -0.292494 -0.385424 -0.250886 -0.296950 -0.315974 0.152658 -0.575667 0.105944 -0.181562 0.257452 -0.367857 -0.524588 -0.388459 -0.411106 -0.345133 -0.225593 -0.212237 -0.159064 -0.145634 -0.060209 -0.246374 -0.372163 -0.345522 -0.363328
0.441650 0.354039 0.245798 0.104264 -0.395057 -0.301353 0.125719 0.054452 -0.021647 -0.421688 0.154159 0.264895 0.021634 -0.191964 -0.190240 -0.078960 0.200013 0.291921 0.519429 0.141977 -0.404527 -0.157961 -0.146165 -0.263933 -0.509547 -0.290861 -0.091665 -0.150181 0.356994 0.381385 -0.099148 0.091407 1.000000 0.754753 0.349535 0.150918 0.101316 -0.099443 0.063727 0.057936 0.157513 0.193785 0.175638 0.227099 0.346917 0.219752 0.103511 -0.029836 -0.146561 0.030655 0.099302 -0.217322 0.057802 -0.269003 -0.122713 -0.036617 0.166553 -0.004556 0.031955 -0.217919 0.357400 0.084606 0.473317 0.289805 0.234862 0.102204 0.430442 -0.098811 0.430466 -0.148918 -0.357685 -0.367350 0.094043 0.106129 0.099997 -0.171447 0.329493 0.124322 0.317339 0.243571 0.207632 0.362118 0.180116 0.306841 0.102932 0.054510 0.101610 -0.146266 -0.075114 -0.215777 -0.352356 -0.237067 -0.331508 -0.258570 -0.076682 0.204765 0.144785 -0.045955 -0.246405 -0.185162 -0.016839 0.033216 -0.263217 -0.384210 -0.260793 -0.364221 -0.321179 -0.348915 0.134851 0.052211 0.017797 -0.198861 -0.267305 -0.172680 -0.293709 -0.266199
0.464370 0.350340 0.446950 0.176162 -0.292139 -0.197634 0.322514 0.346462 -0.077309 -0.307300 0.068085 0.275091 0.137265 -0.016038 -0.238899 -0.140377 -0.063609 0.194931 0.577796 0.487349 -0.274782 -0.114122 0.146531 -0.060059 -0.337723 -0.081654 -0.016636 0.079341 0.234872 0.097961 0.131164 0.290671 0.754753 1.000000 0.195369 0.425768 -0.027056 -0.295091 0.080548 0.059641 0.098280 0.229843 -0.046802 0.181049 0.269084 0.206532 -0.170475 0.088359 -0.152493 -0.017546 -0.019851 -0.209975 -0.326991 -0.440305 -0.494754 -0.358523 -0.012188 0.215812 0.158148 -0.017051 0.270845 0.192369 0.362091 0.239418 0.291657 0.304562 0.309236 0.205630 0.136575 0.221589 -0.239357 -0.277054 0.025281 -0.139111 0.062505 -0.162818 0.183513 0.038692 0.221103 0.101114 0.111280 0.297807 0.269125 0.400224 -0.112165 -0.077572 0.104216 -0.355070 -0.093353 -0.541003 -0.256788 -0.208614 -0.325858 -0.334719 0.025353 -0.044916 -0.024651 -0.135759 -0.443559 -0.293240 0.008285 0.267456 -0.187868 -0.550811 -0.403963 -0.569309 -0.385765 -0.491890 0.215223 0.078529 0.116112 -0.082858 -0.367149 -0.426019 -0.526864 -0.481551
0.123890 0.044022 0.294931 0.198076 -0.179070 0.080007 0.228286 -0.299989 -0.216223 -0.550591 -0.165869 -0.056778 0.035748 -0.554627 -0.079623 -0.052947 0.062033 0.012388 0.266946 -0.054539 -0.147821 -0.226071 0.101432 0.031569 -0.317878 -0.079765 0.226610 -0.054212 0.080072 0.290209 -0.467232 -0.192654 0.349535 0.195369 1.000000 0.555075 0.320594 0.254861 0.128889 -0.044872 0.130522 -0.052590 0.221270 0.154855 0.270357 0.278358 0.347450 0.097249 -0.075150 0.116717 0.187757 0.072537 0.156733 0.138584 -0.022398 -0.008511 0.090397 -0.140846 0.057341 0.019674 0.236107 -0.060543 0.234270 0.343962 0.236277 0.168594 0.253444 0.173616 0.381742 0.001348 -0.568350 -0.521011 -0.126191 0.178108 -0.130301 -0.351574 0.206148 0.250392 -0.116590 0.295226 0.032096 0.156713 -0.068813 -0.079719 0.097802 0.356856 -0.221244 -0.250707 -0.092648 -0.110878 -0.064479 -0.038678 0.051024 -0.118454 0.200062 0.167230 0.253783 -0.114775 -0.075285 -0.264596 0.193669 -0.007792 -0.015963 -0.165282 -0.313439 -0.301780 -0.146455 -0.333343 0.334221 0.180797 0.069899 -0.007361 -0.193544 -0.218517 -0.312128 -0.280853
0.119670 0.054082 0.392794 0.042966 0.037711 0.128662 0.299813 0.047635 -0.070846 -0.241571 -0.161854 -0.278191 -0.013312 -0.325876 -0.231377 -0.072085 -0.034995 -0.189236 0.254653 0.394274 -0.013984 -0.195686 0.196346 0.126702 -0.140517 -0.028804 0.206402 0.065534 -0.176122 -0.174291 -0.361747 -0.230233 0.150918 0.425768 0.555075 1.000000 0.119851 -0.036103 0.033838 0.036289 0.018628 0.064920 -0.006089 0.222805 0.102744 0.223022 -0.159179 0.362139 -0.017827 0.100046 0.056324 0.176884 -0.368698 -0.147630 -0.442340 -0.410150 0.028489 0.195866 0.157000 0.379818 0.041779 0.024270 0.022712 0.153926 0.130031 0.416605 0.029414 0.659873 0.110676 0.550251 -0.500729 -0.396733 -0.383830 -0.216434 -0.375638 -0.332389 -0.101104 0.114219 -0.164540 0.191799 -0.000796 0.112006 -0.057175 -0.035169 -0.274283 0.213116 -0.259548 -0.504886 -0.224764 -0.426000 0.127102 0.006228 -0.024927 -0.144167 0.244054 -0.155008 0.136294 -0.168696 -0.199137 -0.356666 0.126511 0.190206 0.129277 -0.192055 -0.263699 -0.383237 -0.112857 -0.375657 0.476273 0.182062 0.397045 0.177717 -0.252787 -0.386001 -0.443806 -0.390712
