1.000000 0.267105 0.150406 -0.217007 0.147779 -0.194924 0.348995 0.163884 0.076342 0.042524 0.121866 -0.051549 0.130084 -0.127717 0.020804 -0.085853 -0.059298 0.021891 0.219476 0.193997 -0.089977 -0.273292 -0.236287 -0.423583 -0.180595 -0.425610 -0.121886 -0.123147 -0.041469 -0.076826 -0.402277 -0.444280 0.048497 0.135790 -0.258902 -0.051200 -0.210606 -0.045216 -0.126868 -0.303126 -0.136803 0.044553 -0.203444 -0.179173 -0.115225 -0.040485 -0.155917 0.090697 0.031521 0.001396 -0.337852 -0.124933 0.035680 -0.087305 -0.064882 -0.145993 0.647761 0.194551 0.321811 0.012460 0.386185 0.066438 0.248185 -0.030095 0.036820 0.072696 -0.095871 -0.104334 0.146545 0.057575 -0.155250 -0.237738 -0.007236 -0.069709 -0.018133 0.058328 -0.045810 -0.009746 -0.185891 0.011552 -0.220303 -0.117662 -0.122663 0.007715 -0.245580 -0.262277 -0.168493 -0.166274 0.095825 0.184160 0.071317 0.208321 0.025498 0.200517 0.023614 -0.030239 -0.163237 -0.205007 0.160787 0.216912 0.000376 0.315747 0.169319 0.135103 -0.076434 -0.030828 -0.066438 0.071979 -0.022341 -0.005352 0.069825 0.173549 -0.011256 0.050145 0.007948 -0.012672
0.267105 1.000000 -0.411945 -0.120430 -0.179036 -0.223978 -0.254279 -0.235528 -0.162294 -0.189477 -0.205743 -0.351054 -0.263320 -0.218926 -0.109576 -0.215395 0.360248 0.198328 0.156618 0.655478 -0.057952 -0.232550 -0.395971 -0.346444 -0.184790 -0.289535 -0.131380 -0.179470 0.003101 -0.135324 -0.230277 -0.265510 0.169195 0.227144 -0.317012 -0.335612 -0.170548 0.129503 0.044924 -0.174760 -0.084257 -0.090588 -0.223169 -0.232983 -0.068073 -0.246185 -0.056623 0.097728 -0.125809 -0.039483 -0.239122 -0.156096 -0.146318 -0.164982 -0.139616 -0.225603 0.462512 0.825630 0.096292 0.353602 -0.284497 -0.111741 0.358807 0.405227 -0.456044 -0.386463 -0.044291 -0.153647 0.471189 0.209491 -0.110177 -0.256175 -0.182560 -0.048740 -0.073122 -0.010403 0.014723 0.356928 0.119086 0.358417 0.304513 0.190840 0.042019 0.005519 -0.187384 -0.408968 0.083008 -0.103842 -0.155985 -0.036797 0.371816 0.055470 0.054589 0.089091 -0.053713 -0.122624 0.005977 -0.140957 0.584435 0.225880 -0.046064 0.187614 0.283380 0.294217 0.089450 0.149464 -0.112048 -0.075426 -0.046467 0.092534 0.058730 0.576803 0.247443 0.275882 0.029647 0.119228
0.150406 -0.411945 1.000000 0.233074 0.442472 0.306355 0.709092 0.425304 0.336905 0.187928 0.145012 0.113120 0.272481 0.022801 0.123518 0.112119 -0.385075 -0.413821 0.244144 -0.489210 0.066493 -0.071237 0.339941 -0.020385 0.310910 0.181222 0.252622 0.258090 -0.214730 -0.259655 0.006188 -0.125082 0.015812 0.034516 0.327167 0.390492 -0.467579 -0.431460 -0.382591 -0.121396 -0.060944 -0.150867 -0.041910 0.017850 -0.138523 0.155505 -0.095430 -0.059840 0.157781 -0.091344 0.054852 -0.060443 0.128603 -0.089442 -0.073620 -0.176993 -0.187513 -0.460789 0.384513 0.006136 0.558703 0.157139 -0.260087 -0.329094 0.601500 0.574786 0.367916 0.286530 -0.306979 -0.052028 -0.220800 -0.216407 -0.189166 -0.346814 -0.244109 -0.049615 -0.202491 -0.368113 -0.496273 -0.463086 -0.634103 -0.595366 -0.311453 -0.226557 0.048735 -0.073826 -0.328513 -0.187707 0.399077 0.011955 -0.208907 0.123118 0.103893 0.174336 0.182309 -0.133699 -0.131954 -0.244587 -0.298583 -0.419346 -0.055442 0.022002 0.006043 -0.127944 -0.234126 -0.203104 0.013982 0.003564 -0.108242 -0.100489 0.024741 -0.412401 -0.172828 -0.344822 -0.256818 -0.325637
-0.217007 -0.120430 0.233074 1.000000 -0.135424 0.291783 -0.017232 0.137240 -0.105324 -0.038744 0.209543 0.115481 0.072269 0.013950 0.072356 0.041520 -0.267828 -0.298305 0.037437 -0.227744 -0.022345 0.106305 0.503038 0.526076 0.120224 0.234778 0.261205 0.369520 -0.254849 -0.295120 0.154610 0.177209 -0.100627 -0.022296 0.254640 0.180566 -0.288237 -0.316579 -0.274223 -0.096874 -0.154700 -0.237489 0.094579 0.227059 0.067247 0.208977 0.051319 0.004356 -0.034635 0.015656 0.271386 0.009972 -0.008704 -0.086722 -0.180072 -0.151806 -0.408914 -0.217469 -0.102340 0.073944 0.030361 0.106102 -0.219892 -0.118857 0.314575 0.325110 0.079668 0.253379 -0.304159 -0.056831 -0.215279 0.000309 -0.285366 -0.161935 -0.122532 -0.127700 -0.202522 -0.240283 -0.108470 -0.190384 -0.242620 -0.197985 0.154525 0.084988 0.391464 0.403670 -0.036240 0.312329 0.155283 0.057172 -0.154125 -0.170908 0.124560 -0.000269 -0.052453 -0.275958 -0.103699 -0.269435 -0.228079 -0.459253 -0.090287 -0.393639 -0.159839 -0.128806 0.063393 -0.047070 -0.033658 -0.150538 -0.131035 -0.223943 -0.055968 -0.417858 -0.228564 -0.134599 -0.123624 -0.293739
0.147779 -0.179036 0.442472 -0.135424 1.000000 0.320622 0.525410 0.376728 0.685388 0.517023 0.032891 0.055711 0.174812 0.060493 0.476343 0.148169 -0.025177 -0.295098 0.086251 -0.086728 0.416201 0.044658 -0.078852 -0.118343 0.403074 0.083719 0.207571 -0.048326 0.049714 -0.164624 -0.251486 -0.209208 -0.156702 -0.108240 -0.162587 0.112325 -0.282166 -0.227097 -0.362553 -0.261939 -0.355114 -0.190935 -0.158565 -0.234935 -0.209189 -0.081793 0.027587 0.096160 0.144311 -0.007897 -0.185780 -0.013763 0.274931 0.182822 0.028352 -0.095284 -0.048405 -0.247461 0.352030 0.098416 0.348876 0.231106 -0.147892 -0.275975 0.168379 0.225922 0.032682 0.074994 -0.031249 0.214999 0.003604 -0.224819 -0.163660 -0.237700 -0.346959 -0.077957 -0.338683 -0.176970 -0.283617 -0.395535 -0.234885 -0.356389 -0.327174 -0.139117 0.069662 -0.274705 -0.257747 -0.239162 0.187836 0.265903 0.199832 0.224723 0.312702 0.406709 0.038471 -0.252720 -0.358794 -0.251156 0.015641 -0.227390 0.229210 0.227525 0.144273 0.113345 -0.310947 0.053496 0.008938 -0.020617 -0.077385 -0.030485 -0.149113 -0.097394 -0.013330 0.003638 -0.048260 -0.088857
-0.194924 -0.223978 0.306355 0.291783 0.320622 1.000000 -0.045018 -0.113988 0.151784 0.166083 -0.284105 -0.066827 -0.190397 -0.202546 -0.043973 0.021753 -0.287064 -0.297919 -0.222608 -0.280792 0.383173 0.458855 0.252318 0.255067 0.401352 0.581583 0.508843 0.698412 -0.494897 -0.413820 -0.064416 -0.018159 -0.207263 -0.319989 0.330830 0.298152 -0.208847 -0.156566 -0.280367 0.073174 -0.366353 -0.248523 0.186543 0.249025 0.041116 0.249171 0.188111 0.164317 0.240546 0.096320 0.327243 0.194085 0.197121 0.094060 0.250688 0.237996 -0.275429 -0.232053 0.044427 0.066157 0.043336 -0.088437 -0.424542 -0.429831 0.336983 0.223865 0.311664 0.414207 -0.035298 0.180172 -0.049602 -0.068944 -0.545189 -0.300138 -0.451018 -0.214899 -0.454665 -0.336018 -0.292200 -0.344809 -0.358485 -0.338296 -0.140311 -0.165247 0.312009 0.151395 -0.055455 0.136920 0.490887 0.439582 -0.061327 -0.118282 0.013406 0.032379 0.143199 -0.076465 -0.022473 -0.016895 -0.091015 -0.332422 -0.083343 -0.273670 -0.177435 0.071595 -0.129749 0.102169 0.081989 -0.102271 0.038117 -0.112475 0.160762 -0.353657 -0.116347 -0.234557 -0.081357 -0.138013
0.348995 -0.254279 0.709092 -0.017232 0.525410 -0.045018 1.000000 0.686193 0.509324 0.377461 0.201918 0.307113 0.454123 0.282892 0.251915 0.328318 -0.210055 -0.169260 0.220576 -0.282064 -0.040074 -0.279030 -0.115546 -0.275768 0.065156 -0.174102 -0.084722 -0.194724 0.069347 -0.013126 -0.182277 -0.220320 0.066922 0.150224 -0.134139 0.101221 -0.387697 -0.325453 -0.415245 -0.368788 -0.128825 -0.155308 -0.225923 -0.341067 -0.178459 -0.073923 -0.106843 -0.189670 0.038875 -0.124909 -0.201813 -0.179427 0.144824 -0.046580 -0.165017 -0.320108 0.006443 -0.362291 0.505983 0.071039 0.723153 0.452188 0.155342 0.052429 0.300964 0.476075 0.173767 -0.002262 -0.361573 -0.141544 -0.166016 -0.269698 -0.001127 -0.196842 -0.223855 -0.050227 -0.162070 -0.243569 -0.337153 -0.424149 -0.328550 -0.400020 -0.354107 -0.030713 -0.067460 -0.216105 -0.364414 -0.342539 0.143720 0.079983 -0.010511 0.154618 0.332638 0.285361 0.107484 -0.236711 -0.445871 -0.460579 -0.181295 -0.381686 0.104553 0.325164 0.198867 -0.079849 -0.288728 -0.178692 -0.073535 -0.014941 -0.264148 -0.124714 -0.293519 -0.316382 0.039865 -0.026627 -0.160132 -0.278368
0.163884 -0.235528 0.425304 0.137240 0.376728 -0.113988 0.686193 1.000000 0.472467 0.511754 0.249838 0.554193 0.474106 0.599452 0.212302 0.514822 -0.169478 -0.119132 -0.004450 -0.262687 -0.032680 -0.172524 -0.228782 -0.247989 -0.070470 -0.258055 -0.210339 -0.307487 0.125010 0.114591 -0.258418 -0.155277 -0.041407 0.067773 -0.266322 -0.003205 -0.210323 -0.224114 -0.403057 -0.339515 -0.121670 -0.191535 -0.215397 -0.316030 -0.170579 -0.125146 -0.124627 -0.218233 -0.179873 -0.200294 -0.240595 -0.278304 0.051652 -0.034230 -0.223106 -0.379180 -0.049295 -0.385055 0.366567 0.092794 0.574051 0.777416 0.111973 0.167674 0.087191 0.593303 -0.019150 -0.002611 -0.416750 -0.149349 -0.015419 -0.122875 0.056939 -0.032856 -0.078230 0.086930 -0.122867 -0.128013 -0.082463 -0.408027 -0.032175 -0.189712 -0.331539 0.018597 -0.022209 0.051039 -0.368348 -0.307763 0.078472 0.071838 0.013262 -0.016109 0.425587 0.177264 0.046483 -0.253815 -0.504658 -0.370244 -0.297482 -0.411286 0.238871 0.194509 0.225672 -0.039093 -0.135506 -0.111722 -0.080724 -0.172384 -0.241051 -0.174931 -0.508097 -0.437266 0.007355 -0.056810 -0.121812 -0.258175
0.076342 -0.162294 0.336905 -0.105324 0.685388 0.151784 0.509324 0.472467 1.000000 0.547107 0.078529 0.152251 0.071397 0.189451 0.484564 0.295749 0.200345 -0.253550 0.077623 -0.087243 0.227666 -0.043217 -0.121789 -0.152417 0.322615 -0.106231 0.016495 -0.239033 0.144625 -0.120933 -0.181081 -0.190161 -0.018551 -0.094411 -0.231303 -0.005713 -0.224388 -0.077382 -0.249657 -0.206072 -0.267774 -0.129403 -0.091356 -0.236679 -0.073059 -0.117289 -0.073024 -0.031348 0.059688 -0.019468 -0.216139 -0.061923 0.079880 0.103296 -0.127023 -0.161395 0.096934 -0.217057 0.186764 -0.031282 0.344028 0.360927 -0.098133 -0.106404 0.101473 0.208928 -0.074418 -0.010235 -0.100731 0.082399 -0.082451 -0.294653 -0.130600 -0.237666 -0.294131 -0.178854 -0.222301 -0.102494 -0.081204 -0.362619 -0.060289 -0.296253 -0.316034 -0.194797 0.061798 -0.247535 -0.262666 -0.285173 -0.010545 0.181823 0.198150 0.242414 0.423099 0.340216 -0.122773 -0.245440 -0.344137 -0.234099 0.053118 -0.057970 0.263204 0.370129 0.249729 0.214522 0.010659 0.029265 -0.063279 -0.032718 -0.192093 -0.096330 -0.256637 -0.100515 0.059960 0.143446 -0.066645 -0.109241
0.042524 -0.189477 0.187928 -0.038744 0.517023 0.166083 0.377461 0.511754 0.547107 1.000000 -0.049005 0.234296 0.133582 0.202549 0.208866 0.420125 -0.159738 -0.120006 -0.033034 -0.103302 0.102853 0.071166 -0.195091 -0.124537 0.305894 0.006289 -0.128314 -0.254613 0.013487 0.108645 -0.235690 -0.110175 -0.004312 -0.033304 -0.190372 -0.048710 -0.021325 -0.057487 -0.397787 -0.319135 -0.244336 -0.297770 0.067988 -0.119225 -0.093327 -0.022249 0.144773 -0.011967 -0.015176 0.034759 -0.086981 0.034116 0.197191 0.250092 -0.007913 -0.067856 -0.065261 -0.258871 0.240759 0.028956 0.296417 0.447829 -0.093846 -0.004947 0.072308 0.297719 -0.035457 0.024056 -0.211681 0.023525 0.095115 -0.116311 -0.072376 -0.064419 -0.255441 0.062383 -0.172358 -0.048286 -0.070533 -0.353867 -0.005872 -0.044512 -0.194039 0.072047 0.058244 -0.029109 -0.131428 -0.228584 0.105985 0.263966 0.046380 0.022835 0.283391 0.215598 0.007853 -0.212376 -0.499553 -0.271465 -0.180732 -0.251932 0.285147 0.077475 0.132925 0.103192 -0.149693 -0.110783 -0.121054 -0.210166 -0.249120 -0.027881 -0.349770 -0.342057 0.139011 0.167282 -0.072867 -0.166162
0.121866 -0.205743 0.145012 0.209543 0.032891 -0.284105 0.201918 0.249838 0.078529 -0.049005 1.000000 0.352047 0.507116 0.368183 0.474352 0.044495 0.164805 -0.085909 0.008521 -0.236753 0.003201 -0.158501 0.120175 0.056304 -0.181714 -0.171614 -0.193741 -0.206557 0.321382 0.127622 0.066233 -0.023431 -0.205495 -0.097407 -0.145958 0.018859 -0.081242 -0.165333 -0.097689 -0.169632 -0.055192 0.160864 -0.074747 0.027863 0.095000 0.057967 -0.073524 -0.075159 0.016746 0.062148 0.034247 -0.071884 0.048276 -0.122694 -0.149229 -0.127608 -0.094037 -0.292312 0.053511 -0.022998 0.254237 0.196673 0.217727 -0.049124 0.127188 0.257276 -0.160137 -0.127789 -0.357475 -0.220927 0.081523 0.220626 0.276586 0.117104 0.272605 0.183640 0.176231 -0.059918 -0.011000 -0.019827 -0.146119 -0.058369 -0.177984 -0.093968 0.181391 0.275484 -0.278665 -0.000683 -0.308485 -0.138063 -0.214180 0.017535 -0.045161 -0.055504 -0.169041 -0.051008 -0.091025 -0.116950 -0.119351 -0.078503 0.116317 -0.044650 -0.048993 -0.220379 -0.032548 -0.123350 0.102590 0.121566 -0.147706 -0.151844 -0.159690 -0.176959 -0.178255 -0.112511 -0.011814 -0.099653
-0.051549 -0.351054 0.113120 0.115481 0.055711 -0.066827 0.307113 0.554193 0.152251 0.234296 0.352047 1.000000 0.423871 0.674908 0.181478 0.526911 -0.058657 0.210120 -0.257566 -0.343118 -0.081691 0.124079 -0.116474 0.064927 -0.245412 -0.018626 -0.276195 -0.130627 0.281154 0.413723 -0.024727 0.191134 0.036529 -0.029581 -0.159804 -0.112884 0.131312 -0.108721 -0.225157 -0.092425 -0.086233 0.101275 -0.063797 -0.070715 -0.000367 -0.108706 0.072237 -0.313492 -0.162689 -0.102715 -0.020896 -0.178541 0.010978 -0.094385 -0.187532 -0.042023 -0.175178 -0.428434 -0.019863 -0.300287 0.351346 0.418641 0.143594 0.201614 0.059612 0.327557 -0.249527 -0.262496 -0.543526 -0.331512 0.196390 0.263491 0.324566 0.232897 0.209064 0.200162 0.109109 -0.165312 0.152156 -0.128173 0.192127 0.150194 -0.156033 0.131245 0.165451 0.379129 -0.147260 -0.009445 0.023351 -0.006468 -0.381431 -0.392624 0.143877 -0.215196 -0.015194 -0.041445 -0.291937 -0.079388 -0.457112 -0.358653 0.023147 -0.133237 -0.082668 -0.309777 0.019277 -0.263186 0.031791 -0.054592 -0.254375 -0.292804 -0.440742 -0.496271 0.002060 -0.173537 -0.068520 -0.177116
0.130084 -0.263320 0.272481 0.072269 0.174812 -0.190397 0.454123 0.474106 0.071397 0.133582 0.507116 0.423871 1.000000 0.506377 0.257632 0.332286 -0.188725 -0.099766 -0.227250 -0.400941 -0.177241 -0.228943 -0.083240 -0.211728 -0.296349 -0.186443 -0.273221 -0.298655 0.260096 0.107322 -0.163448 -0.192391 -0.066126 0.059835 -0.137979 0.078559 -0.104966 -0.149446 -0.264868 -0.273675 -0.043613 -0.068159 -0.047120 -0.113033 0.024832 -0.007026 0.061888 -0.117090 0.088999 -0.028357 0.046907 -0.132400 0.056626 0.013793 -0.031467 -0.241180 -0.230793 -0.378661 0.287130 0.115346 0.397989 0.343468 0.159495 0.035131 -0.013117 0.444143 0.185524 -0.003152 -0.302653 -0.203083 0.068065 0.054893 0.202144 -0.004393 0.052736 0.082738 0.111747 0.042421 -0.113021 -0.212431 -0.130075 -0.116183 -0.192302 -0.003289 0.091514 0.187106 -0.099240 -0.115479 -0.085288 -0.117482 -0.118195 -0.050463 0.082444 0.171190 0.090326 -0.132404 -0.206447 -0.209600 -0.297584 -0.352564 0.271237 0.133819 0.077577 -0.104579 -0.277732 -0.165753 -0.014807 -0.138605 -0.169684 -0.076864 -0.293185 -0.290095 -0.062742 -0.069968 -0.119395 -0.217889
-0.127717 -0.218926 0.022801 0.013950 0.060493 -0.202546 0.282892 0.599452 0.189451 0.202549 0.368183 0.674908 0.506377 1.000000 0.328126 0.610870 0.182373 -0.002426 -0.217621 -0.271465 -0.115549 -0.124715 -0.217636 -0.039850 -0.381089 -0.152639 -0.402606 -0.359367 0.400382 0.232348 -0.080511 0.024711 -0.122876 -0.090054 -0.344874 -0.188051 0.001838 -0.177538 -0.232638 -0.241013 -0.092542 -0.034958 -0.174729 -0.291359 -0.107510 -0.257195 -0.071983 -0.336255 -0.094921 -0.228054 -0.008390 -0.196300 0.104775 0.009968 -0.088171 -0.170976 -0.265280 -0.427152 0.244663 0.087382 0.224000 0.529001 0.256074 0.277020 -0.160868 0.251275 -0.015452 -0.158365 -0.284094 -0.202021 0.079846 0.091344 0.193580 0.033982 0.023465 -0.033229 0.039014 -0.057640 0.087836 -0.274192 0.220876 -0.021434 -0.145445 0.011535 0.204889 0.252142 -0.074195 -0.043297 -0.114474 -0.029518 -0.033777 -0.154144 0.230909 0.008906 -0.010564 -0.039339 -0.251103 -0.102366 -0.296184 -0.333838 0.275751 0.129516 0.103028 -0.168212 -0.005876 -0.046981 0.129456 0.018989 -0.215164 -0.193596 -0.510187 -0.368383 -0.003181 -0.011808 0.017158 -0.093329
0.020804 -0.109576 0.123518 0.072356 0.476343 -0.043973 0.251915 0.212302 0.484564 0.208866 0.474352 0.181478 0.257632 0.328126 1.000000 0.314682 0.326280 -0.269195 0.032872 -0.031765 0.260624 -0.093179 0.201695 0.196114 0.008152 -0.088261 0.005265 -0.249651 0.433897 -0.035251 -0.030393 -0.030899 -0.195993 -0.183107 -0.250229 -0.230344 -0.145143 -0.261282 -0.197591 -0.275085 -0.244994 0.026871 -0.080759 -0.132701 -0.117240 -0.251324 0.084443 -0.066845 0.102127 -0.014284 -0.038011 0.006481 0.238914 0.207386 -0.119427 -0.105127 -0.203428 -0.219990 0.047617 -0.089993 0.224540 0.155869 -0.027310 -0.102998 0.112626 0.001071 -0.255618 -0.267919 -0.136164 0.072794 -0.026287 -0.008426 0.036081 -0.130931 -0.030416 -0.118306 -0.091820 -0.180189 -0.046913 -0.211179 -0.098269 -0.233818 -0.009776 0.038284 0.404910 -0.042743 -0.015892 0.031974 -0.142460 0.009627 0.078423 0.269099 0.273764 0.333374 -0.181834 -0.177433 -0.248266 -0.144659 0.041384 -0.168316 0.240970 0.090725 0.090140 -0.028718 -0.026665 -0.016281 0.026469 0.110746 -0.145393 -0.193746 -0.268657 -0.091812 -0.039434 0.045100 -0.001972 -0.044813
-0.085853 -0.215395 0.112119 0.041520 0.148169 0.021753 0.328318 0.514822 0.295749 0.420125 0.044495 0.526911 0.332286 0.610870 0.314682 1.000000 0.022986 -0.081567 -0.172125 -0.201953 -0.189907 -0.008651 -0.197571 0.063361 -0.264906 -0.041119 -0.267963 -0.205348 0.312196 0.321538 -0.078458 0.111516 -0.018503 -0.012281 -0.248078 -0.199146 -0.007879 -0.187052 -0.349751 -0.225655 -0.124694 -0.055347 -0.062608 -0.239732 -0.124972 -0.292006 0.137882 -0.270664 -0.049693 -0.174842 -0.029529 -0.118851 0.243408 0.135141 0.023920 -0.044210 -0.239439 -0.358832 0.178961 -0.091263 0.324044 0.452056 -0.010136 0.152969 -0.101816 0.170946 -0.099338 -0.300291 -0.292085 -0.117810 0.098683 0.052443 0.127797 0.005167 -0.047545 -0.059928 -0.001632 -0.153792 0.007113 -0.295053 0.151602 -0.042055 -0.028680 0.319289 0.210321 0.125013 -0.043155 0.004493 0.173955 0.178236 -0.087103 -0.246889 0.214864 0.019289 0.115538 -0.096163 -0.331083 -0.096071 -0.357169 -0.420458 0.194607 0.016762 -0.040374 -0.159464 -0.109643 -0.200229 -0.001144 -0.098584 -0.210511 -0.171366 -0.434975 -0.483290 -0.013814 0.090656 -0.050591 -0.137428
-0.059298 0.360248 -0.385075 -0.267828 -0.025177 -0.287064 -0.210055 -0.169478 0.200345 -0.159738 0.164805 -0.058657 -0.188725 0.182373 0.326280 0.022986 1.000000 0.123003 0.050770 0.350996 0.099958 -0.071789 -0.219975 -0.074811 -0.185789 -0.192526 -0.219831 -0.325091 0.547526 0.133711 0.130154 0.027154 -0.008840 -0.039778 -0.378143 -0.347156 0.096306 0.142432 0.144603 -0.010167 -0.002984 0.204220 -0.233050 -0.279148 -0.036227 -0.364702 -0.168745 -0.153238 -0.087253 -0.109867 -0.129790 -0.106899 -0.046485 -0.059635 -0.075204 -0.045362 0.273064 0.347575 -0.050206 -0.001244 -0.227069 -0.123111 0.240008 0.245918 -0.307301 -0.404325 -0.309640 -0.357932 0.173697 -0.025887 0.131389 0.025712 0.171670 0.132466 0.143692 -0.067621 0.184548 0.130934 0.435992 0.182121 0.490778 0.132352 -0.065239 -0.190488 0.168724 -0.249726 -0.034090 0.018979 -0.390531 -0.207609 0.203432 0.070652 0.105852 0.060401 -0.212419 0.093365 -0.030825 0.052486 0.297708 0.326231 0.069110 0.258336 0.153219 0.095393 0.162494 0.044585 0.024301 0.159514 -0.070390 -0.013238 -0.114835 0.332824 0.103711 0.136296 0.111603 0.212705
0.021891 0.198328 -0.413821 -0.298305 -0.295098 -0.297919 -0.169260 -0.119132 -0.253550 -0.120006 -0.085909 0.210120 -0.099766 -0.002426 -0.269195 -0.081567 0.123003 1.000000 -0.151326 0.181207 -0.167791 0.066563 -0.258789 -0.149148 -0.306785 -0.205809 -0.230222 -0.164630 0.157927 0.622294 0.050687 0.248825 0.095710 0.087865 -0.056627 -0.189053 0.285886 0.296810 0.263336 0.192661 0.147748 0.217802 -0.025699 0.012448 -0.021032 -0.227288 -0.052921 -0.193460 -0.224912 -0.007563 -0.103924 0.030084 -0.087458 -0.051444 -0.043839 0.177040 0.270137 0.311689 -0.225347 -0.256334 -0.202661 -0.115179 0.337941 0.404935 -0.295703 -0.397547 -0.377605 -0.509189 -0.095298 -0.324449 0.261513 0.339113 0.440709 0.496163 0.341883 0.272429 0.296884 0.211358 0.453213 0.714477 0.470194 0.759826 0.154094 0.160402 -0.280238 -0.048798 0.070445 -0.045762 -0.074606 -0.086246 -0.199091 -0.229965 -0.129408 -0.302438 -0.255744 0.168050 0.053547 0.099243 0.147048 0.287824 -0.257659 -0.035077 0.004387 -0.159752 0.147406 -0.213037 -0.169890 -0.031873 -0.047925 -0.056943 -0.119829 0.175256 0.263870 0.082617 -0.039948 0.057538
0.219476 0.156618 0.244144 0.037437 0.086251 -0.222608 0.220576 -0.004450 0.077623 -0.033034 0.008521 -0.257566 -0.227250 -0.217621 0.032872 -0.172125 0.050770 -0.151326 1.000000 0.374344 -0.002727 -0.288709 0.076864 -0.039472 0.160962 -0.234290 0.138299 -0.076620 0.070292 -0.024774 0.100587 -0.027553 0.153401 0.233114 0.102555 0.070581 -0.230168 -0.256612 -0.175490 -0.193336 0.004568 -0.091771 -0.186742 -0.170205 -0.195005 -0.058817 -0.112278 0.018938 -0.123148 -0.076493 -0.363127 -0.130319 -0.067772 -0.163958 -0.246277 -0.226966 0.116002 0.094895 0.183547 0.058704 0.161059 -0.026250 -0.025975 -0.012060 0.195048 -0.092628 -0.023499 -0.052729 0.123410 0.098824 -0.193198 -0.203018 0.016467 -0.077125 -0.021080 0.051691 0.148386 -0.017257 -0.070906 -0.074075 -0.137051 -0.105389 0.058702 0.032574 -0.146208 -0.366003 -0.122251 -0.199048 0.062813 -0.026531 0.120802 0.118874 -0.057674 0.110125 -0.017923 -0.113466 -0.110722 -0.179870 0.068428 0.012065 -0.094363 0.042247 0.132591 -0.074311 0.020157 -0.051011 0.053513 0.089527 -0.086622 0.020350 0.078078 0.050744 -0.018508 0.064427 -0.054055 -0.062707
0.193997 0.655478 -0.489210 -0.227744 -0.086728 -0.280792 -0.282064 -0.262687 -0.087243 -0.103302 -0.236753 -0.343118 -0.400941 -0.271465 -0.031765 -0.201953 0.350996 0.181207 0.374344 1.000000 0.025395 -0.134244 -0.317280 -0.145453 -0.109689 -0.293382 -0.009499 -0.177040 0.096440 -0.005512 -0.188105 -0.114549 0.161502 0.257909 -0.357376 -0.300867 0.012323 0.078783 0.004549 -0.205793 -0.147207 -0.070451 -0.229762 -0.264679 -0.061385 -0.255240 -0.070734 0.166805 -0.097360 0.031862 -0.357275 -0.088532 -0.130416 -0.105978 -0.100671 -0.158480 0.327529 0.624601 -0.121534 0.116456 -0.306993 -0.152861 0.120324 0.177911 -0.442034 -0.526326 -0.253819 -0.189736 0.618622 0.517645 -0.046710 -0.213493 -0.046801 0.086730 0.013118 0.047341 0.042350 0.293586 0.195631 0.255143 0.334809 0.227446 0.143939 0.204782 -0.216883 -0.421838 0.094268 -0.055394 -0.118362 0.060134 0.463811 0.085391 0.089611 0.215401 0.061825 0.025433 -0.093541 0.003091 0.366816 0.290282 -0.029018 0.229468 0.202780 0.304548 0.105071 0.215449 -0.048629 0.010159 0.008641 0.261032 0.089835 0.492406 0.219562 0.303980 0.213254 0.366957
-0.089977 -0.057952 0.066493 -0.022345 0.416201 0.383173 -0.040074 -0.032680 0.227666 0.102853 0.003201 -0.081691 -0.177241 -0.115549 0.260624 -0.189907 0.099958 -0.167791 -0.002727 0.025395 1.000000 0.501055 0.053180 0.127049 0.286803 0.227953 0.390472 0.228427 0.000511 -0.125585 0.036907 0.043109 -0.256629 -0.232436 -0.133047 -0.117428 0.139945 -0.076144 -0.085145 -0.073384 -0.266563 -0.086398 0.056665 0.129299 0.009427 -0.017807 0.065614 0.152219 0.057412 0.067551 0.045921 0.134887 0.091413 0.044200 0.068156 0.165534 -0.041580 -0.067471 -0.078496 0.037070 -0.055949 -0.054456 -0.086245 -0.282704 0.077964 -0.004188 -0.084557 0.049333 0.145154 0.206278 0.208032 0.114699 -0.194289 0.019569 -0.184986 0.132457 -0.316655 -0.128055 -0.013990 -0.142050 -0.062381 -0.098174 -0.193712 -0.256754 0.134053 -0.037868 -0.265118 -0.096046 -0.014063 0.169093 0.097463 0.198450 0.044529 0.024533 -0.024532 0.020794 -0.072801 0.082080 0.160841 0.054281 -0.113419 -0.149511 -0.110916 0.087081 -0.077766 0.233045 0.014612 0.041878 0.076820 -0.154380 -0.057402 0.091956 0.021488 -0.210098 0.082747 -0.023038
-0.273292 -0.232550 -0.071237 0.106305 0.044658 0.458855 -0.279030 -0.172524 -0.043217 0.071166 -0.158501 0.124079 -0.228943 -0.124715 -0.093179 -0.008651 -0.071789 0.066563 -0.288709 -0.134244 0.501055 1.000000 0.115123 0.325394 0.237807 0.574673 0.220643 0.483561 -0.209354 0.018236 0.134783 0.394795 -0.056582 -0.184654 0.123247 0.024918 0.338751 0.062213 0.066061 0.310812 -0.275064 -0.011289 0.249673 0.368812 0.079199 0.127237 0.143455 0.100880 -0.065622 0.065047 0.207412 0.159166 0.027599 0.099725 0.129432 0.441139 -0.152426 -0.119258 -0.405491 -0.257463 -0.199424 -0.187238 -0.253358 -0.278420 0.105463 0.053148 -0.061340 0.151192 -0.028096 0.131695 0.356384 0.392943 -0.110356 0.241568 -0.005145 0.269518 -0.141664 -0.043268 0.123921 0.012241 -0.032731 0.100788 -0.176910 -0.190734 0.129486 0.301256 -0.028271 0.181552 -0.003869 0.259344 -0.287343 -0.260755 -0.227815 -0.331914 0.068570 0.251692 0.079251 0.388791 -0.249623 -0.019679 -0.299789 -0.428470 -0.357654 -0.051656 -0.040728 -0.012600 -0.210646 -0.173693 0.206695 0.059415 0.106426 -0.105897 -0.080587 -0.200287 -0.048703 0.007515
-0.236287 -0.395971 0.339941 0.503038 -0.078852 0.252318 -0.115546 -0.228782 -0.121789 -0.195091 0.120175 -0.116474 -0.083240 -0.217636 0.201695 -0.197571 -0.219975 -0.258789 0.076864 -0.317280 0.053180 0.115123 1.000000 0.688598 0.308694 0.373161 0.463237 0.461410 -0.141497 -0.283162 0.344301 0.245243 -0.104354 -0.135542 0.587762 0.310338 -0.101261 -0.303802 -0.018696 0.096061 0.052467 -0.109170 0.339954 0.435336 0.075158 0.309952 0.060100 0.051154 0.173749 0.146900 0.336907 0.235215 0.117047 0.150570 -0.061786 0.050112 -0.426749 -0.312811 -0.291351 -0.307144 -0.038082 -0.255935 -0.487245 -0.376713 0.556478 0.079473 -0.048363 0.197130 -0.195130 -0.026479 -0.195458 0.044389 -0.210294 -0.204024 -0.074595 -0.169737 -0.070710 -0.286172 -0.078802 -0.128548 -0.387691 -0.199070 0.294935 -0.050929 0.364203 0.231186 0.246930 0.319295 0.179551 -0.107749 -0.271814 0.107509 -0.019877 0.003868 -0.051575 -0.050819 0.124696 -0.012130 -0.205624 -0.228521 -0.218554 -0.397007 -0.293270 -0.102126 0.016895 -0.148105 -0.099239 -0.027778 0.035028 -0.097579 0.151086 -0.262854 -0.294209 -0.269541 0.001521 -0.118000
-0.423583 -0.346444 -0.020385 0.526076 -0.118343 0.255067 -0.275768 -0.247989 -0.152417 -0.124537 0.056304 0.064927 -0.211728 -0.039850 0.196114 0.063361 -0.074811 -0.149148 -0.039472 -0.145453 0.127049 0.325394 0.688598 1.000000 0.216782 0.553512 0.293460 0.378202 0.007135 -0.088912 0.423386 0.579370 -0.086698 -0.124486 0.282810 0.029217 0.089502 -0.326021 0.025199 0.082601 -0.082886 -0.068881 0.244949 0.308193 0.051626 0.166852 0.093215 -0.035976 -0.024837 0.099778 0.348960 0.178048 0.152148 0.204094 -0.031990 0.136930 -0.524099 -0.335219 -0.439864 -0.314650 -0.254245 -0.238615 -0.308745 -0.158732 0.217625 -0.160225 -0.176954 0.045849 -0.206448 -0.001651 -0.014219 0.217265 -0.069910 -0.038745 0.059636 -0.136202 -0.133509 -0.314138 0.085939 -0.113470 -0.067467 -0.030716 0.331092 0.233623 0.448307 0.376766 0.264190 0.518942 0.042888 -0.014989 -0.205135 -0.063856 0.006626 -0.119718 -0.057362 0.040290 0.023636 0.114220 -0.253563 -0.216443 -0.277966 -0.478773 -0.437108 -0.148706 0.069084 -0.048221 -0.075015 -0.039492 0.013188 -0.139942 -0.007445 -0.289414 -0.220677 -0.095180 0.149684 0.034104
-0.180595 -0.184790 0.310910 0.120224 0.403074 0.401352 0.065156 -0.070470 0.322615 0.305894 -0.181714 -0.245412 -0.296349 -0.381089 0.008152 -0.264906 -0.185789 -0.306785 0.160962 -0.109689 0.286803 0.237807 0.308694 0.216782 1.000000 0.522301 0.447801 0.271783 -0.257216 -0.281635 0.198683 0.163737 0.133608 0.081227 0.338935 0.301948 -0.101762 -0.066645 -0.061828 -0.031997 -0.034793 -0.307249 0.179379 0.162834 -0.000904 0.272169 -0.010513 0.163805 0.044413 0.131457 0.065150 0.061947 -0.006388 0.087898 -0.054063 -0.020628 -0.077534 -0.109034 -0.150905 -0.053569 -0.010706 -0.097790 -0.358300 -0.273891 0.314528 0.131545 0.097645 0.362324 -0.071547 0.070298 -0.076450 -0.159372 -0.268959 -0.189298 -0.274554 -0.089568 -0.144379 -0.030259 -0.137928 -0.256664 -0.225240 -0.220041 -0.161967 -0.222991 -0.043842 -0.147521 -0.007986 -0.121192 0.040736 0.026608 -0.059737 0.109690 -0.000217 0.063294 -0.064845 -0.256787 -0.021322 -0.180486 -0.024192 -0.074785 -0.028928 -0.102753 -0.087278 0.169893 -0.022271 0.030152 -0.042092 -0.065344 -0.061364 0.032213 0.198594 -0.055731 -0.066455 -0.099965 0.057401 -0.051595
-0.425610 -0.289535 0.181222 0.234778 0.083719 0.581583 -0.174102 -0.258055 -0.106231 0.006289 -0.171614 -0.018626 -0.186443 -0.152639 -0.088261 -0.041119 -0.192526 -0.205809 -0.234290 -0.293382 0.227953 0.574673 0.373161 0.553512 0.522301 1.000000 0.254082 0.537555 -0.254339 -0.185321 0.408443 0.488613 0.077773 -0.039647 0.296487 0.172525 0.007156 -0.185952 -0.081157 0.148083 -0.079076 -0.154996 0.269387 0.334012 0.019209 0.248674 0.127179 0.080643 0.008056 0.069134 0.418883 0.138605 0.110903 0.159992 0.053120 0.277336 -0.371902 -0.202988 -0.261481 -0.106162 -0.227764 -0.353870 -0.312020 -0.205388 0.197387 0.053020 0.291300 0.328409 -0.113955 0.019792 0.105949 0.132728 -0.175770 -0.043558 -0.075705 -0.005342 -0.158075 -0.202174 -0.157116 -0.189124 -0.173796 -0.170898 -0.148883 -0.091570 0.265325 0.248838 0.123997 0.204931 0.106096 0.033043 -0.346871 -0.179060 -0.210611 -0.210236 0.206976 0.154326 0.052130 0.181147 -0.291597 -0.208821 -0.305464 -0.337860 -0.340376 -0.027975 -0.182096 -0.121019 -0.111886 -0.158324 0.028729 0.065960 0.184900 -0.229818 -0.151728 -0.229675 -0.003915 -0.005028
-0.121886 -0.131380 0.252622 0.261205 0.207571 0.508843 -0.084722 -0.210339 0.016495 -0.128314 -0.193741 -0.276195 -0.273221 -0.402606 0.005265 -0.267963 -0.219831 -0.230222 0.138299 -0.009499 0.390472 0.220643 0.463237 0.293460 0.447801 0.254082 1.000000 0.684957 -0.256469 -0.272042 0.144466 0.060766 -0.205487 -0.152742 0.366719 0.263738 -0.133146 -0.116872 -0.160244 -0.039839 -0.121294 -0.214869 0.170847 0.214095 0.030901 0.193973 0.059944 0.104718 0.173184 0.117369 0.144837 0.192849 0.150594 -0.109451 0.205536 0.041682 -0.105779 -0.034462 -0.121577 -0.006547 -0.098886 -0.189258 -0.410414 -0.420573 0.278511 0.016512 0.035311 0.264019 0.124649 0.203498 -0.061814 -0.010847 -0.347665 -0.195257 -0.327119 -0.123013 -0.198494 -0.153507 -0.021513 -0.101431 -0.262647 -0.224253 0.096805 -0.111704 0.088139 -0.104593 0.048558 -0.029008 0.373620 0.170042 0.071964 0.051243 -0.019327 0.133962 0.070992 -0.180402 0.071470 -0.081494 0.127948 -0.119564 -0.187663 -0.211223 -0.075478 0.062899 -0.000636 0.037632 0.058643 -0.022904 0.050560 -0.163971 0.146838 -0.062489 -0.059979 -0.192392 0.084481 -0.074102
-0.123147 -0.179470 0.258090 0.369520 -0.048326 0.698412 -0.194724 -0.307487 -0.239033 -0.254613 -0.206557 -0.130627 -0.298655 -0.359367 -0.249651 -0.205348 -0.325091 -0.164630 -0.076620 -0.177040 0.228427 0.483561 0.461410 0.378202 0.271783 0.537555 0.684957 1.000000 -0.525709 -0.314544 0.123407 0.177616 -0.070754 -0.150886 0.521396 0.382882 -0.131053 -0.129207 -0.065422 0.188821 -0.141463 -0.050750 0.158285 0.370013 0.076216 0.316792 0.038223 0.109739 0.114091 0.072774 0.280304 0.162212 0.103762 -0.174231 0.188095 0.250352 -0.140781 -0.039970 -0.159173 -0.102488 -0.063773 -0.328119 -0.410154 -0.443935 0.415964 0.125337 0.208699 0.360597 0.055918 0.122174 -0.073943 0.126671 -0.401872 -0.125523 -0.189085 -0.038700 -0.233003 -0.275931 -0.186693 -0.064127 -0.393503 -0.219669 -0.007937 -0.133047 0.154539 0.183774 0.068322 0.233069 0.442365 0.261556 -0.260420 -0.267865 -0.242487 -0.216387 0.221411 0.107805 0.175812 0.159576 -0.109681 -0.180469 -0.443236 -0.418693 -0.292074 -0.064855 0.014045 -0.034534 -0.030239 -0.096353 0.185953 -0.033679 0.326703 -0.198773 -0.155137 -0.299990 -0.008718 -0.046921
-0.041469 0.003101 -0.214730 -0.254849 0.049714 -0.494897 0.069347 0.125010 0.144625 0.013487 0.321382 0.281154 0.260096 0.400382 0.433897 0.312196 0.547526 0.157927 0.070292 0.096440 0.000511 -0.209354 -0.141497 0.007135 -0.257216 -0.254339 -0.256469 -0.525709 1.000000 0.472344 0.210025 0.212979 0.139971 0.227233 -0.336026 -0.384023 0.269212 -0.070400 -0.014529 -0.146090 0.162823 0.101164 -0.114914 -0.248171 -0.153109 -0.369544 -0.038283 -0.251084 -0.151888 -0.114709 -0.175607 -0.155883 0.018478 0.066840 -0.202980 -0.140592 -0.065319 -0.054893 -0.015029 -0.183689 0.022657 0.075517 0.208149 0.277393 -0.264910 -0.224052 -0.386605 -0.546688 -0.108713 -0.233182 0.317986 0.138943 0.630211 0.313126 0.295588 0.120722 0.372037 0.061646 0.424921 0.118885 0.475105 0.242415 0.177220 0.063267 0.162859 -0.175891 0.090661 -0.083739 -0.298502 -0.437817 -0.023036 0.062245 0.078936 0.015273 -0.015859 0.143785 -0.160601 0.006276 -0.049892 0.079129 0.154388 0.122599 0.053710 -0.099926 -0.134695 -0.272457 -0.064664 0.020748 -0.087490 -0.023404 -0.421644 0.056749 0.055733 0.180775 0.010853 0.036572
-0.076826 -0.135324 -0.259655 -0.295120 -0.164624 -0.413820 -0.013126 0.114591 -0.120933 0.108645 0.127622 0.413723 0.107322 0.232348 -0.035251 0.321538 0.133711 0.622294 -0.024774 -0.005512 -0.125585 0.018236 -0.283162 -0.088912 -0.281635 -0.185321 -0.272042 -0.314544 0.472344 1.000000 0.314846 0.412480 0.103596 0.104878 -0.122832 -0.254282 0.418655 0.262060 0.169025 0.114309 0.355698 0.354622 -0.147937 -0.168271 -0.174080 -0.374515 -0.096035 -0.431788 -0.388645 -0.230917 -0.233123 -0.163540 0.082900 -0.094805 -0.051366 0.105645 0.121899 -0.007368 -0.148885 -0.306759 -0.002168 0.093702 0.268856 0.348421 -0.227570 -0.229129 -0.416068 -0.676996 -0.322379 -0.486598 0.423031 0.512074 0.740353 0.688844 0.475903 0.530440 0.590934 0.154548 0.401544 0.462650 0.443615 0.623476 0.079811 0.284663 -0.225811 0.018782 -0.126823 -0.104609 -0.139502 -0.153811 -0.376264 -0.263325 -0.177140 -0.351535 -0.113648 0.164133 -0.058840 0.109291 -0.195102 0.172239 -0.078077 -0.063141 -0.017926 -0.414325 0.109304 -0.375316 0.043727 0.164950 -0.158765 -0.124129 -0.275530 -0.107675 0.198065 -0.021359 -0.019695 -0.000882
-0.402277 -0.230277 0.006188 0.154610 -0.251486 -0.064416 -0.182277 -0.258418 -0.181081 -0.235690 0.066233 -0.024727 -0.163448 -0.080511 -0.030393 -0.078458 0.130154 0.050687 0.100587 -0.188105 0.036907 0.134783 0.344301 0.423386 0.198683 0.408443 0.144466 0.123407 0.210025 0.314846 1.000000 0.751545 0.086296 0.058380 0.233649 -0.026428 0.075179 -0.053110 0.153570 0.123055 0.419633 0.266001 0.086344 0.209490 -0.010446 0.043248 -0.089467 -0.266456 -0.271137 -0.107368 0.187327 -0.019429 -0.030773 -0.068405 -0.127091 0.053805 -0.218822 -0.056634 -0.339116 -0.260058 -0.268342 -0.332184 -0.051815 0.073286 0.100294 -0.206739 -0.017003 -0.184581 -0.239049 -0.396413 0.218125 0.421613 0.347863 0.251516 0.383678 0.160546 0.399334 -0.049464 0.168386 0.195222 0.124401 0.133522 0.096741 0.022102 0.158149 0.104809 -0.030331 -0.017500 -0.249099 -0.430368 -0.409825 -0.047004 -0.288580 -0.355373 -0.144199 0.041990 0.141057 0.040848 -0.169639 0.083654 -0.222888 -0.244593 -0.264145 -0.379616 0.124942 -0.267406 0.093742 0.221361 -0.130510 -0.228999 -0.025062 -0.111928 -0.142186 -0.196274 -0.003619 -0.077460
-0.444280 -0.265510 -0.125082 0.177209 -0.209208 -0.018159 -0.220320 -0.155277 -0.190161 -0.110175 -0.023431 0.191134 -0.192391 0.024711 -0.030899 0.111516 0.027154 0.248825 -0.027553 -0.114549 0.043109 0.394795 0.245243 0.579370 0.163737 0.488613 0.060766 0.177616 0.212979 0.412480 0.751545 1.000000 0.129177 0.143864 0.137863 -0.080471 0.189163 -0.102538 0.144960 0.164847 0.166906 0.160112 0.048396 0.195311 -0.087437 0.008838 -0.108055 -0.273178 -0.412833 -0.118509 0.070934 -0.069210 -0.066595 -0.007151 -0.145917 0.166029 -0.301501 -0.137125 -0.447915 -0.393680 -0.223374 -0.228009 -0.034720 0.118962 0.056555 -0.236827 -0.187236 -0.227644 -0.251820 -0.303976 0.338712 0.541874 0.369932 0.341424 0.398742 0.211892 0.248320 -0.069915 0.239944 0.266227 0.220195 0.298615 0.145383 0.216382 0.169021 0.238982 0.092065 0.199014 -0.173753 -0.251432 -0.457966 -0.211336 -0.255523 -0.425386 -0.112405 0.169559 0.026519 0.185289 -0.308981 0.002493 -0.322057 -0.379752 -0.280088 -0.347986 0.139636 -0.278528 -0.076803 0.015449 0.003540 -0.156819 -0.128718 -0.174733 -0.079843 -0.110680 0.035442 0.021417
0.048497 0.169195 0.015812 -0.100627 -0.156702 -0.207263 0.066922 -0.041407 -0.018551 -0.004312 -0.205495 0.036529 -0.066126 -0.122876 -0.195993 -0.018503 -0.008840 0.095710 0.153401 0.161502 -0.256629 -0.056582 -0.104354 -0.086698 0.133608 0.077773 -0.205487 -0.070754 0.139971 0.103596 0.086296 0.129177 1.000000 0.807351 0.109121 0.006343 0.088745 0.080438 0.042756 0.026858 0.285899 -0.082166 0.015740 -0.046881 0.079787 0.019798 -0.037433 -0.079528 -0.162899 -0.033825 -0.126239 -0.198079 -0.178864 -0.131488 -0.326947 -0.134137 0.150739 0.251952 -0.102915 -0.247221 0.077395 -0.117283 0.066661 0.361316 -0.097696 -0.016495 0.051656 -0.099067 0.002764 -0.196414 -0.143878 -0.190061 0.203504 0.142138 0.084158 0.083864 0.322193 0.220472 0.093552 0.105347 0.071257 0.075028 -0.139041 -0.134244 -0.180568 -0.158837 0.166302 -0.153911 -0.207874 -0.351991 -0.277942 -0.122861 -0.061235 -0.169468 0.319160 0.188423 -0.014204 0.031660 -0.052362 0.091415 -0.190624 0.073836 0.111086 0.061570 -0.146087 -0.485604 -0.372010 -0.287917 -0.122695 0.396976 0.007531 0.130174 0.174852 0.239577 -0.267906 -0.132538
0.135790 0.227144 0.034516 -0.022296 -0.108240 -0.319989 0.150224 0.067773 -0.094411 -0.033304 -0.097407 -0.029581 0.059835 -0.090054 -0.183107 -0.012281 -0.039778 0.087865 0.233114 0.257909 -0.232436 -0.184654 -0.135542 -0.124486 0.081227 -0.039647 -0.152742 -0.150886 0.227233 0.104878 0.058380 0.143864 0.807351 1.000000 -0.037279 0.095158 -0.054890 0.029594 -0.055941 -0.158645 0.291539 -0.172407 -0.190163 -0.254178 -0.111436 -0.050140 -0.186197 -0.129013 -0.282070 -0.162124 -0.270035 -0.384259 -0.241757 -0.235473 -0.330635 -0.353442 0.130257 0.237763 0.052710 -0.049128 0.161057 0.005527 0.210835 0.423745 -0.109273 0.054035 0.011579 -0.060191 0.044303 -0.152304 -0.141275 -0.280440 0.238950 0.173313 0.067968 0.109416 0.264085 0.254031 0.078946 0.127978 0.106157 0.071982 -0.074072 0.019469 -0.190497 -0.198762 0.089218 -0.181220 -0.160752 -0.356748 -0.150622 -0.054021 0.053025 -0.048565 0.330848 0.025603 -0.145204 -0.188697 -0.069563 -0.060953 -0.129310 0.111854 0.194557 0.120202 -0.270729 -0.398981 -0.376512 -0.260032 -0.193287 0.332761 -0.052704 0.155222 0.014860 0.272667 -0.166295 -0.121928
-0.258902 -0.317012 0.327167 0.254640 -0.162587 0.330830 -0.134139 -0.266322 -0.231303 -0.190372 -0.145958 -0.159804 -0.137979 -0.344874 -0.250229 -0.248078 -0.378143 -0.056627 0.102555 -0.357376 -0.133047 0.123247 0.587762 0.282810 0.338935 0.296487 0.366719 0.521396 -0.336026 -0.122832 0.233649 0.137863 0.109121 -0.037279 1.000000 0.613654 -0.004476 -0.017586 0.100284 0.373926 0.183429 -0.047010 0.251846 0.391639 0.021568 0.344762 0.019634 -0.043171 -0.014223 -0.008447 0.170960 0.066719 -0.028854 -0.055659 0.007590 0.047412 -0.291549 -0.144802 -0.201609 -0.271956 0.048986 -0.216196 -0.485815 -0.321786 0.557725 0.217027 0.181334 0.286208 -0.188830 -0.148696 -0.164230 0.041407 -0.167763 -0.041755 -0.042773 -0.036653 0.174201 -0.051587 -0.109337 0.045908 -0.380091 -0.032123 0.151825 -0.146913 0.035024 0.225504 0.157235 0.135688 0.316157 -0.117261 -0.365327 -0.138999 -0.210098 -0.185118 0.053923 0.029404 0.310294 0.117183 -0.215786 -0.195074 -0.222935 -0.425137 -0.277510 -0.269641 -0.029404 -0.180673 -0.068829 -0.100465 0.119187 0.010960 0.349848 -0.221073 -0.214069 -0.274775 -0.206138 -0.210332
-0.051200 -0.335612 0.390492 0.180566 0.112325 0.298152 0.101221 -0.003205 -0.005713 -0.048710 0.018859 -0.112884 0.078559 -0.188051 -0.230344 -0.199146 -0.347156 -0.189053 0.070581 -0.300867 -0.117428 0.024918 0.310338 0.029217 0.301948 0.172525 0.263738 0.382882 -0.384023 -0.254282 -0.026428 -0.080471 0.006343 0.095158 0.613654 1.000000 -0.231472 0.045074 -0.037359 0.171585 0.020612 -0.129090 -0.022695 0.001315 -0.103997 0.344368 -0.143998 -0.005447 -0.033472 -0.156857 -0.046692 -0.163110 -0.043446 -0.116705 0.176748 -0.174624 -0.142731 -0.256643 0.097494 -0.066581 0.303648 0.022848 -0.285105 -0.339200 0.471270 0.421112 0.232149 0.517616 -0.143193 -0.022147 -0.173351 -0.142016 -0.261542 -0.081012 -0.177506 -0.067202 -0.060828 0.047639 -0.188278 -0.179288 -0.366463 -0.193319 -0.203468 -0.225949 -0.017143 0.243840 -0.068885 0.029291 0.301532 0.116495 -0.120064 -0.005569 0.024203 -0.002508 0.112144 -0.112913 0.055062 -0.129720 -0.242619 -0.309599 -0.065346 -0.174216 -0.094505 -0.029566 -0.178130 -0.009800 -0.119868 -0.168211 0.013573 0.133445 0.362554 -0.144526 -0.309489 -0.149793 -0.067245 -0.043674
