1.000000 0.336069 0.465284 0.406168 0.169780 0.312306 0.473116 0.366126 -0.100422 0.065029 -0.027733 -0.495304 -0.024560 -0.489851 -0.256571 -0.202142 -0.536973 -0.418691 0.484473 0.322822 -0.147936 0.404829 0.262001 0.243465 -0.031886 0.296516 0.250692 0.222377 -0.045778 -0.523471 0.027533 0.161175 0.252322 0.167497 -0.142810 -0.269931 -0.010941 -0.047084 -0.066163 0.168348 -0.322482 0.108662 -0.132705 0.043096 0.080536 -0.006919 0.040942 0.039761 -0.020184 0.182368 -0.006554 0.098583 0.142207 -0.125823 0.089633 -0.034396 0.290460 -0.054566 0.179731 0.301830 -0.351320 0.455815 -0.368936 0.061438 -0.283306 0.300785 0.032804 -0.005207 -0.072627 -0.076090 -0.105198 0.060011 0.204985 -0.338688 0.122334 -0.166413 0.289139 -0.277061 -0.369335 -0.218095 -0.344034 -0.379433 -0.142553 0.474451 -0.111384 0.093193 0.381532 0.042367 0.054128 0.211493 -0.309723 -0.396502 -0.133390 -0.322575 -0.052495 -0.424916 -0.300991 -0.415098 -0.292761 -0.329631 -0.252196 -0.340464 -0.361221 -0.315702 -0.292710 -0.367391 -0.192750 -0.159902 -0.090990 -0.218802 -0.162956 -0.122528 -0.015307 -0.089961 -0.193782 -0.068266
0.336069 1.000000 -0.225687 0.304168 -0.017483 0.100976 -0.132002 0.248262 -0.133464 -0.174049 -0.133821 -0.057853 -0.204215 -0.119706 -0.115748 -0.202545 -0.088349 -0.122242 0.315528 0.614325 0.005689 -0.081725 -0.162522 -0.239554 -0.133140 -0.217427 0.199376 0.044811 -0.083033 -0.020782 -0.079749 -0.134916 0.067986 0.077789 -0.022179 -0.138888 -0.162228 -0.183367 -0.225663 -0.129728 -0.079999 -0.010156 0.086832 -0.105775 -0.035678 -0.058293 0.106233 -0.040538 0.079606 0.089330 -0.045959 0.018523 0.135727 -0.057259 -0.087434 -0.304290 0.260584 0.582465 -0.004146 0.089700 -0.123412 0.213117 0.072677 0.195270 -0.180234 -0.095835 -0.115052 -0.179408 0.130308 -0.032059 0.175401 -0.029486 0.042283 -0.009261 0.091255 -0.004358 0.035557 0.043258 -0.298785 0.040534 -0.116665 -0.036345 -0.115575 0.159845 0.046131 0.015231 -0.026155 0.011727 0.010123 0.101282 0.088101 -0.258409 -0.002543 -0.284822 -0.073406 -0.006414 -0.122987 -0.241292 0.135252 -0.252529 -0.046660 -0.138644 -0.055899 0.017134 -0.164226 -0.086392 -0.052951 -0.111502 -0.119617 0.077457 -0.121726 0.079421 0.227533 -0.097083 -0.217638 -0.204461
0.465284 -0.225687 1.000000 0.419871 0.379791 0.422133 0.872840 0.540820 0.002759 0.274563 -0.091324 -0.379043 0.196972 -0.239495 -0.193337 -0.093017 -0.563745 -0.409013 0.334100 -0.042013 0.005905 0.473201 0.488364 0.483004 0.238322 0.460712 0.349922 0.364811 -0.174581 -0.539562 0.302511 0.375860 0.050249 0.078433 -0.173773 -0.048448 0.054806 -0.068465 0.004440 0.128283 -0.300476 0.084093 -0.167651 -0.027996 -0.108386 -0.061621 0.041732 -0.040360 -0.211873 -0.015646 -0.070422 -0.071057 0.033332 -0.024860 0.090169 0.007824 -0.185740 -0.484617 0.064336 0.065574 -0.250244 0.047305 -0.446126 -0.274362 -0.066777 0.249762 -0.052620 0.171821 -0.134193 0.039042 0.068001 0.250287 0.182217 -0.187642 0.155295 -0.028402 0.236361 -0.198997 -0.351763 -0.240336 -0.410763 -0.428520 -0.123759 0.345310 -0.140370 0.090553 0.254262 0.085590 -0.005915 0.135700 -0.292498 -0.232413 -0.112442 -0.154332 -0.058475 -0.527979 -0.397543 -0.326516 -0.404171 -0.328381 -0.260457 -0.243929 -0.354439 -0.361720 -0.208798 -0.299977 -0.398424 -0.301884 -0.085049 -0.213151 -0.118756 -0.192086 0.024267 0.019708 -0.152623 -0.167391
0.406168 0.304168 0.419871 1.000000 0.299539 0.737846 0.341771 0.651836 -0.012967 0.299038 -0.319101 -0.211550 -0.057095 -0.228771 -0.029819 -0.048035 -0.490480 -0.397802 0.468125 0.365803 0.124083 0.398068 0.410754 0.544290 0.229342 0.445802 0.546818 0.554525 -0.290733 -0.398247 0.180533 0.313235 -0.222709 -0.147100 -0.245181 -0.201227 -0.148344 -0.028487 -0.110892 0.080915 -0.200989 0.100489 -0.164769 -0.208787 -0.300991 -0.254508 -0.129282 -0.259862 -0.318269 -0.202324 -0.009778 -0.166731 -0.010706 -0.142104 -0.022056 -0.165785 -0.190266 -0.050631 -0.211252 -0.177353 -0.586941 -0.204016 -0.516464 -0.330589 -0.080652 0.086931 -0.434806 -0.027390 0.083089 0.000959 0.199132 0.324027 0.028722 -0.048949 0.157127 0.045257 0.199221 0.046119 -0.459018 -0.135862 -0.210535 -0.191221 -0.120165 0.347590 0.315069 0.363086 0.222581 0.375831 0.222377 0.310681 -0.194519 -0.223707 -0.114206 -0.214564 -0.014005 -0.307901 -0.331069 -0.215805 -0.292924 -0.357901 -0.261277 -0.196389 -0.225677 -0.278109 -0.118393 -0.204260 -0.217737 -0.302741 -0.169401 0.086619 -0.163467 -0.302712 0.066680 -0.009271 -0.157152 -0.130661
0.169780 -0.017483 0.379791 0.299539 1.000000 0.434217 0.437192 0.287897 0.649846 0.497179 -0.009649 -0.149141 0.234784 0.063588 0.528927 0.330714 -0.295429 -0.405755 0.306390 0.187813 0.279374 0.200934 0.314868 0.265349 0.717054 0.301724 0.412552 0.364101 0.241864 -0.270026 0.538846 0.172212 -0.311788 -0.248304 -0.289509 -0.173553 -0.135525 -0.077676 -0.245409 -0.098879 -0.227284 -0.210748 -0.155060 -0.129628 -0.220430 -0.229801 0.175034 -0.168820 -0.151471 -0.105126 0.064774 -0.080358 0.129992 0.021231 -0.094222 -0.266378 -0.117092 -0.172108 -0.016463 0.008572 -0.180727 -0.098629 -0.232922 -0.369561 0.000945 -0.033907 -0.234541 -0.120578 -0.029441 0.076893 0.243787 0.131775 0.178291 -0.056498 0.282410 0.242267 0.116256 0.048240 -0.275006 -0.056532 -0.070782 -0.205789 0.219231 0.285435 0.327138 0.028965 0.323393 -0.052681 -0.079433 -0.025231 -0.086752 -0.187598 0.085389 -0.136472 -0.208776 -0.427515 -0.111075 -0.179368 -0.139435 -0.322852 -0.126545 -0.194625 -0.202868 -0.115879 -0.228639 -0.183210 -0.131094 -0.372314 -0.286830 -0.036576 -0.221571 -0.053222 0.247931 0.042759 -0.143826 -0.292584
0.312306 0.100976 0.422133 0.737846 0.434217 1.000000 0.386797 0.467423 0.028451 0.525541 -0.275682 -0.179960 0.011588 -0.169948 0.105340 0.133109 -0.411674 -0.457842 0.326583 0.087544 0.095432 0.331398 0.335274 0.516914 0.271979 0.477578 0.545530 0.632544 -0.163295 -0.311546 0.106702 0.161119 -0.228119 -0.211490 -0.208148 -0.109555 -0.211092 -0.063105 -0.106491 0.118223 -0.293585 -0.038853 -0.188912 -0.326784 -0.306918 -0.273362 -0.078316 -0.315083 -0.251174 -0.192806 -0.024352 -0.158295 0.043211 -0.039565 0.060918 -0.022226 -0.146655 -0.074909 -0.052544 -0.116400 -0.381526 -0.154983 -0.352470 -0.323324 0.055527 0.049398 -0.357034 -0.053732 -0.055578 -0.036583 0.136201 0.255146 0.021066 -0.121488 0.107266 0.014268 0.009618 -0.106347 -0.405606 -0.183645 -0.223411 -0.238354 0.057314 0.249065 0.384796 0.147710 0.264872 0.474915 0.270747 0.346656 -0.144142 0.000318 -0.029668 -0.073577 -0.189098 -0.330280 -0.257312 -0.091392 -0.285997 -0.292622 -0.257471 -0.177627 -0.213902 -0.176625 -0.152068 -0.184509 -0.133327 -0.147675 -0.247954 0.023377 -0.150433 -0.224658 0.123357 -0.006271 -0.051355 -0.175265
0.473116 -0.132002 0.872840 0.341771 0.437192 0.386797 1.000000 0.563237 0.042864 0.328210 -0.041813 -0.292595 0.236738 -0.103596 -0.173954 -0.037386 -0.519994 -0.381695 0.348711 0.040539 0.002774 0.420880 0.476906 0.380189 0.200459 0.339148 0.352960 0.346842 0.027470 -0.414663 0.427892 0.389886 0.036730 0.032415 -0.266263 -0.158090 0.041044 -0.063184 -0.054662 0.102036 -0.339334 0.006829 -0.095810 -0.073993 -0.112249 -0.113487 0.182752 -0.057481 -0.195380 -0.010546 -0.084318 -0.097139 0.100719 0.042603 -0.031877 -0.061557 -0.152090 -0.432381 0.010313 0.029082 -0.194438 0.069759 -0.297260 -0.215495 -0.045502 0.128984 -0.176255 -0.052184 -0.166169 -0.003447 0.186250 0.288916 0.341459 -0.138541 0.283714 0.067363 0.342775 -0.094103 -0.402288 -0.169470 -0.398580 -0.333453 -0.137497 0.413664 -0.147327 0.016430 0.217183 0.009256 -0.091054 0.033043 -0.233509 -0.268000 -0.035256 -0.236290 -0.102198 -0.507432 -0.328672 -0.393725 -0.291028 -0.401060 -0.221366 -0.315741 -0.409468 -0.379568 -0.312640 -0.329669 -0.415027 -0.338061 -0.102659 -0.230932 -0.120846 -0.113399 0.144671 -0.031238 -0.215309 -0.266292
0.366126 0.248262 0.540820 0.651836 0.287897 0.467423 0.563237 1.000000 -0.151683 0.220170 -0.189064 -0.173614 0.245513 -0.092470 -0.339785 -0.246222 -0.620415 -0.371295 0.246511 0.175581 -0.192702 0.365323 0.194828 0.240878 0.148463 0.388757 0.308175 0.225852 -0.179831 -0.435895 0.334706 0.446341 -0.081684 0.007086 -0.338015 -0.232771 -0.007686 -0.029631 -0.108550 0.130442 -0.341279 -0.083259 -0.110641 -0.084034 -0.208154 -0.166815 0.109598 -0.035584 -0.183860 0.025177 -0.141384 -0.007866 0.045043 -0.165824 -0.128426 -0.177954 -0.248883 -0.257856 -0.115184 0.055464 -0.428480 0.089376 -0.452115 -0.108278 -0.345260 0.184696 -0.337617 0.019993 -0.120084 0.020596 0.322270 0.455659 0.280064 -0.050017 0.335683 0.117962 0.463928 0.007833 -0.626379 -0.169760 -0.315621 -0.270558 -0.241369 0.429473 -0.044786 0.166301 0.121156 0.143507 -0.190815 0.044323 -0.278961 -0.453592 -0.156707 -0.329089 -0.052698 -0.459847 -0.329735 -0.284764 -0.347886 -0.395317 -0.253419 -0.286872 -0.344969 -0.330429 -0.259683 -0.338616 -0.496242 -0.324083 -0.104431 -0.044947 0.038887 -0.087746 0.194319 0.020453 -0.142433 -0.254474
-0.100422 -0.133464 0.002759 -0.012967 0.649846 0.028451 0.042864 -0.151683 1.000000 0.487288 0.045997 0.045698 0.064185 0.245572 0.775415 0.644338 0.083379 0.015213 0.256641 0.239548 0.211614 -0.001855 0.072979 0.092458 0.446091 0.136581 0.275120 0.211897 0.219119 0.052836 0.472401 0.182094 -0.476451 -0.375589 -0.283709 -0.258119 -0.148067 -0.106631 -0.251426 -0.144574 -0.066688 -0.024813 -0.248933 -0.169882 -0.234610 -0.226450 0.000081 -0.191213 -0.173174 -0.217214 0.115577 -0.124884 -0.080504 -0.080913 -0.080093 -0.171821 -0.045956 -0.009544 -0.125490 -0.050808 -0.095428 -0.216479 -0.091994 -0.234726 0.046647 -0.182011 -0.178051 -0.207402 0.006558 0.086390 0.084789 0.100918 0.049796 0.158597 0.119180 0.334992 0.010942 0.216645 -0.008296 0.176675 0.104855 -0.072384 0.415590 0.258103 0.263596 -0.031239 0.327406 -0.039999 -0.004958 0.083397 0.112602 0.019180 0.247767 0.018908 -0.210506 -0.287468 -0.012044 -0.087683 -0.051038 -0.122351 0.055236 -0.039990 0.017178 -0.022552 0.005428 0.064673 0.134677 -0.176858 -0.239542 -0.090696 -0.209725 -0.040319 0.073749 -0.023037 -0.017096 -0.143074
0.065029 -0.174049 0.274563 0.299038 0.497179 0.525541 0.328210 0.220170 0.487288 1.000000 -0.091257 -0.127588 0.076529 0.120928 0.300046 0.633807 -0.207685 -0.210934 0.212083 0.098422 -0.009084 0.330790 0.190285 0.256363 0.251882 0.401896 0.203076 0.284979 -0.041062 -0.030618 0.407620 0.305904 -0.467975 -0.440285 -0.463234 -0.345810 -0.178155 -0.084671 -0.091301 0.131865 -0.320306 0.164453 -0.317425 -0.274848 -0.284304 -0.361261 -0.094630 -0.320429 -0.250127 -0.243321 -0.014495 -0.206082 -0.082479 -0.092782 0.073862 0.024911 -0.090761 -0.172551 -0.095483 -0.045838 -0.271159 -0.229794 -0.289299 -0.323402 -0.037380 -0.158999 -0.366192 -0.214027 -0.016279 0.120827 0.144606 0.421891 0.028052 0.238845 0.168286 0.391044 0.111544 0.127442 -0.254860 -0.006065 -0.018024 -0.104546 0.126150 0.337443 0.175349 0.032548 0.277425 0.402005 0.076493 0.346993 -0.095865 0.113741 0.049135 0.068935 -0.044330 -0.304153 -0.196310 -0.100571 -0.373470 -0.175078 -0.073015 -0.058803 -0.100790 -0.088144 -0.066547 -0.119540 -0.013095 -0.108171 -0.272436 0.043250 -0.180950 -0.162778 0.076473 0.071929 0.032747 -0.163190
-0.027733 -0.133821 -0.091324 -0.319101 -0.009649 -0.275682 -0.041813 -0.189064 0.045997 -0.091257 1.000000 0.359123 0.528658 0.358779 0.230475 0.262288 0.350863 -0.032496 -0.156179 -0.141055 0.059547 -0.318263 -0.183581 -0.304088 -0.113484 -0.330758 -0.005723 -0.179739 0.401300 0.132697 -0.090641 -0.248064 0.112436 0.018599 0.036174 -0.043672 -0.164124 -0.167376 -0.176156 -0.306753 0.186139 -0.033140 -0.041970 0.160374 0.122167 0.171423 0.042592 0.200304 0.274734 0.224656 -0.013643 0.171255 0.109193 0.070282 0.053647 -0.024504 0.148649 -0.172890 0.276506 0.341981 0.363980 0.223488 0.262798 0.051151 0.005911 0.105678 0.273081 0.041869 -0.117575 -0.050117 -0.012960 -0.231603 0.156093 0.101095 0.028607 -0.036675 -0.017754 0.006985 0.271376 -0.170570 0.054861 -0.145414 0.143395 -0.156304 -0.197282 -0.218485 0.016198 -0.282377 -0.130088 -0.116952 -0.007333 -0.046422 -0.119939 0.052022 -0.114472 0.104408 0.109179 0.068726 0.102326 0.140076 0.137716 0.054549 0.049515 0.182849 -0.098020 0.024588 0.019103 -0.056393 -0.016463 0.044776 -0.079177 0.251358 0.175158 0.054637 -0.091844 -0.124583
-0.495304 -0.057853 -0.379043 -0.211550 -0.149141 -0.179960 -0.292595 -0.173614 0.045698 -0.127588 0.359123 1.000000 0.161807 0.671856 0.297215 0.343632 0.505081 0.428857 -0.211772 -0.139013 0.221785 -0.382344 -0.228541 -0.270812 -0.144720 -0.469848 0.045881 -0.078984 0.264195 0.557613 -0.186210 -0.222803 -0.087061 -0.076979 0.142522 0.055671 -0.162614 -0.065149 -0.176315 -0.289805 0.364576 0.072699 0.043993 -0.074562 -0.003937 -0.023543 -0.110317 -0.071970 0.079215 -0.089166 -0.030472 -0.022916 -0.057096 0.028788 -0.235994 -0.085149 -0.035094 0.050946 0.090656 -0.098301 0.417096 -0.192972 0.356803 0.074610 0.212044 -0.069261 0.019079 -0.180626 0.115999 -0.197179 -0.101859 -0.227678 -0.175322 0.209208 -0.199111 -0.056351 -0.241184 0.109119 0.347130 0.129386 0.208446 0.235967 0.031982 -0.291303 0.085844 -0.031823 -0.295297 -0.112128 0.068327 -0.101036 0.009650 0.120171 -0.153450 0.145091 -0.219114 0.292772 0.028588 0.229689 0.160222 0.257254 0.171111 0.369027 0.237894 0.347784 0.098534 0.236946 0.161870 0.011634 -0.104610 0.208139 0.037535 0.108523 0.125852 0.083403 -0.084687 -0.164968
-0.024560 -0.204215 0.196972 -0.057095 0.234784 0.011588 0.236738 0.245513 0.064185 0.076529 0.528658 0.161807 1.000000 0.263152 0.086781 0.027601 0.002148 -0.020894 -0.180512 -0.172601 -0.087979 -0.011876 0.114809 0.020420 0.225449 0.061077 0.090201 -0.143786 0.289167 -0.102319 0.148745 0.109410 -0.081782 0.017751 -0.119309 -0.085141 -0.116400 -0.130952 -0.182291 -0.268530 0.009959 -0.296110 -0.095663 0.036754 -0.103374 -0.028517 0.034743 -0.008606 0.053834 0.106253 -0.130581 0.104574 0.134029 -0.098527 -0.257896 -0.161537 -0.128981 -0.338485 0.146221 0.066243 0.102804 0.093250 0.007101 -0.093544 -0.131861 0.107749 -0.064690 -0.043171 -0.318749 -0.117877 0.146774 0.103700 0.238493 0.086915 0.261232 0.124386 0.213539 0.173324 -0.045832 -0.065575 0.061400 -0.033648 0.002322 0.015652 -0.068648 -0.140958 -0.053724 -0.142163 -0.244889 -0.210622 -0.115436 -0.120489 0.024628 -0.008271 -0.099227 -0.177124 -0.092527 -0.046149 -0.119737 -0.041759 0.034590 -0.055559 -0.193678 -0.027619 -0.156002 -0.049704 -0.342033 -0.280399 -0.192671 0.123150 -0.052530 0.072191 0.231457 0.090118 -0.090438 -0.215133
-0.489851 -0.119706 -0.239495 -0.228771 0.063588 -0.169948 -0.103596 -0.092470 0.245572 0.120928 0.358779 0.671856 0.263152 1.000000 0.392296 0.531050 0.497769 0.236245 -0.009804 -0.116062 0.343977 -0.222738 -0.154473 -0.376294 -0.018918 -0.344592 0.086965 0.022109 0.219701 0.527982 0.213470 -0.077561 -0.349388 -0.420912 -0.139858 -0.082132 -0.235660 -0.043758 -0.260742 -0.198585 0.238996 -0.039499 0.150150 -0.090159 -0.085947 -0.027889 0.036140 -0.135800 0.114514 -0.055492 0.138467 0.011993 0.059255 0.081338 -0.256580 -0.132871 0.023596 -0.018577 0.111200 0.032592 0.352397 -0.280390 0.236077 -0.135114 0.043119 -0.350853 -0.141831 -0.365035 0.101310 -0.252406 0.361930 0.111824 0.130684 0.491074 0.197850 0.349307 -0.103052 0.396502 0.216310 0.263282 0.286093 0.218370 0.199927 -0.308502 0.052770 -0.225605 -0.251538 -0.228097 -0.047586 -0.148891 0.128830 0.032460 -0.003286 0.015922 -0.229579 0.213530 0.042181 0.125765 0.281001 0.192212 0.181480 0.098758 0.074136 0.174067 -0.055033 0.207685 0.018977 -0.161797 -0.172002 0.194629 -0.168364 0.131292 0.367240 0.097837 -0.146344 -0.270809
-0.256571 -0.115748 -0.193337 -0.029819 0.528927 0.105340 -0.173954 -0.339785 0.775415 0.300046 0.230475 0.297215 0.086781 0.392296 1.000000 0.731574 0.315134 0.065880 0.171131 0.116997 0.469413 -0.189582 0.089284 0.034618 0.443332 -0.081595 0.293060 0.222649 0.359665 0.283381 0.267137 -0.070679 -0.384061 -0.349951 -0.095176 -0.184150 -0.248028 -0.103449 -0.206896 -0.279048 0.198533 -0.035309 -0.177462 -0.173102 -0.210685 -0.169408 -0.081455 -0.229519 -0.099416 -0.228606 0.166926 -0.098200 -0.035222 -0.027742 -0.091351 -0.171539 -0.018294 0.076999 -0.012637 -0.071466 0.096625 -0.256909 0.063383 -0.246766 0.257792 -0.168601 -0.101245 -0.226384 0.049832 -0.083064 0.040460 -0.109995 -0.013988 0.250990 0.066878 0.268804 -0.173176 0.266037 0.232535 0.184892 0.212152 0.061813 0.524955 0.001031 0.388078 -0.028503 0.286331 -0.004296 0.109226 0.055279 0.115591 0.093578 0.118672 0.063207 -0.182747 -0.000054 0.117817 0.085330 0.101799 0.021123 0.090914 0.065905 0.122464 0.133688 0.025809 0.142906 0.220018 -0.208676 -0.255179 0.146121 -0.245007 -0.024943 0.137094 0.032496 -0.077417 -0.165837
-0.202142 -0.202545 -0.093017 -0.048035 0.330714 0.133109 -0.037386 -0.246222 0.644338 0.633807 0.262288 0.343632 0.027601 0.531050 0.731574 1.000000 0.289474 0.121949 0.168692 0.098198 0.249384 -0.056525 0.076144 -0.007427 0.112958 -0.043754 0.216178 0.240447 0.214375 0.440022 0.278622 0.014838 -0.427436 -0.476176 -0.239796 -0.344972 -0.260693 -0.096469 -0.182306 -0.098274 0.069506 0.212846 -0.254788 -0.261913 -0.203475 -0.233101 -0.143232 -0.290732 -0.131684 -0.265367 0.112629 -0.141347 -0.112818 -0.113018 -0.036507 -0.054844 0.031040 0.024876 0.032805 0.018817 0.090124 -0.249504 0.015055 -0.225281 0.185531 -0.205980 -0.161626 -0.295289 0.145384 -0.012368 0.048255 0.117998 0.001848 0.476158 0.097037 0.445496 -0.074621 0.293928 0.139132 0.165841 0.145467 0.032304 0.385678 0.046105 0.205086 -0.050375 0.228616 0.060221 0.152605 0.205058 0.031912 0.166567 0.020220 0.113291 -0.136423 -0.038924 -0.028667 0.047120 -0.075528 0.052355 0.059036 0.118937 0.055561 0.157902 -0.023682 0.103028 0.202064 -0.120347 -0.293985 0.103901 -0.237822 -0.038073 0.132547 0.067762 -0.039151 -0.224364
-0.536973 -0.088349 -0.563745 -0.490480 -0.295429 -0.411674 -0.519994 -0.620415 0.083379 -0.207685 0.350863 0.505081 0.002148 0.497769 0.315134 0.289474 1.000000 0.485692 -0.217689 -0.096177 0.159044 -0.601673 -0.315902 -0.420529 -0.257293 -0.592970 -0.103840 -0.159614 0.316784 0.643093 -0.337905 -0.485876 -0.012671 -0.037343 0.311004 0.199274 -0.200712 -0.077620 -0.090166 -0.404813 0.489986 0.119293 0.249283 0.038799 0.176061 0.135601 -0.004032 0.045876 0.290641 0.004673 0.314884 0.081641 0.121888 0.254712 -0.035015 -0.030818 0.408555 0.368010 0.139988 -0.095862 0.589717 -0.117267 0.576851 0.156382 0.295825 -0.234220 0.221213 -0.196316 0.143455 -0.193955 -0.149341 -0.438392 -0.183272 0.328867 -0.253747 -0.064970 -0.446227 0.137261 0.640098 0.231974 0.456907 0.246861 0.177671 -0.576182 0.058248 -0.300395 -0.320327 -0.228171 0.162817 -0.100761 0.220346 0.245343 -0.048978 0.162999 -0.202382 0.396726 0.321956 0.303101 0.525551 0.405254 0.398188 0.307755 0.373826 0.431329 0.005735 0.259234 0.278978 0.163649 -0.007025 0.205561 0.034890 0.126049 0.117635 -0.083095 -0.104719 -0.085942
-0.418691 -0.122242 -0.409013 -0.397802 -0.405755 -0.457842 -0.381695 -0.371295 0.015213 -0.210934 -0.032496 0.428857 -0.020894 0.236245 0.065880 0.121949 0.485692 1.000000 -0.133525 0.042242 -0.151050 -0.217997 -0.108473 -0.186927 -0.268567 -0.287674 -0.268586 -0.351235 0.135581 0.531233 -0.170196 0.040815 -0.037897 0.052519 0.095670 -0.036698 -0.048244 0.037592 -0.113856 -0.150937 0.185436 0.101723 0.088014 -0.054860 0.044219 -0.017670 -0.126604 -0.175157 -0.053079 -0.142994 0.137294 0.008107 -0.025712 -0.034568 -0.322808 -0.009908 0.000219 0.308256 -0.137502 -0.223487 0.246456 -0.080348 0.268550 0.372723 -0.010319 -0.268031 0.033100 -0.289457 0.123763 -0.212600 -0.201624 -0.044038 -0.055115 0.308895 -0.080402 0.083775 -0.035135 0.296406 0.416136 0.515883 0.381925 0.499416 0.078665 -0.183916 0.041418 -0.152746 -0.125518 0.026960 0.147194 -0.131007 0.192589 0.128162 0.051850 0.039855 -0.085619 0.137782 -0.000493 -0.007076 0.225544 0.105276 0.223790 0.112060 0.156716 0.127811 0.125052 0.253375 0.109013 0.033624 -0.118445 0.016873 0.044901 -0.013190 -0.081549 -0.175194 -0.066232 -0.057913
0.484473 0.315528 0.334100 0.468125 0.306390 0.326583 0.348711 0.246511 0.256641 0.212083 -0.156179 -0.211772 -0.180512 -0.009804 0.171131 0.168692 -0.217689 -0.133525 1.000000 0.483480 0.224615 0.261176 0.255359 0.053460 0.065528 0.161603 0.502946 0.453418 -0.003575 -0.180811 0.292935 0.254428 -0.001065 -0.124648 -0.172420 -0.271130 -0.300676 -0.246271 -0.259589 -0.051587 -0.237513 0.063008 -0.190669 -0.310166 -0.304319 -0.327602 -0.123300 -0.294535 -0.330655 -0.196880 0.046518 -0.239760 0.079238 -0.148797 -0.075669 -0.296627 0.237424 0.225427 -0.063717 0.207264 -0.166060 0.118707 -0.170633 -0.034904 -0.140714 -0.135147 -0.077372 -0.351545 0.236372 -0.209039 0.288092 0.196877 0.378352 0.058215 0.367798 0.171246 0.186309 0.077118 -0.157045 0.059954 -0.024882 -0.186955 0.157120 0.353957 0.240075 -0.032862 0.382082 0.153266 0.214264 0.305542 -0.184178 -0.213597 -0.027293 -0.304049 -0.322625 -0.399427 -0.346977 -0.409366 -0.133147 -0.275482 -0.137565 -0.297586 -0.234516 -0.296213 -0.231116 -0.165393 -0.020592 -0.255055 -0.383695 -0.197107 -0.404454 -0.079655 0.130969 -0.119026 -0.361145 -0.260132
0.322822 0.614325 -0.042013 0.365803 0.187813 0.087544 0.040539 0.175581 0.239548 0.098422 -0.141055 -0.139013 -0.172601 -0.116062 0.116997 0.098198 -0.096177 0.042242 0.483480 1.000000 -0.050823 0.089621 0.074515 0.061750 0.041429 0.042930 0.205751 0.130335 -0.032529 -0.093353 0.193303 0.127323 -0.160686 0.010439 -0.255944 -0.301992 -0.183576 -0.218321 -0.290448 -0.134646 -0.123310 0.105653 -0.158297 -0.234314 -0.228829 -0.250477 -0.008793 -0.168647 -0.166413 -0.169026 -0.043750 -0.122693 -0.086911 -0.157559 -0.191446 -0.406495 0.184245 0.484359 -0.137920 -0.039959 -0.290832 0.028182 -0.165976 0.003455 -0.201096 -0.191568 -0.296262 -0.275915 0.376291 0.328304 0.165056 0.160350 0.164520 0.059638 0.205743 0.178809 0.191859 0.201528 -0.237272 0.145079 0.018576 -0.007898 0.024984 0.371002 0.141379 -0.051137 0.162040 0.078286 0.092532 0.136567 0.121209 -0.262416 0.047603 -0.324287 -0.026055 -0.243221 -0.238333 -0.362528 0.012625 -0.370828 0.017212 -0.232206 -0.044974 -0.133517 -0.133160 -0.084614 0.039048 -0.139752 -0.074891 -0.188644 -0.139054 -0.111786 0.068636 -0.204050 -0.229069 -0.220681
-0.147936 0.005689 0.005905 0.124083 0.279374 0.095432 0.002774 -0.192702 0.211614 -0.009084 0.059547 0.221785 -0.087979 0.343977 0.469413 0.249384 0.159044 -0.151050 0.224615 -0.050823 1.000000 -0.074631 0.112591 -0.026622 0.402576 -0.259803 0.338817 0.215778 0.127419 0.164188 0.108219 -0.270226 -0.207819 -0.286875 0.041958 0.058854 -0.060884 0.000803 0.035322 -0.256838 0.319745 0.043620 0.163304 0.068300 -0.026369 0.062893 -0.130514 -0.151459 0.033400 -0.001082 0.173205 0.037911 0.033044 0.179691 -0.004232 -0.108061 -0.032313 -0.050759 0.028879 0.003951 0.067502 -0.260164 -0.000128 -0.328166 0.213420 -0.073559 -0.042908 -0.075721 0.165462 -0.204886 0.166696 -0.222386 -0.052789 0.089958 0.002920 0.005983 -0.258195 0.097445 0.250602 0.044210 0.095125 0.078566 0.223064 -0.235477 0.138790 0.046943 0.029935 -0.150711 0.051184 -0.023680 -0.033481 -0.037917 -0.092812 -0.006144 -0.055293 0.205949 0.022800 0.005925 0.143849 0.023360 -0.021878 0.036929 0.095208 -0.076336 0.131104 0.173714 0.168080 -0.160129 -0.051321 0.135736 -0.318026 -0.089716 0.108186 0.084243 -0.150918 0.011706
0.404829 -0.081725 0.473201 0.398068 0.200934 0.331398 0.420880 0.365323 -0.001855 0.330790 -0.318263 -0.382344 -0.011876 -0.222738 -0.189582 -0.056525 -0.601673 -0.217997 0.261176 0.089621 -0.074631 1.000000 0.415698 0.425745 0.221228 0.791509 -0.041001 0.075704 -0.170834 -0.577577 0.384385 0.603624 -0.094281 -0.133877 -0.482234 -0.328654 0.274515 0.215666 0.053847 0.545843 -0.414908 0.139528 -0.128842 -0.091087 -0.196939 -0.193735 -0.225202 -0.274785 -0.355491 -0.159624 -0.143171 -0.141516 -0.001597 -0.129271 0.000342 0.179236 -0.204051 -0.326138 -0.227353 -0.142883 -0.541503 -0.033958 -0.527376 -0.158783 -0.270003 0.000935 -0.370928 -0.059914 -0.057165 0.001402 0.192316 0.584095 0.165394 -0.299030 0.212428 0.059971 0.339498 -0.070917 -0.213027 0.030068 0.011378 0.088016 -0.058677 0.420932 0.097269 0.281365 0.200649 0.324341 0.078992 0.343440 -0.180334 -0.126214 -0.007731 -0.135986 0.250545 -0.401898 -0.309373 -0.404830 -0.479219 -0.386416 -0.339149 -0.251691 -0.313916 -0.458163 -0.009622 -0.306078 -0.198766 -0.270904 -0.137044 -0.157145 -0.186348 -0.249738 -0.251197 -0.019791 -0.004714 0.118774
0.262001 -0.162522 0.488364 0.410754 0.314868 0.335274 0.476906 0.194828 0.072979 0.190285 -0.183581 -0.228541 0.114809 -0.154473 0.089284 0.076144 -0.315902 -0.108473 0.255359 0.074515 0.112591 0.415698 1.000000 0.757897 0.364901 0.468373 0.245088 0.287360 0.016758 -0.211903 0.428003 0.510025 0.019463 0.098336 -0.148591 -0.113733 0.051999 0.183724 -0.008491 0.065488 -0.035122 0.117138 -0.063950 -0.011887 -0.216802 -0.137671 -0.040895 -0.155299 -0.329197 -0.183824 0.161609 -0.083295 0.046884 -0.040474 -0.175803 -0.089629 -0.255279 -0.247432 -0.170487 -0.399045 -0.311847 -0.247416 -0.352684 -0.309992 0.259627 0.088358 -0.264321 -0.085899 -0.044734 -0.161120 0.065097 0.220199 0.159498 0.029169 0.267996 0.139563 0.310358 0.228967 -0.114962 0.134694 -0.058618 0.037575 -0.023594 0.283025 0.315059 0.396111 0.141233 0.135533 0.099130 -0.049471 -0.205105 -0.175693 -0.134521 -0.224433 0.129154 -0.163295 -0.130279 -0.185507 -0.177910 -0.229561 -0.285621 -0.193767 -0.401300 -0.339730 -0.275964 -0.327520 -0.391020 -0.561594 -0.137024 0.152730 -0.117067 -0.198899 0.001611 0.092959 -0.287429 -0.170517
0.243465 -0.239554 0.483004 0.544290 0.265349 0.516914 0.380189 0.240878 0.092458 0.256363 -0.304088 -0.270812 0.020420 -0.376294 0.034618 -0.007427 -0.420529 -0.186927 0.053460 0.061750 -0.026622 0.425745 0.757897 1.000000 0.292768 0.595315 0.240508 0.362604 -0.176680 -0.403071 0.213865 0.453441 -0.085831 0.109490 -0.134086 0.000337 0.154057 0.239800 0.068391 0.166554 -0.141378 0.128172 -0.178628 -0.061358 -0.201099 -0.117286 -0.113417 -0.121232 -0.370459 -0.261097 0.027419 -0.138707 -0.155488 -0.108077 -0.049885 0.021814 -0.339833 -0.300153 -0.262894 -0.458791 -0.503532 -0.323484 -0.480607 -0.338288 0.218218 0.184907 -0.325807 0.171175 -0.056554 0.122608 -0.148361 0.184241 -0.052125 -0.226897 -0.013130 -0.062261 0.188978 -0.008500 -0.213324 -0.050651 -0.197466 -0.129932 -0.031122 0.308449 0.304692 0.428302 0.170234 0.311211 0.149780 0.055015 -0.094780 -0.044225 -0.044410 -0.084435 0.141909 -0.244460 -0.144430 -0.084935 -0.294348 -0.239763 -0.302302 -0.141244 -0.284877 -0.312877 -0.083733 -0.215086 -0.254079 -0.306907 0.080970 0.008169 0.058361 -0.320287 -0.181549 0.000772 -0.035615 -0.000532
-0.031886 -0.133140 0.238322 0.229342 0.717054 0.271979 0.200459 0.148463 0.446091 0.251882 -0.113484 -0.144720 0.225449 -0.018918 0.443332 0.112958 -0.257293 -0.268567 0.065528 0.041429 0.402576 0.221228 0.364901 0.292768 1.000000 0.385166 0.116552 0.063814 0.204567 -0.236659 0.560263 0.202739 -0.328855 -0.215655 -0.272155 -0.156280 0.011005 0.026993 -0.070766 -0.144346 0.037506 -0.171128 -0.129334 0.006062 -0.236065 -0.133835 0.010042 -0.183487 -0.177843 -0.098393 0.040353 -0.029510 0.049642 0.038601 -0.162792 -0.179726 -0.334204 -0.263920 -0.179807 -0.206624 -0.320061 -0.270576 -0.356154 -0.418181 -0.055925 -0.039273 -0.349807 -0.050857 -0.059803 -0.006964 0.178151 0.180578 0.109950 -0.017698 0.246165 0.215361 0.068217 0.164044 -0.032497 0.059483 0.182821 0.098148 0.175000 0.086307 0.329199 0.228577 0.213301 0.007726 -0.142282 -0.159391 -0.084238 -0.191740 0.068045 -0.057441 -0.007100 -0.182298 0.073410 -0.070864 -0.105476 -0.229042 -0.047103 -0.060435 -0.073626 -0.146252 0.033031 -0.010739 -0.031611 -0.272909 -0.081973 0.030724 -0.188225 -0.122782 0.005717 0.108449 -0.029768 -0.018364
0.296516 -0.217427 0.460712 0.445802 0.301724 0.477578 0.339148 0.388757 0.136581 0.401896 -0.330758 -0.469848 0.061077 -0.344592 -0.081595 -0.043754 -0.592970 -0.287674 0.161603 0.042930 -0.259803 0.791509 0.468373 0.595315 0.385166 1.000000 0.028282 0.176598 -0.213082 -0.594205 0.422395 0.656512 -0.160811 -0.036192 -0.412732 -0.232602 0.176856 0.201905 0.029450 0.443070 -0.397253 0.008666 -0.228916 -0.103154 -0.309472 -0.197780 -0.139638 -0.205604 -0.367494 -0.190584 -0.038125 -0.096130 -0.039683 -0.177256 0.002382 0.116237 -0.337835 -0.340369 -0.242071 -0.222105 -0.590403 -0.098745 -0.599876 -0.239453 -0.191108 0.099108 -0.387176 0.071120 -0.146103 0.066919 0.131556 0.545885 0.141888 -0.258694 0.197190 0.069332 0.309106 -0.038653 -0.263796 0.059256 0.004411 0.028567 0.002387 0.446047 0.262852 0.319109 0.283319 0.428712 0.060238 0.264836 -0.159685 -0.122886 0.030296 -0.140542 0.172040 -0.464776 -0.146266 -0.268449 -0.460477 -0.396907 -0.335773 -0.249773 -0.320729 -0.426162 -0.058970 -0.320508 -0.230559 -0.249266 -0.110617 -0.170788 -0.036364 -0.297992 -0.285896 -0.077317 0.006643 0.062435
0.250692 0.199376 0.349922 0.546818 0.412552 0.545530 0.352960 0.308175 0.275120 0.203076 -0.005723 0.045881 0.090201 0.086965 0.293060 0.216178 -0.103840 -0.268586 0.502946 0.205751 0.338817 -0.041001 0.245088 0.240508 0.116552 0.028282 1.000000 0.753547 0.002681 -0.112315 0.052881 0.022075 -0.155896 -0.087230 0.049685 -0.023142 -0.261372 -0.285571 -0.282680 -0.243891 -0.056888 0.011920 0.013325 -0.117216 -0.101245 -0.010337 0.101691 -0.045956 -0.077013 0.078058 0.194727 0.022766 0.117397 -0.003290 -0.013199 -0.286304 -0.065225 0.045920 0.062414 0.088863 -0.088390 -0.003737 -0.091169 -0.114794 0.164661 0.166050 -0.039932 0.000367 -0.038926 -0.231196 0.090750 -0.124048 -0.008405 0.007776 0.065682 -0.099225 0.061909 -0.015101 -0.319284 -0.126930 -0.369777 -0.269641 0.028129 0.292600 0.228186 0.028253 0.123278 0.037369 0.093243 0.219940 -0.180312 -0.219602 -0.077656 -0.229988 -0.352871 -0.394303 -0.272722 -0.254237 -0.071684 -0.275850 -0.121279 -0.122917 -0.154691 -0.150613 -0.288790 -0.201552 -0.276932 -0.312800 -0.294546 0.098213 -0.123208 -0.126815 0.235279 -0.114963 -0.304897 -0.399208
0.222377 0.044811 0.364811 0.554525 0.364101 0.632544 0.346842 0.225852 0.211897 0.284979 -0.179739 -0.078984 -0.143786 0.022109 0.222649 0.240447 -0.159614 -0.351235 0.453418 0.130335 0.215778 0.075704 0.287360 0.362604 0.063814 0.176598 0.753547 1.000000 -0.155655 -0.136887 0.066290 0.002069 -0.191140 -0.237063 0.016982 -0.028779 -0.190153 -0.117759 -0.113479 0.043808 -0.092816 0.088929 -0.009050 -0.223687 -0.120292 -0.073812 0.097818 -0.150650 -0.154182 -0.101719 0.171633 -0.081479 0.016559 -0.032574 0.157887 -0.090308 0.011057 0.002798 -0.021595 0.011874 -0.161908 -0.150081 -0.122983 -0.248027 0.208980 0.042016 -0.094874 0.025894 -0.008652 -0.082056 0.087851 0.010142 -0.049248 -0.052437 0.001069 -0.047913 -0.051517 -0.069836 -0.335804 -0.119641 -0.304845 -0.263887 0.067730 0.230656 0.310069 0.135930 0.068132 0.149139 0.213709 0.287263 -0.135161 -0.052732 0.007166 -0.120891 -0.260393 -0.279837 -0.183852 -0.059405 -0.068209 -0.165730 -0.169480 -0.102994 -0.166941 -0.126863 -0.212908 -0.179841 -0.131559 -0.131615 -0.199604 -0.002193 -0.133466 -0.190090 0.155387 -0.079494 -0.135839 -0.224787
-0.045778 -0.083033 -0.174581 -0.290733 0.241864 -0.163295 0.027470 -0.179831 0.219119 -0.041062 0.401300 0.264195 0.289167 0.219701 0.359665 0.214375 0.316784 0.135581 -0.003575 -0.032529 0.127419 -0.170834 0.016758 -0.176680 0.204567 -0.213082 0.002681 -0.155655 1.000000 0.264582 0.161675 -0.045289 0.123481 0.087782 0.035932 -0.073596 -0.029742 0.020572 -0.046807 -0.219977 0.215541 -0.151536 0.025853 0.078012 -0.035322 -0.099488 0.115104 0.031085 -0.075037 -0.012164 0.008686 0.001326 0.125677 0.049569 -0.169008 -0.161257 0.129239 -0.026502 -0.067900 -0.045027 0.232220 0.097091 0.330727 0.137065 0.042387 -0.151370 -0.015510 -0.319676 -0.159857 -0.181581 -0.034940 -0.156447 0.413399 0.058084 0.186779 0.037921 0.082881 0.164257 0.395677 0.207463 0.388631 0.210462 0.174315 0.054239 0.096424 -0.151902 0.109811 -0.234274 -0.125232 -0.332568 -0.190627 -0.115558 -0.084995 -0.063959 -0.087515 0.016737 0.241975 0.072548 0.053549 0.042911 -0.018542 -0.065770 -0.110675 0.091637 -0.216002 -0.066101 -0.010207 -0.164518 -0.045100 0.138776 0.058107 0.169787 0.186834 -0.017845 -0.192647 -0.208105
-0.523471 -0.020782 -0.539562 -0.398247 -0.270026 -0.311546 -0.414663 -0.435895 0.052836 -0.030618 0.132697 0.557613 -0.102319 0.527982 0.283381 0.440022 0.643093 0.531233 -0.180811 -0.093353 0.164188 -0.577577 -0.211903 -0.403071 -0.236659 -0.594205 -0.112315 -0.136887 0.264582 1.000000 -0.180725 -0.314902 -0.127884 -0.174999 0.213126 0.048218 -0.177522 0.032397 -0.037707 -0.323686 0.454877 0.096896 0.161859 -0.022455 0.035513 -0.067621 0.056940 -0.073521 0.108030 -0.112680 0.212306 -0.009646 -0.024654 0.038909 -0.158397 -0.088803 0.086751 0.268704 0.094292 -0.143300 0.435162 -0.235527 0.371217 0.050825 0.244953 -0.323895 0.043551 -0.334486 0.160384 -0.201046 -0.017188 -0.214429 -0.066848 0.698049 -0.007279 0.336830 -0.176473 0.445940 0.386579 0.384128 0.321011 0.475014 0.016051 -0.384432 0.051660 -0.064857 -0.246384 -0.212965 0.058860 -0.272274 0.072116 0.151408 -0.023381 0.095326 -0.091173 0.507080 0.245917 0.306003 0.361064 0.323312 0.293627 0.254663 0.270404 0.365433 0.056647 0.322392 0.227867 0.066643 -0.094897 0.342049 0.012260 0.011829 0.102806 0.014544 -0.061404 -0.148461
0.027533 -0.079749 0.302511 0.180533 0.538846 0.106702 0.427892 0.334706 0.472401 0.407620 -0.090641 -0.186210 0.148745 0.213470 0.267137 0.278622 -0.337905 -0.170196 0.292935 0.193303 0.108219 0.384385 0.428003 0.213865 0.560263 0.422395 0.052881 0.066290 0.161675 -0.180725 1.000000 0.679741 -0.339884 -0.272785 -0.583604 -0.428138 0.034705 0.038838 -0.113282 0.095209 -0.197802 -0.154327 -0.236075 -0.120029 -0.376385 -0.263106 0.065347 -0.196991 -0.350839 -0.203452 -0.019777 -0.181335 -0.092574 -0.154668 -0.252683 -0.191689 -0.299528 -0.224689 -0.374761 -0.168536 -0.399661 -0.273043 -0.333870 -0.311807 -0.157870 -0.272920 -0.498812 -0.255762 -0.088921 0.024236 0.553914 0.647734 0.542958 0.221919 0.650436 0.579691 0.495974 0.458698 -0.249555 0.269570 0.135533 0.026918 0.286391 0.377534 0.192776 0.115866 0.271870 0.010302 -0.233247 -0.158686 -0.027653 -0.266574 0.121604 -0.218556 0.032090 -0.301377 -0.029789 -0.262457 -0.146724 -0.310000 -0.162380 -0.277157 -0.290600 -0.347118 -0.177064 -0.184308 -0.209625 -0.405803 -0.056836 -0.106097 -0.199901 -0.007636 0.086723 0.084169 -0.088411 -0.153956
0.161175 -0.134916 0.375860 0.313235 0.172212 0.161119 0.389886 0.446341 0.182094 0.305904 -0.248064 -0.222803 0.109410 -0.077561 -0.070679 0.014838 -0.485876 0.040815 0.254428 0.127323 -0.270226 0.603624 0.510025 0.453441 0.202739 0.656512 0.022075 0.002069 -0.045289 -0.314902 0.679741 1.000000 -0.112752 0.071085 -0.450802 -0.274344 0.142925 0.096772 -0.082971 0.299419 -0.309028 0.038757 -0.215586 -0.041904 -0.255337 -0.171608 -0.033438 -0.111330 -0.384557 -0.143775 -0.060848 -0.146065 -0.157789 -0.278543 -0.256552 -0.042743 -0.424221 -0.341005 -0.372943 -0.266267 -0.473634 -0.189913 -0.420502 -0.068577 -0.158405 -0.020959 -0.397908 -0.071518 -0.149686 -0.045393 0.274625 0.700157 0.395955 0.070651 0.471959 0.325559 0.637247 0.300617 -0.277283 0.234131 0.029104 0.069722 -0.023746 0.551379 0.136444 0.258935 0.170030 0.329783 -0.135130 -0.014369 -0.197538 -0.303593 -0.049052 -0.324473 0.093613 -0.424727 -0.201514 -0.346245 -0.392360 -0.374934 -0.365408 -0.377675 -0.437229 -0.537089 -0.215303 -0.353115 -0.421450 -0.416214 -0.066289 -0.106618 0.015266 -0.118124 -0.119842 -0.031831 -0.171407 -0.147287
0.252322 0.067986 0.050249 -0.222709 -0.311788 -0.228119 0.036730 -0.081684 -0.476451 -0.467975 0.112436 -0.087061 -0.081782 -0.349388 -0.384061 -0.427436 -0.012671 -0.037897 -0.001065 -0.160686 -0.207819 -0.094281 0.019463 -0.085831 -0.328855 -0.160811 -0.155896 -0.191140 0.123481 -0.127884 -0.339884 -0.112752 1.000000 0.793640 0.489755 0.301953 0.113148 0.007091 0.179920 0.020773 0.084099 0.131407 0.059791 0.280215 0.220253 0.244824 0.056838 0.457656 0.037602 0.241610 -0.148980 0.057909 0.034871 0.056144 0.076530 0.001651 0.264349 0.016520 0.184729 0.255587 0.361372 0.589505 0.373380 0.530374 0.202332 0.459546 0.586527 0.350314 -0.082965 -0.109031 -0.361464 -0.371403 0.001469 -0.295932 -0.155530 -0.437781 0.011567 -0.420582 0.164541 -0.201529 -0.132338 -0.055122 -0.189361 0.004046 -0.245042 0.053143 -0.106932 -0.084983 -0.159901 -0.106820 -0.351587 -0.107847 -0.394990 -0.111893 0.005935 0.040623 0.073665 -0.024123 -0.105298 0.120793 -0.276243 -0.067640 -0.246983 -0.005482 -0.354413 -0.410069 -0.184212 0.000269 0.118092 -0.022203 0.348559 0.310067 0.024498 -0.006525 -0.323340 -0.170509
0.167497 0.077789 0.078433 -0.147100 -0.248304 -0.211490 0.032415 0.007086 -0.375589 -0.440285 0.018599 -0.076979 0.017751 -0.420912 -0.349951 -0.476176 -0.037343 0.052519 -0.124648 0.010439 -0.286875 -0.133877 0.098336 0.109490 -0.215655 -0.036192 -0.087230 -0.237063 0.087782 -0.174999 -0.272785 0.071085 0.793640 1.000000 0.447296 0.395935 0.142937 -0.032976 0.149156 -0.081956 0.130166 0.099934 0.004156 0.301168 0.216236 0.288806 0.087357 0.492041 0.048521 0.240490 -0.100775 0.094788 -0.055714 -0.025835 -0.046648 -0.076813 0.062859 0.029995 0.113631 0.034529 0.258815 0.437729 0.255150 0.487113 0.212403 0.515595 0.430340 0.414742 -0.101133 0.011373 -0.425082 -0.354049 -0.068112 -0.306383 -0.176997 -0.469658 0.079985 -0.324422 0.091508 -0.087567 -0.149606 -0.054809 -0.283814 0.131754 -0.225366 0.024361 -0.123407 0.011141 -0.198852 -0.183340 -0.309836 -0.206437 -0.400814 -0.205086 0.084557 -0.074292 0.024718 -0.048184 -0.144567 -0.015912 -0.295598 -0.082777 -0.226157 -0.061747 -0.365197 -0.439692 -0.342733 -0.134101 0.184786 -0.015198 0.479182 0.135213 -0.033633 -0.135064 -0.348992 -0.223567
-0.142810 -0.022179 -0.173773 -0.245181 -0.289509 -0.208148 -0.266263 -0.338015 -0.283709 -0.463234 0.036174 0.142522 -0.119309 -0.139858 -0.095176 -0.239796 0.311004 0.095670 -0.172420 -0.255944 0.041958 -0.482234 -0.148591 -0.134086 -0.272155 -0.412732 0.049685 0.016982 0.035932 0.213126 -0.583604 -0.450802 0.489755 0.447296 1.000000 0.720600 0.029036 -0.086885 0.127197 -0.230940 0.376824 0.117184 0.283783 0.269064 0.233755 0.232101 0.146861 0.434460 0.180957 0.176242 0.009548 0.198202 -0.009806 0.172336 0.173055 -0.072551 0.175399 0.080876 0.322859 0.146100 0.493153 0.176946 0.461717 0.162597 0.501896 0.367550 0.721295 0.400943 0.131085 -0.055290 -0.502856 -0.700003 -0.362735 -0.149217 -0.508105 -0.526606 -0.383837 -0.339210 0.238943 -0.119836 -0.139225 -0.014180 -0.145886 -0.233471 -0.024364 0.007331 -0.320901 -0.155198 -0.047272 -0.140049 -0.201608 0.159915 -0.257636 0.144833 -0.096884 0.290943 0.091600 0.242915 0.039660 0.332901 -0.100539 0.127181 -0.069258 0.239353 -0.108206 -0.021709 -0.016887 0.115697 0.102379 0.227025 0.426104 0.279193 0.130135 0.118741 -0.141074 -0.078562
-0.269931 -0.138888 -0.048448 -0.201227 -0.173553 -0.109555 -0.158090 -0.232771 -0.258119 -0.345810 -0.043672 0.055671 -0.085141 -0.082132 -0.184150 -0.344972 0.199274 -0.036698 -0.271130 -0.301992 0.058854 -0.328654 -0.113733 0.000337 -0.156280 -0.232602 -0.023142 -0.028779 -0.073596 0.048218 -0.428138 -0.274344 0.301953 0.395935 0.720600 1.000000 0.122202 0.067454 0.160910 -0.109365 0.220530 0.038920 0.286166 0.281682 0.225813 0.292377 0.170196 0.416456 0.214110 0.184090 0.024398 0.177486 -0.000796 0.333584 0.162625 0.071746 -0.035223 -0.115844 0.293305 -0.051839 0.406999 -0.070653 0.290373 -0.036181 0.468578 0.301463 0.487968 0.477108 0.087251 0.083342 -0.273571 -0.450435 -0.287608 -0.180648 -0.352994 -0.451922 -0.332556 -0.283831 0.160150 -0.159774 -0.133139 -0.085983 -0.158639 -0.285897 0.002942 -0.000493 -0.403291 -0.055867 -0.025758 -0.197203 -0.119981 0.176845 -0.263113 0.097322 -0.050832 0.264467 0.115853 0.298436 0.044329 0.263353 -0.128457 0.055675 -0.055467 0.117591 -0.118219 -0.094209 -0.080669 0.075654 0.282789 0.114839 0.432086 0.196820 0.066936 0.104672 -0.113360 -0.070741
