1.000000 0.650619 -0.143552 -0.403283 -0.226677 -0.345026 -0.062303 -0.124882 -0.246698 -0.245865 0.340241 0.076454 0.273614 0.280879 -0.212334 -0.082883 0.373655 0.429716 0.181465 -0.198348 -0.115230 -0.226867 -0.498348 -0.420883 -0.198193 -0.395960 -0.314247 -0.283142 0.163531 0.274230 -0.256665 -0.248792 0.345477 0.115067 -0.407236 -0.365831 -0.116380 -0.033022 -0.213884 -0.084796 0.014422 0.236049 0.302165 0.347408 0.302067 0.011318 0.088515 0.147491 0.280723 0.206454 0.102503 0.081850 0.465681 0.292518 0.497678 0.255794 0.477098 0.135130 0.252630 0.149496 0.496991 0.405722 0.399685 0.544048 -0.273550 -0.381699 0.260441 -0.437292 0.064716 -0.260514 -0.070182 -0.068935 0.177910 0.392207 0.422336 0.214471 0.517209 0.208810 -0.143904 0.261128 0.149504 0.051996 -0.044568 -0.051233 -0.209389 -0.220333 -0.007666 -0.017036 -0.352513 0.030486 -0.079149 -0.062398 -0.482723 -0.406940 -0.058616 0.139127 0.096539 0.179615 0.282001 0.403630 -0.077117 -0.012428 0.032702 -0.078424 -0.207465 -0.312227 0.116129 0.025446 0.158456 0.313482 -0.005299 0.179442 0.351832 0.006817 -0.134929 -0.253773
0.650619 1.000000 -0.352592 -0.426386 -0.249477 -0.486713 -0.249693 -0.378623 -0.290704 -0.361235 0.191141 0.247778 0.091071 0.277498 -0.156901 -0.087549 0.312111 0.390191 0.192000 0.069154 -0.167371 -0.080713 -0.382922 -0.288008 -0.169105 -0.414491 -0.193860 -0.211925 0.309171 0.305187 -0.123937 -0.136456 0.516406 0.063608 -0.288031 -0.375506 0.075475 0.012383 -0.174024 -0.044854 0.116152 0.229587 0.084988 0.062890 0.115432 -0.187466 0.045644 -0.020135 -0.028555 -0.033950 -0.169937 -0.075634 0.312667 0.045669 0.425638 0.108921 0.389893 0.385378 0.167868 0.292092 0.266475 0.449145 0.355405 0.602996 -0.295329 -0.483273 0.358676 -0.240773 0.286303 -0.017027 -0.074373 -0.155333 0.253700 0.394318 0.433087 0.042810 0.352209 0.096833 -0.091161 0.251330 0.289122 0.177408 0.195431 0.154321 -0.041418 0.086151 -0.039074 0.012455 -0.319140 0.188556 -0.183679 -0.269075 -0.299739 -0.303523 -0.145653 -0.061488 0.070678 0.090485 0.167672 0.228188 0.184182 0.156923 0.359918 0.099873 -0.039750 -0.220872 0.170877 0.107302 -0.116483 0.051406 -0.155884 0.169597 0.296592 0.113535 -0.101321 -0.107908
-0.143552 -0.352592 1.000000 0.100912 0.130793 -0.085650 0.551605 0.441557 0.342535 0.124538 -0.137930 -0.237027 0.104459 -0.005038 0.014052 -0.161418 -0.234241 -0.161757 0.245932 -0.345533 0.006473 -0.214931 0.350494 0.016628 0.260589 0.228300 -0.064412 -0.034533 -0.324974 -0.279557 0.365699 0.096385 -0.238512 -0.048482 0.011183 0.022272 -0.378816 -0.383509 0.112113 -0.267653 -0.230579 -0.307202 0.079823 0.072902 -0.114577 0.024332 -0.016030 0.009667 0.173338 -0.019925 0.163266 0.054591 0.078095 0.006607 0.062987 -0.126732 -0.365901 -0.376939 -0.033919 -0.171114 0.109258 -0.025190 -0.297504 -0.207026 0.067193 0.162595 0.022396 0.019743 -0.119274 -0.219036 0.204617 0.349169 -0.218666 -0.132277 -0.159615 0.090942 -0.205150 -0.128667 -0.173684 -0.238902 -0.240262 -0.392415 0.022814 -0.397854 -0.106373 -0.210374 0.103275 0.113102 0.064225 -0.252167 0.132262 0.296646 0.042380 0.174127 -0.031021 0.197473 -0.099055 -0.139701 -0.145180 -0.139106 -0.087701 -0.117679 -0.135337 0.129168 0.101464 0.167864 0.156932 0.027492 0.146482 0.094525 0.018573 -0.285109 -0.205615 -0.012261 -0.040043 -0.022204
-0.403283 -0.426386 0.100912 1.000000 -0.138119 0.150286 0.086426 0.042385 0.016849 -0.008068 0.132534 0.333156 0.027645 -0.119924 0.212095 0.226989 -0.220927 -0.341475 -0.163772 0.091914 0.306994 0.199889 0.583801 0.682804 0.000181 0.377306 0.342661 0.594192 -0.272008 -0.356077 0.277501 0.399462 -0.416780 -0.114743 0.307855 0.062970 -0.260551 -0.025669 0.191531 -0.054435 -0.471415 -0.203474 -0.358382 -0.305976 -0.434007 -0.118748 -0.319349 -0.251112 -0.384403 -0.263660 0.068294 -0.126412 -0.248897 -0.224955 -0.202646 -0.326283 -0.134274 -0.179564 -0.523139 -0.530235 -0.398025 -0.493814 -0.369993 -0.501548 0.126436 0.421218 -0.488107 -0.030703 0.064808 0.130427 0.178226 0.305873 -0.339054 -0.170592 -0.357636 -0.078836 -0.433898 -0.001724 0.064924 -0.100046 -0.161214 -0.256602 0.060657 -0.123187 0.402387 0.365986 0.285896 0.266985 0.455115 0.275429 -0.049047 0.188766 0.595442 0.150752 0.035208 0.033336 -0.383167 -0.127069 -0.333931 -0.239094 -0.223175 -0.304453 -0.227744 -0.033158 -0.081706 0.231033 0.157577 -0.208588 -0.008420 0.063020 -0.241146 -0.368539 -0.346299 -0.081284 0.034151 0.263497
-0.226677 -0.249477 0.130793 -0.138119 1.000000 0.193898 0.151059 0.077101 0.666379 0.453778 -0.328419 -0.384945 -0.191106 -0.199201 0.120407 -0.177610 -0.187121 -0.146200 0.129145 0.003418 -0.051702 -0.351915 0.042777 -0.368194 0.601393 0.005191 0.423563 -0.121210 -0.119733 -0.146104 -0.062490 -0.318245 0.080021 0.030169 0.164071 0.482469 0.006598 -0.114429 0.053261 -0.022642 0.145558 -0.000811 -0.163434 -0.123611 0.112665 0.213561 -0.185868 -0.073940 0.054547 0.207012 -0.036274 -0.100282 -0.297979 -0.267928 -0.287929 -0.267655 -0.295815 -0.066962 0.390473 0.178016 0.031807 0.078507 -0.071028 -0.094367 0.197616 0.223771 -0.024418 0.108442 -0.049327 0.042161 0.101273 -0.123077 -0.027115 -0.184235 -0.048878 -0.173847 0.034333 -0.079269 -0.206723 -0.208751 -0.198269 -0.051724 -0.109908 -0.149096 -0.092536 -0.091951 0.067995 -0.060771 0.111204 0.049700 0.114933 0.269121 0.098931 0.349090 -0.203771 0.009118 -0.034447 -0.156696 -0.193715 -0.219448 -0.205142 0.086518 -0.337158 -0.191378 -0.102265 0.028999 -0.406152 -0.051141 0.003683 -0.048026 0.107419 0.122697 -0.057246 -0.311735 -0.083545 -0.063761
-0.345026 -0.486713 -0.085650 0.150286 0.193898 1.000000 -0.414967 -0.130829 0.146590 0.621447 -0.197439 -0.400399 -0.257241 -0.505175 -0.009833 -0.140014 -0.335021 -0.283525 -0.362047 0.136767 0.024117 0.031616 0.012798 -0.088625 0.299068 0.410606 0.248751 0.411912 -0.444659 -0.265158 -0.339415 -0.330720 -0.332383 -0.324530 0.352493 0.297148 0.025243 0.200392 0.164283 0.195626 -0.079371 0.109459 0.064986 0.143840 0.174807 0.333465 0.120398 0.195826 0.349440 0.289698 0.176418 0.383470 -0.217138 -0.019772 -0.185169 0.068280 -0.138830 -0.041072 0.024689 0.145385 -0.390938 -0.406758 -0.271682 -0.448440 -0.070979 0.066508 -0.022913 0.473995 -0.331487 0.253946 0.098316 -0.192452 -0.365588 -0.036897 -0.208140 -0.229669 -0.271869 0.027879 0.126922 -0.039645 -0.327309 -0.137974 -0.363678 -0.228886 -0.152758 -0.087300 -0.173554 -0.219396 0.122595 -0.016463 0.222631 0.182968 0.286494 0.422082 0.117029 -0.129934 0.121097 -0.078071 0.135460 -0.015823 -0.101535 0.081969 -0.256691 -0.225822 0.010965 0.082188 -0.269275 -0.134164 -0.001776 -0.262071 0.356530 0.099786 -0.071002 -0.191901 -0.135461 -0.091555
-0.062303 -0.249693 0.551605 0.086426 0.151059 -0.414967 1.000000 0.354121 0.203251 -0.221796 0.098703 0.125904 0.204661 0.274379 0.209215 0.027583 0.192079 0.014794 0.486348 -0.433450 -0.160911 -0.248811 0.342849 0.267501 -0.102012 -0.248999 -0.155396 -0.266508 0.211308 -0.057613 0.421342 0.370131 -0.070961 0.309405 -0.263273 0.005758 -0.191964 -0.459884 -0.229888 -0.410571 0.004899 -0.403099 -0.122933 -0.197246 -0.204450 -0.168468 -0.109509 -0.143130 -0.275456 -0.271281 -0.020033 -0.417723 -0.093785 -0.065554 -0.182270 -0.243078 -0.186383 -0.417355 -0.100218 -0.406550 0.196910 0.035909 0.051715 -0.040738 0.329390 0.210766 -0.087701 -0.370095 0.088222 -0.398123 0.141133 0.439154 0.171674 -0.119618 -0.064194 0.358105 0.014849 -0.170307 0.033074 -0.053499 0.170068 -0.013732 0.097759 -0.025594 0.162691 0.043671 0.235143 0.329926 0.071099 -0.145697 -0.160947 0.284328 -0.085292 0.051040 -0.054997 0.285577 -0.418527 -0.059029 -0.354718 -0.213660 -0.057104 -0.172302 -0.145556 0.111825 -0.105996 0.141981 0.078311 0.056081 0.159206 0.244603 -0.221601 -0.246153 -0.229638 0.128934 0.286881 0.047688
-0.124882 -0.378623 0.441557 0.042385 0.077101 -0.130829 0.354121 1.000000 0.281257 0.238487 -0.326678 -0.166293 0.163075 0.395282 -0.004593 0.313517 -0.203672 0.234905 -0.217043 -0.351487 0.269483 0.170340 -0.193689 -0.154153 -0.152431 0.202576 -0.273470 -0.309141 -0.110535 0.224389 0.020645 -0.034463 -0.221047 0.127446 -0.249571 0.213161 -0.095748 0.122375 0.144103 0.187124 -0.029484 -0.061176 0.137905 0.157304 0.089044 0.183833 0.099722 0.048844 -0.015739 0.235061 -0.154429 0.125241 0.013754 0.143767 -0.010513 0.150315 -0.168229 -0.240843 -0.042328 -0.033497 0.095759 0.296133 -0.100768 0.028522 -0.101397 0.366097 -0.284446 -0.176870 -0.234335 -0.274821 -0.021225 0.115767 0.040819 -0.249818 -0.344261 0.272112 -0.099404 -0.066101 -0.037373 0.041194 -0.073701 -0.096417 -0.089315 0.029209 -0.400820 -0.558090 -0.047205 -0.195791 -0.044273 -0.267575 0.213993 -0.127224 -0.041596 -0.231147 0.017551 0.149121 0.179740 0.116392 0.013593 0.063749 -0.067277 -0.249471 -0.081850 -0.033381 0.101261 -0.030125 0.201990 0.175894 0.250329 0.143094 -0.068912 -0.144054 0.018654 -0.026673 -0.001425 0.052535
-0.246698 -0.290704 0.342535 0.016849 0.666379 0.146590 0.203251 0.281257 1.000000 0.632032 -0.224891 -0.256644 0.022551 -0.047645 0.353045 -0.025581 -0.255683 -0.162472 -0.046868 -0.229387 -0.144164 -0.275128 0.230989 -0.157855 0.358313 -0.001485 0.079463 -0.076788 -0.300052 -0.236909 -0.118191 -0.314637 -0.139771 -0.119282 0.133048 0.336935 -0.172015 -0.309739 0.074770 -0.127858 -0.156832 -0.224016 -0.105693 -0.055191 -0.019603 0.112077 -0.175184 0.025847 0.099588 0.085500 0.089238 -0.019533 -0.307959 -0.208029 -0.265039 -0.288945 -0.397518 -0.208643 0.193711 -0.042179 0.039997 -0.011445 -0.246612 -0.134817 0.261925 0.414101 -0.190062 0.046769 -0.125174 -0.044911 -0.002189 0.001756 -0.245654 -0.157424 -0.131359 -0.045957 -0.148983 -0.178458 -0.084522 -0.087173 -0.179840 -0.057018 -0.078235 -0.237884 -0.040635 -0.136397 0.034139 0.095792 0.166733 -0.095065 0.136784 0.271368 0.129424 0.337853 -0.185686 -0.040909 -0.105298 -0.188883 -0.156298 -0.208368 -0.127842 -0.047214 -0.225557 -0.051623 0.022401 0.144013 -0.118206 -0.103626 -0.037115 0.001416 0.101621 -0.005771 -0.162266 -0.194889 -0.007378 -0.054137
-0.245865 -0.361235 0.124538 -0.008068 0.453778 0.621447 -0.221796 0.238487 0.632032 1.000000 -0.241234 -0.308475 -0.047987 -0.078703 0.123467 0.038699 -0.317002 -0.032383 -0.323757 -0.099674 0.012663 -0.094793 -0.045281 -0.298342 0.318551 0.189895 0.065277 0.036614 -0.425464 -0.124785 -0.286991 -0.476815 -0.234424 -0.277437 0.223625 0.458604 -0.080265 0.036739 0.198310 0.191985 -0.122689 0.046239 -0.035738 0.055517 0.163014 0.302589 -0.005571 0.141352 0.307221 0.331355 0.025626 0.318475 -0.243397 -0.161553 -0.138236 -0.090057 -0.333068 -0.118834 0.259065 0.268579 -0.116324 0.023063 -0.215529 -0.163716 0.032158 0.403827 -0.058055 0.275339 -0.390441 0.125075 -0.153750 -0.206123 -0.359963 -0.203609 -0.255357 -0.159400 -0.307759 -0.150349 -0.044949 0.055454 -0.327825 -0.121918 -0.333258 -0.241536 -0.188234 -0.264359 -0.241184 -0.152955 0.100881 -0.109549 0.134198 0.050067 0.185152 0.244164 -0.026917 -0.142940 0.146032 -0.177390 0.031891 -0.202271 -0.092436 -0.016371 -0.279143 -0.262546 -0.005938 -0.012884 -0.211614 -0.117091 -0.063884 -0.158932 0.231218 -0.057261 -0.123436 -0.349467 -0.294589 -0.313509
0.340241 0.191141 -0.137930 0.132534 -0.328419 -0.197439 0.098703 -0.326678 -0.224891 -0.241234 1.000000 0.620321 0.503694 0.271630 0.264051 0.073758 0.306729 0.050251 -0.026261 -0.073046 -0.051417 0.040057 0.227483 0.355542 -0.173292 -0.223955 -0.069806 0.225378 0.184005 0.022955 -0.067993 0.186862 -0.099726 0.089897 -0.126415 -0.244831 -0.192766 -0.160940 -0.300746 -0.230686 -0.282771 -0.284061 -0.207409 -0.258469 -0.328381 -0.296473 -0.349660 -0.275133 -0.054246 -0.378837 0.197993 -0.262296 0.194415 -0.056141 0.183860 -0.275547 0.134731 0.035837 -0.102467 -0.310137 0.177431 -0.096541 0.121221 0.036544 0.296452 -0.002280 -0.107267 -0.215472 0.009565 -0.024704 -0.196622 0.236193 0.029678 0.161176 0.127453 0.120358 0.144793 0.140818 0.205588 0.144417 0.096331 0.126146 -0.175357 -0.058859 0.417386 0.317604 -0.001625 0.249012 0.058580 0.159741 -0.284990 0.100071 -0.044460 -0.234238 0.039740 0.037538 -0.305385 -0.149366 -0.201126 -0.148078 -0.042083 -0.206871 -0.092818 -0.165656 -0.245978 -0.050616 0.080964 -0.201545 -0.047926 0.193705 -0.322543 -0.266753 -0.116597 0.067243 0.073291 -0.261564
0.076454 0.247778 -0.237027 0.333156 -0.384945 -0.400399 0.125904 -0.166293 -0.256644 -0.308475 0.620321 1.000000 0.355518 0.493122 0.246573 0.378332 0.289036 0.048808 -0.065053 0.040666 0.122932 0.161776 0.187738 0.526825 -0.348997 -0.263044 -0.146576 0.118595 0.294425 0.222152 0.211414 0.399658 -0.002507 0.180344 -0.011866 -0.182237 -0.018727 -0.031076 -0.249211 -0.048961 -0.173556 -0.176284 -0.328919 -0.377406 -0.400043 -0.296788 -0.383898 -0.419665 -0.460874 -0.411894 -0.100690 -0.380716 -0.069599 -0.177367 -0.024865 -0.314169 0.214206 0.009544 -0.355075 -0.379475 -0.004275 -0.034156 0.058880 0.048056 0.195416 0.260554 -0.288473 -0.311657 0.187122 -0.033581 -0.149626 0.192934 0.164497 0.097355 0.073828 0.129756 0.094487 0.137360 0.075921 0.099282 0.106655 0.092900 -0.010688 0.297009 0.514054 0.494177 -0.014104 0.218733 0.144259 0.194889 -0.304595 -0.138493 0.174525 -0.313096 0.044273 -0.001042 -0.406160 -0.121553 -0.338240 -0.248332 0.028922 -0.266202 -0.039700 -0.119669 -0.262937 -0.087805 0.173008 -0.121435 -0.136600 0.024759 -0.444766 -0.362745 -0.108279 0.020416 0.015719 -0.057844
0.273614 0.091071 0.104459 0.027645 -0.191106 -0.257241 0.204661 0.163075 0.022551 -0.047987 0.503694 0.355518 1.000000 0.624844 0.425036 0.521457 0.192855 0.338028 -0.129813 -0.195105 0.027204 0.077874 -0.021139 0.063893 -0.149818 -0.017342 -0.187766 0.054525 0.159246 0.129989 -0.185639 -0.080588 -0.029817 -0.003920 -0.354636 -0.177905 -0.054411 -0.200914 -0.068904 -0.059380 -0.101303 -0.196045 -0.131363 -0.192195 -0.332647 -0.412176 -0.249515 -0.150447 -0.131964 -0.394495 -0.029538 -0.329007 0.279341 -0.116246 0.298561 -0.262860 0.099151 0.023646 0.052418 -0.288053 0.405322 0.294764 0.149619 0.156126 -0.062824 0.093896 -0.173882 -0.353518 0.029474 -0.108146 -0.001882 0.237094 0.043180 0.210126 0.030305 0.391578 0.017782 0.165543 0.202206 0.100779 0.094892 0.109798 -0.049744 0.081914 -0.117367 -0.223080 -0.001472 0.014033 -0.010907 -0.022330 0.016300 0.048942 0.041270 -0.109662 -0.050576 0.136587 -0.153133 -0.113657 -0.001693 -0.056418 0.076303 0.010404 0.087887 -0.017423 -0.036118 0.045412 0.182798 -0.051471 0.087512 0.091865 -0.261434 -0.136194 -0.013868 0.193487 0.114887 -0.227687
0.280879 0.277498 -0.005038 -0.119924 -0.199201 -0.505175 0.274379 0.395282 -0.047645 -0.078703 0.271630 0.493122 0.624844 1.000000 0.123003 0.507962 0.325957 0.609982 -0.088736 -0.307616 0.062587 0.083541 -0.251513 -0.051124 -0.350663 -0.323830 -0.405518 -0.328415 0.428276 0.596726 0.023393 0.106044 0.117623 0.251153 -0.546772 -0.102983 0.045911 -0.122290 -0.270170 -0.055089 0.013394 -0.094908 -0.062701 -0.137437 -0.109183 -0.226459 -0.135301 -0.207690 -0.256638 -0.153300 -0.237937 -0.299737 0.223903 -0.037625 0.236250 -0.148461 0.081256 -0.068170 0.088448 -0.016138 0.326530 0.502292 0.384054 0.445366 -0.177442 0.031907 -0.059038 -0.490021 -0.046451 -0.342036 -0.119008 0.268325 0.410452 0.176704 0.102678 0.392843 0.133032 0.057116 0.188176 0.251002 0.321119 0.285998 -0.116350 0.351558 -0.160250 -0.195783 -0.242153 -0.054670 -0.302697 -0.213448 -0.067939 -0.274525 -0.115273 -0.420687 0.029257 0.109456 -0.180456 0.011548 -0.075183 -0.105760 0.134252 -0.119549 0.145412 -0.009393 -0.035505 -0.000433 0.255979 0.117577 0.080308 0.117058 -0.328693 -0.226071 0.092521 0.110701 0.031304 -0.134536
-0.212334 -0.156901 0.014052 0.212095 0.120407 -0.009833 0.209215 -0.004593 0.353045 0.123467 0.264051 0.246573 0.425036 0.123003 1.000000 0.527350 -0.130198 -0.131051 -0.050015 -0.101769 0.144487 0.073465 0.413890 0.320604 -0.112622 0.034256 0.184312 0.410881 0.142564 -0.116671 -0.051605 0.043558 -0.313144 -0.116173 -0.048456 -0.016098 0.035053 -0.116011 0.171472 -0.037708 -0.054333 -0.073739 -0.342695 -0.395184 -0.458739 -0.382817 -0.282824 -0.361318 -0.201323 -0.449564 -0.015750 -0.344649 -0.145340 -0.300196 -0.027019 -0.446438 -0.034707 -0.122153 -0.037151 -0.449188 0.237788 -0.134509 -0.119650 -0.127697 0.357213 0.227808 -0.302544 -0.316375 0.190616 -0.007039 -0.023235 0.217751 -0.062801 -0.097209 -0.175768 0.148543 -0.141194 -0.062892 0.134084 -0.023465 -0.016601 -0.023628 0.046141 0.152903 0.165549 0.055060 0.121586 0.147884 0.545737 0.261823 -0.133880 0.298085 0.190036 0.322950 0.054564 0.119444 -0.247027 -0.032058 -0.329182 -0.302835 -0.166118 -0.061962 -0.207691 -0.068860 -0.144594 0.097485 -0.124521 -0.078898 0.018090 0.062408 -0.318169 -0.306397 -0.324925 0.008077 0.085225 -0.165210
-0.082883 -0.087549 -0.161418 0.226989 -0.177610 -0.140014 0.027583 0.313517 -0.025581 0.038699 0.073758 0.378332 0.521457 0.507962 0.527350 1.000000 -0.042291 0.182179 -0.298387 0.035399 0.423676 0.340348 -0.039580 0.259456 -0.371059 0.159178 -0.044653 0.149139 0.189291 0.204632 -0.044991 0.056417 -0.177680 0.024412 -0.159201 0.047362 0.172786 0.210838 0.225123 0.299955 0.057935 0.187881 -0.136420 -0.224582 -0.232770 -0.276848 -0.085018 -0.230949 -0.333268 -0.230669 -0.232921 -0.185782 -0.027106 -0.104891 0.026313 -0.153490 0.146545 -0.007360 -0.193063 -0.271801 0.103758 0.154170 -0.029401 -0.021909 -0.090542 0.298683 -0.409451 -0.360074 0.110638 -0.026732 -0.060584 0.070064 0.081450 -0.101285 -0.216520 0.290385 -0.097072 0.135749 0.093430 -0.048286 -0.098867 -0.034180 0.058316 0.510687 -0.115357 -0.237167 -0.035817 -0.031666 0.197386 0.104245 0.024109 -0.118427 0.219694 -0.109967 -0.027458 -0.025370 0.013832 0.113320 -0.033556 -0.154571 0.021088 -0.132610 -0.054854 -0.127198 -0.060932 0.015970 0.036793 0.026927 0.072539 -0.033466 -0.239999 -0.209610 -0.081280 -0.007318 -0.020416 -0.032299
0.373655 0.312111 -0.234241 -0.220927 -0.187121 -0.335021 0.192079 -0.203672 -0.255683 -0.317002 0.306729 0.289036 0.192855 0.325957 -0.130198 -0.042291 1.000000 0.462511 0.365709 -0.042704 -0.364271 -0.102947 -0.243078 -0.117853 -0.373684 -0.653338 -0.379215 -0.354330 0.610212 0.433914 0.001450 0.136739 0.511239 0.573926 -0.369557 -0.126349 0.225368 -0.078290 -0.424606 -0.225533 0.146830 -0.000835 0.110210 -0.027894 0.090864 -0.074587 0.007167 -0.088884 -0.188512 -0.092142 -0.067701 -0.312396 0.119846 0.087226 -0.011888 -0.099029 0.392789 -0.049732 -0.014048 -0.062970 0.238586 0.206436 0.644322 0.400871 0.022871 -0.260400 0.071570 -0.382871 0.075345 -0.294942 -0.039549 0.141592 0.640066 0.320677 0.427545 0.333759 0.487059 0.318398 0.430923 0.333511 0.538300 0.490485 -0.094738 0.340039 0.047115 0.122314 -0.075072 -0.056963 -0.348704 -0.300437 -0.270986 -0.143727 -0.328003 -0.349175 -0.009042 0.169583 -0.334699 0.042724 -0.092299 -0.023792 -0.040688 -0.118371 0.046589 -0.157689 -0.283244 -0.134540 -0.123411 -0.068519 0.076781 0.225849 -0.110824 -0.063116 0.162456 0.047587 0.056956 -0.091953
0.429716 0.390191 -0.161757 -0.341475 -0.146200 -0.283525 0.014794 0.234905 -0.162472 -0.032383 0.050251 0.048808 0.338028 0.609982 -0.131051 0.182179 0.462511 1.000000 0.105909 -0.095226 -0.112833 0.018459 -0.502266 -0.401302 -0.400372 -0.454838 -0.399107 -0.527331 0.443335 0.693385 -0.168789 -0.122791 0.391707 0.330260 -0.494886 -0.102892 0.057583 0.052688 -0.350977 0.037251 0.050445 0.020689 0.091061 0.055800 0.147374 -0.054375 0.138596 -0.027750 -0.148453 0.071034 -0.324766 -0.162721 0.145392 0.049852 0.211045 0.100736 0.313241 0.115753 0.187501 0.207696 0.368733 0.636243 0.584015 0.656295 -0.152630 -0.119099 0.049053 -0.417954 -0.083135 -0.203163 -0.120741 0.038484 0.534153 0.173332 0.121866 0.271391 0.247167 0.166225 0.353059 0.453648 0.438044 0.463669 -0.253561 0.190463 -0.283495 -0.417703 -0.293809 -0.339498 -0.390813 -0.230192 -0.254657 -0.393268 -0.282965 -0.367076 0.022270 0.195831 -0.016007 0.226270 -0.057920 0.110042 0.127341 -0.026020 0.252733 -0.045418 0.067611 -0.135931 0.076295 0.085422 0.164394 0.202431 -0.174244 0.003680 0.316554 0.180588 -0.005635 -0.209948
0.181465 0.192000 0.245932 -0.163772 0.129145 -0.362047 0.486348 -0.217043 -0.046868 -0.323757 -0.026261 -0.065053 -0.129813 -0.088736 -0.050015 -0.298387 0.365709 0.105909 1.000000 -0.057184 -0.404304 -0.440500 0.155630 -0.067487 -0.050204 -0.458670 -0.139307 -0.286955 0.335160 -0.072315 0.371675 0.226125 0.414517 0.352177 -0.234712 -0.172181 -0.117674 -0.403235 -0.273197 -0.448760 0.059024 -0.187580 -0.014399 -0.123533 -0.078797 -0.258295 0.016804 -0.030816 -0.079426 -0.238185 -0.001220 -0.309342 -0.070957 -0.092223 -0.007097 -0.143083 0.139525 -0.149197 0.046355 -0.113092 0.260932 0.114648 0.196874 0.089878 0.280872 -0.176936 0.263185 -0.265549 0.329209 -0.186545 -0.003198 0.230167 0.225718 0.079180 0.196990 0.106074 0.157067 -0.134243 0.000824 -0.018085 0.250585 0.011394 0.088312 -0.157892 0.192073 0.102937 0.247262 0.045276 0.005070 -0.146084 -0.244535 0.264030 -0.212095 0.103827 -0.110128 0.326783 -0.263572 0.096930 -0.186178 -0.049504 0.027539 0.052782 0.017499 0.154366 -0.018693 0.061976 -0.072129 0.074241 0.063283 0.305818 -0.001038 0.055393 -0.013338 0.147061 0.172212 -0.006926
-0.198348 0.069154 -0.345533 0.091914 0.003418 0.136767 -0.433450 -0.351487 -0.229387 -0.099674 -0.073046 0.040666 -0.195105 -0.307616 -0.101769 0.035399 -0.042704 -0.095226 -0.057184 1.000000 0.196174 0.139970 -0.058082 0.078672 -0.005756 0.120232 0.245618 0.147323 0.057737 -0.096981 -0.112509 -0.050657 0.150357 0.169654 0.477198 0.178752 0.242312 0.339714 0.235569 0.348349 0.094565 0.291677 -0.104292 -0.182010 -0.011804 0.061246 -0.006888 -0.120256 -0.179133 -0.031853 -0.078178 -0.048792 -0.250024 -0.148924 -0.049108 -0.072721 0.167308 0.365188 -0.245356 -0.014626 -0.221758 -0.213587 -0.114946 -0.206736 -0.005491 0.008125 -0.266587 0.345831 0.185671 0.447311 0.138587 -0.328768 -0.016247 -0.056094 -0.038048 -0.102465 -0.039141 0.321176 -0.061154 -0.163979 -0.210507 -0.078764 0.141581 0.227992 0.045590 0.101951 0.013040 -0.191474 0.125026 0.171101 -0.026197 -0.205745 0.164194 0.037537 0.034291 -0.226055 0.114908 -0.123132 0.058745 -0.123888 -0.155720 -0.031166 -0.089251 -0.176821 -0.132246 -0.175546 -0.247964 -0.123855 -0.123395 -0.345990 0.061123 0.043861 0.051232 -0.266455 -0.308805 0.114764
-0.115230 -0.167371 0.006473 0.306994 -0.051702 0.024117 -0.160911 0.269483 -0.144164 0.012663 -0.051417 0.122932 0.027204 0.062587 0.144487 0.423676 -0.364271 -0.112833 -0.404304 0.196174 1.000000 0.415944 -0.050580 0.169074 -0.036687 0.468813 0.360966 0.285618 -0.090135 0.027378 0.219919 0.187812 -0.325615 0.001252 0.217882 0.202560 0.033056 0.438910 0.495605 0.511774 -0.034558 0.352679 -0.088317 0.012915 -0.002597 0.148506 -0.111276 -0.183856 -0.124885 0.156370 -0.117189 0.101231 -0.079569 -0.141717 0.141979 0.048245 -0.020363 0.061087 -0.220057 -0.107839 -0.081630 -0.067893 -0.154073 -0.091250 -0.136684 0.128098 -0.314126 -0.034175 -0.057670 0.116114 0.179274 0.020748 -0.099640 -0.255419 -0.323768 0.051365 -0.123322 0.224658 -0.207343 -0.115064 -0.212373 -0.286061 0.139350 0.232462 -0.071360 -0.158634 0.103709 -0.002350 0.270476 0.204614 0.022672 -0.207500 0.185275 -0.168438 0.155784 -0.073178 0.254067 0.032692 0.001871 -0.092686 -0.236305 -0.289914 -0.215074 -0.249689 -0.132278 -0.179040 0.100428 0.080686 0.135416 -0.102784 -0.123018 -0.198835 -0.133358 -0.287819 -0.355890 0.014579
-0.226867 -0.080713 -0.214931 0.199889 -0.351915 0.031616 -0.248811 0.170340 -0.275128 -0.094793 0.040057 0.161776 0.077874 0.083541 0.073465 0.340348 -0.102947 0.018459 -0.440500 0.139970 0.415944 1.000000 0.008028 0.342934 -0.195945 0.452735 0.097917 0.250828 0.128664 0.176765 0.069478 0.374390 -0.154320 0.061672 0.097892 0.077465 0.319901 0.397531 0.210763 0.350346 0.114492 0.178272 -0.108420 -0.197528 -0.110281 -0.032580 -0.028688 -0.181329 -0.312460 -0.140633 -0.114684 -0.100515 -0.012765 -0.073389 0.015860 0.000788 0.085159 0.086542 -0.161494 -0.144998 -0.133287 -0.053954 0.079509 0.064653 -0.021282 0.085529 -0.230807 -0.093093 -0.039829 -0.008925 -0.076186 0.058509 0.114226 -0.171239 -0.305744 0.093451 -0.071469 0.071160 0.370217 0.129767 0.204347 0.241280 -0.043482 0.352117 -0.009369 0.026637 -0.073901 0.009948 0.106169 0.051218 -0.177886 -0.374789 0.074941 -0.249761 0.153987 -0.070849 0.172266 0.054256 -0.049823 -0.034883 0.101865 -0.214646 0.074686 -0.163548 -0.016241 -0.194073 0.179292 0.191889 -0.063365 -0.141480 -0.244315 -0.098412 -0.045154 0.012374 -0.065218 0.029293
-0.498348 -0.382922 0.350494 0.583801 0.042777 0.012798 0.342849 -0.193689 0.230989 -0.045281 0.227483 0.187738 -0.021139 -0.251513 0.413890 -0.039580 -0.243078 -0.502266 0.155630 -0.058082 -0.050580 0.008028 1.000000 0.727579 0.189168 0.225330 0.312398 0.511066 -0.125222 -0.512507 0.433834 0.462193 -0.346348 -0.170247 0.349659 -0.023770 -0.255666 -0.337947 0.026175 -0.338350 -0.345803 -0.434872 -0.467348 -0.488469 -0.618958 -0.390665 -0.414817 -0.264875 -0.265044 -0.568065 0.147210 -0.281457 -0.226726 -0.301101 -0.272014 -0.498204 -0.383377 -0.155097 -0.254978 -0.533634 -0.167932 -0.558298 -0.368877 -0.448305 0.503345 0.247600 -0.178467 0.062656 0.120987 0.180201 0.041683 0.404928 -0.313821 -0.228650 -0.247406 -0.140223 -0.437692 -0.258232 0.008076 -0.243920 -0.121166 -0.185511 0.148961 -0.297841 0.598286 0.490752 0.246132 0.459656 0.529764 0.175322 -0.243579 0.347565 0.340666 0.403010 0.060013 -0.087948 -0.421434 -0.246815 -0.519526 -0.539980 -0.021242 -0.041743 -0.130305 0.196473 0.017412 0.359664 0.040290 -0.219080 -0.256843 -0.037362 -0.251805 -0.407453 -0.604138 0.115768 0.251083 0.173399
-0.420883 -0.288008 0.016628 0.682804 -0.368194 -0.088625 0.267501 -0.154153 -0.157855 -0.298342 0.355542 0.526825 0.063893 -0.051124 0.320604 0.259456 -0.117853 -0.401302 -0.067487 0.078672 0.169074 0.342934 0.727579 1.000000 -0.205253 0.219465 0.161419 0.437044 0.029382 -0.291399 0.408615 0.643231 -0.392154 -0.059460 0.253416 -0.109078 -0.091588 -0.108353 -0.008251 -0.131012 -0.258668 -0.287067 -0.397321 -0.445883 -0.543541 -0.346791 -0.293115 -0.295257 -0.450983 -0.551423 0.110126 -0.311382 -0.204631 -0.165564 -0.287134 -0.319667 -0.145368 -0.166396 -0.518428 -0.614304 -0.257022 -0.526208 -0.229388 -0.347836 0.365979 0.291718 -0.332408 -0.029749 0.107523 0.084844 0.022971 0.334536 -0.187183 -0.182055 -0.263926 0.026960 -0.356083 -0.108719 0.159248 -0.143075 0.003644 -0.061882 0.163454 0.097513 0.591971 0.533497 0.168780 0.505052 0.398429 0.221116 -0.244057 0.085264 0.370605 0.086944 0.058554 -0.147829 -0.426676 -0.166650 -0.412643 -0.359674 0.045922 -0.214856 -0.064910 0.107549 -0.056490 0.205979 0.149623 -0.111701 -0.236071 -0.129407 -0.341735 -0.383649 -0.471266 0.132788 0.242191 0.237462
-0.198193 -0.169105 0.260589 0.000181 0.601393 0.299068 -0.102012 -0.152431 0.358313 0.318551 -0.173292 -0.348997 -0.149818 -0.350663 -0.112622 -0.371059 -0.373684 -0.400372 -0.050204 -0.005756 -0.036687 -0.195945 0.189168 -0.205253 1.000000 0.429495 0.565238 0.244954 -0.527704 -0.401529 0.008244 -0.267868 -0.037925 -0.311468 0.303276 0.297009 -0.104659 -0.158289 0.122223 -0.136306 -0.004945 -0.097280 -0.090835 0.000143 0.085210 0.223456 -0.193767 0.047232 0.263576 0.187082 0.189941 0.162782 -0.062028 -0.213968 -0.190708 -0.203555 -0.301552 0.035777 0.316229 0.300443 -0.220533 -0.145253 -0.258302 -0.250177 -0.144647 0.025031 0.229979 0.394818 -0.157458 0.171115 0.135147 -0.136519 -0.402083 -0.010298 0.035093 -0.343360 -0.159709 -0.149727 -0.291684 -0.328109 -0.337375 -0.217396 -0.001514 -0.443364 -0.075614 0.070679 0.115779 0.064869 -0.063634 0.068076 0.234673 0.245273 0.252856 0.331318 -0.187394 -0.134262 -0.013185 -0.378743 -0.020389 -0.130422 0.049575 0.235349 -0.094650 0.034208 0.085192 0.163338 -0.075569 -0.051604 -0.171034 -0.271990 0.140386 0.111131 -0.070424 -0.167042 -0.028099 -0.020924
-0.395960 -0.414491 0.228300 0.377306 0.005191 0.410606 -0.248999 0.202576 -0.001485 0.189895 -0.223955 -0.263044 -0.017342 -0.323830 0.034256 0.159178 -0.653338 -0.454838 -0.458670 0.120232 0.468813 0.452735 0.225330 0.219465 0.429495 1.000000 0.499860 0.559503 -0.532105 -0.386484 0.010484 0.004780 -0.399467 -0.341858 0.363974 0.223624 -0.024989 0.243481 0.515134 0.336580 -0.054476 0.116807 -0.007247 0.040518 -0.054455 0.123182 -0.045366 0.034464 0.048864 0.063651 0.155434 0.253421 0.005921 -0.027347 -0.051565 0.033229 -0.174391 0.077825 -0.086298 -0.073000 -0.288554 -0.288501 -0.421144 -0.439656 -0.193019 0.160473 -0.192909 0.298958 -0.145187 0.262341 0.129872 -0.112812 -0.502670 -0.258318 -0.379623 -0.196256 -0.377737 -0.031018 -0.137919 -0.316166 -0.409719 -0.362752 0.083020 -0.161740 -0.181306 -0.148871 0.074773 -0.086328 0.219611 0.107073 0.219995 -0.063995 0.353461 0.117282 0.025736 -0.195999 0.308128 -0.202263 0.131617 -0.036256 0.077559 0.019958 0.007907 0.011260 0.167123 0.069409 0.100822 0.048814 -0.067976 -0.317437 0.026231 -0.056830 -0.186863 -0.053122 -0.088104 0.051216
-0.314247 -0.193860 -0.064412 0.342661 0.423563 0.248751 -0.155396 -0.273470 0.079463 0.065277 -0.069806 -0.146576 -0.187766 -0.405518 0.184312 -0.044653 -0.379215 -0.399107 -0.139307 0.245618 0.360966 0.097917 0.312398 0.161419 0.565238 0.499860 1.000000 0.514695 -0.280647 -0.445485 0.046146 -0.041681 -0.143527 -0.206691 0.346426 0.297149 -0.134961 0.024954 0.306060 0.095787 -0.110076 0.050114 -0.264324 -0.188633 -0.051669 0.135984 -0.248313 -0.260951 -0.078286 0.031581 0.108566 -0.045615 -0.142356 -0.255804 -0.131250 -0.220573 -0.079629 0.122980 0.100583 0.019232 -0.240645 -0.239421 -0.209869 -0.274688 0.029651 0.116595 -0.053541 0.174078 0.153239 0.214517 0.225901 -0.169839 -0.336363 -0.303504 -0.267607 -0.379142 -0.249653 -0.061750 -0.207125 -0.336172 -0.297180 -0.287347 0.076423 -0.158027 0.155492 0.180370 0.235052 0.168580 0.347544 0.437460 0.013354 0.133211 0.358966 0.216902 -0.105774 -0.092246 -0.006697 -0.197930 -0.150375 -0.130156 -0.160977 -0.061413 -0.168997 -0.112700 -0.106954 0.080670 -0.238920 -0.119199 -0.044681 -0.187867 -0.139644 -0.086091 -0.171884 -0.197138 -0.111587 0.044477
-0.283142 -0.211925 -0.034533 0.594192 -0.121210 0.411912 -0.266508 -0.309141 -0.076788 0.036614 0.225378 0.118595 0.054525 -0.328415 0.410881 0.149139 -0.354330 -0.527331 -0.286955 0.147323 0.285618 0.250828 0.511066 0.437044 0.244954 0.559503 0.514695 1.000000 -0.304076 -0.436852 -0.016891 0.116294 -0.385137 -0.370454 0.328637 -0.024303 -0.071089 0.129185 0.361533 0.056638 -0.294460 0.038956 -0.237664 -0.202720 -0.349352 -0.153013 -0.284396 -0.186894 -0.012220 -0.234998 0.157094 0.077675 -0.025568 -0.209938 0.033192 -0.269607 -0.017053 0.094743 -0.216779 -0.335976 -0.349611 -0.599965 -0.428611 -0.517648 -0.065668 -0.001820 -0.174857 0.149649 0.128414 0.312323 0.210574 0.145669 -0.388542 0.023672 -0.164515 -0.148492 -0.338132 0.039957 0.026203 -0.127048 -0.258825 -0.334682 0.078671 -0.171469 0.220647 0.281564 0.175070 0.180979 0.465142 0.358388 0.050199 0.272468 0.398162 0.349473 0.155970 -0.038073 -0.076526 -0.088465 -0.081210 -0.168475 -0.192247 -0.066723 -0.197602 -0.115104 -0.109525 0.123358 0.037825 -0.128002 -0.071666 -0.103058 -0.118933 -0.261155 -0.331568 -0.083349 -0.072704 0.032162
0.163531 0.309171 -0.324974 -0.272008 -0.119733 -0.444659 0.211308 -0.110535 -0.300052 -0.425464 0.184005 0.294425 0.159246 0.428276 0.142564 0.189291 0.610212 0.443335 0.335160 0.057737 -0.090135 0.128664 -0.125222 0.029382 -0.527704 -0.532105 -0.280647 -0.304076 1.000000 0.593149 0.216703 0.390559 0.337433 0.482766 -0.402480 -0.192870 0.421230 0.040401 -0.293117 -0.070984 0.325782 0.149894 -0.173449 -0.344930 -0.182054 -0.371925 -0.103619 -0.355078 -0.421353 -0.348253 -0.296013 -0.553328 0.038044 -0.110096 0.091564 -0.220997 0.256268 0.013509 0.134927 -0.095154 0.406574 0.270296 0.672987 0.500051 0.206099 -0.303347 0.076169 -0.488617 0.213406 -0.209691 -0.076417 0.231527 0.828564 0.127269 0.302071 0.329288 0.381006 0.120377 0.301752 0.170244 0.593035 0.491748 -0.022838 0.584330 0.116105 0.098529 -0.115914 -0.093626 -0.078897 -0.187754 -0.362939 -0.198905 -0.268908 -0.203829 0.176972 0.193652 -0.237541 0.203405 -0.249776 -0.197280 0.003950 -0.027762 0.047383 -0.124836 -0.206194 -0.135998 -0.144358 0.046596 0.112355 0.168832 -0.329620 -0.114843 0.001364 0.106068 0.079491 0.017229
0.274230 0.305187 -0.279557 -0.356077 -0.146104 -0.265158 -0.057613 0.224389 -0.236909 -0.124785 0.022955 0.222152 0.129989 0.596726 -0.116671 0.204632 0.433914 0.693385 -0.072315 -0.096981 0.027378 0.176765 -0.512507 -0.291399 -0.401529 -0.386484 -0.445485 -0.436852 0.593149 1.000000 -0.059569 0.099209 0.222111 0.402870 -0.470170 -0.060729 0.333083 0.298339 -0.240361 0.208502 0.280980 0.229785 0.084593 0.012757 0.141508 0.025786 0.085321 -0.203445 -0.216228 0.124860 -0.261170 -0.148428 0.086260 0.141697 0.150212 0.124044 0.342633 0.009188 0.159665 0.154436 0.266951 0.428071 0.615773 0.586844 -0.098910 -0.184319 0.008421 -0.456478 -0.119338 -0.319812 -0.110408 0.087490 0.777856 0.254446 0.223860 0.245828 0.500052 0.237990 0.287355 0.365871 0.476377 0.518462 -0.179862 0.561840 -0.209530 -0.208841 -0.344792 -0.372195 -0.347087 -0.251388 -0.196946 -0.431213 -0.234551 -0.418432 0.256314 0.178810 0.038399 0.275551 -0.100492 0.073146 -0.048164 -0.089155 0.039608 -0.168483 -0.111837 -0.278418 -0.060275 0.003510 0.198024 0.139645 -0.190886 -0.072279 0.268433 -0.007548 -0.078250 -0.119249
-0.256665 -0.123937 0.365699 0.277501 -0.062490 -0.339415 0.421342 0.020645 -0.118191 -0.286991 -0.067993 0.211414 -0.185639 0.023393 -0.051605 -0.044991 0.001450 -0.168789 0.371675 -0.112509 0.219919 0.069478 0.433834 0.408615 0.008244 0.010484 0.046146 -0.016891 0.216703 -0.059569 1.000000 0.766645 0.040957 0.206902 0.034420 -0.022528 0.010446 -0.215131 -0.022298 -0.214578 -0.015548 -0.162673 -0.270910 -0.269340 -0.270247 -0.191403 -0.182624 -0.229007 -0.370362 -0.270212 -0.227982 -0.320483 -0.210639 -0.264883 -0.187099 -0.241180 -0.156364 -0.217802 -0.182641 -0.174328 -0.061774 -0.130861 0.008306 -0.028345 0.202874 0.028713 0.076588 -0.091689 0.116754 -0.101568 0.066743 0.407093 0.166279 -0.098344 0.058147 -0.033331 -0.049058 -0.147223 -0.099590 -0.135593 0.129671 -0.092571 0.144841 0.023146 0.300136 0.282057 0.101505 0.307834 0.079751 -0.171883 -0.271764 -0.049614 0.072373 -0.017934 0.138193 0.096304 -0.290412 -0.034033 -0.366344 -0.356801 0.127557 -0.037872 0.053405 0.168624 0.070140 0.148195 0.193654 0.026973 -0.071633 0.033153 -0.180433 -0.265887 -0.258883 0.092436 0.054950 0.237057
-0.248792 -0.136456 0.096385 0.399462 -0.318245 -0.330720 0.370131 -0.034463 -0.314637 -0.476815 0.186862 0.399658 -0.080588 0.106044 0.043558 0.056417 0.136739 -0.122791 0.226125 -0.050657 0.187812 0.374390 0.462193 0.643231 -0.267868 0.004780 -0.041681 0.116294 0.390559 0.099209 0.766645 1.000000 -0.102702 0.368261 -0.041103 -0.159345 0.146148 -0.046119 -0.078054 -0.157344 0.011632 -0.134269 -0.332819 -0.396163 -0.433021 -0.313682 -0.245893 -0.325499 -0.527377 -0.454334 -0.096107 -0.441701 -0.121300 -0.139347 -0.138049 -0.252495 -0.087884 -0.206259 -0.352459 -0.451188 -0.061988 -0.270590 0.112525 -0.076173 0.345689 0.026833 -0.123222 -0.237536 0.182414 -0.091920 0.040759 0.579495 0.270864 -0.011931 0.010972 0.176636 0.042185 0.018180 0.231620 0.007654 0.405691 0.177993 0.109710 0.241188 0.410669 0.391837 0.101333 0.262350 0.155091 -0.093098 -0.378614 -0.078618 0.066296 -0.119706 0.276521 0.084430 -0.383831 0.061821 -0.406811 -0.330527 0.021452 -0.194748 -0.009519 0.081219 -0.070690 0.083091 0.129219 0.020236 -0.082859 0.091615 -0.341841 -0.340272 -0.316620 0.151222 0.140912 0.198116
0.345477 0.516406 -0.238512 -0.416780 0.080021 -0.332383 -0.070961 -0.221047 -0.139771 -0.234424 -0.099726 -0.002507 -0.029817 0.117623 -0.313144 -0.177680 0.511239 0.391707 0.414517 0.150357 -0.325615 -0.154320 -0.346348 -0.392154 -0.037925 -0.399467 -0.143527 -0.385137 0.337433 0.222111 0.040957 -0.102702 1.000000 0.441899 -0.185625 -0.163924 0.186120 0.018442 -0.302596 -0.109605 0.184340 0.054738 0.104187 0.076146 0.212984 -0.084374 0.009488 0.003468 -0.044958 0.037145 -0.178635 -0.151685 -0.001229 0.010478 0.034776 0.099796 0.493041 0.351685 0.217741 0.284513 0.110399 0.386466 0.350012 0.402804 -0.195585 -0.267968 0.316969 -0.157100 0.324504 -0.098582 0.037245 -0.243668 0.433021 0.222307 0.391498 -0.064461 0.468883 0.133711 0.083368 0.278395 0.290634 0.267539 0.022309 0.098064 -0.119393 -0.027451 -0.159086 -0.191873 -0.375255 -0.189552 -0.170202 -0.316548 -0.359138 -0.308063 -0.189505 -0.061170 0.029674 -0.078475 0.090549 0.060724 0.177142 0.132152 0.225310 -0.064353 -0.088465 -0.237184 -0.084188 0.143762 -0.182758 -0.076813 -0.037110 0.137854 0.250250 -0.001729 -0.135151 -0.078674
0.115067 0.063608 -0.048482 -0.114743 0.030169 -0.324530 0.309405 0.127446 -0.119282 -0.277437 0.089897 0.180344 -0.003920 0.251153 -0.116173 0.024412 0.573926 0.330260 0.352177 0.169654 0.001252 0.061672 -0.170247 -0.059460 -0.311468 -0.341858 -0.206691 -0.370454 0.482766 0.402870 0.206902 0.368261 0.441899 1.000000 -0.228810 0.149574 0.231583 0.104498 -0.235855 0.098221 0.151589 0.024779 0.128458 -0.000487 0.110808 0.098547 0.034194 -0.109649 -0.331798 0.029069 -0.046749 -0.286019 -0.065230 0.188009 -0.180213 0.000449 0.317482 -0.055824 -0.203441 -0.209735 0.077166 0.135253 0.340147 0.126887 0.180429 -0.024209 -0.255490 -0.403820 0.190108 -0.247108 0.084528 0.162326 0.558462 0.094280 0.124939 0.342053 0.478602 0.246368 0.314445 0.267967 0.393235 0.386374 -0.133457 0.377811 -0.101368 -0.104068 -0.084036 -0.172454 -0.183021 -0.367375 -0.241050 -0.278421 -0.338372 -0.448619 0.076513 0.162371 -0.130548 0.012305 -0.129984 -0.103110 -0.216115 -0.420988 -0.177182 -0.318995 -0.368390 -0.329044 -0.173112 -0.032317 0.104246 0.141816 -0.143307 -0.171411 0.069255 -0.191202 -0.126485 -0.087280
-0.407236 -0.288031 0.011183 0.307855 0.164071 0.352493 -0.263273 -0.249571 0.133048 0.223625 -0.126415 -0.011866 -0.354636 -0.546772 -0.048456 -0.159201 -0.369557 -0.494886 -0.234712 0.477198 0.217882 0.097892 0.349659 0.253416 0.303276 0.363974 0.346426 0.328637 -0.402480 -0.470170 0.034420 -0.041103 -0.185625 -0.228810 1.000000 0.346859 0.031620 0.146899 0.304709 0.197547 -0.040420 -0.019418 -0.280281 -0.162667 -0.140215 0.164800 -0.220048 -0.047295 -0.109728 -0.032674 -0.042704 0.049496 -0.497654 -0.332228 -0.304669 -0.187828 -0.210346 0.208323 -0.134032 -0.071042 -0.323696 -0.442638 -0.444226 -0.439898 0.189116 0.329516 -0.174324 0.546544 -0.064427 0.467005 -0.046969 -0.288799 -0.440128 -0.416294 -0.260531 -0.379245 -0.323042 0.049712 -0.233483 -0.297097 -0.440460 -0.270190 0.160853 -0.153392 0.373571 0.375994 0.134494 -0.002483 0.436645 0.267426 -0.155896 -0.007676 0.264619 0.268660 0.047388 -0.298777 0.074052 -0.299027 -0.165943 -0.337662 -0.130101 0.042893 -0.233137 -0.118475 -0.002204 0.030321 -0.128535 -0.104571 -0.223762 -0.392345 0.083355 -0.079810 -0.228715 -0.298473 -0.240494 0.086558
-0.365831 -0.375506 0.022272 0.062970 0.482469 0.297148 0.005758 0.213161 0.336935 0.458604 -0.244831 -0.182237 -0.177905 -0.102983 -0.016098 0.047362 -0.126349 -0.102892 -0.172181 0.178752 0.202560 0.077465 -0.023770 -0.109078 0.297009 0.223624 0.297149 -0.024303 -0.192870 -0.060729 -0.022528 -0.159345 -0.163924 0.149574 0.346859 1.000000 -0.003342 0.017268 0.218894 0.308776 0.046878 0.060222 -0.016844 -0.031935 0.309664 0.597895 0.044733 0.063466 -0.131535 0.399514 -0.201463 -0.013954 -0.489760 -0.213978 -0.463883 -0.103241 -0.288004 -0.197876 0.146703 0.139830 -0.277660 -0.134030 -0.139224 -0.223212 0.115203 0.392066 -0.338691 0.209882 -0.331159 -0.054075 -0.132493 -0.209574 -0.117922 -0.348668 -0.304440 -0.087518 -0.191112 -0.022956 0.044617 -0.226660 -0.232308 -0.005256 -0.130159 0.031852 -0.143549 -0.095584 0.035405 -0.087093 0.111984 -0.058560 -0.036886 -0.041225 0.149751 0.028703 -0.014135 0.083211 0.091499 -0.123632 -0.052570 -0.133455 -0.119281 -0.173091 -0.230297 -0.250166 -0.066469 -0.098719 -0.220533 -0.179264 0.261309 -0.057847 0.210840 0.122842 0.148363 -0.211300 -0.054476 -0.075556
