1.000000 0.207106 0.340428 -0.002698 0.376523 -0.054669 0.494944 -0.031489 0.120165 -0.015176 0.430787 0.571780 0.159650 0.182756 0.375375 0.313606 0.049159 -0.049988 0.410274 0.146719 -0.058274 -0.107536 0.060797 -0.019425 0.127100 -0.210556 0.006510 -0.142029 0.240039 0.083234 0.126705 -0.008514 -0.181887 -0.184187 -0.220485 -0.131192 -0.036449 -0.235994 -0.124239 -0.278821 -0.014693 -0.103111 -0.387466 -0.395417 -0.382394 -0.378764 -0.244171 -0.316411 -0.080887 -0.391736 -0.176049 -0.114405 0.160700 0.223522 -0.151683 -0.280289 0.119345 -0.047501 0.015302 -0.299338 0.286071 -0.005131 0.060265 -0.121680 0.487841 0.133549 -0.128410 -0.161176 -0.168123 -0.258201 -0.170063 -0.114286 -0.007247 -0.107312 -0.079332 0.092721 0.026104 0.011278 -0.061094 -0.151872 -0.176121 -0.048848 0.231155 0.023571 0.371965 0.332615 0.211870 -0.130826 0.334838 -0.216415 -0.010953 0.106771 -0.125207 0.200912 -0.183694 -0.003819 -0.205171 -0.241966 -0.026843 0.072321 -0.117437 -0.022659 -0.193403 -0.023323 -0.216995 -0.085934 -0.153801 0.102080 -0.007898 -0.077167 -0.268050 -0.215118 0.028017 -0.114996 0.075053 -0.015869
0.207106 1.000000 -0.511113 0.207557 -0.095149 -0.409425 0.002369 0.115330 -0.427777 -0.139567 -0.152077 0.478233 -0.034529 0.376518 -0.286793 0.101572 0.237829 0.309088 0.265707 0.017858 -0.366399 -0.521572 -0.767401 -0.791829 -0.385049 -0.700450 -0.521050 -0.662532 0.593629 0.472041 -0.161820 -0.291389 0.508309 -0.018304 -0.639404 -0.481163 0.151646 -0.198115 -0.615241 -0.371127 0.065365 0.170649 0.037250 -0.109884 -0.211784 -0.447035 0.171103 -0.222795 -0.330480 -0.241420 -0.126078 0.273154 0.477078 0.417723 -0.012270 0.180214 0.123286 0.279768 0.513140 0.496841 0.395128 0.519993 0.667831 0.605678 -0.396214 -0.459674 -0.328006 -0.590283 0.181490 0.015024 0.046299 -0.080901 0.445322 0.036645 0.114256 0.355320 0.261175 0.126836 -0.054290 0.038597 0.248336 0.207474 0.241616 0.669752 -0.217536 -0.176479 0.142469 -0.258749 -0.532665 0.231616 0.205463 -0.427958 -0.236247 -0.435020 -0.339677 0.081234 -0.301148 0.155824 0.405373 0.338431 0.308277 0.269693 0.400750 0.253054 0.121473 -0.075043 0.218176 0.128207 0.058949 0.002703 -0.124622 0.300426 0.309418 0.244426 0.150322 0.114364
0.340428 -0.511113 1.000000 -0.038036 0.684865 0.511566 0.683600 0.202609 0.700450 0.452349 0.234625 0.005023 0.069444 -0.170906 0.233133 0.156787 -0.431635 -0.584830 -0.087322 0.107314 0.108468 -0.006127 0.598586 0.569655 0.513515 0.373214 0.454067 0.272229 -0.312818 -0.490567 -0.007892 -0.019891 -0.604482 -0.206206 0.288691 0.353366 -0.371125 -0.218949 0.196151 0.031494 -0.239990 -0.180226 -0.361796 -0.273218 -0.119346 0.035015 -0.428589 -0.194000 0.328334 -0.052937 0.100924 -0.296937 -0.204933 -0.176203 -0.175160 -0.431442 -0.353644 -0.537414 -0.254988 -0.535849 0.060075 -0.182145 -0.501302 -0.580758 0.701941 0.543596 0.412342 0.423622 -0.198561 0.012413 -0.081983 -0.228030 -0.519832 -0.266110 -0.345123 -0.304770 -0.313892 -0.336394 -0.278317 -0.367726 -0.437077 -0.375947 -0.027456 -0.418427 0.244019 0.087092 0.053464 0.150012 0.589593 -0.353579 -0.195211 0.541120 0.154265 0.474544 0.126265 -0.088671 -0.173019 -0.186981 -0.467565 -0.186133 -0.250061 0.032425 -0.409778 -0.177469 -0.248303 0.036270 -0.263826 -0.074892 0.046181 -0.221015 -0.137613 -0.419868 -0.185498 -0.290091 -0.160040 -0.144261
-0.002698 0.207557 -0.038036 1.000000 0.008021 0.265925 0.256092 0.501445 -0.206619 0.014436 -0.257973 0.099060 -0.278939 0.017826 -0.294675 0.238199 -0.225182 -0.159489 0.208887 0.096194 -0.179052 -0.124979 -0.244199 0.019251 -0.051038 0.059906 -0.142328 -0.149667 -0.048750 0.022375 -0.004437 0.023999 0.153836 0.056594 -0.342846 -0.343819 -0.165322 -0.215963 -0.259938 -0.031779 -0.138821 -0.115325 0.064350 0.075558 0.089819 0.027387 0.102555 -0.055316 -0.184248 0.182662 0.051127 0.249228 0.201663 0.223630 0.013458 0.186749 -0.088935 -0.176889 0.185428 0.388602 -0.104547 0.167116 0.035735 -0.041973 -0.161199 -0.196945 -0.266995 -0.009893 -0.155946 0.062447 0.147106 0.059319 -0.094723 -0.199205 -0.302521 -0.180649 -0.146619 -0.070671 -0.212665 -0.222754 -0.228944 -0.270312 -0.010724 0.334756 -0.093466 -0.048784 0.029987 -0.182772 -0.394859 0.035843 0.226299 -0.126862 0.125899 -0.348856 -0.238434 -0.137877 -0.181387 -0.051034 0.178321 0.169184 0.131318 0.294909 0.103486 0.132112 -0.039730 -0.297610 -0.072194 -0.206880 -0.034347 -0.158882 -0.169396 0.177095 0.252170 0.171310 -0.056735 -0.008140
0.376523 -0.095149 0.684865 0.008021 1.000000 0.578323 0.556890 0.163457 0.649498 0.672499 0.169044 0.358113 0.061908 0.100121 0.186535 0.446536 -0.327053 -0.449165 -0.212934 -0.089672 0.104237 -0.223094 0.230748 0.297933 0.534629 0.184473 0.368329 -0.097804 -0.189369 -0.439507 -0.254663 -0.370690 -0.604477 -0.506468 -0.130677 0.111855 -0.242134 -0.314183 -0.138186 -0.183697 -0.118488 0.019383 -0.398367 -0.375666 -0.137169 -0.065752 -0.327842 -0.269221 0.279083 -0.027426 0.018437 -0.067216 0.054370 0.117721 -0.191188 -0.262610 -0.227988 -0.439009 0.053941 -0.293214 0.261515 0.097728 -0.245684 -0.357319 0.499717 0.406298 0.293464 0.130820 -0.064653 0.084738 0.009722 -0.455846 -0.400461 -0.274120 -0.257355 -0.244813 -0.418739 -0.549137 -0.300223 -0.378644 -0.331648 -0.338626 -0.117685 -0.232695 0.007321 -0.022116 -0.052937 0.073572 0.347951 -0.201469 0.214343 0.465294 0.214342 0.310978 -0.113809 -0.054274 -0.280904 -0.140593 -0.166404 -0.007472 0.180121 0.184279 -0.074326 0.092996 -0.032837 0.185022 -0.019905 0.049348 -0.021667 -0.358664 -0.195879 -0.301215 0.065592 -0.155207 -0.080684 -0.126065
-0.054669 -0.409425 0.511566 0.265925 0.578323 1.000000 0.370343 0.023703 0.422992 0.461461 0.181263 -0.085430 -0.021113 -0.098648 0.159455 0.302106 -0.335109 -0.413221 -0.217050 -0.115658 0.322850 0.026390 0.455348 0.568369 0.633162 0.571898 0.531434 0.277285 -0.434896 -0.584836 -0.290776 -0.332728 -0.487544 -0.423635 0.089073 0.001188 -0.339630 -0.304570 -0.050143 0.023753 -0.210322 0.010856 0.052861 0.145643 0.343831 0.295294 0.034711 0.061849 0.340928 0.413313 0.178522 0.073985 -0.118350 0.028622 -0.115372 0.057723 -0.107980 -0.347050 -0.226616 -0.152066 -0.240665 -0.220670 -0.306643 -0.459153 0.218176 0.216799 0.044740 0.217559 -0.156565 0.066380 0.007757 -0.351500 -0.496809 -0.263399 -0.472418 -0.418746 -0.559867 -0.521737 -0.128787 -0.307090 -0.320613 -0.402264 -0.147353 -0.251685 0.032437 -0.068680 -0.065824 0.041322 0.145661 -0.133283 0.059914 0.391374 0.273614 0.090023 0.209606 -0.161596 0.087119 -0.041049 -0.088526 0.054329 -0.020511 0.215858 -0.054848 0.200616 0.162851 0.241229 -0.106295 0.068053 0.061022 -0.192454 0.094843 -0.107910 0.047483 -0.060310 -0.077391 -0.016521
0.494944 0.002369 0.683600 0.256092 0.556890 0.370343 1.000000 0.409156 0.366509 0.434578 0.070901 0.157269 -0.089471 -0.090299 -0.056127 0.139696 -0.269112 -0.380692 0.117750 0.220762 -0.169910 -0.429514 0.071002 0.087394 0.230327 -0.055725 -0.029026 -0.253919 0.172443 -0.056543 -0.031935 -0.159461 -0.207145 -0.111859 -0.173179 -0.045478 -0.313383 -0.421624 -0.256762 -0.279047 -0.214801 -0.137833 -0.297669 -0.292466 -0.215119 -0.266625 -0.293825 -0.345407 -0.074142 -0.153758 -0.047688 -0.125243 -0.034038 0.068615 -0.371187 -0.319150 -0.315450 -0.469511 0.105908 -0.118866 0.263203 0.104269 -0.027699 -0.133537 0.446039 0.080497 0.101216 0.063002 -0.234090 0.029598 -0.056836 -0.159123 -0.127564 -0.146288 -0.311630 -0.004448 -0.150549 -0.194597 -0.217474 -0.361466 -0.267489 -0.209463 0.192014 0.125111 0.102286 -0.109867 0.159141 -0.164324 0.135315 -0.245989 -0.136978 0.300356 0.041827 0.201536 -0.080428 -0.053215 -0.425099 -0.109529 -0.240407 0.147924 0.024194 0.340894 -0.077420 0.176850 -0.125466 -0.054371 -0.120631 -0.052266 0.138884 -0.204927 -0.331324 -0.128112 0.083948 -0.060680 -0.054140 -0.019828
-0.031489 0.115330 0.202609 0.501445 0.163457 0.023703 0.409156 1.000000 0.091716 0.393049 -0.425720 0.097955 -0.270572 0.039812 -0.514537 -0.036516 -0.331611 -0.307215 0.043978 0.074523 -0.322961 -0.245596 -0.417517 -0.107171 -0.178462 -0.129438 -0.379911 -0.393282 0.004214 0.154737 0.160041 0.129535 0.081771 0.265055 -0.091898 0.162685 -0.258189 -0.124696 -0.200029 0.021628 -0.297231 -0.005926 -0.237251 -0.283124 -0.168756 -0.058893 -0.244375 -0.226277 -0.204751 -0.098893 -0.211819 -0.117141 -0.144136 -0.137870 -0.182214 -0.121386 -0.317992 -0.421974 0.227695 0.118036 0.252841 0.448002 -0.068266 -0.023120 0.125865 0.182430 0.186096 0.190632 -0.145381 0.024274 0.170558 0.192957 -0.052987 -0.095691 -0.114878 -0.107740 0.001568 -0.042828 -0.248335 -0.258951 -0.172267 -0.284450 -0.079560 0.117032 -0.207474 -0.200248 0.010524 0.015767 -0.116428 -0.134007 0.079984 0.057373 0.298321 0.037983 -0.091717 0.014339 -0.446530 0.092814 -0.132748 0.125120 0.262173 0.246099 0.083212 0.023408 -0.077650 -0.203980 0.115067 -0.065886 0.065384 -0.098785 -0.350067 -0.003309 0.224159 0.061059 -0.098674 0.079900
0.120165 -0.427777 0.700450 -0.206619 0.649498 0.422992 0.366509 0.091716 1.000000 0.635566 0.045549 0.024319 0.173878 -0.203518 0.280360 0.282164 -0.331591 -0.526775 -0.367153 -0.024507 0.005709 0.019546 0.429792 0.476664 0.409862 0.316631 0.325046 0.308105 -0.411216 -0.459034 -0.052631 -0.137788 -0.647076 -0.321641 0.178831 0.357743 -0.239722 0.033735 0.356487 0.133990 -0.122478 0.028016 -0.399368 -0.316048 -0.111981 0.040028 -0.422966 -0.116313 0.399987 -0.013451 0.094298 -0.222858 -0.221225 -0.164126 -0.001649 -0.259234 -0.427121 -0.435253 -0.077695 -0.408583 0.267569 0.067580 -0.587683 -0.524310 0.562276 0.672658 0.410144 0.287600 -0.220147 -0.048479 -0.105048 -0.173941 -0.560494 -0.136868 -0.205458 -0.305877 -0.355278 -0.342391 -0.352428 -0.338785 -0.407379 -0.326218 -0.138729 -0.456138 -0.086043 0.085421 -0.134160 0.341618 0.519988 -0.199410 -0.050998 0.593212 0.171687 0.480704 0.014282 -0.013149 -0.131809 -0.173814 -0.352688 -0.072187 -0.098717 -0.014021 -0.390886 -0.267127 -0.324509 0.003134 -0.097584 -0.009291 -0.096176 -0.204163 -0.241335 -0.387919 -0.214591 -0.338063 -0.194185 -0.230624
-0.015176 -0.139567 0.452349 0.014436 0.672499 0.461461 0.434578 0.393049 0.635566 1.000000 -0.209706 0.016033 -0.072692 -0.118928 -0.036728 0.180260 -0.290281 -0.426971 -0.315592 -0.019040 -0.069382 -0.266364 0.009356 0.190512 0.252056 0.128588 0.033456 -0.179026 -0.200971 -0.261488 -0.200677 -0.259897 -0.410233 -0.269508 -0.158158 0.122393 -0.214866 -0.110231 -0.042725 0.015267 -0.053176 0.082250 -0.325104 -0.322406 -0.113423 -0.035344 -0.305433 -0.170210 0.115045 0.019858 -0.102879 -0.107207 -0.186704 -0.041533 -0.336023 -0.150233 -0.417237 -0.409604 0.128706 -0.107564 0.230720 0.234337 -0.312929 -0.252944 0.341281 0.343054 0.287099 0.131644 0.046332 0.152459 0.108797 -0.175443 -0.338982 -0.045224 -0.134533 -0.170219 -0.285304 -0.404771 -0.303825 -0.353635 -0.199866 -0.270989 0.017977 -0.189071 -0.132948 -0.257648 -0.038247 0.151826 0.216113 -0.148157 0.191604 0.429266 0.318771 0.387268 -0.028570 0.057882 -0.370931 0.003575 -0.225215 0.118132 0.231635 0.182578 -0.052862 0.151441 -0.031206 0.139022 0.050845 0.095813 0.111475 -0.356215 -0.232695 -0.096347 0.116998 0.027231 0.007432 -0.045111
0.430787 -0.152077 0.234625 -0.257973 0.169044 0.181263 0.070901 -0.425720 0.045549 -0.209706 1.000000 0.292444 0.659272 0.416351 0.759947 0.383851 0.338765 0.104933 0.032170 -0.248353 0.381533 0.223224 0.454742 0.179401 0.265879 0.186021 0.332286 0.316168 0.037113 -0.171282 -0.065254 -0.105631 -0.374671 -0.290121 0.141629 0.049216 0.056204 -0.137513 0.097220 -0.141274 0.108632 -0.052563 -0.065613 -0.037511 0.001403 -0.076481 -0.024238 -0.162452 0.263969 -0.058784 0.047937 -0.180804 0.115401 0.088060 0.045073 -0.109596 0.287157 0.184103 -0.362800 -0.424392 -0.075700 -0.384089 0.022045 -0.201189 0.241279 0.127687 -0.183499 -0.168322 -0.118386 -0.401531 -0.175250 -0.224382 -0.125056 -0.107775 -0.059737 -0.006427 -0.068682 -0.041492 0.173051 0.021404 0.011810 0.037513 0.181239 -0.222071 0.415770 0.258099 0.083646 -0.095918 0.345907 -0.015981 -0.110751 -0.056889 -0.102207 0.175611 0.102130 -0.072934 0.248556 -0.151208 -0.004927 -0.165378 -0.239623 -0.098286 -0.110170 -0.004922 0.156167 0.327130 -0.084797 0.285366 0.075525 0.095869 0.137338 -0.225740 -0.022877 -0.016810 0.091668 0.158695
0.571780 0.478233 0.005023 0.099060 0.358113 -0.085430 0.157269 0.097955 0.024319 0.016033 0.292444 1.000000 0.287579 0.647986 0.161966 0.509349 0.064487 0.050633 0.179349 -0.263167 -0.018230 -0.122837 -0.257187 -0.178504 0.013975 -0.263176 -0.080734 -0.217136 0.246464 0.094096 -0.151735 -0.168249 -0.102492 -0.227442 -0.267867 -0.045169 0.125060 -0.175554 -0.225392 -0.341691 0.007653 -0.050628 -0.465978 -0.461936 -0.358900 -0.316948 -0.190229 -0.449874 -0.005697 -0.307421 -0.204936 0.035623 0.329653 0.310186 0.067343 -0.177684 0.123004 -0.110187 0.188522 -0.145691 0.427900 0.251407 0.212840 -0.000834 0.196703 0.252481 -0.032602 -0.262319 -0.092897 -0.302405 -0.054255 -0.217753 0.050626 -0.147321 0.086172 0.148290 0.051909 -0.045837 -0.140035 -0.132794 0.027411 -0.044537 -0.033833 0.012919 0.112744 0.304217 0.122561 -0.004518 0.147376 -0.080598 0.225245 -0.057161 0.099909 0.034191 -0.272007 -0.050807 -0.232770 -0.158945 0.088678 0.021769 0.228287 0.072586 0.016550 0.005853 0.045711 0.103617 -0.022563 0.082246 -0.095091 -0.127608 -0.223066 -0.256130 0.186903 -0.096039 0.052725 -0.043831
0.159650 -0.034529 0.069444 -0.278939 0.061908 -0.021113 -0.089471 -0.270572 0.173878 -0.072692 0.659272 0.287579 1.000000 0.483299 0.589782 0.350483 0.493982 0.020349 -0.189040 -0.286976 0.069260 0.066812 0.200003 -0.010399 -0.070535 -0.000857 0.049839 0.161812 0.029467 -0.022262 -0.108709 -0.258514 -0.322104 -0.304599 0.066269 0.132922 0.149663 0.033839 0.161549 -0.078743 0.119893 0.012970 -0.087302 -0.104884 -0.056433 -0.049208 -0.091777 -0.234878 0.255490 0.000305 -0.090744 -0.211136 0.037191 -0.026045 0.091075 -0.122273 0.082753 0.118606 -0.071674 -0.226381 0.293296 -0.079327 0.055152 -0.123810 0.019739 0.235248 -0.047979 -0.208425 -0.287618 -0.442747 -0.092401 -0.115340 -0.079834 0.075374 0.021941 0.037562 0.026789 -0.026141 0.008375 -0.035214 0.186948 0.086498 0.158222 -0.212192 0.091246 0.215319 0.020144 0.131353 0.208282 0.175755 -0.067640 -0.087484 -0.145724 0.178977 -0.057367 -0.004753 0.041422 -0.163068 -0.077168 -0.094454 -0.051705 0.001342 -0.154176 -0.059973 -0.038788 0.116727 -0.038168 0.144468 0.014047 0.045589 -0.043669 -0.327164 -0.074711 -0.093163 -0.020233 0.045978
0.182756 0.376518 -0.170906 0.017826 0.100121 -0.098648 -0.090299 0.039812 -0.203518 -0.118928 0.416351 0.647986 0.483299 1.000000 0.129129 0.509507 0.274574 0.151768 -0.131118 -0.565561 0.079592 -0.069996 -0.191949 -0.288359 -0.066270 -0.145196 -0.082363 -0.168803 0.210291 0.064071 -0.285764 -0.367529 -0.025791 -0.272399 -0.195097 -0.065386 0.064279 -0.195308 -0.272797 -0.215151 0.102911 0.051249 -0.113703 -0.147509 0.008932 -0.150254 0.094474 -0.270475 0.248758 -0.027955 0.060496 0.039236 0.454225 0.191354 0.238272 0.082093 0.234334 -0.009774 0.207166 0.022432 0.307327 0.176527 0.448831 0.211758 -0.286119 0.046592 -0.145408 -0.417974 -0.036438 -0.401728 0.007218 -0.288459 0.165061 -0.147170 0.091673 0.120094 0.090933 -0.061895 -0.030513 -0.170892 0.255092 0.015226 -0.083933 0.062273 -0.143517 -0.080281 0.184886 -0.215219 -0.133810 0.216904 0.200408 -0.350823 0.017198 -0.021581 -0.145719 -0.041011 0.097721 0.149759 0.186301 0.012102 0.277568 0.155028 0.196180 0.165600 0.253065 0.295721 0.206115 0.281799 -0.012889 -0.057350 0.079995 -0.048118 0.328221 0.166643 0.197571 0.253903
0.375375 -0.286793 0.233133 -0.294675 0.186535 0.159455 -0.056127 -0.514537 0.280360 -0.036728 0.759947 0.161966 0.589782 0.129129 1.000000 0.447376 0.293159 0.040960 -0.071786 -0.138010 0.333579 0.301561 0.565119 0.287458 0.295697 0.247760 0.411191 0.461948 -0.166744 -0.265266 -0.003037 -0.060326 -0.488458 -0.334686 0.167328 0.021401 0.097281 0.073769 0.337611 0.047283 0.260819 -0.048667 -0.089209 -0.043830 -0.011579 -0.035150 -0.046828 -0.019984 0.240600 -0.029738 0.072102 -0.178854 -0.020844 0.059992 0.089915 -0.083611 0.223465 0.247233 -0.397290 -0.463104 -0.067771 -0.395172 -0.224336 -0.301897 0.357123 0.263725 -0.183751 -0.061952 -0.162726 -0.365253 -0.271638 -0.170129 -0.273341 -0.062127 -0.055120 -0.093475 -0.166710 -0.102281 0.107603 0.039772 -0.078452 0.085215 0.192526 -0.324894 0.336081 0.293271 -0.006243 0.021914 0.462079 -0.054252 -0.086992 0.075187 -0.094642 0.282118 0.010882 -0.039027 0.291661 -0.249667 -0.063356 -0.168457 -0.275786 -0.228677 -0.339534 -0.218264 -0.103170 0.152201 -0.114189 0.116714 0.008575 0.052467 0.088782 -0.217587 -0.211142 -0.162728 0.068827 0.127883
0.313606 0.101572 0.156787 0.238199 0.446536 0.302106 0.139696 -0.036516 0.282164 0.180260 0.383851 0.509349 0.350483 0.509507 0.447376 1.000000 0.101426 -0.087983 -0.102179 -0.293194 0.093881 0.020218 0.102702 0.121403 0.220115 0.111092 0.120915 0.099438 -0.131531 -0.218911 -0.154848 -0.286659 -0.315069 -0.404508 -0.296954 -0.193093 -0.075061 -0.292634 -0.053221 -0.223313 0.082827 -0.065533 -0.158548 -0.114144 -0.025830 -0.095014 -0.019968 -0.136977 0.269724 0.053116 0.168574 0.103601 0.266701 0.275339 0.184089 0.070925 0.092200 -0.084242 0.090376 -0.084614 0.227189 0.143572 -0.010631 -0.172378 0.065732 0.231597 -0.180995 -0.221582 -0.233250 -0.254745 -0.091646 -0.221460 -0.231329 -0.255001 -0.156971 -0.085578 -0.237437 -0.280355 -0.207081 -0.240469 -0.104415 -0.149698 -0.007179 -0.024303 -0.078849 0.027401 0.125441 -0.168057 0.100350 -0.022308 0.223183 0.018366 0.041870 0.092407 -0.345109 -0.225960 0.077208 -0.149510 0.100537 -0.008870 0.153436 0.163598 -0.120239 -0.040040 -0.051871 0.030390 -0.063869 0.051626 -0.217434 -0.273623 -0.099333 -0.190508 0.077559 -0.113872 0.031067 0.012554
0.049159 0.237829 -0.431635 -0.225182 -0.327053 -0.335109 -0.269112 -0.331611 -0.331591 -0.290281 0.338765 0.064487 0.493982 0.274574 0.293159 0.101426 1.000000 0.654301 -0.030309 -0.004792 -0.156265 -0.092754 -0.166075 -0.382089 -0.273918 -0.273843 -0.294123 -0.257461 0.567935 0.525088 -0.060151 -0.182246 0.248854 -0.045610 -0.158985 -0.290873 0.509434 0.093950 -0.076445 -0.347265 0.413534 0.086815 0.109445 -0.021421 -0.128865 -0.363758 0.046393 -0.191657 -0.238354 -0.232487 -0.179062 -0.192560 0.075745 0.035753 -0.203672 -0.048545 0.547751 0.615801 0.037940 -0.008709 0.153431 -0.154170 0.526715 0.466602 -0.377550 -0.386333 -0.461202 -0.444673 0.006297 -0.169942 0.131787 0.103325 0.618594 0.404974 0.392341 0.447536 0.393611 0.349383 0.496565 0.422026 0.729272 0.635447 0.428289 0.284178 0.004515 0.007583 0.127536 -0.289567 -0.190481 0.290152 -0.114973 -0.430565 -0.332796 -0.036085 -0.126120 0.143241 -0.006681 0.050011 0.094043 0.110465 0.125992 0.075918 0.156425 0.229456 -0.005990 0.012430 0.067289 0.106370 0.050017 0.151150 -0.051498 0.093602 0.038671 0.100458 0.081160 0.136019
-0.049988 0.309088 -0.584830 -0.159489 -0.449165 -0.413221 -0.380692 -0.307215 -0.526775 -0.426971 0.104933 0.050633 0.020349 0.151768 0.040960 -0.087983 0.654301 1.000000 0.168482 0.046715 -0.057287 -0.038931 -0.301544 -0.460026 -0.289758 -0.362151 -0.278884 -0.277495 0.594243 0.642752 -0.004179 -0.020716 0.538992 0.178063 -0.195761 -0.309538 0.616319 0.247426 -0.165763 -0.222588 0.391783 0.197187 0.086313 -0.010233 -0.137720 -0.446913 0.200819 -0.085793 -0.424076 -0.295450 -0.256588 -0.151809 0.176457 0.062914 -0.103792 0.066022 0.610373 0.684543 0.003738 0.078162 -0.037679 -0.150396 0.516289 0.607189 -0.390444 -0.521208 -0.494938 -0.480070 0.240322 0.032013 0.237398 0.202341 0.685373 0.457743 0.531015 0.481223 0.577339 0.547280 0.636451 0.697744 0.633881 0.729116 0.283210 0.386460 0.097878 -0.029990 0.111930 -0.438896 -0.235496 0.228253 -0.141526 -0.530863 -0.216452 -0.262020 0.089378 0.124831 0.133061 0.140032 0.180492 0.054241 0.119476 0.021836 0.274803 0.278217 0.276030 0.124437 0.160770 0.125401 0.039388 0.294351 0.029143 0.289819 0.081923 0.238909 0.152529 0.206053
0.410274 0.265707 -0.087322 0.208887 -0.212934 -0.217050 0.117750 0.043978 -0.367153 -0.315592 0.032170 0.179349 -0.189040 -0.131118 -0.071786 -0.102179 -0.030309 0.168482 1.000000 0.309121 -0.090499 -0.055442 -0.203266 -0.215064 -0.212879 -0.327049 -0.266454 -0.147823 0.255414 0.215833 0.122027 0.269941 0.368188 0.228518 -0.155080 -0.205122 0.058451 -0.166345 -0.160807 -0.167939 -0.066459 -0.060051 0.011800 0.000029 -0.239862 -0.209273 0.082948 0.003265 -0.361153 -0.262598 -0.270208 0.008577 0.127270 0.223547 -0.033535 -0.042990 0.110681 0.114959 -0.081887 -0.022001 -0.091628 -0.124092 0.072272 0.012398 0.134590 -0.229939 -0.212717 -0.114628 0.172822 0.085419 -0.039889 0.207878 0.170689 -0.046505 -0.011488 0.202349 0.257856 0.279546 0.008122 0.136455 -0.012742 0.113232 0.229451 0.200958 0.448224 0.208573 0.248051 -0.172217 0.006068 -0.253855 -0.052779 -0.076443 -0.050287 -0.099606 -0.076306 -0.170694 -0.113816 0.003097 0.139458 0.164292 -0.234782 0.048868 0.000740 -0.004331 -0.044404 -0.183784 -0.300322 -0.114227 0.020804 0.208134 0.094536 0.116741 0.082241 0.155918 0.026507 -0.053948
0.146719 0.017858 0.107314 0.096194 -0.089672 -0.115658 0.220762 0.074523 -0.024507 -0.019040 -0.248353 -0.263167 -0.286976 -0.565561 -0.138010 -0.293194 -0.004792 0.046715 0.309121 1.000000 -0.225859 -0.181775 -0.105199 0.013347 -0.127712 -0.233659 -0.158984 -0.168168 0.213290 0.243500 0.297764 0.226608 0.194806 0.350404 0.018621 0.067409 0.213838 0.041749 0.069517 -0.094894 -0.163285 -0.057331 -0.117217 -0.173175 -0.397634 -0.207427 -0.294371 0.008677 -0.572707 -0.393493 -0.433886 -0.340645 -0.353793 -0.310260 -0.525138 -0.431251 -0.042455 0.157333 -0.129504 -0.047634 -0.068230 -0.071378 -0.134888 0.021980 0.191463 -0.180015 0.042007 0.357511 -0.066573 0.496677 0.243324 0.371580 0.157607 0.382545 0.070571 0.246750 0.197923 0.310341 0.155806 0.139788 0.046485 0.197176 0.239333 0.297286 0.171637 0.109938 -0.013004 -0.126231 0.074228 -0.153069 -0.226899 0.227973 0.034488 0.122735 -0.005097 0.110365 -0.431425 -0.223380 -0.357014 -0.026274 -0.085427 0.093549 -0.139642 -0.039885 -0.311678 -0.402096 -0.244790 -0.402184 0.051716 0.073003 -0.264418 0.060675 -0.257343 -0.210137 -0.138821 -0.268611
-0.058274 -0.366399 0.108468 -0.179052 0.104237 0.322850 -0.169910 -0.322961 0.005709 -0.069382 0.381533 -0.018230 0.069260 0.079592 0.333579 0.093881 -0.156265 -0.057287 -0.090499 -0.225859 1.000000 0.502514 0.396335 0.349322 0.210945 0.374191 0.668126 0.465547 -0.449439 -0.442997 0.030091 0.089477 -0.324030 -0.142578 0.322195 0.127443 -0.119807 -0.010588 0.192478 0.168382 -0.013490 0.096101 0.218105 0.278854 0.263887 0.257937 0.269032 0.346602 0.223141 0.207928 0.061924 0.024278 -0.016627 0.058399 0.193776 0.169229 0.141173 -0.021220 -0.375994 -0.276441 -0.459628 -0.450206 -0.209170 -0.379707 0.099712 0.095983 0.031420 0.056892 0.135811 -0.045272 0.075794 -0.220937 -0.264434 -0.049822 -0.141452 -0.186533 -0.293716 -0.233537 0.070772 0.022075 -0.182308 -0.173147 -0.402775 -0.352114 0.215623 0.079619 -0.207838 0.144100 0.140103 -0.057649 0.053561 0.169648 0.277138 0.049270 0.309268 -0.034660 0.531965 0.080605 0.148254 -0.192509 -0.028931 -0.149900 -0.005775 0.012205 0.404992 0.413465 -0.111899 0.152356 0.083646 -0.057059 0.475288 0.014129 -0.071463 -0.096382 -0.072860 -0.073650
-0.107536 -0.521572 -0.006127 -0.124979 -0.223094 0.026390 -0.429514 -0.245596 0.019546 -0.266364 0.223224 -0.122837 0.066812 -0.069996 0.301561 0.020218 -0.092754 -0.038931 -0.055442 -0.181775 0.502514 1.000000 0.484981 0.505815 0.192084 0.599220 0.415467 0.704596 -0.453447 -0.191016 0.374408 0.562117 -0.117424 0.274532 0.536713 0.287802 -0.011827 0.324609 0.532865 0.245259 0.027667 -0.123712 0.029783 0.201114 0.129120 0.389755 0.022104 0.221026 0.136031 0.123461 0.136670 -0.150195 -0.244274 -0.165773 0.298426 0.051102 0.209921 0.151362 -0.580905 -0.457043 -0.430895 -0.384060 -0.456016 -0.396073 0.174027 0.386546 -0.002463 0.313997 0.024120 -0.207754 -0.123359 0.245788 -0.259472 -0.015376 0.084458 -0.219233 -0.058200 0.097928 0.135224 0.178548 -0.195908 -0.083477 -0.308990 -0.576058 0.238100 0.337946 -0.200468 0.268096 0.303538 -0.056481 -0.192257 -0.046750 0.159894 0.143203 0.238615 -0.009130 0.496860 -0.065312 -0.149115 -0.491081 -0.405816 -0.613480 -0.358711 -0.478169 -0.102709 -0.031932 0.040938 0.209091 -0.140142 0.160523 0.179692 -0.280789 -0.235046 -0.207831 -0.024515 -0.107019
0.060797 -0.767401 0.598586 -0.244199 0.230748 0.455348 0.071002 -0.417517 0.429792 0.009356 0.454742 -0.257187 0.200003 -0.191949 0.565119 0.102702 -0.166075 -0.301544 -0.203266 -0.105199 0.396335 0.484981 1.000000 0.803917 0.624737 0.705881 0.715925 0.747238 -0.471766 -0.537801 0.000653 0.109406 -0.574415 -0.221665 0.517582 0.280769 -0.134252 0.125535 0.497444 0.273107 0.063121 -0.147474 -0.032189 0.101807 0.182054 0.276095 -0.110925 0.123905 0.470601 0.221523 0.310202 -0.211548 -0.218759 -0.199983 0.089566 -0.173951 0.013147 -0.081395 -0.590279 -0.584925 -0.414471 -0.610117 -0.562791 -0.574976 0.451917 0.427197 0.089588 0.342726 -0.118454 -0.142341 -0.256855 -0.157348 -0.464332 -0.177167 -0.222518 -0.318436 -0.294873 -0.199451 0.046882 -0.044710 -0.259015 -0.142949 -0.078505 -0.577209 0.350473 0.189481 -0.022249 0.239606 0.580785 -0.140983 -0.248823 0.289781 0.009061 0.357488 0.305859 0.000222 0.393789 -0.113882 -0.314810 -0.347684 -0.520802 -0.331795 -0.503996 -0.274767 -0.118123 0.177300 -0.245399 0.008479 0.018869 0.028090 0.221978 -0.300873 -0.297893 -0.256869 -0.019198 0.002944
-0.019425 -0.791829 0.569655 0.019251 0.297933 0.568369 0.087394 -0.107171 0.476664 0.190512 0.179401 -0.178504 -0.010399 -0.288359 0.287458 0.121403 -0.382089 -0.460026 -0.215064 0.013347 0.349322 0.505815 0.803917 1.000000 0.627275 0.783847 0.623641 0.674941 -0.624267 -0.563207 0.080813 0.244682 -0.608127 -0.151089 0.499388 0.391327 -0.185633 0.125923 0.484595 0.279653 -0.183427 -0.228935 -0.187140 -0.019834 0.118754 0.405696 -0.278779 0.108239 0.335866 0.222184 0.108166 -0.180037 -0.370415 -0.278870 -0.026240 -0.238375 -0.128264 -0.296462 -0.514593 -0.508393 -0.392433 -0.433838 -0.719119 -0.683195 0.525109 0.552735 0.261394 0.597376 -0.217749 0.040096 -0.107600 -0.049601 -0.589625 -0.202775 -0.264462 -0.385751 -0.384746 -0.247968 -0.067116 -0.155657 -0.400657 -0.372946 -0.289900 -0.643925 0.295126 0.295805 -0.105268 0.333361 0.608040 -0.189010 -0.089946 0.473138 0.328007 0.369078 0.213272 -0.019003 0.155185 -0.235683 -0.413840 -0.344247 -0.348097 -0.240568 -0.523327 -0.296189 -0.165057 0.034869 -0.315591 -0.143559 -0.116294 -0.104046 0.022106 -0.343763 -0.288077 -0.408965 -0.149661 -0.239908
0.127100 -0.385049 0.513515 -0.051038 0.534629 0.633162 0.230327 -0.178462 0.409862 0.252056 0.265879 0.013975 -0.070535 -0.066270 0.295697 0.220115 -0.273918 -0.289758 -0.212879 -0.127712 0.210945 0.192084 0.624737 0.627275 1.000000 0.717023 0.578499 0.340404 -0.260018 -0.403391 -0.275056 -0.182272 -0.531389 -0.384419 0.249183 0.112178 -0.117487 -0.011266 0.111695 0.076592 -0.091264 -0.018985 -0.147195 -0.053347 0.152223 0.196616 -0.118940 0.006605 0.401435 0.197394 0.233005 -0.065282 -0.103784 0.019653 -0.045108 -0.107143 0.016914 -0.107392 -0.431206 -0.433577 -0.308625 -0.359740 -0.399329 -0.376910 0.377267 0.303188 0.037637 0.273790 -0.127484 0.020490 -0.170365 -0.313580 -0.365202 -0.318395 -0.273210 -0.268067 -0.341732 -0.295574 -0.020768 -0.210509 -0.248614 -0.203521 -0.128594 -0.374522 0.222312 0.099044 -0.039366 0.062871 0.383012 -0.094743 -0.021716 0.249389 0.130653 0.185239 0.153478 0.118277 0.108389 -0.091535 -0.201921 -0.123947 -0.258661 -0.144834 -0.233843 -0.157102 -0.032617 0.218046 0.050684 0.051086 -0.025511 0.012926 0.114238 -0.211656 -0.020750 -0.096897 0.081545 -0.036730
-0.210556 -0.700450 0.373214 0.059906 0.184473 0.571898 -0.055725 -0.129438 0.316631 0.128588 0.186021 -0.263176 -0.000857 -0.145196 0.247760 0.111092 -0.273843 -0.362151 -0.327049 -0.233659 0.374191 0.599220 0.705881 0.783847 0.717023 1.000000 0.555853 0.617117 -0.576123 -0.493404 -0.011472 0.153580 -0.438197 -0.116617 0.454640 0.226136 -0.247489 0.113664 0.382937 0.304002 -0.102119 -0.128724 0.052616 0.214917 0.402398 0.549236 -0.035525 0.177973 0.434581 0.433220 0.329334 -0.039930 -0.257173 -0.139420 0.083733 0.023126 -0.000011 -0.138254 -0.543075 -0.386660 -0.509069 -0.435765 -0.568316 -0.529007 0.233411 0.389383 0.093718 0.462970 -0.160905 -0.052767 -0.119481 -0.098777 -0.507587 -0.276032 -0.262690 -0.447786 -0.408501 -0.225209 -0.060462 -0.183170 -0.301158 -0.328022 -0.251482 -0.581253 0.178241 0.178526 -0.201231 0.213191 0.288811 -0.149205 -0.117399 0.192003 0.204062 0.191629 0.203989 0.008727 0.317282 -0.122439 -0.227479 -0.301595 -0.367298 -0.296200 -0.351344 -0.300003 -0.114354 0.080101 -0.002344 0.053611 -0.125904 -0.089017 0.144244 -0.309454 -0.114841 -0.173576 -0.091372 -0.152846
0.006510 -0.521050 0.454067 -0.142328 0.368329 0.531434 -0.029026 -0.379911 0.325046 0.033456 0.332286 -0.080734 0.049839 -0.082363 0.411191 0.120915 -0.294123 -0.278884 -0.266454 -0.158984 0.668126 0.415467 0.715925 0.623641 0.578499 0.555853 1.000000 0.637078 -0.556433 -0.659343 -0.103092 -0.040601 -0.565672 -0.339952 0.427362 0.152441 -0.160194 0.046091 0.273492 0.290397 -0.016971 -0.019134 0.095111 0.173123 0.276202 0.322907 0.131510 0.228212 0.396952 0.231243 0.281646 -0.058762 -0.100178 -0.090385 0.193246 0.041394 0.090602 -0.092433 -0.481913 -0.415788 -0.440315 -0.537009 -0.411619 -0.523542 0.277311 0.284042 0.123639 0.247807 0.011663 -0.035118 -0.033858 -0.411455 -0.455545 -0.238617 -0.254451 -0.381636 -0.427342 -0.391875 0.026109 -0.141641 -0.286987 -0.258419 -0.423770 -0.486911 0.200054 0.140062 -0.214300 0.195883 0.386449 0.000624 -0.004544 0.302171 0.188053 0.133474 0.281840 0.029632 0.482506 -0.037295 -0.091015 -0.268771 -0.241798 -0.286376 -0.191462 -0.147019 0.128480 0.322933 -0.188286 0.027074 0.052116 -0.051194 0.343620 -0.077470 -0.126079 -0.210923 0.010838 -0.085177
-0.142029 -0.662532 0.272229 -0.149667 -0.097804 0.277285 -0.253919 -0.393282 0.308105 -0.179026 0.316168 -0.217136 0.161812 -0.168803 0.461948 0.099438 -0.257461 -0.277495 -0.147823 -0.168168 0.465547 0.704596 0.747238 0.674941 0.340404 0.617117 0.637078 1.000000 -0.597662 -0.538738 0.174516 0.339914 -0.354829 0.038814 0.545858 0.311549 -0.147714 0.181241 0.652508 0.339455 0.067891 -0.151147 0.017140 0.189396 0.205166 0.372933 -0.026297 0.197461 0.427599 0.216003 0.340948 -0.119512 -0.192055 -0.222375 0.361035 -0.025047 -0.050826 -0.060778 -0.526969 -0.423742 -0.368887 -0.433747 -0.580308 -0.565241 0.299071 0.473558 0.147574 0.340661 -0.026844 -0.178375 -0.168542 0.078708 -0.468983 -0.160552 -0.091131 -0.336620 -0.234562 -0.095649 -0.082509 -0.049757 -0.352624 -0.224244 -0.259850 -0.549704 0.209626 0.307532 -0.102072 0.379491 0.462698 -0.099466 -0.209259 0.206248 0.114183 0.238248 0.245690 -0.197712 0.504801 -0.209127 -0.227647 -0.427829 -0.461592 -0.395315 -0.457472 -0.442351 -0.102036 0.082465 -0.277322 0.000500 -0.179729 0.054388 0.233375 -0.308810 -0.378486 -0.271501 -0.038880 -0.101996
0.240039 0.593629 -0.312818 -0.048750 -0.189369 -0.434896 0.172443 0.004214 -0.411216 -0.200971 0.037113 0.246464 0.029467 0.210291 -0.166744 -0.131531 0.567935 0.594243 0.255414 0.213290 -0.449439 -0.453447 -0.471766 -0.624267 -0.260018 -0.576123 -0.556433 -0.597662 1.000000 0.781392 -0.054070 -0.097263 0.531347 0.181951 -0.350140 -0.313307 0.522299 -0.007452 -0.381864 -0.531326 0.357663 0.082707 -0.217166 -0.356039 -0.426258 -0.676027 -0.144038 -0.507497 -0.529274 -0.526121 -0.329430 -0.232613 0.167823 0.077616 -0.385787 -0.271121 0.280014 0.391650 0.264507 0.116567 0.355918 0.159119 0.657556 0.698758 -0.174250 -0.474190 -0.315825 -0.450698 0.136502 0.013815 0.152991 0.172793 0.810590 0.392696 0.471306 0.672406 0.609514 0.509180 0.426192 0.373403 0.642799 0.702245 0.538562 0.652981 0.050475 -0.116285 0.313792 -0.378937 -0.300168 0.157134 -0.270189 -0.435148 -0.259218 -0.117140 -0.158493 0.122827 -0.391328 0.084031 -0.090406 0.155274 0.199147 0.221577 0.279101 0.295263 0.013897 -0.072814 0.177657 0.099905 0.144213 0.206874 -0.246735 0.118065 0.152375 0.265416 0.137307 0.164279
0.083234 0.472041 -0.490567 0.022375 -0.439507 -0.584836 -0.056543 0.154737 -0.459034 -0.261488 -0.171282 0.094096 -0.022262 0.064071 -0.265266 -0.218911 0.525088 0.642752 0.215833 0.243500 -0.442997 -0.191016 -0.537801 -0.563207 -0.403391 -0.493404 -0.659343 -0.538738 0.781392 1.000000 0.241038 0.202990 0.619260 0.433413 -0.240338 -0.180254 0.568181 0.315599 -0.230470 -0.286548 0.249849 0.131727 -0.141123 -0.258831 -0.413506 -0.519652 -0.052979 -0.290263 -0.625939 -0.437142 -0.457663 -0.269734 -0.031573 -0.001958 -0.285334 -0.116400 0.248628 0.462844 0.151035 0.131809 0.217353 0.184433 0.456133 0.593713 -0.203441 -0.400903 -0.383531 -0.345485 0.009135 -0.064313 0.195655 0.450711 0.724644 0.548580 0.515278 0.615761 0.717758 0.654673 0.464294 0.501810 0.554939 0.655111 0.384813 0.544846 -0.028509 -0.053668 0.103039 -0.219546 -0.305914 0.185768 -0.214617 -0.514695 -0.225747 -0.219799 -0.073775 0.304782 -0.284678 0.115918 -0.021065 0.090268 0.147623 -0.033452 0.128861 0.080727 -0.050745 -0.229752 0.254809 0.090227 0.108964 0.356065 -0.325323 0.176789 0.137770 0.222747 0.111821 0.204542
0.126705 -0.161820 -0.007892 -0.004437 -0.254663 -0.290776 -0.031935 0.160041 -0.052631 -0.200677 -0.065254 -0.151735 -0.108709 -0.285764 -0.003037 -0.154848 -0.060151 -0.004179 0.122027 0.297764 0.030091 0.374408 0.000653 0.080813 -0.275056 -0.011472 -0.103092 0.174516 -0.054070 0.241038 1.000000 0.772155 0.166355 0.561085 0.200069 0.166212 -0.093108 0.129908 0.182729 0.027044 -0.091793 0.044041 -0.070401 -0.024275 -0.284878 -0.004898 -0.203818 0.027781 -0.427095 -0.241100 -0.131965 -0.229990 -0.323793 -0.235697 -0.100204 -0.167532 0.066183 0.146082 -0.217248 -0.160555 -0.046632 0.114327 -0.250247 -0.081326 0.326976 0.124511 0.019427 0.247095 -0.060773 -0.004074 0.109389 0.619490 -0.056105 0.351726 0.262419 0.088226 0.210609 0.285340 0.104426 0.269094 -0.212424 0.017959 -0.116478 -0.081087 -0.036157 0.080777 -0.280615 0.122604 0.099820 -0.053148 -0.270356 0.050159 -0.038661 0.111312 0.007200 0.042476 -0.093457 -0.185105 -0.206930 -0.224713 -0.164100 -0.381502 -0.311138 -0.350100 -0.330714 -0.386166 -0.068788 -0.089702 -0.103201 0.097471 -0.331938 -0.205595 -0.265492 -0.364055 -0.253633 -0.190523
-0.008514 -0.291389 -0.019891 0.023999 -0.370690 -0.332728 -0.159461 0.129535 -0.137788 -0.259897 -0.105631 -0.168249 -0.258514 -0.367529 -0.060326 -0.286659 -0.182246 -0.020716 0.269941 0.226608 0.089477 0.562117 0.109406 0.244682 -0.182272 0.153580 -0.040601 0.339914 -0.097263 0.202990 0.772155 1.000000 0.208474 0.691229 0.379391 0.275389 0.023060 0.275418 0.339583 0.119050 -0.015463 -0.168938 -0.172524 -0.059683 -0.249336 0.093993 -0.235776 0.027874 -0.340728 -0.218964 -0.120605 -0.240035 -0.340286 -0.244029 -0.024012 -0.204670 -0.042414 0.051918 -0.378384 -0.291194 -0.262882 -0.109619 -0.392304 -0.206813 0.386130 0.195530 0.093642 0.376154 0.109386 0.018941 0.025990 0.598774 -0.060050 0.190216 0.262390 0.019148 0.270224 0.344359 0.119397 0.308726 -0.180852 0.035830 -0.067138 -0.178172 0.245936 0.270038 -0.089363 0.286644 0.219974 -0.249511 -0.289094 0.006449 0.149789 0.101067 0.088298 -0.010487 -0.003718 -0.131809 -0.262802 -0.400744 -0.240884 -0.490077 -0.306049 -0.474088 -0.240246 -0.351917 -0.126975 -0.084264 -0.072496 0.178749 -0.160124 -0.230657 -0.311665 -0.235400 -0.250963 -0.173411
-0.181887 0.508309 -0.604482 0.153836 -0.604477 -0.487544 -0.207145 0.081771 -0.647076 -0.410233 -0.374671 -0.102492 -0.322104 -0.025791 -0.488458 -0.315069 0.248854 0.538992 0.368188 0.194806 -0.324030 -0.117424 -0.574415 -0.608127 -0.531389 -0.438197 -0.565672 -0.354829 0.531347 0.619260 0.166355 0.208474 1.000000 0.620593 -0.251649 -0.276583 0.224754 0.015618 -0.273555 -0.273260 0.119100 0.052978 0.186612 0.121366 -0.051365 -0.219543 0.188747 -0.078929 -0.525553 -0.128375 -0.139028 0.026154 0.148108 0.056624 -0.087878 0.083430 0.238720 0.351611 0.209215 0.364991 0.100191 0.217018 0.523455 0.651108 -0.468602 -0.466569 -0.277799 -0.280753 0.245489 0.102091 0.136243 0.346717 0.630909 0.303795 0.400087 0.362272 0.531346 0.518051 0.237631 0.374771 0.387578 0.430105 0.268051 0.599085 -0.131845 -0.130062 0.149062 -0.266178 -0.484912 0.064940 -0.258320 -0.583277 -0.295089 -0.409193 -0.049246 -0.013459 -0.054460 0.196835 0.138069 0.049422 0.044324 0.045418 0.246377 0.086969 0.044784 -0.238545 0.175774 0.105624 0.009551 0.207380 -0.065090 0.253246 0.070433 0.182588 0.030194 0.081755
-0.184187 -0.018304 -0.206206 0.056594 -0.506468 -0.423635 -0.111859 0.265055 -0.321641 -0.269508 -0.290121 -0.227442 -0.304599 -0.272399 -0.334686 -0.404508 -0.045610 0.178063 0.228518 0.350404 -0.142578 0.274532 -0.221665 -0.151089 -0.384419 -0.116617 -0.339952 0.038814 0.181951 0.433413 0.561085 0.691229 0.620593 1.000000 0.232457 0.284684 0.086334 0.173292 0.138055 -0.008176 -0.062535 -0.065019 -0.095150 -0.053192 -0.301525 -0.019499 -0.211423 -0.046617 -0.489286 -0.228839 -0.243309 -0.300054 -0.319829 -0.348943 -0.127015 -0.224600 -0.020468 0.125085 -0.168084 -0.047087 -0.028186 0.076006 -0.055421 0.149179 0.026938 -0.005843 0.070846 0.295647 0.107351 0.116920 0.116468 0.605171 0.255921 0.348138 0.360356 0.232263 0.499507 0.587618 0.157598 0.281392 0.058659 0.196597 0.092510 0.152565 -0.021957 0.027033 -0.008532 0.041625 -0.046888 -0.108523 -0.413209 -0.260099 -0.033586 -0.059536 0.176024 0.060093 -0.125126 0.014012 -0.265055 -0.287337 -0.105339 -0.311007 -0.111556 -0.337184 -0.210203 -0.391727 0.097599 0.034377 0.094248 0.308204 -0.209645 -0.027714 -0.186386 -0.073606 -0.092914 -0.024347
-0.220485 -0.639404 0.288691 -0.342846 -0.130677 0.089073 -0.173179 -0.091898 0.178831 -0.158158 0.141629 -0.267867 0.066269 -0.195097 0.167328 -0.296954 -0.158985 -0.195761 -0.155080 0.018621 0.322195 0.536713 0.517582 0.499388 0.249183 0.454640 0.427362 0.545858 -0.350140 -0.240338 0.200069 0.379391 -0.251649 0.232457 1.000000 0.652074 -0.023580 0.305034 0.526225 0.324308 -0.193493 -0.186518 -0.031871 0.094226 0.092091 0.373357 -0.161609 0.174523 0.130882 -0.002141 -0.042359 -0.403632 -0.489006 -0.558813 0.073181 -0.297889 -0.063900 -0.116371 -0.521387 -0.500546 -0.270882 -0.385378 -0.467113 -0.426809 0.298171 0.458680 0.400107 0.600778 -0.174807 -0.086330 -0.128460 0.105595 -0.227008 0.074013 0.021998 -0.216170 0.017637 0.118730 0.154884 0.120157 -0.121979 -0.093403 -0.315373 -0.584191 0.211859 0.257353 -0.221334 0.274567 0.441791 -0.103785 -0.402765 0.196848 0.179224 0.279901 0.420348 0.077378 0.271839 -0.012273 -0.498924 -0.408421 -0.350747 -0.396257 -0.304638 -0.463557 -0.039995 0.093863 -0.101603 -0.108486 0.057420 0.338204 0.199899 -0.262382 -0.379162 -0.330377 -0.127322 -0.062354
-0.131192 -0.481163 0.353366 -0.343819 0.111855 0.001188 -0.045478 0.162685 0.357743 0.122393 0.049216 -0.045169 0.132922 -0.065386 0.021401 -0.193093 -0.290873 -0.309538 -0.205122 0.067409 0.127443 0.287802 0.280769 0.391327 0.112178 0.226136 0.152441 0.311549 -0.313307 -0.180254 0.166212 0.275389 -0.276583 0.284684 0.652074 1.000000 -0.034978 0.192853 0.437482 0.202667 -0.271247 -0.230390 -0.439979 -0.331821 -0.292858 0.228319 -0.522835 -0.100925 0.109503 -0.215734 -0.299324 -0.489485 -0.425263 -0.575729 -0.052844 -0.492995 -0.357087 -0.331036 -0.228261 -0.433546 0.082655 -0.045176 -0.500772 -0.417997 0.437681 0.669132 0.734141 0.692001 -0.130603 0.074519 -0.018664 0.057582 -0.312300 0.087802 0.056093 -0.169204 0.012809 0.034276 -0.158862 -0.081929 -0.208415 -0.200778 -0.243028 -0.566291 0.106776 0.251636 -0.092505 0.369880 0.579637 -0.140030 -0.137797 0.301159 0.262529 0.397007 0.249974 0.104248 -0.139331 -0.150749 -0.533113 -0.445697 -0.115288 -0.259889 -0.349568 -0.388649 -0.085690 0.086567 0.006578 -0.105742 -0.020304 0.165436 -0.111941 -0.375581 -0.263663 -0.332592 -0.121215 -0.093687
