1.000000 0.690503 -0.485769 -0.355217 -0.115626 -0.218401 0.150674 -0.080980 -0.012263 0.059447 0.471478 0.094036 0.366957 0.471526 -0.036240 0.173640 0.447110 0.361900 0.139993 0.200531 -0.323998 -0.214372 -0.454628 -0.400916 -0.349903 -0.484308 -0.148815 -0.181651 0.222267 0.172872 -0.341938 -0.382503 0.209665 0.193319 -0.489031 -0.304763 -0.002072 -0.121512 -0.117732 -0.218974 0.020693 -0.085849 -0.251796 -0.353116 -0.148577 -0.287124 -0.210772 -0.341839 -0.153825 -0.015293 -0.520908 -0.104814 0.101343 -0.174863 0.127281 -0.108439 0.585865 0.474283 0.454255 0.553742 0.446270 0.471333 0.370100 0.587280 -0.358556 -0.167875 -0.180239 -0.519069 0.345721 0.266170 -0.145559 -0.278623 0.304441 0.109624 0.064334 0.156353 0.018319 -0.155610 -0.010880 0.082499 0.214337 0.231687 0.004723 0.159171 -0.161982 -0.188665 -0.280039 -0.212040 -0.154276 0.223038 0.091350 -0.014287 -0.119596 -0.115010 -0.197611 -0.082657 -0.287232 -0.091781 0.159989 0.057690 0.255114 0.241881 0.299895 -0.051093 -0.210441 -0.349333 0.022860 -0.181454 -0.057657 -0.094367 -0.427298 -0.035902 0.157999 -0.157515 -0.164395 -0.134940
0.690503 1.000000 -0.560057 -0.290239 -0.211978 -0.207656 -0.121937 -0.183981 -0.155108 0.106829 0.268174 0.194873 0.181117 0.387798 -0.127034 0.016960 0.490081 0.509434 -0.105274 -0.014744 -0.411374 -0.146780 -0.543687 -0.558100 -0.291672 -0.506091 -0.111786 -0.115201 0.001174 0.031569 -0.457755 -0.548094 0.369168 -0.019534 -0.207434 -0.456504 0.062939 0.022528 -0.164098 -0.108607 0.058550 -0.019244 -0.310620 -0.359071 -0.166570 -0.374367 -0.173909 -0.369548 -0.042464 -0.047248 -0.250142 0.047316 0.305467 0.081175 0.330816 0.113884 0.687213 0.752660 0.421176 0.521502 0.264611 0.528203 0.362488 0.717104 -0.291526 -0.058314 0.133276 -0.320925 0.402547 0.156077 -0.455705 -0.581091 0.188640 0.028799 0.045129 0.033722 -0.058607 -0.316553 -0.060660 0.273189 0.393338 0.390485 -0.125231 0.014495 -0.048207 0.070914 -0.225000 -0.068086 -0.275839 0.277795 0.080650 -0.088738 -0.168753 -0.396891 0.035144 -0.230117 -0.061194 0.069833 0.208768 0.131079 0.176192 0.082070 0.176027 0.006137 0.005193 -0.365059 -0.167126 -0.185149 -0.000986 -0.232320 -0.364490 -0.024979 0.195397 -0.134523 -0.061336 -0.177511
-0.485769 -0.560057 1.000000 0.069197 0.577226 0.249659 0.415304 0.104994 0.489398 0.047002 0.028184 -0.051795 0.042456 -0.181236 0.219390 -0.100158 -0.522698 -0.366798 0.187200 -0.068180 0.141966 0.045350 0.586088 0.368442 0.439611 0.378859 0.264115 0.071767 -0.117598 -0.078374 0.303465 0.236577 -0.285703 0.008141 0.453353 0.191716 -0.136841 -0.199579 0.122390 -0.132765 -0.211575 -0.123783 -0.054770 -0.054814 -0.152145 -0.072139 -0.192397 -0.077262 0.222839 -0.329276 0.185754 -0.113128 -0.118796 -0.056918 -0.173812 -0.322244 -0.580784 -0.521117 -0.185577 -0.428447 0.068696 -0.276252 -0.302202 -0.479704 0.422466 0.030462 0.107014 0.269434 -0.389383 -0.209531 0.229434 0.187025 -0.127884 -0.197741 -0.119959 -0.199293 -0.032400 -0.003125 -0.184992 -0.223103 -0.415118 -0.362858 0.014771 -0.230296 0.108231 -0.086973 0.114928 -0.042441 0.434704 -0.206144 -0.333164 -0.014718 -0.061185 0.492962 -0.036417 -0.028804 -0.080829 -0.211417 -0.448998 -0.441604 -0.234632 0.152643 -0.337922 -0.000669 -0.130500 0.223346 0.066193 0.115468 -0.183149 -0.059875 0.157136 -0.314461 -0.359126 -0.105179 0.020087 -0.176374
-0.355217 -0.290239 0.069197 1.000000 -0.162708 0.284755 -0.426784 0.175457 -0.198245 0.015745 -0.232387 0.212834 -0.387227 -0.188846 0.120327 0.421811 -0.324628 -0.426084 -0.181934 -0.009029 0.357992 0.299871 0.394782 0.630587 0.323306 0.536843 0.214790 0.485138 -0.469969 -0.446540 0.197733 0.340310 -0.419892 -0.343868 0.011358 0.081291 0.008130 0.170717 0.122144 0.177224 0.219955 0.165298 0.023718 0.104249 -0.233664 -0.086038 -0.007550 0.030306 -0.352120 -0.262050 0.338748 -0.151533 -0.047492 0.037363 -0.014349 -0.084976 -0.309597 -0.423953 -0.251587 -0.320053 -0.360879 -0.228920 -0.337491 -0.375020 0.328461 0.459702 -0.151298 0.198127 -0.265065 -0.062098 -0.035986 0.468953 -0.582595 0.125433 0.005077 0.068288 -0.166562 0.124708 -0.139272 -0.091982 -0.110478 -0.303392 0.042920 0.001892 0.099033 0.523760 0.320299 0.577883 0.198351 0.265196 -0.027387 -0.156787 0.707921 -0.131178 -0.085290 0.111384 -0.002108 -0.112761 -0.243690 -0.242212 0.032309 -0.419418 -0.036555 -0.253059 -0.074217 0.166175 0.037643 0.228637 -0.004673 0.082061 -0.048633 -0.163075 -0.230697 -0.174526 -0.016626 -0.073214
-0.115626 -0.211978 0.577226 -0.162708 1.000000 0.683509 0.291578 -0.031954 0.819663 0.627928 0.197217 -0.003979 0.044490 0.025609 0.525917 0.153332 -0.286796 -0.228279 0.053396 -0.140665 0.161548 0.109824 0.465831 0.224736 0.630378 0.310496 0.656859 0.227569 -0.052354 0.065701 -0.042789 -0.072711 -0.240376 0.173424 0.272369 0.136722 -0.097096 -0.167203 0.208461 -0.148011 0.005096 -0.050351 -0.435746 -0.430279 -0.390535 -0.266658 -0.450592 -0.510555 0.007748 -0.455808 -0.023961 -0.151623 -0.060703 -0.063826 0.025403 -0.160523 -0.274488 -0.170542 -0.043696 -0.188623 0.398211 0.104901 -0.269161 -0.221311 0.437033 0.241167 -0.179507 -0.048778 -0.236521 -0.018854 -0.008306 -0.066205 -0.038361 -0.306124 -0.101735 -0.176420 -0.155771 -0.186800 -0.136880 0.098488 -0.180634 -0.143936 0.205375 -0.108260 0.239618 -0.089280 0.092435 -0.184276 0.581045 0.147426 -0.429312 -0.085680 -0.142857 0.262369 -0.280124 -0.103229 -0.371222 -0.326832 -0.215586 -0.427312 -0.342686 0.003586 -0.519083 -0.266352 -0.251150 -0.074685 -0.231783 -0.009533 -0.114713 -0.262515 -0.040594 -0.470048 -0.427546 -0.109058 0.097091 -0.344981
-0.218401 -0.207656 0.249659 0.284755 0.683509 1.000000 -0.248673 -0.168279 0.516312 0.790412 -0.054258 -0.051800 -0.405184 -0.271667 0.432611 0.193995 -0.200739 -0.258116 -0.177828 -0.186079 0.339008 0.169255 0.352201 0.444412 0.784165 0.549535 0.763192 0.498991 -0.260626 -0.062032 -0.245917 -0.147468 -0.248655 -0.186237 0.121952 0.009545 0.126662 0.144220 0.379687 0.176214 0.332516 0.171373 -0.338107 -0.230208 -0.357314 -0.224051 -0.223201 -0.319031 -0.156523 -0.328258 0.211937 -0.017455 0.107138 0.159355 0.286389 0.193525 -0.167356 -0.131988 -0.164826 -0.239160 -0.024766 -0.113986 -0.362873 -0.272720 0.350524 0.383088 -0.174714 0.045115 -0.220204 0.056480 -0.021590 0.074384 -0.245385 -0.075021 0.074057 -0.049091 -0.171160 -0.060172 -0.042788 0.112883 0.026105 -0.035845 0.227684 0.001256 0.196520 0.253967 0.154957 0.188884 0.460843 0.427677 -0.195591 -0.038002 0.101391 -0.050981 -0.312494 0.018770 -0.207592 -0.170919 0.039883 -0.175792 -0.265139 -0.238177 -0.458326 -0.268531 -0.144971 -0.082083 -0.278311 0.070247 0.016068 -0.186465 -0.069957 -0.271964 -0.290536 -0.190423 0.001050 -0.249410
0.150674 -0.121937 0.415304 -0.426784 0.291578 -0.248673 1.000000 0.449221 0.311452 0.002832 0.374798 0.146096 0.644835 0.454271 0.145946 0.091415 -0.100768 0.057865 0.543527 0.256272 -0.385988 -0.349082 -0.025604 -0.191360 -0.285669 -0.417714 -0.265193 -0.504410 0.420712 0.352134 0.246681 0.148280 0.019722 0.618704 -0.004170 0.010530 -0.371813 -0.532801 -0.285704 -0.394770 -0.298351 -0.387726 -0.080894 -0.252329 -0.129868 -0.217499 -0.309367 -0.232489 -0.010541 -0.108904 -0.532829 -0.255912 -0.252705 -0.330675 -0.507105 -0.502723 -0.299758 -0.258360 0.057153 0.013135 0.642311 0.349871 0.196588 0.040313 0.081711 -0.269776 -0.226968 -0.369790 -0.119415 -0.101922 0.205000 -0.095092 0.353118 -0.084387 -0.011460 -0.111004 0.060189 -0.107984 -0.190513 -0.148777 -0.299348 -0.229701 0.038745 0.041340 -0.027415 -0.526275 -0.289398 -0.539830 0.244950 -0.269247 -0.110286 -0.015426 -0.232567 0.430821 -0.132375 -0.133452 -0.426040 -0.295784 -0.231806 -0.376288 0.060513 0.376012 0.033855 -0.093873 -0.338195 -0.160899 0.157769 -0.119998 -0.231456 -0.178163 -0.260770 -0.086891 -0.103019 0.003897 0.101586 -0.198010
-0.080980 -0.183981 0.104994 0.175457 -0.031954 -0.168279 0.449221 1.000000 -0.121900 0.087287 -0.130261 0.410488 0.180446 0.508904 -0.197169 0.283069 -0.277365 -0.271116 0.000255 0.018392 -0.135038 -0.043756 -0.100473 -0.003188 -0.379959 -0.113583 -0.313554 -0.352399 0.031633 0.203016 0.321761 0.465589 -0.167731 0.503759 0.028103 0.250594 -0.359625 -0.243725 -0.182055 -0.007309 0.011487 -0.158926 -0.005802 -0.082809 -0.158411 -0.096216 -0.220150 -0.068528 -0.279690 -0.252012 -0.309370 -0.288237 -0.227214 -0.258640 -0.493779 -0.376476 -0.344031 -0.421568 -0.114972 -0.024836 0.283238 0.499893 -0.021380 -0.097018 0.069809 0.283735 -0.253471 -0.168031 -0.122027 -0.129030 0.069759 0.323970 -0.006111 0.005865 -0.055980 0.030956 -0.147446 -0.055616 -0.028927 -0.114273 -0.100730 -0.254898 -0.280312 -0.119452 -0.041668 -0.172944 -0.148981 -0.179437 0.177183 0.008536 -0.045140 -0.194186 0.199982 0.026739 -0.070324 -0.128370 -0.146715 -0.164155 -0.181432 -0.445742 0.283049 -0.085815 0.094113 -0.330341 -0.284803 -0.144364 0.207772 -0.187203 -0.165881 -0.074659 -0.013970 -0.177449 -0.339970 -0.105979 -0.030075 -0.099370
-0.012263 -0.155108 0.489398 -0.198245 0.819663 0.516312 0.311452 -0.121900 1.000000 0.523845 0.259345 -0.113965 0.174873 0.041600 0.509921 0.149576 -0.322610 -0.303479 -0.035222 -0.246901 -0.063084 -0.081949 0.477827 0.255723 0.524199 0.302857 0.509317 0.126736 -0.139854 -0.061590 -0.211331 -0.239022 -0.305889 0.049889 0.041819 0.212996 -0.158808 -0.200932 0.278121 -0.115138 -0.100723 -0.134281 -0.412845 -0.431116 -0.352318 -0.230883 -0.365531 -0.484066 0.174505 -0.350064 -0.006900 0.042505 0.149071 0.084904 0.109340 -0.075262 -0.229943 -0.137766 0.099031 -0.050869 0.415010 0.093687 -0.342032 -0.211617 0.335662 0.244373 -0.340173 -0.203097 -0.259484 0.036060 -0.065589 -0.168101 -0.115890 -0.402492 -0.158014 -0.265136 -0.240890 -0.291249 -0.183865 -0.084285 -0.206858 -0.127990 0.098439 -0.267635 0.154978 -0.135915 0.158045 -0.153401 0.634125 0.304560 -0.262321 0.011579 -0.140232 0.351003 -0.314988 -0.167111 -0.358765 -0.312592 -0.160669 -0.323942 -0.311224 0.031354 -0.442161 -0.175194 -0.146357 -0.065273 -0.123735 -0.060620 -0.131956 -0.307988 -0.113611 -0.479152 -0.310878 -0.129286 0.076774 -0.394195
0.059447 0.106829 0.047002 0.015745 0.627928 0.790412 0.002832 0.087287 0.523845 1.000000 0.047231 0.087292 -0.217072 0.067078 0.319708 0.224121 -0.067693 -0.142685 -0.177206 -0.216593 -0.055404 -0.132280 0.035886 0.171075 0.439655 0.145002 0.499993 0.114558 -0.165840 0.110975 -0.443850 -0.327484 -0.153178 0.045006 -0.042923 -0.066013 0.046189 -0.055593 0.139836 0.064685 0.321019 0.021738 -0.502498 -0.452296 -0.433618 -0.366901 -0.372717 -0.499956 -0.227334 -0.329783 -0.090912 -0.013663 0.189198 0.121398 0.199720 0.149767 -0.008463 0.036695 0.067098 0.122670 0.287497 0.376013 -0.198699 -0.017137 0.234519 0.373480 -0.257049 -0.251420 -0.026893 0.084596 -0.135737 -0.155952 -0.076476 -0.066885 0.056840 -0.076098 -0.165002 -0.243130 -0.016691 0.237543 0.196270 0.085150 0.043189 -0.108233 0.195327 0.067690 -0.019783 -0.059776 0.481692 0.553751 -0.091925 0.012767 0.008828 -0.086695 -0.369700 -0.204865 -0.377314 -0.234774 0.105329 -0.208597 -0.099078 -0.150095 -0.339278 -0.293996 -0.230380 -0.321140 -0.219569 -0.041011 -0.091396 -0.367983 -0.298597 -0.311630 -0.297718 -0.267744 -0.058212 -0.333022
0.471478 0.268174 0.028184 -0.232387 0.197217 -0.054258 0.374798 -0.130261 0.259345 0.047231 1.000000 0.414746 0.634690 0.398186 0.608975 0.449499 0.133317 0.141472 0.430918 0.296747 -0.133196 -0.010188 0.122120 -0.178167 -0.031554 -0.310713 0.094896 0.027841 0.218790 -0.056053 0.006337 -0.172583 -0.055685 0.171062 -0.056311 -0.098724 -0.113853 -0.315547 0.016347 -0.378031 -0.156474 -0.301363 -0.329172 -0.444463 -0.473831 -0.506081 -0.481538 -0.491798 -0.146424 -0.353457 -0.338145 -0.426915 -0.261410 -0.328980 -0.097463 -0.440175 0.088384 0.079809 0.019413 -0.135415 0.554561 0.232731 0.139210 0.179048 0.241096 -0.094749 -0.282907 -0.384603 -0.032109 0.024015 -0.122850 -0.279967 0.045735 -0.138861 -0.166216 -0.085668 0.027890 -0.254220 -0.290674 0.137831 -0.075617 -0.017329 0.577319 0.278687 0.414923 0.031575 0.062584 -0.045818 0.298217 0.027227 -0.221492 -0.153411 -0.010825 0.187773 -0.195650 -0.089677 -0.554539 -0.307491 -0.337868 -0.271703 -0.136724 -0.016219 -0.165921 -0.188723 -0.334641 -0.217492 -0.321232 -0.170856 -0.178916 -0.133788 -0.319036 -0.292240 -0.093973 0.022486 0.099817 -0.295351
0.094036 0.194873 -0.051795 0.212834 -0.003979 -0.051800 0.146096 0.410488 -0.113965 0.087292 0.414746 1.000000 0.371389 0.609387 0.305225 0.598208 -0.121759 -0.106118 -0.044254 -0.002779 0.068698 0.325529 -0.005748 -0.115125 -0.135904 -0.129155 0.027543 0.146960 0.004904 -0.059138 0.190866 0.231713 -0.139485 0.208796 0.090203 0.022411 0.020019 0.005549 0.100284 0.014582 0.112419 -0.035164 -0.257379 -0.353632 -0.538417 -0.459378 -0.412734 -0.376734 -0.341606 -0.464632 -0.091819 -0.422209 -0.365008 -0.389383 -0.263266 -0.362966 -0.108884 -0.110882 -0.178049 -0.255731 0.281268 0.382258 -0.010149 -0.103411 0.307420 0.335035 -0.137674 -0.194462 -0.076654 -0.165046 -0.222801 0.136125 -0.203219 -0.144911 -0.266160 0.037014 -0.150950 -0.183964 -0.110154 0.214093 -0.018635 -0.127811 0.272378 0.273585 0.406494 0.425934 0.091080 0.291331 0.183758 0.044727 -0.249748 -0.438704 0.351023 -0.212143 -0.135937 -0.139616 -0.333653 -0.222207 -0.301574 -0.468157 -0.054848 -0.412815 -0.096870 -0.551023 -0.380504 -0.237876 -0.297481 -0.166333 -0.166482 -0.093156 -0.124247 -0.367415 -0.257623 -0.088999 0.144835 -0.284442
0.366957 0.181117 0.042456 -0.387227 0.044490 -0.405184 0.644835 0.180446 0.174873 -0.217072 0.634690 0.371389 1.000000 0.681838 0.252045 0.317828 0.115017 0.227281 0.350552 0.164656 -0.318423 -0.098067 -0.101576 -0.369087 -0.385735 -0.464197 -0.207224 -0.252347 0.402311 0.094406 0.091733 -0.037223 0.122207 0.453241 -0.145165 -0.043362 -0.238330 -0.347692 -0.111529 -0.319355 -0.238140 -0.265350 -0.185355 -0.330813 -0.236954 -0.326769 -0.371411 -0.326034 0.160684 -0.155257 -0.447616 -0.313207 -0.217898 -0.491273 -0.248984 -0.509880 -0.014797 -0.020504 0.140591 0.038112 0.661640 0.326951 0.436214 0.276104 -0.050665 -0.264096 -0.193084 -0.402519 -0.049055 -0.118990 -0.162412 -0.153296 0.214147 -0.211959 -0.189756 -0.154164 0.043489 -0.169198 -0.178947 -0.145591 -0.167592 -0.020608 0.158682 0.195077 0.014313 -0.305237 -0.237725 -0.378676 0.085576 -0.208292 -0.122639 -0.155356 -0.081582 0.235593 -0.064423 -0.094456 -0.308516 -0.164962 -0.211476 -0.311492 0.076559 0.180686 0.100725 -0.200199 -0.300859 -0.184412 -0.005413 -0.139875 -0.121974 -0.127520 -0.222012 -0.114786 -0.063708 0.064304 0.060415 -0.171569
0.471526 0.387798 -0.181236 -0.188846 0.025609 -0.271667 0.454271 0.508904 0.041600 0.067078 0.398186 0.609387 0.681838 1.000000 0.041447 0.444738 0.060788 0.097342 0.023375 0.131797 -0.293341 -0.048120 -0.296447 -0.311369 -0.443427 -0.423227 -0.184876 -0.240461 0.196140 0.155201 0.004256 0.045542 -0.005280 0.496682 -0.233702 0.022446 -0.218331 -0.233324 -0.157997 -0.179673 -0.018203 -0.206841 -0.312568 -0.453618 -0.378877 -0.401844 -0.492839 -0.436254 -0.179682 -0.334224 -0.550781 -0.393013 -0.097909 -0.456651 -0.143622 -0.499534 0.062971 0.018791 0.179201 0.218679 0.635359 0.690091 0.340827 0.366592 -0.081702 0.036717 -0.237650 -0.428458 0.128689 0.052132 -0.232864 -0.013737 0.094069 -0.149910 -0.190379 0.052405 -0.173729 -0.212092 -0.120112 -0.011795 0.013498 -0.042652 -0.053105 0.131513 -0.024407 -0.140941 -0.257790 -0.242741 0.084969 0.140075 -0.045408 -0.281956 0.082940 -0.074183 -0.194857 -0.114636 -0.386503 -0.178419 -0.169881 -0.435089 0.330314 0.032478 0.212342 -0.365317 -0.391895 -0.360411 -0.004293 -0.201095 -0.155034 -0.061526 -0.309844 -0.258253 -0.203718 -0.061146 0.012209 -0.287541
-0.036240 -0.127034 0.219390 0.120327 0.525917 0.432611 0.145946 -0.197169 0.509921 0.319708 0.608975 0.305225 0.252045 0.041447 1.000000 0.632339 -0.295888 -0.276549 0.303603 -0.048564 0.202469 0.216302 0.631459 0.284517 0.506299 0.191830 0.521325 0.398050 -0.095841 -0.265794 0.093659 -0.014961 -0.329831 -0.041051 0.091919 -0.020088 -0.158599 -0.212318 0.238654 -0.196289 0.017160 -0.198393 -0.358455 -0.412784 -0.574442 -0.473783 -0.419471 -0.533429 -0.237583 -0.428626 0.020946 -0.255856 -0.209535 -0.089663 -0.074154 -0.174199 -0.226944 -0.106263 -0.139305 -0.326232 0.371979 -0.005064 -0.394374 -0.303574 0.692323 0.292116 -0.405868 -0.262371 -0.235145 -0.064141 -0.158016 -0.109628 -0.347367 -0.341113 -0.258477 -0.299160 -0.202521 -0.324172 -0.358131 0.114203 -0.270006 -0.234061 0.669634 0.149720 0.597902 0.199867 0.450583 0.184502 0.685509 0.185427 -0.341348 -0.152444 0.202702 0.197260 -0.158099 -0.178624 -0.478855 -0.239317 -0.296274 -0.312926 -0.499734 -0.332532 -0.554087 -0.377139 -0.221155 -0.045083 -0.363855 -0.018588 -0.230567 -0.268683 -0.196152 -0.389663 -0.226172 0.008771 0.267649 -0.393545
0.173640 0.016960 -0.100158 0.421811 0.153332 0.193995 0.091415 0.283069 0.149576 0.224121 0.449499 0.598208 0.317828 0.444738 0.632339 1.000000 -0.226148 -0.325981 0.069341 0.026608 0.161369 0.264439 0.317449 0.228522 0.103387 0.099314 0.272216 0.327682 -0.129488 -0.287209 0.172823 0.188202 -0.424913 0.128586 -0.207483 0.047042 -0.184251 -0.142244 0.132175 -0.122287 0.157045 -0.162061 -0.365891 -0.423169 -0.642223 -0.482877 -0.494878 -0.531420 -0.429545 -0.461623 -0.117821 -0.403385 -0.283628 -0.324504 -0.133584 -0.288583 -0.157823 -0.178393 -0.076763 -0.157417 0.432524 0.339265 -0.203637 -0.153037 0.491811 0.451370 -0.522681 -0.404029 -0.095751 0.011491 -0.251313 0.167975 -0.400662 -0.247267 -0.279044 -0.152190 -0.335233 -0.361302 -0.240109 0.127250 -0.111920 -0.223031 0.355337 0.199314 0.403722 0.293809 0.310063 0.234263 0.581758 0.410656 -0.282752 -0.398467 0.475837 -0.124482 -0.261121 -0.138468 -0.476275 -0.241793 -0.261988 -0.460492 -0.197535 -0.496481 -0.254943 -0.565799 -0.413192 -0.171682 -0.220835 -0.005804 -0.209688 -0.202261 -0.302767 -0.417491 -0.337929 -0.117209 0.095682 -0.358465
0.447110 0.490081 -0.522698 -0.324628 -0.286796 -0.200739 -0.100768 -0.277365 -0.322610 -0.067693 0.133317 -0.121759 0.115017 0.060788 -0.295888 -0.226148 1.000000 0.832070 0.109700 0.251747 -0.094261 -0.112006 -0.581777 -0.437215 -0.320968 -0.441367 -0.165039 -0.126852 0.482412 0.351253 -0.221707 -0.277470 0.517354 0.017880 -0.311961 -0.432563 0.433064 0.091725 -0.133903 -0.054341 0.157068 0.178088 -0.049785 0.006698 0.169310 -0.071495 0.036228 0.009298 -0.153770 0.233791 -0.275551 -0.173603 -0.026869 -0.061487 0.234711 0.135699 0.678699 0.591556 0.115653 0.242994 -0.038982 0.084890 0.682944 0.653627 -0.507087 -0.543742 0.102927 -0.251345 0.472414 0.060427 -0.070227 -0.302623 0.610506 0.339325 0.376005 0.169606 0.277441 -0.032897 0.433221 0.384766 0.656806 0.709348 0.071008 0.367079 -0.159434 -0.127756 -0.361434 -0.232011 -0.544849 -0.136802 0.161603 -0.012083 -0.253095 -0.293195 0.091435 0.168280 0.022106 0.132813 0.383131 0.310092 0.165797 0.252826 0.284325 0.168184 -0.121108 -0.270841 -0.189300 -0.110210 0.235733 0.053509 -0.186469 0.296289 0.186368 0.008878 -0.099313 0.168595
0.361900 0.509434 -0.366798 -0.426084 -0.228279 -0.258116 0.057865 -0.271116 -0.303479 -0.142685 0.141472 -0.106118 0.227281 0.097342 -0.276549 -0.325981 0.832070 1.000000 0.210663 0.296074 -0.215400 -0.190087 -0.539779 -0.512411 -0.260762 -0.513999 -0.130405 -0.205610 0.410986 0.333090 -0.171384 -0.300897 0.510864 0.056831 -0.203561 -0.526645 0.235031 0.017241 -0.257657 -0.124064 -0.011766 0.027257 -0.006108 -0.000629 0.183166 -0.133172 0.078712 0.029292 -0.040661 0.209702 -0.261514 -0.167545 -0.000306 -0.049484 0.145790 0.061022 0.524800 0.551853 0.140607 0.203464 0.092353 0.121868 0.751302 0.747814 -0.411514 -0.591193 0.158666 -0.245358 0.321703 0.018577 -0.062188 -0.389794 0.645450 0.295231 0.380732 0.110228 0.323925 0.046025 0.219054 0.314785 0.399576 0.564658 0.017570 0.276783 -0.163885 -0.209110 -0.374745 -0.320829 -0.513771 -0.233104 0.152926 0.010306 -0.348652 -0.198643 0.153282 0.130088 0.060349 0.189991 0.316043 0.294109 0.129803 0.330125 0.304232 0.192153 -0.017849 -0.246339 -0.104979 -0.082175 0.293712 0.089173 -0.197869 0.401225 0.312021 0.120856 -0.052702 0.185762
0.139993 -0.105274 0.187200 -0.181934 0.053396 -0.177828 0.543527 0.000255 -0.035222 -0.177206 0.430918 -0.044254 0.350552 0.023375 0.303603 0.069341 0.109700 0.210663 1.000000 0.510385 -0.135319 -0.252344 0.092583 -0.101764 -0.102846 -0.318742 -0.172933 -0.274704 0.396774 0.238023 0.380928 0.189717 0.242950 0.413709 0.014616 -0.267908 -0.216924 -0.357627 -0.229075 -0.376455 -0.227958 -0.331476 0.133689 0.023192 -0.007977 -0.243284 -0.058080 0.006327 -0.278041 0.055286 -0.407715 -0.289673 -0.296148 -0.207021 -0.331678 -0.276202 -0.186436 -0.137163 -0.095460 -0.173619 0.209512 -0.088335 0.181830 0.043193 0.054819 -0.485093 -0.144603 -0.302710 -0.150803 -0.236858 0.224721 -0.127268 0.366155 0.219907 0.281932 0.057370 0.348392 0.164225 -0.207466 -0.093227 -0.196563 -0.160312 0.483642 0.309111 0.046876 -0.362969 -0.096752 -0.181132 0.055710 -0.373332 0.007613 0.136793 -0.119831 0.305099 0.116521 -0.016515 -0.209785 -0.139009 -0.126674 -0.052097 -0.103988 0.173516 -0.035787 0.081056 -0.135134 -0.018300 -0.025464 0.004131 -0.048254 -0.041787 -0.185971 0.232661 0.139508 0.149448 0.175140 -0.121441
0.200531 -0.014744 -0.068180 -0.009029 -0.140665 -0.186079 0.256272 0.018392 -0.246901 -0.216593 0.296747 -0.002779 0.164656 0.131797 -0.048564 0.026608 0.251747 0.296074 0.510385 1.000000 0.052064 -0.178799 -0.200080 0.033415 -0.239426 -0.334523 -0.182532 -0.137656 0.318514 0.166178 0.208380 0.167953 0.104322 0.299718 -0.157879 -0.140252 -0.111500 -0.135909 -0.471281 -0.395384 -0.300690 -0.073654 0.164141 0.101202 0.140008 0.001694 0.069636 0.137663 -0.159105 0.095702 -0.342270 -0.250973 -0.198448 -0.195924 -0.153805 -0.368157 -0.086437 -0.171781 -0.241216 -0.091610 -0.004112 -0.131785 0.317558 0.157666 -0.189083 -0.416898 -0.153561 -0.093206 0.076674 0.349542 0.390585 0.087786 0.241391 0.418996 0.303535 0.314660 0.305478 0.405995 -0.137034 -0.054743 -0.170175 -0.131733 0.209392 0.419997 -0.190532 -0.172040 -0.416714 -0.194311 -0.265132 -0.211624 0.201561 -0.037928 0.116390 0.171062 -0.281772 0.399999 -0.282758 -0.271274 -0.101311 0.007702 0.336495 0.190160 0.428877 0.110747 -0.088029 0.071197 0.024332 0.101827 0.093054 0.383387 -0.310406 0.216761 0.300618 0.319734 -0.042350 0.294973
-0.323998 -0.411374 0.141966 0.357992 0.161548 0.339008 -0.385988 -0.135038 -0.063084 -0.055404 -0.133196 0.068698 -0.318423 -0.293341 0.202469 0.161369 -0.094261 -0.215400 -0.135319 0.052064 1.000000 0.663929 0.416991 0.367254 0.459243 0.570733 0.511385 0.687095 -0.155154 -0.224979 0.384806 0.392588 -0.185032 -0.239267 0.264905 0.165157 0.293550 0.403306 0.312683 0.134787 0.065934 0.295354 -0.118350 0.011653 -0.108939 0.075827 -0.031925 0.015938 -0.156907 -0.242125 0.402061 -0.194834 -0.337503 -0.146711 0.011800 -0.080504 -0.095823 -0.198297 -0.324403 -0.406323 -0.387025 -0.462043 -0.328393 -0.387757 0.239750 0.190661 0.086591 0.379207 0.007688 0.021350 0.279562 0.453961 -0.244040 0.083541 0.086274 0.200576 0.049736 0.172206 0.149351 0.099715 -0.035088 -0.047979 0.281346 0.196830 0.189000 0.380748 0.319290 0.364830 0.055966 -0.106134 -0.355668 -0.242181 0.300370 0.037962 -0.095667 0.355512 0.084526 -0.029012 -0.115141 -0.071194 -0.202839 -0.329798 -0.130434 -0.108077 -0.012404 0.163156 -0.317526 0.011446 0.121519 0.239257 0.301043 -0.199940 -0.151278 0.214358 0.069682 0.060885
-0.214372 -0.146780 0.045350 0.299871 0.109824 0.169255 -0.349082 -0.043756 -0.081949 -0.132280 -0.010188 0.325529 -0.098067 -0.048120 0.216302 0.264439 -0.112006 -0.190087 -0.252344 -0.178799 0.663929 1.000000 0.282105 0.119031 0.245347 0.457498 0.365284 0.639261 -0.059014 -0.184536 0.348658 0.377700 -0.152312 -0.120095 0.359968 0.274122 0.229898 0.441600 0.457766 0.294405 0.256579 0.404489 -0.244199 -0.147912 -0.287141 -0.014587 -0.238305 -0.175738 -0.120128 -0.406191 0.296866 -0.328660 -0.337587 -0.245607 -0.000635 -0.122642 -0.026108 -0.065706 -0.204611 -0.358052 -0.168682 -0.205930 -0.191942 -0.256451 0.244366 0.312797 0.218514 0.403016 -0.095102 -0.199558 0.006979 0.424982 -0.206669 -0.122714 -0.175866 0.101882 -0.084622 -0.010196 0.132746 0.188949 0.063689 0.024054 0.183793 0.214814 0.256299 0.431156 0.342132 0.335732 -0.000646 -0.154854 -0.507448 -0.431550 0.267695 -0.207369 0.107537 0.184647 0.085830 0.027711 -0.262865 -0.296570 -0.286014 -0.328225 -0.286241 -0.256164 -0.116486 0.079402 -0.239842 -0.132244 0.118909 0.142257 0.449312 -0.360672 -0.330071 0.050221 0.145478 0.040296
-0.454628 -0.543687 0.586088 0.394782 0.465831 0.352201 -0.025604 -0.100473 0.477827 0.035886 0.122120 -0.005748 -0.101576 -0.296447 0.631459 0.317449 -0.581777 -0.539779 0.092583 -0.200080 0.416991 0.282105 1.000000 0.659877 0.680021 0.676900 0.532199 0.439583 -0.410967 -0.452669 0.373963 0.303510 -0.575941 -0.244140 0.300394 0.321311 -0.273086 -0.169637 0.255220 -0.106664 -0.152934 -0.215131 -0.115478 -0.084404 -0.296271 -0.079003 -0.205241 -0.179306 -0.058029 -0.360255 0.363003 -0.103391 -0.193822 -0.005515 -0.107035 -0.190243 -0.485130 -0.423896 -0.187479 -0.466182 0.022235 -0.307858 -0.628343 -0.579248 0.739554 0.376145 -0.270978 0.128557 -0.409160 -0.153286 -0.018863 0.199020 -0.541536 -0.348921 -0.295427 -0.281083 -0.265814 -0.159152 -0.320292 -0.115331 -0.485786 -0.450387 0.353845 -0.256977 0.399489 0.155596 0.592902 0.289972 0.699278 0.064300 -0.362017 -0.104166 0.260967 0.404678 -0.051696 -0.130696 -0.130663 -0.204096 -0.439931 -0.344049 -0.448179 -0.295142 -0.543289 -0.183987 -0.048331 0.307817 -0.111587 0.126409 -0.291067 -0.114624 0.179487 -0.410570 -0.379304 -0.023424 0.128868 -0.222754
-0.400916 -0.558100 0.368442 0.630587 0.224736 0.444412 -0.191360 -0.003188 0.255723 0.171075 -0.178167 -0.115125 -0.369087 -0.311369 0.284517 0.228522 -0.437215 -0.512411 -0.101764 0.033415 0.367254 0.119031 0.659877 1.000000 0.544370 0.571300 0.335128 0.301244 -0.331129 -0.278037 0.174480 0.355300 -0.642717 -0.333482 -0.129383 0.184046 -0.126067 -0.102358 0.071377 -0.022471 0.098216 0.031844 0.077023 0.128443 -0.098252 0.110242 0.048694 0.057060 -0.189144 -0.116127 0.239321 -0.012136 0.081771 0.164341 0.063650 -0.097030 -0.453192 -0.465797 -0.294704 -0.265633 -0.259949 -0.372993 -0.502539 -0.482144 0.438196 0.232294 -0.388087 0.113979 -0.253106 0.113342 0.218360 0.446763 -0.506186 -0.064967 -0.148425 -0.094083 -0.319613 0.047026 -0.096200 -0.260805 -0.294692 -0.327838 0.077856 -0.080690 0.086275 0.109407 0.201645 0.252401 0.450744 0.285845 0.050188 -0.063689 0.443780 0.238726 -0.362003 -0.004122 -0.183165 -0.309644 -0.212732 -0.264188 -0.059656 -0.171049 -0.202418 -0.300049 -0.214948 0.203305 0.076284 0.299393 -0.245412 0.007877 -0.082584 -0.199135 -0.211693 -0.193565 -0.201218 0.007785
-0.349903 -0.291672 0.439611 0.323306 0.630378 0.784165 -0.285669 -0.379959 0.524199 0.439655 -0.031554 -0.135904 -0.385735 -0.443427 0.506299 0.103387 -0.320968 -0.260762 -0.102846 -0.239426 0.459243 0.245347 0.680021 0.544370 1.000000 0.693400 0.853355 0.626233 -0.464874 -0.340856 -0.066157 -0.083127 -0.362170 -0.409359 0.217336 0.011165 0.063752 0.098103 0.322689 0.052263 0.096915 0.007159 -0.237608 -0.139839 -0.293924 -0.152834 -0.133212 -0.219115 -0.046466 -0.313257 0.414457 0.032313 0.085497 0.219665 0.255108 0.118162 -0.171857 -0.137128 -0.183798 -0.374664 -0.112425 -0.354509 -0.490009 -0.366773 0.508702 0.354362 -0.096075 0.194664 -0.289325 -0.037587 -0.036067 0.019858 -0.406420 -0.194636 -0.032921 -0.153587 -0.148612 -0.049903 -0.133845 0.086115 -0.166932 -0.147255 0.293537 -0.174763 0.271060 0.306792 0.406403 0.313813 0.475928 0.251225 -0.288013 -0.052913 0.110626 0.130919 -0.153635 0.011631 -0.087854 -0.104625 -0.164546 -0.118659 -0.432346 -0.224823 -0.509692 -0.114359 -0.014223 0.115818 -0.296273 0.137296 -0.044136 -0.119462 0.008843 -0.284113 -0.205523 -0.038223 0.054710 -0.223067
-0.484308 -0.506091 0.378859 0.536843 0.310496 0.549535 -0.417714 -0.113583 0.302857 0.145002 -0.310713 -0.129155 -0.464197 -0.423227 0.191830 0.099314 -0.441367 -0.513999 -0.318742 -0.334523 0.570733 0.457498 0.676900 0.571300 0.693400 1.000000 0.605145 0.681606 -0.490401 -0.379166 0.149626 0.209011 -0.415463 -0.367581 0.279006 0.421927 0.061941 0.368431 0.543199 0.373835 0.144716 0.209599 -0.088760 0.051589 -0.171346 0.090594 -0.036700 0.005679 -0.007383 -0.297279 0.534224 0.041612 -0.031415 0.074292 0.147624 0.111683 -0.298494 -0.365943 -0.203532 -0.420869 -0.341013 -0.435219 -0.573734 -0.519375 0.325658 0.477277 -0.040027 0.351454 -0.352551 -0.128494 -0.001935 0.403399 -0.482734 -0.124546 -0.047080 -0.006860 -0.159707 0.066324 -0.040784 -0.080167 -0.195306 -0.239804 0.093906 -0.260220 0.043930 0.345134 0.529629 0.461659 0.370443 0.210329 -0.288114 -0.108521 0.316119 0.064496 -0.008092 0.179286 0.190391 0.002238 -0.184969 -0.159924 -0.215269 -0.342429 -0.371690 -0.043225 0.121435 0.289831 -0.074921 0.069514 -0.002711 0.088371 0.382021 -0.325904 -0.315151 -0.042272 0.101274 -0.077452
-0.148815 -0.111786 0.264115 0.214790 0.656859 0.763192 -0.265193 -0.313554 0.509317 0.499993 0.094896 0.027543 -0.207224 -0.184876 0.521325 0.272216 -0.165039 -0.130405 -0.172933 -0.182532 0.511385 0.365284 0.532199 0.335128 0.853355 0.605145 1.000000 0.744128 -0.354474 -0.286298 -0.148250 -0.182267 -0.285823 -0.309407 0.185021 0.011117 0.136799 0.199076 0.371620 0.098668 0.147660 0.125760 -0.470647 -0.370855 -0.466773 -0.302337 -0.360547 -0.451608 -0.065189 -0.429552 0.303592 -0.118604 0.033623 0.081334 0.322332 0.050158 -0.069228 -0.081950 -0.041094 -0.261096 0.085098 -0.137237 -0.312027 -0.203639 0.413645 0.345532 -0.105253 0.049586 -0.137110 0.015017 -0.104872 0.016240 -0.313956 -0.168745 -0.049447 -0.076062 -0.190831 -0.133661 -0.095522 0.233999 -0.057020 -0.045110 0.316469 -0.041542 0.300812 0.313810 0.366055 0.252948 0.459660 0.331278 -0.319040 -0.154703 0.115802 0.015918 -0.188320 0.056132 -0.257760 -0.122937 -0.082189 -0.224177 -0.370005 -0.279632 -0.414676 -0.202502 -0.124274 0.018711 -0.305033 0.064890 -0.009519 -0.106556 -0.051048 -0.451203 -0.284059 -0.068262 0.075911 -0.226247
-0.181651 -0.115201 0.071767 0.485138 0.227569 0.498991 -0.504410 -0.352399 0.126736 0.114558 0.027841 0.146960 -0.252347 -0.240461 0.398050 0.327682 -0.126852 -0.205610 -0.274704 -0.137656 0.687095 0.639261 0.439583 0.301244 0.626233 0.681606 0.744128 1.000000 -0.328270 -0.431244 -0.020628 -0.034283 -0.214428 -0.467500 0.179123 0.064594 0.353541 0.491042 0.487513 0.256907 0.291622 0.436292 -0.344354 -0.216502 -0.406032 -0.206276 -0.235642 -0.283137 -0.095451 -0.397267 0.470210 -0.159176 -0.062269 -0.019928 0.248768 0.015485 0.028685 -0.061934 -0.194369 -0.377154 -0.244529 -0.357431 -0.333289 -0.255405 0.294388 0.376098 0.046317 0.257840 -0.088643 -0.010558 -0.078734 0.242811 -0.436195 -0.020406 -0.006291 0.037122 -0.084480 -0.007262 0.002050 0.198227 0.014420 -0.011309 0.326975 0.144279 0.251176 0.608755 0.469081 0.531954 0.188649 0.229932 -0.328207 -0.230272 0.423087 -0.119344 -0.055650 0.236424 -0.055590 0.043119 -0.174725 -0.165477 -0.258122 -0.416095 -0.249156 -0.172439 0.002722 0.158971 -0.260565 0.040070 0.057622 0.102005 0.106587 -0.398350 -0.184591 -0.015218 0.217887 -0.092719
0.222267 0.001174 -0.117598 -0.469969 -0.052354 -0.260626 0.420712 0.031633 -0.139854 -0.165840 0.218790 0.004904 0.402311 0.196140 -0.095841 -0.129488 0.482412 0.410986 0.396774 0.318514 -0.155154 -0.059014 -0.410967 -0.331129 -0.464874 -0.490401 -0.354474 -0.328270 1.000000 0.728665 0.167540 0.167065 0.454426 0.459597 -0.169069 -0.127767 0.255022 -0.091952 -0.146048 -0.051302 0.194238 0.247315 0.156841 0.103506 0.195225 0.075459 0.021011 0.099214 -0.057031 0.254642 -0.470253 -0.263701 -0.211603 -0.222038 -0.242350 -0.139627 0.083422 0.072308 -0.101346 0.031994 0.127816 -0.009798 0.532228 0.260982 -0.365993 -0.617281 -0.008877 -0.235408 0.162028 -0.129963 0.244109 0.072495 0.760987 0.243830 0.213030 0.176200 0.301816 0.141251 0.242035 0.035630 0.211979 0.265544 0.224275 0.666258 -0.210417 -0.482339 -0.452423 -0.445740 -0.342260 -0.402693 0.052890 0.000998 -0.335539 -0.012707 0.001519 0.128401 -0.133488 -0.006919 0.185377 -0.033868 0.073050 0.285247 0.119131 -0.100917 -0.299037 -0.098681 -0.032971 -0.021832 0.153640 0.050076 -0.007344 0.297726 0.113094 0.037059 0.040002 0.198111
0.172872 0.031569 -0.078374 -0.446540 0.065701 -0.062032 0.352134 0.203016 -0.061590 0.110975 -0.056053 -0.059138 0.094406 0.155201 -0.265794 -0.287209 0.351253 0.333090 0.238023 0.166178 -0.224979 -0.184536 -0.452669 -0.278037 -0.340856 -0.379166 -0.286298 -0.431244 0.728665 1.000000 0.069580 0.200622 0.413993 0.559992 -0.160287 -0.109266 0.135045 -0.068738 -0.178783 0.035020 0.140847 0.217471 0.150779 0.064104 0.171485 0.040657 0.061805 0.119124 -0.194863 0.168310 -0.544848 -0.175468 -0.089461 -0.031172 -0.244537 -0.037796 0.086571 0.070750 0.019599 0.149385 0.081141 0.144702 0.396182 0.280878 -0.415501 -0.460269 0.024760 -0.232550 0.093778 -0.156003 0.258166 0.003986 0.787347 0.320936 0.437973 0.353450 0.351205 0.241756 0.279911 0.076821 0.195683 0.233226 0.031199 0.452795 -0.245792 -0.449098 -0.396032 -0.391593 -0.272999 -0.248527 0.044840 0.006798 -0.368243 -0.141273 -0.035505 0.145628 -0.003711 -0.011408 0.205509 0.030342 0.119699 0.245295 0.091048 -0.058779 -0.138290 -0.273103 -0.045292 -0.159211 0.191063 0.071512 0.047115 0.257194 0.066289 0.019222 0.041152 0.054175
-0.341938 -0.457755 0.303465 0.197733 -0.042789 -0.245917 0.246681 0.321761 -0.211331 -0.443850 0.006337 0.190866 0.091733 0.004256 0.093659 0.172823 -0.221707 -0.171384 0.380928 0.208380 0.384806 0.348658 0.373963 0.174480 -0.066157 0.149626 -0.148250 -0.020628 0.167540 0.069580 1.000000 0.886457 -0.073775 0.366529 0.374188 0.255400 -0.234282 -0.091215 -0.069731 -0.128719 -0.220071 -0.138657 0.232238 0.218817 0.076173 0.145492 -0.029015 0.197942 -0.292488 -0.102785 -0.106969 -0.381078 -0.616616 -0.414048 -0.522696 -0.419449 -0.386492 -0.373524 -0.355125 -0.439125 -0.025383 -0.138693 -0.106254 -0.294605 0.297444 -0.060656 -0.006240 0.231963 -0.205105 -0.211275 0.291997 0.365666 0.080066 0.041341 0.030318 0.198660 0.138833 0.224372 -0.197432 -0.129552 -0.367021 -0.389118 0.247222 0.156696 0.093250 -0.053572 0.180003 0.066864 0.092917 -0.476474 -0.409801 -0.311509 0.087216 0.134071 0.100800 0.132971 0.076543 -0.112872 -0.411010 -0.291076 -0.176257 -0.189304 -0.083302 -0.126804 -0.129698 0.138211 -0.119191 -0.063736 -0.038573 0.133674 0.355940 0.029933 -0.186632 0.227136 0.180961 0.042146
-0.382503 -0.548094 0.236577 0.340310 -0.072711 -0.147468 0.148280 0.465589 -0.239022 -0.327484 -0.172583 0.231713 -0.037223 0.045542 -0.014961 0.188202 -0.277470 -0.300897 0.189717 0.167953 0.392588 0.377700 0.303510 0.355300 -0.083127 0.209011 -0.182267 -0.034283 0.167065 0.200622 0.886457 1.000000 -0.161281 0.384653 0.223700 0.320373 -0.187204 -0.053342 -0.048192 0.002859 -0.049439 0.019913 0.307446 0.287092 0.105947 0.241392 0.041294 0.275829 -0.362952 -0.066257 -0.133480 -0.357107 -0.539653 -0.339375 -0.533210 -0.394258 -0.435482 -0.482869 -0.419119 -0.424767 -0.138576 -0.134297 -0.155674 -0.380543 0.210612 0.028120 -0.100037 0.220403 -0.225538 -0.205118 0.339346 0.563388 0.021710 0.067714 0.019787 0.260243 0.073862 0.292055 -0.086667 -0.183201 -0.312668 -0.399757 0.157803 0.213491 0.020773 -0.052505 0.093147 0.103476 0.048696 -0.389371 -0.268278 -0.313248 0.230553 0.028330 0.007148 0.165297 0.060969 -0.130683 -0.358035 -0.302127 -0.039663 -0.223066 -0.043905 -0.261518 -0.189594 0.114096 -0.032578 -0.044667 -0.054440 0.183612 0.346514 0.040852 -0.217665 0.111904 0.093911 0.087828
0.209665 0.369168 -0.285703 -0.419892 -0.240376 -0.248655 0.019722 -0.167731 -0.305889 -0.153178 -0.055685 -0.139485 0.122207 -0.005280 -0.329831 -0.424913 0.517354 0.510864 0.242950 0.104322 -0.185032 -0.152312 -0.575941 -0.642717 -0.362170 -0.415463 -0.285823 -0.214428 0.454426 0.413993 -0.073775 -0.161281 1.000000 0.320325 0.159036 -0.297719 0.260673 0.200075 -0.087730 0.124957 0.127533 0.255339 0.064913 0.092008 0.323862 0.031366 0.131335 0.138536 0.109217 0.255914 -0.237148 0.028178 0.006636 -0.050035 0.015211 0.140767 0.454092 0.443362 0.054979 0.143659 -0.137250 -0.009275 0.459706 0.375338 -0.569503 -0.470707 0.425533 0.014763 0.257595 -0.164944 -0.089128 -0.299605 0.587039 0.362713 0.407235 0.273786 0.495892 0.229346 0.126374 0.070958 0.320608 0.334867 0.025962 0.339858 -0.286611 -0.159660 -0.338004 -0.115267 -0.602447 -0.361230 0.006581 0.091963 -0.352734 -0.226447 0.394682 0.110943 0.296440 0.358793 0.214278 0.275658 0.126406 0.277179 0.260732 0.243713 0.172261 -0.147690 -0.040492 -0.162382 0.326620 -0.043822 0.090377 0.341206 0.297434 0.116258 0.070833 0.133931
0.193319 -0.019534 0.008141 -0.343868 0.173424 -0.186237 0.618704 0.503759 0.049889 0.045006 0.171062 0.208796 0.453241 0.496682 -0.041051 0.128586 0.017880 0.056831 0.413709 0.299718 -0.239267 -0.120095 -0.244140 -0.333482 -0.409359 -0.367581 -0.309407 -0.467500 0.459597 0.559992 0.366529 0.384653 0.320325 1.000000 0.120531 0.228193 -0.395532 -0.288508 -0.256502 -0.188056 -0.189767 -0.164158 -0.008830 -0.110178 0.046344 0.007218 -0.235346 -0.090136 -0.155921 -0.054345 -0.623201 -0.260203 -0.411328 -0.455274 -0.497752 -0.410350 -0.162809 -0.157144 -0.064972 0.036129 0.482451 0.424369 0.275761 0.115119 -0.153772 -0.156706 -0.138896 -0.203458 -0.132970 -0.151944 0.089338 0.008812 0.449823 0.113377 0.171858 0.277374 0.271628 0.190142 -0.171339 -0.091243 -0.227288 -0.245760 0.060183 0.247330 -0.178987 -0.432284 -0.332010 -0.412856 -0.003634 -0.312273 -0.273703 -0.166912 -0.159552 0.007307 -0.070491 0.057057 -0.124473 -0.189848 -0.137738 -0.250295 0.142774 0.145065 0.089956 -0.130901 -0.147285 -0.239818 0.005684 -0.261005 0.045255 -0.013426 0.064447 0.047709 -0.102812 0.141314 0.143998 -0.093517
-0.489031 -0.207434 0.453353 0.011358 0.272369 0.121952 -0.004170 0.028103 0.041819 -0.042923 -0.056311 0.090203 -0.145165 -0.233702 0.091919 -0.207483 -0.311961 -0.203561 0.014616 -0.157879 0.264905 0.359968 0.300394 -0.129383 0.217336 0.279006 0.185021 0.179123 -0.169069 -0.160287 0.374188 0.223700 0.159036 0.120531 1.000000 0.364125 -0.105505 0.125304 0.152927 0.075036 -0.165572 0.001248 -0.073904 -0.012121 -0.012041 0.097279 -0.195735 -0.044516 0.196953 -0.286626 0.305863 -0.054875 -0.321646 -0.184298 -0.157448 -0.139449 -0.272918 -0.176068 -0.165222 -0.396316 -0.066013 -0.126758 -0.233568 -0.344161 0.303741 0.218854 0.501197 0.613870 -0.233664 -0.252990 -0.022247 -0.012512 -0.107381 -0.087947 -0.061042 0.021662 0.169551 0.105091 -0.296526 0.030331 -0.263056 -0.318713 0.099328 -0.205841 0.189132 0.200747 0.218343 0.120959 0.059913 -0.411452 -0.506612 -0.039046 -0.081699 0.129796 0.302346 -0.030016 0.208920 0.002218 -0.378456 -0.240572 -0.233356 -0.044095 -0.272505 0.147302 0.169993 0.181954 -0.158696 -0.180358 0.023186 -0.078459 0.516049 -0.265778 -0.317992 0.045316 0.229000 -0.037420
-0.304763 -0.456504 0.191716 0.081291 0.136722 0.009545 0.010530 0.250594 0.212996 -0.066013 -0.098724 0.022411 -0.043362 0.022446 -0.020088 0.047042 -0.432563 -0.526645 -0.267908 -0.140252 0.165157 0.274122 0.321311 0.184046 0.011165 0.421927 0.011117 0.064594 -0.127767 -0.109266 0.255400 0.320373 -0.297719 0.228193 0.364125 1.000000 -0.273278 0.038513 0.168860 0.168838 -0.115920 -0.007658 0.066533 0.103645 0.103167 0.490373 -0.126245 0.113037 0.145300 -0.076432 0.094262 -0.007709 -0.276412 -0.226768 -0.217864 -0.203110 -0.425202 -0.485586 -0.189174 -0.187253 -0.029153 -0.037865 -0.352855 -0.434773 0.092646 0.308357 -0.069916 0.369889 -0.370832 -0.088418 0.071715 0.397542 -0.276157 -0.165865 -0.251326 0.142555 -0.015870 0.144990 -0.065384 -0.249524 -0.334136 -0.421273 -0.021775 -0.195774 -0.072228 -0.022641 0.211454 0.055255 0.186094 -0.092022 -0.226613 -0.008943 0.157495 0.213593 0.010979 0.081957 0.050261 -0.130281 -0.278547 -0.288673 0.098454 -0.037307 -0.064322 0.007320 0.082163 0.158065 0.136652 -0.218157 0.027116 0.120674 0.534706 -0.269607 -0.349479 0.026603 0.121093 0.108256
