1.000000 0.519471 -0.115112 -0.188278 -0.209919 -0.496744 0.041679 -0.088238 -0.238698 -0.317526 0.466644 0.113071 0.517727 0.238241 0.032553 0.052284 0.276587 0.081851 0.163413 0.059421 0.085013 0.139248 -0.202418 -0.423894 -0.197887 -0.022024 -0.271555 -0.077764 0.135188 0.040430 0.107949 0.063195 0.236306 0.309552 -0.281975 -0.146842 -0.165901 -0.154098 -0.040449 -0.299403 0.021662 0.161763 0.074169 0.058361 0.100558 -0.146370 -0.109690 -0.166767 0.177241 0.077055 -0.147060 0.102554 0.166998 0.103177 -0.210159 -0.179905 0.441826 0.137791 0.228096 0.218292 0.393404 0.354960 0.168729 0.257938 -0.124242 0.010178 0.199030 -0.269549 0.172245 -0.002963 0.251004 0.182806 0.128043 0.129782 0.099035 0.008209 0.131909 0.067098 0.123983 0.026796 0.209398 0.209388 0.239712 0.207168 0.148829 0.060707 -0.152375 0.165376 -0.102184 0.052492 -0.259970 -0.244271 -0.589698 -0.328954 -0.005848 -0.283353 -0.324148 -0.279235 -0.080687 -0.013499 -0.136410 -0.123216 0.147971 0.024337 -0.107651 -0.314287 0.127724 0.001279 -0.163778 -0.299490 -0.303132 -0.204642 0.054721 -0.172321 -0.359139 -0.152152
0.519471 1.000000 -0.269617 0.297678 -0.461447 -0.088693 -0.194907 0.160592 -0.275515 0.056730 0.352738 0.458601 0.264147 0.509139 0.155060 0.402532 0.294967 0.233619 0.006194 -0.177151 0.070445 -0.075166 0.067120 -0.442343 -0.154050 -0.030937 -0.193296 -0.019485 0.293280 0.376450 0.234326 0.145558 0.478738 0.408618 -0.119810 -0.405009 0.092039 0.137840 0.067400 -0.087947 0.095431 0.339608 -0.069623 -0.052338 -0.212233 -0.346848 -0.105588 -0.383977 -0.236815 -0.204575 0.044335 0.211488 0.391370 0.231643 -0.072791 -0.011129 0.319903 0.235289 -0.263959 0.112216 0.267090 0.467874 0.157805 0.389574 -0.018803 0.220999 -0.194445 -0.465338 0.282364 -0.360209 0.039091 0.142906 0.360058 0.439606 0.395591 0.297230 0.346411 0.301101 0.199789 0.304936 0.136651 0.166199 -0.037993 0.244106 0.267863 0.297182 -0.070542 0.265926 0.028623 0.035688 -0.390769 -0.639023 -0.440190 -0.599477 -0.102649 -0.046241 -0.373847 -0.127951 -0.123061 -0.355748 -0.193473 -0.455281 -0.216691 -0.307633 -0.335418 -0.287048 0.038876 -0.313925 0.099006 -0.138597 -0.346775 -0.207047 -0.078351 0.006407 0.095760 -0.043304
-0.115112 -0.269617 1.000000 0.257271 0.189709 0.063495 0.479491 0.172386 0.202111 0.114165 0.343608 -0.081371 0.082875 -0.014954 0.344761 0.056845 -0.383505 -0.545427 0.358198 -0.233426 0.361024 0.044516 0.479846 0.466357 0.378779 0.486014 0.151505 0.381787 -0.343188 -0.422071 0.400570 0.363207 -0.168528 -0.146583 0.394014 0.437127 -0.394905 -0.441693 -0.123895 -0.218407 -0.220087 -0.232159 -0.045351 0.036960 0.113783 0.185847 -0.167685 -0.087749 0.303794 0.046167 0.301730 0.078692 -0.119660 -0.081348 -0.222929 -0.245815 -0.540641 -0.546482 0.209276 -0.138370 -0.276559 -0.190221 -0.514725 -0.475632 0.547573 0.346968 0.062063 0.179233 -0.425749 -0.099454 0.145442 0.160858 -0.231106 -0.133922 -0.093198 -0.077312 -0.282249 -0.144808 -0.419270 -0.390717 -0.536811 -0.526983 0.150826 -0.385372 0.179783 -0.046072 0.192502 0.029463 0.373677 0.168027 -0.241803 -0.008657 -0.100531 0.016259 -0.247592 -0.379346 -0.264288 -0.401688 -0.443860 -0.319939 -0.120307 -0.230280 -0.183161 -0.283594 -0.214157 -0.180851 0.050369 0.102469 -0.150737 -0.317046 -0.199297 -0.436129 -0.428043 -0.496822 -0.314169 -0.364339
-0.188278 0.297678 0.257271 1.000000 -0.267005 0.551119 0.005769 0.518595 -0.178399 0.382128 0.354184 0.503127 -0.085167 0.419955 0.450289 0.600273 -0.040890 -0.298815 0.174581 -0.311760 0.394075 0.122621 0.554104 0.338770 0.177805 0.323559 0.100524 0.365312 -0.066906 0.068192 0.539301 0.523024 0.128799 0.077018 0.178913 -0.004797 -0.098112 -0.099964 0.058993 0.113778 -0.089917 0.121521 -0.283898 -0.175139 -0.392485 -0.233765 -0.345311 -0.542152 -0.324841 -0.445093 0.308541 0.180239 0.152318 0.001694 -0.093076 -0.215338 -0.287041 -0.348177 -0.450263 -0.388666 -0.246370 0.047239 -0.262634 -0.261125 0.462565 0.654135 -0.494515 -0.143352 -0.250144 -0.458541 0.062545 0.263781 0.071170 0.284905 0.298173 0.259562 0.133723 0.225835 -0.180693 -0.049435 -0.258341 -0.292479 0.039003 -0.051053 0.502033 0.395859 0.207895 0.321454 0.445017 0.200720 -0.558409 -0.533851 -0.075683 -0.432405 -0.210872 -0.131344 -0.443870 -0.207766 -0.533217 -0.714002 -0.215779 -0.585040 -0.317629 -0.414244 -0.329460 -0.260752 0.079152 -0.139838 0.032310 -0.257969 -0.348654 -0.490267 -0.474381 -0.264977 0.028961 -0.232985
-0.209919 -0.461447 0.189709 -0.267005 1.000000 0.184230 0.091192 -0.090621 0.638596 0.120825 -0.320418 -0.341883 -0.117623 -0.318923 -0.037233 -0.265054 -0.463581 -0.179971 -0.174095 0.237514 -0.016322 0.124836 -0.178731 0.318435 0.433844 -0.055674 0.435548 -0.035912 -0.620500 -0.599607 -0.481690 -0.435487 -0.537871 -0.429692 -0.075826 0.252418 -0.427427 -0.466493 -0.471760 -0.186028 -0.457188 -0.495067 0.003709 -0.085263 0.170457 0.174527 -0.025570 0.283039 0.365410 0.168497 0.024947 -0.235789 -0.226129 -0.274240 -0.325967 -0.296056 -0.195785 -0.143729 0.541227 0.276573 0.011052 0.002158 -0.288717 -0.197183 0.040256 -0.044291 0.438169 0.495036 0.035541 0.537623 -0.214062 -0.507915 -0.666815 -0.681269 -0.667499 -0.641645 -0.642115 -0.634892 -0.305663 -0.308587 -0.320221 -0.272454 -0.095278 -0.399889 -0.355679 -0.389334 -0.263181 -0.563336 -0.179200 0.010642 0.385032 0.600189 0.414479 0.620322 0.219274 -0.107389 0.097640 -0.002159 0.015022 0.277765 0.358427 0.542479 0.275843 0.325928 0.354821 0.177499 0.061764 0.240602 -0.091689 -0.070767 0.143886 0.177025 0.024800 -0.170310 -0.134139 -0.175385
-0.496744 -0.088693 0.063495 0.551119 0.184230 1.000000 -0.197004 0.283980 0.201573 0.599324 -0.005018 0.293757 -0.175962 0.258407 0.436496 0.500981 -0.393284 -0.279803 -0.194935 -0.336152 0.223180 0.120584 0.391817 0.456882 0.186837 0.192088 0.545122 0.426814 -0.311455 -0.248065 0.000356 0.019499 -0.252881 -0.401918 0.096036 -0.081563 -0.074376 -0.067279 0.062888 0.284315 -0.298466 -0.163442 -0.258412 -0.180392 -0.305364 -0.131499 -0.231850 -0.261047 -0.151953 -0.292461 0.345835 0.112645 -0.007189 0.022645 0.151363 0.015507 -0.387296 -0.295704 -0.260490 -0.314900 -0.380868 -0.212641 -0.399530 -0.421798 0.315438 0.447856 -0.428282 0.001636 -0.258476 -0.234520 -0.195355 -0.137748 -0.239381 -0.049689 -0.020017 -0.049622 -0.189154 -0.105582 -0.304549 -0.168668 -0.387524 -0.449269 -0.262493 -0.314116 0.220848 0.303609 0.181630 0.112873 0.371858 0.331477 -0.044072 0.018382 0.479193 0.155306 -0.178666 0.059898 -0.028107 0.116689 -0.200232 -0.332145 0.057177 -0.139805 -0.211646 -0.110466 -0.007991 0.084650 -0.037455 0.030221 0.091439 -0.019736 -0.052791 -0.207770 -0.175645 -0.082511 0.203084 -0.010316
0.041679 -0.194907 0.479491 0.005769 0.091192 -0.197004 1.000000 0.537967 0.106847 0.056708 0.039645 0.019118 0.322134 0.190165 -0.005195 0.029907 -0.195087 -0.352477 0.137384 -0.070894 0.079941 0.021434 -0.258212 -0.068859 0.013552 0.142547 -0.328473 -0.268833 0.025969 -0.030767 0.351695 0.259372 0.111811 0.315533 -0.053005 0.303367 -0.254661 -0.331414 -0.235204 -0.274209 0.056411 -0.010440 -0.072960 -0.039526 0.102901 0.166454 -0.202516 -0.107989 0.162583 0.128335 -0.279603 -0.089425 -0.110324 -0.118735 -0.304056 -0.279073 -0.316900 -0.522418 0.323899 0.227282 0.335943 0.298321 -0.025528 0.015818 0.128277 0.155411 0.352510 0.273279 -0.206199 -0.056069 0.238378 0.244253 0.089242 0.013772 0.039168 0.014751 -0.063595 -0.089778 -0.290443 -0.303593 -0.255637 -0.300949 0.248152 -0.013381 -0.272348 -0.153125 -0.076783 -0.121929 -0.103271 -0.121665 -0.273479 -0.122144 -0.307327 -0.210764 -0.116317 -0.220780 -0.352315 -0.475617 -0.262380 -0.249654 0.117750 -0.113255 0.048648 -0.110720 -0.162234 -0.347896 0.184008 0.025180 -0.046814 -0.317744 -0.327417 -0.335544 -0.211062 -0.360003 -0.476821 -0.375724
-0.088238 0.160592 0.172386 0.518595 -0.090621 0.283980 0.537967 1.000000 0.081201 0.578601 0.175235 0.455503 0.284119 0.636620 0.243847 0.503534 -0.125003 -0.194540 -0.155154 -0.386058 0.161630 0.067393 -0.103003 -0.100944 0.089257 0.255366 -0.161392 -0.057651 -0.075356 0.100889 0.324005 0.280981 0.163368 0.267743 -0.020344 0.178186 -0.221775 -0.230957 -0.241913 -0.112090 -0.013339 -0.002698 -0.200852 -0.117374 -0.126807 0.062173 -0.199217 -0.471428 -0.049489 -0.069319 0.041451 0.164875 0.150238 0.021791 -0.179923 -0.180142 -0.303078 -0.516904 -0.109915 0.063373 0.219281 0.510630 -0.166671 0.006377 0.334120 0.650732 -0.096610 0.125032 -0.295893 -0.376367 0.007763 0.063360 0.114091 0.145597 0.169052 0.147344 0.049762 -0.011094 -0.288935 -0.210351 -0.378248 -0.445522 -0.033393 -0.218626 0.035752 -0.047541 -0.089361 0.049405 0.005776 -0.097927 -0.318909 -0.453513 -0.055312 -0.394880 -0.192449 -0.133575 -0.443527 -0.395398 -0.334305 -0.539243 0.012770 -0.385820 -0.288742 -0.422755 -0.370173 -0.455027 0.040034 -0.064579 -0.082702 -0.351101 -0.466812 -0.430873 -0.302850 -0.201922 -0.182302 -0.344415
-0.238698 -0.275515 0.202111 -0.178399 0.638596 0.201573 0.106847 0.081201 1.000000 0.535488 -0.221564 -0.173149 0.101799 -0.117359 0.296080 -0.000855 -0.395884 -0.051205 -0.304876 -0.209642 -0.276184 -0.247488 0.032316 0.112545 0.391826 -0.054167 0.334919 0.023552 -0.458696 -0.307557 -0.408821 -0.383501 -0.338932 -0.368484 0.096537 0.142238 -0.180478 -0.197475 -0.345895 -0.179858 -0.160983 -0.325727 0.103962 0.087211 0.175491 0.199040 0.226900 0.140213 0.346446 0.257679 0.119238 0.009568 -0.197959 -0.264411 -0.078558 0.084482 -0.292393 -0.146604 0.407777 0.147310 0.089108 0.045219 -0.364394 -0.146202 0.311924 0.193771 0.112557 0.091285 -0.251447 0.085405 -0.381195 -0.380821 -0.350431 -0.324533 -0.277577 -0.269995 -0.314757 -0.388053 -0.252748 -0.170907 -0.531416 -0.392193 -0.385603 -0.589757 -0.372974 -0.405614 -0.154178 -0.508513 -0.050735 0.006456 0.282795 0.279699 0.436799 0.440361 -0.036733 -0.075458 0.193131 0.004949 0.129419 0.053961 0.171943 0.243438 -0.144152 -0.060872 0.033040 0.086379 -0.250795 0.053568 -0.083472 -0.237931 -0.060299 0.018631 0.079666 -0.061117 0.060675 -0.105413
-0.317526 0.056730 0.114165 0.382128 0.120825 0.599324 0.056708 0.578601 0.535488 1.000000 0.098284 0.378342 0.118939 0.474841 0.477343 0.551308 -0.370136 -0.169727 -0.263073 -0.498382 -0.042435 -0.161826 0.175503 0.060056 0.221731 0.152363 0.178452 0.162185 -0.248705 -0.018844 0.007030 0.048617 -0.126665 -0.152048 0.203000 0.107737 -0.129737 -0.103540 -0.166900 -0.004050 -0.013888 -0.138333 0.001690 0.052954 -0.011548 0.119053 0.080419 -0.274703 -0.048219 0.008359 0.257880 0.219583 -0.049075 -0.063405 0.011985 0.160516 -0.447668 -0.367767 -0.178830 -0.127105 -0.145880 0.119674 -0.479266 -0.281181 0.486212 0.652868 -0.361720 -0.057814 -0.380772 -0.320517 -0.410063 -0.204951 -0.088822 0.017882 0.038052 0.051597 -0.088799 -0.150862 -0.326847 -0.191472 -0.542602 -0.520753 -0.331538 -0.457614 0.090520 -0.022320 0.028794 -0.027105 0.163210 0.123330 -0.008995 -0.195990 0.351292 -0.015497 -0.237200 -0.076664 -0.046233 -0.062527 -0.083327 -0.346020 0.111018 -0.231392 -0.424842 -0.364733 -0.234292 -0.097042 -0.227996 -0.163126 -0.010143 -0.258440 -0.333598 -0.265831 -0.142784 -0.022797 0.123170 -0.160465
0.466644 0.352738 0.343608 0.354184 -0.320418 -0.005018 0.039645 0.175235 -0.221564 0.098284 1.000000 0.523986 0.518308 0.579199 0.548718 0.507109 0.122184 -0.226727 0.266916 -0.354336 0.445593 0.216114 0.403797 0.071014 0.150318 0.305718 0.012852 0.391601 0.033185 -0.087925 0.435131 0.390847 0.029519 0.011156 0.107819 -0.011689 -0.183317 -0.163420 0.125967 -0.177469 -0.030322 0.171962 -0.057858 0.029087 -0.036427 -0.091947 -0.227852 -0.436816 0.122672 -0.088410 0.281836 0.261155 0.185040 0.010528 -0.112630 -0.162676 -0.125917 -0.270820 -0.166644 -0.313883 -0.111194 -0.031751 -0.310661 -0.311638 0.498155 0.525731 -0.331403 -0.260392 -0.318435 -0.341699 0.148697 0.266585 0.079683 0.217481 0.196362 0.178928 0.052233 0.052373 -0.198858 -0.230051 -0.176772 -0.245114 0.246292 -0.047913 0.709856 0.373473 0.085264 0.392898 0.364266 0.299484 -0.449637 -0.457430 -0.345598 -0.359439 -0.363008 -0.451939 -0.301516 -0.252121 -0.411101 -0.458445 -0.298348 -0.481650 -0.326925 -0.424243 -0.351233 -0.434618 -0.050213 -0.193506 -0.148975 -0.294962 -0.377137 -0.564919 -0.380997 -0.328145 -0.230943 -0.272603
0.113071 0.458601 -0.081371 0.503127 -0.341883 0.293757 0.019118 0.455503 -0.173149 0.378342 0.523986 1.000000 0.243434 0.817376 0.376558 0.639377 -0.051375 -0.053873 -0.039207 -0.384230 0.146648 0.111659 0.159161 -0.017771 -0.012450 -0.000880 -0.156581 0.051986 0.158546 0.195120 0.376228 0.351504 0.104528 0.082226 -0.060992 -0.304035 -0.024972 0.050774 0.020572 -0.135359 -0.021823 0.186568 -0.070743 0.015580 -0.072191 -0.075375 -0.119580 -0.418633 -0.131671 -0.124609 0.179148 0.229262 0.098950 -0.012584 -0.035531 0.035559 -0.155439 -0.256684 -0.375908 -0.290789 0.020222 0.128204 -0.179889 -0.133409 0.311338 0.605484 -0.376289 -0.163717 -0.323469 -0.380079 -0.034918 0.133141 0.161716 0.327835 0.295109 0.292085 0.113259 0.055263 -0.162225 -0.174311 -0.224266 -0.289446 -0.025522 0.004742 0.370646 0.518129 -0.063592 0.311019 0.071582 0.212871 -0.340662 -0.500003 -0.104517 -0.421715 -0.213719 -0.145060 -0.298515 -0.161171 -0.360160 -0.524583 -0.138510 -0.427111 -0.430677 -0.502439 -0.406983 -0.442433 -0.151861 -0.353588 -0.001004 -0.217287 -0.485496 -0.548122 -0.332874 -0.136912 -0.056089 -0.296041
0.517727 0.264147 0.082875 -0.085167 -0.117623 -0.175962 0.322134 0.284119 0.101799 0.118939 0.518308 0.243434 1.000000 0.525173 0.435852 0.381166 0.048931 -0.056962 -0.150061 -0.379317 0.069739 -0.051377 -0.052840 -0.249037 -0.005473 -0.100183 -0.048359 0.058069 0.044424 -0.017446 0.054385 -0.064570 0.085491 0.053626 -0.231431 -0.091239 -0.108013 -0.170749 -0.068403 -0.215517 0.036549 -0.048874 -0.181652 -0.193000 -0.177938 -0.284426 -0.245144 -0.413643 0.387659 -0.028293 -0.058485 0.218052 0.280850 0.098042 0.122265 0.028884 -0.037171 -0.241565 0.229530 0.111232 0.511964 0.301911 -0.026586 0.081976 0.102182 0.252873 0.018516 -0.282496 -0.178275 -0.224789 -0.003530 0.096095 0.159793 0.068892 0.095286 -0.010174 0.009176 -0.128604 -0.179917 -0.170349 -0.167278 -0.229429 0.085839 -0.126360 0.059646 -0.038460 0.012327 0.091334 0.088704 0.184873 -0.103464 -0.198781 -0.140621 -0.076190 -0.263845 -0.287284 -0.239213 -0.253934 -0.106281 -0.228144 0.063308 -0.025324 -0.123156 -0.158537 -0.142173 -0.280478 0.018597 0.046429 -0.094261 -0.262011 -0.344497 -0.367099 -0.076550 -0.194456 -0.235344 -0.171390
0.238241 0.509139 -0.014954 0.419955 -0.318923 0.258407 0.190165 0.636620 -0.117359 0.474841 0.579199 0.817376 0.525173 1.000000 0.517219 0.761306 -0.090897 -0.186658 -0.042761 -0.370857 0.192542 0.060256 0.045651 -0.094398 -0.048970 0.054391 -0.109871 0.086807 0.057161 0.076641 0.315733 0.226035 0.100513 0.117710 -0.131451 -0.187327 -0.121716 -0.077775 0.045815 -0.083123 -0.027290 0.165634 -0.193153 -0.139944 -0.181845 -0.182298 -0.279886 -0.584716 -0.057788 -0.155774 0.080936 0.264786 0.216166 0.090093 0.037444 -0.028647 -0.218484 -0.409592 -0.209304 -0.077474 0.166989 0.378326 -0.270697 -0.115852 0.318091 0.693775 -0.312788 -0.159453 -0.280157 -0.363076 -0.006916 0.143538 0.121523 0.249104 0.237880 0.188051 0.070115 0.005317 -0.329906 -0.271435 -0.306489 -0.431782 0.124592 -0.018786 0.361759 0.369100 0.061658 0.385354 0.200952 0.290412 -0.349208 -0.531450 -0.159416 -0.433132 -0.309779 -0.220758 -0.376107 -0.249121 -0.342589 -0.591312 0.001702 -0.405082 -0.328126 -0.386799 -0.365661 -0.459107 -0.000540 -0.213493 0.024949 -0.281612 -0.527814 -0.591448 -0.312566 -0.207229 -0.136400 -0.233770
0.032553 0.155060 0.344761 0.450289 -0.037233 0.436496 -0.005195 0.243847 0.296080 0.477343 0.548718 0.376558 0.435852 0.517219 1.000000 0.775778 -0.209165 -0.331223 0.141291 -0.412135 0.287955 -0.035394 0.562878 0.340372 0.208108 0.150780 0.381747 0.472258 -0.161314 -0.143224 0.254251 0.138215 -0.153246 -0.246142 0.129708 -0.054102 -0.065953 -0.043489 0.196919 0.079086 -0.099761 0.017673 -0.226573 -0.196366 -0.380589 -0.357703 -0.255326 -0.516400 0.025883 -0.338003 0.243545 0.140711 0.103092 -0.008261 0.200822 0.010152 -0.391782 -0.406422 -0.054880 -0.352678 -0.122339 -0.043989 -0.510404 -0.431945 0.546665 0.579726 -0.479035 -0.364378 -0.353592 -0.299199 -0.030696 0.158908 -0.037409 0.143081 0.153764 0.119546 -0.036842 -0.044399 -0.432517 -0.212006 -0.534010 -0.535733 0.058735 -0.241479 0.426788 0.176703 0.271638 0.161489 0.556743 0.425469 -0.289425 -0.287448 0.057804 -0.076194 -0.381739 -0.219210 -0.254071 -0.107573 -0.395235 -0.536943 -0.171664 -0.307532 -0.347917 -0.285548 -0.196497 -0.132892 -0.026367 -0.010092 -0.018749 -0.264493 -0.323519 -0.487394 -0.283075 -0.265011 0.048967 -0.132744
0.052284 0.402532 0.056845 0.600273 -0.265054 0.500981 0.029907 0.503534 -0.000855 0.551308 0.507109 0.639377 0.381166 0.761306 0.775778 1.000000 -0.072978 -0.241277 0.051746 -0.400643 0.285937 0.052989 0.325997 0.105822 -0.040493 0.067984 0.202671 0.254960 0.022357 0.121133 0.373444 0.267233 0.087406 0.042879 -0.054563 -0.213278 -0.031993 0.010253 0.213308 0.127229 -0.016093 0.193957 -0.247031 -0.226571 -0.411356 -0.350353 -0.295928 -0.623012 -0.219381 -0.402656 0.077496 0.134139 0.149658 0.048149 0.115641 -0.037363 -0.258483 -0.362266 -0.317593 -0.314969 -0.011057 0.187393 -0.324552 -0.231561 0.386690 0.658029 -0.502211 -0.373173 -0.168670 -0.403949 0.035859 0.178237 0.155155 0.336890 0.322386 0.257796 0.146791 0.102594 -0.294390 -0.143311 -0.333851 -0.417697 0.022423 0.005139 0.416208 0.322872 0.141171 0.283585 0.406413 0.318382 -0.410043 -0.491407 -0.085183 -0.368033 -0.340419 -0.134034 -0.388765 -0.118449 -0.390540 -0.597580 -0.165122 -0.434178 -0.322442 -0.330214 -0.260631 -0.220814 0.092401 -0.104784 0.034483 -0.260615 -0.441631 -0.512779 -0.338353 -0.213135 0.080726 -0.139690
0.276587 0.294967 -0.383505 -0.040890 -0.463581 -0.393284 -0.195087 -0.125003 -0.395884 -0.370136 0.122184 -0.051375 0.048931 -0.090897 -0.209165 -0.072978 1.000000 0.576736 0.039642 -0.015064 0.024490 0.028089 -0.045559 -0.485114 -0.213779 -0.025232 -0.251783 -0.213550 0.643953 0.614048 0.131077 0.059215 0.490756 0.454936 -0.050192 -0.198372 0.463586 0.372758 0.240762 0.078769 0.338087 0.464769 -0.024604 -0.013808 -0.147638 -0.157926 0.116571 -0.131618 -0.341168 -0.138139 -0.152713 -0.011819 0.235703 0.078610 0.025734 0.068849 0.694018 0.621075 -0.367495 -0.159942 0.187627 0.021211 0.644314 0.523073 -0.154832 -0.247413 -0.228994 -0.469850 0.293424 -0.308941 0.249561 0.303056 0.662289 0.590711 0.576308 0.486512 0.705405 0.556724 0.742293 0.655562 0.728594 0.721248 0.058657 0.375829 0.195842 0.050992 -0.094874 0.064698 -0.150440 -0.334009 -0.330465 -0.446989 -0.469910 -0.499602 -0.042287 0.085197 -0.063762 -0.002153 0.074135 -0.023231 -0.520257 -0.317533 -0.109197 -0.187336 -0.191894 -0.128410 -0.184035 -0.188447 -0.076448 0.042003 -0.119491 0.108183 0.075963 0.357956 0.232355 0.208547
0.081851 0.233619 -0.545427 -0.298815 -0.179971 -0.279803 -0.352477 -0.194540 -0.051205 -0.169727 -0.226727 -0.053873 -0.056962 -0.186658 -0.331223 -0.241277 0.576736 1.000000 -0.415540 -0.071144 -0.359985 0.007905 -0.214366 -0.571174 -0.159136 -0.182365 -0.086316 -0.298244 0.465321 0.583455 -0.287067 -0.238569 0.330379 0.219535 -0.011783 -0.260694 0.418545 0.384077 -0.082766 -0.101525 0.238908 0.066641 0.162390 0.108224 0.091957 0.017789 0.437276 0.066971 -0.151038 0.129912 -0.041337 0.053974 0.247412 0.165280 0.069889 0.301246 0.729156 0.813171 -0.249451 0.131129 0.315833 0.104724 0.645471 0.705747 -0.313888 -0.386255 -0.060950 -0.315912 0.263264 -0.160922 -0.280277 -0.262755 0.427058 0.256148 0.216096 0.247105 0.365741 0.108663 0.676217 0.738640 0.493283 0.656948 -0.523026 0.125269 -0.234186 -0.298265 -0.427868 -0.358597 -0.510209 -0.537741 0.134883 -0.196247 0.002131 -0.127022 0.000692 0.081008 0.141425 0.220976 0.473282 0.277540 -0.289720 0.004443 -0.227268 -0.209580 -0.208584 -0.062945 -0.428716 -0.218108 -0.107256 0.087946 0.015331 0.437298 0.357272 0.510965 0.397168 0.384730
0.163413 0.006194 0.358198 0.174581 -0.174095 -0.194935 0.137384 -0.155154 -0.304876 -0.263073 0.266916 -0.039207 -0.150061 -0.042761 0.141291 0.051746 0.039642 -0.415540 1.000000 0.381431 0.205137 -0.062100 0.142813 0.248443 -0.198123 0.075914 -0.169737 0.053516 0.131180 -0.033154 0.439097 0.381288 -0.004363 0.181279 -0.015429 0.032575 -0.026052 0.003197 0.370580 0.016394 0.119245 0.267165 -0.090508 -0.113764 -0.145055 -0.132787 -0.226748 -0.095686 -0.321967 -0.228266 -0.231494 -0.206537 -0.171787 -0.109636 -0.076706 -0.247853 -0.216500 -0.208964 -0.021453 -0.240036 -0.287580 -0.161147 -0.189074 -0.279249 0.220432 0.012594 -0.166077 -0.055984 0.036516 0.077064 0.301218 0.449348 0.035889 0.141865 0.109063 0.240012 0.104481 0.297020 -0.137348 -0.110045 -0.006618 0.000629 0.635284 0.328383 0.364159 0.157263 0.306727 0.307984 0.356696 0.164537 -0.305811 -0.084005 -0.375701 -0.227558 -0.028534 -0.099790 -0.189093 -0.113498 -0.306685 -0.217950 -0.092808 -0.200319 0.253081 0.130642 0.038808 -0.017298 0.285391 0.031085 0.130061 0.027185 -0.008731 -0.194327 -0.173061 -0.193328 -0.185001 -0.080522
0.059421 -0.177151 -0.233426 -0.311760 0.237514 -0.336152 -0.070894 -0.386058 -0.209642 -0.498382 -0.354336 -0.384230 -0.379317 -0.370857 -0.412135 -0.400643 -0.015064 -0.071144 0.381431 1.000000 -0.110102 0.057317 -0.467586 0.151173 -0.282849 -0.221135 -0.090555 -0.331186 -0.090260 -0.145609 -0.189239 -0.147126 -0.091353 0.136546 -0.251595 0.058485 -0.077384 -0.084610 0.016039 0.034300 -0.156694 0.074997 -0.009784 -0.144858 0.036913 -0.083808 -0.139538 0.261083 -0.147038 -0.068939 -0.511746 -0.489137 -0.338939 -0.279303 -0.208785 -0.431468 0.165265 0.150413 0.309056 0.337341 0.032608 0.110489 0.153021 0.079823 -0.496951 -0.479064 0.484379 0.440296 0.476974 0.762157 0.128479 -0.099191 -0.333158 -0.352578 -0.378594 -0.299369 -0.198636 -0.108179 -0.003695 -0.065575 0.304487 0.281645 0.484829 0.515853 -0.218925 -0.186534 -0.070707 -0.101121 -0.160764 -0.157919 0.121709 0.375239 -0.157374 0.171672 0.308273 0.137591 0.067414 0.178932 0.029282 0.346567 0.255309 0.452955 0.751139 0.718231 0.462830 0.273643 0.356800 0.294543 0.160271 0.266491 0.412745 0.360697 0.161224 0.038415 -0.115036 0.180129
0.085013 0.070445 0.361024 0.394075 -0.016322 0.223180 0.079941 0.161630 -0.276184 -0.042435 0.445593 0.146648 0.069739 0.192542 0.287955 0.285937 0.024490 -0.359985 0.205137 -0.110102 1.000000 0.580643 0.350557 0.334628 0.401608 0.430733 0.284710 0.490356 -0.003929 -0.140998 0.576720 0.492933 0.036010 0.040905 0.073387 0.188689 -0.332970 -0.369473 0.045452 0.087987 -0.407737 0.099681 -0.146714 -0.083937 -0.165458 -0.128355 -0.366652 -0.251383 -0.013928 -0.230059 0.273587 0.131028 0.155603 0.206773 -0.298724 -0.370552 -0.142123 -0.310362 -0.103040 -0.280820 -0.303015 -0.109507 -0.254380 -0.311109 0.210269 0.326674 -0.121414 -0.007037 -0.068629 -0.103995 0.444819 0.391423 0.037565 0.124098 0.099077 -0.021913 -0.085605 0.030520 -0.156357 -0.039899 -0.094355 -0.117523 0.267009 -0.041233 0.457060 0.312351 0.044819 0.252376 0.319671 0.106124 -0.454758 -0.263563 -0.295819 -0.244834 0.095402 -0.260740 -0.381987 -0.202332 -0.515108 -0.330680 -0.152008 -0.392229 0.007465 -0.146701 -0.042051 -0.119448 0.254436 -0.129056 0.026061 -0.242590 -0.231656 -0.425119 -0.455497 -0.442453 -0.189898 -0.343532
0.139248 -0.075166 0.044516 0.122621 0.124836 0.120584 0.021434 0.067393 -0.247488 -0.161826 0.216114 0.111659 -0.051377 0.060256 -0.035394 0.052989 0.028089 0.007905 -0.062100 0.057317 0.580643 1.000000 0.008906 0.065858 0.214153 0.429269 0.192809 0.217750 -0.036085 -0.097325 0.223579 0.219593 0.030820 0.078519 -0.048953 0.177111 -0.218161 -0.237424 -0.072109 0.074326 -0.286505 0.087340 0.039461 0.101272 0.113678 0.100001 -0.056502 -0.107999 0.038981 -0.006435 0.100901 0.028306 0.048512 0.048031 -0.329221 -0.275345 0.213607 -0.024691 -0.058865 -0.069750 -0.010776 0.014170 0.043552 -0.054586 -0.017108 0.140039 0.069114 0.095271 0.030613 0.072374 0.210090 -0.044755 -0.062421 -0.056361 -0.028898 -0.098025 -0.146091 -0.240630 0.017343 0.025868 0.033875 0.103339 0.001278 0.054670 0.092679 0.074155 -0.319195 -0.026993 -0.142879 -0.052819 -0.275147 -0.109769 -0.196107 -0.144829 0.163397 -0.270858 -0.240367 -0.081914 -0.207989 -0.035702 -0.114500 -0.172084 0.077637 -0.088029 0.003700 -0.122041 0.016371 -0.097393 -0.281337 -0.384145 -0.226314 -0.135089 -0.249190 -0.219215 -0.230965 -0.127067
-0.202418 0.067120 0.479846 0.554104 -0.178731 0.391817 -0.258212 -0.103003 0.032316 0.175503 0.403797 0.159161 -0.052840 0.045651 0.562878 0.325997 -0.045559 -0.214366 0.142813 -0.467586 0.350557 0.008906 1.000000 0.440784 0.410232 0.277457 0.376327 0.701367 -0.098711 -0.109311 0.345926 0.275064 -0.074706 -0.287995 0.505414 0.017702 0.068430 0.113399 0.304523 0.234639 -0.012656 0.025306 -0.177422 -0.034684 -0.286805 -0.205186 -0.139651 -0.299046 -0.068135 -0.379960 0.535029 0.139868 0.082697 0.076148 0.261160 0.176025 -0.264343 -0.134661 -0.325354 -0.603247 -0.499673 -0.469678 -0.381771 -0.420514 0.544859 0.355321 -0.548802 -0.357213 -0.272908 -0.424119 -0.012647 0.228622 0.027171 0.197202 0.221261 0.197774 0.087529 0.218025 -0.141173 0.012802 -0.265072 -0.248928 -0.098515 -0.295955 0.552673 0.370283 0.420683 0.297312 0.636254 0.369091 -0.323450 -0.274201 0.076535 -0.062291 -0.277980 -0.047773 -0.033326 0.028176 -0.286085 -0.393386 -0.355566 -0.419927 -0.477479 -0.392727 -0.262418 0.054284 -0.136356 -0.110117 0.062165 -0.021218 -0.086925 -0.295241 -0.279029 -0.107114 0.252307 0.001398
-0.423894 -0.442343 0.466357 0.338770 0.318435 0.456882 -0.068859 -0.100944 0.112545 0.060056 0.071014 -0.017771 -0.249037 -0.094398 0.340372 0.105822 -0.485114 -0.571174 0.248443 0.151173 0.334628 0.065858 0.440784 1.000000 0.277031 0.182240 0.454524 0.490864 -0.487955 -0.520545 0.090490 0.146803 -0.441103 -0.489247 0.101806 0.143258 -0.222063 -0.247326 0.032094 0.119388 -0.411198 -0.196280 -0.325696 -0.302777 -0.251944 -0.176902 -0.421033 -0.087915 0.093548 -0.294238 0.246708 -0.135678 -0.214610 -0.208920 0.041774 -0.319518 -0.571631 -0.504620 0.155964 -0.256943 -0.480196 -0.387223 -0.491804 -0.610320 0.225560 0.182879 -0.041739 0.357510 -0.277158 0.246356 0.037807 0.044001 -0.528873 -0.347624 -0.352013 -0.299246 -0.468818 -0.223418 -0.494838 -0.424313 -0.404499 -0.495070 0.244708 -0.195096 0.235930 0.207554 0.375664 0.138664 0.496049 0.351147 -0.023082 0.323112 0.321292 0.375861 -0.043849 -0.054452 -0.016377 0.052164 -0.443218 -0.225548 0.113329 0.107516 0.106184 0.171558 0.250481 0.213472 0.178522 0.293705 0.075226 0.048768 0.215299 -0.236523 -0.338983 -0.390087 -0.031757 -0.194126
-0.197887 -0.154050 0.378779 0.177805 0.433844 0.186837 0.013552 0.089257 0.391826 0.221731 0.150318 -0.012450 -0.005473 -0.048970 0.208108 -0.040493 -0.213779 -0.159136 -0.198123 -0.282849 0.401608 0.214153 0.410232 0.277031 1.000000 0.327975 0.361538 0.395905 -0.340814 -0.333884 -0.008112 -0.005539 -0.190004 -0.299758 0.287158 0.332676 -0.245513 -0.317885 -0.244769 -0.123406 -0.273303 -0.230760 -0.022129 0.014156 0.056179 0.121504 -0.025629 0.006996 0.294156 -0.000176 0.484605 0.000830 0.089532 -0.090802 -0.218761 -0.116562 -0.241564 -0.215491 0.046701 -0.227785 -0.226555 -0.118979 -0.398821 -0.298549 0.417500 0.363721 -0.041738 0.128346 -0.211881 -0.014474 -0.065654 -0.195090 -0.260084 -0.214394 -0.191989 -0.284294 -0.319251 -0.318023 -0.202996 -0.131477 -0.355830 -0.275854 -0.163710 -0.559033 0.161887 -0.051124 -0.051661 -0.245964 0.123817 0.056701 -0.034071 0.025893 0.230182 0.222827 0.062298 -0.175393 0.018762 -0.064532 -0.228751 -0.117283 -0.003469 -0.070896 -0.307624 -0.260398 -0.084568 -0.041566 -0.136525 -0.153817 -0.159464 -0.161352 -0.057744 -0.107323 -0.223123 -0.248595 -0.026573 -0.296438
-0.022024 -0.030937 0.486014 0.323559 -0.055674 0.192088 0.142547 0.255366 -0.054167 0.152363 0.305718 -0.000880 -0.100183 0.054391 0.150780 0.067984 -0.025232 -0.182365 0.075914 -0.221135 0.430733 0.429269 0.277457 0.182240 0.327975 1.000000 0.140718 0.334533 -0.116175 -0.122207 0.341384 0.403952 0.220976 0.150225 0.463894 0.491224 -0.127838 -0.221380 -0.058807 -0.066642 -0.165644 0.045882 0.030153 0.163667 0.183017 0.291882 0.031942 -0.160432 0.092274 0.106003 0.427800 0.246229 0.133779 0.009030 -0.253011 -0.207565 -0.072259 -0.240457 -0.156800 -0.081213 -0.235290 0.018583 -0.188871 -0.154630 0.293796 0.357924 -0.039377 0.143978 -0.221540 -0.267324 0.066091 0.020300 0.011057 0.105196 0.179923 0.105550 -0.025404 -0.061852 -0.032992 -0.065424 -0.243251 -0.183898 -0.039934 -0.258303 0.229009 -0.077461 0.017116 0.105393 0.140234 -0.133243 -0.421512 -0.311718 -0.232376 -0.285190 -0.211340 -0.215748 -0.198524 -0.296635 -0.355030 -0.339821 -0.348368 -0.495023 -0.265139 -0.392477 -0.361445 -0.277455 -0.123968 -0.034054 -0.271539 -0.361277 -0.219279 -0.298662 -0.284313 -0.194985 -0.195891 -0.190977
-0.271555 -0.193296 0.151505 0.100524 0.435548 0.545122 -0.328473 -0.161392 0.334919 0.178452 0.012852 -0.156581 -0.048359 -0.109871 0.381747 0.202671 -0.251783 -0.086316 -0.169737 -0.090555 0.284710 0.192809 0.376327 0.454524 0.361538 0.140718 1.000000 0.524753 -0.472402 -0.449852 -0.262254 -0.336063 -0.391589 -0.571822 0.063990 0.068661 -0.177931 -0.204666 -0.078352 0.132768 -0.473826 -0.257782 -0.191419 -0.222275 -0.202154 -0.169834 -0.153640 -0.135919 0.163211 -0.159200 0.364107 -0.031294 0.115826 0.071335 0.060331 -0.101690 -0.104369 0.017690 0.118282 -0.112626 -0.183828 -0.197633 -0.237505 -0.254354 0.207015 0.092453 -0.111979 -0.012152 -0.038033 0.038069 -0.128616 -0.253726 -0.429864 -0.283853 -0.297612 -0.371914 -0.344372 -0.285411 -0.260001 -0.098267 -0.291259 -0.293152 -0.267891 -0.277609 0.101705 -0.017206 0.035418 -0.130283 0.298072 0.172774 0.146872 0.251406 0.437463 0.409154 -0.125100 -0.070776 -0.014217 0.150447 -0.037602 -0.009472 -0.006506 0.186993 0.006708 0.078622 0.168555 0.237529 -0.005859 0.262839 -0.012563 -0.027735 0.119118 0.020926 -0.042420 -0.084350 0.196687 0.120062
-0.077764 -0.019485 0.381787 0.365312 -0.035912 0.426814 -0.268833 -0.057651 0.023552 0.162185 0.391601 0.051986 0.058069 0.086807 0.472258 0.254960 -0.213550 -0.298244 0.053516 -0.331186 0.490356 0.217750 0.701367 0.490864 0.395905 0.334533 0.524753 1.000000 -0.295035 -0.326204 0.154064 0.113283 -0.186267 -0.396618 0.364807 0.155779 -0.180619 -0.081682 0.290120 0.169099 -0.218294 0.016205 -0.187263 -0.078489 -0.194064 -0.196745 -0.224109 -0.268834 0.153522 -0.206379 0.552027 0.204174 0.144142 0.165726 0.205449 0.128694 -0.323064 -0.241147 -0.084595 -0.386933 -0.472093 -0.319185 -0.436338 -0.464931 0.401528 0.344750 -0.363462 -0.176317 -0.242383 -0.187590 0.058040 0.085447 -0.189134 -0.024266 -0.000666 -0.050620 -0.157286 -0.020590 -0.329534 -0.117033 -0.377264 -0.342771 -0.068439 -0.317724 0.488698 0.259584 0.318098 0.328193 0.624080 0.429849 -0.129304 -0.093450 0.148863 0.078109 -0.229461 -0.257710 0.031923 0.208109 -0.242605 -0.252093 -0.202952 -0.316177 -0.246830 -0.246440 -0.128113 0.061361 -0.041883 0.003961 0.080282 -0.141920 -0.039375 -0.286100 -0.249489 -0.289634 0.112670 -0.027622
0.135188 0.293280 -0.343188 -0.066906 -0.620500 -0.311455 0.025969 -0.075356 -0.458696 -0.248705 0.033185 0.158546 0.044424 0.057161 -0.161314 0.022357 0.643953 0.465321 0.131180 -0.090260 -0.003929 -0.036085 -0.098711 -0.487955 -0.340814 -0.116175 -0.472402 -0.295035 1.000000 0.854575 0.424814 0.343368 0.565234 0.564175 0.009599 -0.248778 0.587114 0.552840 0.406020 0.111204 0.560620 0.574797 0.026711 0.024401 -0.173111 -0.204095 0.123086 -0.105165 -0.447100 -0.129450 -0.253609 0.062716 0.238780 0.273658 0.126211 0.238553 0.430037 0.395805 -0.469788 -0.192950 0.159036 -0.057120 0.613428 0.467361 -0.212304 -0.322388 -0.311527 -0.519961 0.152449 -0.401016 0.261160 0.451612 0.890963 0.729288 0.692387 0.705514 0.717847 0.557317 0.599185 0.605272 0.579907 0.620091 0.080584 0.509865 0.086968 0.181272 -0.028045 0.122754 -0.221012 -0.388589 -0.343005 -0.518749 -0.459640 -0.576245 -0.023313 0.167065 -0.118925 0.048690 0.101529 -0.117008 -0.401609 -0.419750 -0.224850 -0.242134 -0.231330 -0.119240 -0.211063 -0.488541 0.123005 0.126130 -0.154568 0.008344 0.085449 0.325025 0.266334 0.115022
0.040430 0.376450 -0.422071 0.068192 -0.599607 -0.248065 -0.030767 0.100889 -0.307557 -0.018844 -0.087925 0.195120 -0.017446 0.076641 -0.143224 0.121133 0.614048 0.583455 -0.033154 -0.145609 -0.140998 -0.097325 -0.109311 -0.520545 -0.333884 -0.122207 -0.449852 -0.326204 0.854575 1.000000 0.348276 0.301169 0.619754 0.625979 0.085406 -0.180854 0.617928 0.619762 0.294551 0.153922 0.599153 0.548874 0.067958 0.062918 -0.176754 -0.184921 0.226591 -0.167091 -0.500308 -0.167459 -0.249239 0.024382 0.223797 0.181931 0.084075 0.271597 0.396133 0.401121 -0.541974 -0.139624 0.194253 0.100063 0.598022 0.564077 -0.203988 -0.209931 -0.322237 -0.519233 0.155926 -0.446020 0.066273 0.345254 0.876263 0.747885 0.682592 0.746065 0.774249 0.581357 0.601480 0.696296 0.486063 0.587277 -0.103081 0.471608 -0.016231 0.017517 -0.105652 0.024605 -0.277822 -0.483558 -0.322471 -0.605995 -0.368145 -0.613315 -0.018581 0.225548 -0.133631 0.067769 0.119256 -0.161622 -0.398449 -0.455744 -0.319233 -0.337345 -0.266590 -0.089812 -0.248963 -0.452314 0.064666 0.041943 -0.180947 0.093830 0.108752 0.359282 0.363053 0.148414
0.107949 0.234326 0.400570 0.539301 -0.481690 0.000356 0.351695 0.324005 -0.408821 0.007030 0.435131 0.376228 0.054385 0.315733 0.254251 0.373444 0.131077 -0.287067 0.439097 -0.189239 0.576720 0.223579 0.345926 0.090490 -0.008112 0.341384 -0.262254 0.154064 0.424814 0.348276 1.000000 0.879394 0.380958 0.466426 0.206456 0.140924 -0.066096 0.025827 0.241080 0.085565 0.106338 0.368535 -0.018734 0.075177 -0.104926 -0.059530 -0.196378 -0.340100 -0.270811 -0.212952 0.061440 0.163766 0.060869 0.123497 -0.209375 -0.209219 -0.167251 -0.317144 -0.368340 -0.390177 -0.216687 -0.084736 -0.080972 -0.141071 0.262408 0.315686 -0.267561 -0.223705 -0.236685 -0.405573 0.407912 0.689914 0.456460 0.508311 0.498693 0.505274 0.316800 0.381416 -0.017547 0.036723 -0.041351 -0.036816 0.321059 0.215149 0.399655 0.375944 0.130204 0.401608 0.212578 -0.092802 -0.726082 -0.642517 -0.606816 -0.673809 -0.036562 -0.094031 -0.520029 -0.334995 -0.546756 -0.559199 -0.396857 -0.694570 -0.223136 -0.389895 -0.307918 -0.262142 0.179775 -0.316131 0.064646 -0.242308 -0.399644 -0.520267 -0.434324 -0.319623 -0.105726 -0.337293
0.063195 0.145558 0.363207 0.523024 -0.435487 0.019499 0.259372 0.280981 -0.383501 0.048617 0.390847 0.351504 -0.064570 0.226035 0.138215 0.267233 0.059215 -0.238569 0.381288 -0.147126 0.492933 0.219593 0.275064 0.146803 -0.005539 0.403952 -0.336063 0.113283 0.343368 0.301169 0.879394 1.000000 0.304930 0.403433 0.193709 0.165683 -0.121685 -0.063834 0.119028 -0.049718 0.046380 0.238103 0.039499 0.119635 0.023788 0.079924 -0.122777 -0.235490 -0.218595 -0.109086 0.097282 0.197171 -0.026311 -0.000840 -0.271262 -0.238306 -0.191521 -0.327110 -0.342316 -0.350917 -0.242390 -0.131516 -0.098335 -0.207705 0.181892 0.305010 -0.197045 -0.086888 -0.248122 -0.290341 0.295459 0.565827 0.359316 0.383289 0.378778 0.428895 0.224102 0.277811 0.016736 0.009539 -0.049537 -0.023331 0.255819 0.112180 0.382296 0.294832 0.090894 0.318477 0.161142 -0.170982 -0.601530 -0.535149 -0.500900 -0.551235 0.020136 -0.151669 -0.348969 -0.224846 -0.463204 -0.469588 -0.315310 -0.615591 -0.220245 -0.354111 -0.302580 -0.228737 0.181483 -0.344512 0.040624 -0.223684 -0.316316 -0.462553 -0.361516 -0.370017 -0.056919 -0.292157
0.236306 0.478738 -0.168528 0.128799 -0.537871 -0.252881 0.111811 0.163368 -0.338932 -0.126665 0.029519 0.104528 0.085491 0.100513 -0.153246 0.087406 0.490756 0.330379 -0.004363 -0.091353 0.036010 0.030820 -0.074706 -0.441103 -0.190004 0.220976 -0.391589 -0.186267 0.565234 0.619754 0.380958 0.304930 1.000000 0.844591 0.082010 -0.074930 0.375199 0.247068 0.190954 -0.017277 0.305709 0.440649 -0.043096 0.029462 -0.114163 -0.139294 0.058000 -0.235240 -0.319577 -0.124455 -0.158999 0.088334 0.273566 0.155167 0.006670 0.073422 0.466343 0.306219 -0.313771 0.030963 0.282627 0.360764 0.474300 0.584402 -0.209668 -0.055095 -0.043728 -0.385736 0.281253 -0.428974 0.131670 0.186280 0.645889 0.619519 0.656021 0.472582 0.573809 0.404229 0.541424 0.530335 0.389679 0.451738 -0.093288 0.307943 -0.025982 0.033853 -0.074486 0.094886 -0.199670 -0.358109 -0.501242 -0.612560 -0.613023 -0.692950 -0.067398 0.101749 -0.274930 -0.166725 -0.098138 -0.205289 -0.464913 -0.508663 -0.201448 -0.361547 -0.469841 -0.248763 -0.162132 -0.238291 -0.056097 -0.108067 -0.260672 -0.027250 -0.175471 0.183349 0.064509 -0.031900
0.309552 0.408618 -0.146583 0.077018 -0.429692 -0.401918 0.315533 0.267743 -0.368484 -0.152048 0.011156 0.082226 0.053626 0.117710 -0.246142 0.042879 0.454936 0.219535 0.181279 0.136546 0.040905 0.078519 -0.287995 -0.489247 -0.299758 0.150225 -0.571822 -0.396618 0.564175 0.625979 0.466426 0.403433 0.844591 1.000000 0.005013 0.082037 0.250292 0.176353 0.111649 -0.030557 0.345430 0.453348 -0.028069 0.017292 -0.042376 -0.060982 -0.006885 -0.208017 -0.392774 -0.103394 -0.368240 -0.049345 0.128326 0.054854 -0.216258 -0.135299 0.385805 0.177235 -0.241280 0.128403 0.306354 0.456577 0.470885 0.571995 -0.239691 -0.065455 0.083481 -0.204485 0.292479 -0.260655 0.220822 0.277457 0.605150 0.510093 0.522358 0.478902 0.553536 0.433715 0.464056 0.430180 0.449618 0.491966 0.153016 0.486418 -0.088815 -0.095046 -0.195417 0.043104 -0.341097 -0.460857 -0.523589 -0.590239 -0.726971 -0.743551 0.046431 0.094000 -0.360813 -0.283754 -0.136159 -0.205412 -0.317489 -0.423738 -0.015500 -0.201418 -0.380013 -0.329895 0.036558 -0.243868 0.011686 -0.108582 -0.274721 -0.058001 -0.155069 0.080342 -0.089639 -0.141916
-0.281975 -0.119810 0.394014 0.178913 -0.075826 0.096036 -0.053005 -0.020344 0.096537 0.203000 0.107819 -0.060992 -0.231431 -0.131451 0.129708 -0.054563 -0.050192 -0.011783 -0.015429 -0.251595 0.073387 -0.048953 0.505414 0.101806 0.287158 0.463894 0.063990 0.364807 0.009599 0.085406 0.206456 0.193709 0.082010 0.005013 1.000000 0.548045 0.091843 0.182738 0.212101 0.067980 0.113885 0.029034 0.094485 0.239079 0.181406 0.244133 0.238268 0.008419 0.036072 0.028091 0.422836 0.107942 0.006043 0.029009 0.052874 0.258489 -0.188143 -0.023349 -0.285063 -0.220314 -0.399206 -0.295016 -0.220432 -0.186178 0.353252 0.136309 -0.154183 0.040397 -0.176572 -0.249385 -0.234961 -0.036777 0.073752 0.102037 0.125703 0.233199 0.124233 0.146666 -0.015536 0.088278 -0.166314 -0.096602 -0.174680 -0.169038 0.194650 -0.101468 0.186929 0.100829 0.208087 -0.105570 -0.156887 -0.276047 -0.019071 -0.130343 -0.339284 -0.003223 0.131817 -0.000276 -0.019035 -0.207037 -0.336438 -0.341200 -0.411591 -0.339425 -0.370311 -0.048086 -0.295236 -0.121341 0.021812 0.062323 0.044217 -0.065160 -0.088041 0.112667 0.152563 0.029823
-0.146842 -0.405009 0.437127 -0.004797 0.252418 -0.081563 0.303367 0.178186 0.142238 0.107737 -0.011689 -0.304035 -0.091239 -0.187327 -0.054102 -0.213278 -0.198372 -0.260694 0.032575 0.058485 0.188689 0.177111 0.017702 0.143258 0.332676 0.491224 0.068661 0.155779 -0.248778 -0.180854 0.140924 0.165683 -0.074930 0.082037 0.548045 1.000000 -0.241043 -0.253066 -0.134986 -0.017116 -0.031745 -0.112784 0.121254 0.167652 0.313239 0.393845 0.086675 0.085592 0.253533 0.213021 0.140502 -0.069852 0.005035 -0.105517 -0.244875 -0.113385 -0.238207 -0.266280 0.138492 0.034754 -0.118976 -0.029347 -0.193199 -0.233524 0.183840 0.128131 0.242002 0.378829 -0.191110 0.063857 -0.056307 -0.047170 -0.171208 -0.228635 -0.200019 -0.133983 -0.120946 -0.128035 -0.212271 -0.184720 -0.210170 -0.172128 0.057186 -0.151371 -0.059336 -0.395557 -0.044957 -0.126622 -0.008417 -0.230950 -0.041760 -0.002578 -0.046936 0.040987 -0.014896 -0.110315 0.016910 -0.181233 -0.053227 -0.021899 -0.001220 -0.050410 -0.025091 -0.037562 -0.107484 -0.105185 -0.000545 0.028093 -0.128032 -0.140747 0.049092 -0.021094 -0.073612 -0.216078 -0.206445 -0.245092
