1.000000 0.687499 0.572981 -0.191182 0.066307 -0.076402 0.467364 -0.302044 0.431823 -0.052259 0.791793 0.149721 0.548534 0.151872 0.563407 0.061072 -0.330425 -0.112089 0.691400 0.785034 -0.188194 -0.033385 0.534485 -0.165890 0.160917 0.164657 -0.067876 0.407138 -0.030235 -0.210688 0.412750 0.242510 0.241904 0.256159 0.009371 0.403276 -0.409190 -0.385506 -0.419454 -0.434702 -0.354476 -0.420875 -0.317283 0.155685 -0.019828 0.084351 -0.543774 -0.370171 0.451921 -0.292275 0.297865 0.284006 -0.628831 -0.313416 -0.365041 -0.500709 0.045662 0.162033 0.448002 -0.000479 0.280383 -0.120303 -0.468308 -0.241642 -0.078508 0.192488 0.138935 0.267184 0.107043 0.035682 -0.021001 0.456133 -0.145490 0.301227 0.168280 0.577952 0.195569 0.171401 0.012540 0.007466 -0.156661 -0.264528 -0.266920 -0.416154 0.663034 -0.123791 -0.432208 -0.328246 0.499048 -0.297667 -0.390629 -0.016867 -0.385261 -0.042998 -0.392572 -0.308745 -0.529502 -0.528142 -0.541941 -0.462874 -0.574398 -0.255182 -0.574873 -0.292874 -0.475018 -0.167343 -0.549894 -0.484586 -0.125913 -0.413014 -0.365924 -0.289045 0.109549 -0.364394 -0.265153 -0.267617
0.687499 1.000000 0.448003 0.172862 0.155578 -0.067478 0.497296 0.051610 0.329900 0.228348 0.579689 0.477171 0.523490 0.356343 0.328129 0.212261 -0.107823 -0.090472 0.536649 0.602029 -0.041624 -0.003862 0.199799 -0.268034 0.088386 0.188280 -0.227780 0.463591 0.113706 0.040824 0.414391 0.275861 0.387432 0.528049 0.063467 0.468791 -0.196729 -0.233572 -0.401760 -0.295874 -0.152920 -0.173109 -0.412348 -0.090215 -0.096688 -0.187307 -0.610965 -0.502398 0.222742 -0.232577 0.199360 0.256172 -0.443978 -0.420761 -0.404933 -0.557714 -0.053835 0.086867 0.363826 0.014580 0.322689 -0.065720 -0.218086 -0.019879 0.216133 0.596140 0.008799 0.115446 0.196269 0.141354 0.079887 0.442600 0.174954 0.440202 0.390244 0.583755 0.183042 0.171220 0.117168 -0.019707 -0.013962 -0.117783 -0.256585 -0.263721 0.483717 0.016504 -0.336444 -0.151330 0.438153 -0.163269 -0.469113 -0.254078 -0.454684 -0.197327 -0.292286 -0.308073 -0.404700 -0.478289 -0.456560 -0.432803 -0.600676 -0.460816 -0.588995 -0.520272 -0.535193 -0.337559 -0.417775 -0.427181 -0.183020 -0.547392 -0.401804 -0.282275 -0.045234 -0.383067 -0.240489 -0.368156
0.572981 0.448003 1.000000 0.132945 0.433503 0.326005 0.756909 0.307736 0.417043 0.236513 0.456871 -0.051115 0.215169 -0.006686 0.448665 0.195432 -0.568706 -0.373758 0.669771 0.625456 0.204869 0.194203 0.631137 0.189919 0.461281 0.346277 0.383119 0.240635 -0.440391 -0.464596 0.466659 0.465882 0.244991 0.217739 0.056257 0.200044 -0.349108 -0.191998 -0.350607 -0.399688 -0.430698 -0.308036 -0.495707 0.008360 0.106317 0.227981 -0.543658 -0.375312 0.480180 -0.097201 0.448118 0.267127 -0.559961 -0.422923 -0.230626 -0.674036 -0.473029 -0.312145 0.143103 0.005193 0.077762 -0.415415 -0.386554 -0.399841 -0.170047 -0.090575 0.313852 0.500282 0.117613 -0.225250 0.257093 0.457641 -0.416604 0.011098 -0.189494 0.293704 0.010547 0.037356 -0.295124 -0.236891 -0.576741 -0.569342 -0.446908 -0.471635 0.339960 -0.052122 -0.284552 -0.171267 0.396745 -0.270689 -0.312592 0.088902 -0.164285 0.113385 -0.386795 -0.327251 -0.503986 -0.508451 -0.465032 -0.354627 -0.382322 -0.165446 -0.345444 -0.277750 -0.377072 -0.042601 -0.453992 -0.434037 -0.088812 -0.250149 -0.136368 -0.249376 0.262651 -0.212364 -0.294174 -0.073290
-0.191182 0.172862 0.132945 1.000000 0.163819 0.339263 0.119856 0.543201 0.131201 0.284935 -0.140194 0.053736 -0.007161 -0.056036 0.034675 0.304360 -0.159373 -0.426352 0.062831 -0.124444 0.391062 0.093039 0.281173 0.605333 0.182536 0.240259 0.218181 0.060854 -0.233280 0.089912 0.025459 0.231171 0.046721 -0.053490 0.274529 0.084773 0.265828 0.380778 0.200329 0.215741 0.143417 0.233780 -0.190622 -0.359995 -0.132483 -0.166582 -0.197412 -0.322512 -0.181708 -0.115589 0.296115 -0.108905 0.053850 -0.091799 0.079737 0.010779 -0.263967 -0.416648 -0.278550 0.060217 -0.205629 -0.398566 -0.181949 -0.396991 0.216899 0.100202 -0.062213 0.056144 0.112917 -0.269388 0.206175 -0.030485 0.051252 0.092288 0.230510 0.146428 -0.001450 -0.064032 -0.213062 -0.209335 -0.352255 -0.392593 -0.094742 -0.040939 0.000285 0.285840 0.223590 0.246019 0.368897 0.385141 -0.244337 -0.272528 -0.065809 -0.201088 -0.069550 -0.005196 0.004623 -0.055153 -0.247979 -0.127811 -0.120338 -0.120792 -0.081155 -0.253638 -0.206631 -0.198473 -0.035069 -0.011963 -0.058315 0.089072 0.113936 -0.334732 -0.205834 -0.231598 -0.274018 -0.206933
0.066307 0.155578 0.433503 0.163819 1.000000 0.672939 0.558854 0.485871 0.463955 0.465093 0.054842 0.078845 0.196486 0.473937 0.059440 0.307835 -0.240844 -0.173627 0.084323 -0.024466 0.384502 0.150225 0.128514 0.109468 0.352901 0.040952 0.627080 0.027754 -0.304564 -0.247169 -0.028930 0.051447 0.169814 -0.001951 -0.125466 -0.002666 -0.087134 -0.044968 -0.035018 -0.044540 -0.159969 -0.043587 -0.054838 -0.030557 0.235502 0.094162 -0.376291 -0.035211 0.526221 0.296356 0.360781 0.409902 -0.090517 -0.079305 0.188066 -0.356933 -0.349638 -0.333936 -0.260853 -0.070809 0.033663 -0.215319 0.020049 -0.067584 -0.168001 -0.071216 -0.039224 0.108564 0.104422 -0.233209 0.149237 -0.005519 -0.242147 -0.144399 -0.276936 0.084795 -0.287959 -0.148919 -0.356529 -0.332080 -0.310105 -0.222989 -0.240611 -0.096305 -0.111740 -0.088321 -0.241808 -0.042855 0.094094 0.163832 0.004512 -0.122474 -0.188000 -0.237773 -0.213508 -0.241360 -0.038368 -0.165432 -0.139129 -0.148354 -0.222105 -0.324590 -0.175662 -0.205886 -0.169514 -0.139159 -0.120749 -0.074585 -0.091884 -0.268261 0.051997 -0.152457 -0.126529 -0.175872 -0.256647 -0.051697
-0.076402 -0.067478 0.326005 0.339263 0.672939 1.000000 0.365980 0.473140 0.467473 0.506901 -0.140269 -0.225170 0.049072 0.196069 0.187767 0.498846 -0.289208 -0.405884 -0.005219 -0.163515 0.490656 0.351490 0.262106 0.403190 0.482315 0.253021 0.761689 -0.041463 -0.452142 -0.288210 -0.109538 -0.022479 -0.127759 -0.309357 -0.054397 0.049507 0.000431 0.145806 0.199518 0.077875 -0.012260 0.053515 -0.013664 -0.021083 0.240582 0.238493 -0.360072 -0.090864 0.405849 0.259205 0.548955 0.389275 0.015973 0.033357 0.045126 -0.285290 -0.237159 -0.347003 -0.371517 -0.047692 -0.203869 -0.297850 -0.232810 -0.294063 -0.253704 -0.142035 -0.143533 0.218546 -0.070600 -0.393761 0.045862 -0.161130 -0.413094 -0.306232 -0.340514 -0.087321 -0.511412 -0.333471 -0.471972 -0.416382 -0.464553 -0.476732 -0.112384 -0.153202 -0.141856 -0.044005 0.026954 0.179314 0.161437 0.299450 -0.017532 -0.047090 -0.113385 -0.185013 -0.008079 0.044355 0.108710 -0.012564 -0.008245 0.039784 -0.097939 -0.175707 -0.039886 -0.075311 -0.086994 -0.076006 -0.132167 0.002874 0.143895 -0.099426 0.018116 -0.043306 -0.108264 -0.040596 -0.098559 0.076140
0.467364 0.497296 0.756909 0.119856 0.558854 0.365980 1.000000 0.466801 0.524811 0.456318 0.356904 0.156402 0.436809 0.365980 0.294514 0.220244 -0.311376 -0.175579 0.300288 0.368670 0.174904 0.069346 0.268109 -0.085148 0.300677 0.046142 0.252893 0.031853 -0.140557 -0.247255 0.119882 0.107021 0.274796 0.314032 -0.176483 0.215920 -0.171342 -0.202130 -0.240606 -0.290165 -0.275100 -0.147737 -0.338869 -0.116748 0.259708 0.206716 -0.603540 -0.271707 0.517825 0.192034 0.334727 0.309473 -0.322951 -0.280320 -0.054295 -0.622161 -0.242039 -0.153208 0.123410 -0.144266 0.371014 -0.290989 -0.053763 -0.156728 -0.037610 0.077650 0.014832 0.242634 0.191042 -0.104304 0.138527 0.136510 -0.204595 0.001736 -0.064579 0.249609 -0.122731 -0.095451 -0.231202 -0.216332 -0.221391 -0.290967 -0.228005 -0.258792 0.215849 0.017679 -0.309250 0.002852 0.331611 0.019295 -0.222690 0.007300 -0.231152 -0.057957 -0.448311 -0.341523 -0.434169 -0.474583 -0.419474 -0.355708 -0.453735 -0.462622 -0.473372 -0.469597 -0.444123 -0.236959 -0.341702 -0.281719 -0.100771 -0.349095 -0.150439 -0.229720 0.106305 -0.409538 -0.459978 -0.214784
-0.302044 0.051610 0.307736 0.543201 0.485871 0.473140 0.466801 1.000000 0.271995 0.643871 -0.218242 0.144768 -0.039727 0.168554 -0.090402 0.188923 -0.040176 -0.238202 -0.121248 -0.133298 0.455873 0.216334 -0.066369 0.255272 0.247679 -0.054035 0.284263 -0.220631 -0.160359 -0.132698 -0.104868 0.112777 0.050399 0.133097 -0.067611 -0.237635 0.010125 0.048461 -0.073978 -0.018686 -0.088791 0.209991 -0.239469 -0.199194 0.078304 0.069880 -0.271490 -0.157738 0.061897 0.237621 0.194882 0.060345 0.149949 -0.179712 0.122984 -0.283866 -0.335021 -0.386402 -0.334264 -0.072892 -0.041344 -0.321069 0.311040 -0.076707 0.018144 0.034905 -0.025623 0.136880 -0.017079 -0.435621 0.334860 -0.067415 -0.047477 -0.040997 -0.040364 -0.186662 -0.290690 -0.277426 -0.306186 -0.333240 -0.244393 -0.206175 -0.230252 0.061643 -0.188377 0.295922 -0.063294 0.123726 0.073382 0.361040 0.011833 -0.024430 0.073797 -0.017960 -0.138710 -0.117149 -0.107187 -0.168247 -0.026150 -0.056875 -0.079189 -0.320090 -0.111483 -0.336725 -0.225759 -0.200563 -0.043460 -0.045671 0.016583 -0.000293 0.126178 -0.062047 0.081507 -0.137559 -0.325862 -0.064447
0.431823 0.329900 0.417043 0.131201 0.463955 0.467473 0.524811 0.271995 1.000000 0.459608 0.434567 -0.111008 0.485242 0.227391 0.444891 0.355933 -0.257723 -0.277537 0.208138 0.283600 0.146798 0.303708 0.412602 0.133599 0.475647 0.378309 0.147853 0.395464 -0.312463 -0.471914 -0.013436 0.019479 -0.000300 -0.055204 -0.048378 0.262474 -0.336864 -0.228870 -0.333880 -0.272312 -0.360317 -0.231959 -0.174213 0.118897 0.197543 0.308478 -0.516692 -0.121316 0.474106 0.089875 0.547258 0.483398 -0.371778 -0.178807 -0.216257 -0.532512 -0.065905 -0.285251 -0.079444 -0.023268 0.156167 -0.095928 -0.241509 -0.298227 -0.078324 0.117376 -0.069620 0.296274 -0.015057 -0.249121 0.097333 0.123545 -0.436915 -0.093628 -0.171852 0.087473 -0.136859 -0.089159 -0.196236 -0.240955 -0.218801 -0.370312 -0.314969 -0.235693 0.327205 0.128711 -0.472924 -0.336493 0.430225 0.144189 -0.181254 0.030095 -0.221115 -0.142160 -0.377521 -0.356899 -0.399240 -0.467193 -0.392252 -0.312399 -0.350510 -0.224215 -0.392337 -0.193764 -0.388755 -0.224737 -0.416930 -0.247737 -0.113956 -0.409975 -0.188583 -0.212008 0.073744 -0.378323 -0.431333 -0.263662
-0.052259 0.228348 0.236513 0.284935 0.465093 0.506901 0.456318 0.643871 0.459608 1.000000 -0.097271 0.082956 0.023693 0.128785 -0.154207 0.121919 -0.085737 -0.267617 -0.144047 0.046798 0.056462 0.110123 -0.089919 0.048353 0.167032 -0.052207 0.140601 -0.109990 -0.183600 -0.235109 -0.191893 -0.148837 -0.243595 -0.005585 -0.395707 -0.082518 -0.157069 -0.200860 -0.171551 -0.173710 -0.185605 -0.100591 -0.180866 0.059225 0.283899 0.236909 -0.288633 -0.007682 0.188188 0.347899 0.113171 0.233687 0.125586 0.092569 -0.033361 -0.310908 -0.283015 -0.314353 -0.285773 -0.199637 -0.107140 -0.109890 0.152133 -0.054225 -0.090215 0.182297 -0.274096 0.060155 -0.188097 -0.357837 0.198996 -0.106957 -0.236427 -0.156448 -0.177202 -0.250314 -0.404357 -0.443132 -0.323463 -0.466576 -0.157819 -0.246953 -0.168882 -0.103630 -0.265684 -0.149528 -0.271549 -0.109846 -0.028768 0.194451 0.237887 0.276881 0.250588 0.232077 -0.123419 -0.034651 -0.069951 -0.071125 0.167637 0.167767 -0.064347 -0.178233 -0.112838 -0.059757 -0.116762 -0.008478 -0.102202 -0.102192 0.172226 -0.021047 0.084832 0.334210 0.314072 0.030292 -0.083060 0.060202
0.791793 0.579689 0.456871 -0.140194 0.054842 -0.140269 0.356904 -0.218242 0.434567 -0.097271 1.000000 0.306883 0.705819 0.150356 0.757075 0.278482 -0.231018 -0.150409 0.736550 0.705800 -0.150535 0.049895 0.486239 -0.174864 0.137864 0.144469 -0.135931 0.358729 0.059867 -0.127934 0.371054 0.345953 0.291514 0.319091 0.128910 0.214818 -0.316381 -0.346733 -0.438244 -0.351348 -0.289181 -0.319344 -0.317091 -0.110443 -0.222366 -0.184520 -0.500499 -0.366883 0.253133 -0.471106 0.253086 0.035706 -0.607119 -0.356246 -0.371387 -0.466788 -0.016062 0.138471 0.393069 0.016026 0.358444 -0.021456 -0.294431 -0.137251 0.214044 0.190605 0.025237 -0.007161 0.282407 0.058500 0.063502 0.375430 0.028021 0.403093 0.320433 0.573170 0.404110 0.263770 0.128143 -0.000792 -0.106141 -0.144239 -0.204996 -0.126689 0.766325 0.058811 -0.380313 -0.428143 0.605785 -0.192892 -0.420214 -0.203633 -0.405867 -0.165193 -0.466715 -0.332815 -0.546180 -0.535874 -0.587071 -0.549524 -0.533742 -0.195694 -0.555706 -0.265582 -0.428602 -0.249736 -0.486382 -0.299413 -0.254963 -0.548531 -0.437483 -0.415701 -0.083678 -0.411846 -0.361923 -0.403181
0.149721 0.477171 -0.051115 0.053736 0.078845 -0.225170 0.156402 0.144768 -0.111008 0.082956 0.306883 1.000000 0.396274 0.580769 0.017647 0.161289 0.262281 0.252388 0.128203 0.154855 -0.082962 -0.096025 -0.310471 -0.405293 -0.191534 -0.243834 -0.262280 -0.114490 0.626605 0.578503 0.228031 0.226552 0.214785 0.643152 -0.007477 -0.011439 0.039906 -0.217183 -0.250481 -0.143016 0.081032 0.065598 -0.201823 -0.318994 -0.266342 -0.474152 -0.355003 -0.443484 -0.177700 -0.241290 -0.127035 -0.150362 -0.086672 -0.180080 -0.125048 -0.219805 -0.034415 0.394148 0.206078 -0.130062 0.261369 0.059555 0.311679 0.311343 0.396400 0.532551 -0.061127 -0.286437 0.299417 -0.005519 0.175378 0.125178 0.606604 0.508075 0.542697 0.398161 0.298641 0.256051 0.390981 -0.011154 0.398625 0.483350 -0.015372 0.446284 0.323613 0.296216 -0.239535 -0.161464 -0.025139 -0.049930 -0.223736 -0.480324 -0.337923 -0.279835 -0.120305 -0.085782 -0.145615 -0.207272 -0.215281 -0.382059 -0.368365 -0.371223 -0.342319 -0.385405 -0.296686 -0.338171 -0.158951 -0.102500 -0.188362 -0.315170 -0.363148 -0.310488 -0.331711 -0.274059 -0.229896 -0.357564
0.548534 0.523490 0.215169 -0.007161 0.196486 0.049072 0.436809 -0.039727 0.485242 0.023693 0.705819 0.396274 1.000000 0.531314 0.522134 0.361538 -0.022340 -0.214464 0.277997 0.221302 0.013382 0.024092 0.229417 -0.225262 0.188253 0.119123 -0.049305 0.313837 0.175569 -0.059277 0.018014 0.041724 0.114059 0.172552 0.094795 0.322906 0.022718 -0.123163 -0.155585 -0.061759 -0.065238 -0.008838 -0.170172 -0.209065 -0.051464 -0.154900 -0.507510 -0.312566 0.384340 -0.191664 0.415393 0.239447 -0.377595 -0.237588 -0.306837 -0.312709 0.123977 0.058626 0.202487 -0.003658 0.545177 -0.032804 -0.115727 -0.089295 0.324599 0.312352 -0.236503 -0.171251 0.264583 0.134806 0.066978 0.044789 0.131119 0.211829 0.378111 0.551735 0.175776 0.145946 0.081664 -0.216915 0.027468 -0.089575 -0.124272 0.014792 0.600302 0.175820 -0.185434 -0.113041 0.589806 0.184181 -0.424385 -0.368065 -0.474037 -0.375293 -0.282422 -0.218966 -0.300019 -0.458397 -0.479050 -0.453833 -0.528027 -0.407077 -0.494812 -0.432332 -0.387695 -0.372447 -0.341958 -0.114726 -0.300822 -0.633169 -0.487061 -0.456723 -0.317808 -0.500515 -0.428064 -0.438601
0.151872 0.356343 -0.006686 -0.056036 0.473937 0.196069 0.365980 0.168554 0.227391 0.128785 0.150356 0.580769 0.531314 1.000000 0.016376 0.319953 0.270671 0.253942 -0.143081 -0.092082 0.089504 0.048189 -0.258178 -0.357121 0.097651 -0.099511 0.056133 -0.025056 0.400291 0.268913 0.044742 -0.018588 0.263944 0.429371 -0.173636 0.287496 -0.020846 -0.207420 -0.174156 -0.143161 0.120340 0.172870 0.129714 -0.096664 0.180394 -0.119157 -0.401148 -0.134804 0.380099 0.227495 0.172806 0.365191 0.023457 -0.075140 -0.037591 -0.312113 0.097899 0.290860 0.141804 -0.132802 0.461935 0.153825 0.304946 0.398530 0.157141 0.444968 -0.156703 -0.130110 0.295807 0.064864 -0.096407 -0.068487 0.235073 0.102250 0.146554 0.282472 -0.107259 0.059606 0.136170 0.008396 0.391543 0.385885 -0.026010 0.288998 0.133579 0.167507 -0.240931 -0.043701 -0.004963 0.190423 -0.179615 -0.437330 -0.485062 -0.536411 -0.242501 -0.280526 -0.156272 -0.343729 -0.212581 -0.353146 -0.395506 -0.538342 -0.389257 -0.467773 -0.361547 -0.516840 -0.157410 -0.064898 -0.322630 -0.584128 -0.350083 -0.300772 -0.405877 -0.449529 -0.427278 -0.467051
0.563407 0.328129 0.448665 0.034675 0.059440 0.187767 0.294514 -0.090402 0.444891 -0.154207 0.757075 0.017647 0.522134 0.016376 1.000000 0.601836 -0.257628 -0.286650 0.701676 0.505946 0.145978 0.335381 0.574495 0.036835 0.359422 0.306061 0.202044 0.273799 -0.140871 -0.145839 0.368160 0.393934 0.247831 0.101717 0.301275 0.215097 -0.215910 -0.064546 -0.200991 -0.120700 -0.136340 -0.142136 -0.217960 -0.154531 -0.194853 -0.103039 -0.478879 -0.402580 0.259692 -0.421538 0.476183 0.119423 -0.552706 -0.371420 -0.414115 -0.417369 0.044226 0.039991 0.357924 0.186677 0.293792 -0.083726 -0.509743 -0.259132 0.157056 0.103536 0.075642 0.150851 0.303808 -0.051415 0.009791 0.266943 -0.136766 0.245158 0.174089 0.476421 0.209803 0.178670 0.007391 0.031826 -0.321766 -0.323658 -0.170915 -0.105794 0.725694 0.232333 -0.155133 -0.121001 0.729074 -0.014451 -0.573376 -0.324631 -0.566007 -0.366885 -0.322823 -0.147985 -0.375165 -0.404396 -0.632561 -0.554634 -0.588629 -0.251807 -0.566873 -0.368649 -0.506636 -0.369508 -0.467790 -0.210611 -0.085027 -0.571500 -0.512433 -0.511758 -0.221091 -0.481935 -0.404265 -0.324253
0.061072 0.212261 0.195432 0.304360 0.307835 0.498846 0.220244 0.188923 0.355933 0.121919 0.278482 0.161289 0.361538 0.319953 0.601836 1.000000 -0.063477 -0.281367 0.264481 0.008152 0.376497 0.370851 0.193800 0.094064 0.250180 0.372934 0.359440 0.135650 -0.165862 0.075822 0.163420 0.248882 0.200610 0.094629 0.314854 0.242631 0.076095 0.209486 0.067390 0.178844 0.244244 0.311968 -0.065063 -0.189751 -0.081864 -0.130676 -0.421000 -0.371371 0.132580 -0.198467 0.505228 0.203183 -0.202653 -0.193677 -0.205615 -0.304395 -0.165675 -0.160301 0.059291 0.006825 0.164811 -0.049286 -0.234726 -0.102287 0.379658 0.368739 0.077096 0.094757 0.180255 -0.080728 -0.089897 -0.072090 -0.002016 0.085604 0.158707 0.250456 0.023547 0.083649 -0.149229 -0.117045 -0.275843 -0.234849 -0.041081 0.132254 0.299425 0.363907 0.083708 0.064254 0.435555 0.328555 -0.456591 -0.481371 -0.568843 -0.583844 -0.178832 -0.091541 -0.058740 -0.230637 -0.356036 -0.372858 -0.453215 -0.254291 -0.351086 -0.349109 -0.437369 -0.577291 -0.197403 0.032788 -0.075839 -0.562596 -0.392749 -0.453764 -0.469003 -0.445001 -0.424696 -0.415374
-0.330425 -0.107823 -0.568706 -0.159373 -0.240844 -0.289208 -0.311376 -0.040176 -0.257723 -0.085737 -0.231018 0.262281 -0.022340 0.270671 -0.257628 -0.063477 1.000000 0.561307 -0.334704 -0.406976 -0.041658 0.109150 -0.688239 -0.454862 -0.336497 -0.321576 -0.405609 -0.220872 0.702738 0.512543 -0.028856 -0.135692 0.091999 0.220657 -0.027459 -0.265920 0.327502 0.050278 0.175577 0.306238 0.333005 0.243409 0.232095 -0.176127 -0.241464 -0.442767 0.347568 0.071447 -0.289847 -0.058615 -0.375206 -0.169534 0.474530 0.149078 0.090473 0.308885 0.611495 0.496064 0.161767 0.021644 0.283601 0.402617 0.624192 0.678869 0.251115 0.297703 -0.146026 -0.505399 0.137014 0.251152 -0.019566 -0.160799 0.508321 0.196384 0.224494 -0.180271 0.121484 0.084640 0.545314 0.388182 0.683699 0.702494 0.259849 0.510893 -0.155042 0.159046 -0.018278 0.153647 -0.283392 0.299789 -0.029551 -0.339365 -0.135329 -0.315167 0.179106 0.231908 0.213569 0.166397 0.199841 0.001192 0.068435 -0.243223 -0.145207 -0.284954 -0.168869 -0.379202 0.284966 0.265476 0.083282 -0.112262 -0.363923 0.177940 -0.164320 -0.159060 -0.097927 -0.235710
-0.112089 -0.090472 -0.373758 -0.426352 -0.173627 -0.405884 -0.175579 -0.238202 -0.277537 -0.267617 -0.150409 0.252388 -0.214464 0.253942 -0.286650 -0.281367 0.561307 1.000000 -0.284083 -0.170144 -0.177153 -0.027321 -0.564450 -0.547095 -0.260904 -0.353201 -0.424780 -0.234722 0.573315 0.480331 0.013132 -0.233694 0.294174 0.324076 -0.153449 -0.261469 0.022181 -0.128585 -0.031892 0.010037 0.161789 0.071771 0.229348 -0.067502 -0.183133 -0.272448 0.250973 0.144470 -0.208570 0.032625 -0.518297 -0.156580 0.316222 0.221175 0.211735 0.217261 0.574313 0.712287 0.204820 -0.002257 0.110414 0.363478 0.457318 0.638568 -0.098013 0.096812 0.006816 -0.292758 0.083831 0.364826 -0.178192 -0.092364 0.364422 0.233276 0.095240 -0.150226 0.200182 0.164091 0.542682 0.624521 0.681556 0.752261 0.227474 0.244796 -0.161844 -0.023596 -0.174938 -0.035607 -0.556117 -0.100325 0.168710 -0.099706 -0.053564 -0.150885 0.084841 -0.030555 0.120585 0.174503 0.224693 0.067398 0.168902 -0.100491 -0.001593 -0.018742 0.003023 -0.190526 0.283024 0.156259 0.003339 0.006414 -0.166648 0.167446 -0.088059 0.042991 0.109615 -0.020317
0.691400 0.536649 0.669771 0.062831 0.084323 -0.005219 0.300288 -0.121248 0.208138 -0.144047 0.736550 0.128203 0.277997 -0.143081 0.701676 0.264481 -0.334704 -0.284083 1.000000 0.777996 0.069019 0.132792 0.625566 0.045050 0.204909 0.262442 0.141075 0.361074 -0.172910 -0.125380 0.674216 0.636985 0.353089 0.264900 0.302988 0.197908 -0.278032 -0.136493 -0.322734 -0.289521 -0.351771 -0.421138 -0.419559 -0.064411 -0.269596 -0.213223 -0.400905 -0.493959 0.154548 -0.542109 0.273158 0.000283 -0.650672 -0.484691 -0.382424 -0.436980 -0.188293 -0.007252 0.452174 0.153046 0.133725 -0.126093 -0.481898 -0.228784 0.046481 0.110085 0.338593 0.222422 0.315201 -0.131834 0.190950 0.580764 -0.080065 0.402101 0.174090 0.556945 0.310738 0.285345 0.045650 0.018227 -0.408104 -0.328212 -0.382673 -0.283688 0.655679 0.025794 -0.256455 -0.185965 0.567458 -0.313901 -0.573623 -0.239493 -0.427149 -0.115588 -0.270454 -0.160348 -0.391194 -0.375185 -0.604928 -0.516217 -0.537921 -0.161906 -0.531907 -0.314837 -0.482026 -0.178061 -0.474075 -0.385636 -0.093031 -0.365109 -0.343453 -0.384099 -0.006951 -0.316551 -0.252358 -0.216615
0.785034 0.602029 0.625456 -0.124444 -0.024466 -0.163515 0.368670 -0.133298 0.283600 0.046798 0.705800 0.154855 0.221302 -0.092082 0.505946 0.008152 -0.406976 -0.170144 0.777996 1.000000 -0.248904 0.023145 0.533494 -0.071370 0.137886 0.180541 -0.132211 0.370273 -0.091294 -0.200415 0.569322 0.512694 0.222655 0.437534 -0.057523 0.275307 -0.568601 -0.453033 -0.608249 -0.584732 -0.459937 -0.527779 -0.538464 0.139760 -0.079620 0.131113 -0.502163 -0.375912 0.157546 -0.324433 0.057295 0.029146 -0.699611 -0.471790 -0.489228 -0.585731 -0.235779 0.026778 0.415616 0.021486 0.066607 -0.118080 -0.434237 -0.234837 -0.157564 0.150521 0.217360 0.383393 0.150168 -0.113009 0.183728 0.639263 -0.142219 0.405705 0.108644 0.449340 0.304411 0.191628 0.080098 0.019495 -0.184843 -0.221261 -0.275064 -0.290056 0.555272 -0.128378 -0.484253 -0.394731 0.374224 -0.481470 -0.300624 0.161703 -0.182930 0.226785 -0.380649 -0.258072 -0.609576 -0.480093 -0.500281 -0.399939 -0.500726 -0.078546 -0.533682 -0.186112 -0.445829 -0.052119 -0.606843 -0.554839 -0.025850 -0.251995 -0.182229 -0.148429 0.353122 -0.228601 -0.192224 -0.146672
-0.188194 -0.041624 0.204869 0.391062 0.384502 0.490656 0.174904 0.455873 0.146798 0.056462 -0.150535 -0.082962 0.013382 0.089504 0.145978 0.376497 -0.041658 -0.177153 0.069019 -0.248904 1.000000 0.378378 0.107917 0.309916 0.424596 0.195194 0.514836 -0.131458 -0.248333 -0.033116 -0.032328 0.011664 0.187310 -0.131836 0.608039 0.064241 0.344525 0.441077 0.321174 0.362727 0.052750 0.292573 -0.124884 -0.073402 -0.038682 -0.026765 -0.142425 -0.267310 0.182808 0.066527 0.431705 0.194233 -0.070305 -0.243502 0.163094 -0.026285 -0.122594 -0.271372 -0.241032 0.222894 -0.013872 -0.300594 -0.045460 -0.141994 0.019757 0.030904 0.253977 0.216745 -0.010570 -0.213910 0.193527 -0.125446 -0.071087 -0.038279 -0.081593 0.076545 -0.080229 0.047463 -0.278419 0.040501 -0.415396 -0.313412 -0.145477 -0.195449 -0.068176 0.248521 0.212927 0.359430 0.186432 0.384337 -0.321838 -0.309717 -0.291146 -0.402692 0.056742 -0.066931 0.086075 -0.090920 -0.214455 -0.143143 -0.116984 -0.351142 -0.062499 -0.320464 -0.180147 -0.201812 -0.084993 -0.002373 0.002185 -0.127132 -0.178274 -0.305029 -0.226363 -0.152782 -0.164687 -0.098032
-0.033385 -0.003862 0.194203 0.093039 0.150225 0.351490 0.069346 0.216334 0.303708 0.110123 0.049895 -0.096025 0.024092 0.048189 0.335381 0.370851 0.109150 -0.027321 0.132792 0.023145 0.378378 1.000000 0.095855 0.101911 0.498628 0.459357 0.156118 0.231242 -0.017382 -0.135241 0.265084 0.282455 -0.063620 -0.020129 0.207026 -0.092001 -0.177297 -0.041674 -0.085657 0.096867 -0.187619 -0.147833 -0.250224 -0.070502 -0.148067 -0.030425 -0.263880 -0.248617 0.117052 -0.155640 0.263362 0.151417 -0.202463 -0.240823 -0.241707 -0.288991 -0.061125 -0.001014 -0.038149 0.146697 -0.137444 -0.057668 -0.117350 -0.040922 -0.102586 0.026298 0.000243 0.233033 -0.040136 -0.236069 0.229349 0.297930 -0.277596 -0.073417 -0.357061 -0.055712 -0.159752 -0.120516 0.179984 0.079674 -0.128810 -0.067257 -0.152003 -0.003727 0.169047 0.227947 -0.237078 -0.097536 0.128177 0.130723 -0.207925 -0.131999 -0.187313 -0.138568 0.152447 0.217488 -0.017991 -0.036648 -0.155117 -0.144998 -0.130777 -0.075078 -0.189381 -0.126335 -0.247326 -0.232214 -0.288996 -0.073193 0.250618 -0.283456 -0.456220 -0.052983 0.082140 -0.014205 -0.051138 0.043348
0.534485 0.199799 0.631137 0.281173 0.128514 0.262106 0.268109 -0.066369 0.412602 -0.089919 0.486239 -0.310471 0.229417 -0.258178 0.574495 0.193800 -0.688239 -0.564450 0.625566 0.533494 0.107917 0.095855 1.000000 0.611813 0.501536 0.510994 0.372147 0.420004 -0.592152 -0.485724 0.340388 0.444243 -0.030996 -0.195427 0.219140 0.297520 -0.256356 0.012266 -0.218539 -0.257750 -0.376177 -0.302868 -0.314613 0.034947 0.010911 0.234217 -0.359185 -0.286845 0.300165 -0.277550 0.527334 0.153235 -0.599100 -0.262759 -0.277999 -0.347378 -0.347769 -0.348308 0.045799 0.183412 -0.158975 -0.312060 -0.728809 -0.679332 -0.183734 -0.212727 0.166770 0.420611 0.108346 -0.263851 0.120954 0.370920 -0.470289 0.054523 -0.061168 0.407295 0.119245 0.127348 -0.303134 -0.183534 -0.650571 -0.698322 -0.380674 -0.494436 0.490164 -0.025396 -0.085820 -0.221372 0.607217 -0.179792 -0.326897 0.040568 -0.170318 0.061230 -0.338718 -0.243870 -0.353517 -0.341041 -0.524198 -0.275165 -0.294766 0.077252 -0.200248 -0.035772 -0.260089 0.041881 -0.425817 -0.344554 -0.220942 -0.085872 0.053618 -0.361003 0.114619 -0.162515 -0.233810 -0.060812
-0.165890 -0.268034 0.189919 0.605333 0.109468 0.403190 -0.085148 0.255272 0.133599 0.048353 -0.174864 -0.405293 -0.225262 -0.357121 0.036835 0.094064 -0.454862 -0.547095 0.045050 -0.071370 0.309916 0.101911 0.611813 1.000000 0.397386 0.415397 0.451193 0.065468 -0.600641 -0.353503 -0.032393 0.202516 -0.237363 -0.457414 0.206470 0.021369 0.022796 0.288450 0.108736 0.102319 -0.066051 0.090242 -0.050659 0.006536 0.045234 0.246952 -0.006611 -0.042357 -0.020125 -0.005000 0.386460 0.050659 -0.055477 0.044074 0.131788 0.030785 -0.437437 -0.538283 -0.465183 0.057993 -0.507980 -0.397074 -0.410176 -0.603909 -0.215149 -0.384701 0.096196 0.341880 -0.184559 -0.420353 0.123720 0.000059 -0.390723 -0.173254 -0.166820 -0.044777 -0.126902 -0.099007 -0.376602 -0.266782 -0.569125 -0.564090 -0.166894 -0.272657 -0.034351 0.091823 0.184202 -0.038347 0.252367 0.174233 0.010734 0.094002 0.178186 0.146804 -0.108068 -0.016652 -0.038062 0.004777 -0.117091 0.053407 0.126854 0.246152 0.228483 0.170640 0.019111 0.141859 -0.100292 -0.056815 -0.016773 0.334818 0.433109 -0.177716 0.090266 0.060051 -0.107501 0.018638
0.160917 0.088386 0.461281 0.182536 0.352901 0.482315 0.300677 0.247679 0.475647 0.167032 0.137864 -0.191534 0.188253 0.097651 0.359422 0.250180 -0.336497 -0.260904 0.204909 0.137886 0.424596 0.498628 0.501536 0.397386 1.000000 0.601114 0.429195 0.285919 -0.422823 -0.487267 0.175492 0.184971 -0.145876 -0.178400 0.101927 0.283041 -0.303041 -0.057050 -0.204774 -0.117601 -0.354426 -0.140558 -0.188286 0.083924 0.224297 0.301365 -0.389442 -0.189848 0.472329 0.066123 0.695723 0.398792 -0.419681 -0.308637 -0.307485 -0.438313 -0.169378 -0.240040 -0.243560 0.278329 -0.102473 -0.156766 -0.454708 -0.331298 -0.164519 -0.064925 0.046747 0.446216 -0.062696 -0.186705 0.268710 0.189361 -0.556215 -0.136877 -0.358512 0.157053 -0.194256 0.028925 -0.178378 -0.174580 -0.411526 -0.422290 -0.366318 -0.305145 0.269823 0.143129 -0.219613 -0.071625 0.339091 0.072429 -0.259076 -0.096504 -0.148332 -0.114735 -0.128406 -0.196830 -0.217103 -0.342299 -0.303585 -0.170341 -0.168894 -0.212833 -0.182436 -0.201495 -0.228660 0.004217 -0.489600 -0.355493 -0.137791 -0.323384 -0.135497 -0.154078 0.097688 -0.035258 -0.107033 0.023257
0.164657 0.188280 0.346277 0.240259 0.040952 0.253021 0.046142 -0.054035 0.378309 -0.052207 0.144469 -0.243834 0.119123 -0.099511 0.306061 0.372934 -0.321576 -0.353201 0.262442 0.180541 0.195194 0.459357 0.510994 0.415397 0.601114 1.000000 0.090619 0.730643 -0.450534 -0.437609 0.347862 0.372968 -0.065366 -0.119609 0.304124 0.476018 -0.246290 0.034563 -0.200429 -0.065970 -0.237639 -0.095523 -0.290552 0.131045 -0.016536 0.214032 -0.245811 -0.247768 0.156306 -0.235228 0.593051 0.321483 -0.477467 -0.327133 -0.395365 -0.405491 -0.239902 -0.384548 -0.184051 0.080438 -0.220282 -0.182511 -0.583065 -0.473207 0.039761 0.025313 0.152639 0.507927 -0.009627 -0.040704 0.132509 0.365710 -0.399959 -0.101780 -0.166869 0.223136 0.040237 0.197273 -0.005235 -0.107453 -0.357628 -0.447505 -0.221084 -0.323348 0.318050 0.273012 -0.139602 -0.146223 0.342337 -0.060818 -0.327542 -0.089510 -0.188896 -0.068557 0.003148 -0.155635 -0.170735 -0.267166 -0.290663 -0.168380 -0.117401 0.131282 -0.065913 -0.006297 -0.192126 -0.016634 -0.391170 -0.256976 -0.080098 -0.306144 -0.153951 -0.192502 0.072912 -0.053170 -0.031790 -0.094104
-0.067876 -0.227780 0.383119 0.218181 0.627080 0.761689 0.252893 0.284263 0.147853 0.140601 -0.135931 -0.262280 -0.049305 0.056133 0.202044 0.359440 -0.405609 -0.424780 0.141075 -0.132211 0.514836 0.156118 0.372147 0.451193 0.429195 0.090619 1.000000 -0.186185 -0.529827 -0.226396 -0.011731 0.090861 -0.069574 -0.374159 0.108843 -0.031264 0.084799 0.247398 0.318979 0.196023 0.000147 0.094345 0.035895 -0.018035 0.227799 0.193241 -0.189718 -0.134913 0.443377 0.171310 0.473001 0.261931 -0.093413 -0.042424 0.146032 -0.090841 -0.362969 -0.386354 -0.211719 0.084698 -0.187496 -0.337093 -0.331405 -0.334242 -0.277265 -0.297790 0.143686 0.211083 -0.053155 -0.358000 0.097798 -0.089149 -0.404673 -0.262847 -0.371856 0.015082 -0.335060 -0.139108 -0.534529 -0.346271 -0.648180 -0.486863 -0.243656 -0.200286 -0.142420 -0.111275 0.220921 0.209911 0.148573 0.191157 -0.134467 -0.108195 -0.183640 -0.177156 0.017402 0.093524 0.153207 0.052348 -0.112271 -0.039680 -0.097748 -0.075304 0.057659 -0.042367 0.036441 0.058554 -0.000377 0.075398 0.061054 -0.011707 0.093227 -0.188492 -0.158583 -0.036669 -0.046720 0.206266
0.407138 0.463591 0.240635 0.060854 0.027754 -0.041463 0.031853 -0.220631 0.395464 -0.109990 0.358729 -0.114490 0.313837 -0.025056 0.273799 0.135650 -0.220872 -0.234722 0.361074 0.370273 -0.131458 0.231242 0.420004 0.065468 0.285919 0.730643 -0.186185 1.000000 -0.246677 -0.389232 0.338551 0.366113 0.075006 0.042854 0.117858 0.428823 -0.357161 -0.165348 -0.356479 -0.194379 -0.323767 -0.336865 -0.331939 0.143570 -0.152109 0.064148 -0.258342 -0.183088 0.123664 -0.333765 0.319608 0.292035 -0.547989 -0.370589 -0.480482 -0.379896 -0.054370 -0.269010 0.048335 0.116020 -0.048535 -0.046296 -0.481187 -0.354173 0.052989 0.179675 0.005577 0.335274 0.080156 0.119186 0.089924 0.541507 -0.186340 0.123908 0.056649 0.394470 0.165334 0.239922 0.152402 -0.099024 -0.158727 -0.289811 -0.270258 -0.302612 0.403738 0.153808 -0.313915 -0.255487 0.374066 -0.216183 -0.336768 -0.085066 -0.265977 -0.072889 0.019288 -0.175107 -0.161272 -0.240328 -0.277900 -0.172285 -0.237551 0.040538 -0.230446 -0.084144 -0.225581 -0.000481 -0.342213 -0.287316 -0.129522 -0.386345 -0.138426 -0.136478 0.043274 -0.071684 0.042018 -0.029257
-0.030235 0.113706 -0.440391 -0.233280 -0.304564 -0.452142 -0.140557 -0.160359 -0.312463 -0.183600 0.059867 0.626605 0.175569 0.400291 -0.140871 -0.165862 0.702738 0.573315 -0.172910 -0.091294 -0.248333 -0.017382 -0.592152 -0.600641 -0.422823 -0.450534 -0.529827 -0.246677 1.000000 0.715202 0.099966 -0.030658 0.168966 0.553731 -0.098325 -0.156071 0.181792 -0.212583 -0.031565 0.034294 0.212636 0.034030 0.051012 -0.298491 -0.340165 -0.504832 0.020194 -0.159932 -0.385732 -0.200245 -0.489768 -0.339660 0.230764 0.050710 -0.018082 0.123773 0.460766 0.725986 0.271195 -0.033529 0.321459 0.221783 0.535760 0.584541 0.285971 0.304116 -0.215984 -0.515389 0.300654 0.274618 0.034482 -0.025113 0.692698 0.421674 0.434898 0.143759 0.276768 0.141673 0.665263 0.358180 0.824354 0.795953 0.299258 0.584203 0.127470 0.167964 -0.166749 0.026325 -0.225321 -0.048383 -0.080211 -0.328440 -0.180848 -0.234475 0.083205 0.224813 0.032025 0.064836 0.040540 -0.151541 -0.055389 -0.232247 -0.191514 -0.248639 -0.093225 -0.249190 0.078099 0.096462 0.079283 -0.138224 -0.420397 -0.027112 -0.236469 -0.155396 -0.051200 -0.299236
-0.210688 0.040824 -0.464596 0.089912 -0.247169 -0.288210 -0.247255 -0.132698 -0.471914 -0.235109 -0.127934 0.578503 -0.059277 0.268913 -0.145839 0.075822 0.512543 0.480331 -0.125380 -0.200415 -0.033116 -0.135241 -0.485724 -0.353503 -0.487267 -0.437609 -0.226396 -0.389232 0.715202 1.000000 0.147426 0.030604 0.361650 0.426889 0.138613 -0.188170 0.501729 0.222950 0.323899 0.304742 0.541455 0.353059 0.053224 -0.454576 -0.432133 -0.655923 0.020912 -0.325078 -0.516352 -0.281947 -0.443771 -0.515555 0.261872 0.035485 0.107592 0.331960 0.297726 0.568845 0.254433 0.092180 0.089163 0.144395 0.349625 0.456179 0.304746 0.332078 -0.000028 -0.518473 0.318569 0.196409 0.041195 -0.111781 0.805627 0.534072 0.552527 0.219813 0.395212 0.312373 0.457978 0.437306 0.511130 0.637990 0.322454 0.490695 -0.027518 0.169130 0.234818 0.273830 -0.224483 0.118867 -0.235586 -0.539531 -0.331299 -0.378692 0.179405 0.262986 0.261286 0.279362 -0.042383 -0.201333 -0.107993 -0.157129 -0.105880 -0.179013 -0.043794 -0.324170 0.260405 0.297217 -0.034688 -0.005952 -0.242161 -0.231784 -0.522109 -0.222972 -0.035666 -0.201169
0.412750 0.414391 0.466659 0.025459 -0.028930 -0.109538 0.119882 -0.104868 -0.013436 -0.191893 0.371054 0.228031 0.018014 0.044742 0.368160 0.163420 -0.028856 0.013132 0.674216 0.569322 -0.032328 0.265084 0.340388 -0.032393 0.175492 0.347862 -0.011731 0.338551 0.099966 0.147426 1.000000 0.845714 0.470955 0.512249 0.165701 0.108664 -0.269848 -0.250498 -0.372352 -0.344206 -0.240054 -0.245820 -0.356417 -0.087709 -0.352249 -0.321535 -0.301729 -0.495792 -0.055627 -0.543419 0.066416 -0.091918 -0.462820 -0.435706 -0.509194 -0.477069 -0.106037 0.139865 0.407140 0.167778 -0.063163 -0.075601 -0.256273 0.012934 0.063355 0.231276 0.414111 0.196062 0.387639 -0.053771 0.367674 0.759757 0.162401 0.468788 0.134118 0.487070 0.349315 0.425791 0.359924 0.225959 -0.083246 0.000559 -0.371436 -0.112321 0.510683 0.223234 -0.394112 -0.286897 0.174873 -0.433052 -0.621320 -0.400318 -0.470956 -0.184230 -0.148905 -0.118453 -0.272505 -0.279693 -0.479478 -0.511109 -0.388959 -0.137416 -0.425859 -0.309759 -0.425257 -0.247014 -0.328163 -0.217248 -0.136983 -0.382228 -0.434472 -0.277799 -0.042444 -0.267704 -0.174267 -0.176387
0.242510 0.275861 0.465882 0.231171 0.051447 -0.022479 0.107021 0.112777 0.019479 -0.148837 0.345953 0.226552 0.041724 -0.018588 0.393934 0.248882 -0.135692 -0.233694 0.636985 0.512694 0.011664 0.282455 0.444243 0.202516 0.184971 0.372968 0.090861 0.366113 -0.030658 0.030604 0.845714 1.000000 0.319549 0.472038 0.162494 0.032814 -0.301259 -0.214350 -0.414363 -0.350202 -0.262365 -0.226039 -0.417254 -0.201161 -0.347225 -0.249281 -0.306387 -0.428657 -0.133368 -0.515093 0.097658 -0.162629 -0.490258 -0.500023 -0.499878 -0.518824 -0.327821 -0.087749 0.260215 0.139651 -0.061425 -0.126768 -0.210889 -0.136388 0.111842 0.130573 0.328635 0.244124 0.382483 -0.254753 0.442763 0.748288 0.091699 0.429306 0.123632 0.451013 0.386762 0.430543 0.217138 0.034072 -0.188773 -0.080297 -0.354430 0.087401 0.509376 0.384825 -0.365791 -0.288556 0.280640 -0.367811 -0.555237 -0.372718 -0.401386 -0.154274 -0.200143 -0.141836 -0.354084 -0.322871 -0.568170 -0.544926 -0.435519 -0.117326 -0.437345 -0.350188 -0.423289 -0.195933 -0.389271 -0.236114 -0.188959 -0.261087 -0.246501 -0.393963 -0.051011 -0.307900 -0.273981 -0.149309
0.241904 0.387432 0.244991 0.046721 0.169814 -0.127759 0.274796 0.050399 -0.000300 -0.243595 0.291514 0.214785 0.114059 0.263944 0.247831 0.200610 0.091999 0.294174 0.353089 0.222655 0.187310 -0.063620 -0.030996 -0.237363 -0.145876 -0.065366 -0.069574 0.075006 0.168966 0.361650 0.470955 0.319549 1.000000 0.572035 0.255359 0.038832 0.103102 0.031248 -0.048186 -0.052061 0.198650 0.241157 -0.115204 -0.223244 -0.337870 -0.429875 -0.282158 -0.302593 -0.003758 -0.261990 -0.047154 -0.113227 -0.156509 -0.351439 0.020687 -0.209048 0.131514 0.139129 0.345180 0.126465 0.247031 -0.077275 0.122615 0.243818 0.181622 0.225194 0.399021 -0.030055 0.450428 0.294189 0.063031 0.247046 0.488484 0.484865 0.406089 0.405147 0.420678 0.438578 0.188479 0.424759 0.068169 0.157516 0.019934 -0.040791 0.238675 0.231536 -0.075198 0.071086 0.154153 -0.033988 -0.496928 -0.493110 -0.524938 -0.463093 -0.314217 -0.398173 -0.234706 -0.280017 -0.419644 -0.538975 -0.319880 -0.303111 -0.381864 -0.370982 -0.342136 -0.422892 -0.031757 0.014379 -0.316243 -0.429023 -0.236863 -0.474500 -0.380481 -0.476647 -0.335822 -0.409551
0.256159 0.528049 0.217739 -0.053490 -0.001951 -0.309357 0.314032 0.133097 -0.055204 -0.005585 0.319091 0.643152 0.172552 0.429371 0.101717 0.094629 0.220657 0.324076 0.264900 0.437534 -0.131836 -0.020129 -0.195427 -0.457414 -0.178400 -0.119609 -0.374159 0.042854 0.553731 0.426889 0.512249 0.472038 0.572035 1.000000 -0.051674 0.155628 -0.207598 -0.398061 -0.497526 -0.436450 0.003774 -0.011654 -0.300762 -0.205756 -0.212198 -0.261075 -0.414134 -0.362278 -0.180565 -0.187511 -0.256321 -0.155489 -0.275199 -0.443069 -0.286242 -0.523640 -0.008466 0.349272 0.400776 -0.049176 0.341001 0.040769 0.293687 0.357673 0.281451 0.483908 0.152886 0.029211 0.462629 0.141707 0.239532 0.396267 0.505168 0.552238 0.394293 0.388950 0.489722 0.431369 0.396793 0.294782 0.464256 0.459279 0.033500 0.359954 0.332570 0.280366 -0.381502 -0.146026 -0.007766 -0.356017 -0.347521 -0.287166 -0.355561 -0.206081 -0.377962 -0.353513 -0.511066 -0.480097 -0.388847 -0.527461 -0.403329 -0.380759 -0.503807 -0.498178 -0.424500 -0.325032 -0.333735 -0.322852 -0.251808 -0.386810 -0.347950 -0.310144 -0.064597 -0.392128 -0.309823 -0.429861
0.009371 0.063467 0.056257 0.274529 -0.125466 -0.054397 -0.176483 -0.067611 -0.048378 -0.395707 0.128910 -0.007477 0.094795 -0.173636 0.301275 0.314854 -0.027459 -0.153449 0.302988 -0.057523 0.608039 0.207026 0.219140 0.206470 0.101927 0.304124 0.108843 0.117858 -0.098325 0.138613 0.165701 0.162494 0.255359 -0.051674 1.000000 0.125181 0.390976 0.476050 0.228399 0.323944 0.156535 0.223827 -0.084014 -0.031217 -0.396586 -0.278993 0.047501 -0.357398 -0.079863 -0.405761 0.327381 0.010601 -0.268197 -0.325121 0.000638 0.134600 -0.036422 -0.114625 0.138031 0.254629 0.059157 -0.166318 -0.198822 -0.188643 0.321081 0.125218 0.483873 0.118986 0.161811 0.024817 0.064522 0.024997 0.173974 0.127686 0.288052 0.303560 0.365524 0.388603 0.090811 0.274517 -0.296518 -0.235134 -0.110088 -0.226156 0.310729 0.364908 0.335786 0.257309 0.303468 0.217417 -0.480177 -0.434683 -0.340466 -0.413359 0.025925 -0.059805 -0.000618 -0.123358 -0.368824 -0.336351 -0.101401 -0.045856 -0.029017 -0.189621 -0.170189 -0.248547 -0.050666 0.009277 -0.113966 -0.164723 -0.312856 -0.518016 -0.352257 -0.198110 -0.137204 -0.272571
0.403276 0.468791 0.200044 0.084773 -0.002666 0.049507 0.215920 -0.237635 0.262474 -0.082518 0.214818 -0.011439 0.322906 0.287496 0.215097 0.242631 -0.265920 -0.261469 0.197908 0.275307 0.064241 -0.092001 0.297520 0.021369 0.283041 0.476018 -0.031264 0.428823 -0.156071 -0.188170 0.108664 0.032814 0.038832 0.155628 0.125181 1.000000 -0.194355 -0.070264 -0.239568 -0.268909 -0.111391 -0.098057 -0.028763 0.275531 0.432988 0.387330 -0.326106 -0.109172 0.351212 0.204416 0.417581 0.472330 -0.441799 -0.361891 -0.325184 -0.383353 -0.085592 -0.119849 0.210899 0.051127 0.357704 0.056206 -0.404225 -0.189092 0.091145 0.382273 0.066526 0.443291 0.186624 0.133240 -0.185622 0.157497 -0.260134 -0.086736 -0.024692 0.368561 -0.028425 0.200941 -0.138395 -0.037511 -0.005383 -0.194649 -0.039574 -0.189981 0.263157 0.044363 -0.063176 0.074329 0.355823 -0.153242 -0.345270 -0.048458 -0.352134 -0.204901 -0.225218 -0.370942 -0.384169 -0.483190 -0.411167 -0.254965 -0.398489 -0.269620 -0.320829 -0.289942 -0.275291 -0.053971 -0.494718 -0.485577 -0.288342 -0.414233 -0.125637 -0.270040 -0.007335 -0.327140 -0.146565 -0.344892
