1.000000 0.465238 0.290110 -0.249877 0.160717 -0.238945 0.414187 -0.380558 0.168294 -0.302403 0.785942 0.374505 0.447265 0.147045 0.596236 0.029843 0.318492 0.227164 0.602773 0.273051 -0.098489 -0.277845 -0.053196 -0.445247 0.237876 -0.159287 -0.044067 -0.108267 0.387674 0.320343 0.201078 0.023587 0.205937 0.172047 -0.313324 -0.307806 0.216908 -0.087171 -0.265584 -0.253363 0.268950 0.181660 -0.287463 -0.174922 -0.115621 -0.217357 -0.207799 -0.048175 0.217702 -0.293301 -0.064608 -0.123948 -0.057213 -0.086464 -0.256537 -0.465605 0.364898 0.425766 0.331005 0.215285 0.448590 0.141442 0.227152 0.273539 0.283447 -0.149131 0.169994 -0.283297 0.341907 -0.263349 0.141464 0.023536 0.387007 0.212474 0.386015 0.221070 0.313983 0.126509 0.160720 0.038009 0.382710 0.342824 0.476106 0.358779 0.035341 0.142768 -0.080800 0.015903 0.075317 0.063454 -0.485757 -0.258024 -0.558479 -0.494026 -0.346505 -0.168211 -0.379946 -0.282498 -0.358293 -0.334519 -0.439608 -0.377671 -0.444488 -0.502824 -0.519491 -0.545635 -0.420323 -0.309089 -0.158740 -0.124752 -0.360763 -0.276424 -0.351045 -0.374552 -0.405593 -0.245997
0.465238 1.000000 -0.348358 -0.256193 -0.101912 -0.234120 -0.140028 0.038736 -0.128734 0.042407 0.211099 0.583578 0.367087 0.535583 0.037788 -0.022672 0.339093 0.430454 0.109546 0.331467 -0.304344 -0.471152 -0.563443 -0.393708 -0.299985 -0.382941 -0.364973 -0.305179 0.150672 0.258786 -0.388535 -0.352449 -0.145734 -0.099573 -0.424910 -0.362591 0.215062 0.217782 -0.163754 -0.321364 0.075493 -0.093251 -0.170619 -0.151276 -0.182991 -0.077975 0.031130 -0.025632 0.215658 -0.014724 -0.203111 0.280353 0.354150 -0.076433 0.201863 -0.299536 0.408963 0.386190 0.490205 0.326761 0.685528 0.378621 0.480480 0.497288 0.067223 0.344592 0.033648 -0.214827 0.167756 -0.517622 -0.020605 -0.221407 0.283350 0.126034 0.085934 0.200544 0.219424 0.100983 -0.034999 -0.063512 0.358237 0.274593 -0.065366 0.062746 -0.174761 -0.028955 0.091259 -0.083640 -0.097706 0.257022 -0.103255 -0.241587 -0.205681 -0.273136 -0.348792 -0.317081 -0.432406 -0.388039 -0.194583 -0.230924 -0.107442 -0.124775 -0.232558 -0.136513 -0.194957 -0.222343 -0.117217 0.036340 -0.269127 -0.431104 -0.560548 -0.042161 -0.237080 -0.188618 -0.193520 -0.150368
0.290110 -0.348358 1.000000 0.318018 0.310364 0.101991 0.559300 0.019753 0.448752 -0.021917 0.376054 0.090459 -0.129043 -0.192239 0.398836 0.246734 -0.338172 -0.346738 0.518595 -0.058423 0.166553 0.193166 0.695725 0.288246 0.568053 0.526371 0.267440 0.435037 -0.005853 -0.175295 0.586645 0.659606 0.068972 0.289145 0.071164 0.164242 -0.115526 -0.292828 -0.072028 0.095446 0.051951 0.059089 -0.187675 0.120291 -0.046149 -0.088040 -0.437023 -0.054195 -0.062077 -0.430290 0.482477 -0.167296 -0.188595 -0.317288 -0.399369 -0.367427 -0.256522 -0.220025 -0.162955 -0.281331 -0.345189 -0.340032 -0.483517 -0.419309 0.303836 -0.204958 0.226932 0.324288 0.047599 0.103803 0.324690 0.452901 -0.073152 0.173219 0.361844 0.160495 0.102929 0.197623 0.167521 0.048496 -0.200657 -0.184462 0.433302 0.154039 0.326130 0.398050 -0.114206 -0.014651 0.262812 -0.306296 -0.305192 -0.177554 -0.264818 -0.319789 -0.268512 -0.087633 -0.226216 -0.159054 -0.449542 -0.382077 -0.215539 -0.224660 -0.091088 -0.302427 -0.454052 -0.460492 -0.398922 -0.391675 -0.168672 0.167318 0.114554 -0.433860 -0.213774 -0.412536 -0.406428 -0.346390
-0.249877 -0.256193 0.318018 1.000000 0.259251 0.439262 -0.166173 0.447865 0.391201 0.320292 -0.274963 0.360506 -0.508445 -0.032013 -0.150254 0.436246 -0.541900 -0.351904 0.192669 0.036711 -0.052281 0.240304 0.283112 0.769325 0.068449 0.565858 0.378866 0.623138 -0.505191 -0.506996 0.092319 0.689346 -0.382781 0.008030 0.145366 0.515669 -0.254130 -0.114013 -0.223113 0.134678 -0.449007 -0.380249 -0.198332 -0.120374 0.073487 0.346029 -0.338374 -0.261266 -0.033085 -0.317505 0.493459 -0.084733 -0.230428 -0.444094 -0.181107 -0.088170 -0.503808 -0.467953 -0.632886 -0.618564 -0.618613 -0.596108 -0.623141 -0.751476 0.387556 0.187441 -0.073506 0.631672 -0.344283 -0.012518 -0.121031 0.237664 -0.538810 -0.201529 -0.229103 -0.108394 -0.240817 0.056025 -0.104470 -0.369807 -0.543338 -0.455601 -0.196482 -0.023151 0.130242 0.632530 -0.210697 0.075965 0.343230 -0.201641 0.195646 -0.008308 0.340930 0.030536 -0.075226 0.029148 -0.135519 -0.037806 -0.250112 -0.146323 0.261461 0.084391 0.345360 0.061005 -0.017324 -0.038282 0.055988 -0.093192 0.075144 0.231485 0.217004 -0.129125 0.170832 -0.096666 -0.101180 -0.122983
0.160717 -0.101912 0.310364 0.259251 1.000000 0.197553 0.170262 0.072367 0.852154 0.280162 -0.115082 0.137415 0.106099 -0.022188 0.046690 0.446831 -0.331326 -0.105547 0.171796 -0.206396 -0.242588 -0.189105 0.076823 0.119799 0.084642 -0.037223 0.227461 -0.057618 -0.424208 -0.210817 -0.250284 0.082806 -0.277617 -0.166924 0.063839 0.031932 0.064110 -0.178774 -0.093260 -0.175455 -0.131143 -0.062732 -0.350473 -0.318523 -0.008447 0.111647 0.024288 -0.175620 0.038887 -0.258211 0.033093 -0.359104 -0.209123 -0.208248 -0.335961 -0.177938 -0.473461 -0.449929 -0.190537 -0.388314 -0.127099 -0.275418 -0.201585 -0.339528 0.494695 0.056165 -0.013117 0.103075 -0.174039 -0.146034 0.051280 0.214452 -0.262712 -0.013399 -0.092325 0.156861 -0.003955 0.204032 -0.151755 -0.344079 -0.278607 -0.220834 -0.117755 0.118792 -0.466310 0.071758 -0.476429 -0.091307 -0.262262 -0.296801 0.067707 0.337263 0.287577 0.232208 0.213663 0.076195 0.197678 0.139317 0.208724 0.283326 0.130590 0.119265 0.316386 0.084544 0.277211 0.134822 0.178415 0.021256 0.089657 0.143856 0.098419 0.212780 0.359098 0.382157 0.191734 0.301208
-0.238945 -0.234120 0.101991 0.439262 0.197553 1.000000 -0.137027 0.357301 0.239744 0.671205 -0.243037 -0.140085 -0.345703 -0.009542 0.065055 0.500068 -0.470664 -0.524428 -0.288120 -0.353976 0.302622 0.454002 0.227846 0.489279 0.355368 0.451763 0.165862 0.449128 -0.514141 -0.663962 -0.102956 0.100418 -0.464213 -0.401501 0.129733 0.388499 -0.413757 -0.202038 0.146778 0.262602 -0.433523 -0.098580 0.031354 0.019975 0.052319 0.317676 0.027556 0.144394 0.008552 0.055029 0.257950 0.143434 -0.014194 -0.172347 -0.086144 0.119605 -0.112225 -0.397280 -0.424902 -0.207311 -0.276286 0.065563 -0.412089 -0.369006 0.071509 0.426407 -0.322536 0.283195 -0.483864 0.053051 -0.044348 -0.162235 -0.674753 -0.435603 -0.369932 -0.351673 -0.528143 -0.432602 -0.274086 -0.482765 -0.469299 -0.557584 -0.142552 -0.265860 0.158571 -0.050010 0.009136 0.132710 0.297217 0.153351 0.209259 0.183612 0.279358 0.060367 0.287461 0.145907 0.324443 0.183570 0.228833 0.198568 0.150241 0.130351 0.274860 0.076163 0.135523 0.081006 0.134534 -0.100594 0.233964 0.141842 0.344939 0.199002 0.274292 0.216644 0.201501 0.113046
0.414187 -0.140028 0.559300 -0.166173 0.170262 -0.137027 1.000000 0.055959 0.190817 -0.048154 0.475537 -0.139202 0.524095 0.243845 0.578514 0.097629 0.071565 -0.163363 0.287695 -0.180921 -0.002397 -0.181544 0.253339 -0.267192 0.441937 -0.090287 0.172199 -0.182127 0.373636 0.280404 0.489669 0.180451 0.418067 0.390590 -0.120253 -0.153211 0.041556 -0.478294 -0.009688 0.011162 0.310248 0.121837 -0.064271 -0.043135 -0.035721 -0.400676 -0.310110 -0.095169 -0.117889 -0.031071 0.105100 -0.150961 -0.032859 -0.091155 -0.238577 -0.125342 -0.030318 0.074056 0.264259 0.238576 0.109884 -0.004092 0.240042 0.114913 0.273213 -0.222515 0.179994 -0.211467 0.333250 -0.093889 0.235574 0.063661 0.357775 0.094047 0.369411 0.062564 0.058097 -0.180549 -0.067584 0.143881 0.153765 0.086635 0.437836 0.374322 -0.069602 -0.181201 0.071378 -0.410872 0.081809 -0.176973 -0.449436 -0.237689 -0.478920 -0.336968 -0.160248 0.075056 -0.137045 -0.061293 -0.268594 -0.260150 -0.325865 -0.341879 -0.398630 -0.392164 -0.518597 -0.387733 -0.551304 -0.375183 -0.049202 -0.229295 -0.277034 -0.293067 -0.360820 -0.267771 -0.379484 -0.202158
-0.380558 0.038736 0.019753 0.447865 0.072367 0.357301 0.055959 1.000000 0.051573 0.761857 -0.463020 0.093009 -0.086186 0.409969 -0.368066 0.340625 -0.537482 -0.508560 -0.451616 -0.456969 -0.215664 0.035202 -0.112064 0.392552 -0.081240 0.140144 -0.028702 0.038785 -0.452342 -0.463518 -0.061723 0.114503 -0.456307 -0.241374 -0.000422 0.240434 -0.335213 -0.193714 0.115232 0.269374 -0.353242 -0.449943 0.175919 0.147587 -0.027503 0.250321 0.046400 0.080202 -0.041082 0.126167 0.233665 0.381950 0.168970 -0.217499 0.176499 0.279095 -0.397855 -0.613002 -0.301768 -0.131824 -0.221697 0.035111 -0.202811 -0.411871 0.200625 0.675744 -0.073919 0.426917 -0.394310 -0.212608 0.034988 -0.083726 -0.460454 -0.356822 -0.390921 -0.221881 -0.537773 -0.330390 -0.434160 -0.420175 -0.580576 -0.639865 -0.505577 -0.365479 -0.182979 -0.053644 0.041769 -0.274483 0.199310 0.068828 0.216689 -0.002826 0.234483 0.146529 0.120638 0.094913 0.090479 0.065864 0.007383 0.037702 0.257135 0.151073 0.187426 0.170807 0.068703 0.152786 0.063492 0.027641 0.097347 -0.123309 0.165703 0.073255 0.156071 0.121275 0.016718 -0.052688
0.168294 -0.128734 0.448752 0.391201 0.852154 0.239744 0.190817 0.051573 1.000000 0.256902 -0.001263 0.217466 0.019777 -0.024583 0.199141 0.527355 -0.357102 -0.095664 0.278267 -0.065839 -0.091340 -0.049464 0.215217 0.240178 0.210458 0.176569 0.191927 0.173707 -0.371114 -0.250423 -0.145702 0.230405 -0.260387 -0.094814 -0.017908 0.012141 0.154197 -0.156157 -0.094948 -0.086364 0.001160 0.060872 -0.372480 -0.301958 -0.113301 -0.043446 -0.157924 -0.263596 0.006085 -0.462636 0.199840 -0.393303 -0.191500 -0.244167 -0.325287 -0.212439 -0.431778 -0.372105 -0.174746 -0.408338 -0.171656 -0.341211 -0.274284 -0.408332 0.429662 -0.027698 -0.003241 0.143418 -0.103666 -0.096153 0.099122 0.304191 -0.226038 0.076700 -0.023328 0.233996 0.041999 0.217097 -0.047842 -0.266784 -0.263773 -0.209133 0.001920 0.066460 -0.324123 0.201652 -0.442937 0.100501 -0.171045 -0.284059 -0.060120 0.189770 0.204798 0.116042 0.133146 0.118054 0.140254 0.151566 -0.007433 0.135284 0.023477 0.145428 0.286958 -0.046242 0.085336 -0.025971 0.053394 0.029215 0.120142 0.258895 0.091291 0.095357 0.224957 0.164689 0.021650 0.165968
-0.302403 0.042407 -0.021917 0.320292 0.280162 0.671205 -0.048154 0.761857 0.256902 1.000000 -0.354634 0.014637 -0.026363 0.368830 -0.142042 0.514940 -0.496730 -0.495852 -0.537580 -0.545158 -0.033736 0.117155 -0.068144 0.380244 0.000198 0.147636 -0.100829 0.099953 -0.557013 -0.663129 -0.313094 -0.119297 -0.627420 -0.532623 -0.039401 0.163430 -0.297723 -0.137194 0.113210 0.187905 -0.349281 -0.224476 0.217981 0.138983 -0.046303 0.221650 0.247048 0.150697 0.060629 0.119567 0.203439 0.396811 0.302546 -0.037968 0.215737 0.286736 -0.242846 -0.562971 -0.295346 -0.130633 -0.139526 0.194634 -0.195136 -0.305151 0.170820 0.689275 -0.161898 0.307676 -0.522855 -0.145154 0.045718 -0.253022 -0.608035 -0.416516 -0.433780 -0.253974 -0.584615 -0.447445 -0.509193 -0.523533 -0.601215 -0.709753 -0.448344 -0.449372 -0.210425 -0.248967 0.042903 -0.057016 0.106631 0.178913 0.348087 0.188052 0.399590 0.241413 0.240570 0.099053 0.297278 0.113955 0.232359 0.241073 0.307194 0.310596 0.231341 0.217820 0.165651 0.204082 0.098562 0.079644 0.124079 -0.097890 0.174033 0.304823 0.356883 0.342410 0.132719 0.042637
0.785942 0.211099 0.376054 -0.274963 -0.115082 -0.243037 0.475537 -0.463020 -0.001263 -0.354634 1.000000 0.294598 0.393702 0.121157 0.752619 -0.057033 0.302218 0.145926 0.515521 0.251989 0.097009 -0.094674 0.190695 -0.297925 0.372053 0.046995 -0.099038 0.043414 0.571823 0.304964 0.435366 0.136776 0.256809 0.241907 -0.125885 -0.234929 0.172726 -0.051694 -0.228540 -0.098797 0.285434 0.249958 -0.013800 0.107311 -0.127242 -0.361914 -0.200724 -0.022831 0.202436 -0.311469 0.182904 -0.026052 0.062398 -0.077705 -0.077548 -0.359043 0.352279 0.546703 0.196649 0.132452 0.256424 0.098378 0.192345 0.311992 0.239766 -0.265619 0.268242 -0.185021 0.224645 -0.074168 0.143619 0.073935 0.480897 0.276957 0.495428 0.199255 0.383282 0.091256 0.111128 0.174793 0.303119 0.223548 0.558051 0.243087 0.227114 0.160776 0.010566 -0.012306 0.117079 -0.017822 -0.485845 -0.448830 -0.564917 -0.470602 -0.502828 -0.203459 -0.375030 -0.370450 -0.477522 -0.517966 -0.338711 -0.268105 -0.423811 -0.388943 -0.660461 -0.570004 -0.508577 -0.356050 -0.220085 -0.136612 -0.300711 -0.411740 -0.444200 -0.485890 -0.557271 -0.499326
0.374505 0.583578 0.090459 0.360506 0.137415 -0.140085 -0.139202 0.093009 0.217466 0.014637 0.294598 1.000000 0.082426 0.354664 0.028573 0.210215 -0.057443 0.210962 0.444132 0.395063 -0.258669 -0.235531 -0.197462 0.135892 -0.139145 0.065971 -0.094597 0.091339 -0.068847 0.073088 -0.110621 0.261226 -0.272066 -0.059460 -0.248589 0.002203 0.064106 0.157548 -0.359501 -0.259144 -0.163638 -0.213122 -0.175558 -0.066813 -0.067685 0.035889 -0.225154 -0.234918 0.285754 -0.351972 0.245204 0.041355 0.124916 -0.351658 0.026256 -0.377183 -0.066075 0.127886 -0.062727 -0.246459 0.088987 -0.251057 -0.017851 -0.091111 0.361719 0.125837 0.282329 0.303575 -0.006245 -0.323290 -0.031488 0.201012 0.080224 0.196351 0.078051 0.337178 0.252366 0.346465 -0.081164 -0.237212 -0.050634 -0.020156 -0.110459 0.085216 -0.112316 0.574508 -0.201653 -0.032896 -0.006182 -0.199402 -0.080295 -0.316463 -0.039671 -0.256664 -0.508417 -0.307373 -0.539972 -0.464717 -0.432549 -0.448995 0.057886 -0.025112 0.067033 -0.085780 -0.271616 -0.258611 -0.047561 -0.027095 -0.258727 -0.151931 -0.341548 -0.278129 -0.115162 -0.274312 -0.325016 -0.346748
0.447265 0.367087 -0.129043 -0.508445 0.106099 -0.345703 0.524095 -0.086186 0.019777 -0.026363 0.393702 0.082426 1.000000 0.578620 0.308087 -0.047056 0.478135 0.348951 0.023989 -0.116369 -0.291455 -0.632568 -0.231949 -0.444524 -0.028208 -0.597353 -0.147747 -0.533699 0.267660 0.420797 -0.158296 -0.447551 0.186629 -0.032046 -0.262204 -0.285204 0.277408 -0.214224 -0.016060 -0.258968 0.255100 0.180925 0.047105 -0.101659 -0.108018 -0.450102 0.048494 -0.136507 0.355476 0.123625 -0.127876 0.041404 0.188513 0.078035 0.214583 0.115792 0.140871 0.305263 0.416750 0.292977 0.575371 0.190338 0.729093 0.453280 0.208593 -0.076489 0.185974 -0.391413 0.263680 -0.255984 -0.058740 -0.181400 0.534638 0.152501 0.209029 0.183666 0.238583 -0.093783 -0.181846 0.017789 0.287806 0.215107 -0.000338 0.107401 -0.546972 -0.429491 0.021830 -0.291111 -0.240663 -0.002828 -0.223762 -0.127581 -0.227189 -0.098824 -0.109053 -0.089546 -0.108074 -0.141855 0.020126 -0.040117 -0.108244 -0.164702 -0.274132 -0.189761 -0.221904 -0.176346 -0.200174 -0.028814 -0.173201 -0.445548 -0.492930 0.045930 -0.142113 0.020376 -0.163909 -0.048149
0.147045 0.535583 -0.192239 -0.032013 -0.022188 -0.009542 0.243845 0.409969 -0.024583 0.368830 0.121157 0.354664 0.578620 1.000000 0.161569 0.181822 0.060188 0.106536 -0.175965 -0.033246 -0.236808 -0.369785 -0.195966 -0.033689 -0.074824 -0.233415 -0.034316 -0.212112 0.030926 0.081327 -0.227843 -0.208561 -0.230975 -0.160243 -0.312904 -0.156057 0.089310 -0.115227 -0.120858 -0.042663 -0.071579 -0.102935 0.013727 -0.046078 -0.302271 -0.301431 0.012575 -0.072530 0.087381 -0.044378 0.176745 0.295911 0.414414 -0.204830 0.393698 0.116235 -0.023839 0.075986 0.140795 0.102799 0.308356 0.253130 0.434364 0.259506 0.360276 0.419800 -0.083702 -0.154888 -0.115699 -0.415218 0.042540 -0.187812 0.156570 0.057470 0.074130 0.133811 -0.077674 -0.211425 -0.518751 -0.350566 -0.062756 -0.161048 -0.224839 -0.032399 -0.343630 -0.267978 0.177814 -0.267363 0.094859 0.200460 -0.037664 -0.263131 -0.039765 -0.072999 -0.173845 -0.056648 -0.204041 -0.208618 -0.178872 -0.196331 0.107064 -0.043456 -0.150161 -0.035266 -0.261212 -0.118610 -0.203575 -0.092331 -0.087283 -0.404842 -0.414381 -0.047319 -0.178269 -0.077698 -0.239131 -0.221936
0.596236 0.037788 0.398836 -0.150254 0.046690 0.065055 0.578514 -0.368066 0.199141 -0.142042 0.752619 0.028573 0.308087 0.161569 1.000000 0.267840 0.186469 -0.007149 0.427906 0.154487 0.395571 0.111462 0.391115 -0.131858 0.610158 0.226425 0.231605 0.225556 0.422406 0.097847 0.420037 0.198910 0.214105 0.213627 -0.025269 -0.109021 0.205164 -0.202505 -0.152880 0.035140 0.337484 0.461601 -0.184717 -0.047411 -0.174243 -0.407024 -0.303884 -0.101315 -0.022795 -0.338793 0.286360 -0.105526 -0.012770 -0.115279 -0.157458 -0.310986 0.315832 0.425570 0.172670 0.107664 0.166506 0.094253 0.133181 0.249964 0.253373 -0.165960 -0.007223 -0.298908 0.207906 -0.126494 0.300557 0.024950 0.266618 0.188049 0.502551 0.103757 0.252388 -0.063703 0.019419 0.035351 0.282668 0.165102 0.695886 0.332069 0.288347 0.001472 0.092391 0.011785 0.308594 0.106449 -0.564221 -0.446311 -0.508663 -0.514795 -0.270015 0.081546 -0.214036 -0.124801 -0.421905 -0.449688 -0.481834 -0.334130 -0.512415 -0.547801 -0.675263 -0.577359 -0.638361 -0.498969 -0.030512 -0.030633 -0.286930 -0.390386 -0.485277 -0.450777 -0.473249 -0.328580
0.029843 -0.022672 0.246734 0.436246 0.446831 0.500068 0.097629 0.340625 0.527355 0.514940 -0.057033 0.210215 -0.047056 0.181822 0.267840 1.000000 -0.436025 -0.344331 -0.009562 -0.301667 0.305165 0.337175 0.249856 0.476143 0.416713 0.453811 0.348571 0.357768 -0.344331 -0.563836 -0.052291 0.247400 -0.449123 -0.366706 0.055149 0.215749 -0.157651 -0.257619 0.126617 0.320396 -0.190065 0.192844 -0.179042 -0.136765 -0.203760 0.006156 -0.126937 -0.130809 0.045527 -0.317985 0.344976 -0.093992 -0.007029 -0.280119 0.030505 0.104242 -0.264066 -0.455029 -0.230946 -0.307746 -0.193342 -0.112000 -0.266721 -0.407822 0.390948 0.346573 -0.147534 0.282868 -0.363587 -0.291422 0.116307 0.067935 -0.462643 -0.216485 -0.179430 -0.077542 -0.218039 -0.159806 -0.251033 -0.405802 -0.441632 -0.468727 -0.012411 -0.113629 -0.104062 0.124048 0.006495 0.123808 0.297578 0.055583 -0.127785 -0.099549 0.201485 -0.173469 0.148082 0.284220 0.150805 0.199288 -0.003192 -0.005833 -0.030962 -0.103727 0.049912 -0.233487 -0.107395 -0.104302 -0.068447 -0.143955 0.191136 0.171339 0.023786 0.051863 0.059961 -0.011276 -0.004632 0.049679
0.318492 0.339093 -0.338172 -0.541900 -0.331326 -0.470664 0.071565 -0.537482 -0.357102 -0.496730 0.302218 -0.057443 0.478135 0.060188 0.186469 -0.436025 1.000000 0.784361 0.211956 0.405342 -0.104363 -0.351947 -0.293017 -0.528666 -0.235597 -0.521124 -0.142809 -0.373686 0.633501 0.666950 -0.083943 -0.384608 0.501800 0.290691 -0.319646 -0.357615 0.453083 0.121361 -0.076383 -0.259576 0.468565 0.281415 -0.115954 -0.206715 -0.009835 -0.323195 -0.048075 -0.106960 0.157142 0.177425 -0.401419 -0.109480 0.009521 0.222835 0.080582 -0.060864 0.518937 0.683604 0.522457 0.392470 0.526692 0.115983 0.695583 0.596535 -0.294804 -0.443065 0.142671 -0.547389 0.591811 -0.049820 -0.154333 -0.154390 0.683265 0.338697 0.376563 0.072335 0.476501 0.105574 0.454210 0.414609 0.807263 0.745648 0.352035 0.388118 -0.016628 -0.262718 0.144797 -0.038258 -0.131427 0.022748 -0.251968 -0.169290 -0.387448 -0.301088 -0.180881 -0.091203 -0.233469 -0.168835 -0.037949 -0.113491 -0.351816 -0.257384 -0.397776 -0.268069 -0.164893 -0.188587 -0.156458 0.096218 -0.217573 -0.221152 -0.530512 -0.116733 -0.348673 -0.243967 -0.122183 -0.004553
0.227164 0.430454 -0.346738 -0.351904 -0.105547 -0.524428 -0.163363 -0.508560 -0.095664 -0.495852 0.145926 0.210962 0.348951 0.106536 -0.007149 -0.344331 0.784361 1.000000 0.303839 0.505245 -0.173645 -0.375456 -0.267800 -0.379760 -0.361381 -0.409405 -0.108489 -0.304327 0.407185 0.593675 -0.198468 -0.257068 0.319069 0.224232 -0.276423 -0.402389 0.487060 0.157418 -0.178500 -0.275449 0.380336 0.175181 -0.281684 -0.349358 -0.145447 -0.311212 -0.063183 -0.227174 0.097162 -0.077944 -0.280702 -0.234792 0.028890 0.078443 0.044523 -0.151718 0.312468 0.543731 0.438259 0.158607 0.452567 -0.025051 0.530398 0.480705 -0.118163 -0.393569 0.135449 -0.415798 0.519461 -0.108921 -0.145625 0.067816 0.583516 0.496404 0.310931 0.290186 0.551199 0.356580 0.512747 0.279378 0.704308 0.734849 0.133104 0.306715 -0.146999 -0.041426 -0.126487 -0.016558 -0.246764 -0.058518 -0.206872 -0.120279 -0.197661 -0.177644 -0.197174 -0.098327 -0.303725 -0.149217 -0.097647 -0.100654 -0.235197 -0.131432 -0.121132 -0.128986 -0.065945 -0.106050 -0.030401 0.190964 -0.213457 -0.076644 -0.483382 -0.084505 -0.229165 -0.192699 -0.121331 0.029807
0.602773 0.109546 0.518595 0.192669 0.171796 -0.288120 0.287695 -0.451616 0.278267 -0.537580 0.515521 0.444132 0.023989 -0.175965 0.427906 -0.009562 0.211956 0.303839 1.000000 0.593007 -0.052513 -0.118605 0.248090 -0.092522 0.184679 0.161443 0.265442 0.272534 0.271403 0.307586 0.370081 0.536086 0.365229 0.468807 -0.224087 -0.066934 0.223519 -0.069384 -0.452564 -0.264272 0.254570 0.147396 -0.470727 -0.268860 -0.036283 -0.181005 -0.554767 -0.328093 0.010811 -0.417906 0.134838 -0.337053 -0.346566 -0.232811 -0.508221 -0.635531 0.076694 0.355323 0.114445 -0.145939 0.018571 -0.403064 -0.065478 -0.030854 0.233953 -0.497298 0.208565 -0.002942 0.476992 -0.070465 0.083180 0.414620 0.332688 0.349145 0.478092 0.329694 0.455263 0.459555 0.403767 0.124510 0.333242 0.431299 0.515226 0.484927 0.271375 0.556486 -0.267795 0.014186 0.109826 -0.297852 -0.435392 -0.347131 -0.423347 -0.498176 -0.396888 -0.134340 -0.503215 -0.276561 -0.542264 -0.509380 -0.414624 -0.295204 -0.231682 -0.401934 -0.453180 -0.508029 -0.346761 -0.252884 -0.153721 0.087558 -0.289765 -0.492575 -0.453669 -0.521314 -0.409578 -0.221388
0.273051 0.331467 -0.058423 0.036711 -0.206396 -0.353976 -0.180921 -0.456969 -0.065839 -0.545158 0.251989 0.395063 -0.116369 -0.033246 0.154487 -0.301667 0.405342 0.505245 0.593007 1.000000 -0.088359 -0.066096 -0.175141 -0.175210 -0.193996 -0.100683 0.032442 0.025991 0.383038 0.419291 -0.037716 0.132219 0.322442 0.380536 -0.273857 -0.245297 0.297868 0.195259 -0.368281 -0.174821 0.198840 0.086429 -0.371871 -0.327859 -0.123272 -0.166869 -0.320273 -0.191609 -0.113113 -0.248214 -0.137473 -0.195126 -0.111162 -0.159531 -0.097921 -0.353073 0.294703 0.545895 0.148100 0.011349 0.113967 -0.160082 0.135087 0.227380 -0.094922 -0.360985 -0.023849 -0.262212 0.502818 0.057098 -0.060868 0.238072 0.345419 0.389365 0.338942 0.285678 0.450326 0.419625 0.305183 0.135590 0.484857 0.496367 0.316410 0.432201 0.275203 0.305000 -0.043505 0.073473 -0.016854 0.017287 -0.212821 -0.285242 -0.226903 -0.334869 -0.264289 -0.075968 -0.364545 -0.165889 -0.294343 -0.352545 -0.266874 -0.168539 -0.184237 -0.198553 -0.195750 -0.216698 -0.111384 0.003339 -0.057304 0.116239 -0.243426 -0.255338 -0.366204 -0.379247 -0.139704 -0.054775
-0.098489 -0.304344 0.166553 -0.052281 -0.242588 0.302622 -0.002397 -0.215664 -0.091340 -0.033736 0.097009 -0.258669 -0.291455 -0.236808 0.395571 0.305165 -0.104363 -0.173645 -0.052513 -0.088359 1.000000 0.609916 0.477833 0.235262 0.501600 0.505504 0.138553 0.328269 0.030101 -0.279675 0.236855 0.097297 -0.017936 -0.152170 0.150407 0.175999 -0.157171 -0.081728 0.282026 0.338028 0.043796 0.578919 0.185494 0.269983 0.004682 -0.081750 -0.013100 0.205302 -0.059162 -0.068969 0.295785 0.034450 0.096879 0.127954 0.143147 0.114477 0.172587 0.063239 0.018994 0.160131 -0.119564 0.158658 -0.170227 0.049316 -0.247090 -0.063278 -0.030218 0.007714 -0.000144 0.280394 0.226520 -0.112567 -0.222116 0.006561 0.102662 -0.163322 -0.122237 -0.223356 0.073026 0.075624 -0.027987 -0.085457 0.318965 -0.044755 0.412433 -0.040768 0.273169 0.394702 0.377177 0.282356 -0.254059 -0.187052 -0.131436 -0.280895 -0.024552 0.163332 0.053089 0.098853 -0.115942 -0.142160 -0.269963 -0.186694 -0.117758 -0.260231 -0.243099 -0.209534 -0.148892 -0.337504 0.068578 0.185900 0.095304 -0.181283 -0.193226 -0.270711 -0.113530 -0.153575
-0.277845 -0.471152 0.193166 0.240304 -0.189105 0.454002 -0.181544 0.035202 -0.049464 0.117155 -0.094674 -0.235531 -0.632568 -0.369785 0.111462 0.337175 -0.351947 -0.375456 -0.118605 -0.066096 0.609916 1.000000 0.408159 0.408612 0.439505 0.636363 0.285858 0.472755 -0.006899 -0.437539 0.348848 0.330471 -0.154266 -0.177584 0.129042 0.101790 -0.394633 -0.174297 0.153972 0.563208 -0.114366 0.225839 0.085929 0.154853 -0.089341 0.119616 -0.074005 0.169392 -0.322978 -0.099217 0.154871 -0.102104 -0.119978 0.009789 -0.080362 0.188943 0.034095 -0.242468 -0.403187 -0.199160 -0.546303 -0.005749 -0.561363 -0.358902 -0.249077 -0.001120 -0.163941 0.168296 -0.212189 0.292768 0.267489 0.175163 -0.483991 -0.176461 -0.185220 -0.323716 -0.365808 -0.276527 0.055850 -0.138469 -0.240095 -0.299251 0.237862 -0.101535 0.548335 0.097563 0.156956 0.275604 0.455326 0.150117 -0.101909 -0.003734 0.009221 -0.108640 0.355760 0.511454 0.350871 0.418827 0.099546 0.081217 -0.186809 -0.047599 -0.017321 -0.138673 -0.042368 0.037970 -0.004628 -0.137273 0.410657 0.585596 0.505302 -0.083769 0.027895 -0.056411 0.206462 0.113002
-0.053196 -0.563443 0.695725 0.283112 0.076823 0.227846 0.253339 -0.112064 0.215217 -0.068144 0.190695 -0.197462 -0.231949 -0.195966 0.391115 0.249856 -0.293017 -0.267800 0.248090 -0.175141 0.477833 0.408159 1.000000 0.569840 0.666693 0.748177 0.510390 0.709029 -0.118072 -0.342888 0.541455 0.605768 -0.050289 0.134942 0.371094 0.419341 -0.131928 -0.262170 0.019507 0.232573 -0.045410 0.264661 -0.025449 0.237838 -0.093425 -0.144644 -0.298048 -0.033908 -0.021845 -0.449415 0.682732 -0.091649 -0.177861 -0.258960 -0.190859 -0.115094 -0.237356 -0.206411 -0.265413 -0.360067 -0.451825 -0.308516 -0.493591 -0.362867 0.212349 -0.210623 -0.009447 0.297089 -0.135287 0.248724 0.266283 0.337667 -0.200678 0.118892 0.337073 0.038904 0.070537 0.114789 0.171128 0.012310 -0.234433 -0.192416 0.315540 -0.072151 0.438935 0.259081 -0.043170 0.182098 0.464215 -0.152344 -0.233296 -0.212141 -0.121511 -0.171604 -0.133666 0.019437 -0.112169 -0.022406 -0.379936 -0.330521 -0.149680 -0.135862 -0.000395 -0.186150 -0.361257 -0.362384 -0.279874 -0.362438 -0.126579 0.279586 0.228455 -0.425624 -0.218520 -0.355126 -0.338842 -0.344456
-0.445247 -0.393708 0.288246 0.769325 0.119799 0.489279 -0.267192 0.392552 0.240178 0.380244 -0.297925 0.135892 -0.444524 -0.033689 -0.131858 0.476143 -0.528666 -0.379760 -0.092522 -0.175210 0.235262 0.408612 0.569840 1.000000 0.244322 0.715308 0.449453 0.733428 -0.575003 -0.705225 0.038875 0.551298 -0.518595 -0.220776 0.372251 0.673702 -0.335873 -0.114266 0.015250 0.231537 -0.521064 -0.171782 0.019294 0.154239 0.053827 0.280128 -0.214219 -0.177415 0.119325 -0.291901 0.693842 0.064154 -0.150964 -0.453717 0.072125 0.110988 -0.534982 -0.562240 -0.663312 -0.666576 -0.632863 -0.522314 -0.574729 -0.701095 0.312279 0.226987 -0.047082 0.720032 -0.492563 0.074032 -0.085187 0.238317 -0.629230 -0.226627 -0.228604 -0.174423 -0.229800 0.040163 -0.116285 -0.333125 -0.621966 -0.581752 -0.272312 -0.322342 0.172858 0.460221 -0.081649 0.249391 0.432266 -0.085121 0.219132 -0.040975 0.420153 0.133069 -0.034470 -0.021169 -0.058124 -0.031070 -0.157605 -0.141012 0.332112 0.160161 0.386282 0.160942 0.028323 -0.022160 0.137330 -0.045157 -0.076317 0.233575 0.295942 -0.172966 0.160054 -0.060986 -0.039974 -0.196717
0.237876 -0.299985 0.568053 0.068449 0.084642 0.355368 0.441937 -0.081240 0.210458 0.000198 0.372053 -0.139145 -0.028208 -0.074824 0.610158 0.416713 -0.235597 -0.361381 0.184679 -0.193996 0.501600 0.439505 0.666693 0.244322 1.000000 0.617803 0.320635 0.444670 0.023237 -0.250075 0.549289 0.442202 -0.031125 -0.024629 0.229572 0.222203 -0.254021 -0.421805 -0.015206 0.212001 0.000510 0.331713 -0.048965 0.149573 -0.029745 -0.159194 -0.310697 0.133125 0.126242 -0.265269 0.418424 -0.054339 -0.147731 -0.237825 -0.250623 -0.122870 0.034944 -0.072801 -0.072051 -0.134800 -0.161291 -0.064380 -0.266867 -0.197710 0.117387 -0.109780 -0.033320 0.030072 -0.036078 -0.003224 0.405854 0.278332 -0.138072 0.025436 0.243206 0.018024 0.021906 -0.078268 0.066806 0.059760 -0.067219 -0.179788 0.443635 0.021825 0.299323 0.069289 0.074013 0.024641 0.405373 -0.056707 -0.510839 -0.294512 -0.404631 -0.380180 -0.019868 0.185904 0.031979 0.128842 -0.239954 -0.254629 -0.391788 -0.287605 -0.236167 -0.419753 -0.449016 -0.436602 -0.311920 -0.396651 0.066977 0.278398 0.185109 -0.252142 -0.307723 -0.339448 -0.211809 -0.152080
-0.159287 -0.382941 0.526371 0.565858 -0.037223 0.451763 -0.090287 0.140144 0.176569 0.147636 0.046995 0.065971 -0.597353 -0.233415 0.226425 0.453811 -0.521124 -0.409405 0.161443 -0.100683 0.505504 0.636363 0.748177 0.715308 0.617803 1.000000 0.405251 0.890060 -0.287888 -0.580992 0.490340 0.749000 -0.285468 0.010031 0.359221 0.490224 -0.300931 -0.098301 -0.044521 0.328699 -0.238322 0.074165 -0.053899 0.229030 -0.074663 0.098342 -0.315298 -0.004004 -0.041732 -0.472742 0.705925 0.081119 -0.181925 -0.382448 -0.140895 -0.173626 -0.200825 -0.281313 -0.437970 -0.447475 -0.528424 -0.279948 -0.682737 -0.517797 0.205523 0.098808 -0.084904 0.509982 -0.347095 0.060520 0.235752 0.347974 -0.455842 -0.009814 0.086601 -0.043175 -0.079826 0.093380 0.137379 -0.063501 -0.412020 -0.398432 0.166037 -0.260700 0.568695 0.505564 0.046004 0.272321 0.560136 -0.063049 -0.193230 -0.334823 -0.053835 -0.234171 -0.145877 0.037291 -0.107040 -0.014621 -0.419749 -0.376906 -0.084901 -0.016704 0.048503 -0.129231 -0.301454 -0.285488 -0.152024 -0.263945 -0.031346 0.368051 0.330041 -0.381215 -0.190285 -0.381537 -0.256839 -0.333919
-0.044067 -0.364973 0.267440 0.378866 0.227461 0.165862 0.172199 -0.028702 0.191927 -0.100829 -0.099038 -0.094597 -0.147747 -0.034316 0.231605 0.348571 -0.142809 -0.108489 0.265442 0.032442 0.138553 0.285858 0.510390 0.449453 0.320635 0.405251 1.000000 0.481102 -0.100851 -0.165962 0.265668 0.523792 0.046113 0.267604 0.231928 0.382990 -0.052799 -0.288604 -0.022590 0.065552 -0.116117 0.021892 -0.424770 -0.297202 -0.031905 -0.013476 -0.490206 -0.457971 -0.251168 -0.291350 0.338073 -0.399785 -0.524123 -0.505935 -0.343189 -0.172632 -0.271713 -0.203114 -0.264018 -0.377701 -0.318638 -0.458021 -0.223451 -0.332396 0.423818 -0.121535 -0.190916 0.148675 -0.059957 -0.097259 0.018829 0.302689 -0.165467 -0.063765 0.095903 -0.089811 -0.033803 0.108944 0.035979 -0.239037 -0.051452 0.028312 0.241939 0.275135 0.182982 0.239358 0.020098 -0.028764 0.472611 -0.130435 -0.184135 -0.091513 -0.001184 -0.120400 0.116542 0.188995 -0.109968 0.107266 -0.124626 -0.137257 -0.084952 -0.209678 -0.091343 -0.202686 -0.110769 -0.159729 -0.139912 -0.263001 0.050082 0.236642 -0.012843 -0.327241 -0.131272 -0.119942 0.000785 0.019136
-0.108267 -0.305179 0.435037 0.623138 -0.057618 0.449128 -0.182127 0.038785 0.173707 0.099953 0.043414 0.091339 -0.533699 -0.212112 0.225556 0.357768 -0.373686 -0.304327 0.272534 0.025991 0.328269 0.472755 0.709029 0.733428 0.444670 0.890060 0.481102 1.000000 -0.316544 -0.546604 0.357876 0.723642 -0.236022 0.078123 0.315673 0.537978 -0.160106 -0.003940 -0.153257 0.148802 -0.203619 0.010110 -0.171111 0.097448 -0.043069 0.105469 -0.411195 -0.229590 0.017518 -0.482103 0.697818 0.049779 -0.292775 -0.391105 -0.199338 -0.270674 -0.162858 -0.182739 -0.431525 -0.511179 -0.454297 -0.397796 -0.614252 -0.510038 0.240128 0.045102 -0.128119 0.513080 -0.303056 0.003690 0.050451 0.269592 -0.406704 -0.095140 0.071285 -0.077781 -0.044686 0.124342 0.166215 -0.111743 -0.329501 -0.267360 0.158531 -0.222954 0.583090 0.559085 -0.028204 0.351878 0.567677 -0.055064 -0.031853 -0.281198 0.045316 -0.145960 -0.188792 -0.084576 -0.203636 -0.126661 -0.449867 -0.390533 0.000293 0.071307 0.094994 -0.074418 -0.258330 -0.295261 -0.143353 -0.187171 -0.111497 0.252145 0.179079 -0.398137 -0.174185 -0.350711 -0.281373 -0.351123
0.387674 0.150672 -0.005853 -0.505191 -0.424208 -0.514141 0.373636 -0.452342 -0.371114 -0.557013 0.571823 -0.068847 0.267660 0.030926 0.422406 -0.344331 0.633501 0.407185 0.271403 0.383038 0.030101 -0.006899 -0.118072 -0.575003 0.023237 -0.287888 -0.100851 -0.316544 1.000000 0.714111 0.400098 -0.119101 0.625812 0.489686 -0.314335 -0.563117 0.407666 0.033584 -0.001190 0.093352 0.643834 0.316369 -0.105895 -0.120260 -0.283789 -0.519725 -0.182684 -0.045800 -0.312032 -0.019262 -0.318217 -0.205306 0.096876 0.212447 -0.018826 -0.073512 0.477243 0.616194 0.437966 0.415292 0.258034 0.211930 0.441703 0.536048 -0.291922 -0.457629 0.077160 -0.576562 0.542086 0.008854 0.139791 0.015280 0.744041 0.334304 0.519095 0.108484 0.365554 -0.042181 0.255131 0.435083 0.672022 0.582085 0.672438 0.568166 0.284308 -0.182181 0.208150 -0.122747 0.019097 0.104703 -0.411313 -0.293060 -0.573991 -0.385923 -0.152887 0.191173 -0.151916 0.002524 -0.184668 -0.252741 -0.494631 -0.329452 -0.526407 -0.353637 -0.424645 -0.295468 -0.423602 -0.133427 0.042398 -0.005798 -0.369824 -0.291557 -0.481795 -0.391597 -0.280567 -0.161764
0.320343 0.258786 -0.175295 -0.506996 -0.210817 -0.663962 0.280404 -0.463518 -0.250423 -0.663129 0.304964 0.073088 0.420797 0.081327 0.097847 -0.563836 0.666950 0.593675 0.307586 0.419291 -0.279675 -0.437539 -0.342888 -0.705225 -0.250075 -0.580992 -0.165962 -0.546604 0.714111 1.000000 0.112385 -0.242580 0.707578 0.544931 -0.326160 -0.509207 0.524895 0.155555 -0.007048 -0.246512 0.582358 0.134577 -0.196691 -0.276292 -0.154431 -0.497913 -0.099032 -0.142618 -0.208529 0.031330 -0.437195 -0.284692 0.021687 0.153011 -0.062187 -0.161661 0.298083 0.619121 0.548049 0.450460 0.419550 0.071906 0.591128 0.576289 -0.230336 -0.542335 0.110462 -0.623129 0.651573 -0.021530 -0.058759 0.091343 0.895165 0.500843 0.519503 0.396285 0.536107 0.228445 0.251030 0.487851 0.704623 0.740353 0.364090 0.555067 -0.122794 -0.162449 0.022135 -0.279310 -0.362386 -0.179135 -0.245201 -0.151634 -0.414545 -0.185695 -0.185768 -0.042458 -0.200412 -0.120016 -0.091138 -0.143540 -0.297032 -0.201242 -0.270306 -0.150869 -0.140091 -0.078379 -0.140803 0.042814 -0.078573 -0.214397 -0.474717 -0.179683 -0.322993 -0.140614 -0.139369 -0.027165
0.201078 -0.388535 0.586645 0.092319 -0.250284 -0.102956 0.489669 -0.061723 -0.145702 -0.313094 0.435366 -0.110621 -0.158296 -0.227843 0.420037 -0.052291 -0.083943 -0.198468 0.370081 -0.037716 0.236855 0.348848 0.541455 0.038875 0.549289 0.490340 0.265668 0.357876 0.400098 0.112385 1.000000 0.657391 0.381874 0.492628 0.193102 0.116382 -0.074638 -0.222842 -0.088508 0.313737 0.264243 0.110872 -0.063882 0.172142 -0.070609 -0.167040 -0.406966 -0.028394 -0.191776 -0.251904 0.351709 -0.074695 -0.228155 -0.120537 -0.302614 -0.197194 0.032441 0.125075 -0.132086 -0.076789 -0.292755 -0.173948 -0.335830 -0.175295 0.069863 -0.247505 0.129847 0.081355 0.157585 0.096182 0.255594 0.337391 0.180672 0.150557 0.375825 0.003630 0.061847 -0.027077 0.252399 0.201810 0.047716 0.043663 0.563352 0.192066 0.541224 0.275616 0.041261 -0.160083 0.446126 -0.139306 -0.448782 -0.424538 -0.523178 -0.410923 -0.238495 0.150265 -0.193254 -0.032270 -0.519351 -0.493044 -0.394416 -0.284678 -0.313680 -0.378590 -0.590311 -0.409667 -0.486702 -0.442079 0.025836 0.190043 0.085368 -0.534777 -0.424967 -0.541778 -0.488524 -0.413782
0.023587 -0.352449 0.659606 0.689346 0.082806 0.100418 0.180451 0.114503 0.230405 -0.119297 0.136776 0.261226 -0.447551 -0.208561 0.198910 0.247400 -0.384608 -0.257068 0.536086 0.132219 0.097297 0.330471 0.605768 0.551298 0.442202 0.749000 0.523792 0.723642 -0.119101 -0.242580 0.657391 1.000000 0.039482 0.406681 0.257389 0.408863 -0.180135 -0.162702 -0.307829 0.098791 -0.115092 -0.187080 -0.304266 -0.016162 0.066611 0.106180 -0.590883 -0.297808 -0.106274 -0.478601 0.612612 -0.199938 -0.418679 -0.522254 -0.424291 -0.422453 -0.357719 -0.220313 -0.418996 -0.553407 -0.559119 -0.653383 -0.607372 -0.612632 0.400478 -0.152985 0.137679 0.519786 -0.068019 -0.055011 0.166505 0.557125 -0.185560 0.076784 0.190101 0.082836 0.070646 0.299522 0.227489 -0.003199 -0.228471 -0.132440 0.273956 0.143589 0.437875 0.738299 -0.170770 -0.052844 0.458240 -0.383395 -0.210056 -0.334496 -0.148745 -0.262963 -0.330310 -0.048044 -0.359313 -0.184293 -0.606790 -0.516231 -0.078968 -0.102868 0.016212 -0.185857 -0.394680 -0.330710 -0.295158 -0.301017 -0.141816 0.251024 0.094436 -0.529486 -0.255942 -0.472398 -0.392416 -0.351979
0.205937 -0.145734 0.068972 -0.382781 -0.277617 -0.464213 0.418067 -0.456307 -0.260387 -0.627420 0.256809 -0.272066 0.186629 -0.230975 0.214105 -0.449123 0.501800 0.319069 0.365229 0.322442 -0.017936 -0.154266 -0.050289 -0.518595 -0.031125 -0.285468 0.046113 -0.236022 0.625812 0.707578 0.381874 0.039482 1.000000 0.728521 -0.032939 -0.267464 0.331203 -0.058114 -0.045837 -0.046935 0.599229 0.187761 -0.187266 -0.236100 0.079404 -0.380519 -0.281981 -0.157936 -0.318702 0.065594 -0.275557 -0.289584 -0.231863 0.137133 -0.285313 -0.113817 0.262971 0.447087 0.418566 0.421863 0.185147 -0.094513 0.327538 0.340607 -0.213905 -0.635226 0.143577 -0.431415 0.714273 0.087974 -0.124666 0.061629 0.662860 0.271713 0.447762 0.159707 0.347034 0.083139 0.439966 0.578725 0.598893 0.669056 0.492946 0.444206 0.197858 -0.060733 0.038219 -0.134779 -0.156437 -0.166807 -0.299977 -0.208003 -0.439609 -0.277063 -0.137760 0.057696 -0.118276 0.022174 -0.183043 -0.216226 -0.400205 -0.230482 -0.348679 -0.248285 -0.231972 -0.153837 -0.323210 -0.013700 -0.031380 -0.127105 -0.301661 -0.239551 -0.427534 -0.287424 -0.250294 -0.066497
0.172047 -0.099573 0.289145 0.008030 -0.166924 -0.401501 0.390590 -0.241374 -0.094814 -0.532623 0.241907 -0.059460 -0.032046 -0.160243 0.213627 -0.366706 0.290691 0.224232 0.468807 0.380536 -0.152170 -0.177584 0.134942 -0.220776 -0.024629 0.010031 0.267604 0.078123 0.489686 0.544931 0.492628 0.406681 0.728521 1.000000 0.077598 -0.064528 0.351393 0.028272 -0.076540 -0.058060 0.427403 -0.067899 -0.377905 -0.263692 -0.016223 -0.248279 -0.499611 -0.336761 -0.378837 -0.217441 0.045202 -0.289791 -0.362501 -0.244407 -0.316673 -0.422381 0.110044 0.349807 0.208305 0.131715 0.057939 -0.282908 0.096212 0.136402 0.126310 -0.418144 0.055395 -0.135503 0.484652 0.019809 -0.048337 0.204114 0.541198 0.323355 0.514922 0.190069 0.399833 0.282529 0.431961 0.455399 0.443436 0.526430 0.512755 0.501218 0.342712 0.269080 0.047181 -0.285858 0.112463 -0.249782 -0.254042 -0.355105 -0.409270 -0.306552 -0.393069 -0.164385 -0.422342 -0.251373 -0.485808 -0.475352 -0.256699 -0.197515 -0.272976 -0.194563 -0.389249 -0.342357 -0.414494 -0.183759 -0.284309 -0.147507 -0.330451 -0.498312 -0.470771 -0.487018 -0.445533 -0.346656
-0.313324 -0.424910 0.071164 0.145366 0.063839 0.129733 -0.120253 -0.000422 -0.017908 -0.039401 -0.125885 -0.248589 -0.262204 -0.312904 -0.025269 0.055149 -0.319646 -0.276423 -0.224087 -0.273857 0.150407 0.129042 0.371094 0.372251 0.229572 0.359221 0.231928 0.315673 -0.314335 -0.326160 0.193102 0.257389 -0.032939 0.077598 1.000000 0.602536 -0.203064 -0.014248 0.092639 0.224052 -0.326308 -0.227883 0.099159 0.246854 0.324413 0.306983 -0.049050 -0.012393 0.139229 -0.084017 0.369142 -0.009173 -0.354248 -0.304500 -0.056007 0.056347 -0.188140 -0.258486 -0.322272 -0.368040 -0.212264 -0.272318 -0.336149 -0.305478 0.305674 0.133744 0.099240 0.411026 -0.304419 -0.021778 -0.051382 0.005502 -0.283806 -0.172474 -0.143991 -0.104412 0.144626 0.170775 0.134991 0.093353 -0.239721 -0.198850 -0.174181 -0.310750 0.127806 0.264077 -0.151247 -0.050533 0.160091 -0.159448 -0.005314 -0.123895 0.095347 0.114923 -0.126091 -0.148524 -0.057502 -0.041737 -0.121926 -0.173970 0.210982 0.042926 0.221233 0.160277 0.071884 0.035424 0.079873 -0.081279 -0.222478 -0.028536 0.260225 -0.166834 0.017566 -0.018100 -0.061515 -0.126234
-0.307806 -0.362591 0.164242 0.515669 0.031932 0.388499 -0.153211 0.240434 0.012141 0.163430 -0.234929 0.002203 -0.285204 -0.156057 -0.109021 0.215749 -0.357615 -0.402389 -0.066934 -0.245297 0.175999 0.101790 0.419341 0.673702 0.222203 0.490224 0.382990 0.537978 -0.563117 -0.509207 0.116382 0.408863 -0.267464 -0.064528 0.602536 1.000000 -0.441678 -0.124863 -0.021296 0.089146 -0.618511 -0.253027 0.140425 0.323188 0.379549 0.500816 -0.229867 -0.082206 0.331243 0.031577 0.517997 0.196518 -0.375661 -0.412923 -0.071517 -0.017611 -0.289426 -0.301698 -0.501532 -0.392858 -0.265435 -0.346931 -0.369487 -0.445337 0.306583 0.284339 0.017389 0.664396 -0.367201 0.057609 -0.258987 -0.103704 -0.502982 -0.419933 -0.283112 -0.289413 -0.157926 -0.023919 -0.041351 -0.200364 -0.478785 -0.409114 -0.324116 -0.310986 0.105670 0.409081 -0.061757 0.164426 0.423281 -0.082856 0.079901 -0.135044 0.195055 0.006794 -0.174732 -0.252329 -0.240750 -0.197617 -0.217130 -0.250950 0.266693 0.024903 0.274399 0.086282 0.014696 -0.091587 0.152651 -0.197103 -0.234683 -0.119100 0.185823 -0.218789 0.029574 -0.088121 -0.086808 -0.200679
