1.000000 -0.230320 0.511183 0.107514 0.188200 -0.051156 0.349361 -0.117554 0.152237 0.112906 0.727178 -0.027740 0.224952 -0.217023 0.228737 -0.168053 0.216490 -0.211055 0.635842 0.159082 -0.188019 -0.157037 0.482792 0.031853 -0.005408 0.138080 0.064703 -0.082343 0.320781 -0.400719 0.457720 0.123190 -0.321867 -0.132293 0.128826 0.094632 -0.278695 -0.451965 -0.336042 -0.244823 -0.326556 -0.118121 0.132228 -0.164611 -0.336294 -0.256313 -0.156084 -0.050945 -0.000788 -0.301623 0.073043 -0.262082 -0.069433 0.052387 -0.048103 -0.309704 -0.158148 -0.114078 0.016013 -0.438526 0.320291 -0.173709 -0.054053 -0.056293 0.285074 0.056316 -0.095980 -0.041943 -0.140765 -0.317623 0.158940 0.080636 -0.033910 -0.063836 0.048835 0.134146 0.148747 0.147255 -0.329991 -0.199087 -0.346287 -0.376806 0.518436 -0.202196 0.257989 -0.182203 0.215395 -0.015757 0.299470 -0.269057 -0.047382 0.248987 0.121544 0.415595 -0.399900 -0.009685 -0.229356 0.038191 -0.060002 -0.075658 0.032880 0.436818 -0.093975 0.144916 -0.289360 -0.196565 0.156331 -0.161222 0.026506 0.140858 0.059611 -0.053547 0.137697 0.011299 -0.123733 -0.377342
-0.230320 1.000000 -0.473399 0.255675 -0.055621 0.057970 -0.330423 0.222430 0.002796 0.017025 -0.298849 0.673487 -0.068300 0.435699 -0.141675 0.185573 -0.058124 0.216928 -0.334163 0.010619 0.029213 -0.008723 -0.538569 -0.315496 -0.075448 -0.241454 -0.148231 -0.003450 -0.248912 0.204415 -0.497950 -0.112180 0.241746 0.142920 -0.145027 -0.045383 -0.092828 0.139393 0.154151 0.329623 0.214378 -0.013388 -0.423627 -0.348725 -0.026455 -0.082918 -0.222066 -0.332537 0.161061 0.088966 0.345837 0.211475 -0.200812 -0.376251 -0.104430 -0.115134 0.189503 0.238816 0.405341 0.467692 0.203013 0.607794 0.140304 0.125198 -0.051898 0.503383 0.190895 0.040842 0.158578 0.105746 -0.211304 -0.112930 -0.147011 -0.020884 0.011115 0.008251 -0.038455 0.119172 0.078054 0.112737 0.179214 0.017240 -0.211948 0.469783 0.118852 0.265766 -0.111404 0.083077 -0.136434 0.381682 -0.140130 -0.220113 -0.273138 -0.400396 0.051136 -0.294410 -0.211911 -0.311054 -0.245426 -0.262573 -0.243334 -0.462230 -0.379617 -0.382643 -0.153178 0.051454 0.019883 0.006883 -0.369571 -0.139900 -0.456702 -0.548099 -0.398353 -0.332940 -0.135282 0.014939
0.511183 -0.473399 1.000000 0.233923 0.222539 0.101397 0.802082 0.239738 0.212679 0.351782 0.558114 -0.215142 0.429918 0.021650 0.386710 -0.028074 -0.225268 -0.547985 0.720992 -0.189686 -0.259441 -0.228301 0.834357 0.359094 0.064758 0.169717 0.045513 -0.097644 0.188281 -0.387620 0.638097 0.084975 -0.570190 -0.446044 -0.014207 0.022796 -0.253792 -0.483786 -0.113074 -0.142887 -0.181160 0.041487 0.205484 -0.103469 -0.177873 -0.085323 -0.187662 -0.118029 0.171779 -0.070584 0.047774 -0.147190 0.124223 0.081813 0.235615 -0.101236 -0.555598 -0.511126 -0.048726 -0.347208 -0.112348 -0.585574 -0.251110 -0.520221 0.347498 -0.180569 -0.085369 -0.190622 -0.196416 -0.540061 0.191938 -0.000654 -0.050277 0.012765 0.123098 0.172041 -0.014172 -0.160730 -0.675606 -0.665390 -0.594119 -0.620030 0.334739 -0.292345 -0.036811 -0.432702 0.234920 -0.079224 0.387706 -0.274769 0.200704 0.458966 0.421285 0.553563 -0.168789 0.235850 -0.223695 0.057568 0.324730 0.191114 0.267971 0.509587 0.303092 0.235569 0.204538 -0.010904 0.079043 0.003582 0.203252 0.248035 -0.105380 0.209540 0.627619 0.411810 0.227107 -0.054157
0.107514 0.255675 0.233923 1.000000 0.394371 0.403307 0.116170 0.741715 0.270104 0.525346 0.336688 0.422304 -0.016912 0.335239 0.277398 0.365550 -0.443570 -0.547870 0.055432 -0.289384 0.027481 -0.056573 0.301680 0.439801 -0.137982 0.006214 0.025877 -0.089445 -0.253498 -0.346390 0.137483 -0.018122 -0.357853 -0.367725 0.120169 0.192895 -0.343131 -0.216478 -0.139054 -0.124729 -0.249257 -0.219982 -0.292173 -0.454544 -0.298534 -0.119140 -0.312235 -0.425392 0.042725 -0.098682 0.498391 -0.224351 0.313209 -0.085591 -0.069277 -0.374767 -0.491481 -0.539486 0.212904 0.077242 -0.042235 0.073011 -0.346855 -0.557075 0.505181 0.650584 0.105716 0.062608 -0.080892 -0.296748 -0.132837 -0.118455 -0.454118 -0.175151 -0.011334 0.255393 0.009777 0.113177 -0.533519 -0.525009 -0.590705 -0.627115 -0.066219 -0.001267 -0.104759 -0.429965 0.044460 -0.132420 0.425754 0.118745 0.232560 0.224253 0.391570 0.202552 -0.153794 0.067207 -0.366249 0.144623 -0.091180 0.025296 0.189485 0.177420 0.149087 0.040052 -0.027084 0.114586 0.062590 0.071522 0.114238 0.074628 -0.197462 -0.201739 0.281456 0.156637 0.100164 -0.062452
0.188200 -0.055621 0.222539 0.394371 1.000000 0.630644 0.149396 0.364365 0.665793 0.399054 0.319438 -0.030047 0.069973 0.078747 0.610765 0.646724 -0.484084 -0.476302 0.073266 -0.246463 0.165413 0.142746 0.215903 0.199006 -0.292225 0.045890 0.452994 -0.007882 -0.334545 -0.430429 0.266096 0.245088 -0.273064 -0.181552 0.177769 0.256536 -0.412206 -0.215522 -0.116950 -0.194286 -0.209254 0.099611 -0.229753 -0.241744 -0.040502 0.168392 -0.490397 -0.198968 -0.008177 0.160370 0.266667 -0.193915 0.053367 -0.236554 -0.179360 -0.325538 -0.433782 -0.513473 0.111750 0.067406 -0.048921 0.021862 -0.336168 -0.409814 0.520175 0.380784 0.094490 0.210732 -0.123003 -0.247471 0.139706 -0.144643 -0.581789 0.050077 0.023006 0.259315 0.106300 0.128333 -0.352163 -0.380660 -0.369954 -0.411998 0.143099 0.208588 -0.371896 -0.436830 0.017343 0.011957 0.329723 -0.119064 -0.069665 0.279767 0.371923 0.277414 -0.102687 0.121127 -0.207550 0.092251 0.079802 0.120216 0.147377 0.047159 0.121807 0.011108 -0.319382 -0.111046 0.098801 -0.135510 0.103536 0.108900 0.063574 0.044123 0.285051 0.151798 -0.033727 -0.065623
-0.051156 0.057970 0.101397 0.403307 0.630644 1.000000 -0.188073 0.338033 0.265651 0.432784 0.023159 0.114069 -0.015381 0.179287 0.292893 0.536174 -0.310978 -0.451659 -0.132978 -0.245565 0.338112 0.080129 0.137689 0.355591 -0.310085 0.077871 0.685822 0.212032 -0.378742 -0.182646 0.097023 0.041638 -0.115007 -0.196629 0.270988 0.384303 -0.357678 -0.028341 -0.154518 -0.151851 -0.142834 0.205682 -0.209231 -0.244800 -0.087809 0.044009 -0.398609 -0.261878 0.262625 0.066233 0.268430 0.063197 0.184640 -0.229853 -0.116104 -0.241334 -0.182817 -0.355888 0.193119 0.170903 -0.063794 0.042427 -0.171048 -0.357062 0.209354 0.274331 0.190915 0.186297 -0.097043 -0.213884 -0.010030 -0.086181 -0.383101 0.147761 0.158082 0.402637 0.155864 0.225262 -0.223052 -0.295250 -0.268342 -0.405347 -0.024316 0.158102 -0.420342 -0.271103 -0.114740 -0.228981 0.128511 -0.136552 0.173049 0.226655 0.562838 0.185070 -0.234752 -0.094603 -0.287076 0.057341 0.034165 0.182099 0.272184 0.011695 0.184910 -0.090956 -0.329622 -0.069609 0.027191 0.035976 -0.022693 -0.069218 0.088651 -0.047838 0.329873 0.035526 0.004107 -0.243003
0.349361 -0.330423 0.802082 0.116170 0.149396 -0.188073 1.000000 0.277883 0.192844 0.232598 0.432266 -0.248972 0.572661 0.192119 0.396153 0.026389 -0.189372 -0.390334 0.667693 -0.177192 -0.328248 -0.179947 0.551905 0.133727 0.053310 0.087199 -0.194688 -0.212213 0.188116 -0.191532 0.459922 0.081360 -0.365694 -0.221018 -0.098622 -0.095030 -0.173260 -0.327166 0.037188 -0.019149 -0.105694 0.066227 0.207906 -0.058119 -0.104997 -0.105488 -0.131700 -0.051318 0.100370 -0.053651 -0.088089 -0.132790 0.009740 -0.033987 0.192238 -0.080353 -0.448301 -0.380034 0.063262 -0.140820 -0.071949 -0.378288 -0.153445 -0.382860 0.320738 -0.164701 0.003343 -0.169861 -0.022356 -0.368591 0.129277 0.034704 -0.004801 -0.046577 0.015755 0.058060 -0.124453 -0.236105 -0.529779 -0.547995 -0.405850 -0.441509 0.182873 -0.099094 0.062092 -0.305971 0.104571 0.110228 0.150016 -0.132575 -0.087086 0.230966 0.074689 0.269002 0.075669 0.327280 -0.053673 0.000192 0.238539 -0.014490 0.048515 0.293112 0.090483 0.110264 0.217204 -0.061356 0.121117 -0.063531 0.254967 0.233965 -0.158208 0.236036 0.398320 0.330135 0.115251 0.163522
-0.117554 0.222430 0.239738 0.741715 0.364365 0.338033 0.277883 1.000000 0.296162 0.460972 0.196487 0.182425 0.137912 0.587738 0.408844 0.388825 -0.428451 -0.500330 0.020796 -0.314526 -0.088255 -0.254408 0.210651 0.266085 0.125590 -0.060665 -0.083715 -0.211263 -0.132575 -0.134336 -0.063775 -0.254840 -0.277015 -0.362087 -0.021416 0.079893 -0.282875 -0.068134 0.020540 0.100092 -0.069515 -0.008459 -0.404962 -0.526389 -0.245805 -0.150638 -0.425344 -0.529098 0.117069 -0.034534 0.240817 -0.159906 0.197838 -0.124155 0.085318 -0.338224 -0.584161 -0.537590 0.243161 0.266343 0.008815 0.106665 -0.221345 -0.549340 0.426455 0.381145 0.091483 -0.071354 -0.030410 -0.325005 -0.092436 -0.267691 -0.258266 0.055025 0.100833 0.269131 0.071128 0.117127 -0.442510 -0.575454 -0.453897 -0.516715 -0.035025 0.220608 -0.217055 -0.343480 -0.028454 -0.020068 0.248083 0.152050 0.353957 0.331405 0.391262 0.218595 0.000274 0.014027 -0.331559 -0.049497 0.135826 0.144897 0.134017 0.116589 0.221741 0.082697 0.179962 0.073374 0.152317 -0.006742 0.044613 0.021772 -0.336864 -0.150616 0.365409 0.267759 0.103097 0.040130
0.152237 0.002796 0.212679 0.270104 0.665793 0.265651 0.192844 0.296162 1.000000 0.508136 0.381043 0.017597 0.301438 0.168368 0.700785 0.639600 -0.390023 -0.333562 0.045408 -0.261802 0.057042 0.009479 0.206749 0.019466 -0.346569 -0.262616 0.125050 -0.191886 -0.206465 -0.389328 0.149644 0.179355 -0.198396 -0.073894 0.023571 0.035813 -0.211991 -0.287852 0.142608 -0.149490 -0.161869 -0.015074 -0.122768 -0.222363 -0.051266 0.131729 -0.144540 -0.261283 -0.261516 -0.059428 0.183749 -0.405373 0.179585 -0.124105 0.087272 -0.186478 -0.390496 -0.367181 0.042629 -0.089834 0.091525 0.021943 -0.298463 -0.254050 0.634750 0.428652 0.049004 0.094095 -0.125424 -0.168925 -0.077884 -0.148275 -0.467459 -0.199709 -0.216558 0.020799 -0.136115 -0.063233 -0.294758 -0.298030 -0.377018 -0.328266 0.178141 0.125767 -0.316976 -0.360351 0.128400 0.146167 0.384920 0.041320 0.059711 0.118830 0.153657 0.231998 0.020192 0.194061 -0.039228 0.140166 0.115007 -0.028236 -0.132522 0.093423 0.016826 -0.025561 -0.136272 -0.050296 0.151596 -0.123796 0.176480 0.123425 -0.003720 0.076162 0.134618 0.234469 0.018036 0.139970
0.112906 0.017025 0.351782 0.525346 0.399054 0.432784 0.232598 0.460972 0.508136 1.000000 0.241484 0.163065 0.417871 0.365882 0.469193 0.597140 -0.163212 -0.486262 0.028795 -0.478285 -0.198783 -0.322121 0.254760 0.268202 -0.351791 -0.181436 0.046287 -0.215293 -0.272030 -0.233819 0.035639 -0.261307 -0.180203 -0.311877 0.081947 0.107987 -0.231131 -0.036118 0.009248 -0.027845 -0.180173 0.215080 0.004639 -0.263302 -0.283849 -0.142552 -0.091833 -0.206884 0.038922 -0.183291 0.063390 -0.129182 0.444044 -0.116463 0.252811 0.024119 -0.194354 -0.438963 0.138039 0.108250 0.219794 0.138988 0.075449 -0.260138 0.392092 0.360048 0.184579 0.106927 -0.148375 -0.205477 -0.324644 -0.355045 -0.342616 -0.051890 0.053686 0.297644 0.076573 0.116214 -0.382155 -0.301954 -0.371984 -0.535613 -0.041582 0.136800 -0.370426 -0.327272 0.111567 -0.038179 0.071065 0.029619 0.096420 0.214677 0.309061 0.192194 -0.227040 0.079305 -0.116209 0.134913 0.252396 0.027441 0.090974 0.261275 0.169617 0.025317 -0.124303 -0.176710 0.347345 -0.166087 0.088044 0.040949 -0.036674 0.098240 0.262655 0.075431 -0.121119 -0.120243
0.727178 -0.298849 0.558114 0.336688 0.319438 0.023159 0.432266 0.196487 0.381043 0.241484 1.000000 0.105482 0.366085 0.051428 0.619301 0.145705 -0.120285 -0.338886 0.689338 0.122011 -0.064514 0.012004 0.508488 0.050956 -0.114603 -0.014366 0.008361 -0.247548 0.438907 -0.389000 0.591472 0.321639 -0.556530 -0.265697 -0.015809 -0.001216 -0.152563 -0.507308 -0.204720 -0.334163 -0.255068 -0.182322 -0.029872 -0.172126 -0.304119 -0.150487 -0.095321 -0.159465 -0.235843 -0.272890 0.009904 -0.487918 0.055306 0.283480 -0.143895 -0.389516 -0.521081 -0.474277 -0.250510 -0.580195 -0.062296 -0.372953 -0.427664 -0.422829 0.571873 0.196202 -0.340604 -0.298406 -0.386980 -0.483607 0.136026 0.260309 -0.084878 -0.063230 -0.021041 0.193089 0.099265 -0.027370 -0.487603 -0.455940 -0.614980 -0.507241 0.584572 -0.069092 0.212660 -0.411689 0.138723 0.017283 0.556161 -0.204549 0.093902 0.253783 0.292162 0.451934 -0.247684 0.187519 -0.263128 0.231771 -0.149471 0.019052 0.227598 0.516244 0.157628 0.254192 0.005403 0.140690 -0.050415 0.100140 0.264306 0.051500 -0.064391 0.084645 0.234708 0.164965 0.149324 -0.049716
-0.027740 0.673487 -0.215142 0.422304 -0.030047 0.114069 -0.248972 0.182425 0.017597 0.163065 0.105482 1.000000 0.120752 0.461509 0.012432 0.296374 -0.051310 0.008172 -0.081860 -0.094403 0.152249 0.276644 -0.187625 -0.226806 -0.197104 -0.241104 -0.067977 0.039895 -0.038817 -0.046547 -0.248714 0.065862 -0.204123 -0.206316 -0.273939 -0.031306 -0.122009 -0.025181 -0.046664 -0.109672 -0.023262 -0.097590 -0.303276 -0.168993 -0.022774 -0.012829 0.001491 -0.275451 0.094402 -0.049406 0.382966 0.030608 0.104351 -0.021665 -0.015965 -0.142243 -0.019265 -0.116187 -0.030561 0.042990 -0.043938 0.312275 -0.089158 -0.157689 0.136128 0.526090 -0.075819 -0.134481 -0.336336 -0.145268 0.027284 0.155526 -0.215914 0.012935 0.012423 0.177360 0.053239 0.030641 -0.085269 -0.058542 -0.171943 -0.241690 -0.045841 0.255901 0.165212 0.069884 -0.066386 -0.027693 0.043999 0.174861 -0.050385 -0.291005 -0.061404 -0.188090 -0.076638 -0.093698 -0.083149 0.076765 -0.325732 -0.181119 0.021748 -0.048655 -0.129277 -0.155347 -0.021961 0.302416 -0.234641 0.262273 -0.066623 -0.299370 -0.205019 -0.310020 -0.311448 -0.218313 0.202844 0.092185
0.224952 -0.068300 0.429918 -0.016912 0.069973 -0.015381 0.572661 0.137912 0.301438 0.417871 0.366085 0.120752 1.000000 0.549430 0.526059 0.401936 0.069583 -0.230899 0.455097 -0.200069 -0.110436 -0.042564 0.056884 -0.201065 -0.357960 -0.232130 -0.156994 -0.343274 0.112363 0.052777 0.036833 0.052067 -0.191076 -0.104879 -0.177596 -0.159148 -0.116763 -0.089728 -0.070953 -0.151990 -0.035426 0.341319 0.197201 0.106241 0.012570 -0.034825 0.138682 0.031163 0.246625 -0.004680 -0.277011 0.041470 0.047133 -0.100526 0.281636 -0.034281 -0.215140 -0.299026 -0.032731 -0.051614 0.045047 -0.069546 0.164382 -0.170315 0.292196 -0.049768 -0.001642 -0.226202 -0.209052 -0.278145 -0.060081 0.114189 0.095703 0.213691 0.126964 0.318179 0.110290 -0.040756 -0.243141 -0.218034 -0.249968 -0.417642 0.099546 0.176474 -0.043700 -0.049949 -0.010541 0.157590 -0.242551 -0.149305 -0.338356 -0.120910 -0.104739 0.012947 -0.131900 0.242968 0.181548 0.152222 0.102600 -0.030514 -0.090577 0.244397 -0.038618 0.007762 0.002615 -0.053349 0.086737 -0.012794 0.223408 -0.178627 0.002002 0.288589 0.003420 -0.049386 0.014095 0.071078
-0.217023 0.435699 0.021650 0.335239 0.078747 0.179287 0.192119 0.587738 0.168368 0.365882 0.051428 0.461509 0.549430 1.000000 0.285360 0.524833 -0.260460 -0.267048 -0.021614 -0.271817 0.057687 0.026651 -0.125783 -0.110105 -0.081810 -0.209995 -0.060791 -0.126976 -0.055113 0.246453 -0.220055 -0.144857 -0.028497 -0.122104 -0.219057 -0.056164 -0.168027 0.133189 0.026067 0.151637 0.103952 0.256225 -0.212159 -0.215484 0.114600 0.008593 -0.172364 -0.380076 0.298044 0.188106 -0.009046 0.056489 -0.032592 -0.323705 0.067127 -0.221339 -0.202660 -0.281169 0.166837 0.339720 -0.053266 0.224914 0.056923 -0.297984 0.068372 0.167359 0.052984 -0.241181 -0.051521 -0.304617 -0.076007 0.065531 -0.010401 0.285427 0.121703 0.360633 0.153363 0.140932 -0.215738 -0.332201 -0.142064 -0.337062 -0.056778 0.484880 -0.064596 -0.145974 -0.002680 0.216658 -0.173229 0.108995 -0.073451 -0.082138 0.092500 -0.133851 0.133277 0.128482 -0.064064 -0.049828 -0.065660 -0.101121 -0.016208 -0.033022 -0.037911 -0.157484 0.044861 0.068845 0.069136 0.065235 0.115755 -0.122432 -0.296980 -0.157963 0.026604 -0.017244 0.022105 0.097924
0.228737 -0.141675 0.386710 0.277398 0.610765 0.292893 0.396153 0.408844 0.700785 0.469193 0.619301 0.012432 0.526059 0.285360 1.000000 0.617355 -0.328855 -0.378738 0.315539 -0.076905 0.010942 -0.043701 0.223585 -0.023076 -0.238684 -0.088187 0.144987 -0.230241 0.083583 -0.311940 0.227047 0.237387 -0.343319 -0.158874 -0.102594 0.038768 -0.213796 -0.334921 0.110732 -0.111883 -0.076770 0.039330 -0.242415 -0.198231 -0.188438 0.025166 -0.196744 -0.247761 -0.177161 -0.109536 -0.036339 -0.349392 0.144729 0.026359 0.012148 -0.242417 -0.464602 -0.519556 -0.039752 -0.177492 -0.068772 -0.090292 -0.374487 -0.447958 0.595710 0.260793 -0.126901 -0.121229 -0.231644 -0.270794 -0.011514 -0.009376 -0.343642 -0.045277 -0.158460 0.117461 -0.060723 -0.105841 -0.303433 -0.391159 -0.443730 -0.485766 0.381639 0.299504 -0.283899 -0.406256 -0.067896 0.053470 0.322277 -0.015550 0.019741 0.299578 0.270528 0.262847 -0.123912 0.152436 -0.114585 0.091327 0.123283 0.187728 0.149255 0.209835 0.210932 0.096282 -0.018993 0.056817 0.071868 -0.005177 0.136265 -0.018539 -0.130289 0.057445 0.109407 0.064482 0.065242 0.075295
-0.168053 0.185573 -0.028074 0.365550 0.646724 0.536174 0.026389 0.388825 0.639600 0.597140 0.145705 0.296374 0.401936 0.524833 0.617355 1.000000 -0.341504 -0.368185 -0.137524 -0.372930 0.266785 0.285304 -0.110220 -0.010552 -0.555821 -0.292580 0.333825 -0.032492 -0.293978 -0.110015 -0.085883 0.134690 -0.095993 -0.129955 -0.083504 0.044496 -0.209275 0.109347 0.037798 -0.148558 0.008480 0.261450 -0.234640 -0.156793 0.108692 0.163244 -0.126471 -0.276135 0.049218 0.136402 0.152979 -0.098122 0.322523 -0.210588 -0.021911 -0.076241 -0.212752 -0.463570 0.033007 0.178614 -0.120353 0.191201 -0.151586 -0.359916 0.363221 0.406723 0.077767 0.063362 -0.186728 -0.139946 -0.083600 0.032873 -0.428103 0.086019 -0.059957 0.285057 0.047473 0.022369 -0.145149 -0.223418 -0.206921 -0.377614 0.023262 0.507814 -0.406357 -0.287033 -0.063900 0.142581 0.093690 0.129445 -0.171263 -0.086223 0.133608 -0.154288 0.046432 0.241367 0.074887 0.206949 0.022961 -0.061128 0.017870 -0.165966 -0.015258 -0.216060 -0.238338 0.052217 0.001903 0.041618 0.181797 -0.073748 -0.034809 0.030936 -0.013062 -0.085952 0.039668 0.218066
0.216490 -0.058124 -0.225268 -0.443570 -0.484084 -0.310978 -0.189372 -0.428451 -0.390023 -0.163212 -0.120285 -0.051310 0.069583 -0.260460 -0.328855 -0.341504 1.000000 0.612294 0.087296 0.351580 -0.244044 -0.228548 -0.309426 -0.404868 -0.054900 -0.215711 -0.114419 -0.002440 0.452468 0.440171 -0.384956 -0.316324 0.267575 0.228723 -0.208832 -0.292759 0.157937 0.267280 -0.204288 -0.147193 0.067572 0.145814 0.162445 0.018777 -0.184095 -0.466835 0.315244 0.202846 0.150652 -0.357395 -0.239822 0.188631 0.090531 0.235792 0.174426 0.189166 0.570250 0.523642 -0.127604 -0.071230 0.438639 0.187792 0.610666 0.628543 -0.269443 -0.232914 -0.067296 -0.106477 0.014757 0.293525 -0.067932 -0.003343 0.564763 0.126437 0.138253 -0.036856 0.152285 0.093547 0.476680 0.576202 0.433439 0.416729 0.064947 0.009671 0.199445 0.463953 -0.260341 -0.155528 -0.476997 0.014663 -0.191182 -0.261426 -0.438798 -0.218678 -0.294290 -0.379919 0.121264 -0.011639 -0.113352 -0.172024 -0.200499 0.002558 -0.310974 -0.162383 -0.146281 -0.142186 0.033279 -0.014684 -0.230569 -0.314023 0.154228 0.026754 -0.312939 -0.379222 -0.095286 -0.191160
-0.211055 0.216928 -0.547985 -0.547870 -0.476302 -0.451659 -0.390334 -0.500330 -0.333562 -0.486262 -0.338886 0.008172 -0.230899 -0.267048 -0.378738 -0.368185 0.612294 1.000000 -0.203536 0.466232 -0.063923 -0.022291 -0.589753 -0.531409 0.026146 -0.269440 -0.192736 0.080523 0.363755 0.599656 -0.422403 -0.027996 0.440244 0.497557 -0.213788 -0.297063 0.346769 0.274820 0.054125 0.149377 0.327318 0.050361 -0.096655 0.029511 0.041837 -0.228278 0.221024 0.166863 -0.175822 -0.110488 -0.217191 0.052083 -0.317425 0.107244 -0.183631 0.127909 0.580454 0.693950 -0.116566 0.015276 0.184801 0.199559 0.351577 0.693793 -0.378166 -0.158277 -0.179943 -0.117607 0.168965 0.405494 -0.005088 0.089961 0.541308 0.111587 0.015493 -0.271180 0.042554 0.027624 0.630116 0.699663 0.686902 0.817240 0.006321 0.201734 0.417316 0.577559 -0.244658 0.078656 -0.354794 0.141678 -0.313403 -0.354929 -0.527395 -0.385929 0.023297 -0.384507 0.068680 -0.192949 -0.262249 -0.292742 -0.254422 -0.352319 -0.343479 -0.229141 0.091006 0.032979 -0.078703 0.053334 -0.320134 -0.168009 -0.050187 -0.205912 -0.489449 -0.333470 -0.092060 0.050743
0.635842 -0.334163 0.720992 0.055432 0.073266 -0.132978 0.667693 0.020796 0.045408 0.028795 0.689338 -0.081860 0.455097 -0.021614 0.315539 -0.137524 0.087296 -0.203536 1.000000 0.260300 -0.209262 -0.055141 0.484026 -0.042974 -0.082514 -0.055949 -0.041306 -0.305216 0.505210 -0.135607 0.587015 0.354287 -0.495154 -0.245971 -0.089963 -0.131703 -0.173135 -0.415124 -0.322756 -0.288499 -0.106504 0.049478 0.160989 -0.180860 -0.179742 -0.216332 -0.132030 -0.107004 0.101277 -0.102882 -0.030684 -0.081270 -0.034164 0.175299 -0.087155 -0.213379 -0.442834 -0.323941 -0.200759 -0.480148 -0.183222 -0.555185 -0.278186 -0.342236 0.376456 -0.112428 -0.253739 -0.366533 -0.303588 -0.516827 0.237849 0.275100 0.246575 0.130343 0.199570 0.216156 0.125525 -0.102335 -0.478605 -0.417463 -0.509004 -0.368554 0.393926 -0.152216 0.317846 -0.143703 0.005647 -0.013570 0.284132 -0.260073 -0.093795 0.183652 0.163640 0.356508 -0.210759 0.145606 -0.318419 0.147270 -0.110937 -0.053793 0.310714 0.370603 0.093739 0.036408 0.049879 0.068723 -0.153501 0.145274 0.181375 0.008414 -0.083797 0.171313 0.323680 0.102587 0.187643 0.050200
0.159082 0.010619 -0.189686 -0.289384 -0.246463 -0.245565 -0.177192 -0.314526 -0.261802 -0.478285 0.122011 -0.094403 -0.200069 -0.271817 -0.076905 -0.372930 0.351580 0.466232 0.260300 1.000000 0.107377 -0.017233 -0.243828 -0.358554 0.131740 -0.118922 0.080280 0.001622 0.412092 0.327521 0.118833 0.296849 0.320591 0.579156 -0.077909 0.005079 0.070572 -0.048332 0.068569 0.039383 0.164539 -0.127176 -0.079339 -0.068673 -0.074663 -0.237148 0.125263 -0.000526 -0.225645 -0.104550 -0.088974 -0.053653 -0.293553 0.154496 -0.314485 -0.068582 0.311992 0.555700 -0.090020 -0.212359 -0.140746 -0.088332 -0.249072 0.307982 -0.190415 -0.210459 -0.194627 -0.158986 0.218423 0.308541 0.027718 0.229843 0.328161 -0.059839 -0.133591 -0.288378 -0.192557 -0.162047 0.381494 0.360504 0.177307 0.424506 0.150290 -0.003092 0.336671 0.138798 -0.263833 -0.026431 -0.049684 0.082793 -0.167278 -0.164440 -0.199189 -0.259605 -0.108524 -0.193527 -0.184696 -0.043330 -0.330986 -0.224898 0.082088 -0.269832 -0.222041 -0.342056 -0.169251 0.011207 -0.188659 0.154778 -0.075123 -0.197100 -0.165717 -0.204278 -0.315578 -0.299920 0.042607 -0.076096
-0.188019 0.029213 -0.259441 0.027481 0.165413 0.338112 -0.328248 -0.088255 0.057042 -0.198783 -0.064514 0.152249 -0.110436 0.057687 0.010942 0.266785 -0.244044 -0.063923 -0.209262 0.107377 1.000000 0.622290 -0.160375 0.007296 -0.170128 0.058076 0.525152 0.275885 -0.059251 -0.085313 0.170025 0.525638 0.155769 0.180137 0.073554 0.232325 0.063884 0.027385 0.025895 -0.043350 0.111113 0.027850 -0.128448 0.201389 0.292935 0.340341 0.106237 -0.048950 -0.133440 0.064493 0.160283 -0.121320 0.073916 0.019043 -0.291032 -0.188407 0.094074 -0.004828 -0.216674 -0.155953 -0.392772 -0.121325 -0.392277 -0.145750 -0.075047 0.068637 -0.084498 0.043657 -0.098999 0.187447 0.065674 0.332949 -0.099148 -0.029892 -0.075618 0.085585 -0.116603 -0.156177 0.239902 0.073978 0.083488 0.069609 -0.001285 0.046855 -0.000291 -0.117399 0.168551 0.159868 0.093091 0.054000 -0.121711 -0.368295 0.138196 -0.227990 0.289747 0.124786 0.144981 0.330383 -0.392373 -0.119769 0.102748 -0.300552 -0.076985 -0.259303 -0.219716 0.189098 -0.255833 0.253223 0.148813 -0.074726 0.281249 -0.064208 -0.216038 -0.184727 0.136124 0.177288
-0.157037 -0.008723 -0.228301 -0.056573 0.142746 0.080129 -0.179947 -0.254408 0.009479 -0.322121 0.012004 0.276644 -0.042564 0.026651 -0.043701 0.285304 -0.228548 -0.022291 -0.055141 -0.017233 0.622290 1.000000 -0.126841 -0.119127 -0.238070 0.041931 0.257319 0.251245 0.032624 -0.015721 0.208503 0.648408 -0.083232 0.090372 -0.097785 0.057310 0.076457 0.075319 -0.052326 -0.309594 0.190634 0.127427 -0.067716 0.341438 0.559048 0.466685 0.159991 0.069499 0.013237 0.341264 0.179948 0.063627 0.059635 -0.020367 -0.273150 0.043619 -0.029104 -0.144221 -0.364734 -0.205485 -0.612352 -0.272139 -0.360552 -0.254785 -0.047318 -0.002475 -0.177192 -0.059607 -0.273441 0.007454 0.379342 0.693629 -0.090697 0.124570 0.001302 0.209460 0.055783 -0.111856 0.072733 -0.019465 0.020818 0.049645 0.051141 0.118498 0.110289 -0.023963 -0.040490 0.247690 0.059085 -0.045872 -0.346649 -0.482736 -0.070386 -0.303799 0.392572 0.423461 0.378601 0.336459 -0.389282 -0.250657 0.050909 -0.254644 -0.142922 -0.197634 -0.134864 0.258407 -0.424062 0.260843 0.315483 -0.084176 0.175141 0.056465 -0.196074 -0.078350 0.185763 0.409407
0.482792 -0.538569 0.834357 0.301680 0.215903 0.137689 0.551905 0.210651 0.206749 0.254760 0.508488 -0.187625 0.056884 -0.125783 0.223585 -0.110220 -0.309426 -0.589753 0.484026 -0.243828 -0.160375 -0.126841 1.000000 0.561483 0.238575 0.321381 0.162687 0.133708 0.153291 -0.510274 0.664611 0.074179 -0.570073 -0.488624 0.053717 0.118869 -0.306818 -0.507571 -0.091620 -0.182765 -0.348664 -0.188979 0.134920 -0.120022 -0.193266 0.000045 -0.225424 -0.196895 -0.021945 -0.143872 0.149325 -0.330819 0.230884 0.092804 0.160593 -0.166855 -0.513202 -0.478360 -0.071352 -0.406982 -0.094027 -0.592105 -0.376307 -0.517709 0.249035 -0.139602 -0.080274 -0.066519 -0.204424 -0.482554 0.295051 -0.001434 -0.179680 -0.168474 -0.091858 0.015023 -0.111381 -0.178817 -0.592720 -0.647878 -0.568135 -0.520490 0.383647 -0.407783 -0.042916 -0.513295 0.337598 -0.088617 0.580839 -0.255116 0.434287 0.533219 0.554314 0.673580 -0.071287 0.257273 -0.230012 0.064985 0.308822 0.206650 0.301607 0.569198 0.368226 0.328834 0.212522 0.027357 0.095374 0.011498 0.254936 0.395075 -0.003058 0.139927 0.666754 0.552204 0.246929 -0.065182
0.031853 -0.315496 0.359094 0.439801 0.199006 0.355591 0.133727 0.266085 0.019466 0.268202 0.050956 -0.226806 -0.201065 -0.110105 -0.023076 -0.010552 -0.404868 -0.531409 -0.042974 -0.358554 0.007296 -0.119127 0.561483 1.000000 0.143470 0.523614 0.223793 0.193766 -0.284488 -0.267814 0.384849 -0.059529 -0.087369 -0.275595 0.254133 0.184604 -0.128666 -0.211753 -0.063449 -0.042754 -0.207798 -0.241741 0.213333 -0.031112 -0.140098 0.055007 -0.198143 -0.042873 -0.011893 -0.070075 0.070526 -0.186587 0.130525 -0.200899 0.021682 -0.094346 -0.319084 -0.368827 0.118292 -0.127523 -0.054473 -0.267940 -0.176286 -0.410036 -0.053457 -0.078246 0.058541 0.096856 0.115282 -0.206435 -0.045911 -0.201147 -0.235037 -0.231289 -0.111986 0.003834 -0.178025 -0.139133 -0.293811 -0.382184 -0.319160 -0.400390 -0.126500 -0.232012 -0.191168 -0.299696 0.163774 -0.204780 0.257246 -0.187457 0.314409 0.419757 0.516501 0.359186 0.113270 0.285651 -0.156173 0.117532 0.324533 0.282366 0.338919 0.221568 0.436831 0.229601 0.067655 0.040871 0.144300 0.019415 0.318347 0.561162 0.140427 0.177108 0.492734 0.398007 0.003006 -0.008804
-0.005408 -0.075448 0.064758 -0.137982 -0.292225 -0.310085 0.053310 0.125590 -0.346569 -0.351791 -0.114603 -0.197104 -0.357960 -0.081810 -0.238684 -0.555821 -0.054900 0.026146 -0.082514 0.131740 -0.170128 -0.238070 0.238575 0.143470 1.000000 0.502643 -0.186392 0.240291 0.226047 -0.026538 0.035562 -0.240051 0.040620 -0.011563 -0.121053 0.067717 -0.086232 -0.219143 0.286811 0.451807 0.149877 -0.094984 -0.085265 0.025597 0.043007 0.051595 -0.182672 -0.051492 0.017038 0.022855 -0.056662 -0.031063 -0.220609 0.024976 0.140340 -0.015479 -0.012235 0.149282 0.107566 -0.031431 0.067168 -0.117941 -0.028732 -0.007201 -0.399013 -0.480757 -0.113420 -0.106968 0.146725 0.081423 0.258286 -0.115213 0.136959 -0.010038 -0.047930 -0.251725 -0.103715 -0.095340 0.066762 -0.117842 0.144044 0.091297 0.167920 -0.035779 0.016148 -0.017728 0.140536 0.158931 0.004799 0.000798 0.420874 0.398837 0.125057 0.234645 0.172690 -0.124557 -0.022441 -0.378260 0.288590 0.144057 0.036212 0.037233 0.129350 0.243847 0.372467 -0.074639 0.255897 -0.214711 -0.190488 0.283106 -0.248430 -0.257543 0.191836 0.233812 -0.108619 -0.125610
0.138080 -0.241454 0.169717 0.006214 0.045890 0.077871 0.087199 -0.060665 -0.262616 -0.181436 -0.014366 -0.241104 -0.232130 -0.209995 -0.088187 -0.292580 -0.215711 -0.269440 -0.055949 -0.118922 0.058076 0.041931 0.321381 0.523614 0.502643 1.000000 0.159759 0.321411 -0.124029 -0.159264 0.255919 0.084946 -0.029941 -0.086857 0.084535 0.162673 -0.220473 -0.173590 0.048429 0.118547 -0.067488 -0.209240 0.209496 0.224814 0.060901 0.149684 -0.118218 0.241282 0.116313 0.070072 -0.055229 0.044695 -0.092145 -0.110148 -0.018352 0.011318 -0.012859 -0.002953 0.169380 -0.129166 -0.038849 -0.098638 -0.119043 -0.144106 -0.343534 -0.291852 0.002901 0.068423 0.158552 0.097224 0.256804 0.119862 -0.227128 -0.220326 -0.221673 -0.108840 -0.238503 -0.139732 -0.168619 -0.208375 -0.098156 -0.234650 -0.044539 -0.110179 -0.173032 -0.133927 0.026515 -0.106094 -0.020545 -0.167320 0.114070 0.328087 0.218882 0.284712 0.138429 0.114748 0.063489 -0.109686 0.193717 0.242697 0.224354 0.096337 0.222500 0.198198 -0.025824 -0.101052 0.165595 -0.143610 0.118433 0.416909 0.165696 0.044291 0.133008 0.058668 -0.150367 -0.143103
0.064703 -0.148231 0.045513 0.025877 0.452994 0.685822 -0.194688 -0.083715 0.125050 0.046287 0.008361 -0.067977 -0.156994 -0.060791 0.144987 0.333825 -0.114419 -0.192736 -0.041306 0.080280 0.525152 0.257319 0.162687 0.223793 -0.186392 0.159759 1.000000 0.622970 -0.074053 -0.073653 0.261048 0.332851 0.026028 0.016264 0.130010 0.317253 -0.241341 -0.147923 -0.150210 -0.127905 -0.073996 0.121962 -0.156420 -0.108446 0.100539 0.153658 -0.306940 -0.193326 0.122858 0.062990 0.205260 -0.108969 -0.010318 -0.121203 -0.322403 -0.288551 0.122814 -0.083454 -0.015347 -0.069017 -0.207177 -0.136059 -0.257559 -0.143484 -0.100159 -0.024135 0.024477 0.187266 0.059956 -0.081399 0.330926 0.199960 -0.218375 0.107158 -0.072220 0.091169 -0.011757 0.012217 0.079559 0.005476 0.038621 -0.051412 0.219117 0.087268 -0.299207 -0.370896 -0.072030 -0.172864 0.206061 -0.200481 0.039835 0.200906 0.424017 0.066098 -0.131473 -0.170368 -0.257644 0.016660 -0.114737 0.151233 0.265733 -0.143287 0.027935 -0.237126 -0.360763 -0.016725 -0.140059 0.130248 -0.063909 0.027523 0.228611 -0.171189 0.157053 -0.141485 0.051104 -0.177118
-0.082343 -0.003450 -0.097644 -0.089445 -0.007882 0.212032 -0.212213 -0.211263 -0.191886 -0.215293 -0.247548 0.039895 -0.343274 -0.126976 -0.230241 -0.032492 -0.002440 0.080523 -0.305216 0.001622 0.275885 0.251245 0.133708 0.193766 0.240291 0.321411 0.622970 1.000000 -0.050516 0.004673 0.026951 0.131508 0.175689 0.158763 0.024120 0.254089 -0.146446 -0.138527 0.122091 0.202371 0.002389 0.078204 -0.171254 0.073170 0.229412 0.197958 -0.178959 -0.076176 0.127775 0.084664 0.167278 -0.138624 -0.147456 -0.180168 -0.139982 -0.036569 0.372410 0.208381 0.115697 0.042007 -0.085950 -0.076670 -0.051483 0.055361 -0.475918 -0.254462 0.131042 0.268202 0.313569 0.118715 0.488833 0.244321 -0.176259 -0.030167 -0.226848 -0.219362 -0.144138 -0.060858 0.276008 0.188736 0.394095 0.182482 0.213189 0.084134 -0.155395 -0.166226 0.011021 0.052330 0.084525 -0.108773 0.099025 0.209266 0.116277 -0.052487 0.022025 -0.224730 -0.005387 -0.359984 0.137207 0.047002 -0.006973 -0.159539 -0.061277 -0.126394 -0.030713 -0.146760 0.092256 -0.120155 -0.264112 0.246076 -0.002542 -0.377342 0.087451 -0.056968 -0.058655 -0.216065
0.320781 -0.248912 0.188281 -0.253498 -0.334545 -0.378742 0.188116 -0.132575 -0.206465 -0.272030 0.438907 -0.038817 0.112363 -0.055113 0.083583 -0.293978 0.452468 0.363755 0.505210 0.412092 -0.059251 0.032624 0.153291 -0.284488 0.226047 -0.124029 -0.074053 -0.050516 1.000000 0.312292 0.240735 0.147094 -0.228797 -0.045332 -0.453679 -0.385131 0.195040 -0.143245 -0.108198 -0.082472 0.311103 0.053474 -0.123803 -0.134592 -0.172475 -0.296061 0.018805 -0.146581 -0.129726 -0.308694 -0.221612 -0.195645 -0.022221 0.423889 -0.072596 -0.181258 -0.022540 0.012579 -0.467881 -0.534593 -0.059698 -0.432466 -0.040548 -0.015473 -0.012607 -0.297492 -0.611142 -0.645705 -0.355929 -0.211717 0.173777 0.359871 0.661815 0.209032 0.144442 0.050539 0.139430 -0.144350 0.121001 0.024983 0.087915 0.203152 0.651641 0.101222 0.392517 -0.015533 -0.028139 0.067169 0.189309 0.016290 0.077254 0.039513 -0.051035 0.115152 0.070758 -0.077075 -0.178684 0.085118 -0.292555 -0.087849 0.089621 0.199481 -0.087733 0.064904 0.290791 0.366725 -0.219526 0.336983 0.002071 -0.050296 -0.163817 -0.039779 0.052250 -0.025655 0.211993 0.185829
-0.400719 0.204415 -0.387620 -0.346390 -0.430429 -0.182646 -0.191532 -0.134336 -0.389328 -0.233819 -0.389000 -0.046547 0.052777 0.246453 -0.311940 -0.110015 0.440171 0.599656 -0.135607 0.327521 -0.085313 -0.015721 -0.510274 -0.267814 -0.026538 -0.159264 -0.073653 0.004673 0.312292 1.000000 -0.380659 -0.104815 0.432861 0.382349 -0.388348 -0.393307 0.241546 0.508990 0.021130 0.095563 0.494234 0.272071 0.028373 -0.048737 0.108192 -0.275917 0.140442 0.028624 0.146628 0.082893 -0.339285 0.272349 -0.229131 -0.097684 -0.111597 0.103373 0.416700 0.441495 -0.085814 0.177350 -0.044085 0.166572 0.339499 0.364219 -0.481844 -0.274005 -0.199505 -0.373838 0.222902 0.212450 -0.092909 0.188731 0.635538 0.338264 0.130567 0.016921 0.060158 -0.047655 0.415367 0.398046 0.483574 0.517726 -0.179587 0.337121 0.192940 0.358817 -0.457238 -0.038817 -0.510762 0.103471 -0.279956 -0.317697 -0.318659 -0.428645 0.175547 -0.116064 0.003562 -0.044241 -0.214041 -0.154055 -0.050320 -0.311804 -0.233087 -0.345901 0.063924 0.154631 -0.156252 0.276393 0.027053 -0.211925 -0.141752 0.029983 -0.225416 -0.238908 0.032557 0.225557
0.457720 -0.497950 0.638097 0.137483 0.266096 0.097023 0.459922 -0.063775 0.149644 0.035639 0.591472 -0.248714 0.036833 -0.220055 0.227047 -0.085883 -0.384956 -0.422403 0.587015 0.118833 0.170025 0.208503 0.664611 0.384849 0.035562 0.255919 0.261048 0.026951 0.240735 -0.380659 1.000000 0.561475 -0.341337 -0.103062 0.237158 0.245402 -0.083391 -0.473751 -0.063137 -0.148196 -0.107433 -0.071287 0.146766 0.034525 0.058464 0.166768 -0.133501 -0.061286 -0.124036 0.067517 0.117286 -0.278497 -0.020997 0.096958 -0.236015 -0.190707 -0.416054 -0.339285 -0.167446 -0.473027 -0.427146 -0.740563 -0.572201 -0.511124 0.222394 -0.179523 -0.118814 -0.070358 -0.118529 -0.313510 0.236595 0.352346 -0.029390 -0.097108 0.020596 0.119368 -0.078367 -0.239156 -0.492618 -0.496575 -0.469845 -0.343655 0.376774 -0.299235 0.205857 -0.470262 0.273143 0.111889 0.543838 -0.255607 0.006684 0.216839 0.376256 0.279685 0.076464 0.365575 -0.223718 0.162368 -0.094218 -0.048165 0.317334 0.218990 0.157269 0.068858 -0.049888 0.037981 -0.048476 0.046003 0.328314 0.320417 -0.033248 0.104496 0.433563 0.291267 0.085776 0.046094
0.123190 -0.112180 0.084975 -0.018122 0.245088 0.041638 0.081360 -0.254840 0.179355 -0.261307 0.321639 0.065862 0.052067 -0.144857 0.237387 0.134690 -0.316324 -0.027996 0.354287 0.296849 0.525638 0.648408 0.074179 -0.059529 -0.240051 0.084946 0.332851 0.131508 0.147094 -0.104815 0.561475 1.000000 -0.162053 0.172455 0.052550 0.089000 -0.067490 -0.268055 -0.110796 -0.207842 0.078217 0.028788 -0.044333 0.163435 0.334683 0.401999 -0.054238 0.034571 -0.211544 0.250568 0.085708 -0.201240 -0.185644 -0.010753 -0.539980 -0.200042 -0.166924 -0.127134 -0.287761 -0.420772 -0.629065 -0.444388 -0.634546 -0.300362 0.131859 0.062454 -0.228658 -0.041869 -0.128732 -0.052693 0.364663 0.601601 -0.118568 -0.061817 -0.150259 -0.001830 -0.145770 -0.285630 -0.099268 -0.087555 -0.165339 -0.011816 0.223325 0.031522 0.211069 -0.196938 -0.048139 0.189789 0.316143 -0.145542 -0.396958 -0.159582 0.033918 -0.085944 0.155113 0.248713 -0.067188 0.212543 -0.398429 -0.119272 0.261991 -0.167171 -0.031822 -0.227044 -0.163542 0.183034 -0.315958 0.219533 0.224647 0.047303 0.047813 0.020862 -0.130281 -0.126988 0.165323 0.311446
-0.321867 0.241746 -0.570190 -0.357853 -0.273064 -0.115007 -0.365694 -0.277015 -0.198396 -0.180203 -0.556530 -0.204123 -0.191076 -0.028497 -0.343319 -0.095993 0.267575 0.440244 -0.495154 0.320591 0.155769 -0.083232 -0.570073 -0.087369 0.040620 -0.029941 0.026028 0.175689 -0.228797 0.432861 -0.341337 -0.162053 1.000000 0.819940 0.159674 0.165163 0.273679 0.366570 0.276253 0.391392 0.256559 0.076099 0.139894 0.106321 0.204024 -0.087945 0.256975 0.053212 -0.059886 -0.013286 -0.166237 0.043324 -0.232646 -0.434027 -0.074008 0.208828 0.705714 0.732300 0.341063 0.336093 0.218695 0.376393 0.312972 0.513161 -0.605688 -0.251529 0.349243 0.249280 0.697232 0.630929 -0.318256 -0.131084 0.210121 -0.077427 -0.123868 -0.228758 -0.168194 0.015309 0.625648 0.554593 0.639830 0.558506 -0.376266 0.251034 0.110461 0.464437 -0.145971 0.190967 -0.589338 0.061896 -0.289495 -0.364622 -0.267663 -0.604208 0.205556 -0.056846 0.301274 -0.204389 -0.016556 -0.341794 -0.166737 -0.535987 -0.201638 -0.465704 -0.352112 -0.396588 0.306675 -0.296513 -0.096965 0.086587 -0.010177 -0.214756 -0.392590 -0.294228 -0.438816 -0.088131
-0.132293 0.142920 -0.446044 -0.367725 -0.181552 -0.196629 -0.221018 -0.362087 -0.073894 -0.311877 -0.265697 -0.206316 -0.104879 -0.122104 -0.158874 -0.129955 0.228723 0.497557 -0.245971 0.579156 0.180137 0.090372 -0.488624 -0.275595 -0.011563 -0.086857 0.016264 0.158763 -0.045332 0.382349 -0.103062 0.172455 0.819940 1.000000 0.132980 0.149788 0.139613 0.123809 0.262580 0.209230 0.194486 0.055730 0.071167 0.123195 0.163169 -0.099010 0.253337 0.081088 -0.203868 -0.012261 -0.123820 -0.061101 -0.351919 -0.323148 -0.208119 0.118504 0.596395 0.756483 0.277188 0.156139 0.082326 0.209823 0.055221 0.508864 -0.378188 -0.205169 0.218411 0.181647 0.632413 0.603866 -0.128422 0.118098 0.176674 -0.148057 -0.199779 -0.263862 -0.242283 -0.065106 0.554107 0.504275 0.536227 0.577204 -0.158925 0.174117 0.229946 0.308529 -0.232574 0.240656 -0.423172 0.062247 -0.424945 -0.403857 -0.372559 -0.561211 0.149279 0.016134 0.269837 -0.170792 -0.181845 -0.461718 -0.248244 -0.482882 -0.362963 -0.442200 -0.341551 -0.366760 0.212631 -0.253249 -0.001773 0.020702 -0.110299 -0.199659 -0.389984 -0.191528 -0.355420 -0.090559
0.128826 -0.145027 -0.014207 0.120169 0.177769 0.270988 -0.098622 -0.021416 0.023571 0.081947 -0.015809 -0.273939 -0.177596 -0.219057 -0.102594 -0.083504 -0.208832 -0.213788 -0.089963 -0.077909 0.073554 -0.097785 0.053717 0.254133 -0.121053 0.084535 0.130010 0.024120 -0.453679 -0.388348 0.237158 0.052550 0.159674 0.132980 1.000000 0.750258 -0.115035 0.009115 -0.240661 0.080785 -0.446270 0.041876 0.023501 -0.020534 0.056604 0.184072 -0.208409 0.070469 0.007755 0.138330 0.071532 -0.117249 -0.147404 -0.214503 -0.286478 -0.127729 -0.069600 0.008611 0.376313 0.187688 0.087090 -0.053566 -0.053393 -0.031152 0.120641 0.069578 0.582140 0.658504 0.310010 0.023245 -0.102487 -0.059237 -0.232151 0.004630 0.146268 0.200763 0.262099 0.511818 -0.139215 0.046811 -0.100227 -0.050997 -0.157172 -0.240617 0.016974 0.008444 0.197501 0.188405 0.070089 -0.260988 -0.070749 0.111357 0.160139 0.041322 -0.283080 -0.082278 -0.151968 -0.143697 0.059903 -0.050987 -0.058411 0.008631 0.037330 0.034360 -0.357004 -0.545865 0.317993 -0.515641 -0.134325 0.143860 0.260775 -0.127680 0.157464 -0.069415 -0.476724 -0.530733
0.094632 -0.045383 0.022796 0.192895 0.256536 0.384303 -0.095030 0.079893 0.035813 0.107987 -0.001216 -0.031306 -0.159148 -0.056164 0.038768 0.044496 -0.292759 -0.297063 -0.131703 0.005079 0.232325 0.057310 0.118869 0.184604 0.067717 0.162673 0.317253 0.254089 -0.385131 -0.393307 0.245402 0.089000 0.165163 0.149788 0.750258 1.000000 -0.158213 -0.051869 0.005322 0.155722 -0.317322 0.092213 -0.168723 -0.080520 0.150325 0.256838 -0.205538 -0.142792 0.042432 0.109867 0.237242 -0.171508 -0.066737 -0.272020 -0.142567 -0.169364 -0.023072 -0.042106 0.319003 0.121932 -0.057043 -0.038793 -0.264909 -0.256163 0.056084 0.013090 0.511722 0.571175 0.251569 0.063345 0.130850 0.098162 -0.315462 0.117360 0.128666 0.281293 0.239420 0.433387 -0.089006 -0.044368 -0.136952 -0.154103 -0.095419 -0.127281 -0.092197 -0.107973 0.105899 0.210731 0.070650 -0.302487 0.040229 0.134649 0.308413 -0.006996 -0.234479 -0.100221 -0.082311 -0.166209 0.119120 0.006081 0.065384 -0.051432 0.087501 -0.068321 -0.318111 -0.476908 0.255481 -0.456514 -0.176191 0.026021 0.154320 -0.301170 0.195231 -0.134608 -0.360767 -0.467568
