1.000000 0.479131 -0.087541 -0.604918 -0.176467 -0.257521 0.014154 -0.366951 -0.263657 0.082341 0.535779 0.387716 0.551069 0.192049 0.016335 -0.205521 0.239316 0.344974 -0.056775 -0.173521 -0.538089 -0.468283 -0.393664 -0.474572 -0.470156 -0.510826 -0.011876 -0.246077 0.118227 0.020998 -0.634553 -0.679376 0.197724 -0.195327 -0.472810 -0.561619 -0.010315 0.054010 -0.181337 0.073050 0.086227 -0.131849 -0.411205 -0.296013 -0.052954 -0.079170 -0.414216 -0.092376 0.428916 0.276875 -0.399471 0.132805 0.117294 -0.144710 0.320401 -0.109484 0.055037 0.492999 0.803566 0.474608 0.641299 0.500068 0.326388 0.315275 0.019097 0.426000 0.577234 -0.304916 0.289015 0.265910 -0.105915 -0.457898 -0.037600 0.043895 -0.027468 -0.026327 0.343404 0.225104 -0.135605 -0.085106 -0.085882 -0.090595 0.268963 -0.030359 -0.009592 -0.234899 0.201766 0.162977 -0.238073 0.065451 -0.019399 0.190088 -0.266093 -0.249476 -0.081154 0.018706 -0.208683 -0.144353 0.238507 0.016921 -0.223673 -0.097293 -0.081980 -0.005132 0.027211 -0.025455 0.213134 0.129863 -0.027206 -0.046289 -0.150555 -0.046149 0.090055 -0.181177 -0.034655 0.002848
0.479131 1.000000 -0.132563 -0.036812 0.055250 -0.065562 -0.008867 0.112782 0.043050 -0.121224 0.323273 0.724756 0.387598 0.397620 0.209629 0.419126 0.008190 0.434602 0.063000 -0.126384 -0.491929 -0.412702 -0.167190 -0.170268 -0.400771 -0.222902 0.207787 0.045062 -0.211304 -0.020393 -0.382835 -0.314096 -0.293617 -0.045219 -0.492003 -0.370282 -0.345252 -0.206339 -0.388267 -0.225733 -0.363895 -0.298086 -0.594124 -0.483163 -0.487742 -0.224578 -0.402098 -0.426535 0.078929 -0.024499 -0.010276 0.201799 0.164207 -0.018663 0.065521 -0.322352 -0.131121 0.393753 0.355991 -0.008661 0.319818 0.296196 0.208351 0.114067 0.506611 0.599158 0.211310 -0.089845 0.136637 0.282799 -0.505877 -0.493932 -0.476139 -0.087944 -0.250968 -0.197681 0.096510 -0.091575 -0.256225 -0.091518 -0.284858 -0.257836 -0.024315 0.146074 0.105360 0.074463 0.021295 -0.000483 0.136540 0.255522 0.046733 0.002645 0.172155 0.089532 -0.413144 -0.165053 -0.485771 -0.461857 -0.077928 -0.305810 0.255589 0.164339 0.318848 0.207068 0.315646 0.201083 0.194721 0.080657 -0.089921 -0.355133 -0.399419 -0.350650 -0.011976 -0.063496 0.115004 0.052143
-0.087541 -0.132563 1.000000 0.073552 0.263105 0.214981 0.437158 0.218940 0.216191 -0.067908 -0.159148 0.043006 0.048725 -0.065713 -0.099341 -0.158275 -0.520430 -0.273920 0.038814 0.067983 0.156240 0.114540 0.303228 0.084503 0.324671 0.144857 0.359417 0.034483 -0.248705 -0.262772 0.267765 0.141498 -0.178342 -0.041846 0.241962 0.329073 -0.152146 -0.188453 0.090434 -0.173218 -0.261172 -0.080156 0.055007 0.025698 -0.024430 0.079145 -0.199566 -0.240506 0.261824 -0.217357 0.435219 0.205366 -0.078196 -0.182620 -0.156452 -0.158620 -0.455331 -0.299262 -0.182580 -0.238124 -0.178705 -0.335168 -0.232777 -0.277009 0.144116 -0.020472 0.018895 0.348011 -0.370051 -0.480395 0.176911 0.116883 -0.240672 -0.134028 -0.074987 -0.044078 -0.101700 -0.077749 -0.291359 -0.437630 -0.294719 -0.342790 -0.182924 -0.125057 -0.086297 0.093856 -0.153213 -0.102112 0.285765 0.034386 -0.005714 0.060441 0.128790 0.253769 -0.016216 -0.131458 -0.127566 -0.238887 -0.325249 -0.202000 0.128174 0.313196 -0.019337 -0.033416 0.018130 0.124435 -0.010127 0.099655 -0.153311 -0.176038 0.000101 -0.191189 -0.030611 -0.163968 -0.115466 0.133555
-0.604918 -0.036812 0.073552 1.000000 0.252223 0.500046 -0.166918 0.464029 0.157109 0.051333 -0.136744 -0.048875 -0.500437 -0.248159 0.261494 0.330019 -0.595170 -0.507384 0.108140 0.253301 0.331545 0.613668 0.520064 0.719893 0.419696 0.752032 0.192531 0.611522 -0.431149 -0.323929 0.652831 0.688900 -0.432180 0.013383 0.248354 0.455038 -0.262755 -0.280333 -0.057459 -0.183152 -0.405934 -0.092092 0.302124 0.349956 -0.064292 0.149431 0.265481 0.058390 -0.270472 -0.296429 0.560946 -0.009816 -0.202797 0.038385 -0.288942 -0.070399 -0.349653 -0.635734 -0.658149 -0.558166 -0.686767 -0.499197 -0.545988 -0.670498 -0.023118 -0.355635 -0.385296 0.392401 -0.212823 -0.104972 -0.068112 0.388467 -0.332509 -0.214822 -0.212045 -0.038047 -0.374124 -0.248685 -0.172117 -0.272990 -0.290023 -0.401816 -0.171281 0.104730 0.216756 0.414541 0.049923 0.023432 0.292585 -0.060241 0.107475 -0.087003 0.545079 0.414138 -0.209049 -0.298583 0.068027 -0.160629 -0.349482 -0.193508 0.454464 0.212377 0.238664 0.085035 0.215518 0.151790 -0.049850 -0.066728 -0.210903 -0.207201 0.100797 -0.196122 -0.196382 0.094724 0.122004 0.060134
-0.176467 0.055250 0.263105 0.252223 1.000000 0.327303 0.394789 0.504473 0.353212 0.116615 0.091687 0.149213 0.164502 0.048541 0.235248 0.227650 -0.254078 -0.298666 -0.197038 0.017967 -0.091308 0.029149 0.127785 0.266657 -0.103361 0.103077 0.567991 0.134145 -0.203659 -0.261517 0.070060 0.147975 -0.340052 -0.130905 0.113846 0.057724 0.003526 -0.033334 0.092393 0.070291 -0.306808 0.005345 0.057381 -0.057314 -0.161704 0.091094 -0.012022 -0.242892 -0.046687 -0.237889 0.092348 -0.005901 0.089790 -0.005783 -0.096482 -0.032016 -0.314790 -0.428201 -0.178445 -0.307224 -0.186967 -0.281440 -0.196285 -0.390610 0.203810 0.146391 -0.068351 0.381430 -0.056845 -0.224116 -0.223681 -0.128430 -0.233094 -0.289282 -0.276869 -0.297542 -0.165543 -0.334502 -0.202841 -0.331323 -0.263176 -0.374859 -0.058347 0.066165 0.089090 0.218369 0.030016 0.195731 0.280342 0.209262 0.121216 0.091061 0.236038 0.327449 -0.308106 -0.128898 -0.192270 -0.111534 -0.348901 -0.293821 0.101638 0.139338 -0.181305 0.049848 0.096800 0.134326 0.150588 0.007197 -0.196758 -0.184745 -0.344017 -0.326619 0.044901 -0.148449 -0.011896 0.138438
-0.257521 -0.065562 0.214981 0.500046 0.327303 1.000000 -0.375707 0.035810 0.199863 0.548730 0.172651 0.105930 -0.329994 -0.517667 0.305000 -0.071885 -0.491297 -0.469590 0.038053 0.284174 0.352662 0.399892 0.575190 0.619033 0.502746 0.698135 0.460140 0.681845 -0.354916 -0.447199 0.396896 0.237327 -0.328185 -0.197204 0.395286 0.533064 0.128498 -0.087831 0.126303 0.009034 -0.295405 0.100494 0.259838 0.348696 0.013285 0.311574 0.076879 0.068440 0.218333 -0.102008 0.579270 0.268790 -0.171613 -0.017839 -0.215015 -0.083454 -0.256973 -0.437613 -0.441851 -0.648423 -0.573287 -0.495779 -0.577611 -0.577784 -0.323175 -0.392889 -0.123074 0.396218 -0.067483 -0.288720 0.236356 0.328891 -0.176096 -0.060748 -0.037832 0.143819 -0.073478 0.057814 -0.156887 -0.174168 -0.306022 -0.351713 -0.008177 -0.188956 0.270000 0.183996 0.039598 0.126316 0.434687 -0.050848 0.208007 0.063889 0.275229 0.142358 -0.039787 -0.154110 0.063494 -0.039235 -0.313568 -0.240204 -0.021041 -0.157996 -0.118955 -0.321354 -0.089906 -0.014454 0.108913 -0.083547 -0.186070 -0.017690 0.112048 0.054333 -0.013108 -0.231171 0.165698 0.194302
0.014154 -0.008867 0.437158 -0.166918 0.394789 -0.375707 1.000000 0.432630 0.231904 -0.332430 -0.185530 -0.062484 0.296219 0.253694 -0.086875 0.126444 -0.028873 -0.083097 0.012993 -0.077667 -0.274552 -0.157388 -0.115121 -0.222559 -0.286296 -0.377736 0.195580 -0.438291 -0.009510 -0.059105 -0.068047 0.071534 -0.032548 0.076980 -0.100039 -0.199333 -0.229451 -0.124980 0.045015 -0.104176 -0.044550 -0.104468 -0.061884 -0.259568 -0.077421 -0.225703 -0.101825 -0.296797 -0.144018 -0.226838 -0.120903 -0.186003 0.320048 -0.016027 0.033505 -0.005464 -0.209172 -0.167776 0.088488 0.204511 0.149760 -0.096320 0.176660 0.067379 0.435548 0.257963 -0.076253 0.025571 -0.216047 -0.360978 -0.286177 -0.285756 -0.160700 -0.397254 -0.217593 -0.405619 -0.173971 -0.389330 -0.131658 -0.262473 0.079626 -0.074850 0.015777 0.321778 -0.059739 0.146824 -0.084698 0.054888 0.024040 0.211891 -0.130633 -0.002666 -0.018661 0.109847 -0.170491 -0.170625 -0.264813 -0.218154 -0.148982 -0.122106 0.148088 0.332031 -0.058482 0.156244 0.149611 0.040915 0.025256 0.056501 -0.113268 -0.262364 -0.229983 -0.318198 -0.017629 -0.001890 -0.371186 -0.040732
-0.366951 0.112782 0.218940 0.464029 0.504473 0.035810 0.432630 1.000000 0.185345 -0.159355 -0.379207 -0.039920 -0.030541 0.316812 -0.220697 0.488186 -0.185420 -0.215722 -0.354798 -0.174357 0.048288 0.190246 -0.095460 0.110419 0.022556 0.081175 0.275577 -0.010136 -0.273606 -0.091838 0.126900 0.306297 -0.240009 0.075948 -0.031731 0.163678 -0.349746 -0.423160 -0.163620 -0.352597 -0.431839 -0.291205 0.176146 -0.024839 -0.140658 -0.006005 0.080477 -0.161097 -0.391727 -0.226450 0.141554 0.050039 0.127058 0.028471 -0.320652 -0.329359 -0.024010 -0.351982 -0.239517 -0.125684 -0.132915 -0.023716 -0.069707 -0.171790 0.285966 0.315102 -0.273564 0.360309 -0.112730 -0.032362 -0.411669 0.019803 -0.357689 -0.318644 -0.341316 -0.470732 -0.427694 -0.445737 -0.037487 -0.164500 -0.031567 -0.225639 -0.493275 0.036263 -0.229299 0.085871 -0.325195 -0.228452 0.052528 -0.017711 0.131745 -0.099826 0.566835 0.407047 -0.412851 -0.405411 -0.256100 -0.293970 -0.141556 -0.097934 0.545319 0.435261 0.291224 0.300227 0.462303 0.307220 0.066004 -0.029335 -0.324197 -0.360179 -0.213399 -0.284843 -0.049388 0.229622 0.048190 -0.077155
-0.263657 0.043050 0.216191 0.157109 0.353212 0.199863 0.231904 0.185345 1.000000 0.205705 -0.065893 0.144673 -0.046962 -0.159813 0.304518 0.212964 -0.187120 -0.250032 0.374798 0.128960 -0.017763 -0.003601 0.507436 0.205695 0.181374 0.192210 0.333679 0.155161 -0.287804 -0.229122 0.187035 0.118872 -0.358711 0.008664 0.196834 0.232950 0.138210 0.106938 0.201938 0.098467 0.058091 0.199583 0.000624 -0.073411 -0.372644 -0.107526 0.011987 -0.229576 -0.234609 -0.383836 0.325015 -0.108606 0.022405 -0.001988 -0.140894 0.079970 -0.238921 -0.231849 -0.329933 -0.319953 -0.406466 -0.333104 -0.340059 -0.295470 0.160428 -0.066339 -0.454830 0.051246 -0.097709 -0.278586 -0.011460 -0.131055 -0.172589 -0.221875 -0.173802 -0.082488 -0.080034 -0.205357 0.101724 0.000281 0.122954 0.035147 0.049762 0.144993 0.340928 0.386592 0.199354 0.069556 0.572218 0.254717 -0.104233 -0.219581 0.028910 0.161339 -0.133542 0.070991 -0.213210 -0.191300 -0.354440 -0.341749 0.020249 -0.048449 -0.083828 -0.155861 -0.139778 -0.141020 -0.195032 -0.101404 0.070233 -0.088890 -0.124066 -0.218058 -0.206788 -0.103874 -0.144925 0.035507
0.082341 -0.121224 -0.067908 0.051333 0.116615 0.548730 -0.332430 -0.159355 0.205705 1.000000 0.307499 0.017346 -0.048702 -0.436142 0.201015 -0.359327 0.067121 -0.186623 0.196669 0.310013 0.069271 0.029024 0.309093 0.339214 0.289293 0.302320 -0.054622 0.168292 -0.019868 -0.276454 0.092023 -0.054797 0.001197 -0.129760 0.194024 0.185528 0.465923 0.222074 0.162582 0.305672 0.128698 0.446031 0.108557 0.049381 -0.089510 0.090982 -0.023725 0.104352 0.119020 0.005568 0.159522 0.072744 0.024492 -0.176796 -0.081530 -0.035235 0.072802 -0.022006 -0.104008 -0.222194 -0.260215 -0.136889 -0.214189 -0.146406 -0.353411 -0.217379 -0.060758 0.003186 0.343205 -0.021889 0.270060 -0.018096 0.143111 0.147546 0.371205 0.182326 0.207649 0.263160 0.074240 0.135812 0.079749 0.020849 0.251104 -0.132152 0.319286 0.053969 -0.032276 0.291736 0.132411 -0.086018 0.165285 0.035770 0.007135 -0.259691 0.088746 0.098698 -0.050354 -0.002801 -0.146184 -0.257164 -0.393727 -0.531830 -0.370507 -0.595857 -0.426795 -0.338866 -0.107961 -0.316579 -0.007948 0.266414 0.057808 0.097783 -0.132163 -0.294826 -0.004903 -0.082610
0.535779 0.323273 -0.159148 -0.136744 0.091687 0.172651 -0.185530 -0.379207 -0.065893 0.307499 1.000000 0.411273 0.392979 -0.252379 0.578935 -0.145864 0.080379 0.002727 0.180222 0.061444 -0.367553 -0.254862 0.129001 0.048571 -0.195186 -0.028054 0.263373 0.147085 0.027941 -0.164926 -0.182400 -0.302085 -0.046973 -0.209456 0.017304 -0.182437 0.129714 0.175399 -0.015197 0.225244 0.014458 0.162235 -0.136530 -0.049140 0.051298 0.114396 -0.015980 -0.069935 0.257664 -0.079961 -0.027241 -0.090678 -0.196312 -0.275352 0.172939 0.055476 -0.045974 0.050810 0.142718 -0.033872 0.017194 -0.060184 -0.061184 -0.192686 -0.054195 -0.083003 0.344401 0.023152 0.071543 0.075690 0.015380 -0.237231 0.051345 0.075592 -0.008694 0.261119 0.315155 0.268345 -0.039243 -0.055146 -0.110111 -0.119352 0.281140 0.045380 0.435702 0.091257 0.218167 0.264060 0.050796 -0.074423 -0.183368 -0.065004 -0.165309 -0.078837 -0.147617 0.081476 -0.084524 -0.087953 -0.138235 -0.214897 -0.133496 -0.152156 -0.199235 -0.138691 -0.085852 -0.036889 0.114350 -0.092561 -0.036855 0.016604 -0.010787 -0.097676 -0.132801 -0.286681 0.003113 0.031588
0.387716 0.724756 0.043006 -0.048875 0.149213 0.105930 -0.062484 -0.039920 0.144673 0.017346 0.411273 1.000000 0.320076 0.128745 0.340810 0.203589 0.024859 0.345642 0.107321 -0.084365 -0.296658 -0.326279 0.015282 -0.178764 -0.255256 -0.096033 0.368847 0.173067 -0.065463 0.033201 -0.211721 -0.305075 -0.182613 -0.024413 -0.134339 -0.208276 -0.094727 -0.062119 -0.145691 -0.115053 -0.091081 -0.126231 -0.384703 -0.297159 -0.337786 -0.089630 -0.308551 -0.415481 0.082759 -0.184768 0.089437 0.004490 -0.050118 -0.109471 0.065227 -0.200840 -0.108848 0.273908 0.143738 -0.199805 0.134964 -0.035721 0.071170 0.007306 0.399772 0.283529 0.148540 -0.004958 0.050191 0.240015 -0.240839 -0.302474 -0.230217 -0.026090 -0.128476 -0.088370 0.205927 -0.005141 -0.007898 0.115515 -0.090938 -0.050565 0.058755 0.128865 0.274759 0.268124 0.001571 0.057531 0.209922 0.137143 -0.161609 -0.174273 -0.049354 0.029139 -0.319473 -0.239938 -0.291193 -0.352802 -0.199580 -0.402594 0.080814 0.060758 0.048444 0.006635 0.009627 0.063069 -0.016419 0.003583 0.006243 -0.384987 -0.434788 -0.383610 -0.183328 -0.203289 -0.016454 0.118124
0.551069 0.387598 0.048725 -0.500437 0.164502 -0.329994 0.296219 -0.030541 -0.046962 -0.048702 0.392979 0.320076 1.000000 0.599412 0.185282 0.117356 0.313832 0.436716 -0.086597 -0.375712 -0.316304 -0.546026 -0.410781 -0.541574 -0.473148 -0.584345 0.147347 -0.364685 0.238031 0.142744 -0.530652 -0.454985 0.161544 0.058644 -0.431611 -0.468757 -0.048323 0.030383 -0.175458 0.027134 0.072823 0.021577 -0.453993 -0.499569 -0.303837 -0.439260 -0.409833 -0.382876 0.150712 -0.010163 -0.384007 0.053157 0.176848 -0.131753 0.199989 -0.205512 0.183171 0.469500 0.553661 0.394877 0.638050 0.481515 0.435684 0.379011 0.300389 0.606964 0.241862 -0.191175 0.065014 0.168467 -0.172034 -0.469433 -0.003793 0.063578 -0.053721 0.032628 0.357715 0.112127 -0.104625 -0.036719 -0.062540 -0.030164 -0.025662 0.041574 -0.128165 -0.231826 -0.173568 -0.020030 0.005828 0.141597 -0.204674 -0.187069 -0.225756 -0.126491 -0.211731 0.044316 -0.303391 -0.188387 -0.008197 -0.210790 0.002430 0.083422 0.093824 0.116872 0.087906 0.021613 0.346872 -0.159809 -0.025697 -0.090701 -0.490081 -0.349225 -0.198330 -0.039815 -0.023244 -0.072333
0.192049 0.397620 -0.065713 -0.248159 0.048541 -0.517667 0.253694 0.316812 -0.159813 -0.436142 -0.252379 0.128745 0.599412 1.000000 -0.159647 0.455359 0.212322 0.557230 -0.229146 -0.347313 -0.152019 -0.290283 -0.569814 -0.535302 -0.321940 -0.509810 0.007255 -0.372506 0.128104 0.336314 -0.379715 -0.164991 0.131860 0.322973 -0.533485 -0.377332 -0.308548 -0.156842 -0.345612 -0.211463 -0.042881 -0.258469 -0.439264 -0.440289 -0.343839 -0.500302 -0.323078 -0.243770 -0.195017 0.129064 -0.439559 0.086960 0.182993 0.162265 -0.017424 -0.268328 0.153421 0.428387 0.474933 0.347367 0.621284 0.644405 0.462067 0.461806 0.442583 0.755644 -0.073321 -0.238831 0.056905 0.238867 -0.348425 -0.248486 -0.244686 -0.000208 -0.192707 -0.176024 0.048345 -0.060643 -0.086261 -0.042555 -0.113391 -0.011972 -0.263182 0.081126 -0.484716 -0.364116 -0.338888 -0.296531 -0.186839 0.114277 -0.065058 -0.072275 -0.018644 0.018895 -0.181884 -0.049562 -0.196011 -0.160852 0.195417 -0.015229 0.187342 0.279175 0.368184 0.360515 0.268499 0.106385 0.199984 -0.067207 -0.038947 -0.113302 -0.420535 -0.246156 -0.020693 0.253120 0.104169 -0.043141
0.016335 0.209629 -0.099341 0.261494 0.235248 0.305000 -0.086875 -0.220697 0.304518 0.201015 0.578935 0.340810 0.185282 -0.159647 1.000000 0.243767 -0.183736 -0.145559 0.467711 0.271736 0.080394 0.107172 0.476711 0.309123 0.156848 0.360642 0.411406 0.517610 0.027989 -0.159522 0.319766 0.241287 -0.200957 0.199243 0.246582 0.108766 0.051102 0.243429 0.097646 0.242684 -0.018962 0.364986 -0.138277 -0.025361 -0.271056 -0.204020 0.040911 -0.105197 -0.066839 -0.423945 0.237546 -0.206448 -0.217408 -0.150187 0.030864 0.197606 -0.321560 -0.220992 -0.248117 -0.267378 -0.336123 -0.355095 -0.321019 -0.393622 0.131538 -0.238942 -0.246405 -0.009308 -0.081923 -0.210286 -0.011847 -0.015412 -0.072136 -0.054011 -0.103516 0.314711 0.263344 0.160629 0.069561 -0.068807 -0.138852 -0.097909 0.354906 0.417037 0.578324 0.377015 0.183776 0.216212 0.401324 0.068084 -0.419184 -0.323297 -0.268232 -0.114299 -0.194625 0.012408 0.079554 -0.128584 -0.494946 -0.503600 -0.175386 -0.257791 -0.206000 -0.300970 -0.305400 -0.331650 -0.037140 -0.392157 -0.039065 0.000756 -0.121483 -0.360566 -0.376120 -0.308211 -0.159481 -0.078162
-0.205521 0.419126 -0.158275 0.330019 0.227650 -0.071885 0.126444 0.488186 0.212964 -0.359327 -0.145864 0.203589 0.117356 0.455359 0.243767 1.000000 -0.085076 0.057267 0.022262 -0.117500 0.069910 0.216920 -0.061074 -0.053416 -0.058845 0.048554 0.292089 0.212293 0.039143 0.204761 0.150204 0.295945 -0.146566 0.336798 -0.116570 0.006668 -0.373355 -0.259751 -0.258061 -0.323735 -0.332492 -0.193244 -0.100003 -0.073129 -0.286623 -0.381176 0.140049 -0.148722 -0.315087 -0.330974 0.119453 -0.057589 0.064975 0.214125 -0.038987 -0.129388 -0.002018 -0.128276 -0.174614 0.006587 -0.048120 0.049580 0.006485 -0.119844 0.399828 0.271995 -0.298213 0.025269 -0.000192 0.182177 -0.459850 0.078215 -0.311534 -0.111607 -0.318912 -0.116733 -0.033476 -0.203897 -0.007415 -0.078899 -0.155681 -0.126873 -0.393044 0.358953 -0.151709 -0.037995 -0.193891 -0.342131 0.264200 0.047824 -0.172131 -0.370221 0.167283 0.182537 -0.502299 -0.368425 -0.019016 -0.296503 -0.091071 -0.142960 0.382624 0.330619 0.381748 0.281919 0.326036 0.176572 0.058224 -0.266324 -0.326553 -0.329183 -0.310292 -0.315864 -0.220752 0.114644 0.011188 -0.173872
0.239316 0.008190 -0.520430 -0.595170 -0.254078 -0.491297 -0.028873 -0.185420 -0.187120 0.067121 0.080379 0.024859 0.313832 0.212322 -0.183736 -0.085076 1.000000 0.571641 -0.150396 -0.314380 -0.269488 -0.475815 -0.532619 -0.494456 -0.431404 -0.552935 -0.351206 -0.576880 0.626930 0.594094 -0.457169 -0.383608 0.433624 0.156249 -0.192695 -0.488309 0.369386 0.286873 0.080697 0.144312 0.497968 0.242540 -0.265381 -0.409766 -0.042327 -0.332956 -0.091177 -0.131077 -0.227065 0.055781 -0.628367 -0.328521 0.248041 -0.001283 0.247417 0.089020 0.693557 0.598653 0.312837 0.487981 0.494345 0.445547 0.730363 0.750954 0.099977 0.232176 0.039278 -0.528353 0.356363 0.373293 -0.119326 -0.363439 0.563260 0.272004 0.354029 -0.055581 0.319925 0.166987 0.526945 0.704493 0.708144 0.712693 0.040596 0.114680 -0.028787 -0.143550 -0.251754 0.077046 -0.385822 0.064909 -0.270818 -0.289190 -0.426091 -0.497160 0.006240 0.152336 -0.124676 0.061744 0.169593 0.013867 -0.298144 -0.343595 -0.164941 -0.127947 -0.227001 -0.273707 -0.120508 -0.173393 0.227055 0.021488 -0.334024 -0.016625 -0.063217 0.012315 -0.175845 -0.217358
0.344974 0.434602 -0.273920 -0.507384 -0.298666 -0.469590 -0.083097 -0.215722 -0.250032 -0.186623 0.002727 0.345642 0.436716 0.557230 -0.145559 0.057267 0.571641 1.000000 -0.108465 -0.222848 -0.272041 -0.511433 -0.539568 -0.551300 -0.366504 -0.509271 -0.179670 -0.312521 0.373937 0.543195 -0.494742 -0.431665 0.189823 0.265120 -0.502358 -0.536780 0.094345 0.064631 -0.279346 -0.053713 0.120105 -0.106249 -0.552446 -0.524866 -0.366120 -0.461892 -0.320842 -0.218642 -0.044631 0.094700 -0.486313 -0.031300 0.146996 0.010251 0.120354 -0.205831 0.413998 0.825790 0.483576 0.356133 0.632642 0.587444 0.580769 0.722297 0.361657 0.529977 0.114210 -0.486746 0.212441 0.381562 -0.136193 -0.388808 0.169371 0.282004 0.173213 -0.078159 0.372444 0.253346 0.110744 0.410056 0.158108 0.391791 0.034668 -0.026582 -0.174480 -0.220815 -0.225529 -0.115758 -0.180661 0.120984 -0.102970 -0.117682 -0.290864 -0.356928 0.015241 0.219507 -0.211826 -0.114727 0.159696 -0.109055 -0.136995 -0.134054 0.183004 0.025444 0.067751 -0.094383 0.069115 0.054827 0.303766 0.035917 -0.368893 -0.172355 -0.075978 0.019549 -0.052475 -0.082866
-0.056775 0.063000 0.038814 0.108140 -0.197038 0.038053 0.012993 -0.354798 0.374798 0.196669 0.180222 0.107321 -0.086597 -0.229146 0.467711 0.022262 -0.150396 -0.108465 1.000000 0.560732 -0.043839 0.120668 0.623233 0.294442 0.290777 0.258044 -0.039823 0.130092 0.077206 -0.114237 0.400671 0.324243 0.025535 0.308399 0.207388 0.154318 -0.120115 0.030895 -0.057894 -0.034712 0.095799 0.236729 -0.171293 -0.112796 -0.227417 -0.277089 -0.102395 -0.079666 0.037506 -0.238637 0.370349 -0.074265 -0.071585 -0.122112 -0.138668 0.056013 -0.347320 -0.084652 -0.247778 -0.282953 -0.342477 -0.360961 -0.248655 -0.227715 0.158701 -0.274574 -0.307487 -0.107242 0.108819 -0.114588 0.038128 -0.014642 -0.044981 0.052958 0.219878 0.306881 0.221461 0.178128 0.025472 -0.052196 0.014051 0.070725 0.433718 0.291727 0.520557 0.197159 0.104833 0.004570 0.380587 -0.034440 -0.269520 -0.254158 -0.199485 -0.126286 -0.021716 -0.027539 -0.079507 -0.267520 -0.275910 -0.424452 -0.125954 -0.176334 -0.099660 -0.416227 -0.332763 -0.328130 -0.352157 -0.319181 0.023743 -0.021698 0.026474 -0.197609 -0.357066 -0.351226 -0.247799 -0.091540
-0.173521 -0.126384 0.067983 0.253301 0.017967 0.284174 -0.077667 -0.174357 0.128960 0.310013 0.061444 -0.084365 -0.375712 -0.347313 0.271736 -0.117500 -0.314380 -0.222848 0.560732 1.000000 -0.027842 0.267699 0.480269 0.581708 0.439465 0.461392 -0.026454 0.128043 -0.084759 -0.285615 0.593960 0.527182 0.004468 0.234381 0.251403 0.267554 -0.172634 -0.079091 -0.150228 -0.032630 -0.133835 0.155572 0.151730 0.209190 0.077182 0.096735 0.014504 0.309546 0.019843 -0.025820 0.302297 -0.028008 -0.188169 -0.164227 -0.351964 -0.070795 -0.292564 -0.258195 -0.335639 -0.342387 -0.513075 -0.429590 -0.404230 -0.378129 -0.122958 -0.398533 -0.294519 0.010317 0.165095 -0.224175 0.231337 0.221601 -0.149418 0.083532 0.240027 0.181318 -0.070541 0.096806 -0.190337 -0.187660 -0.133349 -0.074612 0.464152 0.249306 0.315283 0.106570 0.017476 -0.021886 0.041444 -0.248450 0.170596 0.195274 0.077700 -0.054158 0.004646 -0.061945 -0.105862 -0.151373 -0.271441 -0.283817 -0.224838 -0.176686 -0.171053 -0.375323 -0.198723 -0.147050 -0.308731 -0.161837 -0.202471 0.166489 0.281959 0.123323 0.139439 -0.292238 -0.086711 -0.057111
-0.538089 -0.491929 0.156240 0.331545 -0.091308 0.352662 -0.274552 0.048288 -0.017763 0.069271 -0.367553 -0.296658 -0.316304 -0.152019 0.080394 0.069910 -0.269488 -0.272041 -0.043839 -0.027842 1.000000 0.550869 0.332819 0.134226 0.634709 0.428869 0.142131 0.493180 0.012272 -0.034653 0.384948 0.281687 0.135473 0.234775 0.448005 0.661077 0.157562 0.129412 0.268894 0.123405 -0.028194 0.232905 0.390798 0.433387 0.085192 0.033103 0.224432 0.261152 -0.079540 -0.166830 0.437898 0.120925 -0.209281 0.183126 -0.107276 0.191782 -0.041540 -0.277461 -0.473937 -0.295137 -0.371945 -0.261321 -0.318901 -0.157295 -0.273779 -0.373978 -0.409906 0.237764 -0.265204 -0.148156 0.238729 0.622938 0.115142 0.117209 0.042029 0.215792 -0.037729 0.146640 0.179374 0.040461 -0.067408 0.036755 -0.253386 -0.231083 -0.102478 -0.044077 -0.167284 -0.198296 0.323671 -0.091177 -0.158411 -0.274827 -0.065678 -0.104988 0.181476 -0.017748 0.532026 0.288353 -0.108132 0.009897 -0.125584 -0.144741 -0.127177 -0.268305 -0.286378 -0.239977 -0.043207 -0.327087 -0.113740 0.217919 0.249810 0.131977 -0.137141 0.044086 0.038391 -0.176316
-0.468283 -0.412702 0.114540 0.613668 0.029149 0.399892 -0.157388 0.190246 -0.003601 0.029024 -0.254862 -0.326279 -0.546026 -0.290283 0.107172 0.216920 -0.475815 -0.511433 0.120668 0.267699 0.550869 1.000000 0.416096 0.370265 0.674010 0.667841 0.113689 0.571684 0.049539 0.015747 0.686015 0.664853 0.147559 0.390899 0.455076 0.593980 -0.098772 -0.218725 -0.023119 -0.196497 -0.144809 -0.109066 0.447491 0.613883 0.211027 0.125231 0.395691 0.403855 -0.011430 -0.237298 0.501682 0.002245 -0.361823 0.020894 -0.334116 0.001983 -0.209627 -0.584815 -0.512211 -0.379993 -0.574011 -0.485546 -0.602678 -0.573881 -0.273948 -0.530460 -0.340629 0.344550 -0.078790 -0.157034 0.142125 0.751747 0.039759 -0.082884 -0.035275 0.154426 -0.087001 0.184670 0.111476 -0.182421 -0.083630 -0.074503 -0.059530 0.052757 0.056836 0.021878 -0.015624 -0.149216 0.222171 -0.387898 -0.118502 -0.246986 0.040543 -0.009679 -0.119515 -0.393519 0.467636 -0.064319 -0.033986 -0.003468 0.015614 -0.027552 -0.078763 -0.227485 -0.039539 -0.126259 -0.087136 -0.276085 -0.314156 -0.070796 0.323895 0.027694 -0.257748 -0.080488 -0.126115 -0.244349
-0.393664 -0.167190 0.303228 0.520064 0.127785 0.575190 -0.115121 -0.095460 0.507436 0.309093 0.129001 0.015282 -0.410781 -0.569814 0.476711 -0.061074 -0.532619 -0.539568 0.623233 0.480269 0.332819 0.416096 1.000000 0.712261 0.622245 0.676808 0.325904 0.571942 -0.343251 -0.456382 0.583987 0.408032 -0.284549 0.051771 0.489794 0.585830 0.077301 0.064009 0.218759 0.069238 -0.095235 0.249325 0.219243 0.277387 -0.100068 0.101054 0.113175 0.033290 0.040629 -0.330190 0.700184 0.049706 -0.227342 -0.064266 -0.221104 0.149744 -0.481691 -0.492782 -0.632242 -0.659969 -0.786051 -0.688292 -0.629063 -0.627513 -0.198678 -0.610294 -0.420136 0.216847 -0.102840 -0.362868 0.256968 0.261218 -0.174909 -0.014638 0.040037 0.308752 -0.010089 0.069700 -0.059161 -0.180512 -0.169605 -0.200042 0.196435 -0.041193 0.474998 0.341999 0.210874 0.095062 0.624243 0.019264 -0.093008 -0.136716 0.128103 0.178052 0.067967 -0.004131 0.124702 -0.044183 -0.419991 -0.337872 -0.020838 -0.075577 -0.255446 -0.362245 -0.265250 -0.202403 -0.151393 -0.180603 -0.064798 -0.004227 0.205342 -0.034185 -0.214419 -0.204400 -0.026606 0.086267
-0.474572 -0.170268 0.084503 0.719893 0.266657 0.619033 -0.222559 0.110419 0.205695 0.339214 0.048571 -0.178764 -0.541574 -0.535302 0.309123 -0.053416 -0.494456 -0.551300 0.294442 0.581708 0.134226 0.370265 0.712261 1.000000 0.457960 0.779914 0.105182 0.490924 -0.425953 -0.484487 0.633610 0.594666 -0.499940 -0.159635 0.307141 0.384539 -0.032912 -0.091080 0.069234 0.004380 -0.295463 0.162494 0.269165 0.254343 0.006585 0.237683 0.151281 0.142932 -0.102477 -0.139735 0.437337 -0.001130 -0.105367 -0.063650 -0.254776 0.010708 -0.369084 -0.570091 -0.612372 -0.544685 -0.754736 -0.540128 -0.511880 -0.625949 -0.241351 -0.513417 -0.292419 0.206747 0.013626 -0.293252 0.196107 0.196966 -0.260022 -0.019649 0.045809 0.125523 -0.282110 -0.154954 -0.251216 -0.268717 -0.268874 -0.380625 0.145892 0.012558 0.332127 0.318685 0.177774 0.153735 0.245795 0.013065 0.303661 0.245825 0.505970 0.371072 0.006018 -0.019422 -0.060647 -0.039409 -0.396383 -0.208735 0.178390 0.020768 -0.045689 -0.123034 0.025559 0.058580 -0.041742 -0.004274 -0.142737 0.022210 0.179416 0.059452 0.062370 -0.064893 0.180048 0.205927
-0.470156 -0.400771 0.324671 0.419696 -0.103361 0.502746 -0.286296 0.022556 0.181374 0.289293 -0.195186 -0.255256 -0.473148 -0.321940 0.156848 -0.058845 -0.431404 -0.366504 0.290777 0.439465 0.634709 0.674010 0.622245 0.457960 1.000000 0.732706 0.115497 0.532393 -0.076059 -0.086200 0.681559 0.542121 0.057059 0.423301 0.583373 0.782691 0.110605 0.004739 0.043624 -0.055699 -0.084173 0.215499 0.435656 0.484264 0.089363 0.119750 0.267867 0.388318 -0.042407 -0.148318 0.584527 0.094648 -0.414634 -0.017503 -0.479107 -0.066714 -0.193228 -0.342642 -0.570559 -0.503229 -0.656930 -0.426348 -0.586098 -0.434181 -0.301499 -0.534486 -0.481431 0.254782 -0.003996 -0.278446 0.364071 0.584379 0.015410 0.167570 0.200160 0.363560 0.039971 0.377442 0.164617 -0.095122 -0.072961 0.037349 -0.045621 -0.175396 0.063421 -0.053390 -0.209773 -0.287330 0.289933 -0.400611 -0.091763 -0.182688 0.005449 -0.082952 0.060936 -0.135492 0.336263 -0.044911 -0.177371 -0.202910 -0.163359 -0.197734 -0.213083 -0.465818 -0.268258 -0.236719 -0.217353 -0.399595 -0.232521 0.115917 0.386311 0.198851 -0.201224 -0.196113 -0.058471 -0.169935
-0.510826 -0.222902 0.144857 0.752032 0.103077 0.698135 -0.377736 0.081175 0.192210 0.302320 -0.028054 -0.096033 -0.584345 -0.509810 0.360642 0.048554 -0.552935 -0.509271 0.258044 0.461392 0.428869 0.667841 0.676808 0.779914 0.732706 1.000000 0.151142 0.732964 -0.279875 -0.272754 0.786291 0.667775 -0.316029 0.114608 0.542993 0.602609 -0.051426 -0.185497 -0.037934 -0.155191 -0.333016 0.078186 0.372783 0.459124 0.031977 0.226886 0.229407 0.234576 -0.055996 -0.240338 0.635268 0.036538 -0.360235 -0.091325 -0.427384 -0.080961 -0.337893 -0.566470 -0.633089 -0.628212 -0.749159 -0.567953 -0.693858 -0.673866 -0.188428 -0.554202 -0.358475 0.349478 -0.082798 -0.259490 0.220153 0.494062 -0.187334 -0.009238 0.052032 0.195974 -0.181691 0.015793 -0.009533 -0.174572 -0.236390 -0.233660 0.026488 -0.057810 0.328463 0.262110 0.040626 -0.064834 0.312460 -0.241359 0.020348 -0.080753 0.287953 0.216839 -0.087914 -0.202219 0.193083 -0.093848 -0.337899 -0.255572 0.135574 -0.070542 -0.004072 -0.255317 -0.039775 0.005735 -0.161850 -0.221802 -0.162332 -0.062663 0.197059 -0.002766 -0.202253 -0.169292 0.145623 0.113082
-0.011876 0.207787 0.359417 0.192531 0.567991 0.460140 0.195580 0.275577 0.333679 -0.054622 0.263373 0.368847 0.147347 0.007255 0.411406 0.292089 -0.351206 -0.179670 -0.039823 -0.026454 0.142131 0.113689 0.325904 0.105182 0.115497 0.151142 1.000000 0.434965 -0.235337 -0.302737 0.025538 -0.007866 -0.246669 -0.032481 0.170999 0.261815 -0.121732 -0.066654 0.130173 -0.026212 -0.323614 -0.071734 0.034973 0.097579 -0.132108 0.040278 -0.010379 -0.174072 0.100569 -0.255722 0.327011 0.190920 -0.053168 0.083054 0.002093 0.022490 -0.305503 -0.306720 -0.178958 -0.402673 -0.185609 -0.298616 -0.266156 -0.380142 0.134596 0.055475 -0.134252 0.289118 -0.199286 -0.258137 -0.227664 -0.004564 -0.338343 -0.347493 -0.437514 -0.131857 -0.043861 -0.102884 -0.124945 -0.248494 -0.319081 -0.344197 -0.153608 0.009610 0.126019 0.179345 0.032174 0.011385 0.514472 0.167111 -0.179282 -0.187458 0.009969 0.140224 -0.287098 -0.194310 -0.028842 -0.209315 -0.331636 -0.314490 0.058301 0.109200 -0.086915 -0.047505 0.041229 0.006919 0.095082 -0.017441 -0.191744 -0.257274 -0.222263 -0.283222 -0.066359 -0.218249 -0.048606 0.143950
-0.246077 0.045062 0.034483 0.611522 0.134145 0.681845 -0.438291 -0.010136 0.155161 0.168292 0.147085 0.173067 -0.364685 -0.372506 0.517610 0.212293 -0.576880 -0.312521 0.130092 0.128043 0.493180 0.571684 0.571942 0.490924 0.532393 0.732964 0.434965 1.000000 -0.268643 -0.231514 0.428182 0.302185 -0.333488 0.033818 0.313950 0.476442 0.044093 0.000980 0.031780 0.003196 -0.344843 0.012049 0.241034 0.444412 -0.118429 0.164740 0.254640 0.161289 0.079681 -0.270335 0.574636 0.135463 -0.347248 0.050092 -0.125874 0.013586 -0.327105 -0.398301 -0.412800 -0.505961 -0.547819 -0.416014 -0.675641 -0.593288 -0.211759 -0.400726 -0.150212 0.341583 -0.122080 -0.129371 0.079197 0.403975 -0.169250 -0.060562 -0.209861 0.226869 0.074798 0.195922 -0.035764 -0.186095 -0.397221 -0.316307 -0.018195 -0.122776 0.292219 0.246718 0.207112 -0.026504 0.537749 -0.080913 -0.081186 -0.140417 0.127985 0.104370 -0.066410 -0.135844 0.356641 -0.021315 -0.252256 -0.210796 0.073999 -0.125039 -0.046879 -0.218439 -0.010113 -0.062859 0.084189 -0.116843 -0.095850 -0.059740 0.158418 -0.086827 -0.274856 -0.179601 0.077082 0.046311
0.118227 -0.211304 -0.248705 -0.431149 -0.203659 -0.354916 -0.009510 -0.273606 -0.287804 -0.019868 0.027941 -0.065463 0.238031 0.128104 0.027989 0.039143 0.626930 0.373937 0.077206 -0.084759 0.012272 0.049539 -0.343251 -0.425953 -0.076059 -0.279875 -0.235337 -0.268643 1.000000 0.764449 0.005738 0.024224 0.685161 0.566003 0.138413 -0.200216 0.227805 0.167074 0.023099 0.036218 0.430836 0.244872 -0.105563 -0.123542 0.023500 -0.415703 0.025190 0.041025 0.034416 -0.121928 -0.335203 -0.259189 -0.079677 -0.128346 0.074455 0.092900 0.426110 0.303020 0.096735 0.335012 0.281386 0.119783 0.357810 0.354163 0.041739 -0.039245 0.018582 -0.325078 0.320495 0.232013 0.084566 0.055651 0.711062 0.325443 0.465332 0.249349 0.564935 0.470853 0.563144 0.487422 0.506555 0.665467 0.125866 0.262387 -0.016712 -0.237948 -0.309849 -0.071444 -0.233766 -0.266990 -0.519452 -0.515200 -0.655680 -0.580184 -0.096917 -0.068720 0.205276 -0.070771 0.126505 -0.064472 -0.395949 -0.349458 -0.244405 -0.338406 -0.372818 -0.384955 -0.215820 -0.435598 0.074648 -0.027053 -0.259528 -0.162235 -0.369258 -0.293687 -0.409199 -0.459587
0.020998 -0.020393 -0.262772 -0.323929 -0.261517 -0.447199 -0.059105 -0.091838 -0.229122 -0.276454 -0.164926 0.033201 0.142744 0.336314 -0.159522 0.204761 0.594094 0.543195 -0.114237 -0.285615 -0.034653 0.015747 -0.456382 -0.484487 -0.086200 -0.272754 -0.302737 -0.231514 0.764449 1.000000 -0.034121 0.004700 0.467804 0.550792 0.035023 -0.215338 0.181512 0.131205 -0.125632 -0.077645 0.380417 0.077995 -0.118075 -0.130899 -0.030781 -0.333760 0.085398 0.008298 -0.195791 -0.077963 -0.403869 -0.333742 -0.249251 0.058787 -0.122912 -0.000098 0.428413 0.353259 0.092766 0.317596 0.276315 0.266080 0.371287 0.399605 0.164107 0.106894 0.008227 -0.314919 0.185328 0.334160 0.050923 0.106363 0.617310 0.375305 0.349742 0.133138 0.428022 0.387008 0.609863 0.592438 0.515508 0.688884 -0.117609 0.145464 -0.159975 -0.232926 -0.376415 -0.261946 -0.354453 -0.274523 -0.450622 -0.449139 -0.460293 -0.359812 -0.175811 -0.054750 0.070793 -0.142822 0.203835 0.035706 -0.154840 -0.166072 -0.068767 -0.080396 -0.126110 -0.230902 -0.201862 -0.309756 0.089625 -0.124434 -0.264855 -0.090379 -0.275394 -0.057899 -0.308637 -0.396376
-0.634553 -0.382835 0.267765 0.652831 0.070060 0.396896 -0.068047 0.126900 0.187035 0.092023 -0.182400 -0.211721 -0.530652 -0.379715 0.319766 0.150204 -0.457169 -0.494742 0.400671 0.593960 0.384948 0.686015 0.583987 0.633610 0.681559 0.786291 0.025538 0.428182 0.005738 -0.034121 1.000000 0.905210 -0.093258 0.384487 0.610466 0.588409 -0.180438 -0.164163 -0.016553 -0.172919 -0.176875 0.170011 0.416006 0.437005 0.150384 0.071611 0.325066 0.255656 -0.195277 -0.362208 0.570556 -0.174102 -0.386929 -0.095241 -0.470053 -0.000896 -0.358000 -0.638724 -0.746639 -0.465420 -0.786846 -0.682095 -0.589521 -0.628655 -0.052846 -0.627989 -0.473592 0.262141 -0.152033 -0.356113 0.261445 0.585232 0.009350 0.025628 0.180094 0.235434 -0.137116 0.033526 0.081986 -0.121338 -0.035504 -0.028640 0.009805 0.263961 0.294897 0.274362 -0.202658 -0.193516 0.178992 -0.375225 -0.166725 -0.215914 0.127051 0.138061 -0.103233 -0.253443 0.171274 -0.168452 -0.407082 -0.283434 0.087680 -0.011396 -0.030824 -0.283845 -0.144938 -0.094549 -0.397511 -0.354097 -0.219650 -0.102079 0.224494 -0.092113 -0.264118 -0.189350 -0.126060 -0.093486
-0.679376 -0.314096 0.141498 0.688900 0.147975 0.237327 0.071534 0.306297 0.118872 -0.054797 -0.302085 -0.305075 -0.454985 -0.164991 0.241287 0.295945 -0.383608 -0.431665 0.324243 0.527182 0.281687 0.664853 0.408032 0.594666 0.542121 0.667775 -0.007866 0.302185 0.024224 0.004700 0.905210 1.000000 -0.109552 0.429492 0.441734 0.449556 -0.328556 -0.249828 -0.111218 -0.257146 -0.239736 0.040700 0.340027 0.315808 0.094229 -0.036276 0.336888 0.208236 -0.343863 -0.332408 0.411200 -0.225657 -0.180971 -0.016696 -0.412185 -0.058002 -0.277444 -0.566019 -0.671797 -0.372866 -0.643804 -0.525448 -0.398784 -0.513177 0.077435 -0.438430 -0.498948 0.230809 -0.071696 -0.304238 0.004609 0.467458 -0.077945 -0.152777 0.044301 0.039917 -0.269104 -0.098457 -0.009827 -0.199018 -0.032707 -0.061886 -0.025661 0.421670 0.188719 0.268356 -0.238653 -0.160000 0.092325 -0.282031 -0.115651 -0.195234 0.194780 0.134090 -0.232737 -0.355055 0.065747 -0.285331 -0.345911 -0.254474 0.212208 0.053462 0.094664 -0.135024 0.003176 -0.020830 -0.320986 -0.335109 -0.285161 -0.195212 0.126322 -0.125730 -0.242344 -0.110619 -0.149873 -0.130012
0.197724 -0.293617 -0.178342 -0.432180 -0.340052 -0.328185 -0.032548 -0.240009 -0.358711 0.001197 -0.046973 -0.182613 0.161544 0.131860 -0.200957 -0.146566 0.433624 0.189823 0.025535 0.004468 0.135473 0.147559 -0.284549 -0.499940 0.057059 -0.316029 -0.246669 -0.333488 0.685161 0.467804 -0.093258 -0.109552 1.000000 0.523059 0.090860 0.050871 0.103651 0.100079 -0.040140 0.033514 0.419563 0.095310 0.067592 0.105393 0.209181 -0.163631 0.040640 0.234109 0.079448 0.088278 -0.233981 -0.112299 -0.217390 -0.054998 -0.083036 0.084205 0.394963 0.239751 0.202765 0.261586 0.266542 0.150981 0.181824 0.313745 -0.201453 -0.070484 0.071193 -0.184189 0.274624 0.293427 0.171293 0.214335 0.563629 0.290626 0.364492 0.219859 0.393677 0.480877 0.491609 0.351047 0.441161 0.563067 0.108772 0.006781 -0.177286 -0.422072 -0.227344 -0.158843 -0.250086 -0.423738 -0.354483 -0.377412 -0.551719 -0.523920 0.061300 -0.095877 0.313806 0.121423 0.294287 0.111197 -0.439431 -0.270223 -0.227722 -0.308152 -0.337474 -0.385734 -0.122326 -0.351613 -0.032112 0.163870 0.081227 0.137435 -0.078130 -0.051749 -0.213059 -0.385959
-0.195327 -0.045219 -0.041846 0.013383 -0.130905 -0.197204 0.076980 0.075948 0.008664 -0.129760 -0.209456 -0.024413 0.058644 0.322973 0.199243 0.336798 0.156249 0.265120 0.308399 0.234381 0.234775 0.390899 0.051771 -0.159635 0.423301 0.114608 -0.032481 0.033818 0.566003 0.550792 0.384487 0.429492 0.523059 1.000000 0.194905 0.234327 -0.081692 -0.086394 -0.243286 -0.213428 0.103719 0.072635 -0.039391 -0.044315 -0.188806 -0.501655 0.046002 0.101876 -0.224919 -0.313498 0.083450 -0.196707 -0.267141 -0.096413 -0.425254 -0.165662 0.105706 0.119579 -0.164357 -0.046944 -0.090767 -0.036701 -0.057191 0.076669 0.192722 -0.075998 -0.479314 -0.176030 0.220704 0.037622 0.013447 0.247835 0.268375 0.217014 0.246990 0.232798 0.375447 0.440380 0.430560 0.230055 0.296337 0.499881 0.044010 0.261986 -0.034845 -0.205987 -0.459303 -0.378424 0.054739 -0.408011 -0.491910 -0.570843 -0.382985 -0.358265 -0.172420 -0.203523 0.194328 -0.248499 -0.019424 -0.315782 -0.209271 -0.205535 -0.096229 -0.344734 -0.173416 -0.332058 -0.222970 -0.559870 -0.126065 -0.072306 -0.074612 -0.203248 -0.410336 -0.141268 -0.286187 -0.440202
-0.472810 -0.492003 0.241962 0.248354 0.113846 0.395286 -0.100039 -0.031731 0.196834 0.194024 0.017304 -0.134339 -0.431611 -0.533485 0.246582 -0.116570 -0.192695 -0.502358 0.207388 0.251403 0.448005 0.455076 0.489794 0.307141 0.583373 0.542993 0.170999 0.313950 0.138413 0.035023 0.610466 0.441734 0.090860 0.194905 1.000000 0.660815 0.150009 0.159041 0.330080 0.138346 0.042565 0.329176 0.468328 0.401288 0.369941 0.364308 0.350051 0.206037 -0.067834 -0.155427 0.413187 -0.115616 -0.488513 -0.157749 -0.289830 0.294659 -0.189609 -0.521534 -0.610552 -0.445347 -0.595077 -0.568345 -0.403895 -0.438521 -0.145168 -0.573811 -0.242926 0.424402 -0.170978 -0.306770 0.243355 0.474415 0.209222 -0.048688 0.127891 0.206451 -0.063948 0.103419 0.402717 0.158639 0.180402 0.177155 0.037341 0.074602 0.286281 0.163180 -0.093114 -0.029112 0.110162 -0.329800 -0.408456 -0.351146 -0.224322 -0.036316 -0.121279 -0.155846 0.272556 0.038323 -0.340307 -0.148165 -0.183282 -0.151586 -0.370074 -0.362215 -0.448268 -0.205465 -0.420018 -0.365223 -0.155490 0.002984 0.175193 0.071811 -0.206667 -0.367414 -0.216477 -0.150514
-0.561619 -0.370282 0.329073 0.455038 0.057724 0.533064 -0.199333 0.163678 0.232950 0.185528 -0.182437 -0.208276 -0.468757 -0.377332 0.108766 0.006668 -0.488309 -0.536780 0.154318 0.267554 0.661077 0.593980 0.585830 0.384539 0.782691 0.602609 0.261815 0.476442 -0.200216 -0.215338 0.588409 0.449556 0.050871 0.234327 0.660815 1.000000 0.013201 0.007464 0.231302 0.079817 -0.176999 0.231437 0.535279 0.500635 0.231852 0.326217 0.293991 0.279339 -0.045093 -0.147714 0.669260 0.160523 -0.448229 -0.031324 -0.428973 0.103075 -0.278104 -0.510399 -0.640843 -0.584602 -0.711136 -0.553968 -0.629522 -0.532905 -0.265361 -0.511210 -0.405974 0.471345 -0.184960 -0.289153 0.203437 0.578764 -0.039171 0.006005 0.039628 0.203778 -0.140776 0.158613 0.123232 -0.082746 -0.101377 -0.076110 -0.225581 -0.186262 0.049019 -0.012754 -0.217656 -0.255980 0.338649 -0.327086 -0.062949 -0.201650 0.119189 0.076554 0.042088 -0.054696 0.294527 0.071433 -0.222711 -0.149030 -0.029168 -0.066202 -0.151508 -0.330946 -0.205710 -0.115158 -0.215626 -0.309137 -0.184247 0.119554 0.440188 0.154339 -0.095117 -0.081773 0.008642 -0.071232
