1.000000 0.055181 0.192468 -0.183520 -0.032404 0.191436 0.235643 -0.476368 0.132748 -0.603494 0.405292 0.037610 0.041171 -0.263287 0.398974 -0.241384 -0.121497 -0.172788 0.159667 0.145627 -0.037590 -0.152974 0.377955 0.044876 0.121945 0.101799 0.122759 0.233721 -0.248416 -0.534634 -0.126767 -0.400444 0.202556 -0.456415 -0.246342 -0.472040 -0.128522 -0.285003 0.065721 0.079003 -0.054435 -0.220494 0.420488 0.366502 0.121914 -0.266805 0.373592 0.450445 0.441863 0.140049 0.282005 0.118696 0.074228 0.185024 -0.169605 -0.094329 0.244666 0.234469 0.264921 -0.057980 0.407363 0.297293 0.000568 0.269650 0.226085 -0.152742 -0.011082 0.009096 0.045697 0.014472 -0.166418 -0.412034 -0.302023 -0.220496 -0.097632 -0.217692 -0.160297 -0.289187 -0.343816 -0.109310 -0.481956 -0.453861 0.060899 -0.297333 -0.103382 0.096093 -0.077202 0.200465 0.181310 -0.120663 0.146334 0.147566 -0.135571 0.037672 0.024298 -0.107990 0.025495 -0.043431 -0.027818 -0.046047 -0.094741 0.172195 -0.038988 0.169251 0.107148 0.280768 -0.048298 -0.077273 0.088059 -0.133794 0.075470 0.009149 -0.033437 0.075730 0.131294 0.057631
0.055181 1.000000 -0.663982 0.058019 -0.267903 0.159862 -0.346748 0.281757 -0.157787 0.048855 0.191749 0.656995 0.363055 0.476972 0.289137 0.409580 0.107445 0.256167 -0.375958 0.239391 -0.280048 -0.301712 -0.606257 -0.307107 -0.602554 -0.385512 0.242850 -0.087869 -0.019388 0.107803 -0.648252 -0.524619 0.351187 -0.031384 -0.036923 -0.212291 0.171397 0.167186 0.040101 0.092262 0.057741 0.173768 -0.243531 -0.355992 -0.355628 -0.300914 -0.120752 -0.146725 0.090729 -0.208489 -0.260913 0.051606 -0.166588 -0.405593 0.168039 0.153684 0.100647 0.299710 0.248145 0.363109 0.084198 -0.054778 0.128477 -0.091803 0.143383 0.533420 0.032536 -0.299021 0.060121 0.115926 -0.357624 -0.316339 0.073871 -0.190032 -0.006011 -0.201761 0.005959 0.093808 0.168442 0.045117 0.187993 0.086316 0.025666 0.392582 0.082443 0.237406 -0.298813 0.093550 -0.277438 0.044863 0.097452 -0.023454 0.066926 -0.144201 0.235050 0.161441 0.166221 0.231857 0.293636 0.147109 0.029217 -0.098391 0.154771 -0.196920 -0.137138 -0.157441 0.147754 -0.088447 0.166088 0.029074 -0.310163 -0.205280 0.039823 0.004476 0.071688 0.089967
0.192468 -0.663982 1.000000 0.176390 0.297717 -0.082531 0.559410 -0.095850 0.268978 -0.166830 -0.141224 -0.549349 -0.575459 -0.691116 -0.330590 -0.384157 -0.424112 -0.477830 0.666705 -0.150418 0.207406 0.200835 0.789997 0.443057 0.669342 0.600203 -0.281248 0.196041 -0.224296 -0.435037 0.709520 0.508219 -0.225706 -0.075224 0.008550 -0.035794 -0.361732 -0.220642 -0.064575 -0.183016 -0.427860 -0.377452 0.378042 0.632359 0.196733 0.215112 0.251348 0.388652 -0.063474 0.122806 0.575164 0.225367 0.054925 0.147984 -0.187384 -0.242963 -0.172123 -0.310829 -0.378969 -0.318264 -0.194131 0.107769 -0.252757 0.158707 0.047243 -0.584265 0.077104 0.552515 -0.210368 -0.290265 0.149211 0.031376 -0.424325 -0.097458 -0.281265 -0.218517 -0.198466 -0.276770 -0.439254 -0.267613 -0.458807 -0.296474 0.006724 -0.554949 -0.054832 -0.081715 0.259272 -0.202356 0.411810 -0.036979 -0.110734 -0.093663 -0.087403 0.218517 -0.204416 -0.258378 -0.055319 -0.215237 -0.393769 -0.365685 -0.022365 0.072750 -0.277240 0.048688 0.012740 0.099141 -0.380966 -0.079311 -0.095246 -0.205275 0.526879 0.163767 -0.211398 -0.141541 -0.028930 -0.155877
-0.183520 0.058019 0.176390 1.000000 0.119580 0.307368 -0.196716 0.702490 0.253670 0.442403 -0.267772 -0.142794 -0.591247 -0.421837 0.102783 0.494835 -0.582621 -0.402184 0.192313 0.122455 0.030450 -0.055103 0.247795 0.628283 0.144838 0.408676 0.109738 0.465816 -0.317170 -0.251201 0.012265 0.398155 -0.281814 0.219996 -0.192040 -0.101515 -0.415040 0.169205 0.027977 0.100201 -0.392428 -0.000830 0.021868 0.173301 -0.233711 -0.244878 0.094777 0.135219 -0.336570 -0.074358 0.367595 0.167277 0.096467 -0.079302 0.009633 0.103734 -0.200363 -0.437590 -0.187066 -0.358592 -0.217448 -0.240933 -0.437376 -0.344793 -0.056508 -0.318578 -0.138874 0.281910 -0.274641 -0.160485 0.025255 0.028894 -0.534387 -0.081581 -0.567702 -0.202250 -0.259141 -0.065706 -0.462350 -0.502137 -0.493896 -0.542397 0.135960 0.119438 0.015283 0.332381 -0.051430 0.110909 0.160632 0.009918 -0.118053 -0.029535 0.267323 0.222964 -0.065051 -0.003538 0.045450 0.097362 -0.002534 -0.070158 0.088689 0.055606 0.005548 0.047409 -0.132497 -0.103323 -0.019454 0.054306 -0.151887 0.171305 0.311890 0.231531 0.079027 -0.174908 -0.002865 -0.045996
-0.032404 -0.267903 0.297717 0.119580 1.000000 0.025234 0.115090 0.087434 0.534857 0.293935 -0.024907 -0.299839 -0.130614 -0.149418 -0.050994 0.154453 -0.061793 -0.180740 0.194456 -0.169037 0.251012 0.094180 0.235078 0.189843 0.471436 0.208586 -0.053331 -0.009359 -0.001105 0.092285 0.359816 0.360649 -0.354507 0.128180 -0.122766 0.047952 -0.326001 -0.164833 -0.069100 -0.280058 -0.279176 -0.052622 -0.149456 -0.057447 -0.069318 -0.018924 -0.272122 -0.149630 -0.114819 -0.098703 0.035498 -0.032917 -0.060586 -0.059410 -0.141208 -0.369322 -0.034695 -0.115540 -0.294398 -0.204393 -0.058408 0.056032 0.085564 0.167815 0.140552 -0.051497 -0.140645 0.132337 -0.166586 -0.185453 0.253573 0.058495 -0.089523 0.036701 -0.091320 -0.061952 -0.181375 -0.223097 -0.215852 -0.205494 -0.126252 -0.101986 0.088384 -0.047345 -0.121888 -0.196241 -0.100959 -0.147625 0.086574 -0.163733 -0.018313 -0.027103 0.156783 0.185377 0.010636 0.003902 -0.143818 -0.132252 -0.125229 -0.143619 0.085482 0.031102 0.044425 0.204058 0.248287 0.144672 -0.035755 0.250442 -0.235876 -0.174927 0.111007 -0.003349 -0.063298 -0.062152 0.169369 -0.038559
0.191436 0.159862 -0.082531 0.307368 0.025234 1.000000 -0.139138 0.175199 0.181981 0.089875 0.291347 0.234343 0.009783 0.011944 0.473222 0.269550 -0.282512 -0.016907 0.041561 0.315013 -0.268142 -0.317530 0.009675 0.145828 -0.206063 -0.126556 0.726673 0.531044 -0.035470 -0.147707 -0.118321 -0.020228 0.006508 -0.025005 -0.361690 -0.271665 -0.259490 -0.186948 -0.178335 -0.015100 -0.094573 -0.060397 -0.166815 -0.158988 -0.196802 -0.281874 -0.168600 -0.302847 -0.037912 -0.090542 -0.105572 0.131343 -0.087674 -0.075777 -0.270705 0.044684 -0.195487 -0.182175 -0.064428 -0.192964 -0.140516 -0.514751 -0.166401 -0.374729 0.211492 -0.016304 0.054099 -0.011157 -0.072415 -0.139870 0.084206 -0.110434 -0.226505 -0.041589 -0.125907 0.095762 -0.348760 -0.268470 -0.531274 -0.381906 -0.361921 -0.371497 0.215342 0.269216 -0.042940 0.280692 -0.180340 0.292968 0.006361 -0.111288 -0.024258 0.322814 0.089145 0.397253 0.020489 -0.122579 -0.309103 -0.021694 0.180137 0.141060 0.250300 0.499255 0.311586 0.524636 0.270872 0.325935 0.109041 0.180368 -0.004569 0.022501 -0.157417 -0.086651 0.116781 0.201552 0.247839 0.109260
0.235643 -0.346748 0.559410 -0.196716 0.115090 -0.139138 1.000000 -0.112243 0.397661 -0.234797 -0.221226 -0.414602 -0.131147 -0.315358 -0.287055 -0.447293 -0.177635 -0.135354 0.044608 -0.206909 -0.096515 -0.114889 0.472645 0.124583 0.262799 0.181898 -0.315227 -0.195606 -0.300799 -0.273608 0.178771 -0.157066 -0.089682 -0.250044 0.141644 -0.011438 -0.055630 -0.299048 -0.131705 -0.377767 -0.105395 -0.261503 0.146239 0.297271 0.213898 0.245766 0.222023 0.188657 0.331517 0.099553 0.441021 0.316713 0.020367 0.016645 -0.213284 -0.266227 -0.153769 -0.141909 -0.076178 -0.041365 -0.006425 0.055647 -0.167151 0.038261 0.290141 -0.259444 0.169261 0.468577 -0.275435 -0.114671 0.093518 -0.266816 -0.143350 -0.113714 -0.114252 -0.246158 -0.040324 -0.292620 -0.071446 0.048009 -0.251474 -0.063631 -0.311964 -0.536846 0.022258 -0.009450 -0.033616 -0.143385 0.158526 -0.208137 0.229126 -0.133198 0.002725 0.073845 -0.036594 -0.176866 -0.036381 -0.239215 -0.234403 -0.302744 0.129651 0.017368 -0.031795 0.061953 0.152984 0.164458 -0.194131 -0.045470 0.106473 -0.288585 0.132819 -0.205650 -0.365921 0.048912 0.049938 -0.107798
-0.476368 0.281757 -0.095850 0.702490 0.087434 0.175199 -0.112243 1.000000 0.278431 0.689758 -0.378938 -0.079761 -0.309948 -0.077687 -0.096573 0.457294 -0.343769 -0.181148 -0.075292 0.141841 -0.190253 -0.188279 -0.235165 0.143873 -0.263177 -0.014198 0.065681 0.012920 -0.204014 0.034654 -0.173765 0.155074 -0.165819 0.300805 -0.113185 -0.098700 -0.316788 0.112360 -0.096321 -0.098456 -0.308418 0.043839 -0.274836 -0.148614 -0.259618 -0.121037 -0.166174 -0.187721 -0.296067 -0.138231 0.051140 0.205001 0.018654 -0.289783 -0.013132 0.028207 -0.219511 -0.354319 -0.071512 0.037702 -0.220868 -0.305886 -0.205751 -0.293035 0.141792 0.105290 0.086357 0.209960 -0.169362 -0.116897 0.110356 0.015772 -0.235633 -0.035572 -0.348047 -0.148570 -0.233592 -0.093788 -0.169646 -0.438493 -0.138457 -0.194599 -0.055831 0.223448 -0.032096 0.197390 -0.139403 -0.041947 -0.113743 0.007595 0.079556 -0.066231 0.406543 0.204455 -0.103349 -0.071758 -0.187524 -0.079323 0.097041 -0.110197 0.244612 0.004091 0.166632 0.025323 -0.038415 -0.148194 -0.112410 0.098609 -0.141475 0.013096 -0.096966 0.074384 -0.017345 -0.155907 -0.052536 -0.145082
0.132748 -0.157787 0.268978 0.253670 0.534857 0.181981 0.397661 0.278431 1.000000 0.375980 -0.225116 -0.452616 -0.258880 -0.227641 0.013222 0.043792 -0.299852 -0.260102 0.057131 -0.062369 -0.205478 -0.302236 0.333296 0.310720 0.068423 0.018749 -0.086435 -0.080810 -0.341030 -0.165779 -0.008298 0.017704 -0.407507 -0.153051 -0.107117 -0.101866 -0.383724 0.012251 0.017697 -0.215893 -0.341753 -0.235060 -0.013906 0.040156 -0.028152 -0.007385 -0.033236 -0.074372 -0.008114 0.058617 0.155418 0.161442 0.031558 -0.003482 -0.302559 -0.114237 -0.164890 -0.245101 -0.026048 -0.137378 0.021239 -0.112381 -0.104117 -0.050370 0.339028 -0.008585 -0.050285 0.271327 -0.306063 -0.215810 0.268827 -0.156356 -0.303082 -0.041353 -0.363081 -0.239013 -0.132063 -0.263926 -0.324543 -0.372091 -0.400900 -0.363399 -0.085948 -0.285373 -0.170091 -0.147078 -0.226071 0.034187 0.015003 -0.188190 0.127878 0.034588 0.264395 0.324086 0.109775 -0.038050 -0.190902 -0.069892 0.019269 -0.024470 0.215795 0.221145 0.238835 0.318464 0.357961 0.265051 -0.048317 0.388482 0.022144 -0.102626 -0.002978 0.088095 -0.013862 0.201844 0.285350 0.072198
-0.603494 0.048855 -0.166830 0.442403 0.293935 0.089875 -0.234797 0.689758 0.375980 1.000000 -0.213159 -0.160005 -0.181427 0.118297 -0.114745 0.449380 -0.170062 -0.135229 0.039621 0.125552 -0.212755 -0.244444 -0.267100 0.061656 -0.219466 -0.193238 -0.100887 -0.205630 0.067715 0.262727 -0.068173 0.291290 -0.340912 0.376962 -0.129228 0.021968 -0.241210 0.220728 0.028011 -0.030775 -0.162321 0.114969 -0.398840 -0.382336 -0.146514 -0.025692 -0.356357 -0.389283 -0.369118 -0.089248 -0.241363 -0.076304 -0.061200 -0.233304 -0.056807 0.014562 -0.221997 -0.300314 -0.136344 0.044150 -0.212184 -0.309653 -0.083697 -0.265262 0.159829 0.232078 0.062449 0.117425 -0.161962 -0.114745 0.219951 0.147733 -0.012514 -0.023677 -0.230388 -0.051231 -0.153891 -0.066469 -0.017909 -0.302912 -0.017601 -0.055260 -0.001395 0.229323 -0.203775 -0.209916 0.056795 0.003989 -0.055430 -0.044711 0.031653 0.005305 0.311568 0.219561 -0.006180 0.071954 -0.118237 0.070048 0.181219 0.070172 0.156031 0.084518 0.209244 0.131361 0.141827 0.022971 -0.028575 0.412354 -0.112340 0.129764 -0.111920 0.044612 0.132406 0.065382 0.097943 0.121152
0.405292 0.191749 -0.141224 -0.267772 -0.024907 0.291347 -0.221226 -0.378938 -0.225116 -0.213159 1.000000 0.319385 0.533113 0.337112 0.486754 -0.012994 0.027457 0.100765 0.209284 0.270399 -0.257458 -0.325104 -0.064260 -0.304071 -0.151771 -0.285658 0.261339 0.169627 0.269059 -0.073200 -0.126385 -0.197678 0.295114 -0.090080 -0.222349 -0.221147 0.216869 -0.102802 0.127848 -0.097714 0.133400 -0.108313 -0.148948 -0.221997 -0.049065 -0.298875 -0.242158 -0.092227 0.342311 -0.180867 -0.201796 -0.081840 -0.086083 -0.177415 0.172830 -0.073352 -0.032700 0.197780 -0.142182 0.028406 0.092936 -0.001293 0.149695 0.068315 0.397886 0.043187 0.132420 -0.129382 0.033351 -0.175575 -0.243263 -0.286116 0.044212 -0.237045 0.202584 0.116110 -0.156375 -0.135439 -0.140154 0.172290 -0.117639 0.043728 0.202978 0.159923 -0.256371 -0.060937 0.014075 0.194088 0.184295 0.134846 -0.026718 0.163593 -0.132344 0.154049 -0.046211 -0.115413 -0.018696 0.014355 0.063613 0.092007 -0.111470 0.368932 0.120110 0.268655 0.043410 0.238037 0.116844 0.037885 -0.007255 0.073862 -0.215720 -0.103552 0.212056 0.178548 0.142729 -0.000645
0.037610 0.656995 -0.549349 -0.142794 -0.299839 0.234343 -0.414602 -0.079761 -0.452616 -0.160005 0.319385 1.000000 0.382556 0.560149 0.335735 0.213699 0.333902 0.664399 -0.163032 0.386931 -0.023318 -0.077161 -0.523700 -0.328655 -0.467473 -0.331587 0.373677 0.090146 0.488254 0.288831 -0.270695 -0.174805 0.507143 0.153871 -0.137407 -0.162805 0.339391 0.200522 -0.028964 0.142657 0.309362 0.378264 -0.233537 -0.401479 -0.374914 -0.328935 -0.201610 -0.177212 -0.117393 -0.375014 -0.511992 -0.309129 -0.243821 -0.289573 0.137728 0.135328 0.120425 0.305944 0.027094 0.177661 -0.107208 -0.185479 0.084982 -0.286098 -0.123373 0.279733 0.027050 -0.512937 0.264876 0.288544 -0.195731 -0.043879 0.370206 0.071045 0.363216 0.176965 0.253244 0.352158 0.118120 0.117716 0.291916 0.176614 0.378273 0.611003 0.085895 0.271742 -0.017041 0.181068 -0.320345 -0.021645 -0.182082 0.075049 -0.149396 -0.166140 0.175557 0.225094 0.152522 0.267427 0.259741 0.300453 -0.175665 -0.098877 0.058202 -0.129381 -0.158712 -0.163194 0.229006 -0.143858 0.285990 0.103197 -0.280125 -0.200290 0.164760 -0.004989 -0.011838 0.236313
0.041171 0.363055 -0.575459 -0.591247 -0.130614 0.009783 -0.131147 -0.309948 -0.258880 -0.181427 0.533113 0.382556 1.000000 0.818932 0.472051 0.037155 0.394669 0.437943 -0.512968 -0.097739 -0.285307 -0.191246 -0.420087 -0.546849 -0.351724 -0.568691 0.207050 -0.323592 0.356600 0.442900 -0.411208 -0.496825 0.195343 -0.133785 0.165509 0.207955 0.515626 -0.008633 0.003244 -0.162545 0.548079 0.119754 -0.329932 -0.497267 -0.033220 0.003650 -0.311552 -0.326090 0.477488 -0.184093 -0.348984 -0.044686 -0.273366 -0.145991 0.071316 -0.124201 -0.063055 0.133536 0.049603 0.201878 0.022865 -0.148946 0.245576 -0.087937 0.262010 0.310903 0.113028 -0.236828 -0.009138 -0.046910 -0.272649 -0.156393 0.608524 0.013205 0.467235 0.343232 0.151464 0.144370 0.472522 0.460134 0.453245 0.515049 0.066758 0.305635 -0.023753 -0.068906 -0.225059 0.109766 -0.144020 -0.063790 0.099595 -0.056238 -0.021257 -0.147906 0.065852 0.030430 -0.096446 -0.077114 0.045981 0.067343 -0.076831 0.053022 0.144033 0.035708 -0.020527 0.015710 0.136971 -0.028325 0.092245 -0.083568 -0.384246 -0.293163 0.016550 0.181687 0.120620 0.010803
-0.263287 0.476972 -0.691116 -0.421837 -0.149418 0.011944 -0.315358 -0.077687 -0.227641 0.118297 0.337112 0.560149 0.818932 1.000000 0.373192 0.294806 0.400819 0.602739 -0.468772 0.011340 -0.236608 -0.202094 -0.669380 -0.566765 -0.525291 -0.714225 0.211344 -0.405445 0.540004 0.667028 -0.384912 -0.303978 0.085831 -0.037984 0.063290 0.247672 0.500855 0.187011 -0.057862 -0.037245 0.502233 0.256756 -0.466443 -0.687217 -0.151690 0.059788 -0.415388 -0.446185 0.111237 -0.331032 -0.585006 -0.259111 -0.330827 -0.185889 0.114804 0.056636 -0.185786 0.036131 -0.103832 0.149377 -0.201139 -0.328481 0.194971 -0.290804 0.158313 0.465428 0.051160 -0.366137 -0.022875 0.016536 -0.120825 0.057258 0.713900 0.111474 0.468424 0.304842 0.299709 0.326338 0.482162 0.374106 0.578045 0.590570 0.135772 0.486174 -0.053830 -0.111993 -0.178815 0.016322 -0.345059 -0.042049 -0.012054 -0.033994 0.100010 -0.113966 0.074990 0.151663 -0.103581 0.065785 0.183442 0.223546 -0.049430 0.014734 0.190422 0.005552 -0.024752 -0.051531 0.226068 0.080656 0.123742 0.040049 -0.465043 -0.238617 0.126060 0.171190 0.070643 0.151269
0.398974 0.289137 -0.330590 0.102783 -0.050994 0.473222 -0.287055 -0.096573 0.013222 -0.114745 0.486754 0.335735 0.472051 0.373192 1.000000 0.360322 -0.143247 0.127908 -0.142346 0.214985 -0.188681 -0.305028 -0.019308 0.042296 -0.176630 -0.266971 0.470790 0.172528 0.217096 0.086592 -0.343130 -0.233434 0.021223 -0.202591 -0.189222 -0.099076 0.191446 0.075681 0.149141 0.088960 0.312910 0.031451 -0.075451 -0.195825 -0.135837 -0.234164 -0.068212 -0.075561 0.270855 -0.193105 -0.001168 0.004528 -0.232222 0.002727 -0.156896 0.013984 -0.249165 -0.245945 -0.080106 -0.283922 -0.149901 -0.387225 -0.276821 -0.405239 0.183645 -0.102908 0.012263 -0.058692 -0.244007 -0.140553 -0.198492 -0.208558 0.173041 -0.058718 0.038967 0.193448 0.050181 0.086422 -0.110505 -0.053878 -0.152668 -0.169092 0.423378 0.374912 -0.027045 0.237829 -0.272840 0.324467 -0.020117 -0.241164 -0.078621 0.019768 0.107169 0.065669 0.067496 0.100781 -0.047629 0.076075 0.071909 0.073443 -0.108087 0.175584 0.153722 0.205166 -0.012550 0.056325 0.116054 0.061374 0.056358 0.114174 -0.022265 -0.034188 0.168321 0.110105 0.206603 0.191983
-0.241384 0.409580 -0.384157 0.494835 0.154453 0.269550 -0.447293 0.457294 0.043792 0.449380 -0.012994 0.213699 0.037155 0.294806 0.360322 1.000000 -0.215748 -0.154146 -0.202364 -0.088444 0.089652 -0.105257 -0.257965 0.145842 -0.106646 -0.127132 0.329611 0.206089 -0.006694 0.275770 -0.248540 0.077835 -0.332795 0.077363 -0.194017 0.155109 -0.103631 0.131090 -0.016201 0.265725 -0.064316 0.316112 -0.289507 -0.408594 -0.326545 -0.186649 -0.140450 -0.051303 -0.260631 -0.281150 -0.112552 -0.122078 -0.115451 -0.142308 0.095143 0.130099 -0.142708 -0.290699 -0.065776 -0.372156 -0.084178 -0.341404 -0.071460 -0.341962 0.063873 0.236981 -0.182018 -0.067741 -0.305478 -0.194778 -0.020847 0.096612 -0.027894 -0.065917 -0.178525 -0.144638 -0.155744 0.040461 -0.166175 -0.231851 -0.107914 -0.202890 0.018494 0.346125 -0.203398 -0.022041 -0.163258 0.031921 -0.047210 -0.053666 -0.104718 0.019888 0.257476 0.051022 0.200296 0.284706 0.047189 0.255169 0.141527 0.186072 -0.000315 0.004627 0.161312 0.046911 -0.061050 -0.034612 0.276804 0.119296 -0.144005 0.231779 0.072263 -0.025847 0.236112 0.003886 0.143631 0.269196
-0.121497 0.107445 -0.424112 -0.582621 -0.061793 -0.282512 -0.177635 -0.343769 -0.299852 -0.170062 0.027457 0.333902 0.394669 0.400819 -0.143247 -0.215748 1.000000 0.596124 -0.209705 0.157826 0.153969 0.151636 -0.384756 -0.398872 -0.218150 -0.277731 0.003674 -0.269993 0.360315 0.383629 -0.100711 -0.223603 0.407348 0.221991 0.120744 0.131485 0.457828 0.165679 0.015065 0.117411 0.396008 0.255889 -0.117618 -0.301302 -0.111515 -0.072130 -0.227369 -0.339717 -0.174927 -0.157132 -0.582515 -0.456817 -0.193282 -0.051615 0.185751 0.082385 0.551108 0.547770 0.146572 0.233208 0.071132 0.141022 0.387218 0.228942 -0.322960 0.209010 -0.143113 -0.611324 0.669801 0.626684 0.030916 0.123718 0.475563 0.311610 0.497074 0.296492 0.370700 0.270868 0.582063 0.400757 0.763021 0.585231 0.160674 0.234765 0.347124 0.027546 0.055936 -0.056523 -0.335906 0.101549 -0.132254 -0.018217 -0.261227 -0.269285 0.108974 0.138772 0.075867 0.091444 0.126792 0.252345 -0.130545 -0.209755 -0.049683 -0.156535 -0.096069 -0.223758 0.097268 -0.127438 0.110333 0.064545 -0.215572 -0.102638 0.122286 0.022153 -0.201166 -0.030316
-0.172788 0.256167 -0.477830 -0.402184 -0.180740 -0.016907 -0.135354 -0.181148 -0.260102 -0.135229 0.100765 0.664399 0.437943 0.602739 0.127908 -0.154146 0.596124 1.000000 -0.308603 0.268904 0.017375 -0.001758 -0.505630 -0.401034 -0.380361 -0.407191 0.080302 -0.250465 0.692401 0.543468 -0.090229 -0.110477 0.390715 0.254009 0.038338 0.006399 0.546296 0.189593 -0.024208 -0.120697 0.515393 0.393830 -0.284675 -0.427078 -0.218525 -0.128210 -0.279705 -0.368276 -0.078190 -0.342460 -0.560345 -0.391745 -0.132441 -0.126999 0.098675 -0.039742 0.107498 0.329039 -0.041362 0.180363 -0.155855 -0.111513 0.095505 -0.248965 -0.118897 0.208908 0.050183 -0.509693 0.330975 0.450729 0.115612 0.138384 0.693699 0.381039 0.585923 0.471026 0.559904 0.466881 0.435377 0.391547 0.594041 0.520258 0.329142 0.601224 0.318605 0.245566 -0.078702 0.049676 -0.400482 -0.098742 -0.208746 -0.114215 -0.252036 -0.344236 0.083796 0.120484 0.024341 0.002641 0.234493 0.179611 -0.251670 -0.266946 -0.079412 -0.193886 -0.171994 -0.195419 0.150337 -0.012258 0.289063 0.065640 -0.442630 -0.342750 0.031287 -0.069584 -0.176113 0.048504
0.159667 -0.375958 0.666705 0.192313 0.194456 0.041561 0.044608 -0.075292 0.057131 0.039621 0.209284 -0.163032 -0.512968 -0.468772 -0.142346 -0.202364 -0.209705 -0.308603 1.000000 0.350894 0.041063 -0.032267 0.458115 0.271467 0.335171 0.323324 -0.106917 0.264749 0.110271 -0.309755 0.568135 0.539896 0.088774 0.142181 -0.134818 -0.201466 -0.276143 0.052497 0.046454 0.002659 -0.417092 -0.253732 0.171625 0.292610 0.027956 0.027666 -0.056208 0.115199 -0.370669 -0.103626 0.101166 -0.141898 -0.085237 -0.053911 -0.025590 0.017939 -0.090804 -0.161570 -0.485820 -0.283371 -0.281332 -0.004141 -0.224393 0.066885 -0.029949 -0.434492 0.090202 0.196716 0.072966 -0.058038 0.129779 0.086405 -0.349635 -0.081381 -0.169681 -0.118519 -0.029641 -0.084347 -0.433015 -0.344513 -0.321372 -0.319684 0.241896 -0.294652 -0.187887 -0.196836 0.430724 -0.128288 0.286154 -0.033613 -0.222943 0.070570 -0.048242 0.377400 -0.172511 -0.086471 -0.018910 0.058845 -0.198523 -0.122716 0.025656 0.281557 -0.074624 0.168824 0.102958 0.155401 -0.204920 0.045740 -0.066060 0.078604 0.333669 0.265148 0.157500 0.075560 0.043319 0.103767
0.145627 0.239391 -0.150418 0.122455 -0.169037 0.315013 -0.206909 0.141841 -0.062369 0.125552 0.270399 0.386931 -0.097739 0.011340 0.214985 -0.088444 0.157826 0.268904 0.350894 1.000000 -0.143508 -0.267896 -0.193051 -0.000672 -0.449549 -0.296881 0.265902 0.133067 0.224518 -0.092850 -0.178945 -0.035025 0.517543 0.327036 -0.319632 -0.385955 -0.081675 0.157291 0.001643 0.087364 -0.061608 0.081083 0.040393 -0.115412 -0.006480 -0.210922 -0.199684 -0.224575 -0.289417 -0.029993 -0.384794 -0.246689 -0.048831 -0.163862 -0.019230 0.194814 0.153949 0.204436 -0.059237 0.069420 -0.104302 -0.115788 -0.076776 -0.134663 -0.011611 0.062871 0.039193 -0.209426 0.474942 0.327209 0.034235 -0.129441 -0.072814 0.099417 -0.013305 0.143877 0.009019 0.032972 -0.118640 -0.193713 -0.029671 -0.142156 0.378479 0.260026 -0.005242 0.149093 0.069738 0.077267 -0.189357 0.126741 -0.097076 0.107510 0.053209 0.251777 -0.175150 -0.005227 -0.116996 0.052506 0.174389 0.159718 0.023404 0.217936 0.148110 0.111367 -0.099635 -0.063164 0.094483 0.002711 0.097056 0.277544 -0.182613 -0.020336 0.222548 -0.039696 -0.184643 -0.022846
-0.037590 -0.280048 0.207406 0.030450 0.251012 -0.268142 -0.096515 -0.190253 -0.205478 -0.212755 -0.257458 -0.023318 -0.285307 -0.236608 -0.188681 0.089652 0.153969 0.017375 0.041063 -0.143508 1.000000 0.803165 0.145334 0.151896 0.473266 0.365060 -0.033763 0.170053 0.083955 0.125427 0.451142 0.407073 -0.131228 0.249949 -0.077939 0.137872 -0.096638 0.036747 -0.028014 0.282416 -0.000650 0.396531 0.322139 0.240251 0.106297 -0.039679 0.273121 0.353112 -0.230965 0.063335 0.019626 -0.334009 0.234763 0.226431 0.042396 -0.012485 0.367689 0.179256 0.054052 -0.264224 0.164145 0.391013 0.116696 0.241263 -0.414466 -0.111020 -0.428913 -0.152915 0.204453 0.116717 0.209603 0.373677 0.072582 0.239734 0.071446 0.076073 0.079370 0.139650 -0.082978 0.000192 0.020260 -0.019106 0.007298 0.054943 0.061896 -0.122085 0.000686 -0.261636 -0.023405 0.065494 -0.264331 -0.120867 -0.249873 -0.261695 -0.000177 0.107240 0.175743 0.000739 -0.120985 -0.000874 -0.278747 -0.372423 -0.333892 -0.274026 -0.297735 -0.269877 0.072185 -0.134945 -0.214437 0.047019 0.260673 0.122036 -0.032141 -0.410657 -0.409646 -0.160204
-0.152974 -0.301712 0.200835 -0.055103 0.094180 -0.317530 -0.114889 -0.188279 -0.302236 -0.244444 -0.325104 -0.077161 -0.191246 -0.202094 -0.305028 -0.105257 0.151636 -0.001758 -0.032267 -0.267896 0.803165 1.000000 0.148466 0.120712 0.474998 0.447684 -0.068663 0.128497 0.071492 0.102826 0.550246 0.479730 -0.057008 0.268363 0.236621 0.365459 -0.082016 0.042546 -0.009268 0.266422 0.049665 0.318785 0.302967 0.224029 0.104270 0.068667 0.221593 0.328522 -0.118085 0.119579 0.016991 -0.168944 0.180290 0.179036 -0.115512 -0.046678 0.253504 0.129202 0.032961 -0.125928 0.100451 0.332703 0.073449 0.187513 -0.446509 -0.126396 -0.401778 -0.108813 0.174226 0.010965 0.110207 0.516509 0.101826 0.255663 0.208110 0.162966 0.090171 0.186805 -0.043772 0.026399 0.112594 0.071125 -0.091600 -0.078205 0.047935 -0.176640 0.068555 -0.338654 0.027314 0.008066 -0.241563 -0.117171 -0.232278 -0.205758 0.024485 0.018069 0.080462 -0.124120 -0.206899 -0.064977 -0.102620 -0.292218 -0.259406 -0.280563 -0.232207 -0.325309 -0.030931 -0.208547 -0.069546 -0.142781 0.256082 0.149425 -0.206725 -0.297103 -0.328508 -0.182185
0.377955 -0.606257 0.789997 0.247795 0.235078 0.009675 0.472645 -0.235165 0.333296 -0.267100 -0.064260 -0.523700 -0.420087 -0.669380 -0.019308 -0.257965 -0.384756 -0.505630 0.458115 -0.193051 0.145334 0.148466 1.000000 0.718220 0.703204 0.693652 -0.091862 0.438533 -0.396563 -0.560135 0.458092 0.329596 -0.251460 -0.175840 0.117348 0.092009 -0.261582 -0.072226 0.069586 -0.105155 -0.289730 -0.287121 0.436669 0.559361 0.162037 -0.022897 0.413017 0.461008 0.099667 0.178649 0.651905 0.242332 0.064246 0.296327 -0.147359 -0.125210 -0.061144 -0.306309 -0.239129 -0.467213 -0.054806 0.045615 -0.334303 0.025480 -0.078478 -0.755800 -0.094250 0.425702 -0.228487 -0.273202 0.049016 -0.038950 -0.525230 -0.051889 -0.328867 -0.115436 -0.120113 -0.181916 -0.417915 -0.142244 -0.553943 -0.469938 0.030413 -0.613955 -0.024994 -0.006838 0.135705 0.004794 0.418787 -0.137762 -0.067257 -0.039698 -0.051394 0.221154 -0.097798 -0.191645 0.073179 -0.147283 -0.383423 -0.211610 -0.041823 0.187511 -0.152398 0.139488 0.065374 0.159362 -0.177166 -0.024658 -0.025848 -0.165253 0.576417 0.210612 -0.074597 -0.014283 0.111069 -0.035858
0.044876 -0.307107 0.443057 0.628283 0.189843 0.145828 0.124583 0.143873 0.310720 0.061656 -0.304071 -0.328655 -0.546849 -0.566765 0.042296 0.145842 -0.398872 -0.401034 0.271467 -0.000672 0.151896 0.120712 0.718220 1.000000 0.500103 0.637477 -0.001264 0.498641 -0.377293 -0.380062 0.274274 0.419480 -0.224720 0.070967 0.069356 0.233226 -0.302464 0.125625 0.062081 0.019944 -0.327188 -0.052494 0.297530 0.313633 0.065967 -0.048713 0.314725 0.264453 -0.187197 0.133865 0.497914 0.143886 0.046032 0.197713 -0.104596 0.020018 -0.096884 -0.347094 -0.179615 -0.506847 -0.169491 -0.160434 -0.471332 -0.238385 -0.302589 -0.579265 -0.182571 0.309405 -0.257613 -0.110981 -0.024590 -0.010075 -0.530877 0.015184 -0.437173 -0.162312 -0.107189 -0.095014 -0.358485 -0.191499 -0.417529 -0.474068 0.155367 -0.290438 0.135120 0.163691 0.037349 0.084876 0.244008 -0.165035 -0.100525 -0.132261 0.161644 0.212314 -0.047566 -0.079177 0.071339 -0.057139 -0.268126 -0.160328 0.070365 0.077399 -0.069123 0.033832 -0.076181 -0.032473 0.049935 -0.028916 -0.120662 -0.005703 0.533657 0.120132 -0.081543 -0.127698 0.097850 0.020803
0.121945 -0.602554 0.669342 0.144838 0.471436 -0.206063 0.262799 -0.263177 0.068423 -0.219466 -0.151771 -0.467473 -0.351724 -0.525291 -0.176630 -0.106646 -0.218150 -0.380361 0.335171 -0.449549 0.473266 0.474998 0.703204 0.500103 1.000000 0.756772 -0.259328 0.279006 -0.136248 -0.228419 0.679768 0.522718 -0.323325 -0.039147 0.110926 0.243191 -0.252763 -0.251733 -0.017104 -0.087949 -0.236081 -0.081948 0.331253 0.460783 0.230853 0.145180 0.299316 0.414711 0.052475 0.158935 0.556648 0.111448 0.082851 0.270897 -0.115871 -0.376929 0.001031 -0.194343 -0.268717 -0.454368 -0.033999 0.196659 -0.193673 0.165673 -0.165395 -0.539958 -0.163822 0.342452 -0.227154 -0.287152 0.072577 0.205873 -0.277535 0.000057 -0.146408 -0.086303 -0.172008 -0.190612 -0.236355 0.010468 -0.253042 -0.196068 -0.015407 -0.365777 0.023234 -0.126495 0.193962 -0.223419 0.466351 -0.175332 -0.130100 -0.227879 -0.104141 -0.006450 -0.071003 -0.117241 0.038981 -0.194801 -0.526888 -0.395166 -0.130821 -0.137789 -0.392547 -0.055406 -0.043683 0.092996 -0.192239 -0.066010 -0.252478 -0.169860 0.550764 0.075038 -0.279618 -0.207681 -0.020393 -0.119152
0.101799 -0.385512 0.600203 0.408676 0.208586 -0.126556 0.181898 -0.014198 0.018749 -0.193238 -0.285658 -0.331587 -0.568691 -0.714225 -0.266971 -0.127132 -0.277731 -0.407191 0.323324 -0.296881 0.365060 0.447684 0.693652 0.637477 0.756772 1.000000 -0.217395 0.529839 -0.311040 -0.505147 0.572434 0.493600 -0.078624 0.114474 0.253454 0.114492 -0.247420 -0.142629 0.076491 -0.034113 -0.265520 -0.001780 0.409498 0.594830 -0.051245 -0.144337 0.382534 0.441076 -0.039135 0.116898 0.636490 0.230175 0.197057 0.121683 -0.078621 -0.199567 0.117809 -0.041382 -0.139406 -0.306303 -0.031420 0.231562 -0.265533 0.156372 -0.362451 -0.624547 -0.218739 0.215048 -0.120475 -0.056726 -0.015252 0.152404 -0.502813 0.032457 -0.159781 -0.148044 -0.131634 -0.074127 -0.326760 -0.140845 -0.321291 -0.322959 -0.047124 -0.357055 0.235241 0.198154 0.195514 -0.170171 0.446254 -0.099910 -0.195382 -0.205302 -0.166036 -0.048372 -0.113141 -0.231113 0.178282 -0.156404 -0.385047 -0.343549 -0.035034 -0.178885 -0.305656 -0.170452 -0.108147 -0.100020 -0.216090 -0.205347 -0.140060 -0.230715 0.617930 0.076039 -0.270651 -0.234534 -0.123994 -0.176679
0.122759 0.242850 -0.281248 0.109738 -0.053331 0.726673 -0.315227 0.065681 -0.086435 -0.100887 0.261339 0.373677 0.207050 0.211344 0.470790 0.329611 0.003674 0.080302 -0.106917 0.265902 -0.033763 -0.068663 -0.091862 -0.001264 -0.259328 -0.217395 1.000000 0.550172 -0.037284 -0.045133 -0.203503 -0.123737 0.090323 -0.003149 -0.141145 -0.008572 -0.073226 -0.035760 -0.302366 0.069099 -0.000572 -0.003945 -0.137992 -0.263547 -0.132744 -0.253277 -0.107702 -0.210632 -0.051679 -0.065312 -0.249637 0.030261 -0.154002 0.138719 0.001740 0.259715 -0.039247 -0.145977 -0.067761 -0.175707 -0.096368 -0.467150 0.046569 -0.306165 -0.015241 -0.002799 -0.091630 -0.253282 0.160689 -0.125562 0.014767 0.016934 -0.090582 0.080086 -0.010144 0.256578 -0.155712 -0.057438 -0.304767 -0.170537 -0.091010 -0.184032 0.139769 0.215973 -0.073404 0.128053 -0.343946 0.065835 -0.324793 -0.031456 0.011140 0.460999 0.158536 0.326992 -0.013796 -0.064286 -0.227395 0.031605 0.146914 0.363073 0.217699 0.444115 0.338842 0.398664 0.152254 0.167580 0.137032 -0.027688 0.008049 -0.027728 -0.251098 0.122616 0.386331 0.098968 0.141658 0.034437
0.233721 -0.087869 0.196041 0.465816 -0.009359 0.531044 -0.195606 0.012920 -0.080810 -0.205630 0.169627 0.090146 -0.323592 -0.405445 0.172528 0.206089 -0.269993 -0.250465 0.264749 0.133067 0.170053 0.128497 0.438533 0.498641 0.279006 0.529839 0.550172 1.000000 -0.223982 -0.482366 0.208384 0.279916 0.104119 0.075273 -0.080463 -0.034836 -0.277536 -0.108200 -0.154226 0.154159 -0.217369 0.044931 0.217549 0.224559 -0.147382 -0.386750 0.192033 0.195798 -0.114707 0.007136 0.235494 0.104401 0.167381 0.118214 0.075040 0.081262 0.086999 -0.033611 -0.101513 -0.421448 0.009536 -0.139414 -0.133859 -0.104116 -0.212735 -0.414926 -0.231645 -0.079212 0.056511 -0.085314 0.008915 0.066533 -0.547228 0.085329 -0.155579 0.031235 -0.250681 -0.100754 -0.610620 -0.299296 -0.448981 -0.508810 0.042422 -0.094764 0.056447 0.220918 0.019279 0.022524 0.278350 0.058542 -0.224401 0.194626 -0.065758 0.245536 -0.091653 -0.160523 -0.044789 -0.031476 -0.138782 0.048186 0.074448 0.304523 0.030123 0.209060 -0.020353 0.131994 0.136428 -0.115319 -0.069567 0.021196 0.257890 0.116688 0.181569 -0.009939 0.010530 -0.031386
-0.248416 -0.019388 -0.224296 -0.317170 -0.001105 -0.035470 -0.300799 -0.204014 -0.341030 0.067715 0.269059 0.488254 0.356600 0.540004 0.217096 -0.006694 0.360315 0.692401 0.110271 0.224518 0.083955 0.071492 -0.396563 -0.377293 -0.136248 -0.311040 -0.037284 -0.223982 1.000000 0.695588 0.284183 0.308671 0.279273 0.347156 -0.021856 0.090044 0.455713 0.172331 0.062928 -0.051072 0.500241 0.454334 -0.368194 -0.402205 -0.211481 0.044387 -0.467240 -0.396958 -0.155073 -0.499065 -0.505215 -0.472188 -0.168443 -0.191217 -0.000310 -0.204082 -0.123364 0.073968 -0.317359 -0.078875 -0.373026 -0.222956 -0.083356 -0.296531 -0.059868 0.078741 0.167313 -0.290540 0.121787 0.244548 0.146678 0.295614 0.775900 0.327752 0.638426 0.476369 0.477767 0.458597 0.274129 0.129359 0.482545 0.429082 0.405786 0.607627 0.099039 -0.053160 0.188447 -0.011787 -0.090959 -0.209855 -0.323626 -0.221293 -0.197380 -0.238834 0.029848 0.223678 -0.061462 0.016004 0.045839 -0.038360 -0.273423 -0.198848 -0.126526 -0.158494 -0.174232 -0.158041 0.081687 0.114192 0.128313 0.134011 -0.172013 -0.277293 0.035317 -0.053069 -0.090525 0.232999
-0.534634 0.107803 -0.435037 -0.251201 0.092285 -0.147707 -0.273608 0.034654 -0.165779 0.262727 -0.073200 0.288831 0.442900 0.667028 0.086592 0.275770 0.383629 0.543468 -0.309755 -0.092850 0.125427 0.102826 -0.560135 -0.380062 -0.228419 -0.505147 -0.045133 -0.482366 0.695588 1.000000 -0.022017 0.111345 -0.044997 0.295273 0.035787 0.303555 0.440479 0.333353 0.049807 -0.034893 0.452719 0.477897 -0.534467 -0.604634 -0.229196 0.175813 -0.456648 -0.462119 -0.209236 -0.481870 -0.554032 -0.415728 -0.243462 -0.213804 0.054673 -0.056353 -0.133401 -0.087512 -0.128437 -0.056047 -0.301424 -0.293072 0.019752 -0.332567 -0.078029 0.294619 0.021070 -0.245980 0.035385 0.178801 0.177188 0.366028 0.849594 0.383375 0.454561 0.396466 0.438800 0.501383 0.493929 0.116962 0.618357 0.542240 0.162615 0.584708 0.052682 -0.158351 -0.028771 0.078205 -0.308805 -0.182901 -0.121216 -0.190564 0.036593 -0.237679 0.204186 0.426252 -0.005690 0.155121 0.134845 0.101273 -0.104480 -0.247963 -0.003235 -0.186667 -0.135720 -0.213740 0.208144 0.203031 0.047925 0.245275 -0.239293 -0.210635 0.068977 -0.007405 0.018995 0.224720
-0.126767 -0.648252 0.709520 0.012265 0.359816 -0.118321 0.178771 -0.173765 -0.008298 -0.068173 -0.126385 -0.270695 -0.411208 -0.384912 -0.343130 -0.248540 -0.100711 -0.090229 0.568135 -0.178945 0.451142 0.550246 0.458092 0.274274 0.679768 0.572434 -0.203503 0.208384 0.284183 -0.022017 1.000000 0.803778 -0.090900 0.291736 0.161054 0.259080 -0.141456 -0.145923 -0.049642 -0.113788 -0.152047 0.008121 0.157699 0.297532 0.022724 0.184599 -0.017261 0.134115 -0.226858 -0.076244 0.167772 -0.060880 0.033915 0.070592 -0.182858 -0.329883 -0.106065 -0.116725 -0.458544 -0.340650 -0.296730 0.039362 -0.177060 0.071892 -0.184061 -0.409966 -0.014944 0.194360 -0.078664 -0.119919 0.248830 0.404948 -0.023291 0.191252 0.188687 0.063128 0.033318 -0.033644 -0.312838 -0.157436 -0.055133 0.019910 0.074298 -0.203363 0.051289 -0.185893 0.322296 -0.367313 0.313325 -0.130518 -0.370342 -0.189194 -0.240789 0.032654 -0.094403 -0.191345 -0.091417 -0.252813 -0.377528 -0.336587 -0.066898 -0.109512 -0.304114 -0.075889 -0.064770 -0.076635 -0.245658 -0.047216 -0.099849 -0.208344 0.396705 -0.022866 -0.248337 -0.199302 -0.116409 -0.079087
-0.400444 -0.524619 0.508219 0.398155 0.360649 -0.020228 -0.157066 0.155074 0.017704 0.291290 -0.197678 -0.174805 -0.496825 -0.303978 -0.233434 0.077835 -0.223603 -0.110477 0.539896 -0.035025 0.407073 0.479730 0.329596 0.419480 0.522718 0.493600 -0.123737 0.279916 0.308671 0.111345 0.803778 1.000000 -0.251747 0.449094 -0.000234 0.279177 -0.269056 0.112757 -0.042514 0.005967 -0.262428 0.131626 0.019344 0.141348 -0.070231 0.112699 -0.125753 0.042998 -0.516327 -0.127958 0.036881 -0.172683 0.025124 0.008255 -0.157532 -0.168581 -0.205774 -0.321977 -0.518805 -0.399240 -0.402074 -0.142764 -0.231993 -0.185588 -0.233542 -0.370197 -0.066505 0.192311 -0.137308 -0.157300 0.301959 0.563931 -0.066077 0.226959 0.016240 0.174894 0.024347 0.174731 -0.381638 -0.284543 -0.126968 -0.126749 0.201726 0.048221 -0.091888 -0.134198 0.301654 -0.227457 0.213950 -0.074526 -0.460659 -0.162577 -0.046394 0.161837 -0.127832 -0.007307 -0.096788 -0.105986 -0.265502 -0.173656 -0.089276 -0.047452 -0.202399 -0.031558 -0.128130 -0.151194 -0.047041 0.079386 -0.182580 0.070369 0.381507 0.202447 -0.038970 -0.194929 -0.102432 0.001673
0.202556 0.351187 -0.225706 -0.281814 -0.354507 0.006508 -0.089682 -0.165819 -0.407507 -0.340912 0.295114 0.507143 0.195343 0.085831 0.021223 -0.332795 0.407348 0.390715 0.088774 0.517543 -0.131228 -0.057008 -0.251460 -0.224720 -0.323325 -0.078624 0.090323 0.104119 0.279273 -0.044997 -0.090900 -0.251747 1.000000 0.282628 0.115365 -0.212647 0.330853 -0.029288 -0.020869 -0.104876 0.162444 0.172094 0.031046 -0.021568 -0.085080 -0.144806 -0.017213 -0.097566 0.126307 -0.149817 -0.209665 -0.110038 -0.050663 -0.200014 0.130585 -0.014523 0.231858 0.488521 0.119095 0.327958 -0.014601 0.075576 0.049343 0.123167 -0.088032 0.021931 0.256217 -0.288527 0.436504 0.403366 -0.171266 -0.303163 0.121486 0.108960 0.319425 0.057540 0.155511 0.117995 0.182425 0.156041 0.284849 0.217625 0.150636 0.155883 0.277064 0.253292 0.122982 -0.011785 -0.043152 -0.007377 -0.055288 -0.110641 -0.171017 -0.135578 -0.040894 -0.037182 0.022043 -0.034310 -0.024890 -0.057517 -0.059060 -0.102258 -0.077259 -0.257451 -0.259487 -0.276074 -0.040541 -0.410969 0.242485 -0.106158 -0.164958 -0.282988 -0.054337 -0.085333 -0.166391 -0.092361
-0.456415 -0.031384 -0.075224 0.219996 0.128180 -0.025005 -0.250044 0.300805 -0.153051 0.376962 -0.090080 0.153871 -0.133785 -0.037984 -0.202591 0.077363 0.221991 0.254009 0.142181 0.327036 0.249949 0.268363 -0.175840 0.070967 -0.039147 0.114474 -0.003149 0.075273 0.347156 0.295273 0.291736 0.449094 0.282628 1.000000 0.096495 0.137587 0.094692 0.157583 0.074145 -0.132572 0.015775 0.423827 -0.096265 -0.128631 -0.236526 -0.131245 -0.244254 -0.195932 -0.398385 -0.184441 -0.302769 -0.275392 -0.002901 -0.242394 0.087053 -0.045914 0.168600 0.141052 -0.091662 0.022496 -0.142455 -0.026555 -0.015531 -0.095228 -0.217145 -0.054645 0.058293 -0.086720 0.311752 0.320168 0.145868 0.203781 0.163221 0.313229 0.161758 0.335529 0.089033 0.222032 0.003295 -0.109301 0.188064 0.141194 0.224219 0.401223 0.098096 0.089294 0.220015 -0.084557 -0.021204 -0.001030 -0.433629 -0.200112 -0.273658 -0.144804 -0.066495 -0.056509 0.048215 -0.021571 0.004342 0.025830 -0.173344 -0.273824 -0.210345 -0.267911 -0.385242 -0.475265 -0.045393 -0.118670 -0.093935 0.129192 0.057888 -0.170791 0.102066 -0.296934 -0.312657 -0.146226
-0.246342 -0.036923 0.008550 -0.192040 -0.122766 -0.361690 0.141644 -0.113185 -0.107117 -0.129228 -0.222349 -0.137407 0.165509 0.063290 -0.189222 -0.194017 0.120744 0.038338 -0.134818 -0.319632 -0.077939 0.236621 0.117348 0.069356 0.110926 0.253454 -0.141145 -0.080463 -0.021856 0.035787 0.161054 -0.000234 0.115365 0.096495 1.000000 0.503121 0.271864 0.141105 0.056479 -0.246510 0.134050 -0.002417 0.067962 0.014715 -0.075350 0.144948 0.009165 0.015576 0.160716 -0.061863 0.154721 0.089016 -0.058632 0.042956 0.064134 0.130594 -0.127072 -0.038665 -0.201609 -0.049161 -0.190425 -0.043057 -0.082561 -0.067683 -0.192158 -0.206347 -0.090050 -0.073908 -0.105103 -0.021002 -0.146423 0.065336 0.214546 0.221173 0.221146 0.086841 0.359772 0.302321 0.354269 0.245859 0.299730 0.273827 -0.180003 -0.300544 0.261126 -0.075953 -0.010877 -0.285248 -0.004877 -0.175517 -0.045367 -0.075815 0.005196 -0.136912 0.056535 -0.025917 0.208811 -0.085040 -0.123052 -0.013607 0.152485 -0.132108 0.077899 -0.240382 -0.048335 -0.259737 0.005301 -0.181519 0.328332 -0.315864 0.097155 -0.157395 -0.127188 0.125303 -0.020001 -0.098617
-0.472040 -0.212291 -0.035794 -0.101515 0.047952 -0.271665 -0.011438 -0.098700 -0.101866 0.021968 -0.221147 -0.162805 0.207955 0.247672 -0.099076 0.155109 0.131485 0.006399 -0.201466 -0.385955 0.137872 0.365459 0.092009 0.233226 0.243191 0.114492 -0.008572 -0.034836 0.090044 0.303555 0.259080 0.279177 -0.212647 0.137587 0.503121 1.000000 0.208754 0.158605 -0.116597 0.038361 0.191657 0.084665 -0.106701 -0.179553 0.045983 0.492251 -0.210592 -0.137176 -0.015914 0.004197 -0.016344 0.037224 -0.257826 -0.010865 0.036436 -0.086334 -0.278847 -0.240909 -0.294468 -0.237855 -0.292304 -0.256107 -0.054196 -0.181206 -0.249154 -0.065509 -0.110466 0.133804 -0.258831 -0.198396 -0.192316 0.288934 0.209765 0.126995 0.131353 0.139322 0.156895 0.201949 0.232356 0.272158 0.369478 0.370215 -0.130816 -0.125381 0.035302 -0.283911 0.068499 -0.329848 0.093150 -0.097777 -0.207395 -0.298077 0.076810 -0.055274 0.052814 0.019573 -0.028392 -0.092194 -0.369680 -0.126031 0.081542 -0.079434 -0.002101 -0.122566 -0.140068 -0.155769 0.154914 -0.198911 -0.071546 -0.054469 0.254759 -0.091241 -0.004552 0.062728 0.053023 0.051648
