1.000000 0.667493 0.226922 0.057388 -0.116199 -0.277414 0.316796 0.074869 0.057649 0.085200 0.451876 0.531844 0.331600 0.445343 -0.072977 0.187035 0.394293 0.296792 0.318809 0.047247 -0.190282 -0.352992 -0.014861 -0.265650 -0.192302 -0.262612 -0.259241 -0.330732 0.223760 0.252021 -0.045958 -0.232017 0.200430 0.227671 0.011078 -0.075359 -0.357408 -0.406617 -0.252574 -0.459996 -0.088234 -0.489848 0.001369 -0.033222 -0.013200 -0.060273 0.016129 -0.231418 -0.001797 0.007800 0.148365 -0.082813 0.036807 -0.006641 0.049412 -0.196141 0.259771 0.026916 0.128955 -0.048844 0.488022 0.518827 0.217703 0.275143 -0.003763 0.230639 -0.078772 -0.363162 -0.104660 -0.241435 0.204872 -0.115382 0.353080 0.013281 0.201936 0.083580 0.211433 0.118451 0.190925 0.266265 0.124078 0.201664 -0.053099 -0.225325 0.129214 0.138643 0.200699 0.082451 0.060081 0.123086 -0.254176 -0.399609 -0.174994 -0.263302 -0.453022 -0.209934 -0.339647 -0.364133 -0.148676 -0.074460 -0.114055 -0.120553 0.081461 -0.083155 -0.127812 -0.026644 0.051139 -0.308879 -0.249969 -0.444059 -0.196641 -0.048101 -0.205517 -0.077157 -0.017079 -0.143092
0.667493 1.000000 0.168428 0.213293 -0.234889 -0.382847 0.248973 0.201740 -0.143141 0.114049 0.322565 0.540325 0.235489 0.374945 -0.283088 0.003849 0.278276 0.160224 0.390230 0.236505 -0.353651 -0.465428 -0.106125 -0.273661 -0.326577 -0.430818 -0.382205 -0.409392 -0.090238 -0.039413 -0.329733 -0.406295 0.082254 0.125177 -0.006335 -0.100195 -0.458127 -0.466027 -0.207003 -0.485542 -0.219028 -0.524721 0.095811 0.143642 0.117104 0.115065 0.102175 -0.033729 0.098687 0.264846 0.079604 0.115320 -0.055823 -0.016350 -0.137800 -0.148478 0.286518 0.194179 0.277167 0.264607 0.299350 0.565806 0.111101 0.321650 -0.122181 0.169903 0.076715 -0.137689 0.163553 -0.069940 -0.095232 -0.251433 0.029914 -0.225126 -0.069632 -0.179383 -0.122237 -0.162365 -0.028204 0.081106 -0.012194 0.015789 -0.202845 -0.341963 0.127764 0.060599 0.151004 0.009812 0.028265 -0.022061 -0.189620 -0.275434 -0.003713 -0.136581 -0.447040 -0.237010 -0.262108 -0.346602 0.078473 0.095223 0.054699 -0.028507 0.274991 0.062139 -0.118179 -0.040818 0.039546 -0.298266 -0.204657 -0.438762 -0.050539 0.243450 -0.129164 0.050640 0.000406 -0.047507
0.226922 0.168428 1.000000 0.345212 0.261684 0.045100 0.663388 0.571659 0.310766 0.344323 0.244117 0.314142 0.416296 0.300631 -0.182098 0.223698 -0.136678 -0.071303 0.267375 -0.267677 0.184721 -0.044602 0.227923 0.163594 -0.056366 0.119446 0.171736 -0.066870 -0.049727 0.007739 0.099428 0.016879 -0.195380 0.103183 0.120935 0.253463 -0.009302 0.099922 0.289238 0.130493 -0.213432 0.081562 -0.276842 -0.312957 -0.217103 -0.367136 -0.279319 -0.440894 -0.056573 -0.432326 0.255338 -0.194980 0.042999 -0.188221 0.413645 -0.075646 -0.257133 -0.271304 -0.089759 -0.352433 0.005528 -0.002722 -0.328092 -0.352296 0.091706 0.462924 -0.167099 0.072502 -0.346241 -0.333803 0.116136 0.089235 0.001752 0.175345 0.059468 0.199850 -0.061000 0.038007 -0.130599 -0.218647 -0.193861 -0.257470 -0.325142 -0.082625 -0.006305 -0.174791 -0.217598 -0.023176 0.361072 0.269667 0.329553 0.097050 0.334621 0.296565 0.069424 0.227598 -0.018508 -0.088068 0.054794 -0.176263 0.311787 0.308325 0.088317 -0.125429 -0.085382 -0.084461 -0.253704 -0.102366 0.041247 -0.000467 0.176184 -0.036805 0.129816 -0.072426 0.005809 -0.077057
0.057388 0.213293 0.345212 1.000000 -0.028585 0.186941 0.326745 0.522312 -0.010323 0.336688 -0.067432 0.197991 -0.024702 -0.011671 -0.049902 0.206458 -0.300602 -0.347766 0.269679 -0.139180 0.109424 0.003211 0.358642 0.648935 0.303266 0.350089 0.146595 0.061843 -0.342825 -0.159305 0.209633 0.242641 -0.266965 0.066664 0.106587 0.021461 -0.105531 0.016396 -0.130525 -0.164171 -0.284585 0.016149 -0.109336 0.011464 -0.056402 0.053101 -0.355651 -0.151007 -0.207514 -0.055954 0.089416 0.003519 -0.162984 -0.172044 0.067125 -0.170155 -0.164923 -0.314596 -0.102116 -0.143633 -0.179020 -0.061327 -0.290145 -0.266360 0.379380 0.171076 -0.113917 0.207678 -0.229777 -0.347111 0.146015 -0.032628 -0.207214 0.266246 0.237618 0.247557 0.048098 0.092556 -0.422799 -0.338398 -0.396506 -0.383195 -0.081133 0.118666 0.158903 0.316698 0.265078 0.270721 0.281613 0.289556 0.087035 -0.011331 0.436075 0.087602 0.068663 -0.101625 -0.262519 -0.246714 0.008983 -0.201610 0.270597 -0.071138 0.240895 -0.270363 0.055600 -0.138630 -0.083482 -0.100917 -0.151391 -0.064767 0.071460 -0.024902 -0.006125 -0.055480 -0.196797 -0.089357
-0.116199 -0.234889 0.261684 -0.028585 1.000000 0.608135 0.189375 0.166601 0.286595 0.334815 -0.005171 -0.007569 0.075383 0.010091 -0.074781 0.125161 -0.214199 -0.110699 -0.121603 -0.059040 0.364293 0.128077 0.234481 -0.016089 0.403427 0.131600 0.597663 0.174926 -0.086010 -0.182276 -0.014212 -0.072326 -0.118147 -0.193298 0.025535 0.180593 0.057965 0.097186 0.166993 0.182837 -0.132796 0.187017 -0.175388 -0.296811 0.154178 -0.047944 -0.156646 -0.239706 0.288398 -0.038958 0.300822 0.161023 0.322196 0.127573 0.342817 0.040726 -0.095083 -0.039421 -0.036380 -0.125574 -0.087255 -0.158451 -0.229742 -0.274807 -0.137918 0.078319 -0.052257 0.114191 -0.057679 0.079608 -0.039057 -0.041398 -0.147568 -0.049879 -0.007078 0.032392 -0.106354 -0.121156 0.034863 -0.151697 -0.003856 -0.138464 -0.151692 -0.024707 -0.217510 -0.303367 -0.285443 -0.081775 0.035506 0.098500 0.250355 0.209107 0.145781 0.144491 0.226964 0.010655 -0.140218 -0.025925 -0.010395 -0.212870 0.025532 0.123855 -0.170931 -0.061803 -0.007786 -0.000266 -0.191160 0.053931 0.159798 -0.064986 -0.014396 -0.237422 0.069079 -0.115651 0.032924 0.054654
-0.277414 -0.382847 0.045100 0.186941 0.608135 1.000000 -0.014068 0.141624 0.204162 0.208768 -0.111994 0.024141 -0.023439 -0.107043 0.122064 0.266627 -0.414024 -0.244325 -0.256563 -0.164437 0.504628 0.403629 0.253224 0.218583 0.492048 0.453256 0.769665 0.541334 -0.159971 -0.121494 0.123542 0.136726 -0.272056 -0.304468 -0.013986 0.202299 0.067870 0.075280 0.067892 0.144086 -0.004400 0.176707 -0.214084 -0.223202 -0.010245 0.034920 -0.208962 -0.075280 0.091828 -0.070698 0.287789 0.111020 0.147144 0.046118 0.302949 0.131324 -0.170483 -0.182092 -0.074661 -0.237603 -0.137166 -0.311373 -0.282380 -0.335305 0.090938 0.058750 -0.102616 0.164612 0.033657 0.056822 -0.032913 -0.143183 -0.185298 -0.044194 -0.031160 -0.038686 -0.003536 -0.089118 -0.060417 -0.097134 -0.091449 -0.154173 -0.010615 0.171497 -0.071778 0.019178 -0.178442 0.106138 0.128574 0.223974 0.165235 0.128959 0.088430 0.068872 0.180175 0.018108 -0.003473 0.140189 -0.121436 -0.279239 0.032851 -0.076098 -0.261228 -0.213245 0.126331 0.079217 -0.124172 0.036277 0.112154 0.127497 0.092547 -0.251808 0.029423 0.114523 0.071965 0.143278
0.316796 0.248973 0.663388 0.326745 0.189375 -0.014068 1.000000 0.676007 0.451807 0.592409 0.307408 0.429619 0.536034 0.566942 -0.032840 0.351480 -0.190131 -0.172586 0.142300 -0.378521 0.097995 -0.125266 0.143861 0.281599 -0.070488 -0.103909 -0.044007 -0.247309 -0.062692 0.084812 0.060665 0.054176 -0.273092 0.037830 0.053136 0.130676 -0.065171 -0.063813 0.004107 -0.134970 -0.140377 -0.094319 -0.137744 -0.183128 -0.093882 -0.147878 -0.292642 -0.390790 -0.136420 -0.265026 0.074253 -0.243519 -0.124629 -0.192696 0.324820 -0.238847 -0.256240 -0.307993 -0.190426 -0.304799 -0.090801 0.149571 -0.370593 -0.287073 0.314136 0.448866 -0.327923 -0.204390 -0.431088 -0.418427 0.206163 -0.136367 0.122801 0.197266 0.198492 0.219861 0.128333 0.077821 -0.195805 -0.126390 -0.297478 -0.206393 -0.140063 0.031158 0.248160 0.124988 0.088582 0.048070 0.526571 0.373264 0.233008 0.012199 0.324875 0.183857 -0.028164 -0.048131 -0.326476 -0.193030 0.038373 -0.247448 0.206749 0.197422 0.104363 -0.158611 0.045346 -0.043349 -0.136365 -0.040336 -0.088911 -0.173206 -0.024710 0.035942 0.079054 -0.055702 0.055184 -0.051316
0.074869 0.201740 0.571659 0.522312 0.166601 0.141624 0.676007 1.000000 0.292752 0.685474 0.050616 0.405052 0.227129 0.394612 -0.237869 0.284323 -0.368142 -0.314967 -0.034706 -0.399472 0.154579 -0.038368 -0.086770 0.422306 -0.108238 0.047949 -0.018827 -0.213503 -0.213422 0.037949 0.127812 0.197724 -0.428231 -0.031686 0.186899 0.338764 -0.005140 0.121729 0.154370 0.100660 -0.203853 0.070469 -0.213528 -0.158676 -0.027161 -0.029067 -0.318091 -0.338952 -0.127398 -0.210378 0.196748 -0.095738 -0.114131 -0.297780 0.397232 -0.097768 -0.384045 -0.363468 -0.357749 -0.407295 -0.245181 0.032645 -0.511867 -0.504023 0.221576 0.598206 -0.394080 0.090496 -0.419523 -0.410396 0.023505 -0.037643 -0.033586 0.165032 0.105606 0.155858 0.061278 0.150874 -0.268988 -0.301184 -0.440240 -0.387962 -0.409669 0.039737 0.093653 0.102640 -0.023834 0.205574 0.329843 0.356487 0.304086 0.089056 0.492324 0.183333 0.005588 0.112599 -0.138880 -0.041646 0.148628 -0.254338 0.329432 0.144247 0.095971 -0.206765 0.139358 0.084684 -0.274533 -0.105877 0.040101 0.049367 0.247274 0.068063 0.204777 0.152097 0.066557 0.032522
0.057649 -0.143141 0.310766 -0.010323 0.286595 0.204162 0.451807 0.292752 1.000000 0.389491 0.268536 0.245451 0.474940 0.484694 0.366112 0.610143 -0.129315 -0.025608 -0.207782 -0.274263 0.239615 0.182871 0.095368 0.104712 0.254425 0.289079 0.143762 0.104588 0.254365 0.281017 0.229082 0.151731 -0.189642 -0.058003 -0.155741 0.143301 0.374622 0.368875 0.241819 0.157499 0.240599 0.277784 -0.375847 -0.456925 -0.250522 -0.425230 -0.184790 -0.409541 -0.048659 -0.446212 0.274575 -0.114380 0.143063 0.060190 0.472106 0.077400 -0.248119 -0.265949 -0.257336 -0.361867 -0.146596 -0.017406 -0.284140 -0.301375 -0.027920 0.185658 -0.375957 -0.093746 -0.305593 -0.187385 0.139636 0.019386 0.267311 0.217063 0.165127 0.176234 0.228185 0.221592 0.059124 -0.033838 -0.016890 -0.013950 0.197152 0.228434 -0.077553 -0.222954 0.053975 -0.089924 0.249836 0.286228 0.239324 -0.066105 0.141502 0.025203 0.199351 0.010549 -0.031584 0.089725 -0.115120 -0.398555 0.083878 0.009935 -0.149307 -0.252637 0.132772 0.049254 -0.252729 0.087986 0.054286 0.046054 -0.064996 -0.210063 0.160457 -0.208438 0.127456 0.093913
0.085200 0.114049 0.344323 0.336688 0.334815 0.208768 0.592409 0.685474 0.389491 1.000000 0.094801 0.354611 0.259198 0.416645 -0.125705 0.380523 -0.280124 -0.185166 -0.053945 -0.328722 0.055465 -0.062089 0.057138 0.333715 0.091950 0.049520 -0.011094 -0.215348 -0.058330 0.184727 0.153192 0.169214 -0.350489 -0.039818 0.277566 0.245503 0.031013 0.020816 0.044708 -0.014969 -0.090311 -0.005474 -0.100599 -0.131108 0.087073 0.111522 -0.311767 -0.344601 -0.139460 -0.098576 0.038156 -0.146534 -0.227441 -0.171867 0.255666 -0.184873 -0.329937 -0.367566 -0.286030 -0.324813 -0.270376 0.157209 -0.497212 -0.425739 0.287357 0.511609 -0.380383 -0.082386 -0.359648 -0.431778 0.133703 -0.164048 0.117872 0.138499 0.158538 0.198394 0.146433 0.142106 -0.136312 -0.166855 -0.308794 -0.184028 -0.134487 0.099674 0.198200 0.093956 0.165177 0.314209 0.381769 0.328140 0.106775 -0.040650 0.313852 0.036900 -0.020378 0.036620 -0.434931 -0.030730 0.001299 -0.163407 0.163188 0.046183 0.001197 -0.211529 0.190941 0.149127 -0.199922 -0.004567 0.070678 -0.079592 0.084910 0.028417 0.202785 0.175404 -0.000706 0.010839
0.451876 0.322565 0.244117 -0.067432 -0.005171 -0.111994 0.307408 0.050616 0.268536 0.094801 1.000000 0.518568 0.787199 0.354670 0.517143 0.247589 0.255530 0.091590 0.020898 -0.021215 -0.227114 -0.149349 0.286907 -0.156173 -0.166291 -0.197871 0.014404 -0.199028 0.189139 -0.004330 -0.268834 -0.286389 -0.114015 -0.012330 0.003393 0.102101 -0.187163 -0.245292 -0.054743 -0.131227 -0.176273 -0.230983 0.033456 -0.069496 -0.037431 -0.106750 0.099128 -0.160816 0.054754 -0.112730 0.124230 -0.098735 -0.025139 0.102343 0.285671 0.006608 -0.052933 -0.064282 0.101665 -0.112154 0.255930 0.165193 0.020567 -0.073932 0.104566 0.249330 -0.062210 -0.140225 -0.029466 -0.078968 -0.020870 -0.039751 0.118390 -0.024754 0.040394 -0.098070 -0.121892 -0.134029 0.066605 0.051863 0.186130 0.046601 0.221245 -0.157185 0.415303 -0.146799 0.309633 0.020898 0.319826 0.110054 0.065032 -0.154288 -0.021024 0.047904 -0.178100 -0.118355 -0.055499 -0.167967 -0.151739 -0.242010 -0.018931 0.062772 -0.155109 -0.204164 -0.257161 -0.089879 -0.067162 -0.178087 -0.088771 -0.215101 0.035709 -0.062467 -0.073683 -0.058777 -0.008918 -0.116558
0.531844 0.540325 0.314142 0.197991 -0.007569 0.024141 0.429619 0.405052 0.245451 0.354611 0.518568 1.000000 0.554394 0.643904 -0.039789 0.452798 0.184755 0.234701 0.024513 -0.168317 -0.059411 -0.214196 -0.036830 -0.098880 -0.250196 -0.148386 -0.135270 -0.239667 0.177348 0.239772 -0.169193 -0.169289 -0.110323 0.084237 -0.022117 0.023508 -0.293904 -0.255725 -0.069909 -0.272887 -0.060883 -0.382604 -0.108293 -0.172373 -0.066716 -0.135594 0.005486 -0.296966 -0.037753 -0.174536 0.209439 -0.087472 -0.040770 -0.025698 0.242361 -0.094542 0.003921 -0.094506 -0.143289 -0.309963 0.195622 0.430025 -0.089436 0.006066 0.085840 0.520221 -0.307433 -0.213804 -0.208383 -0.287501 -0.002715 -0.153708 0.284253 -0.069690 0.019970 -0.099696 0.054911 -0.046112 0.130636 0.210942 0.021785 0.114463 -0.112341 -0.047764 0.154655 0.124415 0.057849 0.126921 0.188561 0.232277 0.025350 -0.216332 0.090482 -0.058061 -0.288680 -0.167912 -0.190681 -0.183305 0.022778 -0.163870 0.025511 0.038103 -0.031894 -0.224462 -0.045821 0.056915 -0.120596 -0.324289 -0.255714 -0.282978 0.029389 0.064008 -0.018118 0.063325 0.184334 0.002086
0.331600 0.235489 0.416296 -0.024702 0.075383 -0.023439 0.536034 0.227129 0.474940 0.259198 0.787199 0.554394 1.000000 0.597996 0.460743 0.505426 0.074415 0.103978 -0.049379 -0.250955 -0.116400 -0.031916 0.221812 -0.111558 -0.241893 -0.124270 0.086534 -0.104266 0.254240 0.091387 -0.254399 -0.202586 -0.236326 -0.061764 -0.077568 0.057799 -0.072154 -0.184171 0.133760 -0.063465 -0.044487 -0.190738 -0.047199 -0.138081 -0.225930 -0.243735 0.033472 -0.235064 -0.093793 -0.322390 0.119100 -0.212638 -0.114659 0.017846 0.423330 0.029521 -0.184798 -0.205140 -0.075833 -0.284068 0.198200 0.235748 -0.165414 -0.145901 0.139235 0.415506 -0.379311 -0.255934 -0.242543 -0.220899 -0.060951 -0.151777 0.236432 -0.089596 0.017986 -0.128622 -0.016591 -0.095724 0.005923 0.104348 -0.011274 -0.006287 0.177059 0.002853 0.285528 -0.144688 0.105953 0.000322 0.469410 0.273225 0.199107 -0.061720 0.146545 0.153209 -0.070917 -0.039025 0.015802 -0.122068 -0.040733 -0.150724 0.135425 0.147195 -0.091326 -0.171011 -0.107218 -0.021077 -0.197170 -0.089970 -0.046880 -0.157391 0.076227 0.004594 0.094523 0.055022 0.172426 -0.005068
0.445343 0.374945 0.300631 -0.011671 0.010091 -0.107043 0.566942 0.394612 0.484694 0.416645 0.354670 0.643904 0.597996 1.000000 0.083104 0.621297 0.198442 0.304338 0.001368 -0.273135 -0.074028 -0.089152 -0.126665 -0.112531 -0.256421 -0.063356 -0.151706 -0.191436 0.416292 0.481456 0.005979 0.027414 -0.090741 0.063916 -0.204266 -0.071288 -0.014664 -0.055996 0.134967 -0.098784 0.146305 -0.084421 -0.239179 -0.297130 -0.205476 -0.290508 -0.119222 -0.420527 -0.119835 -0.258663 0.112313 -0.164276 -0.090058 -0.035774 0.236314 -0.120501 -0.062188 -0.183574 -0.207196 -0.255267 0.104298 0.537127 -0.017673 0.059072 -0.038107 0.419194 -0.506125 -0.408023 -0.388155 -0.358659 0.010069 -0.167734 0.524113 0.007256 0.081550 0.035256 0.149480 0.047901 0.211882 0.269903 0.084174 0.217962 0.052458 0.124116 0.056703 0.021110 -0.034935 0.160755 0.167997 0.289384 -0.054376 -0.229997 0.046401 -0.096931 -0.152489 -0.139092 -0.272653 -0.210105 -0.053313 -0.152654 0.119053 -0.005196 0.051753 -0.169205 0.008652 0.007793 -0.168287 -0.056372 -0.194480 -0.287149 -0.058856 -0.043105 0.071791 0.018000 0.224229 0.004836
-0.072977 -0.283088 -0.182098 -0.049902 -0.074781 0.122064 -0.032840 -0.237869 0.366112 -0.125705 0.517143 -0.039789 0.460743 0.083104 1.000000 0.402239 0.042215 -0.052233 -0.234905 -0.101577 -0.020565 0.207330 0.323487 0.139601 0.143130 0.234187 0.251057 0.219063 0.324325 0.106743 0.032673 0.126093 -0.158961 -0.102869 -0.190957 -0.081239 0.217549 0.132435 -0.015512 0.019323 0.167804 0.181870 -0.015903 -0.066785 -0.231771 -0.202415 -0.059324 -0.038369 -0.146013 -0.215100 -0.038954 -0.120020 -0.086353 0.104969 0.118128 0.019230 -0.140746 -0.160684 -0.028105 -0.118540 -0.036856 -0.180395 -0.033609 -0.109879 0.248734 -0.184212 -0.169992 -0.154280 -0.104039 -0.036718 0.045412 0.067106 0.184504 0.144869 0.144266 0.049325 0.102268 0.027393 0.045376 0.070270 0.175920 0.118796 0.708827 0.308795 0.271217 0.006625 0.316376 0.130727 0.200359 0.035245 0.006639 -0.100321 -0.022881 0.020197 0.130574 -0.135114 0.069853 -0.056862 -0.290738 -0.272269 -0.021007 -0.134150 -0.204732 -0.278635 -0.025005 -0.116711 -0.018056 0.148880 -0.083434 0.032356 -0.066691 -0.186599 0.011223 -0.114425 -0.049285 0.032607
0.187035 0.003849 0.223698 0.206458 0.125161 0.266627 0.351480 0.284323 0.610143 0.380523 0.247589 0.452798 0.505426 0.621297 0.402239 1.000000 -0.053737 0.121101 -0.175473 -0.356752 0.081333 0.187262 0.025709 0.150809 0.056517 0.303783 0.190861 0.150526 0.411101 0.493666 0.220534 0.281651 -0.197886 0.052785 -0.229194 -0.068180 0.291237 0.222280 0.152564 0.090612 0.129296 0.182718 -0.297100 -0.284692 -0.381774 -0.351768 -0.225731 -0.359145 -0.269381 -0.442054 0.129990 -0.201102 0.026281 0.013616 0.377549 0.068481 -0.191554 -0.337188 -0.290052 -0.470332 0.018684 0.144003 -0.211426 -0.146910 0.064678 0.241971 -0.552903 -0.315446 -0.412011 -0.375480 0.138833 -0.025692 0.362147 0.081645 0.080049 0.144499 0.237545 0.197050 0.060464 0.103393 -0.030387 0.102715 0.241899 0.467384 -0.013440 0.151248 0.026102 0.271462 0.231495 0.434791 0.003873 -0.201149 0.165764 -0.090439 0.152156 0.001804 -0.158817 -0.092736 -0.241852 -0.352671 0.131708 -0.144082 -0.087243 -0.379590 -0.002127 -0.071175 -0.158750 -0.034880 -0.077096 -0.096785 -0.102404 -0.260405 0.144733 -0.085356 0.034507 -0.086481
0.394293 0.278276 -0.136678 -0.300602 -0.214199 -0.414024 -0.190131 -0.368142 -0.129315 -0.280124 0.255530 0.184755 0.074415 0.198442 0.042215 -0.053737 1.000000 0.814397 0.222850 0.300901 -0.238248 -0.291891 -0.073905 -0.529448 -0.297113 -0.151554 -0.301999 -0.215757 0.539970 0.402344 -0.109600 -0.250346 0.690681 0.474022 -0.291167 -0.442108 -0.177724 -0.267682 -0.023674 -0.219460 0.091717 -0.181296 0.021224 -0.057454 -0.099293 -0.276832 0.280455 -0.012741 0.042963 0.089333 -0.185731 0.028644 0.028340 0.191414 -0.224370 -0.037702 0.620219 0.483787 0.057203 0.168396 0.281593 0.222045 0.701118 0.696732 -0.369468 -0.245281 0.122752 -0.356438 0.102049 0.095744 0.019129 0.036426 0.535257 0.030607 0.032866 -0.111530 -0.005764 -0.139518 0.709700 0.587755 0.686539 0.695055 0.112040 -0.180371 -0.070398 -0.092999 -0.018595 0.001622 -0.367446 -0.394487 -0.449985 -0.493095 -0.453512 -0.415426 -0.265466 -0.139280 0.018089 -0.190930 -0.038059 0.195476 -0.251290 -0.217578 -0.031416 -0.073036 -0.278540 -0.209608 -0.003264 -0.301842 -0.331965 -0.251643 -0.185121 0.041706 -0.251058 -0.141945 -0.056163 -0.322264
0.296792 0.160224 -0.071303 -0.347766 -0.110699 -0.244325 -0.172586 -0.314967 -0.025608 -0.185166 0.091590 0.234701 0.103978 0.304338 -0.052233 0.121101 0.814397 1.000000 0.174459 0.245746 -0.167461 -0.124230 -0.133951 -0.516964 -0.215532 -0.033646 -0.170468 -0.084026 0.643422 0.506066 -0.082433 -0.205607 0.627517 0.389305 -0.323751 -0.450500 -0.098243 -0.214918 0.001418 -0.135905 0.144375 -0.176137 -0.194599 -0.241926 -0.257335 -0.422556 0.186289 -0.136003 -0.064341 -0.079384 -0.168705 -0.046317 0.014343 0.162224 -0.087865 0.022812 0.530756 0.429062 -0.065287 0.025824 0.262033 0.276070 0.623020 0.652426 -0.401738 -0.134702 -0.013451 -0.372106 0.081836 0.116854 0.025046 0.026148 0.579532 -0.056920 -0.136837 -0.125318 0.052691 -0.066344 0.715224 0.699467 0.634399 0.748654 0.094837 -0.049714 -0.169381 -0.069174 -0.180318 -0.006355 -0.293869 -0.196690 -0.325039 -0.406694 -0.348874 -0.320178 -0.190539 -0.073148 0.010386 -0.167750 0.022118 0.245474 -0.173901 -0.158329 -0.058090 -0.059114 -0.120562 -0.098638 -0.136396 -0.266037 -0.309064 -0.209747 -0.225304 0.064074 -0.112942 -0.125449 0.009213 -0.251536
0.318809 0.390230 0.267375 0.269679 -0.121603 -0.256563 0.142300 -0.034706 -0.207782 -0.053945 0.020898 0.024513 -0.049379 0.001368 -0.234905 -0.175473 0.222850 0.174459 1.000000 0.544948 -0.169759 -0.230055 0.129338 0.011905 0.005077 -0.144610 -0.186678 -0.307928 -0.056178 -0.060563 0.024119 -0.206552 0.330813 0.337861 -0.099673 -0.203088 -0.474523 -0.415184 -0.396975 -0.388498 -0.354124 -0.332548 -0.126102 -0.042168 0.018015 -0.030317 -0.157377 -0.082472 -0.063825 0.118551 -0.086796 0.003164 -0.192465 -0.108199 -0.220595 -0.251475 0.343721 0.289282 0.258351 0.325280 0.125502 0.106314 0.283227 0.200825 0.021001 -0.087197 0.357776 0.176935 0.303681 0.212529 0.058992 -0.249633 0.036925 0.026620 0.078082 -0.029336 -0.191853 -0.162254 -0.000381 -0.003258 0.061378 0.021202 -0.158325 -0.212305 0.040073 0.080777 0.023605 -0.145942 0.043305 0.034828 -0.104234 -0.044745 0.049204 0.092629 -0.141827 -0.139116 -0.322483 -0.357741 0.023212 0.139372 0.231555 0.080245 0.398610 0.214538 -0.121894 -0.299253 -0.100570 -0.142311 -0.211473 -0.243626 -0.149337 0.128527 -0.138141 -0.229821 -0.361725 -0.183813
0.047247 0.236505 -0.267677 -0.139180 -0.059040 -0.164437 -0.378521 -0.399472 -0.274263 -0.328722 -0.021215 -0.168317 -0.250955 -0.273135 -0.101577 -0.356752 0.300901 0.245746 0.544948 1.000000 -0.138279 -0.202078 -0.046576 -0.269098 0.015108 -0.241625 -0.142083 -0.189436 -0.061467 -0.205307 -0.116723 -0.365651 0.433128 0.198916 -0.158845 -0.196221 -0.440269 -0.340513 -0.466907 -0.351929 -0.125847 -0.329933 -0.073168 -0.040516 0.246678 0.120765 0.038432 0.145653 0.258790 0.402206 -0.072349 0.261080 -0.010533 0.189278 -0.435354 -0.091714 0.532442 0.643863 0.458516 0.610625 0.101392 0.040646 0.392016 0.328604 -0.357114 -0.373700 0.580251 0.291684 0.758884 0.738384 -0.238809 -0.333055 -0.103941 -0.288251 -0.172691 -0.315096 -0.349237 -0.317484 0.263400 0.115044 0.407177 0.211196 0.003694 -0.351980 -0.108861 -0.166120 0.019546 -0.156612 -0.398609 -0.362857 -0.211247 -0.050744 -0.251841 -0.029549 -0.294936 -0.359576 -0.175819 -0.254970 -0.118967 0.102391 -0.054216 -0.057510 0.126756 0.310907 -0.021718 -0.152090 0.009000 0.040616 -0.271104 -0.205517 -0.181244 0.037358 -0.235835 -0.236492 -0.434236 -0.104818
-0.190282 -0.353651 0.184721 0.109424 0.364293 0.504628 0.097995 0.154579 0.239615 0.055465 -0.227114 -0.059411 -0.116400 -0.074028 -0.020565 0.081333 -0.238248 -0.167461 -0.169759 -0.138279 1.000000 0.124332 0.125339 0.166137 0.379183 0.342837 0.413231 0.320574 -0.093657 0.053280 0.468303 0.282056 -0.003826 -0.075956 -0.096508 0.008765 0.085156 0.177973 0.059606 0.076869 0.043689 0.199639 -0.073918 -0.176411 0.141685 -0.055059 -0.027026 -0.002984 0.106615 -0.087554 0.363805 0.116552 0.261435 0.171351 0.277973 0.121723 -0.027641 -0.026863 -0.188081 -0.230986 -0.238899 -0.257498 -0.213199 -0.197294 -0.016362 0.017194 -0.153049 0.024461 -0.132496 0.103614 0.252172 0.021948 -0.011376 0.073728 0.047897 0.166836 0.195466 0.085990 0.077994 -0.008730 -0.009831 -0.104362 -0.077568 0.139444 -0.200539 -0.029455 -0.220483 -0.006378 0.055065 0.084092 0.098925 -0.088841 -0.183766 -0.147541 0.220714 -0.011121 0.105838 0.099679 -0.050200 -0.273686 0.052616 -0.263033 -0.150995 -0.400292 -0.057720 -0.255663 -0.163209 -0.191200 -0.065402 0.223881 -0.009441 -0.341499 -0.218584 -0.025824 -0.020092 0.150293
-0.352992 -0.465428 -0.044602 0.003211 0.128077 0.403629 -0.125266 -0.038368 0.182871 -0.062089 -0.149349 -0.214196 -0.031916 -0.089152 0.207330 0.187262 -0.291891 -0.124230 -0.230055 -0.202078 0.124332 1.000000 -0.031524 0.291976 0.310084 0.579883 0.379427 0.485758 0.215097 0.016973 0.234093 0.502267 -0.349681 -0.230204 -0.144090 0.155648 0.323348 0.409858 0.221703 0.439994 0.433540 0.359584 -0.272512 -0.263378 -0.284313 -0.200533 -0.275136 -0.194948 -0.231328 -0.406664 -0.025916 -0.263282 -0.084024 -0.288620 0.186343 -0.061524 -0.392383 -0.349228 -0.136863 -0.287029 -0.126683 -0.211595 -0.180365 -0.355962 0.092352 0.052953 -0.281187 0.130530 -0.178776 -0.103306 -0.181394 0.236291 -0.047574 -0.019652 -0.113732 -0.069220 -0.022013 0.066596 -0.066730 -0.064993 -0.108811 -0.096838 0.385839 0.468358 -0.178104 -0.063303 -0.198573 -0.019333 -0.022199 0.087270 0.345510 0.440595 0.211971 0.353281 0.267026 0.188730 0.210974 0.110838 -0.028613 -0.176662 0.081488 0.200652 -0.068693 -0.003710 0.371500 0.285271 0.076195 0.322470 0.219637 0.299958 -0.006224 -0.023351 0.442784 0.143209 0.320282 0.212878
-0.014861 -0.106125 0.227923 0.358642 0.234481 0.253224 0.143861 -0.086770 0.095368 0.057138 0.286907 -0.036830 0.221812 -0.126665 0.323487 0.025709 -0.073905 -0.133951 0.129338 -0.046576 0.125339 -0.031524 1.000000 0.342259 0.521848 0.354518 0.494003 0.365732 -0.201443 -0.351706 -0.040307 -0.174794 -0.035195 -0.020163 0.074191 0.061824 -0.146473 -0.104268 -0.058855 -0.211576 -0.176766 -0.055676 0.018965 -0.015613 -0.102678 -0.074471 -0.088620 -0.053574 -0.156562 -0.105024 0.108445 -0.018381 -0.126505 0.107072 0.048005 -0.090270 -0.012140 -0.060174 -0.022019 -0.084158 -0.103193 -0.225358 -0.119181 -0.159036 0.341110 -0.081914 0.010187 0.074817 0.088544 0.021119 0.178679 -0.026265 -0.158447 0.133931 0.141825 0.173972 -0.031576 -0.122753 -0.058996 -0.003929 0.123117 -0.021385 0.268281 -0.128046 0.418489 0.035003 0.269988 -0.030965 0.422190 0.111676 0.006616 -0.092716 0.036707 0.092706 0.092514 -0.151734 -0.169308 -0.185142 -0.254082 -0.199495 -0.084254 -0.102365 -0.277490 -0.303261 -0.187224 -0.207374 -0.121407 -0.017240 -0.093612 -0.124625 0.113524 -0.312331 -0.320047 -0.206653 -0.155606 -0.118324
-0.265650 -0.273661 0.163594 0.648935 -0.016089 0.218583 0.281599 0.422306 0.104712 0.333715 -0.156173 -0.098880 -0.111558 -0.112531 0.139601 0.150809 -0.529448 -0.516964 0.011905 -0.269098 0.166137 0.291976 0.342259 1.000000 0.441817 0.479776 0.105217 0.170865 -0.199193 -0.121525 0.448153 0.599453 -0.453273 -0.049791 0.188234 0.195680 0.086894 0.253737 -0.095245 0.059793 -0.032733 0.238911 -0.171587 -0.043362 -0.126198 0.024598 -0.437900 -0.166640 -0.429914 -0.280669 -0.022476 -0.258683 -0.359351 -0.316308 -0.001219 -0.188457 -0.514652 -0.482848 -0.293258 -0.342711 -0.370535 -0.267048 -0.444895 -0.563207 0.600439 0.190171 -0.250130 0.229410 -0.293747 -0.284764 0.120755 0.043839 -0.206873 0.294520 0.247600 0.267749 0.098572 0.218010 -0.413518 -0.404595 -0.363025 -0.344284 0.181790 0.396480 0.240098 0.353435 0.258100 0.223799 0.275319 0.277099 0.221039 0.262353 0.439760 0.324267 0.212424 -0.065248 -0.195012 -0.102205 -0.057873 -0.314884 0.178817 0.065745 0.026982 -0.194080 0.205525 0.011883 0.011491 0.163132 -0.098051 0.085365 0.125081 -0.114614 0.114946 -0.024677 -0.095949 -0.030167
-0.192302 -0.326577 -0.056366 0.303266 0.403427 0.492048 -0.070488 -0.108238 0.254425 0.091950 -0.166291 -0.250196 -0.241893 -0.256421 0.143130 0.056517 -0.297113 -0.215532 0.005077 0.015108 0.379183 0.310084 0.521848 0.441817 1.000000 0.609526 0.453591 0.428418 -0.121369 -0.172902 0.402521 0.263760 -0.047651 -0.118291 -0.029175 0.011711 0.100474 0.188156 -0.157342 -0.071486 0.046655 0.144583 -0.215022 -0.201273 0.040463 -0.040916 -0.261177 -0.115806 -0.030218 -0.062508 0.257534 0.113652 0.112712 0.056868 0.082877 -0.052682 -0.049158 -0.124889 -0.025276 -0.070653 -0.246524 -0.267599 -0.163910 -0.199193 0.154016 -0.233061 0.037532 0.215350 0.081970 0.092970 0.247253 0.046267 -0.183447 0.213681 0.228995 0.256172 0.182807 0.132594 -0.135117 -0.144691 -0.055512 -0.143479 0.259574 0.131306 -0.038025 0.012977 0.208984 -0.087746 0.121006 0.090624 0.080055 0.039978 0.051520 0.004626 0.229747 -0.116337 -0.162499 -0.024813 -0.135840 -0.296453 -0.097520 -0.185219 -0.101052 -0.180025 0.123249 -0.026296 -0.051475 0.131950 0.020876 0.002486 -0.121287 -0.320814 -0.081410 -0.247420 -0.079895 0.052115
-0.262612 -0.430818 0.119446 0.350089 0.131600 0.453256 -0.103909 0.047949 0.289079 0.049520 -0.197871 -0.148386 -0.124270 -0.063356 0.234187 0.303783 -0.151554 -0.033646 -0.144610 -0.241625 0.342837 0.579883 0.354518 0.479776 0.609526 1.000000 0.482893 0.680953 0.145297 0.113775 0.520359 0.531400 -0.107546 0.046868 -0.021887 0.117851 0.341194 0.393938 0.313355 0.297474 0.315841 0.416215 -0.349435 -0.268418 -0.303696 -0.301492 -0.295144 -0.225598 -0.274019 -0.379376 0.178639 -0.091598 -0.049718 -0.041281 0.208805 0.101515 -0.196589 -0.282610 -0.238023 -0.407911 -0.241651 -0.286982 -0.175951 -0.295898 0.166404 -0.005865 -0.222074 0.165698 -0.169435 -0.170536 0.039153 0.246681 0.031787 0.175567 0.071003 0.167255 0.151561 0.171623 0.075482 0.013802 0.039466 -0.028304 0.336834 0.370781 -0.086234 0.051758 0.085695 0.256105 0.043863 0.061327 -0.032491 -0.066980 0.054269 -0.043730 0.284646 0.081129 0.081576 0.074801 -0.294744 -0.339039 -0.075958 -0.201554 -0.231776 -0.379348 0.136355 0.010365 -0.031346 0.095294 0.003831 0.143431 0.076352 -0.407154 0.062498 -0.110323 0.077053 0.048814
-0.259241 -0.382205 0.171736 0.146595 0.597663 0.769665 -0.044007 -0.018827 0.143762 -0.011094 0.014404 -0.135270 0.086534 -0.151706 0.251057 0.190861 -0.301999 -0.170468 -0.186678 -0.142083 0.413231 0.379427 0.494003 0.105217 0.453591 0.482893 1.000000 0.633817 -0.164226 -0.278338 0.014206 -0.032508 -0.186255 -0.320206 -0.018432 0.188496 0.106337 0.132193 0.182342 0.187170 -0.020087 0.225839 -0.183637 -0.207716 -0.133462 -0.130272 -0.114959 -0.079306 0.109623 -0.126878 0.295524 0.147511 0.264390 0.191730 0.395154 0.190916 -0.141561 -0.128039 0.024220 -0.176687 -0.044644 -0.348450 -0.182279 -0.310585 0.025555 -0.059759 -0.031733 0.187324 0.064977 0.107961 -0.018075 -0.017765 -0.246215 -0.059649 -0.101297 -0.018465 -0.126091 -0.194745 -0.040351 -0.063426 0.025649 -0.167339 0.095057 0.019997 -0.043186 -0.150699 -0.165414 0.001238 0.178999 0.193262 0.174424 0.141056 0.048690 0.131234 0.212036 -0.015753 0.072355 0.074647 -0.230039 -0.239875 0.005295 -0.061674 -0.364672 -0.251670 0.002376 -0.032930 -0.029372 0.134371 0.118311 0.080083 0.138279 -0.371999 -0.030243 -0.029199 -0.010734 0.088723
-0.330732 -0.409392 -0.066870 0.061843 0.174926 0.541334 -0.247309 -0.213503 0.104588 -0.215348 -0.199028 -0.239667 -0.104266 -0.191436 0.219063 0.150526 -0.215757 -0.084026 -0.307928 -0.189436 0.320574 0.485758 0.365732 0.170865 0.428418 0.680953 0.633817 1.000000 -0.076202 -0.192204 0.058355 0.119082 -0.171710 -0.315248 0.029376 0.177014 0.301159 0.218920 0.330903 0.244765 0.272143 0.348128 -0.155662 -0.099886 -0.314249 -0.186394 -0.067002 0.032580 -0.198500 -0.272875 0.068588 -0.099937 0.008295 0.044285 0.065424 0.156395 -0.032999 -0.045372 -0.103436 -0.222044 -0.131744 -0.286134 -0.174299 -0.160568 0.077363 -0.169303 -0.072160 0.186171 0.102911 0.116118 -0.053467 0.160842 -0.221782 -0.144172 -0.174362 -0.040174 -0.000466 -0.054531 0.106958 0.138337 0.138156 0.063981 0.318372 0.275079 -0.007806 0.035769 -0.061097 0.103529 0.090729 0.021781 -0.017591 0.037315 -0.064486 0.023958 0.288843 0.029002 0.183228 0.220389 -0.261993 -0.272677 -0.124623 -0.130150 -0.394518 -0.233296 0.003676 0.024977 0.135315 0.147423 0.085971 0.090770 0.152134 -0.384293 -0.046024 -0.021972 0.214415 0.163813
0.223760 -0.090238 -0.049727 -0.342825 -0.086010 -0.159971 -0.062692 -0.213422 0.254365 -0.058330 0.189139 0.177348 0.254240 0.416292 0.324325 0.411101 0.539970 0.643422 -0.056178 -0.061467 -0.093657 0.215097 -0.201443 -0.199193 -0.121369 0.145297 -0.164226 -0.076202 1.000000 0.764957 0.260097 0.318312 0.252819 0.297630 -0.318738 -0.321637 0.218487 0.117098 0.150058 0.175070 0.422413 0.162159 -0.212175 -0.276498 -0.330321 -0.469409 0.002839 -0.253760 -0.220809 -0.385548 -0.122216 -0.280024 -0.019853 -0.019793 0.012908 -0.004971 -0.016698 -0.126747 -0.210305 -0.265154 0.171623 0.229569 0.338302 0.264460 -0.221436 -0.058422 -0.389247 -0.462041 -0.349266 -0.268603 0.048489 0.232390 0.761650 0.160813 0.117011 0.026720 0.216357 0.218773 0.499070 0.444253 0.415694 0.571296 0.450473 0.428822 -0.269046 -0.144811 -0.182152 0.058703 -0.275384 -0.131632 -0.138985 -0.188991 -0.203721 -0.144935 -0.011492 0.074637 0.047415 -0.095606 -0.056126 -0.026772 -0.087885 -0.089175 -0.087388 -0.155918 0.008859 0.025204 -0.109273 -0.067744 -0.065035 -0.010168 -0.267579 -0.030919 0.160366 -0.072758 0.147660 -0.073614
0.252021 -0.039413 0.007739 -0.159305 -0.182276 -0.121494 0.084812 0.037949 0.281017 0.184727 -0.004330 0.239772 0.091387 0.481456 0.106743 0.493666 0.402344 0.506066 -0.060563 -0.205307 0.053280 0.016973 -0.351706 -0.121525 -0.172902 0.113775 -0.278338 -0.192204 0.764957 1.000000 0.459797 0.418792 0.307243 0.435564 -0.181965 -0.204985 0.286430 0.189872 0.124751 0.139348 0.314528 0.175314 -0.165995 -0.187415 -0.246547 -0.312841 -0.054009 -0.248340 -0.293775 -0.286589 -0.201155 -0.313565 -0.049283 -0.056015 0.046007 -0.007698 0.020956 -0.166079 -0.331836 -0.318600 0.023765 0.249201 0.175141 0.224669 -0.149288 0.043072 -0.395611 -0.511558 -0.443791 -0.421141 0.259308 0.212871 0.808777 0.350152 0.240083 0.242287 0.439648 0.430233 0.373613 0.386347 0.147131 0.436127 0.131204 0.400549 -0.307010 -0.012502 -0.122715 0.209259 -0.192649 -0.011178 -0.235746 -0.392406 -0.151194 -0.318307 -0.033172 0.181442 -0.109820 0.013926 -0.013790 -0.009157 0.052411 -0.224094 0.082590 -0.239090 0.022035 -0.041598 -0.053680 -0.158363 -0.065861 0.070957 -0.181329 -0.020354 0.153410 0.050183 0.024412 -0.188096
-0.045958 -0.329733 0.099428 0.209633 -0.014212 0.123542 0.060665 0.127812 0.229082 0.153192 -0.268834 -0.169193 -0.254399 0.005979 0.032673 0.220534 -0.109600 -0.082433 0.024119 -0.116723 0.468303 0.234093 -0.040307 0.448153 0.402521 0.520359 0.014206 0.058355 0.260097 0.459797 1.000000 0.786794 0.120499 0.393928 0.007945 0.028264 0.260086 0.396060 0.056294 0.123276 0.264560 0.304123 -0.304250 -0.273037 -0.030998 -0.152678 -0.363085 -0.297490 -0.188393 -0.226866 0.146907 -0.129388 -0.008065 -0.107301 0.164509 -0.046560 -0.188246 -0.288064 -0.243159 -0.364626 -0.249285 -0.157944 -0.114798 -0.255573 0.127732 0.090401 -0.246772 -0.066602 -0.282682 -0.263785 0.326380 0.168359 0.311496 0.451791 0.421666 0.438495 0.414782 0.455363 0.001159 -0.105824 -0.107812 -0.109900 0.100773 0.301184 -0.215107 0.064489 0.103922 0.241851 -0.103293 0.089490 -0.134351 -0.184940 -0.073672 -0.185917 0.115871 0.039227 -0.136003 0.061698 -0.176150 -0.236356 0.033086 -0.274512 0.028196 -0.289553 0.194092 -0.012492 0.018562 0.038110 -0.048349 0.190707 -0.002214 -0.247875 0.064553 -0.013728 -0.097848 -0.011947
-0.232017 -0.406295 0.016879 0.242641 -0.072326 0.136726 0.054176 0.197724 0.151731 0.169214 -0.286389 -0.169289 -0.202586 0.027414 0.126093 0.281651 -0.250346 -0.205607 -0.206552 -0.365651 0.282056 0.502267 -0.174794 0.599453 0.263760 0.531400 -0.032508 0.119082 0.318312 0.418792 0.786794 1.000000 -0.207036 0.189097 -0.040352 -0.011695 0.412303 0.498239 0.188816 0.399045 0.275853 0.512758 -0.231246 -0.193908 -0.120479 -0.144546 -0.359325 -0.254177 -0.305361 -0.340527 0.010397 -0.275995 -0.093361 -0.252458 0.118344 -0.040185 -0.463860 -0.530571 -0.316519 -0.454631 -0.253213 -0.106468 -0.219153 -0.340966 0.224680 0.145710 -0.427611 -0.116856 -0.548412 -0.475931 0.107368 0.280824 0.177426 0.358039 0.246468 0.297812 0.260156 0.414474 -0.177119 -0.251233 -0.241359 -0.156554 0.265690 0.667177 -0.185374 0.178433 0.009463 0.314634 -0.084004 0.116852 0.089125 0.138389 0.132199 0.023389 0.316476 0.144913 -0.001171 0.075515 -0.021452 -0.192632 0.084712 -0.067091 0.083955 -0.274227 0.218589 0.063910 0.104389 0.121653 0.006518 0.258792 -0.076990 -0.115182 0.327623 0.109074 0.081642 0.061757
0.200430 0.082254 -0.195380 -0.266965 -0.118147 -0.272056 -0.273092 -0.428231 -0.189642 -0.350489 -0.114015 -0.110323 -0.236326 -0.090741 -0.158961 -0.197886 0.690681 0.627517 0.330813 0.433128 -0.003826 -0.349681 -0.035195 -0.453273 -0.047651 -0.107546 -0.186255 -0.171710 0.252819 0.307243 0.120499 -0.207036 1.000000 0.661453 -0.235286 -0.373257 -0.213968 -0.268045 -0.198108 -0.299723 0.033960 -0.192602 0.027238 0.009034 0.014060 -0.139363 0.338781 0.133365 0.024296 0.221572 -0.178439 0.131049 0.097085 0.283435 -0.219378 0.121615 0.665659 0.605174 -0.000942 0.201065 0.096861 -0.041484 0.637894 0.625598 -0.314623 -0.351838 0.303729 -0.251955 0.320052 0.326278 0.097474 -0.085814 0.367708 0.096989 0.127079 0.016272 0.109465 -0.039045 0.547386 0.526947 0.461655 0.528952 -0.136647 -0.269800 -0.182005 -0.076909 -0.058750 -0.131881 -0.353431 -0.379691 -0.473954 -0.566082 -0.466296 -0.463072 -0.180490 -0.110313 0.023024 -0.031362 -0.005674 0.255674 -0.248410 -0.388021 -0.028301 -0.100150 -0.187002 -0.224091 0.060490 -0.262841 -0.267410 -0.076790 -0.156783 -0.035969 -0.366662 -0.189173 -0.202250 -0.261307
0.227671 0.125177 0.103183 0.066664 -0.193298 -0.304468 0.037830 -0.031686 -0.058003 -0.039818 -0.012330 0.084237 -0.061764 0.063916 -0.102869 0.052785 0.474022 0.389305 0.337861 0.198916 -0.075956 -0.230204 -0.020163 -0.049791 -0.118291 0.046868 -0.320206 -0.315248 0.297630 0.435564 0.393928 0.189097 0.661453 1.000000 -0.012137 -0.089414 -0.102246 -0.096584 -0.007673 -0.105446 0.060173 -0.055914 -0.132549 -0.136107 -0.087088 -0.202945 -0.030633 -0.172835 -0.147172 -0.054787 -0.162903 -0.129165 -0.064996 0.003759 -0.100060 -0.026065 0.292332 0.232320 -0.155907 -0.091652 0.079556 0.085487 0.299781 0.303349 -0.012062 0.058823 0.038813 -0.197683 -0.019323 -0.113233 0.056532 0.027625 0.379538 0.248010 0.163683 0.118338 0.148515 0.196453 0.295102 0.238457 0.181344 0.290713 -0.152170 -0.014217 -0.095114 -0.035077 -0.002521 0.085590 -0.185980 -0.238937 -0.347078 -0.425629 -0.268202 -0.377616 -0.199843 0.045556 -0.122024 -0.069288 -0.106071 0.044917 -0.180100 -0.295350 -0.004256 -0.217587 -0.142692 -0.147203 0.017701 -0.144829 -0.206683 0.017459 -0.006427 -0.048599 -0.178324 -0.086065 -0.283244 -0.290869
0.011078 -0.006335 0.120935 0.106587 0.025535 -0.013986 0.053136 0.186899 -0.155741 0.277566 0.003393 -0.022117 -0.077568 -0.204266 -0.190957 -0.229194 -0.291167 -0.323751 -0.099673 -0.158845 -0.096508 -0.144090 0.074191 0.188234 -0.029175 -0.021887 -0.018432 0.029376 -0.318738 -0.181965 0.007945 -0.040352 -0.235286 -0.012137 1.000000 0.636627 -0.008163 -0.045278 0.137806 0.129009 0.029521 0.008581 -0.020233 0.015498 0.008160 0.146519 -0.193538 -0.151888 -0.118172 -0.078467 -0.119064 -0.240719 -0.278032 -0.290868 0.002808 -0.098593 -0.282032 -0.167232 0.004800 -0.145168 0.104365 0.041156 -0.272358 -0.329351 0.400466 0.420157 0.123120 0.207886 -0.052518 -0.199079 -0.031984 0.146320 -0.225424 -0.028496 0.044804 0.004322 0.094638 0.219102 -0.234201 -0.150371 -0.290554 -0.261000 -0.191452 -0.154206 0.178657 -0.039555 0.151687 0.125579 0.205895 0.050015 0.035297 0.119770 0.139895 0.150085 -0.145509 0.178448 -0.209678 0.267370 -0.055395 -0.088617 0.014417 0.174083 -0.237865 0.124519 0.093681 0.355951 0.184990 0.144612 0.337172 0.130526 0.346069 0.019179 0.038641 0.089194 -0.033744 0.021281
-0.075359 -0.100195 0.253463 0.021461 0.180593 0.202299 0.130676 0.338764 0.143301 0.245503 0.102101 0.023508 0.057799 -0.071288 -0.081239 -0.068180 -0.442108 -0.450500 -0.203088 -0.196221 0.008765 0.155648 0.061824 0.195680 0.011711 0.117851 0.188496 0.177014 -0.321637 -0.204985 0.028264 -0.011695 -0.373257 -0.089414 0.636627 1.000000 0.144619 0.246070 0.297210 0.285945 0.161738 0.149305 -0.138397 -0.120291 -0.087232 0.028069 -0.189178 -0.196683 -0.134361 -0.298880 0.019144 -0.280293 -0.145457 -0.289807 0.200457 0.023449 -0.392770 -0.228134 -0.158689 -0.322192 -0.084447 -0.134103 -0.502558 -0.606659 0.281623 0.463931 -0.094951 0.356018 -0.014409 -0.104227 -0.119168 0.169866 -0.241070 0.017505 -0.012757 -0.008182 0.065481 0.225617 -0.181851 -0.220465 -0.301792 -0.351729 -0.246131 -0.132962 0.042192 -0.271795 -0.091950 -0.084080 0.209562 0.058794 0.283252 0.247240 0.235743 0.287514 -0.098252 0.297979 0.017720 0.388257 -0.029233 -0.223984 0.081981 0.221001 -0.260422 0.039345 0.131749 0.327166 0.156809 0.289489 0.410552 0.277257 0.527306 -0.092650 0.140103 0.221431 0.092842 0.069450
