1.000000 0.430917 0.328644 0.142623 -0.034228 -0.274593 0.502239 0.102046 -0.121390 -0.187829 0.481523 0.243007 0.520255 0.091316 0.100652 -0.225346 -0.052421 -0.121749 0.163220 0.172158 -0.416891 -0.016619 0.348589 0.182731 -0.027340 -0.313693 -0.056151 -0.077937 -0.330556 -0.449353 -0.304980 -0.311956 -0.076549 -0.366929 -0.085263 -0.190488 -0.278761 -0.300269 -0.390050 -0.364364 -0.515702 -0.220223 0.084657 0.135026 -0.058044 -0.001155 0.143320 0.250631 0.180766 -0.116091 0.542514 0.157323 0.338645 0.225624 -0.092027 0.007263 0.026591 0.080083 0.053035 -0.270282 0.212609 -0.186549 -0.346136 -0.398155 0.193033 -0.007497 -0.158392 -0.015696 0.309560 0.249370 -0.069806 -0.412826 -0.286146 -0.176307 -0.020637 0.024624 0.031535 -0.254744 -0.261005 -0.035290 -0.359166 -0.263108 0.165187 -0.415019 0.285690 0.069246 0.019848 0.339557 0.126551 -0.260774 -0.124095 0.192921 0.027618 0.455695 0.038785 -0.049134 0.036389 0.077576 -0.021478 0.228058 -0.186635 0.344970 -0.052039 -0.124261 -0.226336 -0.104227 0.214826 0.273279 0.039701 0.045506 0.071575 -0.138766 0.170655 0.264184 -0.105069 -0.097827
0.430917 1.000000 -0.325631 -0.158688 -0.032373 -0.134281 -0.200564 -0.223844 -0.156045 -0.017538 0.126086 0.293963 0.110511 0.031612 -0.267743 -0.165687 0.308215 0.372686 -0.149187 0.149485 -0.352240 -0.077338 -0.263107 -0.343243 -0.256860 -0.386441 -0.245108 -0.363813 -0.117427 0.140756 -0.469394 -0.610603 0.462948 0.105473 -0.134013 -0.084557 -0.074259 -0.087973 -0.312700 -0.371448 -0.226992 -0.054123 0.090587 0.142463 0.006607 -0.133092 0.119146 0.175915 0.154153 0.080781 0.223127 0.211805 0.286824 0.210238 0.006452 -0.012567 0.567660 0.614233 0.354884 0.205673 0.396180 0.392501 0.161722 0.333096 -0.262205 -0.061751 0.128292 -0.228588 0.582441 0.373105 0.065755 -0.360023 0.095659 0.103571 0.228758 0.137225 0.310426 0.009565 0.059672 0.413251 0.152356 0.181337 -0.052901 -0.380939 -0.138064 -0.021980 -0.153346 0.236083 -0.233545 -0.348924 -0.303432 -0.445171 -0.381122 -0.247739 0.211967 -0.159004 -0.054212 0.127201 0.109810 0.208172 -0.160625 0.282638 -0.037196 0.046762 0.005726 -0.020710 0.156294 0.274468 -0.195342 0.136571 0.026587 -0.067342 0.142355 0.265955 0.070161 -0.122296
0.328644 -0.325631 1.000000 0.657910 0.131888 0.050475 0.817720 0.662589 0.107854 0.088284 -0.023850 -0.001831 0.320725 0.205828 0.167928 -0.125082 -0.308610 -0.408207 0.320742 0.133862 0.081035 0.235947 0.618331 0.695270 0.326904 0.244432 0.095586 0.224877 -0.324801 -0.274953 0.168841 0.421579 -0.098458 0.113811 -0.053208 -0.016592 -0.342251 -0.237230 -0.135040 -0.109584 -0.347898 -0.065318 -0.141856 -0.157481 -0.255142 -0.131678 -0.148760 -0.008536 -0.201786 -0.340854 0.176137 -0.103003 -0.118871 -0.121113 -0.181951 -0.173827 -0.392071 -0.383749 -0.336015 -0.309603 -0.079698 -0.268294 -0.407123 -0.463353 0.591507 0.334265 -0.129019 0.046902 -0.013393 0.079413 0.079809 -0.016052 -0.205413 0.017328 0.016493 0.021634 -0.118271 -0.081119 -0.206086 -0.240735 -0.418721 -0.350325 0.037370 -0.150756 0.145191 -0.091826 0.171261 0.199845 0.321094 0.137338 0.017695 0.349757 0.386467 0.445520 -0.140928 0.156392 -0.000203 0.022469 -0.326405 -0.318214 -0.022256 -0.094386 -0.119993 -0.321394 -0.357966 -0.343058 0.065860 -0.013894 0.101750 0.080318 -0.030417 -0.086568 -0.045093 0.071234 -0.197804 -0.302451
0.142623 -0.158688 0.657910 1.000000 0.004599 0.144278 0.502490 0.767898 -0.032723 0.175059 -0.236341 0.114797 0.226769 0.439242 0.082135 0.006470 -0.336690 -0.450342 0.139088 0.266140 0.040817 0.310797 0.541131 0.827216 0.308103 0.188615 0.089463 0.341159 -0.494577 -0.330009 -0.064307 0.371679 -0.165230 0.144508 0.063318 0.125660 -0.310349 -0.063520 -0.051560 -0.107669 -0.387734 -0.162842 -0.373228 -0.378916 -0.519576 -0.337268 -0.323528 -0.118622 -0.322908 -0.492237 0.062748 -0.134226 -0.099216 -0.190682 -0.080428 -0.291292 -0.272504 -0.265477 -0.272191 -0.119706 -0.030855 -0.059143 -0.396375 -0.366159 0.374944 0.502705 -0.085573 0.024665 0.023602 0.282492 -0.009965 -0.103643 -0.371370 0.047296 -0.055229 0.032678 -0.144898 -0.045324 -0.100235 -0.159644 -0.367174 -0.392085 -0.105077 -0.049113 0.083666 -0.043047 0.216132 0.383425 0.334378 0.347411 0.247252 0.241715 0.661425 0.348070 -0.145080 0.344564 -0.148322 0.038518 -0.495130 -0.289177 0.236379 0.068493 0.150167 -0.223932 -0.294444 -0.363992 0.138132 0.210494 0.181431 0.058804 -0.151059 0.053888 -0.164367 0.175030 -0.102894 -0.294315
-0.034228 -0.032373 0.131888 0.004599 1.000000 0.694560 -0.051413 0.285762 0.670262 0.743268 -0.175922 0.134033 -0.189053 0.118587 0.365466 0.276770 -0.015263 0.028327 -0.282832 -0.088348 0.228912 0.049169 -0.187423 0.106339 0.133931 0.371409 0.539872 0.058448 -0.072274 0.163529 -0.216001 0.008008 0.008556 0.260625 -0.202830 -0.266459 -0.089540 -0.005052 0.203130 -0.033523 0.027744 0.302622 -0.271463 -0.242713 -0.154567 -0.218849 -0.324250 -0.245189 -0.069700 -0.091460 -0.103750 -0.117676 -0.107060 -0.087655 -0.008151 -0.216818 -0.024488 -0.100379 0.016104 -0.058679 0.089958 0.267021 0.089009 0.152640 0.172018 0.242834 -0.084360 -0.087705 -0.083185 -0.247347 0.017995 -0.098571 -0.024759 0.211807 -0.064924 0.079835 -0.070783 -0.095443 0.100749 -0.111252 0.120587 0.141803 -0.119247 0.246923 -0.214331 0.066344 -0.221701 -0.243299 0.024909 0.279068 0.024693 0.078467 0.043234 0.048729 -0.194237 -0.231425 -0.227222 -0.102574 -0.152911 -0.230397 -0.108493 0.123144 -0.275757 -0.131909 0.088291 -0.110254 -0.189093 -0.207982 -0.204063 -0.245079 -0.226789 0.040354 0.100404 -0.180019 0.056617 -0.083624
-0.274593 -0.134281 0.050475 0.144278 0.694560 1.000000 -0.214366 0.320329 0.631083 0.797812 -0.323218 0.027788 -0.405091 0.071368 0.279743 0.476237 -0.037940 -0.048028 -0.152654 0.015708 0.315883 0.127604 -0.137437 0.182098 0.329405 0.649598 0.479712 0.296949 -0.089853 0.114771 -0.064566 0.139199 0.049162 0.320470 -0.047945 -0.143397 -0.103254 0.050744 0.197344 -0.005743 0.028767 0.209643 -0.332341 -0.338473 -0.173494 -0.249438 -0.389264 -0.367938 -0.157600 -0.153530 -0.270431 -0.224564 -0.237105 -0.276306 0.050251 -0.295644 -0.053268 -0.049216 -0.128373 0.054352 -0.064699 0.275606 0.087461 0.165663 0.121197 0.310195 0.069869 0.011319 -0.113121 -0.117468 0.016649 -0.048497 -0.053339 0.213788 -0.042108 0.018254 -0.002297 -0.120706 0.122542 -0.136849 0.161733 0.049189 -0.088902 0.407745 -0.187109 0.038060 -0.156982 -0.229859 0.079718 0.276415 0.135248 0.046936 0.101949 -0.127121 -0.070438 -0.130663 -0.290716 -0.116737 -0.253517 -0.272358 -0.050938 0.042162 -0.144406 -0.107510 0.057963 -0.143320 -0.106067 -0.246992 -0.184904 -0.310099 -0.239523 0.141123 -0.122452 -0.352334 0.036207 -0.105080
0.502239 -0.200564 0.817720 0.502490 -0.051413 -0.214366 1.000000 0.536852 -0.118695 -0.144584 0.158961 0.023513 0.506237 0.181076 0.015839 -0.297766 -0.285587 -0.395106 0.344209 0.207780 -0.138137 0.210864 0.543842 0.596206 0.216808 -0.078529 -0.095026 -0.036953 -0.255841 -0.285699 0.223972 0.314691 -0.088305 -0.074338 -0.088627 -0.031898 -0.362968 -0.289398 -0.426094 -0.278487 -0.364572 -0.116762 0.058583 0.063725 -0.021952 0.105803 0.056700 0.166711 -0.100701 -0.143266 0.367773 0.036590 0.036199 0.060614 -0.417181 -0.123796 -0.298135 -0.258912 -0.305772 -0.426262 -0.022892 -0.366307 -0.448254 -0.550755 0.645903 0.228114 -0.269843 -0.021422 0.008488 0.015419 0.037741 -0.180421 -0.188174 -0.015968 0.131771 0.009345 0.003915 -0.107998 -0.326630 -0.246475 -0.485449 -0.403479 0.163005 -0.255503 0.261691 -0.136859 0.086511 0.299764 0.224398 -0.167262 -0.085299 0.282055 0.319218 0.457568 -0.144069 0.210766 -0.037726 0.018286 -0.297395 -0.122778 -0.027696 0.009856 -0.108541 -0.272036 -0.408970 -0.243822 0.162513 0.106315 0.092894 0.130086 0.016498 -0.212082 -0.067766 0.262478 -0.076381 -0.218886
0.102046 -0.223844 0.662589 0.767898 0.285762 0.320329 0.536852 1.000000 0.285206 0.487737 -0.312986 0.396966 0.177134 0.599388 -0.037836 0.159316 -0.463464 -0.517394 -0.152838 0.007608 0.041244 0.153396 0.170187 0.680467 0.313246 0.266144 0.103274 0.171832 -0.564911 -0.152545 -0.105269 0.286885 -0.159286 0.224960 0.059892 0.080233 -0.372691 -0.102925 -0.001132 -0.033637 -0.282443 -0.074860 -0.331622 -0.312862 -0.382367 -0.192114 -0.348300 -0.133511 -0.204195 -0.349466 0.119506 -0.048956 -0.176864 -0.151929 -0.105086 -0.230589 -0.360501 -0.386552 -0.267124 -0.162781 0.007222 0.075927 -0.448678 -0.417098 0.475126 0.748047 -0.133917 0.112849 -0.155871 0.096175 -0.091532 -0.151909 -0.387614 0.061345 -0.098876 0.029191 -0.114782 -0.011288 -0.272443 -0.297217 -0.408379 -0.453501 -0.292270 0.037078 -0.111886 -0.009426 0.015677 0.168452 0.100674 0.210035 0.201841 0.162243 0.613874 0.228145 -0.114664 0.242438 -0.019547 0.105250 -0.462160 -0.354605 0.312418 0.000046 0.004416 -0.249624 -0.225675 -0.302118 0.046710 0.050855 0.039397 0.004350 0.003120 0.120922 -0.115584 0.102196 -0.080788 -0.281947
-0.121390 -0.156045 0.107854 -0.032723 0.670262 0.631083 -0.118695 0.285206 1.000000 0.791480 -0.279073 0.205835 -0.376871 0.119256 0.220389 0.624985 -0.047994 0.049492 -0.236301 -0.124934 0.093328 0.020422 -0.244067 -0.014633 0.139677 0.336998 0.424552 0.173266 -0.139808 0.138223 -0.221134 -0.106471 -0.072893 0.116837 -0.045609 -0.195597 -0.156006 -0.061604 0.102844 -0.056408 0.026213 0.246884 -0.281633 -0.270912 -0.160890 -0.249470 -0.278998 -0.317330 0.008131 -0.024617 -0.134980 -0.097152 -0.122166 -0.109762 0.070734 -0.082362 -0.039997 -0.078419 0.065551 0.138119 0.051059 0.384103 0.015137 0.118084 0.189644 0.297740 -0.002486 -0.044183 -0.092864 -0.145618 -0.105398 0.050288 -0.098355 0.094735 -0.126615 -0.009089 -0.129169 -0.125994 -0.010812 0.000722 0.122782 0.089964 -0.316136 0.321785 -0.242071 -0.039973 -0.308695 -0.457140 0.018979 0.262921 0.263521 0.212399 0.160611 0.038032 -0.142863 -0.152251 -0.264131 -0.058853 -0.098305 -0.098129 0.109035 0.205121 -0.161877 -0.174487 -0.023508 -0.121664 -0.108659 -0.245359 -0.146117 -0.215233 -0.301481 0.300015 0.161187 -0.347630 -0.083735 -0.020019
-0.187829 -0.017538 0.088284 0.175059 0.743268 0.797812 -0.144584 0.487737 0.791480 1.000000 -0.403294 0.264375 -0.377661 0.260605 0.122387 0.470443 -0.070211 0.003048 -0.331244 -0.054064 0.105575 0.136453 -0.287145 0.119987 0.202668 0.464339 0.368942 0.101842 -0.225951 0.189775 -0.312252 -0.013823 0.027015 0.334441 -0.036792 -0.059876 -0.125094 0.072263 0.220948 -0.014439 0.016062 0.233683 -0.392124 -0.404196 -0.293547 -0.355303 -0.456620 -0.371475 -0.175725 -0.182751 -0.228129 -0.191691 -0.191520 -0.207590 0.094162 -0.240721 -0.033384 -0.041558 -0.064220 0.080825 0.036489 0.440451 0.070320 0.179799 0.146726 0.445993 0.030181 -0.066304 -0.022993 -0.123051 -0.039154 -0.009181 -0.069554 0.293846 0.041428 0.160186 0.010816 0.033004 0.080321 -0.049923 0.147710 0.091182 -0.336507 0.305095 -0.300504 0.057283 -0.259492 -0.332650 -0.015712 0.303022 0.147174 -0.008332 0.156753 -0.130842 -0.073289 -0.060975 -0.276505 0.045121 -0.294905 -0.239783 0.172523 0.153655 -0.099791 -0.097615 0.049103 -0.202799 -0.111320 -0.227905 -0.169809 -0.166567 -0.240719 0.252129 -0.031052 -0.207938 -0.062633 -0.178066
0.481523 0.126086 -0.023850 -0.236341 -0.175922 -0.323218 0.158961 -0.312986 -0.279073 -0.403294 1.000000 0.110947 0.359584 -0.108132 0.203397 -0.116127 0.307801 0.136153 0.147855 0.113468 -0.136963 -0.037326 0.231960 -0.038292 0.047967 -0.098605 0.030088 0.055164 0.189829 -0.079227 0.158678 0.004230 -0.080449 -0.287171 -0.046458 -0.014920 0.267596 -0.002069 -0.195778 -0.000041 -0.032637 -0.006694 0.092163 0.103208 -0.049840 0.003030 0.048889 0.079486 -0.107254 -0.149180 0.126499 -0.136005 0.055440 0.102254 -0.073825 -0.003644 0.152543 0.199844 -0.306659 -0.411929 -0.211233 -0.445707 -0.086756 -0.278328 -0.059246 -0.319200 -0.218123 -0.109175 0.093728 0.077068 -0.039950 -0.148766 0.162385 -0.087381 0.122774 0.179654 0.227804 -0.025030 0.035646 -0.064648 0.075486 0.121492 0.434344 0.060322 0.483115 0.417032 0.139548 0.187558 0.074392 -0.225349 -0.368039 0.074116 -0.158177 0.116544 0.090731 -0.121376 0.043962 -0.062349 0.018341 0.220419 -0.226117 0.068733 -0.041643 -0.155595 -0.141349 0.211053 0.011713 -0.017982 0.065915 -0.187974 0.003658 -0.214449 0.049566 -0.084593 0.127455 0.119918
0.243007 0.293963 -0.001831 0.114797 0.134033 0.027788 0.023513 0.396966 0.205835 0.264375 0.110947 1.000000 0.120175 0.597463 -0.183304 0.295357 -0.161704 -0.064562 -0.347669 -0.167093 -0.258615 -0.122993 -0.155425 0.062213 0.004857 -0.068073 0.081022 0.043255 -0.442887 0.005793 -0.373335 -0.235458 0.045685 0.010160 0.207990 0.131210 -0.178168 -0.101131 -0.139391 -0.088280 -0.316557 -0.241169 -0.097441 -0.095870 -0.195018 -0.006335 -0.192478 -0.026810 0.032748 -0.116956 0.243155 0.056349 -0.071300 0.032195 0.029259 -0.006141 0.031628 0.041630 -0.106764 -0.039610 0.020180 0.158600 -0.299382 -0.176982 0.056203 0.538274 -0.119672 0.171323 -0.072921 0.098020 -0.336888 -0.184360 -0.245595 -0.161723 -0.227559 -0.038573 0.072546 -0.053039 -0.128771 0.068790 -0.211871 -0.253566 -0.388432 -0.002795 -0.089675 0.238512 -0.086507 0.098823 -0.222547 -0.141578 0.083509 -0.099930 0.251710 -0.042018 0.065105 -0.011052 0.185995 0.053933 -0.072072 -0.023253 0.191594 0.179659 -0.080572 -0.153602 -0.150434 0.050956 0.179385 0.055516 0.073672 -0.060655 0.114739 0.215041 0.116107 0.093364 -0.073468 -0.134150
0.520255 0.110511 0.320725 0.226769 -0.189053 -0.405091 0.506237 0.177134 -0.376871 -0.377661 0.359584 0.120175 1.000000 0.437709 0.062892 -0.218858 -0.031724 -0.158571 0.048794 0.062421 -0.147214 -0.060787 0.195370 0.228909 -0.070518 -0.343141 -0.188888 -0.158604 -0.091999 -0.137498 0.006928 -0.007327 -0.160829 -0.105536 -0.196919 0.036008 -0.023014 -0.125106 -0.283488 -0.147822 -0.283918 -0.116807 0.052776 0.086822 -0.010301 0.027548 0.096459 0.149898 0.066369 -0.102179 0.339778 0.061252 0.192485 0.138179 -0.139835 -0.094322 -0.029540 0.004321 0.067868 -0.221413 0.306302 -0.153022 -0.241777 -0.301686 0.253159 0.088857 -0.122549 -0.140131 0.066927 0.227354 -0.018311 -0.390411 -0.032697 -0.168444 -0.021962 -0.131415 0.035350 -0.078751 -0.333742 -0.263405 -0.253268 -0.205926 0.227815 -0.339001 0.298929 -0.035386 0.267948 0.388811 0.140292 -0.198207 -0.122456 0.030182 0.114680 0.280614 -0.010952 0.099820 0.057076 -0.006724 -0.085036 -0.024526 -0.007220 0.013579 -0.157201 -0.238483 -0.267719 0.015038 0.224839 0.302885 0.050055 0.106188 0.010545 -0.295053 0.094584 0.247629 0.040741 0.121230
0.091316 0.031612 0.205828 0.439242 0.118587 0.071368 0.181076 0.599388 0.119256 0.260605 -0.108132 0.597463 0.437709 1.000000 -0.064221 0.318781 -0.117140 -0.128978 -0.242089 0.013127 -0.082095 0.012804 -0.095552 0.281849 -0.083441 -0.115710 -0.030843 -0.000953 -0.313330 0.027476 -0.280288 0.035861 -0.079160 0.200313 -0.048353 0.051849 -0.147862 -0.040349 -0.124541 -0.046523 -0.317507 -0.181109 -0.256708 -0.260410 -0.302684 -0.202037 -0.241314 -0.140710 -0.070296 -0.280424 0.062390 -0.070612 -0.018624 -0.069355 0.052278 -0.210491 -0.043365 -0.066945 0.008493 0.008883 0.262584 0.306872 -0.230682 -0.085333 0.217557 0.625522 -0.071504 -0.015917 -0.105438 0.140709 -0.189302 -0.156561 -0.094264 -0.078075 -0.183219 -0.024404 -0.025710 0.048913 -0.087136 -0.128385 -0.149995 -0.199032 -0.317979 -0.000857 -0.069839 -0.007241 -0.030679 0.172757 0.045819 0.164856 0.267651 -0.021630 0.421409 0.027372 -0.069905 0.051884 -0.056144 -0.103220 -0.227327 -0.303636 0.398114 0.073330 0.012974 -0.300455 -0.271150 -0.130249 0.099226 0.141229 0.001710 -0.023003 -0.180868 0.029800 -0.064132 0.072941 -0.135933 -0.159717
0.100652 -0.267743 0.167928 0.082135 0.365466 0.279743 0.015839 -0.037836 0.220389 0.122387 0.203397 -0.183304 0.062892 -0.064221 1.000000 0.281518 -0.003850 -0.006177 0.359205 0.133724 0.377863 -0.029952 0.458143 0.288739 0.118583 0.308392 0.509903 0.401397 0.223775 -0.197588 0.138079 0.409328 -0.432391 -0.217190 -0.041421 -0.050702 0.092063 -0.060558 0.055452 0.216907 0.019427 0.108610 -0.173783 -0.223561 -0.115708 -0.113886 -0.165210 -0.225355 -0.161439 -0.242594 -0.114864 -0.319538 -0.125599 -0.120374 -0.179396 -0.297887 -0.124250 -0.083341 -0.196807 -0.214542 -0.198056 -0.221500 -0.194550 -0.169022 0.377310 -0.029034 -0.290515 -0.179279 -0.156182 -0.069815 0.144332 0.023011 -0.021301 0.051127 -0.134222 0.014003 -0.129211 -0.164927 -0.030070 -0.166699 -0.120999 -0.027681 0.460984 0.448096 0.462264 0.207966 0.270761 -0.057569 0.614428 0.255458 0.074107 0.477845 0.231980 0.363195 -0.312077 -0.190525 -0.272394 -0.283967 -0.194969 -0.062003 -0.119876 0.028848 -0.142732 -0.194443 -0.110648 -0.098843 -0.254757 -0.244820 0.135409 -0.204810 -0.357401 0.009489 0.062076 -0.074920 -0.189355 0.028958
-0.225346 -0.165687 -0.125082 0.006470 0.276770 0.476237 -0.297766 0.159316 0.624985 0.470443 -0.116127 0.295357 -0.218858 0.318781 0.281518 1.000000 0.051346 0.101407 -0.121197 -0.017427 0.249397 -0.241259 -0.218165 0.012857 0.200292 0.219696 0.400558 0.380391 0.003707 0.191096 -0.014351 0.084954 -0.084814 0.100648 0.184008 0.118079 0.128022 -0.000646 0.065855 0.167913 0.146144 0.211566 -0.379849 -0.399655 -0.157984 -0.173244 -0.358179 -0.506444 -0.170135 -0.155205 -0.335589 -0.322057 -0.329367 -0.296962 0.038948 -0.200412 0.091162 0.116316 -0.098484 0.104005 -0.046328 0.304503 0.002289 0.136428 0.197969 0.410948 -0.064131 -0.065084 -0.205451 -0.053115 -0.198222 -0.012836 -0.043806 0.034500 -0.150333 0.043628 -0.119455 -0.174023 0.026483 0.001046 0.157076 0.051937 -0.180099 0.612912 0.066265 0.183883 -0.174217 -0.328964 0.185535 0.284713 0.380071 0.260683 0.378277 0.037581 -0.212213 -0.114217 -0.287852 -0.271400 -0.073153 -0.084696 0.227763 0.120004 -0.019689 -0.297547 -0.288822 -0.094222 -0.019504 -0.291895 0.043852 -0.294322 -0.438137 0.339446 -0.052912 -0.486685 -0.132775 0.081366
-0.052421 0.308215 -0.308610 -0.336690 -0.015263 -0.037940 -0.285587 -0.463464 -0.047994 -0.070211 0.307801 -0.161704 -0.031724 -0.117140 -0.003850 0.051346 1.000000 0.795815 0.168805 0.296499 -0.057066 0.002378 -0.245261 -0.394302 -0.222348 -0.166433 -0.161488 -0.284958 0.627649 0.489998 0.089424 -0.079005 0.249148 0.235399 -0.124267 -0.032873 0.401784 0.010392 -0.164575 -0.202728 0.146835 0.028153 -0.244827 -0.233108 -0.184893 -0.362141 -0.213213 -0.360073 -0.347348 -0.214920 -0.490828 -0.445394 -0.104519 -0.267871 -0.053144 -0.383849 0.694310 0.652661 0.098883 0.040648 0.298816 0.206756 0.651152 0.605919 -0.106260 -0.341026 0.236522 -0.328555 0.402441 0.026561 0.100888 0.037325 0.754242 0.126371 0.268906 0.176539 0.410229 0.204168 0.574884 0.486083 0.769688 0.688770 0.405656 0.232751 0.144099 -0.010219 -0.036738 -0.132972 -0.028831 -0.121480 -0.310502 -0.226070 -0.400983 -0.292448 0.060452 -0.323378 -0.429723 -0.197136 -0.035043 -0.131728 -0.130897 0.070241 -0.118348 0.111193 0.068430 0.303771 0.028557 -0.153850 -0.314008 -0.133249 -0.327591 -0.180651 -0.166541 -0.327466 0.107475 0.029564
-0.121749 0.372686 -0.408207 -0.450342 0.028327 -0.048028 -0.395106 -0.517394 0.049492 0.003048 0.136153 -0.064562 -0.158571 -0.128978 -0.006177 0.101407 0.795815 1.000000 0.036581 0.137660 -0.040458 0.057389 -0.361268 -0.509927 -0.299997 -0.145384 -0.112757 -0.278905 0.653485 0.624904 -0.048652 -0.194785 0.298457 0.206295 -0.107645 -0.034416 0.408122 0.103570 -0.065228 -0.100331 0.244503 0.078300 -0.172459 -0.193942 -0.103805 -0.310828 -0.143962 -0.340125 -0.265625 -0.140839 -0.472765 -0.420883 -0.095386 -0.217338 0.014658 -0.262557 0.600588 0.616585 0.136449 0.084023 0.205637 0.248079 0.631447 0.716859 -0.170656 -0.412253 0.197452 -0.313090 0.311371 -0.054500 0.117198 0.179814 0.686325 0.125138 0.187258 0.131907 0.310627 0.155736 0.562689 0.614321 0.732519 0.739425 0.184330 0.223254 -0.001591 0.001069 -0.239019 -0.277799 -0.047735 -0.071139 -0.243593 -0.249448 -0.397040 -0.314274 0.092410 -0.414138 -0.358088 -0.273033 0.086710 -0.099867 -0.072488 0.077926 -0.058300 0.256661 0.151066 0.348887 -0.092722 -0.175421 -0.337438 -0.189732 -0.373324 -0.090967 -0.027833 -0.222329 0.119747 0.081987
0.163220 -0.149187 0.320742 0.139088 -0.282832 -0.152654 0.344209 -0.152838 -0.236301 -0.331244 0.147855 -0.347669 0.048794 -0.242089 0.359205 -0.121197 0.168805 0.036581 1.000000 0.613564 0.021600 -0.003427 0.616412 0.208069 0.019931 -0.053127 -0.098969 0.040517 0.300933 -0.206503 0.329740 0.386087 0.005125 -0.086769 -0.078770 -0.071975 -0.154313 -0.296575 -0.381570 -0.230046 -0.270204 -0.193983 0.080941 0.020606 0.104698 0.084860 0.103911 -0.023165 -0.162577 -0.100400 -0.042848 -0.262870 0.043054 -0.116360 -0.359349 -0.238584 -0.077291 0.007615 -0.197136 -0.144702 -0.098930 -0.306489 -0.035471 -0.077462 0.458109 -0.232432 -0.053609 -0.116099 0.225939 0.065481 0.299779 0.094066 0.253869 0.095501 0.198880 0.159148 0.128011 -0.009138 0.043813 0.000784 -0.164239 -0.087619 0.501488 0.105118 0.418747 -0.177347 0.200027 0.080013 0.421555 -0.054490 -0.014528 0.373231 0.050277 0.308112 -0.176969 0.118563 -0.264722 -0.227703 -0.057180 -0.112060 -0.033933 0.005514 -0.069974 -0.095494 -0.305872 -0.220162 0.140550 -0.185698 0.200337 0.099288 -0.232481 -0.055457 -0.191028 -0.007050 -0.245040 -0.176770
0.172158 0.149485 0.133862 0.266140 -0.088348 0.015708 0.207780 0.007608 -0.124934 -0.054064 0.113468 -0.167093 0.062421 0.013127 0.133724 -0.017427 0.296499 0.137660 0.613564 1.000000 -0.206971 0.205291 0.299353 0.321036 -0.043088 -0.166635 -0.131332 -0.030775 0.234101 -0.025956 0.116892 0.293549 0.136989 0.156619 -0.102367 -0.051872 -0.212776 -0.351278 -0.383342 -0.463701 -0.313990 -0.249202 -0.222850 -0.240234 -0.212997 -0.289339 -0.140597 -0.118679 -0.333354 -0.272235 -0.164403 -0.368921 0.089708 -0.111507 -0.376237 -0.526162 0.182711 0.293529 -0.089238 -0.103089 0.138947 0.046571 0.042100 0.094994 0.320433 -0.023930 -0.110929 -0.380374 0.600174 0.366006 0.312585 0.044387 0.241265 0.233072 0.228384 0.280000 0.224809 0.136309 0.249461 0.125587 0.052042 0.060257 0.369869 0.213843 0.205430 -0.366094 0.080308 0.217451 0.246721 -0.072601 0.095410 0.302409 0.151757 0.203916 -0.096113 0.067089 -0.566283 -0.226643 -0.292787 -0.154972 0.066248 0.224890 -0.010545 -0.012976 -0.186546 -0.188505 0.139753 -0.060856 -0.084569 0.000840 -0.387518 0.053806 -0.229582 0.043585 -0.146738 -0.154950
-0.416891 -0.352240 0.081035 0.040817 0.228912 0.315883 -0.138137 0.041244 0.093328 0.105575 -0.136963 -0.258615 -0.147214 -0.082095 0.377863 0.249397 -0.057066 -0.040458 0.021600 -0.206971 1.000000 -0.069986 0.040822 0.065149 0.387305 0.567372 0.305400 0.388887 0.231796 0.275423 0.289693 0.453133 -0.025225 0.295497 0.150515 0.121364 0.330057 0.340707 0.456200 0.543894 0.460858 0.469195 -0.286663 -0.268822 -0.130317 -0.117079 -0.293350 -0.371815 -0.367088 -0.239262 -0.415960 -0.346462 -0.470823 -0.334539 0.029376 -0.172586 -0.095541 -0.101818 -0.272029 -0.134138 -0.197055 -0.068504 0.034209 0.090611 0.231406 0.158223 -0.032904 -0.094682 -0.256722 -0.035837 0.378158 0.181692 0.157869 0.424490 0.227402 0.224654 0.078503 0.236328 0.060789 -0.080878 0.124501 0.168232 0.159283 0.426226 0.161977 0.257832 0.263453 -0.009297 0.352643 0.271210 -0.169653 -0.031318 0.050323 -0.099335 -0.263455 -0.137997 0.105733 -0.120769 -0.142530 -0.215618 -0.158657 -0.310113 -0.114756 -0.227614 -0.013059 0.077360 -0.136270 -0.292002 0.012784 -0.168652 -0.042986 -0.040692 -0.095208 -0.241661 0.047582 -0.044699
-0.016619 -0.077338 0.235947 0.310797 0.049169 0.127604 0.210864 0.153396 0.020422 0.136453 -0.037326 -0.122993 -0.060787 0.012804 -0.029952 -0.241259 0.002378 0.057389 -0.003427 0.205291 -0.069986 1.000000 0.224904 0.345893 0.039850 0.179358 0.030634 0.122226 0.028107 -0.008961 0.060538 0.192348 -0.053490 -0.054461 -0.123029 -0.120016 -0.065933 0.059387 0.083194 -0.196406 -0.117097 -0.169269 -0.211545 -0.243977 -0.339983 -0.305975 -0.262653 -0.054568 -0.284011 -0.271182 -0.115552 -0.214430 -0.054697 -0.077848 0.013291 -0.164974 -0.001004 0.036636 -0.258906 -0.168920 -0.219091 -0.158022 -0.104780 -0.013201 0.067737 -0.075679 -0.081056 -0.019584 0.099142 0.027174 -0.022892 0.369875 -0.048981 -0.015062 0.035797 -0.097692 0.112584 0.184790 0.299792 0.240007 0.120360 0.150146 0.006035 -0.019414 0.042095 -0.103191 0.073658 0.132934 0.172033 0.114260 -0.021786 0.040988 0.043258 -0.027675 0.238233 -0.018283 -0.196293 0.048909 -0.400132 -0.084692 -0.159711 -0.078008 0.074836 0.068811 0.150304 0.099350 -0.183312 0.042192 -0.249126 -0.149504 -0.201147 -0.124603 -0.202919 0.109225 -0.046024 -0.118400
0.348589 -0.263107 0.618331 0.541131 -0.187423 -0.137437 0.543842 0.170187 -0.244067 -0.287145 0.231960 -0.155425 0.195370 -0.095552 0.458143 -0.218165 -0.245261 -0.361268 0.616412 0.299353 0.040822 0.224904 1.000000 0.666452 0.264046 0.193597 0.196683 0.466987 -0.172086 -0.591311 0.234109 0.481718 -0.270843 -0.271213 0.061566 0.017308 -0.205713 -0.211869 -0.193196 -0.041508 -0.381053 -0.231638 0.047088 -0.019412 -0.144965 0.026682 0.037800 0.138027 -0.156003 -0.260184 0.223377 -0.097270 -0.022929 -0.008031 -0.219156 -0.073870 -0.289665 -0.211596 -0.429283 -0.325233 -0.392296 -0.583244 -0.462518 -0.548937 0.364271 -0.047758 -0.292211 0.065567 0.007048 0.152024 0.083602 0.023923 -0.255763 -0.088846 -0.041685 0.007938 -0.155062 -0.141968 -0.102646 -0.182045 -0.465783 -0.371514 0.324916 -0.068644 0.470268 0.019463 0.396461 0.353871 0.500746 0.114115 0.048143 0.449607 0.355846 0.482486 -0.152101 0.221961 -0.037331 -0.065750 -0.226118 -0.022186 -0.170493 -0.041444 0.018232 -0.249892 -0.372020 -0.303485 0.016306 0.032608 0.366009 0.098851 -0.041089 -0.098941 -0.023215 0.203469 -0.252403 -0.177836
0.182731 -0.343243 0.695270 0.827216 0.106339 0.182098 0.596206 0.680467 -0.014633 0.119987 -0.038292 0.062213 0.228909 0.281849 0.288739 0.012857 -0.394302 -0.509927 0.208069 0.321036 0.065149 0.345893 0.666452 1.000000 0.459188 0.299327 0.253368 0.442082 -0.388416 -0.421559 0.163654 0.569746 -0.306374 -0.009598 0.053121 0.139172 -0.273511 -0.192595 -0.055482 -0.067784 -0.337729 -0.172461 -0.306573 -0.316299 -0.405372 -0.201866 -0.318450 -0.085667 -0.331149 -0.451214 0.116561 -0.193903 -0.126844 -0.128210 -0.210383 -0.374177 -0.391495 -0.326377 -0.469369 -0.389517 -0.237283 -0.338365 -0.511021 -0.549665 0.497514 0.426581 -0.319048 0.001687 -0.107947 0.129121 0.002997 -0.080154 -0.394792 -0.020059 -0.103572 -0.011599 -0.187254 -0.134171 -0.158650 -0.274932 -0.465666 -0.452738 0.081476 0.124050 0.245328 0.009213 0.261146 0.328549 0.416643 0.216795 0.196412 0.446585 0.708151 0.496369 -0.149345 0.296394 -0.211798 -0.020219 -0.557991 -0.214777 0.098165 -0.031959 0.041576 -0.186317 -0.278013 -0.283508 0.011551 0.063260 0.189822 -0.006041 -0.150726 0.062337 -0.127454 0.177764 -0.171578 -0.208808
-0.027340 -0.256860 0.326904 0.308103 0.133931 0.329405 0.216808 0.313246 0.139677 0.202668 0.047967 0.004857 -0.070518 -0.083441 0.118583 0.200292 -0.222348 -0.299997 0.019931 -0.043088 0.387305 0.039850 0.264046 0.459188 1.000000 0.634949 0.404700 0.529777 -0.193607 -0.078374 0.350203 0.330907 -0.018624 0.134385 0.362287 0.345206 0.054512 0.080480 0.176871 0.152596 0.103955 0.209724 -0.370835 -0.351213 -0.219389 -0.104211 -0.441961 -0.394187 -0.403162 -0.345903 -0.186991 -0.334894 -0.493890 -0.471253 -0.098949 -0.200041 -0.239218 -0.109973 -0.444898 -0.307616 -0.271097 -0.269681 -0.168709 -0.221471 0.295469 0.349439 0.070935 0.185591 -0.168463 -0.041731 0.046108 -0.086289 -0.257985 0.146594 0.141428 0.064076 0.014077 0.006520 -0.182862 -0.233575 -0.122851 -0.185363 0.145683 0.210826 0.373248 0.406383 0.309453 0.049567 0.338602 0.072543 -0.211954 0.042401 0.261640 0.128504 -0.119140 0.251338 0.007141 0.115429 -0.407345 -0.036546 -0.113421 -0.038140 -0.057400 -0.163909 -0.177443 -0.079983 0.082617 -0.251612 0.098479 -0.120437 0.074267 0.014194 -0.134071 -0.124489 -0.026215 0.048173
-0.313693 -0.386441 0.244432 0.188615 0.371409 0.649598 -0.078529 0.266144 0.336998 0.464339 -0.098605 -0.068073 -0.343141 -0.115710 0.308392 0.219696 -0.166433 -0.145384 -0.053127 -0.166635 0.567372 0.179358 0.193597 0.299327 0.634949 1.000000 0.494323 0.598814 -0.005171 0.050892 0.256819 0.475834 -0.076646 0.286754 0.164935 0.098216 0.108280 0.222818 0.459753 0.336537 0.234626 0.323719 -0.330898 -0.346162 -0.282629 -0.224655 -0.461503 -0.382875 -0.377554 -0.334387 -0.323166 -0.347963 -0.467043 -0.408917 0.074366 -0.174263 -0.193657 -0.167664 -0.466132 -0.205408 -0.404845 -0.138389 -0.053271 -0.080882 0.103867 0.208496 0.036532 0.138321 -0.269184 -0.103087 0.169275 0.146188 -0.082014 0.234700 0.051814 0.115037 0.019556 0.094323 0.093382 -0.214657 0.075069 -0.003085 0.090545 0.378040 0.132381 0.304003 0.222070 -0.102286 0.225214 0.223987 -0.165425 0.006645 0.096797 -0.115251 -0.084402 0.021919 0.004033 0.014140 -0.330084 -0.226691 -0.192160 -0.201110 -0.114681 -0.123323 0.041909 -0.007904 -0.209180 -0.341619 -0.031407 -0.220647 0.001977 0.012450 -0.098025 -0.262877 0.013631 0.046090
-0.056151 -0.245108 0.095586 0.089463 0.539872 0.479712 -0.095026 0.103274 0.424552 0.368942 0.030088 0.081022 -0.188888 -0.030843 0.509903 0.400558 -0.161488 -0.112757 -0.098969 -0.131332 0.305400 0.030634 0.196683 0.253368 0.404700 0.494323 1.000000 0.589332 -0.089206 -0.102518 0.149178 0.219873 -0.266033 -0.021300 0.112265 0.011734 0.039414 0.121786 0.275214 0.229546 0.006522 0.202067 -0.345510 -0.403440 -0.275769 -0.161831 -0.438410 -0.391661 -0.213170 -0.244136 -0.200948 -0.249875 -0.308430 -0.245003 0.033113 -0.142319 -0.084256 -0.094314 -0.193258 -0.100674 -0.257292 -0.065980 -0.084006 -0.043718 0.108270 0.206049 -0.086535 0.134290 -0.254735 -0.183906 -0.159278 -0.016797 -0.271755 0.009299 -0.252442 -0.117775 -0.363574 -0.308883 -0.030834 -0.180011 0.001157 -0.030844 0.001493 0.335024 0.290088 0.392433 0.118250 -0.209546 0.404317 0.401858 0.166863 0.342961 0.335842 0.285957 -0.348464 0.076187 -0.145765 -0.148257 -0.162736 0.040832 -0.041755 0.197394 0.013535 -0.200199 -0.143927 -0.125227 -0.201086 -0.107099 0.258506 -0.328044 -0.256550 0.123855 0.018352 -0.320806 0.048123 0.236217
-0.077937 -0.363813 0.224877 0.341159 0.058448 0.296949 -0.036953 0.171832 0.173266 0.101842 0.055164 0.043255 -0.158604 -0.000953 0.401397 0.380391 -0.284958 -0.278905 0.040517 -0.030775 0.388887 0.122226 0.466987 0.442082 0.529777 0.598814 0.589332 1.000000 -0.187635 -0.304880 0.198152 0.398376 -0.291240 -0.091096 0.471479 0.276414 0.081775 0.135315 0.350938 0.360612 0.004916 0.113122 -0.329237 -0.386098 -0.356550 -0.200618 -0.375841 -0.274894 -0.274826 -0.388895 -0.176340 -0.280468 -0.359420 -0.304195 0.111201 -0.128516 -0.227301 -0.177574 -0.359218 -0.134930 -0.401527 -0.248650 -0.303348 -0.282606 0.099902 0.300317 -0.095901 0.137240 -0.226591 0.057722 -0.083190 0.137205 -0.371589 -0.068424 -0.266192 -0.046201 -0.306781 -0.127468 -0.059798 -0.145849 -0.200933 -0.280322 0.075248 0.326323 0.333367 0.281570 0.396554 0.167603 0.467729 0.344783 0.219908 0.375427 0.455208 0.248354 -0.101640 0.108312 0.020515 -0.076470 -0.343889 -0.009550 -0.069376 0.051887 0.064403 -0.164608 -0.181589 -0.148068 -0.112413 -0.148729 0.258195 -0.194768 -0.081060 0.126579 -0.040948 -0.140214 -0.135100 0.162694
-0.330556 -0.117427 -0.324801 -0.494577 -0.072274 -0.089853 -0.255841 -0.564911 -0.139808 -0.225951 0.189829 -0.442887 -0.091999 -0.313330 0.223775 0.003707 0.627649 0.653485 0.300933 0.234101 0.231796 0.028107 -0.172086 -0.388416 -0.193607 -0.005171 -0.089206 -0.187635 1.000000 0.561838 0.475845 0.271470 0.135558 0.157163 -0.104591 -0.058100 0.512940 0.068628 -0.018529 0.090074 0.463279 0.117186 -0.107812 -0.145979 0.116862 -0.109601 -0.063410 -0.336084 -0.333562 -0.048219 -0.583159 -0.462031 -0.248175 -0.243575 -0.230086 -0.277257 0.335298 0.374515 -0.030899 -0.053831 0.012974 -0.012290 0.522677 0.504656 0.034898 -0.471958 0.086145 -0.370483 0.101439 -0.142920 0.253759 0.329105 0.757289 0.153804 0.186574 0.089586 0.284559 0.276977 0.451439 0.287708 0.622058 0.641925 0.565524 0.462929 0.267012 -0.066994 0.064095 -0.289709 0.125747 -0.168962 -0.292212 -0.048458 -0.354215 -0.223226 -0.034578 -0.300703 -0.302701 -0.306971 0.041870 -0.110476 -0.189379 -0.150628 -0.076024 0.194522 0.199573 0.391156 -0.129671 -0.311553 -0.307064 -0.222553 -0.317796 -0.166194 -0.106227 -0.223654 0.079035 0.238113
-0.449353 0.140756 -0.274953 -0.330009 0.163529 0.114771 -0.285699 -0.152545 0.138223 0.189775 -0.079227 0.005793 -0.137498 0.027476 -0.197588 0.191096 0.489998 0.624904 -0.206503 -0.025956 0.275423 -0.008961 -0.591311 -0.421559 -0.078374 0.050892 -0.102518 -0.304880 0.561838 1.000000 0.144915 0.043218 0.437121 0.597708 -0.071768 0.059777 0.496534 0.276234 0.121567 0.133386 0.503227 0.348211 -0.278047 -0.278039 -0.096558 -0.305765 -0.258495 -0.426254 -0.402747 -0.109225 -0.594745 -0.391048 -0.373029 -0.299782 -0.082343 -0.214456 0.417623 0.389001 -0.002002 0.063557 0.179156 0.374861 0.528567 0.612055 -0.007144 -0.001293 0.183924 -0.399332 0.120242 -0.054828 0.178499 0.226550 0.697410 0.408601 0.362940 0.214505 0.428092 0.369216 0.409589 0.383139 0.691581 0.650539 0.058847 0.393691 -0.145246 0.070945 -0.165109 -0.256881 -0.202251 -0.118309 -0.410028 -0.432339 -0.341903 -0.475504 0.040441 -0.212759 -0.099813 -0.126627 -0.003269 -0.264652 0.006574 -0.145573 -0.076293 0.063262 0.108137 0.310706 -0.025226 -0.207048 -0.302260 -0.191686 -0.242780 -0.058685 -0.068435 -0.208625 0.258738 0.027044
-0.304980 -0.469394 0.168841 -0.064307 -0.216001 -0.064566 0.223972 -0.105269 -0.221134 -0.312252 0.158678 -0.373335 0.006928 -0.280288 0.138079 -0.014351 0.089424 -0.048652 0.329740 0.116892 0.289693 0.060538 0.234109 0.163654 0.350203 0.256819 0.149178 0.198152 0.475845 0.144915 1.000000 0.661802 -0.066164 0.070228 0.204815 0.269235 0.222584 -0.083552 -0.084319 0.161864 0.269989 0.103556 -0.031976 -0.070228 0.139062 0.173884 -0.111626 -0.216193 -0.361743 -0.034193 -0.330157 -0.311333 -0.437694 -0.292691 -0.468372 -0.183513 0.006588 0.044901 -0.369880 -0.243028 -0.325602 -0.345380 -0.028726 -0.112152 0.286270 -0.070544 -0.137263 -0.045155 -0.203606 -0.172684 0.155798 0.218798 0.217236 0.013530 0.118363 -0.052383 0.080333 0.142854 -0.008219 -0.137752 0.116464 0.031577 0.492634 0.311478 0.462319 0.004388 0.312724 -0.139771 0.266327 -0.197407 -0.213806 0.165170 0.061962 0.015763 -0.157647 0.139610 -0.160285 -0.114375 -0.227555 -0.047296 -0.200230 -0.325110 0.007434 -0.083105 -0.155147 0.089355 -0.116100 -0.258402 0.025875 -0.099067 -0.054725 -0.176362 -0.312654 -0.193674 0.064834 0.223374
-0.311956 -0.610603 0.421579 0.371679 0.008008 0.139199 0.314691 0.286885 -0.106471 -0.013823 0.004230 -0.235458 -0.007327 0.035861 0.409328 0.084954 -0.079005 -0.194785 0.386087 0.293549 0.453133 0.192348 0.481718 0.569746 0.330907 0.475834 0.219873 0.398376 0.271470 0.043218 0.661802 1.000000 -0.234087 0.236880 0.126769 0.267221 0.149937 0.000045 0.073633 0.283473 0.138939 0.085534 -0.266598 -0.321367 -0.231593 -0.087030 -0.342238 -0.280673 -0.561610 -0.372158 -0.380809 -0.489199 -0.459320 -0.340733 -0.379814 -0.407314 -0.230616 -0.206527 -0.608838 -0.384685 -0.403270 -0.344878 -0.195734 -0.269138 0.484794 0.203896 -0.318575 -0.111088 -0.225714 -0.094971 0.274045 0.284287 0.138074 0.231993 0.097420 0.174403 0.062293 0.202163 0.085615 -0.248036 -0.059959 -0.096901 0.391080 0.538663 0.412728 0.056553 0.371998 0.104336 0.440751 0.145186 -0.005729 0.333407 0.388092 0.165497 -0.287726 0.163745 -0.209611 -0.227687 -0.457918 -0.341515 -0.006238 -0.309251 0.007133 -0.186533 -0.228737 -0.051858 -0.209259 -0.264922 0.163502 -0.090238 -0.212931 -0.100123 -0.352128 -0.064538 -0.052655 -0.031910
-0.076549 0.462948 -0.098458 -0.165230 0.008556 0.049162 -0.088305 -0.159286 -0.072893 0.027015 -0.080449 0.045685 -0.160829 -0.079160 -0.432391 -0.084814 0.249148 0.298457 0.005125 0.136989 -0.025225 -0.053490 -0.270843 -0.306374 -0.018624 -0.076646 -0.266033 -0.291240 0.135558 0.437121 -0.066164 -0.234087 1.000000 0.585762 -0.107381 -0.042014 0.008313 0.023589 -0.180441 -0.220168 0.007981 0.212683 0.008305 0.023878 0.095558 -0.101166 0.024604 -0.064427 -0.075091 0.111487 -0.154912 0.029920 -0.062612 -0.043020 0.001818 -0.007076 0.275866 0.353854 0.032438 0.110173 0.180236 0.224669 0.365685 0.395015 -0.125526 -0.052122 0.289280 -0.156508 0.416285 0.076755 0.193596 -0.040127 0.372453 0.346769 0.417408 0.228027 0.422062 0.099814 0.306598 0.317243 0.231467 0.255418 -0.014010 -0.160010 -0.242177 -0.073787 -0.159425 0.034637 -0.248027 -0.235083 -0.307728 -0.482448 -0.444231 -0.401870 0.336340 -0.073471 0.007652 0.168649 0.127837 -0.079524 -0.197018 -0.032106 -0.094184 0.055331 0.029234 0.054359 0.297580 0.027388 -0.217444 0.164519 0.053424 -0.128596 -0.091412 -0.002607 0.237218 -0.153566
-0.366929 0.105473 0.113811 0.144508 0.260625 0.320470 -0.074338 0.224960 0.116837 0.334441 -0.287171 0.010160 -0.105536 0.200313 -0.217190 0.100648 0.235399 0.206295 -0.086769 0.156619 0.295497 -0.054461 -0.271213 -0.009598 0.134385 0.286754 -0.021300 -0.091096 0.157163 0.597708 0.070228 0.236880 0.585762 1.000000 -0.039865 0.188622 0.139560 0.189104 0.093944 0.044172 0.135512 0.279680 -0.343475 -0.339227 -0.251440 -0.403285 -0.371645 -0.382196 -0.425127 -0.272108 -0.500934 -0.331676 -0.327251 -0.409412 -0.025083 -0.373652 0.155304 0.152448 -0.079983 0.051224 0.237395 0.403281 0.406031 0.448775 0.100979 0.306947 0.290027 -0.234936 0.235243 0.107330 0.253201 0.042395 0.414085 0.423528 0.278826 0.250214 0.323926 0.287685 0.316145 0.108359 0.380374 0.315872 -0.044697 0.170847 -0.132238 -0.023006 0.031012 -0.069683 -0.021547 0.098061 -0.224610 -0.357215 -0.110440 -0.327474 0.004482 0.003044 -0.121918 0.003471 -0.181130 -0.441263 0.025033 -0.106010 -0.143709 -0.098590 -0.026020 -0.022574 0.006229 -0.125652 -0.208431 0.079163 -0.149474 -0.115068 -0.277088 -0.172327 0.186186 -0.142183
-0.085263 -0.134013 -0.053208 0.063318 -0.202830 -0.047945 -0.088627 0.059892 -0.045609 -0.036792 -0.046458 0.207990 -0.196919 -0.048353 -0.041421 0.184008 -0.124267 -0.107645 -0.078770 -0.102367 0.150515 -0.123029 0.061566 0.053121 0.362287 0.164935 0.112265 0.471479 -0.104591 -0.071768 0.204815 0.126769 -0.107381 -0.039865 1.000000 0.669999 0.188327 0.161856 0.254933 0.318820 0.160386 -0.019478 -0.148545 -0.249076 -0.097765 0.044236 -0.217766 -0.200194 -0.250563 -0.199215 -0.189692 -0.251745 -0.402952 -0.363463 -0.018379 -0.075117 -0.027944 0.040202 -0.241930 -0.188361 -0.250831 -0.190959 -0.191288 -0.119877 0.020402 0.278009 -0.069663 0.171113 -0.114607 -0.014141 -0.024560 0.158438 -0.230797 -0.093535 -0.112797 -0.003094 -0.111266 0.169735 -0.130253 0.059329 -0.051658 -0.157922 -0.007597 0.175544 0.273743 0.244116 0.237650 -0.034429 0.216686 -0.027004 0.039180 0.051204 0.220085 0.000812 -0.033903 -0.021600 0.162664 -0.033338 -0.214273 0.024559 0.048062 -0.005888 -0.022230 0.036798 -0.089382 0.043879 -0.017986 -0.248477 0.134132 -0.080536 0.190011 0.093681 -0.103063 -0.085821 -0.186652 -0.035019
-0.190488 -0.084557 -0.016592 0.125660 -0.266459 -0.143397 -0.031898 0.080233 -0.195597 -0.059876 -0.014920 0.131210 0.036008 0.051849 -0.050702 0.118079 -0.032873 -0.034416 -0.071975 -0.051872 0.121364 -0.120016 0.017308 0.139172 0.345206 0.098216 0.011734 0.276414 -0.058100 0.059777 0.269235 0.267221 -0.042014 0.188622 0.669999 1.000000 0.243199 0.208124 0.160880 0.356293 0.186247 0.058082 -0.187440 -0.258589 -0.131146 -0.021697 -0.296749 -0.250319 -0.434191 -0.249328 -0.300335 -0.319326 -0.429322 -0.388230 -0.155744 -0.222262 -0.000585 0.088619 -0.292375 -0.168752 -0.158150 -0.133572 -0.058563 -0.040913 0.098035 0.300293 -0.020927 0.027887 -0.081245 -0.083404 0.011191 0.087781 -0.077128 -0.053127 -0.020079 0.024950 0.057109 0.150377 -0.089420 0.036697 0.023616 -0.046868 0.057915 0.165395 0.340353 0.294713 0.298761 -0.028118 0.207051 -0.019255 -0.092792 -0.059006 0.206097 -0.063349 -0.059585 0.183404 0.034452 0.119498 -0.346912 -0.045685 0.156040 -0.165927 -0.080772 0.037946 -0.113057 0.059273 -0.028727 -0.245095 0.200050 0.168595 0.060078 -0.044402 -0.275930 -0.015585 0.042732 0.029888
