1.000000 0.338891 -0.234399 -0.237511 -0.225985 -0.160894 0.436221 -0.188630 -0.304962 -0.288149 0.169977 -0.040726 0.064317 -0.313816 -0.206271 -0.167720 0.231255 0.317969 0.438653 0.252047 -0.122757 -0.080773 -0.116858 -0.195313 -0.381517 -0.353970 -0.096411 -0.131600 -0.043330 0.211194 0.079352 -0.258282 0.335932 -0.331385 -0.331603 -0.368802 -0.110439 0.020955 0.102073 0.186572 0.030317 -0.046962 0.087663 0.023014 -0.029051 -0.140396 -0.145369 -0.056837 0.053956 -0.079070 -0.266499 -0.316371 -0.274780 -0.270186 0.174647 -0.052552 0.653005 0.667406 0.437014 0.242749 0.399494 0.193126 0.348780 0.348960 0.137417 -0.264027 0.168893 -0.211401 0.289064 -0.144609 0.176822 0.115177 -0.162702 -0.030735 0.210303 -0.285637 -0.019059 -0.121604 0.096637 0.268783 0.077710 0.139279 -0.051252 0.090650 -0.265916 0.079260 0.380817 0.385178 -0.027764 0.215374 -0.012202 0.073907 -0.095035 0.054546 -0.133845 -0.095951 -0.012259 -0.143988 0.249342 0.151119 0.222808 0.415685 0.345469 0.236927 0.025446 0.021438 0.233950 -0.050773 -0.111450 0.075082 -0.437315 -0.251733 0.117704 -0.213283 -0.345462 -0.271885
0.338891 1.000000 -0.185403 0.072598 -0.257022 -0.117771 0.077401 -0.045017 -0.256158 -0.319455 0.128871 0.318804 0.095802 -0.026701 -0.129076 -0.213783 -0.019419 0.203343 0.155710 0.249691 -0.145749 -0.017497 0.122279 -0.203565 -0.319317 -0.362612 -0.142557 0.089042 -0.238502 0.096791 0.078297 -0.155002 0.090587 -0.229301 0.063986 0.137921 -0.087182 0.001154 -0.052751 0.125237 0.131646 0.027288 0.039733 0.089283 -0.045556 0.010030 0.012346 0.074349 -0.029830 -0.159162 -0.023019 -0.119328 -0.231149 -0.075740 -0.106078 -0.072466 0.064628 0.271183 -0.233204 -0.203073 -0.025412 -0.046734 0.099680 0.215926 -0.077185 -0.016789 -0.177864 -0.025630 0.332567 0.036126 0.135652 -0.074181 -0.430435 -0.064175 0.185939 -0.028435 0.297549 0.241328 -0.141825 0.204179 -0.010540 0.029768 0.110669 0.015381 -0.136155 0.359896 0.262965 0.241633 0.032007 0.191653 -0.089524 -0.182134 -0.123227 -0.172725 0.129358 -0.059255 0.071783 0.216977 0.005589 -0.016425 -0.059656 -0.084519 0.031376 -0.051026 0.042990 -0.147885 -0.103841 -0.075025 0.248051 -0.130705 0.166971 -0.149358 0.056734 0.317122 0.008632 -0.008814
-0.234399 -0.185403 1.000000 0.068575 0.148007 0.153405 0.154480 0.263575 0.208343 0.184133 -0.038324 -0.072588 0.135398 0.193874 -0.049111 0.078930 -0.214522 -0.172035 -0.053428 -0.146109 0.069859 -0.135675 0.356981 0.265465 0.327400 0.306366 0.062929 0.023408 -0.132252 -0.327732 0.039266 0.097277 -0.084036 0.174261 0.307027 0.344075 -0.088606 -0.159164 -0.218923 -0.331967 0.076537 -0.147332 -0.314580 -0.316320 -0.059084 -0.087210 -0.139068 -0.335756 -0.048893 -0.238659 0.114407 0.095021 0.138325 -0.146239 -0.214466 -0.471773 -0.408771 -0.270561 0.049145 0.071744 -0.132263 0.153647 -0.263355 -0.121922 -0.051984 0.472946 0.225383 0.373244 -0.279087 0.096619 -0.037524 -0.011009 0.029519 -0.123389 -0.030567 0.203748 -0.094161 0.002809 -0.285791 -0.160884 -0.214017 -0.330859 -0.217438 -0.285987 -0.067982 -0.203700 -0.381522 -0.481066 0.084722 -0.134976 -0.077312 0.050296 0.384854 0.274977 -0.021284 -0.251671 -0.170253 -0.246803 -0.492690 -0.511933 -0.076773 0.024178 -0.067471 -0.010203 0.030696 -0.061640 0.011437 0.239705 -0.023805 -0.101421 0.181626 -0.056081 -0.169894 -0.144945 0.080808 0.030307
-0.237511 0.072598 0.068575 1.000000 0.381044 0.464346 0.041752 0.625122 0.349178 0.279780 -0.042574 0.120781 0.029811 0.098024 0.293620 0.208835 -0.275350 -0.549144 -0.002761 0.203378 0.273195 0.414809 0.259804 0.572427 0.350665 0.299669 0.253502 0.235958 -0.190864 -0.523957 0.032290 0.290414 -0.341159 -0.054261 -0.079520 -0.100143 0.024720 -0.460984 -0.031119 0.040532 -0.174195 -0.124746 -0.447795 -0.442281 -0.376754 -0.350489 -0.287393 -0.301360 -0.295388 -0.326619 -0.126851 -0.317342 -0.050474 -0.321436 0.024483 -0.265041 -0.297148 -0.259802 -0.217451 -0.162088 -0.086559 -0.184642 -0.224236 -0.415639 0.117398 0.203019 -0.183244 0.101505 0.187235 0.383189 -0.323502 -0.278601 -0.075487 -0.278236 -0.407081 0.220319 -0.253770 -0.125201 -0.271985 -0.365665 -0.230093 -0.394266 0.332923 0.228166 -0.099352 0.195702 -0.185406 -0.334261 0.347946 0.324977 0.096553 -0.074730 0.243233 0.071992 0.126279 -0.178056 0.020524 0.176264 -0.378357 -0.288603 0.117712 -0.105981 0.024672 0.052186 0.145033 -0.069838 -0.111433 0.063483 0.023771 -0.069691 0.154761 -0.153187 -0.264863 0.225316 0.112310 0.067274
-0.225985 -0.257022 0.148007 0.381044 1.000000 0.839820 -0.148261 0.310714 0.953727 0.919809 -0.240616 -0.070635 0.163876 0.214115 0.717519 0.758261 -0.362311 -0.724692 -0.154361 -0.156817 0.687272 0.423794 0.135033 0.120136 0.639915 0.700523 0.798312 0.423138 -0.119190 -0.651375 -0.337335 -0.071787 -0.171395 0.216876 -0.070932 -0.223042 -0.016023 -0.649877 -0.146823 -0.215946 -0.680743 -0.431076 -0.321489 -0.338876 -0.315264 -0.386112 -0.179693 -0.211918 -0.246005 -0.176227 -0.054906 -0.150665 0.293460 -0.147563 0.237109 -0.251177 -0.290190 -0.346460 0.149999 0.080088 0.237005 0.168297 -0.034496 -0.191674 0.082496 0.037527 0.030062 -0.173772 -0.178795 0.085614 -0.375190 -0.099735 0.374079 -0.135167 -0.726984 0.471172 -0.212094 0.018646 -0.199263 -0.600814 -0.083341 -0.457986 0.319233 0.460087 -0.068772 -0.209347 -0.512073 -0.459673 0.436841 0.344394 0.027792 -0.050969 0.137617 -0.034482 -0.070005 -0.114891 -0.162871 -0.079638 -0.068568 -0.039832 0.164629 -0.135438 0.073001 -0.140754 -0.103824 -0.193796 -0.230490 -0.178677 -0.071514 -0.319008 -0.120954 -0.116706 -0.029970 0.110034 0.224001 0.155317
-0.160894 -0.117771 0.153405 0.464346 0.839820 1.000000 -0.049024 0.333761 0.727856 0.757253 -0.289853 -0.188130 0.146334 0.080032 0.584947 0.662980 -0.421230 -0.667248 -0.125780 -0.061632 0.655286 0.467267 0.335873 0.232876 0.576673 0.651024 0.886599 0.701730 -0.352049 -0.615517 -0.257088 -0.001153 -0.328032 0.011383 -0.117989 -0.139673 -0.091575 -0.531971 0.047919 0.048124 -0.497339 -0.235160 -0.492740 -0.442062 -0.465591 -0.484263 -0.265088 -0.318791 -0.222891 -0.313285 -0.083941 -0.181106 -0.014653 -0.167868 0.271960 -0.143407 -0.186864 -0.215636 0.164790 0.115511 0.161476 0.094454 -0.168794 -0.282069 0.065972 -0.011781 0.096435 -0.005732 0.018693 0.201166 -0.362639 -0.004652 0.079037 -0.169054 -0.591036 0.307056 -0.232390 -0.013269 -0.276259 -0.445647 -0.208840 -0.530039 0.301734 0.474538 -0.143718 -0.184761 -0.346598 -0.341071 0.506888 0.485299 0.063926 -0.147289 0.152027 -0.000469 0.034363 -0.185735 0.071270 0.049091 -0.135418 -0.079548 0.270811 -0.070722 0.182305 -0.022236 0.030558 -0.102332 -0.146790 -0.122636 -0.107399 -0.287775 0.019750 -0.284724 -0.042658 0.203581 0.218469 0.171422
0.436221 0.077401 0.154480 0.041752 -0.148261 -0.049024 1.000000 0.285626 -0.225914 -0.313552 0.169117 -0.163844 -0.316462 -0.534973 -0.269616 -0.313545 0.007485 0.255084 0.251951 0.183639 -0.033228 0.090288 0.260495 0.018181 -0.278460 -0.414264 0.088913 0.029206 -0.239818 0.041219 0.154848 -0.003592 0.010914 -0.299588 -0.119700 -0.123408 -0.212036 -0.194102 0.148963 0.080496 0.148961 0.176412 -0.045668 -0.155591 0.055206 -0.050772 -0.259907 -0.208917 0.167244 0.049912 -0.226393 -0.271058 -0.329984 -0.140658 0.074276 -0.282059 0.291251 0.337159 0.214019 0.170915 0.116913 -0.038058 0.144832 0.132819 0.425035 -0.105855 0.148112 -0.091525 0.108001 0.107193 -0.134562 0.059131 -0.383454 -0.132384 0.024365 -0.342150 -0.283368 0.010689 -0.134038 0.135957 -0.340387 -0.198174 0.221285 0.104392 -0.162458 -0.057448 0.330661 0.107764 0.171281 0.188581 0.191871 0.248435 0.173216 0.166329 -0.085686 -0.393259 -0.235781 -0.135803 -0.033473 -0.101800 0.280633 0.293464 0.369318 0.188799 0.173545 -0.240216 0.308250 0.226465 -0.015855 -0.043124 -0.262273 -0.297360 0.089090 -0.137336 -0.147705 -0.043565
-0.188630 -0.045017 0.263575 0.625122 0.310714 0.333761 0.285626 1.000000 0.272882 0.214316 -0.078279 -0.066931 -0.080731 0.140327 0.140745 0.218735 -0.256504 -0.310201 -0.000355 0.171992 0.155478 0.285098 0.068087 0.270342 0.184873 0.054273 0.274642 0.081144 -0.147332 -0.297984 0.097195 0.123662 -0.065874 0.019772 -0.126595 0.034554 -0.139806 -0.489904 -0.131957 -0.102044 -0.163373 -0.071721 -0.401820 -0.438741 -0.272454 -0.183701 -0.347854 -0.388702 -0.253128 -0.298944 -0.386326 -0.284174 -0.085761 -0.342772 -0.044624 -0.471812 -0.290794 -0.152812 0.027348 0.222764 0.041518 0.294517 -0.069546 -0.077713 0.159258 0.291688 0.060863 0.168821 0.138902 0.431586 -0.389750 -0.240381 -0.111166 -0.293983 -0.250394 0.017377 -0.252837 -0.062990 -0.315808 -0.275067 -0.228947 -0.259017 0.331944 0.311759 -0.127233 -0.159288 -0.333564 -0.227469 0.189271 0.177121 0.127662 0.004757 0.312462 0.099566 -0.042819 -0.437530 -0.258498 -0.047090 -0.484047 -0.505255 0.162752 0.006540 0.111219 -0.002915 0.185670 -0.129174 0.119966 0.337932 -0.060279 -0.090629 0.018187 -0.337358 -0.299756 0.005164 0.080113 -0.014032
-0.304962 -0.256158 0.208343 0.349178 0.953727 0.727856 -0.225914 0.272882 1.000000 0.898525 -0.168352 0.022443 0.217773 0.284513 0.702066 0.711587 -0.291137 -0.688600 -0.216339 -0.234773 0.589300 0.329296 0.107940 0.112693 0.645659 0.721947 0.655155 0.296213 -0.037328 -0.633904 -0.321301 -0.015510 -0.155403 0.298612 0.002115 -0.182023 0.013157 -0.590666 -0.182191 -0.251607 -0.678471 -0.448341 -0.277513 -0.303167 -0.269207 -0.346756 -0.142674 -0.176785 -0.245734 -0.189711 0.013408 -0.122741 0.356969 -0.165866 0.164607 -0.262927 -0.374997 -0.425110 0.034966 -0.036026 0.186685 0.133198 0.002290 -0.175921 0.058746 0.105321 -0.040645 -0.159067 -0.284158 0.026944 -0.366239 -0.150263 0.426369 -0.101575 -0.680376 0.520292 -0.184373 0.019093 -0.168381 -0.576502 0.002880 -0.378442 0.259338 0.382161 -0.006522 -0.167321 -0.539024 -0.467094 0.366276 0.239159 0.001658 -0.065366 0.133703 -0.038224 -0.039879 -0.047511 -0.171691 -0.038750 -0.095254 -0.085661 0.104420 -0.156341 0.003072 -0.183038 -0.144242 -0.166065 -0.248263 -0.137391 -0.025225 -0.263424 -0.063719 -0.072252 -0.080951 0.108925 0.202447 0.136930
-0.288149 -0.319455 0.184133 0.279780 0.919809 0.757253 -0.313552 0.214316 0.898525 1.000000 -0.230605 -0.085579 0.247599 0.384079 0.673389 0.825189 -0.234119 -0.658883 -0.177615 -0.260998 0.693657 0.289281 0.027996 0.120530 0.717077 0.801865 0.691318 0.308641 -0.045434 -0.618853 -0.361573 -0.069366 -0.168171 0.297858 -0.006160 -0.173067 0.040484 -0.576576 -0.237999 -0.315042 -0.666125 -0.446108 -0.337047 -0.311454 -0.313878 -0.344763 -0.140726 -0.234464 -0.306475 -0.190803 -0.028585 -0.001209 0.380992 -0.066561 0.133763 -0.209078 -0.288279 -0.379520 0.099649 0.065561 0.199871 0.212439 0.030593 -0.094997 -0.070506 0.113676 0.024532 -0.097663 -0.240356 0.000280 -0.204421 -0.019411 0.465410 -0.056127 -0.604778 0.549293 -0.124025 0.026258 -0.142467 -0.575936 0.039634 -0.349852 0.117645 0.342578 0.012541 -0.225494 -0.629148 -0.507651 0.310751 0.219508 -0.062300 -0.084965 0.153734 0.018806 -0.095038 -0.042063 -0.161983 -0.142767 -0.154874 -0.124853 0.104928 -0.097316 -0.002054 -0.166478 -0.153645 -0.072192 -0.263728 -0.227786 -0.079372 -0.341261 -0.135517 -0.038229 -0.036287 0.090985 0.248284 0.157525
0.169977 0.128871 -0.038324 -0.042574 -0.240616 -0.289853 0.169117 -0.078279 -0.168352 -0.230605 1.000000 0.452933 0.446174 0.114104 0.098888 -0.098297 0.413533 0.456739 -0.071361 -0.156702 -0.050017 -0.115158 -0.071825 -0.044566 -0.060013 -0.128228 -0.233820 -0.195992 0.206671 0.244347 0.217473 0.137118 0.196766 0.047336 0.089306 -0.193430 -0.062880 0.027518 -0.121717 -0.107366 0.153286 0.046039 0.066164 0.066080 0.107892 -0.022822 0.017505 -0.045600 -0.103467 0.015922 0.109725 -0.106132 -0.092778 0.088861 -0.283069 -0.095620 -0.032368 0.019105 -0.285107 -0.390795 -0.050073 -0.198405 0.082261 0.035090 0.146800 0.057552 -0.385403 -0.261942 -0.105696 -0.173775 0.167188 -0.058360 -0.067961 0.176220 0.326618 0.058948 0.218427 0.020917 -0.068838 0.238285 0.224661 0.182595 0.074637 0.019200 0.333765 0.250731 0.049945 -0.033961 -0.157000 -0.250899 -0.370985 -0.275565 -0.223421 -0.219483 0.132696 0.239489 -0.219635 0.168186 0.060615 -0.070329 -0.062817 0.085447 -0.087948 0.048153 0.087331 0.152512 -0.010135 0.021375 0.227104 0.140806 -0.250604 0.262236 -0.313382 -0.056984 -0.150642 -0.096126
-0.040726 0.318804 -0.072588 0.120781 -0.070635 -0.188130 -0.163844 -0.066931 0.022443 -0.085579 0.452933 1.000000 0.362662 0.425791 0.123678 0.100697 0.269207 0.245985 -0.183655 -0.304588 -0.100578 -0.274650 -0.174009 0.032856 -0.024789 -0.024050 -0.272008 -0.262228 0.348723 0.146895 0.273168 0.191611 0.256172 0.225256 0.122132 -0.109309 0.101484 -0.022389 -0.280219 -0.229933 0.040829 -0.286536 0.140885 0.127563 0.064451 -0.083041 0.188705 0.062219 -0.257757 -0.122239 0.055219 -0.163622 -0.034658 0.028527 -0.360428 -0.123230 -0.147154 -0.214556 -0.249965 -0.427440 -0.001534 -0.095147 0.110865 0.100086 0.044168 0.222954 -0.331927 -0.203966 -0.335095 -0.380364 0.068725 -0.236240 -0.060536 -0.000548 0.128245 0.194075 0.183161 -0.130949 0.173541 0.088747 0.388811 0.315465 0.053425 0.207733 0.206895 0.509668 0.153546 0.071446 -0.280256 -0.254459 -0.440227 -0.362135 -0.248830 -0.344825 -0.060035 0.377938 -0.158904 -0.017864 0.026580 -0.008701 -0.171644 -0.143090 -0.234553 -0.162776 -0.160127 0.018986 -0.150414 -0.047037 0.225554 0.012568 -0.065028 0.350153 -0.291056 -0.125827 -0.155468 -0.141317
0.064317 0.095802 0.135398 0.029811 0.163876 0.146334 -0.316462 -0.080731 0.217773 0.247599 0.446174 0.362662 1.000000 0.603163 0.501377 0.414825 0.139675 -0.017810 -0.166116 -0.324022 0.123762 -0.184359 -0.047919 0.125612 0.257572 0.393117 -0.001944 0.004071 0.118248 -0.051760 0.083163 0.099116 0.169069 0.255507 0.087542 -0.259642 0.182122 -0.072059 -0.155192 -0.082195 -0.107324 -0.325509 -0.192267 -0.120788 -0.261526 -0.348476 -0.075446 -0.134903 -0.328950 -0.317672 0.094248 -0.093231 0.304902 -0.035822 0.000562 -0.123029 -0.201571 -0.083937 -0.051521 -0.214522 0.186116 0.152563 0.057956 0.089410 -0.132093 0.171179 -0.271467 -0.209461 -0.119147 -0.237040 0.076125 -0.083952 0.127001 -0.057643 0.063738 0.346429 0.229862 -0.163810 0.018081 -0.019127 0.354824 0.045632 -0.068365 0.068560 0.183292 0.197045 -0.290458 0.000162 -0.027844 -0.000110 -0.443233 -0.439480 -0.321220 -0.258331 -0.097146 0.329041 0.076379 -0.048494 0.003602 -0.208681 -0.235196 0.014031 -0.293205 -0.252059 -0.276576 0.106172 -0.190634 -0.153232 0.091493 0.093165 -0.197079 0.193990 -0.113023 -0.031232 -0.144880 -0.216049
-0.313816 -0.026701 0.193874 0.098024 0.214115 0.080032 -0.534973 0.140327 0.284513 0.384079 0.114104 0.425791 0.603163 1.000000 0.335687 0.585126 0.089021 -0.117100 -0.188565 -0.309907 0.125533 -0.169848 -0.265100 0.040346 0.268932 0.412083 -0.026762 -0.112115 0.270749 -0.103041 -0.034391 0.044751 0.199731 0.341973 0.178744 -0.026926 0.132470 -0.172445 -0.370074 -0.323943 -0.196792 -0.302236 -0.193592 -0.121073 -0.148080 -0.117948 0.004584 -0.141012 -0.403948 -0.173974 -0.037828 0.128689 0.410251 0.015955 -0.260606 -0.224161 -0.375186 -0.347188 -0.061354 -0.007434 0.097160 0.396069 0.087491 0.149904 -0.313900 0.358696 -0.145426 -0.065059 -0.205322 -0.112011 0.104762 -0.150531 0.349413 -0.088147 0.031263 0.442285 0.255255 -0.114470 -0.011364 -0.173599 0.270313 0.132450 -0.159946 0.075404 0.145725 0.067572 -0.486787 -0.237626 -0.171831 -0.164289 -0.417230 -0.374469 -0.136599 -0.243215 -0.089901 0.255271 -0.121856 -0.109610 -0.233933 -0.313656 -0.263650 -0.181391 -0.383150 -0.315353 -0.253949 0.092842 -0.234480 -0.083379 0.097741 -0.096332 -0.083454 0.199773 -0.214410 -0.078231 0.010293 -0.142972
-0.206271 -0.129076 -0.049111 0.293620 0.717519 0.584947 -0.269616 0.140745 0.702066 0.673389 0.098888 0.123678 0.501377 0.335687 1.000000 0.664878 -0.310136 -0.488867 -0.298533 -0.289115 0.494929 0.250999 0.065862 0.222424 0.592040 0.609271 0.533462 0.275423 0.001185 -0.389507 -0.136532 0.126820 -0.101127 0.334995 -0.156274 -0.289133 0.042279 -0.509557 -0.041062 -0.055751 -0.509273 -0.361007 -0.164943 -0.156858 -0.244169 -0.297543 -0.026301 -0.019010 -0.314480 -0.151926 0.004217 -0.229754 0.283930 -0.005548 0.315990 0.019751 -0.351914 -0.370214 -0.041028 -0.073010 0.216742 0.036338 -0.056236 -0.114427 0.048443 -0.091850 -0.215669 -0.331887 -0.192178 -0.096884 -0.283006 -0.097802 0.253367 -0.167215 -0.495458 0.360761 -0.112736 -0.135691 -0.054788 -0.423767 0.021424 -0.237847 0.434158 0.460397 0.111594 -0.113375 -0.292202 -0.140837 0.285836 0.223838 -0.116884 -0.332286 -0.177501 -0.232026 -0.143707 0.192936 0.068156 -0.079546 0.156427 0.004380 -0.074759 -0.157524 -0.150591 -0.341775 -0.311476 -0.166731 -0.217670 -0.288274 -0.073829 -0.093227 -0.189669 0.121201 -0.133855 0.105927 0.016345 -0.016982
-0.167720 -0.213783 0.078930 0.208835 0.758261 0.662980 -0.313545 0.218735 0.711587 0.825189 -0.098297 0.100697 0.414825 0.585126 0.664878 1.000000 -0.102614 -0.424378 -0.068554 -0.210798 0.661340 0.281185 -0.161082 0.046273 0.578314 0.707740 0.651328 0.337862 0.115190 -0.370716 -0.170173 0.036331 -0.012674 0.255910 -0.084474 -0.250748 0.045793 -0.519655 -0.306431 -0.334922 -0.572269 -0.493114 -0.320190 -0.248074 -0.298032 -0.336168 -0.101879 -0.192912 -0.467737 -0.243917 -0.214144 -0.085563 0.255851 -0.064419 -0.031391 -0.233118 -0.194855 -0.295505 0.268154 0.202901 0.271069 0.429128 0.096432 0.029528 -0.125537 0.163810 0.096567 -0.147412 -0.118547 -0.033502 -0.179376 -0.045733 0.363683 -0.094517 -0.400719 0.465552 -0.010120 -0.008255 -0.112424 -0.422683 0.208866 -0.117639 0.128968 0.571957 0.092648 -0.091193 -0.488231 -0.345750 0.159631 0.159538 -0.311430 -0.297687 -0.132012 -0.290408 -0.198791 0.147688 -0.134234 -0.156207 -0.121070 -0.136480 -0.034015 -0.182590 -0.182171 -0.319363 -0.319786 -0.077258 -0.288760 -0.196753 -0.047711 -0.223092 -0.197071 -0.019869 -0.135555 0.043932 0.153998 0.025213
0.231255 -0.019419 -0.214522 -0.275350 -0.362311 -0.421230 0.007485 -0.256504 -0.291137 -0.234119 0.413533 0.269207 0.139675 0.089021 -0.310136 -0.102614 1.000000 0.568869 0.233298 -0.053800 -0.113622 -0.115458 -0.468784 -0.345954 -0.306210 -0.192686 -0.364277 -0.307760 0.485408 0.353912 0.037779 0.031477 0.338933 0.009521 -0.040381 -0.309788 0.149304 0.241537 -0.114561 -0.151341 0.220299 0.121847 0.163559 0.141672 0.016396 -0.082041 0.033095 -0.010358 -0.177862 -0.022078 -0.138590 -0.019643 -0.119052 0.018139 -0.287604 0.047471 0.466522 0.431807 -0.064858 -0.208867 0.023049 0.032380 0.339182 0.277601 -0.026032 0.043119 -0.201999 -0.236344 0.052161 -0.192834 0.434118 0.107641 0.182955 0.481555 0.510563 0.007036 0.347779 0.177591 0.280517 0.312193 0.623967 0.552704 -0.128624 -0.066865 0.158876 0.190758 0.051851 0.161352 -0.323982 -0.302762 -0.230969 -0.078518 -0.214719 -0.130872 0.038316 0.197743 -0.237529 0.060594 0.030065 0.104849 -0.050016 0.092559 -0.074782 -0.055969 -0.016681 0.255013 0.122886 0.114576 0.134930 0.040355 -0.295410 0.132272 -0.056157 -0.050937 0.001524 -0.007037
0.317969 0.203343 -0.172035 -0.549144 -0.724692 -0.667248 0.255084 -0.310201 -0.688600 -0.658883 0.456739 0.245985 -0.017810 -0.117100 -0.488867 -0.424378 0.568869 1.000000 0.063207 -0.037722 -0.401088 -0.354688 -0.222129 -0.344038 -0.472189 -0.538358 -0.524951 -0.364036 0.330036 0.756004 0.412423 0.075376 0.291786 -0.128283 0.057258 0.028029 -0.062010 0.443097 -0.116015 -0.081018 0.407245 0.239606 0.401812 0.414692 0.309728 0.247778 0.227377 0.201657 0.045570 0.128175 -0.049583 0.014222 -0.343955 0.270559 -0.346979 0.147654 0.371329 0.338800 -0.098824 -0.174612 -0.084955 -0.041349 0.295824 0.377128 0.047816 -0.092223 -0.105402 -0.121227 -0.020399 -0.309812 0.360710 0.272771 -0.240898 0.374863 0.709106 -0.283186 0.328544 0.117261 0.262725 0.691956 0.313865 0.573609 -0.280396 -0.153618 0.165253 0.169260 0.435993 0.356491 -0.505548 -0.429991 -0.280154 -0.179094 -0.304349 -0.219914 -0.048218 0.238070 -0.166740 0.022657 0.142466 0.094627 -0.112216 0.105628 -0.052222 -0.049013 0.000469 0.158215 0.134370 0.171646 0.124752 0.207575 -0.171622 0.097199 -0.098820 -0.160300 -0.090752 -0.066888
0.438653 0.155710 -0.053428 -0.002761 -0.154361 -0.125780 0.251951 -0.000355 -0.216339 -0.177615 -0.071361 -0.183655 -0.166116 -0.188565 -0.298533 -0.068554 0.233298 0.063207 1.000000 0.585050 0.008763 0.129474 -0.267712 -0.264651 -0.260318 -0.245322 -0.060040 -0.085882 0.193839 0.155701 0.003161 -0.093102 0.056099 -0.256772 -0.069994 -0.119280 0.115474 0.038945 -0.071809 0.030183 0.204708 -0.050935 0.018686 0.045453 0.112021 0.087081 0.055202 0.024233 -0.130456 0.063895 -0.464254 -0.156024 -0.081470 -0.065152 -0.022366 -0.042825 0.328516 0.466785 0.259614 0.349930 0.020496 0.110331 0.026450 0.045111 0.001946 -0.181174 0.251901 -0.029323 0.520996 0.012186 0.167827 0.129533 0.068043 0.040849 0.250265 -0.238542 0.195557 0.085772 -0.028208 0.065459 0.195096 0.136632 -0.039892 0.132817 -0.067962 0.116611 0.115099 0.052273 0.034890 0.033961 -0.065473 0.168468 -0.071946 -0.077829 0.021711 0.018791 -0.040044 -0.032098 0.108834 0.146505 0.003109 0.096019 0.023379 -0.106373 -0.064280 -0.124272 -0.059223 -0.110024 0.139237 0.202782 -0.285331 -0.031316 0.083578 0.104536 0.004768 -0.021765
0.252047 0.249691 -0.146109 0.203378 -0.156817 -0.061632 0.183639 0.171992 -0.234773 -0.260998 -0.156702 -0.304588 -0.324022 -0.309907 -0.289115 -0.210798 -0.053800 -0.037722 0.585050 1.000000 -0.106761 0.289357 -0.072910 -0.079407 -0.235442 -0.336154 -0.033067 0.032059 -0.166085 0.050605 -0.088437 -0.111957 -0.113628 -0.367064 -0.128156 0.152423 -0.035433 0.087582 0.090582 0.181237 0.166544 0.109310 0.020463 0.066079 0.093705 0.185821 0.054229 0.051813 -0.034709 0.011563 -0.264702 -0.023286 -0.146378 -0.065430 -0.101160 0.054490 0.130833 0.425562 -0.001172 0.262356 -0.351149 -0.007641 -0.155440 -0.171733 -0.180887 -0.171952 0.249130 0.272818 0.744985 0.550408 0.026398 0.213962 -0.209258 0.112646 0.088777 -0.138753 0.146675 0.151265 -0.084498 0.039166 -0.157489 0.010773 0.069507 -0.002739 -0.305767 -0.050557 0.108558 0.065445 0.016957 0.079218 0.248866 0.358691 0.066685 0.087233 0.187033 -0.231667 -0.024356 0.196571 -0.098715 0.037159 -0.078671 -0.108492 -0.071224 0.061155 0.081663 -0.063832 -0.064904 -0.001895 0.027110 0.029248 0.145356 -0.107214 0.100085 0.181863 0.138531 0.038206
-0.122757 -0.145749 0.069859 0.273195 0.687272 0.655286 -0.033228 0.155478 0.589300 0.693657 -0.050017 -0.100578 0.123762 0.125533 0.494929 0.661340 -0.113622 -0.401088 0.008763 -0.106761 1.000000 0.652436 0.146258 0.054296 0.600163 0.635156 0.738733 0.575353 -0.117268 -0.472327 -0.245723 0.029951 -0.193988 0.149817 -0.016973 -0.173179 -0.005541 -0.456231 -0.200421 -0.243850 -0.505825 -0.148368 -0.358581 -0.327798 -0.318912 -0.410862 -0.192379 -0.208436 -0.269459 -0.191797 -0.018019 -0.196931 0.125923 -0.003420 0.046994 -0.189733 -0.098170 -0.169394 0.130867 -0.006196 0.218459 0.061532 -0.057782 -0.154908 0.091373 0.032788 -0.052823 -0.224638 -0.043721 0.053870 -0.041355 0.075331 0.244106 0.011695 -0.403831 0.398370 0.008832 0.239420 -0.376291 -0.460625 0.020888 -0.335134 0.169474 0.372934 0.093904 -0.153556 -0.382264 -0.453228 0.401244 0.199633 -0.146239 -0.156444 0.082601 -0.108930 0.009353 0.002569 -0.191526 0.024396 -0.059044 -0.017703 0.235623 -0.078570 0.127201 -0.090491 0.033534 -0.102374 -0.287165 -0.219638 0.035757 -0.263414 -0.113151 -0.104125 0.031596 0.277135 0.297316 0.251239
-0.080773 -0.017497 -0.135675 0.414809 0.423794 0.467267 0.090288 0.285098 0.329296 0.289281 -0.115158 -0.274650 -0.184359 -0.169848 0.250999 0.281185 -0.115458 -0.354688 0.129474 0.289357 0.652436 1.000000 0.192328 -0.066746 0.231176 0.281816 0.578725 0.653069 -0.238134 -0.407993 -0.261225 0.018687 -0.246918 -0.144910 -0.100019 -0.028237 -0.157937 -0.385022 0.009467 0.005286 -0.294456 0.071085 -0.270587 -0.249969 -0.256444 -0.225216 -0.232558 -0.112063 -0.142491 -0.038965 -0.080039 -0.265203 -0.186603 -0.109623 0.044833 -0.095065 0.004999 0.008206 -0.018175 -0.044028 0.071645 -0.083438 -0.250205 -0.328504 0.129404 -0.121403 -0.159112 -0.175279 0.311975 0.434526 -0.202786 -0.071614 0.122026 0.053573 -0.334294 0.099730 -0.017579 0.366738 -0.443590 -0.315897 -0.119926 -0.347163 0.419177 0.248552 0.128085 -0.176772 -0.128747 -0.263956 0.504224 0.296712 0.143411 -0.007283 0.105997 -0.007879 0.306758 -0.205886 -0.033657 0.396531 -0.024029 0.087338 0.295961 -0.099784 0.268523 0.113859 0.296505 -0.120280 -0.201584 -0.072341 -0.037633 -0.117478 0.131031 -0.279649 0.133502 0.523164 0.456069 0.418079
-0.116858 0.122279 0.356981 0.259804 0.135033 0.335873 0.260495 0.068087 0.107940 0.027996 -0.071825 -0.174009 -0.047919 -0.265100 0.065862 -0.161082 -0.468784 -0.222129 -0.267712 -0.072910 0.146258 0.192328 1.000000 0.316998 0.278616 0.227901 0.243947 0.506171 -0.555080 -0.354884 0.083816 0.168668 -0.279508 -0.131312 0.199481 0.299316 -0.151704 -0.082087 0.133728 0.151536 -0.061950 0.191707 -0.270240 -0.228258 -0.189508 -0.180876 -0.183700 -0.184979 0.104041 -0.146151 0.449167 -0.073985 -0.107226 0.043398 0.150877 -0.132525 -0.285805 -0.212136 -0.271138 -0.294851 -0.074405 -0.327340 -0.334142 -0.331529 0.339263 0.035726 -0.207007 0.089398 -0.125378 0.140408 -0.326079 0.066348 -0.312479 -0.073961 -0.193262 0.063609 -0.211062 0.103057 -0.296906 -0.153590 -0.493908 -0.510057 -0.078872 -0.315191 0.039424 -0.150610 0.109315 -0.217818 0.440403 0.217911 0.091336 -0.100536 0.231609 0.158887 0.180148 -0.349414 0.159075 0.057473 -0.158667 -0.227568 0.229478 -0.009042 0.241016 0.187731 0.220975 -0.179485 -0.065822 0.022522 0.014645 -0.182579 0.330454 -0.141809 0.067018 0.222038 0.098034 0.165919
-0.195313 -0.203565 0.265465 0.572427 0.120136 0.232876 0.018181 0.270342 0.112693 0.120530 -0.044566 0.032856 0.125612 0.040346 0.222424 0.046273 -0.345954 -0.344038 -0.264651 -0.079407 0.054296 -0.066746 0.316998 1.000000 0.384621 0.332549 0.020607 -0.012109 -0.128234 -0.271804 0.214891 0.519356 -0.303914 0.242267 -0.144860 -0.054546 0.022399 -0.099491 0.139547 0.116835 -0.003951 -0.041184 -0.367292 -0.360610 -0.247249 -0.318854 -0.221561 -0.258965 -0.217332 -0.394343 0.062865 -0.264260 -0.002402 -0.274518 0.068519 -0.081376 -0.277137 -0.265188 -0.086396 -0.125740 -0.115200 -0.199699 -0.167098 -0.192010 0.060434 0.298340 0.048972 0.303977 -0.098076 0.078023 -0.280621 -0.161121 -0.114500 -0.221155 -0.227938 0.072902 -0.460356 -0.501131 0.057202 -0.053375 -0.193726 -0.128435 -0.040692 -0.071140 -0.079721 0.086892 -0.059866 -0.207774 0.030643 0.024321 0.084618 -0.103610 0.193198 0.166668 -0.287305 0.019088 0.172658 -0.252843 -0.290839 -0.302238 -0.055727 0.156515 -0.101385 0.156934 -0.114632 0.098035 -0.000273 0.053866 -0.234224 0.023899 0.126548 0.014436 -0.227704 -0.247682 -0.282274 -0.247368
-0.381517 -0.319317 0.327400 0.350665 0.639915 0.576673 -0.278460 0.184873 0.645659 0.717077 -0.060013 -0.024789 0.257572 0.268932 0.592040 0.578314 -0.306210 -0.472189 -0.260318 -0.235442 0.600163 0.231176 0.278616 0.384621 1.000000 0.847959 0.457826 0.246719 0.005716 -0.414446 0.075786 0.301510 -0.212663 0.404868 0.094255 0.095520 0.112746 -0.314574 -0.292093 -0.320739 -0.413310 -0.255739 -0.228598 -0.159250 -0.156773 -0.238270 0.037379 -0.102252 -0.348959 -0.274293 0.206952 -0.118448 0.227347 0.020057 -0.065247 -0.153419 -0.468644 -0.518248 -0.150485 -0.217000 -0.077681 -0.119813 -0.204455 -0.344920 -0.022487 0.051475 -0.117282 0.034541 -0.327551 -0.067876 -0.192089 0.052757 0.251982 -0.022967 -0.346122 0.466222 -0.008379 0.009532 -0.111670 -0.373265 0.025517 -0.247227 -0.079828 0.137503 0.153833 -0.121088 -0.520703 -0.548963 0.166128 -0.086748 -0.171689 -0.231221 0.070471 -0.003140 -0.108818 0.115283 -0.043030 -0.127833 -0.201063 -0.210214 -0.062905 -0.105386 -0.180493 -0.219921 -0.159719 0.022965 -0.285230 -0.102251 -0.029128 -0.130363 0.100686 0.108661 -0.161865 0.063588 0.194849 0.058621
-0.353970 -0.362612 0.306366 0.299669 0.700523 0.651024 -0.414264 0.054273 0.721947 0.801865 -0.128228 -0.024050 0.393117 0.412083 0.609271 0.707740 -0.192686 -0.538358 -0.245322 -0.336154 0.635156 0.281816 0.227901 0.332549 0.847959 1.000000 0.492589 0.369520 0.023582 -0.521136 -0.117746 0.256957 -0.197639 0.388007 0.107707 -0.018642 0.097833 -0.318765 -0.227064 -0.271714 -0.473172 -0.293126 -0.395528 -0.311342 -0.335572 -0.412761 -0.117832 -0.237580 -0.393530 -0.326191 0.165085 -0.073353 0.304175 -0.021148 0.012254 -0.165205 -0.360144 -0.473183 -0.045619 -0.132477 0.101247 0.008241 -0.124116 -0.218509 -0.075360 0.150944 -0.079650 -0.003010 -0.299527 -0.092727 -0.144092 -0.001522 0.428665 0.042887 -0.372314 0.538466 -0.042113 -0.003786 -0.142276 -0.435428 0.121242 -0.241680 -0.131386 0.111505 0.153894 -0.151648 -0.549588 -0.550696 0.204520 0.012569 -0.250203 -0.313648 0.055505 -0.017238 0.002156 0.147010 0.048535 -0.068621 -0.217641 -0.218918 0.039651 -0.048839 -0.079377 -0.116677 -0.152631 0.054691 -0.308476 -0.201856 -0.056209 -0.139836 0.059678 0.060666 -0.125330 0.115485 0.197089 0.116004
-0.096411 -0.142557 0.062929 0.253502 0.798312 0.886599 0.088913 0.274642 0.655155 0.691318 -0.233820 -0.272008 -0.001944 -0.026762 0.533462 0.651328 -0.364277 -0.524951 -0.060040 -0.033067 0.738733 0.578725 0.243947 0.020607 0.457826 0.492589 1.000000 0.744143 -0.306297 -0.495703 -0.301363 -0.113543 -0.229122 -0.000361 -0.158345 -0.160686 -0.222677 -0.566141 0.017401 -0.029303 -0.510219 -0.153719 -0.342698 -0.304078 -0.278254 -0.320806 -0.219678 -0.196899 -0.124621 -0.105543 -0.131372 -0.174268 -0.070665 -0.076725 0.227747 -0.127121 -0.079119 -0.100629 0.273199 0.189529 0.219684 0.136846 -0.082702 -0.215579 0.127836 -0.110537 0.109045 -0.150715 0.029438 0.189941 -0.283062 0.047133 0.108051 -0.085624 -0.571245 0.233354 -0.233718 0.064397 -0.310136 -0.464036 -0.227676 -0.486142 0.369823 0.532252 -0.079529 -0.288417 -0.288247 -0.361129 0.501409 0.423920 0.070860 -0.096621 0.101678 -0.063972 -0.000353 -0.174796 -0.071537 0.033749 -0.014961 0.044281 0.323653 -0.074002 0.255513 0.004293 0.060836 -0.152321 -0.095396 -0.107247 -0.113892 -0.315828 -0.086010 -0.272744 0.022626 0.198940 0.210916 0.187119
-0.131600 0.089042 0.023408 0.235958 0.423138 0.701730 0.029206 0.081144 0.296213 0.308641 -0.195992 -0.262228 0.004071 -0.112115 0.275423 0.337862 -0.307760 -0.364036 -0.085882 0.032059 0.575353 0.653069 0.506171 -0.012109 0.246719 0.369520 0.744143 1.000000 -0.480821 -0.453192 -0.220215 -0.038730 -0.307157 -0.164307 0.005552 0.110337 -0.186057 -0.263597 0.071512 0.137063 -0.236151 0.092528 -0.410862 -0.306888 -0.370656 -0.323475 -0.212346 -0.164759 -0.039760 -0.138770 0.135361 -0.046424 -0.186991 0.018337 0.123801 -0.031371 -0.077771 -0.063539 0.073940 0.011450 0.093662 -0.060471 -0.317600 -0.322258 0.107205 -0.063345 0.024718 0.018110 0.177459 0.298289 -0.235075 0.031071 -0.128829 -0.010631 -0.328483 0.151558 -0.045284 0.259106 -0.465956 -0.270541 -0.287727 -0.502366 0.247403 0.198740 0.027544 -0.174749 -0.065382 -0.175477 0.497953 0.449953 0.036096 -0.181131 0.072874 -0.087448 0.218169 -0.177905 0.166864 0.298916 -0.057520 0.017466 0.290853 -0.149648 0.215545 0.064422 0.172709 -0.166317 -0.202579 -0.157937 0.053346 -0.274516 0.275806 -0.303169 0.114379 0.489176 0.360144 0.340011
-0.043330 -0.238502 -0.132252 -0.190864 -0.119190 -0.352049 -0.239818 -0.147332 -0.037328 -0.045434 0.206671 0.348723 0.118248 0.270749 0.001185 0.115190 0.485408 0.330036 0.193839 -0.166085 -0.117268 -0.238134 -0.555080 -0.128234 0.005716 0.023582 -0.306297 -0.480821 1.000000 0.439362 0.392697 0.402707 0.375181 0.439041 0.037958 -0.209476 0.238824 0.074792 -0.302336 -0.334428 0.054488 -0.187822 0.301454 0.252026 0.272106 0.122476 0.271936 0.172950 -0.281799 0.124662 -0.190421 -0.169890 0.027536 0.172718 -0.239859 0.063152 0.065262 -0.103369 0.004951 -0.144000 0.114076 -0.000553 0.314418 0.166655 0.081481 0.017095 -0.164358 -0.344403 -0.282996 -0.574015 0.254755 -0.011050 0.528205 0.252826 0.289471 0.139824 0.257430 -0.067950 0.506514 0.207719 0.648243 0.643966 -0.165677 0.182190 0.260585 0.181026 -0.039086 0.022717 -0.513148 -0.588043 -0.448881 -0.326883 -0.427307 -0.370042 -0.195885 0.534173 -0.192769 -0.170132 0.155218 0.109437 -0.207178 0.019000 -0.244838 -0.278178 -0.280365 0.111980 -0.091294 -0.026860 0.071896 0.296963 -0.286784 0.351323 -0.382803 -0.171777 -0.136193 -0.142541
0.211194 0.096791 -0.327732 -0.523957 -0.651375 -0.615517 0.041219 -0.297984 -0.633904 -0.618853 0.244347 0.146895 -0.051760 -0.103041 -0.389507 -0.370716 0.353912 0.756004 0.155701 0.050605 -0.472327 -0.407993 -0.354884 -0.271804 -0.414446 -0.521136 -0.495703 -0.453192 0.439362 1.000000 0.534242 0.242177 0.254429 0.020079 -0.039891 -0.000505 0.031548 0.570829 0.002642 0.073611 0.426407 0.273979 0.451612 0.438850 0.367257 0.315491 0.332299 0.312918 0.052465 0.172875 -0.088391 -0.023108 -0.217536 0.279100 -0.131161 0.292223 0.233096 0.293660 -0.031460 -0.044733 -0.097893 -0.049946 0.219907 0.335472 0.026986 -0.238443 -0.008006 -0.124840 0.101205 -0.368572 0.166807 0.250718 -0.163807 0.314111 0.653251 -0.367629 0.280628 -0.117989 0.424287 0.619534 0.379659 0.662308 -0.288704 -0.013195 0.155817 0.128835 0.327380 0.408694 -0.606802 -0.535146 -0.233103 -0.201761 -0.424021 -0.338779 -0.107134 0.378050 -0.006300 -0.003456 0.265925 0.197874 -0.155183 0.092085 -0.097894 -0.070263 -0.068890 0.201883 0.152784 0.164172 0.074495 0.409238 -0.190996 0.208400 -0.044650 -0.229431 -0.250060 -0.174337
0.079352 0.078297 0.039266 0.032290 -0.337335 -0.257088 0.154848 0.097195 -0.321301 -0.361573 0.217473 0.273168 0.083163 -0.034391 -0.136532 -0.170173 0.037779 0.412423 0.003161 -0.088437 -0.245723 -0.261225 0.083816 0.214891 0.075786 -0.117746 -0.301363 -0.220215 0.392697 0.534242 1.000000 0.683586 0.101037 0.115755 -0.058652 0.135101 0.087756 0.177924 -0.224200 -0.137292 0.239310 0.017987 0.153014 0.154593 0.174652 0.092041 0.166265 0.048782 -0.200646 -0.153538 -0.062467 -0.209909 -0.264926 0.144683 -0.257299 -0.159785 -0.058722 -0.153579 -0.155206 -0.242111 -0.025012 -0.204466 0.051318 0.056180 0.229986 -0.011179 -0.072230 0.015264 -0.149510 -0.363707 -0.056151 0.080538 -0.226860 0.004456 0.374746 -0.146815 0.106823 -0.176121 0.313243 0.376826 0.245310 0.343620 -0.216458 0.095733 0.196720 0.294365 0.135596 0.150879 -0.446233 -0.425651 -0.376901 -0.413456 -0.303808 -0.364766 -0.212801 0.200054 -0.086696 -0.149174 -0.117204 -0.147170 -0.159793 0.028246 -0.114055 -0.123048 -0.067114 0.062814 0.020847 0.110517 0.099196 0.166126 0.002274 0.075460 -0.350140 -0.135813 -0.141380 -0.100906
-0.258282 -0.155002 0.097277 0.290414 -0.071787 -0.001153 -0.003592 0.123662 -0.015510 -0.069366 0.137118 0.191611 0.099116 0.044751 0.126820 0.036331 0.031477 0.075376 -0.093102 -0.111957 0.029951 0.018687 0.168668 0.519356 0.301510 0.256957 -0.113543 -0.038730 0.402707 0.242177 0.683586 1.000000 -0.150194 0.377253 -0.031315 0.061087 0.218179 0.123519 -0.028411 -0.050819 0.087483 0.107572 -0.084913 -0.090610 0.005997 -0.126281 0.089747 -0.040945 -0.409175 -0.267220 -0.001846 -0.324798 -0.159725 0.112832 -0.176646 -0.034035 -0.206528 -0.249898 -0.294577 -0.336770 -0.134810 -0.322896 -0.038203 -0.038052 0.178354 0.118736 -0.186652 -0.022199 -0.157546 -0.254889 -0.172748 0.114065 0.044145 0.116825 0.152373 0.096598 -0.065377 -0.201738 0.339760 0.160038 0.254754 0.291602 -0.123574 0.105144 0.232718 0.103527 -0.022750 -0.068247 -0.316620 -0.448336 -0.348135 -0.500513 -0.293102 -0.339093 -0.078601 0.298879 0.092860 -0.002607 -0.200112 -0.214572 -0.130094 0.049874 -0.145778 -0.065402 -0.103647 0.120423 -0.114908 0.069106 0.019101 0.210305 0.113211 0.159890 -0.359979 -0.057679 -0.130991 -0.029959
0.335932 0.090587 -0.084036 -0.341159 -0.171395 -0.328032 0.010914 -0.065874 -0.155403 -0.168171 0.196766 0.256172 0.169069 0.199731 -0.101127 -0.012674 0.338933 0.291786 0.056099 -0.113628 -0.193988 -0.246918 -0.279508 -0.303914 -0.212663 -0.197639 -0.229122 -0.307157 0.375181 0.254429 0.101037 -0.150194 1.000000 0.380417 0.162206 -0.152214 0.038580 0.018201 -0.113600 -0.260110 0.016040 0.024380 0.088970 0.047727 0.083584 -0.014839 -0.183492 -0.117847 -0.114862 -0.113775 -0.032898 -0.236617 -0.016093 -0.139306 -0.006667 -0.174770 0.197906 0.199752 0.148108 0.078207 0.317681 0.351653 0.415950 0.349162 0.186859 0.108926 -0.034229 -0.202418 -0.032649 -0.202130 0.216144 -0.127176 0.288068 0.199580 0.376713 0.041480 0.294090 -0.016245 0.192568 0.144895 0.221972 0.290317 -0.178957 -0.003979 0.052784 -0.081596 0.059326 0.139043 -0.223187 -0.182775 -0.175505 -0.092263 -0.104780 -0.034050 -0.277032 0.071170 -0.255544 -0.268843 0.113167 -0.043905 -0.000202 0.187376 0.056366 0.005452 -0.082056 0.020046 0.354124 0.207219 -0.102772 -0.011102 -0.244930 0.078285 -0.106828 -0.312180 -0.315821 -0.339354
-0.331385 -0.229301 0.174261 -0.054261 0.216876 0.011383 -0.299588 0.019772 0.298612 0.297858 0.047336 0.225256 0.255507 0.341973 0.334995 0.255910 0.009521 -0.128283 -0.256772 -0.367064 0.149817 -0.144910 -0.131312 0.242267 0.404868 0.388007 -0.000361 -0.164307 0.439041 0.020079 0.115755 0.377253 0.380417 1.000000 0.300271 0.086304 0.244776 -0.029581 -0.258044 -0.346053 -0.173958 -0.102006 -0.084424 -0.090721 0.065428 -0.083149 0.012166 -0.069227 -0.312339 -0.211914 0.195717 -0.218335 0.259027 0.014828 -0.109217 -0.067949 -0.323880 -0.326389 -0.142373 -0.170991 0.076219 -0.015080 0.215008 0.204392 0.021603 0.226778 -0.073708 -0.079828 -0.390272 -0.349747 -0.095381 -0.109830 0.450293 0.206685 -0.001304 0.386287 0.078873 -0.097726 0.245390 -0.051979 0.256919 0.285229 -0.179374 0.013065 0.152013 -0.197094 -0.358663 -0.247732 -0.293129 -0.451725 -0.257533 -0.269077 -0.061118 -0.094252 -0.357959 0.317831 -0.124209 -0.284469 -0.074223 -0.189587 -0.151213 0.055053 -0.218198 -0.191658 -0.337997 -0.082458 -0.036670 0.020300 -0.091147 0.001641 0.046427 0.367397 -0.181064 -0.198249 -0.168715 -0.206106
-0.331603 0.063986 0.307027 -0.079520 -0.070932 -0.117989 -0.119700 -0.126595 0.002115 -0.006160 0.089306 0.122132 0.087542 0.178744 -0.156274 -0.084474 -0.040381 0.057258 -0.069994 -0.128156 -0.016973 -0.100019 0.199481 -0.144860 0.094255 0.107707 -0.158345 0.005552 0.037958 -0.039891 -0.058652 -0.031315 0.162206 0.300271 1.000000 0.497095 0.132155 0.103493 -0.308347 -0.384172 0.050451 0.039944 -0.071610 0.037119 0.112835 0.122024 0.083835 -0.072974 -0.067777 0.031171 0.336407 0.242946 0.232059 0.340283 -0.331562 -0.146733 -0.300909 -0.336973 -0.351619 -0.330549 -0.276295 -0.209223 -0.113259 -0.120965 -0.090213 0.226606 -0.081028 0.148221 -0.193354 -0.102456 0.051735 -0.073911 0.130200 0.104511 0.171000 0.260525 0.357661 0.383266 -0.202807 -0.002253 -0.091128 -0.099307 -0.413311 -0.350756 0.174901 0.049978 -0.181062 -0.336395 -0.057357 -0.228963 -0.155736 0.078492 0.173761 0.144029 0.069882 0.146823 -0.138056 0.113124 -0.208475 -0.155773 -0.021019 0.011034 -0.093241 -0.027001 0.085321 -0.006343 -0.200335 0.068603 0.125170 0.010130 0.314016 0.246626 -0.002456 0.187754 0.250764 0.165861
-0.368802 0.137921 0.344075 -0.100143 -0.223042 -0.139673 -0.123408 0.034554 -0.182023 -0.173067 -0.193430 -0.109309 -0.259642 -0.026926 -0.289133 -0.250748 -0.309788 0.028029 -0.119280 0.152423 -0.173179 -0.028237 0.299316 -0.054546 0.095520 -0.018642 -0.160686 0.110337 -0.209476 -0.000505 0.135101 0.061087 -0.152214 0.086304 0.497095 1.000000 -0.010226 0.211083 -0.243453 -0.241951 0.226329 0.142979 0.091736 0.196430 0.283105 0.459162 0.303185 0.150214 0.071626 0.076136 0.266742 0.420674 -0.002212 0.353861 -0.482884 -0.141794 -0.414179 -0.342821 -0.393334 -0.133031 -0.521851 -0.176533 -0.412098 -0.174160 -0.372362 0.160947 0.153805 0.555130 -0.081135 0.163966 -0.012599 0.014286 -0.270301 0.015840 0.122993 0.000719 0.276713 0.355700 -0.185843 0.035398 -0.254347 -0.017643 -0.255828 -0.349171 0.011924 -0.177001 -0.146852 -0.176542 -0.208993 -0.371780 0.113416 0.141835 0.205611 0.137165 0.146019 -0.101839 -0.005033 0.065545 -0.297016 -0.189014 -0.145644 -0.175896 -0.140050 -0.037080 0.097548 -0.142836 -0.220376 0.039831 0.124904 -0.136972 0.686959 0.106748 -0.065619 0.265512 0.439707 0.312796
