1.000000 0.422016 -0.364924 -0.183965 -0.309908 -0.294506 0.270108 -0.174396 -0.228723 -0.125103 0.435223 0.081871 0.128724 -0.077847 0.133792 -0.009306 -0.004754 0.034093 0.260695 0.249201 -0.165566 -0.378802 -0.059095 -0.022558 -0.467304 -0.425064 -0.227248 -0.244020 0.116330 -0.084231 -0.049729 -0.217174 0.111512 -0.217618 -0.401787 -0.477163 0.093310 0.137134 0.050856 0.072395 -0.265298 -0.152377 -0.167497 -0.389736 -0.142263 -0.345895 -0.035075 -0.150392 -0.071933 -0.079996 -0.291413 -0.183411 0.247126 0.156939 0.342181 0.005623 0.276481 0.120583 0.556470 0.155227 0.552024 0.236302 0.103662 0.086535 -0.027505 -0.062895 0.112396 -0.435151 0.072042 0.079983 0.007323 -0.165554 -0.058664 -0.113794 0.181003 0.051074 0.060057 -0.064625 -0.239246 -0.103871 0.075234 -0.011239 0.355439 0.174767 0.102352 0.054676 0.251885 0.251508 0.253989 0.116293 0.320237 0.065805 -0.181674 -0.099486 -0.024876 0.180602 0.065092 -0.079281 0.279060 0.082424 -0.105515 -0.004235 -0.073327 -0.006353 0.114360 0.133972 0.155382 -0.052130 0.140140 0.166045 -0.267377 0.101771 0.009685 0.106460 -0.201621 0.196206
0.422016 1.000000 -0.340434 -0.044263 -0.256714 -0.190767 -0.034156 -0.132518 -0.110864 -0.025683 0.180671 0.152090 0.002648 0.100125 0.371559 0.100277 -0.218291 0.181391 0.199563 0.268273 -0.015505 -0.240070 0.027958 -0.028512 -0.121089 -0.238814 -0.073929 -0.037635 0.099774 0.037264 -0.238399 -0.199626 -0.287771 -0.212622 -0.155476 -0.240612 -0.169218 0.029433 -0.045054 0.099888 -0.276267 -0.028628 -0.093948 -0.363559 -0.108026 -0.256510 -0.129301 -0.171519 -0.167305 0.038104 -0.136712 0.033009 0.352553 0.214693 0.232865 -0.027329 -0.139737 0.113311 0.320553 0.372657 0.082578 0.464685 -0.039034 0.207430 -0.157536 0.010826 0.148487 -0.149004 0.259411 0.179410 0.052426 -0.096753 -0.249826 0.044449 -0.062358 0.091119 -0.092198 0.009187 -0.328922 -0.117331 -0.102391 -0.098446 0.204610 0.201236 0.117740 -0.050766 0.169884 0.227991 -0.062059 0.039391 0.133480 0.171643 -0.113351 -0.114343 -0.010802 0.086055 -0.111058 0.005572 0.088240 -0.029682 -0.150856 -0.144862 -0.077583 -0.070518 -0.030790 -0.079434 -0.023356 -0.292091 0.038995 0.318829 -0.214320 0.062835 0.006581 0.024162 -0.195755 0.205842
-0.364924 -0.340434 1.000000 0.508760 0.116416 0.339062 0.348724 0.508633 -0.125739 -0.024745 -0.375982 -0.107646 -0.384914 -0.257158 -0.476642 -0.240740 -0.140029 -0.241185 -0.040303 -0.169776 -0.080073 0.148913 0.344459 0.351373 0.321063 0.455047 0.003949 0.223683 -0.433848 -0.259682 0.240666 0.342247 -0.225473 0.114541 0.221266 0.253210 -0.182698 -0.234391 -0.198323 -0.034430 -0.157815 -0.239419 0.168242 0.307319 -0.050699 0.043303 0.005217 0.038536 0.345637 0.073649 0.549272 0.275513 0.071305 -0.031513 -0.134375 -0.085491 -0.075494 -0.240759 -0.264593 -0.090533 -0.427573 -0.318106 -0.342811 -0.300700 0.138070 0.064375 0.041428 0.263831 -0.236138 -0.157081 -0.171737 -0.183121 -0.239134 -0.249913 -0.395473 -0.218796 -0.316999 -0.348587 -0.034452 -0.239352 -0.341436 -0.288723 -0.265806 -0.389081 -0.152606 -0.008717 0.013525 -0.203878 -0.021735 -0.004551 -0.086395 -0.245013 0.155191 0.026065 0.018928 -0.070532 0.028539 0.048701 -0.095342 -0.031853 -0.181258 -0.315406 -0.243362 -0.205257 -0.277010 -0.188516 0.029642 0.143871 -0.039515 -0.331263 0.074221 -0.143559 -0.062430 -0.194272 0.129007 0.110148
-0.183965 -0.044263 0.508760 1.000000 -0.124864 0.494594 -0.092439 0.546065 -0.212134 0.176187 -0.661249 -0.081512 -0.639835 -0.343819 -0.327639 -0.094814 -0.337679 -0.351929 -0.073570 -0.280068 -0.057323 0.234625 0.522348 0.616858 0.075841 0.588524 0.059490 0.404921 -0.659000 -0.391991 -0.112921 0.299996 -0.332065 -0.283850 0.173485 0.343563 -0.313240 -0.273317 -0.339437 0.285436 -0.420984 -0.263287 0.116723 0.162568 -0.191778 -0.136552 -0.018285 0.067623 0.145297 0.103156 0.571548 0.451269 0.173721 0.179939 0.184955 0.082000 0.003803 -0.298951 -0.047386 0.180939 -0.476222 0.000337 -0.506705 -0.602206 0.167565 0.322449 0.056498 0.240989 -0.144076 -0.251244 -0.130064 -0.144203 -0.671901 -0.304721 -0.337933 -0.155115 -0.193426 -0.392524 -0.182973 -0.472287 -0.342495 -0.544003 -0.269923 -0.434179 0.053134 0.143676 0.080171 0.019821 0.459472 0.491146 -0.106837 -0.142390 0.151124 -0.138002 -0.149728 -0.286158 -0.089072 -0.030082 -0.101419 -0.052970 -0.303287 -0.451871 -0.431408 -0.404530 -0.374241 -0.350233 0.004220 -0.022639 -0.127833 -0.332562 -0.143252 -0.292204 -0.254970 -0.190796 -0.093893 -0.006082
-0.309908 -0.256714 0.116416 -0.124864 1.000000 0.188720 -0.057159 0.189381 0.651893 0.404606 0.026681 0.083260 0.241394 0.364650 -0.061392 0.411722 0.206297 -0.117648 -0.110525 -0.101909 0.210629 0.362888 -0.453320 -0.428027 0.386793 0.014900 0.619726 0.189870 0.190138 0.283636 -0.019811 -0.198688 0.062355 0.265112 -0.030469 0.180978 0.131029 -0.166726 -0.165667 -0.200804 0.276966 0.259558 -0.066803 -0.054531 0.169301 0.341037 -0.241153 -0.225560 0.233748 0.064038 -0.002994 0.110443 -0.085264 -0.252418 -0.339040 -0.269951 -0.125928 -0.278253 -0.062469 -0.219413 0.078631 -0.092042 0.051196 -0.143551 -0.008199 0.234215 0.044221 0.304417 -0.059345 0.125471 0.060327 0.376418 0.287062 0.328981 0.225671 0.338350 -0.114776 0.019035 0.091416 -0.028462 -0.009324 0.008771 -0.178355 0.192935 -0.345669 -0.235369 -0.343249 -0.126674 -0.247825 -0.170454 -0.185514 -0.331539 0.053547 -0.174206 -0.166935 -0.166165 -0.398448 -0.224116 -0.352022 -0.298223 -0.033420 -0.093815 -0.216770 -0.079153 -0.160074 -0.069835 -0.251418 -0.111507 -0.081251 -0.264221 0.040357 -0.199254 -0.236812 -0.260364 0.129098 -0.288701
-0.294506 -0.190767 0.339062 0.494594 0.188720 1.000000 -0.263328 0.080478 0.249448 0.250675 -0.325892 -0.066776 -0.381678 -0.203588 0.000742 0.348377 -0.155522 -0.281801 -0.293624 -0.370766 -0.059480 0.574837 0.366366 0.397227 0.347147 0.725754 0.390385 0.740026 -0.295115 -0.216824 -0.050542 0.316247 -0.029088 0.061566 -0.007789 0.228780 -0.354934 -0.400990 -0.289578 -0.002083 -0.190831 0.107902 0.040647 0.128692 0.005379 -0.051451 -0.119224 -0.027395 0.259959 0.137267 0.473195 0.262812 0.005676 0.033028 -0.307616 -0.098217 -0.149979 -0.238412 -0.106597 0.037861 -0.333182 -0.133012 -0.355564 -0.346934 0.160289 0.090079 -0.060888 0.214191 -0.144979 -0.114077 -0.048685 0.160086 -0.282742 0.062305 -0.110596 -0.073990 -0.082789 -0.178658 0.070292 -0.118779 -0.325650 -0.360895 -0.425207 -0.352119 0.071552 0.330310 -0.043952 -0.100314 0.233351 0.071756 -0.192671 -0.159214 0.014630 0.030454 -0.045239 -0.298601 0.043625 -0.165870 -0.133643 -0.150898 0.010706 -0.059629 -0.126177 0.016565 -0.221652 -0.220980 -0.177150 -0.145579 -0.065256 -0.343752 0.151224 -0.315945 -0.117293 -0.157012 -0.097032 -0.163722
0.270108 -0.034156 0.348724 -0.092439 -0.057159 -0.263328 1.000000 0.172846 -0.262449 -0.323996 0.270109 -0.009509 0.185464 -0.087768 -0.270617 -0.278468 -0.080018 0.060940 0.350965 0.161604 -0.114529 -0.291306 -0.038529 0.037240 -0.257573 -0.171881 -0.302003 -0.350856 -0.084089 -0.037412 0.346908 0.194856 -0.133567 -0.010484 -0.109838 -0.121678 0.196037 0.031937 -0.004846 -0.219973 0.040873 -0.336985 -0.000401 -0.034529 -0.026119 -0.079397 0.054462 -0.066264 -0.107382 -0.191964 -0.107074 -0.297790 -0.048449 -0.104330 0.093826 -0.179857 -0.047788 0.091846 0.034246 -0.224971 0.303410 -0.146077 0.184108 0.107783 0.246566 -0.117206 -0.073558 -0.222326 -0.076406 0.013709 -0.022032 -0.432841 0.131691 -0.327466 -0.130261 -0.029864 -0.129427 -0.198452 -0.118481 -0.058433 -0.063788 0.126094 0.203373 0.105541 -0.114228 -0.026927 0.132355 0.045673 -0.025883 -0.159872 0.055094 -0.182668 -0.027860 0.135486 -0.025146 0.059132 0.132707 -0.108497 0.141826 -0.054291 -0.025790 -0.020492 -0.005392 -0.059758 -0.069776 0.072697 0.182644 0.083123 -0.006765 -0.076859 0.001089 0.094253 0.116816 0.057391 0.003035 0.130973
-0.174396 -0.132518 0.508633 0.546065 0.189381 0.080478 0.172846 1.000000 -0.098824 0.397863 -0.240216 0.161873 -0.233738 0.156372 -0.430578 -0.173762 -0.019532 -0.082858 -0.256623 -0.352705 -0.171585 -0.038879 0.061587 0.165186 -0.109615 0.051453 0.034149 0.003416 -0.358925 -0.113677 0.051256 0.142720 -0.215398 0.080032 0.266153 0.338933 -0.070253 -0.179104 -0.295577 0.132677 -0.172585 -0.255487 -0.134153 -0.008552 -0.227912 0.016271 -0.259527 -0.272359 0.074441 -0.101518 0.306702 0.222424 -0.121537 -0.313640 -0.100823 -0.184154 -0.070546 -0.383778 -0.214181 -0.105773 -0.163661 0.009143 -0.110516 -0.439731 0.273784 0.597282 0.025355 0.406850 -0.314848 -0.204484 0.021331 -0.189907 -0.188190 -0.274636 -0.256089 -0.010257 -0.187568 -0.278332 -0.053164 -0.303205 -0.089332 -0.265865 -0.126509 -0.121327 -0.125871 -0.181769 -0.172328 0.028080 0.141531 0.149733 -0.324583 -0.435904 0.343541 -0.153244 -0.061262 -0.141428 -0.386336 -0.146495 -0.436224 -0.365668 -0.289839 -0.450909 -0.410828 -0.393922 -0.379704 -0.234929 0.013475 0.176426 -0.050669 -0.430494 -0.275704 -0.449956 -0.306113 -0.275960 0.117696 0.108234
-0.228723 -0.110864 -0.125739 -0.212134 0.651893 0.249448 -0.262449 -0.098824 1.000000 0.462531 0.166725 0.188217 0.290678 0.366461 0.268344 0.544486 0.137504 0.038879 -0.068989 -0.137503 -0.153786 0.166015 -0.183249 -0.269835 0.434687 0.083580 0.367077 0.178216 0.099035 0.148162 -0.209233 -0.210397 0.003592 0.037408 -0.211501 -0.051733 -0.081106 -0.279388 -0.011332 -0.311118 0.064466 0.238509 -0.165153 -0.140871 -0.011443 0.062486 -0.293906 -0.258233 0.147235 0.078006 0.046489 0.215291 -0.136092 -0.188686 -0.227641 -0.142350 -0.106800 -0.250794 -0.007075 -0.156619 0.138056 0.017469 -0.042166 -0.130003 0.043495 0.224538 -0.075074 0.111702 0.040112 0.205949 0.047790 0.301722 0.066071 0.262705 0.157394 0.113591 -0.020768 -0.007415 0.088417 0.093597 -0.113664 -0.067251 -0.401981 -0.078293 -0.262121 -0.061613 -0.236104 -0.063521 -0.033563 -0.005644 -0.182301 -0.183592 0.195962 0.018816 -0.156582 -0.190638 -0.256994 -0.126852 -0.350645 -0.266368 0.180867 0.045398 -0.052293 0.078423 0.001958 0.047494 -0.239640 -0.125098 -0.130094 -0.077101 0.094400 -0.314674 -0.148277 -0.210740 0.099943 -0.315946
-0.125103 -0.025683 -0.024745 0.176187 0.404606 0.250675 -0.323996 0.397863 0.462531 1.000000 -0.086346 0.123476 0.014026 0.530687 -0.006779 0.434704 0.205385 -0.028651 -0.302787 -0.334017 -0.141879 0.077976 -0.247731 -0.175454 0.197173 0.024187 0.134089 0.093627 -0.073609 -0.202881 -0.193904 -0.160711 -0.096589 0.135328 0.045957 0.192513 -0.068574 -0.292223 -0.147800 0.003757 -0.059350 0.048612 -0.205280 -0.216452 -0.159975 0.001217 -0.355845 -0.336080 0.073314 -0.072875 0.168710 0.205532 -0.095223 -0.328405 -0.234663 -0.185440 -0.015219 -0.270358 0.024514 -0.017893 0.068957 0.387354 0.116729 -0.261973 0.195547 0.693798 0.016697 0.301756 -0.136752 -0.117336 -0.008555 0.182735 -0.144839 0.083180 0.026376 0.100784 -0.037254 -0.087875 0.111956 0.039456 0.070991 -0.143681 -0.294677 -0.181373 -0.156742 -0.263371 -0.210780 -0.105187 0.142648 0.083598 -0.189973 -0.368720 0.124961 -0.165607 -0.091935 -0.291658 -0.435647 -0.116985 -0.496427 -0.402700 -0.051676 -0.213989 -0.252427 -0.143284 -0.100662 -0.112933 -0.083076 -0.050303 -0.089029 -0.287219 -0.187034 -0.488325 -0.157512 -0.242674 0.007808 -0.140545
0.435223 0.180671 -0.375982 -0.661249 0.026681 -0.325892 0.270109 -0.240216 0.166725 -0.086346 1.000000 0.421285 0.677565 0.402421 0.457798 0.213094 0.303236 0.437998 0.092794 0.162569 -0.313946 -0.330070 -0.284077 -0.342900 -0.304326 -0.578848 -0.082849 -0.231342 0.601795 0.320206 0.088569 -0.157128 0.168047 0.178705 -0.345206 -0.466270 0.199041 0.075959 0.058798 -0.418570 0.211949 0.044609 -0.191343 -0.277182 -0.007550 -0.101587 -0.090094 -0.239179 -0.078716 -0.136341 -0.541414 -0.408946 -0.170056 -0.260156 -0.237487 -0.262415 -0.140499 0.034082 0.037668 -0.234775 0.497734 0.081254 0.360115 0.322924 0.107753 -0.052279 -0.291529 -0.360851 -0.065645 0.105620 0.183037 0.039786 0.448144 0.135160 0.178967 0.221259 0.226015 0.225125 0.179382 0.335323 0.275167 0.366133 0.348876 0.378478 0.096447 -0.015097 -0.040062 0.169229 -0.159985 -0.362794 -0.071482 -0.136088 -0.036967 0.066441 -0.116893 0.105772 -0.097184 -0.264910 -0.036091 -0.230213 0.069533 0.073977 0.076262 -0.015955 0.142988 0.233299 0.041441 -0.045917 -0.080640 0.212296 -0.006158 0.038906 0.099483 0.028422 0.032008 -0.048076
0.081871 0.152090 -0.107646 -0.081512 0.083260 -0.066776 -0.009509 0.161873 0.188217 0.123476 0.421285 1.000000 0.385770 0.511844 0.342414 0.318198 0.074462 0.447752 -0.089178 -0.052013 -0.365314 -0.296923 0.055480 0.039147 -0.195440 -0.252580 0.038252 0.029634 0.234874 0.317192 -0.129013 0.038091 -0.164736 0.071057 0.118830 -0.046488 0.199815 -0.133050 -0.120916 -0.429793 0.179114 -0.010394 -0.173314 -0.271920 -0.309250 -0.188968 -0.324550 -0.435440 -0.190216 -0.310045 -0.239118 -0.160981 -0.199149 -0.437625 -0.232109 -0.231965 -0.097595 -0.308302 -0.202246 -0.329916 0.122059 0.079892 0.022570 -0.028810 0.178768 0.279109 -0.349753 -0.127019 -0.172747 -0.093736 0.057903 -0.230731 0.111895 -0.173622 0.184115 0.242921 0.170197 0.131263 0.092365 0.045069 0.217342 0.182291 0.130645 0.266256 0.237898 0.167863 -0.091654 0.176197 0.009396 -0.081421 -0.353648 -0.363742 0.217082 -0.062767 -0.182635 -0.064919 -0.349554 -0.175950 -0.389363 -0.426511 -0.160696 -0.212559 -0.169806 -0.120172 -0.087905 -0.075250 -0.145456 -0.094923 -0.219222 -0.061664 0.067448 -0.268078 -0.119041 -0.137315 0.194349 -0.155734
0.128724 0.002648 -0.384914 -0.639835 0.241394 -0.381678 0.185464 -0.233738 0.290678 0.014026 0.677565 0.385770 1.000000 0.447044 0.413398 0.331467 0.322318 0.411873 0.199414 0.328416 -0.097911 -0.323130 -0.437132 -0.471375 -0.136460 -0.489752 -0.015765 -0.310754 0.669537 0.328266 0.088562 -0.118474 0.193780 0.205988 -0.186373 -0.213745 0.385857 0.050777 0.310936 -0.363397 0.553565 0.234442 -0.370734 -0.323305 -0.162381 -0.092053 -0.167143 -0.273067 -0.279087 -0.416281 -0.697961 -0.553662 -0.410829 -0.451532 -0.190343 -0.022959 -0.094761 0.066929 -0.088879 -0.457409 0.512216 -0.071606 0.451301 0.370594 0.016457 -0.126192 -0.268269 -0.226406 0.135524 0.330525 0.093465 -0.115147 0.551231 0.000321 0.523533 0.429789 0.305177 0.268729 0.232706 0.480819 0.464919 0.518886 0.237546 0.483778 0.029642 -0.064733 -0.201651 0.137243 -0.227419 -0.349737 -0.184685 -0.275186 -0.001989 -0.019086 -0.217494 0.114616 0.021327 -0.248076 -0.123644 -0.259248 0.086739 0.137391 0.072136 -0.044418 0.145184 0.258854 -0.013043 0.033589 -0.244771 0.147739 0.138299 0.047389 0.184183 0.115717 0.159913 -0.316525
-0.077847 0.100125 -0.257158 -0.343819 0.364650 -0.203588 -0.087768 0.156372 0.366461 0.530687 0.402421 0.511844 0.447044 1.000000 0.278135 0.452422 0.311522 0.380606 -0.232462 -0.189573 -0.151257 -0.105309 -0.394800 -0.395627 -0.092431 -0.354204 0.177114 -0.133002 0.362443 0.272273 -0.062402 -0.156108 -0.043832 0.252899 -0.058715 -0.031981 0.166890 -0.122001 -0.052624 -0.311686 0.296020 0.188343 -0.215944 -0.412234 -0.103628 0.111852 -0.450459 -0.467894 -0.177844 -0.186616 -0.321539 -0.158293 -0.217581 -0.451466 -0.345134 -0.400646 -0.207788 -0.287013 -0.073420 -0.203833 0.354397 0.510223 0.470364 0.210820 0.055290 0.461458 -0.158188 0.096886 -0.109754 -0.048722 0.251554 0.126106 0.320792 0.208981 0.177431 0.273296 0.082722 0.228598 0.170882 0.163664 0.300198 0.211329 0.074193 0.302882 -0.009966 -0.285318 -0.171013 0.107520 -0.169852 -0.240407 -0.209902 -0.301009 0.056828 -0.086552 -0.122112 -0.188529 -0.508175 -0.229674 -0.501357 -0.479622 -0.029057 -0.055342 -0.084205 -0.074133 -0.104557 -0.223796 -0.124305 -0.120211 -0.175099 -0.060828 -0.058424 -0.311560 -0.211011 -0.158705 0.058816 -0.154935
0.133792 0.371559 -0.476642 -0.327639 -0.061392 0.000742 -0.270617 -0.430578 0.268344 -0.006779 0.457798 0.342414 0.413398 0.278135 1.000000 0.437228 0.140419 0.351658 0.156931 0.271474 -0.114050 -0.102164 0.089672 -0.001392 -0.076847 -0.121014 0.079835 0.198263 0.507711 0.276348 -0.203819 -0.014417 0.021704 0.024453 -0.164274 -0.475085 -0.018660 -0.079467 -0.015336 -0.263269 0.180784 0.297286 -0.232481 -0.485410 -0.149309 -0.341143 -0.183280 -0.324840 -0.229326 -0.139265 -0.345563 -0.231642 -0.036199 -0.075289 -0.120245 -0.097851 -0.197049 -0.008123 -0.095073 -0.045495 0.103263 0.192352 0.168453 0.330509 -0.094287 -0.162357 -0.249519 -0.286889 0.160653 0.190152 0.053588 0.166892 0.205844 0.267438 0.289675 0.325637 0.229408 0.334597 0.148163 0.213417 0.280082 0.297253 0.381406 0.347350 0.390277 0.110582 0.167790 0.217480 0.000564 -0.183947 -0.161831 -0.124759 -0.167458 -0.174412 -0.274146 0.088583 -0.120516 -0.293273 -0.021484 -0.174251 -0.027522 -0.020441 0.009753 -0.063834 0.043590 -0.008569 -0.131400 -0.348163 -0.184404 0.216478 -0.022823 0.016973 0.127705 0.018311 -0.052550 -0.248858
-0.009306 0.100277 -0.240740 -0.094814 0.411722 0.348377 -0.278468 -0.173762 0.544486 0.434704 0.213094 0.318198 0.331467 0.452422 0.437228 1.000000 -0.056706 0.003941 0.003625 -0.029011 -0.125254 0.116356 -0.124671 -0.096155 0.141845 0.098048 0.489518 0.346326 0.135623 0.139857 -0.298480 -0.202232 -0.084296 -0.084882 -0.236439 -0.010907 -0.180647 -0.308210 -0.032831 -0.314452 0.037228 0.119199 -0.232826 -0.305756 -0.052907 -0.014794 -0.411497 -0.318465 0.069810 0.026986 -0.101367 0.071983 0.077762 -0.089045 -0.144272 -0.218854 -0.193346 -0.253000 0.099305 -0.053637 0.139197 0.174410 0.067430 -0.052163 -0.024355 0.217205 -0.014852 0.079029 0.178280 0.235643 0.063647 0.229730 0.020349 0.283048 0.211488 0.287640 -0.080669 0.017357 0.099885 0.110982 -0.032985 -0.096942 -0.200945 0.121081 -0.025679 0.010169 -0.135873 0.102156 0.041376 -0.107275 -0.043515 -0.155246 -0.029075 -0.119884 -0.356556 -0.400725 -0.250695 -0.400754 -0.269726 -0.401359 0.117222 -0.145089 -0.171979 -0.053233 -0.092104 -0.080403 -0.240803 -0.263426 -0.354257 0.015510 0.210081 -0.337115 -0.152364 -0.215636 -0.218333 -0.475160
-0.004754 -0.218291 -0.140029 -0.337679 0.206297 -0.155522 -0.080018 -0.019532 0.137504 0.205385 0.303236 0.074462 0.322318 0.311522 0.140419 -0.056706 1.000000 0.316965 -0.222413 -0.032698 0.112201 0.061876 -0.236410 -0.315932 0.064255 -0.248074 -0.023490 0.010960 0.564157 0.263369 0.364766 0.087252 0.223169 0.429221 -0.122199 -0.265411 0.527243 0.007315 -0.098015 -0.128477 0.531265 0.413619 -0.190798 -0.147893 -0.061847 -0.073820 -0.038079 -0.175745 -0.279699 -0.283012 -0.372024 -0.497781 -0.533561 -0.367264 -0.466016 -0.128899 0.380724 0.265793 -0.307156 -0.433686 0.160493 0.045307 0.523819 0.370219 0.018293 0.034277 -0.429435 -0.220533 -0.171092 -0.220847 0.189806 0.213490 0.569705 0.233129 0.300880 0.188557 0.297650 0.282673 0.640468 0.475882 0.637256 0.566658 0.250386 0.201855 0.104974 -0.195009 -0.153755 0.055235 -0.113116 -0.340026 -0.370125 -0.354804 -0.193473 -0.269340 -0.020551 0.167779 -0.055924 -0.232756 -0.233347 -0.161621 -0.157109 0.097557 0.002455 -0.067414 -0.044870 -0.087806 -0.133918 -0.022632 0.055148 -0.195487 -0.145671 0.019471 0.122888 -0.024492 0.248101 -0.107459
0.034093 0.181391 -0.241185 -0.351929 -0.117648 -0.281801 0.060940 -0.082858 0.038879 -0.028651 0.437998 0.447752 0.411873 0.380606 0.351658 0.003941 0.316965 1.000000 -0.162197 -0.091526 -0.066942 -0.303133 0.011798 0.033951 -0.200430 -0.298547 -0.192293 -0.136739 0.366895 0.356791 0.232085 0.270291 0.134884 0.277149 0.116087 -0.273173 0.345784 0.020813 -0.037486 -0.268877 0.426552 0.175335 -0.225804 -0.202874 -0.127680 -0.263745 0.098830 -0.119350 -0.432384 -0.316157 -0.362368 -0.444179 -0.327112 -0.195928 -0.223854 -0.025041 -0.065645 0.119584 -0.391589 -0.436223 0.125699 0.236933 0.431326 0.426441 0.231291 -0.068928 -0.486967 -0.403593 -0.174737 -0.227627 0.180834 -0.222092 0.401045 -0.164069 0.139266 0.030208 0.270837 0.198397 0.435711 0.485531 0.454139 0.599981 0.133803 0.277574 0.089647 -0.070402 -0.204015 -0.117152 -0.236701 -0.327448 -0.445471 -0.200487 -0.087809 -0.127002 0.026989 0.234234 0.119873 -0.032536 -0.028810 -0.111550 -0.104558 -0.035504 0.002816 -0.086271 -0.133494 -0.031384 -0.160737 -0.301342 -0.088349 0.008901 0.147572 0.150768 0.325292 -0.139069 0.143835 -0.165562
0.260695 0.199563 -0.040303 -0.073570 -0.110525 -0.293624 0.350965 -0.256623 -0.068989 -0.302787 0.092794 -0.089178 0.199414 -0.232462 0.156931 0.003625 -0.222413 -0.162197 1.000000 0.730560 0.011248 -0.266623 -0.030448 -0.048408 -0.148561 -0.185310 -0.137114 -0.259761 0.037207 0.080864 -0.098119 -0.179909 -0.268988 -0.180733 -0.257886 -0.088117 0.133710 0.242872 0.291442 -0.012520 0.070172 -0.183185 0.009090 -0.220842 -0.153478 -0.168957 -0.118867 -0.001867 -0.055273 0.043256 -0.117083 0.039329 0.262195 0.195332 0.266519 0.037691 0.117794 0.270332 0.206623 0.148460 0.050646 -0.192640 -0.101304 0.109260 -0.330125 -0.416126 0.214996 -0.064890 0.644498 0.494148 -0.310212 -0.302654 -0.021509 -0.155730 0.042617 0.250034 -0.250413 -0.139287 -0.327226 -0.171735 -0.056929 0.064184 0.242053 0.275281 -0.087299 -0.067515 0.075202 0.193883 0.042684 -0.006936 0.320857 0.107246 0.006948 -0.127352 -0.320730 0.046149 0.058711 -0.096915 0.155028 0.105437 -0.112054 -0.098476 -0.074270 -0.170652 0.063959 0.193190 0.023008 -0.022681 -0.189117 0.209199 0.041524 0.196177 0.171987 0.108436 -0.115575 -0.115202
0.249201 0.268273 -0.169776 -0.280068 -0.101909 -0.370766 0.161604 -0.352705 -0.137503 -0.334017 0.162569 -0.052013 0.328416 -0.189573 0.271474 -0.029011 -0.032698 -0.091526 0.730560 1.000000 0.188123 -0.263090 -0.203431 -0.260332 -0.016526 -0.307132 -0.156314 -0.296097 0.401230 0.118033 -0.033259 -0.263667 -0.139310 0.048736 -0.149810 -0.210018 0.213127 0.348641 0.410472 0.048617 0.212818 -0.010290 -0.075731 -0.260473 -0.111671 -0.163717 -0.003401 -0.008460 -0.121826 -0.137368 -0.381168 -0.230811 0.163285 0.081894 0.137230 0.036709 0.146283 0.458728 0.085477 0.043725 -0.009071 -0.237521 -0.035647 0.296045 -0.483149 -0.504264 0.157522 -0.104581 0.610868 0.577848 -0.114386 -0.036909 0.144850 0.114496 0.071655 0.378029 0.027759 0.195879 -0.137494 -0.009354 0.111566 0.271008 0.488847 0.415312 0.019038 0.005543 0.095674 0.212923 -0.216477 -0.159175 0.319929 0.121420 -0.056737 -0.058371 -0.081255 0.346682 0.018164 -0.014804 0.157549 0.152510 -0.031748 0.082056 0.111200 0.001514 0.209886 0.262004 0.064378 0.042265 -0.014829 0.421999 0.019640 0.297938 0.284158 0.272229 0.160679 0.007985
-0.165566 -0.015505 -0.080073 -0.057323 0.210629 -0.059480 -0.114529 -0.171585 -0.153786 -0.141879 -0.313946 -0.365314 -0.097911 -0.151257 -0.114050 -0.125254 0.112201 -0.066942 0.011248 0.188123 1.000000 0.473993 -0.215182 -0.137925 0.136227 0.077070 0.319783 0.105589 0.171414 0.231825 0.195526 0.042153 0.254277 0.239738 0.217703 0.130131 0.161413 0.209163 0.026588 0.286559 0.373203 0.465105 0.090567 0.081056 0.152852 0.187184 0.203257 0.247944 -0.150459 -0.036975 -0.201310 -0.186659 -0.066549 0.129659 0.008667 0.178416 0.070350 0.283575 -0.155735 -0.057695 -0.188489 -0.077796 0.115490 0.164269 -0.296950 -0.354891 0.102724 0.068963 0.185342 0.146478 0.268981 0.225348 0.235217 0.371254 0.229805 0.259173 0.079463 0.270805 0.114508 0.012730 0.137095 0.215306 0.092513 0.235122 -0.113355 -0.180076 -0.126565 -0.185876 -0.277759 -0.057590 0.004027 0.075066 -0.192781 -0.115231 0.097834 0.140139 0.044008 0.092197 0.151963 0.177765 -0.051286 0.061366 0.128736 0.066008 0.004379 0.071163 0.000425 -0.177640 0.088540 0.090750 0.112854 0.475178 0.170992 0.170483 0.129564 -0.072536
-0.378802 -0.240070 0.148913 0.234625 0.362888 0.574837 -0.291306 -0.038879 0.166015 0.077976 -0.330070 -0.296923 -0.323130 -0.105309 -0.102164 0.116356 0.061876 -0.303133 -0.266623 -0.263090 0.473993 1.000000 0.081629 0.146277 0.365110 0.537100 0.585598 0.665225 -0.075134 -0.018066 0.204927 0.237498 0.087360 0.130201 0.031315 0.220636 -0.165837 -0.036808 -0.171238 0.251728 0.129610 0.449283 0.120645 0.151439 0.086818 0.210568 0.013151 0.114240 0.020043 0.150178 0.141262 0.132250 -0.092671 0.044596 -0.267672 -0.037981 -0.056372 -0.077178 -0.188095 0.036146 -0.235332 -0.054250 -0.192306 -0.168149 -0.077386 -0.037213 -0.098511 0.250840 -0.048968 -0.077827 0.224936 0.363949 -0.055793 0.272097 0.041177 0.106227 0.063517 0.142065 0.118504 -0.079197 -0.138230 -0.166903 -0.187708 -0.118595 -0.042230 0.004330 0.011356 0.020825 0.017736 0.062174 -0.164971 -0.105591 -0.161519 -0.075918 0.154923 -0.141795 -0.007694 0.001645 -0.081979 -0.036319 0.037504 0.051279 0.047585 0.113115 -0.022893 -0.119963 -0.116440 -0.110485 0.106336 -0.145495 0.120819 -0.013071 -0.204439 0.000315 -0.021262 -0.073968
-0.059095 0.027958 0.344459 0.522348 -0.453320 0.366366 -0.038529 0.061587 -0.183249 -0.247731 -0.284077 0.055480 -0.437132 -0.394800 0.089672 -0.124671 -0.236410 0.011798 -0.030448 -0.203431 -0.215182 0.081629 1.000000 0.829269 0.038244 0.491603 -0.073268 0.475811 -0.469201 -0.261608 -0.025445 0.399964 -0.220021 -0.296791 0.007780 -0.108671 -0.407227 -0.255731 -0.318657 0.051463 -0.358341 -0.136930 0.058283 0.078752 -0.270849 -0.403790 0.085405 0.148347 -0.011628 0.043291 0.362964 0.202718 0.026011 0.227281 0.085852 0.176191 0.028478 -0.057702 -0.105008 0.141230 -0.332697 -0.000786 -0.415094 -0.182592 0.107461 -0.115976 -0.199080 -0.198453 -0.185870 -0.237774 -0.086889 -0.265468 -0.461441 -0.296278 -0.212387 -0.280242 0.015231 -0.186454 -0.001478 -0.141732 -0.270353 -0.303717 -0.156458 -0.477427 0.302411 0.239062 0.276170 -0.024728 0.491498 0.352502 -0.160120 0.025411 -0.026665 -0.030951 -0.093872 -0.101955 0.261849 0.005512 0.139692 0.139557 -0.115278 -0.188132 -0.103657 -0.196215 -0.186274 -0.269943 0.134952 -0.115745 -0.101546 -0.047967 0.002309 -0.030619 0.063824 -0.039322 -0.235219 -0.030212
-0.022558 -0.028512 0.351373 0.616858 -0.428027 0.397227 0.037240 0.165186 -0.269835 -0.175454 -0.342900 0.039147 -0.471375 -0.395627 -0.001392 -0.096155 -0.315932 0.033951 -0.048408 -0.260332 -0.137925 0.146277 0.829269 1.000000 -0.184322 0.548284 -0.038689 0.455826 -0.526620 -0.285039 0.146643 0.560379 -0.127403 -0.258302 0.033784 -0.019776 -0.306911 -0.210347 -0.273017 0.107342 -0.315182 -0.209695 0.046010 0.059757 -0.275807 -0.419909 0.100169 0.119264 -0.118237 -0.042078 0.355924 0.128617 0.004414 0.141462 0.208876 0.204944 0.066809 -0.146014 -0.167499 0.000219 -0.270206 0.008511 -0.371102 -0.262940 0.179434 -0.090134 -0.288667 -0.224041 -0.249992 -0.305279 -0.088014 -0.336126 -0.463304 -0.390712 -0.162476 -0.252049 -0.017945 -0.240696 0.006509 -0.169193 -0.179908 -0.250800 -0.142414 -0.383544 0.244186 0.253349 0.270031 -0.015609 0.535299 0.371113 -0.196287 -0.109364 -0.047795 -0.095359 0.005563 -0.069807 0.264366 0.013189 0.147158 0.092035 -0.080749 -0.227521 -0.185425 -0.185611 -0.261258 -0.240762 0.083306 -0.185600 -0.020090 -0.062202 0.020474 -0.058457 -0.056375 -0.220144 -0.138981 -0.039718
-0.467304 -0.121089 0.321063 0.075841 0.386793 0.347147 -0.257573 -0.109615 0.434687 0.197173 -0.304326 -0.195440 -0.136460 -0.092431 -0.076847 0.141845 0.064255 -0.200430 -0.148561 -0.016526 0.136227 0.365110 0.038244 -0.184322 1.000000 0.475271 0.104396 0.272241 0.021315 -0.165767 0.053117 0.034270 -0.103109 0.192239 0.229982 0.165153 -0.241186 -0.210002 -0.039003 -0.005535 0.068052 0.236867 0.081733 0.222933 0.094876 0.132656 0.043176 0.071375 0.277098 0.168093 0.277987 0.223150 0.057965 0.123828 -0.207225 0.042828 -0.112412 0.029543 -0.204750 0.002319 -0.344834 -0.193590 -0.269424 -0.090413 -0.016687 -0.019382 0.012520 0.187132 0.006758 0.018173 -0.014875 0.308307 -0.125286 0.164358 -0.167779 -0.047746 -0.003389 0.008221 0.001562 0.065138 -0.333856 -0.206183 -0.361286 -0.275474 -0.176750 -0.068174 -0.014136 -0.176150 -0.267808 -0.124584 0.012185 0.060017 0.094864 0.200470 0.141545 0.015005 0.073604 0.237964 0.027487 0.133312 0.090683 0.111063 0.151805 0.131089 0.126206 -0.025920 -0.125445 0.027923 0.015432 -0.084675 0.208048 0.079734 0.128383 0.094427 0.029215 0.049337
-0.425064 -0.238814 0.455047 0.588524 0.014900 0.725754 -0.171881 0.051453 0.083580 0.024187 -0.578848 -0.252580 -0.489752 -0.354204 -0.121014 0.098048 -0.248074 -0.298547 -0.185310 -0.307132 0.077070 0.537100 0.491603 0.548284 0.475271 1.000000 0.149582 0.593705 -0.388819 -0.297078 0.154267 0.554969 -0.158032 -0.047965 0.200312 0.278369 -0.370894 -0.349680 -0.196161 0.036366 -0.132231 0.108844 0.056839 0.218278 -0.053007 -0.084946 -0.001740 0.090938 0.133202 0.108636 0.499231 0.274418 0.042279 0.183303 -0.032003 0.054584 -0.186822 -0.185311 -0.304198 -0.032227 -0.472620 -0.203049 -0.417722 -0.321652 0.186534 -0.030971 -0.115643 0.125896 -0.138494 -0.154094 -0.056139 0.079182 -0.364991 -0.040512 -0.176742 -0.206580 -0.058229 -0.180907 -0.029953 -0.172523 -0.359845 -0.366597 -0.353527 -0.390773 0.175663 0.283236 0.223521 -0.093017 0.216860 0.104946 -0.080308 -0.070556 0.049785 0.107501 0.007245 -0.312942 0.204166 -0.043720 0.107377 0.036699 0.050476 -0.064399 -0.043578 -0.046421 -0.223140 -0.238931 -0.177236 -0.180651 -0.094564 -0.306721 0.313617 -0.136913 -0.046812 -0.069663 -0.093544 -0.143524
-0.227248 -0.073929 0.003949 0.059490 0.619726 0.390385 -0.302003 0.034149 0.367077 0.134089 -0.082849 0.038252 -0.015765 0.177114 0.079835 0.489518 -0.023490 -0.192293 -0.137114 -0.156314 0.319783 0.585598 -0.073268 -0.038689 0.104396 0.149582 1.000000 0.572680 0.023552 0.372276 -0.179170 -0.154731 0.136376 -0.046802 -0.157631 0.205799 -0.117738 -0.081129 -0.248318 -0.011809 0.060428 0.342575 0.024837 -0.069971 0.194618 0.334893 -0.269456 -0.075886 0.227515 0.277250 -0.011453 0.231038 0.048592 0.060953 -0.267993 -0.197049 -0.121132 -0.313159 0.033932 0.013199 -0.144481 -0.051764 -0.100242 -0.162280 -0.296230 0.041300 0.107096 0.325665 0.051791 0.157310 0.158255 0.349466 0.079930 0.407759 0.159313 0.273015 -0.157614 0.136573 0.070805 -0.168620 -0.103896 -0.152854 -0.179006 0.148961 -0.163030 -0.146214 -0.352832 -0.043281 -0.136399 -0.025700 -0.178476 -0.069878 0.008349 -0.186864 -0.274152 -0.259843 -0.341392 -0.316995 -0.309005 -0.209953 0.001067 -0.090335 -0.186994 -0.076947 -0.205887 -0.136926 -0.236596 -0.259263 -0.154102 -0.061952 0.075372 -0.135215 -0.329415 -0.240960 -0.079792 -0.347922
-0.244020 -0.037635 0.223683 0.404921 0.189870 0.740026 -0.350856 0.003416 0.178216 0.093627 -0.231342 0.029634 -0.310754 -0.133002 0.198263 0.346326 0.010960 -0.136739 -0.259761 -0.296097 0.105589 0.665225 0.475811 0.455826 0.272241 0.593705 0.572680 1.000000 -0.169048 -0.056447 -0.014975 0.276815 -0.001288 -0.012369 -0.037759 -0.015306 -0.337080 -0.318914 -0.468026 0.021551 -0.089292 0.307795 0.026309 0.044159 -0.039446 -0.096583 -0.107395 -0.070829 0.120863 0.188773 0.294752 0.227971 -0.047260 0.084555 -0.292540 -0.097525 -0.068829 -0.166050 -0.168041 0.089572 -0.356966 0.044833 -0.302678 -0.169505 -0.026279 0.052616 -0.215929 0.107679 -0.076839 -0.119966 0.004294 0.227782 -0.221140 0.181481 -0.023362 -0.011846 -0.103602 -0.089186 0.161993 -0.054893 -0.141258 -0.207867 -0.248056 -0.246024 0.213666 0.190690 0.061754 -0.033166 0.220829 0.041989 -0.290407 -0.239150 -0.118811 -0.154728 -0.126488 -0.272092 -0.015754 -0.247452 -0.128231 -0.231350 -0.043463 -0.201835 -0.138824 -0.087710 -0.251957 -0.350225 -0.176101 -0.364684 -0.073171 -0.209441 0.107577 -0.185650 -0.201017 -0.239527 -0.153784 -0.246214
0.116330 0.099774 -0.433848 -0.659000 0.190138 -0.295115 -0.084089 -0.358925 0.099035 -0.073609 0.601795 0.234874 0.669537 0.362443 0.507711 0.135623 0.564157 0.366895 0.037207 0.401230 0.171414 -0.075134 -0.469201 -0.526620 0.021315 -0.388819 0.023552 -0.169048 1.000000 0.459141 0.243735 -0.046421 0.318163 0.527749 -0.076338 -0.301708 0.440649 0.187156 0.169832 -0.218106 0.614409 0.476579 -0.235390 -0.281295 0.026640 0.020181 -0.054414 -0.205224 -0.255494 -0.325381 -0.705536 -0.607820 -0.333803 -0.332039 -0.380457 -0.105152 -0.051448 0.208262 -0.239845 -0.369847 0.222882 -0.062789 0.455223 0.520666 -0.163979 -0.294197 -0.269477 -0.204093 0.084228 0.133349 0.206303 0.274008 0.727807 0.367277 0.388100 0.444124 0.394463 0.494911 0.359932 0.437897 0.558943 0.644708 0.518982 0.624698 0.211912 -0.031448 -0.120925 0.102295 -0.424940 -0.548436 -0.190089 -0.158133 -0.233804 -0.142017 -0.026549 0.322126 -0.067316 -0.208687 -0.025361 -0.125011 0.005224 0.254330 0.178112 0.090670 0.122862 0.112296 -0.161608 -0.173453 0.010521 0.165843 0.081955 0.261908 0.197835 0.162296 0.167446 -0.108001
-0.084231 0.037264 -0.259682 -0.391991 0.283636 -0.216824 -0.037412 -0.113677 0.148162 -0.202881 0.320206 0.317192 0.328266 0.272273 0.276348 0.139857 0.263369 0.356791 0.080864 0.118033 0.231825 -0.018066 -0.261608 -0.285039 -0.165767 -0.297078 0.372276 -0.056447 0.459141 1.000000 -0.032826 -0.028320 0.079944 0.202332 0.031568 0.000571 0.368609 0.264737 0.008085 -0.269371 0.431809 0.255365 -0.257323 -0.238417 0.014912 0.056196 -0.202326 -0.146934 -0.105078 -0.060198 -0.417398 -0.220747 -0.174552 -0.109644 -0.215249 -0.078829 -0.089961 0.031792 -0.280850 -0.282372 -0.044753 -0.206494 0.140090 0.160236 -0.119165 -0.186134 -0.111037 -0.013429 0.091389 0.158799 0.104024 0.010518 0.630543 0.248316 0.262068 0.309208 0.016367 0.288731 0.234553 0.047036 0.246803 0.457971 0.221000 0.573430 0.017905 -0.083458 -0.276488 0.029404 -0.330456 -0.270051 -0.195648 -0.032456 0.041644 -0.145489 -0.340746 0.107389 -0.218897 -0.346116 -0.156750 -0.145994 0.040862 0.065836 0.122043 -0.004449 -0.026036 0.181154 -0.177693 -0.161523 -0.211652 0.004721 0.190204 0.130665 0.048392 -0.025306 0.091928 -0.303084
-0.049729 -0.238399 0.240666 -0.112921 -0.019811 -0.050542 0.346908 0.051256 -0.209233 -0.193904 0.088569 -0.129013 0.088562 -0.062402 -0.203819 -0.298480 0.364766 0.232085 -0.098119 -0.033259 0.195526 0.204927 -0.025445 0.146643 0.053117 0.154267 -0.179170 -0.014975 0.243735 -0.032826 1.000000 0.671827 0.215891 0.440428 0.123773 -0.174838 0.328314 0.108647 0.152245 0.029598 0.467006 0.239283 -0.035090 0.040282 -0.127271 -0.145746 0.190844 0.083667 -0.389978 -0.354388 -0.300331 -0.533315 -0.472123 -0.256102 -0.179971 0.072718 0.116295 0.236930 -0.491536 -0.483154 0.030346 -0.130707 0.221280 0.208912 0.193525 -0.288475 -0.537920 -0.373620 -0.297142 -0.303637 0.283212 -0.168243 0.308965 -0.183239 0.135329 0.037054 0.312516 0.202636 0.355401 0.295630 0.212356 0.316110 0.111505 0.144482 0.000481 0.076258 0.061711 0.041512 -0.212808 -0.233688 -0.301149 -0.262459 -0.119421 0.017725 0.356168 0.233210 0.388073 0.122259 0.168372 0.125439 0.033504 0.143507 0.203617 0.044261 -0.032268 -0.050466 -0.101206 0.045421 0.251552 -0.042873 0.082756 0.321563 0.221347 0.192492 0.139824 0.134487
-0.217174 -0.199626 0.342247 0.299996 -0.198688 0.316247 0.194856 0.142720 -0.210397 -0.160711 -0.157128 0.038091 -0.118474 -0.156108 -0.014417 -0.202232 0.087252 0.270291 -0.179909 -0.263667 0.042153 0.237498 0.399964 0.560379 0.034270 0.554969 -0.154731 0.276815 -0.046421 -0.028320 0.671827 1.000000 -0.028698 0.286324 0.251323 0.018697 0.088694 -0.093458 -0.050543 0.000071 0.315585 0.232362 -0.137589 -0.019802 -0.308355 -0.385499 0.127247 0.012758 -0.419863 -0.388116 -0.036249 -0.374574 -0.419540 -0.174311 -0.109277 0.110181 -0.087296 -0.017243 -0.634541 -0.448442 -0.222702 -0.151526 -0.035597 -0.018974 0.419442 -0.170533 -0.626275 -0.325912 -0.357213 -0.367502 0.150032 -0.349659 0.032290 -0.352496 0.058039 -0.025998 0.292851 0.098535 0.273658 0.118632 0.110458 0.173923 0.036478 0.001902 0.313346 0.275833 0.169301 0.096548 0.080772 -0.071432 -0.403101 -0.316528 -0.011107 0.026780 0.105868 0.034004 0.376447 0.004600 0.159464 -0.019552 -0.006216 -0.041955 0.104764 -0.125272 -0.165718 -0.161590 -0.076584 -0.095832 -0.064752 -0.247810 0.232382 0.123205 0.173757 0.095563 -0.011085 -0.069944
0.111512 -0.287771 -0.225473 -0.332065 0.062355 -0.029088 -0.133567 -0.215398 0.003592 -0.096589 0.168047 -0.164736 0.193780 -0.043832 0.021704 -0.084296 0.223169 0.134884 -0.268988 -0.139310 0.254277 0.087360 -0.220021 -0.127403 -0.103109 -0.158032 0.136376 -0.001288 0.318163 0.079944 0.215891 -0.028698 1.000000 0.329188 0.052625 -0.134308 0.105845 0.086349 0.052736 0.099320 0.168292 0.288658 0.043156 0.099584 0.231637 0.221187 0.122146 0.042984 0.102709 0.011218 -0.200412 -0.264439 -0.303180 -0.045568 -0.072791 0.192112 0.086558 0.025224 0.071092 -0.181094 0.296159 -0.135089 0.279363 0.148247 -0.008753 -0.217923 -0.012552 -0.115436 -0.124637 -0.056136 0.122381 0.212453 0.358124 0.206620 0.241229 0.000513 0.226869 0.113069 0.125850 0.218134 0.110003 0.139822 -0.073145 0.039361 -0.178934 -0.013011 -0.218920 -0.288833 -0.140274 -0.115199 -0.112282 -0.008983 -0.232462 0.050660 0.131369 0.291502 0.229107 0.093327 0.099834 0.114884 0.170791 0.399400 0.229605 0.313708 0.201513 0.236134 0.101765 0.060706 0.194608 0.108800 0.008090 0.291712 -0.000132 0.155642 0.096816 0.085556
-0.217618 -0.212622 0.114541 -0.283850 0.265112 0.061566 -0.010484 0.080032 0.037408 0.135328 0.178705 0.071057 0.205988 0.252899 0.024453 -0.084882 0.429221 0.277149 -0.180733 0.048736 0.239738 0.130201 -0.296791 -0.258302 0.192239 -0.047965 -0.046802 -0.012369 0.527749 0.202332 0.440428 0.286324 0.329188 1.000000 0.302259 0.093007 0.267162 0.026377 0.031097 -0.079285 0.520374 0.371283 -0.174244 -0.120967 -0.128394 0.016518 -0.074517 -0.220084 -0.158980 -0.401094 -0.174150 -0.453192 -0.490133 -0.530204 -0.554251 -0.195721 -0.018676 0.175113 -0.483026 -0.467951 0.012327 -0.148645 0.317226 0.336282 0.163485 -0.086118 -0.222731 0.111762 -0.068120 -0.002348 0.229215 0.200186 0.570789 0.245506 0.032718 0.204502 0.220139 0.247913 0.342309 0.398570 0.259483 0.433458 0.128775 0.304260 0.033071 0.004293 -0.138188 -0.158371 -0.300024 -0.522297 -0.369161 -0.363148 -0.119200 -0.043319 0.254762 0.181235 -0.055597 -0.007746 -0.185787 -0.233874 -0.042807 0.165688 0.130304 0.110561 -0.025380 0.020364 -0.172068 0.034870 0.167278 -0.202897 0.172797 0.140428 0.077418 0.063763 0.194971 0.057964
-0.401787 -0.155476 0.221266 0.173485 -0.030469 -0.007789 -0.109838 0.266153 -0.211501 0.045957 -0.345206 0.118830 -0.186373 -0.058715 -0.164274 -0.236439 -0.122199 0.116087 -0.257886 -0.149810 0.217703 0.031315 0.007780 0.033784 0.229982 0.200312 -0.157631 -0.037759 -0.076338 0.031568 0.123773 0.251323 0.052625 0.302259 1.000000 0.436451 0.058146 0.110174 -0.019477 0.006694 0.188536 0.093031 0.073283 0.212295 -0.050901 0.094098 0.159237 0.042239 -0.132305 -0.231862 0.130380 -0.048721 -0.134320 -0.145100 -0.071637 0.118973 -0.163082 -0.007186 -0.509431 -0.247866 -0.412569 -0.220125 -0.112412 -0.133371 0.281778 0.131668 -0.060871 0.213877 -0.149607 -0.184939 -0.056356 -0.079394 0.005052 -0.083625 -0.097109 -0.043354 0.186101 0.199383 0.004553 -0.052786 -0.032207 0.047354 -0.033669 -0.040102 0.153166 0.096862 0.066150 -0.263281 -0.214685 -0.068442 -0.263174 -0.097788 0.157466 0.077940 0.136541 0.050684 0.015923 0.331874 -0.034451 0.015867 -0.080845 0.037104 0.161766 0.084070 0.145380 0.107105 -0.044827 0.149694 0.083365 -0.202052 0.256398 0.196272 0.133995 0.187283 0.067304 0.070107
-0.477163 -0.240612 0.253210 0.343563 0.180978 0.228780 -0.121678 0.338933 -0.051733 0.192513 -0.466270 -0.046488 -0.213745 -0.031981 -0.475085 -0.010907 -0.265411 -0.273173 -0.088117 -0.210018 0.130131 0.220636 -0.108671 -0.019776 0.165153 0.278369 0.205799 -0.015306 -0.301708 0.000571 -0.174838 0.018697 -0.134308 0.093007 0.436451 1.000000 -0.077563 0.048274 -0.023368 0.143900 0.039901 -0.066141 0.074566 0.234578 0.032860 0.394839 -0.140937 0.085633 0.131816 0.015255 0.345086 0.229571 -0.014644 -0.088197 -0.103619 0.034222 -0.095784 -0.202862 -0.096166 -0.045761 -0.310887 -0.305530 -0.187612 -0.334887 0.075576 0.224617 0.292354 0.624675 0.077284 0.093420 -0.199501 -0.044040 -0.174493 -0.074400 -0.157683 0.088662 -0.151419 -0.032684 -0.191969 -0.183107 -0.206760 -0.244263 -0.296184 -0.067595 -0.155101 -0.158495 -0.332000 -0.077230 -0.056383 0.041024 -0.038430 0.087582 0.349398 0.130649 -0.075015 -0.277776 -0.153045 0.119644 -0.225294 -0.103180 -0.019704 0.008861 -0.068195 -0.007585 -0.044286 -0.010125 -0.081868 0.206472 -0.184346 -0.229799 0.310470 -0.133414 -0.108617 -0.028794 -0.022075 -0.105675
