1.000000 0.065220 -0.342672 0.006730 -0.289314 -0.008615 -0.197005 -0.232122 -0.212102 -0.353343 0.307071 -0.126508 -0.060549 -0.053019 0.066814 0.138088 0.287760 0.169363 0.032686 0.069343 -0.173990 -0.161209 -0.257715 0.107329 -0.074637 -0.086127 0.098969 0.144415 0.395170 0.143616 0.031903 0.143025 -0.070931 0.083870 -0.206736 -0.503559 0.053297 -0.067896 -0.096776 -0.130054 -0.318059 -0.127221 0.113733 -0.047226 0.145887 0.163286 0.163818 -0.007703 -0.228223 -0.012717 -0.355649 -0.041407 0.104969 0.293426 0.291920 0.454712 0.417331 0.186544 -0.111605 0.126426 -0.281152 0.055342 0.205437 0.107385 -0.116160 -0.655354 -0.188138 -0.486475 0.152614 -0.328700 0.172788 -0.030645 0.263402 -0.050712 0.089206 -0.126797 0.117260 -0.202359 0.513757 0.111990 0.513127 0.503155 -0.114033 0.519161 -0.080164 -0.091199 0.278604 -0.111052 0.159699 0.193268 -0.362535 -0.221345 -0.238399 -0.187780 -0.185966 0.074957 0.287630 0.371977 0.465104 -0.080627 0.276118 0.300427 0.313129 0.140574 0.422690 0.061280 -0.393630 -0.355756 0.357144 0.158974 -0.340651 -0.327909 -0.227027 -0.350169 -0.453470 -0.326796
0.065220 1.000000 -0.049472 0.359825 -0.180418 -0.087211 -0.089763 -0.016964 -0.049445 -0.013346 -0.009854 0.224825 0.207757 0.296581 0.176062 0.075416 0.022731 0.027110 0.390925 0.369715 -0.169666 0.106482 -0.144048 -0.100627 -0.274051 -0.288373 -0.002108 -0.171899 -0.139503 0.009568 -0.302754 -0.294192 -0.184569 -0.361103 -0.131799 -0.036492 0.072294 0.214832 0.182019 0.040323 0.052903 0.249915 0.004702 0.129617 -0.214416 -0.133290 -0.054136 -0.124301 0.177509 0.066196 -0.016159 0.270088 0.396339 -0.050978 -0.021483 0.040265 0.015645 0.454396 0.024654 0.277269 -0.229451 0.060740 -0.005947 0.030605 -0.584567 -0.004974 0.193883 -0.002695 0.358650 0.413897 -0.035777 -0.251816 -0.086278 0.117863 0.139229 -0.049258 0.136489 0.057739 -0.155945 -0.118077 -0.018890 -0.227582 0.004893 0.007294 -0.354049 -0.260436 -0.015154 -0.144521 -0.073690 0.167880 0.291001 0.129127 0.125690 0.039639 -0.057728 -0.153812 -0.185050 -0.146627 0.197905 0.245126 0.120424 -0.239847 -0.248131 -0.206936 -0.185425 0.003893 0.063797 0.135467 -0.172293 0.022294 0.058867 0.008190 0.253526 0.131031 0.214886 0.103279
-0.342672 -0.049472 1.000000 0.123113 0.430613 0.065869 0.588913 0.236639 0.205049 0.159091 -0.274249 0.075943 0.268141 -0.100940 0.374371 -0.111147 -0.350005 -0.420360 0.112808 0.186275 0.069177 0.080827 0.522111 0.073363 -0.053308 -0.191039 0.151571 0.081114 -0.455837 -0.434843 -0.103863 -0.189730 -0.121514 -0.243516 0.041733 0.463275 0.056361 -0.060680 0.215245 0.235438 0.176384 0.047499 -0.282111 -0.106380 -0.122268 -0.302461 -0.110491 -0.095073 0.151327 -0.216064 0.175543 -0.043462 0.042339 -0.323206 -0.015820 -0.031415 -0.012718 -0.071508 0.407012 0.178883 0.279681 -0.097368 -0.343395 -0.359304 -0.023852 0.080900 0.276840 0.233288 0.270318 0.291551 0.124529 -0.194400 -0.293495 -0.081667 -0.222050 0.045070 -0.146995 -0.045100 -0.335587 -0.293036 -0.345730 -0.443004 0.240463 -0.239385 -0.060997 -0.223931 -0.263902 -0.062031 0.199099 0.112651 0.243637 0.222332 0.234039 0.179976 0.164814 0.030339 0.138678 -0.125726 -0.039056 0.057522 -0.148177 -0.318950 -0.147258 -0.249621 -0.346285 -0.207946 0.272603 0.183640 -0.162733 -0.227128 0.099769 0.188605 -0.097796 0.005928 0.227807 0.203798
0.006730 0.359825 0.123113 1.000000 0.166336 0.407882 0.300708 0.439690 0.299884 0.481650 -0.033628 0.306484 -0.023986 0.267978 0.319457 0.074891 0.120522 -0.200682 0.504052 0.329635 -0.019262 0.027516 0.194250 0.650080 0.107800 0.204991 0.388686 0.162897 -0.283085 -0.219995 -0.003553 -0.218179 -0.507315 -0.334427 -0.129228 0.106851 -0.082617 0.190812 0.090233 0.308203 -0.113302 -0.129837 -0.378969 -0.342679 -0.384503 -0.082953 -0.572394 -0.421988 -0.249253 -0.316515 -0.140047 -0.321501 0.230859 -0.226410 0.033122 -0.012228 -0.164061 -0.101711 -0.175918 -0.150467 -0.310863 -0.148258 -0.039490 -0.352156 -0.106516 0.051452 -0.306030 0.267258 0.305741 0.072204 -0.184342 -0.148676 -0.147431 0.146308 -0.060331 -0.105185 0.092041 -0.113872 -0.022290 -0.389147 -0.054520 -0.262701 0.167696 0.174699 -0.072178 0.234555 0.351027 0.299144 0.180455 0.454123 0.066997 0.222854 0.306761 0.149941 -0.296514 -0.107428 -0.264787 -0.308067 0.014810 0.065235 -0.132860 -0.300378 -0.309611 -0.238979 -0.128457 0.233828 -0.209959 -0.104434 -0.105969 -0.167568 -0.129482 0.002765 0.119476 0.046712 0.017880 -0.074025
-0.289314 -0.180418 0.430613 0.166336 1.000000 0.303233 0.392283 0.370846 0.563575 0.271599 -0.305731 -0.057068 -0.085008 -0.012539 0.235831 0.150035 -0.182523 -0.523543 -0.070579 -0.044471 0.108020 0.013290 0.312167 0.268121 0.494744 0.202993 0.479439 0.282240 -0.177507 -0.469797 -0.105150 -0.289068 -0.332420 -0.136766 0.091602 0.147243 -0.147989 -0.093083 0.079527 0.175860 -0.034405 -0.170784 -0.235042 -0.299787 -0.056984 0.099079 -0.198144 -0.213876 -0.093803 -0.136380 0.129193 -0.061493 -0.070357 -0.159683 0.162061 0.148228 -0.309370 -0.091776 0.129577 0.164100 0.020844 0.061834 -0.338835 -0.282859 0.186874 0.122711 -0.007163 0.270096 0.198684 0.024725 0.003667 -0.093154 -0.107470 -0.311339 -0.181407 -0.270951 -0.390264 -0.247048 -0.032402 -0.370079 -0.132292 -0.249812 0.285996 0.058049 -0.047073 -0.028857 0.019529 0.037311 0.256813 0.189901 0.045886 -0.043249 0.242280 0.018346 -0.204380 -0.029407 0.221493 -0.064205 0.034701 -0.222340 0.019748 -0.274168 -0.036356 -0.371155 0.049465 -0.029747 -0.129456 -0.151601 0.067784 -0.192695 -0.048687 -0.109674 -0.163667 -0.145849 -0.101927 -0.219830
-0.008615 -0.087211 0.065869 0.407882 0.303233 1.000000 0.079776 0.309957 0.255062 0.496839 0.011438 0.155393 -0.022869 0.333555 0.192500 0.169100 -0.052343 -0.486784 0.056658 0.099206 -0.086437 0.200472 0.294679 0.481683 0.468265 0.625688 0.659142 0.680509 -0.212234 -0.121508 -0.111809 -0.079304 -0.287397 -0.070364 -0.013161 0.044148 -0.112938 0.200902 -0.139796 0.073284 -0.069440 -0.326971 -0.420305 -0.437362 -0.356200 -0.074290 -0.452333 -0.383253 -0.092816 -0.218722 0.149194 -0.118115 0.041912 -0.046838 -0.091183 0.045577 0.014831 -0.282977 -0.051233 -0.119288 -0.269199 -0.166874 -0.364616 -0.471627 -0.013818 0.095717 -0.178785 0.200777 0.083235 -0.000473 -0.067129 0.033752 -0.207716 0.061355 -0.351570 -0.233717 -0.171879 -0.226463 0.059484 -0.180596 -0.047021 -0.042791 -0.185328 0.006387 -0.215443 0.259738 0.112609 0.091779 0.239661 0.383675 -0.035515 -0.004158 0.244054 0.114879 -0.190017 -0.013320 -0.100238 -0.074520 -0.230685 -0.023286 0.042605 -0.032001 -0.011554 0.080244 0.118372 0.288791 -0.177827 -0.134857 -0.082622 -0.293676 -0.082631 -0.233471 -0.005858 -0.043545 -0.012716 -0.026870
-0.197005 -0.089763 0.588913 0.300708 0.392283 0.079776 1.000000 0.439076 0.425097 0.263115 0.028195 0.107490 0.375899 0.128311 0.270116 0.027532 -0.021622 -0.282061 0.025822 0.093800 0.312335 0.104173 0.357626 0.341757 0.141005 -0.133623 0.242222 0.146648 -0.363664 -0.388843 0.002730 -0.237289 -0.294439 -0.416823 0.068882 0.352909 0.023436 -0.180529 0.012492 0.112457 0.000106 0.056499 -0.404753 -0.317968 -0.303532 -0.382087 -0.380193 -0.272907 -0.164710 -0.428691 -0.083878 -0.389940 0.014822 -0.353981 0.061595 -0.102095 -0.072682 -0.269227 0.227682 -0.013309 0.326521 -0.061251 -0.180818 -0.291420 0.079738 0.090648 0.004918 0.237391 -0.024728 0.072455 0.061323 0.027707 -0.204295 -0.117536 -0.077732 -0.105539 -0.141281 0.031866 -0.087675 -0.368650 -0.197834 -0.394175 0.119026 -0.162923 0.034205 0.045899 -0.114924 0.032674 0.286776 0.285166 0.054128 0.326564 0.231986 0.151323 0.093713 0.117060 -0.009547 -0.204742 -0.198646 0.014102 -0.191420 -0.304743 -0.164686 -0.277695 -0.303838 -0.053610 0.215971 0.162388 -0.024106 -0.050349 -0.132145 0.162004 -0.215001 -0.004645 0.112477 0.117137
-0.232122 -0.016964 0.236639 0.439690 0.370846 0.309957 0.439076 1.000000 0.318929 0.532512 -0.477773 0.109141 -0.214529 0.062721 0.031325 -0.030024 -0.199411 -0.550018 -0.196840 0.001323 0.096493 -0.101579 0.014630 0.385547 0.057317 0.077487 0.144856 0.077446 -0.303091 -0.327996 -0.129231 -0.441744 -0.428656 -0.312122 0.062458 0.060676 -0.370991 -0.103369 -0.087093 0.129187 -0.211299 -0.269949 -0.344449 -0.378958 -0.163773 0.075393 -0.271660 -0.295127 0.053435 -0.068292 0.080015 -0.088921 0.215272 -0.313835 0.092236 -0.064523 -0.399623 -0.431948 0.182839 0.187588 -0.168485 0.024767 -0.285282 -0.406686 -0.097656 0.274690 0.135196 0.494194 0.070604 -0.041073 -0.013936 0.164225 -0.337962 -0.135734 -0.381258 -0.443854 -0.491691 -0.101612 -0.043891 -0.493839 -0.217345 -0.370170 0.104099 -0.108587 -0.309349 0.109029 0.097422 0.017067 0.214188 0.355505 0.363345 0.270599 0.635352 0.445186 -0.100266 0.080685 -0.007087 -0.185297 -0.206159 -0.186836 0.077048 -0.043161 0.019695 -0.061564 0.140968 0.279580 -0.158337 -0.098503 0.077033 -0.208916 -0.295839 -0.038232 0.076302 -0.232242 -0.121988 -0.059409
-0.212102 -0.049445 0.205049 0.299884 0.563575 0.255062 0.425097 0.318929 1.000000 0.406506 0.044717 0.176747 0.158054 0.300435 0.191009 0.245114 0.001964 -0.316669 -0.078520 -0.200415 0.110413 -0.027474 0.192554 0.355190 0.629174 0.251546 0.316310 0.262450 -0.247623 -0.215116 0.047427 -0.213979 -0.347551 -0.176478 -0.143672 -0.099585 -0.183698 -0.048307 -0.081423 0.178871 -0.119148 -0.190593 -0.412079 -0.487031 -0.334186 -0.146371 -0.358909 -0.405406 -0.184730 -0.355274 0.080784 -0.161052 0.055797 -0.106958 0.202401 0.115891 -0.259573 -0.235813 0.034761 0.007529 0.201059 0.266835 -0.165715 -0.056944 0.184099 0.216388 -0.189876 0.095097 -0.092336 -0.166465 -0.100309 0.091399 -0.118565 -0.180013 -0.002178 -0.238065 -0.293738 -0.145400 -0.157752 -0.329245 -0.084709 -0.247865 -0.047767 0.045704 0.050480 0.207393 0.126851 0.025358 0.300739 0.309978 -0.046736 0.038008 0.173538 -0.053787 -0.198714 -0.162104 0.075589 -0.200183 0.019911 -0.281020 -0.003172 -0.196344 -0.028331 -0.370475 0.028654 -0.034091 -0.003291 -0.053123 0.087167 -0.094393 -0.294125 -0.063646 -0.253402 -0.253765 -0.143450 -0.262810
-0.353343 -0.013346 0.159091 0.481650 0.271599 0.496839 0.263115 0.532512 0.406506 1.000000 -0.195550 0.229890 -0.062774 0.356480 0.178627 0.170272 -0.192263 -0.322403 0.083717 -0.063132 0.050999 0.128466 0.177670 0.324242 0.282533 0.318731 0.205812 0.112979 -0.389832 -0.022301 0.082085 -0.164817 -0.245253 -0.136161 -0.097112 0.244212 -0.284078 0.100108 -0.154379 0.087171 -0.111650 -0.125358 -0.301765 -0.271224 -0.200857 0.052540 -0.362546 -0.226264 -0.050729 -0.144988 0.102918 -0.183992 0.049138 -0.193597 -0.170910 -0.147535 -0.245689 -0.308832 -0.056367 -0.100388 -0.128512 0.145498 -0.283116 -0.275708 0.101513 0.348413 -0.192271 0.305801 -0.024493 -0.023287 -0.246904 0.005598 -0.283411 0.091528 -0.248357 -0.144145 -0.242845 -0.019641 -0.200958 -0.265650 -0.268985 -0.276068 -0.124780 -0.121183 -0.131809 0.134337 0.082285 0.089561 0.004202 0.152071 0.239209 0.092778 0.416493 0.313172 -0.169233 -0.183139 -0.231584 -0.402554 -0.305977 -0.038580 -0.032558 -0.114704 -0.212374 -0.051730 -0.016920 0.350429 -0.029249 0.065880 -0.160415 -0.181812 -0.057718 0.017828 0.192755 -0.062931 0.099185 -0.012296
0.307071 -0.009854 -0.274249 -0.033628 -0.305731 0.011438 0.028195 -0.477773 0.044717 -0.195550 1.000000 0.256586 0.534781 0.230921 0.197827 0.359326 0.366135 0.332613 0.068946 -0.027744 0.189954 0.163355 0.079573 0.081302 0.097890 0.110568 0.141196 0.250334 0.284347 0.170710 0.279560 0.291468 0.253025 0.219745 -0.050242 -0.111486 0.274847 0.165226 -0.227872 -0.078776 -0.045598 0.201987 -0.021437 -0.039983 -0.163735 -0.290496 -0.205881 -0.076099 -0.485438 -0.374866 -0.285596 -0.380094 -0.129583 0.066800 0.098028 0.040184 0.370176 0.056660 -0.308167 -0.352050 0.184984 -0.052501 0.150159 0.022847 0.112117 -0.190275 -0.393373 -0.392228 -0.304675 -0.288660 0.100146 0.065075 0.265185 0.045538 0.197630 0.109480 0.296887 0.104775 0.114755 0.072210 0.260690 0.161966 -0.397646 0.251726 0.251953 0.240939 0.096167 -0.012183 0.044156 -0.100569 -0.396181 0.001919 -0.194641 -0.138836 0.026695 -0.052356 -0.111319 0.105225 0.106480 0.042785 -0.081465 0.040663 -0.044777 -0.032980 -0.038424 -0.116581 0.094109 0.063647 0.098661 0.171154 0.066128 0.000566 -0.258911 0.088394 -0.063964 -0.002722
-0.126508 0.224825 0.075943 0.306484 -0.057068 0.155393 0.107490 0.109141 0.176747 0.229890 0.256586 1.000000 0.494007 0.539478 0.294414 0.370054 -0.115742 0.116951 -0.023450 0.002550 -0.182885 0.150855 0.122349 0.174214 -0.078778 0.112738 0.111642 0.262548 -0.196757 0.104722 0.042290 -0.062824 -0.055777 -0.040996 -0.067784 0.179963 0.005959 0.177721 -0.222665 0.082247 0.055404 0.032238 -0.126034 -0.145810 -0.297836 -0.277180 -0.226434 -0.223705 -0.089023 -0.285266 0.142851 -0.174701 0.279124 -0.134764 -0.084530 -0.062137 0.079543 -0.208733 -0.166952 -0.260944 0.018023 -0.054220 -0.283798 -0.225308 -0.060690 0.287015 -0.258827 0.001561 -0.144085 -0.188066 0.013209 -0.023328 -0.171331 0.300576 -0.108939 -0.045892 -0.031515 -0.037842 -0.032022 -0.042905 -0.164187 -0.190667 -0.306975 0.171814 -0.187967 0.405997 -0.152013 -0.058998 -0.014093 0.000580 0.166232 0.141409 0.421039 0.108847 0.035161 0.077438 -0.099053 0.020617 0.057955 0.074398 0.089991 -0.074894 -0.121437 -0.120645 -0.103365 -0.041729 0.099894 0.011001 -0.145095 -0.078046 0.097996 -0.014007 -0.091443 0.128860 0.033226 -0.005293
-0.060549 0.207757 0.268141 -0.023986 -0.085008 -0.022869 0.375899 -0.214529 0.158054 -0.062774 0.534781 0.494007 1.000000 0.428368 0.315165 0.248493 -0.017952 0.089141 -0.014183 0.215569 0.168317 0.286279 0.198193 -0.123527 -0.055633 -0.166349 0.084883 0.218429 -0.182646 -0.077811 -0.080647 -0.065369 0.176830 -0.078745 -0.146998 0.241827 0.270973 0.176549 0.015702 0.088018 0.208121 0.211460 -0.054462 0.055075 -0.292967 -0.527840 -0.105536 -0.080381 -0.066635 -0.315601 0.079396 -0.103674 0.120295 -0.154532 -0.044581 0.079239 0.349003 -0.054268 0.058610 -0.097413 0.340206 0.018662 -0.207975 -0.103333 -0.236291 0.149063 -0.020197 -0.276994 -0.108021 0.042066 0.160137 -0.062999 -0.110558 0.179689 0.033340 0.100456 0.111288 0.111997 -0.234842 0.019608 -0.064738 -0.271195 -0.426104 -0.183378 -0.170329 -0.035413 -0.417604 -0.244355 0.025545 0.022351 0.037398 0.235834 0.128695 -0.028029 0.201576 0.028260 0.007167 -0.054918 0.068323 0.344133 0.003637 -0.212633 -0.149588 -0.214709 -0.365061 -0.258444 0.400329 0.252028 -0.239428 0.031048 0.230391 0.215827 -0.242735 0.236709 0.273774 0.229859
-0.053019 0.296581 -0.100940 0.267978 -0.012539 0.333555 0.128311 0.062721 0.300435 0.356480 0.230921 0.539478 0.428368 1.000000 0.165251 0.403760 0.099008 -0.035865 -0.016098 -0.057404 -0.155606 0.127337 0.009867 0.117284 0.141597 0.206572 0.169577 0.236369 -0.171413 0.204335 -0.189168 -0.184086 -0.229031 -0.104559 -0.306369 0.026859 0.050146 0.149513 -0.159838 0.029511 0.038033 -0.042841 -0.179152 -0.264032 -0.413720 -0.270075 -0.302313 -0.340259 0.046427 -0.343081 0.292492 -0.086957 0.321982 0.037593 -0.027174 -0.001941 -0.115701 -0.217147 -0.063120 -0.069965 0.009864 0.309372 -0.114614 0.035847 -0.129654 0.202560 -0.206697 -0.073365 -0.135817 -0.141172 0.021751 -0.000886 -0.136435 0.343766 -0.024619 -0.138649 -0.025062 -0.116791 -0.021860 -0.073140 0.074298 -0.081014 -0.362612 0.050679 -0.216093 0.055530 0.021763 -0.112658 0.006610 0.198770 0.002404 0.064496 0.178746 -0.065398 -0.142264 -0.097651 -0.131759 -0.128560 -0.025271 0.081716 0.076171 -0.101981 -0.200682 -0.161715 -0.040420 0.069430 0.016401 -0.025386 -0.186129 -0.081791 -0.053017 -0.120359 0.025078 0.082583 0.068452 -0.087306
0.066814 0.176062 0.374371 0.319457 0.235831 0.192500 0.270116 0.031325 0.191009 0.178627 0.197827 0.294414 0.315165 0.165251 1.000000 0.399667 0.002900 -0.194680 0.334143 0.136316 0.077277 -0.104681 0.291789 0.224418 0.037343 -0.027959 0.462462 0.385341 -0.106585 -0.112668 0.037951 -0.115841 -0.170378 -0.263434 -0.335708 -0.027004 0.161805 0.150963 0.192806 0.203165 -0.086115 0.321037 -0.145246 -0.159132 -0.246971 -0.058289 -0.302311 -0.270029 -0.251583 -0.279431 0.024630 -0.154705 0.195532 -0.143828 0.098042 0.318939 -0.062640 0.043741 -0.025895 0.041486 -0.041715 -0.088894 -0.041479 -0.196461 -0.117137 -0.191945 -0.230956 -0.057368 0.412251 0.054638 -0.068219 -0.339643 0.020387 -0.110237 0.028654 -0.145468 -0.127295 -0.414398 0.000898 -0.353939 0.122828 0.032785 0.109232 0.274825 -0.009932 -0.117104 0.140826 -0.092392 0.201077 0.137236 -0.106601 0.008995 0.143770 -0.091079 -0.276469 -0.207554 0.014869 -0.063686 0.118499 -0.090970 0.018186 -0.240102 -0.176395 -0.305651 0.034422 -0.034458 -0.199107 -0.240433 -0.030357 -0.394230 0.016054 -0.227699 -0.111052 -0.199918 -0.028862 -0.239990
0.138088 0.075416 -0.111147 0.074891 0.150035 0.169100 0.027532 -0.030024 0.245114 0.170272 0.359326 0.370054 0.248493 0.403760 0.399667 1.000000 -0.123516 0.110632 -0.014658 -0.182766 0.177382 0.153057 0.125316 0.113000 0.163182 0.235417 0.262243 0.264198 -0.048416 0.227913 0.096796 0.008107 -0.082096 -0.045108 -0.246967 -0.041998 0.152465 0.269931 0.165293 0.265899 0.183060 0.135554 -0.065948 -0.113028 -0.237379 0.070561 -0.206518 -0.301080 -0.392773 -0.352419 -0.178435 -0.171853 0.021165 0.026853 0.066141 0.212838 -0.005156 -0.061642 -0.189885 -0.130681 0.149904 0.185383 -0.219908 -0.017675 0.114423 0.087756 -0.417698 -0.112846 0.143223 -0.213888 0.115551 -0.120036 0.152931 0.097742 0.175767 0.007100 -0.065902 -0.253935 -0.069462 -0.021251 -0.035827 0.053568 -0.226578 0.414429 -0.014692 0.035862 0.114362 -0.016845 0.215866 0.121302 -0.139871 -0.250488 0.165251 -0.163599 -0.339527 -0.208702 0.066063 -0.067020 0.131383 -0.113844 0.155468 -0.020701 -0.110197 -0.217158 0.089649 -0.087949 -0.086301 -0.036414 -0.071188 0.002663 0.006141 -0.181114 0.112899 -0.032271 -0.011455 -0.275728
0.287760 0.022731 -0.350005 0.120522 -0.182523 -0.052343 -0.021622 -0.199411 0.001964 -0.192263 0.366135 -0.115742 -0.017952 0.099008 0.002900 -0.123516 1.000000 0.275460 0.216447 -0.032298 0.074961 -0.348830 -0.302183 0.034339 0.039341 0.014243 -0.045925 0.041645 0.523072 0.222585 0.192928 0.077399 0.103936 0.188433 -0.044650 -0.231237 0.212337 0.018211 -0.149556 -0.161042 -0.323464 0.127978 -0.010936 -0.283976 -0.069809 -0.014726 -0.219727 -0.157146 -0.210232 -0.258016 -0.177022 -0.324661 -0.029926 -0.105445 0.007069 -0.135006 -0.054515 0.088695 -0.337027 -0.214689 -0.063017 0.095715 0.616328 0.427317 -0.047425 -0.333558 -0.252892 -0.163422 -0.166047 -0.297241 -0.041658 0.035404 0.270896 -0.076781 0.301547 0.033902 0.340841 -0.092344 0.364975 0.186207 0.648692 0.472860 -0.006630 0.270369 0.188798 0.092704 0.259617 -0.012869 -0.157977 -0.159231 -0.503677 -0.046523 -0.413904 -0.295675 -0.181823 0.111937 -0.302477 0.154474 0.023422 -0.202350 -0.007547 0.123978 0.130058 0.039001 0.299106 0.211928 -0.209178 -0.312437 0.163030 0.123544 -0.146530 -0.198360 -0.296925 0.028187 -0.300003 -0.234946
0.169363 0.027110 -0.420360 -0.200682 -0.523543 -0.486784 -0.282061 -0.550018 -0.316669 -0.322403 0.332613 0.116951 0.089141 -0.035865 -0.194680 0.110632 0.275460 1.000000 0.089388 -0.124789 0.111467 0.080060 -0.212330 -0.265796 -0.196722 -0.050477 -0.329254 -0.233093 0.322755 0.637328 0.405786 0.525902 0.457687 0.355621 -0.090166 -0.077300 0.266753 0.022543 -0.022995 -0.180183 0.130561 0.370489 0.382068 0.276999 0.047407 -0.011745 0.164342 0.244172 -0.344601 -0.039489 -0.372820 -0.255257 -0.157302 0.117286 -0.137260 -0.261703 0.134476 0.289733 -0.473516 -0.414077 0.189820 -0.033998 0.546244 0.563922 0.219199 -0.142397 -0.409446 -0.415000 -0.242378 -0.284261 -0.014196 0.053576 0.406835 0.279793 0.532104 0.514170 0.526060 0.207864 0.109677 0.629008 0.152671 0.413718 -0.127317 0.210199 0.356283 0.166877 -0.003530 0.065239 -0.298258 -0.349083 -0.272217 -0.266970 -0.381667 -0.263616 0.045294 -0.038698 -0.235550 0.042682 0.004114 0.030824 -0.022329 0.156175 -0.016241 0.109692 -0.094939 -0.114025 0.058776 0.134376 -0.151900 0.322160 -0.014999 0.075935 0.016765 0.249173 0.068301 0.040025
0.032686 0.390925 0.112808 0.504052 -0.070579 0.056658 0.025822 -0.196840 -0.078520 0.083717 0.068946 -0.023450 -0.014183 -0.016098 0.334143 -0.014658 0.216447 0.089388 1.000000 0.425504 0.027129 -0.009901 0.195039 0.149042 -0.115704 -0.046233 0.127481 -0.086590 -0.145297 -0.019106 0.134981 0.021443 -0.045047 -0.258424 -0.061738 0.280817 0.307363 0.248220 0.409282 0.146058 0.030152 0.304537 -0.126724 0.073029 -0.097861 0.008787 -0.259921 -0.146337 -0.091498 -0.017053 -0.150631 -0.034313 0.078623 -0.037360 -0.235575 -0.110740 -0.095942 0.359439 -0.240087 -0.217852 -0.229382 -0.300327 0.261468 -0.053324 -0.147200 -0.214316 -0.187521 0.189104 0.514347 0.432863 -0.233678 -0.429300 0.051695 0.209134 0.290276 0.346525 0.422725 -0.046828 -0.043030 -0.098082 0.051296 0.014496 0.343340 0.132861 0.200499 -0.032217 0.197225 0.272779 -0.213074 0.026859 -0.075325 0.020766 -0.181303 -0.142041 -0.205276 -0.058131 -0.514750 -0.256928 -0.007158 0.206610 -0.263690 -0.286817 -0.410449 -0.126397 -0.287265 0.114722 -0.094748 -0.023384 -0.231135 -0.094991 0.109216 -0.055258 0.114298 0.222771 0.264356 0.021743
0.069343 0.369715 0.186275 0.329635 -0.044471 0.099206 0.093800 0.001323 -0.200415 -0.063132 -0.027744 0.002550 0.215569 -0.057404 0.136316 -0.182766 -0.032298 -0.124789 0.425504 1.000000 0.041149 0.099458 0.152308 0.069437 -0.168402 -0.109443 0.092273 0.040285 -0.045773 -0.196253 -0.297778 -0.151853 -0.090148 -0.144918 0.209987 0.336161 0.258804 0.260542 0.240948 0.037394 0.193412 0.018950 -0.043109 0.228283 0.091184 -0.045863 -0.078317 -0.073928 -0.015715 0.041428 -0.116930 -0.039273 0.000806 -0.209076 -0.254841 0.010738 0.196700 0.177985 -0.085079 -0.062850 -0.400471 -0.394656 -0.153248 -0.321079 -0.367045 -0.117967 0.145897 0.005167 0.421712 0.309445 0.149373 -0.194848 -0.100604 0.211290 -0.031208 0.077180 0.194973 0.191392 0.045343 -0.169389 0.086098 -0.114210 0.106608 -0.073867 -0.065687 -0.036605 -0.164153 -0.004497 -0.084950 0.067865 0.101441 0.147344 0.135312 -0.038127 0.160761 0.184634 -0.161795 0.078274 -0.022172 0.396938 0.081655 -0.200608 -0.071766 -0.008962 -0.212385 -0.012745 0.001790 0.082505 -0.056076 0.000661 0.290857 0.039659 -0.094597 0.191175 0.254805 0.326961
-0.173990 -0.169666 0.069177 -0.019262 0.108020 -0.086437 0.312335 0.096493 0.110413 0.050999 0.189954 -0.182885 0.168317 -0.155606 0.077277 0.177382 0.074961 0.111467 0.027129 0.041149 1.000000 0.106109 0.169769 0.056106 -0.005176 0.130332 0.073258 0.030297 0.119330 -0.075539 0.391215 0.073626 0.215002 0.026250 0.217981 0.209549 0.082098 0.106320 0.182311 0.142287 0.076413 0.228470 0.181921 0.104262 -0.037266 0.097544 -0.110591 0.017894 -0.415077 -0.183701 -0.266082 -0.256888 -0.390349 -0.226238 -0.023404 -0.047769 -0.156090 -0.000836 -0.244393 -0.296791 0.186146 -0.128498 0.119761 -0.083860 0.211426 0.052422 -0.274870 0.073802 0.022953 -0.090709 0.073759 0.079744 0.172508 -0.038027 0.178859 0.259473 0.065116 0.008223 -0.172295 0.018968 -0.064252 -0.068875 0.049441 -0.050216 0.330724 0.009182 -0.001220 0.088325 0.036653 -0.097523 -0.207676 -0.005086 0.079494 0.056081 -0.099495 -0.169658 -0.113621 -0.209668 -0.138357 -0.070788 -0.088050 -0.240841 -0.220499 -0.268317 -0.117790 0.026506 0.020070 0.075389 -0.032226 -0.031413 0.042583 0.122769 -0.091842 0.137237 0.116601 -0.052364
-0.161209 0.106482 0.080827 0.027516 0.013290 0.200472 0.104173 -0.101579 -0.027474 0.128466 0.163355 0.150855 0.286279 0.127337 -0.104681 0.153057 -0.348830 0.080060 -0.009901 0.099458 0.106109 1.000000 0.196884 0.088206 0.121164 0.283590 0.138976 0.087794 -0.272345 -0.057840 0.030675 0.331917 0.116608 0.072551 0.165312 0.303321 0.229661 0.263921 0.069971 0.246136 0.482041 0.061352 -0.053194 0.151315 -0.327191 -0.391871 -0.144867 -0.001549 -0.241060 -0.315113 -0.080424 -0.158968 -0.231044 -0.190626 -0.151141 -0.197827 0.170249 0.010790 -0.071193 -0.122150 0.211028 -0.191763 -0.292508 -0.285038 0.085010 0.325836 0.070078 0.084989 -0.019948 0.312587 0.011181 0.175103 -0.212992 0.281369 -0.022882 0.233430 0.172538 0.319585 -0.397372 0.088195 -0.408035 -0.419423 -0.049758 -0.176967 0.094072 0.180141 -0.130462 0.318330 0.145320 0.141308 0.022858 -0.073190 0.058285 0.057364 0.142526 -0.204939 0.046818 -0.186319 -0.176113 0.274045 -0.224618 -0.339382 -0.336517 0.060793 -0.446017 -0.173061 0.354090 0.440338 -0.326699 0.156748 0.214284 0.320728 0.101500 0.349114 0.473066 0.290160
-0.257715 -0.144048 0.522111 0.194250 0.312167 0.294679 0.357626 0.014630 0.192554 0.177670 0.079573 0.122349 0.198193 0.009867 0.291789 0.125316 -0.302183 -0.212330 0.195039 0.152308 0.169769 0.196884 1.000000 0.432130 0.314126 0.339765 0.410365 0.418937 -0.370959 -0.218914 0.170010 0.198208 -0.149069 -0.094814 0.082680 0.319399 0.063403 0.087160 0.061491 0.106941 0.198829 -0.051979 -0.334331 -0.122115 -0.153702 -0.172098 -0.342189 -0.203424 -0.194862 -0.232522 0.027573 -0.277870 -0.107210 -0.033430 -0.102317 -0.087572 0.060964 -0.106320 -0.028518 -0.240866 0.022430 -0.234049 -0.322470 -0.475609 0.278217 0.048541 -0.180911 0.167156 0.124731 0.115268 0.120652 -0.095362 -0.111282 -0.042342 -0.215364 0.122584 -0.068539 -0.054801 -0.117255 -0.209454 -0.330719 -0.301029 0.067740 -0.158526 0.220146 0.011071 -0.082240 0.036245 0.306442 0.127978 0.068292 0.120130 0.198622 0.161388 -0.017358 -0.045659 -0.043412 -0.187822 -0.157798 -0.032960 -0.217792 -0.215855 -0.264729 -0.136454 -0.279249 0.011456 0.071558 0.087502 -0.098989 -0.213159 0.172778 0.017195 -0.052604 0.098773 0.229311 0.106570
0.107329 -0.100627 0.073363 0.650080 0.268121 0.481683 0.341757 0.385547 0.355190 0.324242 0.081302 0.174214 -0.123527 0.117284 0.224418 0.113000 0.034339 -0.265796 0.149042 0.069437 0.056106 0.088206 0.432130 1.000000 0.363295 0.466180 0.570166 0.487671 -0.154218 -0.319982 0.131711 0.047968 -0.485169 -0.155983 -0.040146 -0.064724 -0.109043 -0.076536 -0.139156 0.194235 -0.159862 -0.339690 -0.462182 -0.484163 -0.315734 -0.107686 -0.601960 -0.405196 -0.462604 -0.415660 -0.174520 -0.490658 -0.031194 -0.173543 0.197945 0.127443 -0.110203 -0.301357 -0.185109 -0.175428 -0.227542 -0.188531 -0.159716 -0.475856 0.220806 -0.036683 -0.327021 0.297937 0.071779 -0.117092 0.082147 0.116761 -0.039422 -0.086785 -0.156861 -0.224640 -0.153688 -0.123469 0.178460 -0.392392 -0.019837 -0.160395 0.176439 0.251101 0.135051 0.361333 0.486624 0.402495 0.516701 0.483716 -0.175674 0.078420 0.129036 0.053148 -0.277669 -0.057691 -0.015189 -0.145441 -0.023085 -0.187120 -0.111314 -0.214888 -0.173742 -0.103871 -0.015875 0.171900 -0.256927 -0.194095 0.215675 -0.137465 -0.210200 -0.153428 -0.097233 -0.168342 -0.187626 -0.248695
-0.074637 -0.274051 -0.053308 0.107800 0.494744 0.468265 0.141005 0.057317 0.629174 0.282533 0.097890 -0.078778 -0.055633 0.141597 0.037343 0.163182 0.039341 -0.196722 -0.115704 -0.168402 -0.005176 0.121164 0.314126 0.363295 1.000000 0.592169 0.525213 0.466857 -0.078489 -0.052198 0.193327 0.167367 -0.213257 0.046355 -0.008720 -0.163216 -0.056285 0.073688 -0.191974 -0.012560 -0.001850 -0.167353 -0.330535 -0.415327 -0.253585 -0.102958 -0.305199 -0.243672 -0.305097 -0.288771 -0.039955 -0.276563 -0.223001 0.000643 0.070748 0.059764 -0.183008 -0.205989 -0.204443 -0.199738 0.016086 0.035852 -0.117885 -0.079443 0.331846 0.083995 -0.286452 -0.037312 -0.158486 -0.145797 -0.136055 0.235105 -0.040995 -0.113505 0.019325 -0.085048 -0.181039 -0.059149 -0.008448 -0.030851 -0.041487 0.021670 -0.049585 -0.052828 0.155406 0.226255 0.135314 0.106195 0.228803 0.138786 -0.187440 -0.130223 -0.084015 -0.114697 -0.211847 -0.083149 0.020407 -0.166213 -0.179800 -0.193492 -0.006587 0.053308 0.128277 -0.027377 0.107243 0.121875 -0.013210 -0.003210 0.021783 -0.088252 -0.221629 -0.100769 -0.096663 -0.135274 -0.034288 -0.150635
-0.086127 -0.288373 -0.191039 0.204991 0.202993 0.625688 -0.133623 0.077487 0.251546 0.318731 0.110568 0.112738 -0.166349 0.206572 -0.027959 0.235417 0.014243 -0.050477 -0.046233 -0.109443 0.130332 0.283590 0.339765 0.466180 0.592169 1.000000 0.515290 0.571066 0.034717 0.146184 0.368951 0.451360 -0.020065 0.327928 0.050530 -0.072962 0.050021 0.226679 -0.132402 0.119688 0.054207 -0.176536 -0.201874 -0.334616 -0.272579 0.081297 -0.380501 -0.284813 -0.432805 -0.389799 0.052327 -0.388762 -0.247013 -0.037515 -0.067048 -0.023403 -0.133183 -0.166956 -0.419818 -0.408863 -0.140932 -0.146958 -0.061782 -0.213759 0.422096 0.110518 -0.425814 0.108249 -0.028476 -0.216504 -0.069531 0.175097 0.027625 0.133955 -0.102930 0.103408 -0.085467 -0.161750 0.025407 0.058257 -0.084787 0.152151 -0.153356 0.179166 0.171303 0.336591 0.288068 0.274800 0.214643 0.087343 -0.262707 -0.353954 0.046339 -0.110487 -0.332507 -0.152484 -0.065741 -0.093366 -0.293604 -0.241918 -0.002691 -0.070027 -0.033859 0.045430 0.203694 0.246963 -0.257051 -0.189770 -0.042515 -0.091681 -0.067443 -0.239371 -0.074679 -0.022202 -0.081310 -0.235575
0.098969 -0.002108 0.151571 0.388686 0.479439 0.659142 0.242222 0.144856 0.316310 0.205812 0.141196 0.111642 0.084883 0.169577 0.462462 0.262243 -0.045925 -0.329254 0.127481 0.092273 0.073258 0.138976 0.410365 0.570166 0.525213 0.515290 1.000000 0.789974 -0.147060 -0.278896 0.041096 -0.008878 -0.365506 -0.203125 -0.194326 -0.142710 0.008449 0.031199 -0.071211 0.112452 -0.113347 -0.082549 -0.262191 -0.333845 -0.415548 -0.092383 -0.405089 -0.224227 -0.354313 -0.304016 -0.064950 -0.202456 -0.043816 0.034137 0.182027 0.300145 -0.024515 -0.002813 -0.135648 -0.075722 -0.182102 -0.272456 -0.195161 -0.477426 0.075785 -0.093161 -0.286681 0.041678 0.272964 0.005831 -0.035986 -0.141052 -0.025212 -0.180189 -0.160277 -0.242528 -0.184056 -0.397281 0.123935 -0.207353 -0.062596 -0.011390 0.016096 0.185149 -0.067856 0.124217 0.276427 0.118487 0.472383 0.400778 -0.067256 -0.076286 0.131870 0.016982 -0.413029 -0.210767 0.118637 -0.122080 -0.025140 -0.079181 0.023415 -0.196030 -0.034980 -0.195776 0.142401 0.149959 -0.256125 -0.142528 -0.031504 -0.347949 -0.070210 -0.296790 -0.065244 -0.116158 -0.058330 -0.249985
0.144415 -0.171899 0.081114 0.162897 0.282240 0.680509 0.146648 0.077446 0.262450 0.112979 0.250334 0.262548 0.218429 0.236369 0.385341 0.264198 0.041645 -0.233093 -0.086590 0.040285 0.030297 0.087794 0.418937 0.487671 0.466857 0.571066 0.789974 1.000000 0.011782 -0.058175 0.064722 0.106676 -0.206283 0.035926 -0.079656 -0.168090 0.009152 0.013630 -0.228572 -0.054347 -0.144427 -0.214299 -0.212659 -0.408304 -0.254047 -0.047646 -0.373866 -0.369062 -0.332890 -0.305222 0.114415 -0.212742 0.021001 0.027021 0.093435 0.294309 0.135221 -0.165598 -0.194513 -0.205849 -0.213738 -0.258536 -0.216455 -0.390910 0.124406 -0.143354 -0.303110 -0.029597 0.091811 -0.230235 0.120615 -0.012094 -0.020596 -0.251171 -0.292388 -0.281800 -0.204728 -0.447142 0.321346 -0.086473 0.147529 0.197011 -0.238264 0.253989 -0.008454 0.274829 0.144888 -0.138313 0.432613 0.257953 -0.271989 -0.192121 0.115143 -0.075596 -0.275312 -0.033496 0.154812 0.217925 -0.054828 -0.263839 0.057946 -0.065729 0.053017 -0.035975 0.313771 0.174991 -0.374906 -0.367927 0.192223 -0.265473 -0.115824 -0.511538 -0.344222 -0.257447 -0.286063 -0.311580
0.395170 -0.139503 -0.455837 -0.283085 -0.177507 -0.212234 -0.363664 -0.303091 -0.247623 -0.389832 0.284347 -0.196757 -0.182646 -0.171413 -0.106585 -0.048416 0.523072 0.322755 -0.145297 -0.045773 0.119330 -0.272345 -0.370959 -0.154218 -0.078489 0.034717 -0.147060 0.011782 1.000000 0.358868 0.323574 0.340842 0.419632 0.572703 0.184972 -0.372892 0.103349 -0.029255 -0.299882 -0.437224 -0.196643 0.048365 0.495426 0.138840 0.318493 0.311592 0.268101 0.243913 -0.301325 0.048928 -0.199177 -0.174247 -0.283388 0.061629 0.011477 0.077975 -0.018195 0.209687 -0.502379 -0.217097 -0.232134 -0.039175 0.506778 0.437884 0.096915 -0.507313 -0.220118 -0.382016 -0.076125 -0.438901 0.130591 0.142278 0.598690 -0.050424 0.075270 0.009416 0.168011 -0.033133 0.555851 0.245631 0.687052 0.701323 0.026227 0.448992 0.247534 0.055993 0.077004 -0.170425 -0.282080 -0.509656 -0.520826 -0.336347 -0.363736 -0.380695 -0.062943 0.142446 0.043512 0.508234 0.112902 -0.339823 0.153315 0.161196 0.408473 0.158667 0.455286 0.053177 -0.363734 -0.429632 0.490163 0.332372 -0.022945 -0.387435 -0.247678 -0.283031 -0.461514 -0.329719
0.143616 0.009568 -0.434843 -0.219995 -0.469797 -0.121508 -0.388843 -0.327996 -0.215116 -0.022301 0.170710 0.104722 -0.077811 0.204335 -0.112668 0.227913 0.222585 0.637328 -0.019106 -0.196253 -0.075539 -0.057840 -0.218914 -0.319982 -0.052198 0.146184 -0.278896 -0.058175 0.358868 1.000000 0.284752 0.395105 0.368343 0.395553 -0.144482 -0.199684 0.168443 0.085904 -0.150450 -0.297949 0.080714 0.268566 0.238720 0.069705 0.065406 0.212828 0.116035 0.075529 -0.140061 -0.019136 -0.127782 -0.168006 0.052563 0.201795 -0.147134 -0.263854 -0.063079 0.109869 -0.353671 -0.272267 -0.006775 0.158347 0.411494 0.592082 0.177197 -0.206267 -0.362071 -0.317012 -0.193075 -0.414860 -0.035029 0.132452 0.501557 0.385093 0.371100 0.262457 0.245919 0.001358 0.233510 0.433342 0.286224 0.598995 -0.391457 0.257213 0.153047 0.009029 0.050567 -0.234414 -0.250584 -0.333920 -0.188117 -0.408512 -0.262992 -0.218034 -0.149044 0.002650 -0.266076 0.073908 -0.141930 -0.270372 0.018841 0.294028 0.128458 0.212911 0.245055 0.174050 -0.147161 -0.126037 -0.052734 0.209990 -0.142277 -0.253536 0.119868 -0.010148 -0.092285 -0.187527
0.031903 -0.302754 -0.103863 -0.003553 -0.105150 -0.111809 0.002730 -0.129231 0.047427 0.082085 0.279560 0.042290 -0.080647 -0.189168 0.037951 0.096796 0.192928 0.405786 0.134981 -0.297778 0.391215 0.030675 0.170010 0.131711 0.193327 0.368951 0.041096 0.064722 0.323574 0.284752 1.000000 0.661554 0.431171 0.424973 0.094006 -0.066382 0.120074 0.041550 -0.140534 -0.163067 -0.087171 0.259719 0.082661 -0.106077 -0.079589 0.026654 -0.073390 0.011905 -0.550890 -0.247372 -0.315544 -0.480619 -0.341955 -0.090917 -0.047428 -0.188094 -0.097615 0.128835 -0.561131 -0.513990 0.159028 -0.133630 0.465957 0.171581 0.541299 -0.213078 -0.532325 -0.171870 -0.133434 -0.320203 -0.078947 0.196662 0.389416 0.092520 0.143230 0.405873 0.153510 0.025483 0.070490 0.267178 -0.022380 0.291314 0.027157 0.218309 0.421284 0.228290 0.096350 0.062773 -0.154943 -0.375829 -0.347613 -0.235925 -0.056674 -0.046936 -0.152628 -0.060880 -0.243214 -0.096661 -0.145726 -0.316242 0.005145 0.083907 0.106822 0.121431 0.118283 0.198737 -0.101235 -0.083363 0.051507 0.117504 -0.188642 -0.100655 -0.162025 -0.096348 -0.121116 -0.207747
0.143025 -0.294192 -0.189730 -0.218179 -0.289068 -0.079304 -0.237289 -0.441744 -0.213979 -0.164817 0.291468 -0.062824 -0.065369 -0.184086 -0.115841 0.008107 0.077399 0.525902 0.021443 -0.151853 0.073626 0.331917 0.198208 0.047968 0.167367 0.451360 -0.008878 0.106676 0.340842 0.395105 0.661554 1.000000 0.529501 0.611047 0.172323 -0.071576 0.366794 0.110886 -0.159332 -0.225624 0.299112 0.258014 0.180687 0.092866 -0.042211 -0.098753 0.052935 0.082286 -0.495812 -0.298787 -0.182314 -0.432427 -0.468568 -0.009174 -0.234620 -0.236455 0.170394 0.125986 -0.526161 -0.472822 0.155047 -0.289890 0.394574 0.201976 0.480140 -0.219174 -0.292683 -0.281724 -0.108636 -0.161445 0.105716 0.266686 0.297307 0.198413 0.111932 0.503905 0.368363 0.266282 0.103334 0.376285 0.028851 0.359419 -0.001286 0.169502 0.479559 0.229982 -0.022848 0.175692 -0.090259 -0.364252 -0.471166 -0.462286 -0.337261 -0.316450 0.120717 0.053356 -0.077918 0.166328 -0.249347 -0.129427 -0.085054 0.055961 0.079316 0.265398 -0.019590 -0.050715 -0.012967 0.042875 -0.004691 0.361398 0.037386 -0.042035 -0.177500 0.044230 0.060618 0.030845
-0.070931 -0.184569 -0.121514 -0.507315 -0.332420 -0.287397 -0.294439 -0.428656 -0.347551 -0.245253 0.253025 -0.055777 0.176830 -0.229031 -0.170378 -0.082096 0.103936 0.457687 -0.045047 -0.090148 0.215002 0.116608 -0.149069 -0.485169 -0.213257 -0.020065 -0.365506 -0.206283 0.419632 0.368343 0.431171 0.529501 1.000000 0.627894 0.242763 0.045273 0.293994 0.158942 0.004056 -0.313618 0.212462 0.378644 0.481369 0.368624 0.229985 -0.011743 0.387067 0.349740 -0.048176 0.095623 -0.024802 -0.005778 -0.335724 -0.174295 -0.365596 -0.263244 0.163390 0.206408 -0.338690 -0.295785 0.221591 -0.168894 0.321521 0.324690 0.049060 -0.173547 0.017029 -0.279545 -0.223308 -0.106712 0.205679 0.276908 0.221623 0.236517 0.183076 0.414420 0.257389 0.367971 -0.068392 0.451192 0.109114 0.267763 -0.220134 -0.068420 0.115763 -0.046623 -0.362521 -0.122838 -0.592505 -0.712704 -0.207941 -0.174261 -0.193665 -0.063383 0.287506 0.169054 -0.198400 0.128203 -0.173048 0.045052 0.020123 0.139928 0.140665 0.214514 -0.012121 -0.130609 0.207913 0.100296 -0.095417 0.175236 0.318195 0.084674 -0.096171 0.167005 0.152787 0.232410
0.083870 -0.361103 -0.243516 -0.334427 -0.136766 -0.070364 -0.416823 -0.312122 -0.176478 -0.136161 0.219745 -0.040996 -0.078745 -0.104559 -0.263434 -0.045108 0.188433 0.355621 -0.258424 -0.144918 0.026250 0.072551 -0.094814 -0.155983 0.046355 0.327928 -0.203125 0.035926 0.572703 0.395553 0.424973 0.611047 0.627894 1.000000 0.204291 -0.112448 0.130901 0.003842 -0.328641 -0.280230 0.024273 -0.067182 0.263844 -0.011430 0.240382 0.136122 0.161496 0.094919 -0.308416 -0.068903 -0.084955 -0.253134 -0.413924 -0.007418 -0.042199 -0.115475 0.147270 0.117732 -0.419124 -0.269165 0.003701 0.042196 0.237709 0.264977 0.319097 -0.204906 -0.208433 -0.256964 -0.256877 -0.488558 0.193425 0.314894 0.386583 0.087531 0.007307 0.179725 0.152676 0.183483 0.200743 0.298597 0.290364 0.440716 -0.242436 0.265152 0.239075 0.200387 -0.012614 -0.071143 -0.237708 -0.451717 -0.452580 -0.415502 -0.229220 -0.210193 0.109220 0.163193 0.064950 0.408912 0.041904 -0.285543 0.104151 0.185176 0.300185 0.197982 0.266262 -0.091938 -0.193406 -0.193993 0.244954 0.198880 0.004897 -0.138036 -0.280435 -0.074822 -0.320636 -0.092740
-0.206736 -0.131799 0.041733 -0.129228 0.091602 -0.013161 0.068882 0.062458 -0.143672 -0.097112 -0.050242 -0.067784 -0.146998 -0.306369 -0.335708 -0.246967 -0.044650 -0.090166 -0.061738 0.209987 0.217981 0.165312 0.082680 -0.040146 -0.008720 0.050530 -0.194326 -0.079656 0.184972 -0.144482 0.094006 0.172323 0.242763 0.204291 1.000000 0.424056 0.167176 0.173883 -0.133632 -0.161726 0.273352 0.008751 0.077247 0.061947 0.191408 -0.051833 0.022759 -0.034286 -0.034101 -0.015140 0.098605 -0.113508 -0.412644 -0.277220 -0.262431 -0.280516 -0.020818 -0.102743 -0.157866 -0.271293 -0.008899 -0.443141 -0.179835 -0.262475 0.173566 0.037034 0.217312 0.290172 -0.073118 0.128789 0.150819 0.235583 -0.078559 -0.055694 -0.145464 0.100015 0.153430 0.373936 0.137557 0.011006 -0.043571 -0.055338 0.205073 -0.104655 0.217050 0.320909 -0.262259 0.109433 -0.261697 -0.378155 -0.152902 -0.031136 0.075950 0.061756 0.441185 0.448240 -0.052536 0.359250 -0.239681 -0.047659 -0.100073 -0.097748 -0.033508 0.021708 -0.072008 0.047302 0.099403 0.036120 0.178370 0.260903 0.244550 0.089391 -0.135297 0.064556 0.050699 0.301788
-0.503559 -0.036492 0.463275 0.106851 0.147243 0.044148 0.352909 0.060676 -0.099585 0.244212 -0.111486 0.179963 0.241827 0.026859 -0.027004 -0.041998 -0.231237 -0.077300 0.280817 0.336161 0.209549 0.303321 0.319399 -0.064724 -0.163216 -0.072962 -0.142710 -0.168090 -0.372892 -0.199684 -0.066382 -0.071576 0.045273 -0.112448 0.424056 1.000000 0.193041 0.247374 0.175160 0.228394 0.400134 0.117157 -0.170941 0.148044 -0.002080 -0.219348 -0.203632 -0.061360 0.093974 -0.121819 0.076484 -0.130980 -0.266271 -0.269804 -0.406343 -0.371662 -0.045220 -0.103284 0.041177 -0.292109 0.244282 -0.249634 -0.346494 -0.352222 0.135951 0.434177 0.070235 0.369367 0.086190 0.314725 -0.103993 -0.147465 -0.280684 0.275460 -0.014406 0.404107 0.291858 0.320558 -0.327957 -0.014617 -0.453647 -0.440038 0.244516 -0.320522 0.127325 0.157528 -0.340402 0.317990 -0.162363 -0.112001 0.106124 0.173361 0.178253 0.098871 0.358927 0.215902 -0.274248 -0.171395 -0.277961 0.379978 -0.242169 -0.316080 -0.364848 -0.157106 -0.604674 -0.121616 0.426682 0.409096 -0.316301 0.063101 0.340360 0.436000 0.066945 0.395516 0.506896 0.520356
