1.000000 0.565717 0.356902 0.369869 0.287541 0.141492 0.115116 -0.042805 0.028353 0.151339 -0.431274 -0.441122 -0.470172 -0.389264 0.455546 0.423053 -0.354646 -0.244157 0.536962 0.206006 0.011423 0.237213 -0.201577 -0.220841 0.004176 -0.173964 0.115939 0.139072 -0.416709 -0.621277 -0.032631 -0.434531 -0.500444 -0.684716 -0.397530 -0.352915 0.120033 -0.593711 0.159893 0.271107 0.155871 -0.081748 -0.506469 -0.358550 -0.268241 -0.453727 -0.193514 -0.226677 -0.300042 -0.201125 -0.450289 -0.233845 0.431296 -0.206179 0.478679 -0.044088 0.813372 0.757892 0.785737 0.711962 0.499476 0.460740 -0.038929 0.075542 -0.276585 -0.221848 0.437045 -0.208944 0.532972 0.281555 0.109822 -0.106453 -0.439205 -0.547902 -0.249893 -0.076412 -0.280171 -0.414020 -0.325624 -0.448118 -0.497195 -0.644255 0.113752 0.419264 -0.469429 -0.333084 0.361922 0.174430 0.772494 0.738735 0.173779 -0.080661 -0.430152 -0.323481 0.168911 0.096948 -0.456515 -0.254502 0.223644 0.178388 -0.057452 -0.191830 -0.148353 -0.351361 -0.158405 0.043406 0.157360 0.296095 0.154292 -0.705001 -0.731125 -0.638997 0.184472 0.162173 0.050780 0.086217
0.565717 1.000000 0.174781 0.619577 0.170343 0.057051 -0.222921 0.190672 0.088614 -0.073712 -0.158840 -0.189676 -0.394858 -0.129334 0.407898 0.260455 -0.277521 -0.325854 0.659289 0.585759 0.155241 0.183620 -0.311036 -0.266177 -0.075719 -0.232955 0.029337 0.163608 -0.453616 -0.322309 -0.223052 -0.373641 -0.470212 -0.368526 -0.056419 0.188463 0.031397 -0.219614 0.110731 0.456253 0.262008 0.081789 -0.282250 -0.122437 -0.486807 -0.378368 -0.029730 -0.040307 -0.418967 -0.388061 -0.337824 -0.213142 0.265662 -0.003080 0.308173 0.101850 0.453354 0.799532 0.547142 0.640706 -0.010692 0.192609 -0.146167 0.029144 -0.322854 0.071111 0.453064 0.228694 0.703106 0.393600 -0.439694 -0.445472 -0.633773 -0.350231 -0.356680 -0.057367 -0.108115 -0.204920 -0.300661 -0.318710 -0.364188 -0.448945 0.080575 0.345531 -0.233748 -0.278133 0.114783 0.057666 0.357717 0.377937 0.164991 0.100977 -0.182980 -0.034878 0.227513 0.002810 -0.035954 -0.139972 0.104892 -0.024364 -0.063484 -0.299505 -0.112531 -0.278458 -0.170212 -0.193794 0.201989 0.247784 -0.028128 -0.290460 -0.358162 -0.420343 0.113828 0.284052 0.304193 0.151647
0.356902 0.174781 1.000000 0.258527 -0.087875 0.321786 0.548240 0.387224 -0.045965 -0.180164 -0.322330 -0.182207 -0.303801 -0.348911 0.237476 0.412184 -0.306735 -0.290585 0.147922 -0.015036 0.124508 0.089017 0.542013 0.223511 -0.194352 0.053018 0.262139 0.417085 -0.493633 -0.439746 -0.439838 -0.406937 -0.453918 -0.418973 0.024401 -0.128281 -0.282174 -0.528492 -0.219072 -0.019472 -0.231459 -0.500715 -0.218256 -0.121174 -0.194839 -0.232959 -0.187240 -0.390205 -0.079650 -0.070301 -0.186438 -0.018506 0.108236 -0.108283 0.216625 -0.086511 0.161000 0.193852 0.258517 0.336829 0.121135 0.195934 -0.157974 -0.273622 0.127863 -0.076426 0.162763 -0.058723 0.127525 0.061497 0.126509 0.027780 -0.352528 -0.334490 -0.184103 -0.112746 -0.367814 -0.192953 -0.105995 -0.391551 -0.517216 -0.446263 -0.008107 0.087072 -0.380282 -0.032876 0.063279 -0.150407 0.572995 0.478400 -0.021980 -0.050193 0.096249 -0.035533 -0.117021 -0.233883 -0.209839 -0.373812 -0.321288 -0.263841 -0.156897 -0.137089 -0.167239 -0.127379 0.065475 0.169954 -0.057300 0.024208 -0.161109 -0.401226 -0.354860 -0.515352 -0.101719 -0.306319 -0.066951 -0.209634
0.369869 0.619577 0.258527 1.000000 -0.048477 0.405941 -0.190434 0.476039 0.004368 0.191417 -0.318630 -0.397263 -0.478600 -0.092161 0.300641 0.387524 -0.323822 -0.379913 0.670112 0.660310 0.259486 0.311694 -0.221798 0.210681 0.092636 0.086697 0.130176 0.534801 -0.519238 -0.436375 -0.430055 -0.648901 -0.486621 -0.462015 -0.204757 0.054701 0.153761 -0.119424 -0.176985 0.308682 0.105834 -0.000728 -0.302452 -0.154589 -0.539442 -0.363322 -0.053517 -0.314520 -0.364710 -0.338909 -0.281549 -0.134008 0.316667 0.144382 0.098502 -0.075545 0.247316 0.470811 0.381507 0.584949 -0.115046 0.099959 -0.141501 -0.104935 -0.207033 0.096700 0.419709 0.383576 0.516147 0.442310 -0.331793 -0.366399 -0.609080 -0.370444 -0.397261 -0.168401 -0.197666 -0.271655 -0.116674 -0.356807 -0.346318 -0.315927 -0.049865 0.001632 -0.403062 -0.197653 0.057396 -0.113967 0.342126 0.270481 0.162658 0.097608 -0.036040 -0.051606 0.033121 -0.073828 -0.131981 -0.105623 -0.192090 -0.190779 -0.162312 -0.288628 -0.263610 -0.204541 -0.027608 -0.048967 0.224050 0.117050 -0.205253 -0.374334 -0.277498 -0.490752 -0.194959 -0.003771 0.266744 -0.019635
0.287541 0.170343 -0.087875 -0.048477 1.000000 -0.096981 0.167743 -0.052625 0.418137 0.190759 -0.261523 -0.246714 -0.342910 -0.365234 0.347950 0.056145 -0.353803 -0.150886 0.256536 0.114842 0.012169 0.126602 -0.400110 -0.255487 0.220256 -0.270267 0.196189 -0.219049 -0.129544 -0.151594 0.209378 0.022183 -0.169736 -0.079781 -0.083554 -0.052264 0.079851 -0.002943 0.473696 0.289756 0.127579 0.060629 0.117969 0.174357 0.057529 0.068135 0.050825 -0.090609 -0.037832 0.018578 0.157197 0.178866 -0.128831 -0.193621 0.213729 0.174509 0.120613 0.173821 0.064576 -0.055913 -0.022708 -0.193273 -0.194817 0.117906 -0.148098 -0.098679 0.039967 -0.114310 0.152633 0.066888 -0.091216 -0.223155 -0.206102 -0.155750 -0.149737 0.052711 0.014590 -0.034978 -0.480646 -0.118234 -0.214564 -0.151186 0.336724 0.248423 -0.021091 -0.015262 0.108731 0.364417 0.055410 0.003251 -0.041892 -0.001244 -0.316737 -0.279196 0.190844 0.121037 -0.118770 0.122032 0.182766 0.126308 -0.034713 -0.136369 0.065141 -0.160505 0.005806 -0.035974 -0.116334 0.068047 0.115232 -0.073490 -0.121067 -0.044408 0.125720 0.095403 -0.046497 0.251946
0.141492 0.057051 0.321786 0.405941 -0.096981 1.000000 0.138657 0.428382 0.121259 0.550645 -0.242394 -0.278912 -0.396180 -0.227582 0.085669 0.606258 0.048932 -0.396743 0.222419 0.101807 0.461252 0.488791 0.154442 0.198019 0.354661 0.557728 0.693141 0.714837 -0.283680 -0.295049 -0.407262 -0.390362 -0.255848 -0.273278 -0.172709 -0.158576 0.043465 -0.367759 -0.131828 0.098413 0.051235 -0.073044 -0.356289 -0.313485 -0.228830 -0.277805 -0.326071 -0.284073 -0.177967 -0.176533 -0.413460 -0.329047 0.167204 -0.051448 -0.119751 -0.091235 0.196496 0.083049 0.114545 0.190099 0.155842 -0.067613 -0.145757 -0.343785 0.071977 -0.008504 -0.089064 0.117059 0.122197 0.118375 0.005350 -0.043486 -0.246685 -0.287573 -0.269868 -0.433047 -0.378573 -0.280878 0.107266 -0.354256 -0.122874 -0.396855 0.173918 0.030712 -0.143175 -0.386363 -0.107789 -0.167001 0.383267 0.093745 0.153869 0.097685 0.046221 0.064486 0.125346 -0.022862 -0.064251 -0.163518 -0.143342 -0.117759 0.040473 0.062073 -0.058760 0.087978 0.130366 0.167129 0.012049 -0.099537 -0.021615 -0.276284 -0.290638 -0.216092 -0.378244 -0.086484 0.013058 -0.093471
0.115116 -0.222921 0.548240 -0.190434 0.167743 0.138657 1.000000 0.146236 -0.116458 -0.072774 -0.084374 0.117125 -0.077192 -0.262760 0.045792 0.191125 -0.145676 -0.004863 -0.089635 -0.193035 -0.042087 -0.023003 0.351127 0.172183 -0.076942 -0.032707 0.168630 0.098424 -0.120474 -0.051880 -0.022941 0.066541 0.091758 0.023456 -0.129773 -0.287240 -0.178274 -0.258545 0.082442 -0.082712 -0.237133 -0.332976 0.069200 0.128144 0.000917 -0.142168 -0.018262 -0.320245 -0.082683 -0.106039 0.064388 0.083274 -0.156877 -0.178096 0.274338 0.159638 -0.151505 -0.253982 -0.186300 -0.281499 0.125038 -0.079046 -0.043547 -0.026848 0.215311 -0.238839 -0.261471 -0.412044 -0.189066 -0.073072 0.266608 0.270411 0.031347 0.049114 0.117177 -0.032384 -0.045687 -0.072182 -0.139868 -0.087167 -0.296913 -0.124880 0.207868 0.068303 -0.159557 0.104149 0.303398 0.217756 0.363140 0.211617 -0.060324 -0.025717 0.047966 -0.142566 -0.181416 -0.341828 0.034011 -0.261834 -0.256658 -0.146544 -0.055270 0.183562 0.040332 -0.071750 0.127885 0.148691 -0.223557 -0.129754 -0.089499 -0.102843 -0.076118 -0.045397 -0.164015 -0.324245 -0.186243 -0.174047
-0.042805 0.190672 0.387224 0.476039 -0.052625 0.428382 0.146236 1.000000 -0.027696 0.080333 -0.182387 -0.095709 -0.175029 0.041745 0.213309 0.516321 -0.082529 -0.317833 -0.028427 -0.001513 0.287878 0.270322 0.168119 0.568222 0.005658 0.201583 0.231135 0.461618 -0.224197 -0.266540 -0.462968 -0.355172 -0.138406 0.066312 0.285503 0.183595 0.060579 -0.237088 -0.352068 -0.004248 -0.291795 -0.294118 -0.155776 -0.182930 -0.233833 -0.078567 -0.101544 -0.247678 -0.122031 -0.025663 -0.202031 -0.092023 -0.048842 -0.090624 -0.000310 -0.091805 -0.069595 -0.001008 -0.050888 0.112295 0.073116 0.121218 0.210024 -0.120623 0.298845 0.124604 -0.179207 0.060748 -0.201247 -0.223987 -0.070788 -0.006348 -0.325476 -0.235292 -0.147282 -0.224890 -0.223909 -0.172121 -0.123890 -0.319475 -0.101993 -0.237911 -0.246674 -0.140584 -0.320121 -0.265094 -0.303809 -0.199550 0.221197 0.042902 -0.115231 -0.078614 0.121666 0.026658 0.015515 -0.046927 -0.024738 -0.010824 -0.461874 -0.291696 -0.298432 -0.213019 -0.268543 -0.108065 -0.155579 -0.179708 -0.059715 -0.218917 -0.031011 -0.132212 -0.113984 -0.193557 -0.323767 -0.350161 -0.067270 -0.168492
0.028353 0.088614 -0.045965 0.004368 0.418137 0.121259 -0.116458 -0.027696 1.000000 0.292592 -0.225946 -0.209704 -0.188738 -0.194494 0.442331 -0.171569 -0.153977 -0.225955 0.126810 0.095442 0.210269 0.200376 -0.047414 -0.143539 0.326854 0.264914 0.511579 0.022533 -0.183883 -0.181018 -0.249602 -0.122323 -0.160687 -0.073015 0.007073 0.127552 -0.122543 -0.001537 0.150342 0.046637 0.050981 0.154082 -0.092911 -0.141544 -0.095943 -0.066392 0.020524 0.041435 0.069723 0.094689 -0.213445 0.062041 0.122759 0.186608 -0.085778 0.015017 0.069211 0.105942 0.115776 0.079116 0.072187 -0.045497 -0.341702 -0.116268 -0.160322 -0.037937 0.076259 0.199220 0.196605 0.002218 -0.163664 -0.311464 -0.102463 -0.095477 -0.270386 -0.110144 -0.125024 -0.125504 -0.081019 -0.259422 -0.154947 -0.249729 0.107305 -0.032581 -0.078677 -0.232615 -0.307233 -0.039666 -0.010477 -0.045537 0.071232 0.098635 -0.076195 0.028945 0.305343 0.004222 -0.140060 0.059680 0.207717 -0.039493 0.100659 -0.070170 0.075693 0.065850 0.049889 -0.038432 -0.032982 -0.027516 0.162925 -0.097604 -0.185763 -0.041345 0.113419 0.136611 0.046835 0.132874
0.151339 -0.073712 -0.180164 0.191417 0.190759 0.550645 -0.072774 0.080333 0.292592 1.000000 -0.099609 -0.227617 -0.177907 -0.005120 -0.086442 0.198865 0.239469 -0.070464 0.065020 -0.017394 0.264449 0.325859 -0.154391 0.052675 0.665194 0.571686 0.374279 0.122445 0.110141 -0.160382 0.144031 -0.007037 0.101659 -0.039565 -0.306266 -0.264757 0.128570 -0.168869 -0.034670 0.020648 0.016483 0.233702 -0.370717 -0.445395 -0.092707 -0.150829 -0.201352 -0.044368 -0.151236 -0.101289 -0.320571 -0.382402 0.208981 0.020163 -0.045070 -0.111495 0.303255 0.043251 0.119434 0.016907 0.276471 -0.024640 -0.040123 -0.080764 0.057334 -0.039866 -0.075704 0.032412 0.111039 -0.030403 0.194858 -0.011030 0.062444 -0.068426 0.072617 -0.277387 -0.133435 -0.247593 0.184450 -0.079781 0.113530 -0.124701 0.015869 -0.260808 -0.012002 -0.449151 0.093459 0.207939 0.179077 -0.009065 -0.050130 -0.044653 -0.135403 0.074607 -0.055606 0.115110 -0.091446 -0.092453 -0.079187 -0.190152 -0.029189 0.099189 -0.133290 0.065129 -0.144267 0.005763 -0.053887 -0.219976 0.053807 -0.175614 -0.181707 -0.117123 -0.269580 -0.109234 -0.100200 -0.153737
-0.431274 -0.158840 -0.322330 -0.318630 -0.261523 -0.242394 -0.084374 -0.182387 -0.225946 -0.099609 1.000000 0.666875 0.681598 0.677975 -0.413557 -0.303701 0.569028 0.337089 -0.384985 -0.097938 -0.210420 -0.174985 0.161552 -0.022766 -0.131935 -0.063994 -0.289199 -0.140472 0.459973 0.574691 0.272677 0.522335 0.434862 0.548256 0.249865 0.316554 0.059376 0.290533 -0.128439 -0.241253 0.100614 0.165470 0.227006 0.184724 0.067579 0.035826 0.075811 0.145101 0.032957 -0.104270 0.208920 0.004869 -0.223216 0.117755 -0.217833 0.063569 -0.390008 -0.319641 -0.398811 -0.500990 -0.169919 -0.173190 0.050984 0.241848 0.207895 0.128551 -0.392733 -0.233143 -0.252803 -0.227630 -0.319665 -0.028301 0.390961 0.460926 0.378903 0.066031 0.311742 0.265182 0.495921 0.564664 0.453567 0.452898 -0.106721 -0.291304 0.534105 0.336973 -0.008618 -0.015559 -0.335160 -0.404628 -0.163012 -0.109719 0.002397 0.074650 -0.216775 -0.222422 0.445343 -0.073448 -0.114940 -0.122048 0.144620 0.217486 0.129687 -0.069968 -0.074944 -0.147937 -0.263422 -0.235782 -0.214598 0.466744 0.435539 0.385101 -0.163925 -0.014724 0.100931 -0.072918
-0.441122 -0.189676 -0.182207 -0.397263 -0.246714 -0.278912 0.117125 -0.095709 -0.209704 -0.227617 0.666875 1.000000 0.595133 0.658081 -0.208350 -0.280446 0.407565 0.526323 -0.530928 -0.262092 0.023245 -0.092904 0.220199 -0.059519 -0.099274 -0.092214 -0.221075 -0.148873 0.459241 0.577435 0.248075 0.556957 0.364031 0.485963 0.205672 0.122228 -0.055388 0.200014 -0.088103 -0.153807 0.112381 0.049290 0.196210 0.155587 -0.009743 -0.026843 0.039897 0.084122 0.063204 -0.076202 0.234486 0.003837 -0.375236 0.039252 -0.126932 0.151475 -0.438314 -0.423987 -0.495178 -0.517266 -0.186453 -0.081912 0.290349 0.158987 0.222494 0.126782 -0.509531 -0.255626 -0.295121 -0.381388 -0.040970 0.116826 0.419610 0.405486 0.222089 0.035409 0.217448 0.248723 0.270337 0.361648 0.328890 0.395511 -0.045015 -0.172306 0.303886 0.245662 0.068022 0.135852 -0.334492 -0.288289 -0.139092 -0.048867 0.229503 0.196919 -0.020060 -0.173155 0.370688 0.033986 -0.207095 -0.164958 0.090482 0.110234 0.071495 -0.042579 0.036390 -0.029077 -0.194965 -0.324580 -0.063365 0.557869 0.352218 0.427842 -0.102496 -0.045065 0.065788 -0.086579
-0.470172 -0.394858 -0.303801 -0.478600 -0.342910 -0.396180 -0.077192 -0.175029 -0.188738 -0.177907 0.681598 0.595133 1.000000 0.655286 -0.325137 -0.407037 0.464382 0.480079 -0.595586 -0.349088 -0.256679 -0.355225 0.165092 0.191098 -0.173779 -0.001996 -0.373135 -0.226588 0.526696 0.509654 0.219137 0.438407 0.542665 0.510113 0.187674 0.059698 -0.079685 0.222917 -0.280754 -0.426409 -0.085502 0.077191 0.234624 0.089785 0.425817 0.293978 0.169487 0.243748 0.446665 0.407707 0.223970 0.232683 -0.230660 0.221314 -0.200182 -0.023974 -0.366871 -0.459048 -0.353470 -0.478369 -0.059086 -0.016443 0.292549 0.263558 0.059713 0.044230 -0.404448 -0.259461 -0.450603 -0.492055 0.026663 0.148277 0.591799 0.474810 0.482518 0.134334 0.186480 0.137254 0.391201 0.574803 0.521596 0.497984 -0.332857 -0.372656 0.274730 0.281153 -0.080155 0.033846 -0.385608 -0.334960 -0.336029 -0.362952 -0.027141 -0.021459 -0.287733 -0.106828 0.201423 -0.063789 -0.202789 -0.166764 -0.130028 0.175136 -0.010754 -0.022721 -0.032049 -0.040480 -0.179137 -0.033861 -0.215565 0.422579 0.255878 0.308793 -0.035095 -0.271214 -0.124951 -0.349776
-0.389264 -0.129334 -0.348911 -0.092161 -0.365234 -0.227582 -0.262760 0.041745 -0.194494 -0.005120 0.677975 0.658081 0.655286 1.000000 -0.286687 -0.247398 0.499049 0.535786 -0.393779 -0.064577 -0.131716 -0.129525 0.112701 0.168773 -0.091002 -0.015695 -0.329883 -0.043062 0.396708 0.392714 0.130378 0.341976 0.408794 0.476239 0.175745 0.203101 0.012741 0.144789 -0.289250 -0.239985 0.056042 0.154732 -0.103153 -0.135079 -0.030868 -0.089781 -0.000322 0.023361 0.064059 -0.043761 0.043861 -0.161285 -0.106254 0.100965 -0.192240 -0.148456 -0.229684 -0.254037 -0.212547 -0.250312 0.022650 0.196128 0.379454 0.397790 0.249376 0.143442 -0.296170 -0.098936 -0.212065 -0.302886 -0.172957 0.034384 0.375270 0.334533 0.302643 -0.028566 0.126934 0.062014 0.440556 0.371013 0.416776 0.460100 -0.350802 -0.499697 0.109933 0.029087 -0.072307 -0.088742 -0.277000 -0.313099 -0.195286 -0.197598 0.078458 0.108157 -0.235403 -0.232700 0.207973 -0.096741 -0.329946 -0.295237 -0.000366 0.085328 -0.047979 -0.092488 -0.103476 -0.183406 -0.048611 -0.163784 -0.253253 0.375651 0.214932 0.153521 -0.286147 -0.195686 -0.023198 -0.245243
0.455546 0.407898 0.237476 0.300641 0.347950 0.085669 0.045792 0.213309 0.442331 -0.086442 -0.413557 -0.208350 -0.325137 -0.286687 1.000000 0.281860 -0.484251 -0.215164 0.258819 0.133777 0.238854 0.246512 -0.192928 0.023796 0.023469 -0.101574 0.341842 0.193162 -0.406439 -0.457558 -0.395132 -0.460211 -0.452827 -0.382680 -0.096716 -0.060790 0.108559 -0.266203 0.238838 0.216366 0.155653 -0.147274 -0.197744 -0.100363 -0.174250 -0.203325 -0.052323 -0.262996 0.018841 0.072759 -0.131036 0.152498 0.138005 -0.099940 0.349290 0.066229 0.212590 0.359035 0.321818 0.348481 0.177570 0.186224 -0.045821 0.127730 -0.193130 -0.119602 0.146173 -0.082471 0.258436 0.036356 -0.173277 -0.301245 -0.492237 -0.463912 -0.662523 -0.184155 -0.263325 -0.263662 -0.467914 -0.445401 -0.398358 -0.421576 0.188005 0.375309 -0.316396 -0.103435 -0.086235 0.023850 0.417330 0.333256 0.089170 -0.045239 -0.229586 -0.350834 0.439697 0.023058 -0.346317 0.098923 0.140344 0.072286 -0.136941 -0.347539 -0.104679 -0.376858 -0.077020 -0.185436 0.011529 0.211278 0.110205 -0.385498 -0.447290 -0.361443 0.138288 0.091825 0.067279 0.172457
0.423053 0.260455 0.412184 0.387524 0.056145 0.606258 0.191125 0.516321 -0.171569 0.198865 -0.303701 -0.280446 -0.407037 -0.247398 0.281860 1.000000 -0.123751 -0.366294 0.220890 -0.006345 0.290657 0.452544 0.111343 0.264026 0.128321 0.207556 0.343461 0.504911 -0.238993 -0.446209 -0.298230 -0.463038 -0.346686 -0.378477 -0.022299 -0.148956 0.215017 -0.510690 -0.024733 0.165717 -0.004297 -0.264922 -0.374905 -0.337889 -0.166653 -0.213494 -0.422919 -0.459192 -0.199329 -0.078147 -0.341026 -0.237015 0.179153 -0.307812 0.160282 -0.078695 0.289487 0.229323 0.261899 0.333913 0.247357 0.196559 0.173709 -0.176738 0.160429 0.040705 0.030592 -0.052942 -0.011962 0.042359 -0.021188 -0.048891 -0.471939 -0.548603 -0.290185 -0.393334 -0.384044 -0.379983 -0.244209 -0.424416 -0.271106 -0.491177 0.106836 0.355184 -0.238473 -0.237682 0.089612 0.075851 0.551157 0.384403 0.015237 -0.076471 -0.135562 -0.127943 0.177871 -0.006951 -0.312955 -0.121538 -0.153137 0.006403 -0.248954 -0.179155 -0.298944 -0.186445 -0.093769 0.004176 -0.134163 -0.100763 0.105359 -0.538277 -0.401977 -0.406404 -0.167198 -0.086111 -0.026486 -0.019722
-0.354646 -0.277521 -0.306735 -0.323822 -0.353803 0.048932 -0.145676 -0.082529 -0.153977 0.239469 0.569028 0.407565 0.464382 0.499049 -0.484251 -0.123751 1.000000 0.214503 -0.403286 -0.311558 -0.016577 0.090085 0.269900 -0.032988 0.193845 0.308153 -0.119658 -0.065046 0.615549 0.405895 0.271634 0.499428 0.518856 0.508047 0.222371 0.046738 -0.058699 0.053240 -0.246707 -0.230627 -0.088543 0.248684 -0.168183 -0.339946 0.074270 -0.078405 -0.284034 0.039120 0.053543 -0.004899 -0.153858 -0.367787 -0.087390 -0.078711 -0.276715 -0.048643 -0.073045 -0.219695 -0.309000 -0.382280 0.128954 -0.103078 0.170697 0.105626 0.328135 -0.131300 -0.434347 -0.155137 -0.294271 -0.245138 0.084192 0.257108 0.546836 0.358582 0.567240 -0.213798 0.107439 0.105236 0.671521 0.299838 0.632649 0.256517 -0.059344 -0.269973 0.403511 -0.120186 0.016602 -0.002299 -0.169810 -0.213557 -0.071662 0.029396 -0.002984 0.204531 -0.196199 0.085286 0.256216 -0.076991 -0.033239 0.040980 0.103458 0.205379 0.072173 0.114475 -0.195048 -0.138348 -0.083393 -0.422623 0.146700 0.250208 0.178121 0.339153 -0.274403 0.044038 -0.071332 -0.117562
-0.244157 -0.325854 -0.290585 -0.379913 -0.150886 -0.396743 -0.004863 -0.317833 -0.225955 -0.070464 0.337089 0.526323 0.480079 0.535786 -0.215164 -0.366294 0.214503 1.000000 -0.473491 -0.323329 -0.260449 -0.255702 0.036952 0.077863 -0.141946 -0.143386 -0.299954 -0.260283 0.395380 0.338562 0.398049 0.407321 0.425334 0.339811 -0.162053 -0.194866 0.005611 0.050153 0.023197 -0.172410 0.175630 0.123016 0.042923 0.022627 0.261939 0.063166 0.189399 -0.025448 0.115686 0.153511 0.310712 0.075179 -0.085096 -0.012857 -0.052506 -0.037621 -0.150322 -0.370271 -0.212902 -0.404734 0.002385 0.136039 0.491998 0.531917 0.118339 0.089008 -0.327736 -0.360029 -0.298695 -0.386246 0.215027 0.355242 0.469557 0.282410 0.276906 0.095120 0.101701 0.048841 0.237054 0.568404 0.378328 0.596616 -0.185591 -0.281199 0.063748 0.143306 0.019859 0.088940 -0.257534 -0.188074 -0.187885 -0.293419 -0.011892 -0.067117 -0.212546 -0.071289 0.042106 0.003329 -0.129676 -0.011654 -0.010910 0.115696 0.005460 -0.122246 0.007374 -0.009058 -0.105622 -0.040495 -0.175247 0.230217 0.101923 0.189770 0.013360 -0.185700 -0.162170 -0.155866
0.536962 0.659289 0.147922 0.670112 0.256536 0.222419 -0.089635 -0.028427 0.126810 0.065020 -0.384985 -0.530928 -0.595586 -0.393779 0.258819 0.220890 -0.403286 -0.473491 1.000000 0.829083 0.127046 0.206428 -0.372373 -0.325898 -0.037832 -0.189149 0.144522 0.279750 -0.527573 -0.344843 -0.187990 -0.444525 -0.521630 -0.556784 -0.288283 0.035471 0.152959 -0.044308 0.187933 0.481960 0.293898 0.223695 -0.099047 0.074995 -0.459092 -0.343019 0.037120 -0.181956 -0.362857 -0.408838 -0.195256 -0.010266 0.316901 0.125572 0.139875 0.102310 0.320981 0.598914 0.451955 0.556575 -0.209005 -0.082078 -0.413448 -0.103856 -0.497152 -0.174139 0.623308 0.333997 0.796987 0.727527 -0.349754 -0.414130 -0.532835 -0.240804 -0.327639 -0.001350 0.005850 -0.152912 -0.187737 -0.298043 -0.329219 -0.338531 0.289007 0.343724 -0.193456 -0.065948 0.224917 0.049381 0.278046 0.273750 0.261031 0.225796 -0.323681 -0.238731 0.204656 0.014491 -0.085430 -0.074128 0.198303 0.156927 -0.052431 -0.148240 -0.077254 -0.158007 0.060433 0.023022 0.230809 0.276988 -0.097932 -0.325252 -0.269375 -0.345416 0.123708 0.315905 0.376559 0.260705
0.206006 0.585759 -0.015036 0.660310 0.114842 0.101807 -0.193035 -0.001513 0.095442 -0.017394 -0.097938 -0.262092 -0.349088 -0.064577 0.133777 -0.006345 -0.311558 -0.323329 0.829083 1.000000 0.158274 0.068232 -0.305631 -0.166086 0.037449 -0.129797 0.031357 0.249796 -0.429747 -0.119465 -0.270347 -0.366114 -0.308812 -0.280349 -0.292145 0.141507 0.216278 0.229057 0.162178 0.478199 0.464446 0.370663 0.005335 0.186187 -0.450347 -0.289530 0.200613 -0.120671 -0.307809 -0.390717 -0.087645 0.042585 0.205135 0.333609 0.079101 0.150421 0.011623 0.357274 0.188493 0.370517 -0.374749 -0.153805 -0.400228 -0.043997 -0.434469 -0.019930 0.434987 0.418304 0.698664 0.677649 -0.589349 -0.503348 -0.445782 -0.012627 -0.265041 0.114552 0.173865 -0.032010 -0.032797 -0.057953 -0.191778 -0.061991 0.139709 0.102705 -0.063501 0.056045 0.151244 -0.021901 0.024635 0.027985 0.161054 0.157208 -0.156194 -0.109086 0.143443 -0.197829 0.194676 -0.095355 0.003734 -0.040066 -0.011210 -0.053287 -0.020627 -0.100648 0.164729 -0.033550 0.107164 0.182402 -0.373106 -0.046329 -0.031501 -0.195560 0.012487 0.227602 0.498413 0.144973
0.011423 0.155241 0.124508 0.259486 0.012169 0.461252 -0.042087 0.287878 0.210269 0.264449 -0.210420 0.023245 -0.256679 -0.131716 0.238854 0.290657 -0.016577 -0.260449 0.127046 0.158274 1.000000 0.656063 0.038965 0.029303 0.567361 0.534748 0.649800 0.506340 0.084472 0.154932 -0.172238 -0.162096 -0.105518 -0.078545 -0.087424 -0.091131 0.174796 0.089008 0.134760 0.325128 0.296181 0.231628 -0.140703 -0.109548 -0.425192 -0.331587 0.050172 -0.163035 -0.338704 -0.228791 -0.375138 -0.169686 -0.326711 -0.106867 0.066979 0.413756 0.018894 -0.002208 -0.074739 0.037471 -0.062574 -0.092278 -0.064867 -0.227833 -0.099181 -0.011714 -0.248196 0.110240 0.093542 -0.154108 -0.054663 -0.116636 0.026832 0.070689 -0.177894 0.115002 0.139618 0.163121 -0.027233 -0.199393 0.104190 -0.113788 -0.152027 -0.125730 0.105883 -0.202495 0.006158 0.005648 0.002807 -0.020488 -0.256158 -0.095718 0.149320 0.256359 0.393178 0.037446 0.212069 0.099532 -0.265109 -0.150114 -0.101527 0.071287 -0.055358 0.080975 0.128142 0.076117 -0.265017 -0.282391 -0.032320 0.181211 -0.092146 -0.026482 0.129569 0.013747 0.385258 -0.012133
0.237213 0.183620 0.089017 0.311694 0.126602 0.488791 -0.023003 0.270322 0.200376 0.325859 -0.174985 -0.092904 -0.355225 -0.129525 0.246512 0.452544 0.090085 -0.255702 0.206428 0.068232 0.656063 1.000000 -0.003907 -0.075287 0.375294 0.362735 0.578212 0.583566 0.059007 -0.030872 -0.142486 -0.190601 -0.239265 -0.177498 0.008647 -0.043423 0.227384 -0.149970 0.066174 0.281208 0.241093 0.119098 -0.263507 -0.282007 -0.393787 -0.387885 -0.376133 -0.394219 -0.333957 -0.232013 -0.447462 -0.263342 -0.173984 -0.325620 -0.044299 0.186240 0.221054 0.164429 0.044582 0.102365 0.127333 -0.023713 0.014203 -0.031618 0.019079 -0.093528 -0.241409 -0.100105 0.058294 -0.090629 -0.074975 -0.136154 -0.047282 -0.186430 -0.170129 -0.210175 -0.035869 0.003244 0.034613 -0.285743 0.010720 -0.287897 0.016468 0.045694 -0.085704 -0.324536 -0.026775 -0.040536 0.220237 0.084148 0.031481 0.073730 -0.120328 0.030170 0.379771 0.112547 -0.045789 0.238169 -0.015150 0.192446 0.062982 -0.000585 0.057553 -0.003685 -0.073072 0.030302 0.011664 -0.307530 0.239920 -0.114697 -0.200238 -0.063485 0.030813 0.189791 0.326650 0.218253
-0.201577 -0.311036 0.542013 -0.221798 -0.400110 0.154442 0.351127 0.168119 -0.047414 -0.154391 0.161552 0.220199 0.165092 0.112701 -0.192928 0.111343 0.269900 0.036952 -0.372373 -0.305631 0.038965 -0.003907 1.000000 0.366260 -0.032861 0.379825 0.147212 0.206516 0.098558 0.019959 -0.236671 0.047634 0.086919 0.102783 0.253533 0.000182 -0.320842 -0.204769 -0.205449 -0.283569 -0.241225 -0.307633 -0.147710 -0.177864 0.037969 -0.093912 -0.201397 -0.190020 0.116436 0.084194 -0.129409 -0.189472 -0.072180 -0.055653 -0.054276 -0.041243 -0.175911 -0.297371 -0.214930 -0.159688 0.117701 0.115814 -0.038147 -0.236824 0.502009 0.048229 -0.285049 -0.150463 -0.329717 -0.247499 0.165794 0.255087 0.171246 -0.001579 0.247838 -0.086588 -0.200125 -0.035012 0.323237 -0.044304 -0.000257 -0.020364 -0.159728 -0.198463 0.081278 0.036355 -0.003328 -0.180780 0.164265 0.104261 -0.092885 -0.074712 0.269190 0.202810 -0.170180 -0.301578 0.002569 -0.398451 -0.280542 -0.288092 -0.098021 0.017306 -0.148845 -0.013684 -0.029052 0.042012 -0.263247 -0.330129 -0.061942 -0.048443 -0.007841 -0.033405 -0.248173 -0.317389 -0.189351 -0.307539
-0.220841 -0.266177 0.223511 0.210681 -0.255487 0.198019 0.172183 0.568222 -0.143539 0.052675 -0.022766 -0.059519 0.191098 0.168773 0.023796 0.264026 -0.032988 0.077863 -0.325898 -0.166086 0.029303 -0.075287 0.366260 1.000000 0.120421 0.416561 0.039569 0.329772 0.003929 -0.136366 -0.358607 -0.273644 0.220611 0.178712 0.111293 -0.049767 0.139935 -0.098000 -0.282898 -0.314936 -0.272461 -0.230201 -0.071988 -0.119853 0.210266 0.122611 0.030378 -0.338226 0.124903 0.335469 0.018803 0.097490 -0.033536 0.073501 -0.028963 -0.176067 -0.211769 -0.382159 -0.200561 -0.131556 0.119391 0.101545 0.214653 -0.018988 0.407127 0.138663 -0.353653 -0.174067 -0.491235 -0.355303 0.057255 0.210227 -0.034504 -0.112727 0.064607 -0.030817 -0.241980 -0.215683 0.067686 0.097191 0.049538 0.189494 -0.452266 -0.382401 -0.154772 0.075664 -0.228558 -0.195675 0.072232 -0.056052 -0.331856 -0.440063 0.115303 -0.028062 -0.331980 -0.200405 -0.100168 -0.253715 -0.526999 -0.428298 -0.417568 -0.031507 -0.305008 -0.133707 -0.057378 -0.089869 -0.193898 -0.114383 -0.319017 -0.117791 -0.022678 -0.139875 -0.435971 -0.687837 -0.326078 -0.546582
0.004176 -0.075719 -0.194352 0.092636 0.220256 0.354661 -0.076942 0.005658 0.326854 0.665194 -0.131935 -0.099274 -0.173779 -0.091002 0.023469 0.128321 0.193845 -0.141946 -0.037832 0.037449 0.567361 0.375294 -0.032861 0.120421 1.000000 0.710842 0.414175 0.060348 0.214223 0.061561 0.005796 -0.099084 0.171860 0.052083 -0.290380 -0.302428 0.132508 0.125317 0.211912 0.119012 0.194759 0.358372 -0.280952 -0.321066 -0.064758 -0.121470 -0.099134 -0.078000 -0.120721 -0.003814 -0.278925 -0.244205 -0.061399 0.020958 0.091090 0.176611 0.102926 -0.084821 -0.093641 -0.082012 0.151547 -0.109876 -0.134630 -0.183103 0.032795 -0.013846 -0.261043 0.052149 -0.014192 -0.055195 0.059164 -0.119630 0.097170 0.050828 0.087438 -0.034029 -0.013458 -0.082959 0.018366 -0.073383 0.097302 -0.049924 -0.043099 -0.243787 0.123421 -0.315217 0.163536 0.237812 0.010862 -0.026080 -0.141185 -0.057153 0.097798 0.271754 0.120759 0.050574 0.095183 -0.088153 -0.086052 -0.221624 -0.025091 0.122295 -0.068301 0.135650 0.023921 0.030591 -0.296139 -0.340523 -0.003977 0.020164 -0.074437 0.031155 -0.090102 -0.082351 0.051242 -0.198034
-0.173964 -0.232955 0.053018 0.086697 -0.270267 0.557728 -0.032707 0.201583 0.264914 0.571686 -0.063994 -0.092214 -0.001996 -0.015695 -0.101574 0.207556 0.308153 -0.143386 -0.189149 -0.129797 0.534748 0.362735 0.379825 0.416561 0.710842 1.000000 0.506259 0.344252 0.220392 0.046345 -0.235484 -0.143565 0.144710 0.028102 -0.056282 -0.171556 0.043383 -0.017208 -0.163046 -0.171641 -0.056163 0.137442 -0.228212 -0.331688 -0.023677 -0.126365 -0.117045 -0.121132 -0.068534 0.101045 -0.375695 -0.215587 -0.026902 0.076651 -0.143262 0.043443 -0.006142 -0.251043 -0.125223 -0.074049 0.166696 -0.038228 -0.084645 -0.344672 0.148147 -0.049048 -0.333109 0.034610 -0.190316 -0.218692 0.165046 0.071990 0.227220 0.068553 0.148496 -0.082012 -0.082308 -0.028073 0.340645 -0.054764 0.198692 -0.015345 -0.267880 -0.418369 0.144015 -0.221254 -0.116321 -0.076107 0.045929 -0.072571 -0.237889 -0.207565 0.166803 0.283103 -0.005045 -0.052564 0.018198 -0.160805 -0.288280 -0.332617 -0.113785 0.174568 -0.125729 0.180844 -0.013207 0.009672 -0.242971 -0.374823 -0.052758 -0.034406 -0.086720 -0.023713 -0.233868 -0.294503 -0.026408 -0.356947
0.115939 0.029337 0.262139 0.130176 0.196189 0.693141 0.168630 0.231135 0.511579 0.374279 -0.289199 -0.221075 -0.373135 -0.329883 0.341842 0.343461 -0.119658 -0.299954 0.144522 0.031357 0.649800 0.578212 0.147212 0.039569 0.414175 0.506259 1.000000 0.605126 -0.218059 -0.177117 -0.305150 -0.263471 -0.227252 -0.183846 -0.175354 -0.224978 -0.021575 -0.242521 0.220687 0.236079 0.179407 0.062288 -0.265955 -0.216676 -0.298624 -0.376587 -0.189791 -0.294059 -0.221593 -0.147325 -0.438916 -0.194590 -0.062475 -0.176525 -0.001175 0.207633 0.138071 0.030289 0.074144 0.070551 0.155114 -0.032505 -0.225335 -0.132232 -0.042014 0.005218 -0.230278 -0.048070 0.047182 -0.093334 -0.040996 -0.083694 -0.058495 -0.145829 -0.338763 -0.152794 -0.189320 -0.077744 -0.059790 -0.287918 -0.080293 -0.316345 0.148179 0.059668 -0.006583 -0.304864 -0.235174 -0.131478 0.278271 0.090556 0.007796 -0.018497 0.043811 0.085611 0.351215 0.020210 0.010596 -0.015165 -0.007255 0.000254 0.102100 0.163255 0.122970 0.090806 0.192020 0.146430 -0.186695 -0.042808 0.068022 -0.105404 -0.330303 -0.122071 -0.037537 0.011796 0.106591 0.038556
0.139072 0.163608 0.417085 0.534801 -0.219049 0.714837 0.098424 0.461618 0.022533 0.122445 -0.140472 -0.148873 -0.226588 -0.043062 0.193162 0.504911 -0.065046 -0.260283 0.279750 0.249796 0.506340 0.583566 0.206516 0.329772 0.060348 0.344252 0.605126 1.000000 -0.299159 -0.214830 -0.513826 -0.472546 -0.259283 -0.258752 -0.054221 -0.039333 0.140235 -0.307204 -0.203773 0.137886 0.145059 -0.061661 -0.275352 -0.199074 -0.363935 -0.415118 -0.165194 -0.515185 -0.229252 -0.147290 -0.425744 -0.140452 -0.018425 -0.020098 -0.169223 0.031537 0.073369 0.075276 0.095839 0.239882 0.013698 0.044629 -0.060257 -0.101129 0.020127 0.018639 -0.119218 0.009191 0.073505 -0.005277 -0.223107 -0.084290 -0.223051 -0.211293 -0.250225 -0.204604 -0.213920 -0.153540 0.163409 -0.225257 -0.090179 -0.259967 -0.123476 -0.071484 -0.219790 -0.160895 -0.201199 -0.360411 0.298773 0.119587 -0.000120 -0.109834 0.051396 0.019584 0.111314 -0.186327 -0.018124 -0.139738 -0.337850 -0.094490 -0.019656 0.094341 0.014126 -0.007548 0.215826 0.201620 0.029764 -0.050401 -0.232916 -0.160120 -0.319841 -0.299684 -0.257640 -0.128609 0.217617 -0.145225
-0.416709 -0.453616 -0.493633 -0.519238 -0.129544 -0.283680 -0.120474 -0.224197 -0.183883 0.110141 0.459973 0.459241 0.526696 0.396708 -0.406439 -0.238993 0.615549 0.395380 -0.527573 -0.429747 0.084472 0.059007 0.098558 0.003929 0.214223 0.220392 -0.218059 -0.299159 1.000000 0.612304 0.597992 0.720683 0.579240 0.530559 0.288720 0.148413 0.177385 0.310649 -0.073782 -0.221337 -0.007091 0.313836 0.267415 0.086586 0.212894 0.169489 0.105043 0.199422 -0.045877 0.062315 0.140171 -0.053899 -0.379367 -0.141379 -0.223524 0.180870 -0.228504 -0.430076 -0.499384 -0.613559 -0.071769 -0.231268 0.288574 0.098812 0.133327 -0.261361 -0.528439 -0.264404 -0.415226 -0.448241 0.324534 0.373481 0.740970 0.502463 0.603146 0.208922 0.489322 0.431426 0.382738 0.457040 0.687490 0.526686 -0.213266 -0.304032 0.556580 0.161598 0.077962 0.149744 -0.449256 -0.379608 -0.387099 -0.196202 -0.073397 0.114519 0.015059 0.117024 0.200517 0.306163 -0.085754 0.122806 -0.112060 0.194017 -0.014053 0.080561 -0.255830 -0.241247 -0.315839 -0.486817 0.213069 0.455759 0.385958 0.500658 0.118423 -0.027449 -0.014277 0.012716
-0.621277 -0.322309 -0.439746 -0.436375 -0.151594 -0.295049 -0.051880 -0.266540 -0.181018 -0.160382 0.574691 0.577435 0.509654 0.392714 -0.457558 -0.446209 0.405895 0.338562 -0.344843 -0.119465 0.154932 -0.030872 0.019959 -0.136366 0.061561 0.046345 -0.177117 -0.214830 0.612304 1.000000 0.394995 0.628961 0.531185 0.588385 0.270765 0.280925 0.011550 0.667700 0.109320 -0.053510 0.100001 0.286041 0.526717 0.449328 0.096089 0.191131 0.304868 0.270296 -0.009264 -0.054699 0.364726 0.158433 -0.650628 0.011493 -0.191991 0.380191 -0.528642 -0.496538 -0.623862 -0.664262 -0.422628 -0.418430 0.077818 0.074182 0.072811 -0.069793 -0.479860 -0.146025 -0.291858 -0.259107 -0.078494 0.059997 0.653761 0.773208 0.486550 0.384392 0.527457 0.503864 0.277429 0.592450 0.520102 0.653956 -0.160345 -0.327963 0.628184 0.364475 0.031069 0.064873 -0.698409 -0.655395 -0.352984 -0.059323 0.217153 0.245951 -0.092575 -0.053049 0.556791 0.202639 -0.135947 -0.054711 0.060886 0.262595 0.201662 0.172363 0.088956 -0.029974 -0.262914 -0.325733 -0.099958 0.781543 0.662924 0.658076 0.118130 -0.007792 0.170521 0.050635
-0.032631 -0.223052 -0.439838 -0.430055 0.209378 -0.407262 -0.022941 -0.462968 -0.249602 0.144031 0.272677 0.248075 0.219137 0.130378 -0.395132 -0.298230 0.271634 0.398049 -0.187990 -0.270347 -0.172238 -0.142486 -0.236671 -0.358607 0.005796 -0.235484 -0.305150 -0.513826 0.597992 0.394995 1.000000 0.751398 0.308232 0.242165 -0.021465 -0.029988 0.090708 0.152671 0.211369 -0.016277 0.089150 0.321900 0.210881 0.165295 0.165594 0.124756 0.110423 0.242583 -0.200910 -0.146344 0.261841 -0.100526 -0.205027 -0.251427 -0.047036 0.065039 0.093150 -0.069994 -0.100873 -0.355196 -0.067947 -0.187389 0.100201 0.183848 0.009715 -0.124928 -0.076680 -0.212236 -0.041225 -0.102666 0.383776 0.368537 0.540203 0.372744 0.444621 0.240336 0.395141 0.325378 0.100835 0.412949 0.384388 0.355697 0.076170 -0.002441 0.402025 0.143599 0.326662 0.319683 -0.278039 -0.194386 -0.222060 -0.105277 -0.244081 -0.030141 -0.089273 0.235534 0.041075 0.181835 0.179353 0.246554 0.010343 0.060957 0.042585 -0.045566 -0.255982 -0.112370 -0.117653 -0.072285 0.211819 0.220863 0.225760 0.274415 0.268851 0.203330 -0.023984 0.232019
-0.434531 -0.373641 -0.406937 -0.648901 0.022183 -0.390362 0.066541 -0.355172 -0.122323 -0.007037 0.522335 0.556957 0.438407 0.341976 -0.460211 -0.463038 0.499428 0.407321 -0.444525 -0.366114 -0.162096 -0.190601 0.047634 -0.273644 -0.099084 -0.143565 -0.263471 -0.472546 0.720683 0.628961 0.751398 1.000000 0.535387 0.611510 0.346825 0.259577 -0.033189 0.251892 0.073549 -0.140688 -0.081642 0.243627 0.373977 0.248306 0.187656 0.165656 0.116209 0.307169 -0.075375 -0.132213 0.293836 -0.110968 -0.372595 -0.148179 -0.197333 0.130530 -0.265772 -0.353266 -0.456132 -0.647597 -0.151262 -0.310291 0.069036 0.129892 0.224223 -0.168435 -0.358036 -0.218322 -0.222752 -0.256824 0.274167 0.393764 0.662017 0.587980 0.513289 0.172582 0.421766 0.458550 0.325417 0.443686 0.521071 0.510628 0.058710 -0.153803 0.543757 0.194764 0.084196 0.169588 -0.472037 -0.435740 -0.236517 -0.021507 -0.058691 0.094418 -0.128152 0.093199 0.309210 0.190801 0.070492 0.099764 0.099964 0.180775 0.183791 0.102962 -0.194794 -0.149821 -0.148854 -0.278775 0.173620 0.550319 0.495435 0.550090 0.033267 0.074220 -0.114888 0.134111
-0.500444 -0.470212 -0.453918 -0.486621 -0.169736 -0.255848 0.091758 -0.138406 -0.160687 0.101659 0.434862 0.364031 0.542665 0.408794 -0.452827 -0.346686 0.518856 0.425334 -0.521630 -0.308812 -0.105518 -0.239265 0.086919 0.220611 0.171860 0.144710 -0.227252 -0.259283 0.579240 0.531185 0.308232 0.535387 1.000000 0.828264 0.110764 -0.036263 0.124367 0.356503 0.043160 -0.184778 -0.146792 0.208551 0.112286 -0.013631 0.261165 0.190184 0.225425 0.225451 0.095197 0.150302 0.141153 -0.094625 -0.266399 0.123960 -0.047508 0.212942 -0.304487 -0.499024 -0.578833 -0.647301 -0.013737 -0.146570 0.308711 0.333124 0.320471 0.032023 -0.505697 -0.298311 -0.513689 -0.396949 0.074115 0.279520 0.539017 0.495881 0.552576 0.088479 0.262105 0.086751 0.310193 0.591908 0.605818 0.570601 -0.292412 -0.420790 0.322638 0.086457 0.022592 0.151946 -0.419740 -0.310139 -0.273228 -0.169043 0.118823 0.146691 -0.344269 -0.000834 0.477588 -0.055369 -0.134091 -0.098796 -0.141713 0.267989 -0.028847 0.023687 -0.152582 -0.061000 -0.271356 -0.369917 -0.048372 0.478941 0.435031 0.523573 -0.121937 -0.222117 -0.186370 -0.326547
-0.684716 -0.368526 -0.418973 -0.462015 -0.079781 -0.273278 0.023456 0.066312 -0.073015 -0.039565 0.548256 0.485963 0.510113 0.476239 -0.382680 -0.378477 0.508047 0.339811 -0.556784 -0.280349 -0.078545 -0.177498 0.102783 0.178712 0.052083 0.028102 -0.183846 -0.258752 0.530559 0.588385 0.242165 0.611510 0.828264 1.000000 0.337105 0.232989 0.009514 0.393844 -0.005034 -0.140854 -0.128403 0.204820 0.264039 0.130620 0.253748 0.299549 0.165062 0.245418 0.153241 0.145343 0.268527 -0.017396 -0.370544 0.094878 -0.189709 0.196685 -0.492648 -0.526701 -0.696498 -0.759210 -0.174745 -0.309772 0.192289 0.334679 0.371817 0.144512 -0.587583 -0.192586 -0.514456 -0.435753 -0.099854 0.167536 0.463823 0.510627 0.452299 0.008938 0.223048 0.205273 0.296754 0.551102 0.622862 0.592252 -0.218405 -0.396528 0.384615 0.078413 -0.187337 0.007670 -0.536428 -0.497324 -0.234144 -0.053753 0.116511 0.161633 -0.264791 -0.000401 0.575312 0.118794 -0.106681 -0.061244 -0.071891 0.165323 0.061038 0.038379 -0.182372 -0.171486 -0.219309 -0.392948 -0.056550 0.626962 0.579324 0.640396 -0.151728 -0.167373 -0.171831 -0.197017
-0.397530 -0.056419 0.024401 -0.204757 -0.083554 -0.172709 -0.129773 0.285503 0.007073 -0.306266 0.249865 0.205672 0.187674 0.175745 -0.096716 -0.022299 0.222371 -0.162053 -0.288283 -0.292145 -0.087424 0.008647 0.253533 0.111293 -0.290380 -0.056282 -0.175354 -0.054221 0.288720 0.270765 -0.021465 0.346825 0.110764 0.337105 1.000000 0.738590 -0.077643 0.137833 -0.184864 -0.197170 -0.465959 -0.197513 0.331036 0.183330 0.043527 0.214310 -0.077214 0.092476 0.030785 0.025757 0.185174 0.032728 -0.356228 -0.196702 -0.223439 -0.038190 -0.300356 -0.100149 -0.308935 -0.218932 -0.193544 -0.168040 -0.003281 -0.148587 0.375669 -0.053943 -0.114215 0.027449 -0.291234 -0.254148 -0.045487 0.083450 0.085346 0.159630 0.173775 0.011654 0.103574 0.335825 0.079447 -0.007356 0.140095 0.121014 -0.162633 -0.133017 0.252919 0.195472 -0.389232 -0.264429 -0.338543 -0.361348 -0.179348 0.030861 0.110757 0.108926 0.006324 0.093215 0.061735 0.184359 -0.103078 -0.125200 -0.132392 -0.202734 -0.032120 0.048014 -0.266962 -0.283537 -0.005606 -0.247664 0.225227 0.321242 0.389002 0.216863 -0.128522 -0.106992 -0.166005 0.097842
-0.352915 0.188463 -0.128281 0.054701 -0.052264 -0.158576 -0.287240 0.183595 0.127552 -0.264757 0.316554 0.122228 0.059698 0.203101 -0.060790 -0.148956 0.046738 -0.194866 0.035471 0.141507 -0.091131 -0.043423 0.000182 -0.049767 -0.302428 -0.171556 -0.224978 -0.039333 0.148413 0.280925 -0.029988 0.259577 -0.036263 0.232989 0.738590 1.000000 0.094327 0.271969 -0.222775 -0.132389 -0.133434 -0.021968 0.426725 0.352587 -0.070909 0.209043 0.188708 0.199693 -0.153609 -0.185231 0.221745 0.136137 -0.197129 0.074080 -0.318966 -0.034692 -0.313824 0.037319 -0.223325 -0.110403 -0.375375 -0.325212 -0.144318 -0.170032 0.118766 -0.038209 0.099949 0.283012 0.088641 0.048558 -0.382239 -0.219423 -0.092477 0.136051 0.027832 0.037074 0.274484 0.350688 0.132882 0.037758 0.036113 0.136332 -0.137469 -0.124957 0.246382 0.212543 -0.342216 -0.338580 -0.430432 -0.471195 -0.078583 0.164138 0.026642 0.139252 0.115186 -0.141238 0.131016 0.227023 -0.036139 -0.064155 0.041728 -0.115973 0.052447 0.049740 -0.217674 -0.359961 0.063188 -0.199644 0.053775 0.283673 0.457347 0.201348 -0.002536 0.184401 0.209127 0.337424
