1.000000 0.558191 0.011082 -0.186153 0.058125 -0.184801 0.028617 -0.186488 0.068636 -0.256910 -0.002169 -0.156807 -0.403642 -0.357700 -0.049730 -0.384956 -0.011375 -0.109223 0.448409 0.228816 -0.090120 -0.100155 -0.267558 -0.200555 -0.301302 -0.343834 0.032437 -0.086813 -0.292838 -0.379711 -0.122379 -0.278318 0.380957 0.432187 -0.204284 -0.154321 -0.295376 -0.276910 -0.083075 -0.053028 0.029333 0.017383 -0.475512 -0.365916 -0.042801 -0.177482 -0.502854 -0.258063 0.127835 -0.078526 -0.154738 -0.203457 -0.127333 -0.097633 -0.130240 -0.320911 0.460106 0.625571 0.569560 0.467708 0.660415 0.544055 0.344994 0.465527 0.160271 0.256602 0.451729 0.023438 0.418916 -0.027964 -0.218213 -0.242293 -0.236014 -0.324148 -0.009062 0.141511 0.117749 0.030010 -0.161109 -0.072437 -0.258411 -0.203919 0.205931 -0.025655 -0.209588 -0.235485 0.320147 0.176012 0.222244 0.015523 0.291980 0.078976 -0.353338 -0.092461 0.167773 0.133301 -0.081348 0.103474 -0.170563 -0.038082 0.308699 0.418506 0.587552 0.411952 0.209588 0.162021 0.462611 0.342283 0.274666 0.113184 -0.013926 -0.041327 -0.073825 0.177165 0.145400 0.206392
0.558191 1.000000 -0.148501 -0.218128 0.127961 -0.023208 -0.201829 -0.157670 -0.029150 -0.142816 0.099304 0.085511 -0.279672 0.050308 -0.194462 -0.199025 -0.066898 0.073398 0.280033 0.176229 -0.237315 -0.176215 -0.373739 -0.334085 -0.418633 -0.392150 0.149103 -0.199285 -0.155599 -0.253054 -0.264343 -0.372934 0.412099 0.262886 -0.161831 -0.377749 -0.272983 -0.209564 -0.268223 -0.143434 -0.092105 -0.034845 -0.267463 -0.184670 0.253111 -0.185975 -0.298568 -0.102836 0.365396 0.216008 0.006839 0.238970 0.210559 0.162608 0.131145 -0.117666 0.145671 0.534718 0.675557 0.693679 0.620647 0.662933 0.407566 0.564063 -0.162714 0.185464 0.480277 -0.148774 0.370692 0.179002 -0.335185 -0.232408 -0.200831 -0.225475 -0.189987 0.070828 -0.032335 -0.097981 -0.151869 -0.165036 -0.282885 -0.173984 0.041138 -0.097076 -0.368894 -0.277894 0.239672 0.004864 0.039099 0.150551 0.434019 0.281215 -0.429065 -0.278977 0.029552 0.119222 0.158674 0.185814 0.159527 0.370056 0.408027 0.125350 0.402881 0.187178 -0.081459 -0.187896 0.494996 0.116960 0.204938 -0.089365 -0.009442 0.018078 -0.230611 0.290330 0.144866 0.187847
0.011082 -0.148501 1.000000 0.020290 0.338885 0.248924 0.679719 0.167943 0.339688 0.137704 -0.320356 -0.320839 -0.108966 -0.484801 0.076984 -0.239189 -0.231907 -0.311116 0.191645 0.031973 0.044880 -0.082210 0.517616 0.223284 0.288149 0.407648 0.241192 0.386748 -0.477847 -0.423263 0.018432 -0.067576 0.105619 0.027579 0.330608 0.455810 -0.367572 -0.370486 -0.060436 -0.078058 -0.147085 -0.118517 -0.173563 0.149805 -0.155733 0.276768 -0.122636 -0.162145 -0.053469 -0.157752 0.185690 -0.295448 -0.257704 -0.180187 -0.253492 -0.157864 -0.059612 -0.059037 0.096793 -0.045049 0.212610 0.074711 -0.042590 -0.018491 0.556443 0.358335 0.128056 0.328206 0.052602 0.148958 0.104184 -0.176648 -0.215930 -0.240574 -0.299394 -0.174412 -0.146632 0.022334 -0.334305 -0.083860 -0.472202 -0.396173 -0.129213 -0.361412 -0.101367 -0.294801 0.058441 -0.139241 0.183132 -0.209584 -0.074560 -0.322210 0.048810 0.325969 0.321740 -0.059973 -0.031291 0.177536 -0.312339 -0.304584 0.133473 0.411838 0.139440 0.240764 0.158190 0.361549 0.235234 0.323157 0.105887 0.304838 -0.010057 -0.093666 0.058169 -0.141051 0.134549 0.191253
-0.186153 -0.218128 0.020290 1.000000 -0.161883 0.314002 0.118445 0.699098 0.141413 0.166779 -0.125265 0.101810 -0.044492 0.063417 0.275296 0.317464 -0.312098 -0.228104 0.103935 0.152737 -0.059132 0.084168 0.324354 0.450956 0.148103 0.324156 0.225861 0.431111 -0.265394 -0.102785 0.093040 0.315702 -0.191028 0.047849 -0.098714 0.360517 -0.161028 -0.137777 -0.032751 -0.081183 -0.086111 -0.053041 -0.084781 -0.086591 -0.159681 -0.057747 -0.102658 -0.210561 -0.239939 -0.219893 0.034322 -0.156742 -0.026297 -0.062717 -0.228028 -0.263597 -0.110062 -0.231177 -0.173558 -0.159038 -0.200423 -0.125333 -0.320199 -0.288846 0.277748 0.299327 -0.161117 0.011449 0.152660 -0.006919 -0.173241 0.062739 -0.241944 -0.191909 -0.006456 -0.297450 -0.152066 -0.200268 -0.262911 -0.221643 -0.155482 -0.164986 0.034843 0.060423 0.149080 0.097816 0.154913 0.213554 0.286005 0.259579 -0.026321 -0.158191 0.305000 -0.003506 -0.019801 -0.066612 -0.252780 -0.161194 -0.228228 -0.256065 0.142572 -0.174726 -0.198650 -0.380183 -0.177849 -0.116418 -0.021456 -0.030344 0.065456 -0.125353 0.034122 -0.124102 -0.159868 0.087038 0.087908 0.099583
0.058125 0.127961 0.338885 -0.161883 1.000000 0.351245 0.448261 0.074967 0.143098 0.198652 0.056812 -0.256709 0.218770 -0.147654 -0.196785 0.087520 0.052206 -0.056147 0.080662 0.035681 0.009574 -0.083069 -0.034930 -0.381785 0.223507 -0.034355 0.205997 -0.170885 -0.104216 -0.194927 -0.261154 -0.424549 0.109648 -0.045392 0.043888 0.066576 -0.068417 -0.191442 -0.150546 -0.115859 0.111866 -0.032731 -0.064809 -0.096176 0.157951 0.146421 -0.077402 -0.081436 0.233985 0.120827 0.118719 0.108287 -0.000225 -0.074796 0.029327 -0.039137 0.083822 0.018886 0.179087 0.112268 0.286210 0.102692 0.127031 -0.042469 0.271181 0.276313 0.086443 0.074850 0.060321 0.184289 -0.171565 -0.126701 -0.040276 -0.244260 -0.241765 -0.017022 -0.200615 -0.096173 -0.212037 -0.190002 -0.169810 -0.083267 -0.087728 -0.247181 -0.291919 -0.267493 -0.139785 -0.270373 -0.012589 -0.275003 0.243860 0.036325 -0.089767 0.144221 -0.006210 0.171103 -0.085840 0.069073 -0.001338 0.134964 0.192111 0.241317 0.124103 0.144524 -0.091871 -0.011713 0.194353 0.209676 0.282823 -0.104451 -0.122868 0.027593 -0.006462 0.215794 0.215753 0.208769
-0.184801 -0.023208 0.248924 0.314002 0.351245 1.000000 0.157144 0.172659 0.192701 0.394445 -0.022338 0.197197 0.044940 0.072718 0.376343 0.449987 -0.212889 -0.016376 0.184915 0.394242 0.005045 -0.024405 0.351538 0.263412 0.489742 0.626248 0.406222 0.391650 0.049656 -0.018810 0.118045 0.138682 -0.251500 -0.289043 0.060945 0.145307 -0.072560 -0.220025 -0.361899 -0.410813 0.144246 0.046497 -0.143323 0.004841 -0.208132 -0.071372 -0.181202 -0.251489 -0.289593 -0.258215 0.053232 -0.094358 0.051308 -0.070225 -0.304629 -0.335796 -0.224734 -0.127509 -0.146130 -0.097541 -0.153858 -0.128353 -0.378414 -0.291934 0.224566 0.144863 -0.201186 0.018303 0.307790 0.307174 0.017213 -0.205626 -0.131222 0.081877 -0.235864 -0.195335 -0.222298 -0.125096 -0.096154 -0.107215 -0.103134 -0.005403 0.215990 0.246384 0.236245 0.190117 0.223827 0.054991 0.266501 0.212849 -0.011523 -0.144374 0.118498 0.006112 -0.064068 0.150714 -0.365285 -0.009169 -0.199910 -0.042207 0.052514 -0.028979 -0.252049 -0.270571 -0.381151 -0.235238 -0.170408 0.019191 0.222873 -0.239202 -0.116183 -0.076514 -0.102674 0.183626 0.515253 -0.023784
0.028617 -0.201829 0.679719 0.118445 0.448261 0.157144 1.000000 0.418500 0.361841 0.199936 -0.108001 -0.418539 0.143463 -0.312346 0.023595 -0.076271 -0.158573 -0.320673 -0.043032 -0.065779 -0.071191 -0.090418 0.345180 -0.052721 0.162304 0.144730 0.073980 0.083443 -0.398452 -0.332262 -0.099239 -0.169800 0.077847 0.143184 0.103940 0.395457 -0.372539 -0.454486 -0.130169 -0.129609 -0.084513 -0.151753 -0.198882 -0.164113 -0.033069 0.134259 -0.187656 -0.233053 0.118500 0.000598 0.247875 -0.103143 -0.180646 -0.016708 -0.310661 -0.258449 -0.022138 -0.128618 0.039568 -0.134469 0.206408 0.096793 0.016102 -0.090067 0.566275 0.452827 -0.070422 0.097312 -0.067308 -0.011324 -0.044810 -0.203949 -0.165918 -0.255120 -0.284880 -0.103195 -0.160363 -0.021882 -0.270209 -0.019740 -0.384695 -0.271277 -0.178974 -0.294430 -0.245361 -0.485637 -0.134461 -0.066428 0.079432 -0.338900 0.019493 -0.103327 0.179281 0.480003 0.259662 -0.065064 -0.170718 0.093161 -0.336389 -0.291919 0.267040 0.375674 0.195875 0.206021 0.238559 0.419037 0.260372 0.333725 0.194622 0.189203 -0.047755 -0.076463 0.015702 -0.072665 0.201031 0.296510
-0.186488 -0.157670 0.167943 0.699098 0.074967 0.172659 0.418500 1.000000 0.216357 0.248466 -0.103812 -0.105195 0.088238 0.025546 0.012684 0.194813 -0.354926 -0.422441 -0.157067 -0.103596 -0.226288 -0.135162 0.220162 0.209644 -0.115725 0.062168 0.027788 0.160762 -0.458415 -0.382183 -0.200498 -0.059773 -0.180531 -0.031248 -0.035866 0.363890 -0.448842 -0.410605 -0.285312 -0.235956 -0.443929 -0.326752 0.031703 0.000555 0.098383 0.284472 0.008916 -0.073339 0.164440 0.207238 0.214941 0.142126 0.006698 0.041110 -0.169925 -0.143473 -0.164639 -0.286934 0.003941 0.027634 -0.073013 0.104901 -0.209683 -0.262828 0.300395 0.577945 -0.002867 0.203073 -0.122569 -0.008324 -0.179000 -0.098862 -0.398328 -0.284243 -0.286329 -0.221766 -0.271098 -0.129240 -0.467477 -0.235055 -0.412700 -0.394090 -0.284716 -0.302086 -0.226212 -0.291309 -0.088227 -0.015959 0.144142 -0.024908 0.148656 0.008652 0.417195 0.251701 0.120726 -0.167482 -0.218953 -0.052769 -0.185012 -0.248988 0.265944 -0.013690 -0.060139 -0.188057 0.059266 0.157576 0.158477 0.273785 0.106422 0.012738 -0.006245 -0.137105 -0.177391 0.006025 0.190447 0.124884
0.068636 -0.029150 0.339688 0.141413 0.143098 0.192701 0.361841 0.216357 1.000000 0.556209 0.077890 -0.031786 0.109319 -0.219449 0.513002 0.222624 -0.125266 -0.226270 -0.190436 0.167061 -0.348153 -0.297277 -0.141365 -0.001809 0.161327 0.412412 -0.183480 0.257592 -0.278189 -0.294758 -0.503363 -0.443170 -0.059903 -0.089636 0.310108 0.361154 -0.249374 -0.483191 -0.222640 -0.348887 -0.074294 0.228104 -0.112470 0.093765 -0.019051 0.184948 -0.147550 -0.214404 0.130092 0.043782 0.443425 0.208095 0.378062 0.462129 -0.203952 -0.365958 -0.091272 -0.015763 0.044935 -0.046158 -0.058127 0.071391 -0.340458 -0.110486 0.152179 0.354716 -0.011985 0.272549 0.216576 0.399968 -0.028233 -0.521282 -0.189698 -0.314174 -0.467379 0.154739 -0.453291 -0.107955 -0.124156 0.192309 -0.418845 -0.116863 -0.233325 -0.335683 0.125065 -0.165591 0.022615 -0.252588 0.029846 -0.100683 0.334162 0.302882 0.483906 0.484833 0.061347 -0.125010 -0.311863 0.062065 -0.280489 -0.165071 0.087779 0.209555 -0.034531 -0.058620 -0.155222 0.037907 -0.156522 0.015989 0.091179 0.132724 0.191040 -0.003295 0.312943 -0.112467 0.388731 0.021177
-0.256910 -0.142816 0.137704 0.166779 0.198652 0.394445 0.199936 0.248466 0.556209 1.000000 0.068719 0.229075 0.370469 0.231873 0.178425 0.527267 0.030873 0.010982 -0.357178 0.113751 -0.127400 -0.377283 -0.078504 -0.009445 0.129471 0.352011 -0.176158 -0.008753 0.064272 -0.073290 -0.361883 -0.352090 -0.311232 -0.401438 0.233225 0.173991 -0.062329 -0.287241 -0.410197 -0.494981 0.013102 0.224387 0.010537 0.038125 0.004243 0.218656 -0.160071 -0.278854 0.113580 0.030219 0.407105 0.289167 0.441247 0.325362 -0.291109 -0.418745 -0.273385 -0.177790 -0.081984 -0.045842 -0.189940 0.043115 -0.262743 -0.171211 -0.098292 0.238369 -0.015265 0.359305 0.059234 0.511131 -0.105506 -0.553975 -0.071397 0.099789 -0.331015 -0.012702 -0.496140 -0.266556 0.008748 0.191912 -0.047300 0.215172 -0.311039 -0.127352 0.174536 0.042542 -0.282979 -0.304928 -0.148487 -0.099990 0.200212 0.197769 0.483584 0.256709 -0.211227 -0.112860 -0.557116 -0.179188 -0.329057 -0.217295 -0.069055 0.040114 -0.323873 -0.270506 -0.302118 -0.107210 -0.233691 -0.133649 0.091589 -0.268676 0.038616 -0.154097 0.017502 -0.179795 0.297276 -0.084102
-0.002169 0.099304 -0.320356 -0.125265 0.056812 -0.022338 -0.108001 -0.103812 0.077890 0.068719 1.000000 0.491591 0.536840 0.541798 0.096430 0.461868 0.300213 0.335544 -0.545580 -0.235462 -0.492976 -0.355364 -0.223013 -0.079809 -0.079471 -0.035340 -0.277670 -0.219610 0.342178 0.099950 -0.312297 -0.261080 -0.028396 -0.037899 -0.023739 -0.137639 0.179127 -0.047532 -0.266139 -0.329359 0.015278 -0.033943 0.156136 0.097102 0.201142 0.002514 0.019118 0.034119 0.355105 0.170369 0.432314 0.413955 0.504984 0.416669 0.195748 -0.267369 -0.240402 -0.196235 -0.132030 -0.215453 -0.073809 -0.072302 0.155930 -0.010130 -0.102727 -0.082974 -0.313221 -0.174006 -0.114981 -0.051313 -0.406409 -0.366609 0.096302 -0.034065 0.040171 0.054479 -0.194757 -0.304859 0.354677 0.111667 0.063959 0.180530 -0.037340 -0.100544 0.086239 0.059170 -0.201721 -0.415114 -0.234430 0.098932 0.030037 0.127314 0.000693 -0.095541 -0.546365 -0.302438 -0.190662 -0.425235 0.044180 0.061695 0.025640 -0.177225 -0.048476 -0.024273 -0.026992 -0.109336 -0.184775 -0.056657 -0.088489 -0.514951 0.111675 0.093661 -0.021762 -0.038087 -0.012702 -0.172707
-0.156807 0.085511 -0.320839 0.101810 -0.256709 0.197197 -0.418539 -0.105195 -0.031786 0.229075 0.491591 1.000000 0.349882 0.646139 0.029207 0.503656 0.138419 0.285808 -0.281672 -0.114060 -0.247013 -0.164152 -0.177136 0.146130 -0.096555 0.155864 -0.124448 0.035836 0.383361 0.263158 -0.124763 -0.021253 -0.177698 -0.149566 0.084857 -0.194680 0.261221 -0.002530 -0.252541 -0.350504 0.062620 0.150367 0.053029 0.149605 -0.153641 -0.080866 -0.025612 -0.048187 -0.080024 -0.196238 0.181603 0.057387 0.402138 0.241732 -0.051010 -0.345602 -0.311867 -0.210399 -0.322190 -0.128913 -0.191247 -0.021984 0.087724 0.023840 -0.254359 -0.170128 -0.237730 -0.008606 0.003617 -0.031702 -0.153269 -0.296986 0.216099 0.219367 0.079636 0.129783 -0.057109 -0.098239 0.295284 0.030482 0.239311 0.333119 0.038258 0.271954 0.297643 0.530691 -0.108421 -0.128746 -0.243125 0.353969 -0.157651 -0.010820 0.090466 -0.276875 -0.412817 0.001205 -0.329600 -0.311366 -0.133300 -0.112983 -0.157431 -0.215640 -0.220573 -0.248911 -0.228747 -0.261225 -0.331739 -0.114106 0.061977 -0.519324 0.037908 -0.172070 -0.198023 -0.079119 0.072807 -0.253556
-0.403642 -0.279672 -0.108966 -0.044492 0.218770 0.044940 0.143463 0.088238 0.109319 0.370469 0.536840 0.349882 1.000000 0.608417 -0.167375 0.634667 0.243778 0.236262 -0.716364 -0.482892 -0.278571 -0.149839 -0.102303 -0.152429 -0.064603 0.058989 -0.276536 -0.227307 0.254697 0.147426 -0.408059 -0.326198 -0.087031 -0.181785 0.190449 0.042114 0.345196 -0.013157 -0.141409 -0.260100 -0.020382 -0.068284 0.227949 0.158999 0.012972 0.072989 0.103743 0.095482 0.234926 0.049315 0.432019 0.266537 0.373736 0.261813 0.048778 -0.154832 -0.301573 -0.458851 -0.304384 -0.340299 -0.161070 -0.175250 0.144944 -0.211629 -0.065279 -0.013628 -0.355137 -0.024483 -0.280237 0.010738 -0.200890 -0.308088 0.169832 -0.018038 0.010301 0.006554 -0.332091 -0.410370 0.352898 0.078308 0.208948 0.347079 -0.366838 -0.205101 0.056805 0.060368 -0.470090 -0.408644 -0.338703 -0.168314 -0.076679 0.137357 0.298147 0.101650 -0.505672 -0.189932 -0.203960 -0.361967 -0.045724 -0.058432 -0.041576 -0.210804 -0.222143 -0.051544 -0.033012 -0.074977 -0.272804 -0.050870 -0.121481 -0.316869 0.239005 0.093998 0.004319 -0.125615 -0.052742 -0.244381
-0.357700 0.050308 -0.484801 0.063417 -0.147654 0.072718 -0.312346 0.025546 -0.219449 0.231873 0.541798 0.646139 0.608417 1.000000 -0.194594 0.619910 0.220663 0.369664 -0.531173 -0.274202 -0.285999 -0.147223 -0.202270 -0.096627 -0.264368 -0.119016 -0.188526 -0.284898 0.470641 0.291886 -0.130482 -0.096000 -0.196175 -0.174138 -0.128034 -0.196483 0.351123 0.173714 -0.173207 -0.144652 0.038293 0.093468 0.146405 0.043148 0.116702 -0.084328 0.074831 0.064878 0.195244 0.112262 0.168606 0.431273 0.460297 0.308647 0.189071 -0.085947 -0.364922 -0.392219 -0.231451 -0.158547 -0.188803 -0.035467 0.186312 -0.043750 -0.386052 -0.122355 -0.357639 -0.235637 -0.255828 -0.121367 -0.305437 -0.158079 0.251419 0.266064 0.214078 0.008464 -0.229036 -0.394987 0.326736 -0.025158 0.332649 0.377742 -0.208074 0.122153 0.019154 0.179452 -0.331509 -0.154862 -0.294329 0.189240 -0.114108 0.146225 0.056237 -0.240230 -0.521095 -0.188343 -0.119924 -0.411357 0.138340 0.062416 -0.109287 -0.488689 -0.363998 -0.356026 -0.126063 -0.203477 -0.290524 -0.257880 -0.178111 -0.512400 0.082382 -0.035268 -0.209769 -0.026937 -0.154043 -0.312807
-0.049730 -0.194462 0.076984 0.275296 -0.196785 0.376343 0.023595 0.012684 0.513002 0.178425 0.096430 0.029207 -0.167375 -0.194594 1.000000 0.255370 -0.139739 -0.006411 0.064267 0.351210 -0.100155 0.056018 0.284259 0.401606 0.480304 0.614714 0.125847 0.546661 0.015221 0.005149 0.199720 0.277334 -0.312279 -0.160580 0.053903 0.396540 -0.072397 -0.123021 -0.027675 -0.256325 0.120455 0.133567 -0.121241 0.086651 -0.207259 -0.073985 -0.123458 -0.138863 -0.352771 -0.219780 0.097177 -0.023000 0.101042 0.229755 -0.102734 -0.214733 -0.139052 -0.103919 -0.249892 -0.308514 -0.344048 -0.277966 -0.515389 -0.246193 0.230847 -0.022575 -0.327159 -0.029220 0.195729 0.164980 0.101833 -0.127449 -0.152578 0.011575 -0.139573 -0.100427 0.001804 0.066093 -0.010502 0.089279 -0.128134 -0.087852 0.434630 0.225641 0.584667 0.248954 0.446372 0.148369 0.472527 0.395400 -0.102160 -0.043266 0.092988 0.041929 -0.033014 -0.097209 -0.141558 -0.058694 -0.145835 -0.143576 -0.183407 -0.137280 -0.307567 -0.309831 -0.317408 -0.189164 -0.407945 -0.173297 0.001197 -0.020344 0.142289 -0.022240 0.125404 -0.021762 0.252064 -0.216708
-0.384956 -0.199025 -0.239189 0.317464 0.087520 0.449987 -0.076271 0.194813 0.222624 0.527267 0.461868 0.503656 0.634667 0.619910 0.255370 1.000000 0.049731 0.237070 -0.439555 -0.103372 -0.259917 -0.152900 -0.066348 0.072521 0.175402 0.292011 -0.103276 0.003904 0.347685 0.274882 -0.218213 -0.162116 -0.287427 -0.303908 0.051164 0.060197 0.284235 0.023125 -0.252064 -0.381908 0.138750 0.122310 0.122134 0.082934 -0.043549 -0.072698 0.074839 -0.028660 -0.033763 -0.124053 0.313739 0.219263 0.512036 0.276174 0.018952 -0.281365 -0.410230 -0.459033 -0.376282 -0.362534 -0.345078 -0.238554 -0.228365 -0.385989 -0.110553 -0.023771 -0.460315 -0.095050 -0.013135 0.064339 -0.215452 -0.270267 0.086647 0.118441 -0.037417 -0.047112 -0.293021 -0.321100 0.214281 0.041807 0.208637 0.343462 -0.086873 0.115632 0.316793 0.317240 -0.181908 -0.164725 -0.103658 0.187634 -0.036569 0.098080 0.318897 0.012128 -0.530423 -0.040171 -0.342525 -0.318555 -0.026602 0.025542 0.006822 -0.267785 -0.404643 -0.435682 -0.344672 -0.395010 -0.480902 -0.242897 -0.005882 -0.435928 0.093283 0.101264 -0.029410 0.084683 0.194004 -0.291291
-0.011375 -0.066898 -0.231907 -0.312098 0.052206 -0.212889 -0.158573 -0.354926 -0.125266 0.030873 0.300213 0.138419 0.243778 0.220663 -0.139739 0.049731 1.000000 0.697616 -0.343278 -0.198254 -0.045650 -0.034520 -0.222351 -0.194473 0.119439 -0.197896 -0.411839 -0.348612 0.476039 0.402188 0.044605 -0.099326 -0.126059 -0.023861 -0.158112 -0.309747 0.556068 0.416111 0.009000 0.097353 0.385974 0.296885 -0.026706 -0.214192 -0.063689 -0.282876 -0.049440 -0.112385 -0.072043 -0.141386 -0.107450 0.104615 0.182519 0.050258 0.067078 -0.013955 0.478673 0.295376 -0.247235 -0.328521 -0.137212 -0.180754 0.411262 0.389365 -0.245028 -0.381634 -0.309389 -0.208266 -0.165256 -0.086795 0.014850 -0.017906 0.429252 0.212570 0.361159 0.091787 0.014517 -0.127318 0.362217 0.341573 0.517105 0.612438 0.009439 0.102754 0.186746 0.100659 -0.213947 -0.137854 -0.278621 -0.175417 -0.119526 0.134188 -0.080155 -0.145463 -0.339702 -0.051317 -0.143601 -0.256174 0.062593 0.106590 -0.316573 -0.121182 0.068793 0.032955 -0.158659 -0.184730 -0.270162 -0.251986 -0.039077 -0.358818 0.038399 0.017058 0.218705 0.017889 -0.132830 -0.150872
-0.109223 0.073398 -0.311116 -0.228104 -0.056147 -0.016376 -0.320673 -0.422441 -0.226270 0.010982 0.335544 0.285808 0.236262 0.369664 -0.006411 0.237070 0.697616 1.000000 -0.213052 -0.071902 0.051095 0.111554 0.001189 -0.034848 0.212907 -0.068165 -0.101391 -0.191954 0.557625 0.549374 0.206111 0.070337 -0.147551 -0.128844 -0.185908 -0.323905 0.541942 0.445877 0.152039 0.117453 0.339204 0.203332 -0.007605 -0.165397 -0.101269 -0.449674 -0.031818 -0.058419 -0.181084 -0.260348 -0.113846 0.067301 0.215064 0.020740 0.207502 -0.005268 0.212505 0.158355 -0.266542 -0.298131 -0.182349 -0.226806 0.305375 0.240902 -0.296172 -0.485532 -0.342302 -0.398534 -0.024300 -0.024696 0.020218 -0.057295 0.350185 0.321050 0.351860 -0.121169 0.046225 -0.184059 0.468291 0.279292 0.566175 0.616954 0.202580 0.232428 0.391624 0.234492 0.073928 0.008947 -0.055284 0.166608 -0.094632 0.112761 -0.254163 -0.452662 -0.533467 -0.132350 0.004242 -0.330477 0.221873 0.290748 -0.242309 -0.363059 0.007228 -0.199047 -0.299609 -0.438262 -0.252775 -0.412839 -0.218744 -0.475078 0.066550 0.146671 0.015785 0.147605 -0.265203 -0.243576
0.448409 0.280033 0.191645 0.103935 0.080662 0.184915 -0.043032 -0.157067 -0.190436 -0.357178 -0.545580 -0.281672 -0.716364 -0.531173 0.064267 -0.439555 -0.343278 -0.213052 1.000000 0.525197 0.452273 0.334135 0.179125 0.057537 0.188410 0.021885 0.510146 0.200208 -0.225265 -0.094401 0.425986 0.320076 0.177830 0.186028 -0.208140 -0.050542 -0.219318 0.042134 0.235325 0.246272 0.128966 0.050595 -0.346247 -0.255945 -0.271011 -0.194099 -0.246577 -0.090007 -0.413515 -0.338249 -0.593118 -0.553595 -0.531826 -0.563961 -0.143353 0.016600 0.250461 0.374815 0.285994 0.336653 0.362085 0.165386 -0.043399 0.076952 0.236806 -0.000005 0.347897 -0.055352 0.431082 -0.008093 0.148475 0.222889 -0.144360 -0.044936 0.015119 -0.009050 0.359608 0.269718 -0.386433 -0.339927 -0.109676 -0.255927 0.467713 0.343130 0.001361 0.099943 0.619176 0.571916 0.531605 0.271833 0.097146 -0.215059 -0.372573 -0.155880 0.374359 0.426446 0.227982 0.283915 0.064676 0.100218 0.090965 0.189365 0.185109 0.064582 -0.050135 -0.064733 0.294206 0.063579 0.180272 0.324994 -0.199093 0.038470 -0.143448 0.283568 0.052296 0.201434
0.228816 0.176229 0.031973 0.152737 0.035681 0.394242 -0.065779 -0.103596 0.167061 0.113751 -0.235462 -0.114060 -0.482892 -0.274202 0.351210 -0.103372 -0.198254 -0.071902 0.525197 1.000000 0.193244 -0.033494 -0.013903 -0.022303 0.312407 0.198172 0.206257 0.123411 0.060519 0.043190 0.340162 0.233401 0.010351 0.041032 -0.143469 -0.004764 -0.201970 -0.073191 -0.044610 -0.023912 0.216702 0.186967 -0.127148 -0.151224 0.031286 -0.110823 -0.202009 -0.181755 -0.282883 -0.106249 -0.252588 -0.129279 -0.116320 -0.010786 -0.240677 -0.182348 -0.000800 0.277211 0.061607 0.157779 -0.126865 -0.027638 -0.427510 -0.171530 0.024413 -0.006465 0.113410 0.007721 0.534773 0.596173 0.061413 -0.089884 -0.102798 -0.000570 -0.057101 -0.105374 -0.067386 -0.075448 -0.132368 -0.058856 -0.055295 -0.090379 0.385496 0.415478 0.225822 0.018381 0.402014 0.343434 0.245110 0.171501 0.212055 0.030091 0.040443 -0.069271 0.142304 0.153722 -0.249707 0.028451 -0.104252 -0.017622 -0.059721 -0.020038 -0.099309 -0.184748 -0.328249 -0.064461 -0.045075 -0.171343 0.186874 -0.039610 -0.237446 0.054843 0.004074 0.010805 0.196875 0.124805
-0.090120 -0.237315 0.044880 -0.059132 0.009574 0.005045 -0.071191 -0.226288 -0.348153 -0.127400 -0.492976 -0.247013 -0.278571 -0.285999 -0.100155 -0.259917 -0.045650 0.051095 0.452273 0.193244 1.000000 0.510808 0.234854 0.042312 0.217480 -0.004199 0.269371 -0.052931 0.170282 0.337508 0.507669 0.451690 -0.043045 -0.110323 -0.253950 -0.108500 0.188601 0.409014 0.512287 0.369104 0.399264 0.227639 -0.128188 -0.253016 -0.349697 -0.289166 0.025232 0.046575 -0.472872 -0.398689 -0.591768 -0.499591 -0.423679 -0.491593 -0.056430 0.202757 0.035150 -0.040186 -0.038060 -0.070290 -0.037582 -0.162233 -0.017364 -0.161138 -0.018224 -0.258608 0.059471 -0.202800 0.150997 -0.073271 0.350293 0.365456 0.169325 0.483525 0.417407 0.062631 0.503376 0.298955 -0.039702 -0.088095 0.366326 0.135274 0.365446 0.383626 0.236279 0.281201 0.227271 0.381064 0.210796 0.003326 -0.110260 -0.185454 -0.200045 -0.131184 0.127505 0.223801 0.209958 0.132269 0.134694 0.068854 -0.197222 -0.097749 -0.117454 -0.064786 0.003771 -0.046580 -0.061389 -0.292755 -0.211810 0.236849 -0.152793 0.061940 -0.072056 0.020180 -0.319406 -0.001482
-0.100155 -0.176215 -0.082210 0.084168 -0.083069 -0.024405 -0.090418 -0.135162 -0.297277 -0.377283 -0.355364 -0.164152 -0.149839 -0.147223 0.056018 -0.152900 -0.034520 0.111554 0.334135 -0.033494 0.510808 1.000000 0.284624 0.156887 0.244549 0.142619 0.392228 0.251904 0.148905 0.353218 0.458868 0.551545 0.060275 0.091487 -0.109719 -0.133960 0.426816 0.422530 0.599610 0.495388 0.257995 0.017262 -0.173497 -0.212501 -0.255639 -0.367420 -0.011259 -0.088946 -0.388962 -0.291405 -0.443321 -0.403198 -0.459825 -0.536601 -0.039151 0.176248 0.134944 -0.083809 -0.118228 -0.178693 -0.033297 -0.299589 0.150326 -0.043711 0.022901 -0.363999 -0.083576 -0.272450 -0.065365 -0.297137 0.392425 0.501223 0.171724 0.297094 0.304556 -0.050692 0.417353 0.171723 0.194571 -0.109663 0.346199 0.170151 0.306675 0.278774 0.199640 0.208405 0.375915 0.330981 0.250242 -0.033568 -0.266962 -0.310158 -0.232683 -0.218065 0.107814 0.266727 0.271312 0.106360 0.109925 0.085214 -0.196571 -0.217043 -0.130543 -0.005327 -0.018903 -0.126771 -0.062055 -0.174303 -0.148707 0.224433 -0.178990 -0.069956 -0.212014 -0.058227 -0.324386 -0.144726
-0.267558 -0.373739 0.517616 0.324354 -0.034930 0.351538 0.345180 0.220162 -0.141365 -0.078504 -0.223013 -0.177136 -0.102303 -0.202270 0.284259 -0.066348 -0.222351 0.001189 0.179125 -0.013903 0.234854 0.284624 1.000000 0.680177 0.430238 0.539239 0.488172 0.519764 -0.191568 -0.120567 0.545224 0.582680 -0.156904 -0.127649 0.006154 0.468518 -0.131717 -0.049447 0.122856 0.004383 -0.129801 -0.276275 -0.144212 0.056336 -0.395114 -0.043410 -0.080429 -0.140222 -0.422144 -0.415866 -0.068982 -0.439873 -0.343896 -0.342954 -0.149251 -0.050583 -0.059568 -0.191404 -0.216610 -0.304309 -0.140945 -0.291590 -0.119162 -0.137411 0.473460 0.009993 -0.199887 0.028750 -0.073941 -0.117596 0.143533 0.108080 -0.183132 0.108571 0.054998 -0.501907 0.115127 0.006860 -0.136502 -0.118895 -0.116854 -0.215765 0.167808 0.037210 0.207117 0.090540 0.253575 0.157193 0.433666 0.127434 -0.362432 -0.467762 -0.092990 -0.033326 0.093983 -0.110880 0.025762 -0.114619 -0.194915 -0.312740 -0.145862 -0.112417 -0.215121 -0.150050 -0.029417 0.074232 -0.001995 0.084212 -0.074106 0.030808 0.033371 -0.155268 -0.115827 -0.012888 -0.040076 -0.040315
-0.200555 -0.334085 0.223284 0.450956 -0.381785 0.263412 -0.052721 0.209644 -0.001809 -0.009445 -0.079809 0.146130 -0.152429 -0.096627 0.401606 0.072521 -0.194473 -0.034848 0.057537 -0.022303 0.042312 0.156887 0.680177 1.000000 0.319962 0.573648 0.305899 0.658514 -0.139813 -0.144889 0.334089 0.539353 -0.316811 -0.217458 0.098574 0.382359 -0.137844 -0.116086 -0.060935 -0.140910 -0.196766 -0.132116 -0.073249 0.179056 -0.367180 -0.019202 -0.023968 -0.150417 -0.322614 -0.375709 0.109543 -0.294193 -0.061531 -0.096416 -0.088807 -0.116256 -0.061391 -0.198659 -0.247225 -0.315317 -0.301522 -0.312884 -0.202416 -0.149150 0.232495 -0.040858 -0.145832 0.116542 -0.052507 -0.141575 0.113346 -0.043443 -0.252706 0.132398 0.095080 -0.405687 0.072483 0.000929 -0.108632 0.063720 -0.123541 -0.211025 0.101158 0.043847 0.339921 0.265165 0.178415 0.025839 0.351217 0.322479 -0.391499 -0.366607 0.027847 -0.136385 -0.009129 -0.219445 -0.208399 -0.239845 -0.225787 -0.360274 -0.152388 -0.163617 -0.278177 -0.188403 0.000622 0.030463 -0.127204 0.116482 -0.058230 -0.097788 0.034207 -0.269146 -0.187957 -0.204215 0.015513 -0.197071
-0.301302 -0.418633 0.288149 0.148103 0.223507 0.489742 0.162304 -0.115725 0.161327 0.129471 -0.079471 -0.096555 -0.064603 -0.264368 0.480304 0.175402 0.119439 0.212907 0.188410 0.312407 0.217480 0.244549 0.430238 0.319962 1.000000 0.630351 0.138336 0.299629 0.231721 0.318194 0.404141 0.375563 -0.334300 -0.250738 0.107809 0.262145 0.235216 0.186755 0.122014 -0.055363 0.428029 0.166895 -0.081803 -0.024030 -0.325347 -0.132452 -0.036649 -0.210615 -0.513725 -0.410876 -0.107339 -0.305460 -0.142500 -0.231840 -0.208761 -0.134205 0.037664 -0.125730 -0.436014 -0.456168 -0.376879 -0.527934 -0.358952 -0.319138 0.285367 -0.247455 -0.346829 -0.058352 0.105031 0.124313 0.270932 0.155618 0.171177 0.196125 0.063154 -0.243594 0.072135 0.085417 0.064641 0.200849 0.211501 0.207203 0.281291 0.272837 0.486616 0.306812 0.260293 0.065241 0.261973 0.044486 -0.209172 -0.275508 0.041539 0.058706 -0.087674 0.088862 -0.216046 -0.085120 -0.159253 -0.084442 -0.255373 -0.018436 -0.266744 -0.185562 -0.273534 -0.120486 -0.267864 -0.205201 -0.088711 -0.042893 -0.077098 -0.014680 0.186980 0.081983 0.116549 -0.060165
-0.343834 -0.392150 0.407648 0.324156 -0.034355 0.626248 0.144730 0.062168 0.412412 0.352011 -0.035340 0.155864 0.058989 -0.119016 0.614714 0.292011 -0.197896 -0.068165 0.021885 0.198172 -0.004199 0.142619 0.539239 0.573648 0.630351 1.000000 0.267561 0.670230 -0.039906 0.003110 0.167330 0.355543 -0.307598 -0.381059 0.371035 0.425318 -0.008568 -0.219194 -0.059825 -0.315037 0.050219 0.094685 -0.108222 0.230277 -0.351396 0.086744 -0.119793 -0.255434 -0.381765 -0.362169 0.226276 -0.228616 0.024687 -0.039544 -0.333780 -0.350476 -0.263996 -0.284121 -0.341961 -0.357499 -0.338543 -0.363976 -0.438769 -0.302886 0.315513 -0.037373 -0.255637 0.232451 0.093100 0.254867 0.185822 -0.174935 -0.108626 0.108742 -0.196353 -0.229759 -0.214341 -0.057294 0.100441 0.093703 -0.105973 -0.010823 0.124874 0.108264 0.485763 0.311112 0.256364 -0.059987 0.253201 0.124392 -0.199645 -0.296305 0.278517 0.176134 -0.056154 -0.026283 -0.310463 -0.097221 -0.375519 -0.291114 -0.250316 -0.021800 -0.398314 -0.200686 -0.296634 -0.070218 -0.272946 -0.080645 0.000295 -0.029948 0.078540 -0.170413 0.115370 -0.201495 0.279814 -0.117210
0.032437 0.149103 0.241192 0.225861 0.205997 0.406222 0.073980 0.027788 -0.183480 -0.176158 -0.277670 -0.124448 -0.276536 -0.188526 0.125847 -0.103276 -0.411839 -0.101391 0.510146 0.206257 0.269371 0.392228 0.488172 0.305899 0.138336 0.267561 1.000000 0.509516 -0.236494 -0.136677 0.300430 0.346816 0.215010 0.063429 -0.026310 0.127745 -0.209518 -0.130124 0.089257 0.046467 -0.076761 -0.263549 -0.222867 -0.051080 -0.079927 -0.110149 -0.178761 -0.208307 -0.151416 -0.208410 -0.041624 -0.260744 -0.265992 -0.287576 -0.043450 -0.012221 -0.118450 -0.037528 0.217114 0.165632 0.232132 -0.009641 0.057151 -0.081387 0.363464 0.143966 0.160597 -0.116573 0.204657 0.065075 -0.065255 0.147412 -0.286980 -0.005876 -0.020534 -0.400814 0.081472 -0.071315 -0.189743 -0.362276 -0.197336 -0.337410 0.312089 0.029368 0.085504 -0.014275 0.466121 0.053758 0.450457 0.248952 -0.107869 -0.326560 -0.364219 -0.314683 0.177260 0.138546 0.125407 0.079557 0.008118 0.059052 0.166725 0.003093 0.024085 0.048619 -0.047365 -0.079661 0.244127 0.048687 0.156929 -0.071540 -0.241713 -0.231117 -0.427636 0.102918 0.045534 0.178511
-0.086813 -0.199285 0.386748 0.431111 -0.170885 0.391650 0.083443 0.160762 0.257592 -0.008753 -0.219610 0.035836 -0.227307 -0.284898 0.546661 0.003904 -0.348612 -0.191954 0.200208 0.123411 -0.052931 0.251904 0.519764 0.658514 0.299629 0.670230 0.509516 1.000000 -0.374479 -0.269747 0.201488 0.387788 -0.093034 -0.042405 0.333426 0.477015 -0.231426 -0.264110 0.006290 -0.072823 -0.178326 -0.171213 -0.109813 0.233757 -0.193982 0.072393 -0.078826 -0.254266 -0.243335 -0.257838 0.233462 -0.257545 -0.178471 -0.071008 -0.203858 -0.128433 -0.104310 -0.149576 -0.111172 -0.171508 -0.142411 -0.234343 -0.299412 -0.219828 0.453559 0.176912 -0.022346 0.169570 0.101683 0.030053 0.163459 0.074738 -0.348903 -0.138746 -0.164652 -0.317644 -0.071302 0.016739 -0.117528 -0.102627 -0.375806 -0.383999 0.138789 -0.101542 0.295880 0.093536 0.390183 -0.031353 0.483298 0.306340 -0.321830 -0.405351 0.062830 0.000694 0.168112 -0.085317 -0.086995 0.012758 -0.317843 -0.337724 0.022042 0.034167 -0.085054 -0.005664 -0.022641 0.104746 -0.005843 0.142195 0.115311 0.073180 -0.031157 -0.361656 -0.187001 -0.207518 0.108414 -0.025602
-0.292838 -0.155599 -0.477847 -0.265394 -0.104216 0.049656 -0.398452 -0.458415 -0.278189 0.064272 0.342178 0.383361 0.254697 0.470641 0.015221 0.347685 0.476039 0.557625 -0.225265 0.060519 0.170282 0.148905 -0.191568 -0.139813 0.231721 -0.039906 -0.236494 -0.374479 1.000000 0.771669 0.257929 0.153316 -0.091993 -0.165097 -0.084867 -0.334566 0.690945 0.557205 0.088233 0.018725 0.514631 0.367565 0.210218 0.018635 -0.001464 -0.322445 0.115103 0.153273 -0.226299 -0.073814 -0.194603 0.148745 0.204998 0.104329 0.100707 0.059393 -0.072611 -0.131167 -0.506024 -0.437824 -0.467413 -0.459636 0.006885 -0.076069 -0.538597 -0.653968 -0.491311 -0.396793 -0.122911 -0.059313 0.097681 0.056815 0.706764 0.606976 0.457969 0.101371 0.210435 -0.100842 0.593440 0.292441 0.792555 0.712176 0.209121 0.552793 0.358771 0.484399 -0.200621 -0.007792 -0.312393 0.037702 -0.310353 0.071570 -0.103736 -0.340403 -0.546805 -0.038633 -0.046044 -0.372704 0.257275 0.256526 -0.439474 -0.423613 -0.402274 -0.291274 -0.246577 -0.330913 -0.609900 -0.542309 -0.298556 -0.457833 0.010971 0.156428 0.031491 -0.016890 -0.195530 -0.425624
-0.379711 -0.253054 -0.423263 -0.102785 -0.194927 -0.018810 -0.332262 -0.382183 -0.294758 -0.073290 0.099950 0.263158 0.147426 0.291886 0.005149 0.274882 0.402188 0.549374 -0.094401 0.043190 0.337508 0.353218 -0.120567 -0.144889 0.318194 0.003110 -0.136677 -0.269747 0.771669 1.000000 0.323618 0.302789 -0.092725 -0.132655 -0.205839 -0.383558 0.721464 0.677443 0.377292 0.258791 0.606394 0.420609 0.149539 -0.101593 -0.160727 -0.450317 0.160185 0.158685 -0.445930 -0.270103 -0.366477 -0.128850 0.011541 -0.092594 0.117966 0.122497 0.000625 -0.124570 -0.534544 -0.493288 -0.469696 -0.538060 -0.019763 -0.159534 -0.429049 -0.704108 -0.508305 -0.534140 0.033459 -0.105935 0.171767 0.285244 0.671843 0.635127 0.528700 0.158697 0.342891 0.055637 0.539310 0.303981 0.825843 0.728555 0.302624 0.587730 0.462252 0.524717 -0.071900 0.186189 -0.257794 0.050475 -0.239073 0.109823 -0.055819 -0.272822 -0.412008 0.094186 0.085771 -0.209155 0.299681 0.327974 -0.332408 -0.431687 -0.241283 -0.313891 -0.277855 -0.389599 -0.502480 -0.602139 -0.349226 -0.223328 0.028805 0.235232 0.091852 0.064867 -0.240112 -0.286397
-0.122379 -0.264343 0.018432 0.093040 -0.261154 0.118045 -0.099239 -0.200498 -0.503363 -0.361883 -0.312297 -0.124763 -0.408059 -0.130482 0.199720 -0.218213 0.044605 0.206111 0.425986 0.340162 0.507669 0.458868 0.545224 0.334089 0.404141 0.167330 0.300430 0.201488 0.257929 0.323618 1.000000 0.814227 -0.124224 0.010074 -0.231548 0.038383 0.144075 0.389496 0.409402 0.404291 0.267643 0.010741 -0.118618 -0.124808 -0.231544 -0.291082 -0.015858 -0.115322 -0.571440 -0.350454 -0.506666 -0.401583 -0.433418 -0.381182 -0.005454 0.159175 0.024386 -0.051122 -0.281901 -0.276670 -0.250649 -0.359895 -0.111090 -0.108386 0.132865 -0.377190 -0.244808 -0.247605 -0.033620 -0.204735 0.358268 0.506356 0.183760 0.383212 0.405052 -0.242356 0.388744 0.188025 0.043252 -0.025007 0.275074 0.020382 0.461461 0.516318 0.286700 0.197358 0.399590 0.475568 0.336546 0.180967 -0.448445 -0.435695 -0.285771 -0.242369 0.091298 0.137080 0.149950 -0.083123 -0.004935 -0.118093 -0.334857 -0.224254 -0.241645 -0.120152 -0.016256 0.028722 -0.114725 -0.225753 -0.115417 0.041926 -0.229984 -0.132717 -0.091778 0.048030 -0.320418 -0.074356
-0.278318 -0.372934 -0.067576 0.315702 -0.424549 0.138682 -0.169800 -0.059773 -0.443170 -0.352090 -0.261080 -0.021253 -0.326198 -0.096000 0.277334 -0.162116 -0.099326 0.070337 0.320076 0.233401 0.451690 0.551545 0.582680 0.539353 0.375563 0.355543 0.346816 0.387788 0.153316 0.302789 0.814227 1.000000 -0.206368 0.026723 -0.161584 0.094586 0.149945 0.315359 0.372817 0.305081 0.172390 -0.036554 -0.100817 -0.111279 -0.302093 -0.265826 0.001990 -0.130796 -0.541869 -0.395317 -0.377943 -0.436918 -0.417156 -0.384543 -0.105183 0.036665 -0.000386 -0.113783 -0.323937 -0.323567 -0.320686 -0.386282 -0.160348 -0.164994 0.206329 -0.323682 -0.250134 -0.187630 -0.023549 -0.193364 0.305110 0.461728 0.050926 0.335878 0.381857 -0.208430 0.395082 0.170040 0.104911 -0.020712 0.219118 0.002798 0.461589 0.490990 0.350540 0.309384 0.402879 0.447945 0.370232 0.236518 -0.462062 -0.473862 -0.163091 -0.239534 0.103087 0.100522 0.056579 -0.078428 -0.108437 -0.201633 -0.311573 -0.256094 -0.314039 -0.164319 -0.074998 -0.040554 -0.130607 -0.232727 -0.126601 0.043973 -0.140803 -0.181968 -0.179090 -0.088413 -0.244593 -0.009448
0.380957 0.412099 0.105619 -0.191028 0.109648 -0.251500 0.077847 -0.180531 -0.059903 -0.311232 -0.028396 -0.177698 -0.087031 -0.196175 -0.312279 -0.287427 -0.126059 -0.147551 0.177830 0.010351 -0.043045 0.060275 -0.156904 -0.316811 -0.334300 -0.307598 0.215010 -0.093034 -0.091993 -0.092725 -0.124224 -0.206368 1.000000 0.614587 0.125692 -0.114612 -0.039617 -0.094663 0.070906 0.079700 -0.045174 -0.117822 -0.025498 0.049473 0.177409 -0.140524 -0.155020 -0.025494 0.206899 0.117861 0.084500 -0.075531 -0.156497 -0.047166 0.019450 -0.018310 0.133113 0.271341 0.329306 0.241102 0.504498 0.261709 0.333862 0.213262 0.081944 0.101929 0.261716 -0.180376 0.225082 0.042135 -0.231486 0.050707 0.107502 -0.336431 0.066429 -0.027254 0.057987 -0.186044 0.187908 -0.136062 -0.117813 -0.135054 -0.119132 -0.194381 -0.292733 -0.277487 0.079616 -0.192933 -0.152846 -0.237761 0.052893 -0.100709 -0.305666 -0.107950 0.089737 0.091974 0.278250 0.174471 0.046771 0.192239 0.352313 0.271761 0.437353 0.497472 0.206985 0.108564 0.443599 0.090917 -0.027181 0.104206 0.060454 0.073688 -0.045293 0.047853 -0.024507 0.166983
0.432187 0.262886 0.027579 0.047849 -0.045392 -0.289043 0.143184 -0.031248 -0.089636 -0.401438 -0.037899 -0.149566 -0.181785 -0.174138 -0.160580 -0.303908 -0.023861 -0.128844 0.186028 0.041032 -0.110323 0.091487 -0.127649 -0.217458 -0.250738 -0.381059 0.063429 -0.042405 -0.165097 -0.132655 0.010074 0.026723 0.614587 1.000000 0.062906 0.058643 -0.023190 -0.026559 0.076389 0.233792 -0.004632 -0.003719 -0.238300 -0.250604 0.078919 -0.241140 -0.294159 -0.270174 0.045512 -0.032274 -0.041210 -0.168571 -0.195720 -0.021771 -0.191657 -0.163378 0.321036 0.375863 0.231543 0.162484 0.453390 0.337165 0.355076 0.324980 0.310151 0.273499 0.121940 -0.088116 0.170910 -0.091033 -0.169643 0.176940 0.137355 -0.383623 0.151813 0.138521 0.274081 0.004318 0.051014 -0.076677 -0.150502 -0.094411 0.073688 -0.077485 -0.277905 -0.311138 0.092195 0.109020 -0.049196 -0.216183 -0.033886 -0.144390 -0.292189 -0.172919 0.271310 0.113548 0.058218 0.185845 -0.259653 -0.056661 0.316728 0.291567 0.494171 0.445628 0.197031 0.065908 0.369139 0.114132 0.167289 0.086333 -0.072769 -0.092229 -0.107375 0.084173 -0.073598 0.320023
-0.204284 -0.161831 0.330608 -0.098714 0.043888 0.060945 0.103940 -0.035866 0.310108 0.233225 -0.023739 0.084857 0.190449 -0.128034 0.053903 0.051164 -0.158112 -0.185908 -0.208140 -0.143469 -0.253950 -0.109719 0.006154 0.098574 0.107809 0.371035 -0.026310 0.333426 -0.084867 -0.205839 -0.231548 -0.161584 0.125692 0.062906 1.000000 0.367943 -0.079427 -0.283659 -0.148449 -0.164091 -0.272590 -0.084133 0.284032 0.574490 0.247144 0.482644 0.145654 -0.016983 0.171033 0.196544 0.555482 0.096128 0.124736 0.169832 -0.213051 -0.093843 -0.229143 -0.150165 -0.134597 -0.086007 -0.106769 -0.071770 -0.149144 -0.057709 0.174008 0.162112 0.119971 0.545376 -0.298938 0.238394 0.084641 -0.152831 0.017711 -0.280711 -0.417643 -0.037404 -0.277840 -0.027272 0.159910 0.170046 -0.236812 -0.071912 -0.350654 -0.345434 0.036558 -0.019378 -0.216251 -0.432424 -0.250935 -0.261052 -0.189322 -0.270066 0.202476 0.099109 -0.030361 -0.131393 -0.121064 -0.012303 -0.306839 -0.189824 -0.079320 0.245073 -0.074026 0.213876 -0.037461 0.086355 -0.013229 0.092792 0.031615 0.073191 0.040478 -0.149595 0.106878 -0.403158 0.023457 -0.104235
-0.154321 -0.377749 0.455810 0.360517 0.066576 0.145307 0.395457 0.363890 0.361154 0.173991 -0.137639 -0.194680 0.042114 -0.196483 0.396540 0.060197 -0.309747 -0.323905 -0.050542 -0.004764 -0.108500 -0.133960 0.468518 0.382359 0.262145 0.425318 0.127745 0.477015 -0.334566 -0.383558 0.038383 0.094586 -0.114612 0.058643 0.367943 1.000000 -0.353182 -0.338950 -0.054930 -0.196240 -0.214347 -0.040572 -0.069522 0.258525 -0.103619 0.331872 -0.093100 -0.108944 -0.108383 -0.111883 0.289126 -0.096078 -0.040550 0.130135 -0.191225 -0.179712 -0.086547 -0.269925 -0.209461 -0.271621 -0.131036 -0.126447 -0.304750 -0.287853 0.557662 0.478551 -0.161130 0.318846 -0.083114 0.052062 -0.119576 -0.083100 -0.282988 -0.283681 -0.154459 -0.219070 -0.086615 -0.021163 -0.285677 -0.099698 -0.379243 -0.378351 -0.068384 -0.225365 0.104837 -0.050903 0.046646 -0.076613 0.336655 0.056533 -0.200850 -0.189147 0.098634 0.214734 0.019586 -0.238904 -0.108045 -0.179506 -0.391206 -0.421779 -0.124326 0.077317 -0.180163 -0.074884 0.032980 0.249617 -0.019368 0.136234 0.023322 0.054263 0.325846 -0.198392 0.123730 -0.153967 0.002033 -0.031939
