1.000000 -0.030966 0.351697 0.103727 0.111817 0.081727 0.398723 0.164547 0.033679 -0.087168 0.270568 0.124567 0.139317 0.080983 0.112559 -0.126390 0.115833 0.147203 0.056997 0.167974 0.023788 -0.099792 0.200198 0.122983 -0.108542 -0.320224 0.035514 -0.006684 0.047915 -0.122134 0.106906 -0.072686 -0.015853 0.068715 -0.026819 -0.110477 -0.120344 -0.153586 -0.189748 -0.268089 -0.261630 -0.293902 -0.324815 -0.245734 -0.205878 -0.244197 -0.394891 -0.410837 -0.132351 -0.297148 -0.350146 -0.303370 -0.427030 -0.453007 -0.069126 -0.308326 0.485730 -0.098055 0.235794 -0.287009 0.468354 -0.093727 0.074498 0.060818 0.118663 -0.180760 -0.256114 -0.246343 0.011313 -0.023481 -0.042817 0.014868 -0.104558 0.075069 0.195799 0.022899 0.207204 0.055419 0.030031 0.070695 -0.114833 -0.086096 0.064291 -0.098794 -0.237593 -0.098058 -0.075242 0.020648 0.138343 0.153886 -0.178632 -0.059013 0.194653 0.414140 -0.373148 -0.251051 -0.084930 -0.192227 -0.246922 -0.071949 0.176182 0.577993 0.295870 0.413037 0.345307 0.216690 0.175356 0.359370 0.108150 -0.302094 -0.187396 -0.405369 -0.275983 0.159302 -0.115381 0.056337
-0.030966 1.000000 -0.311765 0.233167 -0.020942 -0.002181 -0.111661 0.328061 0.058771 0.237169 -0.070212 0.174821 0.000966 0.094122 0.054065 0.301798 -0.245051 -0.035375 0.546283 0.477293 0.035511 0.084829 -0.463617 -0.343233 -0.286918 -0.095061 0.108629 0.017042 0.083560 0.265308 -0.172781 -0.407648 0.148781 0.248025 -0.243095 -0.254980 0.122477 0.029282 -0.294125 0.110279 0.161549 -0.022513 -0.227002 -0.219450 -0.348779 -0.196038 0.042204 -0.190771 -0.228488 -0.214652 -0.275314 -0.026882 0.062284 -0.146906 0.024872 -0.130280 0.004718 0.531905 -0.009423 0.367343 -0.138816 0.309114 -0.186106 0.176260 -0.149958 0.168513 0.161081 -0.085653 0.450854 0.272815 0.175769 -0.137385 0.182175 -0.181296 -0.095335 0.149061 -0.009325 -0.081635 -0.068747 0.068853 0.071620 0.221233 -0.100878 0.235481 -0.028421 -0.145785 -0.232589 -0.048500 0.163726 0.257631 0.005310 -0.319744 -0.012453 -0.006565 -0.235156 -0.058623 -0.230594 -0.011665 -0.162163 -0.190315 0.296901 0.003381 0.054119 -0.073863 0.067711 -0.181387 -0.228342 0.142851 -0.080114 0.029445 -0.108661 -0.243823 -0.087562 0.078619 -0.193510 -0.019167
0.351697 -0.311765 1.000000 0.152356 -0.039798 -0.246402 0.554857 0.195938 -0.091788 -0.196386 0.324178 0.011352 0.021364 0.046933 -0.087165 -0.432967 0.166841 0.199493 -0.042405 -0.143312 -0.133987 -0.224871 0.660310 0.469464 0.104282 0.124146 -0.170024 -0.122577 -0.009564 -0.095087 0.258458 0.529492 0.228313 0.118362 0.258746 -0.147255 -0.418909 -0.336215 -0.168853 -0.423814 -0.381498 -0.046556 -0.150456 0.016461 0.021145 -0.011418 -0.400839 -0.156346 -0.025560 0.042241 0.063369 -0.119479 -0.490307 -0.189655 0.005318 -0.051725 -0.014780 -0.192660 -0.128302 -0.295726 0.056085 -0.214124 -0.140226 0.006129 0.073001 -0.279719 -0.316338 -0.276465 -0.285928 -0.409032 0.033231 0.279095 -0.168796 0.286751 0.193390 0.059436 0.151141 0.223392 0.225885 0.095801 -0.091437 -0.126692 0.117793 -0.210037 -0.167618 -0.218700 0.191911 0.235255 0.037756 -0.010727 -0.337557 -0.196697 0.041950 0.160160 -0.101643 -0.160127 -0.023263 -0.149904 -0.135757 -0.350362 -0.370365 0.243464 0.069667 0.209519 0.347911 -0.006023 0.273739 0.365077 -0.241425 -0.086825 -0.047986 -0.206001 -0.281311 -0.041385 -0.077383 -0.045437
0.103727 0.233167 0.152356 1.000000 -0.256986 -0.072698 0.154988 0.559571 -0.386769 -0.327042 0.071959 -0.056871 0.130142 -0.075260 -0.419855 -0.095253 0.056936 0.180880 0.417604 0.402886 -0.335724 -0.340832 0.433722 0.575712 0.300195 -0.187634 -0.211082 -0.450042 0.177183 0.056216 0.352014 0.181643 0.218201 0.117844 0.512973 0.077298 -0.383445 -0.217753 -0.218544 -0.212401 -0.314407 0.020027 -0.373433 -0.228667 -0.353956 -0.290613 -0.420838 -0.326046 -0.370255 -0.262188 -0.212339 -0.092874 -0.393808 -0.394929 -0.007289 -0.301269 0.198445 0.156271 -0.232864 0.069868 -0.243856 -0.191025 -0.029822 0.011003 -0.135259 0.186852 -0.105430 -0.175721 0.283948 0.052664 -0.143911 -0.155107 0.107958 0.471001 0.025999 -0.447332 -0.283250 -0.106737 0.113163 0.219948 0.006737 0.003587 -0.129666 0.044522 -0.128808 -0.113824 0.028129 0.228318 0.169327 0.241550 -0.189473 -0.075357 0.200929 0.300987 -0.263997 0.117773 -0.419529 -0.296606 -0.437533 -0.382637 0.182468 0.126688 -0.055994 -0.058946 0.245241 0.230116 0.228123 0.267896 0.120153 0.001695 -0.162277 -0.258720 -0.235782 -0.175802 -0.324287 -0.140050
0.111817 -0.020942 -0.039798 -0.256986 1.000000 0.795882 0.107924 0.096163 0.635578 0.250991 -0.374401 -0.068316 -0.322958 0.012630 0.512676 0.207588 -0.344872 -0.339366 -0.048029 -0.098476 0.652464 0.559680 -0.125473 -0.319309 -0.311804 -0.229284 0.785446 0.636662 -0.591593 -0.256703 -0.528509 -0.511771 -0.292626 -0.275398 -0.482089 -0.206710 0.090473 0.053783 -0.147523 0.119814 0.127298 -0.464779 -0.136439 -0.254446 -0.107843 -0.127947 0.226366 -0.191867 0.185385 -0.126046 -0.162015 -0.247900 0.174703 -0.229793 0.178233 -0.023896 0.076133 -0.108673 0.398498 0.204527 0.382277 0.223513 -0.070200 0.009118 0.084840 -0.155380 0.052446 0.149991 -0.051446 -0.060792 -0.086749 0.336452 -0.398764 -0.519491 -0.371173 0.345115 0.093060 0.034833 -0.513636 -0.520698 -0.382487 -0.525047 0.377454 0.415731 -0.265747 -0.222442 -0.045647 -0.465548 0.355479 0.290922 0.426598 0.142084 -0.230091 -0.101412 -0.161022 0.068015 -0.055798 -0.103785 0.096640 0.283407 -0.156844 0.032620 0.024549 -0.092782 -0.047804 -0.017937 -0.101237 0.034223 0.232656 -0.404914 -0.278277 -0.208200 -0.077070 0.169584 0.064340 0.180600
0.081727 -0.002181 -0.246402 -0.072698 0.795882 1.000000 0.035250 0.074344 0.506370 0.260729 -0.480934 -0.180191 -0.295616 -0.204438 0.350322 0.332193 -0.367892 -0.222255 -0.023127 -0.105138 0.573619 0.671005 -0.134883 -0.269665 -0.130318 -0.136525 0.813843 0.653782 -0.386863 -0.149566 -0.390929 -0.507300 -0.290475 -0.320645 -0.360808 0.005896 0.224338 0.243391 -0.113813 0.176595 0.296967 -0.334833 -0.050959 -0.153493 -0.175600 -0.174804 0.274744 -0.113278 0.006027 -0.262787 -0.208500 -0.221054 0.259835 -0.247738 0.016773 -0.053273 0.254276 0.023403 0.377757 0.190764 0.276696 0.022737 0.110787 0.030218 -0.074477 -0.103517 0.100464 0.183146 0.064000 0.070193 -0.070093 0.309478 -0.284115 -0.454844 -0.357085 0.172211 0.048203 -0.013201 -0.481270 -0.513024 -0.404314 -0.455673 0.202958 0.463872 -0.309924 -0.189652 -0.233616 -0.509202 0.242352 0.302091 0.472965 0.243753 -0.155010 0.024975 -0.045041 0.196105 0.014689 0.000855 0.068930 0.359012 -0.055663 0.035956 -0.126419 -0.009659 -0.171115 0.076683 -0.202715 -0.042129 0.455051 -0.327582 -0.176274 -0.072766 0.043160 0.173875 0.003905 0.259925
0.398723 -0.111661 0.554857 0.154988 0.107924 0.035250 1.000000 0.595331 0.086275 -0.172279 0.407891 0.478487 0.399374 0.437786 0.063725 -0.027890 0.286667 0.452974 -0.226054 -0.119172 -0.074139 -0.233476 0.377812 0.376009 -0.127607 -0.223189 0.037923 -0.091737 0.020786 -0.043590 0.102229 0.195020 0.395814 0.351854 0.238433 -0.129354 -0.356318 -0.354314 -0.404103 -0.461035 -0.184336 -0.222406 -0.362995 -0.119838 -0.123024 -0.212222 -0.416605 -0.501950 0.038043 -0.086680 0.035882 -0.169858 -0.536269 -0.422630 -0.204203 -0.254852 0.061308 -0.488610 -0.228802 -0.460385 0.357050 0.041289 0.085394 0.022597 0.423928 0.116339 -0.433548 -0.439194 -0.418594 -0.517474 0.099884 0.197958 0.021486 0.256631 0.235704 -0.100600 0.095735 0.124647 -0.026703 0.117758 -0.111717 -0.046323 -0.050508 -0.028716 -0.351938 0.066779 -0.212028 -0.134571 -0.006623 0.094513 -0.384652 -0.358095 0.026818 0.005469 -0.380185 -0.131743 -0.415933 -0.403305 -0.489853 -0.424450 -0.080852 0.181155 0.042878 0.198941 0.415401 0.170202 -0.110605 0.078423 0.005192 -0.396553 -0.514861 -0.497598 -0.210716 -0.136223 0.035952 -0.118960
0.164547 0.328061 0.195938 0.559571 0.096163 0.074344 0.595331 1.000000 -0.047120 -0.138198 0.118273 0.369058 0.214787 0.318329 -0.096898 0.061400 -0.030680 0.228608 0.056586 0.130504 -0.063731 -0.156330 0.168337 0.313948 -0.243885 -0.364056 0.125450 -0.164964 -0.126817 -0.132168 0.045016 -0.082700 0.197059 0.238631 0.210946 -0.135300 -0.332574 -0.356093 -0.388645 -0.217612 -0.297888 -0.225726 -0.512369 -0.397449 -0.399969 -0.275295 -0.324531 -0.617571 -0.145514 -0.220114 -0.101041 -0.238776 -0.374731 -0.484345 -0.060024 -0.312406 0.050487 -0.088743 -0.158569 0.050765 0.147114 0.165842 -0.037415 0.034118 0.269008 0.253336 -0.240279 -0.198187 -0.146502 -0.254777 0.102437 0.118142 -0.037507 0.111582 -0.104149 -0.159899 -0.241287 0.002592 -0.172551 -0.001847 -0.182567 -0.169265 -0.094571 0.115172 -0.323434 -0.004190 -0.212592 -0.062491 0.222065 0.294532 -0.113779 -0.331552 0.196683 0.078081 -0.381060 -0.029100 -0.652193 -0.414571 -0.500647 -0.422084 0.186936 0.181118 0.069669 0.041074 0.413235 0.273700 -0.082215 0.233292 0.094541 -0.343987 -0.521993 -0.602625 -0.238795 -0.163044 -0.132620 -0.173280
0.033679 0.058771 -0.091788 -0.386769 0.635578 0.506370 0.086275 -0.047120 1.000000 0.676790 -0.275495 0.199067 -0.230834 0.203185 0.922523 0.562070 -0.271854 -0.294035 -0.082569 0.062086 0.673620 0.586113 -0.372280 -0.447504 -0.409981 0.259918 0.565703 0.762667 -0.390283 0.085587 -0.637141 -0.455906 -0.337315 -0.097971 -0.574427 -0.110799 0.167994 0.219400 -0.182580 0.068437 0.226613 -0.423435 -0.208559 -0.254486 -0.321832 -0.274240 0.276020 -0.157019 -0.040837 -0.379783 -0.154679 -0.273523 0.133945 -0.091137 -0.018049 -0.038579 -0.040478 -0.117788 0.253110 0.012732 0.318934 0.248332 -0.213975 0.022290 0.097511 0.029762 -0.075740 0.038712 0.000474 0.042640 0.156883 0.557712 -0.096388 -0.621066 -0.239948 0.610928 0.360288 0.298869 -0.458596 -0.601109 -0.314694 -0.279609 0.264278 0.412384 -0.041820 0.009285 -0.098070 -0.340422 0.197455 0.202561 0.326944 0.035284 0.026365 -0.058140 -0.223129 -0.026410 -0.119703 -0.239880 -0.107753 0.143285 -0.084487 0.018939 -0.069311 -0.046751 -0.167340 -0.047524 -0.436311 -0.062927 0.126945 -0.320193 -0.214688 -0.345544 -0.147867 0.155271 0.143736 0.109879
-0.087168 0.237169 -0.196386 -0.327042 0.250991 0.260729 -0.172279 -0.138198 0.676790 1.000000 -0.160042 0.019375 -0.169902 0.002300 0.707566 0.753998 -0.346965 -0.338345 0.182659 0.211605 0.581492 0.548189 -0.571280 -0.578452 -0.338506 0.493456 0.369208 0.674289 -0.039143 0.406218 -0.381043 -0.310301 -0.248429 -0.063414 -0.599042 -0.160384 0.436277 0.408527 -0.075872 0.165110 0.282250 -0.083450 0.026284 -0.094555 -0.277854 -0.076513 0.429597 0.054519 -0.253757 -0.310806 -0.175916 -0.083821 0.258933 0.118397 -0.100198 -0.092874 -0.001207 0.147670 0.080728 0.098069 -0.093764 -0.029878 -0.256031 -0.111305 -0.239221 -0.036031 0.022689 0.229416 0.275701 0.206221 0.370543 0.352069 0.145143 -0.525318 -0.063351 0.722006 0.409618 0.307097 -0.181662 -0.442327 -0.165551 -0.026278 0.120676 0.468806 0.152241 0.181539 -0.223836 -0.041594 -0.008745 0.104981 0.217456 -0.116139 -0.032849 -0.107493 -0.193421 -0.101460 0.098222 0.001518 0.001815 0.160968 -0.035087 -0.035433 -0.219589 -0.070155 -0.360049 -0.028702 -0.503868 0.020718 -0.023894 -0.008506 0.190121 -0.158387 -0.085192 0.061624 0.006863 -0.039276
0.270568 -0.070212 0.324178 0.071959 -0.374401 -0.480934 0.407891 0.118273 -0.275495 -0.160042 1.000000 0.582986 0.805215 0.491653 -0.115039 0.011012 0.575378 0.411357 -0.150878 0.125007 -0.429934 -0.568583 0.257691 0.432970 -0.013922 -0.177870 -0.412938 -0.354856 0.468276 0.058953 0.289743 0.361022 0.332990 0.433718 0.329344 -0.193229 -0.294421 -0.323417 -0.082422 -0.381544 -0.176726 -0.000189 -0.086094 0.100214 0.111233 0.078659 -0.439352 -0.320572 0.099184 0.093444 0.134028 0.034056 -0.480566 -0.053952 -0.125859 -0.133723 -0.207843 -0.396167 -0.474676 -0.679866 -0.045344 -0.006472 -0.003730 0.068748 0.328893 0.136219 -0.502022 -0.516375 -0.281462 -0.406243 -0.196568 -0.243783 0.229212 0.341237 0.327164 -0.153005 0.010033 -0.056260 0.420198 0.443646 0.193450 0.320710 -0.002312 -0.127675 0.256845 0.453049 0.004910 0.337210 -0.192744 -0.097911 -0.683544 -0.434896 -0.086880 -0.190349 -0.371746 -0.333315 -0.088566 -0.132790 -0.329069 -0.530177 0.032324 0.065236 -0.043395 0.052322 0.238196 0.255496 0.086889 -0.082811 -0.488575 0.089448 0.006421 -0.251728 -0.122610 -0.351224 0.101251 -0.348988
0.124567 0.174821 0.011352 -0.056871 -0.068316 -0.180191 0.478487 0.369058 0.199067 0.019375 0.582986 1.000000 0.517863 0.841687 0.261215 0.257618 0.438727 0.408371 -0.302114 0.119880 -0.112605 -0.249403 -0.005958 0.235215 -0.332842 -0.210781 -0.079799 -0.053974 0.090734 0.072986 -0.042555 0.090446 0.308351 0.534174 -0.038371 -0.103940 -0.279320 -0.358569 -0.282077 -0.429840 0.010489 -0.284604 -0.246367 -0.073200 -0.130048 -0.070591 -0.274944 -0.481270 0.058441 -0.072025 0.117637 -0.114729 -0.365005 -0.181985 -0.115059 -0.321879 -0.309114 -0.374252 -0.370627 -0.481984 0.226894 0.338875 -0.085082 0.088781 0.510648 0.388750 -0.421662 -0.419455 -0.395412 -0.301264 -0.030228 0.003617 0.143328 -0.014538 0.013340 0.060523 -0.155432 -0.006647 -0.011266 0.184269 -0.110201 0.103886 0.009411 0.020294 0.167564 0.457660 -0.078611 -0.057957 -0.020954 -0.060566 -0.362790 -0.535130 0.093359 -0.261121 -0.488131 -0.199524 -0.460620 -0.498768 -0.545556 -0.612153 0.104129 0.005699 0.094045 0.095269 0.248026 0.233894 -0.255179 -0.261615 -0.298600 -0.250106 -0.359788 -0.523743 -0.109107 -0.262949 0.301608 -0.209919
0.139317 0.000966 0.021364 0.130142 -0.322958 -0.295616 0.399374 0.214787 -0.230834 -0.169902 0.805215 0.517863 1.000000 0.510256 -0.071715 0.224911 0.493124 0.356202 -0.210169 0.137074 -0.402897 -0.490485 0.022906 0.296705 -0.052298 -0.286662 -0.356802 -0.318436 0.436136 0.055111 0.156823 0.097202 0.276557 0.378999 0.347879 -0.119316 -0.106184 -0.152198 -0.062026 -0.220722 -0.010489 -0.011912 -0.157443 0.021996 0.005175 -0.063575 -0.303830 -0.258514 0.058972 -0.026865 0.056918 -0.015784 -0.249998 -0.087500 -0.260576 -0.107127 -0.179847 -0.471084 -0.305662 -0.530383 0.043237 0.153078 0.171113 0.113218 0.345653 0.382235 -0.331512 -0.426320 -0.196727 -0.312707 -0.244463 -0.250151 0.221316 0.270558 0.303246 -0.290798 -0.040928 -0.102493 0.281833 0.293414 0.312508 0.337748 -0.117585 0.071638 0.155254 0.516203 -0.227607 0.117913 -0.219337 0.074124 -0.528724 -0.219844 -0.130122 -0.326770 -0.376035 -0.088924 -0.130134 -0.182221 -0.360288 -0.356463 0.179168 -0.171942 -0.280590 -0.192353 0.001189 0.234092 -0.083385 -0.273892 -0.102837 0.025362 -0.186193 -0.228719 -0.026799 -0.282454 0.152918 -0.350679
0.080983 0.094122 0.046933 -0.075260 0.012630 -0.204438 0.437786 0.318329 0.203185 0.002300 0.491653 0.841687 0.510256 1.000000 0.306605 0.211810 0.416186 0.408890 -0.369746 0.003601 -0.202260 -0.323360 -0.010305 0.178787 -0.354075 -0.251703 -0.119240 -0.060949 0.039151 0.128712 -0.129072 0.039576 0.229369 0.479240 -0.114655 0.009708 -0.330483 -0.375292 -0.268907 -0.436378 0.040460 -0.356565 -0.212679 -0.058251 -0.123800 -0.015322 -0.276941 -0.391916 0.062019 -0.057724 0.005395 -0.126142 -0.248247 -0.113501 -0.033573 -0.272907 -0.419507 -0.403947 -0.213506 -0.411269 0.305710 0.413042 -0.094238 0.233103 0.415707 0.503347 -0.455057 -0.392462 -0.458083 -0.392474 -0.022339 0.044038 0.137868 -0.023516 0.104350 0.140192 -0.122348 -0.029672 0.016448 0.228388 -0.113869 0.100659 0.072757 -0.002012 0.113963 0.270345 -0.003246 -0.089617 0.064700 -0.016741 -0.237382 -0.398502 0.170155 -0.269912 -0.544223 -0.197256 -0.368354 -0.606423 -0.430378 -0.551660 0.044551 -0.114395 -0.022882 -0.154538 0.183860 0.212832 -0.164108 -0.300860 -0.232512 -0.270597 -0.413239 -0.496197 -0.076502 -0.216670 0.281808 -0.196570
0.112559 0.054065 -0.087165 -0.419855 0.512676 0.350322 0.063725 -0.096898 0.922523 0.707566 -0.115039 0.261215 -0.071715 0.306605 1.000000 0.586256 -0.202819 -0.257223 -0.053572 0.189227 0.562610 0.449959 -0.410757 -0.473435 -0.506363 0.245317 0.444164 0.735642 -0.285896 0.082032 -0.641119 -0.463167 -0.381213 -0.116412 -0.614811 -0.094695 0.171803 0.118806 -0.033109 0.100921 0.228042 -0.457085 -0.281775 -0.310066 -0.376354 -0.310324 0.181562 -0.170041 -0.097352 -0.433562 -0.181194 -0.358980 0.095710 -0.120893 -0.086011 -0.086963 -0.119360 -0.133632 0.212343 -0.059735 0.356011 0.242236 -0.288947 0.049956 0.160014 0.086293 -0.166433 -0.038975 0.043537 0.057197 0.139201 0.434495 -0.063445 -0.621525 -0.203036 0.606279 0.328103 0.219110 -0.401332 -0.520842 -0.259663 -0.229507 0.405814 0.393847 0.129848 0.136734 -0.017218 -0.173491 0.283519 0.289250 0.274065 0.048456 0.119714 -0.045891 -0.302846 -0.072707 -0.035795 -0.264079 -0.112295 0.122653 -0.008140 -0.023369 -0.158848 -0.171043 -0.245988 -0.030609 -0.433640 -0.100304 0.069789 -0.277665 -0.193764 -0.376720 -0.164847 0.231258 0.237634 0.102150
-0.126390 0.301798 -0.432967 -0.095253 0.207588 0.332193 -0.027890 0.061400 0.562070 0.753998 0.011012 0.257618 0.224911 0.211810 0.586256 1.000000 -0.087724 -0.150442 0.105263 0.362928 0.397893 0.363461 -0.584892 -0.372866 -0.305388 0.148402 0.295029 0.450176 0.106777 0.422731 -0.303635 -0.365666 -0.089633 0.116044 -0.339982 -0.092517 0.422382 0.460300 -0.227388 0.091724 0.455919 -0.067500 -0.087511 -0.126046 -0.317300 -0.193522 0.343208 -0.096034 -0.265682 -0.365503 -0.179497 -0.111497 0.171303 -0.064651 -0.284663 -0.233618 0.018120 -0.083518 -0.049442 -0.060915 -0.100912 0.066311 -0.111217 -0.135647 -0.038314 0.219773 0.021254 0.136879 0.282731 0.235139 0.100898 0.170586 0.186027 -0.359556 -0.073537 0.407851 0.211608 0.197167 -0.179564 -0.323094 0.046314 0.135100 0.010426 0.709715 0.123075 0.396796 -0.420000 -0.220227 -0.107198 0.160446 0.121608 -0.118021 -0.104100 -0.312473 -0.363358 0.111314 -0.142074 -0.150423 -0.265990 0.040156 0.025342 -0.268948 -0.427807 -0.252353 -0.409466 0.081748 -0.620281 -0.245210 0.130156 0.024089 -0.023967 -0.222493 -0.009006 -0.069294 0.074723 -0.165020
0.115833 -0.245051 0.166841 0.056936 -0.344872 -0.367892 0.286667 -0.030680 -0.271854 -0.346965 0.575378 0.438727 0.493124 0.416186 -0.202819 -0.087724 1.000000 0.598737 -0.336860 0.082389 -0.442184 -0.569786 0.299330 0.463832 0.089797 -0.130315 -0.411834 -0.402925 0.343108 0.220766 0.266875 0.418562 0.287156 0.341726 0.382702 0.099859 -0.340410 -0.249158 -0.134223 -0.511547 -0.057813 0.169425 0.006622 0.276002 0.104791 0.007277 -0.408420 -0.105102 -0.039736 0.044690 0.166177 -0.042591 -0.421063 -0.169093 -0.317273 -0.120594 0.006052 -0.386789 -0.491702 -0.614793 -0.040221 -0.021531 0.090170 0.104169 0.257315 0.061455 -0.397067 -0.304060 -0.259838 -0.063549 -0.307127 -0.124812 0.213651 0.368538 0.507270 -0.201908 -0.050013 0.000379 0.462879 0.496702 0.310642 0.366369 -0.059261 -0.063853 0.137090 0.282786 0.089647 0.135019 -0.230256 -0.199718 -0.444052 -0.156593 0.080762 -0.108661 -0.080489 -0.179617 -0.143038 -0.203968 -0.365402 -0.386513 -0.200519 -0.017658 -0.062633 0.099241 0.244170 0.363151 0.068974 -0.333944 -0.190044 0.012734 0.125920 0.043119 0.290003 -0.343994 0.252793 -0.091407
0.147203 -0.035375 0.199493 0.180880 -0.339366 -0.222255 0.452974 0.228608 -0.294035 -0.338345 0.411357 0.408371 0.356202 0.408890 -0.257223 -0.150442 0.598737 1.000000 -0.130989 -0.051946 -0.490579 -0.479017 0.351513 0.378022 0.156563 -0.252561 -0.315228 -0.448244 0.472201 0.422699 0.424089 0.374359 0.448193 0.272478 0.382729 0.118114 -0.286744 -0.202813 -0.190211 -0.440191 -0.000446 0.137562 -0.031753 0.249684 0.081356 0.064460 -0.385793 -0.212473 -0.116062 0.054097 -0.070034 0.050827 -0.320043 -0.235096 -0.075822 -0.062571 -0.053444 -0.280520 -0.342379 -0.407929 0.007790 -0.061930 0.036238 0.128379 0.074894 0.081648 -0.309966 -0.399467 -0.267212 -0.244253 0.101892 0.033665 0.370600 0.510199 0.333380 -0.180624 0.047664 0.055517 0.408354 0.677936 0.134577 0.477220 -0.158399 -0.173295 -0.039883 -0.007916 -0.161240 0.044449 -0.155010 -0.155613 -0.440463 -0.462997 0.127175 0.006743 -0.146326 -0.114062 -0.153713 -0.159669 -0.368067 -0.494444 -0.061856 0.109406 0.137040 0.204638 0.391281 0.076000 0.064404 -0.064760 -0.143688 0.028014 -0.183704 -0.248613 0.035055 -0.173021 0.082690 0.187203
0.056997 0.546283 -0.042405 0.417604 -0.048029 -0.023127 -0.226054 0.056586 -0.082569 0.182659 -0.150878 -0.302114 -0.210169 -0.369746 -0.053572 0.105263 -0.336860 -0.130989 1.000000 0.640573 0.045169 0.093983 -0.126079 -0.152009 0.088350 0.054571 -0.035796 -0.112008 0.219985 0.300721 0.149335 -0.073035 0.007841 -0.074351 -0.049661 -0.248840 0.183638 0.129186 -0.129583 0.105165 -0.034164 0.104311 -0.202253 -0.145622 -0.214832 -0.114305 -0.008865 -0.020643 -0.313799 -0.186711 -0.329023 0.075735 -0.035330 -0.218836 0.096142 -0.134515 0.130422 0.399109 -0.025069 0.341217 -0.410976 -0.216331 -0.339465 -0.133892 -0.401170 -0.044119 0.299011 0.001099 0.830988 0.267592 0.070775 -0.149931 0.152071 0.174688 -0.029423 0.069098 0.239410 0.086415 0.091761 0.093411 0.102907 0.217618 -0.008664 0.190739 0.085160 -0.237501 -0.080978 0.190258 0.200618 0.216112 -0.125983 -0.224158 -0.103222 0.216894 -0.177916 0.159636 0.018000 0.146166 -0.054204 -0.028769 0.258788 0.169480 0.090165 -0.031337 0.037969 -0.265562 0.127781 0.420747 -0.028713 0.285118 0.066876 -0.164901 -0.340006 0.221236 -0.425532 0.140907
0.167974 0.477293 -0.143312 0.402886 -0.098476 -0.105138 -0.119172 0.130504 0.062086 0.211605 0.125007 0.119880 0.137074 0.003601 0.189227 0.362928 0.082389 -0.051946 0.640573 1.000000 0.123379 -0.022474 -0.202350 -0.000755 -0.178630 -0.043740 -0.066052 -0.048199 0.112644 0.199650 -0.056347 -0.208473 -0.107435 -0.046218 -0.092179 -0.282335 0.067167 0.088457 -0.120686 -0.002527 -0.051519 -0.036397 -0.390072 -0.272216 -0.392339 -0.439990 -0.129939 -0.175734 -0.309455 -0.366731 -0.205969 -0.158939 -0.252379 -0.378315 -0.292223 -0.273246 0.053440 0.102958 -0.281791 0.036615 -0.331254 -0.096892 -0.452497 -0.263228 -0.125279 0.016941 -0.002742 -0.062656 0.681103 0.523790 -0.104757 -0.150149 0.028394 0.091388 0.014321 0.045815 0.063430 0.068422 0.074151 0.067629 0.198764 0.243400 0.155682 0.350631 0.287084 0.211309 0.033504 0.327057 0.157306 0.271608 -0.055167 -0.056303 0.183360 0.183603 -0.296275 0.141514 -0.201920 -0.141167 -0.323943 -0.172988 0.190580 -0.009885 -0.139823 -0.148767 -0.045309 0.025070 -0.106985 0.005011 -0.020387 0.225381 0.052630 -0.270781 -0.189760 0.186223 -0.020981 -0.020438
0.023788 0.035511 -0.133987 -0.335724 0.652464 0.573619 -0.074139 -0.063731 0.673620 0.581492 -0.429934 -0.112605 -0.402897 -0.202260 0.562610 0.397893 -0.442184 -0.490579 0.045169 0.123379 1.000000 0.803345 -0.369967 -0.496715 -0.342165 0.148167 0.740568 0.728586 -0.518245 -0.095711 -0.511765 -0.466635 -0.303646 -0.202394 -0.572413 -0.258228 0.436393 0.391839 0.004277 0.224165 0.121629 -0.178123 -0.091488 -0.307624 -0.218693 -0.252455 0.415893 -0.053017 0.024799 -0.258728 -0.132494 -0.215528 0.194335 -0.106045 -0.090487 -0.158388 0.178765 0.045244 0.240843 0.209623 0.177018 0.078642 -0.193566 -0.236534 -0.066095 -0.219834 0.132805 0.346368 0.169592 0.259094 0.215360 0.446801 -0.376281 -0.492386 -0.255116 0.531049 0.246422 0.340856 -0.364696 -0.648824 -0.165653 -0.261426 0.275264 0.411824 -0.150311 0.054788 -0.059918 -0.267759 0.118804 0.152909 0.508418 0.214246 -0.114034 -0.051826 0.050362 0.085723 -0.054350 -0.027046 0.072893 0.318410 -0.109431 -0.039514 -0.052934 -0.035393 -0.260784 -0.007291 -0.292808 -0.039295 0.153816 -0.192291 -0.067092 -0.144594 -0.128102 0.153990 0.177429 0.137434
-0.099792 0.084829 -0.224871 -0.340832 0.559680 0.671005 -0.233476 -0.156330 0.586113 0.548189 -0.568583 -0.249403 -0.490485 -0.323360 0.449959 0.363461 -0.569786 -0.479017 0.093983 -0.022474 0.803345 1.000000 -0.404984 -0.541774 -0.274070 0.277701 0.732570 0.787696 -0.426823 -0.104452 -0.435607 -0.446810 -0.337372 -0.251683 -0.612611 -0.052929 0.555538 0.459708 0.027080 0.272796 0.196512 -0.207302 0.036572 -0.181316 -0.189410 -0.151520 0.548480 0.143661 -0.047982 -0.265007 -0.155899 -0.109420 0.355384 0.061717 -0.081834 0.036013 0.123064 0.211593 0.336562 0.319874 0.101500 -0.004545 -0.138313 -0.148730 -0.222804 -0.139990 0.242715 0.375287 0.232555 0.253745 0.217536 0.436713 -0.395318 -0.601556 -0.376837 0.446227 0.179497 0.196842 -0.341823 -0.635651 -0.223377 -0.250838 0.188249 0.347521 -0.066779 -0.041079 -0.132244 -0.364101 0.101317 0.166813 0.522840 0.232762 -0.120650 -0.044097 0.162496 0.168175 0.142459 0.106160 0.213861 0.398434 -0.035702 -0.073642 -0.136687 -0.008107 -0.361249 -0.076650 -0.277432 0.032623 0.240826 -0.079233 0.052252 0.022701 -0.054861 0.316281 0.114060 0.220098
0.200198 -0.463617 0.660310 0.433722 -0.125473 -0.134883 0.377812 0.168337 -0.372280 -0.571280 0.257691 -0.005958 0.022906 -0.010305 -0.410757 -0.584892 0.299330 0.351513 -0.126079 -0.202350 -0.369967 -0.404984 1.000000 0.801879 0.540870 -0.088920 -0.269801 -0.409070 0.073330 -0.217639 0.547941 0.657638 0.283050 0.076995 0.512465 0.083808 -0.582783 -0.475953 -0.073396 -0.464419 -0.365468 0.007322 -0.099075 0.095461 0.147583 0.055064 -0.499768 -0.198910 0.007495 0.154166 0.121182 -0.040555 -0.518768 -0.205752 0.111025 -0.093945 0.011388 -0.182787 -0.200355 -0.317436 0.023177 -0.320329 0.055500 0.035688 0.090694 -0.187657 -0.287403 -0.328672 -0.302976 -0.363207 -0.161023 0.057925 -0.048653 0.542435 0.166066 -0.441144 -0.180603 -0.111662 0.242952 0.342442 -0.117312 -0.149018 0.063884 -0.397104 -0.126169 -0.212681 0.378915 0.213041 0.023267 -0.176449 -0.315352 -0.109655 0.070598 0.259048 -0.066334 -0.092055 -0.120692 -0.212478 -0.197878 -0.419743 -0.259202 0.234399 0.161287 0.262067 0.401661 0.095424 0.506584 0.216157 -0.242593 0.006367 -0.029602 -0.068218 -0.233662 -0.245689 -0.181882 -0.093591
0.122983 -0.343233 0.469464 0.575712 -0.319309 -0.269665 0.376009 0.313948 -0.447504 -0.578452 0.432970 0.235215 0.296705 0.178787 -0.473435 -0.372866 0.463832 0.378022 -0.152009 -0.000755 -0.496715 -0.541774 0.801879 1.000000 0.396172 -0.179028 -0.441928 -0.533482 0.168092 -0.143297 0.550955 0.655232 0.328155 0.225635 0.625183 0.136507 -0.502053 -0.383452 -0.064983 -0.450292 -0.268689 0.062555 -0.164571 0.037314 0.006266 -0.053950 -0.464748 -0.262132 -0.142879 0.028671 0.144666 -0.062495 -0.563321 -0.196550 0.030036 -0.162488 -0.032434 -0.297429 -0.375363 -0.382708 -0.088208 -0.221986 0.061759 -0.031743 0.195081 0.097969 -0.327070 -0.384515 -0.320993 -0.320838 -0.286904 -0.099379 0.009130 0.564294 0.137005 -0.478512 -0.328838 -0.093600 0.219620 0.436075 -0.027428 -0.029755 -0.043021 -0.213237 0.029580 0.114727 0.240400 0.284481 -0.052739 -0.110165 -0.488400 -0.204794 0.112200 0.092067 -0.173999 0.032237 -0.198452 -0.296015 -0.386941 -0.525953 -0.175961 0.073459 0.033777 0.118506 0.364997 0.276271 0.363110 0.042913 -0.190974 0.029109 -0.086851 -0.073910 -0.161291 -0.350797 -0.052558 -0.256159
-0.108542 -0.286918 0.104282 0.300195 -0.311804 -0.130318 -0.127607 -0.243885 -0.409981 -0.338506 -0.013922 -0.332842 -0.052298 -0.354075 -0.506363 -0.305388 0.089797 0.156563 0.088350 -0.178630 -0.342165 -0.274070 0.540870 0.396172 1.000000 0.165630 -0.474690 -0.517969 0.482409 0.138082 0.694954 0.544890 0.273740 -0.031739 0.538131 0.206419 -0.074977 0.126039 -0.050153 -0.252073 -0.008426 0.332629 0.323729 0.406367 0.332654 0.335955 -0.082064 0.322143 -0.015092 0.288281 0.025181 0.330326 0.013198 0.167822 0.097293 0.004085 0.142629 0.006600 0.005499 -0.000752 -0.329965 -0.451785 0.304760 -0.159054 -0.397774 -0.266380 0.238308 0.140963 0.100184 0.026239 0.051768 -0.053704 0.359874 0.591538 0.337025 -0.397388 0.093589 0.076315 0.360483 0.321905 0.323700 0.191537 -0.404257 -0.277404 -0.129917 -0.233955 0.004543 0.025130 -0.463960 -0.527286 -0.186338 -0.033551 -0.226724 0.043382 0.099330 0.143323 0.101767 0.169231 0.013785 -0.139307 -0.190105 0.008788 0.086346 0.171810 0.007978 -0.208370 0.314632 0.044561 -0.165258 0.438094 0.296563 0.313360 -0.097802 -0.307353 -0.414679 -0.185414
-0.320224 -0.095061 0.124146 -0.187634 -0.229284 -0.136525 -0.223189 -0.364056 0.259918 0.493456 -0.177870 -0.210781 -0.286662 -0.251703 0.245317 0.148402 -0.130315 -0.252561 0.054571 -0.043740 0.148167 0.277701 -0.088920 -0.179028 0.165630 1.000000 -0.044536 0.349450 0.092219 0.275805 -0.034186 0.275869 -0.039659 0.021990 -0.127040 0.202307 0.113029 0.168305 0.085147 0.033743 0.095935 0.138835 0.213434 0.252167 -0.082920 0.095392 0.202632 0.397984 -0.202722 -0.109661 0.210453 0.033230 0.093413 0.320830 -0.133153 0.030654 -0.059856 0.274915 -0.236223 -0.060492 -0.294295 -0.367108 -0.065108 -0.096590 -0.227849 -0.112537 -0.087501 0.102018 0.117970 0.104536 0.399401 0.291695 0.237988 -0.177358 0.236907 0.380612 0.300689 0.236049 0.118101 -0.205750 0.001372 0.073944 -0.059730 -0.001438 0.200667 0.030348 0.154117 0.239919 -0.140288 -0.248653 -0.006980 0.035203 0.054650 0.087917 0.266592 -0.139999 0.227174 0.076143 0.086354 0.025325 -0.161407 -0.103247 -0.264268 -0.031259 -0.348922 -0.162232 -0.207887 -0.018849 -0.204671 0.159418 0.456245 0.305056 0.000508 -0.095899 -0.106456 -0.182678
0.035514 0.108629 -0.170024 -0.211082 0.785446 0.813843 0.037923 0.125450 0.565703 0.369208 -0.412938 -0.079799 -0.356802 -0.119240 0.444164 0.295029 -0.411834 -0.315228 -0.035796 -0.066052 0.740568 0.732570 -0.269801 -0.441928 -0.474690 -0.044536 1.000000 0.785785 -0.573975 -0.186225 -0.615550 -0.593168 -0.297356 -0.176637 -0.521258 -0.105275 0.167243 0.087685 -0.053498 0.258333 0.142284 -0.415304 -0.083060 -0.235071 -0.196083 -0.200438 0.268494 -0.194536 0.064281 -0.255427 -0.096228 -0.279469 0.154514 -0.199520 0.026226 -0.058638 0.155089 0.140893 0.198851 0.127017 0.288795 0.111924 -0.056185 0.079295 0.053283 -0.101319 -0.090360 0.081487 -0.000890 0.018883 0.050819 0.320183 -0.412086 -0.614418 -0.401941 0.348716 0.002636 -0.028319 -0.436901 -0.545064 -0.468218 -0.418763 0.371589 0.395758 -0.228911 -0.095973 -0.083003 -0.327114 0.422454 0.353146 0.470395 0.180450 -0.064319 0.046433 0.066930 -0.069263 -0.044165 -0.024789 0.103249 0.299378 -0.024278 0.036626 -0.080533 -0.061438 -0.122810 0.145669 -0.228786 -0.037991 0.257444 -0.466521 -0.194353 -0.123516 0.063652 0.182961 0.149608 0.246310
-0.006684 0.017042 -0.122577 -0.450042 0.636662 0.653782 -0.091737 -0.164964 0.762667 0.674289 -0.354856 -0.053974 -0.318436 -0.060949 0.735642 0.450176 -0.402925 -0.448244 -0.112008 -0.048199 0.728586 0.787696 -0.409070 -0.533482 -0.517969 0.349450 0.785785 1.000000 -0.493532 -0.108490 -0.669574 -0.498731 -0.412529 -0.240125 -0.676630 -0.045649 0.314423 0.178303 0.074826 0.254106 0.271191 -0.387228 -0.041155 -0.191037 -0.275711 -0.230930 0.392632 -0.004056 -0.026977 -0.356495 -0.046913 -0.293365 0.289685 0.030607 -0.038561 -0.019387 0.046425 0.109074 0.243138 0.052483 0.284911 0.080912 -0.160089 0.047373 0.014548 -0.034686 -0.104081 0.087394 -0.008048 0.065248 0.138612 0.388673 -0.293744 -0.805139 -0.331402 0.599912 0.158234 0.051398 -0.455326 -0.666123 -0.440116 -0.430764 0.427044 0.401699 0.054791 0.056316 0.027623 -0.213053 0.334216 0.300369 0.457325 0.240336 0.001509 -0.020265 0.004751 -0.058571 0.204692 -0.025681 0.200304 0.387542 -0.076269 -0.065464 -0.255099 -0.130455 -0.404420 0.030574 -0.390375 -0.093780 0.196153 -0.346752 -0.010999 -0.014906 0.022055 0.249734 0.252268 0.137466
0.047915 0.083560 -0.009564 0.177183 -0.591593 -0.386863 0.020786 -0.126817 -0.390283 -0.039143 0.468276 0.090734 0.436136 0.039151 -0.285896 0.106777 0.343108 0.472201 0.219985 0.112644 -0.518245 -0.426823 0.073330 0.168092 0.482409 0.092219 -0.573975 -0.493532 1.000000 0.578164 0.598459 0.397679 0.374097 0.243024 0.448117 0.253088 0.129928 0.221798 -0.039722 -0.245695 0.233143 0.251362 0.220446 0.360456 0.086179 0.236360 -0.151190 0.165391 -0.295439 0.020790 -0.202156 0.203676 -0.074313 0.075451 -0.100962 -0.040473 0.057225 -0.055266 -0.277282 -0.264784 -0.381796 -0.367347 0.190824 -0.050705 -0.300538 0.007389 0.054601 -0.070068 0.216897 0.003159 0.072530 -0.244327 0.696658 0.492592 0.467406 -0.177029 0.335824 0.201980 0.566087 0.555593 0.490551 0.610364 -0.305268 -0.021401 0.107969 0.163830 -0.321733 0.119609 -0.439942 -0.342166 -0.498085 -0.424481 -0.172690 -0.121662 -0.149456 -0.024564 0.091077 0.198599 -0.230868 -0.296955 0.013576 -0.006384 -0.075064 0.026443 -0.009730 -0.058698 0.035469 -0.042373 -0.275659 0.497666 0.280502 0.054900 -0.024776 -0.221097 -0.153823 -0.029074
-0.122134 0.265308 -0.095087 0.056216 -0.256703 -0.149566 -0.043590 -0.132168 0.085587 0.406218 0.058953 0.072986 0.055111 0.128712 0.082032 0.422731 0.220766 0.422699 0.300721 0.199650 -0.095711 -0.104452 -0.217639 -0.143297 0.138082 0.275805 -0.186225 -0.108490 0.578164 1.000000 0.204681 0.208617 0.271425 0.282891 0.022244 0.120003 0.192001 0.389136 -0.212164 -0.213137 0.380989 0.312209 0.224972 0.341986 -0.053903 0.161513 0.116326 0.195626 -0.429586 -0.131693 -0.290596 0.146254 0.040680 0.018600 0.032924 -0.114193 0.038474 0.076162 -0.245657 -0.082856 -0.394236 -0.181596 -0.111798 0.004987 -0.432413 0.033758 0.065799 0.051923 0.289522 0.164012 0.274795 0.072011 0.605278 0.215324 0.381614 0.344409 0.455576 0.383747 0.386904 0.381285 0.224762 0.611714 -0.240296 0.320987 0.045532 -0.001058 -0.402162 0.005774 -0.262474 -0.230722 -0.271262 -0.466144 -0.109513 -0.159828 -0.150781 -0.050202 0.010805 0.004182 -0.279656 -0.245430 -0.113112 -0.069722 -0.052072 -0.025278 -0.037953 -0.106149 -0.196918 -0.019495 -0.102976 0.200581 0.226898 -0.062865 0.068168 -0.171055 -0.076287 0.128104
0.106906 -0.172781 0.258458 0.352014 -0.528509 -0.390929 0.102229 0.045016 -0.637141 -0.381043 0.289743 -0.042555 0.156823 -0.129072 -0.641119 -0.303635 0.266875 0.424089 0.149335 -0.056347 -0.511765 -0.435607 0.547941 0.550955 0.694954 -0.034186 -0.615550 -0.669574 0.598459 0.204681 1.000000 0.750453 0.459112 0.253290 0.532497 0.166870 -0.070749 -0.055237 -0.094295 -0.378618 -0.145626 0.397998 0.172742 0.291669 0.278307 0.306348 -0.247335 0.066265 -0.162054 0.245280 0.000828 0.283034 -0.225999 0.099063 -0.004543 -0.160910 0.174352 -0.105736 -0.193463 -0.203549 -0.334551 -0.453143 0.163625 -0.204535 -0.226300 -0.090320 0.112381 -0.018001 0.054949 -0.075660 0.047163 -0.273297 0.311623 0.694086 0.353412 -0.405527 0.055410 0.026723 0.494180 0.605694 0.253403 0.339461 -0.372424 -0.320031 0.025067 -0.048039 -0.031997 0.248136 -0.431687 -0.496070 -0.426551 -0.360079 -0.081151 0.096398 -0.103029 0.026083 0.003554 0.107419 -0.123970 -0.354173 -0.021471 0.195864 0.212236 0.359536 0.184796 -0.105390 0.381024 0.229887 -0.315466 0.456365 0.262848 0.071948 -0.274232 -0.231008 -0.329665 -0.156136
-0.072686 -0.407648 0.529492 0.181643 -0.511771 -0.507300 0.195020 -0.082700 -0.455906 -0.310301 0.361022 0.090446 0.097202 0.039576 -0.463167 -0.365666 0.418562 0.374359 -0.073035 -0.208473 -0.466635 -0.446810 0.657638 0.655232 0.544890 0.275869 -0.593168 -0.498731 0.397679 0.208617 0.750453 1.000000 0.460276 0.366943 0.470603 0.163665 -0.266949 -0.196582 -0.069054 -0.502978 -0.145561 0.358041 0.219817 0.409093 0.284497 0.336828 -0.294527 0.145314 -0.103574 0.272206 0.226873 0.223441 -0.366427 0.162984 0.013850 -0.170454 -0.076842 -0.175489 -0.418597 -0.383774 -0.288176 -0.394720 0.078569 -0.079433 -0.054192 -0.043067 -0.185447 -0.149328 -0.206143 -0.307911 0.047162 -0.051892 0.245539 0.619362 0.411602 -0.199115 0.069299 0.170955 0.500430 0.487358 0.120561 0.252467 -0.230973 -0.333218 0.089115 0.025150 0.198293 0.317864 -0.388033 -0.533011 -0.532209 -0.355826 -0.023259 -0.006831 0.022096 -0.121408 -0.001828 -0.060736 -0.174295 -0.507943 -0.258733 0.057206 0.082262 0.265752 0.185816 0.000045 0.267364 0.082686 -0.428187 0.241732 0.270026 0.140541 -0.179395 -0.401255 -0.142844 -0.211511
-0.015853 0.148781 0.228313 0.218201 -0.292626 -0.290475 0.395814 0.197059 -0.337315 -0.248429 0.332990 0.308351 0.276557 0.229369 -0.381213 -0.089633 0.287156 0.448193 0.007841 -0.107435 -0.303646 -0.337372 0.283050 0.328155 0.273740 -0.039659 -0.297356 -0.412529 0.374097 0.271425 0.459112 0.460276 1.000000 0.645281 0.433532 -0.000614 -0.244740 -0.181409 -0.341811 -0.307380 -0.078076 0.044640 0.027236 0.163127 0.105673 0.118924 -0.315173 -0.170576 -0.072371 0.226338 0.045241 0.173108 -0.286940 0.022972 -0.049113 -0.260955 0.090234 0.029311 -0.378714 -0.246298 -0.060499 -0.019834 0.348200 0.062309 0.116716 0.132935 -0.079045 -0.249717 -0.143629 -0.278240 0.066911 -0.219382 0.263263 0.433678 0.313537 -0.199869 -0.092118 -0.051713 0.341681 0.474264 0.268561 0.353138 -0.276802 -0.099504 -0.182356 0.044601 -0.033695 0.001582 -0.311235 -0.241733 -0.513387 -0.456335 -0.248846 -0.194060 -0.152893 -0.165720 -0.270175 -0.128915 -0.404126 -0.491799 -0.168278 -0.039918 0.067659 0.113903 0.180138 -0.105024 0.040607 0.040007 -0.264982 0.063325 -0.135980 -0.103527 -0.115551 -0.403271 -0.209826 -0.227691
0.068715 0.248025 0.118362 0.117844 -0.275398 -0.320645 0.351854 0.238631 -0.097971 -0.063414 0.433718 0.534174 0.378999 0.479240 -0.116412 0.116044 0.341726 0.272478 -0.074351 -0.046218 -0.202394 -0.251683 0.076995 0.225635 -0.031739 0.021990 -0.176637 -0.240125 0.243024 0.282891 0.253290 0.366943 0.645281 1.000000 0.121027 0.117937 -0.193211 -0.244005 -0.329597 -0.414691 -0.001792 0.039899 -0.072751 0.024775 -0.107049 0.054412 -0.379632 -0.298039 -0.198502 -0.104358 -0.016056 -0.042501 -0.395138 0.016523 -0.109616 -0.494218 0.022093 0.060230 -0.330806 -0.415137 0.101255 0.223207 0.125629 0.383662 0.272133 0.485572 -0.330228 -0.335798 -0.142567 -0.291880 -0.016967 -0.198052 0.151738 0.194856 0.361665 -0.001740 -0.011445 0.006236 0.335593 0.326779 0.102107 0.345392 -0.194686 -0.007360 -0.022033 0.143530 -0.018468 0.094634 -0.153015 -0.204385 -0.450223 -0.457894 0.029560 -0.096743 -0.286068 -0.373795 -0.417355 -0.338927 -0.475126 -0.621897 0.083327 0.071525 0.020092 0.129282 0.151010 0.080640 -0.088213 -0.041982 -0.361413 -0.131308 -0.071565 -0.251651 -0.224800 -0.401701 -0.112322 -0.345068
-0.026819 -0.243095 0.258746 0.512973 -0.482089 -0.360808 0.238433 0.210946 -0.574427 -0.599042 0.329344 -0.038371 0.347879 -0.114655 -0.614811 -0.339982 0.382702 0.382729 -0.049661 -0.092179 -0.572413 -0.612611 0.512465 0.625183 0.538131 -0.127040 -0.521258 -0.676630 0.448117 0.022244 0.532497 0.470603 0.433532 0.121027 1.000000 0.186041 -0.337446 -0.154072 -0.104242 -0.228240 -0.186912 0.229866 -0.026463 0.195564 0.165478 0.081503 -0.385082 -0.047972 -0.041307 0.191681 0.156521 0.161232 -0.292175 -0.094117 -0.043457 0.008756 0.205107 -0.151078 -0.308880 -0.214073 -0.233760 -0.273175 0.360979 -0.025300 0.054778 -0.008466 -0.023891 -0.188692 -0.142228 -0.203493 -0.208628 -0.207992 0.311464 0.631025 0.273695 -0.562815 -0.147002 0.015720 0.367096 0.439124 0.369585 0.260231 -0.354129 -0.228780 -0.202609 0.054314 -0.065145 0.133294 -0.270015 -0.192110 -0.501322 -0.132418 -0.154365 -0.088019 0.054857 0.126198 -0.141115 -0.007590 -0.242047 -0.244430 -0.153866 -0.056864 -0.037526 -0.029593 0.252233 0.129595 0.234770 0.002625 0.040861 0.164527 -0.067487 0.107217 0.045587 -0.364519 -0.170495 -0.175423
-0.110477 -0.254980 -0.147255 0.077298 -0.206710 0.005896 -0.129354 -0.135300 -0.110799 -0.160384 -0.193229 -0.103940 -0.119316 0.009708 -0.094695 -0.092517 0.099859 0.118114 -0.248840 -0.282335 -0.258228 -0.052929 0.083808 0.136507 0.206419 0.202307 -0.105275 -0.045649 0.253088 0.120003 0.166870 0.163665 -0.000614 0.117937 0.186041 1.000000 0.031238 0.064617 0.245007 -0.063901 0.293966 -0.045665 0.219495 0.167460 -0.117488 0.121424 -0.020277 0.266765 -0.360644 -0.213460 -0.045507 -0.096133 0.127972 0.193144 -0.093007 -0.020037 0.104648 0.110473 0.031785 -0.075962 0.053913 -0.227447 0.191765 0.148802 -0.093404 0.267229 -0.058328 0.096439 -0.158156 0.021072 -0.055979 -0.138845 0.139524 -0.005524 0.074344 -0.083225 -0.068117 0.001772 0.036857 0.144314 -0.039047 -0.008179 0.030694 -0.050141 0.059178 0.031264 0.097961 -0.031092 0.028878 -0.163966 0.119666 0.149495 0.170360 0.121214 0.101728 0.146957 0.025527 -0.140858 -0.018812 0.036472 -0.099782 -0.174793 -0.270255 -0.205583 -0.261265 0.022503 -0.013971 -0.261683 0.146364 0.046814 0.108331 0.253921 0.160859 0.113877 0.172084 0.195251
