1.000000 0.345525 0.513912 0.436794 0.002650 -0.119903 0.665875 0.233008 -0.204978 -0.327735 0.089646 -0.158443 -0.099024 -0.505334 -0.467010 -0.437246 -0.130140 0.187112 0.363660 0.513357 -0.570393 -0.457946 0.113031 -0.057238 -0.487127 -0.396968 0.350843 -0.028461 -0.604877 -0.510577 -0.293783 -0.251446 -0.126315 -0.161942 -0.198554 0.162543 -0.199902 -0.426496 -0.097895 -0.209705 -0.136791 -0.429779 -0.106934 -0.051318 -0.118625 -0.364527 -0.265955 -0.024618 0.138403 -0.167963 0.116076 -0.018502 0.201260 0.063143 0.024405 -0.216077 0.221921 0.140866 0.553749 -0.041955 0.298272 0.086846 -0.103098 0.014223 -0.141553 -0.019340 0.463794 0.022664 0.554033 0.354435 -0.334842 -0.380867 -0.498901 -0.511395 -0.367164 -0.293424 -0.275410 -0.153096 -0.241303 -0.015356 -0.318724 -0.278139 0.348957 -0.544790 -0.198321 -0.073393 0.191675 0.263231 0.129325 0.298400 0.301803 0.155862 0.111644 0.258633 -0.386749 -0.054668 -0.333941 -0.323561 -0.076481 -0.084984 0.089516 0.235275 0.160424 0.183356 0.273429 0.201721 0.449606 0.435145 -0.090196 -0.282540 -0.192919 0.008211 -0.151353 -0.151095 -0.343568 -0.197914
0.345525 1.000000 0.287510 0.533064 -0.280377 -0.136892 0.317736 0.597343 -0.329401 -0.314162 -0.093329 0.064703 -0.078579 -0.180368 -0.482587 -0.431963 -0.198114 -0.056120 0.479763 0.514149 -0.419869 -0.455378 0.031752 -0.089312 -0.365682 -0.446227 0.073780 -0.172579 -0.452871 -0.390356 -0.173515 -0.113802 0.005910 -0.049443 -0.356684 -0.078009 -0.323651 -0.359122 -0.224393 -0.233205 -0.220300 -0.560321 -0.125359 -0.145839 -0.139053 -0.210345 -0.166218 -0.063731 -0.106939 0.139428 0.005222 0.272693 0.245928 0.200012 -0.039272 -0.332643 -0.188525 0.474499 0.145259 0.467347 -0.197854 0.346708 -0.110262 0.078270 -0.429946 0.013514 0.376012 0.223130 0.448407 0.550871 -0.422625 -0.346771 -0.532812 -0.540739 -0.490537 -0.539450 -0.388544 -0.281214 -0.287377 -0.276436 -0.239433 -0.454616 0.324317 -0.378902 -0.202531 -0.191958 0.165373 0.231052 -0.276846 0.239408 0.233407 0.127660 0.082009 -0.052638 -0.433859 -0.067135 -0.345205 -0.322886 -0.070331 -0.064928 0.333429 0.085992 0.391535 0.112359 0.370996 0.156327 0.294499 0.371220 -0.153810 -0.294855 -0.254616 -0.028803 -0.110699 0.002697 -0.011112 0.020118
0.513912 0.287510 1.000000 0.817113 0.176203 -0.010329 0.907829 0.762554 -0.034888 -0.281337 0.129196 -0.224167 0.011651 -0.386702 -0.400801 -0.474726 -0.199613 0.107629 0.112840 0.226787 -0.562821 -0.454617 0.721705 0.488063 -0.525723 -0.428048 0.431079 0.252532 -0.549653 -0.508805 -0.132006 -0.180675 -0.177426 -0.221403 -0.028817 0.359395 -0.337441 -0.538475 -0.125645 -0.313980 -0.474514 -0.619634 -0.351149 -0.302737 -0.299963 -0.524213 -0.322227 -0.260381 -0.099816 -0.201542 0.472615 0.163206 0.397937 0.067047 0.251117 -0.289849 -0.335449 -0.088245 -0.016078 -0.205862 -0.202702 -0.101748 -0.161988 -0.205547 -0.107416 0.026634 0.157972 0.185418 0.088783 0.307249 -0.094978 -0.207755 -0.452283 -0.281725 -0.490229 -0.335300 -0.377480 -0.073312 -0.336971 0.004506 -0.515727 -0.398611 0.281632 -0.474203 -0.126727 -0.178932 0.072046 -0.002927 0.346119 0.632320 -0.067254 -0.079662 0.478407 0.439215 -0.508508 -0.250024 -0.358858 -0.480190 -0.370969 -0.235864 -0.217069 -0.416401 -0.364684 -0.470808 -0.061024 0.008139 0.172681 0.127500 -0.326601 -0.205541 -0.247757 -0.198840 -0.151887 -0.361539 -0.193303 -0.435434
0.436794 0.533064 0.817113 1.000000 -0.010493 -0.137366 0.780207 0.835234 -0.259290 -0.437398 0.231442 -0.028203 0.049372 -0.284271 -0.469393 -0.572222 -0.327159 0.009644 0.183020 0.285669 -0.600900 -0.580755 0.742009 0.540648 -0.639326 -0.542854 0.418412 0.204670 -0.620506 -0.636020 0.081460 0.041003 -0.139174 -0.120764 -0.117816 0.202658 -0.334966 -0.538298 -0.043617 -0.236924 -0.411843 -0.626180 -0.318088 -0.353385 -0.301486 -0.532592 -0.326553 -0.261296 -0.156802 -0.182144 0.366090 0.162778 0.287438 0.040524 0.236941 -0.304860 -0.249345 0.032745 -0.005685 -0.070359 -0.175815 0.050713 -0.236023 -0.127551 0.005252 0.045262 0.151864 0.097718 0.156916 0.336716 -0.083242 -0.079756 -0.580949 -0.380215 -0.470724 -0.484895 -0.425369 -0.239999 -0.402192 -0.052522 -0.627466 -0.549752 0.415219 -0.491348 -0.015709 -0.189067 0.141554 0.096817 0.334391 0.663372 0.015745 -0.047582 0.356526 0.210524 -0.538606 -0.232178 -0.405616 -0.517482 -0.299548 -0.214007 -0.051771 -0.386490 -0.153829 -0.372451 0.050202 0.056493 0.227573 0.223672 -0.245507 -0.346827 -0.390741 -0.281042 -0.263440 -0.254219 -0.125304 -0.354941
0.002650 -0.280377 0.176203 -0.010493 1.000000 0.659964 0.266353 -0.064270 0.604355 0.472961 -0.136433 -0.171081 0.090977 -0.003625 0.487030 0.387513 -0.231466 -0.469782 0.138978 0.168676 0.332982 0.513748 0.027245 0.136919 0.462386 0.411631 0.320406 0.501062 -0.154368 -0.087413 -0.113984 -0.167672 -0.270947 -0.212410 0.262574 0.373396 -0.024351 0.042452 0.010558 0.135945 -0.190607 0.180991 -0.364796 -0.384254 -0.016392 -0.034533 -0.395502 -0.317896 0.040979 -0.155988 0.069098 0.024178 -0.026619 -0.108800 -0.177605 -0.263697 -0.267110 -0.367102 -0.144487 -0.335910 -0.280122 -0.403040 -0.285571 -0.498844 0.198727 0.081539 0.017333 0.248293 0.079185 0.097028 -0.003639 -0.038248 -0.080622 0.008894 -0.191332 0.206527 -0.018241 0.004216 -0.254429 -0.296473 -0.028695 -0.139360 0.223821 0.181304 0.001966 0.057614 0.156856 -0.024912 0.221895 -0.020237 -0.186555 -0.011878 0.217299 0.342067 0.158848 -0.128962 -0.087318 0.090957 -0.425291 -0.336561 0.098727 0.037965 -0.084321 0.045927 0.009558 0.104202 -0.026887 -0.091191 0.052483 0.000093 0.160556 -0.225966 -0.323257 0.001520 0.093085 0.059704
-0.119903 -0.136892 -0.010329 -0.137366 0.659964 1.000000 -0.001066 -0.082866 0.777196 0.874746 -0.546511 -0.169595 -0.270223 0.080190 0.590391 0.778870 -0.116321 -0.585462 0.221652 0.217633 0.556125 0.642761 -0.234790 0.019335 0.718531 0.645141 0.022402 0.509651 0.062488 0.123120 -0.506099 -0.527297 -0.254676 -0.354350 -0.074968 0.291982 -0.095797 0.294958 -0.069675 0.223693 -0.175887 0.389371 -0.245105 -0.340927 0.038518 0.165047 -0.255300 -0.157830 -0.059667 0.137071 0.046982 0.282434 0.124870 0.151686 -0.338806 -0.252658 -0.506412 -0.394633 -0.287158 -0.086674 -0.523724 -0.426754 -0.304746 -0.610355 -0.134297 0.144138 -0.138865 0.306318 0.091989 0.129867 -0.204325 -0.330952 0.037669 0.175290 -0.125698 0.479345 0.009475 0.153321 -0.290818 -0.534031 0.127206 -0.064375 -0.061358 0.452224 0.101911 0.235660 -0.106013 -0.217533 -0.143204 -0.171966 -0.287369 0.121673 0.272613 0.374052 0.034265 -0.267668 -0.134955 -0.009358 -0.358059 -0.377648 0.109916 -0.069471 -0.198098 -0.018083 -0.098006 0.067868 -0.366665 -0.363041 -0.130621 -0.105930 0.130315 -0.083165 -0.103187 0.098885 0.209882 0.061420
0.665875 0.317736 0.907829 0.780207 0.266353 -0.001066 1.000000 0.632448 -0.030558 -0.287287 0.170255 -0.218158 0.132948 -0.416333 -0.388550 -0.486320 -0.280770 0.049973 0.229867 0.344021 -0.595866 -0.404699 0.585124 0.340588 -0.499063 -0.432835 0.466046 0.241786 -0.712318 -0.617596 -0.120515 -0.190993 -0.322133 -0.281342 -0.063556 0.343358 -0.373420 -0.604019 -0.034857 -0.310713 -0.478993 -0.606687 -0.384168 -0.321334 -0.162941 -0.492216 -0.374528 -0.293117 0.088408 -0.183483 0.429511 0.153629 0.353699 0.051569 0.187763 -0.384144 -0.177778 -0.007402 0.159433 -0.205277 -0.067748 -0.105788 -0.258272 -0.213370 -0.028448 0.025944 0.293075 0.209234 0.237663 0.363953 -0.191831 -0.273178 -0.594452 -0.393984 -0.537683 -0.409826 -0.418365 -0.176691 -0.357954 -0.037581 -0.570808 -0.463081 0.299406 -0.550107 -0.245343 -0.201450 0.201224 -0.038911 0.267534 0.586759 0.059133 -0.075877 0.444311 0.374573 -0.487538 -0.172708 -0.444520 -0.468068 -0.384751 -0.294476 -0.040512 -0.270927 -0.143700 -0.295531 0.144548 0.128819 0.319928 0.198680 -0.233412 -0.195684 -0.198910 -0.227404 -0.279929 -0.355893 -0.272026 -0.412963
0.233008 0.597343 0.762554 0.835234 -0.064270 -0.082866 0.632448 1.000000 -0.278734 -0.354586 0.015776 -0.098334 -0.222333 -0.105528 -0.481530 -0.503225 -0.190603 -0.080139 0.054534 0.200272 -0.483992 -0.503072 0.656802 0.468864 -0.507465 -0.526670 0.415766 0.183882 -0.420373 -0.502074 -0.039867 -0.026876 -0.166879 -0.236221 -0.043039 0.217444 -0.328216 -0.393666 -0.287244 -0.190761 -0.484372 -0.672132 -0.341405 -0.328855 -0.307045 -0.277136 -0.215152 -0.258435 -0.196184 0.068603 0.429654 0.327139 0.377157 0.142801 0.081518 -0.249435 -0.418830 0.033269 -0.160262 0.040135 -0.447127 0.014741 -0.155622 -0.129669 -0.277438 0.028342 0.106621 0.225517 -0.019100 0.352878 -0.033462 -0.068248 -0.485446 -0.359798 -0.508393 -0.473257 -0.381798 -0.160758 -0.313779 -0.126070 -0.431889 -0.476791 0.323955 -0.381475 0.051725 -0.236563 -0.117919 0.132228 0.240498 0.496483 -0.077049 0.013422 0.340780 0.252297 -0.551007 -0.250756 -0.374324 -0.489447 -0.319548 -0.162947 -0.081903 -0.337591 -0.251849 -0.340742 0.059110 0.052561 0.111923 0.150671 -0.294152 -0.299034 -0.391646 -0.258823 -0.158060 -0.297144 -0.019360 -0.331962
-0.204978 -0.329401 -0.034888 -0.259290 0.604355 0.777196 -0.030558 -0.278734 1.000000 0.830505 -0.422827 -0.253236 0.000137 -0.044641 0.674903 0.738827 -0.045814 -0.275553 0.231674 0.155768 0.490514 0.638295 -0.254551 -0.090419 0.674210 0.648585 -0.234799 0.191714 0.169531 0.277043 -0.453709 -0.495630 -0.123666 -0.156606 -0.026118 0.242118 -0.095496 0.132321 -0.005966 0.034365 -0.120825 0.464792 -0.163037 -0.190957 0.061015 0.082530 -0.263774 -0.148545 0.018911 0.042482 0.078180 0.095842 0.111867 0.012385 -0.152656 -0.244448 -0.495187 -0.333373 -0.251767 -0.108854 -0.337785 -0.334316 -0.145295 -0.459573 0.020564 0.158372 -0.134664 0.239986 0.103222 0.161820 -0.121357 -0.296265 0.284022 0.374596 -0.038131 0.547057 0.026899 0.132662 -0.117791 -0.230417 0.206144 0.132314 -0.221114 0.371847 -0.094801 0.115546 0.038034 -0.393072 -0.135407 -0.217294 -0.270784 0.037163 0.278522 0.407588 0.119787 -0.139134 -0.036241 0.145548 -0.263716 -0.320099 -0.046267 -0.131922 -0.215167 -0.140883 -0.242963 -0.035966 -0.396573 -0.506539 -0.055458 0.083918 0.310344 0.108623 0.064425 0.082997 0.151757 0.096837
-0.327735 -0.314162 -0.281337 -0.437398 0.472961 0.874746 -0.287287 -0.354586 0.830505 1.000000 -0.568002 -0.180812 -0.254036 0.174054 0.725851 0.930777 0.043162 -0.406900 0.149108 0.102845 0.690661 0.707600 -0.440023 -0.149728 0.845183 0.767427 -0.329664 0.207996 0.334941 0.428359 -0.531679 -0.541076 -0.216235 -0.263665 -0.069598 0.139021 -0.022158 0.422618 -0.064067 0.163086 -0.049919 0.597019 -0.091767 -0.199830 0.102667 0.262281 -0.127854 -0.073382 0.015465 0.228421 0.004232 0.202527 0.097091 0.209990 -0.366364 -0.139009 -0.434641 -0.341773 -0.273311 -0.038868 -0.383559 -0.331291 -0.153395 -0.452229 -0.061382 0.184661 -0.201421 0.233749 0.019236 0.050842 -0.105046 -0.274298 0.358547 0.432480 0.136249 0.666251 0.152430 0.254685 -0.151807 -0.375857 0.284643 0.152833 -0.330769 0.608080 0.040576 0.227332 -0.186801 -0.301066 -0.274440 -0.425836 -0.270560 0.132965 0.191687 0.322430 0.135873 -0.202840 -0.064342 0.135937 -0.240827 -0.304146 0.069643 0.007401 -0.186157 0.012725 -0.207462 -0.052922 -0.490100 -0.524266 -0.071227 0.041535 0.274179 0.046274 0.088619 0.123579 0.232686 0.140818
0.089646 -0.093329 0.129196 0.231442 -0.136433 -0.546511 0.170255 0.015776 -0.422827 -0.568002 1.000000 0.439389 0.624881 -0.021677 -0.235694 -0.427408 0.065001 0.426737 -0.315974 -0.356196 -0.369781 -0.321387 0.435398 0.271161 -0.526811 -0.291658 0.063178 -0.027518 -0.023700 -0.081335 0.629955 0.649943 0.243382 0.392459 0.114740 -0.075471 0.312268 -0.188379 0.351996 -0.032728 0.261757 -0.066036 0.078698 0.116455 -0.176299 -0.342542 0.029114 0.035312 -0.145083 -0.477897 -0.121997 -0.490410 -0.345977 -0.400121 0.439110 0.216732 0.351225 -0.061863 -0.027604 -0.456112 0.411156 0.078324 0.339244 0.391551 0.413797 -0.179567 -0.177791 -0.533316 -0.281476 -0.331454 0.295603 0.447107 0.007757 0.117953 0.256095 -0.206151 0.185534 -0.110334 0.251128 0.501676 -0.173881 0.032670 0.227527 -0.244640 0.101458 0.046269 0.323542 0.090860 0.323047 0.309306 0.011487 -0.401626 -0.167723 -0.308165 0.120463 -0.000442 0.199372 -0.109607 0.164221 0.153590 -0.152079 -0.153197 0.010013 -0.165992 0.050020 -0.009533 0.182644 0.062215 -0.092280 -0.086648 -0.003108 -0.157694 -0.120567 -0.183949 -0.191539 -0.201590
-0.158443 0.064703 -0.224167 -0.028203 -0.171081 -0.169595 -0.218158 -0.098334 -0.253236 -0.180812 0.439389 1.000000 0.355041 0.582143 -0.095245 -0.067160 -0.089697 0.175569 -0.321287 -0.258808 -0.034136 0.091663 0.022874 0.093430 -0.129165 0.012510 0.037829 0.034023 0.034020 0.028875 0.474820 0.563763 0.160289 0.289309 -0.242399 -0.155053 0.195984 0.103090 0.253964 0.275561 0.402512 0.151548 -0.026573 0.068486 -0.166777 -0.126534 0.053793 0.097625 -0.226202 -0.188203 -0.478335 -0.251152 -0.296972 -0.216515 0.152114 0.236709 0.310347 -0.012503 0.006015 -0.135655 0.199470 0.005246 0.074632 0.124273 0.073091 0.072459 -0.177927 -0.306919 -0.225621 -0.210369 0.270612 0.483556 -0.018468 0.052805 0.219708 -0.033187 0.009624 -0.145065 0.224099 0.121252 -0.048724 0.029544 -0.076200 0.026762 0.155493 0.341954 -0.027987 0.127032 0.038795 0.035476 -0.087113 -0.388494 -0.306207 -0.449305 0.272456 0.244023 0.203331 -0.015265 0.246132 0.090232 -0.031400 -0.012733 0.092123 0.101789 0.164758 0.104146 0.118000 -0.021952 -0.028394 0.025470 -0.130179 0.019797 -0.014505 -0.048767 -0.088572 -0.063941
-0.099024 -0.078579 0.011651 0.049372 0.090977 -0.270223 0.132948 -0.222333 0.000137 -0.254036 0.624881 0.355041 1.000000 -0.040885 0.042811 -0.208805 -0.224637 0.186884 -0.118605 -0.199898 -0.145550 0.057603 0.179602 0.166755 -0.144374 0.008355 -0.153084 -0.057902 -0.179828 -0.049928 0.563095 0.457578 0.194710 0.453547 0.030734 -0.077072 0.005744 -0.257866 0.431892 -0.166795 0.193741 0.033519 -0.032934 0.027516 -0.010371 -0.359205 -0.082714 -0.090762 0.019911 -0.453259 -0.157191 -0.356384 -0.271892 -0.287024 0.442820 -0.125795 0.202088 0.090521 -0.011311 -0.154554 0.344279 0.138513 0.069260 0.140756 0.447479 -0.043212 -0.075965 -0.183831 -0.106449 -0.251894 0.150496 0.255548 -0.079550 0.114589 0.044282 -0.166248 0.018536 -0.089735 0.114936 0.217457 -0.155680 -0.041616 -0.073744 -0.201231 -0.212561 0.020170 0.504590 -0.218462 -0.002508 0.268146 0.035574 -0.465599 -0.053167 -0.341592 0.243908 0.199045 0.114755 0.101586 -0.004389 -0.076618 0.075341 -0.262809 0.225207 -0.216228 0.019099 -0.080501 0.203584 -0.001897 0.085123 0.179676 0.222255 -0.134073 -0.232870 -0.113870 -0.149211 -0.032949
-0.505334 -0.180368 -0.386702 -0.284271 -0.003625 0.080190 -0.416333 -0.105528 -0.044641 0.174054 -0.021677 0.582143 -0.040885 1.000000 0.215859 0.263918 0.043713 -0.180731 -0.407379 -0.310792 0.290132 0.416058 -0.040479 0.111193 0.273185 0.217927 0.091501 0.104047 0.291087 0.124758 0.288998 0.365833 -0.137357 -0.105314 0.038405 -0.142441 0.021759 0.348437 -0.028303 0.406938 0.158582 0.277259 -0.170385 -0.053456 -0.028451 0.321300 0.068301 -0.078186 -0.089405 0.239443 -0.220955 0.060805 -0.193119 -0.059565 -0.189273 0.178468 0.163867 -0.001621 -0.139282 -0.002886 -0.083767 -0.162006 -0.074906 -0.068458 0.115644 0.155590 -0.221584 -0.036503 -0.440665 -0.212386 0.328181 0.483037 0.134064 0.158741 0.254230 0.115621 -0.056433 -0.063340 0.186389 -0.066679 0.056990 0.063398 -0.264918 0.384553 0.292260 0.154726 -0.466920 0.053240 0.112989 -0.287597 -0.244874 -0.255696 -0.312530 -0.218009 0.199302 0.233149 0.130959 0.138999 0.036315 -0.006000 -0.064175 0.037539 -0.099359 0.118766 -0.033379 -0.010841 -0.087941 -0.270741 0.098955 0.222073 -0.095923 -0.037670 0.000966 -0.088065 0.043776 -0.027005
-0.467010 -0.482587 -0.400801 -0.469393 0.487030 0.590391 -0.388550 -0.481530 0.674903 0.725851 -0.235694 -0.095245 0.042811 0.215859 1.000000 0.827818 0.011229 -0.331780 -0.017203 -0.108472 0.667448 0.629646 -0.304440 -0.017779 0.775885 0.703801 -0.241124 0.229821 0.449307 0.428030 -0.135258 -0.215415 -0.121709 0.020257 0.171378 0.095422 0.219844 0.518604 0.127219 0.186047 0.119436 0.678514 -0.046079 -0.185788 0.147965 0.294971 -0.113477 -0.182416 0.007458 0.097783 -0.088876 -0.023547 -0.150644 -0.053674 -0.260555 -0.057906 -0.199422 -0.321557 -0.301193 -0.162612 -0.194675 -0.302129 -0.063221 -0.227647 0.347869 0.075461 -0.281778 0.026598 -0.208570 -0.271495 0.091651 0.011063 0.445492 0.466044 0.336148 0.665131 0.355581 0.326283 -0.051606 -0.201706 0.279831 0.244592 -0.162645 0.710834 0.181813 0.161215 -0.125559 -0.288621 -0.044777 -0.391364 -0.365197 -0.043173 0.016996 0.125030 0.240262 -0.282892 0.019328 0.164917 -0.231834 -0.270407 -0.045099 -0.064811 -0.206895 -0.078005 -0.373991 -0.221835 -0.552324 -0.536645 0.070860 0.002549 0.279718 -0.059190 -0.029845 0.212967 0.288002 0.186878
-0.437246 -0.431963 -0.474726 -0.572222 0.387513 0.778870 -0.486320 -0.503225 0.738827 0.930777 -0.427408 -0.067160 -0.208805 0.263918 0.827818 1.000000 0.093792 -0.369061 0.051599 -0.030148 0.781182 0.753347 -0.488673 -0.170702 0.868585 0.801152 -0.370263 0.194360 0.532159 0.542763 -0.367398 -0.365706 -0.126985 -0.148635 -0.027358 0.060849 0.212683 0.582966 0.000160 0.260152 0.121379 0.756939 0.001975 -0.108425 0.144532 0.370440 -0.043491 -0.038705 -0.041139 0.188510 -0.144689 0.066502 -0.099693 0.035381 -0.401473 -0.009754 -0.297671 -0.377514 -0.283925 -0.075435 -0.290876 -0.333131 -0.075169 -0.344730 0.036875 0.098497 -0.277616 0.083174 -0.095106 -0.127893 -0.007135 -0.123074 0.487694 0.520761 0.313413 0.761812 0.328283 0.309137 -0.015484 -0.269575 0.403626 0.301634 -0.324251 0.745282 0.177699 0.302944 -0.246885 -0.292423 -0.246004 -0.514769 -0.309178 0.101250 0.024701 0.161393 0.231737 -0.199152 0.061278 0.212148 -0.129002 -0.197532 0.006374 0.054068 -0.185631 0.058559 -0.284662 -0.144463 -0.572298 -0.576780 0.012865 0.034968 0.265503 0.060829 0.109302 0.214681 0.277714 0.209420
-0.130140 -0.198114 -0.199613 -0.327159 -0.231466 -0.116321 -0.280770 -0.190603 -0.045814 0.043162 0.065001 -0.089697 -0.224637 0.043713 0.011229 0.093792 1.000000 0.414164 -0.197539 -0.249223 0.040417 -0.039979 -0.114331 -0.344106 -0.014787 -0.079460 -0.197803 -0.044039 0.532008 0.355452 -0.063579 -0.046586 0.273602 0.113186 -0.096053 -0.343528 0.225135 0.225415 0.027955 -0.031883 0.128380 0.207270 0.265131 0.246337 0.000866 0.102699 0.344213 0.196641 -0.186009 0.092703 -0.128812 -0.108884 -0.188721 0.071048 0.015358 0.374675 0.196833 0.220822 -0.254636 -0.219700 0.089562 0.047139 0.593792 0.557897 -0.210446 -0.238408 -0.332962 -0.436511 -0.242424 -0.172791 0.050130 -0.099179 0.453510 0.357855 0.475545 0.125138 0.280962 0.060884 0.591815 0.389099 0.508134 0.497546 -0.031504 0.260219 0.000213 -0.033652 -0.130056 -0.193218 -0.209921 -0.293519 -0.031939 0.009520 -0.114653 0.004106 0.148046 -0.037999 0.296614 0.138973 0.372401 0.393646 -0.191513 0.016637 -0.139462 -0.037730 -0.048085 -0.010242 -0.276352 -0.280537 -0.052114 0.043759 0.021631 0.341439 0.497600 0.050945 0.058697 -0.026531
0.187112 -0.056120 0.107629 0.009644 -0.469782 -0.585462 0.049973 -0.080139 -0.275553 -0.406900 0.426737 0.175569 0.186884 -0.180731 -0.331780 -0.369061 0.414164 1.000000 -0.145211 -0.156663 -0.410018 -0.425505 0.159543 -0.142682 -0.519577 -0.402281 -0.126681 -0.407897 0.161190 0.245623 0.173285 0.178132 0.322830 0.310146 -0.240502 -0.265616 0.178485 -0.227368 0.090241 -0.267920 0.235081 -0.102990 0.258895 0.342344 -0.127892 -0.293968 0.241013 0.194167 -0.149946 -0.210833 -0.182581 -0.360814 -0.099306 -0.117859 0.258414 0.326144 0.388501 0.335324 0.129358 -0.188233 0.462707 0.239745 0.382589 0.589119 -0.024836 -0.114713 -0.047222 -0.418952 -0.034403 -0.015040 0.163986 0.093348 0.282016 0.218907 0.292764 -0.088315 0.124464 -0.030463 0.381430 0.677587 0.068010 0.369505 -0.064319 -0.221641 -0.251328 -0.154881 0.013197 -0.117527 0.022292 0.057278 0.089947 -0.159110 -0.136286 -0.137352 -0.016848 0.136618 0.206871 0.012164 0.402187 0.363450 -0.425414 -0.097102 -0.128350 -0.211557 -0.131692 -0.154723 0.043493 0.012706 -0.000659 0.099681 -0.017661 0.329274 0.410239 -0.067676 -0.163619 -0.117308
0.363660 0.479763 0.112840 0.183020 0.138978 0.221652 0.229867 0.054534 0.231674 0.149108 -0.315974 -0.321287 -0.118605 -0.407379 -0.017203 0.051599 -0.197539 -0.145211 1.000000 0.835753 -0.004973 -0.049585 -0.383778 -0.366410 0.092124 -0.024962 -0.117081 -0.230880 -0.250637 -0.151440 -0.510845 -0.443856 -0.065864 -0.166023 -0.226974 0.065225 -0.109060 -0.186419 -0.108510 -0.223405 -0.162329 -0.091863 -0.191232 -0.265277 -0.053919 -0.131319 -0.413047 -0.225189 0.155153 0.039430 0.060465 0.215784 0.228610 0.025379 -0.215571 -0.458730 -0.273010 0.183523 0.310959 0.361714 -0.083774 0.169022 -0.153824 -0.176556 -0.229656 0.108497 0.575647 0.409112 0.807642 0.689682 -0.552740 -0.549440 -0.203842 -0.331678 -0.376851 -0.059847 -0.199570 -0.132269 -0.339221 -0.271496 -0.017317 -0.231297 0.282612 -0.105745 -0.322383 -0.122906 0.255401 0.129671 -0.277079 -0.003397 0.157860 0.397627 0.162830 0.234701 -0.207366 -0.027174 -0.306266 -0.058455 -0.263824 -0.184776 0.287027 0.309262 0.420710 0.287793 0.177600 0.047809 0.080456 0.163053 0.053254 -0.126032 0.059788 0.033460 -0.114627 0.292482 0.006550 0.234472
0.513357 0.514149 0.226787 0.285669 0.168676 0.217633 0.344021 0.200272 0.155768 0.102845 -0.356196 -0.258808 -0.199898 -0.310792 -0.108472 -0.030148 -0.249223 -0.156663 0.835753 1.000000 -0.088109 -0.059820 -0.278515 -0.272569 0.061869 -0.092410 -0.021902 -0.252967 -0.384608 -0.213465 -0.491403 -0.439175 -0.256718 -0.209577 -0.295189 0.136638 -0.184742 -0.210041 -0.248198 -0.171678 -0.237777 -0.175995 -0.354706 -0.386500 -0.115668 -0.157115 -0.524580 -0.369229 0.144331 0.093718 0.122908 0.236695 0.296163 0.123459 -0.392308 -0.585087 -0.247276 0.194384 0.441507 0.355777 -0.112663 0.106391 -0.253415 -0.215005 -0.288623 0.161466 0.669356 0.518897 0.817404 0.738978 -0.468557 -0.500701 -0.339845 -0.440702 -0.498239 -0.089941 -0.316949 -0.121569 -0.385848 -0.319386 -0.039830 -0.219496 0.232683 -0.158544 -0.298813 -0.166010 0.085208 0.253562 -0.222780 -0.096860 0.173136 0.422432 0.175183 0.361630 -0.278073 0.098410 -0.501331 -0.087937 -0.387241 -0.305262 0.264319 0.381988 0.343706 0.326687 0.166620 0.025570 0.139133 0.186543 0.109184 -0.074944 -0.059859 0.012960 -0.107835 0.116503 -0.076255 0.110120
-0.570393 -0.419869 -0.562821 -0.600900 0.332982 0.556125 -0.595866 -0.483992 0.490514 0.690661 -0.369781 -0.034136 -0.145550 0.290132 0.667448 0.781182 0.040417 -0.410018 -0.004973 -0.088109 1.000000 0.713774 -0.482862 -0.105723 0.820149 0.681130 -0.290255 0.097446 0.523428 0.493844 -0.125427 -0.123945 -0.067360 -0.027200 0.142430 -0.055865 0.295105 0.550798 0.068051 0.330044 0.245808 0.668447 -0.084186 -0.133829 0.143341 0.403639 -0.040255 -0.094426 0.031086 0.149319 -0.208887 0.026911 -0.141022 -0.103411 -0.320533 0.013961 -0.247945 -0.363038 -0.193005 0.093784 -0.163719 -0.120110 0.024482 -0.240861 0.083463 0.146034 -0.160827 0.109418 -0.146618 -0.207012 0.152951 0.046080 0.441177 0.412980 0.317997 0.613351 0.434503 0.343039 0.001099 -0.279083 0.400562 0.249527 -0.206268 0.697927 0.210206 0.207436 -0.188456 -0.200699 -0.158839 -0.475716 -0.279206 0.106626 -0.175373 -0.004626 0.331240 -0.144184 0.151143 0.208027 -0.143221 -0.187705 0.103386 0.185707 -0.018485 0.181871 -0.143633 -0.078763 -0.313451 -0.338915 0.098085 0.149766 0.215186 -0.103180 -0.001656 0.190506 0.223284 0.178669
-0.457946 -0.455378 -0.454617 -0.580755 0.513748 0.642761 -0.404699 -0.503072 0.638295 0.707600 -0.321387 0.091663 0.057603 0.416058 0.629646 0.753347 -0.039979 -0.425505 -0.049585 -0.059820 0.713774 1.000000 -0.421834 -0.134772 0.801111 0.699288 -0.160272 0.175862 0.323199 0.395625 -0.142657 -0.133224 -0.100502 -0.051640 0.069150 0.108335 0.137865 0.368344 0.041207 0.342166 0.186498 0.610475 -0.195686 -0.174724 0.172588 0.312184 -0.100544 -0.169209 0.011527 0.067533 -0.239392 0.020500 -0.178974 -0.086420 -0.267620 -0.084747 -0.154406 -0.291890 -0.179395 -0.020099 -0.217152 -0.299669 -0.196745 -0.375653 0.077372 0.132211 -0.160397 0.193666 -0.118934 -0.180464 0.006129 0.038747 0.278457 0.331732 0.088483 0.461857 0.065439 0.090557 0.072415 -0.282411 0.401934 0.276435 -0.275015 0.517116 0.088114 0.241078 -0.103101 -0.190439 -0.155431 -0.430322 -0.237835 -0.073238 -0.066923 -0.002040 0.510586 0.242514 0.177417 0.455199 -0.133998 -0.176043 0.072786 0.088493 -0.025665 0.138187 -0.098773 -0.060063 -0.237966 -0.375940 0.239773 0.414334 0.280957 0.010439 -0.056518 0.160791 0.200485 0.279639
0.113031 0.031752 0.721705 0.742009 0.027245 -0.234790 0.585124 0.656802 -0.254551 -0.440023 0.435398 0.022874 0.179602 -0.040479 -0.304440 -0.488673 -0.114331 0.159543 -0.383778 -0.278515 -0.482862 -0.421834 1.000000 0.795250 -0.577874 -0.385957 0.460096 0.353759 -0.305758 -0.409774 0.372574 0.320781 -0.045602 -0.028269 0.179808 0.196332 -0.204230 -0.374074 0.052380 -0.040580 -0.266391 -0.452129 -0.198523 -0.186694 -0.328594 -0.444068 -0.079533 -0.150804 -0.324405 -0.314933 0.338011 -0.068190 0.121888 -0.040607 0.396518 -0.005455 -0.081558 -0.100137 -0.292355 -0.380482 -0.114654 -0.092024 -0.074199 -0.021443 0.278041 -0.058945 -0.261655 -0.195149 -0.355527 -0.122133 0.281269 0.281028 -0.251062 -0.029354 -0.143645 -0.337721 -0.197892 -0.084062 -0.132122 0.199553 -0.517584 -0.289778 0.210806 -0.348713 0.202280 -0.156184 -0.007144 -0.056331 0.606912 0.628892 -0.227238 -0.339475 0.223240 0.153293 -0.309241 -0.210343 -0.101094 -0.366892 -0.207520 -0.115311 -0.371261 -0.607594 -0.520437 -0.639339 -0.206532 -0.063248 0.071891 -0.002350 -0.276930 -0.147688 -0.273834 -0.286369 -0.159954 -0.408756 -0.083998 -0.438888
-0.057238 -0.089312 0.488063 0.540648 0.136919 0.019335 0.340588 0.468864 -0.090419 -0.149728 0.271161 0.093430 0.166755 0.111193 -0.017779 -0.170702 -0.344106 -0.142682 -0.366410 -0.272569 -0.105723 -0.134772 0.795250 1.000000 -0.195524 0.004995 0.337711 0.405118 -0.184398 -0.330756 0.268087 0.265423 -0.039332 -0.022452 0.299939 0.300033 -0.204436 -0.133440 0.070554 0.127872 -0.167470 -0.201187 -0.315854 -0.345214 -0.407324 -0.363505 -0.184222 -0.258436 -0.318303 -0.334590 0.212121 -0.101204 0.146114 -0.017891 0.361717 -0.036171 -0.210184 -0.379287 -0.295828 -0.253326 -0.128127 -0.031348 -0.158860 -0.243530 0.387856 0.178939 -0.282484 -0.029321 -0.355896 -0.236426 0.415757 0.344879 -0.134498 0.064756 -0.111737 -0.014432 0.025203 0.194623 -0.392127 -0.063737 -0.532076 -0.392172 0.060787 -0.113776 0.326092 0.038182 -0.066669 0.013992 0.644271 0.584319 -0.379507 -0.322274 0.197161 0.174339 -0.197838 -0.316286 -0.128740 -0.372271 -0.388598 -0.363266 -0.264377 -0.558675 -0.495625 -0.547173 -0.306216 -0.086174 0.043820 -0.052367 -0.298070 -0.191956 -0.287295 -0.536139 -0.398759 -0.326328 0.042840 -0.312142
-0.487127 -0.365682 -0.525723 -0.639326 0.462386 0.718531 -0.499063 -0.507465 0.674210 0.845183 -0.526811 -0.129165 -0.144374 0.273185 0.775885 0.868585 -0.014787 -0.519577 0.092124 0.061869 0.820149 0.801111 -0.577874 -0.195524 1.000000 0.843818 -0.344224 0.138891 0.412015 0.477725 -0.330600 -0.349897 -0.167925 -0.154990 0.131043 0.147421 0.071520 0.512003 -0.011720 0.298127 0.063445 0.628809 -0.103758 -0.171143 0.181584 0.436081 -0.090207 -0.135335 0.088366 0.231147 -0.157098 0.113080 -0.027631 0.127536 -0.393990 -0.114181 -0.306906 -0.312790 -0.218395 0.083192 -0.337020 -0.272918 -0.157086 -0.402159 0.017270 0.158987 -0.120028 0.265300 -0.013322 -0.094179 -0.049044 -0.120022 0.376571 0.317089 0.145748 0.644977 0.259405 0.349662 -0.081851 -0.380067 0.389933 0.189997 -0.333998 0.647058 0.070122 0.199398 -0.109688 -0.131536 -0.232796 -0.522294 -0.249322 0.154453 0.023720 0.160144 0.347110 -0.070101 0.038856 0.304413 -0.238187 -0.270548 0.179426 0.170946 -0.014814 0.208566 -0.143359 -0.052537 -0.380706 -0.379992 0.079830 0.155924 0.355131 -0.034419 -0.000287 0.239685 0.283798 0.297421
-0.396968 -0.446227 -0.428048 -0.542854 0.411631 0.645141 -0.432835 -0.526670 0.648585 0.767427 -0.291658 0.012510 0.008355 0.217927 0.703801 0.801152 -0.079460 -0.402281 -0.024962 -0.092410 0.681130 0.699288 -0.385957 0.004995 0.843818 1.000000 -0.360376 0.193056 0.358515 0.455407 -0.247955 -0.187605 -0.035530 -0.032535 0.232491 0.314516 0.067456 0.385124 0.134072 0.385446 0.191261 0.648218 -0.061754 -0.080377 -0.080763 0.191793 -0.109771 -0.000081 -0.114050 -0.125012 -0.218733 -0.196158 -0.055728 0.120004 -0.115661 -0.033170 -0.200063 -0.371380 -0.263533 -0.115578 -0.194269 -0.243535 -0.106755 -0.429152 0.163553 0.207472 -0.253349 0.079489 -0.021750 -0.176747 0.011167 0.013245 0.443314 0.434215 0.282918 0.653488 0.288508 0.414115 -0.090453 -0.230659 0.252327 0.108220 -0.362272 0.480129 0.177774 0.356653 0.070217 -0.111999 -0.034317 -0.300256 -0.341032 -0.089589 0.032348 0.140774 0.374625 -0.112168 0.181347 0.289671 -0.246916 -0.285167 0.093521 0.004067 -0.128886 0.035694 -0.228445 -0.073151 -0.338656 -0.393633 -0.101917 0.141059 0.493868 -0.076918 -0.010092 0.147988 0.176073 0.223591
0.350843 0.073780 0.431079 0.418412 0.320406 0.022402 0.466046 0.415766 -0.234799 -0.329664 0.063178 0.037829 -0.153084 0.091501 -0.241124 -0.370263 -0.197803 -0.126681 -0.117081 -0.021902 -0.290255 -0.160272 0.460096 0.337711 -0.344224 -0.360376 1.000000 0.562664 -0.470780 -0.598319 0.142478 0.122263 -0.154754 -0.276406 0.121283 0.210553 -0.122123 -0.232597 -0.070732 0.201562 -0.203944 -0.403149 -0.281513 -0.157535 -0.056888 -0.062549 -0.101201 -0.115738 0.015492 -0.037352 0.098783 0.103592 0.102751 -0.127043 0.088635 -0.043411 0.168404 -0.002135 0.149034 -0.100393 0.018312 -0.102515 -0.267868 -0.178297 0.041904 0.038844 0.118682 0.029084 -0.049376 0.062991 -0.019210 0.092951 -0.506740 -0.468081 -0.325931 -0.397294 -0.303031 -0.276603 -0.214706 -0.200883 -0.401130 -0.362466 0.472052 -0.293803 0.087299 -0.183775 -0.093814 0.207583 0.502641 0.409148 -0.025515 -0.127847 0.006512 0.117917 -0.210261 -0.085706 -0.044799 -0.247024 -0.171662 -0.110798 -0.070114 -0.039202 -0.147625 -0.022284 0.166565 0.227884 0.326127 0.339979 -0.068990 -0.174891 -0.331762 -0.228462 -0.339586 -0.160529 -0.138274 -0.233913
-0.028461 -0.172579 0.252532 0.204670 0.501062 0.509651 0.241786 0.183882 0.191714 0.207996 -0.027518 0.034023 -0.057902 0.104047 0.229821 0.194360 -0.044039 -0.407897 -0.230880 -0.252967 0.097446 0.175862 0.353759 0.405118 0.138891 0.193056 0.562664 1.000000 -0.122804 -0.238812 0.103895 0.012546 -0.087410 -0.200381 0.075399 0.213418 -0.057154 0.151740 0.184067 0.303198 -0.168225 0.092285 -0.158999 -0.205835 -0.057359 -0.068953 0.006051 -0.014941 -0.203952 -0.129151 0.026638 0.081690 -0.071434 0.000681 0.096611 0.002031 -0.153591 -0.357594 -0.366251 -0.362841 -0.296203 -0.417038 -0.318048 -0.389161 0.022143 -0.097151 -0.362661 -0.043269 -0.299919 -0.201875 0.008326 0.048230 -0.215071 0.019056 -0.065820 0.066681 0.018489 0.048876 -0.173199 -0.327841 -0.223835 -0.244871 0.202459 0.190010 0.289484 0.191331 -0.003101 -0.179443 0.213062 0.298765 -0.239123 -0.234686 0.232048 0.154472 -0.011708 -0.299649 0.076577 -0.162195 -0.198860 -0.177407 -0.017937 -0.352970 -0.320855 -0.236938 -0.020172 0.184081 -0.137640 -0.153869 -0.216570 -0.232340 -0.053738 -0.224827 -0.237152 0.033627 0.172591 -0.131953
-0.604877 -0.452871 -0.549653 -0.620506 -0.154368 0.062488 -0.712318 -0.420373 0.169531 0.334941 -0.023700 0.034020 -0.179828 0.291087 0.449307 0.532159 0.532008 0.161190 -0.250637 -0.384608 0.523428 0.323199 -0.305758 -0.184398 0.412015 0.358515 -0.470780 -0.122804 1.000000 0.746112 0.030545 0.084706 0.255348 0.161503 0.076781 -0.333300 0.548639 0.586678 -0.039891 0.082062 0.415555 0.576139 0.343466 0.279468 0.055014 0.369183 0.355432 0.180710 -0.272625 0.091443 -0.297767 -0.178696 -0.338850 -0.171318 -0.146537 0.468589 -0.065358 -0.192813 -0.448342 -0.177552 -0.113684 -0.086449 0.406089 0.259378 -0.074834 -0.261626 -0.491028 -0.269173 -0.440285 -0.355948 0.302639 0.200004 0.833179 0.642596 0.639019 0.556086 0.570674 0.260351 0.468847 0.274681 0.679602 0.653426 -0.239587 0.706755 0.285786 0.240716 -0.292605 -0.199043 -0.172840 -0.500306 -0.248687 -0.019982 -0.249990 -0.187970 0.322211 -0.041978 0.438956 0.396215 0.324834 0.406617 -0.318088 -0.012005 -0.253981 -0.090694 -0.457740 -0.395160 -0.574083 -0.487638 0.167299 0.144710 0.082616 0.254555 0.445856 0.313863 0.391719 0.294455
-0.510577 -0.390356 -0.508805 -0.636020 -0.087413 0.123120 -0.617596 -0.502074 0.277043 0.428359 -0.081335 0.028875 -0.049928 0.124758 0.428030 0.542763 0.355452 0.245623 -0.151440 -0.213465 0.493844 0.395625 -0.409774 -0.330756 0.477725 0.455407 -0.598319 -0.238812 0.746112 1.000000 -0.003782 -0.024696 0.216483 0.221374 -0.077850 -0.227179 0.509371 0.438541 -0.015973 0.024914 0.402606 0.541812 0.242613 0.229952 0.044062 0.199365 0.266721 0.177527 -0.245609 0.027956 -0.376598 -0.258196 -0.288248 0.056901 -0.259015 0.308928 -0.009407 -0.058264 -0.249852 -0.120149 -0.038378 -0.151700 0.232396 0.183165 -0.107410 -0.242475 -0.323577 -0.156737 -0.188056 -0.212643 0.174221 0.107806 0.810269 0.659888 0.555395 0.517385 0.419323 0.282189 0.389388 0.274233 0.660204 0.706612 -0.341796 0.606488 0.081484 0.202343 -0.140661 -0.209875 -0.297695 -0.577317 -0.223540 -0.050699 -0.218244 -0.191619 0.384128 0.046277 0.338358 0.444241 0.232179 0.285721 -0.289369 0.021895 -0.201813 -0.070715 -0.351879 -0.325212 -0.488545 -0.346071 0.171948 0.183863 0.309274 0.295541 0.482617 0.266781 0.322046 0.301439
-0.293783 -0.173515 -0.132006 0.081460 -0.113984 -0.506099 -0.120515 -0.039867 -0.453709 -0.531679 0.629955 0.474820 0.563095 0.288998 -0.135258 -0.367398 -0.063579 0.173285 -0.510845 -0.491403 -0.125427 -0.142657 0.372574 0.268087 -0.330600 -0.247955 0.142478 0.103895 0.030545 -0.003782 1.000000 0.878493 0.192468 0.389835 0.164815 -0.278182 0.239657 -0.026651 0.331982 0.072522 0.272116 -0.006538 0.113767 0.177527 -0.003614 -0.096827 0.198889 0.053450 -0.150353 -0.276850 -0.240016 -0.355168 -0.478440 -0.307612 0.223416 0.242400 0.460213 0.075228 -0.061407 -0.222230 0.283946 -0.025674 0.066797 0.266267 0.389065 -0.281097 -0.235192 -0.376983 -0.425892 -0.466427 0.564226 0.729413 0.003290 0.072480 0.249644 -0.284802 0.116169 -0.113101 0.339045 0.392805 -0.069388 0.092205 0.106576 -0.054101 0.157592 -0.034953 0.122241 -0.019634 0.239114 0.090097 -0.051476 -0.376625 -0.409797 -0.575104 0.234509 0.193125 0.247639 0.102548 0.223154 0.252450 -0.107877 -0.180525 0.081117 -0.083714 0.049932 0.011564 0.169369 0.151489 0.232297 0.024430 -0.088792 -0.132892 -0.096372 -0.050052 0.008438 -0.037146
-0.251446 -0.113802 -0.180675 0.041003 -0.167672 -0.527297 -0.190993 -0.026876 -0.495630 -0.541076 0.649943 0.563763 0.457578 0.365833 -0.215415 -0.365706 -0.046586 0.178132 -0.443856 -0.439175 -0.123945 -0.133224 0.320781 0.265423 -0.349897 -0.187605 0.122263 0.012546 0.084706 -0.024696 0.878493 1.000000 0.269250 0.398832 0.202232 -0.228396 0.289179 -0.012108 0.299256 0.247292 0.384314 0.023975 0.132595 0.199267 -0.221421 -0.109951 0.157987 0.113446 -0.282132 -0.386430 -0.336873 -0.484128 -0.490616 -0.349292 0.257266 0.282104 0.418036 0.000219 -0.063787 -0.205310 0.277947 0.077586 0.142835 0.248645 0.346141 -0.177525 -0.207018 -0.413743 -0.332130 -0.394206 0.507068 0.781221 0.030352 0.084178 0.240373 -0.243116 0.177886 -0.086189 0.367765 0.349419 -0.033554 0.048396 0.196174 -0.085710 0.277199 0.071815 0.153402 0.182079 0.296547 0.081474 -0.106832 -0.411297 -0.446087 -0.505086 0.328954 0.227254 0.337111 0.113499 0.209190 0.241329 -0.093493 -0.075305 0.110846 0.008076 0.088087 0.082580 0.196404 0.111594 0.124175 0.045384 -0.078213 -0.143553 -0.053779 -0.060142 0.018693 0.032761
-0.126315 0.005910 -0.177426 -0.139174 -0.270947 -0.254676 -0.322133 -0.166879 -0.123666 -0.216235 0.243382 0.160289 0.194710 -0.137357 -0.121709 -0.126985 0.273602 0.322830 -0.065864 -0.256718 -0.067360 -0.100502 -0.045602 -0.039332 -0.167925 -0.035530 -0.154754 -0.087410 0.255348 0.216483 0.192468 0.269250 1.000000 0.739265 0.015428 -0.136547 0.285609 0.146203 0.062276 0.030995 0.487887 0.199598 0.255865 0.233328 -0.340136 -0.250818 0.200870 0.238995 -0.485491 -0.444728 -0.399023 -0.466088 -0.383264 -0.280287 0.377659 0.356316 0.191592 0.110059 -0.239241 -0.083296 0.220496 0.315438 0.465065 0.431823 -0.046022 -0.074440 -0.313291 -0.400663 -0.033911 -0.278108 0.073872 0.065786 0.242112 0.312966 0.314741 0.051364 0.271990 0.028489 0.373117 0.350339 0.339371 0.330180 0.043684 0.002428 0.056916 0.253748 0.207838 0.083491 -0.002895 0.176917 -0.114906 -0.141951 -0.175827 -0.312955 0.291941 -0.003433 0.498286 0.186672 0.370628 0.326341 -0.184614 -0.171248 -0.021669 -0.114269 -0.147898 -0.068667 -0.063206 0.114861 0.011151 -0.126358 0.041957 0.166583 0.114747 0.240950 0.212594 0.227667
-0.161942 -0.049443 -0.221403 -0.120764 -0.212410 -0.354350 -0.281342 -0.236221 -0.156606 -0.263665 0.392459 0.289309 0.453547 -0.105314 0.020257 -0.148635 0.113186 0.310146 -0.166023 -0.209577 -0.027200 -0.051640 -0.028269 -0.022452 -0.154990 -0.032535 -0.276406 -0.200381 0.161503 0.221374 0.389835 0.398832 0.739265 1.000000 -0.037872 -0.171575 0.324613 0.085162 0.185516 -0.050629 0.568144 0.279836 0.232953 0.155012 -0.266823 -0.303818 0.125226 0.157785 -0.396810 -0.468512 -0.406016 -0.526497 -0.453275 -0.274073 0.313962 0.177037 0.250458 0.064707 -0.163786 -0.149723 0.307675 0.311143 0.374928 0.450693 0.154475 -0.023405 -0.295364 -0.362652 -0.087584 -0.386902 0.146533 0.152140 0.196235 0.324569 0.396280 0.052178 0.284196 0.040697 0.365917 0.304963 0.305075 0.360006 -0.008822 0.039414 0.058240 0.255692 0.263762 0.025180 -0.084127 0.053753 -0.026197 -0.245328 -0.210126 -0.413044 0.349324 0.165445 0.328281 0.229165 0.306048 0.212449 -0.189944 -0.177360 0.062516 -0.135355 -0.181177 -0.139972 -0.120417 0.007614 0.189094 0.050863 0.108067 0.146588 0.092083 0.197638 0.150999 0.205573
-0.198554 -0.356684 -0.028817 -0.117816 0.262574 -0.074968 -0.063556 -0.043039 -0.026118 -0.069598 0.114740 -0.242399 0.030734 0.038405 0.171378 -0.027358 -0.096053 -0.240502 -0.226974 -0.295189 0.142430 0.069150 0.179808 0.299939 0.131043 0.232491 0.121283 0.075399 0.076781 -0.077850 0.164815 0.202232 0.015428 -0.037872 1.000000 0.517431 -0.066206 -0.019862 -0.142611 0.059893 -0.026827 -0.003361 -0.025824 0.008400 -0.102115 0.231189 -0.121960 -0.122213 0.017255 -0.164129 0.231882 -0.259815 -0.136591 -0.166006 0.066032 0.022039 0.043723 -0.187774 -0.143993 -0.209094 -0.031824 -0.106274 0.062481 -0.066707 0.425198 0.110521 -0.065246 0.057866 -0.219385 -0.307161 0.305949 0.270208 0.083884 0.072044 0.068097 -0.000270 0.199650 0.185472 -0.054914 0.163985 -0.051033 -0.075716 0.018759 -0.046830 0.242267 -0.108393 0.046399 0.122400 0.494326 0.024859 -0.197739 -0.082235 -0.064391 0.035980 0.091696 -0.187547 0.113381 0.128087 -0.251500 -0.089385 0.017562 -0.010356 -0.113206 -0.049594 -0.153380 -0.116219 0.098775 0.094437 0.044307 0.054154 0.263721 -0.278946 -0.261890 -0.144059 0.090138 0.072144
0.162543 -0.078009 0.359395 0.202658 0.373396 0.291982 0.343358 0.217444 0.242118 0.139021 -0.075471 -0.155053 -0.077072 -0.142441 0.095422 0.060849 -0.343528 -0.265616 0.065225 0.136638 -0.055865 0.108335 0.196332 0.300033 0.147421 0.314516 0.210553 0.213418 -0.333300 -0.227179 -0.278182 -0.228396 -0.136547 -0.171575 0.517431 1.000000 -0.257236 -0.185169 -0.154440 0.132277 -0.265287 -0.057930 -0.295331 -0.226504 -0.256487 -0.025903 -0.356430 -0.201459 -0.017173 -0.221736 0.305265 -0.156494 0.168851 0.004675 0.046700 -0.257427 -0.232146 -0.294444 -0.007524 -0.145079 -0.259450 -0.278719 -0.301937 -0.480771 0.119373 0.371748 0.157037 0.364721 0.143126 0.094806 -0.080158 -0.092907 -0.204503 -0.114024 -0.280050 0.108335 -0.152480 0.178947 -0.396747 -0.109973 -0.288559 -0.296797 -0.077190 -0.273884 0.082917 0.036593 0.055362 0.164448 0.405187 0.303035 -0.255436 -0.013926 0.302189 0.385459 -0.105833 -0.186444 -0.133728 -0.187983 -0.491826 -0.426041 -0.072055 -0.167251 -0.318693 -0.155760 -0.066090 0.040156 -0.000157 0.008777 -0.328907 -0.015555 0.249388 -0.284790 -0.315506 -0.236113 -0.124268 -0.186940
