1.000000 -0.063953 0.281199 -0.139617 -0.221599 -0.203065 0.310514 0.040237 -0.353540 -0.069358 0.119402 -0.028858 0.010282 -0.159897 -0.293488 -0.202903 0.192941 0.014659 0.134978 0.148849 -0.064872 -0.232601 0.144373 0.068750 -0.433897 -0.508131 -0.085848 -0.153686 0.136791 0.038708 -0.256121 -0.309430 0.042654 0.027393 -0.360130 -0.321295 0.445462 0.039712 0.083530 -0.093976 0.256212 0.034365 -0.067572 -0.156524 -0.178481 -0.277103 -0.045273 -0.099844 -0.265103 -0.296534 -0.307106 -0.341096 -0.112502 -0.233183 0.028021 -0.034972 0.536484 0.075600 0.100630 -0.008653 0.205097 -0.151982 0.078886 0.360849 -0.250989 -0.239291 0.115506 -0.431240 0.142707 0.109178 -0.064118 -0.236982 0.392555 -0.114443 0.277783 0.037451 0.397764 0.069768 0.518783 -0.101315 0.340575 0.461399 0.202526 0.038638 0.057940 -0.119866 0.161423 -0.030921 0.110437 -0.102740 -0.065473 -0.038662 -0.345709 -0.068658 -0.090137 -0.207441 -0.286464 -0.272078 -0.212901 0.238349 -0.206387 0.208503 -0.120103 0.200198 -0.176849 0.064587 0.070648 0.175206 -0.153422 -0.171304 -0.325516 -0.103432 -0.001717 -0.014866 0.023614 -0.141726
-0.063953 1.000000 0.353476 0.560097 0.078071 0.106308 0.248577 0.611513 0.357224 -0.086142 -0.119161 0.091475 -0.184605 0.215246 -0.012081 -0.223644 -0.115078 0.062641 0.390455 0.508126 -0.171793 -0.277193 0.108137 0.089041 -0.060934 -0.228004 -0.170857 -0.142359 -0.329596 -0.316861 -0.448280 -0.413638 0.035313 -0.056289 -0.298410 -0.154976 0.043440 -0.158612 0.043453 -0.015771 -0.005406 -0.329990 -0.390463 -0.396310 -0.171812 -0.280958 -0.275239 -0.225585 -0.197620 -0.134727 0.003244 -0.147788 0.031163 -0.047310 0.058335 -0.028532 -0.262669 0.493154 -0.442545 -0.170617 -0.221279 -0.313441 -0.372922 -0.225218 -0.084046 0.137676 -0.294851 -0.024541 0.301726 0.286305 0.021752 -0.434767 -0.440186 -0.274912 -0.216013 -0.216574 -0.084365 0.080209 -0.089345 -0.023687 -0.211174 -0.187784 -0.051531 -0.199108 0.001377 -0.060004 -0.085515 0.079321 0.004015 0.103642 0.039105 -0.024206 0.297342 -0.042975 -0.000648 -0.053765 -0.219100 -0.125739 -0.098878 -0.037599 0.039868 -0.091446 -0.167118 -0.082334 -0.011243 0.161181 -0.270671 -0.179624 -0.216336 0.086025 -0.127481 -0.162360 0.040294 0.180824 0.402454 -0.019345
0.281199 0.353476 1.000000 0.461853 0.225624 -0.114011 0.821267 0.649530 0.040630 -0.338735 -0.261655 -0.056854 -0.389760 0.169814 -0.318867 -0.298732 -0.374971 -0.139598 0.565194 0.367394 0.101483 -0.236302 0.687438 0.489864 -0.396295 -0.432394 0.092175 -0.079534 -0.221009 -0.466957 -0.233325 -0.174500 -0.145233 0.036088 -0.120777 -0.003072 0.019525 -0.405871 -0.114456 -0.268362 -0.028345 -0.244752 -0.336710 -0.367972 -0.221472 -0.190767 -0.149391 -0.351302 -0.389223 -0.086574 -0.095661 -0.213319 -0.101210 -0.223132 -0.364074 -0.253876 -0.276663 0.085890 -0.121148 -0.079632 -0.066367 -0.149634 -0.190136 0.148552 -0.138154 0.340931 0.291966 0.144058 0.313351 0.446854 -0.231556 -0.531480 -0.329307 -0.361201 -0.088181 -0.079409 0.074471 -0.052279 0.025536 -0.272744 -0.208559 -0.219983 -0.171516 -0.246363 0.222239 -0.317774 -0.356741 -0.229114 0.126059 -0.250049 -0.067503 -0.429069 0.069744 -0.117796 -0.136808 -0.186899 -0.358166 -0.319660 -0.463196 -0.329200 -0.041205 0.045059 -0.167466 0.072337 0.108768 -0.184071 0.202181 -0.325823 -0.378133 -0.110948 -0.071346 -0.477950 -0.118091 -0.001987 0.255617 -0.199071
-0.139617 0.560097 0.461853 1.000000 0.228998 0.514851 0.258420 0.734666 0.136999 0.124223 -0.363625 -0.009890 -0.592442 -0.097991 0.146790 0.000585 -0.341308 -0.150866 0.446374 0.491490 0.049227 0.025609 0.560232 0.627606 -0.224000 -0.167426 0.256915 0.179191 -0.412341 -0.440514 -0.197907 0.035120 -0.421891 -0.309085 -0.003669 0.001047 -0.187596 -0.120506 0.007420 0.150854 -0.127499 -0.155835 -0.544687 -0.578376 -0.441014 -0.505782 -0.437452 -0.457697 -0.506043 -0.370586 -0.063534 -0.303416 -0.099588 -0.301728 -0.020578 -0.339810 -0.409097 0.017815 -0.543519 -0.413917 -0.487377 -0.521110 -0.462599 -0.598725 0.003304 0.372786 -0.247485 0.091055 0.529085 0.445059 -0.293052 -0.454096 -0.591474 -0.339950 -0.310815 -0.004659 -0.044582 0.171917 -0.152802 -0.151859 -0.275749 -0.292569 0.101312 0.320722 0.333080 0.413153 0.038030 0.356595 0.246717 0.309391 0.163663 -0.123527 0.511890 0.085284 -0.019704 0.021032 -0.094296 -0.141355 -0.184586 -0.327336 -0.104325 -0.354363 -0.275109 -0.316490 -0.009396 -0.073348 -0.032744 -0.161038 -0.217339 0.226522 -0.024607 -0.433544 0.101996 0.296146 0.391093 -0.055263
-0.221599 0.078071 0.225624 0.228998 1.000000 0.374317 0.089850 0.110823 0.410127 0.085423 -0.320525 -0.202211 -0.260149 -0.102051 0.107245 -0.003742 -0.217600 -0.137625 0.164551 -0.027023 0.441067 0.124917 0.219287 0.230983 0.181602 0.288429 0.477896 0.328065 -0.111344 -0.401690 -0.028937 -0.015808 -0.061747 -0.046410 0.085892 0.122656 -0.103607 -0.154434 -0.067368 -0.114139 -0.032675 -0.248475 -0.251435 -0.238116 -0.110607 -0.054619 -0.116195 -0.287015 -0.091960 0.093451 0.112890 -0.144389 -0.068360 -0.105130 -0.239362 -0.228362 -0.286511 -0.076064 -0.068549 0.045395 -0.150870 0.010540 -0.158294 -0.203480 0.090420 0.221010 0.063672 0.312343 0.125059 0.316285 0.057578 0.046791 -0.323847 0.000560 -0.210287 0.334046 0.028294 0.099547 -0.052180 0.151683 -0.191649 -0.281755 -0.014731 -0.050552 0.124442 -0.037076 -0.127655 0.008874 0.052668 -0.143658 0.053358 -0.238157 0.117784 0.197981 -0.128061 0.252383 -0.058669 0.007620 -0.054909 -0.400972 0.114697 0.171059 0.166183 0.173396 0.224988 -0.072538 0.200110 -0.015545 -0.139194 0.220632 -0.062539 -0.270201 -0.193598 -0.165134 0.017156 -0.036155
-0.203065 0.106308 -0.114011 0.514851 0.374317 1.000000 -0.157075 0.227664 0.094067 0.618721 -0.254652 -0.058048 -0.163624 -0.267086 0.377041 0.434948 -0.150086 -0.216790 -0.188324 -0.132841 0.258350 0.299392 0.270866 0.357018 0.101176 0.381631 0.478544 0.511716 -0.244632 -0.215852 0.075345 0.236207 -0.313360 -0.342526 0.198649 0.071412 -0.189870 -0.057430 0.023273 0.236971 -0.265279 -0.019139 -0.330111 -0.335736 -0.545365 -0.484455 -0.173612 -0.203982 -0.400351 -0.429960 0.028845 -0.214824 -0.231319 -0.171550 0.090416 -0.196020 -0.032258 -0.174668 -0.262643 -0.209165 -0.239260 -0.292482 -0.264942 -0.522823 0.163960 0.246495 -0.204808 0.036246 0.150613 0.186641 -0.080542 -0.008930 -0.326466 -0.068145 -0.349438 0.151057 -0.211091 -0.013405 -0.059624 0.041384 -0.171046 -0.209920 0.013639 0.532562 0.074375 0.471592 0.140899 0.287534 0.333084 0.546946 0.103405 -0.064458 0.212990 0.261461 0.023104 0.157267 0.192205 0.121064 -0.014218 -0.244253 -0.137325 -0.144927 -0.061712 -0.084061 0.036298 -0.061753 0.085442 0.289794 0.009086 0.209562 0.046393 -0.253217 0.056350 0.096693 0.137196 0.041431
0.310514 0.248577 0.821267 0.258420 0.089850 -0.157075 1.000000 0.486387 -0.098942 -0.252799 -0.078715 -0.023511 -0.124141 0.194560 -0.317310 -0.133295 -0.342016 -0.193417 0.330066 0.174473 -0.032671 -0.245532 0.659486 0.486697 -0.396577 -0.357218 0.114389 -0.014684 -0.134650 -0.378374 -0.058492 -0.093077 -0.210581 -0.027626 -0.121922 -0.058729 -0.044957 -0.479959 -0.217012 -0.312752 -0.111545 -0.294022 -0.239109 -0.252931 -0.264097 -0.210166 -0.048813 -0.257542 -0.347005 -0.107647 -0.088005 -0.190609 -0.146375 -0.223658 -0.326598 -0.133172 -0.259851 0.080524 0.037234 -0.040127 0.147916 -0.116110 -0.227693 0.259723 0.049543 0.235094 0.294452 -0.015326 0.034437 0.323686 -0.237497 -0.484466 -0.269888 -0.349739 -0.077401 -0.160590 -0.076068 -0.248219 -0.005062 -0.359709 -0.273106 -0.277862 -0.313029 -0.232229 0.116880 -0.380735 -0.264564 -0.294729 0.265573 -0.161002 -0.179716 -0.441441 -0.036229 -0.035067 -0.170519 -0.256900 -0.315850 -0.378320 -0.464547 -0.351842 -0.026170 0.110701 -0.108370 0.144022 0.132777 -0.152608 0.321987 -0.204700 -0.401500 -0.182200 -0.029104 -0.356467 -0.112340 -0.119346 0.099708 -0.161972
0.040237 0.611513 0.649530 0.734666 0.110823 0.227664 0.486387 1.000000 0.044245 -0.086939 -0.296438 0.067935 -0.375388 0.154189 -0.039299 -0.121442 -0.414090 -0.218386 0.397219 0.258345 0.034195 -0.099788 0.551801 0.539913 -0.380618 -0.368352 0.194762 0.113485 -0.509845 -0.452894 -0.342480 -0.105237 -0.314200 -0.148066 -0.007253 0.017267 -0.189027 -0.288921 -0.058289 0.062060 -0.209300 -0.229932 -0.356401 -0.419570 -0.380109 -0.352643 -0.214751 -0.392209 -0.385064 -0.235911 -0.123266 -0.223436 -0.068448 -0.223941 -0.107454 -0.301210 -0.343666 0.009474 -0.370948 -0.136119 -0.192696 -0.317469 -0.274354 -0.311357 0.055219 0.475896 0.018932 0.047877 0.317314 0.285220 -0.192991 -0.449346 -0.552934 -0.303288 -0.368252 -0.067801 -0.119822 0.058544 -0.158831 -0.182655 -0.325611 -0.376055 0.008416 0.084909 0.173374 0.005831 -0.194056 -0.043841 0.170893 0.166041 -0.051737 -0.326586 0.327007 -0.079684 0.008401 -0.064320 -0.213931 -0.198530 -0.425742 -0.319889 -0.016625 -0.220613 -0.182509 -0.188974 0.033806 -0.070047 0.118334 -0.165076 -0.191703 0.080319 -0.134671 -0.392854 -0.018138 0.126728 0.408180 -0.108843
-0.353540 0.357224 0.040630 0.136999 0.410127 0.094067 -0.098942 0.044245 1.000000 0.152540 -0.050576 0.049551 0.157535 0.304420 0.345638 0.120114 0.102917 0.189084 0.022035 0.034636 -0.062189 -0.257605 -0.192335 -0.219246 0.501475 0.322980 -0.232645 -0.231333 -0.075569 -0.015398 -0.261658 -0.336300 -0.025847 -0.120135 0.033534 -0.003812 -0.102681 -0.145802 -0.205095 -0.274980 -0.143769 -0.320891 -0.290947 -0.233041 0.036454 -0.028060 -0.173392 -0.204057 0.062645 0.123284 0.256812 0.047321 0.105168 -0.021913 -0.076934 -0.227188 -0.130288 0.190800 -0.045041 0.063482 0.091901 0.055131 -0.182641 -0.091393 0.182069 0.157419 -0.163162 0.268308 -0.030831 0.201729 0.301248 -0.049441 -0.287496 -0.108999 -0.081725 -0.152200 -0.088680 -0.144935 -0.003452 0.086274 -0.219439 -0.114332 -0.244765 -0.468242 -0.037999 -0.077604 -0.165454 -0.162770 -0.182522 -0.134799 0.218522 0.060220 0.006900 -0.030648 -0.186499 0.139054 -0.233315 -0.082245 0.115563 -0.098117 -0.002357 0.044778 0.169774 0.051046 0.041444 -0.133947 -0.193226 -0.113149 0.052690 0.099175 -0.286896 -0.264789 -0.167473 0.130861 0.137248 -0.044716
-0.069358 -0.086142 -0.338735 0.124223 0.085423 0.618721 -0.252799 -0.086939 0.152540 1.000000 -0.023824 0.223914 0.119672 -0.099234 0.076947 0.674536 0.018956 -0.132490 -0.382896 -0.152080 -0.051488 -0.105071 0.010535 0.148978 0.304697 0.442209 -0.055788 0.026629 0.010334 0.042790 0.113634 0.119810 -0.121087 -0.208024 0.050059 -0.096245 -0.082256 -0.097382 -0.106894 -0.018662 -0.152963 -0.233855 -0.351156 -0.296674 -0.433401 -0.510027 -0.259457 -0.223085 -0.363874 -0.494931 0.060157 -0.179121 -0.121531 -0.281660 0.194915 -0.216656 0.112222 -0.126349 -0.135956 -0.256070 0.151348 -0.082445 -0.319177 -0.313825 0.236011 0.049945 -0.399598 0.000250 -0.205184 0.033415 0.310095 0.179528 -0.030085 -0.011075 -0.026096 0.228730 -0.120294 0.011072 -0.002987 -0.087512 -0.238620 -0.136284 -0.150474 0.217142 0.007126 0.386399 0.341113 0.145422 0.357754 0.339189 0.256314 0.129092 0.157899 0.277309 -0.133307 0.025157 0.013229 -0.186446 -0.066154 -0.238075 -0.112443 -0.049449 -0.039098 -0.005494 -0.175786 0.053481 -0.064512 0.306613 0.019924 0.076606 -0.169323 -0.235689 -0.069110 0.099438 0.043528 -0.135841
0.119402 -0.119161 -0.261655 -0.363625 -0.320525 -0.254652 -0.078715 -0.296438 -0.050576 -0.023824 1.000000 0.247948 0.590071 0.164670 0.314960 0.230413 0.564725 0.317660 -0.355020 -0.134170 -0.087967 0.036819 -0.368314 -0.299969 0.051004 -0.106674 -0.122935 -0.012746 0.305482 0.669691 0.062780 0.011573 0.161989 0.242759 0.071872 -0.076504 0.185541 0.328041 0.097965 -0.093723 0.075446 0.170112 0.182535 0.310329 0.243437 0.124487 0.076749 0.010175 0.308506 0.137986 -0.090348 0.124600 -0.214936 0.167552 -0.058378 0.156281 0.156976 0.001151 -0.077762 -0.136651 0.222458 0.047645 0.196805 0.185809 0.195125 -0.149312 -0.158019 -0.469449 -0.449406 -0.417899 -0.050321 -0.020475 0.362691 0.148197 0.294789 0.029944 0.144040 0.037254 -0.026678 0.218936 0.387681 0.259744 0.205089 0.142320 0.032522 0.031073 0.118836 -0.010438 -0.209885 -0.300786 -0.138490 0.064669 -0.168531 -0.015593 0.287625 0.077607 -0.002655 0.087487 0.082779 0.107017 0.041410 0.083956 0.127574 0.061198 -0.102395 0.038858 -0.031284 0.030306 0.134941 0.070390 -0.128837 0.327159 -0.072489 -0.051950 -0.043738 0.124854
-0.028858 0.091475 -0.056854 -0.009890 -0.202211 -0.058048 -0.023511 0.067935 0.049551 0.223914 0.247948 1.000000 0.158369 0.580145 -0.094906 0.285562 0.042591 0.473777 -0.329672 -0.033083 -0.016708 -0.243382 -0.014157 0.010784 0.022658 -0.062508 -0.300825 -0.368027 0.172145 0.124181 -0.038240 -0.007023 0.070294 0.176772 0.021202 0.027101 -0.040547 -0.174616 -0.219688 -0.240076 -0.205796 -0.155812 -0.137764 -0.157179 -0.174333 -0.253306 -0.173048 -0.224434 -0.184666 -0.226026 0.097469 0.150681 0.152291 -0.055289 -0.101913 -0.151745 -0.158255 -0.226285 -0.270847 -0.268848 0.151388 0.337162 -0.264722 0.233227 -0.024968 0.210604 -0.405501 -0.108824 -0.422870 -0.138156 0.226046 -0.000307 0.034423 -0.008702 0.000363 0.168441 0.061152 0.089903 0.023320 -0.153822 -0.183088 -0.156153 -0.245184 -0.038085 -0.063481 0.011651 -0.265249 -0.213672 0.052719 -0.072299 0.360548 -0.087735 0.382002 -0.004342 -0.159319 -0.066609 -0.142971 -0.263671 -0.306264 -0.272882 0.150136 -0.031334 -0.061569 -0.009460 -0.008412 0.063482 0.033508 -0.163061 -0.062226 -0.051578 -0.054361 -0.263194 -0.235771 0.154218 0.135856 -0.200015
0.010282 -0.184605 -0.389760 -0.592442 -0.260149 -0.163624 -0.124141 -0.375388 0.157535 0.119672 0.590071 0.158369 1.000000 0.259535 0.207462 0.287846 0.404154 0.167086 -0.496879 -0.517205 -0.190583 -0.028774 -0.543243 -0.547036 0.316090 0.267904 -0.291923 -0.149039 0.053935 0.464837 0.094781 -0.077392 0.210450 0.095955 0.077801 0.021581 0.034780 0.145711 0.034326 -0.011484 -0.106356 0.114771 0.159091 0.279829 0.183645 0.103327 0.093474 0.168357 0.314839 0.069048 -0.061916 0.107549 -0.043796 0.134780 -0.011535 0.083865 0.416160 -0.018011 0.321398 0.212313 0.569866 0.320336 0.249730 0.278550 0.284542 -0.232221 0.015186 -0.186250 -0.549948 -0.379486 0.301483 0.300842 0.330713 0.287464 0.107967 -0.123943 -0.116383 -0.156753 -0.034652 0.131025 0.108177 0.120295 -0.148812 -0.169890 -0.470161 -0.183203 -0.044901 -0.363366 -0.218808 -0.048600 0.023877 0.224726 -0.314668 0.115604 0.187548 0.121335 -0.031462 0.252156 0.176996 0.255061 0.072741 0.368737 0.376175 0.303213 0.043948 -0.058028 0.044062 0.269717 0.335687 0.058691 -0.134150 0.284884 -0.047352 -0.072858 -0.187811 0.155945
-0.159897 0.215246 0.169814 -0.097991 -0.102051 -0.267086 0.194560 0.154189 0.304420 -0.099234 0.164670 0.580145 0.259535 1.000000 0.011028 0.191868 0.085790 0.505638 -0.041981 -0.031251 0.007872 -0.240091 -0.112324 -0.211757 0.126643 0.009734 -0.405897 -0.471503 0.057507 0.060270 -0.202632 -0.104776 -0.009398 0.244345 0.099168 0.295827 -0.145600 -0.308480 -0.322677 -0.328980 -0.233160 -0.099194 -0.054676 -0.021845 0.046287 0.071430 -0.088438 -0.156075 -0.008562 0.086807 0.109480 0.189872 0.008471 0.072635 -0.420813 -0.207369 -0.138757 0.014041 -0.031864 -0.115894 0.228243 0.415261 -0.018074 0.356036 0.101169 0.281434 -0.053995 0.248410 -0.245212 0.065104 0.042337 -0.133272 -0.139032 -0.130327 -0.063816 -0.146640 -0.166267 -0.217427 0.064823 -0.112632 -0.149539 -0.254038 -0.310785 -0.397602 -0.116986 -0.392585 -0.492145 -0.489729 -0.167533 -0.321221 0.196131 -0.130814 0.124739 -0.058686 -0.158607 0.053422 -0.340786 -0.207127 -0.300389 -0.208806 0.311868 0.163339 0.222297 0.160906 0.228890 0.051481 0.120806 -0.178229 0.038062 -0.131515 -0.058245 -0.193663 -0.240737 0.112392 0.244083 0.007306
-0.293488 -0.012081 -0.318867 0.146790 0.107245 0.377041 -0.317310 -0.039299 0.345638 0.076947 0.314960 -0.094906 0.207462 0.011028 1.000000 0.412785 0.351023 0.156054 -0.235437 -0.153075 0.154930 0.525116 -0.206571 -0.096757 0.151988 0.258958 0.391590 0.445608 -0.127064 0.414608 0.161855 0.230756 -0.362382 -0.225259 0.366170 0.242970 -0.270106 0.257112 -0.008165 0.192617 -0.279559 0.343468 0.080073 0.093501 -0.093085 -0.028666 0.066474 0.006716 0.094508 0.026230 -0.116772 0.016357 -0.200219 0.136570 -0.132440 -0.138089 0.074481 -0.058786 -0.179703 -0.109970 -0.160244 -0.096731 0.153031 -0.328953 0.330921 0.137276 -0.141090 -0.161550 -0.013227 -0.046201 -0.247039 0.089446 -0.168377 0.153018 -0.280656 -0.160035 -0.172667 -0.082341 -0.122564 0.289410 0.268421 0.085412 0.236538 0.389464 0.051714 0.342824 -0.047999 0.173775 -0.182993 0.192956 -0.017745 0.087083 -0.059661 0.121132 0.178921 0.217971 0.104990 0.228401 0.245663 0.018343 -0.089703 -0.125178 0.227785 -0.075515 0.093336 -0.106106 0.055337 0.214628 0.264379 0.237827 -0.095930 0.112643 0.141977 0.204481 0.124887 0.136770
-0.202903 -0.223644 -0.298732 0.000585 -0.003742 0.434948 -0.133295 -0.121442 0.120114 0.674536 0.230413 0.285562 0.287846 0.191868 0.412785 1.000000 0.118354 0.046668 -0.409230 -0.250924 0.170951 0.280919 -0.087734 0.026201 0.130744 0.381610 0.152283 0.141258 -0.067887 0.355944 0.309531 0.323305 -0.287758 -0.101236 0.189831 0.169789 -0.185439 0.005424 -0.155166 -0.036267 -0.276020 0.106268 -0.183138 -0.069265 -0.368676 -0.337418 -0.104090 -0.097368 -0.280425 -0.360737 -0.114706 0.016213 -0.194831 -0.107925 -0.195107 -0.231145 0.052172 -0.192874 -0.081384 -0.264944 0.161563 0.091572 -0.044670 -0.209557 0.304938 0.133505 -0.197515 -0.032911 -0.210742 -0.024338 -0.037843 0.202217 -0.035176 0.099254 -0.194875 0.142540 -0.184810 -0.071041 -0.106264 -0.158752 -0.012930 -0.074014 -0.148191 0.327847 -0.020104 0.311273 0.007122 -0.022031 0.149771 0.171362 0.161228 0.149660 0.036245 0.311155 -0.048134 0.171970 0.092672 0.000841 -0.033939 -0.221739 -0.104389 -0.002789 0.121305 0.037746 -0.005300 0.011022 0.092326 0.276287 0.199763 0.126775 -0.026624 -0.092372 0.077261 0.245334 0.146433 0.042681
0.192941 -0.115078 -0.374971 -0.341308 -0.217600 -0.150086 -0.342016 -0.414090 0.102917 0.018956 0.564725 0.042591 0.404154 0.085790 0.351023 0.118354 1.000000 0.414455 -0.114052 0.004305 -0.035895 0.062885 -0.530686 -0.471758 0.198282 -0.002272 -0.247123 -0.176697 0.460680 0.666302 -0.100079 -0.185250 0.078257 -0.032685 -0.159214 -0.171209 0.489746 0.576294 0.416423 0.189578 0.335444 0.460364 0.224853 0.250578 0.329585 0.160622 0.120608 0.053990 0.312038 0.143866 -0.013789 0.072866 0.067331 0.190261 0.084904 0.255434 0.262644 0.138851 -0.129022 -0.185093 -0.054752 -0.133014 0.326016 0.164309 -0.125873 -0.373753 -0.302251 -0.492958 -0.264805 -0.359360 0.073781 0.063851 0.528536 0.278022 0.382875 0.026410 0.406026 0.213424 0.294370 0.482016 0.671188 0.566067 0.395827 0.066575 0.049953 0.152029 0.209535 0.234923 -0.364953 -0.099175 -0.086694 0.229744 -0.336736 -0.093125 0.330075 0.182057 0.031850 0.206367 0.234943 0.252207 -0.099203 0.062490 0.138942 0.031169 -0.184892 -0.018917 -0.355514 0.091280 0.190964 0.067208 -0.240204 0.382039 -0.079644 0.011126 -0.067425 0.332571
0.014659 0.062641 -0.139598 -0.150866 -0.137625 -0.216790 -0.193417 -0.218386 0.189084 -0.132490 0.317660 0.473777 0.167086 0.505638 0.156054 0.046668 0.414455 1.000000 -0.074089 0.186678 0.005356 -0.150789 -0.306437 -0.389084 0.043845 -0.092701 -0.388755 -0.429327 0.300941 0.345528 -0.178115 -0.162239 0.003226 0.186421 -0.110926 0.066064 0.231230 0.089065 -0.035104 -0.009860 0.084374 0.096789 0.046550 0.050405 0.209296 0.144766 -0.041451 0.000226 0.117969 0.077835 0.022310 0.079707 0.056225 0.063725 -0.150769 0.040187 0.068168 0.023900 -0.284203 -0.199212 -0.066079 0.228070 -0.006935 0.330199 -0.157078 -0.064696 -0.409817 -0.198102 -0.094184 -0.107764 0.083571 -0.014948 0.303710 0.069021 0.275619 -0.062025 0.219605 0.055370 0.260246 0.193906 0.305452 0.309089 0.102388 -0.136453 -0.014100 -0.193156 -0.152619 -0.114235 -0.177036 -0.259458 0.290576 0.139438 0.044010 0.002430 -0.053741 0.035312 -0.065589 -0.065748 0.096607 0.245587 0.105340 0.139614 0.039042 0.062008 -0.005146 0.057830 -0.091547 -0.055352 -0.006939 -0.064765 -0.018907 0.112018 -0.030406 0.202733 0.124797 0.105708
0.134978 0.390455 0.565194 0.446374 0.164551 -0.188324 0.330066 0.397219 0.022035 -0.382896 -0.355020 -0.329672 -0.496879 -0.041981 -0.235437 -0.409230 -0.114052 -0.074089 1.000000 0.633142 -0.050937 -0.149373 0.253415 0.158751 -0.279086 -0.409922 -0.077763 -0.206258 -0.193700 -0.328203 -0.369476 -0.305712 -0.043793 -0.119286 -0.358310 -0.100841 0.194141 0.075734 0.149938 0.167670 0.327833 -0.026958 -0.220471 -0.259662 0.131644 0.021797 -0.202415 -0.113645 -0.107454 0.054038 -0.123076 -0.211317 0.147792 -0.103226 -0.079866 0.012374 -0.245849 0.273543 -0.117781 -0.104241 -0.343774 -0.341230 -0.093967 -0.181423 -0.319321 -0.067801 0.067172 0.150502 0.611326 0.360491 -0.188940 -0.341285 -0.205398 -0.195707 0.037134 -0.112192 0.082712 0.122007 -0.059017 0.055704 0.037938 0.070816 0.196115 -0.149027 0.151854 -0.100469 0.051056 0.182765 -0.168958 -0.111250 -0.058209 0.088991 0.032041 -0.118398 0.014790 -0.033428 -0.212619 -0.050382 0.041782 0.019433 -0.138414 -0.067476 -0.185366 -0.184678 -0.078731 -0.017472 -0.227030 -0.294278 -0.248017 -0.011400 -0.040355 -0.104320 0.176563 0.027305 0.196925 0.068873
0.148849 0.508126 0.367394 0.491490 -0.027023 -0.132841 0.174473 0.258345 0.034636 -0.152080 -0.134170 -0.033083 -0.517205 -0.031251 -0.153075 -0.250924 0.004305 0.186678 0.633142 1.000000 -0.200246 -0.249091 0.212705 0.181361 -0.246394 -0.437994 -0.210647 -0.314416 0.049190 -0.152266 -0.270323 -0.221579 0.017512 -0.012005 -0.426943 -0.273121 0.247289 0.108798 0.189376 0.094901 0.237985 -0.088012 -0.339165 -0.352572 -0.014225 -0.167303 -0.362676 -0.191830 -0.256415 -0.124491 -0.111564 -0.214780 0.046335 -0.138493 0.013566 -0.069627 -0.191019 0.423538 -0.520516 -0.400272 -0.529115 -0.386727 -0.265302 -0.166449 -0.450774 -0.161048 -0.342527 -0.023753 0.535342 0.455714 -0.189102 -0.488584 -0.116933 -0.290954 0.187420 -0.056383 0.234932 0.289861 0.131224 0.020026 0.160518 0.249985 0.155609 -0.017293 0.288564 0.113467 0.072906 0.371749 -0.095729 -0.180470 0.155013 0.183029 0.255522 -0.115700 -0.102528 -0.088968 -0.284542 -0.236262 0.010891 0.001674 -0.172104 -0.185048 -0.290219 -0.155237 -0.148051 0.000872 -0.312446 -0.310006 -0.341456 0.047038 -0.046997 -0.054800 0.112532 0.172849 0.195339 -0.151230
-0.064872 -0.171793 0.101483 0.049227 0.441067 0.258350 -0.032671 0.034195 -0.062189 -0.051488 -0.087967 -0.016708 -0.190583 0.007872 0.154930 0.170951 -0.035895 0.005356 -0.050937 -0.200246 1.000000 0.552040 0.074430 0.084521 -0.101918 0.116783 0.566762 0.400809 -0.057316 -0.153974 0.124942 0.180693 -0.185048 0.119209 0.227424 0.444864 0.012707 0.129600 0.087011 0.094696 -0.027175 0.314874 -0.030270 0.078893 -0.102526 0.047586 0.027613 -0.104176 -0.148803 0.044732 -0.157861 0.053595 -0.155507 -0.078682 -0.460260 -0.178880 -0.118322 -0.052108 -0.019847 0.133750 -0.236808 0.228477 0.022021 0.026132 -0.138708 0.225288 0.243025 0.158422 0.092180 -0.018464 -0.114069 0.212585 -0.080982 0.321265 -0.357013 0.484162 0.212748 0.252888 0.042599 0.146061 0.110152 -0.038535 0.197615 0.225225 0.081227 0.001164 -0.217643 -0.116922 0.033712 -0.087383 -0.004571 -0.235294 0.040516 0.131841 0.036477 0.304679 0.124488 0.089694 -0.167984 -0.278082 0.043975 0.115831 0.022815 0.082643 0.226455 0.050463 0.279115 0.149351 0.076484 0.073645 0.053659 -0.244930 -0.194764 0.018010 0.162826 0.189408
-0.232601 -0.277193 -0.236302 0.025609 0.124917 0.299392 -0.245532 -0.099788 -0.257605 -0.105071 0.036819 -0.243382 -0.028774 -0.240091 0.525116 0.280919 0.062885 -0.150789 -0.149373 -0.249091 0.552040 1.000000 -0.079909 0.050149 -0.020950 0.299146 0.687326 0.713775 -0.240790 0.158390 0.450446 0.508169 -0.282448 -0.043245 0.234524 0.357725 -0.260984 0.336540 0.163809 0.422598 -0.200243 0.575648 0.175583 0.214843 -0.083142 0.122494 0.157936 0.132724 0.041603 0.062975 -0.321353 0.033801 -0.148312 0.083131 -0.231834 -0.004499 -0.072295 -0.100053 -0.031711 0.100642 -0.309160 0.059458 0.144779 -0.296443 -0.027405 0.030714 0.142814 -0.022002 0.098910 -0.185085 -0.338894 0.380287 -0.084425 0.414973 -0.457658 0.204005 -0.052900 0.204949 -0.272112 0.223787 0.221034 -0.016339 0.303157 0.539185 -0.006916 0.300795 -0.031612 0.242566 0.003894 0.216942 -0.028902 0.076612 0.034246 0.277955 0.327528 0.366308 0.371911 0.455839 0.251584 -0.021803 0.021481 -0.063934 0.131522 -0.067080 0.252243 0.070858 0.203682 0.283728 0.343614 0.251418 0.223629 0.173901 0.314476 0.128305 0.009747 0.262006
0.144373 0.108137 0.687438 0.560232 0.219287 0.270866 0.659486 0.551801 -0.192335 0.010535 -0.368314 -0.014157 -0.543243 -0.112324 -0.206571 -0.087734 -0.530686 -0.306437 0.253415 0.212705 0.074430 -0.079909 1.000000 0.875151 -0.332258 -0.182869 0.350524 0.204300 -0.142570 -0.516455 0.111446 0.224079 -0.269015 -0.184433 0.012861 -0.057482 -0.201297 -0.481912 -0.158088 -0.177304 -0.180682 -0.321931 -0.334094 -0.439703 -0.528478 -0.407454 -0.105590 -0.324459 -0.562891 -0.287270 0.023970 -0.214437 -0.070726 -0.247661 -0.026465 -0.203412 -0.348465 -0.180767 -0.189630 -0.229241 -0.205792 -0.292239 -0.387208 -0.090233 -0.010517 0.391713 0.165260 0.078941 0.175094 0.429143 -0.302907 -0.383006 -0.371033 -0.445361 -0.189887 -0.025721 -0.131365 -0.145588 -0.068635 -0.315115 -0.409760 -0.363930 -0.255037 0.121039 0.377877 -0.023203 -0.160821 -0.000776 0.480123 0.115259 -0.128212 -0.538853 0.228567 -0.085704 -0.091167 -0.308986 0.013600 -0.362632 -0.448234 -0.485913 -0.142644 -0.244891 -0.317888 -0.115202 0.116594 -0.168530 0.314422 -0.217761 -0.427456 -0.046624 0.142897 -0.521376 -0.066114 -0.103854 0.129502 -0.322176
0.068750 0.089041 0.489864 0.627606 0.230983 0.357018 0.486697 0.539913 -0.219246 0.148978 -0.299969 0.010784 -0.547036 -0.211757 -0.096757 0.026201 -0.471758 -0.389084 0.158751 0.181361 0.084521 0.050149 0.875151 1.000000 -0.223806 -0.075520 0.420309 0.338317 -0.136055 -0.431660 0.204758 0.326712 -0.357112 -0.258455 0.053594 -0.080612 -0.295150 -0.318718 -0.103290 -0.072298 -0.227909 -0.238472 -0.349937 -0.453975 -0.572369 -0.525036 -0.190092 -0.407205 -0.589959 -0.393386 -0.016281 -0.284496 -0.046039 -0.234313 0.089593 -0.225777 -0.417663 -0.220169 -0.301684 -0.282169 -0.256631 -0.354026 -0.424948 -0.306996 0.067811 0.315005 -0.011101 -0.008951 0.118115 0.336609 -0.262503 -0.198663 -0.375889 -0.345701 -0.303164 0.065560 -0.101624 0.044020 -0.124788 -0.345016 -0.398270 -0.427725 -0.110780 0.261454 0.418882 0.240601 0.025628 0.164605 0.570972 0.260031 -0.042413 -0.408282 0.367032 -0.000486 -0.031336 -0.204488 0.023963 -0.350884 -0.384302 -0.537284 -0.035796 -0.361936 -0.272923 -0.243556 0.057944 -0.099707 0.301258 -0.155979 -0.307061 0.044990 -0.038746 -0.475248 0.009426 -0.002834 0.198990 -0.250949
-0.433897 -0.060934 -0.396295 -0.224000 0.181602 0.101176 -0.396577 -0.380618 0.501475 0.304697 0.051004 0.022658 0.316090 0.126643 0.151988 0.130744 0.198282 0.043845 -0.279086 -0.246394 -0.101918 -0.020950 -0.332258 -0.223806 1.000000 0.806804 -0.331511 -0.105597 0.154472 0.128952 0.098171 -0.051260 0.269977 -0.142564 -0.009559 -0.009123 -0.174419 0.029894 -0.064186 -0.039550 -0.224870 -0.047543 0.046553 0.085700 0.188128 0.086817 0.047215 0.076807 0.168603 0.207792 0.345337 0.183125 0.223710 0.273804 0.215909 0.139697 -0.034268 0.101639 0.095008 0.052511 0.033927 0.115699 -0.125037 -0.105320 0.116851 -0.232566 -0.310348 0.133906 -0.370446 -0.123344 0.458835 0.332312 -0.043295 0.178107 -0.162131 -0.073235 -0.166177 -0.089201 -0.098405 0.264411 -0.232723 -0.165630 -0.306095 -0.295350 -0.206784 -0.007044 0.099319 -0.064848 -0.030492 0.063449 0.186233 0.213103 0.118455 0.041152 0.045432 0.091346 0.067838 0.041521 0.293138 -0.010311 0.153393 -0.026606 0.142287 -0.021036 0.057199 0.092587 -0.190487 -0.032685 0.169704 0.002549 -0.067921 0.017100 0.070342 -0.098305 -0.114033 0.006024
-0.508131 -0.228004 -0.432394 -0.167426 0.288429 0.381631 -0.357218 -0.368352 0.322980 0.442209 -0.106674 -0.062508 0.267904 0.009734 0.258958 0.381610 -0.002272 -0.092701 -0.409922 -0.437994 0.116783 0.299146 -0.182869 -0.075520 0.806804 1.000000 0.032014 0.231382 -0.037850 0.040613 0.376032 0.304797 0.028430 -0.141100 0.136508 0.182740 -0.349143 -0.035421 -0.104223 -0.017259 -0.320057 0.027099 -0.027553 0.042787 -0.067337 -0.033820 0.024981 0.088653 0.017793 0.038692 0.174053 0.130402 0.068915 0.173276 0.100526 -0.013284 -0.023439 -0.062387 0.174341 0.013471 0.070263 0.154668 -0.098523 -0.201340 0.236234 -0.072720 -0.150280 0.232511 -0.314740 -0.111884 0.321805 0.521083 -0.132624 0.292819 -0.347343 0.051403 -0.266627 -0.089396 -0.142585 0.110657 -0.310479 -0.275336 -0.384135 -0.065190 -0.273036 0.113935 -0.004607 -0.042362 0.100633 0.226190 0.187766 0.171353 0.089559 0.325104 0.028193 0.145045 0.200219 0.136879 0.244350 -0.117029 0.159557 0.094628 0.262959 0.096130 0.260796 0.134336 0.030721 0.144794 0.198641 0.077139 0.147547 -0.028058 0.158430 -0.065782 -0.165185 0.039294
-0.085848 -0.170857 0.092175 0.256915 0.477896 0.478544 0.114389 0.194762 -0.232645 -0.055788 -0.122935 -0.300825 -0.291923 -0.405897 0.391590 0.152283 -0.247123 -0.388755 -0.077763 -0.210647 0.566762 0.687326 0.350524 0.420309 -0.331511 0.032014 1.000000 0.890980 -0.266690 -0.167499 0.331823 0.422557 -0.348289 -0.085479 0.303079 0.238519 -0.298755 0.019131 0.024977 0.169984 -0.227895 0.194929 0.031847 0.006829 -0.314795 -0.066835 0.140098 -0.045822 -0.117125 -0.021995 -0.210337 -0.127518 -0.307085 -0.092150 -0.270794 -0.148509 -0.190772 -0.192136 -0.044477 0.082265 -0.220756 -0.081596 0.052139 -0.258158 0.138328 0.311688 0.305714 -0.015077 0.144898 0.056042 -0.426332 0.060451 -0.282042 0.141539 -0.424564 0.263011 -0.104212 0.044167 -0.218036 0.075311 0.019112 -0.177047 0.237752 0.561889 0.202665 0.241634 -0.071505 0.197503 0.178732 0.181259 -0.243544 -0.343898 -0.014580 0.166910 0.096347 0.181880 0.225606 0.207152 -0.075518 -0.342962 -0.065837 -0.064908 0.036768 -0.002954 0.190432 -0.082856 0.412169 0.219080 0.006700 0.242778 0.166344 -0.094941 0.000580 -0.120371 -0.013206 -0.009755
-0.153686 -0.142359 -0.079534 0.179191 0.328065 0.511716 -0.014684 0.113485 -0.231333 0.026629 -0.012746 -0.368027 -0.149039 -0.471503 0.445608 0.141258 -0.176697 -0.429327 -0.206258 -0.314416 0.400809 0.713775 0.204300 0.338317 -0.105597 0.231382 0.890980 1.000000 -0.279768 -0.071145 0.342041 0.396803 -0.251651 -0.124904 0.253064 0.163834 -0.366619 0.067177 0.017542 0.231607 -0.313485 0.215564 0.103678 0.060327 -0.274608 -0.045462 0.221718 0.033039 0.003065 0.020403 -0.147849 -0.124311 -0.285273 0.012929 -0.085383 -0.008460 -0.150430 -0.100603 0.015034 0.113134 -0.169459 -0.158209 0.043771 -0.313990 0.186556 0.172732 0.219005 -0.120134 0.024211 -0.099544 -0.281521 0.165166 -0.269981 0.251227 -0.475046 0.164117 -0.183484 0.002811 -0.314973 0.161716 -0.031930 -0.217487 0.213582 0.525808 0.109895 0.235474 0.107097 0.243886 0.250806 0.299423 -0.245866 -0.239329 -0.033391 0.221428 0.220297 0.152373 0.302109 0.296763 0.077892 -0.201237 -0.026395 -0.091016 0.062295 -0.026750 0.177755 0.013075 0.350850 0.277728 0.130597 0.235711 0.158116 0.004713 0.115715 -0.132701 -0.054403 0.040732
0.136791 -0.329596 -0.221009 -0.412341 -0.111344 -0.244632 -0.134650 -0.509845 -0.075569 0.010334 0.305482 0.172145 0.053935 0.057507 -0.127064 -0.067887 0.460680 0.300941 -0.193700 0.049190 -0.057316 -0.240790 -0.142570 -0.136055 0.154472 -0.037850 -0.266690 -0.279768 1.000000 0.367624 0.121398 0.039005 0.198886 0.168128 -0.025295 -0.169428 0.417133 0.035104 0.046284 -0.241962 0.347413 -0.020735 0.238021 0.275201 0.259997 0.229814 0.166259 0.056434 0.150210 0.151515 0.272824 0.151447 0.117683 0.091000 0.184374 0.328382 0.013824 -0.033813 -0.020482 -0.151275 0.024132 0.033331 0.149251 0.395741 -0.125633 -0.233719 -0.138447 -0.213238 -0.380066 -0.269061 0.026926 0.009266 0.651433 -0.154111 0.498756 0.066330 0.220719 -0.063465 0.491434 0.165806 0.377198 0.391652 0.038390 -0.156595 0.179961 -0.082228 0.142782 0.067297 0.042629 -0.317099 -0.162004 -0.073145 -0.136494 -0.293654 -0.090602 -0.085610 0.058023 -0.202524 0.024656 0.000931 -0.143382 -0.167173 -0.211158 -0.144447 -0.206289 -0.147951 -0.223745 -0.258987 -0.093997 -0.282600 -0.134785 0.142844 -0.199327 -0.043730 -0.104294 0.086241
0.038708 -0.316861 -0.466957 -0.440514 -0.401690 -0.215852 -0.378374 -0.452894 -0.015398 0.042790 0.669691 0.124181 0.464837 0.060270 0.414608 0.355944 0.666302 0.345528 -0.328203 -0.152266 -0.153974 0.158390 -0.516455 -0.431660 0.128952 0.040613 -0.167499 -0.071145 0.367624 1.000000 0.252627 0.221709 0.125842 0.157550 -0.023979 -0.103022 0.273405 0.461013 0.081394 0.036834 0.190307 0.411796 0.332858 0.423767 0.346858 0.243088 0.162679 0.161034 0.360924 0.140763 -0.110683 0.159766 -0.049516 0.231631 0.054376 0.183812 0.276351 -0.022732 -0.032309 -0.144483 0.111405 -0.009455 0.434482 0.080292 0.099385 -0.292645 -0.235808 -0.495207 -0.380540 -0.499430 -0.004432 0.251409 0.556231 0.302595 0.277391 -0.115827 0.178246 0.003376 0.068031 0.322279 0.570068 0.533455 0.277827 0.175938 0.019301 0.181558 0.109531 0.121101 -0.331059 -0.209941 -0.216225 0.180661 -0.308128 -0.120444 0.205539 -0.023162 0.114517 0.105984 0.224392 0.264958 -0.173268 0.017334 0.088206 -0.032317 -0.250946 -0.072324 -0.307930 -0.002341 0.282507 -0.137262 -0.216734 0.430491 0.087844 0.059304 -0.151247 0.076417
-0.256121 -0.448280 -0.233325 -0.197907 -0.028937 0.075345 -0.058492 -0.342480 -0.261658 0.113634 0.062780 -0.038240 0.094781 -0.202632 0.161855 0.309531 -0.100079 -0.178115 -0.369476 -0.270323 0.124942 0.450446 0.111446 0.204758 0.098171 0.376032 0.331823 0.342041 0.121398 0.252627 1.000000 0.802891 -0.039322 0.158441 0.314434 0.181540 -0.304492 0.001351 0.084136 -0.030214 -0.141393 0.176833 0.037597 0.098107 -0.157343 -0.033137 0.039106 0.025191 -0.122959 -0.137245 -0.287764 -0.098281 -0.139244 0.035339 0.035053 -0.000247 -0.069924 -0.228956 0.064340 -0.010885 0.031649 0.185512 0.068725 -0.066979 0.204074 0.026197 0.099496 -0.008732 -0.303563 -0.204263 -0.126453 0.490753 0.112739 0.232003 -0.118624 0.053038 -0.208720 -0.017622 -0.236401 -0.080735 -0.093469 -0.147020 -0.172982 0.192783 0.063925 0.213160 -0.041603 0.055083 0.198469 0.089526 -0.034714 0.006685 0.154538 0.311482 0.121611 0.021721 0.323617 0.051385 0.128933 -0.177602 -0.011183 0.080556 0.020734 0.099610 0.224788 0.043730 0.164365 0.011280 0.157267 0.072042 0.230591 0.069283 0.107314 0.079351 -0.223007 -0.111621
-0.309430 -0.413638 -0.174500 0.035120 -0.015808 0.236207 -0.093077 -0.105237 -0.336300 0.119810 0.011573 -0.007023 -0.077392 -0.104776 0.230756 0.323305 -0.185250 -0.162239 -0.305712 -0.221579 0.180693 0.508169 0.224079 0.326712 -0.051260 0.304797 0.422557 0.396803 0.039005 0.221709 0.802891 1.000000 -0.193581 0.245189 0.408070 0.307714 -0.350259 -0.030252 -0.002327 0.031228 -0.146370 0.186877 -0.000860 0.081569 -0.173143 -0.010544 -0.063758 -0.107229 -0.116362 -0.136167 -0.261896 -0.048084 -0.254183 -0.017413 -0.072142 -0.159913 -0.131433 -0.411087 -0.065025 -0.146004 -0.081922 0.106272 0.148279 -0.189392 0.248737 0.286500 0.126507 0.104637 -0.175259 -0.184848 -0.354315 0.353964 0.013633 0.070959 -0.167753 0.065734 -0.190477 -0.019750 -0.232545 -0.074871 -0.088201 -0.206316 -0.062068 0.422991 0.143826 0.323197 -0.166967 0.147805 0.129568 0.008703 -0.103884 -0.142339 0.210871 0.230570 0.120674 0.065312 0.343214 0.080457 -0.022739 -0.284003 0.073409 -0.001187 0.055306 0.037320 0.265627 -0.026389 0.188698 -0.040494 0.088775 0.076413 0.285539 0.068938 0.090403 0.080552 -0.133371 -0.091740
0.042654 0.035313 -0.145233 -0.421891 -0.061747 -0.313360 -0.210581 -0.314200 -0.025847 -0.121087 0.161989 0.070294 0.210450 -0.009398 -0.362382 -0.287758 0.078257 0.003226 -0.043793 0.017512 -0.185048 -0.282448 -0.269015 -0.357112 0.269977 0.028430 -0.348289 -0.251651 0.198886 0.125842 -0.039322 -0.193581 1.000000 0.466490 -0.329615 -0.291092 0.260058 0.010447 0.122375 -0.137503 0.188876 -0.136194 0.079289 0.054988 0.223898 0.149860 0.035788 0.177276 0.208782 0.141574 0.109147 0.019664 0.253831 0.279171 0.224960 0.222347 0.182802 0.232479 0.180400 0.153382 0.115206 0.193211 0.221975 0.297838 -0.238669 -0.371059 0.019090 -0.012642 -0.169752 -0.140661 0.324608 0.134745 0.300520 0.133318 0.173259 -0.019408 0.045948 0.017595 0.006088 0.219702 0.043031 0.152656 -0.130466 -0.258008 -0.195562 -0.260923 -0.030585 -0.131221 -0.216911 -0.247244 -0.032250 0.154450 0.012541 -0.135254 0.134248 -0.080671 0.027928 0.134209 0.169854 0.267113 -0.035085 0.149055 -0.095170 0.127328 -0.132353 0.120952 -0.306653 -0.194696 0.144153 -0.016434 0.121931 0.195040 0.033255 -0.188587 -0.194891 -0.106050
0.027393 -0.056289 0.036088 -0.309085 -0.046410 -0.342526 -0.027626 -0.148066 -0.120135 -0.208024 0.242759 0.176772 0.095955 0.244345 -0.225259 -0.101236 -0.032685 0.186421 -0.119286 -0.012005 0.119209 -0.043245 -0.184433 -0.258455 -0.142564 -0.141100 -0.085479 -0.124904 0.168128 0.157550 0.158441 0.245189 0.466490 1.000000 0.052561 0.203844 0.078741 -0.112406 -0.042976 -0.265003 0.173578 -0.072956 -0.055453 0.094609 0.171674 0.224482 -0.123571 -0.108117 0.162177 0.092885 -0.329608 -0.090174 -0.251441 -0.091184 -0.297418 -0.120672 -0.005858 -0.045121 0.052598 0.165825 0.278324 0.520961 0.255927 0.431408 0.022892 0.194100 0.272903 0.133704 -0.185865 -0.275045 -0.069787 0.116259 0.303701 0.055728 0.203808 0.100171 0.093751 0.063210 -0.026371 0.005710 0.049839 0.013084 0.005054 -0.111366 -0.051131 -0.220077 -0.252206 -0.115225 -0.228251 -0.568823 -0.065146 -0.114537 0.028436 0.032982 0.024044 0.115266 -0.075516 0.043379 -0.074975 0.046377 0.203500 0.380235 0.101507 0.358930 0.138506 0.097377 -0.081947 -0.218164 0.068858 -0.078016 0.111712 0.075964 -0.200525 0.031888 -0.088417 -0.109786
-0.360130 -0.298410 -0.120777 -0.003669 0.085892 0.198649 -0.121922 -0.007253 0.033534 0.050059 0.071872 0.021202 0.077801 0.099168 0.366170 0.189831 -0.159214 -0.110926 -0.358310 -0.426943 0.227424 0.234524 0.012861 0.053594 -0.009559 0.136508 0.303079 0.253064 -0.025295 -0.023979 0.314434 0.408070 -0.329615 0.052561 1.000000 0.581920 -0.415152 -0.097770 -0.119849 -0.074997 -0.278191 0.043810 0.120319 0.199071 -0.048673 0.109251 0.065261 -0.124117 0.083141 0.053521 0.050754 0.172003 -0.386915 0.076322 -0.245429 -0.146341 -0.095441 -0.543528 0.040938 0.057885 0.159577 0.206879 0.112549 -0.144187 0.557599 0.564649 0.321181 0.319731 -0.206265 -0.107580 -0.235075 0.054348 -0.186261 -0.045171 -0.061371 0.039483 -0.298866 -0.203170 -0.138870 -0.074360 -0.088762 -0.402898 -0.025632 0.197630 0.155330 0.155852 -0.180929 -0.090173 -0.022598 0.034737 -0.055281 -0.228704 0.181003 0.204139 0.035951 0.136480 0.093261 0.113716 -0.246676 -0.308759 0.365942 0.069437 0.314039 0.132392 0.350708 -0.010014 0.395901 0.147638 0.079084 0.125809 0.120782 -0.041842 -0.300669 0.117632 0.106543 0.089165
-0.321295 -0.154976 -0.003072 0.001047 0.122656 0.071412 -0.058729 0.017267 -0.003812 -0.096245 -0.076504 0.027101 0.021581 0.295827 0.242970 0.169789 -0.171209 0.066064 -0.100841 -0.273121 0.444864 0.357725 -0.057482 -0.080612 -0.009123 0.182740 0.238519 0.163834 -0.169428 -0.103022 0.181540 0.307714 -0.291092 0.203844 0.581920 1.000000 -0.323159 -0.032993 -0.169530 -0.010356 -0.267356 0.239761 0.107057 0.257828 0.096157 0.210379 0.004244 -0.018496 0.043935 0.136806 -0.152760 0.089951 -0.249856 -0.023960 -0.542683 -0.221462 -0.179371 -0.298436 0.095843 0.090581 0.125978 0.429163 0.058092 0.017394 0.368612 0.507383 0.317328 0.375216 -0.023057 -0.089700 -0.192719 0.168760 -0.173073 0.216350 -0.219815 0.100901 -0.089329 -0.017437 -0.144305 0.014121 -0.138970 -0.327388 -0.024854 0.063065 -0.166591 -0.126050 -0.349410 -0.265507 -0.124445 -0.116992 0.072665 -0.155740 0.101109 0.232503 -0.077786 0.206459 0.013854 0.041726 -0.142486 -0.181079 0.277400 0.217662 0.243964 0.170892 0.341840 0.066887 0.349663 0.152096 0.085644 0.008239 0.207703 -0.101936 -0.203437 0.082205 0.208206 0.157291
