1.000000 0.484295 0.131945 0.040246 -0.096029 -0.127911 0.427460 0.088462 -0.201274 -0.105803 0.067746 0.074006 -0.186512 -0.191885 -0.002464 -0.172866 -0.149693 -0.094539 0.434268 0.249396 -0.319810 -0.205054 -0.214491 -0.387624 -0.490887 -0.427506 0.090884 -0.167113 -0.306859 -0.228568 -0.348298 -0.216096 -0.044456 -0.261671 -0.231539 -0.264901 0.093016 -0.062455 -0.119329 0.102057 -0.010215 -0.064916 -0.117890 -0.109194 -0.220145 -0.221714 0.304986 0.185394 -0.260142 -0.172744 -0.254548 -0.179048 0.504883 0.141394 0.340063 0.288012 0.559220 0.433863 0.451611 0.221955 0.228525 -0.004487 -0.042804 -0.064576 -0.438033 -0.324185 0.014164 -0.285469 0.405543 -0.049646 0.005961 -0.386603 -0.138661 -0.155937 0.042136 0.211483 -0.139604 0.053907 -0.216783 -0.334356 -0.127058 -0.186126 0.164670 0.045811 -0.354188 -0.352391 0.235780 -0.154143 0.517507 0.432310 0.217936 -0.017623 0.031360 -0.048201 -0.158716 -0.090896 0.209155 -0.086941 0.227454 0.214304 0.060255 -0.068588 -0.082021 -0.217379 -0.180452 -0.133999 -0.098673 0.030427 0.126747 -0.240342 -0.163393 0.295222 0.117860 0.155553 0.048142 0.077343
0.484295 1.000000 -0.301311 -0.071641 -0.027761 -0.113108 -0.011030 -0.074399 -0.152857 0.052399 0.065783 0.181555 -0.115964 0.155144 -0.043127 -0.082697 0.070215 0.079669 0.487882 0.411143 -0.015485 -0.070326 -0.280283 -0.407561 -0.223180 -0.213926 0.047019 0.056834 0.015809 0.096924 -0.154240 -0.142931 0.084200 -0.023797 -0.231230 -0.459578 0.186579 0.001072 0.007918 -0.135776 0.046596 0.116471 -0.116947 -0.043304 -0.201106 -0.188490 0.003568 -0.170790 -0.219549 -0.134859 -0.239781 -0.244499 0.188790 -0.106571 -0.012998 0.200184 0.319555 0.420848 0.384616 0.311430 0.363751 0.218188 0.222054 0.164383 -0.497341 -0.267902 0.020060 -0.305218 0.443679 -0.028770 -0.113861 -0.180244 0.012894 0.202596 0.033690 0.330292 0.081739 0.200557 0.084041 -0.083600 0.183178 0.097627 -0.039370 0.036557 -0.093847 0.064598 0.223033 0.062609 0.033718 0.136308 0.019471 -0.198341 -0.128150 -0.272742 -0.306329 -0.001416 -0.035470 -0.187427 -0.068343 -0.092433 0.114037 -0.004446 0.108718 -0.097231 0.003875 -0.127592 0.155789 -0.031875 0.055795 -0.254790 -0.275417 0.193584 0.060931 0.027093 -0.077466 0.143594
0.131945 -0.301311 1.000000 0.395700 0.075378 0.126490 0.681125 0.467880 -0.063686 -0.363744 0.020555 -0.090696 0.129259 -0.073345 0.037893 0.124029 -0.290503 -0.150107 -0.008878 -0.113028 -0.331196 -0.184498 0.469531 0.315053 -0.109823 -0.072814 0.134766 -0.170993 -0.111332 -0.228724 0.009698 0.055654 -0.178587 -0.033510 0.184159 0.111642 -0.069912 -0.412775 -0.305203 0.009804 -0.172753 -0.199410 -0.141985 -0.162717 -0.070502 -0.064295 -0.045695 0.075601 -0.046689 -0.092244 0.158490 0.001217 -0.037068 0.040905 0.226216 -0.031371 -0.257297 -0.306090 -0.038735 -0.105460 -0.193834 -0.203178 -0.126355 -0.188907 0.316582 -0.042101 0.050872 0.166302 -0.306807 -0.158164 0.248607 -0.161067 0.002453 -0.286598 0.037322 -0.293665 -0.319161 -0.165455 -0.321498 -0.328567 -0.312265 -0.243861 0.082768 0.310721 -0.136403 -0.169726 -0.036135 -0.260123 0.288831 0.126684 -0.047912 0.092145 0.046362 0.155600 -0.008131 -0.291331 0.003494 -0.077285 -0.177824 -0.231566 -0.191389 -0.006063 -0.238530 -0.027198 -0.106200 0.002633 -0.285869 0.187394 0.000958 -0.204706 -0.079714 -0.151408 -0.167712 0.139623 0.026516 -0.275800
0.040246 -0.071641 0.395700 1.000000 0.262835 0.159991 0.165181 0.439299 0.246307 -0.293968 -0.237201 -0.160262 -0.179849 -0.290072 0.549713 0.372247 -0.297052 -0.352037 0.459017 0.206717 -0.307168 -0.024383 0.246432 0.494374 0.102713 0.126295 0.140355 -0.051008 -0.314085 -0.214297 0.038898 0.126376 -0.522483 -0.174170 0.312240 0.125487 0.010043 -0.195642 -0.159393 0.039700 -0.197691 -0.208886 -0.203479 -0.183261 -0.272208 -0.264678 -0.053205 0.012423 -0.298891 -0.245615 0.016272 -0.180043 0.035225 -0.029742 -0.031810 -0.092820 -0.183945 -0.163569 -0.096691 0.044421 -0.355142 -0.177891 -0.324152 -0.334176 0.250265 0.109176 0.023076 0.095258 0.021906 0.043814 0.245186 -0.083268 -0.243159 -0.134983 -0.058380 -0.089521 -0.124516 -0.086420 -0.188694 -0.171865 -0.260693 -0.259162 0.398016 0.354941 0.044464 0.087730 -0.109189 -0.042121 0.286976 0.279911 0.022087 0.031687 0.282421 -0.023728 0.042523 -0.224556 0.056406 -0.017936 -0.054768 -0.221100 0.235365 -0.097752 0.050433 -0.077283 0.004555 0.052417 0.043512 0.022189 0.175973 -0.228827 -0.062956 -0.141794 -0.002237 -0.129098 0.010294 0.007455
-0.096029 -0.027761 0.075378 0.262835 1.000000 0.222832 0.028351 0.179286 0.652492 0.299607 -0.024494 -0.116677 -0.128358 -0.084639 0.419496 0.257660 -0.280901 -0.236972 0.235782 -0.061742 0.104281 -0.104580 -0.073743 -0.005181 0.344449 0.067014 0.262585 0.073009 -0.268135 -0.148209 -0.143101 -0.207084 -0.168049 -0.385315 -0.081784 -0.123541 -0.092136 -0.004042 -0.180931 0.172056 -0.047676 -0.011522 0.006293 -0.073655 0.112930 0.136810 0.020621 0.015771 0.190419 0.139164 0.088140 0.026751 0.078807 -0.098178 -0.031806 0.142019 -0.115822 -0.220078 0.006323 0.045228 0.073052 -0.047379 -0.252806 -0.249824 0.109804 0.005470 -0.003857 0.055213 -0.024087 -0.025664 -0.238191 -0.084648 -0.080009 -0.150295 -0.164006 0.044633 -0.255652 -0.240232 -0.339457 -0.179998 -0.339011 -0.283656 0.396084 0.248498 -0.274547 -0.178736 -0.197783 0.059638 0.034435 -0.018378 0.193251 0.102122 0.131013 -0.089593 -0.033765 0.167338 -0.051120 0.032552 0.085418 -0.031955 0.310817 0.171722 0.409409 0.122762 0.232132 0.029217 0.342175 0.198882 0.212719 -0.068131 -0.081276 -0.065913 -0.142588 0.021251 -0.114159 0.147198
-0.127911 -0.113108 0.126490 0.159991 0.222832 1.000000 0.042191 0.242159 -0.003216 0.308434 -0.091603 0.033599 0.057728 0.145972 -0.043368 0.381335 -0.219838 -0.044426 -0.103999 -0.188176 0.263320 0.184759 0.161900 0.237444 0.193343 0.217153 0.695650 0.587593 -0.141148 -0.059390 0.238183 -0.112933 0.045375 -0.271946 0.199953 0.098695 -0.176517 -0.180664 -0.109939 0.149564 -0.312425 0.098124 -0.079025 -0.028560 -0.021478 0.003741 -0.162725 -0.051312 0.070105 0.088695 0.113103 0.206347 -0.226539 -0.057501 0.106643 0.232812 -0.097584 -0.257483 -0.112284 -0.091523 -0.188530 -0.170818 -0.276228 -0.213938 -0.026861 0.248099 -0.155859 0.054915 -0.171216 -0.063194 0.104863 0.279136 -0.095636 0.029217 0.012975 -0.084240 0.018624 -0.084718 -0.085229 -0.212930 -0.214292 -0.276349 -0.026098 -0.076622 -0.068010 -0.055804 -0.228465 -0.140395 -0.107875 0.130251 -0.084970 -0.103196 0.125955 -0.004267 0.078972 -0.040652 -0.014147 -0.037300 -0.185933 -0.099150 0.299054 0.070891 0.203319 0.153039 0.083247 0.101173 0.111585 0.154649 0.038645 0.040980 -0.071830 -0.203247 -0.237216 -0.113326 0.099252 0.111103
0.427460 -0.011030 0.681125 0.165181 0.028351 0.042191 1.000000 0.282619 -0.169891 -0.222142 0.159141 0.090246 0.309463 0.003620 0.063527 0.136407 -0.260902 -0.023314 0.076488 -0.099901 -0.239892 -0.269191 0.318079 0.103399 -0.219467 -0.457827 0.180274 -0.161367 -0.077752 -0.253379 -0.126388 -0.154833 -0.120607 -0.139098 -0.135074 -0.127170 0.151653 -0.264395 -0.383537 0.025056 -0.092669 -0.181053 -0.297175 -0.258632 -0.205794 -0.236840 -0.072851 -0.109025 -0.104892 -0.170198 -0.092157 -0.128482 0.165460 0.115047 0.281800 0.098986 0.036530 -0.056768 0.088058 -0.079069 0.062704 0.017053 0.049515 0.026230 0.095512 -0.193594 -0.067453 -0.177942 -0.166242 -0.203632 0.181260 -0.246811 0.076031 -0.104343 0.080462 0.025872 -0.197807 -0.061619 -0.221053 -0.275377 -0.196436 -0.092458 0.177438 0.264799 -0.187268 -0.180507 -0.066952 -0.184562 0.373711 0.358423 0.106251 0.099123 0.030005 0.024211 -0.221861 -0.335101 -0.264847 -0.327168 -0.075691 -0.163815 -0.071681 0.041323 -0.095495 -0.052840 -0.173748 -0.082786 -0.073101 0.159133 0.020145 -0.284927 -0.355596 -0.027331 -0.017618 0.150096 0.050792 -0.090956
0.088462 -0.074399 0.467880 0.439299 0.179286 0.242159 0.282619 1.000000 -0.125982 0.053920 0.069624 -0.006557 -0.045558 0.041820 -0.041945 0.098122 -0.143724 0.058885 -0.067125 -0.210779 -0.330430 -0.076227 -0.013260 0.132883 0.002872 -0.020989 -0.018283 -0.268884 -0.007986 0.086359 0.046092 0.124190 -0.040494 -0.101814 0.351007 -0.034628 -0.124051 -0.215112 -0.311867 -0.166075 -0.092608 -0.152476 0.073881 0.084046 -0.021689 0.106888 0.092850 0.058091 -0.099720 0.109776 0.238108 0.205349 0.052584 0.022522 0.018742 0.052784 -0.262552 -0.338080 -0.119490 -0.072954 -0.208722 -0.145378 -0.019823 -0.089697 0.118426 0.270642 0.051871 0.186078 -0.398070 -0.265691 0.224856 0.048095 0.011237 -0.139809 0.057001 -0.211173 -0.124380 0.030989 -0.066707 -0.120537 -0.239342 -0.154673 -0.163792 0.119378 -0.040988 -0.052403 -0.101717 -0.344238 -0.157432 -0.034975 -0.113064 -0.162204 0.038925 -0.184791 -0.162407 -0.315176 -0.010686 -0.147959 -0.231571 -0.182021 -0.046774 -0.127834 -0.171611 -0.182607 -0.203846 -0.040420 -0.167571 -0.190490 -0.053928 -0.342696 -0.262773 -0.292425 -0.012267 -0.117285 0.114085 -0.097918
-0.201274 -0.152857 -0.063686 0.246307 0.652492 -0.003216 -0.169891 -0.125982 1.000000 0.305548 -0.062859 -0.034629 -0.052153 -0.104168 0.509859 0.151897 -0.193774 -0.268929 0.167095 0.007131 0.157778 0.039806 0.132491 0.210071 0.562719 0.361769 -0.033307 0.173135 -0.327554 -0.162940 -0.054685 -0.140327 -0.250339 -0.308055 0.097923 0.130533 -0.121696 0.159247 0.103916 0.023281 0.053408 0.010790 0.006042 -0.101139 0.026807 0.080700 -0.209277 -0.079592 0.172697 0.123961 0.152836 -0.042325 -0.058565 -0.092911 -0.163723 -0.212422 -0.127568 -0.073999 -0.244053 -0.094723 -0.100040 -0.049209 -0.457725 -0.410036 0.323480 0.187001 -0.089136 0.170283 0.036739 0.081333 -0.302475 -0.253019 -0.274459 -0.080412 -0.141624 0.121721 -0.092046 -0.103523 -0.269063 -0.152369 -0.301068 -0.277821 0.434325 0.076389 0.082321 -0.024710 0.004622 0.232518 0.086986 0.007655 0.104516 0.203777 0.275046 0.185905 0.066019 0.114863 -0.096194 -0.010726 -0.006799 -0.154474 0.368982 0.160221 0.194221 0.019481 0.129183 -0.040864 0.249608 0.080945 0.032164 -0.089574 0.163858 -0.055361 -0.211591 -0.069290 -0.129258 0.105396
-0.105803 0.052399 -0.363744 -0.293968 0.299607 0.308434 -0.222142 0.053920 0.305548 1.000000 0.066051 0.128607 0.057784 0.282485 -0.056688 -0.019542 -0.010410 0.025561 -0.192844 -0.095176 0.134027 -0.138089 -0.082376 -0.152925 0.277524 0.027606 0.054683 0.088789 0.001753 0.074478 -0.056327 -0.300239 0.056633 -0.193522 -0.099827 0.182872 0.001591 0.221460 0.141098 0.009942 -0.132588 -0.007124 0.237264 0.236395 0.208745 0.330081 -0.059573 0.002739 0.328338 0.391833 0.200346 0.358845 -0.075208 -0.054697 -0.081868 -0.138308 -0.063021 -0.127995 -0.165457 -0.107307 -0.177701 0.110377 -0.230637 -0.218770 -0.119656 0.272197 -0.149164 0.122011 -0.049626 0.148766 -0.257406 -0.094622 0.031898 -0.092205 -0.049262 0.000815 0.089508 -0.114394 -0.030615 0.070313 0.051652 -0.035933 -0.175014 -0.309900 0.003101 -0.171272 -0.034572 0.068136 -0.311081 -0.304665 0.026518 -0.033042 0.134815 0.040179 0.019996 0.009087 -0.148145 -0.123670 -0.054064 -0.068935 0.190835 0.056678 0.016214 0.082659 -0.135953 -0.032185 0.262449 -0.048883 -0.142395 0.025459 0.111668 -0.197787 -0.087894 -0.212092 0.168867 0.121272
0.067746 0.065783 0.020555 -0.237201 -0.024494 -0.091603 0.159141 0.069624 -0.062859 0.066051 1.000000 0.540569 0.657358 0.597767 -0.051966 0.069656 0.451834 0.399503 -0.158874 -0.234932 0.039205 0.031643 0.145178 -0.012013 0.191035 0.134108 -0.028468 0.123987 0.390155 0.425666 0.274309 0.272451 0.291114 0.025488 0.049605 -0.411682 0.040980 0.125007 -0.256457 -0.248180 0.380843 0.128529 -0.014362 -0.140909 -0.181612 -0.128243 -0.122834 -0.174697 -0.027273 -0.105504 -0.048947 -0.137560 -0.165935 -0.092550 0.001968 0.200116 0.015447 0.140764 -0.249236 -0.568934 0.183810 -0.134746 0.239276 0.144204 0.232050 0.134020 -0.486432 -0.442724 -0.174350 -0.522483 -0.002891 0.009111 0.334466 0.407757 0.409286 0.323888 0.290693 0.477306 0.157515 0.161105 0.054319 0.170210 -0.187032 0.122821 0.331773 0.161688 -0.141249 0.090523 -0.177180 0.045275 -0.270049 -0.303770 -0.382860 -0.434067 -0.352526 0.011795 -0.074311 -0.214117 -0.042930 0.084210 -0.232961 -0.318763 -0.213402 -0.511946 -0.343906 -0.377261 -0.277010 -0.368703 -0.082549 -0.299395 -0.455605 0.034659 -0.134551 0.022542 -0.083996 0.019963
0.074006 0.181555 -0.090696 -0.160262 -0.116677 0.033599 0.090246 -0.006557 -0.034629 0.128607 0.540569 1.000000 0.523926 0.584028 -0.125556 0.089780 0.232501 0.331392 -0.045069 -0.092204 0.027500 -0.165261 0.185927 0.182604 0.080287 0.051765 -0.040775 0.160747 0.177089 0.294839 0.278327 0.151623 0.059059 -0.034022 0.147535 -0.179419 -0.206617 0.062842 -0.220312 -0.335885 0.033889 0.127407 -0.123999 0.087630 -0.098255 -0.034420 -0.126558 -0.090685 -0.031497 -0.005994 0.067277 -0.043172 -0.140099 -0.056471 -0.020317 0.061940 -0.044514 0.129497 -0.228559 -0.465844 -0.056138 -0.223045 0.010081 -0.173876 0.151624 0.141244 -0.345216 -0.241109 -0.095339 -0.388894 -0.032657 0.118426 0.084661 0.353641 0.294408 0.367184 0.216691 0.470232 0.038452 -0.029942 -0.105560 -0.085684 -0.230748 0.138438 0.302138 0.238831 -0.098101 0.094045 -0.055004 0.093557 -0.214225 -0.191923 -0.038388 -0.117168 -0.336069 -0.067521 -0.220267 -0.225643 -0.148518 -0.060014 -0.098939 -0.096755 -0.210623 -0.276923 -0.257609 -0.268146 -0.141487 -0.236310 -0.166213 -0.322852 -0.161927 0.109797 -0.122496 0.051562 -0.207003 -0.122337
-0.186512 -0.115964 0.129259 -0.179849 -0.128358 0.057728 0.309463 -0.045558 -0.052153 0.057784 0.657358 0.523926 1.000000 0.677285 0.052638 0.274001 0.258005 0.359122 -0.350256 -0.400795 0.050317 -0.105346 0.412958 0.308643 0.131313 -0.000936 0.020092 0.127249 0.363585 0.230434 0.324885 0.115043 0.180327 0.042019 0.086634 -0.151912 0.069989 -0.008945 -0.172437 -0.254808 0.062252 0.003312 -0.166021 -0.173537 -0.117674 -0.128622 -0.382416 -0.383713 0.203358 -0.052978 0.116446 -0.009047 -0.280824 -0.141834 -0.013793 0.017333 -0.182221 -0.128981 -0.431656 -0.633407 0.075580 0.000017 0.123998 0.133535 0.502549 0.254056 -0.562411 -0.301645 -0.424988 -0.503911 0.129727 0.109903 0.386129 0.279633 0.263380 0.119308 0.158053 0.265891 0.062206 0.112724 0.008275 0.117684 -0.141453 0.122303 0.356910 0.319874 -0.239866 0.174967 -0.193585 0.077408 -0.271375 -0.195574 -0.108785 -0.092722 -0.222449 -0.224876 -0.381397 -0.317147 -0.235023 -0.161238 -0.135289 -0.077067 -0.191840 -0.232682 -0.249269 -0.262738 -0.132018 -0.191801 -0.216477 -0.179339 -0.381318 -0.166115 -0.233971 -0.139433 -0.071649 0.031470
-0.191885 0.155144 -0.073345 -0.290072 -0.084639 0.145972 0.003620 0.041820 -0.104168 0.282485 0.597767 0.584028 0.677285 1.000000 -0.180372 0.231020 0.366674 0.446185 -0.242359 -0.228713 0.214497 -0.108198 0.164677 0.165967 0.183517 0.166026 0.039073 0.230094 0.439840 0.475542 0.427701 0.218797 0.412415 0.144972 0.032163 -0.229223 -0.051775 0.056839 -0.173511 -0.395775 0.065324 0.138919 -0.030861 -0.016585 -0.126415 -0.052982 -0.334199 -0.333059 0.115746 -0.059892 0.053696 -0.055919 -0.350438 -0.319276 -0.021182 0.124373 -0.078733 -0.023631 -0.339075 -0.587233 0.081662 -0.057355 0.178022 0.112424 0.233957 0.231889 -0.515311 -0.308397 -0.191128 -0.435611 -0.027584 0.190787 0.449303 0.378152 0.284684 0.222238 0.290360 0.403686 0.193661 0.159879 0.008435 0.092593 -0.382398 0.039841 0.292035 0.266026 -0.326748 0.174999 -0.360863 -0.132495 -0.287868 -0.307994 -0.137720 -0.194024 -0.303403 -0.081462 -0.209194 -0.248198 -0.283705 -0.128257 -0.109603 -0.139821 -0.128562 -0.246857 -0.200516 -0.208067 -0.027878 -0.226109 -0.205802 -0.190682 -0.264281 -0.059976 -0.150665 -0.136562 -0.021608 0.108773
-0.002464 -0.043127 0.037893 0.549713 0.419496 -0.043368 0.063527 -0.041945 0.509859 -0.056688 -0.051966 -0.125556 0.052638 -0.180372 1.000000 0.572457 -0.314646 -0.214027 0.316543 0.054488 0.009349 -0.068687 0.199190 0.366902 0.180697 0.016601 0.136030 0.018041 -0.199004 -0.149768 -0.073724 0.000416 -0.351172 -0.236818 0.036985 0.075779 0.274151 0.044161 -0.145424 0.013207 -0.166666 -0.276132 -0.169361 -0.289497 -0.309776 -0.361003 0.019433 -0.043978 -0.193646 -0.373731 -0.102503 -0.197883 0.187668 0.101712 -0.040858 -0.103944 -0.056799 0.046664 -0.210690 -0.156191 -0.096481 -0.041081 -0.356014 -0.249331 0.241062 -0.082874 -0.322615 -0.168214 0.153296 0.025217 0.061734 -0.138933 -0.151885 -0.131655 -0.062674 0.107736 -0.060198 -0.179573 -0.245618 -0.167727 -0.175113 -0.091401 0.586007 0.488013 0.098032 0.092177 -0.307109 0.174210 0.336776 0.231164 0.165462 0.083147 0.277947 0.046240 -0.046418 -0.015118 -0.153881 -0.061922 0.056430 -0.100406 0.169606 0.012209 0.064579 -0.198391 -0.005503 0.134173 0.278832 0.174126 0.190933 -0.120133 -0.130706 -0.113808 -0.023947 -0.122061 0.208204 0.256366
-0.172866 -0.082697 0.124029 0.372247 0.257660 0.381335 0.136407 0.098122 0.151897 -0.019542 0.069656 0.089780 0.274001 0.231020 0.572457 1.000000 -0.277934 -0.027718 0.221124 -0.100912 0.248363 0.127800 0.235189 0.488370 0.241050 0.080995 0.368401 0.288364 0.025251 0.095597 0.226472 0.161457 -0.049727 -0.139905 0.221402 0.052909 0.125261 -0.070152 -0.177648 0.015807 -0.278348 -0.089413 -0.327853 -0.392012 -0.416593 -0.450875 -0.210058 -0.262313 -0.279794 -0.427007 -0.210337 -0.187498 -0.155628 -0.079945 0.011867 0.022312 -0.088797 -0.109713 -0.293500 -0.324369 -0.196842 -0.144691 -0.227299 -0.193755 0.281296 0.103234 -0.401389 -0.243438 0.066415 -0.141969 0.244502 0.191202 -0.001463 0.020637 0.023228 0.127060 0.036715 -0.059399 -0.089335 -0.287372 -0.265196 -0.164173 0.245350 0.565874 0.054173 0.270769 -0.510272 0.306317 0.112104 0.294932 -0.014768 -0.123920 0.314816 0.026680 0.043612 -0.019160 -0.174844 0.013828 -0.189885 -0.159158 0.363359 0.135929 0.294572 -0.097796 0.097671 0.202501 0.251083 0.167383 0.227002 0.034192 -0.243957 -0.197725 -0.032640 -0.217693 0.162587 0.337088
-0.149693 0.070215 -0.290503 -0.297052 -0.280901 -0.219838 -0.260902 -0.143724 -0.193774 -0.010410 0.451834 0.232501 0.258005 0.366674 -0.314646 -0.277934 1.000000 0.517751 -0.210707 0.119979 0.098182 0.203918 0.042260 -0.158957 0.159944 0.288463 -0.223980 0.009743 0.578422 0.565206 0.434487 0.444893 0.366582 0.543070 -0.014277 -0.234087 0.119516 0.320143 0.149663 -0.204157 0.573519 0.446666 0.051703 -0.001248 -0.168842 -0.106288 -0.158757 -0.087092 -0.240467 -0.219364 -0.176476 -0.300299 -0.371678 -0.293489 -0.080631 0.194126 0.134310 0.286554 -0.252584 -0.353941 0.147581 0.016179 0.496710 0.395481 0.043655 -0.028560 -0.230446 -0.273280 -0.024244 -0.160316 -0.064720 0.176399 0.519747 0.560721 0.486782 0.264738 0.525011 0.597868 0.612112 0.572688 0.560484 0.586494 -0.143779 -0.173088 0.424837 0.233902 -0.122225 -0.080814 -0.339463 -0.133082 -0.475456 -0.391060 -0.586669 -0.389862 0.075779 0.046155 0.019585 0.120774 -0.075710 0.188001 -0.444412 -0.337593 -0.221099 -0.295547 -0.281335 -0.358846 -0.334220 -0.409285 -0.077495 0.015475 -0.150083 0.140831 0.143657 0.004044 -0.141162 -0.057666
-0.094539 0.079669 -0.150107 -0.352037 -0.236972 -0.044426 -0.023314 0.058885 -0.268929 0.025561 0.399503 0.331392 0.359122 0.446185 -0.214027 -0.027718 0.517751 1.000000 -0.394077 -0.230092 0.130583 0.146776 -0.042779 0.022046 0.025438 0.011281 -0.048413 0.060646 0.559756 0.501056 0.336149 0.320632 0.400544 0.233875 -0.038935 -0.232648 0.143399 0.208989 -0.071987 -0.114082 0.172776 0.205904 0.007913 0.013914 -0.147567 -0.117517 -0.114225 -0.136620 -0.132908 -0.196735 -0.100634 -0.028952 -0.183913 -0.198497 -0.015086 0.273801 0.105740 0.247278 -0.304866 -0.454835 0.124051 -0.028457 0.362386 0.433424 -0.054922 -0.021232 -0.426499 -0.380458 -0.263128 -0.306807 0.166889 0.389710 0.448460 0.353398 0.229425 0.120944 0.216159 0.190874 0.411587 0.421035 0.287870 0.466372 -0.241096 0.070598 0.227401 0.212298 -0.165895 0.003841 -0.225364 -0.065713 -0.245631 -0.415452 -0.389928 -0.348865 -0.191445 -0.020146 -0.022010 -0.004203 -0.056257 0.144602 -0.391527 -0.376572 -0.303196 -0.458282 -0.432139 -0.242022 -0.283335 -0.206652 0.012462 -0.093992 -0.369392 -0.096779 0.158263 -0.057326 0.046160 0.033620
0.434268 0.487882 -0.008878 0.459017 0.235782 -0.103999 0.076488 -0.067125 0.167095 -0.192844 -0.158874 -0.045069 -0.350256 -0.242359 0.316543 0.221124 -0.210707 -0.394077 1.000000 0.620649 -0.082187 0.003621 -0.124864 -0.023134 -0.042752 -0.111377 0.147703 0.052255 -0.223639 -0.151000 -0.112485 0.020738 -0.256239 -0.116974 -0.062362 -0.151340 0.045027 -0.128034 0.005682 0.084564 -0.003795 0.005631 -0.259819 -0.229681 -0.239444 -0.269974 -0.042919 -0.107950 -0.376413 -0.272666 -0.352550 -0.470168 0.179648 -0.234623 -0.109954 0.011302 0.245754 0.230777 0.395089 0.356843 0.061450 -0.182157 -0.092172 -0.288293 -0.200509 -0.327498 0.243535 -0.175053 0.669520 0.212169 -0.148052 -0.341766 -0.204348 0.035420 0.002008 0.292894 -0.109450 0.014970 -0.073883 -0.297803 -0.070098 -0.158262 0.403677 0.299000 -0.200073 0.007924 0.130711 0.178112 0.347805 0.241448 0.119873 -0.062820 0.107161 -0.103143 -0.068732 0.063336 0.082964 0.064348 0.147381 -0.117785 0.356195 0.004325 0.363310 -0.012559 0.101202 -0.011858 0.239510 0.121319 0.362586 -0.092025 -0.102406 0.144730 0.060519 -0.021151 -0.180218 0.180379
0.249396 0.411143 -0.113028 0.206717 -0.061742 -0.188176 -0.099901 -0.210779 0.007131 -0.095176 -0.234932 -0.092204 -0.400795 -0.228713 0.054488 -0.100912 0.119979 -0.230092 0.620649 1.000000 -0.002523 0.112626 -0.017560 -0.138921 -0.043644 0.014951 0.022867 0.027064 0.117489 0.049531 -0.000370 0.203390 -0.243295 0.405695 -0.047234 0.068512 0.261985 0.103129 0.159037 0.108996 0.148282 0.254026 -0.175651 -0.138008 -0.267986 -0.253901 -0.095394 -0.032073 -0.477239 -0.339180 -0.335666 -0.522548 -0.070720 -0.232529 -0.149396 -0.150254 0.071344 0.291189 0.114440 0.256182 -0.123291 -0.147478 0.218540 -0.114594 -0.334019 -0.614651 0.270466 -0.059411 0.662481 0.645815 -0.102634 -0.208332 -0.033629 0.107297 0.090646 0.279413 0.110914 0.126680 0.271030 0.011080 0.466021 0.314895 0.308881 0.171494 0.046379 -0.085616 0.200667 0.013186 0.126504 -0.116833 -0.078208 0.084460 -0.105808 0.042139 0.140246 0.121097 0.028125 0.158332 -0.080422 -0.175244 -0.086291 -0.095171 0.040889 0.087533 -0.041554 0.020449 0.011556 0.080692 0.216556 0.121867 0.197281 0.241347 0.226349 0.129543 -0.141038 -0.114160
-0.319810 -0.015485 -0.331196 -0.307168 0.104281 0.263320 -0.239892 -0.330430 0.157778 0.134027 0.039205 0.027500 0.050317 0.214497 0.009349 0.248363 0.098182 0.130583 -0.082187 -0.002523 1.000000 0.412956 -0.055517 0.013363 0.376451 0.233109 0.400488 0.645113 0.170100 0.263895 0.305341 0.101623 0.357856 0.118476 -0.114693 -0.118269 0.007805 0.202506 0.224468 0.013739 0.219477 0.426625 -0.196160 -0.265456 -0.063436 -0.112030 -0.268404 -0.350850 -0.073249 -0.140053 -0.253165 -0.192238 -0.300699 -0.087122 -0.099683 0.030943 0.085401 0.050180 -0.076076 -0.079551 0.177906 -0.023759 0.113031 0.062507 -0.142566 -0.133790 -0.096033 -0.197443 0.161646 0.012299 -0.116085 0.351574 0.155114 0.371957 0.329253 0.371825 0.258668 0.140835 0.189690 -0.036789 0.037780 0.041843 0.019377 -0.079180 0.010459 0.094376 -0.135784 0.076245 -0.136336 -0.084468 -0.055981 -0.004373 -0.092443 -0.053602 0.017379 0.378890 -0.086769 0.057382 -0.171278 -0.064429 0.223125 0.159261 0.419733 0.097403 0.212002 -0.114036 0.215122 0.014183 0.077853 0.145902 -0.110579 -0.010804 -0.027309 0.123611 -0.047728 0.223037
-0.205054 -0.070326 -0.184498 -0.024383 -0.104580 0.184759 -0.269191 -0.076227 0.039806 -0.138089 0.031643 -0.165261 -0.105346 -0.108198 -0.068687 0.127800 0.203918 0.146776 0.003621 0.112626 0.412956 1.000000 0.077734 0.099846 0.396915 0.581858 0.208394 0.477903 0.245989 0.243447 0.313124 0.489281 0.211753 0.281791 0.198047 -0.116222 -0.081025 0.159135 0.271082 0.208301 0.481511 0.635583 -0.093242 -0.289659 -0.255087 -0.254629 -0.267764 -0.258772 -0.392941 -0.261756 -0.325765 -0.340273 -0.453341 -0.178422 -0.212654 -0.004221 -0.006765 0.113614 -0.232001 -0.105333 0.037203 -0.154823 0.076269 0.065952 0.060895 0.047617 0.019180 -0.152129 0.085483 0.011413 -0.062124 0.267984 0.031219 0.322066 0.231879 0.132244 0.051559 0.148030 0.388484 0.056380 0.219958 0.297736 0.057549 0.056277 0.192067 0.092649 0.035210 -0.023999 -0.125109 -0.029973 -0.206181 -0.223601 -0.243206 -0.233377 0.285320 0.481030 0.060371 0.291690 -0.176908 -0.089761 0.120495 -0.077343 0.148579 -0.152976 0.092243 0.077142 -0.062511 -0.159700 0.235731 0.339306 -0.176500 -0.096261 -0.130989 0.054531 -0.037672 0.032273
-0.214491 -0.280283 0.469531 0.246432 -0.073743 0.161900 0.318079 -0.013260 0.132491 -0.082376 0.145178 0.185927 0.412958 0.164677 0.199190 0.235189 0.042260 -0.042779 -0.124864 -0.017560 -0.055517 0.077734 1.000000 0.564295 0.323821 0.321887 0.129294 0.132755 0.071912 -0.065408 0.300063 0.208472 -0.131442 0.171212 0.248370 0.192791 0.020236 -0.088221 -0.051839 0.004506 -0.013033 -0.037875 -0.240987 -0.290271 -0.335383 -0.328139 -0.421064 -0.146561 -0.129740 -0.261430 0.073194 -0.217932 -0.451412 -0.061101 0.190470 -0.092367 -0.292464 -0.184986 -0.382582 -0.391179 -0.187793 0.011879 -0.215434 -0.177390 0.561813 0.169877 -0.302229 0.044450 -0.286091 -0.067055 0.133238 0.041389 -0.005714 0.087996 0.237162 -0.112569 0.078329 0.124701 -0.049607 -0.082066 -0.017688 0.024841 0.112897 0.237016 0.301888 0.004166 -0.229568 -0.113454 0.170362 0.178403 -0.350685 -0.036886 -0.109743 0.111479 0.207561 -0.124356 -0.155757 -0.026025 -0.250921 -0.280025 -0.166317 0.025218 -0.243025 0.018312 -0.061046 0.008110 -0.089164 -0.070035 -0.171805 -0.050940 -0.000912 -0.027363 -0.244212 0.124071 0.080890 -0.208429
-0.387624 -0.407561 0.315053 0.494374 -0.005181 0.237444 0.103399 0.132883 0.210071 -0.152925 -0.012013 0.182604 0.308643 0.165967 0.366902 0.488370 -0.158957 0.022046 -0.023134 -0.138921 0.013363 0.099846 0.564295 1.000000 0.413529 0.383614 0.051545 0.119095 0.112758 0.071575 0.504503 0.395319 -0.205709 0.014349 0.417289 0.228954 0.019202 -0.239027 -0.252738 -0.216089 -0.201792 -0.172225 -0.111794 -0.093500 -0.247473 -0.299475 -0.302529 -0.236335 -0.139018 -0.236724 0.222305 -0.102892 -0.284379 -0.131546 -0.200934 -0.222008 -0.330322 -0.229112 -0.522473 -0.437962 -0.432714 -0.186179 -0.294831 -0.193080 0.567456 0.354431 -0.327257 -0.057429 -0.287491 -0.185133 0.375322 0.173114 -0.020829 0.032752 0.109670 -0.087109 0.083246 0.006673 -0.008315 -0.009175 -0.141399 -0.080752 0.150885 0.435427 0.485868 0.416200 -0.308575 0.182275 -0.012810 0.074153 -0.255021 -0.178778 0.207682 0.067639 -0.001042 -0.241278 -0.167097 -0.164921 -0.175258 -0.305048 0.078121 -0.225608 -0.147500 -0.208605 -0.185417 0.007995 -0.044317 -0.172344 -0.060809 -0.147742 -0.112541 -0.214445 -0.218331 -0.293242 0.039709 -0.054124
-0.490887 -0.223180 -0.109823 0.102713 0.344449 0.193343 -0.219467 0.002872 0.562719 0.277524 0.191035 0.080287 0.131313 0.183517 0.180697 0.241050 0.159944 0.025438 -0.042752 -0.043644 0.376451 0.396915 0.323821 0.413529 1.000000 0.731266 0.020320 0.348814 0.201830 0.240496 0.455998 0.359685 0.025342 0.051132 0.270915 -0.045956 -0.053441 0.198334 -0.056897 -0.146970 0.288563 0.205050 0.137488 -0.085789 -0.099019 -0.057427 -0.280528 -0.219426 -0.121891 -0.025315 0.083184 -0.133768 -0.488474 -0.154709 -0.310245 -0.120467 -0.221747 -0.155180 -0.501772 -0.331491 -0.181441 -0.149814 -0.118422 -0.183091 0.337956 0.273793 -0.199624 -0.017194 -0.148218 -0.104534 -0.127147 0.207903 0.114204 0.358996 0.254921 0.181524 0.257929 0.265924 0.226432 0.063338 -0.030060 0.049364 0.083716 0.177338 0.400064 0.198066 -0.231141 0.048747 -0.350443 -0.140075 -0.312437 -0.207692 -0.180793 -0.252284 0.011729 0.087816 -0.141771 -0.085707 -0.152949 -0.169957 0.141300 -0.097793 0.188152 -0.103411 -0.007638 -0.046270 0.094071 -0.301545 -0.079102 -0.114605 -0.134492 -0.059878 -0.195965 -0.182828 -0.086320 0.103629
-0.427506 -0.213926 -0.072814 0.126295 0.067014 0.217153 -0.457827 -0.020989 0.361769 0.027606 0.134108 0.051765 -0.000936 0.166026 0.016601 0.080995 0.288463 0.011281 -0.111377 0.014951 0.233109 0.581858 0.321887 0.383614 0.731266 1.000000 -0.003218 0.361550 0.161653 0.308245 0.526587 0.521321 0.112841 0.240478 0.345243 0.041875 -0.141863 0.195440 0.118051 -0.070251 0.348150 0.383750 0.121719 -0.107212 -0.179130 -0.121059 -0.232599 -0.073025 -0.195678 -0.133605 0.057846 -0.202620 -0.490774 -0.177840 -0.162086 -0.061343 -0.161579 -0.032223 -0.492095 -0.349552 -0.185371 -0.273926 -0.128980 -0.139792 0.326570 0.322805 -0.182375 0.028031 -0.099005 -0.118278 -0.051365 0.274580 0.037954 0.336955 0.290822 0.063814 0.239733 0.362872 0.270171 0.134134 0.025905 0.067735 0.007916 0.034541 0.486782 0.212922 -0.124865 0.012672 -0.270881 -0.120588 -0.383235 -0.228835 -0.224264 -0.176899 0.209915 0.172683 0.122712 0.117276 -0.176591 -0.094006 -0.046073 -0.219549 -0.072856 -0.193223 -0.003684 -0.014494 -0.136258 -0.283459 -0.037361 0.029511 0.052317 0.011805 -0.249014 -0.091892 -0.101730 -0.049595
0.090884 0.047019 0.134766 0.140355 0.262585 0.695650 0.180274 -0.018283 -0.033307 0.054683 -0.028468 -0.040775 0.020092 0.039073 0.136030 0.368401 -0.223980 -0.048413 0.147703 0.022867 0.400488 0.208394 0.129294 0.051545 0.020320 -0.003218 1.000000 0.715161 -0.240935 -0.152484 0.139703 -0.148749 0.043334 -0.212174 -0.100543 -0.047519 -0.106638 -0.194361 0.014570 0.328893 -0.161713 0.205514 -0.305664 -0.341189 -0.184225 -0.240204 -0.135172 -0.056217 -0.062033 -0.201585 -0.216253 -0.068932 -0.027241 0.050074 0.146296 0.283507 0.107932 -0.020168 0.138959 0.025168 0.062913 -0.096920 -0.141690 -0.125432 -0.118600 -0.098121 -0.112954 -0.211280 0.130963 0.031350 0.002854 0.171118 -0.007566 -0.003958 0.096832 0.032859 -0.172710 -0.225943 -0.227642 -0.290258 -0.247111 -0.243309 0.146448 0.062113 -0.385906 -0.238041 -0.104528 -0.112725 0.295030 0.252126 0.124853 -0.002586 -0.000383 -0.089104 0.127834 0.214789 0.082599 0.118690 -0.028206 -0.044844 0.265221 0.083085 0.344646 0.126262 0.158105 0.022034 0.101656 0.331064 0.263644 0.109641 -0.202833 -0.102163 -0.164763 0.146418 -0.010257 0.147170
-0.167113 0.056834 -0.170993 -0.051008 0.073009 0.587593 -0.161367 -0.268884 0.173135 0.088789 0.123987 0.160747 0.127249 0.230094 0.018041 0.288364 0.009743 0.060646 0.052255 0.027064 0.645113 0.477903 0.132755 0.119095 0.348814 0.361550 0.715161 1.000000 -0.091164 0.043990 0.313284 0.065909 0.144121 -0.081530 0.028042 -0.141840 -0.252703 0.008687 0.132747 0.129919 0.079737 0.370540 -0.247398 -0.288692 -0.154437 -0.191216 -0.353488 -0.262110 -0.069624 -0.133582 -0.168742 -0.133680 -0.335735 -0.073086 -0.062506 0.114183 0.056020 0.084460 -0.095311 -0.126863 0.060898 -0.149903 -0.166328 -0.157741 -0.035155 0.050590 -0.192071 -0.176571 0.185384 -0.010478 -0.168268 0.214570 -0.098257 0.300397 0.147649 0.236194 0.068914 0.075317 0.010659 -0.220264 -0.133184 -0.155473 -0.009713 -0.068759 -0.032662 -0.021542 -0.051072 0.071230 -0.004344 0.122701 -0.020996 -0.016227 -0.018157 -0.049047 0.069346 0.355431 0.039597 0.095813 -0.153809 -0.092565 0.325088 0.042187 0.354139 0.095327 0.188388 0.025375 0.186559 0.129838 0.088541 0.094618 -0.092742 -0.022129 -0.283304 0.082032 -0.054046 0.223666
-0.306859 0.015809 -0.111332 -0.314085 -0.268135 -0.141148 -0.077752 -0.007986 -0.327554 0.001753 0.390155 0.177089 0.363585 0.439840 -0.199004 0.025251 0.578422 0.559756 -0.223639 0.117489 0.170100 0.245989 0.071912 0.112758 0.201830 0.161653 -0.240935 -0.091164 1.000000 0.701433 0.491148 0.589046 0.413732 0.605021 0.163675 -0.131952 0.348722 0.167129 -0.185079 -0.327407 0.349325 0.249148 0.072023 0.031278 -0.093479 -0.087355 -0.259356 -0.391284 -0.203918 -0.223153 -0.067132 -0.225755 -0.514118 -0.452620 -0.326089 -0.055308 -0.255522 -0.071542 -0.334248 -0.399530 0.078684 -0.115160 0.662048 0.418311 0.060970 -0.171621 -0.192385 -0.336647 -0.155548 -0.108501 0.162882 0.288986 0.691138 0.474647 0.434115 0.225335 0.425868 0.338759 0.712384 0.543136 0.689676 0.774885 -0.163653 0.234378 0.558591 0.429953 -0.208462 0.000362 -0.574468 -0.471017 -0.512859 -0.470987 -0.523631 -0.387808 -0.227838 -0.034460 -0.267977 -0.113071 -0.285917 -0.157643 -0.468548 -0.332426 -0.229922 -0.342259 -0.380292 -0.099175 -0.235663 -0.387994 -0.042942 0.019612 -0.347168 -0.156586 0.010044 -0.114235 0.019406 -0.059276
-0.228568 0.096924 -0.228724 -0.214297 -0.148209 -0.059390 -0.253379 0.086359 -0.162940 0.074478 0.425666 0.294839 0.230434 0.475542 -0.149768 0.095597 0.565206 0.501056 -0.151000 0.049531 0.263895 0.243447 -0.065408 0.071575 0.240496 0.308245 -0.152484 0.043990 0.701433 1.000000 0.548522 0.564051 0.419863 0.480524 0.135740 -0.248129 0.241341 0.185800 -0.129345 -0.358642 0.393643 0.380595 0.083661 0.015803 -0.144403 -0.119746 -0.112835 -0.165573 -0.206576 -0.189853 -0.001005 -0.149113 -0.404973 -0.331236 -0.327931 0.092439 -0.196771 0.036631 -0.350494 -0.481264 0.001304 -0.175001 0.431870 0.310945 0.063429 0.000733 -0.315093 -0.420703 -0.090196 -0.227487 0.116532 0.299600 0.572395 0.598352 0.537663 0.320893 0.460461 0.411406 0.621182 0.462124 0.386242 0.556282 -0.202881 0.124231 0.498705 0.359358 -0.162185 0.045273 -0.493080 -0.330584 -0.454126 -0.404708 -0.411413 -0.384459 -0.201219 0.091384 -0.004358 0.032671 -0.156361 0.026328 -0.303519 -0.375393 -0.175004 -0.463230 -0.395783 -0.243294 -0.351506 -0.417681 0.044680 -0.137687 -0.300440 -0.000164 -0.043762 -0.008617 -0.099684 0.011637
-0.348298 -0.154240 0.009698 0.038898 -0.143101 0.238183 -0.126388 0.046092 -0.054685 -0.056327 0.274309 0.278327 0.324885 0.427701 -0.073724 0.226472 0.434487 0.336149 -0.112485 -0.000370 0.305341 0.313124 0.300063 0.504503 0.455998 0.526587 0.139703 0.313284 0.491148 0.548522 1.000000 0.709723 0.319200 0.443722 0.210713 -0.075934 0.057230 0.081737 -0.039659 -0.294006 0.210737 0.301786 -0.074946 -0.179220 -0.295198 -0.306683 -0.364068 -0.364432 -0.245538 -0.317875 0.054564 -0.270973 -0.427487 -0.249986 -0.205228 0.031393 -0.114299 -0.034260 -0.369038 -0.533368 -0.068025 -0.277058 0.229086 0.158353 0.254416 0.172709 -0.318695 -0.410780 -0.184558 -0.301105 0.216501 0.510892 0.444461 0.619317 0.603145 0.214681 0.450559 0.453415 0.513838 0.328119 0.198186 0.293919 -0.116026 0.147934 0.544985 0.459352 -0.176610 0.076861 -0.298119 -0.100312 -0.626097 -0.580707 -0.413538 -0.348685 0.062466 -0.066822 -0.116042 0.035500 -0.312029 -0.217672 -0.178209 -0.338339 -0.104945 -0.355666 -0.247577 -0.287788 -0.303775 -0.363143 0.003869 -0.130051 -0.336543 -0.184489 -0.184273 -0.130995 -0.200119 -0.082662
-0.216096 -0.142931 0.055654 0.126376 -0.207084 -0.112933 -0.154833 0.124190 -0.140327 -0.300239 0.272451 0.151623 0.115043 0.218797 0.000416 0.161457 0.444893 0.320632 0.020738 0.203390 0.101623 0.489281 0.208472 0.395319 0.359685 0.521321 -0.148749 0.065909 0.589046 0.564051 0.709723 1.000000 0.200426 0.637705 0.294170 -0.210882 0.088953 0.141302 -0.154110 -0.173115 0.396678 0.344214 0.012857 -0.151507 -0.343214 -0.363286 -0.135722 -0.189179 -0.553025 -0.495275 -0.180535 -0.451953 -0.461209 -0.259130 -0.238163 0.006745 -0.145417 0.063839 -0.371134 -0.468238 -0.050668 -0.374398 0.291555 0.138164 0.279745 -0.072735 -0.172874 -0.364322 -0.046969 -0.177255 0.145867 0.402095 0.353970 0.478916 0.496408 0.217292 0.310861 0.455994 0.629614 0.273559 0.352499 0.482709 -0.047773 0.376182 0.528176 0.327182 -0.270055 -0.013852 -0.236130 -0.190874 -0.546697 -0.477670 -0.452991 -0.407144 0.036262 0.218701 0.063059 0.204746 -0.208621 -0.082328 -0.348416 -0.511597 -0.218732 -0.483077 -0.303054 -0.098619 -0.321475 -0.362824 0.248534 -0.016979 -0.308395 -0.058489 -0.035421 0.023091 -0.034055 -0.107596
-0.044456 0.084200 -0.178587 -0.522483 -0.168049 0.045375 -0.120607 -0.040494 -0.250339 0.056633 0.291114 0.059059 0.180327 0.412415 -0.351172 -0.049727 0.366582 0.400544 -0.256239 -0.243295 0.357856 0.211753 -0.131442 -0.205709 0.025342 0.112841 0.043334 0.144121 0.413732 0.419863 0.319200 0.200426 1.000000 0.294584 0.033309 -0.308326 -0.055015 0.119748 0.060129 -0.217264 0.324690 0.222185 0.030812 -0.069179 -0.013720 -0.047358 -0.182961 -0.318642 0.102393 -0.021460 -0.006002 -0.059955 -0.192914 -0.279089 0.039164 0.276991 0.122039 0.002287 0.138924 -0.112256 0.525019 0.079094 0.441452 0.420624 -0.091796 0.093732 -0.077034 -0.250274 -0.123117 -0.278024 -0.035962 0.307128 0.418573 0.373043 0.318079 0.131973 0.287346 0.277069 0.363286 0.203982 0.127891 0.212972 -0.373790 -0.239775 -0.001825 0.089677 -0.127402 -0.165366 -0.362229 -0.149910 -0.344302 -0.363678 -0.428231 -0.315717 -0.135146 0.116764 0.065636 -0.028472 -0.089195 0.017534 -0.114089 -0.054190 0.043566 -0.114969 -0.015629 -0.167140 -0.091440 -0.210520 -0.089751 -0.053300 -0.301517 -0.022334 -0.164360 -0.059533 -0.032374 0.052159
-0.261671 -0.023797 -0.033510 -0.174170 -0.385315 -0.271946 -0.139098 -0.101814 -0.308055 -0.193522 0.025488 -0.034022 0.042019 0.144972 -0.236818 -0.139905 0.543070 0.233875 -0.116974 0.405695 0.118476 0.281791 0.171212 0.014349 0.051132 0.240478 -0.212174 -0.081530 0.605021 0.480524 0.443722 0.637705 0.294584 1.000000 0.024669 -0.005227 0.263736 0.263208 0.220401 -0.003849 0.412241 0.425083 -0.100875 -0.182525 -0.278292 -0.292390 -0.242422 -0.200499 -0.397782 -0.414072 -0.199049 -0.424241 -0.419913 -0.178343 -0.131264 -0.084065 -0.145205 0.065373 -0.217074 -0.213829 0.061725 -0.043880 0.591200 0.392095 0.071844 -0.309631 0.032749 -0.180041 0.046742 0.236912 0.053968 0.239532 0.459747 0.396318 0.443668 0.146740 0.335384 0.387326 0.619336 0.421244 0.612658 0.689166 -0.079431 0.032414 0.373847 0.229959 -0.143563 -0.113598 -0.325733 -0.331640 -0.519788 -0.167176 -0.477174 -0.135426 0.290203 0.185684 -0.104033 0.287324 -0.352416 -0.161276 -0.549257 -0.279921 -0.269713 -0.036850 -0.169837 -0.057988 -0.324030 -0.135185 0.121756 0.250796 0.014008 0.006247 0.116893 0.092974 -0.009787 -0.207190
-0.231539 -0.231230 0.184159 0.312240 -0.081784 0.199953 -0.135074 0.351007 0.097923 -0.099827 0.049605 0.147535 0.086634 0.032163 0.036985 0.221402 -0.014277 -0.038935 -0.062362 -0.047234 -0.114693 0.198047 0.248370 0.417289 0.270915 0.345243 -0.100543 0.028042 0.163675 0.135740 0.210713 0.294170 0.033309 0.024669 1.000000 0.236360 -0.103845 -0.028287 -0.130640 -0.244971 -0.085156 -0.127524 0.055134 0.097453 -0.127452 0.004425 -0.129164 -0.080592 -0.155975 -0.010990 0.239605 0.065872 -0.395272 -0.096735 -0.173048 -0.186648 -0.390261 -0.418620 -0.332214 -0.212571 -0.301946 -0.354737 -0.074631 -0.332818 0.427218 0.401011 0.054835 0.310249 -0.276793 -0.114163 0.351239 0.155103 -0.124817 0.045432 0.078416 0.011816 0.261431 0.256615 0.112775 -0.035777 -0.031601 -0.073322 -0.106528 0.250588 0.330585 0.351158 -0.026255 -0.059729 -0.189963 -0.057698 -0.457046 -0.123611 0.045134 0.043140 0.008402 -0.095207 0.032747 -0.003936 -0.357184 -0.290338 0.046655 -0.069696 -0.168263 -0.148857 -0.082284 0.135717 -0.230604 -0.337430 -0.181706 -0.105479 0.099870 -0.164717 -0.175524 -0.173650 0.009778 -0.143069
-0.264901 -0.459578 0.111642 0.125487 -0.123541 0.098695 -0.127170 -0.034628 0.130533 0.182872 -0.411682 -0.179419 -0.151912 -0.229223 0.075779 0.052909 -0.234087 -0.232648 -0.151340 0.068512 -0.118269 -0.116222 0.192791 0.228954 -0.045956 0.041875 -0.047519 -0.141840 -0.131952 -0.248129 -0.075934 -0.210882 -0.308326 -0.005227 0.236360 1.000000 0.039642 0.056452 0.279164 0.175391 -0.383244 -0.283061 -0.017302 0.034646 0.067351 0.172521 -0.058528 0.174188 0.077583 0.084721 0.091441 0.243272 0.049137 0.127455 0.060462 -0.473466 -0.164037 -0.222138 -0.221505 0.050964 -0.641541 -0.108308 -0.312555 -0.302187 0.064753 0.125725 0.175507 0.480071 -0.011071 0.441162 0.132293 -0.077078 -0.230407 -0.412112 -0.258302 -0.328691 -0.047254 -0.278701 -0.151995 0.012349 0.011622 -0.086022 0.032129 -0.166959 0.043613 -0.022069 0.105862 0.073423 0.174355 -0.104858 0.079340 0.206224 0.300118 0.480797 0.410533 -0.186573 -0.048470 0.144703 -0.084625 -0.172542 -0.002791 0.183280 -0.184214 0.223649 -0.034494 0.202241 -0.011824 0.126911 -0.097092 0.340231 0.581417 -0.238212 0.150484 -0.234550 0.188683 -0.115971
