1.000000 0.425868 0.169261 -0.293195 -0.017215 -0.511711 0.431369 -0.013386 -0.267185 -0.415068 0.026154 0.107879 -0.011437 -0.166961 -0.528604 -0.366000 -0.055555 -0.029059 -0.200846 -0.367693 -0.220430 0.002898 -0.136983 -0.325435 -0.241161 -0.516780 -0.483963 -0.445486 -0.002953 -0.227216 0.208478 0.062940 0.204559 0.334406 -0.212030 -0.291127 0.105259 -0.241249 -0.061005 -0.086666 0.303039 0.386831 0.171620 -0.218433 -0.049499 -0.385850 -0.014465 -0.111033 0.354303 0.030303 -0.145945 -0.076831 -0.027042 0.029502 -0.105631 -0.108595 0.654829 0.049259 0.425134 0.184964 0.682332 0.450747 0.504512 0.263989 0.278110 -0.310358 0.090187 -0.404770 0.043676 -0.491134 -0.232414 -0.131797 -0.160248 -0.200996 -0.245165 0.120282 0.060727 0.102194 0.309036 -0.052105 -0.057979 0.036358 -0.360310 -0.049472 -0.428662 -0.348545 -0.149919 0.022282 -0.305198 -0.293660 -0.056291 -0.008907 -0.249429 -0.088614 0.153465 -0.027662 -0.082904 -0.055351 -0.208640 -0.230059 0.169674 0.243897 0.272928 0.508457 0.397241 0.364379 0.494102 0.407606 0.118374 0.131306 -0.283179 -0.225663 -0.153475 -0.142408 -0.100435 0.166397
0.425868 1.000000 -0.116736 0.031479 -0.137179 -0.029316 -0.010712 0.021518 -0.043995 -0.081009 -0.050541 0.389537 -0.009716 0.212038 -0.377306 -0.193796 0.261502 0.303083 -0.445396 -0.042229 -0.097025 -0.047351 -0.315726 -0.246336 -0.479941 -0.503430 -0.138577 -0.018651 -0.165237 0.107796 -0.385990 -0.484457 0.364958 0.256218 -0.103599 0.139791 0.122116 -0.143245 -0.089145 -0.014179 0.150442 0.058321 -0.165647 -0.090295 -0.171247 -0.191775 -0.083779 -0.093094 0.224160 0.008360 -0.049608 0.258919 0.059635 -0.001571 -0.126298 -0.057715 0.459537 0.440322 0.166818 0.190598 0.149371 0.323589 0.258506 0.316055 -0.220072 -0.143868 0.077653 -0.064135 0.240602 -0.042249 -0.067214 -0.169128 -0.091444 -0.128193 -0.011528 -0.024433 0.090947 0.119085 0.357226 0.209667 -0.004896 0.097108 -0.474466 -0.107942 -0.218912 -0.043697 0.094142 -0.052770 -0.130582 -0.138757 -0.143301 -0.293712 -0.242949 -0.438645 -0.151005 -0.261849 0.063017 -0.098727 -0.286278 -0.341835 -0.150201 -0.171826 -0.094669 0.074620 0.325991 0.268349 0.262480 0.143241 -0.178186 -0.141717 -0.134898 -0.130676 0.007943 -0.018903 0.031346 -0.091505
0.169261 -0.116736 1.000000 -0.195910 0.291200 -0.000729 0.691232 0.142722 -0.057767 -0.084294 -0.498936 -0.445255 -0.271730 -0.337220 -0.177907 -0.323501 -0.364072 -0.269862 0.433599 -0.124618 0.134331 0.409058 0.090039 -0.136206 0.238111 -0.042937 0.086642 -0.078371 -0.244598 -0.319223 0.264051 0.008670 -0.204086 -0.206012 -0.066782 -0.407582 -0.419461 -0.294803 -0.041428 -0.257223 0.027918 0.110386 0.036004 -0.130014 0.254853 -0.049809 0.018493 -0.256239 0.432608 0.299736 -0.021961 0.145278 -0.142799 0.013539 0.023127 -0.009478 0.050576 0.082845 0.559059 0.442044 0.348563 0.058616 -0.054667 -0.111168 0.323259 -0.175083 0.560237 -0.075967 0.168527 0.005234 0.045074 0.177714 -0.173627 -0.264746 -0.337126 -0.304076 -0.216501 -0.134410 -0.376460 -0.380837 -0.550386 -0.471154 0.176044 0.149372 -0.350862 -0.326798 0.072737 0.080387 0.055683 -0.126916 0.135374 0.208308 0.066589 0.414240 0.540628 0.416290 0.006689 0.204407 -0.081849 -0.052789 0.374302 0.458390 0.279532 0.270980 -0.190440 -0.150993 0.093122 0.289092 0.394605 0.291431 -0.345936 -0.093645 -0.367905 -0.081539 0.162628 0.369483
-0.293195 0.031479 -0.195910 1.000000 -0.230930 0.601599 -0.385749 0.282980 0.055199 0.143474 -0.046407 0.033238 -0.166025 -0.031752 0.059938 0.180578 -0.108072 -0.057647 0.107419 0.533308 -0.332270 -0.464011 0.461862 0.697296 -0.219310 0.263352 0.456765 0.675443 -0.584692 0.004797 -0.401672 -0.425268 0.048002 -0.330053 -0.042522 0.451187 -0.185245 -0.106932 -0.048496 0.080160 -0.436416 -0.555206 -0.487257 -0.007159 -0.205119 0.211398 -0.278513 -0.198353 -0.101073 -0.190414 0.208437 0.320881 0.121542 -0.281595 0.028526 -0.123901 -0.191121 -0.016260 -0.248944 0.070223 -0.569162 -0.413378 -0.398645 -0.384200 -0.319138 0.050749 -0.126068 0.243186 0.001803 0.436324 0.149727 0.015788 -0.040090 -0.117120 0.152482 -0.024371 -0.214199 -0.244607 -0.169508 0.006070 -0.282384 -0.219672 0.037520 -0.049722 0.494346 0.435848 0.387217 0.076997 0.546994 0.508666 0.353521 0.287764 0.230067 0.003693 -0.377772 -0.054381 0.075293 -0.084042 0.077583 0.224357 0.233688 -0.080328 0.229033 -0.101385 -0.173962 -0.424257 -0.141525 0.018513 -0.095493 -0.246506 0.467066 -0.107408 0.075396 0.143330 -0.018865 -0.059990
-0.017215 -0.137179 0.291200 -0.230930 1.000000 -0.038016 0.225621 0.104032 0.602960 0.140877 -0.006718 -0.232239 0.107804 -0.086394 0.232567 0.024564 -0.017538 -0.038979 0.074518 0.030292 0.325930 0.314397 0.054334 -0.052447 0.396728 0.026921 0.061364 -0.149243 0.039623 -0.180382 0.335646 0.089703 -0.081740 -0.025877 0.166763 -0.288894 -0.234699 -0.050521 -0.112885 -0.277818 0.240686 0.262099 -0.008167 -0.273496 0.000421 -0.090889 0.038651 -0.265419 0.134975 0.192554 -0.098740 0.017942 0.064780 0.207417 -0.273428 -0.256144 -0.065608 0.034552 0.161868 0.161754 0.162004 0.029157 0.040490 -0.136478 0.232829 -0.088102 0.278346 0.144270 0.143804 0.129046 -0.090835 -0.058522 -0.141869 -0.187665 -0.313252 -0.253035 -0.158211 -0.069762 -0.220360 -0.066913 -0.224306 -0.260470 0.060160 0.089499 -0.265764 -0.112123 -0.316097 -0.200866 -0.229372 -0.230147 0.072113 -0.022687 0.287727 0.225147 0.343520 0.038336 -0.208855 0.182934 -0.201672 -0.077484 0.029928 0.020488 -0.053550 -0.086320 -0.081159 -0.004746 -0.168983 0.016947 0.173728 -0.061623 -0.242198 -0.015954 -0.088035 0.052594 0.257680 0.140027
-0.511711 -0.029316 -0.000729 0.601599 -0.038016 1.000000 -0.313070 0.060464 0.066373 0.575466 -0.133438 -0.253794 -0.339925 -0.229079 0.152556 0.038083 -0.073876 -0.032163 0.192874 0.415631 0.285089 -0.051207 0.279693 0.387018 -0.123217 0.468726 0.912199 0.856527 -0.425038 0.217508 -0.441901 -0.379182 -0.129046 -0.352031 0.093979 0.317834 -0.357567 -0.135468 -0.072352 0.165297 -0.697768 -0.792910 -0.427448 0.044960 -0.191456 0.122795 -0.138048 -0.121130 -0.079589 -0.024883 0.120250 0.251946 -0.060862 -0.217289 0.063707 -0.002821 -0.274659 0.133232 -0.108558 0.117580 -0.543939 -0.441674 -0.510616 -0.444103 -0.187286 -0.023937 0.013159 0.210505 0.098547 0.458220 0.687749 0.406058 0.351682 -0.032182 0.456258 -0.311222 -0.255513 -0.228533 -0.083032 0.141436 -0.209833 -0.160909 0.359284 0.099746 0.392355 0.326653 0.380766 0.112295 0.660466 0.462966 0.307684 0.277635 0.048839 -0.079240 -0.094217 0.077733 0.095302 0.177259 0.150103 0.384449 0.029160 -0.226707 0.076984 -0.270778 -0.264794 -0.394133 -0.212739 0.077912 -0.044350 -0.138004 0.269585 0.040683 0.174860 0.250523 0.187346 0.071870
0.431369 -0.010712 0.691232 -0.385749 0.225621 -0.313070 1.000000 0.276124 -0.066599 -0.184304 -0.238715 -0.103676 -0.055427 -0.084472 -0.066076 -0.299302 -0.319180 -0.287367 0.097783 -0.438961 0.002833 0.325823 -0.191678 -0.381299 -0.042002 -0.280237 -0.216786 -0.354720 0.049984 -0.286289 0.334862 0.096539 -0.051629 0.068120 -0.101486 -0.376899 -0.297744 -0.331440 -0.206487 -0.266914 0.122381 0.190862 0.182455 -0.179356 0.248441 -0.140428 0.021280 -0.198392 0.355251 0.264365 -0.279167 -0.059222 -0.144995 0.003131 -0.057888 -0.112069 0.197250 0.055979 0.432706 0.182146 0.630641 0.289162 0.274904 0.087617 0.385006 -0.197877 0.315877 -0.146564 -0.114198 -0.336110 -0.032531 0.152044 -0.021137 -0.083473 -0.250050 -0.181853 -0.068654 0.034477 -0.233493 -0.177613 -0.290326 -0.279219 0.038720 0.145697 -0.460425 -0.401204 -0.119794 -0.033826 -0.250058 -0.303851 -0.091057 0.050295 -0.048668 0.246441 0.447938 0.119533 -0.156156 0.157895 -0.232416 -0.279203 0.402850 0.412364 0.304665 0.420789 0.114488 0.199409 0.387378 0.336814 0.323253 0.168226 -0.326955 -0.104578 -0.493946 -0.120383 0.017296 0.337468
-0.013386 0.021518 0.142722 0.282980 0.104032 0.060464 0.276124 1.000000 0.286825 0.282757 -0.093983 0.209489 -0.008232 0.303490 0.097355 0.142940 -0.060660 -0.091443 -0.128952 0.051058 -0.192318 -0.264312 0.030127 0.037850 -0.026070 -0.088798 -0.040177 -0.076135 -0.110439 0.054846 -0.039425 -0.058477 0.075446 0.058744 -0.034648 0.121215 -0.517822 -0.288755 -0.381430 -0.253328 -0.297736 -0.245041 -0.338989 -0.317314 -0.069929 0.020528 -0.245305 -0.459040 0.127301 0.043731 0.037265 0.176463 -0.112709 -0.293058 -0.069198 -0.296825 0.004489 -0.122191 -0.097447 -0.031954 -0.009394 0.088037 -0.030831 -0.121972 0.084605 0.470160 0.127170 0.321144 -0.155545 0.152580 0.037264 0.187783 -0.101037 -0.013393 -0.099426 -0.080935 -0.071982 -0.061692 -0.274532 -0.144172 -0.337147 -0.386296 -0.048579 -0.057881 0.085192 -0.215747 -0.041674 -0.295162 0.015872 -0.021395 0.053631 -0.132211 0.496823 0.267388 -0.141658 -0.096256 -0.281383 -0.191946 -0.447713 -0.324376 0.455802 0.212140 0.187547 0.038999 0.000111 0.077090 0.120458 -0.103923 0.022424 -0.002643 -0.110707 -0.421875 -0.454727 -0.275376 -0.078276 0.085769
-0.267185 -0.043995 -0.057767 0.055199 0.602960 0.066373 -0.066599 0.286825 1.000000 0.384204 -0.074321 0.023418 0.130168 0.303804 0.246112 0.212690 0.148746 0.059120 -0.141196 0.110350 -0.017565 -0.122153 -0.088233 -0.039065 0.348822 0.005530 -0.016153 -0.111620 0.016910 -0.001344 -0.191899 -0.183440 0.002211 -0.076927 0.171708 0.060382 -0.217277 -0.037372 -0.273373 -0.215143 -0.043869 -0.136776 -0.012092 -0.021525 0.086459 0.203693 0.120742 -0.034476 0.125386 0.262649 0.181626 0.341101 0.137006 0.065997 -0.290024 -0.020642 -0.116481 -0.094145 -0.196059 -0.079238 -0.290469 -0.200632 -0.223481 -0.270448 -0.047900 0.133550 0.073060 0.347168 0.075617 0.217490 -0.064193 -0.130774 -0.127794 -0.052599 -0.169087 -0.295563 -0.125056 -0.083683 -0.066977 -0.169163 0.010209 -0.128667 -0.040229 -0.018326 -0.087959 -0.025158 -0.267846 -0.259879 -0.152262 -0.122624 0.097591 -0.062015 0.401700 0.264886 0.057137 -0.169883 0.005181 0.053842 -0.084582 0.069295 -0.002465 -0.096171 -0.134101 -0.250153 -0.063468 -0.071700 -0.163839 -0.264359 0.027097 -0.121417 0.135374 -0.004615 -0.062411 -0.087512 0.138977 0.000199
-0.415068 -0.081009 -0.084294 0.143474 0.140877 0.575466 -0.184304 0.282757 0.384204 1.000000 0.005908 0.009054 -0.255629 0.184452 0.357246 0.272458 0.113480 0.248692 -0.147544 0.016561 0.320371 -0.094351 -0.075811 -0.015977 0.077209 0.344985 0.499770 0.271473 0.197808 0.617994 -0.253451 -0.033282 -0.102582 0.012795 0.020620 0.132795 -0.166102 0.006780 -0.189920 0.043575 -0.503963 -0.543503 -0.375917 -0.243934 -0.118748 -0.027841 -0.118263 -0.195260 -0.101374 -0.059002 0.039959 0.096982 -0.125688 -0.048496 -0.005167 -0.120259 -0.126186 -0.023879 -0.299234 -0.294429 -0.318834 -0.140995 -0.346845 -0.003816 0.021815 0.321808 -0.155440 0.127276 -0.060655 0.139094 0.634326 0.523956 0.481135 0.266602 0.451155 -0.285775 0.001656 -0.022431 0.003164 0.155763 0.044071 0.094910 0.417770 0.319207 0.202400 -0.010910 -0.047874 -0.125963 0.287441 0.074933 0.108010 -0.007756 0.096659 0.004144 -0.032778 0.027797 -0.174956 -0.029447 -0.063353 0.133527 -0.021226 -0.281145 0.051190 -0.434830 -0.224961 -0.223264 -0.252273 -0.116716 0.022390 0.050612 -0.053094 -0.119369 -0.060423 0.112231 0.131224 0.098419
0.026154 -0.050541 -0.498936 -0.046407 -0.006718 -0.133438 -0.238715 -0.093983 -0.074321 0.005908 1.000000 0.343613 0.491916 0.226592 0.219352 0.256053 0.185094 0.322433 -0.189691 -0.029941 -0.031506 -0.207245 0.095768 0.067948 -0.009312 0.079687 -0.060660 -0.032049 0.462667 0.248899 0.214106 0.307565 0.139748 0.325999 0.125559 0.127493 0.331795 0.216624 -0.049738 0.056764 0.135744 0.052459 -0.167865 -0.111586 -0.199379 -0.077022 -0.184626 -0.102253 -0.370904 -0.353239 -0.082655 -0.364643 -0.205450 -0.097795 -0.172751 -0.340096 -0.094219 -0.225664 -0.403471 -0.495608 -0.036205 0.131917 0.291419 0.272494 0.117930 0.211291 -0.349056 0.005968 -0.149741 -0.173914 -0.155717 -0.124101 0.142864 0.146397 0.120676 0.242512 0.165643 0.161214 0.189221 0.422899 0.292802 0.347868 0.014529 -0.105119 0.334100 0.157959 -0.127121 -0.259298 -0.144268 -0.113719 -0.299520 -0.250236 -0.012473 -0.169298 -0.173779 -0.189062 -0.288870 -0.255037 -0.153609 -0.160209 -0.371369 -0.319584 -0.232903 -0.241350 0.000992 0.128193 -0.207013 -0.155410 -0.172519 -0.114744 0.032687 -0.240490 0.151985 -0.131194 -0.261471 -0.232982
0.107879 0.389537 -0.445255 0.033238 -0.232239 -0.253794 -0.103676 0.209489 0.023418 0.009054 0.343613 1.000000 0.291647 0.704097 0.059442 0.303733 0.135549 0.277582 -0.574738 -0.230250 -0.076703 -0.244864 -0.290194 -0.227938 -0.322728 -0.302170 -0.359483 -0.244152 0.340080 0.449497 -0.225251 -0.018078 -0.002512 0.240233 0.115041 0.530493 0.321957 0.206311 -0.132091 -0.040470 0.146386 0.123047 -0.019832 -0.060631 -0.026502 0.021444 0.047791 0.115509 -0.128237 -0.305574 -0.091019 -0.116165 0.139554 -0.110876 -0.003309 -0.047621 -0.061705 -0.249297 -0.418604 -0.426690 0.052459 0.121857 0.251275 0.317948 -0.239617 0.367308 -0.394335 0.124528 -0.418120 -0.408391 -0.060199 -0.029387 0.182677 0.290089 0.143071 0.341894 0.493484 0.514924 0.207986 0.180068 0.341099 0.191591 -0.353793 0.078204 0.002298 0.138756 -0.241868 -0.239865 -0.264767 -0.030827 -0.327100 -0.492289 0.009101 -0.287897 -0.370425 -0.404725 -0.204464 -0.311880 -0.267452 -0.422370 -0.073109 -0.202255 -0.142449 -0.203025 0.332686 0.257806 0.094080 -0.099750 -0.242055 -0.147050 0.062631 -0.121062 -0.237682 -0.118105 -0.110643 -0.155749
-0.011437 -0.009716 -0.271730 -0.166025 0.107804 -0.339925 -0.055427 -0.008232 0.130168 -0.255629 0.491916 0.291647 1.000000 0.429051 0.239817 0.246743 0.191339 0.077814 -0.187066 -0.054885 -0.214923 -0.167324 0.010537 -0.050966 0.152875 -0.136076 -0.184066 -0.198779 0.338872 -0.009945 0.283410 0.168388 0.313278 0.329767 0.039775 0.182210 0.212906 0.123498 -0.263511 -0.202884 0.204822 0.178223 -0.001805 -0.098367 0.020821 0.007783 -0.148105 -0.029328 -0.068229 -0.065468 0.096487 -0.078525 -0.133689 -0.107647 -0.242247 -0.284364 -0.130420 -0.031045 -0.342958 -0.321531 0.014336 0.181041 0.120637 0.226805 0.237027 0.352690 -0.238700 0.102463 -0.111129 0.031142 -0.403030 -0.346688 -0.063992 0.101564 0.002615 0.302499 0.028445 -0.064416 0.086137 0.158887 0.206225 0.172538 -0.183201 -0.215431 0.080132 0.049722 -0.224650 -0.379032 -0.385920 -0.247611 -0.328141 -0.318020 0.049109 0.014382 -0.207317 -0.373745 -0.309352 -0.410267 -0.138330 -0.281153 -0.410587 -0.099771 -0.296167 -0.125474 -0.007558 0.125433 -0.106913 -0.216922 -0.221668 -0.253982 -0.114365 -0.113814 0.049570 -0.224645 -0.175362 -0.335010
-0.166961 0.212038 -0.337220 -0.031752 -0.086394 -0.229079 -0.084472 0.303490 0.303804 0.184452 0.226592 0.704097 0.429051 1.000000 0.348218 0.386229 0.317092 0.442996 -0.509333 -0.194487 -0.057464 -0.177000 -0.368886 -0.245097 -0.087952 -0.248445 -0.307280 -0.265039 0.375504 0.426412 -0.280175 -0.092551 0.076464 0.135781 0.003298 0.383945 0.216089 0.230460 -0.156229 -0.069522 0.141579 0.057339 -0.013110 -0.060509 0.008131 0.029042 0.077397 0.147874 -0.127386 -0.093230 -0.062418 0.100943 0.133486 0.071082 -0.087284 -0.001942 -0.137477 -0.148410 -0.464448 -0.423486 -0.142119 0.121363 0.126340 0.402059 -0.209593 0.488461 -0.363817 0.200385 -0.314594 -0.169339 -0.170942 -0.116119 0.060120 0.181168 0.095226 0.198633 0.361065 0.329025 0.051583 0.078502 0.237933 0.170190 -0.314724 0.029152 -0.009566 0.017476 -0.259091 -0.329755 -0.325958 -0.103320 -0.293199 -0.453141 0.125009 -0.125643 -0.284208 -0.356487 -0.162617 -0.362070 -0.137635 -0.390944 -0.177451 -0.207501 -0.270484 -0.393604 0.095974 0.174390 -0.155286 -0.340446 -0.253931 -0.169311 -0.089514 -0.117754 -0.230648 -0.164639 -0.091651 -0.246042
-0.528604 -0.377306 -0.177907 0.059938 0.232567 0.152556 -0.066076 0.097355 0.246112 0.357246 0.219352 0.059442 0.239817 0.348218 1.000000 0.543365 0.027495 0.109689 -0.013050 0.115466 0.277414 0.084308 -0.006970 0.188921 0.122925 0.270772 0.243632 0.154521 0.280050 0.265945 0.095899 0.137422 -0.148847 -0.157588 0.012677 0.055140 0.150771 0.349989 0.124377 0.033929 0.029802 -0.036077 -0.202335 -0.229851 -0.186968 -0.134924 0.009659 0.007717 -0.431742 -0.213690 -0.374100 -0.278580 0.029808 0.189712 0.171110 -0.025648 -0.306341 0.004784 -0.383469 -0.368736 -0.206103 -0.168151 -0.238350 0.028304 -0.112078 0.242516 -0.399021 -0.031383 -0.093037 0.076902 0.079449 0.110704 0.232551 0.232903 0.196238 0.024962 0.079113 0.028142 -0.299520 0.235770 0.039174 0.060763 0.451083 0.335786 0.180162 0.194724 -0.040240 -0.008884 0.030407 0.201053 0.008246 -0.002196 0.229988 0.085951 0.012257 0.059798 -0.212186 0.021524 0.151634 0.084992 -0.066736 -0.177947 -0.052985 -0.403786 -0.326061 -0.262845 -0.367104 -0.226846 0.053958 -0.044337 -0.051000 0.070851 0.083369 0.224880 0.043851 -0.066616
-0.366000 -0.193796 -0.323501 0.180578 0.024564 0.038083 -0.299302 0.142940 0.212690 0.272458 0.256053 0.303733 0.246743 0.386229 0.543365 1.000000 0.071946 0.124389 -0.159313 0.119686 -0.035442 -0.146626 0.245252 0.364833 0.163575 0.246767 0.111371 0.137199 0.166152 0.224708 0.115829 0.193570 0.010988 0.050034 0.081098 0.158799 0.237080 0.513828 0.142372 0.117707 0.142742 0.059921 -0.235726 -0.316064 -0.399217 -0.146337 -0.291149 -0.117725 -0.506214 -0.474893 -0.191697 -0.263470 -0.041690 -0.082307 0.011475 -0.173480 -0.181235 -0.215627 -0.551238 -0.496544 -0.361242 -0.078185 -0.285102 0.099540 -0.089206 0.468409 -0.460198 -0.109976 -0.165633 -0.012007 -0.183323 -0.158939 -0.050433 0.284241 0.038538 0.297543 0.178462 0.044938 -0.158538 0.018658 0.121706 0.105572 0.361696 0.428145 0.305986 0.238247 -0.043517 0.005283 0.209820 0.212587 0.083186 0.014659 0.317235 0.162989 -0.051575 0.011882 -0.268359 -0.130627 0.170460 0.163401 -0.000448 -0.011322 0.066062 -0.143266 -0.241934 -0.350097 -0.398078 -0.249096 0.009274 -0.049737 0.009561 0.020783 0.244670 0.140860 -0.006660 -0.087710
-0.055555 0.261502 -0.364072 -0.108072 -0.017538 -0.073876 -0.319180 -0.060660 0.148746 0.113480 0.185094 0.135549 0.191339 0.317092 0.027495 0.071946 1.000000 0.735749 -0.475188 -0.010389 -0.036139 -0.264482 -0.282123 -0.196390 0.064631 -0.055846 -0.074135 -0.117058 0.319368 0.317368 -0.262748 -0.098765 0.487082 0.337246 -0.154441 0.096426 0.257954 0.144600 -0.084903 0.263259 0.017841 -0.037131 -0.120859 -0.082646 -0.125468 -0.024200 -0.149837 -0.024272 -0.144221 0.007661 0.168876 -0.014211 0.009026 0.104860 -0.316978 -0.137548 0.331157 0.324814 -0.236071 -0.300201 -0.097884 0.091753 0.294200 0.424568 -0.219962 0.117255 -0.200149 0.073085 0.192307 0.025129 -0.055296 -0.080570 0.183512 0.078024 0.094059 -0.094191 0.014928 -0.013786 0.453777 0.526479 0.523696 0.522065 -0.298813 -0.310768 -0.120355 -0.171984 -0.176033 -0.338817 -0.461074 -0.432241 -0.152478 -0.462396 -0.048083 -0.385837 -0.421507 -0.458333 0.030381 -0.344298 -0.310345 -0.292992 -0.415529 -0.383665 -0.421701 -0.231627 0.159499 0.322129 -0.144210 -0.527872 -0.541654 -0.134377 -0.093790 -0.081433 0.379106 -0.203827 -0.291582 -0.578282
-0.029059 0.303083 -0.269862 -0.057647 -0.038979 -0.032163 -0.287367 -0.091443 0.059120 0.248692 0.322433 0.277582 0.077814 0.442996 0.109689 0.124389 0.735749 1.000000 -0.427654 -0.069614 0.119650 -0.126683 -0.294012 -0.229749 -0.014739 -0.047600 -0.043373 -0.051432 0.303031 0.492365 -0.276239 -0.103777 0.269134 0.239014 -0.036845 0.122587 0.390346 0.168461 0.011730 0.173706 0.107761 -0.003001 -0.141724 -0.139130 -0.163507 -0.115520 -0.144251 -0.073451 -0.129982 -0.077770 0.085948 -0.025793 0.020257 0.167862 -0.225059 -0.188351 0.241372 0.248357 -0.173519 -0.292476 -0.089780 0.192602 0.212567 0.631383 -0.236682 0.159131 -0.262865 0.083054 0.164263 -0.054096 -0.025137 0.022972 0.192916 0.041796 0.100429 -0.083800 0.064385 0.134590 0.348052 0.522468 0.289725 0.455588 -0.251389 -0.082035 -0.076148 -0.057767 -0.176876 -0.280567 -0.307209 -0.258562 -0.124700 -0.424066 -0.114586 -0.464794 -0.330243 -0.312425 -0.123770 -0.432627 -0.247659 -0.380081 -0.403898 -0.514527 -0.398566 -0.471901 0.061335 0.198193 -0.288633 -0.401539 -0.415038 -0.154026 -0.246945 -0.201517 0.160922 -0.162831 -0.196601 -0.457213
-0.200846 -0.445396 0.433599 0.107419 0.074518 0.192874 0.097783 -0.128952 -0.141196 -0.147544 -0.189691 -0.574738 -0.187066 -0.509333 -0.013050 -0.159313 -0.475188 -0.427654 1.000000 0.525666 0.072243 0.268642 0.405697 0.410289 0.276429 0.304512 0.295563 0.281777 -0.310485 -0.328849 0.236026 0.133483 -0.211976 -0.359208 0.039882 -0.336686 -0.205657 0.050092 0.405179 -0.030784 0.002378 0.024626 -0.018404 0.160078 0.177310 0.171839 -0.047364 0.011136 0.057209 0.123125 0.045561 -0.014692 -0.101024 -0.108367 0.024842 0.150327 -0.336505 -0.079362 0.350678 0.357184 -0.198391 -0.447844 -0.403771 -0.389714 0.135742 -0.259150 0.419813 0.019752 0.202739 0.438558 -0.064593 -0.088882 -0.304090 -0.308799 -0.194153 -0.031544 -0.337305 -0.300121 -0.485635 -0.452874 -0.335967 -0.207992 0.350389 0.003228 0.114955 0.007707 0.346575 0.202009 0.335843 0.135238 0.206736 0.401093 -0.077782 0.334263 0.280891 0.592288 0.281363 0.263232 0.363144 0.440495 -0.037234 0.227768 0.115545 0.093112 -0.503962 -0.445060 -0.164931 0.079603 0.322376 0.284536 0.141450 0.230174 0.047496 -0.020592 0.105772 0.211337
-0.367693 -0.042229 -0.124618 0.533308 0.030292 0.415631 -0.438961 0.051058 0.110350 0.016561 -0.029941 -0.230250 -0.054885 -0.194487 0.115466 0.119686 -0.010389 -0.069614 0.525666 1.000000 -0.033634 -0.146298 0.386143 0.700825 0.051641 0.287984 0.372079 0.494533 -0.438198 -0.042812 -0.150698 -0.168026 0.207435 -0.183777 -0.003342 0.077305 -0.107647 0.098636 0.305480 0.060977 -0.144680 -0.212569 -0.421905 0.048907 -0.074695 0.219333 -0.295589 -0.127832 -0.167647 -0.004225 0.253377 0.107994 -0.058865 -0.237072 -0.153262 -0.036266 -0.164681 0.134688 -0.082181 0.142197 -0.578913 -0.493486 -0.460442 -0.444709 -0.185228 -0.085561 0.124673 0.163313 0.349863 0.773083 -0.027407 -0.257759 -0.252560 -0.311071 0.013972 0.047330 -0.463823 -0.447589 -0.274852 -0.129970 -0.208186 -0.120702 0.144158 -0.178473 0.382170 0.276220 0.436448 0.120947 0.272421 0.255784 0.192814 0.223972 0.143095 0.137999 -0.201146 0.253533 0.276695 0.057208 0.178309 0.307532 -0.204882 -0.092948 -0.117835 -0.177873 -0.543265 -0.455038 -0.345010 -0.302538 -0.020176 0.055618 0.326957 0.138452 0.280631 -0.168321 -0.211460 -0.283711
-0.220430 -0.097025 0.134331 -0.332270 0.325930 0.285089 0.002833 -0.192318 -0.017565 0.320371 -0.031506 -0.076703 -0.214923 -0.057464 0.277414 -0.035442 -0.036139 0.119650 0.072243 -0.033634 1.000000 0.630946 -0.219582 -0.240563 0.081479 0.252536 0.309759 0.153208 0.115476 0.305621 0.062713 0.159257 -0.291138 -0.075002 0.223408 -0.007067 -0.076625 0.152948 0.180950 0.079500 -0.024988 0.045270 0.067780 -0.013618 -0.002252 -0.086532 0.166897 0.147906 -0.193076 -0.050300 -0.131080 -0.280290 -0.142047 0.044934 -0.018269 0.111581 -0.254846 -0.034349 0.003401 0.046967 0.010924 -0.051725 -0.030896 -0.062126 -0.066759 -0.015246 0.090431 0.042861 -0.057230 -0.087097 0.497825 0.412401 0.341533 0.092994 0.321290 -0.057467 0.098979 0.228634 -0.047939 0.157202 0.063478 -0.002022 0.170130 0.209556 -0.048990 0.042135 -0.144680 -0.040133 0.027567 0.059080 -0.159671 -0.213315 -0.106897 -0.115509 0.181782 0.075879 -0.105932 0.266921 -0.023710 -0.027907 -0.125399 -0.174176 -0.151307 -0.221101 -0.016885 0.088172 -0.122030 -0.021091 -0.008820 0.110385 -0.099916 0.146624 0.038980 0.162673 0.218469 0.043828
0.002898 -0.047351 0.409058 -0.464011 0.314397 -0.051207 0.325823 -0.264312 -0.122153 -0.094351 -0.207245 -0.244864 -0.167324 -0.177000 0.084308 -0.146626 -0.264482 -0.126683 0.268642 -0.146298 0.630946 1.000000 -0.203784 -0.335668 0.187064 0.078361 0.052821 -0.078055 0.038003 -0.144050 0.215232 0.123180 -0.356043 -0.245987 0.152323 -0.388291 -0.111190 0.016717 0.265964 -0.061248 0.260741 0.366318 0.332170 0.063592 0.089460 -0.226759 0.354912 0.228285 0.117242 0.208828 -0.240904 -0.046552 0.030763 0.323351 0.105320 0.272037 -0.108470 0.135338 0.405855 0.346977 0.204557 0.002651 -0.109499 0.006220 0.023181 -0.296409 0.255474 -0.159002 0.014270 -0.113286 0.107629 0.243384 -0.065513 -0.100636 -0.183719 -0.177332 0.073560 0.208443 -0.297668 -0.197323 -0.160471 -0.083754 0.081538 0.220982 -0.391307 -0.178384 -0.099357 0.070027 -0.134298 -0.130438 -0.015078 0.010413 -0.226198 0.008906 0.518149 0.249880 0.130592 0.441069 0.185241 0.049999 -0.015396 0.156158 -0.007267 0.038672 -0.111692 -0.026379 -0.107641 0.218690 0.227809 0.215157 -0.167291 0.326736 -0.032805 0.236198 0.483098 0.331115
-0.136983 -0.315726 0.090039 0.461862 0.054334 0.279693 -0.191678 0.030127 -0.088233 -0.075811 0.095768 -0.290194 0.010537 -0.368886 -0.006970 0.245252 -0.282123 -0.294012 0.405697 0.386143 -0.219582 -0.203784 1.000000 0.712491 0.265193 0.338656 0.393642 0.510304 -0.425750 -0.320302 0.345596 0.143892 -0.107651 -0.107758 0.212583 0.116731 -0.175058 -0.104420 0.070441 -0.143549 -0.152755 -0.144940 -0.280611 -0.175227 -0.265233 -0.091134 -0.405252 -0.344761 -0.100103 -0.220124 0.187762 -0.068121 -0.153975 -0.233128 -0.125613 -0.355439 -0.186011 -0.203037 -0.018966 0.117173 -0.271965 -0.143706 -0.295117 -0.319590 0.217662 0.106590 0.068945 0.090334 0.043890 0.327841 -0.122508 -0.176984 -0.256761 -0.192497 -0.091707 0.101708 -0.199006 -0.319876 -0.197607 -0.172266 -0.355367 -0.254384 0.272550 -0.099202 0.506997 0.113265 0.187970 -0.078400 0.502620 0.241119 0.185834 0.293852 0.196004 0.224374 0.130143 0.261846 -0.147472 0.023398 0.105006 0.246987 0.104753 0.080123 0.180843 0.027292 -0.275631 -0.398546 -0.139918 0.091624 0.256738 -0.126777 0.162830 -0.091957 0.110107 -0.028133 0.000620 0.185152
-0.325435 -0.246336 -0.136206 0.697296 -0.052447 0.387018 -0.381299 0.037850 -0.039065 -0.015977 0.067948 -0.227938 -0.050966 -0.245097 0.188921 0.364833 -0.196390 -0.229749 0.410289 0.700825 -0.240563 -0.335668 0.712491 1.000000 0.125019 0.430555 0.397506 0.551706 -0.489812 -0.171202 0.084873 0.014100 0.129718 -0.176144 0.014679 0.103834 -0.047435 0.125460 0.214987 -0.001591 -0.079024 -0.189419 -0.481763 -0.127178 -0.260809 0.120759 -0.472830 -0.348575 -0.296144 -0.320029 0.152137 0.012329 -0.088107 -0.257152 -0.069782 -0.293660 -0.265388 -0.144403 -0.244398 -0.001730 -0.511454 -0.355868 -0.344646 -0.347127 -0.060871 -0.026004 -0.082249 0.017425 0.058367 0.522564 -0.139774 -0.305554 -0.267429 -0.163033 0.017465 0.219568 -0.345750 -0.472129 -0.329818 -0.077474 -0.260460 -0.201141 0.273899 0.001158 0.680348 0.474176 0.373827 0.139026 0.544820 0.452461 0.265504 0.397268 0.254856 0.228216 -0.113156 0.281808 -0.018085 -0.008550 0.179356 0.341469 0.083722 -0.017671 0.168618 0.033579 -0.424185 -0.570708 -0.306212 -0.124548 0.170507 -0.087551 0.307355 -0.054642 0.222611 0.069193 -0.165860 -0.092298
-0.241161 -0.479941 0.238111 -0.219310 0.396728 -0.123217 -0.042002 -0.026070 0.348822 0.077209 -0.009312 -0.322728 0.152875 -0.087952 0.122925 0.163575 0.064631 -0.014739 0.276429 0.051641 0.081479 0.187064 0.265193 0.125019 1.000000 0.558193 -0.012306 -0.169868 0.177080 -0.064114 0.462104 0.512328 -0.105309 0.057439 0.373550 -0.223485 -0.124242 0.003050 -0.147339 -0.435322 0.084480 0.149668 0.124381 -0.001574 0.175159 0.150537 -0.043936 -0.162437 -0.004178 0.084875 0.308883 -0.004909 -0.164388 0.038420 -0.291090 -0.218348 -0.226818 -0.326908 -0.085782 -0.117904 -0.198954 -0.250202 -0.266822 -0.145081 0.177428 0.044402 0.097162 0.104465 -0.059094 0.090520 -0.160434 -0.004176 -0.130002 0.089847 -0.172017 -0.037333 -0.102110 -0.147822 -0.148152 -0.205523 0.067077 0.023937 0.140706 -0.034121 0.128265 -0.085287 -0.476912 -0.412499 -0.177814 -0.301975 -0.037932 -0.002055 0.234748 0.296665 0.296061 0.257376 -0.241755 -0.034783 -0.016368 0.076468 -0.149654 -0.011911 -0.207459 -0.139232 -0.291760 -0.235005 -0.383142 -0.262534 0.376268 0.029596 -0.066787 -0.135678 -0.047837 -0.170450 0.137259 0.129703
-0.516780 -0.503430 -0.042937 0.263352 0.026921 0.468726 -0.280237 -0.088798 0.005530 0.344985 0.079687 -0.302170 -0.136076 -0.248445 0.270772 0.246767 -0.055846 -0.047600 0.304512 0.287984 0.252536 0.078361 0.338656 0.430555 0.558193 1.000000 0.476892 0.445657 -0.026150 0.269435 0.175570 0.292262 -0.091241 -0.058609 0.411390 0.157982 -0.161870 0.011956 -0.099296 -0.151231 -0.367116 -0.352237 -0.138871 0.052257 0.023683 0.254391 -0.166432 -0.109526 -0.353756 -0.180047 0.287391 -0.113689 -0.203438 -0.165596 -0.126164 -0.223672 -0.412166 -0.231844 -0.368088 -0.220028 -0.539166 -0.522102 -0.518597 -0.382953 -0.028158 -0.019550 -0.124178 0.164025 -0.281866 0.214199 0.373585 0.363003 0.305029 0.305983 0.352906 -0.080876 -0.066629 -0.076414 -0.197916 0.119620 0.069458 0.091454 0.393882 0.156160 0.484352 0.345691 -0.204594 -0.223555 0.258435 0.168963 0.024925 0.174621 0.096096 0.071362 0.001724 0.144068 -0.246493 0.053271 0.127151 0.287931 -0.063824 -0.214395 0.017578 -0.247732 -0.319597 -0.430888 -0.404440 -0.128981 0.227354 -0.195163 0.304371 -0.021514 0.092191 0.125323 0.077555 0.038354
-0.483963 -0.138577 0.086642 0.456765 0.061364 0.912199 -0.216786 -0.040177 -0.016153 0.499770 -0.060660 -0.359483 -0.184066 -0.307280 0.243632 0.111371 -0.074135 -0.043373 0.295563 0.372079 0.309759 0.052821 0.393642 0.397506 -0.012306 0.476892 1.000000 0.867161 -0.337765 0.091183 -0.181402 -0.205253 -0.139785 -0.300796 0.101695 0.154403 -0.300174 -0.084532 0.032931 0.148799 -0.592882 -0.669626 -0.383480 -0.103140 -0.268791 -0.043158 -0.240011 -0.179060 -0.082935 -0.066229 0.008666 0.098928 -0.161212 -0.181447 0.030527 -0.097499 -0.236620 0.193252 -0.017999 0.135228 -0.404445 -0.339100 -0.467599 -0.306737 -0.003550 -0.058985 0.018725 0.076596 0.167629 0.432519 0.599367 0.369119 0.336229 -0.048471 0.410886 -0.260460 -0.289789 -0.299819 -0.109486 0.173640 -0.227925 -0.127057 0.473233 0.132409 0.327284 0.219236 0.367548 0.105139 0.610463 0.342582 0.290187 0.282077 -0.029636 -0.046372 0.025003 0.129178 0.021719 0.153379 0.183663 0.374644 -0.055964 -0.170770 0.110653 -0.226441 -0.347584 -0.409287 -0.253488 0.102549 -0.003313 -0.113319 0.117277 0.114596 0.264052 0.252482 0.167122 0.082117
-0.445486 -0.018651 -0.078371 0.675443 -0.149243 0.856527 -0.354720 -0.076135 -0.111620 0.271473 -0.032049 -0.244152 -0.198779 -0.265039 0.154521 0.137199 -0.117058 -0.051432 0.281777 0.494533 0.153208 -0.078055 0.510304 0.551706 -0.169868 0.445657 0.867161 1.000000 -0.544400 0.016071 -0.274624 -0.335800 -0.053547 -0.321508 0.146452 0.352813 -0.206701 -0.068746 0.122854 0.191800 -0.505349 -0.620117 -0.394345 -0.000427 -0.373036 0.008689 -0.278903 -0.093047 -0.218917 -0.182852 0.080194 0.100129 -0.128678 -0.257484 0.058191 -0.071678 -0.230079 0.186976 -0.117054 0.155154 -0.551501 -0.361252 -0.455273 -0.370282 -0.171365 -0.065955 -0.022001 0.148772 0.139279 0.467566 0.427158 0.210213 0.188032 -0.068384 0.390204 -0.102428 -0.196385 -0.217627 -0.095029 0.157086 -0.276434 -0.147625 0.308306 0.008285 0.453332 0.371619 0.445368 0.133054 0.695698 0.501067 0.220670 0.233776 -0.051113 -0.128195 -0.102306 0.042562 0.066464 0.163643 0.213079 0.330278 -0.027056 -0.178477 0.135394 -0.171277 -0.242823 -0.374303 -0.155666 0.133010 -0.072639 -0.229980 0.375986 0.135554 0.314131 0.227024 0.106948 0.024402
-0.002953 -0.165237 -0.244598 -0.584692 0.039623 -0.425038 0.049984 -0.110439 0.016910 0.197808 0.462667 0.340080 0.338872 0.375504 0.280050 0.166152 0.319368 0.303031 -0.310485 -0.438198 0.115476 0.038003 -0.425750 -0.489812 0.177080 -0.026150 -0.337765 -0.544400 1.000000 0.497803 0.239748 0.468212 0.016777 0.447150 0.021359 -0.044822 0.464857 0.353984 -0.084079 0.035081 0.234673 0.246013 0.194292 -0.016426 0.227354 -0.008652 0.171851 0.203414 -0.300702 -0.126572 -0.190348 -0.427716 -0.052135 0.154913 -0.082568 -0.025933 0.059195 -0.175553 -0.359730 -0.628804 0.210743 0.105703 0.213730 0.470119 0.178851 0.237118 -0.375113 -0.160663 -0.179113 -0.495197 -0.002947 0.118286 0.430641 0.478828 0.203407 0.092809 0.420184 0.353316 0.267559 0.282673 0.643686 0.631146 0.168519 0.171279 -0.200247 -0.206512 -0.452960 -0.249654 -0.532233 -0.515092 -0.446283 -0.412862 -0.220657 -0.210195 -0.043326 -0.115760 -0.184630 -0.214976 -0.120599 -0.180888 -0.408357 -0.253827 -0.312232 -0.249652 0.050973 0.185835 -0.156122 -0.250882 -0.072593 0.155732 -0.200795 -0.015454 -0.026838 -0.043177 -0.099925 -0.074353
-0.227216 0.107796 -0.319223 0.004797 -0.180382 0.217508 -0.286289 0.054846 -0.001344 0.617994 0.248899 0.449497 -0.009945 0.426412 0.265945 0.224708 0.317368 0.492365 -0.328849 -0.042812 0.305621 -0.144050 -0.320302 -0.171202 -0.064114 0.269435 0.091183 0.016071 0.497803 1.000000 -0.241853 0.066345 0.035815 0.286379 0.019150 0.437210 0.305027 0.304224 -0.085035 0.164762 -0.205426 -0.228342 -0.319995 -0.110385 0.021679 0.065514 -0.071396 0.035377 -0.345291 -0.324772 0.067553 -0.173553 -0.055966 -0.111726 -0.012034 -0.075233 -0.100749 -0.109580 -0.511023 -0.570076 -0.227649 -0.112406 -0.116285 0.261986 -0.200371 0.357773 -0.410110 0.072032 -0.247208 -0.169570 0.475472 0.416750 0.626267 0.541443 0.581346 0.100866 0.315648 0.304395 0.236394 0.354056 0.409542 0.458947 0.162394 0.320988 0.147619 0.184467 -0.198805 -0.205184 -0.077525 -0.000053 -0.228102 -0.392559 -0.069228 -0.331417 -0.413426 -0.193539 -0.243863 -0.279015 -0.171380 -0.114995 -0.333128 -0.517649 -0.229836 -0.550018 -0.040150 -0.075825 -0.277506 -0.312469 -0.237132 -0.009098 0.020330 -0.182720 -0.016399 0.005788 -0.122501 -0.235607
0.208478 -0.385990 0.264051 -0.401672 0.335646 -0.441901 0.334862 -0.039425 -0.191899 -0.253451 0.214106 -0.225251 0.283410 -0.280175 0.095899 0.115829 -0.262748 -0.276239 0.236026 -0.150698 0.062713 0.215232 0.345596 0.084873 0.462104 0.175570 -0.181402 -0.274624 0.239748 -0.241853 1.000000 0.760785 0.011044 0.323100 0.096889 -0.347790 0.028845 -0.006717 0.044278 -0.300760 0.354181 0.495830 0.101871 -0.258189 0.063008 -0.168368 -0.308827 -0.327337 -0.116130 -0.121223 -0.115252 -0.479796 -0.431375 -0.057589 -0.165968 -0.423063 0.044142 -0.181594 0.066229 -0.102067 0.390717 0.321986 0.145073 0.126871 0.511255 0.057787 0.043301 -0.277435 -0.072404 -0.159575 -0.298671 -0.053532 -0.126274 0.112812 -0.158731 0.332851 -0.086797 -0.183283 -0.151789 -0.062434 -0.144882 -0.093884 0.216038 0.027341 0.037703 -0.218169 -0.262806 -0.146483 -0.189315 -0.275332 -0.202198 0.011081 0.052248 0.293953 0.337063 0.242086 -0.441991 -0.049269 -0.121469 -0.155390 0.009402 0.274449 0.060165 0.205110 -0.196706 -0.002345 -0.020070 0.095423 0.332741 0.166694 -0.311451 -0.136587 -0.140327 -0.148444 -0.112529 0.140701
0.062940 -0.484457 0.008670 -0.425268 0.089703 -0.379182 0.096539 -0.058477 -0.183440 -0.033282 0.307565 -0.018078 0.168388 -0.092551 0.137422 0.193570 -0.098765 -0.103777 0.133483 -0.168026 0.159257 0.123180 0.143892 0.014100 0.512328 0.292262 -0.205253 -0.335800 0.468212 0.066345 0.760785 1.000000 -0.100271 0.346937 0.092646 -0.254382 0.228663 0.104411 0.058499 -0.186077 0.209695 0.368302 0.160799 -0.131760 0.045195 -0.121839 -0.197331 -0.142604 -0.249635 -0.188610 -0.098017 -0.569503 -0.378405 -0.089475 -0.004786 -0.245050 -0.001519 -0.397117 -0.151829 -0.395275 0.241265 0.120251 0.166402 0.129653 0.322048 0.170895 -0.169164 -0.315967 -0.252595 -0.287565 -0.088830 0.057181 0.130014 0.217179 0.084095 0.447873 -0.010049 -0.069611 0.123911 0.023503 0.223406 0.193727 0.208886 0.071488 0.122698 -0.182765 -0.365911 -0.128759 -0.192355 -0.221545 -0.196224 -0.015683 -0.051271 0.119841 0.203395 0.240091 -0.377282 -0.076331 0.010975 -0.044094 -0.112534 0.052862 -0.067355 0.027534 -0.188265 0.034086 -0.088390 -0.049605 0.283918 0.251967 -0.229487 -0.192109 -0.103927 -0.194268 -0.166383 0.099219
0.204559 0.364958 -0.204086 0.048002 -0.081740 -0.129046 -0.051629 0.075446 0.002211 -0.102582 0.139748 -0.002512 0.313278 0.076464 -0.148847 0.010988 0.487082 0.269134 -0.211976 0.207435 -0.291138 -0.356043 -0.107651 0.129718 -0.105309 -0.091241 -0.139785 -0.053547 0.016777 0.035815 0.011044 -0.100271 1.000000 0.598218 -0.214587 -0.044206 0.082557 -0.036234 -0.221624 0.038801 0.098421 -0.031617 -0.296509 -0.180604 -0.022808 0.078288 -0.524820 -0.349604 -0.063068 0.072494 0.361070 0.101329 -0.332944 -0.217186 -0.548955 -0.500333 0.378162 0.373360 -0.264990 -0.146511 -0.122860 0.204776 0.172516 0.278988 0.097239 -0.008359 0.016119 -0.012115 0.158461 0.281488 -0.266331 -0.352456 -0.072880 -0.099912 0.123506 0.048522 -0.330709 -0.456661 0.177546 0.357217 0.148189 0.280194 -0.265825 -0.355078 0.144303 0.006657 0.064335 -0.267637 -0.280940 -0.341249 -0.314734 -0.275130 -0.147717 -0.117141 -0.279868 -0.219573 -0.097298 -0.392837 -0.311946 -0.280502 -0.262943 -0.042014 -0.151626 0.180107 -0.021577 0.084930 -0.012984 -0.323147 -0.284092 -0.080671 -0.094329 -0.174624 0.218111 -0.356157 -0.438434 -0.462177
0.334406 0.256218 -0.206012 -0.330053 -0.025877 -0.352031 0.068120 0.058744 -0.076927 0.012795 0.325999 0.240233 0.329767 0.135781 -0.157588 0.050034 0.337246 0.239014 -0.359208 -0.183777 -0.075002 -0.245987 -0.107758 -0.176144 0.057439 -0.058609 -0.300796 -0.321508 0.447150 0.286379 0.323100 0.346937 0.598218 1.000000 0.078668 0.078028 0.270591 0.031910 -0.283467 -0.127168 0.175232 0.195988 -0.126163 -0.308308 -0.058333 -0.138607 -0.496493 -0.332773 -0.203625 -0.251278 0.165666 -0.392606 -0.451069 -0.379312 -0.496666 -0.541509 0.348995 0.039341 -0.276418 -0.317257 0.220381 0.437375 0.310626 0.359872 0.363834 0.152224 -0.000187 -0.019779 -0.043553 -0.187587 -0.140589 -0.142812 0.220693 0.242486 0.278565 0.241616 0.119170 0.016917 0.473949 0.394984 0.440444 0.501144 -0.113092 -0.108638 0.046652 -0.218655 -0.332709 -0.382909 -0.358257 -0.507268 -0.549685 -0.465350 -0.239917 -0.245062 -0.124554 -0.153838 -0.390286 -0.317662 -0.432120 -0.397205 -0.336537 -0.228124 -0.129798 0.089382 0.173995 0.169449 0.091844 -0.192612 0.014763 -0.071270 -0.239994 -0.346941 0.024484 -0.327332 -0.367606 -0.215225
-0.212030 -0.103599 -0.066782 -0.042522 0.166763 0.093979 -0.101486 -0.034648 0.171708 0.020620 0.125559 0.115041 0.039775 0.003298 0.012677 0.081098 -0.154441 -0.036845 0.039882 -0.003342 0.223408 0.152323 0.212583 0.014679 0.373550 0.411390 0.101695 0.146452 0.021359 0.019150 0.096889 0.092646 -0.214587 0.078668 1.000000 0.291053 -0.100239 -0.107075 -0.243985 -0.505247 -0.018701 -0.079117 0.293721 0.206154 0.039078 0.174369 0.125705 0.098267 -0.186351 -0.042659 0.291894 -0.081382 0.096187 -0.175723 -0.275608 -0.141428 -0.332531 -0.291150 -0.193382 0.037477 -0.280434 -0.211765 -0.246528 -0.229342 -0.006378 -0.098500 0.122751 0.511970 -0.154423 -0.006727 0.032070 0.019375 -0.021743 0.087067 0.025772 -0.104344 0.269196 0.316618 -0.065856 -0.050616 0.085399 0.021310 -0.067385 0.029811 0.158181 0.240905 -0.535017 -0.442507 0.013328 -0.079978 -0.371071 -0.209492 -0.030255 -0.183722 0.116868 -0.040321 -0.262976 0.106260 -0.105371 -0.008250 -0.106507 -0.323949 -0.250531 -0.162118 0.193475 -0.057162 -0.153316 -0.065811 0.314808 -0.471401 0.229783 0.022511 -0.240655 0.102795 0.297155 0.211438
-0.291127 0.139791 -0.407582 0.451187 -0.288894 0.317834 -0.376899 0.121215 0.060382 0.132795 0.127493 0.530493 0.182210 0.383945 0.055140 0.158799 0.096426 0.122587 -0.336686 0.077305 -0.007067 -0.388291 0.116731 0.103834 -0.223485 0.157982 0.154403 0.352813 -0.044822 0.437210 -0.347790 -0.254382 -0.044206 0.078028 0.291053 1.000000 0.085362 0.034127 -0.258381 0.023650 -0.333237 -0.392515 -0.123261 0.182929 0.049036 0.331455 -0.064886 0.155959 -0.255680 -0.257156 0.277175 0.015734 0.012509 -0.336621 -0.105762 -0.065277 -0.284297 -0.245039 -0.535729 -0.258808 -0.374234 -0.129742 -0.165039 -0.169223 -0.255928 0.396322 -0.297005 0.445293 -0.307583 -0.015788 0.255971 0.122053 0.364115 0.358661 0.469219 0.186283 0.335083 0.277381 0.251965 0.194288 0.203286 0.049370 -0.153221 -0.116471 0.292688 0.330760 -0.079320 -0.255114 0.124465 0.251691 -0.175132 -0.320145 0.136387 -0.270596 -0.609302 -0.529705 -0.174894 -0.308319 -0.162286 -0.180350 -0.096542 -0.382608 -0.179908 -0.401299 0.240433 -0.006857 0.023555 -0.172286 -0.332928 -0.446379 0.456024 -0.066288 -0.073971 -0.063309 -0.154046 -0.292828
