1.000000 0.262604 0.481140 0.354503 -0.239753 0.127171 0.469200 0.285507 -0.309587 -0.275877 0.249188 -0.095331 0.151057 -0.365622 -0.048059 -0.222709 -0.110219 -0.185555 0.312761 0.395660 -0.124763 -0.060595 0.466904 0.152777 -0.289380 -0.236987 0.037210 0.104268 -0.064903 -0.244834 0.015825 -0.039239 -0.280012 -0.210024 -0.175143 -0.128608 -0.075775 -0.391557 -0.264420 -0.346283 -0.000241 -0.067188 -0.116514 -0.133579 -0.224570 -0.224695 -0.250094 -0.067186 -0.045564 -0.212120 0.040421 -0.164009 0.185264 -0.116295 -0.312272 -0.322038 0.317904 0.276279 0.122781 -0.033360 0.131106 -0.147995 0.026170 -0.121364 0.247470 -0.247236 -0.044683 -0.116359 0.341210 0.281099 -0.035892 -0.497343 -0.388664 0.018362 -0.082730 0.003290 -0.097448 -0.204014 0.043088 -0.302113 -0.164524 -0.135927 -0.054373 -0.132703 -0.111183 -0.163720 -0.186411 -0.322834 0.264794 0.351022 0.297852 0.002858 0.129273 0.107721 -0.163052 -0.111237 -0.375239 -0.268207 -0.211374 -0.126066 -0.054239 -0.232298 -0.239479 -0.128657 -0.076358 0.013574 -0.003344 0.012166 0.014976 -0.356414 -0.292716 -0.183145 -0.126639 0.118889 0.104316 0.064543
0.262604 1.000000 0.194403 0.307539 0.204582 -0.052249 0.320640 0.534509 0.024691 0.047077 -0.035877 0.304298 -0.095731 -0.038117 0.015553 0.155897 -0.155852 0.064555 0.267286 0.660064 0.019053 -0.073142 0.033743 -0.033468 -0.259480 -0.427900 0.000755 0.088340 -0.042270 -0.172474 -0.330269 -0.417849 -0.322059 -0.253108 -0.254006 -0.190044 -0.047573 -0.356946 -0.273358 -0.227652 -0.155987 -0.334823 -0.103001 -0.076875 -0.171691 -0.182897 -0.254196 0.064770 -0.232057 -0.171747 -0.301137 -0.149915 -0.198015 -0.279765 -0.182673 -0.249090 0.053550 0.306862 -0.106743 -0.019681 -0.057053 0.122792 -0.098849 0.012129 -0.109957 0.016603 -0.238746 -0.192685 0.443466 0.280589 -0.117561 -0.242818 -0.226719 0.004839 -0.153362 -0.221959 -0.146050 -0.243240 -0.022348 -0.348807 0.094807 0.024367 -0.043267 0.172005 -0.095189 -0.099527 -0.060871 -0.153122 0.013779 0.143517 0.365363 0.215717 0.242806 -0.002366 -0.087871 0.106774 -0.125245 -0.221006 0.112817 0.034182 0.097238 -0.020464 0.015310 -0.035493 -0.054514 -0.044020 0.054988 0.013330 0.096271 -0.267620 -0.326794 0.084037 0.256430 0.220938 0.030258 0.073755
0.481140 0.194403 1.000000 0.320676 0.088329 -0.143762 0.819191 0.645286 0.081875 0.006587 0.087585 -0.227496 0.245415 -0.215821 -0.132542 -0.169496 -0.162639 -0.060236 0.466704 0.399150 -0.174795 -0.075274 0.607882 0.204318 0.187019 -0.317498 -0.154205 -0.222864 -0.285706 -0.226562 -0.060026 0.042549 -0.190039 -0.077906 -0.261950 -0.068666 -0.211242 -0.416922 -0.148273 -0.107640 -0.233154 -0.114686 -0.287748 -0.262034 -0.365310 -0.325416 -0.226867 -0.197778 -0.196080 -0.438442 -0.134510 -0.532507 0.076495 -0.400927 -0.219761 -0.268087 -0.146211 -0.252017 0.350006 0.089313 0.398148 0.013823 0.190462 -0.038246 0.448037 0.114596 0.374086 -0.014108 0.259495 0.187439 -0.193772 -0.306910 -0.328184 0.082769 -0.177615 -0.093974 -0.210678 -0.105361 -0.122897 -0.241084 -0.275233 -0.227481 -0.154774 -0.184158 -0.337365 -0.228358 -0.212600 -0.342227 0.269232 0.383001 0.096395 -0.284014 0.074597 0.125331 -0.093112 -0.048656 -0.286817 -0.130692 -0.304259 -0.467385 0.151525 -0.056355 0.055232 0.002306 -0.013827 0.116942 -0.090631 -0.208272 0.170054 -0.069711 -0.252681 -0.058242 -0.142697 -0.130829 -0.157169 -0.128953
0.354503 0.307539 0.320676 1.000000 -0.115111 0.354880 0.145285 0.458619 -0.292205 -0.229810 0.031475 0.226401 -0.232585 -0.545733 -0.032304 -0.277650 -0.304155 -0.281580 0.647015 0.308091 0.003717 0.152185 0.529410 0.559925 -0.097241 0.139647 0.184994 0.370840 -0.224211 -0.348356 -0.069205 0.245133 -0.412110 -0.315957 0.106025 -0.137233 -0.018901 -0.156233 0.054781 -0.097231 -0.109530 -0.192990 -0.125963 -0.028676 -0.348064 -0.333272 -0.265488 -0.005661 -0.047818 -0.270670 0.136405 -0.165931 0.053599 -0.232911 -0.006304 -0.176871 -0.046057 -0.003821 -0.274081 -0.204725 -0.348669 -0.624045 -0.055400 -0.500513 0.004137 -0.280144 -0.087549 -0.146378 0.237592 0.082207 -0.250545 -0.290951 -0.573402 0.071706 -0.016642 0.055326 -0.226592 -0.117476 -0.077210 -0.128912 -0.386474 -0.408469 -0.132354 -0.005128 -0.032960 0.250466 0.049201 0.220089 0.374728 0.457808 0.158541 -0.060263 0.422666 0.151651 -0.056939 -0.016691 -0.068238 -0.069896 -0.036483 -0.169942 0.085943 -0.075688 -0.100679 0.102467 0.061565 0.068931 0.024933 0.078120 0.065712 -0.005068 0.009609 0.078737 -0.233240 0.122294 0.080079 0.094133
-0.239753 0.204582 0.088329 -0.115111 1.000000 -0.048897 0.022326 0.277631 0.860532 0.656188 -0.018743 0.135920 -0.104528 0.188143 0.435312 0.617509 -0.016092 -0.090467 -0.026484 0.054228 0.384957 0.317362 -0.199856 0.006813 0.504430 -0.150153 0.242430 -0.008854 0.046831 0.101744 -0.200514 -0.177238 0.058649 0.053388 -0.120025 0.042931 -0.107719 -0.098200 -0.060937 0.030097 -0.003741 -0.223857 -0.017686 -0.054560 0.092817 0.090264 -0.085152 0.001510 -0.133275 0.037099 -0.280258 -0.037824 -0.284550 -0.223029 -0.088916 -0.199504 -0.393331 -0.245238 0.000235 -0.062941 0.110055 0.178987 -0.079036 0.095789 0.043009 0.315879 -0.042269 0.124611 -0.182893 0.144697 -0.021502 0.255739 0.254668 0.075737 -0.195354 -0.222107 -0.072564 0.021166 -0.127585 -0.249941 0.126983 0.101769 0.218741 0.331312 -0.098854 -0.320035 -0.187859 -0.157800 -0.329765 -0.316527 -0.111624 -0.144437 -0.020104 0.106167 0.046604 0.235605 0.126774 -0.060339 -0.017127 -0.060359 0.195198 -0.002600 0.119735 -0.091778 -0.199759 -0.229761 0.004973 -0.152255 0.179801 -0.031084 -0.199965 -0.035694 -0.022872 -0.076840 -0.246106 0.047525
0.127171 -0.052249 -0.143762 0.354880 -0.048897 1.000000 -0.317768 -0.098052 -0.153906 -0.059540 0.232601 0.321510 0.138423 -0.255177 0.263352 -0.090733 -0.264721 -0.494478 -0.134975 -0.200140 0.145741 0.226596 0.162860 0.336821 -0.227296 0.469483 0.720276 0.800042 -0.001668 -0.337255 -0.074644 0.049703 -0.175121 -0.170069 0.153661 0.129429 -0.099731 -0.014534 0.062725 -0.207977 0.198951 -0.294529 -0.066444 0.081495 -0.274336 -0.278318 -0.218598 -0.096439 0.427555 -0.287625 0.182964 0.010944 0.190262 -0.062321 0.002942 -0.157684 0.038460 -0.019285 0.034879 -0.201212 -0.062572 -0.400308 -0.359718 -0.549263 -0.030212 -0.260464 -0.058426 0.056936 -0.249802 0.066868 -0.060082 -0.165085 -0.200763 -0.152521 -0.147769 0.260423 -0.005222 0.273746 0.046750 -0.190128 -0.155791 -0.282132 0.032770 -0.014451 0.130595 0.265238 0.049797 0.095396 0.390512 0.290212 0.044061 -0.026804 0.241059 0.153214 -0.252945 0.109124 -0.106400 -0.280293 -0.141061 -0.123556 -0.013130 -0.156335 -0.180583 0.044999 0.010480 -0.064115 0.126166 0.244224 -0.069665 -0.183924 0.088121 0.108082 -0.288037 0.176984 0.174154 0.195492
0.469200 0.320640 0.819191 0.145285 0.022326 -0.317768 1.000000 0.672422 -0.019235 0.038104 -0.060776 -0.247203 0.215240 -0.068495 -0.287337 -0.069850 -0.068291 0.060340 0.355491 0.516533 -0.212333 -0.160543 0.382112 -0.100460 0.031579 -0.575004 -0.221522 -0.385063 -0.390005 -0.120072 -0.115857 -0.170686 -0.081762 -0.042257 -0.294422 -0.065150 -0.079112 -0.424694 -0.209078 -0.022797 -0.304854 0.037006 -0.278411 -0.361005 -0.215366 -0.208172 -0.127059 -0.180964 -0.332266 -0.383222 -0.292013 -0.543250 0.115438 -0.444564 -0.174620 -0.183349 0.072324 -0.038601 0.352147 0.197667 0.478045 0.223985 0.296479 0.231075 0.343872 0.165748 0.288264 -0.096038 0.439210 0.163357 -0.088084 -0.325651 -0.253086 0.086705 -0.113865 -0.163874 -0.148269 -0.139978 -0.131617 -0.275027 -0.189722 -0.134208 -0.194118 -0.177076 -0.488706 -0.356596 -0.228220 -0.474205 0.157896 0.279994 0.261475 -0.149824 0.019648 -0.039451 -0.038152 -0.075203 -0.169166 0.002484 -0.191181 -0.325250 0.248627 -0.002455 0.160858 0.029506 0.051344 0.165788 -0.050899 -0.280111 0.084409 -0.066198 -0.238122 -0.129481 -0.004709 -0.038435 -0.164366 -0.108890
0.285507 0.534509 0.645286 0.458619 0.277631 -0.098052 0.672422 1.000000 0.135424 0.257664 -0.052103 0.110290 -0.159231 -0.161529 -0.066659 0.156034 -0.297181 -0.150015 0.449695 0.498956 -0.084110 -0.083475 0.337789 0.158677 0.157610 -0.438365 0.072952 -0.153527 -0.265203 -0.040658 -0.081325 -0.097758 -0.099333 -0.028486 -0.132579 -0.045326 -0.090593 -0.487526 -0.287783 -0.134447 -0.238446 -0.197076 -0.178701 -0.218787 -0.156998 -0.130162 -0.287005 -0.166164 -0.455191 -0.281289 -0.325917 -0.430409 -0.148966 -0.442245 -0.341174 -0.370117 -0.149134 -0.024196 -0.041838 -0.046605 0.175286 0.002058 0.079456 -0.036622 0.219926 0.187683 -0.040421 0.051608 0.345282 0.201908 -0.181000 -0.283412 -0.294810 -0.019747 -0.266609 -0.101745 -0.244137 -0.118293 -0.130074 -0.425780 -0.128314 -0.178915 0.012233 0.182232 -0.317069 -0.370903 -0.257372 -0.351438 0.005097 0.092956 0.139537 -0.205078 0.262928 0.050732 -0.178763 -0.024108 -0.200557 -0.155184 -0.254313 -0.261246 0.326145 0.061744 0.201203 0.128470 0.061926 0.066004 0.088255 -0.085828 0.070296 -0.216710 -0.340155 -0.190356 -0.033108 0.053739 -0.010441 0.053467
-0.309587 0.024691 0.081875 -0.292205 0.860532 -0.153906 -0.019235 0.135424 1.000000 0.693051 0.019466 0.069219 0.009361 0.324944 0.467361 0.609768 0.037107 0.070204 -0.206520 -0.104072 0.235450 0.129235 -0.190420 0.019215 0.552256 -0.028989 0.080260 -0.157631 0.121043 0.248062 -0.099118 -0.105146 0.264029 0.131483 -0.024722 0.000205 -0.148222 -0.023984 -0.102403 0.029921 0.003460 -0.182558 -0.070032 -0.087600 0.076341 0.033358 -0.064020 -0.107485 -0.111087 0.039313 -0.244647 0.019345 -0.202258 -0.094683 -0.072494 -0.153810 -0.394450 -0.271937 0.049436 0.011885 0.166309 0.250339 -0.063427 0.136523 0.108269 0.297270 0.037762 0.124509 -0.280211 0.096058 0.091063 0.393132 0.361732 0.050010 -0.228863 -0.138993 0.006974 0.141716 -0.095477 -0.196308 0.162875 0.123251 0.162201 0.277460 -0.087201 -0.330054 -0.223236 -0.139305 -0.391771 -0.303555 -0.170648 -0.163090 -0.137955 0.099553 -0.010236 0.133713 0.062574 -0.057879 -0.105294 -0.067330 0.206248 0.044820 0.185227 -0.039665 -0.196233 -0.192919 -0.004585 -0.182528 0.117416 -0.071033 -0.211738 -0.080629 0.005407 -0.123003 -0.309231 0.003249
-0.275877 0.047077 0.006587 -0.229810 0.656188 -0.059540 0.038104 0.257664 0.693051 1.000000 -0.120618 0.096468 -0.078791 0.199248 0.400978 0.706776 0.052455 0.142185 -0.087381 0.111107 0.189532 0.087825 -0.423607 -0.102054 0.479499 -0.024024 0.258173 -0.204234 0.058330 0.301372 0.008263 -0.182979 0.181771 0.039914 -0.187102 0.020507 0.030035 0.029624 -0.062520 0.075373 -0.096323 -0.156521 -0.096425 -0.145144 0.166280 0.111961 0.007787 -0.103774 -0.245806 0.039829 -0.307314 -0.012096 -0.125516 -0.053117 -0.051447 -0.201808 -0.377999 -0.202095 -0.054289 -0.080507 0.134542 0.174657 0.022122 0.060429 0.031336 0.321591 -0.085979 0.074145 0.049252 0.084370 0.053525 0.258016 0.196061 0.016986 -0.195411 -0.057234 0.058936 0.111383 -0.084555 -0.270655 0.156965 0.132839 0.280370 0.389516 -0.145688 -0.446899 -0.056692 -0.153114 -0.287501 -0.437441 -0.054709 -0.026546 0.002959 0.112277 0.052575 0.108185 0.065470 0.051987 -0.084890 0.035798 0.063407 -0.006315 0.138602 -0.049029 -0.126720 -0.135346 -0.080482 -0.275130 0.004237 -0.017786 -0.086561 -0.097541 0.047427 -0.134885 -0.251829 0.027616
0.249188 -0.035877 0.087585 0.031475 -0.018743 0.232601 -0.060776 -0.052103 0.019466 -0.120618 1.000000 0.436912 0.542819 0.196656 0.284888 0.023023 0.145907 -0.214401 -0.024906 -0.066976 -0.205413 -0.111405 0.215553 0.083317 -0.093183 0.072798 -0.031484 0.134170 0.434864 -0.032471 0.229021 0.224765 0.019703 0.268142 -0.034443 0.232266 -0.158344 -0.043952 0.008101 -0.009667 -0.171403 -0.072855 -0.172955 -0.199665 -0.112791 -0.039448 -0.408908 -0.250803 0.213653 -0.188198 0.041828 -0.222011 -0.225664 -0.230510 -0.205810 -0.166454 -0.212468 -0.273656 -0.120449 -0.297909 0.203668 -0.039201 0.059978 -0.105672 0.263284 0.117431 -0.039890 0.187027 -0.293088 -0.102415 -0.164421 -0.093567 -0.076267 -0.298021 0.018154 -0.059693 -0.149429 0.009514 -0.042582 -0.055890 -0.080741 -0.070059 0.238351 0.107411 0.152551 0.096421 0.061944 -0.033026 0.074298 -0.118200 -0.290354 -0.231645 -0.054009 0.278939 -0.070914 -0.167092 -0.030314 -0.001985 -0.224622 -0.128000 -0.108170 -0.056733 -0.186905 0.023217 0.022857 0.034550 0.046865 0.038624 -0.188707 -0.159956 0.166572 -0.097889 -0.264267 0.022280 0.033772 -0.115548
-0.095331 0.304298 -0.227496 0.226401 0.135920 0.321510 -0.247203 0.110290 0.069219 0.096468 0.436912 1.000000 0.028439 0.247475 0.082524 0.153981 -0.177060 -0.241582 0.001854 -0.031468 -0.116726 -0.022525 0.010759 0.022445 -0.194927 0.050061 0.226767 0.289857 0.134462 -0.063247 0.122553 0.040428 0.115013 0.318495 0.058539 0.213407 -0.195342 -0.003650 0.092028 0.158389 -0.101821 -0.080237 -0.036202 0.019016 -0.141369 0.037310 -0.154137 -0.028223 -0.014884 -0.137508 -0.074026 -0.037964 -0.289258 -0.054582 0.030299 0.136183 -0.192304 -0.071882 -0.454865 -0.384279 -0.207495 -0.149140 -0.302830 -0.287024 -0.142542 0.098315 -0.395060 0.063263 -0.148275 -0.292129 -0.171069 -0.052978 -0.263289 -0.286822 -0.030243 0.020540 -0.038162 0.122782 -0.268093 0.001961 -0.223322 -0.253324 0.055548 0.238366 -0.055828 0.096242 0.082833 0.100853 -0.125628 -0.121161 -0.278720 -0.055016 0.177561 0.233685 -0.077106 -0.115462 0.355425 0.147157 0.066842 0.164964 -0.016716 0.028240 -0.077058 0.298148 0.335555 0.239152 0.199182 0.172457 -0.196931 0.005486 0.291069 0.100812 -0.101675 0.150106 0.189939 -0.072006
0.151057 -0.095731 0.245415 -0.232585 -0.104528 0.138423 0.215240 -0.159231 0.009361 -0.078791 0.542819 0.028439 1.000000 0.362582 0.110819 0.010053 0.068540 -0.033748 -0.235378 -0.026486 -0.109160 -0.116989 0.142247 -0.027677 -0.140572 0.079774 -0.099745 0.051699 0.165337 -0.102172 -0.149077 -0.084388 0.054958 0.158888 -0.156400 0.231975 -0.102989 0.059319 -0.008338 -0.048789 -0.063033 -0.016534 -0.415467 -0.412337 -0.274920 -0.288076 -0.339040 -0.350051 0.318007 -0.470952 -0.097047 -0.302608 0.006940 -0.283747 -0.150493 -0.176072 -0.169000 -0.305922 0.423962 0.030363 0.477036 0.207846 0.062317 -0.050787 0.235058 0.158430 0.371472 0.158267 -0.040169 0.157179 0.031046 0.101941 0.075970 0.000062 -0.010895 -0.155263 0.003642 0.067384 0.020352 0.008508 -0.020913 0.008628 -0.104634 -0.181389 -0.079111 -0.040977 0.017215 -0.194019 0.106930 -0.009642 0.026089 0.023601 -0.024515 0.166066 0.017870 -0.002610 -0.088853 -0.061692 -0.173810 -0.170635 0.031563 -0.082817 0.011456 -0.027545 -0.027468 0.044860 0.054499 0.041382 -0.017852 -0.113807 0.140443 0.200480 -0.083349 0.102678 0.035781 0.003958
-0.365622 -0.038117 -0.215821 -0.545733 0.188143 -0.255177 -0.068495 -0.161529 0.324944 0.199248 0.196656 0.247475 0.362582 1.000000 -0.001807 0.414635 0.220385 0.226579 -0.433651 -0.171351 -0.044332 -0.239289 -0.351912 -0.353749 -0.064305 -0.197659 -0.139253 -0.309882 0.210939 0.352373 0.130235 -0.165911 0.516964 0.285429 -0.128089 0.273357 -0.004129 0.202136 0.122128 0.310637 -0.001445 0.128050 -0.073801 -0.312320 0.003621 0.058187 0.046128 -0.230707 0.021868 0.063467 -0.307353 0.016311 -0.176973 -0.061555 0.135515 0.216863 -0.131577 -0.183555 0.099955 0.183326 0.236756 0.567080 -0.031426 0.371383 -0.189939 0.446834 0.010132 -0.016628 -0.247423 -0.257494 0.184260 0.293187 0.437269 0.060935 0.153705 0.034733 0.166678 0.170218 -0.139911 0.048318 0.026750 0.035064 -0.079284 0.056424 -0.253827 -0.280053 0.062614 -0.234272 -0.485544 -0.407393 -0.203116 0.016653 -0.189537 -0.147097 0.107143 -0.096279 0.319525 0.171261 -0.002162 0.057852 0.268930 0.300764 0.471459 0.297341 0.228659 0.224356 0.153695 -0.029979 -0.101339 0.074920 0.085827 -0.012913 0.045008 0.052327 0.039897 -0.204066
-0.048059 0.015553 -0.132542 -0.032304 0.435312 0.263352 -0.287337 -0.066659 0.467361 0.400978 0.284888 0.082524 0.110819 -0.001807 1.000000 0.561157 -0.025631 -0.120006 -0.174668 -0.072376 0.226069 0.085352 -0.066089 0.209937 0.231404 0.293226 0.326738 0.322154 0.502066 0.223832 0.051744 0.119610 -0.099976 -0.097111 0.020423 -0.147125 -0.175619 -0.128369 -0.222533 -0.306234 0.007807 -0.364817 0.211715 0.231783 0.253719 0.106914 -0.197534 0.119859 0.129789 0.221143 0.071873 0.092268 -0.307069 -0.184986 -0.257863 -0.400045 -0.270209 -0.153597 -0.147951 -0.249868 -0.036049 -0.130947 -0.080092 -0.243616 0.122187 -0.075015 -0.211729 0.082747 -0.366727 0.345281 -0.001427 0.063572 0.313900 -0.126459 -0.155467 -0.050085 -0.307053 -0.142420 0.147260 -0.244779 0.255647 0.141273 0.613288 0.476501 0.444088 0.004246 0.101521 0.093556 -0.024346 -0.208837 -0.066464 -0.100613 0.042909 0.055313 -0.180762 0.050784 -0.182080 -0.341743 0.051539 0.053334 -0.137826 -0.295804 -0.228491 -0.423997 -0.503820 -0.540723 -0.179276 -0.103241 -0.084001 -0.379251 -0.144228 0.046941 -0.077459 0.021470 -0.101309 0.257470
-0.222709 0.155897 -0.169496 -0.277650 0.617509 -0.090733 -0.069850 0.156034 0.609768 0.706776 0.023023 0.153981 0.010053 0.414635 0.561157 1.000000 0.050818 0.164006 -0.256258 0.095779 0.369608 0.082298 -0.345510 -0.041318 0.327156 0.008044 0.129353 -0.110630 0.332947 0.453958 -0.025296 -0.202066 0.237102 0.001332 -0.153176 0.165111 0.040069 -0.120247 -0.140582 -0.066728 -0.002654 -0.229496 0.043097 -0.054748 0.274033 0.244232 -0.139606 -0.010398 -0.184592 0.191128 -0.338603 0.065043 -0.389138 -0.199791 -0.158902 -0.316194 -0.268880 -0.090963 -0.084482 -0.168796 0.095840 0.205306 0.001946 0.084436 -0.089056 0.319212 -0.255642 0.057936 -0.096636 0.240661 0.089647 0.190194 0.432730 0.021718 -0.177135 -0.155545 -0.112385 -0.074266 0.084515 -0.273132 0.332470 0.321370 0.362835 0.504206 0.028732 -0.482338 0.009542 -0.153655 -0.453565 -0.626782 -0.000546 0.072620 0.129327 0.018118 0.083689 0.112316 0.073593 -0.124374 0.013741 0.146737 0.078942 -0.090595 0.110205 -0.207273 -0.338794 -0.350317 -0.082989 -0.216557 -0.079237 -0.212850 -0.133962 -0.039632 0.084541 0.053363 -0.158964 0.094251
-0.110219 -0.155852 -0.162639 -0.304155 -0.016092 -0.264721 -0.068291 -0.297181 0.037107 0.052455 0.145907 -0.177060 0.068540 0.220385 -0.025631 0.050818 1.000000 0.372461 -0.092165 0.019393 -0.018799 -0.069782 -0.316595 -0.202467 0.088836 -0.090598 -0.178937 -0.295580 0.188848 0.275492 0.229895 0.076484 0.077477 0.020190 -0.199862 -0.032477 0.256816 0.244828 0.232441 0.276753 -0.266591 0.161233 0.000195 -0.037224 0.171701 0.122260 0.173053 0.084322 -0.059642 0.266242 -0.129550 -0.062933 -0.094864 -0.072947 0.137446 0.224871 0.196225 0.123781 -0.037731 0.076215 0.051606 0.178428 0.471342 0.373770 -0.018503 0.134021 0.087938 -0.170121 0.026480 -0.087145 0.039944 0.282127 0.257720 -0.021749 0.150690 0.037921 0.032925 -0.014512 0.257112 0.271567 0.213325 0.342647 0.009523 -0.060128 -0.023106 -0.033395 0.084914 0.008291 -0.113359 -0.121949 -0.154352 -0.129644 -0.442403 -0.407183 0.238570 -0.094493 0.184506 0.235361 -0.048297 -0.082762 -0.268436 -0.034854 -0.110786 -0.163533 -0.107494 -0.010723 -0.258658 -0.355276 -0.026775 0.117545 0.109355 -0.114915 0.042032 -0.314152 -0.344166 -0.215696
-0.185555 0.064555 -0.060236 -0.281580 -0.090467 -0.494478 0.060340 -0.150015 0.070204 0.142185 -0.214401 -0.241582 -0.033748 0.226579 -0.120006 0.164006 0.372461 1.000000 -0.038627 0.196569 -0.015917 -0.192614 -0.390171 -0.243519 0.128347 -0.079596 -0.421133 -0.499711 0.078698 0.470479 0.142936 -0.032298 0.144585 -0.038181 -0.239744 -0.099654 0.286871 0.163167 0.237238 0.203135 -0.051130 0.188626 -0.188708 -0.241416 -0.037722 -0.069439 0.049312 -0.078135 -0.272090 0.082797 -0.226894 -0.027584 -0.124021 0.047656 0.250772 0.077977 0.050174 0.062672 0.001925 0.132190 -0.015009 0.208413 0.315329 0.307456 -0.018907 0.155304 0.094336 -0.303275 0.249502 0.018149 0.166350 0.186720 0.241030 0.307988 0.203745 0.005647 0.041912 -0.116678 0.162939 0.240084 0.169317 0.379804 -0.140486 0.011845 0.010204 -0.127963 0.120906 0.063028 -0.078781 -0.165966 0.030913 0.180713 -0.090961 -0.195703 0.386140 0.018944 0.068913 0.227889 0.108844 0.082964 -0.158004 0.000048 0.096882 -0.166736 -0.148963 -0.050251 -0.258555 -0.329115 0.089642 0.276405 0.027185 0.102081 0.364630 -0.232948 -0.328413 -0.177381
0.312761 0.267286 0.466704 0.647015 -0.026484 -0.134975 0.355491 0.449695 -0.206520 -0.087381 -0.024906 0.001854 -0.235378 -0.433651 -0.174668 -0.256258 -0.092165 -0.038627 1.000000 0.528464 -0.096996 0.109890 0.377024 0.266961 0.086273 -0.155361 -0.091377 -0.058460 -0.152916 -0.278493 0.095903 0.300362 -0.372305 -0.075655 -0.126837 -0.196817 0.005285 -0.178053 0.078532 0.081260 -0.174620 0.068537 -0.129873 -0.128450 -0.282112 -0.199908 -0.075032 0.062156 -0.350894 -0.253360 0.021555 -0.355624 -0.030496 -0.186931 -0.032231 -0.040570 -0.178904 -0.061577 -0.251409 -0.183089 -0.170251 -0.287298 0.178083 -0.053475 0.078025 -0.144017 -0.014323 -0.141171 0.401092 -0.091372 -0.458238 -0.295088 -0.558010 -0.051396 -0.007023 -0.134678 -0.107475 -0.245602 -0.242730 -0.066421 -0.308746 -0.267825 0.049768 0.027698 -0.064528 0.201014 0.096554 0.188984 0.273295 0.304169 0.072719 -0.186151 0.089075 0.155237 0.115121 -0.079866 -0.029241 0.133275 -0.053066 -0.234317 -0.040689 0.010723 -0.110771 0.132807 0.152200 0.185175 -0.096626 -0.101962 0.090086 0.186756 0.113734 -0.010252 -0.164655 -0.108244 -0.050068 -0.168015
0.395660 0.660064 0.399150 0.308091 0.054228 -0.200140 0.516533 0.498956 -0.104072 0.111107 -0.066976 -0.031468 -0.026486 -0.171351 -0.072376 0.095779 0.019393 0.196569 0.528464 1.000000 -0.021690 -0.054687 0.043647 0.039214 -0.187535 -0.390935 -0.066263 -0.148616 -0.058160 -0.020312 -0.124961 -0.170076 -0.421806 -0.276083 -0.414230 -0.162721 0.174296 -0.181182 -0.111400 -0.137808 -0.156714 -0.032146 -0.251475 -0.181302 -0.158309 -0.129845 -0.060591 0.128561 -0.366176 -0.139087 -0.321571 -0.222297 -0.128145 -0.179212 -0.149363 -0.132116 -0.057371 0.194807 -0.111462 -0.113134 -0.093007 -0.036845 0.103349 0.024964 -0.119542 -0.081800 -0.215069 -0.378634 0.630823 0.249994 -0.223144 -0.318762 -0.270775 0.049763 0.006649 -0.157121 -0.041157 -0.255943 0.025399 -0.295852 0.094635 0.142331 -0.018977 0.209714 -0.183208 -0.220139 -0.019045 -0.065153 0.048755 0.122218 0.287090 0.158857 0.149236 -0.031912 0.143491 0.091584 -0.159812 -0.034161 0.103903 -0.005835 -0.080831 -0.089805 -0.116228 -0.139830 -0.128876 0.013818 -0.232569 -0.244308 0.201741 -0.059099 -0.112505 0.136182 0.311627 0.015252 -0.164132 -0.097126
-0.124763 0.019053 -0.174795 0.003717 0.384957 0.145741 -0.212333 -0.084110 0.235450 0.189532 -0.205413 -0.116726 -0.109160 -0.044332 0.226069 0.369608 -0.018799 -0.015917 -0.096996 -0.021690 1.000000 0.547654 -0.149778 0.170580 0.245852 0.252546 0.305641 0.312700 0.107674 0.116160 -0.226770 -0.120508 0.053769 -0.059349 0.185352 0.170667 0.124790 0.171317 0.003016 -0.104427 0.400494 -0.033439 0.004534 -0.018705 0.036120 0.035629 -0.208594 -0.036668 -0.045662 -0.021823 -0.165743 0.058562 -0.107450 -0.085357 -0.049852 -0.309114 -0.016303 0.016675 -0.011278 -0.025231 -0.052906 -0.030773 -0.104243 -0.085066 -0.233336 -0.125274 -0.069580 0.197660 -0.117087 0.379258 0.181588 0.144468 0.280415 0.237689 -0.026138 -0.021591 0.181745 0.134549 0.102209 -0.175233 0.206038 0.127159 0.199378 0.250707 0.183275 -0.087698 0.126750 -0.018563 -0.214298 -0.232303 0.015121 0.193984 0.269205 0.162890 0.029430 0.473523 -0.140944 -0.221061 -0.056897 0.009933 0.072430 0.076082 0.084885 -0.179616 -0.326340 -0.369995 0.074771 0.109979 0.297663 0.010840 -0.095842 0.026102 -0.094555 0.107210 0.057648 0.257993
-0.060595 -0.073142 -0.075274 0.152185 0.317362 0.226596 -0.160543 -0.083475 0.129235 0.087825 -0.111405 -0.022525 -0.116989 -0.239289 0.085352 0.082298 -0.069782 -0.192614 0.109890 -0.054687 0.547654 1.000000 0.061218 0.213350 0.254802 0.203688 0.366264 0.347977 -0.133542 -0.262034 -0.238050 0.060033 -0.277408 -0.046528 -0.037390 0.082548 0.068474 0.156116 0.176724 0.104259 0.149486 0.105799 -0.083349 -0.005378 -0.097084 -0.049933 -0.117936 -0.065902 0.061134 -0.062112 0.076863 0.096864 0.149204 -0.013272 0.167803 -0.060307 -0.219301 -0.136928 0.007871 0.080463 -0.192548 -0.190231 -0.149605 -0.117872 -0.246380 -0.102930 0.130610 0.267600 0.089965 0.149116 -0.141508 0.143581 -0.098239 0.166066 0.115432 -0.236982 0.211456 0.055640 -0.156929 -0.012448 -0.020353 -0.038914 0.069722 0.012453 0.170587 0.055917 0.156842 0.072395 0.056095 -0.056076 -0.113460 0.095722 0.005747 0.122295 0.077868 0.250349 0.028040 0.019077 -0.060965 0.023414 -0.211830 -0.194115 -0.277436 0.002934 -0.067735 -0.125589 -0.038656 0.024951 0.130532 0.221692 0.065864 0.135662 -0.102499 -0.024630 -0.020392 0.061125
0.466904 0.033743 0.607882 0.529410 -0.199856 0.162860 0.382112 0.337789 -0.190420 -0.423607 0.215553 0.010759 0.142247 -0.351912 -0.066089 -0.345510 -0.316595 -0.390171 0.377024 0.043647 -0.149778 0.061218 1.000000 0.453097 -0.008858 0.078483 -0.026713 0.170350 -0.295716 -0.368952 -0.058722 0.273416 -0.233349 -0.012792 0.125396 0.090857 -0.265246 -0.348469 -0.045207 -0.146187 -0.129716 -0.142014 -0.090411 0.031521 -0.325831 -0.237970 -0.247407 -0.114714 0.105728 -0.323652 0.236435 -0.273876 0.127376 -0.215485 -0.119340 -0.159272 -0.043038 -0.073787 0.089167 -0.056642 0.098890 -0.297085 -0.067486 -0.265001 0.320647 -0.126059 0.173064 0.052128 0.001139 0.011389 -0.265351 -0.376924 -0.511088 0.037935 -0.016624 0.000402 -0.176388 -0.045940 -0.141762 -0.018159 -0.426715 -0.420386 -0.143829 -0.375815 -0.074323 0.059597 -0.064513 -0.149049 0.382024 0.469064 0.069766 -0.263874 0.129856 0.159834 -0.158513 -0.240834 -0.168503 -0.100018 -0.229818 -0.296110 0.119516 -0.143184 -0.133200 0.085432 0.082594 0.129316 -0.009230 0.019048 -0.037817 -0.105811 0.031503 0.013309 -0.292068 0.064625 0.124333 0.006945
0.152777 -0.033468 0.204318 0.559925 0.006813 0.336821 -0.100460 0.158677 0.019215 -0.102054 0.083317 0.022445 -0.027677 -0.353749 0.209937 -0.041318 -0.202467 -0.243519 0.266961 0.039214 0.170580 0.213350 0.453097 1.000000 0.321608 0.582651 0.077198 0.437549 0.064655 -0.035386 0.085148 0.525279 -0.146236 -0.075610 0.233147 0.010473 -0.196941 -0.110453 -0.063743 -0.329953 0.099171 -0.192420 -0.216459 -0.059591 -0.213698 -0.286232 -0.356674 -0.201839 0.036541 -0.233319 0.232621 -0.045532 0.062753 -0.020413 -0.208170 -0.378805 -0.183928 -0.049985 -0.148643 -0.286398 -0.225274 -0.518067 -0.047823 -0.455702 0.019136 -0.234849 -0.083739 0.114768 -0.099860 0.258622 -0.068478 0.113320 -0.079032 0.157131 -0.064710 0.087292 -0.165474 0.012063 0.133167 0.009128 0.019186 -0.066291 0.111602 0.133658 0.249259 0.155160 0.039506 0.207988 0.119440 0.167935 -0.020824 -0.151840 0.226086 0.081348 -0.152391 0.188344 -0.305489 -0.399411 -0.276438 -0.343439 0.022850 -0.194954 -0.263496 -0.157358 -0.267514 -0.264967 -0.116359 0.119179 0.124244 -0.127849 -0.128300 0.051395 -0.245200 -0.009351 -0.010456 0.221471
-0.289380 -0.259480 0.187019 -0.097241 0.504430 -0.227296 0.031579 0.157610 0.552256 0.479499 -0.093183 -0.194927 -0.140572 -0.064305 0.231404 0.327156 0.088836 0.128347 0.086273 -0.187535 0.245852 0.254802 -0.008858 0.321608 1.000000 0.278815 -0.120083 -0.215167 0.024392 0.206976 0.160822 0.357130 0.219753 0.264726 0.050013 0.055238 -0.144373 -0.052631 -0.013193 0.085983 -0.100590 -0.034602 -0.109452 -0.137218 0.140270 0.132106 -0.133757 -0.195994 -0.292767 0.010865 -0.070302 -0.152162 -0.113308 -0.073517 -0.072081 -0.269087 -0.402524 -0.371447 -0.002835 -0.028658 0.146358 0.021080 0.275446 0.135751 0.294865 0.342006 0.199733 0.342134 -0.199124 0.096990 -0.052294 0.336636 0.277739 0.135547 -0.038360 -0.188282 -0.150849 -0.006992 -0.031803 0.102875 0.116119 0.147470 0.327815 0.201883 0.097505 -0.145777 0.009788 -0.030421 -0.165084 -0.322924 -0.289898 -0.258683 -0.120475 0.057570 0.052162 0.165100 -0.055344 0.007877 -0.251661 -0.256967 0.010113 -0.124220 -0.061460 -0.222346 -0.297581 -0.321540 -0.250316 -0.267277 0.101921 0.138332 -0.118977 -0.122553 -0.145988 -0.320394 -0.336736 0.017856
-0.236987 -0.427900 -0.317498 0.139647 -0.150153 0.469483 -0.575004 -0.438365 -0.028989 -0.024024 0.072798 0.050061 0.079774 -0.197659 0.293226 0.008044 -0.090598 -0.079596 -0.155361 -0.390935 0.252546 0.203688 0.078483 0.582651 0.278815 1.000000 0.176352 0.454446 0.212056 0.022566 0.110347 0.453064 0.046401 0.058863 0.321685 0.179793 -0.065335 0.255544 0.196708 -0.095106 0.249536 -0.053492 -0.106450 0.101610 -0.073413 -0.075325 -0.220417 -0.127221 0.289567 -0.071102 0.311902 0.192712 0.093956 0.229454 0.083709 -0.118204 -0.167148 -0.170364 -0.136108 -0.245721 -0.251063 -0.475725 -0.094822 -0.421926 -0.027400 -0.222584 -0.026836 0.147423 -0.330196 0.048888 -0.013054 0.301070 0.104537 0.029733 -0.004519 0.161225 -0.016015 0.126918 0.126338 0.207998 0.036898 -0.005155 0.217374 0.058144 0.428301 0.357907 0.334375 0.455387 0.158270 -0.061502 -0.145108 0.041820 0.148181 0.177526 -0.044110 0.129302 -0.097787 -0.159445 -0.131587 -0.038836 -0.141511 -0.181311 -0.261158 -0.191481 -0.229435 -0.281248 -0.122995 0.127178 -0.028690 0.044415 0.238658 0.163095 -0.215217 0.003877 -0.010959 0.181394
0.037210 0.000755 -0.154205 0.184994 0.242430 0.720276 -0.221522 0.072952 0.080260 0.258173 -0.031484 0.226767 -0.099745 -0.139253 0.326738 0.129353 -0.178937 -0.421133 -0.091377 -0.066263 0.305641 0.366264 -0.026713 0.077198 -0.120083 0.176352 1.000000 0.635324 -0.041400 -0.120936 -0.059480 -0.079908 -0.118043 -0.082009 0.084904 0.063964 -0.024078 -0.026827 -0.021983 -0.131749 0.245719 -0.097953 0.061162 0.118335 -0.093973 -0.130905 -0.076998 -0.026010 0.150393 -0.104841 0.007422 0.051980 0.065905 -0.055042 -0.071254 -0.158106 0.050943 0.094433 -0.064761 -0.044861 -0.088549 -0.218689 -0.353375 -0.300959 -0.149704 -0.283415 -0.104643 0.068236 -0.131037 0.104253 0.014361 -0.155656 -0.079915 -0.092173 -0.116579 0.263829 0.120421 0.289574 -0.013757 -0.335689 -0.037977 -0.234676 0.163263 0.130788 0.083116 0.038687 -0.018968 -0.057236 0.111954 0.057049 0.032877 -0.089522 0.113282 0.022522 -0.284950 0.134765 -0.076973 -0.216257 -0.148651 -0.065375 0.002079 -0.038171 -0.051031 0.080451 0.030794 -0.066700 0.135242 0.183878 0.063130 -0.136590 0.003508 -0.021698 -0.265444 0.125059 0.176086 0.218906
0.104268 0.088340 -0.222864 0.370840 -0.008854 0.800042 -0.385063 -0.153527 -0.157631 -0.204234 0.134170 0.289857 0.051699 -0.309882 0.322154 -0.110630 -0.295580 -0.499711 -0.058460 -0.148616 0.312700 0.347977 0.170350 0.437549 -0.215167 0.454446 0.635324 1.000000 0.170529 -0.318958 -0.177848 0.058914 -0.218347 -0.070875 0.283993 0.037850 -0.150283 -0.095637 -0.203548 -0.438984 0.382413 -0.248484 0.121682 0.277264 -0.137008 -0.204555 -0.223797 0.052110 0.325676 -0.229900 0.225783 0.018007 0.040253 -0.098350 -0.196713 -0.291610 0.117877 0.146309 -0.072218 -0.276173 -0.176576 -0.360556 -0.431609 -0.484848 -0.168805 -0.530445 -0.133110 0.194708 -0.243143 0.208709 -0.048324 -0.101612 -0.058056 -0.085886 -0.084302 0.073474 0.008750 0.171981 0.074989 -0.111824 0.124218 -0.108411 0.206223 0.155321 0.397400 0.390836 0.132759 0.244843 0.264703 0.158876 0.110454 0.000333 0.183587 0.111680 -0.434159 0.293104 -0.215240 -0.480238 -0.063382 -0.079881 -0.097661 -0.073140 -0.234851 -0.033853 -0.112112 -0.220686 0.209272 0.461706 0.101865 -0.259173 -0.029795 0.153725 -0.234027 0.244342 0.355276 0.410905
-0.064903 -0.042270 -0.285706 -0.224211 0.046831 -0.001668 -0.390005 -0.265203 0.121043 0.058330 0.434864 0.134462 0.165337 0.210939 0.502066 0.332947 0.188848 0.078698 -0.152916 -0.058160 0.107674 -0.133542 -0.295716 0.064655 0.024392 0.212056 -0.041400 0.170529 1.000000 0.371786 0.335186 0.230090 0.084621 0.186301 0.084538 0.082050 -0.029810 -0.024219 -0.153840 -0.276856 0.299562 -0.108595 0.123853 0.137838 0.174914 0.157758 -0.166553 0.071794 -0.007863 0.192551 -0.010784 0.033109 -0.415705 -0.031095 -0.329357 -0.265830 -0.087526 0.006945 -0.194863 -0.417341 0.033293 0.063673 -0.005735 -0.000113 0.083661 -0.103176 -0.380611 0.061314 -0.388640 0.092251 0.084445 0.122921 0.535643 -0.182140 -0.032246 0.025480 -0.054260 -0.013734 0.227309 -0.015694 0.468465 0.399742 0.572139 0.615637 0.480866 0.033075 0.095883 0.296509 -0.202091 -0.450347 -0.240117 -0.070756 -0.168732 0.010154 -0.084743 0.083281 -0.200795 -0.337281 -0.084080 0.036912 -0.288304 -0.010321 -0.217446 -0.278544 -0.327847 -0.355622 0.028361 0.114151 -0.086482 -0.287100 -0.142573 -0.018223 0.001701 0.018915 0.045030 0.035563
-0.244834 -0.172474 -0.226562 -0.348356 0.101744 -0.337255 -0.120072 -0.040658 0.248062 0.301372 -0.032471 -0.063247 -0.102172 0.352373 0.223832 0.453958 0.275492 0.470479 -0.278493 -0.020312 0.116160 -0.262034 -0.368952 -0.035386 0.206976 0.022566 -0.120936 -0.318958 0.371786 1.000000 0.416847 0.194417 0.410326 0.200588 0.004661 0.142183 0.248253 0.172907 0.041276 0.045420 0.170015 0.271362 0.050743 -0.033501 0.265135 0.229250 0.126082 0.016213 -0.389991 0.300666 -0.336661 0.010965 -0.426641 0.088728 -0.111421 -0.053164 -0.002290 0.141106 -0.257653 -0.212715 -0.056661 0.087737 0.174983 0.186271 0.016499 0.120836 -0.332612 -0.154138 -0.151538 0.055962 0.270847 0.300225 0.625601 0.142734 0.178171 0.235595 -0.001922 0.123825 0.308064 0.223463 0.402409 0.480360 0.275823 0.417389 0.079768 -0.337445 -0.052728 -0.001871 -0.477173 -0.487485 -0.301693 -0.137330 -0.120807 -0.230837 0.141454 0.012811 -0.009285 -0.009304 -0.030973 -0.005709 -0.018406 0.063777 0.122935 -0.203274 -0.197791 -0.159784 -0.139536 -0.175643 0.027581 -0.011046 -0.097773 -0.118583 0.123360 -0.137077 -0.194337 -0.003015
0.015825 -0.330269 -0.060026 -0.069205 -0.200514 -0.074644 -0.115857 -0.081325 -0.099118 0.008263 0.229021 0.122553 -0.149077 0.130235 0.051744 -0.025296 0.229895 0.142936 0.095903 -0.124961 -0.226770 -0.238050 -0.058722 0.085148 0.160822 0.110347 -0.059480 -0.177848 0.335186 0.416847 1.000000 0.648544 0.157100 0.294399 0.054712 0.101476 -0.085906 0.061127 0.139109 0.202239 0.025886 0.183770 0.051811 -0.031514 -0.005757 0.107914 0.106029 -0.065699 -0.239881 0.177765 0.025054 -0.058311 -0.130635 0.144672 0.055225 0.122097 -0.009012 -0.087899 -0.247513 -0.176001 0.027785 -0.073877 0.143305 0.043780 0.191304 0.078137 -0.209103 -0.037175 -0.324132 -0.367135 0.015021 0.090466 0.097821 -0.189978 0.194685 0.463028 -0.036842 0.171326 -0.149774 0.086767 -0.139856 -0.094722 0.291007 0.307127 -0.002035 -0.021211 0.121221 0.083374 -0.038188 -0.099830 -0.425783 -0.347794 -0.338346 -0.156582 -0.048993 -0.194036 0.015584 0.063059 -0.180664 -0.171995 -0.195535 0.022177 -0.130314 0.013702 0.135381 0.135077 -0.162121 -0.151058 -0.124392 0.092208 0.100329 -0.267083 -0.175946 -0.253512 -0.077603 -0.301210
-0.039239 -0.417849 0.042549 0.245133 -0.177238 0.049703 -0.170686 -0.097758 -0.105146 -0.182979 0.224765 0.040428 -0.084388 -0.165911 0.119610 -0.202066 0.076484 -0.032298 0.300362 -0.170076 -0.120508 0.060033 0.273416 0.525279 0.357130 0.453064 -0.079908 0.058914 0.230090 0.194417 0.648544 1.000000 -0.018704 0.377717 0.274880 0.052072 -0.095345 0.144277 0.269307 0.183908 -0.041388 0.272877 -0.027342 0.012120 -0.120032 -0.003435 -0.013208 -0.047323 -0.183060 -0.026921 0.252258 -0.168454 -0.087072 0.054128 0.012579 0.010247 -0.223348 -0.289004 -0.305936 -0.282216 -0.156807 -0.417592 0.226549 -0.125532 0.216309 -0.054925 -0.052840 0.076519 -0.301236 -0.290939 -0.229825 0.136351 -0.009371 0.000886 0.244241 0.249564 -0.051184 0.118379 -0.096964 0.218778 -0.242535 -0.197294 0.298894 0.220857 0.223310 0.322642 0.224613 0.324111 0.129451 0.068350 -0.505161 -0.451966 -0.214955 -0.080695 -0.016568 -0.170760 0.022846 0.094573 -0.176011 -0.342050 -0.186320 -0.193298 -0.331617 -0.074528 0.014933 0.009555 -0.282530 -0.147600 -0.137677 0.221117 0.269178 0.018397 -0.305780 -0.410468 -0.204460 -0.211448
-0.280012 -0.322059 -0.190039 -0.412110 0.058649 -0.175121 -0.081762 -0.099333 0.264029 0.181771 0.019703 0.115013 0.054958 0.516964 -0.099976 0.237102 0.077477 0.144585 -0.372305 -0.421806 0.053769 -0.277408 -0.233349 -0.146236 0.219753 0.046401 -0.118043 -0.218347 0.084621 0.410326 0.157100 -0.018704 1.000000 0.518931 0.201613 0.196212 -0.112025 0.021618 -0.063280 0.087928 0.032994 0.145541 0.089210 -0.089683 0.210750 0.230536 0.068259 -0.170565 -0.209909 0.062082 -0.213928 -0.096715 -0.155740 0.027115 -0.048687 0.119806 0.101194 -0.001950 -0.030422 0.040629 0.205219 0.374343 0.063493 0.253271 -0.053678 0.137834 0.064329 0.275626 -0.307222 -0.116615 0.206771 0.202325 0.431114 -0.090950 -0.050761 0.073937 0.143925 0.254866 0.069697 0.143918 0.175347 0.153518 0.017313 0.059856 -0.110618 -0.211206 -0.065101 -0.157179 -0.489325 -0.376681 -0.208192 -0.180594 -0.191120 -0.122794 -0.160144 -0.159631 0.132049 0.033139 -0.195141 0.044172 0.284871 0.347160 0.413102 0.236378 0.122099 0.057059 0.277810 0.110164 -0.147652 -0.087551 -0.032151 -0.247586 -0.127540 -0.024925 0.072236 0.035154
-0.210024 -0.253108 -0.077906 -0.315957 0.053388 -0.170069 -0.042257 -0.028486 0.131483 0.039914 0.268142 0.318495 0.158888 0.285429 -0.097111 0.001332 0.020190 -0.038181 -0.075655 -0.276083 -0.059349 -0.046528 -0.012792 -0.075610 0.264726 0.058863 -0.082009 -0.070875 0.186301 0.200588 0.294399 0.377717 0.518931 1.000000 0.223524 0.246802 -0.171317 0.085697 -0.020626 0.183976 0.029318 0.347352 -0.015796 -0.058064 0.012690 0.161249 -0.016365 -0.138683 -0.337865 -0.188110 -0.166778 -0.346301 -0.256036 -0.017784 -0.207196 0.063206 -0.098998 -0.129667 -0.171538 -0.175681 0.266144 0.298838 0.033749 0.306336 0.194334 0.163428 -0.013193 0.374244 -0.312851 -0.407932 -0.196648 0.124270 0.161079 -0.175858 0.185200 -0.036464 0.265625 0.250185 -0.279220 0.221772 0.002064 -0.013372 0.309259 0.174925 0.073057 -0.015266 0.116651 0.036658 -0.218903 -0.355883 -0.515894 -0.400143 -0.323236 0.075282 -0.240342 -0.123219 0.158121 0.160325 -0.243652 -0.095891 0.059285 0.220841 -0.004461 0.250694 0.325090 0.165297 0.226892 0.199693 -0.020860 0.129647 0.250136 -0.083213 -0.104884 -0.163091 0.106753 -0.011486
-0.175143 -0.254006 -0.261950 0.106025 -0.120025 0.153661 -0.294422 -0.132579 -0.024722 -0.187102 -0.034443 0.058539 -0.156400 -0.128089 0.020423 -0.153176 -0.199862 -0.239744 -0.126837 -0.414230 0.185352 -0.037390 0.125396 0.233147 0.050013 0.321685 0.084904 0.283993 0.084538 0.004661 0.054712 0.274880 0.201613 0.223524 1.000000 0.243252 -0.052743 0.122205 -0.029422 -0.070685 0.173534 0.019342 0.126977 0.143058 0.100414 -0.016176 -0.018931 -0.066511 0.054770 -0.066321 0.181444 0.109321 0.054333 0.083841 0.024876 -0.046349 0.000990 0.010886 -0.207073 -0.102989 -0.169078 -0.246957 -0.330402 -0.249042 -0.092509 -0.278864 -0.117529 0.288327 -0.355985 -0.019464 0.269853 0.142815 0.098299 0.071044 0.104348 0.082632 0.234158 0.314598 0.061859 0.035401 0.036576 -0.135409 0.081311 0.169258 0.280845 0.270663 0.031075 0.242531 0.023217 -0.039542 -0.078828 -0.029270 0.211173 0.155681 -0.126869 -0.006232 0.008145 -0.039207 -0.092332 -0.020595 0.202431 0.100143 0.082379 0.082424 0.042874 -0.071231 0.229460 0.296374 -0.116705 0.055224 0.117876 -0.006147 -0.089535 0.088852 0.284637 0.219605
-0.128608 -0.190044 -0.068666 -0.137233 0.042931 0.129429 -0.065150 -0.045326 0.000205 0.020507 0.232266 0.213407 0.231975 0.273357 -0.147125 0.165111 -0.032477 -0.099654 -0.196817 -0.162721 0.170667 0.082548 0.090857 0.010473 0.055238 0.179793 0.063964 0.037850 0.082050 0.142183 0.101476 0.052072 0.196212 0.246802 0.243252 1.000000 0.136247 0.250804 0.245110 0.169461 0.160040 0.056994 -0.241770 -0.226718 -0.040366 0.087927 -0.183098 -0.373601 0.093717 -0.192766 -0.126450 -0.000147 -0.157741 -0.025145 0.105270 -0.007459 -0.166543 -0.234217 0.026426 -0.228258 0.141239 -0.047237 -0.257471 -0.151520 -0.032413 0.257072 -0.084089 0.242285 -0.172099 -0.109961 0.210670 0.097395 0.062262 0.150032 0.167586 0.105269 0.290131 0.451910 -0.077497 0.161269 -0.040657 0.034421 -0.030297 0.072741 -0.110507 -0.201181 -0.035381 -0.138016 -0.116656 -0.356014 -0.303977 -0.064200 0.142811 0.195650 0.158229 -0.058809 0.134046 0.119739 -0.361340 -0.164332 0.140735 0.063962 0.060837 0.190936 0.242919 0.256341 0.139473 0.165502 -0.103421 0.137546 0.299282 0.016263 -0.139771 0.029461 0.193561 -0.068738
