1.000000 0.493600 0.156876 0.361247 -0.042036 -0.041602 0.009474 0.052559 -0.104724 -0.010781 0.020270 -0.021964 -0.173170 -0.045560 0.020254 0.100352 -0.096606 -0.184043 0.760802 0.694392 0.100363 0.061130 -0.121183 -0.195929 -0.096604 -0.129798 -0.024847 -0.008328 -0.144562 -0.092840 -0.066675 -0.135777 -0.300238 -0.211469 -0.149492 -0.060555 -0.098596 0.013744 0.050084 0.118891 -0.005769 0.013395 -0.438547 -0.363391 -0.604610 -0.459532 -0.286969 -0.411363 -0.446842 -0.449129 -0.529589 -0.253290 0.050103 0.061057 0.133596 -0.147941 0.639362 0.477195 0.703543 0.665370 0.454311 0.482159 -0.266601 0.020654 -0.081468 0.002836 0.429945 0.206241 0.466852 0.412095 -0.147013 -0.105699 -0.195413 -0.218931 -0.124322 0.045563 -0.248490 -0.141599 -0.209914 -0.231822 -0.332757 -0.300789 0.190022 -0.043239 -0.206581 -0.141499 0.235351 0.007523 0.399309 0.198422 0.273817 -0.030310 -0.137857 -0.028690 0.057634 0.090815 -0.055151 0.094730 -0.140346 -0.201504 0.112359 -0.214440 0.073008 0.007380 0.122352 0.073274 0.185439 0.253910 -0.100989 0.110083 -0.256698 -0.425652 -0.370971 0.088254 0.248889 0.250664
0.493600 1.000000 -0.168843 0.106268 -0.244024 -0.334251 -0.109643 0.250927 -0.346364 -0.383649 0.221755 0.372457 -0.184399 0.146740 -0.230179 -0.192755 0.144505 -0.030289 0.561941 0.533764 -0.173221 -0.148147 -0.083596 -0.213941 -0.412189 -0.521677 -0.227299 -0.328237 -0.123254 -0.211950 -0.272655 -0.240754 -0.114605 0.085543 -0.253385 -0.008923 -0.080197 -0.188473 -0.300890 -0.229467 -0.130617 -0.025835 -0.468094 -0.333763 -0.363003 -0.205301 -0.272873 -0.095591 -0.290052 -0.153801 -0.419491 -0.111487 0.163574 0.133345 -0.100788 -0.256237 0.379901 0.478310 0.499714 0.413085 0.385724 0.553403 0.058559 0.326174 0.036228 0.120360 0.309278 0.135501 0.519818 0.393637 -0.416543 -0.051734 -0.084150 -0.279027 -0.072373 0.212042 -0.101436 -0.195884 -0.280581 -0.130148 -0.108980 -0.180907 0.086971 0.017704 -0.053851 0.029217 -0.044717 0.115531 0.238937 0.170174 0.438693 0.304637 0.022347 0.011580 -0.330434 -0.028327 -0.283111 -0.257325 -0.013226 0.003756 0.026060 -0.137183 0.085069 0.062347 0.039455 -0.019995 0.095783 0.251795 -0.136362 -0.347095 0.080377 -0.226274 -0.166453 0.098397 0.051985 0.185237
0.156876 -0.168843 1.000000 0.695985 0.415703 0.406068 0.800958 0.443034 0.479069 0.468882 -0.263813 -0.388638 0.290657 -0.393023 0.158502 0.101705 -0.566297 -0.347580 0.106101 0.014825 0.127716 -0.062637 0.694175 0.715494 0.483943 0.486807 0.339535 0.215623 -0.484124 -0.208295 -0.158085 -0.267511 0.104498 -0.115468 -0.186215 -0.024260 -0.433575 -0.221297 0.023315 0.128019 -0.312693 -0.263617 -0.273719 -0.385694 -0.221902 -0.138127 -0.404368 -0.362606 -0.086043 -0.181437 -0.089080 -0.114284 -0.226732 -0.064890 0.028312 -0.299549 -0.098311 -0.117203 -0.104689 0.138244 -0.202538 -0.229199 -0.424113 -0.338182 0.029831 0.085273 0.196295 0.298689 0.037095 0.117870 0.015154 -0.349691 -0.428465 -0.246373 -0.464849 -0.389070 -0.415011 -0.348991 -0.344041 -0.404856 -0.611721 -0.363145 -0.097271 -0.100362 -0.449776 -0.222965 -0.044928 -0.319316 0.312088 0.345054 0.252481 0.025495 0.174955 0.215893 -0.192512 -0.065178 -0.025928 -0.205276 -0.180448 -0.295500 0.195315 0.067115 0.041852 0.036188 0.098965 -0.088201 0.160646 0.133068 -0.098219 -0.022999 -0.198128 -0.346542 -0.133553 -0.121924 -0.142814 -0.094548
0.361247 0.106268 0.695985 1.000000 0.367926 0.356213 0.525699 0.483010 0.338019 0.399387 -0.326523 -0.368764 0.037517 -0.372401 -0.148925 0.002130 -0.610394 -0.399614 0.368309 0.409951 0.220131 -0.168886 0.503967 0.580870 0.372443 0.374877 0.277441 0.162171 -0.608120 -0.347153 -0.217642 -0.238573 -0.209300 -0.313705 -0.399778 -0.124715 -0.529161 -0.267098 0.022404 0.108370 -0.427677 -0.373902 -0.273173 -0.375279 -0.214492 -0.072196 -0.387175 -0.267479 -0.067906 -0.019685 -0.279478 -0.001151 -0.164155 0.004440 -0.020989 -0.307942 0.037989 0.072495 0.189887 0.458272 -0.133842 -0.097347 -0.562463 -0.436959 -0.158769 0.085522 0.440865 0.508273 0.297694 0.366041 -0.068304 -0.416232 -0.615028 -0.378594 -0.573216 -0.418126 -0.666823 -0.539135 -0.490529 -0.483364 -0.720739 -0.500147 -0.200935 -0.262565 -0.519731 -0.296453 0.078709 -0.283800 0.366403 0.327883 0.493120 0.106617 0.202699 0.130616 -0.088015 -0.001350 -0.071306 -0.175635 -0.086527 -0.195824 0.068160 -0.064424 0.031960 0.094653 0.175300 -0.013617 0.348746 0.203477 -0.046257 0.031165 -0.241990 -0.297166 -0.163262 -0.153384 0.031605 0.006357
-0.042036 -0.244024 0.415703 0.367926 1.000000 0.942074 0.137516 -0.263055 0.803126 0.855079 -0.533332 -0.198378 -0.087368 -0.404136 0.287608 0.637335 -0.642253 -0.409974 -0.002049 -0.035555 0.414395 -0.237970 0.336856 0.422916 0.834400 0.759940 0.865873 0.735417 -0.350382 -0.203055 -0.244006 -0.275515 0.154037 -0.214315 -0.416708 -0.208354 -0.154620 -0.161505 0.206908 0.141430 -0.119579 -0.343366 0.012975 -0.082255 -0.169752 -0.088114 -0.135046 -0.027294 -0.166994 -0.136982 -0.273129 -0.178941 -0.127264 -0.013635 0.000015 0.000083 -0.106876 -0.223068 -0.165687 -0.038018 -0.219346 -0.350941 -0.438874 -0.374071 -0.339699 -0.006436 -0.055619 0.060252 0.038033 -0.048000 -0.198486 -0.684908 -0.495970 -0.191602 -0.332202 -0.251769 -0.268783 -0.262449 -0.289745 -0.408030 -0.299251 -0.032386 0.432623 0.474799 -0.239219 0.086113 -0.224578 -0.216317 0.396668 0.435915 0.198873 -0.082278 0.117740 -0.043783 0.003978 -0.232643 0.292865 0.040114 0.115016 -0.003317 -0.262502 -0.158247 -0.209861 -0.158667 -0.132025 -0.189543 0.093440 0.164035 0.035523 -0.153701 0.068339 -0.072438 -0.110394 0.049265 -0.011821 0.108558
-0.041602 -0.334251 0.406068 0.356213 0.942074 1.000000 0.116127 -0.286247 0.775467 0.939873 -0.575480 -0.270679 -0.105057 -0.405170 0.342726 0.662196 -0.641262 -0.413382 -0.012979 -0.039268 0.387123 -0.216460 0.337330 0.407183 0.855533 0.799309 0.902370 0.812689 -0.348619 -0.196579 -0.222015 -0.254868 0.098120 -0.284635 -0.369220 -0.239781 -0.190584 -0.123441 0.196822 0.105878 -0.124242 -0.353256 0.096757 -0.031543 -0.102666 -0.102648 -0.091428 0.002532 -0.163758 -0.095514 -0.253103 -0.137276 -0.158773 -0.033682 -0.052187 0.009223 -0.105983 -0.252710 -0.208613 -0.055393 -0.246839 -0.386179 -0.416089 -0.375206 -0.355539 -0.037654 -0.120501 0.011629 -0.010353 -0.081132 -0.168855 -0.633497 -0.470537 -0.149023 -0.312500 -0.220726 -0.273965 -0.251584 -0.235453 -0.366808 -0.284575 -0.034095 0.462470 0.457776 -0.305418 0.068310 -0.200816 -0.217315 0.360887 0.436339 0.152008 -0.126873 0.086452 -0.077050 0.063554 -0.203045 0.247924 0.086602 0.092856 0.005912 -0.220929 -0.160984 -0.171452 -0.103603 -0.079280 -0.106015 0.101437 0.160299 0.090874 -0.117928 -0.039927 -0.023147 -0.086945 0.031359 0.049917 0.093168
0.009474 -0.109643 0.800958 0.525699 0.137516 0.116127 1.000000 0.620164 0.188708 0.233997 -0.077283 -0.382917 0.447250 -0.250649 -0.087856 -0.173381 -0.285851 -0.133364 0.085840 -0.029454 -0.030204 -0.139752 0.497540 0.540075 0.150784 0.201497 0.030090 -0.160876 -0.297649 -0.098917 -0.064381 -0.097020 0.258085 0.060716 -0.119171 0.038559 -0.460346 -0.274868 -0.207874 -0.015052 -0.347777 -0.224216 -0.326763 -0.453778 0.001189 -0.042391 -0.428186 -0.405696 -0.011094 -0.062324 -0.060477 -0.146860 -0.337493 -0.245612 -0.125087 -0.287339 -0.180962 -0.184237 -0.138590 0.037083 -0.055942 -0.064852 -0.038689 -0.095059 0.359747 0.164831 0.136982 0.179505 -0.077303 -0.006780 0.109756 -0.191709 -0.152788 -0.107597 -0.311117 -0.352895 -0.339343 -0.339478 -0.213052 -0.223067 -0.380042 -0.274526 -0.353829 -0.256498 -0.299325 -0.381537 0.030330 -0.375519 0.128449 0.191880 0.196766 0.091244 0.204592 0.222826 -0.126444 0.083231 -0.097769 -0.201641 -0.145950 -0.229040 0.258205 0.199969 0.144940 0.097179 0.128138 -0.113011 0.137588 0.116182 0.089339 0.023804 -0.275356 -0.318609 -0.076618 -0.211893 -0.206909 -0.060121
0.052559 0.250927 0.443034 0.483010 -0.263055 -0.286247 0.620164 1.000000 -0.159880 -0.238124 0.205916 -0.092591 0.212348 -0.021558 -0.291011 -0.356863 -0.076612 -0.203016 0.092497 0.113132 -0.308402 -0.144100 0.337756 0.343666 -0.283641 -0.300535 -0.276415 -0.404470 -0.427353 -0.355270 -0.278614 -0.249637 0.014883 0.092639 -0.123208 0.119529 -0.495309 -0.329124 -0.304426 -0.097151 -0.489488 -0.323666 -0.340111 -0.440738 0.059009 0.200682 -0.393033 -0.172892 0.249883 0.208433 0.063257 0.128853 -0.118132 -0.057493 -0.162272 -0.438148 -0.143689 0.000231 -0.004776 0.159360 0.070533 0.157567 0.062096 -0.017914 0.431056 0.379575 0.251175 0.331162 0.066547 0.211822 -0.068696 0.070572 -0.268758 -0.275189 -0.408934 -0.279312 -0.406320 -0.403035 -0.392802 -0.196733 -0.437042 -0.532589 -0.484515 -0.464460 -0.216388 -0.315636 0.088787 -0.121617 0.166269 0.166412 0.380014 0.358186 0.354721 0.305522 -0.358912 0.006079 -0.392583 -0.423543 -0.193176 -0.183436 0.297367 0.145193 0.153255 0.099336 0.101402 -0.160349 0.102907 -0.021077 -0.185213 -0.120584 -0.155138 -0.169629 0.072850 -0.221150 -0.140641 -0.202121
-0.104724 -0.346364 0.479069 0.338019 0.803126 0.775467 0.188708 -0.159880 1.000000 0.800925 -0.440053 -0.223278 0.082274 -0.485536 0.446657 0.433867 -0.581311 -0.339512 -0.135475 -0.194111 0.265372 -0.299605 0.363244 0.443144 0.734181 0.700961 0.663286 0.648758 -0.316259 -0.092404 -0.201344 -0.264791 0.164232 -0.117576 -0.267961 -0.123241 -0.135564 -0.087813 0.275415 0.268310 -0.073375 -0.236013 0.008937 -0.099395 -0.189485 -0.100051 -0.173792 -0.044112 -0.083178 -0.159255 -0.149009 -0.185079 -0.167317 -0.026427 0.024806 -0.036647 -0.163120 -0.260974 -0.316918 -0.121731 -0.285436 -0.378661 -0.322551 -0.353964 -0.257054 0.097270 -0.114931 0.086445 0.001030 -0.098557 0.017313 -0.592520 -0.490730 -0.155456 -0.329842 -0.388945 -0.208239 -0.119150 -0.133287 -0.215230 -0.280148 -0.065719 0.200476 0.314020 -0.148383 0.139576 -0.138754 -0.182604 0.386049 0.420201 0.122733 -0.017793 0.210512 0.114648 -0.095539 -0.235574 0.239771 -0.061578 0.050416 -0.071719 -0.059236 0.028782 -0.111899 -0.066255 -0.131000 -0.045037 0.120616 0.100312 -0.027384 -0.071660 0.091410 -0.022880 -0.119886 0.002158 -0.202901 -0.173105
-0.010781 -0.383649 0.468882 0.399387 0.855079 0.939873 0.233997 -0.238124 0.800925 1.000000 -0.585219 -0.353680 -0.015320 -0.441133 0.377610 0.564662 -0.605954 -0.354648 0.019334 -0.055756 0.390868 -0.280805 0.342229 0.445699 0.851721 0.804659 0.789414 0.724111 -0.319147 -0.077321 -0.162397 -0.244249 0.132453 -0.290544 -0.320680 -0.224096 -0.211357 -0.060054 0.220431 0.120429 -0.079186 -0.291995 0.068100 -0.061170 -0.074989 -0.138460 -0.143201 -0.070104 -0.192015 -0.109742 -0.251071 -0.144189 -0.221833 -0.103994 -0.064032 -0.001587 -0.091610 -0.298741 -0.221126 -0.073168 -0.251579 -0.356535 -0.356375 -0.312328 -0.321716 -0.039560 -0.129339 -0.001074 -0.012731 -0.140514 -0.088237 -0.630693 -0.416540 -0.046446 -0.234070 -0.244395 -0.276604 -0.257846 -0.155102 -0.291995 -0.259262 -0.036894 0.313090 0.315498 -0.301184 -0.019336 -0.125614 -0.297490 0.304647 0.373848 0.110103 -0.160808 0.065306 -0.053840 0.103912 -0.101740 0.220010 0.102330 0.078412 0.002784 -0.146284 -0.086377 -0.109293 -0.024928 -0.037592 -0.009055 0.144198 0.143177 0.147809 -0.039150 -0.156914 -0.059132 -0.083513 -0.003059 0.045272 0.069492
0.020270 0.221755 -0.263813 -0.326523 -0.533332 -0.575480 -0.077283 0.205916 -0.440053 -0.585219 1.000000 0.517392 0.386247 0.577669 0.065952 -0.186626 0.594637 0.215907 -0.031478 -0.050847 -0.345556 0.115161 -0.235581 -0.228039 -0.521958 -0.527094 -0.536402 -0.447003 0.313400 -0.011080 0.312492 0.243330 -0.154704 0.406655 0.433383 0.316402 0.126595 -0.077874 -0.266196 -0.233435 -0.026679 0.098253 -0.123730 -0.083552 -0.036718 0.050928 -0.060654 -0.142560 0.044509 -0.088364 0.122020 0.013431 0.123040 -0.075332 -0.187903 -0.187163 0.038877 0.022873 0.042508 -0.100204 0.312800 0.298189 0.515404 0.433520 0.386687 0.122294 -0.054094 -0.122338 -0.093851 -0.002721 0.029314 0.454836 0.387528 0.222342 0.261444 0.292332 0.254188 0.143109 0.118851 0.216120 0.132170 -0.090346 -0.039064 -0.203977 0.294785 0.158987 0.026097 0.087171 -0.168219 -0.215132 -0.198768 -0.021360 -0.002276 0.013041 -0.097374 -0.002599 -0.321928 -0.125983 -0.298028 -0.220735 0.121330 0.052888 -0.057545 -0.139845 -0.153546 -0.045386 -0.244083 -0.177663 -0.090322 -0.052767 -0.051976 -0.091257 -0.180407 0.002436 0.019437 -0.123735
-0.021964 0.372457 -0.388638 -0.368764 -0.198378 -0.270679 -0.382917 -0.092591 -0.223278 -0.353680 0.517392 1.000000 0.168875 0.603248 0.183404 0.116308 0.503487 0.373669 -0.121463 -0.085947 -0.006744 0.158978 -0.147418 -0.185852 -0.238118 -0.308457 -0.182523 -0.067712 0.522995 0.292746 0.218726 0.156559 -0.150343 0.307959 0.270934 0.324484 0.515412 0.090047 -0.103263 -0.388048 0.256397 0.318712 0.077282 0.207403 -0.190972 -0.070627 0.263697 0.168095 -0.192590 -0.237251 -0.089732 -0.018325 0.265670 0.101867 -0.067858 0.027888 -0.070976 0.018403 -0.129912 -0.342069 0.136303 0.091613 0.285729 0.475904 0.058798 0.150204 -0.379053 -0.418666 -0.186470 -0.232261 -0.252743 0.201210 0.435231 0.270619 0.414416 0.652698 0.570133 0.358737 0.264801 0.322311 0.274831 0.143645 0.257019 0.096702 0.287079 0.464330 -0.276006 -0.025082 -0.255347 -0.184586 -0.302178 -0.277782 -0.214353 -0.168363 -0.341123 -0.103850 -0.196102 -0.183210 0.000326 0.000437 -0.090397 -0.012617 -0.066705 -0.296697 -0.233824 -0.075016 -0.314003 -0.059337 -0.159221 -0.353594 0.202092 0.047764 -0.100187 0.341119 -0.094676 -0.001036
-0.173170 -0.184399 0.290657 0.037517 -0.087368 -0.105057 0.447250 0.212348 0.082274 -0.015320 0.386247 0.168875 1.000000 0.292148 0.262346 0.029926 0.130197 0.181541 -0.281024 -0.307610 0.108998 -0.012429 0.234469 0.256823 0.023835 0.104221 -0.161714 -0.166060 0.233075 0.338321 0.366476 0.287868 -0.003368 0.237429 0.281124 0.226024 0.065119 -0.067198 -0.180011 -0.191606 0.025689 0.051620 0.055849 -0.033527 -0.004277 -0.111361 -0.128270 -0.207023 -0.000848 -0.245846 0.058328 -0.131441 -0.096414 -0.225347 -0.035630 -0.067221 -0.150389 -0.199678 -0.204592 -0.167243 0.032283 -0.128683 0.287533 0.178913 0.219147 0.021001 -0.214976 -0.162325 -0.227438 -0.278300 0.244472 0.057299 0.301431 0.166348 0.145420 0.073405 0.084784 0.000255 0.240089 0.142820 0.045127 0.051115 -0.112371 -0.170044 0.102054 0.105916 -0.143851 -0.353509 -0.201980 -0.096366 -0.267729 -0.239578 -0.121857 -0.091746 -0.142394 0.061082 -0.086038 -0.202030 -0.122718 -0.221025 0.061904 0.114076 -0.147866 -0.318893 -0.161865 -0.060524 -0.153255 -0.097881 0.106622 -0.025217 -0.177872 -0.058665 -0.252149 0.026509 -0.220453 -0.112788
-0.045560 0.146740 -0.393023 -0.372401 -0.404136 -0.405170 -0.250649 -0.021558 -0.485536 -0.441133 0.577669 0.603248 0.292148 1.000000 0.137307 0.100567 0.629280 0.409358 -0.020998 -0.004149 -0.123102 0.248794 -0.270595 -0.281824 -0.372675 -0.433800 -0.353820 -0.232910 0.490326 0.240579 0.435789 0.335430 -0.381595 0.092506 0.388323 0.098632 0.255725 0.039800 -0.196849 -0.247617 0.071812 0.159619 -0.071420 0.022658 -0.055363 -0.134928 0.116809 -0.167831 -0.124343 -0.158559 -0.071324 0.012162 0.259127 -0.083369 0.028101 0.010580 0.076817 0.035992 0.193209 -0.041421 0.332574 0.263744 0.441019 0.472595 0.141202 -0.152906 -0.102647 -0.293993 -0.127225 -0.160485 0.140996 0.516088 0.562927 0.388085 0.391187 0.420358 0.328540 0.185790 0.283298 0.310029 0.340611 0.135332 0.180780 -0.046994 0.160901 0.093202 0.040555 -0.097106 -0.363619 -0.208763 -0.241583 -0.253981 -0.158261 -0.178764 0.079373 0.102853 -0.214072 0.059242 -0.088250 -0.141331 0.033844 0.095229 0.033127 -0.167946 -0.089181 -0.069039 -0.214684 -0.152049 0.073860 -0.039667 -0.181307 -0.088647 -0.115860 0.163552 0.106270 0.120980
0.020254 -0.230179 0.158502 -0.148925 0.287608 0.342726 -0.087856 -0.291011 0.446657 0.377610 0.065952 0.183404 0.262346 0.137307 1.000000 0.611966 -0.024622 -0.167614 -0.093290 -0.215185 0.257804 0.144488 0.228834 0.199527 0.427314 0.334402 0.290666 0.448776 0.177446 0.283673 0.259877 -0.006613 -0.028806 -0.108126 0.228309 -0.034547 0.169829 0.129353 0.147617 0.102864 0.222405 0.104807 0.069794 0.065775 -0.277189 -0.298436 0.055973 -0.082341 -0.268785 -0.295122 -0.020823 -0.014803 0.279610 0.149047 0.120026 0.069625 -0.171504 -0.283662 -0.182429 -0.209931 -0.199792 -0.167950 0.005469 -0.028108 -0.211814 -0.172168 -0.250579 -0.229991 -0.111635 -0.322701 0.041688 -0.134202 0.073782 0.303538 0.208825 0.112816 0.194507 0.134056 0.093618 -0.010952 0.017434 -0.014662 0.431191 0.240759 0.145645 0.257295 -0.318447 -0.290726 0.108531 0.156842 -0.293356 -0.264967 -0.233351 -0.151568 -0.039613 -0.224192 0.018816 0.049925 -0.084671 -0.229080 -0.108197 -0.052603 -0.127479 -0.185440 -0.047345 0.156635 -0.284661 -0.094529 -0.056897 -0.085798 -0.044450 -0.056159 -0.189347 0.216803 0.044091 0.052178
0.100352 -0.192755 0.101705 0.002130 0.637335 0.662196 -0.173381 -0.356863 0.433867 0.564662 -0.186626 0.116308 0.029926 0.100567 0.611966 1.000000 -0.250305 -0.293320 -0.013619 -0.005178 0.369869 0.093354 0.113787 0.144994 0.548237 0.443537 0.677397 0.715966 -0.037606 0.094966 -0.018774 -0.168681 -0.053993 -0.259448 -0.117373 -0.182970 0.094367 0.084837 0.248995 0.173984 0.104098 -0.146122 0.137686 0.081551 -0.258686 -0.235720 0.084007 -0.056065 -0.256376 -0.281779 -0.289741 -0.043691 0.137142 0.056899 0.193229 0.135523 0.016745 -0.220052 -0.018588 -0.061735 -0.062043 -0.178378 -0.262902 -0.146433 -0.446644 -0.202725 -0.206531 -0.258752 -0.073543 -0.221063 -0.139923 -0.210176 -0.131688 0.036682 0.044384 0.122196 0.037528 -0.022520 -0.100687 -0.184293 -0.065230 0.021905 0.635030 0.481876 -0.078158 0.174641 -0.193771 -0.262005 0.268984 0.377253 -0.053521 -0.252121 -0.190229 -0.280757 0.086955 -0.123943 0.253788 0.208569 0.075509 0.004279 -0.341950 -0.168939 -0.220393 -0.222071 -0.099076 -0.092929 -0.088770 0.082420 0.022465 -0.075714 -0.097609 -0.058890 -0.190609 0.228632 0.190999 0.276519
-0.096606 0.144505 -0.566297 -0.610394 -0.642253 -0.641262 -0.285851 -0.076612 -0.581311 -0.605954 0.594637 0.503487 0.130197 0.629280 -0.024622 -0.250305 1.000000 0.635815 -0.093101 -0.090224 -0.249236 0.206898 -0.507536 -0.529941 -0.619628 -0.588663 -0.574381 -0.450287 0.678376 0.423410 0.503160 0.480065 -0.017011 0.409553 0.580830 0.298502 0.494264 0.330138 -0.158419 -0.278245 0.303481 0.451242 0.017882 0.121323 0.061029 -0.002236 0.138502 0.003534 -0.131790 -0.151563 0.094432 -0.085368 0.106809 -0.173753 -0.183036 0.022053 0.084311 0.191964 -0.070722 -0.313512 0.275196 0.331553 0.704191 0.649591 0.360356 -0.028194 -0.252665 -0.347496 -0.167141 -0.207159 0.090727 0.581667 0.694498 0.502271 0.556093 0.506212 0.621377 0.451954 0.510802 0.645636 0.679045 0.336571 0.013217 -0.178354 0.464404 0.180147 0.153711 0.089609 -0.377238 -0.417818 -0.507585 -0.269831 -0.228046 -0.181301 0.027360 0.160116 -0.206839 0.007337 -0.182553 -0.066563 0.095415 0.091888 0.122952 -0.067515 -0.129655 0.012052 -0.186318 -0.258111 -0.001754 0.035921 -0.073291 -0.054706 -0.031257 0.255676 0.002975 0.045045
-0.184043 -0.030289 -0.347580 -0.399614 -0.409974 -0.413382 -0.133364 -0.203016 -0.339512 -0.354648 0.215907 0.373669 0.181541 0.409358 -0.167614 -0.293320 0.635815 1.000000 -0.131388 -0.114741 -0.155052 -0.022622 -0.353341 -0.246002 -0.326810 -0.276626 -0.478673 -0.398294 0.713926 0.603416 0.405022 0.380856 0.105746 0.357026 0.428221 0.169155 0.578398 0.348006 -0.065432 -0.222206 0.340980 0.518288 0.101025 0.220299 0.062678 -0.149699 0.227319 -0.080342 -0.159169 -0.232057 0.075034 -0.166815 -0.000884 -0.194041 -0.034378 0.181936 0.006948 0.042479 -0.189102 -0.368095 0.136746 0.068043 0.388277 0.583260 0.189036 0.036850 -0.411671 -0.449318 -0.262428 -0.342528 0.198097 0.304783 0.711423 0.348667 0.570657 0.386210 0.609129 0.454056 0.733185 0.733963 0.652133 0.630793 -0.047001 -0.062120 0.327820 0.276469 0.050361 -0.045384 -0.484657 -0.324726 -0.518261 -0.448126 -0.325701 -0.306058 0.041537 0.188909 -0.039595 0.034324 -0.085332 -0.034399 0.085254 0.039270 0.008794 -0.146789 -0.162070 0.044553 -0.096206 -0.197431 0.040753 0.100466 -0.220384 -0.131395 -0.103993 0.168360 -0.097300 -0.108831
0.760802 0.561941 0.106101 0.368309 -0.002049 -0.012979 0.085840 0.092497 -0.135475 0.019334 -0.031478 -0.121463 -0.281024 -0.020998 -0.093290 -0.013619 -0.093101 -0.131388 1.000000 0.902596 -0.043270 -0.140381 -0.121463 -0.156960 -0.106174 -0.185741 -0.025426 -0.164107 -0.214277 -0.266773 -0.127600 -0.153080 -0.321160 -0.227455 -0.297478 -0.105643 -0.282033 -0.236483 -0.132117 0.017416 -0.232160 -0.092432 -0.487476 -0.470916 -0.427868 -0.309854 -0.419515 -0.425093 -0.298594 -0.240956 -0.544248 -0.234172 -0.061563 -0.044694 -0.050657 -0.331456 0.484535 0.315160 0.651132 0.614603 0.386834 0.472445 -0.235238 -0.012985 -0.005634 -0.037466 0.532332 0.257155 0.606925 0.454174 -0.188065 -0.119188 -0.211275 -0.155124 -0.199326 -0.028086 -0.368521 -0.298545 -0.241028 -0.335617 -0.198440 -0.235543 0.150080 0.008208 -0.172153 -0.234493 0.245376 0.005186 0.420941 0.186270 0.385704 0.102995 0.051615 0.051982 0.106978 0.059428 -0.253121 0.095456 -0.246571 -0.229303 0.063892 -0.220291 0.079695 0.089564 0.114546 0.057157 0.080388 0.164519 0.074808 0.018969 -0.300898 -0.458912 -0.320864 -0.030408 0.221733 0.267793
0.694392 0.533764 0.014825 0.409951 -0.035555 -0.039268 -0.029454 0.113132 -0.194111 -0.055756 -0.050847 -0.085947 -0.307610 -0.004149 -0.215185 -0.005178 -0.090224 -0.114741 0.902596 1.000000 0.004468 -0.029255 -0.111288 -0.151210 -0.126591 -0.169236 -0.018395 -0.124630 -0.208183 -0.242132 -0.172793 -0.103915 -0.372848 -0.184907 -0.317877 -0.115405 -0.280370 -0.197289 -0.146174 -0.034232 -0.291216 -0.140403 -0.369162 -0.370772 -0.348458 -0.257406 -0.337870 -0.346047 -0.157051 -0.169886 -0.434417 -0.088955 -0.040998 0.014889 -0.066159 -0.358988 0.371340 0.323339 0.590032 0.584887 0.271999 0.341238 -0.331876 -0.111304 -0.117004 -0.061807 0.542720 0.327403 0.574531 0.516130 -0.209761 -0.053179 -0.232849 -0.214033 -0.224874 -0.003392 -0.374832 -0.304500 -0.264571 -0.361715 -0.201938 -0.217101 0.093407 -0.028645 -0.231468 -0.187465 0.212278 0.048717 0.292373 0.080265 0.374528 0.099151 0.047960 -0.020873 0.138051 0.046741 -0.278488 0.092991 -0.285709 -0.241736 0.009393 -0.244541 0.057782 0.150664 0.162887 0.136390 0.074885 0.082047 0.107506 0.013896 -0.276689 -0.395757 -0.307714 -0.046657 0.274660 0.277649
0.100363 -0.173221 0.127716 0.220131 0.414395 0.387123 -0.030204 -0.308402 0.265372 0.390868 -0.345556 -0.006744 0.108998 -0.123102 0.257804 0.369869 -0.249236 -0.155052 -0.043270 0.004468 1.000000 0.370497 0.232774 0.267425 0.492232 0.572339 0.457468 0.466968 0.128307 0.272922 0.302079 0.287382 -0.088614 -0.262644 -0.057986 -0.046672 0.198478 0.034423 0.174478 -0.007913 0.225664 0.126386 0.206687 0.257955 -0.146797 -0.147626 0.092749 0.048600 -0.266172 -0.213481 -0.090262 0.081833 0.112485 0.045392 0.164161 0.171199 -0.123104 -0.111495 0.033780 0.038188 -0.234668 -0.263348 -0.358917 -0.256570 -0.435405 -0.283346 -0.104728 -0.074936 -0.089025 -0.144789 0.005996 -0.364108 0.013913 0.097065 0.160189 0.136300 0.055850 -0.024685 -0.013461 -0.124487 -0.109455 -0.019126 0.254598 -0.078677 0.011253 0.048394 -0.255274 -0.380432 -0.003790 -0.140781 -0.217702 -0.402248 -0.396715 -0.313452 0.074761 0.047550 0.272626 0.074331 0.168749 0.015617 -0.309902 -0.187218 -0.164092 -0.248618 0.023771 0.064271 -0.064510 -0.068567 0.050000 0.001868 0.010198 -0.012351 -0.213931 0.206691 0.153472 0.283812
0.061130 -0.148147 -0.062637 -0.168886 -0.237970 -0.216460 -0.139752 -0.144100 -0.299605 -0.280805 0.115161 0.158978 -0.012429 0.248794 0.144488 0.093354 0.206898 -0.022622 -0.140381 -0.029255 0.370497 1.000000 0.082422 -0.133868 -0.070720 0.058758 -0.008571 0.101814 0.337614 0.219789 0.410198 0.445732 -0.214677 -0.095069 0.282460 0.086187 0.229685 0.136466 0.135726 0.070800 0.264609 0.346624 0.142978 0.213240 -0.062491 -0.057342 0.280247 0.067030 -0.131605 -0.141370 0.130954 0.134620 0.271981 0.106570 0.257735 0.166379 -0.158086 0.076852 0.038244 0.029765 -0.209046 -0.158752 -0.111320 -0.106506 -0.147965 -0.307819 -0.005568 -0.042551 -0.254729 -0.040459 0.107885 0.383032 0.288847 0.335557 0.168698 0.329644 0.300008 0.289487 0.085738 0.004496 0.017176 -0.052420 0.084267 -0.205317 0.090252 -0.093338 -0.071639 -0.061568 -0.241173 -0.339918 -0.307880 -0.229732 -0.258786 -0.058046 -0.010002 0.104807 0.105880 0.104043 0.052227 -0.045922 -0.042300 0.043420 0.090085 0.000571 0.088214 0.022004 -0.199049 -0.183801 -0.142698 0.104075 0.158491 0.066347 0.032235 0.078116 0.003690 0.118896
-0.121183 -0.083596 0.694175 0.503967 0.336856 0.337330 0.497540 0.337756 0.363244 0.342229 -0.235581 -0.147418 0.234469 -0.270595 0.228834 0.113787 -0.507536 -0.353341 -0.121463 -0.111288 0.232774 0.082422 1.000000 0.814817 0.535476 0.494702 0.363095 0.271728 -0.392473 -0.106796 -0.113830 -0.192315 0.075933 -0.210164 -0.282178 -0.199215 -0.313356 -0.241923 -0.074305 -0.065901 -0.246851 -0.127131 -0.058023 -0.123962 -0.184259 -0.237821 -0.173933 0.051684 -0.133176 -0.060678 0.029598 0.101403 0.000943 0.161669 0.084309 -0.139211 -0.378922 -0.170310 -0.248097 -0.013531 -0.362368 -0.323858 -0.385603 -0.298726 -0.155532 -0.014931 0.002717 0.067727 -0.094414 -0.037195 -0.176517 -0.353828 -0.342462 -0.062261 -0.236007 -0.087186 -0.244781 -0.322927 -0.347368 -0.374867 -0.542842 -0.374346 -0.074085 -0.134163 -0.287957 -0.114113 -0.279935 -0.259274 0.150596 0.319774 0.186524 0.102613 0.011748 0.172752 -0.380134 -0.107072 -0.016078 -0.269520 0.131823 0.020256 0.059585 0.156769 0.147042 0.054752 0.236696 0.032175 0.094654 0.175313 -0.100625 -0.289583 0.123413 -0.044974 -0.038034 0.044875 -0.207027 -0.013650
-0.195929 -0.213941 0.715494 0.580870 0.422916 0.407183 0.540075 0.343666 0.443144 0.445699 -0.228039 -0.185852 0.256823 -0.281824 0.199527 0.144994 -0.529941 -0.246002 -0.156960 -0.151210 0.267425 -0.133868 0.814817 1.000000 0.585235 0.521727 0.328769 0.273183 -0.407965 -0.110173 -0.127840 -0.263079 0.142023 -0.137333 -0.219518 -0.134112 -0.368664 -0.262206 -0.026518 -0.005763 -0.257011 -0.235239 -0.015320 -0.046156 -0.042057 -0.081825 -0.174247 -0.041925 0.004069 0.068464 0.109138 0.238422 -0.110688 0.088224 0.048205 -0.120706 -0.423730 -0.376221 -0.333559 -0.151783 -0.429652 -0.434447 -0.386488 -0.337401 -0.198802 -0.030297 -0.057386 0.075212 -0.173798 -0.126438 0.017344 -0.387038 -0.311883 -0.142491 -0.203050 -0.228266 -0.269797 -0.393320 -0.290346 -0.271059 -0.528862 -0.340016 -0.119140 -0.139905 -0.300708 -0.032123 -0.205410 -0.280114 0.080518 0.291621 0.157987 0.074088 0.020037 0.001455 -0.174560 -0.041903 -0.061188 -0.207394 0.041098 -0.035775 -0.071861 0.056786 -0.065751 0.003069 0.203331 0.099726 0.065394 0.088696 0.015429 -0.185252 -0.131146 -0.121304 0.005788 0.031780 -0.018380 -0.060278
-0.096604 -0.412189 0.483943 0.372443 0.834400 0.855533 0.150784 -0.283641 0.734181 0.851721 -0.521958 -0.238118 0.023835 -0.372675 0.427314 0.548237 -0.619628 -0.326810 -0.106174 -0.126591 0.492232 -0.070720 0.535476 0.585235 1.000000 0.898651 0.715345 0.678669 -0.248456 0.000016 -0.043419 -0.162304 0.080537 -0.273657 -0.265370 -0.218152 -0.120938 -0.060595 0.219751 0.070641 -0.015051 -0.202774 0.103462 0.045152 -0.171720 -0.214150 -0.048444 -0.011543 -0.198683 -0.179039 -0.110432 -0.113146 -0.090906 -0.012366 0.073347 0.011555 -0.222185 -0.237336 -0.288815 -0.111247 -0.392119 -0.491496 -0.462153 -0.344983 -0.428391 -0.126485 -0.152960 0.011657 -0.061533 -0.136444 -0.074691 -0.610415 -0.372454 0.062728 -0.155714 -0.122349 -0.170535 -0.206437 -0.145063 -0.311726 -0.273768 -0.007896 0.295641 0.271310 -0.227297 0.057865 -0.272928 -0.304744 0.144979 0.235319 0.014038 -0.174820 0.022558 -0.019404 0.035281 -0.151670 0.193191 0.033837 0.091801 -0.060065 -0.161165 -0.099058 -0.177608 -0.092652 -0.003585 0.015527 0.012501 0.076551 0.032770 -0.108863 -0.009258 -0.040657 -0.054444 0.076636 0.073607 0.083250
-0.129798 -0.521677 0.486807 0.374877 0.759940 0.799309 0.201497 -0.300535 0.700961 0.804659 -0.527094 -0.308457 0.104221 -0.433800 0.334402 0.443537 -0.588663 -0.276626 -0.185741 -0.169236 0.572339 0.058758 0.494702 0.521727 0.898651 1.000000 0.735491 0.668087 -0.153186 0.067602 0.029984 0.056726 0.132258 -0.209237 -0.207666 -0.164291 -0.063294 0.000175 0.249159 0.098535 -0.024022 -0.107768 0.277401 0.190868 -0.073936 -0.164649 0.076277 0.040255 -0.176638 -0.178375 -0.015301 -0.056934 -0.121556 -0.068479 0.028109 0.094257 -0.235796 -0.249020 -0.341599 -0.136183 -0.428669 -0.575487 -0.505482 -0.446674 -0.388154 -0.120646 -0.233380 -0.050323 -0.173684 -0.145299 -0.024697 -0.526471 -0.301665 0.112925 -0.152102 -0.108752 -0.114140 -0.062621 -0.050486 -0.211534 -0.231245 0.023971 0.229196 0.130077 -0.204956 0.022460 -0.169628 -0.264158 0.113715 0.126747 -0.132276 -0.284159 -0.108084 -0.085279 0.039239 -0.122272 0.327569 -0.008833 0.097896 -0.019859 -0.184017 -0.148432 -0.155101 -0.131765 -0.030905 0.001664 0.049588 0.043137 0.020074 -0.026078 -0.047418 0.045054 -0.134027 -0.011349 -0.043448 0.058127
-0.024847 -0.227299 0.339535 0.277441 0.865873 0.902370 0.030090 -0.276415 0.663286 0.789414 -0.536402 -0.182523 -0.161714 -0.353820 0.290666 0.677397 -0.574381 -0.478673 -0.025426 -0.018395 0.457468 -0.008571 0.363095 0.328769 0.715345 0.735491 1.000000 0.876263 -0.322729 -0.236139 -0.227484 -0.178405 0.086172 -0.286251 -0.430696 -0.283054 -0.157493 -0.121413 0.269879 0.150611 -0.096700 -0.272423 0.147557 0.060204 -0.137894 -0.105645 -0.050300 0.109250 -0.206300 -0.111400 -0.246605 -0.083049 -0.135065 -0.035629 0.005881 0.072390 -0.091347 -0.150505 -0.139285 0.005467 -0.259385 -0.347470 -0.454447 -0.440502 -0.415433 -0.134389 -0.087554 -0.035751 -0.008815 -0.004776 -0.216654 -0.492862 -0.460188 -0.164385 -0.309402 -0.104676 -0.189294 -0.151870 -0.286871 -0.350350 -0.301197 -0.108500 0.546580 0.423031 -0.308229 0.036091 -0.169326 -0.094211 0.455739 0.435218 0.132698 -0.105111 0.010191 -0.100817 -0.000249 -0.180849 0.352537 0.088098 0.167142 0.121558 -0.326095 -0.196083 -0.155415 -0.143346 -0.118442 -0.215981 0.077423 0.153156 0.018018 -0.171030 0.086666 0.060050 -0.085387 0.109569 0.016194 0.171500
-0.008328 -0.328237 0.215623 0.162171 0.735417 0.812689 -0.160876 -0.404470 0.648758 0.724111 -0.447003 -0.067712 -0.166060 -0.232910 0.448776 0.715966 -0.450287 -0.398294 -0.164107 -0.124630 0.466968 0.101814 0.271728 0.273183 0.678669 0.668087 0.876263 1.000000 -0.206220 -0.090811 -0.074272 -0.124081 -0.009544 -0.338819 -0.248425 -0.293488 0.006665 0.080021 0.378248 0.226766 0.125639 -0.172153 0.227918 0.180577 -0.156658 -0.169294 0.122094 0.148013 -0.212141 -0.160986 -0.161998 0.009197 0.014862 0.082279 0.139147 0.206111 -0.090148 -0.141203 -0.148678 -0.041480 -0.351982 -0.406881 -0.418798 -0.393543 -0.578806 -0.250328 -0.119019 -0.076376 -0.095566 -0.066070 -0.056852 -0.350474 -0.348505 -0.095485 -0.143139 -0.049837 -0.027903 0.020375 -0.138020 -0.180253 -0.242516 -0.074088 0.591277 0.430049 -0.288602 0.160180 -0.132604 -0.071191 0.301621 0.352347 0.012377 -0.183275 -0.093306 -0.188571 0.083534 -0.144568 0.409494 0.209171 0.207637 0.113912 -0.323284 -0.121532 -0.121619 -0.108105 -0.074115 -0.075826 0.097153 0.108165 0.053898 -0.107439 0.101513 0.109197 -0.035470 0.227719 0.089732 0.126848
-0.144562 -0.123254 -0.484124 -0.608120 -0.350382 -0.348619 -0.297649 -0.427353 -0.316259 -0.319147 0.313400 0.522995 0.233075 0.490326 0.177446 -0.037606 0.678376 0.713926 -0.214277 -0.208183 0.128307 0.337614 -0.392473 -0.407965 -0.248456 -0.153186 -0.322729 -0.206220 1.000000 0.726232 0.578844 0.561799 0.057654 0.328739 0.557979 0.225304 0.708936 0.356624 0.088268 -0.215604 0.565574 0.600483 0.186312 0.299322 0.025653 -0.165270 0.373409 -0.020779 -0.186173 -0.283759 0.103582 -0.103688 0.208950 -0.078309 0.072249 0.264863 -0.130307 -0.076125 -0.162196 -0.394413 0.073880 0.036343 0.463804 0.459412 0.126093 -0.064894 -0.529477 -0.556037 -0.376480 -0.441264 0.121974 0.290579 0.844096 0.551787 0.702788 0.537386 0.716953 0.579207 0.710940 0.642211 0.680230 0.546674 0.139095 -0.018174 0.459736 0.234670 -0.166943 -0.148846 -0.534483 -0.490541 -0.731405 -0.571952 -0.447183 -0.304934 0.094499 0.053928 0.032039 0.143751 -0.096243 -0.121919 -0.091250 -0.038024 -0.093232 -0.239540 -0.209484 0.083111 -0.361483 -0.253910 0.049406 0.098678 -0.043784 -0.020098 -0.179015 0.273897 -0.039969 0.003211
-0.092840 -0.211950 -0.208295 -0.347153 -0.203055 -0.196579 -0.098917 -0.355270 -0.092404 -0.077321 -0.011080 0.292746 0.338321 0.240579 0.283673 0.094966 0.423410 0.603416 -0.266773 -0.242132 0.272922 0.219789 -0.106796 -0.110173 0.000016 0.067602 -0.236139 -0.090811 0.726232 1.000000 0.504518 0.392664 0.149002 0.119895 0.421304 0.111006 0.631724 0.582295 0.216178 -0.091922 0.580758 0.578859 0.227428 0.351927 -0.118590 -0.309972 0.363895 -0.018124 -0.296822 -0.366017 0.056785 -0.058011 0.101249 -0.041732 0.202734 0.377608 -0.128696 -0.106417 -0.220214 -0.385349 -0.058020 -0.076034 0.246082 0.338045 -0.060523 -0.134200 -0.478491 -0.523318 -0.362489 -0.520451 0.200321 0.157960 0.656500 0.533444 0.713608 0.481350 0.633449 0.480642 0.622216 0.601263 0.529879 0.495858 -0.056419 -0.112907 0.321529 0.195921 -0.118732 -0.285463 -0.471968 -0.298017 -0.644377 -0.543029 -0.559979 -0.352735 0.004315 0.168143 0.171060 0.053254 0.070433 -0.001524 -0.089166 0.052306 0.007066 -0.157246 -0.037840 0.269224 -0.086493 -0.057878 0.046290 0.132005 -0.136420 -0.098723 -0.173766 0.332460 -0.077195 0.079295
-0.066675 -0.272655 -0.158085 -0.217642 -0.244006 -0.222015 -0.064381 -0.278614 -0.201344 -0.162397 0.312492 0.218726 0.366476 0.435789 0.259877 -0.018774 0.503160 0.405022 -0.127600 -0.172793 0.302079 0.410198 -0.113830 -0.127840 -0.043419 0.029984 -0.227484 -0.074272 0.578844 0.504518 1.000000 0.854378 -0.287007 0.008736 0.549987 0.132564 0.416530 0.168201 0.019041 -0.151676 0.367530 0.408741 0.139007 0.192193 -0.100710 -0.181380 0.110068 -0.176402 -0.272316 -0.331190 0.099037 -0.141410 0.100047 -0.198515 -0.053442 0.086976 -0.058314 0.090920 -0.053581 -0.142779 0.012499 0.021619 0.300346 0.253056 0.072026 -0.238739 -0.175212 -0.265034 -0.258377 -0.232056 0.393489 0.330490 0.601612 0.570617 0.443980 0.288853 0.380458 0.299619 0.524375 0.388903 0.314988 0.197495 0.000330 -0.264130 0.390998 0.059234 -0.009230 -0.268463 -0.314370 -0.434139 -0.556634 -0.506149 -0.326902 -0.214603 0.218333 0.073423 -0.045888 0.121117 -0.162558 -0.205929 0.030592 0.064669 -0.012214 -0.191256 -0.049356 0.114442 -0.224072 -0.156658 0.067076 0.162109 -0.175837 -0.145721 -0.217745 0.270387 0.110827 0.043299
-0.135777 -0.240754 -0.267511 -0.238573 -0.275515 -0.254868 -0.097020 -0.249637 -0.264791 -0.244249 0.243330 0.156559 0.287868 0.335430 -0.006613 -0.168681 0.480065 0.380856 -0.153080 -0.103915 0.287382 0.445732 -0.192315 -0.263079 -0.162304 0.056726 -0.178405 -0.124081 0.561799 0.392664 0.854378 1.000000 -0.203456 0.103930 0.439829 0.119988 0.350792 0.092940 -0.023663 -0.152786 0.217646 0.341735 0.240510 0.255878 0.025836 -0.078688 0.202129 -0.067149 -0.160421 -0.238903 0.160001 -0.124974 0.053639 -0.242960 -0.137159 0.091171 -0.069714 0.140611 -0.079647 -0.141803 0.041604 -0.005762 0.264194 0.163269 0.170767 -0.110920 -0.219121 -0.258113 -0.285348 -0.125227 0.335980 0.357962 0.550887 0.509647 0.322389 0.275290 0.357838 0.373711 0.521339 0.396143 0.341448 0.178687 -0.086468 -0.310484 0.369001 -0.007664 0.054753 -0.078481 -0.326667 -0.494610 -0.522610 -0.436299 -0.254440 -0.184671 0.186532 0.051085 0.030739 0.046254 -0.108384 -0.078550 0.042176 -0.009495 0.013820 -0.194037 -0.104199 0.008326 -0.187172 -0.140876 0.042944 0.156124 -0.078126 -0.003139 -0.214791 0.129133 0.011270 0.014041
-0.300238 -0.114605 0.104498 -0.209300 0.154037 0.098120 0.258085 0.014883 0.164232 0.132453 -0.154704 -0.150343 -0.003368 -0.381595 -0.028806 -0.053993 -0.017011 0.105746 -0.321160 -0.372848 -0.088614 -0.214677 0.075933 0.142023 0.080537 0.132258 0.086172 -0.009544 0.057654 0.149002 -0.287007 -0.203456 1.000000 0.553627 -0.004269 -0.021952 0.046630 0.312393 0.038279 0.087701 0.068496 0.052398 0.067906 0.059912 0.255518 0.032847 0.101060 0.074409 0.061728 0.077374 0.266983 0.047360 -0.049872 0.007938 0.017966 0.175852 -0.285262 -0.206215 -0.441511 -0.458209 -0.172762 -0.099578 0.166840 0.101751 0.167346 0.213208 -0.391244 -0.214192 -0.338692 -0.404862 -0.202767 -0.247698 0.040515 -0.097358 0.077106 -0.044418 0.205875 0.136416 0.050496 0.182111 0.118996 0.176248 -0.054726 0.167679 -0.003015 -0.071820 -0.145531 0.088296 -0.080948 0.057202 -0.096673 0.062354 -0.036883 -0.129812 -0.053649 0.057423 0.281803 -0.082802 0.151443 0.179980 -0.042366 -0.004973 -0.066156 0.073518 -0.108256 -0.112183 -0.008501 -0.094692 -0.040406 0.050194 0.071601 0.074611 0.216938 -0.034681 -0.128666 0.007497
-0.211469 0.085543 -0.115468 -0.313705 -0.214315 -0.284635 0.060716 0.092639 -0.117576 -0.290544 0.406655 0.307959 0.237429 0.092506 -0.108126 -0.259448 0.409553 0.357026 -0.227455 -0.184907 -0.262644 -0.095069 -0.210164 -0.137333 -0.273657 -0.209237 -0.286251 -0.338819 0.328739 0.119895 0.008736 0.103930 0.553627 1.000000 0.418668 0.476964 0.176853 0.201238 -0.188253 -0.218445 -0.045221 0.132592 -0.016873 -0.015381 0.179536 0.165345 -0.034710 -0.110840 0.176232 -0.066034 0.293706 -0.050748 -0.055648 -0.161568 -0.216342 -0.194462 -0.162175 -0.011495 -0.394810 -0.453965 0.055870 0.093691 0.414720 0.422264 0.440325 0.356299 -0.300660 -0.055455 -0.216926 -0.165246 -0.138948 0.144390 0.273655 0.029348 0.113837 0.149546 0.317257 0.318627 0.196496 0.298979 0.225406 0.219084 -0.084793 0.034099 0.170601 0.111269 -0.058375 0.104299 -0.242615 -0.338015 -0.267192 -0.113419 0.075612 -0.114658 -0.116972 -0.052138 -0.215498 -0.262679 -0.323951 -0.247137 0.089382 -0.055890 -0.147493 -0.042426 -0.230029 -0.038605 -0.255579 -0.373267 -0.105250 0.043950 0.036337 -0.055233 -0.054643 -0.150338 -0.178833 -0.239370
-0.149492 -0.253385 -0.186215 -0.399778 -0.416708 -0.369220 -0.119171 -0.123208 -0.267961 -0.320680 0.433383 0.270934 0.281124 0.388323 0.228309 -0.117373 0.580830 0.428221 -0.297478 -0.317877 -0.057986 0.282460 -0.282178 -0.219518 -0.265370 -0.207666 -0.430696 -0.248425 0.557979 0.421304 0.549987 0.439829 -0.004269 0.418668 1.000000 0.611751 0.525232 0.400511 -0.021119 -0.182408 0.322027 0.405703 0.156137 0.169104 0.086768 0.160002 0.262544 -0.116734 0.036995 -0.203345 0.370199 0.060175 0.197206 0.052216 -0.114674 -0.051875 -0.054721 -0.107447 -0.277839 -0.391132 0.012878 0.029617 0.431648 0.376784 0.345111 0.097591 -0.336001 -0.158609 -0.310295 -0.247845 0.238707 0.464467 0.633011 0.384527 0.493682 0.325970 0.539283 0.502913 0.467379 0.450112 0.394204 0.264261 -0.021694 -0.155923 0.416038 0.250763 -0.025858 -0.108281 -0.348608 -0.500341 -0.628940 -0.484361 -0.272871 -0.281650 0.038473 -0.065985 -0.179733 -0.060686 -0.391626 -0.373610 0.010730 -0.078631 -0.209826 -0.243068 -0.234949 0.091027 -0.372026 -0.437141 -0.083171 0.169567 -0.086814 -0.115545 -0.097264 0.023251 0.061949 -0.224919
-0.060555 -0.008923 -0.024260 -0.124715 -0.208354 -0.239781 0.038559 0.119529 -0.123241 -0.224096 0.316402 0.324484 0.226024 0.098632 -0.034547 -0.182970 0.298502 0.169155 -0.105643 -0.115405 -0.046672 0.086187 -0.199215 -0.134112 -0.218152 -0.164291 -0.283054 -0.293488 0.225304 0.111006 0.132564 0.119988 -0.021952 0.476964 0.611751 1.000000 0.320684 0.081690 -0.171526 -0.296670 0.049234 0.275385 0.163158 0.062668 0.160926 0.451563 0.046770 0.014321 0.301209 -0.019920 0.246528 -0.015451 -0.095066 -0.072112 -0.341934 -0.333248 -0.095208 -0.122537 -0.311207 -0.344972 0.034665 -0.027724 0.218154 0.266309 0.461400 0.347725 -0.156351 0.085538 -0.137178 -0.101511 -0.041455 0.200430 0.281265 0.177955 0.141186 0.315882 0.300616 0.301005 0.114477 0.111473 0.168436 0.072309 -0.151239 -0.171134 0.369499 0.229364 -0.037434 -0.090120 -0.130177 -0.476525 -0.325455 -0.297548 0.013481 0.031542 -0.251409 -0.208598 -0.354932 -0.298567 -0.433993 -0.405435 0.086843 0.044862 -0.095398 -0.199004 -0.248982 -0.040766 -0.274282 -0.330068 -0.219328 -0.049314 0.151412 -0.053037 -0.124538 -0.174987 -0.211766 -0.261446
