1.000000 0.336686 0.357837 -0.145126 0.128763 -0.330125 0.401215 0.108013 0.085610 -0.263773 0.365722 0.147804 0.201347 0.109448 0.231001 -0.332193 0.084468 0.054473 0.427257 0.261444 -0.021784 0.019565 0.124512 -0.054584 -0.102528 -0.439422 -0.116753 -0.224675 0.327823 0.090961 -0.024665 -0.097987 0.159865 0.112071 -0.307177 0.029012 0.272929 0.130888 0.049179 -0.168259 0.154374 -0.124010 -0.258189 -0.421439 -0.123917 -0.138007 -0.304998 -0.352391 0.139981 -0.275131 -0.287582 -0.329983 0.021629 -0.177778 -0.079107 -0.146928 0.283223 0.215813 0.462647 0.172666 0.632613 0.087821 0.201274 0.200866 -0.008708 -0.129288 0.058869 -0.022887 0.164942 0.123577 -0.215942 -0.042616 0.126467 0.127766 0.137462 0.053913 0.151556 0.017217 0.033006 0.110052 -0.029836 0.223182 0.036354 -0.115115 -0.423429 -0.357199 0.004074 -0.351556 -0.034543 -0.215213 0.147413 0.089982 -0.007263 0.125185 0.074166 0.043471 -0.128403 0.046332 -0.197337 -0.071925 0.048471 0.116704 0.018991 0.037507 0.032440 0.090595 0.186096 0.150298 0.223956 -0.087047 -0.136010 -0.199480 0.025278 0.055101 0.044634 0.081778
0.336686 1.000000 0.009368 0.322930 -0.114120 0.189185 -0.124929 0.152959 -0.007783 0.024498 -0.168987 0.051006 -0.522771 -0.081994 0.029282 -0.016743 -0.198965 -0.015480 0.312565 0.448514 -0.035545 0.211163 0.247407 0.091381 -0.069615 -0.187605 0.001072 0.084517 -0.243703 -0.169006 -0.432413 -0.242504 -0.010244 -0.046688 -0.377883 0.128169 -0.042289 -0.018836 -0.162304 -0.229138 -0.080451 -0.157610 -0.250301 -0.233756 -0.395268 -0.181037 -0.345242 -0.321804 -0.210498 -0.062934 -0.038793 0.106988 0.229306 0.226243 -0.129248 -0.307934 0.434674 0.636305 0.283069 0.470125 0.064096 0.456601 -0.310168 0.214692 -0.159393 0.110915 0.105956 0.194571 0.501343 0.325131 -0.288411 -0.430532 -0.183493 -0.271099 -0.043296 -0.262507 0.016910 -0.298105 -0.323032 -0.061730 -0.152098 -0.069515 -0.034657 -0.055708 -0.114615 -0.134737 0.063121 -0.066711 0.224221 0.238272 0.164341 0.115729 0.237352 -0.171308 0.066437 0.259025 -0.336903 0.316079 -0.278379 -0.182537 -0.054771 -0.267815 -0.095465 -0.099472 -0.123365 -0.101375 -0.001512 -0.132127 0.354862 0.237125 -0.054287 -0.310640 0.138888 0.245686 0.405419 0.410267
0.357837 0.009368 1.000000 0.108986 0.174793 0.010096 0.658074 0.334777 -0.360778 -0.019639 0.515189 0.121494 0.412251 -0.155561 -0.398614 -0.175936 -0.429428 -0.558101 0.362480 0.018095 -0.378759 0.117982 0.507748 0.327138 0.433572 -0.076329 0.182828 0.125642 -0.216705 -0.461807 0.171353 -0.147998 0.251617 -0.104540 -0.132135 0.037532 -0.307396 -0.352115 -0.141170 -0.051552 -0.368529 -0.313866 -0.434481 -0.413097 -0.330174 -0.198196 -0.458997 -0.449527 0.301651 -0.367647 0.315550 -0.190540 -0.243409 -0.262580 -0.094132 -0.132803 -0.237275 -0.261695 -0.014999 -0.004020 0.299030 -0.354248 0.098433 -0.495347 0.211875 -0.202987 0.077235 0.293129 0.060331 0.192786 0.236154 -0.409896 -0.315052 -0.266212 -0.449934 -0.316678 -0.339010 -0.171948 -0.091487 -0.276772 -0.386371 -0.334310 0.044529 -0.373037 -0.157565 -0.196263 0.150209 -0.093831 0.098120 -0.070585 0.196920 0.215402 0.265373 0.638441 0.056100 0.064765 0.061079 0.166804 -0.399474 -0.300590 0.445191 0.468455 0.375212 0.574353 0.470294 0.416289 0.459947 0.371980 0.119377 0.327593 0.134792 -0.294939 -0.057308 0.179837 0.049900 0.055373
-0.145126 0.322930 0.108986 1.000000 0.075878 0.472458 0.115666 0.638877 0.008448 0.284237 -0.348520 0.192933 -0.377947 0.139192 -0.263019 0.374534 -0.517584 -0.192616 0.161617 -0.016844 -0.407390 0.043789 0.190528 0.618029 0.508818 0.346899 -0.106626 0.117253 -0.685335 -0.305578 -0.005475 0.392366 -0.248757 -0.027604 -0.227741 0.111681 -0.453054 -0.427640 -0.300701 -0.280791 -0.440592 -0.332724 -0.439426 -0.264756 -0.598479 -0.025955 -0.365062 -0.400160 -0.449178 -0.207644 0.163528 0.191633 0.006601 0.009741 -0.302418 -0.630019 -0.120008 -0.066331 -0.035006 0.223791 -0.122228 0.311136 -0.424973 -0.178994 0.485855 0.651992 -0.116810 0.448957 0.009333 0.066310 0.069145 -0.251947 -0.481151 -0.507613 -0.435098 -0.254099 -0.145676 -0.140245 -0.392275 -0.290220 -0.402752 -0.463215 0.113325 0.149898 0.054470 0.083941 0.078110 0.298369 0.275830 0.485138 -0.164188 -0.328677 0.363144 -0.116147 -0.320177 -0.128802 -0.545219 0.138378 -0.635791 -0.639253 0.121778 -0.276827 -0.076045 -0.092537 -0.080175 -0.065835 -0.065391 0.074677 -0.135959 -0.074838 -0.109647 -0.314058 -0.171966 0.012419 0.264637 0.141247
0.128763 -0.114120 0.174793 0.075878 1.000000 0.101754 0.149243 0.173414 0.297812 -0.079600 -0.130429 -0.274859 0.121566 0.061470 0.097308 0.232857 -0.096673 0.079536 0.090088 0.158472 0.136444 -0.135669 -0.252380 0.178637 0.384887 0.171935 0.219768 -0.026605 0.127273 0.065101 -0.065770 -0.001343 -0.409169 -0.149876 -0.002526 -0.231586 0.068383 -0.015121 -0.184746 -0.033862 -0.171928 0.066271 0.020437 -0.068772 0.083782 -0.074568 0.040579 -0.081490 0.029853 0.078189 -0.440082 -0.215161 0.179035 0.067982 -0.178334 -0.186347 -0.069304 -0.242634 0.225197 0.201346 0.316276 0.058371 0.075075 -0.116588 -0.039095 -0.084790 0.204850 0.241399 -0.080129 0.092178 0.385639 -0.068135 0.115659 0.020875 0.044793 -0.123312 -0.097186 0.039153 -0.048722 -0.370722 -0.006891 -0.036445 0.456662 0.355301 -0.342024 -0.252014 -0.242925 -0.061281 -0.363718 -0.313353 0.200748 0.112741 0.293447 0.238723 -0.103176 0.005370 -0.255114 -0.073488 -0.052338 -0.112974 0.201833 0.203303 0.332995 0.192971 0.015331 0.087687 -0.146816 -0.059623 -0.037929 -0.216513 -0.178602 -0.181962 -0.081949 -0.000956 0.161981 0.064542
-0.330125 0.189185 0.010096 0.472458 0.101754 1.000000 -0.140359 0.101686 -0.130011 0.631167 -0.258329 -0.109056 -0.406370 -0.154507 -0.298760 0.632657 -0.374329 -0.408123 -0.224282 0.007309 -0.027857 0.275189 0.363862 0.389267 0.454677 0.518118 0.548179 0.781311 -0.616417 -0.605148 -0.156052 0.038281 -0.260846 -0.082772 -0.192868 0.293533 -0.368284 -0.166057 -0.108830 -0.047997 -0.359412 0.198217 -0.267717 -0.043975 -0.419736 0.150286 -0.143691 -0.171182 -0.309997 -0.039451 0.346951 0.390516 0.075730 0.192989 -0.078959 -0.254247 -0.158157 -0.040479 -0.278654 0.073210 -0.466965 0.133653 -0.573305 -0.177265 0.102907 0.368343 -0.162847 0.341052 -0.016912 0.089591 0.206825 -0.243253 -0.381580 -0.532015 -0.247240 -0.203305 -0.150454 -0.153782 -0.268201 -0.460220 -0.370214 -0.579438 0.203745 0.079104 0.265665 0.093459 0.242447 0.230622 0.359160 0.483948 -0.145089 -0.034806 0.090099 -0.049376 -0.050868 -0.036858 -0.166551 0.333548 -0.291178 -0.368127 0.051259 -0.252408 -0.011402 0.065633 -0.000193 0.072536 -0.012638 0.008502 -0.001286 0.147093 0.218062 -0.253970 -0.040371 -0.067243 0.225903 0.355843
0.401215 -0.124929 0.658074 0.115666 0.149243 -0.140359 1.000000 0.308315 -0.162687 -0.076774 0.383047 0.362919 0.509560 0.057033 -0.215123 -0.146951 -0.245168 -0.350706 0.254110 -0.294223 -0.242856 0.095657 0.333006 0.245268 0.262565 0.034715 0.043502 -0.013011 -0.037593 -0.124833 0.386632 0.215103 0.367785 0.183361 -0.059474 0.050185 -0.028714 -0.249689 -0.140991 -0.071034 -0.143772 -0.254586 -0.379537 -0.303180 -0.245595 -0.106535 -0.465382 -0.355396 0.205128 -0.462008 0.135403 -0.246661 -0.271422 -0.420153 -0.106811 -0.223087 -0.246322 -0.264736 0.136473 -0.068276 0.479303 -0.123791 0.180419 -0.254609 0.444872 0.002044 -0.025531 0.078234 -0.168038 -0.105547 -0.090674 -0.009325 -0.125044 -0.145982 -0.246427 -0.061356 -0.175560 -0.008161 0.029036 0.020341 -0.177090 -0.129274 -0.065724 -0.072091 -0.162356 -0.052231 0.203327 -0.077335 0.080144 -0.045673 -0.049010 -0.153141 -0.015992 0.249387 -0.106004 -0.004617 -0.005418 -0.063658 -0.349650 -0.234884 0.268185 0.290081 0.158305 0.142349 0.227696 0.099849 0.355966 0.212982 -0.035976 0.000581 0.003677 -0.246802 -0.329511 0.070595 -0.117916 -0.071596
0.108013 0.152959 0.334777 0.638877 0.173414 0.101686 0.308315 1.000000 -0.069393 0.143332 -0.147450 0.376391 0.111825 0.508322 -0.345710 0.233122 -0.398501 -0.143789 0.121591 -0.164663 -0.376470 0.030312 -0.049661 0.173009 0.440366 -0.060505 -0.195619 -0.246684 -0.435372 -0.049263 0.037561 0.200406 0.031242 0.139351 0.030876 0.164475 -0.338916 -0.266258 -0.257360 -0.177449 -0.379993 -0.400025 -0.508717 -0.275731 -0.458183 0.261954 -0.401584 -0.474218 -0.092317 -0.267030 -0.050589 0.202767 -0.159728 -0.291045 -0.378976 -0.556105 -0.205492 -0.333359 0.129327 0.232427 0.177035 0.178519 -0.070582 -0.331958 0.448550 0.558614 -0.090631 0.363637 -0.168923 -0.048921 0.133842 -0.136872 -0.228854 -0.215145 -0.259379 -0.130457 -0.147791 -0.051979 -0.112812 -0.303235 -0.298080 -0.352075 -0.089906 -0.004242 -0.292112 -0.087500 -0.064453 -0.020298 0.080204 0.139304 -0.044656 -0.216657 0.399812 0.095765 -0.358584 -0.111332 -0.345854 -0.132792 -0.524710 -0.492479 0.209103 0.004653 0.077352 0.006738 0.140687 -0.088355 0.006413 0.003232 -0.126031 -0.039736 -0.247703 -0.336669 -0.306377 -0.017881 0.086667 -0.052436
0.085610 -0.007783 -0.360778 0.008448 0.297812 -0.130011 -0.162687 -0.069393 1.000000 0.087003 -0.258478 0.172526 -0.071668 0.315344 0.510733 0.140086 -0.070186 0.326459 0.202065 0.101718 0.147723 -0.094164 -0.313741 -0.069215 -0.058307 0.113378 -0.301422 -0.278525 0.204906 0.274567 -0.038526 0.113396 -0.271917 -0.100080 0.006489 -0.038913 0.299138 0.031495 -0.072407 -0.263711 0.370388 -0.050851 0.165617 0.142708 0.080447 0.016056 0.060703 0.181972 -0.045248 0.087323 -0.293197 0.171009 0.220703 -0.000781 -0.167584 -0.139564 0.076434 0.071934 0.125443 0.083617 0.186658 0.247489 -0.050673 0.200769 0.172990 0.136443 -0.018964 0.018653 -0.051871 0.088567 -0.183616 0.221066 0.090502 0.195003 0.151935 0.147976 0.031100 -0.083410 -0.039894 -0.016468 -0.013327 0.113665 -0.154741 0.115356 -0.291226 -0.040662 -0.148072 -0.158154 -0.011499 -0.027774 0.086908 -0.064215 0.007093 -0.207741 -0.265543 0.014536 -0.174143 -0.313200 0.109557 0.191196 -0.413683 -0.226439 -0.436659 -0.397843 -0.303784 -0.465148 -0.321977 -0.346376 -0.011731 -0.240394 -0.121975 0.128937 0.035846 0.020152 -0.012817 -0.150254
-0.263773 0.024498 -0.019639 0.284237 -0.079600 0.631167 -0.076774 0.143332 0.087003 1.000000 -0.025129 0.284065 -0.105690 0.257600 -0.236373 0.708778 -0.182755 -0.274018 -0.142364 -0.174021 -0.192867 0.221486 0.140669 0.051304 0.301297 0.251541 0.194241 0.330567 -0.410416 -0.421569 -0.014970 0.078320 -0.052130 0.222809 -0.023943 0.398281 -0.254026 -0.079487 -0.249765 -0.159517 -0.359665 0.254793 -0.133316 0.149261 -0.368470 0.269626 -0.122663 -0.076724 -0.254732 -0.214780 0.401694 0.467137 -0.183819 -0.108849 -0.306521 -0.188221 -0.163359 -0.220776 -0.482636 -0.368898 -0.334101 -0.061573 -0.246488 -0.146711 0.377842 0.489083 -0.409195 0.116440 -0.218831 -0.063070 0.153025 0.078963 -0.204121 -0.382371 -0.038905 0.178312 -0.002968 -0.065567 -0.097620 -0.347551 -0.160793 -0.484404 -0.144106 -0.058605 0.214891 0.177486 0.143307 -0.073658 0.280659 0.302288 -0.329193 -0.155755 0.005834 0.041556 -0.327339 0.079814 -0.120916 0.115493 -0.167521 -0.054208 -0.036703 -0.051442 -0.224928 -0.090054 -0.076952 -0.263843 0.022436 -0.095401 0.059953 0.137073 0.134147 -0.074986 0.000005 -0.034573 0.028629 0.183807
0.365722 -0.168987 0.515189 -0.348520 -0.130429 -0.258329 0.383047 -0.147450 -0.258478 -0.025129 1.000000 0.195502 0.549533 -0.079574 0.205819 -0.200040 0.114420 -0.273102 0.077309 -0.187910 -0.165595 0.108710 0.389183 -0.081473 -0.079486 -0.321428 0.070523 0.082243 0.235308 -0.220090 0.068572 -0.199006 0.349666 0.055192 -0.068046 0.023338 -0.060532 -0.107674 0.195517 0.055958 -0.029957 -0.107013 -0.097460 -0.166178 -0.119059 -0.216117 -0.110860 -0.205668 0.276561 -0.362207 0.266096 -0.200077 -0.350280 -0.317069 0.184681 0.168223 -0.104980 -0.176316 -0.084544 -0.315718 0.314408 -0.416194 0.352246 -0.171680 0.160935 -0.261407 -0.073012 -0.257032 -0.059528 -0.094259 0.069497 -0.075688 0.068551 0.120016 -0.215018 0.113575 -0.079940 0.123786 0.214625 -0.001449 -0.144179 -0.037283 0.139261 -0.358402 0.104623 -0.008500 0.403486 -0.189591 0.162315 -0.060167 -0.120381 0.075630 -0.288435 0.408107 0.066859 -0.057811 0.253050 -0.099231 0.052787 0.082414 0.035328 0.366729 0.027056 0.219784 0.247256 0.292518 0.452260 0.436313 0.138221 0.090973 -0.047813 -0.134757 -0.075555 -0.045737 -0.122247 -0.004803
0.147804 0.051006 0.121494 0.192933 -0.274859 -0.109056 0.362919 0.376391 0.172526 0.284065 0.195502 1.000000 0.349158 0.509223 -0.054792 0.106308 -0.191045 -0.155277 0.074739 -0.427902 -0.389480 0.251873 0.149107 -0.107876 0.106487 -0.104435 -0.254254 -0.284564 -0.110781 0.037919 0.106451 0.130003 0.368784 0.308213 0.038954 0.373933 0.124276 -0.166020 -0.101253 -0.241911 0.025301 -0.197061 -0.246936 0.009424 -0.381354 0.177302 -0.380505 -0.162975 -0.002709 -0.466302 0.287944 0.284892 -0.282069 -0.436602 -0.265974 -0.270229 -0.238583 -0.238886 -0.206344 -0.281960 0.170594 -0.034193 -0.040515 -0.168839 0.597830 0.393138 -0.444938 -0.033163 -0.309853 -0.278281 -0.239810 0.162236 -0.089477 -0.047556 -0.027289 0.066903 0.003046 -0.098757 0.142063 0.003013 -0.164596 -0.226424 -0.436306 -0.158411 -0.013973 0.203529 0.219236 -0.226491 0.302463 0.229580 -0.378780 -0.252980 -0.071712 0.075386 -0.257274 -0.051165 0.070373 -0.069931 -0.280964 -0.034774 -0.137667 0.043046 -0.315317 -0.214838 -0.028366 -0.284743 0.062991 -0.034579 -0.020893 0.071474 0.036957 -0.064513 -0.106599 0.140029 -0.026747 -0.041170
0.201347 -0.522771 0.412251 -0.377947 0.121566 -0.406370 0.509560 0.111825 -0.071668 -0.105690 0.549533 0.349158 1.000000 0.296473 -0.119571 -0.141382 0.146858 -0.128090 -0.011235 -0.445899 -0.119960 -0.026717 -0.027846 -0.286838 0.072065 -0.293913 0.001316 -0.274298 0.285529 0.111935 0.220160 -0.066100 0.309824 0.058032 0.258454 0.046440 0.074412 0.130569 0.204053 0.236224 -0.013146 -0.030043 -0.015010 -0.072206 0.153092 0.122911 -0.058114 -0.003077 0.499261 -0.206838 0.016397 -0.062254 -0.233657 -0.366350 0.090231 0.156304 -0.326371 -0.458537 -0.046427 -0.372571 0.466053 -0.470870 0.528118 -0.203810 0.236202 -0.162599 -0.208541 -0.290826 -0.310588 -0.266145 0.230006 0.192409 0.181448 0.284736 -0.071927 0.222629 -0.074844 0.209868 0.432951 0.108791 -0.023671 -0.004367 -0.198470 -0.270642 -0.346642 -0.165533 -0.002386 -0.331677 -0.229962 -0.383399 -0.046270 0.057260 -0.125257 0.392698 -0.002410 -0.090727 0.360958 -0.232211 0.080451 0.182759 0.190600 0.506818 0.246577 0.211234 0.391226 0.252187 0.310062 0.216972 -0.064067 0.078641 0.030786 0.125572 -0.133919 -0.061261 -0.329537 -0.304484
0.109448 -0.081994 -0.155561 0.139192 0.061470 -0.154507 0.057033 0.508322 0.315344 0.257600 -0.079574 0.509223 0.296473 1.000000 0.028278 0.311547 0.098376 0.375540 -0.111396 -0.257750 -0.133180 -0.231556 -0.374858 -0.287978 0.002948 -0.272770 -0.358691 -0.515891 0.061203 0.441472 0.092489 0.268258 -0.038211 0.245235 0.017814 0.161155 0.015498 0.121437 -0.121886 -0.074880 -0.076311 -0.069256 -0.039696 0.032492 -0.066739 0.336958 -0.040694 -0.024939 -0.035987 -0.125498 -0.190266 0.296174 -0.103716 -0.228892 -0.323132 -0.269632 -0.186022 -0.326235 -0.060136 -0.247322 0.158431 0.129029 0.165000 0.089405 0.355553 0.543901 -0.529935 -0.199437 -0.409935 -0.268322 0.020851 0.354630 0.285690 0.199033 0.281951 0.318429 0.144592 0.111792 0.118282 -0.070975 0.073938 -0.006280 -0.268848 0.069623 -0.424157 -0.159115 -0.213022 -0.206646 -0.195603 -0.174734 -0.196991 -0.168568 0.032321 -0.056712 -0.437590 -0.108779 -0.134290 -0.455585 -0.063655 0.059238 -0.073166 0.038628 -0.129971 -0.200294 0.014760 -0.282680 -0.050927 -0.077878 -0.200848 -0.253601 -0.209344 0.135731 -0.056493 -0.135686 -0.221024 -0.332266
0.231001 0.029282 -0.398614 -0.263019 0.097308 -0.298760 -0.215123 -0.345710 0.510733 -0.236373 0.205819 -0.054792 -0.119571 0.028278 1.000000 -0.094034 0.210605 0.284721 0.019598 0.226299 0.216099 -0.107668 -0.138182 -0.054099 -0.305548 -0.054063 -0.200912 -0.156473 0.488407 0.263547 -0.106177 0.019259 -0.204149 -0.110560 -0.102993 -0.035455 0.356443 0.064434 0.220674 -0.112939 0.393164 -0.101241 0.290142 0.143419 0.149586 -0.164455 0.230874 0.155105 -0.054480 0.085558 -0.240665 -0.162278 0.221386 0.092638 0.273325 0.044065 0.187061 0.201702 0.168730 0.058682 0.139319 0.184472 -0.023001 0.188216 -0.074656 -0.141178 0.050155 -0.167151 0.086349 0.111870 -0.251330 0.156588 0.226668 0.257227 0.177827 0.073178 0.062605 0.012638 -0.037036 0.008599 0.022248 0.243133 0.322575 0.188093 -0.016050 -0.056336 0.207791 -0.096102 0.068439 -0.094465 0.035980 -0.005319 -0.225022 -0.249964 -0.107046 -0.098956 -0.016619 -0.296849 0.292838 0.207506 -0.491492 -0.267480 -0.369563 -0.339159 -0.333596 -0.227966 -0.210293 -0.086182 0.039767 -0.327182 -0.127150 0.057202 0.013340 -0.055451 0.089407 0.028101
-0.332193 -0.016743 -0.175936 0.374534 0.232857 0.632657 -0.146951 0.233122 0.140086 0.708778 -0.200040 0.106308 -0.141382 0.311547 -0.094034 1.000000 -0.131249 -0.109674 -0.190563 -0.191563 0.097637 0.201630 -0.146297 0.063300 0.396736 0.268011 0.221080 0.292008 -0.230641 -0.145802 -0.091189 0.181652 -0.286386 0.277115 0.091921 0.284640 -0.110330 0.098402 -0.251103 -0.131764 -0.329290 0.330948 -0.047156 0.206017 -0.306538 0.128376 0.046198 -0.062051 -0.427330 -0.184447 0.128721 0.343506 -0.030794 0.013083 -0.292914 -0.311734 -0.189789 -0.286815 -0.345611 -0.279317 -0.264895 0.191363 -0.166155 -0.054645 0.347519 0.563773 -0.410876 0.024823 -0.291042 -0.145085 0.332042 0.152577 -0.019876 -0.282340 -0.064888 0.160920 0.094526 0.089326 -0.140505 -0.410265 -0.109795 -0.424487 0.187459 0.391794 0.184314 0.206325 0.022330 0.070793 0.108246 0.205503 -0.373434 -0.251987 0.060718 -0.122096 -0.443772 -0.043568 -0.259151 -0.025233 -0.144558 -0.134192 -0.058035 -0.120515 -0.111002 -0.145111 -0.224052 -0.236199 -0.273611 -0.221185 -0.163197 -0.075552 -0.049627 -0.113927 -0.114652 0.024374 0.169713 0.208338
0.084468 -0.198965 -0.429428 -0.517584 -0.096673 -0.374329 -0.245168 -0.398501 -0.070186 -0.182755 0.114420 -0.191045 0.146858 0.098376 0.210605 -0.131249 1.000000 0.592050 -0.285767 0.056937 0.294703 -0.259758 -0.411479 -0.519883 -0.558026 -0.414842 -0.059174 -0.199632 0.645693 0.524539 -0.117958 -0.054902 -0.014549 0.174726 0.166002 -0.251405 0.375084 0.492005 0.121034 0.209913 0.233317 0.432332 0.412233 0.173958 0.370853 -0.063601 0.410318 0.258718 -0.109891 0.082405 -0.375121 -0.248984 -0.173897 0.006676 0.023554 0.343447 0.348141 0.204898 0.017975 -0.317840 0.089487 -0.076573 0.472160 0.568166 -0.350565 -0.197101 -0.179964 -0.592618 -0.133156 -0.255136 -0.071641 0.377100 0.647976 0.525850 0.485536 0.462651 0.492724 0.369744 0.564742 0.536213 0.744710 0.723808 0.094368 0.159310 0.071191 -0.010319 -0.216281 -0.197955 -0.398992 -0.352002 -0.159184 0.016169 -0.248574 -0.128824 0.123651 0.048720 0.047774 -0.133894 0.442671 0.454205 -0.173182 0.073406 -0.009077 -0.149299 -0.168201 -0.025624 -0.151753 -0.096790 -0.033124 -0.233275 -0.208840 0.249186 0.119124 -0.262682 -0.239202 -0.156535
0.054473 -0.015480 -0.558101 -0.192616 0.079536 -0.408123 -0.350706 -0.143789 0.326459 -0.274018 -0.273102 -0.155277 -0.128090 0.375540 0.284721 -0.109674 0.592050 1.000000 -0.026030 0.196266 0.239235 -0.483124 -0.629188 -0.350708 -0.525796 -0.272545 -0.495634 -0.502909 0.498798 0.756160 -0.175355 0.102939 -0.310691 -0.024241 0.089596 -0.350441 0.307539 0.376363 -0.045442 0.003619 0.303282 0.075375 0.335686 0.078304 0.333316 -0.091686 0.290015 0.221246 -0.213348 0.225964 -0.597546 -0.101209 0.070435 0.062869 -0.104504 0.112777 0.284704 0.221541 0.233032 0.022198 0.142138 0.219415 0.294564 0.571290 -0.314085 0.001019 -0.082231 -0.335719 -0.135479 -0.090397 -0.113125 0.263628 0.545190 0.466627 0.508458 0.297245 0.397708 0.195335 0.252888 0.411072 0.583983 0.670583 -0.028517 0.261871 -0.168765 -0.065162 -0.454524 -0.100708 -0.467741 -0.289887 0.068741 0.046348 0.029625 -0.200202 -0.010402 0.135313 -0.191759 -0.387299 0.307940 0.292244 -0.184562 -0.017907 -0.075451 -0.289509 -0.276669 -0.288771 -0.217381 -0.222362 -0.053900 -0.333309 -0.384377 0.245082 0.173373 -0.135082 -0.139114 -0.315044
0.427257 0.312565 0.362480 0.161617 0.090088 -0.224282 0.254110 0.121591 0.202065 -0.142364 0.077309 0.074739 -0.011235 -0.111396 0.019598 -0.190563 -0.285767 -0.026030 1.000000 0.464602 -0.080014 0.058583 0.056305 0.241328 0.092594 -0.114976 -0.232499 -0.213736 0.010132 -0.025248 0.242855 0.073484 0.042210 -0.085296 -0.084805 -0.132989 0.114723 -0.057358 -0.059377 -0.293090 0.025988 -0.336808 -0.149612 -0.276170 -0.234779 -0.427476 -0.275856 -0.225572 -0.019663 -0.315442 -0.105623 -0.228831 0.086763 -0.153562 0.007503 -0.107461 0.159084 0.220051 0.230111 0.161665 0.341258 -0.057214 -0.036935 -0.081578 0.102430 -0.191498 0.177516 0.170543 0.320445 0.368882 -0.140337 -0.138101 -0.270443 -0.074192 -0.122700 -0.107065 -0.027719 -0.167994 -0.292197 0.033221 -0.225322 0.011565 -0.018514 -0.087353 -0.246104 -0.074619 -0.036809 -0.235237 0.097098 0.000457 0.165196 -0.050744 0.332162 0.231215 0.036343 0.276329 -0.146922 0.087788 -0.295351 -0.203507 0.043557 0.132158 -0.058592 0.017937 0.009642 -0.066351 0.094788 -0.087457 0.233372 0.316172 -0.026863 -0.110307 0.185667 0.315057 0.249039 0.073607
0.261444 0.448514 0.018095 -0.016844 0.158472 0.007309 -0.294223 -0.164663 0.101718 -0.174021 -0.187910 -0.427902 -0.445899 -0.257750 0.226299 -0.191563 0.056937 0.196266 0.464602 1.000000 0.043027 -0.184612 -0.000267 0.163413 -0.016573 -0.082368 0.072589 0.034376 0.159173 -0.047491 -0.115653 -0.192154 -0.220997 -0.303867 -0.155760 -0.137772 0.061377 0.058208 -0.055126 0.000289 0.094162 -0.038438 0.104091 -0.189068 0.004213 -0.350894 -0.067166 -0.050787 -0.126617 0.168995 -0.149653 -0.187728 0.220779 0.262078 0.032889 0.018727 0.487404 0.554761 0.124304 0.313572 -0.181280 0.031124 -0.278812 0.059165 -0.501183 -0.392409 0.158270 0.213173 0.592482 0.767571 -0.090470 -0.351478 0.009435 -0.057019 0.054999 -0.305151 -0.140742 -0.390557 -0.169527 -0.027595 0.036759 0.256992 0.208972 -0.091083 -0.212600 -0.411759 -0.116186 -0.199722 -0.166608 -0.263738 0.454950 0.284696 0.451834 0.097824 0.207641 0.375659 -0.131031 0.096783 -0.038117 -0.053524 -0.065426 -0.100317 -0.072497 0.245161 0.069384 0.003108 -0.209782 -0.120197 0.292075 0.310616 0.201991 0.063937 0.468207 0.113778 0.253135 0.122904
-0.021784 -0.035545 -0.378759 -0.407390 0.136444 -0.027857 -0.242856 -0.376470 0.147723 -0.192867 -0.165595 -0.389480 -0.119960 -0.133180 0.216099 0.097637 0.294703 0.239235 -0.080014 0.043027 1.000000 0.000878 -0.331765 -0.210451 -0.254671 -0.016040 0.195020 0.161048 0.314240 0.343622 -0.005925 -0.011532 -0.051361 0.071655 0.201294 -0.071666 0.410980 0.549592 0.365324 0.227938 0.357203 0.444658 0.223021 0.127670 0.213675 -0.098937 0.298698 0.214023 -0.170083 0.097967 -0.496690 -0.162441 0.091841 0.155147 0.340262 0.326438 0.159169 0.144533 0.184098 0.006245 0.048350 0.116079 0.170409 0.332148 -0.349914 -0.188083 0.104333 -0.442851 -0.040313 -0.157470 0.007560 0.329577 0.340675 0.420161 0.362550 0.367644 0.402707 0.397725 0.029455 0.231797 0.315418 0.340664 0.179629 0.407263 0.040312 0.035355 -0.055568 0.149000 -0.130004 -0.056125 -0.072654 0.001704 -0.204408 -0.205316 0.272727 0.015355 0.139673 -0.077681 0.284145 0.136351 -0.164836 0.015613 -0.002163 -0.153106 -0.121662 0.007375 -0.111640 -0.127806 -0.097600 -0.236395 -0.197684 -0.075469 -0.068199 -0.065547 -0.062493 -0.035197
0.019565 0.211163 0.117982 0.043789 -0.135669 0.275189 0.095657 0.030312 -0.094164 0.221486 0.108710 0.251873 -0.026717 -0.231556 -0.107668 0.201630 -0.259758 -0.483124 0.058583 -0.184612 0.000878 1.000000 0.246162 -0.081481 0.206097 0.060867 0.330153 0.325326 -0.233769 -0.344085 -0.143801 -0.144708 0.218497 0.242084 0.048799 0.327501 0.121695 0.016736 0.158642 -0.033695 0.039257 0.109227 -0.194645 0.039690 -0.345662 -0.008840 -0.122866 -0.085168 -0.026729 -0.327763 0.262831 0.236949 -0.087290 -0.184963 0.064848 0.104837 0.035793 -0.032921 -0.182619 -0.085581 -0.044060 -0.016412 -0.137936 -0.153519 0.166766 0.037305 0.055197 0.116913 0.071750 -0.081137 -0.201105 -0.009178 -0.296162 -0.345830 -0.149094 -0.088873 -0.064782 -0.123635 0.030331 -0.068928 -0.232638 -0.331793 0.000462 -0.022435 0.256014 0.386040 0.356768 -0.053114 0.496797 0.434073 -0.236735 -0.233832 -0.277620 -0.210141 0.040817 -0.111684 0.262672 0.365112 -0.015332 0.012780 -0.134762 -0.123462 -0.146248 -0.139057 -0.071398 0.050218 0.058884 -0.110766 0.069073 0.243784 0.077465 -0.123325 -0.084958 0.336578 0.354138 0.402926
0.124512 0.247407 0.507748 0.190528 -0.252380 0.363862 0.333006 -0.049661 -0.313741 0.140669 0.389183 0.149107 -0.027846 -0.374858 -0.138182 -0.146297 -0.411479 -0.629188 0.056305 -0.000267 -0.331765 0.246162 1.000000 0.494823 0.207884 0.206020 0.406169 0.564006 -0.455045 -0.683335 0.057237 -0.101621 0.261205 -0.112896 -0.352447 0.260735 -0.312907 -0.391487 -0.021227 -0.176400 -0.236219 -0.221440 -0.351880 -0.273947 -0.437982 -0.172830 -0.404024 -0.282309 0.079365 -0.258464 0.685131 0.007821 -0.119656 0.074907 0.112579 -0.183267 -0.090704 0.167933 -0.201145 0.071558 -0.128958 -0.054109 -0.400429 -0.240457 0.122670 -0.056171 0.010996 0.223797 0.222974 0.186613 -0.124649 -0.433567 -0.494634 -0.401968 -0.485513 -0.308989 -0.292183 -0.223952 -0.209604 -0.214780 -0.462751 -0.389466 0.034567 -0.370763 0.159446 -0.057382 0.575905 0.111260 0.548264 0.359315 -0.014214 0.053530 -0.075074 0.168858 0.074620 -0.054424 0.047647 0.406612 -0.408082 -0.341051 0.108618 -0.061301 -0.028079 0.249072 0.188281 0.310010 0.344673 0.411782 0.178599 0.219801 0.365766 -0.258678 -0.088599 0.013227 0.153845 0.318503
-0.054584 0.091381 0.327138 0.618029 0.178637 0.389267 0.245268 0.173009 -0.069215 0.051304 -0.081473 -0.107876 -0.286838 -0.287978 -0.054099 0.063300 -0.519883 -0.350708 0.241328 0.163413 -0.210451 -0.081481 0.494823 1.000000 0.433429 0.579540 0.200256 0.350539 -0.496629 -0.473066 0.277529 0.433514 -0.193736 -0.257320 -0.304561 -0.001838 -0.315086 -0.433217 -0.089307 -0.179489 -0.330062 -0.287712 -0.239461 -0.329388 -0.407069 -0.340716 -0.201807 -0.244340 -0.287929 -0.172781 0.247366 -0.256451 0.090892 0.165691 0.121495 -0.311662 -0.217337 -0.052686 -0.095370 0.170460 -0.091709 0.073288 -0.485200 -0.295709 0.263962 0.139967 0.034707 0.338798 0.087749 0.236044 0.173178 -0.305406 -0.558515 -0.380918 -0.406778 -0.303531 -0.144139 -0.038609 -0.411330 -0.357768 -0.474970 -0.415017 0.398852 0.155077 0.092666 -0.139899 0.297935 0.378178 0.248786 0.238771 0.043588 -0.065671 0.274439 0.124851 -0.033221 -0.183055 -0.286348 0.290075 -0.494629 -0.620199 0.144111 -0.127884 0.086489 0.152987 0.008516 0.258282 0.206790 0.322960 -0.076467 -0.082616 0.141364 -0.338676 -0.094464 0.003459 0.209674 0.176036
-0.102528 -0.069615 0.433572 0.508818 0.384887 0.454677 0.262565 0.440366 -0.058307 0.301297 -0.079486 0.106487 0.072065 0.002948 -0.305548 0.396736 -0.558026 -0.525796 0.092594 -0.016573 -0.254671 0.206097 0.207884 0.433429 1.000000 0.415835 0.253976 0.213928 -0.432379 -0.479000 0.153179 0.148569 -0.091713 -0.094926 0.085246 0.251587 -0.303293 -0.315528 -0.199577 -0.039703 -0.352863 -0.108385 -0.371851 -0.149739 -0.370063 0.131869 -0.333246 -0.342922 -0.053043 -0.201491 0.283703 0.243802 -0.103696 -0.195011 -0.216430 -0.381426 -0.378380 -0.452618 -0.169747 -0.024944 -0.139429 -0.188203 -0.301912 -0.644190 0.398327 0.276098 -0.127058 0.436111 -0.105276 0.156003 0.381386 -0.243553 -0.361607 -0.478928 -0.485985 -0.283531 -0.367049 -0.236582 -0.184904 -0.542301 -0.385187 -0.573138 0.111418 -0.102139 -0.020660 -0.058483 0.012987 0.006871 0.093300 0.161854 0.004042 -0.113444 0.435105 0.274123 -0.160746 0.091292 -0.165057 0.016262 -0.496915 -0.517267 0.321196 0.132913 0.164205 0.375052 0.320495 0.119436 -0.082743 0.096599 -0.117127 0.249890 0.172418 -0.205473 -0.098895 0.074181 0.108352 0.012633
-0.439422 -0.187605 -0.076329 0.346899 0.171935 0.518118 0.034715 -0.060505 0.113378 0.251541 -0.321428 -0.104435 -0.293913 -0.272770 -0.054063 0.268011 -0.414842 -0.272545 -0.114976 -0.082368 -0.016040 0.060867 0.206020 0.579540 0.415835 1.000000 0.240627 0.428992 -0.364616 -0.385536 0.211730 0.342796 -0.197830 -0.221786 0.118065 0.100816 -0.142207 -0.315729 -0.124038 -0.120098 -0.000377 0.097229 0.032286 0.177014 -0.076030 0.106642 0.022103 0.066617 -0.146017 0.085414 0.245370 0.115053 0.171549 0.159207 0.032137 -0.113263 -0.472506 -0.257503 -0.099301 0.061928 -0.292121 0.033317 -0.442104 -0.318834 0.145345 0.104827 0.066633 0.348423 -0.201607 0.027626 0.094108 -0.058431 -0.371181 -0.304721 -0.272963 -0.103935 -0.189538 -0.137170 -0.323336 -0.316361 -0.272914 -0.401753 0.132875 0.241943 0.288002 0.164248 0.109719 0.310458 0.127212 0.294345 0.028438 -0.124712 0.127040 -0.113424 -0.038940 -0.015570 -0.156705 0.093872 -0.153959 -0.271424 0.002020 -0.193903 -0.095549 -0.059629 -0.222227 -0.186740 -0.215695 -0.171964 0.041476 -0.010226 0.315602 -0.146019 -0.122824 -0.049832 0.073140 0.123421
-0.116753 0.001072 0.182828 -0.106626 0.219768 0.548179 0.043502 -0.195619 -0.301422 0.194241 0.070523 -0.254254 0.001316 -0.358691 -0.200912 0.221080 -0.059174 -0.495634 -0.232499 0.072589 0.195020 0.330153 0.406169 0.200256 0.253976 0.240627 1.000000 0.738164 -0.201551 -0.472600 -0.038508 -0.206333 0.054349 0.007436 -0.070474 0.040559 -0.064435 0.067468 0.165028 0.254211 -0.133823 0.394203 -0.073593 -0.049307 -0.076986 -0.043260 0.063108 -0.017733 0.056896 0.014904 0.170821 -0.020180 0.074858 0.244948 0.201419 0.152880 0.000443 0.058046 -0.180767 0.030707 -0.231009 -0.062126 -0.254664 -0.139185 -0.201538 -0.230881 0.107661 0.069595 0.201660 0.147206 0.145426 -0.188168 -0.181076 -0.211910 -0.075147 -0.213509 -0.187245 -0.075708 0.071819 -0.223082 -0.204597 -0.241360 0.341373 0.088800 0.084891 -0.135783 0.375775 0.116296 0.117698 0.004931 0.004403 0.108842 -0.142219 0.061182 0.222320 -0.057097 0.244921 0.423738 -0.010663 -0.084441 0.113344 -0.036434 0.192164 0.292273 0.227521 0.345653 0.062940 0.125041 0.033597 0.198923 0.278631 -0.155707 -0.036070 -0.048529 0.131963 0.374514
-0.224675 0.084517 0.125642 0.117253 -0.026605 0.781311 -0.013011 -0.246684 -0.278525 0.330567 0.082243 -0.284564 -0.274298 -0.515891 -0.156473 0.292008 -0.199632 -0.502909 -0.213736 0.034376 0.161048 0.325326 0.564006 0.350539 0.213928 0.428992 0.738164 1.000000 -0.350951 -0.652302 -0.079944 -0.093994 -0.032334 -0.078269 -0.178477 0.138840 -0.226481 -0.095337 0.151037 0.065067 -0.158807 0.232977 -0.170534 -0.080201 -0.296461 -0.087382 -0.066490 -0.097291 -0.168276 -0.085450 0.343549 0.089251 -0.005411 0.174092 0.192040 0.025565 -0.013091 0.148070 -0.210968 0.052752 -0.365580 -0.015901 -0.386719 -0.077807 -0.133440 -0.063942 0.052364 0.151247 0.152766 0.147679 0.052445 -0.240984 -0.328890 -0.365684 -0.288867 -0.191700 -0.163970 -0.088927 -0.119617 -0.233281 -0.284472 -0.342892 0.322768 -0.000050 0.394350 0.118832 0.476082 0.268487 0.395319 0.403790 -0.103431 -0.009048 -0.181077 -0.025874 0.196263 -0.092168 0.105948 0.381635 -0.106755 -0.254838 -0.040603 -0.212156 -0.059486 0.122012 0.089346 0.267785 0.138420 0.198621 0.033937 0.148042 0.256563 -0.277925 -0.088403 -0.131811 0.166167 0.336641
0.327823 -0.243703 -0.216705 -0.685335 0.127273 -0.616417 -0.037593 -0.435372 0.204906 -0.410416 0.235308 -0.110781 0.285529 0.061203 0.488407 -0.230641 0.645693 0.498798 0.010132 0.159173 0.314240 -0.233769 -0.455045 -0.496629 -0.432379 -0.364616 -0.201551 -0.350951 1.000000 0.597143 0.019324 -0.056095 0.060759 0.090292 0.150510 -0.284209 0.663461 0.450624 0.196444 0.124405 0.510070 0.267909 0.438188 0.167164 0.486481 -0.223959 0.279980 0.288523 0.126854 0.047159 -0.473089 -0.452572 0.030796 -0.096097 0.062467 0.380518 0.236628 0.128910 0.223405 -0.207012 0.360217 -0.151581 0.580554 0.374208 -0.334367 -0.497896 -0.037004 -0.472205 -0.103867 -0.078578 -0.119189 0.348552 0.666015 0.486299 0.447458 0.277571 0.266858 0.140597 0.434404 0.371132 0.568514 0.647117 0.110608 0.168139 -0.126438 -0.105068 -0.183788 -0.315299 -0.448479 -0.557799 0.064822 0.116803 -0.210520 0.008496 0.109390 0.139878 0.219052 -0.328911 0.507108 0.511572 -0.259297 0.155092 -0.113394 -0.083769 -0.121873 -0.129180 -0.219664 -0.209564 0.042153 -0.146837 -0.127159 0.272496 0.101753 0.025457 -0.194163 -0.213887
0.090961 -0.169006 -0.461807 -0.305578 0.065101 -0.605148 -0.124833 -0.049263 0.274567 -0.421569 -0.220090 0.037919 0.111935 0.441472 0.263547 -0.145802 0.524539 0.756160 -0.025248 -0.047491 0.343622 -0.344085 -0.683335 -0.473066 -0.479000 -0.385536 -0.472600 -0.652302 0.597143 1.000000 0.027132 0.196162 -0.048304 0.189213 0.195994 -0.346254 0.484994 0.434873 0.048405 0.127060 0.393237 0.145427 0.377381 0.246688 0.432640 -0.042234 0.350517 0.362242 -0.155008 0.143967 -0.638778 -0.275093 -0.049045 -0.099513 -0.037318 0.214739 0.112426 -0.013408 0.217223 -0.074935 0.249194 0.160072 0.469674 0.439939 -0.091719 -0.049637 -0.148961 -0.510900 -0.338761 -0.361753 -0.119998 0.479561 0.709062 0.564679 0.600451 0.380849 0.427329 0.324227 0.323407 0.463173 0.609492 0.682579 -0.067145 0.409078 -0.218459 -0.018466 -0.399640 -0.087218 -0.467297 -0.383129 -0.086065 -0.124925 -0.138264 -0.186189 -0.043138 0.018446 -0.002308 -0.456764 0.319159 0.345755 -0.170784 0.070730 -0.037752 -0.281346 -0.225267 -0.275151 -0.250069 -0.306010 -0.178195 -0.350574 -0.413945 0.277111 -0.054217 -0.048520 -0.288764 -0.331181
-0.024665 -0.432413 0.171353 -0.005475 -0.065770 -0.156052 0.386632 0.037561 -0.038526 -0.014970 0.068572 0.106451 0.220160 0.092489 -0.106177 -0.091189 -0.117958 -0.175355 0.242855 -0.115653 -0.005925 -0.143801 0.057237 0.277529 0.153179 0.211730 -0.038508 -0.079944 0.019324 0.027132 1.000000 0.621843 0.217662 0.181067 0.073213 0.037453 0.063041 -0.093559 0.122264 0.003958 0.016568 -0.044350 0.014832 -0.072424 0.059031 -0.007098 -0.005564 0.024602 0.080732 -0.206725 0.152933 -0.216677 -0.200312 -0.287488 0.141121 0.054381 -0.324664 -0.306803 -0.223436 -0.330721 -0.076774 -0.343316 -0.004684 -0.264696 0.273723 0.027105 -0.081621 -0.087364 -0.117764 -0.062096 0.056524 0.458118 -0.024750 0.080181 0.017425 0.259071 0.040706 0.215191 -0.111729 0.013599 -0.073892 -0.077090 -0.011331 0.031569 -0.061255 -0.085124 0.132824 0.087265 -0.020850 -0.122830 -0.197626 -0.362924 -0.107063 0.024033 -0.045895 -0.204740 0.137120 -0.133280 -0.088606 -0.210223 0.045645 0.023877 0.018148 0.064787 0.182615 0.061451 0.164775 0.235713 -0.388601 -0.145145 0.163171 0.041971 -0.132374 -0.102324 -0.214141 -0.243499
-0.097987 -0.242504 -0.147998 0.392366 -0.001343 0.038281 0.215103 0.200406 0.113396 0.078320 -0.199006 0.130003 -0.066100 0.268258 0.019259 0.181652 -0.054902 0.102939 0.073484 -0.192154 -0.011532 -0.144708 -0.101621 0.433514 0.148569 0.342796 -0.206333 -0.093994 -0.056095 0.196162 0.621843 1.000000 -0.199840 0.192205 -0.079347 -0.038804 0.049243 -0.091600 0.006605 -0.113247 -0.012310 0.021432 0.002806 -0.044888 -0.169837 -0.098189 -0.004554 0.031336 -0.421537 -0.265551 -0.068069 -0.165830 -0.138972 -0.236317 -0.013079 -0.166962 -0.258396 -0.288457 -0.098284 -0.267067 0.016295 0.026888 -0.056845 0.080612 0.463255 0.405659 -0.298992 -0.155705 -0.400238 -0.323421 0.041462 0.521547 0.020691 -0.010588 0.123508 0.369571 0.296607 0.320985 -0.110052 0.053748 0.058851 -0.032247 0.214498 0.397224 0.048835 0.047201 0.044677 0.229301 -0.003343 0.093425 -0.419753 -0.478114 -0.084174 -0.125229 -0.262224 -0.278269 -0.232047 -0.197489 -0.253144 -0.382432 -0.120343 -0.106417 -0.179395 -0.257421 -0.193402 -0.091912 0.021541 0.050082 -0.435816 -0.407124 -0.176637 -0.093063 -0.239478 -0.199466 -0.181339 -0.249891
0.159865 -0.010244 0.251617 -0.248757 -0.409169 -0.260846 0.367785 0.031242 -0.271917 -0.052130 0.349666 0.368784 0.309824 -0.038211 -0.204149 -0.286386 -0.014549 -0.310691 0.042210 -0.220997 -0.051361 0.218497 0.261205 -0.193736 -0.091713 -0.197830 0.054349 -0.032334 0.060759 -0.048304 0.217662 -0.199840 1.000000 0.362196 0.139083 0.169911 0.199860 0.050400 0.193079 0.149216 0.229718 0.016770 -0.157477 -0.044142 -0.060786 0.030828 -0.198338 -0.077968 0.188515 -0.293824 0.207480 -0.102620 -0.374857 -0.233957 0.157017 0.191766 0.013011 0.048150 -0.083962 -0.129801 0.053412 -0.138267 0.164417 -0.163322 0.121537 -0.162151 0.001515 -0.229606 0.061538 -0.075203 -0.297169 0.005965 0.090267 0.089974 -0.036692 0.107164 -0.068325 0.041312 0.286037 0.228215 0.056456 0.079677 -0.387479 -0.294052 0.108790 0.127890 0.323598 -0.102671 0.226407 0.032882 -0.195197 -0.229824 -0.314053 -0.078691 0.137720 0.078098 0.308115 -0.020547 -0.000500 0.133666 -0.047645 0.057978 -0.127384 0.034389 0.208496 0.013337 0.086907 0.070993 0.137881 0.233682 0.077936 0.008828 -0.220370 0.130835 -0.228416 -0.077877
0.112071 -0.046688 -0.104540 -0.027604 -0.149876 -0.082772 0.183361 0.139351 -0.100080 0.222809 0.055192 0.308213 0.058032 0.245235 -0.110560 0.277115 0.174726 -0.024241 -0.085296 -0.303867 0.071655 0.242084 -0.112896 -0.257320 -0.094926 -0.221786 0.007436 -0.078269 0.090292 0.189213 0.181067 0.192205 0.362196 1.000000 0.212876 0.243131 0.296426 0.144099 -0.191182 -0.176780 0.012009 0.237122 -0.041311 0.188451 -0.152213 0.123275 -0.043319 -0.030223 -0.300662 -0.410413 0.026358 -0.068818 -0.391243 -0.349108 -0.287712 -0.140513 0.141134 -0.062900 -0.206884 -0.399979 0.026853 0.142719 0.136813 0.204226 0.280349 0.281101 -0.141460 -0.211888 -0.106602 -0.287514 -0.140114 0.544679 0.260430 0.050062 0.297226 0.379381 0.331658 0.380484 0.100191 0.153398 0.329915 0.130375 -0.017430 0.324429 0.233794 0.392592 0.123315 -0.023399 0.147361 -0.026238 -0.644902 -0.562210 -0.420958 -0.270727 -0.213613 -0.227190 -0.053461 0.041541 -0.097933 0.065836 -0.110428 -0.025133 -0.203721 -0.264273 -0.276159 -0.210666 -0.139760 -0.071069 -0.213963 -0.282998 -0.183536 -0.151340 -0.251470 -0.008642 0.011752 0.170327
-0.307177 -0.377883 -0.132135 -0.227741 -0.002526 -0.192868 -0.059474 0.030876 0.006489 -0.023943 -0.068046 0.038954 0.258454 0.017814 -0.102993 0.091921 0.166002 0.089596 -0.084805 -0.155760 0.201294 0.048799 -0.352447 -0.304561 0.085246 0.118065 -0.070474 -0.178477 0.150510 0.195994 0.073213 -0.079347 0.139083 0.212876 1.000000 0.018058 0.092617 0.090333 -0.110533 0.073266 0.158798 0.104052 0.218537 0.357454 0.163836 0.188542 0.153127 0.167892 0.049998 0.014023 -0.005398 0.193035 -0.246628 -0.297169 -0.077633 0.202151 -0.164522 -0.251900 -0.099548 -0.200820 -0.076612 -0.297179 0.160793 -0.268708 0.004903 -0.113458 0.038484 -0.129842 -0.169734 -0.076344 0.186910 0.178267 0.207414 0.360912 0.015033 0.270878 0.147831 0.222817 0.260279 0.154218 0.218679 0.158160 -0.220860 0.003191 0.099764 0.198634 -0.165509 -0.242469 -0.134336 -0.160595 -0.006901 -0.156566 0.138151 0.045136 0.061731 0.164242 0.195990 -0.161639 0.132080 0.203366 -0.051499 0.162797 -0.038829 -0.114985 -0.146291 -0.322912 -0.319751 -0.388987 -0.063552 0.133818 0.007756 0.115769 -0.077620 0.029718 -0.092234 -0.169672
0.029012 0.128169 0.037532 0.111681 -0.231586 0.293533 0.050185 0.164475 -0.038913 0.398281 0.023338 0.373933 0.046440 0.161155 -0.035455 0.284640 -0.251405 -0.350441 -0.132989 -0.137772 -0.071666 0.327501 0.260735 -0.001838 0.251587 0.100816 0.040559 0.138840 -0.284209 -0.346254 0.037453 -0.038804 0.169911 0.243131 0.018058 1.000000 -0.019729 -0.026088 0.066420 -0.049959 -0.114200 0.035662 -0.383837 -0.153611 -0.387426 0.366961 -0.445467 -0.353818 0.007335 -0.287683 0.473220 0.437308 -0.079989 -0.110446 0.070087 -0.300217 -0.114999 -0.126838 -0.274254 -0.186017 -0.187713 0.063866 -0.376602 -0.118583 0.230441 0.424523 -0.364770 0.177255 -0.014497 0.022403 -0.138083 0.124733 -0.194436 -0.358462 -0.114561 0.010917 -0.094106 -0.032242 -0.156160 -0.147766 -0.235267 -0.381891 -0.249606 -0.188090 0.025976 0.031116 0.205780 -0.038237 0.385544 0.237497 -0.261801 -0.086075 0.013745 -0.099155 -0.042482 -0.158240 0.056304 0.063118 -0.300352 -0.252338 -0.088870 0.043766 -0.178602 -0.012458 0.076813 -0.025785 0.117241 0.119809 -0.180586 0.068328 0.443365 -0.252052 0.060131 0.053866 0.182883 0.155746
