1.000000 0.454381 0.105079 -0.197129 -0.216964 -0.057112 -0.038714 -0.256680 -0.114905 -0.252895 0.232859 -0.116824 0.112844 -0.294425 -0.043776 -0.393766 0.409249 0.450209 0.432880 0.424755 -0.078552 -0.164672 0.067129 -0.096960 -0.118456 -0.155276 0.050691 -0.006983 0.130304 -0.174901 -0.175357 -0.373760 0.368944 0.250391 0.065425 -0.412362 -0.373465 -0.180970 -0.091870 0.028446 -0.147248 -0.125828 -0.021441 0.131776 0.024806 -0.101196 0.151051 0.027869 0.095407 0.145730 0.197223 0.020696 0.215369 0.073332 0.104807 0.127521 0.607018 0.530881 0.126935 0.293963 0.105634 -0.002582 0.056599 0.117639 -0.047766 -0.343550 0.163338 -0.347792 0.188562 0.337453 -0.094723 -0.235363 0.047535 0.003746 0.257153 -0.008959 -0.114004 -0.381801 0.291361 0.275362 0.063883 0.080987 0.150358 -0.225220 0.194526 -0.105300 -0.011574 -0.159193 0.219496 0.238804 -0.313849 -0.190254 -0.430244 -0.164851 -0.146038 0.032497 0.140067 0.110242 0.129638 0.112647 -0.347877 -0.022135 -0.088776 -0.080131 -0.273648 -0.249242 -0.231751 -0.260925 0.070794 -0.215787 -0.245818 -0.298948 -0.092747 -0.219671 -0.305727 -0.267382
0.454381 1.000000 -0.347400 -0.387097 -0.428020 -0.299384 -0.346728 -0.243329 -0.356704 -0.294067 -0.111525 0.006084 -0.318884 -0.213722 -0.265024 -0.068286 0.582793 0.556047 0.345035 0.493479 -0.173157 -0.146197 -0.401855 -0.527359 -0.267689 -0.371815 -0.233963 -0.247774 0.265510 0.344993 -0.290175 -0.443608 0.641710 0.678635 -0.257410 -0.371238 -0.077051 -0.085329 0.226372 0.303877 0.165575 0.013317 0.080990 0.212423 0.136972 0.027743 0.194776 0.154538 0.073519 0.185029 -0.022534 -0.153428 0.071069 -0.195287 0.041914 0.200716 0.642078 0.820199 0.023804 0.395673 0.039242 0.194537 0.288057 0.492252 -0.380367 -0.396303 0.099261 -0.516468 0.368387 0.496001 -0.446531 -0.121226 0.312518 0.048856 0.037873 -0.035731 -0.413464 -0.462933 0.549067 0.672321 0.458412 0.558389 0.081433 0.094605 0.326086 0.073216 0.197149 0.201866 0.195798 -0.020858 -0.484663 -0.539956 -0.553053 -0.542824 0.179068 0.117392 0.355104 0.383455 0.130572 0.120717 -0.201805 -0.237419 0.078912 -0.161210 -0.370895 -0.341455 -0.163358 -0.356693 0.204429 -0.117960 -0.000094 -0.129563 0.010265 -0.081618 -0.198505 -0.247918
0.105079 -0.347400 1.000000 0.331840 0.556405 0.489765 0.707106 0.376444 0.500108 0.311682 0.461461 -0.178853 0.612972 0.085167 0.263759 -0.196070 -0.180486 -0.424441 0.103557 -0.144540 0.359645 0.102092 0.511796 0.294578 0.411800 0.249900 0.448989 0.402282 -0.109795 -0.573716 -0.019969 -0.013229 0.044087 -0.145151 0.272361 0.042737 -0.349574 -0.254290 -0.239846 -0.276709 -0.284609 -0.063218 -0.244500 -0.262802 -0.263068 -0.252182 -0.328066 -0.226650 0.094527 -0.197797 -0.050312 0.029398 -0.142499 -0.111284 -0.082945 -0.327955 -0.257802 -0.253094 0.265273 0.039960 0.299501 -0.035876 -0.064782 -0.123689 0.283699 0.073734 0.358464 0.356176 -0.298336 -0.195438 0.307854 -0.108821 -0.144104 -0.257881 0.100662 0.158027 0.213253 0.045848 -0.408290 -0.342312 -0.462751 -0.423758 -0.090623 -0.345619 -0.248271 -0.373294 -0.194689 -0.480501 -0.015858 -0.019396 0.064861 0.318507 0.139725 0.403089 -0.181935 -0.185663 -0.342496 -0.175354 -0.136692 -0.284426 -0.006215 0.314113 0.064108 0.059399 0.068860 -0.141155 -0.059841 -0.077085 -0.102093 0.064739 -0.176945 -0.257572 -0.175217 -0.251007 -0.076490 0.109046
-0.197129 -0.387097 0.331840 1.000000 0.277059 0.316877 0.285044 0.399870 0.310485 0.380685 -0.048516 0.021624 0.181484 0.231059 0.241734 0.094642 -0.400645 -0.390011 -0.292513 -0.176361 0.287810 0.084075 0.550279 0.723300 0.236261 0.445034 0.200182 0.412322 -0.406487 -0.354182 0.224231 0.384551 -0.341565 -0.300723 0.135102 0.142366 -0.250930 -0.055000 -0.142352 -0.139221 -0.110516 0.037884 -0.228832 -0.271367 -0.240332 -0.212619 -0.355995 -0.237667 -0.178875 -0.166750 -0.146102 0.036802 -0.241928 -0.058991 -0.079959 -0.272937 -0.395831 -0.379506 0.055534 -0.079890 0.060779 0.069227 -0.269269 -0.286654 0.434400 0.537532 -0.120946 0.248874 -0.365644 -0.285751 0.376447 0.062933 -0.292703 0.068715 -0.049420 0.197793 0.115071 0.160851 -0.521377 -0.386001 -0.497323 -0.558972 0.186221 -0.023496 -0.085687 -0.117376 0.048412 -0.023332 0.218232 0.186225 0.144519 0.222278 0.540519 0.470360 -0.031393 -0.111728 -0.380902 -0.219040 -0.266647 -0.353578 0.045194 0.144418 -0.143413 0.044895 0.238037 0.034238 0.262127 0.071700 0.013315 -0.006117 -0.102308 -0.067427 0.156207 0.115952 0.191255 0.304972
-0.216964 -0.428020 0.556405 0.277059 1.000000 0.817263 0.523373 0.701459 0.660949 0.811752 0.367576 0.219100 0.642735 0.544827 0.168006 0.470654 -0.341157 -0.558590 -0.284077 -0.390181 0.562460 0.359571 0.144602 0.108020 0.624889 0.329221 0.633404 0.580489 -0.088103 -0.188541 -0.094963 0.063977 -0.294127 -0.411591 -0.049944 0.045150 0.098662 0.106670 -0.387029 -0.436045 -0.150991 0.120529 -0.026625 -0.264381 -0.232734 -0.177791 -0.171289 -0.110893 -0.072178 -0.256970 -0.138803 0.087467 -0.166784 0.023026 -0.198562 -0.483203 -0.579833 -0.583158 -0.055954 -0.102431 0.109119 0.069073 -0.002555 0.046241 0.068928 0.213619 -0.141154 0.092614 -0.424736 -0.484632 0.555685 -0.016556 0.021950 -0.268428 0.122660 -0.006087 0.307858 0.382967 -0.619198 -0.542916 -0.352293 -0.298055 -0.218784 -0.024850 -0.455214 -0.328418 -0.385445 -0.668934 -0.224743 -0.424508 0.061092 0.196640 0.352409 0.341711 -0.158416 -0.099457 -0.584658 -0.477711 -0.286050 -0.393321 0.370069 0.144237 0.000771 -0.038955 0.183504 0.108134 0.050107 0.070589 -0.185193 0.204449 -0.303895 -0.077282 0.077327 0.143802 0.230865 0.264136
-0.057112 -0.299384 0.489765 0.316877 0.817263 1.000000 0.236438 0.504938 0.553461 0.742812 0.282309 0.022153 0.569765 0.289947 0.080825 0.293071 -0.219680 -0.430790 -0.239968 -0.163075 0.589387 0.424708 0.332421 0.300542 0.847418 0.688938 0.817715 0.715284 -0.041736 -0.165004 0.037536 0.188901 -0.198269 -0.296381 0.162324 0.050214 -0.053511 0.104226 -0.333628 -0.449099 -0.232026 0.203499 -0.012986 -0.155047 -0.218858 -0.171667 -0.132552 -0.116080 -0.062800 -0.172201 0.106200 0.036973 -0.067209 0.117561 -0.239361 -0.447627 -0.390366 -0.391069 -0.161503 -0.150321 -0.135469 -0.199384 -0.309655 -0.233724 -0.005537 0.050581 -0.126440 0.045560 -0.302386 -0.254884 0.528558 0.050766 0.012937 -0.195285 0.086161 -0.087762 0.216442 0.189631 -0.481224 -0.368416 -0.248263 -0.197731 -0.168812 -0.090504 -0.285608 -0.190928 -0.242396 -0.718257 -0.156928 -0.268779 -0.090082 0.079155 0.224182 0.202800 -0.171864 -0.154801 -0.498134 -0.446106 -0.298784 -0.378475 0.021990 -0.070823 -0.239032 -0.086186 0.142961 0.163835 -0.034450 -0.004058 -0.100848 0.109278 -0.195653 -0.036131 0.033194 0.081663 0.178205 0.193660
-0.038714 -0.346728 0.707106 0.285044 0.523373 0.236438 1.000000 0.563262 0.488582 0.334134 0.326497 0.071575 0.393518 0.350433 0.227590 0.045487 -0.255758 -0.421378 0.010376 -0.219469 0.189097 -0.015884 0.241758 0.078183 0.046315 -0.054507 0.182102 0.164887 -0.164182 -0.266136 0.000943 -0.005277 -0.128316 -0.126109 0.023766 0.196065 -0.185550 -0.108183 -0.148786 -0.069174 0.021788 -0.001662 -0.341510 -0.402116 -0.448887 -0.292904 -0.429657 -0.250050 -0.244405 -0.449177 -0.358118 -0.100871 -0.342914 -0.131145 -0.178223 -0.399917 -0.339417 -0.328784 0.307578 -0.060863 0.622429 0.361747 0.221125 0.162831 0.493360 0.484070 0.049630 0.295024 -0.267281 -0.429537 0.269520 -0.164726 -0.045052 -0.115972 0.175767 0.118686 0.214991 0.286750 -0.361257 -0.276190 -0.403510 -0.334427 -0.020874 0.000144 -0.260594 -0.261769 -0.274814 -0.190184 0.034771 -0.089290 0.068698 0.213489 0.336409 0.383478 -0.092038 -0.058882 -0.519056 -0.215705 -0.329900 -0.329788 0.282360 0.391891 0.175598 -0.018076 -0.036341 -0.213990 0.007024 -0.067973 -0.133625 0.133370 -0.413611 -0.289901 0.022031 -0.093312 0.057993 0.164043
-0.256680 -0.243329 0.376444 0.399870 0.701459 0.504938 0.563262 1.000000 0.645684 0.820543 0.180023 0.360308 0.474773 0.734079 0.173192 0.551657 -0.172571 -0.447505 -0.388891 -0.420851 0.353727 0.046181 -0.108663 -0.063952 0.299007 0.077160 0.149797 0.128519 -0.199636 -0.109425 -0.219374 0.004838 -0.273068 -0.184610 -0.247318 0.153436 -0.069762 -0.016123 -0.330804 -0.222509 -0.061106 -0.012825 -0.123959 -0.259775 -0.275240 -0.132000 -0.258515 -0.101983 -0.104358 -0.292403 -0.313339 0.226358 -0.345011 -0.132201 -0.175206 -0.404205 -0.446170 -0.426166 0.003159 -0.056067 0.283951 0.444808 0.090405 0.306450 0.057548 0.491889 -0.187285 0.083517 -0.394718 -0.543820 0.339370 -0.103454 -0.027677 -0.168821 0.053954 0.111438 0.119942 0.350391 -0.547977 -0.389563 -0.358698 -0.384254 -0.181594 0.220609 -0.365390 -0.242274 -0.263963 -0.291525 -0.160751 -0.273016 0.009280 0.046218 0.514128 0.290261 -0.100646 0.029266 -0.567094 -0.301390 -0.370927 -0.427507 0.596623 0.218109 0.140563 -0.104653 0.137764 -0.159565 0.086888 -0.091273 -0.067922 0.189541 -0.363727 -0.202446 0.067848 0.168069 0.260079 0.245882
-0.114905 -0.356704 0.500108 0.310485 0.660949 0.553461 0.488582 0.645684 1.000000 0.763306 0.341965 0.105764 0.495625 0.451610 0.368181 0.226575 -0.335739 -0.479169 -0.125594 -0.128061 0.209503 -0.012259 0.147913 0.206593 0.397923 0.178911 0.273621 0.165234 -0.192371 -0.391357 -0.162476 -0.001029 -0.212330 -0.203274 -0.124725 0.090236 -0.241206 -0.052306 -0.413598 -0.367538 -0.363393 -0.157472 -0.113515 -0.249746 -0.364566 -0.273622 -0.242589 -0.071657 -0.064552 -0.178248 -0.107260 0.210645 -0.237825 0.038625 -0.278244 -0.451690 -0.466938 -0.376780 0.111020 0.116851 0.299671 0.313534 -0.065598 0.120283 0.290309 0.321664 -0.038458 0.234301 -0.257520 -0.276600 0.238148 -0.213037 -0.293844 -0.115049 0.011985 -0.077273 0.206891 0.254607 -0.486789 -0.456376 -0.480795 -0.469075 -0.019719 -0.080093 -0.357947 -0.296582 -0.251285 -0.420162 -0.034388 -0.064565 -0.028511 0.217815 0.400347 0.426528 -0.168277 -0.119781 -0.452020 -0.296002 -0.366080 -0.524176 0.234702 0.262626 0.026270 -0.066731 0.129606 -0.088231 0.095096 0.019486 -0.171166 0.125174 -0.203438 -0.210623 -0.071012 0.017461 0.141265 0.123163
-0.252895 -0.294067 0.311682 0.380685 0.811752 0.742812 0.334134 0.820543 0.763306 1.000000 0.228567 0.373806 0.517060 0.686277 0.165230 0.603432 -0.318978 -0.543616 -0.376787 -0.347162 0.430023 0.195329 -0.001171 0.090104 0.534987 0.301951 0.386951 0.363804 -0.158474 -0.113332 -0.186578 0.062635 -0.351794 -0.290544 -0.204779 0.065691 0.044936 0.171558 -0.366225 -0.335160 -0.151853 0.099656 -0.029806 -0.252140 -0.291462 -0.207780 -0.172580 -0.073610 -0.064136 -0.202576 -0.138652 0.202768 -0.222881 0.038455 -0.199884 -0.443942 -0.568123 -0.519737 -0.088050 -0.031662 0.071456 0.239148 -0.063866 0.128360 -0.005227 0.328348 -0.266103 -0.016437 -0.388148 -0.459940 0.388710 0.041898 -0.003478 -0.138093 0.133981 0.061180 0.312355 0.432442 -0.606369 -0.482718 -0.357457 -0.358266 -0.199065 0.096174 -0.441116 -0.337987 -0.328344 -0.488379 -0.184523 -0.299623 0.008059 0.092407 0.513205 0.348729 -0.091910 0.011858 -0.548237 -0.370934 -0.329094 -0.434810 0.491380 0.161722 -0.012306 -0.090895 0.194588 0.016770 0.099588 -0.028154 -0.100728 0.214681 -0.310385 -0.066766 0.163554 0.275960 0.309916 0.269379
0.232859 -0.111525 0.461461 -0.048516 0.367576 0.282309 0.326497 0.180023 0.341965 0.228567 1.000000 0.316997 0.776100 0.349817 0.572198 -0.081030 -0.021443 -0.063823 -0.076615 -0.264165 0.228742 0.021843 0.109620 -0.065413 0.097241 -0.139938 0.336108 0.192344 0.081523 -0.399601 -0.404225 -0.431504 -0.001610 -0.168150 0.136987 -0.273932 -0.096908 0.000752 -0.255399 -0.321231 -0.260906 0.084862 0.082479 -0.035783 -0.245863 -0.195588 -0.041499 0.091364 0.284167 0.017134 0.066427 0.253745 0.084921 0.068741 -0.211531 -0.305288 -0.266758 -0.269796 0.354835 0.105608 0.341763 0.219508 0.300617 0.214080 0.020999 0.024981 0.163140 0.049410 -0.303559 -0.279452 0.028288 -0.242431 -0.021942 -0.058194 0.169814 0.064348 0.354107 0.113163 -0.314985 -0.363049 -0.227566 -0.162967 -0.150272 -0.192710 -0.289556 -0.286668 -0.179359 -0.416872 -0.096233 -0.120213 -0.083178 0.133361 0.044371 0.240865 -0.301140 -0.086466 -0.244555 -0.232317 -0.121197 -0.298488 0.127618 0.001867 0.080641 -0.053266 0.043801 -0.129007 -0.012251 -0.151876 -0.150725 0.065853 -0.116475 -0.252214 -0.319596 -0.199823 -0.226121 -0.092882
-0.116824 0.006084 -0.178853 0.021624 0.219100 0.022153 0.071575 0.360308 0.105764 0.373806 0.316997 1.000000 0.257971 0.822647 0.247620 0.619652 -0.202174 -0.137911 -0.235560 -0.340093 0.149757 0.123207 -0.411769 -0.278974 -0.097681 -0.296523 -0.124036 -0.040209 0.158709 0.273758 -0.349554 -0.217511 -0.205286 -0.034704 -0.266066 -0.148813 0.190509 0.320326 -0.169287 0.001687 0.195129 0.269836 0.102112 -0.123137 -0.144658 -0.137992 0.025822 0.107503 0.037148 -0.113413 -0.268854 0.109994 -0.088109 -0.045504 -0.096568 -0.182746 -0.296134 -0.393617 0.034097 -0.030631 0.147913 0.397652 0.298972 0.373396 -0.226453 0.306222 -0.376481 -0.251606 -0.223811 -0.381434 0.097049 0.126644 0.237920 0.073356 0.267306 0.232051 0.406978 0.513741 -0.216367 -0.354045 -0.099363 -0.121861 -0.069084 0.386404 -0.345086 -0.221854 -0.139127 0.079380 -0.221909 -0.317371 0.055302 -0.084817 0.362257 0.051809 0.103287 0.174077 -0.167600 -0.078466 -0.097807 -0.122670 0.551646 -0.073165 -0.010076 -0.115192 0.102145 -0.008903 0.112029 -0.057420 0.041054 0.193098 -0.149144 0.047045 0.114267 0.286303 -0.003925 -0.027337
0.112844 -0.318884 0.612972 0.181484 0.642735 0.569765 0.393518 0.474773 0.495625 0.517060 0.776100 0.257971 1.000000 0.471870 0.498041 0.123027 -0.143754 -0.248620 -0.296806 -0.454495 0.468499 0.143572 0.280681 0.080168 0.413440 0.143931 0.467439 0.412718 -0.082846 -0.482906 -0.277199 -0.236451 -0.208380 -0.349805 0.218294 -0.144773 -0.101933 -0.055182 -0.263543 -0.365301 -0.322674 0.055133 0.027507 -0.117412 -0.228409 -0.165393 -0.053192 -0.023046 0.261424 -0.070688 0.033129 0.309815 0.022130 0.078755 -0.027188 -0.314687 -0.407085 -0.426567 0.196220 -0.003740 0.159828 0.105298 0.045553 0.039465 0.011732 0.113286 0.086089 0.072649 -0.451104 -0.392026 0.332925 -0.171018 -0.047168 -0.264082 0.138378 0.101958 0.351593 0.148934 -0.562117 -0.432876 -0.392783 -0.378378 -0.213533 -0.246467 -0.347197 -0.329171 -0.229012 -0.601846 -0.107417 -0.079799 0.030218 0.196205 0.197861 0.348248 -0.355153 -0.131939 -0.361964 -0.402433 -0.129062 -0.348002 0.239087 0.042906 -0.043305 -0.131556 0.143683 -0.035744 -0.010549 -0.121137 -0.184717 0.102742 -0.203807 -0.241691 -0.216394 -0.082326 -0.062898 0.034089
-0.294425 -0.213722 0.085167 0.231059 0.544827 0.289947 0.350433 0.734079 0.451610 0.686277 0.349817 0.822647 0.471870 1.000000 0.379447 0.718764 -0.280385 -0.352382 -0.404219 -0.484570 0.359419 0.162699 -0.274821 -0.167100 0.077502 -0.159309 0.041360 0.073334 -0.081162 0.045796 -0.376998 -0.173111 -0.334878 -0.190006 -0.252044 -0.000785 0.146547 0.203227 -0.234615 -0.134172 0.070651 0.158334 -0.047898 -0.273017 -0.343965 -0.223282 -0.178987 -0.041059 -0.066082 -0.254330 -0.318827 0.176053 -0.243902 -0.102885 -0.201880 -0.420478 -0.519849 -0.549575 0.096527 -0.054939 0.310383 0.522093 0.250594 0.399282 -0.026282 0.528517 -0.277996 -0.035264 -0.326416 -0.496870 0.288567 -0.012062 0.087379 -0.002950 0.177485 0.181842 0.378291 0.534146 -0.496685 -0.486777 -0.280670 -0.321880 -0.096255 0.328893 -0.324376 -0.221871 -0.175657 -0.110378 -0.105600 -0.300190 0.079311 0.023122 0.559842 0.257079 -0.073448 -0.006070 -0.476796 -0.340070 -0.376969 -0.438498 0.663608 0.028568 0.065908 -0.079484 0.224060 -0.022129 0.170922 -0.039164 -0.135404 0.218732 -0.256136 -0.127247 0.035392 0.277240 0.140448 0.107686
-0.043776 -0.265024 0.263759 0.241734 0.168006 0.080825 0.227590 0.173192 0.368181 0.165230 0.572198 0.247620 0.498041 0.379447 1.000000 0.131365 -0.276184 -0.169625 -0.179280 -0.162548 0.138037 0.033628 0.179934 0.210381 -0.103462 -0.104980 0.116940 0.070677 -0.206584 -0.379369 -0.186558 -0.232385 -0.204244 -0.231513 0.131384 -0.100335 -0.213384 -0.130281 -0.086785 -0.160656 -0.278516 -0.041774 -0.061531 -0.151437 -0.368719 -0.229498 -0.156657 -0.047893 0.121080 0.003502 -0.034955 0.268262 -0.070730 0.057075 -0.092515 -0.237036 -0.423837 -0.369792 0.350496 0.018955 0.312210 0.316520 0.007217 0.121464 0.293287 0.295265 0.051343 0.214293 -0.221095 -0.194854 0.073460 -0.328503 -0.416990 -0.000401 -0.097220 -0.087615 0.209308 0.011739 -0.375538 -0.388220 -0.437224 -0.435161 0.378172 0.077651 0.072977 -0.086202 0.266777 -0.026057 0.308699 0.203495 0.139891 0.275726 0.229200 0.381319 -0.235114 -0.242057 -0.236784 -0.168518 -0.213319 -0.464704 0.101612 0.001384 -0.035420 -0.076592 0.122161 -0.047316 0.187482 -0.021434 -0.238949 -0.065866 0.007118 -0.358995 -0.391830 -0.156372 -0.051916 0.030961
-0.393766 -0.068286 -0.196070 0.094642 0.470654 0.293071 0.045487 0.551657 0.226575 0.603432 -0.081030 0.619652 0.123027 0.718764 0.131365 1.000000 -0.236856 -0.351196 -0.340688 -0.261281 0.300904 0.357869 -0.351178 -0.183720 0.221336 0.008987 0.068790 0.104878 0.051953 0.450413 -0.076207 0.083490 -0.287347 -0.124431 -0.381702 0.002289 0.412975 0.326845 -0.069188 0.041231 0.245167 0.365043 -0.031190 -0.276648 -0.184585 -0.159614 -0.065587 -0.119463 -0.180591 -0.254136 -0.251357 -0.018114 -0.182627 -0.028647 -0.023965 -0.214561 -0.416263 -0.423038 -0.320552 -0.281124 -0.108926 0.157081 0.155539 0.258254 -0.229893 0.234314 -0.503391 -0.302446 -0.169551 -0.393703 0.328371 0.234452 0.228421 0.030950 0.089711 0.034077 0.205590 0.458904 -0.248701 -0.263751 0.032862 -0.014966 -0.007041 0.559905 -0.127755 -0.022868 -0.066371 -0.002384 -0.124471 -0.384495 0.158893 -0.068644 0.353703 -0.003432 0.193990 0.043149 -0.327602 -0.204000 -0.225660 -0.237786 0.478067 -0.089935 -0.078298 -0.121754 0.075965 0.133642 0.096171 0.054371 -0.011157 0.198902 -0.195808 0.029637 0.181114 0.366289 0.434215 0.308137
0.409249 0.582793 -0.180486 -0.400645 -0.341157 -0.219680 -0.255758 -0.172571 -0.335739 -0.318978 -0.021443 -0.202174 -0.143754 -0.280385 -0.276184 -0.236856 1.000000 0.707114 0.341352 0.360657 -0.050935 -0.175798 -0.313116 -0.434217 -0.176157 -0.280109 -0.192692 -0.309771 0.415041 0.202332 -0.121624 -0.246252 0.525689 0.512903 -0.147337 -0.234231 0.001925 -0.277725 0.103737 0.114210 0.113113 -0.080097 -0.011215 0.130530 0.094026 0.012714 0.162917 -0.069083 -0.042493 -0.061524 -0.001064 -0.228123 -0.086537 -0.330369 -0.023975 0.137223 0.689009 0.669320 -0.110792 0.107430 -0.034261 -0.013405 0.267762 0.312046 -0.319966 -0.379659 0.116859 -0.332627 0.348325 0.321620 -0.243572 -0.001602 0.355773 -0.105583 -0.047363 0.065280 -0.308016 -0.354849 0.558438 0.560052 0.620775 0.594833 -0.046329 0.040312 0.299908 0.257052 0.011605 0.072333 -0.046967 0.070020 -0.341467 -0.338197 -0.461066 -0.459063 0.037846 0.092927 0.238626 0.098584 0.105951 0.102083 -0.202005 -0.160390 0.177722 -0.019628 -0.216851 -0.330117 -0.123529 -0.362289 0.168308 -0.006333 -0.082763 -0.120635 -0.247538 -0.201775 -0.143411 -0.293214
0.450209 0.556047 -0.424441 -0.390011 -0.558590 -0.430790 -0.421378 -0.447505 -0.479169 -0.543616 -0.063823 -0.137911 -0.248620 -0.352382 -0.169625 -0.351196 0.707114 1.000000 0.228311 0.314274 -0.186440 -0.122584 -0.263923 -0.354856 -0.405724 -0.350114 -0.257043 -0.347910 0.193837 0.170608 -0.154953 -0.386539 0.351212 0.294598 -0.082411 -0.347301 -0.112172 -0.153059 0.208455 0.261524 0.064765 -0.163814 0.061573 0.274916 0.195465 0.135857 0.297740 0.056527 0.072147 0.195144 0.156206 0.010613 0.182156 -0.050821 0.111618 0.371245 0.699138 0.649965 0.007144 0.229373 -0.062732 0.041447 0.122864 0.224251 -0.264371 -0.309118 0.075292 -0.357466 0.276235 0.360592 -0.320495 -0.066167 0.157661 0.074226 -0.109797 -0.071104 -0.401116 -0.483514 0.536410 0.517724 0.457272 0.458320 0.095195 -0.004208 0.334270 0.324153 0.223511 0.181659 0.190063 0.276714 -0.234087 -0.320009 -0.474421 -0.483017 0.013183 0.103166 0.389366 0.162830 0.231561 0.238496 -0.260793 -0.283116 0.053704 -0.073009 -0.102666 -0.177905 0.020844 -0.172905 0.109775 -0.272594 -0.021565 -0.107356 -0.117176 -0.169081 -0.168061 -0.240665
0.432880 0.345035 0.103557 -0.292513 -0.284077 -0.239968 0.010376 -0.388891 -0.125594 -0.376787 -0.076615 -0.235560 -0.296806 -0.404219 -0.179280 -0.340688 0.341352 0.228311 1.000000 0.704342 -0.208011 -0.149583 -0.138402 -0.104299 -0.210803 -0.242569 -0.175390 -0.227088 0.398423 0.031673 0.079656 -0.124231 0.615013 0.538707 -0.153728 -0.255569 -0.141432 -0.303166 -0.085208 0.039640 -0.030134 -0.164762 -0.253744 -0.224778 -0.093496 -0.268342 -0.082575 -0.255990 -0.113957 -0.088167 -0.040572 -0.355979 0.014912 -0.225553 -0.132136 -0.076792 0.481643 0.448616 0.051289 0.299235 0.053228 -0.085501 0.221522 0.120317 -0.057086 -0.473874 0.271055 -0.070503 0.654517 0.543602 -0.178349 0.016298 0.211658 -0.072447 0.111436 -0.050814 -0.086087 -0.263331 0.577046 0.374889 0.362728 0.347508 0.227912 -0.030205 0.229940 -0.121453 -0.004331 0.044075 0.063693 0.039593 -0.073480 0.072896 -0.413984 -0.171554 0.035274 -0.068051 0.161616 0.141378 0.110792 0.127531 -0.327391 0.144559 0.234336 0.278911 -0.118377 -0.077190 -0.046052 0.040702 -0.002959 -0.064796 -0.047840 -0.006439 -0.207041 -0.292370 -0.174599 -0.245538
0.424755 0.493479 -0.144540 -0.176361 -0.390181 -0.163075 -0.219469 -0.420851 -0.128061 -0.347162 -0.264165 -0.340093 -0.454495 -0.484570 -0.162548 -0.261281 0.360657 0.314274 0.704342 1.000000 -0.165620 0.045606 -0.035410 0.076643 -0.132001 -0.039499 -0.043480 -0.110388 0.195346 0.166828 0.127569 -0.031904 0.431159 0.466696 -0.128555 -0.310319 -0.194712 -0.202439 -0.001725 0.107080 0.042440 -0.008405 -0.230423 -0.144769 -0.196830 -0.346272 -0.084847 -0.166659 -0.288481 -0.076849 -0.091094 -0.435768 -0.083874 -0.142002 -0.212623 -0.078991 0.457807 0.546412 -0.136845 0.179964 -0.081051 -0.115821 0.027179 0.048193 0.049164 -0.393649 0.022050 -0.295601 0.597179 0.657065 -0.113394 -0.018189 0.137672 0.129722 0.070253 -0.225361 -0.280644 -0.403903 0.561985 0.460229 0.366486 0.396609 0.403393 0.080524 0.512911 0.151968 0.146139 0.121544 0.402856 0.196234 -0.121855 0.029766 -0.383210 -0.190705 0.157672 -0.154296 0.145291 0.188375 -0.087971 0.018561 -0.515053 -0.033071 -0.020926 0.196458 -0.158983 0.018714 -0.032636 -0.048598 -0.003457 -0.061095 0.094499 0.064873 -0.045060 -0.157504 -0.030461 -0.237715
-0.078552 -0.173157 0.359645 0.287810 0.562460 0.589387 0.189097 0.353727 0.209503 0.430023 0.228742 0.149757 0.468499 0.359419 0.138037 0.300904 -0.050935 -0.186440 -0.208011 -0.165620 1.000000 0.578747 0.115265 0.162309 0.398708 0.296559 0.484980 0.498557 -0.052876 -0.183358 -0.123028 -0.015784 -0.127304 -0.247968 0.024673 -0.212570 0.124658 0.015118 0.021636 -0.142576 0.002335 0.332495 -0.177278 -0.242146 -0.200053 -0.275672 -0.279107 -0.214753 0.024521 -0.142480 -0.103236 -0.018636 -0.083497 -0.130535 -0.163274 -0.380565 -0.300585 -0.344802 0.035344 -0.027472 -0.026435 -0.019157 -0.010822 -0.034699 -0.132928 0.064987 0.019443 -0.115218 -0.251603 -0.221140 0.661495 0.271880 0.149627 -0.110782 0.079558 0.334776 0.263280 0.219482 -0.450276 -0.388138 -0.173769 -0.198290 -0.107949 -0.004234 -0.161101 -0.262764 -0.127377 -0.504701 0.023607 -0.287400 0.141267 0.225185 0.205913 0.212390 -0.103943 -0.122270 -0.394660 -0.478871 -0.311104 -0.323099 0.139206 -0.020756 0.050705 0.232974 0.359414 0.210901 0.187043 -0.017737 -0.098204 0.335178 -0.188030 0.022189 -0.007716 0.188908 0.202706 0.178065
-0.164672 -0.146197 0.102092 0.084075 0.359571 0.424708 -0.015884 0.046181 -0.012259 0.195329 0.021843 0.123207 0.143572 0.162699 0.033628 0.357869 -0.175798 -0.122584 -0.149583 0.045606 0.578747 1.000000 0.141516 0.174571 0.388793 0.321119 0.559057 0.507029 0.028892 0.123991 0.056642 0.077296 -0.175072 -0.290152 0.125260 -0.260595 0.136054 0.110767 0.029961 0.052403 0.039601 0.484222 -0.121714 -0.189283 -0.154349 -0.202543 -0.084590 -0.206814 -0.023215 -0.068293 0.080334 -0.092316 0.103572 0.085467 -0.023557 -0.150190 -0.208149 -0.280828 -0.202834 -0.203948 -0.223300 -0.243160 -0.111249 -0.211365 -0.119645 -0.111769 -0.080466 -0.193851 -0.152326 -0.003535 0.480515 0.274307 0.082148 -0.014790 0.047447 -0.054532 0.071815 0.071548 -0.163154 -0.251274 0.024729 0.025197 -0.013141 0.155008 0.068292 0.137544 -0.074455 -0.275279 0.032449 -0.064430 0.251261 0.155660 -0.013648 -0.051894 -0.030318 -0.331610 -0.231249 -0.289343 -0.169519 -0.141070 -0.073354 -0.272681 -0.304784 0.051433 0.197969 0.361663 0.076517 0.097078 -0.251295 0.076943 -0.017836 0.076588 0.056795 0.010304 0.229651 0.109097
0.067129 -0.401855 0.511796 0.550279 0.144602 0.332421 0.241758 -0.108663 0.147913 -0.001171 0.109620 -0.411769 0.280681 -0.274821 0.179934 -0.351178 -0.313116 -0.263923 -0.138402 -0.035410 0.115265 0.141516 1.000000 0.751631 0.443565 0.595258 0.501688 0.580349 -0.255412 -0.422217 0.477365 0.387622 -0.188406 -0.299683 0.558462 0.124806 -0.306823 -0.132479 -0.001640 -0.146641 -0.211007 0.033319 -0.074149 -0.008449 -0.126418 -0.093891 -0.127138 -0.101220 -0.071956 -0.065257 0.171315 -0.119218 -0.018899 0.151782 0.015163 -0.093645 -0.188003 -0.156040 0.001713 -0.202757 -0.041221 -0.372187 -0.413590 -0.591965 0.560352 0.164784 0.055611 0.283438 -0.233427 -0.072169 0.213255 -0.016009 -0.273451 -0.026435 -0.017756 0.030950 0.089349 -0.095377 -0.321003 -0.117979 -0.390822 -0.336086 0.136249 -0.386322 0.041716 0.016857 -0.013017 -0.180634 0.205289 0.305154 -0.024909 0.147763 0.089787 0.310234 -0.155252 -0.272082 -0.138742 -0.154911 -0.072141 -0.162767 -0.435251 -0.020133 -0.415201 -0.124734 -0.027201 0.097855 -0.110506 0.030670 -0.051064 -0.150721 0.046566 -0.071454 0.002645 -0.221172 -0.085146 0.093711
-0.096960 -0.527359 0.294578 0.723300 0.108020 0.300542 0.078183 -0.063952 0.206593 0.090104 -0.065413 -0.278974 0.080168 -0.167100 0.210381 -0.183720 -0.434217 -0.354856 -0.104299 0.076643 0.162309 0.174571 0.751631 1.000000 0.295654 0.640799 0.310040 0.494408 -0.357832 -0.416448 0.424658 0.505734 -0.322852 -0.372812 0.355922 0.096217 -0.217591 -0.089668 -0.069511 -0.177951 -0.233829 0.073880 -0.232499 -0.222826 -0.219278 -0.276444 -0.312266 -0.251755 -0.185818 -0.123180 0.066519 -0.094592 -0.136443 0.055151 -0.049901 -0.198536 -0.316146 -0.329220 -0.068937 -0.190960 -0.160400 -0.304787 -0.443195 -0.595461 0.473165 0.265582 -0.054936 0.282519 -0.190525 -0.048425 0.411272 0.140575 -0.355549 0.092020 -0.079105 -0.002796 0.141998 0.089761 -0.315328 -0.341579 -0.423254 -0.481688 0.194634 -0.290964 0.069150 -0.002612 0.055458 -0.114524 0.278990 0.331973 0.269140 0.420909 0.365063 0.480310 -0.022190 -0.215751 -0.234987 -0.205924 -0.216089 -0.234102 -0.326224 0.104424 -0.294055 0.183533 0.210842 0.322836 0.172902 0.219233 -0.047461 0.019875 0.126904 0.094751 0.040828 0.017901 0.166288 0.189888
-0.118456 -0.267689 0.411800 0.236261 0.624889 0.847418 0.046315 0.299007 0.397923 0.534987 0.097241 -0.097681 0.413440 0.077502 -0.103462 0.221336 -0.176157 -0.405724 -0.210803 -0.132001 0.398708 0.388793 0.443565 0.295654 1.000000 0.758547 0.738193 0.636064 0.154033 -0.010674 0.273877 0.377923 -0.106090 -0.173159 0.307942 0.156430 0.007255 0.100001 -0.276742 -0.351122 -0.171766 0.224307 0.079525 -0.018237 -0.019431 -0.024891 0.006490 -0.064477 -0.030100 -0.144253 0.213989 -0.056904 0.033307 0.145401 -0.143579 -0.247093 -0.268656 -0.262136 -0.373146 -0.253857 -0.374201 -0.457956 -0.358248 -0.422533 -0.064912 -0.116688 -0.101931 0.099924 -0.208912 -0.174183 0.369897 0.171850 0.051334 -0.178557 -0.015954 -0.086958 0.106375 0.110962 -0.304569 -0.195786 -0.070854 -0.037051 -0.161850 -0.096211 -0.236343 -0.033979 -0.213923 -0.523717 -0.315923 -0.257927 -0.161797 -0.046735 0.040517 -0.006782 -0.048418 -0.139521 -0.194855 -0.229262 -0.123649 -0.211578 -0.218102 -0.244422 -0.432862 -0.230306 0.023865 0.166762 -0.174120 -0.032495 0.071056 0.076866 0.052746 0.097964 0.002022 -0.015719 0.129125 0.149281
-0.155276 -0.371815 0.249900 0.445034 0.329221 0.688938 -0.054507 0.077160 0.178911 0.301951 -0.139938 -0.296523 0.143931 -0.159309 -0.104980 0.008987 -0.280109 -0.350114 -0.242569 -0.039499 0.296559 0.321119 0.595258 0.640799 0.758547 1.000000 0.641693 0.706202 -0.141020 -0.081545 0.514564 0.657259 -0.261495 -0.243009 0.513419 0.336517 -0.052213 0.097121 -0.075627 -0.259194 -0.123162 0.201606 -0.043894 -0.071645 -0.123226 -0.068163 -0.138124 -0.149690 -0.264023 -0.230168 0.190996 -0.147850 -0.086621 0.157756 -0.130096 -0.243133 -0.239584 -0.252819 -0.378297 -0.430353 -0.413136 -0.555244 -0.626887 -0.667660 0.186953 0.087913 -0.139206 0.221449 -0.222271 -0.126640 0.427751 0.273822 -0.136422 0.002278 -0.056647 -0.096605 0.073473 0.084500 -0.234897 -0.164086 -0.156058 -0.143827 -0.126264 -0.114569 -0.037604 0.107156 -0.024119 -0.329052 -0.035284 -0.054489 0.019681 0.088898 0.222542 0.144936 0.024860 -0.109987 -0.243077 -0.240596 -0.227733 -0.161603 -0.332658 -0.132694 -0.452705 -0.038336 0.092283 0.322230 -0.068232 0.083381 0.054686 0.024163 0.120618 0.163685 0.137017 0.105469 0.221292 0.205167
0.050691 -0.233963 0.448989 0.200182 0.633404 0.817715 0.182102 0.149797 0.273621 0.386951 0.336108 -0.124036 0.467439 0.041360 0.116940 0.068790 -0.192692 -0.257043 -0.175390 -0.043480 0.484980 0.559057 0.501688 0.310040 0.738193 0.641693 1.000000 0.820820 -0.015789 -0.111454 0.172709 0.145382 -0.099734 -0.268099 0.415422 -0.037865 -0.054678 0.133569 -0.222480 -0.357454 -0.145056 0.279582 -0.023287 -0.089721 -0.216794 -0.154596 -0.085757 -0.091705 -0.135373 -0.145040 0.152620 -0.130935 0.023093 0.174381 -0.254828 -0.371708 -0.260360 -0.262230 -0.121981 -0.176252 -0.116214 -0.302383 -0.288520 -0.289959 0.162234 -0.046769 -0.037917 0.030592 -0.250525 -0.125546 0.394949 0.018786 -0.001500 -0.074594 0.090529 -0.163014 0.162151 0.018064 -0.312167 -0.213188 -0.121238 0.001037 -0.027421 -0.113979 -0.071357 0.007344 -0.182182 -0.599223 0.020416 -0.175256 -0.139983 0.041236 0.007897 0.094902 -0.154950 -0.278628 -0.357917 -0.367929 -0.240776 -0.280781 -0.207116 -0.187110 -0.337911 -0.115687 0.007373 0.176609 -0.151566 -0.066533 -0.180192 -0.058248 -0.104983 -0.092206 -0.015414 -0.047437 0.058817 0.113764
-0.006983 -0.247774 0.402282 0.412322 0.580489 0.715284 0.164887 0.128519 0.165234 0.363804 0.192344 -0.040209 0.412718 0.073334 0.070677 0.104878 -0.309771 -0.347910 -0.227088 -0.110388 0.498557 0.507029 0.580349 0.494408 0.636064 0.706202 0.820820 1.000000 -0.190659 -0.184247 0.264122 0.308112 -0.184609 -0.318295 0.459808 -0.006652 -0.018742 0.079492 -0.114711 -0.295867 -0.095404 0.246905 -0.002019 -0.123846 -0.191463 -0.192529 -0.118542 -0.114225 -0.168339 -0.206145 0.019394 -0.165080 -0.120640 0.006870 -0.121280 -0.358843 -0.345041 -0.307241 -0.148234 -0.208763 -0.156584 -0.306515 -0.311219 -0.349658 0.221682 0.076653 -0.094062 0.031009 -0.358940 -0.174998 0.514772 0.103340 -0.001441 -0.187359 0.130057 -0.037151 0.220308 0.111517 -0.396127 -0.246963 -0.272381 -0.160348 -0.097216 -0.235932 -0.094265 -0.126091 -0.202344 -0.505266 0.084791 -0.153242 -0.034623 0.108600 0.126338 0.256279 -0.048498 -0.174694 -0.377450 -0.342645 -0.211388 -0.260167 -0.131122 -0.054032 -0.356411 -0.050744 0.055268 0.289115 -0.103920 0.000802 -0.079297 0.062843 -0.063051 -0.007106 0.189475 0.084235 0.066859 0.112055
0.130304 0.265510 -0.109795 -0.406487 -0.088103 -0.041736 -0.164182 -0.199636 -0.192371 -0.158474 0.081523 0.158709 -0.082846 -0.081162 -0.206584 0.051953 0.415041 0.193837 0.398423 0.195346 -0.052876 0.028892 -0.255412 -0.357832 0.154033 -0.141020 -0.015789 -0.190659 1.000000 0.528287 0.189974 0.035498 0.425612 0.425114 -0.068232 -0.162769 0.243508 0.084322 -0.054549 -0.060098 0.147482 0.253372 0.035735 0.065907 0.124657 0.085508 0.207223 -0.081595 0.039119 -0.051061 0.002831 -0.323186 0.020916 -0.213668 -0.064621 0.113623 0.295925 0.229231 -0.277430 -0.053042 -0.270434 -0.236296 0.278948 0.025019 -0.410814 -0.424918 -0.080834 -0.219222 0.184924 0.044631 -0.181789 0.303957 0.542955 -0.074416 0.106534 0.095270 0.074516 -0.007455 0.412240 0.266165 0.591560 0.556333 0.115637 0.221538 -0.085764 0.090914 -0.174757 0.026123 -0.538615 -0.268591 -0.293599 -0.312999 -0.322814 -0.453359 0.038756 0.020499 0.293310 0.114462 0.215345 0.208236 -0.165432 -0.217790 -0.023227 -0.067797 -0.154388 -0.103856 0.015605 -0.073027 0.197757 -0.030458 -0.074779 0.152574 -0.234637 -0.287584 -0.159525 -0.170665
-0.174901 0.344993 -0.573716 -0.354182 -0.188541 -0.165004 -0.266136 -0.109425 -0.391357 -0.113332 -0.399601 0.273758 -0.482906 0.045796 -0.379369 0.450413 0.202332 0.170608 0.031673 0.166828 -0.183358 0.123991 -0.422217 -0.416448 -0.010674 -0.081545 -0.111454 -0.184247 0.528287 1.000000 0.275643 0.215524 0.080323 0.333884 -0.212903 0.090149 0.450840 0.387372 0.062993 0.198118 0.489329 0.389780 0.050340 0.041415 0.076940 0.133749 0.178217 0.025390 -0.344331 -0.183037 -0.169192 -0.420810 -0.085317 -0.047434 -0.100843 0.121909 0.196502 0.186484 -0.473161 -0.301455 -0.280361 -0.116724 0.142295 0.139989 -0.283112 -0.106321 -0.485316 -0.374968 0.225894 -0.038490 -0.160664 0.350107 0.517940 0.202479 0.103064 -0.026688 -0.022400 0.171903 0.414832 0.406447 0.600847 0.658479 0.076672 0.614998 0.104051 0.315873 0.015676 0.383279 -0.205776 -0.320885 -0.162162 -0.418190 -0.137587 -0.535018 0.298219 0.141834 0.142196 0.149690 0.067500 0.268310 0.003030 -0.280071 -0.135482 -0.207366 -0.263732 -0.011252 -0.088754 -0.076212 0.187913 -0.060986 -0.090703 0.257588 0.192404 0.122999 0.128208 0.047608
-0.175357 -0.290175 -0.019969 0.224231 -0.094963 0.037536 0.000943 -0.219374 -0.162476 -0.186578 -0.404225 -0.349554 -0.277199 -0.376998 -0.186558 -0.076207 -0.121624 -0.154953 0.079656 0.127569 -0.123028 0.056642 0.477365 0.424658 0.273877 0.514564 0.172709 0.264122 0.189974 0.275643 1.000000 0.839290 -0.108340 0.001647 0.359133 0.347550 0.105811 0.036069 0.099913 0.008349 0.140574 0.158144 -0.189097 -0.162877 -0.009690 0.009860 -0.136947 -0.269932 -0.410230 -0.280886 -0.117147 -0.446150 -0.182915 -0.033284 -0.023428 0.004683 0.021615 -0.043335 -0.454878 -0.442032 -0.295668 -0.465445 -0.230771 -0.492813 0.330164 0.071255 -0.296590 0.150073 0.027706 -0.142312 0.099602 0.329873 0.099731 -0.037437 0.015966 -0.022045 0.056505 0.095226 0.185904 0.192511 0.144501 0.156620 0.223972 0.192001 0.053310 0.200214 -0.063018 0.197088 -0.091596 0.004454 0.016247 0.006908 0.037130 -0.031153 0.157780 -0.026416 0.049483 -0.040209 0.030451 0.191657 -0.315280 0.012481 -0.279412 -0.025271 -0.109495 0.187257 -0.063109 0.183432 0.156397 -0.067368 0.009885 0.261101 0.167976 -0.061054 0.138114 0.138937
-0.373760 -0.443608 -0.013229 0.384551 0.063977 0.188901 -0.005277 0.004838 -0.001029 0.062635 -0.431504 -0.217511 -0.236451 -0.173111 -0.232385 0.083490 -0.246252 -0.386539 -0.124231 -0.031904 -0.015784 0.077296 0.387622 0.505734 0.377923 0.657259 0.145382 0.308112 0.035498 0.215524 0.839290 1.000000 -0.306047 -0.110898 0.284685 0.467121 0.215103 0.118804 -0.000646 -0.095432 0.186105 0.205207 -0.164968 -0.216513 -0.047748 -0.017631 -0.215172 -0.227333 -0.435669 -0.370218 -0.168793 -0.385064 -0.298510 -0.068175 -0.114602 -0.138105 -0.203592 -0.255912 -0.485831 -0.568912 -0.312466 -0.428569 -0.320920 -0.525478 0.319668 0.240822 -0.397795 0.224216 -0.117078 -0.251259 0.275392 0.410028 0.032167 0.018802 0.067186 0.068835 0.182419 0.300983 -0.014203 -0.078512 0.020655 -0.020126 0.016879 0.254449 -0.078743 0.134238 -0.105508 0.152233 -0.173748 -0.145654 0.151162 0.106163 0.327171 0.134765 0.232173 0.036305 -0.098584 -0.083124 -0.098544 0.095197 -0.138307 0.087071 -0.270641 0.055435 0.018835 0.221083 -0.031813 0.194171 0.204870 0.124437 0.087562 0.357967 0.291899 0.165805 0.230016 0.194928
0.368944 0.641710 0.044087 -0.341565 -0.294127 -0.198269 -0.128316 -0.273068 -0.212330 -0.351794 -0.001610 -0.205286 -0.208380 -0.334878 -0.204244 -0.287347 0.525689 0.351212 0.615013 0.431159 -0.127304 -0.175072 -0.188406 -0.322852 -0.106090 -0.261495 -0.099734 -0.184609 0.425612 0.080323 -0.108340 -0.306047 1.000000 0.760807 -0.093464 -0.267883 -0.186853 -0.350801 0.079851 0.109444 -0.030862 -0.148280 -0.099985 0.103955 0.149671 0.035167 0.084914 -0.096454 0.119011 0.136286 0.163759 -0.196669 0.060245 -0.276722 -0.033725 0.129915 0.669094 0.708170 0.137484 0.401718 0.111148 0.023920 0.317603 0.330982 -0.273103 -0.465336 0.410299 -0.093247 0.480541 0.507609 -0.401300 -0.072282 0.214653 -0.164277 -0.060884 -0.027188 -0.339391 -0.481518 0.578111 0.530916 0.461502 0.457033 0.066001 -0.074454 0.305012 0.117657 0.091750 0.074416 0.013272 0.014329 -0.489874 -0.418371 -0.659728 -0.534033 -0.017820 -0.142700 0.339347 0.216137 0.149221 0.025803 -0.386196 -0.134224 0.115184 -0.017069 -0.387008 -0.411581 -0.225012 -0.284617 0.025507 -0.187291 -0.051987 -0.350986 -0.374946 -0.370578 -0.267706 -0.329619
0.250391 0.678635 -0.145151 -0.300723 -0.411591 -0.296381 -0.126109 -0.184610 -0.203274 -0.290544 -0.168150 -0.034704 -0.349805 -0.190006 -0.231513 -0.124431 0.512903 0.294598 0.538707 0.466696 -0.247968 -0.290152 -0.299683 -0.372812 -0.173159 -0.243009 -0.268099 -0.318295 0.425114 0.333884 0.001647 -0.110898 0.760807 1.000000 -0.090910 0.006481 -0.087060 -0.209726 0.112793 0.266414 0.150685 -0.033469 -0.149495 -0.000480 -0.006329 -0.011220 -0.062966 -0.060004 -0.137230 -0.100709 -0.178926 -0.380416 -0.204512 -0.437622 -0.255538 -0.064515 0.615224 0.684292 0.089914 0.249686 0.199011 0.209541 0.319341 0.418223 -0.147894 -0.169032 0.146752 -0.079630 0.523364 0.419895 -0.473196 0.004193 0.274497 -0.046422 -0.032639 0.013316 -0.290336 -0.304632 0.696544 0.659008 0.541373 0.555378 0.076313 0.175117 0.294182 0.089257 0.076553 0.361620 0.026249 -0.063535 -0.546890 -0.487036 -0.425630 -0.501870 0.213723 0.059466 0.240202 0.298520 -0.102997 -0.047215 -0.243622 -0.069859 0.075849 -0.117141 -0.420970 -0.422563 -0.217261 -0.307547 0.226471 -0.059418 -0.014911 -0.202845 -0.218894 -0.153990 -0.125930 -0.221462
0.065425 -0.257410 0.272361 0.135102 -0.049944 0.162324 0.023766 -0.247318 -0.124725 -0.204779 0.136987 -0.266066 0.218294 -0.252044 0.131384 -0.381702 -0.147337 -0.082411 -0.153728 -0.128555 0.024673 0.125260 0.558462 0.355922 0.307942 0.513419 0.415422 0.459808 -0.068232 -0.212903 0.359133 0.284685 -0.093464 -0.090910 1.000000 0.290722 -0.171604 -0.035245 0.109430 -0.069152 -0.112425 0.048459 -0.030386 0.080431 -0.141135 -0.009336 -0.071276 -0.084825 -0.117193 -0.209869 0.220054 -0.136781 -0.008599 0.062239 -0.015566 -0.083226 -0.055897 -0.055462 -0.027677 -0.321716 -0.086380 -0.371008 -0.374882 -0.523134 0.378475 0.083561 0.257108 0.409704 -0.185260 -0.033306 0.087009 0.085703 -0.199075 0.011342 -0.033724 -0.128940 0.064347 -0.143533 -0.042244 0.023765 -0.125890 -0.098775 -0.034974 -0.293955 0.145522 0.233895 -0.059907 -0.066487 0.104191 0.219648 -0.064991 0.071172 -0.040076 0.062593 -0.108456 -0.170139 -0.012896 -0.066432 -0.166951 -0.115104 -0.356976 -0.140022 -0.332264 -0.109205 -0.032839 0.212939 -0.180805 -0.021542 -0.038725 -0.111040 0.257179 -0.032510 -0.165796 -0.202260 -0.124890 -0.104492
-0.412362 -0.371238 0.042737 0.142366 0.045150 0.050214 0.196065 0.153436 0.090236 0.065691 -0.273932 -0.148813 -0.144773 -0.000785 -0.100335 0.002289 -0.234231 -0.347301 -0.255569 -0.310319 -0.212570 -0.260595 0.124806 0.096217 0.156430 0.336517 -0.037865 -0.006652 -0.162769 0.090149 0.347550 0.467121 -0.267883 0.006481 0.290722 1.000000 0.017386 0.031895 -0.017702 -0.091777 0.163331 -0.087182 0.045678 0.023239 -0.009459 0.305778 -0.145178 0.035070 -0.328288 -0.298233 -0.140543 -0.153311 -0.241254 -0.034146 -0.101271 -0.135822 -0.178321 -0.184458 0.022274 -0.389416 0.111254 -0.092857 -0.281218 -0.278578 0.316537 0.468666 0.035415 0.666803 -0.081727 -0.260662 -0.101627 -0.006230 -0.191211 0.043561 -0.110712 -0.120259 -0.018826 0.234079 -0.040970 -0.016048 -0.088892 -0.079036 -0.183600 0.043315 -0.093909 0.171053 0.029990 0.165861 -0.146491 -0.096951 -0.111006 -0.114545 0.275701 0.083845 0.104216 0.211260 -0.182458 0.049582 -0.209366 -0.038773 0.010419 0.087633 -0.152090 -0.204314 -0.158282 -0.076740 -0.201103 -0.015053 0.165047 0.072729 0.136255 0.145805 0.127819 0.210925 0.132207 0.282101
