1.000000 0.193085 -0.200184 -0.170774 0.101760 0.005368 0.252489 -0.523101 -0.271802 -0.612725 0.026592 -0.429984 -0.023244 -0.318400 0.501281 -0.031465 0.477040 0.336338 0.601670 0.567927 0.372227 0.390224 0.295451 0.143210 0.287532 0.195109 0.260455 0.260890 0.380922 0.428291 0.197751 0.000049 0.434557 0.212714 -0.150383 -0.521528 -0.014699 0.162770 0.192615 0.029301 0.238863 -0.016279 0.008691 0.033391 0.170819 0.017893 0.038420 -0.302715 -0.007382 0.173909 -0.398173 -0.179625 -0.075851 0.010372 -0.069809 -0.049467 0.599029 0.500049 0.193818 -0.007145 0.021039 -0.393695 0.346341 0.076632 -0.064157 -0.501005 -0.262804 -0.583663 0.179405 0.116887 0.166210 0.414534 0.466336 0.079094 0.444654 0.120128 0.234931 0.108955 0.393584 0.247630 0.424258 0.287582 0.541453 0.421685 0.209083 -0.247071 0.455948 0.178382 0.144173 -0.239013 0.147167 0.214544 -0.436486 0.369795 -0.174247 0.156547 -0.277445 -0.400180 0.118315 0.303929 -0.309938 0.067790 0.043844 -0.015885 -0.289275 -0.210959 -0.239955 -0.278766 -0.053248 0.476231 -0.390752 -0.149830 0.324039 0.218956 -0.142199 -0.117445
0.193085 1.000000 -0.577406 0.353282 -0.232824 -0.255291 -0.214595 -0.162052 -0.414872 -0.226454 -0.170446 0.321876 0.087745 0.243352 -0.090009 0.376990 0.316310 0.383906 0.006393 0.230752 -0.117233 -0.159352 -0.408298 -0.005333 -0.127717 -0.391881 -0.239375 -0.066124 0.194526 0.454923 -0.349676 -0.037063 0.294995 0.342680 -0.445068 -0.206310 -0.045627 0.030989 -0.109845 0.303679 0.001124 0.110601 0.120612 -0.050964 0.125414 -0.006852 0.036131 -0.148778 0.246903 -0.025256 -0.171042 -0.049958 0.276431 0.037185 -0.138980 0.026071 0.099239 0.227012 0.240002 0.232264 0.154535 0.310566 0.425009 0.511778 -0.316534 0.046506 -0.044720 -0.213667 0.343361 0.278449 -0.114486 0.080519 -0.069097 0.053282 -0.137304 0.039093 -0.060420 0.145762 0.113770 0.110536 0.269553 0.251561 -0.103259 0.399105 -0.167134 -0.051715 -0.086014 0.230749 -0.068148 0.211366 0.345651 -0.045005 0.105929 -0.190244 -0.097349 0.327567 -0.346691 -0.055669 0.201828 -0.046387 0.093936 -0.078080 0.216307 -0.178198 -0.211142 -0.274885 0.016325 -0.067610 0.138526 0.160671 -0.306709 -0.068812 0.110131 0.124100 -0.079258 0.019973
-0.200184 -0.577406 1.000000 -0.217782 0.422079 0.311690 0.320967 0.373807 0.635157 0.332676 0.385814 -0.046712 0.182574 -0.075123 -0.015231 -0.383900 -0.320121 -0.526070 0.013072 -0.229279 0.000119 0.206624 0.366102 0.163686 -0.054702 0.329340 0.334176 0.179994 -0.319909 -0.523531 0.352950 0.115218 -0.438744 -0.098222 0.475744 0.125808 -0.155391 -0.067750 0.152493 -0.249708 -0.138235 -0.037469 -0.310542 -0.154135 -0.336475 -0.257221 -0.212365 0.034645 -0.205523 -0.276300 0.305314 -0.100946 -0.277377 -0.276548 0.102231 -0.238112 -0.356247 -0.295339 -0.215876 -0.295824 0.081498 -0.142177 -0.365287 -0.266114 0.392433 0.089239 0.180205 0.202360 -0.237002 -0.343993 0.034584 -0.045221 -0.212952 -0.053126 0.069992 0.060822 -0.039984 -0.174577 -0.255332 -0.157579 -0.480633 -0.446229 -0.094163 -0.475979 0.040676 0.043839 -0.029973 -0.319984 0.139731 -0.087827 -0.329958 0.111222 0.075393 0.328935 0.168672 -0.241521 0.436663 0.220790 -0.416963 -0.179407 -0.047055 0.252346 -0.144434 0.170458 0.116589 0.132913 -0.101371 0.173405 -0.105501 0.049458 0.493488 -0.011327 -0.246220 -0.182584 0.020166 0.000289
-0.170774 0.353282 -0.217782 1.000000 -0.287403 0.140498 0.200807 0.595188 -0.243954 0.367440 -0.360285 0.554778 -0.042383 0.567512 -0.313987 0.278659 -0.127435 -0.249302 -0.122377 0.108334 -0.174321 -0.192356 -0.322037 0.452020 -0.092716 -0.135154 -0.012967 0.094062 -0.364316 -0.050867 -0.117383 0.289848 -0.007197 0.210273 -0.242131 0.041513 -0.356001 -0.390166 -0.201082 0.230473 -0.317429 0.087768 -0.103871 -0.104298 0.017207 0.038997 -0.155571 -0.100439 -0.069416 -0.242714 -0.125648 -0.202070 0.012225 -0.182321 -0.332696 -0.303615 -0.264864 -0.430147 -0.020825 -0.061405 0.285596 0.644997 0.262256 0.275071 0.204085 0.585022 -0.134761 0.171139 0.071904 0.272331 -0.131608 -0.094991 -0.445254 -0.085571 -0.126707 0.043595 -0.336220 -0.161739 -0.224012 -0.261225 -0.213462 -0.331109 -0.218514 0.394600 -0.013927 0.334349 -0.063770 0.448987 0.301441 0.505236 0.212681 -0.273878 0.633985 -0.303588 -0.249031 0.233009 -0.358971 -0.009157 -0.213911 -0.498116 0.353135 -0.019268 0.127604 -0.447726 -0.398508 -0.429722 -0.240284 -0.370264 -0.027062 -0.071371 -0.328982 -0.244350 -0.282770 -0.244166 -0.351381 -0.164284
0.101760 -0.232824 0.422079 -0.287403 1.000000 0.511586 0.107148 -0.062700 0.428591 0.151830 0.394496 -0.102610 0.342147 -0.134539 0.377573 0.303958 0.060070 -0.183506 0.069674 -0.008951 0.251677 0.370249 0.093120 -0.191173 0.534348 0.337013 0.565791 0.393775 0.276370 0.132664 0.289717 0.015288 -0.066311 0.090945 0.015293 -0.093227 -0.035944 -0.057209 0.131090 -0.088087 0.259303 0.057584 -0.023977 -0.071220 -0.159667 -0.116443 -0.194102 -0.009313 -0.242711 -0.146446 0.026910 -0.208849 -0.241785 -0.182558 -0.068031 -0.411424 0.025582 0.114262 -0.165428 -0.354798 0.049169 -0.196963 -0.006886 -0.157934 0.114148 -0.098834 -0.220971 -0.063740 -0.151734 -0.091649 0.167560 0.282449 0.249710 -0.061601 0.291145 0.013548 0.099129 -0.098095 -0.078700 -0.000547 0.007976 0.053873 0.196778 -0.133261 -0.124599 -0.144486 0.063697 -0.092213 -0.048453 -0.427263 -0.290805 0.081021 -0.081976 0.218193 -0.134507 -0.194546 0.167879 -0.041044 -0.391965 -0.009065 -0.151168 0.277541 -0.022833 0.102779 0.121357 0.107204 -0.056134 0.004100 -0.222026 -0.098677 0.189619 -0.105746 -0.054193 0.028860 -0.026326 -0.140950
0.005368 -0.255291 0.311690 0.140498 0.511586 1.000000 0.063764 0.348650 0.030118 0.471725 -0.152060 0.007205 -0.302418 -0.073129 -0.146423 0.133867 -0.311706 -0.429383 -0.084823 0.041333 0.264076 0.445879 0.049936 0.114934 0.417783 0.716199 0.790524 0.822259 -0.381465 -0.096600 0.307756 0.238486 -0.253697 0.052857 0.121144 0.215017 -0.348201 -0.302967 0.020214 0.228582 -0.165252 -0.076581 0.111803 0.064362 0.020368 0.089966 -0.144168 0.192848 -0.074075 -0.111687 0.190024 -0.065876 -0.009934 -0.021382 -0.192952 -0.305914 -0.035061 -0.109913 -0.389339 -0.399144 -0.257476 -0.113152 -0.317691 -0.376948 0.124818 0.176768 -0.236405 0.169615 -0.267185 0.014650 0.104918 0.337127 -0.113108 -0.250785 0.145602 0.140034 -0.033033 -0.044083 -0.241455 -0.167813 -0.321757 -0.301996 -0.047110 -0.020880 -0.017738 0.163592 0.094609 0.329669 -0.155820 -0.143638 -0.106557 -0.125271 0.263294 -0.010851 -0.285468 -0.010785 0.244576 0.255379 -0.284268 -0.020148 0.220840 0.177443 0.193675 -0.132013 -0.012827 -0.097774 -0.194393 -0.282329 -0.222728 0.081062 0.234844 0.049593 -0.105455 -0.029542 -0.437027 -0.401861
0.252489 -0.214595 0.320967 0.200807 0.107148 0.063764 1.000000 0.007248 0.195599 -0.213366 -0.039729 -0.306185 0.081644 -0.089215 0.333782 -0.320279 -0.131501 -0.261814 0.599625 0.438487 -0.075019 -0.018261 0.547273 0.625830 0.295338 0.293296 0.271766 0.094267 -0.162344 -0.077697 0.642046 0.332691 -0.033510 -0.021819 0.196188 -0.336453 -0.411206 -0.164903 -0.145032 -0.401717 -0.142192 -0.279340 -0.013192 0.069554 0.022299 0.037683 0.133404 -0.135004 -0.341481 0.081531 -0.387244 -0.230076 -0.205833 0.010044 -0.434927 -0.203595 -0.114741 -0.035857 -0.204423 -0.211282 0.026860 -0.225604 0.182060 -0.223737 0.658511 -0.217089 -0.394686 -0.294561 0.079568 -0.038920 0.069954 0.060303 0.003147 -0.051095 0.243751 -0.000348 -0.042373 -0.286342 -0.093430 -0.047307 -0.221248 -0.254494 0.282284 0.294037 0.204642 -0.125165 0.515364 0.115829 0.450910 -0.075526 -0.068419 0.308708 -0.009787 0.465407 -0.152011 -0.210218 -0.238769 -0.409075 -0.186514 -0.064915 -0.166889 0.281657 -0.173683 -0.152736 -0.266444 -0.180767 -0.359587 -0.329154 -0.119261 0.231487 -0.272157 -0.097388 0.156142 -0.179723 -0.149991 -0.107696
-0.523101 -0.162052 0.373807 0.595188 -0.062700 0.348650 0.007248 1.000000 0.229831 0.802874 0.020849 0.641949 0.059854 0.619071 -0.492284 0.087335 -0.339379 -0.524387 -0.512738 -0.446076 -0.253012 -0.149651 -0.291366 0.234401 -0.271951 -0.014665 0.102710 0.137075 -0.531759 -0.501268 -0.083997 0.232874 -0.431082 0.054009 0.083716 0.388270 -0.367502 -0.399444 -0.042815 0.142411 -0.462743 0.103184 -0.197219 -0.084715 -0.195126 -0.060706 -0.321446 0.151500 -0.166794 -0.432222 0.374228 -0.073596 -0.165256 -0.389888 -0.128989 -0.313086 -0.460934 -0.621265 -0.207233 -0.283445 0.256426 0.579674 -0.199483 0.127384 0.304890 0.774425 0.163051 0.563377 -0.303919 -0.076397 -0.150588 -0.251493 -0.575671 -0.188189 -0.258487 0.072992 -0.338913 -0.212956 -0.266912 -0.318681 -0.521161 -0.601480 -0.507575 -0.281427 -0.080408 0.413925 -0.288744 0.045458 0.121335 0.314559 -0.198010 -0.416208 0.638837 -0.315644 0.080499 0.131004 0.237617 0.351632 -0.465697 -0.479058 0.351192 0.045801 0.038755 -0.274940 -0.212598 -0.267415 -0.222254 -0.037092 0.009286 -0.217079 0.272154 -0.081831 -0.377473 -0.252878 -0.185056 -0.023909
-0.271802 -0.414872 0.635157 -0.243954 0.428591 0.030118 0.195599 0.229831 1.000000 0.401218 0.626992 0.094687 0.340715 0.063246 0.174948 -0.104775 -0.097349 -0.350936 -0.175489 -0.260099 0.006251 -0.023890 0.281932 0.133496 -0.079111 0.016272 0.092501 -0.064393 -0.077071 -0.381336 0.205369 0.021817 -0.389987 -0.092460 0.515310 0.187357 -0.026811 -0.009999 0.225937 -0.165363 -0.028276 0.165948 -0.398099 -0.309962 -0.416859 -0.350145 -0.351058 -0.161719 -0.308635 -0.411536 0.236672 -0.252996 -0.352055 -0.366291 0.013244 -0.335223 -0.381758 -0.146165 -0.083186 -0.318088 0.312671 0.036102 -0.233043 -0.040684 0.570369 0.209127 0.169152 0.210434 -0.133060 -0.202669 0.007290 -0.112472 -0.107725 0.003663 0.073591 0.068259 -0.081784 -0.161052 -0.142477 -0.074811 -0.225608 -0.153769 -0.030507 -0.461068 0.134787 -0.028084 0.025550 -0.362831 0.260391 -0.092995 -0.370729 0.053665 0.085253 0.275331 0.311338 -0.212690 0.280651 0.033196 -0.552363 -0.382561 -0.202451 0.085497 -0.397045 0.085875 0.063758 0.162846 -0.080565 0.349451 0.022668 -0.068706 0.368745 -0.053962 -0.220111 -0.193398 0.191941 0.148180
-0.612725 -0.226454 0.332676 0.367440 0.151830 0.471725 -0.213366 0.802874 0.401218 1.000000 0.085065 0.629842 -0.069868 0.456828 -0.490964 0.205068 -0.379687 -0.479892 -0.679209 -0.506325 -0.147121 -0.150875 -0.276923 0.046117 -0.150525 0.064937 0.139762 0.191271 -0.492757 -0.472235 -0.141658 0.041160 -0.447475 0.037474 0.255184 0.617255 -0.257490 -0.325399 0.042224 0.266594 -0.369751 0.249100 -0.221621 -0.182081 -0.264086 -0.118331 -0.421366 0.154720 -0.122980 -0.502368 0.543833 -0.096961 -0.133287 -0.349164 -0.058639 -0.337944 -0.463227 -0.481901 -0.190332 -0.386684 0.177267 0.514393 -0.363554 -0.020770 0.276460 0.813606 0.233309 0.684414 -0.331476 -0.070642 -0.150343 -0.152494 -0.511569 -0.194267 -0.166665 0.053316 -0.216052 -0.089293 -0.368866 -0.343271 -0.481735 -0.468804 -0.461800 -0.387748 0.022549 0.462898 -0.308036 0.068325 0.060254 0.281069 -0.256234 -0.475140 0.562314 -0.341956 0.057828 0.048577 0.318799 0.373067 -0.487095 -0.495648 0.291628 -0.139731 -0.061592 -0.257938 -0.006742 -0.053299 -0.108864 0.029211 -0.028352 -0.279794 0.404978 -0.010482 -0.509050 -0.300864 -0.182664 -0.098106
0.026592 -0.170446 0.385814 -0.360285 0.394496 -0.152060 -0.039729 0.020849 0.626992 0.085065 1.000000 0.164177 0.569976 -0.009289 0.468298 0.070595 0.217711 0.067066 -0.196851 -0.245436 0.101589 0.078944 0.150300 -0.053418 -0.234614 -0.261546 0.037433 -0.085629 0.394324 -0.102548 -0.124934 -0.273825 -0.212864 -0.141578 0.141078 -0.126771 -0.004913 0.120403 0.446664 0.021315 0.063499 0.267984 -0.382135 -0.264193 -0.375138 -0.443716 -0.326202 -0.166296 -0.020265 -0.308799 0.300862 -0.011152 -0.170147 -0.228918 0.289126 -0.188195 -0.101658 0.010934 0.149153 -0.077759 0.472246 0.025620 0.111950 0.296612 0.205987 0.000461 0.077909 -0.102047 -0.197457 -0.213377 0.024995 -0.060424 -0.004840 0.075597 0.155118 0.167486 0.143853 -0.065114 0.172249 0.130885 0.003134 -0.026678 0.227610 -0.292915 0.109102 -0.114040 0.089747 -0.260898 0.276906 -0.077476 -0.183401 0.013586 -0.109555 0.243953 0.250432 0.015943 0.323884 -0.028391 -0.346715 -0.147863 -0.243410 0.060853 -0.299473 0.117026 -0.030123 0.009509 -0.096601 0.318775 0.029979 0.084672 0.246763 -0.196754 -0.073156 -0.036023 0.138650 0.153206
-0.429984 0.321876 -0.046712 0.554778 -0.102610 0.007205 -0.306185 0.641949 0.094687 0.629842 0.164177 1.000000 0.277369 0.767649 -0.418892 0.506964 -0.061107 -0.098077 -0.629652 -0.425600 -0.232472 -0.251731 -0.580386 -0.041699 -0.430479 -0.437068 -0.225806 -0.065740 -0.089963 -0.044595 -0.496213 -0.014682 -0.235126 0.279060 -0.154374 0.395046 -0.208130 -0.301059 0.017763 0.357457 -0.329569 0.297440 -0.242150 -0.273028 -0.193259 -0.184336 -0.420716 -0.058852 0.077158 -0.527700 0.442207 -0.108668 0.029797 -0.387804 0.002212 -0.330198 -0.378374 -0.492010 0.160280 -0.142229 0.495218 0.802102 0.131837 0.497748 0.049698 0.837406 0.285861 0.487487 -0.188571 -0.076736 -0.198018 -0.174733 -0.434052 -0.210932 -0.217167 0.095976 -0.334981 0.008750 -0.284243 -0.373049 -0.218400 -0.300040 -0.410079 -0.008178 -0.073385 0.422241 -0.351208 0.196961 0.175042 0.473322 -0.039315 -0.597197 0.468138 -0.502120 -0.015102 0.257313 0.016642 0.218263 -0.414914 -0.616416 0.199138 -0.203389 -0.042435 -0.405575 -0.210066 -0.237682 -0.091764 0.025410 0.072084 -0.233360 0.125309 -0.170061 -0.444257 -0.264861 -0.200275 -0.017033
-0.023244 0.087745 0.182574 -0.042383 0.342147 -0.302418 0.081644 0.059854 0.340715 -0.069868 0.569976 0.277369 1.000000 0.491537 0.273676 0.390745 0.373226 0.031448 -0.057218 -0.282987 -0.038464 0.013763 -0.318712 -0.216591 -0.159556 -0.521546 -0.111672 -0.207423 0.496118 0.140130 -0.221225 0.095579 0.082198 0.213310 -0.282474 -0.248401 0.117118 0.132523 0.134410 -0.161515 0.188848 0.184246 -0.163963 -0.050520 -0.133231 -0.149501 -0.052211 -0.125209 -0.188054 -0.215071 -0.177255 -0.179390 -0.160735 -0.274788 0.076731 -0.214364 -0.099054 -0.031440 0.154916 -0.079639 0.592136 0.333376 0.519762 0.522430 0.076888 0.100463 -0.043002 -0.141490 -0.080861 -0.187636 -0.056991 -0.078388 0.215749 0.108837 0.063328 0.084582 -0.165904 -0.183416 0.088203 0.079255 0.219228 0.103319 -0.040651 -0.175278 -0.419323 -0.375305 -0.232195 -0.330079 0.049037 -0.258927 -0.075733 -0.075546 0.024151 0.021896 0.111691 0.159662 -0.042867 -0.150268 -0.191003 -0.220503 -0.149046 0.205185 -0.054707 0.041045 -0.124516 -0.146654 -0.153195 0.219547 0.119045 -0.149369 -0.085267 -0.123194 0.013686 -0.023590 0.186393 0.254818
-0.318400 0.243352 -0.075123 0.567512 -0.134539 -0.073129 -0.089215 0.619071 0.063246 0.456828 -0.009289 0.767649 0.491537 1.000000 -0.394441 0.489646 0.098052 -0.211222 -0.427124 -0.439073 -0.205752 -0.222169 -0.676291 -0.055490 -0.301313 -0.453750 -0.197486 -0.101528 -0.087115 -0.016762 -0.352981 0.321315 -0.034184 0.427188 -0.333131 0.228479 -0.162745 -0.249830 -0.079522 0.149079 -0.232059 0.200816 -0.038319 -0.036751 -0.027539 0.054070 -0.163211 0.011254 -0.151634 -0.362717 0.027280 -0.155874 -0.037382 -0.336496 -0.159342 -0.305904 -0.278678 -0.364233 0.037926 -0.222949 0.497910 0.795390 0.286994 0.534491 0.123536 0.724887 0.073398 0.340375 -0.147316 -0.051725 -0.178304 -0.189353 -0.174492 -0.105030 -0.148121 0.100582 -0.474069 -0.109384 -0.110709 -0.234607 -0.022956 -0.227929 -0.505169 -0.088291 -0.343720 0.059059 -0.430243 0.010060 -0.012555 0.165914 0.001692 -0.490158 0.486480 -0.415926 -0.002892 0.313511 -0.113924 0.083968 -0.280042 -0.511016 0.231723 0.021290 0.018462 -0.394909 -0.356720 -0.388970 -0.250934 -0.013425 0.171824 -0.276171 -0.084356 -0.068641 -0.217837 -0.176415 -0.139689 0.086825
0.501281 -0.090009 -0.015231 -0.313987 0.377573 -0.146423 0.333782 -0.492284 0.174948 -0.490964 0.468298 -0.418892 0.273676 -0.394441 1.000000 0.015313 0.302514 0.208570 0.517997 0.454337 0.279837 0.187196 0.479809 0.133227 0.321160 0.078270 0.160535 -0.002311 0.579442 0.265676 0.291680 -0.119413 0.226985 -0.132971 -0.043737 -0.590868 0.092128 0.227095 0.343569 -0.197527 0.337829 -0.042624 -0.153663 -0.184158 -0.179997 -0.342105 -0.095028 -0.339159 -0.140407 0.028066 -0.330368 -0.142622 -0.169534 0.092875 0.001927 -0.152110 0.254188 0.313284 0.051428 -0.021276 0.101298 -0.398997 0.331664 -0.008393 0.126904 -0.552452 -0.442234 -0.637347 0.189737 0.056333 0.210551 0.194896 0.366849 0.122088 0.346716 0.007498 0.274260 -0.057116 0.253602 0.261151 0.360774 0.283216 0.843158 0.362148 0.284746 -0.234589 0.524331 0.048886 0.322016 -0.310994 0.059694 0.448025 -0.289894 0.564131 0.007738 -0.103966 -0.136088 -0.347940 -0.059502 0.190748 -0.363768 0.115535 -0.219516 0.120747 0.002890 0.087826 -0.073382 -0.055791 -0.197657 0.322537 -0.191212 -0.202290 0.330889 0.065389 0.085813 -0.051608
-0.031465 0.376990 -0.383900 0.278659 0.303958 0.133867 -0.320279 0.087335 -0.104775 0.205068 0.070595 0.506964 0.390745 0.489646 0.015313 1.000000 0.373741 0.182619 -0.328956 -0.221839 0.158855 0.046444 -0.584852 -0.300353 0.100391 -0.265276 0.071109 0.216775 0.370067 0.528394 -0.373835 0.073740 0.164594 0.358943 -0.520524 0.007688 0.071486 -0.149440 0.077100 0.332121 0.219671 0.372171 0.038744 -0.113147 0.061890 0.029034 -0.244381 -0.182322 0.077644 -0.150228 -0.040681 -0.133861 0.024307 -0.209828 -0.045240 -0.294804 0.150223 0.029386 0.296209 -0.043121 0.402057 0.535183 0.502928 0.491505 -0.181577 0.389195 -0.132100 0.010749 -0.171703 0.064592 -0.105017 0.175905 0.185802 -0.066493 0.084089 0.130183 -0.107220 0.101114 -0.007257 -0.109972 0.334745 0.225334 -0.002491 0.274217 -0.329834 -0.000114 -0.191367 0.372340 -0.102455 -0.013728 0.017944 -0.477564 0.185257 -0.376544 -0.333524 0.097591 -0.257717 -0.117410 -0.252247 -0.260785 0.039777 -0.169507 -0.013072 -0.319814 -0.165221 -0.180631 0.024404 -0.156991 -0.172826 -0.236735 -0.276855 -0.278465 -0.228358 -0.085424 -0.252022 -0.232276
0.477040 0.316310 -0.320121 -0.127435 0.060070 -0.311706 -0.131501 -0.339379 -0.097349 -0.379687 0.217711 -0.061107 0.373226 0.098052 0.302514 0.373741 1.000000 0.571175 0.081201 0.008626 0.178998 0.032671 -0.152306 -0.121639 0.099607 -0.318052 -0.144945 -0.095431 0.539414 0.450050 -0.184634 -0.074041 0.472996 0.291965 -0.331168 -0.389238 0.268673 0.377984 0.378274 0.266278 0.325068 0.388440 -0.076450 0.025890 -0.024315 -0.064887 -0.048855 -0.264074 -0.034588 -0.008258 -0.340233 -0.162483 -0.108427 -0.151729 0.096405 -0.029219 0.565275 0.552613 0.325703 0.028146 0.415811 0.072598 0.633579 0.594514 -0.097742 -0.208018 -0.086387 -0.448076 0.088934 0.056262 0.001616 0.241217 0.425518 0.303801 0.353734 0.334420 0.228271 0.091176 0.620954 0.398196 0.633213 0.500612 0.202931 0.140958 -0.132444 -0.247576 0.130535 0.008910 0.046039 -0.145500 0.016822 -0.168730 -0.200197 0.104179 0.001626 0.197584 -0.267998 -0.386893 0.011883 0.066679 -0.059195 -0.031396 0.123496 -0.092427 -0.372152 -0.318235 -0.268661 -0.058734 0.034463 0.122512 -0.391730 -0.255067 0.165618 0.330126 0.035785 0.061645
0.336338 0.383906 -0.526070 -0.249302 -0.183506 -0.429383 -0.261814 -0.524387 -0.350936 -0.479892 0.067066 -0.098077 0.031448 -0.211222 0.208570 0.182619 0.571175 1.000000 0.061286 0.085022 0.134959 -0.009656 -0.035567 -0.186851 -0.002719 -0.280625 -0.349462 -0.295696 0.539642 0.541739 -0.199904 -0.329633 0.432168 0.073360 -0.249727 -0.346582 0.235867 0.410924 0.094591 0.090149 0.260786 0.194588 0.077448 0.015831 0.013905 -0.077370 0.040781 -0.183231 0.192792 0.161950 -0.092819 0.089172 0.095003 0.101034 0.161739 0.182475 0.400226 0.547149 0.341750 0.369314 0.016382 -0.133783 0.382886 0.355225 -0.380690 -0.369455 0.061608 -0.335453 0.153119 0.065671 -0.013817 0.069099 0.319350 0.102368 0.154020 0.146425 0.245620 0.226948 0.391909 0.321229 0.453323 0.540155 0.193699 0.292976 0.023933 -0.094831 0.167511 0.030806 -0.028125 -0.012340 0.010400 -0.023799 -0.352233 -0.026074 -0.002234 0.161006 -0.263226 -0.337807 0.273336 0.269075 -0.066659 -0.230560 0.146083 0.165413 -0.009958 0.000479 0.054774 0.007777 0.104462 0.089174 -0.283917 -0.183777 0.184583 0.271716 0.148710 0.129171
0.601670 0.006393 0.013072 -0.122377 0.069674 -0.084823 0.599625 -0.512738 -0.175489 -0.679209 -0.196851 -0.629652 -0.057218 -0.427124 0.517997 -0.328956 0.081201 0.061286 1.000000 0.738862 0.103627 0.211932 0.469988 0.267111 0.329152 0.340352 0.205153 0.055260 0.159479 0.266485 0.602299 0.146610 0.405142 0.102984 0.037244 -0.522847 -0.040506 0.174207 -0.033490 -0.294321 0.302663 -0.245259 0.066525 0.025135 0.058386 -0.008897 0.267568 -0.184805 -0.170069 0.219052 -0.556906 -0.182584 -0.086836 0.188288 -0.260295 -0.034311 0.280263 0.292198 -0.074406 -0.007539 -0.258852 -0.489130 0.166931 -0.261482 0.063639 -0.595949 -0.361142 -0.546589 0.378407 0.108265 0.151300 0.240279 0.373883 0.119550 0.384168 -0.048375 0.057069 -0.098751 0.115098 0.222492 0.158776 0.119891 0.525370 0.442966 0.112255 -0.269956 0.436267 0.096025 0.097148 -0.266049 0.175172 0.520240 -0.271923 0.524195 -0.149667 -0.212011 -0.290636 -0.334254 0.156122 0.210869 -0.268405 0.303612 0.007014 0.106284 -0.066175 0.068665 -0.084259 -0.248759 -0.167328 0.349580 -0.302352 -0.013991 0.379007 0.055524 -0.022571 -0.134732
0.567927 0.230752 -0.229279 0.108334 -0.008951 0.041333 0.438487 -0.446076 -0.260099 -0.506325 -0.245436 -0.425600 -0.282987 -0.439073 0.454337 -0.221839 0.008626 0.085022 0.738862 1.000000 0.071189 0.189004 0.489824 0.468579 0.418879 0.349245 0.201248 0.165152 0.077194 0.243448 0.398309 0.076782 0.277004 0.018489 0.079192 -0.376929 -0.078077 0.034549 -0.044559 -0.063980 0.083922 -0.279019 0.011694 -0.076422 0.072470 -0.079494 0.107194 -0.295780 -0.085607 0.118063 -0.474747 -0.223286 0.028175 0.215368 -0.282850 -0.104515 0.145269 0.198574 -0.181776 0.007619 -0.302243 -0.409010 0.108874 -0.220379 0.064912 -0.486318 -0.419946 -0.473840 0.490611 0.400848 0.176907 0.298295 0.155375 0.030250 0.259671 -0.121960 0.102304 0.073871 0.030922 0.146486 0.166442 0.196210 0.526235 0.549998 0.351151 -0.169560 0.553083 0.225302 0.247798 -0.050226 0.279578 0.514517 -0.147304 0.448159 -0.154436 0.043669 -0.357621 -0.312599 0.095466 0.092037 -0.199791 0.255588 0.055636 0.067519 -0.048952 -0.060845 -0.066291 -0.279370 -0.071544 0.508534 -0.288985 -0.098573 0.285435 0.142576 -0.133894 -0.137855
0.372227 -0.117233 0.000119 -0.174321 0.251677 0.264076 -0.075019 -0.253012 0.006251 -0.147121 0.101589 -0.232472 -0.038464 -0.205752 0.279837 0.158855 0.178998 0.134959 0.103627 0.071189 1.000000 0.748028 0.131523 -0.126246 0.150727 0.225464 0.402768 0.364721 0.143871 0.318585 0.020535 0.061836 0.208398 0.075611 -0.038385 -0.158007 0.159346 0.175711 0.331046 0.103702 0.340447 0.206192 -0.184307 -0.306020 -0.158486 -0.233771 -0.253671 -0.324831 -0.026301 -0.053337 -0.179267 -0.210213 -0.184034 -0.095682 0.257783 -0.160243 0.254953 0.314853 0.148877 0.007488 -0.004642 -0.234522 -0.004322 -0.089211 0.021042 -0.165077 -0.116303 -0.271334 0.009184 0.126781 0.410666 0.380251 0.366789 0.180503 0.357146 0.327117 0.302622 0.347821 0.144016 0.151697 0.170507 0.216515 0.390807 0.220211 0.059369 -0.049144 0.246409 0.098592 0.055623 -0.138310 -0.066886 0.066047 -0.144882 0.301489 -0.101032 0.058847 -0.054338 -0.031220 -0.069172 0.108430 -0.016924 0.031335 0.097554 0.230568 0.088946 0.149594 0.084247 -0.018696 -0.094086 0.293434 -0.026384 -0.116377 0.068542 0.125483 -0.034930 -0.066391
0.390224 -0.159352 0.206624 -0.192356 0.370249 0.445879 -0.018261 -0.149651 -0.023890 -0.150875 0.078944 -0.251731 0.013763 -0.222169 0.187196 0.046444 0.032671 -0.009656 0.211932 0.189004 0.748028 1.000000 0.158189 -0.074655 0.235207 0.444247 0.539530 0.498611 0.031721 0.149492 0.128502 0.099680 0.083897 -0.002783 0.013218 -0.154473 0.054775 0.122729 0.249628 0.048460 0.278519 0.039985 -0.169543 -0.217685 -0.156751 -0.191100 -0.204535 -0.215080 -0.084133 -0.078942 -0.124808 -0.168407 -0.180807 -0.133845 0.182423 -0.160114 0.124878 0.147589 -0.017844 -0.008567 -0.095510 -0.292742 -0.064580 -0.144469 -0.047924 -0.194599 -0.062530 -0.159132 0.059916 0.148582 0.285825 0.347473 0.213070 -0.040587 0.213634 0.140340 0.102853 0.243769 0.076077 0.032587 0.000758 0.035815 0.277706 0.075526 -0.077049 -0.140477 0.108951 -0.026640 -0.071064 -0.202158 -0.049926 0.129459 -0.128647 0.257606 -0.075822 0.026548 0.135447 0.166316 -0.048498 0.109212 -0.011293 0.196365 0.289285 0.346889 0.216839 0.211938 0.091219 0.000038 -0.090692 0.324503 0.137052 -0.001576 0.074997 0.133315 -0.047813 -0.077453
0.295451 -0.408298 0.366102 -0.322037 0.093120 0.049936 0.547273 -0.291366 0.281932 -0.276923 0.150300 -0.580386 -0.318712 -0.676291 0.479809 -0.584852 -0.152306 -0.035567 0.469988 0.489824 0.131523 0.158189 1.000000 0.571271 0.283679 0.505679 0.226768 0.071395 -0.123877 -0.208628 0.576921 -0.036659 -0.152945 -0.430737 0.582329 -0.221462 -0.098233 0.078432 0.199112 -0.285746 -0.027965 -0.262216 -0.173250 -0.134432 -0.199193 -0.274185 -0.070840 -0.276047 -0.085057 0.069672 -0.066726 -0.090044 -0.178214 0.116848 0.007337 0.013620 -0.029126 0.168921 -0.173895 -0.002590 -0.283135 -0.658711 -0.269486 -0.466408 0.412165 -0.540654 -0.189667 -0.356022 0.128027 -0.066510 0.209597 0.033336 0.071502 -0.012200 0.272065 -0.052611 0.210014 -0.085572 0.032627 0.141004 -0.124322 0.024503 0.557794 0.126120 0.617370 -0.049874 0.691859 -0.032068 0.480673 -0.095261 -0.139691 0.460455 -0.309926 0.648835 0.181674 -0.264748 0.081824 -0.205610 -0.046248 0.169500 -0.286005 0.039234 -0.221372 0.245067 0.183650 0.203969 0.006068 0.011415 -0.067591 0.438897 0.083915 -0.108703 0.176494 0.070558 0.097612 0.017093
0.143210 -0.005333 0.163686 0.452020 -0.191173 0.114934 0.625830 0.234401 0.133496 0.046117 -0.053418 -0.041699 -0.216591 -0.055490 0.133227 -0.300353 -0.121639 -0.186851 0.267111 0.468579 -0.126246 -0.074655 0.571271 1.000000 0.122808 0.305645 0.193097 0.181699 -0.374978 -0.240571 0.367473 0.344176 -0.183360 -0.151218 0.338428 -0.129331 -0.331674 -0.216318 0.053885 -0.024316 -0.300253 -0.091232 -0.197167 -0.117114 -0.111260 -0.166454 -0.159740 -0.309028 -0.151466 -0.142222 -0.182846 -0.202462 -0.092593 -0.008060 -0.285169 -0.205036 -0.241523 -0.210812 -0.136155 -0.068672 0.070777 -0.040040 0.048425 -0.048440 0.535262 -0.013612 -0.247277 -0.198902 0.181164 0.131743 0.036282 -0.022905 -0.290992 -0.060004 0.118705 0.008403 -0.176117 -0.215623 -0.038893 -0.055548 -0.198112 -0.203365 0.190840 0.316855 0.450009 0.071959 0.546767 0.253930 0.561739 0.248457 0.095934 0.219952 0.227456 0.297484 0.077248 0.083260 -0.250761 -0.258624 -0.218579 -0.290272 0.034375 0.062922 -0.116470 -0.178630 -0.317528 -0.323481 -0.379100 -0.239843 0.099956 0.410668 -0.201235 -0.279051 -0.001071 -0.087804 -0.179382 -0.013983
0.287532 -0.127717 -0.054702 -0.092716 0.534348 0.417783 0.295338 -0.271951 -0.079111 -0.150525 -0.234614 -0.430479 -0.159556 -0.301313 0.321160 0.100391 0.099607 -0.002719 0.329152 0.418879 0.150727 0.235207 0.283679 0.122808 1.000000 0.559283 0.350253 0.253752 0.182302 0.240587 0.482474 0.194377 0.304417 0.041847 -0.070488 -0.196900 0.048448 0.018240 -0.128200 -0.124230 0.215972 -0.240837 0.322901 0.211233 0.095093 0.219066 0.057627 0.054588 -0.364064 0.203789 -0.416471 -0.188003 -0.191631 0.098310 -0.425341 -0.123879 0.271381 0.339744 -0.295948 -0.250715 -0.348590 -0.424486 0.018311 -0.369294 0.063918 -0.375456 -0.505592 -0.253112 0.182149 0.240653 0.156478 0.281259 0.344280 -0.064159 0.285371 -0.115419 0.084556 -0.034044 0.152256 0.104259 0.256515 0.307858 0.241050 0.210505 0.037046 -0.158352 0.329104 0.103354 -0.063131 -0.408662 -0.181349 0.235183 -0.169752 0.168375 -0.177199 -0.140395 -0.208221 -0.312840 -0.085079 0.216521 -0.074070 0.223414 0.103830 0.011023 0.013324 -0.051104 -0.168207 -0.303989 -0.081674 -0.005048 -0.166826 -0.018736 0.180569 0.243752 -0.025962 -0.069119
0.195109 -0.391881 0.329340 -0.135154 0.337013 0.716199 0.293296 -0.014665 0.016272 0.064937 -0.261546 -0.437068 -0.521546 -0.453750 0.078270 -0.265276 -0.318052 -0.280625 0.340352 0.349245 0.225464 0.444247 0.505679 0.305645 0.559283 1.000000 0.645284 0.602933 -0.357665 -0.103124 0.668290 0.263042 -0.084371 -0.081805 0.358881 0.069297 -0.204594 -0.100155 0.000981 -0.069313 -0.035133 -0.253376 0.122240 0.006822 -0.037717 0.004391 -0.066658 0.019424 -0.151693 0.032016 -0.000625 -0.083496 -0.125105 0.111887 -0.239133 -0.170927 0.060004 0.084459 -0.326077 -0.240233 -0.497563 -0.516739 -0.446216 -0.635687 0.136781 -0.237026 -0.211205 -0.014809 -0.037590 0.023030 0.153395 0.322186 0.032074 -0.205489 0.188681 -0.014327 0.001497 0.041744 -0.076742 -0.083690 -0.216297 -0.133512 0.235765 0.109986 0.181773 0.084083 0.325218 0.221681 -0.104711 -0.243417 -0.146530 0.191936 -0.009331 0.270156 -0.130491 -0.294958 0.181049 0.139738 -0.144015 0.106044 0.019071 0.096168 0.036208 0.039567 0.115919 0.163812 -0.060149 -0.266442 -0.301183 0.266627 0.202019 0.037656 0.046463 -0.000120 -0.253553 -0.339342
0.260455 -0.239375 0.334176 -0.012967 0.565791 0.790524 0.271766 0.102710 0.092501 0.139762 0.037433 -0.225806 -0.111672 -0.197486 0.160535 0.071109 -0.144945 -0.349462 0.205153 0.201248 0.402768 0.539530 0.226768 0.193097 0.350253 0.645284 1.000000 0.866982 -0.218539 0.060255 0.415622 0.257658 -0.230426 -0.062218 0.079149 -0.096118 -0.329699 -0.267140 0.104913 0.042666 -0.036332 -0.131554 0.030040 -0.024301 -0.016031 -0.041230 -0.064127 -0.032332 -0.032775 0.005083 -0.020357 -0.000818 0.023944 0.080009 -0.040097 -0.344290 0.053570 -0.035357 -0.240446 -0.200651 -0.111168 -0.254056 -0.128258 -0.250313 0.209419 -0.106146 -0.351149 -0.178455 -0.206499 0.008587 0.252324 0.435411 0.079600 -0.080347 0.271895 0.110333 0.117169 -0.019646 -0.064498 -0.061597 -0.218803 -0.220249 0.214953 0.078922 -0.026605 -0.137844 0.262880 0.218620 -0.030111 -0.191124 0.039823 0.186562 0.144385 0.297611 -0.288142 -0.140350 0.097764 0.038537 -0.235182 0.084998 0.035979 0.306216 0.122819 -0.007645 -0.061689 -0.101786 -0.140474 -0.186239 -0.302601 0.264649 0.028190 -0.113227 0.079370 -0.041022 -0.390842 -0.399384
0.260890 -0.066124 0.179994 0.094062 0.393775 0.822259 0.094267 0.137075 -0.064393 0.191271 -0.085629 -0.065740 -0.207423 -0.101528 -0.002311 0.216775 -0.095431 -0.295696 0.055260 0.165152 0.364721 0.498611 0.071395 0.181699 0.253752 0.602933 0.866982 1.000000 -0.271207 0.136116 0.189289 0.308933 -0.258807 0.095894 0.036701 0.052468 -0.294155 -0.303750 0.167635 0.314232 -0.085773 -0.030314 0.090295 -0.015730 0.130597 0.037231 -0.130508 -0.065984 0.132412 -0.023904 0.045406 0.014562 0.147225 0.062267 -0.077877 -0.262515 0.104658 -0.069389 -0.158089 -0.219487 -0.042724 -0.107382 -0.025177 -0.107424 0.115479 0.035312 -0.279286 -0.096221 -0.237064 0.012578 0.116844 0.520412 0.022722 -0.157773 0.207101 0.217195 0.081127 0.116258 -0.186051 -0.121911 -0.158066 -0.229558 0.153687 0.177859 -0.074138 -0.092639 0.233223 0.462187 -0.123311 -0.119052 0.186137 0.002206 0.181461 0.160223 -0.405061 0.039421 0.031234 0.126043 -0.218675 0.022743 0.126480 0.133802 0.118498 -0.203478 -0.168393 -0.201355 -0.195074 -0.333753 -0.283091 0.350631 0.018739 -0.068417 0.018031 -0.032186 -0.615465 -0.521032
0.380922 0.194526 -0.319909 -0.364316 0.276370 -0.381465 -0.162344 -0.531759 -0.077071 -0.492757 0.394324 -0.089963 0.496118 -0.087115 0.579442 0.370067 0.539414 0.539642 0.159479 0.077194 0.143871 0.031721 -0.123877 -0.374978 0.182302 -0.357665 -0.218539 -0.271207 1.000000 0.499102 -0.202776 -0.277207 0.464083 0.140280 -0.405559 -0.406452 0.399220 0.282319 0.132793 -0.121436 0.494196 0.148818 0.018323 -0.034345 -0.019749 -0.093351 -0.015327 -0.226791 -0.062853 0.070057 -0.254115 -0.101821 -0.137996 -0.029932 0.075422 -0.001342 0.375784 0.355700 0.343833 0.137328 0.206645 -0.065186 0.476111 0.321470 -0.351055 -0.371837 -0.119900 -0.392505 0.116971 -0.011585 0.082225 0.110551 0.610942 0.035683 0.232236 -0.091775 0.150056 0.016741 0.412665 0.287032 0.692915 0.650548 0.329889 0.170822 -0.064304 -0.199015 -0.004441 -0.167566 -0.040824 -0.307508 -0.058966 0.070008 -0.425767 0.034497 0.045724 0.081261 -0.307467 -0.453144 0.036901 0.160134 -0.322599 -0.012442 -0.077715 0.117337 -0.001327 0.027661 0.016767 0.158620 0.108658 -0.108028 -0.290190 -0.182365 0.205684 0.218258 0.305850 0.273008
0.428291 0.454923 -0.523531 -0.050867 0.132664 -0.096600 -0.077697 -0.501268 -0.381336 -0.472235 -0.102548 -0.044595 0.140130 -0.016762 0.265676 0.528394 0.450050 0.541739 0.266485 0.243448 0.318585 0.149492 -0.208628 -0.240571 0.240587 -0.103124 0.060255 0.136116 0.499102 1.000000 -0.031080 0.083926 0.430671 0.369669 -0.485622 -0.345843 0.110679 0.098675 -0.016412 0.138104 0.362132 0.011590 0.280902 -0.011139 0.215448 0.045536 0.115035 -0.205879 0.165327 0.204742 -0.353047 -0.045188 0.170171 0.171457 -0.053756 -0.023699 0.472099 0.433781 0.227943 0.134703 0.002242 -0.074948 0.502127 0.290366 -0.265401 -0.267395 -0.349932 -0.510077 0.064363 0.072645 0.151729 0.438025 0.516354 0.220471 0.317906 0.176489 0.215383 0.341483 0.164904 0.237306 0.538831 0.510342 0.280675 0.594703 -0.174060 -0.228572 0.147818 0.373257 -0.155115 -0.164791 0.155697 -0.011901 -0.252207 -0.014114 -0.394634 0.040504 -0.436077 -0.272551 0.103022 0.202524 -0.134861 -0.046089 0.026417 -0.145569 -0.149931 -0.129570 0.056093 -0.240794 -0.174832 0.143516 -0.428514 -0.143843 0.263818 0.168879 -0.230238 -0.237654
0.197751 -0.349676 0.352950 -0.117383 0.289717 0.307756 0.642046 -0.083997 0.205369 -0.141658 -0.124934 -0.496213 -0.221225 -0.352981 0.291680 -0.373835 -0.184634 -0.199904 0.602299 0.398309 0.020535 0.128502 0.576921 0.367473 0.482474 0.668290 0.415622 0.189289 -0.202776 -0.031080 1.000000 0.365243 0.074375 0.002558 0.310676 -0.178985 -0.237615 -0.020665 -0.075681 -0.351875 0.033607 -0.248178 0.117593 0.083997 -0.081319 0.022314 0.174414 0.051177 -0.376860 0.071139 -0.234175 -0.200538 -0.204911 0.107053 -0.368764 -0.187695 0.010447 0.203866 -0.415519 -0.290891 -0.429840 -0.513050 -0.283238 -0.556196 0.384218 -0.341177 -0.370000 -0.220032 0.080149 -0.057713 0.191439 0.155633 0.113468 0.036961 0.278678 0.080379 -0.018050 -0.101323 0.066795 0.077166 -0.163270 -0.062144 0.265784 0.139140 0.208343 -0.043096 0.443303 0.009180 0.098449 -0.248016 -0.223865 0.299413 -0.093223 0.387414 0.005204 -0.346732 -0.004541 -0.095643 -0.150287 0.052283 -0.205380 0.190714 -0.106892 -0.028036 -0.049161 0.035994 -0.203226 -0.178811 -0.190597 0.216449 -0.004686 0.051127 0.221488 -0.065507 -0.000686 -0.124322
0.000049 -0.037063 0.115218 0.289848 0.015288 0.238486 0.332691 0.232874 0.021817 0.041160 -0.273825 -0.014682 0.095579 0.321315 -0.119413 0.073740 -0.074041 -0.329633 0.146610 0.076782 0.061836 0.099680 -0.036659 0.344176 0.194377 0.263042 0.257658 0.308933 -0.277207 0.083926 0.365243 1.000000 -0.025203 0.397547 -0.034680 0.111642 -0.002607 -0.184421 -0.132746 -0.102543 -0.065997 -0.099891 0.208053 0.076845 0.176832 0.182589 0.079970 -0.026492 -0.267687 -0.076524 -0.438198 -0.278917 -0.009975 -0.004207 -0.376114 -0.213784 -0.087806 -0.123713 -0.193263 -0.261490 0.001461 0.080314 0.056799 -0.067649 0.286817 0.132816 -0.339876 -0.072980 -0.038900 0.009081 0.080821 0.172272 0.080080 0.024557 -0.006000 0.102636 -0.240675 0.133290 -0.073468 0.003672 0.041722 -0.027902 -0.139447 0.163554 -0.246026 -0.306534 0.085431 0.101454 -0.153645 -0.247938 0.008438 0.022112 0.172773 -0.021898 -0.103152 0.069902 -0.266528 -0.008659 -0.132218 -0.207124 0.142498 0.164729 0.036277 -0.204701 -0.236138 -0.265184 -0.195180 -0.145329 0.092313 0.189295 -0.109554 0.098741 0.153700 -0.022878 -0.161034 -0.031155
0.434557 0.294995 -0.438744 -0.007197 -0.066311 -0.253697 -0.033510 -0.431082 -0.389987 -0.447475 -0.212864 -0.235126 0.082198 -0.034184 0.226985 0.164594 0.472996 0.432168 0.405142 0.277004 0.208398 0.083897 -0.152945 -0.183360 0.304417 -0.084371 -0.230426 -0.258807 0.464083 0.430671 0.074375 -0.025203 1.000000 0.446598 -0.332073 -0.317228 0.375626 0.465620 0.052158 -0.015418 0.413941 0.223604 0.061042 -0.009788 -0.013787 0.057097 0.094894 -0.105418 -0.259348 0.035638 -0.517949 -0.311126 -0.248688 -0.111906 -0.178179 -0.010956 0.436982 0.546784 0.132675 0.034568 -0.085634 -0.008756 0.334950 0.107369 -0.285442 -0.243916 -0.119971 -0.292045 0.386778 0.283545 0.073925 0.120442 0.512318 0.266789 0.423482 0.108738 0.074089 0.095728 0.502102 0.344246 0.552804 0.559752 0.184012 0.270271 -0.086832 -0.058639 -0.019191 -0.031888 -0.095183 -0.202261 -0.065353 -0.049347 -0.235333 -0.022407 0.022641 0.148746 -0.334277 -0.303385 0.122664 0.048436 -0.111731 -0.004578 0.213790 0.074856 -0.120408 -0.075989 -0.093593 -0.142795 0.089126 0.004664 -0.322233 -0.005944 0.128973 0.188106 0.197425 0.143811
0.212714 0.342680 -0.098222 0.210273 0.090945 0.052857 -0.021819 0.054009 -0.092460 0.037474 -0.141578 0.279060 0.213310 0.427188 -0.132971 0.358943 0.291965 0.073360 0.102984 0.018489 0.075611 -0.002783 -0.430737 -0.151218 0.041847 -0.081805 -0.062218 0.095894 0.140280 0.369669 0.002558 0.397547 0.446598 1.000000 -0.228095 0.171157 0.079498 0.064993 0.011760 0.207069 0.110760 0.289690 0.090397 -0.093407 0.117194 0.105441 -0.150847 -0.094076 -0.191036 -0.320973 -0.222481 -0.509040 -0.184571 -0.370412 -0.422455 -0.430534 0.086935 0.139322 0.024125 -0.444751 0.214209 0.349233 0.303637 0.232338 0.010585 0.314791 -0.010644 0.111477 0.031845 0.049472 -0.165476 0.277940 0.250438 -0.011736 0.272157 0.278303 -0.063441 0.280816 -0.017195 0.094887 0.229367 0.164201 -0.178831 0.187164 -0.247684 0.043186 -0.154264 0.147170 -0.184639 -0.167113 -0.130677 -0.334283 0.017782 -0.135792 -0.183043 0.252222 -0.267080 -0.059929 -0.320866 -0.347797 0.102023 0.092381 0.046775 -0.341097 -0.387981 -0.302973 -0.315213 -0.262032 0.035124 0.092883 0.001597 0.049683 -0.010561 0.069521 -0.235200 -0.105972
-0.150383 -0.445068 0.475744 -0.242131 0.015293 0.121144 0.196188 0.083716 0.515310 0.255184 0.141078 -0.154374 -0.282474 -0.333131 -0.043737 -0.520524 -0.331168 -0.249727 0.037244 0.079192 -0.038385 0.013218 0.582329 0.338428 -0.070488 0.358881 0.079149 0.036701 -0.405559 -0.485622 0.310676 -0.034680 -0.332073 -0.228095 1.000000 0.415065 -0.021950 0.110256 0.310585 -0.021759 -0.114474 -0.008875 -0.334602 -0.289065 -0.368971 -0.318089 -0.295695 -0.138749 -0.213362 -0.361422 0.230028 -0.286609 -0.275088 -0.228241 0.042274 -0.118117 -0.232735 -0.108676 -0.300576 -0.300883 -0.137110 -0.263710 -0.511165 -0.410092 0.537709 0.037989 0.235636 0.285408 0.020884 -0.137902 0.025278 -0.112585 -0.169009 -0.017766 0.096952 0.032873 0.059995 -0.023268 -0.230151 -0.023165 -0.385749 -0.186556 0.088384 -0.301574 0.459266 0.181643 0.336678 -0.140949 0.316874 0.056019 -0.349285 0.056496 -0.024289 0.324588 0.348100 -0.158544 0.357116 0.158201 -0.289529 -0.246688 -0.087333 -0.006590 -0.190592 0.213063 0.285767 0.334238 0.023034 0.219971 0.050019 0.178988 0.489892 0.159846 -0.144100 -0.032002 0.127195 0.092166
-0.521528 -0.206310 0.125808 0.041513 -0.093227 0.215017 -0.336453 0.388270 0.187357 0.617255 -0.126771 0.395046 -0.248401 0.228479 -0.590868 0.007688 -0.389238 -0.346582 -0.522847 -0.376929 -0.158007 -0.154473 -0.221462 -0.129331 -0.196900 0.069297 -0.096118 0.052468 -0.406452 -0.345843 -0.178985 0.111642 -0.317228 0.171157 0.415065 1.000000 0.121789 -0.144405 0.073004 0.265721 -0.155913 0.115088 -0.063488 -0.152780 -0.051526 0.066318 -0.306622 0.134267 -0.109634 -0.374037 0.434587 -0.154894 -0.090347 -0.223237 -0.074709 -0.170287 -0.296371 -0.378460 -0.165774 -0.406446 -0.066055 0.301602 -0.444092 -0.240270 0.138912 0.608833 0.398558 0.798878 -0.219004 -0.114669 -0.180420 -0.166818 -0.252734 -0.247424 -0.187584 -0.048302 -0.113712 0.241311 -0.365672 -0.299033 -0.319855 -0.186149 -0.416012 -0.393060 0.052196 0.361038 -0.248059 -0.017234 -0.120126 0.132065 -0.286006 -0.476596 0.165004 -0.373534 0.136597 0.012106 0.264596 0.362082 -0.305831 -0.410633 0.183179 -0.210785 -0.098566 -0.187367 0.113916 0.162638 0.068119 0.129819 0.081696 -0.207401 0.546317 0.317073 -0.276549 -0.062671 -0.001374 0.048312
