1.000000 0.198823 0.314315 0.013547 0.209718 -0.166781 0.348018 0.023991 -0.089546 -0.137463 0.328828 -0.025081 0.167824 -0.005532 0.161533 0.224634 0.163279 -0.001523 0.427020 0.074580 -0.047576 -0.095100 -0.005645 -0.054926 -0.111521 -0.138990 0.076673 -0.093507 -0.012848 -0.312260 -0.088588 -0.126243 0.099298 -0.031852 0.147921 -0.344382 -0.095753 -0.056610 -0.143183 -0.124767 -0.131627 -0.053708 -0.446546 -0.365993 0.147897 -0.196981 -0.231974 -0.414086 0.154638 0.012656 0.019403 -0.154193 0.035824 -0.202866 0.238950 -0.376222 0.208397 0.161484 0.338078 0.320120 0.440538 0.369599 0.358729 0.207382 0.384006 0.073520 0.293893 0.099054 0.474213 0.059941 -0.156211 -0.172581 -0.090890 -0.127169 0.068193 0.018395 0.086590 -0.286451 -0.166525 -0.204170 -0.022508 -0.097181 0.107489 0.025390 -0.130935 -0.149602 0.119289 -0.164024 -0.010274 0.051118 0.208176 0.092906 -0.182314 0.029420 -0.096401 -0.424651 -0.001676 -0.531612 -0.084851 -0.112697 0.316947 0.353490 0.284744 0.386290 0.310522 -0.008070 0.105145 0.167775 -0.217177 -0.142353 -0.341726 -0.284827 -0.164238 0.150790 0.137248 -0.123429
0.198823 1.000000 0.034733 0.573952 0.140192 -0.048740 0.153132 0.649119 0.152956 0.445270 0.111870 0.810438 0.212456 0.654157 0.060315 0.330862 -0.345846 0.363939 -0.176509 -0.088540 -0.449186 -0.318239 -0.385181 -0.305921 -0.287946 -0.173310 -0.285572 -0.362813 -0.337606 -0.051170 -0.060852 -0.145549 -0.155263 -0.107537 -0.154221 -0.103506 -0.385157 -0.470470 -0.524636 -0.208739 -0.400448 -0.340185 -0.227644 -0.163526 0.013926 0.305125 -0.349549 -0.247930 0.052099 0.141448 -0.071980 0.479511 -0.137916 -0.111311 -0.476527 -0.373113 -0.251443 -0.259974 -0.051780 0.095820 -0.065505 0.417723 0.074193 0.243700 0.308601 0.821052 -0.159984 0.182993 -0.094046 -0.098083 -0.389590 -0.210412 -0.284154 -0.518536 -0.303667 -0.128423 -0.404369 -0.212606 -0.283444 -0.247280 -0.091951 -0.267804 -0.334508 0.066587 0.149521 0.312475 -0.295151 0.130403 -0.143100 0.347355 0.140117 -0.074917 0.079680 -0.357252 -0.208154 0.068375 -0.118850 -0.031331 -0.040893 -0.094794 0.440648 -0.223220 0.189608 -0.410206 -0.037470 -0.125789 0.071841 0.169220 0.243028 -0.200597 -0.355049 -0.071919 -0.230679 -0.023078 -0.033703 -0.209182
0.314315 0.034733 1.000000 0.321236 0.166590 0.174707 0.553710 0.287969 0.240391 0.085540 0.471673 0.102667 0.367663 0.028954 0.364863 0.052712 -0.101669 -0.156420 0.468232 -0.158339 0.073102 -0.039359 0.561802 0.441228 0.169708 0.212812 0.094416 0.143860 -0.091243 -0.447428 0.219584 0.155056 0.334200 -0.012159 0.041557 0.142750 -0.186673 -0.167288 -0.058820 -0.399419 -0.328700 -0.052090 0.035286 0.137321 0.233505 0.114959 -0.009207 -0.017696 0.239963 -0.167636 0.388367 0.025546 0.271909 0.031894 -0.021396 -0.280669 -0.363370 -0.272776 -0.301000 -0.271468 -0.172175 -0.193800 -0.001715 -0.185600 0.283958 0.009568 0.124453 0.182529 -0.104516 0.189913 0.045133 -0.016537 -0.313109 -0.147729 -0.061144 0.066427 -0.074838 -0.173468 -0.451471 -0.165611 -0.468640 -0.564558 -0.053050 -0.220398 -0.119540 -0.206310 0.050730 -0.216983 0.226693 -0.147231 0.232218 -0.029990 0.125936 0.181145 -0.021032 -0.326119 -0.008242 -0.312434 -0.032311 -0.038502 0.181322 0.447747 -0.060645 0.126722 0.082568 -0.148161 -0.219880 -0.012805 -0.236564 -0.036801 0.091183 -0.231912 -0.124302 -0.003328 0.026301 -0.157759
0.013547 0.573952 0.321236 1.000000 0.335279 0.228746 0.228701 0.815846 0.359953 0.579393 0.077019 0.526650 0.202426 0.521412 0.283863 0.494639 -0.332745 0.035757 0.209933 0.110838 -0.097390 -0.096368 0.230098 0.261046 0.069147 0.269685 0.042923 0.070873 -0.274239 -0.137000 0.193556 0.229963 -0.172498 -0.063251 -0.311992 0.163929 -0.459757 -0.415885 -0.418708 -0.185231 -0.478405 -0.126086 -0.129167 0.027321 -0.226809 0.248276 -0.464825 -0.149452 -0.151486 -0.195391 -0.032812 0.280700 -0.140629 -0.047821 -0.525328 -0.238502 -0.379951 -0.402996 -0.377542 -0.224653 -0.409893 -0.066066 -0.057286 -0.056558 0.232901 0.578736 -0.440567 0.009520 -0.291496 0.121143 -0.185548 -0.065344 -0.485157 -0.264344 -0.322641 0.015642 -0.460970 -0.188208 -0.354548 -0.295708 -0.436373 -0.566700 -0.125549 0.094185 0.097352 0.128826 -0.219949 0.190905 0.299913 0.206307 -0.014740 -0.043756 0.194421 -0.186286 -0.293990 -0.179473 -0.192688 -0.067306 -0.197846 -0.089911 0.315739 -0.032721 0.053260 -0.384945 -0.193997 -0.146034 -0.028902 -0.073761 -0.139142 -0.104231 -0.150551 -0.160970 -0.303757 -0.134592 -0.135898 -0.258940
0.209718 0.140192 0.166590 0.335279 1.000000 0.015324 0.360233 0.372885 0.525266 0.323454 0.059915 0.007367 0.158002 0.208376 0.480488 0.540961 0.034497 0.054895 0.199198 0.102699 0.115006 0.025706 -0.024459 0.009439 0.089261 0.124585 0.345346 0.328383 -0.050102 -0.055285 0.073411 -0.017258 -0.118634 -0.149720 -0.167756 -0.040295 -0.063496 -0.178211 -0.072733 -0.264565 0.044190 0.101346 -0.221544 -0.224649 -0.093896 -0.021915 -0.334413 -0.250932 -0.034754 -0.115771 -0.096949 -0.030027 -0.327158 -0.002952 -0.406415 -0.321909 0.093097 -0.073572 0.002349 -0.031007 0.010784 0.085667 0.160696 0.115716 0.132376 0.164094 -0.252823 -0.184167 0.075546 0.159586 0.026139 0.162058 -0.057206 -0.054956 -0.141600 0.049450 -0.159872 -0.197491 -0.111230 -0.225923 -0.084676 -0.231595 0.168285 0.229923 -0.012770 -0.075965 -0.229422 -0.350224 -0.103471 0.062289 -0.013107 0.070879 0.150821 -0.027331 -0.527983 0.062137 -0.238421 -0.207983 -0.050643 0.151819 0.136227 0.175555 0.039949 0.082136 0.153879 0.112013 -0.176385 -0.051916 0.080847 -0.275464 -0.291314 0.089333 0.018947 0.177555 0.199334 0.031141
-0.166781 -0.048740 0.174707 0.228746 0.015324 1.000000 -0.294657 0.095707 -0.003059 0.105917 -0.098062 0.044192 -0.341982 -0.288295 -0.237395 -0.149241 -0.298389 -0.493352 0.005002 -0.228713 0.097993 0.318114 0.230114 0.276806 0.189733 0.236867 0.256097 0.597454 -0.342990 -0.398186 0.045952 0.039292 -0.097800 -0.316312 -0.264089 0.478423 -0.348116 -0.173245 0.046953 0.086432 -0.119226 -0.171831 0.267685 0.487895 0.205911 0.430267 0.148235 0.104426 0.042114 0.011512 0.347470 0.275966 0.291005 -0.050148 -0.049277 0.045982 -0.201343 -0.287939 -0.200393 0.056897 -0.337312 -0.381032 -0.374062 -0.459567 -0.176446 -0.074501 0.135599 0.392832 -0.078983 0.275602 0.213950 -0.134044 -0.476771 -0.244352 -0.366047 -0.162520 -0.313235 0.161040 -0.120263 0.004816 -0.384241 -0.444062 0.040971 -0.153511 -0.014942 0.004694 0.028918 0.224924 0.370737 0.004505 -0.130613 -0.372763 0.262545 0.195316 0.176171 0.008553 0.086546 0.108441 -0.323864 -0.345089 -0.109492 -0.036418 -0.226050 -0.077545 -0.034750 0.094140 -0.165566 0.002604 0.026879 0.181245 0.290508 -0.316829 -0.166240 -0.213372 -0.038315 0.185787
0.348018 0.153132 0.553710 0.228701 0.360233 -0.294657 1.000000 0.404941 0.216841 0.133837 0.212974 0.091125 0.413611 0.334853 0.425634 0.251534 0.028401 0.216344 0.307699 0.089019 0.090712 -0.219410 0.206289 0.263014 -0.058909 -0.005100 -0.135739 -0.160262 0.133721 -0.034069 0.313732 0.241005 0.209782 0.176800 0.137802 -0.246073 0.069094 -0.066838 0.054957 -0.326265 -0.144936 0.139918 -0.173111 -0.290158 -0.010573 -0.079238 -0.321501 -0.231511 -0.000377 -0.078096 -0.226028 -0.166953 -0.123194 0.031796 -0.133486 -0.495519 -0.015677 -0.095636 0.038862 -0.113297 0.145366 0.225647 0.211715 0.217596 0.158758 0.221192 -0.025573 -0.103867 0.040045 0.085221 -0.060914 0.143832 -0.016900 -0.028946 -0.086609 0.102053 -0.145397 -0.239701 -0.160401 -0.102224 -0.054179 -0.135489 0.145679 0.273618 0.026985 -0.077137 -0.051093 -0.165946 -0.091560 0.072805 0.181662 0.167012 -0.078444 -0.097824 -0.528622 -0.244711 -0.400919 -0.454335 0.078604 0.132057 0.260469 0.286888 0.029621 0.000482 0.044089 -0.214572 -0.255992 0.040345 -0.083480 -0.277161 -0.345798 -0.013717 0.018028 0.114871 0.089489 -0.267221
0.023991 0.649119 0.287969 0.815846 0.372885 0.095707 0.404941 1.000000 0.242843 0.691132 -0.036860 0.589114 0.182613 0.658549 0.203325 0.478313 -0.337468 0.136562 -0.004964 -0.038115 -0.150866 -0.045150 -0.029533 0.051915 0.094421 0.250927 -0.014179 -0.048634 -0.273791 -0.029458 0.360467 0.292746 -0.144169 -0.079506 -0.144397 0.037286 -0.391658 -0.362920 -0.393715 -0.232347 -0.476014 -0.110868 -0.174887 -0.072017 -0.175887 0.288051 -0.501532 -0.203771 -0.160213 -0.068440 -0.122416 0.361608 -0.253165 -0.057633 -0.579401 -0.359621 -0.345226 -0.512682 -0.204725 -0.156699 -0.274976 0.078662 0.060544 0.080266 0.180739 0.718873 -0.400973 0.068676 -0.287629 -0.038611 -0.179726 0.069092 -0.389747 -0.229102 -0.454683 0.009091 -0.493601 -0.189359 -0.221265 -0.321850 -0.367179 -0.489861 -0.094437 0.197340 -0.006897 0.138888 -0.337478 0.044111 -0.018449 0.173827 -0.027521 -0.050583 0.096752 -0.278919 -0.379542 -0.075546 -0.361221 -0.100388 -0.144125 -0.098832 0.467241 0.000067 0.227878 -0.332912 -0.063145 -0.080716 -0.054507 0.054844 -0.004770 -0.131605 -0.319792 -0.109226 -0.296651 -0.105969 -0.055313 -0.207870
-0.089546 0.152956 0.240391 0.359953 0.525266 -0.003059 0.216841 0.242843 1.000000 0.286155 0.198945 0.033823 0.429140 0.376603 0.568375 0.357565 -0.058341 0.075068 0.128051 0.000703 -0.053547 -0.231262 0.128132 0.028547 0.105395 -0.040932 0.024155 -0.016798 -0.082743 -0.046957 -0.247020 -0.277495 -0.085476 -0.185706 -0.258578 0.077375 0.020527 -0.197174 -0.056534 -0.229476 -0.007235 0.007217 -0.082379 -0.121504 -0.067550 -0.051733 -0.001517 0.043186 0.149517 -0.104608 -0.081059 0.093321 -0.296618 0.333717 -0.366562 -0.093619 -0.120831 -0.111675 -0.136086 -0.231514 -0.079773 -0.000941 0.107677 0.105198 0.241146 0.176921 -0.299737 -0.290447 -0.159021 0.175254 0.014502 -0.078330 -0.198062 -0.169670 0.077608 0.025089 -0.104834 -0.122211 -0.437324 -0.251564 -0.000303 -0.183989 0.064256 -0.001902 0.087901 -0.085012 -0.093183 -0.053704 -0.006719 0.065977 0.329899 0.296058 0.392141 0.173037 -0.248424 0.056964 -0.047847 0.117171 0.225429 0.356446 -0.003987 0.070871 -0.165321 -0.182266 -0.136367 -0.133030 -0.216071 -0.112639 0.027736 -0.073717 0.056817 0.175456 0.207656 0.202779 0.172829 -0.042637
-0.137463 0.445270 0.085540 0.579393 0.323454 0.105917 0.133837 0.691132 0.286155 1.000000 -0.182185 0.363582 0.022188 0.476681 0.090785 0.351086 -0.450750 -0.019192 -0.165867 -0.024179 -0.099166 -0.136850 -0.147491 -0.125201 0.029899 0.106819 -0.106372 -0.087974 -0.273764 0.094486 0.104101 0.052745 -0.278767 -0.072629 -0.271932 0.029879 -0.333753 -0.390853 -0.355610 -0.123737 -0.279427 -0.050078 -0.055440 -0.030671 -0.128314 0.234163 -0.247116 -0.156171 -0.048443 -0.076334 -0.109245 0.279442 -0.215907 0.002972 -0.479357 -0.155102 -0.240840 -0.368485 -0.165249 -0.154335 -0.255924 -0.004360 -0.055392 -0.016481 0.059989 0.600960 -0.513271 -0.019185 -0.344123 0.003204 -0.078055 0.045730 -0.180760 -0.197415 -0.344731 0.056235 -0.448313 -0.043425 -0.125358 -0.132090 -0.199080 -0.262817 -0.028008 0.197168 0.200677 0.233409 -0.274433 0.168740 -0.070367 -0.025301 0.009787 -0.060055 0.323475 -0.076563 -0.175611 0.127838 -0.294034 0.042215 -0.023326 -0.018368 0.348435 -0.003804 0.114131 -0.408491 -0.178405 -0.063677 -0.003648 -0.243562 0.050862 -0.127984 -0.194397 -0.012182 -0.150175 -0.134418 -0.030704 -0.031707
0.328828 0.111870 0.471673 0.077019 0.059915 -0.098062 0.212974 -0.036860 0.198945 -0.182185 1.000000 0.185062 0.598455 0.078368 0.442588 0.011653 0.137280 0.027624 0.148689 -0.251005 -0.217586 -0.232608 0.381481 0.069190 -0.065053 -0.093609 -0.112750 -0.091257 0.208190 -0.341827 -0.164619 -0.236402 0.280231 -0.035003 -0.065735 0.265817 -0.053131 -0.124125 -0.045360 -0.254360 -0.175956 -0.108035 -0.115039 0.035765 0.410554 0.121132 0.002714 -0.023946 0.524299 -0.119824 0.536813 0.131854 0.221834 -0.265929 0.092323 -0.270416 -0.337397 -0.160202 -0.357134 -0.265970 -0.051952 -0.050209 0.045749 -0.058862 0.436648 -0.028579 0.107531 0.145533 -0.138369 -0.047736 -0.119696 -0.165466 -0.168820 -0.155250 0.132285 0.084467 0.188640 -0.033024 -0.306439 -0.178744 -0.133646 -0.322144 -0.099755 -0.364545 0.065411 -0.047005 0.146346 -0.272750 0.157510 -0.125790 0.012512 -0.158552 -0.002891 0.161631 0.088351 -0.089884 0.111700 -0.076593 -0.194438 -0.151635 0.035101 0.364607 -0.078535 0.136344 0.112480 -0.121177 -0.076007 0.037400 0.026014 0.205205 0.245401 -0.222068 -0.241990 0.025711 0.025615 -0.066047
-0.025081 0.810438 0.102667 0.526650 0.007367 0.044192 0.091125 0.589114 0.033823 0.363582 0.185062 1.000000 0.159880 0.566041 0.024358 0.210146 -0.382230 0.324748 -0.305432 -0.268884 -0.352021 -0.130340 -0.144094 -0.079505 -0.042096 0.068604 -0.171922 -0.280396 -0.209953 0.026752 0.130842 0.028040 -0.012438 -0.066073 -0.207124 0.187901 -0.402273 -0.318915 -0.433518 -0.133649 -0.412855 -0.284868 0.004447 0.132805 0.155226 0.544559 -0.232846 -0.092236 0.118612 0.052142 0.154013 0.502107 0.029714 -0.270149 -0.498483 -0.276190 -0.350180 -0.387951 -0.309926 -0.131851 -0.284899 0.129586 -0.125211 0.034717 0.180393 0.671388 -0.199283 0.279122 -0.358431 -0.217561 -0.265397 -0.105565 -0.241941 -0.385703 -0.166920 -0.074280 -0.302695 -0.030904 -0.270032 -0.180185 -0.269890 -0.380048 -0.436424 -0.118315 0.204105 0.446465 -0.241814 0.150725 -0.001098 0.276927 -0.121508 -0.373793 -0.053837 -0.437453 -0.041426 0.147875 -0.087858 0.031400 -0.233840 -0.365343 0.365733 -0.199079 0.099991 -0.404626 -0.082112 -0.127243 0.045962 0.144304 0.234320 -0.041688 -0.103707 -0.199247 -0.421270 -0.173315 -0.180045 -0.237579
0.167824 0.212456 0.367663 0.202426 0.158002 -0.341982 0.413611 0.182613 0.429140 0.022188 0.598455 0.159880 1.000000 0.517146 0.524103 0.357196 0.351970 0.430422 0.228996 -0.169365 -0.198876 -0.299990 0.228817 -0.160332 -0.110600 -0.171099 -0.142408 -0.273237 0.324415 -0.021924 -0.011667 -0.179967 0.221781 0.020791 0.029532 -0.004231 0.115720 -0.050792 0.003243 -0.220343 -0.095111 -0.017546 -0.273225 -0.317984 0.096571 -0.228856 -0.242148 -0.036681 0.430411 0.030012 0.177328 0.086636 -0.239626 -0.069796 -0.192369 -0.354588 -0.167015 -0.177314 -0.202929 -0.324152 0.186163 0.156609 0.443122 0.365374 0.651648 0.276143 -0.168870 -0.282835 -0.113979 -0.164184 -0.175512 -0.113913 0.108600 -0.165117 0.072438 0.060409 0.081979 -0.206951 -0.218515 -0.128573 0.149506 -0.000752 -0.160329 -0.100488 -0.130762 -0.144433 -0.041462 -0.343909 -0.257555 -0.177981 0.223076 0.239932 0.019298 -0.012381 -0.251567 -0.011940 -0.049108 -0.121020 0.084514 0.124470 0.176129 0.308746 0.132024 0.011356 0.105937 -0.282450 -0.171158 0.024390 0.053421 -0.037629 -0.034335 -0.053233 -0.107252 0.039424 0.145034 -0.211024
-0.005532 0.654157 0.028954 0.521412 0.208376 -0.288295 0.334853 0.658549 0.376603 0.476681 0.078368 0.566041 0.517146 1.000000 0.177970 0.596585 -0.080499 0.560758 -0.069412 -0.044962 -0.286482 -0.238278 -0.233831 -0.316462 -0.074089 -0.133608 -0.280309 -0.478191 0.031568 0.214046 0.121456 0.010514 -0.041167 0.095124 -0.100226 -0.165021 -0.073806 -0.210985 -0.238127 -0.095043 -0.250269 -0.043364 -0.332652 -0.370398 -0.162854 0.004623 -0.477754 -0.201873 0.053399 0.082465 -0.264707 0.282995 -0.456365 -0.094049 -0.502859 -0.314912 -0.180079 -0.264693 -0.079359 -0.197450 0.051897 0.381203 0.417437 0.442159 0.391145 0.773648 -0.418745 -0.241720 -0.219934 -0.207360 -0.281098 -0.074218 -0.022184 -0.290856 -0.115110 0.041325 -0.290667 -0.177819 -0.167687 -0.310500 0.110818 -0.034357 -0.140027 0.293323 0.049906 0.194920 -0.248607 0.102883 -0.311439 0.155523 0.135630 0.166083 0.003677 -0.325872 -0.316713 0.081762 -0.227975 -0.051339 0.067715 0.037815 0.377260 -0.119169 0.231077 -0.387938 -0.114162 -0.339393 -0.058605 0.135852 0.130604 -0.141168 -0.381709 -0.021654 -0.198413 -0.088139 0.005509 -0.181426
0.161533 0.060315 0.364863 0.283863 0.480488 -0.237395 0.425634 0.203325 0.568375 0.090785 0.442588 0.024358 0.524103 0.177970 1.000000 0.388289 0.151569 -0.029717 0.283544 0.098541 -0.019563 -0.159084 0.415738 0.211787 0.218418 0.184224 0.155417 0.106026 0.109875 -0.082519 0.053201 0.030269 0.100759 0.004993 -0.244023 0.005849 -0.009133 -0.142212 -0.082624 -0.381400 -0.189370 0.135711 -0.226770 -0.158305 -0.170623 -0.165159 -0.209258 -0.155670 0.105224 -0.340712 0.140188 -0.085524 -0.207217 0.094863 -0.178893 -0.325057 -0.087574 -0.081837 -0.172909 -0.241789 -0.062952 0.023765 -0.012244 0.094156 0.378374 0.038105 -0.314651 -0.276275 -0.105566 0.047180 0.037156 0.127282 -0.170647 0.084624 0.022630 0.151044 0.149596 -0.200033 -0.178439 -0.192381 -0.206941 -0.246624 0.223192 -0.022252 0.062361 -0.050083 0.049330 -0.366613 0.182840 -0.028108 0.023440 0.065869 0.080184 0.018804 -0.324224 -0.168936 -0.190910 -0.195536 -0.133711 0.140563 0.115562 0.311516 0.002978 0.092014 0.052884 -0.002796 -0.130987 -0.073017 -0.123682 -0.107815 -0.018984 0.040096 -0.011391 0.246413 0.177863 -0.103179
0.224634 0.330862 0.052712 0.494639 0.540961 -0.149241 0.251534 0.478313 0.357565 0.351086 0.011653 0.210146 0.357196 0.596585 0.388289 1.000000 0.091290 0.267682 0.244620 0.099841 0.042905 0.159975 -0.001067 -0.110475 0.216858 0.098331 0.230647 -0.005709 0.083631 0.191500 0.127062 0.150144 -0.090621 0.027687 -0.184304 -0.274956 -0.011742 0.067141 -0.215282 -0.027375 -0.093480 0.163075 -0.350458 -0.378333 -0.333734 -0.250766 -0.533709 -0.212606 -0.085463 -0.066203 -0.241058 -0.016336 -0.450889 -0.036942 -0.391280 -0.340710 -0.056631 -0.062932 0.054189 0.013032 0.079967 0.247990 0.426998 0.343737 0.342947 0.473128 -0.399752 -0.346067 -0.017705 -0.011918 -0.089435 -0.013720 -0.062935 0.039238 -0.016166 0.267181 -0.187320 -0.234041 -0.047484 -0.390920 0.005032 0.001295 0.041838 0.465923 -0.150313 0.037529 -0.370303 -0.100709 -0.245871 -0.106364 0.074758 0.243251 -0.074939 -0.280430 -0.402433 -0.047937 -0.244973 -0.269234 -0.006525 0.052710 0.227653 -0.018648 0.202322 -0.143360 0.069559 -0.239682 -0.087235 0.052545 -0.116837 -0.190939 -0.372165 0.028418 -0.120730 0.079229 0.149747 -0.170855
0.163279 -0.345846 -0.101669 -0.332745 0.034497 -0.298389 0.028401 -0.337468 -0.058341 -0.450750 0.137280 -0.382230 0.351970 -0.080499 0.151569 0.091290 1.000000 0.337949 0.260570 -0.029727 0.096781 0.130812 0.041762 -0.253571 0.005459 -0.044636 0.147039 0.046334 0.519020 0.013163 0.052889 -0.006442 0.152130 0.034642 0.223185 -0.293230 0.421266 0.383325 0.312549 0.047730 0.306509 0.165271 -0.289295 -0.423116 -0.047031 -0.527856 -0.175704 -0.089534 0.086819 0.055420 -0.032874 -0.280695 -0.194477 -0.090378 0.174429 -0.088484 0.354857 0.231815 0.180829 -0.028526 0.425207 0.073640 0.532166 0.383355 0.323261 -0.263983 0.148176 -0.313493 0.211986 -0.231971 0.034457 0.077595 0.396192 0.223416 0.200736 -0.009890 0.349948 -0.188326 0.318142 0.013894 0.401186 0.443910 0.073980 0.050996 -0.227363 -0.149227 -0.004938 -0.397630 -0.311850 -0.076842 -0.079705 0.253637 -0.344290 -0.010441 -0.102210 0.044753 0.039703 -0.145072 0.063558 0.097490 -0.102629 0.132010 0.288172 0.410484 0.200148 -0.087687 0.012140 -0.028379 0.014344 0.012975 -0.166277 0.122742 0.079665 0.106103 0.068691 0.017951
-0.001523 0.363939 -0.156420 0.035757 0.054895 -0.493352 0.216344 0.136562 0.075068 -0.019192 0.027624 0.324748 0.430422 0.560758 -0.029717 0.267682 0.337949 1.000000 -0.140175 -0.089119 -0.163337 -0.134663 -0.311377 -0.384053 -0.301577 -0.283514 -0.262504 -0.449988 0.301646 0.338675 0.058366 -0.046055 0.157531 0.228345 0.143538 -0.296762 0.227770 0.042841 -0.154945 -0.068753 0.114654 0.022755 -0.278367 -0.457859 -0.158845 -0.203851 -0.310306 -0.163927 -0.095473 0.120676 -0.288774 -0.061488 -0.277341 -0.190497 -0.284549 -0.245413 0.146630 0.095815 0.003423 -0.110541 0.236704 0.404674 0.515573 0.599657 0.265850 0.409456 -0.071485 -0.210652 -0.051326 -0.346244 -0.209936 0.076586 0.476620 -0.130465 0.135560 0.032008 -0.009423 -0.112583 0.097216 0.120614 0.429412 0.412669 -0.219109 0.180180 0.133817 0.186041 -0.227254 -0.160485 -0.439599 0.178072 -0.001367 0.196697 -0.290501 -0.416462 -0.301405 0.252173 -0.106352 -0.034891 0.138895 0.080033 0.210708 -0.139577 0.242361 -0.133845 -0.025809 -0.311248 -0.067425 0.161010 0.249466 -0.174580 -0.370909 0.132331 0.056770 0.000191 -0.083892 -0.207000
0.427020 -0.176509 0.468232 0.209933 0.199198 0.005002 0.307699 -0.004964 0.128051 -0.165867 0.148689 -0.305432 0.228996 -0.069412 0.283544 0.244620 0.260570 -0.140175 1.000000 0.412967 0.189650 -0.005542 0.401156 0.303894 0.041378 0.021060 0.116101 0.144808 0.019805 -0.267792 0.107706 0.136386 0.138709 0.051130 0.081328 -0.168972 0.073102 0.128997 0.114547 -0.141773 0.025446 0.085656 -0.209863 -0.212822 -0.170847 -0.406916 -0.099608 -0.117046 -0.056089 -0.222143 -0.034890 -0.386670 -0.037760 0.084841 0.152671 -0.200628 -0.002174 0.149933 0.102876 0.075529 0.108718 -0.033453 0.288108 -0.029238 0.241105 -0.246009 0.155596 -0.099472 0.363611 0.389894 0.087929 -0.023206 -0.100363 0.142140 0.045443 0.056216 0.138817 -0.094652 -0.193751 -0.220038 -0.013017 -0.066704 0.125667 0.059582 -0.225765 -0.334485 -0.016594 -0.197202 0.138656 -0.172682 0.296715 0.327324 0.049064 0.185795 -0.217544 -0.491908 0.038152 -0.446812 0.034138 0.129244 -0.053718 0.198688 -0.165699 0.137293 -0.048429 -0.149369 -0.140566 0.017078 -0.327094 -0.178369 -0.217424 -0.066213 0.099628 0.030563 -0.031621 -0.201562
0.074580 -0.088540 -0.158339 0.110838 0.102699 -0.228713 0.089019 -0.038115 0.000703 -0.024179 -0.251005 -0.268884 -0.169365 -0.044962 0.098541 0.099841 -0.029727 -0.089119 0.412967 1.000000 0.207894 -0.222564 -0.003802 0.180975 -0.165351 -0.131949 -0.061804 -0.045723 0.138134 0.265572 0.023264 0.224926 -0.075944 0.441204 -0.111827 -0.311746 0.016926 -0.100406 -0.034104 -0.025434 0.062751 0.221404 -0.199428 -0.346120 -0.555941 -0.464282 -0.104137 -0.260846 -0.420325 -0.423625 -0.494466 -0.575368 -0.271354 0.139044 0.017638 0.058478 0.293870 0.406259 0.166428 0.101090 0.074500 0.088356 -0.002159 -0.118924 -0.122263 -0.207883 -0.202322 -0.394054 0.331798 0.435639 0.087221 0.126615 0.106159 0.166779 0.075535 -0.007961 0.137800 0.021234 0.174911 -0.020520 0.296696 0.192709 0.339132 0.402376 0.140197 -0.076395 0.003320 0.171391 0.163435 0.047022 0.076982 0.184984 0.297844 0.175913 -0.298827 -0.343358 -0.301840 -0.176761 0.002022 0.115045 -0.114323 -0.144766 -0.292419 -0.178473 -0.362866 0.022187 -0.032187 -0.161484 -0.254666 -0.118616 -0.350803 0.018881 0.258400 -0.106753 -0.183153 -0.242967
-0.047576 -0.449186 0.073102 -0.097390 0.115006 0.097993 0.090712 -0.150866 -0.053547 -0.099166 -0.217586 -0.352021 -0.198876 -0.286482 -0.019563 0.042905 0.096781 -0.163337 0.189650 0.207894 1.000000 0.459676 0.165356 0.247314 0.200558 0.063360 0.209265 0.255366 0.199687 0.105420 0.149810 0.239203 -0.064306 0.092377 0.068785 -0.065510 0.221657 0.317592 0.375535 0.102205 0.363064 0.517477 -0.069877 -0.035681 -0.150935 -0.094414 -0.060304 0.036880 -0.163096 -0.187857 -0.226757 -0.313772 -0.136803 -0.000548 0.060198 -0.057993 0.106065 0.009268 -0.045235 -0.099680 -0.079593 -0.295735 0.038989 -0.194373 -0.222584 -0.277194 -0.094647 -0.125772 -0.017168 0.205322 0.503108 0.202080 0.174792 0.342543 0.161200 0.395977 0.108832 0.233693 0.201946 0.111066 0.099696 0.100407 0.212929 0.300611 -0.021433 -0.044948 -0.140466 -0.102196 0.008499 -0.183705 -0.045279 -0.013062 0.155532 0.192008 -0.152952 -0.116938 -0.381120 -0.129351 -0.155078 -0.091925 -0.066596 0.143190 -0.114433 0.178410 -0.000185 0.051008 -0.190456 0.005884 -0.180118 0.034224 -0.014266 -0.021588 0.182524 -0.061519 0.022516 -0.027850
-0.095100 -0.318239 -0.039359 -0.096368 0.025706 0.318114 -0.219410 -0.045150 -0.231262 -0.136850 -0.232608 -0.130340 -0.299990 -0.238278 -0.159084 0.159975 0.130812 -0.134663 -0.005542 -0.222564 0.459676 1.000000 0.095249 0.185015 0.541391 0.507572 0.451532 0.487993 0.042929 -0.014796 0.328502 0.408710 -0.065917 -0.022044 0.047414 0.119478 0.169234 0.419882 0.234919 0.139810 0.102878 0.275455 -0.101062 0.140058 -0.072813 0.014207 -0.102063 0.031487 -0.205844 -0.019377 0.070485 -0.046676 -0.087991 -0.214805 0.030656 -0.092805 -0.072937 -0.137846 -0.042216 0.069922 -0.045470 -0.141955 0.070852 0.025041 -0.116525 -0.125198 0.011412 0.119172 -0.088963 -0.058934 0.209678 0.339393 -0.061990 0.369623 -0.053114 0.298634 -0.052780 0.210925 0.128515 -0.056658 -0.242804 -0.033491 0.071497 0.123716 -0.233335 -0.015551 -0.071259 -0.147434 0.030746 -0.170892 -0.266855 -0.153166 -0.240430 -0.086278 0.106508 0.133749 -0.064444 -0.054340 -0.306284 -0.300250 0.000860 0.031931 0.192359 0.282214 0.274892 0.110931 -0.019799 0.283212 -0.008168 0.187321 0.095368 -0.081756 -0.087054 -0.065938 0.022934 0.083718
-0.005645 -0.385181 0.561802 0.230098 -0.024459 0.230114 0.206289 -0.029533 0.128132 -0.147491 0.381481 -0.144094 0.228817 -0.233831 0.415738 -0.001067 0.041762 -0.311377 0.401156 -0.003802 0.165356 0.095249 1.000000 0.734108 0.445145 0.442760 0.267024 0.426738 0.106814 -0.294510 0.219467 0.267555 0.261752 0.058550 -0.128579 0.407979 -0.065056 0.068662 0.042880 -0.117107 -0.282190 0.063557 0.233571 0.352905 0.026351 0.015269 -0.001593 0.164843 0.108684 -0.341078 0.454700 -0.157105 0.255232 -0.078312 0.084785 -0.052532 -0.126117 -0.036277 -0.327673 -0.335338 -0.263914 -0.409174 -0.254411 -0.240498 0.081808 -0.318497 -0.077048 -0.028724 -0.214608 0.083852 0.172460 -0.009922 -0.244195 0.182507 0.076057 0.108045 0.106832 -0.043945 -0.120592 0.061034 -0.470798 -0.365501 0.023754 -0.349817 -0.022077 -0.228756 0.311361 -0.133051 0.603663 -0.289897 -0.116196 -0.112442 0.028415 0.148836 0.101842 -0.294337 0.062960 -0.096376 -0.231809 -0.128186 -0.097962 0.403003 -0.184366 0.130370 -0.157602 -0.194033 -0.141594 -0.229230 -0.386111 0.224541 0.427887 -0.237372 -0.204281 -0.140102 -0.213305 -0.165714
-0.054926 -0.305921 0.441228 0.261046 0.009439 0.276806 0.263014 0.051915 0.028547 -0.125201 0.069190 -0.079505 -0.160332 -0.316462 0.211787 -0.110475 -0.253571 -0.384053 0.303894 0.180975 0.247314 0.185015 0.734108 1.000000 0.332922 0.478223 0.265377 0.470899 -0.004956 -0.210878 0.308230 0.512576 0.135714 0.184667 -0.088778 0.335258 -0.083730 0.032411 0.104932 -0.113401 -0.183451 0.108123 0.287977 0.412742 -0.027475 0.171816 -0.030001 0.141919 -0.171037 -0.263688 0.141335 -0.215945 0.311757 0.024989 -0.026027 -0.124609 -0.146191 0.005603 -0.245062 -0.131092 -0.327661 -0.303307 -0.394994 -0.324908 -0.295728 -0.279356 0.044658 0.124651 -0.167661 0.242619 0.149941 0.147076 -0.290056 0.129586 -0.047078 0.081873 -0.107642 0.004448 -0.124396 0.057669 -0.495110 -0.402122 0.165208 -0.099170 0.105929 -0.112799 0.332904 0.127370 0.659441 0.013004 -0.119383 -0.122099 -0.002926 0.061765 -0.075943 -0.287996 -0.064600 -0.202676 -0.243898 -0.170444 -0.108713 0.133844 -0.291508 0.038336 -0.222527 -0.116107 -0.197527 -0.047035 -0.344559 0.063219 0.282423 -0.172012 -0.080605 -0.082170 -0.285281 -0.278519
-0.111521 -0.287946 0.169708 0.069147 0.089261 0.189733 -0.058909 0.094421 0.105395 0.029899 -0.065053 -0.042096 -0.110600 -0.074089 0.218418 0.216858 0.005459 -0.301577 0.041378 -0.165351 0.200558 0.541391 0.445145 0.332922 1.000000 0.704703 0.507455 0.407276 0.025055 -0.100145 0.390391 0.349655 0.132794 0.015747 -0.078064 0.250131 -0.022149 0.226104 0.112891 0.022640 -0.225811 0.193260 0.045853 0.242138 -0.078520 0.024322 -0.106176 0.035503 -0.058663 -0.292541 0.231915 -0.024018 -0.084715 -0.141050 -0.036889 0.047689 -0.122290 -0.115083 -0.137284 -0.179654 -0.174582 -0.264216 -0.142902 -0.065212 0.006188 -0.155926 -0.197895 -0.033571 -0.184082 -0.040570 0.250972 0.286470 -0.159904 0.280800 0.061678 0.148953 0.040170 -0.059338 -0.039436 -0.159480 -0.468121 -0.233559 0.081898 -0.168450 -0.170016 -0.008586 0.143060 -0.172616 0.264631 -0.234949 -0.205759 -0.182589 -0.104335 -0.048642 0.145263 -0.056648 0.064264 0.101036 -0.228384 -0.166120 0.043984 0.231103 0.166046 0.167368 0.149637 0.041847 0.065882 0.004786 -0.301244 0.306090 0.297229 -0.135891 -0.111815 0.002729 0.038339 0.107940
-0.138990 -0.173310 0.212812 0.269685 0.124585 0.236867 -0.005100 0.250927 -0.040932 0.106819 -0.093609 0.068604 -0.171099 -0.133608 0.184224 0.098331 -0.044636 -0.283514 0.021060 -0.131949 0.063360 0.507572 0.442760 0.478223 0.704703 1.000000 0.521951 0.515044 -0.001942 -0.045130 0.564577 0.598595 0.057093 0.100242 -0.076764 0.323509 -0.137643 0.080933 -0.058465 -0.135177 -0.271066 0.076526 0.087642 0.327996 -0.164320 0.097138 -0.177519 0.040133 -0.232838 -0.320178 0.218541 0.012764 -0.014108 -0.129046 -0.232914 -0.021129 -0.100175 -0.156197 -0.269271 -0.244042 -0.267507 -0.224889 -0.241636 -0.025551 -0.083905 -0.106952 -0.274792 -0.032987 -0.241558 -0.129743 -0.018216 0.415439 -0.215203 0.280379 -0.104730 0.057133 -0.145439 -0.107854 0.012048 -0.020927 -0.618622 -0.369828 0.080926 -0.166194 -0.105466 0.015846 0.147922 -0.145844 0.379345 -0.161261 -0.403331 -0.298571 -0.247777 -0.212957 0.013747 -0.040302 0.042465 0.003681 -0.298529 -0.229838 0.113699 0.209829 0.254181 0.191835 0.162710 0.159069 0.057772 -0.031155 -0.141672 0.116002 0.244430 -0.084496 -0.281950 -0.070726 -0.064515 0.048928
0.076673 -0.285572 0.094416 0.042923 0.345346 0.256097 -0.135739 -0.014179 0.024155 -0.106372 -0.112750 -0.171922 -0.142408 -0.280309 0.155417 0.230647 0.147039 -0.262504 0.116101 -0.061804 0.209265 0.451532 0.267024 0.265377 0.507455 0.521951 1.000000 0.656547 -0.137988 -0.219682 0.281069 0.201270 0.017417 -0.143075 -0.158260 0.135299 -0.189775 0.230389 0.048550 0.046381 -0.061273 -0.046944 0.127858 0.207056 -0.005324 0.008617 -0.073385 0.046403 -0.043909 -0.051683 0.258376 -0.036526 -0.003957 -0.002010 -0.047511 -0.005396 0.145514 0.116499 -0.003766 0.012852 -0.056483 -0.167036 -0.081943 -0.064165 -0.027651 -0.199275 -0.111399 -0.078480 0.056553 -0.016618 0.114124 0.003702 -0.099081 0.175606 -0.013237 0.176819 -0.047142 -0.355110 0.036791 -0.186087 -0.383562 -0.213439 0.035350 -0.091948 -0.405170 -0.235511 -0.001671 -0.288633 0.080111 -0.189192 -0.156586 -0.012884 -0.054937 0.066289 -0.091686 -0.010867 -0.009619 -0.167910 -0.138158 -0.088643 0.050643 0.227531 0.261334 0.433784 0.247867 0.140944 -0.119290 -0.116030 -0.230657 -0.077807 0.086111 -0.126432 -0.103599 -0.010254 0.078794 0.132263
-0.093507 -0.362813 0.143860 0.070873 0.328383 0.597454 -0.160262 -0.048634 -0.016798 -0.087974 -0.091257 -0.280396 -0.273237 -0.478191 0.106026 -0.005709 0.046334 -0.449988 0.144808 -0.045723 0.255366 0.487993 0.426738 0.470899 0.407276 0.515044 0.656547 1.000000 -0.152625 -0.350425 0.203363 0.221862 0.017982 -0.119270 -0.143328 0.357420 -0.138082 0.025584 0.129780 -0.117106 -0.004975 0.020226 0.166121 0.333834 -0.010100 0.079689 -0.051597 0.037095 -0.145996 -0.183109 0.337688 -0.046615 0.099889 -0.059067 -0.064356 -0.096628 0.054189 0.007814 -0.101678 0.069613 -0.148186 -0.233394 -0.255601 -0.211493 -0.131472 -0.289402 0.045870 0.146329 -0.022365 0.175214 0.192934 0.161826 -0.215127 0.058870 -0.323587 -0.017450 -0.149034 -0.084007 0.169173 0.070505 -0.376276 -0.283929 0.111305 -0.135398 -0.155271 -0.180400 0.106919 -0.266861 0.361142 -0.104126 -0.286163 -0.240399 0.063640 0.116770 -0.070986 -0.010923 -0.013716 -0.079272 -0.367481 -0.230197 -0.107902 0.179145 -0.021396 0.318110 0.171471 0.211071 -0.167139 -0.052743 -0.122203 0.069677 0.250358 -0.156522 -0.113202 -0.027000 -0.071907 0.074510
-0.012848 -0.337606 -0.091243 -0.274239 -0.050102 -0.342990 0.133721 -0.273791 -0.082743 -0.273764 0.208190 -0.209953 0.324415 0.031568 0.109875 0.083631 0.519020 0.301646 0.019805 0.138134 0.199687 0.042929 0.106814 -0.004956 0.025055 -0.001942 -0.137988 -0.152625 1.000000 0.450299 0.229669 0.296105 0.169508 0.466167 0.138115 -0.107988 0.462196 0.279946 0.335955 -0.025506 0.323275 0.392452 -0.186343 -0.309048 -0.108401 -0.378872 -0.230180 -0.027067 -0.025423 -0.164065 -0.183814 -0.409754 -0.149823 -0.164954 0.046423 -0.184357 0.244245 0.149114 -0.122852 -0.335981 0.177711 -0.089399 0.291053 0.122340 -0.000854 -0.285127 -0.084481 -0.422814 -0.005470 -0.220899 0.162663 0.375352 0.577091 0.284308 0.397407 0.125327 0.251415 0.102945 0.433007 0.242231 0.470435 0.401165 0.294307 0.277637 0.217594 0.200017 0.046750 -0.248522 -0.172782 -0.197248 -0.308200 0.012508 -0.318619 -0.146618 -0.157041 0.104246 -0.133212 -0.077867 -0.064898 -0.064920 -0.249617 -0.020351 -0.025927 0.046669 0.016499 -0.176115 -0.180218 -0.008276 0.084960 0.079741 -0.075229 0.012395 -0.007259 -0.063791 0.066643 -0.030410
-0.312260 -0.051170 -0.447428 -0.137000 -0.055285 -0.398186 -0.034069 -0.029458 -0.046957 0.094486 -0.341827 0.026752 -0.021924 0.214046 -0.082519 0.191500 0.013163 0.338675 -0.267792 0.265572 0.105420 -0.014796 -0.294510 -0.210878 -0.100145 -0.045130 -0.219682 -0.350425 0.450299 1.000000 0.057622 0.182141 -0.089162 0.405104 0.014938 -0.164020 0.323858 0.228450 -0.022792 0.168306 0.328608 0.351729 -0.041359 -0.254727 -0.389740 -0.285655 -0.078668 0.107646 -0.316302 -0.057063 -0.531629 -0.271609 -0.344377 0.096997 -0.215820 0.144263 0.201795 0.239792 0.050599 -0.037149 0.038184 0.153877 0.090617 0.198546 -0.275350 0.007992 -0.335158 -0.355170 -0.117374 -0.154609 -0.024717 0.288642 0.496212 0.314655 0.358124 0.127676 0.098148 0.285146 0.289869 0.287913 0.405213 0.527812 0.142668 0.391878 0.155898 0.158728 -0.205508 0.114308 -0.291664 -0.135522 -0.121874 0.128506 -0.155921 -0.299020 -0.128885 0.178546 -0.170895 0.081607 0.121070 0.092029 -0.177253 -0.333079 -0.055743 -0.374698 -0.229661 -0.125314 0.037621 -0.096542 0.105167 -0.063339 -0.117902 0.308661 0.151378 0.011598 -0.033566 -0.203829
-0.088588 -0.060852 0.219584 0.193556 0.073411 0.045952 0.313732 0.360467 -0.247020 0.104101 -0.164619 0.130842 -0.011667 0.121456 0.053201 0.127062 0.052889 0.058366 0.107706 0.023264 0.149810 0.328502 0.219467 0.308230 0.390391 0.564577 0.281069 0.203363 0.229669 0.057622 1.000000 0.792174 0.229126 0.357927 0.095280 0.047720 -0.169152 0.081022 0.007851 -0.147975 -0.312845 0.081291 -0.009705 0.063074 -0.159056 0.010800 -0.342771 -0.156466 -0.266026 -0.192374 0.000725 -0.115171 -0.065368 -0.134458 -0.201845 -0.245388 -0.070551 -0.220729 -0.202156 -0.266866 -0.172700 -0.204405 -0.002011 -0.019368 -0.102288 0.006611 -0.151401 -0.055108 -0.068402 -0.126453 0.138924 0.582283 0.165342 0.188665 -0.255661 0.120882 -0.184875 -0.148737 0.205276 0.065372 -0.318779 -0.214364 -0.006357 0.149802 -0.177026 0.034328 -0.096739 -0.298951 -0.013547 -0.112509 -0.410395 -0.237173 -0.256835 -0.242309 -0.257991 0.025949 -0.349714 -0.163641 -0.286884 -0.243494 0.154217 0.034960 0.168629 0.044441 0.108484 0.063019 -0.124474 0.072618 -0.010737 0.031755 -0.215562 -0.232469 -0.219377 -0.280968 -0.083116 0.018326
-0.126243 -0.145549 0.155056 0.229963 -0.017258 0.039292 0.241005 0.292746 -0.277495 0.052745 -0.236402 0.028040 -0.179967 0.010514 0.030269 0.150144 -0.006442 -0.046055 0.136386 0.224926 0.239203 0.408710 0.267555 0.512576 0.349655 0.598595 0.201270 0.221862 0.296105 0.182141 0.792174 1.000000 0.161864 0.570439 0.123795 -0.017791 0.004433 0.092369 -0.044460 -0.132996 -0.208145 0.289479 -0.041303 0.054713 -0.335257 -0.064685 -0.401779 -0.091833 -0.458850 -0.288254 -0.189515 -0.306272 -0.093494 -0.123922 -0.232047 -0.241802 -0.065653 -0.083546 -0.185937 -0.211972 -0.218030 -0.170184 -0.032109 -0.047380 -0.216871 -0.023553 -0.175569 -0.120836 -0.102985 -0.051063 0.062264 0.559665 -0.012872 0.329378 -0.148356 0.222669 -0.226008 -0.014093 0.229625 -0.002873 -0.278874 -0.144729 0.272459 0.371538 -0.000346 0.112071 -0.072986 -0.019099 0.167092 -0.036737 -0.422329 -0.158032 -0.327234 -0.295986 -0.218148 -0.115896 -0.353678 -0.207750 -0.327000 -0.253576 0.037206 -0.084800 0.092599 -0.042303 -0.066741 0.001256 -0.119429 0.095948 -0.101677 0.053197 -0.189645 -0.107954 -0.133303 -0.220943 -0.212078 -0.139745
0.099298 -0.155263 0.334200 -0.172498 -0.118634 -0.097800 0.209782 -0.144169 -0.085476 -0.278767 0.280231 -0.012438 0.221781 -0.041167 0.100759 -0.090621 0.152130 0.157531 0.138709 -0.075944 -0.064306 -0.065917 0.261752 0.135714 0.132794 0.057093 0.017417 0.017982 0.169508 -0.089162 0.229126 0.161864 1.000000 0.402632 0.120802 -0.053644 0.097901 -0.035504 -0.021909 -0.228045 -0.024447 0.063498 0.027926 -0.006489 0.135333 -0.185646 0.125819 -0.019696 0.116553 -0.208736 0.220688 -0.218010 0.191175 -0.168127 0.110680 -0.008817 -0.060583 0.118959 -0.134745 -0.172418 0.026995 -0.031911 0.055881 -0.099362 0.093191 -0.246693 0.279261 0.034215 0.022749 0.026555 0.135082 0.163699 0.208227 -0.012731 0.124031 0.019650 0.176152 -0.046084 -0.027417 0.173105 -0.089141 -0.003697 -0.014504 -0.038088 -0.097013 -0.086797 -0.008551 -0.229113 -0.015972 -0.169126 -0.073968 -0.149813 -0.176472 -0.011312 0.095432 -0.170285 0.154380 -0.101292 -0.078184 -0.143566 -0.088346 0.203970 -0.133373 0.037355 0.069672 -0.040477 -0.121299 0.124284 -0.236269 0.110653 0.109408 -0.131558 0.011361 0.016358 0.017902 0.102229
-0.031852 -0.107537 -0.012159 -0.063251 -0.149720 -0.316312 0.176800 -0.079506 -0.185706 -0.072629 -0.035003 -0.066073 0.020791 0.095124 0.004993 0.027687 0.034642 0.228345 0.051130 0.441204 0.092377 -0.022044 0.058550 0.184667 0.015747 0.100242 -0.143075 -0.119270 0.466167 0.405104 0.357927 0.570439 0.402632 1.000000 0.213672 -0.128475 0.222943 -0.006669 -0.069361 -0.190419 -0.022308 0.350312 -0.165677 -0.187418 -0.293917 -0.311848 -0.268011 -0.146720 -0.351530 -0.393113 -0.295295 -0.522671 -0.124044 -0.216981 -0.028687 -0.117404 0.076914 0.281507 -0.184133 -0.275273 0.001910 0.093532 0.073751 0.092052 -0.082613 -0.082380 -0.127816 -0.255446 -0.016752 -0.000949 -0.132972 0.406974 0.326469 0.150389 0.205228 0.123220 -0.035996 0.044066 0.271050 0.183385 0.198468 0.249451 0.313974 0.388474 0.244741 0.187919 0.055829 0.038248 0.052215 -0.075596 -0.267913 -0.067094 -0.197139 -0.203921 -0.165271 -0.169424 -0.177397 -0.123957 -0.157296 -0.118431 -0.145721 -0.154969 -0.097663 -0.198143 -0.256110 -0.125964 -0.161020 0.004312 -0.122165 0.061316 -0.140949 -0.018708 0.098690 -0.219546 -0.201941 -0.157353
0.147921 -0.154221 0.041557 -0.311992 -0.167756 -0.264089 0.137802 -0.144397 -0.258578 -0.271932 -0.065735 -0.207124 0.029532 -0.100226 -0.244023 -0.184304 0.223185 0.143538 0.081328 -0.111827 0.068785 0.047414 -0.128579 -0.088778 -0.078064 -0.076764 -0.158260 -0.143328 0.138115 0.014938 0.095280 0.123795 0.120802 0.213672 1.000000 -0.045420 0.343254 0.160895 0.087836 -0.129681 0.226373 0.050873 -0.029240 -0.036412 0.086641 -0.086295 -0.069565 0.061824 -0.132866 0.228052 -0.108809 -0.157707 0.100465 -0.041385 0.224059 -0.002579 0.058251 -0.028000 0.267654 0.120956 0.250600 0.073105 0.221964 0.171500 -0.079243 -0.095027 0.444281 0.222197 0.224472 -0.182953 -0.139419 0.296991 0.171694 0.089802 0.000200 -0.174445 0.246607 0.100525 0.044985 0.112336 0.164748 0.205902 -0.053056 0.007924 -0.143558 -0.138124 -0.016853 -0.166623 -0.255571 0.017562 -0.005911 0.114107 -0.462433 -0.263730 -0.098259 -0.143746 0.104480 -0.055633 0.142746 0.174387 -0.127191 -0.082583 0.067027 0.151436 0.158326 0.049506 0.003824 0.253548 0.019336 -0.009259 -0.046206 0.085906 0.052650 -0.015413 -0.001033 -0.043231
-0.344382 -0.103506 0.142750 0.163929 -0.040295 0.478423 -0.246073 0.037286 0.077375 0.029879 0.265817 0.187901 -0.004231 -0.165021 0.005849 -0.274956 -0.293230 -0.296762 -0.168972 -0.311746 -0.065510 0.119478 0.407979 0.335258 0.250131 0.323509 0.135299 0.357420 -0.107988 -0.164020 0.047720 -0.017791 -0.053644 -0.128475 -0.045420 1.000000 -0.176897 -0.105033 0.000768 -0.099725 -0.165846 -0.238446 0.472985 0.747104 0.308900 0.557463 0.209942 0.389613 0.170054 -0.089079 0.586043 0.366302 0.300776 -0.223827 -0.157639 0.143930 -0.322739 -0.326506 -0.526253 -0.340236 -0.518983 -0.444338 -0.536036 -0.365763 -0.196591 -0.117222 -0.084227 0.330033 -0.339762 0.004667 -0.028194 0.037760 -0.264896 -0.177603 -0.087773 -0.169044 -0.039887 0.303564 -0.151497 0.131265 -0.418830 -0.438970 -0.078472 -0.537127 0.092430 0.021934 0.201022 0.016076 0.454199 -0.213977 -0.331430 -0.501531 0.106536 0.043204 0.230577 0.110072 0.236635 0.374953 -0.344726 -0.275180 -0.157398 0.106625 -0.200483 -0.056667 -0.071763 -0.040231 -0.130432 -0.036034 0.041335 0.287784 0.706522 -0.187900 -0.172268 -0.184702 -0.100009 0.128597
