1.000000 0.640908 -0.013428 -0.106486 -0.020771 0.033544 0.041605 0.001433 -0.067643 0.018846 0.395597 0.232638 0.241786 0.142295 -0.007772 0.038679 0.251356 0.307792 0.069470 0.178478 0.009927 0.081784 -0.171263 -0.081491 -0.291037 -0.394859 -0.009059 0.016763 0.123979 0.077321 -0.195345 -0.194754 -0.040910 -0.163116 -0.443207 -0.187516 -0.090072 -0.208507 0.000448 0.002490 -0.044620 0.071848 -0.354923 -0.377054 -0.302147 -0.261001 -0.402429 -0.276698 0.145364 -0.037538 -0.200122 0.030075 -0.130551 -0.164421 0.042884 -0.101394 0.360336 0.300959 0.398479 0.196059 0.303749 0.283328 0.214554 0.246084 -0.316101 -0.056889 -0.187309 -0.255154 0.196878 0.027157 -0.134747 -0.027457 -0.041702 -0.061940 -0.035409 -0.055129 -0.192330 -0.126687 -0.016151 -0.018104 0.055999 -0.008625 0.165402 0.044466 -0.149185 -0.277469 0.015642 0.058433 0.056979 0.130485 0.167938 0.236710 0.098677 0.069082 -0.094585 0.105746 -0.028113 0.011550 0.032099 0.115305 0.053102 -0.009581 0.065432 -0.070357 0.001923 -0.055000 -0.042740 0.025023 -0.029834 -0.010510 -0.029451 -0.181776 -0.049703 0.115548 -0.118384 -0.090724
0.640908 1.000000 -0.125449 -0.182878 -0.283906 -0.032484 -0.220991 -0.059267 -0.268993 -0.164842 0.148665 0.132969 0.027959 0.099438 -0.254534 0.203621 0.349922 0.387351 -0.029158 0.300481 0.000595 0.037539 -0.364625 -0.243561 -0.309602 -0.336555 -0.001188 0.140869 0.155461 0.335007 -0.262871 -0.175753 0.045270 0.019198 -0.567927 -0.227482 0.131495 -0.100351 -0.032137 0.046013 0.175053 0.317059 -0.222423 -0.320049 -0.264249 -0.404631 -0.318989 -0.241452 0.130449 0.046396 -0.380232 0.069590 0.202367 0.078665 0.101741 -0.111004 0.587015 0.640961 0.418497 0.321909 0.176866 0.548677 0.505967 0.556976 -0.574743 -0.072398 -0.327752 -0.545196 0.298215 -0.175300 -0.296922 -0.106119 0.225565 -0.074333 0.063572 -0.059087 -0.230248 -0.313936 0.304459 0.150517 0.396194 0.348907 0.188305 0.234006 -0.341240 -0.410172 -0.008325 0.019574 -0.209746 -0.139643 0.209764 0.022283 -0.280782 -0.404540 -0.235922 0.258657 0.011360 -0.085945 0.230767 0.208793 -0.117877 -0.209811 -0.077079 -0.102961 0.074353 -0.023606 0.108820 0.141825 0.108023 -0.043809 -0.270685 -0.024158 0.007693 0.213797 -0.031695 0.085844
-0.013428 -0.125449 1.000000 0.654305 0.294040 0.142048 0.758680 0.640986 -0.043205 -0.048493 -0.064020 -0.094237 -0.000747 -0.063171 -0.007931 -0.360156 -0.293788 -0.407069 0.534062 0.226279 0.061873 0.189415 0.704882 0.538013 0.069265 0.095670 0.236003 0.132329 -0.248031 -0.278754 0.366604 0.285640 -0.089280 0.021275 0.074051 0.018776 -0.524721 -0.465221 -0.178265 -0.085203 -0.417665 -0.085051 -0.287683 -0.212113 -0.306301 0.082649 -0.360377 -0.345354 -0.200865 -0.363867 -0.022102 -0.180729 -0.178167 -0.237254 -0.094640 -0.227592 -0.176382 -0.257500 0.086263 0.121761 0.180327 -0.147536 -0.345532 -0.293797 0.414769 0.061823 0.457140 0.388068 -0.064931 0.123983 0.044377 0.184084 -0.412555 -0.143864 -0.288659 -0.067397 -0.222116 -0.083034 -0.345900 -0.204576 -0.613631 -0.503335 -0.108177 -0.174234 -0.182302 -0.148317 0.022532 -0.187087 0.494993 0.151709 -0.120315 0.001321 -0.008482 0.180536 -0.094669 -0.124881 -0.305185 -0.090072 -0.366697 -0.324056 -0.176935 -0.041705 -0.173094 -0.065722 -0.010512 0.060392 -0.147542 -0.160873 -0.222978 -0.061340 -0.153109 -0.533296 -0.281767 -0.153220 -0.074014 -0.164939
-0.106486 -0.182878 0.654305 1.000000 0.206556 0.132020 0.528947 0.645369 -0.044199 0.116044 -0.238475 -0.218170 -0.217544 -0.183852 0.018611 -0.253076 -0.274194 -0.529256 0.561710 0.344105 0.174496 0.257782 0.578289 0.666377 -0.107560 0.110960 0.127995 0.072525 -0.355580 -0.246250 0.353163 0.332954 -0.158825 0.172759 0.023336 0.057028 -0.408254 -0.354515 -0.174172 -0.008523 -0.315152 0.018805 -0.321438 -0.362683 -0.168835 -0.023060 -0.169795 -0.215403 -0.422690 -0.306021 -0.270961 -0.426315 0.064500 -0.045716 -0.180425 -0.328081 -0.089573 -0.265040 -0.075069 -0.010332 0.011167 -0.127880 -0.266953 -0.295047 0.379098 0.160989 0.199736 0.359256 0.001073 0.237262 0.164307 0.202424 -0.374991 -0.101846 -0.197651 -0.101642 -0.187897 0.100604 -0.428349 -0.248207 -0.491271 -0.456611 0.089469 -0.031289 0.049644 0.029014 0.123478 -0.079811 0.449329 0.135229 0.112462 0.214943 0.218855 0.139015 -0.067112 -0.204379 -0.430049 -0.037697 -0.287760 -0.258251 -0.141753 -0.148643 -0.123214 -0.106886 -0.021381 0.066334 -0.185076 -0.281228 -0.310844 0.165740 0.011545 -0.275371 -0.060667 -0.249344 -0.152733 -0.305855
-0.020771 -0.283906 0.294040 0.206556 1.000000 0.625855 -0.033411 -0.122500 0.711781 0.726687 -0.215313 -0.049937 -0.331766 -0.321262 0.434783 0.019378 -0.316764 -0.234665 0.433229 0.284092 0.271461 0.343955 0.276805 0.118859 -0.086113 0.024889 0.588588 0.207590 0.108740 -0.376664 -0.054230 0.029142 -0.341932 -0.179043 0.069477 -0.006044 0.007827 0.066455 0.053109 0.026725 0.100288 -0.214690 -0.251886 -0.036142 -0.258231 0.066401 -0.003917 -0.016268 -0.405314 -0.374822 -0.141736 -0.240345 -0.269223 -0.216967 0.145307 0.265378 -0.365898 -0.202066 -0.014445 0.045271 -0.309413 -0.389945 -0.350347 -0.411644 0.123455 -0.094470 0.295364 0.315387 0.212369 0.305501 -0.143623 -0.089005 -0.307662 -0.255071 -0.141830 0.177888 0.009089 0.096008 -0.306854 -0.463521 -0.244441 -0.229598 0.424103 0.090758 0.331036 0.217926 0.090817 0.099166 0.341809 0.398294 -0.290128 0.004197 0.001833 0.283821 0.223744 0.079361 0.054190 0.104622 -0.242267 -0.155159 -0.092322 0.132348 -0.037525 -0.119600 0.019471 0.070188 0.064333 0.030551 0.020063 0.144541 0.128774 -0.201884 -0.136141 -0.219335 0.026439 -0.088096
0.033544 -0.032484 0.142048 0.132020 0.625855 1.000000 -0.136222 -0.218780 0.540139 0.695147 -0.307272 -0.246395 -0.427866 -0.460771 0.356048 0.453188 -0.009845 -0.075667 0.326795 0.267245 0.619621 0.644871 0.104209 0.117337 -0.077976 0.204362 0.907389 0.770312 -0.020142 -0.219898 -0.037207 -0.083012 -0.202495 -0.181955 -0.040758 -0.274461 0.109950 0.056387 0.102380 0.053382 0.255605 0.046351 -0.187286 -0.111142 -0.296095 -0.297367 0.017421 -0.147100 -0.326208 -0.138224 -0.365160 -0.242395 -0.121727 -0.156203 0.237853 0.278058 -0.118297 -0.036257 -0.108678 -0.140370 -0.424149 -0.263696 -0.107936 -0.191563 -0.242762 -0.315758 -0.201234 -0.143641 0.143261 0.013325 0.045771 -0.106318 -0.140543 0.073472 -0.197325 0.051275 0.043367 0.038970 -0.266303 -0.180027 -0.120031 -0.121087 0.497342 0.325044 0.125279 -0.003348 0.002596 0.190634 0.192246 0.203305 -0.032984 0.065829 0.022775 0.157782 -0.031719 0.156501 0.034420 -0.069333 -0.033124 0.002495 0.061594 0.113171 -0.077054 -0.009940 0.175153 0.216988 0.096356 0.089908 0.381464 0.048343 -0.092287 0.054402 0.221195 0.101317 0.193795 0.113403
0.041605 -0.220991 0.758680 0.528947 -0.033411 -0.136222 1.000000 0.707282 -0.227104 -0.274130 0.196314 -0.017576 0.286750 0.161167 -0.066401 -0.413464 -0.089036 -0.325047 0.187080 -0.171596 -0.123668 -0.076602 0.572426 0.529021 0.086371 0.074223 -0.083515 -0.092317 -0.209525 -0.171463 0.445744 0.291203 0.221443 0.161946 0.183190 0.055852 -0.513571 -0.499551 -0.325138 -0.255800 -0.473551 -0.151663 -0.139483 -0.055447 -0.059531 0.268313 -0.296022 -0.281623 0.054041 -0.144481 0.198510 -0.003545 -0.245081 -0.204068 -0.300180 -0.437519 -0.079726 -0.348328 -0.022302 -0.030236 0.401076 -0.088568 -0.215185 -0.205795 0.568021 0.176180 0.341628 0.349439 -0.355369 0.016852 0.165885 0.274516 -0.260481 -0.068906 -0.209692 -0.082546 -0.160553 -0.033163 -0.258701 -0.024451 -0.539086 -0.468408 -0.292344 -0.280053 -0.097151 -0.045136 -0.044474 -0.231698 0.400056 0.047273 -0.173208 -0.033371 0.091689 0.193871 -0.181952 -0.204386 -0.352373 -0.160166 -0.435896 -0.378705 -0.020746 0.062051 -0.067331 0.033125 -0.039235 -0.031599 -0.192238 -0.145447 -0.196534 -0.087979 -0.087809 -0.433733 -0.241013 -0.073726 -0.058502 -0.118125
0.001433 -0.059267 0.640986 0.645369 -0.122500 -0.218780 0.707282 1.000000 -0.313818 -0.154321 0.097911 0.169596 0.191263 0.339641 -0.340043 -0.454297 -0.121057 -0.354718 0.115866 -0.108363 -0.215142 -0.095373 0.370943 0.508991 0.080896 0.084627 -0.198363 -0.157463 -0.241630 -0.039579 0.432358 0.460494 0.008178 0.113985 -0.002413 0.186077 -0.514520 -0.504973 -0.322801 -0.093206 -0.420907 -0.075158 -0.166474 -0.136947 -0.038265 0.252400 -0.308626 -0.197819 -0.031156 -0.169865 0.025344 -0.031781 -0.039830 -0.142619 -0.266922 -0.390489 -0.025507 -0.406607 0.028522 0.034531 0.407245 0.099516 -0.182735 -0.088305 0.436391 0.436790 0.114114 0.251317 -0.310166 -0.091037 0.007127 0.363767 -0.237851 -0.261271 -0.186886 -0.057169 -0.383811 -0.128469 -0.237991 -0.076417 -0.466708 -0.417664 -0.380850 -0.272604 -0.222906 -0.084871 0.000395 -0.287134 0.285510 0.055982 -0.041287 -0.044456 0.066367 -0.025996 -0.158058 -0.086396 -0.267195 -0.081925 -0.274019 -0.222392 -0.004440 -0.126418 -0.104840 -0.118016 -0.079028 -0.102866 -0.029715 -0.139786 -0.299326 -0.067177 -0.111889 -0.299995 -0.202295 -0.163665 -0.102921 -0.189024
-0.067643 -0.268993 -0.043205 -0.044199 0.711781 0.540139 -0.227104 -0.313818 1.000000 0.776289 -0.185149 -0.207872 -0.327685 -0.352960 0.568786 0.447132 -0.277919 -0.006073 0.246608 0.118566 0.296632 0.337948 -0.050426 -0.116154 -0.237753 0.032616 0.488381 0.103870 0.220030 -0.502229 -0.177278 -0.109901 -0.195656 -0.031312 -0.046004 0.082809 0.119508 0.307334 0.015406 0.104464 0.281868 -0.249463 -0.235361 -0.079921 -0.224505 -0.122477 0.044312 0.076525 -0.438377 -0.230780 -0.179867 -0.140213 -0.031106 -0.064792 0.143125 0.340753 -0.279446 -0.052923 -0.026075 0.093403 -0.200726 -0.124564 -0.047418 -0.049826 0.037618 0.042149 0.205995 0.158020 0.200251 0.241468 -0.272357 -0.220645 -0.090320 -0.064769 0.029839 0.407676 0.237723 0.164400 -0.266856 -0.288001 0.061348 0.027569 0.427496 -0.048121 0.248194 -0.016711 0.046272 0.199273 0.183915 0.299898 -0.076424 0.137066 0.023821 0.198128 0.353333 0.189717 0.216737 0.175992 0.134125 0.149600 0.082454 0.246968 0.242890 -0.071983 -0.125375 -0.146892 0.142171 0.045575 0.106006 0.161003 0.319806 0.112314 0.156557 -0.061606 0.010811 -0.035673
0.018846 -0.164842 -0.048493 0.116044 0.726687 0.695147 -0.274130 -0.154321 0.776289 1.000000 -0.318424 -0.076208 -0.405958 -0.272899 0.334532 0.356798 -0.153154 -0.100467 0.298876 0.190194 0.395410 0.467579 -0.084186 0.059245 -0.183970 0.102049 0.534597 0.253772 0.110450 -0.332754 -0.097083 0.044102 -0.298891 -0.144122 -0.169837 -0.089000 0.190356 0.266897 0.081588 0.191719 0.376716 -0.057328 -0.218205 -0.128620 -0.250689 -0.125154 0.052356 -0.034596 -0.429283 -0.279827 -0.316279 -0.225728 0.010412 -0.035955 0.222074 0.314847 -0.225446 -0.146869 -0.086974 -0.037267 -0.304161 -0.214382 -0.064663 -0.137153 -0.084887 0.004009 -0.049440 0.042560 0.178862 0.190917 -0.199756 -0.094780 -0.144840 -0.078731 0.004464 0.319214 -0.037404 0.087228 -0.332866 -0.395603 -0.029393 -0.055630 0.430228 0.125937 0.298151 0.146709 0.068449 0.225769 0.212900 0.338920 -0.033067 0.105228 0.155031 0.208315 0.233372 0.250318 0.078694 0.134612 0.039341 0.094803 0.172903 0.240173 0.152838 -0.109208 -0.060719 -0.086809 0.279727 0.087758 0.157129 0.160102 0.151924 0.140253 0.196009 -0.137496 0.060549 0.015796
0.395597 0.148665 -0.064020 -0.238475 -0.215313 -0.307272 0.196314 0.097911 -0.185149 -0.318424 1.000000 0.609372 0.774687 0.658291 0.141625 -0.089248 0.373909 0.252303 -0.249602 -0.341908 -0.342247 -0.324207 -0.024003 0.017625 0.137817 -0.150854 -0.380981 -0.230847 0.328771 0.008511 0.012843 0.007616 0.118251 0.060790 0.124116 0.300805 -0.090433 -0.246745 -0.113486 -0.176254 -0.245477 -0.127495 -0.140548 -0.057283 -0.113307 0.119098 -0.317486 -0.142397 0.227033 -0.193746 0.296306 0.138856 -0.336194 -0.413446 -0.251204 -0.301555 -0.065855 -0.087555 0.075524 -0.127194 0.648914 0.104918 0.098877 0.125882 0.217559 0.304232 -0.044973 0.012291 -0.170787 -0.026309 -0.146161 0.024652 -0.012012 -0.288069 -0.026117 -0.062116 -0.192720 -0.175666 0.130911 0.163433 0.055058 0.006106 -0.063265 -0.011370 0.168871 0.042212 0.154591 0.090311 0.133523 0.081055 -0.250687 -0.105180 0.066054 0.153431 -0.120395 0.033938 0.006470 -0.088726 -0.235160 -0.239935 0.053947 0.093706 -0.131774 -0.138477 -0.146337 -0.228556 -0.189189 -0.055457 0.005213 -0.043717 0.026534 -0.245951 -0.326180 0.073940 -0.112134 -0.078324
0.232638 0.132969 -0.094237 -0.218170 -0.049937 -0.246395 -0.017576 0.169596 -0.207872 -0.076208 0.609372 1.000000 0.634620 0.765138 0.013315 -0.140768 0.025205 0.094471 -0.371915 -0.387464 -0.454506 -0.335270 -0.028891 0.157307 0.246953 -0.125257 -0.300976 -0.175602 0.205945 0.145053 -0.021341 0.189781 -0.047324 -0.149544 -0.016588 0.373006 -0.107831 -0.209889 -0.053558 -0.021647 -0.292288 -0.131439 0.060206 0.172627 0.056013 0.479631 -0.219184 0.037056 0.208088 -0.152620 0.240988 0.271659 -0.450212 -0.345925 -0.168521 -0.155207 -0.099700 -0.298971 -0.030459 -0.218952 0.341751 -0.051546 -0.154949 -0.099963 0.187118 0.495358 -0.172936 0.059743 -0.209568 -0.130748 -0.310216 0.075078 -0.172444 -0.410968 0.081420 0.124391 -0.345601 -0.244495 0.099268 -0.083766 -0.138990 -0.148358 -0.199302 0.060323 0.072198 0.299747 0.140803 0.184228 0.064708 0.233403 -0.373058 -0.276570 0.148124 0.131768 -0.092985 0.144796 0.061512 -0.037777 -0.304934 -0.218878 0.216934 0.123560 -0.030179 -0.198146 -0.091761 -0.282879 0.064958 0.043759 -0.004424 -0.096939 -0.024262 -0.153974 -0.329761 0.086754 -0.037481 -0.009874
0.241786 0.027959 -0.000747 -0.217544 -0.331766 -0.427866 0.286750 0.191263 -0.327685 -0.405958 0.774687 0.634620 1.000000 0.796238 0.097834 -0.137607 0.123536 0.196224 -0.394611 -0.556802 -0.439849 -0.374886 -0.021734 0.127466 0.287447 0.032228 -0.466615 -0.213041 0.283946 0.068490 0.130693 0.116509 0.167098 -0.000101 0.165854 0.233074 -0.245972 -0.344459 -0.217709 -0.280147 -0.363375 -0.208215 0.039210 0.095799 0.050786 0.315819 -0.352622 -0.179509 0.360384 -0.114417 0.501102 0.297048 -0.352031 -0.342726 -0.297575 -0.349307 -0.084562 -0.248580 -0.062913 -0.232860 0.546331 0.002799 0.057020 0.025138 0.302117 0.249869 -0.053093 0.052877 -0.292700 -0.128548 -0.132203 0.004041 -0.059409 -0.223790 -0.060560 -0.095792 -0.303455 -0.342708 0.086530 0.141754 -0.090859 -0.118507 -0.237824 -0.092951 0.005673 0.117974 0.016004 0.062962 0.052720 -0.034445 -0.342433 -0.235318 0.044073 0.211985 -0.303999 -0.036707 -0.066258 -0.222738 -0.357288 -0.279983 0.051746 0.180242 -0.061112 0.043398 0.011011 -0.121338 -0.037369 0.133262 0.028659 -0.252923 -0.105128 -0.288104 -0.369051 0.167760 0.078661 0.097512
0.142295 0.099438 -0.063171 -0.183852 -0.321262 -0.460771 0.161167 0.339641 -0.352960 -0.272899 0.658291 0.765138 0.796238 1.000000 -0.143178 -0.215487 0.216406 0.133235 -0.399031 -0.591385 -0.533453 -0.421889 -0.098727 0.120819 0.298573 0.115260 -0.529836 -0.307398 0.274547 0.221792 0.282483 0.353058 0.210451 0.086260 0.038191 0.285988 -0.206273 -0.220444 -0.162878 -0.079711 -0.201758 -0.074557 0.131194 0.211114 0.072939 0.400118 -0.235667 -0.039340 0.348929 -0.111646 0.363203 0.343515 -0.272914 -0.314434 -0.175260 -0.209534 -0.009566 -0.239526 -0.098748 -0.218941 0.538689 0.101919 0.086167 0.129044 0.244923 0.424537 -0.177442 -0.044212 -0.376792 -0.303378 -0.288673 0.204472 0.035628 -0.343364 0.042894 0.116469 -0.376528 -0.342008 0.190119 0.107356 -0.048397 -0.053814 -0.373225 -0.050893 0.014945 0.164201 0.102814 0.066225 0.063868 0.083889 -0.413130 -0.388821 -0.045330 -0.015642 -0.193109 0.134993 0.057096 -0.098861 -0.261317 -0.194171 0.035642 0.121732 -0.071604 -0.143583 -0.117244 -0.314870 0.107173 0.046915 -0.062816 -0.169299 -0.143291 -0.203340 -0.276077 0.089982 -0.034667 -0.004501
-0.007772 -0.254534 -0.007931 0.018611 0.434783 0.356048 -0.066401 -0.340043 0.568786 0.334532 0.141625 0.013315 0.097834 -0.143178 1.000000 0.510362 -0.272640 0.123888 0.256170 0.042053 0.216695 0.279653 0.173681 0.145903 -0.069657 0.037401 0.314120 0.178888 0.371872 -0.267082 -0.155713 -0.122071 -0.148708 0.027379 0.183125 0.037139 0.015379 0.004571 -0.099350 -0.167090 0.002247 -0.185595 -0.149974 -0.081302 -0.152486 -0.134518 -0.165866 -0.141929 -0.300628 -0.214201 -0.019078 -0.087531 -0.282539 -0.197717 -0.162608 -0.035404 -0.339235 -0.189289 -0.253740 -0.210705 -0.092193 -0.159932 -0.043293 -0.136552 0.241650 -0.000985 0.065774 0.031778 0.025190 0.306982 -0.039339 -0.234125 -0.079886 0.072006 0.145033 0.156811 0.227221 -0.057572 -0.162620 -0.081090 0.020522 -0.053997 0.579281 0.309362 0.290026 0.101096 -0.023395 0.108182 0.135590 0.098967 -0.151615 0.011182 0.048035 0.264957 -0.010740 0.018711 -0.050257 -0.132242 -0.145693 -0.133145 -0.040379 0.131152 0.046278 -0.066000 0.003156 0.001408 -0.079541 0.000319 0.219047 0.070112 0.063584 -0.072901 -0.028904 0.211930 0.123883 0.006980
0.038679 0.203621 -0.360156 -0.253076 0.019378 0.453188 -0.413464 -0.454297 0.447132 0.356798 -0.089248 -0.140768 -0.137607 -0.215487 0.510362 1.000000 0.097686 0.406348 -0.080309 0.020266 0.364795 0.391259 -0.364886 -0.204055 -0.329791 0.031985 0.423416 0.377909 0.238598 0.065234 -0.327011 -0.326530 -0.088341 -0.035591 -0.289118 -0.212248 0.365917 0.235443 0.075226 0.078227 0.397535 0.174903 -0.086449 -0.167267 -0.185652 -0.493085 -0.064978 -0.129929 -0.145227 0.077095 -0.288169 0.015593 0.170018 0.119504 0.095297 0.130137 0.101964 0.155989 -0.057361 -0.049035 -0.142030 0.254177 0.447913 0.396245 -0.402393 -0.126488 -0.353496 -0.465016 0.085283 -0.098705 -0.150267 -0.236779 0.221252 0.325150 0.308292 0.280873 0.233859 -0.108442 0.159284 0.166711 0.467536 0.423477 0.478562 0.535425 0.000501 -0.156345 -0.167231 0.202363 -0.155487 -0.032721 0.162690 0.026074 -0.111318 -0.129602 -0.061214 0.268908 0.062185 -0.093522 0.274694 0.200840 0.146262 0.153233 0.170629 0.098051 0.013116 -0.033022 0.093910 0.110597 0.400578 0.017721 -0.050191 0.224622 0.295347 0.353201 0.119158 0.130522
0.251356 0.349922 -0.293788 -0.274194 -0.316764 -0.009845 -0.089036 -0.121057 -0.277919 -0.153154 0.373909 0.025205 0.123536 0.216406 -0.272640 0.097686 1.000000 0.415892 -0.163387 -0.111724 0.043735 -0.067553 -0.393912 -0.252167 0.008686 0.080924 -0.124271 0.060014 0.261173 0.355975 0.199269 0.017660 0.313007 0.235221 -0.082982 -0.374096 0.418145 0.095457 0.062271 -0.062995 0.365128 0.308117 -0.083238 -0.120721 -0.151299 -0.364542 0.023751 -0.175706 0.176918 0.084472 -0.144129 -0.100921 -0.003679 -0.114239 0.042920 -0.044173 0.261582 0.288168 -0.073407 -0.138070 0.265903 0.265956 0.512113 0.438227 -0.286513 -0.212433 -0.412419 -0.512039 -0.154275 -0.339010 0.032637 0.181324 0.407271 0.107799 0.002936 -0.132179 -0.020834 -0.074262 0.357541 0.411983 0.420222 0.406706 0.019206 0.291538 0.123465 -0.023833 -0.075843 -0.003198 -0.218978 -0.322388 -0.023031 -0.167669 -0.170609 -0.256020 -0.123996 0.110960 0.032332 -0.073479 0.070537 -0.059197 0.047389 0.002396 -0.098839 0.009284 -0.015581 0.034018 0.016168 0.043646 0.231203 0.015718 -0.219968 0.054983 0.151486 0.124438 0.051267 0.066218
0.307792 0.387351 -0.407069 -0.529256 -0.234665 -0.075667 -0.325047 -0.354718 -0.006073 -0.100467 0.252303 0.094471 0.196224 0.133235 0.123888 0.406348 0.415892 1.000000 -0.238263 -0.182714 -0.024282 -0.018969 -0.487938 -0.492732 -0.135841 -0.173001 -0.069486 0.052048 0.446004 0.407215 -0.190582 -0.358954 0.188664 -0.035223 -0.114393 -0.300627 0.440515 0.207340 -0.131613 -0.119293 0.337798 0.145002 0.041048 -0.022874 -0.105157 -0.401148 -0.140978 -0.176787 0.193530 0.157166 -0.000863 0.190458 0.020433 0.008265 0.264487 0.210979 0.224504 0.294326 0.063001 -0.015182 0.156806 0.387581 0.548301 0.577249 -0.249895 -0.117584 -0.308052 -0.619163 -0.049356 -0.335743 -0.085498 -0.011360 0.423596 0.244533 0.209426 0.115531 0.075397 -0.288637 0.458146 0.416764 0.567578 0.572247 0.102516 0.277856 -0.141148 -0.177691 -0.285066 -0.073538 -0.402425 -0.285807 -0.037426 -0.238841 -0.360939 -0.299547 -0.119356 0.329077 0.225933 -0.085436 0.333936 0.257267 0.062340 0.015494 0.065226 0.015409 -0.035344 -0.095837 0.126238 0.202341 0.247153 -0.104092 -0.220718 0.086763 0.052302 0.298753 0.096565 0.184927
0.069470 -0.029158 0.534062 0.561710 0.433229 0.326795 0.187080 0.115866 0.246608 0.298876 -0.249602 -0.371915 -0.394611 -0.399031 0.256170 -0.080309 -0.163387 -0.238263 1.000000 0.709669 0.390711 0.475944 0.424874 0.299171 -0.133629 0.041636 0.287277 0.176849 -0.019990 -0.272262 0.197928 0.168171 -0.285533 0.110936 -0.056978 -0.178702 -0.219036 -0.083853 0.015070 0.127775 -0.012264 0.148953 -0.396163 -0.451148 -0.491775 -0.365575 -0.204220 -0.329845 -0.574572 -0.478658 -0.463001 -0.507894 0.022270 -0.164295 0.041389 0.024551 -0.203905 0.073294 0.031698 0.152093 -0.155435 -0.084874 -0.112066 -0.171104 0.182930 -0.093715 0.288581 0.156151 0.294041 0.351410 0.069112 0.027002 -0.211620 0.070391 -0.181824 -0.079636 -0.046597 0.157681 -0.335589 -0.170818 -0.229710 -0.207207 0.380325 0.022510 0.057025 -0.170132 0.072794 -0.003399 0.369497 0.159482 0.146825 0.232925 0.130007 0.175166 0.093356 -0.083924 -0.313192 0.027189 -0.090410 -0.135338 -0.164256 -0.120902 -0.044660 -0.155392 -0.086868 0.079202 -0.193161 -0.203543 -0.213476 0.207589 -0.075067 -0.312644 0.006900 -0.265548 -0.092450 -0.194613
0.178478 0.300481 0.226279 0.344105 0.284092 0.267245 -0.171596 -0.108363 0.118566 0.190194 -0.341908 -0.387464 -0.556802 -0.591385 0.042053 0.020266 -0.111724 -0.182714 0.709669 1.000000 0.396168 0.412246 0.170865 0.041785 -0.336477 -0.291611 0.312574 0.177128 -0.217278 -0.166609 -0.270699 -0.190079 -0.485200 -0.099617 -0.297131 -0.178162 0.018368 -0.022366 0.111860 0.106601 0.025482 0.182589 -0.383035 -0.506894 -0.373608 -0.489413 -0.128160 -0.197876 -0.422610 -0.239711 -0.527304 -0.433848 0.267195 0.062985 0.071789 -0.031548 0.178508 0.390824 0.334363 0.378603 -0.265987 0.038619 -0.031247 -0.077637 -0.263407 -0.208508 0.185448 0.030898 0.649874 0.488993 0.119387 -0.230365 -0.165577 0.076605 -0.150576 -0.292899 -0.003685 0.146693 -0.218539 -0.199566 0.037275 -0.013593 0.477169 0.095016 -0.068482 -0.288818 0.113504 -0.041176 0.157065 0.028385 0.470887 0.416567 0.119555 0.005289 0.025228 -0.126257 -0.219702 0.013266 0.139394 0.042504 -0.185781 -0.345479 -0.143691 -0.064127 0.099872 0.245136 -0.178138 -0.108487 -0.136526 0.144876 0.017318 -0.097520 0.009520 -0.259870 -0.095168 -0.134968
0.009927 0.000595 0.061873 0.174496 0.271461 0.619621 -0.123668 -0.215142 0.296632 0.395410 -0.342247 -0.454506 -0.439849 -0.533453 0.216695 0.364795 0.043735 -0.024282 0.390711 0.396168 1.000000 0.848764 -0.034074 0.128780 -0.170699 0.157283 0.582776 0.532599 -0.100369 -0.072086 -0.071032 -0.155542 -0.204597 -0.207989 -0.064782 -0.391992 -0.003001 0.150088 0.185052 0.160640 0.222359 0.254227 -0.132828 -0.219172 -0.220248 -0.421910 0.125390 -0.130187 -0.389303 -0.069589 -0.471176 -0.399944 0.064110 0.042002 0.265935 0.224107 -0.037957 0.057912 -0.107810 -0.083676 -0.459224 -0.242849 -0.002264 -0.159048 -0.300329 -0.435666 -0.182929 -0.125948 0.079197 0.008064 0.375638 0.008185 0.046976 0.414982 -0.112115 0.029688 0.287456 0.320583 -0.309212 -0.005968 0.011607 -0.005690 0.355807 0.177909 -0.056639 -0.107766 -0.072089 0.039909 0.116829 0.020455 0.283165 0.289164 0.181512 0.151972 0.063952 -0.016707 -0.101865 0.074605 0.153558 0.104745 0.031097 -0.095567 -0.107314 -0.013083 0.067695 0.211935 -0.085092 -0.116801 0.044262 0.257997 -0.008727 0.082385 0.362129 0.022709 -0.041856 -0.122698
0.081784 0.037539 0.189415 0.257782 0.343955 0.644871 -0.076602 -0.095373 0.337948 0.467579 -0.324207 -0.335270 -0.374886 -0.421889 0.279653 0.391259 -0.067553 -0.018969 0.475944 0.412246 0.848764 1.000000 -0.007338 0.202386 -0.240260 0.124504 0.624861 0.527094 -0.059136 -0.107186 -0.051451 -0.116119 -0.286425 -0.250376 -0.132680 -0.384930 -0.153948 -0.055044 0.007730 0.075923 0.072253 0.166727 -0.153714 -0.242010 -0.270053 -0.371630 -0.030191 -0.258622 -0.429281 -0.158049 -0.447939 -0.377751 0.032175 -0.038758 0.191211 0.121141 -0.051903 0.022957 -0.050066 -0.025816 -0.358067 -0.167964 -0.012107 -0.140314 -0.209758 -0.304604 -0.096593 -0.106804 0.128062 0.044994 0.244712 -0.005210 -0.067085 0.360283 -0.127435 0.075758 0.136798 0.174240 -0.271754 0.025399 -0.076538 -0.088267 0.363548 0.219264 -0.098558 -0.114981 -0.147152 0.025270 0.227124 0.076971 0.276549 0.238311 0.134338 0.097531 -0.058707 0.020325 -0.192726 -0.055335 0.054801 -0.002593 -0.073690 -0.138871 -0.179060 -0.028350 0.100955 0.197478 -0.104726 -0.095743 0.031443 0.202196 -0.115636 -0.052706 0.333892 0.086687 0.017444 -0.124052
-0.171263 -0.364625 0.704882 0.578289 0.276805 0.104209 0.572426 0.370943 -0.050426 -0.084186 -0.024003 -0.028891 -0.021734 -0.098727 0.173681 -0.364886 -0.393912 -0.487938 0.424874 0.170865 -0.034074 -0.007338 1.000000 0.658628 0.359852 0.097110 0.175863 0.117495 -0.446711 -0.405610 0.275815 0.159688 -0.042643 0.037700 0.385319 0.337048 -0.407856 -0.214444 0.061666 0.051440 -0.457631 -0.165137 -0.061139 -0.000107 -0.131646 0.240705 -0.060825 -0.018736 -0.179572 -0.361245 0.220250 -0.145413 -0.150373 -0.137179 -0.060095 -0.131517 -0.118896 -0.277262 -0.079495 -0.139282 0.043722 -0.408851 -0.635585 -0.565896 0.496832 0.118319 0.375394 0.561174 0.037309 0.344885 0.151990 0.032103 -0.643085 -0.162333 -0.153743 -0.136061 -0.029157 0.055677 -0.393327 -0.414261 -0.702311 -0.600479 -0.078194 -0.192611 0.188827 0.156298 0.343318 -0.011765 0.592620 0.296224 -0.142356 0.088894 0.195191 0.386473 0.069577 -0.144253 -0.167034 0.070358 -0.302152 -0.221879 -0.102346 0.080333 -0.169158 -0.131539 -0.159738 -0.095290 -0.292695 -0.295874 -0.226681 0.011688 0.159867 -0.232539 -0.278040 -0.181617 -0.181753 -0.161326
-0.081491 -0.243561 0.538013 0.666377 0.118859 0.117337 0.529021 0.508991 -0.116154 0.059245 0.017625 0.157307 0.127466 0.120819 0.145903 -0.204055 -0.252167 -0.492732 0.299171 0.041785 0.128780 0.202386 0.658628 1.000000 0.218550 0.307934 0.077734 0.176087 -0.293711 -0.242750 0.379693 0.503197 -0.014655 0.182805 0.162436 0.267249 -0.419332 -0.279607 -0.022557 0.099225 -0.367581 0.014627 -0.108709 -0.116454 -0.133235 0.234337 -0.185395 -0.136952 -0.324308 -0.413164 -0.088615 -0.281634 -0.200870 -0.229822 -0.208470 -0.310446 -0.038735 -0.390837 -0.230488 -0.410527 0.090944 -0.396523 -0.411836 -0.493330 0.412627 0.269045 -0.079314 0.314139 -0.159860 0.199797 0.182237 0.195661 -0.460564 -0.077267 -0.061870 -0.033202 -0.130088 0.059999 -0.502920 -0.329066 -0.621332 -0.627066 -0.054291 -0.028016 0.125777 0.215394 0.293633 0.210714 0.518908 0.215856 -0.055708 0.115520 0.412331 0.398888 -0.044969 -0.003071 -0.340693 0.012913 -0.352169 -0.274840 0.111102 0.110410 -0.088678 -0.160819 -0.142708 -0.141916 -0.216950 -0.293610 -0.178790 0.104549 0.082726 -0.099759 -0.040739 -0.026449 -0.174839 -0.223135
-0.291037 -0.309602 0.069265 -0.107560 -0.086113 -0.077976 0.086371 0.080896 -0.237753 -0.183970 0.137817 0.246953 0.287447 0.298573 -0.069657 -0.329791 0.008686 -0.135841 -0.133629 -0.336477 -0.170699 -0.240260 0.359852 0.218550 1.000000 0.542096 -0.146631 0.139960 -0.052524 -0.088826 0.438013 0.348005 0.291703 0.197523 0.496667 0.267281 -0.132585 0.042088 0.113472 0.063034 -0.205889 -0.004793 0.354150 0.384096 0.187298 0.398567 0.139382 0.110708 0.074567 -0.137220 0.445738 0.117171 -0.233572 -0.128423 0.017277 0.059715 -0.198960 -0.283987 -0.413171 -0.441892 -0.055590 -0.330698 -0.373755 -0.315025 0.306248 0.072171 -0.127494 0.182881 -0.220504 -0.134307 0.086389 0.139931 -0.174440 -0.134021 -0.027577 -0.067664 -0.078896 -0.036185 -0.064222 -0.132968 -0.340128 -0.273529 -0.320549 -0.183600 0.247144 0.355478 0.320304 0.113678 -0.024053 -0.018134 -0.376794 -0.319108 0.009385 0.199398 0.022112 -0.030227 0.109151 0.016340 -0.144428 -0.087258 0.153624 0.186696 -0.052600 -0.094171 -0.119471 -0.119312 0.054640 0.003730 -0.011409 -0.249090 -0.046356 0.118622 -0.093478 0.066620 0.111878 0.223214
-0.394859 -0.336555 0.095670 0.110960 0.024889 0.204362 0.074223 0.084627 0.032616 0.102049 -0.150854 -0.125257 0.032228 0.115260 0.037401 0.031985 0.080924 -0.173001 0.041636 -0.291611 0.157283 0.124504 0.097110 0.307934 0.542096 1.000000 0.105712 0.332332 0.079852 0.022198 0.619821 0.598363 0.252441 0.445111 0.342866 0.010176 -0.008829 -0.023053 0.036283 0.010683 0.155098 0.157981 0.208235 0.276641 0.132146 0.146919 0.052046 -0.028929 -0.142865 -0.039952 0.031143 -0.093933 -0.111064 -0.217250 -0.146170 0.029306 -0.219449 -0.315220 -0.542601 -0.546591 -0.237952 -0.252290 -0.083251 -0.144112 0.122372 -0.086202 -0.360071 -0.118372 -0.378945 -0.276854 -0.024041 0.205260 0.137066 0.043852 0.014196 0.158626 0.033253 -0.010596 -0.070573 0.040600 -0.105010 -0.073288 -0.044975 0.124653 0.232851 0.291112 0.089217 0.116449 -0.030640 -0.115506 -0.364867 -0.324975 -0.061871 0.038655 -0.064688 0.038380 -0.040847 -0.095316 -0.167696 -0.152948 0.054585 0.100313 -0.010536 -0.095264 -0.014360 0.027137 0.050730 0.052378 0.197917 -0.174723 -0.222573 0.167747 0.206871 0.165498 0.261426 0.229320
-0.009059 -0.001188 0.236003 0.127995 0.588588 0.907389 -0.083515 -0.198363 0.488381 0.534597 -0.380981 -0.300976 -0.466615 -0.529836 0.314120 0.423416 -0.124271 -0.069486 0.287277 0.312574 0.582776 0.624861 0.175863 0.077734 -0.146631 0.105712 1.000000 0.754691 -0.124780 -0.215012 -0.164705 -0.190636 -0.240483 -0.245749 -0.040426 -0.214042 0.034842 0.011676 0.074433 -0.000462 0.126481 -0.018491 -0.101591 -0.045361 -0.203890 -0.263511 0.039431 -0.068825 -0.242731 -0.030881 -0.300949 -0.110995 -0.032106 -0.059391 0.218371 0.263401 -0.032945 0.002268 0.037710 -0.019420 -0.404521 -0.201642 -0.179987 -0.195889 -0.274035 -0.322689 -0.063743 -0.115569 0.204243 0.020339 0.003200 -0.137685 -0.186290 0.083637 -0.162866 0.082689 0.110283 -0.013563 -0.192846 -0.230415 -0.142648 -0.154327 0.432562 0.271831 -0.010269 -0.100230 -0.023312 0.103764 0.183143 0.169069 0.029287 0.092814 -0.088605 0.067000 -0.063061 0.145383 0.088505 -0.060925 0.056372 0.066363 -0.011912 0.041345 -0.108274 -0.001801 0.172284 0.203612 0.031171 0.065501 0.378953 0.029519 -0.064907 0.044239 0.142604 0.108686 0.159996 0.099181
0.016763 0.140869 0.132329 0.072525 0.207590 0.770312 -0.092317 -0.157463 0.103870 0.253772 -0.230847 -0.175602 -0.213041 -0.307398 0.178888 0.377909 0.060014 0.052048 0.176849 0.177128 0.532599 0.527094 0.117495 0.176087 0.139960 0.332332 0.754691 1.000000 -0.052042 -0.028269 0.009171 -0.064436 -0.053070 -0.137101 0.004331 -0.240142 0.007342 -0.056611 -0.007893 -0.038896 0.103672 0.157613 -0.022598 -0.060054 -0.163531 -0.263987 -0.103209 -0.229717 -0.175955 -0.033618 -0.246458 -0.152499 -0.030934 -0.143082 0.129324 0.120052 0.027965 -0.022660 -0.104909 -0.274246 -0.382469 -0.219203 -0.051392 -0.154243 -0.275614 -0.320413 -0.395957 -0.300271 0.045287 -0.141482 0.040107 -0.130393 -0.034988 0.099928 -0.232841 -0.120707 -0.047103 -0.155925 -0.087680 -0.004339 -0.094000 -0.113690 0.297806 0.346668 -0.067084 -0.024498 -0.025160 0.203978 0.008960 -0.043138 -0.011592 -0.036161 -0.014421 0.114658 -0.270810 0.143850 -0.057832 -0.236454 -0.010951 0.013674 0.063410 0.065633 -0.185438 0.121608 0.272352 0.316765 0.075262 0.183195 0.426059 -0.110181 -0.294155 0.088896 0.181812 0.337620 0.312977 0.281767
0.123979 0.155461 -0.248031 -0.355580 0.108740 -0.020142 -0.209525 -0.241630 0.220030 0.110450 0.328771 0.205945 0.283946 0.274547 0.371872 0.238598 0.261173 0.446004 -0.019990 -0.217278 -0.100369 -0.059136 -0.446711 -0.293711 -0.052524 0.079852 -0.124780 -0.052042 1.000000 0.334019 0.104851 0.228515 0.186193 0.317524 -0.008923 -0.161208 0.234461 0.078968 -0.280997 -0.197102 0.325216 -0.020997 -0.013490 0.053792 -0.101884 -0.112630 -0.263658 -0.174088 -0.057025 -0.153164 -0.072762 0.037432 -0.191057 -0.235248 -0.136001 -0.034798 -0.286395 0.026588 -0.157268 -0.087892 0.138009 0.204197 0.537530 0.417839 0.004092 -0.010787 -0.150011 -0.392255 -0.229168 -0.228646 -0.343645 0.091007 0.608911 -0.124476 0.179681 0.293051 -0.082827 -0.264445 0.414063 0.283991 0.527552 0.477688 0.323111 0.308330 0.084860 0.039412 -0.256317 -0.017721 -0.367998 -0.266997 -0.374778 -0.446931 -0.347007 -0.199356 -0.042808 0.377332 0.066238 -0.208731 -0.038932 -0.133700 -0.090016 0.068549 0.074556 -0.210866 -0.077637 -0.116614 0.129661 0.166677 0.377118 0.013557 -0.273894 -0.041953 -0.102797 0.289480 0.166690 0.224493
0.077321 0.335007 -0.278754 -0.246250 -0.376664 -0.219898 -0.171463 -0.039579 -0.502229 -0.332754 0.008511 0.145053 0.068490 0.221792 -0.267082 0.065234 0.355975 0.407215 -0.272262 -0.166609 -0.072086 -0.107186 -0.405610 -0.242750 -0.088826 0.022198 -0.215012 -0.028269 0.334019 1.000000 0.127750 0.076989 0.200093 0.148019 -0.142506 -0.398135 0.301914 -0.025717 0.022523 -0.010730 0.273191 0.355241 0.213385 0.141826 0.160848 -0.159996 0.036377 -0.026558 0.292933 0.284257 -0.162343 0.113813 -0.016606 0.091327 0.053023 0.005814 0.169249 0.132523 -0.113796 -0.113289 -0.114849 0.232945 0.437341 0.361394 -0.333428 -0.270721 -0.455333 -0.627611 -0.338763 -0.575614 0.081696 0.410980 0.609153 0.241972 0.298482 0.104791 -0.005982 -0.117917 0.589607 0.470933 0.510088 0.574419 -0.094558 0.476085 -0.243131 0.050887 -0.346310 -0.232157 -0.570361 -0.389800 -0.049424 -0.396781 -0.314807 -0.459443 -0.180032 0.235084 0.039446 -0.100265 0.103017 -0.011834 -0.073783 -0.182553 -0.010623 -0.032013 0.025566 0.023060 -0.066026 -0.003819 0.194467 -0.038918 -0.429843 0.084691 0.023861 0.225024 -0.045885 0.067635
-0.195345 -0.262871 0.366604 0.353163 -0.054230 -0.037207 0.445744 0.432358 -0.177278 -0.097083 0.012843 -0.021341 0.130693 0.282483 -0.155713 -0.327011 0.199269 -0.190582 0.197928 -0.270699 -0.071032 -0.051451 0.275815 0.379693 0.438013 0.619821 -0.164705 0.009171 0.104851 0.127750 1.000000 0.678388 0.411640 0.510034 0.286637 -0.061749 -0.232255 -0.111510 -0.057656 0.111694 -0.059251 0.164500 0.096338 0.151422 -0.051279 0.165044 0.009223 -0.054606 -0.164408 -0.225052 -0.053760 -0.204882 -0.275563 -0.252803 -0.069724 -0.015421 -0.167404 -0.227547 -0.461054 -0.351034 0.070434 -0.102150 -0.031143 -0.018252 0.362876 0.035198 -0.108196 0.020315 -0.482487 -0.402322 0.040909 0.591139 0.135888 0.005343 -0.058703 0.121908 -0.048101 0.113252 -0.064747 0.158547 -0.305302 -0.137395 -0.233821 -0.062607 0.082047 0.162723 0.075684 -0.006654 0.125740 -0.030215 -0.399631 -0.374630 -0.060706 -0.005159 0.031543 0.070357 -0.091935 0.033949 -0.256856 -0.261131 0.036046 0.130726 0.062864 -0.165133 -0.208459 -0.159701 -0.051303 -0.218306 -0.075961 -0.021693 -0.210621 -0.124689 0.046211 0.049519 -0.016250 -0.087686
-0.194754 -0.175753 0.285640 0.332954 0.029142 -0.083012 0.291203 0.460494 -0.109901 0.044102 0.007616 0.189781 0.116509 0.353058 -0.122071 -0.326530 0.017660 -0.358954 0.168171 -0.190079 -0.155542 -0.116119 0.159688 0.503197 0.348005 0.598363 -0.190636 -0.064436 0.228515 0.076989 0.678388 1.000000 0.225856 0.574835 0.090491 0.190356 -0.191594 -0.129273 -0.120453 0.083058 0.006461 0.068387 0.022981 0.093076 0.044764 0.320652 -0.122678 -0.039478 -0.179652 -0.234611 -0.105865 -0.119736 -0.208526 -0.319708 -0.318975 -0.169541 -0.216951 -0.361709 -0.333471 -0.309400 0.107419 -0.112588 -0.053407 -0.081008 0.343052 0.267032 -0.194234 0.030568 -0.408803 -0.199281 -0.143682 0.444168 0.134355 -0.286546 0.026967 0.174551 -0.250996 -0.022694 -0.073530 -0.089420 -0.238700 -0.223043 -0.137330 0.007463 0.046309 0.138903 0.093723 0.068541 0.018473 -0.043326 -0.366421 -0.291985 0.021719 0.036215 0.033558 0.148638 -0.122218 -0.015627 -0.307062 -0.274751 0.059878 0.078996 0.073308 -0.320493 -0.228192 -0.203869 0.022358 -0.117722 -0.041367 0.047611 -0.149549 -0.006428 0.015997 -0.009180 0.021852 0.018967
-0.040910 0.045270 -0.089280 -0.158825 -0.341932 -0.202495 0.221443 0.008178 -0.195656 -0.298891 0.118251 -0.047324 0.167098 0.210451 -0.148708 -0.088341 0.313007 0.188664 -0.285533 -0.485200 -0.204597 -0.286425 -0.042643 -0.014655 0.291703 0.252441 -0.240483 -0.053070 0.186193 0.200093 0.411640 0.225856 1.000000 0.601273 0.182828 -0.068495 0.078804 0.101441 -0.056821 -0.007443 0.124386 0.012232 0.200215 0.233401 0.142256 0.063755 0.074713 0.053217 0.228551 0.161161 0.180593 0.142081 -0.084963 -0.019819 0.042567 0.023169 0.132062 0.089580 -0.284253 -0.220707 0.137745 0.069591 0.205883 0.287515 0.051988 -0.056550 -0.156824 -0.214237 -0.358111 -0.367401 -0.081675 0.216771 0.324918 0.009580 0.185780 0.209991 0.066836 -0.114684 0.321598 0.181329 0.066287 0.115179 -0.258601 -0.079744 0.025688 0.004880 0.017794 0.031026 -0.195002 -0.287828 -0.265149 -0.294632 -0.256206 -0.177121 0.082669 0.231566 0.267994 0.042078 0.104061 0.082803 0.049239 0.212199 0.090362 -0.090728 -0.176996 -0.248074 0.089384 0.049149 0.166885 -0.024059 -0.037424 0.242618 0.179137 0.279844 -0.007936 0.195042
-0.163116 0.019198 0.021275 0.172759 -0.179043 -0.181955 0.161946 0.113985 -0.031312 -0.144122 0.060790 -0.149544 -0.000101 0.086260 0.027379 -0.035591 0.235221 -0.035223 0.110936 -0.099617 -0.207989 -0.250376 0.037700 0.182805 0.197523 0.445111 -0.245749 -0.137101 0.317524 0.148019 0.510034 0.574835 0.601273 1.000000 0.125135 0.084365 0.146876 0.054593 -0.111547 0.035588 0.181026 0.136386 -0.058374 -0.035575 -0.006970 -0.089306 -0.033242 -0.021583 -0.160083 -0.068193 -0.161077 -0.129629 0.046080 -0.059471 -0.232049 -0.170863 0.058467 0.113862 -0.302351 -0.176962 0.153665 0.208532 0.283837 0.332806 0.161762 0.125095 -0.151839 -0.210130 -0.208838 -0.115380 -0.179042 0.285844 0.386988 -0.097733 0.232699 0.214156 0.013274 -0.065302 0.203571 0.091534 0.208797 0.174146 0.095137 0.092141 0.181930 -0.008921 0.172463 0.102361 -0.169346 -0.309481 -0.176212 -0.258112 -0.252527 -0.270617 0.090580 0.189754 0.053719 0.020640 0.040767 -0.051872 -0.001971 0.015067 0.171169 -0.313345 -0.278061 -0.302566 -0.083254 -0.136001 0.126191 0.066698 -0.045095 0.199960 0.100884 0.083343 -0.070535 0.082502
-0.443207 -0.567927 0.074051 0.023336 0.069477 -0.040758 0.183190 -0.002413 -0.046004 -0.169837 0.124116 -0.016588 0.165854 0.038191 0.183125 -0.289118 -0.082982 -0.114393 -0.056978 -0.297131 -0.064782 -0.132680 0.385319 0.162436 0.496667 0.342866 -0.040426 0.004331 -0.008923 -0.142506 0.286637 0.090491 0.182828 0.125135 1.000000 0.290115 0.001694 0.017446 -0.091472 -0.226698 -0.094454 -0.250215 0.356149 0.525212 0.153704 0.339242 0.282492 0.217189 0.020213 -0.059360 0.496452 0.039902 -0.238142 -0.101884 -0.089944 0.005921 -0.334310 -0.385580 -0.386691 -0.439097 -0.075821 -0.464820 -0.447702 -0.429047 0.452895 -0.007861 0.129476 0.281254 -0.309880 -0.058608 0.297255 0.025322 -0.115828 0.005324 -0.141829 -0.082725 0.226976 0.107299 -0.098344 0.057415 -0.273818 -0.227326 -0.069031 -0.232791 0.396073 0.473511 0.066900 -0.122603 0.146322 -0.027105 -0.455765 -0.254901 -0.076810 0.131430 -0.033587 -0.169844 0.105040 -0.085817 -0.199375 -0.167696 -0.112681 0.034593 -0.250975 -0.086622 -0.038134 0.015223 -0.062168 0.044491 0.155113 -0.177612 0.024993 -0.037389 -0.209416 -0.027640 0.210863 0.158196
-0.187516 -0.227482 0.018776 0.057028 -0.006044 -0.274461 0.055852 0.186077 0.082809 -0.089000 0.300805 0.373006 0.233074 0.285988 0.037139 -0.212248 -0.374096 -0.300627 -0.178702 -0.178162 -0.391992 -0.384930 0.337048 0.267249 0.267281 0.010176 -0.214042 -0.240142 -0.161208 -0.398135 -0.061749 0.190356 -0.068495 0.084365 0.290115 1.000000 -0.209498 0.040785 -0.011196 0.203745 -0.327063 -0.160166 0.128402 0.219667 0.230925 0.558872 0.029543 0.391025 -0.079971 -0.221972 0.323338 0.139592 0.026390 -0.037487 -0.213712 -0.065804 -0.005912 -0.262454 0.106551 -0.124069 0.257146 -0.170318 -0.460168 -0.285156 0.351637 0.611437 0.165685 0.475630 0.111527 0.256804 -0.259692 -0.067081 -0.347818 -0.417846 0.123101 0.175847 0.004662 0.094570 -0.144372 -0.392087 -0.319792 -0.327459 -0.161301 -0.314978 0.180260 0.143491 0.495940 0.255436 0.255961 0.382748 -0.197742 0.022909 0.200278 0.202581 0.249364 0.080268 0.180123 0.240764 -0.025959 0.055621 0.131982 0.146463 -0.010444 -0.248398 -0.353746 -0.458937 -0.153665 -0.176876 -0.220223 -0.020871 0.416906 0.144021 -0.261081 -0.134196 -0.214626 -0.111574
