1.000000 0.130797 0.407873 0.070475 0.072381 -0.344780 0.495882 -0.088114 0.467387 0.051572 0.708034 0.150138 0.427583 0.066835 0.443892 0.176111 0.166727 0.387321 0.671634 0.370606 0.155225 -0.006532 0.460194 0.275905 -0.108843 -0.302999 0.052962 -0.237289 0.596689 0.029908 0.173582 0.034588 0.363825 0.368183 -0.264792 -0.318433 0.058091 0.065613 0.136061 -0.441908 0.153782 0.339163 -0.251966 -0.370111 -0.081497 -0.448302 -0.168416 -0.214715 0.119753 -0.415444 0.317293 -0.135788 0.088001 -0.238239 -0.197115 -0.395444 0.298337 0.045199 -0.093754 -0.372258 0.226163 -0.100129 -0.040452 0.245095 0.652423 0.046617 -0.285747 -0.418782 0.338055 -0.077613 -0.034357 -0.101621 0.289961 0.026468 0.225151 0.453158 0.185807 0.199347 -0.306692 -0.104669 -0.038501 0.003899 0.220725 0.064315 0.265628 -0.174001 0.126294 0.032663 0.515681 -0.181413 -0.121043 -0.062612 -0.350054 -0.062933 -0.186547 -0.389905 0.067032 -0.316216 -0.181884 0.107081 -0.184136 -0.049605 -0.366843 -0.454890 -0.384316 -0.441372 -0.001779 -0.012360 -0.117910 -0.183014 0.088302 -0.150922 -0.402705 -0.321150 -0.149095 -0.444108
0.130797 1.000000 -0.193224 0.541526 -0.329283 -0.041417 -0.023620 0.567277 0.271318 0.449743 0.226429 0.649929 -0.162390 0.508312 0.090972 0.541017 0.119108 0.507685 -0.032899 -0.060138 -0.086650 0.134809 -0.018600 0.033706 -0.236085 -0.115797 -0.512669 -0.523667 -0.022101 0.274042 -0.021398 0.034194 0.057075 0.214129 -0.230401 -0.350891 0.041034 0.221841 -0.318183 -0.105619 0.202871 0.372411 -0.542944 -0.274512 -0.463630 -0.068567 -0.492847 -0.367023 -0.271450 -0.254751 -0.205540 0.232648 -0.252902 -0.420423 -0.424041 -0.276103 0.268562 0.183481 -0.364472 -0.012507 -0.188887 -0.020346 -0.314069 -0.144152 0.268372 0.444020 -0.419742 -0.259210 0.160146 0.152861 -0.018108 -0.171062 0.112726 -0.136394 0.374438 0.355119 0.237505 0.005287 0.267270 -0.093246 0.062234 -0.043565 -0.212794 0.312270 0.118641 -0.000748 -0.041602 -0.120256 0.104608 0.105344 -0.154511 -0.258533 -0.005468 -0.000120 -0.160450 -0.020610 -0.226494 -0.119348 -0.057146 -0.128822 0.269982 -0.148773 -0.011820 -0.300679 -0.227560 -0.196662 -0.086097 0.126308 -0.078226 -0.089705 -0.151356 0.073172 -0.217695 -0.241372 -0.104071 -0.141230
0.407873 -0.193224 1.000000 0.009474 0.357494 -0.126193 0.556739 -0.062799 0.280875 -0.181520 0.440955 -0.082128 0.191252 -0.150668 0.413171 -0.055585 -0.038270 -0.164228 0.758242 0.448413 0.157198 -0.139431 0.706234 0.338849 0.344591 0.184837 0.448104 0.091091 0.301747 -0.162623 0.695735 0.524347 0.500004 0.247123 -0.161730 -0.123286 0.079622 -0.027946 -0.157331 -0.374806 0.077800 0.052850 -0.011989 -0.004097 0.112801 -0.230872 0.079069 0.119645 0.042411 -0.524212 0.436752 -0.448684 0.004668 -0.272193 -0.301471 -0.278703 0.153487 -0.090625 -0.322292 -0.489649 -0.002302 -0.303741 -0.308410 0.063367 0.418656 -0.479653 -0.079910 -0.137190 0.341217 -0.031470 -0.178663 -0.059545 0.020558 -0.018280 0.196431 0.125114 0.008047 0.023959 -0.213572 -0.183608 -0.372367 -0.188376 0.396746 0.046481 0.066825 -0.225511 0.251775 -0.044478 0.454915 -0.123811 -0.133776 -0.052933 -0.104653 0.016821 -0.075853 -0.188082 0.119176 -0.071049 -0.123897 0.071826 -0.065017 0.132301 -0.331329 -0.208201 -0.310353 -0.335724 -0.072010 0.051736 0.013499 -0.050501 0.440102 -0.050373 -0.088032 -0.302417 -0.116652 -0.205668
0.070475 0.541526 0.009474 1.000000 -0.251741 0.147354 -0.075356 0.642443 -0.033305 0.354980 0.282507 0.499563 -0.286611 0.061764 -0.030308 -0.002533 0.029608 0.239321 0.004056 -0.032084 -0.195643 0.075739 0.286433 0.433221 0.012528 0.183610 -0.364811 -0.043022 -0.054939 -0.090351 0.393704 0.520048 0.097138 -0.027547 -0.195293 -0.099112 -0.017781 0.039166 -0.377891 -0.168521 0.155216 0.139792 -0.284981 0.158563 -0.412840 0.079631 -0.209455 -0.168107 -0.287117 -0.467390 0.021761 -0.120198 -0.242618 -0.392921 -0.373234 -0.334961 0.267716 0.001887 -0.469769 -0.208249 -0.495971 -0.357186 -0.399449 -0.268899 0.145517 -0.060088 -0.268343 -0.202320 0.172357 -0.071609 -0.040144 -0.202239 -0.182376 -0.270370 0.069331 0.215542 -0.011982 -0.070561 0.260826 -0.130203 -0.108686 -0.250146 -0.015603 0.335176 0.379516 -0.096048 0.148122 0.107821 0.380820 0.586508 -0.204425 -0.233319 -0.040274 0.048033 -0.017609 0.090075 -0.076462 -0.101012 -0.189386 -0.284741 0.076345 -0.076321 -0.183210 -0.318680 -0.274992 -0.204101 -0.138897 -0.109955 -0.017183 -0.179461 0.035144 0.090742 -0.102207 -0.242379 0.035085 0.015441
0.072381 -0.329283 0.357494 -0.251741 1.000000 0.120766 0.299285 0.023164 0.402921 0.205948 -0.056600 -0.061640 0.146026 0.039469 0.016051 -0.097096 -0.218488 -0.382512 0.252674 -0.008782 -0.041642 -0.204070 0.027474 0.043228 0.394159 0.191917 0.234331 0.132424 -0.031636 0.016956 0.118469 0.190070 -0.132084 -0.074468 -0.120698 0.333503 -0.079516 -0.312041 -0.050396 -0.203789 -0.152556 -0.341612 0.355941 0.037968 0.295362 0.198590 0.367037 -0.050097 0.058391 0.122970 0.116820 -0.179446 0.142952 0.111762 0.013043 -0.032028 -0.260557 -0.402227 0.134950 0.003182 0.113915 -0.061478 0.074683 -0.209894 0.131503 -0.055727 0.173868 0.212162 -0.016031 -0.017615 0.014296 0.193244 -0.104622 0.111932 -0.215469 -0.317328 0.105196 0.100485 -0.337654 -0.025162 -0.229097 -0.249770 0.092292 -0.133138 -0.234061 -0.085479 -0.155929 0.104929 -0.000116 -0.091929 0.118456 -0.127972 0.118633 -0.021595 0.140443 -0.054960 -0.140618 -0.069514 -0.306184 -0.257329 0.040607 0.100761 -0.171943 -0.022369 0.097961 0.074767 0.040829 -0.015619 0.119058 -0.165836 -0.129205 -0.238897 -0.022472 0.056838 0.068709 0.020296
-0.344780 -0.041417 -0.126193 0.147354 0.120766 1.000000 -0.133870 0.264413 -0.045002 0.450976 -0.339253 0.274724 -0.297310 0.090716 -0.465551 -0.072543 -0.564300 -0.503249 -0.221575 -0.371486 -0.106652 0.162410 -0.126292 0.224966 0.462222 0.504757 0.048472 0.430280 -0.640583 -0.311722 0.188505 0.137733 -0.264201 -0.587434 -0.060136 0.348114 -0.343470 -0.328148 -0.138591 0.182531 -0.336600 -0.299852 0.320085 0.596455 0.153683 0.560759 0.311160 0.303039 0.067414 0.031295 0.218239 0.221061 -0.413274 -0.032752 0.096271 0.107836 -0.342276 -0.468486 -0.082325 0.187213 -0.306831 -0.101841 -0.362712 -0.401919 -0.264646 -0.072480 0.086127 0.588462 -0.485823 0.012402 0.307281 0.015664 -0.504650 0.141332 -0.512434 -0.224859 0.091216 0.015955 0.016044 -0.006345 -0.325818 -0.460079 -0.474722 -0.434372 -0.299983 -0.187704 -0.104426 -0.154076 -0.282804 0.125634 -0.008727 -0.114939 0.161914 0.037570 0.170951 -0.011612 0.273544 0.271604 -0.015057 -0.224692 0.163019 0.121815 0.219994 0.182351 0.231167 0.062676 0.051632 0.083022 -0.004080 -0.007012 0.179616 -0.076126 0.169027 0.026144 -0.024389 0.282020
0.495882 -0.023620 0.556739 -0.075356 0.299285 -0.133870 1.000000 0.111454 0.450962 -0.046189 0.325647 0.198446 0.533117 0.306294 0.301757 0.223945 -0.035890 -0.090198 0.406467 0.283186 0.305512 0.105731 0.197012 -0.017125 0.090906 -0.129017 0.344613 -0.198683 0.436140 0.194441 0.178337 0.117435 0.109262 0.264058 0.035852 0.006119 0.040960 0.086571 0.116104 -0.360520 0.066477 0.236214 -0.081017 -0.151705 0.265862 -0.037726 -0.167486 -0.169652 0.043533 -0.248944 0.281717 -0.284284 -0.045477 -0.314749 -0.117219 -0.264997 0.148313 -0.233230 -0.184734 -0.456327 0.245792 -0.289883 0.079034 -0.092579 0.657406 -0.208637 -0.121874 -0.223933 0.138461 -0.170365 0.006225 -0.001373 0.293360 0.013063 0.201560 0.159588 -0.059704 0.027305 -0.337170 -0.443507 -0.164340 -0.188665 0.010569 -0.047611 -0.181931 -0.263854 0.062521 0.013131 0.219791 -0.145243 -0.159627 -0.060098 -0.127848 -0.046184 -0.318286 -0.419317 0.012178 -0.344692 -0.124167 0.171198 -0.184819 -0.121526 -0.216487 -0.277677 -0.314874 -0.285606 -0.017902 0.099233 -0.276816 -0.134003 0.029576 -0.225748 -0.227714 -0.258636 -0.094493 -0.157527
-0.088114 0.567277 -0.062799 0.642443 0.023164 0.264413 0.111454 1.000000 0.049221 0.448156 -0.104872 0.712242 -0.137266 0.601812 -0.277964 0.266934 -0.035790 -0.015441 -0.150290 -0.284478 -0.291042 0.014024 -0.167435 0.113210 -0.067964 0.208131 -0.195915 -0.161839 -0.284275 0.109432 0.108266 0.324528 -0.201844 -0.042562 -0.266632 0.057834 -0.124991 -0.150294 -0.319460 -0.158661 -0.006364 -0.063638 -0.235044 0.033785 -0.104657 0.382411 -0.157443 -0.072453 -0.289865 -0.117809 -0.174017 0.019945 -0.188274 -0.368147 -0.300839 -0.265839 0.093179 -0.372130 -0.276536 0.000741 -0.248534 -0.366508 -0.130830 -0.468205 0.204622 0.197382 -0.145142 0.196448 -0.001686 -0.072277 -0.022190 -0.017024 -0.208202 -0.280500 0.081569 0.116231 -0.025186 0.059148 0.026099 -0.390721 -0.017443 -0.342637 -0.324355 0.165262 -0.039916 -0.004113 -0.174182 0.185216 -0.067702 0.343443 -0.199097 -0.511082 0.102631 -0.128763 0.091481 0.055644 -0.103101 0.015645 -0.148468 -0.268006 0.178891 -0.118726 -0.065579 -0.285405 -0.096712 0.009908 -0.026720 0.084344 0.042429 -0.327142 -0.112215 0.086401 -0.193197 -0.217955 -0.059995 -0.096964
0.467387 0.271318 0.280875 -0.033305 0.402921 -0.045002 0.450962 0.049221 1.000000 0.453692 0.395432 0.381111 0.236311 0.335229 0.451922 0.398147 -0.138422 0.170208 0.346346 0.118332 0.103237 -0.083295 0.148565 0.165719 0.147351 -0.054371 -0.193672 -0.315000 0.313696 0.078101 -0.008431 -0.078157 0.069561 0.117584 -0.119015 -0.122588 0.171832 0.053023 -0.130088 -0.303231 0.171836 0.196057 -0.184977 -0.179939 -0.050729 -0.015985 -0.245584 -0.332894 0.036521 -0.199420 0.250838 0.128906 -0.207424 -0.189961 -0.344303 -0.221906 0.049085 -0.208194 -0.224955 -0.176053 0.118543 -0.050675 -0.199080 -0.104239 0.542987 0.223176 -0.269772 -0.115600 0.073495 0.117793 0.044659 -0.188497 0.221037 0.061262 -0.028856 0.059070 0.106975 -0.030240 -0.197981 -0.090616 -0.130379 -0.145529 0.009155 0.048040 -0.098061 -0.169552 -0.081807 -0.135218 0.170671 -0.195373 0.071461 -0.040339 -0.038446 0.095680 -0.193092 -0.301615 -0.243846 -0.255078 -0.350171 -0.200712 0.054336 -0.043487 -0.175835 -0.273351 -0.249087 -0.356106 -0.077609 0.013102 -0.162947 -0.122327 -0.105351 -0.326882 -0.223178 -0.111438 0.118087 0.003809
0.051572 0.449743 -0.181520 0.354980 0.205948 0.450976 -0.046189 0.448156 0.453692 1.000000 0.122209 0.610429 -0.195923 0.416776 -0.211033 0.167333 -0.306897 -0.034816 -0.019787 -0.129607 -0.071001 0.026406 0.000990 0.212769 0.115836 -0.003948 -0.537355 -0.229535 -0.312374 -0.072178 0.015364 0.005516 -0.283528 -0.272093 -0.488022 0.050190 -0.226999 -0.222518 -0.269203 -0.150642 -0.078157 0.018482 -0.135337 0.079808 -0.177106 0.323849 -0.025521 -0.259300 -0.060260 -0.090881 0.126701 0.279272 -0.325936 -0.063494 -0.172362 -0.043191 -0.097445 -0.351619 -0.161000 0.052272 -0.280890 -0.137570 -0.400638 -0.423174 0.156302 0.307968 -0.307268 0.157509 -0.173748 -0.011497 0.374188 -0.112803 -0.219385 0.119520 -0.202180 0.034825 0.385916 0.180708 0.124206 0.037837 -0.237695 -0.425827 -0.414284 -0.144755 -0.169109 -0.242110 -0.306411 -0.181783 0.044218 0.139905 0.058011 -0.199885 0.141763 0.098778 0.095098 -0.013248 -0.226945 -0.053773 -0.311832 -0.368280 0.334904 0.162070 0.093544 -0.084680 0.154221 0.082285 -0.041578 0.143516 -0.012977 -0.159829 -0.220845 -0.148693 -0.080858 -0.061369 -0.029747 0.043008
0.708034 0.226429 0.440955 0.282507 -0.056600 -0.339253 0.325647 -0.104872 0.395432 0.122209 1.000000 0.168804 0.321282 -0.003803 0.515798 0.069788 0.170816 0.429018 0.681141 0.451111 0.131453 0.102193 0.731721 0.369480 0.012919 -0.289894 -0.152358 -0.223211 0.534917 -0.016589 0.418101 0.195767 0.313168 0.261309 -0.397238 -0.370536 -0.030387 0.116066 -0.058080 -0.462572 0.120146 0.397935 -0.396466 -0.310953 -0.205976 -0.508168 -0.322661 -0.344904 0.140358 -0.522173 0.426374 -0.089092 -0.026024 -0.289470 -0.216171 -0.330593 0.250260 0.203362 -0.353633 -0.437987 -0.073477 -0.127396 -0.290346 0.165069 0.578513 -0.077323 -0.402782 -0.485324 0.279236 -0.212087 -0.075180 -0.179864 0.241154 0.051392 0.281677 0.469149 0.224918 0.241776 -0.098670 -0.062018 -0.278573 -0.177969 0.298431 0.098092 0.290673 -0.385271 0.227707 -0.078252 0.779906 -0.034449 -0.178661 0.002146 -0.325798 0.041053 -0.322917 -0.333784 -0.076216 -0.417645 -0.201834 0.033980 -0.010676 0.071251 -0.361056 -0.377051 -0.366742 -0.291503 -0.126652 0.069742 -0.218413 0.055517 0.180291 -0.079048 -0.442953 -0.426657 -0.261630 -0.455864
0.150138 0.649929 -0.082128 0.499563 -0.061640 0.274724 0.198446 0.712242 0.381111 0.610429 0.168804 1.000000 -0.035361 0.729320 -0.028627 0.424446 -0.292023 0.136688 -0.016453 -0.286197 -0.161781 0.011626 -0.060886 0.302339 -0.124470 0.120497 -0.306938 -0.179355 -0.169708 -0.036150 0.022107 0.156573 -0.196992 -0.058222 -0.364714 -0.042976 -0.037550 -0.146999 -0.177279 -0.212117 0.091488 0.053830 -0.348109 0.020563 -0.164526 0.308872 -0.197472 -0.099979 -0.078046 -0.189492 0.133613 0.305325 -0.339964 -0.422799 -0.391439 -0.324633 0.080428 -0.404389 -0.313974 -0.141233 -0.089315 -0.315181 -0.299453 -0.375176 0.380020 0.366803 -0.317796 0.064553 -0.031194 -0.129701 0.093928 -0.289585 -0.190301 -0.219241 0.104166 0.104417 0.066016 0.087211 -0.166325 -0.441246 -0.141119 -0.545667 -0.357007 0.097690 0.008054 -0.064589 -0.210220 0.132003 0.048344 0.274443 -0.192316 -0.496683 -0.055030 -0.160317 0.150491 0.056251 0.009246 0.119428 -0.204143 -0.186125 0.205810 -0.115887 -0.093900 -0.347505 -0.106437 -0.131398 0.070051 0.012510 0.078303 -0.283891 -0.061509 -0.055472 -0.390050 -0.186035 0.004465 -0.113529
0.427583 -0.162390 0.191252 -0.286611 0.146026 -0.297310 0.533117 -0.137266 0.236311 -0.195923 0.321282 -0.035361 1.000000 0.236075 0.244907 0.110254 0.218066 -0.003884 0.253522 0.212206 0.278428 0.233037 0.048461 0.003070 -0.134502 -0.204442 0.244059 -0.061544 0.595033 0.067128 -0.139100 -0.149087 -0.017968 0.175885 0.034375 0.042468 0.022093 0.033613 0.167784 -0.208114 0.080589 0.093170 -0.068487 -0.286976 0.438288 -0.172962 -0.197909 -0.143344 0.389370 0.060520 0.328367 -0.017649 0.326460 -0.047369 0.124234 -0.036509 0.025481 -0.008371 0.105472 -0.424457 0.524969 -0.071933 0.378751 0.166892 0.384030 -0.099296 -0.108813 -0.216181 0.159633 -0.333068 -0.108325 0.106061 0.265133 -0.075013 0.103863 0.218548 -0.235025 0.203676 -0.414770 -0.296256 0.042823 -0.063494 -0.022754 -0.221505 -0.108832 -0.149340 0.120029 -0.020740 0.112918 -0.197581 0.125663 0.077716 -0.341109 -0.125913 -0.279966 -0.373363 -0.028668 -0.331349 0.022614 0.240364 -0.360951 -0.381234 -0.436026 -0.293684 -0.230607 -0.095770 -0.058690 0.213867 -0.230909 0.025056 -0.025077 -0.048847 -0.288352 -0.349794 -0.260248 -0.311940
0.066835 0.508312 -0.150668 0.061764 0.039469 0.090716 0.306294 0.601812 0.335229 0.416776 -0.003803 0.729320 0.236075 1.000000 -0.073356 0.615623 -0.095261 0.017467 -0.026368 -0.134163 -0.094788 -0.026629 -0.312754 -0.063312 -0.256369 -0.177204 -0.150366 -0.369520 -0.098904 0.334766 -0.232360 -0.165568 -0.323591 0.011829 -0.310073 -0.094015 -0.170799 -0.119301 -0.133239 -0.021526 -0.016344 0.089132 -0.425996 -0.308059 0.009895 0.231392 -0.320708 -0.205131 -0.124788 0.081460 -0.167854 0.237658 -0.151745 -0.280737 -0.139268 -0.070974 -0.022944 -0.360232 -0.129196 0.021211 0.136105 -0.177342 0.032050 -0.307856 0.379668 0.491148 -0.268943 0.151562 -0.107734 -0.083787 0.056842 -0.020470 0.032190 -0.083727 0.152040 0.123711 0.080804 0.202594 -0.122070 -0.501220 0.020225 -0.269781 -0.352582 0.013577 -0.277495 -0.028263 -0.402073 0.103815 -0.234131 -0.065203 -0.079610 -0.386013 0.077803 -0.076029 0.017427 -0.081029 -0.156658 -0.037390 -0.105739 -0.124785 0.223281 -0.090215 0.084398 -0.148450 0.065669 0.120033 0.034938 0.297582 0.017900 -0.240481 -0.296239 -0.058089 -0.309514 -0.176450 -0.203769 -0.255889
0.443892 0.090972 0.413171 -0.030308 0.016051 -0.465551 0.301757 -0.277964 0.451922 -0.211033 0.515798 -0.028627 0.244907 -0.073356 1.000000 0.451140 0.145326 0.245438 0.494679 0.336727 0.182019 -0.095714 0.410391 0.225874 -0.122609 -0.125534 0.110488 -0.230114 0.571520 0.037730 0.122040 -0.014922 0.373506 0.331621 -0.028252 -0.496120 0.398107 0.407466 -0.004637 -0.009068 0.468359 0.447715 -0.153820 -0.412409 -0.233924 -0.481091 -0.357230 -0.367133 0.132757 -0.404311 0.171868 -0.100016 0.009542 -0.044463 -0.344348 -0.232760 0.349851 0.277608 -0.278670 -0.300377 0.135920 0.011065 -0.168571 0.252290 0.375851 -0.107037 -0.308395 -0.456192 0.219523 0.115743 -0.245121 -0.341318 0.243504 -0.081259 0.339722 0.086079 -0.134177 -0.343422 -0.171515 -0.036416 -0.003001 0.125093 0.536722 0.365881 0.188087 0.001267 0.270611 -0.102741 0.374839 -0.261091 0.090893 0.240100 -0.008898 0.341366 -0.147143 -0.066255 -0.257721 -0.202926 -0.228478 0.116726 0.073161 0.074889 -0.126761 -0.035042 -0.431499 -0.445318 -0.060784 -0.266373 0.019394 -0.006941 -0.074349 -0.140088 -0.137161 -0.001001 0.182058 -0.003675
0.176111 0.541017 -0.055585 -0.002533 -0.097096 -0.072543 0.223945 0.266934 0.398147 0.167333 0.069788 0.424446 0.110254 0.615623 0.451140 1.000000 -0.041875 0.189190 0.142915 0.015129 0.016907 -0.037766 -0.130037 0.023688 -0.322224 -0.234480 -0.085315 -0.444871 0.120790 0.369127 -0.207207 -0.267320 0.001182 0.135013 -0.121068 -0.497502 0.057034 0.269550 -0.081954 0.233760 0.159824 0.389946 -0.377485 -0.532432 -0.302209 -0.178348 -0.513947 -0.442393 -0.098556 -0.142361 -0.221610 0.200850 -0.179234 -0.190293 -0.245424 -0.083421 0.157976 -0.051807 -0.233272 0.044895 0.108292 0.090959 -0.086162 -0.054480 0.331211 0.432798 -0.403261 -0.078546 -0.115609 0.211202 -0.083603 -0.195279 0.228969 -0.068774 0.221546 0.090557 0.063279 -0.239285 -0.019405 -0.154171 0.068004 0.079900 0.029046 0.274037 -0.213861 -0.037751 -0.118100 -0.060275 -0.158129 -0.381249 0.133670 -0.022414 0.268179 0.289143 -0.179841 -0.090667 -0.297842 -0.111748 -0.157500 -0.067939 0.282646 0.013261 0.250132 0.067920 -0.209767 -0.138617 -0.121559 0.043762 -0.081070 -0.112852 -0.352663 -0.155302 -0.109939 -0.001273 0.035722 0.022842
0.166727 0.119108 -0.038270 0.029608 -0.218488 -0.564300 -0.035890 -0.035790 -0.138422 -0.306897 0.170816 -0.292023 0.218066 -0.095261 0.145326 -0.041875 1.000000 0.420663 0.002197 0.291117 -0.005250 0.028571 -0.065872 -0.357162 -0.300292 -0.290849 -0.167051 -0.349663 0.390142 0.244933 -0.146494 -0.020612 0.214149 0.529581 0.076161 -0.179822 0.255170 0.319967 -0.021096 -0.040191 0.199267 0.247818 -0.196281 -0.336658 -0.048158 -0.350878 -0.157318 -0.083795 -0.097242 -0.142190 -0.261724 -0.270534 0.312507 -0.033713 -0.010661 -0.101926 0.608045 0.610623 -0.038738 -0.111206 0.131392 0.029792 0.292596 0.409783 0.061133 -0.075282 -0.074073 -0.437239 0.463277 0.064538 -0.225084 0.275846 0.392153 -0.141098 0.383834 0.394011 -0.097381 0.111401 0.283146 0.068993 0.539122 0.562589 0.145677 0.227355 0.275872 0.256443 0.260847 -0.040264 0.023902 -0.147882 -0.100402 0.105646 -0.159560 -0.107372 -0.207816 -0.003756 -0.122546 -0.216987 0.107122 0.189407 -0.166943 -0.315918 -0.268772 -0.290399 -0.364565 -0.164732 -0.047521 0.078837 -0.066279 0.017004 -0.033982 0.365028 -0.028239 -0.268140 -0.273311 -0.341699
0.387321 0.507685 -0.164228 0.239321 -0.382512 -0.503249 -0.090198 -0.015441 0.170208 -0.034816 0.429018 0.136688 -0.003884 0.017467 0.245438 0.189190 0.420663 1.000000 0.137293 0.163490 -0.019341 0.050177 0.083433 -0.012153 -0.404603 -0.356215 -0.364053 -0.425996 0.459186 0.423419 -0.077835 -0.121170 0.242583 0.445741 0.039864 -0.402857 0.138003 0.251832 0.032413 -0.212968 0.118860 0.317594 -0.514883 -0.487225 -0.453041 -0.515844 -0.346693 -0.350677 -0.233657 -0.258601 -0.215224 0.047195 -0.049052 -0.239928 -0.222378 -0.183314 0.373410 0.429059 -0.225836 -0.121475 0.059904 0.114547 -0.048543 0.336470 0.257719 0.291047 -0.358786 -0.530058 0.374333 0.126410 -0.145211 -0.032125 0.527091 -0.098977 0.359799 0.318753 0.169005 0.092682 0.166695 0.221865 0.222785 0.376691 0.196490 0.495375 0.376768 0.130253 0.038775 0.164310 0.265714 0.078037 -0.289408 -0.112077 -0.254767 -0.146050 -0.225538 -0.106243 -0.079734 -0.178050 -0.033970 0.063941 0.021310 -0.189916 -0.145953 -0.407115 -0.337448 -0.280853 -0.151051 -0.074144 -0.186924 -0.076075 -0.067994 -0.019522 -0.289397 -0.074015 0.012325 -0.228024
0.671634 -0.032899 0.758242 0.004056 0.252674 -0.221575 0.406467 -0.150290 0.346346 -0.019787 0.681141 -0.016453 0.253522 -0.026368 0.494679 0.142915 0.002197 0.137293 1.000000 0.535438 0.116035 -0.205863 0.725982 0.432356 0.075865 -0.128219 0.246676 -0.092150 0.381212 -0.055744 0.563790 0.247028 0.448588 0.240575 -0.380307 -0.387506 -0.066752 -0.063356 -0.038715 -0.346457 0.029728 0.239803 -0.224717 -0.369172 -0.106891 -0.500373 -0.064896 -0.151368 0.049350 -0.546340 0.356213 -0.297560 -0.034603 -0.182783 -0.239346 -0.273691 0.192014 -0.055710 -0.243513 -0.354985 0.073819 -0.139717 -0.345842 0.203655 0.484284 -0.171044 -0.261447 -0.219960 0.260499 -0.066722 -0.074273 -0.101103 0.108371 0.087194 0.207003 0.281277 0.237903 0.173161 -0.213064 -0.061597 -0.348563 -0.095500 0.405949 0.067588 0.124993 -0.260949 0.121157 -0.004559 0.567831 -0.214216 -0.151861 -0.099453 -0.139109 0.114404 -0.084290 -0.279272 0.078099 -0.149465 -0.167072 0.017369 0.047955 0.239680 -0.210607 -0.207668 -0.256799 -0.274110 -0.076622 0.115574 0.002665 -0.110682 0.291515 -0.087937 -0.322340 -0.252534 -0.234605 -0.415254
0.370606 -0.060138 0.448413 -0.032084 -0.008782 -0.371486 0.283186 -0.284478 0.118332 -0.129607 0.451111 -0.286197 0.212206 -0.134163 0.336727 0.015129 0.291117 0.163490 0.535438 1.000000 0.183378 0.041099 0.379004 -0.022215 0.097543 -0.262650 0.123006 -0.207692 0.527367 0.232425 0.332995 0.189288 0.322003 0.406939 -0.069408 -0.241346 0.011007 0.170002 -0.142556 -0.081024 0.069812 0.333664 -0.210902 -0.273723 -0.134311 -0.449523 -0.091481 -0.198009 -0.152286 -0.408596 0.053410 -0.495351 -0.010415 -0.159228 -0.122000 0.042595 0.153032 0.311716 -0.178099 -0.315023 -0.018327 -0.095830 -0.201256 0.170536 0.235908 -0.297932 -0.229917 -0.431631 0.428353 0.165974 0.011035 0.187371 0.448393 0.139823 0.270995 0.339319 0.218389 0.212779 0.269931 0.004814 -0.059732 0.190240 0.398860 0.246151 0.145864 -0.103276 0.159927 -0.010639 0.250667 -0.182700 -0.239439 0.065376 -0.154039 0.130018 -0.260346 -0.169562 -0.158178 -0.302131 -0.145597 -0.099701 -0.067739 0.117693 -0.111717 -0.052904 -0.123802 -0.114097 -0.155491 0.193455 -0.117544 0.040756 0.040813 -0.010329 0.155227 -0.132877 -0.180271 -0.188615
0.155225 -0.086650 0.157198 -0.195643 -0.041642 -0.106652 0.305512 -0.291042 0.103237 -0.071001 0.131453 -0.161781 0.278428 -0.094788 0.182019 0.016907 -0.005250 -0.019341 0.116035 0.183378 1.000000 0.294480 0.121439 -0.076090 -0.133979 -0.250030 0.186302 -0.066898 0.398708 0.092110 -0.048556 -0.165656 0.197042 0.111745 0.122556 -0.191860 0.174145 0.271984 0.147863 -0.073528 0.253040 0.422281 -0.033169 -0.124969 0.036479 -0.122510 -0.065437 -0.181555 0.133633 -0.167930 0.100279 -0.154164 0.057593 0.118648 0.034677 -0.011391 0.136143 0.159692 -0.094451 -0.288626 -0.009116 -0.084700 -0.032163 -0.055226 0.013161 -0.269611 -0.160427 -0.201607 0.065447 -0.034331 0.155944 0.057345 0.287108 0.216765 0.127099 0.008154 0.075467 -0.082132 -0.023365 -0.081369 -0.035392 0.077436 0.089918 -0.055727 -0.010094 -0.104658 0.096382 -0.335024 0.037128 -0.190309 0.012877 0.316993 0.045598 0.208065 -0.285227 -0.105565 -0.125540 -0.236061 0.010017 0.174907 0.028548 0.009957 0.019943 0.033050 -0.212957 -0.169891 -0.169067 -0.087622 -0.240792 0.213017 -0.080952 -0.235277 0.078142 -0.113007 0.035234 0.133069
-0.006532 0.134809 -0.139431 0.075739 -0.204070 0.162410 0.105731 0.014024 -0.083295 0.026406 0.102193 0.011626 0.233037 -0.026629 -0.095714 -0.037766 0.028571 0.050177 -0.205863 0.041099 0.294480 1.000000 -0.056660 -0.092736 0.158948 0.075950 0.062275 0.194688 0.075562 0.173301 -0.088510 0.012734 -0.293351 -0.108269 0.120254 0.102087 -0.297984 0.094852 0.068230 0.073966 -0.167972 0.183998 0.025176 0.131039 0.223307 0.149461 -0.127656 -0.038150 0.242243 0.109672 0.142338 0.115807 0.111482 -0.089227 0.291062 0.175810 -0.059689 0.136041 -0.042428 -0.305189 -0.121446 -0.142786 0.121432 -0.291188 0.002108 -0.129987 -0.224021 -0.078890 0.004770 -0.311521 0.049206 0.385533 0.046668 0.052652 0.019814 0.297153 -0.074368 0.090248 0.161415 0.008868 -0.098858 -0.159071 -0.301138 -0.296881 -0.198091 -0.403000 -0.000967 -0.223243 -0.017162 -0.034189 -0.003843 0.185574 -0.141573 -0.080019 -0.571851 -0.435629 -0.016583 -0.386181 0.139600 0.104915 -0.264656 -0.274638 -0.186105 -0.188045 -0.037451 0.114306 -0.359420 0.302262 -0.597920 0.504310 0.046918 0.042881 0.131042 -0.410090 -0.317422 0.048763
0.460194 -0.018600 0.706234 0.286433 0.027474 -0.126292 0.197012 -0.167435 0.148565 0.000990 0.731721 -0.060886 0.048461 -0.312754 0.410391 -0.130037 -0.065872 0.083433 0.725982 0.379004 0.121439 -0.056660 1.000000 0.598669 0.277839 0.013447 0.043284 0.098931 0.293700 -0.300191 0.760516 0.444704 0.504352 0.079104 -0.357997 -0.338629 -0.013906 0.035664 -0.185348 -0.348285 0.135544 0.234292 -0.182476 -0.053918 -0.260778 -0.457348 -0.110838 -0.082231 0.037548 -0.630149 0.433695 -0.255432 -0.022197 -0.229808 -0.286470 -0.225692 0.165734 0.109920 -0.422250 -0.407455 -0.264683 -0.147224 -0.499990 0.197890 0.301071 -0.340156 -0.265475 -0.298017 0.198258 -0.116180 -0.081238 -0.260394 -0.075231 0.037578 0.155369 0.204980 0.163272 0.031684 -0.046878 0.054717 -0.495033 -0.200401 0.449493 0.031083 0.323251 -0.358125 0.325777 -0.184957 0.832591 0.042046 -0.059006 0.088022 -0.133899 0.192913 -0.115392 -0.134417 0.063892 -0.118047 -0.151103 0.055739 -0.040177 0.198364 -0.294593 -0.187014 -0.288513 -0.291792 -0.161434 -0.008036 -0.020334 0.093797 0.402903 -0.049896 -0.168048 -0.264104 -0.096526 -0.188464
0.275905 0.033706 0.338849 0.433221 0.043228 0.224966 -0.017125 0.113210 0.165719 0.212769 0.369480 0.302339 0.003070 -0.063312 0.225874 0.023688 -0.357162 -0.012153 0.432356 -0.022215 -0.076090 -0.092736 0.598669 1.000000 0.165457 0.299926 -0.048386 0.365102 0.017551 -0.406456 0.485042 0.385517 0.199046 -0.202491 -0.300779 -0.164700 -0.052427 -0.236205 -0.255145 -0.108648 0.082912 -0.044815 -0.094592 0.120278 -0.257886 -0.063924 0.008667 0.013983 0.059350 -0.398736 0.379714 0.045409 -0.134852 -0.125768 -0.333938 -0.192942 -0.015847 -0.297440 -0.325660 -0.333431 -0.225340 -0.296251 -0.450462 -0.028138 0.077621 -0.081228 -0.277782 0.002247 0.037707 -0.089691 -0.028254 -0.318091 -0.361654 -0.280364 -0.239090 -0.158944 -0.082102 -0.099352 -0.213491 -0.062052 -0.422563 -0.398739 0.216260 0.039936 0.265144 -0.180843 0.154589 0.042656 0.476001 0.274328 0.084490 -0.134897 -0.015091 0.179607 0.225035 0.106660 0.135337 0.213866 -0.264455 -0.217646 -0.073478 0.045273 -0.298802 -0.283298 -0.196059 -0.217355 -0.027035 -0.206506 0.138173 -0.052348 0.269351 -0.085573 -0.153998 -0.109723 0.137857 0.066961
-0.108843 -0.236085 0.344591 0.012528 0.394159 0.462222 0.090906 -0.067964 0.147351 0.115836 0.012919 -0.124470 -0.134502 -0.256369 -0.122609 -0.322224 -0.300292 -0.404603 0.075865 0.097543 -0.133979 0.158948 0.277839 0.165457 1.000000 0.533367 0.234443 0.451018 -0.175811 -0.239706 0.513756 0.430414 -0.029397 -0.324712 0.066935 0.338272 -0.267983 -0.213893 -0.332388 -0.158674 -0.267213 -0.257493 0.335643 0.540704 0.255068 0.265772 0.259016 0.258753 0.106654 -0.085097 0.384877 -0.151119 -0.183855 -0.109613 0.049331 0.119209 -0.277434 -0.248196 -0.209737 -0.119847 -0.304020 -0.230545 -0.308558 -0.255171 -0.084251 -0.426267 0.086059 0.321414 -0.178671 -0.024228 0.133481 0.070391 -0.272546 0.173113 -0.338828 -0.125702 0.065946 0.043583 0.083072 0.078200 -0.464475 -0.322610 -0.070655 -0.280448 -0.130492 -0.255199 0.063970 -0.138881 0.072256 0.092767 -0.049733 -0.036824 -0.009907 -0.000891 -0.098525 -0.209841 0.151468 -0.023951 -0.068284 -0.174628 -0.091244 0.112374 -0.100930 0.047391 0.129916 -0.042256 0.011233 0.150045 -0.101182 0.210177 0.373736 -0.043952 0.226228 -0.097343 -0.072769 0.166119
-0.302999 -0.115797 0.184837 0.183610 0.191917 0.504757 -0.129017 0.208131 -0.054371 -0.003948 -0.289894 0.120497 -0.204442 -0.177204 -0.125534 -0.234480 -0.290849 -0.356215 -0.128219 -0.262650 -0.250030 0.075950 0.013447 0.299926 0.533367 1.000000 0.204132 0.650933 -0.321163 -0.358513 0.338356 0.589321 -0.070244 -0.215866 0.085020 0.433800 -0.049051 -0.232328 -0.336419 -0.014532 -0.014155 -0.391164 0.395187 0.665314 0.203507 0.482457 0.309882 0.526753 0.126210 -0.048233 0.293245 0.064777 -0.179958 -0.140057 -0.190396 -0.065603 -0.100759 -0.249729 -0.212833 -0.137559 -0.174587 -0.217150 -0.282678 -0.227262 -0.227175 -0.287704 0.128915 0.358603 -0.001023 -0.100948 -0.097712 0.040462 -0.462864 -0.225644 -0.280354 -0.212494 -0.298671 -0.176044 -0.148926 -0.042865 -0.252413 -0.366913 -0.126667 -0.025755 0.037009 0.098167 0.172266 0.046400 -0.164506 0.280639 -0.079089 -0.208306 -0.093631 -0.258568 0.241322 0.146076 0.346502 0.409412 0.083107 0.007621 -0.115122 -0.178530 -0.273850 -0.109490 -0.109113 -0.187106 0.144700 -0.142638 0.181100 0.048173 0.448139 0.153353 0.188441 -0.047740 0.128515 0.255711
0.052962 -0.512669 0.448104 -0.364811 0.234331 0.048472 0.344613 -0.195915 -0.193672 -0.537355 -0.152358 -0.306938 0.244059 -0.150366 0.110488 -0.085315 -0.167051 -0.364053 0.246676 0.123006 0.186302 0.062275 0.043284 -0.048386 0.234443 0.204132 1.000000 0.422221 0.085071 -0.040130 0.214041 0.131107 0.040288 -0.028362 0.199132 0.078370 -0.111806 -0.132438 0.154735 -0.030315 -0.189394 -0.171564 0.260092 0.039718 0.402114 -0.044460 0.305744 0.364713 0.141320 -0.030510 0.148196 -0.361062 0.103104 -0.017937 0.144706 0.146126 -0.098340 -0.220321 0.088014 -0.208985 0.275408 -0.199341 0.199126 -0.022479 0.000038 -0.453334 0.121391 0.175221 -0.075408 -0.068575 -0.109368 0.153106 -0.111468 0.026924 0.024896 -0.074963 -0.251967 -0.007281 -0.350736 -0.219419 -0.169751 -0.089820 0.211030 -0.126763 -0.208447 -0.051321 0.042545 0.248155 -0.157143 -0.152785 -0.146639 -0.048520 0.004696 -0.115524 -0.036988 -0.190997 0.317967 0.126493 0.086051 0.167370 -0.160636 0.079968 -0.005962 0.154495 0.035058 0.044925 -0.010035 -0.027760 -0.056823 0.054045 0.287677 -0.115061 0.038496 0.001781 -0.004275 -0.042087
-0.237289 -0.523667 0.091091 -0.043022 0.132424 0.430280 -0.198683 -0.161839 -0.315000 -0.229535 -0.223211 -0.179355 -0.061544 -0.369520 -0.230114 -0.444871 -0.349663 -0.425996 -0.092150 -0.207692 -0.066898 0.194688 0.098931 0.365102 0.451018 0.650933 0.422221 1.000000 -0.273075 -0.413423 0.261630 0.330506 -0.220653 -0.427603 0.099712 0.311965 -0.279046 -0.395430 -0.056093 0.108649 -0.257508 -0.473336 0.420699 0.547082 0.293409 0.252233 0.434752 0.515398 0.253977 0.113038 0.274578 -0.001576 0.102917 0.120094 0.232738 0.229904 -0.335674 -0.276022 0.112552 -0.092438 -0.039479 -0.125470 -0.002796 -0.069374 -0.330605 -0.309955 0.232488 0.338440 -0.157250 -0.202059 -0.047008 0.141541 -0.515261 -0.120100 -0.472807 -0.293151 -0.280260 -0.033018 -0.218075 0.072546 -0.301180 -0.352350 0.028704 -0.212935 0.009146 -0.091316 0.132958 0.172247 -0.090057 0.248986 0.085137 0.076657 -0.047604 -0.089270 0.149464 0.093299 0.353060 0.303995 0.044318 -0.015254 -0.266503 -0.035410 -0.207120 0.048052 0.139367 0.118171 0.043655 -0.122092 0.069878 0.236856 0.373913 0.085293 0.240773 -0.004362 0.050453 0.231812
0.596689 -0.022101 0.301747 -0.054939 -0.031636 -0.640583 0.436140 -0.284275 0.313696 -0.312374 0.534917 -0.169708 0.595033 -0.098904 0.571520 0.120790 0.390142 0.459186 0.381212 0.527367 0.398708 0.075562 0.293700 0.017551 -0.175811 -0.321163 0.085071 -0.273075 1.000000 0.276048 0.050961 -0.003922 0.375017 0.481424 0.155462 -0.230168 0.344633 0.350549 0.134496 -0.296696 0.420709 0.425143 -0.209105 -0.395732 -0.080582 -0.493056 -0.286169 -0.323952 0.007980 -0.308252 0.105612 -0.279576 0.124041 -0.154461 -0.161310 -0.162650 0.336270 0.368733 -0.219800 -0.432252 0.234411 -0.060643 0.149402 0.341143 0.419967 -0.147966 -0.244961 -0.593067 0.397408 0.014516 -0.155643 -0.036851 0.673165 -0.051174 0.337965 0.235735 -0.110946 -0.005686 -0.123394 -0.074106 0.127738 0.286651 0.483273 0.354850 0.348363 0.043482 0.290297 0.042489 0.371970 -0.122013 -0.164279 0.094987 -0.376618 -0.043080 -0.346686 -0.275852 -0.157828 -0.424784 -0.141885 0.151404 -0.309659 -0.249655 -0.389740 -0.339036 -0.546976 -0.456336 -0.115240 -0.136635 -0.212609 -0.033728 -0.077010 -0.187098 -0.176673 -0.163031 0.023360 -0.143930
0.029908 0.274042 -0.162623 -0.090351 0.016956 -0.311722 0.194441 0.109432 0.078101 -0.072178 -0.016589 -0.036150 0.067128 0.334766 0.037730 0.369127 0.244933 0.423419 -0.055744 0.232425 0.092110 0.173301 -0.300191 -0.406456 -0.239706 -0.358513 -0.040130 -0.413423 0.276048 1.000000 -0.202609 -0.147851 -0.126929 0.317366 0.119864 -0.172221 -0.146697 0.208522 -0.002063 0.118857 -0.112798 0.219138 -0.362028 -0.509111 -0.177831 -0.204588 -0.239427 -0.406341 -0.396945 0.047745 -0.536292 -0.233689 -0.009932 -0.115811 0.103821 0.167829 0.017778 0.179321 -0.075558 0.041418 -0.011756 0.089716 0.210371 -0.101034 0.204378 0.228454 -0.211357 -0.285144 0.094346 0.120881 -0.088808 0.379455 0.595994 0.185020 0.247389 0.163821 0.195692 0.134018 0.180956 0.057974 0.177122 0.350328 0.083719 0.408220 -0.154683 0.031247 -0.270777 0.185747 -0.189452 -0.164831 -0.241691 -0.088615 0.023091 0.010633 -0.341750 -0.180644 -0.355112 -0.372733 -0.088205 -0.164989 0.142112 0.004381 0.186020 -0.016561 -0.015396 0.120402 -0.218312 0.207233 -0.237095 0.017842 -0.421570 -0.134447 -0.007741 -0.050033 -0.139818 -0.119837
0.173582 -0.021398 0.695735 0.393704 0.118469 0.188505 0.178337 0.108266 -0.008431 0.015364 0.418101 0.022107 -0.139100 -0.232360 0.122040 -0.207207 -0.146494 -0.077835 0.563790 0.332995 -0.048556 -0.088510 0.760516 0.485042 0.513756 0.338356 0.214041 0.261630 0.050961 -0.202609 1.000000 0.730648 0.368105 -0.043708 -0.259516 -0.092066 -0.169293 -0.144909 -0.354149 -0.273353 -0.088803 -0.026105 -0.097538 0.192146 -0.208225 -0.189172 0.137861 0.110614 -0.205909 -0.661080 0.342572 -0.445703 -0.244712 -0.267837 -0.240589 -0.120756 0.068531 -0.076641 -0.557070 -0.386820 -0.420125 -0.332001 -0.612473 -0.021445 0.215982 -0.480003 -0.215631 -0.099966 0.118867 -0.034157 0.067281 -0.084252 -0.142230 0.095021 0.068755 0.155958 0.228080 0.113473 0.095206 0.006664 -0.556629 -0.313891 0.342164 0.135694 0.240490 -0.222647 0.276271 0.028288 0.526421 0.283584 -0.324122 -0.143864 -0.085029 0.106716 0.027341 -0.031201 0.110528 0.045218 -0.198906 -0.092768 0.100782 0.248599 -0.202754 -0.117786 -0.191890 -0.275146 -0.118873 0.033265 0.095217 -0.066578 0.462665 0.010499 -0.034736 -0.216292 -0.089298 -0.150854
0.034588 0.034194 0.524347 0.520048 0.190070 0.137733 0.117435 0.324528 -0.078157 0.005516 0.195767 0.156573 -0.149087 -0.165568 -0.014922 -0.267320 -0.020612 -0.121170 0.247028 0.189288 -0.165656 0.012734 0.444704 0.385517 0.430414 0.589321 0.131107 0.330506 -0.003922 -0.147851 0.730648 1.000000 0.192279 0.137406 -0.204094 0.219860 -0.040590 -0.128790 -0.440405 -0.275684 0.028086 -0.171777 -0.008403 0.379850 -0.143244 0.095788 0.246263 0.225210 -0.255915 -0.497633 0.209995 -0.465589 -0.138339 -0.391982 -0.300185 -0.222237 0.124996 -0.071544 -0.476261 -0.446391 -0.369738 -0.342626 -0.355701 -0.147162 0.165506 -0.390644 -0.094505 -0.169015 0.337909 -0.147130 -0.081746 0.125744 -0.224830 -0.194484 0.025031 0.090101 -0.058053 0.073049 0.017138 -0.181432 -0.304527 -0.314066 0.213970 0.276717 0.340248 0.019316 0.291110 0.197356 0.310718 0.340819 -0.351239 -0.305131 -0.145762 -0.195199 0.122969 0.180256 0.116137 0.131062 -0.190839 -0.153922 -0.050217 -0.108344 -0.424470 -0.319673 -0.300978 -0.221381 -0.051171 -0.076293 0.173640 -0.086835 0.360027 0.135074 -0.015984 -0.288534 -0.023011 -0.072249
0.363825 0.057075 0.500004 0.097138 -0.132084 -0.264201 0.109262 -0.201844 0.069561 -0.283528 0.313168 -0.196992 -0.017968 -0.323591 0.373506 0.001182 0.214149 0.242583 0.448588 0.322003 0.197042 -0.293351 0.504352 0.199046 -0.029397 -0.070244 0.040288 -0.220653 0.375017 -0.126929 0.368105 0.192279 1.000000 0.527697 0.186189 -0.349778 0.504220 0.477172 0.039587 -0.071481 0.385071 0.348099 -0.093925 -0.129642 -0.247990 -0.464351 -0.083624 0.002755 -0.058626 -0.510698 0.115912 -0.263892 -0.053025 -0.234915 -0.436929 -0.411389 0.380463 0.383991 -0.204846 -0.108104 -0.039420 0.086113 -0.350903 0.418663 0.027407 -0.294758 0.044342 -0.266462 0.428191 0.366576 -0.305097 -0.297729 0.202181 -0.034398 0.307945 0.094656 -0.080945 -0.309448 -0.031872 -0.019727 0.117224 0.295474 0.418447 0.247013 0.322603 0.110274 0.388554 -0.112311 0.375023 -0.159197 -0.107684 0.146799 -0.126202 0.129648 -0.056056 0.068751 0.124889 0.065884 -0.008128 0.125768 0.012588 -0.051726 -0.182634 -0.227998 -0.471778 -0.608472 -0.046104 -0.289080 0.076111 -0.087349 0.346576 -0.034026 -0.014859 -0.033779 0.215492 -0.026226
0.368183 0.214129 0.247123 -0.027547 -0.074468 -0.587434 0.264058 -0.042562 0.117584 -0.272093 0.261309 -0.058222 0.175885 0.011829 0.331621 0.135013 0.529581 0.445741 0.240575 0.406939 0.111745 -0.108269 0.079104 -0.202491 -0.324712 -0.215866 -0.028362 -0.427603 0.481424 0.317366 -0.043708 0.137406 0.527697 1.000000 0.097472 -0.265566 0.475292 0.509272 0.004438 -0.185002 0.339585 0.326102 -0.308267 -0.412262 -0.232214 -0.480753 -0.214499 -0.076570 -0.211812 -0.302169 -0.229447 -0.359803 0.026775 -0.389998 -0.449957 -0.455248 0.424241 0.530992 -0.059706 -0.125970 0.150111 0.111348 0.108023 0.349639 0.235935 -0.016935 -0.067611 -0.557365 0.728275 0.268167 -0.425489 0.049754 0.509592 -0.223972 0.551496 0.227186 -0.131387 -0.052802 -0.043537 -0.197338 0.443516 0.428596 0.232346 0.471651 0.274506 0.317542 0.089177 0.084139 0.119171 -0.258185 -0.308750 -0.037324 -0.170733 -0.168896 -0.138325 0.061587 0.007539 -0.048475 0.036132 0.178461 -0.064961 -0.292073 -0.257284 -0.346881 -0.372964 -0.322390 0.034380 -0.117056 0.024781 -0.053137 0.092840 0.135128 -0.088432 -0.085832 0.092168 -0.261465
-0.264792 -0.230401 -0.161730 -0.195293 -0.120698 -0.060136 0.035852 -0.266632 -0.119015 -0.488022 -0.397238 -0.364714 0.034375 -0.310073 -0.028252 -0.121068 0.076161 0.039864 -0.380307 -0.069408 0.122556 0.120254 -0.357997 -0.300779 0.066935 0.085020 0.199132 0.099712 0.155462 0.119864 -0.259516 -0.204094 0.186189 0.097472 1.000000 0.155517 0.246626 0.342155 0.304246 0.271094 0.049602 -0.005499 0.235177 0.176547 0.244879 0.050529 -0.053631 0.133624 0.040101 0.241058 -0.104199 -0.054844 0.064695 -0.007909 0.110235 0.103038 -0.040147 0.160358 0.161549 0.109820 0.109313 0.075598 0.294509 0.052669 -0.285170 -0.223906 0.328143 0.055923 0.019249 0.216658 -0.250061 0.041293 0.274302 -0.081029 -0.122562 -0.185571 -0.450410 -0.449543 0.071784 -0.029323 0.301889 0.359870 0.012423 0.045468 -0.064382 0.151405 0.116327 0.036200 -0.304737 0.075612 0.012214 0.254245 -0.107921 -0.075528 -0.337120 -0.130094 0.172716 -0.065996 0.219849 0.109583 -0.269449 -0.292011 0.089011 0.037916 -0.028921 -0.245613 -0.080619 -0.160929 -0.312992 0.131248 0.083616 -0.151314 0.352896 0.248432 0.353462 0.485989
-0.318433 -0.350891 -0.123286 -0.099112 0.333503 0.348114 0.006119 0.057834 -0.122588 0.050190 -0.370536 -0.042976 0.042468 -0.094015 -0.496120 -0.497502 -0.179822 -0.402857 -0.387506 -0.241346 -0.191860 0.102087 -0.338629 -0.164700 0.338272 0.433800 0.078370 0.311965 -0.230168 -0.172221 -0.092066 0.219860 -0.349778 -0.265566 0.155517 1.000000 -0.154892 -0.426166 -0.000234 -0.095889 -0.186087 -0.560399 0.577613 0.696707 0.458134 0.707659 0.444394 0.382296 0.066315 0.417866 0.211105 0.060684 -0.011649 0.141666 0.183422 0.075027 -0.272158 -0.312610 0.167559 -0.005236 0.020013 -0.066932 0.199804 -0.164910 -0.195461 -0.100671 0.409163 0.325010 -0.130799 -0.292596 0.188761 0.324373 -0.212287 0.038026 -0.434000 -0.251568 -0.227905 0.176475 -0.164767 -0.066277 -0.091355 -0.227733 -0.239716 -0.280351 -0.156910 0.103673 -0.038208 0.204123 -0.251864 0.272838 -0.113557 -0.223832 -0.210248 -0.433817 0.261572 0.050821 0.179609 0.111623 0.007397 -0.056830 -0.270056 -0.255398 -0.242790 -0.073463 0.170978 0.121846 0.272339 0.056049 0.095089 -0.082745 0.052283 0.088923 0.119968 0.020712 -0.069014 0.093223
