1.000000 0.518803 -0.149816 -0.174722 0.001394 -0.073363 0.111571 -0.110686 -0.255906 -0.343637 0.500357 0.098669 0.247367 -0.170976 0.257760 0.111251 0.240734 0.255803 0.360169 0.468094 -0.092291 0.081695 -0.305160 -0.266198 -0.312522 -0.381651 -0.168541 -0.256927 0.403670 0.173119 -0.109318 -0.154762 0.295868 0.218217 -0.452392 -0.399517 0.169565 -0.144107 0.122413 0.014178 -0.124013 -0.062704 -0.211071 -0.187184 0.086484 -0.003232 0.117985 0.033240 0.036724 0.015681 -0.129177 -0.098686 0.076583 -0.035412 -0.039491 -0.085765 0.495732 0.405004 0.099302 -0.156928 0.178853 -0.260906 0.434391 0.384452 -0.416992 -0.298359 0.096854 -0.248522 0.377114 0.345053 -0.122782 0.128997 0.204184 -0.133040 -0.120350 -0.115111 -0.197633 -0.252987 0.349729 0.336318 0.379904 0.395904 0.135237 0.177810 0.034670 -0.215174 -0.044239 0.111079 -0.133996 -0.260358 -0.206883 -0.226251 -0.367286 -0.106856 -0.126016 0.125496 -0.215682 0.024382 0.055317 0.117450 0.123732 0.319379 0.091897 0.004223 -0.049732 -0.240176 0.010585 -0.024551 -0.002646 0.050692 -0.220919 0.008159 0.181308 -0.019630 0.145442 0.066610
0.518803 1.000000 -0.346250 -0.092652 -0.345019 -0.017282 -0.305997 -0.112915 -0.518888 -0.327468 0.145210 0.224556 -0.242477 -0.052688 0.084220 0.029637 0.301627 0.469964 0.180600 0.559846 -0.005892 0.388160 -0.271522 -0.232210 -0.184602 -0.236669 -0.086538 -0.144767 0.251268 0.271041 -0.091354 -0.211602 0.254261 0.302671 -0.311784 -0.400104 0.152631 0.012294 0.266330 0.216412 -0.007370 0.012878 -0.422595 -0.351917 -0.087566 -0.164776 -0.017383 -0.178497 0.003684 0.016347 -0.113707 0.003732 0.124533 0.096551 0.093965 0.120763 0.671652 0.798187 -0.073350 -0.050149 -0.118906 -0.125214 0.289364 0.441139 -0.355733 -0.177320 -0.022570 -0.363279 0.547183 0.515855 -0.124489 0.100447 0.176955 -0.034475 -0.073987 -0.158574 -0.287725 -0.412290 0.380624 0.344499 0.424841 0.482989 0.025072 0.123376 0.132023 0.135213 -0.078624 0.126977 0.041032 0.034516 -0.123511 -0.419077 -0.252318 -0.432313 -0.106748 -0.060869 -0.068852 0.213294 0.151919 0.207073 -0.078558 0.170394 0.061380 -0.312139 -0.193512 -0.203314 0.161923 -0.137488 -0.003425 -0.070034 -0.300050 0.097143 0.136384 -0.133153 0.054866 0.085443
-0.149816 -0.346250 1.000000 0.252711 0.183113 0.045100 0.698504 0.293686 0.295333 -0.070096 -0.038911 -0.368596 0.309048 0.033516 -0.040751 -0.276546 -0.150767 -0.151642 0.211572 -0.139870 0.236812 0.104785 0.612397 0.535636 0.435467 0.446556 0.219937 0.282123 -0.208524 0.000618 0.509732 0.448540 -0.030186 0.099153 0.436633 0.154597 0.098704 0.101693 0.166764 0.078275 0.253820 0.204321 -0.158711 -0.158646 -0.263800 -0.329228 -0.400222 -0.339384 -0.242022 -0.347855 -0.081210 -0.184009 -0.249375 -0.283151 -0.164835 -0.171253 -0.183959 -0.197669 -0.062766 -0.293390 0.254135 -0.007715 -0.245266 -0.303954 0.483474 0.226783 -0.003974 0.006113 -0.096631 -0.338681 0.202599 0.098607 -0.030949 0.262573 0.253100 0.329637 0.271165 0.198582 0.000886 -0.077724 -0.242650 -0.143962 0.031524 -0.266551 0.009858 -0.048535 0.096944 -0.109610 0.258955 0.056987 -0.323289 0.052068 -0.046127 0.210223 0.121339 -0.051589 0.082574 -0.045926 -0.426204 -0.343362 -0.212613 -0.067520 -0.214844 -0.281343 -0.293665 -0.086372 -0.129613 -0.105728 -0.013102 -0.009279 0.067258 -0.304041 -0.114690 0.238277 0.184226 0.168439
-0.174722 -0.092652 0.252711 1.000000 -0.005174 0.101150 0.077319 0.411152 0.317392 0.392443 -0.343609 -0.261481 -0.218898 0.348831 -0.240867 -0.165165 0.144251 -0.242942 0.108449 0.074643 0.124932 0.206926 0.581202 0.667152 0.312104 0.515405 0.283564 0.525095 -0.352801 -0.184047 0.275118 0.487991 -0.278374 0.069871 0.424020 0.331102 -0.176445 -0.086676 0.111918 0.075757 0.041391 0.134687 -0.262687 -0.338737 -0.422924 -0.321605 -0.361749 -0.354021 -0.331388 -0.366890 -0.059130 -0.140758 0.011095 0.082084 -0.112630 -0.196055 -0.025296 -0.238569 -0.244299 -0.178786 -0.081775 0.350326 -0.403703 -0.291881 0.703054 0.430466 -0.387905 -0.089303 0.083444 -0.335235 0.260624 0.085482 -0.302730 0.313071 0.114995 0.310922 0.162592 0.349317 0.119173 0.020439 -0.231330 -0.252618 0.254510 0.027112 0.432564 0.216929 -0.136770 -0.052711 0.447236 0.592934 -0.005232 0.010694 0.354515 -0.053197 -0.066008 -0.130635 -0.238772 -0.313323 -0.341236 -0.397655 -0.354934 -0.353683 -0.442519 -0.138067 -0.233671 0.017202 -0.160958 0.134807 -0.117264 -0.140172 -0.211239 -0.320335 -0.355907 -0.161616 -0.036502 -0.133165
0.001394 -0.345019 0.183113 -0.005174 1.000000 0.272225 0.275768 0.079583 0.545784 0.331032 -0.021725 0.005705 0.155797 0.059915 0.015133 0.186487 -0.439010 -0.152987 0.058724 -0.246810 -0.138185 -0.281497 -0.141053 -0.151608 -0.239041 -0.362415 0.145168 0.095075 -0.105275 -0.205017 -0.057862 -0.226787 -0.317577 -0.497378 0.109872 0.002216 -0.170849 -0.197149 -0.337179 -0.376152 -0.174118 -0.094391 0.219336 0.103760 0.265568 0.247735 0.176680 0.075346 0.139424 0.183399 0.201535 0.169642 0.078549 0.201116 0.127464 -0.154713 -0.427457 -0.367282 0.298384 0.158913 0.338937 0.102152 -0.005211 -0.046952 0.107562 -0.070195 0.278898 0.183691 -0.238498 -0.216962 0.014662 -0.174481 -0.276695 -0.097658 -0.087992 0.078928 0.032102 0.019775 -0.411933 -0.292211 -0.283022 -0.270021 0.082986 0.149755 -0.250409 -0.310349 -0.222862 -0.223899 -0.203623 -0.151962 0.194612 0.406516 0.084545 0.233166 -0.227470 -0.204695 -0.163542 -0.248428 0.105219 -0.119181 0.072787 0.015036 0.151834 0.240110 0.108009 0.031438 0.146148 0.240691 -0.266372 -0.000223 0.027073 0.110149 0.104607 -0.065843 -0.157627 -0.342593
-0.073363 -0.017282 0.045100 0.101150 0.272225 1.000000 -0.233168 0.363015 -0.141334 0.388634 -0.048201 -0.135208 -0.294294 0.302930 -0.121251 -0.079048 0.030004 -0.005028 -0.187404 0.044765 0.218110 0.389666 0.223563 0.033158 0.002492 0.171228 0.654666 0.669273 -0.284870 -0.039367 0.220886 0.158394 -0.119286 0.031596 -0.038361 0.089619 -0.039754 -0.156796 0.164346 0.137390 -0.170102 0.047703 0.049623 -0.026417 -0.211281 -0.219270 -0.165896 -0.076843 0.029854 -0.048922 0.258741 0.040364 -0.103517 0.113211 0.092603 0.019704 -0.024771 -0.051941 0.009444 0.060946 -0.193370 0.241215 -0.294292 -0.121897 0.142670 0.228095 -0.177705 -0.086139 0.059598 -0.038344 0.180098 -0.020570 -0.206437 -0.026672 -0.017037 -0.023442 -0.187472 -0.181000 -0.016802 -0.117102 0.038538 -0.043723 -0.167385 -0.100389 0.038336 -0.092654 0.193666 -0.056565 0.361730 0.193315 -0.066351 -0.220752 0.151906 -0.304961 0.135622 -0.099518 -0.047621 -0.046513 -0.125724 -0.252372 -0.173787 -0.233470 -0.297374 -0.131167 -0.276564 -0.180918 -0.066370 0.063231 -0.277448 -0.203395 -0.145702 -0.180975 0.075310 -0.144483 0.077782 -0.272595
0.111571 -0.305997 0.698504 0.077319 0.275768 -0.233168 1.000000 0.025011 0.386431 -0.228035 0.106235 -0.217017 0.675768 -0.102743 0.225116 0.145426 -0.084412 -0.090308 0.399936 -0.097791 0.087822 -0.021719 0.171607 0.210064 0.052561 -0.002622 -0.115917 -0.002875 0.268353 0.145722 0.268124 0.225802 0.087106 0.120541 0.198093 0.036600 0.275173 0.167695 0.095899 -0.076359 0.230536 0.177396 -0.159742 -0.149539 -0.000123 -0.027016 -0.205763 -0.254770 -0.272673 -0.280378 -0.308248 -0.334769 -0.176256 -0.347710 0.061622 -0.209898 -0.173919 -0.162571 -0.041749 -0.423841 0.482998 -0.227220 0.227327 -0.040707 0.154236 -0.126203 0.185233 0.029348 -0.086370 -0.177028 0.121219 0.069620 0.137768 0.173201 0.041464 0.242742 0.273850 0.251600 0.032151 -0.019720 -0.054333 0.037926 0.213721 0.063277 -0.045469 -0.108223 0.037672 0.000461 0.020391 -0.173611 -0.285522 0.195769 -0.194723 0.338642 -0.067493 -0.127124 -0.035328 -0.156101 -0.329807 -0.268424 -0.171781 -0.022297 -0.067998 -0.078484 -0.148681 -0.135483 -0.197502 -0.017768 -0.008480 0.120850 0.103883 -0.152357 -0.109830 0.132571 0.135298 0.084870
-0.110686 -0.112915 0.293686 0.411152 0.079583 0.363015 0.025011 1.000000 0.103762 0.478066 -0.248564 0.077710 -0.226923 0.683545 -0.442381 -0.243264 -0.112622 -0.080856 -0.277102 -0.239078 0.130272 0.167110 0.232635 0.210634 -0.049155 0.210391 0.287746 0.415396 -0.566767 -0.253015 -0.005744 0.168142 -0.162232 -0.025247 0.249505 0.189950 -0.031948 0.019832 0.108803 0.162365 -0.049777 0.180422 -0.291818 -0.215759 -0.396558 -0.382647 -0.393471 -0.303945 -0.141416 -0.288430 0.159077 -0.082896 -0.123651 -0.095278 -0.259207 -0.189325 -0.264057 -0.288949 0.059141 0.279049 -0.003115 0.670094 -0.398005 -0.025344 0.386796 0.661682 -0.134465 0.254994 -0.225513 -0.395312 0.252673 0.056068 -0.309447 0.244322 0.209700 0.330903 0.075495 0.072806 -0.049838 -0.133002 -0.199499 -0.378467 -0.387303 -0.325092 -0.026552 -0.109460 -0.152292 -0.026826 0.225772 0.254178 -0.040484 -0.077224 0.538714 -0.080192 0.177973 0.081960 -0.103791 -0.037664 -0.215609 -0.425672 0.060670 -0.118365 0.099904 -0.031963 0.086231 -0.032734 -0.147270 0.005056 -0.088590 -0.251902 -0.260366 -0.369633 -0.040552 0.315379 0.393501 0.012485
-0.255906 -0.518888 0.295333 0.317392 0.545784 -0.141334 0.386431 0.103762 1.000000 0.326133 -0.082547 -0.067540 0.352257 0.202264 0.154083 0.223864 -0.326393 -0.244666 0.013604 -0.376128 -0.023426 -0.310532 0.156975 0.220685 0.043980 0.019312 0.052935 0.114977 -0.159616 -0.121878 -0.047899 0.043965 -0.358430 -0.333058 0.299830 0.216765 -0.142823 0.192608 -0.259273 -0.225354 0.085333 0.139902 0.088466 0.024789 -0.019881 0.033151 -0.068527 -0.061248 -0.108911 -0.121433 -0.033929 -0.013819 0.015057 0.037800 0.014455 -0.136148 -0.533624 -0.522703 0.021105 -0.049815 0.317827 0.133023 -0.148709 -0.201531 0.372433 0.171566 -0.074305 0.135700 -0.366898 -0.464736 0.132428 0.037080 -0.257879 0.219650 -0.040918 0.337450 0.366697 0.467656 -0.305722 -0.210941 -0.418888 -0.345440 0.246896 0.127034 -0.041459 0.051342 -0.228300 -0.183101 -0.041068 0.170211 0.158781 0.479933 0.281583 0.366148 0.003697 -0.118404 -0.041669 -0.257670 -0.121448 -0.219718 0.042805 -0.262039 0.066346 0.140150 0.187770 0.187440 -0.027665 0.047820 -0.128784 0.009488 0.097114 -0.036938 -0.162683 -0.066857 -0.164444 -0.198329
-0.343637 -0.327468 -0.070096 0.392443 0.331032 0.388634 -0.228035 0.478066 0.326133 1.000000 -0.264323 0.204328 -0.253704 0.542357 -0.312371 0.139732 -0.325693 -0.187548 -0.295633 -0.333222 -0.065299 -0.055193 0.066555 0.003098 -0.159884 0.059152 0.153982 0.292709 -0.447926 -0.261922 -0.154238 -0.041904 -0.395994 -0.399357 0.144194 0.278491 -0.217116 -0.074061 -0.318542 -0.031160 -0.158266 0.046934 0.081186 0.018386 -0.115283 0.025020 -0.142999 -0.146899 -0.036576 -0.052807 0.190262 0.067610 0.002387 0.109020 -0.118292 -0.218550 -0.432112 -0.561836 0.216633 0.361931 0.151674 0.691257 -0.295394 -0.027069 0.375061 0.471414 -0.129874 0.293357 -0.314676 -0.324654 0.118107 -0.003133 -0.344142 0.021546 -0.044625 0.081180 0.026900 0.205461 -0.326857 -0.310555 -0.237256 -0.390961 -0.259675 -0.041488 -0.011189 0.052062 -0.241833 -0.059258 0.062550 0.334484 0.330734 0.174579 0.619557 0.089655 0.073897 0.006433 -0.272479 -0.294201 -0.053164 -0.263866 0.065702 -0.225076 0.107481 0.158808 0.131302 0.082963 0.021647 0.243934 -0.136790 -0.058258 -0.249736 -0.102250 -0.057732 -0.000510 -0.116083 -0.235757
0.500357 0.145210 -0.038911 -0.343609 -0.021725 -0.048201 0.106235 -0.248564 -0.082547 -0.264323 1.000000 0.119400 0.552080 0.019157 0.603257 0.192758 0.174165 0.225194 0.027450 0.095552 -0.042574 -0.073620 -0.139888 -0.250825 -0.088786 -0.194109 -0.116826 -0.306294 0.485794 0.222155 0.000575 -0.069299 0.114372 0.075021 -0.428190 -0.326305 0.253853 0.049933 -0.004645 -0.045126 0.010728 -0.087637 0.027565 0.016003 0.039784 -0.055489 0.023293 -0.001637 0.056547 -0.036942 -0.211716 -0.109229 0.115994 -0.150663 -0.037396 -0.166412 0.227615 0.094038 0.098572 -0.173183 0.321065 -0.229035 0.199217 0.140309 -0.335503 -0.162809 -0.167273 -0.231151 0.080299 0.123005 0.003571 0.088352 0.232543 -0.017620 0.032280 -0.100994 0.108309 -0.079709 0.223415 0.154343 0.370179 0.327151 0.084572 -0.016158 0.258267 -0.031224 0.200556 0.202916 0.001805 -0.304277 -0.228201 -0.157464 -0.222899 0.222848 0.265594 0.202936 -0.104779 0.036457 -0.123970 -0.087415 0.242373 0.227410 0.047296 -0.148958 -0.002757 -0.202878 -0.055615 -0.214801 0.210097 0.211718 -0.169145 -0.050525 0.058470 0.123452 0.140246 0.354510
0.098669 0.224556 -0.368596 -0.261481 0.005705 -0.135208 -0.217017 0.077710 -0.067540 0.204328 0.119400 1.000000 -0.040786 0.299949 -0.322514 0.195406 -0.289926 0.041278 -0.408009 -0.378864 -0.189615 -0.187263 -0.599550 -0.567462 -0.504399 -0.473834 -0.365909 -0.443125 -0.067914 -0.150065 -0.561557 -0.529070 -0.193862 -0.419476 -0.317630 -0.265956 -0.060765 0.070169 -0.271177 -0.132148 -0.177055 0.010030 -0.027359 0.128323 0.289129 0.368055 0.241385 0.104552 0.278271 0.308015 0.204164 0.261922 0.396782 0.124298 0.126604 0.066480 -0.254653 -0.133828 0.395681 0.579634 0.080923 0.317390 0.245979 0.431674 -0.239125 0.053332 0.234841 0.341058 -0.355323 -0.059664 -0.147955 0.077155 0.062235 -0.006683 0.031816 -0.089511 -0.099221 -0.099441 -0.267981 -0.105091 -0.029784 -0.199842 -0.407941 -0.064550 -0.143902 0.111669 -0.151328 0.060497 -0.432223 -0.026587 0.320203 -0.043649 0.086408 -0.067203 0.012373 0.134260 -0.074069 -0.051894 0.397189 0.143470 0.290671 0.004372 0.460779 0.108461 0.385446 0.079014 0.183657 -0.052228 -0.030572 0.104436 -0.187706 0.006823 0.220066 0.182857 0.010564 0.113402
0.247367 -0.242477 0.309048 -0.218898 0.155797 -0.294294 0.675768 -0.226923 0.352257 -0.253704 0.552080 -0.040786 1.000000 -0.020599 0.540239 0.339865 -0.034532 0.050261 0.148413 -0.193579 -0.014239 -0.203280 -0.029668 -0.060943 -0.115798 -0.196861 -0.264359 -0.265356 0.475558 0.252261 0.060262 0.056670 -0.012766 0.050875 -0.078739 -0.064610 0.343615 0.316624 0.056420 -0.004114 0.150041 0.224909 -0.024850 -0.045800 0.015064 0.008511 -0.117554 -0.125978 -0.194709 -0.250076 -0.326730 -0.310998 0.076876 -0.272714 0.155101 -0.189854 -0.099806 -0.110881 0.115346 -0.388898 0.579526 -0.295847 0.328598 0.054875 -0.197499 -0.171257 0.023776 -0.081309 -0.080712 -0.123248 0.128596 0.137326 0.276156 0.179333 -0.020366 0.189323 0.334434 0.300529 0.045699 0.046756 0.120587 0.196255 0.134322 0.043327 -0.049929 -0.063384 0.050527 0.061648 -0.068522 -0.302571 -0.203428 0.171828 -0.142122 0.430155 0.118702 0.017558 0.014811 -0.055281 -0.275387 -0.166616 0.075001 0.146910 0.028192 -0.022066 0.013140 -0.137325 -0.131767 -0.136270 0.175732 0.272678 0.038336 -0.016167 -0.029912 0.170570 0.035739 0.233150
-0.170976 -0.052688 0.033516 0.348831 0.059915 0.302930 -0.102743 0.683545 0.202264 0.542357 0.019157 0.299949 -0.020599 1.000000 -0.207258 -0.044788 -0.036133 0.154762 -0.431095 -0.336143 -0.098463 0.051015 0.158055 0.021245 -0.071070 0.115118 0.145284 0.271610 -0.370764 -0.205818 -0.103328 0.078319 -0.178343 -0.039542 0.189430 0.177077 0.063070 0.160054 0.012066 0.066474 0.002547 0.098374 -0.237728 -0.181825 -0.449014 -0.330629 -0.358211 -0.319113 -0.197468 -0.342082 0.018229 -0.186105 0.115607 -0.048040 -0.007942 -0.094532 -0.199794 -0.311539 0.191025 0.184822 0.223649 0.766648 -0.462328 -0.015065 0.377279 0.764890 -0.309236 0.197091 -0.155298 -0.374593 0.188640 0.088928 -0.291299 0.179255 0.042045 0.230955 0.055727 0.104597 -0.040546 -0.092087 -0.101986 -0.276737 -0.382855 -0.300846 0.199237 0.131131 -0.115638 -0.018160 0.374524 0.402526 0.013135 -0.094871 0.629166 0.006090 0.281940 -0.096558 -0.094094 -0.168148 -0.281520 -0.437205 0.049106 -0.186205 0.068267 -0.147907 0.073426 -0.046177 -0.204885 0.017743 -0.081192 -0.178255 -0.358192 -0.342937 0.024797 0.184285 0.174647 0.063050
0.257760 0.084220 -0.040751 -0.240867 0.015133 -0.121251 0.225116 -0.442381 0.154083 -0.312371 0.603257 -0.322514 0.540239 -0.207258 1.000000 0.455261 0.247246 0.336484 0.310115 0.285335 0.118517 0.022727 0.041969 -0.020276 0.096561 -0.131128 0.057025 -0.084482 0.676449 0.513962 0.206432 0.081293 0.144187 0.207083 -0.272894 -0.306876 0.394253 0.178912 0.054438 -0.096603 0.309510 0.005534 0.032023 -0.029461 0.014814 -0.110284 -0.040089 -0.087742 -0.005188 -0.043807 -0.269125 -0.125598 0.032792 -0.061917 0.196861 -0.116162 0.336734 0.237454 -0.179230 -0.510621 0.316365 -0.501619 0.240908 0.021550 -0.372641 -0.426002 -0.243218 -0.559742 0.253095 0.180994 0.100687 0.005855 0.310466 -0.015149 -0.008876 0.028586 0.224609 -0.053389 0.273598 0.299743 0.384747 0.519365 0.493243 0.319433 0.165181 0.008260 0.152917 0.052871 0.023025 -0.244749 -0.307640 -0.037865 -0.368930 0.113266 0.059080 -0.143385 -0.105344 -0.036562 -0.194350 -0.013168 -0.013411 0.188110 -0.110426 -0.197803 -0.105056 -0.166471 -0.130887 -0.150382 0.158440 0.101040 -0.129063 0.075427 -0.111130 -0.211167 -0.098431 0.101514
0.111251 0.029637 -0.276546 -0.165165 0.186487 -0.079048 0.145426 -0.243264 0.223864 0.139732 0.192758 0.195406 0.339865 -0.044788 0.455261 1.000000 -0.060657 0.152216 0.253957 0.128668 0.099447 0.006176 -0.402319 -0.250867 -0.268187 -0.344300 -0.253658 -0.204679 0.538336 0.388008 -0.116699 -0.204542 0.023424 -0.077139 -0.388499 -0.338170 0.323964 0.175498 -0.054077 -0.055187 0.212294 0.275407 -0.075522 -0.130108 0.245381 0.247105 -0.027055 -0.182491 -0.022907 0.015524 -0.205431 -0.198602 0.021248 -0.200942 0.341352 -0.197801 -0.016987 -0.023173 0.086027 -0.123704 0.372922 -0.155320 0.522569 0.446959 -0.311575 -0.396031 0.088932 -0.065249 0.014665 0.278098 0.046228 0.057112 0.316048 0.032939 -0.024555 0.033253 0.132431 0.037654 -0.040107 0.000804 0.250759 0.294576 0.346368 0.645375 -0.007345 0.030037 -0.038812 0.197528 -0.283556 -0.183328 0.045066 0.013471 -0.121294 0.094910 -0.097248 -0.082773 -0.322380 -0.147884 -0.022813 -0.077352 0.038095 -0.037662 0.101893 -0.093799 -0.008127 -0.047066 -0.101260 0.026423 0.029432 0.093384 -0.285955 0.129022 0.013390 -0.279037 -0.161774 -0.212753
0.240734 0.301627 -0.150767 0.144251 -0.439010 0.030004 -0.084412 -0.112622 -0.326393 -0.325693 0.174165 -0.289926 -0.034532 -0.036133 0.247246 -0.060657 1.000000 0.444269 0.079886 0.375793 0.173395 0.364799 0.191848 0.119282 0.299487 0.310798 0.154235 0.133395 0.386505 0.396488 0.440661 0.442727 0.312641 0.585524 0.043690 0.085542 0.333251 0.142965 0.294232 0.114882 0.166647 -0.001127 -0.136472 -0.035654 -0.260041 -0.241705 -0.068924 -0.058724 -0.291545 -0.246862 -0.372059 -0.315297 -0.131751 -0.081242 -0.040877 -0.004956 0.618481 0.403580 -0.580845 -0.565983 -0.322579 -0.272254 0.001963 -0.149650 -0.121653 -0.093282 -0.428622 -0.412952 0.502513 0.221576 0.150133 0.149784 0.363650 0.063169 0.091904 -0.025910 0.140201 0.132851 0.691092 0.517431 0.512585 0.471352 0.156600 -0.018623 0.284620 0.082903 0.103199 0.098084 0.153310 -0.026485 -0.444494 -0.427268 -0.178141 -0.293359 0.105465 -0.134966 -0.022217 -0.070770 -0.284302 -0.150671 -0.317643 -0.061909 -0.406769 -0.237053 -0.286747 -0.123163 -0.257773 -0.123029 -0.104409 -0.213805 -0.137126 -0.207071 0.016576 0.015515 0.182715 0.086255
0.255803 0.469964 -0.151642 -0.242942 -0.152987 -0.005028 -0.090308 -0.080856 -0.244666 -0.187548 0.225194 0.041278 0.050261 0.154762 0.336484 0.152216 0.444269 1.000000 0.042922 0.243708 -0.051025 0.140192 -0.103834 -0.273059 0.015833 -0.139880 -0.000741 -0.122292 0.314879 0.459802 0.124780 -0.048581 0.179523 0.331072 -0.056763 -0.156386 0.428529 0.310609 0.122028 0.097265 0.190188 -0.004013 -0.169159 -0.060601 -0.154349 -0.172674 -0.055906 -0.126195 -0.116723 -0.103907 -0.230309 -0.172209 0.042324 -0.061096 0.190624 0.100545 0.475883 0.450151 -0.119494 -0.237044 0.076057 -0.079262 0.105838 0.176985 -0.345729 -0.028961 -0.164616 -0.338197 0.335559 0.244449 -0.093871 -0.022149 0.241224 -0.055543 -0.058337 -0.032085 0.033973 -0.122828 0.358318 0.469039 0.417966 0.463240 -0.073092 -0.020586 -0.008929 0.035386 0.009044 0.056053 0.021245 -0.072733 -0.242254 -0.339639 -0.138212 -0.197873 0.035562 -0.200830 0.032561 0.046497 -0.051661 0.059471 -0.031785 0.233506 0.074889 -0.276925 -0.202336 -0.204706 -0.062638 -0.174114 -0.085550 -0.211585 -0.302989 0.026253 0.172731 0.081616 0.085260 0.123057
0.360169 0.180600 0.211572 0.108449 0.058724 -0.187404 0.399936 -0.277102 0.013604 -0.295633 0.027450 -0.408009 0.148413 -0.431095 0.310115 0.253957 0.079886 0.042922 1.000000 0.682052 0.061370 0.181476 0.028180 0.271165 0.173578 0.040035 -0.102965 -0.027113 0.411464 0.257493 0.275274 0.166841 0.335319 0.351349 -0.019809 -0.248272 0.223475 -0.245177 0.095231 -0.048115 0.059058 -0.167754 -0.293856 -0.449725 -0.078655 -0.147863 -0.229468 -0.332128 -0.305164 -0.268005 -0.419856 -0.359104 -0.309953 -0.331199 0.016105 -0.377636 0.388483 0.343277 -0.116690 -0.377189 0.295109 -0.346845 0.422673 0.301513 0.011555 -0.407100 0.286445 -0.142889 0.493810 0.511197 -0.039032 0.071853 0.085604 -0.152826 -0.161105 -0.043988 -0.015623 -0.018024 0.238571 0.144017 0.129418 0.331132 0.592387 0.570908 0.138018 -0.155144 0.088405 0.135241 0.045159 -0.153695 -0.143843 0.077270 -0.275704 0.185979 -0.288765 -0.038816 -0.286075 -0.000832 -0.320144 -0.058283 -0.207655 0.094216 -0.121304 -0.072158 -0.392649 -0.323668 -0.133956 -0.020662 0.095666 0.165794 -0.036358 0.063960 -0.055799 -0.309887 -0.231250 -0.192479
0.468094 0.559846 -0.139870 0.074643 -0.246810 0.044765 -0.097791 -0.239078 -0.376128 -0.333222 0.095552 -0.378864 -0.193579 -0.336143 0.285335 0.128668 0.375793 0.243708 0.682052 1.000000 0.125303 0.431610 0.033118 0.227325 0.213827 0.132436 0.089666 0.134652 0.380848 0.323165 0.306924 0.243067 0.481065 0.635664 -0.218339 -0.234717 0.182160 -0.233115 0.251251 0.176188 0.078398 -0.081961 -0.372540 -0.479223 -0.194413 -0.303854 -0.250260 -0.252696 -0.236189 -0.221133 -0.351710 -0.300043 -0.332123 -0.199280 -0.042541 -0.211886 0.716914 0.651074 -0.301227 -0.394275 -0.096445 -0.331005 0.256176 0.232985 -0.143000 -0.336652 -0.027435 -0.366083 0.774282 0.697920 -0.036905 0.108550 0.182709 -0.177591 -0.144779 -0.202036 -0.206678 -0.227933 0.516976 0.395384 0.410449 0.558108 0.475645 0.412011 0.280329 -0.061107 0.104990 0.192860 0.234546 -0.063576 -0.310286 -0.300148 -0.307181 -0.202625 -0.143965 0.025055 -0.169514 0.182694 -0.233040 -0.033971 -0.199479 0.096081 -0.226561 -0.189546 -0.410280 -0.305432 -0.088000 0.009453 0.085308 0.059243 -0.084572 0.015778 -0.113947 -0.420216 -0.063350 -0.112568
-0.092291 -0.005892 0.236812 0.124932 -0.138185 0.218110 0.087822 0.130272 -0.023426 -0.065299 -0.042574 -0.189615 -0.014239 -0.098463 0.118517 0.099447 0.173395 -0.051025 0.061370 0.125303 1.000000 0.603133 0.305511 0.360768 0.301445 0.272917 0.472062 0.340287 0.028301 0.368606 0.404150 0.378678 -0.010143 0.147156 -0.093717 -0.160925 0.273837 0.340177 0.577332 0.449847 0.424036 0.489311 -0.118810 -0.072747 -0.103590 -0.194642 -0.198049 -0.148439 -0.053405 -0.088619 -0.069355 -0.055073 -0.204186 -0.071441 0.213380 -0.038681 -0.007082 -0.034085 -0.418680 -0.275711 -0.205175 -0.183819 -0.005763 -0.078982 -0.006405 -0.153644 -0.365349 -0.382089 0.006032 -0.111438 0.698350 0.375932 0.402352 0.514711 0.593185 0.523441 0.369370 0.221737 0.150034 0.031377 0.002998 -0.021015 0.301297 0.159204 -0.022624 -0.049504 0.311418 0.131914 -0.008871 0.005997 -0.300496 -0.305853 -0.202837 -0.269004 0.042807 0.168072 -0.077643 0.027786 -0.235840 -0.251323 -0.189400 -0.247061 -0.377985 -0.325783 -0.159805 -0.044375 -0.073690 -0.204543 0.072070 0.014390 -0.285344 -0.402417 -0.060973 0.027095 0.119281 0.101790
0.081695 0.388160 0.104785 0.206926 -0.281497 0.389666 -0.021719 0.167110 -0.310532 -0.055193 -0.073620 -0.187263 -0.203280 0.051015 0.022727 0.006176 0.364799 0.140192 0.181476 0.431610 0.603133 1.000000 0.267738 0.304547 0.203602 0.304058 0.414598 0.503387 0.019755 0.250516 0.369298 0.375390 0.203268 0.458689 -0.107876 -0.170458 0.225176 0.072583 0.642966 0.542872 0.356317 0.420033 -0.431301 -0.394842 -0.375382 -0.435846 -0.375850 -0.402323 -0.191787 -0.289826 -0.088488 -0.177449 -0.160584 -0.124781 0.208460 0.024444 0.331262 0.322846 -0.377877 -0.272952 -0.238821 -0.005529 -0.063906 0.036041 0.017336 0.038402 -0.334497 -0.370729 0.400121 0.206002 0.452926 0.338197 0.234763 0.315295 0.242728 0.258496 0.122827 0.005803 0.386611 0.212192 0.174744 0.171474 0.174867 0.105634 0.138860 0.084678 0.230752 0.190357 0.280635 0.223800 -0.379209 -0.470682 -0.152744 -0.422140 0.094835 0.080746 0.033479 0.118392 -0.314015 -0.231686 -0.331667 -0.261529 -0.428100 -0.375649 -0.404908 -0.161214 -0.156250 -0.088955 -0.001703 0.009720 -0.279160 -0.405604 -0.073917 -0.093813 0.141501 0.031839
-0.305160 -0.271522 0.612397 0.581202 -0.141053 0.223563 0.171607 0.232635 0.156975 0.066555 -0.139888 -0.599550 -0.029668 0.158055 0.041969 -0.402319 0.191848 -0.103834 0.028180 0.033118 0.305511 0.267738 1.000000 0.835866 0.754374 0.788233 0.507444 0.597879 -0.300227 -0.019060 0.654399 0.730114 -0.096102 0.248905 0.470218 0.322960 -0.066578 0.049861 0.236297 0.158025 0.184938 0.123541 -0.073204 -0.147195 -0.516930 -0.530293 -0.433235 -0.261384 -0.256331 -0.369146 -0.006035 -0.113569 -0.144405 -0.030940 -0.092913 -0.049453 0.020246 -0.154325 -0.310519 -0.382702 -0.140119 0.028814 -0.606084 -0.562272 0.616130 0.344827 -0.472718 -0.351486 0.081033 -0.375297 0.344447 0.141836 -0.157058 0.280048 0.211936 0.313996 0.211450 0.226123 0.195341 0.046962 -0.203772 -0.141735 0.224535 -0.248937 0.358362 0.191061 0.291210 -0.088817 0.614498 0.478730 -0.284909 -0.089009 0.088531 -0.030784 0.131469 -0.212525 0.017184 -0.182478 -0.483945 -0.364459 -0.387530 -0.215874 -0.589771 -0.334988 -0.356953 -0.044975 -0.230619 0.015117 -0.107532 -0.143252 -0.008725 -0.324096 -0.296285 -0.051769 0.014339 0.062005
-0.266198 -0.232210 0.535636 0.667152 -0.151608 0.033158 0.210064 0.210634 0.220685 0.003098 -0.250825 -0.567462 -0.060943 0.021245 -0.020276 -0.250867 0.119282 -0.273059 0.271165 0.227325 0.360768 0.304547 0.835866 1.000000 0.753818 0.767687 0.403779 0.540611 -0.221489 0.034442 0.609618 0.776480 -0.040916 0.295958 0.436562 0.229706 -0.053619 -0.020918 0.242197 0.212291 0.237064 0.153122 -0.267185 -0.378145 -0.512052 -0.553518 -0.499590 -0.370057 -0.360528 -0.447282 -0.103458 -0.184521 -0.252066 -0.130734 -0.172685 -0.222674 -0.002926 -0.098118 -0.417323 -0.336682 -0.193426 -0.016461 -0.367631 -0.351310 0.618861 0.175244 -0.330111 -0.283217 0.152458 -0.220677 0.368983 0.165132 -0.097811 0.312815 0.239941 0.414510 0.264033 0.349412 0.173716 0.034733 -0.229697 -0.114867 0.461630 0.065685 0.383997 0.126649 0.159024 0.014331 0.448959 0.343183 -0.192904 -0.024598 0.084957 0.007314 0.028622 -0.070627 -0.080871 -0.053199 -0.537935 -0.401540 -0.405855 -0.317684 -0.550621 -0.209817 -0.331513 -0.011687 -0.187539 0.005649 0.014832 0.055694 -0.010473 -0.278010 -0.336187 -0.142674 -0.049111 0.017490
-0.312522 -0.184602 0.435467 0.312104 -0.239041 0.002492 0.052561 -0.049155 0.043980 -0.159884 -0.088786 -0.504399 -0.115798 -0.071070 0.096561 -0.268187 0.299487 0.015833 0.173578 0.213827 0.301445 0.203602 0.754374 0.753818 1.000000 0.839363 0.353170 0.332237 -0.054663 0.176954 0.735346 0.744456 0.114183 0.367252 0.398641 0.191342 -0.004092 0.067622 0.112406 0.067214 0.295105 -0.012949 -0.022939 -0.103367 -0.365019 -0.419170 -0.321019 -0.209713 -0.233815 -0.274345 -0.162898 -0.119972 -0.239538 -0.126886 -0.183242 -0.116860 0.138101 0.031921 -0.488025 -0.411658 -0.276463 -0.191107 -0.358414 -0.384727 0.428300 0.057358 -0.356402 -0.319120 0.191291 -0.080580 0.231043 0.102286 0.118742 0.158602 0.263128 0.220524 0.229263 0.229483 0.233026 0.102479 -0.112289 0.009288 0.383593 -0.046769 0.353288 0.113127 0.289594 -0.051314 0.326501 0.182939 -0.229379 -0.129672 -0.086304 -0.041646 0.101065 -0.163386 0.000468 -0.096700 -0.425825 -0.274218 -0.262888 -0.182700 -0.517371 -0.331819 -0.312911 0.012736 -0.198387 -0.093751 -0.055915 -0.055191 0.036050 -0.233560 -0.168383 -0.126527 -0.034839 0.042637
-0.381651 -0.236669 0.446556 0.515405 -0.362415 0.171228 -0.002622 0.210391 0.019312 0.059152 -0.194109 -0.473834 -0.196861 0.115118 -0.131128 -0.344300 0.310798 -0.139880 0.040035 0.132436 0.272917 0.304058 0.788233 0.767687 0.839363 1.000000 0.380535 0.540908 -0.280857 0.008618 0.639546 0.790787 0.022090 0.428382 0.450055 0.404047 -0.086081 0.001303 0.205155 0.223271 0.257409 0.121032 -0.100824 -0.161024 -0.481509 -0.465531 -0.481662 -0.299330 -0.327680 -0.399709 -0.109577 -0.222047 -0.265490 -0.228580 -0.249441 -0.113203 0.071364 -0.077481 -0.436195 -0.340148 -0.330934 0.071303 -0.474968 -0.446476 0.613284 0.334590 -0.433549 -0.121642 0.131746 -0.154941 0.192430 0.121646 -0.019692 0.195911 0.192025 0.163214 0.118588 0.252047 0.262924 0.039383 -0.107303 -0.059468 0.150708 -0.187138 0.428383 0.211086 0.244223 -0.005363 0.499173 0.346125 -0.239691 -0.239108 0.116083 -0.079832 0.268196 -0.031876 0.058835 -0.060500 -0.503799 -0.392627 -0.354297 -0.354927 -0.586237 -0.322738 -0.360961 0.038837 -0.278815 -0.105467 -0.025103 -0.106579 0.033206 -0.374109 -0.299906 -0.050079 0.075877 0.013889
-0.168541 -0.086538 0.219937 0.283564 0.145168 0.654666 -0.115917 0.287746 0.052935 0.153982 -0.116826 -0.365909 -0.264359 0.145284 0.057025 -0.253658 0.154235 -0.000741 -0.102965 0.089666 0.472062 0.414598 0.507444 0.403779 0.353170 0.380535 1.000000 0.805047 -0.258046 0.109540 0.464163 0.491179 -0.175171 0.163737 0.228524 0.193680 0.022712 -0.034487 0.289681 0.191445 0.155582 0.022516 -0.020717 -0.069234 -0.336884 -0.400841 -0.216398 -0.052331 -0.079771 -0.148814 0.087042 0.031315 -0.148811 0.156280 0.034562 -0.053112 -0.008852 -0.067033 -0.324870 -0.203512 -0.304528 0.065977 -0.375944 -0.337823 0.211743 0.146825 -0.450638 -0.349841 0.111907 -0.194457 0.390476 0.041911 -0.088628 0.077214 0.095964 0.237627 0.108305 0.035569 0.164195 0.065584 -0.031398 -0.043096 0.162542 -0.045453 0.167773 0.002518 0.205247 -0.154654 0.355363 0.213379 -0.193435 -0.163572 0.061673 -0.272092 0.078320 -0.114244 0.054293 -0.022571 -0.196748 -0.280483 -0.239632 -0.292283 -0.439820 -0.110147 -0.179250 -0.040445 -0.098073 -0.021014 -0.261160 -0.124944 -0.014328 -0.199005 -0.173878 -0.142185 0.074960 -0.160460
-0.256927 -0.144767 0.282123 0.525095 0.095075 0.669273 -0.002875 0.415396 0.114977 0.292709 -0.306294 -0.443125 -0.265356 0.271610 -0.084482 -0.204679 0.133395 -0.122292 -0.027113 0.134652 0.340287 0.503387 0.597879 0.540611 0.332237 0.540908 0.805047 1.000000 -0.344213 -0.055351 0.460974 0.571311 -0.165781 0.289923 0.368105 0.407039 -0.040566 -0.112186 0.304594 0.245722 0.125641 0.145078 -0.200827 -0.251523 -0.465329 -0.449959 -0.428345 -0.227463 -0.288694 -0.335204 0.045174 -0.170772 -0.201820 0.014481 0.051583 -0.057794 -0.040785 -0.084355 -0.252837 -0.210972 -0.274752 0.247011 -0.431698 -0.342566 0.471140 0.340096 -0.367828 -0.179481 0.163786 -0.178064 0.338864 0.041900 -0.220904 0.110871 -0.034400 0.264894 0.024898 0.063512 0.159160 -0.017191 -0.056388 -0.053619 0.134914 -0.020395 0.260180 0.114881 0.170334 -0.148654 0.571170 0.388144 -0.237553 -0.186244 0.197296 -0.296936 0.044212 -0.161914 0.065068 -0.069002 -0.342711 -0.406317 -0.448108 -0.478982 -0.568045 -0.157060 -0.393688 -0.143570 -0.191929 0.167512 -0.219300 -0.086078 0.053987 -0.314164 -0.290518 -0.271380 0.005255 -0.299390
0.403670 0.251268 -0.208524 -0.352801 -0.105275 -0.284870 0.268353 -0.566767 -0.159616 -0.447926 0.485794 -0.067914 0.475558 -0.370764 0.676449 0.538336 0.386505 0.314879 0.411464 0.380848 0.028301 0.019755 -0.300227 -0.221489 -0.054663 -0.280857 -0.258046 -0.344213 1.000000 0.631957 0.179291 0.006460 0.335847 0.313205 -0.345223 -0.369309 0.520995 0.109922 0.065520 -0.093839 0.183037 -0.040433 -0.056954 -0.059899 0.156050 0.122419 0.100250 -0.055442 -0.127868 -0.034353 -0.466788 -0.300217 -0.018000 -0.275361 0.223242 -0.109786 0.472679 0.409872 -0.215876 -0.502948 0.204948 -0.585391 0.589101 0.317949 -0.497609 -0.617541 0.037759 -0.393298 0.384105 0.387544 -0.015741 -0.025734 0.604154 -0.157017 -0.098564 -0.134223 0.076339 -0.072289 0.385648 0.317319 0.586918 0.679351 0.438236 0.491347 0.210374 -0.019044 0.065191 0.151241 -0.202350 -0.440163 -0.365047 -0.225187 -0.482540 0.035709 -0.146021 -0.128973 -0.072904 0.092980 -0.103362 0.087010 -0.091151 0.169014 -0.071176 -0.121897 -0.138431 -0.194525 -0.107456 -0.046869 0.183102 0.179081 -0.074353 0.253448 0.141363 -0.168946 -0.117423 0.114799
0.173119 0.271041 0.000618 -0.184047 -0.205017 -0.039367 0.145722 -0.253015 -0.121878 -0.261922 0.222155 -0.150065 0.252261 -0.205818 0.513962 0.388008 0.396488 0.459802 0.257493 0.323165 0.368606 0.250516 -0.019060 0.034442 0.176954 0.008618 0.109540 -0.055351 0.631957 1.000000 0.369214 0.217442 0.233409 0.341461 -0.143354 -0.236456 0.705586 0.473425 0.342350 0.270348 0.420009 0.271544 -0.199008 -0.150520 -0.152912 -0.193976 -0.153401 -0.206222 -0.330235 -0.247937 -0.465284 -0.338102 -0.236550 -0.259420 0.203681 -0.042977 0.421490 0.419202 -0.454243 -0.525818 0.044519 -0.427326 0.399656 0.233214 -0.351679 -0.406035 -0.216397 -0.501664 0.328280 0.271008 0.229347 0.074066 0.656267 0.251531 0.217517 0.159042 0.272706 0.126991 0.436405 0.430240 0.588604 0.711531 0.282927 0.360740 0.105665 0.031492 0.067512 0.089449 -0.151062 -0.241023 -0.374608 -0.331149 -0.315947 -0.178488 -0.063346 -0.121617 0.005722 0.165521 -0.278593 -0.075987 -0.175797 -0.000988 -0.083586 -0.365781 -0.318419 -0.271373 -0.155164 -0.299869 0.100106 -0.022337 -0.214856 0.077406 0.165818 -0.054866 -0.044925 0.206080
-0.109318 -0.091354 0.509732 0.275118 -0.057862 0.220886 0.268124 -0.005744 -0.047899 -0.154238 0.000575 -0.561557 0.060262 -0.103328 0.206432 -0.116699 0.440661 0.124780 0.275274 0.306924 0.404150 0.369298 0.654399 0.609618 0.735346 0.639546 0.464163 0.460974 0.179291 0.369214 1.000000 0.813289 0.034770 0.447910 0.366556 0.132267 0.222772 -0.014840 0.181330 0.075360 0.279116 0.045890 -0.098725 -0.161755 -0.380715 -0.448728 -0.329600 -0.283552 -0.334877 -0.327974 -0.254781 -0.217558 -0.255829 -0.142415 -0.043455 -0.229601 0.291174 0.166927 -0.486227 -0.593005 -0.122613 -0.262863 -0.144646 -0.300083 0.224130 -0.127624 -0.333893 -0.504151 0.380884 0.021565 0.321154 0.076404 0.276826 0.124977 0.263070 0.204841 0.190847 0.185471 0.423056 0.221209 0.195057 0.275834 0.364980 0.066970 0.264909 -0.083199 0.226392 -0.076721 0.277343 -0.034109 -0.408075 -0.197658 -0.185653 -0.153961 -0.041968 -0.193792 -0.077724 -0.074182 -0.474846 -0.295237 -0.410361 -0.129227 -0.618484 -0.319155 -0.434303 -0.185885 -0.249086 -0.016044 -0.087124 -0.015995 -0.010146 -0.203507 -0.136220 -0.104478 -0.006924 0.050287
-0.154762 -0.211602 0.448540 0.487991 -0.226787 0.158394 0.225802 0.168142 0.043965 -0.041904 -0.069299 -0.529070 0.056670 0.078319 0.081293 -0.204542 0.442727 -0.048581 0.166841 0.243067 0.378678 0.375390 0.730114 0.776480 0.744456 0.790787 0.491179 0.571311 0.006460 0.217442 0.813289 1.000000 0.038623 0.592223 0.440036 0.351033 0.155552 -0.015915 0.271463 0.193982 0.327546 0.115793 -0.169400 -0.221742 -0.507270 -0.515308 -0.447965 -0.295782 -0.447066 -0.475004 -0.288878 -0.333650 -0.262834 -0.227941 -0.133558 -0.235211 0.175838 -0.023663 -0.560560 -0.583950 -0.228407 -0.073674 -0.291127 -0.408261 0.382736 0.115333 -0.494750 -0.359112 0.305801 -0.127477 0.359314 0.220772 0.195753 0.197363 0.238528 0.308862 0.204789 0.364577 0.452525 0.193024 0.091189 0.109848 0.352293 -0.017605 0.374276 0.035651 0.197067 -0.007208 0.399236 0.124649 -0.411399 -0.231844 0.005611 -0.131386 0.110476 -0.079630 -0.019517 -0.045545 -0.562469 -0.409269 -0.409736 -0.311439 -0.641093 -0.205984 -0.354406 -0.125407 -0.399278 -0.045112 -0.049963 0.087468 0.032281 -0.279664 -0.272627 -0.029314 0.070053 0.060662
0.295868 0.254261 -0.030186 -0.278374 -0.317577 -0.119286 0.087106 -0.162232 -0.358430 -0.395994 0.114372 -0.193862 -0.012766 -0.178343 0.144187 0.023424 0.312641 0.179523 0.335319 0.481065 -0.010143 0.203268 -0.096102 -0.040916 0.114183 0.022090 -0.175171 -0.165781 0.335847 0.233409 0.034770 0.038623 1.000000 0.543940 -0.277614 -0.229008 0.373225 0.054707 0.162633 0.126837 0.188426 -0.079144 -0.258717 -0.252333 -0.043642 -0.117698 -0.129079 -0.156334 -0.158729 -0.189678 -0.266080 -0.370461 -0.380679 -0.467559 -0.147222 -0.025963 0.444185 0.420139 -0.280933 -0.311739 -0.085366 -0.282180 0.190755 0.202276 -0.127343 -0.138914 0.122967 -0.013525 0.445470 0.500654 -0.089845 0.191312 0.279134 -0.055561 -0.067593 -0.143673 -0.127556 -0.213413 0.366750 0.233508 0.368364 0.426002 0.090221 0.062137 0.160488 0.069881 0.156238 0.263480 0.138461 -0.191927 -0.356642 -0.318851 -0.239519 0.018320 0.085191 -0.045210 0.060036 0.109366 -0.211133 -0.024558 -0.056649 0.129729 0.077061 -0.149653 -0.157610 -0.165393 -0.039267 -0.058540 0.039184 -0.133456 0.044498 -0.100382 0.046943 0.002337 0.261837 0.038768
0.218217 0.302671 0.099153 0.069871 -0.497378 0.031596 0.120541 -0.025247 -0.333058 -0.399357 0.075021 -0.419476 0.050875 -0.039542 0.207083 -0.077139 0.585524 0.331072 0.351349 0.635664 0.147156 0.458689 0.248905 0.295958 0.367252 0.428382 0.163737 0.289923 0.313205 0.341461 0.447910 0.592223 0.543940 1.000000 0.107972 0.163342 0.418550 0.026585 0.456693 0.345613 0.334282 0.057852 -0.399938 -0.387361 -0.469712 -0.488173 -0.481956 -0.339797 -0.482193 -0.525157 -0.475696 -0.588253 -0.345793 -0.502827 -0.009797 -0.075984 0.603791 0.517493 -0.448485 -0.629823 -0.175822 -0.202852 0.027700 -0.042105 -0.001311 0.034103 -0.253560 -0.252316 0.670694 0.406459 0.041107 0.166627 0.266961 -0.066870 -0.117296 -0.049638 -0.069399 0.006307 0.675993 0.368352 0.449034 0.527666 0.198585 0.009859 0.322944 0.138994 0.137100 0.157449 0.466190 -0.032336 -0.583205 -0.466563 -0.154805 -0.178413 0.122212 -0.030629 0.184682 0.226407 -0.454622 -0.212694 -0.325474 -0.061565 -0.348556 -0.241468 -0.416762 -0.260649 -0.355385 -0.149529 0.071399 0.009927 0.085459 -0.174689 -0.155126 -0.095918 0.214767 0.056417
-0.452392 -0.311784 0.436633 0.424020 0.109872 -0.038361 0.198093 0.249505 0.299830 0.144194 -0.428190 -0.317630 -0.078739 0.189430 -0.272894 -0.388499 0.043690 -0.056763 -0.019809 -0.218339 -0.093717 -0.107876 0.470218 0.436562 0.398641 0.450055 0.228524 0.368105 -0.345223 -0.143354 0.366556 0.440036 -0.277614 0.107972 1.000000 0.718912 -0.057995 0.036662 0.010900 -0.008935 0.092025 -0.061833 -0.124762 -0.110119 -0.356668 -0.243770 -0.290131 -0.172239 -0.449709 -0.376964 -0.226769 -0.258151 -0.173648 -0.091227 -0.056928 0.007091 -0.159807 -0.156939 -0.092953 -0.140959 -0.040651 0.265248 -0.365444 -0.401868 0.544324 0.398472 -0.010942 0.193601 -0.005910 -0.310663 0.048749 -0.040232 -0.254892 0.047778 -0.079982 0.139407 0.153260 0.365273 0.031382 -0.173851 -0.272881 -0.213094 -0.070900 -0.247817 0.059710 0.082968 -0.199471 -0.382320 0.258265 0.255290 -0.061691 0.206561 0.380462 0.143471 -0.084700 -0.171852 0.167850 -0.086267 -0.310512 -0.264708 -0.265035 -0.197969 -0.180006 0.025292 -0.201615 0.030036 -0.176807 0.117736 -0.142972 0.061599 0.285858 -0.100266 -0.079307 0.035267 -0.138676 -0.168952
-0.399517 -0.400104 0.154597 0.331102 0.002216 0.089619 0.036600 0.189950 0.216765 0.278491 -0.326305 -0.265956 -0.064610 0.177077 -0.306876 -0.338170 0.085542 -0.156386 -0.248272 -0.234717 -0.160925 -0.170458 0.322960 0.229706 0.191342 0.404047 0.193680 0.407039 -0.369309 -0.236456 0.132267 0.351033 -0.229008 0.163342 0.718912 1.000000 -0.207349 0.040963 -0.048239 0.097108 -0.058143 -0.040570 0.021310 0.025551 -0.229809 -0.054139 -0.223689 0.032767 -0.436923 -0.313994 -0.232362 -0.305551 -0.259820 -0.084753 -0.165027 0.008676 -0.248456 -0.290884 -0.061069 -0.093493 -0.132853 0.317259 -0.334306 -0.399254 0.418594 0.453212 -0.097672 0.374069 -0.099285 -0.258830 0.009501 0.012600 -0.306318 -0.018321 -0.257787 -0.054356 0.041249 0.422638 -0.016468 -0.236912 -0.158855 -0.190418 -0.249554 -0.360620 0.049378 0.190864 -0.146103 -0.259687 0.330877 0.229538 0.037552 0.185037 0.486661 0.154460 0.058806 -0.024454 0.192084 -0.121618 -0.235918 -0.292144 -0.180652 -0.314161 -0.149476 0.152956 -0.113710 0.053901 -0.167344 0.078144 -0.142598 0.024208 0.389368 -0.134676 -0.236952 0.021781 -0.003964 -0.228363
