1.000000 0.346505 -0.007011 -0.398997 -0.118475 -0.112666 -0.055432 -0.382248 -0.223085 -0.369355 0.583405 0.029605 0.419111 0.151687 0.025830 -0.083590 0.447783 0.296496 -0.109171 0.023514 0.307223 0.250281 -0.210736 -0.258080 -0.200887 -0.407990 0.131273 0.059206 0.213558 0.301207 -0.011339 -0.175384 0.009775 -0.052253 -0.058832 -0.266961 0.198378 0.312486 0.168885 0.303741 0.359630 0.278156 -0.295705 -0.334914 -0.204808 -0.284638 -0.058987 -0.230194 0.184257 -0.245796 0.099982 -0.021620 0.207058 0.050772 0.020774 0.060300 0.455590 0.392073 0.488036 0.021407 0.692403 0.311648 0.308739 0.443389 0.140556 0.043856 -0.095023 -0.393268 -0.075643 -0.266717 -0.005883 -0.146455 0.322705 0.282648 0.315984 0.333489 0.351092 0.135989 0.318625 -0.000603 0.134756 0.206413 -0.062857 -0.160089 -0.107278 -0.190436 -0.319059 -0.224703 -0.226414 -0.147198 -0.294965 -0.220756 -0.243272 -0.024903 -0.179906 -0.149339 0.011533 -0.244160 0.036585 0.105016 0.113524 0.137984 0.158709 -0.137865 -0.275368 -0.107091 -0.024740 -0.115809 -0.099549 -0.256155 -0.182583 -0.110498 -0.044433 -0.125137 -0.252863 -0.171334
0.346505 1.000000 -0.479850 -0.059088 -0.450792 -0.033154 -0.535695 0.045492 -0.271087 -0.114871 0.216899 0.440124 0.084749 0.538269 -0.226350 0.323768 0.219180 0.342348 -0.419110 0.108825 0.031794 0.174379 -0.474980 -0.247584 -0.433215 -0.384815 -0.151876 -0.014501 -0.052018 0.363472 -0.326249 -0.361621 -0.065416 0.009754 -0.200299 -0.079564 -0.085956 0.058498 -0.100366 0.265453 0.005278 0.043526 -0.235921 -0.428535 -0.404387 -0.363597 -0.114822 -0.334542 0.236804 -0.201442 0.063499 0.257996 0.573298 0.257113 0.082884 0.209161 0.201538 0.395866 0.210692 0.277826 0.292806 0.724209 0.169615 0.561136 -0.255347 0.486977 -0.424258 -0.369165 0.116439 -0.281620 -0.141589 -0.020515 0.174688 0.032954 0.069935 0.067557 0.016141 -0.043916 0.297285 -0.028415 0.122289 0.247534 -0.307204 0.071800 -0.238901 0.230895 -0.298997 0.007775 -0.223303 0.389640 0.135741 -0.298022 0.144790 -0.162894 -0.110976 -0.155636 -0.139908 -0.084280 0.136933 0.226348 0.296323 0.084252 0.248508 -0.310139 0.113059 0.034831 -0.115703 -0.118651 -0.203225 -0.181866 -0.261544 -0.067873 0.075898 0.167005 0.020406 -0.007670
-0.007011 -0.479850 1.000000 0.031267 0.423519 0.096078 0.716873 0.176894 0.276219 0.179961 0.146204 -0.293581 0.233515 -0.318539 -0.038178 -0.404008 -0.404507 -0.444577 0.389608 -0.062412 0.074436 -0.126941 0.173570 0.107849 0.229404 0.218178 0.138548 0.009473 -0.208509 -0.472580 0.167745 0.174431 0.106943 0.171760 0.053499 0.066896 -0.130605 -0.246671 0.170510 -0.105125 -0.240198 -0.048849 0.133692 0.274055 0.278455 0.256951 -0.092287 0.210227 -0.170656 -0.106895 0.071922 -0.409832 -0.324205 -0.347036 0.081884 -0.113647 -0.382810 -0.502988 -0.044260 -0.129827 0.117255 -0.461685 -0.213557 -0.341108 0.370674 -0.165256 0.559546 0.517707 -0.201515 0.289239 0.236437 0.145395 -0.218322 -0.145214 -0.204942 0.091757 -0.028491 0.114997 -0.440066 -0.329850 -0.353174 -0.376356 -0.058574 -0.298320 -0.004194 -0.393847 0.202244 -0.155374 0.233384 -0.141729 -0.110007 0.288687 -0.187534 0.201743 -0.025354 -0.022605 0.198207 -0.071854 -0.208939 -0.337095 -0.444118 -0.160108 -0.211418 0.212937 -0.210443 -0.103465 -0.056271 -0.000637 -0.057712 -0.052682 0.279012 -0.195867 -0.317572 -0.386200 -0.143661 -0.109196
-0.398997 -0.059088 0.031267 1.000000 0.098733 0.142090 0.250477 0.680801 0.247624 0.276913 -0.179158 0.351488 -0.191581 0.146563 0.367920 0.346574 -0.470271 -0.348044 0.269374 0.143383 -0.185586 -0.201234 0.572646 0.816639 0.249204 0.611517 -0.030705 -0.031066 -0.237743 -0.474836 0.159018 0.527131 -0.414553 -0.251038 0.050549 0.137484 -0.428075 -0.335350 -0.422966 -0.234355 -0.438446 -0.337194 -0.088868 -0.113129 -0.325105 -0.200666 -0.176348 -0.009728 -0.332827 -0.112003 -0.192481 -0.125778 -0.099590 -0.099101 -0.180898 -0.330012 -0.350255 -0.475545 -0.521215 -0.161193 -0.349494 -0.050769 -0.436221 -0.396607 0.209382 0.306318 -0.202593 0.205308 -0.164391 0.047944 -0.028432 -0.002754 -0.380455 -0.232542 -0.215735 -0.048901 -0.351322 -0.083473 -0.219547 -0.310090 -0.417210 -0.426112 0.118212 0.402300 0.261838 0.364574 0.196129 0.367011 0.500117 0.507638 0.383807 0.272182 0.453666 0.085082 -0.169694 0.220141 -0.035430 -0.105536 -0.137706 -0.301389 -0.333424 -0.259807 -0.168125 -0.360986 -0.135349 -0.247023 -0.065065 -0.125311 0.103452 0.276269 0.032637 0.071445 -0.123621 -0.164299 -0.098720 -0.138404
-0.118475 -0.450792 0.423519 0.098733 1.000000 0.527143 0.405519 0.154365 0.577186 0.487615 -0.170691 -0.290575 -0.062331 -0.257797 0.202160 0.047685 -0.368456 -0.489854 0.220877 -0.037833 0.337279 0.140145 0.256507 0.099708 0.538601 0.360056 0.497744 0.276493 0.032226 -0.240056 0.291512 0.243117 0.004233 0.076085 0.081545 -0.043572 -0.184825 -0.101041 -0.194084 -0.165047 -0.295939 -0.254918 0.117001 0.118254 0.195599 0.213093 -0.053246 0.163565 -0.198441 0.022786 -0.049706 -0.176603 -0.244528 -0.194958 -0.265170 -0.333775 -0.152042 -0.326938 -0.083750 0.033058 -0.084704 -0.234154 -0.238237 -0.337126 0.254082 -0.131306 0.379061 0.474446 -0.163867 0.304787 0.128404 -0.029201 -0.084889 0.035326 -0.090693 0.225152 -0.133487 -0.088824 -0.263235 -0.355341 -0.319091 -0.308939 -0.008063 -0.215192 -0.068223 -0.336203 -0.114328 -0.240114 0.099023 -0.308164 0.085392 0.201658 0.001033 0.194838 -0.158634 0.154976 0.153994 -0.159937 -0.058964 -0.203368 -0.218803 0.010227 0.026857 0.197465 0.052494 -0.156262 -0.003759 0.046847 0.127400 0.242563 0.308758 -0.040649 -0.126953 -0.212513 -0.133489 -0.145508
-0.112666 -0.033154 0.096078 0.142090 0.527143 1.000000 -0.042264 0.334097 0.284267 0.447491 -0.086002 0.045409 -0.125985 0.009621 -0.093600 0.273818 -0.292870 -0.435955 -0.129254 -0.067924 0.377592 0.393938 -0.101321 -0.029355 0.301608 0.229696 0.596888 0.488412 0.058840 -0.115730 -0.032540 -0.020536 0.062386 0.041194 -0.141873 0.104298 -0.216746 -0.042922 -0.359356 0.044972 -0.324508 -0.270669 0.048648 -0.009003 0.059113 0.211872 -0.125883 0.021315 -0.081990 -0.010905 0.087970 -0.038151 0.122996 -0.012552 -0.140613 -0.118401 -0.072920 -0.163436 -0.102685 0.110718 -0.011761 0.008540 -0.116793 -0.204581 -0.034163 0.179370 0.202800 0.441616 0.031490 0.254901 -0.099390 -0.046709 -0.067026 -0.256475 -0.308360 -0.024723 -0.298181 -0.281688 -0.083552 -0.256897 -0.176946 -0.179284 -0.287863 -0.122221 -0.117023 0.096867 -0.355868 -0.161606 -0.064818 0.017493 0.142538 0.000710 0.110907 0.036793 -0.142682 0.178929 0.170720 -0.056167 0.017143 -0.027674 -0.003856 0.021859 0.143317 0.135284 0.251638 -0.144792 -0.079173 -0.118697 0.118857 0.197145 0.160693 0.078001 -0.039865 -0.118603 -0.116771 0.005541
-0.055432 -0.535695 0.716873 0.250477 0.405519 -0.042264 1.000000 0.249527 0.334449 0.233334 0.104790 -0.034710 0.310547 0.025029 0.431239 -0.020638 -0.304122 -0.348672 0.390653 -0.072794 0.022575 -0.245602 0.521206 0.406641 0.325093 0.355087 0.082636 -0.096320 -0.090628 -0.437143 0.327950 0.453754 -0.169437 0.046417 0.283598 0.095593 -0.210966 -0.364624 -0.057693 -0.338634 -0.147578 -0.064003 -0.119942 0.001775 0.111654 0.039714 -0.097562 0.020054 -0.289790 -0.170714 -0.006135 -0.321175 -0.345660 -0.180202 -0.234994 -0.413395 -0.413480 -0.561788 -0.188556 -0.300884 0.001446 -0.282762 -0.377489 -0.378469 0.618471 -0.049501 0.211068 0.203316 -0.350942 0.139944 0.231838 -0.026265 -0.285560 -0.099850 -0.122344 0.004603 -0.064415 0.100762 -0.408236 -0.355034 -0.360010 -0.413501 0.333112 0.055639 0.311504 -0.228954 0.270837 -0.072579 0.467481 -0.067650 0.009837 0.371511 0.008674 0.278825 -0.027772 0.049070 -0.078918 -0.129581 -0.332760 -0.458773 -0.464993 -0.197204 -0.326536 -0.082054 -0.415973 -0.195931 -0.264319 -0.069827 0.033125 0.069306 0.030480 -0.096108 -0.220435 -0.318616 -0.152282 -0.108738
-0.382248 0.045492 0.176894 0.680801 0.154365 0.334097 0.249527 1.000000 0.324347 0.498015 0.043573 0.583385 0.063494 0.431200 0.151314 0.481295 -0.405866 -0.301321 -0.239854 -0.271507 -0.180150 -0.128318 0.186932 0.507077 0.152853 0.392268 -0.019972 0.110867 -0.360384 -0.379134 -0.060543 0.193113 -0.343955 -0.124298 0.093382 0.383014 -0.491742 -0.337771 -0.422194 -0.138608 -0.509619 -0.358941 -0.020834 -0.091014 -0.113612 0.015782 -0.232982 -0.090562 -0.119872 -0.152002 0.225105 -0.070601 -0.034150 -0.188806 -0.165227 -0.207307 -0.396436 -0.550355 -0.585063 -0.254669 -0.246941 0.090559 -0.477037 -0.339147 0.319564 0.619107 -0.196591 0.372639 -0.342783 -0.070636 -0.092907 0.066049 -0.505648 -0.386893 -0.401342 -0.122222 -0.412413 -0.180823 -0.234625 -0.410359 -0.463816 -0.366791 -0.299401 0.160249 0.130033 0.404819 0.066555 0.238880 0.369754 0.316837 0.374757 0.138779 0.522615 0.111973 -0.115381 0.242659 -0.060981 -0.022990 -0.139205 -0.228156 -0.255322 -0.249316 -0.254658 -0.301323 -0.004437 -0.202523 -0.163523 -0.117353 0.018937 0.123480 0.020952 -0.016360 -0.215504 -0.112820 -0.007708 0.041904
-0.223085 -0.271087 0.276219 0.247624 0.577186 0.284267 0.334449 0.324347 1.000000 0.620005 0.063384 0.128557 0.129664 0.061544 0.391177 0.172722 -0.334558 -0.273502 -0.016017 -0.174683 -0.217834 -0.301538 0.208084 0.203300 -0.002786 0.064339 0.006268 0.131775 -0.092506 -0.479649 -0.238844 -0.029246 -0.195865 -0.249314 0.118048 -0.054556 -0.138639 -0.386936 -0.285371 -0.489120 -0.396098 -0.588163 0.040011 -0.031568 0.073443 0.045394 0.072933 -0.000258 0.000240 0.004981 0.166946 -0.021603 -0.156478 -0.228424 0.001091 -0.427081 -0.419391 -0.530215 -0.225122 0.105502 0.001808 0.045293 -0.222689 -0.156119 0.288490 0.233010 0.190984 0.269032 -0.203649 0.250884 -0.032719 -0.077024 -0.205596 -0.285873 -0.366408 -0.114773 -0.281055 -0.247360 -0.403567 -0.272026 -0.273819 -0.255012 0.013530 -0.055554 0.246429 -0.119072 0.291394 -0.217224 0.483481 0.049567 0.395436 0.246642 0.181047 0.227779 -0.117023 0.266522 -0.033300 -0.120163 -0.110900 -0.312784 -0.386002 -0.266556 -0.230189 -0.136079 0.006450 -0.143181 -0.109944 -0.048721 0.074326 0.379192 0.173600 0.118233 -0.050869 -0.187824 -0.090069 -0.149446
-0.369355 -0.114871 0.179961 0.276913 0.487615 0.447491 0.233334 0.498015 0.620005 1.000000 -0.227703 0.091596 -0.075593 0.191558 -0.035732 0.300638 -0.344471 -0.428353 -0.027824 0.029231 -0.141700 -0.329783 -0.077330 0.048755 0.283838 0.149037 -0.042363 -0.123223 -0.056629 -0.305304 -0.208669 -0.124410 -0.093677 -0.035206 -0.098629 -0.014934 -0.329428 -0.323400 -0.462752 -0.319087 -0.662554 -0.700012 -0.010500 -0.065452 0.085535 0.110463 -0.147731 -0.004388 -0.059108 -0.010070 -0.025696 -0.001975 -0.077088 -0.100422 0.018692 -0.306590 -0.335428 -0.426373 -0.216799 0.127585 -0.204640 0.045153 -0.213125 -0.228735 0.106599 0.218453 0.221972 0.424085 -0.079103 0.354677 -0.112933 -0.230646 -0.124787 -0.349460 -0.184879 -0.112724 -0.348023 -0.292009 -0.157529 -0.231997 -0.283415 -0.218479 -0.304089 -0.168847 -0.061759 -0.099821 0.018810 -0.131789 0.191649 0.183238 0.550109 0.387693 0.348620 0.244513 -0.196157 0.362863 0.071197 -0.077244 0.228944 -0.066279 -0.196413 -0.080552 -0.034271 0.017517 0.133721 -0.343185 0.024217 -0.037893 0.185038 0.376267 0.255367 0.189663 0.088219 -0.131569 -0.011179 -0.036470
0.583405 0.216899 0.146204 -0.179158 -0.170691 -0.086002 0.104790 0.043573 0.063384 -0.227703 1.000000 0.470831 0.816711 0.434312 0.236568 0.101064 0.274387 0.255046 -0.300468 -0.250665 -0.021745 0.053320 -0.137762 -0.025013 -0.338591 -0.395372 -0.108398 0.022696 0.107311 -0.002475 -0.269501 -0.197103 -0.076239 -0.070502 0.107453 0.047534 0.189259 0.115491 0.055322 0.011578 0.248651 0.086397 -0.365025 -0.388931 -0.191294 -0.249131 -0.151499 -0.367259 0.157523 -0.361604 0.377652 -0.163834 0.140297 -0.121274 0.110655 -0.133368 -0.119709 -0.119331 0.098834 -0.186971 0.685376 0.318705 0.141513 0.337920 0.431145 0.405123 -0.143693 -0.250990 -0.208740 -0.246065 -0.045179 -0.041071 0.035150 0.046094 0.042609 0.200200 0.230761 0.131167 -0.072599 -0.161558 -0.085098 0.079945 -0.097218 -0.019174 0.188993 0.053234 -0.086492 -0.157390 0.117823 -0.034620 -0.109009 -0.185157 -0.011159 -0.027619 -0.159053 -0.031767 -0.105958 -0.214782 -0.077074 -0.167591 -0.088842 -0.194103 -0.143904 -0.281053 -0.330765 -0.193594 -0.192475 -0.240897 -0.131271 -0.223874 -0.132752 -0.066405 -0.223696 -0.137776 -0.209761 -0.076602
0.029605 0.440124 -0.293581 0.351488 -0.290575 0.045409 -0.034710 0.583385 0.128557 0.091596 0.470831 1.000000 0.387993 0.798717 0.305142 0.682257 0.092698 0.259558 -0.514191 -0.330749 -0.165115 0.001137 -0.102292 0.231528 -0.317125 -0.135461 -0.160879 0.020725 0.011367 0.076712 -0.306347 -0.114114 -0.300126 -0.200653 0.010599 0.171649 -0.099637 -0.105494 -0.351723 -0.170115 -0.023883 -0.140543 -0.323457 -0.480085 -0.306454 -0.284348 -0.131182 -0.468704 0.199008 -0.176912 0.346978 0.169260 0.311381 0.128670 -0.126448 -0.169473 -0.251363 -0.243594 -0.242665 -0.123460 0.138331 0.521410 -0.074539 0.201215 0.225314 0.725874 -0.495657 -0.214546 -0.375173 -0.384148 -0.127273 0.032462 -0.152749 -0.141582 -0.158472 -0.095953 -0.184860 -0.139627 -0.064524 -0.185926 -0.094444 0.029377 -0.104234 0.460175 0.285973 0.649023 -0.072710 0.185121 0.176230 0.288681 0.250127 -0.190333 0.463275 -0.022139 -0.112527 0.075928 -0.348805 -0.114562 -0.112399 -0.203262 0.021647 -0.246322 -0.116858 -0.531588 -0.079219 -0.201311 -0.339951 -0.272045 -0.091281 -0.032283 -0.411848 -0.018451 -0.099362 -0.004198 -0.046796 0.072525
0.419111 0.084749 0.233515 -0.191581 -0.062331 -0.125985 0.310547 0.063494 0.129664 -0.075593 0.816711 0.387993 1.000000 0.484510 0.292902 0.171465 0.274432 0.268498 -0.234213 -0.309432 -0.119939 -0.104893 -0.131116 -0.035518 -0.173400 -0.248821 -0.173162 -0.076139 0.228137 0.078557 -0.159228 -0.100993 0.008845 0.078293 0.080056 0.022710 0.208082 -0.086795 0.025414 -0.212504 0.235115 0.036194 -0.388301 -0.387109 -0.115646 -0.226723 -0.246331 -0.440175 0.113589 -0.318333 0.234904 -0.257976 -0.054878 -0.215602 -0.025248 -0.306911 -0.229822 -0.220065 0.092548 -0.187360 0.666990 0.300329 0.171048 0.360222 0.581637 0.288052 -0.083377 -0.218807 -0.244322 -0.240352 -0.040828 -0.013573 0.137877 0.036809 -0.009123 0.123343 0.151143 0.073280 -0.108968 -0.059452 -0.015292 0.134257 0.029023 0.016665 0.112384 -0.090585 0.039348 -0.248306 0.159952 -0.078982 -0.079612 -0.145106 -0.024425 -0.041124 -0.023779 -0.002554 -0.219424 -0.102511 -0.113524 -0.215799 -0.186318 -0.230802 -0.198336 -0.235529 -0.305108 -0.234585 -0.226109 -0.189476 -0.177251 -0.177059 -0.185177 -0.058161 -0.119411 -0.061890 -0.094171 0.059504
0.151687 0.538269 -0.318539 0.146563 -0.257797 0.009621 0.025029 0.431200 0.061544 0.191558 0.434312 0.798717 0.484510 1.000000 0.259891 0.750567 0.167044 0.264105 -0.526380 -0.212476 -0.181554 -0.075413 -0.155688 0.085403 -0.257870 -0.203559 -0.217973 -0.070813 -0.014632 0.180730 -0.318384 -0.180305 -0.289114 -0.099862 0.038813 0.110847 -0.204518 -0.169157 -0.401994 -0.148267 -0.058009 -0.112080 -0.434284 -0.612960 -0.346726 -0.375986 -0.243437 -0.574138 0.164877 -0.298675 0.246695 0.140548 0.310767 0.103203 -0.227059 -0.238091 -0.195129 -0.110960 -0.123758 -0.076996 0.235643 0.749121 -0.077548 0.374985 0.291415 0.708174 -0.548356 -0.376594 -0.222152 -0.373208 -0.166602 -0.116284 -0.056443 -0.069124 -0.012870 -0.008546 -0.081420 -0.157891 0.076772 -0.162465 -0.081804 0.095076 -0.101660 0.294563 0.131583 0.313186 -0.095615 0.000856 0.159164 0.286762 0.321743 -0.070429 0.499876 0.104712 -0.043167 0.092856 -0.362919 -0.019618 -0.026546 -0.001176 0.104304 -0.132889 -0.045981 -0.433195 -0.035362 -0.168139 -0.392420 -0.213745 -0.094240 -0.018576 -0.372085 0.087008 0.072554 0.156677 0.045301 0.160597
0.025830 -0.226350 -0.038178 0.367920 0.202160 -0.093600 0.431239 0.151314 0.391177 -0.035732 0.236568 0.305142 0.292902 0.259891 1.000000 0.412381 -0.004525 0.080557 0.102546 -0.089474 -0.078162 -0.058338 0.676096 0.585416 0.025327 0.312614 0.147896 0.252855 0.107435 -0.241489 0.225661 0.473608 -0.425625 -0.294099 0.266109 -0.081038 -0.030886 -0.301767 -0.178257 -0.443342 0.164874 -0.030730 -0.254163 -0.206755 -0.353445 -0.353990 0.001827 -0.184500 -0.215977 -0.148669 0.119077 -0.053969 -0.143573 -0.025964 -0.381655 -0.445341 -0.210289 -0.280838 -0.343053 -0.342968 0.003704 0.027820 -0.321971 -0.167034 0.565272 0.128637 -0.343251 -0.316534 -0.222480 -0.170526 0.024953 -0.016054 -0.252902 0.012708 -0.132237 -0.168348 -0.168099 -0.078208 -0.194531 -0.126398 -0.117034 -0.176475 0.672544 0.550496 0.624648 0.187577 0.279456 0.034793 0.562271 -0.020574 0.054336 0.042727 0.125173 0.050463 0.141396 0.084847 -0.354780 0.014122 -0.438428 -0.351495 -0.332171 -0.305634 -0.357394 -0.407981 -0.277703 0.020347 -0.284846 -0.093479 -0.071621 0.203366 -0.288952 0.003744 -0.015035 0.021422 0.011054 0.011798
-0.083590 0.323768 -0.404008 0.346574 0.047685 0.273818 -0.020638 0.481295 0.172722 0.300638 0.101064 0.682257 0.171465 0.750567 0.412381 1.000000 0.084424 0.169937 -0.432180 -0.214508 0.027133 0.117195 0.009884 0.188983 0.022891 0.133367 0.116536 0.241908 0.125750 0.224520 -0.117804 -0.027370 -0.299805 -0.191623 -0.095849 -0.025554 -0.126037 -0.173506 -0.474401 -0.272631 -0.054533 -0.184208 -0.280309 -0.502543 -0.398272 -0.364421 -0.218319 -0.536381 0.052295 -0.137935 0.216456 0.215285 0.256069 0.222170 -0.337771 -0.252452 -0.133221 -0.137707 -0.232705 -0.100339 -0.005867 0.550641 -0.065110 0.222897 0.205700 0.488473 -0.533418 -0.286104 -0.187530 -0.417511 -0.132023 -0.052882 -0.007390 -0.006282 -0.047250 -0.079699 -0.298339 -0.291722 0.131294 -0.105183 0.049562 0.159442 0.019999 0.518552 0.243007 0.488440 -0.149097 0.049331 0.148739 0.191428 0.261081 -0.187851 0.477156 -0.034212 0.083177 0.223827 -0.358428 0.157886 -0.095279 -0.048210 0.045954 -0.204270 -0.060736 -0.462793 0.127380 -0.158461 -0.419687 -0.217686 -0.060028 0.202246 -0.465803 0.143973 0.142461 0.235746 0.211308 0.325312
0.447783 0.219180 -0.404507 -0.470271 -0.368456 -0.292870 -0.304122 -0.405866 -0.334558 -0.344471 0.274387 0.092698 0.274432 0.167044 -0.004525 0.084424 1.000000 0.720099 -0.328468 -0.102720 0.044498 0.087581 -0.291120 -0.359960 -0.195833 -0.434751 -0.104732 -0.064241 0.501807 0.591486 -0.048456 -0.259779 0.256120 0.126767 -0.094380 -0.138804 0.512968 0.309986 0.071473 0.024890 0.547863 0.213936 -0.357389 -0.261054 -0.155357 -0.280854 -0.058724 -0.337247 0.028538 -0.150339 -0.010168 -0.016228 -0.010785 0.097776 -0.029829 -0.023088 0.564101 0.636109 0.233386 -0.069330 0.343838 0.264702 0.624248 0.574788 -0.027110 -0.104912 -0.275588 -0.538206 0.036820 -0.417702 -0.060339 -0.139711 0.572747 0.352419 0.430534 0.051350 0.370678 0.060669 0.701179 0.604892 0.709185 0.737102 0.029129 0.035628 0.147472 0.113847 -0.288577 -0.321571 -0.241770 -0.306797 -0.407797 -0.466392 -0.240343 -0.316305 0.062678 0.026526 -0.159928 0.043772 0.144196 0.186565 0.199185 0.175167 0.008916 -0.103244 -0.127973 -0.115314 -0.144835 -0.233056 0.000348 -0.086088 -0.417353 0.189976 0.199035 0.188715 0.031619 0.122950
0.296496 0.342348 -0.444577 -0.348044 -0.489854 -0.435955 -0.348672 -0.301321 -0.273502 -0.428353 0.255046 0.259558 0.268498 0.264105 0.080557 0.169937 0.720099 1.000000 -0.385757 -0.154249 -0.092689 0.088815 -0.299663 -0.287116 -0.388342 -0.380590 -0.137182 0.099111 0.316243 0.612263 -0.062140 -0.220870 0.098279 0.014684 -0.018701 -0.080167 0.504442 0.218097 0.213437 -0.007338 0.571639 0.345863 -0.328671 -0.296474 -0.254301 -0.366582 0.046404 -0.416235 0.113113 -0.192825 0.147484 0.062874 0.082588 0.099160 0.048847 0.035954 0.362640 0.473826 0.162753 0.007031 0.327300 0.404160 0.539437 0.633339 0.018900 0.082493 -0.403879 -0.637136 -0.002244 -0.493259 -0.047158 0.136585 0.401692 0.373882 0.244124 -0.119274 0.287629 0.072271 0.382240 0.496828 0.635453 0.630799 0.134127 0.251895 0.150955 0.265993 -0.054855 -0.062340 -0.177281 -0.118036 -0.398110 -0.625601 -0.217067 -0.430976 0.182384 -0.104844 -0.369790 0.103500 -0.131680 -0.037212 0.187239 -0.035161 -0.088152 -0.308443 -0.130755 0.188980 -0.126493 -0.128332 -0.207961 -0.193251 -0.512886 -0.032185 0.053423 0.155475 0.100586 0.123315
-0.109171 -0.419110 0.389608 0.269374 0.220877 -0.129254 0.390653 -0.239854 -0.016017 -0.027824 -0.300468 -0.514191 -0.234213 -0.526380 0.102546 -0.432180 -0.328468 -0.385757 1.000000 0.616075 0.115702 -0.142808 0.465362 0.289979 0.368271 0.332124 0.119642 -0.271196 0.027113 -0.276447 0.417156 0.441754 0.146234 0.177852 0.042886 -0.149568 -0.028408 -0.077809 0.039224 -0.132779 -0.087925 0.037674 0.069331 0.255365 0.037277 0.026830 0.023113 0.386164 -0.357969 0.122704 -0.560042 -0.266072 -0.301838 -0.069085 -0.074283 -0.142368 -0.169605 -0.145050 -0.006954 0.014226 -0.220602 -0.516702 -0.107954 -0.371555 0.016002 -0.563077 0.400683 0.242297 0.200907 0.466679 0.231103 -0.054328 -0.004732 0.059879 0.081447 0.165993 0.185766 0.311344 -0.245640 -0.126129 -0.200658 -0.328159 0.389427 0.013105 -0.044050 -0.384916 0.179481 0.106033 0.108641 0.003921 0.016260 0.376655 -0.232189 -0.004424 -0.113450 -0.162662 0.092952 -0.185255 -0.029102 -0.152849 -0.262451 -0.044766 0.072574 0.146290 -0.273438 -0.124496 0.225562 0.097447 0.098944 -0.062794 0.247271 -0.019383 -0.085252 -0.293926 -0.206811 -0.266846
0.023514 0.108825 -0.062412 0.143383 -0.037833 -0.067924 -0.072794 -0.271507 -0.174683 0.029231 -0.250665 -0.330749 -0.309432 -0.212476 -0.089474 -0.214508 -0.102720 -0.154249 0.616075 1.000000 0.159339 -0.011612 0.201403 0.137335 0.174768 0.029395 0.059791 -0.277031 -0.112447 -0.046218 0.090820 0.143755 -0.010059 0.144379 0.014987 -0.149733 -0.050790 -0.038207 -0.057965 -0.009824 -0.132006 0.012654 -0.042204 -0.025157 -0.217551 -0.201577 -0.033394 0.240811 -0.284753 -0.004208 -0.496859 -0.047331 0.128227 0.249590 0.087617 -0.030457 0.079546 0.263693 -0.000472 0.030371 -0.249956 -0.162745 -0.072085 -0.186524 -0.310040 -0.363204 0.015407 -0.074129 0.521204 0.507891 0.192150 -0.044898 0.041644 0.152927 0.163972 0.128464 0.241578 0.341844 0.053366 0.021433 -0.059580 -0.109652 0.208747 -0.064984 -0.156811 -0.335528 0.029561 0.034191 0.005069 0.211092 0.226459 0.342169 -0.112799 -0.077854 -0.162437 -0.298362 -0.075339 -0.195983 0.087293 0.056466 -0.129335 0.016125 0.069364 -0.005336 -0.152702 -0.057369 0.282815 0.120966 -0.048367 -0.122058 0.215927 0.065654 0.051662 -0.072019 -0.104773 -0.263710
0.307223 0.031794 0.074436 -0.185586 0.337279 0.377592 0.022575 -0.180150 -0.217834 -0.141700 -0.021745 -0.165115 -0.119939 -0.181554 -0.078162 0.027133 0.044498 -0.092689 0.115702 0.159339 1.000000 0.746473 -0.006539 -0.187634 0.447984 0.090501 0.768955 0.391643 0.244649 0.324058 0.435426 0.116560 0.102729 0.205478 -0.050078 -0.013799 0.080369 0.311043 -0.056418 0.248332 0.259202 0.299290 0.025751 -0.030347 0.135095 0.127161 0.055177 0.109495 -0.029104 0.068159 -0.042699 0.047723 0.157917 0.161917 -0.316780 0.065524 0.218149 0.226495 0.160144 -0.003563 0.038747 -0.133930 0.009410 -0.088975 -0.214971 -0.234830 0.126328 0.069306 -0.014951 0.046492 0.340401 0.164718 0.233166 0.377152 0.226932 0.381080 0.168461 0.214400 0.070401 -0.127600 -0.027825 -0.047449 -0.045448 -0.054793 -0.141723 -0.085973 -0.541835 -0.121275 -0.398274 -0.374558 -0.288713 -0.212437 -0.288093 -0.141231 -0.157502 -0.128990 0.068725 -0.227020 -0.091872 0.024699 0.072934 0.182957 0.134030 0.053019 -0.060016 -0.038669 0.008718 -0.051489 0.132741 -0.051263 -0.055427 -0.109401 -0.242209 -0.111886 -0.193263 -0.137081
0.250281 0.174379 -0.126941 -0.201234 0.140145 0.393938 -0.245602 -0.128318 -0.301538 -0.329783 0.053320 0.001137 -0.104893 -0.075413 -0.058338 0.117195 0.087581 0.088815 -0.142808 -0.011612 0.746473 1.000000 -0.160240 -0.181255 0.119801 -0.003504 0.714311 0.612143 0.092890 0.346078 0.158334 -0.068675 0.034365 0.007908 -0.046417 0.041516 0.016364 0.212355 -0.039733 0.221342 0.355158 0.437429 0.109574 0.028674 0.123156 0.137337 0.150819 0.041062 0.142486 0.147457 0.152994 0.186921 0.275686 0.212721 -0.144743 0.232634 0.251192 0.266690 0.132064 0.065877 0.037862 -0.001333 0.021492 0.033781 -0.280305 -0.088610 -0.047480 -0.032389 -0.007415 -0.070021 0.189197 0.393253 0.034480 0.285054 -0.017433 0.097542 0.010873 0.075497 0.063201 -0.082853 0.072189 0.007388 -0.063232 0.106603 -0.172382 0.162079 -0.467714 0.051292 -0.442510 -0.262659 -0.280097 -0.378727 -0.173596 -0.166927 0.056479 -0.238618 -0.153302 -0.037943 -0.197258 0.005318 0.141863 0.065754 0.128687 -0.000739 0.078339 0.248740 0.031043 0.095233 -0.075433 -0.176478 -0.241815 -0.254883 -0.256672 0.034010 -0.006434 -0.009546
-0.210736 -0.474980 0.173570 0.572646 0.256507 -0.101321 0.521206 0.186932 0.208084 -0.077330 -0.137762 -0.102292 -0.131116 -0.155688 0.676096 0.009884 -0.291120 -0.299663 0.465362 0.201403 -0.006539 -0.160240 1.000000 0.821024 0.363270 0.617470 0.102049 0.077061 -0.185624 -0.486841 0.484977 0.790579 -0.410275 -0.159834 0.365921 0.135289 -0.210017 -0.238266 -0.080267 -0.216271 -0.041614 -0.012923 -0.038700 0.075830 -0.175238 -0.123742 -0.001116 0.193990 -0.462619 -0.087292 -0.181605 -0.219290 -0.343727 -0.152907 -0.352855 -0.366385 -0.149140 -0.279212 -0.488358 -0.472568 -0.344739 -0.363547 -0.533675 -0.572356 0.367551 -0.092064 -0.194946 -0.025143 -0.065692 0.073051 0.203371 -0.010298 -0.393732 0.009337 -0.083644 0.018976 -0.047222 0.149383 -0.221131 -0.176854 -0.335270 -0.418872 0.595606 0.260226 0.505730 -0.014101 0.355598 0.085294 0.638377 0.057895 0.022948 0.335467 0.048574 0.102128 0.012200 0.083185 -0.044088 -0.044324 -0.390299 -0.273178 -0.442617 -0.179249 -0.424445 -0.188138 -0.363320 -0.027007 -0.112850 -0.019466 0.137042 0.222054 0.091947 0.062534 -0.085173 -0.096236 -0.102962 -0.156027
-0.258080 -0.247584 0.107849 0.816639 0.099708 -0.029355 0.406641 0.507077 0.203300 0.048755 -0.025013 0.231528 -0.035518 0.085403 0.585416 0.188983 -0.359960 -0.287116 0.289979 0.137335 -0.187634 -0.181255 0.821024 1.000000 0.198044 0.631070 -0.068027 0.000575 -0.316040 -0.523566 0.251057 0.705719 -0.473750 -0.273249 0.294932 0.206558 -0.373843 -0.324010 -0.229715 -0.247126 -0.214766 -0.066006 -0.185353 -0.134964 -0.365151 -0.284577 -0.206234 -0.010308 -0.411332 -0.255651 -0.110815 -0.236962 -0.172801 -0.177856 -0.205420 -0.400930 -0.280279 -0.434220 -0.540007 -0.406029 -0.283781 -0.177160 -0.521513 -0.493385 0.392326 0.229473 -0.275437 0.056426 -0.147419 0.023051 0.127495 0.136199 -0.476711 -0.116085 -0.182519 -0.022225 -0.177883 0.091262 -0.259529 -0.276930 -0.448028 -0.515259 0.404012 0.387424 0.408391 0.210159 0.348784 0.303239 0.697472 0.411682 0.231277 0.357045 0.333569 0.136035 -0.025660 0.060833 -0.202348 -0.066242 -0.404994 -0.385297 -0.481583 -0.315686 -0.424930 -0.337055 -0.292396 -0.052005 -0.088086 -0.042950 0.036546 0.152855 0.024867 -0.042970 -0.184610 -0.121951 -0.059840 -0.157188
-0.200887 -0.433215 0.229404 0.249204 0.538601 0.301608 0.325093 0.152853 -0.002786 0.283838 -0.338591 -0.317125 -0.173400 -0.257870 0.025327 0.022891 -0.195833 -0.388342 0.368271 0.174768 0.447984 0.119801 0.363270 0.198044 1.000000 0.594597 0.402545 0.021496 0.175500 0.008735 0.651862 0.511728 -0.008224 0.280810 0.146826 0.116058 -0.118552 0.057907 -0.197376 -0.011142 -0.163023 -0.125771 0.021996 0.093537 0.141741 0.176319 -0.201172 0.160355 -0.415770 0.004193 -0.318895 -0.289790 -0.344002 -0.144972 -0.369338 -0.245938 0.007032 -0.075855 -0.239087 -0.222920 -0.311768 -0.406709 -0.212793 -0.447186 0.101332 -0.313594 0.169373 0.314958 -0.001920 0.149539 0.099603 -0.076505 0.090738 0.118981 0.175338 0.246408 -0.002427 0.136177 0.062445 -0.037706 -0.192623 -0.148074 -0.029175 -0.120332 -0.062776 -0.154484 -0.252256 -0.085037 -0.061932 -0.242957 -0.043262 0.165934 -0.035624 0.012220 -0.224467 0.200560 0.207047 -0.175361 0.109665 0.005430 -0.123192 0.080064 -0.040052 0.166136 -0.123510 -0.322860 0.070856 -0.094129 0.233005 0.180127 0.211484 0.144187 -0.061421 -0.153080 -0.158936 -0.114367
-0.407990 -0.384815 0.218178 0.611517 0.360056 0.229696 0.355087 0.392268 0.064339 0.149037 -0.395372 -0.135461 -0.248821 -0.203559 0.312614 0.133367 -0.434751 -0.380590 0.332124 0.029395 0.090501 -0.003504 0.617470 0.631070 0.594597 1.000000 0.261981 0.224238 -0.102233 -0.316627 0.613238 0.801691 -0.176908 0.065375 0.068817 0.078725 -0.281347 -0.260033 -0.047804 -0.089231 -0.105587 -0.018180 0.003351 0.104657 -0.148767 0.018520 -0.276583 0.003936 -0.514033 -0.115532 -0.191733 -0.356027 -0.318146 -0.254667 -0.350283 -0.277439 -0.122660 -0.306762 -0.446664 -0.286304 -0.360835 -0.377044 -0.417144 -0.534026 0.271678 -0.062077 0.000506 0.278526 -0.041851 -0.015915 -0.004924 0.122692 -0.294295 -0.127504 -0.137827 -0.096476 -0.399196 -0.189256 -0.132165 -0.118951 -0.229434 -0.350973 0.291097 0.371576 0.177821 0.160997 0.162723 0.201164 0.289546 0.127425 -0.091455 0.102698 0.071446 -0.000036 0.210742 0.263621 0.057039 0.236745 -0.354442 -0.191789 -0.279127 -0.143385 -0.242757 0.026044 -0.009630 0.070411 0.034595 0.068466 0.053434 0.330272 0.043061 -0.038931 -0.055740 0.045678 0.188899 0.136794
0.131273 -0.151876 0.138548 -0.030705 0.497744 0.596888 0.082636 -0.019972 0.006268 -0.042363 -0.108398 -0.160879 -0.173162 -0.217973 0.147896 0.116536 -0.104732 -0.137182 0.119642 0.059791 0.768955 0.714311 0.102049 -0.068027 0.402545 0.261981 1.000000 0.656383 0.172484 0.104055 0.436525 0.216352 0.058784 0.116342 0.020980 0.003892 -0.075810 0.080951 -0.117551 0.129613 0.141728 0.218858 0.107725 0.113783 0.094764 0.156066 0.099452 0.135603 -0.123344 0.074340 0.054746 0.002239 0.057958 0.086749 -0.370524 -0.004251 0.109889 0.075597 -0.005937 0.029246 -0.035932 -0.177741 -0.113708 -0.207203 -0.018253 -0.175748 0.191544 0.200108 0.008636 0.138835 0.098479 0.143164 -0.008002 0.091512 -0.115638 0.015355 -0.112287 -0.048736 -0.051774 -0.144867 -0.062287 -0.160553 0.045614 0.054227 -0.063061 -0.006372 -0.414022 -0.058103 -0.248217 -0.346235 -0.229775 -0.238202 -0.204731 -0.120577 -0.014553 -0.114748 0.010220 -0.094159 -0.232778 -0.099801 0.051475 0.079370 0.129042 0.115354 0.060045 0.128315 0.063453 0.047060 -0.010482 0.003597 -0.067906 -0.160285 -0.232318 -0.117658 -0.120917 -0.068707
0.059206 -0.014501 0.009473 -0.031066 0.276493 0.488412 -0.096320 0.110867 0.131775 -0.123223 0.022696 0.020725 -0.076139 -0.070813 0.252855 0.241908 -0.064241 0.099111 -0.271196 -0.277031 0.391643 0.612143 0.077061 0.000575 0.021496 0.224238 0.656383 1.000000 -0.041722 0.070484 0.090977 0.063911 -0.093342 -0.186566 -0.089582 -0.068209 0.018873 -0.053278 0.009502 0.012455 0.172071 0.184638 0.251511 0.162267 -0.019211 0.076552 0.230364 0.022265 0.114986 0.100325 0.466570 0.159779 0.156883 0.079402 -0.135343 0.152421 0.107255 -0.016416 -0.178720 -0.139062 0.030295 -0.033431 -0.123885 -0.078036 0.018002 0.080876 -0.163964 -0.056766 -0.021342 -0.183631 0.025616 0.328598 -0.159365 0.051576 -0.342640 -0.224582 -0.276910 -0.228712 -0.049794 -0.064403 0.099699 -0.014281 0.066316 0.227915 0.154347 0.242783 -0.055579 -0.065959 0.024083 -0.191503 -0.208119 -0.396007 -0.132664 -0.171592 0.303235 0.021341 -0.082837 0.256332 -0.420094 -0.105225 -0.092415 -0.147184 -0.137999 -0.134780 0.148309 0.372259 -0.186272 0.008420 -0.246109 0.087023 -0.212132 -0.121360 -0.109503 0.117687 0.138914 0.198812
0.213558 -0.052018 -0.208509 -0.237743 0.032226 0.058840 -0.090628 -0.360384 -0.092506 -0.056629 0.107311 0.011367 0.228137 -0.014632 0.107435 0.125750 0.501807 0.316243 0.027113 -0.112447 0.244649 0.092890 -0.185624 -0.316040 0.175500 -0.102233 0.172484 -0.041722 1.000000 0.448840 0.276202 -0.045822 0.336673 0.279812 -0.319986 -0.328777 0.522773 0.252604 -0.065882 -0.108665 0.345420 -0.108049 -0.364216 -0.190221 0.028351 -0.022500 -0.075803 -0.300992 -0.008372 0.011843 -0.192360 -0.140632 -0.241278 -0.076679 -0.203564 -0.208251 0.158531 0.199351 0.342169 0.160697 0.339213 0.096823 0.600700 0.376669 0.089831 -0.190461 0.181801 -0.150879 -0.131213 -0.191292 -0.054162 -0.287096 0.684900 0.221308 0.393245 0.080694 0.044930 -0.219763 0.278018 0.333412 0.498250 0.520799 0.150055 0.154386 0.120472 0.094878 -0.393557 -0.332368 -0.373545 -0.410289 -0.435629 -0.428758 -0.288737 -0.321847 -0.074951 0.325421 0.147242 -0.053835 0.233386 0.047606 0.235611 0.086603 0.277843 0.017907 -0.113167 -0.384990 -0.026912 -0.256623 0.203269 0.245928 -0.260878 0.211114 0.207640 0.021631 -0.093284 0.123198
0.301207 0.363472 -0.472580 -0.474836 -0.240056 -0.115730 -0.437143 -0.379134 -0.479649 -0.305304 -0.002475 0.076712 0.078557 0.180730 -0.241489 0.224520 0.591486 0.612263 -0.276447 -0.046218 0.324058 0.346078 -0.486841 -0.523566 0.008735 -0.316627 0.104055 0.070484 0.448840 1.000000 0.067563 -0.274253 0.286249 0.271211 -0.138319 -0.126215 0.424202 0.461306 0.131602 0.213267 0.488749 0.437898 -0.193951 -0.260823 -0.068388 -0.167600 -0.034838 -0.321072 0.210748 0.030726 -0.053826 0.166733 0.202909 0.250253 -0.066215 0.254291 0.478147 0.534234 0.318101 0.157556 0.202398 0.317489 0.554004 0.579951 -0.282786 -0.143270 -0.237568 -0.405598 0.038285 -0.376506 0.020176 0.112653 0.647378 0.586803 0.466886 0.226538 0.397981 0.170020 0.509972 0.457305 0.550574 0.612949 -0.119233 0.119912 -0.287948 0.075292 -0.427057 -0.039359 -0.575380 -0.217714 -0.337101 -0.551021 -0.215648 -0.420911 0.043173 -0.178117 -0.216690 0.017374 0.100702 0.212632 0.366148 0.080418 0.226995 -0.085601 0.046026 0.035102 -0.060141 -0.076224 -0.146231 -0.305479 -0.407344 -0.102234 0.069684 0.109051 0.051941 0.146723
-0.011339 -0.326249 0.167745 0.159018 0.291512 -0.032540 0.327950 -0.060543 -0.238844 -0.208669 -0.269501 -0.306347 -0.159228 -0.318384 0.225661 -0.117804 -0.048456 -0.062140 0.417156 0.090820 0.435426 0.158334 0.484977 0.251057 0.651862 0.613238 0.436525 0.090977 0.276202 0.067563 1.000000 0.732368 0.013732 0.285036 0.178850 0.022210 -0.010053 0.095632 0.110106 0.114297 0.205900 0.264211 -0.130304 0.120856 0.025052 0.081434 -0.159570 0.088557 -0.519143 -0.096941 -0.329344 -0.404357 -0.433467 -0.234423 -0.510348 -0.158552 0.105116 0.065501 -0.153913 -0.207985 -0.155612 -0.348883 -0.131881 -0.303886 0.235033 -0.296961 0.087010 0.101388 -0.138055 -0.106487 0.153484 0.017406 0.076439 0.200508 0.195989 0.146487 0.053167 0.116604 0.016270 0.009736 -0.054420 -0.127009 0.336738 0.174344 0.093747 -0.055213 -0.100865 0.060115 -0.073996 -0.291644 -0.444429 -0.128028 -0.221659 -0.137694 0.016726 0.057828 0.119160 -0.035964 -0.198380 -0.074889 0.050852 0.124197 0.004270 0.092998 -0.211855 -0.009662 0.032600 0.006256 0.167550 0.057650 -0.051681 -0.074640 -0.123884 -0.093725 -0.087365 -0.054897
-0.175384 -0.361621 0.174431 0.527131 0.243117 -0.020536 0.453754 0.193113 -0.029246 -0.124410 -0.197103 -0.114114 -0.100993 -0.180305 0.473608 -0.027370 -0.259779 -0.220870 0.441754 0.143755 0.116560 -0.068675 0.790579 0.705719 0.511728 0.801691 0.216352 0.063911 -0.045822 -0.274253 0.732368 1.000000 -0.260127 0.137244 0.385372 0.224987 -0.177833 -0.119497 0.004991 0.002256 0.024680 0.129156 -0.127495 0.028621 -0.197942 -0.080219 -0.175279 0.095098 -0.574673 -0.253313 -0.315830 -0.460163 -0.345183 -0.288407 -0.427442 -0.386359 -0.054853 -0.207608 -0.369710 -0.372354 -0.207509 -0.321840 -0.376206 -0.486070 0.428706 -0.066161 -0.080871 0.090346 -0.106000 0.039077 0.180605 0.056095 -0.254416 0.026150 -0.012211 0.081136 -0.021457 0.169275 -0.132110 -0.146911 -0.290044 -0.390937 0.464603 0.313078 0.260126 0.028110 0.147795 0.139323 0.381252 0.057426 -0.183491 0.088267 -0.119516 -0.093610 -0.031510 0.067655 0.040447 -0.088921 -0.356334 -0.292851 -0.328523 -0.138194 -0.332424 -0.094366 -0.355701 -0.032145 0.002668 -0.012753 0.112053 0.142788 0.104129 -0.085663 -0.205913 -0.175502 -0.117784 -0.178184
0.009775 -0.065416 0.106943 -0.414553 0.004233 0.062386 -0.169437 -0.343955 -0.195865 -0.093677 -0.076239 -0.300126 0.008845 -0.289114 -0.425625 -0.299805 0.256120 0.098279 0.146234 -0.010059 0.102729 0.034365 -0.410275 -0.473750 -0.008224 -0.176908 0.058784 -0.093342 0.336673 0.286249 0.013732 -0.260127 1.000000 0.567824 -0.288905 -0.112481 0.317017 0.221238 0.166128 0.076824 0.171803 0.116008 -0.088360 0.057953 0.145033 0.129851 -0.158780 -0.120392 0.000095 0.051038 -0.113699 -0.125356 -0.053988 0.004214 0.162782 0.152069 0.129543 0.227920 0.294264 0.220626 0.186688 -0.074841 0.579322 0.321144 -0.187818 -0.301895 0.438739 0.228789 0.242039 0.018657 -0.175989 -0.095158 0.504707 0.006109 0.206935 0.022406 0.173756 -0.123872 0.246373 0.313958 0.475975 0.434273 -0.183629 -0.216395 -0.222294 -0.150167 -0.202288 -0.277068 -0.405134 -0.255593 -0.320557 -0.284712 -0.354474 -0.330007 0.146742 0.009411 0.174391 0.151270 0.129588 0.168009 0.229288 0.155456 0.337056 0.298054 0.179075 -0.027781 0.031164 -0.009689 0.083526 -0.114111 -0.034204 0.087474 0.171439 0.065324 0.081411 0.231374
-0.052253 0.009754 0.171760 -0.251038 0.076085 0.041194 0.046417 -0.124298 -0.249314 -0.035206 -0.070502 -0.200653 0.078293 -0.099862 -0.294099 -0.191623 0.126767 0.014684 0.177852 0.144379 0.205478 0.007908 -0.159834 -0.273249 0.280810 0.065375 0.116342 -0.186566 0.279812 0.271211 0.285036 0.137244 0.567824 1.000000 0.069610 0.286388 0.102911 0.103896 0.041500 0.147863 0.047513 0.123504 -0.183727 -0.001536 0.165152 0.221051 -0.284256 -0.031805 -0.258051 -0.116071 -0.261042 -0.300575 -0.191271 -0.141173 -0.217538 -0.100390 0.047813 0.139132 0.166371 0.051380 0.086241 -0.041635 0.254194 0.134259 0.098220 -0.104668 0.348722 0.304908 0.133716 0.172164 0.075598 -0.072563 0.316192 0.051854 0.259595 0.136160 0.234506 0.107613 0.084627 0.060060 0.179614 0.207488 -0.115638 -0.265401 -0.232294 -0.222373 -0.307243 -0.229907 -0.312943 -0.269604 -0.371188 -0.208409 -0.433558 -0.359556 -0.060567 -0.163991 0.149496 -0.091870 0.021911 0.051167 0.082376 0.150481 0.181574 0.234384 -0.078024 -0.106130 0.117370 0.044621 -0.019413 -0.189216 0.135901 -0.184180 -0.089864 -0.091716 -0.098266 0.011269
-0.058832 -0.200299 0.053499 0.050549 0.081545 -0.141873 0.283598 0.093382 0.118048 -0.098629 0.107453 0.010599 0.080056 0.038813 0.266109 -0.095849 -0.094380 -0.018701 0.042886 0.014987 -0.050078 -0.046417 0.365921 0.294932 0.146826 0.068817 0.020980 -0.089582 -0.319986 -0.138319 0.178850 0.385372 -0.288905 0.069610 1.000000 0.587592 -0.128259 -0.014102 0.021743 0.058482 -0.027242 0.228190 -0.129539 -0.115087 -0.006364 -0.040288 -0.041752 0.107257 -0.326969 -0.332770 -0.027445 -0.274664 -0.060893 -0.202040 -0.063768 -0.231827 -0.018174 -0.046644 -0.265818 -0.274564 -0.092908 -0.056922 -0.321027 -0.226296 0.338453 0.135429 -0.101357 0.019907 -0.027920 0.210371 0.182050 0.119235 -0.360440 -0.033025 -0.156572 0.016663 0.340193 0.505326 -0.201037 -0.142782 -0.311309 -0.307748 0.124786 -0.119083 0.136481 -0.141548 0.118914 0.202063 0.351062 0.074334 0.013691 0.089103 -0.066606 0.005720 -0.255178 -0.343205 -0.223698 -0.366873 -0.269035 -0.330404 -0.238679 -0.201582 -0.387212 -0.155794 -0.357680 0.127784 0.050168 0.106108 -0.022233 -0.348722 0.218126 -0.255078 -0.433611 -0.320008 -0.284103 -0.418314
-0.266961 -0.079564 0.066896 0.137484 -0.043572 0.104298 0.095593 0.383014 -0.054556 -0.014934 0.047534 0.171649 0.022710 0.110847 -0.081038 -0.025554 -0.138804 -0.080167 -0.149568 -0.149733 -0.013799 0.041516 0.135289 0.206558 0.116058 0.078725 0.003892 -0.068209 -0.328777 -0.126215 0.022210 0.224987 -0.112481 0.286388 0.587592 1.000000 -0.297452 -0.013503 -0.178973 0.113341 -0.102473 0.165366 -0.071779 -0.073672 0.191950 0.261529 -0.164668 0.099656 -0.278801 -0.231192 -0.008150 -0.226909 -0.084034 -0.212266 -0.118259 -0.191091 -0.096980 -0.146542 -0.204648 -0.131552 -0.140304 -0.053935 -0.270339 -0.261362 0.140893 0.264481 0.041750 0.356209 -0.097816 0.217117 0.102624 0.182379 -0.405032 -0.192220 -0.294332 -0.007004 0.238378 0.353761 -0.228318 -0.190047 -0.333888 -0.290554 -0.167969 -0.163660 -0.032360 0.076543 -0.039254 0.283663 0.168144 0.030198 -0.003484 0.022721 0.040678 -0.019005 -0.171964 -0.249634 -0.134291 -0.220675 -0.162391 -0.215924 -0.085148 0.035614 -0.265619 0.023521 -0.141147 0.017990 0.046075 0.084205 0.133116 -0.334977 0.214353 -0.232979 -0.482372 -0.235678 -0.241771 -0.253064
