1.000000 0.349745 0.078619 -0.147566 0.120134 -0.193347 0.273503 0.133369 0.024689 0.038064 0.155741 0.209235 0.222061 0.167292 0.172980 -0.063037 0.165232 -0.026365 0.438410 0.195684 -0.008284 -0.025683 0.091494 0.107297 -0.346403 -0.346982 -0.320392 -0.289748 0.212194 0.186594 0.149365 0.069079 0.223020 0.224326 -0.337284 -0.311826 0.088472 0.060106 0.027161 0.106756 0.267086 0.298846 -0.153398 -0.360492 -0.166759 -0.279176 -0.011125 0.000405 -0.107354 -0.231233 -0.219802 -0.316974 0.451279 -0.137366 0.056489 0.100977 0.052139 0.152439 0.379092 0.138761 0.365677 0.182769 0.320292 0.231389 0.206019 0.046178 -0.046395 -0.138353 -0.089884 0.230014 -0.305916 -0.233306 0.058222 0.121895 0.256408 0.313844 0.111250 -0.223574 -0.064245 -0.285525 0.131533 0.109170 0.142191 0.258370 -0.132165 -0.450065 0.134662 0.303336 0.099203 0.215953 0.227975 0.121263 -0.057785 0.304399 0.180615 0.112026 0.084364 0.135032 0.284738 0.212535 -0.086246 0.363933 -0.012211 -0.374888 -0.464516 -0.477956 -0.404197 -0.344284 0.074795 0.126844 0.035373 0.299665 -0.045900 -0.253224 -0.316041 -0.160633
0.349745 1.000000 -0.039605 0.259577 0.008320 0.121337 -0.107613 0.424510 0.063401 0.494072 0.194689 0.638906 -0.069626 0.397111 -0.205943 0.042915 0.136146 0.334706 0.419573 0.520352 -0.133302 -0.161368 -0.112307 0.148618 -0.289599 -0.155629 -0.201438 -0.098770 -0.017682 -0.007254 -0.177818 0.000124 -0.225052 -0.166475 -0.391517 -0.280520 -0.262464 -0.110319 -0.450890 -0.245316 -0.161248 0.147705 -0.281203 -0.297562 -0.442847 -0.084759 -0.254459 -0.196319 -0.224159 -0.140253 -0.262646 0.022403 0.084066 -0.452497 -0.419564 -0.331667 0.043549 0.052022 0.101692 0.136369 0.095026 0.322347 -0.126948 0.223069 0.095480 0.501214 -0.243147 -0.229615 0.251539 0.365392 -0.191801 -0.185518 -0.107742 0.001188 0.037581 0.355309 0.086743 -0.007514 -0.129510 -0.401583 -0.053803 -0.057289 0.161468 0.317886 -0.161031 -0.099665 -0.219163 0.127798 0.069869 0.148669 0.158637 0.002462 0.533069 0.107664 -0.152418 0.192887 -0.161187 0.121819 -0.090473 0.015688 0.332046 -0.079298 0.249981 -0.032107 -0.101551 0.028753 0.007228 0.181913 0.013880 -0.090094 -0.257314 0.130604 0.128068 0.052705 0.153049 0.224107
0.078619 -0.039605 1.000000 0.589549 0.120282 0.034234 0.294548 0.174286 0.264018 -0.347427 0.648051 0.038989 -0.199830 -0.338548 0.335166 -0.318259 -0.446373 -0.168756 0.031401 -0.164555 0.071017 0.042883 0.649620 0.431961 0.389383 0.331096 0.503135 0.317100 -0.583671 -0.730168 0.385926 0.139978 0.116879 -0.229484 0.514771 0.555828 -0.384606 -0.402739 0.026282 -0.318816 -0.437982 -0.407934 -0.139838 0.228503 0.059604 0.278425 -0.094062 -0.045384 0.203322 -0.162354 0.737605 0.041428 -0.388564 -0.088287 0.137718 -0.238737 -0.375285 -0.272139 -0.189543 -0.172116 -0.323316 -0.278916 -0.440095 -0.485869 0.183984 -0.135731 0.376193 0.385407 0.183283 0.240222 0.153336 -0.229246 -0.591992 -0.289695 -0.445565 -0.233905 -0.383290 -0.075010 -0.155340 0.014662 -0.718196 -0.621626 0.127863 -0.554958 -0.061727 0.227529 -0.160492 -0.302001 0.268045 0.055212 -0.090291 -0.227982 -0.100069 0.080652 0.075002 -0.311997 0.207829 -0.176066 -0.191763 -0.344152 0.039560 0.024655 -0.185078 -0.042728 0.043495 -0.052619 0.090050 0.094564 0.078286 -0.173228 0.232742 -0.261582 -0.323454 -0.010890 0.010082 0.068460
-0.147566 0.259577 0.589549 1.000000 0.348856 0.483886 0.270886 0.624676 0.357216 0.037400 0.358415 0.216643 -0.392699 -0.211237 0.134212 0.065102 -0.541040 -0.184594 0.147551 -0.067023 0.223521 0.225401 0.529485 0.712176 0.440859 0.635111 0.522137 0.508039 -0.625985 -0.612202 0.443887 0.483229 -0.295081 -0.246395 0.385791 0.549123 -0.488915 -0.515318 0.006614 -0.341243 -0.410816 -0.298501 -0.302552 0.147809 -0.054062 0.424933 -0.251149 -0.226357 -0.211226 -0.074643 0.513043 -0.105277 -0.446112 -0.289699 -0.178414 -0.486967 -0.444257 -0.450388 -0.455070 -0.313035 -0.529760 -0.258047 -0.546100 -0.532064 0.304373 0.060962 0.074105 0.445043 0.186489 0.485378 0.293252 0.120256 -0.654355 -0.257269 -0.505498 -0.057903 -0.310773 0.122469 -0.268372 -0.158540 -0.698550 -0.756482 0.336384 -0.220465 0.037800 0.377619 -0.165200 0.004005 0.334271 0.249143 -0.425029 -0.488949 0.115720 -0.111687 0.041229 -0.150236 -0.091472 -0.189305 -0.561068 -0.577564 -0.034817 -0.140062 -0.277822 -0.118049 0.005304 0.056796 0.003539 0.110953 0.063042 -0.174395 0.029584 -0.364341 -0.514723 -0.156627 0.030813 0.095527
0.120134 0.008320 0.120282 0.348856 1.000000 0.460370 0.232376 0.390974 0.567854 0.093958 0.045570 0.067276 -0.039196 -0.139058 0.368435 0.296324 -0.318056 -0.436251 0.207081 -0.069871 0.290683 0.483100 0.128017 0.318188 -0.053211 0.299409 0.346015 0.444791 -0.054474 -0.128364 0.287192 0.296093 -0.421914 -0.072837 0.070117 0.218238 -0.228664 -0.392823 0.263781 -0.128583 -0.028747 -0.080549 -0.256585 -0.080568 0.011754 0.193136 -0.189182 -0.232405 -0.087360 0.005446 0.129125 -0.230361 -0.166072 -0.069437 -0.016479 -0.078640 -0.439248 -0.348986 -0.034270 -0.050790 -0.137410 -0.149624 -0.078913 -0.336571 0.543727 0.015698 0.004556 0.282067 -0.169788 0.281791 0.292085 0.108390 -0.188053 -0.131805 -0.266649 -0.037716 0.051904 0.039597 -0.200265 -0.254710 -0.222793 -0.399113 0.217824 0.055960 0.135479 0.013676 0.312866 0.248281 0.145417 0.189436 -0.329460 -0.353797 -0.169452 -0.153211 -0.025912 -0.055766 -0.198734 -0.212501 -0.330022 -0.345834 -0.380220 0.014765 -0.342179 -0.032688 -0.164813 0.014774 -0.134724 -0.095682 0.018557 -0.186339 -0.166414 -0.153856 -0.356143 -0.381698 -0.172544 -0.180639
-0.193347 0.121337 0.034234 0.483886 0.460370 1.000000 0.174212 0.492312 0.546936 0.429606 -0.061532 0.020620 -0.042108 -0.310739 -0.016857 0.374795 -0.304831 -0.090196 0.184700 -0.020219 0.389056 0.340442 -0.027954 0.494270 0.368922 0.599017 0.614275 0.631660 -0.301859 -0.352280 0.142509 0.329904 -0.373283 -0.215306 0.049803 0.112036 -0.091244 -0.393672 0.040537 -0.354155 -0.087084 -0.189933 -0.228043 0.058426 -0.032327 0.209752 -0.425584 -0.359890 -0.154613 -0.028879 0.053263 -0.084258 -0.022631 -0.115966 -0.257783 -0.449152 -0.547967 -0.426300 -0.139998 -0.125683 -0.164258 -0.351978 -0.000563 -0.236157 0.045454 -0.044375 -0.004969 0.233518 0.231831 0.358425 0.221701 0.147242 -0.334329 -0.338648 -0.475760 -0.004765 -0.174464 -0.068946 -0.423214 0.024324 -0.221994 -0.284723 0.174437 0.187598 -0.099235 0.220147 -0.408952 -0.041581 -0.238519 -0.043196 -0.192830 -0.204926 0.039564 -0.276310 -0.128621 0.101015 -0.309563 -0.036510 -0.347861 -0.404855 -0.335372 -0.222714 -0.299291 0.141524 0.049372 0.267554 0.066143 0.220686 0.165882 -0.204867 -0.159058 -0.100179 -0.265093 -0.029187 0.179454 0.264916
0.273503 -0.107613 0.294548 0.270886 0.232376 0.174212 1.000000 0.542734 0.234678 -0.080753 -0.125702 -0.097821 0.128573 -0.071385 0.050378 0.064745 -0.423604 -0.479122 0.352257 -0.378542 0.119704 0.200176 0.331569 0.482997 0.330262 0.378020 0.108285 0.046396 -0.233986 -0.178527 0.631246 0.661951 0.199149 0.445014 0.199793 0.227199 -0.187239 -0.288558 0.198579 0.035718 0.157607 -0.016636 -0.265476 -0.133700 0.153418 0.125736 -0.195710 -0.236731 -0.323453 0.055092 0.055863 -0.343353 0.012320 0.035514 -0.011590 -0.034026 -0.407286 -0.445228 -0.008991 -0.021643 -0.114633 -0.241733 0.115723 -0.229724 0.342482 -0.162212 0.184160 0.359804 -0.377023 0.109578 -0.013695 0.099634 -0.215152 -0.155766 -0.095262 -0.032325 -0.235822 -0.261282 -0.329063 -0.158456 -0.307658 -0.356664 0.273240 -0.054579 -0.163960 -0.337478 0.166452 0.089925 0.158332 0.171915 -0.154580 -0.211050 -0.169485 -0.001447 0.320021 0.010673 0.178584 0.002658 -0.095710 -0.112220 -0.177958 0.303129 -0.202862 -0.445603 -0.291171 -0.356816 -0.249150 -0.252731 -0.042322 0.068912 0.063679 0.034976 -0.409245 -0.227738 -0.339512 -0.126954
0.133369 0.424510 0.174286 0.624676 0.390974 0.492312 0.542734 1.000000 0.308701 0.282088 0.012217 0.463175 -0.061343 0.117374 -0.035351 0.250267 -0.318348 -0.259045 0.272655 -0.127475 0.061659 0.184734 0.176405 0.621706 0.192978 0.472226 0.169949 0.277319 -0.233632 -0.186483 0.418628 0.596408 -0.240257 0.013974 -0.018298 0.134192 -0.314729 -0.433846 0.012816 -0.139343 -0.044991 -0.045222 -0.587316 -0.195109 -0.181377 0.303509 -0.545358 -0.511745 -0.512816 -0.043968 -0.041377 -0.262539 -0.198165 -0.488397 -0.281470 -0.426939 -0.457464 -0.478501 -0.164906 0.019530 -0.181210 -0.125628 -0.057991 -0.179436 0.411708 0.250032 -0.082661 0.301364 -0.086513 0.382782 -0.007572 0.053456 -0.343115 -0.267553 -0.299809 0.059073 -0.242345 -0.111844 -0.184941 -0.265098 -0.275493 -0.401785 0.365759 0.180213 -0.074428 -0.018463 0.016230 0.246867 0.211831 0.184759 -0.203605 -0.451673 0.210107 -0.080847 0.076560 0.149080 -0.213061 -0.073795 -0.487350 -0.448517 0.001026 0.076450 -0.048020 -0.276723 -0.218403 -0.171199 -0.088353 -0.055369 0.070094 -0.103951 -0.277386 -0.045053 -0.383458 -0.143465 -0.118624 0.097160
0.024689 0.063401 0.264018 0.357216 0.567854 0.546936 0.234678 0.308701 1.000000 0.359455 0.300148 0.191221 0.294213 -0.196557 0.336856 0.295668 -0.266333 -0.102375 0.041969 -0.106403 0.335105 0.391777 -0.125705 0.266780 0.183519 0.363556 0.390362 0.288879 -0.186387 -0.449025 0.206353 0.223217 -0.080134 -0.120722 0.041390 0.162731 -0.012750 -0.258540 -0.016755 -0.256814 -0.064007 -0.136259 -0.095281 0.085560 0.152483 0.222330 -0.188767 -0.090027 0.083624 0.025945 0.224804 0.086437 -0.078416 -0.043066 -0.012058 -0.137102 -0.543335 -0.406478 0.032423 -0.231381 -0.049739 -0.351457 0.051424 -0.214686 0.343322 0.065432 0.180836 0.293081 0.059426 0.347409 0.089432 -0.186242 -0.215668 -0.448999 -0.262783 0.028601 -0.153954 -0.268757 -0.316584 -0.165482 -0.300368 -0.315595 -0.169909 -0.071867 -0.147155 0.141970 -0.201504 -0.222658 -0.326781 -0.130858 -0.107734 -0.083328 0.029444 -0.052736 0.060171 0.213736 0.166522 0.177458 -0.036712 -0.131647 -0.164147 0.136302 -0.163335 -0.033165 -0.160810 0.012978 -0.122608 0.032599 -0.068164 0.039668 0.144652 0.111372 -0.266147 -0.235211 -0.087780 0.089705
0.038064 0.494072 -0.347427 0.037400 0.093958 0.429606 -0.080753 0.282088 0.359455 1.000000 0.084443 0.505921 0.359702 0.446788 -0.070298 0.492828 0.385738 0.540471 0.157027 0.208900 0.102687 -0.035936 -0.554066 -0.069952 -0.217530 -0.031444 -0.160597 -0.130582 0.280460 0.054786 -0.113003 0.068455 -0.154705 0.018967 -0.520957 -0.258730 0.216738 0.098989 -0.135596 -0.075190 0.098191 0.117989 -0.247792 -0.312453 -0.162531 -0.006141 -0.315991 -0.311281 -0.050945 0.047083 -0.373173 0.215928 0.167995 -0.238903 -0.227509 -0.228877 0.035642 -0.037697 0.017265 -0.104960 0.181089 0.031714 0.173884 0.321171 0.066871 0.522244 -0.322173 -0.084026 0.157055 0.299263 -0.238675 -0.026638 0.043724 -0.299440 -0.010966 0.333936 0.165158 -0.211538 -0.039354 -0.218501 0.203862 0.173745 -0.144287 0.504777 -0.182411 -0.111268 -0.296946 0.071950 -0.460823 -0.289202 0.151675 0.198231 0.544823 0.058783 0.001069 0.493184 -0.149266 0.338499 -0.009956 0.079115 0.125785 0.105999 0.169547 -0.072614 -0.260799 -0.032455 -0.139061 0.040978 -0.081160 0.156863 -0.146188 0.371239 0.097132 -0.103190 0.027631 0.212178
0.155741 0.194689 0.648051 0.358415 0.045570 -0.061532 -0.125702 0.012217 0.300148 0.084443 1.000000 0.354937 0.143609 0.073074 0.450187 -0.088989 0.044346 0.288352 -0.021211 0.094124 0.050457 -0.169525 0.202374 0.037159 -0.014186 -0.003690 0.163183 0.000879 -0.108234 -0.480617 0.118804 -0.116233 -0.008855 -0.328940 0.147474 0.307599 -0.170174 -0.149509 -0.015345 -0.256917 -0.270828 -0.273674 -0.167799 0.000633 -0.123924 0.143195 -0.039353 -0.080374 0.309595 -0.274322 0.482919 0.133092 -0.278527 -0.222346 0.025159 -0.266478 -0.144561 -0.043487 -0.172283 -0.345058 -0.101849 -0.124774 -0.389364 -0.225286 0.256126 0.231534 -0.001000 0.106158 0.294069 0.250662 -0.017387 -0.308962 -0.330303 -0.285923 -0.283157 -0.053412 -0.137400 -0.082860 -0.011001 -0.051468 -0.404875 -0.342823 -0.011173 -0.209759 -0.071574 0.239096 -0.249002 -0.202247 0.058637 -0.150386 0.008334 -0.040591 0.247415 0.228676 0.000569 -0.106971 0.082104 -0.056575 -0.184475 -0.241543 0.142243 0.067217 -0.010316 0.040531 0.011117 0.021447 0.107874 0.181933 -0.064023 -0.030838 0.188901 -0.083679 -0.102519 0.048888 0.123862 0.180866
0.209235 0.638906 0.038989 0.216643 0.067276 0.020620 -0.097821 0.463175 0.191221 0.505921 0.354937 1.000000 0.142219 0.478661 -0.048656 0.127954 0.185315 0.325951 0.043596 0.117986 -0.113411 -0.073128 -0.331152 -0.046469 -0.249106 -0.055377 -0.200622 -0.109189 0.096040 -0.066230 -0.025731 0.006410 -0.141103 -0.203045 -0.327311 -0.077355 -0.053702 -0.057620 -0.271802 -0.074242 -0.131805 0.014860 -0.333199 -0.114204 -0.142841 0.194523 -0.345185 -0.195078 -0.071276 -0.026592 -0.087857 0.198617 -0.152796 -0.598996 -0.171289 -0.270956 -0.047594 -0.161706 -0.020549 -0.104589 0.102650 0.147008 -0.043193 0.188749 0.241715 0.641877 -0.202256 0.026485 0.096382 0.210736 -0.313674 -0.294256 -0.106474 -0.237437 -0.038665 0.197472 0.018673 -0.128430 0.163224 -0.341107 -0.029633 -0.048005 -0.159197 0.191588 0.011222 0.031429 -0.032583 0.050935 -0.045381 -0.094864 0.106880 -0.217122 0.462469 0.050696 0.051719 0.344999 0.000574 0.188493 -0.090974 -0.067838 0.391785 0.108282 0.254693 -0.142576 -0.230182 -0.162978 -0.092336 0.037267 -0.112269 0.167568 -0.066066 0.194407 -0.009033 -0.060908 -0.046453 0.146931
0.222061 -0.069626 -0.199830 -0.392699 -0.039196 -0.042108 0.128573 -0.061343 0.294213 0.359702 0.143609 0.142219 1.000000 0.456064 0.402486 0.482606 0.532704 0.364769 -0.067466 -0.184726 0.031550 -0.127125 -0.512435 -0.336566 -0.303072 -0.243198 -0.417292 -0.547836 0.550459 0.235241 0.061003 0.084829 0.307915 0.272068 -0.387020 -0.317236 0.493538 0.212946 0.119663 0.146856 0.477646 0.085786 -0.106841 -0.393106 -0.046852 -0.336781 -0.061420 -0.156587 0.230286 -0.099178 -0.378770 0.019601 0.375261 0.088240 0.088474 0.132542 0.038404 0.006307 0.374421 -0.106982 0.632665 0.080470 0.679418 0.517351 0.222889 0.319592 -0.268919 -0.337182 -0.248925 -0.151625 -0.381739 -0.207258 0.401625 -0.217445 0.169160 0.156605 0.099720 -0.417215 0.008945 0.029804 0.455061 0.502498 -0.379723 0.373363 -0.397735 -0.369169 -0.019980 0.066574 -0.633855 -0.488305 0.417766 0.453974 0.201044 0.133767 0.257037 0.483372 0.161682 0.310801 0.389730 0.392943 0.073907 0.398478 0.218991 -0.164872 -0.343092 -0.344193 -0.235625 -0.254705 0.040051 0.279689 -0.041922 0.579345 0.019212 -0.040583 -0.255392 0.047797
0.167292 0.397111 -0.338548 -0.211237 -0.139058 -0.310739 -0.071385 0.117374 -0.196557 0.446788 0.073074 0.478661 0.456064 1.000000 0.165340 0.479584 0.525009 0.551610 0.005647 0.100551 -0.230493 -0.301111 -0.365998 -0.363102 -0.555566 -0.408482 -0.648549 -0.642917 0.538836 0.498476 -0.082686 0.050658 0.122727 0.354933 -0.513293 -0.291830 0.199377 0.224953 0.017348 0.298773 0.307472 0.278376 -0.377610 -0.584377 -0.337430 -0.309769 -0.146846 -0.332444 -0.087166 -0.063955 -0.489519 -0.043451 0.174367 -0.287661 -0.059947 0.030964 0.419940 0.187610 0.151105 0.019323 0.373256 0.614416 0.177116 0.610707 0.331586 0.803331 -0.509610 -0.390366 -0.228367 -0.029070 -0.396140 -0.002973 0.277455 0.027397 0.278480 0.226192 0.226774 -0.089971 0.230149 -0.138501 0.404429 0.404895 -0.064214 0.527639 -0.095521 -0.406805 0.172913 0.365661 -0.090794 -0.188472 0.281540 0.151130 0.427989 0.048148 0.101630 0.340247 -0.088394 0.137263 0.022652 0.210565 0.364634 0.125261 0.326489 -0.268899 -0.289531 -0.351295 -0.192286 -0.210712 -0.065061 0.170206 -0.310902 0.303754 0.136836 -0.048581 -0.182537 -0.102369
0.172980 -0.205943 0.335166 0.134212 0.368435 -0.016857 0.050378 -0.035351 0.336856 -0.070298 0.450187 -0.048656 0.402486 0.165340 1.000000 0.405821 -0.002156 0.088468 -0.152448 -0.137681 0.124704 0.100894 0.248898 0.043037 -0.113163 -0.010003 0.056993 -0.084361 0.107826 -0.083887 0.341376 0.163426 0.075488 0.065736 -0.035795 0.055875 0.116937 -0.102391 0.396152 0.024279 0.128285 -0.192203 -0.216264 -0.304509 -0.225109 -0.274766 0.022607 -0.221244 0.105113 -0.366146 0.182250 -0.251923 0.124314 0.089175 0.326166 0.059397 -0.111536 0.017286 0.043091 -0.227413 0.159723 0.054711 0.064324 0.060570 0.514374 0.115064 -0.157380 -0.108386 -0.149901 0.140217 0.044776 -0.054923 -0.149844 -0.204927 -0.189713 -0.012735 -0.009324 -0.165392 -0.050463 0.095417 -0.085932 -0.047560 0.150964 0.132057 0.044659 -0.020978 0.206890 0.199151 0.026046 -0.026025 0.038642 0.060393 -0.031770 0.118329 0.141958 -0.027334 -0.033943 -0.107624 -0.026432 -0.054206 -0.047357 0.240584 -0.134360 -0.110090 -0.135154 -0.268306 -0.176396 -0.228685 0.003118 -0.057699 -0.036307 0.058718 -0.249852 -0.206020 -0.227906 -0.181927
-0.063037 0.042915 -0.318259 0.065102 0.296324 0.374795 0.064745 0.250267 0.295668 0.492828 -0.088989 0.127954 0.482606 0.479584 0.405821 1.000000 0.246080 0.282808 -0.021640 -0.099640 0.097883 0.049758 -0.316025 -0.019361 -0.142083 0.086225 -0.132910 -0.178661 0.415960 0.223733 0.156166 0.319127 -0.099161 0.248875 -0.400145 -0.139339 0.293235 0.044960 0.330301 0.174985 0.435964 0.163461 -0.454925 -0.516943 -0.275416 -0.229510 -0.329866 -0.548215 -0.275282 -0.196305 -0.388903 -0.313024 0.184672 -0.084780 -0.079773 -0.157446 -0.037336 -0.028923 -0.039788 -0.132432 0.172279 0.154225 0.296828 0.332579 0.439752 0.458630 -0.473560 -0.168164 -0.227012 0.199535 -0.042260 0.216747 0.159546 -0.185499 0.032224 0.161287 0.060493 -0.176166 -0.074211 -0.011413 0.305448 0.229421 0.008107 0.610261 0.058156 -0.095121 -0.011950 0.349408 -0.299836 -0.264598 -0.000363 0.053114 0.233185 -0.153078 0.195810 0.412153 -0.289842 0.090332 -0.222348 -0.123983 -0.123157 0.072039 -0.026208 -0.100074 -0.209566 -0.121864 -0.210297 -0.157218 0.103819 0.061853 -0.326854 0.184890 -0.180092 -0.156468 -0.096616 -0.008617
0.165232 0.136146 -0.446373 -0.541040 -0.318056 -0.304831 -0.423604 -0.318348 -0.266333 0.385738 0.044346 0.185315 0.532704 0.525009 -0.002156 0.246080 1.000000 0.649239 -0.057384 0.213300 -0.178025 -0.399718 -0.542434 -0.563140 -0.551523 -0.585866 -0.591618 -0.601017 0.719903 0.532993 -0.360853 -0.347566 0.142601 0.042261 -0.517629 -0.481984 0.505113 0.537680 -0.029947 0.209606 0.380443 0.232404 0.006740 -0.381486 -0.229908 -0.393978 0.139549 -0.040536 0.224206 -0.140116 -0.480257 0.167822 0.332873 -0.016960 0.020587 0.160539 0.604783 0.455098 0.150951 -0.048302 0.482141 0.264871 0.440019 0.605842 -0.115097 0.315871 -0.484184 -0.549903 0.063154 -0.166550 -0.321047 -0.094263 0.561593 0.100309 0.374359 0.259324 0.395808 -0.039254 0.429254 -0.003861 0.711941 0.707416 -0.343398 0.452269 -0.199551 -0.241744 -0.074436 0.117288 -0.441734 -0.385530 0.419865 0.502696 0.366714 0.139447 0.001129 0.326132 -0.088703 0.178590 0.310271 0.415675 0.114011 0.112097 0.306011 0.005914 -0.174103 -0.101310 -0.099995 -0.074988 0.030906 0.224815 -0.234152 0.366025 0.373256 0.136379 0.046207 0.091746
-0.026365 0.334706 -0.168756 -0.184594 -0.436251 -0.090196 -0.479122 -0.259045 -0.102375 0.540471 0.288352 0.325951 0.364769 0.551610 0.088468 0.282808 0.649239 1.000000 -0.054849 0.254614 -0.065482 -0.353801 -0.399148 -0.367847 -0.239138 -0.310233 -0.320139 -0.441870 0.328914 0.133516 -0.341771 -0.296197 0.183242 -0.012047 -0.398727 -0.316998 0.372283 0.417144 -0.245513 0.012050 0.048375 0.078773 -0.023391 -0.255525 -0.281519 -0.324373 0.028576 -0.081080 0.230912 -0.185145 -0.232557 0.266822 0.210814 -0.137877 -0.080865 -0.053947 0.463910 0.317809 0.069494 -0.113907 0.288888 0.300116 0.102323 0.565644 -0.142912 0.566111 -0.297797 -0.413480 0.268752 0.072969 -0.359161 -0.156152 0.101034 -0.133100 0.102194 0.208114 0.165556 -0.076383 0.213126 0.071257 0.326968 0.457286 -0.288506 0.327910 -0.167988 -0.063186 -0.420749 -0.111347 -0.469878 -0.438630 0.292390 0.357283 0.430384 -0.019955 -0.045488 0.310343 -0.070210 0.259332 0.223718 0.246128 0.254980 -0.069121 0.243903 0.017068 -0.088064 -0.014619 -0.014795 0.165227 0.027060 0.159367 -0.107089 0.292986 0.276561 0.166538 0.194427 0.266674
0.438410 0.419573 0.031401 0.147551 0.207081 0.184700 0.352257 0.272655 0.041969 0.157027 -0.021211 0.043596 -0.067466 0.005647 -0.152448 -0.021640 -0.057384 -0.054849 1.000000 0.449467 0.100121 0.083365 0.168754 0.359373 0.010137 0.053445 -0.004826 0.020418 -0.056990 -0.012815 0.079112 0.185884 0.021795 0.119650 -0.153270 -0.194625 -0.307520 -0.186866 -0.242504 -0.172709 -0.045553 0.201235 -0.106175 -0.205183 -0.221335 -0.106651 -0.019331 -0.087032 -0.296581 -0.099096 -0.297940 -0.261046 0.123935 -0.129285 -0.292011 -0.172437 -0.213525 -0.104053 0.179512 0.243219 -0.019086 0.011594 -0.002031 -0.083325 -0.020725 -0.015625 0.061310 -0.035674 0.088287 0.293891 -0.013128 0.062417 -0.031390 0.181939 0.094162 0.267788 0.034380 -0.038355 -0.411414 -0.382770 -0.130366 -0.164210 0.298868 0.146375 -0.216509 -0.303269 -0.116656 0.003056 0.098707 0.217462 -0.037854 0.005321 0.119408 -0.013821 -0.083303 -0.027373 -0.189212 -0.028786 -0.028428 -0.140005 -0.149973 -0.020610 -0.009498 -0.141611 -0.093364 0.035051 -0.040075 0.129149 -0.053421 0.008178 -0.118416 -0.009892 -0.104284 0.025901 0.124934 0.130991
0.195684 0.520352 -0.164555 -0.067023 -0.069871 -0.020219 -0.378542 -0.127475 -0.106403 0.208900 0.094124 0.117986 -0.184726 0.100551 -0.137681 -0.099640 0.213300 0.254614 0.449467 1.000000 -0.122898 -0.173400 -0.005008 -0.081453 -0.308132 -0.374523 -0.171124 -0.073611 0.067617 0.138158 -0.423670 -0.358635 -0.193110 -0.153376 -0.297122 -0.345715 -0.077181 0.156196 -0.318574 -0.062345 -0.037199 0.269749 0.092607 -0.184071 -0.454053 -0.316839 0.182223 0.112969 -0.103442 -0.218098 -0.333066 0.001245 0.116998 -0.059823 -0.263836 -0.020171 0.185700 0.423876 0.105438 0.188572 0.013422 0.266201 -0.195957 0.122870 -0.236380 0.102266 -0.144835 -0.378832 0.455060 0.302316 0.024159 0.009951 0.062016 0.332001 0.216386 0.339351 0.323572 0.258746 -0.152755 -0.317784 0.062555 0.058035 0.246018 0.216605 0.024214 -0.024371 -0.168038 0.001966 0.106509 0.184168 0.145630 0.222183 0.300015 0.216449 -0.257716 -0.080444 -0.217159 -0.021129 0.060875 0.123730 0.024970 -0.171713 0.160264 0.131239 0.152456 0.178059 0.069210 0.243793 -0.039986 -0.134113 -0.182068 -0.030334 0.312307 0.202776 0.286825 0.158760
-0.008284 -0.133302 0.071017 0.223521 0.290683 0.389056 0.119704 0.061659 0.335105 0.102687 0.050457 -0.113411 0.031550 -0.230493 0.124704 0.097883 -0.178025 -0.065482 0.100121 -0.122898 1.000000 0.746344 -0.005987 0.237145 0.356112 0.435357 0.373759 0.277303 -0.129210 -0.157000 0.286388 0.306036 0.019587 0.041178 -0.063474 0.053478 0.154232 -0.013639 0.314125 0.099239 0.017955 0.107649 0.084795 0.081744 0.048188 0.002858 0.163350 0.233012 -0.009501 -0.078872 0.096150 -0.194873 -0.006195 -0.025775 0.115000 0.005481 -0.263045 -0.160181 -0.108715 -0.201438 -0.095318 -0.238425 0.005568 -0.203434 0.119252 -0.168085 0.086808 0.168643 -0.103848 0.258817 0.374697 0.324766 -0.093325 -0.018771 -0.032708 0.360087 0.171116 0.067293 -0.227816 -0.088910 -0.197701 -0.255134 -0.151451 -0.087666 -0.089943 -0.019164 -0.049970 -0.023643 -0.197224 -0.008936 -0.313609 -0.142690 -0.116449 -0.097602 0.269306 0.220864 0.227509 0.232352 -0.055359 -0.148760 -0.171175 0.191727 -0.197576 -0.204272 -0.213571 -0.045081 -0.259879 0.000070 -0.056126 0.329327 0.390310 0.044707 -0.267647 -0.115661 -0.121106 -0.065972
-0.025683 -0.161368 0.042883 0.225401 0.483100 0.340442 0.200176 0.184734 0.391777 -0.035936 -0.169525 -0.073128 -0.127125 -0.301111 0.100894 0.049758 -0.399718 -0.353801 0.083365 -0.173400 0.746344 1.000000 0.048329 0.289133 0.339814 0.501166 0.340366 0.393985 -0.160343 -0.152145 0.214273 0.337590 -0.010347 0.127644 -0.036746 0.055014 0.046393 -0.071077 0.266457 0.229069 -0.092790 0.095229 0.039296 0.185671 0.152819 0.142610 0.084795 0.267872 -0.123691 0.091284 0.024761 -0.180054 -0.006911 -0.003363 0.193689 0.125430 -0.355651 -0.293379 0.037248 0.021828 -0.093696 -0.176705 0.038627 -0.211706 0.168687 -0.179986 0.305335 0.338802 -0.256194 0.279666 0.276880 0.244539 -0.133555 -0.004786 -0.016689 0.255824 0.144207 0.025209 -0.188857 -0.210705 -0.226000 -0.317389 -0.107792 -0.158200 0.116229 0.026881 0.233078 0.048517 -0.060219 0.158104 -0.368465 -0.322149 -0.208549 -0.164873 0.269522 0.199298 0.232859 0.236529 -0.089724 -0.171901 -0.112705 0.241201 -0.145264 -0.276410 -0.291640 -0.129888 -0.368309 -0.186093 -0.053613 0.241839 0.350875 0.044210 -0.340948 -0.349669 -0.342597 -0.267453
0.091494 -0.112307 0.649620 0.529485 0.128017 -0.027954 0.331569 0.176405 -0.125705 -0.554066 0.202374 -0.331152 -0.512435 -0.365998 0.248898 -0.316025 -0.542434 -0.399148 0.168754 -0.005008 -0.005987 0.048329 1.000000 0.635947 0.379338 0.310858 0.348902 0.299532 -0.552420 -0.340630 0.451132 0.320146 -0.050932 -0.004279 0.438249 0.413017 -0.481510 -0.416051 0.179656 -0.155907 -0.302178 -0.231221 -0.134849 0.059124 -0.049249 0.105365 -0.000020 -0.057147 -0.147412 -0.135173 0.473950 -0.347320 -0.243126 0.002236 0.043825 -0.157085 -0.146471 -0.052275 -0.201222 0.014953 -0.391093 -0.051255 -0.465318 -0.447882 0.144365 -0.329968 0.223818 0.269865 0.058819 0.219083 0.276925 0.097682 -0.559343 0.031407 -0.359434 -0.165690 -0.281119 0.124454 -0.208093 0.029152 -0.601378 -0.560075 0.607513 -0.320543 0.075820 0.068471 0.134151 0.108710 0.631698 0.394372 -0.241817 -0.285007 -0.259244 0.027776 -0.020921 -0.440977 -0.073058 -0.315587 -0.270818 -0.330961 -0.173640 -0.073024 -0.336892 -0.146408 0.076346 -0.070273 0.053934 -0.018440 0.117460 -0.246014 0.048543 -0.367230 -0.302157 -0.042938 -0.014282 -0.081528
0.107297 0.148618 0.431961 0.712176 0.318188 0.494270 0.482997 0.621706 0.266780 -0.069952 0.037159 -0.046469 -0.336566 -0.363102 0.043037 -0.019361 -0.563140 -0.367847 0.359373 -0.081453 0.237145 0.289133 0.635947 1.000000 0.520685 0.654793 0.428591 0.427992 -0.570995 -0.423564 0.532859 0.628847 -0.196749 -0.048110 0.207201 0.273675 -0.398078 -0.548831 0.011326 -0.360000 -0.188883 -0.105738 -0.301418 -0.006551 -0.042704 0.208030 -0.390982 -0.248733 -0.322952 -0.074574 0.242513 -0.332956 -0.207238 -0.225537 -0.298830 -0.433880 -0.447020 -0.439752 -0.119799 0.045506 -0.257633 -0.235678 -0.153645 -0.371331 0.245519 -0.156408 0.155407 0.341733 0.041445 0.450239 0.197333 0.069474 -0.545150 -0.133239 -0.383549 0.060655 -0.345034 -0.099895 -0.391924 -0.094941 -0.544847 -0.551128 0.473279 -0.056434 -0.155451 0.013113 -0.088862 0.128721 0.241702 0.228057 -0.242268 -0.348841 -0.055902 -0.141675 0.002773 -0.055659 -0.137754 -0.104155 -0.353885 -0.442838 -0.207546 -0.102179 -0.358372 -0.231524 -0.114447 -0.045514 -0.008794 0.071243 0.217177 -0.175124 -0.018141 -0.101391 -0.362490 -0.082678 0.040232 0.202523
-0.346403 -0.289599 0.389383 0.440859 -0.053211 0.368922 0.330262 0.192978 0.183519 -0.217530 -0.014186 -0.249106 -0.303072 -0.555566 -0.113163 -0.142083 -0.551523 -0.239138 0.010137 -0.308132 0.356112 0.339814 0.379338 0.520685 1.000000 0.816713 0.586063 0.473798 -0.534372 -0.530300 0.433796 0.404858 0.092545 -0.018389 0.404657 0.318646 -0.127152 -0.172692 0.032371 -0.097619 -0.230676 -0.207591 0.024693 0.391269 0.187920 0.313351 -0.067820 0.069049 -0.266832 -0.053283 0.366907 -0.195768 -0.296594 0.058383 -0.089028 -0.211016 -0.393610 -0.252790 -0.332685 -0.099253 -0.413212 -0.424707 -0.229917 -0.430709 -0.121615 -0.391245 0.346642 0.415267 -0.010444 0.131425 0.164404 0.019383 -0.458949 -0.292672 -0.356183 -0.227583 -0.415330 -0.122682 -0.274701 0.177114 -0.454947 -0.440587 0.085630 -0.373815 0.070013 0.395066 -0.315041 -0.280204 -0.015192 -0.060275 -0.428907 -0.379078 -0.194832 -0.268179 0.175695 -0.052430 0.099142 0.043293 -0.289710 -0.377789 -0.201253 -0.042768 -0.182556 -0.061153 0.127212 0.212187 0.116815 0.251460 0.112177 0.050719 0.295684 -0.185041 -0.266774 0.102043 0.138789 0.235572
-0.346982 -0.155629 0.331096 0.635111 0.299409 0.599017 0.378020 0.472226 0.363556 -0.031444 -0.003690 -0.055377 -0.243198 -0.408482 -0.010003 0.086225 -0.585866 -0.310233 0.053445 -0.374523 0.435357 0.501166 0.310858 0.654793 0.816713 1.000000 0.630420 0.582102 -0.478140 -0.457299 0.533067 0.653327 -0.146579 0.013262 0.344767 0.437856 -0.253007 -0.359635 0.117863 -0.171972 -0.208365 -0.213648 -0.148353 0.326221 0.180859 0.429740 -0.291765 -0.122101 -0.272699 0.039839 0.319539 -0.193165 -0.417446 -0.108909 -0.201934 -0.309429 -0.531198 -0.517821 -0.345805 -0.176147 -0.383784 -0.408017 -0.218351 -0.473123 0.119500 -0.189485 0.188414 0.503082 -0.103548 0.181459 0.237837 0.171947 -0.483903 -0.317434 -0.418558 -0.087602 -0.356695 -0.049971 -0.324772 0.065439 -0.487107 -0.535039 0.146036 -0.181105 -0.025263 0.300756 -0.172278 -0.094583 -0.043793 -0.072551 -0.525561 -0.516437 -0.097954 -0.390083 0.154742 0.095138 -0.033352 0.012289 -0.430782 -0.520796 -0.211154 -0.074140 -0.281773 -0.149717 -0.050570 0.153837 0.027525 0.168119 0.186097 0.009917 0.153479 -0.169788 -0.423983 -0.104407 0.030068 0.164951
-0.320392 -0.201438 0.503135 0.522137 0.346015 0.614275 0.108285 0.169949 0.390362 -0.160597 0.163183 -0.200622 -0.417292 -0.648549 0.056993 -0.132910 -0.591618 -0.320139 -0.004826 -0.171124 0.373759 0.340366 0.348902 0.428591 0.586063 0.630420 1.000000 0.885634 -0.623201 -0.581735 0.177159 0.106700 -0.271724 -0.436061 0.514697 0.422272 -0.289817 -0.457461 0.093636 -0.401305 -0.396285 -0.411283 0.032604 0.440426 0.110559 0.334845 -0.154834 -0.089322 0.021355 -0.096805 0.571823 -0.023767 -0.328705 0.018072 0.014839 -0.283860 -0.559983 -0.393188 -0.356683 -0.217997 -0.534351 -0.507415 -0.433994 -0.636026 -0.122629 -0.411529 0.295525 0.388804 0.247941 0.176692 0.549400 0.147168 -0.461607 -0.205289 -0.536772 -0.267058 -0.276286 0.124125 -0.315336 0.255121 -0.557385 -0.548398 0.162438 -0.385384 0.126299 0.472035 -0.300156 -0.384177 0.117810 0.115031 -0.353946 -0.352288 -0.236867 -0.211846 -0.152367 -0.295263 -0.097604 -0.222985 -0.383369 -0.545972 -0.349539 -0.331652 -0.416774 0.306764 0.345022 0.414725 0.288890 0.331843 0.144423 -0.264788 0.098901 -0.430481 -0.241448 0.075980 0.266968 0.141168
-0.289748 -0.098770 0.317100 0.508039 0.444791 0.631660 0.046396 0.277319 0.288879 -0.130582 0.000879 -0.109189 -0.547836 -0.642917 -0.084361 -0.178661 -0.601017 -0.441870 0.020418 -0.073611 0.277303 0.393985 0.299532 0.427992 0.473798 0.582102 0.885634 1.000000 -0.568075 -0.443286 0.072251 0.068081 -0.471529 -0.508838 0.441320 0.348693 -0.387568 -0.478080 0.039135 -0.390831 -0.428648 -0.410424 0.045494 0.461389 0.112183 0.409565 -0.172855 -0.063540 -0.074572 0.004333 0.444625 -0.021648 -0.329947 -0.052138 -0.032859 -0.270671 -0.541534 -0.395126 -0.344043 -0.095167 -0.541924 -0.464693 -0.426413 -0.636936 -0.146429 -0.395946 0.233108 0.381238 0.204803 0.185830 0.502800 0.159549 -0.458163 -0.134244 -0.543306 -0.270638 -0.173172 0.231744 -0.277917 0.141721 -0.491440 -0.545360 0.305624 -0.267632 0.217875 0.498851 -0.136790 -0.162621 0.236982 0.288305 -0.431038 -0.445314 -0.229903 -0.232821 -0.248189 -0.322348 -0.200195 -0.283317 -0.429554 -0.522610 -0.366703 -0.334336 -0.369140 0.293695 0.318164 0.436981 0.262489 0.280613 0.124590 -0.335603 -0.056244 -0.421839 -0.208757 -0.024096 0.241174 0.097160
0.212194 -0.017682 -0.583671 -0.625985 -0.054474 -0.301859 -0.233986 -0.233632 -0.186387 0.280460 -0.108234 0.096040 0.550459 0.538836 0.107826 0.415960 0.719903 0.328914 -0.056990 0.067617 -0.129210 -0.160343 -0.552420 -0.570995 -0.534372 -0.478140 -0.623201 -0.568075 1.000000 0.652014 -0.238595 -0.162264 0.133086 0.305033 -0.566504 -0.434334 0.488700 0.544691 0.155876 0.395647 0.564631 0.414898 -0.128128 -0.428217 -0.170755 -0.312436 0.063898 -0.062393 -0.045309 -0.045746 -0.620079 -0.098170 0.305518 0.060052 0.029810 0.243935 0.385818 0.393062 0.191438 0.076781 0.457010 0.287226 0.488094 0.547788 0.065845 0.295312 -0.464743 -0.367276 -0.243709 -0.116525 -0.298198 0.033739 0.697662 0.181244 0.533646 0.278627 0.447610 -0.038266 0.344683 -0.091439 0.735485 0.650233 -0.236732 0.543295 0.041708 -0.299413 0.198269 0.293664 -0.354944 -0.345610 0.186022 0.352245 0.239268 0.089884 0.134567 0.416864 -0.126263 0.209901 0.193538 0.284137 -0.039805 0.258246 0.261628 -0.114544 -0.318508 -0.216973 -0.317596 -0.314199 0.042762 0.286146 -0.192137 0.392947 0.215832 -0.037194 -0.186856 -0.141923
0.186594 -0.007254 -0.730168 -0.612202 -0.128364 -0.352280 -0.178527 -0.186483 -0.449025 0.054786 -0.480617 -0.066230 0.235241 0.498476 -0.083887 0.223733 0.532993 0.133516 -0.012815 0.138158 -0.157000 -0.152145 -0.340630 -0.423564 -0.530300 -0.457299 -0.581735 -0.443286 0.652014 1.000000 -0.215090 -0.079412 -0.024425 0.351168 -0.471145 -0.500040 0.343001 0.376154 0.092916 0.394146 0.554765 0.498197 0.039385 -0.383025 -0.186961 -0.432382 0.166140 -0.013786 -0.202846 -0.037116 -0.648524 -0.248753 0.315255 0.051074 -0.035953 0.268066 0.535214 0.414065 0.092918 0.093622 0.262287 0.374010 0.355179 0.461000 -0.047059 0.121643 -0.551213 -0.478067 -0.272450 -0.315470 -0.057052 0.328965 0.674146 0.557236 0.556701 0.321764 0.437042 0.202058 0.351847 0.150326 0.740633 0.682878 0.036706 0.581394 0.035408 -0.382259 0.355748 0.449247 -0.003598 0.039512 0.140479 0.200882 0.040788 0.056553 -0.047520 0.160888 -0.266520 -0.042186 0.186702 0.341203 -0.034075 0.037092 0.138905 -0.125638 -0.140344 -0.151395 -0.171590 -0.261051 0.025207 0.098735 -0.334167 0.206879 0.344919 0.044843 -0.095362 -0.165791
0.149365 -0.177818 0.385926 0.443887 0.287192 0.142509 0.631246 0.418628 0.206353 -0.113003 0.118804 -0.025731 0.061003 -0.082686 0.341376 0.156166 -0.360853 -0.341771 0.079112 -0.423670 0.286388 0.214273 0.451132 0.532859 0.433796 0.533067 0.177159 0.072251 -0.238595 -0.215090 1.000000 0.830816 0.010791 0.304792 0.178198 0.313560 -0.073391 -0.302367 0.374091 0.034511 0.097091 -0.111455 -0.344964 -0.181607 -0.007745 0.059244 -0.223567 -0.294327 -0.295598 -0.243310 0.246722 -0.460595 -0.160232 -0.014898 0.032657 -0.149033 -0.242626 -0.247592 -0.270966 -0.277332 -0.165286 -0.259938 -0.032770 -0.284644 0.498727 -0.164436 -0.085093 0.270824 -0.363963 0.118843 0.119852 0.242892 -0.337811 -0.193120 -0.182579 0.074657 -0.189883 -0.159728 -0.128704 -0.025923 -0.324282 -0.368698 0.292778 0.005204 -0.021416 -0.056484 0.223416 0.255805 0.210276 0.136425 -0.295596 -0.285657 -0.079317 0.034034 0.485027 0.076728 0.091703 -0.023425 -0.244398 -0.265725 -0.125466 0.308302 -0.265302 -0.391524 -0.245415 -0.315219 -0.286372 -0.292657 0.073866 0.195512 0.128105 -0.053851 -0.535046 -0.278948 -0.326790 -0.192111
0.069079 0.000124 0.139978 0.483229 0.296093 0.329904 0.661951 0.596408 0.223217 0.068455 -0.116233 0.006410 0.084829 0.050658 0.163426 0.319127 -0.347566 -0.296197 0.185884 -0.358635 0.306036 0.337590 0.320146 0.628847 0.404858 0.653327 0.106700 0.068081 -0.162264 -0.079412 0.830816 1.000000 -0.038116 0.449798 0.033672 0.217135 -0.100410 -0.285475 0.284882 0.049345 0.196397 0.031991 -0.389394 -0.220541 -0.029973 0.063897 -0.325782 -0.350548 -0.398225 -0.093981 -0.038158 -0.469494 -0.094164 -0.105214 -0.192184 -0.218508 -0.265216 -0.390037 -0.124199 -0.130691 -0.048670 -0.123071 0.100252 -0.123279 0.442997 -0.020698 -0.108656 0.235646 -0.410630 0.139219 0.034321 0.295864 -0.247401 -0.179218 -0.117413 0.185950 -0.167119 -0.154856 -0.234439 -0.107784 -0.218334 -0.287662 0.295888 0.218342 -0.168633 -0.190036 0.158638 0.330807 0.043602 0.051006 -0.282497 -0.320727 0.037786 -0.134398 0.413382 0.271889 -0.003741 0.082723 -0.287263 -0.267984 -0.084031 0.234822 -0.229076 -0.451366 -0.348347 -0.311482 -0.322767 -0.286604 0.175199 0.195838 0.012038 0.048673 -0.523806 -0.314993 -0.347697 -0.163636
0.223020 -0.225052 0.116879 -0.295081 -0.421914 -0.373283 0.199149 -0.240257 -0.080134 -0.154705 -0.008855 -0.141103 0.307915 0.122727 0.075488 -0.099161 0.142601 0.183242 0.021795 -0.193110 0.019587 -0.010347 -0.050932 -0.196749 0.092545 -0.146579 -0.271724 -0.471529 0.133086 -0.024425 0.010791 -0.038116 1.000000 0.489308 -0.033914 -0.195228 0.369505 0.376613 -0.004395 0.297062 0.191822 0.168066 0.093343 0.024271 0.118477 -0.212738 0.210163 0.235980 0.065922 0.024521 -0.088299 0.024358 0.329008 0.108850 0.304038 0.242729 0.145738 0.183279 0.386090 0.184762 0.317502 0.144791 0.384194 0.327882 -0.135094 -0.022820 0.399282 -0.091014 -0.062204 -0.138803 -0.433863 -0.313892 0.179577 -0.111127 0.238400 0.067302 -0.096054 -0.305424 0.064709 0.014034 0.207865 0.274955 -0.377232 -0.167125 -0.206111 -0.212721 -0.105985 -0.176948 -0.287155 -0.244887 0.205258 0.205856 -0.121402 0.021808 0.257351 0.162780 0.376078 0.302821 0.422274 0.331807 0.197746 0.335798 0.269412 -0.328009 -0.237546 -0.420421 -0.300776 -0.200670 -0.019618 0.281182 0.267956 0.292016 -0.000480 -0.054301 -0.239917 -0.072073
0.224326 -0.166475 -0.229484 -0.246395 -0.072837 -0.215306 0.445014 0.013974 -0.120722 0.018967 -0.328940 -0.203045 0.272068 0.354933 0.065736 0.248875 0.042261 -0.012047 0.119650 -0.153376 0.041178 0.127644 -0.004279 -0.048110 -0.018389 0.013262 -0.436061 -0.508838 0.305033 0.351168 0.304792 0.449798 0.489308 1.000000 -0.175889 -0.064552 0.349214 0.399732 0.269370 0.578464 0.477926 0.431419 -0.182932 -0.361320 0.014988 -0.229775 0.063443 -0.063748 -0.268265 0.059973 -0.385550 -0.357873 0.278851 0.110309 0.096973 0.295695 0.240339 0.157302 0.224060 0.145300 0.229473 0.317128 0.320534 0.307361 0.242523 0.132275 0.052274 0.049614 -0.439073 -0.044048 -0.328807 0.133260 0.209133 0.068967 0.430381 0.270032 0.143736 -0.114819 -0.009250 -0.159427 0.285384 0.204717 -0.025811 0.191224 -0.026334 -0.529792 0.288605 0.248345 -0.127411 -0.103489 -0.076114 -0.026852 -0.143975 -0.053746 0.441968 0.292345 0.161029 0.216507 0.168581 0.233163 -0.009964 0.404126 0.083873 -0.572390 -0.504220 -0.539786 -0.512028 -0.503181 0.046614 0.326496 0.106141 0.240338 -0.201071 -0.337960 -0.539285 -0.398947
-0.337284 -0.391517 0.514771 0.385791 0.070117 0.049803 0.199793 -0.018298 0.041390 -0.520957 0.147474 -0.327311 -0.387020 -0.513293 -0.035795 -0.400145 -0.517629 -0.398727 -0.153270 -0.297122 -0.063474 -0.036746 0.438249 0.207201 0.404657 0.344767 0.514697 0.441320 -0.566504 -0.471145 0.178198 0.033672 -0.033914 -0.175889 1.000000 0.707952 -0.369718 -0.250615 -0.004606 -0.297219 -0.402994 -0.384887 0.139244 0.482173 0.313353 0.443277 0.163046 0.087555 0.105906 0.044800 0.729721 0.057510 -0.445380 0.188680 0.003813 -0.121750 -0.333001 -0.372483 -0.331297 -0.246329 -0.496646 -0.340917 -0.452035 -0.636401 0.003033 -0.372912 0.443885 0.473095 0.123782 -0.125581 0.305638 0.019237 -0.397912 -0.048838 -0.381755 -0.473606 -0.271774 0.328854 -0.185112 0.266274 -0.504614 -0.503100 0.102694 -0.637548 0.191965 0.437455 -0.085727 -0.313329 0.305063 0.212954 -0.409926 -0.388736 -0.444456 -0.106762 -0.124403 -0.581022 -0.007105 -0.478883 -0.268893 -0.380390 -0.225395 -0.250666 -0.391804 0.147201 0.341774 0.153980 0.207353 0.093251 0.068891 -0.316423 0.116689 -0.581538 -0.333763 -0.034159 0.031136 -0.037720
-0.311826 -0.280520 0.555828 0.549123 0.218238 0.112036 0.227199 0.134192 0.162731 -0.258730 0.307599 -0.077355 -0.317236 -0.291830 0.055875 -0.139339 -0.481984 -0.316998 -0.194625 -0.345715 0.053478 0.055014 0.413017 0.273675 0.318646 0.437856 0.422272 0.348693 -0.434334 -0.500040 0.313560 0.217135 -0.195228 -0.064552 0.707952 1.000000 -0.437279 -0.261242 0.171767 -0.161517 -0.386747 -0.320824 -0.138647 0.352633 0.390456 0.667250 -0.073656 -0.058372 0.163037 0.239185 0.689734 0.176756 -0.596914 -0.017940 0.053003 -0.122286 -0.326147 -0.400089 -0.451920 -0.345670 -0.529851 -0.249221 -0.561265 -0.635788 0.183935 -0.042109 0.290112 0.757717 0.004582 0.119893 0.290566 0.083494 -0.493550 -0.169568 -0.375848 -0.342253 -0.277624 0.277069 -0.179275 0.011638 -0.662355 -0.690577 0.054514 -0.536168 0.186982 0.279201 0.059857 -0.145743 0.277658 0.085072 -0.430506 -0.390784 -0.137597 -0.049100 0.119298 -0.288349 0.064884 -0.285840 -0.417069 -0.484575 -0.088483 -0.008480 -0.262419 -0.053847 0.018265 -0.006509 0.037127 -0.045466 0.041958 -0.156364 0.212249 -0.436545 -0.444399 -0.192139 -0.123463 -0.111729
