1.000000 0.382559 0.105394 -0.088168 -0.183716 0.069299 -0.048698 -0.183622 -0.115885 -0.037870 0.381392 0.139431 0.271731 0.096407 0.097776 -0.055444 0.245284 0.261171 0.088190 0.059643 -0.050594 -0.219378 0.071016 -0.259306 -0.323169 -0.106096 0.035152 0.191439 -0.094051 -0.184525 -0.246304 -0.227712 0.432655 -0.094033 0.140442 -0.061228 0.081802 -0.034422 0.076982 -0.072752 0.080894 0.000175 -0.128899 -0.189106 -0.159243 -0.267555 -0.127207 -0.102561 0.311523 -0.067790 0.072972 0.112142 0.197503 0.040393 -0.117492 -0.112882 0.597403 0.469180 0.073962 -0.244889 0.526829 0.309618 0.090496 0.352901 0.037898 0.235812 -0.361880 -0.277946 0.150282 0.026615 -0.114839 -0.250035 0.038935 0.000148 0.072978 0.244619 0.083740 -0.034717 -0.149829 -0.085573 0.041539 0.005910 -0.049371 -0.160567 0.138260 0.037334 0.187881 0.109353 0.086200 0.078548 -0.016812 0.051256 -0.110165 -0.124262 0.131528 -0.052323 0.053801 0.038807 -0.015988 -0.137460 0.022513 -0.065767 -0.115552 -0.116416 -0.436431 -0.433462 -0.122457 0.075698 0.012816 -0.046780 -0.142214 -0.205166 -0.223532 -0.088425 0.091920 0.037996
0.382559 1.000000 -0.248018 0.029420 -0.399000 0.117247 -0.158702 0.181922 0.026227 -0.017046 -0.052049 0.523933 0.021079 0.599057 -0.066936 0.390096 0.180419 0.509023 0.191798 0.383032 -0.198520 -0.113320 -0.362862 -0.582851 -0.528588 -0.357333 0.015698 0.201064 0.178249 0.114616 -0.464577 -0.414988 0.466574 0.107877 -0.312575 -0.406948 0.061129 0.085440 -0.119467 -0.090551 0.106272 0.142400 -0.471879 -0.442329 -0.437823 -0.428480 -0.148484 -0.280514 -0.003550 0.018073 -0.303722 0.179902 0.346835 0.014113 -0.234430 -0.192328 0.127071 0.497203 0.332769 0.356891 0.433467 0.544700 0.227785 0.435637 -0.348807 0.481216 -0.251769 -0.375404 0.399853 0.476626 -0.098924 -0.296711 0.212651 -0.059076 -0.061204 0.102170 -0.067265 -0.243868 -0.258471 -0.358361 0.225860 0.327662 0.016736 0.307551 0.072200 0.122541 0.125956 0.026251 -0.182660 0.001874 0.220990 0.207623 0.065615 -0.222872 -0.082525 -0.019587 0.005808 0.189394 0.018033 -0.098360 0.165336 -0.328047 0.028726 -0.274383 -0.147362 -0.213348 0.188692 0.105983 0.041842 -0.189218 -0.365856 -0.270362 -0.296927 -0.009570 0.044373 0.006180
0.105394 -0.248018 1.000000 0.085650 -0.012257 0.391134 0.293109 -0.013307 -0.232603 0.179433 0.266145 0.088957 0.110557 -0.143673 -0.145904 -0.453889 -0.443787 -0.492152 -0.018067 -0.511108 -0.010367 -0.152544 0.511805 0.133382 0.195302 0.384581 0.151497 0.293342 -0.394463 -0.381475 -0.089045 -0.186624 -0.052497 -0.486491 0.551339 0.289607 -0.197882 -0.380379 0.010769 -0.049047 0.126007 -0.182730 0.316349 0.539856 0.352891 0.349539 0.075761 0.360741 0.593127 0.104235 0.763650 0.463387 -0.204954 -0.027575 -0.027584 -0.167079 -0.149078 -0.382291 -0.184023 -0.265863 -0.068280 -0.332826 -0.290771 -0.453562 0.211754 -0.062386 0.371228 0.573047 -0.197475 -0.357615 -0.270203 -0.031115 -0.383310 -0.435603 -0.148126 -0.117591 -0.352027 -0.241740 -0.021229 0.217142 -0.599488 -0.640851 -0.412613 -0.591764 0.023008 0.103617 0.159480 -0.056500 0.278204 0.221483 -0.053017 -0.022809 -0.140351 0.105623 -0.112732 -0.274254 0.385178 0.136871 0.117709 0.144564 -0.031627 0.299927 -0.023718 0.122870 -0.069113 -0.128156 -0.079179 -0.107863 -0.179151 -0.269840 0.460474 0.213111 -0.094967 -0.064699 -0.137671 -0.129431
-0.088168 0.029420 0.085650 1.000000 0.046547 0.230174 0.083809 0.534729 -0.090909 -0.029748 -0.128114 0.323253 -0.350359 -0.074648 0.006868 -0.078403 -0.318548 -0.204037 0.055790 0.188647 0.138908 0.169543 0.238890 0.534138 0.035329 0.222062 0.175235 0.213996 -0.446177 -0.097917 0.286540 0.309909 -0.076207 0.047732 0.026048 0.077556 -0.342484 -0.186683 -0.016538 0.026448 -0.141259 -0.039991 -0.128538 0.107153 -0.120068 0.138782 -0.017328 0.024795 -0.181674 -0.095630 -0.097856 0.026630 -0.396091 -0.157336 -0.133045 -0.067103 -0.211756 -0.199413 -0.240700 -0.210782 -0.309464 -0.251833 -0.518068 -0.196076 0.090651 0.247459 -0.100957 0.330792 -0.213502 0.118537 -0.056219 0.056939 -0.373025 -0.010683 -0.028225 0.027191 -0.007853 0.163499 -0.233892 -0.018290 -0.495687 -0.516250 0.047571 0.009951 0.188966 0.378679 -0.101827 0.150864 0.374860 0.596418 0.052453 -0.090578 0.304749 0.151052 -0.269414 -0.284697 -0.014203 -0.027913 -0.178127 -0.197183 0.110639 0.005192 0.000140 -0.108816 -0.069683 -0.122911 -0.028990 -0.052533 -0.315924 -0.192665 -0.014924 0.022930 -0.010949 -0.215921 -0.344545 -0.197376
-0.183716 -0.399000 -0.012257 0.046547 1.000000 0.230175 0.291376 0.003509 0.449347 0.192728 -0.129330 -0.281506 -0.037079 -0.349208 0.190023 0.089586 0.069985 -0.230681 -0.014277 0.016952 0.165734 0.060631 -0.023573 0.395401 0.329846 -0.012534 0.536027 -0.047515 -0.035286 0.178534 0.464205 0.359624 -0.343186 -0.026899 -0.155809 0.218614 0.175003 -0.090169 -0.116275 -0.145357 0.082795 -0.065178 0.121759 0.136903 0.342874 0.308303 -0.257398 -0.151530 -0.193748 -0.004856 -0.073013 -0.306130 -0.227703 0.076060 0.011173 -0.094963 -0.048549 -0.165507 -0.090270 -0.148438 -0.149903 -0.219725 0.011970 -0.060305 0.366435 -0.227294 -0.047455 0.104781 -0.136326 -0.127457 -0.042722 0.158206 -0.116571 -0.034583 -0.002251 -0.081818 0.017465 -0.015399 0.373736 0.034054 0.068293 0.007962 0.329545 0.121201 0.015603 -0.067772 -0.123903 -0.003171 0.063704 -0.073933 -0.165327 -0.317297 -0.029960 0.061949 0.272126 -0.061153 -0.377582 -0.444775 -0.360432 -0.143665 -0.238785 -0.062105 -0.208748 -0.002172 0.053476 0.110189 -0.148087 0.018932 0.151657 -0.123698 -0.061235 0.052031 -0.215312 -0.109543 0.231910 0.223471
0.069299 0.117247 0.391134 0.230174 0.230175 1.000000 -0.016151 0.175062 0.015798 0.304477 -0.052832 0.185173 -0.033191 0.132480 -0.071953 0.079331 -0.325988 -0.203342 0.051624 -0.186830 0.142398 0.231818 0.250901 0.092430 0.187506 0.390825 0.576703 0.655050 -0.312836 -0.101283 -0.052035 -0.020955 -0.031040 -0.140926 0.217685 0.235081 0.045985 -0.237467 0.100705 0.064800 0.209616 0.256413 0.207832 0.437898 0.104158 0.182426 0.127120 0.386629 0.317843 0.231400 0.255540 0.467488 -0.043838 0.066745 -0.153155 -0.040177 -0.073742 -0.070439 -0.277599 -0.144262 -0.037208 -0.126475 -0.197295 -0.093993 -0.020313 0.241516 -0.083914 0.140644 -0.165635 -0.134352 -0.216891 0.125597 -0.398635 -0.247373 -0.221654 -0.018773 -0.218594 -0.194363 -0.088609 -0.114735 -0.398650 -0.411342 -0.117659 -0.120190 0.028485 0.030619 0.197456 -0.016353 0.198005 0.127461 0.021369 -0.210382 0.029165 -0.091019 0.009187 -0.415596 0.272360 0.235893 -0.008052 -0.039240 -0.104326 -0.005782 -0.163346 -0.138516 -0.214403 -0.336519 -0.334800 -0.288006 -0.111046 -0.310513 0.207562 0.320438 -0.238894 -0.109237 -0.081688 -0.122898
-0.048698 -0.158702 0.293109 0.083809 0.291376 -0.016151 1.000000 0.310192 0.068758 0.003129 -0.071677 0.043784 -0.015217 0.067149 0.000918 0.031122 0.052904 -0.222651 -0.021970 0.007831 -0.077592 -0.172300 -0.120881 0.109218 -0.010648 -0.228071 -0.002383 -0.258562 0.058394 -0.032874 0.169830 0.096385 -0.047099 0.000814 -0.124662 -0.036946 -0.024413 -0.050637 -0.229230 -0.215714 0.185142 -0.212488 -0.214899 -0.034767 0.193767 0.115769 -0.424047 -0.311948 -0.140673 -0.263884 0.037114 -0.223559 -0.033785 -0.105059 -0.265779 -0.566713 -0.281597 -0.298876 0.076996 -0.004985 0.063535 -0.075808 0.120345 -0.078739 0.469227 -0.073598 0.281607 0.170390 -0.100727 -0.120383 0.069994 -0.150581 0.019674 -0.133479 -0.007017 -0.103433 -0.068850 -0.058224 0.080619 -0.111130 0.025283 -0.019452 0.319475 0.087089 0.426156 0.294174 -0.062076 -0.157528 0.093852 0.140222 -0.077199 -0.155173 -0.093425 0.019662 0.121204 -0.115000 -0.406472 -0.480165 -0.469287 -0.323549 -0.069318 -0.056478 -0.095647 -0.166111 -0.002574 -0.048253 0.019560 0.162443 0.057247 -0.259880 -0.212369 -0.240045 -0.279443 0.021339 0.176757 0.231016
-0.183622 0.181922 -0.013307 0.534729 0.003509 0.175062 0.310192 1.000000 0.031266 0.129255 -0.490436 0.294762 -0.473758 0.377946 -0.299291 0.215344 -0.210333 -0.072655 -0.262700 0.052195 -0.175614 -0.040454 -0.166298 0.218235 0.175727 0.150900 -0.066908 -0.044706 -0.282238 0.164190 0.021685 0.257350 -0.054059 0.284300 -0.149292 0.176160 -0.308154 -0.194134 -0.188421 0.067672 -0.194839 -0.049433 -0.187307 0.122569 0.010980 0.163423 -0.139650 0.019561 -0.242621 0.055201 -0.223151 0.095943 -0.096534 -0.254445 -0.375492 -0.243575 -0.271882 -0.281211 -0.089709 0.083721 -0.117213 0.053914 -0.180496 0.096594 0.120660 0.524974 -0.157005 0.169212 -0.270273 0.177981 -0.082617 0.018520 -0.194886 -0.107815 -0.281208 -0.071396 -0.195425 -0.050133 -0.102293 -0.307047 -0.256730 -0.155542 0.149288 0.305821 0.139101 0.323735 -0.318242 -0.080333 0.085525 0.151175 0.031775 -0.284362 0.112851 -0.226729 -0.214726 -0.299747 0.015680 0.040759 -0.166424 -0.164505 -0.011416 -0.332928 -0.069776 -0.394848 -0.068362 -0.134305 0.052644 0.033896 -0.291342 -0.310166 -0.109523 0.023086 -0.022744 -0.151730 -0.042575 0.011263
-0.115885 0.026227 -0.232603 -0.090909 0.449347 0.015798 0.068758 0.031266 1.000000 0.580995 -0.013623 -0.022165 0.299603 0.234826 0.390005 0.596082 0.143346 0.199094 -0.054940 0.127596 0.160161 -0.042769 -0.208853 0.028424 0.014153 -0.211377 0.213068 -0.067831 0.172645 0.099254 0.050670 -0.021400 -0.244637 -0.047433 -0.112882 -0.000731 0.249570 -0.006056 -0.049741 -0.089357 0.080587 -0.013602 -0.284347 -0.204621 -0.012309 -0.051885 -0.365815 -0.303527 -0.218775 -0.067470 -0.238342 -0.216966 -0.117334 -0.132341 0.125748 -0.051749 -0.101396 -0.048732 0.020608 0.078535 0.116469 -0.016088 0.304707 0.113584 0.285377 0.084671 -0.207918 -0.091988 -0.049411 0.090522 0.186110 0.047811 0.176443 0.086292 0.152471 0.180624 0.096844 -0.115545 0.258366 -0.313046 0.282655 0.295875 0.119335 0.301780 -0.113348 -0.041942 -0.177280 0.031614 -0.146334 -0.137785 -0.063265 0.015978 0.007468 0.046850 -0.067659 0.088771 -0.323357 -0.187363 -0.230608 -0.093841 -0.070615 -0.269522 -0.087575 -0.080829 0.057929 0.066913 0.035900 0.106333 -0.010206 0.168241 -0.117017 -0.099442 -0.030925 -0.111785 0.212710 -0.166672
-0.037870 -0.017046 0.179433 -0.029748 0.192728 0.304477 0.003129 0.129255 0.580995 1.000000 0.072055 0.127815 0.299907 0.332315 0.104717 0.322804 -0.156560 -0.132679 -0.011227 -0.175149 0.026994 -0.149341 0.008561 0.060109 0.107528 0.088145 0.071866 -0.025634 -0.197135 -0.148465 -0.185011 -0.237390 -0.225365 -0.251750 0.152852 0.244487 -0.098084 -0.141731 -0.154303 -0.053524 -0.069552 -0.167056 0.036359 0.241550 0.144203 0.170942 0.008404 0.173402 0.009421 0.123637 0.034820 0.160910 -0.065788 -0.056702 0.016502 -0.054456 -0.219562 -0.265236 -0.165312 -0.033374 -0.028601 -0.139975 0.038971 -0.168653 0.123893 0.200689 -0.087959 0.212808 -0.218418 -0.043917 -0.023044 -0.078877 -0.172310 -0.231996 -0.071776 0.099661 -0.043164 -0.148783 0.083991 -0.345639 -0.167925 -0.129131 -0.218287 -0.064583 -0.192252 -0.061887 -0.103219 -0.042997 -0.106348 -0.061430 0.126814 0.132087 0.183439 0.179049 -0.084702 -0.089796 0.062747 0.113576 0.091691 0.086458 0.166551 0.098102 0.177479 0.126436 0.165831 0.024907 0.029112 -0.012898 -0.161564 0.137891 0.354445 0.284328 0.023083 0.008334 0.171648 -0.295613
0.381392 -0.052049 0.266145 -0.128114 -0.129330 -0.052832 -0.071677 -0.490436 -0.013623 0.072055 1.000000 0.261428 0.695495 -0.037278 0.575254 -0.206561 -0.022562 -0.011893 0.093869 -0.262695 0.033683 -0.304315 0.412682 -0.030440 -0.348718 -0.031164 0.004539 0.204523 -0.014171 -0.307845 -0.144166 -0.412422 -0.002007 -0.541895 0.338095 -0.259342 0.045060 -0.197818 0.214690 -0.066299 -0.039898 -0.177132 0.037953 -0.067546 -0.141859 -0.229274 0.085991 0.065050 0.481843 -0.111941 0.494418 0.193254 -0.094621 0.120153 0.148256 0.048227 0.097606 0.005404 -0.103530 -0.358330 0.170085 -0.174630 -0.028410 -0.201291 0.186591 -0.101385 -0.056761 0.001998 -0.123757 -0.281639 0.010068 -0.250522 -0.099143 -0.093690 0.095319 0.139725 -0.092139 -0.183752 -0.106416 0.203105 -0.168131 -0.233436 -0.229346 -0.442026 0.215668 0.113919 0.316720 0.105649 0.316621 0.257224 0.112022 0.225573 0.025108 0.214517 0.029160 0.056757 0.171261 0.109995 0.237501 0.089095 0.183703 0.322318 0.087086 0.278058 -0.126524 -0.165152 -0.129835 -0.072504 0.145901 0.250111 0.163176 -0.050928 -0.019531 0.001511 -0.097285 -0.257168
0.139431 0.523933 0.088957 0.323253 -0.281506 0.185173 0.043784 0.294762 -0.022165 0.127815 0.261428 1.000000 0.224066 0.528448 0.127517 0.248622 -0.224822 0.210998 -0.003468 0.075059 -0.139393 -0.165482 0.013099 -0.157487 -0.399972 -0.087044 -0.008679 0.155359 -0.055342 -0.074679 -0.330732 -0.323739 0.318593 0.033515 -0.063199 -0.268962 -0.094508 -0.236062 -0.009078 -0.000612 0.085466 0.007996 -0.329789 -0.172378 -0.273732 -0.200948 -0.070921 -0.045187 0.121580 -0.061904 0.037835 0.266607 -0.027174 -0.151078 -0.252939 -0.172337 -0.197495 -0.073486 -0.027987 0.019141 0.159646 0.047998 -0.118242 -0.042801 -0.041755 0.368560 -0.172394 0.102268 -0.057897 0.270904 -0.169688 -0.084248 -0.052213 -0.221736 -0.099644 0.103042 -0.235680 -0.267508 -0.152765 -0.175934 -0.195367 -0.143899 0.002587 0.172187 0.385704 0.504583 0.295104 0.266489 0.167014 0.365572 0.040373 -0.030099 0.097032 -0.135283 -0.224677 -0.193058 0.165519 0.284451 0.017052 -0.165033 0.201143 -0.198981 0.015690 -0.225768 -0.145828 -0.261897 0.113167 -0.047495 -0.183711 -0.131342 -0.152394 -0.121058 -0.136309 -0.264117 -0.119965 -0.198480
0.271731 0.021079 0.110557 -0.350359 -0.037079 -0.033191 -0.015217 -0.473758 0.299603 0.299907 0.695495 0.224066 1.000000 0.175251 0.418488 0.160916 0.172703 0.220062 -0.022050 -0.284570 0.077530 -0.262250 0.133784 -0.218971 -0.275002 -0.112799 -0.000884 0.026055 0.200622 -0.240572 -0.250403 -0.464001 0.033303 -0.359013 0.193867 -0.166451 0.203015 -0.001190 0.104187 -0.004810 0.203874 -0.006304 -0.069185 -0.138283 -0.122358 -0.220373 -0.009817 -0.048195 0.362206 -0.050082 0.341366 0.178740 0.026954 0.018160 0.175624 0.006143 0.100152 -0.012445 -0.109839 -0.217774 0.357074 -0.039129 0.339599 0.021349 0.237143 -0.057068 -0.161954 -0.068243 -0.153476 -0.270339 0.041470 -0.160207 0.127283 -0.045204 0.142799 0.203513 -0.057195 -0.144602 -0.031174 0.041994 0.078298 0.017757 -0.279336 -0.256937 -0.066339 0.090330 0.239355 0.005261 -0.147248 0.021024 0.060107 0.245151 -0.015741 0.160698 0.074796 0.141158 0.052086 0.037468 0.144855 0.040952 0.173893 0.207643 0.012839 0.244412 -0.037029 -0.139471 -0.024095 -0.095060 0.138248 0.286670 0.130011 -0.017851 -0.099538 0.050224 -0.011451 -0.262857
0.096407 0.599057 -0.143673 -0.074648 -0.349208 0.132480 0.067149 0.377946 0.234826 0.332315 -0.037278 0.528448 0.175251 1.000000 0.039284 0.630414 -0.016307 0.367344 -0.058281 0.042266 -0.190636 -0.121078 -0.197401 -0.400488 -0.241806 -0.106959 -0.145828 0.048783 0.257582 0.175844 -0.429446 -0.330983 0.189346 0.072134 -0.097229 -0.158555 0.044440 0.035931 -0.085299 0.080927 0.074784 0.171646 -0.384309 -0.276025 -0.369502 -0.343945 -0.147551 -0.100883 -0.052568 0.017287 -0.168727 0.229013 0.308014 -0.173051 -0.348654 -0.317284 -0.131527 0.021349 0.038814 0.153167 0.349152 0.386382 0.253593 0.301213 0.062264 0.653343 -0.353567 -0.286116 0.014568 0.239158 0.026085 -0.128829 0.202470 -0.191757 -0.179472 0.112620 -0.159607 -0.300303 -0.147009 -0.458301 0.134833 0.239641 0.055730 0.386552 0.174186 0.159329 0.071631 -0.074326 -0.026567 -0.119207 0.190833 0.060804 -0.070163 -0.334214 -0.227985 -0.143071 0.166568 0.214209 0.109452 0.020235 0.112919 -0.371538 0.080374 -0.350950 -0.069600 -0.278667 0.132124 -0.144208 -0.122138 -0.088797 -0.231153 -0.116683 -0.112443 0.077489 0.056238 -0.129466
0.097776 -0.066936 -0.145904 0.006868 0.190023 -0.071953 0.000918 -0.299291 0.390005 0.104717 0.575254 0.127517 0.418488 0.039284 1.000000 0.135784 -0.028088 0.129463 0.006101 0.018747 0.095138 -0.099925 0.270689 0.068798 -0.191838 -0.035219 0.177523 0.217527 0.268689 0.095864 0.206238 0.044958 -0.012882 -0.235710 0.124384 -0.258698 0.304125 0.001243 0.343583 0.109688 0.033925 0.068050 -0.193033 -0.267340 -0.391102 -0.376880 -0.221715 -0.220767 -0.005817 -0.372188 0.081018 -0.203952 -0.224331 -0.132113 0.028091 -0.061769 0.027944 0.083266 -0.043837 -0.328214 0.033713 -0.069590 -0.101658 0.007767 0.365670 0.039292 -0.282959 -0.311692 -0.027457 -0.077351 0.076035 -0.093158 0.050809 0.101952 0.231454 0.236247 0.034766 -0.076287 -0.001626 0.142111 0.097957 0.027806 0.317264 0.161449 0.323906 0.206958 0.322276 0.318463 0.381347 0.202683 -0.162578 -0.127083 -0.026875 0.041530 0.012728 0.090998 -0.084186 -0.078135 -0.113361 -0.155677 -0.075009 -0.104158 -0.100374 -0.080632 -0.086881 -0.088261 0.031153 -0.061865 0.223924 0.105416 -0.229239 -0.287863 -0.029941 -0.030967 0.028990 -0.097540
-0.055444 0.390096 -0.453889 -0.078403 0.089586 0.079331 0.031122 0.215344 0.596082 0.322804 -0.206561 0.248622 0.160916 0.630414 0.135784 1.000000 0.263046 0.499069 -0.081363 0.328690 0.030925 0.078795 -0.271622 -0.144922 -0.143395 -0.219446 0.018431 -0.018108 0.389568 0.241968 -0.099322 -0.085051 0.115714 0.221121 -0.309057 -0.206614 0.323822 0.149352 -0.193521 -0.069306 0.135889 0.266899 -0.437555 -0.441474 -0.326249 -0.359757 -0.298881 -0.339900 -0.367891 -0.086762 -0.491809 -0.193847 0.216501 -0.076067 -0.275816 -0.190740 -0.076926 0.094397 0.164615 0.277600 0.276935 0.395453 0.459684 0.421370 0.104482 0.331567 -0.387565 -0.383367 0.133693 0.380475 0.160804 -0.019704 0.319727 0.094338 0.082093 0.219498 -0.000296 -0.173711 0.105602 -0.487935 0.399339 0.506873 0.247836 0.654307 0.090272 0.034449 -0.186639 -0.046618 -0.144636 -0.315838 0.100147 0.035890 -0.078273 -0.219224 -0.067586 -0.107824 -0.189590 -0.100093 -0.208137 -0.236010 -0.121117 -0.545565 -0.180659 -0.455248 -0.025293 -0.027256 0.056134 -0.139959 0.010986 -0.000895 -0.451829 -0.101110 -0.156030 -0.064877 0.203537 -0.033968
0.245284 0.180419 -0.443787 -0.318548 0.069985 -0.325988 0.052904 -0.210333 0.143346 -0.156560 -0.022562 -0.224822 0.172703 -0.016307 -0.028088 0.263046 1.000000 0.483235 0.072352 0.300375 0.108707 -0.012484 -0.385287 -0.244741 -0.129510 -0.420711 0.028926 -0.264830 0.410948 0.042439 0.017321 -0.059859 0.143131 0.171885 -0.409454 -0.317810 0.272760 0.408181 -0.200894 -0.190813 0.079223 0.048972 -0.382488 -0.507297 -0.144533 -0.308831 -0.273670 -0.496606 -0.312592 -0.234034 -0.355413 -0.413620 0.274252 0.112840 0.065221 -0.014634 0.478370 0.501193 0.337363 0.169250 0.377584 0.278090 0.587452 0.535299 0.026496 -0.121258 -0.074454 -0.419788 0.273372 0.110934 0.152207 -0.212558 0.474233 0.420915 0.277615 0.190745 0.363328 0.206248 0.158913 -0.089261 0.613324 0.603334 0.059833 0.153352 0.000140 -0.080603 -0.284593 -0.202600 -0.366227 -0.268018 -0.084205 0.068275 -0.187449 -0.141031 0.363149 0.171940 -0.517067 -0.414833 -0.292582 -0.235876 -0.138631 -0.138824 -0.167105 -0.017200 -0.129869 -0.039853 0.005394 0.176283 0.339438 0.174949 -0.476168 -0.375076 -0.267951 0.096721 0.108067 0.169880
0.261171 0.509023 -0.492152 -0.204037 -0.230681 -0.203342 -0.222651 -0.072655 0.199094 -0.132679 -0.011893 0.210998 0.220062 0.367344 0.129463 0.499069 0.483235 1.000000 0.006176 0.281632 0.048615 -0.196737 -0.300052 -0.381027 -0.324961 -0.241618 -0.096764 -0.015573 0.504677 0.329419 -0.220631 -0.179699 0.305092 0.292183 -0.212666 -0.371757 0.343699 0.293248 -0.185824 -0.137755 0.076012 0.388200 -0.448217 -0.573708 -0.463419 -0.535753 -0.206656 -0.354063 -0.152894 -0.097767 -0.324045 -0.181838 0.246207 -0.060562 -0.210842 -0.034386 0.357187 0.531035 0.162924 0.092261 0.432936 0.436867 0.526797 0.657936 -0.061661 0.167062 -0.413923 -0.534536 0.217645 0.171266 0.131005 0.100683 0.532020 0.396110 0.211287 0.285078 0.066981 0.000990 -0.126607 -0.029868 0.435577 0.623163 -0.026315 0.407022 0.049757 0.109616 0.013858 -0.058317 -0.166763 -0.220092 0.046493 0.013108 -0.192887 -0.366369 -0.108449 0.122659 -0.127955 0.040563 0.033402 -0.039430 -0.087780 -0.430859 -0.162693 -0.311127 -0.240426 -0.191585 0.103315 -0.140985 0.185323 0.165263 -0.446653 -0.374842 -0.174615 -0.028020 -0.068225 -0.141325
0.088190 0.191798 -0.018067 0.055790 -0.014277 0.051624 -0.021970 -0.262700 -0.054940 -0.011227 0.093869 -0.003468 -0.022050 -0.058281 0.006101 -0.081363 0.072352 0.006176 1.000000 0.412931 0.116041 0.111941 -0.000949 -0.118202 -0.102070 -0.129469 0.085074 0.040027 -0.016680 -0.239227 0.087301 -0.140265 0.025223 -0.083079 -0.181507 -0.141946 -0.142243 0.038486 -0.202347 -0.332868 -0.177190 -0.212252 -0.026634 -0.111952 -0.083466 -0.119432 0.063682 -0.024956 -0.125257 -0.079090 -0.100868 -0.120062 0.061450 0.408864 -0.014428 0.020279 -0.072433 0.249308 0.238001 0.213206 0.013773 0.049355 -0.019458 -0.017604 -0.266101 -0.193252 0.237022 -0.016076 0.566027 0.165712 0.174261 0.035096 -0.011486 0.015226 -0.030144 -0.091700 0.092833 0.041731 -0.101041 -0.082320 0.160154 0.062691 -0.039362 -0.093851 -0.031343 -0.224993 0.143376 -0.021048 -0.049925 -0.099244 0.115709 0.232614 0.078882 0.192323 0.007195 -0.129255 -0.168269 -0.139494 -0.026714 0.000575 -0.009170 0.059847 0.000316 0.179136 0.004131 0.114238 -0.178218 -0.174358 0.017762 -0.077304 0.057264 -0.022445 -0.167096 -0.048070 -0.123879 -0.054913
0.059643 0.383032 -0.511108 0.188647 0.016952 -0.186830 0.007831 0.052195 0.127596 -0.175149 -0.262695 0.075059 -0.284570 0.042266 0.018747 0.328690 0.300375 0.281632 0.412931 1.000000 -0.047237 0.101015 -0.258532 0.004643 -0.363584 -0.435096 -0.066248 -0.161070 0.126022 0.090472 0.138335 0.087934 0.214553 0.385444 -0.716410 -0.351379 0.012953 0.209885 -0.243535 -0.237173 -0.186673 -0.061970 -0.365724 -0.602380 -0.313210 -0.361156 -0.210505 -0.502708 -0.581588 -0.368892 -0.747979 -0.541777 0.045472 0.104423 -0.218074 -0.087980 -0.019098 0.419925 0.370328 0.369843 -0.115832 0.332503 0.001761 0.240699 -0.323077 -0.078331 -0.083142 -0.319937 0.515064 0.661598 0.177792 -0.155477 0.205104 0.272171 0.073313 -0.030587 0.221379 0.117253 0.021938 -0.087284 0.453185 0.471109 0.413641 0.536975 0.085455 -0.129388 -0.126178 0.181206 -0.111815 -0.132558 0.210678 0.231548 0.308900 0.205025 0.153477 0.084216 -0.453080 -0.254698 -0.398205 -0.414561 0.060066 -0.226046 -0.007457 -0.141418 0.133882 0.190517 0.138671 0.202241 0.041757 0.001373 -0.427851 -0.229828 -0.093417 -0.026609 0.207360 0.299057
-0.050594 -0.198520 -0.010367 0.138908 0.165734 0.142398 -0.077592 -0.175614 0.160161 0.026994 0.033683 -0.139393 0.077530 -0.190636 0.095138 0.030925 0.108707 0.048615 0.116041 -0.047237 1.000000 0.487368 0.050554 0.178041 0.221912 0.180533 0.284401 0.212896 0.045728 0.117287 0.247379 0.188914 -0.248604 -0.190545 0.067038 -0.050401 0.163361 0.181308 0.246558 0.207479 0.251945 0.257496 -0.031311 0.023676 -0.038473 -0.045266 0.139951 0.090476 0.106319 -0.009353 0.015750 -0.180912 -0.102305 0.165638 0.223502 0.322334 0.147814 0.110060 -0.243915 -0.342837 0.032657 -0.258467 -0.003971 0.100686 -0.001439 -0.194678 -0.143929 -0.124593 -0.139005 -0.376389 0.415007 0.383502 0.238888 0.417261 0.189905 0.355354 0.491536 0.348398 -0.041686 -0.004900 -0.099047 -0.092833 -0.159707 -0.045347 -0.123238 -0.130139 -0.048020 0.084328 0.074141 0.016303 -0.061790 -0.101702 -0.068260 0.049450 -0.247711 -0.075065 0.003615 -0.063730 0.105278 0.116894 -0.054385 0.087397 -0.100110 0.058818 -0.000266 -0.160706 -0.351076 -0.266400 -0.260443 0.144428 -0.039796 0.090620 0.072467 -0.139387 -0.345412 -0.354005
-0.219378 -0.113320 -0.152544 0.169543 0.060631 0.231818 -0.172300 -0.040454 -0.042769 -0.149341 -0.304315 -0.165482 -0.262250 -0.121078 -0.099925 0.078795 -0.012484 -0.196737 0.111941 0.101015 0.487368 1.000000 0.055738 0.174343 0.339055 0.232296 0.272864 0.199494 -0.007307 0.070607 0.282338 0.340659 -0.080995 0.183380 -0.032211 0.131955 0.001085 0.229894 0.264568 0.302513 0.231390 0.347869 0.117626 0.137074 -0.005739 0.091497 0.165426 0.148134 -0.128447 0.060878 -0.186190 -0.113549 0.121838 0.176881 0.120776 0.252509 -0.081732 0.003442 -0.018761 -0.020858 -0.181078 -0.122037 -0.221686 -0.015244 -0.189583 -0.009890 -0.039229 -0.085489 0.016149 -0.016922 0.171572 0.368935 0.010985 0.198111 0.118827 0.132814 0.322033 0.416866 0.033492 -0.134936 -0.073655 -0.129151 0.179154 0.130191 -0.091195 -0.187325 0.077616 0.081888 0.013264 -0.048905 -0.164278 -0.122267 -0.042320 -0.048458 -0.095338 -0.158637 -0.009631 -0.061385 -0.072098 0.011706 -0.148679 0.010471 -0.143092 -0.105025 -0.065087 -0.029514 -0.187319 -0.198858 -0.259685 -0.006313 -0.084763 0.166872 0.186070 -0.072391 -0.122180 0.000667
0.071016 -0.362862 0.511805 0.238890 -0.023573 0.250901 -0.120881 -0.166298 -0.208853 0.008561 0.412682 0.013099 0.133784 -0.197401 0.270689 -0.271622 -0.385287 -0.300052 -0.000949 -0.258532 0.050554 0.055738 1.000000 0.471221 0.270321 0.657970 0.117172 0.439183 -0.277829 -0.222985 0.143826 0.058019 -0.002789 -0.319707 0.507927 0.166982 -0.163771 -0.300254 0.240209 0.234673 -0.057133 0.098309 0.381763 0.338223 -0.088471 -0.019675 0.246248 0.420770 0.322394 -0.092903 0.511593 0.217254 -0.246179 0.029207 -0.086720 0.036551 -0.104425 -0.188111 -0.245810 -0.481757 -0.332287 -0.249445 -0.519379 -0.304323 0.190939 -0.074482 -0.071339 0.210443 -0.206359 -0.198037 -0.127225 0.101586 -0.348343 -0.179478 0.020275 0.072435 -0.210388 -0.106690 0.038208 0.322738 -0.544827 -0.559361 -0.143363 -0.321604 0.008253 -0.087598 0.109869 0.097865 0.587064 0.115612 -0.003594 -0.091362 -0.050559 0.122902 -0.090496 -0.248108 0.510977 0.265859 0.171683 0.059575 -0.254564 0.135981 -0.169693 -0.009355 -0.124558 -0.136246 -0.137856 -0.353702 -0.166817 -0.077134 0.309547 0.242059 0.151607 -0.221675 -0.143087 -0.114378
-0.259306 -0.582851 0.133382 0.534138 0.395401 0.092430 0.109218 0.218235 0.028424 0.060109 -0.030440 -0.157487 -0.218971 -0.400488 0.068798 -0.144922 -0.244741 -0.381027 -0.118202 0.004643 0.178041 0.174343 0.471221 1.000000 0.446476 0.459947 0.145511 0.063081 -0.295971 -0.032898 0.638370 0.627580 -0.376047 0.079185 0.110621 0.259209 -0.321789 -0.233633 0.006341 0.020518 -0.255108 -0.054845 0.265739 0.303079 0.165696 0.267663 0.087190 0.166626 -0.211167 -0.124842 0.021480 -0.241297 -0.511510 -0.049175 -0.119272 -0.018549 -0.202362 -0.364508 -0.442761 -0.464363 -0.570450 -0.486903 -0.394006 -0.298716 0.199895 -0.255415 -0.085915 0.319627 -0.456936 -0.177489 -0.055428 0.196761 -0.328047 -0.040414 -0.092841 -0.013291 0.012829 0.166038 0.107717 0.135731 -0.425889 -0.407130 0.168381 -0.006906 0.031928 -0.022068 -0.249017 0.103299 0.332034 0.207539 -0.054883 -0.171385 0.229604 0.281522 -0.008036 -0.128121 0.012453 -0.146215 -0.127026 -0.099518 -0.101339 0.127456 -0.075255 0.042492 0.019205 0.070108 -0.107173 -0.141611 -0.157152 0.103835 0.208014 0.304078 0.278595 -0.056739 -0.100825 -0.050548
-0.323169 -0.528588 0.195302 0.035329 0.329846 0.187506 -0.010648 0.175727 0.014153 0.107528 -0.348718 -0.399972 -0.275002 -0.241806 -0.191838 -0.143395 -0.129510 -0.324961 -0.102070 -0.363584 0.221912 0.339055 0.270321 0.446476 1.000000 0.708237 0.110378 0.045227 -0.071865 0.193751 0.510878 0.598315 -0.283142 0.137693 0.266257 0.538783 -0.151757 -0.070134 0.115325 0.268231 0.014706 0.183527 0.385142 0.598147 0.306130 0.372064 0.179239 0.430139 -0.061685 0.052271 0.211705 -0.062107 -0.193914 -0.038959 -0.007391 0.067312 -0.117258 -0.306909 -0.399866 -0.319511 -0.377624 -0.384569 -0.174580 -0.119963 0.180994 -0.103103 0.010235 0.177003 -0.279537 -0.295103 -0.074614 0.450063 -0.034949 -0.012968 0.005455 0.127637 0.089687 0.265907 0.267020 0.028026 -0.235146 -0.220756 0.049839 -0.008675 -0.249232 -0.280816 -0.181712 -0.180965 0.019821 -0.305364 -0.409612 -0.517531 -0.229963 -0.166675 -0.042728 -0.161157 0.250660 -0.004535 0.039980 0.061528 -0.399781 -0.029948 -0.268574 -0.099380 -0.113772 0.038228 -0.282372 -0.347205 -0.177908 -0.034335 0.297918 0.334845 0.256928 -0.120909 -0.071088 -0.018707
-0.106096 -0.357333 0.384581 0.222062 -0.012534 0.390825 -0.228071 0.150900 -0.211377 0.088145 -0.031164 -0.087044 -0.112799 -0.106959 -0.035219 -0.219446 -0.420711 -0.241618 -0.129469 -0.435096 0.180533 0.232296 0.657970 0.459947 0.708237 1.000000 0.118972 0.433295 -0.247818 0.076330 0.245855 0.374163 -0.111736 -0.072793 0.532246 0.416000 -0.177085 -0.249252 0.286947 0.358300 -0.083068 0.298620 0.386228 0.598502 -0.021033 0.111378 0.354787 0.627810 0.255202 0.054771 0.444373 0.273410 -0.238086 -0.063881 -0.068946 0.129452 -0.041880 -0.257184 -0.519507 -0.562690 -0.341325 -0.353731 -0.439065 -0.176752 0.055543 0.061610 -0.195309 0.160907 -0.380102 -0.349315 -0.108299 0.371361 -0.239940 -0.099862 -0.078683 0.184174 -0.106082 0.052034 0.026501 0.169749 -0.546537 -0.506672 -0.203548 -0.167938 -0.139390 -0.136623 0.069465 -0.010247 0.287543 -0.104390 -0.245675 -0.414217 -0.105410 -0.157160 -0.184409 -0.258550 0.665486 0.442842 0.295065 0.153106 -0.306507 -0.004266 -0.218503 -0.115789 -0.216128 -0.125552 -0.243725 -0.510339 -0.255180 -0.058275 0.423080 0.396704 0.280243 -0.179209 -0.249336 -0.217813
0.035152 0.015698 0.151497 0.175235 0.536027 0.576703 -0.002383 -0.066908 0.213068 0.071866 0.004539 -0.008679 -0.000884 -0.145828 0.177523 0.018431 0.028926 -0.096764 0.085074 -0.066248 0.284401 0.272864 0.117172 0.145511 0.110378 0.118972 1.000000 0.601931 -0.112915 -0.024079 0.157460 0.118012 0.020051 -0.173531 0.105779 0.042748 0.216415 -0.048823 0.124847 0.021598 0.225747 0.190729 0.007261 0.157608 0.001826 0.065485 -0.153355 0.025114 0.068887 0.048613 0.141034 0.094361 -0.075761 0.106642 0.135415 0.016796 0.205563 0.152462 -0.086546 -0.175280 0.051983 -0.074939 -0.119635 0.026483 0.052653 -0.011403 -0.085606 -0.029256 0.008818 -0.199759 -0.143001 -0.008490 -0.250292 -0.016645 0.014174 -0.005636 0.034803 -0.101354 0.128374 0.033606 -0.116781 -0.168525 0.032829 -0.072680 0.063372 0.129363 0.104039 0.001015 0.131578 0.166492 -0.182752 -0.248315 -0.095932 -0.200792 0.081404 -0.106153 -0.104300 -0.067098 -0.183759 -0.029330 -0.175171 -0.078817 -0.159437 -0.046212 -0.145460 -0.149693 -0.072389 -0.098683 0.153786 -0.238022 -0.108547 -0.058483 -0.330657 -0.092042 -0.063327 -0.051892
0.191439 0.201064 0.293342 0.213996 -0.047515 0.655050 -0.258562 -0.044706 -0.067831 -0.025634 0.204523 0.155359 0.026055 0.048783 0.217527 -0.018108 -0.264830 -0.015573 0.040027 -0.161070 0.212896 0.199494 0.439183 0.063081 0.045227 0.433295 0.601931 1.000000 -0.125248 -0.055917 -0.004243 -0.001535 0.173856 -0.287148 0.381572 -0.097442 0.166150 -0.134522 0.402653 0.199867 0.211426 0.417077 -0.013274 0.164817 -0.317729 -0.240939 0.083685 0.255845 0.395273 0.012314 0.351994 0.443455 -0.084421 -0.023647 0.016314 0.081126 0.177337 0.187098 -0.200184 -0.285458 0.033690 -0.058252 -0.231940 -0.000391 -0.081855 0.198141 -0.183944 -0.164375 -0.030548 -0.214469 -0.108780 -0.034831 -0.205676 0.011468 -0.005960 0.162610 -0.116446 -0.224650 -0.084915 0.043979 -0.321814 -0.299231 -0.144901 -0.138349 0.003405 0.042116 0.189742 0.006814 0.279611 0.124152 -0.056497 -0.164583 -0.038049 -0.202489 -0.047834 -0.214690 0.439187 0.383507 0.144044 0.041028 -0.131426 -0.108317 -0.151893 -0.184282 -0.285797 -0.342123 -0.224003 -0.232357 0.034463 -0.207413 0.020196 0.080640 -0.156163 -0.093370 -0.251800 -0.181136
-0.094051 0.178249 -0.394463 -0.446177 -0.035286 -0.312836 0.058394 -0.282238 0.172645 -0.197135 -0.014171 -0.055342 0.200622 0.257582 0.268689 0.389568 0.410948 0.504677 -0.016680 0.126022 0.045728 -0.007307 -0.277829 -0.295971 -0.071865 -0.247818 -0.112915 -0.125248 1.000000 0.515731 0.074431 0.058116 0.179204 0.220680 -0.245416 -0.397626 0.526359 0.390094 0.081842 -0.058779 0.319354 0.356920 -0.369886 -0.488509 -0.352144 -0.493050 -0.260244 -0.430850 -0.248315 -0.342142 -0.210352 -0.369056 0.076540 -0.124686 -0.204751 -0.248117 0.015176 0.215379 0.199668 0.090734 0.287181 0.226537 0.573883 0.353784 0.099270 -0.131014 -0.095803 -0.568724 0.253733 0.060340 0.155297 0.016470 0.785208 0.310877 0.213286 0.251940 0.249865 -0.018998 0.203848 0.082914 0.629691 0.726648 0.311920 0.537945 0.057301 -0.102529 0.041348 -0.022980 -0.188839 -0.388706 -0.147503 -0.047619 -0.360371 -0.289702 0.088065 0.234841 -0.135100 -0.160081 -0.039959 -0.084196 -0.270186 -0.372676 -0.136862 -0.292450 -0.083484 0.011432 0.194968 -0.128686 0.347299 0.187636 -0.453637 -0.360576 -0.091609 0.187211 0.032029 0.014810
-0.184525 0.114616 -0.381475 -0.097917 0.178534 -0.101283 -0.032874 0.164190 0.099254 -0.148465 -0.307845 -0.074679 -0.240572 0.175844 0.095864 0.241968 0.042439 0.329419 -0.239227 0.090472 0.117287 0.070607 -0.222985 -0.032898 0.193751 0.076330 -0.024079 -0.055917 0.515731 1.000000 0.203931 0.304191 -0.020569 0.276071 -0.245983 -0.068126 0.328519 0.241433 0.133435 0.230476 0.203366 0.461635 -0.129916 -0.136469 -0.245471 -0.219369 -0.016336 -0.093270 -0.237412 -0.055271 -0.330692 -0.283190 0.015894 -0.091663 -0.308953 -0.115393 0.070068 0.125504 -0.086473 -0.158201 -0.066067 0.038330 0.078777 0.245128 -0.002204 0.004286 -0.414394 -0.463963 -0.091614 0.019550 0.101263 0.256156 0.479715 0.261352 0.132797 0.304155 0.180088 0.047240 0.202290 0.110287 0.208436 0.411480 0.340671 0.594275 -0.053833 -0.203613 0.002840 -0.123394 -0.064990 -0.382653 -0.058728 -0.323781 -0.034458 -0.266058 -0.061469 0.180871 0.064110 0.080710 0.075907 0.062027 -0.197734 -0.312313 -0.052859 -0.329792 0.003505 0.001357 0.020894 -0.113529 0.115356 0.051461 -0.305489 -0.061317 0.117847 0.122322 0.055281 0.053675
-0.246304 -0.464577 -0.089045 0.286540 0.464205 -0.052035 0.169830 0.021685 0.050670 -0.185011 -0.144166 -0.330732 -0.250403 -0.429446 0.206238 -0.099322 0.017321 -0.220631 0.087301 0.138335 0.247379 0.282338 0.143826 0.638370 0.510878 0.245855 0.157460 -0.004243 0.074431 0.203931 1.000000 0.807933 -0.289197 0.203491 -0.059311 0.102335 -0.019122 0.039356 0.167554 0.082742 -0.039554 0.142067 0.157796 0.152435 0.086140 0.107661 0.035561 -0.005906 -0.354308 -0.280446 -0.097400 -0.538633 -0.391347 -0.040242 -0.023764 0.021649 -0.034661 -0.125835 -0.296681 -0.354669 -0.431656 -0.380580 -0.172063 -0.107682 0.158778 -0.349609 -0.035870 -0.038715 -0.138950 -0.127789 0.061194 0.289375 -0.009535 0.194628 0.104392 0.125716 0.210372 0.334703 0.124750 0.160120 -0.013268 -0.059296 0.434548 0.203018 0.006722 -0.094479 -0.100635 0.025827 0.047561 -0.008223 -0.319875 -0.396382 0.004287 0.065565 0.107028 -0.012304 -0.166642 -0.350493 -0.195931 -0.137138 -0.259861 -0.028377 -0.270589 -0.110573 -0.161977 0.018757 -0.142408 -0.067830 0.014997 0.037231 -0.095051 0.065104 0.216486 0.041671 -0.137730 0.142017
-0.227712 -0.414988 -0.186624 0.309909 0.359624 -0.020955 0.096385 0.257350 -0.021400 -0.237390 -0.412422 -0.323739 -0.464001 -0.330983 0.044958 -0.085051 -0.059859 -0.179699 -0.140265 0.087934 0.188914 0.340659 0.058019 0.627580 0.598315 0.374163 0.118012 -0.001535 0.058116 0.304191 0.807933 1.000000 -0.193521 0.467648 -0.049871 0.257323 -0.056797 0.069402 0.209770 0.234312 -0.050786 0.239932 0.112994 0.186816 0.086755 0.150193 -0.026467 0.024865 -0.378025 -0.266200 -0.198204 -0.456839 -0.399638 -0.205538 -0.086133 -0.012607 0.011583 -0.109036 -0.314385 -0.371736 -0.370788 -0.263550 -0.202507 0.038913 0.177164 -0.144185 -0.206907 -0.082804 -0.223174 -0.144221 -0.084351 0.324815 0.033651 0.165975 -0.029499 0.092326 0.228250 0.385311 0.114100 0.127783 -0.019451 -0.040295 0.487180 0.375709 0.010967 -0.053305 -0.165243 0.184211 0.076524 -0.043551 -0.460616 -0.572336 -0.089843 -0.147324 0.057437 0.000335 -0.075067 -0.216917 -0.211819 -0.183145 -0.329625 -0.239608 -0.284592 -0.292934 -0.182772 -0.022744 -0.108843 -0.097579 -0.050603 -0.003992 -0.122961 0.035535 0.305456 -0.075937 -0.146793 0.147175
0.432655 0.466574 -0.052497 -0.076207 -0.343186 -0.031040 -0.047099 -0.054059 -0.244637 -0.225365 -0.002007 0.318593 0.033303 0.189346 -0.012882 0.115714 0.143131 0.305092 0.025223 0.214553 -0.248604 -0.080995 -0.002789 -0.376047 -0.283142 -0.111736 0.020051 0.173856 0.179204 -0.020569 -0.289197 -0.193521 1.000000 0.282436 -0.081706 -0.293796 0.194651 0.010075 0.002140 -0.159076 0.170008 0.108908 -0.331252 -0.332122 -0.367760 -0.442798 -0.218341 -0.184583 0.013595 -0.242823 -0.041046 0.104425 0.318549 -0.097953 -0.227215 -0.244095 0.230667 0.390839 0.286293 0.169723 0.299851 0.468010 0.045854 0.239135 -0.181599 0.209552 -0.014845 -0.236492 0.407858 0.411473 -0.231195 -0.249091 0.157619 -0.015358 0.204480 0.174357 -0.045144 -0.248238 0.149227 -0.037827 0.230032 0.220812 0.114589 0.215581 0.207298 0.236729 0.147934 0.085658 -0.015295 0.002355 -0.159331 0.043553 -0.300446 -0.328306 0.117986 0.017168 0.072706 0.110987 -0.160178 -0.298381 -0.187808 -0.382232 -0.175855 -0.382182 -0.175711 -0.083218 0.148387 0.033710 0.159519 -0.133020 -0.380050 -0.253477 -0.185612 -0.093990 0.273880 0.239085
-0.094033 0.107877 -0.486491 0.047732 -0.026899 -0.140926 0.000814 0.284300 -0.047433 -0.251750 -0.541895 0.033515 -0.359013 0.072134 -0.235710 0.221121 0.171885 0.292183 -0.083079 0.385444 -0.190545 0.183380 -0.319707 0.079185 0.137693 -0.072793 -0.173531 -0.287148 0.220680 0.276071 0.203491 0.467648 0.282436 1.000000 -0.380567 0.063784 0.040036 0.152962 -0.147682 -0.019816 -0.020093 0.246442 -0.151868 -0.213422 -0.024549 0.002053 -0.153187 -0.186202 -0.520823 -0.184970 -0.543774 -0.362174 -0.026571 -0.223537 -0.325336 -0.127110 -0.005379 0.080246 -0.028274 0.162617 -0.119470 0.133275 0.152898 0.245850 -0.133897 0.034930 -0.116176 -0.113418 0.121771 0.415770 -0.262070 0.209133 0.180179 0.107519 -0.009316 -0.107021 0.041605 0.165860 0.039076 -0.104029 0.373239 0.370958 0.461206 0.577980 0.064239 0.076135 -0.135292 0.158075 -0.220104 -0.159083 -0.312661 -0.294736 -0.103775 -0.187428 0.120254 0.055713 -0.214485 -0.096158 -0.288594 -0.269516 -0.201122 -0.355597 -0.222627 -0.332905 -0.107810 0.100720 0.075165 0.049802 -0.067156 0.048558 -0.313372 -0.069713 0.236906 -0.104184 0.110864 0.285340
0.140442 -0.312575 0.551339 0.026048 -0.155809 0.217685 -0.124662 -0.149292 -0.112882 0.152852 0.338095 -0.063199 0.193867 -0.097229 0.124384 -0.309057 -0.409454 -0.212666 -0.181507 -0.716410 0.067038 -0.032211 0.507927 0.110621 0.266257 0.532246 0.105779 0.381572 -0.245416 -0.245983 -0.059311 -0.049871 -0.081706 -0.380567 1.000000 0.422588 0.050311 -0.265228 0.235590 0.119283 0.096056 0.088123 0.305854 0.515141 0.148106 0.241531 0.168704 0.461187 0.556267 0.214740 0.693921 0.476900 -0.105057 -0.135473 0.155902 0.055506 0.067116 -0.288300 -0.395989 -0.446017 0.091724 -0.304793 -0.190586 -0.277669 0.296863 0.120602 0.013490 0.306154 -0.331585 -0.505160 -0.085471 0.198911 -0.338231 -0.213231 0.010251 0.044577 -0.196015 -0.059004 -0.148626 0.063561 -0.516724 -0.555992 -0.376326 -0.532670 0.058098 0.218970 0.202398 -0.014065 0.323226 0.225783 -0.166710 -0.221632 -0.301162 -0.182564 -0.297871 -0.130788 0.527232 0.279966 0.318753 0.289699 -0.106016 0.155752 -0.026110 0.057332 -0.285154 -0.246641 -0.132639 -0.262778 -0.164508 0.006397 0.486333 0.094917 0.054161 -0.095389 -0.251208 -0.387998
-0.061228 -0.406948 0.289607 0.077556 0.218614 0.235081 -0.036946 0.176160 -0.000731 0.244487 -0.259342 -0.268962 -0.166451 -0.158555 -0.258698 -0.206614 -0.317810 -0.371757 -0.141946 -0.351379 -0.050401 0.131955 0.166982 0.259209 0.538783 0.416000 0.042748 -0.097442 -0.397626 -0.068126 0.102335 0.257323 -0.293796 0.063784 0.422588 1.000000 -0.205644 -0.148088 -0.157400 0.146238 -0.039534 -0.102940 0.436488 0.660116 0.642564 0.774759 0.073144 0.365203 0.091789 0.439080 0.131964 0.196404 -0.176186 -0.075450 -0.026066 -0.086808 -0.072076 -0.409715 -0.351270 -0.142907 -0.221099 -0.220419 -0.266855 -0.234271 0.190399 0.143300 -0.044213 0.485393 -0.327052 -0.181652 -0.200956 0.298480 -0.382629 -0.372802 -0.209448 -0.210835 -0.126361 0.226964 -0.046760 -0.015638 -0.318372 -0.393416 -0.089653 -0.235856 -0.111307 -0.084792 -0.028016 -0.101226 0.053207 -0.109090 -0.187895 -0.300111 -0.104568 -0.005049 -0.189547 -0.171528 0.108691 -0.059914 -0.053273 0.049931 -0.178112 0.116729 -0.060294 0.071486 -0.039559 0.018079 -0.048660 -0.121126 -0.356110 -0.112691 0.567692 0.266591 0.085887 -0.150340 0.028121 -0.101374
