1.000000 0.390474 0.227501 -0.105521 -0.036167 -0.170029 0.334741 -0.024113 0.368689 0.119808 0.608548 0.404557 0.379023 0.093588 0.473508 0.165451 0.193026 -0.036839 0.171518 0.087088 -0.217838 -0.414405 0.137417 -0.017019 -0.052934 -0.270829 -0.300764 -0.227557 0.062016 -0.170753 -0.118523 -0.199206 0.060977 0.005716 -0.028233 -0.055447 0.004471 -0.284476 -0.185177 -0.226569 0.049785 -0.082139 -0.226567 -0.356177 -0.040850 -0.228028 0.006440 -0.109680 -0.020062 -0.205360 -0.095572 -0.027295 -0.068437 0.006960 -0.177590 0.052761 0.087303 -0.088342 0.234575 -0.370452 0.365271 0.144292 0.271384 -0.039658 0.193057 0.128706 -0.115866 -0.248168 -0.010070 0.007941 -0.214379 -0.233285 0.006675 -0.095598 0.024556 0.202746 0.149917 0.048775 -0.025089 -0.086421 -0.072687 -0.152920 0.305171 0.137481 0.149186 0.006666 -0.033312 -0.121236 0.144022 -0.008564 0.006450 0.036161 0.006231 0.167712 -0.085208 -0.216903 -0.028559 -0.316437 0.159386 0.035544 0.153725 0.047809 -0.227641 0.049033 -0.003462 -0.012443 -0.014565 0.099690 -0.103287 -0.314674 -0.171058 -0.301807 -0.049544 -0.002294 -0.017122 0.063718
0.390474 1.000000 -0.192569 0.027663 -0.089688 -0.363181 0.157877 0.124535 0.176229 0.154243 0.402312 0.535171 0.118089 0.189022 0.272156 0.157276 0.335334 0.427904 -0.088605 0.148449 -0.277422 -0.445312 -0.213493 -0.316639 -0.221630 -0.444823 -0.403865 -0.563642 0.130611 0.245618 -0.303140 -0.390114 0.132115 0.006543 -0.327622 -0.438437 0.021686 -0.176047 -0.514497 -0.418287 0.277010 0.024664 0.018713 -0.217816 0.162158 -0.070914 0.100440 -0.084186 0.311596 0.156728 -0.136024 0.189669 0.175527 -0.023699 -0.197178 0.029028 -0.009985 0.125326 -0.074659 -0.182268 0.088817 0.202959 0.222349 0.242338 -0.000790 0.134548 -0.280428 -0.377769 -0.165310 -0.239184 -0.144628 -0.269899 0.112086 0.024366 0.157763 0.146961 0.126961 -0.259200 0.051897 -0.049141 0.132172 0.231456 0.294272 0.276147 -0.066251 0.176227 -0.260360 -0.173265 -0.168732 -0.182720 0.162250 0.100247 -0.091038 -0.021717 -0.007188 -0.124087 -0.277477 -0.303784 0.406098 0.228625 0.189140 -0.016791 0.059522 -0.008528 -0.017999 0.126196 -0.252251 0.029261 0.214239 -0.421298 -0.536646 -0.041227 0.257668 0.083516 0.153436 0.380542
0.227501 -0.192569 1.000000 0.474001 0.417053 0.401844 0.586309 0.337325 0.394090 0.311758 -0.027284 0.179840 0.072141 -0.226024 0.174119 0.249260 -0.476724 -0.552627 0.252234 -0.182904 0.021681 0.081166 0.736691 0.564070 0.240244 0.131240 0.098692 0.320855 -0.537163 -0.539935 -0.078235 0.122070 -0.412689 -0.455228 0.401525 0.322951 -0.480109 -0.176420 0.013717 0.186811 -0.499642 -0.408477 -0.115495 -0.202701 -0.376162 -0.307268 -0.076360 0.029344 0.043079 -0.206023 0.224912 0.118047 0.044192 0.174340 0.069072 -0.124034 -0.198819 -0.280616 0.184034 -0.215818 -0.089150 -0.071923 -0.275462 -0.501630 0.615347 0.304537 0.030538 0.212389 -0.005259 0.090121 -0.056230 -0.004628 -0.568870 -0.266762 -0.349823 0.119516 -0.114277 0.090721 -0.513794 -0.408889 -0.636803 -0.630120 -0.166269 -0.093564 0.032039 -0.275734 0.009230 0.015287 0.541124 0.228883 0.179923 0.343933 0.500504 0.600171 -0.207952 -0.059515 0.134534 -0.034528 -0.169163 -0.080929 0.271344 0.363285 -0.117889 0.192571 -0.017655 -0.142324 -0.051402 -0.218868 -0.239206 0.107162 0.291604 -0.178338 0.072577 0.200422 -0.134282 -0.259218
-0.105521 0.027663 0.474001 1.000000 0.261498 0.294641 0.209382 0.586344 0.032440 0.296754 -0.152652 0.211203 -0.345298 -0.348054 -0.057195 0.248326 -0.313646 -0.277613 0.137613 0.168713 -0.056904 0.004242 0.401072 0.403548 0.136603 0.166040 0.092873 0.148621 -0.434111 -0.078050 0.093855 0.309261 -0.334007 -0.096429 0.245007 0.184954 -0.404482 -0.141407 -0.101017 0.216958 -0.347114 -0.030295 -0.198006 -0.096217 -0.240839 -0.109020 -0.078745 -0.017564 -0.151919 -0.243244 -0.181189 -0.172212 -0.141095 0.027258 0.040877 -0.233562 -0.152704 -0.190030 -0.228387 -0.141318 -0.303101 -0.095806 -0.256863 -0.268691 0.609902 0.393018 -0.224125 0.332267 -0.119916 -0.044212 -0.068063 0.092806 -0.390475 -0.003580 -0.092433 0.108134 -0.180802 -0.135951 -0.298800 -0.280705 -0.478499 -0.367399 -0.098321 0.204909 0.006172 -0.165371 0.067719 0.207543 0.416953 0.366366 0.008573 0.034832 0.398418 0.345235 -0.161246 0.008603 -0.006432 0.098577 -0.206761 -0.137689 0.141065 0.077095 0.088062 0.105779 -0.115906 -0.102562 -0.105661 -0.253059 -0.094177 0.178093 0.130598 0.037570 0.141308 0.144403 -0.050615 -0.260752
-0.036167 -0.089688 0.417053 0.261498 1.000000 0.710268 0.312895 0.358391 0.377915 0.598248 -0.009688 0.093021 0.089705 0.192737 0.049283 0.440844 -0.437535 -0.276635 0.182407 -0.282650 0.396505 0.296964 0.328039 0.236914 0.357918 0.062962 0.548627 0.390699 -0.322680 -0.407222 -0.013557 -0.076286 -0.550536 -0.457321 -0.067617 0.127712 -0.295181 -0.093502 0.047817 0.117150 -0.304335 -0.369499 -0.192333 -0.174320 -0.302884 -0.090686 -0.208958 -0.044875 -0.077388 -0.157117 0.151278 0.188277 0.082124 0.033458 0.176669 -0.263908 -0.421520 -0.377450 0.193567 0.138927 0.040900 0.264439 -0.125720 -0.120675 0.311832 0.399064 0.048218 0.268282 -0.055598 0.262549 0.203452 -0.114914 -0.304220 -0.358971 -0.328847 -0.050304 -0.419165 -0.216151 -0.361515 -0.336353 -0.384376 -0.392979 -0.242916 -0.127239 -0.010591 -0.260296 -0.044761 0.042248 0.317970 0.173929 0.279739 0.260585 0.413380 0.316797 -0.110705 0.083717 -0.098736 0.052442 -0.221850 -0.165617 0.284711 0.180887 0.120322 0.076936 0.108128 -0.167683 -0.312524 -0.219973 0.075350 0.153268 0.155439 -0.103804 0.038588 -0.051604 -0.128094 -0.112833
-0.170029 -0.363181 0.401844 0.294641 0.710268 1.000000 0.057605 0.333119 0.061520 0.372484 -0.388698 0.002878 -0.121532 -0.064223 -0.151065 0.282142 -0.579580 -0.506904 0.007830 -0.392327 0.340778 0.463663 0.426794 0.372341 0.472442 0.442975 0.773677 0.779214 -0.469467 -0.569930 0.111442 0.168981 -0.505862 -0.467980 0.244230 0.249269 -0.311221 0.011044 0.154560 0.351130 -0.395149 -0.255162 0.051151 0.176630 -0.415578 -0.139051 -0.001050 0.284896 -0.063104 -0.143131 0.281948 0.199752 0.209030 0.178511 0.127521 -0.178185 -0.129860 -0.306954 0.149701 0.226011 -0.161057 0.053885 -0.348356 -0.308806 0.168779 0.260749 0.276602 0.381430 0.071090 0.285167 0.167387 -0.076535 -0.415757 -0.368127 -0.328745 -0.047019 -0.337950 -0.005268 -0.400702 -0.311707 -0.408905 -0.473366 -0.392676 -0.293184 -0.070512 -0.106145 -0.050752 0.022998 0.270760 0.235677 0.138966 0.072464 0.248256 0.063816 0.042636 0.060337 0.208620 0.289953 -0.202249 -0.020196 0.073765 0.136791 -0.018153 0.065281 0.091619 -0.187453 -0.036432 -0.092531 -0.124750 0.185468 0.446446 -0.012001 0.030643 -0.137850 -0.149930 -0.167884
0.334741 0.157877 0.586309 0.209382 0.312895 0.057605 1.000000 0.543587 0.668828 0.571742 0.313982 0.373716 0.499103 0.384060 0.407227 0.536429 -0.150308 -0.125048 0.073256 -0.307060 -0.082182 -0.179462 0.356651 0.051874 -0.324491 -0.456587 -0.257552 -0.136858 -0.256981 -0.256147 -0.498780 -0.349931 -0.337653 -0.356606 0.068507 0.123988 -0.268638 -0.191194 -0.007683 -0.033956 -0.136620 -0.149995 -0.286913 -0.352819 -0.270193 -0.326138 -0.016888 -0.318576 0.099381 -0.342584 0.336530 0.094296 0.034520 0.141395 0.133373 -0.039584 -0.378922 -0.392430 0.433988 -0.299957 0.399334 0.278699 0.112325 -0.141806 0.469555 0.599013 -0.164924 -0.157148 -0.287631 -0.103171 -0.100278 -0.188644 -0.253748 -0.071569 -0.043267 0.293829 0.050464 0.090875 -0.276899 -0.331984 -0.449411 -0.450746 0.002505 0.119454 -0.058859 -0.200818 -0.189158 -0.188409 0.343431 0.141774 0.115112 0.213452 0.328161 0.435994 -0.083008 -0.132262 0.043638 -0.164352 -0.027239 -0.149584 0.424834 0.258550 -0.062687 0.024638 -0.021222 -0.012045 -0.196479 -0.158612 -0.087883 -0.145450 -0.078729 -0.382124 -0.001719 0.223733 -0.040132 -0.126381
-0.024113 0.124535 0.337325 0.586344 0.358391 0.333119 0.543587 1.000000 0.237981 0.688374 -0.106976 0.340078 -0.052547 0.205491 -0.031563 0.486964 -0.168871 -0.062917 -0.107203 -0.256333 0.043088 0.014446 0.178380 0.006943 -0.155536 -0.111754 0.051140 0.047699 -0.355941 -0.049585 -0.190554 -0.036868 -0.342671 -0.192677 0.057392 0.045501 -0.267810 -0.045396 -0.082784 0.157481 -0.282736 0.025546 -0.170945 -0.018928 -0.219206 -0.186518 0.234039 0.046637 0.048271 -0.289026 0.271660 0.036669 0.081221 0.191775 0.154551 -0.024067 -0.302358 -0.381621 0.036069 -0.152962 0.085307 0.220461 -0.017117 -0.009250 0.419319 0.656023 -0.133103 0.119277 -0.445785 -0.103268 -0.110243 -0.049136 -0.293291 -0.048242 -0.014308 0.287931 -0.072079 -0.061362 -0.124907 -0.241286 -0.416070 -0.405687 -0.241739 0.075814 -0.223649 -0.112021 -0.235640 -0.119404 0.126025 0.191681 0.013545 -0.008479 0.336391 0.213043 -0.167346 -0.068602 0.140875 0.061540 -0.028438 -0.070997 0.355771 0.177909 0.215629 0.092610 -0.071270 -0.136777 -0.099248 -0.259959 -0.086048 0.117118 0.089958 -0.023277 0.144985 0.187131 -0.212451 -0.195241
0.368689 0.176229 0.394090 0.032440 0.377915 0.061520 0.668828 0.237981 1.000000 0.608930 0.415938 0.441871 0.609331 0.318272 0.644955 0.589664 -0.225178 -0.090917 0.082572 -0.360792 0.005958 -0.209222 0.504443 0.128670 -0.179037 -0.510791 -0.151053 -0.079227 -0.274531 -0.390184 -0.501595 -0.441661 -0.513277 -0.541702 -0.099010 0.175609 -0.176169 -0.190228 -0.008480 -0.034374 -0.065745 -0.212775 -0.181180 -0.497198 -0.324823 -0.311235 -0.121087 -0.231435 0.275206 -0.094661 0.349208 0.392524 0.131043 0.259448 0.140840 -0.032050 -0.489873 -0.290555 0.301129 -0.296464 0.237211 0.417922 -0.005933 -0.192152 0.551770 0.589867 -0.296893 -0.165241 -0.242988 0.143497 -0.009554 -0.355393 -0.306253 -0.155886 -0.201204 0.218689 -0.071446 0.058624 -0.439219 -0.364237 -0.476776 -0.417915 0.060094 0.004593 0.050603 -0.214917 -0.023808 -0.112953 0.557153 0.197600 0.376175 0.338161 0.354716 0.471115 -0.148161 -0.091665 -0.193172 -0.239464 0.025472 -0.141560 0.342462 0.232820 -0.164384 0.078165 0.075585 -0.048520 -0.182545 0.001742 -0.016416 -0.189138 -0.144297 -0.273363 0.148107 0.013462 -0.113649 -0.013279
0.119808 0.154243 0.311758 0.296754 0.598248 0.372484 0.571742 0.688374 0.608930 1.000000 0.147864 0.362217 0.206161 0.309159 0.282198 0.657203 -0.184582 -0.142224 0.122984 -0.208752 0.275231 0.062018 0.300821 -0.025305 -0.102908 -0.329827 0.110498 0.070088 -0.309247 -0.253896 -0.310253 -0.322418 -0.512464 -0.408093 -0.093960 0.052242 -0.231039 -0.078790 -0.050399 0.056285 -0.241803 -0.161184 -0.219976 -0.262555 -0.363233 -0.324597 0.081109 -0.081939 0.093403 -0.227301 0.232814 0.231491 0.088817 0.231929 0.209712 -0.066613 -0.397238 -0.274680 0.118759 -0.144283 0.079541 0.347890 -0.051372 -0.117679 0.430757 0.653443 -0.262775 -0.024583 -0.276407 0.172949 -0.032446 -0.228043 -0.263239 -0.100609 -0.093564 0.307006 -0.214994 -0.146244 -0.254713 -0.277786 -0.423423 -0.418278 -0.154616 -0.049518 -0.064634 -0.225386 -0.188933 -0.161858 0.348515 0.159165 0.246613 0.228497 0.470035 0.410554 -0.182682 -0.026604 -0.055099 -0.054776 -0.002199 -0.069743 0.485072 0.282215 0.180464 0.172449 0.137406 -0.128601 -0.213680 -0.200868 -0.019888 0.046361 0.008034 -0.064553 0.192707 0.168596 -0.167796 -0.083619
0.608548 0.402312 -0.027284 -0.152652 -0.009688 -0.388698 0.313982 -0.106976 0.415938 0.147864 1.000000 0.499256 0.559451 0.300819 0.724221 0.266378 0.380959 0.289527 0.205734 0.232498 -0.156501 -0.444201 -0.017865 -0.079625 -0.144897 -0.465318 -0.471072 -0.463256 0.333131 0.045171 -0.159450 -0.248443 -0.090453 0.053487 -0.243897 -0.041084 0.104705 -0.254692 -0.032804 -0.287391 0.236103 -0.022321 -0.444893 -0.579969 -0.009420 -0.159119 -0.248060 -0.464422 -0.212312 -0.317085 -0.241881 -0.140362 -0.374881 -0.140078 -0.056975 -0.004550 -0.203941 -0.002119 0.113523 -0.281900 0.390115 0.248971 0.419895 0.049729 0.299511 0.127810 -0.287762 -0.268910 -0.148330 -0.054067 -0.006636 -0.198375 0.200021 0.137804 0.149131 0.282639 0.147210 0.033072 0.027134 -0.064533 -0.011968 -0.042535 0.517282 0.257399 0.450181 0.071029 0.204926 0.093533 0.231759 -0.033543 -0.120719 -0.093806 -0.004537 0.165447 -0.126948 -0.073604 -0.401848 -0.320503 -0.057331 -0.221292 0.122402 -0.002472 -0.155646 -0.050162 0.089222 -0.001561 -0.186662 -0.035074 0.167563 -0.178078 -0.390308 -0.272062 -0.161280 0.041536 -0.009964 0.142889
0.404557 0.535171 0.179840 0.211203 0.093021 0.002878 0.373716 0.340078 0.441871 0.362217 0.499256 1.000000 0.215932 0.123591 0.676337 0.479997 -0.003381 0.121069 -0.038450 -0.062057 -0.205084 -0.343112 0.183084 0.183182 -0.019000 -0.217336 -0.277530 -0.209347 -0.038970 -0.099653 -0.225658 -0.108068 -0.313608 -0.268853 -0.065654 -0.190661 -0.026700 -0.146618 -0.133552 -0.050725 0.126314 0.107136 -0.255530 -0.403819 -0.256954 -0.391492 0.019062 -0.150715 0.105004 -0.205540 -0.013131 0.162643 0.080084 0.239301 0.022640 0.182356 -0.285450 -0.219194 -0.024635 -0.349454 0.005493 0.136013 -0.021187 -0.136841 0.459515 0.334328 -0.315302 -0.245210 -0.420319 -0.109461 -0.033243 -0.379446 -0.153527 -0.003270 0.091793 0.382161 0.183511 0.081449 -0.163688 -0.267019 -0.298158 -0.258364 0.421058 0.370905 0.283417 0.394784 0.093169 0.062017 0.258444 0.235184 0.082802 -0.053396 0.114631 0.128666 -0.041337 -0.131638 -0.156421 -0.199105 0.049210 -0.058072 0.187999 0.107737 -0.214644 0.066189 -0.105655 -0.047852 -0.157527 0.018413 0.036101 -0.249814 -0.327493 -0.245919 0.102579 -0.061124 -0.041268 0.177242
0.379023 0.118089 0.072141 -0.345298 0.089705 -0.121532 0.499103 -0.052547 0.609331 0.206161 0.559451 0.215932 1.000000 0.647184 0.604007 0.460700 0.029222 0.112379 -0.031124 -0.403675 -0.089794 -0.095042 0.196669 -0.162528 -0.271509 -0.462626 -0.131028 -0.083963 0.101188 -0.286900 -0.425355 -0.408923 -0.174829 -0.212285 -0.025088 0.169517 0.126048 -0.092399 0.199928 -0.054303 0.337486 0.005967 -0.269782 -0.371912 -0.271794 -0.328606 -0.072184 -0.253938 0.063847 -0.265990 0.315738 0.142002 -0.039447 0.019526 0.058377 0.069615 -0.352331 -0.180931 0.544463 -0.095834 0.606418 0.559824 0.417109 0.068096 0.070355 0.365569 -0.085904 -0.395276 -0.049910 0.043125 -0.104819 -0.317818 0.069312 -0.108650 0.042487 0.170010 0.052170 0.123742 -0.171226 -0.035188 -0.136046 -0.223937 0.218098 -0.015558 -0.023997 -0.197936 -0.098281 -0.210244 0.242662 -0.058270 -0.010021 -0.007790 -0.174517 -0.020774 0.158831 -0.074611 0.015463 0.022205 0.056065 -0.064279 0.098005 0.041873 -0.270965 -0.073104 0.216203 0.088135 -0.122280 0.140370 0.144097 -0.196860 -0.110874 -0.306877 -0.162868 -0.016796 0.065547 0.213485
0.093588 0.189022 -0.226024 -0.348054 0.192737 -0.064223 0.384060 0.205491 0.318272 0.309159 0.300819 0.123591 0.647184 1.000000 0.184890 0.464737 0.233225 0.430885 -0.044735 -0.393824 0.201619 0.013360 -0.314325 -0.508449 -0.286688 -0.535168 -0.000745 -0.277695 0.319076 0.128560 -0.269715 -0.478123 0.014841 -0.034046 -0.322540 0.011378 0.401227 0.200101 0.139835 0.028125 0.360136 0.180570 -0.251430 -0.150639 -0.020269 -0.057713 0.143473 -0.202993 0.081744 -0.165478 0.283863 0.115341 0.126430 -0.104775 0.226828 0.128845 -0.431608 -0.372624 0.496349 0.149572 0.689813 0.753311 0.631862 0.563919 -0.262892 0.412545 0.038472 -0.358611 -0.245897 -0.008619 0.115638 -0.157256 0.417329 0.049548 0.308052 0.249096 0.102279 -0.074350 0.300333 0.189723 0.192601 0.089687 -0.089189 0.004280 -0.282994 -0.131191 -0.247028 -0.227244 -0.204821 -0.025561 0.007222 -0.119849 -0.207399 -0.265769 -0.100506 0.110898 -0.084843 -0.103706 0.174517 -0.126263 0.133762 -0.076770 0.111027 -0.318217 0.032445 -0.205591 -0.237069 -0.163099 0.248687 -0.043880 -0.235337 -0.123144 -0.151462 -0.020378 -0.026993 0.116428
0.473508 0.272156 0.174119 -0.057195 0.049283 -0.151065 0.407227 -0.031563 0.644955 0.282198 0.724221 0.676337 0.604007 0.184890 1.000000 0.539787 0.003437 -0.032096 0.059578 -0.113995 -0.211797 -0.335073 0.379142 0.250142 -0.003657 -0.266951 -0.271205 -0.145312 0.084167 -0.227050 -0.226525 -0.090485 -0.367701 -0.257346 -0.016161 0.028466 0.026403 -0.178206 0.122067 -0.068026 0.245615 0.007683 -0.327406 -0.548597 -0.358176 -0.462470 -0.194589 -0.321405 -0.027647 -0.275282 -0.049570 0.118371 -0.123503 0.118830 -0.026790 0.093210 -0.326539 -0.110694 0.057070 -0.403088 0.167010 0.167961 0.096997 -0.250237 0.470255 0.244404 -0.407642 -0.397018 -0.292717 -0.085172 -0.128576 -0.443141 -0.110597 -0.015413 0.018961 0.344123 -0.012629 0.037313 -0.279802 -0.205362 -0.285939 -0.292223 0.596795 0.353147 0.491153 0.251741 0.252776 0.074395 0.501839 0.207944 -0.049981 -0.045917 0.043490 0.269421 0.050015 0.032978 -0.136837 -0.102581 -0.058764 -0.105623 0.195431 0.241924 -0.271058 0.151528 0.109054 0.112019 -0.124651 0.099744 0.178619 -0.240825 -0.305910 -0.321111 -0.003271 0.000692 0.036319 0.256182
0.165451 0.157276 0.249260 0.248326 0.440844 0.282142 0.536429 0.486964 0.589664 0.657203 0.266378 0.479997 0.460700 0.464737 0.539787 1.000000 -0.182218 0.048802 0.046891 -0.397983 0.110308 -0.047023 0.307654 -0.032404 -0.062402 -0.296853 0.179533 0.031484 -0.093269 -0.121702 -0.292770 -0.218153 -0.482322 -0.383433 -0.065653 0.058761 0.062927 0.128390 0.164367 0.213977 0.064589 0.225166 -0.270797 -0.298025 -0.471732 -0.433118 0.106767 -0.078700 0.053994 -0.303220 0.172383 0.128956 0.067749 0.164017 0.210212 0.046790 -0.546926 -0.526006 0.215113 -0.145059 0.295362 0.489777 0.205399 0.015242 0.357398 0.626801 -0.196098 -0.227847 -0.311566 -0.038105 0.063536 -0.257181 -0.132845 0.006428 0.084684 0.425311 -0.119324 0.045051 -0.247790 -0.267763 -0.394536 -0.412823 0.050731 0.355592 -0.065432 -0.101265 -0.136989 -0.053462 0.331830 0.226647 0.055924 -0.020682 0.172216 0.200562 -0.028667 0.069523 0.126963 0.051788 -0.014529 -0.124355 0.302060 0.351454 0.054450 0.132267 -0.007936 -0.098669 -0.116389 -0.148620 0.072550 -0.019576 -0.094130 -0.178177 0.137342 0.027237 -0.126344 0.019215
0.193026 0.335334 -0.476724 -0.313646 -0.437535 -0.579580 -0.150308 -0.168871 -0.225178 -0.184582 0.380959 -0.003381 0.029222 0.233225 0.003437 -0.182218 1.000000 0.637603 0.113393 0.465544 -0.027524 -0.267308 -0.623857 -0.584852 -0.326080 -0.326278 -0.422461 -0.609994 0.664374 0.626866 0.152652 -0.128146 0.612103 0.574934 -0.295629 -0.270575 0.468295 0.049965 -0.130898 -0.301624 0.289847 0.239212 -0.078610 -0.017200 0.390036 0.071655 0.213675 -0.095574 -0.242652 -0.029068 -0.365065 -0.386678 -0.272801 -0.325145 -0.114802 0.112183 0.300564 0.365400 -0.124285 0.035295 0.354171 0.060737 0.615166 0.522252 -0.378612 -0.305848 0.058203 -0.301002 0.030473 -0.139300 -0.045669 0.145773 0.686961 0.477683 0.547347 0.134727 0.375279 0.038712 0.680829 0.492911 0.656203 0.569212 0.160172 0.118325 -0.032924 0.091585 -0.125508 -0.078745 -0.472984 -0.232256 -0.362986 -0.375762 -0.278563 -0.300962 -0.207714 -0.053650 -0.176836 -0.302840 0.214830 -0.095158 -0.050481 -0.197924 0.143145 -0.270808 -0.242111 -0.102322 -0.039548 -0.280926 0.072415 -0.044636 -0.356460 0.108070 -0.224967 0.006910 0.044319 0.090788
-0.036839 0.427904 -0.552627 -0.277613 -0.276635 -0.506904 -0.125048 -0.062917 -0.090917 -0.142224 0.289527 0.121069 0.112379 0.430885 -0.032096 0.048802 0.637603 1.000000 -0.067833 0.145127 -0.076634 -0.329128 -0.637173 -0.655317 -0.398438 -0.472702 -0.358367 -0.661141 0.616661 0.717089 -0.123794 -0.328480 0.390484 0.294647 -0.517173 -0.298204 0.495192 0.265197 -0.163314 -0.255674 0.403993 0.377157 -0.041783 -0.059709 0.407040 0.242405 0.237920 -0.081758 0.045906 0.179698 -0.174291 -0.096964 -0.029768 -0.174174 -0.017418 0.214985 -0.045889 0.023519 -0.012658 0.132128 0.377593 0.345545 0.593442 0.689922 -0.376060 -0.082308 -0.015012 -0.265280 -0.185922 -0.279308 0.222870 0.231254 0.584533 0.435962 0.447978 0.134848 0.373259 0.133873 0.486030 0.238620 0.493914 0.529234 0.097346 0.207893 -0.240973 0.011571 -0.252291 -0.012967 -0.505356 -0.335421 -0.076002 -0.277515 -0.298782 -0.389241 -0.160319 -0.046135 -0.302915 -0.323626 0.263730 -0.092312 -0.057583 -0.208872 0.248610 -0.314019 -0.178464 -0.152857 -0.058673 -0.142372 0.135526 -0.116033 -0.441351 0.087914 -0.085678 -0.201941 -0.109309 0.141823
0.171518 -0.088605 0.252234 0.137613 0.182407 0.007830 0.073256 -0.107203 0.082572 0.122984 0.205734 -0.038450 -0.031124 -0.044735 0.059578 0.046891 0.113393 -0.067833 1.000000 0.485049 0.281626 -0.064966 -0.031552 0.077694 0.169138 -0.029542 -0.002563 -0.097453 0.152333 -0.057773 0.273123 0.035592 0.047002 0.214255 0.053335 0.096982 -0.165042 -0.183395 -0.094252 -0.228406 -0.023423 -0.162384 -0.303007 -0.110426 -0.006396 0.034814 -0.184328 -0.190850 -0.393255 -0.182247 -0.346833 -0.309784 -0.465048 -0.315457 -0.223628 -0.360495 -0.113492 -0.001264 0.049118 0.242975 0.059586 0.057154 0.076294 -0.047670 0.167071 -0.074247 0.157681 0.281386 0.315846 0.135221 0.179360 0.212934 0.161918 0.115255 0.041082 -0.057901 0.072375 0.028244 0.047987 0.081183 -0.048289 -0.098105 0.123002 0.076591 -0.001388 -0.256932 0.034168 0.069391 0.146799 -0.051275 -0.069435 -0.036320 0.165311 0.149486 -0.182277 -0.227384 -0.262264 -0.274538 -0.201220 -0.242468 -0.080089 -0.101391 0.051959 -0.194012 -0.166380 -0.141364 0.127109 -0.185819 -0.207769 -0.057721 -0.049985 -0.183756 -0.265603 -0.148028 0.054894 -0.080880
0.087088 0.148449 -0.182904 0.168713 -0.282650 -0.392327 -0.307060 -0.256333 -0.360792 -0.208752 0.232498 -0.062057 -0.403675 -0.393824 -0.113995 -0.397983 0.465544 0.145127 0.485049 1.000000 -0.080296 -0.188414 -0.310423 -0.066830 0.016575 -0.026293 -0.329013 -0.354724 0.262199 0.332045 0.303968 0.114874 0.412967 0.546149 -0.082959 -0.252091 -0.052473 -0.267255 -0.230834 -0.322423 -0.032587 -0.017665 -0.138087 -0.087857 0.208020 0.086559 -0.196968 -0.201788 -0.412547 -0.093187 -0.711266 -0.490519 -0.492042 -0.292488 -0.222635 -0.224979 0.392954 0.482354 -0.455972 -0.014885 -0.255132 -0.364627 0.004721 -0.048300 -0.025374 -0.415974 -0.062668 0.121467 0.393190 0.014990 -0.006809 0.253871 0.271681 0.286191 0.223126 -0.048862 0.182460 -0.064118 0.354513 0.269952 0.294982 0.337656 0.236478 0.107410 0.206769 0.027094 0.099840 0.192102 -0.100168 -0.125506 -0.188008 -0.059812 0.115625 0.082829 -0.118277 -0.093244 -0.324926 -0.181161 -0.115843 -0.064238 -0.077858 -0.197165 0.123862 -0.055279 -0.061780 0.054563 0.025251 -0.152479 -0.050821 0.001690 -0.141759 0.140191 -0.095492 0.033676 0.165598 0.000832
-0.217838 -0.277422 0.021681 -0.056904 0.396505 0.340778 -0.082182 0.043088 0.005958 0.275231 -0.156501 -0.205084 -0.089794 0.201619 -0.211797 0.110308 -0.027524 -0.076634 0.281626 -0.080296 1.000000 0.605521 -0.072717 -0.032803 0.239812 0.122456 0.477233 0.271742 0.103994 -0.163227 0.229594 0.035553 -0.105148 -0.079724 -0.225449 0.092326 0.091947 0.153380 0.188950 0.096196 -0.092418 -0.074988 -0.109343 0.161038 -0.071840 0.059988 -0.020102 0.137281 -0.118771 -0.060556 -0.030568 -0.042242 -0.032752 -0.147856 0.228428 -0.135880 -0.133011 -0.149372 0.020946 0.247407 0.057537 0.090447 0.063363 0.125896 -0.178431 -0.038621 0.154517 0.121626 0.106457 0.199319 0.407790 0.183092 0.137051 0.009528 -0.046368 0.066676 -0.238639 -0.076674 0.082437 -0.029536 0.119601 -0.002964 -0.259809 -0.165482 -0.150453 -0.159579 -0.036319 0.027468 -0.041020 0.071718 0.147205 -0.041316 0.060983 -0.051780 -0.115143 0.121377 0.031677 0.087996 -0.067059 -0.150523 -0.120441 0.005533 0.057173 -0.167520 -0.043829 -0.206012 -0.234213 -0.166970 0.090009 0.265136 0.187178 0.068351 -0.029324 0.045167 -0.012718 0.086508
-0.414405 -0.445312 0.081166 0.004242 0.296964 0.463663 -0.179462 0.014446 -0.209222 0.062018 -0.444201 -0.343112 -0.095042 0.013360 -0.335073 -0.047023 -0.267308 -0.329128 -0.064966 -0.188414 0.605521 1.000000 0.134277 0.150501 0.280737 0.389106 0.521556 0.550440 -0.181755 -0.344983 0.177580 0.211368 -0.115006 -0.169005 0.135282 0.126528 -0.097742 0.062197 0.330152 0.234794 -0.150491 -0.134082 0.116318 0.273283 -0.123504 -0.050940 -0.044248 0.271832 -0.001302 -0.060977 0.098055 0.027716 0.021423 -0.006857 0.217259 -0.061565 0.083002 -0.054966 -0.003246 0.149707 -0.222856 -0.128844 -0.242075 -0.187628 -0.243561 -0.064847 0.191294 0.127972 0.290925 0.189223 0.231801 0.164732 -0.141182 -0.163959 -0.174162 -0.130417 -0.285057 0.019640 -0.078732 -0.004239 -0.035956 -0.164460 -0.332092 -0.276817 -0.217297 -0.111704 -0.057770 -0.055419 -0.043096 0.066842 0.065253 0.043311 0.044857 -0.061684 0.152108 0.117361 0.304117 0.441020 -0.058493 0.041795 -0.147918 0.021623 -0.028524 0.028894 0.180921 0.070620 -0.128663 -0.033006 0.044370 0.334780 0.448831 0.146712 -0.013013 0.138688 0.052853 0.046591
0.137417 -0.213493 0.736691 0.401072 0.328039 0.426794 0.356651 0.178380 0.504443 0.300821 -0.017865 0.183084 0.196669 -0.314325 0.379142 0.307654 -0.623857 -0.637173 -0.031552 -0.310423 -0.072717 0.134277 1.000000 0.653104 0.286700 0.179834 0.216874 0.538512 -0.659692 -0.684213 -0.187486 0.124620 -0.607265 -0.611150 0.419705 0.417197 -0.459378 -0.169185 0.216787 0.342536 -0.423849 -0.323830 -0.037464 -0.223994 -0.520837 -0.380706 -0.107634 0.126477 0.189142 -0.095351 0.326322 0.347173 0.116072 0.387559 0.107611 -0.017987 -0.196539 -0.127621 0.000157 -0.383760 -0.275267 -0.105648 -0.440826 -0.680658 0.677084 0.376931 -0.247729 0.084883 -0.041399 0.214402 -0.176409 -0.270925 -0.716733 -0.370395 -0.457970 0.071158 -0.295129 0.060314 -0.731030 -0.489380 -0.728389 -0.682891 -0.107146 -0.179611 0.175851 -0.182941 0.162125 0.073354 0.748776 0.335318 0.204287 0.346487 0.414907 0.544911 -0.030962 0.030501 0.216534 0.233387 -0.121448 0.100465 0.202856 0.365063 -0.259314 0.302132 0.186204 -0.002662 0.010638 0.009103 -0.130146 0.112134 0.374268 -0.057053 0.236761 0.167479 -0.121219 -0.141281
-0.017019 -0.316639 0.564070 0.403548 0.236914 0.372341 0.051874 0.006943 0.128670 -0.025305 -0.079625 0.183182 -0.162528 -0.508449 0.250142 -0.032404 -0.584852 -0.655317 0.077694 -0.066830 -0.032803 0.150501 0.653104 1.000000 0.570167 0.566944 0.163049 0.471260 -0.394481 -0.528224 0.234987 0.516966 -0.480075 -0.356378 0.386076 0.160630 -0.504113 -0.360605 0.099271 0.104995 -0.257225 -0.311276 -0.034234 -0.159607 -0.232792 -0.107439 -0.449995 -0.067935 0.016636 0.013037 -0.050477 0.161664 -0.000766 0.192587 0.009332 -0.103596 -0.094305 -0.139848 -0.137762 -0.226874 -0.420693 -0.397091 -0.517234 -0.630575 0.531977 -0.022859 -0.082430 0.282306 -0.121441 0.072049 -0.140988 -0.125455 -0.572720 -0.366833 -0.456162 -0.151488 -0.353429 -0.080523 -0.564651 -0.407632 -0.505487 -0.516657 0.236727 0.063585 0.402588 0.164724 0.464596 0.233333 0.577158 0.379662 0.138913 0.234957 0.283538 0.429441 0.050512 0.094235 -0.058655 0.073971 -0.255455 -0.006519 -0.015848 0.206673 -0.297142 0.217279 0.032637 0.077982 -0.006892 0.091548 0.016260 0.005072 0.103205 -0.145049 0.062583 0.014582 -0.022909 -0.025653
-0.052934 -0.221630 0.240244 0.136603 0.357918 0.472442 -0.324491 -0.155536 -0.179037 -0.102908 -0.144897 -0.019000 -0.271509 -0.286688 -0.003657 -0.062402 -0.326080 -0.398438 0.169138 0.016575 0.239812 0.280737 0.286700 0.570167 1.000000 0.681839 0.549649 0.473466 -0.026708 -0.302335 0.637422 0.559969 -0.211039 -0.063095 0.188661 0.087664 -0.095053 -0.057418 0.082906 0.161437 -0.268655 -0.198999 0.014488 0.078781 -0.065953 0.094310 -0.158492 0.195368 -0.076653 0.168197 -0.160442 0.134726 0.081218 0.037534 0.016693 -0.131528 -0.034665 -0.084442 -0.252603 0.111539 -0.343954 -0.145814 -0.179062 -0.168307 0.110179 -0.177170 0.177261 0.301427 0.073545 0.226803 -0.001538 -0.031969 -0.204341 -0.274163 -0.264317 -0.227450 -0.384765 -0.291961 -0.155233 -0.013080 -0.142742 -0.202064 -0.034355 -0.093073 0.220405 0.053989 0.353586 0.294523 0.151589 0.167028 0.015461 0.071209 0.096974 0.097424 -0.203842 0.300310 -0.069300 0.075592 -0.155972 0.000430 -0.050513 0.202530 0.117132 0.134607 -0.018372 -0.216420 -0.002272 -0.052833 0.152700 0.202726 0.231115 0.204743 -0.066118 0.016576 -0.162986 -0.028978
-0.270829 -0.444823 0.131240 0.166040 0.062962 0.442975 -0.456587 -0.111754 -0.510791 -0.329827 -0.465318 -0.217336 -0.462626 -0.535168 -0.266951 -0.296853 -0.326278 -0.472702 -0.029542 -0.026293 0.122456 0.389106 0.179834 0.566944 0.681839 1.000000 0.488545 0.636247 -0.068834 -0.217549 0.637063 0.798263 0.034138 0.113109 0.422010 0.066925 -0.147291 -0.076809 0.109122 0.123677 -0.152796 -0.089136 0.252800 0.402174 0.024954 0.132569 -0.091133 0.345883 -0.184651 0.073443 -0.159736 -0.110076 -0.027371 -0.080794 -0.171981 -0.017504 0.176041 0.001915 -0.218146 0.127809 -0.412982 -0.471708 -0.350963 -0.322710 -0.077792 -0.367451 0.293459 0.357415 0.071327 -0.047990 -0.129065 0.126357 -0.245187 -0.274133 -0.241138 -0.350459 -0.264520 -0.014066 -0.152374 -0.035647 -0.026040 -0.138493 0.041967 0.028869 0.158231 0.271371 0.222421 0.139877 -0.051885 0.093280 -0.240298 -0.173484 -0.175079 -0.165724 0.181095 0.032839 0.260407 0.292302 -0.191382 0.089682 -0.324183 0.026202 -0.114692 0.067870 -0.095403 0.085702 0.140076 0.136766 -0.039862 0.045833 0.297344 0.060819 -0.135189 -0.142861 -0.013914 -0.010952
-0.300764 -0.403865 0.098692 0.092873 0.548627 0.773677 -0.257552 0.051140 -0.151053 0.110498 -0.471072 -0.277530 -0.131028 -0.000745 -0.271205 0.179533 -0.422461 -0.358367 -0.002563 -0.329013 0.477233 0.521556 0.216874 0.163049 0.549649 0.488545 1.000000 0.778398 -0.212346 -0.342288 0.289998 0.235418 -0.249190 -0.209427 0.101898 0.181538 -0.012792 0.149563 0.224300 0.321385 -0.188715 -0.070991 0.065433 0.283078 -0.348944 -0.062776 0.099957 0.364968 -0.124967 -0.031416 0.094327 0.051400 0.177088 0.034228 0.093205 -0.170293 -0.049300 -0.175363 0.037299 0.337897 -0.098070 0.100517 -0.157584 -0.030964 -0.165514 0.005769 0.300672 0.243427 0.226046 0.302592 0.179886 -0.010458 -0.158482 -0.308855 -0.267786 -0.157510 -0.340599 -0.087523 -0.157289 -0.014053 -0.092462 -0.156730 -0.383081 -0.255016 -0.197128 -0.168158 -0.044428 0.063224 0.045547 0.066910 0.080679 -0.068937 0.008987 -0.153310 0.107273 0.194047 0.323404 0.430743 -0.145180 0.034907 -0.087500 0.061692 0.127457 0.053271 0.074073 -0.147181 0.036361 -0.029524 0.037946 0.248037 0.454884 0.133873 0.022061 -0.104860 -0.010957 -0.089210
-0.227557 -0.563642 0.320855 0.148621 0.390699 0.779214 -0.136858 0.047699 -0.079227 0.070088 -0.463256 -0.209347 -0.083963 -0.277695 -0.145312 0.031484 -0.609994 -0.661141 -0.097453 -0.354724 0.271742 0.550440 0.538512 0.471260 0.473466 0.636247 0.778398 1.000000 -0.472668 -0.626016 0.167855 0.350979 -0.330161 -0.314560 0.404973 0.315171 -0.279912 -0.019256 0.345614 0.393422 -0.288031 -0.218736 0.108521 0.271679 -0.459073 -0.169228 -0.056848 0.343185 -0.103955 -0.168464 0.233479 0.088234 0.092130 0.088623 0.055263 -0.112412 0.052747 -0.060831 0.056957 0.079065 -0.255239 -0.161818 -0.442936 -0.443847 0.075108 0.018135 0.202000 0.319781 0.197185 0.300595 -0.030215 -0.131377 -0.458006 -0.420158 -0.429041 -0.126285 -0.347016 0.070301 -0.424619 -0.219278 -0.323107 -0.405499 -0.269977 -0.318368 0.023248 -0.015078 0.105923 0.042648 0.322492 0.223986 -0.006936 -0.026084 0.033033 -0.014786 0.274219 0.029474 0.460821 0.538525 -0.237723 0.089662 -0.110949 0.087652 -0.161617 0.175632 0.188505 0.037494 0.123533 0.164764 -0.140212 0.166546 0.624974 0.016908 -0.020747 -0.097872 0.011508 -0.098780
0.062016 0.130611 -0.537163 -0.434111 -0.322680 -0.469467 -0.256981 -0.355941 -0.274531 -0.309247 0.333131 -0.038970 0.101188 0.319076 0.084167 -0.093269 0.664374 0.616661 0.152333 0.262199 0.103994 -0.181755 -0.659692 -0.394481 -0.026708 -0.068834 -0.212346 -0.472668 1.000000 0.605414 0.397108 0.132914 0.520315 0.581386 -0.331824 -0.210677 0.640039 0.177095 -0.020044 -0.315110 0.496963 0.304047 -0.118187 0.044794 0.415250 0.240846 0.016584 -0.141043 -0.333017 0.020634 -0.441296 -0.396194 -0.274898 -0.390630 -0.123166 0.051684 0.052798 0.096920 -0.041586 0.188842 0.420204 0.164869 0.656801 0.594476 -0.461773 -0.399941 0.131227 -0.252304 -0.015870 -0.179528 0.144881 0.220479 0.773164 0.402114 0.544969 0.056617 0.210072 -0.015598 0.642983 0.555546 0.717228 0.624178 0.354432 0.327969 0.041833 0.161881 0.023418 0.038154 -0.511610 -0.259406 -0.400914 -0.545089 -0.508254 -0.498498 -0.078995 0.124179 -0.216956 -0.296841 0.033034 -0.233120 -0.265137 -0.250812 0.075540 -0.370652 -0.293240 -0.106924 -0.040487 -0.088337 0.338838 -0.047938 -0.369497 -0.003385 -0.352895 -0.154909 0.048562 0.206913
-0.170753 0.245618 -0.539935 -0.078050 -0.407222 -0.569930 -0.256147 -0.049585 -0.390184 -0.253896 0.045171 -0.099653 -0.286900 0.128560 -0.227050 -0.121702 0.626866 0.717089 -0.057773 0.332045 -0.163227 -0.344983 -0.684213 -0.528224 -0.302335 -0.217549 -0.342288 -0.626016 0.605414 1.000000 0.177484 0.036468 0.533771 0.581495 -0.319776 -0.259290 0.574054 0.365270 -0.142538 -0.185073 0.337382 0.482581 0.011186 0.112597 0.529938 0.341748 0.233608 -0.081937 -0.120457 0.143838 -0.350624 -0.315439 -0.133645 -0.233472 -0.039723 0.158484 0.076526 0.104308 -0.288408 0.027622 0.160238 0.007683 0.451534 0.640272 -0.350712 -0.248024 -0.090906 -0.201437 -0.214449 -0.370214 0.074704 0.299826 0.675365 0.597910 0.570686 0.147442 0.303975 -0.022966 0.666060 0.444263 0.608796 0.675727 0.095163 0.386550 -0.078899 0.128589 0.007806 0.141718 -0.578218 -0.251804 -0.264770 -0.342521 -0.324538 -0.348893 -0.222538 0.126232 -0.201631 -0.307268 0.197603 -0.054497 -0.121725 -0.199698 0.368508 -0.177002 -0.304290 -0.152138 0.035059 -0.225399 0.155161 0.028510 -0.383689 0.213615 -0.076115 -0.030833 -0.112911 -0.076109
-0.118523 -0.303140 -0.078235 0.093855 -0.013557 0.111442 -0.498780 -0.190554 -0.501595 -0.310253 -0.159450 -0.225658 -0.425355 -0.269715 -0.226525 -0.292770 0.152652 -0.123794 0.273123 0.303968 0.229594 0.177580 -0.187486 0.234987 0.637422 0.637063 0.289998 0.167855 0.397108 0.177484 1.000000 0.796450 0.264619 0.498547 0.195975 0.075655 0.242278 0.081658 0.086580 0.078089 -0.074968 0.058738 -0.065858 0.209412 0.208584 0.219643 -0.048546 0.191269 -0.431881 0.024836 -0.466652 -0.340366 -0.252871 -0.301924 0.007939 0.001343 0.110985 0.086641 -0.253790 0.234747 -0.151240 -0.191550 0.112050 0.132055 -0.120800 -0.419506 0.258365 0.218053 0.087205 0.063757 -0.049399 0.224811 0.204013 -0.045144 0.029924 -0.183963 -0.191532 -0.211718 0.333722 0.417695 0.286860 0.192580 0.092968 0.119841 0.103756 0.074150 0.327508 0.281781 -0.177054 0.086328 -0.348133 -0.319500 -0.189933 -0.212814 -0.253793 0.219459 0.017344 -0.003117 -0.161514 -0.137181 -0.272269 -0.017922 0.169375 0.012035 -0.254334 -0.211829 -0.022843 -0.183769 0.180556 0.275531 0.121709 0.238132 -0.298674 -0.032059 -0.133179 -0.083548
-0.199206 -0.390114 0.122070 0.309261 -0.076286 0.168981 -0.349931 -0.036868 -0.441661 -0.322418 -0.248443 -0.108068 -0.408923 -0.478123 -0.090485 -0.218153 -0.128146 -0.328480 0.035592 0.114874 0.035553 0.211368 0.124620 0.516966 0.559969 0.798263 0.235418 0.350979 0.132914 0.036468 0.796450 1.000000 0.063408 0.304639 0.394362 0.144157 0.045298 0.024309 0.159141 0.160747 -0.086920 0.101011 0.031565 0.209578 0.104323 0.109470 -0.098569 0.205806 -0.336385 -0.076417 -0.352188 -0.301966 -0.230390 -0.184694 -0.050143 0.065083 0.096187 0.009670 -0.324880 -0.081572 -0.310129 -0.420821 -0.155198 -0.198860 0.112944 -0.275721 -0.000373 0.171335 -0.096975 -0.143846 -0.121231 0.165984 -0.111527 -0.116392 -0.076124 -0.086889 -0.264186 -0.096042 0.005045 0.131354 0.032889 -0.038768 0.186095 0.267367 0.230605 0.222811 0.388681 0.341109 0.010125 0.217206 -0.360631 -0.327113 -0.210945 -0.149018 -0.008898 0.223534 0.219094 0.223569 -0.170355 -0.031687 -0.319275 0.018143 -0.043641 0.127693 -0.202922 0.019954 0.040541 0.011197 0.152582 0.250769 0.221442 0.162128 -0.206533 -0.003651 -0.145896 -0.076647
0.060977 0.132115 -0.412689 -0.334007 -0.550536 -0.505862 -0.337653 -0.342671 -0.513277 -0.512464 -0.090453 -0.313608 -0.174829 0.014841 -0.367701 -0.482322 0.612103 0.390484 0.047002 0.412967 -0.105148 -0.115006 -0.607265 -0.480075 -0.211039 0.034138 -0.249190 -0.330161 0.520315 0.533771 0.264619 0.063408 1.000000 0.721265 -0.111778 -0.284724 0.432127 0.084489 -0.224720 -0.257307 0.297778 0.240602 0.220312 0.330976 0.429657 0.203316 0.221272 0.123457 -0.137927 0.073435 -0.300723 -0.369446 -0.137931 -0.433800 -0.318694 0.103135 0.397425 0.374776 -0.039150 0.101596 0.162685 -0.140776 0.361273 0.387321 -0.625570 -0.532349 0.294965 -0.198396 0.252289 -0.175683 -0.178716 0.262112 0.595030 0.236347 0.430853 -0.051769 0.310044 -0.009486 0.659480 0.520774 0.715193 0.664256 0.060740 0.069158 -0.201322 0.197604 -0.189813 -0.111847 -0.632150 -0.354774 -0.377039 -0.296297 -0.474093 -0.455746 -0.005165 -0.174537 0.074144 -0.177150 0.251562 0.110415 -0.273772 -0.256035 0.065668 -0.210503 -0.232593 0.037922 0.027957 -0.044430 -0.054177 -0.163389 -0.171161 0.152023 -0.182823 -0.055773 0.185415 0.109404
0.005716 0.006543 -0.455228 -0.096429 -0.457321 -0.467980 -0.356606 -0.192677 -0.541702 -0.408093 0.053487 -0.268853 -0.212285 -0.034046 -0.257346 -0.383433 0.574934 0.294647 0.214255 0.546149 -0.079724 -0.169005 -0.611150 -0.356378 -0.063095 0.113109 -0.209427 -0.314560 0.581386 0.581495 0.498547 0.304639 0.721265 1.000000 -0.054518 -0.195094 0.434929 -0.017823 -0.055514 -0.204481 0.321382 0.279579 -0.070222 0.221792 0.404674 0.248142 0.015901 -0.066598 -0.465419 -0.146366 -0.470137 -0.599494 -0.458222 -0.493881 -0.250823 -0.072392 0.258695 0.330960 -0.149068 0.141192 0.174919 -0.134865 0.401084 0.404751 -0.374805 -0.419211 0.209516 -0.002993 0.184664 -0.127270 -0.212731 0.172773 0.625132 0.287850 0.504680 -0.076584 0.179144 -0.120918 0.686104 0.620242 0.604595 0.553688 0.247442 0.257517 0.067216 0.156603 0.094891 0.060212 -0.468136 -0.185841 -0.594725 -0.526308 -0.452580 -0.433880 -0.022894 -0.099637 -0.002762 -0.126292 -0.014746 -0.074376 -0.261849 -0.276143 0.146381 -0.196997 -0.248954 0.058261 0.110750 -0.015445 0.051502 -0.088157 -0.176028 0.121038 -0.370204 0.008529 0.167630 0.021006
-0.028233 -0.327622 0.401525 0.245007 -0.067617 0.244230 0.068507 0.057392 -0.099010 -0.093960 -0.243897 -0.065654 -0.025088 -0.322540 -0.016161 -0.065653 -0.295629 -0.517173 0.053335 -0.082959 -0.225449 0.135282 0.419705 0.386076 0.188661 0.422010 0.101898 0.404973 -0.331824 -0.319776 0.195975 0.394362 -0.111778 -0.054518 1.000000 0.312868 -0.240597 -0.049673 0.252638 0.254816 -0.230092 -0.041553 0.067447 0.140063 -0.108144 -0.035409 0.063219 0.281842 -0.124603 -0.128335 0.120712 -0.127036 -0.139152 -0.061819 -0.052097 0.048832 0.062946 -0.013438 0.054766 -0.040783 -0.195142 -0.242140 -0.274222 -0.404687 0.268723 -0.014607 0.136058 0.277696 0.119307 0.022004 -0.294694 0.047454 -0.341476 -0.137424 -0.204219 -0.087770 0.009010 0.202399 -0.319944 -0.053374 -0.286872 -0.353552 -0.030817 -0.064429 0.091264 -0.020784 0.133390 -0.030805 0.250992 0.148354 -0.341856 -0.084219 -0.006742 0.095157 0.084677 -0.072112 0.341717 0.232132 -0.195685 -0.014786 -0.077081 0.138199 -0.217003 0.118994 -0.069505 0.026666 0.064010 -0.046578 -0.183047 0.075323 0.364133 0.023177 -0.105291 0.133904 -0.029104 -0.158287
-0.055447 -0.438437 0.322951 0.184954 0.127712 0.249269 0.123988 0.045501 0.175609 0.052242 -0.041084 -0.190661 0.169517 0.011378 0.028466 0.058761 -0.270575 -0.298204 0.096982 -0.252091 0.092326 0.126528 0.417197 0.160630 0.087664 0.066925 0.181538 0.315171 -0.210677 -0.259290 0.075655 0.144157 -0.284724 -0.195094 0.312868 1.000000 -0.033245 0.172371 0.311287 0.422139 -0.322491 -0.199022 -0.127754 0.097732 -0.085357 0.180670 0.106374 0.162752 -0.185443 -0.238529 0.195373 -0.002996 -0.144693 -0.006855 0.186690 -0.003090 -0.245735 -0.099676 0.052061 0.027172 0.052293 0.155083 -0.035534 -0.109034 0.328529 0.314262 -0.078775 0.329210 0.005225 0.173143 0.062559 0.132803 -0.140006 0.018524 -0.057178 0.124200 -0.024802 0.156651 -0.192945 -0.076663 -0.332125 -0.311368 -0.352245 -0.306328 0.052492 -0.290285 0.184445 0.198010 0.393218 0.249288 -0.075890 -0.112222 0.096737 0.044237 -0.330098 0.164209 0.130265 0.191608 -0.174721 -0.227401 -0.039184 -0.151399 -0.002665 -0.126462 -0.005239 -0.356028 0.011655 -0.195895 -0.157974 0.407251 0.511554 0.085532 -0.183811 0.049530 -0.300952 -0.420343
