1.000000 0.607392 0.072289 -0.008368 -0.092845 -0.281708 0.116995 -0.303204 -0.285678 -0.653446 0.270521 -0.008018 -0.298552 -0.498475 0.117047 -0.494982 0.440981 0.220373 0.233700 0.379061 -0.109368 -0.158820 0.196659 0.031161 -0.168755 -0.243836 -0.090374 -0.073186 -0.081228 -0.371105 -0.146537 -0.387187 0.234403 0.175024 -0.202147 -0.359116 -0.371034 -0.256350 0.297389 0.133799 -0.269067 -0.419300 -0.417567 -0.157663 -0.221386 -0.319457 -0.047891 -0.210231 0.215230 -0.059015 0.368499 0.122436 -0.005292 -0.198286 0.219363 0.324471 0.746230 0.630492 0.420627 -0.110277 0.315889 0.189018 0.136948 0.264776 0.147688 -0.230500 0.113474 -0.306842 0.388515 0.396443 -0.416219 -0.189562 -0.132595 -0.492021 -0.445771 -0.465188 -0.541236 -0.507317 0.227214 -0.074818 0.122721 0.041728 0.061363 -0.355356 0.546004 0.291241 0.262480 0.221897 0.639598 0.575183 -0.015773 -0.047229 -0.349127 -0.157123 0.041170 -0.068786 0.246514 -0.112273 0.240148 0.332814 -0.153821 -0.118438 -0.234969 -0.106461 -0.211541 -0.177529 -0.051760 0.230721 0.096981 -0.122183 -0.208314 -0.118297 -0.003981 -0.263165 -0.237880 -0.138606
0.607392 1.000000 -0.156651 -0.059419 -0.220264 -0.319801 0.060489 -0.171312 -0.318462 -0.518961 0.327743 -0.026286 -0.011477 -0.223146 0.182639 -0.515045 0.501884 0.355227 -0.062724 0.186109 -0.155708 -0.258301 -0.022859 -0.148549 -0.283571 -0.283409 -0.207005 -0.201775 0.237094 -0.066197 -0.252514 -0.416473 0.303716 0.419443 -0.408096 -0.498765 -0.259382 -0.259258 0.077662 0.113571 -0.079378 -0.336287 -0.562385 -0.308993 -0.418950 -0.602629 -0.057506 -0.229374 0.152277 -0.068408 0.319646 0.047174 0.174416 -0.084874 0.136236 0.286034 0.569457 0.716208 0.260243 0.042203 0.352807 0.431711 0.167141 0.367955 0.185657 -0.082453 -0.072922 -0.516170 0.190925 0.482946 -0.477062 -0.016804 0.163764 -0.326914 -0.319021 -0.412251 -0.534471 -0.360474 0.267963 0.007476 0.292002 0.201962 0.237869 -0.155763 0.580027 0.406740 0.118019 0.211732 0.598164 0.394373 0.071825 -0.087477 -0.388512 -0.254806 -0.071646 -0.043313 0.226622 -0.089776 0.324703 0.232291 -0.208178 -0.134486 -0.125830 -0.086708 -0.041501 -0.041518 -0.034953 0.132710 0.040117 -0.061453 -0.214151 -0.075055 0.121458 -0.144888 -0.099088 -0.127805
0.072289 -0.156651 1.000000 0.421584 0.234249 0.115687 0.811344 0.326891 0.375120 0.122460 -0.163875 -0.136952 0.063696 0.032346 0.117776 -0.090103 -0.240713 -0.407213 0.476969 0.320832 0.014726 0.030508 0.476198 0.468627 0.306429 0.230498 0.135065 0.175898 -0.211918 -0.252679 0.352762 0.278406 0.004979 -0.059254 0.087573 -0.035100 -0.182148 -0.299238 0.185686 -0.261510 0.023227 0.011066 -0.031026 0.004120 -0.110650 -0.094415 -0.011044 0.009493 -0.266289 -0.136808 -0.094389 -0.262826 -0.349836 -0.128321 -0.179881 -0.229898 -0.197530 -0.147845 -0.246175 -0.416237 -0.076055 -0.390007 -0.122285 -0.208903 0.111428 -0.097644 -0.090866 0.018270 0.053511 -0.178328 0.084291 0.014763 -0.168586 0.071505 -0.039956 0.147795 0.172574 0.146152 -0.144877 -0.068063 -0.335540 -0.291117 0.199702 -0.139609 -0.026017 -0.145337 0.365977 -0.165491 -0.103775 0.000715 -0.028009 0.093096 0.154834 0.151328 -0.110885 -0.155501 0.015488 -0.179401 -0.031928 -0.044218 -0.037813 0.099389 -0.182453 -0.215832 -0.134925 -0.168474 -0.213904 -0.093662 -0.101904 0.172092 0.010302 0.145349 0.075642 -0.096994 -0.082352 -0.231490
-0.008368 -0.059419 0.421584 1.000000 0.093981 0.130632 0.446167 0.636405 0.358873 0.247551 -0.167422 0.316663 -0.108486 0.198354 0.194213 0.185776 -0.339195 -0.302836 0.300967 0.097072 0.228356 0.131712 0.522466 0.719773 0.279248 0.254694 0.150511 0.259534 -0.204088 -0.219393 0.233367 0.351402 -0.220676 -0.156249 -0.002958 -0.001832 -0.035226 -0.185801 0.136697 0.018570 0.210838 0.143740 -0.064136 -0.078606 -0.114363 -0.004844 -0.207729 -0.108163 -0.284557 -0.121362 -0.096531 -0.126717 -0.342297 -0.171936 -0.414423 -0.391178 -0.234264 -0.338440 -0.193855 -0.337884 -0.089148 -0.285013 -0.175296 -0.149577 0.100364 0.194291 -0.163671 0.128098 -0.133654 -0.330138 0.080185 -0.249991 -0.001234 0.112058 0.242688 0.264253 0.224439 0.165202 -0.082409 -0.156950 -0.391819 -0.415896 0.202778 0.155998 -0.051852 -0.188100 0.494262 -0.072715 0.032385 -0.116585 -0.161176 -0.005655 0.415093 0.219069 -0.236992 0.032282 -0.117135 -0.219967 -0.232268 -0.220372 0.272672 0.228024 0.070355 -0.148473 -0.294476 -0.192949 -0.335795 -0.383325 0.175800 0.164787 0.143325 -0.048526 0.052616 0.252077 0.119416 -0.034537
-0.092845 -0.220264 0.234249 0.093981 1.000000 0.723924 0.089074 0.096953 0.079280 0.352179 -0.310580 -0.263784 -0.154583 -0.000015 -0.154948 0.174376 -0.175150 -0.257418 0.158198 0.145905 0.371850 0.509652 -0.069561 -0.024073 0.374374 0.429341 0.804281 0.624084 -0.151583 0.072476 0.275987 0.078837 0.204887 0.153785 0.011834 -0.053781 -0.060352 -0.332824 0.058518 -0.268900 0.035105 0.027694 0.228661 0.135493 0.104133 0.257655 0.195261 0.086489 0.000925 0.125031 -0.079355 -0.015834 0.073246 0.085750 0.326649 -0.043846 -0.165378 -0.239309 0.057924 0.050168 -0.260357 -0.306905 -0.106335 -0.234373 -0.391482 -0.218350 0.169153 0.127940 0.012771 -0.034399 0.491630 0.288674 0.050121 0.267965 -0.119215 0.307273 0.100132 0.255137 -0.087305 -0.064255 -0.158518 -0.077539 -0.080738 0.058277 -0.264855 -0.076768 -0.170940 -0.070254 -0.008672 -0.002866 -0.176499 -0.303770 -0.248352 -0.322800 -0.022807 -0.313909 0.136888 -0.005807 -0.090473 -0.190668 -0.240885 -0.379854 -0.361772 -0.381487 -0.279433 -0.228745 -0.114888 -0.108460 -0.194773 0.051870 0.033495 0.000811 -0.235834 -0.173409 -0.252809 -0.317778
-0.281708 -0.319801 0.115687 0.130632 0.723924 1.000000 -0.097827 0.048245 -0.055916 0.528311 -0.452492 -0.344614 -0.245070 -0.086968 -0.231503 0.254559 -0.221441 -0.457859 0.117836 -0.016581 0.386767 0.499407 -0.060632 0.110449 0.629263 0.755337 0.780511 0.778956 -0.165450 0.263154 0.113574 0.136223 -0.083164 0.019222 -0.030620 -0.048142 0.034866 -0.383776 0.005357 -0.320387 0.181486 0.130319 0.173554 0.093613 -0.082879 0.159712 0.071844 0.066117 -0.180411 -0.017529 -0.107268 -0.165434 0.007920 0.034963 0.023552 -0.087010 -0.206634 -0.278587 -0.126096 0.053782 -0.325430 -0.287375 -0.103814 -0.168509 -0.418662 -0.242476 0.126706 0.110065 -0.016656 -0.118005 0.396835 0.103293 0.001625 0.565447 0.053788 0.634192 0.218724 0.497637 -0.016809 0.091609 -0.061235 -0.036613 -0.128318 0.180320 -0.349281 -0.151194 -0.178359 -0.136982 -0.222150 -0.199319 -0.079279 -0.090113 -0.035279 -0.118352 0.070740 -0.258364 0.069612 0.156859 -0.170287 -0.308485 -0.247707 -0.278663 -0.222841 -0.219839 -0.039621 -0.029790 0.059178 -0.052732 -0.182552 0.110128 0.092511 -0.082770 -0.169364 0.049640 -0.015734 -0.155878
0.116995 0.060489 0.811344 0.446167 0.089074 -0.097827 1.000000 0.424877 0.427301 0.045187 -0.000123 0.066334 0.203214 0.212867 0.207485 -0.130002 -0.206047 -0.209362 0.263101 0.205008 -0.096916 -0.181291 0.437767 0.404180 0.088693 0.046996 -0.006363 -0.025341 -0.111387 -0.176366 0.259657 0.280328 0.069385 0.019150 -0.044365 -0.090923 -0.231886 -0.294001 0.085889 -0.194665 0.144067 -0.027425 0.006061 -0.031848 -0.102453 -0.164946 0.006536 0.113406 -0.071600 -0.015297 -0.017036 -0.145140 -0.210206 -0.046451 -0.281543 -0.216714 -0.201825 -0.039397 -0.122689 -0.292618 0.031168 -0.147893 -0.122135 -0.101170 0.234333 0.118722 -0.260945 -0.138078 -0.017351 -0.064387 -0.046549 -0.078049 -0.123698 -0.047403 -0.071621 0.003083 -0.002834 -0.032834 -0.093344 -0.087061 -0.328338 -0.217341 0.234879 -0.087207 -0.018259 -0.115592 0.467552 -0.172870 0.003471 0.004076 -0.000811 0.007453 0.108066 0.049368 -0.118097 -0.059394 0.021021 -0.256340 0.072169 0.021935 0.026952 0.148262 -0.069713 -0.203097 -0.195696 -0.174674 -0.331312 -0.178437 -0.018964 0.083519 -0.028448 0.132727 0.163929 -0.179303 -0.030256 -0.238461
-0.303204 -0.171312 0.326891 0.636405 0.096953 0.048245 0.424877 1.000000 0.309119 0.593995 0.020954 0.478293 0.312522 0.701664 0.118102 0.342793 -0.297472 -0.153158 -0.136530 -0.283213 0.021461 -0.052033 0.098424 0.325821 -0.046814 0.012472 0.095682 0.039958 -0.092435 -0.089384 0.126497 0.184787 -0.106988 -0.237471 0.188594 0.267288 -0.037001 -0.040303 -0.135438 0.015663 0.066982 0.113603 0.043065 0.087055 -0.097368 0.083662 -0.217202 -0.015265 -0.354131 -0.226437 -0.186103 -0.144778 -0.445133 -0.381272 -0.244128 -0.411798 -0.423205 -0.393280 -0.321893 -0.092212 0.129032 0.013826 0.035298 0.056793 0.243737 0.611284 -0.146612 0.293605 -0.474410 -0.384699 0.134196 0.047649 0.089209 0.119629 0.284328 0.196594 0.184468 0.125603 -0.182436 -0.328976 -0.276998 -0.368490 0.007977 0.123844 -0.192979 -0.129550 0.188362 -0.302231 -0.090829 -0.272143 -0.253217 -0.195976 0.397589 0.086901 -0.321628 0.020863 -0.124860 -0.222636 -0.223177 -0.248629 0.489656 0.287523 0.303558 0.053538 -0.225650 -0.224273 -0.402724 -0.398014 -0.025473 0.131769 0.124159 0.048511 0.010578 0.172489 -0.016100 -0.133423
-0.285678 -0.318462 0.375120 0.358873 0.079280 -0.055916 0.427301 0.309119 1.000000 0.353665 -0.059020 0.303131 0.142710 0.325693 0.320068 0.372088 -0.342229 -0.077519 0.079461 0.006902 0.103881 -0.014924 0.361903 0.495403 0.236149 0.185028 -0.107339 0.029266 -0.071529 -0.115297 0.438895 0.439272 -0.163466 -0.106276 0.342908 0.311836 0.100588 0.072567 0.044881 -0.081093 0.243392 0.349875 0.195931 -0.061472 0.082501 0.047365 -0.001570 0.156557 -0.102058 -0.024791 -0.090290 -0.102553 -0.129263 0.037078 -0.289248 -0.335254 -0.507281 -0.407651 -0.140397 -0.147159 -0.210671 -0.175016 -0.229507 -0.252348 0.059374 0.224435 -0.228237 0.144610 -0.165172 -0.311994 0.249777 -0.196329 -0.103392 0.206321 0.219391 0.249894 0.373540 0.216979 -0.205379 -0.116616 -0.477597 -0.324399 0.270008 0.297429 -0.151672 -0.221425 0.244329 -0.114588 -0.252596 -0.153378 -0.074304 -0.050301 0.337694 0.127135 -0.118662 -0.115730 -0.098105 -0.279342 -0.151085 -0.157577 0.236042 0.178899 -0.056768 -0.220742 -0.064183 -0.096139 -0.253179 -0.341461 -0.037657 0.051658 0.083527 0.088409 -0.113615 0.077894 0.061983 -0.082241
-0.653446 -0.518961 0.122460 0.247551 0.352179 0.528311 0.045187 0.593995 0.353665 1.000000 -0.244330 0.202314 0.226819 0.610937 -0.146014 0.647069 -0.384341 -0.268137 -0.094028 -0.268285 0.256131 0.262678 -0.259170 0.088235 0.197416 0.336445 0.312980 0.233377 -0.131564 0.192351 0.043513 0.159955 -0.174244 -0.165262 0.165345 0.299045 0.171741 -0.034181 -0.148292 -0.196534 0.200036 0.329135 0.250720 0.095189 0.052946 0.247290 -0.037131 0.130807 -0.276471 -0.058400 -0.333078 -0.115599 -0.077281 -0.108157 -0.075236 -0.340452 -0.613228 -0.631771 -0.265163 0.179772 -0.175650 -0.086218 -0.004924 -0.150220 -0.147956 0.471122 -0.055599 0.333437 -0.299747 -0.291660 0.489529 0.063362 0.011288 0.546762 0.309424 0.608170 0.430442 0.520085 -0.317664 -0.212624 -0.299462 -0.279264 -0.185721 0.324988 -0.467974 -0.175287 -0.238492 -0.269098 -0.399247 -0.321507 -0.002781 -0.076295 0.390346 0.006760 -0.271002 -0.188697 -0.102371 -0.099473 -0.183122 -0.287320 0.303793 0.088646 0.112093 -0.100142 0.027917 -0.141281 -0.161981 -0.327344 -0.237728 0.099907 0.052917 -0.014280 -0.161822 0.188721 -0.043105 -0.181413
0.270521 0.327743 -0.163875 -0.167422 -0.310580 -0.452492 -0.000123 0.020954 -0.059020 -0.244330 1.000000 0.477653 0.563434 0.232630 0.660089 -0.088991 0.453352 0.367107 -0.309908 -0.209733 -0.260351 -0.286754 -0.219035 -0.132251 -0.409770 -0.389642 -0.433045 -0.364905 0.389175 -0.275265 -0.238227 -0.323287 0.194463 0.235774 0.294158 0.286486 -0.146316 -0.023366 -0.152222 -0.002664 -0.022361 -0.364881 -0.285203 -0.095849 -0.217739 -0.276700 -0.067034 -0.128620 0.223506 -0.386585 0.532179 0.078364 -0.068934 -0.239338 -0.002533 0.023675 0.074768 0.208649 0.042729 -0.104387 0.658986 0.455980 0.374312 0.477958 0.670971 0.363323 -0.028696 0.023073 -0.035500 0.224057 -0.432614 -0.120790 0.008575 -0.396663 -0.193430 -0.304660 -0.403845 -0.421986 0.008067 -0.286059 0.003986 -0.012306 0.219934 0.007955 0.542315 0.370665 0.076879 -0.027556 0.433697 0.336332 -0.184559 -0.235038 -0.293056 -0.254276 -0.163996 -0.015855 0.198741 -0.138844 -0.084427 -0.075994 -0.051997 -0.142480 -0.081986 -0.107945 -0.194734 -0.187138 -0.131773 -0.128568 0.180110 -0.296863 -0.082789 -0.187923 -0.184099 -0.158219 0.030190 0.052903
-0.008018 -0.026286 -0.136952 0.316663 -0.263784 -0.344614 0.066334 0.478293 0.303131 0.202314 0.477653 1.000000 0.317071 0.568230 0.414554 0.455825 -0.019802 0.415310 -0.235377 -0.352910 -0.156933 -0.277304 0.023080 0.189185 -0.263257 -0.207259 -0.251290 -0.224307 0.183688 -0.218288 -0.046456 0.080045 -0.104858 -0.159866 0.241219 0.381931 0.063556 0.201518 -0.054633 0.103495 0.053247 0.090908 0.001499 0.011512 -0.074256 -0.001194 -0.080957 0.049251 -0.003250 -0.216460 0.088312 0.144795 -0.159636 -0.289320 -0.199009 -0.198843 -0.215562 -0.239562 0.042044 0.048019 0.320297 0.380940 0.198730 0.305297 0.374212 0.742774 -0.234230 0.123125 -0.342024 -0.251013 -0.158205 -0.179249 0.069171 -0.217338 0.237922 -0.075292 -0.082027 -0.214840 -0.243834 -0.279083 -0.216728 -0.272782 0.115831 0.333705 0.080496 0.068177 0.150670 -0.012060 0.093797 -0.017796 -0.248854 -0.270562 0.203881 -0.144732 -0.318252 -0.005656 -0.089752 -0.288906 -0.152843 -0.148798 0.428896 0.163177 0.124540 0.005657 -0.212099 -0.115260 -0.327312 -0.296472 0.108810 -0.207504 -0.056323 -0.165712 -0.198812 0.065630 0.070657 -0.019572
-0.298552 -0.011477 0.063696 -0.108486 -0.154583 -0.245070 0.203214 0.312522 0.142710 0.226819 0.563434 0.317071 1.000000 0.655578 0.393778 0.271668 0.290065 0.303634 -0.366157 -0.315888 -0.242656 -0.246049 -0.444486 -0.278210 -0.462139 -0.375710 -0.293664 -0.502835 0.446267 0.207445 -0.178387 -0.129982 0.113102 0.088504 0.207716 0.208988 0.201687 0.065984 -0.263092 -0.183892 0.194172 -0.043809 -0.176072 -0.231852 -0.145183 -0.262002 -0.170064 -0.099408 -0.102012 -0.344458 -0.091376 -0.359713 -0.135436 -0.336734 -0.107670 -0.297717 -0.293794 -0.160488 -0.251501 -0.046488 0.537006 0.269713 0.538872 0.332045 0.538588 0.508086 -0.215482 -0.011666 -0.324185 -0.071650 -0.095028 0.089248 0.209982 -0.006747 0.104814 0.031319 -0.083495 -0.075107 -0.137285 -0.237451 0.193082 0.176359 0.152451 0.345954 0.152206 0.299017 -0.242276 -0.095589 -0.081716 -0.011193 -0.077549 -0.128967 -0.019293 -0.114091 -0.206863 0.058983 -0.103056 -0.135882 -0.144895 -0.244014 0.147879 0.171927 0.208635 0.087551 0.001422 0.006125 -0.030777 -0.006823 -0.046709 -0.083504 -0.199495 -0.024323 0.021360 -0.069293 0.144465 0.049395
-0.498475 -0.223146 0.032346 0.198354 -0.000015 -0.086968 0.212867 0.701664 0.325693 0.610937 0.232630 0.568230 0.655578 1.000000 0.138166 0.511534 -0.074138 0.219373 -0.307343 -0.344012 -0.052061 -0.109837 -0.321037 -0.100245 -0.352126 -0.229906 -0.119623 -0.276692 0.219498 0.184393 0.041897 0.172590 -0.002517 -0.050003 0.200670 0.361153 0.190151 0.157945 -0.276439 -0.042620 0.076682 0.128382 0.163391 0.049196 0.081739 0.097125 -0.041363 0.147538 -0.167564 -0.179588 -0.313554 -0.169873 -0.209710 -0.323120 -0.093320 -0.306138 -0.529984 -0.495939 -0.213506 0.086384 0.217079 0.196493 0.229979 0.151705 0.272044 0.758191 -0.229346 0.190170 -0.462105 -0.289258 0.097407 0.115257 0.204835 0.062589 0.242662 0.124366 0.113346 0.093040 -0.293769 -0.266435 -0.141419 -0.090979 -0.012498 0.444026 -0.225930 0.009522 -0.148241 -0.075248 -0.219338 -0.196765 -0.149959 -0.255394 0.203518 -0.162030 -0.374022 0.017491 -0.127501 -0.283640 -0.103455 -0.198252 0.379519 0.164624 0.196563 -0.009245 -0.144882 -0.184471 -0.363372 -0.390385 -0.134435 0.049149 -0.076812 0.081457 -0.080067 0.077368 -0.026401 -0.121407
0.117047 0.182639 0.117776 0.194213 -0.154948 -0.231503 0.207485 0.118102 0.320068 -0.146014 0.660089 0.414554 0.393778 0.138166 1.000000 0.142473 0.152546 0.138676 -0.058233 -0.069614 -0.084767 -0.133067 0.221418 0.330775 0.009821 0.011929 -0.171277 -0.012722 0.292389 -0.176200 0.078692 0.076392 -0.054323 0.026170 0.275630 0.138331 -0.029662 -0.047706 0.049016 -0.042872 0.153899 -0.192936 -0.267607 -0.172816 -0.286298 -0.344771 -0.121961 -0.170268 0.038639 -0.324988 0.390882 -0.058602 -0.220135 -0.127086 -0.266754 -0.194564 -0.133032 0.111531 -0.154359 -0.311717 0.336945 0.157826 0.061692 0.234108 0.578007 0.249926 -0.199193 -0.042072 -0.017148 0.060406 -0.239598 -0.055790 0.082522 -0.138595 0.024217 -0.093844 -0.169621 -0.250211 0.026189 -0.007142 -0.159025 -0.131189 0.509124 0.145059 0.478196 0.178466 0.318455 -0.021688 0.294043 0.110546 -0.241669 -0.111717 -0.102865 -0.059887 -0.198311 -0.045771 0.008539 -0.304022 -0.272702 -0.226016 -0.036745 -0.048288 -0.096392 -0.184978 -0.238108 -0.153564 -0.130184 -0.312756 0.189932 -0.201739 -0.006832 -0.153428 -0.097075 -0.030578 0.218155 0.010027
-0.494982 -0.515045 -0.090103 0.185776 0.174376 0.254559 -0.130002 0.342793 0.372088 0.647069 -0.088991 0.455825 0.271668 0.511534 0.142473 1.000000 -0.233572 0.041451 -0.142499 -0.259211 0.235745 0.232052 -0.169701 0.139726 0.070748 0.205229 0.147455 0.115957 0.090756 0.264775 0.135715 0.300167 -0.268398 -0.272857 0.231912 0.297874 0.462938 0.253427 0.017322 -0.060250 0.245846 0.431996 0.166898 -0.133528 0.000486 0.108175 -0.179007 -0.059372 -0.290287 -0.117690 -0.378576 -0.182530 -0.039791 -0.125551 -0.128045 -0.404862 -0.507469 -0.590179 -0.211436 0.076501 -0.078618 -0.026290 0.139994 -0.004177 -0.045607 0.478168 -0.225404 0.178828 -0.308244 -0.366641 0.446270 0.024754 0.224344 0.359041 0.453137 0.440141 0.353261 0.288042 -0.331403 -0.118379 -0.111666 -0.053450 0.092959 0.630956 -0.337041 -0.085591 -0.264503 0.108040 -0.396636 -0.278213 -0.094089 -0.075212 0.385417 0.024743 -0.273767 -0.173404 -0.407067 -0.208703 -0.354811 -0.391568 0.432037 0.150422 0.178820 0.014483 0.077904 0.027466 -0.051935 -0.263466 -0.182999 -0.117355 -0.098900 -0.231802 -0.175337 0.159214 0.064102 -0.059902
0.440981 0.501884 -0.240713 -0.339195 -0.175150 -0.221441 -0.206047 -0.297472 -0.342229 -0.384341 0.453352 -0.019802 0.290065 -0.074138 0.152546 -0.233572 1.000000 0.456698 -0.255375 -0.023965 -0.151177 -0.221612 -0.320710 -0.435729 -0.318469 -0.282340 -0.200260 -0.260237 0.428309 0.078330 -0.128947 -0.354642 0.389156 0.404929 -0.157479 -0.175918 -0.013853 -0.054841 -0.096920 0.069739 -0.096333 -0.350825 -0.436196 -0.170968 -0.371082 -0.512354 -0.095026 -0.172480 -0.043485 -0.384748 0.214053 -0.213648 -0.061247 -0.382403 0.105054 0.136610 0.644447 0.591294 0.006979 -0.036820 0.582684 0.396581 0.645537 0.652148 0.251422 -0.038457 0.121760 -0.256402 0.051637 0.248198 -0.434953 -0.129525 0.306187 -0.284520 -0.130843 -0.286301 -0.520737 -0.407495 0.382191 0.028070 0.583170 0.442725 0.091699 0.060458 0.590747 0.519430 -0.238824 0.195219 0.352451 0.295448 -0.187149 -0.187108 -0.509366 -0.371799 -0.020672 -0.045607 0.190600 -0.072347 0.195624 0.127532 -0.255952 -0.119794 -0.107899 -0.004159 -0.116795 -0.009124 0.020197 0.178659 0.070213 -0.073944 -0.358902 -0.043614 -0.039736 -0.246005 -0.169767 -0.067873
0.220373 0.355227 -0.407213 -0.302836 -0.257418 -0.457859 -0.209362 -0.153158 -0.077519 -0.268137 0.367107 0.415310 0.303634 0.219373 0.138676 0.041451 0.456698 1.000000 -0.230545 -0.090151 -0.222964 -0.256442 -0.278368 -0.393898 -0.533409 -0.481379 -0.335860 -0.502137 0.492310 0.197590 -0.141855 -0.212922 0.199856 0.164072 -0.176139 -0.170181 0.187097 0.265716 -0.067804 0.139297 -0.020881 0.001895 -0.256958 -0.247827 -0.110220 -0.275044 -0.027387 -0.104762 0.130135 -0.023307 -0.077660 -0.029098 0.087946 -0.185619 0.189371 0.169415 0.256054 0.242145 0.236290 0.182954 0.287239 0.423156 0.267399 0.346222 0.131965 0.265876 -0.270571 -0.342070 -0.193717 0.107658 -0.186716 0.109585 0.325248 -0.309026 -0.033627 -0.421065 -0.315446 -0.345721 0.063755 0.108603 0.370077 0.386918 0.209602 0.289257 0.308835 0.457651 -0.234415 0.397705 0.240378 0.305312 -0.058919 -0.180617 -0.265154 -0.327395 -0.131449 -0.023047 -0.059236 -0.161251 0.147027 0.127369 0.003031 -0.040538 -0.056308 0.029696 0.009013 0.098396 -0.007261 0.145594 -0.085057 -0.181026 -0.276991 0.028185 0.029676 -0.002790 -0.074786 -0.048060
0.233700 -0.062724 0.476969 0.300967 0.158198 0.117836 0.263101 -0.136530 0.079461 -0.094028 -0.309908 -0.235377 -0.366157 -0.307343 -0.058233 -0.142499 -0.255375 -0.230545 1.000000 0.789757 0.228427 0.292282 0.385660 0.367187 0.243919 0.166282 0.164523 0.182231 -0.157848 -0.332137 0.253809 0.223737 -0.007437 0.013451 -0.177298 -0.239328 -0.035924 -0.188957 0.202712 -0.076719 -0.009855 -0.058929 -0.084983 -0.086671 0.065375 0.115175 0.062042 -0.106472 -0.073079 0.074865 -0.129075 -0.016923 -0.041984 0.147911 0.096007 0.004817 -0.042887 -0.158507 0.094068 -0.181463 -0.361120 -0.439036 -0.352555 -0.384048 -0.285935 -0.297796 0.115027 0.073447 0.551569 0.101165 0.076427 0.110352 -0.207577 -0.128269 -0.285533 -0.110300 0.027041 0.019511 -0.246210 0.137177 -0.300626 -0.132511 0.216102 -0.136812 0.132337 -0.006269 0.285988 0.251847 0.144199 0.356824 0.214505 0.322298 0.017289 0.113277 -0.218852 -0.175234 0.027774 -0.219448 0.050895 0.186156 -0.259405 -0.086266 -0.392150 -0.386633 -0.178266 -0.351867 -0.106272 -0.085238 -0.065226 0.052405 -0.034907 0.076092 0.018115 0.177324 -0.153587 -0.201547
0.379061 0.186109 0.320832 0.097072 0.145905 -0.016581 0.205008 -0.283213 0.006902 -0.268285 -0.209733 -0.352910 -0.315888 -0.344012 -0.069614 -0.259211 -0.023965 -0.090151 0.789757 1.000000 0.185639 0.236960 0.214652 0.192734 0.040052 -0.026861 0.080808 0.063796 -0.065932 -0.177738 0.219542 0.099180 0.159916 0.237025 -0.212618 -0.333614 -0.023317 -0.115115 0.271514 0.042803 -0.042294 -0.078545 -0.244261 -0.271925 0.004829 -0.117048 -0.093206 -0.209361 -0.027587 0.034189 -0.152772 -0.117209 0.057595 0.135348 0.159707 0.049876 0.131865 0.028865 0.127945 -0.194887 -0.262502 -0.358543 -0.283338 -0.316281 -0.252429 -0.362272 0.073819 -0.095905 0.670576 0.355417 0.001754 0.092338 -0.045712 -0.164720 -0.265737 -0.211572 -0.045422 -0.046133 -0.076198 0.094459 -0.068650 0.067601 0.211776 -0.105840 0.217209 0.093204 0.140671 0.339219 0.219647 0.421601 0.247118 0.306611 -0.103549 0.079094 -0.075249 -0.116984 -0.014592 -0.178916 0.030126 0.202653 -0.283713 -0.081329 -0.405429 -0.358641 -0.060254 -0.270220 -0.059756 -0.010816 -0.129204 0.053735 -0.137957 0.035857 0.056222 0.091123 -0.192298 -0.199758
-0.109368 -0.155708 0.014726 0.228356 0.371850 0.386767 -0.096916 0.021461 0.103881 0.256131 -0.260351 -0.156933 -0.242656 -0.052061 -0.084767 0.235745 -0.151177 -0.222964 0.228427 0.185639 1.000000 0.829867 0.013500 0.177970 0.175115 0.205316 0.369007 0.379557 -0.230558 0.112590 0.023952 0.083852 -0.082602 0.025730 -0.130635 -0.037479 0.246121 -0.085536 0.230027 0.009218 0.203813 0.268461 0.077447 -0.129631 0.088408 0.059284 -0.077910 -0.107464 -0.013915 0.163225 -0.197535 0.083715 0.144789 0.198162 0.088920 -0.162897 -0.153467 -0.285173 0.178470 -0.008475 -0.213823 -0.187724 -0.247099 -0.256457 -0.155991 -0.038536 -0.012085 0.026969 0.122127 -0.021384 0.622666 0.066309 0.082013 0.477052 0.146387 0.429247 0.361832 0.461293 -0.079968 -0.047449 -0.319027 -0.273983 0.095037 0.055546 -0.205656 -0.220410 0.014170 0.037936 -0.055112 -0.072938 -0.050374 0.035311 0.102806 0.054704 -0.200878 -0.310677 -0.161402 -0.180656 -0.095898 -0.089890 0.115285 0.032960 -0.041058 -0.127124 -0.119056 -0.157324 -0.181361 -0.277728 -0.162627 0.144083 -0.236514 -0.108857 -0.268172 0.059821 -0.199837 -0.372363
-0.158820 -0.258301 0.030508 0.131712 0.509652 0.499407 -0.181291 -0.052033 -0.014924 0.262678 -0.286754 -0.277304 -0.246049 -0.109837 -0.133067 0.232052 -0.221612 -0.256442 0.292282 0.236960 0.829867 1.000000 -0.054072 0.096202 0.220609 0.237130 0.426334 0.405704 -0.150962 0.126606 0.049924 0.069347 -0.062640 0.067623 -0.068663 -0.046853 0.203203 -0.127385 0.122327 -0.101960 0.052942 0.154781 0.103088 -0.064972 0.102076 0.168296 -0.007745 -0.152781 -0.059246 0.126212 -0.183259 0.013978 0.076566 0.181184 0.212357 -0.106159 -0.228713 -0.378972 0.031095 0.032646 -0.355536 -0.348481 -0.226787 -0.370239 -0.261468 -0.192145 0.061992 0.109302 0.133108 -0.040096 0.681409 0.259682 0.028892 0.455715 0.033261 0.393381 0.371473 0.503566 -0.150575 0.015813 -0.228628 -0.137655 0.028862 0.062637 -0.199877 -0.160880 -0.085571 0.102863 -0.016047 0.012041 0.023103 0.025259 -0.008685 0.031653 -0.035516 -0.237549 -0.123698 0.025344 -0.193519 -0.197172 -0.075218 -0.176301 -0.154993 -0.200007 -0.058801 -0.132878 -0.074228 -0.224486 -0.198026 0.118414 -0.068307 -0.070244 -0.295031 0.127808 -0.091049 -0.249170
0.196659 -0.022859 0.476198 0.522466 -0.069561 -0.060632 0.437767 0.098424 0.361903 -0.259170 -0.219035 0.023080 -0.444486 -0.321037 0.221418 -0.169701 -0.320710 -0.278368 0.385660 0.214652 0.013500 -0.054072 1.000000 0.766015 0.582410 0.414784 0.041179 0.336842 -0.147702 -0.269493 0.500951 0.530150 -0.261882 -0.199096 -0.020106 -0.071393 -0.142280 -0.078679 0.177547 -0.044227 0.160456 0.081716 0.009096 0.067924 -0.131858 -0.028144 -0.023108 -0.039272 -0.211311 0.029224 0.169722 0.021262 -0.318619 0.101902 -0.424794 -0.131538 -0.002559 0.049194 -0.260659 -0.537398 -0.380245 -0.406800 -0.509948 -0.298844 -0.013393 -0.284518 -0.237670 -0.118279 -0.018158 -0.275998 -0.037731 -0.173978 -0.132472 -0.036154 0.139923 -0.030905 0.214474 0.055721 0.164740 0.304796 -0.272487 -0.246875 0.393125 -0.171711 0.028598 -0.245321 0.682338 -0.090491 -0.051556 -0.173154 -0.139924 0.069096 0.239369 0.313806 0.104353 0.031177 -0.116344 -0.019297 -0.123150 -0.026928 -0.034433 0.109808 -0.087368 -0.009998 -0.037749 0.120946 -0.107565 -0.053932 0.192411 0.099657 0.275868 0.047841 0.162129 0.102669 0.205476 0.068996
0.031161 -0.148549 0.468627 0.719773 -0.024073 0.110449 0.404180 0.325821 0.495403 0.088235 -0.132251 0.189185 -0.278210 -0.100245 0.330775 0.139726 -0.435729 -0.393898 0.367187 0.192734 0.177970 0.096202 0.766015 1.000000 0.498551 0.457528 0.041111 0.380605 -0.180619 -0.296656 0.404242 0.465868 -0.222292 -0.186755 0.199444 0.081031 -0.096274 -0.168019 0.170064 -0.048530 0.234289 0.109930 -0.063266 -0.112388 -0.195448 -0.067065 -0.208746 -0.116838 -0.255680 -0.137636 0.107810 -0.077598 -0.295858 -0.016884 -0.483780 -0.373631 -0.270986 -0.208731 -0.290778 -0.454746 -0.269455 -0.384115 -0.414689 -0.251767 0.082336 -0.020132 -0.178395 0.138133 0.026760 -0.240172 0.083030 -0.192326 -0.148022 0.141113 0.200884 0.247575 0.261948 0.157850 -0.041554 -0.003414 -0.458796 -0.438500 0.410183 0.064903 0.042594 -0.202337 0.621011 -0.097817 -0.031493 -0.095969 -0.058404 0.177727 0.393451 0.335256 -0.096923 -0.126403 -0.170114 -0.173373 -0.333441 -0.257733 0.113122 0.125777 -0.052176 -0.182379 -0.099087 -0.067524 -0.112658 -0.267123 0.049608 0.013505 0.195980 -0.127430 -0.001480 0.215650 0.169570 -0.015649
-0.168755 -0.283571 0.306429 0.279248 0.374374 0.629263 0.088693 -0.046814 0.236149 0.197416 -0.409770 -0.263257 -0.462139 -0.352126 0.009821 0.070748 -0.318469 -0.533409 0.243919 0.040052 0.175115 0.220609 0.582410 0.498551 1.000000 0.924872 0.467551 0.756181 -0.134760 -0.023780 0.425145 0.450794 -0.263088 -0.056878 0.047662 0.024105 -0.039053 -0.293072 0.057547 -0.290132 0.308740 0.190574 0.166892 0.176864 -0.185590 0.090216 0.117802 0.092297 -0.270168 -0.042785 0.160091 -0.070081 -0.138597 0.162019 -0.281073 -0.101265 -0.185763 -0.136682 -0.297111 -0.275777 -0.520920 -0.449588 -0.381017 -0.309795 -0.344009 -0.445562 0.029697 0.063053 -0.017445 -0.265177 0.213579 -0.141575 -0.104101 0.411770 0.142290 0.473512 0.389229 0.456702 0.103895 0.259158 -0.189972 -0.186364 0.181701 0.000066 -0.187802 -0.236073 0.233138 -0.231774 -0.264664 -0.286159 -0.180574 -0.069743 0.092670 0.102318 0.180343 -0.200344 0.046356 0.162828 -0.197599 -0.266341 -0.282473 -0.187151 -0.285398 -0.182933 0.052642 0.125131 0.039581 -0.065013 -0.036068 0.113445 0.315060 -0.035567 -0.094744 0.064784 0.182131 -0.032880
-0.243836 -0.283409 0.230498 0.254694 0.429341 0.755337 0.046996 0.012472 0.185028 0.336445 -0.389642 -0.207259 -0.375710 -0.229906 0.011929 0.205229 -0.282340 -0.481379 0.166282 -0.026861 0.205316 0.237130 0.414784 0.457528 0.924872 1.000000 0.559937 0.827012 -0.065726 0.099558 0.390632 0.444699 -0.189839 -0.003171 0.059511 0.039083 0.028995 -0.319010 0.047098 -0.305490 0.357962 0.200562 0.171779 0.156526 -0.254743 0.054331 0.044187 0.114282 -0.300469 -0.088207 0.088192 -0.121080 -0.091590 0.129654 -0.313687 -0.174251 -0.232072 -0.191116 -0.286417 -0.210428 -0.420344 -0.369004 -0.287868 -0.208021 -0.331414 -0.311251 -0.017502 0.057258 -0.062980 -0.233962 0.219850 -0.108103 -0.028773 0.485976 0.198770 0.549278 0.333163 0.452479 0.099449 0.227881 -0.126621 -0.117736 0.146231 0.151298 -0.237278 -0.198407 0.141215 -0.211051 -0.284157 -0.327186 -0.187318 -0.061961 0.081488 0.011142 0.162383 -0.231879 -0.021197 0.147713 -0.287989 -0.321342 -0.311702 -0.212714 -0.288754 -0.203601 0.037328 0.096469 0.037203 -0.117100 -0.089822 0.040116 0.263547 -0.102852 -0.119709 0.103011 0.181459 -0.082010
-0.090374 -0.207005 0.135065 0.150511 0.804281 0.780511 -0.006363 0.095682 -0.107339 0.312980 -0.433045 -0.251290 -0.293664 -0.119623 -0.171277 0.147455 -0.200260 -0.335860 0.164523 0.080808 0.369007 0.426334 0.041179 0.041111 0.467551 0.559937 1.000000 0.773080 -0.245950 0.127441 0.191475 0.106950 -0.019391 -0.084234 -0.144823 -0.162138 -0.012164 -0.211515 0.128089 -0.157628 0.083576 0.072092 0.236467 0.236778 0.030805 0.244326 0.129756 0.092366 -0.081571 0.100083 -0.086438 0.014800 0.018340 0.065690 0.201604 -0.016979 -0.064571 -0.171392 0.049375 0.060677 -0.250402 -0.183618 -0.111804 -0.122899 -0.422329 -0.177574 0.155776 0.085310 -0.002399 -0.098956 0.366996 0.188214 0.033595 0.266562 -0.004005 0.266830 0.063704 0.215045 -0.011733 0.128707 -0.023481 -0.073288 -0.153436 -0.025709 -0.304830 -0.161797 -0.058629 -0.182539 -0.075854 -0.141740 -0.226559 -0.203830 -0.152109 -0.197341 0.009328 -0.161715 0.079624 0.064668 -0.093709 -0.107075 -0.231116 -0.167413 -0.206945 -0.110446 -0.303366 -0.152914 -0.023081 -0.019592 -0.060108 0.125907 0.110421 0.015387 -0.124563 -0.046949 -0.159081 -0.263858
-0.073186 -0.201775 0.175898 0.259534 0.624084 0.778956 -0.025341 0.039958 0.029266 0.233377 -0.364905 -0.224307 -0.502835 -0.276692 -0.012722 0.115957 -0.260237 -0.502137 0.182231 0.063796 0.379557 0.405704 0.336842 0.380605 0.756181 0.827012 0.773080 1.000000 -0.234167 -0.006617 0.380248 0.335767 -0.129673 -0.006457 0.047780 0.008214 -0.068938 -0.262497 0.112029 -0.155886 0.137805 0.135550 0.212905 0.267288 -0.143215 0.154289 0.118074 0.126932 -0.191213 -0.042879 0.086417 0.030093 -0.074817 0.135109 -0.078891 -0.004119 -0.073109 -0.123597 -0.085775 -0.132148 -0.356082 -0.295834 -0.290392 -0.169756 -0.379489 -0.341700 0.102218 0.100714 -0.010964 -0.169430 0.250825 0.017918 -0.037422 0.312283 0.103990 0.354193 0.181400 0.278200 0.099254 0.124075 -0.182123 -0.209897 0.026582 -0.026108 -0.267422 -0.273500 0.125814 -0.207919 -0.127507 -0.236779 -0.272269 -0.146936 -0.061411 -0.086266 0.129453 -0.180079 0.087241 0.132501 -0.213185 -0.202322 -0.239082 -0.230574 -0.276770 -0.157151 -0.135894 -0.027508 -0.083841 -0.166089 -0.022299 0.040069 0.226345 -0.079875 -0.170135 0.025952 0.013677 -0.166409
-0.081228 0.237094 -0.211918 -0.204088 -0.151583 -0.165450 -0.111387 -0.092435 -0.071529 -0.131564 0.389175 0.183688 0.446267 0.219498 0.292389 0.090756 0.428309 0.492310 -0.157848 -0.065932 -0.230558 -0.150962 -0.147702 -0.180619 -0.134760 -0.065726 -0.245950 -0.234167 1.000000 0.274827 0.197675 0.170585 0.312070 0.387108 0.112584 -0.039706 0.324877 0.031309 -0.215694 -0.225551 0.210648 -0.122891 -0.283792 -0.247952 -0.421129 -0.380574 -0.084905 -0.234907 -0.239763 -0.411624 0.071991 -0.365002 -0.060924 -0.191174 -0.150913 -0.125986 -0.008565 0.075148 -0.264834 -0.154181 0.209952 0.122602 0.326244 0.283515 0.197985 0.041039 -0.126758 -0.231476 -0.241332 -0.059776 -0.234778 0.247683 0.611005 -0.125309 0.084437 -0.120186 -0.201240 -0.167144 0.188172 0.145669 0.523846 0.525850 0.550711 0.528633 0.414191 0.569906 -0.235361 0.342243 0.152058 0.115758 -0.265020 -0.312383 -0.385946 -0.365519 0.013436 -0.117652 -0.133160 0.041033 -0.258493 -0.360126 -0.283409 -0.261267 -0.210972 -0.128651 0.107054 0.195856 0.064791 -0.076179 -0.112277 -0.369454 -0.177962 -0.306781 -0.150490 -0.059899 0.216333 0.049131
-0.371105 -0.066197 -0.252679 -0.219393 0.072476 0.263154 -0.176366 -0.089384 -0.115297 0.192351 -0.275265 -0.218288 0.207445 0.184393 -0.176200 0.264775 0.078330 0.197590 -0.332137 -0.177738 0.112590 0.126606 -0.269493 -0.296656 -0.023780 0.099558 0.127441 -0.006617 0.274827 1.000000 -0.071963 0.117541 -0.061941 0.037730 -0.178781 -0.167036 0.430879 0.124103 0.009889 -0.075885 0.241792 0.277701 -0.011611 -0.242999 -0.065835 -0.186663 -0.115845 -0.099504 -0.191747 0.038420 -0.458329 -0.369623 0.023406 -0.025566 -0.095515 -0.034859 -0.085202 -0.092687 -0.217058 -0.053694 -0.149809 -0.108400 0.045619 -0.022897 -0.093389 -0.076233 -0.396749 -0.357341 -0.240411 -0.128592 0.283033 0.188628 0.495372 0.422305 0.292280 0.247412 0.233229 0.343684 0.210456 0.403396 0.465153 0.548683 -0.022382 0.411702 -0.298018 0.053951 -0.446829 0.165388 -0.425726 -0.343347 -0.003596 0.031773 -0.017148 -0.026929 0.212411 0.072126 -0.315910 0.175089 -0.129969 -0.171945 -0.051997 0.064111 0.187104 0.197593 0.312460 0.428600 0.207029 0.135072 -0.155550 0.157948 -0.067665 0.025819 0.192680 0.060015 0.223014 0.151052
-0.146537 -0.252514 0.352762 0.233367 0.275987 0.113574 0.259657 0.126497 0.438895 0.043513 -0.238227 -0.046456 -0.178387 0.041897 0.078692 0.135715 -0.128947 -0.141855 0.253809 0.219542 0.023952 0.049924 0.500951 0.404242 0.425145 0.390632 0.191475 0.380248 0.197675 -0.071963 1.000000 0.783545 0.086306 0.057129 0.252957 0.094449 0.169571 0.123694 -0.010881 -0.080128 0.172647 0.128367 0.202154 0.231485 -0.081997 0.095887 0.100810 0.113458 -0.478989 -0.209555 -0.158995 -0.260456 -0.300580 -0.073583 -0.229313 -0.203430 -0.176614 -0.200430 -0.427520 -0.381116 -0.351899 -0.435470 -0.255824 -0.220864 -0.234862 -0.214106 -0.123013 0.095412 -0.215178 -0.462105 0.116730 0.138775 0.244701 -0.046847 0.209731 -0.020002 0.136734 -0.029193 0.167873 0.235803 -0.052768 0.083205 0.356278 0.209036 -0.092476 -0.089201 0.145864 0.074301 -0.205399 -0.212531 -0.348868 -0.172843 -0.009767 -0.012578 0.078953 -0.007343 -0.057780 -0.021903 -0.201375 -0.145766 -0.135913 -0.075115 -0.215209 -0.159984 -0.111919 -0.013759 -0.149393 -0.240291 0.052516 0.038749 0.271303 0.092448 0.027492 0.113637 0.049886 0.047237
-0.387187 -0.416473 0.278406 0.351402 0.078837 0.136223 0.280328 0.184787 0.439272 0.159955 -0.323287 0.080045 -0.129982 0.172590 0.076392 0.300167 -0.354642 -0.212922 0.223737 0.099180 0.083852 0.069347 0.530150 0.465868 0.450794 0.444699 0.106950 0.335767 0.170585 0.117541 0.783545 1.000000 -0.136827 0.006432 0.174506 0.204115 0.304076 0.159145 -0.010864 -0.147259 0.342586 0.289232 0.392500 0.245369 0.054903 0.193193 0.085641 0.232389 -0.434427 -0.089889 -0.318748 -0.256114 -0.312650 0.043751 -0.505318 -0.259071 -0.385562 -0.409498 -0.472439 -0.371263 -0.458639 -0.475601 -0.352808 -0.312812 -0.139510 -0.065697 -0.325210 0.034352 -0.250083 -0.562597 0.131268 0.024644 0.195566 0.094517 0.401796 0.163492 0.328227 0.186160 0.119767 0.326404 -0.144401 0.057618 0.328936 0.346161 -0.350903 -0.319482 0.241971 0.049847 -0.463257 -0.464406 -0.302477 -0.128929 0.174747 0.085257 0.087897 0.152387 -0.214295 0.021992 -0.297313 -0.255895 -0.017090 0.071631 -0.095979 -0.057581 0.004363 0.154863 -0.147017 -0.318868 0.093727 0.035535 0.260820 0.054954 0.039855 0.177893 0.302114 0.173751
0.234403 0.303716 0.004979 -0.220676 0.204887 -0.083164 0.069385 -0.106988 -0.163466 -0.174244 0.194463 -0.104858 0.113102 -0.002517 -0.054323 -0.268398 0.389156 0.199856 -0.007437 0.159916 -0.082602 -0.062640 -0.261882 -0.222292 -0.263088 -0.189839 -0.019391 -0.129673 0.312070 -0.061941 0.086306 -0.136827 1.000000 0.633660 0.073662 -0.049514 -0.073647 -0.173696 -0.084875 -0.115549 -0.064973 -0.313049 -0.085192 0.007628 -0.028693 -0.091013 0.117848 0.073986 0.161069 -0.059223 0.179300 0.016387 0.157133 -0.005032 0.225617 0.058035 0.210012 0.293419 0.119402 0.098923 0.210798 0.051853 0.189672 0.138623 0.094978 -0.060275 0.243043 0.004779 0.203221 0.262349 -0.157905 0.128000 0.185707 -0.299521 -0.263970 -0.247768 -0.398537 -0.344821 0.179647 -0.080574 0.146118 0.175709 0.135123 -0.006560 0.310708 0.362039 -0.190083 0.122296 0.354567 0.230880 -0.192281 -0.311385 -0.606222 -0.535298 -0.071037 -0.236435 0.224385 -0.071153 0.058923 0.053414 -0.385815 -0.360316 -0.328393 -0.264056 -0.235279 -0.147889 0.077014 0.083047 -0.121120 -0.284651 -0.223610 -0.076293 -0.244883 -0.285161 -0.335943 -0.235437
0.175024 0.419443 -0.059254 -0.156249 0.153785 0.019222 0.019150 -0.237471 -0.106276 -0.165262 0.235774 -0.159866 0.088504 -0.050003 0.026170 -0.272857 0.404929 0.164072 0.013451 0.237025 0.025730 0.067623 -0.199096 -0.186755 -0.056878 -0.003171 -0.084234 -0.006457 0.387108 0.037730 0.057129 0.006432 0.633660 1.000000 -0.067714 -0.019151 -0.041960 -0.315419 -0.146898 -0.324611 0.188243 -0.211887 -0.080848 -0.077285 -0.173263 -0.230716 0.080828 0.028560 0.095144 -0.136144 0.202580 -0.090931 0.161259 0.034968 0.071908 0.064841 0.163434 0.232378 0.038756 -0.079747 0.133716 -0.012195 0.107616 0.108510 0.120529 -0.166097 0.040237 -0.217960 0.211964 0.274439 -0.210326 -0.021253 0.219647 -0.106776 -0.211539 -0.075735 -0.199200 -0.032475 0.223975 -0.069141 0.124447 0.252057 0.278003 0.114146 0.273148 0.288587 -0.084739 0.151827 0.302957 0.210713 -0.151458 -0.372065 -0.580656 -0.539529 0.018968 -0.229943 0.221097 0.029647 0.021252 -0.134143 -0.495145 -0.473511 -0.489410 -0.438091 -0.098127 -0.030712 0.069210 -0.006671 -0.127978 -0.245221 -0.213111 -0.176577 -0.298992 -0.280609 -0.125040 -0.122957
-0.202147 -0.408096 0.087573 -0.002958 0.011834 -0.030620 -0.044365 0.188594 0.342908 0.165345 0.294158 0.241219 0.207716 0.200670 0.275630 0.231912 -0.157479 -0.176139 -0.177298 -0.212618 -0.130635 -0.068663 -0.020106 0.199444 0.047662 0.059511 -0.144823 0.047780 0.112584 -0.178781 0.252957 0.174506 0.073662 -0.067714 1.000000 0.775920 0.089235 0.133733 -0.189104 -0.080699 -0.032997 0.013547 0.160777 0.082218 0.075047 0.268106 -0.118912 -0.025564 -0.048582 -0.336490 0.167070 -0.070763 -0.270429 -0.177873 -0.208081 -0.295177 -0.365478 -0.363203 -0.183581 -0.106564 0.080795 -0.172423 0.026124 -0.070227 0.236687 0.111312 0.213620 0.574904 -0.220743 -0.280798 -0.016755 -0.082158 -0.042969 -0.002077 0.100726 0.131606 0.134106 -0.013511 -0.054274 -0.286815 -0.168637 -0.149417 0.041833 0.208967 -0.054881 -0.003760 -0.141082 -0.154904 -0.155517 -0.131918 -0.271393 -0.129865 0.078004 0.018686 0.099153 -0.066937 -0.070633 0.036227 -0.515182 -0.423150 0.135509 -0.029511 -0.057426 -0.031395 -0.007840 -0.049504 0.046573 -0.149328 -0.018915 -0.247885 0.228547 -0.242225 -0.282303 -0.110207 0.086268 0.177899
-0.359116 -0.498765 -0.035100 -0.001832 -0.053781 -0.048142 -0.090923 0.267288 0.311836 0.299045 0.286486 0.381931 0.208988 0.361153 0.138331 0.297874 -0.175918 -0.170181 -0.239328 -0.333614 -0.037479 -0.046853 -0.071393 0.081031 0.024105 0.039083 -0.162138 0.008214 -0.039706 -0.167036 0.094449 0.204115 -0.049514 -0.019151 0.775920 1.000000 0.080763 0.179804 -0.277410 -0.058641 0.021843 0.148848 0.377404 0.258122 0.243994 0.412795 -0.074588 0.138208 -0.041380 -0.275712 0.079492 0.060426 -0.245573 -0.117891 -0.246491 -0.292970 -0.420967 -0.463549 -0.192605 -0.040501 0.095761 -0.031870 0.048634 0.057846 0.243202 0.294973 0.125761 0.617135 -0.273359 -0.370845 -0.001103 -0.212020 -0.138638 0.060389 0.238056 0.184855 0.268953 0.130483 -0.111804 -0.318106 -0.296659 -0.215962 -0.174363 0.128996 -0.271654 -0.258800 -0.075259 -0.386964 -0.351544 -0.344412 -0.258143 -0.153489 0.182465 0.039439 0.015449 0.059295 -0.068151 0.054555 -0.352890 -0.312507 0.200214 0.077195 0.096143 0.066082 -0.105589 -0.066443 -0.118856 -0.272987 0.096786 -0.091401 0.238751 -0.040067 -0.310539 -0.042022 0.088474 0.209606
