1.000000 0.411857 0.101273 0.358301 -0.164896 0.221181 0.255482 0.003671 -0.058639 0.290133 0.090280 -0.273600 -0.014565 -0.284887 -0.099257 0.273219 0.218505 0.282183 0.350459 0.181480 0.051410 0.310592 0.218153 0.277164 -0.211723 -0.033192 -0.070703 0.143975 0.034300 -0.245403 -0.431679 -0.436136 0.252545 0.344861 -0.065164 0.110198 0.429579 -0.434521 0.507416 -0.133646 0.203935 -0.104661 0.053087 0.143357 -0.229854 0.217893 -0.053559 -0.273611 -0.133300 -0.043672 0.009115 0.168776 -0.124540 -0.001867 0.292504 -0.124359 0.734457 0.547506 0.216410 -0.038569 0.394175 0.392856 0.211640 0.468158 0.148449 -0.179477 0.235679 0.183803 0.321150 0.346095 -0.350785 -0.531450 -0.174445 -0.357823 -0.065919 -0.337662 -0.106520 -0.346931 0.371080 0.126107 0.284222 -0.314223 0.006006 -0.299513 0.302646 -0.029959 0.021120 -0.007842 0.209647 0.214081 -0.125467 0.050029 0.022502 0.102823 -0.342668 -0.527389 -0.005529 -0.373430 0.049306 -0.118918 0.138648 0.312368 -0.082025 0.423027 -0.089117 -0.111463 0.304426 -0.173507 -0.206067 -0.313889 -0.256705 0.069273 -0.071693 -0.148110 -0.254789 -0.469400
0.411857 1.000000 -0.029772 0.585426 -0.316040 -0.018871 -0.126413 0.287771 -0.111969 0.287458 -0.265308 -0.222940 -0.065807 -0.276320 -0.005606 0.201152 -0.131578 -0.096572 0.533475 0.424990 0.016899 -0.031492 -0.034363 0.022618 -0.460629 -0.316461 -0.261056 -0.293368 -0.208703 -0.372936 -0.442684 -0.498376 0.304902 0.643025 -0.257172 -0.020585 0.292712 -0.172945 0.382930 0.025670 0.160163 0.118905 -0.100797 -0.032480 -0.298582 0.110486 -0.055830 -0.282601 -0.141296 -0.173066 -0.073149 0.058365 -0.207692 -0.073110 0.396385 -0.092148 0.394420 0.786810 0.356409 0.347555 0.429337 0.602481 0.182952 0.573502 -0.052670 -0.305129 0.456920 0.220668 0.602945 0.531527 -0.260117 -0.572016 -0.114171 -0.389178 0.096077 -0.109712 -0.246052 -0.440784 0.112659 0.016869 0.142174 -0.241711 -0.169858 -0.283631 0.078561 -0.180765 0.020886 -0.160255 0.217410 0.356079 -0.062798 -0.068229 -0.154429 -0.179667 -0.104239 -0.504751 0.180686 -0.164873 -0.030785 -0.092391 -0.088524 -0.000164 -0.218492 0.191950 -0.026671 -0.059048 0.337850 -0.277071 -0.162284 -0.285343 -0.185594 -0.054305 -0.407779 -0.359003 -0.328057 -0.460843
0.101273 -0.029772 1.000000 0.309700 0.457131 -0.058742 0.594719 0.539522 0.300589 0.220505 0.291378 0.290323 0.341880 0.386961 0.272207 -0.027984 -0.368198 -0.135955 0.156645 -0.073119 0.322408 0.311405 0.629729 0.441926 0.385511 0.223134 0.099631 0.054788 0.013502 -0.005992 0.333364 0.249250 0.077700 -0.033891 -0.272843 -0.214421 -0.183729 0.350321 -0.018307 0.470105 0.324189 -0.087509 -0.385882 -0.220443 0.077836 -0.151584 -0.440123 -0.403657 0.044210 -0.075119 -0.031777 -0.278240 0.059351 -0.532672 -0.324578 -0.381035 -0.076206 -0.204370 0.020554 -0.121437 0.132641 -0.235638 -0.020316 -0.038541 0.000691 -0.069781 -0.286850 -0.148535 -0.438285 -0.289310 0.257240 0.187313 0.210803 -0.072384 0.278878 0.085322 -0.240444 0.222730 -0.308205 0.193004 -0.359340 0.351147 0.325022 0.182033 -0.198557 0.347683 0.358609 0.111471 0.177717 -0.146893 0.029804 -0.274389 -0.068232 -0.144378 -0.163327 0.049889 -0.370706 0.031152 -0.290556 -0.434250 0.005298 -0.177063 0.119224 -0.226124 0.012445 0.061750 -0.267809 0.180432 -0.037910 -0.044096 -0.138904 -0.114098 0.027205 -0.279635 -0.192827 -0.198885
0.358301 0.585426 0.309700 1.000000 0.159915 0.166833 0.152980 0.636137 0.239951 0.384124 0.003201 -0.148920 0.121376 -0.181169 0.266554 0.084160 -0.234723 0.082375 0.490942 0.526797 -0.046040 -0.054769 0.443310 0.640958 -0.135837 -0.025962 -0.067960 -0.064354 -0.258499 -0.182291 -0.254489 -0.258092 0.441220 0.541379 -0.364620 -0.313034 0.098787 -0.112101 0.271021 0.023023 0.149955 -0.023281 -0.290981 -0.073550 -0.227831 -0.048898 -0.396425 -0.364453 -0.182657 -0.116911 -0.029082 -0.001802 -0.081559 -0.192798 0.149885 -0.115398 0.246146 0.491732 0.051093 -0.027175 0.203906 0.315753 0.008615 0.430516 0.126611 -0.117519 -0.068063 -0.025514 0.177601 0.104548 -0.229396 -0.396780 -0.134959 -0.255463 0.103795 0.014496 -0.185238 -0.197582 -0.112791 0.080000 -0.091271 -0.111881 0.174515 -0.163945 0.021746 -0.109084 0.170613 0.012378 0.364945 0.133158 0.057701 0.040622 0.099740 0.104445 -0.160343 -0.410806 -0.124251 -0.165506 -0.102579 0.030410 -0.028167 0.030866 -0.189888 0.106867 -0.134588 -0.117450 0.092886 -0.188826 -0.207260 -0.274859 -0.334202 -0.023608 -0.060897 -0.118430 -0.171467 -0.306809
-0.164896 -0.316040 0.457131 0.159915 1.000000 0.199240 0.273388 0.267663 0.583773 0.046495 0.268371 0.243014 0.211012 0.222270 0.469018 -0.139017 -0.240176 -0.096071 -0.102994 -0.009529 0.131932 0.082499 0.497164 0.465705 0.487263 0.396191 0.416783 0.353908 0.076472 0.055192 0.402364 0.424708 -0.028738 -0.204266 -0.123784 -0.152553 -0.350514 0.280237 -0.211521 0.174033 0.056516 -0.004661 -0.287227 -0.103427 0.167668 -0.208971 -0.408455 -0.155866 0.112672 0.023138 0.144217 -0.171509 0.212133 -0.114176 -0.392676 -0.198685 -0.259944 -0.360240 -0.282853 -0.201144 -0.216378 -0.264578 -0.072752 -0.146462 0.357967 -0.022034 -0.533698 -0.264849 -0.427344 -0.368381 0.259607 0.303300 0.091491 0.037011 0.128158 0.196742 -0.074731 0.267972 -0.428516 0.040678 -0.417868 0.225963 0.542892 0.272582 -0.022087 0.133842 0.457642 0.279622 0.268234 -0.110644 0.107011 0.023333 0.129261 0.213638 -0.059693 0.137092 -0.391546 0.039800 -0.235801 -0.128026 0.160960 0.082532 0.193545 -0.183130 -0.030905 0.079575 -0.180784 0.274566 -0.118890 0.056579 -0.191558 -0.115995 0.078870 -0.019116 -0.080549 0.077893
0.221181 -0.018871 -0.058742 0.166833 0.199240 1.000000 -0.046758 -0.173833 0.097160 0.320126 -0.177221 -0.399098 -0.215384 -0.332617 -0.116350 0.093750 0.124986 0.107647 -0.099312 -0.181509 0.005813 0.249208 0.147648 0.278528 -0.076130 0.266674 0.458499 0.707649 -0.324583 -0.278163 -0.290732 -0.224169 0.154761 0.098314 0.086445 0.268007 0.143471 -0.387586 0.312005 -0.272956 -0.052556 0.017249 0.181168 0.368960 0.232257 0.476707 -0.011937 0.063975 0.175294 0.436988 0.251319 0.446148 0.098387 0.249279 0.248929 0.125412 0.238905 0.242023 0.046521 0.255106 0.235620 0.023592 0.160702 0.051630 0.410612 0.234630 0.162038 0.458845 0.092891 0.175874 -0.322950 -0.367995 -0.307676 -0.311074 -0.177231 -0.230701 -0.136676 -0.362965 0.119940 -0.139259 0.201953 -0.476998 0.055237 -0.334703 0.312551 -0.124288 -0.021152 0.090342 0.342202 0.080070 0.099098 0.387688 0.368983 0.468797 0.052600 -0.319008 0.159139 -0.315480 0.303108 0.419569 0.039381 0.147520 -0.161471 0.185963 -0.408689 -0.349288 0.112390 -0.075563 0.044290 -0.242439 0.000158 0.271039 0.377637 0.401534 -0.118278 -0.082062
0.255482 -0.126413 0.594719 0.152980 0.273388 -0.046758 1.000000 0.293900 0.313778 0.240871 0.398907 0.178291 0.517790 0.160548 0.309768 0.255856 -0.337111 0.166528 0.080244 0.064162 0.342815 0.416796 0.360564 0.362226 0.217232 0.136418 0.023510 0.148622 0.141496 0.167452 0.075290 0.111493 -0.093450 0.026128 -0.097611 0.054294 -0.043507 -0.055185 0.131416 0.185645 0.228371 -0.027708 -0.268730 -0.273591 -0.101768 -0.092590 -0.259152 -0.428970 0.035826 -0.194535 0.007508 -0.251490 -0.107580 -0.370422 -0.134072 -0.452675 -0.000852 -0.061246 -0.041051 -0.158328 0.166683 -0.220387 0.147957 -0.033968 0.372086 0.177047 -0.275804 -0.137859 -0.470814 -0.186960 0.024263 0.027255 0.081833 0.074023 0.027815 0.005738 -0.103959 0.170282 -0.206097 0.014879 -0.247095 -0.018566 0.420103 0.179524 -0.008342 0.107620 0.396025 0.336757 0.185657 -0.165803 0.125836 -0.133381 0.155827 0.015471 -0.142482 -0.035817 -0.207602 -0.187673 -0.144460 -0.254829 0.043819 0.014728 -0.030081 0.046025 0.014871 0.056493 -0.060069 0.192467 -0.009332 -0.129509 -0.316117 0.027680 -0.064459 -0.178289 -0.094368 -0.145472
0.003671 0.287771 0.539522 0.636137 0.267663 -0.173833 0.293900 1.000000 0.374293 0.315148 0.256321 0.458074 0.449725 0.384536 0.395033 0.020486 -0.425815 -0.190964 0.115727 0.267700 0.209852 -0.059121 0.316584 0.325103 0.080996 -0.089874 -0.057670 -0.183724 -0.012535 0.022394 0.181457 0.189356 0.130305 0.180536 -0.467035 -0.432229 -0.221367 0.397833 -0.077696 0.434828 0.370819 0.006829 -0.608038 -0.406851 -0.182862 -0.395819 -0.575364 -0.508143 -0.180244 -0.321386 -0.202356 -0.418821 -0.012319 -0.538348 -0.263743 -0.383402 -0.160398 -0.067746 -0.032332 -0.124093 0.031623 -0.087730 -0.174103 0.201665 -0.055435 0.030156 -0.376154 -0.311314 -0.235542 -0.299928 0.289694 0.168958 0.232772 -0.052994 0.293438 0.162320 -0.299007 0.109412 -0.426205 0.090329 -0.377184 0.378554 0.382236 0.302945 -0.296056 0.152922 0.321639 0.102942 0.243915 -0.081276 0.073690 -0.165330 0.068468 -0.152028 0.022217 0.104353 -0.278878 0.211054 -0.302330 -0.221575 -0.078835 -0.280611 0.045221 -0.325466 0.096759 0.161424 -0.290114 0.021086 -0.014269 0.039498 -0.240345 -0.217983 -0.134941 -0.222783 0.028039 -0.019122
-0.058639 -0.111969 0.300589 0.239951 0.583773 0.097160 0.313778 0.374293 1.000000 0.330688 0.569705 0.291350 0.573233 0.220168 0.783047 0.106544 -0.231771 0.001412 -0.049772 0.043408 0.183771 0.088144 0.348120 0.337772 0.213993 0.311816 0.058068 0.203263 0.154373 0.071253 0.282346 0.337968 -0.028815 -0.172390 -0.212143 -0.357441 -0.194219 0.157153 -0.082196 0.106034 0.178750 0.100633 -0.381268 -0.190089 -0.091931 -0.356228 -0.455879 -0.227572 0.007911 -0.136329 0.169395 -0.194814 0.007099 -0.038793 -0.255217 -0.212012 -0.275297 -0.203984 -0.020769 -0.211641 -0.022415 -0.238991 -0.169991 -0.079653 0.516779 0.095078 -0.557024 -0.369103 -0.269855 -0.342659 0.312655 0.228337 0.098509 0.075932 0.091696 0.151598 -0.052418 0.187104 -0.511737 -0.073643 -0.392697 0.024829 0.705325 0.205453 0.047185 -0.083388 0.468821 0.193312 0.494471 -0.208253 -0.036467 0.150060 0.046918 0.068831 0.193002 0.128952 -0.283859 0.114673 -0.297769 0.036635 0.020286 -0.052992 0.123853 -0.166158 0.104657 0.135062 -0.156344 0.224179 -0.032525 0.012632 -0.230329 -0.153728 0.001671 -0.006109 -0.046181 0.076351
0.290133 0.287458 0.220505 0.384124 0.046495 0.320126 0.240871 0.315148 0.330688 1.000000 0.107608 -0.162835 0.092362 -0.217644 0.170964 0.560869 -0.296936 -0.026816 0.171526 0.059092 0.039272 0.266997 0.298014 0.350835 -0.311574 -0.106101 -0.286156 0.091907 -0.150543 -0.240760 -0.330604 -0.346669 0.301981 0.283980 -0.474017 -0.187048 0.537067 0.029147 0.587368 0.346992 0.449721 0.042080 -0.338810 -0.158798 -0.233034 0.071091 -0.308184 -0.463004 -0.062272 -0.053384 -0.020774 -0.034030 -0.130633 -0.297172 0.418906 -0.111395 0.085789 0.290945 0.122125 0.124439 0.190091 0.120293 0.003852 0.242725 0.269403 0.073388 -0.052977 0.071241 0.056387 0.068637 -0.114509 -0.386693 0.065145 -0.362825 0.140597 -0.154699 -0.328274 -0.248740 -0.221074 0.162691 -0.062590 -0.042270 0.167118 -0.024203 0.135293 0.034597 0.197203 0.154354 0.583930 0.195998 0.085802 -0.050769 0.177661 0.039281 -0.034869 -0.360124 0.295990 -0.122668 0.223560 0.125872 0.118215 -0.085104 -0.057581 0.180096 -0.076415 -0.072407 0.144067 -0.090661 0.045392 -0.124944 -0.154843 0.346513 0.135693 -0.061698 -0.377982 -0.437031
0.090280 -0.265308 0.291378 0.003201 0.268371 -0.177221 0.398907 0.256321 0.569705 0.107608 1.000000 0.482032 0.749531 0.433094 0.660502 0.061752 -0.124436 0.050583 -0.094790 0.108334 0.256465 0.257545 0.307481 0.209282 0.291238 0.196114 -0.084281 0.028434 0.463146 0.213104 0.385905 0.424055 -0.028695 -0.297620 -0.219524 -0.396180 -0.120745 0.138900 -0.173810 0.068024 0.377201 -0.174835 -0.320598 -0.310881 -0.146005 -0.485905 -0.336779 -0.188978 -0.095959 -0.216569 0.038400 -0.325669 0.074292 -0.106310 -0.392779 -0.372208 -0.226634 -0.385906 -0.031548 -0.410519 -0.089482 -0.350994 -0.302034 -0.242533 0.158672 0.101284 -0.596866 -0.503995 -0.273612 -0.396411 0.398229 0.356704 0.228542 0.145079 0.111742 -0.017848 0.009621 0.326886 -0.337594 0.152565 -0.297264 0.256627 0.600216 0.235980 0.013978 0.089265 0.387665 0.033544 0.185577 -0.294814 -0.055609 -0.045824 -0.094007 -0.080575 0.104743 0.282853 -0.436916 0.116396 -0.318387 -0.240566 0.064771 -0.108929 0.301594 -0.190294 0.286442 0.222698 -0.326590 0.229831 0.064821 0.023224 -0.253237 -0.232161 0.100857 -0.022486 0.237064 0.225114
-0.273600 -0.222940 0.290323 -0.148920 0.243014 -0.399098 0.178291 0.458074 0.291350 -0.162835 0.482032 1.000000 0.526974 0.810515 0.380563 -0.244727 -0.218482 -0.330769 -0.144061 0.070721 0.212256 -0.136681 0.028846 -0.177665 0.341120 0.046002 -0.041095 -0.171430 0.339712 0.137878 0.668970 0.684922 -0.233406 -0.286890 0.000453 -0.205673 -0.512966 0.557783 -0.561278 0.285656 0.286618 -0.039292 -0.372422 -0.275595 -0.010723 -0.568262 -0.412075 -0.176460 -0.112862 -0.308737 -0.219437 -0.552811 0.027628 -0.329128 -0.631043 -0.456003 -0.371810 -0.552002 -0.167137 -0.317394 -0.294907 -0.410830 -0.398336 -0.266618 -0.192140 0.043291 -0.477764 -0.480711 -0.272584 -0.481327 0.649945 0.675988 0.333111 0.174423 0.182753 0.122503 -0.179219 0.383735 -0.481418 0.072082 -0.426822 0.477327 0.438908 0.450863 -0.365387 0.196518 0.265355 0.031367 -0.037583 -0.356993 -0.109715 -0.206111 -0.173024 -0.380111 0.190694 0.590158 -0.460711 0.418936 -0.445260 -0.288233 -0.019545 -0.359312 0.383958 -0.527994 0.359934 0.385014 -0.523268 0.307726 0.201616 0.184797 -0.076897 -0.270707 -0.061350 -0.075872 0.271407 0.373759
-0.014565 -0.065807 0.341880 0.121376 0.211012 -0.215384 0.517790 0.449725 0.573233 0.092362 0.749531 0.526974 1.000000 0.496810 0.705829 0.171373 -0.365913 0.009410 -0.116827 0.108551 0.450023 0.230504 0.125528 0.089366 0.191330 0.071604 -0.031499 -0.100510 0.358086 0.191456 0.297151 0.351452 -0.142856 -0.201451 -0.261075 -0.335692 -0.286329 0.184326 -0.187229 0.194016 0.359546 0.097888 -0.441317 -0.381792 -0.175751 -0.511751 -0.401919 -0.324693 -0.022511 -0.298458 -0.041778 -0.391595 0.012509 -0.221322 -0.398084 -0.389910 -0.296272 -0.283563 0.132109 -0.248701 0.080501 -0.292285 -0.186633 -0.162873 0.129273 0.095840 -0.513722 -0.485716 -0.331942 -0.388049 0.449358 0.282255 0.231689 0.149328 0.137985 0.110595 -0.127729 0.195528 -0.502009 -0.103709 -0.381589 0.096398 0.607075 0.300369 -0.198950 -0.068716 0.456027 0.068840 0.130303 -0.214121 -0.016537 0.074779 -0.112706 -0.150199 0.181201 0.329137 -0.313017 0.267929 -0.323172 -0.100087 -0.040990 -0.233392 0.253519 -0.225540 0.293601 0.270245 -0.322630 0.221258 0.173810 0.074686 -0.192017 -0.189353 -0.069301 -0.100238 0.243935 0.218937
-0.284887 -0.276320 0.386961 -0.181169 0.222270 -0.332617 0.160548 0.384536 0.220168 -0.217644 0.433094 0.810515 0.496810 1.000000 0.308125 -0.147103 -0.162749 -0.334000 -0.185854 -0.103399 0.388039 0.036543 0.044562 -0.258171 0.401743 0.190849 -0.006196 -0.154407 0.313720 0.182539 0.784428 0.804129 -0.359186 -0.446958 0.026862 -0.207989 -0.537478 0.482808 -0.540515 0.359322 0.215161 0.089832 -0.341841 -0.221238 0.024171 -0.502873 -0.319382 -0.079001 -0.144192 -0.233265 -0.194480 -0.517145 -0.008640 -0.262188 -0.698251 -0.419748 -0.299673 -0.569551 -0.184020 -0.358611 -0.258113 -0.524141 -0.348910 -0.363544 -0.183753 -0.125531 -0.444122 -0.423732 -0.291005 -0.564237 0.709316 0.726672 0.262102 0.150143 0.071874 0.028918 -0.190238 0.245298 -0.398816 -0.131112 -0.400033 0.429117 0.402895 0.541271 -0.376975 0.259096 0.267013 0.131984 -0.104492 -0.286688 -0.193454 -0.201075 -0.305133 -0.354911 0.317039 0.671854 -0.460595 0.439417 -0.532943 -0.265201 -0.098545 -0.455937 0.346310 -0.530367 0.271545 0.345616 -0.599638 0.289348 0.324336 0.293254 0.012069 -0.332792 -0.090357 -0.092902 0.340126 0.414465
-0.099257 -0.005606 0.272207 0.266554 0.469018 -0.116350 0.309768 0.395033 0.783047 0.170964 0.660502 0.380563 0.705829 0.308125 1.000000 0.124765 -0.342873 0.069581 0.124500 0.333087 0.227202 0.028914 0.369448 0.317039 0.197983 0.302756 -0.001765 -0.062333 0.183008 0.209100 0.294379 0.346567 0.013862 -0.091596 -0.260701 -0.461440 -0.196299 0.178374 -0.180954 0.059908 0.191616 0.175365 -0.464560 -0.353470 -0.235578 -0.610307 -0.540227 -0.315023 -0.101887 -0.356930 -0.005251 -0.369287 0.018763 -0.016740 -0.239708 -0.250187 -0.371055 -0.187619 -0.091225 -0.256769 -0.144979 -0.217249 -0.267104 -0.129022 0.345640 -0.060107 -0.646258 -0.607606 -0.169707 -0.376278 0.294526 0.244823 0.109004 0.210679 0.174489 0.277149 0.085539 0.303027 -0.551864 0.013164 -0.460456 0.082339 0.766746 0.263129 -0.007356 -0.236847 0.562392 0.157501 0.476196 -0.095185 0.013172 0.200911 -0.143399 -0.056478 0.134003 0.217680 -0.309407 0.231834 -0.442128 -0.017752 -0.066380 -0.128958 0.171210 -0.156941 0.268760 0.218239 -0.075482 0.114507 0.068901 0.017143 -0.307400 -0.257337 -0.080103 -0.147127 -0.008118 0.096312
0.273219 0.201152 -0.027984 0.084160 -0.139017 0.093750 0.255856 0.020486 0.106544 0.560869 0.061752 -0.244727 0.171373 -0.147103 0.124765 1.000000 -0.277410 0.332636 0.061274 0.047135 0.467706 0.593171 -0.119566 -0.058697 -0.381334 -0.001552 -0.227589 0.047729 -0.081840 0.317805 -0.355731 -0.260984 -0.031103 0.155654 -0.294542 -0.108131 0.449798 -0.213298 0.484235 0.288554 0.296998 0.466829 -0.397135 -0.341804 -0.213301 -0.018585 -0.252023 -0.500711 -0.100990 -0.192234 -0.187678 -0.238053 -0.297976 -0.220442 0.243504 -0.217245 0.124840 0.239308 0.139458 0.057829 0.211427 -0.021456 0.069875 0.154307 0.170529 -0.096080 -0.091306 -0.079030 0.028711 0.010363 -0.043768 -0.163114 0.036839 0.146172 -0.026841 0.064196 0.109930 -0.073622 -0.121412 -0.135950 -0.096750 -0.221013 0.162504 0.349575 -0.123495 -0.260590 0.123543 0.354962 0.198635 0.131245 -0.069249 -0.034559 -0.152461 -0.195080 0.148888 -0.165021 0.265843 -0.022165 0.037108 0.101575 0.024563 -0.064783 -0.112805 0.393475 0.142117 0.153677 0.333707 -0.021655 0.164437 0.038251 -0.234702 0.085757 -0.220003 -0.345015 -0.325844 -0.366246
0.218505 -0.131578 -0.368198 -0.234723 -0.240176 0.124986 -0.337111 -0.425815 -0.231771 -0.296936 -0.124436 -0.218482 -0.365913 -0.162749 -0.342873 -0.277410 1.000000 0.142702 0.001378 -0.154986 -0.260788 -0.127937 -0.166463 -0.180231 -0.019504 0.017937 0.023442 0.057727 0.229828 -0.180337 -0.005816 -0.028587 0.046304 -0.087693 0.455192 0.293394 0.099584 -0.382636 0.008856 -0.522646 -0.321149 -0.243828 0.650350 0.558503 0.009659 0.203589 0.442415 0.539377 -0.145510 0.195901 0.097655 0.305781 -0.030824 0.431052 0.031634 0.295628 0.354690 0.119776 -0.046890 -0.157475 0.105801 0.158432 0.315718 0.086024 0.007707 0.031669 0.297906 0.271068 0.207548 0.204280 -0.365378 -0.058103 -0.323196 -0.136098 -0.462136 -0.420206 0.180146 -0.290028 0.683058 0.026328 0.582238 -0.171144 -0.415178 -0.273584 0.258786 0.179189 -0.476928 -0.260964 -0.359440 0.054493 -0.247484 0.067735 0.077393 0.176760 -0.135833 -0.180195 -0.153959 -0.355380 0.043682 0.053881 0.055605 0.342523 -0.104506 0.121902 -0.228905 -0.172729 0.018267 -0.186957 -0.166815 -0.241721 0.091864 0.019327 0.072165 0.295753 0.230520 0.057513
0.282183 -0.096572 -0.135955 0.082375 -0.096071 0.107647 0.166528 -0.190964 0.001412 -0.026816 0.050583 -0.330769 0.009410 -0.334000 0.069581 0.332636 0.142702 1.000000 0.201923 0.257297 0.189813 0.393042 -0.059703 0.164899 -0.225169 0.120585 0.140852 0.176652 -0.227188 0.569498 -0.369072 -0.226852 0.139118 0.166838 0.125800 -0.018258 0.139971 -0.510445 0.239622 -0.290799 -0.233954 0.290157 -0.031375 -0.055422 -0.076561 0.037207 -0.126096 -0.200324 -0.000761 -0.047241 0.121450 0.055595 -0.122067 0.103535 0.078681 0.045176 0.226808 0.166923 0.042128 -0.151680 0.082007 -0.016439 0.117561 -0.033060 0.159739 0.034846 -0.118328 -0.049377 -0.035856 0.005897 -0.356709 -0.029527 -0.310405 0.544090 -0.236899 0.207191 0.701744 0.313181 0.238731 0.176734 0.003687 -0.275385 0.039683 -0.020539 0.036543 -0.339771 -0.000233 0.132076 -0.062332 -0.121325 -0.128234 0.188326 -0.053400 0.051211 -0.099810 -0.284698 -0.112526 -0.344420 -0.034225 0.116990 -0.192898 0.180920 -0.341223 0.325406 -0.054429 -0.127859 0.298020 -0.345662 -0.149617 -0.266481 -0.427242 -0.284062 -0.133197 -0.083111 -0.110343 -0.212153
0.350459 0.533475 0.156645 0.490942 -0.102994 -0.099312 0.080244 0.115727 -0.049772 0.171526 -0.094790 -0.144061 -0.116827 -0.185854 0.124500 0.061274 0.001378 0.201923 1.000000 0.636155 -0.011602 -0.016111 0.250833 0.209463 -0.299202 -0.068774 -0.292673 -0.295037 -0.120328 -0.120579 -0.149696 -0.210425 0.525933 0.595470 -0.118744 -0.159306 0.150960 -0.108583 0.211510 -0.019872 -0.058284 0.092974 -0.081865 -0.006259 -0.375321 -0.088927 -0.194199 -0.191365 -0.343378 -0.267177 -0.259717 -0.110719 -0.357288 -0.080293 0.233190 -0.041497 0.261895 0.493097 0.131087 -0.065879 0.086320 0.372598 -0.056431 0.125390 -0.060444 -0.338598 0.146166 -0.029176 0.469458 0.218410 -0.231089 -0.254325 -0.176866 -0.088823 -0.013954 -0.014580 0.070138 -0.011510 0.053188 0.219517 -0.054870 -0.139756 -0.100128 -0.178804 0.022671 -0.118528 -0.011997 -0.066454 0.221184 0.205803 -0.282771 -0.129912 -0.367223 -0.205020 -0.247930 -0.383794 -0.026602 -0.240198 -0.283389 -0.078371 -0.025929 0.048899 -0.193086 0.163375 -0.023937 -0.039445 0.235417 -0.339872 -0.156423 -0.306807 -0.305718 -0.085756 -0.291264 -0.286784 -0.317122 -0.426288
0.181480 0.424990 -0.073119 0.526797 -0.009529 -0.181509 0.064162 0.267700 0.043408 0.059092 0.108334 0.070721 0.108551 -0.103399 0.333087 0.047135 -0.154986 0.257297 0.636155 1.000000 0.008884 -0.063552 0.180440 0.296359 -0.157965 -0.013243 -0.249200 -0.217836 -0.096210 0.078101 -0.162754 -0.119720 0.435218 0.550354 -0.107798 -0.257204 0.061651 -0.137953 0.110008 -0.128283 -0.005466 0.053557 -0.299078 -0.275228 -0.422468 -0.376252 -0.297243 -0.320548 -0.304346 -0.441935 -0.158683 -0.279245 -0.052485 -0.046913 0.113723 -0.228474 0.116111 0.425181 -0.087014 -0.097739 -0.262208 0.348068 -0.238885 0.150347 -0.018263 -0.099619 -0.155845 -0.283578 0.347187 0.162155 -0.145805 -0.116640 -0.083810 0.090632 0.001361 0.096883 0.134044 0.085906 -0.066149 0.175686 -0.102938 -0.039612 0.212140 0.006390 0.069563 -0.253617 0.307382 0.151486 0.225955 0.057251 0.024196 0.036401 -0.094865 -0.145919 -0.213523 -0.249225 -0.224720 -0.206099 -0.162434 -0.014200 -0.022490 0.087224 -0.115727 0.081635 0.082832 0.020709 0.139330 -0.249104 -0.172765 -0.269483 -0.480122 -0.123013 -0.228226 -0.222883 -0.091352 -0.207763
0.051410 0.016899 0.322408 -0.046040 0.131932 0.005813 0.342815 0.209852 0.183771 0.039272 0.256465 0.212256 0.450023 0.388039 0.227202 0.467706 -0.260788 0.189813 -0.011602 0.008884 1.000000 0.718785 -0.034199 -0.204056 0.048808 0.308844 0.195269 0.126958 0.017925 0.386106 0.181735 0.276996 -0.174345 -0.095095 -0.119466 -0.080863 -0.218197 0.108904 0.057670 0.411216 0.375367 0.570171 -0.524663 -0.471148 -0.131623 -0.309740 -0.435637 -0.514639 -0.068282 -0.358220 -0.190590 -0.457174 -0.158634 -0.316921 -0.412798 -0.501419 0.081441 -0.060484 0.255558 0.047194 0.103764 -0.205763 -0.103761 -0.053214 -0.017208 -0.005306 -0.246891 -0.226242 -0.123761 -0.136129 0.393360 0.319696 0.176594 0.257570 0.049594 0.171232 0.033786 0.216963 -0.256601 -0.160662 -0.233258 0.026701 0.404690 0.527164 -0.349418 -0.044511 0.360790 0.393234 -0.056085 -0.137427 -0.148575 -0.094828 -0.258777 -0.362316 0.252421 0.231325 -0.265471 0.127421 -0.391186 -0.142410 -0.074424 -0.260686 0.082429 -0.117665 0.232917 0.278090 -0.106282 0.107261 0.262347 -0.002275 -0.326985 -0.416480 -0.343509 -0.430854 -0.023808 -0.010155
0.310592 -0.031492 0.311405 -0.054769 0.082499 0.249208 0.416796 -0.059121 0.088144 0.266997 0.257545 -0.136681 0.230504 0.036543 0.028914 0.593171 -0.127937 0.393042 -0.016111 -0.063552 0.718785 1.000000 0.104632 0.036009 -0.070977 0.250093 0.106689 0.421660 -0.074916 0.311018 -0.112602 -0.019727 -0.018892 -0.008030 -0.058404 0.039827 0.187546 -0.232405 0.361599 0.212053 0.280771 0.316407 -0.288477 -0.276219 -0.031721 0.026427 -0.232753 -0.446364 0.017588 -0.121191 0.055760 -0.222963 -0.116482 -0.233767 -0.084481 -0.438257 0.274592 0.072862 0.204310 0.032582 0.235151 -0.129475 0.154428 0.038896 0.196955 0.042318 -0.121302 0.007205 -0.120265 0.007209 0.027298 0.020225 0.025304 0.157416 -0.020284 -0.009995 0.138032 0.088321 0.024103 -0.012384 -0.037090 -0.110280 0.238386 0.215630 -0.007828 -0.018500 0.274707 0.374878 0.050050 -0.077749 -0.118868 -0.159935 -0.094421 -0.115255 0.008253 -0.152956 -0.153657 -0.300807 -0.052676 -0.215601 0.050267 0.030625 -0.019828 0.254670 0.097434 0.101879 0.126703 0.071816 0.103984 -0.127761 -0.362510 -0.168182 -0.110444 -0.294344 -0.211745 -0.263375
0.218153 -0.034363 0.629729 0.443310 0.497164 0.147648 0.360564 0.316584 0.348120 0.298014 0.307481 0.028846 0.125528 0.044562 0.369448 -0.119566 -0.166463 -0.059703 0.250833 0.180440 -0.034199 0.104632 1.000000 0.774094 0.450650 0.494431 0.080102 0.188194 0.037766 -0.124695 0.218213 0.124181 0.265811 0.028259 -0.236894 -0.240991 0.029225 0.186100 0.065179 0.127800 0.240542 -0.266141 -0.218368 -0.026001 -0.110590 -0.192144 -0.371840 -0.229356 -0.091008 -0.149928 0.012165 -0.096017 0.109109 -0.238211 -0.107116 -0.135153 0.075358 0.002264 -0.104843 -0.233194 -0.136214 -0.059815 -0.202140 -0.015608 0.190867 -0.092285 -0.372715 -0.241906 -0.123787 -0.149540 0.031916 -0.052862 0.106061 -0.192165 0.260568 0.005919 -0.164783 0.142128 -0.159846 0.374283 -0.137276 0.244369 0.380400 -0.067756 0.164113 0.278985 0.283268 0.080929 0.380232 -0.023997 0.005119 -0.115534 0.018731 0.101244 -0.299913 -0.149906 -0.365148 -0.149305 -0.196964 -0.216448 0.126235 0.044332 0.075814 -0.078577 -0.088956 -0.066317 -0.072187 0.070798 -0.183715 -0.234889 -0.207974 0.090764 0.229858 -0.030285 -0.168426 -0.194513
0.277164 0.022618 0.441926 0.640958 0.465705 0.278528 0.362226 0.325103 0.337772 0.350835 0.209282 -0.177665 0.089366 -0.258171 0.317039 -0.058697 -0.180231 0.164899 0.209463 0.296359 -0.204056 0.036009 0.774094 1.000000 0.299225 0.285458 0.128735 0.192820 -0.043337 -0.062042 -0.145288 -0.162372 0.370229 0.243579 -0.255282 -0.280369 0.174346 -0.070795 0.188430 -0.090309 0.043161 -0.349678 -0.163016 -0.025321 -0.038929 -0.028358 -0.252019 -0.217488 0.009899 0.035055 0.126498 0.108372 0.198463 -0.197061 0.142711 -0.045561 0.061380 0.148024 -0.178509 -0.131580 -0.029369 0.086253 -0.000215 0.091053 0.263924 0.028100 -0.278037 -0.108782 -0.127758 -0.005839 -0.271812 -0.294262 0.064452 -0.132857 0.232597 0.064718 -0.008615 0.078941 -0.041616 0.323500 -0.029378 0.095040 0.280038 -0.216800 0.279392 0.075338 0.233263 0.006213 0.392849 -0.097672 0.184332 0.031430 0.295676 0.359616 -0.391538 -0.370984 -0.209042 -0.251343 0.038483 -0.082910 0.118104 0.216849 -0.175971 0.100838 -0.306367 -0.303166 0.028705 -0.094465 -0.325123 -0.219618 -0.235879 0.181691 0.310620 0.056117 -0.228711 -0.310988
-0.211723 -0.460629 0.385511 -0.135837 0.487263 -0.076130 0.217232 0.080996 0.213993 -0.311574 0.291238 0.341120 0.191330 0.401743 0.197983 -0.381334 -0.019504 -0.225169 -0.299202 -0.157965 0.048808 -0.070977 0.450650 0.299225 1.000000 0.611981 0.387599 0.209130 0.354329 0.114697 0.564490 0.524005 -0.279758 -0.386155 0.121969 -0.023610 -0.363866 0.194668 -0.506586 -0.067578 0.055414 -0.385571 -0.012387 -0.026965 0.207719 -0.152030 0.029356 0.196135 0.114918 0.060772 0.074658 -0.065280 0.228531 -0.120408 -0.506112 -0.179746 -0.225958 -0.415285 -0.180802 -0.154050 -0.203168 -0.384988 -0.126903 -0.378819 0.030755 0.126977 -0.303872 -0.132017 -0.360998 -0.219426 0.323181 0.418175 0.277675 0.097179 0.087537 0.004487 -0.028567 0.298768 -0.117788 0.076690 -0.079545 0.343825 0.329719 0.197608 0.085346 0.378076 0.180438 0.012961 -0.107608 -0.383559 0.008465 -0.168292 0.019840 -0.022203 -0.087687 0.355163 -0.536785 0.122356 -0.321441 -0.335079 0.030072 -0.053360 0.139352 -0.411422 -0.099242 -0.022838 -0.395864 0.278013 -0.179367 0.116952 0.130243 0.004448 0.159650 0.049802 0.156957 0.233385
-0.033192 -0.316461 0.223134 -0.025962 0.396191 0.266674 0.136418 -0.089874 0.311816 -0.106101 0.196114 0.046002 0.071604 0.190849 0.302756 -0.001552 0.017937 0.120585 -0.068774 -0.013243 0.308844 0.250093 0.494431 0.285458 0.611981 1.000000 0.337443 0.465276 0.045866 0.216448 0.360006 0.411418 -0.231444 -0.290696 0.280020 0.032507 -0.225458 -0.034123 -0.211266 -0.135846 0.004356 0.140769 -0.078043 0.041668 0.060395 -0.148109 -0.212797 0.014042 -0.037683 -0.094234 -0.001483 -0.110144 -0.070524 0.055192 -0.362858 -0.142790 0.043303 -0.142301 -0.130505 -0.134755 -0.228477 -0.325992 -0.189758 -0.293605 0.243964 -0.007036 -0.338782 -0.153883 -0.093237 -0.141079 0.195439 0.268389 0.031741 0.169683 -0.044106 0.090731 0.171382 0.228064 -0.116688 -0.068287 -0.070895 -0.088630 0.471940 0.195575 0.163855 -0.055780 0.248603 0.252378 0.164267 -0.246554 -0.174124 0.016950 -0.102134 -0.060295 0.196817 0.206976 -0.396619 0.036915 -0.383779 0.013202 -0.002565 -0.043924 0.076887 -0.102976 -0.004548 0.062380 -0.085291 0.226840 0.050670 -0.031152 -0.058715 -0.116565 0.143273 0.050216 0.010919 0.137669
-0.070703 -0.261056 0.099631 -0.067960 0.416783 0.458499 0.023510 -0.057670 0.058068 -0.286156 -0.084281 -0.041095 -0.031499 -0.006196 -0.001765 -0.227589 0.023442 0.140852 -0.292673 -0.249200 0.195269 0.106689 0.080102 0.128735 0.387599 0.337443 1.000000 0.518659 -0.148709 0.077047 0.039218 0.083313 -0.084817 -0.098315 0.155455 0.265416 -0.331147 -0.120151 -0.130191 -0.203201 -0.146862 0.023189 0.050956 0.043323 0.257326 0.179777 -0.010598 0.067877 0.317762 0.234075 0.325275 0.264597 0.329871 0.124153 -0.247988 0.015145 -0.016609 -0.153317 0.137561 0.192905 0.145769 -0.142134 0.054098 -0.073803 0.182472 0.277935 0.015564 0.228078 -0.264874 0.038900 -0.049168 0.067613 -0.122457 0.057230 -0.079093 -0.002034 0.103431 0.092410 0.110427 0.077344 0.035861 -0.043358 0.200933 -0.010114 0.113654 0.090925 0.100665 0.124350 -0.052580 -0.122550 0.126502 0.342920 0.225465 0.305321 -0.003891 0.023438 -0.267555 -0.115215 -0.043465 0.007112 -0.174429 0.072708 -0.153889 -0.144586 -0.328468 -0.240354 -0.011135 -0.030151 -0.163504 -0.103760 -0.029490 -0.198675 0.022434 0.061607 -0.034866 0.083556
0.143975 -0.293368 0.054788 -0.064354 0.353908 0.707649 0.148622 -0.183724 0.203263 0.091907 0.028434 -0.171430 -0.100510 -0.154407 -0.062333 0.047729 0.057727 0.176652 -0.295037 -0.217836 0.126958 0.421660 0.188194 0.192820 0.209130 0.465276 0.518659 1.000000 -0.204236 -0.017559 -0.085916 0.020120 -0.033495 -0.112837 0.218809 0.336325 -0.045415 -0.332104 0.143651 -0.211496 -0.092239 -0.058108 0.089375 0.152912 0.235606 0.313075 -0.023299 0.004049 0.226624 0.249272 0.359187 0.188318 0.138388 0.138008 -0.039369 -0.131654 0.197408 -0.052863 0.033005 0.063659 0.154043 -0.159349 0.155185 -0.005529 0.449499 0.367605 -0.058681 0.307925 -0.211327 0.015537 -0.111118 -0.023654 -0.228409 -0.055337 -0.222791 -0.140037 0.003821 -0.044117 0.083655 -0.036496 0.070418 -0.271132 0.238162 -0.098016 0.289473 0.017740 0.120536 0.331548 0.212963 -0.065179 0.093851 0.224767 0.387882 0.345231 0.037582 -0.180132 -0.133165 -0.399003 0.221711 0.075479 0.054821 0.201331 -0.020042 0.141972 -0.179385 -0.123195 0.070261 0.213319 -0.082193 -0.132979 -0.065348 0.102543 0.273503 0.238866 -0.143413 -0.038197
0.034300 -0.208703 0.013502 -0.258499 0.076472 -0.324583 0.141496 -0.012535 0.154373 -0.150543 0.463146 0.339712 0.358086 0.313720 0.183008 -0.081840 0.229828 -0.227188 -0.120328 -0.096210 0.017925 -0.074916 0.037766 -0.043337 0.354329 0.045866 -0.148709 -0.204236 1.000000 0.078785 0.382129 0.306654 -0.064019 -0.248283 -0.127706 -0.290123 0.030695 0.192462 -0.217068 -0.009512 0.233439 -0.313415 -0.000006 -0.158015 -0.159380 -0.384358 0.218288 0.176659 -0.286164 -0.226617 -0.284234 -0.347652 -0.082968 -0.133521 -0.180933 -0.154964 -0.238184 -0.273258 -0.131950 -0.349534 -0.140310 -0.205070 -0.090936 -0.245449 -0.159356 -0.100297 -0.218583 -0.364615 -0.070915 -0.134974 0.328242 0.281670 0.577871 0.006953 0.206231 -0.128061 -0.043603 0.095308 0.136281 0.057491 0.155163 0.351555 0.122800 0.213770 0.082076 0.309008 -0.126878 -0.235801 -0.195285 -0.197459 -0.191037 -0.284389 -0.217303 -0.119520 -0.062747 0.285295 -0.141219 0.193806 -0.191698 -0.280899 0.062823 -0.076063 0.133679 -0.295809 0.020009 0.103961 -0.281114 0.060903 -0.110306 0.238089 0.149364 0.079497 -0.005404 0.080320 0.298817 0.240903
-0.245403 -0.372936 -0.005992 -0.182291 0.055192 -0.278163 0.167452 0.022394 0.071253 -0.240760 0.213104 0.137878 0.191456 0.182539 0.209100 0.317805 -0.180337 0.569498 -0.120579 0.078101 0.386106 0.311018 -0.124695 -0.062042 0.114697 0.216448 0.077047 -0.017559 0.078785 1.000000 0.161006 0.302225 -0.161449 -0.122445 -0.048782 -0.320198 -0.171493 0.021805 -0.280759 0.094427 -0.075187 0.352576 -0.405338 -0.471353 -0.080555 -0.377248 -0.281914 -0.250570 -0.077294 -0.305243 -0.146797 -0.376777 -0.168720 -0.213469 -0.340698 -0.232942 -0.265222 -0.331707 -0.143404 -0.255361 -0.221134 -0.453823 -0.254909 -0.295047 -0.065165 0.002082 -0.475793 -0.455169 -0.287961 -0.355177 0.179814 0.543331 0.267147 0.937262 0.164940 0.601800 0.749629 0.727649 -0.139059 -0.003699 -0.364456 0.211780 0.218527 0.547565 -0.333810 -0.190621 0.040522 0.273585 -0.184579 -0.411294 -0.164858 -0.122299 -0.333415 -0.311539 0.116716 0.337493 -0.229195 0.160436 -0.374283 -0.146476 -0.251511 -0.245047 -0.160992 -0.098374 0.195859 0.162372 0.012648 -0.066532 0.037694 0.206389 -0.312605 -0.439665 -0.296801 -0.280019 0.032095 0.149353
-0.431679 -0.442684 0.333364 -0.254489 0.402364 -0.290732 0.075290 0.181457 0.282346 -0.330604 0.385905 0.668970 0.297151 0.784428 0.294379 -0.355731 -0.005816 -0.369072 -0.149696 -0.162754 0.181735 -0.112602 0.218213 -0.145288 0.564490 0.360006 0.039218 -0.085916 0.382129 0.161006 1.000000 0.929221 -0.360552 -0.554321 0.098015 -0.223211 -0.610359 0.551163 -0.656884 0.268482 0.082292 -0.046695 -0.132958 -0.069787 0.042536 -0.478450 -0.239721 0.167998 -0.115520 -0.167415 -0.147382 -0.394609 -0.057211 -0.061942 -0.741605 -0.224908 -0.342252 -0.643184 -0.256054 -0.434664 -0.390205 -0.565460 -0.392809 -0.502810 -0.102559 -0.138140 -0.517160 -0.470075 -0.271409 -0.594640 0.748011 0.785137 0.258216 0.214245 0.105781 0.185148 -0.087214 0.405262 -0.428288 -0.108266 -0.416547 0.366927 0.361658 0.426758 -0.321655 0.206182 0.150283 0.129864 -0.150616 -0.349910 -0.245611 -0.266448 -0.302679 -0.297064 0.239762 0.706879 -0.446079 0.414128 -0.577386 -0.196900 -0.008324 -0.343814 0.362843 -0.558984 0.253541 0.312871 -0.613793 0.397729 0.251669 0.320090 0.058734 -0.283110 -0.016771 0.050972 0.383288 0.530164
-0.436136 -0.498376 0.249250 -0.258092 0.424708 -0.224169 0.111493 0.189356 0.337968 -0.346669 0.424055 0.684922 0.351452 0.804129 0.346567 -0.260984 -0.028587 -0.226852 -0.210425 -0.119720 0.276996 -0.019727 0.124181 -0.162372 0.524005 0.411418 0.083313 0.020120 0.306654 0.302225 0.929221 1.000000 -0.465047 -0.584406 0.170170 -0.182281 -0.702500 0.416208 -0.683309 0.172772 0.028191 0.064282 -0.219041 -0.095319 0.023341 -0.496923 -0.297074 0.139140 -0.187773 -0.209863 -0.162998 -0.410311 -0.104630 -0.002612 -0.821534 -0.294496 -0.328753 -0.670362 -0.347853 -0.516948 -0.400001 -0.640909 -0.367254 -0.500177 0.017248 -0.111182 -0.621178 -0.502085 -0.303993 -0.668581 0.713307 0.850345 0.147936 0.337132 -0.033213 0.172678 0.013980 0.421947 -0.455608 -0.219226 -0.474707 0.284389 0.449704 0.542279 -0.324846 0.119418 0.211003 0.208999 -0.128638 -0.385303 -0.291916 -0.171027 -0.225324 -0.193660 0.385119 0.716743 -0.519392 0.364366 -0.608724 -0.109658 0.018821 -0.292387 0.365311 -0.463881 0.309591 0.405110 -0.623599 0.442603 0.308999 0.306186 -0.042645 -0.346502 -0.038353 0.073169 0.458038 0.619891
0.252545 0.304902 0.077700 0.441220 -0.028738 0.154761 -0.093450 0.130305 -0.028815 0.301981 -0.028695 -0.233406 -0.142856 -0.359186 0.013862 -0.031103 0.046304 0.139118 0.525933 0.435218 -0.174345 -0.018892 0.265811 0.370229 -0.279758 -0.231444 -0.084817 -0.033495 -0.064019 -0.161449 -0.360552 -0.465047 1.000000 0.713133 -0.303544 -0.275471 0.419223 -0.069060 0.428763 -0.037250 0.085974 -0.191596 -0.046387 -0.138402 -0.239618 0.011722 -0.066250 -0.186379 -0.103554 -0.023668 -0.011352 0.014362 0.034461 -0.152123 0.392414 0.059295 0.082251 0.362008 0.147455 0.061802 0.015412 0.378916 -0.099977 0.248744 -0.122630 0.149561 0.171183 0.122610 0.238056 0.249816 -0.381682 -0.371472 0.012764 -0.194698 0.155650 -0.085646 0.043300 -0.030695 0.252776 0.484156 0.200540 0.137990 -0.162996 -0.315423 0.151861 0.121863 -0.168862 -0.158775 0.114954 0.173988 -0.007385 -0.042416 -0.073139 0.024858 -0.447423 -0.471985 0.041280 -0.352056 0.170005 -0.124035 -0.137800 0.076917 -0.320567 -0.006733 -0.309973 -0.350180 0.228587 -0.548195 -0.366825 -0.337146 -0.224003 0.019208 -0.001369 -0.018406 -0.332342 -0.445709
0.344861 0.643025 -0.033891 0.541379 -0.204266 0.098314 0.026128 0.180536 -0.172390 0.283980 -0.297620 -0.286890 -0.201451 -0.446958 -0.091596 0.155654 -0.087693 0.166838 0.595470 0.550354 -0.095095 -0.008030 0.028259 0.243579 -0.386155 -0.290696 -0.098315 -0.112837 -0.248283 -0.122445 -0.554321 -0.584406 0.713133 1.000000 -0.190372 -0.000098 0.400084 -0.280230 0.428254 -0.123933 0.026688 0.008084 -0.093985 -0.156809 -0.329635 0.174385 -0.066457 -0.350461 -0.122342 -0.119311 -0.076603 0.051514 -0.222101 -0.195108 0.468994 -0.152872 0.207931 0.710173 0.143849 0.264196 0.244463 0.496654 0.091850 0.486524 0.044038 0.050986 0.392870 0.280336 0.383280 0.450272 -0.515543 -0.534350 -0.047725 -0.151030 0.108696 -0.030659 0.049806 -0.137646 0.266044 0.307099 0.150935 -0.118878 -0.233323 -0.260831 0.128044 -0.094261 -0.105480 -0.000879 0.150585 0.145078 -0.088917 -0.124258 -0.054402 -0.095501 -0.411323 -0.576994 0.108433 -0.449659 0.039513 -0.141569 -0.141053 0.080498 -0.422474 0.179876 -0.253962 -0.265954 0.417376 -0.510200 -0.390087 -0.423286 -0.395045 -0.020289 -0.354746 -0.206111 -0.426854 -0.534777
-0.065164 -0.257172 -0.272843 -0.364620 -0.123784 0.086445 -0.097611 -0.467035 -0.212143 -0.474017 -0.219524 0.000453 -0.261075 0.026862 -0.260701 -0.294542 0.455192 0.125800 -0.118744 -0.107798 -0.119466 -0.058404 -0.236894 -0.255282 0.121969 0.280020 0.155455 0.218809 -0.127706 -0.048782 0.098015 0.170170 -0.303544 -0.190372 1.000000 0.659644 -0.165430 -0.303536 -0.260267 -0.514294 -0.457977 0.063658 0.620021 0.472097 0.262394 0.239238 0.370502 0.450685 0.114624 0.149348 0.249219 0.179564 -0.014823 0.381931 -0.123835 0.108342 0.156470 -0.035230 -0.107469 0.031729 -0.115278 0.051301 0.263306 -0.064452 0.194705 0.150533 0.312208 0.292079 0.020030 0.021984 -0.219760 0.066363 -0.391600 0.054867 -0.430951 -0.199771 0.264694 -0.051050 0.333061 -0.250648 0.295060 -0.380379 -0.148731 -0.258697 0.339931 -0.136915 -0.105995 -0.028415 -0.224274 -0.153462 -0.068626 0.030514 0.059648 0.011584 0.058996 0.018051 -0.124828 -0.197504 -0.025861 0.067490 -0.098457 0.152697 -0.151966 0.066879 -0.142237 -0.134213 -0.023101 -0.008025 0.088013 -0.070211 0.160968 -0.082378 0.111891 0.201693 0.135017 0.152677
0.110198 -0.020585 -0.214421 -0.313034 -0.152553 0.268007 0.054294 -0.432229 -0.357441 -0.187048 -0.396180 -0.205673 -0.335692 -0.207989 -0.461440 -0.108131 0.293394 -0.018258 -0.159306 -0.257204 -0.080863 0.039827 -0.240991 -0.280369 -0.023610 0.032507 0.265416 0.336325 -0.290123 -0.320198 -0.223211 -0.182281 -0.275471 -0.000098 0.659644 1.000000 -0.008146 -0.377324 0.039102 -0.368353 -0.261844 -0.008989 0.576086 0.518722 0.323857 0.648165 0.398595 0.264073 0.332389 0.348627 0.303823 0.410191 -0.021885 0.238927 0.108144 0.125300 0.238052 0.187500 0.065667 0.289655 0.248770 0.181968 0.501602 0.130879 0.317292 0.259424 0.569202 0.681892 -0.060031 0.266621 -0.398588 -0.275652 -0.498865 -0.272383 -0.452668 -0.360055 -0.106125 -0.339474 0.335140 -0.147310 0.338619 -0.407478 -0.325030 -0.321246 0.263651 0.116023 -0.117343 -0.005425 -0.172822 0.159413 0.119185 0.056225 0.251491 0.162007 -0.066897 -0.257039 0.056785 -0.375883 0.218999 0.023444 0.012645 0.247513 -0.120348 0.221035 -0.215011 -0.176912 0.209618 0.053267 0.008541 -0.299260 0.138927 0.177081 0.030496 0.054944 -0.152295 -0.117470
