1.000000 0.663694 0.046402 -0.139301 -0.161353 -0.289973 -0.028369 -0.429009 -0.350569 -0.599053 -0.126496 -0.370346 -0.001362 -0.375414 -0.070339 -0.538978 0.613940 0.640332 0.192739 0.652662 -0.333677 -0.293522 0.122347 -0.132585 -0.225607 -0.096397 -0.213620 -0.029990 0.261688 0.016302 0.081184 -0.177550 0.572961 0.516697 -0.088254 -0.334736 -0.190008 -0.214002 -0.058200 0.047820 -0.016754 -0.331235 -0.174828 0.116639 -0.040517 -0.032737 0.091581 0.039699 0.092447 0.082090 -0.059195 -0.159819 0.276325 0.196582 0.265688 0.375844 0.650178 0.711213 -0.116352 -0.221411 -0.205992 -0.448903 -0.263211 -0.356142 0.061091 -0.449138 -0.242909 -0.610865 0.512222 0.599179 -0.137091 -0.009820 0.380720 -0.141373 0.050111 -0.239466 -0.185762 -0.366828 0.492037 0.314412 0.496152 0.340456 0.239187 -0.198110 0.336056 0.030665 0.312842 -0.086577 0.299454 0.051964 -0.210266 -0.096013 -0.463256 -0.236040 0.251131 0.080610 0.325907 0.189291 0.407721 0.385382 -0.391088 -0.072522 -0.279514 -0.329694 -0.345235 -0.086992 -0.075186 0.079306 0.129902 0.114429 0.240284 0.195520 -0.039134 0.067445 0.020608 0.145873
0.663694 1.000000 -0.272460 -0.128457 -0.233202 -0.289456 -0.238283 -0.221609 -0.221099 -0.525931 0.011305 -0.145054 -0.058614 -0.214239 0.146626 -0.299226 0.575638 0.679004 -0.081253 0.612939 -0.438734 -0.447167 -0.108399 -0.171053 -0.112230 -0.056233 -0.250646 -0.039003 0.358366 0.140406 0.074281 -0.128963 0.440974 0.524630 -0.239263 -0.377465 -0.245119 -0.209368 -0.156082 -0.122128 -0.053969 -0.330436 -0.192629 0.137102 -0.296980 -0.004890 0.146367 0.239200 -0.044239 0.180054 -0.058489 -0.038364 0.351034 0.482704 0.275526 0.399929 0.544558 0.693428 -0.155596 -0.220098 -0.194247 -0.244084 0.003184 -0.079567 -0.041994 -0.302134 -0.390785 -0.625177 0.248278 0.462561 -0.352655 -0.069948 0.349975 -0.201217 0.019989 -0.400986 -0.288058 -0.478516 0.501538 0.314498 0.518692 0.413669 0.352738 0.016005 0.372339 0.197210 0.358431 0.076333 0.275380 0.106761 -0.333656 -0.175959 -0.471741 -0.387016 0.042203 -0.072368 0.385753 0.081322 0.487988 0.493841 -0.333714 -0.192254 -0.281591 -0.498524 -0.320978 -0.186800 -0.106145 -0.011864 0.020160 0.039580 0.359317 0.273852 0.011722 -0.032240 -0.039929 0.060365
0.046402 -0.272460 1.000000 0.148964 0.224485 0.129295 0.729018 0.014916 0.126705 0.017060 0.089132 -0.015246 0.529050 0.114230 -0.037576 -0.260937 0.055873 -0.025940 0.523953 -0.058394 0.189594 0.045745 0.700192 0.262790 0.322473 0.228277 0.034260 0.086566 0.098353 -0.146088 0.527487 0.194729 0.064890 -0.092928 0.212361 0.154798 0.014984 -0.053087 0.144766 0.104196 0.008722 0.046686 -0.161404 -0.209673 -0.103254 -0.484891 -0.195412 -0.330136 -0.184516 -0.538874 -0.061953 -0.369988 -0.372449 -0.325409 -0.052084 -0.221957 -0.050823 -0.203960 0.222287 -0.348912 0.343682 -0.344815 -0.014793 -0.349609 0.455502 -0.073710 0.052808 -0.091832 0.329071 0.226493 0.176123 -0.090313 -0.045165 0.101235 0.175084 0.201659 0.132501 0.145012 -0.027727 0.006278 -0.145263 -0.194979 -0.110723 -0.345077 -0.054710 -0.327427 0.086717 -0.319446 0.260499 -0.194349 -0.005132 0.181424 0.166476 0.649255 0.054714 0.038690 -0.176897 -0.090235 -0.279775 -0.312172 -0.032919 0.422312 -0.006536 0.060083 -0.064462 0.156002 -0.051261 -0.046675 0.092416 0.000275 -0.191702 -0.137324 -0.022752 0.219518 0.143630 0.116801
-0.139301 -0.128457 0.148964 1.000000 -0.002829 0.411978 0.143972 0.289043 0.004879 -0.094995 -0.114353 -0.132586 0.142249 -0.103037 0.129537 -0.026417 -0.039306 -0.204359 0.201363 -0.303045 0.040429 0.177014 0.405545 0.854607 0.161663 0.676446 0.080244 0.069291 -0.139187 -0.113191 0.020531 0.361238 -0.054126 -0.152192 0.336967 0.426149 0.013217 0.099295 0.070644 0.062746 -0.022779 0.089346 -0.257704 -0.263415 -0.210231 -0.405717 -0.171661 -0.174148 -0.281030 -0.337746 -0.302580 -0.259307 -0.239923 0.082154 -0.335390 -0.367810 -0.002129 -0.158769 -0.138637 -0.304997 -0.039534 -0.398077 0.118786 -0.331634 0.052408 -0.226545 -0.160658 -0.025831 -0.024546 -0.020159 0.287359 0.059301 0.031357 0.293822 0.264726 0.191116 0.163614 0.095504 -0.072137 -0.017074 0.018755 -0.003701 0.044328 0.064021 0.020536 0.176829 0.115080 0.159177 0.030313 0.200437 0.193744 0.382110 0.438506 0.274560 -0.233541 -0.129070 -0.295520 -0.223377 -0.318275 -0.186751 -0.018616 -0.028249 -0.266933 0.013883 -0.054197 -0.140843 -0.017269 -0.052263 -0.184984 -0.037943 0.073885 -0.011056 -0.243422 -0.015931 0.015702 -0.130623
-0.161353 -0.233202 0.224485 -0.002829 1.000000 0.281231 0.263185 0.041525 0.462388 0.166858 0.150677 0.225520 0.157866 0.155902 0.199909 0.291956 -0.085422 -0.122557 0.166766 -0.080615 0.470291 0.106132 -0.069808 -0.030103 0.722585 0.170523 0.604281 0.420655 0.185325 0.290543 0.273982 0.391882 -0.271237 0.014734 -0.059019 0.176073 0.088509 0.217793 0.038935 0.118006 0.092185 0.210148 -0.202847 -0.372867 -0.048457 -0.167198 -0.269285 -0.302589 -0.187721 -0.292223 -0.334431 -0.319838 -0.325634 -0.323466 0.133393 -0.378315 -0.133666 -0.198258 0.205439 -0.089935 0.430790 0.155371 0.206910 0.227155 0.147801 0.196080 0.049025 0.160477 -0.265756 -0.239773 0.117376 0.357235 0.045373 0.218380 0.165700 0.354591 -0.068116 0.243519 -0.139827 -0.046792 -0.034730 0.029173 0.135573 0.378846 -0.189156 0.005570 0.021051 0.453902 -0.075955 -0.101998 -0.039454 -0.053352 -0.015566 -0.063762 -0.286061 -0.060348 -0.382103 -0.307127 -0.355286 -0.357124 0.006323 0.024925 -0.168524 -0.184998 -0.223521 -0.183766 -0.173277 -0.196349 0.056819 0.086799 -0.087682 -0.075711 -0.046611 -0.091739 -0.226525 -0.094828
-0.289973 -0.289456 0.129295 0.411978 0.281231 1.000000 -0.126390 0.355250 0.209764 0.275327 -0.122409 -0.036606 -0.129565 -0.013382 -0.102973 0.303628 -0.229625 -0.340907 0.175609 -0.446663 0.226895 0.410529 0.119794 0.456184 0.262644 0.563864 0.660736 0.779343 -0.353956 -0.126941 0.016675 0.335157 -0.225670 -0.278838 0.175919 0.408052 -0.070117 0.157734 -0.089251 0.007806 -0.016486 0.071934 -0.255253 -0.432048 -0.040435 -0.146342 -0.391262 -0.395778 -0.147135 -0.088323 -0.165788 -0.016147 -0.172543 0.017245 -0.165008 -0.358037 -0.055471 -0.095003 0.106848 0.210753 0.019600 0.084807 0.059581 0.061415 -0.051428 -0.038034 0.276536 0.450078 -0.002759 -0.142450 0.284467 0.072233 -0.213789 0.010255 -0.127339 0.146969 0.074937 0.338141 -0.359719 -0.136612 -0.294263 -0.200745 -0.170012 -0.111125 -0.384744 -0.185409 -0.181517 0.105078 -0.321538 -0.097849 0.378019 0.304187 0.453339 0.095992 -0.423266 -0.342653 -0.511591 -0.354603 -0.447244 -0.387055 0.078708 0.017934 -0.071253 0.152287 0.197446 -0.038231 0.149215 0.115450 -0.263929 -0.111052 -0.003189 -0.310858 -0.113730 -0.282253 -0.260412 -0.257615
-0.028369 -0.238283 0.729018 0.143972 0.263185 -0.126390 1.000000 -0.040958 0.071229 -0.083708 0.197819 -0.062602 0.436396 0.046370 0.028239 -0.303532 -0.052348 -0.167773 0.448209 -0.034238 0.191077 -0.064621 0.566368 0.178252 0.326402 0.082402 -0.025042 -0.177685 0.048071 -0.057932 0.224742 0.090141 0.019944 -0.014213 0.282635 0.106733 0.051408 0.012985 0.221734 0.228016 -0.076048 0.155591 -0.079175 -0.075969 0.013808 -0.296066 -0.099820 -0.255059 -0.033751 -0.427576 0.041791 -0.307554 -0.357954 -0.393487 -0.029171 -0.150782 -0.114412 -0.263327 -0.004363 -0.378795 0.205417 -0.333692 0.044464 -0.276026 0.403232 -0.174712 -0.016619 -0.074239 0.094469 0.057137 0.125168 0.014566 0.010721 0.205867 0.322891 0.248125 0.067780 -0.000176 -0.047503 -0.069348 -0.103693 -0.218210 -0.008566 -0.068378 0.089801 -0.030088 0.219009 -0.018177 0.342986 0.098673 -0.074297 0.119790 0.003102 0.481527 0.140425 0.103534 -0.063072 0.006944 -0.166682 -0.195750 -0.129271 0.267383 0.028415 0.085756 -0.177501 -0.024455 -0.258111 -0.120675 0.183435 0.061699 -0.188899 0.054206 0.092923 0.243297 0.095883 0.168084
-0.429009 -0.221609 0.014916 0.289043 0.041525 0.355250 -0.040958 1.000000 0.404333 0.578748 0.193417 0.362212 0.079925 0.519256 0.241683 0.542063 -0.213148 -0.189446 0.206295 -0.444166 0.242281 0.201171 -0.112512 0.238341 0.194784 0.096693 0.191009 0.061914 -0.072247 -0.238284 -0.087879 0.036570 -0.243492 -0.348368 -0.272055 -0.025033 -0.073527 0.163289 -0.008492 -0.082991 -0.039995 0.169985 -0.209309 -0.457168 -0.072114 -0.133367 -0.395878 -0.314288 -0.170795 0.014721 -0.097006 0.117780 -0.165328 -0.057838 -0.308436 -0.475324 -0.122178 -0.194381 0.252560 0.283248 0.031342 0.448555 0.258875 0.326753 -0.409740 0.290401 0.205195 0.356142 -0.180104 -0.171352 0.172454 0.046109 -0.277792 -0.026078 -0.057360 0.053835 0.077958 0.326190 -0.352722 -0.221854 -0.312405 -0.311414 -0.065239 0.053137 -0.353489 -0.202783 -0.133140 -0.002457 -0.347400 -0.281199 0.353415 0.215344 0.614262 0.180505 -0.431381 -0.165885 -0.507890 -0.415032 -0.320972 -0.311947 0.508875 0.220787 0.257982 0.162243 0.108295 0.041391 -0.006464 0.059385 -0.121343 -0.226717 -0.265143 -0.239476 0.044865 -0.034411 0.063797 -0.015298
-0.350569 -0.221099 0.126705 0.004879 0.462388 0.209764 0.071229 0.404333 1.000000 0.447572 0.516800 0.551792 0.283303 0.494667 0.525655 0.614763 0.088458 -0.137620 0.278676 -0.171968 0.254878 0.031325 -0.265340 0.015772 0.406941 0.195243 0.207199 0.139587 0.273222 -0.103628 0.035485 0.257509 -0.312786 -0.159889 -0.128887 0.248110 -0.028123 0.057052 -0.117306 -0.240684 0.204732 -0.071912 -0.239138 -0.364615 -0.252725 -0.240616 -0.229501 -0.272014 -0.349661 -0.214582 -0.220312 -0.135901 -0.077247 -0.160798 -0.083540 -0.368885 -0.103469 -0.290645 0.491759 -0.022057 0.642482 0.507075 0.533755 0.512116 -0.155307 0.477434 0.305603 0.223642 -0.066610 -0.131467 -0.219200 -0.061611 -0.235220 -0.046371 -0.121049 -0.130409 -0.026677 0.318886 -0.121037 -0.150338 -0.045562 -0.210762 0.151637 0.152662 -0.116966 -0.063953 -0.146721 0.096325 -0.083242 -0.170056 -0.094963 -0.046713 0.132604 -0.019962 -0.529922 -0.311585 -0.347536 -0.475670 -0.271604 -0.456624 0.117008 0.200676 -0.263532 -0.089833 0.071719 -0.040979 -0.023908 -0.175597 -0.187575 -0.028224 -0.104318 -0.293508 -0.244644 -0.323038 -0.322968 -0.299562
-0.599053 -0.525931 0.017060 -0.094995 0.166858 0.275327 -0.083708 0.578748 0.447572 1.000000 -0.034090 0.433070 -0.094158 0.607589 -0.002338 0.682649 -0.540380 -0.475699 0.085690 -0.415768 0.206529 0.161013 -0.300617 0.061471 0.115509 -0.029336 0.148672 0.091590 -0.247632 -0.217369 -0.186225 0.044469 -0.315699 -0.377408 -0.224219 0.041085 0.041363 0.135028 -0.073946 -0.203331 -0.128777 0.186337 0.190746 -0.141542 0.204337 0.155276 -0.021534 -0.069702 0.092825 0.139709 0.100487 0.254329 0.065182 -0.163129 -0.161632 -0.277808 -0.573326 -0.540240 0.286948 0.386451 0.046537 0.601729 0.035906 0.434256 -0.419178 0.474747 0.404652 0.561089 -0.042037 -0.170353 0.114003 -0.167849 -0.529105 -0.058989 -0.289568 0.051703 0.157980 0.463335 -0.528042 -0.311801 -0.585815 -0.604916 -0.272056 0.080595 -0.454149 -0.349437 -0.411786 -0.105570 -0.404566 -0.246068 0.413390 0.164330 0.571426 0.151967 -0.299801 -0.257018 -0.321317 -0.274772 -0.202695 -0.383506 0.585009 0.209213 0.320216 0.226941 0.340019 0.100115 0.169266 -0.038180 -0.168427 -0.070503 -0.173878 -0.242724 0.048562 -0.186495 -0.117608 -0.146326
-0.126496 0.011305 0.089132 -0.114353 0.150677 -0.122409 0.197819 0.193417 0.516800 -0.034090 1.000000 0.488619 0.511173 0.373141 0.625929 0.112721 0.452459 0.186279 0.072816 -0.098644 0.120454 -0.268436 -0.017562 -0.251500 0.122821 -0.116212 0.019939 -0.079352 0.463346 -0.281140 0.162718 0.061594 -0.056141 0.004309 -0.109267 -0.018554 -0.155259 -0.305448 -0.109993 -0.177869 0.385522 -0.111328 -0.374480 -0.225911 -0.389751 -0.391458 -0.379517 -0.388253 -0.410848 -0.310333 -0.002909 -0.075057 -0.292606 -0.190111 -0.078113 -0.288445 0.335677 0.020888 0.287892 -0.031220 0.565885 0.365161 0.707544 0.381333 0.094583 0.364687 0.035384 -0.096815 -0.302113 -0.248382 -0.425926 0.032398 0.096808 -0.367614 0.149246 -0.237854 -0.400325 -0.285050 0.285273 -0.064812 0.369078 0.130084 0.415287 -0.011988 0.358924 0.198321 0.266137 0.018443 0.243535 -0.003898 -0.485695 -0.380063 -0.277526 -0.127761 -0.083417 0.014409 0.006216 -0.085780 -0.134690 -0.195893 -0.115920 -0.072182 -0.189353 -0.080334 -0.004346 0.207552 -0.034942 0.133192 0.050880 -0.344171 -0.385153 -0.287382 -0.219697 -0.048437 0.167384 0.136499
-0.370346 -0.145054 -0.015246 -0.132586 0.225520 -0.036606 -0.062602 0.362212 0.551792 0.433070 0.488619 1.000000 0.416987 0.875682 0.468230 0.584087 0.032458 0.002979 -0.005259 -0.114649 0.203521 -0.129812 -0.280940 -0.157277 0.251011 -0.027392 0.005011 -0.063762 0.339675 -0.082546 0.176772 0.295108 -0.278727 -0.109075 -0.270917 -0.111513 -0.103101 -0.090634 -0.239111 -0.276670 0.026543 -0.006812 -0.043961 -0.095337 -0.288251 -0.193852 -0.097067 -0.016343 -0.222917 -0.194158 -0.027163 0.022539 -0.178040 -0.196637 -0.145326 -0.329354 -0.158645 -0.289957 0.397042 0.006827 0.533470 0.591428 0.562607 0.662706 -0.053686 0.778331 -0.069355 0.058225 -0.285942 -0.170870 -0.297979 -0.054037 -0.299267 -0.170993 -0.116555 -0.070848 -0.245982 -0.059063 -0.050334 -0.138394 -0.049352 -0.149331 0.115441 0.169743 0.023624 -0.048225 -0.041340 0.083153 0.029763 -0.183176 -0.262038 -0.411793 0.049784 -0.129582 -0.152029 -0.014280 -0.134117 -0.221652 -0.245824 -0.348306 0.192150 -0.152086 -0.023470 -0.144950 0.097603 0.092452 0.025098 0.000245 0.055783 -0.245080 -0.184639 -0.236356 -0.051341 -0.038954 0.032922 0.061647
-0.001362 -0.058614 0.529050 0.142249 0.157866 -0.129565 0.436396 0.079925 0.283303 -0.094158 0.511173 0.416987 1.000000 0.391846 0.553584 -0.098873 0.355151 0.209767 0.191379 0.010462 0.197581 -0.121764 0.472226 0.106157 0.315328 0.073275 -0.166246 -0.169232 0.576085 -0.210643 0.505468 0.308993 -0.089933 -0.093312 0.030752 -0.008328 -0.068597 -0.167366 -0.094585 -0.191508 0.212841 -0.111724 -0.274460 -0.180055 -0.438206 -0.625724 -0.188285 -0.230574 -0.385538 -0.596383 -0.118629 -0.353591 -0.363587 -0.231044 -0.082834 -0.332855 0.071321 -0.112250 0.285550 -0.409664 0.557453 -0.148004 0.376657 -0.157912 0.430050 0.273325 -0.312490 -0.387464 -0.005086 0.042960 -0.142938 -0.038933 0.007119 -0.065127 0.128124 -0.057411 -0.110598 -0.230346 0.238325 0.125401 0.245763 0.118887 0.329359 -0.095345 0.359800 0.070974 0.369342 -0.099182 0.470634 -0.145846 -0.361813 -0.311548 -0.086491 0.274468 0.035650 0.112019 -0.021896 -0.032548 -0.241615 -0.376580 -0.162058 -0.047235 -0.234940 -0.117008 0.060936 0.312953 0.069126 0.152452 0.072682 -0.304682 -0.301267 -0.277255 -0.342352 0.081007 0.292817 0.199024
-0.375414 -0.214239 0.114230 -0.103037 0.155902 -0.013382 0.046370 0.519256 0.494667 0.607589 0.373141 0.875682 0.391846 1.000000 0.434157 0.598557 -0.057581 -0.105392 0.135434 -0.139844 0.219330 -0.082884 -0.172893 -0.049503 0.237929 0.020629 -0.070485 -0.099858 0.307546 -0.120766 0.214791 0.335644 -0.198688 -0.122075 -0.279836 -0.189851 0.019279 -0.003552 -0.118687 -0.269840 -0.037460 0.113612 -0.092210 -0.207822 -0.275749 -0.237273 -0.098232 -0.090161 -0.206361 -0.193543 -0.050920 0.001712 -0.182725 -0.230378 -0.103505 -0.341958 -0.269385 -0.366135 0.346147 -0.004544 0.439016 0.540359 0.471934 0.573894 -0.103552 0.752455 -0.034287 0.062066 -0.138779 -0.096090 -0.150718 -0.076211 -0.292570 -0.106777 -0.084170 -0.052407 -0.061242 0.125704 -0.092359 -0.148627 -0.118800 -0.241059 0.111823 0.161614 0.004599 -0.130365 -0.055654 -0.007945 0.024655 -0.248515 -0.117506 -0.290361 0.166887 -0.012737 -0.202058 -0.134530 -0.159932 -0.314628 -0.188421 -0.360547 0.226429 -0.071128 0.021583 -0.158341 0.061010 0.088434 -0.009600 -0.070662 -0.015876 -0.139250 -0.195866 -0.182107 0.007614 -0.061817 0.007171 0.012642
-0.070339 0.146626 -0.037576 0.129537 0.199909 -0.102973 0.028239 0.241683 0.525655 -0.002338 0.625929 0.468230 0.553584 0.434157 1.000000 0.298701 0.350177 0.176284 0.170979 0.028960 0.162995 -0.169315 -0.027461 0.008869 0.296065 0.165772 -0.064068 -0.068792 0.627376 -0.103260 0.197338 0.373288 -0.074016 0.068550 -0.246957 -0.095019 0.099362 0.049865 -0.039954 -0.232445 0.354003 -0.085643 -0.577561 -0.457998 -0.614445 -0.557949 -0.304684 -0.292608 -0.518454 -0.399689 -0.332455 -0.293803 -0.287027 -0.074984 0.062579 -0.357903 0.192907 -0.006544 0.311304 -0.211823 0.470651 0.228450 0.594929 0.289610 -0.013311 0.396759 -0.215516 -0.296549 -0.183828 -0.148220 -0.310716 0.085686 0.136313 -0.121137 0.217661 -0.278517 -0.150228 -0.082551 0.235448 0.023359 0.457415 0.264474 0.719821 0.408625 0.407503 0.322504 0.433586 0.326199 0.335860 0.060641 -0.317416 -0.270986 -0.125707 -0.167467 -0.358758 -0.222401 -0.135500 -0.336780 -0.146293 -0.289661 -0.175006 -0.192776 -0.380892 -0.322578 -0.107177 -0.052328 -0.100808 -0.145059 -0.207305 -0.069647 -0.114630 -0.111398 -0.302203 -0.251666 -0.104706 -0.174808
-0.538978 -0.299226 -0.260937 -0.026417 0.291956 0.303628 -0.303532 0.542063 0.614763 0.682649 0.112721 0.584087 -0.098873 0.598557 0.298701 1.000000 -0.350726 -0.410563 0.026682 -0.239644 0.259086 0.269463 -0.572894 0.000802 0.246500 0.091138 0.287280 0.141062 -0.104267 0.100005 -0.230202 0.293300 -0.418082 -0.253174 -0.380525 -0.008644 0.027148 0.357866 -0.215019 -0.268266 -0.035588 0.195034 0.037261 -0.275818 0.032317 0.158086 -0.109959 -0.017013 0.039942 0.207639 -0.035388 0.230790 0.039866 -0.061187 -0.111947 -0.326976 -0.412022 -0.371644 0.442927 0.382500 0.173152 0.702019 0.296858 0.674223 -0.501985 0.582007 0.305037 0.447454 -0.182492 -0.331434 -0.047474 0.108085 -0.417863 0.050966 -0.278738 0.008300 0.115112 0.416418 -0.472019 -0.181008 -0.308480 -0.270803 -0.071360 0.400714 -0.416781 -0.153612 -0.387225 0.238616 -0.449671 -0.173887 0.224458 -0.054965 0.335772 -0.183463 -0.544690 -0.310283 -0.461607 -0.473268 -0.274735 -0.396907 0.347475 -0.054770 0.076582 0.012985 0.232756 -0.098521 0.033791 -0.141516 -0.224330 -0.125352 -0.118232 -0.248469 0.015711 -0.272724 -0.215269 -0.246001
0.613940 0.575638 0.055873 -0.039306 -0.085422 -0.229625 -0.052348 -0.213148 0.088458 -0.540380 0.452459 0.032458 0.355151 -0.057581 0.350177 -0.350726 1.000000 0.748005 -0.027336 0.503371 -0.254246 -0.346738 0.128494 -0.126416 -0.077833 0.030157 -0.182904 -0.026931 0.674393 -0.089451 0.280173 0.063228 0.453757 0.425950 -0.040000 -0.120829 -0.093542 -0.425805 -0.115188 -0.213629 0.391242 -0.386864 -0.333468 -0.028442 -0.433392 -0.367177 -0.047016 -0.115554 -0.401214 -0.259574 -0.258916 -0.339203 0.061613 0.177958 0.205510 0.111059 0.706725 0.540296 -0.007967 -0.422803 0.354105 -0.210399 0.250368 -0.132786 0.250719 -0.030791 -0.351204 -0.669777 0.166876 0.382964 -0.353868 -0.001205 0.452566 -0.207580 0.072533 -0.389444 -0.369184 -0.393673 0.789331 0.327607 0.756431 0.525197 0.484889 -0.237681 0.575843 0.175236 0.355152 -0.150880 0.439962 -0.035335 -0.618497 -0.386567 -0.557858 -0.278362 0.073044 -0.002013 0.366872 0.029050 0.251672 0.165383 -0.459433 -0.111229 -0.540228 -0.404336 -0.237026 0.141218 -0.013631 0.112265 0.050671 -0.161851 0.017144 -0.035225 -0.362013 0.013774 0.145076 0.164503
0.640332 0.679004 -0.025940 -0.204359 -0.122557 -0.340907 -0.167773 -0.189446 -0.137620 -0.475699 0.186279 0.002979 0.209767 -0.105392 0.176284 -0.410563 0.748005 1.000000 -0.145503 0.477847 -0.318698 -0.374834 0.076253 -0.255135 -0.157632 -0.199658 -0.260712 -0.093516 0.560763 0.019306 0.265556 -0.204980 0.393718 0.382248 -0.272529 -0.321368 -0.211373 -0.384275 -0.128459 -0.063252 0.200956 -0.340085 -0.210755 0.060746 -0.330492 -0.225715 0.061579 0.078815 -0.247671 -0.150373 -0.174330 -0.244821 0.145476 0.276084 0.240591 0.236399 0.603432 0.595756 -0.083164 -0.297021 0.087408 -0.167488 -0.002631 -0.145735 0.143939 -0.133741 -0.428792 -0.644762 0.138578 0.427124 -0.273938 -0.051947 0.414917 -0.278248 0.052017 -0.282134 -0.398220 -0.441736 0.575364 0.332366 0.573653 0.494755 0.365157 -0.228648 0.420219 0.066077 0.295217 -0.179944 0.326583 -0.069614 -0.375451 -0.229888 -0.409169 -0.236050 0.224535 0.182173 0.371282 0.218999 0.321403 0.362894 -0.171114 -0.061296 -0.263747 -0.394749 -0.250248 0.096657 0.007860 0.135699 0.180768 -0.051640 0.198321 0.133464 -0.039747 0.173313 0.184375 0.264199
0.192739 -0.081253 0.523953 0.201363 0.166766 0.175609 0.448209 0.206295 0.278676 0.085690 0.072816 -0.005259 0.191379 0.135434 0.170979 0.026682 -0.027336 -0.145503 1.000000 0.007778 0.055350 -0.097475 0.269010 0.267663 0.211474 0.258808 -0.000214 0.087094 -0.020606 -0.239922 0.037265 0.126020 0.043889 0.028771 0.014647 0.016737 -0.173999 0.020139 0.039798 0.028409 -0.307166 -0.093881 -0.415185 -0.369137 -0.019719 -0.251096 -0.266253 -0.367560 -0.029447 -0.162381 -0.072121 -0.143462 -0.125891 -0.192464 0.004179 -0.204026 0.100392 0.057858 0.348497 -0.042079 0.124258 -0.005932 0.091280 0.030223 -0.069600 -0.069556 0.275146 0.040628 0.457615 0.232737 0.061717 -0.097760 -0.124519 -0.045239 0.097881 -0.015129 0.069379 0.126021 -0.132737 -0.156983 -0.078440 -0.333626 0.111560 -0.046227 -0.040034 -0.173893 0.102474 -0.003157 0.153755 -0.077923 0.249639 0.347918 0.188344 0.272782 -0.212282 -0.282963 -0.261577 -0.288022 -0.094637 -0.198788 -0.017358 0.261151 -0.086243 -0.104665 -0.259473 -0.233541 -0.195009 -0.158095 -0.167010 0.215525 0.056718 -0.054958 -0.029306 -0.110497 -0.213976 -0.164635
0.652662 0.612939 -0.058394 -0.303045 -0.080615 -0.446663 -0.034238 -0.444166 -0.171968 -0.415768 -0.098644 -0.114649 0.010462 -0.139844 0.028960 -0.239644 0.503371 0.477847 0.007778 1.000000 -0.315782 -0.306608 -0.087727 -0.254458 -0.033245 -0.103793 -0.263867 -0.132691 0.381076 0.249304 0.054565 0.032243 0.566188 0.726198 -0.116854 -0.315054 -0.051399 -0.243776 -0.128088 -0.194446 -0.030748 -0.314194 0.021835 0.235037 -0.016892 0.096985 0.296768 0.205293 0.083572 0.113359 -0.102810 -0.167092 0.306300 0.218603 0.310862 0.393728 0.255108 0.396171 -0.080720 -0.342249 -0.012055 -0.313317 -0.119514 -0.143848 0.082999 -0.124829 -0.231471 -0.530387 0.493705 0.600115 -0.162086 0.180110 0.340859 -0.029004 -0.067901 -0.356274 -0.172724 -0.354598 0.537787 0.333889 0.464069 0.349558 0.238138 0.103380 0.365778 0.092424 0.284868 0.014133 0.383224 0.007173 -0.436306 -0.414018 -0.646510 -0.357182 0.162545 0.076460 0.379145 0.126618 0.407283 0.254503 -0.435642 -0.208682 -0.249163 -0.450127 -0.252075 -0.038099 -0.086022 -0.013970 0.061797 0.020259 0.174722 0.204367 -0.111962 -0.039583 0.037254 0.169848
-0.333677 -0.438734 0.189594 0.040429 0.470291 0.226895 0.191077 0.242281 0.254878 0.206529 0.120454 0.203521 0.197581 0.219330 0.162995 0.259086 -0.254246 -0.318698 0.055350 -0.315782 1.000000 0.593871 0.067075 0.010660 0.425897 0.095875 0.417333 0.210648 -0.017225 0.066384 0.136007 0.302034 -0.369695 -0.249611 -0.004923 0.076850 0.146402 0.428474 0.215556 0.243450 0.203150 0.480613 -0.072020 -0.340505 -0.047176 -0.190752 -0.333099 -0.298521 -0.192538 -0.299934 -0.223889 -0.180640 -0.403661 -0.354382 -0.284907 -0.527698 -0.127269 -0.272094 0.211694 0.040951 0.277604 0.213246 0.124008 0.230787 0.123626 0.227509 0.080665 0.224316 -0.330268 -0.281666 0.198283 0.302494 -0.167148 0.260875 0.092052 0.448980 0.137329 0.338446 -0.322466 -0.290899 -0.249324 -0.131787 -0.029010 0.173774 -0.357614 -0.223858 -0.057439 0.180278 -0.218467 -0.328383 0.052974 -0.033509 0.240595 0.310409 -0.035788 0.224696 -0.491878 -0.177809 -0.476127 -0.491035 0.268188 0.214869 0.181580 0.238137 0.057254 0.061944 -0.033778 0.007044 0.201962 -0.014931 -0.378903 -0.284830 0.148760 0.154865 0.101309 0.120996
-0.293522 -0.447167 0.045745 0.177014 0.106132 0.410529 -0.064621 0.201171 0.031325 0.161013 -0.268436 -0.129812 -0.121764 -0.082884 -0.169315 0.269463 -0.346738 -0.374834 -0.097475 -0.306608 0.593871 1.000000 0.032554 0.254688 0.061597 0.207407 0.392272 0.205684 -0.315077 0.138642 -0.137476 0.162447 -0.291966 -0.360103 -0.002847 0.090420 0.215065 0.477751 0.231882 0.159832 0.136379 0.302893 0.116237 -0.245996 0.176438 -0.000387 -0.105328 -0.133633 0.037500 -0.027983 -0.142263 -0.028022 -0.150283 -0.081551 -0.220275 -0.224887 -0.241502 -0.259471 0.014383 0.104298 -0.117110 -0.018543 -0.257064 -0.061984 -0.058656 -0.091033 0.083456 0.235353 -0.084500 -0.180466 0.479986 0.276808 -0.127975 0.357353 -0.119455 0.399947 0.343659 0.499715 -0.439852 -0.111580 -0.386847 -0.112393 -0.328637 0.013699 -0.512048 -0.282511 -0.303910 -0.006757 -0.388590 -0.176151 0.329008 0.248908 0.421435 0.359584 -0.012965 0.155997 -0.398812 -0.054313 -0.349329 -0.350529 0.211327 0.199863 0.163323 0.350962 0.320690 0.135906 0.173221 0.079744 -0.005495 0.044806 -0.166530 -0.301018 0.142163 0.056404 0.103879 0.000410
0.122347 -0.108399 0.700192 0.405545 -0.069808 0.119794 0.566368 -0.112512 -0.265340 -0.300617 -0.017562 -0.280940 0.472226 -0.172893 -0.027461 -0.572894 0.128494 0.076253 0.269010 -0.087727 0.067075 0.032554 1.000000 0.462201 0.113197 0.285999 -0.097698 0.050569 0.005640 -0.243438 0.412449 0.085009 0.068966 -0.155438 0.429770 0.243684 -0.047824 -0.166928 0.160302 0.131520 0.027085 -0.046670 -0.203863 -0.068457 -0.227074 -0.559431 -0.096505 -0.233412 -0.190010 -0.563896 0.001818 -0.317348 -0.303565 -0.067982 -0.027777 -0.117065 0.090674 -0.073746 -0.057995 -0.419307 0.086605 -0.600414 -0.167598 -0.604126 0.595000 -0.265606 -0.205344 -0.256069 0.172400 0.181923 0.168552 -0.108409 0.100352 0.098926 0.288864 0.117264 0.006772 -0.055114 0.102176 0.080551 0.057612 -0.020450 0.100361 -0.429455 0.232090 -0.088581 0.405346 -0.311113 0.476503 0.011692 -0.043192 0.225742 0.067492 0.540536 0.206534 0.053586 0.082559 0.118841 -0.164074 -0.146721 -0.215616 0.135748 -0.153291 0.073019 -0.054981 0.191125 -0.003497 0.104791 -0.014843 0.002713 -0.051360 -0.084816 -0.144645 0.118407 0.179113 0.096640
-0.132585 -0.171053 0.262790 0.854607 -0.030103 0.456184 0.178252 0.238341 0.015772 0.061471 -0.251500 -0.157277 0.106157 -0.049503 0.008869 0.000802 -0.126416 -0.255135 0.267663 -0.254458 0.010660 0.254688 0.462201 1.000000 0.104120 0.775932 0.036503 0.134965 -0.197496 -0.207416 0.004409 0.445747 -0.034427 -0.131079 0.252160 0.368709 -0.003319 0.074693 0.027223 -0.058824 -0.071856 0.063917 -0.124906 -0.237580 -0.133791 -0.338731 0.005590 -0.097836 -0.179023 -0.304404 -0.278511 -0.279031 -0.090897 0.164263 -0.337993 -0.268489 -0.159311 -0.253972 -0.095053 -0.334462 -0.073604 -0.398445 -0.047869 -0.344095 -0.023370 -0.267935 -0.122467 -0.066236 0.159951 0.188447 0.377811 0.027546 -0.053244 0.223993 0.112607 0.144823 0.239051 0.231620 -0.157929 -0.022936 -0.120084 -0.131126 -0.025289 0.001175 -0.047697 -0.010881 0.012462 0.049528 -0.008810 0.049940 0.329472 0.497630 0.485636 0.390448 -0.207939 -0.224797 -0.249206 -0.251180 -0.146909 -0.211983 -0.013376 0.104743 -0.287195 -0.004885 0.046030 -0.106243 0.028861 -0.074414 -0.211929 0.018543 0.101634 -0.065795 -0.218375 -0.056044 -0.045326 -0.195632
-0.225607 -0.112230 0.322473 0.161663 0.722585 0.262644 0.326402 0.194784 0.406941 0.115509 0.122821 0.251011 0.315328 0.237929 0.296065 0.246500 -0.077833 -0.157632 0.211474 -0.033245 0.425897 0.061597 0.113197 0.104120 1.000000 0.332029 0.412019 0.314598 0.250249 0.266659 0.500239 0.481743 -0.158301 0.023954 0.008534 0.117902 0.008498 0.214111 0.005843 0.059957 0.073556 0.230443 -0.217059 -0.304768 -0.235139 -0.263925 -0.227723 -0.209759 -0.288717 -0.340215 -0.340024 -0.303778 -0.325353 -0.135929 0.090276 -0.340558 -0.090803 -0.172614 0.218461 -0.219441 0.424391 0.051968 0.317850 0.175040 0.252432 0.221092 -0.102614 0.021160 -0.162312 -0.141308 0.039624 0.246572 0.049851 0.231971 0.224598 0.252369 -0.030800 0.137748 -0.033989 -0.013083 -0.082321 -0.007453 0.120936 0.303390 -0.142752 -0.058150 0.127478 0.370903 0.043594 -0.160915 -0.149559 -0.133812 0.028399 0.035694 -0.265827 -0.080923 -0.256268 -0.268803 -0.342567 -0.299069 -0.066666 0.008134 -0.162263 -0.309404 -0.345999 -0.167571 -0.251830 -0.229812 0.085260 0.010073 -0.108609 -0.042679 -0.093352 0.017941 -0.077729 0.023143
-0.096397 -0.056233 0.228277 0.676446 0.170523 0.563864 0.082402 0.096693 0.195243 -0.029336 -0.116212 -0.027392 0.073275 0.020629 0.165772 0.091138 0.030157 -0.199658 0.258808 -0.103793 0.095875 0.207407 0.285999 0.775932 0.332029 1.000000 0.141452 0.442250 0.020578 -0.029376 0.242377 0.717869 -0.055702 0.042592 0.263929 0.417575 0.100796 0.106059 0.056472 -0.050673 0.051830 0.042873 -0.287568 -0.372502 -0.384295 -0.437957 -0.076937 -0.157568 -0.416222 -0.430370 -0.488815 -0.437575 -0.204215 0.120081 -0.161658 -0.286638 0.001077 -0.177760 -0.014102 -0.415813 0.216004 -0.294364 0.176449 -0.127212 0.124724 -0.125998 -0.134894 -0.111454 0.108111 0.095808 0.194100 0.116575 0.075666 0.228865 0.119330 0.108808 0.209262 0.277995 0.037018 -0.008032 0.045812 0.034450 0.141265 0.144921 0.016465 0.048665 0.068936 0.204970 0.044067 -0.022724 0.060005 0.248081 0.195810 0.126253 -0.317409 -0.282930 -0.238134 -0.379885 -0.149252 -0.213157 -0.258783 0.026523 -0.460161 -0.202310 -0.121037 -0.201757 -0.069720 -0.220060 -0.228948 0.154980 0.202291 0.018481 -0.210314 -0.161683 -0.234199 -0.299788
-0.213620 -0.250646 0.034260 0.080244 0.604281 0.660736 -0.025042 0.191009 0.207199 0.148672 0.019939 0.005011 -0.166246 -0.070485 -0.064068 0.287280 -0.182904 -0.260712 -0.000214 -0.263867 0.417333 0.392272 -0.097698 0.036503 0.412019 0.141452 1.000000 0.692576 -0.195540 0.165900 0.029236 0.219312 -0.192970 -0.073499 -0.045615 0.180626 0.106659 0.287867 0.015049 0.193806 0.186367 0.261575 -0.139273 -0.405195 0.165382 0.051733 -0.476028 -0.437426 -0.051745 0.004854 -0.229398 -0.090738 -0.315056 -0.178520 -0.053626 -0.395624 -0.034853 0.004719 0.016236 0.206441 0.079662 0.203530 0.089857 0.236306 -0.050390 0.000750 0.137309 0.394433 -0.229850 -0.307349 0.336037 0.389006 -0.052590 0.118976 0.052433 0.314154 -0.076245 0.229267 -0.277009 -0.140297 -0.153529 -0.000652 -0.074858 0.146098 -0.430056 -0.155540 -0.074934 0.368279 -0.359219 -0.084389 0.244354 0.108311 0.227561 -0.027597 -0.257993 -0.038597 -0.528481 -0.264701 -0.498099 -0.369526 0.061685 -0.058442 0.053404 0.028737 0.013802 -0.068423 -0.049449 0.042731 0.059493 -0.114616 -0.199353 -0.206729 -0.018349 -0.038228 -0.109451 0.016125
-0.029990 -0.039003 0.086566 0.069291 0.420655 0.779343 -0.177685 0.061914 0.139587 0.091590 -0.079352 -0.063762 -0.169232 -0.099858 -0.068792 0.141062 -0.026931 -0.093516 0.087094 -0.132691 0.210648 0.205684 0.050569 0.134965 0.314598 0.442250 0.692576 1.000000 -0.134333 0.044881 0.212950 0.311685 -0.167138 -0.019866 0.058228 0.266296 -0.048387 0.083729 -0.019469 0.036887 0.074591 0.042781 -0.251162 -0.337706 -0.139813 -0.127212 -0.330433 -0.311510 -0.207659 -0.119358 -0.263368 -0.137666 -0.197919 -0.024006 0.052688 -0.260804 0.108047 0.064210 0.088752 0.110082 0.126380 0.085111 0.014465 0.107700 0.107701 -0.020410 0.133016 0.247656 -0.063468 -0.154661 0.138323 0.130682 -0.100316 0.018102 -0.067693 0.143304 -0.083607 0.224942 -0.118583 -0.123151 -0.070340 -0.016180 0.076475 -0.036410 -0.252582 -0.125669 0.060205 0.199671 -0.178820 -0.205875 0.129891 0.101512 0.088060 -0.124563 -0.302946 -0.272041 -0.304614 -0.298194 -0.263107 -0.225520 -0.080116 -0.038879 -0.114076 -0.052298 -0.020774 -0.095805 0.063488 0.066353 -0.175922 0.055689 0.118979 -0.092934 -0.064852 -0.276014 -0.340553 -0.234567
0.261688 0.358366 0.098353 -0.139187 0.185325 -0.353956 0.048071 -0.072247 0.273222 -0.247632 0.463346 0.339675 0.576085 0.307546 0.627376 -0.104267 0.674393 0.560763 -0.020606 0.381076 -0.017225 -0.315077 0.005640 -0.197496 0.250249 0.020578 -0.195540 -0.134333 1.000000 0.075259 0.515203 0.341019 0.191197 0.403538 -0.188714 -0.207611 0.168266 -0.185435 0.030997 -0.172164 0.410412 -0.159420 -0.384954 -0.235611 -0.571083 -0.503825 -0.040561 -0.125882 -0.502184 -0.460028 -0.422090 -0.518611 -0.186740 -0.064337 0.226690 -0.076502 0.284159 0.138886 0.097785 -0.526686 0.553212 -0.067527 0.401383 0.023249 0.298222 0.286765 -0.483524 -0.643420 -0.056013 0.144626 -0.234321 0.177546 0.511640 -0.134012 0.247662 -0.233764 -0.180402 -0.248297 0.667294 0.210575 0.635364 0.543180 0.617672 0.229238 0.552977 0.263606 0.417955 0.167873 0.477776 -0.147894 -0.553275 -0.477158 -0.420018 -0.157484 0.004505 0.039959 0.186280 -0.096765 0.131540 0.026794 -0.319469 -0.129228 -0.490915 -0.542958 -0.312161 -0.018435 -0.170028 -0.167300 0.152990 0.007587 -0.027208 0.077622 -0.263919 0.073517 0.103562 0.138996
0.016302 0.140406 -0.146088 -0.113191 0.290543 -0.126941 -0.057932 -0.238284 -0.103628 -0.217369 -0.281140 -0.082546 -0.210643 -0.120766 -0.103260 0.100005 -0.089451 0.019306 -0.239922 0.249304 0.066384 0.138642 -0.243438 -0.207416 0.266659 -0.029376 0.165900 0.044881 0.075259 1.000000 0.174387 0.174632 -0.029038 0.239650 -0.057364 -0.118487 0.410480 0.473573 0.311222 0.377122 -0.007436 0.308895 0.062076 -0.018681 -0.048252 0.101476 0.107542 0.165577 -0.072615 0.019101 -0.334056 -0.205182 -0.112214 -0.058680 0.266867 0.077069 -0.157459 0.008586 -0.319027 -0.172741 -0.023973 -0.072523 -0.107225 0.044902 0.161493 -0.046027 -0.370955 -0.137419 -0.181578 -0.118037 0.207555 0.400605 0.257417 0.579732 0.223292 0.390583 0.230260 0.140032 0.069734 0.291869 0.110359 0.320235 0.063470 0.412934 -0.125906 0.013551 0.026954 0.428697 -0.076327 0.070974 -0.128066 -0.144726 -0.128974 -0.117604 0.030074 0.234596 -0.023981 -0.041946 -0.045876 0.115771 -0.061859 -0.047180 0.027846 -0.311175 -0.341839 -0.292188 -0.405982 -0.325936 0.259762 0.280080 0.173283 0.396373 0.341227 0.232165 -0.103722 0.102027
0.081184 0.074281 0.527487 0.020531 0.273982 0.016675 0.224742 -0.087879 0.035485 -0.186225 0.162718 0.176772 0.505468 0.214791 0.197338 -0.230202 0.280173 0.265556 0.037265 0.054565 0.136007 -0.137476 0.412449 0.004409 0.500239 0.242377 0.029236 0.212950 0.515203 0.174387 1.000000 0.446732 0.066051 0.127706 0.031645 -0.027275 0.122440 -0.053846 0.142908 0.104707 0.156153 0.046325 -0.255332 -0.229941 -0.490276 -0.551162 -0.154621 -0.137129 -0.515265 -0.591517 -0.400472 -0.536698 -0.425271 -0.141189 0.070179 -0.204637 0.112033 -0.022228 0.040697 -0.480688 0.481926 -0.228572 0.229346 -0.143511 0.592017 0.155734 -0.383841 -0.370555 -0.059897 0.066509 0.005643 0.106189 0.244784 0.053452 0.246612 0.181404 0.035119 -0.005748 0.347691 0.221406 0.169925 0.290597 0.197035 -0.069353 0.144144 -0.050837 0.294971 0.022557 0.286296 -0.261798 -0.320591 -0.245206 -0.127367 0.165999 0.100068 0.151185 0.001602 -0.065382 -0.231602 -0.101574 -0.182873 0.050561 -0.216037 -0.325492 -0.287367 0.110010 -0.070272 -0.068430 0.208150 0.067101 -0.023700 0.104964 -0.068748 0.207940 0.136822 0.149678
-0.177550 -0.128963 0.194729 0.361238 0.391882 0.335157 0.090141 0.036570 0.257509 0.044469 0.061594 0.295108 0.308993 0.335644 0.373288 0.293300 0.063228 -0.204980 0.126020 0.032243 0.302034 0.162447 0.085009 0.445747 0.481743 0.717869 0.219312 0.311685 0.341019 0.174632 0.446732 1.000000 -0.050814 0.233060 0.017701 0.139577 0.287978 0.238243 -0.047323 -0.162528 0.162600 0.161120 -0.245289 -0.437218 -0.393949 -0.420111 -0.103990 -0.163202 -0.430597 -0.481940 -0.581575 -0.542116 -0.344764 -0.115646 -0.144657 -0.465028 -0.171929 -0.275093 0.091206 -0.397203 0.417290 -0.081984 0.323937 0.080766 0.198277 0.253730 -0.262757 -0.184502 -0.053118 -0.026236 0.148725 0.434566 0.133785 0.221014 0.083931 0.134180 0.206409 0.199884 0.119412 0.092221 0.178551 0.262203 0.289115 0.436013 0.088120 0.139218 0.070050 0.405905 0.054470 -0.166018 -0.113569 -0.168571 0.013119 0.003506 -0.315238 -0.161260 -0.337752 -0.455338 -0.268242 -0.416109 -0.300767 -0.174779 -0.426224 -0.289966 -0.060986 -0.142351 -0.056905 -0.236933 -0.071664 -0.011849 -0.038096 -0.072056 -0.186846 -0.092762 -0.125760 -0.143433
0.572961 0.440974 0.064890 -0.054126 -0.271237 -0.225670 0.019944 -0.243492 -0.312786 -0.315699 -0.056141 -0.278727 -0.089933 -0.198688 -0.074016 -0.418082 0.453757 0.393718 0.043889 0.566188 -0.369695 -0.291966 0.068966 -0.034427 -0.158301 -0.055702 -0.192970 -0.167138 0.191197 -0.029038 0.066051 -0.050814 1.000000 0.684562 -0.015940 -0.255848 -0.038831 -0.308819 -0.193151 -0.186595 0.179237 -0.257539 -0.031528 0.177783 0.064399 0.032324 0.173231 -0.027521 -0.041506 0.093969 -0.159056 -0.187786 0.178596 0.189434 -0.000129 0.286449 0.353029 0.463805 -0.290945 -0.212547 -0.212094 -0.347104 -0.092934 -0.307528 -0.047947 -0.309544 -0.083375 -0.369986 0.483264 0.645652 0.009858 0.113033 0.479022 -0.213272 -0.011290 -0.403951 -0.166323 -0.349488 0.460045 0.410491 0.415056 0.341439 0.086806 -0.125273 0.343679 0.124506 0.058234 -0.169377 0.194694 0.130446 -0.260643 -0.242630 -0.312630 -0.142475 0.173968 0.009157 0.320310 0.183219 0.178035 0.190086 -0.332833 -0.111719 -0.205559 -0.229187 -0.127664 0.058439 0.035592 0.105346 0.026885 -0.176008 -0.032848 -0.001999 -0.145388 0.052771 0.192231 0.201124
0.516697 0.524630 -0.092928 -0.152192 0.014734 -0.278838 -0.014213 -0.348368 -0.159889 -0.377408 0.004309 -0.109075 -0.093312 -0.122075 0.068550 -0.253174 0.425950 0.382248 0.028771 0.726198 -0.249611 -0.360103 -0.155438 -0.131079 0.023954 0.042592 -0.073499 -0.019866 0.403538 0.239650 0.127706 0.233060 0.684562 1.000000 -0.109969 -0.241886 0.049232 -0.224915 -0.135288 -0.045143 0.082682 -0.148267 -0.122595 0.057871 -0.079171 0.029764 0.107335 -0.017023 -0.099498 0.015539 -0.331973 -0.315605 0.076598 0.098559 0.023275 0.202977 0.219816 0.345792 -0.264112 -0.335448 -0.002415 -0.259945 0.112785 -0.088963 0.029589 -0.142437 -0.213202 -0.407056 0.295769 0.479698 -0.037542 0.381024 0.491945 -0.110327 0.062162 -0.182616 -0.234311 -0.331562 0.513527 0.346909 0.522152 0.466145 0.288368 0.274488 0.360567 0.278398 0.214846 0.254005 0.204483 0.082939 -0.355346 -0.370797 -0.497954 -0.348228 0.126945 0.130614 0.212846 0.091734 0.221483 0.259668 -0.416255 -0.248356 -0.264843 -0.450243 -0.359858 -0.209435 -0.195681 -0.084275 0.207035 0.018555 0.094186 0.255309 0.043270 0.064505 -0.042736 0.171968
-0.088254 -0.239263 0.212361 0.336967 -0.059019 0.175919 0.282635 -0.272055 -0.128887 -0.224219 -0.109267 -0.270917 0.030752 -0.279836 -0.246957 -0.380525 -0.040000 -0.272529 0.014647 -0.116854 -0.004923 -0.002847 0.429770 0.252160 0.008534 0.263929 -0.045615 0.058228 -0.188714 -0.057364 0.031645 0.017701 -0.015940 -0.109969 1.000000 0.749240 0.088811 -0.197798 0.238596 0.212943 -0.104195 -0.008892 -0.017477 0.276598 0.015587 -0.136429 0.108905 -0.067021 -0.104107 -0.296477 0.090938 -0.107865 -0.162862 -0.208947 -0.180610 0.071735 -0.023536 -0.183300 -0.328525 -0.353826 0.123032 -0.458435 -0.018195 -0.339865 0.586841 -0.188882 0.059284 0.213843 0.021666 -0.048903 0.075362 -0.241557 0.008205 0.192183 0.076644 0.101778 0.157378 0.019198 0.141043 -0.164877 -0.037384 -0.194531 -0.158223 -0.228401 0.237207 0.152336 0.103110 -0.104512 0.364596 0.312254 -0.191391 -0.020320 -0.065018 0.173406 0.131293 0.004353 0.161112 0.166950 -0.139647 -0.035592 -0.235926 -0.042914 -0.263713 0.042809 -0.120143 -0.047985 -0.112300 0.005871 -0.074641 0.180592 0.184962 -0.007274 -0.262657 -0.121092 -0.114934 -0.077842
-0.334736 -0.377465 0.154798 0.426149 0.176073 0.408052 0.106733 -0.025033 0.248110 0.041085 -0.018554 -0.111513 -0.008328 -0.189851 -0.095019 -0.008644 -0.120829 -0.321368 0.016737 -0.315054 0.076850 0.090420 0.243684 0.368709 0.117902 0.417575 0.180626 0.266296 -0.207611 -0.118487 -0.027275 0.139577 -0.255848 -0.241886 0.749240 1.000000 0.054709 -0.130648 0.052741 0.099307 0.047910 0.021689 -0.050905 0.021543 -0.013277 -0.149842 -0.053609 -0.164233 -0.247567 -0.314722 -0.085932 -0.129610 -0.167641 -0.118752 -0.252613 -0.166895 -0.178026 -0.312661 -0.086052 -0.212974 0.283586 -0.169254 0.056927 -0.148250 0.329165 -0.003955 0.243812 0.438524 -0.084668 -0.248128 0.061750 -0.099775 -0.147518 0.127189 -0.061189 0.126838 0.131711 0.301503 -0.104001 -0.229420 -0.122083 -0.210728 -0.130380 -0.127033 -0.017326 0.041940 -0.046432 -0.032582 0.061088 0.087678 0.009653 0.166540 0.173895 0.158434 -0.183762 -0.057704 -0.144552 -0.072096 -0.313723 -0.219342 -0.053011 0.047664 -0.314858 0.095058 0.041159 -0.073700 0.010422 -0.035443 -0.142421 0.063528 0.140219 -0.167454 -0.370804 -0.253469 -0.208624 -0.233616
