1.000000 0.654062 0.394570 0.551445 0.240218 0.305062 0.425023 0.530822 0.106320 0.300346 0.386025 0.499671 0.303116 0.442274 0.045738 0.144338 0.091122 -0.197090 0.705336 0.577329 -0.023617 -0.141840 0.141320 0.142573 0.280252 0.072724 0.297838 0.193582 -0.009913 -0.361480 0.327141 0.309960 0.530454 0.551940 -0.417795 -0.303526 -0.408955 -0.406965 -0.302322 -0.243253 -0.268723 -0.281114 -0.488659 -0.401790 -0.301955 -0.496527 -0.481394 -0.561988 0.076937 -0.242379 -0.234623 -0.338763 -0.035853 -0.318843 -0.199243 -0.415127 0.680767 0.498382 0.328707 0.182099 0.436191 0.024417 0.030573 -0.053005 -0.284226 -0.145650 0.230053 -0.314655 0.242629 0.041882 -0.136044 -0.153087 -0.170805 -0.288122 -0.258667 -0.107323 -0.278255 -0.510690 -0.157176 -0.147225 -0.114226 -0.175233 0.173523 0.264724 -0.220792 -0.416015 0.089559 0.073384 0.134069 -0.091972 -0.336738 -0.410704 -0.382980 -0.064220 -0.325285 -0.322860 -0.395618 -0.325634 -0.324148 -0.413939 -0.348963 -0.112016 -0.409318 -0.309747 -0.382347 -0.368892 -0.202435 -0.142604 -0.140657 -0.269600 -0.504858 -0.449677 -0.395690 -0.337379 -0.189902 -0.097077
0.654062 1.000000 0.238559 0.607155 0.501314 0.453496 0.040777 0.305713 0.374501 0.552178 0.210729 0.672874 0.298456 0.645676 0.235174 0.205367 0.168840 -0.205559 0.744823 0.687145 -0.118380 -0.107531 0.001703 0.093603 0.425844 0.405607 0.437707 0.054039 0.089483 -0.424555 0.191854 0.265010 0.332869 0.485462 -0.616713 -0.303933 -0.678694 -0.746728 -0.656103 -0.446972 -0.253690 -0.622211 -0.251159 -0.140145 -0.496505 -0.340962 -0.354275 -0.386220 -0.150247 -0.489627 -0.487300 -0.510914 0.139706 -0.206057 -0.536446 -0.589547 0.573939 0.827578 0.536217 0.528573 0.181021 0.133470 -0.081604 -0.099744 -0.388623 -0.234304 0.606438 -0.063913 0.686943 0.267574 0.123064 0.129622 -0.168555 -0.319329 -0.211565 0.049884 -0.395801 -0.514266 -0.244198 -0.426767 0.047405 -0.342281 0.376791 0.315327 -0.474697 -0.654356 -0.191677 -0.165077 -0.247199 -0.227847 -0.172392 -0.403202 -0.172358 0.029274 -0.454154 -0.479680 -0.659095 -0.475628 -0.175612 -0.414201 -0.243812 -0.027162 -0.181200 -0.114471 -0.304368 -0.377988 -0.181230 -0.129148 -0.253316 -0.473561 -0.540716 -0.555961 -0.311809 -0.390845 -0.223694 -0.254305
0.394570 0.238559 1.000000 0.648461 0.232059 0.265771 0.624456 0.657324 0.291240 0.245087 0.388524 0.388662 0.478317 0.389257 0.245255 0.241587 -0.238293 -0.394007 0.449242 0.203603 -0.121998 -0.157373 0.787908 0.701923 0.136320 0.306194 0.203704 0.241014 -0.315810 -0.464702 0.092199 0.279080 0.293270 0.318314 -0.222435 0.061240 -0.427254 -0.382590 -0.294209 -0.266331 -0.385803 -0.284368 -0.156740 -0.162586 -0.133272 -0.307560 -0.176314 -0.288652 0.087723 -0.112858 0.077928 -0.145555 0.089307 -0.231815 -0.238874 -0.280743 -0.033724 0.056309 0.335191 0.198365 0.379165 0.007517 -0.062044 -0.266124 0.250574 0.163850 0.245564 -0.075149 -0.081511 -0.115122 -0.236260 -0.209759 -0.304745 -0.245002 -0.090868 -0.104278 -0.197752 -0.445340 -0.308197 -0.205633 -0.426928 -0.371879 0.018091 0.000601 -0.030221 -0.333242 -0.107904 -0.091758 0.162036 -0.109664 -0.431148 -0.414313 -0.355484 -0.180522 -0.387028 -0.372361 -0.329123 -0.440405 -0.469896 -0.541976 -0.395452 -0.218263 -0.588069 -0.375172 -0.463257 -0.335831 -0.398066 -0.276964 -0.130870 -0.435415 -0.208489 -0.527950 -0.388931 -0.398168 -0.278961 -0.264400
0.551445 0.607155 0.648461 1.000000 0.552111 0.612902 0.430290 0.733997 0.433487 0.617191 0.238919 0.606486 0.374191 0.576810 0.298987 0.267039 -0.148604 -0.397275 0.827194 0.525264 -0.061824 -0.140110 0.476862 0.586724 0.358265 0.407599 0.456676 0.223054 -0.093343 -0.508470 0.158181 0.326250 0.386952 0.444273 -0.546049 -0.294408 -0.534195 -0.584885 -0.389893 -0.369200 -0.322072 -0.387787 -0.289948 -0.239396 -0.312165 -0.401746 -0.286492 -0.449852 -0.004599 -0.331473 -0.240494 -0.464514 0.156490 -0.282158 -0.373716 -0.476673 0.242050 0.463395 0.443006 0.403679 0.296067 -0.043226 -0.131712 -0.300055 -0.203234 -0.114100 0.424855 -0.206852 0.299015 0.038452 -0.086192 -0.189598 -0.316946 -0.377744 -0.235272 -0.043143 -0.420285 -0.608071 -0.277379 -0.361283 -0.152854 -0.356063 0.417572 0.394060 -0.300617 -0.566590 -0.183563 -0.167810 0.076043 -0.226064 -0.371618 -0.547501 -0.294619 -0.107512 -0.524553 -0.439010 -0.506195 -0.474320 -0.402035 -0.529731 -0.463947 -0.168585 -0.500645 -0.326300 -0.409561 -0.399636 -0.381287 -0.207983 -0.148763 -0.508207 -0.490131 -0.602914 -0.439354 -0.462762 -0.269777 -0.263764
0.240218 0.501314 0.232059 0.552111 1.000000 0.839235 -0.074993 0.132426 0.823524 0.825675 -0.200216 0.333498 0.269447 0.446454 0.460275 0.275657 -0.170155 -0.500175 0.588366 0.519920 0.212202 0.264311 0.009297 0.231584 0.665849 0.711818 0.784324 0.283225 -0.118809 -0.568625 -0.305797 -0.060838 -0.113847 -0.005419 -0.640237 -0.136385 -0.659957 -0.625042 -0.504961 -0.225033 -0.417955 -0.520671 -0.055605 0.005623 -0.513815 -0.135477 -0.105960 -0.160157 -0.204003 -0.525911 -0.496541 -0.561743 0.291046 -0.044949 -0.512210 -0.419558 0.260814 0.531210 0.689935 0.658611 0.012620 -0.050723 -0.387312 -0.514307 -0.234945 -0.249688 0.656517 0.187465 0.574992 0.400727 0.172399 0.065258 -0.411026 -0.387486 -0.213230 0.030523 -0.487870 -0.391478 -0.327812 -0.651588 -0.023960 -0.469556 0.555945 0.348722 -0.506582 -0.638228 -0.353067 -0.436155 -0.244558 -0.194065 -0.018475 -0.157347 0.091913 0.275103 -0.378324 -0.391932 -0.504800 -0.368689 -0.223528 -0.281083 -0.071070 0.169654 -0.039841 0.152716 -0.073101 -0.169055 -0.170102 -0.065507 -0.151766 -0.374204 -0.345766 -0.521655 -0.242661 -0.333917 -0.196497 -0.346899
0.305062 0.453496 0.265771 0.612902 0.839235 1.000000 -0.034931 0.222059 0.652497 0.839001 -0.232840 0.256400 0.214708 0.459649 0.375338 0.390331 -0.295725 -0.595046 0.594061 0.493345 0.239349 0.113352 0.134789 0.329288 0.663468 0.665064 0.809488 0.556331 -0.270676 -0.664003 -0.320136 -0.138778 -0.174862 -0.094659 -0.643940 -0.148156 -0.614284 -0.560512 -0.328751 -0.114759 -0.435488 -0.452124 -0.132663 -0.084265 -0.501660 -0.226356 -0.154755 -0.204581 -0.096945 -0.494048 -0.402147 -0.489852 0.349030 -0.081212 -0.382277 -0.374738 0.278130 0.430309 0.664784 0.659194 -0.010763 -0.060121 -0.426986 -0.618285 -0.294858 -0.194534 0.557835 0.117498 0.539801 0.370270 0.168595 -0.014137 -0.516612 -0.412372 -0.376265 -0.003752 -0.540085 -0.427787 -0.413668 -0.659602 -0.126335 -0.515033 0.556348 0.348241 -0.442181 -0.606992 -0.140204 -0.203421 -0.007958 -0.085309 0.022422 -0.131440 0.066718 0.315621 -0.316501 -0.354128 -0.428277 -0.335190 -0.266207 -0.275120 -0.114196 0.200759 -0.114589 0.088069 -0.072853 -0.178496 -0.191122 -0.040173 -0.091946 -0.347231 -0.250882 -0.533438 -0.276272 -0.337856 -0.222328 -0.341811
0.425023 0.040777 0.624456 0.430290 -0.074993 -0.034931 1.000000 0.759477 0.041427 -0.105969 0.600982 0.346622 0.521532 0.297889 0.017324 0.153839 -0.085205 0.028850 0.309742 0.054194 -0.205695 -0.225894 0.475486 0.320861 -0.183057 -0.314162 -0.103434 0.058577 -0.034424 0.001175 0.363510 0.291392 0.517476 0.491209 0.102032 -0.050823 0.015998 -0.003643 -0.033242 -0.252836 -0.111374 0.093118 -0.339293 -0.383215 0.210590 -0.269406 -0.370107 -0.499969 0.241183 0.242237 0.328068 0.077092 -0.205787 -0.514508 -0.047154 -0.224308 -0.086256 -0.139881 -0.081238 -0.298606 0.573693 -0.037294 0.184560 0.102741 0.347157 0.275587 -0.290968 -0.449770 -0.377999 -0.370515 -0.287196 -0.332342 -0.022221 -0.001787 -0.032416 -0.097371 0.131937 -0.196779 0.036201 0.249810 -0.126794 0.124423 -0.142422 0.071512 0.192327 0.062115 -0.046286 -0.000325 0.232171 -0.178558 -0.563051 -0.457083 -0.522146 -0.370938 -0.348120 -0.221372 -0.214767 -0.265917 -0.540505 -0.511148 -0.513005 -0.311116 -0.600887 -0.497733 -0.437191 -0.340162 -0.289906 -0.211526 -0.127053 -0.283133 -0.293991 -0.272099 -0.389762 -0.263124 -0.217453 -0.121669
0.530822 0.305713 0.657324 0.733997 0.132426 0.222059 0.759477 1.000000 0.079844 0.200699 0.482091 0.545945 0.403852 0.490486 0.083897 0.249716 -0.218452 -0.207460 0.553698 0.196882 -0.082970 -0.175232 0.504688 0.445968 -0.014971 -0.017861 0.172995 0.186935 -0.136357 -0.296303 0.411849 0.453724 0.542974 0.578083 -0.115945 -0.100626 -0.189203 -0.245358 -0.163253 -0.253591 -0.264169 -0.111840 -0.386549 -0.375543 0.013439 -0.302023 -0.361891 -0.556594 0.264594 0.096305 0.139783 -0.044119 -0.005614 -0.383223 -0.181124 -0.355917 -0.005181 0.022584 0.131081 0.048086 0.512258 0.142212 0.044931 -0.058376 0.166230 0.313762 0.005629 -0.333521 -0.139124 -0.298276 -0.301599 -0.359606 -0.234772 -0.216828 -0.172381 -0.165545 -0.164428 -0.419608 -0.068009 -0.025453 -0.247227 -0.182384 0.077990 0.110392 0.064263 -0.200909 -0.097917 0.003728 0.220604 -0.221370 -0.533931 -0.595842 -0.427509 -0.377622 -0.380143 -0.275629 -0.340086 -0.387119 -0.489880 -0.610444 -0.487606 -0.419549 -0.652656 -0.569246 -0.524153 -0.451327 -0.352078 -0.303254 -0.124423 -0.348135 -0.384979 -0.469159 -0.428146 -0.434280 -0.258911 -0.129646
0.106320 0.374501 0.291240 0.433487 0.823524 0.652497 0.041427 0.079844 1.000000 0.740364 -0.075789 0.320357 0.439135 0.460447 0.545359 0.265489 -0.091724 -0.414290 0.425587 0.329817 0.054849 0.157442 0.076363 0.238870 0.636313 0.686927 0.523351 0.183784 -0.055988 -0.394273 -0.260568 -0.069761 -0.156771 -0.022456 -0.506926 -0.011116 -0.535349 -0.509729 -0.480794 -0.291581 -0.316053 -0.426077 0.071067 0.093560 -0.460266 -0.119792 -0.024126 -0.037543 -0.265974 -0.498548 -0.318608 -0.480940 0.287484 -0.039437 -0.469494 -0.386673 0.070071 0.370587 0.599845 0.463623 0.037668 -0.120806 -0.397266 -0.486983 -0.049749 -0.126231 0.517430 0.143230 0.462279 0.268958 0.216691 0.140605 -0.256599 -0.163368 0.024451 0.229342 -0.240366 -0.228920 -0.251648 -0.552775 -0.016252 -0.402974 0.384017 0.256477 -0.387176 -0.479441 -0.254623 -0.403096 -0.201550 -0.173184 -0.020639 -0.121809 0.106051 0.203145 -0.351381 -0.381839 -0.453999 -0.381446 -0.172568 -0.234999 -0.038284 0.178852 -0.018587 0.114605 -0.081159 -0.167131 -0.291129 -0.138969 -0.143430 -0.374395 -0.255252 -0.431838 -0.204976 -0.270482 -0.227738 -0.293315
0.300346 0.552178 0.245087 0.617191 0.825675 0.839001 -0.105969 0.200699 0.740364 1.000000 -0.172851 0.356524 0.254839 0.536361 0.410520 0.293903 -0.115590 -0.528695 0.608823 0.503749 0.115734 0.074679 0.012413 0.239246 0.645087 0.747600 0.654872 0.276504 -0.082785 -0.577341 -0.266973 -0.014638 -0.102199 0.041954 -0.696606 -0.177475 -0.642475 -0.629620 -0.442889 -0.250528 -0.361196 -0.511664 0.030482 0.076509 -0.576962 -0.188047 -0.030562 -0.067885 -0.253294 -0.587637 -0.475995 -0.571395 0.440751 0.056475 -0.457835 -0.382678 0.287560 0.507506 0.650351 0.612885 -0.038924 -0.074986 -0.380332 -0.537994 -0.345676 -0.197450 0.600483 0.107509 0.585207 0.324249 0.232433 0.121910 -0.319067 -0.262558 -0.147679 0.182957 -0.453705 -0.413987 -0.316851 -0.701404 -0.056066 -0.537738 0.493993 0.346087 -0.521785 -0.681814 -0.202765 -0.297495 -0.107900 -0.135272 0.096213 -0.158655 0.123558 0.272748 -0.347553 -0.403039 -0.427461 -0.405281 -0.108171 -0.194354 -0.079844 0.157100 -0.095398 0.046853 -0.112990 -0.194960 -0.253596 -0.116354 -0.121218 -0.395168 -0.317723 -0.492352 -0.241879 -0.308266 -0.210674 -0.303705
0.386025 0.210729 0.388524 0.238919 -0.200216 -0.232840 0.600982 0.482091 -0.075789 -0.172851 1.000000 0.552017 0.579209 0.341382 0.203093 0.017091 0.346157 0.324009 0.260338 -0.006980 -0.255140 -0.155495 0.368447 0.085884 -0.174212 -0.250090 -0.222881 -0.157561 0.354445 0.232211 0.597669 0.526285 0.624904 0.633774 0.127150 -0.097914 0.057791 -0.125939 -0.115601 -0.375246 0.196949 -0.024459 -0.200996 -0.211378 0.165791 -0.239101 -0.247882 -0.319581 0.103696 0.230594 0.240401 0.104637 -0.262537 -0.339592 0.008510 -0.116776 -0.023588 0.024165 -0.169135 -0.312630 0.560944 0.134583 0.468632 0.306099 0.197670 0.273528 -0.234489 -0.581582 -0.316089 -0.533850 -0.244663 -0.192988 0.273035 0.118510 0.246309 0.056059 0.279035 -0.131206 0.266854 0.407278 0.049335 0.186152 -0.090604 0.022149 0.241662 0.019259 0.036394 0.067333 0.025400 -0.211866 -0.631920 -0.481077 -0.484151 -0.530650 -0.384784 -0.107247 -0.181451 -0.094351 -0.214853 -0.309533 -0.427788 -0.356690 -0.597358 -0.585631 -0.516434 -0.316573 -0.171547 -0.155396 0.021596 -0.218412 -0.401342 -0.092188 -0.245766 -0.100180 -0.032221 0.121575
0.499671 0.672874 0.388662 0.606486 0.333498 0.256400 0.346622 0.545945 0.320357 0.356524 0.552017 1.000000 0.586616 0.767783 0.397433 0.323827 0.267878 -0.036346 0.662244 0.440320 -0.170355 -0.092644 0.143543 0.186174 0.239935 0.254098 0.239273 -0.004291 0.327476 -0.145270 0.441616 0.572431 0.459752 0.629031 -0.414181 -0.223977 -0.419578 -0.571971 -0.557056 -0.617492 0.014343 -0.432643 -0.212860 -0.129400 -0.337956 -0.342096 -0.290961 -0.344346 -0.096124 -0.300559 -0.249069 -0.341307 0.088349 -0.244544 -0.478459 -0.528331 0.193073 0.473113 0.355124 0.277934 0.342040 0.127316 0.079864 -0.015380 -0.105851 0.007871 0.372657 -0.280794 0.306010 -0.076609 -0.005272 0.114210 0.045619 -0.089743 0.068567 0.218491 -0.066999 -0.345792 0.049290 -0.146701 0.110345 -0.167977 0.326081 0.376830 -0.238013 -0.383975 -0.334623 -0.282432 -0.236494 -0.398118 -0.420242 -0.537088 -0.334680 -0.276591 -0.576549 -0.458272 -0.567133 -0.420038 -0.234974 -0.496827 -0.374929 -0.226198 -0.380782 -0.372345 -0.512109 -0.491193 -0.253793 -0.202381 -0.141627 -0.534374 -0.604221 -0.458168 -0.379107 -0.348217 -0.281619 -0.213963
0.303116 0.298456 0.478317 0.374191 0.269447 0.214708 0.521532 0.403852 0.439135 0.254839 0.579209 0.586616 1.000000 0.672587 0.492001 0.300062 0.255288 0.005384 0.357403 0.126028 -0.306998 -0.192539 0.219246 0.103014 0.081819 0.190796 0.181763 0.046207 0.246340 -0.071877 0.134843 0.259191 0.297134 0.422084 -0.213866 -0.047854 -0.260795 -0.386468 -0.340669 -0.512094 0.029677 -0.232735 0.055093 0.056539 -0.184034 -0.173309 -0.089408 -0.150050 -0.161473 -0.190202 0.043915 -0.223837 0.083419 -0.370092 -0.322224 -0.370074 -0.031298 0.208309 0.282863 0.013403 0.400245 0.016815 -0.067868 -0.143155 0.104601 0.181483 0.134844 -0.285688 0.129970 -0.193616 0.003733 0.034382 0.147603 0.167754 0.282305 0.285037 0.170329 -0.110689 0.143140 -0.013837 0.128137 -0.040669 0.102791 0.241825 -0.113409 -0.298152 -0.206842 -0.161301 -0.177504 -0.418918 -0.452119 -0.413716 -0.296283 -0.212632 -0.515596 -0.354977 -0.400685 -0.393027 -0.291933 -0.420694 -0.268716 -0.145793 -0.432485 -0.346684 -0.463050 -0.327456 -0.372485 -0.234042 -0.120754 -0.495942 -0.420235 -0.390582 -0.366903 -0.265938 -0.193599 -0.229444
0.442274 0.645676 0.389257 0.576810 0.446454 0.459649 0.297889 0.490486 0.460447 0.536361 0.341382 0.767783 0.672587 1.000000 0.369564 0.580247 0.071016 -0.203914 0.591893 0.349013 -0.192916 -0.159277 0.116597 0.157671 0.316388 0.379235 0.348510 0.157523 0.085556 -0.296356 0.069844 0.184015 0.197203 0.382541 -0.492245 -0.139394 -0.544985 -0.631749 -0.590963 -0.582704 -0.157804 -0.478654 -0.086043 -0.020416 -0.448553 -0.273608 -0.211498 -0.247268 -0.141082 -0.387718 -0.235953 -0.307367 0.306678 -0.242932 -0.517424 -0.541593 0.213940 0.448032 0.516510 0.395018 0.289873 0.240019 -0.133435 -0.181990 -0.148387 0.094034 0.432893 -0.135886 0.441395 -0.001796 0.114065 0.083725 -0.159116 -0.080070 -0.006076 0.328715 -0.144166 -0.306811 -0.150903 -0.381049 0.031199 -0.298712 0.279794 0.283504 -0.305264 -0.480332 -0.306194 -0.282505 -0.214245 -0.331795 -0.238828 -0.406621 -0.201321 -0.067080 -0.542884 -0.528956 -0.635390 -0.482403 -0.287979 -0.464188 -0.247987 -0.090160 -0.330028 -0.287452 -0.441217 -0.416708 -0.318338 -0.228341 -0.180487 -0.525889 -0.485328 -0.545252 -0.376992 -0.403095 -0.304582 -0.355197
0.045738 0.235174 0.245255 0.298987 0.460275 0.375338 0.017324 0.083897 0.545359 0.410520 0.203093 0.397433 0.492001 0.369564 1.000000 0.337015 0.133191 -0.149714 0.396914 0.164058 0.107337 0.191192 0.150652 0.079359 0.239278 0.433142 0.408034 0.227546 0.323432 -0.071955 0.055296 0.262058 0.016840 0.098518 -0.279405 -0.058186 -0.234546 -0.310682 -0.138917 -0.189809 0.074011 -0.171904 0.147962 0.125367 -0.308277 -0.176553 0.115431 0.066915 -0.328210 -0.357311 -0.236190 -0.371663 0.138637 0.087155 -0.219322 -0.160736 -0.091915 0.200854 0.272483 0.223213 -0.015040 -0.155361 -0.199381 -0.357033 -0.003384 -0.125072 0.274273 -0.209865 0.228718 -0.016039 0.176559 0.205654 0.135657 0.144937 0.324024 0.348649 0.029293 -0.043782 -0.012911 -0.224814 0.084615 -0.192960 0.560342 0.426702 -0.101700 -0.342418 -0.056440 -0.147602 0.002036 -0.190984 -0.200548 -0.257780 0.032758 -0.114677 -0.355454 -0.299695 -0.282989 -0.250206 -0.021898 -0.106546 -0.082957 -0.029152 -0.148687 -0.145255 -0.194432 -0.069633 -0.322404 -0.014776 -0.091833 -0.335558 -0.315055 -0.277999 -0.219822 -0.116001 -0.152415 -0.099625
0.144338 0.205367 0.241587 0.267039 0.275657 0.390331 0.153839 0.249716 0.265489 0.293903 0.017091 0.323827 0.300062 0.580247 0.337015 1.000000 -0.338268 -0.298475 0.293105 0.126872 0.160575 -0.008961 0.029863 0.114761 0.105265 0.176076 0.327404 0.466863 -0.195283 -0.135198 -0.246922 -0.193988 -0.137789 -0.131358 -0.196057 -0.049810 -0.226489 -0.195312 -0.165967 -0.146834 -0.106153 -0.074216 -0.242332 -0.253253 -0.426053 -0.404559 -0.149825 -0.154992 -0.032916 -0.292944 -0.184457 -0.049965 0.236856 0.063910 -0.187890 -0.189379 -0.041456 0.047587 0.381437 0.340361 0.140747 0.221885 -0.314203 -0.338766 -0.025192 0.129470 0.192697 -0.094800 0.191658 0.083644 0.087519 -0.010021 -0.294033 0.062265 -0.121475 0.231742 -0.140862 -0.010289 -0.260354 -0.389404 -0.247648 -0.333507 0.195359 0.207172 -0.114191 -0.112044 -0.106761 -0.121556 0.073185 0.157376 -0.013586 -0.091966 0.098229 0.168488 -0.214930 -0.337774 -0.339192 -0.285052 -0.246935 -0.185073 0.006080 0.151370 -0.071677 0.008147 -0.008470 -0.070404 -0.181361 -0.027340 -0.141106 -0.221340 -0.086429 -0.293635 -0.179695 -0.140011 -0.277792 -0.274308
0.091122 0.168840 -0.238293 -0.148604 -0.170155 -0.295725 -0.085205 -0.218452 -0.091724 -0.115590 0.346157 0.267878 0.255288 0.071016 0.133191 -0.338268 1.000000 0.560007 -0.035282 0.048657 -0.196330 -0.081461 -0.291761 -0.337787 -0.167272 -0.146667 -0.213920 -0.386411 0.716939 0.399573 0.309119 0.292112 0.253424 0.366114 -0.017226 -0.175243 0.128225 -0.006376 -0.118607 -0.295985 0.395075 -0.050282 0.279251 0.334343 0.062295 0.108342 0.119031 0.209739 -0.353054 -0.087562 -0.062939 -0.232061 -0.188772 -0.129432 -0.094675 -0.031195 0.290852 0.347733 -0.240183 -0.313821 0.017205 -0.131774 0.304372 0.339429 -0.216939 -0.215632 -0.108113 -0.293065 0.040537 -0.191504 0.189378 0.296227 0.680495 0.344926 0.448672 0.325866 0.439282 0.153794 0.467359 0.387699 0.611111 0.464357 -0.019736 0.204685 -0.125207 -0.070235 -0.121236 -0.022521 -0.337689 -0.333021 -0.122396 -0.098867 -0.139795 -0.174407 -0.204121 -0.003921 0.006005 0.027295 0.185067 0.109628 -0.037757 -0.054343 -0.031109 -0.130105 -0.284055 -0.121654 -0.014572 -0.050857 -0.016238 -0.130404 -0.311226 0.197042 -0.057260 0.116582 0.071449 0.069828
-0.197090 -0.205559 -0.394007 -0.397275 -0.500175 -0.595046 0.028850 -0.207460 -0.414290 -0.528695 0.324009 -0.036346 0.005384 -0.203914 -0.149714 -0.298475 0.560007 1.000000 -0.346265 -0.320184 -0.230132 -0.022664 -0.204252 -0.374471 -0.424163 -0.587244 -0.577579 -0.487603 0.577160 0.810224 0.368939 0.145676 0.303458 0.241307 0.569006 -0.108304 0.578123 0.396651 0.188873 -0.131806 0.538835 0.333796 0.067970 0.079930 0.517106 0.242125 0.024660 -0.042848 0.068613 0.487101 0.381387 0.296803 -0.402078 -0.256210 0.139257 0.103995 -0.069294 -0.054588 -0.672028 -0.631699 0.168682 0.088781 0.522725 0.735310 0.077409 0.164421 -0.564172 -0.374481 -0.285180 -0.443264 -0.016660 0.074881 0.652039 0.485929 0.329447 0.116273 0.589351 0.491528 0.618800 0.789168 0.551478 0.848748 -0.291836 -0.019183 0.323406 0.450088 -0.129753 -0.095486 -0.153796 -0.243093 -0.284592 -0.200478 -0.339880 -0.478802 -0.057582 0.214913 0.182593 0.242619 0.040134 0.105265 -0.205465 -0.321021 -0.096456 -0.244645 -0.141401 -0.026029 0.115665 0.074423 0.057756 0.221747 -0.142320 0.403375 -0.023383 0.161955 0.116258 0.183635
0.705336 0.744823 0.449242 0.827194 0.588366 0.594061 0.309742 0.553698 0.425587 0.608823 0.260338 0.662244 0.357403 0.591893 0.396914 0.293105 -0.035282 -0.346265 1.000000 0.729450 0.009681 -0.013415 0.204275 0.268232 0.447542 0.342602 0.516755 0.229646 0.056227 -0.461489 0.227866 0.355719 0.418855 0.501117 -0.614865 -0.371657 -0.567842 -0.618525 -0.418093 -0.329530 -0.266424 -0.422738 -0.321116 -0.250569 -0.401039 -0.418049 -0.326167 -0.448437 -0.080815 -0.400602 -0.427612 -0.546490 0.105380 -0.187750 -0.402054 -0.490261 0.407912 0.584276 0.482388 0.435327 0.246337 -0.079844 -0.154601 -0.305476 -0.298790 -0.244823 0.486745 -0.265684 0.449695 0.176465 -0.058257 -0.074382 -0.260900 -0.380286 -0.250009 -0.030172 -0.452757 -0.559675 -0.255569 -0.375144 -0.037053 -0.311438 0.546202 0.471171 -0.363029 -0.652744 -0.127829 -0.145912 0.019407 -0.223722 -0.316898 -0.527300 -0.321671 -0.086160 -0.507665 -0.486419 -0.549915 -0.439741 -0.342682 -0.434178 -0.442315 -0.144588 -0.374378 -0.283409 -0.337957 -0.339571 -0.322922 -0.049950 -0.198456 -0.501382 -0.588985 -0.628060 -0.335671 -0.394225 -0.267056 -0.217757
0.577329 0.687145 0.203603 0.525264 0.519920 0.493345 0.054194 0.196882 0.329817 0.503749 -0.006980 0.440320 0.126028 0.349013 0.164058 0.126872 0.048657 -0.320184 0.729450 1.000000 0.019020 -0.011958 -0.052512 0.188437 0.434384 0.333714 0.441323 0.179246 0.033867 -0.437411 -0.004793 0.193152 0.198491 0.334778 -0.618041 -0.327314 -0.590204 -0.530275 -0.413089 -0.120866 -0.323934 -0.454126 -0.369180 -0.196844 -0.499511 -0.292869 -0.425791 -0.293435 -0.322885 -0.560433 -0.669254 -0.692502 -0.041774 -0.141030 -0.477990 -0.437027 0.496025 0.650778 0.444558 0.411015 0.046793 -0.197651 -0.164862 -0.312870 -0.406881 -0.481534 0.516387 0.070082 0.539551 0.583903 0.137984 0.220741 -0.175669 -0.439855 -0.420961 -0.061935 -0.535543 -0.468526 -0.346045 -0.468521 0.096968 -0.305605 0.446302 0.417852 -0.576105 -0.644479 -0.123730 -0.096526 -0.151709 -0.104731 -0.011692 -0.143087 -0.050975 0.254349 -0.217698 -0.413707 -0.467936 -0.358551 -0.245197 -0.297933 -0.230605 0.153276 -0.033707 0.141432 -0.122215 -0.205201 -0.101840 -0.039991 -0.271528 -0.361251 -0.319049 -0.563213 -0.261382 -0.349858 -0.269329 -0.241443
-0.023617 -0.118380 -0.121998 -0.061824 0.212202 0.239349 -0.205695 -0.082970 0.054849 0.115734 -0.255140 -0.170355 -0.306998 -0.192916 0.107337 0.160575 -0.196330 -0.230132 0.009681 0.019020 1.000000 0.583744 -0.077021 0.019288 0.158480 0.119168 0.463036 0.492635 -0.182034 -0.231895 -0.049314 -0.011741 -0.286284 -0.315584 -0.067151 -0.059213 0.008791 0.184947 0.197236 0.351511 -0.173659 0.080540 -0.113621 -0.071739 -0.142669 -0.079680 0.010161 0.039187 0.023494 -0.074834 -0.133235 -0.043156 0.026435 0.150242 0.054068 0.148135 0.049910 -0.068910 0.031416 0.137743 -0.169251 -0.132615 -0.127570 -0.278806 -0.107841 -0.144435 0.050690 0.030831 -0.038045 0.151235 0.202350 0.092964 -0.281203 -0.081744 -0.237007 -0.180654 -0.224752 -0.052667 -0.153822 -0.168415 -0.187769 -0.189609 0.204590 -0.001181 -0.063403 -0.003438 0.089147 0.042543 0.023172 0.182850 0.168783 0.214611 0.184887 0.223361 0.053074 0.049819 0.152825 0.098484 -0.025940 0.111789 0.066475 0.176081 0.011205 0.131989 0.141340 0.125796 0.149482 0.188992 0.043343 0.169137 0.100143 0.013563 -0.025684 0.030766 -0.039733 0.033817
-0.141840 -0.107531 -0.157373 -0.140110 0.264311 0.113352 -0.225894 -0.175232 0.157442 0.074679 -0.155495 -0.092644 -0.192539 -0.159277 0.191192 -0.008961 -0.081461 -0.022664 -0.013415 -0.011958 0.583744 1.000000 -0.069278 -0.068171 0.241307 0.239052 0.337683 0.267258 0.023156 -0.027315 0.042130 0.135084 -0.178935 -0.159743 0.016350 -0.057693 -0.014863 0.017092 0.040481 0.121351 -0.011107 -0.044252 -0.013368 -0.016481 -0.044848 0.024119 -0.035409 -0.000842 -0.029613 -0.025746 -0.097770 -0.040945 -0.100582 0.072893 0.008181 0.168363 -0.002707 -0.053505 -0.042496 0.080370 -0.094410 -0.025528 0.127413 -0.085029 0.035989 -0.047472 0.041288 0.003408 -0.013967 0.048929 0.121648 0.250190 -0.158256 0.028103 -0.097938 -0.024575 -0.175563 0.043814 0.018979 -0.042432 0.040590 0.002785 0.294681 -0.078820 -0.005562 -0.056589 0.023664 -0.095120 -0.104471 -0.038338 0.016598 0.013957 0.126848 0.012734 -0.004104 0.169877 0.091525 0.300226 0.078098 0.163647 0.073698 0.013999 0.035011 0.051825 0.089331 0.165087 0.286182 0.224785 0.228957 0.128203 -0.128886 0.110118 0.129220 0.146221 0.157982 0.119492
0.141320 0.001703 0.787908 0.476862 0.009297 0.134789 0.475486 0.504688 0.076363 0.012413 0.368447 0.143543 0.219246 0.116597 0.150652 0.029863 -0.291761 -0.204252 0.204275 -0.052512 -0.077021 -0.069278 1.000000 0.739337 0.068450 0.161645 0.017003 0.236346 -0.312996 -0.289975 0.183379 0.249989 0.227394 0.159785 0.021468 0.123279 -0.180249 -0.184751 -0.048662 -0.118424 -0.252542 -0.137361 -0.175969 -0.205830 0.105476 -0.212441 -0.150211 -0.295420 0.210578 0.149891 0.263740 0.108240 -0.039366 -0.219781 0.002622 -0.081826 -0.178665 -0.136196 0.032372 0.042669 0.271373 0.058365 0.139415 -0.083943 0.339590 0.242966 -0.005389 -0.121367 -0.271080 -0.287330 -0.258194 -0.270694 -0.275657 -0.213331 -0.084427 -0.159399 -0.121366 -0.339386 -0.267894 0.014909 -0.403960 -0.194348 -0.035818 -0.144011 0.245067 -0.085128 0.066072 0.068985 0.312682 -0.017451 -0.414155 -0.347348 -0.345112 -0.309102 -0.262688 -0.129981 -0.145502 -0.148299 -0.364358 -0.391435 -0.370783 -0.286717 -0.563852 -0.420492 -0.368758 -0.185180 -0.181693 -0.123211 0.038623 -0.223356 -0.077705 -0.297611 -0.283428 -0.259035 -0.087653 -0.054953
0.142573 0.093603 0.701923 0.586724 0.231584 0.329288 0.320861 0.445968 0.238870 0.239246 0.085884 0.186174 0.103014 0.157671 0.079359 0.114761 -0.337787 -0.374471 0.268232 0.188437 0.019288 -0.068171 0.739337 1.000000 0.259421 0.378981 0.187539 0.280603 -0.366839 -0.466929 0.004510 0.192601 -0.006789 -0.000421 -0.221242 0.048357 -0.336762 -0.280613 -0.213172 -0.161450 -0.364819 -0.273132 -0.230103 -0.196245 -0.161341 -0.231962 -0.279759 -0.301619 0.095392 -0.139494 0.010761 -0.141302 0.074287 -0.235304 -0.227348 -0.300121 -0.045824 0.042117 0.230035 0.260447 0.085570 -0.120848 -0.098433 -0.253438 0.096356 -0.046005 0.212119 0.211484 -0.019100 0.105531 -0.006165 -0.065442 -0.402738 -0.259252 -0.264495 -0.125826 -0.291586 -0.399870 -0.422571 -0.254954 -0.308941 -0.320026 0.089356 0.018481 0.000496 -0.192380 -0.058261 -0.073582 0.171213 -0.055485 -0.118570 -0.172085 -0.169175 0.001507 -0.241173 -0.203501 -0.246121 -0.311569 -0.423916 -0.436915 -0.335613 -0.083179 -0.345504 -0.114153 -0.287726 -0.305526 -0.213051 -0.299954 -0.072853 -0.288453 0.041614 -0.453184 -0.311983 -0.368438 -0.214548 -0.253044
0.280252 0.425844 0.136320 0.358265 0.665849 0.663468 -0.183057 -0.014971 0.636313 0.645087 -0.174212 0.239935 0.081819 0.316388 0.239278 0.105265 -0.167272 -0.424163 0.447542 0.434384 0.158480 0.241307 0.068450 0.259421 1.000000 0.661274 0.515215 0.344902 -0.205820 -0.473992 -0.106253 -0.000433 -0.093293 -0.062209 -0.550576 -0.096826 -0.495243 -0.510219 -0.328785 -0.219219 -0.203063 -0.487689 -0.108715 -0.084965 -0.481357 -0.187436 -0.218492 -0.192402 -0.085998 -0.464191 -0.312227 -0.414449 0.221318 0.031168 -0.305390 -0.305665 0.269302 0.411554 0.501602 0.464316 -0.102744 -0.184740 -0.312067 -0.438718 -0.261042 -0.268102 0.496748 0.189723 0.491091 0.315899 0.252796 0.092585 -0.450345 -0.276935 -0.293299 0.161802 -0.396112 -0.399536 -0.396980 -0.541118 -0.081855 -0.388828 0.385855 0.176712 -0.311126 -0.429523 -0.047050 -0.225802 -0.015646 -0.048681 0.133077 -0.012142 0.107181 0.284801 -0.223139 -0.163875 -0.285439 -0.127276 -0.010873 -0.082772 -0.009933 0.183115 -0.032578 0.071191 -0.040011 -0.098301 -0.031129 0.060368 0.111472 -0.221579 -0.214802 -0.320613 -0.018032 -0.149611 -0.048798 -0.107063
0.072724 0.405607 0.306194 0.407599 0.711818 0.665064 -0.314162 -0.017861 0.686927 0.747600 -0.250090 0.254098 0.190796 0.379235 0.433142 0.176076 -0.146667 -0.587244 0.342602 0.333714 0.119168 0.239052 0.161645 0.378981 0.661274 1.000000 0.590838 0.267387 -0.199511 -0.598113 -0.285304 0.048635 -0.214640 -0.089059 -0.571116 0.103937 -0.650009 -0.619229 -0.454580 -0.177802 -0.360040 -0.567662 0.157138 0.207971 -0.560382 -0.085657 0.061125 0.104624 -0.302043 -0.606789 -0.413836 -0.494550 0.364133 0.159552 -0.394654 -0.236835 0.156478 0.395016 0.640004 0.643303 -0.154647 -0.034296 -0.387016 -0.581231 -0.164017 -0.172051 0.688009 0.368808 0.558964 0.344304 0.213817 0.254902 -0.353573 -0.261028 -0.071797 0.153026 -0.421531 -0.370239 -0.342957 -0.672047 -0.201923 -0.637749 0.362868 0.087087 -0.513150 -0.638703 -0.089241 -0.197115 -0.219589 -0.093257 0.114629 -0.030798 0.264405 0.312464 -0.192221 -0.234902 -0.302292 -0.261839 0.049010 -0.128627 0.124267 0.209932 -0.011733 0.154545 -0.077147 -0.099568 -0.118373 -0.143274 -0.022041 -0.296158 -0.083775 -0.432107 -0.096184 -0.227137 -0.060648 -0.243290
0.297838 0.437707 0.203704 0.456676 0.784324 0.809488 -0.103434 0.172995 0.523351 0.654872 -0.222881 0.239273 0.181763 0.348510 0.408034 0.327404 -0.213920 -0.577579 0.516755 0.441323 0.463036 0.337683 0.017003 0.187539 0.515215 0.590838 1.000000 0.619910 -0.247370 -0.687754 -0.228509 -0.030857 -0.167537 -0.084057 -0.587315 -0.128420 -0.603299 -0.491471 -0.298915 0.001295 -0.475853 -0.454153 -0.078950 -0.011358 -0.501024 -0.202384 -0.080894 -0.116603 -0.075547 -0.442900 -0.409648 -0.391680 0.297274 -0.031561 -0.363851 -0.281717 0.274418 0.416774 0.656405 0.660081 -0.005485 -0.013795 -0.448692 -0.578359 -0.257486 -0.168657 0.584072 0.146104 0.489210 0.356369 0.139612 0.036705 -0.501868 -0.390190 -0.330784 -0.136958 -0.551595 -0.434796 -0.337349 -0.580271 -0.187178 -0.547504 0.541910 0.204041 -0.416387 -0.589256 -0.143902 -0.175334 -0.066375 -0.128622 0.005619 -0.087412 0.093723 0.294578 -0.275374 -0.294515 -0.356344 -0.295722 -0.162561 -0.234641 -0.013265 0.137744 -0.101495 0.084896 -0.077991 -0.142633 -0.092906 -0.008288 -0.136497 -0.316106 -0.279913 -0.463921 -0.220534 -0.288068 -0.205598 -0.297478
0.193582 0.054039 0.241014 0.223054 0.283225 0.556331 0.058577 0.186935 0.183784 0.276504 -0.157561 -0.004291 0.046207 0.157523 0.227546 0.466863 -0.386411 -0.487603 0.229646 0.179246 0.492635 0.267258 0.236346 0.280603 0.344902 0.267387 0.619910 1.000000 -0.368866 -0.467561 -0.156332 -0.091422 -0.253005 -0.237591 -0.273577 0.029986 -0.271486 -0.051036 0.038314 0.154760 -0.284708 -0.096942 -0.259353 -0.253969 -0.341385 -0.315057 -0.239452 -0.190803 0.079030 -0.249769 -0.125667 -0.098622 0.127030 -0.100050 -0.099994 -0.104974 0.020163 0.017812 0.366799 0.362005 -0.042498 -0.056663 -0.420168 -0.585090 -0.021488 -0.012041 0.198147 0.071168 0.082716 0.176688 0.085223 -0.036697 -0.511437 -0.170317 -0.374810 -0.089966 -0.336628 -0.246541 -0.345704 -0.357486 -0.354744 -0.421724 0.316513 0.041802 -0.039469 -0.185342 0.172030 0.117327 0.346209 0.114935 0.078360 0.095233 0.090613 0.304581 -0.071629 -0.086572 -0.121665 -0.118948 -0.230151 -0.183633 0.043354 0.210583 -0.054344 0.042461 0.010548 -0.040296 0.018812 0.063010 0.019331 -0.150913 -0.037614 -0.302164 -0.187812 -0.147992 -0.178100 -0.134841
-0.009913 0.089483 -0.315810 -0.093343 -0.118809 -0.270676 -0.034424 -0.136357 -0.055988 -0.082785 0.354445 0.327476 0.246340 0.085556 0.323432 -0.195283 0.716939 0.577160 0.056227 0.033867 -0.182034 0.023156 -0.312996 -0.366839 -0.205820 -0.199511 -0.247370 -0.368866 1.000000 0.585251 0.428705 0.439998 0.269758 0.391125 0.054975 -0.211470 0.261488 0.092473 0.004031 -0.250504 0.596420 0.160650 0.154675 0.192472 0.034182 0.049038 0.072847 0.139434 -0.361371 -0.069380 -0.154803 -0.256561 -0.234268 -0.126647 -0.112897 -0.104781 0.052696 0.220692 -0.264201 -0.270639 0.000906 -0.140831 0.315133 0.321273 -0.171863 -0.229600 -0.124899 -0.363032 0.006334 -0.212110 0.210718 0.351506 0.790614 0.468889 0.570304 0.411102 0.457807 0.329306 0.580590 0.382564 0.643085 0.507592 0.285704 0.458087 -0.063169 0.004257 -0.154838 -0.108386 -0.263539 -0.352554 -0.191220 -0.207346 -0.185261 -0.314061 -0.153299 -0.015425 0.000632 0.033637 0.127467 0.034423 -0.148315 -0.155309 0.030067 -0.176737 -0.182643 -0.109397 -0.070869 -0.027284 -0.056070 -0.018085 -0.331019 0.123795 -0.126929 0.035055 -0.030136 0.101490
-0.361480 -0.424555 -0.464702 -0.508470 -0.568625 -0.664003 0.001175 -0.296303 -0.394273 -0.577341 0.232211 -0.145270 -0.071877 -0.296356 -0.071955 -0.135198 0.399573 0.810224 -0.461489 -0.437411 -0.231895 -0.027315 -0.289975 -0.466929 -0.473992 -0.598113 -0.687754 -0.467561 0.585251 1.000000 0.260874 0.054990 0.214606 0.125220 0.652243 -0.013305 0.751413 0.585936 0.382263 0.015100 0.698853 0.592294 0.072583 0.034081 0.465251 0.167263 0.124360 0.136724 -0.043905 0.410383 0.324153 0.284917 -0.403940 -0.011274 0.339553 0.343675 -0.275001 -0.285008 -0.688485 -0.692578 0.117913 0.031852 0.457901 0.605771 0.148763 0.125055 -0.641319 -0.377859 -0.428799 -0.454161 0.003767 0.058213 0.720373 0.660055 0.505593 0.318031 0.696329 0.633279 0.605469 0.708162 0.445851 0.762610 -0.262275 0.045632 0.350109 0.589781 0.076000 0.018917 -0.029249 0.002960 -0.157738 -0.039900 -0.102421 -0.376191 0.144844 0.330207 0.397716 0.357783 0.238893 0.327739 0.004641 -0.151901 0.090496 -0.127270 0.040148 0.164286 0.099189 0.047748 0.110541 0.361738 0.065618 0.569221 0.148209 0.358726 0.154294 0.292724
0.327141 0.191854 0.092199 0.158181 -0.305797 -0.320136 0.363510 0.411849 -0.260568 -0.266973 0.597669 0.441616 0.134843 0.069844 0.055296 -0.246922 0.309119 0.368939 0.227866 -0.004793 -0.049314 0.042130 0.183379 0.004510 -0.106253 -0.285304 -0.228509 -0.156332 0.428705 0.260874 1.000000 0.806782 0.619279 0.644058 0.212906 -0.067852 0.229968 0.049427 0.089521 -0.221843 0.266333 0.042248 -0.230040 -0.232225 0.232866 -0.152587 -0.249155 -0.363172 0.149263 0.264901 0.209397 0.077241 -0.270883 -0.259027 0.078176 -0.136329 0.021450 0.005180 -0.311260 -0.299089 0.341584 0.065337 0.396256 0.403627 0.168567 0.170726 -0.231786 -0.480389 -0.204682 -0.452746 -0.142723 0.001095 0.342398 0.137203 0.209673 0.034543 0.242731 -0.065067 0.394316 0.497203 0.123562 0.279815 0.014570 0.076238 0.286648 0.088556 0.104967 0.170657 0.153253 -0.224959 -0.487181 -0.521904 -0.461192 -0.617378 -0.233698 -0.010796 -0.044563 -0.070591 -0.054046 -0.279476 -0.383681 -0.495693 -0.417212 -0.601688 -0.429414 -0.327188 -0.113430 -0.096433 -0.043527 -0.136082 -0.393131 -0.012667 -0.175231 -0.129989 -0.055267 0.191086
0.309960 0.265010 0.279080 0.326250 -0.060838 -0.138778 0.291392 0.453724 -0.069761 -0.014638 0.526285 0.572431 0.259191 0.184015 0.262058 -0.193988 0.292112 0.145676 0.355719 0.193152 -0.011741 0.135084 0.249989 0.192601 -0.000433 0.048635 -0.030857 -0.091422 0.439998 0.054990 0.806782 1.000000 0.502060 0.632250 -0.055269 -0.030858 -0.012951 -0.160077 -0.121845 -0.311014 0.202303 -0.161848 -0.085528 -0.065733 0.013318 -0.110369 -0.185116 -0.226746 -0.094104 -0.008096 -0.037515 -0.189698 -0.171796 -0.163958 -0.190539 -0.243975 0.000614 0.136146 -0.103533 -0.108289 0.199812 -0.087417 0.298138 0.111515 0.128107 0.054170 0.028021 -0.309187 -0.087710 -0.269870 -0.025051 0.201225 0.305241 0.089262 0.222674 0.140526 0.090900 -0.155118 0.283661 0.221960 0.128438 0.070006 0.242795 0.174586 0.010848 -0.201189 -0.096861 0.027679 -0.059228 -0.390321 -0.378687 -0.432668 -0.313219 -0.433451 -0.286788 -0.093306 -0.124305 -0.113560 -0.047343 -0.309048 -0.378881 -0.401960 -0.417739 -0.512281 -0.519084 -0.383101 -0.119576 -0.152166 -0.005351 -0.254219 -0.408477 -0.174980 -0.225956 -0.188561 -0.101534 0.089867
0.530454 0.332869 0.293270 0.386952 -0.113847 -0.174862 0.517476 0.542974 -0.156771 -0.102199 0.624904 0.459752 0.297134 0.197203 0.016840 -0.137789 0.253424 0.303458 0.418855 0.198491 -0.286284 -0.178935 0.227394 -0.006789 -0.093293 -0.214640 -0.167537 -0.253005 0.269758 0.214606 0.619279 0.502060 1.000000 0.860370 0.112298 -0.212843 0.101595 -0.081802 0.029057 -0.186468 0.165970 0.097816 -0.340294 -0.305203 0.196896 -0.283343 -0.279376 -0.448602 0.085623 0.170929 0.109749 -0.106073 -0.389863 -0.330020 0.154585 -0.014606 0.151882 0.168886 -0.223643 -0.333448 0.612256 0.079787 0.402462 0.360604 0.024003 0.113924 -0.174202 -0.599943 -0.181599 -0.444435 -0.447249 -0.322498 0.282035 0.008084 0.130658 -0.072232 0.112647 -0.276734 0.247263 0.433082 0.024540 0.243509 -0.122679 0.129735 0.010564 -0.098652 0.092228 0.086979 0.140849 -0.118384 -0.694561 -0.637889 -0.511452 -0.552125 -0.238752 -0.050736 -0.060843 -0.110151 -0.172349 -0.284696 -0.410924 -0.390762 -0.586669 -0.567946 -0.428035 -0.179675 -0.180163 -0.112968 -0.046422 -0.129333 -0.460699 -0.095315 -0.249111 -0.116004 0.043763 0.152486
0.551940 0.485462 0.318314 0.444273 -0.005419 -0.094659 0.491209 0.578083 -0.022456 0.041954 0.633774 0.629031 0.422084 0.382541 0.098518 -0.131358 0.366114 0.241307 0.501117 0.334778 -0.315584 -0.159743 0.159785 -0.000421 -0.062209 -0.089059 -0.084057 -0.237591 0.391125 0.125220 0.644058 0.632250 0.860370 1.000000 0.006778 -0.064777 -0.042901 -0.223571 -0.191700 -0.290146 0.081343 -0.079315 -0.241620 -0.148405 0.142104 -0.102198 -0.263240 -0.388333 -0.054304 0.059483 -0.009459 -0.253850 -0.315108 -0.411179 -0.161835 -0.252462 0.151332 0.280741 -0.109380 -0.212795 0.555903 0.112407 0.338197 0.298516 0.053749 0.145277 -0.030602 -0.420889 0.006563 -0.321264 -0.297357 -0.132616 0.326115 -0.003302 0.163430 0.018506 0.118038 -0.248784 0.349429 0.311950 0.210581 0.184260 0.021841 0.192946 -0.094665 -0.301471 -0.013685 0.038164 -0.052212 -0.362296 -0.640011 -0.705655 -0.561601 -0.583363 -0.295214 -0.196280 -0.198957 -0.304949 -0.183889 -0.463791 -0.493788 -0.482635 -0.569982 -0.616282 -0.631509 -0.417646 -0.314442 -0.335499 -0.186527 -0.227858 -0.480322 -0.324679 -0.376761 -0.327979 -0.140381 -0.029939
-0.417795 -0.616713 -0.222435 -0.546049 -0.640237 -0.643940 0.102032 -0.115945 -0.506926 -0.696606 0.127150 -0.414181 -0.213866 -0.492245 -0.279405 -0.196057 -0.017226 0.569006 -0.614865 -0.618041 -0.067151 0.016350 0.021468 -0.221242 -0.550576 -0.571116 -0.587315 -0.273577 0.054975 0.652243 0.212906 -0.055269 0.112298 0.006778 1.000000 0.371610 0.749241 0.631638 0.518604 0.304576 0.281516 0.545250 -0.012144 -0.076069 0.717354 0.313482 0.128638 0.009117 0.359720 0.731339 0.666743 0.635428 -0.359656 -0.054768 0.457591 0.393697 -0.477916 -0.652858 -0.678411 -0.633886 0.221462 0.268866 0.376742 0.565324 0.542176 0.512487 -0.677121 -0.116593 -0.596340 -0.511329 -0.234172 -0.231434 0.333506 0.383920 0.238234 -0.121139 0.579466 0.570601 0.557279 0.678422 0.008475 0.501870 -0.540621 -0.405969 0.580975 0.637818 0.280211 0.243672 0.162576 0.131666 -0.234191 -0.081124 -0.176914 -0.496433 0.286530 0.374047 0.458832 0.242368 0.075658 0.106372 -0.017158 -0.347523 -0.096216 -0.239950 -0.023543 0.117496 0.043199 -0.039054 -0.028973 0.461864 0.327227 0.416099 0.138862 0.172341 0.090400 0.186380
-0.303526 -0.303933 0.061240 -0.294408 -0.136385 -0.148156 -0.050823 -0.100626 -0.011116 -0.177475 -0.097914 -0.223977 -0.047854 -0.139394 -0.058186 -0.049810 -0.175243 -0.108304 -0.371657 -0.327314 -0.059213 -0.057693 0.123279 0.048357 -0.096826 0.103937 -0.128420 0.029986 -0.211470 -0.013305 -0.067852 -0.030858 -0.212843 -0.064777 0.371610 1.000000 0.146802 0.132189 0.035410 0.142977 -0.101770 0.001149 0.226041 0.210876 0.290986 0.488382 0.108504 0.169171 0.023568 0.185393 0.265437 0.248627 -0.074889 -0.023489 -0.103600 0.013784 -0.406787 -0.402414 -0.042197 -0.055443 -0.040331 0.238912 -0.177644 -0.032948 0.621834 0.445598 -0.050412 0.436678 -0.112340 -0.082146 -0.030023 -0.041506 0.002679 0.066406 0.185508 0.033465 0.244566 0.253790 0.152230 0.034041 -0.093723 -0.056025 -0.261976 -0.305029 0.220070 0.101316 0.151256 0.160199 0.004201 -0.098598 -0.022110 0.042139 0.015750 -0.111253 0.183036 0.010462 0.116668 -0.137340 -0.020565 -0.171763 0.071787 -0.118791 -0.001748 -0.066327 -0.114667 -0.161683 -0.088888 -0.297897 -0.154293 0.129670 0.442639 -0.108482 -0.038544 -0.146588 -0.120361 -0.231838
