1.000000 0.232415 0.120770 -0.196558 -0.061653 -0.178470 0.068837 -0.357922 0.142864 -0.065834 0.286012 -0.121413 0.039163 -0.212404 0.239568 0.086281 0.359057 0.239291 0.254527 0.084719 0.315450 0.013106 0.209542 -0.131771 0.051602 0.023553 0.215475 0.224632 0.345052 0.158170 0.152291 0.043460 0.076836 0.174009 0.176101 0.056257 0.146629 0.122657 0.172160 0.222398 0.113963 0.149634 -0.146157 0.017525 -0.116618 -0.116545 -0.187682 -0.222118 -0.302388 -0.227772 -0.325827 -0.415465 -0.233648 -0.244944 0.002563 0.006528 0.676355 0.389099 -0.204282 -0.404546 0.349718 -0.288864 0.176709 -0.047502 0.206959 -0.237932 -0.352435 -0.129762 -0.304232 -0.266361 -0.129345 0.087923 0.232278 0.124679 0.293747 0.009947 0.125022 0.024847 0.278556 0.138666 -0.007521 0.189526 0.064491 0.019842 0.206585 -0.220697 0.186962 -0.048597 -0.067357 -0.104257 -0.375664 -0.030325 -0.386282 -0.184060 0.162395 0.218362 0.246118 0.015289 0.042263 0.482295 -0.239969 0.056038 -0.147230 -0.148634 -0.358670 -0.143454 -0.199916 -0.131921 0.401479 0.077295 0.025932 0.283506 -0.079373 0.172758 0.376025 0.241876
0.232415 1.000000 -0.399195 0.092280 -0.336205 -0.141791 -0.294473 0.105874 -0.284919 0.110021 0.342948 0.448352 -0.027078 0.314570 -0.245273 0.094548 0.259499 0.274187 0.126340 0.298112 0.000530 -0.198342 -0.432658 -0.434503 -0.351587 -0.239703 -0.239562 -0.112819 -0.044101 0.063245 -0.299240 -0.252545 0.079725 0.063029 -0.188943 -0.186867 -0.130522 0.007705 -0.283754 -0.033161 -0.158871 -0.157731 -0.144359 -0.189076 -0.196391 -0.220205 -0.133228 -0.262025 -0.018208 -0.067780 -0.096841 0.072056 0.169778 -0.098685 0.154006 -0.089739 0.430006 0.477704 0.128958 0.176653 0.163411 0.363356 0.158414 0.238384 -0.353169 0.178907 -0.227361 -0.274146 0.063581 0.105716 -0.235021 -0.124847 -0.079472 -0.187865 -0.143589 -0.060249 -0.094995 -0.035326 0.229494 0.031095 0.229031 0.131311 0.014483 -0.032702 -0.175904 -0.115462 -0.200847 -0.169119 -0.226884 0.030587 0.243333 -0.118405 0.050275 -0.234024 -0.009010 -0.068830 -0.073811 0.052406 0.397958 0.183982 0.144020 0.025068 0.075530 0.013950 0.042913 -0.169583 0.044296 0.030843 -0.004765 -0.096394 -0.279692 0.042322 0.082992 0.171219 0.004952 0.126935
0.120770 -0.399195 1.000000 0.219480 0.504514 0.385566 0.569822 0.135428 0.544198 0.079210 -0.087626 -0.323798 0.168776 -0.170459 0.495706 -0.068815 -0.216715 -0.314414 0.275684 -0.169765 0.019359 0.181379 0.553381 0.524516 0.379174 0.362400 0.326328 0.242499 -0.105297 -0.297273 0.181247 0.057113 -0.271601 -0.156401 0.177686 0.074938 -0.252630 -0.458520 0.285112 0.061409 0.079734 -0.141770 -0.245086 -0.219724 -0.350892 -0.313308 -0.200728 -0.116595 -0.265080 -0.316009 0.118983 -0.174682 -0.315687 -0.035066 -0.330722 -0.309340 -0.212484 -0.154064 0.062394 -0.267392 0.011659 -0.181635 -0.098761 -0.394820 0.564195 0.084371 0.187103 0.315489 0.012827 -0.062907 -0.013056 -0.149712 -0.207414 -0.076669 -0.123419 -0.181710 -0.283572 -0.247956 -0.272646 -0.231702 -0.223866 -0.122205 0.283114 0.136553 0.302942 0.119803 0.515903 -0.120120 0.399619 0.009973 -0.080972 0.163748 0.114841 0.330487 -0.373635 -0.225391 -0.351018 -0.465226 -0.506197 -0.341774 -0.237938 0.024239 -0.130866 0.086302 -0.177278 0.113542 -0.140449 -0.279316 0.008977 -0.322338 0.190830 -0.200043 -0.338548 -0.136376 -0.002896 -0.014004
-0.196558 0.092280 0.219480 1.000000 0.342582 0.530630 0.539655 0.627469 0.136235 0.442525 -0.213588 0.412575 0.156656 0.358329 0.040101 0.464287 -0.347812 -0.136017 -0.074288 -0.399903 0.182218 0.280648 0.259742 0.511840 0.393960 0.465582 0.251644 0.237230 -0.187388 0.057012 0.330843 0.433233 -0.129842 -0.146153 0.199549 0.043345 -0.041182 -0.015843 0.154625 -0.001772 0.154955 0.054289 -0.175975 -0.145544 -0.369537 -0.224885 -0.040093 -0.172685 -0.268367 -0.240204 0.041635 -0.183617 -0.129753 0.091760 -0.233420 -0.162173 -0.310595 -0.310331 -0.127631 -0.199830 -0.187512 0.145423 -0.317482 -0.250928 0.164254 0.391159 -0.292549 0.078370 -0.133858 -0.294446 0.123371 0.091505 -0.138843 0.120183 0.058669 0.114730 -0.199343 -0.027585 -0.049321 -0.161769 -0.224377 -0.278429 -0.089964 0.313062 -0.087575 0.353900 0.017104 -0.211271 0.091555 -0.296214 -0.026515 -0.442817 0.243500 -0.249516 -0.212388 -0.122597 -0.325284 -0.197300 -0.394816 -0.394673 -0.249871 -0.448139 -0.337670 -0.325295 -0.103325 -0.009288 -0.266489 -0.299080 -0.084477 -0.185195 -0.357948 -0.439958 -0.197633 -0.269281 0.058356 -0.074330
-0.061653 -0.336205 0.504514 0.342582 1.000000 0.495909 0.446170 0.254544 0.704982 0.535558 -0.016194 0.104729 0.373453 0.245100 0.555534 0.417119 -0.439399 -0.056050 -0.269254 -0.458235 0.285007 0.498997 0.671248 0.407130 0.755028 0.455967 0.618193 0.397661 -0.012156 0.216358 0.549918 0.417603 -0.522824 -0.438558 0.219622 0.134309 0.030411 0.159795 0.393809 0.077054 0.154575 0.221670 -0.070744 -0.023388 -0.334635 -0.204514 0.016137 0.103319 -0.351098 -0.310394 0.020617 -0.140360 -0.278101 0.333565 -0.204333 0.122828 -0.497937 -0.440929 -0.085819 -0.250018 -0.251250 -0.171974 -0.605714 -0.620885 0.412183 0.178171 -0.144919 0.158928 -0.071040 -0.159275 0.359689 0.336955 0.069299 0.213676 0.113536 0.221339 -0.114834 0.002349 -0.280055 -0.078713 -0.601078 -0.379814 0.161661 0.062174 0.110864 0.172826 0.079150 -0.143460 0.341213 -0.078725 -0.274693 -0.200741 -0.080058 -0.104817 -0.253428 0.093851 -0.149564 -0.124686 -0.600011 -0.402893 -0.497347 -0.421511 -0.517437 -0.285137 -0.225591 0.108598 -0.386297 -0.269143 0.104365 -0.003885 -0.114627 -0.361427 0.015068 -0.204845 0.050875 -0.180217
-0.178470 -0.141791 0.385566 0.530630 0.495909 1.000000 0.229006 0.486231 0.403347 0.534108 -0.183737 0.047261 -0.095012 0.070327 0.180489 0.240509 -0.409195 -0.056428 -0.226990 -0.453364 0.249538 0.530608 0.481491 0.612129 0.666493 0.731709 0.554327 0.552025 -0.403739 -0.062949 0.375912 0.404108 -0.406052 -0.420578 0.214397 0.126625 -0.067974 0.097901 0.418203 0.308696 0.147218 0.204304 0.107582 0.074780 -0.232358 -0.051079 -0.044231 -0.048224 -0.384194 -0.149282 0.219376 -0.171283 -0.345942 0.239921 -0.457716 -0.085342 -0.401178 -0.212719 -0.232711 -0.290078 -0.500996 -0.140713 -0.540441 -0.605926 0.230232 0.387218 -0.129811 0.395193 -0.062321 -0.045693 0.095530 0.104592 -0.267611 0.088602 0.065156 -0.030225 -0.330495 -0.167774 -0.076319 -0.200658 -0.338796 -0.222145 -0.005888 0.083499 0.191021 0.305741 0.332461 0.003591 0.313208 -0.097794 -0.200381 -0.514961 0.216174 -0.294589 -0.209614 -0.120290 -0.279971 -0.130970 -0.519401 -0.525646 -0.284332 -0.519366 -0.370077 -0.088932 -0.122023 0.198771 -0.289543 -0.293417 0.058042 -0.082576 -0.240944 -0.497122 -0.355135 -0.352129 -0.069883 -0.184308
0.068837 -0.294473 0.569822 0.539655 0.446170 0.229006 1.000000 0.384196 0.231309 0.195015 0.081663 0.201849 0.547198 0.276768 0.361563 0.378362 -0.067991 -0.219791 0.111157 -0.325887 0.214158 0.260751 0.382134 0.396802 0.290233 0.236600 0.272256 0.070093 0.055473 0.009648 0.333701 0.324941 -0.099562 -0.006948 0.100603 -0.013070 -0.135390 -0.285666 0.225622 -0.004873 0.013310 -0.006850 -0.250617 -0.188666 -0.379541 -0.315729 -0.079700 -0.141824 -0.155997 -0.293611 -0.101578 -0.203146 -0.110872 -0.065187 -0.138651 -0.186604 -0.186532 -0.375301 -0.065150 -0.182417 0.096900 0.079032 -0.244949 -0.208967 0.383265 0.188751 -0.148768 -0.098929 -0.126241 -0.304151 0.181435 0.092725 -0.029278 0.038309 -0.049534 0.063669 -0.191586 -0.110319 -0.023285 -0.238517 -0.222478 -0.294980 0.158067 0.283807 0.082230 0.167059 0.049904 -0.316670 0.157537 -0.294562 -0.072749 -0.134330 0.045540 0.012343 -0.151444 -0.173352 -0.231329 -0.298566 -0.418140 -0.274606 -0.222968 -0.133421 -0.220932 -0.273201 -0.121116 -0.141743 -0.265878 -0.272311 0.015804 -0.209288 -0.124199 -0.204880 -0.142980 -0.254426 0.084924 -0.066454
-0.357922 0.105874 0.135428 0.627469 0.254544 0.486231 0.384196 1.000000 0.038328 0.531259 -0.001120 0.499673 0.101210 0.536922 -0.162737 0.174635 -0.239134 -0.241136 -0.159643 -0.348447 -0.103721 0.092071 -0.078124 0.240484 0.118980 0.202056 0.031951 -0.083293 -0.515581 -0.236708 -0.072200 0.032728 -0.158309 -0.196148 0.004895 -0.043474 -0.400321 -0.242935 -0.096682 -0.107301 -0.093070 -0.174953 -0.155204 -0.252500 -0.365955 -0.318940 -0.168565 -0.114672 -0.078834 -0.319328 0.065634 0.214778 0.017527 0.068156 -0.354717 -0.454034 -0.313599 -0.382090 0.075242 0.160465 -0.170411 0.549109 -0.266046 -0.185613 0.122678 0.829909 0.000626 0.190390 0.000001 0.116465 -0.130703 -0.136019 -0.439033 -0.154772 -0.228048 -0.093407 -0.410149 -0.058245 0.004785 -0.359793 0.027173 -0.356994 -0.097132 0.155087 -0.176454 0.327034 -0.156219 -0.285269 0.021553 -0.250000 0.397912 -0.365716 0.685405 -0.148584 -0.332398 -0.338745 -0.523121 -0.231937 -0.426845 -0.530893 0.166638 -0.265950 -0.122258 -0.071930 0.266565 0.052471 0.146006 -0.297022 -0.121700 -0.322023 -0.218550 -0.468641 -0.042497 -0.124752 -0.106406 -0.125780
0.142864 -0.284919 0.544198 0.136235 0.704982 0.403347 0.231309 0.038328 1.000000 0.323157 0.126086 -0.134487 0.269118 -0.011060 0.666707 0.058054 -0.225268 -0.017647 -0.098937 -0.355588 0.147562 0.315381 0.627675 0.308060 0.578424 0.344429 0.441034 0.242640 0.188484 0.136045 0.338949 0.206277 -0.393230 -0.363753 0.309306 0.163159 0.072490 -0.048753 0.241130 -0.093537 0.308158 0.067285 -0.177821 -0.085934 -0.279509 -0.222415 -0.134349 -0.054301 -0.320243 -0.304292 0.219278 -0.164740 -0.299069 0.168308 -0.314199 -0.136888 -0.223266 -0.186491 0.027188 -0.242759 -0.004653 -0.189235 -0.331292 -0.448648 0.523662 0.102092 -0.104575 0.148503 -0.402528 -0.244200 0.170144 0.190821 0.057000 0.228266 0.146911 0.115677 0.010385 -0.025615 -0.170569 0.023805 -0.467746 -0.211232 0.064412 -0.035365 0.177117 -0.009727 0.288530 -0.171174 0.237970 -0.161060 -0.310111 -0.080538 -0.076835 -0.041765 -0.163087 0.135027 -0.080632 -0.150253 -0.422756 -0.177774 -0.420922 -0.307609 -0.565040 -0.244658 -0.270952 0.154193 -0.282515 -0.108703 0.256962 0.038928 -0.020277 -0.209261 -0.088371 0.065865 0.216495 0.092192
-0.065834 0.110021 0.079210 0.442525 0.535558 0.534108 0.195015 0.531259 0.323157 1.000000 0.041161 0.481076 0.164493 0.384122 0.152044 0.485831 -0.335013 0.025281 -0.260602 -0.436363 0.177271 0.245751 0.222318 0.097386 0.383669 0.320441 0.293361 0.249373 -0.359010 0.120616 0.151129 0.109979 -0.399865 -0.439356 0.187782 0.149179 -0.204437 0.168629 0.058536 0.053538 0.071792 0.261864 0.011139 -0.101737 -0.321329 -0.226949 0.016054 -0.012024 -0.258116 -0.229043 0.171437 0.053427 -0.049431 0.390998 -0.268169 -0.044665 -0.265598 -0.378109 -0.058905 -0.048237 -0.280076 0.278341 -0.469114 -0.496787 0.182964 0.643439 -0.304566 0.073992 0.006465 0.012328 -0.025890 0.087940 -0.204454 0.054674 0.124751 0.113748 -0.209516 -0.059920 0.025460 -0.100051 -0.350786 -0.502376 -0.167389 -0.060364 -0.156708 0.185964 -0.156079 -0.149247 -0.029075 -0.074773 0.056430 -0.474333 0.345537 -0.484028 -0.166721 -0.022352 -0.269678 -0.012953 -0.389819 -0.393841 -0.144826 -0.580649 -0.531574 -0.322340 -0.095599 0.036876 -0.225827 -0.132816 0.181930 0.006897 -0.343674 -0.440190 -0.092823 -0.052969 0.183599 -0.119224
0.286012 0.342948 -0.087626 -0.213588 -0.016194 -0.183737 0.081663 -0.001120 0.126086 0.041161 1.000000 0.445196 0.543175 0.488392 0.375701 0.185868 0.594524 0.309792 -0.024875 0.148103 0.167890 0.037426 -0.158983 -0.445616 -0.161036 -0.334432 0.037322 -0.198093 0.315850 0.287844 -0.177691 -0.216394 0.006709 -0.068213 -0.343342 -0.291902 -0.060391 -0.119582 0.067899 -0.050992 -0.013758 -0.022990 -0.175840 0.016938 -0.100547 -0.231335 -0.047947 -0.100843 0.197453 0.006529 -0.064931 0.159089 0.223190 -0.130062 0.190362 -0.057260 0.284477 0.002198 0.234166 0.190762 0.357600 0.237410 0.007395 0.110320 -0.176727 -0.003477 -0.329334 -0.587331 -0.104363 -0.071138 0.089347 0.200011 0.244832 0.013028 -0.041434 0.104004 0.023880 -0.097733 0.261646 -0.048804 0.136804 0.056971 0.342128 -0.052222 -0.094234 -0.383731 -0.171717 -0.543911 -0.246677 -0.190721 0.088706 -0.023380 -0.083953 -0.104332 0.129495 -0.191535 0.072989 -0.048659 0.077638 0.118354 0.000354 0.090347 -0.275018 -0.077217 -0.009110 -0.248958 -0.013799 -0.031440 0.215125 -0.079726 -0.262145 -0.012860 0.071181 0.097456 -0.023766 0.057504
-0.121413 0.448352 -0.323798 0.412575 0.104729 0.047261 0.201849 0.499673 -0.134487 0.481076 0.445196 1.000000 0.465274 0.898842 0.021485 0.643249 0.044863 0.217857 -0.191011 -0.211127 0.183662 0.083477 -0.289000 -0.332746 -0.042460 -0.096234 0.002639 -0.130426 -0.001118 0.370678 -0.033866 0.037484 -0.146771 -0.238698 -0.357137 -0.352342 -0.060071 0.129855 -0.099323 -0.157105 -0.001088 0.055254 -0.169032 -0.110810 -0.308508 -0.354959 0.091818 -0.038769 0.173138 -0.004518 0.015767 0.300569 0.313927 0.180039 0.134043 0.087129 -0.111359 -0.334841 0.274585 0.381549 0.143629 0.622248 -0.215633 0.079598 -0.270735 0.424965 -0.405566 -0.554206 0.088899 -0.131254 0.167940 0.216676 0.104485 0.058980 0.061142 0.237226 -0.117829 -0.005522 0.080541 -0.021051 -0.059417 -0.274622 -0.112228 0.056739 -0.459671 0.047570 -0.439322 -0.437387 -0.303785 -0.266344 0.287840 -0.375379 0.193913 -0.524993 -0.016214 -0.041220 -0.089570 0.122619 -0.044473 -0.175051 0.075021 -0.391671 -0.309847 -0.397629 0.100513 -0.294136 0.038005 -0.063323 0.085561 -0.019109 -0.530920 -0.381298 0.222246 0.003749 0.016860 -0.011771
0.039163 -0.027078 0.168776 0.156656 0.373453 -0.095012 0.547198 0.101210 0.269118 0.164493 0.543175 0.465274 1.000000 0.547304 0.634074 0.462669 0.087860 0.086884 -0.129543 -0.226383 0.180541 0.119476 0.218646 -0.156391 0.095514 -0.212431 0.098491 -0.179640 0.370612 0.336377 0.198544 0.099804 -0.257858 -0.186175 -0.129129 -0.226579 0.101724 -0.025698 0.033383 -0.233915 -0.029142 0.039080 -0.260342 -0.129200 -0.353213 -0.386312 -0.003080 -0.043176 -0.000087 -0.128276 -0.072227 -0.000553 0.127834 0.124200 0.140816 0.061433 -0.143406 -0.294607 0.226304 0.028376 0.370612 0.230870 -0.197538 -0.029804 0.201389 0.039388 -0.340719 -0.580626 -0.097925 -0.209292 0.431275 0.285759 0.309187 0.089488 0.036777 0.313900 0.099454 0.057295 -0.135518 0.007283 -0.180471 -0.177493 0.212339 0.124582 -0.078110 -0.095778 -0.288946 -0.476387 0.052896 -0.200077 0.029602 0.061881 -0.075076 -0.028236 -0.083843 0.058963 -0.049972 -0.073755 -0.128336 -0.059193 -0.156027 -0.143612 -0.295805 -0.348696 -0.181930 -0.261010 -0.257434 -0.033072 0.028315 -0.032469 -0.332793 -0.117382 0.233369 -0.091616 0.046825 -0.028896
-0.212404 0.314570 -0.170459 0.358329 0.245100 0.070327 0.276768 0.536922 -0.011060 0.384122 0.488392 0.898842 0.547304 1.000000 0.144256 0.596128 0.046613 0.184584 -0.191098 -0.217370 0.133420 0.143017 -0.191788 -0.249678 0.024173 -0.103160 0.045043 -0.183204 0.050082 0.359975 0.029701 0.087171 -0.146168 -0.261528 -0.393934 -0.439227 -0.039898 0.035690 -0.040693 -0.192967 0.024327 -0.035527 -0.156199 -0.126525 -0.340367 -0.398328 0.048139 -0.037907 0.136804 -0.108884 -0.076970 0.265060 0.211653 0.079125 0.086948 -0.008378 -0.182004 -0.354315 0.333192 0.370042 0.187560 0.596378 -0.239049 0.034698 -0.154766 0.427288 -0.257637 -0.485569 0.139044 -0.131819 0.261805 0.255721 0.151083 0.061813 0.029542 0.277431 -0.102469 0.029245 0.018850 -0.007457 -0.036392 -0.223858 -0.045860 0.140199 -0.399095 0.080494 -0.388368 -0.466184 -0.090442 -0.271744 0.254022 -0.296797 0.193463 -0.383169 -0.092464 -0.091164 -0.118963 0.043012 -0.167815 -0.259296 0.036378 -0.366334 -0.309275 -0.343783 0.054437 -0.339102 -0.005085 -0.126635 0.081361 -0.102359 -0.456765 -0.462013 0.291922 -0.054764 -0.120490 -0.026393
0.239568 -0.245273 0.495706 0.040101 0.555534 0.180489 0.361563 -0.162737 0.666707 0.152044 0.375701 0.021485 0.634074 0.144256 1.000000 0.297007 -0.093756 0.079003 -0.039760 -0.265133 0.344336 0.248716 0.646890 0.200679 0.448811 0.181424 0.457373 0.200078 0.319045 0.239419 0.360784 0.201460 -0.344496 -0.370628 0.174535 -0.043189 0.091293 -0.052453 0.394768 -0.005448 0.141722 0.089000 -0.323287 -0.062635 -0.376406 -0.380330 -0.145124 -0.167948 -0.297750 -0.267252 0.135122 -0.129785 -0.159510 0.274128 -0.154693 0.038480 -0.162765 -0.154811 0.176154 -0.182862 0.202094 -0.167618 -0.161478 -0.388487 0.408401 -0.174134 -0.199930 -0.252173 -0.235462 -0.242542 0.387684 0.389732 0.190215 0.246119 0.199334 0.243170 0.086733 -0.029456 -0.225410 0.066072 -0.419217 -0.065414 0.386723 0.110861 0.306890 -0.016755 0.266611 -0.280264 0.298859 -0.084612 -0.307906 0.074905 -0.241358 -0.003479 0.003114 0.132270 -0.033531 -0.220489 -0.442428 -0.068405 -0.438648 -0.231240 -0.467229 -0.195176 -0.419282 -0.118235 -0.482680 -0.169370 0.218474 -0.094335 -0.221837 -0.187766 0.040344 -0.002021 0.171236 0.130214
0.086281 0.094548 -0.068815 0.464287 0.417119 0.240509 0.378362 0.174635 0.058054 0.485831 0.185868 0.643249 0.462669 0.596128 0.297007 1.000000 -0.098630 0.290095 -0.172577 -0.282173 0.617265 0.479091 0.176825 0.015586 0.439053 0.298710 0.490678 0.396382 0.188247 0.678872 0.542850 0.534999 -0.193374 -0.202075 -0.084260 -0.219500 0.244333 0.484350 0.370511 0.263468 0.130446 0.490821 0.002990 0.095575 -0.322876 -0.217959 0.197896 0.011618 -0.212028 -0.053055 -0.251874 -0.241443 -0.144142 0.155793 -0.015795 0.365269 -0.180933 -0.347448 0.005986 -0.072988 -0.030570 0.055310 -0.443199 -0.212865 -0.153365 0.023330 -0.552589 -0.495542 0.001161 -0.365109 0.538717 0.554542 0.351136 0.395905 0.273801 0.456034 -0.020705 0.003097 0.024720 0.058767 -0.342544 -0.200723 -0.076826 0.293971 -0.258307 0.079469 -0.153931 -0.212099 -0.020755 -0.255545 -0.345313 -0.492009 -0.204299 -0.557834 0.031441 0.228609 0.044370 0.164691 -0.269146 -0.120765 -0.269633 -0.593961 -0.466799 -0.449249 -0.278198 -0.254938 -0.396385 -0.160620 0.274831 0.143296 -0.572529 -0.281323 0.139850 -0.210040 0.203854 -0.057414
0.359057 0.259499 -0.216715 -0.347812 -0.439399 -0.409195 -0.067991 -0.239134 -0.225268 -0.335013 0.594524 0.044863 0.087860 0.046613 -0.093756 -0.098630 1.000000 0.439630 -0.018927 0.224875 0.152808 -0.024657 -0.352443 -0.402652 -0.345280 -0.352664 -0.154077 -0.172968 0.344210 0.147938 -0.180636 -0.121368 0.261869 0.260071 -0.213371 -0.076323 -0.032315 -0.069485 -0.096231 0.003569 -0.265895 0.008369 0.038171 0.062718 0.183382 0.110284 0.028426 -0.097947 0.088880 0.100357 -0.254410 -0.157608 -0.005816 -0.502989 0.111394 -0.134500 0.683647 0.438778 -0.125659 -0.062077 0.292247 -0.032484 0.249715 0.318906 -0.232924 -0.177827 -0.271699 -0.338974 -0.100272 -0.099375 -0.049035 0.041057 0.255138 0.040163 -0.053550 -0.025331 0.104127 0.000130 0.529069 0.211492 0.571425 0.498586 0.237364 -0.127685 -0.006283 -0.336065 -0.126674 -0.226173 -0.298209 -0.256679 -0.063621 0.061517 -0.151117 0.020140 0.205839 -0.172271 0.209142 0.027561 0.368685 0.427479 0.100794 0.338770 -0.007528 0.089814 -0.089781 -0.156526 0.076476 0.079339 0.217507 0.015124 0.076360 0.341410 -0.018093 0.109953 0.109994 0.164820
0.239291 0.274187 -0.314414 -0.136017 -0.056050 -0.056428 -0.219791 -0.241136 -0.017647 0.025281 0.309792 0.217857 0.086884 0.184584 0.079003 0.290095 0.439630 1.000000 -0.150547 -0.130148 0.454081 0.252926 -0.041915 -0.411873 0.117933 -0.012796 0.125157 0.180560 0.447173 0.572046 0.286019 0.246449 -0.169626 -0.254672 -0.230726 -0.194227 0.334577 0.482818 0.100628 0.115200 -0.005032 0.331678 0.140802 0.159317 -0.062749 -0.012446 0.246331 -0.125711 -0.222659 -0.080874 -0.172649 -0.242103 -0.300840 -0.088138 -0.040768 0.293295 0.397352 0.351465 -0.072694 -0.097259 0.125548 -0.204960 -0.125997 -0.035474 -0.171775 -0.137933 -0.409229 -0.290001 -0.175265 -0.341813 0.305578 0.491636 0.509092 0.547530 0.369996 0.400726 0.315147 0.299564 0.199717 0.605773 0.036202 0.491976 -0.145611 -0.149051 -0.011248 0.069430 -0.141168 -0.099917 -0.195057 -0.187578 -0.462932 -0.335161 -0.426047 -0.410121 0.293650 0.393684 0.441410 0.312762 0.199323 0.306794 -0.262335 -0.326970 -0.293826 -0.299535 -0.398092 -0.331589 -0.148227 0.094042 0.313225 0.323089 -0.220411 0.122756 0.058402 -0.060866 0.182562 0.254616
0.254527 0.126340 0.275684 -0.074288 -0.269254 -0.226990 0.111157 -0.159643 -0.098937 -0.260602 -0.024875 -0.191011 -0.129543 -0.191098 -0.039760 -0.172577 -0.018927 -0.150547 1.000000 0.527662 -0.189772 -0.308899 -0.174156 -0.108735 -0.338137 -0.163165 -0.220363 -0.190731 0.190008 -0.142591 -0.277966 -0.301852 0.385675 0.318763 -0.223822 -0.296965 -0.149104 -0.410625 -0.014482 0.121097 0.169800 -0.290972 -0.112767 -0.206028 -0.200562 -0.298359 0.022500 -0.193116 0.069905 -0.117756 -0.159028 0.045347 0.159614 -0.261970 0.176733 -0.091681 0.161335 0.212361 0.303548 0.279545 0.376493 0.149763 0.436957 0.336035 -0.037063 -0.172735 0.322485 -0.124146 0.156880 -0.084294 -0.223303 -0.267314 -0.046632 -0.024907 -0.024281 -0.140175 0.028316 -0.128124 -0.132707 -0.127424 0.050639 -0.013438 -0.058875 0.227793 -0.022337 -0.225506 0.349395 0.073015 -0.000298 0.151409 0.125397 0.178672 -0.153405 0.099603 0.056875 -0.098505 0.036387 -0.335466 0.096761 -0.019635 0.136169 0.173637 0.317577 0.121359 0.085989 -0.212980 0.085375 -0.036743 -0.012295 -0.141159 0.138713 0.075048 -0.267723 -0.050686 -0.139273 -0.003960
0.084719 0.298112 -0.169765 -0.399903 -0.458235 -0.453364 -0.325887 -0.348447 -0.355588 -0.436363 0.148103 -0.211127 -0.226383 -0.217370 -0.265133 -0.282173 0.224875 -0.130148 0.527662 1.000000 -0.246453 -0.253809 -0.480840 -0.290882 -0.524708 -0.443623 -0.384242 -0.331806 0.202391 -0.061495 -0.494034 -0.444500 0.394641 0.477681 -0.380051 -0.209314 -0.047443 -0.214815 -0.161060 0.090677 0.041194 -0.188378 -0.026194 -0.097122 0.149161 -0.005061 0.008336 0.003049 0.281655 0.273375 -0.208503 0.135208 0.304288 -0.245455 0.333527 0.063209 0.269096 0.292868 0.192956 0.271572 0.180429 0.021311 0.467617 0.502584 -0.427572 -0.435328 0.315678 -0.206190 0.399706 0.353264 -0.172878 -0.288093 0.105193 -0.155816 -0.201027 -0.168454 0.028709 -0.175773 0.099235 -0.174150 0.413695 0.278651 0.121709 0.198251 -0.194485 -0.455932 -0.045819 0.161726 -0.249956 0.172349 0.179896 0.406594 -0.145978 0.303806 0.007502 -0.272073 -0.052359 -0.100494 0.395765 0.241673 0.317925 0.540253 0.430816 0.531450 0.215619 0.003504 0.115853 0.058390 -0.186755 -0.106796 0.145783 0.328922 -0.014992 -0.013089 -0.216423 -0.063759
0.315450 0.000530 0.019359 0.182218 0.285007 0.249538 0.214158 -0.103721 0.147562 0.177271 0.167890 0.183662 0.180541 0.133420 0.344336 0.617265 0.152808 0.454081 -0.189772 -0.246453 1.000000 0.626527 0.375312 0.156397 0.525056 0.497459 0.715729 0.635706 0.196135 0.574873 0.686020 0.683600 -0.154803 -0.152310 0.081291 -0.053705 0.293903 0.497399 0.666845 0.480727 0.120816 0.550789 0.011497 0.134949 -0.218530 -0.054512 0.068017 -0.172619 -0.406420 -0.142945 -0.228609 -0.392841 -0.317659 0.104631 -0.261799 0.264134 0.079443 0.044616 -0.183568 -0.327988 -0.139163 -0.399798 -0.379825 -0.353256 -0.051017 -0.256501 -0.479216 -0.227121 -0.187002 -0.431244 0.557592 0.736250 0.343952 0.629666 0.345688 0.437371 0.087010 0.127122 0.221569 0.107933 -0.358795 0.207757 0.254526 0.209952 0.150494 0.096332 0.260734 -0.195165 0.062798 -0.267544 -0.652224 -0.521560 -0.432725 -0.390739 0.281504 0.276160 0.155275 0.137875 -0.308916 0.008408 -0.537306 -0.435388 -0.426828 -0.277387 -0.414730 -0.240090 -0.419601 -0.269185 0.470833 0.162956 -0.442522 -0.189501 -0.027810 -0.117163 0.150880 0.160457
0.013106 -0.198342 0.181379 0.280648 0.498997 0.530608 0.260751 0.092071 0.315381 0.245751 0.037426 0.083477 0.119476 0.143017 0.248716 0.479091 -0.024657 0.252926 -0.308899 -0.253809 0.626527 1.000000 0.383702 0.334881 0.673045 0.601328 0.616284 0.531344 0.112306 0.474603 0.680640 0.732334 -0.223919 -0.120660 0.116092 0.060058 0.241981 0.401994 0.523601 0.379970 0.309251 0.514390 0.134353 0.174030 -0.053799 0.088132 0.092877 0.018891 -0.262114 -0.123018 -0.208348 -0.455525 -0.341740 -0.046143 -0.289913 0.146443 -0.129921 -0.092198 -0.318912 -0.387405 -0.253110 -0.401377 -0.462185 -0.374889 0.131165 -0.049148 -0.294869 0.074533 -0.100886 -0.397535 0.482777 0.515882 0.301434 0.521907 0.291807 0.383672 0.053620 0.211230 0.135212 0.044681 -0.333126 0.131088 0.042790 0.190307 -0.026786 0.096749 0.073156 -0.161357 0.153408 -0.302096 -0.556308 -0.507208 -0.296852 -0.265314 0.048818 0.077310 -0.044553 0.062205 -0.409932 -0.245423 -0.549344 -0.432914 -0.486288 -0.200556 -0.367748 -0.052518 -0.455088 -0.387933 0.231870 0.223391 -0.105673 -0.264884 -0.112859 -0.310495 -0.140792 -0.220274
0.209542 -0.432658 0.553381 0.259742 0.671248 0.481491 0.382134 -0.078124 0.627675 0.222318 -0.158983 -0.289000 0.218646 -0.191788 0.646890 0.176825 -0.352443 -0.041915 -0.174156 -0.480840 0.375312 0.383702 1.000000 0.658231 0.770416 0.553042 0.666209 0.547863 0.022830 -0.000166 0.645068 0.517888 -0.425807 -0.356574 0.505826 0.340269 0.124406 0.157982 0.546906 0.165438 0.209589 0.183279 -0.075056 0.072500 -0.230158 -0.075300 -0.052108 -0.062876 -0.540076 -0.297959 0.081387 -0.362729 -0.475403 0.291648 -0.303726 0.049387 -0.239038 -0.176184 -0.335740 -0.579959 -0.261517 -0.504986 -0.435637 -0.707244 0.601018 -0.118194 -0.204673 0.316875 -0.255522 -0.187991 0.251636 0.338112 0.036286 0.181799 0.220236 0.069104 0.003024 -0.003851 -0.148318 0.015235 -0.573414 -0.157173 0.281866 0.013499 0.564712 0.306398 0.446170 0.014546 0.560331 0.071889 -0.577341 -0.132146 -0.281312 -0.033971 -0.035571 0.232820 -0.004889 -0.140657 -0.556905 -0.187173 -0.596583 -0.351717 -0.460561 -0.232833 -0.484976 0.123940 -0.560540 -0.260357 0.178019 0.028381 -0.086298 -0.212691 -0.228139 -0.220729 0.176459 0.030102
-0.131771 -0.434503 0.524516 0.511840 0.407130 0.612129 0.396802 0.240484 0.308060 0.097386 -0.445616 -0.332746 -0.156391 -0.249678 0.200679 0.015586 -0.402652 -0.411873 -0.108735 -0.290882 0.156397 0.334881 0.658231 1.000000 0.604570 0.663918 0.489002 0.491782 -0.291192 -0.294403 0.413101 0.471525 -0.225189 -0.139392 0.447327 0.376433 -0.085121 -0.083563 0.468923 0.201772 0.122284 -0.044348 -0.046679 -0.033963 -0.120926 0.026933 -0.089136 -0.026992 -0.395360 -0.166934 0.161682 -0.246243 -0.362483 0.185386 -0.340147 -0.128944 -0.404887 -0.253116 -0.404051 -0.494389 -0.531252 -0.385773 -0.333029 -0.563038 0.344032 0.023604 0.005269 0.566037 -0.046826 0.037846 0.079107 0.037707 -0.311436 -0.051763 -0.104368 -0.177045 -0.319384 -0.176367 -0.178164 -0.307373 -0.294537 -0.170133 0.270809 0.171181 0.473151 0.421872 0.511790 0.095176 0.506397 0.039535 -0.286947 -0.195528 0.074398 0.114206 -0.142460 -0.178736 -0.273591 -0.295097 -0.549448 -0.412268 -0.348141 -0.161534 -0.230545 0.045899 -0.122069 0.303801 -0.299500 -0.344382 -0.084325 -0.252845 0.042165 -0.309148 -0.432301 -0.323424 -0.006314 -0.066106
0.051602 -0.351587 0.379174 0.393960 0.755028 0.666493 0.290233 0.118980 0.578424 0.383669 -0.161036 -0.042460 0.095514 0.024173 0.448811 0.439053 -0.345280 0.117933 -0.338137 -0.524708 0.525056 0.673045 0.770416 0.604570 1.000000 0.787473 0.797354 0.761780 -0.022309 0.255337 0.791400 0.718606 -0.423361 -0.409816 0.355533 0.230362 0.208587 0.373397 0.631626 0.270263 0.287403 0.398157 0.119421 0.198499 -0.188925 0.027496 0.083137 0.096286 -0.520655 -0.198734 0.048309 -0.395440 -0.551719 0.236074 -0.372236 0.154879 -0.344446 -0.237111 -0.400997 -0.545266 -0.419037 -0.499826 -0.620716 -0.685960 0.371316 -0.014908 -0.352672 0.294600 -0.255829 -0.261487 0.359169 0.472042 0.137520 0.373528 0.308313 0.234453 -0.080602 0.017432 -0.107194 -0.024771 -0.593695 -0.167728 0.112558 0.018195 0.318366 0.286123 0.321281 -0.039822 0.377531 -0.223043 -0.606018 -0.438152 -0.230461 -0.259617 0.019511 0.239607 0.046654 0.003840 -0.579993 -0.324564 -0.624472 -0.530209 -0.616567 -0.307231 -0.438010 0.112752 -0.521624 -0.365807 0.244853 0.128907 -0.146070 -0.344127 -0.168528 -0.356072 0.055717 -0.116256
0.023553 -0.239703 0.362400 0.465582 0.455967 0.731709 0.236600 0.202056 0.344429 0.320441 -0.334432 -0.096234 -0.212431 -0.103160 0.181424 0.298710 -0.352664 -0.012796 -0.163165 -0.443623 0.497459 0.601328 0.553042 0.663918 0.787473 1.000000 0.691278 0.778512 -0.250080 0.079721 0.655421 0.691888 -0.184005 -0.160816 0.414696 0.337375 0.063013 0.220932 0.603631 0.390159 0.212372 0.271728 0.086100 0.096403 -0.112112 0.113048 -0.019343 -0.071640 -0.444998 -0.191707 0.106300 -0.380253 -0.492317 0.191670 -0.457542 0.013279 -0.282205 -0.078785 -0.426843 -0.493240 -0.444653 -0.418570 -0.431028 -0.566349 0.276823 0.080761 -0.211810 0.450563 -0.201751 -0.245906 0.210534 0.306175 -0.128675 0.296351 0.205967 0.131228 -0.196549 0.013058 -0.107134 -0.167014 -0.514574 -0.089280 0.022433 0.040938 0.284890 0.364680 0.481025 -0.013964 0.302891 -0.227690 -0.476742 -0.585000 -0.082550 -0.272248 0.051379 0.140192 -0.020687 -0.096968 -0.508459 -0.396774 -0.501779 -0.533860 -0.379203 -0.214506 -0.277411 0.097713 -0.319579 -0.395506 0.193619 0.024813 -0.051303 -0.423883 -0.381491 -0.221742 0.001781 -0.079390
0.215475 -0.239562 0.326328 0.251644 0.618193 0.554327 0.272256 0.031951 0.441034 0.293361 0.037322 0.002639 0.098491 0.045043 0.457373 0.490678 -0.154077 0.125157 -0.220363 -0.384242 0.715729 0.616284 0.666209 0.489002 0.797354 0.691278 1.000000 0.830081 -0.055825 0.284635 0.731587 0.631833 -0.273522 -0.281194 0.247819 0.176377 0.157532 0.405155 0.810700 0.525663 0.199646 0.434100 0.085623 0.264351 -0.196764 0.007145 0.014211 -0.029766 -0.422583 -0.180002 -0.159258 -0.344731 -0.431407 0.176208 -0.252871 0.177468 -0.252694 -0.159079 -0.241401 -0.380630 -0.396645 -0.462764 -0.582896 -0.650816 0.171441 -0.117669 -0.253976 0.117647 -0.175039 -0.267981 0.390323 0.544431 0.105550 0.355265 0.214666 0.148184 -0.146222 -0.115030 -0.018634 -0.094726 -0.560428 -0.106739 0.327910 0.113817 0.375746 0.122180 0.453578 0.002527 0.395505 -0.103294 -0.577109 -0.456256 -0.280501 -0.333794 0.039067 0.106612 0.084607 -0.014713 -0.604051 -0.327775 -0.540444 -0.457290 -0.488979 -0.211631 -0.299166 0.032222 -0.469618 -0.322567 0.369389 0.056919 -0.316182 -0.321083 -0.257048 -0.278535 0.044071 -0.111883
0.224632 -0.112819 0.242499 0.237230 0.397661 0.552025 0.070093 -0.083293 0.242640 0.249373 -0.198093 -0.130426 -0.179640 -0.183204 0.200078 0.396382 -0.172968 0.180560 -0.190731 -0.331806 0.635706 0.531344 0.547863 0.491782 0.761780 0.778512 0.830081 1.000000 -0.148826 0.188558 0.696329 0.620458 -0.224461 -0.232753 0.313114 0.273828 0.211833 0.452067 0.707872 0.537460 0.190239 0.525102 0.160330 0.190221 -0.080192 0.144011 0.016551 -0.053811 -0.498126 -0.097294 -0.021729 -0.461802 -0.568770 0.127105 -0.286965 0.219958 -0.135017 0.043263 -0.427608 -0.548008 -0.526197 -0.592029 -0.536612 -0.635220 0.094316 -0.156761 -0.322650 0.286141 -0.143975 -0.182488 0.189646 0.374711 0.027241 0.304947 0.251641 0.128419 -0.186408 -0.145581 -0.003648 -0.029055 -0.492195 -0.046379 0.176113 -0.035852 0.417263 0.254648 0.511919 0.176721 0.364023 0.027161 -0.609475 -0.457584 -0.248446 -0.317673 0.137969 0.194002 0.121388 0.044726 -0.379107 -0.221236 -0.468505 -0.417984 -0.373921 -0.184829 -0.360961 0.115584 -0.374508 -0.208324 0.371406 0.099296 -0.143735 -0.234977 -0.331607 -0.299066 0.094904 -0.076795
0.345052 -0.044101 -0.105297 -0.187388 -0.012156 -0.403739 0.055473 -0.515581 0.188484 -0.359010 0.315850 -0.001118 0.370612 0.050082 0.319045 0.188247 0.344210 0.447173 0.190008 0.202391 0.196135 0.112306 0.022830 -0.291192 -0.022309 -0.250080 -0.055825 -0.148826 1.000000 0.664310 0.212659 0.176181 0.102084 0.195671 -0.207277 -0.237389 0.609794 0.238062 0.055381 -0.027014 0.299749 0.165106 -0.138645 -0.049830 -0.027581 -0.112848 0.110987 -0.072620 -0.064033 -0.047151 -0.324193 -0.354308 -0.093164 -0.278779 0.222304 0.320384 0.222302 0.123160 0.029038 -0.115194 0.505569 -0.235368 0.205239 0.331742 -0.010321 -0.514221 -0.252376 -0.509296 -0.232282 -0.471094 0.450546 0.387331 0.784133 0.501879 0.436999 0.512504 0.558057 0.338016 -0.034873 0.455753 0.022244 0.366573 -0.062131 0.237267 -0.123978 -0.264134 -0.165426 -0.208171 -0.191869 -0.186991 -0.387414 0.119338 -0.575459 -0.031930 0.190629 0.335898 0.433790 0.185717 0.213465 0.431352 -0.221051 0.042693 -0.143457 -0.292203 -0.337075 -0.297342 -0.204051 0.133756 0.142109 0.278607 -0.065208 0.293937 0.221629 -0.004658 0.119713 0.141893
0.158170 0.063245 -0.297273 0.057012 0.216358 -0.062949 0.009648 -0.236708 0.136045 0.120616 0.287844 0.370678 0.336377 0.359975 0.239419 0.678872 0.147938 0.572046 -0.142591 -0.061495 0.574873 0.474603 -0.000166 -0.294403 0.255337 0.079721 0.284635 0.188558 0.664310 1.000000 0.484987 0.495378 -0.026695 -0.042618 -0.241233 -0.277014 0.610195 0.624904 0.289460 0.239958 0.337355 0.552308 0.147422 0.220502 -0.026869 -0.012524 0.352284 0.099150 -0.104700 0.062927 -0.334670 -0.322111 -0.124506 -0.038863 0.107652 0.547957 0.008693 -0.079989 -0.017050 -0.078654 0.148284 -0.190409 -0.199352 0.064246 -0.277192 -0.310227 -0.511698 -0.596436 -0.180880 -0.583351 0.699049 0.738571 0.758708 0.703762 0.509042 0.746668 0.449226 0.388959 0.047168 0.373222 -0.249931 0.181600 -0.202884 0.283168 -0.374235 -0.180782 -0.268058 -0.296371 -0.267246 -0.305040 -0.486860 -0.390417 -0.492809 -0.458528 0.202030 0.412411 0.400600 0.415668 0.036926 0.238027 -0.370155 -0.438661 -0.402398 -0.454481 -0.304421 -0.302103 -0.318382 -0.011313 0.340014 0.463230 -0.418189 0.054221 0.313886 -0.005220 0.089503 -0.037596
0.152291 -0.299240 0.181247 0.330843 0.549918 0.375912 0.333701 -0.072200 0.338949 0.151129 -0.177691 -0.033866 0.198544 0.029701 0.360784 0.542850 -0.180636 0.286019 -0.277966 -0.494034 0.686020 0.680640 0.645068 0.413101 0.791400 0.655421 0.731587 0.696329 0.212659 0.484987 1.000000 0.909177 -0.268000 -0.187912 0.297397 0.136725 0.417178 0.580772 0.595936 0.362889 0.238466 0.477557 0.172404 0.211836 -0.165574 0.084783 0.150054 0.011980 -0.508836 -0.233110 -0.241490 -0.564488 -0.578039 0.083706 -0.251210 0.317776 -0.142771 -0.027377 -0.406984 -0.549294 -0.268519 -0.572986 -0.529602 -0.522359 0.274084 -0.210550 -0.390106 0.090730 -0.317111 -0.518973 0.540785 0.648046 0.364087 0.534166 0.368326 0.412327 0.130191 0.250615 -0.040515 0.174141 -0.545128 0.061552 0.003617 0.171861 0.254536 0.310428 0.245751 0.026976 0.360270 -0.223687 -0.758864 -0.471923 -0.494034 -0.310706 0.185554 0.460185 0.239257 0.165630 -0.406537 -0.113645 -0.667626 -0.538958 -0.459637 -0.431817 -0.534022 -0.115028 -0.514744 -0.309059 0.301957 0.315971 -0.186776 -0.188964 -0.029054 -0.350049 0.047722 -0.012723
0.043460 -0.252545 0.057113 0.433233 0.417603 0.404108 0.324941 0.032728 0.206277 0.109979 -0.216394 0.037484 0.099804 0.087171 0.201460 0.534999 -0.121368 0.246449 -0.301852 -0.444500 0.683600 0.732334 0.517888 0.471525 0.718606 0.691888 0.631833 0.620458 0.176181 0.495378 0.909177 1.000000 -0.107197 -0.031693 0.321799 0.201773 0.374237 0.522335 0.539322 0.323618 0.219187 0.431079 0.205856 0.189315 -0.043082 0.172168 0.194680 -0.026683 -0.443385 -0.148122 -0.228010 -0.555012 -0.509098 0.040185 -0.292370 0.283462 -0.145618 -0.061372 -0.484350 -0.547754 -0.309230 -0.496426 -0.475368 -0.395723 0.158617 -0.167370 -0.422899 0.092631 -0.261504 -0.542346 0.545670 0.670438 0.341622 0.550908 0.378078 0.431094 0.112767 0.264693 0.031336 0.160544 -0.438535 0.080741 -0.032990 0.192560 0.165363 0.307471 0.174774 -0.075662 0.251583 -0.324698 -0.716294 -0.563011 -0.405545 -0.352654 0.248141 0.421798 0.176334 0.141957 -0.371467 -0.109685 -0.652987 -0.548626 -0.470395 -0.443294 -0.506340 -0.134473 -0.500855 -0.374724 0.315659 0.326810 -0.222511 -0.230255 -0.058948 -0.333615 0.047956 -0.021953
0.076836 0.079725 -0.271601 -0.129842 -0.522824 -0.406052 -0.099562 -0.158309 -0.393230 -0.399865 0.006709 -0.146771 -0.257858 -0.146168 -0.344496 -0.193374 0.261869 -0.169626 0.385675 0.394641 -0.154803 -0.223919 -0.425807 -0.225189 -0.423361 -0.184005 -0.273522 -0.224461 0.102084 -0.026695 -0.268000 -0.107197 1.000000 0.785493 0.102128 0.019800 0.052976 -0.193812 -0.125709 0.074152 0.067072 -0.028323 0.080965 0.103793 0.382877 0.287336 -0.077503 -0.173894 0.302598 0.112512 -0.390682 -0.189049 0.184149 -0.558250 0.099949 -0.166385 0.233588 0.210432 0.050351 0.141724 0.339084 0.118004 0.546220 0.623610 -0.208931 -0.189764 0.283945 -0.120070 -0.042541 -0.160061 -0.258563 -0.135664 0.089415 0.044320 0.134996 0.024006 0.299379 0.065917 0.189942 0.080937 0.316476 0.053258 -0.161172 0.112333 -0.197401 -0.427423 -0.105751 0.013452 -0.227464 -0.154557 0.072163 0.080345 -0.019130 0.086766 0.216144 -0.073062 0.209728 -0.028385 0.191924 0.168565 0.238266 0.288766 0.292049 0.081469 0.074259 -0.213582 0.076291 0.066741 0.022579 0.080971 0.068326 0.188202 0.001724 0.121758 -0.210093 -0.210098
0.174009 0.063029 -0.156401 -0.146153 -0.438558 -0.420578 -0.006948 -0.196148 -0.363753 -0.439356 -0.068213 -0.238698 -0.186175 -0.261528 -0.370628 -0.202075 0.260071 -0.254672 0.318763 0.477681 -0.152310 -0.120660 -0.356574 -0.139392 -0.409816 -0.160816 -0.281194 -0.232753 0.195671 -0.042618 -0.187912 -0.031693 0.785493 1.000000 0.181540 0.215253 0.027846 -0.143258 -0.176435 0.070359 -0.081763 -0.097537 0.023907 -0.022179 0.359124 0.321225 -0.093228 -0.123134 0.228031 0.100796 -0.500008 -0.329553 0.087191 -0.520004 0.037707 -0.109442 0.274249 0.209235 -0.092630 -0.076576 0.335407 0.045670 0.507154 0.596787 -0.068174 -0.193679 0.239382 -0.049479 0.012095 -0.084142 -0.160696 -0.221421 0.080254 -0.082721 -0.025987 -0.095343 0.190440 0.079076 0.080994 -0.020207 0.370095 0.155474 -0.102658 0.195553 -0.213996 -0.355184 -0.160409 0.010971 -0.228812 -0.144533 0.031426 0.162545 -0.074241 0.241631 -0.046755 -0.083924 0.016536 -0.126479 0.228200 0.182803 0.171196 0.414619 0.350333 0.142799 0.026160 -0.156636 0.035725 -0.064557 -0.170287 0.001397 0.170258 0.311625 -0.035023 0.050647 -0.123542 -0.184027
0.176101 -0.188943 0.177686 0.199549 0.219622 0.214397 0.100603 0.004895 0.309306 0.187782 -0.343342 -0.357137 -0.129129 -0.393934 0.174535 -0.084260 -0.213371 -0.230726 -0.223822 -0.380051 0.081291 0.116092 0.505826 0.447327 0.355533 0.414696 0.247819 0.313114 -0.207277 -0.241233 0.297397 0.321799 0.102128 0.181540 1.000000 0.758086 -0.055882 0.039120 0.080519 0.010339 -0.049186 0.035174 -0.047332 -0.034088 0.085541 0.236085 -0.280867 -0.274061 -0.353969 -0.308506 0.012887 -0.414842 -0.336376 0.094702 -0.377039 -0.242068 -0.036802 0.002482 -0.368846 -0.513992 -0.145506 -0.254811 -0.081002 -0.331528 0.489975 0.130081 0.010764 0.511840 -0.345918 -0.113921 -0.139667 -0.028350 -0.260007 -0.024971 0.129409 -0.035785 0.048510 0.099308 -0.050442 0.052639 -0.235161 -0.170941 0.035096 -0.143904 0.402503 0.209069 0.178841 0.124218 0.272623 -0.016533 -0.327832 -0.094403 0.037896 0.048713 0.071773 0.243455 -0.104513 -0.206154 -0.334606 -0.069483 -0.327853 -0.139071 -0.253668 -0.206956 -0.355430 0.082612 -0.293614 -0.084711 0.079906 -0.003550 0.098566 -0.074138 -0.122345 0.126240 0.275431 0.096557
0.056257 -0.186867 0.074938 0.043345 0.134309 0.126625 -0.013070 -0.043474 0.163159 0.149179 -0.291902 -0.352342 -0.226579 -0.439227 -0.043189 -0.219500 -0.076323 -0.194227 -0.296965 -0.209314 -0.053705 0.060058 0.340269 0.376433 0.230362 0.337375 0.176377 0.273828 -0.237389 -0.277014 0.136725 0.201773 0.019800 0.215253 0.758086 1.000000 -0.160825 0.050383 -0.006628 -0.013983 -0.141919 -0.022251 0.076629 -0.022654 0.373924 0.438268 -0.080046 -0.085409 -0.150818 -0.015040 0.112868 -0.243635 -0.267519 0.104899 -0.241834 -0.133094 -0.070725 -0.041772 -0.548810 -0.481077 -0.401659 -0.283542 -0.120839 -0.343821 0.272642 0.086653 -0.007109 0.573334 -0.192589 0.069366 -0.210956 -0.117496 -0.242030 -0.174433 -0.036762 -0.179386 -0.144228 -0.007498 -0.086989 -0.107511 -0.127262 -0.122548 0.119738 -0.306824 0.405734 0.197588 0.046707 0.117938 0.097912 0.099876 -0.186193 -0.066218 0.088928 0.039246 -0.031064 0.097906 -0.053604 -0.072433 -0.142951 -0.081385 -0.202214 -0.000414 -0.149884 -0.084886 -0.180211 0.275349 -0.172119 0.021347 0.014105 0.084459 0.228174 0.114691 -0.309077 0.095597 0.262348 -0.009875
