1.000000 0.530314 0.510965 0.480164 -0.260972 -0.133213 0.468876 0.358235 -0.172341 -0.197193 0.590941 0.483178 0.222007 0.345158 0.160676 -0.006451 0.430136 0.048040 0.375906 0.398205 -0.112853 -0.328342 0.233632 0.011948 -0.251475 -0.013548 -0.025115 0.163441 0.044128 0.043230 -0.077503 0.026426 0.345371 0.502651 -0.298902 0.072074 0.003082 -0.351404 0.346702 -0.029359 0.109198 0.351585 -0.450744 -0.350841 -0.293148 -0.098063 -0.544741 -0.359104 0.103364 -0.270968 -0.365773 -0.426444 -0.361909 -0.579636 -0.381917 -0.492486 0.632022 0.083895 0.618728 0.215397 0.357450 0.068610 0.248330 -0.152253 0.191141 -0.126979 0.013831 0.272974 0.350287 0.240711 0.168315 -0.252454 0.108423 0.382961 0.424440 0.389901 0.313464 0.151213 0.016805 -0.260873 0.292602 -0.090073 0.281355 0.414238 -0.012923 -0.437097 0.472475 0.522211 0.125765 -0.029151 -0.029344 -0.230285 -0.002422 -0.000961 -0.386256 -0.081726 -0.280821 -0.514305 -0.345939 -0.421624 0.094467 -0.178353 -0.109174 -0.329153 -0.245955 -0.433982 -0.401426 -0.428248 0.175473 -0.285965 -0.232436 -0.583699 -0.479149 -0.257349 -0.297570 -0.522655
0.530314 1.000000 0.116532 0.384026 -0.345084 -0.264881 0.172183 0.468516 -0.227117 -0.003997 0.250933 0.524758 0.150925 0.442770 -0.337101 -0.000479 0.109530 0.146086 0.199003 0.479715 -0.547737 -0.374464 -0.174649 -0.139052 -0.376024 -0.245969 -0.389716 -0.260343 -0.219863 0.110004 -0.321164 -0.057942 0.526624 0.688084 -0.286393 0.102445 -0.209792 -0.321099 -0.108424 -0.132965 -0.049804 0.163448 -0.437852 -0.277098 0.031918 0.181172 -0.351238 -0.239413 0.161537 0.014925 -0.520966 -0.326543 -0.320511 -0.513721 -0.433700 -0.470670 0.373769 0.309600 0.642661 0.423667 0.412837 0.504479 0.303307 0.247566 0.234113 0.190885 0.235673 0.240654 0.274194 0.149503 -0.198289 -0.369857 -0.163430 0.144977 0.075022 0.134953 0.017671 -0.045154 -0.035020 -0.201805 0.147297 -0.017362 -0.144751 0.253617 -0.287649 -0.500686 0.159724 0.368830 -0.187700 -0.271809 0.084382 -0.167391 0.041542 -0.046746 -0.247245 0.000164 -0.265965 -0.350427 -0.126488 -0.325678 0.123427 -0.051613 -0.033597 -0.192228 -0.166451 -0.293826 -0.269927 -0.220945 0.160481 -0.312818 -0.291933 -0.384369 -0.254418 -0.039744 -0.168947 -0.215086
0.510965 0.116532 1.000000 0.663265 0.017164 0.106738 0.689964 0.413771 0.093741 -0.101994 0.417055 0.313777 0.131128 0.068467 0.394820 -0.131120 0.161050 -0.087530 0.359161 0.019249 0.165069 -0.233511 0.702451 0.336533 0.116961 0.593821 0.231859 0.560517 -0.081123 -0.235772 0.484877 0.571375 0.142424 0.328276 0.102549 0.399028 -0.214405 -0.540049 0.214427 -0.235066 0.112137 0.163468 -0.277275 -0.181857 -0.123681 0.056542 -0.485298 -0.337196 0.158014 -0.179800 0.087397 -0.300207 -0.413796 -0.535852 -0.478050 -0.510884 0.092157 -0.052348 0.250618 -0.060491 0.018934 -0.308815 -0.212483 -0.397344 0.293452 -0.022132 0.006340 0.532958 0.255738 0.041427 0.253369 -0.185089 -0.028989 0.224130 0.290735 0.315591 0.211156 0.143042 -0.130617 -0.195368 0.017634 -0.135098 0.210280 0.240442 0.106129 -0.254097 0.346480 0.460555 0.162639 -0.192864 -0.192277 -0.232988 0.043652 -0.051326 -0.282514 -0.284661 -0.333149 -0.601000 -0.499892 -0.596155 -0.112744 -0.396834 -0.215694 -0.420141 -0.233527 -0.335960 -0.353752 -0.399600 -0.024109 -0.227921 -0.016616 -0.564761 -0.541402 -0.359808 -0.459652 -0.326390
0.480164 0.384026 0.663265 1.000000 -0.102323 0.020619 0.478929 0.628936 -0.114042 -0.029523 0.261302 0.464444 -0.004162 0.155544 -0.003560 -0.227988 0.061065 -0.071294 0.299711 0.210693 -0.159284 -0.325528 0.403778 0.308730 -0.108304 0.263866 0.046259 0.283912 -0.227798 -0.241852 0.078254 0.474168 0.254125 0.445064 -0.103806 0.147398 -0.383283 -0.612560 0.277838 -0.065839 0.017393 0.174013 -0.457120 -0.303551 -0.133030 0.158668 -0.546408 -0.340241 0.008177 -0.175241 -0.176534 -0.421462 -0.411524 -0.600391 -0.501287 -0.546703 0.172156 -0.059879 0.346341 0.092715 0.080353 -0.077303 -0.129997 -0.270839 0.246166 0.090112 0.089179 0.534921 0.249107 0.134414 0.085111 -0.253504 -0.284233 0.105185 0.074319 0.170894 0.030257 0.059240 -0.200456 -0.293035 0.050539 -0.177685 0.113325 0.390185 -0.089458 -0.383401 0.280610 0.632676 0.048693 -0.161270 -0.010841 -0.101637 0.232677 0.027688 -0.193682 -0.067095 -0.357847 -0.466600 -0.472429 -0.517282 0.035129 -0.255450 -0.072630 -0.334056 -0.193197 -0.201032 -0.404502 -0.384696 0.103434 -0.163477 -0.199205 -0.643985 -0.427204 -0.207860 -0.300981 -0.184375
-0.260972 -0.345084 0.017164 -0.102323 1.000000 0.708553 -0.035957 -0.044129 0.733170 0.654990 -0.169609 -0.192803 0.189544 -0.023868 0.358351 0.312287 -0.218217 -0.078872 -0.221561 -0.137089 0.128863 -0.064540 0.054262 0.270997 0.798760 0.421584 0.494961 0.202873 -0.032802 -0.203800 0.196277 0.172607 -0.514243 -0.326145 -0.119816 -0.085090 -0.181351 -0.142552 0.188022 0.017560 0.028352 -0.122986 0.177454 0.183961 0.117485 0.165113 0.129215 0.218460 0.125990 0.115061 0.248906 0.175069 0.270706 0.176210 0.094874 0.030580 -0.247324 -0.277282 -0.275175 -0.267112 -0.318029 -0.061535 -0.279337 -0.043993 -0.209027 -0.008667 -0.466123 -0.180713 -0.229766 0.061696 0.246158 -0.008485 -0.126727 -0.252166 -0.220673 -0.145058 -0.147124 -0.100432 -0.181031 -0.020660 -0.116164 0.039376 0.171790 0.154930 0.040289 0.116966 -0.052457 -0.017186 -0.014943 -0.075997 0.297807 0.156845 0.020801 -0.214892 0.019747 -0.206569 -0.079824 0.069796 0.014989 0.018973 -0.262867 -0.377944 -0.199902 -0.384076 -0.349737 -0.119606 -0.028633 -0.105296 0.003561 -0.012819 0.185655 0.252300 0.111590 -0.278756 -0.278679 0.088037
-0.133213 -0.264881 0.106738 0.020619 0.708553 1.000000 -0.090883 -0.059540 0.475221 0.647123 0.045731 -0.016497 0.126559 -0.026081 0.407396 0.176017 -0.130203 -0.116399 -0.268790 -0.182829 0.189785 -0.098356 0.243051 0.331068 0.678455 0.503013 0.600609 0.426039 -0.154094 -0.280383 0.212886 0.081058 -0.511500 -0.261203 0.090722 0.091996 -0.260332 -0.153221 0.147868 0.102589 -0.075672 -0.140604 0.300397 0.314947 0.079132 0.138754 0.125957 0.251376 0.154421 0.152736 0.305195 0.203510 0.052049 0.172745 0.022546 0.068444 -0.200601 -0.133334 -0.248714 -0.165880 -0.220765 -0.095320 -0.172751 -0.015834 -0.138774 0.155579 -0.370509 -0.012753 -0.159565 -0.012544 0.100571 -0.087884 -0.191751 -0.157234 -0.103118 -0.086519 -0.139101 -0.060568 -0.117734 0.032363 -0.189168 -0.052528 0.116708 -0.005050 0.034484 0.273716 -0.187302 0.114533 -0.041992 -0.028606 0.121120 -0.015873 -0.057234 -0.268450 -0.168743 -0.257489 -0.078626 0.088815 -0.099032 -0.002301 -0.300830 -0.412759 -0.313292 -0.429046 -0.344674 -0.191031 -0.022410 -0.060385 -0.101332 -0.014322 0.256397 0.212438 0.064115 -0.298158 -0.245041 -0.102417
0.468876 0.172183 0.689964 0.478929 -0.035957 -0.090883 1.000000 0.652491 0.150195 0.053286 0.466340 0.388207 0.573885 0.399156 0.228690 0.264475 0.243530 -0.016646 0.278386 0.103775 0.143858 -0.220110 0.198833 0.171451 -0.165793 0.260409 -0.128146 0.011932 0.127221 0.191982 0.311107 0.464740 0.103014 0.264816 -0.376227 -0.025444 -0.109822 -0.337991 0.227341 -0.220566 0.155458 0.331562 -0.410197 -0.410416 -0.118247 -0.010208 -0.460718 -0.401391 0.169486 -0.240027 -0.242367 -0.387708 -0.149315 -0.449470 -0.367648 -0.510585 0.073794 -0.267918 0.352389 -0.028790 0.269221 -0.010120 0.149062 -0.274854 0.378557 -0.172134 -0.088391 0.198190 0.048776 -0.048251 0.380820 -0.097111 0.217797 0.487840 0.382725 0.419349 0.302571 0.249479 -0.208717 -0.319546 0.015470 -0.174603 0.165791 0.484164 -0.050725 -0.420067 0.269614 0.326363 0.069592 -0.035934 0.075107 -0.174658 0.117497 -0.050729 -0.265315 -0.089098 -0.374410 -0.532136 -0.288265 -0.470445 0.116890 -0.295952 0.031181 -0.378301 -0.232010 -0.441553 -0.335060 -0.380937 0.102564 -0.304854 -0.316462 -0.539586 -0.389608 -0.244229 -0.371434 -0.307034
0.358235 0.468516 0.413771 0.628936 -0.044129 -0.059540 0.652491 1.000000 0.192970 0.316671 0.427914 0.681693 0.503837 0.695898 -0.075116 0.291857 0.192141 0.204441 0.049877 0.144165 -0.266830 -0.243953 -0.055131 0.058703 -0.224318 0.111849 -0.304406 -0.181925 0.010607 0.306538 0.096414 0.485611 0.211853 0.518470 -0.404336 -0.082590 -0.383174 -0.480097 0.001962 -0.266752 0.054336 0.265251 -0.580020 -0.454645 -0.040201 0.164491 -0.523699 -0.441204 0.147519 -0.137607 -0.502066 -0.450357 -0.278876 -0.500041 -0.620563 -0.638714 0.207947 -0.254486 0.509850 0.002482 0.337221 0.399204 0.086829 0.010686 0.436660 0.256824 -0.025397 0.217237 0.006832 -0.085631 0.065790 -0.078634 -0.001585 0.369270 0.173141 0.348680 0.085873 0.167118 -0.102321 -0.221495 0.095197 -0.016840 -0.027144 0.558797 -0.131581 -0.445798 0.258381 0.400902 -0.136015 -0.216316 0.189081 -0.228163 0.240965 -0.135445 -0.309134 0.048472 -0.501742 -0.553675 -0.287332 -0.564243 0.120668 -0.304374 -0.085184 -0.410572 -0.244614 -0.439895 -0.370129 -0.468481 -0.002774 -0.351591 -0.535073 -0.620230 -0.355670 -0.243410 -0.302834 -0.289430
-0.172341 -0.227117 0.093741 -0.114042 0.733170 0.475221 0.150195 0.192970 1.000000 0.654140 0.120895 0.019263 0.379978 0.256451 0.462502 0.446827 0.098873 0.044532 -0.219100 -0.187636 0.108992 0.060825 -0.057407 0.202165 0.599239 0.452317 0.132260 0.064853 0.251039 0.092837 0.278992 0.333202 -0.394414 -0.006651 -0.145778 -0.000854 -0.087165 -0.163001 -0.061990 -0.229882 0.197170 -0.036021 -0.032270 -0.053737 0.118244 0.133246 -0.017217 -0.023544 0.215343 0.058355 0.110123 0.041561 0.129518 0.053252 -0.178002 -0.170867 -0.126818 -0.325653 -0.066995 -0.386318 -0.121563 0.161399 -0.198125 -0.019031 0.203928 0.225874 -0.437914 -0.204010 -0.266016 -0.170889 0.242183 0.124138 0.147879 -0.028664 0.008878 0.112661 0.050710 0.158886 0.134250 0.006371 0.073047 0.129311 0.182228 0.240548 0.174236 -0.019607 0.144795 -0.029977 -0.004931 -0.189056 0.196512 -0.032604 0.035248 -0.260748 -0.062032 -0.214488 -0.202513 -0.098159 -0.074419 -0.198633 -0.119738 -0.406973 -0.249257 -0.422811 -0.313070 -0.312481 -0.023667 -0.178715 -0.049062 -0.064759 -0.048798 0.048289 -0.035466 -0.242130 -0.237249 -0.086573
-0.197193 -0.003997 -0.101994 -0.029523 0.654990 0.647123 0.053286 0.316671 0.654140 1.000000 -0.014314 0.118485 0.461851 0.329044 0.105912 0.430259 -0.126360 -0.066936 -0.337407 0.015395 -0.151762 -0.181713 -0.275130 0.212483 0.425353 0.231887 0.083108 -0.119637 -0.168495 -0.023225 0.056423 0.173616 -0.379198 -0.037859 -0.239781 -0.110141 -0.317247 -0.207993 -0.066347 0.039954 -0.037645 -0.090808 -0.026107 0.016094 0.142212 0.253079 0.015643 0.111290 0.116357 0.141910 -0.059485 0.042669 0.180398 0.040473 -0.139658 -0.181051 -0.183163 -0.374198 -0.006244 -0.138793 -0.115624 0.438206 -0.126732 0.183742 0.058601 0.322250 -0.378870 -0.107218 -0.201308 0.039491 0.039260 -0.135539 -0.228078 -0.165124 -0.227374 -0.127834 -0.189381 -0.056114 -0.162877 -0.189419 -0.097613 -0.072807 -0.017477 0.267216 -0.045606 -0.034269 -0.095870 0.172609 -0.291321 -0.159081 0.450994 0.104546 0.162071 -0.259213 -0.148683 -0.095874 -0.303625 -0.006941 -0.024669 -0.076969 -0.052781 -0.338977 -0.183299 -0.427925 -0.377719 -0.231670 0.008739 -0.173517 0.056870 -0.115886 -0.029647 0.084602 0.121979 -0.232303 -0.219175 -0.024104
0.590941 0.250933 0.417055 0.261302 -0.169609 0.045731 0.466340 0.427914 0.120895 -0.014314 1.000000 0.610526 0.474113 0.525593 0.431369 0.277034 0.700936 0.113998 0.095135 -0.011288 0.143338 0.044326 0.146976 -0.016012 -0.111434 0.209977 -0.065583 0.248782 0.434420 0.259395 0.186392 0.232061 0.119999 0.423673 -0.091120 0.261024 0.121716 -0.273830 0.075322 -0.292858 0.399275 0.395179 -0.231120 -0.185427 -0.111403 -0.001004 -0.457015 -0.310984 0.295399 -0.128347 -0.207848 -0.295135 -0.481926 -0.412123 -0.508765 -0.468964 0.370379 -0.091442 0.395633 -0.157431 0.291469 0.108889 0.247752 -0.246150 0.342348 0.132809 -0.116716 0.159431 0.126396 -0.154715 0.206928 0.068750 0.434196 0.528450 0.583824 0.625957 0.498298 0.366907 0.267946 0.046282 0.371665 0.001692 0.287008 0.349583 0.233203 -0.262545 0.404660 0.253326 0.005635 -0.202091 -0.189801 -0.452438 -0.138366 -0.206492 -0.340207 -0.109434 -0.274617 -0.466559 -0.442800 -0.599243 0.132791 -0.277352 -0.220047 -0.347668 -0.132240 -0.516298 -0.180666 -0.257474 -0.130465 -0.263556 -0.201664 -0.582012 -0.512933 -0.338052 -0.245530 -0.531252
0.483178 0.524758 0.313777 0.464444 -0.192803 -0.016497 0.388207 0.681693 0.019263 0.118485 0.610526 1.000000 0.320379 0.788297 0.032889 0.357275 0.269226 0.378493 -0.048979 -0.009096 -0.249932 -0.169005 0.011073 -0.026580 -0.191714 0.058193 -0.323112 -0.063471 -0.016193 0.397660 -0.027467 0.220358 0.253125 0.493742 -0.226529 0.120898 -0.327186 -0.310689 -0.092808 -0.197022 0.103160 0.201236 -0.303684 -0.110362 0.190357 0.337830 -0.350494 -0.193680 0.394432 0.129151 -0.470086 -0.167802 -0.400002 -0.403150 -0.605738 -0.490005 0.213583 -0.094793 0.617545 0.104935 0.277730 0.297297 0.188403 0.056608 0.309399 0.339247 0.153792 0.320238 0.061804 -0.136471 -0.125218 -0.102066 -0.018704 0.399152 0.261140 0.365384 0.131577 0.147507 -0.006743 -0.004148 0.084534 0.147951 -0.067417 0.417265 -0.157934 -0.156117 0.221456 0.349373 -0.295779 -0.318088 -0.016902 -0.462338 -0.069587 -0.325108 -0.483453 -0.074215 -0.354856 -0.539297 -0.266031 -0.567927 0.044238 -0.403962 -0.349908 -0.490484 -0.216380 -0.510614 -0.271064 -0.373471 -0.216365 -0.356717 -0.326853 -0.548358 -0.337105 -0.372665 -0.266562 -0.418041
0.222007 0.150925 0.131128 -0.004162 0.189544 0.126559 0.573885 0.503837 0.379978 0.461851 0.474113 0.320379 1.000000 0.611066 0.178301 0.470155 0.318451 0.063762 -0.113672 0.073305 0.010595 -0.182236 -0.271541 -0.073770 -0.009611 0.083304 -0.272820 -0.211392 0.253194 0.326501 0.162739 0.216445 -0.109748 0.094893 -0.534611 -0.248932 -0.097023 -0.238263 -0.034985 -0.255960 0.086214 0.229106 -0.161337 -0.176268 0.056439 0.120076 -0.268898 -0.104784 0.339698 0.044841 -0.234869 -0.112207 0.093905 -0.166015 -0.284845 -0.389714 0.086149 -0.397839 0.359596 0.069950 0.263930 0.393177 0.353830 0.093409 0.156707 -0.071510 -0.227463 -0.083963 -0.052822 -0.066033 0.236930 -0.092499 0.312248 0.399475 0.328859 0.332318 0.267300 0.126199 -0.105611 -0.170780 0.178531 -0.020234 0.034690 0.403365 -0.036259 -0.286926 -0.004932 0.145923 -0.297834 -0.152061 0.313086 -0.104779 -0.070811 -0.304323 -0.359559 -0.040341 -0.385893 -0.341239 -0.106740 -0.296234 0.123233 -0.281805 -0.062318 -0.402582 -0.284707 -0.506423 0.006235 -0.283285 0.014459 -0.410851 -0.213333 -0.259976 -0.187590 -0.220626 -0.320421 -0.287961
0.345158 0.442770 0.068467 0.155544 -0.023868 -0.026081 0.399156 0.695898 0.256451 0.329044 0.525593 0.788297 0.611066 1.000000 0.041836 0.630628 0.278108 0.467824 -0.217758 0.032036 -0.245576 -0.179648 -0.244021 -0.085083 -0.167793 -0.025776 -0.397504 -0.286187 0.139002 0.617317 -0.031134 0.200188 0.059776 0.353356 -0.510381 -0.112272 -0.291401 -0.179488 -0.135678 -0.219550 0.064138 0.224586 -0.331425 -0.198652 0.142884 0.218543 -0.263290 -0.150022 0.383736 0.085007 -0.557496 -0.131737 -0.123272 -0.255727 -0.485779 -0.445300 0.230818 -0.253675 0.586275 0.027137 0.295932 0.516663 0.253494 0.251466 0.207395 0.224458 -0.143868 -0.067765 -0.049377 -0.118799 0.017251 0.038230 0.194494 0.482103 0.275096 0.419600 0.167255 0.216567 -0.011326 0.000949 0.136565 0.264356 -0.087915 0.477375 -0.181810 -0.228616 0.146150 0.214306 -0.337692 -0.223887 0.233775 -0.346616 -0.058642 -0.351207 -0.408096 0.013637 -0.386512 -0.451224 -0.064759 -0.431838 0.043921 -0.421355 -0.273753 -0.490437 -0.285284 -0.536133 -0.177232 -0.353244 -0.112416 -0.329237 -0.396510 -0.374166 -0.188726 -0.316563 -0.223375 -0.377407
0.160676 -0.337101 0.394820 -0.003560 0.358351 0.407396 0.228690 -0.075116 0.462502 0.105912 0.431369 0.032889 0.178301 0.041836 1.000000 0.308011 0.347570 0.005277 -0.063116 -0.302155 0.493243 0.210211 0.524020 0.237396 0.319748 0.562843 0.365212 0.565356 0.446475 0.008841 0.570088 0.361028 -0.360940 -0.024617 0.185109 0.256780 0.114487 -0.138702 0.128786 -0.137614 0.297843 0.103962 0.167662 0.168629 -0.037990 -0.034208 -0.112859 -0.020416 0.176703 0.024132 0.312237 0.110821 -0.120222 0.037770 -0.160036 -0.082313 0.037020 -0.057038 -0.032978 -0.327417 -0.035566 -0.259421 -0.078678 -0.129295 0.135393 0.042428 -0.301265 -0.061320 -0.068548 -0.115811 0.260290 0.250039 0.348718 0.176348 0.283144 0.330606 0.271658 0.176103 0.147397 0.112908 0.161564 0.153826 0.482487 0.137346 0.380736 0.193949 0.207773 0.059859 0.101357 -0.054296 -0.352172 -0.338090 -0.360671 -0.335137 -0.159538 -0.237600 -0.171974 -0.226365 -0.412353 -0.297321 -0.270944 -0.499045 -0.376884 -0.452077 -0.323437 -0.380594 -0.045537 -0.205169 -0.089004 -0.059050 0.112292 -0.108395 -0.281251 -0.368099 -0.352374 -0.287943
-0.006451 -0.000479 -0.131120 -0.227988 0.312287 0.176017 0.264475 0.291857 0.446827 0.430259 0.277034 0.357275 0.470155 0.630628 0.308011 1.000000 0.070676 0.209781 -0.298137 -0.162934 0.187017 0.223184 -0.285416 -0.076392 0.095157 0.048002 -0.126354 -0.180922 0.278411 0.565320 0.107683 0.099148 -0.351896 -0.065199 -0.344982 -0.112171 0.099802 0.207238 -0.013157 -0.021353 0.258965 0.197473 -0.037374 -0.044402 0.126756 0.055289 0.169083 0.024009 0.200372 0.033316 -0.270712 0.009054 0.126629 0.103564 -0.013228 -0.045945 -0.047053 -0.218026 0.047931 -0.259207 0.074937 0.271406 0.123622 0.104685 0.017245 0.066078 -0.447156 -0.402481 -0.370587 -0.192483 0.175589 0.251703 0.306935 0.368569 0.138489 0.308092 0.137887 0.241375 -0.005812 0.059502 -0.009970 0.200672 0.096672 0.374239 0.001852 0.038488 0.089774 -0.147442 -0.102516 0.038619 0.152491 -0.231907 -0.092816 -0.358539 -0.109746 -0.005360 -0.047987 -0.126448 0.186791 -0.109614 0.011380 -0.355973 -0.087194 -0.371554 -0.189364 -0.386741 -0.043463 -0.141444 -0.126320 -0.111694 -0.208968 0.024449 0.131019 -0.155620 -0.122219 -0.194027
0.430136 0.109530 0.161050 0.061065 -0.218217 -0.130203 0.243530 0.192141 0.098873 -0.126360 0.700936 0.269226 0.318451 0.278108 0.347570 0.070676 1.000000 0.155020 0.156107 -0.032044 0.119571 0.115410 0.041586 -0.160019 -0.195708 0.125437 -0.106347 0.111439 0.676396 0.253086 0.222318 0.251335 0.235296 0.463514 0.014896 0.120726 0.318748 -0.232974 0.047906 -0.319936 0.453259 0.420015 -0.271924 -0.326237 -0.240082 -0.198957 -0.505711 -0.467791 0.057648 -0.247296 -0.082457 -0.345361 -0.259534 -0.275695 -0.335296 -0.384301 0.571639 0.078671 0.241161 -0.170018 0.342915 0.105343 0.374394 -0.131194 0.406151 0.105734 -0.048038 -0.029050 0.095952 -0.190464 0.230032 0.219263 0.567090 0.408663 0.571195 0.541246 0.561154 0.335334 0.506987 0.117856 0.674162 0.095960 0.446575 0.321809 0.453586 -0.275774 0.384946 0.157806 0.114759 -0.126577 -0.232176 -0.299929 -0.198663 -0.078404 -0.276506 -0.049004 -0.363277 -0.320936 -0.452765 -0.439680 0.159195 -0.072837 -0.083204 -0.098222 -0.008539 -0.360382 -0.002802 -0.250939 -0.095454 -0.198291 -0.305642 -0.534495 -0.484061 -0.139420 -0.043273 -0.455516
0.048040 0.146086 -0.087530 -0.071294 -0.078872 -0.116399 -0.016646 0.204441 0.044532 -0.066936 0.113998 0.378493 0.063762 0.467824 0.005277 0.209781 0.155020 1.000000 -0.238546 -0.196781 -0.146497 0.081663 0.013540 -0.160889 -0.102907 -0.082717 -0.176351 -0.157047 0.178918 0.617513 0.041430 0.047604 0.082545 0.168075 -0.102181 -0.129151 -0.169089 0.165461 -0.077786 -0.089967 -0.092835 0.021712 -0.068526 0.032568 0.052484 -0.072352 -0.034441 -0.140250 0.131220 0.112435 -0.286472 0.179275 0.024400 0.173563 -0.171106 0.014252 0.225356 0.307167 0.163263 -0.030694 0.281794 0.157192 0.192589 0.501459 0.075844 0.068880 -0.037147 -0.320511 -0.157890 -0.221996 -0.121740 0.370174 0.292151 0.361924 0.223888 0.307934 0.102523 0.145871 0.167900 0.576880 0.111900 0.718592 -0.158269 0.123297 -0.156805 0.255033 -0.063884 -0.069964 -0.178483 -0.003992 -0.143017 -0.446088 -0.269952 -0.300245 -0.302901 -0.081168 -0.114528 -0.238781 0.076635 -0.178711 -0.151380 -0.305777 -0.229145 -0.252089 -0.092437 -0.324563 -0.152492 -0.169578 -0.336548 -0.150227 -0.345796 -0.043153 -0.083119 -0.189414 -0.061897 -0.314941
0.375906 0.199003 0.359161 0.299711 -0.221561 -0.268790 0.278386 0.049877 -0.219100 -0.337407 0.095135 -0.048979 -0.113672 -0.217758 -0.063116 -0.298137 0.156107 -0.238546 1.000000 0.326599 0.029321 -0.216188 0.272903 -0.125367 -0.194999 0.007443 0.077861 0.121613 0.056687 -0.179531 0.101588 0.087826 0.548418 0.322885 -0.042308 0.211277 0.211814 -0.162822 0.230617 0.030889 0.101258 0.311281 -0.297386 -0.341773 -0.329030 -0.308504 -0.277058 -0.503665 -0.212136 -0.388855 -0.002104 -0.384767 -0.202311 -0.291259 -0.094438 -0.136155 0.122085 0.183331 0.144229 0.012677 0.313681 -0.096136 0.024331 -0.335694 0.332060 -0.084162 0.177121 0.123568 0.362199 -0.012047 0.046289 -0.205817 0.131269 0.081883 0.269161 0.129700 0.140492 -0.078869 0.014474 -0.321664 -0.049367 -0.425042 0.273581 0.251905 -0.046229 -0.300500 0.323135 0.269402 0.475489 0.192593 -0.202225 0.013944 0.215913 0.387871 -0.028635 -0.121934 -0.031663 -0.213216 -0.065018 -0.086882 0.251426 0.336934 0.356371 0.269202 0.200105 -0.018001 -0.232804 0.001455 0.304044 -0.200790 -0.243891 -0.334151 -0.284528 0.115028 0.069841 -0.170066
0.398205 0.479715 0.019249 0.210693 -0.137089 -0.182829 0.103775 0.144165 -0.187636 0.015395 -0.011288 -0.009096 0.073305 0.032036 -0.302155 -0.162934 -0.032044 -0.196781 0.326599 1.000000 -0.373178 -0.414112 -0.226110 0.036153 -0.189438 -0.352998 -0.079184 -0.247615 -0.271083 -0.077635 -0.436388 -0.234920 0.203703 0.287546 -0.402037 -0.156864 -0.018992 -0.067627 0.352177 0.388763 -0.109001 0.052357 -0.514684 -0.445200 -0.372979 -0.171877 -0.325162 -0.131549 -0.232649 -0.300936 -0.462222 -0.409471 -0.086873 -0.297599 -0.049030 -0.152473 0.242033 -0.066936 0.272162 0.196177 0.211578 0.260632 0.055170 -0.073063 0.002203 -0.225849 -0.084891 0.122145 0.356618 0.607754 0.019288 -0.492413 -0.157399 -0.101189 -0.125282 -0.097147 -0.196369 -0.143235 -0.201173 -0.526542 0.069411 -0.237013 0.214402 0.274759 -0.242008 -0.466793 0.162971 0.387473 0.170954 0.152596 0.418344 0.392385 0.238734 0.375194 -0.012957 0.023268 -0.086977 -0.010794 -0.020866 0.066665 0.092582 0.249605 0.180997 0.028471 -0.269137 0.084931 -0.270121 0.019327 0.463835 -0.043839 -0.109371 -0.085119 -0.134760 -0.054342 -0.009069 -0.006212
-0.112853 -0.547737 0.165069 -0.159284 0.128863 0.189785 0.143858 -0.266830 0.108992 -0.151762 0.143338 -0.249932 0.010595 -0.245576 0.493243 0.187017 0.119571 -0.146497 0.029321 -0.373178 1.000000 0.458199 0.286481 0.026837 0.249603 0.353566 0.421500 0.424465 0.410463 0.060309 0.527022 0.168845 -0.317692 -0.334155 0.236119 0.149083 0.402723 0.222871 0.282814 -0.045977 0.338100 0.270659 0.325777 0.136878 -0.098645 -0.253688 0.110206 -0.025977 -0.002419 -0.088744 0.400796 0.157774 0.084245 0.243724 0.241654 0.241576 -0.106347 0.017617 -0.407294 -0.276856 -0.045947 -0.413354 0.025973 -0.262795 -0.106896 -0.221426 -0.235589 -0.173355 -0.185553 -0.259407 0.321220 0.404068 0.425416 0.289710 0.405864 0.336250 0.313549 0.238363 0.112660 0.180022 0.001565 -0.028739 0.341746 -0.048978 0.283332 0.281557 0.075236 -0.268055 0.313398 0.252013 -0.371019 -0.223876 -0.208189 -0.130413 0.026609 -0.160134 0.188574 0.017062 -0.071230 -0.006461 -0.059773 -0.095584 0.052671 -0.014859 0.120494 -0.138324 0.084488 0.077983 -0.136707 0.016427 0.127625 0.034373 -0.166353 -0.071195 -0.109840 -0.165080
-0.328342 -0.374464 -0.233511 -0.325528 -0.064540 -0.098356 -0.220110 -0.243953 0.060825 -0.181713 0.044326 -0.169005 -0.182236 -0.179648 0.210211 0.223184 0.115410 0.081663 -0.216188 -0.414112 0.458199 1.000000 -0.063228 -0.152289 0.032534 0.084392 0.124798 0.138642 0.525599 0.338980 0.226319 0.109572 -0.220095 -0.165323 0.323035 0.054347 0.495754 0.403521 -0.103896 -0.090778 0.457039 0.140266 0.205491 0.106483 0.020557 -0.173803 0.295645 -0.020130 -0.145632 -0.016557 0.146430 0.117811 0.043469 0.288436 0.153372 0.292527 -0.029604 0.224129 -0.462380 -0.403407 -0.040842 -0.199790 -0.039488 -0.068331 -0.053015 -0.020922 -0.099589 -0.338987 -0.405129 -0.322106 0.049796 0.641375 0.401864 0.194431 0.111882 0.255537 0.237056 0.334137 0.491398 0.426068 0.181264 0.289571 0.226187 -0.071685 0.327257 0.325119 0.086070 -0.464258 0.152145 0.122297 -0.480567 -0.289393 -0.195395 -0.210512 0.340415 0.036808 0.364688 0.237540 0.073868 0.018252 -0.047262 0.040443 0.016163 0.158743 0.249734 0.024233 -0.002491 0.240888 -0.350085 0.338541 -0.029128 0.119994 -0.000592 0.131654 0.108750 0.073351
0.233632 -0.174649 0.702451 0.403778 0.054262 0.243051 0.198833 -0.055131 -0.057407 -0.275130 0.146976 0.011073 -0.271541 -0.244021 0.524020 -0.285416 0.041586 0.013540 0.272903 -0.226110 0.286481 -0.063228 1.000000 0.348668 0.236777 0.582325 0.509062 0.772038 -0.047790 -0.326383 0.520290 0.369210 0.004807 0.041274 0.364916 0.411441 -0.194660 -0.293206 0.181129 -0.097810 -0.029583 -0.027317 0.104999 0.191153 -0.071933 -0.057244 -0.165611 -0.122359 0.079315 -0.025046 0.385160 0.062309 -0.282485 -0.117378 -0.194048 -0.094336 -0.018193 0.225802 -0.002970 -0.068218 -0.092930 -0.521224 -0.268068 -0.214347 0.065521 -0.022890 0.039802 0.281723 0.248575 -0.055710 0.001048 0.041265 -0.065000 0.022966 0.149303 0.104649 0.011898 -0.075100 -0.101513 0.144629 -0.137090 0.026547 0.218589 -0.080934 0.193438 0.190801 0.166663 0.211016 0.204499 -0.013164 -0.457361 -0.279133 -0.178041 -0.069081 -0.208214 -0.258326 -0.118744 -0.282645 -0.392533 -0.278476 -0.313542 -0.352192 -0.324558 -0.242870 -0.139086 -0.145338 -0.156254 -0.220228 -0.053495 -0.059830 0.178678 -0.218943 -0.285965 -0.255742 -0.286185 -0.243264
0.011948 -0.139052 0.336533 0.308730 0.270997 0.331068 0.171451 0.058703 0.202165 0.212483 -0.016012 -0.026580 -0.073770 -0.085083 0.237396 -0.076392 -0.160019 -0.160889 -0.125367 0.036153 0.026837 -0.152289 0.348668 1.000000 0.334871 0.279048 0.364902 0.319280 -0.216193 -0.328760 0.109263 0.262891 -0.276331 -0.053180 0.038609 0.077416 -0.368404 -0.165098 0.235845 0.147112 -0.050331 -0.170454 -0.119290 -0.103858 -0.035107 -0.008720 -0.098897 0.065599 -0.090843 -0.084771 0.053232 -0.027716 -0.138067 -0.127995 -0.051586 -0.087423 -0.221775 -0.171253 -0.167315 -0.315087 -0.291554 -0.231309 -0.227073 -0.189255 -0.055179 -0.059804 -0.346770 0.130259 -0.020947 0.064248 0.231817 -0.108575 -0.319396 -0.208091 -0.210962 -0.070672 -0.136690 0.103524 -0.173964 -0.241243 -0.180316 -0.131709 0.125210 -0.015866 0.060614 -0.013036 0.141467 0.312430 0.066742 -0.109046 0.176077 0.183030 0.215670 0.061078 0.056558 -0.123499 -0.021451 0.169104 -0.175442 -0.079247 -0.329832 -0.232529 -0.351014 -0.323629 -0.357544 0.067011 -0.152118 0.007341 0.038613 0.375563 0.377614 -0.010545 -0.082146 -0.277691 -0.101603 0.065186
-0.251475 -0.376024 0.116961 -0.108304 0.798760 0.678455 -0.165793 -0.224318 0.599239 0.425353 -0.111434 -0.191714 -0.009611 -0.167793 0.319748 0.095157 -0.195708 -0.102907 -0.194999 -0.189438 0.249603 0.032534 0.236777 0.334871 1.000000 0.554226 0.645147 0.445059 -0.096216 -0.297129 0.207496 0.144181 -0.477443 -0.328706 0.113609 0.127312 -0.175359 -0.114568 0.114413 -0.028649 0.019630 -0.138825 0.255777 0.250465 0.096924 0.097320 0.127980 0.230177 0.175353 0.103165 0.407861 0.225434 0.142826 0.158367 0.056827 0.068489 -0.245628 -0.165869 -0.338610 -0.295006 -0.391897 -0.252557 -0.335751 -0.194871 -0.257298 -0.029287 -0.352081 -0.020227 -0.073317 -0.004503 0.137076 -0.042209 -0.164690 -0.226800 -0.144620 -0.102201 -0.110426 -0.090391 -0.084145 0.114183 -0.125077 0.050541 0.174934 -0.005283 0.130786 0.214062 0.046013 -0.020615 0.067466 -0.129496 0.173851 0.143702 -0.000528 -0.156472 -0.055241 -0.291275 0.024019 0.089371 -0.022816 -0.000391 -0.288848 -0.287657 -0.286030 -0.272560 -0.246957 -0.058032 0.040026 0.005895 -0.129267 0.044280 0.382250 0.281375 0.042523 -0.283743 -0.239082 0.017951
-0.013548 -0.245969 0.593821 0.263866 0.421584 0.503013 0.260409 0.111849 0.452317 0.231887 0.209977 0.058193 0.083304 -0.025776 0.562843 0.048002 0.125437 -0.082717 0.007443 -0.352998 0.353566 0.084392 0.582325 0.279048 0.554226 1.000000 0.438995 0.676655 0.105001 -0.220159 0.635292 0.633094 -0.217182 0.051780 0.285601 0.379733 -0.096525 -0.367854 0.020971 -0.258162 0.256707 0.150084 0.111765 0.099457 0.053370 0.090326 -0.178138 -0.063658 0.203755 -0.010542 0.414570 -0.058457 -0.080495 -0.182678 -0.234490 -0.277195 -0.104897 -0.112823 -0.093676 -0.290355 -0.208842 -0.392019 -0.269154 -0.348060 0.141465 0.065803 -0.143248 0.170460 0.111476 -0.150478 0.306932 0.078068 0.045724 0.137530 0.228813 0.279603 0.274127 0.266912 0.073048 0.075367 0.069732 0.052112 0.276260 0.148956 0.277382 0.011885 0.120915 0.179241 0.034108 -0.263288 -0.188113 -0.204192 -0.123132 -0.274004 -0.191635 -0.218128 -0.292515 -0.299104 -0.418808 -0.378881 -0.262126 -0.524040 -0.324074 -0.389626 -0.180149 -0.320402 -0.009113 -0.257475 -0.199412 -0.075821 0.208501 -0.152820 -0.276184 -0.292735 -0.395680 -0.189411
-0.025115 -0.389716 0.231859 0.046259 0.494961 0.600609 -0.128146 -0.304406 0.132260 0.083108 -0.065583 -0.323112 -0.272820 -0.397504 0.365212 -0.126354 -0.106347 -0.176351 0.077861 -0.079184 0.421500 0.124798 0.509062 0.364902 0.645147 0.438995 1.000000 0.700546 -0.030620 -0.340077 0.242639 0.078538 -0.272859 -0.288112 0.264389 0.167557 0.042427 -0.007119 0.478343 0.250611 0.027510 0.145753 0.120674 0.088420 -0.289670 -0.316683 0.021375 -0.003733 -0.150602 -0.227033 0.399587 -0.000795 -0.042057 0.084254 0.184235 0.186596 -0.046821 0.109556 -0.418605 -0.316836 -0.186206 -0.469699 -0.302822 -0.285643 -0.259580 -0.195035 -0.328493 -0.074084 0.015308 0.079525 0.174228 0.087478 -0.047363 -0.053020 0.029083 0.043920 0.003782 -0.007266 -0.053530 0.062779 -0.127034 -0.038486 0.417028 0.002291 0.217660 0.247784 0.115801 0.088986 0.456635 0.220001 -0.119212 0.044701 0.006349 0.031199 0.026080 -0.234821 0.179547 0.160607 -0.111527 0.055481 -0.338108 -0.150023 -0.175287 -0.128735 -0.150232 0.027521 -0.183517 0.027621 -0.026034 0.178241 0.343949 0.149465 -0.110591 -0.199407 -0.151596 -0.091971
0.163441 -0.260343 0.560517 0.283912 0.202873 0.426039 0.011932 -0.181925 0.064853 -0.119637 0.248782 -0.063471 -0.211392 -0.286187 0.565356 -0.180922 0.111439 -0.157047 0.121613 -0.247615 0.424465 0.138642 0.772038 0.319280 0.445059 0.676655 0.700546 1.000000 0.069937 -0.366206 0.466325 0.341357 -0.136516 -0.040764 0.450243 0.466611 0.058429 -0.215085 0.263611 -0.032888 0.163344 0.162558 0.149042 0.162300 -0.183731 -0.163984 -0.118447 -0.044447 0.033014 -0.132015 0.500238 -0.017652 -0.278796 -0.147159 -0.056509 -0.046963 0.028594 0.124544 -0.184499 -0.254030 -0.196471 -0.550728 -0.298871 -0.405615 -0.089992 -0.055128 -0.171945 0.187027 0.172332 -0.066998 0.188212 0.113473 0.037832 0.080087 0.252632 0.246046 0.238696 0.151128 0.068489 0.106937 0.011809 -0.023645 0.355130 -0.060147 0.344844 0.165024 0.184631 0.183539 0.292438 -0.003925 -0.401448 -0.188911 -0.165745 -0.113168 -0.097614 -0.296338 0.044780 -0.123971 -0.382031 -0.253401 -0.270086 -0.304861 -0.270736 -0.230817 -0.084584 -0.136768 -0.067378 -0.078381 -0.140675 0.068638 0.406908 -0.145664 -0.281452 -0.213069 -0.245557 -0.230861
0.044128 -0.219863 -0.081123 -0.227798 -0.032802 -0.154094 0.127221 0.010607 0.251039 -0.168495 0.434420 -0.016193 0.253194 0.139002 0.446475 0.278411 0.676396 0.178918 0.056687 -0.271083 0.410463 0.525599 -0.047790 -0.216193 -0.096216 0.105001 -0.030620 0.069937 1.000000 0.491980 0.386083 0.276893 0.001702 0.152918 0.040511 -0.045337 0.523139 0.084914 0.062514 -0.323444 0.529239 0.423272 -0.067198 -0.219595 -0.161312 -0.308738 -0.138659 -0.378820 0.027128 -0.207840 0.062819 -0.155638 0.007659 0.032995 -0.044921 -0.097408 0.304411 0.064327 -0.075408 -0.373294 0.294721 0.023746 0.303647 -0.070200 0.226224 -0.035573 -0.185280 -0.427457 -0.227680 -0.402415 0.309542 0.595793 0.834725 0.462978 0.550409 0.576717 0.577381 0.444892 0.610654 0.257963 0.542852 0.207177 0.458380 0.270831 0.454706 -0.055873 0.284207 -0.198928 0.228149 0.057448 -0.378659 -0.352516 -0.268462 -0.165131 0.023829 0.031468 -0.097146 -0.135937 -0.158827 -0.244879 0.123668 -0.018869 0.107380 0.045555 0.166233 -0.271773 0.022666 -0.105465 -0.116356 -0.017562 -0.328898 -0.273111 -0.307002 0.029884 0.029090 -0.208781
0.043230 0.110004 -0.235772 -0.241852 -0.203800 -0.280383 0.191982 0.306538 0.092837 -0.023225 0.259395 0.397660 0.326501 0.617317 0.008841 0.565320 0.253086 0.617513 -0.179531 -0.077635 0.060309 0.338980 -0.326383 -0.328760 -0.297129 -0.220159 -0.340077 -0.366206 0.491980 1.000000 -0.000293 0.038831 0.000731 0.128849 -0.322325 -0.266581 0.194131 0.387047 -0.050521 -0.090112 0.181635 0.341516 -0.189014 -0.200674 -0.049671 -0.164371 -0.020330 -0.213658 0.127254 -0.072236 -0.442201 -0.041922 0.102108 0.125078 -0.093842 -0.006544 0.195256 0.023855 0.166222 -0.149699 0.381780 0.296137 0.294391 0.266266 0.107912 -0.025812 -0.163963 -0.454029 -0.260269 -0.271512 -0.014542 0.435620 0.613824 0.626473 0.385344 0.491198 0.285597 0.337386 0.227157 0.298570 0.146137 0.479863 0.009358 0.333873 -0.087671 0.023616 0.072232 -0.209310 -0.021051 0.157656 -0.069807 -0.368626 -0.157615 -0.211472 -0.177185 0.125723 -0.045444 -0.168172 0.174089 -0.104566 0.090241 -0.114449 0.013717 -0.096849 0.021858 -0.330736 -0.124968 -0.133635 -0.177603 -0.141882 -0.466967 -0.112789 -0.070519 -0.022978 0.043890 -0.213005
-0.077503 -0.321164 0.484877 0.078254 0.196277 0.212886 0.311107 0.096414 0.278992 0.056423 0.186392 -0.027467 0.162739 -0.031134 0.570088 0.107683 0.222318 0.041430 0.101588 -0.436388 0.527022 0.226319 0.520290 0.109263 0.207496 0.635292 0.242639 0.466325 0.386083 -0.000293 1.000000 0.727711 -0.071089 0.099556 0.305059 0.355370 -0.051451 -0.277331 -0.040383 -0.391465 0.233567 0.077122 0.098845 0.070963 0.092536 0.018356 -0.114049 -0.233478 0.113221 0.050830 0.354355 0.070292 -0.042228 0.030577 -0.233415 -0.144977 -0.031800 0.053395 -0.122530 -0.232189 0.053666 -0.149301 -0.083821 -0.031785 0.251904 0.169919 -0.111584 0.019341 -0.142765 -0.356442 0.188913 0.375857 0.338854 0.199178 0.350971 0.343595 0.290435 0.153864 0.231574 0.205811 0.110063 0.061097 0.263448 0.065496 0.316214 0.154146 0.079076 -0.001770 0.029706 -0.130526 -0.422748 -0.400168 -0.309861 -0.316158 -0.204872 -0.265417 -0.291488 -0.351172 -0.323342 -0.386666 -0.197336 -0.406485 -0.211936 -0.303769 -0.107423 -0.354458 0.018818 -0.186507 -0.222445 -0.187262 -0.083331 -0.262870 -0.377200 -0.283278 -0.386855 -0.257028
0.026426 -0.057942 0.571375 0.474168 0.172607 0.081058 0.464740 0.485611 0.333202 0.173616 0.232061 0.220358 0.216445 0.200188 0.361028 0.099148 0.251335 0.047604 0.087826 -0.234920 0.168845 0.109572 0.369210 0.262891 0.144181 0.633094 0.078538 0.341357 0.276893 0.038831 0.727711 1.000000 0.005101 0.347608 0.100454 0.243809 -0.215438 -0.545733 -0.007915 -0.407677 0.304951 0.201465 -0.276641 -0.238970 0.004879 0.113538 -0.399904 -0.368109 0.043752 -0.122467 0.094950 -0.271162 -0.142551 -0.330738 -0.460055 -0.496630 0.061131 -0.142806 0.041975 -0.321925 -0.010930 -0.048464 -0.176090 -0.167582 0.339137 0.169893 -0.153041 0.167484 -0.011732 -0.199993 0.242883 0.200143 0.162047 0.212218 0.214855 0.365127 0.276243 0.279209 0.145932 -0.025728 0.273079 0.037695 0.321643 0.423087 0.263797 -0.216310 0.301589 0.303054 -0.017194 -0.297680 -0.150689 -0.231027 -0.026797 -0.236630 -0.160351 -0.175415 -0.470986 -0.460198 -0.477387 -0.599870 -0.096247 -0.437172 -0.173941 -0.367459 -0.159327 -0.319314 -0.121963 -0.322983 -0.157953 -0.105735 -0.172050 -0.522672 -0.467349 -0.268177 -0.333694 -0.183632
0.345371 0.526624 0.142424 0.254125 -0.514243 -0.511500 0.103014 0.211853 -0.394414 -0.379198 0.119999 0.253125 -0.109748 0.059776 -0.360940 -0.351896 0.235296 0.082545 0.548418 0.203703 -0.317692 -0.220095 0.004807 -0.276331 -0.477443 -0.217182 -0.272859 -0.136516 0.001702 0.000731 -0.071089 0.005101 1.000000 0.665510 0.033832 0.171542 0.012719 -0.235312 -0.044519 -0.103007 -0.033967 0.227277 -0.374116 -0.306299 -0.021064 -0.055966 -0.306485 -0.455357 -0.005635 -0.083985 -0.262964 -0.293852 -0.291738 -0.358379 -0.285742 -0.197028 0.341056 0.362713 0.475126 0.344188 0.513465 0.241062 0.273777 0.081399 0.414270 0.175690 0.539330 0.229177 0.231306 -0.128592 -0.217304 -0.157540 0.025266 0.126889 0.206494 0.082732 0.115494 -0.085904 0.210859 -0.142633 0.091286 -0.157438 -0.086359 0.123259 -0.138358 -0.298373 0.151539 0.188477 0.100935 -0.028599 -0.255669 -0.200876 0.022273 0.179504 -0.112473 -0.112144 -0.100835 -0.281156 -0.068821 -0.203904 0.175134 0.281440 0.102473 0.156369 0.137785 -0.131927 -0.239401 -0.066734 0.131651 -0.286104 -0.333102 -0.423225 -0.336931 0.066229 0.021882 -0.236719
0.502651 0.688084 0.328276 0.445064 -0.326145 -0.261203 0.264816 0.518470 -0.006651 -0.037859 0.423673 0.493742 0.094893 0.353356 -0.024617 -0.065199 0.463514 0.168075 0.322885 0.287546 -0.334155 -0.165323 0.041274 -0.053180 -0.328706 0.051780 -0.288112 -0.040764 0.152918 0.128849 0.099556 0.347608 0.665510 1.000000 0.007626 0.310858 -0.077373 -0.451225 -0.095401 -0.208709 0.223899 0.271849 -0.582414 -0.474256 -0.102034 0.040419 -0.539774 -0.568749 0.030328 -0.177547 -0.401565 -0.520019 -0.462189 -0.585137 -0.599223 -0.567829 0.513769 0.305122 0.555915 0.092574 0.535976 0.432414 0.214890 0.118010 0.635819 0.415354 0.202625 0.281696 0.155892 -0.084552 -0.081918 -0.122469 0.112678 0.217139 0.262536 0.324687 0.201352 0.138558 0.381540 -0.139423 0.359995 -0.007782 0.140310 0.374857 0.023441 -0.491710 0.386258 0.379174 0.039007 -0.295213 -0.169843 -0.313735 0.032087 -0.010912 -0.265050 -0.108544 -0.396436 -0.510380 -0.365714 -0.561949 0.094072 -0.093007 -0.136051 -0.228807 -0.142195 -0.414249 -0.357352 -0.356385 0.054210 -0.319326 -0.407990 -0.622544 -0.515262 -0.170971 -0.174989 -0.375006
-0.298902 -0.286393 0.102549 -0.103806 -0.119816 0.090722 -0.376227 -0.404336 -0.145778 -0.239781 -0.091120 -0.226529 -0.534611 -0.510381 0.185109 -0.344982 0.014896 -0.102181 -0.042308 -0.402037 0.236119 0.323035 0.364916 0.038609 0.113609 0.285601 0.264389 0.450243 0.040511 -0.322325 0.305059 0.100454 0.033832 0.007626 1.000000 0.590777 0.183141 0.048911 -0.259367 -0.102905 0.080651 -0.136072 0.273691 0.259550 0.078201 0.024909 0.136421 -0.044731 -0.068181 0.064990 0.527420 0.133974 -0.315424 0.015925 0.031117 0.080698 -0.152347 0.302293 -0.359150 -0.174513 -0.203473 -0.291436 -0.230299 -0.084738 0.145049 0.343976 0.259400 0.280314 -0.028885 -0.163808 -0.118992 0.209005 -0.042763 -0.213721 -0.064327 -0.063845 0.053653 0.060008 0.301360 0.280272 0.023551 0.009572 -0.022925 -0.434887 0.314771 0.284143 -0.082010 -0.160843 0.097711 -0.214473 -0.507613 -0.160132 -0.111335 -0.005324 0.177905 -0.093939 0.155520 0.062569 -0.209798 -0.134872 -0.134067 0.057043 -0.124968 0.190485 0.263321 0.242771 0.147168 0.139142 -0.342711 0.191240 0.248568 0.014911 -0.102048 -0.004279 0.067194 0.099294
0.072074 0.102445 0.399028 0.147398 -0.085090 0.091996 -0.025444 -0.082590 -0.000854 -0.110141 0.261024 0.120898 -0.248932 -0.112272 0.256780 -0.112171 0.120726 -0.129151 0.211277 -0.156864 0.149083 0.054347 0.411441 0.077416 0.127312 0.379733 0.167557 0.466611 -0.045337 -0.266581 0.355370 0.243809 0.171542 0.310858 0.590777 1.000000 0.037766 -0.143601 -0.217311 -0.265078 0.181658 0.040762 0.092635 0.141730 0.144552 0.166187 -0.092353 -0.110646 0.175397 0.055734 0.306333 0.020140 -0.360197 -0.206221 -0.238271 -0.164153 -0.046059 0.246423 0.001737 -0.089961 -0.016484 -0.048869 -0.139315 -0.136572 0.271995 0.415230 0.118501 0.400983 0.112221 -0.144568 -0.062232 -0.032324 -0.024776 -0.037474 0.170836 0.180466 0.128706 0.069631 0.207246 0.048377 -0.041859 -0.118387 0.024446 -0.167959 0.165536 0.017944 0.134757 0.067653 0.078072 -0.304769 -0.383907 -0.301048 -0.091023 -0.051103 -0.086937 -0.327956 -0.041223 -0.268834 -0.272404 -0.387799 -0.078618 -0.182576 -0.247971 -0.166099 -0.017246 -0.150284 -0.075984 0.043757 -0.158184 -0.124309 0.169766 -0.252269 -0.347696 -0.308973 -0.242759 -0.172695
