1.000000 0.263115 0.146915 -0.256634 -0.339742 -0.409464 0.042880 -0.158029 -0.246619 -0.204483 0.378273 0.228821 0.120362 0.200751 0.021710 -0.067421 0.223736 0.200579 0.575781 0.214676 -0.430992 -0.131370 -0.030825 -0.240603 -0.416528 -0.232764 -0.339580 -0.209125 0.171143 0.060540 -0.254061 -0.016349 0.252645 0.165233 0.104852 -0.037324 0.119892 0.160149 0.094367 -0.054922 0.217643 0.147220 -0.075538 -0.106344 -0.288447 -0.362164 -0.156034 -0.343756 -0.338905 -0.365006 -0.202381 -0.149895 -0.099504 -0.132353 0.093787 -0.058827 0.531994 0.071651 0.182040 -0.362330 0.192749 0.035426 0.197873 0.102108 0.189685 0.080929 -0.284628 -0.488593 0.045776 -0.381478 -0.027989 -0.021908 0.181317 0.198083 0.305814 0.253703 0.426067 0.413184 0.040217 -0.099656 -0.106057 0.145347 0.112146 0.069932 0.021493 0.059501 -0.193719 -0.180158 -0.081341 -0.130860 -0.293941 -0.071226 0.046728 0.058952 0.060763 0.256870 0.124150 0.189585 -0.195123 0.330231 -0.023143 0.014416 -0.278081 -0.100952 -0.075475 0.013841 -0.119477 0.117129 0.057426 0.156758 -0.007949 0.294102 0.332695 0.348639 0.293893 0.283347
0.263115 1.000000 -0.024950 0.003468 -0.154666 -0.216515 -0.226597 -0.081721 -0.292451 -0.203943 -0.045831 0.113684 -0.045299 0.094192 -0.149595 -0.219709 0.090475 0.111526 0.351972 0.324092 -0.136502 -0.107951 -0.308984 -0.468865 -0.348577 -0.276500 -0.124377 -0.204304 0.061768 0.107142 -0.112973 -0.038637 0.416142 0.257803 -0.032033 -0.187601 0.153515 0.148244 0.135393 0.145594 0.065001 0.195692 -0.056139 -0.066898 -0.225174 -0.261350 0.015569 -0.240127 -0.127401 -0.027980 0.103849 0.209414 0.157544 0.253186 0.133099 0.111472 0.073469 0.540225 0.096937 -0.006284 0.063047 0.141276 0.083561 0.334185 -0.081804 0.038072 -0.122485 -0.294940 0.155933 0.140545 -0.075047 -0.000199 0.045957 0.049941 -0.052214 -0.081817 0.099466 0.170682 0.066641 0.106822 0.191196 0.152231 0.307666 0.213910 0.019919 0.113594 -0.023703 -0.079692 0.066879 0.167734 -0.153983 -0.270142 -0.168066 -0.227690 -0.297271 -0.245629 -0.176671 -0.160895 -0.013610 -0.021364 -0.034789 -0.284122 -0.122761 -0.275724 -0.132824 -0.242221 -0.075387 -0.082030 -0.154034 -0.253834 -0.401105 -0.024759 0.050045 0.027443 -0.092442 -0.085650
0.146915 -0.024950 1.000000 0.312884 0.420935 0.006418 0.649079 0.552388 0.408056 0.181258 -0.006034 -0.325840 -0.182944 -0.329382 -0.227704 -0.132685 -0.294695 -0.321102 0.195422 0.317160 0.109382 0.152041 0.196654 0.270094 -0.037219 0.069805 0.054679 -0.291899 -0.190063 -0.032853 0.366560 0.306645 -0.042563 0.291184 0.067764 0.271303 -0.015381 0.072820 0.221758 0.084889 -0.063774 0.234173 -0.108761 -0.130287 -0.052947 0.006146 -0.355705 -0.200363 -0.336113 -0.304842 -0.300523 -0.383500 -0.285438 -0.325131 -0.438679 -0.361946 -0.191773 -0.102355 -0.405077 -0.062864 -0.177801 -0.274781 -0.039251 -0.302544 0.147247 -0.123085 0.264159 0.122662 -0.271427 0.097785 0.315624 0.153893 0.070136 0.212453 0.171073 0.178706 0.227010 0.335839 -0.424558 -0.435731 -0.517872 -0.499205 -0.127552 0.014947 -0.428526 -0.572704 -0.128872 -0.322008 -0.275449 -0.383980 -0.028871 0.258088 0.362168 0.397171 0.076671 0.211402 -0.031277 0.028589 -0.262173 -0.051684 0.240427 0.420285 0.240363 0.168700 0.163558 0.191838 0.033682 0.021031 0.215064 0.040321 0.088612 0.189563 0.166402 0.254961 0.336572 0.066908
-0.256634 0.003468 0.312884 1.000000 0.236008 0.455763 -0.057389 0.275436 -0.058907 0.055074 -0.281480 -0.240258 -0.226415 -0.256372 -0.081926 -0.059772 -0.288006 -0.439083 -0.014772 0.073785 0.340783 0.167198 0.490718 0.522767 0.401491 0.375862 0.368077 0.278582 -0.120938 -0.149725 0.402247 0.339770 -0.260361 0.092311 -0.059179 0.099045 0.012440 0.060114 0.091207 0.066879 -0.111078 0.165444 -0.209746 -0.123718 -0.083846 0.095013 -0.328342 -0.030974 -0.253414 -0.080810 -0.165598 -0.210171 -0.024409 -0.237533 -0.130852 -0.191681 -0.223038 -0.083085 -0.453641 0.292554 -0.587285 -0.440584 -0.250157 -0.269086 -0.430070 -0.441791 0.335637 0.468544 -0.199107 0.175911 0.118363 0.028731 -0.024281 0.023049 0.061617 -0.156933 -0.124444 -0.126894 -0.154572 -0.201638 -0.010381 -0.240026 0.113686 0.075214 -0.051871 -0.140650 0.309867 0.108331 -0.133370 -0.161196 0.193306 0.219447 0.277773 0.264639 0.266845 0.134797 -0.003243 0.032783 0.053443 -0.101261 0.173323 0.248260 0.414296 0.108802 0.200170 0.065367 0.254009 -0.020105 0.286743 -0.011295 0.080111 0.022381 -0.037850 0.096934 0.090068 -0.170240
-0.339742 -0.154666 0.420935 0.236008 1.000000 0.404824 0.328184 0.334420 0.637700 0.456726 -0.170514 -0.377728 -0.229766 -0.423652 0.047969 0.133856 -0.341076 -0.219158 -0.244269 0.133174 0.184176 0.134632 0.136764 0.364422 0.317634 0.265101 0.562964 0.123688 -0.289978 -0.298266 0.127145 -0.017931 -0.343512 -0.071063 0.100747 0.305008 -0.192551 -0.126814 0.034435 0.079836 -0.276822 -0.119778 -0.183923 -0.189026 0.009740 0.130056 -0.145309 0.024420 -0.070757 -0.093159 -0.096501 -0.233763 -0.031408 -0.106843 -0.260304 -0.300520 -0.115732 0.044406 -0.205133 0.265348 -0.043692 -0.083496 -0.042162 -0.055663 0.155501 0.020743 0.322339 0.412328 -0.035722 0.436309 0.042362 -0.064349 -0.305164 -0.236296 -0.354739 -0.210897 -0.278091 -0.148119 -0.045387 -0.098290 -0.312979 -0.236637 -0.098826 0.146811 -0.269123 -0.316980 0.094746 -0.043841 0.065191 -0.123337 0.279692 0.208878 0.177613 0.200444 -0.121992 -0.158578 -0.142686 -0.246356 -0.110542 -0.371208 0.318106 0.202847 0.334801 0.244924 0.103716 0.074453 0.224171 -0.063175 0.072412 -0.062211 0.109297 -0.151816 -0.254950 -0.189852 -0.134198 -0.203667
-0.409464 -0.216515 0.006418 0.455763 0.404824 1.000000 -0.126244 0.164571 0.316226 0.489458 -0.291318 -0.241935 -0.057139 -0.224876 0.102246 0.282156 -0.127021 -0.190092 -0.383541 -0.025302 0.330323 0.104444 0.267067 0.533245 0.491715 0.438654 0.548526 0.526141 -0.239852 -0.324682 0.045997 -0.018365 -0.444606 -0.271499 0.088548 0.113504 -0.229662 -0.184342 0.207949 0.361890 -0.328273 -0.062646 -0.295771 -0.222060 -0.226268 -0.016758 -0.211056 0.034251 0.011666 -0.038935 -0.108673 -0.181339 0.150097 -0.038057 0.045389 -0.049759 -0.006035 -0.028017 0.032346 0.370665 -0.037826 0.075678 -0.094010 0.045745 -0.155182 -0.088499 0.265663 0.498434 -0.033079 0.341006 -0.075190 -0.145819 -0.260463 -0.233080 -0.237700 -0.287796 -0.524712 -0.491370 0.066949 0.023129 -0.027453 -0.140818 0.072175 0.156251 -0.017509 -0.029713 0.340168 0.347970 0.122217 0.213195 0.310878 0.028511 0.066599 -0.001521 -0.083510 -0.238015 -0.106541 -0.189962 -0.133560 -0.370022 0.031683 -0.010466 0.156488 0.027525 0.005331 0.026488 0.098326 -0.171212 0.112040 -0.090735 0.067633 -0.412785 -0.430514 -0.323794 -0.126041 -0.124287
0.042880 -0.226597 0.649079 -0.057389 0.328184 -0.126244 1.000000 0.634425 0.630060 0.412201 0.195251 -0.015861 0.176009 -0.089344 -0.050876 0.127316 -0.147901 -0.085558 -0.002148 0.089185 0.075833 0.133250 -0.026921 0.193448 -0.169982 -0.034750 -0.105675 -0.393628 -0.115763 0.092738 0.296424 0.164266 0.047444 0.228429 -0.045348 0.327026 -0.052607 -0.116376 0.003101 -0.110152 -0.046009 -0.021598 0.082328 0.034580 0.177123 0.119416 -0.132303 0.006610 -0.077198 -0.170285 -0.181194 -0.272352 -0.369353 -0.258920 -0.501456 -0.329144 -0.274355 -0.320493 -0.304899 -0.303465 0.135714 -0.026876 -0.030091 -0.281210 0.409466 0.165064 -0.134017 -0.118949 -0.258964 -0.058181 0.211572 0.203890 0.075337 0.125372 0.070174 0.226048 0.230601 0.285964 -0.409301 -0.221555 -0.440043 -0.393188 -0.347724 -0.095274 -0.446327 -0.445879 -0.373300 -0.467390 -0.263247 -0.203839 -0.138918 0.189014 0.234387 0.223171 0.027667 0.183452 -0.049551 0.034473 -0.271815 -0.119107 0.132344 0.262933 -0.036068 0.071057 0.006027 0.118439 -0.097274 0.004710 0.050084 0.120372 0.051546 0.117078 0.156495 0.173485 0.148169 -0.001240
-0.158029 -0.081721 0.552388 0.275436 0.334420 0.164571 0.634425 1.000000 0.452285 0.566336 -0.085005 -0.054982 -0.170007 -0.160820 -0.179629 0.153038 -0.329921 -0.192644 -0.125715 0.086846 0.243410 0.215250 -0.169200 0.276934 -0.175189 0.049721 -0.032759 -0.419535 -0.269916 0.051043 0.428080 0.208397 -0.006373 0.348487 -0.122977 0.425061 -0.135169 -0.069031 -0.009893 -0.032855 -0.172717 0.148215 -0.037096 -0.024211 0.168297 0.236841 -0.247866 -0.121899 -0.174024 -0.151041 -0.245747 -0.292238 -0.249919 -0.300135 -0.478081 -0.419696 -0.379201 -0.302941 -0.376823 -0.129709 -0.080585 -0.047014 -0.127741 -0.260774 0.251375 0.220872 0.122219 0.041917 -0.269495 0.049777 0.311867 0.259178 0.024644 0.251949 0.130346 0.184734 0.148605 0.258323 -0.412849 -0.331182 -0.426842 -0.544489 -0.300873 -0.114291 -0.474053 -0.576640 -0.340999 -0.476215 -0.313152 -0.216696 -0.049846 0.202945 0.404826 0.248090 0.035144 0.157195 -0.142697 0.050117 -0.248809 -0.230917 0.247123 0.251284 0.120758 0.109751 0.127089 0.213700 -0.011738 0.046785 0.093686 -0.007149 -0.025780 0.136438 0.059928 0.057430 0.262473 0.050589
-0.246619 -0.292451 0.408056 -0.058907 0.637700 0.316226 0.630060 0.452285 1.000000 0.695288 0.036379 -0.223895 0.170319 -0.217547 0.253755 0.288343 -0.168433 -0.114144 -0.331761 0.029234 0.247098 0.128295 0.024666 0.363878 0.158975 0.170572 0.162821 -0.070159 -0.189787 -0.053332 0.176886 0.024024 -0.260376 -0.052761 0.071396 0.291053 -0.126393 -0.152528 0.097004 0.087745 -0.101923 -0.136505 -0.135578 -0.214585 -0.069607 -0.019529 -0.210660 -0.053684 -0.006243 -0.139398 -0.106616 -0.247603 -0.089056 -0.038268 -0.314580 -0.339217 -0.161854 -0.111581 -0.183402 -0.069019 0.237236 0.112962 -0.059883 -0.175903 0.359970 0.177044 0.014619 0.076199 0.017974 0.271452 0.203364 0.156588 -0.160760 -0.019390 -0.133219 0.082238 -0.122210 -0.026451 -0.245500 -0.043610 -0.399662 -0.350840 -0.237676 -0.061700 -0.380360 -0.433831 -0.049184 -0.195510 -0.069726 -0.071402 0.121314 0.244654 0.250892 0.218807 -0.137701 -0.145244 -0.243654 -0.241736 -0.350085 -0.324059 0.197256 0.234691 0.044833 0.152208 0.000004 0.108980 -0.057053 -0.075145 -0.008707 0.027549 -0.002481 -0.180959 -0.144671 -0.136340 0.023568 -0.102904
-0.204483 -0.203943 0.181258 0.055074 0.456726 0.489458 0.412201 0.566336 0.695288 1.000000 -0.138381 -0.201618 0.059659 -0.223237 0.017742 0.454046 -0.050345 -0.033683 -0.324300 -0.039100 0.158730 -0.045205 -0.239812 0.253575 0.022483 0.151883 0.116468 -0.166604 -0.301816 -0.069401 0.029288 -0.146388 -0.167212 -0.100288 -0.061530 0.314494 -0.157561 -0.179303 -0.022814 0.027816 -0.118863 -0.152875 -0.264448 -0.403143 -0.166107 -0.167779 -0.241536 -0.195732 0.005676 -0.175017 -0.075422 -0.158357 0.034597 -0.002749 -0.163859 -0.266931 -0.022597 -0.060346 -0.082153 0.060086 0.233687 0.290480 -0.058301 -0.086470 0.253196 0.334608 -0.001177 0.059051 0.151249 0.221603 0.075671 0.061073 -0.183669 -0.028597 -0.162054 0.007995 -0.208672 -0.175302 -0.086352 0.009296 -0.201788 -0.254711 -0.248186 -0.005092 -0.368601 -0.345322 -0.102043 -0.122931 -0.110676 0.134222 0.218023 0.228012 0.333527 0.157133 -0.065757 -0.111093 -0.333209 -0.199291 -0.231550 -0.225849 0.283359 0.213035 0.135677 0.165639 0.075194 0.191501 0.057317 0.024425 -0.057551 -0.021853 -0.151880 -0.124209 -0.127131 -0.195641 0.070576 0.045845
0.378273 -0.045831 -0.006034 -0.281480 -0.170514 -0.291318 0.195251 -0.085005 0.036379 -0.138381 1.000000 0.392620 0.606000 0.290149 0.470257 -0.001668 0.543055 0.132452 0.212410 0.079385 -0.070494 0.250569 0.116637 0.029302 -0.071721 -0.074770 -0.099583 -0.052878 0.350141 0.133454 0.009670 0.206258 0.065507 0.209895 0.155597 -0.015288 0.098436 -0.029138 -0.004394 -0.176300 0.159635 0.053047 0.170440 0.108521 -0.034293 -0.079476 -0.001376 -0.092244 -0.169360 -0.323615 -0.112033 -0.204969 -0.282846 -0.100749 -0.214368 -0.267558 0.060113 -0.229517 -0.043242 -0.469444 0.135326 -0.023273 0.084000 -0.080654 0.283781 0.073852 -0.318519 -0.326372 -0.144519 -0.278921 0.118489 0.202472 0.148250 0.175287 0.206435 0.324688 0.419185 0.381929 0.002305 0.044569 0.087425 0.233225 0.391713 0.023852 0.125040 0.074249 -0.107485 -0.195724 -0.108925 -0.255928 -0.323995 -0.138899 0.001125 0.046392 -0.071735 0.147876 -0.017064 0.092570 -0.311155 -0.109121 -0.057354 -0.138325 -0.297856 -0.055862 -0.055629 -0.015727 -0.154459 -0.030962 0.003893 0.190117 0.119046 0.010564 0.009799 0.227462 0.017296 0.027893
0.228821 0.113684 -0.325840 -0.240258 -0.377728 -0.241935 -0.015861 -0.054982 -0.223895 -0.201618 0.392620 1.000000 0.329386 0.786643 0.186143 0.154570 0.228402 0.364151 0.147929 -0.176447 -0.077445 0.082689 -0.072333 -0.154570 -0.227257 -0.157078 -0.249647 -0.057221 0.427552 0.331244 0.021189 0.115318 0.222346 0.211351 0.044243 -0.026983 0.056092 0.078010 -0.022294 -0.004684 0.085175 -0.037091 0.132174 0.282690 0.128565 0.147746 0.031512 -0.029363 -0.026325 -0.068730 0.027565 0.008954 -0.219048 -0.180148 0.020444 0.050727 -0.045091 -0.307811 0.078453 -0.489868 0.121627 0.017564 0.134591 0.158106 0.270825 0.208900 -0.369088 -0.317423 -0.165248 -0.492924 -0.228254 0.076703 0.338793 0.150241 0.237015 0.207100 0.273715 0.152544 0.123935 0.251132 0.149055 0.280181 0.062347 0.039641 0.290287 0.409193 -0.321624 -0.092547 -0.019616 -0.037786 -0.453335 -0.407165 -0.259526 -0.300300 -0.114011 0.146695 0.189684 0.191065 -0.076165 -0.078663 -0.289219 -0.367062 -0.536890 -0.310399 -0.203976 -0.174471 -0.214806 -0.169191 -0.045296 0.074137 0.040076 -0.016599 0.012046 0.098140 -0.056070 0.005964
0.120362 -0.045299 -0.182944 -0.226415 -0.229766 -0.057139 0.176009 -0.170007 0.170319 0.059659 0.606000 0.329386 1.000000 0.387956 0.444935 -0.008821 0.562408 0.220787 -0.019982 -0.189875 -0.109760 -0.062667 0.020067 -0.100519 -0.089578 -0.198469 -0.101691 0.007427 0.294027 0.140880 -0.049096 0.040394 0.009615 -0.157507 -0.112449 -0.265948 -0.023058 -0.278892 -0.125397 -0.255924 0.006633 -0.248902 0.093806 -0.000610 -0.126736 -0.249106 -0.007594 -0.074192 0.236564 0.005710 0.205362 0.154656 -0.074270 0.207443 -0.026571 -0.093833 0.006167 -0.105030 0.178411 -0.270488 0.375920 0.358220 0.006194 0.021840 0.066452 0.188057 -0.497022 -0.426176 0.044054 -0.324876 0.043955 0.151056 0.014195 0.047043 0.083176 0.125828 0.079250 0.006857 0.068452 0.254558 0.263335 0.252138 0.150629 -0.116673 0.211462 0.319985 -0.019856 -0.017831 -0.053080 0.199709 -0.292312 -0.175826 -0.224282 -0.153942 -0.092081 -0.104473 -0.164343 -0.138405 -0.259453 -0.102869 -0.079162 -0.171098 -0.398446 -0.161031 -0.115608 -0.135251 -0.126277 0.005486 -0.103600 -0.037581 -0.182203 -0.211077 -0.107249 -0.024263 -0.094231 -0.039616
0.200751 0.094192 -0.329382 -0.256372 -0.423652 -0.224876 -0.089344 -0.160820 -0.217547 -0.223237 0.290149 0.786643 0.387956 1.000000 0.188855 0.144813 0.287241 0.417260 0.204329 -0.256520 -0.136812 -0.018603 -0.032908 -0.259235 -0.191737 -0.171489 -0.283770 -0.000440 0.525573 0.419085 0.004455 0.162775 0.273936 0.093666 -0.033089 -0.220189 0.084622 0.017297 -0.028013 -0.022442 0.186724 0.000604 0.093601 0.218469 -0.030313 -0.033328 0.033214 -0.060423 0.088599 -0.000870 0.147074 0.220283 -0.105328 -0.046302 0.149724 0.125821 -0.032979 -0.251495 0.206081 -0.488087 0.178058 0.103927 0.260198 0.218755 0.078504 0.131906 -0.419091 -0.420445 -0.073233 -0.548666 -0.156657 0.047208 0.393835 0.213982 0.315194 0.283287 0.200765 0.129877 0.046643 0.231969 0.220176 0.385096 0.111026 0.068396 0.329485 0.449658 -0.218756 -0.004378 0.032259 0.043770 -0.456707 -0.435138 -0.347297 -0.380346 -0.126557 0.069016 0.063423 0.056172 -0.135677 -0.038167 -0.408029 -0.401945 -0.597280 -0.356272 -0.231112 -0.222965 -0.297980 -0.122910 -0.079867 -0.042844 -0.159885 -0.167769 -0.074021 -0.003489 -0.131403 -0.009930
0.021710 -0.149595 -0.227704 -0.081926 0.047969 0.102246 -0.050876 -0.179629 0.253755 0.017742 0.470257 0.186143 0.444935 0.188855 1.000000 0.264875 0.182192 -0.004873 -0.071856 -0.070309 0.094567 0.213600 0.409489 0.293465 0.305552 0.297770 0.189150 0.364220 0.172695 -0.103565 -0.065793 0.050418 -0.168059 -0.078457 0.159859 -0.013514 0.050221 -0.139551 0.053653 -0.082500 0.195612 -0.064430 -0.007854 -0.013364 -0.207759 -0.100493 -0.061924 -0.063008 -0.164286 -0.255958 -0.055499 -0.176601 -0.032032 0.023997 0.027744 -0.130432 0.023779 -0.154724 0.009698 -0.340371 0.131878 0.056243 -0.084181 -0.089662 0.183099 0.057258 -0.277863 -0.130486 0.092905 -0.046108 0.051151 0.056186 -0.096248 -0.004308 0.083664 0.044059 -0.006735 0.051682 0.159289 0.090379 0.157226 0.093561 0.429128 -0.118893 0.420292 0.223865 0.104219 -0.038390 0.343026 0.014505 -0.111355 -0.069308 -0.025843 0.023756 -0.180039 -0.161316 -0.098640 -0.228810 -0.226609 -0.124667 -0.055490 -0.075487 -0.252372 0.014215 -0.070641 -0.083755 -0.277896 -0.133515 -0.089797 0.023221 0.081990 -0.120259 -0.088165 0.086903 -0.141723 -0.135910
-0.067421 -0.219709 -0.132685 -0.059772 0.133856 0.282156 0.127316 0.153038 0.288343 0.454046 -0.001668 0.154570 -0.008821 0.144813 0.264875 1.000000 -0.019075 -0.087389 -0.211076 -0.111025 0.278410 0.237020 0.037218 0.243727 0.170536 0.382158 0.092026 0.083407 -0.162738 -0.013120 0.007722 -0.115509 -0.069184 -0.133617 0.063134 0.241082 -0.090349 0.050072 0.125985 0.138519 0.160675 0.026821 -0.092147 -0.040077 -0.031137 0.031084 -0.065197 -0.058347 -0.056570 -0.116035 -0.083091 -0.103865 -0.059678 0.027097 0.070061 0.146193 0.130472 -0.173276 0.017176 -0.217286 0.149948 0.128143 0.095594 -0.006301 0.292202 0.335049 -0.176373 0.007276 0.016360 0.021050 -0.039887 -0.033473 -0.069240 -0.165390 -0.096276 -0.067474 -0.216821 -0.184972 0.001182 0.120283 0.000873 -0.050129 -0.021755 0.126952 -0.006801 0.077965 -0.134396 -0.152623 0.039662 0.216148 -0.079422 -0.059303 0.028875 -0.147756 -0.213436 -0.121264 -0.081164 -0.107333 -0.078901 -0.072794 -0.154800 -0.132710 -0.206645 -0.138619 -0.141053 -0.022674 -0.153215 -0.187089 -0.116634 0.080513 0.072057 -0.228770 -0.227066 -0.219991 -0.151290 -0.078110
0.223736 0.090475 -0.294695 -0.288006 -0.341076 -0.127021 -0.147901 -0.329921 -0.168433 -0.050345 0.543055 0.228402 0.562408 0.287241 0.182192 -0.019075 1.000000 0.384932 0.131807 -0.112074 -0.213115 -0.106484 -0.192459 -0.319322 -0.226089 -0.261986 -0.164961 -0.035996 0.328604 0.108155 -0.249226 -0.092890 0.156051 -0.084807 -0.017069 -0.325839 0.084893 -0.154809 -0.151534 -0.159424 0.187959 -0.180633 0.107885 -0.047979 -0.212722 -0.370855 0.121956 -0.152062 0.193019 -0.113149 0.169178 0.164051 0.018103 0.198833 0.169690 0.014869 0.322039 0.172302 0.361812 -0.120237 0.364572 0.335964 0.196899 0.134032 0.014640 0.150826 -0.251377 -0.379693 0.246629 -0.255830 -0.124668 -0.006649 0.125181 -0.084231 0.002744 0.076244 0.065448 0.007631 0.343398 0.403062 0.538210 0.543861 0.359314 0.014400 0.187913 0.298581 -0.013902 0.035092 -0.020193 0.137221 -0.315794 -0.313697 -0.288191 -0.271516 -0.006795 0.005270 -0.079990 0.020328 -0.182050 -0.030782 -0.169890 -0.318381 -0.358396 -0.171682 -0.131674 -0.051463 -0.069522 -0.051247 -0.055465 0.024145 -0.147646 -0.197215 -0.074094 0.022839 -0.063213 0.058747
0.200579 0.111526 -0.321102 -0.439083 -0.219158 -0.190092 -0.085558 -0.192644 -0.114144 -0.033683 0.132452 0.364151 0.220787 0.417260 -0.004873 -0.087389 0.384932 1.000000 0.141007 -0.083140 -0.343436 -0.114837 -0.217931 -0.416934 -0.372165 -0.407003 -0.237903 -0.147004 0.426286 0.489745 -0.184125 -0.064662 0.361649 0.081997 -0.060329 -0.220263 0.134550 -0.012034 0.000229 0.015475 0.156973 -0.111361 0.077031 -0.008233 -0.060237 -0.186427 0.167443 -0.017655 0.152094 -0.003252 0.118648 0.153999 -0.055903 0.000884 0.090360 0.110837 0.331546 0.302329 0.315456 -0.271937 0.346851 0.222921 0.207440 0.350859 0.080608 0.115782 -0.256340 -0.427960 0.200492 -0.228924 -0.246266 0.031684 0.376225 0.138691 0.069188 0.218457 0.056627 -0.025624 0.405014 0.568171 0.317372 0.610817 -0.046539 0.116252 0.173575 0.190411 -0.209861 0.030232 0.055567 0.001168 -0.326338 -0.426299 -0.346848 -0.374200 -0.137291 -0.009524 0.069329 0.073662 0.026799 -0.028018 -0.282851 -0.361841 -0.435285 -0.231400 -0.268077 -0.192080 -0.244357 -0.059085 -0.079083 -0.047375 -0.069046 -0.006698 -0.005090 -0.021698 -0.132194 -0.003903
0.575781 0.351972 0.195422 -0.014772 -0.244269 -0.383541 -0.002148 -0.125715 -0.331761 -0.324300 0.212410 0.147929 -0.019982 0.204329 -0.071856 -0.211076 0.131807 0.141007 1.000000 0.396476 -0.316378 -0.027888 0.133601 -0.215238 -0.268847 -0.165344 -0.202259 -0.195112 0.357394 0.210140 0.011608 0.203235 0.409408 0.353832 0.082387 -0.170705 0.236287 0.189493 0.088915 0.011042 0.204656 0.185991 0.060146 0.057520 -0.257769 -0.308185 0.010833 -0.144325 -0.324362 -0.380660 -0.212410 -0.132896 -0.154644 -0.164680 -0.036707 -0.062475 0.269427 0.111869 -0.070093 -0.317630 -0.054309 -0.159032 0.226105 0.082616 -0.036457 -0.154673 -0.179961 -0.371841 0.191310 -0.169625 -0.105732 -0.066971 0.349840 0.203561 0.328473 0.214702 0.477359 0.376453 0.146413 -0.022805 0.038724 0.155769 0.236484 0.290167 0.019400 -0.047021 -0.158739 -0.119928 -0.023348 -0.265572 -0.183789 -0.101832 -0.028157 0.049600 0.006539 0.112794 0.103869 0.213988 0.027814 0.306481 -0.040136 0.056756 -0.175268 -0.078385 0.006792 -0.098963 -0.108213 0.086688 0.039265 -0.131597 -0.009923 0.324798 0.379069 0.377202 0.149893 0.074933
0.214676 0.324092 0.317160 0.073785 0.133174 -0.025302 0.089185 0.086846 0.029234 -0.039100 0.079385 -0.176447 -0.189875 -0.256520 -0.070309 -0.111025 -0.112074 -0.083140 0.396476 1.000000 0.049300 0.205659 -0.031072 0.032548 -0.153789 -0.092315 -0.002432 -0.207729 0.062293 0.156426 0.136861 0.285409 0.254381 0.494138 0.236179 0.099815 0.155993 0.344416 0.401554 0.312706 0.110251 0.483982 -0.124431 -0.096662 -0.204139 -0.174248 -0.045484 -0.097704 -0.310049 -0.340960 -0.419270 -0.315891 -0.258728 -0.255109 -0.290708 -0.180031 0.048295 0.165613 -0.222135 -0.075263 -0.135146 -0.236422 -0.067305 -0.137969 -0.045579 -0.130603 0.073201 0.055984 0.042201 0.558668 0.245232 0.198407 0.182461 0.246189 0.211182 0.160699 0.380346 0.412657 0.014419 -0.179574 -0.124901 -0.034807 0.320813 0.589723 -0.365125 -0.366382 -0.060442 -0.194586 -0.095969 -0.223593 -0.017762 0.034512 0.120220 0.158161 -0.185700 -0.053869 0.006878 0.053359 -0.075869 -0.002730 0.032410 0.159683 0.157737 0.041667 -0.010743 -0.019848 -0.131631 -0.033555 0.082130 0.000037 0.123270 0.256892 0.254382 0.096653 0.032243 -0.092935
-0.430992 -0.136502 0.109382 0.340783 0.184176 0.330323 0.075833 0.243410 0.247098 0.158730 -0.070494 -0.077445 -0.109760 -0.136812 0.094567 0.278410 -0.213115 -0.343436 -0.316378 0.049300 1.000000 0.646734 0.220458 0.492794 0.444544 0.416014 0.215929 0.196348 0.065875 0.157577 0.600768 0.450999 -0.186073 0.158347 0.135135 0.245812 0.099313 0.202207 0.405767 0.383843 0.058360 0.300555 -0.155522 0.021156 0.080843 0.332619 -0.181002 0.074047 -0.295435 -0.014971 -0.231090 -0.317964 -0.248983 -0.155450 -0.231401 -0.081653 -0.338603 -0.183101 -0.465989 -0.054484 -0.313286 -0.372303 -0.235105 -0.258215 -0.011000 -0.241325 0.087509 0.353690 -0.315066 0.235695 0.346917 0.300988 0.176111 0.175318 0.100173 0.115058 -0.045131 -0.015637 -0.169856 -0.078839 -0.020578 -0.203015 0.092832 0.108412 -0.107929 -0.166056 0.157925 0.075913 -0.094974 -0.139099 -0.030004 0.045403 0.160323 0.115622 -0.031311 0.002711 -0.039919 -0.022778 -0.105003 -0.228834 -0.032685 0.018624 0.153236 -0.053171 -0.069996 -0.015229 -0.131438 -0.175592 0.125409 -0.029804 0.142487 -0.232592 -0.196856 -0.133387 -0.041111 -0.153314
-0.131370 -0.107951 0.152041 0.167198 0.134632 0.104444 0.133250 0.215250 0.128295 -0.045205 0.250569 0.082689 -0.062667 -0.018603 0.213600 0.237020 -0.106484 -0.114837 -0.027888 0.205659 0.646734 1.000000 0.266370 0.411615 0.308989 0.405481 0.167280 0.114062 0.257611 0.232683 0.569712 0.603497 -0.048910 0.401753 0.164383 0.275500 0.096134 0.242068 0.356773 0.269938 0.207963 0.447945 0.089312 0.255957 0.215182 0.394726 -0.008691 0.165843 -0.325460 -0.042058 -0.361211 -0.360522 -0.405972 -0.274179 -0.419615 -0.150070 -0.143742 -0.249741 -0.336649 -0.234922 -0.276037 -0.431524 -0.160734 -0.227831 0.042867 -0.203971 0.042379 0.159883 -0.306876 0.154473 0.337722 0.449914 0.274857 0.288491 0.211540 0.294867 0.181501 0.234201 -0.112615 -0.100139 -0.124110 -0.068633 0.210685 0.205420 -0.186318 -0.228964 -0.094775 -0.183308 -0.215441 -0.363776 -0.277093 -0.165862 0.009312 -0.026615 -0.164340 -0.057926 0.035488 0.050962 -0.166553 -0.249010 -0.134944 -0.154525 0.001282 -0.085873 -0.118025 -0.065779 -0.199270 -0.166865 0.002189 -0.011663 0.296218 -0.080186 -0.132905 -0.084851 -0.086213 -0.151982
-0.030825 -0.308984 0.196654 0.490718 0.136764 0.267067 -0.026921 -0.169200 0.024666 -0.239812 0.116637 -0.072333 0.020067 -0.032908 0.409489 0.037218 -0.192459 -0.217931 0.133601 -0.031072 0.220458 0.266370 1.000000 0.621474 0.640256 0.525543 0.375053 0.560343 0.110855 -0.150733 0.237425 0.340403 -0.337173 -0.055073 0.210451 0.016229 0.063563 0.055030 0.221049 0.081328 0.047690 0.101996 -0.011094 0.076799 -0.093564 0.113396 -0.181010 0.132988 -0.336871 -0.189250 -0.233436 -0.341445 -0.161110 -0.250622 -0.098100 -0.009496 -0.016508 -0.179462 -0.302977 -0.092832 -0.374403 -0.465227 -0.103304 -0.207719 -0.118483 -0.490415 0.076147 0.283327 -0.187179 -0.037159 0.017135 -0.082198 0.021977 -0.010378 0.131721 -0.003998 -0.044610 -0.085561 -0.022909 -0.081958 -0.059927 -0.078794 0.236639 0.044648 0.295331 0.027083 0.394395 0.179478 0.130441 -0.261216 0.056034 0.097811 0.090088 0.217064 0.123171 0.054100 0.198615 0.045686 0.007719 0.014848 -0.087101 0.122171 -0.002565 -0.032626 -0.033697 -0.065876 -0.021162 -0.150141 0.168552 -0.009601 0.277887 -0.006620 -0.039421 0.223979 -0.004154 -0.153820
-0.240603 -0.468865 0.270094 0.522767 0.364422 0.533245 0.193448 0.276934 0.363878 0.253575 0.029302 -0.154570 -0.100519 -0.259235 0.293465 0.243727 -0.319322 -0.416934 -0.215238 0.032548 0.492794 0.411615 0.621474 1.000000 0.664544 0.742756 0.420320 0.511374 -0.219326 -0.293728 0.301452 0.323422 -0.527169 0.022659 0.339786 0.434283 0.000518 0.084189 0.280752 0.229658 -0.128931 0.165303 -0.285602 -0.135251 -0.117851 0.202033 -0.441294 0.037623 -0.427626 -0.306156 -0.484544 -0.619998 -0.289882 -0.460880 -0.320631 -0.348298 -0.220852 -0.405249 -0.450467 -0.017789 -0.362971 -0.397385 -0.308916 -0.444692 0.054078 -0.283977 0.200071 0.516438 -0.295933 0.196208 0.230665 0.121120 -0.151482 0.056968 0.109516 0.068186 -0.030627 -0.007367 -0.221222 -0.309719 -0.342870 -0.377590 0.027833 -0.007866 -0.053261 -0.218844 0.301422 0.145067 -0.007710 -0.293626 0.265595 0.408431 0.517695 0.514561 0.185759 0.172971 0.059282 0.092020 -0.178211 -0.172920 0.219268 0.365315 0.307315 0.245672 0.206535 0.195994 0.067698 -0.139386 0.154562 0.187975 0.410956 0.003974 -0.033203 0.132016 0.196701 -0.064903
-0.416528 -0.348577 -0.037219 0.401491 0.317634 0.491715 -0.169982 -0.175189 0.158975 0.022483 -0.071721 -0.227257 -0.089578 -0.191737 0.305552 0.170536 -0.226089 -0.372165 -0.268847 -0.153789 0.444544 0.308989 0.640256 0.664544 1.000000 0.767405 0.624835 0.727166 -0.080799 -0.336234 0.146688 0.160393 -0.526685 -0.285256 0.215495 0.123001 -0.063077 -0.002686 0.159682 0.228462 -0.130811 0.030819 -0.129617 -0.067969 -0.048800 0.186451 -0.148331 0.168249 -0.138481 -0.021972 -0.061980 -0.226831 0.001926 -0.036592 -0.039294 -0.022697 -0.102192 -0.109484 -0.221186 0.196205 -0.340482 -0.298327 -0.159840 -0.191984 -0.174524 -0.426021 0.174314 0.538022 -0.104385 0.248499 0.068108 -0.095161 -0.209301 -0.172466 -0.165003 -0.135664 -0.312477 -0.331063 -0.037889 -0.014523 -0.035075 -0.099593 0.188870 0.056960 0.160420 0.050084 0.519603 0.427074 0.188452 -0.056797 0.304959 0.227777 0.171230 0.229692 0.078780 -0.128903 -0.030021 -0.141174 0.021593 -0.199637 0.051046 0.145348 0.277404 0.115678 0.085638 -0.013049 0.123579 -0.191088 0.006167 -0.013463 0.213515 -0.325696 -0.316801 -0.096910 -0.206984 -0.226537
-0.232764 -0.276500 0.069805 0.375862 0.265101 0.438654 -0.034750 0.049721 0.170572 0.151883 -0.074770 -0.157078 -0.198469 -0.171489 0.297770 0.382158 -0.261986 -0.407003 -0.165344 -0.092315 0.416014 0.405481 0.525543 0.742756 0.767405 1.000000 0.471777 0.597156 -0.182177 -0.328876 0.211579 0.242852 -0.390879 -0.069561 0.314029 0.396070 0.034947 0.067154 0.265106 0.235133 0.058146 0.184699 -0.167158 -0.093015 -0.061219 0.184855 -0.273716 0.055656 -0.354048 -0.170281 -0.275264 -0.371741 -0.141721 -0.180798 -0.143672 -0.081380 -0.141398 -0.232462 -0.253308 -0.035922 -0.268840 -0.263712 -0.210500 -0.295083 0.057833 -0.226126 0.040636 0.371080 -0.132791 0.160188 0.123890 0.018186 -0.201741 -0.041811 -0.008265 0.009325 -0.163160 -0.103064 -0.197487 -0.196262 -0.184988 -0.292925 0.119007 -0.037018 -0.006322 -0.093956 0.323638 0.125338 0.106612 -0.138405 0.205046 0.257422 0.368831 0.297317 0.057542 -0.035551 -0.071718 -0.031816 -0.059188 -0.083494 0.056999 0.140988 0.186517 0.086329 0.100031 0.090202 0.031519 -0.172132 -0.110782 0.102822 0.265901 -0.129261 -0.109220 0.058786 -0.064520 -0.156802
-0.339580 -0.124377 0.054679 0.368077 0.562964 0.548526 -0.105675 -0.032759 0.162821 0.116468 -0.099583 -0.249647 -0.101691 -0.283770 0.189150 0.092026 -0.164961 -0.237903 -0.202259 -0.002432 0.215929 0.167280 0.375053 0.420320 0.624835 0.471777 1.000000 0.551273 -0.125104 -0.426465 0.021459 -0.022921 -0.362391 -0.195879 0.127782 0.082576 -0.096037 -0.125405 0.111758 0.183798 -0.203559 -0.049642 -0.176610 -0.164326 -0.066693 0.105511 -0.066525 0.027269 -0.037012 -0.023086 -0.002526 -0.104873 -0.028274 -0.036510 -0.055585 -0.131864 0.002546 0.121518 -0.062754 0.340283 -0.192889 -0.142476 -0.081035 -0.043840 -0.132323 -0.164451 0.285732 0.447373 -0.059036 0.321541 -0.057853 -0.182687 -0.300617 -0.327449 -0.305573 -0.298819 -0.351754 -0.309499 0.175857 0.032990 0.030779 -0.012067 0.226240 0.200702 0.033540 -0.024471 0.257667 0.232529 0.256376 -0.003949 0.168653 0.063991 0.044444 0.094450 0.060352 -0.206795 -0.074444 -0.222912 -0.045851 -0.364362 0.089996 0.068184 0.248676 0.098490 0.067277 -0.003477 0.142202 0.003189 -0.020085 -0.069036 0.131984 -0.357034 -0.410864 -0.172298 -0.261847 -0.198859
-0.209125 -0.204304 -0.291899 0.278582 0.123688 0.526141 -0.393628 -0.419535 -0.070159 -0.166604 -0.052878 -0.057221 0.007427 -0.000440 0.364220 0.083407 -0.035996 -0.147004 -0.195112 -0.207729 0.196348 0.114062 0.560343 0.511374 0.727166 0.597156 0.551273 1.000000 0.008435 -0.392264 -0.184509 -0.017879 -0.431568 -0.347400 0.326885 -0.021875 -0.056793 -0.071536 0.152568 0.262068 -0.145666 -0.097352 -0.197844 -0.073224 -0.199085 0.013516 -0.132005 0.094993 -0.073515 -0.037571 -0.090605 -0.132361 0.046856 -0.041325 0.194955 0.081987 0.093667 -0.024439 0.157283 0.257392 -0.090803 -0.068226 -0.062672 0.076684 -0.136974 -0.294460 0.131382 0.407690 -0.026232 0.088271 -0.267244 -0.303160 -0.264123 -0.316121 -0.201302 -0.254345 -0.371968 -0.396323 0.261346 0.091654 0.117997 0.170060 0.245750 0.032756 0.420080 0.361794 0.566566 0.590875 0.431271 0.134151 0.162575 0.005521 -0.035190 0.031958 0.082952 -0.138544 0.045232 -0.074922 -0.020971 -0.162435 -0.093561 -0.091279 0.069640 -0.050824 -0.067584 -0.176054 0.005230 -0.185340 -0.006722 0.037038 0.211519 -0.381500 -0.338637 -0.078046 -0.227331 -0.193585
0.171143 0.061768 -0.190063 -0.120938 -0.289978 -0.239852 -0.115763 -0.269916 -0.189787 -0.301816 0.350141 0.427552 0.294027 0.525573 0.172695 -0.162738 0.328604 0.426286 0.357394 0.062293 0.065875 0.257611 0.110855 -0.219326 -0.080799 -0.182177 -0.125104 0.008435 1.000000 0.567145 0.261816 0.467446 0.399301 0.417517 0.142961 -0.180597 0.335891 0.143967 0.213398 0.145839 0.447881 0.136638 0.102935 0.110357 0.041830 0.013747 0.114904 -0.036339 -0.143671 -0.076481 -0.090715 -0.048720 -0.305670 -0.171365 -0.032503 0.020919 0.079849 -0.027710 -0.097020 -0.293817 -0.064104 -0.276662 0.211819 0.083356 -0.100874 -0.279261 -0.145112 -0.209304 0.068999 -0.231897 -0.078815 0.133861 0.702238 0.329381 0.381725 0.380582 0.390452 0.187024 0.274387 0.366666 0.361161 0.520222 0.319650 0.308294 0.174464 0.092204 -0.026865 0.095538 -0.009865 -0.266782 -0.531528 -0.489372 -0.352713 -0.296015 -0.044720 0.020364 0.124034 0.121955 -0.092598 -0.041597 -0.355660 -0.279260 -0.361775 -0.244971 -0.203502 -0.262455 -0.344672 -0.087454 0.059551 -0.125089 -0.047253 -0.063624 0.021798 0.053048 -0.156296 -0.149241
0.060540 0.107142 -0.032853 -0.149725 -0.298266 -0.324682 0.092738 0.051043 -0.053332 -0.069401 0.133454 0.331244 0.140880 0.419085 -0.103565 -0.013120 0.108155 0.489745 0.210140 0.156426 0.157577 0.232683 -0.150733 -0.293728 -0.336234 -0.328876 -0.426465 -0.392264 0.567145 1.000000 0.426197 0.464002 0.461424 0.475250 -0.066397 -0.098791 0.440513 0.367733 0.259200 0.105737 0.439710 0.344992 0.148559 0.150206 0.094212 -0.013408 0.078450 -0.003170 -0.057452 -0.026557 -0.027210 0.024965 -0.262345 -0.118681 -0.134222 0.084902 -0.132850 -0.045068 -0.239453 -0.469212 -0.120040 -0.216844 0.003042 -0.104159 -0.094303 -0.146355 -0.306310 -0.359012 -0.072361 -0.201377 0.184003 0.425473 0.803406 0.630030 0.518848 0.572058 0.459134 0.338055 -0.052736 0.292948 0.120312 0.269455 0.005178 0.245338 -0.070334 -0.087143 -0.278785 -0.229172 -0.280896 -0.273186 -0.398680 -0.287282 -0.148868 -0.204095 -0.032723 0.170113 0.140809 0.262578 0.034351 0.103194 -0.260946 -0.178870 -0.281306 -0.260393 -0.227140 -0.145053 -0.272943 -0.010354 0.096447 -0.012056 -0.083953 0.168100 0.221051 0.038955 0.024108 -0.012014
-0.254061 -0.112973 0.366560 0.402247 0.127145 0.045997 0.296424 0.428080 0.176886 0.029288 0.009670 0.021189 -0.049096 0.004455 -0.065793 0.007722 -0.249226 -0.184125 0.011608 0.136861 0.600768 0.569712 0.237425 0.301452 0.146688 0.211579 0.021459 -0.184509 0.261816 0.426197 1.000000 0.824393 0.038293 0.495412 -0.020418 0.214111 0.205306 0.169431 0.270664 0.135635 0.154501 0.404455 0.152106 0.227649 0.298354 0.403554 -0.075362 0.088693 -0.297500 -0.003286 -0.199050 -0.249261 -0.375729 -0.262881 -0.543215 -0.239831 -0.414320 -0.220992 -0.637945 -0.236338 -0.465944 -0.539630 -0.263863 -0.399977 -0.145361 -0.353116 0.035134 0.112057 -0.403707 0.005080 0.375605 0.497760 0.466542 0.473758 0.388542 0.350971 0.295601 0.259188 -0.307530 -0.154491 -0.126121 -0.267845 -0.042148 0.121895 -0.334844 -0.454488 -0.156697 -0.343151 -0.438512 -0.493819 -0.190891 -0.035375 0.112514 0.088025 0.012857 0.150700 0.008341 0.070871 -0.082427 -0.122472 -0.120905 0.082271 0.020342 -0.040117 0.006243 0.124112 -0.101743 -0.097368 0.134216 -0.080148 0.152870 0.097064 0.070345 0.089098 0.099335 -0.088959
-0.016349 -0.038637 0.306645 0.339770 -0.017931 -0.018365 0.164266 0.208397 0.024024 -0.146388 0.206258 0.115318 0.040394 0.162775 0.050418 -0.115509 -0.092890 -0.064662 0.203235 0.285409 0.450999 0.603497 0.340403 0.323422 0.160393 0.242852 -0.022921 -0.017879 0.467446 0.464002 0.824393 1.000000 0.188391 0.622547 0.157161 0.148438 0.297595 0.249929 0.378451 0.200839 0.269722 0.539854 0.177516 0.242724 0.105164 0.230711 -0.092937 0.044560 -0.408030 -0.175808 -0.337362 -0.352540 -0.464017 -0.358166 -0.524862 -0.262222 -0.296798 -0.231798 -0.537508 -0.351813 -0.428973 -0.575251 -0.219590 -0.401404 -0.163998 -0.468602 -0.009098 0.021428 -0.333397 -0.011925 0.332088 0.520591 0.567254 0.603010 0.538639 0.525714 0.479830 0.449939 -0.259872 -0.147635 -0.104865 -0.091896 0.201406 0.249228 -0.204857 -0.338099 -0.040766 -0.220144 -0.375856 -0.565868 -0.277945 -0.172095 0.090903 0.067191 -0.040504 0.172539 0.029293 0.086772 -0.198653 -0.110850 -0.208361 0.019969 -0.078060 -0.099237 -0.018272 0.018367 -0.241349 -0.162481 0.099946 -0.070688 0.168113 0.182773 0.140483 0.203754 0.110382 -0.114026
0.252645 0.416142 -0.042563 -0.260361 -0.343512 -0.444606 0.047444 -0.006373 -0.260376 -0.167212 0.065507 0.222346 0.009615 0.273936 -0.168059 -0.069184 0.156051 0.361649 0.409408 0.254381 -0.186073 -0.048910 -0.337173 -0.527169 -0.526685 -0.390879 -0.362391 -0.431568 0.399301 0.461424 0.038293 0.188391 1.000000 0.552989 -0.050772 -0.128632 0.214986 0.112623 0.098174 0.053433 0.290929 0.159712 0.235016 0.136487 0.067829 -0.098462 0.245115 -0.098088 0.021812 -0.102763 0.109051 0.139409 -0.171052 0.042607 -0.008547 0.136736 0.017505 0.131841 0.020302 -0.304396 0.066357 -0.047243 -0.053295 0.034885 0.076814 0.114387 -0.130902 -0.419052 0.246490 -0.081662 -0.171007 0.099170 0.428417 0.239207 0.285065 0.269441 0.373201 0.326390 0.089205 0.160332 0.284163 0.242446 0.103078 0.216063 -0.060145 -0.037723 -0.362325 -0.277358 -0.136910 -0.057035 -0.370387 -0.445629 -0.268944 -0.344530 -0.274073 -0.075432 0.010891 0.030280 0.043180 0.096048 -0.309814 -0.215206 -0.323861 -0.226382 -0.078425 -0.202297 -0.343411 -0.015973 -0.136592 -0.146247 -0.180607 0.186611 0.203356 0.211664 -0.098663 -0.059925
0.165233 0.257803 0.291184 0.092311 -0.071063 -0.271499 0.228429 0.348487 -0.052761 -0.100288 0.209895 0.211351 -0.157507 0.093666 -0.078457 -0.133617 -0.084807 0.081997 0.353832 0.494138 0.158347 0.401753 -0.055073 0.022659 -0.285256 -0.069561 -0.195879 -0.347400 0.417517 0.475250 0.495412 0.622547 0.552989 1.000000 0.280253 0.363960 0.351747 0.327124 0.343075 0.185780 0.274833 0.511845 0.120050 0.165584 0.160488 0.226006 -0.046867 -0.078816 -0.432134 -0.297880 -0.397446 -0.381243 -0.558189 -0.417967 -0.444403 -0.257057 -0.217199 -0.139971 -0.462083 -0.357565 -0.285875 -0.467064 -0.111294 -0.257465 0.108216 -0.169244 0.055872 -0.049953 -0.160158 0.064831 0.167471 0.363481 0.558746 0.526282 0.480158 0.489708 0.594686 0.580814 -0.079881 -0.061431 -0.061739 0.006376 0.177191 0.333110 -0.271343 -0.423403 -0.328423 -0.401923 -0.277245 -0.531902 -0.377460 -0.228992 0.088756 -0.005442 -0.126873 0.143453 0.140711 0.229194 -0.173646 -0.084344 -0.103688 -0.022710 -0.098541 -0.103694 -0.025326 -0.065142 -0.245100 -0.132998 0.076993 0.008164 0.139802 0.315767 0.281306 0.293286 0.094910 -0.012538
0.104852 -0.032033 0.067764 -0.059179 0.100747 0.088548 -0.045348 -0.122977 0.071396 -0.061530 0.155597 0.044243 -0.112449 -0.033089 0.159859 0.063134 -0.017069 -0.060329 0.082387 0.236179 0.135135 0.164383 0.210451 0.339786 0.215495 0.314029 0.127782 0.326885 0.142961 -0.066397 -0.020418 0.157161 -0.050772 0.280253 1.000000 0.556555 0.186698 0.349467 0.497339 0.451287 0.124567 0.284197 -0.252990 -0.142515 -0.066608 0.082768 -0.225920 -0.187667 -0.454435 -0.361227 -0.527749 -0.509122 -0.431241 -0.397979 -0.101112 -0.082911 0.048979 -0.095733 -0.099123 -0.065011 0.039993 -0.222799 0.124117 0.057798 0.256701 -0.132645 0.196035 0.341779 -0.184292 0.175281 -0.085799 0.022269 0.104528 0.070374 0.062543 0.126312 0.112285 0.099358 0.050777 -0.052393 -0.111773 0.111436 0.278484 0.358367 0.070430 -0.065359 0.222234 0.124902 0.214594 -0.140141 -0.074399 -0.017281 0.170211 0.156582 -0.162485 -0.031387 0.096527 0.098768 -0.115973 -0.116915 0.031728 0.034396 0.081263 -0.073171 -0.073669 -0.086504 -0.138289 -0.315852 0.031693 -0.042028 0.318208 -0.035779 0.016881 0.153250 -0.035601 -0.109533
-0.037324 -0.187601 0.271303 0.099045 0.305008 0.113504 0.327026 0.425061 0.291053 0.314494 -0.015288 -0.026983 -0.265948 -0.220189 -0.013514 0.241082 -0.325839 -0.220263 -0.170705 0.099815 0.245812 0.275500 0.016229 0.434283 0.123001 0.396070 0.082576 -0.021875 -0.180597 -0.098791 0.214111 0.148438 -0.128632 0.363960 0.556555 1.000000 0.005739 0.218845 0.258668 0.193720 -0.063575 0.190900 -0.191880 -0.113378 0.209183 0.352506 -0.323003 -0.086917 -0.400044 -0.275422 -0.395954 -0.478846 -0.404161 -0.406548 -0.352927 -0.318427 -0.218621 -0.366819 -0.353913 -0.096373 -0.069609 -0.248272 -0.139468 -0.222442 0.368891 0.122549 0.165816 0.414967 -0.300843 0.146115 0.139174 0.176821 -0.027630 0.139058 0.006491 0.098040 0.061300 0.174153 -0.256587 -0.297009 -0.349140 -0.333032 -0.116813 0.099274 -0.311378 -0.382208 -0.086289 -0.210375 -0.096411 -0.219088 0.096725 0.214264 0.410117 0.275569 -0.000819 0.162313 0.006123 0.100070 -0.138319 -0.188288 0.257545 0.175401 0.236490 0.136108 0.084442 0.151629 0.052666 -0.158427 0.166140 0.203918 0.406553 0.064928 0.058920 0.073786 0.041115 0.015921
