1.000000 0.469171 0.166208 -0.145832 0.216536 0.023542 -0.201840 -0.142927 0.298974 0.359582 0.353120 0.144112 0.405423 0.047612 0.471699 0.210825 -0.052660 -0.313006 0.226887 0.281252 0.038675 -0.131382 -0.038907 -0.045964 0.090264 0.040181 0.022558 0.048750 0.238242 0.119205 -0.235107 -0.180061 -0.046987 -0.091836 -0.265957 -0.264322 0.001774 -0.008688 -0.215892 0.044468 -0.041418 -0.088212 0.156485 0.145787 0.181080 -0.034086 0.184017 0.087994 0.065250 0.074133 -0.215508 -0.126408 -0.131194 0.067745 -0.120162 0.068018 0.170507 -0.132628 0.097679 -0.216395 0.212719 0.167372 0.045168 0.020801 -0.004481 -0.207738 -0.353353 -0.375813 0.011665 -0.063636 -0.149222 -0.219812 -0.018314 -0.001405 0.003816 0.073436 0.077247 -0.109930 -0.095823 -0.267808 -0.019093 0.002954 0.223991 0.018818 -0.009778 -0.289933 0.036563 -0.140848 -0.202470 0.006979 0.116172 0.402134 -0.049899 0.109625 -0.120685 -0.132996 0.084684 -0.083611 -0.042059 0.235766 0.064458 -0.044414 0.155231 -0.052136 -0.060052 -0.201231 -0.115948 0.004815 -0.185454 0.142763 -0.100570 0.274424 0.233110 0.213981 -0.141874 0.158795
0.469171 1.000000 -0.158459 -0.133767 -0.091055 -0.202261 -0.269576 -0.187805 -0.101819 0.140809 0.223267 0.256050 0.155921 0.261577 0.142901 0.161399 -0.054751 -0.157847 -0.016016 0.194202 -0.177612 -0.135114 -0.273855 -0.158950 0.018864 -0.258169 -0.091282 -0.176748 0.222008 0.288867 -0.284952 -0.332762 -0.014562 0.075319 -0.431913 -0.263323 -0.102566 -0.044322 -0.276818 -0.109568 -0.063754 -0.092291 0.139704 0.071739 0.127530 -0.023883 0.279540 0.176299 0.191390 0.225578 0.096676 0.201931 0.230259 0.305196 -0.075982 0.179830 0.336118 0.142793 0.118922 0.119538 0.048963 0.348971 0.212317 0.230233 -0.366179 -0.291208 -0.258089 -0.381292 0.045789 0.168901 0.104054 -0.006566 0.007005 0.110846 0.010668 0.012705 0.120746 -0.034032 -0.019662 -0.058903 0.176921 0.183406 -0.008947 -0.014285 -0.202864 -0.250765 -0.262688 -0.301896 -0.380567 -0.020132 0.317011 0.118916 0.043837 -0.069153 -0.141187 -0.025189 -0.040708 -0.097126 0.295752 0.393392 0.084530 -0.092344 0.046003 0.090511 -0.005589 -0.122641 -0.075703 0.141157 -0.189720 0.057880 -0.243073 0.204375 0.026992 0.226870 -0.113157 0.079091
0.166208 -0.158459 1.000000 0.210112 0.319823 0.276247 0.558611 0.015494 0.498181 -0.082897 0.183134 -0.335093 0.559785 -0.281854 0.258762 -0.135174 -0.381857 -0.398382 0.387504 -0.041377 0.200215 0.301944 0.326801 0.029828 0.169438 0.279420 0.282207 0.351080 -0.177704 -0.445767 0.153004 0.133174 -0.059777 -0.063264 -0.092533 -0.218844 -0.154063 0.001695 0.267069 0.060496 -0.114213 -0.061425 -0.225677 -0.153162 -0.177989 -0.157725 -0.053568 -0.058646 -0.024710 -0.131839 -0.016586 -0.331587 -0.266357 -0.192977 0.302996 -0.117535 -0.301104 -0.298686 0.208183 -0.131218 0.415230 -0.260137 -0.215202 -0.373433 0.449445 0.027558 0.161244 0.109766 -0.120529 -0.025966 0.155491 0.095921 -0.111849 0.167954 -0.031890 0.174773 0.205520 0.095669 -0.333817 -0.219698 -0.456218 -0.311593 0.019034 -0.378053 -0.050335 -0.352962 0.282435 -0.099470 0.379821 -0.053585 0.003083 0.274690 -0.190717 0.039216 0.015906 -0.362377 0.325223 -0.142318 -0.279641 -0.280487 -0.009040 0.078925 -0.104741 0.035517 0.120944 -0.104076 0.310697 -0.108931 0.042757 -0.184906 0.273749 -0.018538 0.211082 0.152151 0.124225 -0.035273
-0.145832 -0.133767 0.210112 1.000000 0.117893 0.500503 0.038488 0.328484 0.207789 0.099883 -0.059200 0.274664 -0.074828 0.100544 0.059181 0.080562 -0.351476 -0.281550 0.182773 0.148194 0.041275 0.346942 0.379186 0.495723 0.213351 0.571382 0.180347 0.347048 -0.274596 -0.278876 0.289130 0.489177 -0.277455 0.147583 0.157328 0.304724 -0.384454 0.002713 0.097792 0.169659 -0.106260 -0.094804 -0.505023 -0.353473 -0.506269 -0.302384 -0.384781 -0.270881 -0.559970 -0.453397 -0.498338 -0.489941 -0.616844 -0.399550 -0.192098 -0.239070 -0.308462 -0.075076 -0.222070 -0.114782 -0.003602 -0.140136 -0.453652 -0.482295 0.409802 0.380426 -0.050194 0.328625 -0.138729 0.389736 0.143920 0.318954 -0.312992 0.186394 0.063106 0.231355 0.214212 0.106111 -0.344161 -0.250203 -0.402252 -0.492562 0.001458 -0.078124 0.137219 0.019927 0.246617 0.230155 0.331746 0.197942 0.079543 0.107356 0.515799 0.252934 0.174703 0.007277 -0.029005 -0.212701 -0.288750 -0.368679 0.093077 -0.333759 0.351656 0.365551 0.050406 0.036314 0.095492 -0.311107 -0.018894 -0.257579 0.274858 0.061442 0.191138 0.149529 -0.053936 -0.180240
0.216536 -0.091055 0.319823 0.117893 1.000000 0.228601 0.241931 0.251638 0.473278 0.308523 0.436982 0.198606 0.258772 0.020937 0.472650 0.446955 -0.235443 -0.297347 0.287643 -0.030101 0.174082 0.098920 0.256808 0.316223 -0.133208 0.060786 0.475864 0.121476 -0.166394 -0.402300 -0.053585 0.122228 -0.293920 -0.220936 0.001707 -0.012275 -0.269421 -0.081775 -0.079906 -0.063678 -0.071919 0.078685 0.003973 0.115627 -0.056490 -0.135647 -0.024969 -0.043407 0.018347 0.057905 -0.313387 -0.218472 -0.235450 -0.116086 -0.005870 -0.170275 -0.352903 -0.381572 0.131363 -0.197781 0.168049 0.054799 -0.267592 -0.273646 0.446975 0.179497 -0.219374 -0.152628 -0.285886 -0.043181 0.039578 -0.123963 -0.395504 -0.032650 -0.116691 -0.063002 -0.152883 -0.149647 -0.386235 -0.379841 -0.381585 -0.379100 0.366928 0.187896 0.099932 -0.161454 0.238926 0.029728 0.351941 0.272067 0.192919 0.438224 0.284176 0.170770 0.202181 -0.348666 -0.113950 -0.197253 -0.153326 -0.212120 0.095497 0.111019 0.115318 0.037471 0.054253 -0.201979 0.167159 -0.051250 0.004664 -0.196839 -0.230420 -0.023102 0.218663 -0.086918 0.042533 0.225375
0.023542 -0.202261 0.276247 0.500503 0.228601 1.000000 -0.097986 0.293029 0.127340 0.248153 0.058073 -0.066856 -0.061660 -0.295268 -0.087194 -0.068342 -0.201118 -0.197911 -0.110329 -0.257065 0.139636 0.174609 0.020179 0.047088 0.324896 0.514717 0.230799 0.302466 -0.382364 -0.235844 -0.035391 0.238976 -0.228864 0.024019 0.269563 0.211235 -0.157377 0.066821 0.202066 0.136799 -0.037191 -0.129832 -0.165987 0.050781 -0.193493 0.027553 -0.046517 -0.070664 -0.347724 -0.346940 -0.276297 -0.318866 -0.590442 -0.384528 -0.155036 -0.144456 -0.249784 -0.148293 0.144901 0.128074 0.305870 0.098602 -0.330931 -0.224066 0.254018 0.461372 0.207188 0.440178 -0.325107 0.205863 0.129438 0.188574 -0.236870 0.139861 -0.016140 0.105873 0.011015 0.058438 -0.148802 -0.140738 -0.213957 -0.328847 -0.239610 -0.399597 -0.173538 -0.177547 0.029787 0.022568 0.158367 0.219297 -0.353598 -0.101355 0.202542 -0.074874 0.071530 0.093151 0.281335 -0.049554 -0.388721 -0.365566 0.053190 -0.307416 0.251108 0.268462 -0.195529 -0.109566 0.010110 -0.264631 0.024915 -0.136176 0.278712 0.031099 -0.005679 0.129367 -0.266496 -0.339024
-0.201840 -0.269576 0.558611 0.038488 0.241931 -0.097986 1.000000 0.090081 0.206781 -0.264232 0.094813 -0.343491 0.252920 -0.221506 0.002082 -0.179329 -0.061374 -0.038449 0.134843 -0.107446 -0.099873 0.273353 0.178388 -0.046510 -0.071188 -0.007862 0.106214 0.131961 0.059287 -0.233080 0.101115 0.033574 0.032997 0.068999 -0.158725 0.000461 -0.102227 -0.171814 0.168651 -0.345289 -0.135568 -0.188134 -0.154010 -0.189683 -0.067189 -0.119777 -0.063728 -0.095525 0.092034 0.026121 0.119300 -0.113775 0.015187 -0.148598 0.139437 -0.312864 -0.068239 -0.092364 0.037090 -0.069544 0.277031 -0.225573 0.086399 -0.008804 0.425990 0.072762 0.107313 0.071239 -0.198111 -0.139347 -0.040437 -0.109137 0.109673 -0.030092 -0.098939 -0.024218 0.001034 0.117561 -0.276535 -0.096160 -0.287319 -0.102376 0.083576 0.031435 0.104805 -0.008855 0.080457 -0.149059 0.300278 -0.167329 0.089812 0.113273 -0.256677 0.012324 0.103226 -0.383292 -0.063276 -0.034288 -0.034608 -0.401606 0.130372 0.249814 -0.290402 -0.115689 0.145551 -0.078197 0.253551 0.040771 0.255520 -0.194472 0.029537 -0.035525 0.216154 -0.035244 0.204473 0.127040
-0.142927 -0.187805 0.015494 0.328484 0.251638 0.293029 0.090081 1.000000 0.187376 0.545075 -0.086715 0.256951 0.016607 0.289435 -0.059158 0.145324 -0.360470 -0.231543 -0.245883 -0.364673 -0.118930 -0.039226 -0.160899 0.057601 -0.063748 0.240759 -0.193602 -0.109747 -0.402616 -0.247886 -0.058140 0.162956 -0.104011 0.009167 0.201792 0.434699 -0.143169 -0.005703 -0.208742 -0.193339 -0.204696 -0.313723 -0.293427 -0.122924 -0.325946 -0.156973 -0.385279 -0.227899 -0.312267 -0.157013 -0.347435 -0.125916 -0.249869 -0.270947 -0.114557 -0.384894 -0.416282 -0.381240 0.200280 0.180155 0.350433 0.588309 -0.134235 0.142727 0.414512 0.785575 0.114248 0.306694 -0.242274 -0.240672 -0.043217 0.016922 -0.379751 -0.185048 -0.133540 -0.099759 -0.226647 0.108679 -0.121371 -0.131535 -0.232785 -0.223935 -0.222177 -0.125693 -0.178942 0.040223 -0.070654 -0.104275 0.355079 0.047977 -0.249568 -0.034243 0.541995 -0.017936 0.149209 -0.192852 -0.207948 0.177932 -0.385286 -0.224477 0.220428 -0.132811 0.428421 -0.034275 -0.119821 0.122680 -0.214269 -0.134974 0.147775 -0.006922 0.023317 -0.049258 0.222337 0.013619 0.004688 -0.018491
0.298974 -0.101819 0.498181 0.207789 0.473278 0.127340 0.206781 0.187376 1.000000 0.443645 0.202633 0.210860 0.475448 0.229784 0.570801 0.323242 -0.314917 -0.369148 0.354494 0.105666 0.282928 0.349579 0.399311 0.311683 0.141058 0.436646 0.154374 0.296288 -0.053011 -0.363520 0.217733 0.292977 -0.222898 -0.194712 0.006067 -0.108238 -0.326248 -0.022785 -0.035757 0.158154 -0.097433 0.199562 -0.215037 -0.211875 -0.272018 -0.424409 -0.177101 -0.182657 -0.068708 -0.181068 -0.386086 -0.348572 -0.283870 -0.096850 -0.062999 -0.170501 -0.225417 -0.228394 0.074278 -0.421111 0.244778 0.039484 -0.336789 -0.395468 0.507013 0.251084 -0.327535 -0.213339 -0.025134 -0.202057 -0.139901 -0.205295 -0.133124 0.126692 0.096049 0.187967 0.146868 0.026878 -0.254647 -0.168062 -0.461987 -0.335280 0.272986 0.049636 0.034090 -0.230397 0.264732 -0.062359 0.436594 0.119983 0.095568 0.484610 0.225198 0.274945 0.008261 -0.256814 -0.118631 -0.082250 -0.184327 -0.028584 0.030329 -0.067158 0.286630 0.127844 0.255013 -0.034361 0.139308 -0.077566 0.083458 -0.160259 -0.070126 0.111043 0.448285 0.173620 0.109000 0.058103
0.359582 0.140809 -0.082897 0.099883 0.308523 0.248153 -0.264232 0.545075 0.443645 1.000000 0.161555 0.376357 0.183643 0.282499 0.288493 0.385238 -0.211978 -0.287507 -0.089234 -0.143592 0.031786 -0.081390 -0.238317 0.016798 0.155004 0.325410 -0.270300 -0.190741 -0.269059 -0.100830 -0.250554 0.067560 -0.348226 -0.199610 -0.025828 0.141563 -0.291141 -0.037317 -0.398982 -0.015662 -0.251470 -0.085261 0.005482 0.112269 -0.059740 -0.174112 0.034869 0.006561 -0.021956 -0.008651 -0.409714 -0.073445 -0.234886 -0.042958 -0.242624 -0.201203 -0.125792 -0.172275 0.357915 0.065023 0.357581 0.711847 -0.192011 0.081883 0.184194 0.527739 -0.220751 -0.103759 -0.246157 -0.015987 -0.029765 -0.136327 -0.364503 -0.131941 -0.189921 -0.030210 -0.180746 -0.079423 -0.077390 -0.281063 -0.106797 -0.186392 -0.108344 -0.024282 -0.365611 -0.270579 -0.163894 -0.132659 0.134402 0.346105 0.014802 0.290265 0.436687 0.116042 -0.098963 -0.125587 -0.326646 -0.005274 -0.253164 0.204029 0.092977 -0.039880 0.460375 -0.104484 -0.084974 -0.126557 -0.130979 -0.132687 0.014265 0.020115 -0.155118 0.078331 0.306756 0.200941 -0.240098 0.030287
0.353120 0.223267 0.183134 -0.059200 0.436982 0.058073 0.094813 -0.086715 0.202633 0.161555 1.000000 0.169130 0.507811 0.011712 0.532340 0.233246 0.134325 -0.050535 0.071705 -0.087338 -0.112062 0.062193 -0.067138 -0.140454 -0.404066 -0.216250 0.092776 -0.034047 0.050217 0.057807 -0.322246 -0.244787 -0.305810 -0.054578 -0.172805 -0.189431 0.064379 0.202106 0.119179 -0.016655 0.103700 0.163730 -0.117029 -0.182446 -0.143360 -0.318658 -0.071613 -0.196027 0.042816 0.048893 -0.052701 -0.100715 0.005867 -0.004065 0.331346 -0.148486 -0.084513 -0.243321 0.259459 -0.001211 0.329194 0.069504 0.243760 0.132604 0.208231 -0.014703 -0.129097 -0.228852 -0.247594 0.218521 -0.174424 -0.105642 0.001314 -0.051661 -0.064209 -0.194369 -0.059785 -0.153136 -0.208964 -0.248304 -0.042451 -0.003234 0.450385 0.231096 0.243634 -0.064039 0.339261 0.073273 0.226463 0.266045 0.277437 0.341224 0.022406 -0.134851 0.144135 -0.289496 -0.199766 -0.115284 -0.136075 0.006452 0.138079 0.369729 0.071596 -0.010181 -0.118709 -0.340304 0.312238 0.030717 0.109412 -0.291812 -0.142801 0.019275 0.123009 0.020996 0.072041 0.261327
0.144112 0.256050 -0.335093 0.274664 0.198606 -0.066856 -0.343491 0.256951 0.210860 0.376357 0.169130 1.000000 0.029453 0.650361 0.320449 0.570895 -0.103056 -0.236437 0.015211 0.147088 -0.011169 0.062475 0.131019 0.346781 -0.081610 0.099927 0.001866 0.054950 0.149215 0.121512 0.054789 0.134497 -0.278557 -0.070765 -0.055015 0.002206 -0.207107 -0.077845 -0.247739 0.158303 0.353365 0.362433 -0.289249 -0.335715 -0.239760 -0.400416 -0.129712 -0.200910 -0.265809 -0.020527 -0.341970 -0.012764 -0.128746 0.147234 -0.265077 -0.056367 -0.056764 -0.251128 -0.281651 -0.312132 -0.178303 0.268929 -0.107148 -0.075451 0.118031 0.159619 -0.563119 -0.341376 -0.021581 0.130943 -0.087573 0.132133 -0.151896 0.029796 0.179710 0.044464 0.012784 -0.206294 -0.110460 -0.109933 0.037290 0.023105 0.471841 0.481365 0.277245 0.209358 0.301777 0.091168 0.021701 0.265204 0.217259 0.163997 0.503657 0.115975 0.304937 -0.060996 -0.408686 -0.098641 -0.060835 0.108509 -0.056499 -0.095506 0.331943 0.189922 0.108793 -0.193435 -0.003932 -0.189344 0.142932 -0.264296 -0.411212 -0.025537 0.153728 0.008042 -0.176021 0.166813
0.405423 0.155921 0.559785 -0.074828 0.258772 -0.061660 0.252920 0.016607 0.475448 0.183643 0.507811 0.029453 1.000000 0.025409 0.467962 0.022005 -0.140297 -0.338490 0.164348 -0.088507 0.031307 0.065535 0.053717 -0.168686 -0.227775 -0.002253 -0.008525 0.183991 -0.108579 -0.313863 -0.206958 -0.150557 -0.062770 -0.160442 -0.100374 -0.230601 -0.038845 0.217634 0.015279 0.213911 0.058594 0.088679 -0.271982 -0.274741 -0.251899 -0.374222 -0.167408 -0.328193 -0.005735 -0.137608 -0.079568 -0.210825 -0.106894 -0.127181 0.282726 -0.134635 -0.104973 -0.199718 0.398609 -0.064636 0.584145 0.129404 0.037794 -0.040523 0.363609 0.143560 0.004002 -0.047278 -0.060908 -0.066018 -0.195109 -0.179895 -0.086489 -0.084434 -0.014465 -0.119081 0.183646 -0.119354 -0.133683 -0.195548 -0.235980 0.060690 0.183428 -0.098415 -0.037608 -0.231171 0.225819 -0.202339 0.251695 0.012715 0.060149 0.395673 -0.130782 0.052217 0.074740 -0.370017 -0.007412 0.033687 -0.317653 0.149403 -0.217793 0.116144 0.128909 -0.077079 0.070821 -0.282936 0.143052 -0.080054 0.057864 -0.135995 0.047662 0.176227 0.384148 0.113399 -0.017907 0.092977
0.047612 0.261577 -0.281854 0.100544 0.020937 -0.295268 -0.221506 0.289435 0.229784 0.282499 0.011712 0.650361 0.025409 1.000000 0.263812 0.401835 -0.109593 -0.371379 0.052500 0.199198 -0.044555 0.006269 -0.020796 0.260218 -0.162758 0.030534 -0.081962 -0.102156 0.218321 -0.006000 0.158852 0.139015 -0.034301 0.076005 -0.080980 0.040045 -0.045153 0.121630 -0.246802 0.032659 -0.033847 0.059700 -0.265759 -0.310608 -0.231708 -0.289663 -0.226897 -0.155892 -0.184987 0.028709 -0.235378 -0.017013 0.047208 0.178582 -0.082813 -0.083519 -0.010254 -0.267837 -0.231570 -0.148002 -0.097923 0.328804 0.158907 0.087508 -0.029901 0.103609 -0.327671 -0.250111 0.106071 -0.166841 -0.163762 -0.094673 -0.099625 -0.048550 0.004631 0.021650 0.043635 0.045214 -0.216959 -0.158392 -0.052536 -0.036580 0.281176 0.314730 0.057603 0.071865 0.030456 0.020063 0.116946 0.060422 0.201027 0.167487 0.397239 0.138485 0.037069 -0.101864 -0.375516 -0.023812 -0.046912 0.102358 0.034325 -0.074437 0.465439 0.099741 -0.067519 0.026685 -0.158796 0.096968 0.038883 0.045132 -0.308618 -0.035920 0.230639 -0.062573 0.117360 0.125725
0.471699 0.142901 0.258762 0.059181 0.472650 -0.087194 0.002082 -0.059158 0.570801 0.288493 0.532340 0.320449 0.467962 0.263812 1.000000 0.621960 -0.239556 -0.341800 0.502997 0.341708 0.129356 0.095066 0.416959 0.310963 -0.020176 0.191589 0.210011 0.201409 0.238527 -0.090567 0.258957 0.261340 -0.173960 -0.057723 -0.115284 -0.153808 -0.135318 0.066705 -0.095066 0.034288 -0.007097 0.177759 -0.158788 -0.233541 -0.207888 -0.451672 -0.094465 -0.101916 -0.043632 -0.049960 -0.426834 -0.252928 -0.144857 -0.027094 -0.052879 -0.132652 -0.117424 -0.273097 -0.049306 -0.408534 0.105409 -0.027153 -0.222999 -0.361001 0.414178 -0.121360 -0.481377 -0.505943 0.004168 -0.008601 -0.103321 -0.166566 -0.106928 0.216448 0.150651 0.313550 0.101364 -0.145249 -0.386498 -0.298640 -0.381253 -0.313529 0.609863 0.250511 0.319340 -0.188190 0.331475 -0.049034 0.313814 0.274243 0.381805 0.646359 0.272937 0.396494 -0.076113 -0.219840 -0.234183 -0.352581 -0.197399 0.094761 0.012447 0.293832 0.152094 0.004185 0.067040 -0.203504 0.112251 0.139399 -0.219262 0.006479 -0.322230 0.087162 0.326242 0.238202 0.072625 -0.008229
0.210825 0.161399 -0.135174 0.080562 0.446955 -0.068342 -0.179329 0.145324 0.323242 0.385238 0.233246 0.570895 0.022005 0.401835 0.621960 1.000000 -0.214062 -0.268568 0.384200 0.297964 0.185989 -0.061476 0.366888 0.534333 0.134048 0.303492 0.239740 0.103469 0.145803 0.116044 0.365316 0.422665 -0.123219 -0.002106 -0.019039 0.004177 -0.185654 -0.170213 -0.296552 -0.115202 -0.025063 0.185284 -0.003311 -0.089940 -0.053968 -0.278427 -0.027280 -0.007501 -0.030855 0.148740 -0.480354 -0.047797 -0.120318 0.053358 -0.259888 -0.084696 -0.196075 -0.372318 -0.161067 -0.398645 -0.185150 0.111434 -0.340581 -0.339121 0.203929 0.004956 -0.556719 -0.488898 -0.029500 -0.070125 0.219104 -0.073454 -0.217739 0.205550 0.132350 0.420575 0.074140 -0.007697 -0.148157 -0.135615 -0.263898 -0.307509 0.453045 0.401479 0.121827 -0.133839 0.128826 0.033834 0.130342 0.363277 0.258561 0.411046 0.571498 0.347421 -0.033885 -0.118115 -0.306159 -0.303443 -0.097011 0.072988 0.160278 0.119113 0.234889 0.065787 0.044274 -0.045664 -0.045815 0.180179 -0.144286 0.037058 -0.433603 -0.029155 0.059245 0.206886 -0.044932 -0.020067
-0.052660 -0.054751 -0.381857 -0.351476 -0.235443 -0.201118 -0.061374 -0.360470 -0.314917 -0.211978 0.134325 -0.103056 -0.140297 -0.109593 -0.239556 -0.214062 1.000000 0.586308 -0.092304 0.131868 -0.216925 -0.172894 -0.371759 -0.361097 -0.217665 -0.429679 -0.264585 -0.377191 0.384121 0.450333 -0.351073 -0.411606 0.081470 0.102574 -0.269171 -0.209273 0.338195 0.095967 0.150142 -0.171647 0.242244 0.123812 0.112205 0.003480 0.067066 0.086351 0.041530 0.061136 0.086735 0.127213 0.260372 0.234597 0.165939 0.094765 0.062256 -0.054438 0.477698 0.384568 -0.066779 0.110923 -0.139478 -0.205750 0.442661 0.497901 -0.471468 -0.265920 0.063362 -0.087853 0.146188 0.151519 -0.226311 -0.194148 0.626483 -0.121000 -0.044235 -0.329643 0.060792 0.041882 0.367272 0.256889 0.615330 0.511496 0.064286 0.356628 0.112295 0.188892 -0.108688 0.020701 -0.302714 0.024152 0.030762 -0.175709 -0.435511 -0.234257 0.030332 0.192761 -0.300423 0.118439 0.183050 0.208647 0.134904 0.257352 -0.111469 -0.207990 -0.135086 -0.115410 0.000404 0.056093 0.251696 -0.085545 -0.048797 -0.094644 -0.176357 -0.131791 0.186298 0.213165
-0.313006 -0.157847 -0.398382 -0.281550 -0.297347 -0.197911 -0.038449 -0.231543 -0.369148 -0.287507 -0.050535 -0.236437 -0.338490 -0.371379 -0.341800 -0.268568 0.586308 1.000000 -0.302867 -0.146228 0.000943 -0.257898 -0.304646 -0.386534 -0.194135 -0.433691 -0.291921 -0.242452 0.114932 0.484686 -0.227159 -0.404731 0.079503 -0.105054 -0.049664 -0.054934 0.253819 -0.058419 0.265903 -0.109747 0.260717 0.187500 0.043612 -0.045737 0.064743 0.056275 -0.049074 -0.006106 0.125447 0.094900 0.315735 0.310294 0.338430 0.057681 0.070761 -0.020820 0.347110 0.467320 0.009680 0.237952 -0.151313 -0.155599 0.271973 0.416469 -0.327052 -0.128748 0.232150 0.024298 0.007222 0.138725 -0.015878 -0.015119 0.419121 -0.006729 0.111371 -0.333944 -0.126992 0.022132 0.355967 0.448367 0.482383 0.424673 -0.069615 0.207633 0.186744 0.317755 -0.120675 0.059968 -0.153914 0.043092 -0.068428 -0.243307 -0.252739 -0.143233 0.003530 0.130337 -0.187309 0.062166 0.248737 0.060484 0.115738 0.243059 -0.207554 -0.201509 0.163458 0.131985 0.090205 0.043844 0.097947 -0.114154 0.053029 -0.103299 -0.171185 -0.075845 0.035261 0.119421
0.226887 -0.016016 0.387504 0.182773 0.287643 -0.110329 0.134843 -0.245883 0.354494 -0.089234 0.071705 0.015211 0.164348 0.052500 0.502997 0.384200 -0.092304 -0.302867 1.000000 0.739387 0.105868 0.121228 0.566978 0.464363 0.260504 0.289085 0.343024 0.142952 0.179654 -0.174732 0.506917 0.434292 0.030076 0.082403 -0.205397 -0.263125 -0.162635 -0.208360 -0.003430 -0.076846 -0.133046 -0.004850 0.070975 0.039077 -0.012832 -0.020163 0.020181 0.191807 -0.109091 0.032716 -0.393032 -0.328442 -0.296704 -0.123969 -0.138745 -0.003280 -0.185403 -0.140884 -0.261587 -0.573103 -0.262304 -0.523459 -0.472450 -0.582208 0.186490 -0.282043 -0.358200 -0.314733 0.283833 0.055203 0.179251 0.059385 -0.032812 0.290088 0.056115 0.465968 0.358491 0.161601 -0.258003 -0.209965 -0.284862 -0.395286 0.297131 0.102368 0.147100 -0.364633 0.269397 0.070847 0.202733 -0.001039 0.379667 0.548244 0.048736 0.474368 -0.133470 -0.111337 -0.036493 -0.515596 -0.036766 -0.001031 0.043784 0.174260 -0.070691 -0.032503 0.072627 0.029555 0.174746 0.147837 -0.286476 0.088347 0.054917 -0.084567 -0.013358 0.121381 0.314167 0.039382
0.281252 0.194202 -0.041377 0.148194 -0.030101 -0.257065 -0.107446 -0.364673 0.105666 -0.143592 -0.087338 0.147088 -0.088507 0.199198 0.341708 0.297964 0.131868 -0.146228 0.739387 1.000000 -0.067581 -0.045479 0.357445 0.440385 0.308262 0.075545 0.153006 -0.013051 0.404164 0.042131 0.362688 0.266594 0.072160 0.194927 -0.333279 -0.221496 -0.025390 -0.141491 -0.101249 -0.150921 -0.165937 -0.111974 0.151140 0.095137 0.051824 0.057299 0.085607 0.282828 -0.171658 0.033633 -0.316145 -0.200646 -0.153282 0.042488 -0.317664 0.034942 0.104305 0.114105 -0.474773 -0.499557 -0.462682 -0.436740 -0.284159 -0.384835 -0.127278 -0.451651 -0.484551 -0.387115 0.334683 0.101969 0.020833 -0.030651 0.146303 0.176890 0.131224 0.396423 0.393273 0.152896 -0.109459 -0.200367 -0.000202 -0.191210 0.247643 0.275006 0.227065 -0.222000 0.006317 -0.017230 -0.134660 0.002244 0.408510 0.465705 0.037910 0.553939 -0.280351 0.111579 -0.219458 -0.434374 0.072961 0.133117 0.043176 0.044663 0.027402 -0.019416 0.001583 0.148469 -0.045187 0.159239 -0.344764 0.287178 -0.009454 -0.009351 -0.030559 0.026373 0.244930 0.034682
0.038675 -0.177612 0.200215 0.041275 0.174082 0.139636 -0.099873 -0.118930 0.282928 0.031786 -0.112062 -0.011169 0.031307 -0.044555 0.129356 0.185989 -0.216925 0.000943 0.105868 -0.067581 1.000000 0.164492 0.335944 0.208720 0.289799 0.277495 0.229788 0.405065 -0.020909 -0.121883 0.342640 0.251985 0.016527 -0.084311 0.122692 -0.094648 -0.105492 -0.070141 0.214040 0.212674 -0.011567 0.236716 -0.234974 -0.127503 -0.003912 -0.046049 -0.021153 -0.042585 0.189687 0.016263 0.001819 -0.013515 -0.183209 -0.034148 0.215237 0.106014 -0.035896 -0.061077 -0.019317 -0.182351 -0.006184 -0.206915 -0.247312 -0.379206 0.135693 -0.003959 -0.000593 -0.001540 -0.096194 -0.048451 0.252193 0.008693 -0.216134 0.155693 0.052670 0.322378 0.109427 0.079809 -0.005944 0.079740 -0.351747 -0.259592 0.142599 -0.080885 -0.038297 -0.156264 0.068739 0.187481 0.094295 0.182386 -0.063165 0.064565 -0.013094 0.005778 0.081227 0.105160 0.231081 -0.005210 -0.020189 -0.147147 -0.120489 -0.201348 0.196060 0.345277 0.168262 0.109714 0.177809 -0.158071 -0.000406 -0.053632 0.053462 -0.049760 -0.070415 0.272057 -0.048507 -0.081450
-0.131382 -0.135114 0.301944 0.346942 0.098920 0.174609 0.273353 -0.039226 0.349579 -0.081390 0.062193 0.062475 0.065535 0.006269 0.095066 -0.061476 -0.172894 -0.257898 0.121228 -0.045479 0.164492 1.000000 0.455007 0.313328 0.164787 0.330211 0.198681 0.347317 0.035385 -0.249924 0.342606 0.374045 -0.179947 0.335515 0.066408 0.115265 -0.132073 -0.116839 0.136987 0.061119 0.034376 0.104262 -0.341762 -0.272724 -0.327063 -0.324574 -0.149682 -0.181069 -0.124290 -0.264352 -0.123950 -0.367499 -0.253433 -0.153899 0.125340 -0.056985 -0.117796 0.140467 -0.102802 -0.193024 -0.000572 -0.227948 -0.116363 -0.274322 0.401312 0.108508 -0.057677 0.140566 -0.010649 0.167535 -0.157211 -0.045980 -0.050647 -0.060189 -0.106219 0.185522 -0.116918 -0.004476 -0.281534 -0.041031 -0.350299 -0.240409 0.239362 0.105952 0.114154 0.005521 0.344639 -0.008772 0.276585 -0.198272 -0.009602 -0.020934 -0.082055 -0.083190 0.284664 -0.047677 -0.010848 -0.022337 -0.047774 -0.175305 -0.076620 -0.161834 -0.056274 0.365887 0.234330 0.066626 0.105935 -0.149246 0.194343 -0.317229 0.128508 0.201859 0.113175 0.141940 0.146730 -0.093247
-0.038907 -0.273855 0.326801 0.379186 0.256808 0.020179 0.178388 -0.160899 0.399311 -0.238317 -0.067138 0.131019 0.053717 -0.020796 0.416959 0.366888 -0.371759 -0.304646 0.566978 0.357445 0.335944 0.455007 1.000000 0.739675 0.290385 0.561097 0.584755 0.583717 0.061320 -0.262854 0.787124 0.698677 -0.024476 0.000363 0.264242 -0.011962 -0.185786 -0.200612 0.099536 0.196666 0.043443 0.240634 -0.154160 -0.207515 -0.138869 -0.254066 -0.115603 -0.089002 -0.130696 -0.096949 -0.352894 -0.287071 -0.212054 -0.078520 -0.143486 0.121096 -0.434988 -0.190982 -0.469424 -0.665802 -0.390989 -0.595628 -0.621154 -0.817001 0.529735 -0.140863 -0.407720 -0.199922 0.109245 -0.122224 0.067099 0.116876 -0.137476 0.230545 0.243365 0.510859 0.203158 -0.012217 -0.239747 -0.072844 -0.561429 -0.513804 0.426371 0.159901 0.407469 -0.099417 0.513697 0.219532 0.388652 0.048940 0.135008 0.270556 0.264752 0.396515 0.027951 -0.030334 0.122696 -0.319375 0.042223 -0.201447 -0.191332 -0.115864 -0.113582 0.276405 0.229079 0.104940 0.202625 -0.041275 -0.193900 -0.151783 -0.083478 0.015424 -0.036705 0.123990 0.148666 -0.107041
-0.045964 -0.158950 0.029828 0.495723 0.316223 0.047088 -0.046510 0.057601 0.311683 0.016798 -0.140454 0.346781 -0.168686 0.260218 0.310963 0.534333 -0.361097 -0.386534 0.464363 0.440385 0.208720 0.313328 0.739675 1.000000 0.272873 0.549966 0.424956 0.289393 0.038949 -0.275416 0.655793 0.754330 -0.168695 0.074257 0.271876 0.201452 -0.185306 -0.160889 -0.100833 0.140387 -0.187317 0.056299 -0.085463 -0.111263 -0.186694 -0.220139 -0.228282 -0.047861 -0.223607 -0.126705 -0.552491 -0.324014 -0.280270 -0.057121 -0.236929 0.076050 -0.473974 -0.253340 -0.428125 -0.554893 -0.465084 -0.326833 -0.590255 -0.688589 0.275125 -0.003453 -0.430481 -0.131805 0.053330 -0.053239 0.082127 0.103626 -0.308937 0.116601 0.044113 0.457881 0.120757 0.052080 -0.209771 -0.256979 -0.475190 -0.567338 0.313345 0.268712 0.202419 -0.059374 0.321922 0.334331 0.260205 0.272731 0.210315 0.314674 0.553155 0.462077 -0.034768 0.050927 -0.045598 -0.223505 0.024297 -0.204846 -0.122672 -0.257443 0.214736 0.222282 0.174989 0.316289 -0.083256 -0.107394 -0.204707 0.091984 -0.051795 -0.007268 0.024202 0.036626 0.196608 -0.058132
0.090264 0.018864 0.169438 0.213351 -0.133208 0.324896 -0.071188 -0.063748 0.141058 0.155004 -0.404066 -0.081610 -0.227775 -0.162758 -0.020176 0.134048 -0.217665 -0.194135 0.260504 0.308262 0.289799 0.164787 0.290385 0.272873 1.000000 0.548175 0.118188 0.191786 0.022481 -0.077001 0.393619 0.316970 0.055141 0.103196 -0.022270 -0.001661 -0.241238 -0.257571 0.006188 -0.156885 -0.284358 -0.214313 0.060207 0.118820 0.151691 0.180434 0.290349 0.328939 0.041599 0.031022 -0.129659 -0.030447 -0.162940 0.011714 -0.346985 0.134728 -0.019055 0.080681 -0.165840 -0.148006 -0.173490 -0.129070 -0.475998 -0.412936 0.008715 -0.079529 -0.120635 -0.017764 0.069128 -0.050347 0.317607 0.129151 -0.092870 0.293205 -0.027767 0.491391 0.137308 0.133182 -0.099997 -0.092026 -0.251876 -0.360344 -0.254627 -0.232757 -0.246992 -0.315147 -0.213939 -0.153713 -0.191054 0.089474 -0.090549 0.099856 0.017222 0.255891 -0.257001 0.104755 0.150696 -0.191762 0.044005 0.013258 0.023135 -0.107707 -0.089304 0.267838 0.037743 0.080420 -0.031875 -0.040562 -0.202161 0.143735 0.106977 -0.027496 -0.092584 0.293274 -0.082452 -0.281203
0.040181 -0.258169 0.279420 0.571382 0.060786 0.514717 -0.007862 0.240759 0.436646 0.325410 -0.216250 0.099927 -0.002253 0.030534 0.191589 0.303492 -0.429679 -0.433691 0.289085 0.075545 0.277495 0.330211 0.561097 0.549966 0.548175 1.000000 0.197857 0.415702 -0.239848 -0.255250 0.568295 0.752081 -0.152385 0.068510 0.356126 0.303161 -0.287111 -0.138599 -0.053712 0.191908 -0.220219 -0.050471 -0.222778 -0.165791 -0.198207 -0.187416 -0.185700 -0.114113 -0.268753 -0.283826 -0.565512 -0.395467 -0.546952 -0.330018 -0.305769 -0.146685 -0.402856 -0.239216 -0.078668 -0.300563 0.046806 -0.065724 -0.629386 -0.605721 0.466929 0.368231 -0.157703 0.165826 -0.080590 -0.078254 0.125494 0.097115 -0.277270 0.251109 0.083151 0.500168 0.207661 0.117908 -0.164138 -0.136652 -0.494410 -0.545937 -0.096047 -0.228529 -0.091658 -0.252712 0.187080 0.114906 0.308586 0.194966 -0.171320 0.117313 0.422341 0.259056 -0.154513 0.082207 0.135448 -0.181643 -0.279245 -0.269052 -0.121515 -0.302830 0.254913 0.235558 -0.000047 0.081906 -0.025431 -0.205991 -0.146326 0.004010 0.109394 0.066508 0.073855 0.322602 -0.091695 -0.394028
0.022558 -0.091282 0.282207 0.180347 0.475864 0.230799 0.106214 -0.193602 0.154374 -0.270300 0.092776 0.001866 -0.008525 -0.081962 0.210011 0.239740 -0.264585 -0.291921 0.343024 0.153006 0.229788 0.198681 0.584755 0.424956 0.118188 0.197857 1.000000 0.520086 -0.004457 -0.225711 0.305806 0.276922 -0.099175 -0.167621 0.201908 -0.094400 -0.073585 -0.006504 0.211766 0.194234 0.043586 0.215398 0.100669 0.088707 0.068854 0.005033 0.142082 0.078012 0.022347 0.106084 -0.137819 -0.093220 -0.034694 0.107721 0.047957 0.226836 -0.235893 -0.286608 -0.346117 -0.385102 -0.297049 -0.456303 -0.342766 -0.551633 0.229597 -0.229468 -0.200283 -0.189444 0.124257 -0.112445 0.165118 0.230491 -0.231994 0.256721 0.145171 0.271652 0.098594 -0.041644 -0.331008 -0.200666 -0.380804 -0.423892 0.327342 0.044052 0.186162 -0.209625 0.378578 0.143226 0.202580 0.053281 0.125260 0.228573 0.068084 0.155051 0.050165 -0.195098 0.330037 -0.253967 0.177578 -0.071549 -0.000891 -0.130963 -0.248493 0.207744 -0.031716 -0.131201 0.182956 0.056312 -0.250961 -0.130088 -0.162725 -0.055954 -0.134163 -0.067264 -0.062690 -0.040621
0.048750 -0.176748 0.351080 0.347048 0.121476 0.302466 0.131961 -0.109747 0.296288 -0.190741 -0.034047 0.054950 0.183991 -0.102156 0.201409 0.103469 -0.377191 -0.242452 0.142952 -0.013051 0.405065 0.347317 0.583717 0.289393 0.191786 0.415702 0.520086 1.000000 -0.057963 -0.097999 0.402354 0.444040 0.019845 0.035578 0.227399 0.041794 -0.167843 -0.088940 0.107066 0.465399 0.183010 0.313313 -0.255208 -0.240512 -0.197012 -0.245660 -0.186178 -0.360032 -0.245724 -0.290862 -0.154565 -0.318889 -0.241765 -0.173929 -0.019469 0.012780 -0.100103 -0.076955 -0.318597 -0.496731 0.041616 -0.298441 -0.303512 -0.578236 0.449520 0.038243 -0.139704 0.075140 0.064425 -0.014827 -0.042100 0.198870 -0.051473 0.173222 0.240967 0.351028 0.235627 -0.055353 -0.158090 0.044722 -0.409211 -0.314165 0.346427 0.048072 0.206854 -0.061331 0.390827 0.209989 0.254956 0.094480 -0.194121 -0.013925 0.027381 0.085213 0.054477 -0.172520 0.372778 -0.204634 -0.121030 -0.112755 -0.217214 -0.309164 0.060568 0.244637 0.177501 -0.208137 0.131700 -0.169130 -0.149909 -0.188569 0.001694 0.062153 0.010255 0.107200 -0.366861 -0.212495
0.238242 0.222008 -0.177704 -0.274596 -0.166394 -0.382364 0.059287 -0.402616 -0.053011 -0.269059 0.050217 0.149215 -0.108579 0.218321 0.238527 0.145803 0.384121 0.114932 0.179654 0.404164 -0.020909 0.035385 0.061320 0.038949 0.022481 -0.239848 -0.004457 -0.057963 1.000000 0.433563 0.205276 -0.025604 0.099929 0.151174 -0.218595 -0.153623 0.300503 -0.036452 -0.023863 -0.205103 0.114192 0.087533 0.005367 -0.169590 0.029889 -0.141037 0.110645 0.111113 0.069894 0.154918 0.022863 0.140827 0.259589 0.219094 -0.160774 0.163549 0.377481 0.074807 -0.383937 -0.280696 -0.270034 -0.249829 0.302684 0.118636 -0.191343 -0.492104 -0.328945 -0.463637 0.242233 -0.144526 -0.078832 -0.161819 0.513097 0.286025 0.213608 0.169601 0.211940 0.065037 -0.070041 -0.005791 0.120629 0.186452 0.405479 0.352926 0.354535 0.143376 -0.018955 -0.045856 -0.327169 -0.168733 0.183958 0.102699 -0.264669 0.030824 -0.062033 0.070303 -0.152421 -0.019154 0.277490 0.069265 0.095007 0.225931 -0.094082 -0.087283 0.072043 0.014714 -0.065424 0.239715 -0.058301 0.164524 -0.264011 0.052436 0.093469 0.079788 0.178468 0.083851
0.119205 0.288867 -0.445767 -0.278876 -0.402300 -0.235844 -0.233080 -0.247886 -0.363520 -0.100830 0.057807 0.121512 -0.313863 -0.006000 -0.090567 0.116044 0.450333 0.484686 -0.174732 0.042131 -0.121883 -0.249924 -0.262854 -0.275416 -0.077001 -0.255250 -0.225711 -0.097999 0.433563 1.000000 -0.122039 -0.241080 0.129632 0.118063 -0.299327 -0.115314 0.290519 -0.134849 -0.022171 -0.133387 0.326502 0.219003 0.100088 -0.074916 0.148160 0.006852 0.104938 0.112586 0.091972 0.266485 0.198104 0.352624 0.318224 0.290777 -0.103791 0.069900 0.457541 0.151502 -0.200008 -0.005261 -0.171334 0.035696 0.322225 0.346339 -0.410266 -0.326648 -0.180343 -0.355339 0.121375 0.051429 -0.006560 0.105170 0.616188 0.260627 0.276183 0.093960 0.004666 -0.007173 0.362625 0.409085 0.495134 0.422436 0.115240 0.299408 0.153555 0.201520 -0.036591 0.021941 -0.324773 0.043584 -0.016367 -0.320152 -0.141271 -0.314349 -0.128445 0.070594 -0.065025 -0.029026 0.298882 0.275661 0.290264 0.174965 -0.145991 -0.211958 0.027984 -0.063294 -0.089075 0.129613 0.000462 0.002991 -0.285542 -0.119054 -0.264725 0.119263 -0.161083 -0.033926
-0.235107 -0.284952 0.153004 0.289130 -0.053585 -0.035391 0.101115 -0.058140 0.217733 -0.250554 -0.322246 0.054789 -0.206958 0.158852 0.258957 0.365316 -0.351073 -0.227159 0.506917 0.362688 0.342640 0.342606 0.787124 0.655793 0.393619 0.568295 0.305806 0.402354 0.205276 -0.122039 1.000000 0.813664 0.129356 0.236137 0.285950 0.133712 -0.007008 -0.183219 0.120729 0.033981 -0.091771 0.031777 -0.191173 -0.220446 -0.182669 -0.165274 -0.202832 -0.023431 -0.243656 -0.174335 -0.373926 -0.292389 -0.193428 -0.186248 -0.176263 0.063270 -0.344255 -0.184014 -0.489613 -0.533622 -0.409108 -0.456156 -0.495592 -0.668367 0.373560 -0.047185 -0.263362 -0.068231 0.151005 -0.257132 0.209811 0.137239 -0.033570 0.370928 0.291525 0.670221 0.310815 0.276336 -0.201997 0.051179 -0.506700 -0.475087 0.231115 0.067536 0.294653 -0.029868 0.297274 0.188600 0.343690 -0.043182 -0.000466 0.080122 0.272064 0.342737 -0.115559 0.149864 0.086747 -0.234244 -0.055957 -0.281954 -0.089708 -0.076051 0.031318 0.239522 0.162618 0.364369 0.033851 0.123643 -0.224648 0.119676 0.063166 -0.055529 -0.100603 0.208306 0.245314 -0.240496
-0.180061 -0.332762 0.133174 0.489177 0.122228 0.238976 0.033574 0.162956 0.292977 0.067560 -0.244787 0.134497 -0.150557 0.139015 0.261340 0.422665 -0.411606 -0.404731 0.434292 0.266594 0.251985 0.374045 0.698677 0.754330 0.316970 0.752081 0.276922 0.444040 -0.025604 -0.241080 0.813664 1.000000 -0.101365 0.234389 0.350498 0.350421 -0.145125 -0.174150 -0.100481 0.182248 -0.235579 -0.037753 -0.159238 -0.086464 -0.290265 -0.220206 -0.278071 -0.072889 -0.359092 -0.299563 -0.612966 -0.454955 -0.454947 -0.335956 -0.273055 -0.068193 -0.486080 -0.224988 -0.317008 -0.489761 -0.213323 -0.225601 -0.640913 -0.739431 0.488926 0.251234 -0.253026 0.107610 0.002067 -0.089680 0.115443 0.109147 -0.204594 0.199058 0.123631 0.567376 0.280006 0.213820 -0.218269 -0.159086 -0.543348 -0.654456 0.133664 0.038896 0.100826 -0.129308 0.255331 0.245337 0.362108 0.164439 -0.086482 0.096103 0.454503 0.370910 -0.172741 0.119044 0.078542 -0.270117 -0.229837 -0.328687 -0.169230 -0.255053 0.292445 0.070763 0.104668 0.297196 -0.138880 -0.092660 -0.286947 0.143394 0.110974 0.007540 -0.022091 0.144098 0.035027 -0.337579
-0.046987 -0.014562 -0.059777 -0.277455 -0.293920 -0.228864 0.032997 -0.104011 -0.222898 -0.348226 -0.305810 -0.278557 -0.062770 -0.034301 -0.173960 -0.123219 0.081470 0.079503 0.030076 0.072160 0.016527 -0.179947 -0.024476 -0.168695 0.055141 -0.152385 -0.099175 0.019845 0.099929 0.129632 0.129356 -0.101365 1.000000 0.375487 0.007090 0.004840 0.295383 -0.009189 -0.014239 -0.067422 0.188471 -0.072515 0.048567 -0.014886 0.074310 0.118056 -0.032754 -0.165490 -0.036443 -0.015628 0.225167 0.053015 0.105363 -0.049080 -0.031336 -0.033572 0.098432 0.089408 -0.068998 0.011814 -0.090692 -0.110410 0.150605 0.038476 -0.140160 -0.171256 0.217549 0.094884 0.285062 -0.269640 -0.115583 -0.153141 0.295293 -0.060220 0.038855 0.024245 0.014310 0.153634 0.275967 0.350221 0.132285 0.327294 -0.050919 -0.060129 0.074692 0.230259 -0.142520 -0.047785 -0.136965 -0.379427 -0.347549 -0.375120 -0.329042 -0.088605 0.040960 0.044495 0.206896 0.062130 -0.016520 0.023643 0.102608 -0.077425 -0.145051 0.059584 -0.043525 0.135541 -0.181664 0.243262 -0.002076 0.309106 -0.044439 -0.083633 -0.271488 0.137202 0.174615 -0.140476
-0.091836 0.075319 -0.063264 0.147583 -0.220936 0.024019 0.068999 0.009167 -0.194712 -0.199610 -0.054578 -0.070765 -0.160442 0.076005 -0.057723 -0.002106 0.102574 -0.105054 0.082403 0.194927 -0.084311 0.335515 0.000363 0.074257 0.103196 0.068510 -0.167621 0.035578 0.151174 0.118063 0.236137 0.234389 0.375487 1.000000 0.002686 0.431417 0.216451 0.024710 -0.066227 -0.186136 -0.077658 -0.298555 -0.253226 -0.190966 -0.331406 -0.112604 -0.322796 -0.238075 -0.386445 -0.409625 -0.208077 -0.489805 -0.365352 -0.440860 0.020382 -0.389174 0.180339 0.260044 -0.008084 0.070074 0.038402 -0.030123 0.057282 -0.006699 0.118396 0.088439 0.184946 0.370242 0.154917 0.106532 -0.165546 -0.165437 0.165042 -0.052363 -0.037829 0.250673 0.075968 0.283549 0.053625 0.174095 0.034817 0.022565 0.026881 0.072544 0.097453 0.105912 0.032217 0.022760 -0.037872 -0.301976 -0.169835 -0.252892 -0.153081 -0.043558 0.036933 0.117274 -0.052547 0.067282 -0.307763 -0.170351 0.126204 -0.099815 0.079990 0.137303 -0.216782 0.182366 -0.223953 0.097282 -0.001337 0.212878 0.191840 0.117817 -0.070475 0.251474 0.314756 -0.202548
-0.265957 -0.431913 -0.092533 0.157328 0.001707 0.269563 -0.158725 0.201792 0.006067 -0.025828 -0.172805 -0.055015 -0.100374 -0.080980 -0.115284 -0.019039 -0.269171 -0.049664 -0.205397 -0.333279 0.122692 0.066408 0.264242 0.271876 -0.022270 0.356126 0.201908 0.227399 -0.218595 -0.299327 0.285950 0.350498 0.007090 0.002686 1.000000 0.597250 0.099659 0.130513 0.003785 0.260716 -0.046277 -0.015962 -0.121741 -0.077240 -0.255232 -0.122603 -0.377498 -0.373494 -0.204932 -0.442965 -0.283882 -0.260736 -0.186614 -0.402579 -0.014485 0.017839 -0.377472 -0.154575 0.122566 0.038000 0.030347 -0.007621 -0.237551 -0.233678 0.350946 0.420346 0.320675 0.472975 -0.018852 -0.315385 0.026912 -0.043553 -0.300331 0.020851 0.113818 0.064836 -0.104439 0.145350 0.025367 -0.021467 -0.397554 -0.265645 -0.124773 -0.245054 0.057177 0.189120 0.125474 0.225121 0.214474 -0.079335 -0.337340 -0.077812 0.306862 0.129516 0.105290 0.128360 0.200127 0.203902 -0.217406 -0.227720 -0.176591 -0.362404 0.056868 0.210809 -0.134851 0.227652 -0.103616 -0.067480 -0.100188 0.132713 0.197325 0.221714 0.117241 0.152321 0.041891 -0.251955
-0.264322 -0.263323 -0.218844 0.304724 -0.012275 0.211235 0.000461 0.434699 -0.108238 0.141563 -0.189431 0.002206 -0.230601 0.040045 -0.153808 0.004177 -0.209273 -0.054934 -0.263125 -0.221496 -0.094648 0.115265 -0.011962 0.201452 -0.001661 0.303161 -0.094400 0.041794 -0.153623 -0.115314 0.133712 0.350421 0.004840 0.431417 0.597250 1.000000 -0.010125 0.006882 -0.208060 -0.047030 -0.271641 -0.329700 -0.265223 -0.100293 -0.333391 -0.088263 -0.514994 -0.350352 -0.326288 -0.400264 -0.407464 -0.349942 -0.308231 -0.524044 -0.175801 -0.424542 -0.213372 -0.082019 0.201605 0.279608 0.237424 0.286159 -0.080686 -0.055612 0.399483 0.537071 0.347713 0.611084 -0.124812 -0.131836 -0.176642 -0.220386 -0.275250 -0.061525 -0.036430 -0.023932 -0.130832 0.149311 -0.101903 -0.121506 -0.271427 -0.249619 -0.186400 -0.081886 0.037655 0.287568 -0.033782 0.130673 0.047895 -0.134674 -0.346082 -0.182355 0.220788 0.023213 0.036879 -0.014892 -0.089020 0.181841 -0.355306 -0.354771 -0.035666 -0.154661 0.244985 0.004357 -0.104133 0.213753 -0.257283 -0.141495 -0.081176 0.256074 0.094559 0.107362 0.102523 0.103188 0.013028 -0.244184
