1.000000 0.567009 0.170303 -0.281744 0.180007 0.144289 0.010321 -0.187727 0.323102 0.089874 0.440336 0.038104 0.054041 -0.003164 0.320261 -0.002708 0.096540 0.029755 -0.111084 -0.326641 0.068216 -0.038905 0.231540 0.024843 -0.041493 -0.146516 0.286533 0.245271 0.039041 -0.111541 -0.035231 -0.345236 -0.370733 -0.256848 0.037970 -0.256495 0.239861 0.008128 -0.335706 -0.015241 0.253864 0.059634 0.199940 0.177537 -0.157076 -0.117631 0.286184 -0.122730 -0.110260 -0.008857 0.154866 -0.115371 -0.025623 0.027711 -0.138581 -0.012033 0.324121 0.346361 0.051475 0.096916 0.149486 0.109182 0.189234 0.054017 -0.064542 -0.103056 -0.223240 -0.423528 0.088378 -0.228379 0.185808 -0.096667 -0.022316 -0.212194 -0.102810 0.196649 -0.199175 -0.422422 -0.198087 -0.224611 0.191287 0.193217 0.140330 0.094468 0.387245 0.019962 -0.092704 -0.040178 0.000393 -0.279278 -0.211608 -0.314210 -0.226750 -0.285191 -0.003598 -0.006886 -0.241031 -0.304411 0.096441 0.054616 0.060859 0.187057 0.096463 -0.066265 -0.124379 -0.085577 0.122539 0.401544 0.002429 -0.335742 -0.475099 0.137240 -0.061947 -0.167008 -0.180408 -0.186733
0.567009 1.000000 0.011357 -0.176670 0.031466 -0.009060 -0.192189 -0.288406 0.277495 -0.075255 0.252249 0.075348 -0.049623 -0.012970 -0.089025 0.098622 -0.022610 0.098218 -0.060294 -0.293221 0.200064 0.004586 -0.056084 -0.292034 -0.187234 -0.251743 0.343414 0.096206 -0.133000 0.064369 -0.270250 -0.568239 -0.213877 -0.391356 -0.106276 -0.321414 0.521456 0.245577 0.008372 0.174189 0.226930 -0.003903 0.319644 0.258514 -0.006225 -0.102268 0.416633 0.050502 0.081091 0.050627 0.057046 0.130765 0.204768 0.148529 -0.064959 0.215724 0.133102 0.415662 0.138773 0.278419 0.136992 0.212483 0.133845 0.163652 -0.413525 -0.289922 -0.002609 -0.388075 0.190361 -0.048431 -0.118783 -0.063740 0.124684 -0.004208 -0.187864 0.151364 -0.137657 -0.520930 -0.083867 -0.185227 0.385338 0.363178 0.039368 0.052994 0.092066 0.007923 -0.255574 -0.237946 -0.254710 -0.036700 -0.116244 -0.531467 -0.284698 -0.481026 0.118803 0.119150 -0.210344 -0.350154 0.245391 -0.002262 0.132428 0.299285 0.344625 -0.150622 0.001907 -0.241995 0.195195 0.395818 0.100213 -0.206072 -0.437257 0.203992 -0.101859 -0.046124 -0.225751 -0.251996
0.170303 0.011357 1.000000 0.323966 -0.053103 0.189320 0.473235 0.403697 -0.349686 -0.011881 -0.199714 -0.111171 -0.272932 -0.161652 -0.012420 -0.050122 -0.300474 -0.434047 0.109806 -0.172938 0.223638 0.123576 0.528044 0.213778 0.193483 0.494275 0.081353 0.240425 -0.346653 -0.514361 0.057661 -0.028865 -0.222728 -0.056336 0.086264 0.186070 -0.209143 -0.093446 -0.199992 -0.102528 0.017842 0.079843 0.141682 0.011521 -0.499009 -0.442181 0.211443 0.104681 -0.193738 -0.342749 0.227318 -0.038976 0.016816 0.056754 0.031744 -0.026140 0.252447 -0.001967 -0.178829 -0.114521 -0.204102 0.045524 -0.377162 -0.517880 -0.054783 0.221935 -0.251658 0.200339 -0.060527 -0.044532 0.087467 0.039580 -0.219428 -0.081181 -0.005736 -0.054752 -0.006093 0.069081 -0.294740 -0.217938 -0.341935 -0.292158 -0.029112 -0.156016 -0.111492 -0.241614 -0.146633 0.041873 0.159013 0.107086 0.027125 -0.117083 0.058861 -0.089092 0.164127 -0.123307 -0.009641 -0.007193 -0.130827 0.050828 -0.291908 0.053095 -0.024967 -0.070176 0.087741 0.125912 -0.078952 0.112118 -0.031765 -0.171501 0.286660 -0.014095 0.087106 0.210313 0.099239 0.000295
-0.281744 -0.176670 0.323966 1.000000 -0.030092 0.282011 0.272860 0.337231 -0.361260 -0.070621 -0.607492 -0.397587 -0.466197 -0.339066 0.079530 0.051861 -0.254270 -0.263557 0.274481 0.215059 0.121177 0.148465 0.252247 0.392120 -0.018514 0.364928 -0.016267 0.147097 -0.177374 -0.383872 0.258189 0.431890 -0.266709 -0.110818 -0.095341 0.155869 -0.100234 -0.093530 -0.218205 -0.088959 -0.294964 -0.187205 0.146927 -0.019034 -0.168738 -0.205219 0.061296 0.156941 -0.181327 -0.216205 0.255245 -0.000567 0.216598 0.245633 -0.103953 0.053461 0.238821 -0.110520 -0.169552 -0.404359 -0.426244 -0.257894 -0.329956 -0.236772 0.098171 0.038888 -0.173978 0.185409 -0.079743 0.054593 0.036382 0.149711 -0.186945 0.108057 -0.057098 -0.018015 0.149194 0.347952 -0.062618 -0.195530 -0.344243 -0.209974 -0.068101 -0.001612 -0.194658 0.107696 0.084140 0.291077 0.173641 0.225581 0.029706 -0.016397 0.108208 0.091432 -0.157642 0.044355 0.223048 0.147853 -0.083773 -0.088128 0.122457 -0.041037 -0.143471 0.112993 -0.077667 -0.006842 0.184240 -0.259893 -0.047821 -0.035796 0.280336 -0.137300 0.295774 0.052880 -0.000213 -0.054116
0.180007 0.031466 -0.053103 -0.030092 1.000000 0.304441 0.123711 -0.071186 0.364863 0.634153 0.294818 0.003288 0.067350 0.012344 0.481961 0.027165 0.076623 0.182757 0.139942 0.035072 0.332357 -0.104953 0.263545 0.209525 -0.281511 -0.234258 0.604138 0.543860 0.273546 -0.100057 0.160936 -0.136075 -0.189093 -0.152487 0.258689 0.011963 -0.128051 -0.363145 -0.215562 -0.262969 0.365279 0.173047 -0.353223 -0.176627 -0.158845 0.077473 -0.060230 -0.352480 -0.398104 -0.014158 0.133039 -0.120755 -0.063277 0.032928 0.364604 -0.319247 -0.031571 0.104897 0.036972 0.022621 0.128072 0.036712 0.155855 0.058260 0.168752 0.068245 -0.139400 -0.206811 0.010775 -0.075737 0.420788 -0.126918 -0.193932 -0.074375 -0.152257 -0.011777 -0.285832 -0.265337 -0.450395 -0.165768 0.111558 0.148345 0.455682 0.476555 0.437359 0.150250 -0.009721 0.506614 0.432111 -0.037644 -0.285946 -0.086220 0.225708 0.148021 -0.281879 -0.074891 -0.116544 -0.024309 -0.409612 -0.411523 -0.006035 -0.080127 -0.019068 -0.143759 -0.121511 -0.291574 -0.233922 0.079928 -0.038189 0.059697 -0.480420 -0.197252 -0.009299 -0.297356 -0.084365 -0.116060
0.144289 -0.009060 0.189320 0.282011 0.304441 1.000000 0.277150 0.078792 0.057673 0.390391 -0.066515 -0.253221 -0.025912 0.024170 0.357043 -0.074455 -0.380734 -0.392577 0.016345 -0.102478 0.150332 0.082038 0.412937 0.505226 0.371630 0.341358 0.200349 0.424787 -0.232445 -0.495325 0.068901 0.217690 -0.230452 -0.099464 0.307620 0.152074 -0.340348 -0.187566 -0.087130 -0.245762 0.051538 0.209148 -0.145841 -0.234142 -0.301714 -0.227102 0.049055 -0.229739 -0.252796 -0.293569 0.151268 -0.306628 0.091011 0.046155 0.320111 -0.081563 -0.044559 -0.152387 0.195562 -0.062002 0.027982 0.054907 -0.243787 -0.230102 0.321836 0.135948 -0.182023 0.003934 -0.397900 -0.123443 0.184115 0.283250 -0.345808 -0.190926 -0.144867 -0.142536 -0.137665 0.078211 -0.371957 -0.265919 -0.293071 -0.361909 0.126440 0.079621 0.291364 0.251181 0.043994 0.392283 0.589320 0.253314 -0.175051 0.104881 0.310217 0.265040 -0.313528 -0.077733 0.056654 -0.208069 -0.286513 -0.310444 0.023205 -0.160001 0.037445 -0.023897 0.074724 0.174828 -0.167931 0.007999 -0.091466 -0.274274 -0.157072 -0.213319 0.349259 0.128773 0.182675 -0.107955
0.010321 -0.192189 0.473235 0.272860 0.123711 0.277150 1.000000 0.705987 -0.152129 0.037667 0.051739 -0.058773 0.096685 -0.009329 0.003652 0.029619 -0.215178 -0.251258 -0.015882 -0.031144 0.140626 -0.076206 0.118235 0.203067 0.250789 0.067304 0.076953 -0.101173 0.004327 -0.273767 0.137356 0.109876 0.066743 0.072750 -0.140784 -0.069225 -0.182858 -0.321254 -0.089445 -0.311073 -0.093992 -0.085763 -0.257046 -0.529341 -0.488922 -0.562656 -0.068973 -0.227223 -0.250857 -0.434330 -0.032030 -0.236129 0.174248 0.001275 -0.002184 -0.177067 -0.084225 -0.365835 0.067003 -0.007023 0.169680 0.075925 -0.109440 -0.068380 0.141292 0.076976 -0.161383 -0.031349 -0.325632 -0.127761 0.176607 0.114324 0.047843 0.080450 0.112571 -0.100962 0.343555 0.208279 -0.286305 -0.196892 -0.165665 -0.168780 0.080209 0.089597 -0.115917 -0.164516 -0.209658 0.065596 0.424850 0.253183 0.149381 0.150639 0.266194 0.149505 -0.219463 -0.198051 -0.168799 -0.017551 -0.082056 0.068713 -0.339263 -0.006224 0.090038 0.080314 0.136914 0.119267 -0.178135 -0.182916 -0.059327 -0.284610 0.108872 -0.094159 0.188271 0.074832 0.154768 -0.197046
-0.187727 -0.288406 0.403697 0.337231 -0.071186 0.078792 0.705987 1.000000 -0.318294 -0.165874 -0.083192 0.153477 0.079933 0.165541 -0.252856 0.078280 -0.206516 -0.180140 -0.177867 -0.170052 -0.025357 0.017306 -0.034072 -0.043886 0.196013 0.147566 -0.193520 -0.274975 -0.197090 -0.020071 0.106517 0.171251 0.199769 0.223395 -0.216344 0.062902 -0.226411 -0.129781 -0.055990 -0.057930 -0.302622 -0.181359 -0.240311 -0.394160 -0.479489 -0.543873 -0.195046 -0.142093 -0.179312 -0.573360 -0.093782 -0.020037 -0.095895 -0.155085 -0.110562 -0.033172 -0.197360 -0.522184 -0.077594 0.025674 0.138524 0.332006 -0.121484 -0.043623 -0.042399 0.392350 -0.048649 0.368638 -0.368929 -0.179367 0.122151 0.252508 -0.002351 0.155179 0.256570 -0.078346 0.311893 0.327895 -0.201321 -0.097598 -0.240714 -0.219640 -0.239845 -0.056263 -0.418785 -0.237410 -0.275982 -0.015334 0.121624 0.171919 0.247332 0.003408 0.349599 0.051043 0.040537 -0.108724 -0.108416 0.227278 -0.178443 0.063857 -0.363707 0.085445 0.074392 0.100322 0.225416 0.250153 -0.250318 -0.187914 -0.005177 -0.228684 0.351884 -0.081251 0.015350 0.231389 0.166641 -0.117994
0.323102 0.277495 -0.349686 -0.361260 0.364863 0.057673 -0.152129 -0.318294 1.000000 0.390456 0.449445 0.215861 0.307219 0.383079 0.333206 0.278719 0.148220 0.166057 -0.054283 -0.054548 0.055945 -0.074609 -0.070442 -0.243163 -0.129708 -0.463143 0.345276 0.015019 0.105121 0.148202 -0.197091 -0.277099 -0.087769 -0.075512 0.148091 -0.090862 0.190774 0.104126 -0.012673 -0.085047 -0.017804 -0.251298 -0.088314 0.008865 0.235857 0.170206 -0.007912 -0.266668 0.092405 0.260292 0.110046 -0.105471 -0.038805 -0.156395 -0.092224 -0.059967 -0.239127 -0.018804 0.413647 0.303584 0.306437 0.229302 0.123244 0.202729 0.340721 0.164044 -0.008136 -0.286983 -0.006762 -0.045101 -0.218738 -0.160875 0.023716 -0.170664 0.094482 0.356296 -0.064490 -0.296281 0.127099 -0.027417 0.182032 0.182918 -0.017323 -0.019588 0.289045 0.011176 0.059320 -0.138870 0.004374 -0.217445 -0.207105 -0.041843 -0.124165 0.054808 -0.024840 0.147598 -0.237594 -0.325597 0.024419 -0.105526 0.220992 0.218581 0.022684 0.020612 -0.309127 -0.132020 0.080729 0.161117 -0.213843 -0.080171 -0.258752 -0.058309 -0.222327 -0.069160 -0.157102 -0.170958
0.089874 -0.075255 -0.011881 -0.070621 0.634153 0.390391 0.037667 -0.165874 0.390456 1.000000 0.320871 0.025417 0.279575 0.227494 0.444770 0.091475 -0.030769 -0.050631 0.271248 0.152689 0.133434 -0.153141 0.331048 0.280497 0.081729 -0.139517 0.385312 0.370761 0.272816 -0.283197 -0.047718 -0.001247 -0.135734 -0.036527 0.281155 0.191784 -0.270878 -0.363361 -0.181285 -0.232753 0.131785 0.096860 -0.331330 -0.224189 -0.152597 0.045611 -0.126365 -0.431986 -0.120025 0.045234 -0.012954 -0.240169 -0.022567 -0.142451 0.400457 -0.286820 -0.140287 -0.112775 0.366980 0.155608 0.319229 0.121727 0.136494 -0.003946 0.364497 0.204301 -0.157249 -0.136168 -0.092470 -0.094079 0.140089 -0.190214 -0.248592 -0.259968 -0.051279 -0.016246 -0.156414 -0.165329 -0.302425 -0.079753 -0.092369 -0.158928 0.353648 0.229857 0.390040 0.023769 0.094142 0.273152 0.500351 0.088696 -0.262407 0.153603 0.120316 0.126469 -0.284705 0.076630 -0.103465 -0.078921 -0.289968 -0.408664 0.008121 -0.187425 0.082153 -0.124213 -0.136636 -0.047854 -0.326349 -0.053041 -0.036305 -0.049358 -0.344560 -0.363133 -0.041155 -0.039700 0.118515 -0.050546
0.440336 0.252249 -0.199714 -0.607492 0.294818 -0.066515 0.051739 -0.083192 0.449445 0.320871 1.000000 0.544248 0.726892 0.549704 0.082548 0.065958 0.143127 0.222984 -0.134314 -0.185171 0.047332 -0.133575 -0.162306 -0.245884 0.023846 -0.434579 0.174219 -0.058518 0.360001 0.272288 -0.180941 -0.377212 0.035177 0.142489 0.205844 -0.110063 0.101042 -0.072513 -0.019787 0.086167 0.134309 -0.051914 -0.417721 -0.290201 -0.191227 0.011446 -0.248661 -0.451374 -0.011544 -0.044695 -0.306902 -0.239162 -0.250705 -0.400651 0.123941 -0.232497 -0.318017 -0.082473 0.440088 0.472164 0.678537 0.481653 0.461001 0.327468 0.018966 0.248731 0.127666 -0.195381 -0.098076 -0.131445 0.161630 -0.136990 0.150544 -0.197379 -0.113248 0.107928 -0.008479 -0.300492 -0.248196 0.011986 0.243422 0.122379 0.064579 0.168562 0.171485 -0.286081 -0.326677 -0.108994 0.081445 -0.170931 -0.110379 -0.080601 0.014923 -0.096697 -0.097379 0.101693 -0.257163 -0.150459 -0.119349 -0.144312 -0.095070 0.070017 0.190765 -0.178263 0.016486 -0.027968 -0.132040 0.142150 -0.102560 -0.017806 -0.359185 -0.067660 -0.291276 -0.085901 -0.018975 -0.157318
0.038104 0.075348 -0.111171 -0.397587 0.003288 -0.253221 -0.058773 0.153477 0.215861 0.025417 0.544248 1.000000 0.567242 0.748814 -0.118009 0.335390 -0.072183 0.146162 -0.092127 -0.116079 -0.084208 -0.118252 -0.442012 -0.560800 0.070267 -0.140951 -0.116778 -0.221612 0.161987 0.318494 -0.230719 -0.386725 0.244659 0.165178 0.260350 0.139689 0.042726 0.093297 -0.029778 0.039766 0.094223 -0.074122 -0.244398 -0.061662 0.043718 0.079895 -0.271057 -0.227789 0.208693 -0.014593 -0.008540 0.129270 -0.246081 -0.483801 -0.161017 -0.250509 -0.484817 -0.465975 0.313112 0.203778 0.470163 0.452746 0.184740 0.145519 0.046904 0.448683 0.228343 0.229711 -0.330647 -0.172706 -0.063222 -0.114845 0.270841 -0.154054 0.141848 0.224891 0.086694 -0.014408 0.065101 -0.057768 0.048506 -0.042687 -0.256824 -0.000226 -0.038592 -0.082995 -0.426508 -0.222570 -0.151397 -0.328589 -0.146878 -0.142125 -0.102157 -0.283489 0.056782 -0.011040 -0.247975 -0.240938 -0.266255 -0.322497 -0.196282 0.237776 0.074443 -0.270056 -0.035199 0.065579 -0.004391 0.094939 -0.017414 0.040103 -0.044142 -0.152035 -0.416256 -0.102213 0.038165 -0.140272
0.054041 -0.049623 -0.272932 -0.466197 0.067350 -0.025912 0.096685 0.079933 0.307219 0.279575 0.726892 0.567242 1.000000 0.728676 -0.065543 0.181335 0.056639 0.151686 -0.226129 -0.142707 0.011223 -0.114829 -0.327347 -0.341812 0.225405 -0.277228 0.016975 -0.220018 0.264430 0.306046 -0.183963 -0.186022 0.268627 0.202666 0.049465 -0.023426 0.036298 -0.029622 0.197442 0.144573 0.017241 -0.089374 -0.403837 -0.373315 -0.017144 -0.029586 -0.327741 -0.371211 0.253403 -0.062558 -0.414352 -0.114555 -0.158802 -0.414009 0.160560 -0.150473 -0.506466 -0.383696 0.477294 0.359404 0.752716 0.428100 0.411298 0.307046 0.043033 0.275949 0.173896 -0.016916 -0.367892 -0.271449 0.150137 0.032954 0.133484 0.064523 0.164640 0.102772 0.141981 0.076733 -0.048662 0.162071 0.048642 0.019948 -0.112227 0.053802 -0.116188 -0.370456 -0.355736 -0.202583 0.074440 -0.105730 -0.100040 0.045297 0.012206 -0.099674 -0.188330 -0.110094 -0.200995 -0.142748 -0.080494 -0.148759 -0.190129 -0.000541 0.235580 -0.104981 0.201607 0.270928 -0.212176 -0.127644 0.000662 -0.074284 -0.101992 -0.130342 -0.076897 0.025263 0.242511 -0.053600
-0.003164 -0.012970 -0.161652 -0.339066 0.012344 0.024170 -0.009329 0.165541 0.383079 0.227494 0.549704 0.748814 0.728676 1.000000 -0.013723 0.308944 -0.042392 0.060699 -0.156592 -0.142180 -0.116917 -0.026846 -0.305091 -0.453237 0.287056 -0.133584 -0.089769 -0.180520 0.073602 0.246407 -0.304835 -0.201506 0.318012 0.223136 0.230303 0.166391 -0.025458 0.068168 0.142009 0.159870 -0.070151 -0.060310 -0.360933 -0.279049 -0.025018 -0.088110 -0.365144 -0.454289 0.199030 -0.137685 -0.103417 -0.015843 -0.297938 -0.551867 0.061652 -0.206470 -0.592026 -0.515676 0.460177 0.299949 0.581067 0.458165 0.145072 0.137438 0.243334 0.590917 0.284010 0.234595 -0.447903 -0.296234 -0.090701 0.026394 0.225416 -0.019906 0.317054 0.242754 0.136817 0.070726 0.036822 0.017767 -0.052095 -0.161793 -0.301941 -0.157747 -0.101628 -0.172763 -0.320232 -0.256620 0.028760 -0.181233 -0.206113 -0.124041 -0.105704 -0.216843 -0.052758 0.045850 -0.168489 -0.268970 -0.296631 -0.223194 -0.261823 0.154414 0.172514 -0.127640 0.023369 0.206187 -0.173257 -0.001076 -0.098808 -0.038143 0.035207 -0.208311 -0.241039 0.148482 0.167874 -0.181436
0.320261 -0.089025 -0.012420 0.079530 0.481961 0.357043 0.003652 -0.252856 0.333206 0.444770 0.082548 -0.118009 -0.065543 -0.013723 1.000000 0.086129 0.088334 -0.062498 0.316950 0.219266 -0.012057 -0.096327 0.474487 0.432589 -0.098402 0.055818 0.200614 0.426879 0.286322 -0.243618 0.176135 0.193787 -0.196097 -0.139485 0.368786 0.092575 -0.059981 -0.289438 -0.488864 -0.436518 0.281798 0.154238 -0.109192 0.018390 -0.071742 0.117608 -0.105839 -0.347182 -0.374153 0.038108 0.400329 -0.268489 -0.111385 -0.073753 0.172106 -0.380219 0.127721 0.041252 -0.087195 -0.355079 -0.178219 -0.363288 -0.026460 -0.212614 0.584568 0.091481 -0.243688 -0.256369 -0.055089 -0.152119 0.078933 -0.170217 -0.073143 -0.148238 0.110389 0.084519 -0.129538 0.000802 -0.226724 -0.129626 -0.017024 -0.017738 0.391877 0.170922 0.687998 0.570078 0.282309 0.460229 0.435407 -0.143196 -0.482804 -0.004381 -0.090107 0.173798 -0.427346 0.026112 0.009453 -0.327289 -0.312836 -0.359004 0.109180 -0.184142 -0.201047 -0.076051 -0.319350 -0.011740 -0.066818 0.161670 -0.297532 0.008838 -0.367227 -0.180814 0.076917 -0.087416 0.020005 0.004272
-0.002708 0.098622 -0.050122 0.051861 0.027165 -0.074455 0.029619 0.078280 0.278719 0.091475 0.065958 0.335390 0.181335 0.308944 0.086129 1.000000 -0.012992 -0.127074 0.106459 0.035051 0.273492 -0.030842 -0.178463 -0.282151 -0.040529 -0.125483 0.223955 -0.066216 0.121694 0.022754 -0.455252 -0.231539 0.032121 -0.026872 -0.091056 -0.064321 0.241554 0.128107 0.007029 -0.168330 -0.004225 -0.111491 -0.097561 -0.081898 -0.030611 -0.255087 -0.003574 -0.176301 0.113121 -0.099499 0.189550 0.065870 0.013257 -0.307932 -0.390430 -0.161842 -0.125650 -0.257798 0.203603 0.150666 0.108063 0.117765 0.049268 0.034211 0.119741 0.133986 0.108854 -0.048983 -0.045679 0.079610 -0.179746 -0.112461 0.194423 0.110193 0.346864 0.363832 0.204695 0.046457 0.241477 -0.108178 0.248846 0.083064 0.001465 0.038260 -0.025866 -0.007612 -0.281011 -0.365583 -0.010516 -0.127742 0.038198 0.051923 -0.197585 -0.103341 0.073288 0.105535 -0.323671 -0.304688 -0.119036 -0.037110 0.265344 0.441651 -0.027900 -0.034732 -0.060729 0.034149 0.269631 0.044942 -0.005119 -0.022579 -0.027736 -0.169674 -0.115355 -0.034901 -0.136129 -0.048851
0.096540 -0.022610 -0.300474 -0.254270 0.076623 -0.380734 -0.215178 -0.206516 0.148220 -0.030769 0.143127 -0.072183 0.056639 -0.042392 0.088334 -0.012992 1.000000 0.700743 -0.054215 0.149682 -0.088132 0.079447 -0.033764 -0.086485 -0.377351 -0.413985 0.079875 -0.134497 0.332812 0.547617 0.085248 0.012488 0.050142 -0.025108 -0.108603 -0.024358 0.099230 -0.208581 0.073955 0.160627 0.098143 -0.084318 -0.169601 -0.107867 0.414950 0.319623 -0.244275 -0.207730 -0.048177 0.286637 -0.043901 0.075144 -0.128949 0.048471 0.064506 -0.108075 0.251587 0.261792 -0.083771 -0.040998 0.093851 -0.191561 0.523550 0.369587 -0.028707 -0.183863 0.027639 -0.248073 0.272463 -0.076289 -0.043917 -0.112662 0.259092 0.225510 0.193825 0.197231 -0.110356 -0.033170 0.336476 0.408268 0.361926 0.399070 0.147649 0.126058 -0.018461 -0.097315 0.311750 0.018710 -0.089143 -0.209330 -0.220762 -0.182226 -0.242899 -0.181904 -0.119029 -0.043548 -0.075320 0.123000 0.064080 0.170453 0.184413 -0.028918 -0.112026 0.086633 -0.125793 -0.284558 -0.063215 -0.139964 -0.266178 0.145309 -0.111327 0.001326 -0.173175 -0.230583 -0.364904 -0.160648
0.029755 0.098218 -0.434047 -0.263557 0.182757 -0.392577 -0.251258 -0.180140 0.166057 -0.050631 0.222984 0.146162 0.151686 0.060699 -0.062498 -0.127074 0.700743 1.000000 0.048458 0.237200 -0.106057 0.098236 -0.343668 -0.362397 -0.383865 -0.624905 0.187789 -0.201735 0.511540 0.694753 0.145905 -0.095574 0.188373 -0.144820 -0.035060 -0.088170 0.220424 -0.127773 0.138101 0.153984 0.188761 -0.052652 -0.176651 -0.085234 0.430908 0.426235 -0.260446 -0.243425 0.060145 0.327240 -0.124606 0.238238 -0.072103 0.063997 0.130084 -0.092252 0.024539 0.164880 0.035935 -0.007937 0.248766 -0.064533 0.613971 0.613368 -0.134980 -0.209243 0.261851 -0.218741 0.049299 -0.265079 0.033430 -0.230708 0.426128 0.284567 0.083425 0.175982 -0.098580 -0.138058 0.218862 0.356955 0.271382 0.533670 0.184127 0.284855 -0.049616 0.033570 0.180227 0.092185 -0.074333 -0.333758 -0.406900 -0.381722 -0.355778 -0.308278 -0.206325 -0.169726 -0.090954 0.038543 -0.012624 -0.113453 -0.041941 0.045360 0.115612 -0.157778 -0.239952 -0.385297 -0.081205 -0.082779 -0.095471 0.011349 -0.345608 0.069197 -0.190428 -0.407328 -0.301869 -0.214938
-0.111084 -0.060294 0.109806 0.274481 0.139942 0.016345 -0.015882 -0.177867 -0.054283 0.271248 -0.134314 -0.092127 -0.226129 -0.156592 0.316950 0.106459 -0.054215 0.048458 1.000000 0.751449 -0.019112 -0.186874 0.087323 0.146085 -0.118592 -0.202901 -0.003939 0.037642 0.266456 -0.061959 -0.050370 0.023168 0.008391 -0.229870 0.115659 -0.041051 -0.015083 -0.272371 -0.089478 -0.262421 0.130386 0.063171 0.066862 0.108216 -0.023458 0.110130 -0.051211 -0.072965 -0.067170 0.134799 0.144180 0.078769 0.034285 0.144667 0.106919 -0.316004 0.085593 -0.034224 -0.019776 -0.210517 -0.202704 -0.401852 0.008486 0.043707 0.324840 -0.074699 0.074530 -0.190037 0.112838 0.129172 -0.283882 -0.499045 0.136175 -0.057948 -0.030268 0.002392 0.091977 -0.024617 -0.006474 -0.005778 -0.147337 0.071515 0.375205 0.173091 0.234727 0.210047 0.256967 0.174516 0.341179 0.006192 -0.325296 0.051042 -0.230534 0.097271 -0.226149 0.097988 0.112774 -0.119652 -0.134349 -0.369944 0.228578 -0.063017 0.049309 -0.222051 -0.185081 -0.252001 0.045006 -0.027112 -0.074376 0.088832 -0.200415 -0.113868 -0.046882 -0.076356 0.044467 0.110732
-0.326641 -0.293221 -0.172938 0.215059 0.035072 -0.102478 -0.031144 -0.170052 -0.054548 0.152689 -0.185171 -0.116079 -0.142707 -0.142180 0.219266 0.035051 0.149682 0.237200 0.751449 1.000000 -0.094481 -0.158701 -0.078429 0.189735 -0.243533 -0.301154 -0.034768 -0.160997 0.460213 0.127275 0.005642 0.218035 0.098332 -0.089255 0.036694 0.071484 -0.048930 -0.275786 -0.010212 -0.132080 -0.027929 -0.103827 -0.188270 -0.088478 0.123827 0.222061 -0.389591 -0.129906 -0.147794 0.185137 -0.044420 0.012554 -0.093768 0.027213 -0.035059 -0.411542 -0.079474 -0.110897 0.030651 -0.258445 -0.190835 -0.539977 0.152261 0.151289 0.386516 -0.123700 0.198469 -0.012357 0.169330 0.243180 -0.278442 -0.577315 0.255090 0.020691 0.042951 0.169571 0.187459 0.102537 0.233883 0.213212 -0.113144 0.152165 0.389613 0.313961 0.124931 0.335097 0.323197 0.187896 0.328146 -0.012551 -0.303751 0.299521 -0.282585 0.190381 -0.230669 -0.010065 0.115080 0.103637 -0.205734 -0.307622 0.185863 -0.068820 -0.162967 -0.154420 -0.197468 -0.249834 0.115268 -0.251789 -0.166690 0.236074 -0.038760 -0.091727 -0.132251 -0.279403 -0.093489 0.101980
0.068216 0.200064 0.223638 0.121177 0.332357 0.150332 0.140626 -0.025357 0.055945 0.133434 0.047332 -0.084208 0.011223 -0.116917 -0.012057 0.273492 -0.088132 -0.106057 -0.019112 -0.094481 1.000000 0.291263 0.173134 0.051387 0.007072 0.059378 0.556580 0.359184 -0.013743 -0.156129 0.097454 -0.094397 -0.151218 -0.144656 -0.038570 0.152584 -0.065247 -0.094715 -0.149939 0.000905 -0.014931 0.029085 -0.087136 -0.155906 -0.130969 -0.145911 0.124641 0.030365 -0.153223 -0.048159 0.048497 -0.106500 0.204861 0.113343 -0.035932 0.059728 0.149595 0.259611 0.121987 0.211924 -0.009528 0.076345 0.055470 -0.068572 -0.163251 -0.015764 -0.003395 0.064232 0.037669 0.022010 0.290584 0.047757 -0.280665 -0.012283 -0.121448 0.162594 -0.079681 0.031115 -0.231988 -0.192940 -0.038179 -0.037929 0.059002 0.208403 -0.093410 -0.146804 -0.259651 0.153975 0.221880 0.110766 0.077806 -0.135470 0.141298 0.064350 -0.088166 -0.124147 -0.003680 -0.019779 0.011813 -0.003979 -0.000484 0.197124 -0.045936 0.062174 0.075527 -0.164257 0.083908 -0.062323 -0.002165 -0.020118 0.048446 -0.139819 0.233319 -0.154697 -0.087630 -0.206366
-0.038905 0.004586 0.123576 0.148465 -0.104953 0.082038 -0.076206 0.017306 -0.074609 -0.153141 -0.133575 -0.118252 -0.114829 -0.026846 -0.096327 -0.030842 0.079447 0.098236 -0.186874 -0.158701 0.291263 1.000000 0.131315 -0.007917 0.120283 0.244595 0.242836 0.195845 -0.122272 0.090312 0.098065 0.271063 -0.031971 -0.040940 0.120186 0.314379 -0.082317 0.122418 0.040226 0.327734 -0.305036 0.019636 -0.024385 -0.072523 -0.010556 0.054903 -0.022069 0.043230 0.040357 0.002197 0.055950 -0.048156 0.009399 0.023899 0.087751 0.300427 0.213710 0.179504 0.008516 0.041462 -0.071882 0.019480 -0.014315 -0.136054 -0.167851 0.057517 0.134754 0.265496 -0.047526 -0.205649 0.064260 0.282677 -0.163551 0.047971 -0.027452 0.088993 -0.124578 0.250019 -0.027160 -0.124842 -0.294139 -0.263924 -0.167613 -0.159602 -0.304136 -0.096652 0.147583 0.066464 -0.061415 0.092291 0.001394 -0.206877 0.108623 -0.094116 0.035754 -0.102472 0.188296 0.181874 0.114182 0.078142 -0.266439 0.090996 -0.288126 0.011427 -0.080559 -0.084961 0.043384 -0.221312 -0.003821 -0.269047 0.320998 -0.091986 0.170634 -0.020268 -0.241296 -0.208552
0.231540 -0.056084 0.528044 0.252247 0.263545 0.412937 0.118235 -0.034072 -0.070442 0.331048 -0.162306 -0.442012 -0.327347 -0.305091 0.474487 -0.178463 -0.033764 -0.343668 0.087323 -0.078429 0.173134 0.131315 1.000000 0.698912 0.097437 0.535582 0.194031 0.566290 -0.164365 -0.537221 0.237788 0.323235 -0.351617 -0.037928 0.205574 0.314433 -0.276631 -0.361403 -0.387655 -0.154377 -0.038468 0.062240 0.104602 0.147238 -0.198913 0.016012 0.209352 0.111620 -0.264833 -0.061279 0.352794 -0.229583 -0.055186 0.224702 0.129103 0.053489 0.399807 0.269230 -0.204289 -0.299748 -0.332937 -0.181044 -0.332792 -0.575321 0.159787 0.129458 -0.560343 -0.030916 0.128103 -0.042747 0.094157 -0.108885 -0.596393 -0.286934 -0.159441 -0.106588 -0.317680 -0.028946 -0.174981 -0.071610 -0.275531 -0.319200 0.171757 -0.096177 0.325484 0.058956 0.280747 0.292007 0.329803 0.072662 -0.129923 -0.105352 0.109129 0.056128 -0.071912 0.014700 0.247850 0.055378 -0.084382 -0.002021 0.107653 -0.229539 -0.213850 0.027871 -0.068383 -0.013863 -0.233114 -0.048731 -0.271918 -0.050281 0.080439 -0.126327 0.138427 0.222305 -0.053550 -0.062853
0.024843 -0.292034 0.213778 0.392120 0.209525 0.505226 0.203067 -0.043886 -0.243163 0.280497 -0.245884 -0.560800 -0.341812 -0.453237 0.432589 -0.282151 -0.086485 -0.362397 0.146085 0.189735 0.051387 -0.007917 0.698912 1.000000 0.058197 0.465421 -0.008391 0.445278 -0.015956 -0.573260 0.363369 0.590531 -0.292888 -0.006390 0.163072 0.231983 -0.301776 -0.373035 -0.322923 -0.244343 -0.097256 0.127370 -0.063303 -0.064362 -0.213228 -0.003071 0.032911 0.118809 -0.384334 -0.093572 0.235071 -0.337956 0.018571 0.271437 0.088203 -0.065974 0.300138 0.158969 -0.261513 -0.423792 -0.373188 -0.368329 -0.228262 -0.417195 0.256050 -0.097571 -0.493074 -0.067946 0.147209 0.139003 0.206437 0.004360 -0.472571 -0.248342 -0.302858 -0.225487 -0.032770 0.166890 -0.203677 -0.035648 -0.281633 -0.363917 0.274281 0.096297 0.335355 0.184440 0.328694 0.395599 0.461780 0.222093 0.055385 0.281143 0.306539 0.376978 -0.288752 -0.050482 0.176798 0.237892 -0.052900 -0.032409 0.253865 -0.332733 -0.300342 0.206104 -0.044851 -0.107409 -0.172063 -0.236966 -0.094682 0.158841 0.081030 -0.141296 0.243437 0.064206 -0.055514 -0.027772
-0.041493 -0.187234 0.193483 -0.018514 -0.281511 0.371630 0.250789 0.196013 -0.129708 0.081729 0.023846 0.070267 0.225405 0.287056 -0.098402 -0.040529 -0.377351 -0.383865 -0.118592 -0.243533 0.007072 0.120283 0.097437 0.058197 1.000000 0.406401 -0.219909 -0.030028 -0.188531 -0.303480 -0.007157 0.217785 0.207686 0.204330 0.067553 0.157159 -0.304043 0.022590 0.003571 -0.036132 -0.106275 0.153398 0.000410 -0.129509 -0.126856 -0.161223 0.003273 -0.011457 0.195206 -0.177416 -0.022840 -0.101370 0.085270 -0.168998 0.124363 0.090423 -0.117532 -0.227722 0.257916 0.071789 0.143182 0.182474 -0.246599 -0.060903 0.178787 0.253797 -0.053382 0.158289 -0.497767 -0.266331 0.006326 0.218464 -0.119218 -0.083440 -0.008657 -0.221127 0.062228 0.272566 -0.173733 -0.253473 -0.420406 -0.507409 -0.370823 -0.354652 -0.092175 -0.134532 -0.119718 -0.066202 0.106790 0.064909 0.056805 0.021840 0.088142 0.033560 -0.121404 -0.059285 0.236522 -0.207469 0.058296 -0.000470 -0.251733 -0.127940 0.266129 0.071550 0.119566 0.407360 -0.173269 -0.123825 -0.052368 -0.325779 0.177312 -0.154463 0.286582 0.376812 0.455152 0.049242
-0.146516 -0.251743 0.494275 0.364928 -0.234258 0.341358 0.067304 0.147566 -0.463143 -0.139517 -0.434579 -0.140951 -0.277228 -0.133584 0.055818 -0.125483 -0.413985 -0.624905 -0.202901 -0.301154 0.059378 0.244595 0.535582 0.465421 0.406401 1.000000 -0.282065 0.391222 -0.463786 -0.569713 0.191608 0.368302 -0.175975 0.141230 0.197173 0.410621 -0.311315 0.017324 -0.222243 -0.090251 -0.115745 0.230055 0.275997 0.256582 -0.127138 -0.056658 0.256951 0.419699 -0.045223 -0.142033 0.375231 -0.075255 0.052573 0.114314 -0.055544 0.184882 0.221758 0.011760 -0.313561 -0.402676 -0.466927 -0.135530 -0.644597 -0.749483 -0.000709 0.188545 -0.383186 0.328853 -0.115224 -0.006598 0.084381 0.301357 -0.488896 -0.177518 -0.043450 -0.271506 -0.099097 0.378795 -0.099903 -0.219567 -0.461503 -0.609891 -0.303746 -0.385727 -0.019673 0.036910 -0.015013 0.074859 -0.013337 0.111212 0.211105 0.018794 0.285199 0.091348 0.060191 -0.053413 0.297640 0.024767 -0.004324 0.131321 -0.113604 -0.156971 -0.316608 0.114472 0.115235 0.228484 -0.068393 -0.054656 -0.011527 0.032919 0.453577 -0.046543 0.316349 0.325885 0.159975 0.091453
0.286533 0.343414 0.081353 -0.016267 0.604138 0.200349 0.076953 -0.193520 0.345276 0.385312 0.174219 -0.116778 0.016975 -0.089769 0.200614 0.223955 0.079875 0.187789 -0.003939 -0.034768 0.556580 0.242836 0.194031 -0.008391 -0.219909 -0.282065 1.000000 0.412717 0.303424 -0.106094 -0.032702 -0.247607 -0.220631 -0.405354 0.036959 -0.050657 0.106193 -0.067255 -0.010038 0.034294 0.232100 0.016119 -0.200213 -0.219996 -0.138752 -0.117298 0.089070 -0.244051 -0.170078 0.019922 0.022575 -0.016899 0.135143 0.125201 0.242975 -0.032285 0.103004 0.290623 0.161451 0.194469 0.153772 0.041884 0.242056 0.092222 -0.158348 -0.196993 -0.024166 -0.206738 0.056381 -0.104751 0.291738 -0.162903 -0.080918 0.066209 -0.167714 0.184504 -0.258948 -0.347440 -0.203337 -0.145046 0.237231 0.264467 0.446609 0.435618 0.157734 0.043092 -0.082976 0.128651 0.202167 -0.011351 -0.262986 -0.187461 -0.060844 -0.171342 -0.021186 -0.052020 -0.062848 -0.049571 -0.123255 -0.237878 -0.031054 0.129751 0.030001 -0.034912 -0.242427 -0.259035 -0.030965 -0.013907 0.057779 -0.099845 -0.347488 -0.087954 -0.033653 -0.379155 -0.314271 -0.228929
0.245271 0.096206 0.240425 0.147097 0.543860 0.424787 -0.101173 -0.274975 0.015019 0.370761 -0.058518 -0.221612 -0.220018 -0.180520 0.426879 -0.066216 -0.134497 -0.201735 0.037642 -0.160997 0.359184 0.195845 0.566290 0.445278 -0.030028 0.391222 0.412717 1.000000 -0.098712 -0.506880 0.193605 0.022179 -0.409058 -0.199359 0.381042 0.214479 -0.192060 -0.185357 -0.280679 -0.158939 0.306428 0.404821 0.062525 0.192394 -0.144060 0.093552 0.209174 0.050396 -0.275111 0.015772 0.378563 -0.024021 0.036689 0.200952 0.244715 -0.164649 0.347309 0.337586 -0.153174 -0.266679 -0.282462 -0.232231 -0.231610 -0.413951 0.074115 0.001606 -0.253592 -0.103291 0.146497 -0.068513 0.496448 0.043377 -0.468101 -0.089963 -0.173872 -0.106913 -0.364226 -0.090212 -0.385990 -0.313502 -0.079856 -0.223606 0.291229 0.216199 0.340836 0.200489 0.057024 0.395358 0.234176 -0.038185 -0.212240 -0.200642 0.077441 -0.053425 -0.181575 -0.025077 0.092323 -0.136814 -0.190273 -0.215250 0.041573 -0.066643 -0.103026 -0.124960 -0.139025 -0.128423 -0.025452 0.176238 -0.061378 -0.044914 -0.264275 -0.070197 0.201162 -0.145037 0.030807 -0.029081
0.039041 -0.133000 -0.346653 -0.177374 0.273546 -0.232445 0.004327 -0.197090 0.105121 0.272816 0.360001 0.161987 0.264430 0.073602 0.286322 0.121694 0.332812 0.511540 0.266456 0.460213 -0.013743 -0.122272 -0.164365 -0.015956 -0.188531 -0.463786 0.303424 -0.098712 1.000000 0.274783 0.091658 0.045173 0.163298 -0.057892 -0.025609 -0.204440 0.166314 -0.233600 -0.133638 -0.110736 0.247779 0.011065 -0.388464 -0.278353 0.045493 0.181690 -0.374366 -0.389853 -0.101705 0.181012 -0.138935 -0.040210 -0.048467 -0.155121 0.046289 -0.419120 -0.129486 -0.034093 0.109227 0.047265 0.233402 -0.194481 0.575699 0.386776 0.108550 -0.204030 0.184991 -0.269617 0.006969 -0.124935 0.096103 -0.442415 0.441952 0.049879 0.038445 0.134081 0.005671 -0.200949 0.025921 0.094522 0.292036 0.330208 0.519009 0.463653 0.306485 0.196401 -0.005978 0.070278 0.192739 -0.274478 -0.389030 0.036838 -0.316947 -0.039951 -0.278514 0.010658 0.044441 0.004927 -0.217647 -0.293696 -0.059633 -0.098126 -0.019273 0.029753 -0.358693 -0.264555 -0.142362 -0.102764 -0.018247 0.270565 -0.378738 -0.076228 -0.202905 -0.413831 -0.183427 -0.072780
-0.111541 0.064369 -0.514361 -0.383872 -0.100057 -0.495325 -0.273767 -0.020071 0.148202 -0.283197 0.272288 0.318494 0.306046 0.246407 -0.243618 0.022754 0.547617 0.694753 -0.061959 0.127275 -0.156129 0.090312 -0.537221 -0.573260 -0.303480 -0.569713 -0.106094 -0.506880 0.274783 1.000000 -0.118584 -0.152587 0.413848 0.213769 -0.108178 -0.185643 0.129870 0.031476 0.297187 0.268451 0.000459 -0.093518 -0.234528 -0.150004 0.328892 0.290050 -0.396595 -0.256518 0.088389 0.151340 -0.357669 0.108314 -0.208139 -0.226926 0.026926 -0.031088 -0.246371 -0.085928 0.116859 0.232699 0.340575 0.181584 0.546613 0.640872 -0.148906 0.025423 0.454878 0.011959 -0.040205 -0.173398 -0.240185 -0.051175 0.470026 0.262337 0.158222 0.176001 0.011654 -0.013435 0.266191 0.362440 0.257244 0.470308 -0.072647 0.164532 -0.220186 -0.088905 0.091702 -0.092844 -0.183681 -0.180918 -0.221778 -0.216254 -0.191074 -0.173833 -0.005854 -0.041313 -0.076524 0.087680 0.006083 -0.028073 -0.000585 0.078015 0.116412 -0.143213 0.059347 -0.008013 -0.080251 -0.072214 -0.081401 0.116495 -0.126865 0.028671 -0.230608 -0.093688 -0.086208 0.041290
-0.035231 -0.270250 0.057661 0.258189 0.160936 0.068901 0.137356 0.106517 -0.197091 -0.047718 -0.180941 -0.230719 -0.183963 -0.304835 0.176135 -0.455252 0.085248 0.145905 -0.050370 0.005642 0.097454 0.098065 0.237788 0.363369 -0.007157 0.191608 -0.032702 0.193605 0.091658 -0.118584 1.000000 0.571949 -0.079378 0.025189 0.020385 0.227636 -0.167096 -0.298692 -0.372959 -0.099050 -0.109015 -0.056922 0.045483 -0.000342 0.151037 0.291472 -0.029602 0.202149 -0.055752 0.171896 0.286735 0.114970 0.180324 0.393472 0.061778 0.074535 0.214976 0.096683 -0.304617 -0.369063 -0.207470 -0.257864 0.026064 -0.123713 -0.012434 -0.104667 -0.208222 0.034497 -0.166954 -0.328784 0.355753 0.061381 -0.200446 -0.214773 -0.149788 -0.233220 -0.121589 0.111446 -0.221273 -0.047453 -0.363919 -0.239215 -0.058511 -0.039881 -0.013676 0.097660 0.237203 0.412677 0.088091 0.149746 -0.052255 -0.189120 0.097631 0.106960 -0.248004 -0.186973 0.439533 0.279406 0.092874 0.025928 -0.145408 -0.395493 -0.006590 0.139365 -0.084346 -0.068618 -0.208714 -0.292085 -0.036773 0.110474 0.095695 0.087739 0.144831 -0.102637 0.001318 -0.036108
-0.345236 -0.568239 -0.028865 0.431890 -0.136075 0.217690 0.109876 0.171251 -0.277099 -0.001247 -0.377212 -0.386725 -0.186022 -0.201506 0.193787 -0.231539 0.012488 -0.095574 0.023168 0.218035 -0.094397 0.271063 0.323235 0.590531 0.217785 0.368302 -0.247607 0.022179 0.045173 -0.152587 0.571949 1.000000 0.022032 0.185216 0.048736 0.339959 -0.259401 -0.250832 -0.225704 -0.047727 -0.448823 -0.133873 -0.135281 -0.207087 0.071591 0.201007 -0.263124 0.091665 -0.081834 0.008504 0.128461 -0.120039 0.014129 0.123410 0.018711 0.090390 0.090054 -0.140210 -0.146858 -0.372875 -0.221718 -0.329132 -0.085412 -0.141689 0.258576 0.051899 -0.146423 0.222197 -0.243785 -0.149529 0.064205 0.182394 -0.243639 -0.129633 -0.116412 -0.224470 -0.008509 0.408511 -0.022337 -0.004363 -0.525455 -0.473230 -0.029527 -0.118312 -0.102843 0.144268 0.396394 0.325259 0.253354 0.216411 0.084256 0.189713 0.131946 0.329500 -0.200592 -0.156731 0.409584 0.355377 0.053392 0.003069 0.035919 -0.336150 -0.200085 0.247028 -0.136057 0.091674 -0.285536 -0.509886 -0.136376 0.107104 0.426196 -0.182381 0.147952 0.142597 -0.001345 0.019119
-0.370733 -0.213877 -0.222728 -0.266709 -0.189093 -0.230452 0.066743 0.199769 -0.087769 -0.135734 0.035177 0.244659 0.268627 0.318012 -0.196097 0.032121 0.050142 0.188373 0.008391 0.098332 -0.151218 -0.031971 -0.351617 -0.292888 0.207686 -0.175975 -0.220631 -0.409058 0.163298 0.413848 -0.079378 0.022032 1.000000 0.427908 -0.110751 -0.132721 -0.049022 -0.109496 0.213282 -0.051853 0.051974 -0.014081 -0.165108 -0.164512 0.033870 -0.069151 -0.287662 -0.142177 0.107739 -0.161513 -0.333773 -0.028015 -0.074324 -0.211685 0.070835 -0.186908 -0.390240 -0.306298 -0.005308 0.099033 0.291330 0.117869 0.254836 0.354300 -0.034372 0.089350 0.365602 0.178798 -0.250131 -0.071871 -0.229733 -0.068360 0.407945 0.172237 0.232400 -0.139797 0.214069 0.100586 0.107776 0.215560 0.048053 0.054427 -0.110962 -0.110834 -0.182253 0.035638 -0.044126 -0.241755 -0.035782 -0.031805 -0.106737 -0.049523 -0.192149 -0.168780 -0.214469 -0.021393 0.023439 -0.102038 -0.046198 -0.005074 -0.256580 -0.095135 0.260542 0.004377 -0.012348 0.098369 -0.300715 -0.059625 -0.151609 0.051345 0.079674 -0.066500 -0.106759 0.146768 0.239584 -0.020264
-0.256848 -0.391356 -0.056336 -0.110818 -0.152487 -0.099464 0.072750 0.223395 -0.075512 -0.036527 0.142489 0.165178 0.202666 0.223136 -0.139485 -0.026872 -0.025108 -0.144820 -0.229870 -0.089255 -0.144656 -0.040940 -0.037928 -0.006390 0.204330 0.141230 -0.405354 -0.199359 -0.057892 0.213769 0.025189 0.185216 0.427908 1.000000 0.233586 0.147699 -0.310289 -0.167264 -0.083595 -0.151643 -0.135489 -0.096163 -0.345894 -0.159908 -0.158879 0.005495 -0.439504 -0.151276 -0.235517 -0.277394 -0.319419 -0.418480 -0.243113 -0.463486 -0.153768 -0.316577 -0.253453 -0.263764 0.169147 0.111231 0.219278 0.316636 -0.010069 0.070652 0.215386 0.441307 0.240941 0.433871 -0.133013 0.150716 -0.130425 0.084664 0.057374 -0.140910 0.032061 -0.128845 0.029718 0.165916 -0.050724 0.079836 -0.105158 -0.194604 -0.365658 -0.179258 -0.126120 -0.170108 -0.139773 -0.044435 0.001261 0.051370 0.136391 0.249459 0.045094 0.159566 -0.059657 0.020420 -0.062152 0.002879 -0.256463 0.133617 -0.077943 -0.104350 0.008989 -0.174659 0.163958 0.337029 -0.051210 0.027142 -0.301659 0.060431 0.171887 -0.225455 -0.079985 0.224098 0.313965 0.219978
0.037970 -0.106276 0.086264 -0.095341 0.258689 0.307620 -0.140784 -0.216344 0.148091 0.281155 0.205844 0.260350 0.049465 0.230303 0.368786 -0.091056 -0.108603 -0.035060 0.115659 0.036694 -0.038570 0.120186 0.205574 0.163072 0.067553 0.197173 0.036959 0.381042 -0.025609 -0.108178 0.020385 0.048736 -0.110751 0.233586 1.000000 0.419113 -0.234989 -0.027047 -0.116056 -0.314021 0.215851 0.288931 -0.338849 -0.102375 -0.134420 0.211942 -0.314924 -0.311789 -0.365805 -0.115443 0.131349 -0.366057 -0.312419 -0.275112 0.289788 -0.428924 -0.138928 -0.099674 0.163637 -0.215842 0.089484 0.079667 -0.119883 -0.197586 0.466936 0.382535 0.104978 0.253280 -0.183641 -0.023906 0.013645 0.042798 -0.096452 -0.146250 -0.155286 0.101781 -0.058990 0.171797 -0.221557 -0.159756 -0.166713 -0.251705 0.053618 0.125252 0.331760 0.219664 0.069605 0.285910 0.272256 -0.157781 -0.350095 0.049511 0.023196 0.142847 -0.225191 -0.086405 -0.154125 -0.281841 -0.478052 -0.414528 -0.078104 -0.031425 -0.150558 -0.427347 -0.081300 0.101878 -0.036028 0.156395 -0.244862 -0.063513 -0.124263 -0.328235 -0.087147 -0.080666 0.069988 0.018951
-0.256495 -0.321414 0.186070 0.155869 0.011963 0.152074 -0.069225 0.062902 -0.090862 0.191784 -0.110063 0.139689 -0.023426 0.166391 0.092575 -0.064321 -0.024358 -0.088170 -0.041051 0.071484 0.152584 0.314379 0.314433 0.231983 0.157159 0.410621 -0.050657 0.214479 -0.204440 -0.185643 0.227636 0.339959 -0.132721 0.147699 0.419113 1.000000 -0.394358 -0.205923 -0.200028 0.023790 -0.283069 -0.080695 -0.203556 -0.121125 0.118719 0.279675 -0.225982 0.026896 -0.020394 0.114414 0.150624 -0.022554 -0.085046 -0.034422 0.112590 0.081574 0.137692 -0.089922 0.101147 -0.159871 -0.131144 0.064710 -0.263466 -0.382671 0.250600 0.482249 -0.158367 0.452879 -0.155667 -0.102530 0.108657 0.041149 -0.420714 -0.163768 0.026830 0.150346 0.044846 0.472173 0.080403 0.298572 -0.592904 -0.583316 -0.282300 -0.264855 -0.208513 -0.003712 0.211623 0.273869 0.231252 0.216439 -0.002136 -0.011796 0.203988 0.046726 -0.145955 -0.113856 0.148894 0.087357 -0.106026 -0.162557 -0.079030 -0.060475 -0.319828 -0.115344 0.016515 -0.035864 -0.068310 -0.471742 -0.254738 -0.021014 0.350472 -0.356396 0.148542 0.136038 -0.068741 -0.274706
