1.000000 0.297124 0.075646 -0.318396 -0.048918 0.141353 0.234284 0.133024 -0.011143 -0.133445 0.587146 0.370988 0.518305 0.413462 0.408647 0.339632 0.245578 0.003313 0.088769 -0.254577 0.121317 -0.031476 -0.045628 -0.191222 -0.111918 -0.041021 -0.025106 -0.012366 0.318869 0.084989 0.193355 0.115212 0.281009 0.207828 -0.061058 -0.188905 0.106073 -0.308846 -0.125693 -0.167218 -0.032572 -0.062441 -0.119741 0.273862 -0.103347 -0.218445 -0.106063 -0.196747 0.052838 -0.297842 -0.219811 -0.027636 0.006351 -0.391824 -0.067169 -0.016210 0.460650 -0.244140 0.139358 -0.055472 0.398398 0.081055 0.142624 -0.058520 0.063693 -0.005845 -0.218830 -0.414813 -0.372378 -0.408221 -0.073441 -0.000390 0.116321 0.040832 0.138728 0.301961 0.244678 0.398296 -0.011408 0.027567 0.230268 0.002455 0.236804 0.128317 -0.033216 0.143079 -0.334773 -0.231360 -0.017433 -0.079631 -0.500406 -0.365253 -0.358788 -0.300003 0.197197 -0.024168 -0.079597 0.166717 -0.333809 -0.159963 -0.200922 -0.262376 -0.086426 -0.337221 -0.112463 -0.186613 -0.246134 -0.239784 -0.028347 0.243153 -0.268144 -0.429852 -0.463232 -0.326392 -0.237862 0.022353
0.297124 1.000000 -0.399039 0.064776 -0.340101 -0.272742 -0.124540 0.141472 -0.323618 -0.372470 0.358462 0.419607 0.035506 0.396918 0.023626 0.176795 0.493483 0.442957 0.287762 0.438978 -0.325596 -0.376332 -0.464929 -0.490355 -0.287112 -0.445883 -0.354895 -0.544140 0.566054 0.564894 -0.049570 -0.051891 0.475181 0.428268 -0.404043 -0.648920 0.433841 -0.236851 -0.301029 -0.197676 0.160654 0.125157 -0.197904 -0.057941 -0.174017 -0.659401 -0.052515 -0.305175 -0.501856 -0.335750 -0.627832 -0.264325 -0.033840 -0.074893 0.221534 0.107132 0.525659 0.371517 -0.263497 0.201982 0.171262 0.238147 0.507201 0.541775 -0.224137 -0.312058 -0.051921 -0.571742 0.212223 0.157611 0.038112 0.044360 0.606369 0.399797 0.347618 0.299068 0.462819 0.293933 0.237307 0.429041 0.698466 0.566988 0.273764 0.555281 0.045927 0.213426 -0.381397 -0.319992 -0.431952 0.000841 -0.270810 -0.418346 -0.370898 -0.337699 0.038311 0.167420 0.009938 0.165200 0.280532 0.087354 0.211251 -0.010510 0.183508 -0.119766 -0.193080 -0.176554 -0.070703 0.022778 0.203305 -0.090078 -0.310647 0.025541 0.027475 0.091730 -0.210283 0.204751
0.075646 -0.399039 1.000000 0.230357 0.181799 0.189705 0.502422 0.081584 0.510118 0.164140 0.015356 -0.178009 0.325850 -0.301827 0.297683 -0.068298 -0.037429 -0.249415 0.130721 -0.393061 0.032964 0.156524 0.690283 0.400525 0.289262 0.336946 0.164471 0.413800 -0.157321 -0.326695 0.442176 0.269509 -0.187430 -0.075566 0.298959 0.292455 -0.332538 0.091121 0.198518 -0.007423 -0.179996 0.091148 0.136800 0.087755 -0.095621 0.216994 0.101623 0.053218 0.183450 -0.056719 0.459271 -0.238113 -0.149330 -0.042731 -0.117829 0.029644 0.028958 -0.385002 0.006734 -0.573780 -0.157014 -0.386513 -0.496053 -0.575330 0.409214 0.174306 -0.268984 0.004649 -0.264955 -0.499340 -0.159976 -0.238016 -0.155703 0.009273 0.240771 -0.020979 -0.022095 0.121237 -0.175497 -0.265227 -0.455985 -0.502571 -0.170984 -0.226091 0.142921 -0.045451 0.119646 0.039104 0.472563 -0.153458 -0.209228 0.025971 -0.119650 -0.068057 -0.024363 0.030203 0.028920 -0.082707 -0.540062 -0.300709 -0.202899 -0.030803 -0.154890 -0.086360 -0.033308 0.055922 -0.160689 -0.099907 -0.272478 0.057722 0.249136 -0.251379 -0.440367 -0.131753 0.142189 -0.321232
-0.318396 0.064776 0.230357 1.000000 0.042026 0.142979 -0.243356 0.194654 0.136571 0.131322 -0.133279 -0.140647 -0.079390 -0.212072 0.130484 0.018314 0.075536 -0.266283 0.360973 0.207376 -0.103901 -0.044544 0.359191 0.413585 0.249782 0.077592 0.080667 0.094151 -0.036528 0.035323 0.283416 0.320935 -0.100647 -0.075405 -0.023434 -0.245397 0.006603 0.153564 0.090955 0.049097 0.122143 0.125064 -0.023099 -0.173803 -0.331957 -0.193225 0.099864 -0.117411 -0.340366 -0.163676 0.115777 -0.416371 -0.354597 -0.161622 0.046860 0.002545 0.086051 0.131882 -0.342843 -0.283624 -0.330009 -0.281048 -0.326050 -0.221668 0.207818 0.135228 -0.121990 -0.155228 0.172379 -0.025893 0.012464 0.006710 0.068043 0.330487 0.387755 -0.027366 0.153760 0.021029 -0.050724 -0.051914 -0.165463 -0.228029 0.024411 0.287170 0.319807 0.022126 0.427732 0.270225 0.190745 0.147061 -0.034044 -0.124869 -0.041180 -0.167042 -0.133185 0.003015 -0.039399 -0.071666 -0.074647 -0.025994 0.056044 0.000409 0.014793 0.053702 0.039199 0.169813 -0.095837 0.076049 0.012724 -0.059538 0.081176 0.020305 0.003794 0.158081 0.228813 -0.016017
-0.048918 -0.340101 0.181799 0.042026 1.000000 0.483144 0.207864 0.241209 0.360023 0.475451 -0.107130 0.113881 0.053383 0.140726 0.075660 0.200627 -0.517953 -0.342715 -0.052019 -0.331878 0.411660 0.188640 0.085658 0.096704 0.418667 0.036403 0.350726 0.146189 -0.338329 -0.230277 0.031460 -0.050080 -0.137130 -0.110659 -0.010875 0.090439 -0.230278 0.024967 0.264235 0.119877 -0.166390 -0.126040 0.243575 0.185754 0.250508 0.266816 -0.056079 -0.229630 0.455673 0.410672 0.389463 0.361388 0.206385 0.072811 0.002905 0.080050 -0.482417 -0.475914 -0.004095 -0.045462 0.039821 -0.026721 -0.373074 -0.221129 0.298124 0.351040 -0.025395 0.094306 -0.411630 -0.390676 -0.018566 -0.126090 -0.397126 -0.144139 -0.177236 0.100543 -0.146185 -0.206911 -0.221288 -0.300965 -0.373378 -0.249118 -0.173323 -0.285286 0.038575 0.049120 0.292041 0.311027 0.328236 -0.201115 -0.150291 -0.060337 0.337484 0.053491 0.031235 -0.045537 -0.069213 0.041730 -0.204705 -0.014112 -0.110221 -0.040756 -0.133157 -0.244080 0.011184 0.258338 -0.314025 -0.332423 0.237929 0.049752 -0.257543 0.020460 -0.093922 -0.159995 0.159619 0.049561
0.141353 -0.272742 0.189705 0.142979 0.483144 1.000000 0.023705 0.129255 0.296770 0.614629 0.062586 0.012460 0.203049 -0.020331 0.457093 0.474787 -0.192307 -0.308782 -0.135257 -0.436406 0.513864 0.389413 0.315841 0.273726 0.587585 0.481029 0.653385 0.496001 -0.165839 -0.242707 0.358946 0.393219 -0.058195 -0.007123 0.092615 0.177751 -0.076281 -0.015910 0.283972 0.097362 -0.140192 -0.045067 0.306228 0.303526 0.180340 0.327579 0.173075 -0.282401 0.236732 0.115229 0.424158 0.180072 -0.141611 -0.015441 -0.164921 0.209568 -0.116330 -0.507078 -0.222198 -0.318147 -0.188621 -0.311268 -0.420223 -0.500213 0.137128 0.408762 -0.282184 -0.081537 -0.523057 -0.466712 0.063686 0.158052 -0.372096 0.036719 0.065080 0.296611 0.092864 0.100436 -0.057384 -0.040514 -0.400340 -0.348246 -0.094578 -0.150898 0.131832 0.121122 0.305245 0.115067 0.341742 -0.259178 -0.306168 -0.240129 0.048128 -0.174050 0.185967 -0.124918 0.083526 0.176540 -0.324376 -0.225695 -0.372165 -0.045049 -0.216407 -0.113314 0.044752 0.172783 -0.368587 -0.170972 0.092517 0.061087 -0.066898 -0.189880 -0.211958 -0.194710 0.042074 0.000291
0.234284 -0.124540 0.502422 -0.243356 0.207864 0.023705 1.000000 0.489758 0.356962 0.175106 0.184218 0.464432 0.497158 0.370004 0.047603 0.177904 0.033102 0.001653 -0.221235 -0.447753 -0.145023 -0.152348 -0.030250 -0.139868 -0.295742 -0.175755 -0.219218 -0.106696 -0.048517 0.097490 -0.063920 -0.157288 0.160645 0.357005 0.049309 0.054973 0.033648 -0.105116 -0.111365 -0.232508 -0.185703 0.057216 -0.222199 -0.193373 0.102381 -0.113715 -0.182880 -0.160229 0.314097 0.041445 0.007435 0.037346 0.434541 -0.036845 -0.047422 -0.096444 -0.208012 -0.455902 0.192136 -0.081022 0.373326 0.242577 0.031866 0.065770 0.339783 0.218650 -0.154386 -0.159206 -0.413126 -0.457169 -0.210049 -0.477846 0.135776 0.055433 0.185967 0.101846 0.090334 0.183191 0.024334 -0.164336 -0.079829 -0.090621 -0.276886 -0.274126 -0.293280 -0.305892 -0.343600 -0.231820 0.126037 -0.222052 -0.277335 -0.191859 -0.037865 -0.018799 0.015651 -0.037553 -0.099413 -0.033095 -0.404530 -0.473344 -0.029557 -0.049189 -0.056649 -0.264622 -0.020438 -0.051068 -0.099671 -0.195599 -0.082983 -0.032312 -0.216565 -0.420630 -0.481868 -0.245565 -0.235224 -0.323910
0.133024 0.141472 0.081584 0.194654 0.241209 0.129255 0.489758 1.000000 0.326132 0.408117 0.109541 0.734777 0.285857 0.585076 0.023499 0.466406 -0.060365 -0.232850 -0.238581 -0.315670 -0.125579 -0.236987 -0.258499 -0.131809 -0.268065 -0.284273 -0.347002 -0.288495 -0.029723 0.170579 -0.107958 0.034768 0.251438 0.438884 -0.054762 -0.154159 0.092870 -0.186285 -0.156438 -0.169382 0.153262 -0.135578 -0.343345 -0.262817 0.023763 -0.243639 -0.240361 -0.351929 -0.031585 -0.058447 -0.220813 0.076175 0.190609 -0.331472 -0.054799 -0.141603 -0.171118 -0.409479 -0.004401 0.109696 0.296789 0.483840 -0.098135 0.092086 0.394556 0.562828 -0.153574 -0.216991 -0.325609 -0.409278 -0.045919 -0.280034 0.149694 0.133637 0.202089 0.187680 0.136572 0.211088 -0.038314 -0.282835 -0.069979 -0.147234 -0.202272 0.165587 -0.182680 -0.194538 -0.310727 -0.186875 0.023896 0.034567 -0.254091 -0.384076 -0.097502 -0.246193 0.101713 0.072517 -0.289838 -0.000439 -0.313771 -0.405022 0.063965 0.067346 0.146891 -0.240754 0.016671 -0.140553 -0.124779 -0.185719 0.196703 0.020758 -0.492936 -0.436353 -0.262312 -0.130379 -0.179023 -0.194101
-0.011143 -0.323618 0.510118 0.136571 0.360023 0.296770 0.356962 0.326132 1.000000 0.394595 0.082545 0.147012 0.399892 0.008918 0.489778 0.195668 -0.134001 -0.199953 0.075385 -0.277071 0.105097 -0.051585 0.476505 0.307536 0.238170 0.263978 0.085721 0.273634 -0.136111 -0.159106 0.262567 0.201586 -0.143741 0.108172 0.323794 0.314420 -0.380609 -0.108153 0.091106 -0.316357 -0.268409 -0.321085 0.060516 0.125982 -0.179266 0.097029 -0.069956 -0.211823 0.075413 -0.145274 0.420635 -0.016680 -0.234306 -0.069058 -0.093839 0.015070 -0.212376 -0.515422 -0.016849 -0.477816 -0.095930 -0.142633 -0.470030 -0.442232 0.696478 0.542834 -0.267487 -0.061358 -0.280549 -0.490483 -0.105472 -0.126159 -0.184753 -0.116399 0.125390 0.025967 0.052890 0.132739 -0.358411 -0.165350 -0.460717 -0.380342 -0.104668 -0.078683 0.188320 -0.021205 0.007737 0.084353 0.582284 -0.216648 -0.180730 -0.083031 0.007405 -0.067293 -0.058712 -0.146520 -0.079252 -0.142808 -0.424667 -0.341224 -0.140192 -0.041654 -0.194694 -0.161189 -0.197012 0.164069 -0.232874 -0.399767 0.030882 0.076330 0.065256 -0.130482 -0.319136 -0.232836 -0.086412 -0.173930
-0.133445 -0.372470 0.164140 0.131322 0.475451 0.614629 0.175106 0.408117 0.394595 1.000000 -0.109574 0.285475 0.162261 0.213032 0.262965 0.592770 -0.414830 -0.463128 -0.417632 -0.379375 0.184184 0.211642 0.177426 0.496283 0.256031 0.351644 0.386979 0.459326 -0.469793 -0.336285 0.017990 0.119759 -0.306717 -0.136749 -0.054340 0.208463 -0.198089 0.007673 0.124626 0.061333 0.040765 -0.090569 -0.000469 -0.026305 0.078567 0.306250 -0.229341 -0.207160 0.284736 0.160343 0.383544 0.279548 0.040910 -0.084835 -0.335240 -0.121015 -0.413888 -0.508906 -0.031374 -0.185483 -0.127838 0.009667 -0.440014 -0.363672 0.137682 0.680074 -0.241047 0.050478 -0.394980 -0.416931 -0.126521 -0.198078 -0.457081 -0.125330 -0.047748 -0.050028 -0.196759 -0.191383 -0.210391 -0.347131 -0.559679 -0.508088 -0.336535 -0.206131 -0.003957 -0.117962 0.159700 0.089429 0.446720 0.061977 -0.009292 0.019427 0.438549 0.106832 0.036459 -0.088977 -0.149652 -0.048723 -0.417286 -0.305865 -0.041969 0.153908 -0.080440 0.015927 0.124081 0.178455 -0.001462 -0.053060 -0.101673 -0.021180 -0.190776 -0.244274 -0.145975 -0.160181 -0.012916 -0.110026
0.587146 0.358462 0.015356 -0.133279 -0.107130 0.062586 0.184218 0.109541 0.082545 -0.109574 1.000000 0.423567 0.617551 0.445207 0.517177 0.268391 0.496915 0.139234 0.171425 -0.085396 -0.083088 -0.074567 0.094783 -0.048288 -0.027546 -0.122266 -0.071505 -0.131911 0.508057 0.304825 0.234051 0.287564 0.126669 0.217485 -0.129149 -0.257739 0.272026 -0.219106 -0.121892 -0.253424 -0.146842 0.250004 0.005960 0.181862 -0.042655 -0.209926 0.110235 -0.205518 -0.234316 -0.331305 -0.094899 -0.292335 -0.095811 -0.114965 0.030134 0.144179 0.143441 -0.215397 -0.335105 -0.388757 0.002294 -0.245524 0.285777 -0.052603 0.146781 -0.062695 -0.406043 -0.457034 -0.372053 -0.355577 -0.154304 -0.005574 0.279487 0.330029 0.410710 0.339968 0.392461 0.377658 0.135375 0.262678 0.348028 0.159842 0.343526 0.244119 0.435924 0.415743 -0.207848 -0.005713 -0.052058 -0.385434 -0.450856 -0.409721 -0.360761 -0.310910 0.016448 0.049923 0.175236 0.155908 -0.170579 -0.374203 -0.122808 -0.252312 -0.298725 -0.243769 -0.264239 -0.086683 -0.276887 -0.092338 0.108936 -0.001989 -0.076318 -0.278502 -0.326946 -0.302311 -0.148635 0.084219
0.370988 0.419607 -0.178009 -0.140647 0.113881 0.012460 0.464432 0.734777 0.147012 0.285475 0.423567 1.000000 0.389504 0.911439 0.100443 0.641482 0.151712 0.039519 -0.167891 -0.139123 -0.205555 -0.285598 -0.438729 -0.245093 -0.366595 -0.372467 -0.393820 -0.387969 0.210052 0.333256 -0.145870 -0.060774 0.334244 0.483656 -0.218365 -0.323062 0.213030 -0.310265 -0.247682 -0.300475 0.051659 -0.083897 -0.394262 -0.203888 -0.014631 -0.385648 -0.337640 -0.425605 -0.086760 -0.094155 -0.359576 0.108845 0.299316 -0.324602 -0.011265 -0.112810 -0.095449 -0.339189 -0.039866 0.155318 0.447125 0.509160 0.323182 0.345253 0.200268 0.392080 -0.211156 -0.442719 -0.342332 -0.368906 -0.081283 -0.284876 0.294970 0.142593 0.203995 0.264043 0.290567 0.320511 0.074446 0.028119 0.258545 0.118979 -0.037098 0.259082 -0.206370 -0.084943 -0.476374 -0.301406 -0.118693 0.031927 -0.351090 -0.447880 -0.098596 -0.244934 0.048049 -0.038777 -0.229682 0.008812 -0.192139 -0.437893 0.034459 -0.039704 0.029984 -0.322526 -0.108431 -0.133225 -0.138497 -0.253230 0.162682 -0.018915 -0.523104 -0.422789 -0.271468 -0.260191 -0.290260 -0.053231
0.518305 0.035506 0.325850 -0.079390 0.053383 0.203049 0.497158 0.285857 0.399892 0.162261 0.617551 0.389504 1.000000 0.393447 0.685313 0.443004 0.299205 0.003690 0.024787 -0.326558 -0.069343 -0.094337 0.299755 0.075887 -0.071647 0.150413 -0.089103 0.223186 0.159754 -0.000797 0.142092 0.207381 0.031158 0.379698 0.045462 0.017217 0.017438 -0.250030 0.084116 -0.182836 -0.022813 -0.015490 -0.045764 0.150662 -0.103860 -0.126003 -0.063566 -0.162626 0.010049 -0.299714 0.044623 -0.178924 -0.097388 -0.116799 -0.208972 -0.074109 0.033359 -0.314902 -0.097999 -0.395832 0.154430 -0.116686 0.016475 -0.173896 0.237559 0.180081 -0.464165 -0.430690 -0.396376 -0.444578 -0.365915 -0.247778 0.090491 0.083451 0.221997 -0.000360 0.112398 0.230010 -0.028952 -0.021718 -0.034773 -0.102553 -0.062594 -0.087432 0.050830 -0.042106 -0.257620 -0.130020 0.275028 -0.372724 -0.475869 -0.361917 -0.230444 -0.173873 0.124135 0.006149 0.078937 0.188568 -0.476776 -0.526557 -0.059068 -0.095569 -0.219972 -0.210855 -0.096037 -0.097705 -0.133957 -0.125039 -0.081398 0.053991 -0.019156 -0.494656 -0.487418 -0.205484 -0.093144 -0.023335
0.413462 0.396918 -0.301827 -0.212072 0.140726 -0.020331 0.370004 0.585076 0.008918 0.213032 0.445207 0.911439 0.393447 1.000000 0.066095 0.618141 0.154063 0.063296 -0.162337 -0.124221 -0.123670 -0.237946 -0.504499 -0.296113 -0.363691 -0.387906 -0.361511 -0.371445 0.219487 0.346876 -0.239070 -0.179176 0.392762 0.418753 -0.362612 -0.393263 0.238437 -0.256583 -0.200443 -0.262560 0.028487 -0.131728 -0.379014 -0.133675 -0.011506 -0.410178 -0.339216 -0.402425 -0.044256 -0.050052 -0.401804 0.155063 0.341504 -0.329877 0.001368 -0.128558 -0.077412 -0.218970 -0.003150 0.261380 0.540708 0.517369 0.448749 0.429225 0.042033 0.249989 -0.119441 -0.411430 -0.338788 -0.270918 -0.035323 -0.236714 0.243750 0.071240 0.053318 0.246786 0.236467 0.208957 0.110187 0.040224 0.368712 0.222246 -0.002032 0.192448 -0.247492 -0.056701 -0.442178 -0.169394 -0.199423 0.030703 -0.336885 -0.423177 -0.011020 -0.148777 0.051725 -0.020265 -0.208198 0.040732 -0.137774 -0.394357 0.119348 -0.080646 0.024518 -0.309182 -0.031982 -0.174567 -0.091459 -0.241376 0.153795 -0.003487 -0.585805 -0.452493 -0.175182 -0.275965 -0.287299 0.015602
0.408647 0.023626 0.297683 0.130484 0.075660 0.457093 0.047603 0.023499 0.489778 0.262965 0.517177 0.100443 0.685313 0.066095 1.000000 0.501302 0.223470 -0.086177 0.236139 -0.204923 0.090641 0.113285 0.594844 0.334532 0.302430 0.440501 0.346992 0.474583 0.117544 -0.145695 0.498698 0.557116 -0.198549 0.114525 0.109419 0.037422 -0.155069 -0.218575 0.126016 -0.155733 -0.087322 -0.126698 0.242517 0.367743 -0.262772 -0.049170 0.056566 -0.207272 -0.149176 -0.453668 0.258581 -0.302426 -0.446139 -0.123755 -0.188744 0.088921 0.140861 -0.233406 -0.327788 -0.682943 -0.204977 -0.400337 -0.280560 -0.482143 0.289863 0.238915 -0.602876 -0.464312 -0.309220 -0.424798 -0.216935 0.058505 -0.113935 0.095264 0.250899 0.092698 0.189714 0.271971 -0.183453 0.036209 -0.191162 -0.227019 0.239518 0.254064 0.434591 0.227466 0.077678 0.061820 0.537011 -0.260476 -0.407300 -0.308321 -0.242095 -0.255868 0.112245 -0.036286 0.062952 0.163829 -0.391994 -0.354582 -0.242339 -0.083204 -0.365177 -0.118280 -0.264706 -0.048057 -0.352423 -0.191041 0.028423 0.139394 0.165009 -0.165607 -0.346545 -0.240447 0.048738 0.032447
0.339632 0.176795 -0.068298 0.018314 0.200627 0.474787 0.177904 0.466406 0.195668 0.592770 0.268391 0.641482 0.443004 0.618141 0.501302 1.000000 0.095899 -0.140712 -0.122353 -0.269362 0.154008 0.141898 -0.035765 0.106390 0.035938 0.162247 0.193427 0.223929 0.023247 0.011525 0.128875 0.201554 0.079675 0.225245 -0.203243 -0.169102 0.095949 -0.163198 0.108450 -0.042760 0.177790 -0.135063 -0.067404 0.118024 -0.146927 -0.190156 -0.224537 -0.485658 -0.048053 -0.181746 -0.073131 0.076330 -0.027311 -0.305537 -0.153372 0.010464 -0.011782 -0.275046 -0.164523 -0.134223 0.214290 0.223640 -0.038146 -0.080925 0.096908 0.519674 -0.422009 -0.511506 -0.459540 -0.469868 -0.028679 -0.047610 -0.059639 0.128124 0.115091 0.220114 0.210218 0.206674 0.032087 -0.089760 -0.062432 -0.180890 0.030679 0.287772 -0.094554 -0.119293 -0.229740 -0.165251 0.287866 0.124420 -0.456144 -0.455617 0.008922 -0.257345 0.273507 0.023850 -0.207427 0.225210 -0.416378 -0.415726 -0.117246 0.004297 -0.165576 -0.177280 -0.124702 -0.157550 -0.239726 -0.202558 0.090317 0.217262 -0.362946 -0.436462 -0.285658 -0.271352 -0.033432 -0.040241
0.245578 0.493483 -0.037429 0.075536 -0.517953 -0.192307 0.033102 -0.060365 -0.134001 -0.414830 0.496915 0.151712 0.299205 0.154063 0.223470 0.095899 1.000000 0.523604 0.280129 0.139444 -0.189526 -0.044694 0.024146 -0.273805 -0.250160 -0.182136 -0.134099 -0.213522 0.751936 0.599094 0.212831 0.127520 0.322640 0.364143 -0.127499 -0.351474 0.449087 -0.077468 0.040628 -0.093477 0.093494 0.320903 -0.095298 -0.041609 -0.213099 -0.550824 0.296071 -0.231338 -0.474848 -0.362984 -0.348023 -0.538504 -0.217256 -0.053148 0.220295 0.292461 0.440236 0.236563 -0.315270 -0.237647 0.052327 -0.101928 0.543736 0.240424 0.057816 -0.278608 -0.241153 -0.633642 -0.066099 -0.067788 0.009418 0.093019 0.685266 0.552977 0.524450 0.205119 0.582799 0.461188 0.509832 0.478189 0.550519 0.403994 0.361433 0.375118 0.149591 -0.028398 -0.354585 -0.251472 -0.298982 -0.197353 -0.371684 -0.459047 -0.557987 -0.407413 0.085773 0.106643 0.211110 0.292118 0.056946 -0.191753 -0.082928 -0.184959 -0.188099 -0.039747 -0.342791 -0.236588 -0.249439 -0.028699 -0.039503 0.121772 0.139942 -0.169084 -0.179312 0.011370 0.118273 0.059559
0.003313 0.442957 -0.249415 -0.266283 -0.342715 -0.308782 0.001653 -0.232850 -0.199953 -0.463128 0.139234 0.039519 0.003690 0.063296 -0.086177 -0.140712 0.523604 1.000000 0.085236 0.322999 -0.234234 -0.115572 -0.274781 -0.437713 -0.204648 -0.234946 -0.200249 -0.272482 0.502730 0.612408 -0.155813 -0.179078 0.237710 0.307599 -0.078811 -0.181293 0.448504 0.068674 -0.034601 -0.018461 -0.000217 0.143731 -0.108245 -0.046455 -0.102660 -0.404992 0.094710 -0.061628 -0.299964 -0.199765 -0.464166 -0.252382 -0.088689 0.138462 0.116144 0.183286 0.254988 0.334453 -0.207191 0.088354 0.061587 0.107160 0.565492 0.546762 -0.239328 -0.444940 -0.075460 -0.379082 0.160171 0.152871 -0.063453 -0.045576 0.573253 0.225617 0.117846 0.103923 0.292548 0.156426 0.396567 0.649253 0.597084 0.674769 0.146276 0.177958 -0.041664 -0.018214 -0.337501 -0.094763 -0.385839 -0.251195 -0.043824 -0.132604 -0.265925 -0.067807 0.069280 0.148889 0.272765 0.250885 0.377443 0.250749 0.192167 0.003468 0.249134 0.298189 0.019026 -0.093065 0.067268 -0.077811 0.052207 0.071816 0.153456 0.284511 0.158113 0.368136 0.122241 0.141288
0.088769 0.287762 0.130721 0.360973 -0.052019 -0.135257 -0.221235 -0.238581 0.075385 -0.417632 0.171425 -0.167891 0.024787 -0.162337 0.236139 -0.122353 0.280129 0.085236 1.000000 0.453961 -0.122243 -0.026711 0.281197 0.040236 0.163698 -0.004796 -0.019069 -0.060117 0.216174 0.059093 0.356458 0.239739 0.026022 0.018183 0.060972 -0.230329 -0.123203 -0.124256 0.002758 -0.145803 0.071175 -0.040804 0.250849 0.299944 -0.274282 -0.200989 0.126173 0.028212 -0.295509 -0.132668 -0.005621 -0.362676 -0.298614 0.041343 0.139369 0.124818 0.398603 0.343845 -0.349300 -0.324088 -0.244505 -0.408105 -0.090754 -0.167186 0.135185 -0.266414 -0.164253 -0.282129 0.331506 0.062105 0.041090 0.202597 0.152948 0.186266 0.252063 0.149599 0.297380 0.237092 -0.155857 0.249578 0.140762 0.044090 0.276594 0.282032 0.281423 0.187364 0.089807 -0.005703 0.178213 -0.061463 -0.204510 -0.112315 -0.245534 -0.142244 -0.218672 -0.128291 -0.006344 -0.130432 0.057485 0.105213 0.018921 0.077401 -0.145314 -0.072601 -0.226983 0.138153 -0.171239 -0.094186 0.038979 -0.069070 0.194563 0.235788 0.085379 0.010265 0.117961 0.248995
-0.254577 0.438978 -0.393061 0.207376 -0.331878 -0.436406 -0.447753 -0.315670 -0.277071 -0.379375 -0.085396 -0.139123 -0.326558 -0.124221 -0.204923 -0.269362 0.139444 0.322999 0.453961 1.000000 -0.230700 -0.231305 -0.181681 0.014456 -0.230775 -0.353627 -0.174145 -0.262818 0.146125 0.256914 -0.195988 -0.176796 -0.137170 -0.207064 -0.247360 -0.437567 0.102421 0.018508 -0.185037 -0.098727 0.148797 0.059498 -0.082246 -0.159675 -0.299127 -0.372356 -0.050370 0.226094 -0.428167 -0.080023 -0.442724 -0.344922 -0.172834 0.222809 0.094941 -0.168472 0.260813 0.647520 -0.329121 0.061339 -0.319090 -0.110771 0.192901 0.266491 -0.295494 -0.493934 -0.032450 -0.182016 0.729807 0.632097 0.035217 0.209201 0.226019 0.110834 0.012339 -0.060473 -0.022925 -0.103229 -0.050550 0.271966 0.386499 0.384533 0.186717 0.387103 0.198107 0.207074 0.060089 0.015095 -0.130507 0.144882 0.420861 0.336384 0.191950 0.271341 -0.264014 -0.081097 -0.057747 -0.207933 0.464232 0.417671 0.338441 0.159705 0.182831 0.211987 0.021009 0.234549 0.311839 0.192284 -0.060044 -0.191027 0.048479 0.517072 0.434697 0.251894 0.024024 0.165782
0.121317 -0.325596 0.032964 -0.103901 0.411660 0.513864 -0.145023 -0.125579 0.105097 0.184184 -0.083088 -0.205555 -0.069343 -0.123670 0.090641 0.154008 -0.189526 -0.234234 -0.122243 -0.230700 1.000000 0.636524 0.152502 0.063679 0.439291 0.287931 0.650943 0.401147 -0.062576 -0.196145 0.263214 0.144031 0.004948 -0.200153 0.069316 0.168622 -0.029219 0.236577 0.386989 0.281326 -0.088898 -0.069876 0.237726 0.284820 0.150164 0.302746 0.128793 -0.203696 0.252488 0.224310 0.223126 0.182842 -0.091593 -0.086963 0.017208 0.132399 -0.111753 -0.317798 -0.074272 -0.109494 -0.055160 -0.187746 -0.255526 -0.377933 0.183276 0.116563 -0.103118 0.103104 -0.398666 -0.232097 0.269449 0.434660 -0.331283 -0.085200 -0.170846 0.278239 0.077031 0.095048 -0.095322 -0.227286 -0.162319 -0.117148 0.024293 -0.073270 0.159265 0.198915 0.188008 0.033511 0.208839 -0.119949 -0.217825 -0.078203 0.061686 -0.112840 0.268853 0.092622 0.133367 0.234200 -0.276887 0.027529 -0.327609 -0.324262 -0.202815 -0.227508 -0.090562 0.001806 -0.270414 -0.282630 0.139554 0.265721 -0.105328 -0.097578 -0.148371 -0.244224 0.134664 -0.156678
-0.031476 -0.376332 0.156524 -0.044544 0.188640 0.389413 -0.152348 -0.236987 -0.051585 0.211642 -0.074567 -0.285598 -0.094337 -0.237946 0.113285 0.141898 -0.044694 -0.115572 -0.026711 -0.231305 0.636524 1.000000 0.327564 0.224842 0.452512 0.459007 0.674094 0.564960 -0.136542 -0.241370 0.308710 0.298126 -0.229875 -0.343361 -0.032645 0.207296 -0.048158 0.412266 0.353822 0.570064 -0.130800 0.138628 0.179679 0.188557 0.005394 0.263444 0.128242 0.062803 0.168083 0.111768 0.223413 0.012090 -0.061842 0.002163 -0.064373 0.090940 -0.077827 -0.084346 -0.181978 -0.237755 -0.195218 -0.282960 -0.291250 -0.419112 0.012557 -0.051191 -0.252704 0.062222 -0.257058 -0.160295 0.071248 0.414232 -0.345625 -0.124812 -0.144631 0.131081 0.036213 0.022399 -0.046548 -0.162070 -0.288428 -0.233582 -0.026827 -0.054029 0.147907 0.007468 0.223235 0.047185 0.320557 0.023355 -0.102495 0.064920 -0.015073 -0.034993 0.243039 0.282498 0.302893 0.216603 -0.197125 0.073508 -0.193877 -0.221144 -0.094132 0.036031 -0.018818 -0.041480 -0.018412 0.003107 -0.100128 0.117602 0.182033 -0.001533 -0.037754 -0.014655 0.374802 -0.188323
-0.045628 -0.464929 0.690283 0.359191 0.085658 0.315841 -0.030250 -0.258499 0.476505 0.177426 0.094783 -0.438729 0.299755 -0.504499 0.594844 -0.035765 0.024146 -0.274781 0.281197 -0.181681 0.152502 0.327564 1.000000 0.671742 0.547642 0.646275 0.422358 0.706873 -0.180575 -0.473619 0.592579 0.522286 -0.465548 -0.336241 0.338659 0.337858 -0.462399 0.025966 0.246504 0.032761 -0.197113 -0.023414 0.378342 0.349407 -0.237093 0.326779 0.193304 0.195575 -0.003333 -0.199548 0.645318 -0.342333 -0.490872 -0.031200 -0.175910 0.043082 -0.044899 -0.195629 -0.192976 -0.780994 -0.472236 -0.671861 -0.554776 -0.748671 0.301942 0.164800 -0.428776 -0.001054 -0.141663 -0.291350 -0.176424 0.086601 -0.365953 -0.095498 0.104467 -0.130575 -0.078001 0.028967 -0.298405 -0.193013 -0.526549 -0.553498 0.061213 -0.076046 0.457692 0.106223 0.401582 0.225876 0.655549 -0.093526 -0.080057 0.144358 -0.032967 0.028993 -0.061088 -0.046625 0.142101 -0.083465 -0.413230 -0.185969 -0.304849 -0.045814 -0.339642 0.083312 -0.056497 0.168629 -0.151241 -0.056220 -0.240761 0.114161 0.546144 -0.017939 -0.221709 -0.049024 0.293427 -0.107910
-0.191222 -0.490355 0.400525 0.413585 0.096704 0.273726 -0.139868 -0.131809 0.307536 0.496283 -0.048288 -0.245093 0.075887 -0.296113 0.334532 0.106390 -0.273805 -0.437713 0.040236 0.014456 0.063679 0.224842 0.671742 1.000000 0.446408 0.580910 0.388607 0.697371 -0.462867 -0.496129 0.320446 0.364479 -0.680304 -0.610179 0.187097 0.233404 -0.382578 0.203746 0.101102 0.079458 -0.044388 0.084500 0.187110 0.074630 -0.243897 0.371848 -0.047317 0.273154 0.063625 -0.017245 0.510840 -0.159813 -0.353059 -0.086032 -0.299684 -0.129977 -0.179013 -0.217942 -0.134814 -0.557895 -0.488560 -0.519311 -0.549883 -0.677407 0.119443 0.314621 -0.315967 0.151080 -0.041424 -0.208901 -0.081906 -0.038762 -0.488772 -0.090276 0.068648 -0.277464 -0.259753 -0.181993 -0.327948 -0.273368 -0.597397 -0.665422 -0.122380 -0.100331 0.358956 0.074741 0.428502 0.336451 0.641981 0.234470 0.219246 0.357385 0.393440 0.272436 -0.240036 -0.175641 -0.017747 -0.292688 -0.376281 -0.143646 -0.084010 0.078533 -0.114793 0.230120 0.126110 0.261988 0.166537 0.137004 -0.324713 -0.023605 0.278095 -0.069898 -0.131597 -0.078792 0.146905 -0.141728
-0.111918 -0.287112 0.289262 0.249782 0.418667 0.587585 -0.295742 -0.268065 0.238170 0.256031 -0.027546 -0.366595 -0.071647 -0.363691 0.302430 0.035938 -0.250160 -0.204648 0.163698 -0.230775 0.439291 0.452512 0.547642 0.446408 1.000000 0.668635 0.583508 0.542228 -0.146695 -0.367269 0.589102 0.524501 -0.189942 -0.303714 0.292659 0.248239 -0.316169 0.187174 0.242449 0.247403 -0.243658 -0.001850 0.586560 0.560220 0.121690 0.479767 0.314503 -0.022295 0.090032 0.131266 0.615131 0.091781 -0.387076 0.098408 -0.073507 0.354701 -0.094017 -0.288791 -0.302126 -0.436029 -0.432346 -0.574541 -0.512567 -0.604898 0.122783 0.152383 -0.145568 0.158099 -0.256810 -0.298565 0.158582 0.254604 -0.394096 -0.020257 0.050565 0.146090 0.072459 0.018654 -0.212910 0.038842 -0.442244 -0.370839 -0.091729 -0.144541 0.391227 0.348482 0.484379 0.298365 0.392438 -0.162618 -0.193603 -0.057939 0.046259 -0.086561 -0.017344 -0.002766 0.273189 0.062507 -0.198466 0.011991 -0.237265 -0.102713 -0.117712 0.000518 -0.004435 0.157903 -0.266625 -0.150032 0.042929 -0.047931 0.223638 0.107205 -0.096253 0.021074 0.219591 0.029234
-0.041021 -0.445883 0.336946 0.077592 0.036403 0.481029 -0.175755 -0.284273 0.263978 0.351644 -0.122266 -0.372467 0.150413 -0.387906 0.440501 0.162247 -0.182136 -0.234946 -0.004796 -0.353627 0.287931 0.459007 0.646275 0.580910 0.668635 1.000000 0.442505 0.828236 -0.368304 -0.544267 0.491642 0.541464 -0.295601 -0.194093 0.403723 0.597202 -0.426837 0.110205 0.219032 0.210439 -0.117580 -0.138070 0.437862 0.497751 0.045527 0.594103 0.117166 0.175609 0.101463 -0.028292 0.585399 0.047419 -0.469473 -0.052565 -0.325351 0.124975 -0.026142 -0.239744 -0.094810 -0.472959 -0.384498 -0.466566 -0.503060 -0.665371 0.028102 0.310903 -0.263959 0.205965 -0.219203 -0.288069 0.036704 0.218759 -0.477638 -0.200368 -0.069572 -0.079699 -0.072625 0.033424 -0.310483 -0.095561 -0.553816 -0.524459 -0.220700 -0.279284 0.126852 0.086922 0.300664 0.038075 0.501666 0.009645 -0.143204 0.035815 -0.001366 -0.007950 0.014514 -0.076788 0.303215 -0.036907 -0.366690 -0.153505 -0.180827 0.017988 -0.077729 0.157398 0.075048 0.014828 -0.033751 -0.010927 -0.211537 0.007182 0.450722 -0.181749 -0.155158 0.008023 0.116685 -0.021528
-0.025106 -0.354895 0.164471 0.080667 0.350726 0.653385 -0.219218 -0.347002 0.085721 0.386979 -0.071505 -0.393820 -0.089103 -0.361511 0.346992 0.193427 -0.134099 -0.200249 -0.019069 -0.174145 0.650943 0.674094 0.422358 0.388607 0.583508 0.442505 1.000000 0.613139 -0.185710 -0.312464 0.387968 0.253107 -0.326940 -0.434094 -0.029773 0.079373 -0.095412 0.279201 0.348566 0.300263 -0.154401 0.147297 0.372050 0.285598 0.009338 0.280089 0.220333 -0.089731 0.225772 0.136961 0.457647 0.053112 -0.197240 0.103755 -0.039648 0.236528 -0.037802 -0.156605 -0.182854 -0.363845 -0.345061 -0.484946 -0.394331 -0.518257 0.031466 0.041746 -0.217421 -0.026936 -0.305177 -0.240358 0.044029 0.226614 -0.450482 -0.003057 -0.038869 0.061033 -0.018819 -0.077546 -0.052193 -0.036908 -0.347290 -0.280131 0.049912 -0.061339 0.362996 0.162157 0.361371 0.169261 0.435533 -0.096843 -0.037887 0.072952 0.213671 0.025906 0.089468 0.027681 0.167555 0.234083 -0.152200 0.114465 -0.349223 -0.199212 -0.304587 0.061185 -0.108963 0.175445 -0.282751 -0.103079 -0.116922 0.119287 0.156677 0.192930 -0.060623 -0.141771 0.296188 -0.143744
-0.012366 -0.544140 0.413800 0.094151 0.146189 0.496001 -0.106696 -0.288495 0.273634 0.459326 -0.131911 -0.387969 0.223186 -0.371445 0.474583 0.223929 -0.213522 -0.272482 -0.060117 -0.262818 0.401147 0.564960 0.706873 0.697371 0.542228 0.828236 0.613139 1.000000 -0.412186 -0.550132 0.372815 0.369092 -0.508645 -0.403610 0.217592 0.429406 -0.375349 0.264536 0.314190 0.270020 -0.075191 -0.022331 0.316327 0.345600 -0.152452 0.459531 0.014800 0.146574 0.248697 0.012565 0.571435 -0.031535 -0.353595 -0.040730 -0.376344 -0.069819 -0.074370 -0.244900 -0.044493 -0.491763 -0.326931 -0.457742 -0.530808 -0.704064 0.057625 0.265523 -0.315450 0.114967 -0.219992 -0.273691 -0.077330 0.106698 -0.530897 -0.232272 -0.115345 -0.134683 -0.227892 -0.091675 -0.281584 -0.262380 -0.592218 -0.587528 -0.207919 -0.272441 0.194181 -0.020761 0.294088 0.122936 0.674383 0.051840 -0.039795 0.183462 0.173883 0.109783 0.034007 -0.078943 0.134756 -0.087414 -0.498332 -0.161229 -0.154814 0.038206 -0.133615 0.122501 0.079997 0.015489 0.082147 -0.002382 -0.367898 0.126411 0.316564 -0.207808 -0.212578 -0.083565 0.277560 -0.136277
0.318869 0.566054 -0.157321 -0.036528 -0.338329 -0.165839 -0.048517 -0.029723 -0.136111 -0.469793 0.508057 0.210052 0.159754 0.219487 0.117544 0.023247 0.751936 0.502730 0.216174 0.146125 -0.062576 -0.136542 -0.180575 -0.462867 -0.146695 -0.368304 -0.185710 -0.412186 1.000000 0.706712 0.271345 0.183094 0.500034 0.418984 -0.066912 -0.411783 0.537448 -0.017038 0.127843 -0.063405 0.163112 0.313809 -0.013160 -0.005390 -0.026147 -0.489058 0.403393 -0.320220 -0.468574 -0.305543 -0.424772 -0.371941 -0.157626 0.024617 0.269716 0.432019 0.339866 0.069198 -0.370884 -0.104476 0.065382 -0.037647 0.495593 0.272636 0.142259 -0.295993 -0.152964 -0.560655 -0.130304 -0.097192 0.148684 0.144143 0.780736 0.546852 0.537000 0.418450 0.671350 0.586947 0.459741 0.469405 0.555624 0.472382 0.377702 0.439250 0.211310 0.197310 -0.303639 -0.159802 -0.407553 -0.270781 -0.434598 -0.537922 -0.626242 -0.567648 0.223721 0.160488 0.177463 0.304363 0.147135 -0.147042 -0.164967 -0.308666 -0.223297 -0.255514 -0.322330 -0.276930 -0.369864 -0.177132 0.173188 0.151720 -0.001214 -0.054650 -0.195058 -0.115696 0.000161 0.008906
0.084989 0.564894 -0.326695 0.035323 -0.230277 -0.242707 0.097490 0.170579 -0.159106 -0.336285 0.304825 0.333256 -0.000797 0.346876 -0.145695 0.011525 0.599094 0.612408 0.059093 0.256914 -0.196145 -0.241370 -0.473619 -0.496129 -0.367269 -0.544267 -0.312464 -0.550132 0.706712 1.000000 -0.071902 -0.055115 0.431040 0.443502 -0.323502 -0.483868 0.744058 0.091757 -0.012371 -0.072877 0.159866 0.344166 -0.215121 -0.242523 -0.035663 -0.641618 0.177029 -0.334736 -0.496535 -0.219209 -0.589652 -0.416318 -0.001704 0.010715 0.278895 0.264402 0.159189 0.140185 -0.314357 0.133452 0.154507 0.196912 0.634403 0.557028 0.024339 -0.285831 -0.030047 -0.522452 -0.049190 -0.010302 0.032812 -0.043937 0.851237 0.605703 0.507489 0.363617 0.628481 0.378024 0.555960 0.494328 0.677034 0.675456 0.228251 0.386134 0.055361 0.066402 -0.298866 -0.105962 -0.521091 -0.218537 -0.287694 -0.478958 -0.386499 -0.397681 0.105673 0.079431 0.153241 0.176638 0.254347 -0.034040 0.119960 -0.193725 0.040328 -0.082129 -0.227365 -0.144849 -0.143607 -0.130676 0.209582 0.070104 -0.124889 -0.012642 -0.051297 0.105192 -0.083505 0.054600
0.193355 -0.049570 0.442176 0.283416 0.031460 0.358946 -0.063920 -0.107958 0.262567 0.017990 0.234051 -0.145870 0.142092 -0.239070 0.498698 0.128875 0.212831 -0.155813 0.356458 -0.195988 0.263214 0.308710 0.592579 0.320446 0.589102 0.491642 0.387968 0.372815 0.271345 -0.071902 1.000000 0.812797 0.036533 0.026817 0.343794 0.114873 -0.162836 0.118553 0.186702 0.003561 -0.108866 0.164951 0.468892 0.434117 0.037848 0.145164 0.331906 -0.176743 -0.227896 -0.152165 0.359667 -0.284718 -0.490981 -0.110220 -0.109395 0.428214 0.194005 -0.266433 -0.431587 -0.636382 -0.381019 -0.541476 -0.326746 -0.611225 0.427263 0.153646 -0.370707 -0.246708 -0.313682 -0.440432 0.102221 0.160974 0.057846 0.356394 0.512253 0.331478 0.501313 0.546952 -0.179273 0.106093 -0.267123 -0.347551 0.080534 0.187473 0.495593 0.348661 0.168293 -0.091377 0.311944 -0.143525 -0.496114 -0.378417 -0.369070 -0.479048 -0.009993 -0.089108 0.275470 0.012384 -0.382593 -0.301243 -0.468859 -0.283077 -0.320085 -0.266155 -0.307206 -0.044398 -0.479636 -0.235915 -0.060506 0.009388 0.316197 -0.124998 -0.439370 -0.295199 0.083604 -0.269943
0.115212 -0.051891 0.269509 0.320935 -0.050080 0.393219 -0.157288 0.034768 0.201586 0.119759 0.287564 -0.060774 0.207381 -0.179176 0.557116 0.201554 0.127520 -0.179078 0.239739 -0.176796 0.144031 0.298126 0.522286 0.364479 0.524501 0.541464 0.253107 0.369092 0.183094 -0.055115 0.812797 1.000000 -0.105533 0.109427 0.326589 0.167584 -0.123509 0.016441 0.111551 0.095418 -0.026834 0.116878 0.456527 0.363178 0.141195 0.205984 0.350243 -0.059625 -0.336715 -0.225487 0.262639 -0.362959 -0.559027 -0.048448 -0.216811 0.329918 0.016166 -0.279924 -0.521867 -0.620041 -0.503950 -0.529023 -0.364902 -0.595699 0.319913 0.213100 -0.494421 -0.208538 -0.277287 -0.388163 0.063691 0.219770 0.017374 0.282037 0.406850 0.296634 0.407665 0.486689 -0.124115 0.109364 -0.268665 -0.269860 0.055852 0.233204 0.537081 0.398401 0.285971 -0.066745 0.319475 -0.224526 -0.417980 -0.371787 -0.380383 -0.438458 0.083613 0.027266 0.278370 0.006421 -0.296554 -0.283711 -0.333853 -0.193614 -0.264081 -0.097559 -0.186898 -0.073868 -0.300501 -0.061788 0.111455 -0.057447 0.301938 -0.120510 -0.278616 -0.079923 0.124317 -0.085594
0.281009 0.475181 -0.187430 -0.100647 -0.137130 -0.058195 0.160645 0.251438 -0.143741 -0.306717 0.126669 0.334244 0.031158 0.392762 -0.198549 0.079675 0.322640 0.237710 0.026022 -0.137170 0.004948 -0.229875 -0.465548 -0.680304 -0.189942 -0.295601 -0.326940 -0.508645 0.500034 0.431040 0.036533 -0.105533 1.000000 0.702556 -0.117378 -0.234270 0.325931 -0.137878 -0.052878 -0.216350 0.049822 -0.037053 -0.187528 0.009240 0.082699 -0.334454 0.075422 -0.448682 -0.167665 -0.110578 -0.374400 0.099200 0.101650 -0.218298 0.251309 0.248815 0.354170 -0.004172 0.070000 0.399161 0.467902 0.381712 0.432980 0.444057 -0.017437 -0.035541 0.290116 -0.196808 -0.166492 -0.067120 0.205175 -0.029357 0.501025 0.213220 0.208103 0.372728 0.477895 0.402304 0.198346 0.238974 0.467790 0.376800 -0.050479 0.093584 -0.318563 -0.044694 -0.411814 -0.323781 -0.511640 -0.097860 -0.482600 -0.575715 -0.478643 -0.429393 0.178764 0.103631 0.108587 0.278119 0.030266 -0.153739 0.069088 -0.107447 0.196429 -0.323619 -0.053777 -0.368245 -0.353643 -0.336702 0.109794 0.075060 -0.278785 -0.296488 -0.213626 -0.156397 -0.313108 -0.088901
0.207828 0.428268 -0.075566 -0.075405 -0.110659 -0.007123 0.357005 0.438884 0.108172 -0.136749 0.217485 0.483656 0.379698 0.418753 0.114525 0.225245 0.364143 0.307599 0.018183 -0.207064 -0.200153 -0.343361 -0.336241 -0.610179 -0.303714 -0.194093 -0.434094 -0.403610 0.418984 0.443502 0.026817 0.109427 0.702556 1.000000 0.071905 -0.033804 0.256043 -0.283423 -0.084041 -0.323382 0.081663 -0.057663 -0.145466 -0.028254 0.195303 -0.278586 0.023959 -0.466387 -0.251307 -0.196472 -0.325662 -0.079694 -0.024613 -0.129263 0.030562 0.193478 0.150282 -0.113776 -0.094528 0.135320 0.281675 0.304531 0.340118 0.347994 0.188358 0.159468 0.008036 -0.315269 -0.155319 -0.182344 0.011472 -0.150964 0.542418 0.309731 0.316113 0.309050 0.480616 0.492755 0.203582 0.290609 0.366082 0.381669 -0.094301 0.076851 -0.184312 -0.057661 -0.366666 -0.409457 -0.353835 -0.368230 -0.549518 -0.697488 -0.563276 -0.538975 0.160583 0.009241 0.121252 0.236390 -0.083803 -0.344848 0.082351 -0.039407 0.056476 -0.288467 -0.180246 -0.345542 -0.300195 -0.240791 0.243858 -0.056950 -0.151489 -0.313191 -0.267134 -0.038058 -0.260020 0.074245
-0.061058 -0.404043 0.298959 -0.023434 -0.010875 0.092615 0.049309 -0.054762 0.323794 -0.054340 -0.129149 -0.218365 0.045462 -0.362612 0.109419 -0.203243 -0.127499 -0.078811 0.060972 -0.247360 0.069316 -0.032645 0.338659 0.187097 0.292659 0.403723 -0.029773 0.217592 -0.066912 -0.323502 0.343794 0.326589 -0.117378 0.071905 1.000000 0.652838 -0.283600 0.027931 0.160442 -0.028639 -0.038230 -0.141704 0.301009 0.224950 0.274644 0.506770 0.229944 0.053434 0.287682 0.163455 0.452055 0.168960 -0.211624 0.086450 -0.070908 0.253716 -0.195655 -0.395647 0.048283 -0.270561 -0.178080 -0.229539 -0.384565 -0.411334 0.454557 0.367494 0.006635 0.313458 -0.101813 -0.237674 0.118024 0.093935 -0.079126 0.014228 0.106641 0.023854 0.046744 0.330107 -0.129877 -0.027378 -0.478393 -0.350958 -0.231725 -0.283072 0.001944 -0.057324 0.055530 -0.079197 0.206881 -0.211523 -0.151690 -0.092209 -0.253891 -0.228185 -0.042534 -0.157334 0.085910 -0.088462 -0.147498 -0.186560 -0.337128 -0.065134 -0.088621 -0.077859 -0.032791 0.076913 -0.214625 -0.228080 0.025185 -0.062784 0.322607 -0.062465 -0.266314 -0.106571 0.095973 0.035590
-0.188905 -0.648920 0.292455 -0.245397 0.090439 0.177751 0.054973 -0.154159 0.314420 0.208463 -0.257739 -0.323062 0.017217 -0.393263 0.037422 -0.169102 -0.351474 -0.181293 -0.230329 -0.437567 0.168622 0.207296 0.337858 0.233404 0.248239 0.597202 0.079373 0.429406 -0.411783 -0.483868 0.114873 0.167584 -0.234270 -0.033804 0.652838 1.000000 -0.374890 -0.003785 0.178108 0.039457 -0.127344 -0.274209 0.221238 0.198413 0.327786 0.742821 -0.041154 0.155137 0.406212 0.185406 0.577050 0.311927 -0.119440 0.081129 -0.262336 -0.039314 -0.346098 -0.372541 0.257231 -0.189328 -0.162591 -0.194262 -0.335493 -0.418625 0.200681 0.427512 0.065568 0.578665 -0.127428 -0.141700 -0.080534 0.014460 -0.406961 -0.323273 -0.277672 -0.177665 -0.247073 -0.051732 -0.194937 -0.207624 -0.521523 -0.353742 -0.385379 -0.554287 -0.113116 -0.026759 0.089149 -0.040972 0.217398 -0.159380 -0.005588 0.117114 -0.034135 0.010952 0.053498 -0.042852 0.153926 -0.069458 -0.234345 -0.133264 -0.206927 0.051757 -0.017695 0.082383 0.029907 0.045817 0.041162 0.048752 -0.058415 -0.025334 0.353937 -0.141577 -0.159659 0.000501 0.007119 -0.016176
