1.000000 0.237279 0.038737 0.213088 -0.186551 0.109054 -0.005153 -0.253963 0.150417 -0.293200 0.541225 0.021320 0.134990 0.068915 0.444193 0.005956 0.070236 0.137798 0.056039 0.247586 0.053122 0.107252 0.143596 0.091539 -0.102546 -0.201228 -0.126756 0.021587 0.012424 -0.058254 0.194524 0.058715 -0.013128 0.097651 -0.044308 -0.128259 -0.020009 -0.194888 -0.061647 -0.228268 -0.244083 -0.157025 0.137864 0.105430 0.068418 0.231079 0.248238 -0.077733 0.067275 0.256117 0.059181 0.135641 -0.220820 0.053055 -0.185602 -0.032617 0.421709 0.151954 -0.015814 -0.274966 -0.179906 -0.051029 -0.347256 0.017452 0.185599 0.011980 -0.273576 -0.441082 -0.081802 -0.136034 -0.109324 -0.182419 0.136518 0.131753 0.011869 0.171935 -0.159904 -0.221875 -0.000496 -0.012661 -0.237577 -0.052395 0.387777 0.134152 0.419781 -0.066279 -0.006840 -0.182522 0.101267 -0.141237 -0.281703 -0.006743 -0.150957 -0.324034 -0.156512 0.015312 -0.119019 -0.022201 0.014287 -0.253953 -0.220456 -0.079436 0.005231 -0.007950 -0.280650 -0.057421 -0.037631 0.280452 0.155825 0.047778 -0.075819 -0.036678 -0.245739 0.122346 -0.052516 -0.378663
0.237279 1.000000 -0.072718 0.335363 -0.145264 -0.172619 0.012987 -0.166179 -0.092760 -0.173563 0.249675 0.038802 -0.208703 -0.174185 -0.021669 -0.110002 -0.032951 0.031492 -0.034878 0.129065 0.059963 -0.063253 0.218584 0.099933 -0.244048 0.057425 -0.139263 0.166217 0.230693 0.072818 0.207680 0.131355 0.095572 0.228113 -0.217408 -0.065401 0.132390 0.167945 -0.299945 0.108999 0.113877 0.103249 -0.128041 -0.018609 -0.035573 -0.011808 0.192476 -0.065306 -0.193639 0.026055 -0.003605 -0.156335 0.047136 0.222926 -0.186367 0.167788 0.114215 0.297829 -0.141900 -0.324843 -0.173884 -0.425893 -0.166923 -0.104526 0.083716 -0.437441 -0.275785 -0.341766 -0.108491 -0.100780 0.071139 -0.143744 -0.062800 0.207648 0.180482 0.149316 0.206216 0.143675 0.199807 0.147467 -0.045081 0.258822 0.216037 0.400491 0.092334 0.218313 0.145289 -0.010529 0.130032 -0.226449 -0.199047 -0.051748 -0.099335 -0.125764 -0.015846 0.108490 -0.111078 0.056994 0.109665 -0.052840 -0.114158 -0.086815 -0.024551 -0.139959 -0.192056 0.061046 -0.171533 -0.312005 -0.109350 -0.075353 -0.099281 -0.022760 -0.079455 0.267450 0.172966 -0.179908
0.038737 -0.072718 1.000000 0.087062 0.153962 0.272314 0.287276 0.060390 0.102385 -0.102766 0.213656 -0.019386 0.166082 -0.241316 0.065127 -0.425003 -0.362058 -0.074398 0.266339 -0.166859 -0.103480 -0.005526 0.455446 0.360938 -0.182985 0.120521 0.137749 0.196255 0.076373 -0.321697 0.281028 0.024524 -0.330443 -0.174431 -0.113815 0.218005 -0.129633 -0.152719 0.015433 -0.249694 -0.206292 -0.440336 0.157682 0.227844 0.035845 0.174222 -0.149927 0.029607 0.289038 0.055030 0.534445 -0.094463 -0.073422 -0.031706 -0.097271 -0.110555 0.169890 -0.242316 0.196022 -0.256054 0.045721 -0.293127 -0.183116 -0.193433 0.461041 -0.006244 -0.107047 0.101425 -0.005081 -0.069090 0.078927 -0.172967 -0.139202 -0.227146 -0.109567 -0.252863 0.029426 -0.294294 -0.223963 -0.217621 -0.213512 -0.234739 0.033767 -0.249293 0.154428 0.135307 -0.013770 -0.234305 0.352519 -0.027183 -0.238352 0.270926 0.098806 0.303790 0.017863 0.209011 -0.065897 -0.004885 0.005423 -0.191995 -0.128648 -0.211682 0.014498 0.058278 0.035006 0.108782 -0.033346 0.112536 0.018624 0.198501 0.049911 0.082631 0.087711 0.195132 0.104532 -0.280265
0.213088 0.335363 0.087062 1.000000 -0.085137 0.066935 -0.077081 0.220583 -0.197087 -0.209354 -0.068181 0.143338 -0.234824 -0.056789 -0.036102 -0.173077 -0.086231 -0.124724 0.008270 0.041843 0.003812 0.136419 0.097138 0.390360 -0.289719 0.282528 -0.021712 0.404755 -0.271040 -0.328387 0.249079 0.268135 -0.071255 0.032028 0.016954 0.298224 0.036954 0.084663 -0.029038 0.422553 0.007186 0.051534 0.163774 0.191190 -0.053767 0.182034 0.029655 0.062399 -0.390523 -0.183536 0.190754 -0.206124 -0.027388 0.024949 -0.257278 0.089532 0.133499 0.009013 -0.193809 -0.257201 -0.189345 -0.218345 -0.365894 -0.295389 0.200880 0.060594 -0.146733 0.054620 0.370729 -0.087917 0.039327 -0.059721 -0.207153 -0.145574 -0.116631 0.006378 -0.149757 -0.235561 -0.170494 -0.086897 -0.218458 -0.256622 -0.078166 0.365248 0.153484 0.297749 0.150863 -0.034118 0.227003 -0.023211 -0.214003 0.016233 0.045444 -0.332631 0.074167 0.018075 0.018072 0.018054 -0.197896 -0.188527 0.109176 -0.154655 0.068704 -0.133181 -0.184772 -0.156398 -0.214103 0.147187 0.044786 -0.188988 -0.139190 -0.152575 -0.282011 -0.231095 0.124855 -0.166261
-0.186551 -0.145264 0.153962 -0.085137 1.000000 0.218240 0.034881 0.229250 0.312376 0.266798 0.001178 -0.067752 0.099518 -0.126946 -0.003713 -0.039570 0.001082 -0.005733 -0.067962 -0.287369 -0.153648 -0.172780 0.079644 -0.134794 -0.185479 -0.244285 0.322736 -0.156623 0.176607 -0.251580 -0.485368 -0.583582 -0.077121 -0.251327 0.029985 0.042675 0.042217 -0.096623 -0.418791 -0.077429 -0.015756 -0.001642 -0.135274 -0.197914 -0.106459 -0.134761 -0.164605 -0.249455 0.247537 -0.032971 0.094843 -0.082468 0.144278 -0.151591 0.449577 0.155295 0.007962 0.155071 0.307960 0.150683 0.250478 0.097308 0.091109 0.285642 0.126020 0.100277 0.111114 -0.072404 0.035653 0.067600 0.097773 0.025883 0.215091 -0.029400 -0.029157 0.077183 0.046363 -0.172606 -0.003601 -0.117934 0.177870 0.113834 -0.121271 -0.282138 -0.031607 -0.195933 -0.029675 -0.425023 0.066134 0.332306 0.112722 0.016193 0.210501 0.414637 0.000519 0.130044 0.108434 0.123158 -0.106936 0.178473 -0.019930 0.043742 0.013754 -0.112246 0.297883 0.136330 -0.100083 -0.052506 -0.190127 -0.108025 -0.006626 0.243660 0.284370 -0.062348 -0.101574 -0.115820
0.109054 -0.172619 0.272314 0.066935 0.218240 1.000000 0.086575 0.266360 0.242716 0.023318 0.276163 0.068754 0.020077 -0.104259 0.277905 -0.101206 -0.061063 -0.298872 0.099454 -0.082202 -0.091834 0.246870 0.286412 0.184945 -0.005405 0.048136 0.057369 0.249457 -0.020556 -0.377132 0.096742 0.013618 -0.242453 -0.064808 -0.054486 0.206637 0.020780 -0.198098 -0.020049 -0.076664 -0.063236 -0.045126 0.115592 0.163832 0.122769 0.185086 -0.144052 -0.124849 -0.121221 0.028671 0.199597 -0.160679 -0.058493 0.036819 0.159911 -0.118092 0.128557 -0.097665 0.040147 -0.121095 -0.015359 -0.025844 -0.172175 -0.183754 0.232508 0.091985 -0.086898 0.136435 0.161503 0.174973 -0.049398 -0.162468 0.030822 -0.179164 0.027051 -0.004684 -0.028452 -0.429811 -0.215431 0.001010 -0.057858 -0.200761 0.177112 -0.144034 0.241116 0.122248 0.228622 0.032727 0.234261 -0.014916 -0.056961 0.047506 0.059790 0.042109 -0.049489 -0.101846 -0.158389 -0.192304 -0.047295 -0.100211 -0.154639 -0.266592 -0.198595 -0.251474 -0.183878 -0.070649 -0.202873 0.121390 -0.019324 -0.100721 0.069782 -0.256365 -0.014983 -0.145927 0.012482 -0.271780
-0.005153 0.012987 0.287276 -0.077081 0.034881 0.086575 1.000000 0.160306 -0.011385 0.080118 -0.042573 -0.190109 -0.044862 -0.322556 -0.120715 -0.256442 -0.133052 -0.132550 0.289484 0.322028 0.097402 0.085078 0.278605 -0.041220 -0.044932 -0.027504 0.026391 -0.002361 0.139935 -0.274084 0.075166 0.092007 0.046563 0.180155 -0.226619 -0.080044 -0.049694 -0.083327 -0.003365 -0.169193 0.121425 -0.192894 0.083523 0.381386 -0.014517 0.141683 -0.036311 0.006091 -0.000721 0.211793 0.082235 0.019761 -0.248234 0.018704 -0.035598 -0.036082 0.265201 -0.118797 -0.303595 -0.180767 -0.135049 -0.265979 -0.095879 -0.265457 0.088273 -0.189538 -0.381185 0.060248 -0.023599 0.043101 0.237963 0.039807 0.038811 0.067181 0.274657 -0.093703 0.184272 -0.099792 0.138912 -0.127622 -0.082218 -0.246760 0.032325 -0.265850 0.139196 0.121910 -0.093327 0.011048 -0.160312 -0.257824 -0.070499 0.228140 -0.046297 0.077402 0.027703 0.052906 -0.138873 -0.092704 0.131642 0.235321 -0.323520 -0.154532 0.046828 0.139335 0.208106 -0.077338 0.043686 0.021440 0.038846 0.057138 0.026946 0.145365 0.093867 0.075537 -0.038463 -0.147762
-0.253963 -0.166179 0.060390 0.220583 0.229250 0.266360 0.160306 1.000000 -0.244472 0.197847 -0.335146 0.191024 -0.075370 0.127181 -0.252286 0.015323 -0.091020 -0.520525 -0.042345 -0.214950 -0.002220 -0.217329 -0.219015 -0.012652 -0.181673 0.116638 0.113700 -0.010844 -0.042215 -0.236672 -0.073627 -0.106390 0.009146 -0.028538 0.184747 0.342244 0.052296 0.135151 -0.087406 0.303660 0.074352 0.131249 -0.079283 0.091563 -0.057331 0.061418 -0.275138 -0.047094 -0.124481 -0.162141 0.087019 -0.336882 0.105006 -0.259847 -0.021005 0.091217 -0.075457 -0.325985 -0.044555 0.108798 0.069836 0.145910 0.005492 0.041394 -0.222890 0.206684 0.196886 0.448300 -0.018265 -0.032472 0.016043 0.129467 -0.068821 -0.148937 -0.130995 -0.058367 -0.136992 -0.142978 0.068860 -0.065672 0.087448 -0.262616 -0.196003 -0.097384 -0.087665 0.164657 -0.078602 0.068723 -0.162668 0.083074 0.118282 -0.118138 0.198028 -0.110334 -0.055095 -0.057872 0.167588 -0.047887 -0.208304 0.106611 0.006391 -0.259420 -0.043772 -0.062021 0.162805 -0.201184 -0.122583 0.105029 0.081574 -0.108870 0.010541 -0.163773 0.286578 -0.227211 0.104956 -0.121710
0.150417 -0.092760 0.102385 -0.197087 0.312376 0.242716 -0.011385 -0.244472 1.000000 0.065290 0.396838 -0.186072 0.158740 -0.017136 0.431931 0.116920 0.195344 0.296550 0.000690 -0.012668 -0.152918 0.079593 0.312826 0.192206 0.122564 -0.285539 -0.212075 -0.129283 0.159448 -0.108113 -0.087391 -0.352878 -0.136652 -0.192331 -0.202222 -0.185943 -0.222192 -0.555196 -0.281275 -0.279107 -0.261614 -0.330579 0.129421 -0.042709 0.258032 0.091670 0.037278 -0.052766 0.223214 0.225819 0.052809 0.120730 -0.040275 -0.030123 0.207469 -0.149198 0.126719 0.296672 0.150187 -0.122614 0.164805 0.046242 -0.097265 0.046030 0.187068 0.047594 -0.135836 -0.257073 0.063963 0.231389 -0.017384 -0.138140 0.152888 -0.125598 -0.126309 0.244151 -0.055806 -0.002563 -0.152765 0.151533 -0.061655 0.125771 0.345966 -0.299159 0.297063 -0.400505 0.110841 -0.282882 0.069442 0.000246 0.140212 0.405898 0.150095 0.341138 -0.254694 0.063072 -0.275894 -0.072757 -0.028587 -0.082438 0.139542 0.095863 0.112612 0.102793 -0.104701 -0.053509 0.010475 0.043356 -0.320917 0.005297 -0.045002 0.120021 0.067980 0.175896 -0.124955 -0.094447
-0.293200 -0.173563 -0.102766 -0.209354 0.266798 0.023318 0.080118 0.197847 0.065290 1.000000 -0.050320 -0.116732 0.259544 0.316746 -0.311921 0.254117 0.146356 0.096257 -0.041968 -0.215192 0.025358 -0.189196 -0.218594 -0.435762 0.158584 -0.150885 -0.116853 -0.347441 0.134720 0.087944 -0.481869 -0.337161 0.087462 -0.038452 0.193431 -0.101789 0.170795 0.032428 -0.156418 0.036088 0.127502 0.058908 -0.252212 -0.094016 -0.252701 -0.460014 -0.003941 0.109668 0.097054 0.177358 -0.285120 -0.004596 0.091220 -0.188186 0.171623 0.041235 -0.045726 0.196146 0.116531 0.286705 0.210049 0.285734 0.430155 0.340691 -0.453624 -0.053618 0.127125 -0.055818 -0.147520 0.066525 -0.109993 0.089617 0.368065 0.129926 0.145810 0.038760 0.163124 0.028761 0.096837 -0.209133 0.395915 0.289994 -0.296492 -0.002200 -0.399884 -0.317292 -0.237199 -0.249614 -0.497182 0.119564 0.054137 0.010584 -0.018077 0.036284 -0.023974 -0.041468 -0.039895 0.027118 -0.112349 0.117895 -0.129538 0.220458 0.091550 0.043292 -0.139155 -0.006199 -0.209111 -0.173042 -0.093726 -0.087229 -0.096437 0.184058 0.039189 -0.004207 -0.214570 0.057258
0.541225 0.249675 0.213656 -0.068181 0.001178 0.276163 -0.042573 -0.335146 0.396838 -0.050320 1.000000 -0.059345 0.359513 0.047904 0.555190 0.117775 0.187073 0.266210 -0.150631 -0.121829 0.006714 0.217132 0.327850 0.013601 -0.056231 -0.234403 -0.044989 -0.094092 0.124712 0.060130 -0.000017 -0.199831 -0.252855 -0.026981 -0.168617 -0.062251 -0.001031 -0.335460 -0.099143 -0.375565 -0.140572 -0.196455 0.038655 -0.069958 0.260832 0.026672 0.100515 -0.177515 0.250342 0.280674 0.130600 0.015187 -0.026966 0.093135 0.003874 -0.093937 0.201916 0.387566 0.331641 -0.324809 0.275885 -0.061928 -0.094618 0.191633 0.411062 -0.229169 -0.184801 -0.453239 -0.146355 -0.062387 -0.233256 -0.216472 0.186221 0.073081 0.094968 0.151798 0.113479 0.039577 -0.130723 0.080299 -0.136713 0.245605 0.537599 0.122101 0.200147 -0.176418 0.145769 -0.175677 0.266489 -0.146169 -0.240444 -0.151694 -0.331002 -0.076122 0.030224 -0.046715 -0.250999 -0.331990 0.176357 -0.383125 -0.177666 -0.225596 -0.034351 -0.104501 -0.374320 0.001979 0.088340 0.040995 -0.112502 -0.014401 -0.184157 -0.021854 -0.205432 0.125115 -0.071800 -0.316652
0.021320 0.038802 -0.019386 0.143338 -0.067752 0.068754 -0.190109 0.191024 -0.186072 -0.116732 -0.059345 1.000000 0.195882 0.236471 0.127057 0.243823 -0.128284 -0.179578 -0.304897 -0.314400 -0.021313 -0.085207 -0.303813 0.102346 -0.167585 0.133337 0.144322 0.081756 -0.041644 -0.170656 0.031748 0.006892 0.180028 -0.134653 0.298334 0.347107 -0.187214 0.035357 0.012482 0.161816 0.023500 0.185976 0.066604 0.118645 0.023644 0.035900 -0.180089 0.052549 -0.153098 -0.075029 0.102621 0.057747 0.135490 0.059330 -0.028321 -0.261477 -0.076902 -0.383605 0.130522 -0.009556 0.000655 0.336881 -0.067554 0.104642 -0.039958 0.422038 0.081927 0.186981 0.036067 -0.436761 -0.085920 -0.060565 -0.291011 0.026366 -0.034035 0.118052 -0.084413 -0.028686 -0.046657 0.065696 -0.313196 -0.274423 -0.185842 0.181642 -0.033100 0.082456 0.071922 0.083340 -0.047476 0.015972 0.094472 -0.103594 0.269564 0.027569 -0.293884 -0.168925 -0.070951 -0.057987 -0.220177 0.042218 0.194500 -0.083680 0.100265 -0.094122 -0.006934 -0.201386 0.147678 0.015184 -0.049912 0.002556 0.067013 -0.002696 -0.067160 0.060630 -0.146273 0.036041
0.134990 -0.208703 0.166082 -0.234824 0.099518 0.020077 -0.044862 -0.075370 0.158740 0.259544 0.359513 0.195882 1.000000 0.306512 0.158244 0.303360 0.207592 0.172235 -0.091652 -0.355628 0.137204 0.172315 -0.355631 -0.111384 0.039889 -0.289796 -0.002736 -0.330136 0.001386 0.060211 -0.292318 -0.504053 -0.012101 -0.274454 0.104511 0.112982 -0.207634 -0.350955 0.021296 -0.345654 0.127118 -0.034607 -0.083264 -0.078425 -0.102596 -0.373869 -0.192453 -0.016208 0.357815 0.184801 -0.100421 0.022836 0.216253 0.015478 0.215582 -0.328249 -0.016502 0.015861 0.612787 0.282005 0.518748 0.392769 0.290079 0.488090 -0.090435 0.190202 0.154446 -0.032426 -0.356974 -0.062325 -0.103173 -0.019278 0.451233 -0.023087 0.024958 -0.035904 -0.149079 0.058930 -0.259456 -0.132231 0.126670 0.208164 -0.111753 -0.084281 -0.239301 -0.248204 -0.073099 -0.199731 -0.163664 0.147232 -0.281884 -0.112822 -0.179078 -0.103868 -0.020607 -0.082751 -0.124926 -0.107067 0.214120 -0.152450 -0.007151 -0.171388 0.003634 -0.151867 -0.179499 -0.128082 0.025174 0.247293 -0.059196 0.103109 -0.145470 0.010985 -0.197799 0.125027 -0.196225 -0.052283
0.068915 -0.174185 -0.241316 -0.056789 -0.126946 -0.104259 -0.322556 0.127181 -0.017136 0.316746 0.047904 0.236471 0.306512 1.000000 -0.045510 0.613668 0.404886 0.226872 -0.191507 -0.270245 0.077317 -0.106519 -0.427842 -0.149922 0.021358 -0.099814 -0.201113 -0.245250 -0.092567 0.171994 -0.089615 -0.122602 -0.036606 0.082205 0.012933 0.161428 0.064297 -0.007515 -0.093419 0.041079 -0.110211 0.021028 -0.231190 -0.304404 -0.107279 -0.328627 -0.221087 -0.057215 -0.116762 -0.091373 -0.294210 -0.089329 0.132655 -0.086367 -0.140525 -0.091969 -0.148863 -0.100875 0.198239 0.183579 0.409241 0.634374 0.268292 0.413784 -0.272741 0.348888 0.058432 -0.148872 -0.089688 -0.061368 -0.214175 0.087537 0.109001 -0.087552 -0.319708 0.136836 -0.177826 -0.063301 0.003372 0.076086 0.203227 0.152980 -0.140216 0.335839 -0.198495 -0.255066 -0.291540 -0.196773 -0.308856 0.150068 0.060171 -0.106329 0.049467 -0.098880 -0.124916 0.002823 0.003880 -0.068130 -0.133406 -0.208409 0.059124 -0.136464 -0.052782 0.106267 -0.204122 0.150804 -0.058774 0.087617 0.119472 0.095213 -0.203981 -0.046482 -0.026124 -0.027472 -0.142805 -0.042000
0.444193 -0.021669 0.065127 -0.036102 -0.003713 0.277905 -0.120715 -0.252286 0.431931 -0.311921 0.555190 0.127057 0.158244 -0.045510 1.000000 0.075614 -0.047801 0.028735 0.020124 0.109494 0.083146 0.213374 0.297023 0.278876 0.071126 -0.119448 -0.059008 -0.009655 -0.026269 -0.133118 0.138053 -0.053154 -0.086496 -0.226354 -0.031752 -0.028691 -0.175466 -0.310222 0.035683 -0.390940 -0.310165 -0.231570 0.227441 0.023086 0.303947 0.192277 0.057178 -0.235094 0.075712 0.146704 0.148695 0.091999 -0.149577 0.113335 -0.062732 -0.125495 0.007095 0.142907 0.105089 -0.269915 0.138707 0.075970 -0.376949 0.027404 0.372141 0.039588 -0.031023 -0.206718 -0.030113 0.053857 -0.155347 -0.329403 0.092584 0.048715 -0.097518 0.198185 -0.111918 -0.097635 -0.165914 0.181434 -0.329581 -0.021485 0.603177 0.032973 0.378886 -0.207640 0.342795 -0.016799 0.210989 -0.165140 0.075072 0.099220 -0.092766 0.141262 -0.200789 -0.238685 -0.240772 -0.391735 0.081316 -0.360025 -0.025303 -0.136581 0.039694 -0.032316 -0.078296 -0.195428 0.092516 0.226615 -0.245940 -0.042905 -0.039291 -0.197749 -0.234269 -0.109260 -0.069608 -0.119439
0.005956 -0.110002 -0.425003 -0.173077 -0.039570 -0.101206 -0.256442 0.015323 0.116920 0.254117 0.117775 0.243823 0.303360 0.613668 0.075614 1.000000 0.411678 0.206080 -0.300789 -0.168113 0.085019 0.111466 -0.484530 -0.206483 0.046467 -0.196602 -0.214380 -0.353803 -0.058240 0.229875 -0.321660 -0.292474 0.124658 0.087693 0.120937 -0.002093 -0.064768 -0.148792 0.000691 0.021612 -0.135218 0.013100 -0.115424 -0.433056 0.094104 -0.347361 -0.044066 -0.052302 -0.091994 -0.008115 -0.283491 0.053324 0.119592 0.093291 0.141024 -0.049100 -0.092002 0.063280 0.209180 0.070999 0.313262 0.624677 0.184594 0.456780 -0.385688 0.219041 -0.106416 -0.211607 -0.182770 0.016600 -0.328481 0.039813 0.020839 -0.056949 -0.157597 0.217219 -0.217722 0.138146 0.020263 -0.048623 0.077152 0.087338 0.094503 0.266028 -0.150310 -0.313194 -0.115869 -0.030612 -0.313452 0.230601 0.224811 -0.093995 0.070347 -0.105107 -0.156466 -0.047918 -0.071085 -0.059718 -0.066469 0.096318 0.272711 -0.043482 0.017048 0.017189 -0.027080 0.104800 0.000111 0.116719 -0.091502 -0.124202 0.029497 -0.082689 -0.038545 0.036047 -0.322383 0.134699
0.070236 -0.032951 -0.362058 -0.086231 0.001082 -0.061063 -0.133052 -0.091020 0.195344 0.146356 0.187073 -0.128284 0.207592 0.404886 -0.047801 0.411678 1.000000 0.501360 -0.175524 -0.051241 -0.092751 0.160962 -0.235100 -0.171445 0.215724 -0.164391 0.031528 -0.141328 0.063343 0.281201 -0.137256 -0.034011 -0.058366 0.090886 -0.164103 -0.105233 0.172641 -0.091042 -0.280277 0.239150 0.064460 0.007874 -0.192242 -0.351706 -0.021337 -0.357958 -0.151546 -0.170211 -0.116587 -0.125709 -0.413904 -0.251177 -0.053109 -0.014763 0.021392 -0.175591 0.196505 0.313800 0.065300 0.001850 0.315607 0.183501 0.456497 0.374266 -0.181793 0.038686 0.082984 -0.239057 -0.077280 0.011978 0.043402 0.183070 0.311402 -0.002759 -0.021076 0.377730 -0.034405 0.254775 -0.019124 0.005193 0.331282 0.412293 0.050087 0.051659 -0.170932 -0.316952 -0.135378 -0.080524 -0.184250 -0.127103 -0.035715 -0.090044 -0.063893 -0.177006 0.024339 0.048226 -0.094670 -0.104523 0.003206 -0.142720 0.046071 -0.092346 -0.120392 -0.010397 -0.131487 0.187580 -0.057143 -0.010903 0.082681 -0.016475 -0.219399 0.046546 0.014395 0.011695 -0.148523 -0.040093
0.137798 0.031492 -0.074398 -0.124724 -0.005733 -0.298872 -0.132550 -0.520525 0.296550 0.096257 0.266210 -0.179578 0.172235 0.226872 0.028735 0.206080 0.501360 1.000000 -0.178862 0.002112 -0.133877 0.191960 -0.080787 -0.258557 0.223383 -0.234417 0.032388 -0.262588 0.173935 0.402313 -0.035709 -0.117191 -0.031038 0.111436 -0.078389 -0.344163 -0.019513 -0.163264 -0.051591 -0.079171 -0.122938 -0.216989 -0.096312 -0.494703 -0.140806 -0.441893 -0.009207 -0.246032 0.082588 0.064337 -0.131561 0.118785 0.017591 0.113842 -0.009349 0.028280 0.179772 0.458778 0.140905 0.025598 0.226337 0.067721 0.248391 0.314575 0.083284 -0.147001 -0.068710 -0.575043 0.041308 -0.156143 0.007369 0.121830 0.246606 0.105189 0.027809 0.187560 0.159118 0.095821 -0.059130 0.139805 0.224242 0.490085 0.110256 0.208853 -0.044955 -0.389323 -0.090681 -0.270371 -0.106780 0.177841 -0.161111 -0.010285 -0.127592 -0.000861 -0.054545 0.243305 -0.138925 -0.010941 0.023267 -0.206357 0.064311 0.230652 0.063021 0.136052 -0.142452 0.194032 -0.019010 -0.191837 -0.085040 -0.080014 -0.377965 0.269871 -0.202904 0.116541 -0.210496 -0.003739
0.056039 -0.034878 0.266339 0.008270 -0.067962 0.099454 0.289484 -0.042345 0.000690 -0.041968 -0.150631 -0.304897 -0.091652 -0.191507 0.020124 -0.300789 -0.175524 -0.178862 1.000000 0.405375 0.077418 0.036299 0.241552 0.018314 -0.071348 0.039638 -0.202710 0.128195 0.145931 -0.358420 0.162276 0.170387 -0.065324 -0.037613 -0.186461 0.079893 -0.032190 0.170271 0.108866 -0.175037 -0.098518 -0.247000 -0.011803 0.231167 -0.187295 0.099660 0.017410 0.030284 0.044667 -0.118042 0.021549 -0.200250 -0.102027 -0.098377 -0.033433 0.064649 0.061907 -0.174084 -0.226915 -0.052412 -0.300882 -0.186666 -0.076060 -0.277722 0.014939 -0.078255 -0.042314 0.016097 0.012178 0.165228 0.272635 -0.233580 0.001362 -0.021433 0.008489 -0.130591 -0.020492 -0.247340 0.119315 -0.205586 0.127080 -0.104634 0.030202 -0.181303 0.194075 -0.062831 -0.141797 -0.043531 -0.085321 -0.155246 -0.112839 0.399689 -0.038032 0.034379 -0.038611 0.026731 -0.132723 0.003322 0.142359 0.212073 -0.294942 0.098309 -0.053216 0.177227 0.005141 0.005193 -0.195694 0.086995 0.196318 0.113653 0.130743 0.001804 -0.046450 0.046983 0.172410 0.067354
0.247586 0.129065 -0.166859 0.041843 -0.287369 -0.082202 0.322028 -0.214950 -0.012668 -0.215192 -0.121829 -0.314400 -0.355628 -0.270245 0.109494 -0.168113 -0.051241 0.002112 0.405375 1.000000 -0.014324 -0.012555 0.238631 0.005759 0.049787 -0.072282 -0.061759 -0.011863 -0.010831 -0.170266 0.227450 0.256652 0.014080 0.248382 -0.227380 -0.165783 0.103918 0.097034 -0.032695 -0.043153 -0.074031 -0.008129 0.051813 0.122605 0.051668 0.278517 0.286287 0.053780 -0.299113 0.084533 -0.316416 0.025969 -0.440569 0.039247 -0.239848 0.214158 0.146734 0.047632 -0.617900 -0.286586 -0.457389 -0.316240 -0.329083 -0.443400 -0.030043 -0.330040 -0.338202 -0.147105 0.198993 0.369453 0.206968 0.035692 -0.045860 0.071199 0.080333 0.045893 0.027743 -0.002998 0.124587 0.029075 -0.074030 -0.171749 0.304943 0.042309 0.250722 0.045275 -0.063266 0.193573 -0.049770 -0.314595 0.090103 0.251870 0.028488 0.006220 0.078184 0.056715 -0.099269 0.041030 0.179866 0.095393 -0.129371 0.131369 0.038021 0.059298 -0.081904 -0.073233 -0.078471 0.000257 0.168300 0.112369 0.068110 0.084219 -0.259850 -0.042107 -0.135360 0.031276
0.053122 0.059963 -0.103480 0.003812 -0.153648 -0.091834 0.097402 -0.002220 -0.152918 0.025358 0.006714 -0.021313 0.137204 0.077317 0.083146 0.085019 -0.092751 -0.133877 0.077418 -0.014324 1.000000 0.243030 -0.125849 0.036073 -0.011904 0.033515 -0.131050 -0.063471 -0.118083 -0.181578 -0.046322 0.096405 0.001639 0.154623 -0.026646 0.095752 0.103238 -0.093717 0.167139 -0.070368 0.098181 -0.023264 0.098339 0.180264 -0.105700 -0.213072 0.043729 0.095153 0.053551 -0.014805 0.134534 -0.195195 -0.152793 0.099014 0.012308 -0.020308 -0.077672 -0.123837 0.078540 0.028295 0.166967 0.042604 0.057346 -0.073061 0.012401 0.004711 -0.145308 -0.016946 -0.086367 -0.053502 0.005365 -0.247562 0.096260 -0.025249 0.052978 0.079828 -0.042045 0.181787 0.072146 0.033672 0.161734 0.077995 -0.004645 0.092880 0.077081 -0.117395 0.095902 0.030119 0.036128 -0.104105 -0.175465 -0.209617 -0.365134 -0.090168 0.165151 0.021476 0.158563 0.050022 0.107316 0.065543 -0.078232 -0.079625 -0.124224 -0.069848 -0.038334 -0.103468 -0.040988 0.152340 0.191720 -0.117806 -0.038742 -0.002894 -0.375928 -0.093940 0.258487 -0.196075
0.107252 -0.063253 -0.005526 0.136419 -0.172780 0.246870 0.085078 -0.217329 0.079593 -0.189196 0.217132 -0.085207 0.172315 -0.106519 0.213374 0.111466 0.160962 0.191960 0.036299 -0.012555 0.243030 1.000000 0.003892 0.209455 0.191098 0.080149 -0.057749 0.100818 -0.065751 -0.046814 0.168598 0.260703 0.138630 0.240060 -0.044059 -0.181777 -0.053669 -0.284536 0.215878 -0.101050 0.089233 -0.176122 0.129907 0.054437 -0.068288 -0.165158 -0.195071 -0.123788 -0.120256 -0.221131 0.185396 -0.130690 0.078181 0.253318 0.116273 -0.302413 0.063124 0.086650 0.063412 -0.167507 0.132028 0.029337 0.025946 -0.002081 0.282443 -0.064808 -0.298348 -0.175037 0.086252 0.010040 0.075785 -0.207243 0.090361 -0.017117 0.110541 0.135680 -0.032446 -0.007621 -0.167291 0.055914 0.027141 0.116193 0.148227 0.214492 0.107234 -0.087655 0.325710 0.208096 0.154503 -0.000110 -0.158852 -0.067611 -0.194401 -0.103115 -0.012214 -0.070060 -0.222284 -0.244289 0.044373 -0.154371 -0.035643 -0.052534 -0.095694 -0.237974 -0.192972 0.107759 0.105657 0.259690 -0.066606 -0.237361 -0.121866 -0.194366 -0.453756 -0.090413 0.073479 -0.016348
0.143596 0.218584 0.455446 0.097138 0.079644 0.286412 0.278605 -0.219015 0.312826 -0.218594 0.327850 -0.303813 -0.355631 -0.427842 0.297023 -0.484530 -0.235100 -0.080787 0.241552 0.238631 -0.125849 0.003892 1.000000 0.326001 -0.094923 0.078439 0.129295 0.320109 0.086936 -0.227724 0.279991 0.212347 -0.360854 -0.138639 -0.216634 -0.023629 0.185193 0.106327 -0.072673 -0.076501 -0.085528 -0.193290 0.217415 0.269506 0.142618 0.342369 0.097062 -0.057948 -0.060444 -0.108147 0.291926 -0.055962 -0.206645 -0.088707 -0.101103 0.008403 0.276892 0.079010 -0.199369 -0.499664 -0.116887 -0.427480 -0.351868 -0.337616 0.525765 -0.287955 -0.223694 -0.189624 0.180053 0.144879 0.114644 -0.243388 -0.114361 -0.070697 0.000718 -0.020514 0.209797 -0.121073 0.009892 -0.010405 -0.191443 -0.104176 0.365636 -0.128290 0.417519 0.029581 0.218694 -0.016221 0.504235 -0.332655 -0.015966 0.330180 -0.085719 0.281734 0.186237 0.052548 -0.095430 -0.158826 -0.063549 -0.225440 -0.173201 -0.089580 -0.075089 0.004874 -0.060984 0.074000 0.008151 -0.030938 -0.162791 0.058272 -0.017335 0.057025 0.053896 0.139599 0.055917 -0.245960
0.091539 0.099933 0.360938 0.390360 -0.134794 0.184945 -0.041220 -0.012652 0.192206 -0.435762 0.013601 0.102346 -0.111384 -0.149922 0.278876 -0.206483 -0.171445 -0.258557 0.018314 0.005759 0.036073 0.209455 0.326001 1.000000 -0.004830 0.486663 0.040000 0.491656 -0.318284 -0.379287 0.445370 0.367900 -0.130469 -0.131917 -0.120160 0.217081 -0.232704 -0.248357 -0.048287 0.160709 -0.141881 -0.316224 0.197465 0.254377 0.216253 0.397138 -0.139513 0.005581 -0.084328 -0.171612 0.353779 -0.178289 -0.153479 0.051516 -0.159627 -0.255182 -0.045491 -0.192440 -0.020560 -0.302352 -0.019702 -0.211844 -0.421867 -0.403744 0.434675 0.283156 -0.241207 0.253839 0.151501 0.151266 0.013249 -0.252864 -0.366936 -0.421067 -0.365552 -0.059558 -0.308074 -0.038200 -0.159028 0.056084 -0.323748 -0.314332 0.179118 -0.015178 0.383844 0.281232 0.169727 0.142878 0.569374 -0.097181 0.031416 0.226819 0.295792 0.172266 -0.120452 -0.011337 -0.120371 -0.139522 -0.089395 -0.256174 0.190690 -0.231641 -0.068863 -0.123373 -0.007816 0.043277 0.015438 0.147854 -0.122084 0.142845 0.163298 -0.142340 -0.030783 -0.040665 0.157197 0.045577
-0.102546 -0.244048 -0.182985 -0.289719 -0.185479 -0.005405 -0.044932 -0.181673 0.122564 0.158584 -0.056231 -0.167585 0.039889 0.021358 0.071126 0.046467 0.215724 0.223383 -0.071348 0.049787 -0.011904 0.191098 -0.094923 -0.004830 1.000000 0.058929 -0.156986 -0.064815 0.122899 0.266712 -0.072446 0.117404 0.098303 -0.059941 -0.012508 -0.337970 -0.021697 -0.143409 0.105933 0.000400 -0.033058 0.003676 0.069636 0.031954 0.071689 -0.144191 0.185103 0.133564 0.072409 0.071233 -0.220343 0.211807 -0.121956 -0.008331 -0.003210 0.066741 -0.128477 0.165934 -0.164319 -0.011897 -0.112317 -0.025442 0.079518 -0.086502 -0.064471 -0.043100 0.021793 -0.006693 0.063980 -0.029395 0.223394 -0.026243 0.116411 0.084827 0.038295 -0.047724 0.052994 0.171595 0.023688 0.094006 0.062147 0.122003 0.070825 -0.079710 0.022553 -0.067483 0.121298 0.149917 -0.162316 -0.129408 -0.067213 -0.012214 -0.099835 0.037629 -0.072833 -0.228672 -0.220714 0.002301 0.225911 -0.110412 0.095526 0.041228 -0.163874 -0.101670 -0.076324 0.048397 0.046056 -0.082129 -0.167917 -0.173208 -0.104300 -0.016445 -0.080393 0.000940 -0.013884 0.181534
-0.201228 0.057425 0.120521 0.282528 -0.244285 0.048136 -0.027504 0.116638 -0.285539 -0.150885 -0.234403 0.133337 -0.289796 -0.099814 -0.119448 -0.196602 -0.164391 -0.234417 0.039638 -0.072282 0.033515 0.080149 0.078439 0.486663 0.058929 1.000000 0.112774 0.666733 -0.301571 -0.261595 0.262822 0.506760 0.121447 0.147975 0.151131 0.331312 -0.137891 0.260421 0.358569 0.382110 0.159639 -0.001057 -0.159728 0.078720 -0.023777 0.167891 -0.190001 -0.040513 -0.280575 -0.235872 0.221176 -0.214049 -0.079341 0.109079 -0.139355 0.054567 -0.095857 -0.198508 -0.111283 -0.086547 -0.096312 -0.182382 -0.219831 -0.384199 0.120105 0.160087 -0.089543 0.372451 0.058869 -0.070869 -0.140698 -0.011962 -0.296070 -0.431404 -0.266797 -0.124501 -0.068161 -0.003592 0.020947 -0.054950 -0.148116 -0.276292 -0.106248 0.082858 -0.093820 0.403235 0.248504 0.429295 0.195760 -0.081052 -0.017452 -0.010388 0.233839 -0.032368 0.068007 -0.086056 0.121102 -0.156675 -0.178836 -0.021169 0.094341 0.140064 -0.110813 -0.113275 -0.021224 0.120628 -0.070644 -0.133978 0.061774 0.010488 0.267784 0.040512 0.048272 -0.281122 0.379092 0.248574
-0.126756 -0.139263 0.137749 -0.021712 0.322736 0.057369 0.026391 0.113700 -0.212075 -0.116853 -0.044989 0.144322 -0.002736 -0.201113 -0.059008 -0.214380 0.031528 0.032388 -0.202710 -0.061759 -0.131050 -0.057749 0.129295 0.040000 -0.156986 0.112774 1.000000 0.008572 -0.035748 -0.119797 0.113807 0.000027 -0.065452 -0.052169 0.009418 0.272546 0.167092 0.184889 0.097006 0.237768 0.177419 0.038675 -0.067502 -0.137697 -0.033483 0.065324 -0.317759 -0.218203 -0.052848 -0.278496 0.097549 -0.227403 -0.216403 -0.191500 0.097534 -0.027643 0.114018 -0.114766 0.036053 -0.014085 0.147762 0.005857 0.026284 0.097140 0.324079 0.213753 0.035697 0.202460 0.000633 -0.235011 0.049275 0.109573 -0.009397 -0.047341 0.266934 0.041247 0.184269 0.230695 0.014233 0.013010 0.143888 -0.031372 -0.124197 -0.109154 0.004780 0.003531 -0.004735 -0.068257 0.391931 0.128178 -0.024143 -0.240708 0.163947 0.092581 0.253331 0.269766 0.157436 0.017621 -0.011386 -0.101835 -0.125691 -0.194991 -0.270859 -0.372908 0.020389 0.089280 -0.120241 -0.040393 0.100357 0.255868 -0.032113 0.286775 0.079186 -0.035417 -0.148737 -0.019002
0.021587 0.166217 0.196255 0.404755 -0.156623 0.249457 -0.002361 -0.010844 -0.129283 -0.347441 -0.094092 0.081756 -0.330136 -0.245250 -0.009655 -0.353803 -0.141328 -0.262588 0.128195 -0.011863 -0.063471 0.100818 0.320109 0.491656 -0.064815 0.666733 0.008572 1.000000 -0.060406 -0.354957 0.376341 0.536259 -0.128228 0.007075 0.117699 0.265997 0.130353 0.314136 0.236238 0.323690 0.176688 0.026992 -0.050992 0.151702 -0.083378 0.183401 -0.161453 -0.056572 -0.398302 -0.250846 0.330114 -0.155642 -0.049455 0.179373 -0.009404 -0.046256 0.019049 -0.161239 -0.225359 -0.385042 -0.268947 -0.439365 -0.286674 -0.549674 0.285403 -0.002745 -0.111367 0.199553 0.141871 -0.038034 -0.004495 0.009615 -0.220941 -0.354831 -0.239163 -0.090281 -0.043436 -0.224705 -0.067333 0.054857 -0.168240 -0.245801 -0.046282 0.052244 0.035315 0.485564 0.219923 0.287330 0.421623 -0.251733 -0.202174 -0.012087 0.196736 -0.009162 0.158747 -0.060195 0.233061 0.077812 -0.164424 -0.155533 0.089036 0.021114 -0.131065 0.007545 -0.034314 0.055346 -0.172231 -0.013931 0.015194 -0.147631 0.103234 -0.089349 -0.011293 -0.133047 0.405449 -0.048401
0.012424 0.230693 0.076373 -0.271040 0.176607 -0.020556 0.139935 -0.042215 0.159448 0.134720 0.124712 -0.041644 0.001386 -0.092567 -0.026269 -0.058240 0.063343 0.173935 0.145931 -0.010831 -0.118083 -0.065751 0.086936 -0.318284 0.122899 -0.301571 -0.035748 -0.060406 1.000000 0.191691 -0.014046 -0.000042 0.109666 0.215232 0.027851 -0.249905 0.305309 0.029094 -0.193795 -0.192461 -0.123707 -0.048330 -0.117021 -0.091390 -0.143685 -0.284203 0.050761 0.022265 -0.009798 0.042741 0.028636 -0.067104 0.117082 -0.105343 -0.012841 0.035303 0.038100 0.123931 -0.061029 -0.250002 -0.036829 -0.154627 0.308939 0.106753 0.093051 -0.251794 -0.054061 -0.253772 -0.177147 -0.270165 0.169290 -0.035421 0.234327 0.304291 0.334470 0.181511 0.366667 0.008032 0.144697 0.136566 0.097623 0.261990 0.076318 -0.013703 0.032916 -0.162166 -0.055443 -0.313990 -0.122976 -0.269487 -0.157183 -0.114741 0.165742 0.114595 -0.168885 -0.037324 -0.236389 0.106660 -0.012993 -0.171455 -0.210148 0.058298 -0.130099 0.066122 -0.031219 0.215973 -0.197797 -0.176467 -0.223447 -0.249157 -0.294009 -0.078365 0.138899 0.433115 0.097023 -0.170945
-0.058254 0.072818 -0.321697 -0.328387 -0.251580 -0.377132 -0.274084 -0.236672 -0.108113 0.087944 0.060130 -0.170656 0.060211 0.171994 -0.133118 0.229875 0.281201 0.402313 -0.358420 -0.170266 -0.181578 -0.046814 -0.227724 -0.379287 0.266712 -0.261595 -0.119797 -0.354957 0.191691 1.000000 -0.025850 0.017228 0.206782 0.133155 0.008354 -0.410857 0.058276 0.084854 0.080153 -0.019935 -0.148925 0.140345 -0.147426 -0.311995 -0.028496 -0.344392 0.131164 -0.048504 0.012176 0.022045 -0.167355 0.183958 0.229020 0.134404 0.009917 -0.025158 -0.078394 0.283170 0.094276 0.137597 0.099247 0.102988 0.353472 0.431823 -0.217819 -0.189641 0.234170 -0.256799 -0.183745 -0.219855 -0.056482 0.136274 0.283617 0.271188 0.153692 0.112458 0.140506 0.313671 0.075367 0.076284 0.055717 0.449473 0.014558 0.235853 -0.261971 -0.141311 -0.078484 0.000048 -0.218771 0.058657 -0.129890 -0.287777 -0.306092 -0.298414 -0.006521 -0.122263 -0.068661 -0.136172 0.048955 -0.147401 -0.061438 0.140892 -0.147923 0.186219 -0.007503 0.107128 0.240052 -0.167269 -0.169219 -0.066326 -0.244965 -0.153169 0.140247 0.215689 -0.098208 0.138036
0.194524 0.207680 0.281028 0.249079 -0.485368 0.096742 0.075166 -0.073627 -0.087391 -0.481869 -0.000017 0.031748 -0.292318 -0.089615 0.138053 -0.321660 -0.137256 -0.035709 0.162276 0.227450 -0.046322 0.168598 0.279991 0.445370 -0.072446 0.262822 0.113807 0.376341 -0.014046 -0.025850 1.000000 0.680182 -0.070968 0.300264 -0.175790 0.110836 -0.025480 0.082531 0.230717 0.119899 -0.143284 -0.189533 0.023979 0.118986 0.067121 0.285643 -0.210184 -0.103596 -0.336860 -0.211282 0.250421 -0.319543 -0.238058 0.037193 -0.437614 -0.275438 0.109001 -0.210101 -0.307213 -0.401698 -0.194908 -0.241830 -0.304452 -0.426253 0.339914 0.040970 -0.198071 0.108172 0.035543 -0.079608 0.042081 -0.077450 -0.152099 -0.118603 -0.006131 0.095758 0.109158 0.029267 -0.073049 0.289958 -0.240506 -0.204426 0.169720 0.174778 0.255309 0.207841 0.103251 0.111968 0.382885 -0.289378 -0.115524 0.124197 0.109899 -0.037445 0.037164 0.197855 -0.045962 -0.079402 -0.042358 -0.328011 -0.154572 -0.169557 -0.193737 -0.027240 -0.205779 0.073402 -0.061422 0.079916 0.102521 0.300513 -0.044596 -0.136041 -0.064082 0.068724 0.102080 -0.118763
0.058715 0.131355 0.024524 0.268135 -0.583582 0.013618 0.092007 -0.106390 -0.352878 -0.337161 -0.199831 0.006892 -0.504053 -0.122602 -0.053154 -0.292474 -0.034011 -0.117191 0.170387 0.256652 0.096405 0.260703 0.212347 0.367900 0.117404 0.506760 0.000027 0.536259 -0.000042 0.017228 0.680182 1.000000 0.145504 0.422229 -0.024108 -0.076117 0.118166 0.252976 0.294929 0.320599 0.006454 -0.043353 -0.002202 0.217764 -0.050796 0.193348 -0.077195 0.073498 -0.461004 -0.286504 0.113934 -0.265580 -0.286169 0.096239 -0.435580 -0.172608 0.022907 -0.282138 -0.405751 -0.365131 -0.330731 -0.265040 -0.057968 -0.445417 0.192001 0.006637 -0.177704 0.109806 0.194886 -0.196782 0.106071 -0.017743 -0.225060 -0.094944 0.008031 0.137438 0.124234 0.053107 0.022922 0.039928 -0.215409 -0.247138 0.039589 0.288601 0.111690 0.190114 0.098313 0.293575 0.196798 -0.470554 -0.121752 -0.094324 0.119122 -0.160523 0.058364 -0.034545 -0.028274 -0.099816 -0.131401 -0.153941 -0.063987 0.105319 -0.089069 0.024017 -0.091594 0.152511 -0.002803 -0.035642 0.178216 -0.002725 0.026287 -0.157614 -0.152275 -0.028857 0.226746 0.022033
-0.013128 0.095572 -0.330443 -0.071255 -0.077121 -0.242453 0.046563 0.009146 -0.136652 0.087462 -0.252855 0.180028 -0.012101 -0.036606 -0.086496 0.124658 -0.058366 -0.031038 -0.065324 0.014080 0.001639 0.138630 -0.360854 -0.130469 0.098303 0.121447 -0.065452 -0.128228 0.109666 0.206782 -0.070968 0.145504 1.000000 0.261635 0.003989 -0.253064 -0.233314 -0.004288 0.029359 0.086085 0.102630 0.137956 -0.122805 0.024723 -0.076823 -0.033453 0.083154 0.078148 -0.005418 0.129544 -0.105687 0.090784 -0.049984 0.095983 0.028367 0.012306 -0.109404 -0.095528 -0.114105 0.253125 -0.159857 0.151579 0.189139 0.172853 -0.313972 0.018385 0.070961 0.005648 -0.060821 -0.102858 0.183886 0.128141 0.023038 0.248953 0.158769 0.087241 -0.074689 0.224945 0.119482 -0.079149 -0.121716 -0.055000 -0.217940 0.244754 -0.233929 -0.225813 0.078975 0.149222 -0.469149 -0.032624 0.063570 -0.038125 0.133681 -0.198447 -0.298516 -0.163633 -0.167956 -0.024185 -0.068690 0.188960 -0.157604 0.307570 0.006226 -0.005677 0.019601 0.017395 0.106450 -0.023157 -0.036684 -0.057805 0.102794 -0.045690 0.044571 0.038358 0.054458 0.339353
0.097651 0.228113 -0.174431 0.032028 -0.251327 -0.064808 0.180155 -0.028538 -0.192331 -0.038452 -0.026981 -0.134653 -0.274454 0.082205 -0.226354 0.087693 0.090886 0.111436 -0.037613 0.248382 0.154623 0.240060 -0.138639 -0.131917 -0.059941 0.147975 -0.052169 0.007075 0.215232 0.133155 0.300264 0.422229 0.261635 1.000000 -0.127630 -0.117116 0.212567 0.012454 -0.026988 0.038065 -0.035438 -0.042500 -0.152450 -0.108931 -0.085009 -0.056333 -0.015147 -0.033710 -0.360178 -0.051201 0.032631 -0.282209 -0.239241 0.003005 -0.310151 0.082967 0.130031 0.120452 -0.263170 -0.264353 -0.164040 -0.061445 0.077802 -0.150169 -0.070260 -0.182239 -0.339957 -0.216601 -0.018619 -0.068763 -0.125673 -0.023393 0.114637 0.141504 0.267907 0.341857 0.160886 0.086419 0.338026 0.149360 0.096756 0.089795 0.127230 0.284058 -0.073689 -0.006358 -0.032910 0.020223 -0.083363 -0.254920 -0.170791 -0.136028 0.068288 -0.201713 -0.022518 0.292930 0.027563 0.090670 -0.059687 -0.022262 -0.165939 0.102061 -0.150958 -0.038379 -0.163346 0.381883 -0.128231 -0.082975 0.315000 0.075799 -0.075907 -0.008646 -0.205377 0.084607 0.162486 -0.056307
-0.044308 -0.217408 -0.113815 0.016954 0.029985 -0.054486 -0.226619 0.184747 -0.202222 0.193431 -0.168617 0.298334 0.104511 0.012933 -0.031752 0.120937 -0.164103 -0.078389 -0.186461 -0.227380 -0.026646 -0.044059 -0.216634 -0.120160 -0.012508 0.151131 0.009418 0.117699 0.027851 0.008354 -0.175790 -0.024108 0.003989 -0.127630 1.000000 0.085751 0.148369 0.262307 0.217883 0.168645 0.166784 0.276559 -0.136907 -0.111276 -0.223305 -0.167863 -0.164796 -0.073487 -0.045995 -0.248959 0.015280 -0.096955 0.284259 -0.147415 0.137508 -0.188633 -0.061050 -0.048695 0.228145 0.137019 0.100401 0.213426 0.095188 0.166478 -0.193955 0.131855 0.385393 0.154613 -0.094915 -0.130651 -0.279290 0.098241 0.067347 0.100920 -0.101586 0.064001 -0.012874 -0.006352 -0.046657 -0.088949 -0.036998 -0.139377 -0.148202 0.007695 -0.067891 -0.064592 0.072040 0.237867 -0.012921 0.032758 0.122885 -0.237794 0.131338 -0.050332 0.015984 -0.286931 0.213353 -0.089215 -0.388669 -0.040964 0.310196 0.367821 0.101345 -0.035748 0.090803 -0.252684 0.045150 0.134280 -0.134197 -0.324980 0.026712 -0.065652 -0.102307 -0.088818 0.049294 0.020762
-0.128259 -0.065401 0.218005 0.298224 0.042675 0.206637 -0.080044 0.342244 -0.185943 -0.101789 -0.062251 0.347107 0.112982 0.161428 -0.028691 -0.002093 -0.105233 -0.344163 0.079893 -0.165783 0.095752 -0.181777 -0.023629 0.217081 -0.337970 0.331312 0.272546 0.265997 -0.249905 -0.410857 0.110836 -0.076117 -0.253064 -0.117116 0.085751 1.000000 0.129851 0.224535 0.184195 0.327082 0.023401 0.068143 -0.099527 0.057299 0.100821 0.170412 -0.273241 -0.098637 -0.220790 -0.308342 0.214154 -0.340265 -0.121522 -0.173969 -0.044715 0.068958 0.043445 -0.287431 0.044655 -0.009506 0.139130 0.054021 -0.198600 -0.180972 0.118110 0.362859 0.091650 0.481233 0.162013 0.030556 -0.070570 -0.002660 -0.172241 -0.227124 -0.078081 -0.014542 0.029064 -0.068430 -0.105535 0.015927 -0.015092 -0.350752 -0.275666 -0.133699 -0.065423 0.234234 -0.070358 0.051342 0.206711 0.005041 -0.072502 0.037279 0.153608 0.000129 0.077857 0.122802 0.136449 -0.018820 -0.227313 -0.105470 -0.022760 -0.363673 -0.370646 -0.154994 -0.026369 -0.073424 -0.177012 0.171936 0.047073 0.290270 0.104729 -0.038148 -0.000423 -0.152534 0.221299 -0.135577
