1.000000 0.583648 0.071898 -0.145217 -0.093821 -0.184023 0.060500 0.008330 -0.057345 -0.018574 0.428845 0.275216 0.247383 0.121821 -0.231917 -0.160484 0.460240 0.206454 0.470181 0.515843 -0.404882 -0.418747 -0.309836 -0.485059 -0.467651 -0.498577 -0.262761 -0.165437 0.335581 -0.068341 -0.442509 -0.415052 -0.126703 -0.313726 -0.518446 -0.512009 -0.245286 -0.218805 -0.011361 -0.171776 -0.185668 0.016354 0.409339 0.386365 0.399401 0.201870 0.249019 0.184967 -0.008316 0.109064 -0.263077 -0.160058 0.031433 -0.003954 -0.115133 -0.101478 0.527661 0.349705 -0.158982 -0.359113 0.127215 -0.199659 0.367377 0.270768 -0.133822 -0.127185 -0.438347 -0.618110 0.123368 -0.045603 -0.369497 -0.375777 -0.071237 -0.168444 -0.109478 -0.343342 -0.245394 -0.278586 0.005990 -0.312107 0.028095 -0.033587 0.284323 0.281808 0.029244 0.110429 -0.075517 -0.278687 -0.142740 -0.143635 -0.365982 -0.049323 -0.173707 -0.166931 -0.243990 -0.127896 -0.015266 -0.077544 0.123062 0.154895 0.049655 -0.143014 -0.335335 -0.068599 -0.215545 -0.189976 -0.109323 -0.377440 -0.440502 -0.126651 -0.064511 0.228779 0.109674 -0.119575 -0.038046 -0.349490
0.583648 1.000000 0.001674 -0.091927 -0.009940 -0.287627 -0.208913 -0.036060 -0.064300 -0.392526 0.215704 0.236755 0.050854 0.111827 -0.229623 -0.112796 0.467501 0.438827 0.450324 0.475263 -0.121524 -0.179077 -0.268283 -0.520480 0.005613 -0.039896 -0.083922 -0.032195 0.320017 0.155399 -0.045540 -0.304255 0.198985 -0.120561 -0.291217 -0.376919 -0.273076 -0.104740 -0.048410 -0.204541 -0.257119 -0.007618 0.218098 0.189139 0.160429 -0.040569 0.120546 0.040640 -0.060716 -0.107770 -0.260312 0.000446 -0.016953 0.133987 -0.081325 0.059863 0.680194 0.762812 -0.184303 -0.244837 -0.146838 -0.376477 0.290279 0.044308 -0.392555 -0.211817 -0.022996 -0.514430 0.439010 0.250602 -0.327216 -0.103948 0.004446 -0.102422 -0.225636 -0.219904 -0.423394 -0.344252 0.100829 0.089382 0.078455 0.162521 -0.042752 0.274978 -0.286177 -0.148353 -0.084444 -0.209716 -0.231941 -0.240030 -0.571772 -0.351493 -0.420947 -0.344802 -0.253625 -0.335202 -0.031658 -0.226171 -0.056193 -0.199049 -0.097998 -0.006886 -0.487351 -0.271274 -0.188619 -0.014029 -0.255604 -0.241411 -0.475876 -0.227616 -0.120602 0.023299 0.010441 -0.363016 -0.284711 -0.377221
0.071898 0.001674 1.000000 0.288965 0.459089 0.345723 0.572782 0.499678 0.443451 -0.097784 -0.082658 -0.059225 -0.006823 -0.036113 0.108001 -0.067633 -0.369196 -0.273812 0.049924 -0.117620 0.027790 0.101628 0.328225 0.006369 0.112777 0.108173 0.139969 0.330447 -0.107516 -0.265333 0.049026 -0.037518 -0.032060 0.041375 0.031393 0.146731 -0.382824 -0.515853 0.043675 -0.159285 -0.272384 -0.135488 0.250227 0.173177 0.223741 0.178081 0.098807 0.112853 0.217027 0.160051 0.125203 0.147551 0.018635 -0.009712 0.095100 0.121102 -0.185810 -0.193360 0.213810 0.243291 0.029276 -0.229957 -0.224054 -0.243596 -0.250771 0.049835 0.253396 0.140455 -0.367003 -0.224002 -0.029325 -0.234942 -0.206171 -0.213629 -0.270816 -0.137845 -0.251275 -0.148390 -0.509552 -0.440873 -0.555592 -0.499792 0.122035 0.062808 -0.317217 -0.197363 -0.046874 -0.130356 0.099323 0.063236 0.136689 0.091150 -0.176682 -0.075669 -0.082131 -0.027557 0.024146 -0.113015 0.269409 0.059757 0.192147 0.127988 -0.029638 -0.238609 -0.055370 -0.067342 -0.216562 -0.051131 0.059713 -0.059943 -0.087094 -0.068857 0.015409 -0.030444 -0.052749 0.061934
-0.145217 -0.091927 0.288965 1.000000 0.054613 0.162125 0.096455 0.383653 0.093200 -0.110927 -0.269565 -0.172110 -0.340695 -0.251697 -0.237759 -0.105200 -0.144492 0.033239 0.145922 -0.040709 0.102523 0.114281 0.133220 0.226221 0.052584 0.288352 -0.126795 0.003995 -0.012128 0.095881 0.269432 0.430351 0.273488 0.414780 0.301402 0.315628 -0.237547 -0.311655 -0.111911 -0.124773 -0.131495 -0.004238 0.092394 0.183220 0.240368 0.338750 -0.056653 0.047575 -0.004190 0.203026 -0.086847 -0.104258 -0.308375 -0.168574 -0.127609 -0.081145 -0.266293 -0.210474 -0.447024 -0.042386 -0.401204 -0.160896 -0.146755 -0.103823 -0.135601 -0.154028 0.121745 0.373639 -0.227580 -0.299140 0.050937 0.058833 0.130473 0.120796 0.040146 0.154677 0.125750 0.293278 -0.205518 0.025555 -0.162313 -0.126197 -0.043519 0.125717 -0.179115 -0.238384 0.048598 -0.177264 -0.011191 -0.196189 0.024876 -0.170410 -0.104391 0.014193 -0.210339 0.040355 -0.030270 -0.199192 0.081057 -0.140475 0.000948 0.103229 -0.083100 -0.082794 0.018069 0.057552 -0.223114 0.043237 0.023235 -0.336311 0.040393 -0.196368 -0.005674 -0.058192 -0.064782 -0.139459
-0.093821 -0.009940 0.459089 0.054613 1.000000 0.252248 0.293067 0.234503 0.692695 0.057713 -0.207864 0.006663 -0.207583 0.075773 0.346542 0.090815 -0.373047 -0.195281 -0.088545 -0.320614 0.016630 0.110880 0.226285 -0.138528 0.229076 0.011965 0.361168 0.264273 -0.132084 -0.081448 0.102296 -0.163922 -0.192107 -0.163097 0.034460 0.135618 -0.101805 -0.134582 0.203676 0.012535 0.027943 0.047764 0.087313 0.117298 -0.052660 0.053083 0.128748 0.127973 0.281574 0.147186 0.286809 0.436531 0.228362 0.408313 0.257450 0.247036 -0.162044 -0.050411 0.314706 0.400112 -0.013302 -0.088364 -0.302812 -0.143607 -0.173856 0.071168 0.278657 0.000361 -0.209917 -0.092202 0.040842 -0.075529 -0.009435 -0.138021 -0.252795 -0.159598 -0.167533 -0.249061 -0.263484 -0.235619 -0.484134 -0.297772 0.008239 0.141562 -0.389680 -0.249317 -0.018723 -0.032117 0.059051 0.015099 0.068478 0.013758 -0.011263 0.045820 0.092650 -0.225869 0.059299 0.007298 0.110290 -0.083209 0.051430 -0.098187 -0.062263 -0.278663 -0.017822 0.012999 -0.028955 -0.106379 0.041281 0.047924 -0.174889 -0.136270 -0.008548 -0.335041 -0.017870 0.143997
-0.184023 -0.287627 0.345723 0.162125 0.252248 1.000000 0.177811 0.367161 0.052670 0.382398 -0.091433 0.037471 0.112682 0.105435 0.181409 0.354427 -0.281316 -0.286212 -0.384428 -0.323869 0.071254 0.231803 0.113611 0.213879 0.136323 0.133858 -0.036041 0.164024 -0.034194 -0.008509 0.007115 0.211860 -0.209008 0.050059 0.049042 0.232661 -0.124914 -0.257347 0.013379 0.213597 -0.110271 -0.030902 -0.047461 -0.160639 -0.063668 -0.009246 -0.092714 -0.070477 0.238746 0.224953 -0.005032 0.194171 0.137709 0.061275 0.131530 0.145606 -0.314447 -0.287709 0.299433 0.196905 -0.146696 0.057233 -0.292715 -0.307285 -0.165702 0.206762 -0.095057 0.194313 -0.294052 -0.179900 0.127889 0.072933 -0.088566 -0.076808 -0.150529 0.203344 -0.008499 0.286558 -0.160021 -0.112868 -0.166250 -0.253311 0.166865 0.057430 -0.100491 -0.170324 -0.177129 0.068516 0.195067 0.129132 0.319850 0.016461 0.175118 0.024876 0.060114 0.047409 -0.133996 -0.163707 0.199420 0.022398 0.274686 0.097771 0.156326 0.147422 0.020844 0.029610 0.068530 -0.176072 0.210453 -0.010031 -0.182731 -0.148272 -0.117685 0.091354 0.010625 0.137164
0.060500 -0.208913 0.572782 0.096455 0.293067 0.177811 1.000000 0.545111 0.469099 -0.012324 0.379409 0.283577 0.270803 0.263839 0.178353 0.045453 -0.296339 -0.270432 -0.200346 -0.185741 -0.145180 -0.028117 0.164556 0.187483 -0.142180 -0.115340 -0.069158 0.236208 -0.036926 -0.234325 -0.110882 -0.003875 -0.078950 0.101381 0.011776 0.082684 -0.338331 -0.432248 -0.098294 -0.086579 -0.020641 -0.212915 -0.015444 -0.053837 0.095221 -0.057023 -0.081847 -0.150956 0.149414 -0.053501 0.030500 -0.017479 0.103592 -0.081144 0.096873 -0.004692 -0.441628 -0.465287 0.139702 0.081733 0.446637 0.158492 0.053807 0.184330 0.319020 0.224227 0.004475 0.075314 -0.528393 -0.348288 -0.085216 -0.206485 -0.264786 -0.249034 -0.301117 -0.174736 -0.157549 -0.066183 -0.440380 -0.452003 -0.436384 -0.412050 0.173965 0.106319 0.072119 0.011020 -0.149646 0.109551 0.257968 0.338504 0.266260 0.203542 0.004783 0.070132 -0.173999 0.096533 -0.200038 -0.126550 0.085273 0.016675 0.181699 0.023522 -0.001576 -0.230181 0.079269 0.102954 -0.148632 -0.015529 -0.036837 -0.033350 -0.231902 -0.148601 0.059555 -0.130957 0.051244 0.017082
0.008330 -0.036060 0.499678 0.383653 0.234503 0.367161 0.545111 1.000000 0.354927 0.163280 -0.024753 0.301558 -0.007194 0.279362 -0.140571 -0.009964 -0.226606 -0.114941 -0.341060 -0.277662 -0.173966 -0.063251 -0.012603 0.058582 -0.069917 -0.010224 -0.171857 0.137836 -0.040194 -0.165555 -0.123644 0.035996 0.065501 0.178932 -0.059027 0.161987 -0.463577 -0.445547 -0.108983 -0.057985 -0.162972 -0.425970 0.091030 0.025067 0.209221 0.197233 -0.015955 0.008512 0.242389 0.282974 0.002622 0.096162 -0.103609 -0.102036 0.018043 0.032399 -0.229595 -0.146844 0.224881 0.327717 0.141864 0.146774 -0.154023 0.074877 -0.064015 0.330483 0.145771 0.214768 -0.477763 -0.328722 -0.216016 -0.178805 -0.308396 -0.345183 -0.430288 -0.142873 -0.202657 -0.000529 -0.477516 -0.282324 -0.429950 -0.440633 -0.013530 0.046893 -0.335548 -0.374557 -0.037155 -0.108862 0.112994 -0.058374 0.064171 -0.150268 -0.018748 -0.116279 -0.096556 -0.001374 -0.113768 -0.126659 0.117155 -0.123205 0.067468 0.207058 -0.073679 -0.156287 0.039723 0.007495 -0.014576 -0.023796 0.026186 -0.087671 -0.200217 -0.205966 -0.101894 -0.082084 -0.101691 0.103218
-0.057345 -0.064300 0.443451 0.093200 0.692695 0.052670 0.469099 0.354927 1.000000 0.238368 -0.075755 0.039138 -0.063354 0.136594 0.300887 0.183209 -0.334955 -0.186268 0.008123 -0.251896 0.162926 0.257048 0.245546 0.020453 0.124573 0.055598 0.351925 0.430160 -0.089341 -0.139922 0.034692 -0.173531 -0.128637 -0.024540 0.024292 0.112816 -0.172199 -0.121299 0.243030 -0.091103 -0.015461 0.012298 -0.048288 0.022465 -0.089512 -0.071221 0.019819 0.071964 0.141920 -0.031270 0.305970 0.245577 0.168122 0.338919 0.189843 0.110364 -0.294097 -0.212144 0.113501 0.259760 0.129136 0.058043 -0.137651 0.040576 0.024634 0.142784 0.259793 0.066147 -0.255770 -0.152583 0.102757 -0.021878 -0.054519 -0.159224 -0.240995 -0.117148 -0.198895 -0.297063 -0.268630 -0.206351 -0.518307 -0.349918 -0.069361 0.047678 -0.296786 -0.231821 0.040282 -0.200051 0.106483 0.093491 0.053829 0.048737 -0.053639 -0.042357 0.012069 -0.200965 0.037029 0.016810 -0.010122 -0.021383 -0.071324 -0.103264 -0.138347 -0.322915 0.118307 0.143372 0.071342 0.005618 0.110787 0.019264 -0.168187 -0.089473 0.044360 -0.214834 0.133617 0.241657
-0.018574 -0.392526 -0.097784 -0.110927 0.057713 0.382398 -0.012324 0.163280 0.238368 1.000000 -0.105766 0.026718 0.101907 0.062452 0.139197 0.308717 -0.135372 -0.225083 -0.294694 -0.103797 0.011469 0.016528 0.086013 0.184190 -0.042445 -0.086005 0.034451 0.008957 -0.156913 -0.122785 -0.178195 -0.022046 -0.307568 -0.076057 0.117386 0.218208 -0.029028 0.131742 0.098281 -0.034555 -0.091656 -0.057337 -0.021698 -0.099492 -0.098109 0.077608 0.022073 0.095918 0.104897 0.271601 0.159898 0.222530 0.075277 0.224640 -0.016550 -0.108000 -0.133164 -0.160416 0.260450 0.121636 0.157287 0.304098 -0.247870 0.014799 0.104517 0.233161 -0.161765 0.165268 -0.067316 0.086199 0.013918 0.111219 -0.193955 -0.032801 -0.072806 0.099171 0.129178 0.106450 -0.015961 0.008863 -0.184946 -0.241670 -0.067331 -0.087747 -0.119829 -0.296600 -0.060120 -0.269761 0.030475 -0.137361 0.023484 0.013297 0.262604 0.061930 0.220480 -0.027070 -0.059917 0.025588 -0.108487 -0.005310 0.098426 -0.013779 0.124595 0.160419 -0.039392 -0.040547 0.494600 -0.061577 0.315239 0.233152 0.049048 -0.144283 -0.005467 0.219849 0.143475 0.241522
0.428845 0.215704 -0.082658 -0.269565 -0.207864 -0.091433 0.379409 -0.024753 -0.075755 -0.105766 1.000000 0.592409 0.650993 0.387092 0.072816 0.158801 0.346698 0.158718 0.101148 0.226370 -0.372023 -0.274635 -0.187682 -0.103547 -0.266171 -0.209824 -0.305629 0.013157 0.320560 0.071994 -0.076799 -0.028186 0.057280 0.137876 -0.132411 -0.212232 -0.227067 -0.274611 -0.226683 -0.286454 -0.141560 -0.205161 -0.047942 -0.143828 -0.024819 -0.280248 -0.108442 -0.355387 -0.235711 -0.395700 -0.254864 -0.207814 0.149440 -0.024138 -0.110064 -0.144672 0.103517 -0.033195 -0.021408 -0.237480 0.515610 0.270315 0.403875 0.341542 0.472919 0.254685 -0.312061 -0.288567 -0.025705 -0.056995 -0.181540 -0.086720 -0.016366 -0.138264 -0.137287 -0.114827 -0.254132 -0.100451 0.013132 -0.106186 0.079435 0.050897 0.266895 0.133785 0.356854 0.235411 -0.154943 0.097477 -0.112020 0.184446 -0.200830 -0.085392 -0.184512 -0.187376 -0.435266 0.006516 -0.397295 -0.361498 -0.319850 -0.162516 -0.094588 -0.074793 -0.381578 -0.217410 -0.082399 -0.112515 -0.246282 -0.306562 -0.423176 -0.139912 -0.255770 -0.176605 -0.060970 -0.253500 -0.095595 -0.379753
0.275216 0.236755 -0.059225 -0.172110 0.006663 0.037471 0.283577 0.301558 0.039138 0.026718 0.592409 1.000000 0.357868 0.735553 -0.097448 0.326119 0.274994 0.265727 -0.036903 0.039173 -0.359154 -0.287554 -0.339097 -0.182329 -0.156201 -0.094123 -0.344649 0.024241 0.422952 0.352708 0.002020 0.092200 0.157362 0.207465 -0.131354 -0.127872 -0.287845 -0.139153 -0.140335 -0.298142 -0.003999 -0.280002 -0.102274 -0.210949 -0.149091 -0.299044 -0.153042 -0.362025 -0.098266 -0.143728 -0.215513 -0.047239 0.168323 0.072297 -0.137437 -0.203177 -0.003973 0.031456 0.136373 -0.153852 0.441763 0.312517 0.268832 0.441948 0.246634 0.240874 -0.192858 -0.287616 -0.171519 -0.176149 -0.268965 -0.013177 0.044796 -0.166435 -0.270726 -0.022231 -0.271082 0.013206 0.028449 -0.049276 -0.041415 0.024921 0.030563 0.261533 -0.065634 -0.010225 -0.122946 0.016726 -0.253974 -0.064517 -0.176755 -0.302003 -0.090546 -0.309602 -0.407328 -0.060227 -0.499624 -0.460410 -0.402692 -0.302749 0.051140 0.143086 -0.127170 -0.250351 -0.031253 -0.149833 -0.052882 -0.338962 -0.403741 -0.114540 -0.410938 -0.182563 -0.117960 -0.294442 -0.192343 -0.132029
0.247383 0.050854 -0.006823 -0.340695 -0.207583 0.112682 0.270803 -0.007194 -0.063354 0.101907 0.650993 0.357868 1.000000 0.381508 0.092291 0.140087 0.131313 -0.043328 0.026795 0.067321 -0.097295 -0.030426 -0.233636 -0.219990 -0.216208 -0.224686 -0.269371 -0.061004 0.189933 0.058989 -0.203518 -0.073790 -0.002108 0.026569 -0.074296 -0.174189 -0.064563 -0.135742 -0.081781 -0.184588 0.013490 0.035321 -0.049314 -0.232349 -0.051768 -0.360194 -0.058410 -0.346443 -0.085503 -0.281154 -0.074051 -0.085096 0.345592 0.186854 0.150001 0.027377 -0.125076 -0.171681 0.100293 -0.109671 0.383348 0.200100 0.284733 0.030395 0.206171 0.281202 -0.142939 -0.106462 0.020542 0.002863 0.017823 0.012546 0.016136 -0.040574 0.016901 0.070928 -0.100316 0.010559 -0.026018 0.026413 0.069875 0.016843 0.272046 -0.036192 0.330131 0.212432 -0.089028 0.141438 0.012384 0.141848 0.025367 -0.100151 -0.048386 -0.185146 -0.409285 0.059829 -0.388130 -0.285941 -0.194456 -0.085972 -0.014516 0.020780 -0.202766 -0.098414 -0.002792 -0.086964 -0.091475 -0.115670 -0.233723 -0.158746 -0.240936 -0.299155 0.073187 0.083100 -0.064306 -0.223990
0.121821 0.111827 -0.036113 -0.251697 0.075773 0.105435 0.263839 0.279362 0.136594 0.062452 0.387092 0.735553 0.381508 1.000000 0.124813 0.434358 -0.058513 0.021092 -0.129253 -0.222181 -0.036893 -0.028855 -0.247752 -0.165367 0.032157 0.025099 -0.100836 0.241067 0.225684 0.186868 -0.064734 -0.028108 0.030837 -0.005314 -0.175036 -0.121860 -0.087999 -0.028894 0.127246 -0.013944 0.250793 -0.106631 -0.224511 -0.281638 -0.231065 -0.419572 -0.013788 -0.295030 0.064148 -0.214903 0.088078 0.078266 0.350325 0.235837 0.212040 0.107931 -0.167541 -0.098902 0.156729 -0.013183 0.271528 0.241588 0.095617 0.229393 0.127852 0.326787 0.008951 -0.258013 -0.240724 -0.224241 0.031150 0.067790 0.052041 -0.081636 -0.137999 0.031670 -0.164569 0.020520 -0.167321 -0.087202 -0.181585 -0.124932 -0.043861 0.076580 -0.110484 0.009231 0.047472 -0.026957 -0.175942 0.069270 -0.041257 -0.156129 -0.047161 -0.221821 -0.262263 0.093321 -0.252605 -0.289280 -0.152045 -0.140789 0.232115 -0.036268 0.061086 -0.170576 -0.021440 -0.183941 0.006782 -0.119512 -0.254100 -0.044789 -0.332532 -0.080825 -0.040404 -0.071519 -0.117032 0.022430
-0.231917 -0.229623 0.108001 -0.237759 0.346542 0.181409 0.178353 -0.140571 0.300887 0.139197 0.072816 -0.097448 0.092291 0.124813 1.000000 0.456520 -0.458489 -0.449468 -0.110788 -0.199320 0.111118 0.220923 0.278992 0.181415 0.350856 0.064006 0.514155 0.413268 -0.297588 -0.262790 -0.055450 -0.231593 -0.115575 -0.133327 0.172460 0.142654 0.143298 -0.020910 0.254382 0.301011 0.044198 0.068497 -0.221386 -0.208377 -0.339659 -0.323765 -0.024415 -0.131006 -0.009116 -0.207763 0.451533 0.337088 0.449033 0.416860 0.322260 0.354450 -0.220869 -0.229540 0.310940 0.320927 0.145513 0.157494 -0.260796 -0.097616 0.184810 0.292069 0.224748 0.122339 0.005468 0.145895 0.106274 -0.049107 -0.173435 -0.127109 -0.080372 -0.148176 -0.082923 -0.104642 -0.309204 -0.241691 -0.357691 -0.322077 0.191047 0.006384 0.045971 -0.015362 0.237736 0.168585 0.256516 0.431888 0.269856 0.162430 0.072515 0.194491 0.234849 -0.104424 0.104011 0.110376 -0.149402 -0.135014 0.177198 -0.296748 -0.016529 -0.019714 0.058757 -0.050274 0.268939 -0.011648 -0.151354 0.059096 0.006610 -0.125302 0.018628 -0.046924 0.156417 0.105257
-0.160484 -0.112796 -0.067633 -0.105200 0.090815 0.354427 0.045453 -0.009964 0.183209 0.308717 0.158801 0.326119 0.140087 0.434358 0.456520 1.000000 -0.131456 -0.006754 0.003571 -0.137049 0.233978 0.276788 -0.159503 0.076329 0.221467 0.205567 0.088680 0.514730 0.279814 0.325871 0.164476 0.194729 0.173607 0.228580 0.105680 0.100406 0.159556 0.070370 0.069708 0.104385 0.070317 0.094454 -0.331498 -0.411243 -0.480876 -0.503755 -0.208964 -0.376238 -0.304091 -0.353984 0.100907 -0.022607 0.245867 0.241765 0.059209 0.044511 -0.282921 -0.265123 0.078302 -0.173820 0.123451 0.219083 -0.027245 0.114769 0.108169 0.174109 -0.051369 -0.113673 -0.102002 -0.131116 0.240325 0.347159 0.291277 0.218251 0.168009 0.317525 0.126013 0.292837 0.014683 0.062618 -0.119675 -0.043057 0.070966 0.234536 -0.152408 -0.087010 -0.092249 -0.111525 -0.225576 0.107987 0.149524 -0.112885 0.032786 -0.131241 -0.043070 0.111044 -0.235111 -0.207618 -0.262768 -0.113666 0.215374 -0.313142 0.085366 -0.018743 -0.049425 0.087107 0.068597 -0.196620 -0.109983 0.037985 -0.260053 -0.030020 -0.152603 0.010916 0.126626 0.057311
0.460240 0.467501 -0.369196 -0.144492 -0.373047 -0.281316 -0.296339 -0.226606 -0.334955 -0.135372 0.346698 0.274994 0.131313 -0.058513 -0.458489 -0.131456 1.000000 0.788233 0.363167 0.475890 -0.207329 -0.222089 -0.471559 -0.397339 -0.432793 -0.273869 -0.434753 -0.366665 0.703060 0.505230 -0.025349 0.061078 0.192176 0.086780 -0.282008 -0.368459 0.039890 0.164298 -0.043181 -0.172201 -0.083479 0.171270 -0.111233 -0.048417 -0.058520 -0.120774 -0.192177 -0.168178 -0.330502 -0.183134 -0.377190 -0.340847 -0.228532 -0.265792 -0.430261 -0.373056 0.468930 0.377636 -0.360567 -0.468158 -0.073589 -0.211290 0.666503 0.376911 -0.122921 -0.281523 -0.440202 -0.474746 0.273113 -0.032653 -0.172140 0.057161 0.386852 0.145266 0.064325 0.060430 0.036981 -0.056526 0.646997 0.271757 0.699588 0.632014 0.186975 0.371254 0.121195 0.182474 -0.267048 -0.041699 -0.302210 -0.323983 -0.459984 -0.151917 -0.135161 -0.247875 -0.282006 -0.138007 -0.221043 -0.101727 -0.169393 -0.039947 -0.097019 0.143907 -0.292240 0.156612 -0.148999 0.014241 -0.229399 -0.135304 -0.310265 -0.221911 -0.168707 0.086914 -0.051016 -0.181641 -0.201602 -0.348744
0.206454 0.438827 -0.273812 0.033239 -0.195281 -0.286212 -0.270432 -0.114941 -0.186268 -0.225083 0.158718 0.265727 -0.043328 0.021092 -0.449468 -0.006754 0.788233 1.000000 0.268822 0.301146 0.009359 -0.108022 -0.394693 -0.335036 -0.197579 -0.030380 -0.315542 -0.243180 0.731175 0.677306 0.322948 0.287561 0.292949 0.217853 -0.145833 -0.282172 0.066079 0.250212 -0.014472 -0.141299 -0.037821 0.183168 -0.218913 -0.107763 -0.153081 -0.175711 -0.295723 -0.247334 -0.438226 -0.304339 -0.358900 -0.363552 -0.277209 -0.242334 -0.414050 -0.399721 0.251327 0.255110 -0.433197 -0.466423 -0.185261 -0.238030 0.590304 0.342683 -0.148440 -0.285469 -0.285008 -0.414422 0.102582 -0.174424 0.032129 0.348719 0.515476 0.312120 0.104642 0.211273 0.131998 0.068238 0.586281 0.420792 0.537197 0.651563 0.151596 0.473394 -0.098960 0.064135 -0.176530 -0.073723 -0.406476 -0.405125 -0.388911 -0.114623 -0.241631 -0.221856 -0.310840 -0.027303 -0.282605 -0.139859 -0.173929 -0.077726 -0.053346 0.093416 -0.129362 0.051911 -0.186585 0.010012 -0.342324 -0.087248 -0.294213 -0.206440 -0.276355 0.123476 -0.027081 -0.162077 -0.280730 -0.234087
0.470181 0.450324 0.049924 0.145922 -0.088545 -0.384428 -0.200346 -0.341060 0.008123 -0.294694 0.101148 -0.036903 0.026795 -0.129253 -0.110788 0.003571 0.363167 0.268822 1.000000 0.623822 0.028700 -0.023638 -0.274432 -0.460071 -0.118546 -0.094169 -0.010079 0.140894 0.306014 0.231317 0.035840 -0.062297 0.315337 0.119178 -0.155953 -0.312234 0.034397 -0.093649 0.079731 -0.240330 -0.098876 0.353470 0.024084 0.088344 -0.009170 -0.151499 -0.004384 -0.112590 -0.378392 -0.288708 -0.156627 -0.289953 -0.099667 -0.065652 -0.226896 -0.150630 0.374071 0.225030 -0.423065 -0.418496 -0.187658 -0.417919 0.325995 0.071925 -0.308019 -0.377583 -0.029645 -0.342301 0.468045 0.128243 0.023497 -0.030975 0.412769 0.322398 0.331788 0.120020 0.070515 -0.028170 0.198584 0.015557 0.198308 0.239649 0.137665 0.246700 -0.021409 0.177907 -0.005205 -0.300527 -0.355628 -0.298520 -0.333596 -0.106669 -0.232364 -0.226011 -0.176730 -0.021213 0.085061 -0.017007 -0.108719 0.036198 -0.069692 -0.074923 -0.231000 -0.022779 -0.085752 0.049456 -0.110407 -0.184024 -0.347977 -0.222804 0.030014 0.115238 0.086430 -0.113558 0.014117 -0.368712
0.515843 0.475263 -0.117620 -0.040709 -0.320614 -0.323869 -0.185741 -0.277662 -0.251896 -0.103797 0.226370 0.039173 0.067321 -0.222181 -0.199320 -0.137049 0.475890 0.301146 0.623822 1.000000 -0.139881 -0.380419 -0.185780 -0.151834 -0.308766 -0.226596 -0.081613 -0.021456 0.174608 0.075481 -0.109856 -0.084259 0.137930 0.005776 -0.252842 -0.381813 -0.137592 -0.082735 -0.129874 -0.350306 -0.214955 0.200755 -0.009036 -0.041753 -0.019429 -0.055337 -0.226895 -0.149537 -0.411615 -0.124034 -0.355759 -0.409614 -0.233623 -0.243395 -0.373580 -0.336480 0.464245 0.373965 -0.294058 -0.410396 -0.008465 -0.344827 0.410651 0.171393 -0.155076 -0.414619 -0.235883 -0.279268 0.557934 0.430957 -0.185016 -0.109419 -0.011682 0.108694 0.041073 0.045874 -0.100616 -0.155993 0.262654 0.111725 0.313896 0.260568 0.174851 0.330684 0.104735 0.114692 0.014889 -0.231546 -0.171878 -0.162030 -0.260880 0.097809 0.099761 0.091202 0.020639 -0.000609 -0.098361 0.023983 -0.210955 0.130805 -0.000234 0.038891 -0.253222 0.095143 0.037939 0.120210 0.101320 -0.109079 -0.217313 -0.105693 0.124550 0.038634 0.104037 -0.049565 -0.038964 -0.202462
-0.404882 -0.121524 0.027790 0.102523 0.016630 0.071254 -0.145180 -0.173966 0.162926 0.011469 -0.372023 -0.359154 -0.097295 -0.036893 0.111118 0.233978 -0.207329 0.009359 0.028700 -0.139881 1.000000 0.688226 0.154521 0.224125 0.218231 0.398938 0.421153 0.367213 0.054574 0.200149 0.226072 0.304141 -0.025548 0.039679 0.235616 0.155852 0.333679 0.237653 0.509267 0.275767 0.217911 0.509858 -0.269587 -0.238695 -0.220102 -0.256789 -0.149120 -0.099132 -0.131840 -0.247003 0.174191 -0.131777 -0.023980 0.002125 0.194601 0.128065 -0.323097 -0.194895 -0.205157 -0.036007 -0.324222 -0.295061 -0.044452 -0.249627 -0.257817 -0.352085 0.233804 0.087335 0.000443 0.026325 0.427836 0.366250 0.331000 0.334571 0.235140 0.285497 0.232826 0.083629 0.120744 0.255294 -0.026011 0.055616 0.037239 0.087895 -0.115486 -0.064504 -0.030431 -0.258102 0.097421 0.078502 0.051191 0.128763 0.009584 0.065545 0.140029 -0.009913 0.075557 0.050976 0.002885 0.077348 0.014364 0.036020 0.302694 0.028700 -0.018960 0.282313 0.097757 0.391555 0.167083 -0.159709 -0.048896 0.058289 0.118542 0.312383 -0.121429 0.190578
-0.418747 -0.179077 0.101628 0.114281 0.110880 0.231803 -0.028117 -0.063251 0.257048 0.016528 -0.274635 -0.287554 -0.030426 -0.028855 0.220923 0.276788 -0.222089 -0.108022 -0.023638 -0.380419 0.688226 1.000000 0.048644 0.128459 0.287506 0.388568 0.188632 0.336804 0.001956 0.161778 0.073196 0.104502 -0.007641 0.052043 0.157663 0.143656 0.279783 0.127059 0.515432 0.409163 0.235661 0.324787 -0.193647 -0.148970 -0.271882 -0.285221 0.012964 -0.036796 0.021458 -0.185175 0.339149 0.167699 0.135911 0.144879 0.250914 0.309318 -0.279447 -0.153860 -0.112498 0.124021 -0.293975 -0.123251 -0.202886 -0.350030 -0.239722 -0.088562 0.239021 0.172807 -0.044089 -0.059764 0.315940 0.235285 0.216431 0.202531 0.111662 0.230734 0.062656 0.021574 0.069908 0.192003 -0.072888 -0.021039 0.006476 -0.122886 -0.042702 -0.051902 -0.072017 -0.014093 0.105253 0.229297 0.102915 -0.030391 -0.055539 -0.044377 0.031519 -0.059629 0.182414 -0.020216 0.085476 -0.076367 0.032906 0.040965 0.174227 -0.037830 0.081666 0.348611 -0.097461 0.184672 0.160364 -0.237743 -0.118911 -0.083274 0.057179 0.178049 -0.023668 0.202199
-0.309836 -0.268283 0.328225 0.133220 0.226285 0.113611 0.164556 -0.012603 0.245546 0.086013 -0.187682 -0.339097 -0.233636 -0.247752 0.278992 -0.159503 -0.471559 -0.394693 -0.274432 -0.185780 0.154521 0.048644 1.000000 0.663390 0.444913 0.478572 0.521724 0.244821 -0.600712 -0.353494 0.395424 0.169527 -0.195813 -0.134885 0.368314 0.404444 -0.258286 -0.186146 0.013434 -0.123693 -0.370853 -0.088605 0.070542 0.102836 0.081334 0.224399 0.000273 0.175482 0.240662 0.291136 0.257099 0.291205 -0.210675 -0.014408 -0.014605 -0.066418 -0.257708 -0.110124 0.168805 0.343772 -0.137794 -0.124742 -0.410716 -0.299833 0.218408 -0.016997 0.388963 0.427897 -0.172160 0.045563 0.100754 -0.029491 -0.322540 -0.081235 -0.123052 -0.088737 -0.000346 -0.061680 -0.268813 -0.178488 -0.492566 -0.408664 -0.246441 -0.329383 -0.148246 -0.191788 0.190714 -0.156269 0.186699 0.161023 0.085544 0.198279 -0.028658 0.275962 0.162911 -0.168908 0.024121 -0.009147 0.031480 0.021644 0.039644 -0.093646 0.068307 -0.016678 -0.095607 -0.068326 0.124262 0.213155 0.201277 0.031401 0.102579 -0.029345 0.056515 -0.014968 0.018155 0.096705
-0.485059 -0.520480 0.006369 0.226221 -0.138528 0.213879 0.187483 0.058582 0.020453 0.184190 -0.103547 -0.182329 -0.219990 -0.165367 0.181415 0.076329 -0.397339 -0.335036 -0.460071 -0.151834 0.224125 0.128459 0.663390 1.000000 0.156787 0.394652 0.213393 0.246942 -0.419006 -0.250290 0.283228 0.415561 -0.121842 0.118789 0.367761 0.368098 -0.078488 -0.063097 -0.038237 0.045038 -0.127047 -0.065585 -0.214649 -0.195200 -0.082969 0.075519 -0.234094 -0.044955 0.085286 0.171490 0.133359 -0.050099 -0.229945 -0.272112 -0.064217 -0.124708 -0.457297 -0.379417 0.000837 0.072860 -0.014260 0.217665 -0.289176 -0.007000 0.464208 0.027159 0.072364 0.476728 -0.232476 -0.068548 0.174845 0.131657 -0.301171 -0.074019 -0.111429 0.102070 0.050631 0.140945 -0.171454 -0.030235 -0.247934 -0.308641 -0.130050 -0.197083 0.166998 -0.060695 0.055821 0.061257 0.250885 0.355001 0.370957 0.293595 0.314663 0.431621 0.164022 0.113299 -0.127420 -0.014892 -0.073509 0.110208 0.095765 -0.083089 0.232577 0.137203 0.116845 0.133413 0.167588 0.246220 0.247318 0.059469 0.039835 -0.080110 0.039579 0.120088 0.035506 0.279134
-0.467651 0.005613 0.112777 0.052584 0.229076 0.136323 -0.142180 -0.069917 0.124573 -0.042445 -0.266171 -0.156201 -0.216208 0.032157 0.350856 0.221467 -0.432793 -0.197579 -0.118546 -0.308766 0.218231 0.287506 0.444913 0.156787 1.000000 0.774232 0.367501 0.275725 -0.350455 0.025991 0.524577 0.150402 0.129408 0.078953 0.453568 0.506326 -0.095186 -0.064968 -0.023930 0.029805 -0.241137 -0.139956 -0.028181 -0.036079 -0.227525 -0.154227 -0.012102 -0.027691 0.063701 -0.129385 0.335434 0.510816 0.012856 0.313987 -0.008907 0.107690 -0.063613 0.147861 0.240943 0.377979 -0.322866 -0.121334 -0.491588 -0.526576 -0.125722 0.082591 0.658632 0.369283 0.130105 0.272283 0.167009 0.255366 -0.028637 0.185651 0.029567 0.138049 -0.019580 0.131367 -0.085833 0.169085 -0.361413 -0.163778 -0.399501 -0.293531 -0.438609 -0.381874 0.165032 -0.119150 -0.196935 -0.112419 -0.119868 -0.182773 -0.367751 -0.072881 0.192424 -0.181963 0.068761 -0.088969 -0.165539 -0.340877 -0.029552 -0.067128 -0.018111 -0.273448 -0.146404 0.006926 0.090589 0.036800 0.096351 0.103376 0.096006 -0.175301 -0.045948 -0.104355 -0.034036 -0.029671
-0.498577 -0.039896 0.108173 0.288352 0.011965 0.133858 -0.115340 -0.010224 0.055598 -0.086005 -0.209824 -0.094123 -0.224686 0.025099 0.064006 0.205567 -0.273869 -0.030380 -0.094169 -0.226596 0.398938 0.388568 0.478572 0.394652 0.774232 1.000000 0.250940 0.329219 -0.207427 0.176791 0.667032 0.466541 0.171300 0.306542 0.571788 0.605689 -0.123892 -0.097302 0.047991 -0.130565 -0.302315 -0.054751 -0.141647 -0.121485 -0.224793 -0.133427 -0.133921 -0.140123 -0.084913 -0.164017 0.185145 0.176252 -0.203079 0.085416 -0.135534 -0.068203 -0.226179 0.008227 -0.098689 0.115029 -0.393008 -0.176664 -0.381958 -0.421210 -0.083504 -0.065205 0.538354 0.472853 0.004385 0.076872 0.235511 0.360840 0.078203 0.258336 0.067686 0.279114 0.066613 0.194818 -0.000458 0.195473 -0.225790 -0.025408 -0.398741 -0.156854 -0.350303 -0.275690 -0.015227 -0.166678 -0.227297 -0.107618 -0.106734 -0.129211 -0.271571 -0.013372 0.042459 -0.154733 -0.019679 -0.203743 -0.159484 -0.239443 -0.080292 -0.063867 0.017997 -0.302424 -0.105707 0.125637 -0.091588 0.180783 0.167450 -0.046796 0.031019 -0.100533 0.042547 -0.050177 -0.189476 0.007665
-0.262761 -0.083922 0.139969 -0.126795 0.361168 -0.036041 -0.069158 -0.171857 0.351925 0.034451 -0.305629 -0.344649 -0.269371 -0.100836 0.514155 0.088680 -0.434753 -0.315542 -0.010079 -0.081613 0.421153 0.188632 0.521724 0.213393 0.367501 0.250940 1.000000 0.499001 -0.424050 -0.259643 0.120731 -0.132147 -0.264978 -0.284762 0.167232 0.091458 0.084835 0.077380 0.390096 0.093022 -0.016073 0.198969 -0.202214 -0.131165 -0.273483 -0.178899 -0.112547 0.010901 -0.116365 -0.084307 0.325361 0.165076 0.087100 0.246496 0.227405 0.211789 -0.051855 0.050705 0.239055 0.333547 -0.089063 -0.204492 -0.214292 -0.176966 -0.012838 -0.060427 0.415379 0.067659 0.071762 0.298013 0.058137 -0.102832 -0.152839 -0.033566 -0.012505 -0.139993 -0.004101 -0.209611 -0.137565 -0.140776 -0.303895 -0.150243 -0.024782 -0.037378 -0.106374 0.043739 0.153090 -0.192971 0.311520 0.237517 0.051392 0.285140 0.054632 0.246018 0.409424 -0.306074 0.219276 0.300285 -0.008287 0.079117 -0.096067 -0.236681 0.239121 -0.019838 -0.041171 0.069949 0.294542 0.278423 0.045417 0.091998 0.024708 0.134956 0.176881 0.018795 -0.029676 0.233324
-0.165437 -0.032195 0.330447 0.003995 0.264273 0.164024 0.236208 0.137836 0.430160 0.008957 0.013157 0.024241 -0.061004 0.241067 0.413268 0.514730 -0.366665 -0.243180 0.140894 -0.021456 0.367213 0.336804 0.244821 0.246942 0.275725 0.329219 0.499001 1.000000 -0.142184 -0.126143 0.166374 0.046950 0.002596 0.024062 0.059704 0.086561 -0.064732 -0.214063 0.161504 -0.042915 -0.070466 0.086958 -0.223846 -0.222949 -0.265832 -0.289138 -0.121235 -0.146718 -0.190639 -0.276667 0.156356 -0.109566 0.025967 0.048892 0.032758 0.143086 -0.207697 -0.186416 0.054601 0.065237 -0.006340 -0.090897 -0.160887 -0.102078 0.040877 0.125141 0.239981 0.086506 0.005660 -0.014537 0.254226 0.121838 0.009313 0.073818 0.081541 0.080259 -0.056906 -0.077657 -0.285030 -0.301806 -0.365687 -0.313953 0.047903 0.010359 -0.103828 0.038442 0.083223 -0.226394 -0.060893 0.225298 0.143525 0.156665 0.067294 0.080006 0.100042 -0.016689 0.069820 0.035234 -0.054470 0.039522 0.093542 -0.256771 0.137308 -0.165314 -0.119860 0.020775 0.074085 0.017310 -0.066208 -0.021415 -0.075939 0.025234 0.010880 0.036039 -0.072366 0.134471
0.335581 0.320017 -0.107516 -0.012128 -0.132084 -0.034194 -0.036926 -0.040194 -0.089341 -0.156913 0.320560 0.422952 0.189933 0.225684 -0.297588 0.279814 0.703060 0.731175 0.306014 0.174608 0.054574 0.001956 -0.600712 -0.419006 -0.350455 -0.207427 -0.424050 -0.142184 1.000000 0.724208 0.045833 0.221678 0.254081 0.187187 -0.255003 -0.362543 0.193586 0.209712 0.077549 -0.018379 0.140201 0.236619 -0.146801 -0.081472 -0.091929 -0.238255 -0.182262 -0.244735 -0.318534 -0.294165 -0.255333 -0.380580 -0.087674 -0.200694 -0.263964 -0.216975 0.074980 -0.025828 -0.350195 -0.505917 -0.074569 -0.155243 0.618431 0.325387 -0.189022 -0.252569 -0.422503 -0.564170 -0.089394 -0.384916 0.002702 0.179397 0.620317 0.206625 0.102565 0.169933 0.092105 0.087608 0.490743 0.224400 0.468104 0.511041 0.421341 0.625855 -0.022914 0.146989 -0.348836 -0.074827 -0.318062 -0.284201 -0.266208 -0.150484 -0.202861 -0.403311 -0.403295 0.072974 -0.328814 -0.249442 -0.109067 0.032996 0.065554 0.022396 -0.137055 0.050104 -0.127084 0.098576 -0.298238 -0.162508 -0.352228 -0.198065 -0.386697 0.140808 -0.111660 -0.132953 -0.132435 -0.207752
-0.068341 0.155399 -0.265333 0.095881 -0.081448 -0.008509 -0.234325 -0.165555 -0.139922 -0.122785 0.071994 0.352708 0.058989 0.186868 -0.262790 0.325871 0.505230 0.677306 0.231317 0.075481 0.200149 0.161778 -0.353494 -0.250290 0.025991 0.176791 -0.259643 -0.126143 0.724208 1.000000 0.425361 0.512161 0.319139 0.301616 0.083537 -0.065678 0.190914 0.347657 0.031036 -0.047519 0.158007 0.325250 -0.328939 -0.265095 -0.333213 -0.353154 -0.377347 -0.402569 -0.410516 -0.315087 -0.287415 -0.261029 -0.175485 -0.080600 -0.335654 -0.356567 -0.104972 -0.014722 -0.348066 -0.397579 -0.269170 -0.237091 0.372064 0.039782 -0.184542 -0.359661 -0.101840 -0.175324 -0.000472 -0.211731 0.205333 0.466495 0.756800 0.559224 0.334263 0.552592 0.357499 0.369292 0.630620 0.534574 0.456701 0.629047 0.150602 0.381213 -0.123658 0.048590 -0.168867 -0.102938 -0.438968 -0.390640 -0.272006 -0.243833 -0.195763 -0.366869 -0.310518 0.075255 -0.424692 -0.275272 -0.336835 -0.169866 0.052810 0.130446 0.041365 0.095448 -0.068322 0.205464 -0.209360 -0.008598 -0.158511 -0.213139 -0.331029 0.017818 -0.064629 -0.107670 -0.189183 -0.124345
-0.442509 -0.045540 0.049026 0.269432 0.102296 0.007115 -0.110882 -0.123644 0.034692 -0.178195 -0.076799 0.002020 -0.203518 -0.064734 -0.055450 0.164476 -0.025349 0.322948 0.035840 -0.109856 0.226072 0.073196 0.395424 0.283228 0.524577 0.667032 0.120731 0.166374 0.045833 0.425361 1.000000 0.685555 0.399896 0.498078 0.548448 0.451491 -0.063628 -0.003255 -0.150490 -0.249229 -0.224105 0.026321 -0.322621 -0.250974 -0.296870 -0.189019 -0.397914 -0.339986 -0.235152 -0.235177 -0.034540 -0.006496 -0.288869 -0.090706 -0.263834 -0.349565 -0.217685 -0.075691 -0.140226 -0.052038 -0.232245 -0.083572 -0.104965 -0.149151 0.038728 -0.103897 0.320083 0.271787 -0.015872 -0.082047 0.409141 0.580300 0.424341 0.472822 0.238054 0.502748 0.277694 0.391972 0.241405 0.363276 -0.040362 0.180836 -0.246298 -0.078347 -0.349226 -0.251526 0.040889 -0.102601 -0.428127 -0.254160 -0.132601 -0.182776 -0.343810 -0.147071 -0.169347 0.016645 -0.329873 -0.246511 -0.336237 -0.264247 -0.025839 -0.036169 0.044678 -0.077590 -0.206865 0.015058 -0.235892 0.015261 0.031367 -0.006527 -0.173428 -0.150926 -0.100655 -0.169008 -0.139108 -0.129839
-0.415052 -0.304255 -0.037518 0.430351 -0.163922 0.211860 -0.003875 0.035996 -0.173531 -0.022046 -0.028186 0.092200 -0.073790 -0.028108 -0.231593 0.194729 0.061078 0.287561 -0.062297 -0.084259 0.304141 0.104502 0.169527 0.415561 0.150402 0.466541 -0.132147 0.046950 0.221678 0.512161 0.685555 1.000000 0.304704 0.619933 0.480541 0.395378 -0.075629 -0.075485 -0.111453 -0.164262 -0.167344 0.079044 -0.323248 -0.303246 -0.198609 -0.092330 -0.476207 -0.371543 -0.335278 -0.107193 -0.202332 -0.304431 -0.363350 -0.395919 -0.282431 -0.484755 -0.448330 -0.363230 -0.285963 -0.297047 -0.137351 0.018128 0.088209 0.041834 0.138964 -0.178179 -0.018822 0.302556 -0.232537 -0.273890 0.337150 0.483577 0.450002 0.416704 0.251564 0.547164 0.427256 0.575027 0.247847 0.349389 0.130882 0.188894 0.007536 0.124669 -0.103939 -0.108065 -0.127651 -0.118966 -0.209846 -0.196438 0.100332 -0.029611 0.019744 0.010097 -0.201993 0.148925 -0.471310 -0.310383 -0.210771 -0.076715 0.077187 0.195245 0.188014 0.075326 -0.131891 0.071278 -0.163455 0.070722 0.058306 -0.232463 -0.208230 -0.130700 -0.050111 -0.018517 -0.199347 -0.102423
-0.126703 0.198985 -0.032060 0.273488 -0.192107 -0.209008 -0.078950 0.065501 -0.128637 -0.307568 0.057280 0.157362 -0.002108 0.030837 -0.115575 0.173607 0.192176 0.292949 0.315337 0.137930 -0.025548 -0.007641 -0.195813 -0.121842 0.129408 0.171300 -0.264978 0.002596 0.254081 0.319139 0.399896 0.304704 1.000000 0.694108 0.268718 0.126242 -0.075729 -0.176550 -0.236596 -0.302836 -0.142698 -0.059914 -0.136844 -0.181579 -0.134529 -0.186709 -0.154451 -0.369681 -0.244659 -0.212135 -0.103372 -0.055523 -0.140671 -0.180436 -0.226287 -0.073076 0.044433 0.081536 -0.184635 -0.063709 0.031965 0.141428 0.087747 0.128330 -0.106005 0.144724 0.226696 0.064788 0.109018 -0.069236 0.050138 0.254885 0.340730 0.221242 0.150097 0.310793 0.060451 0.242779 0.044775 0.324798 0.124386 0.125465 -0.173101 0.008620 -0.342316 -0.379448 -0.030918 0.030150 -0.428482 -0.272786 -0.247992 -0.582559 -0.409576 -0.480979 -0.451139 0.118630 -0.276199 -0.474337 -0.276669 -0.353043 0.009942 0.077378 -0.160176 0.013632 0.020026 0.108201 -0.152734 -0.053885 -0.305348 -0.337154 -0.271719 -0.266399 -0.288591 -0.149434 0.070129 -0.338778
-0.313726 -0.120561 0.041375 0.414780 -0.163097 0.050059 0.101381 0.178932 -0.024540 -0.076057 0.137876 0.207465 0.026569 -0.005314 -0.133327 0.228580 0.086780 0.217853 0.119178 0.005776 0.039679 0.052043 -0.134885 0.118789 0.078953 0.306542 -0.284762 0.024062 0.187187 0.301616 0.498078 0.619933 0.694108 1.000000 0.525670 0.484173 -0.209638 -0.327399 -0.241691 -0.350065 -0.190166 -0.167732 -0.297517 -0.364932 -0.224834 -0.203303 -0.316900 -0.498074 -0.337501 -0.305417 -0.202490 -0.182396 -0.099315 -0.196528 -0.208450 -0.211064 -0.223813 -0.226429 -0.277554 -0.183839 0.121583 0.343382 0.040406 0.167827 0.100695 0.198282 0.061850 0.316416 -0.053508 -0.096134 0.191877 0.409915 0.339577 0.211387 0.111231 0.448763 0.147547 0.390275 0.050291 0.278826 0.103836 0.078099 -0.110510 0.047159 -0.128613 -0.264830 -0.135281 0.070838 -0.267515 -0.214334 -0.030633 -0.388906 -0.230179 -0.267021 -0.338736 0.027262 -0.350132 -0.417544 -0.320144 -0.343836 -0.096588 0.222332 -0.092641 -0.153671 0.081412 0.119207 -0.147713 -0.056767 -0.022821 -0.293966 -0.266664 -0.350056 -0.196958 -0.170555 -0.034788 -0.229633
-0.518446 -0.291217 0.031393 0.301402 0.034460 0.049042 0.011776 -0.059027 0.024292 0.117386 -0.132411 -0.131354 -0.074296 -0.175036 0.172460 0.105680 -0.282008 -0.145833 -0.155953 -0.252842 0.235616 0.157663 0.368314 0.367761 0.453568 0.571788 0.167232 0.059704 -0.255003 0.083537 0.548448 0.480541 0.268718 0.525670 1.000000 0.766970 -0.145408 -0.053500 -0.165861 -0.284103 -0.245347 -0.037085 -0.139121 -0.210866 -0.122525 -0.022764 -0.157783 -0.309039 -0.071413 -0.101576 0.092497 0.165763 -0.136694 0.118166 -0.215326 -0.154869 -0.332348 -0.208956 -0.069433 0.128773 -0.054205 0.156070 -0.359678 -0.272277 0.217522 0.060930 0.414316 0.600303 0.015422 0.084055 0.173212 0.356768 0.135580 0.251511 0.139504 0.301305 0.274328 0.330491 -0.070173 0.175849 -0.167810 -0.022187 -0.301550 -0.160725 -0.135069 -0.265975 -0.065867 0.062867 -0.159896 -0.159991 -0.029224 -0.197906 -0.190940 0.016960 -0.052046 -0.133375 -0.234479 -0.197845 -0.321740 -0.406890 -0.097429 -0.051475 0.055926 -0.212497 0.019309 0.106273 0.017453 0.183027 0.177684 0.004748 0.006378 -0.399467 -0.038616 -0.075649 -0.147833 0.012643
-0.512009 -0.376919 0.146731 0.315628 0.135618 0.232661 0.082684 0.161987 0.112816 0.218208 -0.212232 -0.127872 -0.174189 -0.121860 0.142654 0.100406 -0.368459 -0.282172 -0.312234 -0.381813 0.155852 0.143656 0.404444 0.368098 0.506326 0.605689 0.091458 0.086561 -0.362543 -0.065678 0.451491 0.395378 0.126242 0.484173 0.766970 1.000000 -0.257933 -0.303249 -0.174767 -0.123489 -0.252724 -0.245361 -0.063081 -0.108953 -0.110595 0.074112 -0.077142 -0.082638 0.066284 -0.032689 0.143977 0.272687 -0.038846 0.125816 -0.068715 -0.039640 -0.353910 -0.223692 0.093463 0.269359 -0.048720 0.192338 -0.458434 -0.287637 0.085795 0.209751 0.399716 0.705759 -0.171253 0.036300 0.161670 0.244341 0.018256 0.093852 0.038002 0.185572 0.195124 0.278878 -0.171838 0.005182 -0.251402 -0.217684 -0.346672 -0.247066 -0.262281 -0.396136 -0.041598 -0.022679 -0.139259 -0.161856 0.039597 -0.185025 -0.165064 0.066730 0.119386 -0.159866 -0.031868 -0.104241 -0.129992 -0.328945 -0.132889 0.084814 0.033180 -0.243959 0.006013 -0.032409 0.118447 0.080769 0.368143 0.044611 0.067781 -0.296554 0.000862 -0.038081 0.017871 -0.052636
