1.000000 0.553523 -0.353987 -0.560269 -0.146311 -0.376507 -0.198397 -0.167985 -0.090985 -0.316450 0.510454 0.473642 0.316311 0.435946 0.202391 -0.115621 0.531079 0.475688 -0.025227 0.016959 -0.302110 -0.273181 -0.450494 -0.496838 -0.384530 -0.444601 -0.310261 -0.301524 0.305955 0.323599 -0.503343 -0.360711 -0.113533 -0.331044 -0.435979 -0.549922 0.167457 0.395441 0.186061 0.116037 0.142436 0.339399 -0.290945 -0.096732 -0.114637 -0.047446 -0.123056 -0.219223 -0.097009 -0.108958 -0.242900 -0.110545 0.191428 -0.080141 0.186005 0.219697 0.601424 0.455752 0.251841 0.047012 0.479206 0.414977 0.482611 0.459931 -0.502278 -0.225859 -0.058679 -0.196969 0.019079 -0.180060 -0.211494 -0.302739 0.247200 0.201205 0.118689 0.194193 0.278215 0.033535 0.208226 0.426198 0.393450 0.490964 -0.158328 -0.193384 0.113680 0.140448 0.085500 0.191202 -0.263349 -0.163908 -0.241136 -0.227621 -0.234499 -0.320026 -0.171645 -0.173657 -0.327446 -0.156705 0.044566 0.090411 0.132861 0.079531 -0.326812 -0.176371 -0.269946 -0.209479 -0.176609 -0.029803 0.059175 -0.159830 -0.563773 -0.016721 -0.185261 -0.295739 -0.267274 -0.298193
0.553523 1.000000 -0.516578 -0.522368 -0.268136 -0.470061 -0.495547 -0.287344 -0.240624 -0.295645 0.184147 0.379885 -0.068831 0.334655 0.043041 -0.041905 0.424975 0.590801 -0.201054 -0.090494 -0.339633 -0.194357 -0.329589 -0.572741 -0.204618 -0.190667 -0.295181 -0.291460 0.343670 0.465609 -0.378206 -0.324918 0.198466 -0.214002 -0.254640 -0.491984 0.325496 0.496450 0.073067 0.006313 0.092467 0.338133 -0.228695 0.067835 -0.021373 0.039990 0.050459 -0.039894 0.071845 0.093429 -0.113644 0.178728 0.335814 0.021297 0.444335 0.415693 0.601055 0.625677 -0.051382 0.222658 0.090551 0.408918 0.405725 0.514195 -0.537578 -0.166674 0.030297 -0.446334 0.373884 -0.225471 -0.054082 -0.120207 0.438987 0.537019 0.442736 0.323970 0.443799 0.161876 0.179462 0.452149 0.414375 0.390698 -0.213535 -0.245364 0.055196 0.084039 0.082004 0.166324 -0.029776 -0.028580 -0.376736 -0.536035 -0.442419 -0.448152 -0.149941 0.020693 -0.244969 -0.091514 0.129223 0.030130 -0.112581 -0.178832 -0.248512 -0.300439 -0.343737 -0.329292 -0.173490 -0.189801 0.083881 -0.371644 -0.407069 -0.010441 0.044608 -0.203977 -0.247793 -0.160384
-0.353987 -0.516578 1.000000 0.521917 0.193404 0.403339 0.660159 0.035143 0.223858 0.097031 0.005552 -0.379824 0.177493 -0.319489 0.066810 -0.065417 -0.472904 -0.481363 0.416973 -0.044476 0.362592 0.227258 0.686427 0.604752 0.197459 0.242054 0.464137 0.482274 -0.243835 -0.475744 0.577291 0.301954 -0.332339 -0.090579 0.158104 0.206454 -0.181110 -0.374882 -0.051373 -0.120319 -0.002819 -0.204632 0.142058 0.016060 -0.119736 -0.178943 -0.054826 -0.008633 0.013854 0.001126 0.185329 0.163452 -0.079745 0.184715 -0.134908 -0.199412 -0.324749 -0.458463 -0.119324 -0.369478 -0.208692 -0.571937 -0.353689 -0.530789 0.490451 -0.092471 -0.163154 -0.039711 -0.287513 -0.092700 0.371853 0.242925 -0.298351 -0.210787 -0.066687 -0.106757 -0.230601 -0.036634 -0.371970 -0.277090 -0.443367 -0.475493 0.232093 0.228037 0.130590 -0.055977 0.024888 0.166535 0.283430 0.287901 0.108794 0.479400 0.055477 0.512958 0.072451 -0.009876 0.169769 0.007398 -0.267434 -0.047495 -0.229815 0.173142 0.115960 0.118717 0.083228 0.057177 -0.001554 0.108482 -0.231741 0.075436 0.154188 -0.138885 -0.095597 0.239211 0.287023 0.117464
-0.560269 -0.522368 0.521917 1.000000 0.103410 0.392623 0.385394 0.483315 0.133367 0.499918 -0.426855 -0.317062 -0.202862 -0.398862 -0.201511 0.162145 -0.557632 -0.543129 0.093330 0.140574 0.276688 0.258605 0.422114 0.678407 0.098487 0.340293 0.206055 0.414051 -0.406250 -0.351966 0.616216 0.626789 -0.063482 0.396626 0.279522 0.489306 -0.228851 -0.331516 -0.005408 -0.222837 -0.104219 -0.073669 0.058242 -0.111308 -0.089078 -0.091656 -0.073690 -0.087800 -0.010084 0.079755 0.147320 0.227023 -0.284154 0.234353 -0.324351 -0.232272 -0.369563 -0.403672 -0.386201 -0.277818 -0.402163 -0.413606 -0.423600 -0.497074 0.541004 0.128371 -0.109304 0.110983 -0.264237 0.055529 0.166017 0.326862 -0.330755 -0.155164 -0.134133 0.025630 -0.171860 0.095367 -0.284878 -0.346250 -0.397929 -0.459409 -0.069981 0.439885 -0.227860 -0.024118 -0.105479 -0.011909 0.166466 0.085832 0.188234 0.172709 0.295128 0.423619 0.024545 0.088497 0.115901 0.243278 -0.248889 -0.062526 0.026759 -0.090185 0.157791 0.044056 0.123403 0.073563 0.055393 0.067459 -0.047783 0.156919 0.268033 0.056617 0.202130 0.147471 0.370715 0.166207
-0.146311 -0.268136 0.193404 0.103410 1.000000 0.595377 0.261854 0.297929 0.823265 0.334011 0.314869 0.222139 0.543892 0.318898 0.469606 0.118579 -0.324629 -0.488605 0.060105 0.044525 -0.036441 -0.010486 0.128609 0.234947 0.115063 -0.063161 0.309560 0.093682 -0.158307 -0.149661 0.009388 -0.117525 -0.262551 -0.056474 -0.107205 0.139022 0.106326 -0.180183 0.005599 -0.076580 0.073516 -0.054036 0.048729 -0.179962 -0.119479 -0.145069 -0.130309 -0.142565 0.166668 0.005109 -0.016848 0.042285 0.010707 -0.012061 -0.268874 -0.042017 -0.203444 -0.322594 0.138619 -0.027083 -0.052691 0.098195 -0.384045 -0.280883 -0.020453 0.075240 -0.215471 -0.049462 -0.279998 0.039488 0.118264 0.143053 -0.210585 -0.090453 -0.053931 -0.000874 -0.120134 -0.088184 -0.256261 -0.275087 -0.453569 -0.451836 -0.009925 -0.191651 -0.217053 -0.306228 -0.253644 -0.218861 -0.001372 0.093121 0.183508 0.136745 0.098015 0.236306 -0.047231 -0.044177 -0.152531 -0.084099 -0.180392 -0.142706 -0.003627 0.108774 0.063834 0.171954 0.031921 0.106401 0.126597 0.054156 -0.213814 0.103972 -0.166708 -0.289868 -0.235223 0.135123 0.000673 -0.140688
-0.376507 -0.470061 0.403339 0.392623 0.595377 1.000000 0.383615 0.274437 0.495877 0.418963 0.010614 -0.059524 0.317045 -0.016651 -0.027548 -0.106461 -0.522956 -0.643432 0.065182 -0.065460 0.263017 0.197660 0.361063 0.445693 0.151173 0.186247 0.298205 0.459057 -0.369411 -0.447400 0.253441 0.071820 -0.191669 0.052699 0.227533 0.458084 -0.025197 -0.232696 0.012149 -0.101468 -0.034472 -0.165284 0.238671 0.074047 0.120073 0.054027 0.043694 0.071347 0.129568 0.125593 -0.015913 0.091366 -0.113221 0.084185 -0.223365 -0.017009 -0.458629 -0.484268 -0.037518 -0.098980 -0.248344 -0.130345 -0.519248 -0.518481 0.232230 0.180549 -0.218732 0.203161 -0.323984 -0.085838 0.112273 0.207632 -0.421614 -0.347318 -0.173334 -0.128265 -0.265434 -0.069628 -0.304287 -0.537295 -0.461690 -0.554530 0.008568 -0.041996 -0.134876 -0.174858 -0.356977 -0.206809 -0.049777 0.114776 0.166633 0.290210 0.283581 0.385943 -0.018166 0.112139 0.085338 0.029706 -0.195737 0.028482 -0.091165 0.055700 0.104018 0.172334 0.170229 0.150109 0.188970 -0.014741 -0.133874 0.292991 0.263167 -0.108598 -0.058289 0.260807 0.182989 0.008645
-0.198397 -0.495547 0.660159 0.385394 0.261854 0.383615 1.000000 0.451211 0.395840 0.236948 0.058971 -0.047141 0.263145 -0.193632 0.044326 -0.045630 -0.253158 -0.343659 0.406989 0.294088 0.106343 -0.056551 0.176330 0.200619 -0.164736 -0.169207 0.093838 0.059212 -0.027400 -0.181991 0.520861 0.379427 -0.128438 0.275325 0.044178 0.124767 -0.105663 -0.422607 -0.264511 -0.328591 -0.254180 -0.126078 -0.122377 -0.227631 -0.184746 -0.234430 -0.305134 -0.223488 -0.234090 -0.227973 -0.258094 -0.227531 -0.391304 -0.137794 -0.571142 -0.478149 -0.291304 -0.399728 0.062099 -0.410501 0.209950 -0.204357 -0.115114 -0.233774 0.347271 -0.105954 -0.122153 0.015324 -0.294191 0.074147 0.263700 0.211254 -0.113447 -0.207409 -0.084596 0.057938 -0.136191 0.033607 -0.277196 -0.231248 -0.286138 -0.242363 -0.083067 0.227380 -0.030287 -0.151615 -0.318613 -0.094391 -0.042861 -0.072088 0.345676 0.541536 0.125356 0.348874 -0.051837 -0.079115 -0.156602 -0.073960 -0.401029 -0.087490 -0.114624 0.236221 0.199279 0.091307 0.121975 0.100229 -0.114391 0.063692 -0.230777 0.144240 -0.043043 -0.061001 -0.209081 0.004157 0.241359 0.140484
-0.167985 -0.287344 0.035143 0.483315 0.297929 0.274437 0.451211 1.000000 0.424480 0.607109 -0.176488 0.329264 0.087882 0.099928 0.017240 0.225514 -0.184705 -0.303774 -0.113490 0.265510 -0.135206 -0.091426 -0.247875 0.053374 -0.266935 -0.042686 -0.258365 -0.117999 0.008754 0.123156 0.228999 0.415330 0.162974 0.614340 0.093088 0.182563 -0.086360 -0.174905 -0.205021 -0.425723 -0.323260 0.129775 -0.247793 -0.407567 -0.221885 -0.230069 -0.306880 -0.362724 -0.210902 -0.214204 -0.257981 -0.246630 -0.365837 -0.216594 -0.474247 -0.403964 -0.309221 -0.345850 -0.053765 -0.187857 0.185313 0.268575 -0.154991 -0.003404 0.193590 0.325603 -0.115189 0.078065 -0.276199 0.154836 0.102054 0.240588 0.005750 0.049077 -0.026246 0.344183 0.088281 0.225436 -0.171103 -0.083649 -0.186166 -0.170492 -0.357234 -0.000037 -0.314940 -0.225657 -0.221395 -0.220823 -0.132849 -0.279507 0.215185 0.057368 0.200277 -0.005260 -0.247123 -0.006070 -0.295846 0.041708 -0.364726 -0.163075 0.070157 -0.093452 0.356512 -0.007177 0.081632 -0.011731 -0.082204 -0.153668 0.140118 0.088118 -0.040617 0.033416 -0.016959 0.025371 0.294503 0.057634
-0.090985 -0.240624 0.223858 0.133367 0.823265 0.495877 0.395840 0.424480 1.000000 0.292500 0.384008 0.297246 0.680955 0.337120 0.577779 0.174237 -0.254505 -0.418292 0.078209 0.080806 -0.118489 -0.089509 0.082974 0.152493 -0.024858 -0.140490 0.127366 -0.011392 -0.058334 -0.110360 0.000958 -0.086043 -0.239734 0.028182 -0.104542 0.096519 -0.042741 -0.317409 0.011271 -0.220887 0.004760 -0.150306 -0.027360 -0.231617 -0.116788 -0.150898 -0.185987 -0.217714 0.117554 -0.049031 -0.108176 -0.036590 -0.059802 -0.018456 -0.274637 -0.063200 -0.178834 -0.339766 0.137720 -0.070084 0.074918 0.156304 -0.321500 -0.198966 0.003220 -0.009103 -0.157507 -0.127582 -0.212530 0.056868 0.066052 0.107715 -0.229281 -0.093812 -0.092751 0.068813 -0.164911 -0.117942 -0.181544 -0.205410 -0.398215 -0.381505 0.011677 -0.182217 -0.184042 -0.273941 -0.185298 -0.168396 0.095102 -0.007093 0.111534 0.123856 0.016192 0.255619 -0.066160 -0.062929 -0.176269 -0.005253 -0.208663 -0.166283 -0.084241 0.148233 0.127632 0.171622 0.037099 0.092438 0.056996 0.052531 -0.154137 0.182135 -0.194668 -0.342850 -0.218540 0.071812 0.123836 -0.094658
-0.316450 -0.295645 0.097031 0.499918 0.334011 0.418963 0.236948 0.607109 0.292500 1.000000 -0.348949 -0.002392 0.012958 -0.045923 -0.160455 0.293767 -0.533255 -0.608905 -0.308418 -0.014586 0.167076 0.157729 0.080228 0.367153 0.021967 0.182186 -0.071587 0.081568 -0.309532 -0.263195 0.174340 0.267004 -0.073561 0.243505 0.131349 0.370600 -0.103659 -0.096077 -0.084888 -0.269300 -0.033919 0.005119 0.061563 -0.071264 0.069257 0.073037 0.101857 -0.052298 0.246113 0.249508 0.240459 0.325241 -0.054269 0.275676 -0.181221 -0.029479 -0.420218 -0.538896 -0.048500 -0.012529 -0.227795 0.116509 -0.580982 -0.519050 0.343076 0.339951 -0.097512 0.146939 -0.258383 0.002775 0.073630 0.232848 -0.281470 -0.116594 -0.083041 0.070546 -0.153974 -0.063137 -0.214140 -0.391749 -0.381618 -0.464747 -0.195813 0.071619 -0.194723 -0.183058 -0.222564 -0.213108 0.100957 -0.052044 0.195031 -0.018062 0.409035 0.043589 0.015131 0.152550 0.060033 0.119040 -0.173803 -0.068117 0.092993 -0.102989 0.242933 -0.120541 0.058100 -0.026520 0.148613 -0.094026 0.102542 0.090147 0.108282 0.076588 0.119758 0.322299 0.193458 0.061358
0.510454 0.184147 0.005552 -0.426855 0.314869 0.010614 0.058971 -0.176488 0.384008 -0.348949 1.000000 0.551188 0.791741 0.737963 0.730299 0.128479 0.458369 0.208396 0.191051 -0.142269 -0.187469 -0.080892 -0.058567 -0.133930 -0.086884 -0.231095 0.078669 -0.123993 0.460730 0.267165 -0.260558 -0.255830 -0.314298 -0.416513 -0.259218 -0.389025 0.397717 0.117691 0.178262 -0.050222 0.001461 0.228319 -0.394027 -0.346714 -0.427369 -0.436932 -0.393083 -0.446568 -0.218367 -0.450781 -0.231459 -0.177118 0.095615 -0.099166 0.037413 0.018425 0.397000 0.172664 0.223815 -0.203394 0.488682 0.266465 0.385091 0.265444 -0.235485 -0.042639 -0.338543 -0.398333 -0.179946 -0.295085 0.109899 -0.004511 0.248039 0.114442 0.148444 0.159987 0.163804 0.023200 0.201331 0.274998 0.246610 0.289791 -0.031375 -0.184805 0.391788 0.219827 0.136129 0.099883 0.085554 0.208192 -0.277431 0.013550 -0.261887 0.081665 -0.195041 -0.190634 -0.405327 -0.224387 -0.203216 -0.003050 -0.151371 0.187857 -0.362638 -0.101148 -0.341228 -0.232796 -0.234924 0.073468 -0.040648 -0.195880 -0.572405 -0.379949 -0.485253 -0.276696 -0.085854 -0.477990
0.473642 0.379885 -0.379824 -0.317062 0.222139 -0.059524 -0.047141 0.329264 0.297246 -0.002392 0.551188 1.000000 0.411930 0.814694 0.375923 0.210461 0.417169 0.222738 -0.189374 0.109839 -0.388642 -0.174956 -0.541985 -0.371198 -0.356317 -0.309362 -0.411187 -0.459005 0.452009 0.453311 -0.371342 -0.149980 -0.067378 -0.032268 -0.249584 -0.458721 0.308953 0.274373 -0.086031 -0.160379 -0.151060 0.350933 -0.616371 -0.514190 -0.439458 -0.427150 -0.436185 -0.515527 -0.275085 -0.409727 -0.247183 -0.234107 0.049073 -0.316625 -0.016159 0.024003 0.348383 0.222374 0.203978 0.057192 0.570617 0.692140 0.413591 0.510740 -0.420619 0.214820 -0.272359 -0.344493 -0.071593 -0.111085 -0.001845 -0.041612 0.359754 0.289875 0.254330 0.431730 0.259456 0.158501 0.076393 0.240243 0.365224 0.347097 -0.311782 -0.308444 0.010158 0.103394 -0.051160 -0.212942 -0.171466 -0.018761 -0.094332 -0.156552 -0.208560 -0.237134 -0.340725 -0.023162 -0.465176 -0.115015 -0.271466 -0.022975 -0.039453 0.025471 -0.099602 -0.090287 -0.217066 -0.209307 -0.245371 -0.136163 0.115339 -0.178324 -0.540538 -0.145238 -0.414389 -0.266874 -0.049329 -0.425809
0.316311 -0.068831 0.177493 -0.202862 0.543892 0.317045 0.263145 0.087882 0.680955 0.012958 0.791741 0.411930 1.000000 0.558756 0.702665 0.157434 0.115936 -0.094423 0.077961 -0.102590 -0.073604 0.010071 0.081137 0.048830 -0.091960 -0.158093 0.124711 0.063038 0.222892 -0.003714 -0.171226 -0.178288 -0.395182 -0.237263 -0.158165 -0.110938 0.160570 -0.093867 0.132404 -0.138994 -0.023669 0.019683 -0.188297 -0.257110 -0.270068 -0.278160 -0.289232 -0.355438 -0.051837 -0.247327 -0.175256 -0.109482 0.031153 -0.024361 -0.076694 -0.056130 0.090697 -0.102237 0.234692 -0.191484 0.343710 0.227131 0.033697 0.005861 -0.053628 0.017244 -0.332583 -0.238633 -0.288107 -0.180517 0.029367 0.027075 -0.063360 -0.148948 -0.098443 0.124955 -0.018611 -0.019517 0.072993 0.068500 -0.123604 -0.023415 -0.000621 -0.169285 0.161501 -0.068861 -0.027686 -0.008359 0.152574 0.157394 -0.176722 0.133238 -0.098863 0.088213 -0.151738 -0.145511 -0.333532 -0.147078 -0.243970 -0.050199 -0.140841 0.102868 -0.151743 -0.012347 -0.206003 -0.115901 -0.129271 0.146197 -0.087876 0.067056 -0.387513 -0.363251 -0.445972 -0.163378 0.080090 -0.366337
0.435946 0.334655 -0.319489 -0.398862 0.318898 -0.016651 -0.193632 0.099928 0.337120 -0.045923 0.737963 0.814694 0.558756 1.000000 0.587652 0.388779 0.458697 0.153236 -0.157711 -0.182930 -0.288673 0.000192 -0.295484 -0.216824 -0.106466 -0.102883 -0.184096 -0.267466 0.523089 0.440570 -0.356550 -0.181323 -0.188362 -0.243687 -0.230111 -0.393863 0.434990 0.320332 0.099107 -0.146522 0.042774 0.371625 -0.439553 -0.370610 -0.399481 -0.411155 -0.317858 -0.439401 -0.160235 -0.377028 -0.132201 -0.113628 0.163309 -0.182513 0.157449 0.132645 0.287646 0.096894 0.152952 -0.075628 0.410833 0.524951 0.293414 0.342653 -0.398871 0.198638 -0.373848 -0.417744 -0.164928 -0.314946 0.120282 0.075175 0.340077 0.318056 0.275344 0.350644 0.264948 0.150509 0.259132 0.301140 0.314014 0.335345 -0.152861 -0.219524 0.238076 0.223322 0.120955 -0.067568 0.006636 0.110899 -0.266947 -0.273448 -0.277452 -0.208088 -0.278187 -0.021036 -0.357940 -0.137081 -0.151994 -0.013187 -0.114492 0.043020 -0.288294 -0.220207 -0.389854 -0.371022 -0.274421 -0.193189 0.049494 -0.298123 -0.507636 -0.323215 -0.396638 -0.166120 -0.100238 -0.451415
0.202391 0.043041 0.066810 -0.201511 0.469606 -0.027548 0.044326 0.017240 0.577779 -0.160455 0.730299 0.375923 0.702665 0.587652 1.000000 0.444127 0.245957 0.030203 0.016587 -0.133182 -0.075114 0.040865 0.102298 0.038366 0.157951 0.019640 0.251095 -0.012728 0.333155 0.166617 -0.091593 -0.122407 -0.262419 -0.213642 -0.176858 -0.263880 0.229963 -0.072282 0.124013 -0.204332 -0.078791 0.106435 -0.210088 -0.319362 -0.302408 -0.348263 -0.250759 -0.449207 -0.086833 -0.277389 0.035286 -0.086701 0.086670 -0.083517 0.000527 -0.083587 0.197732 0.065835 0.099922 -0.186040 0.302050 0.120671 0.125013 0.126404 0.003877 -0.054015 -0.290265 -0.449227 -0.159707 -0.095327 0.083713 0.025019 0.107938 0.122082 0.028801 0.111850 0.042735 -0.058465 0.205465 0.283073 0.023865 0.112760 0.045444 -0.082386 0.207176 0.169353 0.236384 0.038336 0.269741 0.241856 -0.304333 -0.114817 -0.289474 0.039309 -0.213930 -0.273019 -0.340955 -0.172922 -0.275369 -0.271319 -0.190397 -0.001117 -0.209562 -0.071779 -0.287481 -0.150158 -0.201341 0.181503 0.024143 -0.153885 -0.431055 -0.375590 -0.351655 -0.190382 0.124450 -0.322319
-0.115621 -0.041905 -0.065417 0.162145 0.118579 -0.106461 -0.045630 0.225514 0.174237 0.293767 0.128479 0.210461 0.157434 0.388779 0.444127 1.000000 0.116361 -0.134336 -0.242981 -0.131261 0.127286 0.266603 0.103712 0.198731 0.193384 0.273947 0.019878 0.015584 0.267521 0.202700 0.210973 0.370960 -0.141505 0.118167 -0.010142 -0.001777 0.054833 0.044602 -0.065287 -0.386418 -0.029350 0.127447 -0.246495 -0.172404 -0.179068 -0.203290 -0.140608 -0.399359 -0.006622 -0.059879 0.249091 0.158093 -0.084251 0.050148 0.050311 -0.172304 -0.124532 -0.278328 -0.117187 -0.288192 0.039574 -0.031246 -0.063747 -0.106031 0.216065 0.101045 -0.149856 -0.269623 -0.166353 -0.115075 0.111742 0.172274 0.120868 0.205622 0.075874 0.349072 0.128217 0.150995 0.255567 0.142467 0.069926 0.154874 -0.116271 0.368925 0.249252 0.395617 0.186286 0.012182 0.255043 0.054798 -0.316904 -0.334634 -0.157413 -0.186798 -0.329504 -0.069485 -0.241865 -0.025304 -0.377234 -0.212308 -0.187601 -0.262702 -0.159743 -0.329404 -0.353254 -0.324140 -0.294556 -0.107956 0.067802 -0.391637 -0.187759 -0.176608 0.017057 -0.054018 0.210522 -0.092682
0.531079 0.424975 -0.472904 -0.557632 -0.324629 -0.522956 -0.253158 -0.184705 -0.254505 -0.533255 0.458369 0.417169 0.115936 0.458697 0.245957 0.116361 1.000000 0.791467 0.029549 -0.080155 -0.345357 -0.155728 -0.441097 -0.549668 -0.211901 -0.190512 -0.297856 -0.271902 0.796061 0.783944 -0.137156 0.065689 0.215704 -0.019085 -0.265239 -0.570600 0.365365 0.394095 0.071550 -0.040315 -0.044151 0.409729 -0.334004 -0.164375 -0.256436 -0.235902 -0.250140 -0.311279 -0.436665 -0.498472 -0.394449 -0.431616 -0.145923 -0.402394 0.101441 -0.096892 0.524952 0.494563 -0.076868 -0.348135 0.414016 0.239013 0.782200 0.713008 -0.412226 -0.185659 -0.143363 -0.428014 0.061671 -0.241175 -0.043318 -0.093071 0.688950 0.376858 0.323234 0.316054 0.528726 0.343218 0.628728 0.701430 0.765586 0.863883 -0.168358 0.082407 0.384124 0.355402 0.221014 0.170931 -0.147736 -0.206437 -0.425298 -0.335257 -0.426496 -0.386080 -0.239345 -0.039312 -0.382387 -0.181887 -0.032775 0.039177 -0.048334 -0.163550 -0.435538 -0.384511 -0.450760 -0.408915 -0.410901 -0.246626 0.228850 -0.388388 -0.399835 -0.072523 -0.264898 -0.435065 -0.173560 -0.281890
0.475688 0.590801 -0.481363 -0.543129 -0.488605 -0.643432 -0.343659 -0.303774 -0.418292 -0.608905 0.208396 0.222738 -0.094423 0.153236 0.030203 -0.134336 0.791467 1.000000 0.003321 -0.020844 -0.263068 -0.176572 -0.438252 -0.684728 -0.213035 -0.163954 -0.313081 -0.213829 0.608411 0.666406 -0.198062 -0.058270 0.331762 -0.013917 -0.192682 -0.503635 0.315160 0.405620 0.125896 0.079596 -0.040706 0.314373 -0.280648 0.011976 -0.171282 -0.126196 -0.161034 -0.115818 -0.401849 -0.356229 -0.388853 -0.310445 -0.041129 -0.248333 0.156840 0.084859 0.632559 0.707651 -0.147529 -0.081849 0.275561 0.256189 0.808120 0.783188 -0.410654 -0.242643 0.066768 -0.347195 0.223051 -0.159662 -0.059405 -0.091918 0.637630 0.422451 0.367486 0.242068 0.514105 0.334113 0.486914 0.687141 0.700999 0.779565 -0.194909 0.003691 0.180449 0.239050 0.234996 0.232090 -0.156647 -0.185943 -0.394420 -0.351686 -0.412689 -0.432555 -0.133002 -0.091947 -0.273415 -0.198720 0.095451 0.011293 -0.066958 -0.148777 -0.342587 -0.385312 -0.367460 -0.356186 -0.221563 -0.174445 0.194946 -0.228910 -0.287370 0.041360 -0.134391 -0.502652 -0.257915 -0.132962
-0.025227 -0.201054 0.416973 0.093330 0.060105 0.065182 0.406989 -0.113490 0.078209 -0.308418 0.191051 -0.189374 0.077961 -0.157711 0.016587 -0.242981 0.029549 0.003321 1.000000 0.206504 -0.050949 -0.281448 0.117547 -0.035300 -0.216274 -0.255024 0.118005 -0.021244 0.062589 0.000107 0.360408 0.157161 0.095635 0.046665 -0.039886 -0.019212 -0.036148 -0.184246 -0.023150 -0.153020 -0.009472 0.093829 -0.187705 -0.116097 -0.286883 -0.197654 -0.389181 -0.196132 -0.389009 -0.298513 -0.288308 -0.216721 -0.160686 -0.231956 -0.318548 -0.276767 -0.034547 0.083569 -0.026349 -0.275333 0.100577 -0.384962 0.166758 0.048613 0.124189 -0.295011 0.172208 0.057027 0.016127 -0.002552 0.323076 0.196772 0.097994 0.049664 0.085756 0.123023 0.170989 0.109303 -0.214715 -0.119606 -0.141344 -0.005785 -0.044031 0.137527 0.253366 0.028284 -0.202874 0.183955 -0.022476 0.056713 0.220963 0.341059 -0.123122 0.240957 -0.039382 0.015572 -0.148669 -0.219962 0.000179 -0.006876 0.069376 0.353808 -0.051075 0.115678 -0.046430 -0.009542 -0.263329 -0.046442 -0.328072 -0.102257 -0.149791 -0.186806 -0.261081 -0.033865 -0.276002 -0.045357
0.016959 -0.090494 -0.044476 0.140574 0.044525 -0.065460 0.294088 0.265510 0.080806 -0.014586 -0.142269 0.109839 -0.102590 -0.182930 -0.133182 -0.131261 -0.080155 -0.020844 0.206504 1.000000 -0.257817 -0.436635 -0.347753 -0.167523 -0.337554 -0.495259 -0.255553 -0.323750 -0.216264 0.025864 0.073198 0.100085 0.218860 0.507629 0.204407 0.140303 -0.464544 -0.266267 -0.238339 -0.122704 -0.094831 -0.053182 -0.397436 -0.403974 -0.236914 -0.193606 -0.476980 -0.269699 -0.411472 -0.242041 -0.405606 -0.406697 -0.364996 -0.392478 -0.487142 -0.523602 0.068983 0.204643 0.271989 0.199859 0.321433 0.153508 0.102784 0.219666 -0.070973 -0.142916 0.120905 0.203051 0.228744 0.672151 -0.320981 -0.151958 -0.161366 -0.215397 -0.278759 0.083856 -0.108904 0.001815 -0.318937 -0.216532 -0.164358 -0.056231 -0.259539 0.105430 -0.421490 -0.423084 -0.242700 -0.349856 -0.225495 -0.276714 0.533387 0.324079 0.180973 0.151590 -0.180298 -0.089245 -0.245336 0.177839 -0.049549 -0.105969 0.277787 0.213898 0.417276 0.509936 0.500227 0.560565 0.094143 0.375381 -0.199684 0.185307 -0.105997 0.137878 -0.078981 -0.278763 -0.076041 0.216020
-0.302110 -0.339633 0.362592 0.276688 -0.036441 0.263017 0.106343 -0.135206 -0.118489 0.167076 -0.187469 -0.388642 -0.073604 -0.288673 -0.075114 0.127286 -0.345357 -0.263068 -0.050949 -0.257817 1.000000 0.479639 0.490281 0.483059 0.446978 0.434804 0.563368 0.569189 -0.321612 -0.451022 0.277754 0.078735 -0.156609 -0.250882 0.197623 0.226086 0.030485 -0.093718 0.053094 -0.027769 0.047889 0.012474 0.237566 0.178480 0.123472 0.056620 0.207203 0.095755 0.137985 0.191030 0.420947 0.217888 -0.099582 0.265418 0.091031 -0.006471 -0.163934 -0.296466 -0.085916 -0.126743 -0.301592 -0.427622 -0.313599 -0.438479 0.403402 0.050501 0.042702 0.224830 -0.110367 -0.067677 0.212860 0.084753 -0.327127 -0.153090 -0.087060 -0.125167 -0.317990 -0.190694 -0.064596 -0.232797 -0.119269 -0.226565 0.199329 0.137718 0.201118 0.333744 0.165148 0.005324 0.247042 0.334126 -0.088499 -0.061485 0.157565 0.131886 0.071432 -0.032012 0.249476 -0.080308 -0.059003 -0.116325 -0.124180 -0.074568 -0.034857 -0.034216 -0.004674 0.005166 0.048584 0.116412 -0.102791 -0.022312 0.175421 -0.147642 0.040319 0.033365 0.075146 0.174246
-0.273181 -0.194357 0.227258 0.258605 -0.010486 0.197660 -0.056551 -0.091426 -0.089509 0.157729 -0.080892 -0.174956 0.010071 0.000192 0.040865 0.266603 -0.155728 -0.176572 -0.281448 -0.436635 0.479639 1.000000 0.507238 0.516930 0.569667 0.642991 0.449564 0.556962 0.066329 -0.242678 0.201470 0.274242 -0.215295 -0.099828 0.106426 0.080851 0.195934 0.021474 0.288493 0.072462 0.120419 -0.129537 0.191451 0.163260 0.092364 -0.002906 0.166197 0.062690 0.172015 0.085900 0.319728 0.219493 0.000778 0.261831 0.132267 0.198330 -0.191597 -0.306012 -0.374082 -0.258550 -0.354484 -0.190389 -0.178399 -0.330143 0.314075 0.102676 -0.408201 -0.165637 -0.216974 -0.293963 0.030143 0.085074 -0.129951 -0.162729 -0.116999 -0.227674 -0.326673 -0.181032 0.351905 0.067382 0.157992 0.037313 0.198476 0.337846 0.214515 0.330249 0.245759 -0.009384 0.299609 0.432562 -0.234822 -0.138044 0.067798 0.032295 0.204022 0.155559 0.304349 0.169272 -0.197415 -0.104037 -0.291058 -0.370148 -0.232582 -0.277601 -0.241450 -0.199578 -0.018782 0.003780 0.125539 0.077152 0.217655 -0.198435 -0.055072 -0.118940 0.206016 0.110235
-0.450494 -0.329589 0.686427 0.422114 0.128609 0.361063 0.176330 -0.247875 0.082974 0.080228 -0.058567 -0.541985 0.081137 -0.295484 0.102298 0.103712 -0.441097 -0.438252 0.117547 -0.347753 0.490281 0.507238 1.000000 0.775520 0.639924 0.649934 0.712030 0.706557 -0.294132 -0.482042 0.489583 0.162385 -0.318923 -0.205270 0.235372 0.379901 -0.009983 -0.207119 0.168672 0.053045 0.172763 -0.124037 0.335579 0.221112 0.041297 0.001387 0.166110 0.103563 0.250458 0.266600 0.444540 0.497759 0.079903 0.535196 0.162709 0.075548 -0.272550 -0.399759 -0.361099 -0.309161 -0.608619 -0.620299 -0.522242 -0.698111 0.524748 -0.041561 -0.282673 -0.169587 -0.029318 -0.241372 0.262699 0.258936 -0.329652 -0.126478 -0.033422 -0.253193 -0.249270 -0.135383 -0.070163 -0.218542 -0.316805 -0.443084 0.370314 0.237887 0.290789 0.133350 0.244195 0.257335 0.568029 0.530519 -0.145455 0.089100 0.005585 0.395615 0.180217 0.144546 0.322258 0.000589 -0.125312 -0.029733 -0.283649 -0.179026 -0.125511 -0.080115 -0.100228 -0.066146 0.004548 0.099463 -0.097708 -0.063633 0.241552 -0.285484 0.048786 0.280830 0.210036 0.078673
-0.496838 -0.572741 0.604752 0.678407 0.234947 0.445693 0.200619 0.053374 0.152493 0.367153 -0.133930 -0.371198 0.048830 -0.216824 0.038366 0.198731 -0.549668 -0.684728 -0.035300 -0.167523 0.483059 0.516930 0.775520 1.000000 0.495624 0.563051 0.561666 0.567887 -0.445979 -0.584447 0.365575 0.270390 -0.405606 -0.054781 0.207155 0.479708 -0.157814 -0.372326 0.072310 -0.016296 0.089938 -0.152535 0.263860 0.010504 -0.030627 -0.070427 0.076123 0.008422 0.224932 0.182667 0.512614 0.390315 -0.074412 0.422821 -0.075076 -0.085223 -0.337003 -0.533769 -0.226733 -0.239753 -0.500378 -0.518317 -0.600371 -0.750525 0.554266 0.147639 -0.341357 0.065911 -0.172969 -0.027037 0.106541 0.201299 -0.482798 -0.318888 -0.238069 -0.266124 -0.439916 -0.216728 -0.140009 -0.368041 -0.359172 -0.506596 0.266924 0.256277 0.054415 0.108216 0.114574 -0.031450 0.376784 0.455203 0.119236 0.211991 0.285785 0.480847 0.218706 0.064622 0.358132 0.278472 -0.114649 0.063228 -0.061415 -0.065419 0.028722 0.133113 0.113539 0.109790 0.078405 0.246888 -0.030283 0.054263 0.262154 -0.134598 0.020928 0.248255 0.298253 0.074385
-0.384530 -0.204618 0.197459 0.098487 0.115063 0.151173 -0.164736 -0.266935 -0.024858 0.021967 -0.086884 -0.356317 -0.091960 -0.106466 0.157951 0.193384 -0.211901 -0.213035 -0.216274 -0.337554 0.446978 0.569667 0.639924 0.495624 1.000000 0.744936 0.588991 0.476125 -0.156105 -0.233982 0.221526 -0.030048 0.001102 -0.134742 0.214268 0.262405 0.126017 0.003860 0.329208 0.303775 0.159124 -0.179640 0.330137 0.114210 0.079049 -0.024805 0.325987 0.122849 0.218866 0.133441 0.411851 0.240369 0.020993 0.350678 0.179125 0.221651 -0.123054 -0.229274 -0.230096 -0.156201 -0.504308 -0.291008 -0.402564 -0.464319 0.313007 0.169140 -0.242953 -0.151978 -0.027172 -0.131503 0.088394 0.124247 -0.169233 -0.016577 -0.011913 -0.312704 -0.275952 -0.209286 0.131668 -0.049201 -0.011635 -0.235763 0.272899 0.023867 0.204072 0.251110 0.415405 0.147045 0.494850 0.463301 -0.179899 -0.161693 -0.042600 0.187960 0.108745 0.167975 0.291775 -0.038703 -0.125124 -0.170348 -0.279264 -0.296012 -0.189710 -0.121938 -0.127038 -0.021759 0.076089 0.104599 0.223301 -0.128415 0.186825 -0.290488 0.091391 0.138862 0.122552 0.107803
-0.444601 -0.190667 0.242054 0.340293 -0.063161 0.186247 -0.169207 -0.042686 -0.140490 0.182186 -0.231095 -0.309362 -0.158093 -0.102883 0.019640 0.273947 -0.190512 -0.163954 -0.255024 -0.495259 0.434804 0.642991 0.649934 0.563051 0.744936 1.000000 0.428815 0.623455 -0.053545 -0.149965 0.353145 0.274658 0.006942 -0.008654 0.223451 0.286798 0.175593 0.123971 0.273563 0.044083 0.036588 0.041630 0.265044 0.213120 0.013303 -0.035986 0.244391 0.085676 0.113578 0.099736 0.450677 0.334372 -0.017113 0.356248 0.211123 0.194790 -0.142023 -0.229674 -0.527805 -0.297854 -0.590087 -0.366189 -0.339142 -0.403906 0.422726 0.263304 -0.310803 -0.187737 -0.096701 -0.324334 0.215950 0.332129 -0.037558 0.151415 0.142888 -0.072502 -0.054661 0.104053 0.198948 0.031151 0.021099 -0.146077 0.125574 0.172843 0.161720 0.363314 0.372783 0.130565 0.438704 0.420322 -0.363984 -0.286121 -0.079213 -0.009492 0.000298 0.227838 0.276324 -0.036556 -0.109898 -0.039606 -0.350101 -0.424145 -0.237795 -0.319942 -0.290142 -0.283103 -0.049760 -0.141557 0.283580 -0.211098 0.305459 -0.153348 0.112313 0.175952 0.215551 0.008285
-0.310261 -0.295181 0.464137 0.206055 0.309560 0.298205 0.093838 -0.258365 0.127366 -0.071587 0.078669 -0.411187 0.124711 -0.184096 0.251095 0.019878 -0.297856 -0.313081 0.118005 -0.255553 0.563368 0.449564 0.712030 0.561666 0.588991 0.428815 1.000000 0.666364 -0.256777 -0.381520 0.321149 -0.025135 -0.244425 -0.308343 0.124856 0.159952 0.165618 -0.087048 0.245943 0.181383 0.210072 -0.074413 0.290384 0.016034 -0.035050 -0.104516 0.046365 0.035523 0.149170 0.092218 0.289343 0.225367 -0.048177 0.285413 -0.015828 -0.017770 -0.139317 -0.244237 -0.172711 -0.214341 -0.351151 -0.491262 -0.354349 -0.458149 0.346289 -0.023389 -0.293663 -0.089198 -0.050681 -0.048297 0.202883 0.135630 -0.263623 -0.120008 -0.067946 -0.303781 -0.306163 -0.240715 -0.117438 -0.177270 -0.249554 -0.362754 0.354754 0.042846 0.176408 0.135051 0.266450 0.227842 0.460670 0.435056 -0.089045 0.063008 0.116091 0.394634 0.136401 -0.024050 0.153490 -0.109267 -0.109669 -0.180410 -0.268612 -0.050792 -0.113077 0.138719 0.060946 0.193371 0.116556 0.318704 -0.198497 0.004611 0.094087 -0.325312 -0.085304 0.143006 0.014769 0.174422
-0.301524 -0.291460 0.482274 0.414051 0.093682 0.459057 0.059212 -0.117999 -0.011392 0.081568 -0.123993 -0.459005 0.063038 -0.267466 -0.012728 0.015584 -0.271902 -0.213829 -0.021244 -0.323750 0.569189 0.556962 0.706557 0.567887 0.476125 0.623455 0.666364 1.000000 -0.263352 -0.368736 0.400948 0.224772 -0.191409 -0.120558 0.247107 0.288162 0.038184 -0.072295 0.274342 0.070613 0.214910 -0.053386 0.375045 0.262212 0.066372 0.014311 0.149667 0.115959 0.061018 0.107935 0.142506 0.236169 -0.134707 0.322963 0.098263 0.049946 -0.170782 -0.247299 -0.486605 -0.322709 -0.481982 -0.436348 -0.294400 -0.429365 0.387419 0.084866 -0.349594 -0.051411 -0.198924 -0.190603 0.083030 0.179426 -0.314746 -0.180336 -0.087891 -0.158804 -0.174794 0.026829 0.016833 -0.010350 -0.141783 -0.236937 0.221758 0.235941 0.114819 0.173928 0.224575 0.245828 0.311907 0.234072 -0.249644 -0.029585 0.158767 0.290846 0.062661 0.122148 0.160833 0.067887 -0.186489 -0.056589 -0.259944 -0.279519 -0.161507 -0.072840 -0.053027 -0.054935 0.125054 0.073783 -0.030890 -0.011115 0.244842 -0.183799 -0.045990 0.055852 0.263136 0.138460
0.305955 0.343670 -0.243835 -0.406250 -0.158307 -0.369411 -0.027400 0.008754 -0.058334 -0.309532 0.460730 0.452009 0.222892 0.523089 0.333155 0.267521 0.796061 0.608411 0.062589 -0.216264 -0.321612 0.066329 -0.294132 -0.445979 -0.156105 -0.053545 -0.256777 -0.263352 1.000000 0.780816 0.037403 0.261255 0.186744 0.065289 -0.285623 -0.528925 0.453574 0.346780 0.025990 -0.211422 -0.109146 0.318726 -0.374117 -0.131723 -0.312825 -0.313516 -0.278533 -0.287344 -0.405195 -0.483526 -0.343829 -0.304234 -0.117161 -0.360429 0.016768 -0.077109 0.232493 0.174452 -0.213960 -0.491724 0.324947 0.192530 0.663786 0.549550 -0.264161 -0.139577 -0.218536 -0.569672 -0.103525 -0.441193 0.224170 0.111261 0.796983 0.470502 0.420384 0.416711 0.581729 0.411345 0.598250 0.653834 0.610751 0.712917 -0.175873 0.165150 0.368935 0.299780 0.221530 0.096056 -0.031777 -0.108840 -0.423016 -0.306173 -0.478310 -0.445248 -0.165865 0.101596 -0.312239 -0.182478 -0.234794 -0.034837 -0.250243 -0.183785 -0.361493 -0.551687 -0.599668 -0.579211 -0.441345 -0.364347 0.264748 -0.319318 -0.315043 -0.140180 -0.273232 -0.320216 -0.044761 -0.278654
0.323599 0.465609 -0.475744 -0.351966 -0.149661 -0.447400 -0.181991 0.123156 -0.110360 -0.263195 0.267165 0.453311 -0.003714 0.440570 0.166617 0.202700 0.783944 0.666406 0.000107 0.025864 -0.451022 -0.242678 -0.482042 -0.584447 -0.233982 -0.149965 -0.381520 -0.368736 0.780816 1.000000 0.050571 0.268962 0.375583 0.228542 -0.209076 -0.481606 0.370067 0.507469 0.000023 -0.225951 -0.204813 0.468890 -0.404466 -0.169594 -0.234143 -0.177355 -0.262878 -0.294386 -0.380769 -0.429834 -0.508394 -0.356843 -0.247678 -0.430158 -0.022392 -0.097108 0.344386 0.375812 -0.172650 -0.339809 0.275742 0.251904 0.613468 0.668845 -0.399171 -0.137926 -0.066710 -0.429407 -0.052345 -0.259858 0.138299 0.125954 0.838469 0.666697 0.538701 0.595739 0.776369 0.529132 0.396636 0.575370 0.543735 0.629122 -0.432320 0.088030 0.147140 0.152861 0.159556 0.168159 -0.169539 -0.343754 -0.407372 -0.421178 -0.421750 -0.455422 -0.388275 0.024854 -0.498197 -0.243560 -0.147292 -0.062966 -0.135485 -0.274670 -0.345020 -0.482011 -0.503109 -0.503958 -0.409202 -0.399334 0.181583 -0.451381 -0.375663 -0.061286 -0.124199 -0.295238 -0.209337 -0.223472
-0.503343 -0.378206 0.577291 0.616216 0.009388 0.253441 0.520861 0.228999 0.000958 0.174340 -0.260558 -0.371342 -0.171226 -0.356550 -0.091593 0.210973 -0.137156 -0.198062 0.360408 0.073198 0.277754 0.201470 0.489583 0.365575 0.221526 0.353145 0.321149 0.400948 0.037403 0.050571 1.000000 0.791683 0.120947 0.400135 0.319833 0.250922 -0.018708 -0.087688 -0.079920 -0.384938 -0.160324 0.123525 -0.008240 -0.029511 -0.103706 -0.140942 -0.158731 -0.163425 -0.254859 -0.127460 -0.094154 0.009454 -0.446826 -0.005917 -0.335863 -0.402659 -0.269118 -0.264242 -0.484538 -0.639808 -0.324068 -0.561044 -0.175793 -0.301582 0.540645 -0.143391 -0.160481 -0.214890 -0.228089 -0.182802 0.426318 0.442215 0.102444 0.118926 0.180911 0.176877 0.194095 0.349286 -0.078654 -0.118332 -0.166736 -0.156321 -0.113248 0.573980 0.221328 0.131722 0.007596 0.233976 0.261952 0.066003 -0.100375 0.044318 -0.117922 0.178181 -0.233861 0.141386 -0.122340 -0.134666 -0.396484 -0.234412 -0.256938 -0.244922 -0.083477 -0.259701 -0.170714 -0.143185 -0.229016 -0.141261 -0.110345 -0.149283 0.140021 -0.087761 0.067087 0.097945 0.207097 0.133226
-0.360711 -0.324918 0.301954 0.626789 -0.117525 0.071820 0.379427 0.415330 -0.086043 0.267004 -0.255830 -0.149980 -0.178288 -0.181323 -0.122407 0.370960 0.065689 -0.058270 0.157161 0.100085 0.078735 0.274242 0.162385 0.270390 -0.030048 0.274658 -0.025135 0.224772 0.261255 0.268962 0.791683 1.000000 0.132816 0.591134 0.189010 0.174609 -0.052475 -0.033001 -0.136881 -0.454922 -0.218266 0.162762 -0.169189 -0.055936 -0.152174 -0.140762 -0.281549 -0.230153 -0.347893 -0.241176 -0.186808 -0.096638 -0.510502 -0.149820 -0.358761 -0.441748 -0.244379 -0.240370 -0.541870 -0.653953 -0.146063 -0.340587 0.037711 -0.096356 0.428194 -0.046155 -0.225740 -0.197162 -0.312342 -0.187321 0.286296 0.424451 0.240981 0.112882 0.093466 0.318404 0.287759 0.475695 0.168395 0.116220 0.047223 0.121702 -0.256393 0.748790 0.102813 0.166646 -0.039951 0.064544 0.043836 -0.116315 -0.152275 -0.067225 -0.052363 0.013113 -0.208650 0.163185 -0.181419 0.049848 -0.383564 -0.163447 -0.157782 -0.325610 -0.132153 -0.374529 -0.234295 -0.262450 -0.322262 -0.193956 0.014399 -0.133210 0.098816 0.007049 0.011824 -0.098851 0.277297 0.075158
-0.113533 0.198466 -0.332339 -0.063482 -0.262551 -0.191669 -0.128438 0.162974 -0.239734 -0.073561 -0.314298 -0.067378 -0.395182 -0.188362 -0.262419 -0.141505 0.215704 0.331762 0.095635 0.218860 -0.156609 -0.215295 -0.318923 -0.405606 0.001102 0.006942 -0.244425 -0.191409 0.186744 0.375583 0.120947 0.132816 1.000000 0.550256 0.173010 -0.035364 -0.032489 0.177324 -0.011666 -0.070569 -0.208765 0.075962 -0.073271 -0.084736 0.052409 0.052360 0.010367 -0.023988 -0.279042 -0.154808 -0.298453 -0.349875 -0.310686 -0.327673 -0.200038 -0.088069 0.025191 0.280280 -0.134766 -0.004949 0.000055 0.095675 0.138898 0.356007 -0.028555 0.001941 0.335605 0.105769 0.253240 0.222714 -0.104150 -0.060531 0.267646 0.164320 0.052307 0.075817 0.188963 0.101373 0.156954 0.161991 0.221653 0.245501 -0.342149 -0.081291 -0.116239 -0.034506 0.052609 0.044204 -0.126900 -0.236747 0.036504 -0.276093 -0.241641 -0.282339 -0.240537 0.189271 -0.221492 -0.022964 -0.058571 -0.213490 -0.131184 -0.283350 0.050816 -0.109963 -0.002053 -0.001700 -0.054484 -0.115013 0.337900 -0.109379 0.095923 0.086297 0.184312 -0.173598 -0.091670 0.151836
-0.331044 -0.214002 -0.090579 0.396626 -0.056474 0.052699 0.275325 0.614340 0.028182 0.243505 -0.416513 -0.032268 -0.237263 -0.243687 -0.213642 0.118167 -0.019085 -0.013917 0.046665 0.507629 -0.250882 -0.099828 -0.205270 -0.054781 -0.134742 -0.008654 -0.308343 -0.120558 0.065289 0.228542 0.400135 0.591134 0.550256 1.000000 0.367568 0.391332 -0.312657 -0.236042 -0.225675 -0.316940 -0.388177 -0.062952 -0.166913 -0.236637 -0.083637 -0.069661 -0.306389 -0.208366 -0.403778 -0.241433 -0.394282 -0.393412 -0.560571 -0.389315 -0.527971 -0.538880 -0.295079 -0.047236 -0.235566 -0.215665 0.036782 0.036874 -0.022214 0.135854 0.291010 0.090974 0.046677 0.130484 0.031708 0.336333 -0.163293 0.113307 0.052252 -0.100636 -0.237644 0.145033 0.085634 0.224139 0.042761 0.004213 -0.048984 0.046813 -0.328753 0.302645 -0.263425 -0.243548 -0.171078 -0.172964 -0.107658 -0.305367 0.232411 0.076255 0.018616 -0.057281 -0.171406 0.124114 -0.243054 0.171030 -0.206734 -0.172831 0.067821 -0.292071 0.275688 0.011271 0.191513 0.147110 -0.157715 0.038639 0.184802 0.131011 0.208424 0.155975 0.083264 -0.194416 0.231172 0.268882
-0.435979 -0.254640 0.158104 0.279522 -0.107205 0.227533 0.044178 0.093088 -0.104542 0.131349 -0.259218 -0.249584 -0.158165 -0.230111 -0.176858 -0.010142 -0.265239 -0.192682 -0.039886 0.204407 0.197623 0.106426 0.235372 0.207155 0.214268 0.223451 0.124856 0.247107 -0.285623 -0.209076 0.319833 0.189010 0.173010 0.367568 1.000000 0.581308 -0.139998 -0.048710 0.026136 -0.120837 -0.026803 -0.051648 -0.001751 -0.145032 -0.054906 -0.132802 -0.132329 -0.057953 -0.251736 -0.132144 -0.071294 -0.115989 -0.328416 -0.087019 -0.088674 -0.197933 -0.335428 -0.133190 -0.057841 0.049263 -0.126559 -0.135411 -0.300607 -0.191221 0.499096 0.277633 0.101068 0.179564 0.056022 0.197586 -0.045796 0.137186 -0.268174 -0.252792 -0.271584 -0.121768 -0.170906 -0.033896 -0.278021 -0.260761 -0.241521 -0.296593 0.033387 0.000947 0.085309 -0.189790 0.183198 0.045852 0.324884 0.060964 0.032521 0.227633 0.062294 0.230179 -0.107145 0.056149 0.023136 0.063244 -0.012297 -0.049322 0.009639 -0.078270 0.351698 0.238551 0.370348 0.303051 0.168332 0.108820 0.052115 0.212806 0.354602 -0.049134 0.115999 0.014355 0.087015 0.328420
-0.549922 -0.491984 0.206454 0.489306 0.139022 0.458084 0.124767 0.182563 0.096519 0.370600 -0.389025 -0.458721 -0.110938 -0.393863 -0.263880 -0.001777 -0.570600 -0.503635 -0.019212 0.140303 0.226086 0.080851 0.379901 0.479708 0.262405 0.286798 0.159952 0.288162 -0.528925 -0.481606 0.250922 0.174609 -0.035364 0.391332 0.581308 1.000000 -0.347268 -0.357019 0.004319 -0.009537 0.007527 -0.279633 0.249812 0.107899 0.078644 0.090289 0.013865 0.154613 0.014427 0.178113 0.113913 0.168967 -0.175743 0.188843 -0.191685 -0.213051 -0.492721 -0.399704 -0.077445 0.073924 -0.406075 -0.263922 -0.590507 -0.564203 0.539525 0.336203 0.093957 0.406938 0.022068 0.166526 -0.048607 0.185844 -0.537924 -0.387671 -0.447668 -0.236443 -0.293479 -0.047031 -0.289055 -0.488372 -0.512319 -0.554661 0.143897 0.102624 -0.178444 -0.260395 -0.052900 -0.166733 0.218609 0.092805 0.246024 0.218546 0.279410 0.341992 0.178369 0.148462 0.296668 0.105243 0.170130 0.120969 0.179996 -0.032391 0.339244 0.245496 0.395546 0.301402 0.230834 0.107082 -0.054996 0.325314 0.485652 0.041974 0.269072 0.291451 0.176645 0.342795
