1.000000 0.634422 -0.141814 0.094967 0.095223 -0.034456 -0.216486 -0.228369 -0.103786 -0.284686 0.330747 0.017428 0.290215 0.080127 0.262316 0.176793 0.492044 0.486152 0.297851 0.338646 -0.108734 -0.074765 0.039210 -0.447696 0.034756 -0.154281 -0.066930 -0.006658 0.220887 0.046876 0.100337 -0.109405 0.302061 0.392872 -0.120133 -0.099313 -0.180169 -0.202421 -0.091749 -0.216347 0.176847 0.215196 -0.212557 -0.291943 -0.249459 -0.416588 -0.321694 -0.528428 -0.197631 -0.062218 -0.019988 0.064738 -0.106361 0.115215 0.159500 -0.311699 0.654749 0.550116 0.163115 -0.144432 0.285480 0.018296 0.275066 0.479392 -0.037615 -0.129297 -0.040126 -0.369855 0.485610 0.210335 0.049013 -0.091847 0.143536 0.154292 0.111945 0.344260 0.231439 0.275638 0.399248 0.284179 0.199292 0.189626 0.198141 0.128768 0.139274 -0.053963 0.260606 -0.293982 0.050350 -0.043673 -0.437337 -0.477747 -0.486520 -0.296105 -0.341988 -0.041809 -0.499756 -0.190082 -0.420795 -0.444480 -0.277774 -0.090950 -0.212456 -0.198258 -0.325558 -0.419510 0.023488 -0.109461 -0.128116 -0.042606 -0.292013 -0.145294 -0.229521 -0.110460 -0.391131 -0.245529
0.634422 1.000000 -0.491133 0.023031 -0.153601 -0.082732 -0.558408 -0.274463 -0.352668 -0.285028 0.013894 0.084330 0.061462 0.119218 0.083877 0.193308 0.630715 0.612558 0.292658 0.219073 -0.143284 -0.153591 -0.112597 -0.556502 -0.092948 -0.168816 -0.092936 -0.056474 0.057559 0.163500 -0.063795 -0.200978 0.204139 0.379909 -0.121742 -0.052719 -0.393386 -0.169900 -0.064877 -0.261146 -0.059405 0.076442 -0.104620 -0.085466 -0.138742 -0.307726 -0.039461 -0.365334 -0.253004 0.047367 0.173407 0.238410 -0.026071 0.393737 0.184300 -0.061216 0.816268 0.873271 -0.104140 0.050620 -0.074260 0.103935 0.202209 0.497083 -0.221781 -0.085230 -0.066740 -0.455488 0.600940 0.285240 -0.014124 -0.191863 -0.037957 0.080755 0.014395 0.223742 0.251010 0.285432 0.315791 0.336391 0.329459 0.383125 -0.032817 -0.062741 0.321781 0.306588 0.018642 -0.142763 -0.004201 0.072998 -0.543994 -0.717899 -0.580841 -0.625358 -0.439652 -0.180131 -0.383910 -0.349016 -0.385952 -0.622497 -0.233729 -0.373233 -0.296989 -0.492910 -0.232196 -0.566873 -0.078020 -0.260403 -0.276066 -0.086790 -0.426850 -0.424932 -0.235848 -0.334100 -0.518762 -0.338040
-0.141814 -0.491133 1.000000 0.327882 0.307968 -0.044240 0.630956 0.178331 0.294066 -0.078069 0.132672 0.156228 -0.104848 -0.094924 0.218739 -0.302653 -0.419710 -0.317819 -0.031578 -0.014875 0.098485 0.169335 0.406580 0.530067 0.133429 -0.012892 0.306001 0.223014 -0.246295 -0.317925 0.171171 0.166231 -0.090608 0.000431 0.293006 0.189512 0.067820 -0.041221 0.067587 0.054408 -0.015115 -0.189454 -0.073892 -0.068286 -0.124101 0.017266 -0.253058 0.080661 0.169455 -0.197780 -0.152041 -0.125063 -0.181070 -0.313066 -0.164275 -0.156147 -0.527414 -0.506795 -0.092607 -0.209115 -0.124536 -0.243907 -0.294072 -0.284687 0.326477 0.099132 0.023616 0.442950 -0.482321 -0.202402 -0.024626 0.174021 -0.170388 0.032993 -0.058578 -0.088687 -0.214455 -0.203045 -0.347730 -0.201917 -0.301730 -0.346598 0.189506 -0.069348 -0.058793 -0.247763 0.164816 0.023334 0.168144 -0.079845 0.266673 0.428827 0.361943 0.514136 0.284140 0.214409 -0.052382 0.238203 -0.062617 0.239418 0.010961 0.154953 0.394461 0.319352 0.151320 0.393995 0.045598 0.248049 0.096288 0.064520 0.388914 0.150146 0.113612 0.125963 0.284608 0.163861
0.094967 0.023031 0.327882 1.000000 0.215840 0.107168 0.183011 0.322312 -0.020391 -0.034196 0.028171 0.401677 0.099727 0.240666 0.253099 0.091473 -0.178677 -0.114328 0.182940 -0.225431 -0.015930 0.000453 0.508653 0.239286 0.249591 0.255793 0.195047 0.196601 -0.186842 -0.005818 0.311370 0.324068 0.001991 0.128894 0.179358 0.321946 -0.106433 -0.088265 0.026133 0.005961 0.105870 0.144488 0.068305 0.098519 -0.123047 -0.089168 -0.007266 -0.189023 -0.133589 -0.072695 0.025200 0.073653 -0.281308 0.068190 -0.178866 -0.048868 -0.126176 -0.069429 -0.444207 -0.174251 -0.378840 -0.054737 -0.359229 -0.219523 0.427673 0.318055 -0.408928 0.079812 -0.213022 -0.339870 0.105801 0.115460 -0.202661 0.160419 -0.000686 0.182482 -0.016340 -0.020880 -0.009297 0.007422 -0.220203 -0.120634 0.315143 0.016324 0.370945 0.342410 0.327511 0.063931 0.052276 0.091555 -0.183263 -0.200290 0.059093 -0.168409 -0.007809 0.057322 -0.225199 -0.203058 -0.473410 -0.371919 -0.335152 -0.252931 -0.229041 -0.298458 -0.133690 -0.210732 0.092955 -0.018527 -0.147185 -0.196408 -0.093578 -0.357921 -0.262942 -0.287766 -0.161404 0.037562
0.095223 -0.153601 0.307968 0.215840 1.000000 0.596810 0.176811 0.130037 0.088330 0.106766 0.057520 0.192309 0.112760 0.197283 0.318620 0.184389 -0.111357 -0.201377 -0.221826 -0.071841 0.330892 0.381356 0.434418 0.376897 0.501973 0.381991 0.533981 0.587362 -0.350339 -0.289603 0.365797 0.311889 -0.113110 0.210499 0.315208 0.334191 -0.046784 -0.169203 -0.159566 0.014925 0.049433 0.003895 -0.195205 -0.215438 -0.144958 -0.140774 -0.355242 -0.201921 -0.134002 -0.224069 -0.020289 -0.239689 -0.103912 -0.182830 -0.137821 -0.119298 -0.113806 -0.093879 -0.106685 -0.217758 -0.128769 -0.153686 -0.208408 -0.246893 0.397059 0.166100 -0.055662 0.186790 -0.119937 -0.053396 0.109470 0.330047 -0.271975 0.226715 -0.026264 0.267727 0.030918 0.081737 -0.133737 -0.229266 -0.299590 -0.205515 0.057708 0.246328 0.168879 0.065922 -0.082542 -0.431417 0.068979 0.133365 -0.056419 -0.051856 0.152555 0.076107 0.101931 0.151367 -0.114336 0.145013 -0.289157 -0.072043 -0.085556 -0.183790 -0.045978 -0.147223 -0.392699 -0.065718 -0.198673 -0.071024 -0.019464 0.062539 0.080616 -0.178737 -0.046907 -0.097330 -0.090955 -0.217365
-0.034456 -0.082732 -0.044240 0.107168 0.596810 1.000000 -0.151750 0.197893 0.022116 0.299455 -0.062824 0.135023 -0.104472 0.324381 0.098047 0.406622 -0.237087 -0.285027 -0.217972 -0.215999 0.286413 0.411876 0.239055 0.240989 0.417497 0.338575 0.437568 0.636350 -0.317551 -0.119396 0.205356 0.225346 -0.134459 -0.040643 0.141302 0.184482 -0.007296 -0.124296 -0.028771 0.077833 0.018028 0.054835 -0.272605 -0.271444 -0.265267 -0.262338 -0.275543 -0.245640 -0.166922 -0.272816 -0.035768 -0.324984 0.105863 -0.108548 0.033683 0.031480 -0.120658 -0.043147 -0.071232 0.082218 -0.079368 0.171707 -0.249434 -0.176871 0.129862 0.268498 0.029571 0.137597 -0.035232 -0.013096 0.108945 0.456496 -0.277214 0.161424 -0.129813 0.164760 -0.087550 0.001963 -0.084753 -0.287185 -0.222705 -0.082879 0.009436 0.264990 0.210964 0.249026 -0.220802 -0.381023 0.137662 0.456196 -0.008557 -0.069530 0.344333 -0.020841 0.098290 0.021807 0.012454 0.149010 -0.243018 -0.133129 -0.047327 -0.224925 -0.069685 -0.108768 -0.134838 -0.018128 -0.207422 -0.115454 0.030376 0.162246 0.034058 0.001891 0.024291 -0.020186 -0.061197 -0.166189
-0.216486 -0.558408 0.630956 0.183011 0.176811 -0.151750 1.000000 0.340903 0.540021 0.121086 0.325600 0.188241 0.233841 -0.044288 0.111920 -0.180295 -0.418742 -0.357378 -0.083869 -0.055970 -0.017887 0.009011 0.289811 0.455753 0.002577 -0.061108 -0.057902 -0.090209 -0.081320 -0.126221 0.232763 0.222646 -0.047007 0.098138 0.175213 0.082544 0.105617 -0.103821 -0.270258 -0.174142 -0.012454 -0.201674 0.164499 0.123253 0.163175 0.196562 -0.035066 0.159172 0.224677 0.051822 -0.046072 -0.005199 -0.145510 -0.233294 -0.362203 -0.249264 -0.504974 -0.575424 -0.099057 -0.187787 0.005120 -0.107090 -0.296097 -0.315124 0.592254 0.203057 -0.226126 0.125136 -0.653695 -0.350591 0.090322 0.033203 0.103116 0.275642 0.236887 0.172712 -0.009186 -0.073458 -0.147358 -0.220307 -0.325813 -0.452495 -0.157000 -0.288706 -0.237915 -0.414191 0.090511 -0.067113 -0.039949 -0.349439 0.295614 0.489251 0.258948 0.473335 0.041343 0.249068 -0.077076 0.067361 0.231318 0.425197 0.052292 0.186511 0.153607 0.270348 0.033258 0.365760 -0.078848 0.101961 0.082865 -0.082290 0.212404 0.284151 0.201316 0.154270 0.420350 0.246624
-0.228369 -0.274463 0.178331 0.322312 0.130037 0.197893 0.340903 1.000000 0.319023 0.659600 0.192150 0.616145 0.415085 0.696249 -0.012128 0.315044 -0.440836 -0.366838 0.068177 -0.243920 -0.386664 -0.248150 -0.095442 0.213082 -0.150641 0.199486 -0.217171 -0.088663 -0.094561 0.274484 0.041176 0.307243 -0.292543 -0.044532 -0.102055 -0.025172 0.202508 -0.113647 -0.086222 0.059299 0.074997 0.020608 -0.056753 0.036945 -0.077456 0.056755 -0.072563 -0.178200 0.118146 -0.105663 -0.160138 -0.071206 -0.065704 -0.098544 -0.279575 -0.056883 -0.487286 -0.478237 -0.090400 0.409396 -0.088294 0.547511 -0.554664 -0.326433 0.156054 0.693336 -0.504469 0.135930 -0.608538 -0.528811 0.099108 0.151642 0.020273 0.340878 0.231110 0.196330 0.022669 -0.037951 -0.198152 -0.418792 -0.513013 -0.488592 0.057555 -0.019104 -0.075885 0.109914 -0.082548 -0.173145 0.109163 0.215538 0.170908 0.146116 0.402763 0.111350 -0.007937 0.277347 -0.130874 0.015274 -0.099756 -0.035132 0.068396 -0.002424 0.012280 -0.060143 0.032694 0.068211 0.018296 -0.034582 -0.099424 -0.201999 -0.145351 0.065672 0.158559 -0.006824 0.154007 0.168459
-0.103786 -0.352668 0.294066 -0.020391 0.088330 0.022116 0.540021 0.319023 1.000000 0.312178 0.367074 0.157914 0.234425 0.118612 0.245469 -0.045922 -0.370891 -0.205947 -0.026026 0.045293 0.005643 -0.077952 -0.035803 0.155336 -0.056095 -0.066391 -0.159416 -0.132623 0.169379 0.083522 -0.075638 0.096363 -0.150580 0.002989 -0.239437 -0.246613 0.143874 -0.088167 -0.110385 -0.140471 0.172990 0.063869 0.078452 0.018702 0.044934 0.098744 -0.038544 0.055327 0.231395 0.022767 -0.208804 -0.138822 -0.138676 -0.286271 -0.384106 -0.165973 -0.393105 -0.438670 0.080688 0.093448 0.291469 0.239952 -0.124258 0.030526 0.222444 0.154304 -0.303831 -0.075472 -0.452922 -0.282587 -0.129832 -0.064561 0.226943 0.213582 0.209377 0.007325 -0.134098 -0.204462 -0.035608 -0.144603 -0.140241 -0.239772 -0.032529 -0.077706 -0.210503 -0.365439 0.002425 -0.183312 0.084316 -0.115651 0.220150 0.416194 0.157834 0.434349 -0.046122 0.171146 -0.042177 0.101172 0.264737 0.356542 0.038772 0.349527 0.172082 0.226312 0.037739 0.246817 -0.340075 -0.043232 0.042025 -0.286256 0.224909 0.429904 0.195689 0.259945 0.393055 0.393291
-0.284686 -0.285028 -0.078069 -0.034196 0.106766 0.299455 0.121086 0.659600 0.312178 1.000000 0.220582 0.357480 0.239692 0.634696 -0.082876 0.345623 -0.397262 -0.236378 0.140575 0.024964 -0.383045 -0.289079 -0.430744 0.080783 -0.204191 -0.066090 -0.372503 -0.214503 -0.047142 0.280462 -0.179858 0.008459 -0.209388 -0.097092 -0.258508 -0.316662 0.147932 0.054160 -0.209156 -0.017919 0.029446 -0.098906 -0.234928 -0.129771 -0.153771 0.021459 -0.233274 -0.173081 0.068925 -0.169993 -0.299493 -0.323725 0.036805 -0.395253 -0.156684 -0.173864 -0.414894 -0.463473 0.179051 0.545640 0.221004 0.654806 -0.275624 -0.109138 0.063133 0.515911 -0.260950 0.064630 -0.283611 -0.229744 0.035464 0.055646 0.133706 0.131988 0.087980 0.079421 -0.044181 -0.031407 -0.188615 -0.413659 -0.258598 -0.269813 0.035764 -0.036631 -0.128293 -0.010293 -0.296839 -0.276580 0.255732 0.294440 0.288404 0.294789 0.300979 0.197944 -0.068565 0.099821 -0.102776 0.227887 0.126064 0.217214 0.072063 0.280123 0.065245 0.153928 0.194999 0.289848 -0.043373 0.035443 -0.080889 -0.185532 -0.069199 0.301819 0.117478 0.153635 0.258985 0.380013
0.330747 0.013894 0.132672 0.028171 0.057520 -0.062824 0.325600 0.192150 0.367074 0.220582 1.000000 0.373704 0.614757 0.229309 0.261289 0.252057 -0.013013 0.092557 0.058118 0.132315 -0.223838 -0.175046 -0.090524 -0.039148 -0.166899 -0.245328 -0.337737 -0.293176 0.289715 0.248951 -0.017705 0.058614 0.014427 0.127403 -0.201011 -0.277617 -0.057308 -0.179623 -0.236503 -0.219897 -0.029487 -0.186025 -0.087106 -0.158866 -0.010996 -0.123372 -0.162815 -0.227877 0.231089 0.007293 -0.055120 0.025260 -0.098462 -0.134758 -0.245560 -0.359620 -0.027350 -0.138885 0.395055 0.070052 0.490223 0.233716 0.032174 0.229363 0.238335 0.153007 -0.121163 -0.166377 -0.173655 -0.099271 -0.038842 -0.055952 0.223907 0.061123 0.186148 0.214326 0.060468 0.036613 0.087178 -0.010894 -0.085181 -0.207273 0.063486 -0.133043 -0.320909 -0.410693 0.027444 -0.219224 0.263570 -0.225022 -0.099620 0.130552 -0.219434 0.234203 -0.249927 -0.189564 -0.338683 -0.144445 -0.026383 -0.028097 -0.280321 0.146909 -0.029916 0.116235 -0.098508 0.004582 -0.072760 0.174179 0.009350 -0.209961 -0.268793 0.096194 -0.000211 0.017891 0.088365 0.063120
0.017428 0.084330 0.156228 0.401677 0.192309 0.135023 0.188241 0.616145 0.157914 0.357480 0.373704 1.000000 0.417417 0.742440 0.157492 0.375289 -0.118262 0.023614 0.136015 -0.296671 -0.269865 -0.189232 0.033376 0.026620 -0.047214 0.062150 -0.122361 -0.023686 -0.075015 0.358705 0.000269 0.226007 -0.156855 0.137019 -0.137086 -0.075560 -0.023986 -0.266517 -0.189151 -0.067377 0.002804 -0.056680 -0.084966 -0.062268 -0.166190 -0.133245 -0.157931 -0.355768 0.137458 -0.125300 0.013671 0.040394 -0.133000 0.006332 -0.188177 -0.058237 -0.151130 -0.066256 -0.137180 0.223454 -0.099000 0.484802 -0.330997 0.021962 0.217863 0.676805 -0.392123 -0.065408 -0.393186 -0.457928 -0.033673 0.037132 -0.098703 0.406554 0.154025 0.308864 0.078947 0.023605 -0.111543 -0.188389 -0.281749 -0.209055 0.109508 -0.064911 0.173634 0.262930 0.042799 -0.159215 0.216532 0.183385 -0.110573 -0.116797 0.093987 -0.123105 -0.201207 0.146449 -0.220110 -0.152768 -0.281827 -0.307465 -0.170344 -0.242592 -0.109626 -0.278107 -0.137887 -0.191552 -0.219178 -0.085800 -0.185761 -0.166513 -0.318916 -0.134771 -0.064079 -0.175068 -0.069983 -0.122579
0.290215 0.061462 -0.104848 0.099727 0.112760 -0.104472 0.233841 0.415085 0.234425 0.239692 0.614757 0.417417 1.000000 0.397193 0.122837 0.330041 -0.052562 -0.043404 0.080436 -0.139828 -0.207186 -0.100348 0.004414 -0.067527 0.005948 0.137128 -0.252640 -0.206215 0.153662 0.287797 0.130547 0.318718 -0.123925 0.101081 -0.056643 -0.031145 0.081882 -0.232421 -0.274239 -0.175839 0.135592 0.023989 0.230992 0.160860 0.295842 0.154461 0.112057 -0.184235 0.231194 0.277707 0.075462 0.212300 -0.088839 0.018359 -0.264036 -0.142544 -0.018452 -0.117105 0.259202 0.031495 0.210021 0.281732 -0.122621 -0.022859 0.286450 0.311513 -0.298132 -0.174363 -0.218370 -0.336306 0.139956 -0.051565 0.190412 0.310131 0.286745 0.405636 0.228568 0.197598 0.143520 -0.028367 -0.310883 -0.288379 -0.133283 -0.176556 -0.166244 -0.220321 0.176853 -0.335291 -0.026148 -0.206095 -0.178093 -0.144324 -0.232887 -0.108049 -0.335214 0.033617 -0.169469 -0.263279 -0.019967 -0.196507 -0.193029 -0.127627 -0.258329 -0.270162 -0.400516 -0.392089 -0.122913 -0.050912 -0.266233 -0.314440 -0.311550 -0.001186 -0.055190 -0.226170 -0.159935 0.001193
0.080127 0.119218 -0.094924 0.240666 0.197283 0.324381 -0.044288 0.696249 0.118612 0.634696 0.229309 0.742440 0.397193 1.000000 0.070259 0.451974 -0.196640 0.009050 0.175826 -0.132396 -0.363483 -0.224994 -0.198403 -0.106635 -0.082534 0.028429 -0.177222 -0.031741 -0.054432 0.386280 -0.064593 0.166362 -0.193993 0.059871 -0.269113 -0.185849 -0.093283 -0.301399 -0.248649 -0.148339 0.007414 0.008437 -0.181426 -0.089241 -0.255671 -0.135029 -0.237444 -0.370162 0.042872 -0.141297 -0.108646 -0.096477 0.007576 -0.074092 -0.224255 -0.080979 -0.129820 -0.082565 -0.012706 0.336705 0.086807 0.709333 -0.350475 0.031173 0.030620 0.723429 -0.406521 -0.055277 -0.200689 -0.292208 0.033304 0.005627 -0.094067 0.321902 0.119025 0.249943 0.052389 0.075348 -0.097393 -0.313930 -0.293457 -0.202311 0.116539 0.026002 0.223167 0.304454 -0.124527 -0.325247 0.305645 0.357831 -0.040769 -0.161195 0.123464 -0.195543 -0.298891 0.100672 -0.267574 -0.060168 -0.273792 -0.293184 -0.089290 -0.139221 -0.081337 -0.266977 -0.046502 -0.187339 -0.158618 -0.025612 -0.288422 -0.255915 -0.198027 -0.072451 -0.027009 -0.147048 -0.057547 0.005395
0.262316 0.083877 0.218739 0.253099 0.318620 0.098047 0.111920 -0.012128 0.245469 -0.082876 0.261289 0.157492 0.122837 0.070259 1.000000 0.168776 0.113364 0.139864 0.284135 0.089730 0.216966 0.233818 0.165801 -0.048252 0.192259 0.142302 0.312702 0.226336 0.242109 0.065446 0.330869 0.297311 0.209684 0.140092 -0.085832 -0.090612 0.261930 -0.134382 0.121476 0.169764 0.265719 0.187489 -0.130759 -0.121559 -0.242454 -0.267044 -0.168530 -0.110336 -0.291773 -0.242169 -0.347043 -0.340066 -0.394623 -0.128713 -0.245852 -0.126362 0.066374 0.073110 -0.218358 -0.368858 0.061408 -0.109797 0.053562 0.094408 0.052815 -0.245366 -0.265548 -0.272151 -0.093405 -0.077851 0.258997 0.168901 0.205139 0.185935 0.187753 0.288848 0.366562 0.253272 0.192824 0.187524 0.079070 0.113236 0.446673 0.298326 0.012449 -0.076413 0.066140 -0.071155 -0.011947 0.006491 -0.443489 -0.139008 -0.218932 -0.050625 0.171188 -0.149633 -0.088726 -0.034947 -0.363211 -0.268880 -0.022915 0.017233 -0.041787 -0.143315 -0.387385 -0.156522 -0.258041 0.002439 0.079775 -0.142983 -0.085342 -0.122279 -0.044942 -0.139257 -0.112529 -0.056457
0.176793 0.193308 -0.302653 0.091473 0.184389 0.406622 -0.180295 0.315044 -0.045922 0.345623 0.252057 0.375289 0.330041 0.451974 0.168776 1.000000 0.082203 0.127894 0.063386 -0.121118 -0.136977 0.065027 -0.121145 -0.105199 0.155283 0.189715 -0.004756 0.130156 0.124196 0.470698 0.262268 0.309615 0.179206 0.107717 -0.137691 0.014719 0.065008 0.082166 -0.035009 0.200826 0.134315 0.260932 -0.288759 -0.324911 -0.229413 -0.337730 -0.210672 -0.419736 -0.157445 -0.195078 -0.158148 -0.171334 0.044324 -0.076128 -0.003716 -0.019140 0.095175 0.132614 0.000654 0.182630 0.076798 0.274020 -0.118988 0.063490 -0.015769 0.102946 -0.229502 -0.311321 0.011965 -0.031627 0.225397 0.220300 0.197623 0.327432 0.121771 0.294191 0.323111 0.318664 0.048480 -0.019024 -0.120230 -0.045685 0.186378 0.232112 0.039435 0.250531 -0.057415 -0.232906 0.008939 0.335050 -0.319979 -0.334339 -0.078725 -0.265132 -0.024408 -0.189338 -0.106078 -0.024427 -0.241537 -0.328383 -0.179297 -0.156894 -0.223936 -0.214769 -0.286882 -0.250888 -0.100434 -0.234116 -0.100156 -0.009769 -0.427828 -0.064708 -0.029707 -0.220068 -0.352516 -0.215010
0.492044 0.630715 -0.419710 -0.178677 -0.111357 -0.237087 -0.418742 -0.440836 -0.370891 -0.397262 -0.013013 -0.118262 -0.052562 -0.196640 0.113364 0.082203 1.000000 0.824880 0.202155 0.280465 -0.086666 -0.159548 -0.229503 -0.569092 -0.120325 -0.254024 -0.199214 -0.260852 0.381016 0.307636 0.008060 -0.227731 0.500233 0.411526 -0.274816 -0.256485 -0.058301 -0.056317 0.044817 -0.105558 0.033754 0.132065 -0.200588 -0.303980 -0.199971 -0.412800 -0.120068 -0.358235 -0.319643 -0.173508 0.075999 0.099916 -0.088297 0.272586 0.138419 -0.153856 0.802462 0.749816 0.060375 -0.149488 0.211513 -0.214839 0.606209 0.611378 -0.296307 -0.417363 0.020037 -0.558693 0.544975 0.185157 -0.059531 -0.230094 0.325054 0.024020 0.178546 0.142778 0.313842 0.201722 0.425002 0.492003 0.579790 0.576570 -0.004562 0.165827 0.041707 0.150965 -0.054501 0.019031 -0.108506 -0.100649 -0.443881 -0.460724 -0.483109 -0.367374 -0.201908 -0.224870 -0.355956 -0.212428 -0.196292 -0.251602 -0.014971 -0.046406 -0.218779 -0.155408 -0.208157 -0.356952 0.038308 -0.160809 0.069516 0.115973 -0.479748 -0.275908 -0.269269 0.004738 -0.330262 -0.455643
0.486152 0.612558 -0.317819 -0.114328 -0.201377 -0.285027 -0.357378 -0.366838 -0.205947 -0.236378 0.092557 0.023614 -0.043404 0.009050 0.139864 0.127894 0.824880 1.000000 0.337228 0.399118 -0.218984 -0.289573 -0.379952 -0.664003 -0.182593 -0.467964 -0.352396 -0.402428 0.482075 0.526086 -0.120626 -0.305966 0.547295 0.459925 -0.498063 -0.444369 -0.139111 -0.108708 -0.108738 -0.250751 -0.081996 0.046836 -0.318004 -0.401799 -0.362196 -0.497004 -0.267671 -0.478424 -0.278866 -0.214598 -0.095596 0.033153 -0.134169 0.127270 0.045752 -0.168382 0.707368 0.648849 0.060498 -0.067503 0.313858 -0.038635 0.638831 0.763581 -0.288723 -0.276279 -0.035321 -0.610103 0.584889 0.228623 -0.164042 -0.465522 0.445298 0.102981 0.232480 0.039343 0.244316 0.047686 0.440304 0.556629 0.721324 0.664532 0.072594 0.112447 0.160578 0.183133 -0.081680 0.043292 0.176088 -0.081408 -0.446801 -0.430885 -0.583316 -0.281227 -0.293145 -0.194615 -0.399933 -0.077193 -0.226026 -0.226658 -0.055724 0.097575 -0.198636 -0.066869 -0.068754 -0.221124 -0.011831 -0.092323 0.041729 -0.030546 -0.402369 -0.207409 -0.347701 -0.005049 -0.232896 -0.322817
0.297851 0.292658 -0.031578 0.182940 -0.221826 -0.217972 -0.083869 0.068177 -0.026026 0.140575 0.058118 0.136015 0.080436 0.175826 0.284135 0.063386 0.202155 0.337228 1.000000 0.436435 -0.243675 -0.256753 -0.292696 -0.414137 -0.198021 -0.164906 -0.170568 -0.160722 0.157166 0.270589 -0.026964 -0.140528 0.342503 0.391246 -0.284762 -0.216791 0.029562 0.025048 -0.107621 0.031396 0.166915 0.188637 -0.160029 -0.109541 -0.318657 -0.203355 -0.170844 -0.279286 -0.431397 -0.197631 -0.397515 -0.305212 -0.395423 -0.217119 -0.062355 -0.194135 0.112354 0.055642 -0.102448 -0.004891 0.226907 0.269031 0.079876 0.310514 0.016451 0.007560 -0.334605 -0.237170 0.194114 -0.055282 0.015102 -0.222130 0.241780 0.068557 0.089570 0.233849 0.345181 0.276052 0.145522 0.138168 0.170413 0.174164 0.263811 0.102199 0.121738 -0.043869 -0.027927 -0.072498 0.122826 0.085462 -0.199758 -0.212808 -0.249881 -0.134288 -0.127894 -0.117970 -0.385899 -0.032190 -0.313965 -0.269890 0.042740 0.066150 0.051395 -0.116587 -0.024722 -0.042548 0.079737 -0.095902 -0.048592 -0.251366 -0.165405 0.149673 -0.071960 -0.203630 -0.133263 0.021996
0.338646 0.219073 -0.014875 -0.225431 -0.071841 -0.215999 -0.055970 -0.243920 0.045293 0.024964 0.132315 -0.296671 -0.139828 -0.132396 0.089730 -0.121118 0.280465 0.399118 0.436435 1.000000 -0.105884 -0.236942 -0.399488 -0.217258 -0.307893 -0.451674 -0.152415 -0.286812 0.301244 0.115333 -0.135080 -0.313733 0.257346 0.374243 -0.333145 -0.274727 -0.202074 0.004071 -0.152901 -0.064235 -0.165025 -0.116491 -0.485080 -0.476264 -0.405641 -0.339507 -0.538577 -0.190569 -0.438595 -0.390008 -0.511181 -0.412074 -0.265834 -0.425793 0.036835 -0.458640 0.155038 0.059655 0.223530 -0.098536 0.353609 -0.035262 0.440377 0.400934 -0.181218 -0.302231 0.065232 -0.028979 0.477459 0.579925 -0.080803 -0.251620 0.233890 -0.170434 0.061186 -0.033448 0.017255 0.089192 0.070193 0.163607 0.377567 0.271407 0.191393 0.161593 -0.024159 -0.309097 -0.025429 -0.033172 0.363334 -0.006089 -0.051391 0.097916 -0.276885 0.266171 -0.009495 -0.011291 -0.412493 0.220135 -0.071083 0.070576 0.075098 0.440417 0.178690 0.393163 0.228127 0.336897 0.085342 0.202124 0.206444 -0.033711 0.119489 0.131364 -0.141338 -0.057363 0.144284 0.185970
-0.108734 -0.143284 0.098485 -0.015930 0.330892 0.286413 -0.017887 -0.386664 0.005643 -0.383045 -0.223838 -0.269865 -0.207186 -0.363483 0.216966 -0.136977 -0.086666 -0.218984 -0.243675 -0.105884 1.000000 0.777242 0.492699 0.381856 0.456818 0.496875 0.723140 0.640649 -0.115260 -0.350757 0.366646 0.329405 -0.145914 -0.218818 0.282678 0.321758 0.129583 -0.150702 0.072532 0.127166 0.057331 0.118608 0.104081 0.022889 0.096485 0.038197 0.113455 0.310489 -0.167204 -0.023298 0.109384 -0.130579 0.118155 0.036803 -0.030306 0.030556 -0.056933 0.023188 -0.246809 -0.542188 -0.299254 -0.464813 -0.023953 -0.249358 0.076882 -0.341455 0.095014 0.091745 -0.049438 0.103888 0.229620 0.420668 -0.269701 0.002672 -0.072324 0.054114 -0.016130 0.116198 -0.043215 -0.015870 0.021078 0.082416 -0.102102 0.259867 0.124439 0.000973 -0.048552 -0.185998 -0.109611 -0.169088 0.017170 -0.012886 0.130130 -0.027771 0.393572 -0.235964 0.467653 0.104693 0.043577 0.012059 0.076157 -0.208490 0.000304 -0.068872 -0.337497 0.007822 -0.212107 -0.088101 0.010256 0.291271 0.286229 -0.044501 0.171156 -0.074674 -0.120783 -0.196565
-0.074765 -0.153591 0.169335 0.000453 0.381356 0.411876 0.009011 -0.248150 -0.077952 -0.289079 -0.175046 -0.189232 -0.100348 -0.224994 0.233818 0.065027 -0.159548 -0.289573 -0.256753 -0.236942 0.777242 1.000000 0.484180 0.422695 0.475863 0.491240 0.726603 0.719296 -0.179326 -0.295138 0.406623 0.371641 -0.199043 -0.253331 0.425442 0.356180 0.152413 -0.154663 0.135345 0.116808 0.016806 -0.006585 0.018768 -0.007526 0.028030 -0.037721 0.058842 0.214201 -0.136768 -0.042744 0.162381 -0.125891 0.224248 -0.059629 0.035846 0.081670 -0.110475 -0.026514 -0.220564 -0.467830 -0.234662 -0.328356 -0.068218 -0.233881 0.101753 -0.219690 0.096379 0.115518 -0.116866 0.026449 0.206968 0.447115 -0.267940 -0.039146 -0.145903 0.039780 0.027549 0.140717 -0.084764 -0.108697 -0.059910 0.001015 -0.056887 0.138435 0.112224 0.046136 -0.046147 -0.148380 -0.052834 0.006073 -0.046023 -0.076293 0.171649 -0.073571 0.396195 -0.249553 0.390070 0.069809 -0.052110 -0.066369 -0.031593 -0.299637 0.048554 -0.070476 -0.357243 -0.028035 -0.221855 -0.022599 -0.031619 0.245630 0.245502 -0.035358 0.109690 -0.137465 -0.194518 -0.221564
0.039210 -0.112597 0.406580 0.508653 0.434418 0.239055 0.289811 -0.095442 -0.035803 -0.430744 -0.090524 0.033376 0.004414 -0.198403 0.165801 -0.121145 -0.229503 -0.379952 -0.292696 -0.399488 0.492699 0.484180 1.000000 0.536859 0.645226 0.516544 0.625485 0.590313 -0.422693 -0.489537 0.515555 0.430126 -0.135285 0.026294 0.614509 0.676450 -0.106445 -0.088923 -0.020767 -0.020228 0.126930 0.081898 0.259845 0.200260 0.213423 0.120031 0.165476 0.085449 0.082901 0.222021 0.367604 0.231101 -0.064063 0.237822 -0.080436 0.001760 -0.071423 0.003636 -0.328889 -0.439355 -0.549943 -0.473067 -0.389059 -0.464894 0.564002 0.014126 -0.066322 0.211483 -0.275781 -0.190072 0.233854 0.423558 -0.414557 0.117687 -0.165560 0.222789 -0.103086 -0.011556 -0.124708 -0.027902 -0.369038 -0.239417 -0.039056 -0.045623 0.222958 0.083050 0.313236 -0.153829 -0.177850 -0.186026 -0.049804 -0.077939 0.115626 -0.102863 0.139595 -0.007762 0.130257 -0.188633 -0.203092 -0.130889 -0.247227 -0.438098 -0.155787 -0.292779 -0.349384 -0.202680 -0.053969 -0.179161 -0.141390 0.027807 0.213801 -0.144154 -0.065452 -0.163524 -0.103999 -0.164128
-0.447696 -0.556502 0.530067 0.239286 0.376897 0.240989 0.455753 0.213082 0.155336 0.080783 -0.039148 0.026620 -0.067527 -0.106635 -0.048252 -0.105199 -0.569092 -0.664003 -0.414137 -0.217258 0.381856 0.422695 0.536859 1.000000 0.349731 0.458494 0.502482 0.423002 -0.317018 -0.306325 0.325057 0.491659 -0.417843 -0.181315 0.462713 0.428778 0.014647 -0.049436 0.094781 0.158841 -0.141389 -0.196602 0.006985 0.031435 0.032404 0.130093 -0.074298 0.298486 0.068266 -0.127126 -0.015096 -0.123105 0.053941 -0.180681 -0.003099 0.027258 -0.602622 -0.541020 -0.213531 -0.212574 -0.395213 -0.193170 -0.395758 -0.611081 0.400972 0.133887 -0.077284 0.480914 -0.548250 -0.146144 0.088455 0.396695 -0.341411 -0.035174 -0.100123 -0.025778 -0.323541 -0.193508 -0.341891 -0.327831 -0.447681 -0.376175 0.029114 -0.009796 0.032591 -0.023076 0.044665 0.033202 0.128314 0.079174 0.316399 0.421629 0.537757 0.370754 0.416549 0.068063 0.317544 0.215069 0.102100 0.240057 -0.026580 -0.071130 0.206655 0.111812 -0.113791 0.257158 0.004869 0.126939 0.017299 0.121731 0.456021 0.095067 0.145868 -0.068885 0.198159 0.170725
0.034756 -0.092948 0.133429 0.249591 0.501973 0.417497 0.002577 -0.150641 -0.056095 -0.204191 -0.166899 -0.047214 0.005948 -0.082534 0.192259 0.155283 -0.120325 -0.182593 -0.198021 -0.307893 0.456818 0.475863 0.645226 0.349731 1.000000 0.559770 0.563548 0.556379 -0.203244 -0.260954 0.569003 0.448114 0.039066 0.031976 0.319913 0.458522 -0.031788 -0.128871 -0.110891 0.022659 0.144973 0.093236 0.094728 -0.049137 0.018279 -0.037540 -0.006649 -0.074662 0.020192 0.086539 0.163962 0.045263 0.067016 0.227097 0.070820 0.186334 -0.012170 0.058666 -0.140459 -0.293935 -0.330236 -0.275259 -0.149512 -0.301914 0.270212 -0.141265 0.007573 0.076571 0.042461 0.090635 0.080962 0.285011 -0.217332 0.091103 -0.292736 0.127171 -0.146589 -0.132118 0.007894 0.163695 -0.206239 -0.017249 0.114179 0.189716 0.218469 0.182683 0.149996 -0.308127 -0.139327 0.076437 -0.090059 -0.138663 0.026387 -0.163414 0.132027 -0.139362 0.149196 0.013453 -0.162205 -0.067040 -0.081044 -0.304435 -0.131663 -0.228795 -0.470709 -0.205662 -0.109904 -0.232175 -0.194411 -0.065780 0.213333 0.033024 -0.105253 -0.176459 -0.208827 -0.227307
-0.154281 -0.168816 -0.012892 0.255793 0.381991 0.338575 -0.061108 0.199486 -0.066391 -0.066090 -0.245328 0.062150 0.137128 0.028429 0.142302 0.189715 -0.254024 -0.467964 -0.164906 -0.451674 0.496875 0.491240 0.516544 0.458494 0.559770 1.000000 0.619053 0.631084 -0.219543 -0.217227 0.401719 0.565967 -0.334113 -0.238284 0.375269 0.577723 0.262410 0.001813 0.240738 0.456213 0.298673 0.418060 0.152239 0.169389 0.129868 0.136244 0.177689 0.098708 -0.170729 0.021897 0.054170 -0.085374 -0.069404 0.132706 0.008362 0.227230 -0.248087 -0.131195 -0.352794 -0.219920 -0.470440 -0.090436 -0.449608 -0.523947 0.182951 0.094483 -0.267132 0.163533 -0.298547 -0.227376 0.285798 0.427151 -0.298255 0.159012 -0.089227 0.229155 0.078059 0.117300 -0.129210 -0.149019 -0.384437 -0.234139 0.160119 0.348125 0.171857 0.267066 0.018077 -0.106788 -0.186680 0.150565 -0.087475 -0.142763 0.211133 -0.141740 0.406094 -0.071246 0.456625 0.005923 -0.203604 -0.276342 0.074408 -0.372003 -0.161498 -0.366473 -0.466627 -0.253652 -0.075234 -0.292005 -0.062221 0.049199 0.062961 -0.137208 0.093807 -0.236965 -0.179955 -0.116373
-0.066930 -0.092936 0.306001 0.195047 0.533981 0.437568 -0.057902 -0.217171 -0.159416 -0.372503 -0.337737 -0.122361 -0.252640 -0.177222 0.312702 -0.004756 -0.199214 -0.352396 -0.170568 -0.152415 0.723140 0.726603 0.625485 0.502482 0.563548 0.619053 1.000000 0.896633 -0.388620 -0.488604 0.415135 0.400441 -0.165104 -0.144431 0.497686 0.611754 -0.025329 -0.040861 0.223544 0.346016 0.093641 0.176074 -0.035858 -0.014322 -0.069731 -0.036296 -0.078540 0.198304 -0.259599 -0.151443 -0.010300 -0.216562 -0.039176 -0.057807 0.058561 0.113102 -0.169333 -0.034862 -0.369158 -0.480378 -0.436986 -0.359083 -0.255678 -0.408039 0.163770 -0.159704 0.071769 0.327166 -0.086635 0.107763 0.204418 0.432968 -0.511168 -0.046419 -0.254383 0.021901 -0.054754 0.135782 -0.260671 -0.167993 -0.241380 -0.119916 0.185152 0.292153 0.290671 0.130059 0.055251 -0.074641 -0.058793 0.208116 -0.072213 -0.084222 0.234942 -0.017785 0.446768 -0.137334 0.358316 0.136106 -0.222935 -0.185386 0.030144 -0.306144 0.126714 -0.201730 -0.302956 -0.089366 -0.184469 -0.039525 -0.001988 0.244894 0.380339 -0.133401 0.105251 -0.220500 -0.153721 -0.162223
-0.006658 -0.056474 0.223014 0.196601 0.587362 0.636350 -0.090209 -0.088663 -0.132623 -0.214503 -0.293176 -0.023686 -0.206215 -0.031741 0.226336 0.130156 -0.260852 -0.402428 -0.160722 -0.286812 0.640649 0.719296 0.590313 0.423002 0.556379 0.631084 0.896633 1.000000 -0.484887 -0.492071 0.356491 0.332463 -0.189322 -0.145678 0.487691 0.576678 0.005472 -0.032678 0.145626 0.299999 0.150956 0.236328 -0.035044 0.010707 -0.061055 -0.011698 -0.049355 0.105396 -0.170038 -0.092495 0.034795 -0.233154 0.031889 -0.049897 0.118860 0.195841 -0.143653 -0.001549 -0.306182 -0.260122 -0.390264 -0.184793 -0.378311 -0.394477 0.159668 0.001423 0.077145 0.306371 -0.088562 0.012150 0.188693 0.499491 -0.515524 0.079689 -0.266161 0.117550 0.024917 0.171413 -0.266964 -0.238237 -0.327487 -0.204237 0.100455 0.254552 0.269688 0.153546 -0.020229 -0.243708 -0.044186 0.293992 -0.082161 -0.191128 0.267124 -0.099280 0.359493 -0.108946 0.336635 0.085352 -0.258674 -0.259553 -0.035204 -0.412417 0.047958 -0.279320 -0.298197 -0.142019 -0.148807 -0.134701 -0.035698 0.245119 0.260351 -0.106890 0.116604 -0.132408 -0.228498 -0.236795
0.220887 0.057559 -0.246295 -0.186842 -0.350339 -0.317551 -0.081320 -0.094561 0.169379 -0.047142 0.289715 -0.075015 0.153662 -0.054432 0.242109 0.124196 0.381016 0.482075 0.157166 0.301244 -0.115260 -0.179326 -0.422693 -0.317018 -0.203244 -0.219543 -0.388620 -0.484887 1.000000 0.649585 0.042037 0.127497 0.358764 0.064304 -0.641167 -0.592835 0.281726 -0.068563 0.086451 -0.032230 0.003485 0.124612 -0.224621 -0.344305 -0.311168 -0.429441 -0.120507 -0.197357 -0.184007 -0.268450 -0.272241 -0.145984 -0.023294 0.035042 0.014182 -0.117083 0.163049 0.068369 0.168998 -0.130338 0.422958 0.029888 0.539489 0.492309 -0.346601 -0.334529 -0.226137 -0.573402 0.123348 0.051679 -0.159060 -0.394883 0.705581 0.017326 0.400262 -0.013682 0.113028 -0.129037 0.555935 0.501751 0.576598 0.528086 0.232675 0.374480 -0.030016 -0.002022 -0.053844 0.246166 0.205404 -0.057231 -0.203702 -0.003396 -0.244509 0.010597 0.010891 -0.255914 -0.011310 -0.051815 0.109017 0.033388 0.031509 0.362434 -0.206320 0.164920 -0.184253 -0.022650 -0.051438 0.030573 0.068484 -0.069418 -0.226578 0.110941 -0.134441 0.087751 0.028527 0.019412
0.046876 0.163500 -0.317925 -0.005818 -0.289603 -0.119396 -0.126221 0.274484 0.083522 0.280462 0.248951 0.358705 0.287797 0.386280 0.065446 0.470698 0.307636 0.526086 0.270589 0.115333 -0.350757 -0.295138 -0.489537 -0.306325 -0.260954 -0.217227 -0.488604 -0.492071 0.649585 1.000000 -0.026521 0.136984 0.260877 0.263969 -0.652776 -0.487391 0.160285 -0.038840 -0.019862 -0.055232 -0.035743 0.112012 -0.255309 -0.334762 -0.345381 -0.418384 -0.164604 -0.412538 -0.181506 -0.289135 -0.290804 -0.126763 -0.056491 -0.038935 -0.157122 -0.058616 0.132646 0.077017 0.025453 0.142919 0.263212 0.352951 0.270369 0.406260 -0.208341 0.111881 -0.403170 -0.532790 0.022472 -0.203488 -0.082869 -0.258332 0.623287 0.309243 0.433329 0.163538 0.210408 0.004033 0.318742 0.304049 0.371315 0.368028 0.102917 0.164434 0.110977 0.241705 -0.071392 0.057885 0.277843 0.108370 -0.247243 -0.196615 -0.167438 -0.148924 -0.150581 -0.143267 -0.188024 -0.042918 -0.084249 -0.079568 -0.053971 0.095608 -0.194667 -0.081184 -0.126755 -0.160691 -0.002036 -0.104153 0.008255 -0.147963 -0.430001 -0.011129 -0.173600 -0.077817 -0.133079 -0.076807
0.100337 -0.063795 0.171171 0.311370 0.365797 0.205356 0.232763 0.041176 -0.075638 -0.179858 -0.017705 0.000269 0.130547 -0.064593 0.330869 0.262268 0.008060 -0.120626 -0.026964 -0.135080 0.366646 0.406623 0.515555 0.325057 0.569003 0.401719 0.415135 0.356491 0.042037 -0.026521 1.000000 0.708503 0.323710 0.310398 0.344354 0.403409 0.124543 -0.153483 -0.157988 -0.001947 0.085113 0.093416 0.062995 -0.020792 0.023157 -0.108876 0.014900 -0.106393 -0.247143 -0.011065 0.044063 -0.008494 -0.105104 0.160385 -0.073346 -0.222510 -0.009296 0.015680 -0.388627 -0.532582 -0.287403 -0.468406 -0.127604 -0.349835 0.342210 -0.227813 -0.193131 -0.123835 -0.164481 -0.169689 0.383515 0.317267 0.095736 0.284419 0.142893 0.317389 0.208418 0.231462 0.244177 0.212190 -0.133620 0.018244 0.013422 0.095370 0.184910 0.125346 0.133755 -0.212760 -0.316718 -0.153162 -0.298419 -0.266521 -0.096494 -0.300046 0.062775 -0.145374 -0.009253 -0.158660 -0.200472 -0.154338 -0.101820 -0.344210 -0.385075 -0.336998 -0.518360 -0.222470 0.080392 -0.215977 -0.237117 -0.032070 -0.075713 -0.027728 0.023827 -0.292686 -0.176065 -0.252346
-0.109405 -0.200978 0.166231 0.324068 0.311889 0.225346 0.222646 0.307243 0.096363 0.008459 0.058614 0.226007 0.318718 0.166362 0.297311 0.309615 -0.227731 -0.305966 -0.140528 -0.313733 0.329405 0.371641 0.430126 0.491659 0.448114 0.565967 0.400441 0.332463 0.127497 0.136984 0.708503 1.000000 0.016983 0.110614 0.216570 0.295329 0.120642 -0.285416 -0.058500 0.067040 0.063047 0.102711 0.084872 0.013756 -0.011286 -0.096614 0.043355 -0.023024 -0.165653 -0.129900 -0.058887 -0.105656 -0.031361 0.093769 -0.103564 -0.047050 -0.300955 -0.226530 -0.418938 -0.436773 -0.353597 -0.122461 -0.313911 -0.461058 0.273500 0.077795 -0.427712 -0.064284 -0.429550 -0.323418 0.258385 0.321302 0.082804 0.332917 0.296877 0.333732 0.063449 0.138854 0.174831 0.117735 -0.211096 -0.021228 0.141725 0.231451 0.339295 0.285913 0.056755 -0.108212 -0.085710 0.109027 -0.127133 -0.158528 0.196076 -0.207043 0.077880 -0.150529 0.204106 -0.179641 -0.098962 -0.170861 -0.108910 -0.270642 -0.277996 -0.387855 -0.602888 -0.315126 0.063870 -0.198564 -0.288023 -0.152722 0.023720 0.024150 -0.012866 -0.365541 -0.171636 -0.152708
0.302061 0.204139 -0.090608 0.001991 -0.113110 -0.134459 -0.047007 -0.292543 -0.150580 -0.209388 0.014427 -0.156855 -0.123925 -0.193993 0.209684 0.179206 0.500233 0.547295 0.342503 0.257346 -0.145914 -0.199043 -0.135285 -0.417843 0.039066 -0.334113 -0.165104 -0.189322 0.358764 0.260877 0.323710 0.016983 1.000000 0.472319 -0.134045 -0.175239 0.083669 0.130069 -0.048371 -0.070645 0.255836 0.211651 -0.168326 -0.270654 -0.235431 -0.335598 -0.200595 -0.359445 -0.306785 -0.205662 -0.259461 -0.218901 -0.195700 0.001581 0.067565 -0.215307 0.376207 0.266968 0.033950 -0.204322 0.261784 -0.238575 0.409271 0.298563 -0.079478 -0.372748 0.010431 -0.416258 0.333555 0.053123 0.041457 -0.170322 0.572708 0.246656 0.306559 0.153964 0.341702 0.217688 0.362089 0.482585 0.414964 0.425506 0.139822 0.142301 0.116951 0.046068 0.085402 0.082374 -0.168824 -0.051558 -0.386364 -0.294606 -0.406370 -0.179775 -0.204272 -0.144216 -0.314803 -0.164767 -0.209946 0.001602 -0.058040 0.135320 -0.258519 -0.015645 -0.106184 -0.072075 0.166951 -0.115201 0.080953 -0.046313 -0.299970 0.023049 -0.147130 0.060449 -0.110878 -0.214903
0.392872 0.379909 0.000431 0.128894 0.210499 -0.040643 0.098138 -0.044532 0.002989 -0.097092 0.127403 0.137019 0.101081 0.059871 0.140092 0.107717 0.411526 0.459925 0.391246 0.374243 -0.218818 -0.253331 0.026294 -0.181315 0.031976 -0.238284 -0.144431 -0.145678 0.064304 0.263969 0.310398 0.110614 0.472319 1.000000 -0.054536 0.034080 -0.271988 -0.230597 -0.369214 -0.344830 -0.108548 -0.082244 -0.183700 -0.242601 -0.241961 -0.359031 -0.263653 -0.461577 -0.422699 -0.216336 -0.134640 -0.077482 -0.304869 0.029330 -0.085980 -0.303071 0.364125 0.324449 -0.180422 -0.229593 0.121302 -0.067708 0.190988 0.250819 0.339775 0.004821 -0.267984 -0.336168 0.238222 -0.014977 -0.105654 -0.223696 0.259069 0.298704 0.295965 0.458143 0.290226 0.249975 0.364564 0.401625 0.237676 0.284502 -0.081820 -0.068600 0.293656 0.095844 0.044854 -0.253864 0.073698 -0.046319 -0.365447 -0.378953 -0.384807 -0.268365 -0.444729 0.157131 -0.595691 -0.200065 -0.335218 -0.207039 -0.198224 -0.213144 -0.257203 -0.311414 -0.274019 -0.240689 0.167589 -0.225779 -0.088109 -0.248412 -0.199399 -0.056767 -0.218747 -0.323658 -0.125516 -0.338058
-0.120133 -0.121742 0.293006 0.179358 0.315208 0.141302 0.175213 -0.102055 -0.239437 -0.258508 -0.201011 -0.137086 -0.056643 -0.269113 -0.085832 -0.137691 -0.274816 -0.498063 -0.284762 -0.333145 0.282678 0.425442 0.614509 0.462713 0.319913 0.375269 0.497686 0.487691 -0.641167 -0.652776 0.344354 0.216570 -0.134045 -0.054536 1.000000 0.769751 -0.066826 0.082026 0.007726 0.043508 -0.007616 -0.127554 0.224555 0.336468 0.398296 0.386583 0.149525 0.161002 0.095268 0.322488 0.393709 0.209854 0.037455 0.045823 0.071586 -0.065465 -0.139872 -0.074119 -0.188206 -0.202795 -0.402219 -0.381409 -0.353777 -0.554253 0.455066 0.036898 0.295941 0.456201 -0.232924 -0.098517 0.296781 0.398487 -0.483718 -0.071226 -0.242462 0.057701 0.117061 0.254285 -0.378939 -0.368537 -0.486869 -0.416004 -0.104576 -0.249719 0.062687 0.019008 0.068285 -0.025602 -0.301094 -0.049797 0.030767 -0.059578 0.006423 -0.080084 0.050965 0.060060 0.109939 -0.179548 -0.086691 -0.040033 -0.119172 -0.338382 -0.026111 -0.157554 -0.090308 -0.096048 0.158450 0.022899 -0.176693 -0.011246 0.136790 -0.116141 -0.020051 -0.250828 -0.181272 -0.169402
-0.099313 -0.052719 0.189512 0.321946 0.334191 0.184482 0.082544 -0.025172 -0.246613 -0.316662 -0.277617 -0.075560 -0.031145 -0.185849 -0.090612 0.014719 -0.256485 -0.444369 -0.216791 -0.274727 0.321758 0.356180 0.676450 0.428778 0.458522 0.577723 0.611754 0.576678 -0.592835 -0.487391 0.403409 0.295329 -0.175239 0.034080 0.769751 1.000000 -0.186045 0.184013 0.078262 0.201886 0.018240 0.108008 0.233536 0.303420 0.342839 0.311599 0.187270 0.120980 -0.090685 0.254256 0.269212 0.172501 -0.062715 0.107170 -0.055386 0.028775 -0.165940 -0.038156 -0.324767 -0.246903 -0.503533 -0.382689 -0.452971 -0.589996 0.418617 0.015443 0.107889 0.404785 -0.138372 -0.019832 0.234523 0.361076 -0.522231 -0.016581 -0.313401 0.158032 0.082459 0.217133 -0.392098 -0.229742 -0.485609 -0.403300 -0.029485 -0.114244 0.188557 0.114032 0.234877 -0.093407 -0.222983 -0.013117 -0.073126 -0.158350 -0.003220 -0.139616 0.146890 0.040339 0.119362 -0.190916 -0.190238 -0.179222 -0.130817 -0.420876 -0.093349 -0.295942 -0.107573 -0.179508 0.156299 -0.161459 -0.143295 -0.055740 0.121377 -0.224195 -0.028021 -0.334159 -0.151311 -0.123200
