1.000000 0.605824 0.011164 -0.125972 -0.273401 -0.234199 0.034672 -0.203658 -0.246247 -0.290811 0.434976 0.271313 0.126295 0.113010 -0.140229 0.082005 0.102776 0.198008 0.359759 -0.080741 0.090570 0.099798 -0.031447 -0.421646 -0.133494 -0.339101 -0.037548 -0.184890 -0.007762 0.084291 -0.035193 -0.225850 0.124646 -0.218625 -0.182871 -0.301986 -0.103465 -0.041489 0.041780 0.074201 -0.015340 0.127160 0.044895 0.005815 0.059345 -0.070989 0.007792 -0.189026 0.114046 0.073429 0.100708 0.110580 -0.024079 -0.128272 0.111958 0.021096 0.577958 0.429850 0.215024 0.009109 0.179538 0.001147 0.296760 0.130748 -0.015670 -0.060444 0.002889 -0.161338 0.300166 -0.053806 0.006043 -0.191656 0.188987 0.254894 0.195504 0.122164 0.325187 0.074638 0.061025 -0.018365 0.017013 -0.160978 -0.023341 -0.084438 -0.076203 -0.230189 0.044145 -0.036416 0.126023 0.027392 -0.120292 -0.199428 -0.088152 -0.273472 0.246286 -0.275247 0.251591 0.127349 0.062240 -0.110744 0.003606 -0.197770 -0.010823 -0.102383 0.102127 -0.027826 0.055032 -0.163483 -0.059196 0.019594 -0.105137 -0.066726 -0.161821 -0.116034 -0.194370 0.207960
0.605824 1.000000 -0.227869 -0.198246 -0.130685 0.020546 -0.157392 -0.222044 -0.138533 -0.106003 0.513626 0.575209 0.194568 0.402788 0.146358 0.246400 0.315303 0.514011 0.278318 -0.248630 0.155512 0.150281 0.057910 -0.436222 0.034096 -0.158864 0.080342 -0.013742 0.446524 0.508614 0.286742 0.018214 0.230415 -0.089952 -0.496754 -0.494812 0.146821 -0.031923 0.056044 0.162005 0.232407 0.270958 0.014767 0.032136 -0.148830 -0.338629 0.049147 -0.439803 -0.076403 -0.086416 -0.150754 0.067707 -0.198110 -0.170373 0.157951 0.020604 0.292230 0.507760 -0.199745 -0.209146 -0.016936 0.145727 0.285950 0.469426 -0.165817 -0.146671 -0.523848 -0.569968 0.384880 -0.255399 0.225141 -0.032230 0.592769 0.629636 0.596278 0.458211 0.567426 0.027380 0.232182 0.284651 0.353486 0.087161 0.105648 -0.008841 0.092683 -0.051368 0.100227 0.099804 -0.111918 -0.125498 -0.411819 -0.545410 -0.196732 -0.366282 -0.011264 -0.216010 0.163284 -0.051175 -0.131577 -0.503353 0.149611 -0.256788 -0.092490 -0.351614 -0.211765 -0.409290 0.045106 -0.136184 -0.240186 0.013060 -0.338668 -0.251031 -0.276090 -0.087926 -0.309279 -0.051237
0.011164 -0.227869 1.000000 0.565790 0.365968 0.294154 0.591745 0.526791 0.413492 0.305666 -0.037508 -0.231293 0.261480 -0.120971 0.124628 -0.236220 -0.386881 -0.295486 0.349112 0.377538 -0.280147 -0.086000 0.281664 0.418897 -0.087506 0.009556 0.033690 0.170296 -0.448668 -0.351494 -0.167017 -0.115492 -0.137685 0.068314 -0.107266 0.071703 -0.604682 -0.420020 -0.373031 -0.349686 -0.525964 -0.301371 -0.196133 -0.169693 -0.382751 -0.100551 -0.234528 -0.000394 -0.026737 0.032125 -0.169975 0.119174 0.133421 -0.002233 -0.334205 -0.288695 -0.143501 -0.194391 0.287922 0.318273 0.213977 0.039369 -0.058347 -0.192832 -0.164320 -0.029126 0.273370 0.233940 0.017548 0.352031 -0.359126 -0.160625 -0.510041 -0.392812 -0.384697 -0.379443 -0.488848 -0.337918 -0.351515 -0.362227 -0.468354 -0.137310 -0.275293 -0.295892 -0.470577 -0.148210 -0.391415 -0.479782 -0.009207 0.416735 0.394756 0.376953 0.313093 0.263129 0.037369 0.054623 -0.142666 0.117219 0.128683 0.252581 0.171661 0.204023 0.341195 0.353075 0.193827 0.110732 0.117117 0.148362 -0.016898 -0.229371 -0.135016 0.116516 0.143693 0.046254 -0.019327 -0.004650
-0.125972 -0.198246 0.565790 1.000000 0.407501 0.377310 0.433266 0.673788 0.302858 0.387157 -0.145063 -0.079529 0.050054 0.119275 0.131824 -0.114464 -0.319813 -0.450593 0.194919 0.386741 -0.325677 -0.185243 0.433679 0.701143 -0.103498 0.148813 0.106697 0.348004 -0.360338 -0.394558 -0.023078 0.091553 -0.010584 0.193371 -0.196700 0.174482 -0.329892 -0.120261 -0.062643 -0.116594 -0.449600 -0.185507 -0.270313 -0.180673 -0.399801 -0.101908 -0.266873 -0.056405 -0.289306 -0.150466 -0.315475 -0.096125 0.056605 -0.136955 -0.367860 -0.067927 -0.242165 -0.280720 -0.164849 0.155148 -0.164785 -0.040285 -0.168050 -0.250631 -0.332478 -0.114305 0.040226 0.123908 -0.029901 0.224795 -0.241024 0.015081 -0.494392 -0.413981 -0.375242 -0.155410 -0.499949 -0.273989 -0.355587 -0.321535 -0.315952 -0.099800 -0.205804 -0.239018 -0.481002 -0.050889 -0.312057 -0.315532 -0.220121 0.359133 0.415526 0.046795 0.425065 -0.012025 0.089528 0.041591 -0.224891 -0.039921 0.009807 -0.046532 0.053511 0.000904 0.075008 0.045227 -0.072199 -0.116625 0.046486 0.024624 -0.159988 -0.075875 -0.103124 0.232872 0.308452 -0.077641 -0.130107 -0.052031
-0.273401 -0.130685 0.365968 0.407501 1.000000 0.916998 0.252987 0.431805 0.926370 0.608820 -0.042374 -0.267515 0.246114 -0.041828 0.448796 -0.371779 0.087571 -0.089037 0.005745 -0.009692 -0.013351 0.128317 0.700909 0.402892 0.237622 0.411445 0.706872 0.858198 -0.121759 -0.162915 0.101525 0.038114 -0.139946 -0.104532 -0.228287 -0.189938 -0.296286 -0.354662 -0.231615 -0.313319 -0.455445 -0.297428 -0.111167 -0.182216 -0.458686 -0.387363 -0.097126 -0.317106 -0.145253 -0.166838 -0.351292 0.080076 0.158930 0.075629 -0.083168 -0.211001 -0.054416 0.131795 -0.270636 -0.078792 -0.166550 0.115861 -0.219464 -0.014780 -0.390481 -0.403930 -0.297785 -0.308170 -0.073564 0.012988 -0.080218 -0.094777 -0.189800 -0.110531 -0.143509 -0.354092 -0.266990 -0.403496 -0.116636 -0.094406 -0.086313 0.191062 -0.361250 -0.414557 -0.165850 0.029137 -0.232999 -0.320622 -0.413009 0.088923 0.112689 -0.133917 0.187376 0.003408 0.114110 -0.098929 -0.057649 0.010483 0.071374 0.142804 0.026647 0.159266 0.151423 0.161478 0.086627 0.026667 0.091590 0.054884 -0.182376 -0.180411 -0.309450 -0.047422 0.118572 -0.083103 0.102288 0.031174
-0.234199 0.020546 0.294154 0.377310 0.916998 1.000000 0.154662 0.433187 0.788182 0.623299 0.038112 -0.139380 0.193060 0.053290 0.465659 -0.260669 0.107353 0.006933 0.061662 -0.115122 0.122356 0.286631 0.634219 0.325393 0.379459 0.564450 0.738345 0.896457 0.008688 0.074577 0.237054 0.178938 -0.053972 -0.026459 -0.334845 -0.255992 -0.256216 -0.293665 -0.167908 -0.223653 -0.360432 -0.194617 -0.157958 -0.190884 -0.436712 -0.466964 -0.092206 -0.406795 -0.178142 -0.257648 -0.432433 0.055270 -0.022123 -0.001272 -0.040366 -0.164534 -0.093426 0.147677 -0.317683 -0.155812 -0.188523 0.211911 -0.224632 0.048399 -0.468690 -0.294964 -0.430442 -0.432843 -0.084804 -0.148619 -0.123150 -0.136743 -0.053898 0.033441 -0.031141 -0.281007 -0.232978 -0.491551 -0.037637 -0.023264 -0.041463 0.221395 -0.250849 -0.355262 -0.163112 -0.005409 -0.164629 -0.309226 -0.442860 -0.000922 -0.010239 -0.276003 0.162569 -0.111401 0.105875 0.013759 0.050882 0.025794 0.023272 -0.017624 0.146546 0.110705 0.198985 0.098103 0.107440 -0.030809 0.138615 0.033726 -0.174262 -0.171107 -0.377139 -0.162500 0.062143 0.008036 0.120014 0.030248
0.034672 -0.157392 0.591745 0.433266 0.252987 0.154662 1.000000 0.555933 0.346653 0.434163 0.012778 0.135821 0.536015 0.223781 0.019164 0.081556 -0.461446 -0.184162 0.258817 0.185684 -0.418566 -0.280533 0.288046 0.369847 -0.261231 -0.169742 -0.107934 -0.019426 -0.226264 -0.174750 0.043468 0.031351 0.155039 0.155033 -0.112586 0.053426 -0.580710 -0.484688 -0.438317 -0.437161 -0.459461 -0.170600 -0.250314 -0.382003 -0.306178 -0.047023 -0.181378 -0.370011 0.100759 0.085469 0.001461 0.149724 0.128465 0.006584 -0.317019 -0.293406 -0.236983 -0.203948 0.105257 0.217923 0.389296 0.193060 -0.069839 -0.035771 0.014882 -0.107051 0.142562 0.072621 -0.014331 0.034403 -0.168626 0.041223 -0.363452 -0.282701 -0.354409 -0.232967 -0.439990 -0.413785 -0.387207 -0.291988 -0.450969 -0.152228 -0.396547 -0.131839 -0.386762 -0.101113 -0.440417 -0.350423 0.063736 0.405350 0.300621 0.202437 0.268356 0.079689 -0.026804 -0.003996 -0.292575 -0.207161 0.048976 0.190022 0.014421 0.206389 -0.009850 0.133808 -0.086955 -0.033062 -0.160729 0.077728 -0.050396 -0.144731 -0.275665 0.133787 0.042729 -0.105547 -0.163212 -0.081275
-0.203658 -0.222044 0.526791 0.673788 0.431805 0.433187 0.555933 1.000000 0.414539 0.595338 -0.199063 -0.062043 0.188587 0.150390 0.045660 -0.102092 -0.353395 -0.310240 0.073337 0.227117 -0.302321 -0.150545 0.212114 0.489991 -0.075874 0.184450 -0.004040 0.268213 -0.276502 -0.140896 -0.015288 0.171387 0.172999 0.337479 -0.058744 0.137251 -0.518743 -0.323435 -0.239942 -0.200233 -0.367054 -0.116812 -0.400424 -0.394864 -0.355046 -0.123277 -0.248485 -0.224439 -0.097834 -0.040751 -0.380681 0.020963 0.029740 -0.065931 -0.360940 -0.123302 -0.242893 -0.249857 0.058728 0.392335 0.145554 0.333059 -0.112058 -0.063002 -0.357337 -0.146439 0.083919 0.108077 -0.256895 0.006549 -0.267300 -0.050856 -0.397293 -0.357219 -0.347857 -0.253568 -0.514549 -0.436628 -0.390213 -0.373351 -0.396491 -0.120626 -0.311057 -0.317300 -0.556349 -0.267300 -0.425525 -0.443986 -0.217384 0.275038 0.402944 0.132654 0.412362 0.126452 -0.118826 0.091716 -0.187956 -0.149708 0.142010 0.187402 0.210333 0.243764 0.173269 0.210625 -0.083699 -0.094269 -0.214601 0.057558 -0.031178 -0.077725 -0.226741 0.254878 0.199048 0.074923 -0.136396 -0.133017
-0.246247 -0.138533 0.413492 0.302858 0.926370 0.788182 0.346653 0.414539 1.000000 0.632946 -0.073438 -0.227867 0.334523 -0.048127 0.319571 -0.413414 0.033296 -0.022399 0.022559 0.058986 -0.132831 -0.011613 0.596867 0.333885 0.088756 0.203359 0.532131 0.667427 -0.168712 -0.206942 -0.033975 -0.091696 -0.156142 -0.111632 -0.126850 -0.140030 -0.353281 -0.449536 -0.354356 -0.405122 -0.456711 -0.330165 -0.078992 -0.181180 -0.363067 -0.249628 -0.067531 -0.285799 -0.039552 -0.012848 -0.271220 0.169565 0.214897 0.124711 -0.157019 -0.301347 -0.060981 0.075110 -0.161084 0.053732 -0.063128 0.086468 -0.109436 0.047332 -0.356496 -0.432901 -0.173530 -0.197619 -0.098696 0.068924 -0.073070 -0.095383 -0.239755 -0.199492 -0.215404 -0.365575 -0.272065 -0.362442 -0.136769 -0.133720 -0.084944 0.185334 -0.452409 -0.389597 -0.198532 0.016661 -0.344913 -0.380907 -0.374988 0.175596 0.155650 -0.013871 0.193736 0.125537 0.077785 -0.111850 -0.157855 -0.001267 0.089777 0.256032 0.003770 0.259586 0.109316 0.233554 0.048647 0.031126 0.051528 0.080971 -0.149683 -0.160565 -0.288340 0.019717 0.089769 -0.126965 0.032357 -0.011805
-0.290811 -0.106003 0.305666 0.387157 0.608820 0.623299 0.434163 0.595338 0.632946 1.000000 0.004453 0.036517 0.345383 0.188038 0.320807 0.043495 -0.182812 -0.149229 0.012271 0.181884 -0.246606 -0.148664 0.291630 0.408966 -0.047174 0.224452 0.212619 0.391392 -0.188314 -0.120913 -0.106349 -0.030711 -0.038520 0.054619 -0.008497 0.187931 -0.405950 -0.387855 -0.297276 -0.314310 -0.419232 -0.078723 -0.440151 -0.485334 -0.291466 -0.079064 -0.250717 -0.292193 0.016672 0.099188 -0.203117 0.189271 -0.140721 -0.066006 -0.404579 -0.326679 -0.357096 -0.174399 -0.000958 0.282539 0.144393 0.314575 -0.223666 -0.038481 -0.349319 -0.047891 -0.069352 0.052625 -0.140078 0.060201 -0.136308 -0.071713 -0.285005 -0.237328 -0.228780 -0.311476 -0.471247 -0.448580 -0.338532 -0.236230 -0.313478 -0.061012 -0.107313 -0.106379 -0.353683 -0.204004 -0.106756 -0.230802 -0.234402 0.238378 0.158304 0.082428 0.224690 0.198528 -0.005339 0.078171 -0.295375 -0.179323 -0.033001 0.055179 -0.000734 0.248472 -0.045207 0.102490 -0.160404 -0.147143 -0.261822 -0.005855 0.032306 -0.129908 -0.139838 0.066357 0.123441 -0.101304 -0.036229 -0.115596
0.434976 0.513626 -0.037508 -0.145063 -0.042374 0.038112 0.012778 -0.199063 -0.073438 0.004453 1.000000 0.589461 0.633533 0.511414 0.292047 0.482215 -0.027005 0.218058 0.099250 -0.289504 0.087103 0.079174 0.175877 -0.186111 -0.114056 -0.124643 0.074663 -0.011036 0.350215 0.386292 0.192225 0.057588 0.081460 -0.198621 -0.387115 -0.393102 -0.004119 0.037705 -0.068428 0.095695 0.150629 0.401730 -0.102212 0.044322 -0.129224 -0.258114 -0.224561 -0.472706 0.159629 -0.018994 0.029226 0.155401 -0.103020 -0.204779 0.105495 -0.096862 -0.009113 0.114671 0.159655 -0.181533 0.283632 0.235020 0.261529 0.141375 -0.147215 0.090630 -0.301414 -0.373083 0.095464 -0.239404 0.136210 -0.050079 0.309440 0.349582 0.343328 0.288690 0.345355 -0.073812 -0.076212 0.114652 -0.055630 -0.012930 0.146910 -0.089779 0.074438 0.102193 0.166008 -0.043299 -0.010546 0.040200 -0.360808 -0.300171 -0.141387 -0.244502 -0.096658 -0.280063 0.057470 -0.331747 -0.230154 -0.423989 0.025117 -0.225411 -0.128098 -0.260768 -0.263524 -0.372285 -0.204758 -0.182591 -0.273584 -0.225193 -0.299012 -0.282920 -0.291313 -0.089749 -0.292983 -0.125815
0.271313 0.575209 -0.231293 -0.079529 -0.267515 -0.139380 0.135821 -0.062043 -0.227867 0.036517 0.589461 1.000000 0.462167 0.861814 0.037453 0.694385 -0.079990 0.352212 0.054961 -0.282717 0.024244 -0.019883 0.043000 -0.056337 -0.049961 -0.232626 -0.142016 -0.235186 0.461880 0.501385 0.313828 0.255802 0.167166 -0.052450 -0.339048 -0.299254 0.095410 -0.016311 -0.082308 0.063006 0.268375 0.323286 -0.064030 -0.081000 -0.117278 -0.287274 -0.077425 -0.529090 -0.116373 -0.169362 -0.014267 -0.021385 -0.198331 -0.243791 0.080040 -0.142410 -0.122158 0.021333 -0.232432 -0.218088 0.059111 0.322108 0.223110 0.317659 -0.066918 0.192493 -0.381634 -0.329430 0.023153 -0.355769 0.240709 0.128095 0.406708 0.368969 0.410327 0.419872 0.261631 -0.184599 0.022371 0.183293 0.119836 -0.005541 0.090762 0.103082 0.232608 0.213557 0.027423 0.033422 0.069606 0.087816 -0.429354 -0.442718 -0.108891 -0.287694 -0.251073 -0.081478 -0.140815 -0.459639 -0.399449 -0.545143 0.047475 -0.181586 -0.373166 -0.432348 -0.479331 -0.538833 -0.272744 -0.144611 -0.241727 0.037837 -0.337058 -0.235347 -0.239033 -0.092820 -0.367355 -0.264356
0.126295 0.194568 0.261480 0.050054 0.246114 0.193060 0.536015 0.188587 0.334523 0.345383 0.633533 0.462167 1.000000 0.557364 0.193121 0.343724 -0.264122 0.106277 0.167174 -0.082490 -0.246095 -0.195277 0.244899 0.036248 -0.180482 -0.134872 -0.000876 0.023505 0.227274 0.226598 0.127362 0.040379 0.168484 0.011962 -0.325215 -0.218425 -0.249318 -0.318660 -0.371057 -0.254568 -0.152804 0.081135 -0.016930 -0.067078 -0.233000 -0.212883 -0.131172 -0.515196 0.250559 0.088232 0.158922 0.295678 0.175649 -0.159171 -0.140119 -0.365477 -0.290270 -0.141183 0.089521 -0.029933 0.373235 0.232520 0.197187 0.122554 -0.292177 -0.150290 -0.194927 -0.262584 0.057309 -0.034792 0.152301 0.121611 0.064440 0.069844 0.065939 0.104142 -0.025283 -0.241770 -0.211759 -0.093705 -0.189021 -0.023027 -0.248166 -0.153304 -0.124181 -0.014577 -0.159812 -0.272794 -0.052521 0.102138 -0.081303 -0.105347 0.016290 -0.095336 -0.175391 -0.253871 -0.229509 -0.425163 -0.170848 -0.153539 -0.001497 -0.052420 -0.179707 -0.148182 -0.290640 -0.337296 -0.243721 -0.044635 -0.230696 -0.191334 -0.371021 -0.077653 -0.162669 -0.175892 -0.346240 -0.273343
0.113010 0.402788 -0.120971 0.119275 -0.041828 0.053290 0.223781 0.150390 -0.048127 0.188038 0.511414 0.861814 0.557364 1.000000 0.084610 0.641306 -0.151764 0.237528 0.064822 -0.145924 -0.077338 -0.132498 0.134829 0.112215 -0.024357 -0.134027 -0.085243 -0.094558 0.477481 0.492390 0.331603 0.346558 0.254912 0.125141 -0.294670 -0.214343 0.044274 -0.068868 -0.089533 0.002043 0.183133 0.268205 -0.065352 -0.122999 -0.192663 -0.306774 -0.087726 -0.538041 -0.186339 -0.188354 -0.056478 0.045642 -0.158835 -0.298419 -0.024797 -0.175981 -0.282407 -0.135704 -0.337392 -0.182696 0.024696 0.341401 0.153906 0.329198 -0.257810 0.012615 -0.389840 -0.343905 -0.038498 -0.258561 0.216862 0.196453 0.297252 0.205619 0.255459 0.363018 0.075241 -0.269955 -0.080254 0.085635 0.021798 0.033962 0.039329 0.035802 0.067383 0.131613 -0.027629 -0.103990 -0.074950 -0.076793 -0.315901 -0.472953 -0.011455 -0.325572 -0.224838 -0.091581 -0.173455 -0.491214 -0.382715 -0.550305 0.038530 -0.209160 -0.354284 -0.448670 -0.532849 -0.605164 -0.252409 -0.123681 -0.306066 -0.073843 -0.378366 -0.159403 -0.142322 -0.166143 -0.360553 -0.385747
-0.140229 0.146358 0.124628 0.131824 0.448796 0.465659 0.019164 0.045660 0.319571 0.320807 0.292047 0.037453 0.193121 0.084610 1.000000 0.153326 0.191177 0.022959 -0.013856 -0.055575 -0.000164 0.101086 0.521206 0.269200 0.232249 0.241318 0.366971 0.401533 0.192311 0.068291 0.227633 0.090056 -0.263611 -0.128967 -0.188933 -0.144555 -0.070564 -0.226642 -0.238004 -0.259835 -0.217471 0.012631 -0.198523 -0.101873 -0.455350 -0.272585 -0.179565 -0.267174 -0.170786 -0.107067 -0.134957 0.100579 -0.137312 -0.030574 -0.065479 -0.416119 -0.229169 0.155599 -0.158587 -0.228259 -0.102456 0.070158 -0.325352 -0.102572 0.005148 0.013827 -0.414079 -0.280012 0.059589 -0.093330 0.106244 -0.053524 0.118785 0.102525 0.044008 -0.104903 -0.055545 -0.216626 -0.078674 -0.023028 -0.003859 0.066721 0.383299 -0.039744 0.143157 0.085689 0.177043 -0.057246 -0.278659 0.004977 -0.027261 -0.136002 0.053125 -0.053977 0.086680 -0.114204 0.003586 -0.097082 -0.063727 -0.286270 0.153183 -0.032774 0.174956 -0.010141 0.096845 -0.109483 0.116718 0.192100 -0.078728 -0.241116 -0.222996 -0.179651 -0.010050 0.165952 0.043012 -0.024882
0.082005 0.246400 -0.236220 -0.114464 -0.371779 -0.260669 0.081556 -0.102092 -0.413414 0.043495 0.482215 0.694385 0.343724 0.641306 0.153326 1.000000 -0.223879 0.025174 -0.146195 -0.222761 0.096675 0.055122 -0.128786 0.068498 0.118039 0.039926 -0.228444 -0.308973 0.318902 0.389423 0.253888 0.322558 0.103587 0.068585 -0.038519 0.021988 0.087837 0.119128 -0.043521 0.090765 0.135873 0.365790 -0.232510 -0.175418 0.020988 -0.097887 -0.202821 -0.310703 0.024720 -0.073869 0.189629 -0.044990 -0.337506 -0.275580 -0.072579 -0.172464 -0.306308 -0.188954 -0.040547 -0.154783 0.118728 0.295863 -0.067233 -0.075576 0.207249 0.484638 -0.157249 -0.054349 -0.135326 -0.320655 0.185187 0.105004 0.222265 0.194312 0.249415 0.256876 0.043904 -0.193286 -0.118186 -0.064239 -0.136578 -0.118887 0.274240 0.302300 0.224472 0.128565 0.141606 0.055258 0.157128 0.038432 -0.299116 -0.131302 -0.083156 -0.127461 -0.164459 -0.064088 -0.100842 -0.493905 -0.326817 -0.487625 0.006695 -0.218976 -0.264216 -0.380779 -0.332465 -0.406953 -0.431042 -0.122286 -0.087079 -0.076014 -0.049808 -0.174139 -0.163526 -0.045699 -0.167746 -0.199245
0.102776 0.315303 -0.386881 -0.319813 0.087571 0.107353 -0.461446 -0.353395 0.033296 -0.182812 -0.027005 -0.079990 -0.264122 -0.151764 0.191177 -0.223879 1.000000 0.535693 -0.024149 -0.119900 0.303984 0.205413 0.177071 -0.266356 0.296686 0.090244 0.267340 0.198071 0.395990 0.257346 0.165924 0.018132 -0.179548 -0.192737 -0.062198 -0.326687 0.206380 -0.035227 -0.020478 -0.021354 0.356236 -0.031327 0.046093 -0.055174 -0.000010 -0.250590 0.101115 -0.108675 -0.234739 -0.303544 -0.111164 -0.290662 -0.160677 -0.198944 0.170100 -0.116320 0.462718 0.633548 -0.371674 -0.332720 -0.194886 -0.040008 0.142585 0.284883 0.161503 -0.216797 -0.448595 -0.412990 0.153312 -0.167374 0.274537 -0.013017 0.476932 0.381426 0.446496 0.189980 0.447145 0.256221 0.537901 0.497016 0.570931 0.397217 0.140880 -0.037394 0.383754 0.033534 0.141493 0.143304 -0.168730 -0.229978 -0.220179 -0.364794 -0.057255 -0.064937 -0.012300 -0.280199 0.001928 0.144898 0.009363 -0.127931 0.091919 0.166438 0.047106 0.055231 0.076745 0.086278 0.133111 0.161649 -0.015585 0.117154 -0.144302 -0.289658 -0.153077 0.082754 0.089013 -0.134482
0.198008 0.514011 -0.295486 -0.450593 -0.089037 0.006933 -0.184162 -0.310240 -0.022399 -0.149229 0.218058 0.352212 0.106277 0.237528 0.022959 0.025174 0.535693 1.000000 0.095955 -0.335736 0.235977 0.180262 0.108533 -0.393650 0.150083 -0.112039 0.098885 -0.048445 0.641480 0.662340 0.343622 0.207212 0.165887 -0.053553 -0.365398 -0.616114 0.083716 -0.092554 -0.321685 -0.247048 0.402957 0.122950 0.118131 0.067641 -0.088230 -0.362718 0.260386 -0.240909 -0.185829 -0.188889 -0.179204 -0.125818 -0.124314 0.041454 0.235710 -0.164922 0.248940 0.530086 -0.368594 -0.292944 -0.061467 0.129976 0.470000 0.693704 0.024483 -0.236669 -0.497411 -0.556861 0.165413 -0.306528 0.252292 0.046187 0.649656 0.548730 0.594736 0.374050 0.468194 0.016705 0.550513 0.604359 0.519801 0.487225 -0.096189 -0.039761 0.215855 0.095842 -0.068814 0.025995 -0.127336 -0.189474 -0.289703 -0.418964 -0.125826 -0.139359 -0.314330 -0.175216 0.089748 -0.032031 -0.036461 -0.226849 0.110164 0.124698 -0.050713 0.008855 -0.108309 -0.148949 0.099301 0.213599 -0.116200 0.024007 -0.301004 -0.187323 -0.079953 0.230286 -0.041479 -0.229106
0.359759 0.278318 0.349112 0.194919 0.005745 0.061662 0.258817 0.073337 0.022559 0.012271 0.099250 0.054961 0.167174 0.064822 -0.013856 -0.146195 -0.024149 0.095955 1.000000 0.356024 -0.194126 -0.176681 -0.020876 -0.143073 -0.184657 -0.188263 -0.139782 -0.085071 0.124387 0.088613 0.094343 -0.084633 0.210481 0.172801 -0.370248 -0.098223 -0.002403 -0.256748 0.071029 -0.057699 -0.071939 0.077001 0.059591 -0.093798 -0.123303 -0.019321 0.123865 -0.098517 -0.027258 0.071256 -0.057388 0.167486 -0.008137 -0.134459 -0.148087 0.019813 0.049344 0.066358 -0.047871 0.099706 0.182603 0.092419 0.252296 0.305325 -0.254791 -0.307714 -0.061660 -0.186583 0.236669 0.185345 0.060511 0.102661 0.153869 0.109446 0.006608 0.203207 0.055284 0.067788 -0.130048 -0.050571 -0.144032 -0.137996 -0.003321 0.132552 -0.359361 -0.276459 -0.180029 -0.176323 -0.006570 -0.049420 -0.050951 -0.131648 -0.170291 -0.324391 0.220746 0.009347 0.010416 0.186115 -0.115182 -0.136808 -0.130114 -0.248899 -0.064042 -0.157675 -0.043025 0.050504 0.291899 -0.107415 -0.146626 -0.158842 -0.314410 -0.021120 -0.012428 -0.381011 -0.050813 0.026930
-0.080741 -0.248630 0.377538 0.386741 -0.009692 -0.115122 0.185684 0.227117 0.058986 0.181884 -0.289504 -0.282717 -0.082490 -0.145924 -0.055575 -0.222761 -0.119900 -0.335736 0.356024 1.000000 -0.653568 -0.655779 -0.144198 0.389704 -0.486498 -0.370546 -0.387939 -0.242836 -0.414206 -0.505485 -0.551104 -0.421191 -0.100980 0.272750 0.252129 0.557708 -0.145120 -0.295258 -0.121929 -0.247466 -0.341385 -0.149723 -0.233957 -0.225050 -0.098809 0.426675 -0.212436 0.387296 0.043615 0.329763 0.070595 0.105269 0.057006 -0.212253 -0.526384 -0.152806 -0.200789 -0.339832 0.221800 0.468202 0.073781 -0.249169 -0.163155 -0.159198 -0.091538 -0.163822 0.407459 0.544586 0.113744 0.685897 -0.268348 -0.014301 -0.554032 -0.610646 -0.552234 -0.079224 -0.498646 0.162562 -0.365989 -0.370009 -0.312935 -0.183679 0.095622 0.294818 -0.468793 -0.284516 -0.128344 -0.244526 -0.044010 0.026768 0.517343 0.457196 0.240062 0.277979 0.261619 0.154785 -0.245413 0.226218 0.137812 0.141749 -0.062102 0.214521 0.131581 0.270605 0.080947 0.268405 0.123614 0.111583 0.140280 -0.181798 0.182198 0.386442 0.170301 -0.228316 0.206916 0.074950
0.090570 0.155512 -0.280147 -0.325677 -0.013351 0.122356 -0.418566 -0.302321 -0.132831 -0.246606 0.087103 0.024244 -0.246095 -0.077338 -0.000164 0.096675 0.303984 0.235977 -0.194126 -0.653568 1.000000 0.798585 0.033814 -0.364624 0.641863 0.453031 0.495689 0.305724 0.253717 0.367532 0.377979 0.359878 -0.079836 -0.338719 -0.106381 -0.408616 0.226964 0.247258 0.242499 0.288732 0.356727 0.118302 0.098934 0.021659 0.012538 -0.489378 0.184681 -0.184017 -0.131043 -0.499310 -0.159216 -0.296641 -0.144102 0.058554 0.599435 0.169968 0.345694 0.472221 -0.159251 -0.417889 -0.208009 0.112883 -0.018427 0.005738 0.058515 0.194260 -0.261449 -0.380896 -0.159214 -0.520540 0.122668 -0.110829 0.481281 0.476618 0.466541 0.036992 0.423803 -0.087108 0.409644 0.334041 0.273460 0.123876 0.124042 -0.097262 0.532306 0.098732 0.231270 0.345928 0.205808 -0.006885 -0.538457 -0.302181 -0.367681 -0.210678 -0.084545 0.011263 0.323310 0.103898 -0.071664 0.027629 -0.108994 -0.111255 -0.075146 -0.095965 0.142659 0.030124 0.097604 -0.017426 0.155880 0.165008 -0.087257 -0.328879 -0.082936 0.215626 0.142266 0.186286
0.099798 0.150281 -0.086000 -0.185243 0.128317 0.286631 -0.280533 -0.150545 -0.011613 -0.148664 0.079174 -0.019883 -0.195277 -0.132498 0.101086 0.055122 0.205413 0.180262 -0.176681 -0.655779 0.798585 1.000000 0.156687 -0.207651 0.731052 0.652277 0.534820 0.443035 0.163099 0.338604 0.443090 0.406771 -0.103305 -0.233932 -0.203189 -0.521090 0.048754 0.230740 0.176309 0.280846 0.199576 -0.110892 0.097077 0.126825 -0.054782 -0.514997 0.027238 -0.197835 -0.200106 -0.454126 -0.218251 -0.196560 -0.179264 0.057041 0.410294 0.127135 0.248888 0.339762 -0.124473 -0.400934 -0.173341 0.235611 -0.039114 -0.054459 0.023823 0.322957 -0.329572 -0.405319 -0.186876 -0.511559 -0.010576 -0.207382 0.314483 0.401037 0.353508 -0.146226 0.235938 -0.321954 0.312229 0.161999 0.179807 0.168046 -0.049789 -0.258384 0.328978 0.153812 0.036997 0.059287 -0.006377 0.089541 -0.390968 -0.231853 -0.176603 -0.097540 -0.135719 0.010080 0.324186 0.055085 -0.104751 0.010338 0.153436 -0.122144 0.173381 -0.008550 0.222857 -0.031902 0.077283 -0.093541 -0.005708 0.096086 -0.183099 -0.373821 -0.076278 0.248618 0.084486 0.214345
-0.031447 0.057910 0.281664 0.433679 0.700909 0.634219 0.288046 0.212114 0.596867 0.291630 0.175877 0.043000 0.244899 0.134829 0.521206 -0.128786 0.177071 0.108533 -0.020876 -0.144198 0.033814 0.156687 1.000000 0.515021 0.239536 0.254635 0.615887 0.656226 0.056532 -0.053335 0.402242 0.286165 -0.182100 -0.139380 -0.384082 -0.413630 -0.282686 -0.333863 -0.361392 -0.396523 -0.289286 -0.138088 -0.138023 -0.131774 -0.496314 -0.480953 -0.208652 -0.405983 -0.349714 -0.330070 -0.320357 -0.100630 0.090268 -0.025357 -0.096831 -0.298460 0.117633 0.311986 -0.378080 -0.362177 -0.183197 0.001881 -0.110312 0.016063 -0.045658 -0.312639 -0.461111 -0.468652 0.121676 -0.093321 0.055338 -0.065210 -0.028506 0.074928 0.023374 -0.201564 -0.146617 -0.358022 -0.027230 0.074675 -0.028099 0.230908 -0.214168 -0.331568 0.033129 0.281237 -0.217086 -0.255139 -0.407858 0.157420 0.046811 -0.264296 0.250120 -0.092566 0.086605 -0.367168 -0.039982 -0.113717 -0.046779 -0.113268 0.129599 0.133753 0.098392 0.071906 0.034047 -0.098440 0.093519 0.244575 -0.332168 -0.229492 -0.388512 -0.237221 0.022771 0.099685 0.005456 -0.052720
-0.421646 -0.436222 0.418897 0.701143 0.402892 0.325393 0.369847 0.489991 0.333885 0.408966 -0.186111 -0.056337 0.036248 0.112215 0.269200 0.068498 -0.266356 -0.393650 -0.143073 0.389704 -0.364624 -0.207651 0.515021 1.000000 -0.000697 0.237498 0.063521 0.271168 -0.281667 -0.361498 0.029958 0.227255 -0.255007 0.178779 0.081944 0.280744 -0.361521 -0.261449 -0.345011 -0.386276 -0.430404 -0.197465 -0.320010 -0.277826 -0.352499 -0.069038 -0.303479 0.014899 -0.272182 -0.144402 -0.236466 -0.213925 -0.019551 -0.134177 -0.484247 -0.316586 -0.315806 -0.355505 -0.111472 0.063976 -0.088474 0.001368 -0.396112 -0.368986 0.024006 0.040769 -0.002343 0.232870 -0.217286 0.197594 -0.203380 -0.003844 -0.527898 -0.456479 -0.395394 -0.314083 -0.690254 -0.366858 -0.301457 -0.302425 -0.326199 0.026538 -0.137470 -0.039868 -0.212401 0.161392 -0.336096 -0.429969 -0.307658 0.271940 0.399387 0.213822 0.500472 0.256373 0.002150 -0.012678 -0.300568 -0.210620 -0.048538 -0.011622 0.144469 0.240546 0.124549 0.135002 -0.057548 -0.042548 -0.130275 0.196827 -0.096567 -0.163136 -0.082618 0.149176 0.200593 0.116597 0.132692 -0.089938
-0.133494 0.034096 -0.087506 -0.103498 0.237622 0.379459 -0.261231 -0.075874 0.088756 -0.047174 -0.114056 -0.049961 -0.180482 -0.024357 0.232249 0.118039 0.296686 0.150083 -0.184657 -0.486498 0.641863 0.731052 0.239536 -0.000697 1.000000 0.788325 0.520240 0.453698 0.299552 0.393524 0.559649 0.540705 -0.080381 0.028238 -0.046004 -0.336115 0.068373 0.075743 0.018988 0.134302 0.124398 -0.106766 0.133699 0.072838 -0.150382 -0.505261 0.031578 -0.196176 -0.396780 -0.572990 -0.186247 -0.264227 -0.253848 -0.175910 0.181713 -0.212601 0.102052 0.271997 -0.426165 -0.489597 -0.375561 0.138686 -0.141285 -0.063266 0.096580 0.176280 -0.461599 -0.411044 -0.151255 -0.385133 0.142737 -0.025173 0.335542 0.346324 0.340231 -0.092742 0.119917 -0.253451 0.339464 0.114010 0.214764 0.239192 -0.029332 -0.176057 0.375594 0.135996 0.014013 -0.055536 -0.102298 -0.138972 -0.324286 -0.341917 -0.094172 -0.146588 -0.045745 -0.000932 0.233609 -0.028773 -0.161936 -0.161717 0.142925 -0.097405 0.127460 -0.054039 0.245968 0.007930 0.158271 0.095194 0.051465 0.021051 -0.147908 -0.354249 0.018140 0.237402 0.178504 -0.025363
-0.339101 -0.158864 0.009556 0.148813 0.411445 0.564450 -0.169742 0.184450 0.203359 0.224452 -0.124643 -0.232626 -0.134872 -0.134027 0.241318 0.039926 0.090244 -0.112039 -0.188263 -0.370546 0.453031 0.652277 0.254635 0.237498 0.788325 1.000000 0.489172 0.626808 0.134220 0.230767 0.502542 0.567490 -0.001337 0.192770 -0.080483 -0.131820 -0.039802 0.098332 0.098732 0.140985 -0.010783 -0.145174 0.016092 0.028745 -0.110940 -0.382547 -0.093707 -0.148904 -0.277134 -0.460894 -0.275804 -0.256839 -0.228097 -0.100652 0.030316 -0.063219 -0.094202 0.014874 -0.291241 -0.349080 -0.254619 0.192343 -0.296088 -0.249627 -0.114484 0.167267 -0.393007 -0.315055 -0.251333 -0.322168 0.053202 0.001575 0.120753 0.198056 0.166859 -0.168567 -0.107755 -0.318693 0.158485 -0.034957 0.031628 0.203813 -0.102206 -0.196625 0.076840 0.063053 -0.045168 -0.168984 -0.310531 -0.102306 -0.156580 -0.234571 0.022569 -0.077897 -0.057328 -0.023914 0.092922 -0.090510 -0.143527 -0.136226 0.167453 -0.100915 0.162150 -0.062474 0.132500 -0.010877 -0.047432 -0.031285 -0.055800 -0.068949 -0.177433 -0.243864 0.084217 0.190279 0.180998 0.001193
-0.037548 0.080342 0.033690 0.106697 0.706872 0.738345 -0.107934 -0.004040 0.532131 0.212619 0.074663 -0.142016 -0.000876 -0.085243 0.366971 -0.228444 0.267340 0.098885 -0.139782 -0.387939 0.495689 0.534820 0.615887 0.063521 0.520240 0.489172 1.000000 0.894054 0.015813 0.010876 0.260696 0.138570 -0.161405 -0.350221 -0.303666 -0.460176 -0.023487 -0.052671 0.007273 -0.054020 -0.173939 -0.178975 -0.012046 -0.060671 -0.381725 -0.610196 -0.013263 -0.352591 -0.203773 -0.427236 -0.293053 -0.128738 0.097466 0.104242 0.332294 -0.005440 0.234987 0.429238 -0.319020 -0.434663 -0.340029 0.042376 -0.202741 -0.028311 -0.179820 -0.118137 -0.402999 -0.490102 0.033448 -0.212970 -0.112016 -0.262612 0.085737 0.209924 0.169728 -0.274505 0.053179 -0.361275 0.167564 0.121987 0.134021 0.192638 -0.168522 -0.358197 0.259175 0.224966 0.098683 0.099061 -0.136494 -0.003294 -0.224385 -0.342057 -0.082351 -0.136149 0.176003 -0.086236 0.241747 0.086269 -0.005987 0.059082 -0.064889 0.073498 0.086037 0.096798 0.238871 0.086234 0.301368 0.048833 -0.145235 -0.079520 -0.248764 -0.285836 0.012445 0.081782 0.291340 0.236019
-0.184890 -0.013742 0.170296 0.348004 0.858198 0.896457 -0.019426 0.268213 0.667427 0.391392 -0.011036 -0.235186 0.023505 -0.094558 0.401533 -0.308973 0.198071 -0.048445 -0.085071 -0.242836 0.305724 0.443035 0.656226 0.271168 0.453698 0.626808 0.894054 1.000000 -0.070734 -0.058359 0.238024 0.161014 -0.132713 -0.177594 -0.331301 -0.323545 -0.134989 -0.081893 -0.006786 -0.077678 -0.297092 -0.263280 -0.077801 -0.078841 -0.410100 -0.531795 -0.115138 -0.313539 -0.253310 -0.394648 -0.436375 -0.133715 0.047028 0.070085 0.154794 -0.012843 0.081801 0.261375 -0.337767 -0.328397 -0.338957 0.084789 -0.283128 -0.092630 -0.362577 -0.202095 -0.403978 -0.431305 -0.045637 -0.163557 -0.097395 -0.177999 -0.052693 0.085174 0.032269 -0.308551 -0.109895 -0.402477 0.055162 0.020802 0.054572 0.223174 -0.248075 -0.420100 0.025179 0.154193 -0.034205 -0.124647 -0.373718 0.000949 -0.051877 -0.292136 0.083966 -0.099288 0.162884 -0.123665 0.119826 0.055559 0.023928 0.027344 0.077230 0.086900 0.194936 0.104326 0.205159 0.062199 0.193775 -0.006654 -0.207585 -0.111644 -0.287559 -0.181598 0.064538 0.043353 0.231679 0.194470
-0.007762 0.446524 -0.448668 -0.360338 -0.121759 0.008688 -0.226264 -0.276502 -0.168712 -0.188314 0.350215 0.461880 0.227274 0.477481 0.192311 0.318902 0.395990 0.641480 0.124387 -0.414206 0.253717 0.163099 0.056532 -0.281667 0.299552 0.134220 0.015813 -0.070734 1.000000 0.839946 0.676927 0.586565 0.371735 0.262953 -0.389115 -0.532984 0.352875 0.014264 -0.058719 0.017960 0.635927 0.393129 0.193975 0.097710 0.014867 -0.371236 0.276786 -0.402653 -0.240939 -0.299469 -0.064931 -0.120634 -0.157855 -0.145904 0.197855 -0.073991 -0.042684 0.213259 -0.512966 -0.496207 -0.013090 0.242548 0.358808 0.577176 -0.020118 -0.162661 -0.671576 -0.720441 0.087880 -0.439853 0.420804 0.217113 0.824932 0.619059 0.638929 0.573114 0.498518 0.009837 0.454036 0.482923 0.501031 0.402260 0.159465 0.081806 0.277986 0.175184 -0.017339 0.034186 -0.209641 -0.396508 -0.494663 -0.644938 -0.240204 -0.445138 -0.255669 -0.151924 0.124358 -0.306471 -0.249333 -0.511189 0.025961 -0.289532 -0.234424 -0.438823 -0.365544 -0.434407 0.007346 0.110461 -0.268823 -0.024012 -0.428761 -0.261889 -0.098337 0.113386 -0.185304 -0.432982
0.084291 0.508614 -0.351494 -0.394558 -0.162915 0.074577 -0.174750 -0.140896 -0.206942 -0.120913 0.386292 0.501385 0.226598 0.492390 0.068291 0.389423 0.257346 0.662340 0.088613 -0.505485 0.367532 0.338604 -0.053335 -0.361498 0.393524 0.230767 0.010876 -0.058359 0.839946 1.000000 0.653376 0.606855 0.326118 0.219249 -0.422551 -0.556725 0.157160 0.023946 -0.080844 0.054736 0.547323 0.407870 0.101102 0.048029 -0.005307 -0.388027 0.209726 -0.416227 -0.115353 -0.265639 -0.140938 -0.065358 -0.262456 -0.146651 0.231102 -0.092714 -0.031076 0.244291 -0.352941 -0.358919 0.021420 0.388868 0.336714 0.548334 -0.085159 -0.082979 -0.632973 -0.681658 0.013007 -0.543585 0.269987 0.163819 0.752214 0.668408 0.638187 0.490937 0.456014 -0.104927 0.391416 0.466932 0.329742 0.337992 0.098939 0.011995 0.175938 0.011129 -0.029020 -0.083240 -0.146883 -0.359531 -0.441658 -0.551170 -0.131856 -0.365515 -0.318641 -0.044449 0.230242 -0.270231 -0.142130 -0.440416 0.236388 -0.188514 -0.036412 -0.294309 -0.214798 -0.389261 -0.061986 0.037696 -0.130359 -0.031702 -0.366782 -0.272640 -0.189286 0.225073 -0.169083 -0.336355
-0.035193 0.286742 -0.167017 -0.023078 0.101525 0.237054 0.043468 -0.015288 -0.033975 -0.106349 0.192225 0.313828 0.127362 0.331603 0.227633 0.253888 0.165924 0.343622 0.094343 -0.551104 0.377979 0.443090 0.402242 0.029958 0.559649 0.502542 0.260696 0.238024 0.676927 0.653376 1.000000 0.849066 0.319652 0.275400 -0.448538 -0.532236 0.054493 -0.073072 -0.009114 0.029649 0.340006 0.219777 0.106761 -0.003635 -0.188825 -0.543928 0.112627 -0.493601 -0.385060 -0.533137 -0.231363 -0.281099 -0.126099 -0.043802 0.148148 -0.035169 -0.034902 0.221104 -0.542402 -0.622497 -0.062167 0.288926 0.108863 0.302965 0.111961 -0.095209 -0.690258 -0.760289 0.024046 -0.538721 0.352910 0.202710 0.624178 0.609083 0.531972 0.323660 0.321637 -0.185536 0.251789 0.304816 0.169502 0.230840 -0.049465 -0.109044 0.181375 0.198523 -0.185218 -0.082662 -0.284503 -0.241311 -0.375831 -0.575103 -0.066793 -0.371067 -0.156227 -0.249356 0.165977 -0.288733 -0.238527 -0.405751 0.181704 -0.208123 -0.067140 -0.343114 -0.209223 -0.347025 0.003981 0.113902 -0.331088 -0.107346 -0.498469 -0.357851 -0.067679 0.204140 -0.101345 -0.314410
-0.225850 0.018214 -0.115492 0.091553 0.038114 0.178938 0.031351 0.171387 -0.091696 -0.030711 0.057588 0.255802 0.040379 0.346558 0.090056 0.322558 0.018132 0.207212 -0.084633 -0.421191 0.359878 0.406771 0.286165 0.227255 0.540705 0.567490 0.138570 0.161014 0.586565 0.606855 0.849066 1.000000 0.262731 0.435834 -0.291026 -0.356851 -0.009609 -0.064765 -0.087021 -0.055969 0.362063 0.227725 -0.024999 -0.068945 -0.122522 -0.429609 0.022555 -0.363252 -0.399521 -0.497143 -0.251222 -0.334857 -0.077398 -0.147288 0.084988 -0.113888 -0.087398 0.034198 -0.436066 -0.423122 -0.077696 0.339067 0.048482 0.145536 0.040436 0.023627 -0.513130 -0.532334 -0.149926 -0.436905 0.162542 0.161013 0.398652 0.350660 0.355018 0.216973 0.056195 -0.286451 0.146147 0.153436 0.045543 0.191241 0.014252 -0.040522 0.124352 0.161725 -0.239066 -0.186894 -0.249974 -0.168801 -0.204811 -0.403759 0.057627 -0.252003 -0.227700 -0.113090 0.081409 -0.369629 -0.158350 -0.296169 0.186614 -0.116064 -0.015442 -0.195019 -0.191524 -0.294479 -0.124054 0.176232 -0.217702 -0.102245 -0.375725 -0.234609 0.019567 0.285229 -0.021405 -0.301919
0.124646 0.230415 -0.137685 -0.010584 -0.139946 -0.053972 0.155039 0.172999 -0.156142 -0.038520 0.081460 0.167166 0.168484 0.254912 -0.263611 0.103587 -0.179548 0.165887 0.210481 -0.100980 -0.079836 -0.103305 -0.182100 -0.255007 -0.080381 -0.001337 -0.161405 -0.132713 0.371735 0.326118 0.319652 0.262731 1.000000 0.609143 -0.285526 -0.141378 0.070116 0.016187 0.157298 0.151345 0.221951 0.237580 0.072177 0.028521 0.040800 -0.135516 0.155060 -0.292768 0.000906 -0.023360 -0.062351 0.057555 -0.112280 0.015912 0.023894 0.381142 -0.184526 -0.161578 -0.137294 -0.015638 0.120584 0.138950 0.353333 0.454052 -0.227861 -0.171496 -0.082931 -0.318044 0.169881 -0.167245 0.058490 0.037252 0.325483 0.191286 0.166406 0.440714 0.161061 -0.049035 0.094178 0.030866 0.101223 0.099498 -0.264731 0.084289 -0.371346 -0.102953 -0.175085 -0.022495 -0.145186 -0.236142 -0.213460 -0.387650 -0.236592 -0.425791 -0.059623 0.044511 0.129253 -0.090345 -0.063887 -0.232422 -0.140157 -0.227987 -0.258938 -0.300562 -0.326497 -0.179875 -0.036798 -0.102060 -0.251002 -0.115667 -0.303433 0.039735 0.090209 -0.086369 -0.133442 -0.224855
-0.218625 -0.089952 0.068314 0.193371 -0.104532 -0.026459 0.155033 0.337479 -0.111632 0.054619 -0.198621 -0.052450 0.011962 0.125141 -0.128967 0.068585 -0.192737 -0.053553 0.172801 0.272750 -0.338719 -0.233932 -0.139380 0.178779 0.028238 0.192770 -0.350221 -0.177594 0.262953 0.219249 0.275400 0.435834 0.609143 1.000000 -0.008260 0.176703 -0.052338 -0.121611 -0.051044 -0.048257 0.123677 0.047398 -0.084822 -0.063319 0.115115 0.131381 -0.074618 -0.067047 -0.162414 -0.039080 -0.029687 -0.009829 -0.151461 -0.239508 -0.336370 -0.019477 -0.350113 -0.419934 -0.123878 0.069600 0.094044 0.087833 0.058877 0.163176 -0.076894 -0.045437 -0.043309 -0.067460 0.091217 0.078306 -0.062498 0.132457 0.012671 -0.148979 -0.122697 0.236596 -0.210506 -0.044989 -0.034725 -0.194601 -0.068685 0.096673 -0.098309 0.168045 -0.432687 -0.182915 -0.315702 -0.364613 -0.294730 -0.324687 0.112804 -0.141580 0.064360 -0.205129 0.020221 0.052610 -0.051242 -0.119043 -0.086031 -0.230520 0.062658 -0.059569 0.000946 -0.048858 -0.166933 -0.121750 0.016903 0.112484 -0.239301 -0.221767 -0.177044 0.074542 0.115140 -0.009340 -0.019956 -0.320390
-0.182871 -0.496754 -0.107266 -0.196700 -0.228287 -0.334845 -0.112586 -0.058744 -0.126850 -0.008497 -0.387115 -0.339048 -0.325215 -0.294670 -0.188933 -0.038519 -0.062198 -0.365398 -0.370248 0.252129 -0.106381 -0.203189 -0.384082 0.081944 -0.046004 -0.080483 -0.303666 -0.331301 -0.389115 -0.422551 -0.448538 -0.291026 -0.285526 -0.008260 1.000000 0.674393 0.021735 0.008942 0.044907 0.059669 -0.038690 -0.205880 -0.132435 -0.183185 0.403890 0.504743 -0.158791 0.339897 0.154701 0.206114 0.242304 -0.049361 -0.153961 -0.050643 -0.209680 -0.107940 -0.010885 -0.262440 0.368189 0.342803 0.142357 -0.109409 -0.254465 -0.356311 0.401738 0.277160 0.586226 0.678794 -0.419756 0.119752 -0.021943 -0.050382 -0.341306 -0.461075 -0.366780 -0.367838 -0.254224 0.194110 -0.122905 -0.340718 -0.141249 -0.185445 0.142560 0.222783 0.139830 -0.094475 0.098012 0.114811 0.244270 0.015018 0.141531 0.454476 -0.023206 0.384913 0.109364 0.115717 -0.194823 0.066398 -0.039587 0.284918 -0.098608 0.252869 0.005567 0.203365 0.157414 0.231918 -0.046162 0.200018 0.384940 0.014381 0.345758 0.085551 -0.051998 -0.028948 0.138765 -0.016074
-0.301986 -0.494812 0.071703 0.174482 -0.189938 -0.255992 0.053426 0.137251 -0.140030 0.187931 -0.393102 -0.299254 -0.218425 -0.214343 -0.144555 0.021988 -0.326687 -0.616114 -0.098223 0.557708 -0.408616 -0.521090 -0.413630 0.280744 -0.336115 -0.131820 -0.460176 -0.323545 -0.532984 -0.556725 -0.532236 -0.356851 -0.141378 0.176703 0.674393 1.000000 -0.042032 -0.005736 0.164618 0.024107 -0.338089 -0.155539 -0.149816 -0.127138 0.317796 0.660412 -0.145382 0.458046 0.228160 0.352193 0.223172 0.075532 -0.114856 -0.112782 -0.339738 -0.010259 -0.356250 -0.525586 0.281801 0.415122 0.042349 -0.270490 -0.411178 -0.508135 0.093429 0.161681 0.592217 0.775016 -0.170576 0.400053 -0.112553 0.085264 -0.520602 -0.587486 -0.482096 -0.194383 -0.448033 0.211569 -0.317706 -0.402668 -0.333678 -0.355937 0.192868 0.339827 -0.134294 -0.287409 0.182676 0.080292 0.199337 0.010188 0.313997 0.493138 0.057856 0.254462 0.181883 0.290909 -0.310834 0.155128 0.028600 0.130343 -0.129996 0.078509 -0.048683 0.064930 0.059647 0.229972 -0.094859 -0.030806 0.346551 0.131487 0.487774 0.235434 0.026724 -0.232357 0.129597 0.064874
