1.000000 0.503906 -0.136991 -0.164578 -0.213516 -0.182534 0.067230 -0.329200 -0.056180 -0.141232 0.427073 0.416248 0.395397 0.121295 0.123225 0.245136 0.143531 0.312693 0.389182 0.147206 -0.272993 -0.387325 -0.166124 -0.311938 -0.435417 -0.440531 -0.276878 -0.365982 0.268012 0.184573 -0.014656 -0.087167 0.335974 0.317930 -0.412496 -0.079040 0.079811 -0.059971 0.096729 0.108395 0.110002 0.012425 -0.318706 -0.124527 0.016554 -0.124441 -0.231339 -0.135050 -0.053753 -0.065175 -0.213669 0.058392 0.197131 -0.034308 -0.035861 0.120229 0.260852 0.233870 0.328319 -0.050825 0.385086 0.207853 0.313916 0.325364 0.095260 -0.101210 -0.085438 -0.392353 0.217847 -0.110571 -0.260167 -0.390818 -0.007847 -0.058350 -0.148345 0.059723 0.004488 -0.051693 0.052067 0.069317 0.087285 0.247909 -0.112002 0.381769 -0.093116 -0.116175 -0.229539 -0.021606 -0.104522 0.044488 -0.102075 -0.259981 -0.255825 -0.255521 0.013456 -0.107508 -0.017345 -0.022103 -0.173761 0.044059 -0.090135 -0.068118 -0.096292 0.004745 -0.105041 0.046574 0.190938 0.154235 -0.074504 -0.216129 -0.253994 -0.125069 -0.090782 -0.080870 -0.074905 0.231068
0.503906 1.000000 -0.598077 -0.051180 -0.438770 -0.147523 -0.438333 -0.376128 -0.545119 -0.325999 0.268990 0.581107 0.247481 0.263655 -0.125367 0.459317 0.351220 0.549447 -0.013168 0.072710 -0.137081 -0.210385 -0.274039 -0.192638 -0.492541 -0.445037 -0.291729 -0.299400 0.244221 0.430888 -0.442285 -0.398460 0.464649 0.279962 -0.420308 -0.312047 0.209078 0.233620 -0.086083 0.169671 0.205058 0.143733 -0.322288 -0.068035 -0.175295 -0.282746 -0.227262 -0.221120 -0.087649 -0.144429 -0.143989 -0.028611 0.141809 -0.324220 0.076538 -0.029715 0.355464 0.559889 0.068436 0.203695 0.211378 0.352385 0.425787 0.490372 -0.401665 -0.134854 0.030417 -0.245855 0.476660 0.113225 -0.176412 -0.306143 0.213276 0.257034 0.056887 0.222868 0.333036 0.189324 0.330830 0.381568 0.385324 0.446482 -0.295321 0.139507 -0.199049 0.055466 -0.426306 -0.090992 -0.232181 0.018911 -0.176159 -0.448541 -0.236982 -0.366296 -0.171744 -0.182476 -0.005827 -0.161406 -0.041160 0.038812 0.130916 -0.089051 -0.041818 -0.203091 0.091949 0.080443 0.114302 -0.007407 -0.119705 -0.313499 -0.316992 -0.028110 0.211719 -0.112533 0.015381 0.147052
-0.136991 -0.598077 1.000000 0.191841 0.249644 0.076317 0.680881 0.477497 0.446920 0.240193 -0.181374 -0.350773 -0.181107 -0.169584 0.061358 -0.429468 -0.391477 -0.456896 0.360839 0.158839 0.239968 0.142754 0.221611 0.140667 0.213203 0.206681 0.063263 0.064139 -0.281125 -0.497855 0.432401 0.438379 -0.295285 -0.054891 0.303162 0.289750 -0.251970 -0.352170 -0.259890 -0.357898 -0.241548 -0.121310 0.032688 -0.200192 -0.036009 0.047106 -0.031176 -0.046394 -0.058423 -0.138758 0.035549 -0.030130 -0.074413 0.123231 -0.309106 -0.333353 -0.330580 -0.553642 0.059138 -0.066897 0.104654 -0.087440 -0.304984 -0.309478 0.446904 0.198449 0.026520 0.306117 -0.456314 -0.151368 -0.060267 0.042043 -0.270777 -0.228859 -0.051837 -0.087457 -0.360395 -0.201966 -0.321351 -0.443192 -0.363018 -0.445461 0.284257 0.051796 0.183468 -0.018102 0.437615 -0.048693 0.308317 0.086838 0.184710 0.431624 0.266318 0.388912 0.112014 0.047557 -0.225758 0.090017 -0.250271 -0.150940 -0.037757 0.335259 0.182269 0.245845 -0.078617 0.117823 -0.090129 0.091325 0.178420 0.148193 0.198312 0.054133 -0.099632 0.031988 0.082939 -0.146950
-0.164578 -0.051180 0.191841 1.000000 0.251178 0.447891 -0.065516 0.281073 -0.181878 -0.154600 0.050935 0.160730 -0.229176 0.063779 0.424859 -0.118325 -0.351207 -0.452513 0.015889 0.087738 -0.197684 -0.035677 0.716795 0.727525 0.126277 0.579888 0.439253 0.481488 -0.543376 -0.447990 0.131401 0.146571 -0.434020 -0.180412 0.013567 0.019909 -0.356583 -0.239378 -0.182332 -0.314112 -0.217986 -0.212034 0.023631 0.115699 0.097318 0.343391 0.082152 -0.187917 0.186131 0.128811 0.367881 0.090006 0.175950 0.049884 0.326748 0.046077 -0.203448 -0.191482 -0.196921 -0.169411 -0.372129 -0.070814 -0.377497 -0.384034 0.144957 0.291808 -0.386839 -0.012602 -0.092504 -0.221764 -0.273788 -0.199666 -0.490992 -0.388572 -0.295430 -0.342278 -0.344380 -0.366923 -0.263195 -0.196722 -0.435489 -0.443240 0.506592 0.378101 0.300884 0.201846 0.302302 0.440594 0.593786 0.650577 -0.213990 -0.208273 0.290434 0.091405 -0.077915 -0.265859 -0.088989 -0.134956 -0.172337 -0.509335 0.058896 -0.181012 -0.310418 -0.316422 -0.250907 -0.188256 -0.282535 -0.198520 -0.187123 -0.290910 -0.328108 -0.125142 0.084193 -0.199662 -0.084723 -0.053406
-0.213516 -0.438770 0.249644 0.251178 1.000000 0.652319 0.290712 0.295404 0.356831 0.295338 0.125526 -0.019866 0.163968 0.177383 0.172736 -0.204878 -0.303273 -0.445325 -0.299012 -0.188522 -0.100003 0.005230 0.289281 0.230938 0.544116 0.433137 0.715743 0.667299 -0.423844 -0.510527 0.023826 -0.014324 -0.549330 -0.383035 -0.027338 0.150570 -0.253351 -0.271967 0.220249 -0.023237 -0.191326 -0.405228 0.210036 0.109129 0.234338 0.322242 0.163132 0.027996 0.384624 0.301821 0.268720 0.158220 0.148019 0.180221 0.260075 0.145305 -0.449182 -0.465478 0.202984 0.020367 0.017058 0.019136 -0.387732 -0.380000 0.247991 0.377155 -0.131156 0.098438 -0.399797 -0.080387 -0.114186 -0.157811 -0.428865 -0.563147 -0.296306 -0.428322 -0.435622 -0.424628 -0.415210 -0.463876 -0.452969 -0.522716 0.138700 0.048381 0.100805 -0.127639 0.142412 0.484637 0.402299 0.242797 -0.053009 0.065322 0.096180 0.069358 0.149774 -0.053898 0.015265 0.081958 -0.096412 -0.352041 -0.225910 0.031768 -0.375510 0.056160 -0.118953 -0.206590 -0.147049 0.017794 0.119058 -0.031061 -0.008203 -0.186211 -0.070926 -0.070880 -0.109020 0.023778
-0.182534 -0.147523 0.076317 0.447891 0.652319 1.000000 0.212901 0.514628 0.148614 0.427290 0.205637 0.347336 0.259496 0.501723 0.086492 0.066701 -0.473451 -0.348905 -0.255993 -0.255178 -0.008752 0.123118 0.223473 0.394399 0.354729 0.445870 0.581167 0.697798 -0.582613 -0.375958 -0.208896 -0.065598 -0.509264 -0.113340 -0.030135 0.182359 -0.331620 -0.219037 0.053784 -0.087535 -0.142373 -0.340056 0.192151 0.149863 -0.007639 0.148819 0.031387 -0.096367 0.329581 0.098300 0.208853 0.000145 0.220550 -0.006425 0.219929 0.134485 -0.382405 -0.332735 0.281902 0.179514 0.045647 0.235223 -0.387259 -0.337816 -0.046874 0.517996 -0.084600 0.172927 -0.252262 -0.025842 -0.252747 -0.248507 -0.540546 -0.486510 -0.297522 -0.381062 -0.392115 -0.363231 -0.472576 -0.384602 -0.611326 -0.581910 0.034902 0.034850 -0.042649 -0.218780 0.036937 0.512748 0.373696 0.514086 -0.100602 -0.128110 0.250604 0.140062 -0.007952 -0.136150 -0.004035 -0.030185 -0.231836 -0.496997 -0.120388 -0.115562 -0.307143 0.022789 -0.126660 -0.299813 -0.137398 -0.044260 0.119936 -0.235847 -0.249314 -0.182958 0.029240 -0.132438 -0.101331 -0.008439
0.067230 -0.438333 0.680881 -0.065516 0.290712 0.212901 1.000000 0.585879 0.709412 0.524423 0.062530 -0.027643 0.371642 0.183518 -0.015109 -0.262590 -0.486349 -0.267757 0.189697 -0.101816 0.107790 0.150430 -0.119523 -0.180545 0.138528 -0.001869 -0.086837 -0.062567 -0.149788 -0.314344 0.252969 0.376886 -0.321577 0.181863 0.182935 0.428569 -0.228377 -0.420994 0.008062 -0.197350 -0.171607 -0.282358 0.066831 -0.119117 -0.061207 -0.081893 -0.098402 -0.031986 0.005144 -0.155651 -0.208809 -0.137618 -0.030636 0.116137 -0.312934 -0.170950 -0.428501 -0.633325 0.308496 -0.042273 0.492945 0.173089 -0.368408 -0.301672 0.491402 0.354500 0.037349 0.142084 -0.466233 -0.121297 0.051655 -0.017013 -0.277033 -0.194997 -0.139213 0.024897 -0.343032 -0.159315 -0.443655 -0.447478 -0.454122 -0.384038 -0.003191 0.076707 -0.099258 -0.076671 0.218728 0.076074 0.141779 -0.027622 0.219237 0.282078 0.279831 0.197220 0.086449 0.123157 -0.061483 0.116410 -0.230196 -0.055085 -0.141890 0.154255 0.071534 0.346929 -0.126489 -0.060408 0.062964 0.168705 0.157768 0.194063 -0.008834 0.153321 -0.103953 0.128412 0.020183 -0.010870
-0.329200 -0.376128 0.477497 0.281073 0.295404 0.514628 0.585879 1.000000 0.423887 0.677103 -0.071180 0.000815 0.124915 0.275802 0.046810 -0.227125 -0.701979 -0.480425 -0.031830 -0.210888 0.188299 0.305735 0.039457 0.144628 0.251296 0.335538 0.146175 0.280359 -0.452322 -0.331674 0.176579 0.468206 -0.498304 0.183412 0.275347 0.360488 -0.345856 -0.356463 -0.202348 -0.217294 -0.229814 -0.259240 0.271890 0.163086 -0.024393 0.002304 0.089010 0.110609 0.191694 0.010733 -0.004227 -0.030698 -0.008666 0.190913 -0.199135 -0.062475 -0.488347 -0.565461 0.070695 0.108237 0.113762 0.171532 -0.553779 -0.516941 0.178047 0.461615 -0.119669 0.217969 -0.380403 -0.095394 0.068083 0.087198 -0.404121 -0.103774 -0.104581 0.048571 -0.161090 0.005257 -0.461085 -0.372820 -0.632912 -0.618273 0.141228 -0.115057 -0.063295 -0.224332 0.267938 0.240589 0.242086 0.037242 0.151346 0.047949 0.370279 0.091958 -0.223974 -0.016994 0.049346 -0.106104 -0.181116 -0.314499 -0.032313 -0.088695 0.074497 0.130046 -0.236563 -0.278953 -0.145968 -0.016650 0.055204 -0.108379 -0.075487 0.214665 -0.094255 0.196337 -0.050401 -0.182554
-0.056180 -0.545119 0.446920 -0.181878 0.356831 0.148614 0.709412 0.423887 1.000000 0.591254 0.025532 -0.196415 0.225548 0.005640 0.041538 -0.205419 -0.325400 -0.118569 0.080897 0.080740 0.077853 0.090375 -0.183262 -0.201014 0.055971 -0.107387 -0.016842 -0.114126 0.041112 -0.076050 0.115698 0.186643 -0.364417 -0.046901 -0.028022 0.075108 0.008770 -0.225558 0.050308 -0.128067 -0.167932 -0.105062 0.075363 -0.114210 -0.072462 -0.088131 0.014324 0.138879 0.098290 0.044938 -0.171152 0.008542 0.058226 0.230486 -0.101324 -0.021559 -0.471490 -0.519528 0.269653 -0.027029 0.360004 0.165650 -0.267143 -0.174793 0.449480 0.118208 -0.052032 -0.081052 -0.360392 -0.012849 0.177521 0.028727 -0.050576 -0.133046 0.056707 -0.098842 -0.193177 -0.139987 -0.404892 -0.295185 -0.394486 -0.264150 -0.008978 0.101266 -0.101956 -0.231143 0.078482 0.029490 0.065958 -0.013168 0.335996 0.423790 0.173153 0.239139 0.257340 0.083795 0.051525 0.235502 -0.156683 -0.019294 -0.176090 0.205872 0.129007 0.385119 -0.013930 -0.014967 0.121281 0.180440 0.168029 0.253428 0.097634 0.115565 -0.174731 0.114729 0.131849 0.055028
-0.141232 -0.325999 0.240193 -0.154600 0.295338 0.427290 0.524423 0.677103 0.591254 1.000000 0.114249 0.112822 0.310666 0.379735 0.015000 0.135734 -0.405073 -0.124629 -0.047296 -0.227944 0.103293 0.247879 -0.373087 -0.285535 -0.004970 -0.130546 -0.015047 0.064658 -0.129123 0.014522 -0.173110 0.112581 -0.330002 0.032491 -0.057539 0.154110 -0.053539 -0.144323 -0.023537 -0.108770 -0.075063 -0.178693 0.103587 -0.053784 0.009813 -0.172958 0.024095 0.102766 0.303148 0.115418 -0.006100 0.193068 0.187370 0.384629 -0.171674 0.021844 -0.537349 -0.504987 0.321047 0.315006 0.247096 0.276178 -0.381013 -0.289427 0.115914 0.307778 0.182070 0.103365 -0.399577 0.148372 0.248089 0.059410 -0.142894 0.072525 0.147427 0.114700 0.009545 0.009739 -0.536887 -0.431868 -0.525529 -0.411249 -0.182399 -0.070936 -0.157191 -0.307904 -0.096231 0.052296 -0.063528 -0.124385 0.330819 0.178955 0.238836 0.131154 -0.142676 -0.132797 -0.015248 -0.023716 -0.157855 -0.187100 -0.081375 0.041295 0.180773 0.370100 -0.101586 -0.265110 0.000422 0.037478 0.172360 -0.037837 -0.070117 0.052507 -0.204366 0.254585 -0.061614 -0.091244
0.427073 0.268990 -0.181374 0.050935 0.125526 0.205637 0.062530 -0.071180 0.025532 0.114249 1.000000 0.700717 0.620771 0.608002 0.537424 0.310561 -0.052929 0.079639 0.106729 -0.006856 -0.412831 -0.437716 0.153502 -0.021340 -0.283661 -0.125072 -0.045603 -0.088770 0.026792 0.034621 -0.086575 -0.047650 -0.150039 -0.028675 -0.317169 -0.043181 -0.050845 -0.148903 -0.014157 -0.085339 -0.000528 -0.343355 -0.257754 -0.217592 0.103013 -0.062406 -0.272439 -0.356287 0.159710 0.173004 0.157602 0.215766 0.391186 0.185144 0.120010 0.106392 -0.131959 -0.064553 0.341882 0.040659 0.147079 0.204437 -0.194009 -0.127932 0.153618 0.180924 -0.056990 -0.273446 -0.170644 -0.101775 -0.104438 -0.352079 -0.312867 -0.219824 -0.122553 -0.069866 0.088476 -0.177802 -0.292886 -0.160734 -0.295648 -0.138227 0.194549 0.408971 0.269693 0.035032 -0.095856 0.461214 0.198660 0.218672 -0.170444 -0.175462 0.042628 -0.163953 -0.284159 -0.381942 -0.149233 -0.363883 -0.197115 -0.347847 -0.126388 -0.057485 -0.239453 -0.105799 -0.090343 -0.300452 -0.100273 0.030782 -0.025929 -0.388895 -0.473772 -0.141964 -0.096457 -0.134808 -0.351713 0.138052
0.416248 0.581107 -0.350773 0.160730 -0.019866 0.347336 -0.027643 0.000815 -0.196415 0.112822 0.700717 1.000000 0.637641 0.780718 0.199562 0.486407 -0.126246 0.309092 -0.124518 -0.223829 -0.225049 -0.228330 -0.030298 -0.066833 -0.305728 -0.175774 -0.032211 -0.034219 -0.073887 0.164802 -0.410172 -0.226289 -0.056079 0.135148 -0.414558 -0.051810 0.002755 0.004027 -0.028389 0.004360 -0.033401 -0.193382 -0.213183 -0.118890 -0.037354 -0.170440 -0.260261 -0.358798 0.194793 -0.036692 0.111293 0.099628 0.344562 -0.071247 0.074897 0.033348 -0.143085 -0.024195 0.346065 0.236153 0.315158 0.487265 -0.080568 0.046118 -0.143008 0.343305 -0.020693 -0.158842 -0.060786 -0.138315 -0.062057 -0.284026 -0.246733 -0.073434 -0.122350 0.007202 0.141185 -0.044278 -0.263954 -0.117484 -0.197371 -0.056152 -0.109651 0.258927 0.025913 0.058927 -0.239163 0.366718 0.046149 0.273940 -0.121909 -0.371286 0.136427 -0.238995 -0.310989 -0.334244 -0.111884 -0.310938 -0.256807 -0.393039 0.015291 -0.181903 -0.109342 -0.117453 -0.101663 -0.281584 -0.163667 0.070229 0.006377 -0.440431 -0.501161 -0.185547 0.107141 -0.079153 -0.151938 0.034736
0.395397 0.247481 -0.181107 -0.229176 0.163968 0.259496 0.371642 0.124915 0.225548 0.310666 0.620771 0.637641 1.000000 0.694055 0.081892 0.289375 -0.260055 0.228411 -0.112731 -0.379944 -0.211106 -0.089288 -0.285253 -0.274695 -0.005573 -0.201612 -0.118260 -0.084818 0.056440 0.080443 -0.253590 -0.024008 -0.131912 0.297321 -0.210186 0.201545 -0.044526 -0.011061 0.243633 0.240015 0.060612 -0.217612 -0.173350 -0.114777 -0.155103 -0.288635 -0.342825 -0.235916 -0.003263 -0.110901 -0.214658 -0.024448 0.194424 0.032963 -0.013021 0.016817 -0.217485 -0.163391 0.342669 0.149691 0.557991 0.412354 -0.141274 0.020798 0.115846 0.409638 0.035998 -0.064322 -0.211518 -0.062984 0.014362 -0.251540 -0.223885 -0.145407 -0.173070 0.077059 0.075973 0.014688 -0.237465 -0.092042 -0.214226 -0.035583 -0.223050 0.090024 -0.109600 -0.087123 -0.094824 0.292996 -0.056590 -0.016075 -0.011973 -0.150731 0.067000 -0.249184 -0.111955 -0.054207 0.105970 -0.133702 -0.205724 -0.170889 -0.011475 -0.116396 -0.092958 0.104834 0.000705 -0.230687 0.063347 0.152153 -0.045528 -0.168657 -0.328370 -0.062897 -0.046059 0.102886 -0.065155 0.197134
0.121295 0.263655 -0.169584 0.063779 0.177383 0.501723 0.183518 0.275802 0.005640 0.379735 0.608002 0.780718 0.694055 1.000000 0.151138 0.385981 -0.331995 0.087127 -0.214434 -0.366900 -0.164624 -0.035924 -0.200502 -0.107434 -0.049147 -0.018942 -0.006590 0.113783 -0.238164 -0.007720 -0.450528 -0.164249 -0.257882 0.085868 -0.128342 0.212247 -0.130386 -0.073670 0.034442 0.096977 -0.161124 -0.314464 -0.163965 -0.149411 -0.189870 -0.258275 -0.368828 -0.336133 0.060272 -0.174507 0.076295 -0.014876 0.316855 -0.044195 -0.102536 -0.107506 -0.279365 -0.271818 0.355218 0.311153 0.388320 0.459905 -0.254844 -0.143033 -0.063613 0.658897 0.157648 0.217391 -0.263764 0.056746 0.033218 -0.200199 -0.373733 -0.156622 -0.131157 0.056632 0.095713 -0.016771 -0.388851 -0.292215 -0.342502 -0.275264 -0.179898 0.073987 -0.029128 0.126181 -0.153836 0.421124 0.065914 0.233702 0.039043 -0.162738 0.331852 -0.124805 -0.240468 -0.181424 -0.014202 -0.248159 -0.280196 -0.343632 0.057839 -0.142027 -0.052713 0.088183 0.026780 -0.239508 -0.062803 -0.011906 -0.028683 -0.311750 -0.356878 -0.137574 -0.002101 -0.080506 -0.128756 0.027030
0.123225 -0.125367 0.061358 0.424859 0.172736 0.086492 -0.015109 0.046810 0.041538 0.015000 0.537424 0.199562 0.081892 0.151138 1.000000 0.017558 -0.134664 -0.345372 0.331906 0.298881 -0.512141 -0.468305 0.492641 0.230368 -0.198481 0.205395 0.120442 0.073906 -0.007657 -0.196445 0.270675 0.185585 -0.326816 -0.247096 -0.131195 -0.015578 -0.077305 -0.275198 -0.051021 -0.253843 -0.111088 -0.353012 -0.209091 -0.189912 0.238756 0.215566 -0.020780 -0.226037 0.115394 0.278918 0.289678 0.309220 0.295780 0.382177 0.180643 0.058250 -0.118187 -0.132258 -0.054967 -0.186135 -0.386926 -0.253945 -0.413448 -0.440409 0.435056 0.046608 -0.216801 -0.149990 -0.161224 -0.087107 -0.154422 -0.235049 -0.362485 -0.297096 -0.062697 -0.210821 -0.121513 -0.316315 -0.342528 -0.326035 -0.431436 -0.363094 0.662303 0.684967 0.448791 0.266882 0.147252 0.477969 0.490996 0.187248 -0.044307 -0.032772 0.223449 -0.019766 -0.185470 -0.256813 -0.191432 -0.246158 -0.025394 -0.302585 0.066200 -0.072014 -0.200077 -0.170578 -0.179418 -0.296648 -0.143230 -0.178655 -0.227417 -0.269635 -0.387738 -0.083923 -0.058669 -0.101793 -0.354539 0.006165
0.245136 0.459317 -0.429468 -0.118325 -0.204878 0.066701 -0.262590 -0.227125 -0.205419 0.135734 0.310561 0.486407 0.289375 0.385981 0.017558 1.000000 0.256001 0.558282 0.069232 -0.197905 0.056303 -0.127266 -0.308790 -0.284365 -0.311324 -0.383789 -0.152644 -0.163168 0.333535 0.584614 -0.451688 -0.362632 0.356419 0.209352 -0.489009 -0.331891 0.460767 0.334416 0.213628 0.128902 0.418898 0.168327 -0.450939 -0.321419 -0.267356 -0.495526 -0.431130 -0.422790 -0.064805 -0.186378 -0.016951 0.046892 0.136374 -0.049867 0.127289 -0.090458 0.109103 0.328566 0.127285 0.190164 0.173589 0.298350 0.362242 0.492460 -0.190794 -0.056177 0.158781 -0.129029 0.119772 0.162850 0.069493 -0.168379 0.365249 0.306200 0.366150 0.154963 0.440033 0.097913 0.136248 0.276366 0.189380 0.409978 -0.307558 0.274438 -0.047916 0.170985 -0.292274 0.174576 -0.215031 0.051152 -0.115209 -0.440780 -0.235901 -0.302532 -0.172269 -0.101984 -0.285031 -0.232499 -0.306932 -0.151685 0.100438 -0.136495 -0.007839 -0.007570 -0.012719 -0.192850 0.261716 -0.198877 -0.130309 -0.214037 -0.417062 -0.422657 -0.129801 -0.095055 -0.033716 0.253597
0.143531 0.351220 -0.391477 -0.351207 -0.303273 -0.473451 -0.486349 -0.701979 -0.325400 -0.405073 -0.052929 -0.126246 -0.260055 -0.331995 -0.134664 0.256001 1.000000 0.502422 0.136263 0.222181 0.022542 -0.236179 -0.171951 -0.297844 -0.323487 -0.428142 -0.168702 -0.276738 0.637613 0.472241 -0.260705 -0.521774 0.619043 -0.131625 -0.366563 -0.526817 0.493057 0.343965 0.046452 0.088563 0.422432 0.331594 -0.387581 -0.278836 -0.061403 -0.157659 -0.147505 -0.231017 -0.165407 -0.043189 -0.023246 -0.013882 -0.079838 -0.246828 0.112202 0.075078 0.554685 0.688270 0.041071 -0.013836 -0.020382 -0.141930 0.720310 0.608896 -0.184042 -0.623336 0.261663 -0.255741 0.429707 0.200122 0.041439 -0.112583 0.617407 0.375804 0.428470 0.047296 0.295880 0.013890 0.531476 0.442793 0.745301 0.684366 -0.219312 0.011371 0.043679 0.048936 -0.312631 -0.289595 -0.366581 -0.168367 -0.341370 -0.137853 -0.421225 -0.070322 0.069874 0.044253 -0.159774 0.100940 0.192880 0.352376 -0.066503 0.139827 -0.137082 -0.242604 0.135475 0.226182 0.155675 -0.024555 -0.138841 0.041427 -0.027890 -0.238508 -0.018685 -0.184878 -0.086199 0.146051
0.312693 0.549447 -0.456896 -0.452513 -0.445325 -0.348905 -0.267757 -0.480425 -0.118569 -0.124629 0.079639 0.309092 0.228411 0.087127 -0.345372 0.558282 0.502422 1.000000 0.017193 -0.129726 0.103319 -0.049197 -0.495835 -0.536161 -0.381460 -0.640722 -0.398943 -0.437138 0.641578 0.747254 -0.445528 -0.435784 0.567470 0.202033 -0.355844 -0.520736 0.462726 0.504226 0.015091 0.120661 0.413578 0.454460 -0.381795 -0.247193 -0.335768 -0.544485 -0.357004 -0.300128 -0.218719 -0.305302 -0.196411 -0.052010 0.003010 -0.169340 -0.010834 -0.155499 0.191330 0.438452 0.036816 0.187359 0.381156 0.377632 0.644686 0.792177 -0.237530 -0.287708 0.174846 -0.261756 0.268897 0.079290 0.127923 -0.045800 0.667820 0.501749 0.456425 0.235541 0.537217 0.273041 0.383473 0.523319 0.617513 0.750768 -0.507196 -0.053516 -0.064770 0.079260 -0.423245 -0.324969 -0.458382 -0.155783 -0.083589 -0.255711 -0.363672 -0.160754 -0.022173 -0.091724 -0.131763 -0.056211 -0.105990 0.184970 0.014985 0.149945 0.170589 -0.064939 0.108421 0.071287 0.246285 0.003775 -0.067122 -0.095006 -0.189498 -0.163227 0.009804 0.002757 0.154089 0.133809
0.389182 -0.013168 0.360839 0.015889 -0.299012 -0.255993 0.189697 -0.031830 0.080897 -0.047296 0.106729 -0.124518 -0.112731 -0.214434 0.331906 0.069232 0.136263 0.017193 1.000000 0.379041 -0.005383 -0.161801 0.070914 -0.106072 -0.255792 -0.135078 -0.351183 -0.283869 0.346470 0.084204 0.428639 0.316452 0.367185 0.288380 0.048807 -0.074773 0.106515 -0.079313 -0.261328 -0.284741 0.162499 0.033104 -0.367186 -0.386052 -0.187918 -0.290625 -0.274333 -0.305840 -0.320464 -0.260452 -0.141207 -0.072997 -0.199382 -0.040739 -0.247107 -0.151523 0.309368 0.184649 0.053161 -0.160048 0.001734 -0.192167 0.185529 0.124609 0.365644 -0.339554 0.082307 -0.120516 0.118098 -0.091158 -0.124943 -0.130344 0.152583 0.129898 0.249449 0.203839 0.116169 0.012582 0.043970 0.008531 -0.000148 0.085605 0.286092 0.486807 0.162746 -0.020483 0.114138 -0.048060 0.044212 -0.037542 -0.054697 -0.059623 -0.177491 -0.003781 -0.049472 -0.093505 -0.239643 -0.087459 -0.065577 0.030283 0.121703 0.151678 0.104128 0.079866 -0.115705 0.077675 0.110846 -0.073741 -0.023919 -0.055051 -0.148258 -0.105404 -0.036740 -0.101763 -0.109857 0.015572
0.147206 0.072710 0.158839 0.087738 -0.188522 -0.255178 -0.101816 -0.210888 0.080740 -0.227944 -0.006856 -0.223829 -0.379944 -0.366900 0.298881 -0.197905 0.222181 -0.129726 0.379041 1.000000 -0.119551 -0.273129 0.203772 0.214630 -0.381279 -0.110563 -0.129781 -0.252811 0.113908 0.039414 0.193406 -0.011788 0.117574 -0.107880 -0.213351 -0.304585 0.058518 -0.057029 -0.297551 -0.169628 -0.110860 0.075779 -0.138730 -0.194080 -0.120293 0.104856 0.053161 0.144171 -0.242143 -0.035135 -0.195895 -0.026892 -0.012222 -0.045348 -0.133626 -0.189660 0.277263 0.271013 -0.170289 -0.288493 -0.299252 -0.283352 -0.009767 -0.028019 0.018945 -0.481880 -0.183961 -0.210241 0.363557 0.281925 -0.107360 -0.074212 -0.022118 0.008801 0.136327 -0.051263 -0.087347 -0.113970 0.009831 -0.031868 0.032324 0.024425 0.303335 0.471599 0.041239 -0.048367 -0.168304 -0.166258 0.114737 -0.008936 0.253202 0.445629 0.073709 0.268599 0.279538 -0.150916 -0.185888 0.245317 0.038978 0.115644 0.069663 0.368349 0.044498 0.141474 0.265359 0.417697 -0.018274 0.032253 0.045240 0.131528 0.235173 0.150092 0.160809 -0.168511 0.184976 -0.207461
-0.272993 -0.137081 0.239968 -0.197684 -0.100003 -0.008752 0.107790 0.188299 0.077853 0.103293 -0.412831 -0.225049 -0.211106 -0.164624 -0.512141 0.056303 0.022542 0.103319 -0.005383 -0.119551 1.000000 0.456771 -0.215672 -0.030445 0.322082 0.052890 0.093179 0.085355 -0.011886 0.147562 0.150913 0.219020 0.178524 0.235771 0.180027 -0.049806 0.293660 0.242529 0.043887 0.163226 0.209449 0.453187 0.044909 -0.040796 -0.408383 -0.385118 -0.001955 0.074157 -0.247891 -0.430517 -0.247016 -0.376810 -0.208911 -0.197702 -0.169459 -0.188422 0.165082 0.132758 0.036814 -0.065316 0.170667 0.068309 0.110350 0.156864 -0.308953 -0.137668 0.016131 0.062314 0.055117 0.094865 0.327504 0.306820 0.259701 0.277888 0.348419 0.210773 0.175340 0.331987 0.154308 0.139964 0.117522 0.113022 -0.126227 -0.252466 -0.248678 -0.166825 0.189036 -0.228876 -0.143126 -0.124678 0.007452 0.097253 -0.052454 -0.041287 0.129751 0.053192 0.049404 0.204864 -0.010232 0.027556 0.088767 0.185899 0.216671 0.181002 0.031637 0.133774 0.097530 0.124882 0.283442 0.236219 0.308682 -0.111682 -0.102155 -0.026272 0.285041 -0.064075
-0.387325 -0.210385 0.142754 -0.035677 0.005230 0.123118 0.150430 0.305735 0.090375 0.247879 -0.437716 -0.228330 -0.089288 -0.035924 -0.468305 -0.127266 -0.236179 -0.049197 -0.161801 -0.273129 0.456771 1.000000 -0.171685 0.079406 0.415647 0.188980 -0.000104 0.201145 -0.205108 -0.010065 0.030723 0.242721 0.036866 0.303270 0.380622 0.158319 -0.178712 0.138052 -0.039423 0.117107 -0.032601 0.223154 0.275480 0.188495 -0.288428 -0.258720 0.088470 0.233249 -0.083116 -0.236399 -0.171519 -0.141471 -0.369468 -0.093367 -0.193519 -0.106728 -0.059980 -0.153547 -0.225927 0.029464 -0.031771 -0.009913 -0.092095 -0.175208 -0.244593 0.087312 0.072885 0.225812 -0.095770 0.017072 0.284536 0.417230 0.045489 0.207043 0.126886 0.269380 0.059173 0.277179 -0.038479 -0.031980 -0.110531 -0.106625 -0.108580 -0.409979 -0.243858 -0.130534 0.114656 -0.261220 -0.256615 -0.175278 0.285028 0.106559 0.127130 0.072625 0.193467 0.167777 0.313483 0.210453 0.094617 0.101048 0.120981 0.168744 0.085376 0.236128 0.147613 0.103273 0.069219 0.068751 0.281443 0.317245 0.317361 0.126127 0.067207 -0.032336 0.311986 -0.098441
-0.166124 -0.274039 0.221611 0.716795 0.289281 0.223473 -0.119523 0.039457 -0.183262 -0.373087 0.153502 -0.030298 -0.285253 -0.200502 0.492641 -0.308790 -0.171951 -0.495835 0.070914 0.203772 -0.215672 -0.171685 1.000000 0.793703 0.280618 0.667046 0.426890 0.410513 -0.393589 -0.419099 0.441387 0.273993 -0.353892 -0.305939 0.109484 0.025578 -0.254541 -0.194853 -0.123346 -0.264298 -0.080353 -0.178043 0.136719 0.166082 0.267886 0.507528 0.214816 -0.084390 0.152752 0.278892 0.401821 0.125680 0.069064 0.100756 0.323181 0.066854 -0.055535 -0.085870 -0.331459 -0.457768 -0.590943 -0.407569 -0.345505 -0.443930 0.196665 -0.020549 -0.511553 -0.144203 -0.105836 -0.327300 -0.259519 -0.057260 -0.431341 -0.376183 -0.258309 -0.423812 -0.285961 -0.363819 -0.138467 -0.097386 -0.286809 -0.320867 0.714634 0.288078 0.581593 0.155266 0.458242 0.428339 0.660625 0.430911 -0.254010 -0.118657 0.099827 0.093741 -0.121100 -0.193999 -0.106635 -0.152846 -0.021462 -0.392963 -0.133122 -0.105814 -0.445045 -0.446345 -0.258259 -0.169263 -0.469431 -0.222429 -0.049912 -0.157939 -0.157956 -0.050873 -0.001184 -0.196778 -0.271746 -0.172309
-0.311938 -0.192638 0.140667 0.727525 0.230938 0.394399 -0.180545 0.144628 -0.201014 -0.285535 -0.021340 -0.066833 -0.274695 -0.107434 0.230368 -0.284365 -0.297844 -0.536161 -0.106072 0.214630 -0.030445 0.079406 0.793703 1.000000 0.411677 0.752366 0.439112 0.513334 -0.617220 -0.443261 0.268383 0.246302 -0.401932 -0.183825 0.139794 0.094784 -0.313706 -0.086982 -0.078790 -0.052555 -0.170779 -0.081737 0.271364 0.309120 -0.006384 0.367842 0.195586 0.085171 0.017313 0.084148 0.194884 -0.025400 0.084968 -0.053006 0.268637 0.069426 0.009119 -0.015641 -0.409619 -0.364338 -0.574038 -0.369568 -0.381623 -0.435124 -0.145040 0.071904 -0.478324 0.020040 0.029987 -0.109586 -0.306219 -0.070942 -0.534310 -0.406972 -0.370709 -0.354924 -0.330453 -0.224401 -0.096591 -0.043032 -0.338511 -0.359537 0.548318 0.132917 0.221048 0.034850 0.352786 0.374131 0.533095 0.442745 -0.115778 0.036160 0.225209 0.158455 0.069858 -0.159274 0.136743 0.032950 -0.047545 -0.278351 0.027943 -0.122023 -0.387991 -0.245859 -0.002079 0.028154 -0.331516 -0.098492 -0.048121 -0.096610 -0.007370 0.069693 0.104789 -0.177392 0.041005 -0.169939
-0.435417 -0.492541 0.213203 0.126277 0.544116 0.354729 0.138528 0.251296 0.055971 -0.004970 -0.283661 -0.305728 -0.005573 -0.049147 -0.198481 -0.311324 -0.323487 -0.381460 -0.255792 -0.381279 0.322082 0.415647 0.280618 0.411677 1.000000 0.709050 0.494367 0.667243 -0.453005 -0.392038 0.292196 0.379181 -0.322089 0.005422 0.436809 0.352384 -0.219110 0.042729 0.242840 0.207095 0.015162 -0.031421 0.398397 0.351962 -0.096089 0.104020 0.205106 0.203794 -0.097847 -0.108708 0.010416 -0.241542 -0.202490 -0.067774 0.037085 -0.002749 -0.061183 -0.213386 -0.228837 -0.246969 -0.133774 -0.234599 -0.262409 -0.341277 -0.087499 0.239911 -0.238428 0.232781 -0.169362 -0.080459 0.079460 0.236255 -0.299437 -0.306299 -0.255092 -0.090471 -0.145993 0.100869 -0.016263 -0.055496 -0.155643 -0.302476 0.152221 -0.312803 0.031774 -0.084457 0.462298 0.224514 0.199741 -0.005136 -0.039669 0.033761 0.009950 -0.053854 0.217011 0.131949 0.264107 0.202484 0.095658 -0.118331 0.017259 -0.076875 -0.253380 -0.051386 -0.086105 -0.059459 -0.158874 -0.035218 0.122511 0.137794 0.297393 -0.045729 -0.116964 -0.029355 0.098832 -0.112814
-0.440531 -0.445037 0.206681 0.579888 0.433137 0.445870 -0.001869 0.335538 -0.107387 -0.130546 -0.125072 -0.175774 -0.201612 -0.018942 0.205395 -0.383789 -0.428142 -0.640722 -0.135078 -0.110563 0.052890 0.188980 0.667046 0.752366 0.709050 1.000000 0.544488 0.680174 -0.640185 -0.542394 0.415896 0.473718 -0.487888 -0.079683 0.348361 0.315425 -0.333423 -0.108888 0.068573 -0.009357 -0.205168 -0.147794 0.343485 0.348138 0.040643 0.342831 0.210411 0.158085 -0.015908 -0.009627 0.120897 -0.227033 -0.099246 -0.068632 0.131915 0.101828 -0.080648 -0.251497 -0.285183 -0.357359 -0.424062 -0.352356 -0.434192 -0.558503 -0.024154 0.264850 -0.409514 0.145768 -0.047905 -0.113515 -0.051889 0.080077 -0.522361 -0.432478 -0.334247 -0.257569 -0.279177 -0.101672 -0.137567 -0.164549 -0.351483 -0.484399 0.487823 0.030792 0.191762 0.054492 0.440788 0.498730 0.506685 0.313381 -0.139450 -0.011941 0.228117 0.042758 0.028041 -0.009237 0.140566 0.014884 0.010294 -0.281424 0.043588 -0.173558 -0.339266 -0.175700 -0.177648 -0.150209 -0.263889 -0.098207 -0.054049 -0.063345 0.061663 -0.034277 -0.065321 -0.163959 -0.098146 -0.153427
-0.276878 -0.291729 0.063263 0.439253 0.715743 0.581167 -0.086837 0.146175 -0.016842 -0.015047 -0.045603 -0.032211 -0.118260 -0.006590 0.120442 -0.152644 -0.168702 -0.398943 -0.351183 -0.129781 0.093179 -0.000104 0.426890 0.439112 0.494367 0.544488 1.000000 0.848492 -0.496383 -0.452775 0.009273 -0.086105 -0.469446 -0.353125 -0.040538 0.017049 -0.175726 -0.148376 0.163809 -0.056297 -0.166842 -0.181678 0.213137 0.177354 0.182080 0.410881 0.180272 0.044851 0.356973 0.273988 0.343966 0.087174 0.083023 0.077261 0.372506 0.159086 -0.220684 -0.197344 0.035272 0.012069 -0.221403 -0.022270 -0.314196 -0.291793 -0.047139 0.258617 -0.180217 0.117210 -0.201212 0.004340 -0.101880 -0.093359 -0.390868 -0.482039 -0.336345 -0.496770 -0.448895 -0.339932 -0.289076 -0.255321 -0.300548 -0.407331 0.116457 -0.000266 0.053366 -0.163811 0.138142 0.458607 0.304764 0.357330 -0.181872 -0.027063 0.037340 -0.026074 0.159225 -0.125058 -0.055886 0.094336 -0.075025 -0.383206 -0.170455 -0.046550 -0.410390 -0.178298 -0.091617 -0.143234 -0.056366 0.099274 0.053307 -0.131800 -0.014152 -0.352515 -0.169224 -0.086537 -0.019588 0.022027
-0.365982 -0.299400 0.064139 0.481488 0.667299 0.697798 -0.062567 0.280359 -0.114126 0.064658 -0.088770 -0.034219 -0.084818 0.113783 0.073906 -0.163168 -0.276738 -0.437138 -0.283869 -0.252811 0.085355 0.201145 0.410513 0.513334 0.667243 0.680174 0.848492 1.000000 -0.601900 -0.517624 -0.001131 0.023372 -0.466647 -0.224362 0.191825 0.126872 -0.364230 -0.122245 0.104506 -0.021762 -0.131849 -0.186987 0.330469 0.309267 0.111244 0.334968 0.178779 0.048605 0.227098 0.163417 0.334412 -0.003653 0.002001 0.007038 0.233697 0.136704 -0.151437 -0.170603 -0.060304 0.015470 -0.268807 -0.093530 -0.318256 -0.374007 -0.153136 0.344557 -0.128331 0.237629 -0.167355 0.003058 -0.102459 -0.017818 -0.478838 -0.477260 -0.320724 -0.360661 -0.393284 -0.259515 -0.315588 -0.278784 -0.361744 -0.502198 0.132446 -0.118321 -0.000086 -0.149283 0.169119 0.414849 0.291532 0.378401 -0.202350 -0.118419 0.111749 0.021120 0.105770 -0.139589 0.031503 0.053583 0.006251 -0.388883 -0.068048 -0.058679 -0.411981 -0.194445 -0.100485 -0.222996 -0.121548 -0.094134 -0.013057 -0.180365 -0.027564 -0.301274 -0.092583 -0.081972 -0.052877 -0.068156
0.268012 0.244221 -0.281125 -0.543376 -0.423844 -0.582613 -0.149788 -0.452322 0.041112 -0.129123 0.026792 -0.073887 0.056440 -0.238164 -0.007657 0.333535 0.637613 0.641578 0.346470 0.113908 -0.011886 -0.205108 -0.393589 -0.617220 -0.453005 -0.640185 -0.496383 -0.601900 1.000000 0.725876 -0.027982 -0.177582 0.635476 0.148963 -0.248539 -0.470459 0.589313 0.381969 0.132295 0.102959 0.515554 0.329364 -0.411276 -0.376561 -0.187046 -0.442833 -0.188823 -0.257518 -0.284749 -0.165475 -0.239542 -0.025961 -0.175267 -0.005235 0.025392 0.038005 0.367619 0.484800 -0.044743 -0.091324 0.180956 -0.065846 0.569798 0.549313 0.145885 -0.559170 0.134019 -0.366540 0.233587 -0.036533 0.183846 0.042636 0.810163 0.548308 0.589123 0.332471 0.508727 0.255499 0.430862 0.481422 0.569003 0.706988 -0.177622 0.153031 0.114519 0.093632 -0.203270 -0.301827 -0.336439 -0.391595 -0.077290 -0.140655 -0.351021 -0.127357 -0.146189 0.152492 -0.150712 -0.127696 0.217503 0.378794 0.001325 0.102593 0.186561 -0.058171 -0.046452 0.010850 0.216799 -0.134761 -0.101638 0.049980 -0.104670 -0.025879 0.025707 0.084094 -0.065894 0.152942
0.184573 0.430888 -0.497855 -0.447990 -0.510527 -0.375958 -0.314344 -0.331674 -0.076050 0.014522 0.034621 0.164802 0.080443 -0.007720 -0.196445 0.584614 0.472241 0.747254 0.084204 0.039414 0.147562 -0.010065 -0.419099 -0.443261 -0.392038 -0.542394 -0.452775 -0.517624 0.725876 1.000000 -0.230614 -0.188903 0.553481 0.267014 -0.385399 -0.463443 0.672924 0.587296 0.123175 0.184944 0.596680 0.481276 -0.282978 -0.182469 -0.329579 -0.519723 -0.094334 -0.129264 -0.218499 -0.219649 -0.261159 -0.070794 -0.028626 -0.016863 0.059218 -0.011569 0.298351 0.519565 -0.159151 -0.085662 0.129923 0.099753 0.486409 0.521966 -0.196274 -0.447620 -0.054770 -0.434098 0.375920 0.130366 0.271269 0.131793 0.739199 0.726112 0.597508 0.363511 0.696193 0.427435 0.403695 0.625319 0.496688 0.708412 -0.361300 0.065336 0.000224 -0.007177 -0.276775 -0.218751 -0.370938 -0.317315 0.043385 -0.257417 -0.357468 -0.256229 -0.234697 -0.034772 -0.040276 -0.128668 0.116339 0.244844 0.020954 0.008504 0.206156 -0.139759 -0.062309 -0.061388 0.109252 -0.215939 0.018586 -0.130036 -0.147542 0.015883 -0.068603 0.059019 0.045353 0.026356
-0.014656 -0.442285 0.432401 0.131401 0.023826 -0.208896 0.252969 0.176579 0.115698 -0.173110 -0.086575 -0.410172 -0.253590 -0.450528 0.270675 -0.451688 -0.260705 -0.445528 0.428639 0.193406 0.150913 0.030723 0.441387 0.268383 0.292196 0.415896 0.009273 -0.001131 -0.027982 -0.230614 1.000000 0.828446 -0.022632 0.185103 0.397746 0.237169 -0.159110 -0.198156 -0.026969 -0.105470 0.043033 0.003831 0.180814 0.113609 0.074350 0.120829 0.169375 0.167547 -0.182611 -0.021307 -0.148054 -0.153493 -0.273503 0.190461 -0.116073 0.058503 0.132041 -0.105805 -0.249832 -0.529204 -0.284612 -0.431712 -0.281677 -0.401804 0.287070 -0.220051 -0.362468 -0.203722 0.000595 -0.296468 0.067049 0.283536 -0.105550 -0.086891 -0.070940 0.094736 -0.113186 0.099623 0.021042 -0.043721 -0.218189 -0.190248 0.590956 0.234088 0.279165 0.021300 0.536097 0.092884 0.309719 -0.186196 -0.037667 0.074069 -0.075767 -0.071190 -0.020342 0.099178 0.055738 -0.062425 0.155535 0.009157 0.002272 0.003707 0.024947 -0.012673 -0.277129 -0.085325 -0.116342 -0.027502 0.084921 0.122618 0.168626 0.159850 -0.030785 0.013610 -0.141445 -0.117537
-0.087167 -0.398460 0.438379 0.146571 -0.014324 -0.065598 0.376886 0.468206 0.186643 0.112581 -0.047650 -0.226289 -0.024008 -0.164249 0.185585 -0.362632 -0.521774 -0.435784 0.316452 -0.011788 0.219020 0.242721 0.273993 0.246302 0.379181 0.473718 -0.086105 0.023372 -0.177582 -0.188903 0.828446 1.000000 -0.176891 0.429393 0.453562 0.395608 -0.205315 -0.099430 -0.011845 -0.036330 0.042562 -0.011740 0.255321 0.176640 -0.037334 -0.037159 0.182009 0.218879 -0.182225 -0.152931 -0.238311 -0.260527 -0.212277 0.206549 -0.189513 -0.010305 -0.026463 -0.259498 -0.253588 -0.440149 -0.133765 -0.263421 -0.425890 -0.499111 0.195816 0.046477 -0.425960 -0.124578 -0.063007 -0.257535 0.182150 0.296933 -0.217597 -0.018698 -0.129154 0.249111 0.018629 0.326606 -0.125550 -0.070958 -0.375157 -0.339114 0.498836 0.148624 0.135250 -0.089632 0.538461 0.135319 0.257072 -0.206734 0.080208 0.084504 0.055491 -0.112119 -0.149502 -0.033085 0.128694 -0.114925 0.060947 -0.112504 0.079351 -0.135912 0.082894 0.016484 -0.266216 -0.186225 -0.133515 0.003179 0.145542 0.021804 0.152605 0.202653 -0.143772 0.085731 -0.068527 -0.187981
0.335974 0.464649 -0.295285 -0.434020 -0.549330 -0.509264 -0.321577 -0.498304 -0.364417 -0.330002 -0.150039 -0.056079 -0.131912 -0.257882 -0.326816 0.356419 0.619043 0.567470 0.367185 0.117574 0.178524 0.036866 -0.353892 -0.401932 -0.322089 -0.487888 -0.469446 -0.466647 0.635476 0.553481 -0.022632 -0.176891 1.000000 0.370672 -0.129141 -0.363822 0.406599 0.419156 -0.087909 0.168818 0.434410 0.446991 -0.398303 -0.318077 -0.315653 -0.512090 -0.309681 -0.235783 -0.343165 -0.345025 -0.294768 -0.124278 -0.315256 -0.306530 -0.152972 -0.185953 0.553776 0.652587 -0.094779 0.043731 0.060358 -0.040372 0.687959 0.627966 -0.218563 -0.579086 0.298584 -0.154313 0.505681 0.152710 0.087094 0.109767 0.659422 0.604602 0.457841 0.394381 0.447781 0.315630 0.595076 0.522160 0.672404 0.732715 -0.324982 -0.000273 -0.092642 0.101866 -0.280670 -0.419419 -0.493579 -0.311882 -0.115786 -0.285938 -0.464999 -0.166325 -0.031422 0.162794 -0.019084 -0.019765 0.081153 0.350810 0.047187 0.116379 0.165888 0.016249 0.090158 0.230425 0.253028 -0.026984 -0.052729 0.081125 0.074027 -0.149653 0.114902 -0.071474 0.005364 0.096843
0.317930 0.279962 -0.054891 -0.180412 -0.383035 -0.113340 0.181863 0.183412 -0.046901 0.032491 -0.028675 0.135148 0.297321 0.085868 -0.247096 0.209352 -0.131625 0.202033 0.288380 -0.107880 0.235771 0.303270 -0.305939 -0.183825 0.005422 -0.079683 -0.353125 -0.224362 0.148963 0.267014 0.185103 0.429393 0.370672 1.000000 0.118620 0.189228 0.008652 0.098710 0.000550 0.155263 0.268692 0.126323 -0.165741 -0.056432 -0.437221 -0.522834 -0.243812 -0.086775 -0.394950 -0.483071 -0.608222 -0.404351 -0.334064 -0.262387 -0.191554 -0.114932 0.294565 0.245953 0.009372 -0.047644 0.357956 0.282530 0.210256 0.201484 -0.089280 0.025412 -0.075362 -0.112865 0.274265 -0.042983 0.082650 0.073828 0.114899 0.295125 0.027464 0.470688 0.263459 0.451144 0.181829 0.288394 0.061232 0.161239 -0.149782 0.038207 -0.323576 -0.136470 -0.027853 -0.074641 -0.254254 -0.251094 -0.059787 -0.229022 -0.198494 -0.321244 -0.020323 0.129916 0.167936 -0.025411 -0.114249 0.082277 0.127120 -0.206465 0.023797 0.122143 0.013673 -0.000877 0.285081 0.152946 -0.047784 -0.079435 -0.058121 0.047107 -0.154302 -0.021080 0.214357 0.004133
-0.412496 -0.420308 0.303162 0.013567 -0.027338 -0.030135 0.182935 0.275347 -0.028022 -0.057539 -0.317169 -0.414558 -0.210186 -0.128342 -0.131195 -0.489009 -0.366563 -0.355844 0.048807 -0.213351 0.180027 0.380622 0.109484 0.139794 0.436809 0.348361 -0.040538 0.191825 -0.248539 -0.385399 0.397746 0.453562 -0.129141 0.118620 1.000000 0.527293 -0.388195 -0.234155 -0.105330 0.039960 -0.179648 -0.095918 0.270631 0.190723 -0.011100 0.071439 0.105216 0.079200 -0.244302 -0.159305 0.051959 -0.242036 -0.343591 -0.101137 -0.158740 -0.159015 -0.026790 -0.230067 -0.164423 -0.115591 -0.132218 -0.146499 -0.228899 -0.327406 0.143182 0.232536 0.071825 0.479731 -0.271665 -0.177147 -0.010278 0.307965 -0.143790 -0.112219 -0.195508 0.088727 -0.192051 0.147768 -0.038830 -0.166929 -0.152749 -0.295925 0.211173 -0.379309 0.008842 0.088210 0.348807 -0.120754 0.173927 -0.131518 0.082486 0.123226 0.126808 0.113726 -0.051910 0.191011 0.139795 -0.147585 0.222724 0.134369 0.055440 -0.080793 0.149683 0.073005 0.107003 0.010608 -0.015665 -0.101761 0.086206 0.179191 0.237152 0.231172 0.064638 0.007455 0.029111 -0.108686
-0.079040 -0.312047 0.289750 0.019909 0.150570 0.182359 0.428569 0.360488 0.075108 0.154110 -0.043181 -0.051810 0.201545 0.212247 -0.015578 -0.331891 -0.526817 -0.520736 -0.074773 -0.304585 -0.049806 0.158319 0.025578 0.094784 0.352384 0.315425 0.017049 0.126872 -0.470459 -0.463443 0.237169 0.395608 -0.363822 0.189228 0.527293 1.000000 -0.381897 -0.407659 0.049011 0.040505 -0.289503 -0.385691 0.188493 0.158514 0.131519 0.182332 0.039809 0.105478 -0.050153 -0.040855 -0.078794 -0.149469 -0.128860 -0.043312 -0.147745 -0.044127 -0.178835 -0.423644 0.076595 -0.006499 0.100537 -0.064244 -0.442522 -0.454803 0.252756 0.584803 0.080814 0.483828 -0.300753 -0.038652 -0.081439 0.077466 -0.519787 -0.311551 -0.562389 0.003576 -0.351941 0.026317 -0.280569 -0.411535 -0.429079 -0.488504 0.034281 -0.180802 -0.174195 -0.017701 0.355955 0.175819 0.158804 -0.074773 0.108214 0.129485 0.240143 -0.010283 0.066120 0.164070 0.118447 0.066763 0.079734 0.060287 0.029743 -0.309374 -0.001181 0.118555 0.038346 -0.043830 0.030257 0.127630 0.132773 0.119899 0.129511 0.177564 -0.005978 -0.030033 -0.012628 -0.023867
