1.000000 0.195061 -0.134178 -0.428448 0.091483 -0.196708 0.176551 -0.347154 0.124580 -0.077867 0.384165 -0.026523 0.446083 0.194159 0.079658 0.040605 0.452220 0.443521 0.395508 0.246461 -0.375627 -0.285999 -0.297606 -0.381927 -0.476994 -0.488391 -0.385922 -0.318536 0.284316 0.289682 -0.360502 -0.457378 0.070225 -0.215030 -0.353821 -0.276901 0.177059 0.074537 -0.128701 -0.212791 0.139994 0.098749 -0.001066 -0.055287 -0.347826 -0.321835 -0.003565 0.025037 -0.060608 -0.153774 0.046957 0.000090 -0.001431 0.366563 -0.007722 -0.278111 0.652077 0.382879 0.010134 -0.249765 0.190892 -0.035604 0.493270 0.296009 -0.278305 -0.343392 -0.307429 -0.420246 0.195043 0.004803 -0.161343 -0.386949 0.333686 0.073636 0.229568 0.027943 0.217065 -0.045058 0.391544 0.119264 0.515270 0.414706 0.129450 0.149861 -0.151643 -0.327764 -0.063343 0.008982 -0.097392 -0.191970 0.267649 0.385537 -0.003458 0.341167 0.006827 -0.072071 -0.131521 -0.203925 0.545413 0.520523 0.220868 0.457126 0.322068 0.305862 -0.020319 0.075226 -0.031219 -0.024362 0.026486 0.163291 0.074848 0.225953 0.285307 0.059472 0.053562 0.064725
0.195061 1.000000 -0.198532 -0.051342 0.261681 0.011034 -0.136275 0.050147 -0.163329 0.184541 0.047918 0.255493 0.029765 0.277452 -0.346884 -0.015591 -0.165978 0.079789 0.136074 0.281996 -0.315732 -0.256467 -0.567464 -0.559125 -0.368029 -0.330366 -0.110871 -0.016098 -0.247646 -0.086644 -0.572439 -0.613082 0.180456 0.060043 -0.202725 -0.028708 -0.146386 -0.043753 -0.043582 0.030147 -0.099620 0.028637 0.197680 0.141956 -0.060400 -0.103409 0.211080 0.261648 0.059750 0.154505 -0.110194 0.109450 0.017694 0.047884 0.104697 0.303229 0.166667 0.322186 0.110073 0.368643 -0.199279 0.368586 0.018708 0.284161 -0.519311 -0.228725 0.006374 -0.173624 0.526044 0.283466 -0.285716 -0.189609 -0.066923 0.114641 -0.053918 0.061799 0.020551 0.079961 -0.075987 0.371878 0.171112 0.156971 -0.152726 -0.215364 -0.215370 0.065944 0.051102 0.094468 -0.189494 -0.021400 0.093003 -0.153805 -0.107885 -0.076886 -0.012845 -0.144262 0.178113 -0.087214 0.345583 0.227449 -0.109475 -0.034997 0.288213 0.139629 0.034216 -0.068734 0.230502 0.087027 -0.099400 -0.183988 0.219684 0.197821 -0.031762 -0.210143 -0.317498 0.209737
-0.134178 -0.198532 1.000000 0.280540 0.508997 0.122452 0.749192 0.418023 0.615656 0.200561 0.063458 0.084064 0.172047 -0.007051 0.166062 -0.067702 -0.225502 -0.249011 0.118765 0.165325 0.237301 -0.049856 0.332662 0.435396 0.118417 -0.090264 0.137667 0.148548 0.008653 -0.268629 0.398272 0.262026 -0.180554 0.132453 -0.136520 -0.388474 -0.374685 -0.305389 -0.226508 -0.089955 -0.230477 -0.224275 -0.477459 -0.407543 -0.425819 -0.368095 -0.429331 -0.552124 -0.317203 -0.485319 0.108863 -0.143068 -0.050391 0.021852 -0.342139 -0.301079 -0.421991 -0.300367 0.162467 0.109085 0.475610 0.250445 -0.063903 0.022254 0.263376 0.216093 -0.011663 0.360810 -0.212259 0.167946 0.033906 -0.014682 -0.089691 -0.291217 -0.097455 -0.142723 -0.212744 -0.188673 -0.234403 -0.420216 -0.336275 -0.335889 0.115682 0.322663 -0.054315 -0.018263 -0.364150 -0.398091 -0.091137 -0.058292 0.040663 0.217716 0.247562 0.281852 -0.088293 -0.055969 -0.469683 -0.140018 -0.280106 -0.414323 0.004716 0.055391 -0.266864 0.044899 0.052367 -0.176852 -0.053574 -0.190370 0.033820 -0.053365 -0.254648 -0.244659 -0.194694 0.009640 0.041435 0.095658
-0.428448 -0.051342 0.280540 1.000000 0.030085 0.406034 0.134422 0.642425 0.097791 0.391255 -0.385872 0.287519 -0.280844 -0.126924 -0.114297 0.376369 -0.550673 -0.437751 -0.130024 -0.030169 0.202998 0.073621 0.350075 0.548283 0.197381 0.406802 0.259439 0.342385 -0.439781 -0.543144 0.102574 0.241172 -0.257905 0.139772 -0.020307 0.080992 -0.540327 -0.320263 -0.301067 -0.076587 -0.385789 -0.090851 0.085883 0.120744 0.088581 0.037985 0.108710 -0.106122 -0.022428 -0.125035 -0.137957 -0.170191 0.017740 -0.339997 -0.190995 -0.064984 -0.285369 -0.329697 -0.033035 0.042403 0.095472 0.228508 -0.340376 -0.354873 0.359021 0.584069 -0.328091 0.159698 -0.151608 -0.075566 -0.240098 0.116969 -0.463597 -0.338682 -0.275439 -0.287801 -0.517156 -0.312071 -0.329610 -0.212338 -0.476559 -0.461886 0.123831 0.022227 0.026213 0.339046 -0.151994 -0.083802 0.147689 0.424707 0.089945 -0.088566 0.310829 0.030563 -0.327928 -0.193578 -0.266647 -0.177146 -0.265885 -0.262967 -0.199955 -0.066826 -0.216070 -0.082934 0.132247 -0.129877 -0.078011 -0.194070 -0.228162 -0.356977 -0.263860 -0.056956 -0.166628 0.068100 0.008955 0.095538
0.091483 0.261681 0.508997 0.030085 1.000000 0.109782 0.607826 0.239515 0.631424 0.261012 0.128008 0.304463 0.171286 0.186413 0.086447 0.003433 -0.086005 -0.004485 0.293394 0.297843 -0.013885 -0.381506 -0.194059 -0.006478 -0.269348 -0.419936 -0.011085 -0.031183 0.035351 -0.105930 -0.047275 -0.150912 -0.079173 0.217876 -0.317134 -0.376169 -0.395936 -0.196129 -0.153684 -0.120556 -0.297415 -0.227188 -0.334061 -0.352250 -0.377696 -0.415416 -0.271343 -0.352043 -0.332759 -0.359818 -0.023939 -0.105736 -0.145338 0.160392 -0.105904 -0.093274 -0.169359 -0.162804 0.270635 0.169813 0.373830 0.493671 -0.006298 0.210763 -0.116442 0.066946 -0.044072 0.055438 0.144758 0.227483 -0.117411 -0.103654 0.032072 -0.215999 -0.110567 -0.122436 0.005784 -0.121107 -0.129171 -0.170882 -0.126442 -0.187054 0.054595 0.164384 -0.220102 0.002677 -0.165971 -0.153820 -0.065932 -0.121132 0.021967 0.194140 0.118281 0.150565 -0.083738 0.086784 -0.247746 -0.123116 -0.035250 -0.212780 0.042082 -0.000999 0.010944 0.138389 0.053250 -0.178147 0.107880 0.079783 0.095447 -0.100357 -0.063835 -0.063072 -0.193986 -0.143410 0.011071 0.284633
-0.196708 0.011034 0.122452 0.406034 0.109782 1.000000 0.260951 0.633167 0.024859 0.734802 -0.127377 0.393762 -0.056909 0.173181 -0.314832 0.454244 -0.414287 -0.456055 -0.337628 -0.105676 0.154680 0.235534 0.045000 0.300782 0.272922 0.344016 0.330948 0.372455 -0.467561 -0.311327 -0.161330 -0.042990 -0.349782 -0.059230 -0.063405 0.209163 -0.362436 -0.425832 -0.185320 -0.182286 -0.388238 -0.281688 -0.069025 -0.020962 0.132784 0.142068 -0.046148 -0.217642 0.127802 -0.088680 0.036130 -0.138971 -0.037566 -0.299779 -0.065646 -0.215837 -0.189994 -0.240454 0.401624 0.265996 0.132794 0.497372 -0.219222 -0.303826 0.072300 0.444792 -0.096958 0.128068 -0.156775 0.072368 -0.268694 0.114019 -0.492616 -0.323513 -0.306165 -0.294247 -0.420839 -0.339973 -0.367243 -0.204323 -0.279302 -0.345252 -0.056573 -0.008927 -0.090990 0.087841 -0.194269 0.043392 0.186077 0.260337 0.364669 -0.020599 0.482468 0.055312 -0.110227 -0.078043 -0.224067 -0.092713 -0.069593 -0.465273 0.006614 -0.077786 -0.084931 -0.004971 0.174313 -0.135048 0.009051 -0.087361 -0.096124 -0.323637 -0.208901 -0.183001 -0.024883 0.107803 -0.020622 0.113885
0.176551 -0.136275 0.749192 0.134422 0.607826 0.260951 1.000000 0.372188 0.679227 0.346938 0.327536 0.301529 0.436962 0.254252 0.233281 0.226150 -0.045136 -0.175235 0.184370 0.181077 0.038479 -0.159046 0.200695 0.275499 -0.079356 -0.207023 0.030895 0.061130 0.072122 -0.107988 0.206027 0.057493 -0.221361 0.136894 -0.269472 -0.354086 -0.296505 -0.254969 -0.289879 -0.200422 -0.108711 -0.232727 -0.551631 -0.488859 -0.523759 -0.454617 -0.538975 -0.600789 -0.361109 -0.581323 0.126647 -0.145433 -0.094619 0.179670 -0.255586 -0.447900 -0.249636 -0.235905 0.371336 0.030885 0.642007 0.427084 0.001558 -0.098312 0.149762 0.248612 -0.110802 0.144291 -0.117389 0.216884 -0.036497 -0.073182 0.044303 -0.331065 -0.052541 -0.162660 -0.130467 -0.142758 -0.108659 -0.331753 -0.142492 -0.176320 0.251791 0.378567 -0.172455 -0.116560 -0.319073 -0.321786 -0.103010 -0.068446 0.120326 0.237357 0.269430 0.341876 -0.261204 -0.042845 -0.538122 -0.342782 -0.191669 -0.383003 0.129386 0.147276 -0.175524 0.092585 0.044105 -0.282059 -0.035946 -0.288678 -0.129866 -0.097203 -0.266330 -0.169849 -0.140079 -0.065066 0.035004 0.152495
-0.347154 0.050147 0.418023 0.642425 0.239515 0.633167 0.372188 1.000000 0.071184 0.634475 -0.160663 0.467606 -0.033905 0.202294 -0.280449 0.341715 -0.552188 -0.495559 -0.400510 -0.217261 0.119469 0.195094 0.056624 0.310132 0.202965 0.307164 0.314619 0.474714 -0.494800 -0.447446 -0.055162 0.051545 -0.294346 0.036360 -0.026688 0.073571 -0.489022 -0.311344 -0.205575 -0.034345 -0.415319 -0.274746 -0.192737 -0.023809 0.047639 0.086453 -0.195939 -0.315893 -0.016097 -0.137670 0.076844 -0.098457 0.009893 -0.290527 -0.165463 -0.111260 -0.337679 -0.491553 0.355147 0.390250 0.186961 0.520208 -0.292833 -0.292011 0.032844 0.551414 0.005980 0.275469 -0.220860 -0.011479 -0.275949 0.135114 -0.467240 -0.372093 -0.394399 -0.255951 -0.479324 -0.242445 -0.478914 -0.341595 -0.519595 -0.507181 0.032847 -0.047582 -0.250158 0.176638 -0.348961 -0.127305 -0.025694 0.229938 0.172657 -0.017326 0.431238 0.222722 -0.128472 -0.018603 -0.316074 -0.087101 -0.328208 -0.349585 -0.108675 -0.065741 -0.230702 -0.044220 0.202224 -0.022009 0.008276 0.019684 -0.045100 -0.329463 -0.371114 -0.174635 -0.208916 -0.043340 -0.070143 0.087011
0.124580 -0.163329 0.615656 0.097791 0.631424 0.024859 0.679227 0.071184 1.000000 0.147409 0.173277 0.127311 0.297318 0.083346 0.504198 0.280300 -0.097938 -0.154984 0.208701 0.211977 -0.030007 -0.370527 0.331991 0.400509 -0.082984 -0.275988 -0.058438 -0.129700 0.095241 -0.195412 0.162248 0.021039 -0.294369 0.036613 -0.366830 -0.323733 -0.407349 -0.310242 -0.323470 -0.235313 -0.169414 -0.221882 -0.326155 -0.346348 -0.381136 -0.368504 -0.262490 -0.411076 -0.202922 -0.426348 0.078499 -0.091111 0.030907 0.124548 -0.128395 -0.325827 -0.235998 -0.221176 0.199988 -0.044631 0.523168 0.260305 -0.072153 -0.060778 0.380597 0.232189 -0.202990 0.064827 -0.036427 0.208734 -0.110783 -0.118763 -0.002027 -0.393262 -0.030348 -0.272506 -0.187902 -0.369047 -0.115280 -0.451091 -0.224899 -0.248928 0.157314 0.305233 0.076883 0.016054 -0.144283 -0.252660 0.187953 0.101369 0.189517 0.379699 0.274601 0.321908 -0.193158 -0.102305 -0.393598 -0.204531 -0.121622 -0.308179 0.183636 0.170093 -0.235359 0.072874 -0.094842 -0.253354 -0.127857 -0.258699 -0.054994 -0.053797 -0.090004 -0.144945 -0.154307 0.019682 0.218287 0.215112
-0.077867 0.184541 0.200561 0.391255 0.261012 0.734802 0.346938 0.634475 0.147409 1.000000 -0.180685 0.361233 -0.014777 0.158988 -0.241021 0.448324 -0.477601 -0.422840 -0.364978 -0.045537 0.116987 0.076103 -0.150013 0.186737 0.094146 0.196853 0.144712 0.141988 -0.554084 -0.401199 -0.298368 -0.232464 -0.335281 -0.138293 -0.203812 0.142571 -0.548281 -0.413583 -0.325779 -0.349316 -0.494673 -0.370847 0.004724 0.014843 0.167278 0.147296 0.035881 -0.126536 0.188277 0.014975 -0.187625 -0.078758 -0.046941 -0.209769 -0.160230 -0.211282 -0.111147 -0.140903 0.567415 0.483409 0.134140 0.685655 -0.329621 -0.247085 -0.093213 0.377853 -0.158009 0.133424 -0.094061 0.119941 -0.386155 -0.077805 -0.549778 -0.370540 -0.362282 -0.340474 -0.549554 -0.423483 -0.405184 -0.230594 -0.325268 -0.338338 -0.211875 -0.128314 -0.226929 -0.023964 -0.354084 -0.121654 0.092997 0.218258 0.438287 0.204554 0.541637 0.346065 -0.113704 -0.045587 -0.158098 -0.066667 0.151194 -0.198028 -0.004128 0.056068 0.063679 0.176184 0.249184 0.070566 -0.024642 -0.084595 -0.034437 -0.152916 -0.112594 0.057185 0.016299 0.053162 -0.030604 0.386945
0.384165 0.047918 0.063458 -0.385872 0.128008 -0.127377 0.327536 -0.160663 0.173277 -0.180685 1.000000 0.279099 0.663056 0.456003 0.400969 0.095801 0.410061 0.180782 0.063755 -0.023504 0.017655 -0.108590 0.151765 -0.125294 -0.117995 -0.201837 -0.062861 -0.010469 0.200674 0.150782 0.070449 -0.039051 -0.187368 -0.197352 -0.193861 -0.280009 0.156119 0.132486 0.171949 0.089974 0.283629 -0.024743 -0.192604 -0.113663 -0.332901 -0.286032 -0.208091 -0.120199 -0.032618 -0.127334 0.196930 0.184602 0.106948 0.298699 0.116910 0.060249 -0.032210 -0.100005 0.087317 -0.156881 0.316855 0.025028 0.031665 -0.166791 0.008089 -0.107133 0.104442 -0.171152 0.021307 0.219835 0.065533 -0.148286 0.230410 0.018168 -0.050030 0.057915 0.169188 0.071519 0.066333 0.060365 0.120842 0.080691 0.180819 0.077312 -0.029223 -0.205525 0.108503 0.086461 -0.081509 -0.130713 -0.010645 0.033787 -0.212905 -0.056722 -0.184874 0.076292 -0.003398 -0.144309 0.010221 -0.117500 0.007368 -0.080768 -0.140564 -0.119613 -0.023582 -0.218964 0.242705 -0.109732 -0.120724 -0.015766 0.106149 0.035271 0.010001 -0.186798 0.040646 -0.048476
-0.026523 0.255493 0.084064 0.287519 0.304463 0.393762 0.301529 0.467606 0.127311 0.361233 0.279099 1.000000 0.276346 0.562381 -0.080332 0.421542 -0.286865 -0.354453 -0.165804 0.022666 0.113474 -0.092505 -0.003199 0.141680 0.030614 0.025736 0.011151 0.160213 -0.212681 -0.108568 -0.046644 0.069704 -0.320259 0.165220 -0.095343 0.074335 -0.315184 -0.148820 -0.258912 -0.022449 -0.190225 -0.192870 -0.113834 -0.071513 -0.037851 -0.005787 -0.090453 -0.230010 -0.085049 -0.158018 0.098212 -0.020258 0.042929 -0.074757 0.008658 -0.006074 -0.190931 -0.384062 0.188565 -0.047263 0.228937 0.427546 -0.263589 -0.407342 0.000168 0.349033 -0.070075 -0.020489 0.041789 0.098380 -0.084010 0.274620 -0.192738 -0.348780 -0.385652 0.008212 -0.215964 -0.002121 -0.341966 -0.097655 -0.233546 -0.288269 0.101050 0.115348 -0.129237 0.145718 -0.151634 -0.031571 -0.077840 0.101646 0.101502 -0.205054 0.213058 -0.024840 -0.305237 0.099208 -0.224077 -0.232302 -0.231262 -0.273875 -0.073313 -0.207751 -0.217582 -0.201684 0.065208 -0.214111 0.192371 -0.164482 -0.269930 -0.256974 0.130057 0.015524 -0.197488 -0.054406 -0.029411 0.100634
0.446083 0.029765 0.172047 -0.280844 0.171286 -0.056909 0.436962 -0.033905 0.297318 -0.014777 0.663056 0.276346 1.000000 0.544823 0.512285 0.219420 0.264749 -0.023666 0.001402 -0.015342 0.018128 -0.139843 0.121795 -0.102942 -0.009549 -0.123298 0.088411 0.145628 0.101936 0.056222 -0.004761 -0.165872 -0.140333 -0.195060 -0.034208 -0.121296 -0.136516 -0.054489 -0.158165 -0.320463 0.126237 -0.139765 -0.335831 -0.248941 -0.337613 -0.290669 -0.323694 -0.167534 -0.042698 -0.241083 0.291205 0.173504 0.130339 0.393053 -0.083992 -0.263658 0.077902 0.026541 0.166262 -0.019019 0.335373 0.142855 0.048790 -0.150050 -0.137229 -0.041395 0.123388 -0.009359 0.023200 0.219161 -0.079508 -0.138304 0.174306 -0.189943 -0.176865 -0.061487 -0.016299 -0.084412 0.050385 -0.166781 0.106508 0.033410 0.239997 -0.022603 -0.252563 -0.348844 -0.128773 -0.226128 -0.223816 -0.215052 0.091636 0.119795 0.041960 0.238757 -0.112769 -0.026659 -0.204162 -0.192212 0.029263 0.053727 0.221328 0.119416 -0.058765 0.102947 0.313024 -0.031396 0.131134 -0.205002 -0.216569 -0.015584 0.163048 0.070094 0.148863 0.107691 0.098778 0.223674
0.194159 0.277452 -0.007051 -0.126924 0.186413 0.173181 0.254252 0.202294 0.083346 0.158988 0.456003 0.562381 0.544823 1.000000 0.058663 0.399495 0.064667 -0.026691 -0.079893 -0.117800 -0.106885 -0.063942 -0.135804 -0.167201 -0.097922 -0.067914 0.065538 0.107042 -0.010841 0.108824 -0.152261 -0.178723 -0.090240 -0.003374 -0.128856 -0.016814 0.038339 0.132438 0.054739 -0.020799 0.193225 -0.031206 -0.059484 -0.054306 -0.202688 -0.157089 -0.108719 -0.169340 0.019448 -0.008519 0.294352 0.275083 0.107983 0.125576 0.192642 0.128872 -0.078406 -0.222957 0.176746 0.069781 0.190614 0.289817 -0.018434 -0.189515 -0.349031 -0.102313 0.128384 -0.245262 0.093626 0.108145 -0.069382 0.048368 0.077236 -0.049801 -0.067015 0.075512 0.000239 -0.029714 -0.032556 -0.052215 0.040989 -0.045410 0.020413 -0.042699 -0.391860 -0.182216 -0.176968 -0.009868 -0.206266 -0.077738 -0.061848 -0.180126 -0.063760 0.000457 -0.190617 0.072916 -0.083605 -0.267672 0.020546 -0.126362 -0.143418 -0.137433 -0.200764 -0.162318 0.067356 -0.168139 0.142141 -0.222827 -0.133896 -0.184121 0.086025 0.023030 0.056547 -0.078468 -0.081345 -0.043376
0.079658 -0.346884 0.166062 -0.114297 0.086447 -0.314832 0.233281 -0.280449 0.504198 -0.241021 0.400969 -0.080332 0.512285 0.058663 1.000000 0.235173 0.108075 -0.079529 0.087666 0.048934 0.087705 -0.252582 0.450488 0.321173 0.135235 -0.061443 0.107419 -0.076207 0.088818 -0.129234 0.247277 0.140992 -0.286518 -0.204484 0.021734 -0.110959 -0.205953 -0.133949 -0.079028 -0.273253 -0.049981 -0.196830 -0.187693 -0.115104 -0.157010 -0.156087 -0.102974 -0.066619 0.072018 -0.154119 0.173752 0.139514 0.163693 0.239403 -0.002937 -0.171153 -0.214279 -0.189343 -0.033911 -0.124742 0.178620 -0.134553 -0.136590 -0.265542 0.392865 0.093599 0.013549 0.160400 -0.108636 0.149914 0.079962 -0.205310 0.015192 -0.229726 -0.139922 -0.220193 -0.087503 -0.239994 -0.065333 -0.298422 -0.163675 -0.177487 0.377778 0.084255 0.217665 -0.119599 0.213423 -0.055733 0.187923 0.082603 0.037361 0.295746 0.066705 0.236787 -0.171297 -0.136160 -0.182243 -0.100951 -0.085474 -0.073626 0.095845 0.031251 -0.177631 0.063105 0.052781 -0.031614 -0.145560 -0.224639 -0.122355 -0.020203 0.106854 0.067603 0.062288 0.078138 0.095356 0.017548
0.040605 -0.015591 -0.067702 0.376369 0.003433 0.454244 0.226150 0.341715 0.280300 0.448324 0.095801 0.421542 0.219420 0.399495 0.235173 1.000000 -0.234537 -0.273594 -0.211382 -0.115377 -0.119598 -0.151032 0.199924 0.347420 0.065455 0.151884 -0.007677 0.032835 -0.233894 -0.130308 -0.128436 -0.071230 -0.368749 -0.159326 -0.216571 0.144666 -0.339943 -0.176546 -0.326573 -0.241276 -0.112437 -0.048823 0.045550 0.026930 0.033168 0.007869 0.075240 -0.192863 0.137353 -0.054165 0.081825 -0.020055 0.227988 -0.179578 0.049539 -0.218561 -0.114339 -0.268912 0.207381 0.029949 0.207580 0.262833 -0.179131 -0.499872 0.276757 0.395399 -0.234625 -0.166020 -0.104034 -0.055071 -0.246492 0.019987 -0.209102 -0.288024 -0.207335 -0.219394 -0.399748 -0.404919 -0.170699 -0.374744 -0.219299 -0.238124 0.114014 0.162417 0.007655 0.128389 -0.060737 0.009316 0.182186 0.373005 0.274621 -0.016288 0.441719 0.158999 -0.310627 -0.172400 -0.222289 -0.259520 0.004691 -0.231563 0.096827 -0.107543 -0.227193 -0.028392 -0.003533 -0.151289 -0.155376 -0.325449 -0.291050 -0.328311 -0.164272 -0.007216 0.093045 0.142025 0.013578 0.152542
0.452220 -0.165978 -0.225502 -0.550673 -0.086005 -0.414287 -0.045136 -0.552188 -0.097938 -0.477601 0.410061 -0.286865 0.264749 0.064667 0.108075 -0.234537 1.000000 0.768997 0.375276 0.124012 -0.119052 -0.111267 -0.255902 -0.386438 -0.430289 -0.416077 -0.414050 -0.331828 0.737163 0.719442 0.171610 0.086216 0.453287 0.207002 -0.105085 -0.171792 0.593367 0.377269 0.204463 -0.010774 0.628346 0.467830 -0.142251 -0.254805 -0.320775 -0.237445 -0.216293 -0.083093 -0.365119 -0.138103 -0.118015 -0.164823 -0.278192 0.349784 -0.108093 -0.103864 0.498307 0.425184 -0.341564 -0.482150 0.011467 -0.427989 0.635950 0.395062 -0.241727 -0.550684 -0.005916 -0.373328 0.044281 -0.107809 0.264573 -0.037654 0.741972 0.535152 0.443904 0.278151 0.591634 0.409748 0.786664 0.399313 0.756954 0.742295 0.157605 0.197219 -0.151647 -0.383994 0.119736 -0.106703 -0.360815 -0.545450 -0.251994 0.003713 -0.462971 -0.225477 -0.046187 0.159488 -0.042236 -0.039852 0.209568 0.321540 0.050767 0.053856 0.181568 0.166611 -0.050357 0.069801 -0.024446 0.011758 0.054242 0.218476 0.024711 0.150717 0.144831 0.102811 0.158569 -0.139025
0.443521 0.079789 -0.249011 -0.437751 -0.004485 -0.456055 -0.175235 -0.495559 -0.154984 -0.422840 0.180782 -0.354453 -0.023666 -0.026691 -0.079529 -0.273594 0.768997 1.000000 0.417320 0.224197 -0.354371 -0.248931 -0.432995 -0.465993 -0.579037 -0.508255 -0.571126 -0.478532 0.649933 0.671757 -0.037005 -0.071069 0.517727 0.139546 -0.272957 -0.296515 0.561321 0.423967 0.293099 0.123967 0.514518 0.493440 0.050247 -0.097083 -0.303806 -0.297855 0.025946 0.089428 -0.276844 0.015147 -0.182001 -0.056405 -0.201678 0.295557 -0.027772 0.082423 0.503224 0.464292 -0.368975 -0.304900 -0.193111 -0.392562 0.653238 0.485294 -0.433542 -0.705341 -0.074968 -0.449609 0.096548 -0.090800 0.093172 -0.116140 0.722566 0.589137 0.513573 0.361214 0.571556 0.400840 0.691765 0.420211 0.727492 0.747255 0.010659 0.259060 -0.214332 -0.276890 0.063991 0.013331 -0.358272 -0.445829 -0.196174 -0.012771 -0.448908 -0.223287 0.041004 0.068456 0.030571 -0.076155 0.396759 0.384185 -0.027747 0.133332 0.257488 0.238494 -0.140357 0.101206 -0.071332 0.159228 0.241769 0.183084 -0.046671 0.263653 0.084754 -0.003746 0.074284 -0.121763
0.395508 0.136074 0.118765 -0.130024 0.293394 -0.337628 0.184370 -0.400510 0.208701 -0.364978 0.063755 -0.165804 0.001402 -0.079893 0.087666 -0.211382 0.375276 0.417320 1.000000 0.670731 -0.292614 -0.401097 -0.183140 -0.240043 -0.595217 -0.676787 -0.356960 -0.306854 0.520078 0.279627 0.140959 -0.049931 0.540676 0.450736 -0.213150 -0.328174 0.212898 0.036768 -0.029885 0.151133 0.227217 0.256730 -0.178787 -0.263325 -0.512859 -0.404504 -0.129969 -0.148868 -0.534717 -0.258789 -0.247221 -0.223097 -0.221484 0.234367 -0.103952 -0.060793 0.166525 0.216103 -0.376071 -0.371924 0.111118 -0.270368 0.384224 0.371077 -0.065426 -0.419979 -0.169595 -0.171741 0.483870 0.250989 0.255362 -0.108041 0.491814 0.282107 0.408858 0.197693 0.502727 0.220968 0.478709 0.233248 0.393210 0.315618 0.306807 0.384965 0.026792 -0.080934 0.098546 -0.093042 -0.176654 -0.250945 -0.157054 0.013168 -0.250916 -0.176209 -0.249791 -0.124438 -0.152253 -0.221339 0.192074 0.180130 -0.019647 0.178324 0.158795 0.149009 -0.266391 -0.230291 -0.026542 -0.032034 -0.162814 -0.086886 -0.028658 0.079680 0.042382 -0.052748 -0.155406 -0.206127
0.246461 0.281996 0.165325 -0.030169 0.297843 -0.105676 0.181077 -0.217261 0.211977 -0.045537 -0.023504 0.022666 -0.015342 -0.117800 0.048934 -0.115377 0.124012 0.224197 0.670731 1.000000 -0.207189 -0.480624 -0.220669 0.029578 -0.415797 -0.591042 -0.326544 -0.307799 0.348448 0.161401 0.092440 0.010471 0.333704 0.390185 -0.296596 -0.275929 -0.061194 -0.158829 -0.275975 -0.199732 -0.004508 0.111151 -0.252513 -0.399099 -0.498932 -0.384179 -0.159534 -0.133247 -0.490671 -0.402657 -0.344020 -0.347242 -0.268624 0.172993 -0.349626 -0.314412 0.123669 0.298226 -0.325508 -0.147199 -0.213010 -0.167638 0.228694 0.329041 -0.140928 -0.370270 -0.253487 0.102501 0.541576 0.533554 0.072493 -0.046108 0.246113 0.127830 0.164272 0.210531 0.224042 0.183684 0.247836 0.216325 0.353669 0.308556 0.236183 0.455523 -0.009797 -0.115240 -0.078264 -0.341330 -0.290801 -0.349842 0.197664 0.166611 0.081857 -0.003294 -0.279475 -0.188288 -0.299498 -0.262686 0.234899 0.027571 -0.015410 0.066861 0.295863 0.354456 -0.148277 -0.043947 -0.226484 -0.112273 -0.163545 0.027222 0.242826 0.000712 -0.162964 0.106836 -0.128386 0.132770
-0.375627 -0.315732 0.237301 0.202998 -0.013885 0.154680 0.038479 0.119469 -0.030007 0.116987 0.017655 0.113474 0.018128 -0.106885 0.087705 -0.119598 -0.119052 -0.354371 -0.292614 -0.207189 1.000000 0.489441 0.312370 0.357084 0.534781 0.491408 0.402086 0.268442 -0.231579 -0.190340 0.429152 0.524389 -0.261205 0.062528 0.309179 0.182078 -0.272969 -0.189381 0.017169 -0.142104 -0.082143 -0.337924 -0.049390 -0.065544 0.146546 0.130125 -0.075085 -0.065399 -0.007594 -0.046267 -0.022109 -0.064815 -0.044778 0.051429 -0.125204 -0.084728 -0.267482 -0.173214 0.097329 0.018972 0.144336 0.090530 -0.235621 -0.215291 0.292835 0.255202 0.048146 0.220083 -0.340294 -0.074459 0.188391 0.278623 -0.360360 -0.164228 -0.372051 0.026128 -0.308207 0.011087 -0.276821 -0.108648 -0.288828 -0.334490 -0.082851 -0.218586 -0.058540 -0.159502 -0.124271 -0.154785 -0.017086 -0.065587 -0.125398 -0.032942 -0.010615 -0.039922 0.005258 0.093180 0.083742 0.191194 -0.225461 -0.249830 -0.047438 -0.178758 -0.097310 -0.158106 0.321074 0.165351 0.061559 0.042963 0.092737 0.193211 0.066485 -0.020274 0.087496 0.166652 0.236292 0.218873
-0.285999 -0.256467 -0.049856 0.073621 -0.381506 0.235534 -0.159046 0.195094 -0.370527 0.076103 -0.108590 -0.092505 -0.139843 -0.063942 -0.252582 -0.151032 -0.111267 -0.248931 -0.401097 -0.480624 0.489441 1.000000 0.136750 0.043067 0.563765 0.593084 0.457130 0.444214 -0.229918 -0.092103 0.060544 0.206513 -0.090422 -0.066953 0.402663 0.287685 0.184243 0.090077 0.322707 0.219522 0.069625 -0.223801 -0.029142 0.022303 0.253275 0.189734 -0.106635 -0.001650 0.051302 0.120414 0.101063 -0.043916 0.034608 0.025572 0.181754 0.093793 -0.049448 -0.097217 0.074600 0.035850 0.081496 -0.019644 -0.086373 -0.094106 0.118581 0.164135 0.121845 0.060808 -0.271820 -0.179341 -0.032436 0.222251 -0.298837 -0.003301 -0.171578 -0.079867 -0.162368 0.072920 -0.231365 0.030541 -0.182943 -0.178226 -0.228291 -0.269810 0.030457 0.003071 -0.083518 0.213887 0.109533 0.113369 -0.139504 -0.231345 -0.070400 -0.066254 0.399735 0.112640 0.324021 0.351425 -0.204587 -0.117998 -0.143502 -0.058670 -0.009448 -0.287653 0.091954 0.179428 0.167625 0.293066 0.165834 0.054238 -0.207466 -0.119597 0.155050 -0.096030 0.099811 -0.135982
-0.297606 -0.567464 0.332662 0.350075 -0.194059 0.045000 0.200695 0.056624 0.331991 -0.150013 0.151765 -0.003199 0.121795 -0.135804 0.450488 0.199924 -0.255902 -0.432995 -0.183140 -0.220669 0.312370 0.136750 1.000000 0.723138 0.544002 0.517820 0.361862 0.294368 -0.141407 -0.414543 0.457302 0.440863 -0.524425 -0.245942 0.125716 -0.002141 -0.188567 -0.157316 -0.042354 -0.012087 -0.088987 -0.163022 -0.126256 -0.014275 -0.062469 -0.092959 -0.112660 -0.125280 0.171745 -0.242174 0.270452 0.063685 0.264067 -0.095741 0.028917 -0.154231 -0.386951 -0.329801 -0.104484 -0.239367 0.247663 -0.158580 -0.407513 -0.514817 0.696639 0.435779 -0.202963 0.136373 -0.359013 -0.084078 0.022583 0.088261 -0.239837 -0.372108 -0.153096 -0.244527 -0.380915 -0.366417 -0.243635 -0.389002 -0.468095 -0.451898 0.044703 0.072594 0.446142 0.183278 -0.001071 -0.049553 0.417241 0.416224 0.082329 0.101049 0.209148 0.097403 -0.095800 -0.033545 -0.114074 -0.058996 -0.415090 -0.404858 0.082091 -0.027210 -0.443153 -0.273531 -0.050915 -0.243864 -0.129853 -0.303228 -0.139164 -0.048613 -0.050340 -0.279433 -0.054271 0.059482 0.182920 -0.047754
-0.381927 -0.559125 0.435396 0.548283 -0.006478 0.300782 0.275499 0.310132 0.400509 0.186737 -0.125294 0.141680 -0.102942 -0.167201 0.321173 0.347420 -0.386438 -0.465993 -0.240043 0.029578 0.357084 0.043067 0.723138 1.000000 0.503089 0.434744 0.292663 0.156221 -0.207997 -0.419340 0.464011 0.566218 -0.543666 -0.082074 0.003402 0.004501 -0.408490 -0.334158 -0.275253 -0.238771 -0.305092 -0.255014 -0.200799 -0.161870 -0.071110 -0.063520 -0.144221 -0.268278 0.027593 -0.366464 0.153495 -0.110930 0.148046 -0.151771 -0.242361 -0.386995 -0.396129 -0.429166 -0.023549 -0.128208 0.174927 -0.019619 -0.345300 -0.405688 0.692106 0.528393 -0.325399 0.324295 -0.391380 -0.015137 -0.074791 0.153426 -0.424615 -0.464549 -0.261964 -0.280966 -0.510666 -0.396538 -0.319384 -0.486218 -0.525209 -0.508113 0.070864 0.282003 0.265728 0.170833 -0.171782 -0.215847 0.305161 0.298085 0.282310 0.211630 0.504924 0.173915 -0.209138 -0.096050 -0.397956 -0.144881 -0.356070 -0.525330 -0.025546 -0.182077 -0.398788 -0.167567 -0.007450 -0.068852 -0.243326 -0.265057 -0.108827 -0.071153 -0.066344 -0.284778 -0.201826 0.205201 0.207509 0.084252
-0.476994 -0.368029 0.118417 0.197381 -0.269348 0.272922 -0.079356 0.202965 -0.082984 0.094146 -0.117995 0.030614 -0.009549 -0.097922 0.135235 0.065455 -0.430289 -0.579037 -0.595217 -0.415797 0.534781 0.563765 0.544002 0.503089 1.000000 0.788966 0.635288 0.442228 -0.369812 -0.402890 0.244501 0.350640 -0.503329 -0.266009 0.383760 0.267037 -0.210236 -0.126031 0.082629 -0.119078 -0.255828 -0.349918 -0.056252 0.039117 0.276764 0.184740 -0.035644 0.017992 0.274567 0.004187 0.349898 0.072969 0.191529 -0.155783 0.139022 -0.066067 -0.360183 -0.293359 0.090631 0.072171 0.044791 0.026542 -0.343662 -0.366041 0.418988 0.434290 0.058689 0.340015 -0.420301 -0.116766 -0.071079 0.166864 -0.532291 -0.426898 -0.439391 -0.317614 -0.422212 -0.287323 -0.471583 -0.301573 -0.483641 -0.482930 -0.091780 -0.207493 0.306945 0.113436 -0.025889 0.069963 0.315952 0.258889 0.055684 -0.066835 0.227100 0.070725 0.249874 0.060030 0.072630 0.146824 -0.322008 -0.319551 -0.054031 -0.200619 -0.289202 -0.214789 0.122193 -0.063146 -0.046830 -0.154840 0.062619 -0.053339 0.017177 -0.228494 -0.018012 0.030470 0.111906 0.081616
-0.488391 -0.330366 -0.090264 0.406802 -0.419936 0.344016 -0.207023 0.307164 -0.275988 0.196853 -0.201837 0.025736 -0.123298 -0.067914 -0.061443 0.151884 -0.416077 -0.508255 -0.676787 -0.591042 0.491408 0.593084 0.517820 0.434744 0.788966 1.000000 0.631155 0.571235 -0.514613 -0.471585 0.052739 0.234173 -0.470831 -0.304548 0.352662 0.432922 -0.228339 -0.105515 0.052781 -0.059402 -0.192118 -0.241791 0.202592 0.289354 0.441333 0.344913 0.147726 0.180415 0.434003 0.173630 0.220403 0.133732 0.171045 -0.274617 0.086205 0.018286 -0.238713 -0.210870 0.173772 0.157169 -0.054311 0.107416 -0.482654 -0.447196 0.302807 0.516469 -0.021307 0.209573 -0.500644 -0.275804 -0.240392 0.096480 -0.554017 -0.369758 -0.393345 -0.326821 -0.573047 -0.339633 -0.448605 -0.259366 -0.452835 -0.423698 -0.198666 -0.418525 0.128329 0.090437 0.003315 0.138860 0.365254 0.437808 0.057509 -0.111273 0.165363 0.018717 0.126982 0.009222 0.165023 0.111584 -0.284020 -0.239311 -0.120258 -0.161366 -0.232246 -0.205364 0.233424 0.068096 -0.037874 -0.070505 0.003597 -0.084151 -0.029165 -0.202791 0.055158 0.081870 0.118887 0.094082
-0.385922 -0.110871 0.137667 0.259439 -0.011085 0.330948 0.030895 0.314619 -0.058438 0.144712 -0.062861 0.011151 0.088411 0.065538 0.107419 -0.007677 -0.414050 -0.571126 -0.356960 -0.326544 0.402086 0.457130 0.361862 0.292663 0.635288 0.631155 1.000000 0.814976 -0.553643 -0.595070 -0.091465 -0.013618 -0.381765 -0.252941 0.267070 0.174631 -0.357161 -0.297637 0.072043 -0.054425 -0.352153 -0.385695 -0.031000 0.104180 0.151223 0.120869 -0.026550 0.150640 0.271327 0.027238 0.259495 0.120022 0.059761 -0.155382 0.026094 0.050967 -0.225350 -0.264546 0.207979 0.325019 0.034650 0.174899 -0.374399 -0.107757 0.123101 0.357723 0.146986 0.437342 -0.125817 0.054268 -0.316766 -0.178836 -0.577528 -0.393146 -0.394164 -0.495624 -0.428091 -0.411998 -0.450056 -0.164173 -0.452139 -0.529090 0.043250 -0.422416 0.067391 0.107428 0.127986 0.166552 0.314430 0.206063 -0.000383 -0.067844 0.153788 0.065146 0.080250 -0.091279 0.139987 0.130772 -0.259770 -0.205491 -0.080627 -0.147659 -0.057433 -0.114419 0.426691 -0.085595 0.236490 -0.060319 -0.105040 -0.289921 0.058957 -0.203433 0.038289 -0.014591 -0.037284 0.068054
-0.318536 -0.016098 0.148548 0.342385 -0.031183 0.372455 0.061130 0.474714 -0.129700 0.141988 -0.010469 0.160213 0.145628 0.107042 -0.076207 0.032835 -0.331828 -0.478532 -0.306854 -0.307799 0.268442 0.444214 0.294368 0.156221 0.442228 0.571235 0.814976 1.000000 -0.457453 -0.516614 -0.130974 -0.055519 -0.244384 -0.094057 0.241356 0.280183 -0.346412 -0.223133 -0.032871 0.140677 -0.225619 -0.135698 -0.049784 0.116641 0.137016 0.169667 -0.032741 0.062329 0.148568 0.029335 0.140290 -0.003455 0.049071 -0.230860 -0.067156 0.064448 -0.171849 -0.222306 0.196245 0.302587 0.034241 0.211854 -0.326517 -0.128871 0.034636 0.342013 0.114244 0.354346 -0.128287 0.032498 -0.377589 -0.083449 -0.411593 -0.331298 -0.405159 -0.450993 -0.383370 -0.328469 -0.338627 -0.072732 -0.360349 -0.394143 0.121636 -0.396601 -0.013812 0.099087 0.104155 0.063968 0.179392 0.234581 -0.056697 -0.201661 0.065816 -0.011338 -0.066265 -0.091158 0.023874 -0.039705 -0.392051 -0.181369 -0.115596 -0.116599 -0.128671 -0.043859 0.438748 -0.095894 0.286085 0.013521 -0.258228 -0.455069 -0.096402 -0.254707 0.014530 -0.069931 0.040702 0.020605
0.284316 -0.247646 0.008653 -0.439781 0.035351 -0.467561 0.072122 -0.494800 0.095241 -0.554084 0.200674 -0.212681 0.101936 -0.010841 0.088818 -0.233894 0.737163 0.649933 0.520078 0.348448 -0.231579 -0.229918 -0.141407 -0.207997 -0.369812 -0.514613 -0.553643 -0.457453 1.000000 0.759078 0.439923 0.327222 0.523663 0.415911 -0.108815 -0.322500 0.556405 0.342181 0.085134 0.114357 0.599986 0.463741 -0.176204 -0.311344 -0.325064 -0.280827 -0.193829 -0.258532 -0.584300 -0.218951 -0.168090 -0.261372 -0.275780 0.234640 -0.193364 -0.129588 0.232776 0.196010 -0.464957 -0.545692 0.070811 -0.471658 0.553680 0.344570 -0.073910 -0.503801 0.033160 -0.267638 0.041980 -0.023871 0.411848 0.186737 0.872657 0.460572 0.510505 0.409782 0.657146 0.478014 0.667632 0.146252 0.615996 0.605474 0.236523 0.514613 -0.007242 -0.294540 -0.032486 -0.274235 -0.461844 -0.608663 -0.386033 -0.101024 -0.367716 -0.246024 -0.046797 0.205867 -0.130438 -0.092713 0.030287 0.134754 0.029687 -0.008026 -0.012206 0.083171 -0.352783 -0.096607 -0.161670 -0.061715 0.065631 0.242069 -0.100332 -0.027293 -0.034747 -0.007357 0.139595 -0.139757
0.289682 -0.086644 -0.268629 -0.543144 -0.105930 -0.311327 -0.107988 -0.447446 -0.195412 -0.401199 0.150782 -0.108568 0.056222 0.108824 -0.129234 -0.130308 0.719442 0.671757 0.279627 0.161401 -0.190340 -0.092103 -0.414543 -0.419340 -0.402890 -0.471585 -0.595070 -0.516614 0.759078 1.000000 0.219083 0.179055 0.577346 0.373528 -0.002361 -0.087929 0.659380 0.467290 0.159392 0.093068 0.627808 0.455591 -0.143813 -0.237194 -0.243797 -0.191699 -0.181972 -0.179239 -0.443905 -0.069484 -0.130003 -0.197215 -0.286045 0.204985 -0.099179 -0.069385 0.381650 0.359335 -0.339481 -0.432295 -0.119418 -0.419824 0.603156 0.289097 -0.317236 -0.553195 0.126870 -0.376098 0.073032 -0.160619 0.391462 0.287029 0.782357 0.577244 0.482365 0.615655 0.653329 0.674925 0.626999 0.267576 0.699582 0.739535 -0.025063 0.359533 -0.186512 -0.223833 -0.048378 -0.121500 -0.476863 -0.582015 -0.339214 -0.276009 -0.388903 -0.337771 0.136284 0.205333 0.001214 0.049728 0.123119 0.194531 0.132204 -0.057868 0.181524 -0.016702 -0.281053 0.113941 -0.092885 0.076389 0.205267 0.375489 0.033227 0.091956 -0.003601 0.122764 0.028937 -0.177489
-0.360502 -0.572439 0.398272 0.102574 -0.047275 -0.161330 0.206027 -0.055162 0.162248 -0.298368 0.070449 -0.046644 -0.004761 -0.152261 0.247277 -0.128436 0.171610 -0.037005 0.140959 0.092440 0.429152 0.060544 0.457302 0.464011 0.244501 0.052739 -0.091465 -0.130974 0.439923 0.219083 1.000000 0.876655 0.080097 0.398197 0.171974 -0.088165 0.143736 0.027774 0.008219 0.046948 0.242076 0.114765 -0.325546 -0.300716 -0.211626 -0.118969 -0.344735 -0.399829 -0.436959 -0.288211 -0.069747 -0.216675 -0.197920 0.083736 -0.329020 -0.194848 -0.368792 -0.269282 -0.286645 -0.420193 0.221868 -0.289835 0.016082 -0.189737 0.462593 0.066173 0.028120 0.120131 -0.265470 -0.088591 0.578874 0.475385 0.251424 0.126715 0.095865 0.285637 0.179009 0.287065 0.197370 -0.139904 -0.078815 -0.030560 0.172007 0.382059 0.179327 -0.083857 -0.169833 -0.409006 -0.291838 -0.295469 -0.371944 -0.152704 -0.118199 -0.197671 -0.159037 0.164994 -0.307361 -0.043064 -0.484373 -0.377218 -0.050485 -0.236579 -0.405743 -0.256143 -0.191015 -0.098227 -0.163372 -0.223431 -0.029137 0.124140 -0.169936 -0.147241 -0.077312 0.028189 0.203097 -0.163367
-0.457378 -0.613082 0.262026 0.241172 -0.150912 -0.042990 0.057493 0.051545 0.021039 -0.232464 -0.039051 0.069704 -0.165872 -0.178723 0.140992 -0.071230 0.086216 -0.071069 -0.049931 0.010471 0.524389 0.206513 0.440863 0.566218 0.350640 0.234173 -0.013618 -0.055519 0.327222 0.179055 0.876655 1.000000 -0.046408 0.402571 0.222586 0.006936 0.063730 0.047869 0.029288 0.046619 0.179316 0.061378 -0.186473 -0.146382 0.001893 0.032011 -0.210366 -0.255473 -0.324755 -0.185187 -0.111807 -0.236654 -0.171429 -0.016329 -0.284410 -0.120424 -0.345178 -0.318880 -0.356109 -0.421926 0.101370 -0.315423 -0.012064 -0.239820 0.468126 0.142239 -0.079425 0.087818 -0.397733 -0.209663 0.399753 0.524589 0.094710 0.081969 -0.055260 0.230837 0.058276 0.264968 0.063880 -0.120671 -0.128068 -0.084905 0.137058 0.386909 0.115115 -0.043648 -0.162930 -0.312514 -0.250006 -0.196288 -0.320680 -0.201488 -0.069352 -0.244792 -0.199736 0.253488 -0.256286 -0.009398 -0.488304 -0.359248 -0.119271 -0.345406 -0.386754 -0.305791 -0.158212 -0.039064 -0.193371 -0.144458 0.031251 0.118772 -0.163708 -0.062730 -0.113136 0.065183 0.309979 -0.128240
0.070225 0.180456 -0.180554 -0.257905 -0.079173 -0.349782 -0.221361 -0.294346 -0.294369 -0.335281 -0.187368 -0.320259 -0.140333 -0.090240 -0.286518 -0.368749 0.453287 0.517727 0.540676 0.333704 -0.261205 -0.090422 -0.524425 -0.543666 -0.503329 -0.470831 -0.381765 -0.244384 0.523663 0.577346 0.080097 -0.046408 1.000000 0.511121 0.153453 0.020328 0.494871 0.339949 0.166708 0.299744 0.452020 0.441905 -0.113607 -0.192729 -0.184050 -0.054313 -0.091297 -0.075594 -0.480991 0.079690 -0.304431 -0.132808 -0.332139 0.074951 -0.137561 0.116109 0.270427 0.360128 -0.320089 -0.099090 -0.243008 -0.371159 0.430258 0.458070 -0.429249 -0.544101 0.281571 -0.076578 0.414976 0.147122 0.293941 0.110523 0.615271 0.594817 0.463134 0.402066 0.647850 0.575900 0.527149 0.385918 0.526673 0.549509 0.030368 0.114617 -0.242677 -0.188795 0.015344 -0.160126 -0.507322 -0.469462 -0.468622 -0.391809 -0.519224 -0.466768 0.039645 0.064323 0.115689 0.068663 0.095246 0.306998 -0.149160 -0.064069 0.194164 0.082176 -0.164509 0.084880 -0.002864 0.172192 -0.009546 0.105676 -0.012725 0.069874 -0.101469 0.012360 -0.182149 -0.174764
-0.215030 0.060043 0.132453 0.139772 0.217876 -0.059230 0.136894 0.036360 0.036613 -0.138293 -0.197352 0.165220 -0.195060 -0.003374 -0.204484 -0.159326 0.207002 0.139546 0.450736 0.390185 0.062528 -0.066953 -0.245942 -0.082074 -0.266009 -0.304548 -0.252941 -0.094057 0.415911 0.373528 0.398197 0.402571 0.511121 1.000000 0.120498 0.089092 0.090152 0.025167 -0.095995 0.174798 0.301742 0.307955 -0.260050 -0.289817 -0.216740 -0.107159 -0.253871 -0.234504 -0.684412 -0.257701 -0.382212 -0.500845 -0.531327 -0.123289 -0.308723 -0.027576 -0.060170 0.065294 -0.220563 -0.318519 0.028410 -0.036621 0.267040 0.239392 -0.019062 -0.154985 -0.065929 -0.077956 0.136165 -0.019627 0.278162 0.430616 0.368833 0.284088 0.089750 0.309618 0.346204 0.536223 0.298945 0.284579 0.271243 0.304847 0.190053 0.263913 -0.170515 -0.057310 0.015436 -0.231610 -0.389742 -0.346478 -0.421105 -0.393525 -0.331105 -0.407181 -0.300155 0.099489 -0.232380 -0.118296 -0.311958 -0.061942 -0.180193 -0.220194 -0.072997 -0.028160 -0.191665 -0.193431 -0.018688 -0.035669 -0.100429 -0.053521 0.009078 0.057707 -0.146843 -0.048862 0.021710 -0.178633
-0.353821 -0.202725 -0.136520 -0.020307 -0.317134 -0.063405 -0.269472 -0.026688 -0.366830 -0.203812 -0.193861 -0.095343 -0.034208 -0.128856 0.021734 -0.216571 -0.105085 -0.272957 -0.213150 -0.296596 0.309179 0.402663 0.125716 0.003402 0.383760 0.352662 0.267070 0.241356 -0.108815 -0.002361 0.171974 0.222586 0.153453 0.120498 1.000000 0.521478 0.117736 0.153818 0.208263 0.065901 -0.016546 -0.249164 -0.054953 0.057196 0.341203 0.371529 -0.052915 0.169455 0.111519 0.110015 0.133902 0.001487 -0.031961 -0.042166 0.030940 0.039089 -0.149627 -0.135560 -0.052334 -0.040683 -0.117839 -0.164046 -0.186741 -0.156920 0.043776 0.065673 0.267593 0.161211 -0.190126 -0.190804 0.302886 0.391121 -0.113359 -0.052276 -0.124916 0.042494 0.004700 0.226233 -0.222085 -0.043743 -0.219143 -0.157011 -0.131703 -0.183385 0.052538 0.019868 0.192330 0.139392 0.067946 0.092600 -0.241120 -0.255339 -0.133753 -0.128733 0.288012 0.159352 0.166422 0.281624 -0.346809 0.116639 -0.135920 -0.191958 -0.127296 -0.266467 -0.016638 0.071031 -0.010535 0.168797 -0.000955 0.188490 0.100528 -0.110107 0.015604 -0.032196 -0.248541 -0.081765
-0.276901 -0.028708 -0.388474 0.080992 -0.376169 0.209163 -0.354086 0.073571 -0.323733 0.142571 -0.280009 0.074335 -0.121296 -0.016814 -0.110959 0.144666 -0.171792 -0.296515 -0.328174 -0.275929 0.182078 0.287685 -0.002141 0.004501 0.267037 0.432922 0.174631 0.280183 -0.322500 -0.087929 -0.088165 0.006936 0.020328 0.089092 0.521478 1.000000 -0.094110 -0.060402 -0.119639 -0.060486 -0.021651 -0.071510 0.085796 0.209092 0.387952 0.570488 0.112617 0.286084 0.209939 0.256869 -0.125611 -0.139530 -0.049456 -0.179406 -0.002189 -0.025754 0.020256 -0.002527 0.192186 0.076437 -0.228358 0.045872 -0.251529 -0.250536 0.007754 0.174951 0.026310 0.085146 -0.105286 -0.235771 0.075156 0.288238 -0.268253 -0.212278 -0.202571 -0.021547 -0.187333 -0.004036 -0.140131 0.018050 -0.104104 0.010812 -0.164613 -0.305292 0.025126 0.109174 0.135896 0.066780 0.100217 0.265371 0.101141 -0.220059 0.131957 -0.070918 0.042256 -0.138422 0.057009 0.042350 -0.208928 0.050093 0.016874 -0.075735 -0.093593 -0.015815 0.034632 0.108908 -0.090411 0.064103 -0.167419 -0.084507 0.124028 -0.060396 0.084739 -0.022930 -0.127058 -0.112067
