1.000000 0.505904 0.146317 -0.244168 -0.074681 -0.236995 -0.163220 -0.339731 -0.138450 -0.293818 0.082079 -0.135121 0.027058 -0.141022 -0.100674 -0.205163 0.026390 0.272510 0.307106 0.052624 -0.160886 -0.332736 -0.053185 -0.297064 -0.298386 -0.266473 -0.115430 -0.021653 0.098580 0.097478 -0.075525 -0.120212 0.200217 0.062520 -0.105064 0.051026 0.071194 -0.161355 0.064205 0.124855 0.103573 0.182364 -0.171685 -0.035770 -0.127299 -0.113588 -0.126678 -0.031580 -0.209801 -0.071476 -0.287673 -0.167102 -0.021285 -0.151228 0.022164 -0.019472 0.715670 0.417925 0.094472 0.036722 0.181978 0.162202 0.132662 0.395274 -0.032789 -0.243240 -0.120498 -0.203094 0.340386 0.032803 -0.263337 -0.359751 0.085689 0.038423 0.097572 0.083293 0.195650 -0.110995 -0.082226 -0.151717 0.131869 0.308187 -0.117867 0.041392 -0.051903 -0.152087 0.019384 -0.151899 -0.043515 0.045457 -0.284433 -0.151363 -0.285528 -0.234765 0.044566 0.034104 0.137575 -0.025417 0.010793 0.302592 -0.150390 0.260212 -0.048999 0.143012 -0.068681 -0.096007 0.214189 0.192777 0.039931 0.134640 0.022766 -0.119694 -0.128786 -0.106429 0.159006 0.068506
0.505904 1.000000 -0.080004 0.041342 -0.136711 -0.312121 -0.223709 -0.110731 -0.078289 -0.294899 0.043875 0.077783 0.090424 0.021999 -0.053257 0.029945 0.052675 0.359562 0.203368 0.309862 -0.108580 -0.210181 -0.189151 -0.248894 -0.394621 -0.356838 -0.187970 -0.077161 0.199105 0.214108 -0.071757 -0.095342 0.051551 0.032927 -0.372312 -0.329758 0.323122 0.063661 0.109295 0.080352 0.227558 0.040664 -0.196781 -0.035741 -0.138057 -0.242537 0.020412 -0.094657 -0.171276 0.046491 -0.271891 -0.037820 0.079964 0.084802 -0.045944 0.069050 0.361265 0.599532 -0.036473 0.073214 0.023567 0.262338 0.105866 0.509095 -0.264349 -0.347043 -0.362972 -0.399432 0.228383 0.249469 -0.207043 -0.189020 0.120270 -0.084964 0.005415 0.033445 0.056339 -0.134814 0.117133 -0.031057 0.074389 0.169835 -0.033433 0.006215 -0.073213 -0.101467 -0.204830 -0.121287 -0.130044 -0.058371 -0.166546 -0.220634 -0.045091 -0.077464 -0.212210 0.200038 0.142463 -0.048582 0.101693 0.201803 -0.113410 0.131056 0.114137 0.184727 -0.134216 -0.168214 0.257606 0.174552 -0.003312 -0.006787 -0.023110 0.054827 0.058267 0.211456 0.223970 0.109494
0.146317 -0.080004 1.000000 0.030329 0.376637 -0.092188 0.397648 -0.070609 0.294018 -0.335853 -0.062005 -0.108554 0.180708 -0.105729 0.283403 -0.094623 -0.263044 -0.006355 0.234250 -0.056771 0.143402 -0.250587 0.478922 0.106263 0.328630 0.015041 0.182684 0.057569 -0.026812 -0.109444 0.241121 0.211915 -0.073341 0.061513 0.154354 0.061557 -0.456208 -0.625586 -0.258423 -0.331365 0.034888 -0.342303 -0.115989 -0.146981 0.043661 0.133584 -0.212892 -0.039011 0.125197 -0.106980 0.099120 0.023513 -0.016601 -0.116600 -0.225430 -0.427155 -0.128190 -0.216472 0.223329 0.164403 0.038444 -0.081530 -0.254660 -0.055630 0.241115 -0.076196 0.370410 0.311139 -0.098065 -0.139434 0.244434 -0.210537 -0.070196 -0.109078 -0.171170 -0.096093 -0.163297 -0.220608 -0.254404 -0.192569 -0.398268 -0.013028 0.051223 0.198305 -0.141184 -0.161758 0.062471 -0.292471 -0.128757 0.084221 -0.148464 0.237264 -0.181664 0.209792 -0.106872 -0.280473 -0.006290 -0.030856 -0.270318 -0.359882 -0.332434 0.303982 -0.009803 0.144780 0.063501 0.064637 -0.138239 0.148597 -0.043407 -0.029397 0.143313 -0.076031 -0.249798 -0.075971 0.046001 -0.201306
-0.244168 0.041342 0.030329 1.000000 -0.130751 -0.361576 -0.127968 0.474606 -0.162825 -0.270739 0.014213 0.123019 -0.014008 0.286968 -0.041286 0.278909 -0.019874 -0.250110 0.158278 0.445008 0.004861 0.210958 0.139826 0.525822 0.127905 0.174153 0.307829 0.481484 -0.386749 -0.338155 -0.102832 0.116656 -0.137091 -0.051373 0.015114 -0.153092 -0.138870 0.143668 -0.077283 -0.069778 0.060785 -0.192066 -0.341926 -0.320748 -0.404264 -0.090718 -0.289490 -0.254779 -0.464175 -0.409204 -0.154338 -0.353121 -0.260111 -0.235175 -0.055399 -0.218835 -0.092316 0.033735 -0.471154 -0.337705 -0.463398 -0.108588 -0.312417 -0.025695 -0.007178 0.384212 -0.257453 0.375955 -0.040888 0.174605 0.051699 0.115427 -0.267334 -0.056671 -0.175516 -0.069675 -0.147096 0.094512 0.137907 0.002573 -0.126946 -0.291223 -0.200467 -0.217698 0.151920 0.593126 0.005503 0.149611 0.093159 0.242015 0.134944 -0.129935 0.612362 -0.079722 -0.111546 0.043107 -0.122962 0.122822 0.008045 -0.163914 0.159741 -0.105724 0.263911 -0.121317 0.082716 0.136743 -0.230162 -0.114294 -0.079047 -0.080179 0.063717 0.045050 0.261871 0.037285 0.129271 -0.100752
-0.074681 -0.136711 0.376637 -0.130751 1.000000 0.289061 0.045699 0.038200 0.843128 -0.095034 -0.032295 -0.077403 0.071141 -0.092323 0.359936 -0.232587 -0.291395 0.112950 0.068219 -0.192555 0.272326 0.127869 0.261969 -0.078592 0.533846 0.114694 0.026875 -0.154354 -0.036433 0.083716 0.053059 0.056288 -0.036193 -0.050998 -0.120945 -0.045287 -0.294447 -0.420949 -0.171250 -0.400300 0.113960 -0.388167 0.060472 -0.021016 0.197285 0.209870 0.045349 -0.048138 0.356834 0.274025 0.214023 0.219511 0.217613 -0.070834 -0.077090 -0.206264 -0.187204 -0.360223 0.318561 0.309427 0.121514 0.038672 -0.023881 0.095623 -0.068184 -0.007318 0.463536 0.196529 -0.248155 -0.285836 0.297164 0.002437 0.098209 0.073160 0.073083 -0.179529 -0.149961 -0.167635 -0.309191 -0.034839 -0.234805 -0.116155 0.000215 -0.046784 -0.107358 -0.150485 0.025206 -0.240182 -0.198295 0.073773 -0.094589 -0.097333 -0.221687 -0.054500 -0.120752 -0.193706 -0.188275 -0.253744 0.027297 -0.020070 -0.003614 -0.026424 0.227415 0.154520 0.035571 0.083471 -0.094210 -0.035689 0.138049 -0.100177 -0.036865 -0.072738 0.019714 0.016256 -0.174989 -0.163948
-0.236995 -0.312121 -0.092188 -0.361576 0.289061 1.000000 -0.025127 0.016389 0.380997 0.540527 0.026431 0.116850 0.101661 -0.048864 0.422807 0.129937 -0.178105 -0.149237 -0.182996 -0.411453 0.111119 0.136306 -0.015145 -0.158504 0.178849 0.204189 -0.129782 -0.333886 -0.024532 0.054912 -0.184002 -0.295151 -0.241045 -0.413639 -0.135230 0.012909 -0.192141 -0.195254 -0.115715 -0.286234 -0.261876 -0.041307 0.480482 0.355755 0.599883 0.310479 0.574169 0.349969 0.727964 0.635522 0.327284 0.588090 0.448169 0.355035 0.229322 0.339936 -0.349125 -0.473706 0.380669 0.460817 0.216722 0.106074 -0.072699 -0.361006 -0.301815 -0.075372 0.421146 0.055325 -0.183275 -0.048486 0.086952 -0.192542 0.042535 -0.004006 0.029941 -0.154155 -0.269329 -0.316370 -0.293059 -0.141149 -0.176476 -0.352416 0.111773 -0.102598 -0.232720 -0.430174 -0.058824 -0.012826 -0.010917 0.164083 0.158166 0.169016 0.026095 0.185679 -0.016342 -0.194887 0.195626 -0.075832 0.177966 0.241268 0.148085 -0.151950 -0.038687 -0.072327 0.033606 -0.037843 0.085362 -0.127381 -0.053194 -0.157367 0.017155 0.141134 0.155170 -0.136375 -0.285936 -0.061240
-0.163220 -0.223709 0.397648 -0.127968 0.045699 -0.025127 1.000000 0.177133 0.023036 0.123501 0.237692 0.295145 0.359013 0.128406 0.057548 0.012675 -0.051922 0.021482 -0.035996 -0.100076 0.132868 0.055596 0.072816 0.001955 -0.147032 -0.140754 -0.076890 -0.176866 0.380558 0.078703 0.286731 0.061205 0.018409 0.383448 -0.024303 0.061378 -0.150750 -0.189627 -0.211306 -0.187151 0.218709 0.000797 0.044270 0.021889 0.142574 0.008883 0.049187 0.106804 0.112183 -0.073818 -0.145994 -0.155905 -0.036287 -0.116487 -0.241718 -0.319812 -0.298919 -0.299485 0.128875 -0.012067 0.281624 -0.031816 0.133228 -0.243329 0.196822 -0.028050 0.072153 -0.118110 -0.291392 -0.310454 0.257664 0.030383 0.226045 0.128365 0.055672 0.181386 0.002749 -0.070282 -0.038113 0.035449 -0.215157 -0.043924 0.254517 0.240368 -0.081162 -0.182309 0.165308 -0.230577 0.061439 0.030922 0.062838 0.295746 -0.070208 0.417063 -0.224232 -0.307844 -0.268531 -0.204871 -0.439875 -0.444848 0.017686 0.236456 -0.018956 -0.034081 -0.133370 -0.024937 -0.303369 0.143278 -0.074009 -0.054633 -0.011989 -0.070116 -0.093696 -0.009667 0.141950 -0.109575
-0.339731 -0.110731 -0.070609 0.474606 0.038200 0.016389 0.177133 1.000000 -0.035848 0.005420 0.216963 0.479517 0.104310 0.485223 0.165188 0.264656 0.059231 -0.096408 0.135967 0.052007 0.174485 0.415105 -0.149848 0.284234 -0.025310 0.255485 0.000712 0.080641 -0.043162 -0.089890 0.004962 0.101800 -0.051790 0.094327 -0.253992 -0.088930 -0.138350 0.054007 -0.275436 -0.229666 0.114066 -0.125715 -0.096518 -0.190626 -0.072559 -0.011386 0.030778 -0.117947 -0.037380 -0.103635 -0.121375 -0.083405 0.032881 -0.162992 -0.208423 -0.168116 -0.224023 -0.274705 -0.117268 0.007499 -0.022720 0.159457 0.065651 -0.013919 -0.157343 0.570310 -0.058099 0.162535 -0.387497 -0.133667 0.135724 0.316440 0.033890 0.134617 0.038494 0.060227 -0.067108 0.073900 -0.164143 -0.106488 -0.081224 -0.365168 0.023090 -0.175551 -0.054087 0.174019 0.022958 -0.108437 -0.108073 0.196264 0.189100 -0.169952 0.345972 -0.073088 -0.293544 -0.040230 -0.455787 -0.055076 -0.164307 -0.234664 0.307781 -0.176342 0.128330 -0.322445 -0.130589 -0.027479 -0.346295 -0.224918 0.058786 0.006025 -0.208642 -0.014009 0.226953 -0.018819 -0.033496 -0.281633
-0.138450 -0.078289 0.294018 -0.162825 0.843128 0.380997 0.023036 -0.035848 1.000000 0.004591 -0.004187 -0.005727 0.203289 -0.089315 0.415449 -0.116028 -0.258495 0.217439 0.027047 -0.236858 0.050608 0.033947 0.190705 -0.189461 0.452004 0.037555 -0.145153 -0.351606 0.073256 0.141234 0.069593 0.000451 0.006849 -0.087684 -0.178374 -0.215382 -0.123002 -0.301642 -0.019612 -0.313264 0.086564 -0.384866 0.126467 -0.019276 0.189563 0.092103 0.054136 0.027928 0.419908 0.318201 0.164366 0.271337 0.216165 0.059023 0.024839 -0.028805 -0.189212 -0.295195 0.278231 0.264483 0.166877 0.118245 0.013062 0.075664 -0.175347 -0.188921 0.343125 0.036882 -0.243567 -0.142147 0.242995 -0.038138 0.140894 -0.060846 0.021548 -0.145380 -0.124236 -0.115701 -0.201206 0.003724 -0.202083 -0.077856 -0.033363 0.063558 -0.209787 -0.193291 -0.088567 -0.087393 -0.235471 0.106946 -0.155074 -0.035479 -0.225423 -0.002092 -0.033998 -0.102256 -0.101607 -0.177247 -0.074996 -0.000850 0.029739 -0.074622 0.108934 0.214759 0.011476 0.065600 -0.024030 0.027333 0.185134 -0.064114 -0.019868 0.013010 -0.075842 0.157817 -0.106323 -0.065656
-0.293818 -0.294899 -0.335853 -0.270739 -0.095034 0.540527 0.123501 0.005420 0.004591 1.000000 0.179957 0.281600 0.106816 0.123142 -0.012952 0.178471 -0.138108 -0.039056 -0.326075 -0.320965 -0.042090 -0.003565 -0.278080 -0.034583 -0.084456 0.072170 -0.192147 -0.398384 0.067195 0.171745 -0.016250 -0.210836 -0.107833 -0.122380 0.041259 0.044629 -0.047602 0.065966 -0.262823 -0.188894 -0.095761 0.038236 0.333898 0.303258 0.344665 0.076615 0.418401 0.245481 0.351077 0.349406 0.080901 0.242340 0.145980 0.339243 0.087649 0.185579 -0.303735 -0.333094 0.105432 0.119417 0.300316 0.171358 0.103366 -0.357514 0.122029 0.000426 0.085172 -0.178732 -0.184421 -0.030046 0.066684 -0.000900 0.115202 0.159822 -0.015132 0.086560 -0.168969 -0.048350 -0.201485 0.054974 -0.025495 -0.147258 0.220389 -0.121337 0.023342 -0.190924 0.108473 0.125425 0.056132 -0.050755 0.175962 0.238109 0.011714 0.262650 0.114504 -0.035393 -0.020267 0.140538 0.079901 0.219513 0.193295 0.047371 -0.206497 0.022398 0.074220 0.084222 0.000336 0.079674 -0.135252 0.016383 -0.061740 0.227615 0.141878 -0.059366 -0.228049 0.191931
0.082079 0.043875 -0.062005 0.014213 -0.032295 0.026431 0.237692 0.216963 -0.004187 0.179957 1.000000 0.637593 0.734473 0.468690 0.418740 0.383803 -0.053727 0.086338 -0.000419 -0.209762 -0.116526 0.111981 0.080586 0.059056 -0.103144 -0.150363 -0.000084 -0.069813 0.140472 0.137038 0.053398 -0.146137 -0.086696 -0.106114 -0.105854 -0.168550 0.054902 -0.014384 -0.179127 -0.176856 0.161604 -0.202580 -0.197739 -0.012180 -0.048183 -0.162313 -0.019416 -0.202704 0.035414 -0.045838 -0.033429 0.072612 0.216390 0.184996 0.101913 0.065970 0.011064 -0.123523 -0.058346 -0.025963 0.306193 0.408583 0.065206 -0.071860 0.274656 0.150859 -0.267774 -0.229201 -0.447563 -0.177984 -0.109207 -0.106121 0.201400 0.121927 -0.015977 -0.005016 -0.084716 -0.243553 -0.194662 0.001053 -0.125883 -0.111061 -0.309646 -0.208038 0.051519 -0.049603 -0.095060 -0.114081 0.306326 0.334047 0.010805 -0.111028 0.122315 0.103031 -0.231936 0.010768 -0.183193 -0.036213 -0.057604 -0.093334 0.041163 -0.003156 -0.089780 -0.159945 -0.170801 -0.162698 -0.114061 0.097594 -0.041195 0.026744 -0.151927 -0.109203 0.242472 0.135767 -0.029434 0.025625
-0.135121 0.077783 -0.108554 0.123019 -0.077403 0.116850 0.295145 0.479517 -0.005727 0.281600 0.637593 1.000000 0.497169 0.703719 0.255169 0.571254 -0.013717 0.181592 -0.054338 -0.269125 -0.104292 0.263803 -0.088773 0.081919 -0.155559 -0.057852 -0.087372 -0.161195 0.426965 0.332766 0.167652 -0.060902 0.023280 0.003854 -0.318154 -0.389134 0.120714 0.172996 -0.152444 -0.236710 0.339849 0.038206 -0.163567 -0.142972 -0.088768 -0.300957 0.015971 -0.308734 0.075556 -0.055718 -0.166946 -0.036926 0.214268 0.100422 0.134677 0.081076 -0.114806 -0.258216 -0.056592 -0.051562 0.406930 0.586433 0.104780 -0.001039 0.122756 0.339942 -0.225621 -0.391348 -0.328754 -0.213219 -0.122156 0.071469 0.348253 0.262785 0.167510 0.295004 0.041834 -0.170573 -0.178461 0.090568 -0.020912 -0.191273 -0.027352 -0.145167 -0.039885 -0.041344 -0.012355 -0.078086 0.053350 0.293951 -0.097114 -0.208797 0.184925 0.185250 -0.190514 -0.002009 -0.277964 0.047604 -0.197517 -0.225729 0.071149 -0.056558 -0.169100 -0.248183 -0.342255 -0.185356 -0.358904 0.020533 -0.005480 -0.066662 -0.319697 -0.170286 0.158220 0.010709 -0.138372 -0.237468
0.027058 0.090424 0.180708 -0.014008 0.071141 0.101661 0.359013 0.104310 0.203289 0.106816 0.734473 0.497169 1.000000 0.448034 0.594795 0.458563 -0.233405 0.163792 -0.124086 -0.291633 0.035426 0.159460 0.304234 0.142572 0.038738 0.041377 0.080307 -0.048128 0.170995 0.113677 0.301563 -0.058990 -0.201542 -0.126545 -0.167933 -0.255295 -0.101168 -0.094316 -0.250491 -0.290122 0.199641 -0.187016 -0.134405 -0.004526 0.058704 -0.173071 0.035101 -0.214009 0.217328 0.084348 0.124795 0.245061 0.335288 0.316709 0.028034 0.051458 -0.096433 -0.156449 0.050130 0.062944 0.343457 0.383085 -0.196240 -0.165951 0.209208 0.023957 -0.255869 -0.348680 -0.408527 -0.112847 0.054437 -0.094626 0.163577 -0.018793 -0.060781 0.006528 -0.163533 -0.360317 -0.209019 -0.099013 -0.365694 -0.139788 -0.208927 -0.169535 -0.119659 -0.149330 -0.100291 -0.189673 0.033130 0.391446 -0.117345 -0.100716 0.080319 0.210698 -0.315163 -0.148758 -0.204989 -0.113786 -0.210932 -0.238160 0.133028 -0.057553 -0.070294 -0.217719 -0.064653 -0.141594 -0.115796 0.095431 -0.212067 -0.147071 -0.221748 0.061652 0.192239 0.214316 0.034654 0.006928
-0.141022 0.021999 -0.105729 0.286968 -0.092323 -0.048864 0.128406 0.485223 -0.089315 0.123142 0.468690 0.703719 0.448034 1.000000 0.239742 0.693438 -0.171977 0.032045 -0.159518 -0.170151 0.174513 0.405691 0.053615 0.428519 0.020952 0.176818 0.204263 0.143688 0.066185 0.049707 0.207719 0.150281 -0.219734 -0.063782 -0.298496 -0.276043 -0.009364 0.267458 -0.192750 -0.086965 0.199683 -0.015161 -0.364558 -0.306147 -0.333855 -0.414076 -0.228521 -0.417005 -0.103409 -0.265469 -0.111407 -0.063594 0.147261 0.050578 0.003480 -0.081229 -0.034769 -0.081652 -0.138973 -0.140410 0.234865 0.351951 -0.133323 -0.119665 0.068982 0.404062 -0.356002 -0.305848 -0.206997 0.075073 0.044273 0.279342 -0.012543 0.160182 -0.064641 0.194574 -0.013915 -0.012723 -0.196179 -0.039586 -0.123344 -0.212586 -0.063349 -0.205552 -0.010618 0.222256 0.040313 -0.177230 0.018079 0.236021 0.013884 -0.238896 0.444434 0.250025 -0.196440 -0.022058 -0.294146 0.084194 -0.142481 -0.257537 0.295794 -0.085526 -0.002040 -0.305922 -0.146529 -0.108232 -0.354917 0.010320 -0.065311 -0.068999 -0.290448 -0.066738 0.217798 0.162375 -0.045868 -0.271508
-0.100674 -0.053257 0.283403 -0.041286 0.359936 0.422807 0.057548 0.165188 0.415449 -0.012952 0.418740 0.255169 0.594795 0.239742 1.000000 0.322470 -0.300258 -0.039456 -0.161924 -0.319784 0.173711 0.229868 0.565046 0.199240 0.351615 0.211547 0.359064 0.146433 -0.205374 -0.223108 -0.016285 -0.126797 -0.457927 -0.507278 -0.156940 -0.011156 -0.292593 -0.421050 -0.320929 -0.418285 -0.242415 -0.496363 0.038461 0.031180 0.222406 0.072403 0.097338 -0.010826 0.503002 0.331144 0.439962 0.580619 0.488900 0.419655 -0.020801 0.008803 -0.211537 -0.382440 0.192899 0.376199 0.092562 0.148450 -0.331031 -0.210765 -0.095222 0.106815 0.073199 0.063008 -0.438300 -0.098018 0.090458 -0.062938 -0.162189 -0.094729 -0.215092 -0.259151 -0.402974 -0.525583 -0.466296 -0.311779 -0.373789 -0.337004 -0.068425 -0.196286 -0.092004 -0.143768 -0.138877 -0.286412 0.154994 0.438178 0.127844 0.060974 0.182239 0.231886 -0.386549 -0.310288 -0.096034 -0.256185 -0.000656 -0.153417 0.125854 -0.071028 0.064289 -0.033375 0.002596 -0.042069 0.020397 0.068778 -0.129652 -0.204334 0.029392 -0.033994 0.135266 0.148052 -0.040122 -0.137790
-0.205163 0.029945 -0.094623 0.278909 -0.232587 0.129937 0.012675 0.264656 -0.116028 0.178471 0.383803 0.571254 0.458563 0.693438 0.322470 1.000000 -0.120774 -0.052057 -0.340448 -0.245352 0.039965 0.433369 0.108996 0.465246 0.082613 0.361514 0.249428 0.200322 -0.048737 0.075428 0.183503 0.061838 -0.275654 -0.278982 -0.201659 -0.226619 -0.017488 0.288181 0.021730 -0.043270 0.079661 0.046161 -0.210702 -0.168115 -0.194692 -0.293180 -0.094165 -0.282843 0.051273 -0.086632 0.015315 0.131711 0.194261 0.262402 0.129347 0.059137 -0.093621 -0.155111 -0.071028 -0.041490 0.147398 0.428533 -0.245026 -0.290957 0.004986 0.327931 -0.354500 -0.264374 -0.260481 0.142456 -0.121009 0.092123 -0.117193 0.114926 -0.131489 0.172082 -0.230578 -0.251146 -0.124447 -0.109944 -0.170507 -0.360527 -0.060885 -0.225624 0.028375 0.188276 0.042072 0.048863 0.052721 0.459640 0.093917 -0.174563 0.492654 0.205123 -0.173643 -0.119884 -0.080511 -0.023843 -0.097466 -0.288454 0.272330 -0.202672 0.060262 -0.325992 -0.181345 -0.026662 -0.318183 -0.106007 -0.128327 -0.209194 -0.146559 0.095873 0.148612 0.128469 0.004082 -0.246221
0.026390 0.052675 -0.263044 -0.019874 -0.291395 -0.178105 -0.051922 0.059231 -0.258495 -0.138108 -0.053727 -0.013717 -0.233405 -0.171977 -0.300258 -0.120774 1.000000 0.226667 0.154289 0.261038 -0.451287 -0.130627 -0.301956 -0.253650 -0.414662 -0.256929 -0.268849 -0.091707 0.322861 0.157678 -0.227742 -0.065183 0.355305 0.120428 0.166552 -0.022996 0.209552 0.216101 0.241780 0.175660 -0.016578 0.274905 -0.016902 -0.034851 -0.108917 -0.037085 -0.046640 -0.070291 -0.352113 -0.289106 -0.141652 -0.259812 -0.245714 -0.142386 0.059723 0.152794 0.183964 0.174566 -0.211843 -0.276151 -0.099818 -0.145557 0.313532 0.129139 -0.040088 0.127423 -0.184354 0.026517 0.150105 -0.039560 -0.299887 -0.144031 0.233954 0.000221 0.311297 -0.002844 0.237403 0.102108 0.565723 0.345244 0.672645 0.388632 0.290949 0.091786 0.395651 0.222800 0.314863 0.314974 -0.036844 0.053395 -0.180840 -0.209467 -0.201785 -0.297178 0.051362 0.081765 -0.031746 -0.138635 -0.211027 -0.091085 -0.211295 0.151325 -0.115165 -0.206059 -0.100194 -0.086503 0.098171 -0.205510 -0.025754 0.143716 0.003688 -0.303120 -0.292108 -0.118636 -0.131188 0.004295
0.272510 0.359562 -0.006355 -0.250110 0.112950 -0.149237 0.021482 -0.096408 0.217439 -0.039056 0.086338 0.181592 0.163792 0.032045 -0.039456 -0.052057 0.226667 1.000000 0.174447 -0.136287 -0.322823 -0.213358 -0.068322 -0.358078 -0.116828 -0.192888 -0.316805 -0.427143 0.475387 0.550666 0.255316 0.060627 0.336490 0.089362 -0.269216 -0.329739 0.133026 0.014595 0.062863 -0.100010 0.236449 0.051469 -0.178705 -0.176129 -0.234778 -0.367574 -0.058160 -0.293054 -0.034094 -0.113403 -0.220495 0.050190 0.126609 0.123555 -0.007770 0.044057 0.168685 0.161537 0.208782 0.095565 0.370297 0.410604 0.321141 0.490179 0.065683 -0.242735 -0.134156 -0.443216 0.058232 -0.118807 -0.069682 -0.069568 0.332887 0.177562 0.131033 0.243609 0.323127 -0.049144 0.119767 0.101147 0.175547 0.486946 0.230255 0.236378 -0.092256 -0.228426 0.241689 -0.025789 -0.301146 -0.106977 -0.504567 -0.243066 -0.398391 -0.120907 -0.030038 0.032676 -0.027470 -0.259478 -0.274658 0.016245 -0.060426 0.104328 -0.174630 -0.090436 -0.224509 -0.329206 0.064826 0.160534 -0.081918 0.120652 -0.229311 -0.110493 -0.125427 0.242465 0.062202 -0.008852
0.307106 0.203368 0.234250 0.158278 0.068219 -0.182996 -0.035996 0.135967 0.027047 -0.326075 -0.000419 -0.054338 -0.124086 -0.159518 -0.161924 -0.340448 0.154289 0.174447 1.000000 0.442174 -0.021906 -0.249353 -0.136791 -0.438841 -0.179831 -0.410086 -0.301897 -0.140481 0.146756 0.000759 -0.194565 -0.080525 0.303675 0.174311 -0.148067 -0.335280 -0.051575 -0.227343 -0.025491 -0.204144 0.210548 -0.148804 -0.089770 -0.131410 -0.044925 -0.060546 -0.053839 -0.082628 -0.110524 -0.083411 -0.189166 -0.154015 -0.066672 -0.339999 0.023383 -0.076501 0.068628 0.042365 0.067489 0.118318 -0.037883 0.000573 0.265119 0.508510 0.005268 -0.082051 0.197436 0.239038 0.222980 -0.015374 -0.027874 -0.405688 0.127994 -0.103908 0.191707 -0.082771 0.293086 0.030760 0.068493 -0.272068 0.035328 0.124408 -0.097540 0.091953 -0.114841 -0.120734 -0.185675 -0.200184 -0.035433 -0.146181 -0.132401 -0.034393 -0.103598 -0.243720 0.033806 0.102773 0.212041 -0.034958 -0.123257 0.060469 -0.200733 0.165061 0.095394 0.080948 -0.052076 -0.251013 0.093501 -0.005437 0.040317 0.042844 -0.119303 -0.154865 -0.041006 -0.080862 -0.110523 -0.178633
0.052624 0.309862 -0.056771 0.445008 -0.192555 -0.411453 -0.100076 0.052007 -0.236858 -0.320965 -0.209762 -0.269125 -0.291633 -0.170151 -0.319784 -0.245352 0.261038 -0.136287 0.442174 1.000000 0.094830 -0.082425 -0.142762 0.047984 -0.326230 -0.292514 0.030042 0.211479 -0.085999 -0.253619 -0.274106 0.075370 -0.062984 0.155621 -0.091889 -0.085616 0.058093 0.002572 0.084265 0.081788 0.046994 -0.034835 -0.306267 -0.236922 -0.251188 -0.197087 -0.231383 0.019013 -0.427834 -0.294478 -0.251279 -0.307822 -0.234013 -0.179685 -0.160279 -0.226528 -0.004475 0.379923 -0.275376 -0.132616 -0.492133 -0.379661 -0.004625 0.228247 -0.125849 -0.137937 -0.277878 0.154421 0.414614 0.372860 0.080331 0.015209 -0.192398 -0.206040 -0.093391 -0.194285 -0.066040 0.184515 0.420581 0.030104 0.174643 0.101135 0.149862 0.161610 0.155460 0.209582 -0.029082 0.023329 0.154091 -0.119629 0.212732 0.095344 0.154403 -0.082400 0.006927 0.037597 0.246556 -0.008968 0.067254 0.064023 -0.029787 0.236773 0.217813 0.237722 0.075505 0.143340 0.185094 -0.010426 0.020199 0.084892 0.291025 0.096884 0.002448 -0.038619 0.124822 -0.022144
-0.160886 -0.108580 0.143402 0.004861 0.272326 0.111119 0.132868 0.174485 0.050608 -0.042090 -0.116526 -0.104292 0.035426 0.174513 0.173711 0.039965 -0.451287 -0.322823 -0.021906 0.094830 1.000000 0.463645 0.209511 0.303981 0.234782 0.286938 0.422200 0.347694 -0.284782 -0.299957 0.064733 0.123335 -0.470024 -0.089070 -0.131948 0.005254 -0.277996 -0.256212 -0.268944 -0.290940 0.104542 -0.184525 -0.039110 -0.066237 0.098197 -0.022283 0.057583 0.021751 0.239316 0.200923 0.269629 0.320777 0.244555 0.122087 -0.345842 -0.324461 -0.208906 -0.240637 0.119613 0.279080 -0.097808 -0.067000 -0.254258 -0.149480 -0.060291 0.138915 0.072771 0.121396 -0.091718 0.089890 0.399232 0.257450 -0.259781 -0.042094 -0.130212 -0.040389 -0.266367 -0.185864 -0.223289 -0.229008 -0.341156 -0.388343 0.054881 -0.060199 -0.021909 -0.109086 -0.075721 -0.281988 -0.014068 -0.105035 0.351880 0.151379 0.229663 0.169178 -0.215133 -0.328914 -0.090763 -0.225232 -0.058305 -0.121167 0.399798 0.046415 0.441854 0.047494 0.310218 0.257106 -0.232255 -0.072276 -0.015263 -0.162507 0.059718 0.186993 0.258161 -0.005868 0.100090 -0.199750
-0.332736 -0.210181 -0.250587 0.210958 0.127869 0.136306 0.055596 0.415105 0.033947 -0.003565 0.111981 0.263803 0.159460 0.405691 0.229868 0.433369 -0.130627 -0.213358 -0.249353 -0.082425 0.463645 1.000000 0.125691 0.450595 0.147179 0.505356 0.447930 0.382870 -0.208210 -0.137779 0.019128 0.093185 -0.259264 -0.145484 -0.207328 -0.037621 -0.012492 0.242455 0.057455 -0.063365 0.167362 0.051973 -0.114680 -0.158330 -0.136820 -0.210627 0.009557 -0.197662 0.097948 -0.009583 0.150198 0.138489 0.269317 0.069403 0.019358 -0.032985 -0.092706 -0.296711 -0.014756 0.048486 -0.113535 0.073923 -0.138191 -0.201912 -0.284613 0.389265 -0.132677 -0.113530 -0.239516 -0.066930 0.197264 0.387892 -0.122276 0.114325 -0.021552 -0.005877 -0.227937 -0.167832 -0.160574 -0.103898 -0.096491 -0.425366 -0.082767 -0.182266 0.055050 0.258669 0.077544 -0.005854 0.085218 0.370922 0.275797 -0.255891 0.412270 -0.026028 -0.223959 -0.278284 -0.302861 -0.290135 -0.008378 -0.204678 0.510530 -0.322861 0.385559 -0.221438 0.044912 0.145565 -0.319883 -0.181478 -0.016954 -0.438422 -0.221674 0.049626 0.327192 0.018869 -0.021284 -0.316746
-0.053185 -0.189151 0.478922 0.139826 0.261969 -0.015145 0.072816 -0.149848 0.190705 -0.278080 0.080586 -0.088773 0.304234 0.053615 0.565046 0.108996 -0.301956 -0.068322 -0.136791 -0.142762 0.209511 0.125691 1.000000 0.475059 0.537258 0.354814 0.710330 0.527733 -0.369858 -0.422893 0.146474 0.058218 -0.343491 -0.370052 0.238045 0.244488 -0.428766 -0.337194 -0.166200 -0.214629 -0.326471 -0.309992 -0.108052 -0.083245 -0.079301 0.053867 -0.181866 -0.095206 0.046979 -0.062555 0.290937 0.175676 0.057022 0.111870 -0.116226 -0.120230 -0.098988 -0.176941 0.007775 -0.011547 -0.157974 -0.110329 -0.565631 -0.147927 0.194318 0.145422 -0.069344 0.193246 -0.092212 -0.037093 0.132648 -0.016737 -0.382751 -0.206154 -0.219555 -0.166595 -0.291669 -0.399970 -0.281384 -0.092018 -0.259744 -0.023818 -0.103760 -0.163183 -0.034808 0.054995 0.071806 -0.215379 0.186901 0.180181 -0.006011 0.065688 0.114575 0.202437 -0.021529 -0.358946 0.021105 -0.025662 -0.062136 -0.286375 0.030100 0.017400 0.058613 -0.006525 0.187262 0.142967 -0.090211 0.040775 -0.059299 -0.187985 0.247400 -0.085227 0.003329 -0.016192 0.128799 -0.084504
-0.297064 -0.248894 0.106263 0.525822 -0.078592 -0.158504 0.001955 0.284234 -0.189461 -0.034583 0.059056 0.081919 0.142572 0.428519 0.199240 0.465246 -0.253650 -0.358078 -0.438841 0.047984 0.303981 0.450595 0.475059 1.000000 0.339988 0.605040 0.729406 0.671715 -0.555357 -0.397092 0.161178 0.359798 -0.472458 -0.231337 0.184197 0.278571 -0.265232 0.089375 -0.145973 0.067095 -0.145400 -0.107937 -0.352820 -0.279601 -0.333397 -0.078629 -0.323666 -0.184508 -0.290883 -0.335651 0.064492 -0.039711 -0.092460 0.089757 -0.238515 -0.308615 -0.150092 -0.100178 -0.279191 -0.215700 -0.373783 -0.100176 -0.627082 -0.428840 0.077732 0.486725 -0.369022 0.158874 -0.128767 0.147532 0.146675 0.401596 -0.502275 -0.034040 -0.409950 -0.131194 -0.478327 -0.060925 -0.113908 0.012122 -0.202264 -0.268013 -0.017828 -0.177090 0.141079 0.416097 0.301080 0.079082 0.146556 0.250115 0.309451 -0.017646 0.525091 0.202514 -0.011885 -0.230103 -0.202946 0.179681 -0.014503 -0.343739 0.258006 -0.102550 0.059366 -0.179495 0.236161 0.423049 -0.284898 -0.060323 -0.026882 -0.151131 0.198798 0.122629 0.221759 0.014818 0.174482 -0.091831
-0.298386 -0.394621 0.328630 0.127905 0.533846 0.178849 -0.147032 -0.025310 0.452004 -0.084456 -0.103144 -0.155559 0.038738 0.020952 0.351615 0.082613 -0.414662 -0.116828 -0.179831 -0.326230 0.234782 0.147179 0.537258 0.339988 1.000000 0.530676 0.297532 0.162758 -0.343636 -0.048503 0.374209 0.402711 -0.307884 -0.146352 0.162284 0.074339 -0.429791 -0.285125 -0.172088 -0.236469 -0.151023 -0.386827 -0.004166 -0.135703 0.053247 0.191350 -0.138958 -0.101253 0.189372 0.121454 0.351268 0.244223 0.042179 0.091624 -0.133393 -0.121891 -0.215551 -0.325235 0.050507 0.092410 -0.164522 0.010261 -0.381805 -0.121834 0.154205 0.137053 0.276359 0.310723 -0.308351 -0.110986 0.093594 0.040486 -0.176019 -0.051175 -0.191852 -0.167568 -0.262707 -0.157858 -0.371410 -0.015144 -0.364198 -0.104065 -0.173743 -0.063417 -0.086871 0.068738 0.052348 0.028270 -0.169343 -0.018054 0.018704 -0.067546 0.004245 -0.076525 0.040443 -0.225594 -0.075470 -0.072298 -0.024303 -0.085848 -0.019186 -0.237479 0.067929 -0.105141 0.121547 0.161639 -0.271612 -0.082012 -0.082193 -0.178025 0.067920 -0.022284 0.037161 -0.068218 -0.117664 -0.080144
-0.266473 -0.356838 0.015041 0.174153 0.114694 0.204189 -0.140754 0.255485 0.037555 0.072170 -0.150363 -0.057852 0.041377 0.176818 0.211547 0.361514 -0.256929 -0.192888 -0.410086 -0.292514 0.286938 0.505356 0.354814 0.605040 0.530676 1.000000 0.448662 0.348147 -0.405159 -0.175789 0.284081 0.325322 -0.293546 -0.239300 0.049311 0.181738 -0.386614 0.023550 -0.055865 -0.059018 -0.213087 -0.051308 0.044611 -0.039420 -0.016003 0.055794 -0.010639 -0.024333 0.097374 0.059917 0.165742 0.217815 0.034255 0.183698 -0.206399 0.016604 -0.050799 -0.221333 -0.031457 -0.018138 -0.176636 0.046518 -0.402585 -0.250955 -0.033385 0.302207 -0.074471 0.046150 -0.206733 0.026454 0.074796 0.309993 -0.287493 0.041350 -0.164846 -0.019394 -0.368793 -0.074816 -0.309481 0.000647 -0.151345 -0.151960 -0.068591 -0.150170 -0.064059 0.136438 0.248128 0.055489 -0.230891 0.149065 0.073621 -0.178248 0.209168 -0.086338 0.007389 -0.171200 -0.200510 -0.022819 -0.102477 -0.205377 0.417716 -0.340103 0.159720 -0.315908 0.240740 0.202539 -0.337332 -0.246033 -0.123449 -0.137539 -0.023902 0.134055 0.251361 -0.188404 -0.045607 -0.259598
-0.115430 -0.187970 0.182684 0.307829 0.026875 -0.129782 -0.076890 0.000712 -0.145153 -0.192147 -0.000084 -0.087372 0.080307 0.204263 0.359064 0.249428 -0.268849 -0.316805 -0.301897 0.030042 0.422200 0.447930 0.710330 0.729406 0.297532 0.448662 1.000000 0.850624 -0.623064 -0.610249 -0.084416 0.063840 -0.461952 -0.409178 0.232122 0.328043 -0.274568 -0.120209 -0.101001 -0.112189 -0.250647 -0.133657 -0.216631 -0.113012 -0.255396 -0.059863 -0.250835 -0.148749 -0.121132 -0.194087 0.287084 0.116195 0.026851 0.122075 -0.033338 -0.258890 0.020289 -0.140410 -0.208986 -0.107653 -0.391314 -0.246395 -0.535478 -0.314289 0.102040 0.364408 -0.237288 0.209702 0.011069 0.161571 0.191804 0.240643 -0.582525 -0.040721 -0.299655 -0.240434 -0.475239 -0.298715 -0.203813 -0.168681 -0.143630 -0.227994 -0.114890 -0.284922 0.267490 0.388049 0.149371 -0.055089 0.382721 0.278522 0.251650 0.000400 0.442993 0.161016 -0.141678 -0.365654 -0.089941 -0.012052 0.134521 -0.221932 0.281665 0.042949 0.289443 0.032152 0.289240 0.269468 -0.095461 0.115378 -0.148677 -0.271151 0.206442 -0.032800 0.138874 -0.034559 0.183486 -0.105912
-0.021653 -0.077161 0.057569 0.481484 -0.154354 -0.333886 -0.176866 0.080641 -0.351606 -0.398384 -0.069813 -0.161195 -0.048128 0.143688 0.146433 0.200322 -0.091707 -0.427143 -0.140481 0.211479 0.347694 0.382870 0.527733 0.671715 0.162758 0.348147 0.850624 1.000000 -0.652808 -0.647441 -0.191397 0.007004 -0.310217 -0.307742 0.279249 0.277168 -0.164011 0.023819 0.005621 0.038863 -0.211471 -0.053551 -0.203798 -0.083205 -0.285055 0.045044 -0.281192 -0.165176 -0.354039 -0.266047 0.218171 -0.087207 -0.173015 -0.115201 -0.022759 -0.191706 0.088405 -0.003814 -0.366823 -0.225460 -0.555118 -0.296798 -0.507506 -0.225421 0.056766 0.502984 -0.327277 0.329735 0.135200 0.179332 -0.031825 0.216941 -0.573882 -0.072720 -0.206205 -0.194869 -0.329462 -0.167073 -0.044777 -0.130595 -0.051638 -0.241798 -0.163804 -0.369554 0.314045 0.531119 0.069169 0.012461 0.310091 0.271216 0.243799 -0.082458 0.522193 -0.025488 -0.094556 -0.149481 -0.017966 0.085126 0.171585 -0.216024 0.237517 -0.011248 0.301771 -0.089766 0.267658 0.230650 -0.070106 -0.109156 -0.071391 -0.179111 0.196550 -0.033368 0.134067 -0.079289 0.154144 -0.095804
0.098580 0.199105 -0.026812 -0.386749 -0.036433 -0.024532 0.380558 -0.043162 0.073256 0.067195 0.140472 0.426965 0.170995 0.066185 -0.205374 -0.048737 0.322861 0.475387 0.146756 -0.085999 -0.284782 -0.208210 -0.369858 -0.555357 -0.343636 -0.405159 -0.623064 -0.652808 1.000000 0.703514 0.338859 0.067134 0.438927 0.465035 -0.296937 -0.352272 0.297634 0.141215 0.069374 0.011975 0.418472 0.248046 -0.089661 -0.167446 -0.024438 -0.314727 0.002684 -0.221018 0.094580 -0.067533 -0.249542 -0.149505 0.144356 -0.010179 0.086876 0.094177 -0.016511 0.018980 0.269532 0.044107 0.605833 0.382599 0.526942 0.335055 0.036984 -0.277137 0.006333 -0.573518 -0.008668 -0.269387 -0.057039 -0.139170 0.802656 0.181409 0.470457 0.418292 0.527211 0.109909 0.255571 0.289947 0.255275 0.308667 0.242412 0.325765 -0.179230 -0.406860 0.060598 -0.090760 -0.255387 -0.116871 -0.425080 -0.158829 -0.434404 0.034035 -0.020886 0.124120 -0.087380 -0.143864 -0.368584 -0.153992 -0.211972 0.095878 -0.277130 -0.128689 -0.392856 -0.338884 -0.066513 0.053280 0.015958 0.150815 -0.343333 -0.321331 -0.229297 -0.073778 -0.109278 -0.086918
0.097478 0.214108 -0.109444 -0.338155 0.083716 0.054912 0.078703 -0.089890 0.141234 0.171745 0.137038 0.332766 0.113677 0.049707 -0.223108 0.075428 0.157678 0.550666 0.000759 -0.253619 -0.299957 -0.137779 -0.422893 -0.397092 -0.048503 -0.175789 -0.610249 -0.647441 0.703514 1.000000 0.420644 0.237868 0.395950 0.298981 -0.311542 -0.393338 0.249068 0.220957 0.119270 0.062035 0.439556 0.198689 -0.075093 -0.077775 -0.020506 -0.192764 0.045451 -0.226601 0.099678 0.060776 -0.220854 -0.007638 0.133703 0.033484 0.103095 0.120458 0.021428 0.061181 0.211355 0.044409 0.462285 0.466957 0.416810 0.254593 0.008036 -0.219574 0.061952 -0.455737 -0.167029 -0.298949 -0.200371 -0.086086 0.688565 0.314321 0.275414 0.434751 0.305675 0.058300 0.086792 0.274975 0.102562 0.295153 0.143660 0.261976 -0.203424 -0.325885 0.169622 0.149066 -0.387390 -0.156887 -0.407690 -0.344146 -0.461224 -0.141384 0.036515 0.187698 -0.061153 -0.077792 -0.181179 0.001009 -0.156390 -0.129634 -0.226636 -0.250823 -0.331104 -0.207582 -0.196305 -0.014336 -0.023236 0.050235 -0.358511 -0.077927 -0.017422 -0.027242 -0.060510 0.110273
-0.075525 -0.071757 0.241121 -0.102832 0.053059 -0.184002 0.286731 0.004962 0.069593 -0.016250 0.053398 0.167652 0.301563 0.207719 -0.016285 0.183503 -0.227742 0.255316 -0.194565 -0.274106 0.064733 0.019128 0.146474 0.161178 0.374209 0.284081 -0.084416 -0.191397 0.338859 0.420644 1.000000 0.700089 -0.021849 0.469708 -0.075278 0.000212 -0.241770 -0.047806 -0.177450 -0.093864 0.282150 -0.013335 -0.238241 -0.240756 -0.100848 -0.175586 -0.246074 -0.201433 -0.044206 -0.130911 -0.090466 -0.040629 0.025036 0.118545 -0.326692 -0.176327 -0.036365 -0.000954 0.052662 -0.070962 0.240394 0.296726 -0.020496 0.116363 0.283333 -0.087849 -0.118224 -0.314664 -0.312194 -0.195138 0.101934 0.202522 0.292300 -0.008851 -0.033747 0.173031 -0.001336 0.015848 -0.052541 0.128078 -0.194957 0.172032 0.097312 0.158455 -0.175979 -0.108046 0.198788 0.074379 -0.425596 -0.139776 -0.272564 -0.165945 -0.303698 -0.087922 0.029798 -0.068773 -0.309985 0.033649 -0.473302 -0.333536 -0.067938 -0.147883 -0.203983 -0.259555 -0.198190 0.071472 -0.360261 0.153202 -0.135797 -0.015171 -0.143729 0.049969 0.008390 -0.092093 0.023436 -0.123627
-0.120212 -0.095342 0.211915 0.116656 0.056288 -0.295151 0.061205 0.101800 0.000451 -0.210836 -0.146137 -0.060902 -0.058990 0.150281 -0.126797 0.061838 -0.065183 0.060627 -0.080525 0.075370 0.123335 0.093185 0.058218 0.359798 0.402711 0.325322 0.063840 0.007004 0.067134 0.237868 0.700089 1.000000 -0.207272 0.377311 -0.047112 0.014838 -0.272536 -0.087623 -0.197351 0.080034 0.088764 -0.091181 -0.433976 -0.474869 -0.300132 -0.166471 -0.449366 -0.200592 -0.244465 -0.326023 -0.098449 -0.125418 -0.125751 0.045738 -0.485048 -0.436396 0.044990 0.138570 -0.125933 -0.157774 -0.177177 -0.037768 -0.017623 0.102623 0.104577 -0.073740 -0.130692 0.010565 -0.178755 0.055926 0.107149 0.262789 0.011375 -0.080395 -0.187369 -0.085973 -0.141658 0.117799 0.060718 0.101394 -0.035130 0.181454 0.129395 0.381400 0.017647 0.150508 0.396316 0.228491 -0.246013 -0.256072 -0.112452 -0.150580 -0.157427 -0.128265 0.070756 -0.106620 -0.253371 0.011865 -0.379264 -0.307258 -0.068505 -0.025045 -0.005103 -0.081460 0.066430 0.315986 -0.296936 0.216245 -0.062155 -0.052737 0.066217 -0.042752 0.018850 -0.084889 0.115299 -0.116205
0.200217 0.051551 -0.073341 -0.137091 -0.036193 -0.241045 0.018409 -0.051790 0.006849 -0.107833 -0.086696 0.023280 -0.201542 -0.219734 -0.457927 -0.275654 0.355305 0.336490 0.303675 -0.062984 -0.470024 -0.259264 -0.343491 -0.472458 -0.307884 -0.293546 -0.461952 -0.310217 0.438927 0.395950 -0.021849 -0.207272 1.000000 0.418722 0.073243 -0.125457 0.345834 0.271551 0.343339 0.265554 0.280295 0.313481 0.037382 0.020299 -0.126557 -0.071336 -0.037721 -0.191830 -0.286255 -0.182820 -0.296454 -0.439903 -0.293907 -0.365696 0.297849 0.168451 0.177189 0.063323 -0.021165 -0.305394 0.262258 0.104024 0.365478 0.251729 0.140296 0.014844 0.087084 -0.190364 0.194667 -0.377688 -0.264932 -0.054133 0.464647 0.323246 0.484021 0.398483 0.574291 0.371183 0.203075 0.266324 0.286346 0.353178 -0.024525 0.018403 -0.034936 -0.014884 0.012368 0.129761 -0.266096 -0.020305 -0.433731 -0.305681 -0.413465 -0.332172 0.305162 0.347692 -0.080791 0.144439 -0.156534 0.061916 -0.204128 -0.114303 -0.251615 -0.092190 -0.244571 -0.248443 0.036041 -0.212061 0.321503 0.346217 -0.364887 -0.166346 -0.222119 -0.047287 -0.006972 0.134057
0.062520 0.032927 0.061513 -0.051373 -0.050998 -0.413639 0.383448 0.094327 -0.087684 -0.122380 -0.106114 0.003854 -0.126545 -0.063782 -0.507278 -0.278982 0.120428 0.089362 0.174311 0.155621 -0.089070 -0.145484 -0.370052 -0.231337 -0.146352 -0.239300 -0.409178 -0.307742 0.465035 0.298981 0.469708 0.377311 0.418722 1.000000 -0.033370 0.138573 0.124446 0.082952 -0.053735 0.190681 0.425110 0.243053 -0.166395 -0.214787 -0.171312 -0.117085 -0.238425 -0.044698 -0.371338 -0.311427 -0.378651 -0.573123 -0.275435 -0.401222 -0.205662 -0.237581 0.106224 0.202286 -0.029353 -0.265728 0.278153 0.056607 0.370727 0.249501 0.106740 -0.073046 0.009770 -0.196148 0.049283 -0.150545 -0.004503 0.129581 0.418619 0.113847 0.174636 0.216617 0.308538 0.452553 0.191592 0.187442 0.104809 0.251649 0.078036 0.186058 -0.158369 -0.070670 -0.021308 -0.007466 -0.255650 -0.221996 -0.245102 -0.126782 -0.318688 -0.196812 0.135724 0.037118 -0.323092 0.047433 -0.390410 -0.089549 -0.145868 0.201619 -0.145454 -0.000335 -0.196158 -0.033382 -0.176136 0.149312 0.063732 0.123392 -0.108858 -0.193660 -0.209230 -0.118330 0.141273 0.005325
-0.105064 -0.372312 0.154354 0.015114 -0.120945 -0.135230 -0.024303 -0.253992 -0.178374 0.041259 -0.105854 -0.318154 -0.167933 -0.298496 -0.156940 -0.201659 0.166552 -0.269216 -0.148067 -0.091889 -0.131948 -0.207328 0.238045 0.184197 0.162284 0.049311 0.232122 0.279249 -0.296937 -0.311542 -0.075278 -0.047112 0.073243 -0.033370 1.000000 0.435524 -0.247967 -0.129961 0.040551 0.054984 -0.324496 -0.012155 0.202470 0.237288 0.102564 0.462862 -0.035749 0.105573 -0.262463 -0.195856 0.305453 -0.133309 -0.352693 -0.093989 -0.072255 -0.078166 -0.127396 -0.119108 -0.285732 -0.335251 -0.336052 -0.461150 -0.274214 -0.453086 0.374218 0.184975 0.119711 0.420471 -0.006912 -0.099994 0.023385 -0.074236 -0.207711 -0.067833 0.078449 -0.189983 -0.063277 0.090077 0.133969 0.259894 0.163823 0.121326 0.068100 -0.092859 0.373511 0.266282 0.250771 0.433460 0.070179 -0.122937 0.009823 0.163040 -0.094451 0.035258 0.239724 -0.087861 0.087708 0.237457 -0.017484 -0.066579 -0.290565 0.157426 -0.172438 -0.026190 0.331677 0.241705 -0.019321 -0.204210 0.104346 0.111164 0.357288 0.079575 -0.219418 -0.049474 -0.171987 0.245948
0.051026 -0.329758 0.061557 -0.153092 -0.045287 0.012909 0.061378 -0.088930 -0.215382 0.044629 -0.168550 -0.389134 -0.255295 -0.276043 -0.011156 -0.226619 -0.022996 -0.329739 -0.335280 -0.085616 0.005254 -0.037621 0.244488 0.278571 0.074339 0.181738 0.328043 0.277168 -0.352272 -0.393338 0.000212 0.014838 -0.125457 0.138573 0.435524 1.000000 -0.178734 -0.070166 -0.088843 0.216811 -0.359210 0.092863 0.067359 0.141440 0.060606 0.344249 -0.055155 0.346822 -0.138792 -0.117910 0.025490 -0.149907 -0.170168 -0.154621 -0.159021 -0.156326 0.017111 -0.021040 0.089056 -0.046299 -0.070929 -0.356022 -0.209470 -0.289441 -0.038041 0.210883 0.022235 0.235724 0.043154 -0.031729 0.186411 0.187689 -0.277420 -0.028433 -0.152666 -0.174000 -0.186285 0.113565 -0.107037 0.013302 0.129076 -0.019768 0.134538 -0.129741 0.064329 0.012559 0.188168 -0.032435 0.244534 0.067681 0.261979 0.210577 -0.014477 0.061337 0.115195 -0.263916 -0.013591 0.088988 0.155443 0.060707 0.011033 0.117409 -0.122325 0.072113 0.041482 0.227317 0.161605 0.106055 0.026563 0.028959 0.408082 -0.009078 -0.122451 -0.149754 0.091178 0.067426
