1.000000 0.615511 0.119428 -0.326945 -0.109657 -0.585574 -0.267883 -0.542764 -0.253065 -0.540083 0.350456 0.097410 0.078486 -0.071047 0.262821 -0.146141 0.124443 0.369065 0.468905 0.394472 0.002652 -0.267408 0.052460 -0.276053 -0.436062 -0.263659 -0.132888 -0.159026 -0.021946 -0.010454 -0.296934 -0.514174 -0.297725 -0.319960 0.086770 -0.414678 -0.100397 -0.162695 -0.050357 -0.086524 -0.365872 -0.179513 -0.056826 -0.224168 -0.304138 -0.500433 0.017416 -0.238570 -0.062681 -0.018016 -0.124835 -0.250553 -0.090926 -0.058368 0.121832 -0.167701 0.618742 0.524097 0.037513 0.216047 -0.100071 -0.526863 0.298039 0.376471 -0.066372 -0.504339 0.133491 -0.479333 0.516135 0.334268 0.090140 -0.213980 0.065969 0.014753 0.146191 -0.045701 0.293329 0.051926 -0.150072 0.242996 -0.002062 0.336681 0.318730 -0.048274 -0.039989 0.334485 0.167807 0.238653 -0.104063 0.058365 -0.016298 -0.069830 -0.039186 0.309967 0.034820 -0.109572 -0.116591 0.090746 0.121781 0.288236 0.185642 0.517410 0.303378 0.446203 0.168288 0.145133 -0.091498 -0.205283 -0.115273 -0.036212 -0.241130 0.140824 -0.121174 0.238538 -0.070416 -0.166804
0.615511 1.000000 0.022389 -0.344132 0.081046 -0.506257 -0.459895 -0.441625 -0.369744 -0.420974 0.243695 0.103111 -0.112469 -0.070798 0.212747 -0.057078 0.229546 0.435984 0.284921 0.571127 0.128221 0.067561 0.024099 -0.313279 -0.497873 -0.408271 0.013411 -0.048782 0.133887 0.150732 -0.354447 -0.596726 -0.308786 -0.288442 -0.005708 -0.481078 0.139502 -0.110299 -0.116791 -0.222700 -0.281854 0.031106 0.181597 -0.170373 -0.415258 -0.568254 -0.026158 -0.311778 -0.141128 -0.171986 0.078739 -0.221449 -0.145593 -0.085175 0.012722 -0.226316 0.649269 0.701495 -0.090608 0.209556 -0.265708 -0.348616 0.155707 0.313295 -0.020070 -0.454793 0.064802 -0.531800 0.613629 0.504048 -0.012587 -0.401634 0.145752 0.066823 0.187267 0.011845 0.274470 -0.206176 0.204420 0.515089 0.222438 0.450996 0.363485 0.049663 0.237440 0.054606 0.136086 -0.033703 -0.059965 -0.151017 -0.060138 -0.069890 -0.112706 0.215156 -0.176237 -0.058302 -0.186334 0.064708 0.118824 0.308846 0.055918 0.419990 0.253825 0.361914 0.094594 0.272007 -0.025548 -0.079397 0.016174 -0.068930 -0.204569 0.432322 0.292980 0.253254 0.338573 0.215766
0.119428 0.022389 1.000000 0.392707 0.072085 0.097492 -0.045332 -0.018522 -0.086272 -0.092900 0.045866 -0.131647 -0.075287 -0.498436 0.056529 -0.286627 0.083738 -0.083685 -0.070270 0.179308 0.040488 0.122670 0.374144 0.394002 -0.013887 -0.055019 0.220800 0.292484 -0.063707 -0.470227 0.094209 -0.058164 -0.270798 -0.297754 0.258594 -0.162855 -0.295172 -0.023714 0.044675 -0.002059 -0.280699 -0.250482 0.097779 -0.002080 -0.259903 -0.304022 -0.173888 0.014093 -0.161689 -0.362212 0.269192 -0.032945 -0.180171 -0.202441 -0.159223 -0.051537 0.279705 0.198390 -0.273916 -0.271239 -0.132996 -0.231802 -0.087879 -0.041649 0.027381 0.019259 0.096979 0.154720 0.175438 0.281416 0.068796 -0.122352 -0.407664 -0.014413 -0.105087 -0.114676 -0.101265 -0.126375 -0.118183 -0.086375 -0.152638 -0.081371 0.010939 -0.315149 -0.026103 0.031916 -0.006222 -0.171768 0.128919 -0.103932 0.149324 0.223333 0.279614 0.400808 0.203556 0.126282 0.235970 0.324895 -0.066115 0.097230 -0.004619 0.104773 0.074442 0.314932 0.254262 0.322439 -0.227495 -0.129402 -0.119676 0.187932 0.177020 -0.019609 -0.157379 0.227152 0.030619 0.130144
-0.326945 -0.344132 0.392707 1.000000 -0.142439 0.355444 0.312108 0.298170 0.172317 0.171342 0.094601 -0.053259 0.030612 -0.261429 0.069589 0.024600 0.064971 -0.432542 -0.171761 0.155061 -0.238965 0.091561 0.220373 0.701360 0.122645 -0.004020 0.014934 0.059125 -0.229081 -0.462375 0.184561 0.188067 0.034274 -0.037562 0.232138 0.092756 -0.266228 0.031036 0.011277 -0.008476 0.065027 -0.119163 -0.037822 -0.079729 -0.212513 -0.103800 -0.122596 0.008781 -0.194920 -0.328052 -0.105777 -0.133106 -0.144204 -0.070620 -0.136232 0.031499 -0.053074 -0.124982 0.011280 -0.207002 0.152439 0.045665 -0.134078 -0.194912 0.424435 0.414694 0.112643 0.398563 -0.153936 0.108168 -0.268325 0.049354 -0.618634 -0.268869 -0.314847 -0.210347 -0.365361 -0.105510 -0.259295 -0.211846 -0.401817 -0.373503 -0.038044 -0.044804 -0.022275 0.094054 -0.235301 -0.099360 0.334102 0.116544 0.343253 0.091128 0.446092 0.126363 0.087884 0.103961 0.139594 0.138479 -0.432124 -0.112120 0.243009 -0.217557 -0.131810 0.066252 -0.102042 0.076612 0.087353 -0.116271 -0.234669 -0.021569 0.055146 -0.103845 -0.175666 -0.088695 0.052562 0.060602
-0.109657 0.081046 0.072085 -0.142439 1.000000 -0.173261 -0.116776 0.221585 -0.135324 0.143138 -0.185228 0.096720 -0.405833 0.158259 -0.072887 0.215215 -0.122376 0.204663 0.098344 -0.046473 0.041701 0.178922 -0.160172 -0.326964 -0.127824 -0.082536 0.518320 0.125050 0.226708 0.233204 -0.162884 -0.013260 -0.105028 0.113623 0.069932 -0.068548 0.062432 -0.010844 -0.083935 -0.172904 0.036361 0.079783 0.068800 0.106233 -0.081290 0.070432 0.131109 -0.000148 -0.081829 0.137074 0.044936 0.053388 0.124369 -0.007500 0.080174 -0.021565 -0.162655 -0.140872 -0.200619 -0.084288 -0.128339 0.130577 -0.110494 -0.007316 -0.076771 0.043366 -0.460341 -0.262411 0.035160 0.057123 0.017371 -0.233670 0.188380 0.194377 0.171528 0.122991 0.189707 -0.060264 0.228890 0.314248 0.296023 0.319496 0.111477 0.287185 0.073498 -0.095036 0.202642 0.096973 -0.121294 -0.369240 -0.160957 -0.194393 -0.249628 -0.183908 -0.104302 -0.044897 -0.122763 -0.168372 0.325749 0.043793 -0.202292 -0.000280 0.085242 0.094750 0.010519 -0.042980 0.070200 0.057974 0.159800 -0.070588 -0.208168 0.003588 0.039335 0.064272 0.161262 0.085827
-0.585574 -0.506257 0.097492 0.355444 -0.173261 1.000000 0.146404 0.453634 0.202181 0.496855 -0.438390 -0.076603 0.006391 -0.006809 -0.375967 0.108430 -0.183136 -0.540896 -0.519855 -0.408483 -0.027920 0.288631 0.005862 0.400733 0.402547 0.427429 0.249705 0.472394 -0.235398 -0.264846 0.096128 0.344512 0.094271 0.002083 0.217367 0.551095 -0.236889 -0.019461 0.233111 0.353251 0.139797 -0.103935 0.012113 0.173630 0.221802 0.464167 -0.058920 0.307654 -0.052131 -0.179903 0.063812 0.038341 -0.120611 -0.104997 -0.007915 0.341873 -0.361273 -0.378302 0.028851 -0.459775 0.068800 0.169515 -0.388504 -0.527512 0.033667 0.524145 0.120719 0.555049 -0.277735 -0.351896 -0.150438 0.162073 -0.319428 -0.158675 -0.263270 -0.070936 -0.351399 -0.061210 -0.164218 -0.271850 -0.348921 -0.436297 -0.300626 -0.243570 0.045558 0.118956 -0.037630 -0.089028 0.265318 0.257803 0.049220 0.127238 0.322028 -0.000261 0.325095 0.178094 0.270688 0.183012 -0.429055 -0.371100 -0.143063 -0.436500 -0.319026 -0.194602 -0.137615 -0.045840 0.093670 0.200717 -0.008611 0.087941 0.374844 -0.405039 -0.240888 -0.212777 -0.220997 -0.121891
-0.267883 -0.459895 -0.045332 0.312108 -0.116776 0.146404 1.000000 0.331216 0.300073 0.386979 0.057365 0.065071 0.229597 0.208793 -0.056279 0.099435 -0.147219 -0.413605 -0.334306 -0.126444 -0.121876 -0.220590 -0.195924 0.188937 0.128567 0.264830 -0.245399 -0.430297 -0.185084 -0.100780 0.139659 0.205911 0.217755 0.399811 0.175441 0.303179 -0.220371 -0.101267 -0.014868 0.042785 0.080167 -0.214334 -0.050577 -0.158690 0.366257 0.280424 -0.072569 -0.001437 0.249439 -0.017086 -0.182721 -0.189141 0.000371 0.008748 -0.201975 -0.042584 -0.364113 -0.363802 0.303089 -0.157701 0.555259 0.341758 -0.140402 -0.021914 0.255176 0.300606 0.030681 0.321130 -0.386283 -0.111209 -0.111833 0.224263 -0.228846 -0.261839 -0.328549 -0.130975 -0.257161 0.017171 -0.354816 -0.453109 -0.275922 -0.343325 -0.304083 0.216968 -0.283815 -0.149182 -0.487412 -0.012689 0.109181 0.000181 0.270469 0.025839 0.121889 -0.158462 -0.026104 0.059035 -0.083192 -0.239840 -0.099821 -0.441243 0.127086 -0.130530 -0.089034 -0.178421 -0.295152 -0.159368 -0.022159 -0.037509 -0.040686 -0.152068 -0.006325 -0.193927 -0.145369 -0.305253 -0.194653 -0.046122
-0.542764 -0.441625 -0.018522 0.298170 0.221585 0.453634 0.331216 1.000000 0.369043 0.724519 -0.153033 0.279892 0.124969 0.386425 -0.360282 0.318158 -0.197144 -0.413028 -0.442507 -0.297128 -0.115125 0.036080 -0.236531 0.087988 0.114824 0.258767 0.030831 -0.105394 -0.357394 -0.072520 -0.251355 0.133365 0.184088 0.317776 -0.108982 0.428913 -0.334781 -0.302076 -0.083158 0.075275 0.149821 -0.056913 -0.224474 -0.140492 0.152715 0.366989 -0.203537 -0.034557 0.027483 -0.305684 0.085646 0.045555 0.169601 0.142978 -0.079996 -0.073338 -0.567159 -0.608500 0.210004 -0.543335 0.325430 0.597480 -0.276063 -0.303660 0.325524 0.824823 -0.093981 0.431118 -0.351770 -0.219504 -0.171365 -0.044050 -0.148770 -0.203800 -0.401218 -0.189768 -0.445737 -0.168141 0.015147 -0.351111 -0.171621 -0.389943 -0.456792 0.144433 -0.136371 -0.040382 -0.208331 -0.017700 0.219408 -0.109722 0.293162 0.131022 0.325592 -0.084457 0.036214 0.149739 -0.020369 -0.059383 -0.262691 -0.366792 0.041686 -0.284518 -0.051297 -0.216111 -0.122185 -0.183887 0.146326 0.078723 -0.035530 -0.112507 0.122896 -0.285093 -0.011319 -0.194695 0.028668 0.022350
-0.253065 -0.369744 -0.086272 0.172317 -0.135324 0.202181 0.300073 0.369043 1.000000 0.518160 0.091018 0.265381 0.386489 0.224110 0.137833 0.154363 -0.037654 -0.195676 -0.319949 -0.071054 -0.244853 -0.212309 -0.188242 0.244673 0.244675 0.012535 -0.311817 -0.212923 -0.080549 -0.345294 -0.093729 0.102182 0.136347 0.175874 0.055892 0.083898 -0.260413 -0.412917 -0.212932 -0.036826 -0.046798 -0.083284 -0.308955 -0.179240 0.070114 0.126766 -0.319965 -0.218619 0.104151 -0.065270 -0.030163 -0.094792 0.049109 0.123366 -0.199732 -0.175320 -0.382699 -0.249405 0.351597 -0.033313 0.407066 0.330911 -0.007615 -0.108535 0.297504 0.356214 0.003754 0.263178 -0.330676 0.017453 -0.154066 0.118251 -0.106021 -0.180876 -0.048153 -0.226900 -0.293081 -0.035164 -0.116272 -0.238172 -0.206292 -0.374262 -0.244337 0.097211 -0.252013 -0.101293 -0.426988 -0.124039 -0.068907 0.055391 0.467675 0.314047 0.315794 0.211841 0.041610 0.315143 -0.105217 0.123786 -0.180004 -0.206492 0.165084 -0.133041 0.117821 -0.069611 -0.065699 0.158039 0.237807 -0.064338 -0.120130 -0.030995 -0.025366 -0.117863 0.069384 -0.150410 -0.168039 -0.054306
-0.540083 -0.420974 -0.092900 0.171342 0.143138 0.496855 0.386979 0.724519 0.518160 1.000000 -0.172390 0.221278 0.199975 0.413929 -0.245169 0.408600 -0.132010 -0.328718 -0.526657 -0.312800 -0.182638 0.099480 -0.311889 0.056071 0.111141 0.230813 -0.019354 -0.113740 -0.128513 -0.038718 -0.300238 0.106501 0.067710 0.229276 0.014497 0.372525 -0.236291 -0.278502 -0.039502 0.122723 0.054601 -0.150954 -0.188095 -0.116569 0.097959 0.343419 -0.223256 -0.054898 -0.000425 -0.249577 0.072159 -0.092914 0.047949 -0.000951 -0.172188 -0.062198 -0.513807 -0.503764 0.311128 -0.332525 0.420823 0.522183 -0.223628 -0.272001 0.279100 0.637726 -0.121108 0.386027 -0.257600 -0.132483 -0.243882 -0.136597 -0.104646 -0.159380 -0.241103 -0.153889 -0.301349 -0.180814 -0.027015 -0.325528 -0.106404 -0.266111 -0.309263 0.193776 -0.089047 -0.086273 -0.350182 -0.180872 0.041093 -0.017798 0.284550 0.195767 0.386939 0.011351 0.071343 0.174102 -0.010436 0.059354 -0.242882 -0.406872 0.012156 -0.296614 -0.013811 -0.134852 -0.088244 0.010970 0.107683 0.038751 -0.092549 -0.092740 0.177019 -0.185247 0.074766 -0.221794 -0.130514 0.007681
0.350456 0.243695 0.045866 0.094601 -0.185228 -0.438390 0.057365 -0.153033 0.091018 -0.172390 1.000000 0.528151 0.474332 0.225826 0.537040 0.087350 0.230314 0.263522 0.293609 0.303940 -0.253030 -0.247138 0.008988 -0.067413 -0.343651 -0.340735 -0.305286 -0.357415 0.228808 -0.001007 -0.190796 -0.234480 -0.209700 -0.133399 -0.120389 -0.427353 -0.076254 -0.179845 -0.299440 -0.397700 -0.113809 -0.086506 -0.122812 -0.364955 -0.420021 -0.518383 -0.223860 -0.516280 -0.141655 -0.088709 0.085080 -0.105594 0.062976 0.108996 -0.148688 -0.438042 0.075294 0.095612 0.123509 0.240873 0.238294 -0.044505 0.335842 0.300768 0.424711 -0.158606 -0.089320 -0.301233 0.127719 0.078228 0.105268 -0.033039 0.032291 -0.008598 0.156950 -0.074983 -0.001520 0.056037 -0.077744 0.145663 0.083756 0.070753 0.179410 0.319029 0.067585 0.002389 -0.215086 -0.067942 0.017863 -0.025460 0.182761 0.039890 0.198484 0.165140 -0.213782 -0.105153 -0.295664 -0.105083 -0.103270 0.232742 0.156004 0.286721 0.113895 0.224641 -0.082241 0.111115 0.110554 -0.044190 -0.124501 -0.134943 -0.416891 0.220712 0.036664 -0.125118 0.096003 0.139796
0.097410 0.103111 -0.131647 -0.053259 0.096720 -0.076603 0.065071 0.279892 0.265381 0.221278 0.528151 1.000000 0.240400 0.493921 0.109464 0.313809 -0.020209 0.084078 0.069324 0.171071 -0.243027 -0.183696 -0.342891 -0.188152 -0.294850 -0.098877 -0.227189 -0.324671 0.128953 0.112600 -0.372970 -0.136466 -0.070492 0.069700 -0.004132 -0.123292 -0.236983 -0.382648 -0.270038 -0.266029 -0.144625 -0.127704 -0.305524 -0.374066 -0.252288 -0.149955 -0.295866 -0.459591 -0.180389 -0.186048 0.043755 -0.236264 0.004335 0.138293 -0.089149 -0.266537 -0.236180 -0.280281 0.233543 -0.170174 0.416143 0.283482 0.144570 0.067380 0.478002 0.245559 -0.165450 -0.126122 -0.084582 -0.130782 0.015370 -0.015008 0.056434 -0.010767 0.135504 -0.019345 0.056615 0.133018 -0.121566 0.158885 -0.006579 -0.119855 -0.009990 0.404095 0.026283 0.127341 -0.205265 0.096453 0.034812 0.069970 0.209601 0.154064 0.319217 -0.002166 -0.232078 -0.126266 -0.304176 -0.172631 -0.170656 0.102664 -0.029812 -0.044345 -0.031442 0.092274 -0.167958 0.036594 0.246503 -0.056059 -0.127950 -0.260159 -0.434858 -0.034399 0.055396 -0.210303 -0.004026 0.060080
0.078486 -0.112469 -0.075287 0.030612 -0.405833 0.006391 0.229597 0.124969 0.386489 0.199975 0.474332 0.240400 1.000000 0.286563 0.327173 -0.057192 0.263105 0.035380 -0.099221 -0.080269 -0.219745 -0.354613 -0.062893 0.012694 -0.118652 -0.184438 -0.454005 -0.271429 -0.167162 0.026863 -0.141680 -0.212809 -0.030009 -0.248005 -0.100736 -0.028007 -0.242143 -0.274055 -0.187989 -0.114241 0.003511 -0.096822 -0.211798 -0.403934 -0.051890 -0.183072 -0.468049 -0.410550 0.182047 -0.142325 0.093092 -0.111476 0.035572 0.085339 -0.171281 -0.268136 -0.109467 -0.119492 0.354416 0.077384 0.481390 0.230854 0.384025 0.211594 0.280834 0.067348 0.193185 0.119028 -0.065520 -0.083836 0.157738 0.197338 -0.065491 -0.075753 0.017732 -0.023482 -0.245936 -0.001719 -0.256789 -0.437531 -0.103741 -0.329020 -0.258184 0.059483 -0.145685 -0.134268 -0.368095 -0.128735 0.087070 0.077097 0.210655 0.170417 0.146027 0.317181 0.063183 0.182939 -0.171917 0.166760 -0.340247 -0.018798 0.100715 0.178733 0.070904 -0.024858 -0.092201 0.073065 0.040412 0.144734 -0.125241 0.054774 0.072994 0.139873 0.000813 -0.156228 -0.109870 -0.006045
-0.071047 -0.070798 -0.498436 -0.261429 0.158259 -0.006809 0.208793 0.386425 0.224110 0.413929 0.225826 0.493921 0.286563 1.000000 0.076024 0.527861 0.027057 0.077577 0.023490 -0.210864 -0.047450 -0.127288 -0.446269 -0.537011 -0.175597 0.002603 -0.125076 -0.321830 0.100913 0.351778 -0.358679 -0.175813 0.144191 0.275149 -0.234800 0.137210 0.063253 -0.253738 -0.118238 -0.192637 0.172687 0.128798 -0.173017 -0.263365 -0.017075 0.112386 -0.172302 -0.376046 0.078522 -0.031906 0.019141 -0.094027 0.335127 0.218947 0.090695 -0.275779 -0.342866 -0.330304 0.365181 -0.006852 0.451185 0.423363 0.123488 0.090762 0.102617 0.255602 -0.180047 -0.104450 -0.078907 -0.237066 -0.111955 0.006663 0.238322 -0.020456 0.035894 0.053644 -0.059797 -0.079452 0.072910 0.007518 0.172394 0.089299 -0.146287 0.477232 -0.078157 -0.198168 -0.257827 -0.012210 -0.171508 -0.140816 -0.073487 -0.090580 0.040599 -0.248486 -0.273984 -0.215904 -0.434102 -0.358328 -0.127533 -0.222738 0.020348 0.144522 0.038855 0.063295 -0.160463 -0.069738 0.232746 0.078166 0.056910 -0.213338 -0.280767 0.054864 0.134115 -0.254197 -0.097748 0.053850
0.262821 0.212747 0.056529 0.069589 -0.072887 -0.375967 -0.056279 -0.360282 0.137833 -0.245169 0.537040 0.109464 0.327173 0.076024 1.000000 0.108340 0.394159 0.353732 0.237152 0.215736 -0.136508 -0.088939 0.283582 0.037730 -0.274212 -0.495710 -0.130099 -0.086974 0.408642 0.034939 -0.012005 -0.159994 -0.262999 -0.383317 -0.109221 -0.592212 0.238614 -0.013403 -0.036482 -0.304150 -0.059471 0.082122 0.192784 -0.057901 -0.340327 -0.565943 -0.078068 -0.438616 -0.120819 0.084928 0.077336 -0.052578 -0.091126 0.188050 0.108633 -0.284248 0.319275 0.315572 -0.127234 0.396080 -0.034407 -0.221937 0.412298 0.337529 0.115502 -0.442963 -0.208344 -0.507885 0.212934 0.239264 0.051668 -0.200535 0.026684 0.101608 0.313990 0.153756 0.028326 -0.173136 0.157476 0.268941 0.235246 0.331418 0.453138 0.252340 0.091276 -0.168263 -0.123160 -0.115819 -0.182072 -0.060329 0.040461 -0.048935 0.000382 0.270271 -0.178736 -0.121145 -0.335968 0.031805 0.024001 0.291405 0.202957 0.328623 0.135726 0.196764 0.086001 0.353568 0.019912 -0.146693 -0.036083 -0.089905 -0.346627 0.436817 0.080042 0.031344 0.102683 0.151938
-0.146141 -0.057078 -0.286627 0.024600 0.215215 0.108430 0.099435 0.318158 0.154363 0.408600 0.087350 0.313809 -0.057192 0.527861 0.108340 1.000000 -0.029407 -0.091916 -0.036962 -0.174234 -0.047134 0.063505 -0.384122 -0.173311 -0.230413 0.114856 -0.022593 -0.257450 0.232526 0.261527 -0.274397 0.077033 0.171320 0.243600 -0.107960 0.053719 0.111956 -0.097138 -0.013803 -0.096904 0.154637 -0.049028 -0.143881 -0.125500 -0.125010 0.056549 0.062089 -0.297042 -0.227027 -0.062440 -0.093021 -0.300576 0.076974 0.112418 0.157560 -0.109705 -0.229276 -0.258346 0.207853 -0.084817 0.343316 0.290603 0.143509 0.189978 0.271167 0.290928 -0.380183 -0.114646 -0.202402 -0.261384 -0.277692 -0.314880 0.194608 -0.230195 -0.072611 -0.086231 -0.110852 -0.262795 0.193868 0.127174 0.123919 0.195758 0.154405 0.626889 -0.135652 0.086412 -0.238763 -0.042719 -0.248854 -0.051470 0.085615 -0.197006 0.249371 -0.239361 -0.141944 -0.148794 -0.340679 -0.256440 -0.113712 -0.275210 0.111754 -0.106264 -0.159766 -0.006543 -0.021924 0.006122 0.129609 0.034423 0.051166 -0.275098 -0.492856 -0.000690 0.008457 -0.247191 0.036516 0.125973
0.124443 0.229546 0.083738 0.064971 -0.122376 -0.183136 -0.147219 -0.197144 -0.037654 -0.132010 0.230314 -0.020209 0.263105 0.027057 0.394159 -0.029407 1.000000 0.501239 0.236454 0.072279 -0.084129 0.038472 0.100193 -0.141902 -0.070871 -0.328677 -0.050591 -0.026206 0.314541 0.174092 0.070708 -0.102667 0.059875 -0.262427 -0.142594 -0.316365 0.066908 0.053325 -0.237485 -0.317316 -0.022877 0.123575 0.235471 -0.063894 -0.253866 -0.327459 -0.255091 -0.406022 -0.100879 -0.118290 0.111188 -0.243001 -0.066198 0.056914 -0.075999 -0.327295 0.416818 0.424847 -0.150648 0.212258 -0.000953 -0.035155 0.437063 0.392807 0.000313 -0.174433 -0.064355 -0.162123 0.095669 0.074964 0.056015 -0.015053 0.017227 0.063467 0.175360 0.032608 -0.103496 -0.264880 0.385224 0.221488 0.451383 0.198675 0.116453 0.021611 -0.099747 -0.301967 -0.108157 -0.301548 -0.288711 -0.040685 -0.087666 -0.145102 -0.030261 0.073729 -0.213634 -0.020331 -0.230375 0.046753 -0.139331 0.169058 0.183496 0.239241 0.055217 0.126458 -0.011865 0.127622 -0.068021 0.105147 0.001095 -0.030260 -0.174924 0.326289 0.220986 0.018187 0.147473 0.107276
0.369065 0.435984 -0.083685 -0.432542 0.204663 -0.540896 -0.413605 -0.413028 -0.195676 -0.328718 0.263522 0.084078 0.035380 0.077577 0.353732 -0.091916 0.501239 1.000000 0.421586 0.236083 0.138164 -0.027550 0.132587 -0.412039 -0.194589 -0.389948 0.086335 -0.030924 0.471343 0.381630 -0.154655 -0.260726 -0.172364 -0.170712 -0.204275 -0.509166 0.181205 0.122990 -0.118170 -0.336138 -0.125542 0.218962 0.242998 0.058031 -0.354099 -0.391318 0.001628 -0.283927 -0.153848 0.106729 -0.019368 -0.052692 -0.052068 -0.011932 0.138702 -0.432640 0.360225 0.440423 -0.216529 0.341881 -0.227179 -0.163091 0.364918 0.376324 -0.179487 -0.503400 -0.318577 -0.568122 0.309805 0.138782 0.244298 -0.091080 0.393149 0.375225 0.480197 0.291913 0.267149 -0.073535 0.435980 0.477499 0.535797 0.553765 0.286610 0.039384 0.131925 -0.174154 0.175022 -0.134392 -0.342112 -0.071076 -0.246468 -0.149714 -0.221305 -0.063217 -0.356041 -0.277911 -0.210390 -0.136841 0.376781 0.384307 0.038604 0.240057 0.239601 0.152239 0.058483 0.008563 -0.171581 0.112054 0.070992 -0.092913 -0.288436 0.327250 0.266314 0.216421 0.234057 0.050797
0.468905 0.284921 -0.070270 -0.171761 0.098344 -0.519855 -0.334306 -0.442507 -0.319949 -0.526657 0.293609 0.069324 -0.099221 0.023490 0.237152 -0.036962 0.236454 0.421586 1.000000 0.058642 0.048677 -0.071571 -0.035396 -0.385271 -0.204728 -0.233856 -0.036847 -0.163944 0.254980 0.238983 0.078658 -0.150774 -0.063208 -0.254010 -0.078430 -0.402814 0.135404 0.175055 -0.047534 -0.160143 -0.080935 0.093962 0.048780 0.039013 -0.203846 -0.229706 0.160922 -0.064855 -0.102333 0.270051 -0.203596 -0.114953 0.099757 0.025451 0.072217 -0.036855 0.231706 0.227481 -0.173526 0.262651 -0.204346 -0.385466 0.351986 0.236258 -0.160999 -0.463215 -0.062764 -0.477254 0.251494 -0.056389 0.146102 0.073427 0.296936 0.302798 0.295462 0.202335 0.392109 0.195141 0.086290 0.372091 0.198287 0.366902 0.268336 0.123129 0.008376 0.158653 0.285389 0.187408 -0.288906 -0.050358 -0.267697 -0.268733 -0.197092 -0.088847 -0.152537 -0.242749 -0.068787 -0.101331 0.162813 0.487705 0.270139 0.299279 0.259789 0.209462 0.133600 0.063371 0.031266 -0.124698 -0.137926 -0.097899 -0.402850 0.093779 -0.007666 0.130175 0.072409 -0.133019
0.394472 0.571127 0.179308 0.155061 -0.046473 -0.408483 -0.126444 -0.297128 -0.071054 -0.312800 0.303940 0.171071 -0.080269 -0.210864 0.215736 -0.174234 0.072279 0.236083 0.058642 1.000000 -0.016959 -0.144456 0.108004 0.194938 -0.396577 -0.483480 -0.193369 -0.206436 0.031847 -0.067925 -0.209734 -0.395391 -0.183324 -0.029947 0.108374 -0.420597 -0.060159 -0.276689 -0.271434 -0.383526 -0.317948 -0.124652 0.088403 -0.203591 -0.377259 -0.537232 -0.020623 -0.254773 -0.110946 -0.154561 -0.199386 -0.282540 -0.372888 -0.179724 -0.084473 -0.329626 0.451329 0.520895 0.052992 0.258596 -0.036220 -0.191628 0.113559 0.284127 0.377258 -0.257785 0.104965 -0.188934 0.394070 0.660504 -0.166192 -0.226150 -0.284427 -0.185914 -0.062588 -0.176609 -0.002902 -0.213696 -0.078840 0.275266 -0.067967 0.207007 0.240992 0.027808 0.056944 -0.031976 -0.167878 -0.133595 0.047513 -0.025111 0.364307 0.184533 0.044889 0.182098 -0.325928 -0.144357 -0.185189 -0.030432 0.125537 0.335900 0.053360 0.250021 0.184620 0.360373 -0.019833 0.351442 -0.138974 -0.258094 -0.216798 -0.275860 -0.250074 0.428115 0.159538 0.169124 0.245464 0.364174
0.002652 0.128221 0.040488 -0.238965 0.041701 -0.027920 -0.121876 -0.115125 -0.244853 -0.182638 -0.253030 -0.243027 -0.219745 -0.047450 -0.136508 -0.047134 -0.084129 0.138164 0.048677 -0.016959 1.000000 0.311712 0.003974 -0.124710 0.036976 0.200349 0.287551 0.234127 -0.050030 0.092680 0.095114 0.009904 0.022707 0.018481 0.025634 -0.062485 -0.016366 0.103776 0.353943 0.233848 -0.044673 0.051536 0.171223 0.224018 0.098239 0.117393 0.188956 0.223866 0.039900 0.158821 -0.163073 -0.051427 -0.168480 -0.021784 0.127215 0.237324 0.115102 0.192762 -0.177315 -0.048388 -0.246119 -0.108888 -0.119302 -0.005450 -0.260162 -0.154249 0.045188 -0.087485 0.182287 0.081769 0.126805 -0.078482 0.111104 0.062616 0.015768 0.110412 0.051206 -0.185058 0.040224 0.093642 -0.017158 0.137198 -0.084952 -0.309558 -0.042634 -0.087601 0.102301 -0.023032 -0.261230 -0.014346 -0.265488 -0.222147 -0.169191 -0.066397 0.083269 0.005735 0.212423 0.073250 0.263469 -0.068377 -0.117560 -0.006167 0.075231 -0.082124 0.191326 -0.112775 0.015860 -0.084077 0.277117 0.182569 0.174627 0.078456 -0.143465 0.061599 -0.026412 -0.000174
-0.267408 0.067561 0.122670 0.091561 0.178922 0.288631 -0.220590 0.036080 -0.212309 0.099480 -0.247138 -0.183696 -0.354613 -0.127288 -0.088939 0.063505 0.038472 -0.027550 -0.071571 -0.144456 0.311712 1.000000 0.162725 0.192610 0.182274 0.208956 0.582035 0.509562 0.211075 -0.126426 0.064992 0.232152 -0.044425 -0.051993 -0.009405 -0.013801 0.059996 0.175799 0.244658 0.217313 -0.029221 0.014091 0.357100 0.452366 -0.027869 0.129488 0.226110 0.277000 -0.044168 -0.001833 0.173067 0.095859 -0.142548 -0.038830 0.045424 0.199496 -0.163248 -0.102913 -0.293381 -0.159444 -0.417433 -0.141309 -0.386568 -0.364101 -0.126026 0.042675 -0.060371 0.005696 0.042202 0.061581 -0.019987 -0.342438 0.027330 0.018064 -0.088702 -0.128442 -0.193834 -0.279436 0.315951 0.318087 0.111868 0.157547 0.077311 -0.156481 0.312150 0.065112 0.208981 0.071870 -0.134405 -0.079948 -0.261492 -0.080005 -0.036794 -0.103444 0.073758 -0.075985 0.259330 0.080025 -0.068923 -0.056736 -0.007293 -0.261061 -0.131853 -0.020298 0.106696 0.129403 0.190393 -0.146314 -0.091023 0.007974 0.233105 -0.120604 0.042953 0.021908 0.108666 -0.069005
0.052460 0.024099 0.374144 0.220373 -0.160172 0.005862 -0.195924 -0.236531 -0.188242 -0.311889 0.008988 -0.342891 -0.062893 -0.446269 0.283582 -0.384122 0.100193 0.132587 -0.035396 0.108004 0.003974 0.162725 1.000000 0.489745 0.214148 -0.182906 0.191924 0.369906 0.059424 -0.167054 0.311221 0.090584 -0.269395 -0.335081 0.083477 -0.142219 0.045394 0.222297 0.040004 -0.101065 -0.048117 0.093402 0.421485 0.312769 -0.134698 -0.193073 0.154311 0.180209 0.025407 0.030554 0.378370 0.363417 -0.173010 0.080138 -0.044383 -0.005709 0.252885 0.262870 -0.445464 0.059622 -0.578245 -0.428821 -0.141032 -0.230963 -0.207513 -0.344628 0.143199 -0.008167 0.122135 0.202013 0.019041 -0.103385 -0.313057 0.111295 0.024441 0.087024 -0.073573 -0.140426 0.092382 0.105118 -0.066863 0.030451 0.251231 -0.469897 0.353827 -0.082702 0.214692 -0.179991 0.175255 -0.041634 -0.027825 0.181807 -0.070450 0.301379 -0.044070 -0.083278 0.060185 0.081684 0.145584 0.296741 0.045935 0.044215 0.023403 0.085662 0.076939 0.227526 0.035765 -0.027004 -0.034795 0.056537 0.179294 0.188573 0.045665 0.279426 0.268877 0.018508
-0.276053 -0.313279 0.394002 0.701360 -0.326964 0.400733 0.188937 0.087988 0.244673 0.056071 -0.067413 -0.188152 0.012694 -0.537011 0.037730 -0.173311 -0.141902 -0.412039 -0.385271 0.194938 -0.124710 0.192610 0.489745 1.000000 0.310159 0.068600 -0.027156 0.178898 -0.189571 -0.534365 0.278422 0.310071 -0.050190 -0.062682 0.241566 0.128769 -0.234666 -0.004120 0.076580 0.118252 -0.105450 -0.195584 0.072455 0.054591 -0.026290 -0.035405 0.020244 0.177779 0.002744 -0.164286 -0.003016 0.089790 -0.263261 -0.093154 -0.136351 0.075376 -0.082957 -0.072699 -0.013836 -0.209404 -0.085720 -0.112782 -0.274386 -0.286173 0.311892 0.208996 0.191798 0.413127 -0.192565 0.128886 -0.116022 0.005930 -0.575047 -0.287054 -0.313226 -0.270903 -0.395432 -0.105219 -0.265669 -0.218208 -0.434603 -0.406040 -0.041559 -0.269618 0.061543 0.147722 -0.109374 -0.049503 0.360976 0.211894 0.387804 0.281951 0.314144 0.238335 0.122323 0.108319 0.216465 0.184605 -0.235471 -0.115210 0.027062 -0.344798 -0.207175 -0.001610 -0.083140 0.216009 0.095235 -0.108353 -0.282256 -0.050777 0.234899 -0.109392 -0.198650 0.097696 0.089076 0.060063
-0.436062 -0.497873 -0.013887 0.122645 -0.127824 0.402547 0.128567 0.114824 0.244675 0.111141 -0.343651 -0.294850 -0.118652 -0.175597 -0.274212 -0.230413 -0.070871 -0.194589 -0.204728 -0.396577 0.036976 0.182274 0.214148 0.310159 1.000000 0.481031 0.114552 0.207680 -0.104269 -0.172038 0.618396 0.653751 0.430873 0.381994 0.031468 0.470963 -0.110085 0.323330 0.053177 0.148030 0.253620 0.103774 -0.023435 0.340421 0.400630 0.498662 0.048583 0.447591 0.272848 0.197403 0.003786 0.371504 0.076328 -0.015439 -0.231268 0.240104 -0.368812 -0.253314 -0.260288 -0.210543 -0.178822 0.114920 -0.323486 -0.394134 -0.261307 0.123984 0.102191 0.469433 -0.411320 -0.344347 0.024715 0.478320 -0.097501 0.087159 -0.098976 0.082529 -0.098596 0.208927 -0.029000 -0.163569 -0.146537 -0.442894 -0.276438 -0.344144 -0.038782 -0.179975 0.083829 -0.133386 0.030706 0.105760 -0.125451 0.117937 -0.185711 -0.199198 0.021129 -0.011767 0.283132 -0.077100 0.075581 -0.182055 -0.073661 -0.418048 -0.141397 -0.406570 -0.328206 -0.264389 0.075429 0.239608 0.121059 0.147916 0.373924 -0.294889 -0.009276 0.037963 -0.109820 -0.263886
-0.263659 -0.408271 -0.055019 -0.004020 -0.082536 0.427429 0.264830 0.258767 0.012535 0.230813 -0.340735 -0.098877 -0.184438 0.002603 -0.495710 0.114856 -0.328677 -0.389948 -0.233856 -0.483480 0.200349 0.208956 -0.182906 0.068600 0.481031 1.000000 0.173901 0.084489 -0.170466 -0.109522 0.163928 0.474548 0.320307 0.375442 0.017436 0.552132 -0.247518 0.064118 0.420279 0.594816 0.132519 -0.174050 -0.270252 0.127604 0.377666 0.500847 0.027569 0.412776 0.117547 0.016095 -0.105456 0.117947 0.020712 0.111470 0.003112 0.324698 -0.447588 -0.473836 -0.035591 -0.373444 0.056984 0.160305 -0.427932 -0.371826 -0.173735 0.387416 0.108602 0.344889 -0.222319 -0.445554 0.055936 0.309643 0.101006 0.038335 -0.147970 0.036879 -0.032342 0.369466 -0.194716 -0.224154 -0.321474 -0.408993 -0.362586 -0.138441 -0.203347 0.169917 -0.072300 0.274415 0.116369 0.236874 -0.204478 -0.140190 0.082380 -0.368012 0.329496 0.051074 0.447689 0.032235 -0.110174 -0.494787 -0.159248 -0.429110 -0.350728 -0.380548 -0.254637 -0.407322 -0.031073 0.047434 0.249525 0.242286 0.330255 -0.651389 -0.340013 -0.145312 -0.305215 -0.423901
-0.132888 0.013411 0.220800 0.014934 0.518320 0.249705 -0.245399 0.030831 -0.311817 -0.019354 -0.305286 -0.227189 -0.454005 -0.125076 -0.130099 -0.022593 -0.050591 0.086335 -0.036847 -0.193369 0.287551 0.582035 0.191924 -0.027156 0.114552 0.173901 1.000000 0.692503 0.144797 -0.089986 -0.017924 0.204978 -0.199982 -0.071972 0.137320 0.104870 0.011883 0.108966 0.308351 0.202254 0.136964 0.101278 0.180515 0.356596 -0.145035 0.100434 0.124403 0.216864 -0.253326 0.019995 0.154497 0.134868 -0.102773 -0.126666 0.186494 0.226953 -0.061861 0.011503 -0.495727 -0.203741 -0.454958 -0.214458 -0.464570 -0.354637 -0.195176 -0.011449 -0.247818 -0.110306 0.148554 0.006439 0.125302 -0.259887 0.054228 0.254701 0.177125 0.232712 0.033417 -0.038738 0.257146 0.307151 0.190714 0.254858 0.121977 -0.262083 0.374042 0.131618 0.368494 0.172656 0.024835 -0.067174 -0.464473 -0.230643 -0.172395 -0.077465 0.164357 -0.022208 0.185780 0.068245 0.123294 -0.088200 -0.151432 -0.222407 -0.124486 0.002375 0.045395 -0.177703 0.080039 -0.010641 0.249203 0.215001 0.207782 -0.237500 -0.172025 0.113171 -0.017075 -0.218970
-0.159026 -0.048782 0.292484 0.059125 0.125050 0.472394 -0.430297 -0.105394 -0.212923 -0.113740 -0.357415 -0.324671 -0.271429 -0.321830 -0.086974 -0.257450 -0.026206 -0.030924 -0.163944 -0.206436 0.234127 0.509562 0.369906 0.178898 0.207680 0.084489 0.692503 1.000000 0.007591 -0.240166 0.184782 0.198653 -0.206642 -0.321548 0.114584 0.083787 0.103595 0.159123 0.197150 0.172197 0.107691 0.247038 0.238274 0.427881 -0.091613 0.112182 0.105173 0.318713 -0.183171 0.035480 0.321630 0.218323 -0.152415 -0.070449 0.101763 0.272241 0.063663 0.152447 -0.471283 -0.079732 -0.536287 -0.323496 -0.281438 -0.380984 -0.311842 -0.092762 0.045421 0.078720 0.191653 0.014607 -0.062803 -0.154596 -0.098632 0.183718 0.161384 0.097611 -0.111552 -0.159063 0.048118 0.187572 0.035330 0.079785 0.122435 -0.447572 0.481824 0.118008 0.384399 0.009141 0.148752 -0.000862 -0.352963 -0.091392 -0.089981 0.149549 0.277380 0.045916 0.196408 0.282878 -0.050082 0.039664 -0.198944 -0.116166 -0.144559 0.051075 0.152713 0.047000 0.056365 0.150325 0.152272 0.252440 0.330284 -0.172727 -0.163297 0.045829 -0.095375 -0.137012
-0.021946 0.133887 -0.063707 -0.229081 0.226708 -0.235398 -0.185084 -0.357394 -0.080549 -0.128513 0.228808 0.128953 -0.167162 0.100913 0.408642 0.232526 0.314541 0.471343 0.254980 0.031847 -0.050030 0.211075 0.059424 -0.189571 -0.104269 -0.170466 0.144797 0.007591 1.000000 0.313874 0.094842 0.174536 -0.000890 0.013856 -0.066588 -0.370671 0.366308 0.259751 0.040510 -0.203871 0.142402 0.112588 0.197358 0.226974 -0.230201 -0.160205 0.118995 -0.177581 -0.222630 0.236269 0.118785 0.038129 -0.000362 0.102932 0.215308 -0.161121 0.040355 0.094310 -0.185901 0.280898 -0.132365 -0.031173 0.240068 0.193441 -0.154606 -0.370528 -0.609423 -0.442754 -0.033817 0.032097 0.199470 -0.087669 0.445405 0.275640 0.490647 0.213071 0.267618 0.010250 0.552654 0.501196 0.607923 0.501345 0.472435 0.402318 -0.006268 -0.356770 -0.024990 -0.170580 -0.445864 -0.197024 -0.204572 -0.218909 -0.116442 -0.217629 -0.279246 -0.207865 -0.206003 -0.200211 0.232308 0.203180 -0.223474 -0.043132 -0.270225 0.003264 -0.050448 0.197411 0.051289 -0.074522 -0.014502 -0.223356 -0.386119 0.204491 0.215487 -0.151548 -0.009573 0.177837
-0.010454 0.150732 -0.470227 -0.462375 0.233204 -0.264846 -0.100780 -0.072520 -0.345294 -0.038718 -0.001007 0.112600 0.026863 0.351778 0.034939 0.261527 0.174092 0.381630 0.238983 -0.067925 0.092680 -0.126426 -0.167054 -0.534365 -0.172038 -0.109522 -0.089986 -0.240166 0.313874 1.000000 0.000785 -0.077109 0.172195 0.084942 -0.277921 -0.079314 0.441871 0.201269 -0.042170 -0.322989 0.277333 0.323404 0.229919 0.034809 0.139539 0.060657 0.276440 -0.073061 0.078767 0.311647 -0.002122 0.021231 0.093616 0.113788 0.056824 -0.127572 -0.045811 -0.103203 -0.096233 0.176639 -0.035779 0.173529 0.361221 0.405517 -0.164236 -0.289034 -0.273393 -0.353656 -0.123814 -0.355040 0.146436 -0.029204 0.526235 0.286622 0.289093 0.374122 0.254606 -0.074882 0.305627 0.174765 0.486985 0.375898 0.115979 0.327553 0.071651 -0.351003 -0.063109 -0.115094 -0.329040 -0.207383 -0.308986 -0.263062 -0.397578 -0.400708 -0.462527 -0.382802 -0.337045 -0.476415 0.339947 0.255943 -0.190813 0.041517 -0.092173 -0.207642 -0.114047 -0.137153 -0.196442 0.378741 0.145033 -0.250041 -0.289302 0.456443 0.300490 -0.119177 0.208650 0.254615
-0.296934 -0.354447 0.094209 0.184561 -0.162884 0.096128 0.139659 -0.251355 -0.093729 -0.300238 -0.190796 -0.372970 -0.141680 -0.358679 -0.012005 -0.274397 0.070708 -0.154655 0.078658 -0.209734 0.095114 0.064992 0.311221 0.278422 0.618396 0.163928 -0.017924 0.184782 0.094842 0.000785 1.000000 0.644467 0.494632 0.268002 0.134670 0.189144 0.210682 0.505559 -0.106691 -0.115045 0.349472 0.275197 0.128323 0.354811 0.349624 0.366502 0.123956 0.336845 0.171169 0.293977 0.015370 0.201707 -0.132290 -0.075744 -0.245151 0.177708 -0.092717 -0.036625 -0.403980 0.059849 -0.143711 -0.040599 0.095578 -0.026764 -0.297708 -0.200567 0.129800 0.397053 -0.440520 -0.247540 -0.026919 0.446944 -0.071562 0.136741 0.056047 0.132338 -0.058252 0.100792 -0.105354 -0.132251 0.018194 -0.257559 -0.023139 -0.229072 0.025803 -0.297356 0.087228 -0.269377 -0.074048 -0.096564 -0.289979 -0.143479 -0.287491 -0.213566 -0.209257 -0.136876 0.034614 -0.254053 0.093550 0.036310 -0.145010 -0.203625 -0.272479 -0.252801 -0.177192 -0.068532 0.044184 0.238484 0.019577 0.039651 0.070029 0.011212 -0.046422 -0.071600 0.019207 0.061855
-0.514174 -0.596726 -0.058164 0.188067 -0.013260 0.344512 0.205911 0.133365 0.102182 0.106501 -0.234480 -0.136466 -0.212809 -0.175813 -0.159994 0.077033 -0.102667 -0.260726 -0.150774 -0.395391 0.009904 0.232152 0.090584 0.310071 0.653751 0.474548 0.204978 0.198653 0.174536 -0.077109 0.644467 1.000000 0.487724 0.462271 0.036906 0.356553 0.001008 0.339040 0.054624 0.156210 0.378474 -0.005115 -0.052045 0.371756 0.293256 0.521968 0.175725 0.343193 0.006463 0.240584 -0.073256 0.172120 -0.073478 -0.005071 -0.106927 0.281129 -0.522232 -0.397686 -0.262463 -0.212794 -0.028452 0.244865 -0.230181 -0.270074 -0.019563 0.214985 -0.219437 0.385559 -0.565654 -0.394437 -0.054036 0.273545 -0.028695 -0.004903 -0.065852 0.056415 -0.169401 0.159518 -0.018753 -0.138119 0.034857 -0.327103 -0.096861 -0.016357 -0.087152 -0.111637 0.100693 0.037015 -0.011065 0.097385 -0.169282 -0.180225 -0.158002 -0.342032 -0.037739 -0.065185 0.182968 -0.155923 0.110585 -0.250227 -0.266510 -0.549847 -0.444449 -0.475354 -0.285369 -0.281916 0.166228 0.062893 0.063212 0.017359 0.091165 -0.372922 -0.226557 -0.140813 -0.094243 -0.249601
-0.297725 -0.308786 -0.270798 0.034274 -0.105028 0.094271 0.217755 0.184088 0.136347 0.067710 -0.209700 -0.070492 -0.030009 0.144191 -0.262999 0.171320 0.059875 -0.172364 -0.063208 -0.183324 0.022707 -0.044425 -0.269395 -0.050190 0.430873 0.320307 -0.199982 -0.206642 -0.000890 0.172195 0.494632 0.487724 1.000000 0.706554 -0.021029 0.334872 0.077020 0.191501 -0.133967 -0.103494 0.397410 0.105831 -0.128909 0.162162 0.359471 0.441896 -0.038480 0.053221 0.166597 0.080254 -0.152824 -0.002279 0.006848 0.067848 -0.167600 0.064022 -0.288774 -0.252286 -0.026523 -0.140522 0.389079 0.423319 0.196676 0.177535 0.042724 0.264986 0.074428 0.457562 -0.519606 -0.322265 -0.258934 0.305400 0.107762 -0.238925 -0.224139 -0.170158 -0.286413 -0.041012 0.066005 -0.224406 0.089706 -0.257078 -0.189665 0.183717 -0.271052 -0.345695 -0.169580 -0.154250 -0.167515 -0.021490 -0.193014 -0.266266 -0.182662 -0.539975 -0.283905 -0.091963 -0.140710 -0.422536 -0.037875 -0.300981 -0.094306 -0.260525 -0.241372 -0.387918 -0.314394 -0.267768 0.076833 0.227530 0.100947 -0.051253 -0.114138 -0.072169 -0.020985 -0.336578 0.098506 0.038546
-0.319960 -0.288442 -0.297754 -0.037562 0.113623 0.002083 0.399811 0.317776 0.175874 0.229276 -0.133399 0.069700 -0.248005 0.275149 -0.383317 0.243600 -0.262427 -0.170712 -0.254010 -0.029947 0.018481 -0.051993 -0.335081 -0.062682 0.381994 0.375442 -0.071972 -0.321548 0.013856 0.084942 0.268002 0.462271 0.706554 1.000000 -0.051297 0.434838 -0.019422 0.014122 -0.201653 -0.128332 0.292374 0.008386 -0.160760 0.139181 0.384582 0.508841 0.061636 0.113992 0.183300 0.119292 -0.212851 0.056102 0.033421 -0.066327 -0.146704 -0.109849 -0.434070 -0.321751 0.122017 -0.105635 0.358108 0.453442 -0.151119 0.009117 0.127328 0.314846 -0.144327 0.395670 -0.448593 -0.197101 -0.248362 0.212606 0.101161 -0.229993 -0.299362 -0.183764 -0.245141 0.028412 0.054858 -0.099615 0.048597 -0.180642 -0.273439 0.233623 -0.225016 -0.268326 -0.190468 -0.118435 -0.138543 -0.122316 -0.019390 -0.117323 -0.134892 -0.564875 -0.379727 -0.229715 -0.156079 -0.562337 0.194903 -0.395445 -0.145220 -0.306909 -0.197327 -0.284948 -0.350360 -0.336986 0.014210 0.086516 0.121961 -0.156851 -0.128481 -0.145342 0.036111 -0.236499 0.059139 0.076768
0.086770 -0.005708 0.258594 0.232138 0.069932 0.217367 0.175441 -0.108982 0.055892 0.014497 -0.120389 -0.004132 -0.100736 -0.234800 -0.109221 -0.107960 -0.142594 -0.204275 -0.078430 0.108374 0.025634 -0.009405 0.083477 0.241566 0.031468 0.017436 0.137320 0.114584 -0.066588 -0.277921 0.134670 0.036906 -0.021029 -0.051297 1.000000 0.183945 -0.255836 -0.045021 -0.032365 -0.004208 -0.146837 -0.258684 0.037051 0.025153 -0.033655 0.025551 -0.109578 0.035874 -0.145770 -0.237711 -0.063178 -0.346953 -0.286640 -0.134363 -0.234483 0.105630 0.097584 0.101983 -0.033222 -0.320098 0.162673 -0.066004 -0.166787 -0.036074 0.116606 0.074668 0.242509 0.254441 -0.024078 0.171980 -0.084037 0.100940 -0.369422 -0.136273 -0.094211 -0.121214 0.145866 0.025578 -0.324417 -0.092688 -0.262047 -0.247835 -0.035444 -0.152040 -0.088566 0.106478 0.100085 0.005878 0.154933 0.088664 0.086159 0.117866 0.265299 0.205118 0.219879 0.298301 0.029700 0.133385 -0.167249 -0.178320 0.075280 -0.048251 0.125233 0.144410 0.014385 0.059571 0.272403 0.027498 -0.066706 0.082140 0.063214 -0.134269 -0.334621 0.011523 -0.103746 -0.071170
-0.414678 -0.481078 -0.162855 0.092756 -0.068548 0.551095 0.303179 0.428913 0.083898 0.372525 -0.427353 -0.123292 -0.028007 0.137210 -0.592212 0.053719 -0.316365 -0.509166 -0.402814 -0.420597 -0.062485 -0.013801 -0.142219 0.128769 0.470963 0.552132 0.104870 0.083787 -0.370671 -0.079314 0.189144 0.356553 0.334872 0.434838 0.183945 1.000000 -0.254864 -0.052424 0.025211 0.277816 0.257966 -0.027948 -0.191683 0.049826 0.434184 0.640295 -0.182743 0.240171 0.196209 -0.084184 -0.021864 0.122032 0.128241 -0.179056 -0.178596 0.147463 -0.409823 -0.438146 0.194813 -0.426814 0.246750 0.297711 -0.458056 -0.410181 -0.052255 0.507873 0.229945 0.695598 -0.368788 -0.321899 -0.137938 0.349486 -0.115385 -0.170097 -0.352188 -0.106719 -0.199590 0.188715 -0.267220 -0.344196 -0.273319 -0.541515 -0.545498 -0.177527 -0.090428 0.053636 -0.023227 0.113763 0.275828 0.259385 -0.143926 -0.001636 0.074384 -0.188649 0.167242 0.092505 0.040566 -0.115479 -0.278855 -0.584735 -0.115008 -0.385983 -0.292264 -0.228841 -0.307550 -0.388743 0.017820 0.296329 0.050879 0.132201 0.387233 -0.419116 -0.200594 -0.138188 -0.276551 -0.118791
