1.000000 0.424156 -0.053691 -0.265582 -0.126858 -0.275352 0.018175 -0.359094 -0.004321 -0.382375 0.571739 0.134707 0.416599 -0.086941 0.300856 0.060060 0.424318 0.221326 0.532223 0.181266 -0.194885 -0.060795 0.103325 -0.416807 -0.329924 -0.367030 -0.077890 0.038188 0.356340 0.086632 -0.168342 -0.270996 -0.192355 -0.391508 -0.371461 -0.475624 0.012387 -0.229737 -0.063201 -0.174969 0.154329 0.031369 0.134695 -0.124173 -0.119040 -0.442171 0.149366 0.034631 0.251159 0.254559 -0.073207 0.124656 0.018358 0.080811 0.138155 0.177161 0.362357 0.205781 0.200806 0.209141 0.069680 0.040003 0.149888 0.077417 -0.015598 -0.244365 -0.276335 -0.541338 0.194734 -0.158209 0.401916 0.090757 0.230686 0.317990 0.330869 -0.002132 0.191385 0.026294 0.259419 0.134411 0.344224 0.331609 0.023464 0.223557 0.320704 0.017702 -0.088334 -0.033863 -0.093516 0.030651 -0.078069 -0.089056 -0.334754 -0.076426 0.163211 0.053213 -0.022341 -0.210364 0.415948 -0.035250 -0.106281 0.028206 -0.203244 -0.223587 -0.306285 -0.276533 -0.113195 -0.116943 -0.226170 0.020956 -0.276634 0.119245 -0.082500 -0.057677 -0.194220 -0.195491
0.424156 1.000000 -0.232392 -0.163901 -0.319170 -0.374636 -0.115016 -0.184161 -0.243771 -0.291159 0.260119 0.300246 0.073370 0.173015 0.086314 0.204139 0.520630 0.594200 0.265445 0.273085 -0.175427 -0.196467 -0.084212 -0.445276 -0.345662 -0.511808 -0.151521 -0.222728 0.473275 0.493070 -0.045710 -0.148231 0.086178 0.079856 -0.402273 -0.521005 0.234481 -0.092298 -0.237724 -0.057881 0.265587 0.091207 -0.183247 -0.266601 -0.195585 -0.444104 -0.105071 -0.124026 -0.191462 0.103257 -0.273956 -0.092003 0.034823 0.079537 -0.002319 -0.184627 0.357200 0.423957 -0.120570 0.129276 0.093167 0.138646 0.453651 0.546020 -0.087621 -0.257388 -0.265372 -0.592762 0.239648 -0.152526 0.143030 -0.077793 0.455553 0.202131 0.383158 0.107926 0.143164 0.139964 0.384760 0.378989 0.504498 0.430763 0.139413 0.488040 0.382393 0.387533 0.032990 0.076634 -0.220538 -0.210373 -0.014371 -0.325093 -0.271372 -0.269042 0.030102 0.046504 -0.280261 -0.246470 0.155153 -0.173156 0.103640 -0.090730 -0.159479 -0.366698 -0.254259 -0.241529 -0.067544 -0.109156 -0.029279 -0.105956 -0.315064 0.221428 0.000207 -0.022909 -0.222852 -0.293604
-0.053691 -0.232392 1.000000 0.127134 0.554174 0.302422 0.679657 0.410421 0.407584 0.080147 -0.213057 -0.309943 0.029747 -0.166855 -0.412401 -0.192328 -0.378534 -0.254399 -0.121669 -0.222511 0.373618 0.372086 0.057672 0.134953 0.311945 0.269307 0.204770 0.251116 -0.230351 -0.166685 0.257347 0.341027 0.147295 0.260322 0.315858 0.402059 -0.115198 0.028457 -0.089929 -0.054066 -0.054066 -0.203639 -0.207188 -0.091608 0.026427 0.076889 -0.305996 -0.239556 -0.028002 -0.218441 0.072846 -0.091621 -0.343370 -0.324203 -0.363820 -0.274411 -0.197652 -0.257130 0.107437 -0.132667 0.166050 -0.093465 -0.227417 -0.051023 0.101802 0.296757 0.295327 0.245225 -0.047567 -0.246819 0.225333 0.221742 -0.026465 0.030835 -0.040286 0.246482 0.207549 0.048602 -0.147778 -0.132557 -0.426781 -0.357148 -0.303636 -0.259115 -0.299520 -0.294890 -0.082704 -0.153747 -0.137982 0.140436 -0.254320 -0.027520 0.238441 0.022160 -0.087646 -0.046963 -0.303476 -0.108253 -0.337762 -0.148578 0.020475 0.110084 0.080392 0.089470 -0.090481 -0.086082 -0.104182 -0.128036 -0.173367 -0.026730 -0.073540 -0.192306 -0.125027 -0.066249 -0.176450 -0.185769
-0.265582 -0.163901 0.127134 1.000000 -0.081390 -0.121837 0.064527 0.012037 -0.038238 -0.168167 -0.036061 -0.002908 -0.384431 -0.286117 0.034015 -0.099564 -0.074699 -0.143425 -0.096302 0.024460 0.172279 -0.090265 0.561287 0.658765 0.277333 0.341896 0.310214 0.154801 -0.096659 -0.111621 0.292895 0.087342 0.011586 0.116231 0.395519 0.232033 -0.040850 0.194101 -0.035694 -0.244528 0.022159 0.026251 -0.115015 0.106565 -0.151989 0.046530 -0.138724 -0.011735 -0.180699 -0.247109 0.289749 -0.005221 0.081168 0.239440 -0.256027 -0.049681 -0.138433 -0.069766 -0.410898 -0.246324 -0.375686 -0.334504 -0.176390 -0.198249 0.318538 -0.033596 -0.148360 0.129214 -0.165816 0.106759 -0.032858 0.107217 -0.169707 -0.081682 -0.147190 0.224675 0.089153 0.131436 -0.202271 -0.110309 -0.262605 -0.269783 0.374832 0.033964 0.078273 0.149493 0.344246 0.114535 0.315687 0.186367 -0.124395 -0.062914 -0.017408 -0.138701 -0.112707 -0.250095 -0.090765 -0.016979 -0.386512 -0.086177 -0.277187 -0.055400 -0.038654 -0.151845 -0.133227 -0.146712 -0.132225 -0.144605 -0.282435 -0.016743 0.160441 -0.191105 0.112184 0.119649 -0.130942 -0.338547
-0.126858 -0.319170 0.554174 -0.081390 1.000000 0.481257 0.476622 0.327370 0.533811 0.273815 -0.151030 0.000541 0.107121 0.037468 -0.320321 -0.309989 -0.550485 -0.496142 -0.110196 -0.046535 0.329471 0.354931 -0.000604 0.238799 0.454419 0.323975 0.192511 0.224481 -0.416314 -0.324626 0.055665 0.032373 -0.151603 -0.128917 0.147881 0.421916 -0.222321 -0.127855 -0.031084 -0.007949 -0.347864 -0.225060 -0.319209 -0.206542 0.053747 0.136643 -0.269488 -0.136163 0.089244 -0.248350 0.039451 0.048847 -0.173836 -0.267843 -0.073790 -0.139392 -0.382213 -0.416855 0.316558 -0.146600 0.202487 0.203204 -0.413193 -0.287108 -0.040835 0.467595 0.104063 0.407399 -0.172661 -0.039662 0.040771 0.001066 -0.228862 -0.339124 -0.254112 -0.213454 -0.152525 -0.214986 -0.436458 -0.434846 -0.528915 -0.460812 -0.272055 -0.356954 -0.224913 -0.194771 -0.056946 -0.156442 -0.291804 0.023997 0.084270 0.254416 0.345200 0.381895 0.154222 -0.156665 -0.007316 -0.012764 -0.329832 -0.093898 0.100853 0.133718 0.117171 0.279824 0.122440 0.209882 0.106062 0.170578 0.078078 0.005830 0.019535 -0.046874 -0.206295 -0.136976 0.217226 0.196382
-0.275352 -0.374636 0.302422 -0.121837 0.481257 1.000000 0.454565 0.408414 0.605529 0.568574 -0.404228 -0.179597 0.206208 0.309543 -0.319048 -0.015823 -0.537745 -0.331019 -0.180652 -0.304014 0.368988 0.372716 -0.272170 0.101599 0.034686 0.349165 -0.027060 0.385196 -0.508495 -0.247202 -0.039073 0.141061 -0.128610 -0.021161 0.033205 0.309988 -0.307567 -0.005504 0.048698 0.167746 -0.322160 -0.180251 -0.207523 -0.055242 0.278651 0.398414 -0.073096 0.208160 0.074509 0.075114 -0.216946 0.194226 -0.103101 -0.126872 -0.064589 0.100986 -0.137093 -0.481105 0.130810 -0.007444 0.091564 0.179549 -0.187470 -0.144529 -0.256861 0.423389 0.091309 0.282290 -0.296740 0.011641 0.008729 0.043145 -0.310982 -0.180777 -0.241306 -0.025892 -0.207371 -0.168382 -0.243441 -0.292306 -0.407227 -0.355648 -0.479686 -0.257526 -0.553100 -0.461051 -0.251814 -0.114120 -0.356189 0.065175 0.189047 0.171632 0.375880 0.314422 -0.054579 0.151228 -0.091593 -0.065250 -0.005925 0.010349 0.168779 0.228842 0.204647 0.255484 0.214380 0.208094 0.287672 -0.051407 0.170372 -0.012739 -0.157620 -0.058186 -0.073001 0.066189 0.108989 0.260141
0.018175 -0.115016 0.679657 0.064527 0.476622 0.454565 1.000000 0.318062 0.714999 0.249019 -0.262890 -0.142040 0.150513 0.052006 -0.251333 0.255241 -0.203775 -0.097584 0.284058 -0.128322 0.372159 0.285202 0.078315 0.075785 0.048334 0.141229 -0.185246 0.049092 0.046813 0.092374 0.447387 0.542157 0.145881 0.255116 0.129293 0.182318 -0.065206 -0.099878 -0.133457 -0.151290 0.048537 -0.078359 -0.268817 -0.222903 0.095717 0.037732 -0.259844 -0.312187 -0.081924 -0.106037 -0.235918 -0.022856 -0.372928 -0.192770 -0.421322 -0.313376 -0.050046 -0.311304 -0.113920 -0.161890 0.053140 0.003697 -0.122198 0.001708 0.078641 0.164402 0.146837 -0.069622 -0.210505 -0.263506 0.327708 0.242533 0.154234 0.119562 0.140288 0.381372 0.180775 0.023829 -0.056779 -0.101795 -0.268003 -0.226045 -0.316088 0.063183 -0.292928 -0.174245 -0.262239 -0.268658 -0.434403 0.056763 -0.268117 -0.189791 0.130674 -0.014717 -0.050063 -0.018035 -0.503969 -0.198875 -0.289191 -0.235885 0.097546 0.126354 0.153831 -0.013746 -0.133604 -0.085503 -0.169403 -0.262927 -0.118777 0.012993 -0.334937 -0.127886 -0.188042 -0.156797 -0.246180 -0.188592
-0.359094 -0.184161 0.410421 0.012037 0.327370 0.408414 0.318062 1.000000 0.279484 0.653203 -0.202671 0.030853 0.160172 0.559233 -0.217326 0.071976 -0.635667 -0.401214 -0.302127 -0.159233 0.070150 0.167045 -0.495269 0.132603 -0.026422 0.176028 -0.131270 -0.172898 -0.497071 -0.162157 -0.062993 0.225319 -0.035265 0.268715 0.113837 0.234145 -0.344713 -0.150711 -0.347959 -0.065961 -0.328676 -0.475682 -0.206986 0.008518 -0.080186 0.220590 -0.238192 -0.077890 -0.160740 -0.347200 -0.058962 -0.015300 -0.135805 -0.231556 -0.240902 -0.229724 -0.241427 -0.306684 0.127143 0.024390 0.282707 0.490983 -0.285143 -0.119152 0.134005 0.748153 0.211328 0.371764 -0.260493 -0.030804 -0.148767 0.001906 -0.307950 -0.338650 -0.332969 -0.061848 -0.246766 0.007692 -0.446075 -0.310057 -0.638967 -0.652047 -0.375714 -0.432335 -0.363960 -0.320190 -0.118147 -0.162190 -0.139504 -0.063238 0.181951 0.189490 0.499025 0.364335 -0.212322 0.198897 -0.228836 -0.037142 -0.375187 -0.003680 0.231575 0.078016 0.174295 0.230558 0.230203 0.181611 0.075547 0.013870 0.228354 0.245417 -0.253291 0.044472 0.031918 0.171492 0.012925 -0.026141
-0.004321 -0.243771 0.407584 -0.038238 0.533811 0.605529 0.714999 0.279484 1.000000 0.431711 -0.278365 -0.113281 0.224579 0.142118 0.060681 0.325164 -0.361864 -0.298185 0.211700 -0.232695 0.351491 0.299648 -0.034434 0.069399 0.127155 0.214014 -0.207177 0.156220 -0.107955 0.028441 0.322537 0.434179 -0.021760 0.067264 -0.015485 0.184977 -0.217226 -0.089356 0.057981 0.013230 -0.154084 -0.132007 -0.323480 -0.263964 0.260884 0.145009 -0.217255 -0.210639 0.058827 0.043390 -0.255817 0.120937 -0.232483 -0.159562 -0.231743 -0.126161 -0.041590 -0.398243 0.063134 -0.123196 0.198867 0.215508 -0.230311 -0.114870 -0.031060 0.287596 0.028130 -0.019702 -0.234167 -0.112143 0.193924 0.127025 0.006177 0.047097 -0.019181 0.187583 0.033798 -0.048357 -0.360294 -0.398207 -0.441434 -0.382805 -0.198092 0.114239 -0.384499 -0.371592 -0.218750 -0.108813 -0.373010 0.001908 -0.182987 -0.129379 0.063653 0.043595 -0.096299 -0.189815 -0.223087 -0.098431 -0.234641 -0.161644 -0.032009 0.026260 -0.052790 0.006686 0.011614 0.081035 0.097895 0.068076 0.065396 0.067021 -0.181921 -0.086522 -0.067926 0.057763 0.088964 0.011581
-0.382375 -0.291159 0.080147 -0.168167 0.273815 0.568574 0.249019 0.653203 0.431711 1.000000 -0.342567 0.178982 0.091722 0.512639 -0.057952 0.350676 -0.427863 -0.393683 -0.101990 -0.014596 0.033136 0.034505 -0.401283 0.177853 -0.164246 0.065238 -0.376130 -0.247977 -0.338823 -0.118014 -0.046211 0.228252 -0.092096 0.074900 0.104111 0.179492 -0.237939 -0.080826 -0.181646 -0.074904 -0.220337 -0.338774 -0.227265 -0.116651 -0.038574 0.213943 -0.153122 -0.007603 -0.207156 -0.170105 -0.240209 -0.017720 -0.048950 -0.209461 -0.207546 -0.193522 -0.224271 -0.286722 0.071198 -0.092700 0.194443 0.467393 -0.202665 -0.168168 0.061273 0.528192 0.133821 0.256222 -0.286252 0.089329 -0.216917 0.096794 -0.246593 -0.288458 -0.251314 -0.108015 -0.273962 -0.009308 -0.366449 -0.356413 -0.519942 -0.511387 -0.173350 -0.246918 -0.403472 -0.270439 -0.163903 -0.267942 -0.248141 -0.146789 0.269253 0.257782 0.491108 0.413332 -0.068143 0.220226 -0.079167 0.107310 -0.253273 0.061280 0.270086 0.200672 0.103025 0.337141 0.327485 0.330943 0.145990 0.047957 0.294489 0.158686 -0.198129 0.173157 0.110441 0.197542 0.174247 0.215943
0.571739 0.260119 -0.213057 -0.036061 -0.151030 -0.404228 -0.262890 -0.202671 -0.278365 -0.342567 1.000000 0.324289 0.472518 0.025727 0.487430 -0.081017 0.279025 0.076873 0.155622 0.182510 -0.459087 -0.229696 0.143415 -0.122843 -0.247231 -0.327628 -0.025603 -0.145867 0.241124 0.048564 -0.288081 -0.363742 -0.151819 -0.314831 -0.216524 -0.197490 0.029472 -0.215439 -0.138072 -0.272728 0.237262 0.045159 0.272004 -0.002775 0.037123 -0.133607 0.163296 0.022090 0.179861 0.099667 0.152618 0.031895 0.093226 0.218241 0.135521 0.048242 0.157480 0.177987 0.179407 -0.013896 0.093231 0.037295 0.039514 -0.016969 0.272093 -0.059623 -0.343161 -0.239434 0.007494 -0.087740 0.013253 -0.103463 0.030818 0.024978 0.141873 -0.082700 0.130195 0.020866 0.265243 0.153101 0.241933 0.306312 0.163536 0.103394 0.559268 0.244407 0.160663 0.014320 0.233710 -0.070820 -0.206053 -0.090949 -0.228064 -0.174594 0.017110 0.003030 0.047132 -0.166828 0.092281 -0.209173 -0.198786 -0.144214 -0.160998 -0.227288 -0.278893 -0.390747 -0.212828 -0.078010 -0.065091 -0.002583 -0.177301 0.096208 -0.039104 -0.077031 -0.080866 -0.273797
0.134707 0.300246 -0.309943 -0.002908 0.000541 -0.179597 -0.142040 0.030853 -0.113281 0.178982 0.324289 1.000000 0.046745 0.362279 0.286720 0.242365 0.185360 0.061510 -0.005266 0.165678 -0.270025 -0.036454 -0.069806 0.183173 -0.289107 -0.317108 -0.308757 -0.472417 0.208557 0.279221 -0.222231 -0.062022 -0.119031 -0.239914 -0.155060 -0.194164 -0.102444 -0.125105 -0.228165 -0.206543 0.063613 -0.085269 -0.117495 -0.283762 -0.144212 -0.168750 -0.119772 -0.193974 -0.063899 -0.105648 -0.059965 -0.086065 0.072443 -0.015976 -0.105431 -0.207126 0.005731 0.055593 0.047546 -0.099937 0.017857 0.081102 -0.025231 0.039805 0.201361 0.009311 -0.297699 -0.211327 -0.130648 -0.121120 -0.164353 -0.127330 0.045066 -0.166622 -0.038817 -0.232046 -0.066472 -0.089433 0.135544 0.038461 0.125494 0.116417 0.205084 0.273197 0.396553 0.320296 0.059439 -0.054246 -0.084716 -0.180569 0.187839 0.088338 0.036055 0.163775 0.088379 0.036878 -0.080294 0.054698 -0.169243 -0.217839 0.045197 0.019951 0.031637 -0.100482 0.000360 -0.014090 0.000815 0.064151 0.064356 0.106918 -0.332936 0.180331 0.136190 0.162806 0.208912 0.049704
0.416599 0.073370 0.029747 -0.384431 0.107121 0.206208 0.150513 0.160172 0.224579 0.091722 0.472518 0.046745 1.000000 0.481183 0.309097 0.020831 -0.066744 -0.186347 0.252798 0.061577 -0.278035 0.030560 -0.262973 -0.336648 -0.264681 -0.190172 -0.207278 0.031900 -0.071101 -0.108676 -0.292899 -0.161291 -0.267060 -0.258416 -0.382803 -0.204649 -0.316314 -0.551713 -0.238277 -0.103188 -0.165180 -0.181012 0.210703 0.006041 0.233116 0.050750 0.087234 0.099176 0.249272 0.154601 -0.145026 0.137528 -0.019879 0.053596 -0.055525 0.065100 0.069876 -0.173002 0.523156 0.210262 0.479248 0.396906 -0.031325 -0.096954 0.026973 0.235611 -0.162540 -0.149093 -0.179356 -0.016324 -0.087551 -0.112918 -0.127185 -0.094788 -0.066611 -0.263427 -0.160711 -0.213227 -0.008546 -0.076113 -0.085648 -0.035543 -0.445692 -0.123506 -0.059813 -0.346339 -0.439878 -0.152726 -0.209836 -0.169504 0.055847 0.097058 0.005498 0.151428 0.142513 0.153205 -0.104028 -0.160681 0.282109 0.009771 0.019982 0.138043 0.173285 0.113967 -0.005552 0.053887 0.065529 0.093219 0.206097 0.117042 -0.344745 0.061587 -0.039931 0.020227 -0.069095 0.053962
-0.086941 0.173015 -0.166855 -0.286117 0.037468 0.309543 0.052006 0.559233 0.142118 0.512639 0.025727 0.362279 0.481183 1.000000 0.051131 0.312712 -0.231640 -0.060409 -0.039471 0.019170 -0.253352 -0.005556 -0.557280 -0.163929 -0.334711 -0.108843 -0.348762 -0.334117 -0.140400 0.140423 -0.176822 0.111791 -0.066146 0.121611 -0.284497 -0.082011 -0.169300 -0.197824 -0.422171 0.030052 -0.180442 -0.294964 -0.162906 -0.118629 -0.082789 0.041246 -0.121693 0.023217 -0.117372 -0.179696 -0.304704 -0.020886 -0.063201 -0.145149 -0.055885 -0.177254 -0.116279 -0.119410 0.189168 0.042604 0.307867 0.498638 -0.087548 -0.009291 -0.128760 0.440897 -0.099043 -0.059618 -0.283348 -0.112739 -0.201471 -0.065505 -0.153338 -0.189151 -0.111771 -0.181090 -0.279627 -0.042860 -0.149518 -0.050604 -0.200049 -0.172808 -0.388911 -0.052131 -0.137729 -0.127435 -0.437487 -0.216775 -0.335194 -0.371320 0.320477 0.193757 0.365207 0.363664 -0.019990 0.363172 -0.232410 -0.089333 -0.000626 0.124956 0.226352 0.192572 0.208650 0.120142 0.138583 0.157547 0.135420 0.032121 0.425797 0.151380 -0.312017 0.123087 0.076635 0.208045 -0.011678 0.097985
0.300856 0.086314 -0.412401 0.034015 -0.320321 -0.319048 -0.251333 -0.217326 0.060681 -0.057952 0.487430 0.286720 0.309097 0.051131 1.000000 0.391410 0.268759 -0.064165 0.193987 0.005676 -0.319962 -0.205091 0.178757 -0.028130 -0.153623 -0.231090 -0.255445 -0.188553 0.279726 0.100065 -0.152180 -0.097058 -0.223472 -0.301187 -0.220597 -0.338947 -0.133751 -0.248955 0.077711 -0.168140 0.021751 0.065445 0.130569 0.006964 0.116181 -0.094880 0.103669 -0.081771 0.079021 0.226036 0.097965 0.147253 0.241914 0.413990 0.106870 0.148590 0.230123 0.166791 0.075528 -0.039106 0.201224 0.142279 0.165267 -0.020997 0.398353 -0.128836 -0.379237 -0.264429 -0.047285 0.214017 -0.154920 -0.161601 0.004604 -0.021787 0.034010 -0.149079 -0.059012 -0.095243 0.005100 -0.146911 0.047608 0.033339 0.413699 0.345951 0.369873 0.014019 0.143849 0.015101 0.363827 -0.105185 -0.201261 -0.190057 -0.269312 -0.189042 -0.074604 -0.277414 0.022981 -0.181792 0.117299 -0.120936 -0.274199 -0.231753 -0.204166 -0.232591 -0.080576 -0.110980 -0.040196 0.150047 -0.054329 0.026679 -0.203552 -0.012593 0.356323 0.161885 0.091940 -0.177811
0.060060 0.204139 -0.192328 -0.099564 -0.309989 -0.015823 0.255241 0.071976 0.325164 0.350676 -0.081017 0.242365 0.020831 0.312712 0.391410 1.000000 0.305822 0.240038 0.307466 0.039047 -0.040115 -0.103836 -0.041369 -0.101429 -0.346003 -0.335327 -0.544408 -0.464941 0.537500 0.558722 0.312437 0.524622 0.044865 0.183426 -0.214919 -0.245916 0.190963 -0.048778 -0.113028 -0.077411 0.296411 -0.005392 -0.205754 -0.289331 -0.077392 -0.235633 -0.141128 -0.356526 -0.334841 -0.020116 -0.389518 -0.186226 -0.155401 -0.000234 -0.244422 -0.362576 0.233983 0.105886 -0.315779 -0.182280 0.142849 0.164337 0.240291 0.244849 0.152566 -0.181692 -0.147308 -0.476733 -0.070316 -0.128018 0.150438 0.196099 0.336048 0.217965 0.273999 0.223889 0.092838 0.175595 0.138877 0.027262 0.156338 0.108817 0.138558 0.543211 0.069343 0.125157 -0.215893 -0.171121 -0.175985 -0.158546 -0.223776 -0.293453 -0.090550 -0.233402 -0.040244 -0.000048 -0.349171 -0.112128 -0.133847 -0.140889 0.036255 -0.080997 -0.081409 -0.225638 -0.133832 -0.060446 -0.135371 -0.140663 0.005115 0.044996 -0.310083 0.053738 0.172048 0.038819 -0.124038 -0.265758
0.424318 0.520630 -0.378534 -0.074699 -0.550485 -0.537745 -0.203775 -0.635667 -0.361864 -0.427863 0.279025 0.185360 -0.066744 -0.231640 0.268759 0.305822 1.000000 0.643500 0.412207 0.291269 -0.250769 -0.325021 0.231015 -0.281621 -0.302067 -0.465037 -0.184180 -0.284013 0.769539 0.552594 0.109302 -0.026602 0.112624 -0.092589 -0.174913 -0.475150 0.271515 -0.085897 0.086270 -0.033341 0.442755 0.324630 0.124538 -0.165555 -0.223799 -0.484579 0.037621 -0.124082 -0.184913 0.099901 -0.271506 -0.287827 0.042249 0.065883 -0.024446 -0.128720 0.380233 0.434248 -0.282525 -0.091283 -0.082541 -0.267009 0.575892 0.450087 -0.045176 -0.664641 -0.292694 -0.597321 0.334726 -0.022060 0.226080 0.166987 0.557748 0.373572 0.466520 0.169962 0.322245 0.300494 0.593108 0.531109 0.727563 0.699251 0.439995 0.556063 0.481503 0.426107 0.091283 0.149203 0.011620 0.013044 -0.146511 -0.304442 -0.523238 -0.383664 0.057935 0.047043 -0.075189 -0.067427 0.206465 -0.198278 -0.174778 -0.011143 -0.283585 -0.270021 -0.299040 -0.348379 -0.229091 -0.118463 -0.209256 -0.230256 -0.016411 0.055547 -0.013533 -0.129291 -0.167724 -0.296810
0.221326 0.594200 -0.254399 -0.143425 -0.496142 -0.331019 -0.097584 -0.401214 -0.298185 -0.393683 0.076873 0.061510 -0.186347 -0.060409 -0.064165 0.240038 0.643500 1.000000 0.158957 -0.063225 -0.049495 -0.149968 -0.049184 -0.476094 -0.377570 -0.411835 -0.144745 -0.142918 0.646269 0.620320 0.181896 0.163602 0.282973 0.244906 -0.078459 -0.290150 0.434027 0.284610 0.026866 0.096868 0.497824 0.329887 -0.079023 -0.151719 -0.146634 -0.310201 0.009954 -0.177969 -0.182734 0.108092 -0.243844 -0.201062 -0.042498 0.035150 0.121554 -0.109834 0.367656 0.441832 -0.368741 0.025806 -0.099083 -0.190156 0.578946 0.695238 -0.102694 -0.506175 -0.050974 -0.575533 0.211870 -0.323207 0.279929 0.126319 0.652152 0.581741 0.547886 0.380716 0.410800 0.355469 0.709099 0.742075 0.742004 0.804204 0.081928 0.456736 0.308612 0.483108 -0.016396 0.177895 -0.133747 0.017060 -0.265720 -0.489101 -0.415522 -0.513769 -0.123254 0.285362 -0.245040 -0.269232 0.224313 -0.210748 -0.001008 -0.173055 -0.291570 -0.530651 -0.505508 -0.464243 -0.294764 -0.383679 -0.147542 -0.122276 -0.182247 -0.008800 -0.298255 -0.123311 -0.378962 -0.296216
0.532223 0.265445 -0.121669 -0.096302 -0.110196 -0.180652 0.284058 -0.302127 0.211700 -0.101990 0.155622 -0.005266 0.252798 -0.039471 0.193987 0.307466 0.412207 0.158957 1.000000 0.407350 -0.211883 -0.159739 0.148056 -0.269360 -0.346394 -0.326947 -0.350207 -0.199829 0.436192 0.155730 0.188032 0.053823 0.062467 -0.058723 -0.376851 -0.434801 0.046017 -0.338572 -0.091276 -0.289644 0.053728 -0.040523 0.202794 -0.019725 -0.131255 -0.353758 0.155551 -0.083045 0.035807 0.157833 -0.385067 -0.063584 -0.118794 -0.070349 -0.068096 -0.122350 0.180370 0.137903 -0.051455 0.043556 -0.012950 0.038156 0.135560 0.045371 -0.041694 -0.338594 -0.199631 -0.514948 0.104324 0.048194 0.315920 0.155449 0.318068 0.306463 0.371754 0.091859 0.172016 0.153570 0.044303 0.178638 0.230942 0.170737 0.077303 0.349005 0.035225 0.037671 -0.235550 -0.034285 -0.381857 -0.156245 -0.017000 -0.155688 -0.396830 -0.052500 0.071334 -0.081130 -0.177809 -0.010697 0.223785 -0.012849 -0.119218 0.079271 -0.134722 -0.090004 -0.140101 -0.046362 -0.139575 0.046940 -0.083353 0.039482 -0.160455 0.165018 0.036435 -0.143871 -0.140534 -0.082293
0.181266 0.273085 -0.222511 0.024460 -0.046535 -0.304014 -0.128322 -0.159233 -0.232695 -0.014596 0.182510 0.165678 0.061577 0.019170 0.005676 0.039047 0.291269 -0.063225 0.407350 1.000000 -0.127968 -0.458078 0.234151 0.111259 -0.157081 -0.313324 -0.128580 -0.300664 0.288473 0.040709 0.055180 -0.200656 -0.052787 -0.089239 -0.302907 -0.437821 0.024429 -0.321437 -0.288873 -0.312410 0.112408 -0.139572 0.111660 0.087913 -0.436787 -0.404667 0.095101 0.064262 -0.219686 -0.206058 -0.177678 -0.131546 0.114699 -0.074106 -0.147631 -0.203565 -0.133253 0.241523 -0.203774 -0.018976 -0.077469 0.110242 0.045525 -0.091388 0.047859 -0.264513 -0.243326 -0.104588 0.215161 0.387619 -0.033913 -0.066650 0.064682 -0.218473 0.030570 -0.309764 -0.135085 -0.051554 0.029786 0.006619 0.106556 0.044119 0.294906 0.096219 0.139530 0.181389 0.041528 -0.237139 -0.190874 -0.190581 0.228822 0.080512 -0.155177 0.086023 0.419911 0.055725 0.143694 0.245129 -0.058783 0.017254 -0.120543 0.215006 0.001148 0.215006 0.103288 0.205195 -0.133097 0.130307 -0.021858 0.147135 0.115164 0.075172 0.075453 -0.139692 0.033164 0.072789
-0.194885 -0.175427 0.373618 0.172279 0.329471 0.368988 0.372159 0.070150 0.351491 0.033136 -0.459087 -0.270025 -0.278035 -0.253352 -0.319962 -0.040115 -0.250769 -0.049495 -0.211883 -0.127968 1.000000 0.246764 0.176339 0.156645 0.450073 0.440915 0.383462 0.492156 -0.091994 -0.011801 0.366687 0.298866 -0.044945 0.187524 0.198446 0.327106 0.032190 0.186621 0.146339 0.084440 0.018349 0.166048 -0.237796 -0.018270 0.119366 0.195524 -0.128856 -0.079839 -0.047652 -0.068122 -0.097276 -0.009826 -0.103904 -0.074665 -0.075808 -0.036032 -0.155426 -0.294114 -0.203796 -0.042702 -0.031242 -0.069507 -0.008053 0.095344 -0.104502 0.061015 0.246369 0.166419 -0.184427 -0.077877 0.189334 -0.032159 0.125644 -0.046340 0.035593 0.088467 0.006027 -0.053882 -0.047972 -0.151308 -0.205352 -0.134430 -0.080873 -0.083708 -0.277791 -0.152584 0.128522 -0.063481 -0.032872 0.349983 -0.216543 -0.210230 0.009873 -0.197001 -0.029926 -0.091229 -0.056623 -0.194245 -0.246318 -0.206173 0.053105 0.003660 -0.001014 -0.052848 -0.016125 0.055594 -0.122593 -0.211337 -0.304894 0.007187 0.046003 -0.295360 -0.057307 -0.138876 -0.124453 -0.002417
-0.060795 -0.196467 0.372086 -0.090265 0.354931 0.372716 0.285202 0.167045 0.299648 0.034505 -0.229696 -0.036454 0.030560 -0.005556 -0.205091 -0.103836 -0.325021 -0.149968 -0.159739 -0.458078 0.246764 1.000000 -0.155732 0.064155 0.235029 0.304258 0.172167 0.321071 -0.300320 -0.085286 -0.072868 0.106070 -0.070408 -0.112215 -0.005916 0.295723 -0.129248 0.051640 0.084188 0.280492 -0.363851 0.152112 -0.055988 -0.159441 0.234304 0.157403 -0.173410 -0.113687 0.011038 0.011102 -0.080182 -0.078525 -0.174343 -0.321616 -0.041145 0.004604 0.007662 -0.419679 0.249113 -0.014356 0.148068 -0.035262 -0.218820 -0.107738 -0.161445 0.230381 0.053167 0.134260 -0.155818 -0.216422 -0.048386 -0.080518 -0.169396 0.110508 -0.136216 0.049462 -0.189868 -0.180948 -0.120014 -0.067628 -0.155632 -0.168184 -0.346672 0.043625 -0.074751 -0.201909 -0.049642 0.273449 -0.165298 0.169981 0.024172 0.144507 0.145853 0.183092 0.074088 -0.176551 -0.262403 -0.216781 -0.127539 0.085641 0.041789 -0.102992 0.138187 0.003356 0.057595 0.199557 0.406621 -0.002255 -0.092450 -0.168164 -0.090699 -0.071376 -0.243120 0.126174 0.038916 0.136256
0.103325 -0.084212 0.057672 0.561287 -0.000604 -0.272170 0.078315 -0.495269 -0.034434 -0.401283 0.143415 -0.069806 -0.262973 -0.557280 0.178757 -0.041369 0.231015 -0.049184 0.148056 0.234151 0.176339 -0.155732 1.000000 0.521769 0.327147 0.166372 0.338678 0.199887 0.253965 -0.078725 0.410188 -0.002009 -0.142764 -0.179685 0.168146 -0.035845 0.098441 0.060033 0.031222 -0.317026 0.268460 0.143342 0.070646 0.054836 -0.065442 -0.181663 0.024046 -0.117876 -0.035992 0.069582 0.318426 0.139863 0.056238 0.295701 0.007986 0.066139 0.040710 0.095371 -0.313474 -0.229534 -0.470413 -0.425587 -0.090562 -0.220078 0.316863 -0.378201 -0.271966 -0.150696 0.083708 0.115661 0.030701 -0.032386 -0.030364 -0.021957 0.091321 0.061097 0.108820 -0.153444 0.057637 -0.096526 0.096940 0.093356 0.496641 0.226103 0.366769 0.199779 0.312414 -0.059491 0.323829 0.247575 -0.362656 -0.159426 -0.291156 -0.257236 0.181008 -0.410775 0.047130 -0.006550 -0.131533 -0.141941 -0.272236 0.066486 -0.042144 -0.213253 -0.172857 -0.194051 -0.252753 -0.159114 -0.445504 -0.200516 0.154995 -0.142001 0.025637 -0.197623 -0.085264 -0.271286
-0.416807 -0.445276 0.134953 0.658765 0.238799 0.101599 0.075785 0.132603 0.069399 0.177853 -0.122843 0.183173 -0.336648 -0.163929 -0.028130 -0.101429 -0.281621 -0.476094 -0.269360 0.111259 0.156645 0.064155 0.521769 1.000000 0.423320 0.428030 0.193267 0.034507 -0.221923 -0.233404 0.308888 0.171182 -0.198401 -0.043981 0.357224 0.263098 -0.112436 0.059112 -0.127826 -0.216481 -0.098053 -0.131437 -0.079138 0.018027 -0.091742 0.161162 -0.113554 -0.103954 -0.200390 -0.232897 0.211014 -0.029954 0.045976 0.054052 -0.251957 0.002431 -0.251219 -0.209793 -0.301144 -0.262372 -0.376226 -0.246526 -0.316144 -0.428267 0.346452 0.091089 -0.156166 0.347826 -0.243072 0.196602 -0.300527 -0.106145 -0.397749 -0.441347 -0.429236 -0.041883 -0.208230 -0.206136 -0.337200 -0.320720 -0.380515 -0.391519 0.315806 -0.094745 0.066155 -0.009180 0.237065 -0.059065 0.245598 0.197013 0.014469 0.147778 0.116237 0.131833 0.061768 -0.242725 0.092002 0.158037 -0.475129 -0.058506 -0.134713 0.087618 0.158698 0.135875 0.177227 0.153572 0.048002 0.045280 -0.190793 0.037379 0.136253 -0.226306 0.119217 0.010305 0.248924 0.067809
-0.329924 -0.345662 0.311945 0.277333 0.454419 0.034686 0.048334 -0.026422 0.127155 -0.164246 -0.247231 -0.289107 -0.264681 -0.334711 -0.153623 -0.346003 -0.302067 -0.377570 -0.346394 -0.157081 0.450073 0.235029 0.327147 0.423320 1.000000 0.691779 0.474316 0.349829 -0.252241 -0.220024 0.328109 0.142237 -0.150943 0.059289 0.268278 0.381002 0.030109 0.110802 0.260565 0.217212 -0.188970 0.087091 -0.140980 -0.020926 0.077686 0.122195 -0.157452 -0.088363 0.088907 -0.209913 0.302154 -0.038153 0.089890 0.081184 0.022503 0.147759 -0.270808 -0.261748 0.125877 -0.100012 0.045707 -0.183580 -0.243646 -0.249797 -0.084056 0.142197 0.112051 0.361393 -0.047517 0.065713 -0.110169 -0.143073 -0.112091 -0.206922 -0.169847 -0.053941 -0.068636 -0.151235 -0.354225 -0.287796 -0.353214 -0.311859 0.067326 -0.225987 -0.152423 -0.114272 0.249780 0.090879 0.266634 0.302993 -0.172822 0.006565 0.017427 -0.084495 0.018896 -0.485397 0.209376 0.047354 -0.369926 -0.013502 -0.153736 -0.156984 -0.026608 0.078755 0.034662 0.092648 0.112255 0.240793 -0.229000 -0.118629 0.367872 -0.349477 -0.104825 -0.223271 0.092086 0.011325
-0.367030 -0.511808 0.269307 0.341896 0.323975 0.349165 0.141229 0.176028 0.214014 0.065238 -0.327628 -0.317108 -0.190172 -0.108843 -0.231090 -0.335327 -0.465037 -0.411835 -0.326947 -0.313324 0.440915 0.304258 0.166372 0.428030 0.691779 1.000000 0.443074 0.474055 -0.467980 -0.363704 0.285976 0.156284 -0.101280 0.154698 0.331064 0.524230 -0.108467 0.134339 0.211469 0.124650 -0.264401 -0.034257 -0.063649 0.124384 0.121117 0.358413 -0.079896 0.116611 0.084755 -0.181740 0.181352 -0.013715 -0.068466 -0.002276 -0.076795 0.233013 -0.275477 -0.402135 0.015458 -0.088791 -0.093260 -0.058678 -0.384299 -0.311797 -0.188510 0.378767 0.108264 0.464960 -0.250887 0.089150 -0.061953 -0.037211 -0.299226 -0.155083 -0.218574 0.046236 -0.073005 -0.070613 -0.421176 -0.314468 -0.434706 -0.421395 -0.101726 -0.344202 -0.329525 -0.292817 0.114138 -0.060556 0.212683 0.265724 -0.070899 0.120208 0.176827 0.067343 -0.161835 -0.187137 0.168316 0.028966 -0.230327 0.089427 -0.104175 -0.038011 -0.011832 0.027657 0.128807 0.135236 0.140457 -0.016046 -0.142757 0.023626 0.262940 -0.333478 -0.173859 -0.054091 0.011846 0.090897
-0.077890 -0.151521 0.204770 0.310214 0.192511 -0.027060 -0.185246 -0.131270 -0.207177 -0.376130 -0.025603 -0.308757 -0.207278 -0.348762 -0.255445 -0.544408 -0.184180 -0.144745 -0.350207 -0.128580 0.383462 0.172167 0.338678 0.193267 0.474316 0.443074 1.000000 0.695853 -0.288297 -0.400513 -0.018819 -0.294277 -0.097026 -0.116603 0.259974 0.350400 0.068355 0.239703 0.158355 0.034822 -0.129011 0.116971 0.104653 0.194723 -0.056413 0.065734 -0.031115 0.073460 0.057365 -0.104490 0.357293 0.057066 -0.014105 0.058687 0.210376 0.054080 -0.131924 -0.098730 -0.015155 -0.060358 -0.262733 -0.206082 -0.142090 -0.157320 -0.115480 0.062425 0.065048 0.213192 -0.110150 -0.107970 0.000687 -0.044802 -0.229872 -0.095811 -0.136053 -0.025372 0.064930 -0.011484 -0.170382 -0.127192 -0.140262 -0.085557 -0.090457 -0.300008 0.101490 0.014364 0.199905 0.064626 0.354009 0.312180 0.029467 0.203508 0.160064 0.032590 0.072183 -0.165480 0.109753 -0.074833 -0.028377 0.040192 -0.042720 -0.001567 -0.087284 -0.038386 -0.044914 -0.009358 -0.071650 -0.157062 -0.064538 -0.120797 0.365951 -0.118514 0.005274 -0.012088 -0.048711 -0.071302
0.038188 -0.222728 0.251116 0.154801 0.224481 0.385196 0.049092 -0.172898 0.156220 -0.247977 -0.145867 -0.472417 0.031900 -0.334117 -0.188553 -0.464941 -0.284013 -0.142918 -0.199829 -0.300664 0.492156 0.321071 0.199887 0.034507 0.349829 0.474055 0.695853 1.000000 -0.371574 -0.464469 -0.065481 -0.245647 -0.204578 -0.194362 0.132180 0.257806 -0.063103 0.165728 0.344374 0.168287 -0.239738 0.159278 0.038649 0.131563 0.200684 0.188812 0.015621 0.202078 0.182619 0.145847 0.234524 0.220280 0.093587 0.152591 0.211838 0.328112 0.062173 -0.184238 0.081257 0.080679 -0.067588 -0.144033 -0.066126 -0.056451 -0.135244 0.101037 0.080212 0.137566 -0.245221 -0.025993 0.030641 -0.066493 -0.268013 -0.022208 -0.181265 -0.035455 -0.033316 -0.144173 -0.119528 -0.175897 -0.133415 -0.053881 -0.208296 -0.245478 -0.185796 -0.281670 0.110369 0.084695 0.172967 0.270911 -0.004381 0.085945 0.085866 0.006032 0.010002 -0.128898 0.049503 -0.275557 0.195403 0.021086 -0.022602 0.061713 -0.069337 -0.051560 0.004492 0.033494 0.101319 -0.150248 -0.120875 -0.051054 0.149259 -0.259285 -0.030006 -0.004804 -0.016062 0.051997
0.356340 0.473275 -0.230351 -0.096659 -0.416314 -0.508495 0.046813 -0.497071 -0.107955 -0.338823 0.241124 0.208557 -0.071101 -0.140400 0.279726 0.537500 0.769539 0.646269 0.436192 0.288473 -0.091994 -0.300320 0.253965 -0.221923 -0.252241 -0.467980 -0.288297 -0.371574 1.000000 0.773361 0.430998 0.362668 0.261643 0.208757 -0.214295 -0.413128 0.485217 0.054826 0.051284 -0.094189 0.621944 0.336455 -0.021124 -0.218824 -0.242644 -0.485577 -0.096669 -0.398748 -0.213464 0.019464 -0.277952 -0.248194 -0.107370 -0.004965 -0.116047 -0.315813 0.231019 0.323759 -0.426914 -0.112219 -0.060635 -0.257264 0.496104 0.424516 0.049493 -0.696360 -0.162736 -0.636519 0.207329 -0.195431 0.290316 0.092199 0.734067 0.491010 0.618563 0.322545 0.470594 0.304043 0.626876 0.516797 0.669985 0.673757 0.368427 0.673815 0.423005 0.491917 -0.050531 0.001845 -0.118808 -0.048678 -0.422258 -0.531475 -0.531747 -0.576129 0.053199 0.048584 -0.206014 -0.093709 -0.044939 -0.337862 -0.168652 -0.174459 -0.264543 -0.457330 -0.459975 -0.403173 -0.418512 -0.234040 -0.245650 -0.008742 -0.067248 -0.098143 -0.136132 -0.233000 -0.243682 -0.333480
0.086632 0.493070 -0.166685 -0.111621 -0.324626 -0.247202 0.092374 -0.162157 0.028441 -0.118014 0.048564 0.279221 -0.108676 0.140423 0.100065 0.558722 0.552594 0.620320 0.155730 0.040709 -0.011801 -0.085286 -0.078725 -0.233404 -0.220024 -0.363704 -0.400513 -0.464469 0.773361 1.000000 0.411263 0.542427 0.365089 0.423200 -0.209219 -0.186395 0.385166 0.173729 0.035306 0.155737 0.525651 0.344002 -0.261435 -0.359501 -0.133483 -0.309494 -0.258676 -0.396268 -0.255061 -0.089836 -0.406931 -0.313267 -0.156644 -0.160948 -0.196553 -0.404080 0.186126 0.171481 -0.375207 -0.124230 0.090891 -0.153394 0.405582 0.482012 -0.170136 -0.427453 -0.048945 -0.498129 0.166627 -0.334355 0.246951 0.125003 0.759627 0.478005 0.593848 0.414572 0.421363 0.392655 0.536674 0.473892 0.494442 0.497601 0.164954 0.658250 0.262702 0.425073 -0.102829 0.204151 -0.283806 -0.029553 -0.362742 -0.559806 -0.399901 -0.538949 -0.096203 0.110911 -0.282722 -0.073630 -0.224583 -0.388592 -0.054279 -0.278855 -0.188471 -0.429537 -0.453632 -0.412345 -0.238498 -0.134247 -0.095719 -0.111138 -0.074956 -0.046290 -0.188568 -0.047527 -0.222537 -0.277499
-0.168342 -0.045710 0.257347 0.292895 0.055665 -0.039073 0.447387 -0.062993 0.322537 -0.046211 -0.288081 -0.222231 -0.292899 -0.176822 -0.152180 0.312437 0.109302 0.181896 0.188032 0.055180 0.366687 -0.072868 0.410188 0.308888 0.328109 0.285976 -0.018819 -0.065481 0.430998 0.411263 1.000000 0.736050 0.198133 0.544586 0.162913 0.122489 0.347072 0.186956 -0.028894 -0.142990 0.379437 0.089199 -0.193247 -0.116537 -0.119818 -0.128721 -0.155575 -0.393806 -0.186506 -0.133075 -0.177518 -0.229508 -0.241407 -0.081323 -0.289310 -0.214729 -0.097200 -0.039553 -0.476611 -0.244176 -0.221479 -0.237235 -0.014376 0.076961 0.016512 -0.200023 -0.003500 -0.205886 -0.007424 -0.163318 0.253884 0.118272 0.390842 0.236377 0.270938 0.388889 0.339551 0.191144 0.009263 0.109085 0.000418 0.017382 0.154578 0.248986 -0.097350 0.102597 -0.076589 -0.097266 -0.159699 0.125687 -0.454396 -0.414617 -0.231813 -0.400563 -0.182863 -0.067241 -0.146227 0.053377 -0.350110 -0.216631 -0.089932 -0.079133 -0.125654 -0.210747 -0.276137 -0.177056 -0.397488 -0.266147 -0.218790 0.041754 0.113514 -0.246927 -0.228587 -0.293435 -0.168511 -0.203924
-0.270996 -0.148231 0.341027 0.087342 0.032373 0.141061 0.542157 0.225319 0.434179 0.228252 -0.363742 -0.062022 -0.161291 0.111791 -0.097058 0.524622 -0.026602 0.163602 0.053823 -0.200656 0.298866 0.106070 -0.002009 0.171182 0.142237 0.156284 -0.294277 -0.245647 0.362668 0.542427 0.736050 1.000000 0.280641 0.608779 0.093745 0.185304 0.217774 0.275409 0.034724 0.094803 0.299441 0.035276 -0.232126 -0.159336 -0.010248 0.029085 -0.227406 -0.412068 -0.251857 -0.174821 -0.293466 -0.250547 -0.316368 -0.169614 -0.333092 -0.315831 -0.063839 -0.128944 -0.389667 -0.228064 0.019738 -0.145726 0.038727 0.173342 0.002907 -0.090774 0.151135 -0.181015 -0.208378 -0.393405 0.218079 0.190594 0.429129 0.279970 0.255374 0.501465 0.359357 0.288257 0.093188 0.109783 -0.112688 -0.024152 -0.109994 0.247547 -0.253179 -0.053766 -0.252335 -0.061079 -0.228629 0.105348 -0.441379 -0.426135 -0.093300 -0.375357 -0.242522 0.069377 -0.260835 -0.030027 -0.378326 -0.216319 0.021478 -0.130837 0.012040 -0.263958 -0.262419 -0.165451 -0.243812 -0.210458 -0.083588 0.090159 -0.058183 -0.266667 -0.121779 -0.087574 -0.202446 -0.116829
-0.192355 0.086178 0.147295 0.011586 -0.151603 -0.128610 0.145881 -0.035265 -0.021760 -0.092096 -0.151819 -0.119031 -0.267060 -0.066146 -0.223472 0.044865 0.112624 0.282973 0.062467 -0.052787 -0.044945 -0.070408 -0.142764 -0.198401 -0.150943 -0.101280 -0.097026 -0.204578 0.261643 0.365089 0.198133 0.280641 1.000000 0.554592 0.149158 0.196294 0.365529 0.338422 0.113018 0.044626 0.331854 0.254159 -0.061980 0.090084 0.011426 0.106750 -0.205375 -0.165707 -0.055462 -0.083824 -0.120099 -0.184562 -0.359821 -0.354777 -0.135326 -0.376542 -0.207333 -0.004098 -0.197234 -0.105504 -0.182491 -0.394442 0.022282 0.195100 -0.194989 -0.222667 0.354320 0.070538 0.076032 -0.180898 0.215471 0.255394 0.335154 0.425370 0.364627 0.541985 0.472892 0.463139 0.281598 0.347303 0.079439 0.165488 -0.028581 0.184458 -0.091200 0.159909 -0.127773 0.017676 -0.209042 -0.231991 -0.226187 -0.190548 0.025041 -0.260705 -0.247594 0.105291 -0.156733 0.069096 -0.205598 0.003178 -0.153509 -0.179039 -0.167121 -0.113399 -0.218600 -0.277148 -0.110283 -0.102277 0.127986 -0.138982 0.308191 -0.121488 -0.037463 -0.089758 -0.231363 -0.214335
-0.391508 0.079856 0.260322 0.116231 -0.128917 -0.021161 0.255116 0.268715 0.067264 0.074900 -0.314831 -0.239914 -0.258416 0.121611 -0.301187 0.183426 -0.092589 0.244906 -0.058723 -0.089239 0.187524 -0.112215 -0.179685 -0.043981 0.059289 0.154698 -0.116603 -0.194362 0.208757 0.423200 0.544586 0.608779 0.554592 1.000000 0.151427 0.293490 0.350638 0.238824 -0.165413 -0.096725 0.323688 0.084447 -0.207617 0.029075 -0.030328 0.224695 -0.194043 -0.261265 -0.247576 -0.246479 -0.244710 -0.368680 -0.311511 -0.236452 -0.304507 -0.355015 -0.175345 0.070973 -0.339940 -0.239963 0.009163 -0.092343 0.103870 0.281042 -0.131307 -0.006782 0.355811 0.066597 -0.019918 -0.249131 0.050383 0.090929 0.382275 0.290908 0.301553 0.531629 0.380976 0.354079 0.126240 0.377326 -0.009732 0.041065 -0.103990 0.088077 -0.219038 0.134383 -0.147338 -0.054840 -0.128322 -0.147054 -0.332489 -0.413007 -0.031614 -0.414849 -0.340459 0.217163 -0.173113 0.041631 -0.309137 -0.153960 -0.015483 -0.310706 -0.070914 -0.274235 -0.235129 -0.172403 -0.299955 -0.181825 -0.008401 0.125630 0.119673 -0.185475 -0.085083 -0.113198 -0.274061 -0.229606
-0.371461 -0.402273 0.315858 0.395519 0.147881 0.033205 0.129293 0.113837 -0.015485 0.104111 -0.216524 -0.155060 -0.382803 -0.284497 -0.220597 -0.214919 -0.174913 -0.078459 -0.376851 -0.302907 0.198446 -0.005916 0.168146 0.357224 0.268278 0.331064 0.259974 0.132180 -0.214295 -0.209219 0.162913 0.093745 0.149158 0.151427 1.000000 0.569798 0.129370 0.284200 0.092467 -0.032577 0.012271 0.101868 -0.194234 -0.089115 -0.096251 0.123210 -0.189303 -0.151944 -0.054530 -0.279653 0.376435 -0.031143 0.058760 0.046275 -0.204171 -0.108582 -0.146261 -0.083311 -0.076360 -0.206387 -0.190512 -0.266760 -0.144915 -0.075907 0.295617 0.203134 0.234928 0.338053 -0.151323 -0.099149 -0.044612 0.204358 -0.184122 -0.056938 -0.180474 0.267473 0.128432 0.157652 -0.076136 -0.083143 -0.199539 -0.156714 0.069012 -0.307119 -0.083968 0.012249 0.180300 -0.091602 0.247629 0.036571 -0.147677 0.129350 0.279650 0.022123 -0.113873 0.102087 -0.153339 -0.023062 -0.366804 -0.098052 -0.056286 -0.011265 -0.022351 0.099374 -0.062242 -0.051601 -0.260682 -0.218959 -0.084074 -0.034145 0.086124 -0.295204 -0.057028 -0.053505 0.023315 -0.052928
-0.475624 -0.521005 0.402059 0.232033 0.421916 0.309988 0.182318 0.234145 0.184977 0.179492 -0.197490 -0.194164 -0.204649 -0.082011 -0.338947 -0.245916 -0.475150 -0.290150 -0.434801 -0.437821 0.327106 0.295723 -0.035845 0.263098 0.381002 0.524230 0.350400 0.257806 -0.413128 -0.186395 0.122489 0.185304 0.196294 0.293490 0.569798 1.000000 0.070615 0.337509 0.117152 0.163804 -0.081368 0.072415 -0.182473 -0.057957 0.235683 0.491172 -0.234231 -0.002708 -0.004460 -0.277508 0.111105 -0.171719 -0.308558 -0.224022 -0.081189 -0.176056 -0.433049 -0.393844 0.067674 -0.403409 -0.030080 -0.165872 -0.388325 -0.261514 -0.109129 0.388512 0.308926 0.525109 -0.305053 -0.290391 0.006816 0.291571 -0.225897 -0.055525 -0.170546 0.199522 0.077367 0.180649 -0.248470 -0.186365 -0.404086 -0.288313 -0.213210 -0.349959 -0.240246 -0.117394 -0.041201 -0.049589 0.096258 0.006301 -0.119254 0.241018 0.384363 0.083597 -0.112427 0.040599 -0.018090 -0.003802 -0.386774 0.021828 0.112913 -0.080352 0.016204 0.109689 0.028838 0.081924 -0.054397 -0.117027 0.152728 -0.103619 0.332442 -0.124569 -0.123633 0.041526 0.022825 0.034695
