1.000000 0.442389 -0.038620 -0.393193 -0.163904 0.017901 0.083916 -0.090400 -0.215234 0.174524 0.091442 0.133294 0.473585 0.229076 -0.180666 -0.098061 0.266279 0.221569 0.032688 0.221908 -0.282627 -0.189611 -0.336286 -0.403766 -0.189276 -0.229550 -0.251666 -0.080672 0.407848 0.356431 -0.289188 -0.190921 0.230492 0.058464 -0.168057 -0.019549 0.205591 0.189412 0.107052 -0.072171 -0.213513 0.135660 -0.356917 -0.486642 -0.438793 -0.348403 -0.454014 -0.396444 -0.434712 -0.456655 -0.253198 -0.424963 0.113936 -0.234480 0.083922 -0.374524 0.310837 0.190858 0.321725 0.017563 0.534985 0.383170 0.475868 0.408883 -0.137251 0.000753 -0.160987 -0.367405 0.101773 -0.060793 0.063410 0.071987 0.301172 0.262256 0.298067 0.397488 0.348341 0.323293 0.192168 0.051835 0.129922 0.082683 0.192153 0.090901 -0.224242 -0.130217 -0.047630 -0.101313 0.037176 0.043388 -0.074556 0.121636 -0.137913 0.046334 0.043217 0.225698 -0.304617 0.005426 -0.045704 0.098905 -0.000873 0.122246 -0.040978 0.045450 -0.034449 -0.183487 0.125506 -0.116323 0.199901 0.244979 -0.220952 -0.161671 -0.048620 0.098408 -0.019829 0.087259
0.442389 1.000000 -0.275262 -0.443805 -0.339813 0.265308 -0.132390 -0.250529 -0.005589 0.298908 -0.279836 0.079113 0.085274 0.042679 -0.480026 -0.222130 0.286957 0.552142 -0.201351 0.454448 -0.128555 0.007329 -0.167421 -0.604581 -0.162068 -0.123858 -0.362506 0.065036 0.150066 0.507846 -0.388548 -0.364399 0.166538 0.091484 -0.380809 -0.099606 0.065522 0.176907 -0.141138 -0.156452 -0.113557 0.334967 -0.179710 -0.342523 -0.443230 -0.357148 -0.135384 -0.088818 -0.422242 -0.297326 -0.310174 -0.143054 0.280884 0.167234 0.092064 -0.219091 0.379744 0.636324 0.159066 0.139652 0.298137 0.451957 0.432386 0.730007 -0.449667 -0.167172 -0.508015 -0.613852 0.106232 -0.074207 -0.093195 -0.012495 0.137386 0.374511 0.182465 0.275700 0.100977 0.373618 0.354157 0.321177 0.422607 0.545853 -0.234208 0.028691 -0.364211 -0.222840 -0.129299 -0.276291 -0.320490 0.092608 0.193648 -0.106935 -0.162606 -0.405141 -0.082650 0.103816 -0.132348 0.029605 0.448619 0.292167 0.135897 -0.109743 0.329123 -0.096724 -0.034522 -0.050739 -0.026750 0.038876 0.072723 0.096876 -0.190940 0.322012 0.362501 0.241469 0.047294 0.022731
-0.038620 -0.275262 1.000000 0.208134 0.436063 0.363887 0.756703 0.649418 0.535100 0.473061 -0.052875 0.012180 0.388009 0.215619 0.079923 0.126851 -0.580053 -0.556148 0.182716 -0.338661 0.086318 -0.066634 0.456379 0.434609 -0.044428 -0.231644 -0.078066 -0.069300 -0.338846 -0.419075 0.299676 0.083693 -0.212372 -0.032459 -0.176036 0.219404 -0.272697 -0.532431 -0.042791 -0.397975 0.075392 -0.374664 -0.332479 -0.246726 -0.142244 -0.068908 -0.316317 -0.397038 0.065541 -0.197130 0.534001 -0.013471 0.332280 -0.035713 0.004470 -0.367963 -0.499533 -0.500152 0.440590 0.316773 0.261866 0.305222 -0.349606 -0.287575 0.506777 0.430939 0.372819 0.221915 -0.268251 -0.144186 -0.248342 -0.311496 -0.291727 -0.507512 -0.475288 -0.392323 -0.592097 -0.550832 -0.709897 -0.679498 -0.588093 -0.514693 0.015164 -0.233092 0.100274 -0.040858 0.077860 -0.273518 0.443734 0.234855 -0.064938 0.206685 0.022310 0.345491 0.018230 -0.474477 -0.331709 -0.593808 -0.479089 -0.397484 0.070676 0.189013 -0.190806 0.160418 -0.250294 0.098034 0.039033 0.110765 -0.294220 -0.256230 -0.173806 -0.292275 -0.211235 -0.247245 -0.202255 -0.208044
-0.393193 -0.443805 0.208134 1.000000 -0.007133 -0.019425 0.055899 0.382227 0.127299 -0.147771 -0.019581 0.100454 -0.359044 -0.118278 0.170075 0.012592 -0.378419 -0.441642 0.091469 -0.458519 -0.043559 0.021264 0.346607 0.589323 0.054814 0.189398 0.274269 0.232988 -0.503061 -0.623021 0.181161 0.222489 -0.273740 -0.222516 0.092845 -0.070849 -0.323423 -0.202886 -0.062735 0.106474 -0.011852 -0.462398 -0.019011 0.115316 0.022489 0.058031 -0.094851 -0.039179 0.150358 -0.030612 0.461270 0.046808 -0.060642 -0.083619 0.234336 -0.005873 -0.175899 -0.382141 -0.121373 0.055196 -0.371890 -0.391281 -0.333617 -0.594369 0.341089 0.247692 0.261237 0.592216 -0.161417 -0.071207 -0.169317 -0.054918 -0.479357 -0.490381 -0.502547 -0.426020 -0.256930 -0.182037 -0.347461 -0.298672 -0.384452 -0.402640 -0.154547 0.006281 0.413459 0.533285 0.075026 0.360406 0.333403 0.256038 0.023126 -0.170645 0.258405 0.052633 -0.066155 -0.267356 0.085369 -0.029535 -0.231327 -0.272402 -0.177606 -0.075640 -0.239495 0.116064 0.126309 0.265927 -0.058436 0.135995 -0.045998 -0.264742 0.035030 -0.145331 -0.204082 0.091753 0.343229 -0.285560
-0.163904 -0.339813 0.436063 -0.007133 1.000000 0.029890 0.485407 0.254029 0.431253 0.012226 0.347113 0.058476 0.212095 0.021848 0.581313 0.300917 -0.441223 -0.371660 0.215565 0.019244 0.138768 0.004201 0.186108 0.372059 0.162066 -0.072426 0.414200 -0.080808 -0.141759 -0.284190 0.260041 -0.011367 -0.334879 -0.120216 0.137592 0.270441 -0.315944 -0.445700 -0.125999 -0.283375 -0.051187 -0.264721 -0.044601 -0.024050 0.294404 0.252932 -0.030563 -0.061226 0.278753 0.211627 0.239270 0.193208 -0.064204 -0.003753 -0.360407 -0.111545 -0.526734 -0.372521 0.034732 0.088981 -0.061319 0.021592 -0.443947 -0.309578 0.431639 0.229547 0.289890 0.183034 -0.008704 0.185580 -0.147515 -0.241465 -0.203899 -0.392882 -0.131697 -0.284387 -0.276457 -0.408387 -0.492227 -0.297416 -0.440483 -0.399697 0.272267 -0.120139 0.182339 -0.079997 0.067099 -0.220763 0.286254 -0.082779 -0.143299 0.340306 0.001385 0.376780 0.085327 -0.255695 -0.233023 -0.238302 -0.324892 -0.113012 0.053124 -0.008848 -0.224770 0.071714 -0.113991 -0.136746 0.140693 0.128557 -0.171051 -0.139131 0.055816 -0.151280 -0.154310 -0.150861 -0.066448 -0.075278
0.017901 0.265308 0.363887 -0.019425 0.029890 1.000000 0.423536 0.161069 0.333952 0.822719 -0.140461 -0.073002 0.094982 0.032839 -0.444743 -0.156425 -0.189245 0.036531 -0.262610 -0.023301 0.115732 0.326325 0.563319 0.102999 0.286881 0.234433 0.025551 0.537435 -0.466367 -0.239536 -0.092442 -0.206722 -0.376315 -0.268029 -0.183673 -0.030401 -0.415268 -0.339234 -0.159531 -0.412647 -0.084672 -0.173409 0.039931 0.049577 -0.179596 0.030933 0.047659 0.039900 0.047125 0.020069 0.241370 0.205291 0.387078 0.338345 0.167964 -0.131784 -0.092419 0.189604 0.027151 -0.104717 0.013712 0.172335 -0.110263 0.112334 0.040055 0.189965 -0.328188 -0.057183 -0.083239 -0.121934 -0.229642 -0.009288 -0.455890 -0.154168 -0.316487 -0.134376 -0.460814 -0.282323 -0.131972 -0.056530 -0.132701 0.064499 -0.535362 -0.526610 -0.254207 -0.323687 -0.075739 -0.544959 -0.116978 0.096997 0.063038 -0.038641 -0.135802 -0.028962 -0.215134 -0.317633 -0.257603 -0.236340 0.095140 -0.132513 0.188411 -0.169588 0.052137 -0.158521 -0.100651 0.174628 -0.110349 0.248023 -0.185175 -0.274614 -0.035735 0.056596 0.254430 -0.095969 -0.035684 -0.252571
0.083916 -0.132390 0.756703 0.055899 0.485407 0.423536 1.000000 0.516968 0.505609 0.480723 0.330212 0.225000 0.550786 0.235972 0.014769 0.115860 -0.434837 -0.492694 0.105716 -0.235102 -0.085148 -0.130057 0.343510 0.214812 -0.169244 -0.390893 -0.050238 0.053711 -0.212869 -0.404379 -0.002218 -0.209026 -0.312148 -0.099920 -0.213600 0.093663 -0.412921 -0.651198 -0.345869 -0.623713 -0.084619 -0.427555 -0.151928 -0.177273 -0.006566 -0.013628 -0.150716 -0.241687 0.146345 -0.043495 0.412725 0.127280 0.155881 0.108662 -0.201360 -0.400501 -0.633272 -0.383240 0.281106 0.180892 0.232249 0.243204 -0.346442 -0.210547 0.614785 0.482034 0.273038 0.078928 -0.071388 0.082558 -0.385372 -0.327389 -0.345722 -0.414270 -0.445571 -0.377107 -0.491776 -0.552118 -0.573422 -0.420481 -0.481673 -0.328602 0.115126 -0.256884 0.272894 0.048410 0.100718 -0.375989 0.235407 -0.026482 -0.124128 0.140632 0.119928 0.358169 -0.057665 -0.524205 -0.485422 -0.528616 -0.405939 -0.480652 0.077169 -0.013311 -0.167116 -0.069144 -0.344177 -0.055505 -0.084819 0.082603 -0.335634 -0.274159 -0.314692 -0.347334 -0.111839 -0.244603 -0.176930 -0.228501
-0.090400 -0.250529 0.649418 0.382227 0.254029 0.161069 0.516968 1.000000 0.469062 0.367023 -0.190964 0.276258 0.321474 0.493323 0.036914 0.370661 -0.499438 -0.483611 -0.030367 -0.232942 -0.075246 -0.268031 0.062458 0.153192 -0.263451 -0.332331 -0.298467 -0.271316 -0.321356 -0.269098 0.151521 -0.038700 -0.012700 0.071976 -0.087879 0.159211 -0.311452 -0.396769 -0.199443 -0.263781 0.106561 -0.382007 -0.357329 -0.258913 -0.202961 -0.143590 -0.407376 -0.431620 -0.089161 -0.282000 0.350963 -0.159543 0.049860 -0.226116 0.000508 -0.389046 -0.497287 -0.638976 0.336148 0.315583 0.295765 0.418920 -0.236537 -0.263440 0.527463 0.678522 0.319666 0.265743 -0.035778 0.079015 -0.239332 -0.275257 -0.170582 -0.480979 -0.472786 -0.414452 -0.438666 -0.338144 -0.555113 -0.570108 -0.328689 -0.390689 -0.101252 -0.131527 0.039588 0.163689 -0.282511 -0.209831 0.309017 0.317642 0.060539 -0.018807 0.320336 0.152601 0.024429 -0.257122 -0.231952 -0.449542 -0.573215 -0.400867 0.005672 0.205404 -0.178408 0.085831 -0.118614 0.053320 0.062641 -0.025110 -0.143761 -0.231543 -0.328865 -0.205626 -0.147453 -0.157128 -0.061689 0.035430
-0.215234 -0.005589 0.535100 0.127299 0.431253 0.333952 0.505609 0.469062 1.000000 0.284889 0.023457 0.101662 0.209108 0.315484 0.321506 0.363437 -0.472642 -0.350376 0.004006 -0.011401 -0.034903 -0.076993 0.287679 0.037121 -0.106540 -0.278526 0.028899 0.046723 -0.524661 -0.365098 -0.088937 -0.326743 -0.189759 -0.137308 -0.205946 0.058450 -0.494956 -0.551211 -0.360078 -0.496287 -0.098953 -0.458386 0.048971 0.026835 0.069834 0.057107 -0.004462 -0.058055 0.177053 0.105240 0.461457 0.133665 0.105603 0.003014 -0.159776 -0.372921 -0.503379 -0.272667 0.179034 0.387938 -0.000753 0.253136 -0.308903 -0.167183 0.309925 0.354570 0.180811 0.007830 -0.014106 0.105527 -0.327409 -0.336515 -0.453291 -0.528136 -0.470918 -0.494380 -0.494784 -0.360706 -0.571896 -0.404041 -0.433510 -0.276489 -0.181722 -0.160008 0.131615 0.072251 -0.135090 -0.319839 0.146615 0.063575 0.105197 0.180275 0.265576 0.287722 0.040922 -0.414172 -0.119463 -0.341066 -0.219202 -0.095825 0.112387 0.021498 0.175255 0.171805 0.083770 0.131866 0.162964 0.217624 -0.237344 -0.187046 -0.124306 0.018951 -0.066549 -0.002953 0.102105 -0.230774
0.174524 0.298908 0.473061 -0.147771 0.012226 0.822719 0.480723 0.367023 0.284889 1.000000 -0.205805 0.004292 0.348416 0.212040 -0.472289 -0.032018 -0.096284 0.068656 -0.229287 0.028356 0.056516 0.028736 0.395493 -0.055716 0.028303 -0.115009 -0.295440 0.146038 -0.197982 -0.004163 -0.083380 -0.222764 -0.206091 0.029746 -0.316064 0.081295 -0.369761 -0.337640 -0.143800 -0.452165 -0.120164 -0.179286 -0.104833 -0.157411 -0.282549 -0.101588 -0.088596 -0.116114 0.000923 -0.079504 0.207840 0.127008 0.493497 0.328495 0.144411 -0.199447 -0.175117 0.044572 0.298713 0.038777 0.350700 0.456422 0.030177 0.273969 0.068299 0.263799 -0.314010 -0.276715 -0.163432 -0.199651 -0.321980 -0.167017 -0.133833 -0.125867 -0.303773 -0.119633 -0.464006 -0.304635 -0.113065 -0.123076 -0.093615 0.119422 -0.354249 -0.380694 -0.330201 -0.396537 -0.169912 -0.653894 -0.046961 0.096093 0.077291 -0.001186 -0.304932 -0.162883 -0.243289 -0.279610 -0.354701 -0.415364 0.013594 -0.115515 0.086539 -0.069972 -0.044386 -0.188887 -0.318636 0.012799 -0.058950 0.128447 -0.213965 -0.248810 -0.259723 0.043337 0.134430 -0.176200 -0.235487 -0.186696
0.091442 -0.279836 -0.052875 -0.019581 0.347113 -0.140461 0.330212 -0.190964 0.023457 -0.205805 1.000000 0.214833 0.310415 0.002238 0.489925 0.221520 0.021708 -0.320777 0.169286 -0.097173 -0.196640 -0.169877 0.106626 0.085722 -0.009049 -0.151337 0.440000 0.213705 0.130583 -0.335001 -0.249496 -0.309981 -0.308673 -0.242918 0.033456 -0.257381 -0.166491 -0.265715 -0.070284 -0.202104 -0.355469 -0.348691 0.322938 0.165418 0.377384 0.162986 0.251284 0.180800 0.437685 0.374079 0.101914 0.270559 -0.258120 0.081215 -0.183614 0.075021 -0.389953 -0.140565 -0.206192 -0.199358 -0.240622 -0.324073 -0.324478 -0.305798 0.266745 -0.030689 0.166716 -0.022981 0.167463 0.245104 -0.114045 -0.056634 -0.176727 -0.177574 -0.073837 -0.004640 0.121575 -0.255751 -0.077693 0.066630 -0.346192 -0.214281 0.502272 -0.072185 0.606923 0.166387 0.335887 0.041442 0.277364 -0.258064 -0.271514 0.041966 0.015849 0.351759 -0.178381 -0.192519 -0.103889 0.064127 -0.121564 -0.259504 -0.072134 -0.211857 -0.192563 -0.175726 -0.038500 -0.182907 -0.018893 0.017921 -0.020185 -0.104757 -0.107263 -0.280559 -0.211396 -0.084797 0.182356 -0.002593
0.133294 0.079113 0.012180 0.100454 0.058476 -0.073002 0.225000 0.276258 0.101662 0.004292 0.214833 1.000000 0.350395 0.596494 0.033777 0.453979 0.053126 -0.034796 -0.151705 0.175601 -0.097322 -0.076152 -0.214833 -0.152010 -0.166916 -0.227288 -0.013985 0.052792 0.022358 0.004033 -0.200506 -0.320633 -0.009406 -0.198463 -0.407221 -0.413823 -0.036803 -0.173408 -0.163345 -0.116592 -0.058439 -0.145439 -0.168044 -0.150246 -0.121784 -0.372957 -0.121118 -0.199524 -0.113144 -0.160573 -0.027735 -0.089529 -0.246508 -0.179102 0.026160 -0.031277 -0.077547 -0.260446 0.005190 -0.006505 -0.108572 0.129542 0.008671 -0.192999 0.093129 0.379599 0.057141 -0.117163 0.353790 0.303560 -0.222776 -0.046734 -0.000225 -0.091733 -0.043810 0.008462 0.015303 -0.093340 0.003662 -0.012905 0.071450 0.044125 -0.086723 -0.116495 0.153615 0.455008 -0.160143 -0.092744 -0.035369 0.297252 -0.259504 -0.388275 0.361991 -0.237693 0.115344 0.032470 -0.078388 0.054127 -0.373123 -0.290310 -0.132817 -0.163621 -0.174774 -0.238790 0.051757 -0.067998 -0.116293 -0.289973 -0.043463 -0.241291 -0.281097 -0.328408 -0.135923 -0.006941 0.098007 0.035127
0.473585 0.085274 0.388009 -0.359044 0.212095 0.094982 0.550786 0.321474 0.209108 0.348416 0.310415 0.350395 1.000000 0.602661 0.089854 0.391469 0.012089 -0.196949 -0.073319 0.048170 -0.238481 -0.297812 -0.153516 -0.289584 -0.339763 -0.555414 -0.251803 -0.167740 0.294930 0.060966 -0.324593 -0.404803 -0.023597 0.043664 -0.372301 -0.074815 -0.034760 -0.200665 -0.041175 -0.347038 -0.165934 -0.060026 -0.263541 -0.324664 -0.130490 -0.144156 -0.256755 -0.339001 -0.024504 -0.076208 -0.003697 -0.113030 0.159632 -0.174462 -0.016575 -0.337139 -0.425965 -0.224443 0.282369 0.152196 0.527442 0.493525 0.108812 0.096309 0.189931 0.299069 0.067389 -0.287525 0.101030 0.122766 -0.300239 -0.305206 0.203882 -0.087048 -0.031166 0.035700 -0.114653 -0.275787 -0.155331 -0.194245 -0.115484 -0.073084 0.249751 -0.108528 0.018710 -0.049175 -0.048627 -0.333288 0.191431 0.076848 -0.162963 0.034340 -0.059056 0.181737 0.032182 -0.166126 -0.276681 -0.378183 -0.277780 -0.255260 -0.027719 0.009468 -0.063080 -0.089925 -0.272343 -0.248249 -0.020818 -0.204134 -0.105600 -0.124884 -0.466769 -0.354459 -0.116933 -0.263334 -0.245497 0.134170
0.229076 0.042679 0.215619 -0.118278 0.021848 0.032839 0.235972 0.493323 0.315484 0.212040 0.002238 0.596494 0.602661 1.000000 0.070535 0.605306 -0.119308 -0.115046 -0.335658 0.040641 -0.267641 -0.230931 -0.314550 -0.390462 -0.249859 -0.356471 -0.274872 -0.135339 -0.020231 0.114811 -0.300611 -0.405325 0.200710 0.003693 -0.320334 -0.267572 -0.081224 -0.093338 -0.004947 -0.091681 -0.078627 -0.113400 -0.308745 -0.352106 -0.270209 -0.333000 -0.390291 -0.476828 -0.267355 -0.279641 0.030538 -0.334752 -0.121821 -0.514894 0.091736 -0.285143 -0.218200 -0.260668 0.272374 0.253455 0.300180 0.512764 0.150607 -0.001249 0.068238 0.495632 0.169578 -0.136937 0.354443 0.310802 -0.137506 -0.091536 0.136849 -0.099671 -0.022227 -0.031597 -0.045601 -0.011845 -0.163995 -0.269877 0.008453 -0.126672 -0.085867 -0.104356 -0.036011 0.229960 -0.304593 -0.138450 0.061491 0.366423 -0.147774 -0.204119 0.364088 -0.004739 0.143053 0.109679 0.032133 -0.021231 -0.435208 -0.197176 0.030569 0.074694 0.033532 -0.010158 0.068585 -0.041293 0.110383 -0.244708 0.124894 0.021132 -0.325897 -0.210701 -0.038682 -0.045359 0.050297 0.311368
-0.180666 -0.480026 0.079923 0.170075 0.581313 -0.444743 0.014769 0.036914 0.321506 -0.472289 0.489925 0.033777 0.089854 0.070535 1.000000 0.453199 -0.320347 -0.415543 0.271603 -0.103523 0.099433 -0.077185 0.004285 0.226325 0.089039 -0.091931 0.517463 -0.086266 -0.063642 -0.355005 0.085462 -0.042283 -0.140563 -0.146807 0.228176 0.019601 -0.151324 -0.186611 0.072409 0.082965 -0.070348 -0.291259 0.110045 0.119398 0.337881 0.198465 0.079489 0.067424 0.328184 0.280669 0.204399 0.138513 -0.231150 -0.177632 -0.093945 0.023505 -0.346136 -0.290974 -0.108490 0.149111 -0.277728 -0.205903 -0.370672 -0.440473 0.154696 -0.015576 0.323702 0.129283 0.095659 0.228626 0.005460 -0.198028 -0.201563 -0.411532 -0.098701 -0.269003 0.049488 -0.157116 -0.383100 -0.227704 -0.460500 -0.466270 0.410371 0.078745 0.399076 0.188359 0.082645 0.192452 0.388875 -0.013156 -0.103165 0.203717 0.137973 0.446241 0.160101 -0.078600 0.202562 0.083969 -0.200766 0.031501 -0.114734 -0.028576 -0.161673 0.274098 0.160874 -0.040751 0.204133 0.084260 -0.037294 0.044800 0.162670 -0.069920 -0.384039 0.101301 0.226132 0.078550
-0.098061 -0.222130 0.126851 0.012592 0.300917 -0.156425 0.115860 0.370661 0.363437 -0.032018 0.221520 0.453979 0.391469 0.605306 0.453199 1.000000 -0.147873 -0.256329 -0.104846 0.126859 -0.042004 -0.142417 -0.227648 -0.147975 -0.220550 -0.307439 0.080928 -0.211994 -0.039902 -0.118704 -0.203978 -0.362682 -0.082629 -0.240062 -0.217853 -0.285280 -0.087617 -0.183413 -0.118713 -0.068182 -0.000972 -0.148769 0.108907 0.039404 0.158057 -0.033950 0.042798 -0.093366 0.115493 0.226433 0.018392 -0.056557 -0.297985 -0.312254 -0.113366 -0.023872 -0.267396 -0.335780 0.020757 0.095727 -0.043083 0.175213 -0.045850 -0.232878 0.032045 0.196438 0.146866 -0.144038 0.194044 0.247075 -0.129106 -0.195951 -0.011828 -0.264676 -0.011934 -0.096204 -0.071388 -0.208790 -0.170308 -0.289776 -0.193962 -0.267673 0.032212 0.058874 0.139082 0.131446 -0.285623 -0.095424 0.212954 0.216192 -0.086004 -0.066630 0.302353 0.132047 0.211464 -0.062898 0.164182 0.050792 -0.297461 -0.032286 -0.072779 0.078850 -0.130202 0.094356 0.169835 0.009481 0.247867 -0.128881 -0.008512 -0.078723 -0.172395 -0.057833 -0.188418 -0.027533 0.114601 0.278078
0.266279 0.286957 -0.580053 -0.378419 -0.441223 -0.189245 -0.434837 -0.499438 -0.472642 -0.096284 0.021708 0.053126 0.012089 -0.119308 -0.320347 -0.147873 1.000000 0.678285 0.025475 0.455291 -0.084018 -0.122301 -0.351171 -0.404411 -0.140610 -0.046942 -0.174083 -0.168226 0.680445 0.544887 -0.292634 -0.084436 0.386018 0.256653 -0.040301 -0.155850 0.355783 0.307066 -0.060974 0.105994 -0.126513 0.376345 0.149541 0.084390 -0.010708 -0.116469 0.180277 0.233818 -0.144467 0.042109 -0.485396 -0.052427 -0.133632 0.112701 -0.125204 0.244205 0.484815 0.267832 -0.210655 -0.402785 0.101891 -0.074424 0.582095 0.383807 -0.339911 -0.370635 -0.356206 -0.442680 0.113962 -0.044331 0.078922 0.114551 0.600394 0.494242 0.551522 0.425139 0.518274 0.258703 0.799619 0.648675 0.649694 0.594323 0.020720 0.259516 -0.159090 -0.102150 -0.040757 0.033821 -0.281109 -0.212615 -0.147968 -0.119819 -0.334206 -0.344067 -0.015356 0.271283 -0.044472 0.138134 0.216135 0.272535 -0.264310 -0.135520 0.095020 -0.310054 -0.093514 -0.267563 -0.153523 -0.334311 0.033502 0.119682 -0.084968 0.041517 0.110732 -0.058119 -0.259269 0.022053
0.221569 0.552142 -0.556148 -0.441642 -0.371660 0.036531 -0.492694 -0.483611 -0.350376 0.068656 -0.320777 -0.034796 -0.196949 -0.115046 -0.415543 -0.256329 0.678285 1.000000 -0.232519 0.527915 0.014951 0.073076 -0.288643 -0.479476 -0.006528 0.097932 -0.220264 -0.074287 0.393450 0.690086 -0.195044 -0.106828 0.217384 0.212322 0.013823 -0.053325 0.172970 0.359098 -0.076412 0.082985 -0.071142 0.376022 0.134474 0.049999 -0.116981 -0.164013 0.153912 0.210951 -0.240690 -0.066672 -0.412735 -0.026930 0.042998 0.162682 0.034031 0.202062 0.615322 0.557081 -0.166552 -0.301316 0.087546 0.082658 0.601125 0.664888 -0.496183 -0.331313 -0.586395 -0.518569 0.033401 -0.091710 0.156619 0.179735 0.441720 0.538580 0.481770 0.424989 0.447835 0.466771 0.718122 0.715543 0.650730 0.724930 -0.316776 0.086679 -0.505208 -0.352335 -0.273843 -0.089997 -0.405625 -0.103051 0.027025 -0.161712 -0.274512 -0.424069 -0.037983 0.395493 -0.019498 0.163787 0.478544 0.403323 0.054385 -0.129960 0.153921 -0.344957 -0.036693 -0.140165 -0.183913 -0.260502 0.013904 0.173575 0.009508 0.249820 0.292811 0.045923 -0.198427 -0.002461
0.032688 -0.201351 0.182716 0.091469 0.215565 -0.262610 0.105716 -0.030367 0.004006 -0.229287 0.169286 -0.151705 -0.073319 -0.335658 0.271603 -0.104846 0.025475 -0.232519 1.000000 0.100346 0.038442 -0.175363 -0.013286 0.341572 -0.171190 -0.188449 0.042132 -0.230659 0.165490 -0.093221 0.214014 0.144626 0.231034 0.105639 0.135478 0.300397 0.168909 -0.043901 -0.016731 -0.084240 0.166659 0.054462 -0.150331 -0.166248 -0.014863 -0.018906 -0.172374 -0.096628 -0.047325 -0.093220 0.103621 -0.166871 0.012263 -0.064848 -0.275378 -0.273745 -0.068809 -0.151676 0.103192 0.032972 0.076576 -0.161779 0.011503 -0.163795 0.241805 -0.255811 0.382762 0.130999 0.059681 0.167045 0.234352 -0.037047 0.123509 -0.024988 0.185252 0.068036 0.178339 -0.020947 -0.232740 -0.110409 -0.330881 -0.362049 0.451521 0.228901 0.169062 0.114358 0.388408 0.280060 0.347251 -0.162728 0.033115 0.300308 -0.082016 0.283546 0.112271 -0.084386 -0.193807 -0.044259 -0.241364 -0.043246 -0.201954 0.210872 -0.042792 0.395048 -0.014790 -0.317940 0.064608 0.129243 -0.229581 0.094224 0.178360 -0.201463 -0.312287 0.008136 -0.024680 -0.029870
0.221908 0.454448 -0.338661 -0.458519 0.019244 -0.023301 -0.235102 -0.232942 -0.011401 0.028356 -0.097173 0.175601 0.048170 0.040641 -0.103523 0.126859 0.455291 0.527915 0.100346 1.000000 0.110347 0.025300 -0.345559 -0.446669 -0.111120 -0.118768 -0.122259 -0.147188 0.282114 0.492736 -0.282529 -0.239504 0.244026 0.135150 -0.207420 -0.081019 0.063717 0.103843 -0.213143 -0.126017 -0.093114 0.279017 0.073224 -0.001462 -0.071631 -0.109668 0.131841 0.177245 -0.074246 0.075321 -0.377610 0.009235 -0.076745 0.026397 -0.216856 -0.010659 0.237578 0.176977 -0.083345 -0.185829 0.067827 0.171705 0.317348 0.390702 -0.427390 -0.293410 -0.366187 -0.455824 0.302897 0.356023 0.056507 -0.002401 0.370855 0.285055 0.439162 0.354393 0.287839 0.241902 0.363244 0.406217 0.331579 0.301134 -0.034577 0.068264 -0.426020 -0.278332 -0.184895 -0.316249 -0.327372 -0.144709 0.169185 0.112902 -0.214267 -0.216765 0.202482 0.255731 -0.021904 0.215225 0.162602 0.356595 -0.056124 -0.138585 0.099689 0.029387 0.017410 -0.302572 0.114300 -0.041306 -0.081189 0.041921 0.100706 0.102122 0.243718 -0.049212 -0.111318 0.205200
-0.282627 -0.128555 0.086318 -0.043559 0.138768 0.115732 -0.085148 -0.075246 -0.034903 0.056516 -0.196640 -0.097322 -0.238481 -0.267641 0.099433 -0.042004 -0.084018 0.014951 0.038442 0.110347 1.000000 0.648359 0.407026 0.278025 0.478926 0.351027 0.295448 0.111480 -0.102606 -0.055933 0.526969 0.474515 -0.132525 -0.042432 0.058926 0.110474 0.063957 -0.014599 0.144251 0.177872 0.441545 0.158985 0.069410 0.249655 0.020572 0.082546 0.267690 0.199966 0.183408 0.176493 0.137360 0.366158 0.213896 0.356698 0.198100 0.274711 0.098080 -0.009512 -0.260492 -0.260774 -0.351068 -0.206006 -0.296604 -0.168337 -0.282345 -0.221047 -0.214081 -0.126859 -0.152459 -0.079494 0.177869 0.101106 -0.113265 -0.003232 0.048867 -0.085764 -0.074791 -0.152337 -0.061482 0.002709 -0.055266 -0.033713 -0.195135 -0.279448 -0.233977 -0.342297 0.004746 -0.227093 -0.174436 0.061630 0.056064 0.018425 -0.193195 -0.049460 0.390933 -0.073335 0.036658 -0.016576 0.044997 0.031171 -0.268069 -0.275344 -0.326623 -0.067676 -0.186713 0.068853 -0.202940 0.104606 -0.384820 -0.216385 0.354103 0.023403 0.012678 -0.077376 -0.130395 0.043497
-0.189611 0.007329 -0.066634 0.021264 0.004201 0.326325 -0.130057 -0.268031 -0.076993 0.028736 -0.169877 -0.076152 -0.297812 -0.230931 -0.077185 -0.142417 -0.122301 0.073076 -0.175363 0.025300 0.648359 1.000000 0.331846 0.170296 0.579839 0.608897 0.440082 0.559283 -0.317569 -0.186713 0.148463 0.221430 -0.216415 -0.369411 -0.012131 -0.105445 0.010258 0.123872 0.175312 0.247063 0.323062 0.198726 0.095974 0.232541 -0.075983 0.057868 0.135628 0.118899 0.023763 0.084618 0.084235 0.205278 0.098512 0.143156 0.336777 0.176895 0.223971 0.246002 -0.348303 -0.237868 -0.445835 -0.286504 -0.148839 -0.163333 -0.351990 -0.154234 -0.207114 0.039626 0.079825 0.109975 0.067697 0.149714 -0.351537 0.052930 -0.001736 -0.096148 -0.159531 -0.059454 0.013175 0.115790 0.034900 -0.006670 -0.378721 -0.270862 -0.131281 -0.076436 0.078171 0.015998 -0.201809 0.215390 -0.060419 -0.113885 -0.033583 -0.036408 0.449056 0.002695 0.155546 0.294818 0.057030 0.048798 0.023715 -0.306003 -0.102540 0.023085 0.099449 0.204781 -0.154393 0.221598 -0.155173 -0.190314 0.447267 0.044388 0.129024 -0.116631 0.042377 -0.000976
-0.336286 -0.167421 0.456379 0.346607 0.186108 0.563319 0.343510 0.062458 0.287679 0.395493 0.106626 -0.214833 -0.153516 -0.314550 0.004285 -0.227648 -0.351171 -0.288643 -0.013286 -0.345559 0.407026 0.331846 1.000000 0.579259 0.510105 0.382264 0.405962 0.544701 -0.543595 -0.582556 0.276148 0.139033 -0.601667 -0.289530 0.007497 0.015981 -0.364475 -0.344134 0.038506 -0.246059 -0.087003 -0.341392 0.122382 0.280400 0.024147 0.136451 0.213988 0.257898 0.466368 0.261770 0.597852 0.552054 0.405257 0.543156 0.267851 0.113651 -0.291000 -0.082111 -0.072977 -0.136980 -0.350162 -0.236473 -0.540916 -0.310340 0.136896 0.072213 -0.144403 0.153253 -0.403944 -0.311997 -0.183050 -0.077794 -0.593289 -0.367691 -0.477690 -0.299037 -0.466423 -0.442211 -0.375195 -0.185425 -0.485729 -0.231040 -0.219520 -0.515276 0.149307 -0.196558 0.298590 -0.328053 0.161025 0.089715 0.053235 0.079427 -0.186275 0.110865 -0.222213 -0.413047 -0.206926 -0.249187 0.035050 -0.267333 -0.074120 -0.297728 -0.260804 -0.157856 -0.185698 0.308192 -0.141103 0.427554 -0.300973 -0.338225 0.153345 -0.172644 -0.008256 -0.146037 0.097399 -0.390937
-0.403766 -0.604581 0.434609 0.589323 0.372059 0.102999 0.214812 0.153192 0.037121 -0.055716 0.085722 -0.152010 -0.289584 -0.390462 0.226325 -0.147975 -0.404411 -0.479476 0.341572 -0.446669 0.278025 0.170296 0.579259 1.000000 0.408687 0.358684 0.420869 0.200401 -0.393176 -0.612741 0.585423 0.513815 -0.411776 -0.244156 0.280256 0.105447 -0.052385 -0.197248 0.223687 0.026187 0.090015 -0.260376 0.033180 0.166253 0.164809 0.182433 0.025255 0.095392 0.278968 0.100992 0.424176 0.155912 0.024682 0.129921 0.007390 0.085594 -0.199307 -0.331039 -0.173544 -0.157504 -0.333164 -0.457770 -0.515439 -0.589455 0.408571 0.035054 0.266504 0.580692 -0.312127 -0.130609 0.125475 0.058514 -0.429089 -0.350978 -0.297084 -0.267279 -0.278892 -0.330738 -0.429465 -0.344706 -0.534717 -0.507607 0.057455 -0.148445 0.246570 0.097583 0.291940 0.131711 0.312351 0.041970 -0.054812 0.124605 -0.009358 0.259597 -0.066490 -0.331171 -0.090094 -0.090145 -0.222141 -0.249842 -0.154890 0.014657 -0.355033 0.110160 -0.079921 0.190985 -0.056521 0.279135 -0.133437 -0.209268 0.303079 -0.221987 -0.206578 -0.101362 0.114736 -0.311390
-0.189276 -0.162068 -0.044428 0.054814 0.162066 0.286881 -0.169244 -0.263451 -0.106540 0.028303 -0.009049 -0.166916 -0.339763 -0.249859 0.089039 -0.220550 -0.140610 -0.006528 -0.171190 -0.111120 0.478926 0.579839 0.510105 0.408687 1.000000 0.847931 0.593990 0.564468 -0.367175 -0.249936 0.410621 0.330291 -0.298911 -0.326637 0.256987 -0.144008 -0.019483 0.031984 0.362927 0.163937 -0.005508 -0.042585 0.053212 0.213909 -0.064544 0.045873 0.172621 0.268609 0.211493 0.139815 0.192611 0.348371 0.136729 0.292870 0.254583 0.355820 0.202950 0.126836 -0.273361 -0.313748 -0.541439 -0.341818 -0.366849 -0.299223 -0.294586 -0.108099 -0.155805 0.142392 0.012798 -0.056056 0.225325 0.275633 -0.363315 0.081280 0.019712 0.038231 0.014222 -0.050116 -0.033104 0.089700 -0.086723 -0.101198 -0.292759 -0.498031 -0.162265 -0.262884 0.024740 -0.233198 -0.148011 0.124624 -0.032161 0.019493 -0.014880 0.051392 -0.035441 0.052397 0.152366 0.293493 0.004249 0.051563 0.014165 -0.286333 -0.184677 -0.111746 0.100682 0.233353 -0.094872 0.306584 0.150033 -0.002359 0.621218 -0.001539 0.080407 -0.026252 0.127766 -0.074555
-0.229550 -0.123858 -0.231644 0.189398 -0.072426 0.234433 -0.390893 -0.332331 -0.278526 -0.115009 -0.151337 -0.227288 -0.555414 -0.356471 -0.091931 -0.307439 -0.046942 0.097932 -0.188449 -0.118768 0.351027 0.608897 0.382264 0.358684 0.847931 1.000000 0.536938 0.604868 -0.333399 -0.190998 0.310569 0.344957 -0.222826 -0.341405 0.313118 -0.138405 0.074181 0.222586 0.389071 0.306919 0.078293 0.094575 0.076858 0.258577 -0.077588 0.059349 0.148249 0.247103 0.074988 0.068605 0.085578 0.178811 0.048628 0.159822 0.330475 0.401988 0.341806 0.246881 -0.370298 -0.382484 -0.570128 -0.426160 -0.182192 -0.227265 -0.316315 -0.170750 -0.162403 0.266614 0.063125 -0.063388 0.272035 0.346992 -0.267597 0.162997 0.097382 0.118100 0.089728 0.085592 0.137180 0.183043 0.074070 -0.055587 -0.381602 -0.365049 -0.181969 -0.172420 0.036287 -0.000319 -0.143508 0.203864 -0.006769 -0.062389 0.014076 -0.051405 -0.030946 0.208206 0.259149 0.400909 0.096988 0.088388 0.070221 -0.188183 -0.071159 -0.115107 0.231714 0.272486 -0.049748 0.155822 0.266425 -0.022597 0.612801 0.033790 0.098503 0.011311 0.169991 -0.012014
-0.251666 -0.362506 -0.078066 0.274269 0.414200 0.025551 -0.050238 -0.298467 0.028899 -0.295440 0.440000 -0.013985 -0.251803 -0.274872 0.517463 0.080928 -0.174083 -0.220264 0.042132 -0.122259 0.295448 0.440082 0.405962 0.420869 0.593990 0.536938 1.000000 0.591786 -0.319705 -0.554713 0.082935 -0.014372 -0.436754 -0.547042 0.264563 -0.131391 -0.241598 -0.147327 0.048053 0.123437 -0.119537 -0.261166 0.216348 0.378728 0.310794 0.324271 0.231149 0.286975 0.368174 0.374723 0.239286 0.361260 -0.195362 0.060776 0.110342 0.329864 -0.033736 0.006250 -0.431446 -0.264140 -0.697631 -0.568969 -0.412089 -0.488337 -0.015908 -0.069982 0.108919 0.298268 0.095460 0.135246 -0.011879 0.117433 -0.469850 -0.220893 -0.043671 -0.061981 0.037219 -0.190837 -0.109123 0.031770 -0.295905 -0.269815 -0.035306 -0.313981 0.342598 0.098399 0.262959 0.115592 0.193826 0.023326 -0.266250 -0.022915 0.030695 0.185157 0.101959 -0.107993 0.115386 0.274969 -0.065496 -0.056808 -0.118015 -0.357852 -0.267413 -0.018570 0.205760 0.082036 0.045356 0.270924 -0.033279 -0.101542 0.391039 -0.051240 -0.190222 0.104598 0.311668 -0.083061
-0.080672 0.065036 -0.069300 0.232988 -0.080808 0.537435 0.053711 -0.271316 0.046723 0.146038 0.213705 0.052792 -0.167740 -0.135339 -0.086266 -0.211994 -0.168226 -0.074287 -0.230659 -0.147188 0.111480 0.559283 0.544701 0.200401 0.564468 0.604868 0.591786 1.000000 -0.534037 -0.484113 -0.180698 -0.233364 -0.445753 -0.631385 -0.037655 -0.326117 -0.314252 -0.083711 0.039351 -0.085256 -0.161127 -0.199142 0.178558 0.306974 -0.052214 0.097002 0.145525 0.240764 0.200686 0.192370 0.224223 0.298456 0.060951 0.183197 0.351283 0.127084 0.008267 0.283332 -0.345910 -0.195097 -0.536151 -0.369356 -0.241006 -0.199527 -0.170040 -0.016459 -0.179546 0.201929 0.144820 0.095646 -0.117975 0.173915 -0.624299 -0.122853 -0.221479 -0.027576 -0.169785 -0.152849 -0.056186 0.134188 -0.174113 -0.051998 -0.387095 -0.522389 0.107775 0.072398 0.233328 -0.088004 -0.090240 0.135774 -0.094654 -0.193925 0.081365 0.002961 -0.119298 -0.112254 0.096210 0.287439 0.122711 -0.196532 0.131526 -0.406011 0.030929 -0.064805 0.250656 0.263167 -0.120591 0.321158 0.041796 -0.186607 0.290402 -0.048835 0.046520 0.093967 0.405575 -0.182454
0.407848 0.150066 -0.338846 -0.503061 -0.141759 -0.466367 -0.212869 -0.321356 -0.524661 -0.197982 0.130583 0.022358 0.294930 -0.020231 -0.063642 -0.039902 0.680445 0.393450 0.165490 0.282114 -0.102606 -0.317569 -0.543595 -0.393176 -0.367175 -0.333399 -0.319705 -0.534037 1.000000 0.650858 -0.071895 0.074456 0.434996 0.493577 -0.044844 0.090889 0.464435 0.214839 0.123075 0.142357 0.105549 0.445261 -0.081156 -0.176551 0.028420 -0.112017 -0.019961 -0.067803 -0.214677 -0.111174 -0.531163 -0.226447 -0.097660 -0.071232 -0.218007 0.114309 0.214098 0.138173 0.046627 -0.162921 0.448212 0.139411 0.537762 0.439656 -0.127130 -0.330165 -0.108576 -0.425120 -0.019213 -0.060337 0.032812 -0.099906 0.823701 0.449428 0.585796 0.390807 0.469532 0.155216 0.526359 0.394789 0.472685 0.374203 0.474986 0.440270 -0.144295 -0.153078 0.005268 0.119715 -0.024629 -0.227648 -0.249991 0.011406 -0.404215 -0.155013 0.030447 0.227656 -0.098241 -0.066427 0.109950 0.136730 -0.175911 0.116808 -0.000910 -0.206875 -0.341164 -0.447353 -0.138290 -0.444905 0.012822 0.178795 -0.261493 -0.088843 -0.048910 -0.159804 -0.475231 0.166653
0.356431 0.507846 -0.419075 -0.623021 -0.284190 -0.239536 -0.404379 -0.269098 -0.365098 -0.004163 -0.335001 0.004033 0.060966 0.114811 -0.355005 -0.118704 0.544887 0.690086 -0.093221 0.492736 -0.055933 -0.186713 -0.582556 -0.612741 -0.249936 -0.190998 -0.554713 -0.484113 0.650858 1.000000 -0.031022 0.062704 0.570118 0.570872 -0.075573 0.111881 0.396911 0.397258 0.111429 0.155244 0.101949 0.462001 -0.148102 -0.319521 -0.246259 -0.300318 -0.085071 -0.160430 -0.438485 -0.301067 -0.492340 -0.292799 0.017665 -0.084752 -0.136793 0.037100 0.441210 0.318452 0.214441 -0.008767 0.437757 0.361190 0.620690 0.657779 -0.357882 -0.283100 -0.248290 -0.565456 0.122558 -0.018213 0.207276 0.130834 0.793676 0.669401 0.602361 0.479093 0.468359 0.468200 0.572687 0.446386 0.680964 0.607142 0.045170 0.265045 -0.470166 -0.318843 -0.299824 -0.117523 -0.353843 -0.137446 0.003343 -0.102221 -0.303982 -0.415576 -0.044073 0.374610 0.036388 -0.014526 0.212747 0.260780 0.056922 0.086814 0.213255 -0.203866 -0.168116 -0.376843 -0.070228 -0.405783 0.054564 0.261671 -0.147706 0.197274 0.245567 0.039535 -0.344182 0.210801
-0.289188 -0.388548 0.299676 0.181161 0.260041 -0.092442 -0.002218 0.151521 -0.088937 -0.083380 -0.249496 -0.200506 -0.324593 -0.300611 0.085462 -0.203978 -0.292634 -0.195044 0.214014 -0.282529 0.526969 0.148463 0.276148 0.585423 0.410621 0.310569 0.082935 -0.180698 -0.071895 -0.031022 1.000000 0.808852 -0.037860 0.138158 0.289961 0.282461 0.172002 -0.036905 0.316240 0.190466 0.340561 -0.022670 -0.169062 -0.020132 -0.012174 0.006284 -0.024619 -0.070167 0.011674 -0.138704 0.160886 0.060098 0.088713 0.109884 -0.055884 0.178223 0.042862 -0.227118 0.014427 -0.048292 -0.175026 -0.181504 -0.357278 -0.257709 0.121497 -0.053565 0.191912 0.242916 -0.292842 -0.254030 0.271413 0.257587 0.017222 0.014748 -0.003111 -0.058181 -0.077624 -0.070874 -0.248233 -0.238834 -0.135773 -0.203354 0.017046 -0.068661 -0.147362 -0.219437 -0.058762 -0.014810 0.007166 -0.038799 0.041550 0.102174 -0.014215 0.059414 0.020518 -0.035824 0.019768 -0.212118 -0.153365 -0.072007 -0.049193 0.189016 -0.167156 -0.008133 -0.138792 0.105350 -0.152654 -0.093112 -0.063584 0.015039 0.317844 -0.081125 -0.079002 -0.024159 -0.153501 -0.108941
-0.190921 -0.364399 0.083693 0.222489 -0.011367 -0.206722 -0.209026 -0.038700 -0.326743 -0.222764 -0.309981 -0.320633 -0.404803 -0.405325 -0.042283 -0.362682 -0.084436 -0.106828 0.144626 -0.239504 0.474515 0.221430 0.139033 0.513815 0.330291 0.344957 -0.014372 -0.233364 0.074456 0.062704 0.808852 1.000000 0.090108 0.284368 0.302276 0.261900 0.339258 0.183296 0.426831 0.429000 0.353701 0.157101 -0.129034 -0.031735 -0.036181 0.000093 -0.000506 -0.063335 -0.059583 -0.177856 0.009391 -0.048560 0.090837 0.055517 0.078417 0.203951 0.220020 -0.184399 -0.044948 -0.144867 -0.126373 -0.280533 -0.197390 -0.253650 -0.019140 -0.210449 0.128943 0.234616 -0.312500 -0.267084 0.332741 0.262645 0.139245 0.141472 0.099779 -0.045488 0.040648 0.107187 -0.028283 -0.151909 0.039619 -0.090908 0.078919 0.191776 -0.116221 -0.112693 0.016325 0.204597 -0.033471 -0.053219 0.117837 0.122567 -0.143321 0.054190 0.124251 0.051846 0.100622 -0.067049 -0.042984 0.067640 -0.108663 0.183721 -0.162642 0.030934 -0.177681 0.052716 -0.146477 -0.092087 0.011966 0.034085 0.347003 0.005152 0.040387 -0.057725 -0.202781 -0.132587
0.230492 0.166538 -0.212372 -0.273740 -0.334879 -0.376315 -0.312148 -0.012700 -0.189759 -0.206091 -0.308673 -0.009406 -0.023597 0.200710 -0.140563 -0.082629 0.386018 0.217384 0.231034 0.244026 -0.132525 -0.216415 -0.601667 -0.411776 -0.298911 -0.222826 -0.436754 -0.445753 0.434996 0.570118 -0.037860 0.090108 1.000000 0.562619 -0.037569 0.165838 0.268691 0.164185 -0.029011 0.173099 0.185445 0.321017 -0.258166 -0.343408 -0.272738 -0.251274 -0.311661 -0.308185 -0.579563 -0.484619 -0.270673 -0.561685 -0.164501 -0.411133 -0.211213 -0.202384 0.293043 -0.016482 0.249232 0.173020 0.317506 0.193956 0.495695 0.259962 -0.069476 -0.152880 0.289366 -0.093853 0.418383 0.258453 0.159512 0.067389 0.564583 0.366122 0.479267 0.160372 0.426789 0.303235 0.253691 0.122218 0.462541 0.201768 0.133880 0.332054 -0.192933 0.113764 -0.206593 0.189188 -0.176855 -0.006377 -0.020845 -0.066414 0.047291 -0.139259 0.181194 0.191969 0.184823 0.063099 -0.199318 0.121373 -0.030617 0.209762 0.307296 0.249439 0.055449 -0.240673 -0.007651 -0.275631 0.097148 0.431353 0.032091 0.150820 0.082856 0.154981 -0.211274 0.270280
0.058464 0.091484 -0.032459 -0.222516 -0.120216 -0.268029 -0.099920 0.071976 -0.137308 0.029746 -0.242918 -0.198463 0.043664 0.003693 -0.146807 -0.240062 0.256653 0.212322 0.105639 0.135150 -0.042432 -0.369411 -0.289530 -0.244156 -0.326637 -0.341405 -0.547042 -0.631385 0.493577 0.570872 0.138158 0.284368 0.562619 1.000000 -0.000088 0.552103 0.186644 0.077074 0.007263 0.108290 0.077273 0.163432 -0.130900 -0.262889 -0.077496 -0.016177 -0.064875 -0.132882 -0.216410 -0.237402 -0.148013 -0.155895 0.095092 0.071317 -0.220256 -0.033325 -0.064815 -0.055261 0.186907 -0.003783 0.472028 0.199652 0.295741 0.337254 0.138396 -0.160016 0.015476 -0.166009 -0.119253 -0.087150 0.052708 -0.058195 0.605161 0.353934 0.281368 0.038849 0.228673 0.171095 0.244220 0.246946 0.360547 0.353890 0.225806 0.274959 -0.247829 -0.198847 -0.153399 -0.066525 -0.077849 -0.249724 0.054731 0.017703 -0.352175 -0.191074 -0.168580 0.047754 -0.092618 -0.347476 0.014911 0.046496 -0.143093 0.115381 0.054413 -0.095237 -0.456543 -0.326404 -0.151198 -0.307849 -0.100458 0.168046 -0.114075 0.109865 0.089970 -0.151686 -0.542439 -0.024516
-0.168057 -0.380809 -0.176036 0.092845 0.137592 -0.183673 -0.213600 -0.087879 -0.205946 -0.316064 0.033456 -0.407221 -0.372301 -0.320334 0.228176 -0.217853 -0.040301 0.013823 0.135478 -0.207420 0.058926 -0.012131 0.007497 0.280256 0.256987 0.313118 0.264563 -0.037655 -0.044844 -0.075573 0.289961 0.302276 -0.037569 -0.000088 1.000000 0.318505 0.042031 0.302375 0.143891 0.394558 -0.022373 -0.004659 0.007468 0.112142 0.124598 0.135121 0.000596 0.121936 -0.017831 -0.024819 -0.052926 0.059963 -0.286945 -0.011637 -0.071244 0.261321 0.062307 -0.039633 -0.262886 -0.201200 -0.265110 -0.234385 -0.253259 -0.187319 0.139246 0.052497 0.173635 0.266473 -0.013742 0.056273 0.432180 0.336708 -0.072847 0.115729 0.177801 0.046859 0.301575 0.344078 0.060246 0.054384 -0.032214 -0.128298 0.028420 0.048724 -0.042773 -0.175121 0.054426 0.173129 0.055944 -0.224502 0.100566 0.220664 0.142807 0.228654 0.005062 0.314281 0.105938 0.234684 0.012063 0.099062 0.059368 0.148227 -0.137060 -0.029613 0.080963 -0.045633 0.124034 0.033620 0.163677 0.318594 0.376103 0.100407 0.002640 -0.028441 0.074146 0.098509
-0.019549 -0.099606 0.219404 -0.070849 0.270441 -0.030401 0.093663 0.159211 0.058450 0.081295 -0.257381 -0.413823 -0.074815 -0.267572 0.019601 -0.285280 -0.155850 -0.053325 0.300397 -0.081019 0.110474 -0.105445 0.015981 0.105447 -0.144008 -0.138405 -0.131391 -0.326117 0.090889 0.111881 0.282461 0.261900 0.165838 0.552103 0.318505 1.000000 -0.025784 0.038629 -0.127562 0.060526 0.189692 0.133290 -0.207520 -0.133033 0.026079 0.313385 -0.174352 -0.147053 -0.176479 -0.128635 -0.007292 -0.133609 0.143603 0.091101 -0.218348 -0.170998 -0.218181 -0.054425 0.058156 -0.003652 0.319376 0.078345 0.064275 0.152089 0.329593 -0.013300 0.141085 0.202487 -0.263818 -0.199657 0.076858 0.013081 0.194160 0.103193 0.157481 -0.075749 -0.039747 0.041186 -0.106964 -0.043772 -0.005094 0.042657 0.089381 0.102607 -0.212718 -0.246020 0.066465 -0.017867 0.118132 -0.199368 0.171623 0.227289 -0.208711 0.078576 -0.034423 -0.017409 -0.314280 -0.386438 -0.023644 -0.025715 -0.013926 0.198733 -0.009269 0.112343 -0.254106 -0.200108 0.002142 -0.002196 -0.166641 0.152406 0.062246 0.122468 -0.174556 -0.096449 -0.418492 -0.128917
