1.000000 0.368394 -0.123324 -0.151222 -0.084463 -0.139533 -0.066303 -0.422180 0.018438 -0.272381 0.024335 -0.254101 -0.115719 -0.305192 -0.185366 -0.308017 0.235486 -0.132151 0.457344 0.569782 0.161398 0.177697 -0.080032 -0.135852 -0.228566 -0.391642 -0.007630 -0.022747 -0.056696 -0.053199 -0.252568 -0.371930 0.466583 0.260930 0.218895 -0.136788 0.041600 0.249692 0.300131 0.134142 0.023263 0.168405 0.056921 -0.020361 -0.149148 -0.149324 -0.144634 0.069724 -0.333746 -0.129530 -0.136524 -0.303976 -0.378295 -0.297673 -0.082783 -0.165787 0.658376 0.277146 0.137557 -0.058184 -0.017784 -0.311087 -0.007724 -0.080664 -0.104523 -0.250219 0.269097 -0.069062 0.611539 0.359346 0.024437 0.120427 0.197124 0.180338 0.351677 0.326998 0.295438 0.186821 0.429502 0.027333 0.339219 0.163948 -0.022338 -0.243754 0.101433 0.332763 0.177666 0.077177 0.119955 0.080177 0.007333 -0.055345 -0.439169 -0.134104 -0.208813 -0.178348 -0.332933 -0.164336 -0.258902 -0.128356 -0.357842 -0.060306 -0.244371 0.040257 0.029641 0.088809 0.021891 0.111669 -0.179654 -0.083116 -0.021432 -0.090588 -0.104843 -0.179117 -0.023498 0.005449
0.368394 1.000000 -0.377127 -0.330325 -0.079177 -0.170564 0.060396 -0.520718 0.155253 -0.219855 0.185610 -0.029031 0.040904 -0.124605 0.151927 -0.183566 0.407742 0.329803 0.361657 0.321128 -0.038592 -0.043827 -0.309775 -0.402186 -0.252216 -0.416291 -0.317089 -0.372842 0.269551 0.342655 -0.209284 -0.333067 0.372295 0.452380 -0.087335 -0.194617 -0.054442 0.267163 -0.003180 0.105550 0.112455 0.370922 0.054882 0.029468 0.103375 0.127316 -0.028699 0.073341 -0.234930 0.242874 -0.319725 -0.117977 0.063534 0.054649 -0.258026 -0.049027 0.323917 0.803509 -0.131243 0.319842 -0.351921 -0.098970 0.010112 0.292503 -0.450518 -0.530190 0.173412 -0.207744 0.515124 0.268249 0.201596 0.060852 0.531516 0.253264 0.303553 0.122489 0.232415 0.213648 0.240489 0.319409 0.492110 0.458414 -0.115018 0.123734 -0.127818 -0.015137 0.037239 -0.194062 -0.466638 -0.162135 0.029579 -0.085855 -0.349960 -0.153111 -0.090238 -0.074842 -0.171637 -0.093288 0.007583 -0.138439 -0.119069 -0.020975 -0.139255 -0.114654 -0.155584 -0.087481 -0.127300 -0.053344 -0.183786 -0.094293 -0.234635 0.026353 0.090056 -0.142209 -0.158148 -0.076922
-0.123324 -0.377127 1.000000 0.001068 0.205991 0.306939 0.526525 0.462224 0.094455 0.365532 -0.306843 0.082751 0.066883 0.051942 -0.122060 0.099597 -0.217211 -0.053071 0.016935 -0.099340 -0.329277 -0.164600 0.131718 -0.038312 0.044881 0.049323 -0.077918 -0.084667 -0.238551 -0.159792 0.121111 -0.043579 -0.086557 -0.105234 -0.189566 0.065456 -0.127040 -0.260244 0.087340 -0.024348 -0.149493 -0.328837 -0.085917 -0.213832 -0.131774 -0.021850 -0.249024 -0.277009 0.222285 -0.118123 0.130942 0.061204 -0.016242 -0.056543 -0.014379 -0.104639 -0.240942 -0.320929 0.571298 0.052817 0.592144 0.088196 -0.128526 -0.016633 0.153423 0.343579 0.301115 0.283856 -0.306450 -0.095348 -0.201892 -0.084378 -0.218306 -0.082665 0.004651 -0.110465 -0.058534 -0.174191 -0.308980 -0.117108 -0.400253 -0.216752 -0.158257 -0.030066 -0.316440 -0.040713 -0.093455 0.074858 0.263130 0.380107 -0.105943 -0.138998 -0.076925 0.036221 -0.048736 0.025437 -0.103932 -0.080049 -0.189918 0.029661 -0.203396 -0.005455 -0.253379 -0.082531 -0.122061 -0.140067 0.287441 -0.051496 -0.133507 -0.080849 -0.146455 -0.253855 -0.246852 -0.153720 -0.029087 -0.120790
-0.151222 -0.330325 0.001068 1.000000 0.322735 -0.029207 -0.061785 0.572939 0.233447 -0.179582 0.013096 0.074694 -0.079496 0.251025 0.063455 0.017912 -0.353270 -0.349221 0.051208 0.108574 0.269458 0.340102 0.497022 0.630597 0.614596 0.647872 0.243336 0.508660 -0.379772 -0.418243 0.579580 0.511528 0.041381 0.125165 0.311483 0.374991 -0.150969 -0.508745 -0.301309 -0.016781 -0.216589 0.032967 0.050134 0.156749 0.063504 -0.084490 -0.145997 0.201510 -0.178684 -0.175505 0.487270 0.095383 -0.030025 -0.045302 -0.111824 -0.525261 -0.106429 -0.462354 -0.235807 -0.209847 0.028612 0.197288 -0.016615 -0.010714 0.579084 0.591923 -0.219198 0.024133 -0.220584 -0.205585 -0.005176 0.251207 -0.331237 0.019385 0.122845 0.228817 -0.047257 0.058058 -0.384136 -0.311515 -0.392042 -0.532052 0.202939 -0.287304 0.281869 -0.107009 0.345809 -0.147679 0.335537 0.001267 -0.044311 -0.415668 0.303130 -0.326912 -0.340425 -0.428790 -0.188767 -0.399284 -0.202701 -0.412558 -0.109889 -0.280624 -0.151047 -0.278956 -0.268731 -0.355801 0.163227 -0.392386 -0.275708 -0.489002 -0.115750 -0.309274 -0.291662 -0.294444 -0.257475 -0.392615
-0.084463 -0.079177 0.205991 0.322735 1.000000 0.201877 0.341355 0.285604 0.391107 -0.229519 0.268710 0.301811 0.296993 0.368925 0.144476 -0.136347 -0.354293 -0.107902 0.091701 0.345081 0.146503 0.014331 0.440481 0.463907 0.380140 0.184143 0.418378 0.416198 -0.188313 -0.320844 0.305943 0.174008 -0.098378 -0.115161 0.114721 0.298312 -0.330785 -0.390649 -0.409101 0.022175 -0.458441 -0.038190 0.073999 0.074429 -0.095244 -0.111288 -0.065725 0.082676 0.072491 -0.064254 0.311965 0.241489 -0.049054 0.081110 -0.068397 -0.393883 -0.210639 -0.245542 0.026200 -0.024875 -0.077698 0.104833 -0.196280 -0.217377 0.498321 0.310325 -0.008648 0.026275 -0.137707 0.029450 -0.115998 -0.044790 -0.455935 -0.370249 -0.178930 -0.172749 -0.293505 -0.328396 -0.368278 -0.276817 -0.288872 -0.270043 -0.059110 -0.384501 0.170314 -0.243878 0.317734 -0.234510 0.367615 0.042571 0.220020 -0.257091 0.374254 0.154621 -0.312757 -0.248250 -0.227458 -0.270841 -0.246794 -0.333959 0.058795 0.012995 0.003157 -0.139463 -0.298072 -0.349878 0.032512 -0.360078 -0.241506 -0.266841 -0.166230 -0.154654 0.098028 -0.195886 -0.240587 -0.303733
-0.139533 -0.170564 0.306939 -0.029207 0.201877 1.000000 0.113948 0.270278 0.053881 0.467170 -0.258763 0.378409 0.042201 0.342543 -0.300142 0.310313 -0.358588 0.206902 -0.242795 -0.083667 -0.108810 -0.231960 0.004986 0.025377 -0.088954 -0.032442 -0.096587 0.044245 -0.285088 -0.003393 -0.028107 -0.079897 -0.117153 -0.167855 0.115113 0.176316 -0.199355 -0.170377 -0.038144 0.078050 -0.172285 0.017246 0.233393 0.114187 0.097315 0.164348 -0.014592 0.110058 0.376243 0.169843 0.162277 0.207848 0.041014 -0.058153 0.033710 -0.121348 0.003967 -0.049546 0.178885 -0.190912 0.366846 0.377518 -0.195322 0.058187 0.230927 0.299878 -0.150316 0.188421 -0.284126 -0.204575 0.058849 0.121331 -0.259389 -0.124639 -0.232159 -0.107365 -0.301111 -0.101941 -0.200147 -0.058000 -0.340075 -0.157774 -0.344422 -0.023110 -0.305478 -0.270430 -0.062601 -0.030851 0.232741 0.149422 -0.021668 -0.053258 0.139266 0.068355 -0.242693 -0.196108 -0.238801 -0.157445 -0.126784 -0.082895 0.096937 0.022393 -0.037424 -0.207410 -0.315919 -0.374566 0.026518 -0.126601 -0.140915 -0.258614 -0.201364 0.016587 -0.015029 -0.177470 -0.199832 -0.300762
-0.066303 0.060396 0.526525 -0.061785 0.341355 0.113948 1.000000 0.296616 0.236001 0.084108 -0.034170 0.001875 0.243099 0.018860 -0.114009 -0.139994 -0.017504 -0.050347 0.133830 0.148726 -0.392021 -0.207525 -0.068387 -0.079950 0.000858 -0.053099 -0.108714 -0.127486 -0.135136 -0.021741 0.032620 -0.021544 0.051281 0.170012 -0.304396 -0.064036 -0.032527 -0.211668 -0.053731 0.000627 0.038541 -0.018067 -0.138311 -0.337541 -0.082688 -0.040103 -0.184130 -0.326467 0.022609 -0.162945 -0.075177 -0.106363 0.086450 0.130881 -0.116363 -0.038994 -0.198478 -0.117178 0.363191 0.098119 0.248516 0.017557 0.001502 0.067821 0.066518 0.094140 0.214735 -0.000750 -0.099847 0.037365 -0.101663 -0.084669 0.011644 -0.010674 0.181174 -0.079408 -0.063040 -0.199391 -0.109423 -0.178905 -0.015887 -0.031871 -0.201354 -0.009003 -0.185035 -0.003703 -0.000761 -0.001190 0.020347 0.151878 -0.089548 -0.111760 -0.221756 -0.072267 -0.016307 0.005100 -0.170732 0.004121 -0.104025 0.033921 -0.210702 0.023924 -0.217577 -0.081152 -0.174368 -0.128627 0.113465 -0.182116 -0.119700 0.004232 -0.281223 -0.199809 -0.049154 -0.182588 -0.098057 -0.136735
-0.422180 -0.520718 0.462224 0.572939 0.285604 0.270278 0.296616 1.000000 0.264749 0.331204 -0.174737 0.201150 -0.101572 0.232988 -0.102122 0.162308 -0.321313 -0.274222 -0.075139 -0.154136 -0.099637 -0.069464 0.161275 0.302842 0.318698 0.533955 -0.029871 0.183308 -0.269505 -0.266582 0.324990 0.313310 -0.248317 -0.087150 -0.051303 0.314452 -0.157797 -0.437548 -0.259548 0.029387 -0.244048 -0.171963 -0.087449 -0.119794 0.002391 -0.001874 -0.218940 -0.126666 0.027945 -0.193203 0.330010 0.141756 0.025559 0.020664 -0.034720 -0.285748 -0.393380 -0.565660 0.027985 -0.076131 0.427232 0.509313 -0.035543 0.060827 0.549543 0.830481 -0.164087 0.150484 -0.579352 -0.457481 -0.197591 -0.020326 -0.318648 -0.098250 -0.033810 -0.129978 -0.154950 -0.165298 -0.433838 -0.418542 -0.450915 -0.461429 -0.040776 -0.106671 0.043361 -0.037713 -0.015091 0.035770 0.278167 0.317423 0.008300 -0.319740 0.277861 -0.165760 -0.206976 -0.250621 -0.235682 -0.249992 -0.178184 -0.193573 -0.037136 -0.203795 -0.126889 -0.213846 -0.258525 -0.249963 0.317803 -0.150979 -0.174609 -0.324717 -0.303382 -0.275902 -0.267219 -0.227920 -0.153373 -0.299204
0.018438 0.155253 0.094455 0.233447 0.391107 0.053881 0.236001 0.264749 1.000000 -0.120254 -0.056924 -0.046434 0.016198 -0.060794 -0.090008 -0.179283 -0.219121 -0.056457 0.164890 0.074359 0.060114 0.142656 0.049595 0.054243 0.338016 0.289242 0.012291 0.163500 -0.069935 0.059218 0.293794 0.066280 0.111100 0.170517 -0.172738 -0.006593 -0.092747 -0.229508 -0.270272 -0.114640 -0.073065 0.116190 -0.076972 -0.133723 -0.238362 -0.195429 -0.178489 -0.025933 -0.207152 -0.111555 -0.113478 -0.073952 -0.076018 0.190409 -0.224189 -0.179395 -0.067698 0.025092 -0.145103 0.111752 -0.117674 0.008295 -0.218931 -0.017398 0.075387 0.186931 -0.035713 -0.125313 0.101615 0.008107 0.095348 0.100255 -0.042988 0.215492 0.092982 -0.042584 0.039231 -0.139735 -0.002753 -0.287038 -0.047334 -0.025822 -0.397875 -0.000762 -0.187656 -0.170641 -0.158636 -0.211309 -0.033930 -0.054492 0.017409 -0.095990 0.120330 -0.002217 0.049863 -0.067978 -0.165033 0.007155 -0.020234 -0.010282 0.013816 0.039757 -0.034565 0.030050 -0.057592 -0.058184 -0.014339 -0.213054 -0.031294 -0.027701 -0.197481 0.022817 0.027926 -0.022748 0.007734 -0.010205
-0.272381 -0.219855 0.365532 -0.179582 -0.229519 0.467170 0.084108 0.331204 -0.120254 1.000000 -0.277203 0.238295 -0.000674 0.201314 -0.049252 0.669624 -0.032065 0.179746 -0.219756 -0.217480 -0.261221 -0.262990 -0.218740 -0.178577 -0.239968 -0.089912 -0.410024 -0.494516 0.114323 0.251082 -0.002862 -0.024568 -0.146732 -0.042127 -0.240337 -0.031672 0.124322 0.040165 -0.020759 0.189509 0.099857 -0.043196 -0.012522 -0.245172 -0.014127 0.080135 -0.219066 -0.244980 0.296334 0.159863 -0.012530 0.164343 0.152922 0.091117 -0.012157 0.071853 -0.206705 -0.084163 0.215954 -0.004161 0.345459 0.338541 -0.003859 0.123041 0.022226 0.209539 -0.164148 0.106659 -0.324950 -0.301466 -0.004011 0.040379 0.072651 0.009772 -0.130787 0.009021 -0.090165 0.122899 -0.104321 0.156444 -0.164660 -0.036538 -0.082924 0.438355 -0.318364 0.095138 -0.292506 0.105456 0.009552 0.274263 -0.066627 -0.126132 -0.044678 -0.000925 -0.075138 -0.089340 -0.219110 -0.047754 -0.119307 -0.013021 -0.143679 0.071926 -0.189535 -0.196145 -0.205969 -0.182080 0.110780 0.033764 -0.144552 -0.103012 -0.335554 -0.173140 -0.232305 -0.129284 -0.078832 -0.179065
0.024335 0.185610 -0.306843 0.013096 0.268710 -0.258763 -0.034170 -0.174737 -0.056924 -0.277203 1.000000 0.337973 0.643793 0.392281 0.642937 0.053630 0.292120 0.163286 0.326324 0.434132 0.015324 -0.025049 0.348941 0.406761 0.130349 -0.135664 0.446167 0.189695 0.348801 -0.177556 -0.058955 -0.015298 -0.124702 -0.246550 0.133321 0.079996 -0.042943 -0.073394 -0.156814 0.138489 -0.045602 -0.008622 -0.095462 -0.128122 -0.169561 -0.280762 0.012964 -0.052131 -0.043057 -0.007734 -0.016291 0.127332 -0.089069 0.118597 -0.167711 -0.043820 -0.184054 0.001434 -0.164766 0.179985 -0.396350 -0.158509 -0.232987 -0.235914 0.165855 -0.128297 -0.207887 -0.148208 0.144783 0.180648 -0.254472 -0.173769 -0.147738 -0.295419 -0.149002 -0.235672 -0.248415 -0.224725 -0.124133 -0.107660 0.055774 0.006732 0.564551 -0.140242 0.356576 -0.262988 0.482507 0.041292 -0.025243 -0.161468 0.240943 0.147415 0.048578 0.061068 -0.096406 0.077382 -0.048479 0.033285 -0.115055 -0.115011 -0.067552 -0.147857 -0.031293 -0.057014 -0.057454 0.002038 -0.143963 -0.068433 0.044532 0.100938 0.077869 0.129756 0.272675 -0.058774 -0.068965 0.002157
-0.254101 -0.029031 0.082751 0.074694 0.301811 0.378409 0.001875 0.201150 -0.046434 0.238295 0.337973 1.000000 0.443666 0.908053 0.339946 0.652592 -0.142949 0.465346 -0.065605 -0.073058 -0.056354 -0.194932 0.128609 0.234361 0.017019 -0.049947 0.092574 0.062858 0.114828 0.049332 0.040397 0.006212 -0.186936 -0.163734 0.044923 0.222632 -0.206129 -0.210932 -0.385302 -0.085100 -0.260075 0.006408 0.024348 0.053376 0.133594 0.034287 -0.097261 0.094891 0.176042 0.063983 0.211419 0.333470 0.158834 0.045203 -0.139570 -0.325557 -0.327967 -0.224894 -0.092120 -0.172366 0.241446 0.452804 -0.061247 0.284414 0.382569 0.341483 -0.396984 -0.192133 -0.187599 -0.350253 -0.229880 -0.165130 -0.144319 -0.225871 -0.051309 0.042604 -0.326025 -0.202422 -0.251261 -0.082683 -0.256835 -0.096009 0.254348 0.061057 0.018930 -0.420266 0.278900 -0.287510 0.023568 -0.124551 -0.196137 -0.273925 0.157951 0.021508 -0.261704 -0.156138 -0.148430 -0.219223 -0.172891 -0.277205 -0.001747 -0.047824 -0.037466 -0.222432 -0.195339 -0.265441 -0.124671 -0.116788 -0.172017 -0.269596 -0.166808 -0.198666 0.103571 -0.174600 -0.233003 -0.283638
-0.115719 0.040904 0.066883 -0.079496 0.296993 0.042201 0.243099 -0.101572 0.016198 -0.000674 0.643793 0.443666 1.000000 0.438397 0.499221 0.273045 0.051059 0.158516 0.054491 0.145669 -0.067319 0.007393 0.258698 0.273699 0.125345 -0.201389 0.370189 0.072692 0.284984 -0.098081 -0.033909 -0.038104 -0.138843 -0.224535 0.036506 0.043424 0.121870 -0.103101 -0.193237 0.000731 0.076250 -0.141947 0.012479 -0.176051 -0.231452 -0.318964 0.005512 -0.058198 0.162164 -0.112151 -0.070096 0.132203 0.116012 0.165669 0.038840 -0.076457 -0.237383 -0.067391 0.072609 -0.012398 -0.019280 -0.071427 -0.143342 -0.092890 0.140562 -0.060132 -0.231497 -0.281758 0.096306 0.178496 -0.252990 -0.179054 -0.121211 -0.319615 -0.152088 -0.049781 -0.307736 -0.233611 -0.151892 -0.169629 -0.064995 0.007167 0.369341 -0.026733 0.138310 -0.375046 0.426636 -0.212601 0.060365 -0.233631 0.246248 0.140700 0.167131 0.157964 -0.035150 -0.003911 0.068340 0.010266 -0.059455 -0.101834 0.080616 0.041300 0.082568 -0.000759 0.014815 -0.009508 -0.102041 -0.106739 -0.047599 0.052421 0.036150 0.110818 0.258411 -0.012663 -0.014120 -0.050452
-0.305192 -0.124605 0.051942 0.251025 0.368925 0.342543 0.018860 0.232988 -0.060794 0.201314 0.392281 0.908053 0.438397 1.000000 0.347528 0.652183 -0.272375 0.396226 -0.012599 0.012211 0.046990 -0.044395 0.326468 0.425188 0.188866 0.109810 0.177805 0.126416 0.013687 -0.031335 0.272131 0.161308 -0.174473 -0.158852 0.145134 0.352948 -0.174392 -0.263754 -0.455002 -0.077313 -0.237149 0.078679 0.013551 0.083104 0.138210 0.035763 -0.105860 0.130836 0.150919 0.083878 0.299435 0.305368 0.104396 0.042818 -0.223401 -0.372160 -0.402192 -0.312325 -0.153617 -0.238602 0.089156 0.365212 -0.116523 0.144081 0.532025 0.395017 -0.448710 -0.152993 -0.253865 -0.387212 -0.189636 -0.064473 -0.246882 -0.225629 -0.048014 0.038052 -0.372467 -0.157767 -0.417682 -0.066276 -0.362625 -0.193212 0.344863 0.043257 0.080132 -0.429881 0.333431 -0.252494 0.090893 -0.165144 -0.214957 -0.320119 0.236202 0.023708 -0.290598 -0.227687 -0.166135 -0.250621 -0.236869 -0.336087 -0.034433 -0.050708 -0.086989 -0.299596 -0.301164 -0.394707 -0.108585 -0.267334 -0.218829 -0.286216 -0.124210 -0.218048 0.073624 -0.232909 -0.276635 -0.379194
-0.185366 0.151927 -0.122060 0.063455 0.144476 -0.300142 -0.114009 -0.102122 -0.090008 -0.049252 0.642937 0.339946 0.499221 0.347528 1.000000 0.267989 0.363030 0.308751 0.032808 0.086295 -0.018450 0.042600 0.267465 0.203893 0.151826 -0.082808 0.314706 0.088663 0.513737 -0.028640 0.002247 0.070177 -0.216305 -0.181079 0.037899 0.051118 0.051486 0.009983 -0.155367 0.069704 -0.014693 -0.013986 -0.071275 -0.169215 -0.111215 -0.202833 -0.057416 -0.121050 0.056154 0.119236 0.034398 0.237722 0.208703 0.246984 -0.200251 -0.055745 -0.152777 0.088204 -0.169178 0.164299 -0.270288 -0.071755 -0.115060 -0.015061 -0.011893 -0.192763 -0.206344 -0.193867 0.031873 0.122403 -0.109162 -0.119455 -0.011433 -0.070563 0.039479 -0.094898 -0.080661 -0.070555 -0.137535 0.035154 0.191857 0.090981 0.562573 0.093836 0.159604 -0.238992 0.456045 -0.149365 -0.134000 -0.170325 0.179840 0.042705 0.093896 0.051455 -0.004089 0.078579 0.022697 0.014311 0.005279 -0.115928 -0.057893 -0.156861 -0.039374 -0.089747 -0.057615 -0.088988 -0.220732 -0.180582 -0.034168 0.029872 0.008939 -0.052575 0.072297 -0.025232 -0.030351 -0.011208
-0.308017 -0.183566 0.099597 0.017912 -0.136347 0.310313 -0.139994 0.162308 -0.179283 0.669624 0.053630 0.652592 0.273045 0.652183 0.267989 1.000000 -0.078539 0.402434 -0.180713 -0.254470 -0.063109 -0.100901 -0.007516 0.078697 -0.036540 -0.002027 -0.133491 -0.277339 0.224144 0.277189 0.111853 0.072508 -0.157464 -0.125281 -0.037271 0.080446 0.136449 0.050689 -0.172034 0.074459 0.073201 0.101529 -0.066187 -0.144450 0.052731 -0.083605 -0.114452 -0.069026 0.198853 0.064520 0.107886 0.228580 0.234678 0.135519 -0.086910 -0.059261 -0.278700 -0.199840 0.020792 -0.152655 0.221853 0.330600 0.025518 0.223066 0.199297 0.233463 -0.354265 -0.132157 -0.181236 -0.363219 -0.088818 -0.082017 0.015044 -0.038175 -0.032630 0.122027 -0.122026 -0.001455 -0.144685 0.162540 -0.193546 -0.019343 0.176025 0.455948 -0.146642 -0.152297 0.005659 -0.195920 -0.029878 -0.018770 -0.210922 -0.197855 0.071995 -0.015712 -0.071250 -0.072902 -0.102254 -0.083875 -0.127928 -0.139160 -0.080425 0.019148 -0.101523 -0.260042 -0.187078 -0.229442 -0.114653 -0.077235 -0.084623 -0.120429 -0.180155 -0.262222 -0.174189 -0.174958 -0.144238 -0.241653
0.235486 0.407742 -0.217211 -0.353270 -0.354293 -0.358588 -0.017504 -0.321313 -0.219121 -0.032065 0.292120 -0.142949 0.051059 -0.272375 0.363030 -0.078539 1.000000 0.225729 0.279004 0.133819 -0.305383 -0.246089 -0.372203 -0.384593 -0.489124 -0.510145 -0.292283 -0.359308 0.533635 0.231088 -0.474654 -0.273018 0.207048 0.101469 -0.206897 -0.525065 0.029892 0.421406 0.265791 0.074604 0.139349 0.097608 -0.140921 -0.334018 -0.060314 -0.083709 -0.042428 -0.279929 -0.178302 0.108927 -0.379395 -0.086100 0.143985 0.194728 -0.173321 0.302053 0.250024 0.342936 0.071997 0.327670 -0.115491 -0.285111 0.338328 0.156625 -0.570410 -0.514650 0.228307 -0.119048 0.256252 0.267988 0.008860 -0.135431 0.517991 0.231301 0.231283 -0.146811 0.198707 0.055673 0.391872 0.288142 0.605842 0.452990 0.118759 0.213534 -0.038569 0.156753 0.021340 0.090709 -0.360453 0.108574 0.084674 0.156202 -0.326650 0.011965 0.077993 0.271355 -0.044280 0.134043 -0.004676 0.070297 -0.068297 -0.028770 -0.012426 0.092026 0.077529 0.199671 -0.278659 0.192149 0.049515 0.190200 -0.195717 0.006504 0.065551 -0.002570 0.020952 0.178230
-0.132151 0.329803 -0.053071 -0.349221 -0.107902 0.206902 -0.050347 -0.274222 -0.056457 0.179746 0.163286 0.465346 0.158516 0.396226 0.308751 0.402434 0.225729 1.000000 -0.011885 -0.266616 -0.189589 -0.280172 -0.304183 -0.349220 -0.196273 -0.226486 -0.277523 -0.294638 0.388018 0.676117 -0.144204 -0.135443 0.047177 0.055602 -0.197957 -0.246659 -0.042701 0.187862 -0.047596 -0.115687 0.203393 0.217819 -0.092858 -0.164876 0.196767 0.225668 0.075085 -0.224425 0.076595 0.355492 -0.313540 0.025207 0.175227 0.258156 -0.245855 0.191607 -0.205905 0.243268 -0.190618 0.097117 -0.161026 -0.037209 0.058425 0.496374 -0.315642 -0.287757 -0.103733 -0.187943 0.022767 -0.110564 -0.001905 -0.115806 0.311766 0.242419 0.007103 -0.177361 -0.031864 -0.090165 0.119196 0.461217 0.206317 0.534755 -0.018782 0.514373 -0.449044 -0.452345 -0.076408 -0.268091 -0.469016 -0.247377 -0.195577 0.078166 -0.133377 0.146477 0.140039 0.346436 0.015595 0.232425 0.058367 0.154673 0.041950 0.122321 0.000576 -0.044990 -0.088697 -0.044541 -0.222633 0.005358 0.165841 0.173901 -0.197701 0.046507 0.395217 0.017837 -0.053022 0.032109
0.457344 0.361657 0.016935 0.051208 0.091701 -0.242795 0.133830 -0.075139 0.164890 -0.219756 0.326324 -0.065605 0.054491 -0.012599 0.032808 -0.180713 0.279004 -0.011885 1.000000 0.623522 -0.117024 -0.015480 -0.020988 -0.018448 -0.057097 -0.130821 -0.185344 -0.189693 0.140569 0.012007 0.047857 -0.210508 0.356588 0.303285 -0.208231 -0.161641 -0.253245 0.160518 0.041186 0.136877 -0.081202 0.146077 -0.088630 -0.190767 -0.125003 -0.184669 -0.156739 -0.081375 -0.366746 -0.094642 -0.198663 -0.092521 -0.188120 0.056136 -0.337100 -0.074739 0.126241 0.114685 0.144724 0.383220 -0.164771 -0.212478 -0.094307 0.024922 -0.107897 -0.113027 0.387864 0.065924 0.413731 0.257873 -0.072955 -0.001256 0.208820 0.133285 0.372922 0.044539 0.127740 0.050153 0.080846 0.150889 0.161571 0.151705 0.060991 -0.095294 0.003115 0.032578 0.142087 0.063483 -0.096955 0.231867 0.034390 -0.212798 -0.371196 -0.249838 -0.221970 -0.031233 -0.426270 -0.160175 -0.300744 -0.179701 -0.401072 -0.267790 -0.365173 -0.260381 -0.206828 -0.126464 0.124226 -0.105115 -0.179853 -0.061053 -0.243577 -0.171087 -0.108384 -0.331212 -0.234694 -0.179739
0.569782 0.321128 -0.099340 0.108574 0.345081 -0.083667 0.148726 -0.154136 0.074359 -0.217480 0.434132 -0.073058 0.145669 0.012211 0.086295 -0.254470 0.133819 -0.266616 0.623522 1.000000 0.040377 0.142725 0.338415 0.346988 0.051988 -0.161958 0.209606 0.091120 -0.071300 -0.345992 0.033794 -0.102677 0.312891 0.184711 0.239080 0.141029 -0.105678 0.015671 -0.019328 0.344843 -0.147207 0.133386 -0.027862 -0.106616 -0.257111 -0.275726 -0.336815 -0.011098 -0.280813 -0.142429 0.061585 -0.106111 -0.316962 -0.140685 -0.213428 -0.301263 0.327980 0.161881 0.124718 0.176419 -0.186100 -0.162714 -0.218548 -0.306424 0.166658 -0.083144 0.259045 0.112507 0.404857 0.478074 0.027947 0.215262 -0.119607 -0.079645 0.122465 0.096104 0.074767 0.188046 -0.024705 -0.060534 0.113323 -0.087593 0.209685 -0.378599 0.254441 0.147974 0.315311 0.125008 0.248315 0.271293 0.207691 -0.229352 -0.212636 -0.263496 -0.429795 -0.349056 -0.541908 -0.317473 -0.441513 -0.388960 -0.449276 -0.240490 -0.403573 -0.299510 -0.332365 -0.277997 0.141823 -0.267970 -0.373670 -0.268242 -0.085382 -0.127280 -0.152937 -0.415604 -0.313775 -0.347122
0.161398 -0.038592 -0.329277 0.269458 0.146503 -0.108810 -0.392021 -0.099637 0.060114 -0.261221 0.015324 -0.056354 -0.067319 0.046990 -0.018450 -0.063109 -0.305383 -0.189589 -0.117024 0.040377 1.000000 0.612251 0.400277 0.327566 0.352453 0.233156 0.351269 0.360823 -0.223646 -0.183904 0.335807 0.201176 0.016347 0.036523 0.399759 0.421069 -0.006157 -0.015887 -0.239372 0.042205 -0.227115 0.277987 0.164478 0.300327 -0.139057 -0.058357 0.103430 0.354598 -0.075181 -0.078532 0.237678 0.026396 -0.086603 -0.265445 -0.010833 -0.427838 0.231297 -0.002282 -0.362208 -0.236257 -0.337007 0.027780 -0.160023 -0.146598 0.311996 0.142484 -0.314023 -0.097118 0.115313 -0.141684 0.361358 0.328886 -0.171963 0.055567 0.033160 0.338175 0.154316 0.349857 -0.060409 -0.210570 -0.074906 -0.086470 0.050176 -0.235005 0.334012 0.127116 0.072693 -0.353591 0.288744 -0.287223 0.093534 -0.098012 0.203041 -0.027534 -0.227031 -0.348777 -0.061825 -0.289251 -0.158247 -0.319808 0.078113 -0.032508 0.047967 -0.056860 -0.046340 -0.075651 0.122238 -0.122134 -0.099809 -0.246130 0.078622 -0.035853 -0.135681 -0.033094 -0.052830 -0.133987
0.177697 -0.043827 -0.164600 0.340102 0.014331 -0.231960 -0.207525 -0.069464 0.142656 -0.262990 -0.025049 -0.194932 0.007393 -0.044395 0.042600 -0.100901 -0.246089 -0.280172 -0.015480 0.142725 0.612251 1.000000 0.489420 0.369634 0.420423 0.260116 0.308355 0.295853 -0.330979 -0.332007 0.338416 0.119855 0.121309 0.080515 0.371255 0.417142 0.345809 -0.047038 -0.117622 0.151784 0.048755 0.209235 -0.002837 0.169477 -0.305735 -0.158209 -0.148311 0.322968 -0.135718 -0.142712 0.212069 -0.033975 -0.146372 -0.273070 0.017933 -0.345718 0.279422 -0.020880 -0.088161 -0.200245 -0.077781 -0.040657 -0.255961 -0.235252 0.208535 0.131031 -0.138925 -0.011457 0.248598 0.057954 0.262859 0.453573 -0.180578 0.089019 0.192685 0.397158 0.252360 0.443149 -0.194600 -0.192949 -0.135707 -0.225615 0.170350 -0.282263 0.220216 0.047236 0.167551 -0.379337 0.312240 -0.207469 0.035052 -0.123497 0.223606 -0.035436 -0.214222 -0.416982 -0.099397 -0.297251 -0.214391 -0.309136 0.008765 0.081530 0.037380 0.029486 0.079327 -0.075755 0.103230 -0.283962 -0.301755 -0.242501 0.232794 -0.071012 -0.116037 -0.023241 0.062166 -0.176752
-0.080032 -0.309775 0.131718 0.497022 0.440481 0.004986 -0.068387 0.161275 0.049595 -0.218740 0.348941 0.128609 0.258698 0.326468 0.267465 -0.007516 -0.372203 -0.304183 -0.020988 0.338415 0.400277 0.489420 1.000000 0.852358 0.574318 0.320960 0.661313 0.535895 -0.401618 -0.680824 0.484894 0.324549 -0.131011 -0.305055 0.495955 0.593647 -0.064129 -0.391511 -0.240956 0.061897 -0.416336 -0.013729 0.054796 0.246240 -0.232617 -0.333484 -0.105362 0.291306 0.100770 -0.045641 0.558160 0.261409 -0.130993 -0.218408 -0.032733 -0.478652 -0.089189 -0.266401 -0.030182 -0.159579 -0.062769 0.006090 -0.419720 -0.467784 0.620075 0.340828 -0.232125 0.085023 -0.175070 -0.019281 0.000799 0.233494 -0.623071 -0.275328 -0.132643 0.080377 -0.177376 0.049338 -0.497620 -0.295469 -0.476411 -0.518254 0.306246 -0.524282 0.412301 -0.127120 0.412801 -0.080399 0.590245 0.037369 0.107889 -0.153701 0.317949 -0.008474 -0.405150 -0.461855 -0.111260 -0.433988 -0.309422 -0.448550 -0.139471 -0.096105 -0.141796 -0.230947 -0.244494 -0.299042 0.182299 -0.441456 -0.336495 -0.364138 0.224962 -0.100829 -0.170475 -0.232981 -0.208678 -0.364301
-0.135852 -0.402186 -0.038312 0.630597 0.463907 0.025377 -0.079950 0.302842 0.054243 -0.178577 0.406761 0.234361 0.273699 0.425188 0.203893 0.078697 -0.384593 -0.349220 -0.018448 0.346988 0.327566 0.369634 0.852358 1.000000 0.557021 0.420870 0.632415 0.611639 -0.347983 -0.617621 0.441561 0.445528 -0.202947 -0.268523 0.525618 0.528121 -0.103820 -0.414283 -0.286110 0.075003 -0.396403 -0.050373 0.019409 0.193595 -0.130925 -0.294075 -0.158677 0.277524 0.027010 -0.142279 0.531335 0.239686 -0.195256 -0.167966 -0.062273 -0.480796 -0.208863 -0.448062 -0.188533 -0.234533 -0.086123 0.109755 -0.294706 -0.422158 0.757111 0.488390 -0.389625 0.070810 -0.255049 -0.098365 -0.029130 0.277614 -0.623470 -0.337092 -0.138076 0.082225 -0.275135 0.038946 -0.458986 -0.388290 -0.509320 -0.596956 0.391252 -0.474988 0.496351 -0.096271 0.466771 -0.034734 0.521545 0.039828 0.139063 -0.246890 0.387788 -0.111668 -0.427940 -0.461827 -0.219391 -0.412799 -0.341676 -0.467569 -0.156396 -0.184601 -0.144322 -0.265943 -0.219860 -0.257916 0.105850 -0.362401 -0.297633 -0.377629 0.116392 -0.117667 -0.118467 -0.239871 -0.225285 -0.344880
-0.228566 -0.252216 0.044881 0.614596 0.380140 -0.088954 0.000858 0.318698 0.338016 -0.239968 0.130349 0.017019 0.125345 0.188866 0.151826 -0.036540 -0.489124 -0.196273 -0.057097 0.051988 0.352453 0.420423 0.574318 0.557021 1.000000 0.786909 0.516909 0.498887 -0.225640 -0.289083 0.666158 0.619658 -0.241386 -0.045967 0.232236 0.430609 -0.102014 -0.599972 -0.348349 -0.047900 -0.076000 -0.131371 0.070531 0.129700 -0.152679 -0.264364 -0.010304 0.142126 -0.122278 -0.174037 0.235805 -0.026339 -0.163851 -0.085403 0.041796 -0.243114 -0.196004 -0.262954 -0.229517 -0.175699 -0.168096 -0.011719 -0.379292 -0.263140 0.458988 0.427902 -0.277455 -0.136342 -0.191755 -0.149034 -0.072077 0.125490 -0.497172 -0.201033 -0.206914 0.024596 -0.151075 -0.127326 -0.414384 -0.375692 -0.432966 -0.420410 0.184464 -0.112692 0.139980 -0.260875 0.256128 -0.088773 0.174002 -0.193092 0.086700 -0.123529 0.403456 -0.011352 0.016880 -0.169324 0.097170 -0.027225 0.048463 -0.101171 0.030890 -0.047106 -0.031727 -0.059070 -0.048900 -0.104483 0.129455 -0.262389 0.047407 -0.089189 0.241147 0.054357 -0.022667 -0.012722 -0.056049 -0.148368
-0.391642 -0.416291 0.049323 0.647872 0.184143 -0.032442 -0.053099 0.533955 0.289242 -0.089912 -0.135664 -0.049947 -0.201389 0.109810 -0.082808 -0.002027 -0.510145 -0.226486 -0.130821 -0.161958 0.233156 0.260116 0.320960 0.420870 0.786909 1.000000 0.236301 0.383455 -0.202878 -0.115088 0.652353 0.723530 -0.253268 0.038855 0.106800 0.341813 -0.093086 -0.495902 -0.340376 -0.148199 -0.031819 -0.107961 -0.102047 -0.004432 -0.010837 -0.088299 -0.012795 -0.022577 -0.176802 -0.236607 0.157866 -0.131283 -0.131089 -0.031188 -0.034149 -0.159024 -0.290843 -0.377398 -0.354612 -0.188547 -0.067987 0.186844 -0.170386 -0.078695 0.392800 0.550251 -0.279786 -0.038341 -0.414103 -0.292180 -0.084156 0.074728 -0.390457 -0.065790 -0.208465 -0.080539 -0.119318 -0.105524 -0.334978 -0.352403 -0.363032 -0.319110 0.075990 0.080642 0.126899 -0.158730 0.005198 0.016313 0.066430 -0.098532 -0.067670 -0.198818 0.400675 -0.081315 0.067980 -0.068374 0.105521 0.039046 0.146773 0.005058 0.081782 -0.084287 -0.005986 -0.079992 -0.024200 -0.057201 0.185698 -0.144122 0.131729 -0.028967 0.119198 -0.018395 -0.123516 0.047451 -0.017739 -0.069110
-0.007630 -0.317089 -0.077918 0.243336 0.418378 -0.096587 -0.108714 -0.029871 0.012291 -0.410024 0.446167 0.092574 0.370189 0.177805 0.314706 -0.133491 -0.292283 -0.277523 -0.185344 0.209606 0.351269 0.308355 0.661313 0.632415 0.516909 0.236301 1.000000 0.752309 -0.120274 -0.541617 0.140802 0.188401 -0.274903 -0.503958 0.384741 0.497119 0.060204 -0.330226 -0.045143 0.022979 -0.173072 -0.282190 0.047309 0.170996 -0.340163 -0.356491 0.050441 0.158015 0.055754 -0.192352 0.211951 0.075403 -0.275828 -0.204448 0.207929 -0.143787 -0.054119 -0.259965 -0.156735 -0.264486 -0.190126 -0.143014 -0.393820 -0.569245 0.433808 0.180018 -0.342181 -0.131435 -0.014813 0.072526 -0.238536 -0.074322 -0.637591 -0.469554 -0.315444 -0.133598 -0.328626 -0.271053 -0.234564 -0.395736 -0.240668 -0.372743 0.432540 -0.413438 0.462933 -0.156181 0.420429 0.062933 0.432252 -0.209013 0.230029 0.184500 0.407902 0.215354 0.059818 -0.077052 0.199418 0.053002 0.042983 0.001015 0.135944 -0.021004 0.255392 0.208526 0.221201 0.157209 -0.164073 -0.101914 0.147477 0.110502 0.516405 0.243558 0.146102 0.169149 0.228654 0.144673
-0.022747 -0.372842 -0.084667 0.508660 0.416198 0.044245 -0.127486 0.183308 0.163500 -0.494516 0.189695 0.062858 0.072692 0.126416 0.088663 -0.277339 -0.359308 -0.294638 -0.189693 0.091120 0.360823 0.295853 0.535895 0.611639 0.498887 0.383455 0.752309 1.000000 -0.276873 -0.486025 0.199897 0.298016 -0.140210 -0.282385 0.440058 0.355832 -0.217299 -0.384879 0.045246 -0.158778 -0.358909 -0.180378 0.164480 0.211880 -0.138037 -0.234957 0.093838 0.240684 -0.007041 -0.204849 0.378558 0.086510 -0.180803 -0.159266 0.198778 -0.304515 -0.013460 -0.355326 -0.240187 -0.329789 -0.068692 -0.009804 -0.203190 -0.273760 0.469458 0.297741 -0.292142 -0.018613 -0.128308 -0.031848 0.001274 0.151944 -0.600322 -0.220741 -0.145459 -0.066937 -0.138072 -0.207935 -0.167344 -0.398240 -0.255656 -0.426865 0.224739 -0.482333 0.477766 -0.214152 0.392425 -0.080736 0.466959 -0.118149 0.161999 0.011053 0.423999 -0.034053 -0.082132 -0.142431 0.108158 -0.109947 -0.021961 -0.125752 0.169085 -0.135303 0.158931 0.041112 0.061274 -0.028686 -0.047841 -0.193090 0.017739 -0.123768 0.331010 0.145061 0.098586 0.010390 0.028552 -0.020524
-0.056696 0.269551 -0.238551 -0.379772 -0.188313 -0.285088 -0.135136 -0.269505 -0.069935 0.114323 0.348801 0.114828 0.284984 0.013687 0.513737 0.224144 0.533635 0.388018 0.140569 -0.071300 -0.223646 -0.330979 -0.401618 -0.347983 -0.225640 -0.202878 -0.120274 -0.276873 1.000000 0.591478 -0.146925 0.048975 -0.098761 0.064757 -0.306003 -0.448199 0.119979 0.445195 0.082363 -0.033333 0.262139 0.050285 -0.198694 -0.471961 -0.079646 -0.267234 0.012736 -0.449668 -0.235920 -0.019133 -0.522685 -0.141142 0.093657 0.316780 -0.074843 0.368247 -0.144706 0.259385 -0.189688 0.176204 -0.338194 -0.179329 0.222626 0.209746 -0.387928 -0.435827 -0.099066 -0.405224 0.172122 0.165611 -0.122624 -0.344232 0.448411 0.091181 -0.021366 -0.215896 0.114937 -0.126406 0.430416 0.307560 0.587181 0.579461 0.210362 0.622023 0.015020 -0.041729 -0.087465 -0.012960 -0.412732 -0.122212 0.018415 0.098520 -0.155492 0.043074 0.385335 0.502154 0.169430 0.411364 0.141210 0.220862 -0.026229 -0.030793 0.026063 -0.021268 0.039736 0.163798 -0.218130 0.145802 0.276288 0.405949 -0.113361 0.116169 0.195100 0.069190 0.044671 0.242477
-0.053199 0.342655 -0.159792 -0.418243 -0.320844 -0.003393 -0.021741 -0.266582 0.059218 0.251082 -0.177556 0.049332 -0.098081 -0.031335 -0.028640 0.277189 0.231088 0.676117 0.012007 -0.345992 -0.183904 -0.332007 -0.680824 -0.617621 -0.289083 -0.115088 -0.541617 -0.486025 0.591478 1.000000 -0.053458 0.001931 0.177265 0.420555 -0.367209 -0.485009 0.111882 0.409197 0.059614 -0.148545 0.380327 0.290550 -0.147955 -0.311863 0.209215 0.163258 0.070223 -0.355588 -0.213980 0.105567 -0.549812 -0.274391 0.086908 0.304021 -0.173856 0.352833 -0.147194 0.277068 -0.241863 0.071736 -0.264643 -0.113234 0.386497 0.589662 -0.464004 -0.373693 0.028239 -0.324723 0.091732 -0.052016 0.117359 -0.171148 0.669065 0.398231 0.122520 -0.065796 0.235736 0.003883 0.418294 0.514253 0.473278 0.712831 -0.250909 0.808217 -0.405107 -0.076473 -0.424774 -0.173843 -0.592944 -0.241125 -0.253531 -0.058356 -0.287711 -0.024074 0.365710 0.442991 0.052984 0.363658 0.123348 0.261354 0.031770 0.101660 -0.039995 -0.063173 -0.021647 0.108821 -0.118662 0.110457 0.271895 0.296825 -0.297129 0.048357 0.186731 0.025430 -0.044073 0.136158
-0.252568 -0.209284 0.121111 0.579580 0.305943 -0.028107 0.032620 0.324990 0.293794 -0.002862 -0.058955 0.040397 -0.033909 0.272131 0.002247 0.111853 -0.474654 -0.144204 0.047857 0.033794 0.335807 0.338416 0.484894 0.441561 0.666158 0.652353 0.140802 0.199897 -0.146925 -0.053458 1.000000 0.726119 0.031555 0.252876 0.122500 0.359586 -0.161010 -0.378865 -0.450832 -0.222842 -0.210755 0.188027 0.032742 0.096873 0.037682 -0.148533 -0.089211 0.064612 -0.254383 -0.156070 0.262428 -0.098724 -0.139437 -0.031235 -0.158382 -0.439845 -0.286446 -0.233526 -0.293880 -0.221002 -0.176160 0.103256 -0.082141 0.046720 0.436056 0.364050 -0.233548 -0.199709 -0.283703 -0.276893 0.165454 0.254931 -0.191040 0.069661 0.001546 0.167914 -0.027138 0.138581 -0.278604 -0.176966 -0.273409 -0.196793 -0.029859 0.099243 0.172861 -0.101343 -0.010515 -0.259674 0.175870 -0.171095 -0.205920 -0.447789 0.191170 -0.202178 -0.159931 -0.230473 -0.118916 -0.249135 -0.209600 -0.326705 -0.109107 -0.001255 -0.242386 -0.394733 -0.377643 -0.394287 0.291486 -0.470513 -0.202815 -0.293153 -0.099409 -0.177250 -0.283303 -0.312974 -0.346795 -0.426987
-0.371930 -0.333067 -0.043579 0.511528 0.174008 -0.079897 -0.021544 0.313310 0.066280 -0.024568 -0.015298 0.006212 -0.038104 0.161308 0.070177 0.072508 -0.273018 -0.135443 -0.210508 -0.102677 0.201176 0.119855 0.324549 0.445528 0.619658 0.723530 0.188401 0.298016 0.048975 0.001931 0.726119 1.000000 -0.262946 0.160710 0.142725 0.176916 -0.115017 -0.354597 -0.365716 -0.281049 -0.074482 0.018411 -0.109368 -0.137277 0.078856 -0.225900 -0.095103 -0.190276 -0.333550 -0.325435 0.107632 -0.264881 -0.102716 -0.020857 0.047218 -0.201691 -0.326714 -0.334025 -0.405120 -0.236578 -0.196178 0.158570 0.096677 0.084127 0.367963 0.312275 -0.349370 -0.260628 -0.456308 -0.237688 0.080418 0.101605 -0.239243 -0.056954 -0.197210 -0.026114 -0.132498 -0.004356 -0.121010 -0.256941 -0.070090 -0.119086 0.100263 0.247031 0.318767 0.000276 0.045962 -0.097112 0.085164 -0.104280 -0.083781 -0.305054 0.259146 -0.110286 0.050512 -0.031620 0.065176 0.036260 0.026622 -0.122640 0.006289 0.031741 -0.096415 -0.224100 -0.203910 -0.136606 0.187015 -0.214535 0.072262 -0.111284 -0.060371 -0.069721 -0.093399 -0.104399 -0.222536 -0.188817
0.466583 0.372295 -0.086557 0.041381 -0.098378 -0.117153 0.051281 -0.248317 0.111100 -0.146732 -0.124702 -0.186936 -0.138843 -0.174473 -0.216305 -0.157464 0.207048 0.047177 0.356588 0.312891 0.016347 0.121309 -0.131011 -0.202947 -0.241386 -0.253268 -0.274903 -0.140210 -0.098761 0.177265 0.031555 -0.262946 1.000000 0.595971 0.082017 -0.255445 0.005473 0.221376 0.155445 -0.136096 0.018324 0.389748 0.003659 0.004294 0.073447 0.007912 -0.022695 0.008245 -0.326590 -0.010772 -0.039548 -0.181905 0.044857 0.094372 -0.105726 -0.185673 0.269509 0.235770 0.028610 0.081736 -0.052814 -0.283858 0.452363 0.335313 -0.250891 -0.290017 0.390839 -0.115972 0.376508 0.277719 0.298022 0.169877 0.406952 0.421476 0.391350 0.291496 0.434923 0.268869 0.257754 0.252368 0.315167 0.293020 -0.235045 0.014240 -0.030429 0.088467 -0.005912 -0.219378 -0.060888 0.005647 -0.191484 -0.304130 -0.384339 -0.404109 -0.227077 -0.116866 -0.265510 -0.252592 -0.307980 -0.231059 -0.264671 -0.104334 -0.257561 -0.295505 -0.233114 -0.212416 0.167462 -0.327792 -0.315237 -0.192869 -0.239545 -0.230575 -0.191286 -0.419736 -0.353468 -0.304488
0.260930 0.452380 -0.105234 0.125165 -0.115161 -0.167855 0.170012 -0.087150 0.170517 -0.042127 -0.246550 -0.163734 -0.224535 -0.158852 -0.181079 -0.125281 0.101469 0.055602 0.303285 0.184711 0.036523 0.080515 -0.305055 -0.268523 -0.045967 0.038855 -0.503958 -0.282385 0.064757 0.420555 0.252876 0.160710 0.595971 1.000000 0.013154 -0.151419 -0.006341 0.098618 -0.089153 -0.029054 0.122234 0.461431 0.011962 -0.062655 0.303140 0.207471 -0.219445 -0.066822 -0.454831 -0.145152 -0.154642 -0.385372 -0.039654 -0.063616 -0.239298 -0.281889 0.135506 0.225657 -0.134590 0.085447 -0.154423 -0.009412 0.457654 0.592486 -0.154036 -0.143337 0.292492 -0.162512 0.206554 0.082452 0.333176 0.212187 0.615309 0.476544 0.455101 0.466751 0.470838 0.415735 0.200514 0.131696 0.338355 0.270028 -0.203219 0.284233 -0.137609 0.131742 -0.099597 -0.202890 -0.266148 -0.046419 -0.374533 -0.574098 -0.456155 -0.508459 -0.155430 -0.105866 -0.309038 -0.181003 -0.264931 -0.250486 -0.313516 -0.212008 -0.468120 -0.424871 -0.354518 -0.298921 0.192132 -0.289831 -0.238555 -0.297270 -0.374976 -0.350099 -0.310490 -0.408778 -0.449938 -0.365360
0.218895 -0.087335 -0.189566 0.311483 0.114721 0.115113 -0.304396 -0.051303 -0.172738 -0.240337 0.133321 0.044923 0.036506 0.145134 0.037899 -0.037271 -0.206897 -0.197957 -0.208231 0.239080 0.399759 0.371255 0.495955 0.525618 0.232236 0.106800 0.384741 0.440058 -0.306003 -0.367209 0.122500 0.142725 0.082017 0.013154 1.000000 0.501472 0.088399 -0.169069 0.037129 0.090235 -0.269023 0.020860 0.154870 0.348492 0.052538 0.008250 -0.058535 0.388481 -0.028497 -0.067067 0.388183 -0.049591 -0.327845 -0.477710 0.057092 -0.480396 0.198043 -0.044597 -0.255198 -0.415708 -0.023353 0.029764 -0.064357 -0.138145 0.470774 0.233792 -0.244082 0.043730 -0.020653 0.044708 0.176505 0.264505 -0.203444 -0.195576 -0.014743 0.246173 0.076379 0.255869 -0.158067 -0.203757 -0.192142 -0.317811 0.252299 -0.396632 0.347365 0.006366 0.350628 -0.052379 0.369221 -0.128373 0.009641 -0.186460 0.209003 -0.127318 -0.325010 -0.383801 -0.082370 -0.374942 -0.362503 -0.402905 -0.029245 -0.147663 -0.057920 -0.182007 -0.167570 -0.222957 0.051525 -0.169037 -0.294877 -0.386330 0.307457 -0.103206 -0.065570 -0.206998 -0.182629 -0.312626
-0.136788 -0.194617 0.065456 0.374991 0.298312 0.176316 -0.064036 0.314452 -0.006593 -0.031672 0.079996 0.222632 0.043424 0.352948 0.051118 0.080446 -0.525065 -0.246659 -0.161641 0.141029 0.421069 0.417142 0.593647 0.528121 0.430609 0.341813 0.497119 0.355832 -0.448199 -0.485009 0.359586 0.176916 -0.255445 -0.151419 0.501472 1.000000 0.166859 -0.412014 -0.323717 0.255942 -0.241809 -0.054825 0.025328 0.373888 -0.123410 0.129160 -0.250018 0.317958 0.046034 -0.122118 0.384038 0.045998 -0.306919 -0.479615 -0.006078 -0.576858 -0.089578 -0.226296 -0.220344 -0.332366 0.069357 0.384696 -0.432804 -0.212133 0.659482 0.611837 -0.347648 0.106374 -0.206105 -0.261930 -0.070876 0.144592 -0.414537 -0.276913 -0.098610 0.135872 -0.189898 0.163573 -0.528745 -0.392027 -0.441798 -0.501491 0.290924 -0.395370 0.266084 -0.040979 0.225361 -0.027579 0.420655 -0.113200 -0.055921 -0.249046 0.349392 0.028377 -0.310212 -0.485865 -0.166471 -0.356203 -0.265377 -0.352721 0.054250 -0.103931 0.057631 -0.072068 -0.111836 -0.220514 0.159074 -0.186782 -0.253266 -0.394527 0.271148 -0.114411 -0.154936 -0.060576 0.026000 -0.288951
