1.000000 0.015337 0.218553 -0.222966 -0.146846 0.041710 0.265464 -0.322926 0.031550 -0.033896 0.226192 -0.110942 0.535310 0.172437 0.303468 0.202114 -0.232127 -0.412082 0.306714 0.049672 0.015335 0.264790 -0.246227 -0.299528 -0.174934 -0.339246 0.063398 -0.001615 -0.209453 -0.529238 -0.397623 -0.540506 -0.069429 -0.278370 -0.131643 0.051022 -0.121324 -0.471801 0.031655 -0.235773 -0.168298 -0.062326 0.128248 0.049225 0.128155 -0.042943 0.129361 0.146725 0.430818 0.143321 0.271702 0.150119 0.493050 0.052029 0.228102 0.047057 -0.152674 -0.356238 0.500913 0.438487 0.364910 0.192584 0.074330 -0.044056 -0.338693 -0.335702 0.253628 0.242731 -0.022148 0.349373 -0.304515 -0.482993 -0.338748 -0.452409 -0.362269 -0.496101 -0.502098 -0.527426 -0.425331 -0.524292 -0.332653 -0.557172 0.043493 -0.070709 -0.415314 -0.230991 -0.197600 -0.191200 -0.088345 0.240471 0.280973 0.194785 -0.189215 0.134778 0.084031 -0.186836 0.074013 -0.016700 -0.008262 -0.030469 -0.004497 -0.010820 0.228657 0.403432 0.082656 0.214995 -0.056152 0.295371 0.087191 -0.201023 0.125305 -0.082139 0.280403 -0.131223 -0.072879 0.067401
0.015337 1.000000 -0.500762 0.322254 -0.401003 -0.264532 -0.499277 -0.007625 -0.032050 -0.328684 0.018796 0.398947 -0.018359 0.374876 -0.052476 0.221602 0.378355 0.488107 0.067647 0.125338 -0.179228 -0.185627 -0.281260 -0.225460 -0.277152 -0.238699 -0.181621 -0.085272 0.132561 0.230251 -0.206199 -0.288709 0.291275 0.134514 -0.179465 -0.297547 0.035825 0.342971 0.031829 -0.012333 0.064940 0.142533 -0.041943 -0.011854 -0.126244 -0.335380 0.084079 -0.344148 -0.158793 0.064224 0.046843 0.205558 0.256633 0.306687 0.296725 0.095680 0.274717 0.405986 -0.255645 0.162325 -0.088609 0.414543 0.181549 0.549276 -0.302741 0.125032 -0.209915 -0.577646 0.325304 -0.283230 -0.387785 0.142363 0.018874 0.205182 0.233298 0.091599 0.245126 -0.066019 0.230837 0.239808 0.111614 0.273826 0.116957 0.257851 0.122771 0.294783 0.072246 0.290319 -0.050752 0.327436 -0.369124 -0.480882 -0.274724 -0.335234 -0.413698 0.240332 -0.056458 -0.249920 0.300816 0.120857 0.058092 -0.209228 0.129358 0.021653 -0.030211 -0.179456 0.043153 0.157973 -0.327623 -0.057986 -0.296112 0.103281 0.455320 0.075782 -0.221674 0.093253
0.218553 -0.500762 1.000000 -0.206452 0.427202 0.203180 0.700472 0.086359 0.361049 0.099634 0.085067 -0.316025 0.236485 -0.203141 0.170937 -0.271989 -0.572532 -0.496357 0.248353 -0.429811 0.179718 0.272065 0.397690 -0.088975 0.418806 0.242062 -0.021816 -0.115183 -0.244106 -0.397237 0.290918 0.106091 0.012298 -0.102608 0.362618 0.274975 -0.224551 -0.478836 0.012110 0.025115 -0.082622 -0.258188 0.184758 0.080848 0.250000 0.195074 0.202274 0.086157 0.415227 0.094228 0.262902 0.162482 0.133117 -0.183559 0.013878 0.157920 -0.413825 -0.363897 0.278798 0.013903 0.100703 -0.252783 -0.364774 -0.420520 0.188935 -0.095809 0.343242 0.379231 -0.552283 0.013477 0.168037 -0.248052 -0.008650 -0.157138 -0.127344 -0.057464 -0.165158 -0.247704 -0.312761 -0.248978 -0.461191 -0.429635 -0.146389 -0.401531 -0.374545 -0.426666 -0.247078 -0.314544 -0.122273 -0.193548 0.011718 0.218001 -0.074355 0.262752 0.034518 -0.485835 0.163369 -0.151931 -0.179263 -0.158045 -0.010677 0.227051 -0.123244 0.110448 -0.101723 0.010209 -0.032994 -0.142569 0.040213 -0.353406 0.234145 -0.149319 -0.167870 -0.302344 0.067809 -0.315383
-0.222966 0.322254 -0.206452 1.000000 0.099622 0.105970 -0.342935 0.374013 0.002467 -0.256362 -0.026393 0.216027 -0.249022 0.219853 -0.180302 0.011897 0.004194 0.192137 0.046606 0.212571 -0.255992 -0.224054 0.192687 0.512674 0.134536 0.113356 0.155957 0.391572 -0.368822 0.123522 -0.167690 -0.169694 -0.013091 -0.183722 -0.204091 -0.121631 -0.186783 0.241658 -0.234842 -0.011591 -0.261396 -0.094204 -0.254448 0.000769 -0.398942 -0.124598 -0.027957 -0.394501 -0.207634 -0.224512 -0.052704 -0.038516 -0.063893 0.131743 0.372644 0.076087 -0.058196 0.159085 -0.336901 -0.007123 -0.298778 -0.057187 -0.121709 0.171721 0.022818 0.189490 -0.192069 -0.192614 0.212355 -0.015250 -0.289345 0.221288 -0.133417 0.325864 0.242384 0.081959 0.283936 0.017577 -0.013853 0.207726 -0.276731 -0.061732 -0.063913 0.275154 0.178288 0.486020 -0.005137 0.308890 -0.008631 0.418783 -0.285470 -0.493290 0.313445 -0.255271 -0.366877 -0.004404 -0.094798 0.014515 0.076627 -0.227995 0.021150 -0.269595 0.000102 -0.021199 0.093176 -0.048383 -0.026712 -0.212692 -0.174106 0.225290 -0.228879 -0.182789 0.215625 0.278027 0.143003 -0.032984
-0.146846 -0.401003 0.427202 0.099622 1.000000 0.466036 0.313038 0.020368 0.566938 0.043251 -0.003271 -0.335033 -0.025838 -0.178858 0.017184 -0.264171 -0.323281 -0.194201 0.091677 -0.076347 0.235699 0.152363 0.384115 0.368783 0.370338 0.189278 0.465292 0.377540 -0.306393 -0.162588 0.032789 0.044195 -0.383188 -0.286326 0.038376 0.148573 -0.210924 -0.306895 -0.088728 -0.098690 -0.188683 -0.327367 0.121174 0.032161 0.037404 0.105894 0.147568 0.189431 0.147415 -0.032629 0.156296 0.049198 -0.008046 0.066253 -0.048232 0.184495 -0.209910 -0.088979 0.016979 -0.179293 -0.000971 -0.267543 -0.294277 -0.328485 0.433408 -0.069809 -0.059803 0.161534 -0.211175 0.059668 0.271743 -0.196938 -0.107063 -0.162734 -0.086433 0.044558 -0.098759 -0.126768 -0.181402 -0.065439 -0.305241 -0.141558 -0.391220 -0.295865 -0.015359 -0.052753 -0.227579 -0.199962 -0.114491 0.041289 0.042170 0.050005 0.164098 0.089732 -0.074374 -0.247662 -0.126393 -0.153565 0.091141 -0.023004 -0.177547 0.109949 -0.212536 -0.049492 -0.160009 0.088529 -0.101292 -0.350775 0.350506 -0.056886 0.022910 -0.142777 -0.140283 -0.012580 0.127493 -0.325381
0.041710 -0.264532 0.203180 0.105970 0.466036 1.000000 0.005254 0.322747 0.331925 0.466654 -0.075795 -0.100619 -0.107794 -0.001977 -0.120538 0.052157 -0.429704 -0.371803 -0.078584 0.025884 0.017220 0.040390 -0.122387 -0.013803 0.090359 0.326811 0.306374 0.469041 -0.497876 -0.137890 -0.264713 -0.124040 -0.531894 -0.039807 -0.071569 0.464652 -0.321566 -0.177145 0.034817 0.287520 -0.086693 -0.370458 0.027765 -0.011979 0.169182 0.375015 0.009471 0.249387 0.301157 0.177757 -0.005527 0.074842 -0.017281 -0.131712 -0.070301 0.097214 -0.191206 -0.195443 0.245570 0.187302 -0.132545 0.137748 -0.401089 -0.373702 -0.069549 0.265915 0.037421 0.273726 -0.149645 0.235307 0.069667 0.023877 -0.248469 -0.057065 -0.150022 0.027772 -0.256535 0.009312 -0.400508 -0.192585 -0.344945 -0.408037 -0.262090 -0.482090 -0.145990 -0.111023 -0.261860 0.032989 -0.023453 0.029820 0.155080 -0.121486 0.218424 -0.131387 -0.121123 0.010523 0.087631 -0.024939 -0.033043 -0.173001 -0.095512 -0.024236 0.125378 -0.011116 0.113098 0.063626 0.171763 -0.066539 0.264331 0.299658 -0.017609 -0.185793 -0.231821 0.009148 -0.109968 -0.128229
0.265464 -0.499277 0.700472 -0.342935 0.313038 0.005254 1.000000 -0.184334 0.345544 0.180135 0.384962 -0.246941 0.484881 -0.078874 0.491000 0.034728 -0.466475 -0.369419 0.244039 -0.265337 0.327453 0.211561 0.400668 -0.054013 0.305177 -0.010044 0.078144 -0.160341 -0.108639 -0.461933 0.175086 -0.020684 -0.011128 -0.106008 0.361044 0.271546 0.006473 -0.537603 0.125717 -0.212301 -0.127160 -0.147238 0.136779 -0.028101 0.242822 0.142039 0.153155 0.090780 0.248571 0.029061 0.098040 -0.025598 0.135793 -0.042333 -0.271628 -0.095353 -0.369486 -0.383218 0.313842 -0.188034 0.226955 -0.152734 -0.278092 -0.375973 0.333439 -0.062077 0.099243 0.189369 -0.447588 0.080157 0.214552 -0.317403 0.027169 -0.291372 -0.080385 -0.023335 -0.226837 -0.255534 -0.212143 -0.215874 -0.242168 -0.277766 -0.001710 -0.319297 -0.097866 -0.370256 -0.177511 -0.328494 0.089411 -0.115952 0.193101 0.416610 0.001832 0.451605 0.059960 -0.432431 -0.035480 -0.339874 -0.166789 -0.223009 0.002037 0.151424 -0.228078 -0.056369 -0.301245 -0.051734 -0.212079 -0.023307 -0.007635 -0.388800 0.179371 -0.191883 -0.103416 -0.226080 -0.068885 -0.214187
-0.322926 -0.007625 0.086359 0.374013 0.020368 0.322747 -0.184334 1.000000 0.146801 0.242388 -0.226399 0.248268 -0.261526 0.230394 -0.223549 0.109622 -0.050004 0.021447 -0.063751 0.014372 -0.405002 -0.321889 -0.179920 0.080074 -0.187744 0.120109 -0.357841 -0.137245 -0.059070 0.395765 0.157308 0.346221 0.049004 0.345873 -0.136088 -0.097438 -0.303924 -0.039512 -0.296005 0.273074 0.046049 -0.128481 -0.173787 -0.143615 -0.101749 0.034119 -0.070531 -0.203250 -0.091905 0.095332 -0.083352 0.018760 -0.388811 -0.270247 -0.212495 -0.078091 0.035904 -0.067102 -0.146517 0.124498 -0.077231 0.189275 -0.068531 0.105344 -0.054122 0.338074 0.109216 0.079206 -0.132722 -0.234750 0.216016 0.383162 0.151059 0.329582 0.122373 0.280493 0.191461 0.207866 -0.010652 0.102506 0.025960 -0.016443 0.118863 -0.041048 -0.191329 -0.057167 -0.159367 0.011078 -0.291980 -0.294642 -0.218793 -0.421786 0.160213 -0.235633 -0.201828 0.007856 -0.094317 0.003887 -0.208475 -0.254783 0.165305 0.059971 0.053964 -0.145172 -0.146817 -0.160061 0.149110 -0.083634 -0.197353 0.146521 -0.209043 -0.122301 -0.065408 -0.284015 -0.109416 0.053391
0.031550 -0.032050 0.361049 0.002467 0.566938 0.331925 0.345544 0.146801 1.000000 0.181881 0.161650 0.098021 0.283548 0.179225 0.268155 0.098341 -0.303315 -0.158117 0.084722 -0.103742 0.170414 -0.014566 0.117920 -0.015122 0.154150 0.067785 0.001694 -0.036559 -0.159318 -0.125287 -0.070903 -0.064696 -0.108608 -0.000485 -0.039368 0.199784 -0.238526 -0.299385 0.031171 -0.054125 -0.118020 -0.138803 0.020053 -0.063413 0.047719 0.012768 0.243746 0.137637 0.140349 0.225327 -0.045946 0.269399 0.103862 0.242659 -0.113453 0.266179 -0.204631 -0.081496 0.097301 0.030880 -0.052192 0.168218 -0.288207 -0.222242 0.117816 0.211115 -0.170299 -0.124233 -0.163776 -0.003733 0.041289 -0.163982 0.035398 -0.147128 -0.000554 0.118466 -0.007188 -0.128232 -0.134995 -0.088608 -0.215880 -0.037996 -0.087219 -0.351605 -0.080678 -0.092934 -0.150635 -0.038715 -0.036436 0.100184 -0.122398 -0.067429 -0.116235 0.027147 -0.336952 -0.313117 -0.165938 -0.380407 0.001180 -0.064491 -0.084335 0.308849 -0.140660 -0.031310 -0.277319 -0.231762 0.003546 -0.186895 0.064323 -0.273217 -0.084992 -0.160662 -0.061694 -0.051074 -0.130217 -0.298225
-0.033896 -0.328684 0.099634 -0.256362 0.043251 0.466654 0.180135 0.242388 0.181881 1.000000 -0.022941 0.104240 -0.007045 -0.087537 0.262885 0.468257 -0.336915 -0.246179 -0.115147 -0.027982 0.109270 0.008860 -0.053386 -0.081536 0.026668 0.276918 -0.018185 -0.095893 -0.196155 -0.046562 -0.060854 0.185266 -0.354211 0.166343 0.108554 0.492150 -0.112672 -0.117317 0.131296 0.219611 0.110498 -0.129123 -0.099045 -0.248786 0.242203 0.250633 -0.017544 0.215210 0.033949 0.093226 -0.316612 -0.107753 -0.283978 -0.101460 -0.394398 -0.113880 -0.166284 -0.308119 0.211270 -0.041415 -0.026784 0.272950 -0.183774 -0.298866 0.106625 0.350163 -0.151854 0.041997 -0.178892 0.231036 0.039497 -0.019924 -0.148252 -0.226324 -0.149907 0.057240 -0.226889 0.114872 -0.156226 -0.104410 0.021720 -0.138889 0.165602 -0.324971 -0.078261 -0.184757 0.071951 -0.012077 0.157219 -0.218154 0.256843 0.157042 0.298217 0.022024 0.039761 0.018402 -0.059153 0.014269 -0.215410 -0.082685 0.037623 -0.026756 -0.040199 -0.295266 0.139432 -0.023818 -0.003000 0.010290 0.192063 0.258913 0.079442 -0.060944 -0.285744 -0.031442 -0.110082 0.144121
0.226192 0.018796 0.085067 -0.026393 -0.003271 -0.075795 0.384962 -0.226399 0.161650 -0.022941 1.000000 0.312423 0.738405 0.387992 0.593250 0.250148 0.116886 -0.072799 0.037217 -0.158253 0.374576 0.031153 0.134358 -0.100168 0.066452 -0.187412 0.356059 0.141817 0.057164 -0.305493 -0.113054 -0.309959 0.037018 -0.127541 0.045410 0.144846 0.174641 -0.063244 0.222295 -0.238282 -0.079521 -0.032131 -0.190500 -0.174694 -0.012230 -0.104409 0.061043 -0.071984 0.250327 0.068241 0.129701 0.223952 0.431096 0.345113 0.139813 0.034513 -0.408722 -0.279931 0.151704 0.011009 0.120097 0.147937 -0.007983 -0.031990 -0.160524 -0.049082 -0.091976 -0.178825 -0.213529 0.113926 -0.068691 -0.030366 0.120263 -0.043249 0.288147 0.059362 -0.074599 -0.238179 -0.157579 -0.113661 -0.169981 -0.154778 0.129026 -0.158417 -0.013436 -0.119291 -0.186202 -0.062892 0.093071 0.130505 -0.053644 0.167330 -0.203392 0.333054 -0.247357 -0.109033 0.069603 -0.432869 -0.116947 -0.335088 -0.142161 -0.015808 -0.182580 -0.052351 -0.098888 -0.259032 -0.151191 0.045964 -0.260469 -0.069750 -0.157894 -0.216593 0.150367 0.119720 -0.326215 0.040926
-0.110942 0.398947 -0.316025 0.216027 -0.335033 -0.100619 -0.246941 0.248268 0.098021 0.104240 0.312423 1.000000 0.223683 0.652049 0.125603 0.383944 0.317344 0.344681 -0.110402 0.032644 -0.236642 -0.518338 -0.222277 -0.078323 -0.141393 -0.117978 -0.176366 -0.075545 0.123782 0.330767 -0.059683 -0.059843 0.224571 0.298687 -0.261318 0.002016 0.084891 0.347894 0.162241 0.006317 0.147753 0.097649 -0.439814 -0.344012 -0.306094 -0.290738 -0.210982 -0.413941 -0.294898 -0.005648 -0.265560 0.055167 0.003228 0.232590 0.054743 -0.020537 -0.136024 -0.030217 -0.115698 0.136540 -0.039085 0.532016 0.083857 0.357607 -0.359934 0.313997 -0.206596 -0.394786 0.076644 -0.005966 -0.149696 0.406997 0.220835 0.282480 0.366227 0.325938 0.326118 0.134368 0.077021 0.104793 0.123291 0.250282 0.177629 0.091233 0.048536 0.251524 -0.088990 0.198670 -0.063127 0.160462 -0.193766 -0.246385 -0.011598 -0.166359 -0.381751 0.229392 -0.202389 -0.209266 -0.213195 -0.112186 -0.011755 -0.050228 0.090874 -0.187288 -0.044430 -0.421471 0.205186 0.108025 -0.476067 0.254752 -0.448605 -0.156644 0.149682 0.206875 -0.312836 0.173118
0.535310 -0.018359 0.236485 -0.249022 -0.025838 -0.107794 0.484881 -0.261526 0.283548 -0.007045 0.738405 0.223683 1.000000 0.456840 0.559632 0.265669 0.001645 -0.167152 0.242052 -0.171753 0.226125 0.028007 -0.152183 -0.359821 -0.153505 -0.355318 0.078355 -0.086753 0.100665 -0.390070 -0.217679 -0.410276 0.144700 -0.035750 -0.033895 0.091761 -0.002059 -0.333305 0.112466 -0.391089 -0.129517 0.080124 -0.085809 -0.127698 0.041879 -0.078325 0.059169 -0.053003 0.317288 0.199065 0.259287 0.245781 0.465541 0.244261 0.095641 0.020534 -0.397660 -0.468108 0.356751 0.308795 0.473776 0.344973 0.131685 0.039995 -0.228470 -0.099329 0.176497 0.020714 -0.219628 0.153319 -0.126921 -0.254420 0.119305 -0.171325 0.113075 -0.003216 -0.270516 -0.417917 -0.304973 -0.292481 -0.239271 -0.314990 0.098042 -0.150946 -0.273176 -0.194181 -0.226974 -0.148583 -0.036630 0.162063 0.000414 0.232163 -0.337587 0.296616 -0.193891 -0.166874 -0.097349 -0.357365 -0.223283 -0.181618 -0.095973 0.158092 0.049648 0.226671 -0.214134 -0.247936 0.006257 0.149388 -0.194941 -0.275979 -0.200342 -0.169613 0.198966 0.010382 -0.252521 0.033610
0.172437 0.374876 -0.203141 0.219853 -0.178858 -0.001977 -0.078874 0.230394 0.179225 -0.087537 0.387992 0.652049 0.456840 1.000000 0.276665 0.485590 0.216838 0.146577 -0.066036 0.027206 -0.284937 -0.435924 -0.380975 -0.171815 -0.355239 -0.303817 -0.165912 -0.146256 -0.017780 0.034066 -0.277048 -0.296663 0.130276 0.219258 -0.364868 -0.125065 -0.106234 0.053940 -0.025235 -0.164350 -0.041548 0.171167 -0.265963 -0.149120 -0.193355 -0.121115 -0.153492 -0.308771 -0.007383 0.213719 -0.068643 0.159161 0.166195 0.111446 0.009601 -0.061880 -0.159271 -0.189165 0.086582 0.325821 0.192817 0.672237 0.111309 0.373954 -0.410260 0.287466 0.009584 -0.208969 0.012144 -0.084961 -0.062434 0.238935 0.092210 0.156417 0.175774 0.263297 0.042461 -0.063973 -0.121199 -0.075073 -0.069499 -0.070013 0.146818 0.149156 -0.198101 0.122532 -0.251847 0.124491 -0.192809 0.291087 -0.174305 -0.251931 -0.095131 -0.083226 -0.337448 0.084374 -0.210012 -0.270938 -0.171620 -0.234237 0.071761 0.084869 0.285337 0.130352 -0.288813 -0.370972 0.091778 0.226700 -0.466219 0.001806 -0.405483 -0.187900 0.383544 0.061112 -0.420046 0.141712
0.303468 -0.052476 0.170937 -0.180302 0.017184 -0.120538 0.491000 -0.223549 0.268155 0.262885 0.593250 0.125603 0.559632 0.276665 1.000000 0.579615 -0.086367 -0.172444 0.143741 -0.000905 0.338324 0.085746 0.214675 -0.019005 0.065494 -0.155764 0.138706 -0.182182 0.123426 -0.302038 -0.060372 -0.182168 -0.043152 0.045741 0.058703 0.195493 0.105959 -0.191277 0.219968 -0.370759 0.020350 0.138525 -0.018878 -0.071865 0.034638 -0.064418 0.085206 0.054730 0.085639 0.097550 -0.113480 -0.012854 0.225370 0.186439 -0.090026 -0.097080 -0.173941 -0.218226 0.094061 -0.136911 0.144629 0.189349 -0.062019 -0.159079 0.046879 0.016217 -0.322609 -0.254702 -0.302354 -0.037695 -0.109741 -0.175763 -0.066458 -0.321683 -0.060157 -0.126829 -0.235413 -0.225827 -0.145581 -0.183857 -0.078604 -0.147320 0.322278 -0.073840 -0.090260 -0.298116 -0.078000 -0.259146 0.237737 0.139990 0.175658 0.322350 -0.002637 0.450643 0.000695 -0.222659 -0.033342 -0.380508 -0.075332 -0.183265 -0.006192 0.075545 -0.046126 -0.039608 -0.218322 -0.149973 -0.303027 0.238992 -0.228756 -0.198305 -0.066136 -0.111358 0.100988 -0.088775 -0.300034 0.196809
0.202114 0.221602 -0.271989 0.011897 -0.264171 0.052157 0.034728 0.109622 0.098341 0.468257 0.250148 0.383944 0.265669 0.485590 0.579615 1.000000 0.045273 -0.037393 -0.032732 0.195066 -0.056451 -0.292788 -0.231263 -0.088875 -0.304128 -0.261421 -0.100635 -0.272746 -0.037838 -0.027010 -0.296202 -0.209465 -0.037245 0.249640 -0.160431 0.085040 -0.037477 0.019955 -0.059462 -0.237947 -0.038746 0.101308 -0.101795 -0.184372 -0.080840 -0.066114 -0.067909 -0.089433 -0.136603 0.019668 -0.263474 -0.192720 0.041005 0.009295 -0.242988 -0.339476 -0.036404 -0.190551 0.138680 0.114620 0.117242 0.600807 0.045888 0.128609 -0.136867 0.294438 -0.232651 -0.301694 0.025397 0.066576 -0.161484 0.002366 -0.124950 -0.154368 0.010835 -0.058012 -0.124049 0.008021 0.029361 -0.176147 0.046046 -0.098036 0.264114 0.044069 -0.086803 -0.032772 -0.129008 -0.080032 0.093319 0.181652 0.223326 0.005682 0.223357 -0.005636 -0.063368 0.173412 -0.240431 -0.226446 -0.132732 -0.145496 0.248805 -0.042451 0.190453 0.017561 -0.027921 -0.185334 -0.172907 0.443316 -0.173158 0.131671 -0.113397 -0.012101 0.257807 -0.027549 -0.467511 0.471667
-0.232127 0.378355 -0.572532 0.004194 -0.323281 -0.429704 -0.466475 -0.050004 -0.303315 -0.336915 0.116886 0.317344 0.001645 0.216838 -0.086367 0.045273 1.000000 0.576876 -0.012000 0.212183 -0.034946 -0.199852 -0.314469 -0.222398 -0.357448 -0.358476 -0.156121 -0.113877 0.674331 0.550798 0.146473 0.099939 0.293373 0.194932 -0.205234 -0.446494 0.474962 0.319374 -0.042140 -0.069643 0.330824 0.333582 -0.256646 -0.208934 -0.303482 -0.407297 -0.249111 -0.262360 -0.418234 -0.207202 -0.055049 -0.213433 -0.125817 0.125080 0.007686 -0.128616 0.441812 0.382220 -0.376408 -0.057065 0.101927 0.079211 0.660249 0.515964 -0.171369 -0.187833 -0.096534 -0.426601 0.285335 -0.236503 0.022916 0.278962 0.515141 0.445349 0.444707 0.243310 0.381544 0.107333 0.492649 0.140070 0.638895 0.466370 0.224839 0.316634 0.200057 0.095819 -0.111745 0.003587 -0.225941 -0.133534 -0.214354 -0.128197 -0.254114 -0.143938 -0.101198 0.359624 -0.203527 -0.009818 0.128752 0.318986 0.155316 0.089025 0.095989 -0.015697 -0.091491 -0.162328 0.003890 0.092707 -0.197865 0.133749 -0.292277 0.258691 0.289287 -0.028249 -0.156227 0.163344
-0.412082 0.488107 -0.496357 0.192137 -0.194201 -0.371803 -0.369419 0.021447 -0.158117 -0.246179 -0.072799 0.344681 -0.167152 0.146577 -0.172444 -0.037393 0.576876 1.000000 -0.087454 0.167609 -0.159279 -0.230788 -0.003662 0.057321 -0.054173 -0.141171 -0.109272 -0.055927 0.434933 0.594534 0.220609 0.210797 0.293760 0.302893 -0.055385 -0.233329 0.206516 0.390038 0.126209 0.114022 0.138531 0.207362 -0.229647 -0.226997 -0.266449 -0.287535 -0.235565 -0.357530 -0.598277 -0.278041 -0.228314 -0.270861 -0.195836 0.124201 -0.045595 -0.104896 0.306875 0.501020 -0.511744 -0.289957 -0.129713 0.016228 0.252899 0.515911 0.051790 0.058246 -0.362561 -0.472073 0.166274 -0.249104 -0.175941 0.285703 0.255701 0.382122 0.400078 0.220437 0.313513 0.126226 0.414082 0.449120 0.416121 0.612626 -0.017900 0.296503 0.294812 0.315307 0.117851 0.201435 -0.030602 -0.013335 -0.271028 -0.236772 -0.073862 -0.262828 -0.252489 0.153742 -0.230052 -0.094303 0.191682 0.176873 0.064702 -0.160541 -0.054730 -0.182666 -0.098359 -0.069409 0.106137 -0.052410 -0.235115 0.003375 -0.265977 0.273525 0.183496 0.054810 -0.035145 -0.017926
0.306714 0.067647 0.248353 0.046606 0.091677 -0.078584 0.244039 -0.063751 0.084722 -0.115147 0.037217 -0.110402 0.242052 -0.066036 0.143741 -0.032732 -0.012000 -0.087454 1.000000 0.242823 0.051146 0.134259 -0.153142 -0.181765 -0.041920 -0.167275 -0.015044 0.047747 0.072239 -0.119890 -0.078787 -0.204095 0.070185 -0.216388 -0.046696 -0.151450 -0.019460 -0.349781 -0.084304 -0.058357 0.066296 0.078089 0.043246 0.033920 -0.063268 -0.275156 0.205057 -0.076120 -0.127539 0.002837 0.109074 -0.021982 0.069273 0.175952 0.141360 0.128897 0.042876 -0.196982 -0.166936 0.071795 0.359243 0.013959 0.243056 0.223519 0.103468 -0.185267 -0.103162 -0.167469 -0.172988 0.069537 -0.164976 -0.327275 0.034238 -0.013170 -0.020473 -0.027682 -0.221717 -0.291653 0.019113 -0.234485 -0.021283 -0.209976 0.168463 0.037530 -0.156323 -0.105882 -0.079626 -0.079925 -0.136807 0.104168 0.043484 0.176342 -0.127999 0.074101 -0.093206 -0.181406 -0.058442 -0.221957 -0.000289 0.101551 0.101911 0.070254 0.005046 0.101306 0.043540 0.038016 0.001071 -0.010824 -0.017202 -0.289411 -0.175152 0.049557 -0.001059 -0.103628 0.084205 -0.107997
0.049672 0.125338 -0.429811 0.212571 -0.076347 0.025884 -0.265337 0.014372 -0.103742 -0.027982 -0.158253 0.032644 -0.171753 0.027206 -0.000905 0.195066 0.212183 0.167609 0.242823 1.000000 -0.357428 -0.169350 -0.296832 0.215612 -0.285463 -0.250972 0.040490 0.126320 0.056903 0.052506 -0.283772 -0.096519 -0.273316 -0.031872 -0.329748 -0.111539 -0.085798 -0.065866 -0.269024 -0.131219 -0.071786 0.205104 -0.154553 -0.043249 -0.341579 -0.161573 -0.155138 0.177773 -0.347947 -0.061232 -0.500384 -0.328693 -0.218185 -0.144606 -0.172587 -0.316942 0.238222 0.130700 -0.211745 0.084571 -0.137678 0.033483 0.239646 0.149131 -0.219039 -0.151424 -0.314300 0.028568 0.501030 0.422741 -0.224160 -0.078844 -0.195301 -0.071373 -0.181779 -0.215636 -0.212965 0.190977 0.100301 -0.124166 0.335772 -0.012482 0.124392 0.357839 -0.017723 0.129584 0.057904 -0.047457 -0.106866 0.215269 0.417851 -0.011380 0.148099 -0.227772 0.250642 0.061053 -0.210631 0.213860 0.006739 0.020465 0.116850 -0.101190 0.034761 0.101981 0.003813 0.119638 -0.122140 0.274714 -0.029909 0.085253 0.060170 0.250533 0.075637 0.015428 -0.199137 0.235456
0.015335 -0.179228 0.179718 -0.255992 0.235699 0.017220 0.327453 -0.405002 0.170414 0.109270 0.374576 -0.236642 0.226125 -0.284937 0.338324 -0.056451 -0.034946 -0.159279 0.051146 -0.357428 1.000000 0.615612 0.355330 -0.014373 0.369425 0.363980 0.439187 0.265332 0.057283 -0.264257 0.167137 0.057118 -0.095405 -0.160944 0.289518 0.226991 0.326199 -0.024589 0.377045 -0.030092 0.099942 0.041165 0.082539 -0.053255 0.260202 0.000029 0.262877 0.172012 0.198684 -0.068148 0.173843 0.078476 0.245635 0.270405 0.098903 0.277538 -0.094865 -0.022772 0.085280 -0.297306 -0.011599 -0.225332 -0.086682 -0.383804 0.295879 -0.104799 -0.142216 -0.136241 -0.313213 -0.131799 0.083793 -0.199831 0.045910 -0.166774 0.031689 0.064054 -0.173196 -0.298311 0.084223 0.015331 -0.044398 0.028263 0.037352 -0.214329 0.368441 -0.218837 0.115393 -0.030473 0.420375 -0.092404 -0.018266 0.114069 -0.212791 0.325502 -0.025189 -0.185030 0.286667 -0.317893 0.145592 -0.012636 -0.355592 -0.008835 -0.321070 -0.275270 0.057965 -0.063474 -0.230895 -0.144799 0.178565 -0.212883 0.091780 -0.074998 -0.120458 -0.033269 -0.023775 -0.168290
0.264790 -0.185627 0.272065 -0.224054 0.152363 0.040390 0.211561 -0.321889 -0.014566 0.008860 0.031153 -0.518338 0.028007 -0.435924 0.085746 -0.292788 -0.199852 -0.230788 0.134259 -0.169350 0.615612 1.000000 0.225968 -0.015043 0.243404 0.301849 0.247628 0.189955 -0.050319 -0.248108 0.140176 0.132375 -0.087662 -0.285225 0.256460 0.070548 0.097156 -0.079128 0.191498 0.124562 0.000759 0.066441 0.223660 0.119918 0.384377 0.068873 0.291110 0.258856 0.404983 0.183880 0.242147 0.195221 0.175453 0.146668 0.143621 0.308628 -0.000819 -0.134875 0.185981 -0.141939 0.075349 -0.436278 -0.087160 -0.437278 0.241791 -0.302164 0.096201 0.108181 -0.110921 -0.064888 -0.102582 -0.441147 -0.186040 -0.323868 -0.363471 -0.281584 -0.464328 -0.500402 -0.028260 -0.153246 -0.125414 -0.124930 -0.082974 0.024948 0.074957 -0.225053 0.160202 -0.007722 0.218633 -0.119260 -0.075986 -0.029816 -0.323703 0.083712 0.210444 -0.337844 0.294467 0.029724 0.120422 -0.031106 -0.238461 -0.164786 -0.306692 -0.107961 0.146267 0.366619 -0.218558 -0.153819 0.360184 -0.412958 0.197814 -0.054035 -0.060904 -0.033075 0.280657 -0.186129
-0.246227 -0.281260 0.397690 0.192687 0.384115 -0.122387 0.400668 -0.179920 0.117920 -0.053386 0.134358 -0.222277 -0.152183 -0.380975 0.214675 -0.231263 -0.314469 -0.003662 -0.153142 -0.296832 0.355330 0.225968 1.000000 0.566089 0.773225 0.364270 0.265249 0.081315 -0.142789 -0.093437 0.471684 0.308584 0.009133 -0.138593 0.415861 0.167165 0.225300 0.099916 0.257259 -0.097939 -0.047306 -0.139422 0.044273 0.000837 -0.025670 0.047133 0.055158 -0.132679 -0.022137 -0.383353 -0.005631 -0.220919 -0.027511 0.001429 0.142069 0.012503 -0.153690 0.177469 -0.081736 -0.616547 -0.328212 -0.626473 -0.422114 -0.366693 0.577853 -0.090031 -0.240187 -0.087121 -0.249219 -0.134483 0.098582 -0.036205 -0.003009 -0.008152 0.101483 -0.033550 0.175821 -0.052200 -0.020004 0.155648 -0.256574 0.124576 -0.161923 -0.045532 0.310249 0.016766 0.121075 -0.138957 0.341993 -0.026722 -0.056063 0.053148 0.206986 0.244364 -0.029056 -0.408870 0.033022 -0.173690 0.054233 -0.170874 -0.105116 -0.220861 -0.433224 -0.299976 -0.083588 0.084261 -0.345064 -0.332762 0.020538 -0.143034 0.221500 -0.180712 -0.136763 0.134866 0.225016 -0.234931
-0.299528 -0.225460 -0.088975 0.512674 0.368783 -0.013803 -0.054013 0.080074 -0.015122 -0.081536 -0.100168 -0.078323 -0.359821 -0.171815 -0.019005 -0.088875 -0.222398 0.057321 -0.181765 0.215612 -0.014373 -0.015043 0.566089 1.000000 0.401965 0.209380 0.363381 0.341333 -0.267958 -0.002177 0.088880 0.214042 -0.253583 -0.188830 -0.039596 -0.117890 -0.033377 0.151643 -0.083748 -0.146243 -0.248759 -0.077814 -0.164954 -0.017032 -0.349513 -0.125607 -0.159641 -0.100744 -0.214658 -0.351490 -0.140732 -0.251436 -0.225040 -0.053166 0.085309 -0.082241 -0.062351 0.073144 -0.202072 -0.351332 -0.244808 -0.430422 -0.171575 -0.131431 0.395397 -0.099708 -0.306378 0.042102 0.127345 0.077792 0.001989 0.019071 -0.293999 -0.120831 -0.159621 -0.187639 0.024974 0.073759 -0.090369 0.131082 -0.161905 0.090963 -0.194203 0.332849 0.269522 0.336266 0.161670 -0.016639 0.197842 0.184812 0.113619 -0.064864 0.466876 0.068167 0.091114 -0.182804 -0.092461 0.098652 -0.009023 -0.186368 -0.081874 -0.221797 -0.262047 -0.120960 0.000893 0.134041 -0.246912 -0.233503 0.071684 0.151812 0.096509 -0.217299 -0.166079 0.251810 0.140349 -0.027026
-0.174934 -0.277152 0.418806 0.134536 0.370338 0.090359 0.305177 -0.187744 0.154150 0.026668 0.066452 -0.141393 -0.153505 -0.355239 0.065494 -0.304128 -0.357448 -0.054173 -0.041920 -0.285463 0.369425 0.243404 0.773225 0.401965 1.000000 0.648266 0.346112 0.237639 -0.233277 -0.142717 0.347204 0.197352 -0.180618 -0.245927 0.200648 0.277153 0.200711 0.093592 0.335635 0.146201 0.140868 -0.011633 -0.093305 0.034790 -0.072383 0.087545 -0.056645 -0.062976 -0.000314 -0.319114 -0.004930 -0.143336 0.005048 -0.009796 0.242740 0.111850 -0.101418 0.148965 -0.010661 -0.421075 -0.312572 -0.530569 -0.365986 -0.330487 0.380634 -0.134381 -0.238317 -0.049754 -0.222749 0.021602 0.064709 -0.115089 -0.046407 0.042492 0.087030 0.004026 0.106561 0.040324 -0.130102 0.098765 -0.255013 0.010628 -0.119090 -0.028953 0.156085 0.034125 0.070319 0.027144 0.267419 -0.059641 -0.028000 0.069017 0.161256 0.243354 -0.046446 -0.417789 0.118368 -0.191683 -0.018924 -0.100450 -0.155220 -0.113126 -0.330300 -0.288058 0.049567 0.023681 -0.125219 -0.448974 0.070815 -0.095992 0.173316 -0.298133 -0.315999 0.128174 0.241047 -0.365813
-0.339246 -0.238699 0.242062 0.113356 0.189278 0.326811 -0.010044 0.120109 0.067785 0.276918 -0.187412 -0.117978 -0.355318 -0.303817 -0.155764 -0.261421 -0.358476 -0.141171 -0.167275 -0.250972 0.363980 0.301849 0.364270 0.209380 0.648266 1.000000 0.167958 0.243923 -0.264477 -0.071886 0.330992 0.376942 -0.264698 -0.052171 0.091879 0.333935 0.013285 0.150557 0.287040 0.412556 0.248781 0.075790 -0.060376 0.130007 0.122097 0.278907 0.062361 0.137578 -0.042262 -0.042346 -0.191984 -0.060356 -0.196404 -0.084727 0.108385 0.193836 0.000066 0.124110 -0.174932 -0.268325 -0.454912 -0.319693 -0.386503 -0.397079 0.146379 0.111951 -0.186276 0.067343 -0.239045 -0.022922 0.100933 0.123117 -0.049079 0.060752 -0.047973 0.163516 -0.045577 0.149267 0.012727 0.166112 -0.126670 -0.056805 -0.067519 -0.090035 0.177413 -0.000697 0.230272 0.287078 0.228929 -0.206230 -0.062002 -0.176166 0.125969 0.035755 -0.005014 -0.167747 0.265512 0.018210 -0.056576 -0.080884 -0.241097 -0.106728 -0.222925 -0.380802 0.207680 0.069675 -0.011853 -0.347078 0.149642 0.071665 0.170250 -0.122834 -0.433852 0.031649 0.245308 -0.261347
0.063398 -0.181621 -0.021816 0.155957 0.465292 0.306374 0.078144 -0.357841 0.001694 -0.018185 0.356059 -0.176366 0.078355 -0.165912 0.138706 -0.100635 -0.156121 -0.109272 -0.015044 0.040490 0.439187 0.247628 0.265249 0.363381 0.346112 0.167958 1.000000 0.802858 -0.348326 -0.354135 -0.279452 -0.354444 -0.432678 -0.380125 -0.045993 0.316407 0.011553 -0.050671 0.131449 -0.054849 -0.199221 -0.271201 0.019734 0.046713 0.004473 -0.008921 0.022720 0.257463 0.170661 -0.207664 0.106344 0.050000 0.217945 0.153705 0.263995 0.224497 -0.290301 -0.087633 -0.018868 -0.135539 -0.179069 -0.250616 -0.261093 -0.251009 0.091533 -0.169014 -0.252483 0.096012 -0.010569 0.349934 -0.121295 -0.229651 -0.425139 -0.248697 -0.091659 -0.155966 -0.270317 -0.150872 -0.221781 0.034814 -0.280974 -0.178755 -0.242362 -0.195606 0.241979 0.137576 -0.047821 -0.052743 0.190195 0.288202 0.193696 0.167177 0.213820 0.219228 -0.020515 -0.029028 0.285813 0.030127 0.272721 0.013943 -0.369606 -0.171624 -0.113759 -0.098269 0.185708 0.027594 -0.128882 -0.206680 0.238627 0.193875 0.157211 -0.115465 -0.063091 0.210030 -0.003488 -0.186392
-0.001615 -0.085272 -0.115183 0.391572 0.377540 0.469041 -0.160341 -0.137245 -0.036559 -0.095893 0.141817 -0.075545 -0.086753 -0.146256 -0.182182 -0.272746 -0.113877 -0.055927 0.047747 0.126320 0.265332 0.189955 0.081315 0.341333 0.237639 0.243923 0.802858 1.000000 -0.430982 -0.207444 -0.336930 -0.365721 -0.435882 -0.377845 -0.166130 0.234184 -0.115927 -0.032689 0.131162 0.125054 -0.230314 -0.289385 -0.071175 0.078926 -0.093383 0.064925 0.036818 0.156896 0.102270 -0.100669 0.119385 0.107685 0.153628 0.244374 0.392892 0.320552 -0.187184 -0.053762 -0.131315 -0.009631 -0.223691 -0.173468 -0.218661 -0.171685 -0.043840 -0.020014 -0.159249 0.097248 0.056305 0.276956 -0.193071 0.027181 -0.345958 -0.028473 -0.053114 -0.033183 -0.208537 -0.145550 -0.240787 0.137598 -0.273774 -0.227420 -0.294572 -0.170347 0.238691 0.225016 -0.062650 0.149130 0.134696 0.380456 0.034805 -0.084921 0.156307 -0.049081 -0.115187 0.102752 0.275944 0.119308 0.199104 -0.007511 -0.390484 -0.189462 -0.056311 -0.022079 0.273133 0.083132 0.069959 -0.229653 0.230566 0.342099 -0.021843 -0.163441 -0.143598 0.295827 0.113417 -0.244755
-0.209453 0.132561 -0.244106 -0.368822 -0.306393 -0.497876 -0.108639 -0.059070 -0.159318 -0.196155 0.057164 0.123782 0.100665 -0.017780 0.123426 -0.037838 0.674331 0.434933 0.072239 0.056903 0.057283 -0.050319 -0.142789 -0.267958 -0.233277 -0.264477 -0.348326 -0.430982 1.000000 0.563166 0.442314 0.383204 0.444482 0.400732 0.098598 -0.298112 0.470536 0.163770 0.131843 -0.031754 0.469684 0.446769 -0.013485 -0.063983 -0.001641 -0.284554 -0.143277 -0.107447 -0.307402 -0.062369 -0.084859 -0.189634 -0.201633 -0.040932 -0.246270 -0.177444 0.408804 0.306428 -0.306702 -0.231735 0.185781 -0.103391 0.507939 0.216023 0.030677 -0.216232 -0.062925 -0.333934 0.060898 -0.392928 0.127589 0.165026 0.631039 0.204477 0.232221 0.112931 0.222815 0.033310 0.393020 0.100096 0.640443 0.483671 0.298483 0.219897 0.123897 -0.237315 0.053686 -0.199999 -0.106980 -0.467058 -0.239644 0.064518 -0.423494 0.098482 0.085422 0.192912 -0.131104 -0.021939 -0.097575 0.251630 0.091676 0.189161 -0.069684 -0.109257 -0.257231 -0.109138 0.073904 0.134722 -0.196084 -0.152886 -0.161367 0.227919 -0.033247 -0.279413 -0.140680 0.138040
-0.529238 0.230251 -0.397237 0.123522 -0.162588 -0.137890 -0.461933 0.395765 -0.125287 -0.046562 -0.305493 0.330767 -0.390070 0.034066 -0.302038 -0.027010 0.550798 0.594534 -0.119890 0.052506 -0.264257 -0.248108 -0.093437 -0.002177 -0.142717 -0.071886 -0.354135 -0.207444 0.563166 1.000000 0.383624 0.461984 0.273615 0.440498 -0.032431 -0.217787 0.281042 0.468990 0.046801 0.226018 0.354257 0.228214 -0.206877 -0.224052 -0.216740 -0.243245 -0.308999 -0.326019 -0.494700 -0.243418 -0.194265 -0.269851 -0.426407 -0.041868 -0.140650 -0.179096 0.431086 0.395409 -0.373792 -0.249693 -0.076104 -0.056407 0.199108 0.319553 0.096848 0.145166 -0.186350 -0.410954 0.132295 -0.367624 0.131404 0.380467 0.468888 0.459171 0.335166 0.293060 0.501502 0.248634 0.450255 0.389506 0.560769 0.614812 0.084856 0.218121 0.277788 0.101408 0.051421 0.001739 -0.084917 -0.321316 -0.374263 -0.345516 -0.035984 -0.276940 -0.185350 0.294691 -0.200645 0.094637 -0.027315 0.189717 0.215397 -0.028813 0.021471 -0.299950 -0.113922 -0.079468 0.228406 0.003426 -0.163652 0.150567 -0.310331 0.067959 -0.064172 -0.005750 0.026291 0.097363
-0.397623 -0.206199 0.290918 -0.167690 0.032789 -0.264713 0.175086 0.157308 -0.070903 -0.060854 -0.113054 -0.059683 -0.217679 -0.277048 -0.060372 -0.296202 0.146473 0.220609 -0.078787 -0.283772 0.167137 0.140176 0.471684 0.088880 0.347204 0.330992 -0.279452 -0.336930 0.442314 0.383624 1.000000 0.828391 0.403631 0.393590 0.344841 -0.059613 0.270363 0.163764 0.115435 0.099256 0.325081 0.091493 0.078173 0.023209 0.110230 -0.091302 -0.026119 -0.102142 -0.259454 -0.190237 -0.072760 -0.336550 -0.336676 -0.284271 -0.240892 -0.196691 0.256402 0.315712 -0.334252 -0.468448 -0.111064 -0.489655 -0.028557 -0.058462 0.327438 -0.231040 -0.031347 -0.077546 -0.382554 -0.399888 0.381559 0.319280 0.494653 0.263228 0.186170 0.238539 0.231494 0.088224 0.359286 0.030921 0.288524 0.324547 -0.056412 0.040701 0.141177 -0.230281 0.006963 -0.241959 -0.115696 -0.630968 -0.241881 -0.060331 -0.141519 0.066724 0.030330 -0.173920 -0.051769 -0.108993 -0.119038 0.067729 0.086054 -0.008848 -0.381892 -0.378231 -0.319590 -0.004859 -0.234829 -0.191064 -0.065856 -0.192871 0.019500 0.004873 -0.220249 -0.296397 0.105745 -0.124052
-0.540506 -0.288709 0.106091 -0.169694 0.044195 -0.124040 -0.020684 0.346221 -0.064696 0.185266 -0.309959 -0.059843 -0.410276 -0.296663 -0.182168 -0.209465 0.099939 0.210797 -0.204095 -0.096519 0.057118 0.132375 0.308584 0.214042 0.197352 0.376942 -0.354444 -0.365721 0.383204 0.461984 0.828391 1.000000 0.231808 0.402572 0.241372 -0.120618 0.145713 0.229956 0.043501 0.243687 0.349279 0.170186 -0.045523 -0.151152 0.064542 -0.034272 -0.147564 -0.061796 -0.330461 -0.108869 -0.254161 -0.361433 -0.542299 -0.332322 -0.394729 -0.161947 0.249414 0.213519 -0.255248 -0.438670 -0.069533 -0.380434 0.055114 -0.092847 0.389998 -0.084083 -0.045514 -0.019515 -0.210224 -0.342416 0.411944 0.286218 0.381133 0.182646 -0.001787 0.178758 0.133280 0.263218 0.305578 0.058457 0.349717 0.395249 0.040716 0.168495 0.129875 -0.127314 0.172031 -0.076671 -0.061234 -0.684968 -0.139220 -0.103830 -0.043610 -0.057434 0.226117 -0.115674 -0.126304 0.102673 -0.229135 -0.044104 0.064928 -0.006274 -0.421604 -0.415471 -0.182893 0.107078 -0.187580 -0.231396 0.115536 -0.084396 0.004542 0.027945 -0.329481 -0.197392 0.128363 -0.001669
-0.069429 0.291275 0.012298 -0.013091 -0.383188 -0.531894 -0.011128 0.049004 -0.108608 -0.354211 0.037018 0.224571 0.144700 0.130276 -0.043152 -0.037245 0.293373 0.293760 0.070185 -0.273316 -0.095405 -0.087662 0.009133 -0.253583 -0.180618 -0.264698 -0.432678 -0.435882 0.444482 0.273615 0.403631 0.231808 1.000000 0.488341 0.191667 -0.250878 0.063398 0.161828 -0.153338 -0.191329 -0.008911 0.065730 0.093490 0.013411 0.038232 -0.274214 0.028490 -0.419076 -0.216431 0.013930 0.134339 0.027009 -0.032201 0.007854 -0.010768 -0.043058 0.007435 0.061805 -0.156054 0.034433 0.247813 0.075892 0.277452 0.401781 0.083621 0.003192 0.254751 -0.229644 -0.054214 -0.409971 -0.068158 0.126171 0.411215 0.253800 0.268812 0.077594 0.182550 -0.175092 0.321075 0.075559 0.079582 0.339126 0.101092 0.174872 0.058622 0.097570 -0.022649 -0.033215 -0.144932 -0.210897 -0.432074 -0.103942 -0.312475 -0.038444 -0.139296 0.002829 -0.209607 -0.076307 -0.099739 -0.019223 0.046460 0.083824 -0.075935 -0.008236 -0.188302 -0.169555 -0.097305 0.011845 -0.256498 -0.276263 -0.253717 -0.011541 0.168789 -0.153474 0.016706 0.021645
-0.278370 0.134514 -0.102608 -0.183722 -0.286326 -0.039807 -0.106008 0.345873 -0.000485 0.166343 -0.127541 0.298687 -0.035750 0.219258 0.045741 0.249640 0.194932 0.302893 -0.216388 -0.031872 -0.160944 -0.285225 -0.138593 -0.188830 -0.245927 -0.052171 -0.380125 -0.377845 0.400732 0.440498 0.393590 0.402572 0.488341 1.000000 0.048134 0.070031 0.038540 0.182616 -0.019833 -0.063546 0.080471 0.114785 -0.045179 -0.116255 0.000343 -0.117718 -0.210327 -0.166739 -0.288174 -0.003710 -0.275290 -0.159382 -0.231420 -0.269761 -0.378738 -0.436012 0.218081 0.166760 -0.145942 0.023099 0.000974 0.258245 0.026973 0.267203 -0.108414 0.255204 0.004186 -0.082710 -0.099180 -0.288301 0.141720 0.387830 0.290220 0.233759 0.150470 0.277544 0.054663 0.202767 0.246420 0.142504 0.362287 0.381499 0.047289 -0.092587 0.022061 -0.166637 0.004098 -0.306187 -0.103420 -0.370925 -0.088714 -0.168343 -0.084655 -0.094632 -0.001011 0.074691 -0.181882 -0.060739 -0.152178 -0.010336 0.080663 0.114934 0.094667 -0.171918 -0.416467 -0.371890 -0.052030 0.278129 -0.391658 -0.066382 -0.135242 0.107779 -0.070630 -0.330486 -0.434108 0.144638
-0.131643 -0.179465 0.362618 -0.204091 0.038376 -0.071569 0.361044 -0.136088 -0.039368 0.108554 0.045410 -0.261318 -0.033895 -0.364868 0.058703 -0.160431 -0.205234 -0.055385 -0.046696 -0.329748 0.289518 0.256460 0.415861 -0.039596 0.200648 0.091879 -0.045993 -0.166130 0.098598 -0.032431 0.344841 0.241372 0.191667 0.048134 1.000000 0.370201 0.275584 0.070978 0.096939 0.072095 0.099690 -0.122975 0.285264 0.081324 0.472745 0.314503 0.155311 -0.016383 0.161259 -0.065458 0.045310 -0.083041 -0.042214 -0.155742 -0.130315 -0.059776 -0.170491 -0.002672 0.136184 -0.329472 -0.092116 -0.186701 -0.257293 -0.355259 0.441242 0.242617 0.145104 0.080843 -0.319739 -0.166942 0.120355 -0.072475 0.119806 0.081189 0.110262 0.047018 0.035252 -0.157961 0.012846 -0.010334 -0.072408 0.077466 -0.055166 -0.373235 0.242449 -0.198076 0.063602 -0.106760 0.217415 -0.201165 -0.146778 0.057286 -0.175881 0.005779 -0.094854 -0.119301 0.153523 -0.157361 0.032786 0.035350 -0.138404 -0.133061 -0.322638 -0.200380 -0.086805 -0.119984 -0.205301 -0.134619 0.058580 -0.198818 0.223142 0.044449 -0.035987 -0.075825 -0.004787 -0.161759
0.051022 -0.297547 0.274975 -0.121631 0.148573 0.464652 0.271546 -0.097438 0.199784 0.492150 0.144846 0.002016 0.091761 -0.125065 0.195493 0.085040 -0.446494 -0.233329 -0.151450 -0.111539 0.226991 0.070548 0.167165 -0.117890 0.277153 0.333935 0.316407 0.234184 -0.298112 -0.217787 -0.059613 -0.120618 -0.250878 0.070031 0.370201 1.000000 -0.142810 -0.089904 0.192386 0.088872 -0.080064 -0.294572 0.093449 0.045301 0.366567 0.465690 0.069848 0.317504 0.183271 0.100097 -0.259674 0.006822 -0.003304 -0.145996 -0.068522 -0.020145 -0.324704 -0.087016 0.193726 -0.022953 -0.364039 0.059057 -0.562736 -0.466234 -0.053479 0.357000 -0.078544 0.289713 -0.325395 0.385937 -0.150180 -0.026514 -0.255077 -0.148311 -0.096748 0.015001 -0.260916 -0.037769 -0.198856 -0.021862 -0.250010 -0.263366 -0.107055 -0.562034 0.091111 -0.168334 -0.047007 -0.121922 0.212336 0.046539 0.151252 0.063985 0.107083 0.025226 -0.072298 -0.042131 0.186112 -0.003509 -0.051592 -0.032947 -0.365729 -0.134988 -0.061905 -0.233128 0.087716 -0.115486 0.005900 0.032868 0.047684 0.146312 0.213436 -0.045753 -0.129455 -0.039539 -0.028877 -0.076053
