1.000000 0.550907 -0.224098 -0.292150 -0.219607 -0.410965 -0.287249 -0.349571 -0.395994 -0.375475 0.135537 0.230160 0.060308 -0.084101 0.083923 -0.202298 0.399147 0.275452 -0.051285 0.090817 -0.299247 -0.048439 -0.213098 -0.531384 -0.233258 -0.286396 0.060824 0.012333 0.108732 0.031111 -0.375356 -0.432661 -0.264055 -0.312691 -0.223481 -0.203062 0.222028 0.261205 -0.005733 -0.065737 0.039130 0.063868 -0.008567 -0.044117 -0.091933 -0.105536 -0.118513 0.159554 -0.140894 -0.090834 0.113239 0.136657 -0.051787 0.283225 -0.110540 0.008435 0.732409 0.288237 0.180982 -0.075485 -0.044212 0.037476 0.147281 0.001296 -0.078511 0.081889 -0.132079 -0.145329 0.054574 -0.008270 0.145794 -0.198253 0.107547 0.050932 0.237796 -0.149914 0.410013 0.134803 0.277311 0.091947 0.321193 0.192472 -0.080288 -0.265676 0.251263 0.155529 -0.029208 -0.065623 -0.007352 0.050437 -0.281606 0.000274 -0.253676 -0.060153 -0.004959 -0.120793 -0.026244 -0.037170 -0.009866 0.263616 0.065009 0.038877 -0.107783 -0.148904 -0.083375 -0.213297 -0.111970 0.030004 -0.164897 -0.055095 0.178658 0.115623 0.276883 -0.081046 -0.093467 -0.037530
0.550907 1.000000 -0.418049 -0.355768 -0.264403 -0.427789 -0.332310 -0.373613 -0.295508 -0.329283 0.025225 0.323472 0.063059 0.255230 0.046288 -0.039393 0.310375 0.583198 -0.141942 0.099333 -0.419367 -0.278132 -0.264946 -0.611995 -0.257741 -0.400907 -0.100840 -0.122823 0.269696 0.289582 -0.437666 -0.345014 -0.216750 -0.245256 -0.354931 -0.418103 0.269369 0.294845 -0.021049 0.135600 0.129549 0.070382 -0.105533 -0.100994 -0.176702 -0.138744 -0.215472 -0.003365 0.021717 -0.075014 0.070511 0.355654 0.230540 0.431103 0.075997 0.180092 0.509875 0.467527 0.179448 0.126234 0.008024 0.195200 0.297358 0.216431 -0.244986 -0.218196 -0.375728 -0.525020 0.096272 -0.076875 0.129186 -0.110669 0.255295 0.203243 0.160460 0.095798 0.240377 0.265610 0.183264 0.252940 0.266567 0.378663 -0.100997 -0.024024 -0.011611 0.066652 0.030433 -0.053991 -0.104669 0.153430 -0.432369 -0.049806 -0.378182 -0.215080 -0.167124 -0.051614 -0.145945 -0.099427 0.135471 0.028262 0.036210 0.215336 -0.061450 -0.342633 -0.130807 -0.163865 -0.162790 -0.250314 0.046728 0.050489 -0.021981 0.247826 0.299504 -0.174463 -0.189576 -0.261398
-0.224098 -0.418049 1.000000 0.182740 0.524999 0.005290 0.590430 0.065151 0.484653 -0.172060 0.188106 -0.266348 0.190220 -0.437907 0.166814 -0.440334 -0.356310 -0.461906 0.103508 -0.240487 0.428934 0.281137 0.699082 0.304950 0.615024 0.360462 0.463991 0.287273 -0.143234 -0.381179 0.445823 0.181459 0.000021 -0.010658 0.368293 0.117861 -0.174244 -0.143619 0.112279 -0.243071 -0.132003 -0.094443 -0.047210 0.050385 0.094437 0.011547 0.105326 -0.055288 -0.041937 -0.048579 0.098423 -0.113169 -0.176840 -0.070449 0.241172 -0.162077 -0.230407 -0.157069 0.129190 -0.024607 0.067893 -0.265685 -0.399314 -0.406837 0.337895 0.031702 0.374801 0.376309 -0.114866 -0.127979 -0.202541 0.082107 -0.358185 -0.329806 -0.141421 -0.177814 -0.460229 -0.446530 -0.340614 -0.032219 -0.389948 -0.267266 0.041492 -0.144180 0.201615 -0.037591 0.074727 -0.010330 0.190034 -0.144427 -0.059166 -0.245228 -0.206475 0.148623 0.049286 -0.294245 0.263664 -0.189480 -0.258959 -0.061969 -0.236323 -0.235976 -0.166837 0.291357 -0.014283 -0.184726 -0.075148 0.182352 -0.098167 -0.383017 -0.182139 -0.351695 -0.268616 -0.030867 -0.016247 0.328615
-0.292150 -0.355768 0.182740 1.000000 -0.168785 0.336874 0.129082 0.694600 0.084901 0.225959 -0.323098 0.041910 -0.124887 0.104338 -0.039725 0.155613 -0.445478 -0.445649 -0.022322 -0.094297 0.465359 0.235039 0.160028 0.590831 -0.052136 0.354784 0.257942 0.433056 -0.350468 -0.284426 0.113181 0.263736 0.050351 0.113425 -0.126967 0.323225 -0.236729 -0.098207 -0.178901 0.019868 -0.022722 0.085383 -0.203577 -0.083742 -0.199205 -0.109980 -0.177327 -0.216977 -0.127720 -0.030523 -0.128642 -0.261793 -0.066361 -0.350943 -0.016779 -0.062442 -0.277381 -0.270177 -0.073502 0.130589 -0.102776 0.035937 -0.273277 -0.016692 -0.130387 0.477760 0.104947 0.440848 -0.138254 -0.066490 -0.040322 0.104501 -0.245926 -0.075808 -0.108564 0.007225 -0.340869 -0.138656 -0.200443 -0.283356 -0.376385 -0.350559 0.012382 -0.151845 -0.229204 0.149732 -0.209500 0.034068 -0.072841 0.236357 0.346794 -0.172779 0.502708 -0.104566 -0.084575 0.146906 0.022951 -0.066479 -0.113298 -0.085604 0.157651 -0.058457 0.068139 0.218699 0.169219 -0.027332 -0.033118 0.094378 0.045455 0.090576 -0.011968 -0.290987 -0.229797 -0.227249 0.077291 -0.069894
-0.219607 -0.264403 0.524999 -0.168785 1.000000 0.334396 0.529154 -0.100181 0.492656 0.216850 0.004843 -0.366831 0.096027 -0.373752 0.124019 -0.344019 -0.312080 -0.305157 0.235809 0.123531 0.091307 0.080616 0.213347 0.129196 0.529747 0.129961 0.139047 -0.139289 -0.102549 -0.277171 0.274589 0.104806 0.035917 0.049877 0.228559 0.126278 -0.193161 -0.218913 -0.031106 -0.323072 -0.234284 -0.067981 0.104725 0.085831 0.236343 0.198025 0.232411 0.103568 0.114771 0.192070 -0.068335 0.101287 -0.141276 -0.077770 -0.143728 -0.050563 -0.423571 -0.144019 0.047014 0.132831 0.019228 -0.071640 -0.184047 -0.232433 0.122561 -0.104032 0.311060 0.230985 0.057847 0.226769 -0.225730 -0.191030 -0.204512 -0.187161 -0.296114 -0.146884 -0.143354 -0.207901 -0.068946 0.017001 -0.167194 -0.138277 0.178702 -0.063170 -0.009969 -0.278839 0.025776 -0.081229 0.008877 -0.139469 0.125825 0.140604 -0.049272 0.250542 0.058110 -0.120615 0.122329 -0.134856 0.017612 0.121057 -0.152666 0.118763 0.110993 0.284770 -0.038944 0.031421 0.006412 0.253357 -0.036688 -0.096111 -0.010694 -0.067345 -0.072356 0.047166 0.103381 0.220425
-0.410965 -0.427789 0.005290 0.336874 0.334396 1.000000 0.143432 0.349073 0.014625 0.526414 -0.425688 -0.270749 -0.237079 0.033198 -0.041991 0.177288 -0.294276 -0.236191 0.271794 0.249196 -0.025403 -0.024214 -0.128381 0.257647 0.095808 0.051340 -0.056568 -0.070322 -0.303711 -0.213970 0.099107 0.127421 0.245680 0.392344 0.106628 0.554026 -0.441171 -0.415941 -0.355535 -0.253047 -0.312061 -0.032076 0.072860 0.153950 0.181708 0.282298 0.217176 0.139426 0.120096 0.320000 -0.154798 -0.042720 0.004853 -0.436871 -0.343092 -0.072671 -0.594664 -0.444274 0.003827 0.325280 0.073695 0.178436 -0.056453 0.192925 -0.120584 0.252040 0.209126 0.361959 -0.025067 0.285263 -0.192804 -0.273378 -0.188770 -0.207601 -0.363052 -0.074456 -0.254265 -0.117425 -0.035398 -0.247491 -0.158876 -0.144147 0.054835 -0.010024 -0.414680 -0.319754 -0.273471 0.012057 -0.029670 0.030805 0.565945 0.354412 0.381849 0.090412 -0.111310 0.075384 0.007309 0.037286 0.261768 0.080698 0.129008 0.110070 0.366799 0.271029 0.226081 0.208899 0.144184 0.195949 -0.003398 0.194006 0.076138 -0.166785 -0.122900 0.161618 0.103105 -0.011415
-0.287249 -0.332310 0.590430 0.129082 0.529154 0.143432 1.000000 0.451386 0.367041 0.166682 0.248842 -0.079626 0.338665 -0.082637 -0.034222 -0.318094 -0.272520 -0.424700 0.028352 -0.314609 0.325383 0.129908 0.287835 0.204455 0.244440 0.350782 -0.070592 -0.118898 -0.249631 -0.259884 0.441870 0.366064 0.172245 0.010349 0.030088 0.078598 -0.195670 -0.207440 -0.077480 -0.201688 -0.137967 -0.107508 -0.165736 -0.151180 0.041709 0.032328 -0.107293 -0.209647 0.031887 0.117955 -0.090171 -0.068237 -0.276954 -0.243761 -0.061378 -0.246253 -0.184001 -0.226365 0.183564 0.114416 0.346979 -0.113773 -0.015464 -0.108503 0.141315 0.086272 0.421807 0.361732 -0.410012 -0.204300 -0.088962 -0.089295 -0.179048 -0.267356 -0.085241 -0.201533 -0.392230 -0.192254 -0.277004 -0.178017 -0.253351 -0.288386 0.021838 -0.004049 0.079793 -0.204009 0.151467 -0.209373 0.042859 -0.102164 0.078443 -0.072220 0.070600 0.142154 -0.170951 -0.027587 -0.154308 -0.368817 -0.370931 -0.358146 -0.093126 -0.015495 -0.119892 0.035008 -0.154520 -0.197931 -0.132985 0.146659 -0.085051 -0.133491 -0.199335 -0.360212 -0.235271 -0.156740 -0.184182 -0.032058
-0.349571 -0.373613 0.065151 0.694600 -0.100181 0.349073 0.451386 1.000000 0.145885 0.488827 -0.171524 0.182916 0.115790 0.378930 -0.183452 0.233000 -0.397418 -0.354566 -0.125828 -0.252396 0.343112 0.181368 0.000655 0.383443 -0.233725 0.389644 -0.147957 0.076482 -0.381513 -0.064643 0.267317 0.473471 0.213714 0.228666 -0.152470 0.305706 -0.384596 -0.188416 -0.371210 -0.036184 -0.069733 -0.012295 -0.285747 -0.243232 -0.169780 -0.052506 -0.183771 -0.349266 -0.143465 0.069291 -0.254142 -0.299448 -0.155123 -0.414741 -0.154229 -0.244322 -0.221567 -0.394292 0.001679 0.114497 0.262636 0.287668 -0.035146 0.248707 -0.103072 0.465892 0.118430 0.398605 -0.404338 -0.220224 -0.130439 0.008073 -0.054289 -0.147623 -0.155222 -0.064947 -0.342212 -0.062604 -0.238556 -0.422734 -0.354816 -0.364540 -0.056900 0.103507 -0.268177 -0.047758 -0.191562 -0.130856 -0.164400 0.072487 0.408446 -0.133838 0.580049 -0.146368 -0.210414 0.144915 -0.231200 -0.207876 -0.181750 -0.255577 0.203518 -0.008537 0.049890 0.017280 0.056185 -0.095369 -0.092747 -0.056536 -0.001281 0.062301 -0.112942 -0.255127 -0.179536 -0.134659 -0.034280 -0.128731
-0.395994 -0.295508 0.484653 0.084901 0.492656 0.014625 0.367041 0.145885 1.000000 0.297074 0.008631 -0.212554 0.077272 -0.220490 0.054726 -0.174249 -0.427604 -0.340863 0.011432 -0.042375 0.429844 0.388124 0.284582 0.425600 0.335202 0.432618 0.183292 0.066796 -0.267007 -0.308471 0.230481 0.265017 0.054695 0.092531 0.248900 0.038758 -0.295237 -0.080397 -0.171779 -0.152408 -0.265486 0.053097 0.051330 0.064039 0.048224 0.066034 0.062619 0.008026 -0.061210 -0.049276 -0.161106 -0.133392 -0.225258 -0.121910 0.146060 0.071111 -0.454517 0.029116 -0.219943 0.002082 -0.094921 -0.103312 -0.418633 -0.199551 0.207344 0.025224 0.311255 0.316024 0.077723 0.213238 -0.171679 -0.031107 -0.288486 -0.113241 -0.152064 -0.066011 -0.176393 -0.205431 -0.163379 -0.053688 -0.259087 -0.214782 -0.076560 -0.035148 0.077713 0.050469 0.023556 0.073290 -0.141111 -0.048197 0.125726 -0.163654 0.216476 0.008266 0.107014 0.017175 0.201625 -0.037958 0.089673 0.026141 -0.064282 0.189649 0.063155 0.257374 -0.129949 -0.035990 -0.218067 0.068172 0.066078 -0.133020 -0.131002 0.054538 -0.024947 0.042710 0.074986 0.260930
-0.375475 -0.329283 -0.172060 0.225959 0.216850 0.526414 0.166682 0.488827 0.297074 1.000000 -0.403232 -0.189717 -0.257687 0.099631 -0.323211 0.346070 -0.309876 -0.161804 0.121327 0.143484 0.046467 0.128361 -0.230650 0.346562 -0.060791 0.299851 -0.193343 -0.172333 -0.248263 -0.062582 0.147960 0.303803 0.228865 0.255567 0.004162 0.281063 -0.355041 -0.260571 -0.374548 -0.136514 -0.140317 0.069793 0.167830 0.191376 0.274251 0.376556 0.337627 0.189608 0.162908 0.361170 -0.277642 -0.011502 -0.152805 -0.224885 -0.270682 0.021775 -0.449604 -0.213081 -0.372906 0.036873 -0.130980 0.320897 -0.199511 0.080214 -0.096323 0.136034 -0.039643 0.135076 0.005051 0.208409 -0.093647 -0.195890 -0.133187 0.054956 -0.266311 -0.008911 -0.075627 -0.009489 -0.032130 -0.254372 -0.155693 -0.158723 -0.115418 0.289902 -0.384142 -0.197803 -0.272280 -0.119510 -0.359738 -0.114407 0.521379 0.160440 0.648751 -0.152337 -0.153339 0.177477 -0.018050 -0.027385 0.316650 0.047979 0.292542 0.275873 0.245550 0.122154 -0.026592 0.233471 0.124404 0.000646 0.095592 0.117341 0.039058 0.139160 0.168232 0.221673 0.155425 -0.022038
0.135537 0.025225 0.188106 -0.323098 0.004843 -0.425688 0.248842 -0.171524 0.008631 -0.403232 1.000000 0.379763 0.641205 0.079710 0.432902 -0.070238 0.250782 -0.063421 -0.029000 -0.495774 0.050650 0.212951 0.332908 -0.099421 0.042052 0.146413 0.131114 -0.156996 0.222988 -0.026735 0.174486 0.026374 -0.259491 -0.396330 0.000809 -0.304902 0.130433 -0.037904 0.146111 -0.193576 -0.141187 -0.061782 0.036694 -0.180873 -0.073559 -0.203769 -0.127960 -0.351530 -0.041309 -0.262382 0.436404 0.038184 -0.058022 0.302091 0.163705 -0.079567 0.426042 0.137082 0.072274 -0.300740 0.388768 -0.181917 0.205016 -0.130010 0.502272 -0.226795 0.063447 -0.116696 -0.399504 -0.299050 0.060178 0.042097 0.123692 -0.095861 0.325580 -0.097378 -0.023201 -0.197062 -0.145804 0.120283 0.087382 -0.007377 0.060584 0.015424 0.623501 0.185959 0.388223 0.024720 0.267466 -0.098575 -0.286826 -0.087913 -0.326753 0.080185 0.055389 -0.152697 -0.113115 -0.356993 -0.404150 -0.310874 -0.182703 -0.133624 -0.472948 -0.268828 -0.265420 -0.310495 0.035922 -0.115029 -0.352412 -0.317615 0.003266 0.046761 -0.078990 -0.082475 -0.248674 0.110607
0.230160 0.323472 -0.266348 0.041910 -0.366831 -0.270749 -0.079626 0.182916 -0.212554 -0.189717 0.379763 1.000000 0.542570 0.679359 0.362988 0.354132 -0.016056 0.070393 -0.322342 -0.452211 -0.122860 0.277121 -0.063071 -0.191134 -0.362245 0.172561 -0.029586 -0.075362 0.054768 0.180893 -0.214244 -0.039040 -0.432393 -0.367277 -0.257694 -0.099801 0.017396 0.052099 -0.094565 0.115268 -0.147057 0.100028 -0.193729 -0.237117 -0.353802 -0.252558 -0.343996 -0.441983 -0.093520 -0.193845 0.278394 0.159293 0.048909 0.165602 0.045073 0.137259 0.398973 0.066288 0.124043 -0.162792 0.293560 0.298946 0.103582 0.231504 0.080755 0.270060 -0.196006 -0.138621 -0.381861 -0.383647 0.345705 0.183636 0.243023 0.042983 0.220783 0.064748 0.011851 0.033359 -0.203996 -0.179374 -0.149624 -0.186663 -0.199377 0.033265 0.161207 0.397855 -0.098094 0.044162 -0.044164 0.363300 -0.176026 -0.328675 0.034326 -0.250197 -0.115961 0.177541 -0.245914 -0.292130 -0.238246 -0.408864 0.016571 -0.171208 -0.407911 -0.470209 -0.359625 -0.489308 -0.143918 -0.257808 -0.321871 -0.052009 0.072145 -0.099717 -0.084418 -0.280986 -0.220476 -0.240429
0.060308 0.063059 0.190220 -0.124887 0.096027 -0.237079 0.338665 0.115790 0.077272 -0.257687 0.641205 0.542570 1.000000 0.428615 0.648694 0.170544 -0.264242 -0.196897 -0.103405 -0.536352 0.136962 0.219098 0.362289 -0.058551 -0.062591 0.114699 0.234660 0.011236 0.092333 -0.003345 0.020679 -0.002781 -0.421472 -0.357057 -0.129221 -0.238659 -0.000180 -0.001055 0.079945 -0.088638 -0.090057 0.052432 -0.378075 -0.451061 -0.321913 -0.341254 -0.358689 -0.583714 -0.153067 -0.256958 0.258211 0.184865 -0.031759 0.241448 0.272440 -0.067136 0.231641 0.057396 0.375432 -0.133889 0.556853 0.050233 0.029979 0.013080 0.232067 0.022091 -0.016614 -0.118647 -0.513551 -0.443012 -0.027669 0.144254 0.162915 -0.118372 0.142978 -0.072390 -0.294015 -0.128095 -0.378765 -0.241100 -0.415855 -0.302267 0.124848 -0.075657 0.226127 0.186113 0.114629 -0.140338 0.008389 0.162193 -0.247621 -0.179845 -0.152831 0.034738 -0.073051 -0.082838 -0.225669 -0.377065 -0.415854 -0.266812 -0.062123 -0.148525 -0.454860 -0.345028 -0.217652 -0.290496 -0.036084 -0.131125 -0.304703 -0.266717 -0.139481 -0.074614 -0.132144 -0.135572 -0.130880 -0.108344
-0.084101 0.255230 -0.437907 0.104338 -0.373752 0.033198 -0.082637 0.378930 -0.220490 0.099631 0.079710 0.679359 0.428615 1.000000 0.230727 0.614131 -0.152643 0.268618 -0.116100 -0.194936 -0.120422 -0.015742 -0.125847 -0.140829 -0.449882 -0.005950 -0.225725 -0.201483 0.150602 0.426421 -0.109885 0.115929 -0.202142 -0.022336 -0.254509 -0.037743 -0.072567 -0.107982 -0.276115 0.080906 -0.094502 0.228696 -0.217571 -0.303834 -0.297015 -0.194703 -0.250477 -0.436308 -0.066215 -0.067743 -0.026781 0.085737 0.140753 0.023025 -0.033626 0.071650 0.078213 -0.082952 0.039688 -0.178809 0.365616 0.297816 0.192087 0.448397 -0.072397 0.111008 -0.368760 -0.255673 -0.333217 -0.328099 0.213062 0.193883 0.411433 0.194735 0.165796 0.263124 -0.107689 0.134126 -0.127854 -0.200854 -0.201305 -0.022591 -0.091199 0.189091 -0.314348 0.081243 -0.224797 -0.120477 -0.256577 0.237334 -0.003914 -0.048196 0.143600 -0.301330 -0.289869 0.269514 -0.340818 -0.191082 -0.031170 -0.236604 0.073053 -0.023528 -0.162984 -0.488721 -0.180787 -0.142131 -0.070435 -0.320809 -0.130628 0.137048 -0.096328 0.010944 -0.037434 -0.139781 -0.206968 -0.367085
0.083923 0.046288 0.166814 -0.039725 0.124019 -0.041991 -0.034222 -0.183452 0.054726 -0.323211 0.432902 0.362988 0.648694 0.230727 1.000000 0.355588 -0.346070 -0.110053 0.182808 -0.281982 -0.031038 0.251199 0.413013 0.041464 0.062504 0.059796 0.455324 0.076206 0.214589 -0.073519 -0.053201 -0.183394 -0.494292 -0.284948 -0.078311 -0.178628 -0.061261 -0.117207 -0.037101 -0.278525 -0.191496 0.086229 -0.272186 -0.320755 -0.302758 -0.311069 -0.125285 -0.409289 -0.134659 -0.178850 0.302246 0.259642 0.015737 0.282729 0.156533 0.072649 -0.003099 0.127576 0.213830 -0.051296 0.255587 0.036288 -0.154571 -0.033936 0.353866 -0.008404 -0.052127 -0.102195 -0.186099 -0.063103 -0.041304 0.057699 0.039400 -0.115707 0.119818 -0.039748 -0.171795 -0.390264 -0.217708 -0.085993 -0.297676 -0.048341 0.267443 -0.194577 0.199526 0.344283 -0.069751 -0.068349 0.006063 0.181626 -0.172279 -0.085929 -0.187828 0.014385 0.041605 -0.121591 0.040192 -0.262406 -0.125651 -0.015217 -0.043352 -0.114326 -0.182939 -0.139498 -0.211594 -0.241335 0.091992 0.028240 -0.255476 -0.296526 -0.172932 -0.007211 -0.164860 -0.086725 -0.056520 0.055442
-0.202298 -0.039393 -0.440334 0.155613 -0.344019 0.177288 -0.318094 0.233000 -0.174249 0.346070 -0.070238 0.354132 0.170544 0.614131 0.355588 1.000000 -0.270268 0.154947 0.204755 -0.038677 -0.152099 -0.007120 -0.091699 0.088861 -0.430906 0.010035 -0.039880 -0.138689 0.225715 0.334088 -0.035786 0.073315 -0.225978 0.071535 -0.169186 0.005813 -0.072526 -0.198108 -0.231063 -0.007285 0.000212 0.102849 -0.242434 -0.298655 -0.175654 -0.130917 -0.030551 -0.337858 -0.107748 -0.021607 -0.088553 0.064260 0.058044 0.074994 -0.057647 0.058931 -0.153191 -0.098269 -0.144282 -0.108342 0.101577 0.387623 -0.085552 0.354116 0.044831 0.066676 -0.374555 -0.238839 -0.009664 -0.035896 0.095975 0.113244 0.218477 0.227352 0.067058 0.161211 -0.057616 -0.094212 -0.178120 -0.329041 -0.287021 -0.106314 0.123332 0.189882 -0.212400 0.310280 -0.319556 -0.076513 -0.200693 0.149369 0.150592 0.047193 0.278120 -0.344406 -0.124215 0.187833 -0.201386 -0.096610 0.119786 -0.036765 0.258962 -0.014635 0.068545 -0.217206 -0.042836 0.067732 0.280873 -0.121431 -0.052636 0.038158 -0.201294 0.078016 -0.032376 0.043598 -0.002916 -0.152206
0.399147 0.310375 -0.356310 -0.445478 -0.312080 -0.294276 -0.272520 -0.397418 -0.427604 -0.309876 0.250782 -0.016056 -0.264242 -0.152643 -0.346070 -0.270268 1.000000 0.462786 -0.105505 0.135127 -0.375687 -0.337149 -0.394270 -0.515317 -0.240899 -0.418188 -0.380509 -0.288685 0.307734 0.269537 -0.137718 -0.179009 0.165087 0.025566 -0.129154 -0.222024 0.285536 0.175357 0.152788 0.099913 -0.009382 -0.076426 0.212378 0.136918 0.081426 -0.044546 -0.053367 0.206960 -0.101532 -0.158820 0.018320 -0.096569 0.079029 0.124753 -0.131886 -0.047597 0.541765 0.198240 -0.124392 -0.152280 -0.072736 -0.243516 0.524324 0.064860 -0.034748 -0.241655 -0.092125 -0.206323 0.179383 0.048662 0.119678 -0.031251 0.340370 0.119644 0.193896 0.025450 0.475151 0.263869 0.596423 0.470759 0.831898 0.474113 -0.203565 0.033044 0.284808 -0.129488 0.312633 0.150883 0.250695 -0.187236 -0.206415 0.139778 -0.309514 -0.000921 0.065625 -0.012189 -0.046630 0.176256 -0.030115 0.059602 -0.079368 0.039540 -0.113452 -0.166790 -0.029758 -0.017963 -0.076916 -0.042976 0.084219 0.173510 0.278985 0.232819 0.163856 0.075709 -0.055282 -0.001495
0.275452 0.583198 -0.461906 -0.445649 -0.305157 -0.236191 -0.424700 -0.354566 -0.340863 -0.161804 -0.063421 0.070393 -0.196897 0.268618 -0.110053 0.154947 0.462786 1.000000 0.035226 0.190411 -0.498108 -0.431539 -0.282676 -0.555586 -0.272406 -0.471303 -0.396234 -0.389070 0.510340 0.746499 -0.062650 -0.035752 0.093771 0.185138 -0.149692 -0.366707 0.219036 -0.022890 -0.168798 -0.049688 0.040853 0.073016 0.135366 0.056078 0.127151 0.053002 0.074489 0.068041 0.046645 0.114545 -0.077970 0.119792 0.119910 0.200568 -0.091315 -0.034730 0.239845 0.155520 -0.220891 -0.224846 -0.000076 0.091566 0.341679 0.431199 -0.010742 -0.392837 -0.511405 -0.560118 0.183340 -0.024550 0.109349 0.023163 0.504016 0.384495 0.226339 0.400147 0.378970 0.167836 0.484742 0.442463 0.474368 0.650542 -0.151883 0.230761 -0.188031 -0.066777 -0.182478 -0.296101 -0.158408 -0.178890 -0.355386 0.051810 -0.329950 -0.285825 -0.303819 -0.036328 -0.253287 -0.037703 0.279523 0.115575 0.158636 0.161555 0.131360 -0.348864 -0.111734 -0.034318 0.005158 -0.346470 0.093387 0.080998 -0.115581 0.356288 0.322282 0.081195 -0.124904 -0.106423
-0.051285 -0.141942 0.103508 -0.022322 0.235809 0.271794 0.028352 -0.125828 0.011432 0.121327 -0.029000 -0.322342 -0.103405 -0.116100 0.182808 0.204755 -0.105505 0.035226 1.000000 0.365782 -0.147757 -0.137641 0.225969 0.151580 0.119458 -0.124880 -0.033205 -0.304245 0.314142 -0.020598 0.391143 0.213248 0.270428 0.434400 0.242463 0.132356 -0.039923 -0.294401 -0.107881 -0.215674 -0.104521 -0.058571 0.083288 -0.068588 0.154279 0.103759 0.183966 -0.055156 -0.069456 0.115565 -0.357775 -0.295733 -0.148325 -0.181457 -0.250061 -0.065943 -0.277752 -0.310154 -0.204381 0.028984 0.055555 -0.173646 -0.008228 0.062095 0.282524 -0.286037 0.100346 0.070328 0.264907 0.219340 -0.114650 -0.142522 0.013655 -0.049662 -0.036022 -0.072157 -0.057715 -0.173399 0.030636 -0.061868 -0.022969 0.232162 0.230544 -0.021131 -0.012230 -0.123870 -0.124014 -0.156740 -0.001739 -0.278904 0.079927 0.258611 -0.035755 -0.119156 -0.070134 -0.017924 -0.026398 -0.131851 0.014947 0.234465 -0.131605 -0.080072 0.267510 0.241488 -0.021247 0.215613 0.252319 0.291723 -0.029827 -0.021313 -0.064113 0.012005 -0.222111 0.122734 -0.182243 -0.101872
0.090817 0.099333 -0.240487 -0.094297 0.123531 0.249196 -0.314609 -0.252396 -0.042375 0.143484 -0.495774 -0.452211 -0.536352 -0.194936 -0.281982 -0.038677 0.135127 0.190411 0.365782 1.000000 -0.326556 -0.390197 -0.419730 -0.069091 -0.011110 -0.440863 -0.269508 -0.098272 -0.026674 0.021912 -0.290678 -0.274913 0.207027 0.382381 0.150466 0.259007 -0.179170 -0.073576 -0.262595 0.035744 -0.064895 -0.051419 0.169566 0.120339 0.199073 0.141852 0.239139 0.443425 0.062732 0.121131 -0.498742 -0.114331 0.061951 -0.153264 -0.415252 0.018500 -0.257829 -0.039824 -0.131156 0.106328 -0.318412 0.000536 -0.069781 -0.009012 -0.338539 -0.061122 -0.070772 0.070676 0.678297 0.628326 -0.110787 -0.219944 -0.156054 0.153588 -0.237513 -0.018547 0.296809 0.260961 0.361121 0.170339 0.270992 0.189888 0.154441 -0.117127 -0.301614 -0.240739 -0.133855 0.131429 -0.021196 -0.204581 0.371864 0.445475 0.177860 0.158433 0.096299 0.104716 0.125896 0.496223 0.482414 0.443233 0.149956 0.248303 0.594018 0.302961 0.329108 0.563574 -0.013642 0.319633 0.316139 0.357710 0.144760 0.111756 0.091140 0.090060 0.271731 0.075312
-0.299247 -0.419367 0.428934 0.465359 0.091307 -0.025403 0.325383 0.343112 0.429844 0.046467 0.050650 -0.122860 0.136962 -0.120422 -0.031038 -0.152099 -0.375687 -0.498108 -0.147757 -0.326556 1.000000 0.340266 0.468810 0.521507 0.236087 0.543507 0.427459 0.343782 -0.386598 -0.298972 0.346302 0.329484 -0.066301 -0.078393 0.153582 0.128936 -0.069818 0.058609 0.227121 0.076010 -0.020085 0.213909 -0.106932 -0.040758 -0.144404 -0.115977 -0.190400 -0.171834 -0.154956 -0.206173 0.132500 -0.177092 -0.030236 -0.031984 0.352590 0.026513 -0.209562 -0.046057 -0.108445 -0.120985 -0.120183 -0.261712 -0.391887 -0.306797 0.134243 0.138843 0.291847 0.346680 -0.165158 -0.098570 0.065901 0.128535 -0.171611 -0.016353 0.053454 -0.047708 -0.244177 -0.084315 -0.248917 -0.286509 -0.398044 -0.505304 -0.021034 -0.059193 0.132270 0.105497 0.216033 0.078499 0.022259 0.155762 -0.026529 -0.186476 0.115707 0.076525 0.033026 0.137444 0.066375 -0.060987 -0.311185 -0.058909 -0.151653 -0.075580 -0.264878 0.110274 -0.035808 -0.226935 -0.034643 -0.026618 0.073297 -0.023769 -0.025191 -0.217807 -0.010649 0.061060 -0.045474 0.023203
-0.048439 -0.278132 0.281137 0.235039 0.080616 -0.024214 0.129908 0.181368 0.388124 0.128361 0.212951 0.277121 0.219098 -0.015742 0.251199 -0.007120 -0.337149 -0.431539 -0.137641 -0.390197 0.340266 1.000000 0.292441 0.415939 0.217505 0.788843 0.394174 0.177508 -0.119705 -0.377558 0.161218 0.224119 -0.095284 -0.263366 0.179914 0.146716 -0.201796 -0.082596 -0.053898 -0.170229 -0.207124 0.090380 0.115500 0.090196 -0.188081 -0.066677 -0.009206 -0.158645 -0.158193 -0.173432 0.212089 -0.134291 -0.174388 -0.125505 0.050277 0.094967 0.010081 0.017949 -0.123700 -0.129942 0.012306 -0.037187 -0.257806 -0.218873 0.248102 0.198938 0.173045 0.236581 -0.337803 -0.132490 0.203870 0.039574 -0.053123 -0.187901 0.055515 -0.131748 -0.170940 -0.283328 -0.307755 -0.181375 -0.207338 -0.184362 -0.132401 -0.089341 0.254167 0.204785 -0.118029 -0.042311 0.013810 0.051231 0.051099 -0.378093 0.119848 -0.164216 0.207398 0.068572 0.257334 -0.231677 -0.083250 -0.043616 -0.065402 -0.129779 -0.184449 0.171972 -0.355510 -0.205519 -0.126830 -0.070634 -0.284616 -0.234746 0.210234 -0.124580 -0.024770 -0.036691 0.145543 0.109320
-0.213098 -0.264946 0.699082 0.160028 0.213347 -0.128381 0.287835 0.000655 0.284582 -0.230650 0.332908 -0.063071 0.362289 -0.125847 0.413013 -0.091699 -0.394270 -0.282676 0.225969 -0.419730 0.468810 0.292441 1.000000 0.388607 0.587638 0.348663 0.582453 0.292571 0.135537 -0.190350 0.513029 0.289643 -0.158367 -0.040939 0.307581 -0.079957 0.046625 -0.085409 0.212697 -0.229636 -0.079026 0.134937 0.019948 0.039554 0.048327 0.029562 0.061004 -0.261975 -0.036801 -0.068127 0.277930 -0.050550 -0.056403 0.130838 0.447106 -0.022066 -0.109165 -0.068462 -0.081807 -0.317507 0.032227 -0.366586 -0.372906 -0.384225 0.526715 -0.247391 0.072663 0.057142 -0.237406 -0.308870 -0.124377 0.282078 -0.090250 -0.067731 0.107509 -0.003554 -0.472346 -0.441597 -0.367643 -0.139436 -0.468272 -0.169149 0.092946 -0.019367 0.221723 0.096594 0.112891 -0.104117 0.079780 -0.097242 -0.263767 -0.188584 -0.263937 0.046933 -0.088990 -0.266688 0.182463 -0.382827 -0.227143 -0.103913 -0.262967 -0.367530 -0.297632 0.114397 -0.236029 -0.253395 0.053692 -0.048774 -0.228018 -0.362476 -0.204952 -0.132368 -0.125430 -0.009265 -0.091090 0.096496
-0.531384 -0.611995 0.304950 0.590831 0.129196 0.257647 0.204455 0.383443 0.425600 0.346562 -0.099421 -0.191134 -0.058551 -0.140829 0.041464 0.088861 -0.515317 -0.555586 0.151580 -0.069091 0.521507 0.415939 0.388607 1.000000 0.237113 0.573788 0.312002 0.237986 -0.291582 -0.375064 0.319723 0.511046 0.029542 0.068805 0.221265 0.203928 -0.151268 -0.177285 0.043630 0.059134 0.008514 0.187819 0.107207 0.088561 0.069987 0.129988 0.094511 -0.050701 0.007313 0.003227 -0.151014 -0.176563 -0.207440 -0.213224 -0.014055 0.066665 -0.451476 -0.263720 -0.358666 -0.139253 -0.169140 -0.084449 -0.371263 -0.212442 0.205886 0.018334 0.082467 0.246334 -0.124502 0.033677 -0.033417 0.131697 -0.324595 -0.053417 -0.077095 -0.069278 -0.250549 -0.202397 -0.261059 -0.230142 -0.361047 -0.348980 0.052526 0.101607 -0.119247 0.064970 -0.131718 -0.079097 -0.167031 -0.002428 0.346835 -0.039733 0.445540 -0.017986 0.072976 0.221276 0.086251 -0.058415 0.035565 -0.093399 0.045131 0.010125 0.088069 0.238767 -0.020125 0.232055 0.098686 0.060638 -0.071453 0.001187 -0.033791 -0.121682 -0.154815 -0.089439 0.242160 -0.015259
-0.233258 -0.257741 0.615024 -0.052136 0.529747 0.095808 0.244440 -0.233725 0.335202 -0.060791 0.042052 -0.362245 -0.062591 -0.449882 0.062504 -0.430906 -0.240899 -0.272406 0.119458 -0.011110 0.236087 0.217505 0.587638 0.237113 1.000000 0.267577 0.398121 0.226779 -0.081425 -0.311013 0.268143 0.038595 0.095343 0.070188 0.434213 0.152132 -0.113857 -0.132871 0.148379 -0.223964 -0.266829 0.050698 0.353925 0.471052 0.306798 0.336132 0.339776 0.248838 0.253496 0.158764 0.238007 0.042368 0.007600 -0.021928 0.174368 0.047436 -0.310950 -0.058868 -0.117351 -0.138970 -0.249368 -0.434476 -0.387831 -0.508862 0.213970 -0.224882 0.189284 0.217993 0.106302 0.085553 -0.152747 0.087720 -0.307525 -0.042041 -0.127575 -0.017216 -0.255404 -0.212599 -0.149581 0.021104 -0.214175 -0.128056 0.010657 -0.102687 0.052618 -0.169682 0.136493 0.060611 0.098997 -0.225347 -0.076136 -0.027721 -0.163256 0.254949 0.110167 -0.197353 0.379519 -0.109629 0.113021 0.139898 -0.296136 -0.149934 0.029601 0.393597 -0.087198 0.006952 -0.084111 0.147054 -0.059863 -0.111553 0.132050 -0.039720 0.064074 0.173579 0.134751 0.211755
-0.286396 -0.400907 0.360462 0.354784 0.129961 0.051340 0.350782 0.389644 0.432618 0.299851 0.146413 0.172561 0.114699 -0.005950 0.059796 0.010035 -0.418188 -0.471303 -0.124880 -0.440863 0.543507 0.788843 0.348663 0.573788 0.267577 1.000000 0.289746 0.135862 -0.254819 -0.344875 0.402188 0.500718 -0.026972 -0.243398 0.170972 0.165982 -0.169496 -0.100227 -0.016937 -0.012487 -0.161573 0.156088 0.160477 0.136423 -0.059470 0.052546 0.046520 -0.120355 0.045786 -0.010307 0.212136 -0.034794 -0.227693 -0.104644 0.094870 0.162564 -0.203294 -0.132140 -0.273416 -0.161195 -0.106003 -0.048445 -0.352164 -0.251660 0.216952 0.092806 0.187479 0.233622 -0.376978 -0.195248 0.236521 0.020180 -0.084786 -0.044170 0.052864 0.005529 -0.170258 -0.151698 -0.370231 -0.297116 -0.320875 -0.395489 -0.138880 0.112774 0.173308 0.120559 -0.049467 -0.048870 -0.064586 0.056960 0.082441 -0.269137 0.191462 -0.181147 -0.009182 0.276142 0.094332 -0.341448 -0.102565 -0.225297 -0.081604 -0.125400 -0.182342 0.031713 -0.359828 -0.189778 -0.113662 -0.127189 -0.119474 -0.010992 0.150060 -0.133958 0.023177 -0.070234 -0.109585 -0.045627
0.060824 -0.100840 0.463991 0.257942 0.139047 -0.056568 -0.070592 -0.147957 0.183292 -0.193343 0.131114 -0.029586 0.234660 -0.225725 0.455324 -0.039880 -0.380509 -0.396234 -0.033205 -0.269508 0.427459 0.394174 0.582453 0.312002 0.398121 0.289746 1.000000 0.642443 -0.111952 -0.432567 -0.049857 -0.177023 -0.519790 -0.367713 0.023172 -0.027381 0.037649 0.097552 0.256436 -0.150053 0.017464 0.250624 -0.004824 0.025782 -0.129428 -0.079290 0.057334 -0.035767 -0.095727 -0.242324 0.478932 0.202199 0.180361 0.350994 0.337012 0.071327 0.031592 0.254297 0.057377 -0.073881 -0.239077 -0.147794 -0.508052 -0.484291 0.222368 0.077242 -0.070488 0.003718 -0.065233 -0.060859 -0.057506 0.042468 -0.290832 -0.100523 0.088727 -0.045501 -0.278138 -0.392150 -0.299563 -0.133435 -0.418122 -0.318630 0.077004 -0.097931 0.173939 0.399381 0.049457 0.085336 -0.016399 0.274103 -0.031795 -0.114269 -0.120839 0.093613 0.150681 -0.285653 0.369338 -0.098542 -0.086727 0.196405 -0.082392 -0.039521 -0.213699 0.160332 0.022016 -0.169403 0.105849 -0.002435 -0.180101 -0.391484 -0.085716 -0.001458 0.014633 0.082539 0.059113 0.207082
0.012333 -0.122823 0.287273 0.433056 -0.139289 -0.070322 -0.118898 0.076482 0.066796 -0.172333 -0.156996 -0.075362 0.011236 -0.201483 0.076206 -0.138689 -0.288685 -0.389070 -0.304245 -0.098272 0.343782 0.177508 0.292571 0.237986 0.226779 0.135862 0.642443 1.000000 -0.317390 -0.480126 -0.322416 -0.325415 -0.302493 -0.183647 -0.022762 0.059775 0.039748 0.304037 0.189439 0.159133 0.285897 0.010626 -0.132470 0.031531 -0.161712 -0.074792 -0.061189 0.107331 -0.076204 -0.203094 0.268124 -0.000218 0.005246 0.134001 0.309889 0.007421 0.039744 0.241619 0.080506 -0.062731 -0.354386 -0.153654 -0.536319 -0.507256 -0.143742 0.381857 -0.131290 0.172636 -0.004368 -0.092555 -0.141749 0.173719 -0.410094 -0.060594 -0.064474 0.158288 -0.241772 0.004011 -0.189451 -0.133396 -0.346246 -0.380410 0.059145 -0.179129 -0.046889 0.236181 0.123289 0.233636 -0.111019 0.277360 0.068531 -0.180749 0.182248 0.188494 0.083426 -0.202978 0.333519 0.263383 0.035258 0.152826 0.156206 -0.159522 -0.086546 0.141740 0.344638 0.065479 0.014632 0.056467 0.177319 -0.052022 -0.048072 0.050376 0.046593 0.019357 0.160539 0.155260
0.108732 0.269696 -0.143234 -0.350468 -0.102549 -0.303711 -0.249631 -0.381513 -0.267007 -0.248263 0.222988 0.054768 0.092333 0.150602 0.214589 0.225715 0.307734 0.510340 0.314142 -0.026674 -0.386598 -0.119705 0.135537 -0.291582 -0.081425 -0.254819 -0.111952 -0.317390 1.000000 0.568093 0.309640 0.177600 0.122581 0.018863 -0.068651 -0.408526 0.477783 0.024228 0.180090 -0.024765 0.109035 -0.092982 0.100406 -0.015730 0.080662 -0.072687 0.048540 -0.219642 0.059002 0.017640 -0.035119 0.012628 -0.103249 0.100382 -0.000638 0.022105 0.164781 -0.033268 -0.180350 -0.334703 0.072544 -0.239321 0.292259 0.090556 0.121152 -0.581662 -0.361527 -0.514184 0.027950 -0.244430 0.111617 0.141460 0.687081 0.191655 0.207769 0.258481 0.158636 -0.059739 0.157037 0.287542 0.268320 0.559553 0.193102 0.148935 0.060097 -0.116277 -0.073769 -0.283133 0.027465 -0.365081 -0.421120 0.011533 -0.512831 -0.271983 -0.178175 -0.160945 -0.086627 -0.186194 -0.041155 0.066764 -0.107283 -0.157764 -0.102963 -0.111132 -0.262549 0.047185 0.179501 -0.130241 -0.063420 -0.050206 -0.031276 0.162434 -0.003481 0.095937 -0.081559 -0.107552
0.031111 0.289582 -0.381179 -0.284426 -0.277171 -0.213970 -0.259884 -0.064643 -0.308471 -0.062582 -0.026735 0.180893 -0.003345 0.426421 -0.073519 0.334088 0.269537 0.746499 -0.020598 0.021912 -0.298972 -0.377558 -0.190350 -0.375064 -0.311013 -0.344875 -0.432567 -0.480126 0.568093 1.000000 0.195320 0.240140 0.121257 0.211016 -0.139231 -0.320867 0.216001 -0.046033 -0.133545 0.015775 0.073230 0.113774 -0.038102 -0.087248 0.082462 -0.026020 -0.004587 -0.237046 0.066879 0.099955 -0.214072 0.006034 0.122801 0.040321 -0.057758 -0.135042 0.116947 -0.123017 -0.146530 -0.269658 0.202441 0.160681 0.346932 0.479245 -0.063553 -0.374938 -0.425741 -0.493871 0.013827 -0.230066 0.117631 0.207300 0.678510 0.361090 0.179492 0.358158 0.291063 0.142211 0.226463 0.211752 0.211136 0.403926 -0.006616 0.351857 -0.226186 -0.033244 -0.229603 -0.306989 -0.168612 -0.286208 -0.291716 0.048496 -0.254956 -0.270473 -0.293023 -0.050691 -0.401475 -0.045787 0.074147 0.000136 0.139802 -0.009801 0.066811 -0.327127 -0.150446 -0.037231 0.021941 -0.323224 0.065379 0.075452 -0.134506 0.168668 0.087732 0.052148 -0.019811 -0.168442
-0.375356 -0.437666 0.445823 0.113181 0.274589 0.099107 0.441870 0.267317 0.230481 0.147960 0.174486 -0.214244 0.020679 -0.109885 -0.053201 -0.035786 -0.137718 -0.062650 0.391143 -0.290678 0.346302 0.161218 0.513029 0.319723 0.268143 0.402188 -0.049857 -0.322416 0.309640 0.195320 1.000000 0.807772 0.413101 0.292625 0.236297 0.003907 -0.037729 -0.296163 0.058295 -0.207583 -0.087373 -0.047882 0.198631 0.093957 0.277270 0.201134 0.181293 -0.229775 0.106958 0.216773 -0.151866 -0.261774 -0.304360 -0.350667 -0.023602 -0.163542 -0.323075 -0.558757 -0.275651 -0.207911 0.201416 -0.202232 0.060467 0.070941 0.340319 -0.383688 0.186074 0.048133 -0.234383 -0.266643 -0.000102 0.027543 0.264566 -0.141345 -0.032541 -0.008405 -0.187170 -0.262451 -0.193466 -0.111969 -0.133840 0.046506 0.128333 0.244142 0.087776 -0.252106 -0.003208 -0.305217 0.057033 -0.477411 -0.138402 -0.094732 -0.189838 -0.183236 -0.189109 -0.058205 -0.144097 -0.441181 -0.259505 -0.170341 -0.263737 -0.192585 -0.059637 0.141282 -0.238486 -0.107395 0.108923 -0.076625 -0.128374 -0.144709 -0.076622 -0.204469 -0.146621 0.066330 -0.188465 -0.043483
-0.432661 -0.345014 0.181459 0.263736 0.104806 0.127421 0.366064 0.473471 0.265017 0.303803 0.026374 -0.039040 -0.002781 0.115929 -0.183394 0.073315 -0.179009 -0.035752 0.213248 -0.274913 0.329484 0.224119 0.289643 0.511046 0.038595 0.500718 -0.177023 -0.325415 0.177600 0.240140 0.807772 1.000000 0.434652 0.323266 0.142047 0.003039 -0.006326 -0.304851 -0.093702 0.055716 0.036458 0.050313 0.170128 0.044640 0.219928 0.246971 -0.023137 -0.273323 0.050950 0.152767 -0.302876 -0.308247 -0.343377 -0.390221 -0.168944 -0.088330 -0.307048 -0.533441 -0.410226 -0.211232 0.148531 -0.041257 0.121628 0.241894 0.224204 -0.318048 0.033329 -0.013786 -0.321511 -0.331166 0.016845 0.020430 0.337398 -0.018451 -0.026259 0.047027 -0.123170 -0.057896 -0.096044 -0.177177 -0.085077 0.008676 0.037569 0.359563 -0.100567 -0.222201 -0.139476 -0.380665 -0.147741 -0.308930 -0.010204 -0.107157 0.043472 -0.418484 -0.265210 0.244304 -0.351462 -0.442905 -0.114446 -0.243201 -0.162951 -0.070329 0.016495 -0.027896 -0.295321 -0.024370 -0.014149 -0.167097 -0.060061 0.089674 -0.037382 -0.076706 -0.048602 -0.053960 -0.119220 -0.269064
-0.264055 -0.216750 0.000021 0.050351 0.035917 0.245680 0.172245 0.213714 0.054695 0.228865 -0.259491 -0.432393 -0.421472 -0.202142 -0.494292 -0.225978 0.165087 0.093771 0.270428 0.207027 -0.066301 -0.095284 -0.158367 0.029542 0.095343 -0.026972 -0.519790 -0.302493 0.122581 0.121257 0.413101 0.434652 1.000000 0.671317 0.188343 0.205031 -0.133324 -0.245142 -0.168624 0.014598 0.023576 -0.234323 0.133728 0.166945 0.260593 0.259903 0.026612 0.114127 0.055151 0.180847 -0.457664 -0.531276 -0.305311 -0.658475 -0.326678 -0.189295 -0.286585 -0.386390 -0.162324 0.085974 0.083032 -0.215467 0.270146 0.205287 -0.048148 -0.159680 0.283981 0.226665 0.231090 0.147381 -0.166080 -0.147262 0.152611 -0.092366 -0.125033 0.013785 -0.092740 0.126597 0.174024 0.123495 0.267869 0.351823 0.050280 0.002010 -0.116041 -0.554704 -0.038093 -0.108540 0.141029 -0.432444 0.079075 -0.034620 0.051316 -0.247377 -0.030070 0.079449 -0.145517 0.047624 0.064397 0.082137 -0.136201 -0.080245 0.257053 0.271422 -0.047569 0.233420 -0.005441 0.220371 0.213955 0.232156 0.158157 -0.060137 -0.087332 0.250210 0.068493 -0.000687
-0.312691 -0.245256 -0.010658 0.113425 0.049877 0.392344 0.010349 0.228666 0.092531 0.255567 -0.396330 -0.367277 -0.357057 -0.022336 -0.284948 0.071535 0.025566 0.185138 0.434400 0.382381 -0.078393 -0.263366 -0.040939 0.068805 0.070188 -0.243398 -0.367713 -0.183647 0.018863 0.211016 0.292625 0.323266 0.671317 1.000000 0.329047 0.370788 -0.308614 -0.398024 -0.360408 -0.101557 -0.084886 -0.092881 -0.014178 0.000305 0.173563 0.250432 0.016198 0.017792 -0.199682 0.118426 -0.578673 -0.607713 -0.099901 -0.531394 -0.328752 -0.252226 -0.389688 -0.329758 -0.231483 0.014360 0.025909 -0.035607 0.062401 0.322349 0.066153 0.036224 0.163941 0.275038 0.345688 0.264346 -0.308870 0.002680 0.058520 -0.004094 -0.232578 0.016408 -0.097121 0.072291 0.194124 -0.009058 0.096002 0.245492 0.039659 0.010281 -0.346321 -0.384957 -0.101516 -0.071916 -0.081968 -0.337263 0.227952 0.027924 0.184010 -0.195226 -0.133024 0.034880 -0.133733 0.073493 0.163455 0.155530 -0.117175 -0.012945 0.424181 0.249845 0.088500 0.195148 -0.062420 0.197646 0.219880 0.202255 0.041314 0.083125 -0.182582 0.213292 0.138374 -0.071608
-0.223481 -0.354931 0.368293 -0.126967 0.228559 0.106628 0.030088 -0.152470 0.248900 0.004162 0.000809 -0.257694 -0.129221 -0.254509 -0.078311 -0.169186 -0.129154 -0.149692 0.242463 0.150466 0.153582 0.179914 0.307581 0.221265 0.434213 0.170972 0.023172 -0.022762 -0.068651 -0.139231 0.236297 0.142047 0.188343 0.329047 1.000000 0.506888 -0.208889 -0.283336 -0.071477 0.033481 -0.131313 -0.210426 0.227170 0.191206 0.163490 0.211750 0.151453 0.074682 -0.097151 -0.009127 -0.105257 -0.346554 -0.062183 -0.094150 -0.017939 -0.036628 -0.258195 -0.151458 -0.226230 -0.210682 -0.037112 -0.128178 -0.294769 -0.144725 0.373684 0.038739 0.310240 0.369008 0.092792 0.094658 -0.013368 0.195601 -0.238961 -0.099565 -0.249521 -0.088648 -0.092895 -0.023303 -0.214075 -0.071654 -0.173985 -0.091066 -0.127502 -0.086432 0.060001 -0.234911 -0.074742 -0.007006 0.184635 -0.285721 -0.030394 -0.097998 -0.133533 -0.078972 0.041898 0.018838 0.106284 -0.016111 -0.040767 -0.049297 -0.296502 -0.334670 0.099429 0.166332 -0.077514 0.104874 0.049107 0.037302 -0.063859 -0.002002 0.135905 -0.127628 -0.134528 -0.007074 0.103923 0.093493
-0.203062 -0.418103 0.117861 0.323225 0.126278 0.554026 0.078598 0.305706 0.038758 0.281063 -0.304902 -0.099801 -0.238659 -0.037743 -0.178628 0.005813 -0.222024 -0.366707 0.132356 0.259007 0.128936 0.146716 -0.079957 0.203928 0.152132 0.165982 -0.027381 0.059775 -0.408526 -0.320867 0.003907 0.003039 0.205031 0.370788 0.506888 1.000000 -0.541055 -0.333291 -0.338289 -0.102622 -0.369656 -0.063437 0.116864 0.122949 0.093086 0.167015 0.081903 0.177654 -0.053136 0.168560 -0.084530 -0.274153 0.085232 -0.333726 -0.317203 0.055756 -0.390125 -0.372384 0.026873 0.126551 -0.151256 0.066312 -0.329521 -0.058873 -0.079752 0.543820 0.412495 0.656863 0.086434 0.199826 -0.013101 -0.128789 -0.302162 -0.113980 -0.191272 -0.219463 -0.138243 0.038514 -0.214962 -0.452586 -0.251916 -0.384619 -0.080251 -0.198709 -0.193020 -0.157678 -0.117370 0.295996 0.116719 0.047616 0.474822 0.130388 0.333937 0.052684 0.114539 0.249871 0.183486 0.034817 0.123497 -0.009977 -0.072524 -0.098790 0.315788 0.251471 0.102062 0.021637 -0.043893 0.038616 -0.072236 0.181016 0.327389 -0.271422 -0.274424 0.028099 0.000982 -0.060154
