1.000000 0.355174 -0.141438 -0.122677 -0.205080 -0.073528 0.005877 -0.147632 0.136462 0.028429 0.376109 0.246303 0.344049 0.265337 0.080044 0.268222 0.230800 0.153949 0.030977 0.051453 -0.355360 -0.206130 -0.186733 -0.236800 -0.331565 -0.383695 -0.288060 -0.327181 0.127912 0.220772 -0.441880 -0.306802 -0.003416 -0.073520 -0.084990 -0.148885 0.015542 -0.162582 -0.033212 -0.063048 -0.191932 0.066593 0.054020 -0.018063 -0.005224 -0.045102 -0.033628 -0.053244 0.082281 0.229891 -0.241524 0.035821 0.111157 0.035323 -0.044134 -0.064726 0.306318 0.071166 0.188095 0.169721 0.513608 0.214992 0.173235 0.191961 0.032903 -0.086173 -0.091939 -0.226637 -0.180428 -0.164180 -0.350734 -0.249774 0.255664 0.099732 0.133017 0.198168 0.276750 0.037449 0.032030 0.043819 0.050857 0.063101 -0.060453 -0.057597 0.041226 0.036559 0.017478 -0.232920 -0.063966 0.014568 0.080446 0.062081 -0.052284 -0.097730 -0.254398 -0.053979 -0.084338 -0.161977 -0.031837 0.113292 0.180598 0.080554 -0.139497 -0.210430 -0.067808 -0.059788 0.127289 -0.187754 -0.126810 -0.087919 -0.081343 -0.079014 0.008467 0.028760 -0.138921 -0.030070
0.355174 1.000000 -0.371699 -0.132747 -0.143102 -0.187386 -0.409132 -0.170272 0.101228 0.120566 0.033271 0.271168 0.009998 0.055666 -0.044032 -0.066078 0.184420 0.497114 -0.168272 0.121001 -0.165484 -0.278014 -0.172126 -0.280212 -0.148901 -0.422969 -0.150070 -0.438957 -0.086706 0.214940 -0.300055 -0.409342 0.125243 0.077172 0.074500 -0.108333 -0.205568 -0.086504 -0.074833 -0.224096 -0.110488 0.043206 -0.290076 -0.521496 -0.272059 -0.377266 -0.312725 -0.161315 0.134023 -0.121065 -0.229201 0.325435 0.397212 0.212956 -0.013996 -0.393227 0.400053 0.409665 0.405689 0.606474 0.213448 0.541205 0.134368 0.506349 -0.279259 0.128891 -0.063933 -0.225104 -0.167597 -0.056189 -0.096349 -0.164889 0.249550 0.148313 0.337952 0.150384 0.448506 0.368171 -0.011920 0.014423 0.226778 0.008986 -0.121639 -0.355475 -0.037299 -0.211450 0.013238 -0.342665 -0.077694 0.172481 0.336103 0.252556 0.110577 0.118436 -0.241895 -0.029337 -0.316419 -0.332078 0.087783 0.359769 0.343965 0.089328 0.079195 0.092132 0.142961 0.336439 0.225615 0.069044 0.040544 -0.071758 -0.133611 0.065837 -0.034581 -0.171538 -0.023619 0.255973
-0.141438 -0.371699 1.000000 0.150285 0.538156 0.375944 0.680978 0.212717 0.398046 0.205260 0.006840 -0.055729 0.130054 0.016187 0.234220 0.000757 -0.554905 -0.482557 -0.031057 -0.137672 0.293613 0.229606 0.339145 0.179145 0.214369 0.221852 0.061567 0.344125 -0.140198 -0.333166 0.286622 0.240011 -0.078884 0.058419 0.194714 0.062520 -0.345528 -0.253365 -0.041669 -0.137672 0.116128 -0.221317 -0.027701 -0.018726 -0.153399 -0.156670 0.005628 -0.070214 0.114270 -0.145606 0.229126 0.082489 0.010657 0.142872 0.028274 -0.132079 -0.402025 -0.336383 -0.120308 -0.244038 0.028317 -0.175491 -0.415450 -0.356544 0.349103 0.189252 -0.029124 -0.007462 -0.129902 0.005274 0.110311 0.067918 -0.329864 -0.186499 -0.309277 -0.158187 -0.184373 -0.302477 -0.265959 -0.330966 -0.415531 -0.317987 0.080412 -0.019802 0.034125 -0.123623 -0.130127 0.052401 0.222464 -0.107675 0.088428 0.177887 0.113214 0.082178 0.047414 0.056194 0.044600 0.163363 -0.248524 -0.084321 -0.159118 0.074744 -0.235076 -0.119507 -0.040622 -0.179389 -0.220204 0.022254 -0.105576 0.044337 0.179180 -0.173074 0.116591 0.149273 -0.004121 -0.233850
-0.122677 -0.132747 0.150285 1.000000 0.031265 -0.007180 -0.006032 0.035793 -0.115493 0.083100 0.005808 0.045612 -0.126051 -0.009833 0.096631 0.324501 -0.194170 -0.357589 0.313530 0.391556 -0.064902 -0.079592 0.377861 0.638304 -0.020466 0.259653 -0.301989 0.008064 -0.339427 -0.154215 0.069687 0.117663 0.178410 -0.198351 -0.213775 -0.088222 -0.286080 -0.157510 -0.374401 -0.339593 -0.042023 -0.378306 -0.242527 -0.169357 -0.276756 -0.189177 -0.018061 0.059055 -0.239415 -0.222834 0.134400 0.237707 0.105394 0.300608 -0.093445 -0.247337 -0.099282 -0.153405 -0.218413 0.002167 -0.351046 -0.161972 -0.033607 -0.174861 0.439451 -0.085126 -0.101537 0.008501 -0.180175 0.050850 0.204294 0.184424 -0.209140 0.288366 0.210468 0.038892 -0.003415 -0.067737 0.073109 -0.325465 -0.148183 -0.100199 0.117757 0.195639 0.292527 0.197746 -0.284023 -0.012532 -0.053239 0.264771 0.078773 0.189810 0.024110 -0.050347 -0.227405 0.152280 -0.309133 -0.089437 -0.024085 0.077075 0.061273 0.000452 0.031658 -0.069499 -0.086334 0.098200 0.010528 -0.362077 0.224700 0.280608 -0.137322 0.055085 0.061875 0.015344 0.006809 0.004217
-0.205080 -0.143102 0.538156 0.031265 1.000000 0.465187 0.405688 0.372854 0.537716 0.541542 0.088804 0.070329 0.057459 0.154219 0.031689 -0.131522 -0.156041 -0.244789 -0.067588 -0.003452 0.129983 0.118379 -0.029728 0.042933 -0.097093 0.001903 0.010807 0.159610 -0.236308 -0.134711 0.169119 -0.002781 -0.075781 0.146097 0.230036 -0.085834 -0.276871 -0.289341 -0.115076 -0.222562 -0.168286 -0.174709 -0.092153 -0.021956 -0.136155 -0.125748 -0.077407 0.006864 0.160617 -0.139807 0.204416 0.180817 -0.007756 0.054954 -0.074067 -0.221280 -0.177673 -0.287681 0.016047 -0.123647 0.167289 0.181263 -0.188966 -0.086796 0.064339 0.472599 0.018232 0.072851 0.093215 0.105155 0.091314 0.041688 -0.165663 -0.191677 -0.095691 -0.050260 0.001679 -0.172490 -0.137180 -0.244438 -0.274065 -0.318615 -0.146507 -0.215921 -0.190199 -0.202370 -0.300228 -0.167578 0.081314 -0.077087 0.144888 0.097964 -0.014393 0.047145 -0.062843 -0.168347 -0.131702 -0.287704 -0.218119 -0.185863 -0.094769 0.119097 -0.253679 0.054683 0.036400 -0.020742 -0.260606 -0.008056 -0.006747 -0.091662 0.008776 -0.138085 -0.086525 -0.037130 0.134415 -0.138219
-0.073528 -0.187386 0.375944 -0.007180 0.465187 1.000000 0.403521 0.409948 0.152613 0.371726 -0.035556 -0.095673 -0.029978 -0.052632 -0.305509 -0.285559 -0.065367 -0.373610 0.002310 -0.200859 0.008260 0.086349 -0.260863 -0.103459 -0.201568 -0.028822 -0.018627 0.336121 -0.217137 -0.217469 0.194917 0.068495 -0.072159 0.180208 0.195500 0.199246 -0.263139 -0.262416 -0.009994 -0.029116 -0.125652 -0.173972 0.147304 0.278730 0.021225 0.174060 0.160943 0.090442 0.276264 -0.008755 0.342483 0.073157 -0.308112 -0.177850 0.127628 0.047577 0.017771 -0.088296 -0.102000 -0.243419 0.014972 -0.157152 -0.179423 -0.271097 -0.000867 0.173983 0.259694 0.297164 0.036234 -0.063362 -0.061985 -0.024562 -0.107578 -0.164876 -0.141380 -0.157492 -0.117350 -0.144722 -0.212134 -0.148427 -0.423627 -0.255669 -0.451551 -0.423408 -0.239512 -0.191435 -0.161205 -0.149423 0.092590 -0.115395 0.041797 -0.047367 0.081368 0.061566 -0.067581 -0.100057 0.168081 0.042802 -0.004397 0.047286 -0.162786 0.229384 -0.064379 0.151765 0.099056 -0.119009 0.008740 0.105280 -0.054874 -0.062641 0.145878 0.292052 0.132999 0.112435 -0.078392 -0.078556
0.005877 -0.409132 0.680978 -0.006032 0.405688 0.403521 1.000000 0.326470 0.438485 0.266447 0.242146 0.166307 0.379942 0.368756 0.102257 0.198248 -0.389340 -0.347723 0.021000 -0.168688 -0.110496 -0.112628 -0.010931 -0.120401 -0.149023 -0.073057 -0.227167 0.068902 -0.005709 -0.075649 0.131611 -0.064666 -0.055533 0.129516 0.103778 0.114709 -0.154645 -0.271494 -0.063529 -0.224444 0.110674 -0.156158 0.112521 0.164777 0.190609 0.188939 0.028157 0.020845 0.012159 0.174688 0.111307 -0.090430 -0.104759 -0.052882 0.057194 -0.076766 -0.216699 -0.322644 -0.246612 -0.374742 0.329159 -0.101180 -0.132974 -0.230264 0.339309 0.139788 0.171778 0.116384 -0.111048 0.117138 0.017536 -0.007695 -0.030157 -0.124959 -0.250488 -0.047397 -0.110442 -0.221086 -0.298687 -0.306381 -0.352670 -0.293395 -0.072925 -0.035438 -0.156678 -0.054302 -0.121332 -0.131420 -0.101336 -0.057290 -0.045940 0.105029 0.069734 0.016342 -0.195719 -0.084064 -0.006043 -0.064336 -0.367150 -0.259088 -0.023289 0.153004 -0.194813 0.035541 -0.105644 -0.351950 -0.123971 0.019233 -0.121329 -0.064708 0.027223 -0.227082 0.129421 -0.001150 -0.274921 -0.476615
-0.147632 -0.170272 0.212717 0.035793 0.372854 0.409948 0.326470 1.000000 0.116545 0.336389 -0.105324 -0.071661 -0.188225 0.212064 -0.418727 -0.268548 -0.218892 -0.119807 0.226192 -0.012758 -0.058438 -0.065837 -0.371334 -0.330994 -0.346722 -0.159970 -0.179989 -0.034604 0.016298 0.267413 0.219261 0.039020 0.132894 0.427764 0.101904 0.035440 -0.210745 -0.299932 -0.089122 0.049022 -0.042829 -0.176848 -0.012654 0.153333 0.202131 0.355339 -0.168030 -0.094218 -0.102036 0.030404 0.043691 0.039912 -0.296661 -0.270589 -0.034474 -0.097542 -0.094752 -0.363562 -0.274579 -0.145384 0.074341 0.093573 -0.096968 0.031640 -0.298706 0.122168 0.319205 0.344502 0.033632 0.110926 -0.021132 0.193851 0.190640 -0.002864 -0.004881 -0.079299 0.057960 0.050957 -0.159977 -0.135505 -0.223359 -0.205669 -0.149924 -0.086611 -0.430833 -0.182218 -0.248457 -0.236073 -0.223084 -0.182205 -0.121890 -0.295292 -0.086653 -0.194046 -0.163256 -0.030293 0.124405 -0.000169 0.048839 -0.310732 -0.113136 0.148149 0.010128 0.149482 0.134367 -0.225792 -0.080641 0.008577 0.027107 -0.129451 -0.076975 -0.001072 -0.032976 -0.105736 -0.038718 -0.062947
0.136462 0.101228 0.398046 -0.115493 0.537716 0.152613 0.438485 0.116545 1.000000 0.543174 0.268816 0.408566 0.419336 0.365817 0.238670 0.193579 -0.105022 0.038254 -0.375963 -0.238083 -0.118893 -0.195896 -0.060324 -0.210298 -0.236520 -0.361657 -0.156338 -0.312422 -0.043450 0.036786 -0.254521 -0.391410 -0.150512 -0.100293 0.131622 -0.231358 -0.332517 -0.058317 -0.146730 -0.177661 0.075247 0.007045 -0.019529 -0.161892 -0.024600 -0.270059 -0.012985 -0.042302 0.366332 0.176468 0.124885 0.285228 0.344647 0.203245 0.092690 -0.179941 0.094263 -0.267105 0.318772 0.135562 0.521923 0.394706 -0.122591 0.122178 0.083332 0.424415 -0.232605 -0.500200 -0.049930 -0.152948 -0.057133 -0.188876 0.077877 0.017668 0.011423 -0.133496 0.140054 -0.091435 -0.217782 -0.193356 -0.133712 -0.255194 -0.151322 -0.115524 -0.242153 -0.217531 -0.301126 -0.182102 0.032316 0.022740 0.379252 0.269803 0.244981 -0.103210 -0.108420 -0.195264 -0.147702 -0.239595 -0.128832 0.011818 0.208141 -0.042258 -0.296974 -0.089703 -0.087220 -0.058371 -0.144686 0.025954 0.047730 -0.104930 -0.151501 -0.361223 -0.119423 -0.045144 0.088059 -0.084314
0.028429 0.120566 0.205260 0.083100 0.541542 0.371726 0.266447 0.336389 0.543174 1.000000 0.011961 0.354006 0.081704 0.287473 -0.048649 0.110160 -0.135788 -0.179616 -0.063433 0.008662 -0.126229 -0.304477 -0.239660 -0.137253 -0.393787 -0.354432 -0.319075 -0.253341 -0.336294 -0.002914 -0.225209 -0.404834 0.043785 0.058077 0.204609 0.026444 -0.471175 -0.205191 -0.199226 -0.314208 -0.077879 -0.223848 0.039722 0.054527 0.136184 -0.002618 -0.030280 0.283414 0.418830 0.234291 0.181833 0.298105 0.064686 0.009607 -0.014204 -0.249114 0.025323 -0.192399 0.198374 0.113326 0.267717 0.283149 -0.121963 0.021183 -0.078059 0.474148 0.058910 -0.096432 0.144121 -0.006280 -0.070105 -0.062758 0.006211 -0.061267 0.164630 -0.039895 0.108985 0.028300 -0.304719 -0.249453 -0.251701 -0.411599 -0.196319 -0.343554 -0.245826 -0.223968 -0.236867 -0.312447 0.027254 0.037048 0.270696 0.168589 0.237594 0.003529 -0.349645 -0.241217 -0.109788 -0.420815 -0.047635 0.014072 -0.028622 -0.000168 -0.361667 0.014419 0.032702 -0.004122 -0.072894 -0.187780 0.056290 -0.095307 -0.056614 -0.136823 -0.144980 -0.154276 0.007352 -0.123480
0.376109 0.033271 0.006840 0.005808 0.088804 -0.035556 0.242146 -0.105324 0.268816 0.011961 1.000000 0.491600 0.562476 0.539114 0.304378 0.533963 0.111276 0.065585 -0.094113 -0.135598 -0.213919 -0.094622 0.015881 -0.008044 -0.128608 -0.096846 -0.227547 -0.140030 0.175979 0.237709 -0.101110 -0.172412 0.069193 -0.123880 -0.132583 -0.260483 0.074524 0.061798 -0.023725 -0.163439 0.050244 0.127209 -0.026253 -0.046964 -0.049984 -0.160862 -0.095707 -0.133895 -0.104569 0.065532 -0.131473 -0.085825 0.137932 0.179033 0.057049 -0.059761 -0.019308 -0.097282 -0.145898 -0.094009 0.489472 0.189211 0.367881 0.095141 0.401066 -0.035119 -0.158031 -0.218461 -0.359111 -0.117692 0.102013 -0.129702 0.198291 0.113015 0.087550 0.096187 0.105270 0.000877 -0.033640 -0.097600 0.144809 0.082207 -0.060323 0.090390 0.128989 0.219173 0.057587 -0.079261 -0.185572 0.332544 -0.042207 0.062358 -0.144473 -0.156654 -0.376003 -0.011282 -0.311551 -0.389597 -0.274041 -0.029105 0.030409 -0.177494 -0.203144 -0.274937 -0.304765 -0.323556 0.079418 -0.061026 -0.051060 -0.109242 -0.461155 -0.233974 -0.053462 -0.252417 -0.010359 -0.247582
0.246303 0.271168 -0.055729 0.045612 0.070329 -0.095673 0.166307 -0.071661 0.408566 0.354006 0.491600 1.000000 0.484188 0.679897 0.459623 0.638039 -0.164037 0.002614 -0.288538 -0.106452 -0.219747 -0.329170 0.095355 0.030403 -0.178248 -0.303488 -0.249131 -0.324990 -0.084770 0.240844 -0.227157 -0.378258 -0.037750 -0.221947 0.110352 -0.044261 -0.252883 -0.005089 -0.032088 -0.301427 0.273651 0.014469 -0.148723 -0.384375 -0.042719 -0.278919 -0.251381 -0.165174 0.160329 0.079425 -0.204720 0.240742 0.384211 0.277470 0.106458 -0.408061 0.086407 -0.253052 0.149304 0.141448 0.443896 0.562419 -0.044250 0.164718 0.250538 0.477783 -0.270428 -0.330410 -0.077424 0.071370 -0.091318 -0.151355 0.115655 0.181198 0.241027 0.081215 0.268792 0.097504 -0.404647 -0.320456 -0.014162 -0.360005 0.110995 0.053266 0.129976 0.026034 0.039644 0.007049 -0.140658 0.429143 0.259030 0.436793 0.320388 0.180645 -0.522155 -0.182710 -0.576037 -0.476709 -0.482672 -0.165813 0.054530 -0.206224 -0.474018 -0.135278 -0.089644 -0.122989 0.143483 -0.180496 0.086564 0.033348 -0.554910 -0.435938 -0.256158 -0.202242 0.057570 -0.016376
0.344049 0.009998 0.130054 -0.126051 0.057459 -0.029978 0.379942 -0.188225 0.419336 0.081704 0.562476 0.484188 1.000000 0.591920 0.411844 0.456568 -0.120204 -0.018010 -0.270883 -0.127025 -0.005587 -0.117638 0.123885 -0.073345 -0.088306 -0.246131 -0.127088 -0.247849 0.056615 -0.068585 -0.420145 -0.333564 -0.089859 -0.293308 -0.023492 0.026925 -0.120001 -0.145268 -0.032975 -0.223982 0.128917 -0.036113 -0.016196 -0.197811 0.025017 -0.149264 -0.181827 -0.246966 0.154392 0.102489 -0.176768 -0.031879 0.255970 0.074327 0.030080 -0.208038 -0.010094 -0.103122 0.160514 0.105336 0.586159 0.366240 0.001140 -0.021831 0.246089 0.248699 -0.160103 -0.169135 -0.203776 0.151430 0.042461 -0.265446 -0.063835 -0.099644 -0.186972 -0.034832 0.067878 -0.149325 -0.241988 -0.115980 -0.002766 -0.140514 0.050042 -0.042646 0.150111 0.112178 -0.005119 -0.099160 -0.073501 0.335786 0.235930 0.372782 0.237567 0.025536 -0.251472 0.013772 -0.324713 -0.155627 -0.408750 -0.093031 0.134265 0.072681 -0.359827 -0.226316 -0.193539 -0.160389 0.053973 -0.008261 0.044906 0.130987 -0.359611 -0.354842 0.000030 -0.174527 -0.129926 -0.293399
0.265337 0.055666 0.016187 -0.009833 0.154219 -0.052632 0.368756 0.212064 0.365817 0.287473 0.539114 0.679897 0.591920 1.000000 0.275613 0.512913 -0.228891 -0.035144 -0.094516 -0.051795 -0.242508 -0.356328 0.047899 -0.136563 -0.226100 -0.325966 -0.322220 -0.417504 -0.001067 0.192751 -0.321495 -0.414333 0.056450 -0.135834 0.081450 0.053768 -0.180695 -0.206528 -0.048969 -0.365133 0.106225 0.004455 -0.117531 -0.229021 0.129745 0.010885 -0.291565 -0.242627 0.046649 0.195117 -0.222880 -0.021027 0.258390 -0.015581 0.077704 -0.314251 -0.043923 -0.305729 -0.068807 0.023486 0.552833 0.485533 0.033164 0.095971 0.199530 0.407936 0.021697 -0.082221 -0.149876 0.140322 0.029039 -0.051374 0.062192 0.106283 0.175961 0.110979 0.239036 0.016869 -0.336582 -0.279337 -0.011865 -0.297488 0.124304 0.021262 0.030536 -0.029108 -0.022192 -0.152987 -0.150976 0.244834 0.147689 0.316248 0.176083 0.015432 -0.503785 -0.029208 -0.474348 -0.441979 -0.419103 -0.321445 0.011024 0.131154 -0.399503 -0.139735 -0.089477 -0.215797 0.140966 -0.091184 0.071609 -0.120902 -0.541432 -0.449445 -0.080435 -0.210791 -0.083656 -0.172420
0.080044 -0.044032 0.234220 0.096631 0.031689 -0.305509 0.102257 -0.418727 0.238670 -0.048649 0.304378 0.459623 0.411844 0.275613 1.000000 0.582445 -0.296689 -0.220449 -0.304827 -0.106951 0.236221 0.080389 0.671950 0.431779 0.415857 0.227857 0.188046 0.079290 -0.156621 -0.119408 0.007945 0.074818 0.008589 -0.265914 0.053558 -0.086060 -0.054892 0.142188 0.053607 -0.217516 0.263954 0.042029 -0.241810 -0.350987 -0.249723 -0.450860 -0.193623 -0.259001 0.126920 -0.091426 -0.011471 0.154185 0.281499 0.342231 0.116369 -0.281331 -0.121736 -0.172977 0.199130 0.078593 0.077068 0.139317 -0.231042 -0.119452 0.509828 0.227521 -0.388938 -0.342998 -0.091573 -0.016429 0.149180 -0.123114 -0.282113 -0.039852 -0.149315 0.011516 0.132913 -0.213204 -0.218206 -0.349800 0.025621 -0.191504 0.470920 0.191982 0.456439 0.045367 0.264743 0.289242 0.240306 0.277469 0.126463 0.383783 0.149993 0.325040 -0.099810 0.069274 -0.432204 -0.122679 -0.508239 0.050214 -0.111355 -0.265377 -0.419568 -0.274558 -0.179856 -0.125200 -0.175221 -0.305239 0.017926 0.218342 -0.246184 -0.346134 -0.204702 -0.103843 -0.009162 -0.018774
0.268222 -0.066078 0.000757 0.324501 -0.131522 -0.285559 0.198248 -0.268548 0.193579 0.110160 0.533963 0.638039 0.456568 0.512913 0.582445 1.000000 -0.139582 -0.194983 -0.041462 -0.004503 -0.244262 -0.238050 0.367801 0.345384 -0.000454 0.028399 -0.324482 -0.216715 -0.072561 0.167243 -0.214829 -0.198098 -0.014623 -0.375554 -0.256676 -0.239608 -0.054108 0.023144 -0.152678 -0.283989 0.166377 0.021719 -0.166356 -0.175930 -0.117632 -0.203281 -0.131152 -0.044304 -0.115300 0.071036 -0.221090 0.058269 0.226796 0.225315 0.079189 -0.190842 0.060021 -0.150543 -0.071065 0.005082 0.311177 0.119925 0.159834 -0.015568 0.585796 -0.006140 -0.233168 -0.303769 -0.193669 0.086877 -0.018252 -0.085284 0.008723 0.116967 0.157451 0.048812 0.024011 -0.118522 -0.108917 -0.276576 -0.042955 -0.169955 0.222423 0.341642 0.301472 0.140754 0.100635 0.092020 -0.066733 0.399751 0.009908 0.374866 0.186095 0.068556 -0.429824 -0.042017 -0.520227 -0.349488 -0.355715 -0.067869 -0.032750 -0.168617 -0.287095 -0.204621 -0.172135 -0.084089 -0.012135 -0.302451 0.083780 0.123878 -0.341515 -0.280364 -0.146553 -0.221910 -0.060243 -0.206508
0.230800 0.184420 -0.554905 -0.194170 -0.156041 -0.065367 -0.389340 -0.218892 -0.105022 -0.135788 0.111276 -0.164037 -0.120204 -0.228891 -0.296689 -0.139582 1.000000 0.557151 -0.084821 -0.106120 -0.287866 0.112132 -0.388732 -0.212455 -0.148262 -0.159510 -0.015542 -0.142340 0.258603 0.268429 -0.190401 -0.182277 0.037337 0.097562 -0.225362 -0.267601 0.343007 0.199426 0.026281 0.169789 -0.303072 0.267990 0.258264 0.236073 0.151684 0.107921 0.312242 0.111444 -0.071039 0.180219 0.126775 -0.166705 -0.070572 -0.035104 0.111229 0.291951 0.292604 0.258572 0.176051 0.012133 0.180118 0.060793 0.661833 0.454006 -0.112729 -0.170061 -0.014818 -0.141235 0.056925 -0.302627 -0.222350 -0.235080 0.379548 0.008303 0.196832 0.035002 -0.089989 -0.102914 0.560920 0.511740 0.418696 0.566076 -0.373393 -0.139185 -0.115005 -0.003972 -0.010218 -0.077582 0.025029 0.041890 -0.265840 -0.312517 -0.259297 -0.150511 0.084827 -0.241148 0.154745 -0.088049 0.304384 0.332241 0.023086 -0.124641 0.145635 -0.163680 -0.315824 -0.064593 -0.147469 -0.075189 -0.026509 -0.022331 -0.083483 0.301785 0.159298 -0.070390 -0.122308 0.058764
0.153949 0.497114 -0.482557 -0.357589 -0.244789 -0.373610 -0.347723 -0.119807 0.038254 -0.179616 0.065585 0.002614 -0.018010 -0.035144 -0.220449 -0.194983 0.557151 1.000000 -0.133924 -0.000218 -0.241768 -0.053557 -0.396957 -0.513507 -0.270893 -0.396922 -0.058796 -0.430840 0.324857 0.446853 -0.269011 -0.305029 0.100604 0.211774 -0.028954 -0.099470 0.167758 0.177691 -0.104609 0.042354 -0.106364 0.189351 0.023122 -0.172896 0.143773 -0.005755 0.033752 -0.076274 -0.083574 0.148918 -0.182976 0.020138 0.200748 -0.003339 -0.063121 0.037747 0.253993 0.275094 0.280300 0.288202 0.269416 0.381679 0.452899 0.691685 -0.288783 -0.102185 -0.027697 -0.245529 -0.077508 -0.115208 -0.154793 -0.104185 0.381611 0.204290 0.179629 0.045205 0.170450 0.118520 0.275727 0.415835 0.499122 0.495734 -0.304366 -0.217234 -0.197739 -0.056676 0.036614 -0.309008 -0.180003 0.072583 -0.041874 -0.210095 -0.163429 -0.146818 -0.003213 -0.053252 0.017220 -0.140807 0.329968 0.201877 0.337510 -0.088095 0.233274 -0.067037 -0.125048 0.003746 0.091531 0.067521 0.051869 -0.018762 -0.164334 0.079262 0.179259 -0.188271 -0.119411 0.117783
0.030977 -0.168272 -0.031057 0.313530 -0.067588 0.002310 0.021000 0.226192 -0.375963 -0.063433 -0.094113 -0.288538 -0.270883 -0.094516 -0.304827 -0.041462 -0.084821 -0.133924 1.000000 0.556762 -0.173212 -0.308849 -0.159485 -0.023351 -0.268428 0.041980 -0.404257 -0.072559 -0.101711 0.028726 0.058092 -0.003953 0.202328 0.144355 -0.054252 0.092978 -0.043726 -0.361461 -0.115586 -0.182668 -0.156571 -0.361102 -0.031589 0.170019 0.270841 0.452246 -0.054734 -0.010989 -0.286361 0.101481 -0.188018 -0.241335 -0.321375 -0.344371 -0.338011 -0.067679 0.039226 0.107443 -0.334249 -0.101158 -0.222000 -0.243921 0.111097 -0.016567 -0.016359 -0.243721 0.395972 0.387586 0.045047 0.150655 -0.125129 0.050181 -0.159591 -0.061331 0.120160 -0.038771 -0.010243 -0.153471 0.111392 0.059303 -0.046591 -0.005237 0.072983 0.124608 0.033735 0.312393 -0.180513 -0.130618 -0.245111 -0.013065 -0.317564 -0.173245 -0.243947 -0.252713 -0.222818 -0.026747 0.149589 -0.014393 0.220229 -0.309594 -0.100299 0.113387 0.206360 0.168336 0.003058 0.035792 0.160043 -0.114806 0.112104 -0.011381 0.109967 0.179546 0.221094 -0.110027 -0.090578 -0.146685
0.051453 0.121001 -0.137672 0.391556 -0.003452 -0.200859 -0.168688 -0.012758 -0.238083 0.008662 -0.135598 -0.106452 -0.127025 -0.051795 -0.106951 -0.004503 -0.106120 -0.000218 0.556762 1.000000 -0.172695 -0.261474 -0.029848 0.196924 -0.292884 -0.118620 -0.348682 -0.331436 -0.213783 -0.019160 -0.209800 -0.066929 0.280113 0.207512 -0.133310 -0.054249 -0.152894 -0.493068 -0.469014 -0.523923 -0.390954 -0.480683 -0.161927 -0.071427 0.070085 0.145323 -0.088168 0.110982 -0.195046 0.041341 -0.213445 -0.003983 -0.132465 -0.186643 -0.668884 -0.347783 0.013507 0.043830 -0.134241 0.097725 -0.242094 0.022578 -0.044325 0.118638 0.101769 -0.091340 0.072032 0.278612 -0.031857 0.441427 -0.047527 0.001994 -0.161062 0.025776 0.272079 0.163162 0.154484 0.230618 0.059231 -0.136086 0.081151 0.111577 0.016493 0.036242 0.112411 0.299183 -0.331883 -0.437389 -0.218380 -0.140245 0.073193 0.082466 -0.132489 -0.006223 -0.225599 0.074408 -0.083052 -0.185828 0.120640 -0.089647 0.120482 0.176030 0.246242 0.131321 0.170814 0.407193 0.147664 -0.182548 -0.086790 0.228010 0.118714 0.212268 0.121954 -0.138168 -0.184923 0.206264
-0.355360 -0.165484 0.293613 -0.064902 0.129983 0.008260 -0.110496 -0.058438 -0.118893 -0.126229 -0.213919 -0.219747 -0.005587 -0.242508 0.236221 -0.244262 -0.287866 -0.241768 -0.173212 -0.172695 1.000000 0.501113 0.369460 0.213433 0.487971 0.354673 0.487476 0.464843 -0.098450 -0.296209 0.381125 0.392923 -0.000946 -0.089906 0.157825 0.198620 0.026731 0.216714 0.269889 0.110574 0.308031 0.081443 -0.084761 -0.088377 -0.236229 -0.207518 -0.293995 -0.163613 0.040635 -0.299681 -0.009728 -0.029691 0.048246 0.079679 -0.005738 -0.144147 -0.211396 -0.005348 0.145120 0.024088 -0.276670 -0.113092 -0.401361 -0.242061 -0.123550 0.086875 -0.047018 0.059364 -0.102934 0.028105 0.418342 0.284394 -0.292840 0.001728 -0.216448 0.035622 -0.028302 0.031728 -0.170856 -0.139848 -0.104710 -0.194024 0.111510 0.011311 0.049533 -0.210288 0.202195 0.287045 0.237282 0.004474 0.044733 -0.029179 0.150867 0.251876 0.324221 0.425858 0.092918 0.257601 -0.142923 -0.065287 -0.115029 -0.025733 -0.151208 0.054249 0.110306 0.051650 0.007660 0.153920 0.087636 0.060347 0.065961 -0.012323 -0.012804 -0.085917 0.135783 0.042199
-0.206130 -0.278014 0.229606 -0.079592 0.118379 0.086349 -0.112628 -0.065837 -0.195896 -0.304477 -0.094622 -0.329170 -0.117638 -0.356328 0.080389 -0.238050 0.112132 -0.053557 -0.308849 -0.261474 0.501113 1.000000 0.237028 0.217156 0.479293 0.469463 0.504112 0.578598 0.314286 -0.062877 0.499057 0.667928 -0.068617 0.082103 0.046765 -0.039005 0.158848 0.233597 0.252065 0.391569 0.065017 0.198687 0.070252 0.145026 -0.286511 -0.228301 0.178012 -0.005569 -0.106448 -0.367364 0.070012 -0.087743 -0.114291 0.144146 0.020931 0.228033 -0.306826 -0.141769 0.002271 -0.285911 -0.201314 -0.226284 -0.021968 -0.183828 0.073829 -0.130361 -0.303050 -0.040322 -0.104617 -0.084111 0.219078 0.094210 -0.032382 -0.138795 -0.316217 -0.079360 -0.288897 -0.194882 0.284521 0.270632 0.082013 0.383956 -0.044261 0.100818 0.087119 -0.096927 0.185317 0.236814 0.299616 -0.118917 -0.165672 -0.182706 -0.136118 0.016706 0.474926 0.215673 0.176393 0.413053 -0.068281 0.078185 -0.117944 0.038884 -0.039949 -0.371790 -0.272883 -0.197493 -0.242000 0.056161 -0.155132 0.159687 0.164859 0.140814 -0.158324 0.082401 -0.040598 0.014549
-0.186733 -0.172126 0.339145 0.377861 -0.029728 -0.260863 -0.010931 -0.371334 -0.060324 -0.239660 0.015881 0.095355 0.123885 0.047899 0.671950 0.367801 -0.388732 -0.396957 -0.159485 -0.029848 0.369460 0.237028 1.000000 0.746340 0.655957 0.553636 0.252048 0.328385 -0.263869 -0.371307 0.214422 0.311967 0.091763 -0.318401 0.065612 0.023670 -0.140218 0.026309 0.078708 -0.107810 0.203156 -0.092289 -0.255589 -0.336237 -0.417182 -0.472251 -0.140510 -0.186075 0.070409 -0.317929 0.122258 0.160871 0.316725 0.421909 0.157318 -0.225170 -0.177460 -0.156177 0.098702 0.005302 -0.226659 -0.090545 -0.357877 -0.321802 0.503433 0.127751 -0.360669 -0.203509 -0.092705 -0.026669 0.234549 0.201506 -0.531361 -0.078450 -0.213531 -0.014275 -0.009229 -0.186327 -0.176871 -0.374291 -0.128670 -0.244330 0.459241 0.263456 0.496721 -0.060910 0.275249 0.345413 0.428511 0.201193 0.073807 0.349452 0.123882 0.269473 0.049336 0.274456 -0.387619 0.140210 -0.345169 0.038156 -0.230509 -0.040277 -0.240059 -0.260025 -0.068663 0.078217 -0.117107 -0.176492 0.007484 0.231579 -0.098846 -0.193013 -0.018343 0.135718 0.111492 0.109090
-0.236800 -0.280212 0.179145 0.638304 0.042933 -0.103459 -0.120401 -0.330994 -0.210298 -0.137253 -0.008044 0.030403 -0.073345 -0.136563 0.431779 0.345384 -0.212455 -0.513507 -0.023351 0.196924 0.213433 0.217156 0.746340 1.000000 0.470752 0.670471 0.158394 0.427096 -0.313222 -0.444742 0.256087 0.430405 -0.019270 -0.354478 -0.126703 -0.033859 -0.083407 -0.011343 -0.132587 -0.144918 0.055336 -0.186756 -0.198840 -0.085124 -0.453566 -0.367638 0.024096 0.093511 -0.057652 -0.312211 0.193283 0.219029 0.180668 0.399682 -0.021054 -0.137969 -0.190478 -0.200504 -0.123868 -0.157416 -0.418398 -0.286098 -0.209797 -0.448653 0.527032 -0.007726 -0.367158 -0.032628 0.039943 0.090348 0.206630 0.111490 -0.415476 -0.041778 -0.011229 -0.038981 -0.098169 -0.139685 0.037481 -0.354625 -0.117011 -0.154144 0.401390 0.365784 0.529723 0.118291 0.089236 0.365567 0.238335 0.181303 0.039533 0.278714 0.085844 0.220491 0.047140 0.246193 -0.327519 0.125422 -0.272875 0.123734 -0.186435 -0.042105 -0.165783 -0.188432 -0.041665 0.213928 -0.203497 -0.302341 0.032673 0.220698 -0.020368 -0.005172 -0.027923 0.187900 0.103524 0.121943
-0.331565 -0.148901 0.214369 -0.020466 -0.097093 -0.201568 -0.149023 -0.346722 -0.236520 -0.393787 -0.128608 -0.178248 -0.088306 -0.226100 0.415857 -0.000454 -0.148262 -0.270893 -0.268428 -0.292884 0.487971 0.479293 0.655957 0.470752 1.000000 0.656960 0.696581 0.577596 -0.049554 -0.383391 0.431564 0.438079 -0.031642 -0.166838 0.131275 0.012492 0.130405 0.237900 0.417915 0.260662 0.318349 0.154846 -0.169994 -0.164030 -0.434387 -0.407183 -0.058053 -0.249707 -0.042733 -0.388269 0.086162 -0.056926 0.081483 0.260512 0.311328 -0.006314 -0.216663 0.030522 0.005250 -0.097382 -0.344439 -0.182309 -0.254672 -0.282524 0.208459 0.076915 -0.218863 -0.055145 0.065705 -0.075657 0.259952 -0.025669 -0.296068 -0.192609 -0.233703 -0.112175 -0.179263 -0.160002 0.113307 -0.055901 0.040636 -0.026025 0.462885 0.165726 0.417687 -0.050540 0.462625 0.603380 0.585625 0.154037 -0.079748 0.083886 0.029653 0.354659 0.393905 0.133110 -0.092453 0.259881 -0.282178 0.009772 -0.304948 -0.175930 -0.185784 -0.219828 -0.073951 0.026200 -0.208400 0.034083 -0.094069 -0.001030 0.065655 -0.129658 -0.093551 0.207360 0.094623 0.094841
-0.383695 -0.422969 0.221852 0.259653 0.001903 -0.028822 -0.073057 -0.159970 -0.361657 -0.354432 -0.096846 -0.303488 -0.246131 -0.325966 0.227857 0.028399 -0.159510 -0.396922 0.041980 -0.118620 0.354673 0.469463 0.553636 0.670471 0.656960 1.000000 0.448434 0.737561 -0.027156 -0.384722 0.551600 0.719681 -0.150799 -0.244357 -0.139582 -0.030635 0.164104 0.156315 0.220387 0.212430 0.119781 0.074808 -0.089142 0.058751 -0.385440 -0.253660 0.105595 0.026382 -0.122721 -0.384220 0.153355 0.061709 -0.024071 0.244493 0.106641 0.126198 -0.244222 -0.137189 -0.170713 -0.297264 -0.467330 -0.467825 -0.135435 -0.540378 0.355760 -0.195699 -0.303668 0.021140 0.045177 -0.002527 0.191153 0.046586 -0.312649 -0.199083 -0.265993 -0.201492 -0.276730 -0.327356 0.164535 -0.043957 -0.016803 0.040975 0.353462 0.371635 0.418451 0.106568 0.330796 0.602855 0.290863 0.098413 -0.216978 0.009309 -0.215947 0.193595 0.343170 0.182183 -0.009134 0.388915 -0.197134 0.041544 -0.245623 -0.011689 -0.020547 -0.243327 -0.084748 0.022220 -0.288096 -0.077724 -0.000036 0.062736 0.173960 -0.044865 0.067577 0.209533 0.151223 -0.066626
-0.288060 -0.150070 0.061567 -0.301989 0.010807 -0.018627 -0.227167 -0.179989 -0.156338 -0.319075 -0.227547 -0.249131 -0.127088 -0.322220 0.188046 -0.324482 -0.015542 -0.058796 -0.404257 -0.348682 0.487476 0.504112 0.252048 0.158394 0.696581 0.448434 1.000000 0.639985 -0.004626 -0.343243 0.310820 0.332657 -0.298475 -0.094372 0.288603 0.118165 0.201420 0.308742 0.437138 0.433674 0.196841 0.310215 -0.020356 -0.057805 -0.316683 -0.293087 0.039664 -0.129787 0.105069 -0.362869 0.090139 -0.023981 -0.105389 0.078028 0.242813 0.120403 -0.089646 -0.015671 0.079284 -0.131026 -0.349398 -0.166033 -0.261326 -0.251320 -0.076275 0.121666 -0.162144 0.015165 0.216750 -0.087755 0.154151 0.003371 -0.162819 -0.132886 -0.300330 -0.008268 -0.175096 0.024292 0.104544 0.116798 0.165268 0.060631 0.254980 0.024487 0.211127 -0.049421 0.487119 0.522679 0.466291 -0.089872 -0.001762 -0.120962 -0.029416 0.336694 0.538200 0.142512 0.150641 0.271909 -0.133167 -0.122445 -0.230493 -0.167634 -0.164205 -0.054238 0.094639 0.034703 -0.154543 0.235928 -0.076809 -0.031002 0.215513 -0.077113 -0.203836 0.160515 0.144000 0.271327
-0.327181 -0.438957 0.344125 0.008064 0.159610 0.336121 0.068902 -0.034604 -0.312422 -0.253341 -0.140030 -0.324990 -0.247849 -0.417504 0.079290 -0.216715 -0.142340 -0.430840 -0.072559 -0.331436 0.464843 0.578598 0.328385 0.427096 0.577596 0.737561 0.639985 1.000000 -0.120295 -0.457973 0.617439 0.599521 -0.228254 -0.075795 0.233108 0.197369 0.127278 0.154457 0.346529 0.391209 0.242080 0.090570 -0.049270 0.180904 -0.340987 -0.140727 0.064262 0.001131 0.032047 -0.344909 0.173506 -0.014216 -0.289791 0.081822 0.163171 0.204950 -0.146212 -0.096026 -0.152300 -0.402234 -0.382551 -0.485632 -0.236064 -0.489245 0.139113 -0.020570 -0.087660 0.240843 0.105549 -0.083125 0.091235 0.106770 -0.307432 -0.234661 -0.352990 -0.091526 -0.249979 -0.229803 -0.033166 -0.044445 -0.180551 -0.099289 0.153078 0.077082 0.275100 0.050368 0.394753 0.565005 0.391460 0.009900 -0.270480 -0.181374 -0.127788 0.206451 0.385584 0.186973 0.181372 0.355178 -0.242548 -0.118271 -0.362237 -0.018412 -0.143843 -0.042334 0.013757 -0.110793 -0.201386 0.090344 -0.049876 -0.023053 0.275620 0.092020 -0.029990 0.143089 0.039790 -0.030495
0.127912 -0.086706 -0.140198 -0.339427 -0.236308 -0.217137 -0.005709 0.016298 -0.043450 -0.336294 0.175979 -0.084770 0.056615 -0.001067 -0.156621 -0.072561 0.258603 0.324857 -0.101711 -0.213783 -0.098450 0.314286 -0.263869 -0.313222 -0.049554 -0.027156 -0.004626 -0.120295 1.000000 0.468446 0.059543 0.253950 -0.109033 -0.031630 -0.386980 -0.334705 0.450287 0.203505 0.264053 0.468804 0.034282 0.452120 0.284502 0.187584 0.169155 0.113398 0.335306 -0.026200 -0.208431 0.021034 -0.136705 -0.175134 0.152297 0.023057 0.122287 0.355250 -0.294937 -0.227634 -0.232201 -0.287346 0.108666 -0.081089 0.253274 -0.003862 -0.089645 -0.393110 -0.264647 -0.304545 -0.205737 -0.136811 0.023510 -0.054636 0.436411 -0.080073 -0.153326 -0.129221 -0.142731 0.035483 0.300275 0.387615 0.404989 0.517435 -0.000192 0.441739 -0.092818 0.106415 -0.065184 0.135256 -0.267572 -0.202294 -0.117382 -0.131569 -0.269394 -0.312687 0.375962 -0.028823 0.391067 0.373602 0.145120 0.005697 0.053725 0.010099 0.062102 -0.361500 -0.395398 -0.378331 -0.204355 0.064420 -0.157480 -0.123731 -0.085056 -0.178643 -0.213702 -0.027478 0.113513 -0.066182
0.220772 0.214940 -0.333166 -0.154215 -0.134711 -0.217469 -0.075649 0.267413 0.036786 -0.002914 0.237709 0.240844 -0.068585 0.192751 -0.119408 0.167243 0.268429 0.446853 0.028726 -0.019160 -0.296209 -0.062877 -0.371307 -0.444742 -0.383391 -0.384722 -0.343243 -0.457973 0.468446 1.000000 0.087845 -0.044530 0.222366 0.335919 -0.181607 -0.397313 0.189114 0.208929 0.067665 0.090060 -0.001216 0.202801 0.122107 0.107585 0.300392 0.209088 -0.005273 -0.047974 -0.287878 0.161392 -0.233534 -0.078815 -0.047128 -0.069684 0.126201 0.043913 0.131641 -0.032056 -0.179114 -0.059395 0.237512 0.204795 0.341086 0.460822 -0.188774 -0.276059 -0.001160 -0.216170 -0.151488 -0.104632 -0.040763 0.167479 0.617810 0.337743 0.190065 0.169166 0.243933 0.256378 0.130411 0.313375 0.126338 0.350476 -0.238456 0.144100 -0.395660 -0.045285 -0.046747 -0.251293 -0.366844 -0.038082 -0.313208 -0.311005 -0.277883 -0.356343 -0.238385 -0.155690 0.052818 -0.192058 0.201999 -0.063912 0.012783 -0.236298 0.038499 -0.051931 -0.262603 -0.335238 -0.049758 -0.034784 -0.130352 -0.108290 -0.179019 0.003797 -0.225509 -0.359095 -0.035517 0.039047
-0.441880 -0.300055 0.286622 0.069687 0.169119 0.194917 0.131611 0.219261 -0.254521 -0.225209 -0.101110 -0.227157 -0.420145 -0.321495 0.007945 -0.214829 -0.190401 -0.269011 0.058092 -0.209800 0.381125 0.499057 0.214422 0.256087 0.431564 0.551600 0.310820 0.617439 0.059543 0.087845 1.000000 0.714661 0.135595 0.275892 0.168591 0.079747 0.064385 0.270280 0.361505 0.268097 0.255868 0.009317 0.055295 0.217371 -0.131310 0.015509 -0.023223 -0.007149 -0.274441 -0.329590 0.059269 -0.140051 -0.235185 0.096421 0.161749 0.008253 -0.142542 -0.150683 -0.326496 -0.501741 -0.365404 -0.313978 -0.207481 -0.216654 0.035122 -0.109150 -0.023625 0.167714 0.063746 -0.024905 0.338869 0.334958 0.045524 0.056466 -0.181215 -0.046647 -0.042475 -0.050363 0.002159 -0.027917 -0.256775 0.000903 0.028430 0.120442 -0.093100 -0.080369 0.213765 0.301011 0.043804 -0.026273 -0.376496 -0.321301 -0.218069 -0.024108 0.162768 0.079709 0.092596 0.197534 -0.133249 -0.155962 -0.257391 -0.100687 0.009187 0.008524 -0.124273 -0.233851 -0.190017 0.106251 -0.087483 -0.131521 0.156359 0.093219 -0.189417 0.107438 0.001043 -0.014479
-0.306802 -0.409342 0.240011 0.117663 -0.002781 0.068495 -0.064666 0.039020 -0.391410 -0.404834 -0.172412 -0.378258 -0.333564 -0.414333 0.074818 -0.198098 -0.182277 -0.305029 -0.003953 -0.066929 0.392923 0.667928 0.311967 0.430405 0.438079 0.719681 0.332657 0.599521 0.253950 -0.044530 0.714661 1.000000 -0.096201 0.098242 -0.145990 0.014859 0.232282 0.184392 0.260049 0.333150 0.096023 0.036399 0.099601 0.234770 -0.195527 -0.020463 0.148615 0.029582 -0.211843 -0.399629 0.054085 -0.127364 -0.184343 0.089081 -0.036085 0.224089 -0.383466 -0.269692 -0.287086 -0.444054 -0.417461 -0.453434 -0.228115 -0.438303 0.161705 -0.339553 -0.243293 0.097298 -0.078102 0.000232 0.269982 0.164209 -0.092450 -0.124498 -0.246265 -0.191613 -0.270232 -0.129207 0.150242 0.074481 -0.127537 0.270529 0.131672 0.375857 0.077879 0.093735 0.152915 0.370127 0.020670 -0.137236 -0.253766 -0.174833 -0.291154 -0.028517 0.481108 0.266085 0.211259 0.536716 -0.038686 0.024137 -0.237969 0.050780 0.045788 -0.259316 -0.161746 -0.133329 -0.316923 -0.065817 -0.162897 0.057483 0.251730 0.106566 -0.073842 0.291256 0.049561 0.069280
-0.003416 0.125243 -0.078884 0.178410 -0.075781 -0.072159 -0.055533 0.132894 -0.150512 0.043785 0.069193 -0.037750 -0.089859 0.056450 0.008589 -0.014623 0.037337 0.100604 0.202328 0.280113 -0.000946 -0.068617 0.091763 -0.019270 -0.031642 -0.150799 -0.298475 -0.228254 -0.109033 0.222366 0.135595 -0.096201 1.000000 0.277340 -0.046342 -0.033710 -0.094954 -0.063900 -0.242924 -0.280583 -0.136067 -0.293285 -0.071942 -0.051761 0.178054 0.170561 -0.119622 -0.059453 -0.159223 0.240027 0.078627 0.031419 -0.046938 -0.059749 -0.097939 -0.212691 -0.061921 0.084921 -0.050336 -0.013357 -0.059397 0.143706 0.103109 0.276993 0.055519 -0.009872 0.230331 0.149460 -0.049433 0.042728 0.084637 0.140312 0.023315 0.186205 0.138828 0.184472 0.313745 0.170364 -0.148219 -0.183639 0.008710 0.054763 -0.117040 -0.208098 0.017324 0.051952 -0.005203 -0.336144 0.003885 0.039186 -0.144932 -0.266438 -0.093858 -0.155889 -0.335011 -0.097241 -0.170980 -0.224067 0.173911 0.137639 -0.045143 -0.065815 0.156961 0.034108 -0.158826 -0.032955 0.027708 -0.114357 0.042517 0.056403 -0.250715 0.221583 0.011719 -0.323028 -0.282661 -0.047438
-0.073520 0.077172 0.058419 -0.198351 0.146097 0.180208 0.129516 0.427764 -0.100293 0.058077 -0.123880 -0.221947 -0.293308 -0.135834 -0.265914 -0.375554 0.097562 0.211774 0.144355 0.207512 -0.089906 0.082103 -0.318401 -0.354478 -0.166838 -0.244357 -0.094372 -0.075795 -0.031630 0.335919 0.275892 0.098242 0.277340 1.000000 0.241493 0.041405 -0.089091 -0.195155 -0.065432 -0.097056 -0.182610 -0.225570 0.088686 0.224499 0.302977 0.348363 -0.047994 -0.074278 -0.121449 0.131400 0.065033 -0.295393 -0.514040 -0.399434 -0.194566 -0.041129 0.031931 0.029628 -0.022782 -0.012425 0.072397 0.138568 0.071484 0.462156 -0.263592 -0.066665 0.380402 0.354796 -0.020495 0.120009 -0.050348 0.028284 0.230201 -0.082492 -0.076161 0.057335 -0.016400 0.080292 0.052787 0.145780 -0.178178 0.188505 -0.219919 -0.346740 -0.486607 -0.223920 -0.140705 -0.469326 -0.104563 -0.258819 -0.406419 -0.482320 -0.346160 0.001104 -0.093419 -0.088713 0.253375 -0.070601 0.159047 -0.067964 -0.080058 -0.008358 0.162965 0.107411 -0.043285 -0.226684 -0.073674 0.022228 -0.350250 0.018848 0.260853 0.312545 0.109855 -0.151820 -0.427334 0.103297
-0.084990 0.074500 0.194714 -0.213775 0.230036 0.195500 0.103778 0.101904 0.131622 0.204609 -0.132583 0.110352 -0.023492 0.081450 0.053558 -0.256676 -0.225362 -0.028954 -0.054252 -0.133310 0.157825 0.046765 0.065612 -0.126703 0.131275 -0.139582 0.288603 0.233108 -0.386980 -0.181607 0.168591 -0.145990 -0.046342 0.241493 1.000000 0.517672 -0.360007 -0.026675 0.200228 -0.020974 0.290112 -0.239892 -0.103919 -0.057419 -0.021853 -0.056199 -0.255886 -0.114752 0.315905 0.024109 -0.067423 -0.083051 -0.189518 -0.150808 0.072037 -0.216725 0.239835 0.066111 0.222391 0.014511 0.037955 0.207450 -0.339150 0.076771 -0.279068 0.524615 0.117156 0.229416 0.283457 -0.001317 -0.040756 0.112564 -0.247948 -0.094711 -0.209576 0.089981 0.123772 0.053561 -0.296577 -0.042626 -0.201849 -0.341421 0.005778 -0.336961 -0.059914 -0.154716 0.166510 -0.024915 0.308728 0.002025 -0.068653 -0.149281 0.173295 0.123246 -0.129407 0.005986 -0.049255 -0.170635 -0.211663 -0.381491 -0.193602 -0.095799 -0.297958 0.134696 0.129069 -0.095766 0.197367 0.179013 -0.079378 -0.124261 0.221705 0.030543 -0.061202 0.057405 -0.055055 0.219787
-0.148885 -0.108333 0.062520 -0.088222 -0.085834 0.199246 0.114709 0.035440 -0.231358 0.026444 -0.260483 -0.044261 0.026925 0.053768 -0.086060 -0.239608 -0.267601 -0.099470 0.092978 -0.054249 0.198620 -0.039005 0.023670 -0.033859 0.012492 -0.030635 0.118165 0.197369 -0.334705 -0.397313 0.079747 0.014859 -0.033710 0.041405 0.517672 1.000000 -0.221884 -0.037494 0.018013 -0.093813 0.215019 -0.323669 0.174303 0.071330 0.174355 0.324891 -0.215633 0.134482 0.063757 0.047035 -0.160127 -0.313511 -0.101170 -0.182294 -0.103439 -0.184552 -0.088583 0.078485 -0.002990 -0.157964 -0.021043 -0.014190 -0.254788 -0.118500 -0.231277 0.263702 0.339897 0.474930 0.179200 0.219324 0.051534 0.181755 -0.358073 -0.169878 -0.203570 -0.014923 -0.111949 0.005577 -0.214059 -0.048896 -0.128542 -0.252192 -0.007490 -0.316070 -0.072428 -0.091725 0.165544 -0.013031 -0.084184 0.046487 0.055787 -0.056528 0.246981 0.039418 -0.132152 0.177922 -0.031141 -0.067520 -0.177099 -0.279727 -0.184306 0.172597 -0.053487 0.173071 0.222248 0.048939 0.313854 0.079082 0.173620 -0.045585 0.177665 -0.002869 0.104588 0.181661 -0.130080 -0.070764
