1.000000 0.277909 0.047193 -0.499320 -0.059093 -0.037750 0.099357 -0.053839 0.073003 0.100941 0.238196 0.220035 0.349971 0.013217 0.141142 0.028638 0.231734 0.132331 0.181701 0.161443 -0.217958 -0.165699 -0.331854 -0.562726 -0.399776 -0.443766 -0.195275 -0.123519 0.091549 -0.004247 -0.427251 -0.601598 0.214892 -0.056193 0.006345 -0.156486 -0.015545 0.015895 -0.361727 -0.094928 -0.116457 -0.020194 -0.337021 -0.347731 -0.169128 -0.362349 -0.311699 -0.328611 0.158647 -0.087853 0.057873 -0.067759 0.189557 -0.139250 -0.056284 -0.352117 0.396669 0.055194 0.416807 0.259470 0.564703 0.309397 0.465724 0.497135 -0.184793 -0.201458 0.418256 0.019691 0.099626 0.125227 -0.493763 -0.302207 -0.027548 -0.140166 0.019892 0.051143 0.187314 -0.080683 0.173159 -0.227034 -0.049009 0.014526 -0.113309 0.168158 -0.098694 -0.166629 0.309828 0.179599 0.097326 0.156972 -0.051469 0.154826 -0.459627 -0.098464 0.110550 0.114373 -0.216237 -0.079687 -0.305624 -0.053094 -0.202346 -0.049729 0.038561 0.268594 -0.093388 0.141301 -0.052526 0.223124 0.130753 0.079887 -0.003033 -0.221589 -0.148538 -0.112412 -0.210314 -0.053090
0.277909 1.000000 -0.290711 -0.296991 0.051345 -0.209613 -0.220159 -0.302196 0.067540 -0.220990 0.047960 -0.057444 -0.188699 -0.387601 0.116482 0.015647 0.315023 0.296161 0.241688 0.413246 -0.028429 -0.057478 -0.417075 -0.426407 -0.275397 -0.038374 -0.026008 -0.281278 0.023423 0.153108 -0.307985 -0.314672 0.263040 0.336408 -0.011751 -0.073467 0.139198 0.283688 -0.012516 0.090444 -0.218732 0.099502 0.028980 0.033854 0.068315 -0.120569 0.041636 -0.034117 -0.087104 -0.049272 -0.003836 -0.164488 -0.108330 -0.297746 -0.082701 0.001419 0.447023 0.808232 -0.051077 0.007591 0.095056 0.083115 0.231903 0.447430 -0.079446 -0.212897 0.028507 -0.120975 0.122944 0.138071 -0.380385 -0.379881 -0.103061 -0.031973 -0.064732 0.080381 0.086617 0.132431 0.172746 0.234272 0.303634 0.420149 -0.059773 0.166147 0.177885 -0.166403 0.041524 -0.139753 -0.308023 -0.312910 -0.140456 -0.323788 -0.287509 -0.355982 -0.338174 0.072877 0.172999 -0.009110 0.230026 0.121536 -0.300942 -0.097656 0.108045 0.113055 0.051071 -0.005794 -0.114224 0.005139 0.029447 0.126786 0.073082 -0.015101 -0.185894 0.016184 0.052002 -0.077188
0.047193 -0.290711 1.000000 -0.074388 0.660084 -0.502159 0.859396 0.562087 0.627123 -0.080812 0.202922 0.162393 0.655120 0.362478 0.617925 0.280023 -0.291390 -0.204341 -0.050478 -0.345842 0.342072 -0.090128 0.226866 -0.027479 -0.146185 -0.275063 0.345088 -0.313271 -0.041845 -0.260974 0.269844 0.011880 -0.185757 -0.229705 -0.221377 -0.130179 -0.468497 -0.471976 0.001317 -0.408393 -0.003970 -0.121855 -0.255479 -0.233697 -0.114149 -0.093591 -0.414406 -0.371011 0.220341 -0.180950 0.025553 -0.076616 0.105263 -0.016696 -0.252884 -0.342010 -0.313247 -0.378176 0.377427 0.298534 0.366844 0.164539 0.043544 0.009125 0.059264 0.046267 0.208324 0.098864 -0.241419 -0.130930 0.257783 0.124747 -0.013990 -0.156639 -0.153853 -0.071461 -0.277681 -0.389453 -0.240094 -0.335859 -0.482492 -0.499246 -0.049989 0.017600 -0.391706 -0.199457 0.204878 -0.094243 0.189070 0.302687 -0.050862 0.241148 -0.101889 0.221298 0.074242 -0.389265 -0.385376 -0.578648 -0.443869 -0.490054 -0.029156 0.012198 -0.030475 -0.213599 -0.178399 -0.015801 -0.074718 0.202253 -0.198064 -0.350020 -0.385333 -0.465892 -0.212441 -0.333833 -0.415409 -0.113841
-0.499320 -0.296991 -0.074388 1.000000 -0.128725 0.110612 -0.222764 0.123092 -0.227615 0.041716 0.123308 -0.060396 -0.247237 0.197595 -0.228477 0.031443 -0.249905 -0.400683 -0.047199 -0.132546 0.074115 0.196004 0.437298 0.675084 0.215333 0.338441 0.212822 0.347535 -0.284185 -0.258159 0.264004 0.508364 0.054964 0.041476 0.260423 0.171996 -0.203103 -0.339343 0.159914 0.074219 -0.117297 -0.313754 -0.105909 -0.134066 -0.222879 0.093802 -0.080475 -0.047851 -0.260731 -0.110975 0.050847 0.128199 -0.127709 0.261037 0.048213 0.088843 -0.072805 -0.280046 -0.167004 -0.061964 -0.201759 0.002488 -0.455640 -0.572324 0.515883 0.675613 -0.251016 0.007809 0.161857 0.066377 0.219064 0.128018 -0.182060 -0.088879 -0.060524 -0.088959 -0.167967 -0.250230 -0.228689 0.021048 -0.199896 -0.309743 0.148452 -0.188258 0.238916 0.413859 -0.071292 0.123424 0.280628 0.130712 -0.185105 -0.155918 0.384369 -0.077838 -0.089315 -0.095350 -0.122376 0.034605 -0.138495 -0.050104 0.152062 -0.262712 -0.127558 -0.150861 -0.002847 -0.205559 0.240437 -0.053189 -0.144642 -0.148799 -0.239680 0.097592 0.143888 0.178795 0.109136 0.077124
-0.059093 0.051345 0.660084 -0.128725 1.000000 -0.627011 0.587631 0.453269 0.861100 -0.006658 0.018726 0.133851 0.370451 0.159884 0.823730 0.476489 -0.232654 -0.004150 -0.166100 -0.136450 0.451674 -0.075279 -0.059876 -0.175803 -0.281972 -0.208770 0.276454 -0.623092 -0.244805 -0.092964 -0.002632 -0.170219 -0.203117 -0.239117 -0.231177 -0.030499 -0.396190 -0.240662 0.038188 -0.411022 -0.144621 -0.129032 -0.029857 0.030910 0.170735 0.087307 -0.229916 -0.154305 0.401964 0.044662 0.030198 0.132796 0.102691 -0.199858 -0.087158 -0.205303 -0.028321 -0.002173 0.360691 0.413544 0.152955 0.191745 -0.073089 0.112951 -0.119640 -0.024240 0.205013 0.117751 -0.201547 -0.118156 0.167479 -0.072561 -0.204218 -0.272935 -0.375651 -0.215029 -0.395691 -0.332035 -0.245856 -0.164244 -0.342757 -0.238951 -0.234183 -0.012197 -0.430180 -0.338894 0.031467 -0.022315 -0.122455 0.108712 0.065556 0.075984 -0.007004 0.115014 -0.166159 -0.314263 -0.235207 -0.621175 -0.230411 -0.268394 0.035222 -0.011903 0.150540 -0.191404 -0.112590 -0.111213 -0.028466 -0.114168 -0.147899 -0.261249 -0.285367 -0.371117 -0.178113 -0.239080 -0.193755 0.166807
-0.037750 -0.209613 -0.502159 0.110612 -0.627011 1.000000 -0.552299 -0.223448 -0.502554 0.500705 -0.198328 0.004544 -0.463882 -0.046341 -0.614172 -0.226423 -0.001043 0.092506 -0.016342 0.119954 -0.407208 -0.088706 -0.023239 0.233443 0.353155 0.297851 -0.173479 0.666389 -0.032532 0.159221 -0.192283 -0.015992 -0.130627 0.017983 0.040348 0.229014 0.170827 0.079061 -0.087641 0.128691 0.054680 -0.110276 0.096613 -0.062534 0.143583 0.120902 0.167007 0.235089 0.178753 0.340670 0.178509 0.300276 0.113925 0.117166 0.049679 0.003184 0.211792 -0.054246 0.014750 0.009899 -0.102749 -0.003130 -0.122994 -0.285546 0.002969 -0.105612 -0.125334 -0.050373 0.127488 0.056890 -0.066424 0.074193 0.005329 0.141105 0.076681 0.118464 0.030036 0.077262 -0.068903 -0.035515 0.069022 0.041040 -0.015963 -0.019872 0.011453 -0.127684 -0.197927 0.012742 0.139673 -0.081148 0.274152 0.050315 0.193333 0.112950 0.111343 0.285942 0.027646 0.348657 0.156572 0.363302 0.122001 0.106976 -0.102832 0.235074 0.201285 0.211396 0.165547 -0.045343 0.169519 0.008771 0.040116 0.185267 0.004383 0.082595 0.343062 0.017881
0.099357 -0.220159 0.859396 -0.222764 0.587631 -0.552299 1.000000 0.587580 0.576583 -0.125053 0.100008 0.152964 0.682421 0.277053 0.572884 0.240596 -0.195225 -0.139720 -0.005002 -0.202768 0.315658 -0.201955 0.138402 -0.117229 -0.277551 -0.403344 0.171670 -0.450147 0.204686 -0.120818 0.294988 0.029333 -0.194721 -0.195601 -0.322584 -0.178570 -0.330490 -0.462862 -0.169687 -0.429447 0.077968 -0.032710 -0.278299 -0.243513 -0.194713 -0.174760 -0.326269 -0.296359 0.058405 -0.293603 -0.138154 -0.222014 0.077101 -0.005427 -0.289680 -0.416945 -0.358292 -0.347965 0.210748 0.115822 0.244913 0.102409 0.075685 0.158330 -0.115601 -0.164738 0.065795 0.036207 -0.246991 -0.094154 0.280714 0.081938 0.185480 -0.036549 -0.017208 0.029820 -0.092856 -0.181137 -0.051861 -0.237864 -0.252990 -0.290363 0.087308 0.203159 -0.390385 -0.206351 0.208306 -0.086881 0.054279 0.222737 0.074412 0.359388 -0.035149 0.333914 0.044198 -0.279219 -0.427030 -0.486394 -0.402171 -0.430832 -0.049005 0.116733 0.012432 -0.101658 -0.057960 0.041254 -0.087603 0.143188 -0.194314 -0.291547 -0.190668 -0.324082 -0.090118 -0.237743 -0.280862 -0.104315
-0.053839 -0.302196 0.562087 0.123092 0.453269 -0.223448 0.587580 1.000000 0.469750 0.294402 0.284446 0.482516 0.523737 0.587411 0.464784 0.394654 -0.047039 0.059634 -0.339650 -0.267232 0.039851 -0.140298 -0.070911 -0.000572 -0.323118 -0.318103 0.016789 -0.305638 -0.025533 0.087925 -0.026129 -0.030190 -0.308660 -0.217476 -0.483792 0.013486 -0.413400 -0.443048 -0.254533 -0.461262 -0.172016 -0.041591 -0.324468 -0.306784 -0.212349 -0.154066 -0.325626 -0.260410 0.194254 -0.207449 -0.130545 0.041821 0.225337 -0.024004 -0.101379 -0.387017 -0.222180 -0.391585 0.232964 0.228133 0.126965 0.302619 -0.009227 0.051358 -0.134348 0.062947 -0.078198 -0.095041 -0.302686 -0.147673 0.229204 0.144823 0.062394 0.020880 -0.089920 -0.045486 -0.204889 -0.162014 -0.063627 -0.042829 -0.196916 -0.257454 -0.085031 0.119919 -0.300804 -0.256227 -0.157120 -0.177377 0.063107 0.165426 0.276294 0.308776 0.326323 0.352904 0.082871 -0.001792 -0.378341 -0.401676 -0.314021 -0.306928 0.203341 0.191324 0.169376 -0.032888 0.004904 -0.162240 0.066456 -0.004103 -0.163406 -0.251447 -0.365720 -0.127633 -0.045136 -0.084284 -0.281519 -0.042214
0.073003 0.067540 0.627123 -0.227615 0.861100 -0.502554 0.576583 0.469750 1.000000 0.191479 0.127816 0.273866 0.514231 0.307221 0.844445 0.599963 -0.152676 0.098036 -0.060939 -0.042514 0.244509 -0.147903 -0.287429 -0.318532 -0.383372 -0.324466 0.067493 -0.605112 -0.092271 0.031285 -0.044182 -0.201917 -0.087074 -0.146619 -0.358303 -0.125695 -0.427860 -0.231989 -0.173778 -0.477777 -0.121001 -0.030945 -0.151152 -0.096316 0.138600 -0.065895 -0.251510 -0.256589 0.467409 0.040877 0.024065 0.116053 0.184813 -0.283413 -0.158187 -0.237165 -0.052030 -0.030672 0.452958 0.534044 0.239313 0.331880 0.009604 0.128792 -0.138766 -0.089674 0.217284 -0.061904 -0.062500 -0.087676 0.113409 -0.029372 -0.050694 -0.159077 -0.206536 -0.086640 -0.243137 -0.240633 -0.236544 -0.162005 -0.278538 -0.222703 -0.233541 0.126588 -0.438427 -0.395531 0.023631 0.004327 -0.144808 0.054034 0.018206 -0.004258 -0.134911 0.017576 -0.141131 -0.152986 -0.219557 -0.507850 -0.284713 -0.272280 -0.015528 0.015476 0.049502 -0.102500 -0.060238 0.018589 0.001492 0.111355 -0.160918 -0.221207 -0.388646 -0.431096 -0.315308 -0.190210 -0.151012 0.054762
0.100941 -0.220990 -0.080812 0.041716 -0.006658 0.500705 -0.125053 0.294402 0.191479 1.000000 0.012472 0.359430 0.067021 0.447834 0.064839 0.365618 -0.085068 0.040444 -0.087059 0.077966 -0.368557 -0.226399 -0.363065 -0.157531 -0.219518 -0.243469 -0.366771 0.075610 -0.039586 0.170933 -0.394884 -0.268907 -0.142263 -0.142252 -0.264184 0.149233 -0.225962 -0.158861 -0.376677 -0.255696 -0.113795 -0.127493 -0.140129 -0.233464 -0.008973 -0.133058 -0.196410 -0.010453 0.419147 0.225282 0.114060 0.368509 0.355260 -0.001216 -0.003760 -0.186642 0.133770 -0.245293 0.407456 0.468557 0.212237 0.481667 -0.184476 -0.122692 -0.118585 0.001798 0.007544 -0.219506 0.149931 0.133215 -0.080622 0.018750 -0.025318 0.044732 0.055863 0.093720 -0.132572 -0.036411 -0.109907 -0.060655 -0.160810 -0.139860 -0.182114 0.136014 -0.390585 -0.362212 -0.112402 0.164807 0.062671 0.149017 0.296116 0.247621 0.247976 0.228723 0.122071 0.288241 -0.286231 0.004532 -0.152915 0.220288 0.398909 0.146157 0.082195 0.269404 0.035221 0.053510 0.188768 -0.043344 0.090506 -0.126255 -0.183484 0.040030 -0.170000 0.114779 0.076688 0.132007
0.238196 0.047960 0.202922 0.123308 0.018726 -0.198328 0.100008 0.284446 0.127816 0.012472 1.000000 0.433941 0.434621 0.528159 0.213582 0.182468 0.123676 0.194945 -0.254574 -0.265388 -0.071953 -0.087118 -0.035174 -0.113124 -0.170379 -0.211449 0.046574 -0.105105 0.085893 0.129133 0.009355 -0.012311 0.000432 -0.131329 -0.100757 -0.144966 -0.166999 -0.107434 -0.068621 -0.075722 -0.149795 0.089719 -0.408467 -0.378222 -0.381110 -0.390507 -0.219202 -0.328681 -0.006335 -0.412707 -0.076742 0.031582 0.326507 0.218757 0.208157 -0.101282 0.011606 -0.129332 0.158451 0.148836 0.173855 0.248544 -0.060876 0.073783 -0.105890 0.155546 -0.059025 -0.271154 -0.104282 -0.118295 0.001254 0.083568 0.148737 0.040928 0.124415 0.249410 0.130689 -0.051547 -0.047331 -0.020251 -0.189639 -0.224245 -0.111028 0.018189 0.230251 0.124064 0.026617 -0.090165 0.096171 0.264200 -0.034016 0.005676 0.058557 -0.111274 -0.026271 0.119146 -0.053403 -0.127490 -0.115654 -0.062051 0.041854 -0.062308 0.075891 -0.057779 -0.214958 -0.223268 0.013938 0.192231 -0.053451 0.052547 -0.274847 -0.125426 0.059257 0.177867 -0.310988 -0.139226
0.220035 -0.057444 0.162393 -0.060396 0.133851 0.004544 0.152964 0.482516 0.273866 0.359430 0.433941 1.000000 0.434943 0.751343 0.344720 0.605807 0.136451 0.434430 -0.302858 -0.173906 -0.102327 -0.085054 -0.315405 -0.264275 -0.370845 -0.363475 -0.101150 -0.201783 0.263760 0.340758 -0.276042 -0.294904 -0.117371 -0.170911 -0.347211 -0.079517 -0.182398 -0.080040 -0.114717 -0.267765 -0.242510 -0.038759 -0.526130 -0.503486 -0.330021 -0.528933 -0.261777 -0.339572 0.152545 -0.263233 -0.255927 0.064996 0.588497 0.025526 0.172755 -0.304969 0.051021 -0.177722 0.425198 0.427367 0.311935 0.569370 0.116040 0.371026 -0.304793 -0.113051 -0.092880 -0.434717 -0.172326 -0.239047 0.111971 0.272580 0.147150 0.055956 -0.001688 0.234952 -0.057210 0.022250 -0.018281 -0.107304 -0.150378 -0.157780 -0.002635 0.320216 -0.073503 -0.144020 0.014390 0.139227 0.020011 0.265393 0.203150 0.094727 0.086601 0.086290 -0.045380 0.183786 -0.124235 -0.184403 -0.160679 -0.151425 0.134221 0.159241 0.147006 0.120836 -0.091162 -0.117533 0.024020 0.018467 -0.078105 -0.158820 -0.323356 -0.096331 -0.000931 0.113301 -0.128595 -0.159290
0.349971 -0.188699 0.655120 -0.247237 0.370451 -0.463882 0.682421 0.523737 0.514231 0.067021 0.434621 0.434943 1.000000 0.606428 0.551769 0.437984 0.006950 -0.011378 -0.036911 -0.302192 -0.102157 -0.283427 -0.089412 -0.380185 -0.518155 -0.621773 -0.143020 -0.416161 0.322372 0.028299 0.033996 -0.190827 -0.082192 -0.231219 -0.353233 -0.404548 -0.217237 -0.271907 -0.204423 -0.328634 -0.015485 0.062887 -0.487041 -0.390502 -0.454973 -0.532391 -0.410206 -0.455876 0.022431 -0.452267 -0.298078 -0.255891 0.362253 0.061270 0.028137 -0.196785 -0.344030 -0.410798 0.407238 0.201434 0.542586 0.363980 0.349058 0.384370 -0.239992 -0.070582 0.164191 -0.231199 -0.192964 -0.093773 0.147061 0.184359 0.285120 0.040740 0.144190 0.240081 0.151933 -0.041518 0.011395 -0.268233 -0.251073 -0.341984 -0.009732 0.193938 -0.298649 -0.123033 0.214547 0.023852 0.075592 0.403551 0.008686 0.322040 -0.205055 0.212902 0.115770 0.013720 -0.286687 -0.337617 -0.428584 -0.328423 -0.020321 0.138240 0.008789 -0.042046 -0.219850 -0.077939 0.010412 0.244765 -0.061472 -0.048876 -0.289810 -0.251894 -0.056851 -0.125236 -0.353259 -0.195689
0.013217 -0.387601 0.362478 0.197595 0.159884 -0.046341 0.277053 0.587411 0.307221 0.447834 0.528159 0.751343 0.606428 1.000000 0.354351 0.642606 -0.134709 0.141081 -0.308171 -0.361227 -0.126079 -0.123443 -0.049119 -0.050045 -0.235568 -0.350694 -0.030969 -0.077994 0.161127 0.186845 -0.029606 -0.056960 -0.205406 -0.303195 -0.314016 -0.147448 -0.216103 -0.241503 -0.115000 -0.263757 -0.069282 -0.036418 -0.493653 -0.440662 -0.462380 -0.455857 -0.309955 -0.275130 0.036325 -0.338419 -0.288198 0.028036 0.519634 0.223942 0.165064 -0.157301 -0.190148 -0.517626 0.351462 0.326549 0.252852 0.454297 -0.101654 0.016042 -0.144740 0.165774 -0.179452 -0.414136 -0.172548 -0.175601 0.312554 0.352736 0.178731 0.100732 0.085193 0.312828 -0.019811 -0.045039 -0.155879 -0.153536 -0.339893 -0.394480 0.035478 0.188300 -0.147899 -0.022752 0.085636 0.126584 0.209084 0.460504 0.133231 0.233584 0.207862 0.184439 0.058418 0.101260 -0.206627 -0.191419 -0.287315 -0.186342 0.244676 0.114344 -0.009135 -0.061872 -0.171509 -0.159358 0.123911 0.077298 -0.115527 -0.216487 -0.358595 -0.080127 -0.037167 0.087364 -0.260711 -0.126218
0.141142 0.116482 0.617925 -0.228477 0.823730 -0.614172 0.572884 0.464784 0.844445 0.064839 0.213582 0.344720 0.551769 0.354351 1.000000 0.649709 -0.069250 0.083205 -0.067279 -0.030665 0.305418 -0.081001 -0.206197 -0.374018 -0.359107 -0.309924 0.126037 -0.628700 -0.001217 0.028913 -0.079862 -0.253315 0.017588 -0.090719 -0.269678 -0.094599 -0.337801 -0.195821 -0.109346 -0.378805 -0.125489 -0.007855 -0.284325 -0.229763 -0.043285 -0.187251 -0.369385 -0.384292 0.262349 -0.182471 -0.060590 -0.016405 0.229301 -0.278660 -0.111300 -0.309263 -0.066218 -0.014836 0.439951 0.453826 0.344120 0.348960 0.107889 0.313808 -0.154570 -0.078319 0.201896 -0.051623 -0.102177 -0.039439 0.056704 -0.037050 -0.069115 -0.210577 -0.262396 -0.081090 -0.184807 -0.187200 -0.201414 -0.138384 -0.278657 -0.231568 -0.060458 0.217368 -0.406398 -0.409843 0.112397 -0.099101 -0.112141 0.174617 0.059569 0.050227 -0.121324 0.059235 -0.103911 -0.108387 -0.194185 -0.468124 -0.346356 -0.401592 -0.062181 -0.002555 0.134830 -0.098266 -0.142379 -0.112922 -0.058320 -0.030155 0.029017 -0.225372 -0.293929 -0.439077 -0.264268 -0.180046 -0.219614 0.047053
0.028638 0.015647 0.280023 0.031443 0.476489 -0.226423 0.240596 0.394654 0.599963 0.365618 0.182468 0.605807 0.437984 0.642606 0.649709 1.000000 -0.170802 0.191271 -0.014017 0.004586 -0.030551 -0.042819 -0.276853 -0.202412 -0.304735 -0.217368 -0.051388 -0.330047 0.173614 0.346977 -0.101955 -0.115536 -0.046328 -0.100418 -0.329299 -0.198656 -0.194235 -0.122664 -0.108047 -0.315934 -0.024046 0.024285 -0.355187 -0.329655 -0.192291 -0.439130 -0.237559 -0.251179 0.164437 -0.156828 -0.223970 0.074279 0.430248 -0.117086 -0.004351 -0.142911 -0.012398 -0.118534 0.401171 0.405822 0.258428 0.486715 -0.042048 0.142951 -0.196304 -0.036940 -0.124630 -0.505335 -0.036566 -0.047110 0.262330 0.256284 0.070181 0.057814 -0.032237 0.171618 -0.068761 -0.002812 -0.216867 -0.099974 -0.242439 -0.193813 0.027941 0.421905 -0.391416 -0.372873 0.026269 0.075493 -0.089425 0.181510 0.069524 -0.005992 0.034600 0.031146 -0.116010 0.080016 -0.080110 -0.237087 -0.211900 -0.113186 -0.002657 0.045492 -0.051187 -0.030917 -0.099623 -0.075547 0.058713 -0.036233 -0.039979 -0.265319 -0.379704 -0.155573 -0.091371 0.076310 -0.037501 -0.085311
0.231734 0.315023 -0.291390 -0.249905 -0.232654 -0.001043 -0.195225 -0.047039 -0.152676 -0.085068 0.123676 0.136451 0.006950 -0.134709 -0.069250 -0.170802 1.000000 0.457604 0.031433 0.249860 -0.129820 0.148647 -0.524050 -0.370623 -0.241113 -0.086389 -0.461376 -0.286892 0.390377 0.398922 -0.220571 -0.118079 0.346475 0.362693 -0.185843 -0.117577 0.244302 0.172861 -0.263465 -0.026542 -0.095548 0.278968 0.090987 0.062450 0.041398 -0.097952 0.200847 -0.017387 -0.134707 -0.097623 -0.075174 -0.246194 -0.067379 -0.233837 -0.063152 -0.000897 0.121719 0.308247 -0.267206 -0.200098 -0.001509 0.018142 0.413304 0.459045 -0.187205 -0.195566 0.021610 -0.139772 -0.122641 -0.190947 -0.323847 -0.057425 0.331842 0.176819 0.226368 0.115110 0.324683 0.291279 0.607614 0.343492 0.669603 0.520686 -0.058606 0.147897 0.205932 0.036601 -0.374980 -0.303073 -0.513195 -0.376109 -0.048272 -0.263378 -0.252139 -0.364176 -0.034306 0.326241 0.175256 0.230245 0.223076 0.045861 -0.292443 -0.040534 0.072275 0.096027 -0.115072 -0.057809 -0.225735 -0.021275 0.113168 0.132510 0.059474 0.189454 -0.076319 0.100493 0.076465 -0.036573
0.132331 0.296161 -0.204341 -0.400683 -0.004150 0.092506 -0.139720 0.059634 0.098036 0.040444 0.194945 0.434430 -0.011378 0.141081 0.083205 0.191271 0.457604 1.000000 -0.359076 0.016126 -0.093968 -0.012678 -0.454845 -0.421094 -0.075433 -0.147334 -0.128169 -0.228297 0.249756 0.662521 -0.269361 -0.312221 -0.194104 -0.061548 -0.411980 -0.054649 0.277102 0.431685 -0.086966 -0.181640 -0.003767 0.360579 0.067968 0.072689 0.102177 -0.086922 0.301232 0.202506 0.150910 0.015584 -0.176412 -0.002159 0.316147 -0.074740 0.127395 -0.090853 0.217711 0.360491 -0.081591 -0.034797 -0.199128 0.053546 0.046450 0.370724 -0.490209 -0.455393 -0.247764 -0.350855 -0.390971 -0.377034 0.054619 0.172527 0.293612 0.361106 0.077348 0.245274 0.193895 0.450648 0.288750 0.342482 0.398188 0.530167 -0.261489 0.281371 0.092096 -0.190305 -0.294769 -0.251709 -0.396744 -0.311079 0.336000 -0.112968 0.029681 -0.115370 -0.182103 0.277773 0.251802 0.023249 0.451825 0.188434 -0.043189 0.197560 0.108368 -0.003092 -0.049210 -0.073295 -0.155206 -0.103114 -0.052181 0.092219 0.064008 0.228893 0.109428 0.052049 0.012905 -0.211766
0.181701 0.241688 -0.050478 -0.047199 -0.166100 -0.016342 -0.005002 -0.339650 -0.060939 -0.087059 -0.254574 -0.302858 -0.036911 -0.308171 -0.067279 -0.014017 0.031433 -0.359076 1.000000 0.595643 -0.076746 -0.004455 -0.076625 -0.103516 -0.136649 -0.020424 -0.153950 -0.028061 0.294082 -0.033919 0.204719 0.140260 0.569814 0.547034 0.202752 -0.194999 0.010668 -0.196354 -0.312795 0.086600 0.128891 -0.024081 -0.069581 -0.089921 0.028099 -0.262670 -0.147402 -0.196319 -0.259549 0.037199 -0.008715 -0.263486 -0.410692 -0.295351 -0.538608 -0.140416 0.089227 0.136750 -0.058680 -0.059052 0.243295 0.130523 0.273712 0.125743 0.345422 0.048119 0.186148 -0.062271 0.494889 0.374999 -0.307238 -0.100249 0.138859 0.062483 0.289489 0.073997 0.201663 -0.037280 0.114189 0.040746 0.155785 0.104065 0.356985 0.254808 -0.109487 -0.087716 0.137581 0.005867 -0.059537 -0.248930 -0.547255 -0.321315 -0.527447 -0.281283 -0.007014 -0.003780 -0.104492 0.113919 -0.289614 -0.045897 -0.413126 -0.208492 -0.399111 0.159959 -0.021597 0.305426 -0.080770 0.308983 0.099672 -0.013519 -0.031876 -0.285417 -0.280944 -0.173428 0.090125 0.050011
0.161443 0.413246 -0.345842 -0.132546 -0.136450 0.119954 -0.202768 -0.267232 -0.042514 0.077966 -0.265388 -0.173906 -0.302192 -0.361227 -0.030665 0.004586 0.249860 0.016126 0.595643 1.000000 -0.057659 0.023229 -0.385922 -0.201058 -0.159889 0.078112 -0.285868 -0.152056 0.130809 0.188260 -0.180225 -0.076654 0.543890 0.631686 0.018167 -0.091123 0.061404 -0.069520 -0.356267 0.045490 0.001847 0.048043 0.041423 -0.035237 0.136023 -0.139874 0.007691 0.064589 -0.104549 0.117029 -0.044619 -0.037043 -0.293179 -0.406281 -0.459272 -0.149415 0.314736 0.377366 -0.121470 -0.088182 -0.042781 0.065769 0.047972 0.197554 -0.025930 -0.162040 0.070791 -0.080953 0.628429 0.602372 -0.220192 -0.249631 0.073708 0.176956 0.293367 0.165546 0.235590 0.186482 0.299764 0.361957 0.451766 0.395094 0.110996 0.188422 -0.159373 -0.322380 -0.106022 -0.157543 -0.334486 -0.372802 -0.151583 -0.212264 -0.364052 -0.353449 0.069750 0.298033 0.071373 0.376572 -0.042753 0.124955 -0.339987 -0.157109 -0.132369 0.277010 0.250197 0.278640 0.046316 -0.121008 0.119571 -0.036453 0.290604 -0.095643 -0.329101 -0.135234 0.183025 0.166583
-0.217958 -0.028429 0.342072 0.074115 0.451674 -0.407208 0.315658 0.039851 0.244509 -0.368557 -0.071953 -0.102327 -0.102157 -0.126079 0.305418 -0.030551 -0.129820 -0.093968 -0.076746 -0.057659 1.000000 0.210628 0.245392 0.251892 0.204743 0.232383 0.460773 -0.207808 -0.145585 -0.249653 0.310314 0.185449 -0.030127 0.022078 0.121216 0.059745 -0.072915 -0.182489 0.318518 -0.140503 0.065660 -0.064136 0.044782 0.049371 0.151391 0.268147 -0.043125 -0.041758 -0.065131 -0.092525 0.060434 -0.046507 -0.160304 -0.040420 -0.141700 -0.196315 -0.085777 0.023817 -0.100521 -0.066703 -0.209887 -0.362653 -0.150982 -0.117628 0.086796 -0.065878 0.034996 0.308735 -0.183677 -0.091595 0.116165 -0.152021 -0.110676 -0.182049 -0.131706 -0.196698 -0.274559 -0.329108 -0.094129 -0.030469 -0.134779 -0.084064 0.085375 -0.026277 -0.022973 0.118752 0.056109 -0.064662 0.011212 0.024839 0.012656 0.027398 0.042319 -0.008737 -0.174988 -0.366208 -0.049099 -0.220567 0.048643 -0.252667 -0.028474 -0.144403 0.073539 -0.182675 0.056248 0.058308 -0.108247 0.020417 -0.029513 -0.371059 0.054428 -0.164193 -0.079119 -0.270434 0.000850 0.165170
-0.165699 -0.057478 -0.090128 0.196004 -0.075279 -0.088706 -0.201955 -0.140298 -0.147903 -0.226399 -0.087118 -0.085054 -0.283427 -0.123443 -0.081001 -0.042819 0.148647 -0.012678 -0.004455 0.023229 0.210628 1.000000 0.039570 0.225921 0.240345 0.391883 0.127589 0.069384 -0.045067 0.130551 0.224972 0.385946 0.304839 0.273111 0.159275 0.048068 0.169965 0.232393 0.353055 0.263532 0.388509 0.220063 0.203458 0.100497 0.164748 0.210120 0.184616 -0.042757 -0.138497 0.029804 0.191751 -0.036550 -0.304620 -0.130802 -0.089409 0.221970 -0.016852 -0.039113 -0.312144 -0.182187 -0.258117 -0.137205 -0.193926 -0.288989 0.270488 0.197522 -0.150125 -0.033538 0.065404 -0.097571 0.057334 0.083242 0.007049 0.080985 -0.037648 -0.130737 -0.001103 -0.051605 0.054154 0.279380 0.180213 0.065525 0.055119 -0.129653 0.252075 0.195439 -0.145706 -0.063548 0.007805 -0.241968 -0.322112 -0.486066 -0.079276 -0.391245 0.268247 0.030519 0.328544 0.244060 0.111732 -0.030093 -0.110089 -0.211055 -0.195845 -0.198794 -0.127592 0.044766 -0.173720 0.047076 0.124162 -0.121710 -0.083226 0.030360 0.137699 0.134327 0.001182 -0.005906
-0.331854 -0.417075 0.226866 0.437298 -0.059876 -0.023239 0.138402 -0.070911 -0.287429 -0.363065 -0.035174 -0.315405 -0.089412 -0.049119 -0.206197 -0.276853 -0.524050 -0.454845 -0.076625 -0.385922 0.245392 0.039570 1.000000 0.723361 0.533649 0.294353 0.586423 0.435230 -0.158039 -0.405163 0.604426 0.500730 -0.349758 -0.273400 0.322716 -0.003917 -0.034484 -0.147244 0.409661 0.229302 0.138843 -0.142079 0.066344 0.052653 -0.224453 0.184179 -0.010502 0.100759 -0.289893 -0.159246 0.031162 -0.034613 -0.114481 0.392930 0.147530 0.085685 -0.385247 -0.455833 -0.223555 -0.290133 -0.198556 -0.423499 -0.328337 -0.444965 0.318987 0.250148 -0.219287 0.258739 -0.155642 -0.051856 0.377624 0.195615 -0.075027 -0.063110 -0.100175 -0.000730 -0.150537 -0.268005 -0.261066 -0.261500 -0.372606 -0.376280 0.360983 -0.224881 0.215075 0.407587 0.229024 0.089957 0.498013 0.353123 -0.040372 0.110655 0.199840 0.171390 0.072831 -0.448303 -0.114495 -0.131222 -0.115199 -0.324938 0.084545 -0.156656 -0.196548 -0.397173 -0.099634 -0.099541 0.005339 -0.037002 -0.185535 0.011307 0.020929 0.006444 0.261164 -0.162972 -0.074747 -0.016999
-0.562726 -0.426407 -0.027479 0.675084 -0.175803 0.233443 -0.117229 -0.000572 -0.318532 -0.157531 -0.113124 -0.264275 -0.380185 -0.050045 -0.374018 -0.202412 -0.370623 -0.421094 -0.103516 -0.201058 0.251892 0.225921 0.723361 1.000000 0.534941 0.523595 0.347582 0.445228 -0.199965 -0.229651 0.540231 0.679204 -0.260814 -0.102014 0.188428 0.047799 -0.057627 -0.267341 0.354244 0.209990 0.149862 -0.109234 0.175475 0.093673 -0.016730 0.290231 0.122255 0.217476 -0.157686 0.101173 0.131453 0.240168 -0.169175 0.285573 0.079325 0.185254 -0.327875 -0.387680 -0.317275 -0.241861 -0.451652 -0.387304 -0.428066 -0.630822 0.299676 0.241039 -0.369064 0.096747 -0.063072 -0.045046 0.407462 0.271668 -0.086895 0.009247 -0.046979 -0.028005 -0.191306 -0.249978 -0.301013 -0.128737 -0.226135 -0.289922 0.317716 -0.231963 0.203313 0.378378 -0.096531 0.060375 0.258183 0.123263 -0.003636 -0.048151 0.364998 0.030370 0.066836 -0.279284 -0.022841 0.125343 0.041156 -0.154654 0.133061 -0.217353 -0.203629 -0.354113 0.046031 -0.038876 0.064745 -0.063727 -0.192721 -0.137207 -0.073371 0.102643 0.198953 -0.004819 0.182452 0.013522
-0.399776 -0.275397 -0.146185 0.215333 -0.281972 0.353155 -0.277551 -0.323118 -0.383372 -0.219518 -0.170379 -0.370845 -0.518155 -0.235568 -0.359107 -0.304735 -0.241113 -0.075433 -0.136649 -0.159889 0.204743 0.240345 0.533649 0.534941 1.000000 0.698113 0.508498 0.676403 -0.150892 -0.079893 0.369486 0.414316 -0.192412 -0.025536 0.356490 0.209752 0.133722 0.179191 0.399362 0.223140 0.267778 0.045515 0.321378 0.253770 0.161549 0.438329 0.341348 0.343030 -0.104819 0.114923 0.219020 0.104731 -0.166294 0.205529 0.073490 0.212689 -0.167988 -0.135124 -0.321881 -0.273517 -0.437002 -0.541092 -0.338137 -0.559233 0.261019 0.114120 -0.196915 0.259655 -0.083279 -0.137719 0.182499 0.032377 -0.063789 0.026161 -0.072387 -0.054231 -0.104645 -0.046285 -0.251104 -0.032160 -0.015042 -0.003523 0.211400 -0.097035 0.245094 0.185812 -0.030622 -0.053221 0.264111 -0.035368 0.035979 -0.124694 0.156750 -0.048356 -0.009809 -0.217997 0.269927 0.032873 0.272250 -0.039979 -0.086888 -0.105099 -0.206758 -0.373577 -0.079414 -0.090711 -0.057568 -0.046649 -0.037698 -0.088623 0.151783 0.074213 0.019935 -0.079702 0.130785 -0.024140
-0.443766 -0.038374 -0.275063 0.338441 -0.208770 0.297851 -0.403344 -0.318103 -0.324466 -0.243469 -0.211449 -0.363475 -0.621773 -0.350694 -0.309924 -0.217368 -0.086389 -0.147334 -0.020424 0.078112 0.232383 0.391883 0.294353 0.523595 0.698113 1.000000 0.280865 0.513888 -0.186984 -0.072530 0.228908 0.439070 0.087241 0.197725 0.285100 0.173440 0.037859 0.082750 0.375174 0.221627 0.149979 -0.027878 0.364902 0.342333 0.320729 0.429622 0.403071 0.320359 -0.032093 0.220201 0.315139 0.212931 -0.277952 -0.020255 0.035421 0.383566 -0.015982 0.052206 -0.324485 -0.218742 -0.407108 -0.463092 -0.254324 -0.444084 0.243910 0.120399 -0.209356 0.139024 0.084679 -0.100269 0.017417 -0.134860 -0.156502 -0.059327 -0.127742 -0.121593 -0.203949 -0.123806 -0.173036 -0.063912 0.094227 0.004407 0.112832 -0.084835 0.207664 0.163459 -0.202216 -0.048776 0.077658 -0.097226 -0.104030 -0.318594 0.072958 -0.254834 -0.113968 -0.202429 0.405436 0.114255 0.304341 0.029872 -0.167146 -0.367400 -0.184393 -0.295881 0.005829 -0.135589 -0.084982 -0.158402 0.025383 -0.225333 0.028529 0.014174 -0.009265 -0.059096 0.149105 -0.074571
-0.195275 -0.026008 0.345088 0.212822 0.276454 -0.173479 0.171670 0.016789 0.067493 -0.366771 0.046574 -0.101150 -0.143020 -0.030969 0.126037 -0.051388 -0.461376 -0.128169 -0.153950 -0.285868 0.460773 0.127589 0.586423 0.347582 0.508498 0.280865 1.000000 0.299501 -0.381949 -0.322722 0.239819 0.110598 -0.271255 -0.227259 0.293583 0.114972 -0.178336 -0.063596 0.390230 0.172828 -0.080475 -0.265373 0.017451 -0.001490 -0.018840 0.188122 0.008138 0.001120 0.012659 -0.029916 0.229625 0.097694 -0.002596 0.152299 0.012060 -0.061164 -0.012671 -0.045659 0.037094 0.097433 -0.059259 -0.273380 -0.302399 -0.333065 0.293519 0.202416 -0.049018 0.275020 -0.180539 -0.160203 0.178820 -0.019340 -0.292110 -0.204559 -0.339632 -0.193889 -0.351123 -0.421789 -0.397675 -0.189932 -0.455576 -0.364312 0.154316 -0.233721 0.032622 0.081101 0.229080 0.051031 0.385724 0.231988 -0.036802 -0.057487 0.021551 -0.048162 -0.075736 -0.470955 -0.002705 -0.333982 -0.045023 -0.242793 -0.093403 -0.176907 -0.174688 -0.293113 -0.041748 0.024446 -0.024545 -0.044704 -0.152238 -0.218551 -0.132037 -0.262715 -0.141412 -0.246726 -0.154959 0.080255
-0.123519 -0.281278 -0.313271 0.347535 -0.623092 0.666389 -0.450147 -0.305638 -0.605112 0.075610 -0.105105 -0.201783 -0.416161 -0.077994 -0.628700 -0.330047 -0.286892 -0.228297 -0.028061 -0.152056 -0.207808 0.069384 0.435230 0.445228 0.676403 0.513888 0.299501 1.000000 -0.234667 -0.226780 0.064325 0.175183 -0.135488 -0.114493 0.437056 0.179012 0.067465 0.066471 0.283315 0.288903 0.088477 -0.177023 0.015401 -0.057100 -0.134611 0.162616 0.114022 0.118567 -0.148402 0.027373 0.174591 0.081878 -0.042469 0.268246 0.167767 0.139272 0.026228 -0.196602 -0.111651 -0.160377 -0.087260 -0.287713 -0.253198 -0.550146 0.381066 0.269201 -0.083937 0.192825 0.103579 0.036668 0.041298 0.033988 -0.160232 -0.012055 0.000930 -0.020767 -0.098842 -0.139465 -0.203046 -0.206596 -0.149324 -0.203466 0.167340 -0.144348 0.297071 0.263142 0.152425 0.227141 0.540897 0.231486 0.030854 0.042432 0.164418 0.062732 0.196541 0.068343 0.097574 0.208728 0.078727 0.106608 0.074980 -0.066150 -0.126861 0.051635 0.149080 0.090247 0.156033 0.020868 0.115922 0.016800 0.018014 0.101723 0.036909 0.030624 0.139636 -0.090776
0.091549 0.023423 -0.041845 -0.284185 -0.244805 -0.032532 0.204686 -0.025533 -0.092271 -0.039586 0.085893 0.263760 0.322372 0.161127 -0.001217 0.173614 0.390377 0.249756 0.294082 0.130809 -0.145585 -0.045067 -0.158039 -0.199965 -0.150892 -0.186984 -0.381949 -0.234667 1.000000 0.596042 0.334881 0.243099 0.217052 0.317632 -0.323199 -0.361641 0.323421 0.068470 -0.312180 -0.040640 0.273908 0.442591 -0.151403 -0.150276 -0.255389 -0.486944 0.162552 -0.069586 -0.351268 -0.318486 -0.258343 -0.311157 0.180578 0.067294 -0.083616 -0.012279 -0.388541 -0.149985 -0.202961 -0.284063 0.054919 0.101627 0.278931 0.444740 -0.304019 -0.439088 -0.345157 -0.566223 -0.097193 -0.258551 0.091136 0.288331 0.789272 0.495964 0.550515 0.572386 0.550363 0.455623 0.333715 0.084709 0.402994 0.324080 0.393186 0.600266 -0.049110 -0.026477 -0.141524 -0.237598 -0.300063 -0.122343 -0.058091 -0.093193 -0.260054 -0.098049 -0.087575 0.192082 0.031961 0.115667 0.090573 -0.047627 -0.248316 -0.020803 -0.296636 -0.120637 -0.361106 -0.070811 -0.296837 0.160914 -0.033719 0.012075 -0.007299 0.168008 0.153337 0.022916 0.086493 -0.205295
-0.004247 0.153108 -0.260974 -0.258159 -0.092964 0.159221 -0.120818 0.087925 0.031285 0.170933 0.129133 0.340758 0.028299 0.186845 0.028913 0.346977 0.398922 0.662521 -0.033919 0.188260 -0.249653 0.130551 -0.405163 -0.229651 -0.079893 -0.072530 -0.322722 -0.226780 0.596042 1.000000 0.022572 0.102177 0.041777 0.223288 -0.443893 -0.167114 0.357547 0.270082 -0.255580 -0.068784 0.205062 0.494162 0.104694 0.036731 0.046545 -0.271728 0.368528 0.197595 0.012206 0.016723 -0.161409 0.020171 0.264085 -0.057721 -0.069329 0.051042 -0.062598 0.086599 -0.171427 -0.142859 -0.223223 0.137363 -0.011154 0.224688 -0.453064 -0.459547 -0.446793 -0.666412 -0.180596 -0.279455 0.110075 0.186961 0.624483 0.556997 0.339186 0.387470 0.330735 0.447218 0.339115 0.363929 0.493068 0.557834 0.004464 0.512847 -0.078846 -0.305792 -0.442427 -0.397953 -0.499554 -0.397907 0.155043 -0.252125 -0.026824 -0.187467 -0.152212 0.323715 0.252343 0.117098 0.374543 0.309583 -0.127012 0.124318 -0.191923 -0.062548 -0.181495 -0.014651 -0.207012 0.000741 0.041795 0.092720 -0.049701 0.313786 0.167937 0.164226 0.102065 -0.122831
-0.427251 -0.307985 0.269844 0.264004 -0.002632 -0.192283 0.294988 -0.026129 -0.044182 -0.394884 0.009355 -0.276042 0.033996 -0.029606 -0.079862 -0.101955 -0.220571 -0.269361 0.204719 -0.180225 0.310314 0.224972 0.604426 0.540231 0.369486 0.228908 0.239819 0.064325 0.334881 0.022572 1.000000 0.836862 -0.016829 0.166726 0.002811 -0.154235 0.125035 -0.081570 0.184728 0.107180 0.460962 0.261444 0.041516 0.023393 -0.099910 0.060524 0.114997 -0.041116 -0.410257 -0.238910 -0.069545 -0.220832 -0.274428 0.224706 -0.117182 0.094443 -0.481969 -0.361893 -0.444050 -0.391894 -0.320059 -0.290704 -0.273760 -0.354610 0.267845 0.114494 -0.388196 -0.096782 -0.164796 -0.216272 0.416305 0.316306 0.397485 0.157738 0.180415 0.168330 0.104516 -0.099493 -0.074362 0.013121 0.005489 -0.075771 0.441335 0.080540 0.202218 0.311901 -0.084030 -0.221057 0.106726 -0.057585 -0.264353 -0.262392 0.009593 -0.102571 -0.028832 -0.313754 -0.009405 -0.065197 -0.022883 -0.287134 -0.069483 -0.180146 -0.341744 -0.470296 -0.246336 0.038975 -0.238313 0.229221 -0.262675 -0.055607 -0.128690 -0.003379 0.239410 -0.113668 0.075188 -0.058753
-0.601598 -0.314672 0.011880 0.508364 -0.170219 -0.015992 0.029333 -0.030190 -0.201917 -0.268907 -0.012311 -0.294904 -0.190827 -0.056960 -0.253315 -0.115536 -0.118079 -0.312221 0.140260 -0.076654 0.185449 0.385946 0.500730 0.679204 0.414316 0.439070 0.110598 0.175183 0.243099 0.102177 0.836862 1.000000 0.065999 0.261037 0.094351 -0.045461 0.035304 -0.162174 0.173981 0.126843 0.388080 0.179527 0.194627 0.130795 0.007921 0.153054 0.246797 0.104753 -0.356679 -0.097733 0.039591 -0.064823 -0.344227 0.187630 -0.190334 0.232543 -0.392295 -0.313834 -0.496770 -0.389868 -0.474592 -0.296359 -0.362203 -0.548975 0.336115 0.235464 -0.426357 -0.161765 0.015051 -0.087829 0.353323 0.261093 0.302824 0.184771 0.151400 0.088143 0.041314 -0.048805 -0.029977 0.137812 0.108810 -0.047754 0.410622 0.078596 0.232544 0.333725 -0.205061 -0.202843 -0.017835 -0.204060 -0.250398 -0.340467 0.184123 -0.166414 -0.039116 -0.187473 0.028717 0.103167 0.074649 -0.102112 -0.038618 -0.194525 -0.326824 -0.362221 -0.157998 -0.077054 -0.118855 0.126932 -0.229252 -0.067765 -0.123374 0.189654 0.262839 0.116079 0.140115 -0.055565
0.214892 0.263040 -0.185757 0.054964 -0.203117 -0.130627 -0.194721 -0.308660 -0.087074 -0.142263 0.000432 -0.117371 -0.082192 -0.205406 0.017588 -0.046328 0.346475 -0.194104 0.569814 0.543890 -0.030127 0.304839 -0.349758 -0.260814 -0.192412 0.087241 -0.271255 -0.135488 0.217052 0.041777 -0.016829 0.065999 1.000000 0.767723 0.186484 -0.059929 0.130778 0.037603 -0.269316 0.157147 0.054942 0.077894 -0.063644 -0.054578 0.073400 -0.147273 -0.012686 -0.274591 -0.237638 -0.103104 0.165905 -0.195281 -0.359439 -0.377109 -0.346829 0.047903 0.158018 0.218685 -0.098115 -0.064530 0.190129 0.149049 0.290736 0.192367 0.300391 0.214790 0.252271 -0.072239 0.617549 0.301868 -0.418705 -0.330035 0.107164 -0.003219 0.188347 -0.028104 0.293019 0.031723 0.274955 0.232635 0.365664 0.196101 0.066169 0.049045 0.099675 0.002594 -0.093687 -0.156859 -0.150450 -0.311468 -0.621483 -0.531268 -0.547338 -0.560189 -0.021035 0.124091 0.180813 0.227827 -0.159530 -0.026629 -0.417098 -0.351362 -0.230778 0.103649 -0.154927 0.087240 -0.159677 0.252014 0.175216 0.033414 -0.007783 -0.208060 -0.273692 0.048195 0.074152 0.153816
-0.056193 0.336408 -0.229705 0.041476 -0.239117 0.017983 -0.195601 -0.217476 -0.146619 -0.142252 -0.131329 -0.170911 -0.231219 -0.303195 -0.090719 -0.100418 0.362693 -0.061548 0.547034 0.631686 0.022078 0.273111 -0.273400 -0.102014 -0.025536 0.197725 -0.227259 -0.114493 0.317632 0.223288 0.166726 0.261037 0.767723 1.000000 0.105665 0.088973 0.163813 0.078815 -0.206266 0.122561 0.112273 0.171781 0.067300 0.027655 0.131233 0.009749 0.074555 -0.112335 -0.347908 -0.102055 0.096126 -0.257223 -0.448471 -0.355544 -0.466974 -0.013659 0.052408 0.306313 -0.305113 -0.296746 -0.045758 0.023674 0.181397 0.119348 0.240565 0.063788 -0.028699 -0.133829 0.467929 0.325396 -0.231009 -0.242798 0.256242 0.125056 0.310875 0.065844 0.285136 0.136325 0.313859 0.431026 0.513782 0.363988 0.129118 0.106308 0.080615 -0.197597 -0.358628 -0.466717 -0.258919 -0.573458 -0.431775 -0.564633 -0.419032 -0.461245 -0.086536 0.114213 0.197479 0.261726 0.057067 -0.039342 -0.389328 -0.224119 -0.289399 0.010117 -0.059094 0.160816 -0.115926 0.254863 0.144777 -0.022178 0.093441 -0.057941 -0.223949 -0.078871 0.224452 0.144187
0.006345 -0.011751 -0.221377 0.260423 -0.231177 0.040348 -0.322584 -0.483792 -0.358303 -0.264184 -0.100757 -0.347211 -0.353233 -0.314016 -0.269678 -0.329299 -0.185843 -0.411980 0.202752 0.018167 0.121216 0.159275 0.322716 0.188428 0.356490 0.285100 0.293583 0.437056 -0.323199 -0.443893 0.002811 0.094351 0.186484 0.105665 1.000000 0.437323 -0.099877 0.004134 0.342612 0.213846 -0.101611 -0.385469 0.094381 0.088960 0.014920 0.277482 -0.048602 -0.075432 -0.232468 0.023048 0.253747 -0.032244 -0.307071 0.032273 0.017607 0.013077 0.186359 0.012485 -0.005761 -0.036894 0.032487 -0.175105 -0.092057 -0.324995 0.564124 0.413323 0.298925 0.476843 0.208054 0.179300 -0.204613 -0.196407 -0.442196 -0.475443 -0.223813 -0.401074 -0.238595 -0.287572 -0.139413 -0.147079 -0.235201 -0.206343 0.198172 -0.295837 0.330351 0.302597 0.362010 0.365116 0.389416 0.103461 -0.281719 -0.140047 -0.043402 -0.075050 0.111349 -0.134146 0.025212 0.110861 -0.136562 -0.119562 0.010882 -0.207021 -0.025748 0.101229 0.033263 0.051659 0.197214 0.109851 0.242953 0.098842 0.181229 -0.164776 -0.026869 0.037395 0.134645 0.029956
-0.156486 -0.073467 -0.130179 0.171996 -0.030499 0.229014 -0.178570 0.013486 -0.125695 0.149233 -0.144966 -0.079517 -0.404548 -0.147448 -0.094599 -0.198656 -0.117577 -0.054649 -0.194999 -0.091123 0.059745 0.048068 -0.003917 0.047799 0.209752 0.173440 0.114972 0.179012 -0.361641 -0.167114 -0.154235 -0.045461 -0.059929 0.088973 0.437323 1.000000 -0.154904 0.036238 0.104460 -0.113048 -0.161212 -0.371188 0.144378 0.082857 0.218988 0.459247 0.010483 -0.051699 0.124047 0.250931 0.330361 0.190341 -0.033398 0.125611 -0.035672 -0.258083 0.251849 0.111507 0.084480 0.200488 -0.119293 0.113666 -0.243615 -0.244469 0.223653 0.240957 0.033507 0.292451 -0.087033 -0.056792 -0.168864 -0.180416 -0.387167 -0.485892 -0.394353 -0.476697 -0.373516 -0.218019 -0.146314 -0.003827 -0.100037 0.012339 -0.214249 -0.226047 0.111729 -0.114686 -0.137347 -0.055530 0.137029 -0.188411 0.091841 -0.021806 0.341484 0.220572 -0.118301 -0.083559 -0.078553 -0.132948 -0.056124 -0.020174 0.251129 0.126409 0.164444 0.122060 0.093847 0.005688 0.007685 0.067257 0.191317 0.049515 0.025973 -0.028656 0.070576 0.128660 0.106282 0.042369
