1.000000 0.629830 -0.165325 -0.431516 -0.392472 -0.292084 -0.179450 -0.335431 0.125894 -0.185164 0.045627 0.249052 0.128096 0.038478 -0.075234 -0.259460 0.216755 0.557816 0.253128 0.331093 -0.107906 -0.079280 -0.038282 -0.423207 -0.277517 -0.248996 -0.151078 -0.171163 0.083336 0.180849 -0.053523 -0.058691 -0.077884 -0.170828 -0.359653 -0.350857 0.178343 -0.096498 0.178299 0.159158 -0.029371 0.043219 0.119344 0.097179 -0.100644 -0.233400 0.186218 0.123168 0.177208 0.143186 -0.002977 0.414924 0.441860 0.413649 0.335861 0.262091 0.315354 0.293347 0.446342 0.391825 0.088824 0.146007 0.258302 0.544340 -0.456632 -0.387751 -0.385820 -0.542922 0.100888 -0.186848 -0.226858 -0.214090 0.170398 0.291109 0.183551 -0.045257 0.285625 0.070097 0.008315 0.060041 0.304413 0.283013 0.312409 0.036321 -0.270342 0.186505 0.267517 0.318924 -0.286275 -0.147477 -0.002458 0.032180 -0.209412 -0.166117 0.018118 0.139697 0.051654 -0.199884 0.058362 0.025308 0.029156 -0.209246 -0.087656 -0.234277 -0.235774 -0.167620 -0.010721 -0.214487 -0.130138 -0.010051 -0.264867 0.070382 0.080081 -0.077719 -0.014638 -0.030881
0.629830 1.000000 -0.095158 -0.251675 -0.368294 -0.270685 -0.312855 -0.346763 0.115042 -0.202258 0.102191 0.288929 0.028434 0.085693 0.067456 -0.223085 0.025540 0.322689 -0.177812 0.127467 -0.149231 -0.085864 0.160165 -0.219937 -0.098476 -0.086579 -0.012685 -0.021341 -0.221395 -0.098295 -0.303958 -0.228874 -0.135463 -0.206715 -0.206056 -0.246234 0.096800 -0.020464 0.259536 0.389183 -0.223457 -0.036200 0.108817 0.118946 -0.185319 -0.122070 0.088615 0.161222 0.138857 0.101797 0.145846 0.481026 0.438283 0.503172 0.470739 0.227284 0.385525 0.492148 0.357507 0.375237 0.124267 0.268969 0.059217 0.443824 -0.404653 -0.272487 -0.232727 -0.387152 0.445295 0.297238 -0.310772 -0.277986 -0.120888 0.055342 -0.039637 -0.193931 0.232459 0.031494 0.140891 0.136502 0.141089 0.073200 0.088768 -0.208374 -0.113774 0.306517 0.368169 0.303913 -0.101025 0.103715 0.127517 -0.030707 -0.198300 -0.337512 -0.016606 0.257989 -0.026041 -0.069346 0.019563 0.137214 0.025700 -0.348160 -0.076462 -0.302541 -0.254745 -0.256978 -0.200804 -0.372785 -0.116843 -0.185336 -0.271471 0.031360 0.087822 -0.163666 -0.186305 -0.125283
-0.165325 -0.095158 1.000000 0.158154 0.041948 -0.284118 0.432048 -0.001047 0.475542 -0.400938 -0.054990 -0.500769 -0.006463 -0.248227 0.328320 -0.209344 -0.299857 -0.268476 -0.186403 -0.118385 0.301355 0.311335 0.627982 0.508020 -0.057325 0.345532 0.108925 0.172927 -0.593736 -0.637820 0.079323 -0.092299 -0.170807 -0.253482 0.332551 0.148068 -0.168406 -0.305156 0.032085 -0.072563 -0.324542 -0.209391 -0.387199 -0.250112 -0.276376 -0.011334 -0.413905 -0.320652 0.062570 -0.254960 0.421368 -0.066333 0.073178 -0.153885 0.067749 -0.301620 -0.028526 0.209203 0.082104 0.049165 -0.003807 -0.252838 -0.492666 -0.379491 0.236896 0.201268 0.661887 0.607149 0.423872 0.488952 -0.044394 -0.183004 -0.491692 -0.202900 -0.077520 -0.137622 -0.391157 -0.394122 0.060776 -0.226166 -0.467295 -0.451279 -0.395165 -0.442767 0.098865 -0.017828 -0.036132 -0.105471 0.437414 0.645301 -0.142805 0.082074 0.090259 -0.025146 0.368162 -0.199751 -0.108792 0.313432 -0.397213 -0.263986 -0.270050 -0.097548 -0.177378 0.164139 -0.027930 0.113420 -0.120230 -0.022187 -0.319535 -0.235055 -0.027984 -0.405129 -0.182922 -0.112305 0.172458 0.091820
-0.431516 -0.251675 0.158154 1.000000 0.310059 0.151731 0.426734 0.617683 0.295242 0.406591 -0.100663 0.080026 -0.175996 0.128014 -0.138939 0.227145 -0.152181 -0.416799 -0.120585 0.015000 -0.143784 -0.056614 -0.080483 0.581960 -0.155151 -0.022557 -0.105223 -0.066709 -0.385252 -0.404326 -0.055349 -0.004053 -0.067880 -0.008674 -0.031695 0.161343 -0.233101 -0.015202 -0.118939 -0.070290 -0.263267 -0.163363 -0.341924 -0.326588 -0.378963 -0.281881 -0.227124 -0.317162 -0.112467 -0.318406 -0.056737 -0.155060 0.021298 0.031700 -0.182991 -0.243801 -0.258091 -0.213631 0.116560 0.008983 0.007437 0.292768 -0.313213 -0.384791 0.406959 0.557508 0.091510 0.259224 -0.087819 0.250774 -0.131846 -0.028640 -0.355482 -0.270911 -0.336119 -0.132534 -0.162976 -0.218809 -0.258988 -0.203948 -0.329254 -0.387110 -0.414286 -0.161574 -0.148029 -0.154786 -0.371209 -0.356407 0.196198 0.297718 0.234232 0.299103 0.288503 0.071288 0.217010 0.082375 -0.170226 0.327057 -0.187692 -0.055024 -0.068762 0.045356 -0.028402 0.166460 0.147086 0.313409 0.037555 0.198948 0.040152 -0.055295 0.139067 -0.028801 0.136334 0.057742 0.208205 -0.051923
-0.392472 -0.368294 0.041948 0.310059 1.000000 0.705448 0.217811 0.150942 -0.274183 0.228513 0.151058 -0.053161 -0.104938 0.004228 -0.012938 0.136472 -0.069448 -0.345562 -0.065557 -0.035254 -0.021023 -0.150374 -0.102441 0.193050 0.383877 0.268084 0.417917 0.251662 -0.192205 -0.134132 0.129994 -0.090447 0.013342 0.061635 0.117173 0.118082 -0.070255 0.093363 -0.099042 -0.075200 0.003145 0.019045 -0.295834 -0.299113 -0.020677 -0.140474 -0.175763 -0.223487 0.117525 -0.146461 0.057894 -0.244895 -0.067687 -0.037016 -0.108458 -0.219520 -0.262165 -0.250509 0.005562 -0.182417 0.024585 0.118854 -0.255942 -0.479419 0.486867 0.359442 0.211271 0.240916 -0.327957 -0.078855 0.383736 0.325215 -0.075574 0.054363 0.010493 0.212550 -0.011387 0.009603 0.054341 -0.165703 -0.199754 -0.233737 -0.411601 -0.256322 -0.234620 -0.357021 -0.408468 -0.358824 0.175207 0.108524 0.052257 0.168510 0.222489 0.223289 -0.038994 0.176010 -0.003901 0.321297 0.094922 -0.024366 -0.068305 0.291910 0.092131 0.347153 0.081771 -0.085476 0.139313 0.006916 0.126968 0.083825 0.186296 0.076763 -0.002584 0.135242 -0.058186 0.162684
-0.292084 -0.270685 -0.284118 0.151731 0.705448 1.000000 -0.030757 0.126867 -0.553235 0.342590 0.047261 0.051139 -0.201562 0.053844 -0.265065 0.156105 0.225189 -0.090822 0.038606 -0.024279 0.075938 -0.123887 -0.317420 -0.115906 0.450693 0.196465 0.274456 0.226073 0.112562 0.115082 0.100088 0.031202 0.087027 0.159821 0.020647 0.126664 -0.007460 0.230713 -0.289995 -0.215226 0.213197 0.186051 -0.013422 -0.012197 0.218067 0.049575 -0.074069 -0.089364 -0.021714 -0.090775 -0.059216 -0.253848 -0.179229 -0.104665 -0.141535 -0.099891 -0.066743 -0.185942 -0.111998 -0.232710 -0.021965 0.064341 0.075388 -0.219105 0.397107 0.231453 -0.040463 0.017884 -0.317975 -0.231178 0.369318 0.483003 0.060338 0.084687 0.028473 0.203655 0.141984 0.267219 0.046207 -0.067095 0.109495 0.143154 -0.106797 0.018935 -0.032724 -0.175675 -0.159112 -0.236867 0.158231 -0.112787 -0.027510 -0.072529 0.151466 0.162655 -0.216373 0.072197 0.030122 0.154102 0.177917 -0.062714 0.007454 0.254790 0.045702 0.077743 0.053993 -0.079418 0.038076 -0.031638 0.424089 0.151517 0.138939 0.105855 -0.097940 0.089675 -0.265951 -0.015324
-0.179450 -0.312855 0.432048 0.426734 0.217811 -0.030757 1.000000 0.457352 0.599689 0.262146 0.230412 -0.039396 0.410975 0.233679 -0.037303 0.142819 -0.247701 -0.388150 0.266975 0.191971 -0.128363 -0.063807 -0.099425 0.415886 -0.334749 -0.217600 -0.412148 -0.418600 -0.181348 -0.318539 0.203757 0.036346 -0.047701 0.170682 -0.029188 0.366798 -0.253165 -0.414911 -0.093028 -0.194989 -0.250313 -0.301976 -0.406799 -0.408195 -0.287903 -0.116458 -0.355101 -0.290767 -0.043435 -0.229165 -0.073269 -0.198725 -0.062935 -0.137674 -0.396203 -0.383821 -0.411833 -0.376991 0.094864 -0.109930 0.277357 0.106072 -0.246958 -0.297536 0.547415 0.245458 0.230763 0.369979 -0.179540 0.105891 -0.008795 0.041466 -0.264559 -0.226854 -0.214995 -0.210161 -0.243822 -0.295839 -0.212901 -0.500792 -0.447464 -0.429208 -0.303053 -0.032897 -0.287363 -0.311319 -0.535350 -0.525177 -0.085192 0.206958 0.024844 0.212681 0.187409 0.154902 0.299325 -0.227046 -0.243964 0.276443 -0.269742 -0.061281 -0.203449 0.053789 -0.116296 0.301159 0.143942 0.232652 0.146780 0.238468 -0.136253 -0.208401 0.021051 -0.133156 -0.070619 -0.116588 0.242472 -0.030340
-0.335431 -0.346763 -0.001047 0.617683 0.150942 0.126867 0.457352 1.000000 0.238250 0.635320 -0.037694 0.274461 0.016827 0.296616 -0.225191 0.300126 -0.005490 -0.371274 0.097031 0.131531 -0.087768 -0.038482 -0.351917 0.217201 -0.371036 -0.256512 -0.398240 -0.319306 -0.083470 -0.132459 -0.022977 -0.036538 -0.041340 0.160592 -0.167443 0.160886 -0.293659 -0.111058 -0.336262 -0.249311 -0.054199 -0.058473 -0.210063 -0.104769 -0.290875 -0.050497 -0.334346 -0.223569 -0.247050 -0.196692 -0.336677 -0.338913 -0.274776 -0.264662 -0.362485 -0.240405 -0.180525 -0.312916 -0.104843 -0.149309 0.123607 0.462887 -0.100138 -0.319030 0.368720 0.631988 -0.056205 0.209570 -0.235418 0.114638 -0.173339 0.145246 -0.248243 -0.208500 -0.153670 -0.142740 -0.154215 -0.122164 -0.235327 -0.215506 -0.199199 -0.217969 -0.288803 0.089096 -0.150736 -0.171939 -0.399469 -0.436253 -0.008742 0.051115 0.250185 0.146850 0.289030 0.146362 -0.033378 -0.265899 -0.191030 0.184672 -0.114733 0.085215 0.088468 0.155691 -0.070825 0.319352 0.207826 0.213986 0.138918 0.189953 0.183822 -0.078303 0.138045 -0.021784 0.199570 0.173728 0.222447 -0.014809
0.125894 0.115042 0.475542 0.295242 -0.274183 -0.553235 0.599689 0.238250 1.000000 0.022214 -0.072448 -0.113544 0.173023 0.051081 0.034800 -0.084295 -0.270707 -0.114674 0.125585 0.168017 -0.034915 0.012018 0.239923 0.374477 -0.590035 -0.318695 -0.384545 -0.447214 -0.394052 -0.375427 0.069233 0.005817 -0.229954 0.040003 -0.003582 0.260745 -0.252349 -0.401123 0.098528 0.116764 -0.488382 -0.334162 -0.319977 -0.304769 -0.401272 -0.147390 -0.189532 -0.153751 -0.061389 -0.174591 0.005737 0.077302 0.280539 0.120551 -0.013133 -0.136354 -0.123408 -0.006450 0.268750 0.195598 0.215496 0.150245 -0.196719 0.015601 0.172460 0.100992 0.171861 0.208015 0.196845 0.293309 -0.264205 -0.256800 -0.335082 -0.292645 -0.315053 -0.242118 -0.184644 -0.349305 -0.082565 -0.359891 -0.404492 -0.416779 -0.325500 -0.176077 -0.256269 -0.178401 -0.232025 -0.248943 0.016070 0.228802 0.042982 0.302981 0.053049 0.039035 0.403558 -0.048058 -0.237141 0.237612 -0.339702 0.032663 -0.044100 -0.117104 -0.109355 0.118159 0.094233 0.248389 0.039167 0.116430 -0.301637 -0.280297 -0.134257 -0.238092 0.037125 -0.258502 0.347787 0.015950
-0.185164 -0.202258 -0.400938 0.406591 0.228513 0.342590 0.262146 0.635320 0.022214 1.000000 0.045970 0.385234 0.049572 0.440384 -0.414192 0.329322 0.186839 -0.116184 0.229463 0.021434 -0.356407 -0.312425 -0.551489 -0.101427 -0.137179 -0.367430 -0.511962 -0.502324 0.214416 0.140020 0.033947 0.029131 0.150998 0.363199 -0.153899 0.264985 -0.226455 -0.153649 -0.353189 -0.257649 0.002470 -0.180498 -0.001582 -0.101050 0.019280 0.050065 -0.078755 -0.072173 -0.193736 -0.022857 -0.358878 -0.112744 -0.145584 0.052260 -0.337582 -0.110414 -0.230844 -0.473052 -0.106503 -0.122230 0.272477 0.466755 0.277763 0.004066 0.344743 0.406622 -0.312619 -0.026024 -0.598085 -0.308309 -0.140054 0.132225 -0.018891 -0.236764 -0.192263 -0.183451 0.001738 -0.041905 -0.110355 -0.221300 0.078427 0.040021 -0.070048 0.224150 -0.200450 -0.099412 -0.376267 -0.452113 -0.223327 -0.241730 0.291921 0.159181 0.183134 0.124857 -0.165172 -0.021905 -0.307588 -0.035748 0.175653 0.101277 0.241142 0.145595 -0.002220 0.111699 0.276294 0.220807 0.133358 0.068055 0.300679 -0.167732 -0.058058 0.131162 0.111861 0.028195 0.098411 -0.129788
0.045627 0.102191 -0.054990 -0.100663 0.151058 0.047261 0.230412 -0.037694 -0.072448 0.045970 1.000000 0.401457 0.632038 0.342474 0.292803 0.288161 -0.123428 -0.158145 0.125775 0.087647 -0.302192 -0.153155 -0.109794 -0.070464 -0.107340 -0.098800 -0.038970 0.031836 0.024627 -0.035729 -0.026446 -0.149584 0.269475 0.204834 0.067895 0.062012 0.131374 -0.052254 0.050766 -0.196774 0.093242 0.136220 -0.092884 -0.120540 -0.067958 -0.007054 -0.153797 -0.217939 0.091654 -0.192075 0.116367 -0.096467 -0.003051 0.043399 -0.077709 -0.145916 -0.212268 -0.232974 0.053867 -0.197131 0.429387 0.178458 -0.164773 0.006805 0.374966 0.147799 -0.074475 0.069696 -0.147730 -0.073054 0.046140 0.070234 0.020402 0.105171 0.034855 -0.052688 0.141520 0.179684 -0.162719 -0.168372 -0.145724 -0.103263 -0.016494 -0.051644 -0.074999 -0.055706 -0.253135 -0.129152 -0.116180 0.036362 0.117016 -0.149536 -0.079378 -0.228383 0.036649 0.072638 -0.185082 -0.047073 -0.095991 -0.154238 -0.327021 -0.011891 0.015515 -0.048734 -0.263972 -0.215343 -0.145371 -0.071639 0.003944 -0.138797 -0.218751 -0.110313 -0.124581 -0.225051 -0.288641 -0.140703
0.249052 0.288929 -0.500769 0.080026 -0.053161 0.051139 -0.039396 0.274461 -0.113544 0.385234 0.401457 1.000000 0.353491 0.720332 -0.215352 0.400791 0.110327 -0.035055 0.199237 0.205661 -0.372507 -0.168092 -0.500323 -0.226587 -0.329639 -0.429232 -0.220683 -0.130138 0.229136 0.220901 -0.223360 -0.122655 -0.026102 0.071190 -0.506056 -0.174324 0.128320 0.047758 -0.167547 -0.027945 0.245367 0.226877 0.241638 0.239154 -0.026877 -0.017129 0.190999 0.127595 -0.031530 0.103300 -0.283514 0.101553 0.026649 0.163833 0.122330 0.363467 -0.039371 -0.202032 0.078262 -0.032368 0.300939 0.537147 0.157617 0.186727 -0.085447 0.150586 -0.594967 -0.422906 -0.295671 -0.257908 -0.239934 0.054893 0.077048 0.065507 -0.062388 -0.019605 0.204932 0.171730 -0.189831 -0.013844 0.168489 0.112214 0.144289 0.280122 -0.220269 0.165848 -0.187096 -0.044515 -0.396016 -0.237499 0.357142 -0.090791 0.016289 -0.210791 -0.151197 -0.030923 -0.042055 -0.274183 0.179517 0.012974 -0.047380 -0.149840 -0.109211 -0.191136 -0.161047 -0.113078 -0.126746 -0.142318 0.152696 -0.098101 -0.349922 0.083676 0.214277 -0.065027 -0.218835 -0.362679
0.128096 0.028434 -0.006463 -0.175996 -0.104938 -0.201562 0.410975 0.016827 0.173023 0.049572 0.632038 0.353491 1.000000 0.519666 0.269173 0.322285 -0.181765 -0.030823 0.064681 0.104077 -0.315253 -0.073511 -0.252339 -0.090163 -0.270495 -0.248282 -0.264029 -0.167436 0.199814 0.062334 -0.038324 -0.042452 0.227319 0.176176 -0.063162 0.141416 -0.014329 -0.384603 0.101133 -0.079949 0.080909 -0.027883 -0.029871 0.001678 -0.025876 0.086241 -0.015628 -0.027829 0.143054 0.057379 0.040854 -0.036798 -0.036951 0.039985 -0.122887 0.012889 -0.372645 -0.362081 -0.005582 -0.221898 0.396202 0.089947 0.011792 0.169204 0.102800 -0.175422 -0.136819 0.031220 -0.192485 -0.132145 -0.235741 -0.144384 -0.036562 -0.012885 0.008402 -0.199366 -0.080867 -0.061726 -0.313981 -0.310225 -0.067643 -0.027336 0.145931 0.251271 -0.202067 0.026352 -0.229562 -0.088437 -0.351902 -0.115510 -0.025540 -0.304270 -0.252608 -0.265404 0.045921 -0.164590 -0.216479 -0.110969 -0.309617 -0.187102 -0.292473 -0.157111 -0.342218 -0.025567 -0.119656 0.020916 -0.049402 0.134198 -0.123142 -0.171908 -0.202559 -0.220686 -0.184116 -0.187358 -0.108247 -0.201377
0.038478 0.085693 -0.248227 0.128014 0.004228 0.053844 0.233679 0.296616 0.051081 0.440384 0.342474 0.720332 0.519666 1.000000 -0.171886 0.523962 -0.120609 -0.229601 0.071351 -0.024527 -0.304383 -0.025926 -0.529594 -0.162580 -0.273545 -0.260279 -0.292749 -0.229000 0.153690 0.081261 -0.111758 -0.043311 -0.035835 0.194937 -0.215468 0.203161 -0.123553 -0.194468 -0.073308 0.019342 0.160864 0.073845 0.125777 0.142078 0.093333 0.186518 0.142194 0.089803 0.127712 0.197852 -0.207830 0.098776 0.056503 0.158681 0.045342 0.334313 -0.309337 -0.458466 0.031963 -0.146193 0.337685 0.482903 0.071100 0.068126 0.067812 0.139363 -0.400178 -0.107382 -0.359072 -0.157892 -0.402184 -0.145318 -0.151399 -0.217665 -0.219814 -0.225015 -0.164678 -0.070211 -0.281307 -0.399912 -0.082684 -0.122882 -0.005822 0.282962 -0.253170 0.087427 -0.317023 -0.244743 -0.340300 -0.143954 0.227432 -0.058284 -0.051140 -0.276773 0.063857 -0.191235 -0.063170 -0.007106 0.081501 -0.017627 -0.150451 -0.153322 -0.242905 -0.071496 0.075746 0.131992 -0.117509 0.030026 0.090800 -0.228210 -0.258189 -0.091743 -0.043696 -0.091886 -0.070597 -0.348757
-0.075234 0.067456 0.328320 -0.138939 -0.012938 -0.265065 -0.037303 -0.225191 0.034800 -0.414192 0.292803 -0.215352 0.269173 -0.171886 1.000000 0.226600 -0.405939 -0.161181 -0.388270 -0.211998 0.125244 0.267462 0.471057 0.193230 0.207842 0.340110 0.294656 0.356287 -0.323753 -0.406482 -0.052627 -0.153970 0.011706 -0.173602 0.328569 0.069231 -0.048283 -0.278190 0.276051 -0.015390 0.022991 0.030454 -0.047447 -0.013136 -0.027734 0.126941 -0.134291 -0.091230 0.220629 -0.100480 0.431141 -0.124356 -0.018243 -0.113990 0.062324 -0.146879 -0.041376 0.139733 -0.026040 -0.151035 -0.037621 -0.174132 -0.369328 -0.251625 0.071945 0.003167 0.372516 0.352189 0.271828 0.303085 -0.007851 -0.118699 -0.344703 0.002624 0.066823 -0.236055 -0.027605 -0.232907 -0.208965 -0.037438 -0.285215 -0.296065 0.008427 -0.274269 0.337364 0.089135 0.038204 0.173213 0.317791 0.320902 -0.107280 -0.239474 -0.243676 -0.205135 0.199602 -0.057594 -0.154521 0.026955 -0.501840 -0.313581 -0.515649 -0.138627 -0.259116 0.069222 -0.197687 -0.029551 -0.131355 0.102705 -0.298146 -0.142419 -0.053282 -0.284794 -0.252555 -0.170840 -0.110606 0.039701
-0.259460 -0.223085 -0.209344 0.227145 0.136472 0.156105 0.142819 0.300126 -0.084295 0.329322 0.288161 0.400791 0.322285 0.523962 0.226600 1.000000 -0.096806 -0.268371 -0.172264 -0.191922 0.020020 0.171096 -0.384399 0.031028 -0.084582 -0.045579 -0.065898 0.132824 0.178464 0.023871 -0.062596 -0.023048 0.130438 0.201853 -0.039367 0.141584 -0.054575 0.006409 -0.108077 -0.279941 0.429812 0.314581 0.101670 0.035184 0.195326 0.238978 0.051082 -0.153241 0.132960 0.045464 -0.070291 -0.173850 -0.079824 -0.080060 -0.260914 0.066603 -0.239186 -0.399383 -0.136853 -0.234095 0.074518 0.266110 -0.034171 -0.095356 0.253393 0.253484 -0.244060 0.039484 -0.309776 -0.151578 -0.133962 0.145404 -0.130832 -0.027142 0.021953 -0.017652 -0.068487 -0.114791 -0.390387 -0.165647 0.017167 -0.023518 0.016809 0.317628 0.038992 -0.167923 -0.265958 -0.197631 -0.076632 -0.151376 0.144777 -0.248152 -0.038116 -0.079212 -0.119193 -0.400913 0.048368 -0.099025 -0.056590 -0.126263 -0.301287 0.025396 -0.118819 -0.088875 -0.007102 0.008201 -0.092413 0.192099 0.223845 -0.024647 -0.023925 -0.026442 -0.041887 -0.134965 -0.183971 -0.213174
0.216755 0.025540 -0.299857 -0.152181 -0.069448 0.225189 -0.247701 -0.005490 -0.270707 0.186839 -0.123428 0.110327 -0.181765 -0.120609 -0.405939 -0.096806 1.000000 0.632600 0.327267 0.298584 -0.114498 -0.033590 -0.224534 -0.326469 -0.189318 -0.287676 -0.088471 -0.037619 0.526443 0.334627 -0.097912 -0.154838 0.045694 -0.055113 -0.424739 -0.361018 0.345752 0.457997 -0.267096 -0.113028 0.312069 0.325148 0.116803 0.008823 -0.113281 -0.324817 0.036387 -0.115485 -0.159005 -0.138552 -0.210619 0.016137 0.043569 0.127786 0.048501 0.052026 0.485965 0.232710 0.044205 0.094033 0.160242 0.096069 0.528092 0.499184 -0.113577 -0.115890 -0.416305 -0.405838 -0.145349 -0.309533 0.069779 0.250136 0.328669 0.376289 0.402433 0.262398 0.262346 0.286397 0.456797 0.389897 0.676516 0.600302 0.334726 0.336224 0.001025 0.018434 0.182182 0.008401 -0.079122 -0.254121 0.061795 -0.078481 -0.014283 -0.045403 -0.352428 -0.055838 -0.029180 -0.307646 0.394298 0.122946 0.383228 0.102247 0.169142 -0.257671 -0.188468 -0.302173 -0.199551 -0.377516 0.468862 0.125684 -0.038773 0.114081 0.109862 0.089129 -0.295062 -0.043392
0.557816 0.322689 -0.268476 -0.416799 -0.345562 -0.090822 -0.388150 -0.371274 -0.114674 -0.116184 -0.158145 -0.035055 -0.030823 -0.229601 -0.161181 -0.268371 0.632600 1.000000 0.150514 0.135805 -0.021934 -0.083506 -0.086759 -0.517505 -0.089476 -0.185835 -0.003763 -0.015310 0.389596 0.318547 -0.210410 -0.145014 0.101332 -0.177225 -0.223335 -0.372851 0.292792 0.179506 0.173478 0.122442 0.124016 0.084480 0.300365 0.217205 -0.048914 -0.170257 0.275364 0.106821 0.002751 -0.024105 0.051929 0.204429 0.331596 0.420771 0.295226 0.249108 0.527885 0.442311 0.167014 0.162804 0.049615 -0.062983 0.488236 0.736277 -0.387377 -0.462229 -0.378979 -0.543486 -0.018460 -0.319522 -0.138400 -0.151861 0.295434 0.261406 0.278118 0.012907 0.208561 0.181236 0.236300 0.433793 0.667520 0.650851 0.418517 0.219610 -0.022929 0.247779 0.413868 0.342800 -0.112649 -0.275896 -0.066373 -0.077624 -0.341023 -0.216748 -0.137093 0.086905 -0.080014 -0.442299 0.147792 -0.005359 0.351439 -0.014772 0.065160 -0.492106 -0.394212 -0.210844 -0.146797 -0.188770 0.117119 -0.066181 -0.176504 -0.046036 -0.033673 -0.148564 -0.208031 -0.051921
0.253128 -0.177812 -0.186403 -0.120585 -0.065557 0.038606 0.266975 0.097031 0.125585 0.229463 0.125775 0.199237 0.064681 0.071351 -0.388270 -0.172264 0.327267 0.150514 1.000000 0.528145 -0.157199 -0.091444 -0.327887 -0.289342 -0.300691 -0.403164 -0.422268 -0.508818 0.395749 0.316117 0.405080 0.175623 0.150830 0.327478 -0.323579 -0.070137 0.031883 0.021834 -0.250940 -0.102785 0.130231 0.083803 0.096910 -0.040387 0.035367 -0.075423 0.084187 0.054252 -0.270238 -0.081671 -0.460718 -0.133626 -0.170711 -0.177672 -0.239823 -0.029043 0.013283 -0.203142 -0.011164 -0.149044 0.272154 0.069439 0.181919 0.153278 0.176932 -0.051913 -0.246443 -0.211290 -0.263844 -0.326855 0.235674 0.327591 0.386648 0.129586 0.046314 0.118898 0.103674 0.197798 0.125808 -0.076241 0.148447 0.219634 0.263138 0.288476 -0.076936 -0.132635 -0.170951 -0.129986 -0.370486 -0.326258 -0.182657 0.085415 -0.056055 0.132813 -0.046222 -0.134271 0.024569 -0.131385 0.153790 0.037401 0.088594 0.228337 -0.002976 -0.086624 -0.097394 -0.104700 -0.005140 -0.129838 0.120274 -0.015696 -0.173072 0.047729 0.033608 0.013798 0.080219 -0.039592
0.331093 0.127467 -0.118385 0.015000 -0.035254 -0.024279 0.191971 0.131531 0.168017 0.021434 0.087647 0.205661 0.104077 -0.024527 -0.211998 -0.191922 0.298584 0.135805 0.528145 1.000000 -0.126596 -0.154870 -0.090985 0.064126 -0.413420 -0.423137 -0.140969 -0.242757 0.165419 0.102800 0.017129 -0.090194 -0.083673 0.059349 -0.440977 -0.174588 -0.083098 0.056973 -0.249367 -0.056550 -0.014658 -0.046766 -0.225148 -0.226880 -0.295581 -0.450732 -0.048144 -0.145506 0.013435 -0.080200 -0.333010 0.154678 0.108454 0.059687 -0.112769 -0.114557 -0.036916 0.013909 0.170514 0.160660 -0.012475 0.106875 -0.116366 0.143893 -0.057212 -0.120978 -0.299827 -0.217456 -0.061062 0.003887 0.126379 0.296360 0.111269 0.123597 0.025500 0.221131 0.061020 0.134740 0.021722 0.013110 0.158815 0.114988 0.162713 0.165286 -0.149097 -0.252373 -0.017731 -0.092174 -0.240065 -0.177389 0.048643 0.213616 -0.009581 0.157810 -0.140856 -0.050676 -0.123467 -0.045370 0.133466 -0.006209 0.058449 0.142575 -0.009916 -0.062233 -0.034961 -0.138898 0.152967 -0.200181 0.063245 0.161780 0.026913 0.023878 0.192043 0.108821 0.096273 0.078340
-0.107906 -0.149231 0.301355 -0.143784 -0.021023 0.075938 -0.128363 -0.087768 -0.034915 -0.356407 -0.302192 -0.372507 -0.315253 -0.304383 0.125244 0.020020 -0.114498 -0.021934 -0.157199 -0.126596 1.000000 0.436311 0.197709 -0.012433 0.142404 0.345533 0.364773 0.405724 -0.176323 -0.067317 -0.011356 0.112268 -0.142505 -0.147039 0.156964 -0.177336 -0.054702 0.162855 -0.123528 -0.245789 0.190029 0.206519 0.072214 0.109209 0.155221 0.106773 -0.021042 -0.217563 0.183605 0.009765 0.260582 -0.050874 0.013892 -0.273609 -0.023513 -0.080138 0.147262 0.227032 0.064936 0.113315 -0.327703 -0.227853 -0.227109 -0.214985 -0.093749 0.071304 0.224056 0.079520 0.242859 0.192817 0.111746 0.166409 -0.087285 -0.114680 -0.035395 0.152437 -0.217519 -0.004772 -0.082859 0.033212 -0.092779 0.011574 -0.087617 -0.124995 0.215888 -0.066686 0.274829 0.042532 0.413835 0.085808 -0.054236 0.053538 0.049303 0.177572 -0.014438 -0.199469 0.280799 0.112586 0.028556 0.014646 0.019996 -0.022445 0.136531 -0.095495 0.078726 0.078364 -0.071036 0.088143 0.149178 0.093608 0.130061 -0.089462 -0.068998 0.015894 -0.056406 0.198378
-0.079280 -0.085864 0.311335 -0.056614 -0.150374 -0.123887 -0.063807 -0.038482 0.012018 -0.312425 -0.153155 -0.168092 -0.073511 -0.025926 0.267462 0.171096 -0.033590 -0.083506 -0.091444 -0.154870 0.436311 1.000000 0.184225 0.126591 0.008640 0.334633 0.041810 0.216802 -0.039523 -0.090403 0.191526 0.197696 -0.010689 -0.026824 0.042936 -0.173622 0.022363 0.152884 0.076169 -0.129008 0.218253 0.329078 0.028873 0.088892 0.114013 0.107772 -0.067332 -0.169928 -0.033897 -0.110618 0.160869 -0.259238 0.011183 -0.291940 0.170357 -0.046011 0.312226 0.270680 -0.111278 -0.329923 -0.083287 -0.108868 -0.086140 -0.145006 -0.006971 0.008573 0.109807 0.156625 0.314263 0.322017 -0.044836 0.021790 -0.075965 0.133263 0.226802 0.081824 -0.070150 0.015378 0.054370 -0.128889 0.013602 -0.009558 -0.047666 0.090276 0.359689 0.036850 0.079327 -0.017487 0.252718 0.085297 -0.025391 -0.240194 0.036035 -0.235438 0.195320 -0.369072 0.211047 0.064383 -0.121564 -0.159339 -0.158583 0.011262 -0.087319 -0.074321 -0.286340 -0.158964 -0.526255 -0.233397 -0.033951 -0.136892 -0.128438 -0.211454 -0.025393 0.263643 -0.074631 0.052930
-0.038282 0.160165 0.627982 -0.080483 -0.102441 -0.317420 -0.099425 -0.351917 0.239923 -0.551489 -0.109794 -0.500323 -0.252339 -0.529594 0.471057 -0.384399 -0.224534 -0.086759 -0.327887 -0.090985 0.197709 0.184225 1.000000 0.492682 0.177333 0.362950 0.358368 0.287818 -0.530436 -0.569114 0.069392 -0.029628 -0.324187 -0.339179 0.261383 0.076266 -0.091649 -0.074777 0.033228 0.100851 -0.341388 -0.167672 -0.140211 -0.078658 -0.166294 -0.010976 -0.169839 -0.021431 0.058370 -0.143960 0.457747 0.110866 0.218290 -0.006238 0.243562 -0.153248 0.166248 0.461993 -0.031302 0.115627 -0.293387 -0.420728 -0.381617 -0.243599 -0.054963 -0.049461 0.473938 0.419372 0.518088 0.422463 0.027909 -0.187789 -0.315271 -0.124295 -0.011048 -0.036678 -0.094285 -0.199020 0.213043 0.064829 -0.334199 -0.368639 -0.224912 -0.502323 0.253683 -0.021153 0.292388 0.155914 0.544555 0.557111 -0.113914 0.067506 0.013241 -0.043710 0.246192 0.163177 -0.078182 0.191268 -0.241471 -0.161738 -0.164582 -0.149592 0.026359 0.017277 -0.016917 -0.008561 -0.039940 -0.095369 -0.353784 -0.026015 0.047019 -0.236363 -0.191556 -0.168909 0.118313 0.082256
-0.423207 -0.219937 0.508020 0.581960 0.193050 -0.115906 0.415886 0.217201 0.374477 -0.101427 -0.070464 -0.226587 -0.090163 -0.162580 0.193230 0.031028 -0.326469 -0.517505 -0.289342 0.064126 -0.012433 0.126591 0.492682 1.000000 -0.043521 0.135585 0.071363 0.079064 -0.459162 -0.533795 0.139600 0.161191 -0.146004 -0.005518 0.142827 0.331971 -0.256369 -0.164094 -0.084524 -0.061083 -0.368622 -0.326163 -0.526770 -0.466133 -0.285456 -0.187115 -0.338054 -0.330191 -0.037309 -0.277905 0.154071 -0.144199 -0.052948 -0.205510 -0.144837 -0.350750 -0.185659 0.010014 -0.077152 -0.048919 -0.234685 -0.180596 -0.468369 -0.554327 0.273987 0.195709 0.431089 0.537365 0.205769 0.399469 0.080456 -0.043616 -0.416947 -0.252678 -0.266018 0.008047 -0.213833 -0.338183 0.021107 -0.140108 -0.425513 -0.519981 -0.427294 -0.212436 0.095156 -0.305168 -0.246497 -0.235824 0.316458 0.363308 0.068609 0.150032 0.287252 0.115943 0.270274 0.066152 -0.221513 0.352286 -0.266461 -0.111745 -0.161564 0.012986 -0.001982 0.221152 0.148366 0.120405 0.123588 0.008946 -0.269194 0.001549 0.172342 -0.203997 -0.034940 0.081541 0.239877 0.103602
-0.277517 -0.098476 -0.057325 -0.155151 0.383877 0.450693 -0.334749 -0.371036 -0.590035 -0.137179 -0.107340 -0.329639 -0.270495 -0.273545 0.207842 -0.084582 -0.189318 -0.089476 -0.300691 -0.413420 0.142404 0.008640 0.177333 -0.043521 1.000000 0.718211 0.422194 0.325312 -0.076120 -0.073206 0.256378 0.212191 0.101486 -0.023745 0.387270 0.037496 -0.003898 0.039627 0.121366 0.025524 0.012528 -0.067190 0.183918 0.173387 0.374462 0.283489 0.093513 0.214803 0.087217 0.120213 0.220739 -0.079354 -0.129846 -0.072779 0.032069 -0.020205 -0.012225 0.039893 -0.245587 -0.216505 -0.302234 -0.347440 -0.054947 -0.263186 -0.002468 -0.128360 0.180431 0.087686 -0.013723 -0.093311 0.259706 0.022129 0.013805 -0.060791 0.011484 -0.004072 0.036718 0.129127 0.109088 -0.000584 -0.021096 -0.021272 -0.011903 -0.195964 0.249313 0.181575 0.127956 0.112728 0.169532 0.102280 -0.115222 -0.069237 -0.032557 -0.046812 -0.006567 0.213400 0.150510 0.121268 0.060887 0.004241 -0.050386 0.098977 0.097830 -0.008895 -0.017453 0.010907 -0.009022 -0.025416 -0.108866 0.005634 0.117298 0.106455 -0.253844 0.077504 -0.100227 -0.046122
-0.248996 -0.086579 0.345532 -0.022557 0.268084 0.196465 -0.217600 -0.256512 -0.318695 -0.367430 -0.098800 -0.429232 -0.248282 -0.260279 0.340110 -0.045579 -0.287676 -0.185835 -0.403164 -0.423137 0.345533 0.334633 0.362950 0.135585 0.718211 1.000000 0.484175 0.496589 -0.432797 -0.370505 0.105227 0.142437 -0.014388 -0.138300 0.536141 0.006163 -0.054406 0.081919 0.119194 0.010690 -0.094516 0.084924 -0.060007 0.063184 0.126166 0.164581 -0.171216 -0.130713 0.253932 -0.107181 0.446062 -0.070541 0.074418 -0.089143 0.126064 -0.063130 0.014098 0.170718 -0.006816 -0.130215 -0.202898 -0.277038 -0.345771 -0.345009 0.106853 0.104450 0.378056 0.331757 0.216639 0.266770 0.094622 0.010157 -0.227426 -0.021006 0.089861 -0.090449 -0.094574 -0.068320 -0.025844 -0.115305 -0.181846 -0.183035 -0.258251 -0.373629 0.280686 0.162183 0.203197 0.210716 0.476383 0.463877 -0.163528 -0.030289 -0.018465 -0.160294 0.139876 0.033833 0.205854 0.248433 -0.208390 -0.117889 -0.260350 0.061762 -0.040343 -0.010386 -0.082711 -0.035253 -0.298221 -0.108390 -0.123451 -0.034319 0.087336 -0.025131 -0.257184 0.141507 -0.178569 0.162622
-0.151078 -0.012685 0.108925 -0.105223 0.417917 0.274456 -0.412148 -0.398240 -0.384545 -0.511962 -0.038970 -0.220683 -0.264029 -0.292749 0.294656 -0.065898 -0.088471 -0.003763 -0.422268 -0.140969 0.364773 0.041810 0.358368 0.071363 0.422194 0.484175 1.000000 0.781847 -0.280583 -0.201782 -0.233166 -0.238169 -0.210050 -0.373969 0.189903 -0.182187 0.093123 0.376610 0.061195 0.098872 0.076664 0.199298 -0.007521 0.189534 0.058899 -0.016215 0.193084 0.046335 0.296343 0.068685 0.414307 0.129959 0.206150 0.129351 0.251601 0.203160 0.003351 0.234628 0.035678 0.022984 -0.328199 -0.213240 -0.345608 -0.247947 -0.100851 -0.000885 0.162061 0.077037 0.110315 0.077405 0.192440 0.117715 -0.164559 0.085766 0.106399 0.196072 -0.032599 -0.010176 0.016704 0.191949 -0.099048 -0.069926 -0.170531 -0.344028 0.036935 -0.072444 0.225780 0.228704 0.391720 0.156743 -0.068117 0.030907 -0.011024 0.032877 -0.114376 0.268234 0.279201 0.155157 0.139835 -0.109598 -0.125227 -0.071346 0.083169 -0.067715 -0.006679 -0.172893 0.008032 -0.046155 0.046775 0.230255 0.217734 -0.036708 -0.022399 0.096241 -0.246815 0.202112
-0.171163 -0.021341 0.172927 -0.066709 0.251662 0.226073 -0.418600 -0.319306 -0.447214 -0.502324 0.031836 -0.130138 -0.167436 -0.229000 0.356287 0.132824 -0.037619 -0.015310 -0.508818 -0.242757 0.405724 0.216802 0.287818 0.079064 0.325312 0.496589 0.781847 1.000000 -0.245755 -0.238394 -0.344639 -0.265628 -0.108878 -0.500939 0.203293 -0.279563 0.240909 0.337407 0.043871 -0.103935 0.250848 0.356285 0.018378 0.195753 0.053069 -0.008778 0.068134 -0.156246 0.308557 -0.053836 0.519702 -0.008626 0.152150 -0.043568 0.341391 0.154944 0.117468 0.301322 -0.016072 -0.031984 -0.272593 -0.276387 -0.244598 -0.204288 -0.071665 0.053917 0.248474 0.136981 0.188638 0.141594 0.149257 0.133659 -0.217631 0.162142 0.194949 0.125879 0.038160 0.046385 -0.154866 0.221619 -0.008306 0.017682 -0.000023 -0.209838 0.300474 0.083211 0.328829 0.355202 0.475515 0.254042 -0.041957 -0.168149 -0.028968 -0.091247 -0.148252 -0.019916 0.251330 0.014339 -0.011028 -0.214637 -0.236359 -0.178125 -0.041326 -0.196221 -0.187972 -0.221916 -0.152348 -0.007273 0.122614 0.164880 0.081853 -0.049240 -0.070876 0.042081 -0.302935 0.040558
0.083336 -0.221395 -0.593736 -0.385252 -0.192205 0.112562 -0.181348 -0.083470 -0.394052 0.214416 0.024627 0.229136 0.199814 0.153690 -0.323753 0.178464 0.526443 0.389596 0.395749 0.165419 -0.176323 -0.039523 -0.530436 -0.459162 -0.076120 -0.432797 -0.280583 -0.245755 1.000000 0.808369 0.144201 0.178351 0.369089 0.335987 -0.380523 -0.185773 0.214624 0.242114 -0.070886 -0.127108 0.585724 0.245118 0.371359 0.188001 0.349961 0.072848 0.346310 0.212137 -0.290632 0.230507 -0.525872 -0.133997 -0.323862 -0.127570 -0.241621 0.173372 0.081551 -0.175251 -0.344716 -0.234471 0.022523 -0.083554 0.588643 0.393135 -0.212211 -0.410444 -0.537128 -0.496289 -0.385273 -0.570651 0.122950 0.155477 0.671440 0.281905 0.301459 0.304368 0.098661 0.320750 0.139419 0.291790 0.644990 0.661998 0.644240 0.769051 0.086980 -0.040829 0.028309 0.051402 -0.529910 -0.706596 -0.105604 -0.303486 -0.114753 0.055675 -0.331582 -0.248458 0.048235 -0.497742 0.351543 0.050125 0.301620 0.231367 0.118241 -0.225047 -0.128100 -0.212450 0.027152 -0.034060 0.306735 0.196656 -0.037039 0.182452 0.165919 0.076179 -0.081866 -0.182277
0.180849 -0.098295 -0.637820 -0.404326 -0.134132 0.115082 -0.318539 -0.132459 -0.375427 0.140020 -0.035729 0.220901 0.062334 0.081261 -0.406482 0.023871 0.334627 0.318547 0.316117 0.102800 -0.067317 -0.090403 -0.569114 -0.533795 -0.073206 -0.370505 -0.201782 -0.238394 0.808369 1.000000 0.137024 0.259247 0.430235 0.429529 -0.267165 -0.208791 0.149047 0.293537 0.059946 0.010810 0.482302 0.253686 0.244775 0.098871 0.301246 0.007246 0.243257 0.193487 -0.282167 0.240782 -0.559360 -0.115005 -0.261603 -0.087100 -0.157655 0.130314 0.067959 -0.126278 -0.160200 -0.052820 0.048973 0.042902 0.555911 0.407344 -0.293928 -0.366033 -0.494298 -0.564499 -0.260683 -0.501061 0.190931 0.162243 0.793797 0.424288 0.285402 0.422394 0.222838 0.439953 0.127233 0.360143 0.566313 0.652705 0.427040 0.591636 -0.015476 -0.042212 0.084675 0.161793 -0.553936 -0.723642 -0.115008 -0.200574 -0.065703 0.165681 -0.316694 -0.042878 0.160507 -0.412958 0.296063 0.129580 0.363900 0.162561 0.201647 -0.107235 -0.077836 -0.249714 0.066395 -0.039270 0.248862 0.285088 0.003866 0.280437 0.294263 0.220021 -0.085256 0.058386
-0.053523 -0.303958 0.079323 -0.055349 0.129994 0.100088 0.203757 -0.022977 0.069233 0.033947 -0.026446 -0.223360 -0.038324 -0.111758 -0.052627 -0.062596 -0.097912 -0.210410 0.405080 0.017129 -0.011356 0.191526 0.069392 0.139600 0.256378 0.105227 -0.233166 -0.344639 0.144201 0.137024 1.000000 0.724594 0.190374 0.523756 0.091343 0.195407 -0.166027 -0.054772 -0.083488 -0.031335 0.026207 -0.005819 -0.165054 -0.224971 0.122798 0.103059 -0.128961 -0.019581 -0.398131 -0.164580 -0.305976 -0.431663 -0.316020 -0.425858 -0.328286 -0.349666 -0.007472 -0.232019 -0.329508 -0.368803 -0.004164 -0.060951 0.030817 -0.213096 0.255263 -0.045650 0.037384 0.100337 0.018852 -0.147194 0.315878 0.124656 0.273440 0.091877 0.080672 0.323908 0.077326 0.192940 0.327931 -0.245117 -0.163838 -0.123674 -0.078720 0.093076 0.024156 -0.220241 -0.326775 -0.249193 -0.171093 -0.109573 -0.318055 -0.071371 0.044889 0.223497 0.125060 0.020896 0.186648 0.354987 -0.118428 0.074530 0.038566 0.322386 0.095027 0.238069 0.034553 -0.034844 0.009281 -0.173085 -0.126529 0.036223 0.056477 0.104160 -0.070800 0.209948 0.263969 0.056824
-0.058691 -0.228874 -0.092299 -0.004053 -0.090447 0.031202 0.036346 -0.036538 0.005817 0.029131 -0.149584 -0.122655 -0.042452 -0.043311 -0.153970 -0.023048 -0.154838 -0.145014 0.175623 -0.090194 0.112268 0.197696 -0.029628 0.161191 0.212191 0.142437 -0.238169 -0.265628 0.178351 0.259247 0.724594 1.000000 0.200768 0.557691 0.069945 0.128306 -0.104698 0.008849 -0.060513 0.060261 -0.054891 0.032365 -0.075554 -0.139175 0.069644 0.021590 -0.064521 -0.006619 -0.352616 -0.150035 -0.250268 -0.382579 -0.315998 -0.331741 -0.347438 -0.299148 -0.047677 -0.189722 -0.247853 -0.249683 -0.071799 -0.097724 0.181063 -0.122479 0.073385 -0.092275 -0.081445 -0.120343 0.083052 -0.118850 0.140151 0.048812 0.327862 -0.013819 -0.023243 0.310542 0.061849 0.217409 0.147479 -0.203791 -0.053633 0.022037 0.015109 0.309989 0.110283 0.012189 -0.134054 0.019071 -0.081171 -0.139757 -0.292158 -0.125262 -0.076165 0.159899 0.118782 0.165526 0.095546 0.300468 -0.163719 0.081488 0.146968 0.192033 0.022586 0.142604 0.100626 0.082020 -0.024073 -0.100473 -0.095642 0.075324 -0.025003 0.106234 -0.017531 0.178686 0.225793 0.105856
-0.077884 -0.135463 -0.170807 -0.067880 0.013342 0.087027 -0.047701 -0.041340 -0.229954 0.150998 0.269475 -0.026102 0.227319 -0.035835 0.011706 0.130438 0.045694 0.101332 0.150830 -0.083673 -0.142505 -0.010689 -0.324187 -0.146004 0.101486 -0.014388 -0.210050 -0.108878 0.369089 0.430235 0.190374 0.200768 1.000000 0.533378 0.188694 -0.026652 -0.041176 -0.083838 0.150363 -0.113083 0.071055 0.059578 -0.040323 -0.213047 0.113762 0.057064 -0.091558 -0.185030 -0.187401 -0.076251 -0.162771 -0.233052 -0.293520 -0.094463 -0.296375 -0.271407 -0.035109 -0.109368 -0.179294 -0.305131 0.166052 -0.058523 0.147896 0.077002 0.129774 -0.115004 -0.035507 -0.067558 -0.117978 -0.174469 0.219930 -0.030998 0.366685 0.214130 0.172695 0.109296 0.100034 0.196707 0.067109 0.253854 0.298543 0.414749 0.161170 0.281174 0.246834 0.053982 -0.043306 0.085119 -0.212970 -0.372112 -0.259056 -0.322995 -0.227717 -0.119974 -0.094737 -0.044282 -0.174475 -0.147437 -0.203594 0.004613 0.056509 0.151388 -0.102759 -0.189742 -0.297873 -0.248403 -0.075508 -0.111501 0.013211 -0.067102 -0.099177 0.012677 0.147946 0.127934 -0.041422 -0.009550
-0.170828 -0.206715 -0.253482 -0.008674 0.061635 0.159821 0.170682 0.160592 0.040003 0.363199 0.204834 0.071190 0.176176 0.194937 -0.173602 0.201853 -0.055113 -0.177225 0.327478 0.059349 -0.147039 -0.026824 -0.339179 -0.005518 -0.023745 -0.138300 -0.373969 -0.500939 0.335987 0.429529 0.523756 0.557691 0.533378 1.000000 0.142528 0.390018 -0.150319 -0.035187 -0.116127 -0.088137 0.021372 0.039880 -0.172688 -0.326303 0.108802 0.122267 -0.185902 -0.130982 -0.376143 -0.152037 -0.419964 -0.354464 -0.360141 -0.227894 -0.478279 -0.368587 -0.164602 -0.385516 -0.312700 -0.371330 0.154185 0.167309 0.118815 -0.031963 0.362554 0.018441 -0.116284 0.017160 -0.192784 -0.133963 0.224372 0.169846 0.401039 0.081088 0.018951 0.247280 0.056844 0.282045 0.208534 -0.090903 0.099030 0.142734 -0.047239 0.341384 0.050280 -0.192793 -0.296149 -0.237632 -0.234188 -0.373541 -0.276332 -0.146307 -0.135257 0.066016 -0.021936 0.040817 -0.075358 0.082957 -0.098800 0.112277 0.085275 0.284375 0.000156 0.062694 0.037239 -0.100875 -0.081122 -0.176716 0.070553 0.008046 0.002646 0.082742 0.123333 0.122440 -0.074418 0.129746
-0.359653 -0.206056 0.332551 -0.031695 0.117173 0.020647 -0.029188 -0.167443 -0.003582 -0.153899 0.067895 -0.506056 -0.063162 -0.215468 0.328569 -0.039367 -0.424739 -0.223335 -0.323579 -0.440977 0.156964 0.042936 0.261383 0.142827 0.387270 0.536141 0.189903 0.203293 -0.380523 -0.267165 0.091343 0.069945 0.188694 0.142528 1.000000 0.507192 -0.112458 -0.155699 0.168237 -0.114346 -0.171540 -0.173808 -0.272436 -0.157759 0.172088 0.312125 -0.322691 -0.213310 0.134351 -0.220778 0.340497 -0.144707 -0.071873 -0.128379 -0.074401 -0.239213 -0.136988 -0.080655 -0.171365 -0.206461 -0.127928 -0.279736 -0.289681 -0.270581 0.330218 0.195052 0.519374 0.590046 0.039732 0.149263 0.185791 0.019867 -0.280491 -0.203894 -0.191341 -0.136628 -0.080392 -0.014080 -0.056829 -0.138982 -0.254196 -0.169608 -0.337652 -0.309436 0.277772 0.130709 0.000641 0.062922 0.380579 0.325945 -0.253782 0.005924 0.021315 0.044152 0.070793 0.097726 -0.053073 0.179200 -0.322286 -0.228360 -0.296721 0.084221 -0.029208 0.098940 0.015173 0.120182 -0.051833 0.137791 -0.083772 -0.081046 0.046378 -0.178612 -0.237971 0.033061 -0.049280 0.058126
-0.350857 -0.246234 0.148068 0.161343 0.118082 0.126664 0.366798 0.160886 0.260745 0.264985 0.062012 -0.174324 0.141416 0.203161 0.069231 0.141584 -0.361018 -0.372851 -0.070137 -0.174588 -0.177336 -0.173622 0.076266 0.331971 0.037496 0.006163 -0.182187 -0.279563 -0.185773 -0.208791 0.195407 0.128306 -0.026652 0.390018 0.507192 1.000000 -0.333408 -0.378901 -0.087158 -0.091616 -0.243506 -0.292674 -0.317967 -0.311702 0.197866 0.299829 -0.302827 -0.005430 0.012178 -0.088018 -0.073634 -0.097524 -0.162515 -0.152060 -0.258188 -0.173728 -0.344393 -0.414134 -0.222558 -0.149885 0.035397 -0.064039 -0.107964 -0.233350 0.376959 0.070639 0.349248 0.611064 -0.156511 0.059072 0.080217 -0.009838 -0.300701 -0.302139 -0.386137 -0.200836 -0.228887 -0.172374 -0.082642 -0.316726 -0.333131 -0.379065 -0.201051 -0.043450 0.033398 -0.238929 -0.286283 -0.353950 0.106923 0.069231 -0.225516 0.079784 0.022989 0.152180 0.178578 -0.003980 -0.260502 0.183381 -0.251720 -0.153226 -0.210760 0.032788 -0.117606 0.278706 0.329643 0.375063 0.210862 0.306074 -0.152706 -0.142379 0.048623 -0.234828 -0.368782 -0.204875 0.126429 -0.078347
