1.000000 0.581102 -0.135176 -0.122069 0.156982 -0.066939 -0.146086 -0.238244 -0.156490 -0.288169 0.281684 0.021984 0.228123 0.099224 0.063736 -0.129757 0.254766 0.295448 0.392687 0.353021 -0.239977 -0.253647 0.091312 -0.297054 -0.407882 -0.467791 0.092554 -0.096688 -0.004842 -0.379898 -0.218402 -0.335414 -0.148611 -0.238333 -0.222815 -0.224472 -0.102582 -0.022599 -0.180748 0.019662 -0.173139 0.006658 -0.198724 -0.272107 -0.332399 -0.274524 -0.286888 -0.379741 -0.017157 -0.057504 -0.152419 0.004450 0.129716 -0.146783 0.160439 -0.115964 0.540014 0.338882 0.472654 0.422038 0.412624 0.222583 0.408028 0.414020 -0.276521 -0.204424 0.135123 -0.308248 0.177780 0.382464 -0.099567 -0.292597 -0.088023 0.028537 0.039752 0.160078 0.158279 0.104713 -0.016345 -0.063955 0.113478 -0.031296 0.184294 -0.289563 0.014146 -0.287110 0.005906 -0.104531 0.122115 0.280867 0.056588 0.281459 -0.223563 -0.030477 -0.078166 0.191409 -0.302976 -0.247435 0.056284 0.379088 0.014590 0.320008 0.249369 0.326727 0.129338 0.022731 -0.005577 0.116325 0.053414 0.088686 -0.288591 0.047725 0.149286 -0.139073 0.197685 -0.015964
0.581102 1.000000 -0.384365 -0.097655 0.232460 -0.137416 -0.601039 -0.449364 -0.282879 -0.265091 0.191747 0.024623 -0.081748 0.072030 0.039090 -0.114670 0.016141 0.310277 0.244549 0.327814 -0.250664 -0.247367 0.185949 -0.321489 -0.275262 -0.472784 0.330375 0.131370 -0.238362 -0.302131 -0.418113 -0.516727 -0.111016 -0.329082 -0.234830 0.099660 -0.222665 0.294130 -0.039996 0.105219 -0.315396 0.065118 -0.134378 -0.320247 -0.361792 -0.386124 -0.000273 -0.280222 0.218356 0.090555 0.102515 0.325305 0.151042 0.101682 0.235540 0.264578 0.500268 0.697291 0.347635 0.623975 -0.015901 0.414626 0.143801 0.345311 -0.542369 -0.081287 -0.008330 -0.431094 0.400221 0.460134 -0.321024 -0.316854 -0.379916 -0.050640 -0.117096 0.044311 0.032042 0.169572 -0.152232 0.102242 -0.094753 -0.214198 0.335005 -0.285317 0.183269 -0.240157 0.351630 0.096002 0.244042 0.208940 0.252415 0.112646 -0.203564 -0.172690 0.047538 0.164128 -0.109636 -0.021084 0.361803 0.354467 0.118438 -0.013364 0.185688 0.042602 0.290822 0.091330 0.069723 0.213096 0.106702 0.168630 -0.142158 0.189698 0.245356 0.090775 0.157592 0.011546
-0.135176 -0.384365 1.000000 0.624179 -0.111258 0.221825 0.532068 0.273462 0.033599 -0.155859 -0.348268 -0.084245 -0.215422 -0.530196 -0.342345 -0.374274 -0.378712 -0.418529 0.115291 0.128879 0.514937 0.412904 0.411592 0.653722 0.634339 0.673338 0.155657 0.232925 -0.232624 -0.062657 0.585460 0.552304 -0.156003 0.146264 0.374327 0.108651 -0.200855 -0.268167 0.058386 -0.123717 0.072431 0.126248 -0.188980 -0.072463 -0.175781 -0.138816 -0.256442 -0.171935 -0.263031 -0.307840 0.139399 -0.254458 -0.267023 -0.139633 -0.351384 -0.345685 -0.349385 -0.340750 -0.164552 -0.266691 -0.213730 -0.417801 -0.203252 -0.344876 0.485662 0.017841 0.116008 0.362629 -0.150260 -0.173144 0.222338 0.247822 -0.168572 -0.127914 -0.110186 -0.059575 -0.261206 -0.097860 -0.097601 -0.077316 -0.146737 -0.194634 -0.042134 0.183046 -0.184085 0.061271 -0.044412 -0.069033 0.137017 0.006194 -0.024521 0.282901 0.354672 0.544206 0.157884 -0.171093 -0.089062 0.019168 -0.383661 -0.276218 -0.143749 0.170314 -0.129868 0.117009 -0.263701 -0.066422 -0.071073 -0.043804 0.160856 -0.326362 0.079148 -0.268669 -0.180912 -0.023888 -0.239272 -0.004151
-0.122069 -0.097655 0.624179 1.000000 0.148474 0.191673 0.149323 0.289145 0.057406 -0.008136 -0.282187 0.169734 -0.376960 -0.403972 -0.176324 -0.129848 -0.405600 -0.346396 0.268772 0.242894 0.406924 0.331978 0.474390 0.673237 0.534299 0.505904 0.403799 0.480743 -0.307158 -0.186113 0.447813 0.470064 -0.240035 0.066456 0.265794 0.288073 -0.495694 -0.032544 -0.107443 0.154339 -0.170444 -0.007223 -0.348603 -0.267652 -0.355709 -0.313818 -0.310458 -0.338275 -0.238915 -0.493593 0.152773 -0.301858 -0.247641 -0.157453 -0.325899 -0.202100 -0.292839 -0.131489 -0.313233 -0.236502 -0.232238 -0.199113 -0.237242 -0.231121 0.460606 0.267906 -0.020451 0.364400 -0.028360 -0.100118 0.140569 0.252511 -0.370016 -0.258112 -0.123365 -0.051218 -0.236882 -0.022946 -0.183047 -0.108510 -0.277878 -0.419737 0.120933 0.206475 -0.110065 0.173911 0.260698 -0.065564 0.338005 0.283913 0.082631 0.237379 0.571154 0.422313 -0.015691 0.031733 -0.002488 0.108159 -0.256115 -0.447877 -0.127513 -0.021413 -0.002645 -0.031865 -0.166004 -0.023275 -0.109225 -0.101472 0.185724 -0.402578 0.029441 -0.215205 -0.261942 -0.069009 -0.320771 -0.053625
0.156982 0.232460 -0.111258 0.148474 1.000000 -0.221491 -0.372238 -0.080879 0.551411 0.284518 0.267342 0.110553 -0.020079 0.049390 0.671704 0.173556 0.210924 0.025203 0.345413 0.317704 0.007916 -0.261606 0.080550 -0.129736 -0.028289 -0.328797 0.290087 0.323740 0.146080 -0.132821 0.056747 0.056004 -0.071882 0.136028 0.083103 0.239238 -0.190018 0.008039 -0.131785 -0.064492 -0.157959 -0.200988 -0.023491 -0.032413 0.114409 0.082700 0.023281 -0.029589 0.112922 0.018772 -0.057612 -0.013834 -0.235155 -0.118740 -0.189298 0.054581 0.130781 0.096694 -0.103514 0.004522 -0.041603 -0.071455 -0.147896 -0.093322 0.072396 0.007482 -0.130126 -0.074914 0.185711 0.209606 -0.025754 -0.047593 -0.067826 -0.167869 -0.135646 0.122974 0.118916 0.154245 0.138360 0.054173 0.043048 -0.071851 0.230242 -0.150012 -0.148280 -0.322311 0.225065 -0.228196 0.193681 -0.153811 0.131147 -0.009508 -0.079200 -0.160611 -0.195204 0.238660 -0.008129 -0.439514 0.047240 -0.023685 -0.179683 -0.301352 -0.114861 -0.082092 -0.039469 -0.029981 -0.194607 -0.050498 -0.242946 -0.037928 -0.093206 -0.126314 -0.123031 -0.061602 -0.097374 -0.062417
-0.066939 -0.137416 0.221825 0.191673 -0.221491 1.000000 0.349628 0.415910 -0.051655 0.229582 0.066318 0.200657 0.093195 -0.019689 -0.395233 -0.049514 -0.339481 -0.097185 -0.368849 -0.030404 0.271773 0.302274 -0.080002 0.251731 0.257682 0.406512 -0.152439 -0.007824 -0.235524 0.001493 0.035429 0.139658 -0.341725 -0.110239 0.118137 0.107395 -0.187487 -0.281077 -0.024632 0.190095 -0.003424 -0.109628 -0.116372 -0.244285 0.031713 0.083890 0.010660 -0.217068 0.030359 -0.082235 -0.181783 0.081144 0.142113 0.119728 -0.262216 -0.136416 -0.233024 -0.188268 0.195752 0.041492 0.047073 0.255210 -0.257122 -0.004651 0.159239 0.474524 -0.144220 0.126833 -0.334413 0.021501 -0.037148 0.256413 -0.255001 -0.162315 -0.348050 -0.219683 -0.393812 -0.363563 -0.187173 -0.234966 -0.019979 -0.173030 -0.162852 0.134511 -0.079412 -0.119360 -0.220288 -0.050219 -0.175452 -0.012179 0.299729 0.041140 0.428675 0.104993 0.158885 -0.321120 -0.115292 0.092945 -0.194041 -0.407435 -0.016473 0.077862 -0.130179 -0.117258 0.069217 -0.080497 0.110838 -0.027989 0.174218 0.046678 0.035815 -0.348896 -0.186668 -0.242734 -0.085545 0.199819
-0.146086 -0.601039 0.532068 0.149323 -0.372238 0.349628 1.000000 0.645652 0.233985 0.211654 -0.127641 0.193564 0.248262 -0.111965 -0.288859 -0.069418 -0.049137 -0.106242 -0.102326 0.074123 0.226238 0.240749 -0.228573 0.315083 0.182968 0.416301 -0.430464 -0.306467 0.110907 0.232621 0.447529 0.484467 0.093115 0.336769 0.112794 -0.114683 0.080160 -0.307499 -0.071391 -0.094964 0.382380 0.017637 -0.242949 -0.149207 0.016543 0.107169 -0.316424 -0.251274 -0.435704 -0.325290 -0.319873 -0.377314 -0.036578 -0.126907 -0.466074 -0.614177 -0.269547 -0.456571 -0.114958 -0.454327 0.249879 -0.130663 -0.037235 -0.013436 0.495014 0.227828 -0.170887 0.229048 -0.392872 -0.163120 0.262538 0.280042 0.278219 0.050188 0.118881 0.027139 -0.105120 -0.156476 0.156508 -0.054312 0.171105 0.109882 -0.318557 0.211399 -0.100405 0.050770 -0.459779 -0.242979 -0.159641 -0.077596 -0.165996 0.069236 0.225936 0.273239 0.032868 -0.111068 -0.331452 -0.129977 -0.484304 -0.234184 -0.011386 0.333360 -0.179862 0.063600 -0.219334 -0.121205 -0.003664 0.055566 -0.016686 -0.068761 -0.145965 -0.254605 -0.130371 -0.204142 -0.043435 0.036850
-0.238244 -0.449364 0.273462 0.289145 -0.080879 0.415910 0.645652 1.000000 0.418883 0.614916 -0.067033 0.432930 0.274112 0.065826 -0.085019 0.253091 -0.028338 0.058401 -0.078408 0.198863 0.099430 -0.020283 -0.399443 0.137694 0.093001 0.174683 -0.490684 -0.271553 0.031833 0.267104 0.296469 0.428932 0.133790 0.306992 -0.013861 0.036288 -0.208957 -0.247169 -0.226482 0.005967 0.150150 -0.340245 -0.140368 -0.119894 0.050946 0.218539 -0.275092 -0.164344 -0.300497 -0.276709 -0.429300 -0.351198 -0.215002 -0.186592 -0.543485 -0.477583 -0.170089 -0.424944 -0.132254 -0.369370 0.357322 0.133407 -0.094373 0.143125 0.436237 0.553738 -0.230925 0.227266 -0.311454 -0.067088 0.010461 0.230323 0.211224 -0.059498 -0.105567 -0.120147 -0.170993 -0.210211 0.185694 -0.028967 0.081644 0.018804 -0.334796 -0.001755 -0.223424 -0.137280 -0.266188 -0.388620 -0.130090 -0.023258 -0.177662 -0.085147 0.340460 0.061148 -0.213164 -0.022423 -0.225448 -0.120517 -0.412536 -0.392680 0.004999 0.128670 -0.204387 -0.007389 -0.076737 -0.063081 -0.015766 0.164280 -0.118456 -0.089190 -0.176693 -0.257300 -0.126220 -0.144074 0.072017 0.026919
-0.156490 -0.282879 0.033599 0.057406 0.551411 -0.051655 0.233985 0.418883 1.000000 0.701268 0.053592 0.208056 0.190110 0.073357 0.593507 0.372762 0.235691 0.037834 0.143099 0.141652 0.024304 -0.119344 -0.314572 -0.061520 -0.009925 -0.049555 -0.258244 -0.140578 0.272425 0.229231 0.352748 0.387995 -0.047596 0.217352 0.143209 0.044090 -0.070425 -0.098542 -0.035442 -0.110843 0.071382 -0.210300 -0.015353 -0.035141 0.260183 0.257363 -0.185027 0.005261 -0.140032 -0.057651 -0.360217 -0.213993 -0.207189 -0.163254 -0.488497 -0.293560 -0.080023 -0.232176 -0.095688 -0.259680 0.216555 0.003748 -0.154722 -0.049853 0.411117 0.174155 -0.234194 0.040626 -0.195912 -0.082419 0.132766 0.111913 0.199119 -0.098678 -0.052784 0.052938 0.102627 0.105514 0.123151 -0.046828 0.147664 0.111012 -0.120304 0.105092 -0.227152 -0.194859 -0.187669 -0.267326 -0.051169 -0.267258 -0.034897 -0.049186 -0.027537 -0.064358 -0.136561 0.128751 -0.181968 -0.391649 -0.261940 -0.226872 -0.018734 -0.101371 -0.329556 -0.120457 -0.194621 -0.175864 -0.127620 0.030552 -0.166233 0.064409 -0.207215 -0.210851 -0.134350 -0.087468 -0.011524 0.003472
-0.288169 -0.265091 -0.155859 -0.008136 0.284518 0.229582 0.211654 0.614916 0.701268 1.000000 0.211363 0.345564 0.276769 0.274225 0.469101 0.556213 0.106523 0.053729 0.038304 0.119547 -0.102422 -0.158443 -0.361270 -0.087372 0.004730 -0.055092 -0.297979 -0.144548 0.290966 0.357937 0.175938 0.273233 0.028975 0.206428 -0.031937 0.143650 -0.140695 -0.156137 -0.005378 0.092649 0.019225 -0.267936 -0.078175 -0.157799 0.179075 0.221924 -0.154432 -0.050163 -0.195147 -0.136058 -0.388380 -0.215036 -0.092644 -0.086815 -0.409741 -0.288898 -0.150973 -0.263177 -0.081388 -0.362558 0.241183 0.171086 -0.231497 0.036366 0.279802 0.451670 -0.378814 -0.007391 -0.205727 -0.066379 0.082084 0.233038 0.200522 -0.119875 -0.108038 0.040847 0.042607 0.009526 0.137047 -0.051278 0.102861 -0.014983 -0.105548 0.042432 -0.097623 -0.216562 -0.116469 -0.201442 -0.043359 -0.233046 -0.006139 -0.142028 0.142025 -0.122172 -0.130250 0.038228 -0.130286 -0.243564 -0.269229 -0.435134 -0.061735 -0.039669 -0.385498 -0.221446 -0.023597 -0.132417 -0.059385 0.088704 -0.216551 0.103106 -0.097012 -0.299279 -0.138896 0.036877 0.133833 0.042946
0.281684 0.191747 -0.348268 -0.282187 0.267342 0.066318 -0.127641 -0.067033 0.053592 0.211363 1.000000 0.446919 0.561256 0.603672 0.487215 0.369628 0.174377 0.069899 -0.067480 0.172888 -0.221463 -0.248372 -0.145003 -0.436576 -0.387853 -0.332219 -0.050938 -0.032732 0.457738 0.141814 -0.408852 -0.386716 0.033791 0.009819 -0.290880 0.240242 0.170809 -0.010633 0.023953 -0.075308 -0.025010 -0.215104 -0.055140 -0.181564 0.061501 0.044425 0.044373 -0.163948 0.135864 0.081152 -0.148446 0.150162 0.193255 0.028330 0.179050 -0.000859 -0.131391 -0.088927 0.256878 0.043150 0.249201 0.302137 -0.053357 -0.001559 -0.185620 0.327800 -0.298287 -0.312414 -0.185978 0.006680 -0.223895 -0.176896 0.070100 -0.118476 -0.153869 0.055525 0.145091 0.022372 0.061308 -0.191784 0.184657 -0.022376 0.135845 -0.170517 0.170570 -0.055852 0.078297 -0.066119 0.118904 -0.021405 0.013179 -0.154422 -0.157105 -0.143475 0.023592 0.029673 -0.004482 -0.278097 0.159339 -0.126525 -0.274613 -0.070945 -0.201204 -0.360244 -0.118409 -0.149130 -0.174613 -0.266538 0.101497 0.145420 -0.183471 -0.246603 -0.061308 -0.076321 0.096735 -0.143264
0.021984 0.024623 -0.084245 0.169734 0.110553 0.200657 0.193564 0.432930 0.208056 0.345564 0.446919 1.000000 0.510205 0.607392 0.238602 0.562162 0.051092 0.133463 -0.131886 0.416269 -0.044218 -0.116478 -0.347273 -0.101919 -0.219980 -0.147675 -0.368010 -0.171844 0.240059 0.288290 0.008299 0.092038 -0.042510 0.033476 -0.359802 0.064255 -0.044081 0.220596 -0.070555 0.074605 0.165259 -0.156576 -0.240976 -0.335065 -0.222752 -0.153292 -0.056774 -0.422042 -0.044493 -0.254417 -0.268731 -0.017110 0.145899 0.015727 -0.147121 -0.200182 -0.257440 -0.251279 -0.014318 -0.079080 0.353482 0.471941 -0.017961 0.160978 0.053902 0.580175 -0.436436 -0.241167 -0.282229 0.001370 -0.032921 0.155130 0.201934 0.143803 0.006808 0.103098 -0.014651 -0.133926 0.095610 -0.296567 0.076315 -0.189732 -0.196165 -0.026055 -0.137913 -0.095521 -0.165805 -0.498902 -0.108800 0.152663 0.064891 -0.050945 0.317564 0.022436 -0.147777 0.133377 -0.152562 -0.194810 -0.053115 -0.176558 0.037948 0.009819 -0.078077 -0.242704 -0.137708 -0.158723 -0.168750 -0.108819 0.029026 -0.174493 -0.474317 -0.172807 -0.149433 -0.015903 0.037774 0.053005
0.228123 -0.081748 -0.215422 -0.376960 -0.020079 0.093195 0.248262 0.274112 0.190110 0.276769 0.561256 0.510205 1.000000 0.716582 0.371820 0.545310 0.304165 0.230770 -0.168153 0.171257 -0.367715 -0.354118 -0.572476 -0.456740 -0.493690 -0.366918 -0.527110 -0.424958 0.475267 0.296538 -0.257289 -0.233456 0.079721 -0.035251 -0.379480 -0.058239 0.205042 -0.013500 -0.099219 -0.252730 0.160779 -0.097476 0.095208 -0.058973 0.064994 0.127933 0.011763 -0.088954 0.126343 0.072589 -0.362189 -0.040150 0.179123 -0.123767 0.116203 -0.240159 -0.081441 -0.250904 0.335918 -0.042737 0.597640 0.408631 0.216275 0.227920 -0.245029 0.311028 -0.226761 -0.358984 -0.286804 -0.045254 0.038120 0.041634 0.421361 0.182172 0.088916 0.158041 0.173427 -0.070105 0.084011 -0.392203 0.162334 0.023532 -0.341565 -0.215312 -0.172877 -0.192294 -0.410289 -0.347697 -0.263156 -0.010830 -0.017866 -0.065494 -0.101553 -0.040676 -0.118264 0.006841 -0.112509 -0.333222 -0.011701 -0.021449 0.018260 0.302636 -0.037117 0.002061 -0.188885 -0.121901 -0.096828 0.033838 -0.067399 0.119979 -0.469439 -0.219870 -0.166923 -0.183872 0.112631 -0.160127
0.099224 0.072030 -0.530196 -0.403972 0.049390 -0.019689 -0.111965 0.065826 0.073357 0.274225 0.603672 0.607392 0.716582 1.000000 0.438793 0.702116 0.219380 0.267058 -0.304490 0.055612 -0.440559 -0.401567 -0.514784 -0.490717 -0.505320 -0.469485 -0.395092 -0.247402 0.428325 0.285734 -0.429902 -0.373143 0.142104 -0.190302 -0.385886 0.056060 0.169903 0.234833 -0.060654 0.019261 -0.028123 -0.141707 -0.039577 -0.126438 0.055480 0.081980 0.092962 -0.113140 0.263552 0.024323 -0.193172 0.195225 0.354305 0.098238 0.279653 0.071572 -0.093251 -0.117480 0.235063 0.040907 0.437754 0.511266 0.095720 0.125105 -0.395708 0.334062 -0.185938 -0.379332 -0.139888 0.021819 -0.103032 -0.013470 0.281916 0.197581 0.067446 0.052850 0.145912 -0.035733 -0.022320 -0.324793 0.036969 -0.106921 -0.170638 -0.175069 -0.024421 0.009324 -0.265531 -0.239516 -0.304165 0.157464 0.024588 -0.130149 -0.070221 -0.224244 -0.131489 0.048255 0.052658 -0.149925 0.217652 0.033629 0.062291 0.017416 -0.101757 -0.189306 -0.067678 -0.195845 -0.073211 -0.062548 -0.073220 0.045491 -0.265426 -0.033398 -0.053325 -0.110632 0.115139 -0.023896
0.063736 0.039090 -0.342345 -0.176324 0.671704 -0.395233 -0.288859 -0.085019 0.593507 0.469101 0.487215 0.238602 0.371820 0.438793 1.000000 0.634147 0.448372 0.115893 0.225461 0.108873 -0.189649 -0.329524 -0.130122 -0.346907 -0.232961 -0.401580 0.037601 0.007838 0.569131 0.196506 0.006543 -0.019801 0.088222 0.106283 -0.106766 0.169365 0.085944 0.134040 0.105289 -0.063931 -0.032133 -0.029340 0.126452 0.054332 0.209968 0.113120 0.058413 0.112716 0.138759 0.092467 -0.112460 -0.052517 -0.084355 -0.134710 0.022053 0.092754 -0.006280 -0.055145 -0.089662 -0.231031 0.170358 -0.020518 -0.045959 -0.113424 0.014402 -0.011261 -0.250084 -0.292557 0.017718 -0.074204 0.072267 -0.005554 0.218003 -0.012124 0.070838 0.224180 0.373491 0.264164 0.114220 -0.041626 0.133906 0.003817 0.131485 -0.045261 -0.136603 -0.161049 0.106950 -0.185778 0.039078 -0.222960 -0.000190 -0.217313 -0.278640 -0.277345 -0.089409 0.192704 0.239415 -0.388344 0.107265 -0.084334 -0.237097 -0.252686 -0.278529 -0.272884 -0.281213 -0.221305 -0.270754 -0.205885 -0.219663 0.074748 -0.197939 -0.120286 -0.142810 -0.014216 -0.005779 -0.213689
-0.129757 -0.114670 -0.374274 -0.129848 0.173556 -0.049514 -0.069418 0.253091 0.372762 0.556213 0.369628 0.562162 0.545310 0.702116 0.634147 1.000000 0.258076 0.192031 -0.125609 0.069466 -0.242978 -0.304658 -0.476087 -0.326511 -0.294553 -0.251878 -0.334827 -0.216728 0.551361 0.452107 -0.065347 0.001643 0.041417 -0.002159 -0.303430 0.035207 0.153053 0.344301 0.058781 0.098788 0.032396 0.019325 0.036986 -0.091759 0.022255 0.041109 -0.031500 -0.017924 0.078380 -0.119222 -0.259785 -0.132511 0.048383 -0.151182 0.043912 0.001854 -0.238826 -0.234685 -0.063816 -0.218145 0.345091 0.310690 0.088874 0.118249 -0.067606 0.296293 -0.280601 -0.274025 -0.292471 -0.195491 0.088188 0.208985 0.320463 0.159128 0.171036 0.293677 0.294884 0.195060 0.012198 -0.228995 0.022473 -0.043491 -0.168071 0.127379 -0.296690 -0.104705 -0.144332 -0.359424 -0.293728 -0.016900 0.000327 -0.131304 0.084499 -0.140901 -0.092235 0.140545 0.221510 -0.089560 0.059656 -0.126546 0.073907 -0.043292 -0.030373 -0.219054 -0.189189 -0.186315 -0.085033 -0.099951 -0.064411 0.022405 -0.258237 -0.000121 -0.121069 -0.044195 0.152288 -0.099292
0.254766 0.016141 -0.378712 -0.405600 0.210924 -0.339481 -0.049137 -0.028338 0.235691 0.106523 0.174377 0.051092 0.304165 0.219380 0.448372 0.258076 1.000000 0.585533 0.185299 0.049474 -0.328044 -0.360982 -0.381589 -0.451195 -0.544684 -0.579095 -0.274929 -0.265387 0.460892 0.095850 -0.057554 -0.108248 0.306680 0.260955 -0.226709 -0.193003 0.348262 0.144985 -0.215618 -0.228328 0.257826 -0.078783 0.214751 0.305973 0.214643 0.291832 0.035247 0.215696 -0.096629 0.215484 -0.259604 -0.181305 -0.227172 -0.312365 0.009800 -0.124854 0.422339 0.119116 -0.133180 -0.073987 0.354359 -0.036298 0.518040 0.353018 -0.125713 -0.279597 -0.067243 -0.284325 0.105365 -0.008282 0.010128 -0.034465 0.550889 0.334466 0.426223 0.324183 0.519873 0.259968 0.458351 0.384921 0.480759 0.545029 -0.156195 -0.112314 -0.178577 -0.168542 -0.163040 -0.388562 -0.270861 -0.230964 -0.319495 -0.357913 -0.428125 -0.491922 -0.201228 0.280091 -0.007741 -0.379373 0.076722 0.225877 -0.018209 -0.019361 0.012982 0.146251 -0.237562 -0.005639 -0.234428 0.068728 -0.274282 0.215885 -0.308168 0.192943 -0.020213 -0.244585 0.153948 -0.043021
0.295448 0.310277 -0.418529 -0.346396 0.025203 -0.097185 -0.106242 0.058401 0.037834 0.053729 0.069899 0.133463 0.230770 0.267058 0.115893 0.192031 0.585533 1.000000 -0.056334 0.107798 -0.236213 -0.202298 -0.444347 -0.447234 -0.491430 -0.485940 -0.307726 -0.239363 0.141103 0.196531 -0.280089 -0.253743 0.055892 -0.147203 -0.425630 -0.173781 0.222078 0.137862 -0.066001 -0.005243 0.058437 0.001488 -0.105656 -0.071102 -0.067837 0.033626 0.015658 -0.074635 -0.104215 0.032620 -0.448830 -0.087828 -0.024941 -0.178408 -0.002103 -0.087147 0.559400 0.313720 0.197059 0.198253 0.387565 0.330328 0.450729 0.479261 -0.409284 -0.059464 -0.080940 -0.425249 0.224212 0.253820 -0.074160 0.059420 0.314062 0.261190 0.266096 0.133435 0.241194 0.039138 0.342792 0.322768 0.462026 0.417189 -0.099784 -0.037112 -0.104274 -0.174202 -0.069233 -0.197832 -0.269026 -0.043030 -0.013423 -0.148010 -0.261869 -0.337533 0.080079 0.048027 0.004974 -0.082263 0.204468 0.330767 0.132313 0.163493 0.191325 0.089939 0.037369 0.024870 0.142841 0.226710 0.041908 0.118566 -0.301589 0.133757 0.007426 -0.158773 0.276119 0.131837
0.392687 0.244549 0.115291 0.268772 0.345413 -0.368849 -0.102326 -0.078408 0.143099 0.038304 -0.067480 -0.131886 -0.168153 -0.304490 0.225461 -0.125609 0.185299 -0.056334 1.000000 0.406278 -0.007091 -0.150771 0.276621 -0.020026 -0.025568 -0.212360 0.264288 0.088861 0.098857 -0.171816 0.270840 0.132872 0.096439 0.300500 0.039819 -0.048207 -0.212625 0.000319 -0.198419 -0.016657 0.007795 -0.016058 -0.061915 -0.056358 -0.153444 -0.180441 -0.172470 -0.103926 -0.307530 -0.054201 0.020342 -0.272379 -0.257773 -0.157815 -0.143012 -0.180737 0.227082 0.153492 -0.214205 -0.087774 -0.090613 -0.242341 0.167882 0.093899 0.126810 -0.249631 0.006351 -0.088008 0.210511 0.062865 0.100960 -0.053727 0.049470 -0.011632 0.182908 0.342514 0.328315 0.368299 0.099039 0.206615 -0.024523 -0.009428 0.188739 -0.095917 -0.133695 -0.315587 0.222439 -0.139929 0.252476 -0.042247 -0.120126 0.094176 -0.129287 -0.016482 -0.304531 0.447598 -0.207873 -0.303607 0.003075 0.144560 0.032176 -0.019656 0.033770 0.152303 -0.025249 0.036074 -0.168247 0.087245 -0.177091 0.062486 -0.143014 0.067759 0.137067 0.128665 0.018269 -0.113988
0.353021 0.327814 0.128879 0.242894 0.317704 -0.030404 0.074123 0.198863 0.141652 0.119547 0.172888 0.416269 0.171257 0.055612 0.108873 0.069466 0.049474 0.107798 0.406278 1.000000 0.026642 -0.141303 0.005465 -0.038025 -0.142360 -0.174025 0.006723 0.001305 0.044804 0.031741 0.084697 0.079491 0.037354 0.299698 -0.180399 0.075715 -0.068884 0.027418 -0.255759 -0.184506 0.039023 0.063625 -0.208770 -0.281170 -0.291465 -0.240447 -0.268813 -0.378901 -0.220803 -0.234375 -0.218579 -0.275056 -0.194731 -0.238137 -0.382682 -0.374309 0.172905 -0.016486 -0.017743 -0.032057 0.125022 0.160838 0.194504 0.248900 -0.011758 0.199503 -0.341556 -0.249429 0.202476 0.303091 0.148355 0.018896 0.084304 0.201690 0.154127 0.274377 0.106891 0.135146 0.284199 0.018291 0.212576 -0.041394 0.047329 -0.052812 -0.153250 -0.330518 0.124967 -0.406085 0.198753 -0.000026 0.106185 0.250117 0.191168 0.040483 -0.184293 0.113327 -0.434286 -0.340314 -0.084447 0.195704 0.009916 0.076933 0.127108 0.160048 -0.020519 -0.135312 -0.200986 0.041858 -0.107830 -0.171096 -0.389914 0.003742 0.025747 -0.007598 -0.042983 0.028849
-0.239977 -0.250664 0.514937 0.406924 0.007916 0.271773 0.226238 0.099430 0.024304 -0.102422 -0.221463 -0.044218 -0.367715 -0.440559 -0.189649 -0.242978 -0.328044 -0.236213 -0.007091 0.026642 1.000000 0.667407 0.297492 0.514906 0.620032 0.686278 0.271094 0.221768 -0.093741 0.045273 0.481917 0.542160 -0.131260 0.203322 0.170565 0.013345 0.019795 -0.201097 0.310962 0.208695 0.101529 0.321034 -0.186107 -0.063820 -0.053333 -0.138942 0.070520 -0.033672 -0.179660 -0.161572 0.100749 -0.118275 -0.044926 0.082157 -0.436974 0.023540 -0.212896 -0.202439 -0.301347 -0.235362 -0.350674 -0.383870 -0.306184 -0.368136 0.314696 -0.055882 -0.111463 0.195335 0.067481 -0.030503 0.259328 0.351535 -0.160110 -0.132274 -0.111747 -0.031493 -0.256720 -0.143797 -0.034367 0.028783 0.139812 -0.102513 0.115761 0.451979 -0.120075 0.032082 0.121025 0.053270 -0.080600 -0.206411 0.092623 -0.018938 0.117257 0.119736 0.327043 -0.325554 0.240879 0.172458 -0.206592 -0.226671 -0.267069 -0.276482 -0.175133 -0.025065 -0.183198 -0.068033 -0.092233 -0.327336 0.184374 -0.270354 0.136924 -0.298904 -0.273716 0.009577 -0.266319 0.087455
-0.253647 -0.247367 0.412904 0.331978 -0.261606 0.302274 0.240749 -0.020283 -0.119344 -0.158443 -0.248372 -0.116478 -0.354118 -0.401567 -0.329524 -0.304658 -0.360982 -0.202298 -0.150771 -0.141303 0.667407 1.000000 0.358315 0.647731 0.467362 0.765226 0.215861 0.248915 -0.121242 0.036907 0.385800 0.459850 -0.396221 -0.141290 0.080634 -0.182632 -0.051046 -0.319836 0.306959 0.204350 0.077741 0.407957 -0.277890 -0.163087 -0.157018 -0.301686 0.057516 -0.131092 -0.211944 -0.212671 0.009270 -0.064785 0.116866 0.149836 -0.168396 0.088755 -0.251853 -0.117029 -0.190379 -0.122707 -0.329299 -0.322897 -0.259793 -0.332303 0.178202 -0.171078 -0.126813 0.073592 0.016820 -0.044241 0.306551 0.404311 -0.222529 -0.080763 -0.047762 -0.165387 -0.465272 -0.362724 -0.159166 0.049639 0.097577 -0.138294 0.247959 0.566433 0.085140 0.330413 0.095376 0.358409 0.012874 0.045805 0.314847 0.179492 0.165293 0.273884 0.530324 -0.552356 0.170873 0.381588 -0.258513 -0.231490 -0.141770 -0.042874 -0.198024 -0.154306 -0.159375 -0.007775 0.115503 -0.374749 0.366734 -0.282864 0.153181 -0.321218 -0.134993 0.140577 -0.180817 0.143241
0.091312 0.185949 0.411592 0.474390 0.080550 -0.080002 -0.228573 -0.399443 -0.314572 -0.361270 -0.145003 -0.347273 -0.572476 -0.514784 -0.130122 -0.476087 -0.381589 -0.444347 0.276621 0.005465 0.297492 0.358315 1.000000 0.563828 0.594636 0.380151 0.794642 0.597420 -0.365906 -0.457492 0.232169 0.097221 -0.220010 -0.098534 0.278505 0.254185 -0.342240 -0.037373 0.255731 0.276597 -0.266905 0.193869 -0.122451 0.010802 -0.174652 -0.323194 0.010070 -0.064414 0.052989 -0.053166 0.619687 0.119285 0.002388 0.179347 0.126703 0.252921 -0.125777 0.125249 -0.196024 -0.075997 -0.534288 -0.507852 -0.274720 -0.484045 0.203143 -0.253204 0.004242 0.067786 0.250024 -0.121025 0.053755 -0.083454 -0.576322 -0.285648 -0.179530 -0.185116 -0.167464 -0.002950 -0.178756 0.103182 -0.287996 -0.407419 0.590904 -0.005996 0.274783 0.148848 0.616316 0.407239 0.516904 0.136163 0.136302 0.156697 0.022726 0.189531 0.170654 -0.113407 0.185135 0.144614 0.007642 -0.129584 -0.403879 -0.203182 -0.186513 -0.170286 -0.116516 -0.112544 -0.065014 -0.232063 0.107116 -0.276919 0.437633 -0.071476 -0.018533 0.176280 -0.300544 -0.058501
-0.297054 -0.321489 0.653722 0.673237 -0.129736 0.251731 0.315083 0.137694 -0.061520 -0.087372 -0.436576 -0.101919 -0.456740 -0.490717 -0.346907 -0.326511 -0.451195 -0.447234 -0.020026 -0.038025 0.514906 0.647731 0.563828 1.000000 0.690557 0.772264 0.378310 0.498037 -0.290396 -0.204037 0.571605 0.604439 -0.323823 -0.031301 0.257950 0.075933 -0.274002 -0.218983 0.161739 0.250283 -0.072080 0.237039 -0.331035 -0.157943 -0.247494 -0.316769 -0.193800 -0.208955 -0.295823 -0.451147 0.225768 -0.237923 -0.049775 -0.005469 -0.236887 -0.120171 -0.359930 -0.160278 -0.345019 -0.361805 -0.340833 -0.446403 -0.251522 -0.461588 0.369847 -0.044852 -0.040863 0.335318 0.025120 -0.071787 0.303307 0.391017 -0.399001 -0.281241 -0.160859 -0.233373 -0.471227 -0.284444 -0.187429 -0.034089 -0.171337 -0.363847 0.225372 0.405660 0.079137 0.400704 0.189827 0.199049 0.266306 0.227745 0.117916 0.366907 0.443149 0.469395 0.257066 -0.298514 0.029446 0.263238 -0.453101 -0.348224 -0.234542 -0.001677 -0.262786 -0.031200 -0.139845 -0.035499 -0.014979 -0.147889 0.113641 -0.432020 0.265914 -0.257016 -0.234085 0.118252 -0.250515 0.127663
-0.407882 -0.275262 0.634339 0.534299 -0.028289 0.257682 0.182968 0.093001 -0.009925 0.004730 -0.387853 -0.219980 -0.493690 -0.505320 -0.232961 -0.294553 -0.544684 -0.491430 -0.025568 -0.142360 0.620032 0.467362 0.594636 0.690557 1.000000 0.750081 0.477027 0.483007 -0.325680 -0.125386 0.530265 0.487721 -0.192666 0.119293 0.351088 0.345634 -0.278969 -0.052744 0.339265 0.308603 0.015668 0.175924 -0.101705 0.027147 0.024327 -0.086257 0.036280 0.020431 -0.069808 -0.206157 0.412947 -0.042660 -0.063287 0.205331 -0.256966 0.004330 -0.397182 -0.175835 -0.372046 -0.366905 -0.553265 -0.516031 -0.515009 -0.572086 0.423023 0.015617 -0.105644 0.335807 0.032385 -0.228856 0.303165 0.262129 -0.361269 -0.162659 -0.192121 -0.099317 -0.245903 -0.088453 -0.204578 -0.036549 -0.323198 -0.356973 0.139597 0.193188 -0.020390 0.113649 0.263257 0.131938 0.174829 -0.160409 0.125146 -0.010915 0.233974 0.278977 0.178383 -0.174037 0.221467 0.203648 -0.129051 -0.388693 -0.306451 -0.249431 -0.281268 -0.150570 -0.211426 -0.249528 -0.064843 -0.138695 0.059654 -0.267765 0.456975 -0.232278 -0.327717 0.039193 -0.327311 0.032293
-0.467791 -0.472784 0.673338 0.505904 -0.328797 0.406512 0.416301 0.174683 -0.049555 -0.055092 -0.332219 -0.147675 -0.366918 -0.469485 -0.401580 -0.251878 -0.579095 -0.485940 -0.212360 -0.174025 0.686278 0.765226 0.380151 0.772264 0.750081 1.000000 0.193704 0.299673 -0.142664 0.114069 0.551193 0.597115 -0.295633 0.031176 0.290226 0.088786 -0.084943 -0.289457 0.262527 0.082990 0.142030 0.283874 -0.162328 -0.070831 -0.049315 -0.147355 -0.033362 -0.059005 -0.192350 -0.277936 0.178015 -0.129128 -0.007319 0.113185 -0.277618 -0.083529 -0.515988 -0.325409 -0.265169 -0.324528 -0.455654 -0.399202 -0.421974 -0.511554 0.405678 0.022200 -0.044375 0.314444 -0.216271 -0.280130 0.327415 0.412009 -0.256818 -0.192284 -0.137716 -0.168687 -0.401950 -0.243647 -0.255075 -0.138945 -0.107333 -0.225184 0.021991 0.561478 -0.011155 0.340632 0.030838 0.215076 0.048240 -0.056827 0.179901 0.149116 0.359368 0.416166 0.462999 -0.447424 0.194598 0.343382 -0.286348 -0.392366 -0.221643 -0.074757 -0.246051 -0.161750 -0.241364 -0.174779 0.031065 -0.272154 0.331060 -0.300652 0.246107 -0.302235 -0.286678 0.004094 -0.295215 0.046325
0.092554 0.330375 0.155657 0.403799 0.290087 -0.152439 -0.430464 -0.490684 -0.258244 -0.297979 -0.050938 -0.368010 -0.527110 -0.395092 0.037601 -0.334827 -0.274929 -0.307726 0.264288 0.006723 0.271094 0.215861 0.794642 0.378310 0.477027 0.193704 1.000000 0.785378 -0.306969 -0.502749 0.004888 -0.073931 -0.164472 -0.073652 0.280014 0.427590 -0.256232 0.051211 0.200845 0.292437 -0.357943 0.235088 -0.144552 -0.052942 -0.241512 -0.332008 -0.035289 -0.044569 0.038534 -0.139056 0.491025 -0.016895 -0.050576 -0.001706 0.098116 0.247983 0.000475 0.320671 -0.183258 -0.016035 -0.443859 -0.373326 -0.210078 -0.349543 0.038591 -0.174224 0.025830 0.074851 0.394447 0.038094 0.071644 -0.072435 -0.567921 -0.271514 -0.100453 -0.003842 -0.061580 0.164659 -0.264400 0.099233 -0.250191 -0.343965 0.531842 0.018881 0.256028 0.180712 0.599605 0.394024 0.468237 0.089327 0.186838 0.110977 0.059450 0.143953 0.216857 0.000500 0.277246 0.101649 0.139656 -0.147173 -0.305980 -0.241614 -0.026686 -0.060799 -0.046575 -0.004256 -0.072875 -0.112876 0.067630 -0.044463 0.361258 -0.013365 -0.135286 0.126851 -0.268805 0.051415
-0.096688 0.131370 0.232925 0.480743 0.323740 -0.007824 -0.306467 -0.271553 -0.140578 -0.144548 -0.032732 -0.171844 -0.424958 -0.247402 0.007838 -0.216728 -0.265387 -0.239363 0.088861 0.001305 0.221768 0.248915 0.597420 0.498037 0.483007 0.299673 0.785378 1.000000 -0.274860 -0.326616 0.111933 0.075774 -0.230654 -0.097013 0.237480 0.430401 -0.283871 -0.015835 0.064389 0.129968 -0.260165 0.072743 -0.220502 -0.056710 -0.243614 -0.247504 -0.100639 -0.130594 -0.046132 -0.316739 0.340009 -0.119377 -0.151470 -0.135055 0.088881 0.041802 -0.182141 0.207571 -0.224027 -0.064328 -0.333586 -0.271225 -0.142621 -0.330340 0.007014 -0.003708 0.071149 0.173409 0.277772 -0.012791 0.111186 0.138836 -0.426291 -0.319670 -0.139844 -0.067862 -0.200413 -0.002053 -0.223737 0.006226 -0.256322 -0.314455 0.278727 0.120854 0.142070 0.291059 0.443995 0.177043 0.379224 0.207776 0.139896 0.149066 0.273918 0.224646 0.277348 -0.044635 0.195169 0.009339 -0.047501 -0.325312 -0.308026 -0.205091 -0.081206 -0.049571 -0.032876 -0.024857 -0.096560 -0.063323 0.044818 -0.151074 0.259663 -0.147893 -0.312547 0.057695 -0.196470 0.176293
-0.004842 -0.238362 -0.232624 -0.307158 0.146080 -0.235524 0.110907 0.031833 0.272425 0.290966 0.457738 0.240059 0.475267 0.428325 0.569131 0.551361 0.460892 0.141103 0.098857 0.044804 -0.093741 -0.121242 -0.365906 -0.290396 -0.325680 -0.142664 -0.306969 -0.274860 1.000000 0.641801 0.114812 0.138157 0.235361 0.247561 -0.293923 -0.177058 0.425522 0.048649 -0.033981 -0.278105 0.375150 0.016381 0.066406 0.041350 0.211995 0.126045 0.086904 0.117199 -0.205025 0.047500 -0.338652 -0.179986 -0.084332 -0.096050 -0.036459 -0.083402 -0.130287 -0.317425 -0.218791 -0.332089 0.127202 -0.073870 0.083273 -0.012166 -0.026939 -0.133386 -0.272730 -0.320343 -0.258776 -0.235174 0.221947 0.287396 0.596542 0.249124 0.307530 0.361570 0.444244 0.234383 0.345789 0.013588 0.455525 0.260494 -0.046314 0.263709 -0.074892 0.032750 -0.154421 -0.212394 -0.286789 -0.248282 -0.289052 -0.287278 -0.333165 -0.255543 0.010405 0.071370 0.120892 -0.199468 -0.018511 0.071116 -0.138953 -0.041327 -0.175726 -0.201004 -0.369586 -0.126922 -0.099860 -0.189517 0.032536 0.051068 -0.276196 -0.125470 -0.104909 -0.174090 0.162663 -0.230351
-0.379898 -0.302131 -0.062657 -0.186113 -0.132821 0.001493 0.232621 0.267104 0.229231 0.357937 0.141814 0.288290 0.296538 0.285734 0.196506 0.452107 0.095850 0.196531 -0.171816 0.031741 0.045273 0.036907 -0.457492 -0.204037 -0.125386 0.114069 -0.502749 -0.326616 0.641801 1.000000 0.177496 0.273419 0.163346 0.179700 -0.288180 -0.215533 0.336978 0.004538 0.018636 -0.293460 0.473936 0.080063 0.029145 0.007914 0.147364 0.103013 0.116779 0.136637 -0.148003 0.024013 -0.348122 -0.082439 -0.148353 -0.004972 -0.166891 -0.163652 -0.311855 -0.371859 -0.206258 -0.248146 -0.022687 0.114076 -0.044289 0.070747 -0.012031 0.094270 -0.313720 -0.229558 -0.379062 -0.352860 0.164889 0.360780 0.588367 0.357980 0.282672 0.226155 0.231877 0.094528 0.287422 0.024388 0.297330 0.235566 -0.192201 0.419575 -0.105979 0.000782 -0.185261 -0.120576 -0.376590 -0.301837 -0.200446 -0.284087 -0.030716 -0.143172 0.117172 -0.113555 0.100540 0.027911 -0.026288 0.019788 0.027182 0.005188 -0.061735 -0.280089 -0.198280 -0.076528 0.151913 -0.040867 0.104877 0.028547 -0.161881 -0.078483 -0.078501 -0.034106 0.134481 -0.105006
-0.218402 -0.418113 0.585460 0.447813 0.056747 0.035429 0.447529 0.296469 0.352748 0.175938 -0.408852 0.008299 -0.257289 -0.429902 0.006543 -0.065347 -0.057554 -0.280089 0.270840 0.084697 0.481917 0.385800 0.232169 0.571605 0.530265 0.551193 0.004888 0.111933 0.114812 0.177496 1.000000 0.901343 -0.031662 0.309102 0.194368 -0.142710 -0.205016 -0.057321 0.011997 -0.002175 0.341998 0.116514 -0.100743 0.030256 0.003444 -0.034591 -0.106873 -0.058688 -0.420114 -0.216400 0.033592 -0.320944 -0.314123 -0.084378 -0.490058 -0.284178 -0.242475 -0.322468 -0.509665 -0.473947 -0.238461 -0.487088 -0.194505 -0.320793 0.618156 -0.174463 -0.184326 0.130583 -0.197689 -0.274076 0.425033 0.425255 0.116653 0.005988 0.111682 0.187851 0.032195 0.073116 0.102356 0.036290 -0.021564 -0.073479 -0.094703 0.426874 -0.212909 0.012519 -0.092517 -0.276789 -0.025283 -0.130585 -0.135308 0.035131 0.148975 0.138463 0.029687 -0.023864 0.040595 -0.189812 -0.364190 -0.143108 -0.149641 -0.052710 -0.271742 0.017129 -0.308363 -0.198348 -0.164116 -0.107355 -0.152717 -0.238090 -0.054816 -0.051791 -0.151324 -0.034645 -0.186744 -0.055034
-0.335414 -0.516727 0.552304 0.470064 0.056004 0.139658 0.484467 0.428932 0.387995 0.273233 -0.386716 0.092038 -0.233456 -0.373143 -0.019801 0.001643 -0.108248 -0.253743 0.132872 0.079491 0.542160 0.459850 0.097221 0.604439 0.487721 0.597115 -0.073931 0.075774 0.138157 0.273419 0.901343 1.000000 -0.061931 0.323463 0.102128 -0.177907 -0.083338 -0.186977 -0.007138 0.013110 0.366128 0.114386 -0.161383 -0.026448 -0.014969 -0.026366 -0.180034 -0.064210 -0.470785 -0.327784 -0.127915 -0.433661 -0.305803 -0.166822 -0.559074 -0.348112 -0.274455 -0.397706 -0.494825 -0.515632 -0.171072 -0.423017 -0.200171 -0.269745 0.603944 -0.105443 -0.220362 0.214646 -0.216815 -0.241559 0.394623 0.501530 0.162500 0.041409 0.103710 0.184205 -0.045968 0.004612 0.134974 0.014247 0.065368 -0.007407 -0.127016 0.520011 -0.307902 0.037589 -0.158179 -0.222506 -0.085435 -0.124550 -0.134343 0.082971 0.278229 0.226461 0.042183 -0.080998 0.040342 -0.045361 -0.413070 -0.193919 -0.089186 -0.005885 -0.232773 0.026649 -0.226487 -0.061581 -0.040145 -0.122837 -0.075256 -0.224230 0.008067 -0.094441 -0.169223 0.029077 -0.131123 0.010457
-0.148611 -0.111016 -0.156003 -0.240035 -0.071882 -0.341725 0.093115 0.133790 -0.047596 0.028975 0.033791 -0.042510 0.079721 0.142104 0.088222 0.041417 0.306680 0.055892 0.096439 0.037354 -0.131260 -0.396221 -0.220010 -0.323823 -0.192666 -0.295633 -0.164472 -0.230654 0.235361 0.163346 -0.031662 -0.061931 1.000000 0.622694 0.161937 0.160057 0.188826 0.221037 -0.251028 -0.182148 0.190382 -0.155708 0.256044 0.360885 0.324316 0.374256 0.120693 0.335301 -0.085061 0.212521 0.050211 -0.076840 -0.253234 -0.013277 -0.044071 -0.045622 0.086617 -0.042858 -0.255234 -0.282778 0.046812 -0.138719 0.146656 0.033123 0.028935 -0.000816 0.052767 0.063627 0.140973 -0.094666 -0.094675 -0.152063 0.429507 0.190334 0.280911 0.122887 0.421085 0.342143 0.358133 0.294006 0.067378 0.228003 -0.267621 -0.326767 -0.047196 -0.087281 -0.042343 -0.234590 -0.240128 -0.239412 -0.551951 -0.511511 -0.316902 -0.388948 -0.354708 0.270443 0.083875 -0.263714 0.087388 0.047105 -0.111330 -0.187676 -0.113620 0.008903 -0.146250 -0.010176 -0.142465 0.069466 -0.436579 0.175752 0.029658 0.271680 0.165639 -0.087145 0.046039 -0.139382
-0.238333 -0.329082 0.146264 0.066456 0.136028 -0.110239 0.336769 0.306992 0.217352 0.206428 0.009819 0.033476 -0.035251 -0.190302 0.106283 -0.002159 0.260955 -0.147203 0.300500 0.299698 0.203322 -0.141290 -0.098534 -0.031301 0.119293 0.031176 -0.073652 -0.097013 0.247561 0.179700 0.309102 0.323463 0.622694 1.000000 0.185214 0.205780 0.245257 0.047973 -0.217486 -0.206997 0.418948 -0.069019 0.147895 0.301057 0.304011 0.328669 -0.001529 0.204509 -0.341820 -0.034632 -0.041903 -0.398104 -0.413286 -0.171961 -0.397815 -0.394783 -0.081160 -0.219728 -0.488839 -0.572927 -0.103839 -0.421479 0.050911 -0.070956 0.412208 0.035690 -0.232278 0.207583 0.030457 -0.167062 0.182770 0.063727 0.444473 0.236659 0.305755 0.370293 0.413010 0.341409 0.443439 0.366717 0.208783 0.378655 -0.265920 -0.047178 -0.161609 -0.224015 -0.021959 -0.408010 -0.067599 -0.476047 -0.421519 -0.406696 -0.062211 -0.186887 -0.373671 0.310378 -0.084812 -0.367223 -0.117900 -0.122083 -0.116080 -0.270092 -0.081882 0.003986 -0.289586 -0.113728 -0.295456 -0.097344 -0.425089 0.103846 0.005042 0.099483 -0.059748 -0.143994 -0.048330 -0.136718
-0.222815 -0.234830 0.374327 0.265794 0.083103 0.118137 0.112794 -0.013861 0.143209 -0.031937 -0.290880 -0.359802 -0.379480 -0.385886 -0.106766 -0.303430 -0.226709 -0.425630 0.039819 -0.180399 0.170565 0.080634 0.278505 0.257950 0.351088 0.290226 0.280014 0.237480 -0.293923 -0.288180 0.194368 0.102128 0.161937 0.185214 1.000000 0.364090 -0.184615 -0.104877 -0.187109 -0.103442 -0.247026 -0.080375 0.155720 0.155166 0.287121 0.219447 0.042643 0.163568 0.141544 0.145233 0.316392 0.098738 -0.126129 0.130683 -0.161057 0.011525 -0.182519 -0.089571 -0.138671 -0.139810 -0.250606 -0.252493 -0.295559 -0.307549 0.411050 0.054119 0.172826 0.327319 -0.051195 -0.237818 -0.002968 -0.091175 -0.314179 -0.242457 -0.167331 -0.206421 -0.049066 0.183968 -0.328660 -0.017683 -0.332923 -0.089167 -0.091637 -0.106387 -0.044213 0.013819 -0.045540 0.043564 0.091300 -0.107598 0.059509 -0.021887 0.170855 0.106778 -0.061477 0.066234 -0.013315 -0.201676 -0.046776 -0.258541 -0.051844 -0.274171 -0.296723 -0.068964 -0.047379 -0.087680 -0.166325 0.003416 -0.139973 0.051680 0.185714 -0.043015 -0.010237 -0.091428 -0.277402 0.074912
-0.224472 0.099660 0.108651 0.288073 0.239238 0.107395 -0.114683 0.036288 0.044090 0.143650 0.240242 0.064255 -0.058239 0.056060 0.169365 0.035207 -0.193003 -0.173781 -0.048207 0.075715 0.013345 -0.182632 0.254185 0.075933 0.345634 0.088786 0.427590 0.430401 -0.177058 -0.215533 -0.142710 -0.177907 0.160057 0.205780 0.364090 1.000000 -0.181267 0.176097 -0.059714 0.091372 -0.269048 -0.142887 -0.005747 -0.009358 0.137423 0.104691 0.050208 -0.024641 0.216623 -0.005683 0.302349 0.084152 -0.084123 0.113883 -0.145478 0.005302 -0.188724 0.009855 -0.115216 -0.259578 -0.245563 -0.052507 -0.404548 -0.384295 0.135118 0.506098 -0.127988 0.138612 0.174023 -0.030076 -0.064052 -0.092328 -0.377309 -0.327544 -0.293234 -0.165818 0.047070 0.198006 -0.196751 -0.063377 -0.240507 -0.248983 0.061173 -0.228117 0.065313 0.062572 0.295068 -0.054440 0.305495 -0.122817 0.112825 -0.170834 0.165412 0.073619 -0.002256 0.075774 0.178996 -0.160859 0.203827 -0.385935 -0.292762 -0.342280 -0.274899 -0.351397 -0.183661 -0.281373 -0.287770 0.002712 -0.062309 0.082237 0.232025 -0.106159 -0.264647 -0.105552 -0.334741 -0.031287
