1.000000 0.401212 0.018412 -0.167323 -0.196121 -0.061608 -0.069474 -0.004333 -0.187317 -0.189676 0.567905 0.319535 0.440054 0.406160 0.300916 0.067669 0.191107 0.066648 0.195639 0.138710 0.012686 -0.027310 -0.285547 -0.300960 -0.594677 -0.561850 -0.294216 -0.149303 0.053920 -0.075687 -0.307345 -0.422315 -0.041591 -0.401328 -0.221146 -0.158884 -0.215108 0.035563 -0.247706 -0.386468 -0.220253 0.054522 -0.045082 0.050472 -0.199721 -0.168503 -0.058955 -0.062047 0.272142 0.003150 0.034382 0.164999 0.366667 -0.023259 0.003738 -0.173545 0.390825 0.250356 0.246939 0.099155 0.491979 0.235002 0.338600 0.163181 -0.142183 0.155031 -0.185641 -0.116177 0.348093 0.246104 0.018005 -0.014162 0.019479 0.112052 0.150320 0.132727 0.183070 -0.049895 -0.094278 -0.101592 -0.043857 -0.106399 -0.031494 -0.126289 -0.183439 0.021796 -0.051127 -0.188948 -0.142157 -0.178668 -0.034754 -0.172025 -0.240438 -0.215232 -0.040303 -0.394241 -0.216456 -0.191588 -0.030277 0.025735 -0.079386 0.310730 -0.159351 0.108704 0.047891 -0.033779 0.021505 -0.149823 -0.247766 -0.190382 -0.240234 -0.069033 0.103207 -0.214810 -0.118746 0.023637
0.401212 1.000000 -0.479074 -0.330989 -0.383387 -0.243909 -0.517474 -0.259370 -0.432054 -0.169569 0.072752 0.381010 -0.114620 0.429021 -0.057175 0.290969 0.437943 0.546414 0.524113 0.335722 -0.230695 -0.214768 -0.474650 -0.350663 -0.400519 -0.508548 -0.430580 -0.479488 0.367106 0.322713 -0.368650 -0.249554 0.179338 -0.281086 -0.356079 -0.548174 0.013622 0.069794 -0.243435 -0.175987 -0.108449 0.059320 -0.238848 -0.294598 -0.619915 -0.549878 -0.174740 -0.315021 0.014268 -0.089509 -0.414874 -0.064297 0.289068 0.016025 0.111258 -0.055933 0.237994 0.587587 0.379568 0.589957 0.036495 0.490771 0.291898 0.488611 -0.420067 -0.163273 -0.090652 -0.457631 0.382887 0.259074 -0.215924 0.172348 0.204046 0.060627 0.074124 0.094073 0.154127 0.003375 0.168838 0.304701 0.214563 0.260558 0.159947 0.397593 -0.393901 0.078771 -0.032579 -0.234640 -0.550560 0.018779 0.122196 -0.229113 -0.201119 -0.275595 0.023678 0.037319 -0.176628 -0.070812 0.155531 0.120708 0.193717 0.239426 0.383249 0.202474 0.227352 0.206085 0.233463 -0.087592 -0.068476 0.023241 -0.238675 0.217436 0.162328 0.046104 0.226453 0.035039
0.018412 -0.479074 1.000000 0.173509 0.590462 0.218043 0.654369 0.097118 0.343945 -0.206288 0.074393 -0.441505 0.319242 -0.297652 0.368507 -0.387771 -0.575672 -0.565544 -0.209934 -0.354990 0.149360 0.076012 0.587624 0.165676 0.199195 0.055811 0.515040 0.479643 -0.521740 -0.620763 0.259051 -0.016889 -0.290795 -0.023141 0.125669 0.372860 -0.078798 -0.167159 0.230029 0.037628 -0.035771 -0.308889 0.082946 0.314071 0.249660 0.089036 -0.142804 0.287875 0.121281 0.143210 0.629832 0.255152 0.092295 0.045303 0.200850 0.072705 -0.220289 -0.414586 -0.140851 -0.257451 0.099551 -0.472882 -0.301456 -0.608803 0.295089 0.045295 0.059632 0.433995 -0.167494 -0.125578 0.080939 -0.173256 -0.308524 -0.183403 -0.161882 -0.169453 -0.088768 0.079741 -0.531502 -0.564295 -0.688527 -0.582729 -0.222166 -0.598961 -0.009571 -0.199851 0.280099 0.146661 0.308794 0.040081 -0.009663 0.482626 0.227247 0.383342 0.097275 -0.110437 0.382636 0.159553 0.264111 0.175901 -0.189747 0.192223 -0.037522 0.040470 0.117304 -0.070572 0.016331 0.286636 0.103245 0.126874 0.328527 -0.038311 0.161603 0.093931 -0.249500 0.010712
-0.167323 -0.330989 0.173509 1.000000 0.264763 0.483200 0.184539 0.687493 0.261001 0.595906 -0.275427 -0.275595 0.092382 -0.260500 -0.067593 -0.009317 -0.176775 -0.488680 -0.289413 -0.076981 -0.099679 0.075949 0.310010 0.642856 0.166038 0.452736 0.167141 0.185026 -0.486223 -0.339730 -0.022024 0.097761 -0.067565 0.028014 0.150515 -0.014785 -0.103682 -0.188599 -0.108327 0.063973 0.165461 -0.126136 -0.201907 -0.175896 0.034018 0.135548 -0.141726 -0.195277 -0.139762 -0.100407 0.231294 0.043399 0.010523 0.217377 -0.184175 -0.037124 -0.114650 -0.250142 -0.298961 -0.145319 -0.155961 -0.365337 -0.022904 -0.333149 0.459805 0.361472 -0.054174 0.188875 -0.123101 -0.082958 -0.148862 -0.171007 -0.425894 -0.117746 0.043954 -0.072527 -0.147758 -0.176249 -0.144305 -0.343408 -0.188067 -0.260319 -0.355266 -0.307980 0.218889 0.064437 0.038639 0.092659 0.457017 0.132615 -0.010134 -0.166779 0.290856 0.106949 0.101254 0.046308 -0.136221 -0.001648 -0.151660 -0.348165 -0.337914 -0.365166 -0.197777 -0.302495 -0.107846 -0.299443 -0.124836 0.070563 -0.083534 -0.198503 -0.453366 -0.213240 -0.315272 0.054631 -0.238564 -0.066636
-0.196121 -0.383387 0.590462 0.264763 1.000000 0.209177 0.528614 0.162933 0.633998 0.083408 -0.271418 -0.371710 0.070080 -0.274435 0.133812 -0.299925 -0.413127 -0.524854 -0.169460 -0.142737 0.003029 0.079579 0.523077 0.285492 0.418275 0.203616 0.626996 0.277040 -0.363673 -0.494320 0.312765 0.077787 -0.005038 0.139576 0.361458 0.334908 -0.207974 -0.314510 0.021509 0.065648 -0.078311 -0.398863 0.040991 0.131135 0.193125 0.136319 -0.024530 0.203660 -0.068467 0.207258 0.380604 0.089074 -0.083185 0.182238 0.019434 0.000651 -0.296648 -0.373686 -0.213952 -0.303183 -0.202544 -0.559842 -0.373313 -0.573825 0.360899 -0.005484 0.206602 0.247432 -0.091426 -0.086459 0.028245 -0.047361 -0.438745 -0.203795 -0.250938 -0.137734 -0.119221 -0.014385 -0.379134 -0.316076 -0.466680 -0.382386 -0.164052 -0.470028 0.107898 -0.056251 0.230617 0.076239 0.346469 0.177759 0.138218 0.437063 0.358113 0.433180 0.174513 0.119917 0.198480 0.220445 0.190901 0.173256 0.065532 0.130763 -0.011656 -0.058067 -0.103991 -0.155160 -0.103871 0.216097 0.160358 0.117916 0.163566 -0.042639 0.154778 0.211450 -0.139332 -0.075000
-0.061608 -0.243909 0.218043 0.483200 0.209177 1.000000 0.219086 0.344127 0.138376 0.406242 -0.339131 -0.249861 0.004343 -0.019173 -0.074049 -0.003475 -0.283109 -0.358562 -0.336314 -0.135260 0.184053 0.042508 0.267869 0.490495 0.208475 0.473755 0.349077 0.433259 -0.409348 -0.360108 -0.058040 -0.074079 0.020526 -0.069373 -0.025127 -0.048470 -0.100476 -0.102325 0.057798 0.122475 0.167937 -0.115027 -0.158980 -0.116277 0.038004 0.052407 0.005030 -0.119118 0.024449 0.050343 0.183446 0.120853 0.047721 0.089123 -0.162827 0.103403 -0.109552 -0.171760 -0.263825 -0.169393 -0.203214 -0.315066 -0.161836 -0.374049 0.311517 0.224308 -0.038476 0.192172 0.165813 -0.139647 0.020691 -0.113223 -0.434113 0.029758 -0.047172 -0.100479 -0.213659 -0.211196 -0.050956 -0.299100 -0.167519 -0.236415 -0.391478 -0.206631 0.339027 0.227891 -0.184192 0.233063 0.389773 0.257109 0.074770 -0.168562 0.283160 0.102978 0.005996 -0.071187 -0.209832 -0.061576 0.064135 -0.247002 -0.194293 -0.227819 -0.183557 -0.194988 -0.063707 -0.141834 -0.115065 -0.010490 -0.110997 -0.242015 -0.200106 -0.093189 0.058729 0.025440 -0.151366 0.087082
-0.069474 -0.517474 0.654369 0.184539 0.528614 0.219086 1.000000 0.304596 0.561648 0.099194 -0.044226 -0.358366 0.384896 -0.190653 0.336687 -0.279756 -0.476798 -0.632951 -0.127236 -0.363772 0.054944 -0.009317 0.554097 0.168537 0.329129 0.221678 0.518121 0.172510 -0.260309 -0.434598 0.540906 0.292840 -0.176856 0.268466 0.311561 0.427155 -0.352157 -0.434449 -0.000559 -0.249628 -0.151715 -0.323709 0.009792 0.197497 0.356799 0.194169 -0.209010 0.035190 -0.164913 0.005928 0.448614 0.059310 -0.107936 -0.033827 -0.175410 -0.287278 -0.210278 -0.440126 -0.270516 -0.437800 0.096341 -0.459440 -0.270196 -0.509919 0.637552 0.110815 0.146330 0.384360 -0.297062 -0.066234 0.143107 -0.263399 -0.196495 -0.246010 -0.193526 -0.095332 -0.077636 0.023257 -0.369968 -0.385279 -0.520796 -0.472913 -0.008808 -0.453637 0.276001 -0.249104 0.230026 -0.044878 0.543445 -0.053459 -0.046317 0.378382 0.221895 0.350724 0.023832 -0.063393 0.051327 -0.001487 -0.013069 0.045196 -0.201188 0.061385 -0.199882 -0.092007 -0.093232 -0.108869 -0.094999 0.165319 -0.001860 0.012761 0.151077 -0.140462 0.060761 0.147593 -0.334094 -0.082968
-0.004333 -0.259370 0.097118 0.687493 0.162933 0.344127 0.304596 1.000000 0.414965 0.753603 -0.073962 -0.036033 0.214190 -0.056432 0.068214 0.175405 -0.267359 -0.551441 -0.273286 -0.207317 -0.107029 -0.007748 0.001326 0.365674 0.009014 0.278753 -0.004987 -0.008713 -0.442895 -0.220658 -0.099618 0.019222 -0.228720 -0.050861 0.074890 0.028655 -0.218019 -0.297584 -0.288453 -0.183823 -0.104245 -0.109142 -0.184038 -0.038372 0.099765 0.172218 -0.266480 -0.068547 -0.132022 -0.164036 0.281509 0.076460 -0.003246 0.083248 -0.282407 -0.240813 -0.087921 -0.280196 -0.323416 -0.303914 0.107771 -0.114952 -0.109663 -0.152667 0.474971 0.657696 -0.167164 0.185392 -0.135864 -0.041512 -0.015868 -0.220171 -0.334627 -0.065762 0.116022 0.035088 -0.148604 -0.092346 -0.212230 -0.434101 -0.315694 -0.466487 -0.335235 -0.374198 0.000059 -0.175466 0.035344 -0.147779 0.341314 0.023930 0.083661 -0.073857 0.439671 0.115524 0.179863 0.091961 -0.302119 0.140532 -0.237475 -0.188122 -0.087447 -0.235861 -0.122414 -0.203641 -0.136376 -0.289457 -0.070359 0.131948 0.009135 -0.126806 -0.332411 -0.146521 -0.154203 0.179723 -0.211905 -0.047227
-0.187317 -0.432054 0.343945 0.261001 0.633998 0.138376 0.561648 0.414965 1.000000 0.348764 -0.006379 -0.149007 0.393194 -0.178597 0.365613 -0.052191 -0.453569 -0.562254 -0.296839 -0.167586 -0.090015 -0.032012 0.351917 0.341530 0.239015 0.150964 0.455790 0.175208 -0.275291 -0.313438 0.260174 0.122212 -0.209123 0.161485 0.213764 0.266451 -0.201289 -0.316693 -0.191846 -0.135246 -0.124982 -0.242964 0.091261 0.161097 0.246215 0.249905 -0.000109 0.143537 -0.081983 0.140909 0.359869 0.116590 -0.248931 0.046784 -0.183647 -0.171415 -0.416319 -0.448852 -0.425757 -0.474941 0.013460 -0.350165 -0.419739 -0.388310 0.547136 0.311538 -0.118679 0.228889 -0.177462 -0.039201 0.254622 -0.077810 -0.336261 -0.170685 -0.024253 -0.057056 -0.038206 -0.060557 -0.149697 -0.243087 -0.392929 -0.326246 -0.184417 -0.457613 0.038695 -0.195679 0.160492 -0.095609 0.436381 -0.121280 0.108226 0.309728 0.548066 0.418447 0.107388 0.070237 -0.041511 0.117067 -0.220767 -0.035616 0.013086 0.023313 -0.079421 -0.191338 -0.154393 -0.202548 -0.150612 0.129056 0.137109 0.137351 0.058566 -0.142167 0.033094 0.190091 -0.117739 -0.031493
-0.189676 -0.169569 -0.206288 0.595906 0.083408 0.406242 0.099194 0.753603 0.348764 1.000000 -0.245840 0.015946 0.010851 0.052599 0.003556 0.356066 -0.095650 -0.351884 -0.236848 -0.003676 -0.234145 -0.098454 -0.019587 0.496643 0.210523 0.402544 -0.024227 -0.060455 -0.167602 -0.011127 -0.066497 0.079053 -0.158529 0.086385 -0.034077 -0.032032 -0.175224 -0.275377 -0.380329 -0.106672 -0.058487 -0.096116 -0.196730 -0.163172 -0.091037 0.081609 -0.051358 -0.050596 -0.126775 -0.027983 -0.065834 0.061950 -0.108461 0.210346 -0.398800 -0.115213 -0.146994 -0.194848 -0.319682 -0.126858 -0.143552 -0.103284 -0.108094 -0.063300 0.278842 0.426809 -0.164629 0.050864 -0.045205 0.024395 -0.151081 -0.221534 -0.294300 -0.100158 0.004737 -0.018187 -0.207908 -0.290422 0.058041 -0.140548 -0.026330 -0.169912 -0.204219 -0.053048 0.064714 -0.081958 -0.152453 -0.188868 0.228469 -0.035246 0.202294 -0.101705 0.542615 0.178781 0.114036 0.159800 -0.443757 0.137347 -0.287595 -0.188044 -0.015280 -0.221020 -0.045306 -0.156632 -0.112888 -0.147458 -0.082508 0.025517 -0.014701 -0.227951 -0.356695 -0.085165 -0.164436 0.173680 -0.078331 0.158550
0.567905 0.072752 0.074393 -0.275427 -0.271418 -0.339131 -0.044226 -0.073962 -0.006379 -0.245840 1.000000 0.435444 0.609619 0.436751 0.640328 0.154552 0.005543 -0.005544 -0.146345 -0.131993 0.100543 -0.046104 -0.315323 -0.269224 -0.456915 -0.463750 -0.248793 0.015526 0.140979 -0.031880 -0.141309 -0.324982 -0.254428 -0.333579 -0.139096 -0.062100 0.035010 0.112194 -0.040140 -0.136869 -0.154351 0.239591 0.335266 0.491025 0.075452 0.083357 0.130364 0.283094 0.271119 0.076778 0.279925 0.347246 0.207011 -0.078905 0.183976 0.044200 0.069186 -0.019052 0.037504 -0.122499 0.629809 0.155929 0.185594 0.016326 -0.110252 0.247193 -0.398771 -0.113865 -0.144620 0.043414 0.168542 -0.097330 0.098332 0.062604 0.170250 0.004622 0.053864 0.020706 0.063410 -0.050721 -0.030512 -0.058223 0.053555 -0.103072 -0.297845 0.027269 0.130337 -0.133895 -0.094557 -0.297087 -0.104289 0.072718 -0.218679 -0.093435 -0.115012 -0.312997 0.020806 -0.127316 -0.191289 -0.045135 -0.049411 0.328169 -0.193693 -0.082069 -0.179531 -0.215961 -0.225492 -0.360697 -0.078804 -0.030378 0.108078 -0.070389 0.016013 -0.261457 -0.133143 -0.041316
0.319535 0.381010 -0.441505 -0.275595 -0.371710 -0.249861 -0.358366 -0.036033 -0.149007 0.015946 0.435444 1.000000 0.189821 0.731902 0.102684 0.542923 0.177804 0.260200 0.043506 0.197605 -0.025861 -0.286662 -0.368479 -0.151419 -0.218826 -0.268008 -0.484832 -0.215613 0.320075 0.371651 -0.068337 -0.012305 0.008312 -0.066230 -0.089536 -0.136600 0.059080 0.111253 -0.176240 -0.115697 -0.054900 0.259411 0.234558 0.207144 -0.126512 -0.087710 0.087006 0.017823 0.191192 -0.183325 -0.183948 0.087878 -0.004374 -0.108906 -0.050342 -0.067660 0.094466 0.079878 -0.011869 -0.098952 0.231461 0.476133 0.161241 0.445907 -0.246738 0.109714 -0.330590 -0.265576 -0.045948 0.025244 -0.052667 0.088510 0.100730 0.065442 0.024687 0.052610 0.085739 0.011494 0.255309 0.313751 0.181798 0.083785 0.168563 0.353675 -0.200411 0.081325 -0.072726 -0.206547 -0.313593 -0.224623 0.045704 -0.220756 -0.232262 -0.399771 -0.200847 -0.078593 -0.218730 -0.172816 -0.183581 -0.044367 0.109125 -0.045835 -0.106412 -0.213950 -0.101462 0.016930 -0.063832 -0.333844 -0.014404 -0.115969 -0.103647 -0.007560 0.057577 -0.136870 0.106162 -0.159274
0.440054 -0.114620 0.319242 0.092382 0.070080 0.004343 0.384896 0.214190 0.393194 0.010851 0.609619 0.189821 1.000000 0.300379 0.767686 0.184057 -0.285155 -0.377355 -0.230398 -0.226559 0.032776 -0.108138 0.213058 0.074626 -0.261255 -0.278036 -0.025025 0.171576 -0.071815 -0.243001 0.107218 -0.119593 -0.443515 -0.194032 0.003487 -0.002034 -0.105585 -0.073812 -0.056525 -0.118759 0.007251 0.078844 0.190069 0.354106 0.011423 -0.018211 0.023989 0.161093 0.111089 0.004081 0.367844 0.335222 0.069296 -0.011852 0.012824 -0.050852 -0.102683 -0.139008 -0.296397 -0.253867 0.394934 -0.111080 -0.068171 -0.271375 0.293547 0.296175 -0.472473 -0.073605 -0.080404 0.126223 0.149497 -0.188333 -0.133893 -0.014361 0.094202 0.042431 0.189224 0.011294 -0.130030 -0.160029 -0.356279 -0.260190 0.157928 -0.337848 0.014016 -0.137709 0.300151 0.045521 0.379084 -0.216745 -0.083483 0.122123 0.002192 0.126724 0.004613 -0.264133 0.046139 -0.039197 -0.256134 -0.040956 -0.322253 0.102035 -0.170682 -0.363938 -0.150177 -0.387187 -0.205496 -0.191787 -0.121230 -0.122741 0.004235 -0.261611 -0.131886 -0.045896 -0.336801 -0.090859
0.406160 0.429021 -0.297652 -0.260500 -0.274435 -0.019173 -0.190653 -0.056432 -0.178597 0.052599 0.436751 0.731902 0.300379 1.000000 0.363192 0.514640 0.009746 0.100135 0.014785 0.098504 0.064183 -0.327821 -0.345600 -0.162459 -0.180560 -0.307471 -0.332842 -0.169522 0.309013 0.167063 -0.114710 -0.165510 -0.047111 -0.295719 -0.244733 -0.239427 -0.052998 0.104250 -0.091952 -0.050625 -0.110703 0.275439 0.119961 0.184667 -0.304391 -0.230836 0.024360 0.008106 0.131637 -0.017071 -0.210236 0.285422 0.267409 0.160466 0.043562 0.088229 0.123347 0.216128 0.042145 0.033584 0.205412 0.370128 0.141590 0.175107 -0.265148 0.067900 -0.378801 -0.344797 -0.006043 0.233183 -0.152973 -0.063815 -0.014214 0.029551 -0.015843 -0.025396 -0.101904 -0.047202 0.113971 0.137609 0.065878 -0.011979 0.267086 0.383687 -0.258839 0.215648 0.112847 -0.164362 -0.198842 -0.102338 0.219411 -0.113046 -0.147635 -0.205455 -0.129424 -0.092750 -0.224252 -0.119778 -0.048474 0.013941 0.139925 0.230252 0.001691 -0.063951 -0.109828 -0.061064 -0.081702 -0.289128 -0.137536 -0.079583 -0.053767 -0.040135 0.216170 -0.097270 0.082770 -0.091432
0.300916 -0.057175 0.368507 -0.067593 0.133812 -0.074049 0.336687 0.068214 0.365613 0.003556 0.640328 0.102684 0.767686 0.363192 1.000000 0.295434 -0.291777 -0.373995 -0.186018 -0.346411 0.045428 -0.084283 0.109255 -0.028179 -0.107878 -0.286813 0.082506 0.121867 0.134678 -0.167823 0.073884 -0.125259 -0.495916 -0.273711 -0.183767 0.006636 -0.046009 -0.083089 0.028109 -0.098025 -0.129470 0.115405 0.147522 0.347600 -0.100861 -0.093967 0.019231 0.322997 0.038175 0.104471 0.273819 0.344260 0.182001 0.161524 0.203539 0.160674 -0.150041 -0.150023 -0.229660 -0.131785 0.329016 -0.196708 -0.040852 -0.359287 0.103167 0.115780 -0.473416 -0.088686 -0.195687 0.061915 0.066471 -0.283462 -0.044584 -0.100864 -0.013598 0.028957 -0.022476 0.024034 -0.136542 -0.160296 -0.288632 -0.219102 0.221353 -0.165424 -0.178545 -0.081456 0.382602 -0.075091 0.175975 -0.221571 0.085865 0.354513 0.234456 0.361700 0.086554 -0.067467 0.091952 0.091790 -0.179772 0.130117 -0.121337 0.346844 -0.030834 -0.192835 -0.181979 -0.307568 -0.251429 -0.197863 -0.030737 0.087851 0.206688 -0.021778 0.072544 -0.036778 -0.168574 0.031215
0.067669 0.290969 -0.387771 -0.009317 -0.299925 -0.003475 -0.279756 0.175405 -0.052191 0.356066 0.154552 0.542923 0.184057 0.514640 0.295434 1.000000 0.134327 0.080782 -0.024798 -0.062605 -0.104133 -0.171762 -0.253517 0.030567 -0.122730 -0.094473 -0.391439 -0.149181 0.383221 0.447916 -0.141378 0.051259 -0.344248 -0.213441 -0.330403 -0.317433 0.197616 0.095241 0.046166 0.001716 0.086507 0.380931 -0.178346 -0.173792 -0.427160 -0.382985 0.060361 -0.020982 -0.078750 -0.265159 -0.336625 -0.051655 0.129983 0.021269 0.107162 0.191916 -0.051560 0.074623 -0.092484 0.119448 0.098954 0.331517 0.235953 0.345242 -0.167374 0.068819 -0.423186 -0.520035 0.059982 -0.089723 -0.046459 0.002512 0.189596 0.101514 0.163131 0.301793 0.037847 0.060612 0.196238 0.161982 0.201120 0.172942 0.261451 0.487081 -0.118803 -0.047663 -0.049727 -0.136585 -0.096829 -0.076075 0.012275 -0.305844 0.124470 -0.066758 0.019785 0.246235 -0.193653 0.125301 -0.364118 -0.069877 0.038187 -0.091511 0.088760 -0.272661 -0.125896 -0.183010 -0.166394 -0.236807 -0.075597 -0.094266 -0.256966 0.010140 -0.155228 -0.049221 -0.049158 -0.036326
0.191107 0.437943 -0.575672 -0.176775 -0.413127 -0.283109 -0.476798 -0.267359 -0.453569 -0.095650 0.005543 0.177804 -0.285155 0.009746 -0.291777 0.134327 1.000000 0.724030 0.340533 0.126078 -0.135448 0.020842 -0.399658 -0.267785 -0.186753 -0.082621 -0.469846 -0.431231 0.498564 0.611012 -0.257500 0.004523 0.249112 -0.003576 0.071244 -0.322575 0.050789 0.102465 -0.249442 -0.143417 0.049495 0.273487 -0.051705 -0.212057 -0.180582 -0.112116 -0.050029 -0.197183 -0.142040 -0.198393 -0.392388 -0.472278 -0.010199 -0.136265 -0.050970 -0.074967 0.514466 0.480975 0.257453 0.257869 0.035714 0.202932 0.626923 0.558217 -0.295696 -0.336542 0.179988 -0.370122 0.210156 -0.000691 -0.048797 0.276951 0.366750 0.206666 0.062485 0.170485 0.230274 0.036785 0.547278 0.478472 0.766245 0.678951 0.188892 0.443672 0.042331 0.015036 -0.376378 -0.224635 -0.407973 -0.181001 -0.185114 -0.392586 -0.306453 -0.258583 -0.231562 0.029531 -0.298839 -0.347877 -0.052585 -0.084164 0.004807 -0.113055 -0.118760 -0.100647 -0.114270 0.042622 -0.084337 -0.358763 -0.395249 -0.251506 -0.290295 0.117528 -0.335220 -0.263063 -0.000860 0.001305
0.066648 0.546414 -0.565544 -0.488680 -0.524854 -0.358562 -0.632951 -0.551441 -0.562254 -0.351884 -0.005544 0.260200 -0.377355 0.100135 -0.373995 0.080782 0.724030 1.000000 0.313944 0.292855 -0.155976 -0.076706 -0.398973 -0.313689 -0.248066 -0.211588 -0.412657 -0.301501 0.456312 0.618618 -0.196206 -0.021923 0.271847 0.081782 -0.108331 -0.268441 0.216649 0.378175 -0.052377 0.061633 0.121547 0.302750 -0.066676 -0.247686 -0.247950 -0.219348 -0.026654 -0.295786 -0.092766 -0.103314 -0.522752 -0.342384 -0.062825 -0.305689 0.104770 0.045514 0.378377 0.565176 0.282377 0.358332 -0.088120 0.403396 0.386639 0.645089 -0.516378 -0.425489 0.082148 -0.442851 0.302151 0.019450 0.016958 0.382946 0.456599 0.311572 0.129443 0.137377 0.324980 0.171792 0.505596 0.563705 0.668532 0.716014 0.259216 0.576404 -0.137701 0.038778 -0.297326 -0.005091 -0.553543 -0.060636 -0.199800 -0.384509 -0.429624 -0.380688 -0.319833 -0.024122 -0.140671 -0.293183 0.157751 0.000992 0.075887 -0.032933 0.064589 0.003954 0.079923 0.232351 0.060686 -0.276133 -0.219707 -0.110679 -0.120100 0.129319 -0.089561 -0.262217 0.236117 -0.038643
0.195639 0.524113 -0.209934 -0.289413 -0.169460 -0.336314 -0.127236 -0.273286 -0.296839 -0.236848 -0.146345 0.043506 -0.230398 0.014785 -0.186018 -0.024798 0.340533 0.313944 1.000000 0.528331 -0.280313 -0.261360 -0.139950 -0.284464 -0.160457 -0.333125 -0.289117 -0.515912 0.398016 0.248001 -0.050124 0.073416 0.178788 0.105600 -0.101672 -0.195953 -0.108104 -0.114346 -0.145922 -0.319651 -0.240061 -0.110468 -0.291002 -0.304530 -0.372622 -0.393167 -0.262873 -0.256763 -0.170438 -0.206686 -0.424549 -0.353414 0.069055 0.096373 -0.052215 -0.252182 0.069573 0.201034 0.304455 0.391871 -0.192742 0.150587 0.212967 0.256963 -0.156322 -0.348255 0.255683 -0.177859 0.178117 0.274252 -0.308330 0.012510 0.239682 -0.051333 -0.089494 -0.011408 0.069362 -0.146168 0.079897 0.152749 0.178924 0.149042 0.361789 0.317675 -0.106491 -0.116577 0.009981 -0.276271 -0.183461 0.026679 0.158705 0.024898 -0.107422 -0.103833 0.053531 0.179414 -0.093831 -0.024705 0.167510 0.280430 0.155411 0.276478 0.404702 0.264369 0.249014 0.335877 0.291310 0.122683 0.014733 0.106196 -0.033578 0.132296 0.136605 0.104364 0.220368 0.146496
0.138710 0.335722 -0.354990 -0.076981 -0.142737 -0.135260 -0.363772 -0.207317 -0.167586 -0.003676 -0.131993 0.197605 -0.226559 0.098504 -0.346411 -0.062605 0.126078 0.292855 0.528331 1.000000 -0.276879 -0.227910 -0.087501 0.115356 -0.180188 -0.224556 -0.192067 -0.166086 0.143677 0.119735 -0.079532 0.011141 0.288986 0.262369 -0.081716 -0.077506 -0.054726 0.043783 -0.244065 -0.088631 0.020239 0.005935 -0.075810 -0.257219 -0.236792 -0.115813 0.110847 -0.152432 0.097819 0.048457 -0.386712 -0.020009 -0.091600 0.245423 -0.226042 -0.031754 -0.042837 0.060760 -0.054472 0.201234 -0.444282 0.044778 -0.087048 0.123061 -0.240195 -0.161609 -0.073245 -0.089595 0.251151 0.376231 -0.227475 0.066411 -0.009184 0.143434 0.060975 -0.124476 0.071497 -0.278011 0.251346 0.199926 0.119768 0.117246 0.127949 0.252476 -0.038264 0.181954 -0.201494 0.011124 -0.171798 0.064225 0.126381 -0.148852 -0.148793 -0.219594 -0.092523 -0.022694 -0.164771 -0.081855 0.118617 0.019781 0.107154 0.084920 0.164802 0.127269 0.272090 0.308122 0.188583 -0.034498 0.042942 -0.047103 -0.149162 -0.011060 0.021563 -0.150513 0.228337 0.150632
0.012686 -0.230695 0.149360 -0.099679 0.003029 0.184053 0.054944 -0.107029 -0.090015 -0.234145 0.100543 -0.025861 0.032776 0.064183 0.045428 -0.104133 -0.135448 -0.155976 -0.280313 -0.276879 1.000000 0.412888 -0.034223 -0.101444 -0.058392 0.044245 0.275381 0.361260 0.016059 -0.065274 0.065967 -0.063250 0.043952 -0.081697 0.023579 -0.090302 0.203142 0.106092 0.408231 0.340476 0.128448 0.155946 -0.010225 0.026813 0.111606 0.031894 0.064514 0.243798 0.093926 -0.111670 0.167707 -0.010843 0.015738 -0.174732 0.180782 0.285512 0.153590 0.170688 -0.134199 -0.243910 0.102253 -0.197298 -0.094872 -0.251637 -0.012638 -0.093560 -0.002452 0.104293 -0.097035 0.003206 0.198154 -0.125657 0.080421 0.084328 0.048615 0.030974 -0.088677 0.123370 -0.022697 0.163639 0.047435 0.025661 -0.134637 0.051222 0.212797 0.221588 -0.066914 0.350066 -0.001603 0.183315 -0.087582 0.009305 -0.179295 -0.053102 0.112267 -0.007963 0.341828 0.140083 0.089257 0.129908 0.044586 0.007993 -0.251195 -0.059949 -0.340800 -0.243054 -0.289606 -0.207123 0.024069 0.144447 0.219109 -0.127315 0.069855 -0.153895 -0.084537 -0.181206
-0.027310 -0.214768 0.076012 0.075949 0.079579 0.042508 -0.009317 -0.007748 -0.032012 -0.098454 -0.046104 -0.286662 -0.108138 -0.327821 -0.084283 -0.171762 0.020842 -0.076706 -0.261360 -0.227910 0.412888 1.000000 -0.014576 -0.127687 -0.079119 0.015822 0.132830 -0.087602 -0.116186 0.065642 0.021708 0.188045 0.172125 0.005106 0.032994 0.087173 0.114647 -0.063740 0.249602 0.162664 0.091464 0.063465 -0.054460 -0.118467 0.235219 0.051136 0.083912 0.080880 0.058518 -0.079331 0.157208 -0.127514 -0.063249 -0.198742 0.083817 -0.043941 0.187595 0.119527 0.044306 -0.064908 0.109773 -0.230064 0.049227 -0.123238 -0.114812 -0.185417 0.061835 0.042201 0.006069 -0.198384 0.266635 0.023411 0.380798 0.320052 0.294373 0.360644 0.181891 0.237246 -0.160243 -0.036500 0.072559 0.043746 -0.214966 -0.100337 0.047193 -0.063715 -0.148864 0.221523 0.062831 0.196382 -0.232597 -0.021150 -0.154485 -0.005159 0.114172 0.151505 0.238644 0.147753 -0.017330 0.193989 -0.005456 -0.137677 -0.040197 -0.026944 -0.226444 -0.344142 -0.218386 0.059965 -0.010648 0.130865 0.038399 0.183140 -0.010794 0.082375 -0.194255 -0.079461
-0.285547 -0.474650 0.587624 0.310010 0.523077 0.267869 0.554097 0.001326 0.351917 -0.019587 -0.315323 -0.368479 0.213058 -0.345600 0.109255 -0.253517 -0.399658 -0.398973 -0.139950 -0.087501 -0.034223 -0.014576 1.000000 0.526998 0.540477 0.390108 0.532302 0.407207 -0.277038 -0.350911 0.573523 0.371166 -0.182413 0.361541 0.400102 0.375207 -0.082382 -0.263046 0.055577 0.060677 0.254291 -0.276282 0.071091 0.043125 0.229579 0.097129 -0.078298 -0.003219 -0.081026 0.012185 0.280738 0.067924 -0.178721 0.060323 -0.138315 -0.055328 -0.301008 -0.409184 -0.330454 -0.312527 -0.329596 -0.459566 -0.376205 -0.475758 0.382581 -0.119996 0.044373 0.275978 -0.078613 -0.084353 -0.071182 -0.142422 -0.263309 -0.234268 -0.174446 -0.184199 0.010995 -0.082760 -0.164291 -0.131890 -0.331791 -0.148362 0.020106 -0.316482 0.507856 -0.047023 0.193446 0.240392 0.532025 0.065296 -0.151340 0.265000 0.153098 0.230661 -0.053926 -0.013577 0.167912 -0.008330 0.078046 -0.027792 -0.350113 -0.236496 -0.171043 -0.271153 -0.078356 -0.184010 -0.155618 -0.010845 -0.039740 -0.176872 0.126181 -0.134654 -0.108890 -0.031390 -0.341770 -0.068147
-0.300960 -0.350663 0.165676 0.642856 0.285492 0.490495 0.168537 0.365674 0.341530 0.496643 -0.269224 -0.151419 0.074626 -0.162459 -0.028179 0.030567 -0.267785 -0.313689 -0.284464 0.115356 -0.101444 -0.127687 0.526998 1.000000 0.302261 0.457215 0.297532 0.405252 -0.423327 -0.246241 0.169000 0.217136 -0.196634 0.190950 0.120679 0.084559 -0.129486 -0.085678 -0.089445 0.172538 0.282229 -0.219378 -0.106772 -0.159084 0.080466 0.156508 0.003114 -0.147676 -0.030461 0.112730 0.164274 0.207201 -0.147129 0.160608 -0.333717 0.097567 -0.131928 -0.249768 -0.494755 -0.265936 -0.369806 -0.413061 -0.306372 -0.429916 0.357506 0.182203 -0.151344 0.204075 0.075618 0.086672 -0.211413 -0.153171 -0.500873 -0.221882 -0.083410 -0.371668 -0.269124 -0.408601 0.020679 -0.096162 -0.123755 -0.040427 -0.224196 -0.161446 0.366052 0.258072 -0.023571 0.261522 0.471001 0.153117 0.031775 -0.072222 0.372308 0.017087 -0.114427 0.041428 -0.241213 -0.094565 -0.076623 -0.355604 -0.329282 -0.387996 -0.329628 -0.352511 -0.032424 -0.150013 -0.126654 -0.125208 -0.204464 -0.318487 -0.284902 -0.151892 -0.233326 -0.100606 -0.238358 0.043490
-0.594677 -0.400519 0.199195 0.166038 0.418275 0.208475 0.329129 0.009014 0.239015 0.210523 -0.456915 -0.218826 -0.261255 -0.180560 -0.107878 -0.122730 -0.186753 -0.248066 -0.160457 -0.180188 -0.058392 -0.079119 0.540477 0.302261 1.000000 0.663095 0.382253 0.220084 -0.027417 0.018041 0.574455 0.503877 0.030360 0.487639 0.311507 0.368543 -0.106280 -0.268545 -0.046285 0.040334 0.108832 -0.163043 0.199277 0.175351 0.219628 0.235382 0.042601 0.040605 -0.318540 0.020590 0.058076 -0.125207 -0.340490 0.073787 -0.216396 -0.095894 -0.288533 -0.371501 -0.127050 -0.238096 -0.398431 -0.256029 -0.282280 -0.269910 0.216556 -0.152821 0.299827 0.225784 -0.291368 -0.209701 -0.092770 -0.063885 -0.198284 -0.229439 -0.272701 -0.123767 -0.133832 -0.070060 0.080784 0.126412 -0.052872 -0.004477 0.045554 0.001956 0.342224 -0.009929 0.097316 -0.137883 0.177724 -0.137333 -0.049897 0.221536 0.264856 0.294570 -0.203044 0.104536 -0.073074 -0.122746 0.110349 -0.103072 -0.023500 -0.183449 -0.025018 -0.150446 -0.144897 -0.015734 -0.198995 -0.014085 0.046390 -0.051751 0.126840 0.003768 0.009655 0.021185 -0.117841 -0.028968
-0.561850 -0.508548 0.055811 0.452736 0.203616 0.473755 0.221678 0.278753 0.150964 0.402544 -0.463750 -0.268008 -0.278036 -0.307471 -0.286813 -0.094473 -0.082621 -0.211588 -0.333125 -0.224556 0.044245 0.015822 0.390108 0.457215 0.663095 1.000000 0.270894 0.323701 -0.099278 -0.007204 0.330555 0.389683 0.108464 0.343959 0.347780 0.094325 -0.068967 -0.064514 0.009258 0.204939 0.272151 -0.041944 0.063718 0.022867 0.250855 0.278089 0.145615 -0.052030 -0.325089 -0.089482 0.050382 -0.194204 -0.356275 -0.025191 -0.318539 -0.012655 -0.201318 -0.302933 -0.249664 -0.372958 -0.352849 -0.354048 -0.150914 -0.236557 0.428178 0.016235 0.213377 0.120253 -0.246623 -0.359353 -0.024998 -0.026129 -0.183433 -0.040165 -0.068095 -0.129851 -0.175515 -0.053230 0.222289 0.006735 0.131687 0.078195 -0.153632 0.014014 0.515145 0.132081 -0.007622 0.063908 0.370995 0.063531 -0.102256 -0.078301 0.231401 0.075468 -0.251206 0.070851 -0.205125 -0.162395 0.076835 -0.277933 -0.161344 -0.485279 -0.323619 -0.294580 -0.349473 -0.144155 -0.369049 -0.191365 -0.041595 -0.156130 -0.114372 -0.159090 -0.129689 -0.124543 -0.199589 -0.004304
-0.294216 -0.430580 0.515040 0.167141 0.626996 0.349077 0.518121 -0.004987 0.455790 -0.024227 -0.248793 -0.484832 -0.025025 -0.332842 0.082506 -0.391439 -0.469846 -0.412657 -0.289117 -0.192067 0.275381 0.132830 0.532302 0.297532 0.382253 0.270894 1.000000 0.455318 -0.329240 -0.467533 0.390818 0.108100 0.000535 0.202709 0.230013 0.316009 -0.052453 -0.210166 0.198479 0.181944 0.069473 -0.355800 0.031766 0.017026 0.233808 0.178971 -0.092777 0.033424 0.012649 0.191725 0.277386 0.110730 -0.067473 0.090712 -0.036298 0.101516 -0.309073 -0.329075 -0.214846 -0.249125 -0.129750 -0.453608 -0.287525 -0.494018 0.319767 -0.004925 0.147245 0.394700 -0.146242 -0.168255 0.062485 -0.239562 -0.296324 -0.318730 -0.194976 -0.284045 -0.211805 -0.108784 -0.231168 -0.174155 -0.351668 -0.216700 -0.257300 -0.323844 0.220908 0.056495 0.089945 0.204857 0.283317 0.258114 0.045114 0.241565 0.197652 0.250078 0.183993 0.079159 0.228562 0.177082 0.023917 -0.097263 -0.031900 0.010174 -0.157304 0.004898 -0.093005 -0.039872 -0.071784 0.114174 0.263660 0.060440 0.152896 -0.209813 0.154537 0.126369 -0.054879 -0.048745
-0.149303 -0.479488 0.479643 0.185026 0.277040 0.433259 0.172510 -0.008713 0.175208 -0.060455 0.015526 -0.215613 0.171576 -0.169522 0.121867 -0.149181 -0.431231 -0.301501 -0.515912 -0.166086 0.361260 -0.087602 0.407207 0.405252 0.220084 0.323701 0.455318 1.000000 -0.365430 -0.437014 0.104536 -0.197417 -0.242019 -0.083127 -0.024540 0.013650 0.171163 0.259839 0.287705 0.457127 0.183720 0.010230 0.054260 0.200051 0.116101 0.160432 0.226909 0.245332 0.036722 0.153379 0.358804 0.228533 -0.089053 -0.004043 0.099174 0.449609 -0.313316 -0.324968 -0.304942 -0.231192 -0.080689 -0.302496 -0.364602 -0.422480 0.264642 0.181895 -0.152838 0.198711 -0.027070 -0.134263 0.069317 -0.161897 -0.418820 -0.082590 -0.052664 -0.278115 -0.132299 -0.086319 0.012064 -0.099751 -0.219634 -0.116483 -0.182293 -0.308405 0.393002 0.297404 0.089635 0.415909 0.349761 0.142675 -0.051388 0.028417 0.083806 0.152559 -0.017213 -0.188146 0.174283 0.071674 0.070151 -0.214605 -0.235643 -0.174386 -0.268581 -0.192613 -0.133155 -0.115897 -0.194911 -0.138053 0.048024 -0.019836 0.104143 -0.243915 -0.097879 -0.237372 -0.106939 -0.043922
0.053920 0.367106 -0.521740 -0.486223 -0.363673 -0.409348 -0.260309 -0.442895 -0.275291 -0.167602 0.140979 0.320075 -0.071815 0.309013 0.134678 0.383221 0.498564 0.456312 0.398016 0.143677 0.016059 -0.116186 -0.277038 -0.423327 -0.027417 -0.099278 -0.329240 -0.365430 1.000000 0.694819 0.164010 0.237676 0.117400 0.100652 -0.157880 -0.300724 0.114674 0.139578 0.014829 -0.065530 0.060457 0.374301 -0.025632 -0.083677 -0.322848 -0.291371 0.170406 -0.035080 -0.290395 -0.204136 -0.571703 -0.394624 -0.136879 -0.078519 0.036975 0.056807 0.068354 0.286575 0.050589 0.097661 -0.155785 0.103738 0.312266 0.342692 -0.286258 -0.519981 -0.045795 -0.513680 -0.048954 0.035792 0.007912 0.087301 0.553677 0.129867 0.039232 0.241861 0.235469 0.142401 0.548890 0.584510 0.630812 0.611054 0.617926 0.723120 0.099932 0.097749 -0.025280 -0.209988 -0.281489 -0.204453 -0.078649 -0.158159 -0.165402 -0.091234 -0.184417 0.095116 -0.035261 -0.110866 -0.003320 0.198296 0.136990 0.092219 0.032626 -0.104073 -0.283300 -0.037138 -0.265686 -0.418621 -0.125705 0.086359 0.068821 0.094804 -0.040557 -0.316879 0.147390 0.006154
-0.075687 0.322713 -0.620763 -0.339730 -0.494320 -0.360108 -0.434598 -0.220658 -0.313438 -0.011127 -0.031880 0.371651 -0.243001 0.167063 -0.167823 0.447916 0.611012 0.618618 0.248001 0.119735 -0.065274 0.065642 -0.350911 -0.246241 0.018041 -0.007204 -0.467533 -0.437014 0.694819 1.000000 0.033923 0.392725 0.098252 0.244449 -0.180298 -0.186393 0.235949 0.251696 -0.045432 0.009802 0.194876 0.437310 -0.006318 -0.158823 -0.198876 -0.219874 0.018593 -0.195601 -0.226187 -0.309470 -0.509450 -0.500688 -0.239097 -0.276459 -0.020199 -0.035057 0.257233 0.321046 0.028798 0.048515 -0.167344 0.264991 0.367269 0.550972 -0.399457 -0.437369 -0.033415 -0.472453 0.103491 -0.004809 0.097847 0.197534 0.607725 0.320370 0.289432 0.318772 0.340955 0.211236 0.544285 0.570006 0.676470 0.629131 0.394691 0.721810 -0.039923 -0.115559 -0.211204 -0.166211 -0.369888 -0.218645 -0.248715 -0.387887 -0.190846 -0.238967 -0.330875 0.254289 -0.128233 -0.188708 -0.077568 0.022791 -0.012520 -0.198311 -0.005438 -0.230157 -0.201166 -0.056431 -0.184565 -0.327658 -0.200727 0.006331 -0.150039 0.127122 -0.199948 -0.300577 0.009077 -0.047543
-0.307345 -0.368650 0.259051 -0.022024 0.312765 -0.058040 0.540906 -0.099618 0.260174 -0.066497 -0.141309 -0.068337 0.107218 -0.114710 0.073884 -0.141378 -0.257500 -0.196206 -0.050124 -0.079532 0.065967 0.021708 0.573523 0.169000 0.574455 0.330555 0.390818 0.104536 0.164010 0.033923 1.000000 0.740065 0.089624 0.650091 0.424244 0.403163 -0.218870 -0.279990 0.005260 -0.152604 0.273015 -0.092043 0.108133 0.095941 0.207355 0.031203 -0.076089 -0.186562 -0.284451 -0.107860 0.035400 -0.168521 -0.450473 -0.155098 -0.203263 -0.243372 -0.084346 -0.165356 -0.202368 -0.329756 -0.222717 -0.289063 -0.217970 -0.254436 0.251931 -0.311388 0.264250 0.139627 -0.343538 -0.065343 0.191445 0.077200 0.159640 -0.174017 -0.138702 -0.028828 0.198940 0.132146 0.024616 0.216347 -0.146924 -0.024243 0.290819 0.104743 0.347118 -0.112316 0.163831 -0.065483 0.241414 -0.098954 -0.307992 0.131082 -0.102895 0.012739 -0.381009 -0.086164 0.095949 -0.252350 0.046110 -0.001719 -0.274694 -0.186313 -0.246495 -0.288765 -0.136829 -0.048990 -0.257644 -0.147266 0.042694 -0.056856 0.093023 -0.227424 0.010493 -0.186503 -0.214549 -0.267222
-0.422315 -0.249554 -0.016889 0.097761 0.077787 -0.074079 0.292840 0.019222 0.122212 0.079053 -0.324982 -0.012305 -0.119593 -0.165510 -0.125259 0.051259 0.004523 -0.021923 0.073416 0.011141 -0.063250 0.188045 0.371166 0.217136 0.503877 0.389683 0.108100 -0.197417 0.237676 0.392725 0.740065 1.000000 0.127203 0.705083 0.305906 0.302282 -0.146564 -0.200384 -0.025821 -0.164597 0.293020 0.043366 0.019600 -0.127996 0.183845 -0.023558 -0.122402 -0.264649 -0.358629 -0.295039 -0.188588 -0.408353 -0.368625 -0.157240 -0.229837 -0.272950 0.044440 -0.069992 -0.261607 -0.304846 -0.374731 -0.261917 -0.071163 -0.094388 0.076667 -0.459541 0.229631 0.048414 -0.289575 -0.081036 0.121560 0.214392 0.356260 0.063820 0.089094 0.189168 0.191382 0.196273 0.153839 0.227583 0.072382 0.130833 0.342041 0.344772 0.251066 -0.167693 0.067672 -0.026563 0.150693 -0.071685 -0.291259 -0.072340 -0.027744 -0.095975 -0.404693 0.160027 -0.055329 -0.224149 0.005580 -0.009647 -0.246401 -0.419284 -0.129693 -0.319208 -0.072395 -0.049572 -0.159744 -0.081581 -0.034607 -0.022500 -0.030162 0.034664 -0.147185 -0.111540 -0.197430 -0.172701
-0.041591 0.179338 -0.290795 -0.067565 -0.005038 0.020526 -0.176856 -0.228720 -0.209123 -0.158529 -0.254428 0.008312 -0.443515 -0.047111 -0.495916 -0.344248 0.249112 0.271847 0.178788 0.288986 0.043952 0.172125 -0.182413 -0.196634 0.030360 0.108464 0.000535 -0.242019 0.117400 0.098252 0.089624 0.127203 1.000000 0.252116 0.211693 -0.081027 -0.140698 -0.119376 -0.128782 -0.112718 0.163098 0.035212 0.012420 -0.069614 0.080111 0.049765 0.074960 -0.372526 0.118972 0.165789 -0.134125 -0.075857 -0.112563 0.083406 -0.106806 -0.163503 0.252413 0.278400 0.253628 0.008573 -0.226739 -0.006418 0.034303 0.141895 -0.144737 -0.272124 0.457088 -0.014595 0.071471 -0.037622 0.065065 0.363585 0.202635 0.185334 0.069602 -0.020256 0.024297 -0.075078 0.218897 0.263910 0.216537 0.095128 -0.147240 0.160586 0.038153 0.138111 -0.262581 0.002891 -0.141091 0.100246 -0.153394 -0.180442 -0.374390 -0.246801 -0.281205 -0.192384 -0.090322 -0.369863 0.318778 0.038053 0.082049 -0.092455 -0.089850 0.044110 0.035465 0.164225 0.035333 -0.101331 -0.093549 -0.128544 -0.142763 -0.059042 -0.050954 -0.164880 0.031013 -0.163680
-0.401328 -0.281086 -0.023141 0.028014 0.139576 -0.069373 0.268466 -0.050861 0.161485 0.086385 -0.333579 -0.066230 -0.194032 -0.295719 -0.273711 -0.213441 -0.003576 0.081782 0.105600 0.262369 -0.081697 0.005106 0.361541 0.190950 0.487639 0.343959 0.202709 -0.083127 0.100652 0.244449 0.650091 0.705083 0.252116 1.000000 0.472115 0.510370 -0.124992 -0.264438 -0.171057 -0.220807 0.196767 -0.046031 0.114238 -0.087800 0.271920 0.157247 -0.154424 -0.221245 -0.249629 -0.165839 -0.114577 -0.363159 -0.519825 -0.253230 -0.323470 -0.331987 -0.026044 -0.145262 -0.250854 -0.282900 -0.386931 -0.271804 -0.240822 -0.083714 0.133240 -0.302244 0.369237 0.245966 -0.214581 0.014518 0.196453 0.171104 0.208721 0.034056 -0.050285 0.098287 0.198842 0.080694 0.242515 0.284784 0.058563 0.113733 0.159198 0.180153 0.228145 -0.265692 -0.180415 0.027571 0.059276 -0.155760 -0.393681 0.030577 -0.102078 0.012607 -0.384916 -0.068285 -0.127684 -0.289872 0.001928 -0.040404 -0.253846 -0.249878 -0.141512 -0.181304 -0.000873 0.104468 -0.054314 -0.103575 0.074993 -0.134210 -0.022703 -0.110849 -0.141969 -0.205796 -0.136272 -0.237036
-0.221146 -0.356079 0.125669 0.150515 0.361458 -0.025127 0.311561 0.074890 0.213764 -0.034077 -0.139096 -0.089536 0.003487 -0.244733 -0.183767 -0.330403 0.071244 -0.108331 -0.101672 -0.081716 0.023579 0.032994 0.400102 0.120679 0.311507 0.347780 0.230013 -0.024540 -0.157880 -0.180298 0.424244 0.305906 0.211693 0.472115 1.000000 0.434134 -0.187844 -0.348843 -0.087362 -0.134182 0.077900 -0.125195 0.300719 0.103762 0.478232 0.405003 -0.103396 -0.019784 -0.029711 -0.080696 0.205320 -0.172069 -0.279007 -0.012312 -0.137970 -0.313170 0.066878 -0.158039 -0.138767 -0.350772 0.003233 -0.283820 -0.014135 -0.153739 0.321976 -0.045182 0.382364 0.241406 -0.378703 -0.164774 0.162765 0.203953 -0.090385 -0.130438 -0.193790 -0.084655 -0.015190 0.062637 0.008642 0.022729 -0.033532 0.001531 -0.011819 -0.217452 0.286735 -0.165438 -0.008594 0.013993 0.193305 -0.079817 -0.234099 0.135823 -0.155283 -0.089869 -0.192879 -0.123578 -0.102227 -0.216421 -0.075602 -0.189288 -0.133572 -0.223242 -0.279636 -0.196410 -0.233327 -0.147065 -0.174072 -0.185140 -0.043039 -0.246377 0.012894 -0.248521 -0.143022 -0.097956 -0.314171 -0.223307
-0.158884 -0.548174 0.372860 -0.014785 0.334908 -0.048470 0.427155 0.028655 0.266451 -0.032032 -0.062100 -0.136600 -0.002034 -0.239427 0.006636 -0.317433 -0.322575 -0.268441 -0.195953 -0.077506 -0.090302 0.087173 0.375207 0.084559 0.368543 0.094325 0.316009 0.013650 -0.300724 -0.186393 0.403163 0.302282 -0.081027 0.510370 0.434134 1.000000 -0.253848 -0.330286 0.065347 -0.256064 -0.115630 -0.209030 0.386109 0.263371 0.625808 0.538413 -0.043146 0.181693 0.146285 0.117839 0.274199 0.016963 -0.252343 -0.125649 -0.125517 -0.326422 -0.050136 -0.485592 -0.093802 -0.345838 0.062901 -0.202719 -0.158542 -0.219380 0.145967 0.039660 0.232146 0.586844 -0.359476 -0.154004 0.121937 -0.014182 -0.105433 -0.219462 -0.303428 -0.029708 -0.139247 -0.009138 -0.338357 -0.294488 -0.320569 -0.307975 -0.094585 -0.290515 0.028984 -0.358943 -0.052726 -0.049895 0.122044 -0.222076 -0.118164 0.305372 0.067498 0.227280 -0.126904 -0.209731 -0.003336 -0.074551 -0.121870 -0.062259 -0.087547 0.047455 -0.193226 0.084415 0.166901 0.202450 0.151362 0.218934 0.088516 -0.129577 0.242107 -0.018172 0.046942 0.061597 -0.019499 0.099709
