1.000000 0.285336 -0.205572 -0.359366 -0.073780 -0.003118 -0.224061 -0.287539 0.076385 -0.070007 0.567685 0.445429 0.543553 0.408816 0.363271 0.568703 0.341403 0.446329 0.239292 0.311478 -0.294851 -0.006535 -0.170412 -0.415076 -0.411117 -0.371318 -0.268837 -0.322044 0.471727 0.357486 -0.345103 -0.170469 -0.048811 -0.008215 -0.245262 -0.512503 0.086814 -0.251811 -0.089250 -0.321499 -0.152300 0.057260 -0.264022 -0.188145 -0.248911 -0.178282 -0.119671 -0.342137 -0.139182 -0.137263 -0.063337 0.081353 0.280344 0.023229 -0.108679 -0.113915 0.419024 0.043673 -0.235204 -0.125506 0.085311 0.116154 0.342725 0.133103 -0.246653 -0.326733 -0.525374 -0.478606 -0.032228 0.112104 0.034183 -0.338165 0.309605 0.100812 0.283867 0.133357 0.119097 -0.134297 0.207594 0.111568 0.227112 0.470771 0.201360 0.446039 -0.279935 -0.153202 0.032204 0.037641 0.016562 0.191555 -0.121341 -0.067800 -0.118470 0.141004 0.109854 0.102334 -0.051383 -0.123581 -0.027307 -0.000772 -0.077364 0.002448 -0.045065 -0.144528 0.023373 -0.026113 -0.026942 -0.102383 0.079965 -0.030586 -0.322375 -0.260554 -0.009891 0.021057 0.176518 0.174089
0.285336 1.000000 -0.485189 -0.013905 -0.397188 -0.104710 -0.410012 -0.156999 -0.143154 -0.082196 0.135637 0.547923 0.157175 0.514941 -0.074492 0.350990 -0.017076 0.250945 -0.092807 0.178847 -0.052983 -0.033432 -0.084937 -0.098696 -0.294844 0.043257 0.150594 -0.063448 -0.021381 0.149500 -0.393026 -0.176495 0.007888 -0.400240 -0.180131 -0.264280 -0.073007 -0.023633 -0.240003 0.185801 0.165881 -0.000122 -0.407102 -0.408973 -0.541518 -0.405153 -0.332277 -0.362240 -0.007616 -0.197687 0.140835 0.197384 0.245778 0.059041 -0.116927 -0.013262 0.455671 0.420072 0.211167 0.370699 0.378353 0.641901 -0.010059 0.535015 -0.290237 0.195664 -0.089518 -0.254000 0.327314 0.182804 -0.285710 -0.127235 -0.102685 0.101264 0.031564 0.122606 0.127490 0.037008 -0.254095 0.132661 0.071034 -0.008268 -0.069885 -0.014493 -0.028780 -0.183107 0.099197 0.212158 0.432592 0.486658 0.033750 -0.205130 -0.016485 -0.160515 0.019072 0.052388 0.144608 0.041730 0.044828 -0.114955 -0.230399 -0.198188 -0.083763 0.004263 0.138347 -0.081684 -0.039260 -0.050128 -0.003568 0.013331 -0.435395 0.006898 0.113229 0.246914 -0.082140 -0.036116
-0.205572 -0.485189 1.000000 0.175648 0.278325 0.426889 0.515723 0.322503 0.139359 0.356140 -0.002280 -0.170349 0.107312 -0.261114 0.151447 -0.252003 -0.287702 -0.286581 0.021666 0.129327 0.034524 -0.240417 0.338830 0.322693 0.182051 -0.298650 0.175421 0.280973 -0.425614 -0.478266 0.079078 0.152883 0.046364 0.284409 0.301273 0.390418 -0.059006 0.033793 0.307196 -0.265637 -0.513827 0.048871 0.155704 0.184996 0.034702 0.130853 0.066446 0.143699 -0.034724 -0.021279 -0.029896 -0.256119 -0.103747 -0.098275 -0.089780 -0.288618 -0.138712 -0.143802 0.157335 -0.308136 0.067825 -0.291178 -0.212084 -0.405194 0.534940 0.262025 0.136363 0.476113 -0.318269 0.259546 -0.122669 -0.040957 -0.255377 -0.351080 -0.158051 -0.408865 -0.215984 -0.096969 -0.153822 -0.176966 -0.222311 -0.095280 -0.217484 -0.221730 0.056507 0.069385 -0.132153 -0.251332 -0.074599 -0.403060 0.056468 0.449313 0.091013 0.353854 -0.282310 -0.214437 -0.461451 -0.165986 -0.195825 0.211844 -0.076273 -0.066536 -0.155518 -0.183376 -0.332551 -0.040579 -0.222846 0.129544 -0.046008 -0.208131 0.292727 0.295359 0.060486 -0.061079 -0.092786 -0.159702
-0.359366 -0.013905 0.175648 1.000000 0.075817 0.221964 0.156328 0.587070 0.051377 0.303100 -0.497901 0.005387 -0.349594 -0.291694 -0.261122 -0.292761 -0.517959 -0.480643 -0.282572 0.136090 0.016380 -0.281435 0.412121 0.674717 0.254675 0.241304 0.346694 0.413794 -0.594137 -0.447916 0.115495 0.418195 0.017110 0.141284 0.295692 0.431324 -0.160692 0.085313 0.124163 0.226255 -0.116140 0.006783 -0.017006 0.147204 0.091421 0.222637 -0.075973 0.135182 0.016853 0.103310 0.118048 0.034077 -0.322845 -0.055248 -0.075326 -0.158037 -0.019067 -0.017580 0.132827 -0.132937 -0.180535 -0.018721 -0.351567 -0.248902 0.475806 0.503556 0.061153 0.507142 -0.163519 0.021835 -0.169807 0.312496 -0.528291 -0.119322 -0.243327 -0.040584 -0.106184 0.116260 -0.353258 -0.270984 -0.409146 -0.505137 -0.433188 -0.324912 0.084262 0.302855 0.149742 -0.001159 -0.140345 -0.059033 0.078567 0.188600 0.141735 0.030170 -0.502599 0.048847 -0.341688 0.069040 0.209447 0.105235 -0.173055 -0.023381 -0.337137 -0.063764 0.058989 0.029408 -0.056569 -0.088680 -0.147075 -0.215181 0.139348 0.385138 0.219523 0.084429 -0.206034 -0.135844
-0.073780 -0.397188 0.278325 0.075817 1.000000 0.066319 0.382654 0.240364 0.349673 0.038857 -0.118479 -0.058133 0.125112 -0.262177 0.107481 -0.187047 -0.165533 -0.112020 -0.105871 -0.152407 -0.115934 -0.143150 -0.061467 0.144498 0.139530 0.062469 0.005208 -0.014302 -0.135325 -0.217870 0.108302 0.192738 -0.176286 0.241304 0.092738 0.151528 -0.018270 -0.061678 0.020550 -0.242038 -0.166249 -0.112506 0.287171 0.301414 0.445306 0.333187 0.366542 0.254918 0.229818 0.329714 0.000345 0.108663 -0.025759 0.028881 0.185381 -0.098566 -0.178286 -0.299604 0.024929 -0.245449 -0.087770 -0.289246 0.012653 -0.348456 0.183215 -0.217727 -0.010236 0.055915 -0.217591 -0.001995 0.048752 0.053154 -0.038492 -0.197807 -0.006616 -0.051089 0.043104 -0.009569 -0.154355 -0.035822 -0.276845 -0.146114 -0.256044 -0.098223 -0.324657 -0.063444 -0.132960 -0.259584 -0.324867 -0.167908 0.028971 0.377392 0.273291 0.126172 -0.234228 0.110700 -0.272663 -0.247540 0.145537 0.339063 0.021130 -0.054112 -0.070170 -0.027157 0.050670 0.160796 0.059132 -0.091069 -0.067700 -0.192120 0.089891 -0.002323 0.082661 -0.024647 -0.075828 -0.067682
-0.003118 -0.104710 0.426889 0.221964 0.066319 1.000000 0.244339 0.407682 0.013525 0.644309 -0.024714 0.145852 0.128224 0.050838 -0.164771 0.079564 -0.296719 -0.210289 -0.160306 0.109017 -0.098786 -0.102027 0.055030 0.018939 -0.092874 -0.106959 0.114225 0.244073 -0.314890 -0.210154 -0.155718 -0.081549 -0.006109 0.117305 0.388214 0.447834 -0.249290 0.001313 0.056521 -0.153538 -0.393470 0.047546 0.017950 0.043115 -0.143974 0.011105 -0.110638 0.012309 -0.079962 -0.162641 0.033999 -0.225772 -0.153968 -0.136740 -0.313863 -0.224586 -0.159252 -0.133031 0.321092 -0.113473 0.222578 0.215481 -0.141397 -0.173382 0.328041 0.447300 0.019988 0.286388 -0.327536 0.173854 -0.060573 0.135803 -0.151701 -0.226193 0.003820 -0.203626 -0.212065 0.001511 -0.116898 -0.086915 -0.096011 -0.223917 -0.238876 -0.100453 0.298115 0.003171 -0.035335 -0.058502 -0.008166 -0.216783 0.111903 0.295543 0.392828 0.190762 -0.190883 -0.044761 -0.289247 0.068563 -0.167099 0.224161 -0.191967 0.087478 -0.210384 -0.186361 -0.250107 0.097859 -0.008896 -0.116946 0.089005 -0.178955 0.178274 0.255136 0.076577 -0.141932 0.050347 -0.049278
-0.224061 -0.410012 0.515723 0.156328 0.382654 0.244339 1.000000 0.334622 0.229779 0.339674 -0.103521 -0.164913 -0.108151 -0.213205 0.053843 -0.310435 -0.266381 -0.283203 0.192285 0.122931 -0.162122 -0.306199 -0.027720 0.137312 -0.114047 -0.192231 -0.112505 0.130120 -0.202928 -0.231572 0.269079 0.201857 0.150344 0.438279 0.296817 0.309172 -0.030021 0.043057 0.018385 -0.220559 -0.266654 -0.049855 -0.013511 0.007525 0.174019 0.212200 0.001149 0.000905 -0.054149 0.055269 -0.213624 -0.235527 -0.286478 -0.087328 -0.226505 -0.338453 -0.372139 -0.200672 0.106190 -0.301364 0.033270 -0.188024 -0.057319 -0.272200 0.374093 0.008491 0.139255 0.300845 -0.346208 0.079143 0.115001 0.076044 -0.177044 -0.203835 -0.131428 -0.068757 -0.018746 0.085670 -0.275599 -0.273401 -0.279021 -0.274979 -0.119888 -0.131113 -0.013313 -0.080091 -0.163229 -0.314188 -0.275306 -0.302752 0.156731 0.421140 0.298896 0.408290 -0.282738 -0.084160 -0.409381 -0.023720 -0.026094 0.072436 0.063138 0.311537 -0.090912 0.042813 -0.088621 0.104989 -0.135896 0.162468 0.124024 0.096105 0.122216 0.149489 0.039542 -0.000272 -0.029355 -0.082513
-0.287539 -0.156999 0.322503 0.587070 0.240364 0.407682 0.334622 1.000000 0.097165 0.405534 -0.285395 0.081793 -0.080501 -0.009633 -0.251455 -0.236754 -0.399791 -0.372180 -0.157649 -0.115179 -0.169267 -0.245888 0.055529 0.342345 -0.072874 0.038202 0.088463 0.278553 -0.475100 -0.305591 0.013329 0.209120 -0.100353 0.308457 0.118075 0.478155 -0.171069 0.074915 0.079337 -0.013606 -0.165843 0.006227 0.072355 0.215657 0.155829 0.280117 0.039604 0.210363 0.080698 0.157776 -0.025870 -0.135823 -0.237041 -0.158584 -0.070467 -0.170460 -0.153745 -0.255105 0.274112 -0.280559 0.208054 0.002538 -0.108603 -0.150445 0.379324 0.446035 0.089378 0.453140 -0.356232 -0.071155 -0.170477 0.308141 -0.443700 -0.217513 -0.359590 -0.097514 -0.061050 0.158789 -0.321111 -0.351936 -0.386201 -0.336588 -0.404628 -0.360806 0.006836 0.211212 -0.100615 -0.105103 -0.149196 -0.153374 0.067236 0.421032 0.316759 0.137944 -0.504978 -0.217038 -0.438456 -0.118879 0.204383 0.012114 -0.037143 0.079719 -0.090292 -0.224407 -0.127142 -0.125807 -0.089126 -0.169483 -0.027812 -0.244051 0.080638 0.312010 0.239159 -0.059203 -0.379409 -0.395996
0.076385 -0.143154 0.139359 0.051377 0.349673 0.013525 0.229779 0.097165 1.000000 0.127999 0.040229 -0.141127 0.132329 -0.207329 0.288031 -0.005105 -0.323089 -0.207382 0.061653 0.098674 -0.178183 -0.243645 -0.081154 0.027202 -0.014394 -0.233236 -0.126397 -0.192833 -0.087615 -0.135105 0.059943 0.237693 -0.224046 0.188295 0.040333 0.006890 0.055134 0.066018 0.081339 -0.138314 -0.284455 -0.170572 0.294692 0.210064 0.205652 0.200817 0.253070 0.133713 0.233753 0.373428 0.152405 0.427083 0.104823 0.388654 0.152723 0.071292 -0.089614 -0.299142 0.165302 0.084523 -0.156624 -0.074311 -0.094801 -0.228712 0.228545 -0.177947 0.024923 -0.125093 -0.302421 -0.034420 0.124284 0.107123 -0.192132 -0.140472 0.012905 0.029958 -0.063313 -0.074764 -0.117245 -0.221899 -0.326889 -0.225808 0.080699 0.039061 -0.259162 -0.219679 0.117897 -0.126405 -0.217498 0.108542 -0.028982 0.357822 0.091481 0.086830 -0.166787 -0.005618 -0.215400 -0.237156 -0.065491 0.147692 -0.014462 0.029912 0.026055 -0.252943 -0.010564 -0.082261 -0.044448 -0.190994 -0.104569 0.048076 -0.106521 0.050410 0.139238 -0.023172 -0.246138 0.044930
-0.070007 -0.082196 0.356140 0.303100 0.038857 0.644309 0.339674 0.405534 0.127999 1.000000 -0.017268 0.125104 -0.015882 0.104657 -0.188091 0.081821 -0.287808 -0.187900 -0.295773 0.084885 -0.081526 -0.168873 -0.077529 -0.008249 -0.185626 -0.232072 -0.023643 0.151921 -0.302051 -0.114764 -0.184706 -0.100459 -0.111236 -0.010403 0.324450 0.466978 -0.190513 -0.085622 0.076980 -0.193276 -0.504696 0.007885 -0.080425 0.012660 -0.102364 0.121742 -0.196471 -0.031707 -0.037163 0.008408 -0.014786 -0.044240 -0.128349 -0.094250 -0.295654 -0.139956 -0.071772 -0.258667 0.382218 -0.174211 0.131516 0.307744 -0.271228 -0.152796 0.357314 0.410692 0.005332 0.153394 -0.371188 0.126327 0.103328 0.060987 -0.280001 -0.146324 -0.015052 -0.196505 -0.272636 -0.257321 -0.034416 -0.123475 -0.196710 -0.216694 -0.205597 -0.189074 0.233128 -0.041778 -0.035596 -0.135745 0.100735 -0.121564 0.325095 0.429471 0.510082 0.404757 -0.004591 -0.030026 -0.234933 0.073810 -0.142476 -0.043083 -0.034788 0.253879 -0.177589 -0.202202 -0.292332 0.080338 -0.035970 0.092388 0.087553 -0.016453 0.057124 0.186219 0.196955 -0.146032 0.056413 0.038755
0.567685 0.135637 -0.002280 -0.497901 -0.118479 -0.024714 -0.103521 -0.285395 0.040229 -0.017268 1.000000 0.313575 0.751931 0.415517 0.485758 0.583764 0.500347 0.537048 0.235137 0.019236 -0.112638 0.111479 -0.220683 -0.479096 -0.249402 -0.334027 -0.317734 -0.261257 0.621565 0.538941 -0.155059 -0.276497 -0.079501 -0.063772 -0.326278 -0.399029 0.215518 -0.145567 -0.013722 -0.341834 -0.014663 0.108815 -0.329065 -0.405054 -0.315707 -0.351458 -0.256190 -0.443435 -0.135277 -0.245351 -0.152843 0.043927 0.139877 -0.019864 -0.249867 -0.090767 0.183509 0.034545 -0.194533 -0.168883 0.233691 0.098992 0.297039 0.189144 -0.289225 -0.245590 -0.330205 -0.434091 -0.142831 -0.022709 0.162250 -0.237501 0.463693 0.346282 0.384693 0.204601 0.291780 -0.098238 0.270110 0.337065 0.480783 0.573758 0.345497 0.430080 -0.177139 -0.141916 -0.126825 0.094080 0.142583 0.092805 -0.136652 -0.145226 -0.111970 0.118723 0.137040 -0.121681 0.042666 -0.319563 -0.469475 -0.304863 0.024489 0.025958 0.003123 -0.313187 -0.347528 -0.243804 -0.031998 -0.070064 0.166639 -0.091488 -0.328214 -0.353604 -0.018764 -0.076407 0.018036 -0.020089
0.445429 0.547923 -0.170349 0.005387 -0.058133 0.145852 -0.164913 0.081793 -0.141127 0.125104 0.313575 1.000000 0.464719 0.602119 -0.009896 0.493720 0.033190 0.392373 -0.144620 0.057727 -0.179857 -0.080029 -0.075882 -0.050563 -0.202847 0.073523 -0.038822 0.084193 0.055482 0.181606 -0.382101 -0.095114 -0.068287 0.012925 -0.065221 -0.077689 0.078669 -0.179712 0.007047 -0.093577 -0.015755 0.271240 -0.415627 -0.217330 -0.239164 -0.076940 -0.270079 -0.336379 -0.102706 -0.141296 -0.018779 -0.027797 0.073319 -0.121284 -0.106378 -0.121003 0.335847 0.183020 0.018294 -0.203874 0.299795 0.322915 0.162067 0.271085 -0.073337 0.193156 -0.237570 -0.108202 0.009401 0.022457 -0.200888 -0.166212 -0.021253 0.074053 0.080696 0.133902 0.002524 -0.144099 -0.137377 0.215504 0.166226 0.153509 -0.266601 0.162716 -0.093214 0.088836 -0.098803 0.294966 0.293838 0.145817 -0.152136 -0.090561 0.195974 -0.100078 -0.117476 0.069450 -0.089916 -0.182211 -0.056778 -0.061633 -0.215604 -0.245493 -0.269247 -0.291974 -0.198096 -0.248231 0.017788 -0.104568 -0.028822 -0.280461 -0.381106 -0.168389 0.143406 0.014196 -0.066348 -0.129522
0.543553 0.157175 0.107312 -0.349594 0.125112 0.128224 -0.108151 -0.080501 0.132329 -0.015882 0.751931 0.464719 1.000000 0.396540 0.474323 0.533001 0.239875 0.420622 0.090523 0.007047 -0.139817 -0.075329 -0.156251 -0.282105 -0.251682 -0.245375 -0.220050 -0.257779 0.361207 0.291577 -0.238051 -0.160789 -0.143295 0.087170 -0.180843 -0.230753 0.123343 -0.134229 0.061880 -0.351969 -0.126091 0.062437 -0.194376 -0.239047 -0.261278 -0.245044 -0.118372 -0.365787 -0.052347 -0.142180 -0.071802 0.053593 0.293082 0.009887 -0.134838 -0.133762 0.269890 -0.040785 -0.019421 -0.111019 0.376656 0.110335 0.327981 0.114974 -0.210626 -0.165598 -0.276966 -0.312305 -0.152752 0.089296 0.024545 -0.113090 0.336996 0.124093 0.368604 0.158029 0.274010 -0.018138 0.016005 0.211095 0.251804 0.319539 0.126504 0.282296 -0.228180 -0.116036 -0.056363 0.029938 0.067912 0.060468 -0.278688 0.032554 -0.087156 0.128073 -0.105942 -0.142248 -0.138341 -0.434666 -0.436226 -0.070053 -0.123380 -0.092975 -0.216484 -0.327575 -0.285163 -0.190622 0.037732 -0.065276 0.044148 -0.279462 -0.397949 -0.371158 0.059916 -0.130135 -0.051514 -0.222489
0.408816 0.514941 -0.261114 -0.291694 -0.262177 0.050838 -0.213205 -0.009633 -0.207329 0.104657 0.415517 0.602119 0.396540 1.000000 -0.020642 0.671965 0.293686 0.497125 -0.054878 -0.057155 -0.156247 0.016827 -0.388866 -0.456468 -0.418068 -0.079382 -0.220182 -0.297398 0.292657 0.528801 -0.254025 -0.234317 -0.010037 -0.009702 -0.192085 -0.172809 0.082568 0.036034 -0.108481 -0.203096 0.066020 0.313598 -0.601708 -0.505751 -0.546690 -0.386902 -0.536307 -0.596821 -0.281599 -0.353768 -0.207874 -0.115957 0.282722 -0.163235 -0.266307 -0.243521 0.399921 0.167641 0.063585 0.010400 0.553673 0.614588 0.312441 0.628463 -0.320601 0.121751 -0.092116 -0.352030 0.215024 0.040614 -0.007992 -0.043435 0.211499 0.254104 0.230498 0.202379 0.176505 -0.027911 0.039753 0.262481 0.337360 0.359054 -0.052864 0.213020 -0.032231 -0.052426 -0.155366 0.237208 0.375644 0.303374 0.055487 -0.196530 0.095978 0.037745 0.060069 -0.002573 0.014012 -0.145113 -0.069881 -0.237016 -0.055391 0.000703 0.084339 -0.136706 -0.141900 -0.288237 -0.061044 -0.126490 0.059791 -0.215071 -0.538169 -0.107424 0.055530 0.024245 -0.138330 -0.197262
0.363271 -0.074492 0.151447 -0.261122 0.107481 -0.164771 0.053843 -0.251455 0.288031 -0.188091 0.485758 -0.009896 0.474323 -0.020642 1.000000 0.341667 0.187329 0.152936 0.410520 0.261616 0.083447 -0.030339 0.285654 0.034909 -0.101590 -0.381089 -0.016254 -0.082572 0.382402 0.098225 0.008938 0.041306 -0.169043 0.038425 -0.172651 -0.422456 -0.082408 -0.142119 0.159808 -0.173107 -0.290035 -0.205057 -0.048716 -0.180226 -0.064544 -0.197792 -0.043347 -0.266919 -0.061676 -0.097925 0.005227 0.140791 0.137975 0.182839 -0.113407 -0.146196 -0.010297 0.070722 -0.211746 -0.198419 0.025879 -0.227308 -0.004894 -0.176485 0.094833 -0.361493 -0.407397 -0.372388 0.021327 0.091441 -0.037018 -0.289122 0.148505 0.000719 0.211068 0.179803 0.151002 -0.116238 0.144262 0.218128 0.148623 0.223077 0.426180 0.418650 -0.075546 0.057378 0.092558 -0.078082 0.032994 0.044203 -0.213401 0.036775 -0.143880 0.144884 -0.051535 0.032813 -0.039863 -0.191178 -0.147612 0.028976 -0.055992 0.028676 -0.095919 -0.130721 -0.175242 -0.157162 -0.194442 -0.229732 0.024990 -0.003211 -0.265921 -0.303034 0.062173 -0.138492 -0.191240 -0.010403
0.568703 0.350990 -0.252003 -0.292761 -0.187047 0.079564 -0.310435 -0.236754 -0.005105 0.081821 0.583764 0.493720 0.533001 0.671965 0.341667 1.000000 0.372581 0.527860 0.001638 0.049588 -0.103333 0.070592 -0.119536 -0.342816 -0.269984 -0.077293 -0.178772 -0.191705 0.521640 0.569536 -0.234790 -0.225870 -0.189473 -0.179619 -0.190378 -0.451516 0.087911 -0.163457 0.040198 -0.254537 -0.020623 0.212418 -0.500627 -0.507338 -0.485538 -0.546453 -0.444253 -0.608041 -0.237868 -0.337824 -0.069838 0.058806 0.239591 0.022653 -0.236354 -0.203843 0.304679 0.094366 -0.130467 -0.055408 0.266713 0.386683 0.221313 0.355102 -0.185399 -0.100685 -0.410675 -0.540077 0.074709 -0.002875 0.052390 -0.115666 0.295522 0.298553 0.329145 0.272211 0.213886 -0.162111 0.270677 0.344460 0.450640 0.410575 0.251615 0.569167 0.123801 0.118152 -0.040894 0.206255 0.261339 0.322345 -0.129501 -0.172557 0.045266 0.151229 0.114178 -0.024927 0.165080 -0.202893 -0.236680 -0.089493 -0.013160 -0.102177 -0.041590 -0.195157 -0.170080 -0.259622 -0.081223 -0.237385 0.009695 -0.204672 -0.501568 -0.243933 0.064369 0.027776 0.008843 -0.038449
0.341403 -0.017076 -0.287702 -0.517959 -0.165533 -0.296719 -0.266381 -0.399791 -0.323089 -0.287808 0.500347 0.033190 0.239875 0.293686 0.187329 0.372581 1.000000 0.590569 0.176780 -0.062181 -0.057176 0.482120 -0.322932 -0.492029 -0.127361 -0.113133 -0.399200 -0.345708 0.731853 0.622299 0.037226 -0.389606 -0.108415 -0.144720 -0.447009 -0.500022 0.200445 -0.241822 -0.059435 -0.226217 0.231036 0.191209 -0.366455 -0.332077 -0.133367 -0.266208 -0.206403 -0.410375 -0.323083 -0.259795 -0.310467 -0.208622 0.078089 -0.125377 -0.187009 0.074954 0.191630 0.103449 -0.447948 -0.125264 -0.102361 -0.001519 0.423927 0.278743 -0.451672 -0.427007 -0.341940 -0.518503 0.230605 -0.050343 0.099011 -0.339887 0.591769 0.338568 0.184819 0.096769 0.200046 -0.122266 0.577911 0.500757 0.708913 0.716612 0.356686 0.439011 0.008284 0.163400 -0.241778 0.112678 0.051375 0.192162 -0.113639 -0.350048 -0.149140 0.036880 0.362702 0.188690 0.351957 0.028908 -0.099229 -0.233169 0.274636 0.182416 0.212612 0.096837 -0.025091 -0.078868 0.070828 0.117344 0.105863 0.096307 -0.261928 -0.421762 -0.105606 -0.094182 0.358652 0.005096
0.446329 0.250945 -0.286581 -0.480643 -0.112020 -0.210289 -0.283203 -0.372180 -0.207382 -0.187900 0.537048 0.392373 0.420622 0.497125 0.152936 0.527860 0.590569 1.000000 0.206771 -0.086434 -0.063843 0.118846 -0.169965 -0.373288 -0.036706 0.008406 -0.354387 -0.258734 0.523319 0.529997 -0.109444 -0.086214 0.092644 -0.023285 -0.425680 -0.368169 0.088014 -0.192894 -0.034625 -0.324789 0.129114 0.288886 -0.483695 -0.393271 -0.226639 -0.267526 -0.299718 -0.464806 -0.303334 -0.209185 -0.257355 -0.168764 0.167945 -0.125682 -0.117658 -0.047415 0.371029 0.410501 -0.447302 -0.097996 0.066811 0.139325 0.517282 0.524394 -0.323447 -0.265512 -0.297852 -0.370929 0.300593 0.002336 0.142544 -0.363230 0.428748 0.332865 0.231048 0.127062 0.158351 -0.293753 0.351460 0.524912 0.563097 0.731432 0.114012 0.332073 -0.041823 0.025352 -0.271657 0.054104 0.130443 0.223239 -0.212005 -0.415659 -0.226584 0.035573 0.109292 0.151914 0.109985 -0.274048 -0.106353 -0.159565 0.030993 -0.073243 0.033659 -0.118766 -0.134247 -0.188457 0.046871 -0.085796 0.074064 -0.237891 -0.436404 -0.253716 -0.141584 0.038728 0.109542 -0.149868
0.239292 -0.092807 0.021666 -0.282572 -0.105871 -0.160306 0.192285 -0.157649 0.061653 -0.295773 0.235137 -0.144620 0.090523 -0.054878 0.410520 0.001638 0.176780 0.206771 1.000000 0.190513 -0.032940 -0.052584 0.175065 -0.218338 -0.152107 -0.255298 -0.202641 -0.121185 0.267662 0.094409 0.379444 0.179295 0.305108 0.309292 -0.059774 -0.253618 -0.035602 0.134183 -0.203357 0.006952 -0.084594 -0.075173 -0.107487 -0.268748 -0.177556 -0.278305 -0.138694 -0.246606 -0.218738 -0.260760 -0.244319 -0.207078 -0.064481 -0.105141 -0.090062 -0.311771 -0.050492 0.162209 -0.307903 -0.216721 -0.009812 -0.237972 0.174495 0.069768 -0.160156 -0.293901 -0.041646 -0.088553 0.132037 -0.020708 0.072242 -0.045106 0.252060 0.264976 0.059299 0.268319 0.309270 0.339634 -0.082470 -0.130202 0.026711 0.124570 0.294999 0.170918 -0.168481 -0.021106 -0.167657 -0.118970 -0.129281 -0.117594 -0.123247 -0.098871 -0.316202 0.030118 0.063082 0.060049 -0.130825 0.144103 0.085331 -0.009794 0.148262 0.110449 0.080408 0.026382 0.129938 0.098223 -0.063272 -0.159426 0.394910 0.255112 -0.164448 0.020487 -0.089892 -0.073115 -0.046851 0.049688
0.311478 0.178847 0.129327 0.136090 -0.152407 0.109017 0.122931 -0.115179 0.098674 0.084885 0.019236 0.057727 0.007047 -0.057155 0.261616 0.049588 -0.062181 -0.086434 0.190513 1.000000 -0.082766 -0.346156 0.172078 0.172633 -0.266469 -0.258718 0.059868 0.042970 -0.030303 -0.071514 -0.095271 0.205150 0.044799 0.140395 0.039066 -0.120090 -0.052024 -0.055650 -0.104805 -0.057661 -0.278244 -0.068081 -0.214203 -0.121477 -0.234692 -0.156961 -0.098526 -0.151080 -0.116393 -0.216642 0.008326 -0.050865 0.078668 0.051225 -0.223459 -0.316418 0.080908 0.191406 -0.064714 -0.074753 -0.103456 0.017903 -0.205863 -0.111459 -0.071608 -0.035065 -0.298013 -0.104778 -0.017167 0.494871 -0.223656 -0.240861 -0.120510 -0.149621 0.034151 -0.041350 -0.198567 -0.057022 -0.217253 -0.165848 -0.106034 -0.068025 -0.117604 0.146371 -0.202802 -0.097716 -0.073942 0.003199 -0.133375 0.010683 0.007231 0.215940 -0.011921 0.321489 -0.124681 0.215941 -0.345980 0.033757 0.006511 0.173902 -0.090044 0.185271 0.032115 0.044589 0.275038 0.242039 -0.216868 0.146839 0.088431 0.110623 -0.091262 0.047729 0.095650 0.008174 0.188315 0.224175
-0.294851 -0.052983 0.034524 0.016380 -0.115934 -0.098786 -0.162122 -0.169267 -0.178183 -0.081526 -0.112638 -0.179857 -0.139817 -0.156247 0.083447 -0.103333 -0.057176 -0.063843 -0.032940 -0.082766 1.000000 0.088793 0.233641 0.177719 0.538774 0.104658 0.227808 0.152106 -0.011409 -0.085620 0.279246 0.109878 0.152138 -0.138915 0.152542 0.058515 -0.189941 -0.033133 0.179454 0.103754 -0.132963 0.019729 -0.007802 -0.143711 -0.110514 -0.107391 -0.070771 0.005338 -0.037968 -0.061702 0.123694 0.097506 0.126148 0.151334 0.096944 0.013925 -0.029629 0.023525 -0.016343 0.130266 0.053872 -0.103940 -0.201213 -0.047542 0.118101 0.026780 0.096069 0.062589 0.069252 -0.061544 0.160512 0.218269 -0.027121 -0.000526 -0.127961 -0.036119 -0.166551 -0.140006 -0.039010 0.128297 0.075873 -0.068311 -0.077198 -0.119313 0.178754 0.055581 0.122009 -0.124261 0.043032 0.008694 -0.056382 -0.249959 -0.092839 -0.021454 -0.012550 -0.062707 0.043059 0.049015 -0.024238 -0.161306 -0.145097 0.057877 0.023727 0.080702 0.082601 0.079076 -0.065006 0.193928 0.033148 -0.026193 0.090826 -0.053679 0.099736 0.083257 0.019808 0.173973
-0.006535 -0.033432 -0.240417 -0.281435 -0.143150 -0.102027 -0.306199 -0.245888 -0.243645 -0.168873 0.111479 -0.080029 -0.075329 0.016827 -0.030339 0.070592 0.482120 0.118846 -0.052584 -0.346156 0.088793 1.000000 -0.194202 -0.364178 0.013466 0.214420 -0.027090 0.010886 0.399307 0.249182 -0.087034 -0.645221 -0.113253 -0.433177 -0.148926 -0.315856 -0.105482 -0.332884 -0.090822 0.035434 0.251582 -0.058020 0.053652 -0.004767 0.027019 -0.029340 0.120135 0.048471 -0.122609 -0.100053 0.021863 0.043609 -0.047879 0.030056 0.063731 0.496079 -0.204269 -0.132431 -0.115762 0.094176 -0.198709 0.006787 0.038910 -0.053872 -0.149969 -0.084844 -0.125049 -0.117944 0.082423 -0.179104 0.076317 -0.238345 0.161867 0.099042 -0.004092 -0.094968 -0.077574 -0.178287 0.619326 0.426460 0.339723 0.192336 0.434960 0.303957 0.188190 0.260416 -0.097493 0.196841 0.184215 0.220080 -0.008827 -0.330242 -0.025573 -0.223450 0.546328 0.169050 0.729667 0.179733 -0.040226 -0.178522 0.023983 0.032106 -0.042993 0.104099 -0.079980 0.021162 0.271314 -0.029050 0.025243 0.221147 0.039683 -0.373824 -0.115753 -0.105988 0.196541 0.068401
-0.170412 -0.084937 0.338830 0.412121 -0.061467 0.055030 -0.027720 0.055529 -0.081154 -0.077529 -0.220683 -0.075882 -0.156251 -0.388866 0.285654 -0.119536 -0.322932 -0.169965 0.175065 0.172078 0.233641 -0.194202 1.000000 0.685627 0.385785 0.008604 0.522527 0.509224 -0.336004 -0.466342 0.202786 0.346674 -0.002934 0.012531 0.181721 0.076715 -0.188625 -0.005114 0.229354 0.186937 -0.230384 -0.107926 0.095230 0.121463 0.016115 -0.052613 0.056501 0.115611 0.012344 -0.028778 0.242647 0.010323 -0.101118 0.116416 0.122659 -0.139059 -0.057570 0.232175 -0.056990 -0.173443 -0.222091 -0.347382 -0.347203 -0.327755 0.544431 0.214217 -0.052172 0.331613 0.023509 -0.008979 -0.268991 -0.018952 -0.310848 -0.080202 -0.176584 -0.100008 -0.085050 -0.021805 -0.149523 -0.034203 -0.213534 -0.210754 0.027372 -0.075622 0.298760 0.297701 0.155372 -0.044205 -0.021695 -0.062081 -0.238845 -0.022804 -0.293982 -0.091634 -0.283783 0.025796 -0.142647 0.005330 0.124770 0.243922 -0.354081 -0.250570 -0.320789 -0.113496 -0.056682 -0.018328 -0.265726 -0.237210 -0.073463 -0.268406 0.223478 0.291840 -0.094654 0.019982 -0.096770 -0.088336
-0.415076 -0.098696 0.322693 0.674717 0.144498 0.018939 0.137312 0.342345 0.027202 -0.008249 -0.479096 -0.050563 -0.282105 -0.456468 0.034909 -0.342816 -0.492029 -0.373288 -0.218338 0.172633 0.177719 -0.364178 0.685627 1.000000 0.368833 0.185046 0.487729 0.540309 -0.593882 -0.623473 0.086609 0.504836 -0.040272 0.134715 0.161104 0.304530 -0.034611 0.097507 0.384439 0.240277 -0.090607 -0.052251 0.167451 0.256114 0.220303 0.211155 0.148526 0.262672 0.195685 0.161498 0.243300 0.041032 -0.223921 0.074231 0.156537 -0.029618 -0.028861 0.116633 0.010668 -0.099620 -0.207497 -0.346951 -0.376678 -0.334453 0.556000 0.272759 -0.020633 0.480271 -0.051140 0.163660 -0.367254 0.086951 -0.530797 -0.316686 -0.309343 -0.192259 -0.254342 -0.073826 -0.332623 -0.133360 -0.358005 -0.348289 -0.267344 -0.294867 0.084090 0.288984 0.206429 -0.010178 -0.127634 -0.145814 -0.168789 0.240386 -0.004839 -0.038962 -0.475760 -0.080479 -0.298877 -0.015218 0.134284 0.237446 -0.241559 -0.205668 -0.289660 -0.051327 -0.079729 -0.109091 -0.190626 -0.017586 -0.262163 -0.315666 0.236734 0.305580 0.030765 0.095040 -0.213670 -0.172856
-0.411117 -0.294844 0.182051 0.254675 0.139530 -0.092874 -0.114047 -0.072874 -0.014394 -0.185626 -0.249402 -0.202847 -0.251682 -0.418068 -0.101590 -0.269984 -0.127361 -0.036706 -0.152107 -0.266469 0.538774 0.013466 0.385785 0.368833 1.000000 0.299061 0.292769 0.250548 -0.204374 -0.223090 0.358657 0.301605 0.020018 0.016123 0.039358 0.257730 0.022642 -0.069110 0.259507 0.090894 -0.008656 0.126743 0.233625 0.233721 0.264949 0.135761 0.147413 0.287913 0.068841 0.202964 0.254379 0.127131 -0.064316 0.097741 0.354866 0.085059 -0.048325 0.093329 -0.189225 0.037953 -0.373408 -0.399152 -0.285555 -0.245414 0.322178 0.119103 0.217954 0.309446 0.048463 -0.262533 0.095892 0.169089 -0.076581 -0.085509 -0.262013 -0.171851 -0.162365 -0.186510 0.019870 0.147242 -0.017105 -0.054994 -0.262531 -0.193932 0.099274 0.163635 0.055081 -0.084441 -0.236433 -0.221263 -0.211932 -0.281850 -0.099243 -0.207771 -0.141173 0.001491 -0.015589 -0.076282 0.010229 0.058051 -0.099601 -0.262143 -0.066508 -0.092090 -0.023558 -0.008299 -0.010879 0.022652 -0.224148 -0.219955 0.334139 0.156020 0.029991 0.137792 -0.059162 0.103014
-0.371318 0.043257 -0.298650 0.241304 0.062469 -0.106959 -0.192231 0.038202 -0.233236 -0.232072 -0.334027 0.073523 -0.245375 -0.079382 -0.381089 -0.077293 -0.113133 0.008406 -0.255298 -0.258718 0.104658 0.214420 0.008604 0.185046 0.299061 1.000000 0.164139 0.360638 -0.162999 0.038315 0.185415 0.082929 0.096432 -0.030952 0.138069 0.152446 0.063821 0.127291 -0.088762 0.412067 0.549839 0.071156 -0.018494 0.053973 0.106795 0.038914 0.024931 0.150688 -0.006796 -0.120245 -0.053083 -0.140196 -0.228565 -0.136503 0.095217 0.156269 -0.155322 0.058491 -0.114601 0.170730 -0.256415 -0.076085 -0.083727 0.006573 -0.113378 0.110921 0.120687 0.339651 0.189686 -0.096499 0.036752 0.178798 -0.067487 0.129750 0.026051 0.111302 0.012519 0.142743 -0.011054 0.168607 -0.013075 -0.213483 -0.184612 -0.043251 0.146445 0.238977 -0.041858 0.286853 -0.030069 0.129016 -0.198010 -0.281121 0.047979 -0.239368 0.040138 0.068696 0.256416 0.128371 -0.041429 -0.027625 0.070009 -0.270840 -0.013615 0.175485 0.173137 -0.011002 0.245251 -0.095268 -0.199975 -0.096058 0.083311 -0.080167 -0.266464 0.063480 -0.110396 -0.155303
-0.268837 0.150594 0.175421 0.346694 0.005208 0.114225 -0.112505 0.088463 -0.126397 -0.023643 -0.317734 -0.038822 -0.220050 -0.220182 -0.016254 -0.178772 -0.399200 -0.354387 -0.202641 0.059868 0.227808 -0.027090 0.522527 0.487729 0.292769 0.164139 1.000000 0.693396 -0.488699 -0.551852 -0.175330 -0.045616 -0.023839 -0.181293 0.186036 0.266591 -0.199077 0.070869 0.061007 0.432157 0.101302 -0.266843 0.131212 -0.019631 -0.041474 -0.144156 -0.115205 0.189675 0.173066 -0.132109 0.410878 0.089873 -0.125149 -0.174904 0.223492 -0.085113 0.031694 0.177785 0.299537 0.130203 -0.016305 -0.008888 -0.425228 -0.262987 0.297873 0.489157 0.260518 0.458854 0.191000 0.187122 -0.304298 -0.019752 -0.458893 -0.273911 -0.145988 -0.223224 -0.035790 0.049876 -0.284380 0.091172 -0.233291 -0.414550 -0.171467 -0.389472 0.169619 -0.014196 0.249044 0.112866 0.174704 0.056502 0.005839 -0.148084 -0.110514 -0.159693 -0.118593 -0.073973 -0.014504 0.137687 0.107622 0.016822 -0.265780 -0.246321 -0.117629 0.171266 0.101083 0.200022 -0.197396 -0.210914 -0.097864 -0.017691 0.342437 0.231522 0.045305 0.051751 -0.224741 -0.050809
-0.322044 -0.063448 0.280973 0.413794 -0.014302 0.244073 0.130120 0.278553 -0.192833 0.151921 -0.261257 0.084193 -0.257779 -0.297398 -0.082572 -0.191705 -0.345708 -0.258734 -0.121185 0.042970 0.152106 0.010886 0.509224 0.540309 0.250548 0.360638 0.693396 1.000000 -0.470913 -0.508682 -0.063825 -0.015914 0.034623 -0.022071 0.276099 0.321317 -0.108144 0.011460 0.198849 0.369257 0.062434 -0.079765 0.001877 0.058411 0.053204 -0.022578 -0.091445 0.179820 -0.038035 -0.209026 0.127761 -0.185489 -0.436855 -0.279912 -0.019814 -0.099303 -0.129419 0.095622 0.127212 -0.130660 -0.128491 -0.241020 -0.242733 -0.300858 0.422942 0.455168 0.130915 0.683934 -0.000621 0.151553 -0.195782 -0.047366 -0.477123 -0.195324 -0.197614 -0.228202 -0.133781 -0.005928 -0.149824 0.048354 -0.137580 -0.309982 -0.172199 -0.280582 0.323922 0.281693 0.070384 0.150451 0.099609 -0.051900 -0.142953 -0.001521 0.024793 0.023234 -0.128716 -0.175608 -0.064407 0.062965 -0.006365 0.012322 -0.118453 -0.151875 -0.140180 0.064713 -0.086967 0.083230 -0.257284 -0.219972 -0.056060 -0.051650 0.372971 0.219135 -0.045624 -0.046223 -0.124746 -0.133280
0.471727 -0.021381 -0.425614 -0.594137 -0.135325 -0.314890 -0.202928 -0.475100 -0.087615 -0.302051 0.621565 0.055482 0.361207 0.292657 0.382402 0.521640 0.731853 0.523319 0.267662 -0.030303 -0.011409 0.399307 -0.336004 -0.593882 -0.204374 -0.162999 -0.488699 -0.470913 1.000000 0.813043 0.081744 -0.250464 -0.046680 -0.098458 -0.415568 -0.671897 0.199173 -0.258381 -0.115826 -0.341135 0.171251 0.089707 -0.231103 -0.302553 -0.050709 -0.238606 -0.062570 -0.361652 -0.164802 -0.103602 -0.141504 0.056977 0.174219 0.175700 -0.124290 0.109761 -0.044347 -0.082614 -0.459207 -0.151199 -0.043578 -0.017951 0.422963 0.178840 -0.478276 -0.635208 -0.417972 -0.740840 0.019011 -0.290671 0.311330 -0.277534 0.679467 0.383014 0.318005 0.323987 0.204019 -0.145778 0.565261 0.343016 0.618127 0.576501 0.494451 0.758789 -0.089068 0.047680 -0.186169 0.108730 0.058632 0.213504 -0.178570 -0.337209 -0.191271 0.001399 0.361733 0.183573 0.349055 -0.188113 -0.083019 -0.255520 0.121988 0.245575 0.109888 -0.151009 -0.076746 -0.126207 0.081217 -0.021932 0.128336 0.145383 -0.360425 -0.491064 -0.047015 0.022611 0.248792 0.110219
0.357486 0.149500 -0.478266 -0.447916 -0.217870 -0.210154 -0.231572 -0.305591 -0.135105 -0.114764 0.538941 0.181606 0.291577 0.528801 0.098225 0.569536 0.622299 0.529997 0.094409 -0.071514 -0.085620 0.249182 -0.466342 -0.623473 -0.223090 0.038315 -0.551852 -0.508682 0.813043 1.000000 0.122767 -0.189713 -0.014178 -0.039957 -0.338777 -0.444030 0.224464 -0.061905 -0.175468 -0.266293 0.244961 0.278635 -0.439640 -0.363669 -0.201132 -0.262718 -0.241958 -0.448633 -0.187283 -0.120836 -0.172931 -0.006526 0.184272 0.105219 -0.225832 0.033602 0.028450 0.038650 -0.353983 -0.048703 0.033374 0.198505 0.322655 0.356082 -0.512320 -0.449745 -0.262065 -0.670503 0.044507 -0.291890 0.275485 -0.118453 0.670034 0.517052 0.291147 0.372424 0.170127 -0.100054 0.440888 0.322031 0.581511 0.504733 0.333032 0.603448 -0.012832 -0.026789 -0.208425 0.232976 0.112491 0.250736 -0.090394 -0.350794 0.025090 -0.031738 0.313868 0.198584 0.267981 -0.144280 -0.120944 -0.291533 0.220580 0.246357 0.138496 -0.094567 -0.091584 -0.181815 0.124162 -0.004554 -0.006790 -0.014747 -0.453345 -0.339665 -0.107416 0.114744 0.140902 -0.026056
-0.345103 -0.393026 0.079078 0.115495 0.108302 -0.155718 0.269079 0.013329 0.059943 -0.184706 -0.155059 -0.382101 -0.238051 -0.254025 0.008938 -0.234790 0.037226 -0.109444 0.379444 -0.095271 0.279246 -0.087034 0.202786 0.086609 0.358657 0.185415 -0.175330 -0.063825 0.081744 0.122767 1.000000 0.523510 0.234746 0.470476 0.134850 0.094597 0.003948 0.172417 -0.128110 0.044108 0.093170 -0.038139 -0.014567 -0.028438 0.098110 0.041150 -0.014286 -0.035698 -0.181005 0.059586 -0.235566 -0.145888 -0.092194 0.090144 0.008708 -0.190181 -0.205600 -0.046257 -0.308513 -0.111604 -0.259872 -0.382740 -0.040907 -0.154484 0.038860 -0.274361 0.152540 0.081527 -0.025641 -0.244264 0.178022 0.279448 0.224644 0.152419 -0.081625 0.242526 0.125810 0.284941 -0.125706 -0.166018 -0.114501 -0.198132 0.055230 0.061429 -0.054987 0.116387 -0.142738 -0.026807 -0.275640 -0.055801 -0.188817 -0.124990 -0.206737 -0.099243 -0.133669 0.094697 -0.082327 0.031119 0.126069 0.098199 0.217948 0.189204 0.103090 0.031204 0.208370 0.080186 -0.018696 -0.104418 0.223349 0.017991 0.120195 0.134165 -0.109675 0.114596 0.080705 -0.046330
-0.170469 -0.176495 0.152883 0.418195 0.192738 -0.081549 0.201857 0.209120 0.237693 -0.100459 -0.276497 -0.095114 -0.160789 -0.234317 0.041306 -0.225870 -0.389606 -0.086214 0.179295 0.205150 0.109878 -0.645221 0.346674 0.504836 0.301605 0.082929 -0.045616 -0.015914 -0.250464 -0.189713 0.523510 1.000000 0.228305 0.563651 0.062253 0.214585 0.058863 0.352268 0.068676 0.081603 -0.059130 0.079572 0.052750 0.106108 0.163492 0.203080 0.004870 0.027662 0.069475 0.174413 -0.075438 -0.016918 -0.080510 0.083253 -0.007740 -0.276098 0.075254 0.139670 -0.206941 -0.174567 -0.135843 -0.265317 -0.102493 -0.081830 0.218393 -0.061484 0.078677 0.138694 -0.065451 -0.092550 0.006334 0.252102 -0.045185 -0.044134 -0.060029 0.259989 0.013125 0.178765 -0.427424 -0.346518 -0.305942 -0.191923 -0.390903 -0.097687 -0.288512 -0.001613 0.076173 -0.085474 -0.237108 -0.198877 -0.146515 0.125939 -0.124244 -0.010407 -0.613766 0.126709 -0.567597 -0.127698 0.246798 0.246650 0.003634 -0.129969 -0.121353 -0.203695 0.088615 -0.101508 -0.115113 -0.164184 0.084943 -0.250990 -0.009865 0.320606 0.081337 0.187788 -0.170659 -0.194717
-0.048811 0.007888 0.046364 0.017110 -0.176286 -0.006109 0.150344 -0.100353 -0.224046 -0.111236 -0.079501 -0.068287 -0.143295 -0.010037 -0.169043 -0.189473 -0.108415 0.092644 0.305108 0.044799 0.152138 -0.113253 -0.002934 -0.040272 0.020018 0.096432 -0.023839 0.034623 -0.046680 -0.014178 0.234746 0.228305 1.000000 0.385493 0.192050 0.113940 0.074467 0.146105 -0.063522 -0.031788 0.161096 0.181799 -0.181656 -0.211662 -0.061053 -0.002269 -0.161660 -0.170492 -0.157350 -0.172688 -0.122770 -0.406189 -0.264929 -0.207402 -0.185025 -0.109402 -0.022777 0.298578 -0.151291 0.047821 0.054573 -0.032765 0.135991 0.165769 -0.067311 -0.001649 0.235958 0.168169 0.162868 0.022495 0.062506 0.009773 0.154697 0.096762 -0.059860 0.103580 0.125365 0.106565 -0.162174 -0.103994 0.036686 0.013783 -0.195381 -0.043939 -0.035288 -0.181225 0.107139 -0.192834 0.036759 -0.040825 -0.073717 -0.163262 -0.218213 0.024196 -0.149940 -0.020055 -0.127991 0.170938 -0.005710 0.072563 0.142516 -0.084065 -0.093516 0.039224 -0.064410 -0.103402 0.077741 0.108654 -0.065069 0.034999 -0.083583 0.235374 -0.068833 0.086987 -0.120491 -0.017992
-0.008215 -0.400240 0.284409 0.141284 0.241304 0.117305 0.438279 0.308457 0.188295 -0.010403 -0.063772 0.012925 0.087170 -0.009702 0.038425 -0.179619 -0.144720 -0.023285 0.309292 0.140395 -0.138915 -0.433177 0.012531 0.134715 0.016123 -0.030952 -0.181293 -0.022071 -0.098458 -0.039957 0.470476 0.563651 0.385493 1.000000 0.194182 0.381447 0.165662 0.220166 0.038583 -0.164406 0.001401 0.150784 -0.108806 0.031851 0.201301 0.270886 -0.118266 -0.113992 -0.226214 0.029174 -0.365988 -0.389103 -0.207857 -0.261031 -0.094603 -0.343963 -0.107166 0.015423 -0.235359 -0.359815 -0.056241 -0.315155 0.145297 -0.125503 0.117036 -0.079524 0.161574 0.221189 -0.136206 0.009881 -0.014042 0.174133 0.103989 -0.068437 -0.052231 0.122606 0.034417 0.200877 -0.240823 -0.274441 -0.179611 -0.059121 -0.234226 -0.062729 -0.249185 -0.011291 -0.106429 -0.067405 -0.278288 -0.201576 -0.261398 0.151070 -0.050130 0.036147 -0.415751 0.024544 -0.518088 -0.127773 0.090842 0.209604 0.236310 0.163566 -0.011329 -0.102009 -0.094558 -0.043813 0.060807 -0.118440 0.120135 -0.113440 -0.052063 0.145931 -0.064048 -0.131706 -0.155398 -0.241120
-0.245262 -0.180131 0.301273 0.295692 0.092738 0.388214 0.296817 0.118075 0.040333 0.324450 -0.326278 -0.065221 -0.180843 -0.192085 -0.172651 -0.190378 -0.447009 -0.425680 -0.059774 0.039066 0.152542 -0.148926 0.181721 0.161104 0.039358 0.138069 0.186036 0.276099 -0.415568 -0.338777 0.134850 0.062253 0.192050 0.194182 1.000000 0.437745 0.040375 0.236330 0.101246 0.211013 -0.143006 0.056197 -0.060758 -0.008788 -0.012235 0.095414 -0.122112 -0.004406 -0.224377 -0.245822 -0.169617 -0.347335 -0.263898 -0.206854 -0.117527 -0.187176 -0.300156 -0.220545 0.127753 -0.081218 -0.000174 0.107326 -0.164856 -0.214404 0.259718 0.307132 0.333598 0.415851 -0.088085 0.176667 0.167710 0.301020 -0.164247 -0.080049 0.075115 0.013284 -0.036252 0.289250 -0.168193 -0.129528 -0.245158 -0.394767 -0.186612 -0.145050 0.387798 0.102947 0.107620 0.188813 0.089654 -0.085244 0.014138 0.184823 0.166144 0.026914 -0.117055 -0.067129 -0.078291 0.136889 -0.044894 0.191111 -0.037840 0.128960 -0.167082 0.255995 0.031889 0.127413 0.134399 0.038500 -0.018563 0.016329 0.223953 0.192921 -0.193767 -0.141933 0.068235 0.010924
-0.512503 -0.264280 0.390418 0.431324 0.151528 0.447834 0.309172 0.478155 0.006890 0.466978 -0.399029 -0.077689 -0.230753 -0.172809 -0.422456 -0.451516 -0.500022 -0.368169 -0.253618 -0.120090 0.058515 -0.315856 0.076715 0.304530 0.257730 0.152446 0.266591 0.321317 -0.671897 -0.444030 0.094597 0.214585 0.113940 0.381447 0.437745 1.000000 -0.000264 0.318012 0.061652 0.156802 -0.062858 0.067620 0.162839 0.249442 0.214351 0.412426 -0.014111 0.286453 0.058590 0.127218 -0.080603 -0.255291 -0.329678 -0.284339 -0.023583 -0.087485 -0.191487 -0.055316 0.353703 -0.088012 0.012022 -0.033445 -0.350820 -0.236396 0.345920 0.580425 0.491758 0.607008 -0.101444 0.049549 -0.072018 0.343662 -0.319760 -0.157730 -0.071472 -0.127097 -0.154042 0.144336 -0.350687 -0.190308 -0.376251 -0.423954 -0.462107 -0.648551 0.123893 -0.108577 0.175555 -0.021877 -0.162992 -0.385682 0.094568 0.194196 0.231035 -0.020794 -0.204030 -0.099552 -0.332523 0.170203 -0.026020 0.115752 0.072859 0.071108 -0.029117 0.042511 -0.138647 0.083866 0.055308 0.055645 0.037178 -0.153301 0.286659 0.344721 -0.075962 -0.178532 -0.195682 -0.180506
