1.000000 0.176093 0.105526 -0.040500 0.167802 0.417516 -0.116092 -0.161095 -0.073188 -0.004208 0.527553 0.008293 0.466318 0.295221 0.629318 0.335362 0.130186 0.196878 0.216184 0.303899 0.147371 -0.013120 0.105214 0.002318 -0.270454 -0.349704 0.083413 0.019743 0.113351 -0.186102 -0.454725 -0.355651 -0.039546 -0.287412 -0.369999 -0.074469 -0.077940 -0.420304 -0.028090 -0.309139 0.127342 -0.029189 -0.232456 -0.175777 -0.339552 -0.476055 -0.159990 -0.315976 0.224384 -0.185394 0.070978 0.224753 0.427795 -0.129742 0.277628 -0.054733 0.463303 0.166624 0.548458 0.142686 0.505368 0.286016 0.149925 0.093529 -0.048082 -0.120461 -0.283129 -0.491602 0.020977 0.082460 -0.004073 -0.135991 -0.167384 -0.315718 -0.070449 -0.108013 0.068188 -0.094963 -0.178906 0.047419 -0.196469 -0.250371 0.350509 0.157374 -0.217900 -0.201405 0.128540 0.100161 0.201739 0.126125 0.144549 0.104764 -0.098452 0.107719 -0.195460 -0.206891 0.047620 -0.177582 -0.067388 0.070429 -0.104097 0.190744 -0.037998 -0.032129 0.061164 -0.110295 -0.159334 -0.171719 -0.044285 -0.269854 -0.218588 -0.228813 0.052505 -0.001354 -0.186946 -0.203439
0.176093 1.000000 -0.116000 0.412284 -0.190632 0.035677 -0.372499 -0.330981 -0.292152 -0.351297 0.064628 0.434786 -0.177139 -0.152678 -0.014355 0.283627 -0.163466 -0.047435 -0.272442 0.019865 -0.017107 0.131956 0.325851 0.138218 -0.086878 -0.179628 0.339867 0.345634 -0.419749 -0.314782 -0.397083 -0.245261 -0.282453 -0.258138 -0.148704 -0.012290 -0.061946 -0.029115 0.051484 0.160904 -0.138994 0.060227 -0.180337 -0.157320 -0.236176 -0.262266 -0.083564 -0.118526 -0.020451 -0.001432 0.251172 0.320776 0.311901 0.263322 0.398929 0.052104 0.086820 0.425563 -0.028638 0.012108 -0.246515 -0.098271 -0.168411 -0.177527 0.222256 0.037893 -0.283492 -0.210940 0.290597 0.006070 -0.116044 -0.113690 -0.440160 -0.246514 -0.169771 0.011496 -0.179396 -0.001640 -0.205881 0.035410 -0.363687 -0.291044 0.025120 0.135814 0.376225 0.368535 0.239546 0.363989 0.246517 0.433281 0.070713 -0.066916 0.125119 0.013649 0.019450 0.122271 0.022672 -0.088275 0.005898 -0.043331 -0.112441 0.119620 0.024604 0.018544 0.321729 0.086477 0.132431 -0.144686 -0.167174 -0.223816 -0.218835 0.126835 0.266771 0.188249 0.130442 -0.076006
0.105526 -0.116000 1.000000 -0.267913 0.337094 0.071273 0.526455 0.380619 0.334947 0.189494 0.207992 -0.078459 0.271975 0.159838 0.381352 0.136515 -0.214011 -0.223461 0.210787 -0.109470 -0.056771 -0.175860 -0.071249 0.046350 0.171617 0.192190 0.058361 -0.036223 0.017682 -0.257250 0.233556 0.195822 0.234429 0.210762 0.040482 -0.034553 -0.325215 -0.230915 -0.055808 -0.254373 -0.205764 0.075049 0.006256 -0.064374 -0.088207 -0.081922 -0.170557 -0.087254 -0.081648 -0.189989 0.070939 -0.100695 -0.166691 -0.262226 -0.236092 -0.272006 -0.061097 0.017828 0.159644 -0.046881 0.241061 -0.192686 -0.048669 -0.224052 -0.145296 0.006818 0.309608 0.153249 -0.194691 0.026764 0.246722 0.002348 -0.015092 -0.233921 -0.045911 0.018336 -0.300586 -0.144733 -0.190013 -0.045740 -0.021458 -0.148391 -0.114057 -0.164641 -0.447307 -0.364426 -0.396444 -0.389178 -0.184132 -0.158012 -0.076078 0.246102 -0.077321 0.096013 0.084945 -0.221641 0.122481 -0.153048 -0.198201 0.148323 -0.064690 0.010865 -0.130491 0.139735 -0.092916 0.179178 -0.119082 -0.002571 0.130369 -0.057631 0.118217 -0.119991 0.174633 0.173692 0.176127 0.174645
-0.040500 0.412284 -0.267913 1.000000 -0.509516 0.066374 -0.413018 -0.183684 -0.485246 -0.557258 -0.115292 0.672850 -0.525425 -0.409802 -0.171590 0.339640 -0.121480 0.036425 -0.200265 -0.267934 0.238573 0.415009 0.546611 0.522165 0.212084 0.047586 0.588943 0.662021 -0.423532 -0.294760 -0.300846 -0.096380 -0.257523 -0.449713 -0.180538 -0.094806 -0.099488 0.204949 -0.002112 0.273256 -0.189704 -0.251202 -0.468105 -0.256787 -0.422985 -0.270468 -0.225654 -0.076132 -0.258163 0.016939 0.268075 0.179406 0.131471 0.191423 0.343373 0.319358 0.017163 -0.006441 -0.105523 -0.036113 -0.457128 -0.341599 -0.313867 -0.314543 0.536322 0.265126 -0.171453 0.055298 -0.039177 -0.254885 -0.182322 0.062879 -0.485556 -0.108694 -0.305000 -0.103338 -0.218155 -0.002485 -0.101859 -0.012455 -0.428913 -0.292161 -0.102826 0.247321 0.511288 0.515534 0.419412 0.463338 0.406343 0.589105 0.025694 -0.151850 0.239790 0.091016 0.097718 0.117114 -0.126992 0.002801 0.042061 -0.171472 0.101438 0.080758 0.128081 0.050527 0.176783 -0.088472 -0.133867 -0.070679 -0.076453 -0.013825 -0.401446 0.004630 0.009213 0.011439 -0.064840 -0.175735
0.167802 -0.190632 0.337094 -0.509516 1.000000 0.414893 0.344689 0.160860 0.412612 0.522409 0.218121 -0.307494 0.500837 0.478065 0.385308 -0.001694 0.108396 0.126222 0.171922 0.106107 -0.011126 -0.289869 -0.280561 -0.370033 -0.022584 0.070788 -0.173682 -0.269780 0.296165 0.029985 0.252989 0.214424 0.176500 0.188840 -0.016832 0.149589 -0.085204 -0.332199 -0.032654 -0.198192 -0.124559 -0.028415 0.171575 0.046988 0.225926 0.162526 0.008566 -0.026984 0.115617 0.045056 -0.196529 -0.099439 -0.089580 -0.175042 -0.231224 -0.203222 -0.037818 0.047991 0.087869 -0.173026 0.406251 0.275728 0.095575 -0.053312 -0.407215 -0.056104 -0.059636 -0.163236 -0.079470 0.086908 0.318472 0.174179 0.302501 -0.005996 -0.003853 0.172521 0.087042 0.103135 -0.126807 0.149994 0.017490 0.073424 -0.050386 -0.308963 -0.534748 -0.491619 -0.341158 -0.364449 -0.428675 -0.296590 -0.062973 0.095782 -0.038212 0.173843 -0.035303 -0.279941 0.222626 -0.057522 -0.004219 0.269380 0.047551 -0.103533 -0.103677 0.015405 -0.102782 0.234766 0.048425 0.140450 0.100114 -0.076303 0.380821 0.076900 0.205207 0.177288 0.190891 0.171644
0.417516 0.035677 0.071273 0.066374 0.414893 1.000000 -0.184447 -0.126186 -0.010246 0.104732 0.187865 0.049129 0.143450 0.126857 0.475713 0.380883 -0.111644 0.010230 -0.169302 -0.082900 0.360891 0.164748 0.144700 0.014019 0.059881 0.191318 0.343108 0.439114 -0.266888 -0.340316 -0.205646 0.004110 -0.103085 -0.241753 -0.079288 0.085842 -0.174250 -0.320702 0.135000 0.054225 -0.302754 -0.327138 -0.171511 -0.071706 -0.143459 -0.045953 -0.084402 0.177379 -0.136168 -0.079160 0.173595 0.174512 0.071864 0.163595 0.358451 0.170416 0.271636 0.056196 0.107609 -0.146595 0.081839 0.113838 -0.279133 -0.320916 0.033565 0.225587 -0.312074 -0.193745 -0.038812 -0.095472 0.195959 0.273886 -0.205425 -0.232495 -0.110392 0.077585 -0.010894 -0.030814 -0.264026 -0.061258 -0.385195 -0.285918 -0.048464 -0.388719 -0.261602 -0.347671 0.156727 0.012061 0.080680 0.281079 0.166668 0.217905 0.278216 0.348200 0.287266 -0.160726 0.466117 0.107149 0.014338 0.289677 0.171199 0.162122 0.198087 0.233782 0.190250 0.121009 -0.067026 0.081731 0.107126 0.186884 0.373231 0.208877 0.313730 0.150544 0.163249 0.201519
-0.116092 -0.372499 0.526455 -0.413018 0.344689 -0.184447 1.000000 0.606049 0.676214 0.536259 0.049490 -0.302004 0.328575 0.203136 0.099894 -0.226059 -0.069279 -0.148063 0.251494 0.045283 -0.141583 -0.167920 -0.149913 -0.054126 0.077059 0.223182 -0.336286 -0.447488 0.379437 0.056716 0.485143 0.343033 0.303780 0.428616 0.020484 -0.107649 -0.211336 -0.086678 -0.364226 -0.300896 0.086642 0.200146 0.078804 -0.065568 0.159117 0.133975 -0.047747 -0.125606 -0.010741 -0.104865 -0.241915 -0.393028 -0.271715 -0.142383 -0.649019 -0.357760 -0.223321 -0.111151 -0.055089 -0.195176 0.411732 0.011112 0.118016 0.038053 -0.044868 0.020895 0.320361 0.136603 -0.219628 0.123748 0.168206 -0.050254 0.237596 0.098424 0.057570 0.151692 -0.179870 0.002796 0.004577 -0.086660 0.156455 0.059922 -0.007204 -0.012889 -0.402897 -0.276066 -0.426756 -0.410002 -0.442859 -0.507356 -0.209938 0.064603 -0.298017 0.003414 -0.210444 -0.273876 -0.207268 -0.152445 -0.095433 -0.062110 -0.039177 -0.063486 -0.231885 -0.056562 -0.237974 0.003987 0.077615 0.205203 0.032902 -0.125918 0.115562 -0.050017 -0.071439 0.060954 0.022384 0.029011
-0.161095 -0.330981 0.380619 -0.183684 0.160860 -0.126186 0.606049 1.000000 0.406706 0.599559 0.148091 0.046429 0.302998 0.399328 -0.059287 -0.118851 0.044027 -0.011313 0.097755 -0.259785 -0.395167 -0.339559 -0.274708 0.053585 -0.061631 0.334351 -0.304603 -0.258614 0.133193 0.033860 0.376490 0.352150 0.125060 0.224879 0.059838 -0.042010 -0.331097 -0.109395 -0.414162 -0.155704 -0.151562 0.043912 0.014096 -0.080507 0.128311 0.196472 -0.186623 -0.043812 0.101675 0.096629 0.038725 0.042040 -0.165864 -0.076055 -0.518992 -0.181205 -0.221999 -0.388432 -0.156436 -0.197117 0.243836 0.242151 0.087200 0.056327 -0.042728 0.327901 0.100590 0.262129 -0.452034 -0.245392 0.233730 0.104901 0.143924 0.072270 -0.052399 0.226053 -0.065527 0.203438 -0.093649 -0.261559 0.035914 -0.033677 -0.258079 -0.224012 -0.392677 -0.362041 -0.422868 -0.450243 -0.355040 -0.228559 -0.244098 0.053518 -0.145641 -0.005819 -0.178759 -0.091720 -0.237500 -0.211854 -0.093451 -0.092550 0.061302 -0.101522 -0.091122 -0.146267 -0.181982 -0.174173 0.114641 -0.091517 0.092091 -0.237113 0.038654 -0.116750 -0.045929 0.079049 -0.050830 -0.094554
-0.073188 -0.292152 0.334947 -0.485246 0.412612 -0.010246 0.676214 0.406706 1.000000 0.618262 0.041666 -0.321147 0.255953 0.268872 0.190643 -0.218551 -0.043387 -0.116657 0.294593 0.165579 -0.082704 -0.123430 -0.014873 -0.083506 0.033769 0.136611 -0.260246 -0.324850 0.223372 0.033097 0.242063 0.115358 0.116423 0.275103 -0.013531 0.124777 -0.219130 -0.321092 -0.224417 -0.180341 0.091046 0.196531 -0.015134 -0.065772 0.127010 0.100474 -0.000499 0.003755 -0.008961 -0.025456 -0.133962 -0.151221 -0.190786 0.024286 -0.468321 -0.409024 -0.072148 -0.089357 0.013274 -0.225329 0.299603 0.151361 0.000372 0.010414 -0.038672 0.006488 0.123793 0.063860 -0.174556 0.067415 0.271864 -0.078811 0.197726 0.041447 0.135376 0.051575 -0.115814 0.104778 -0.117319 -0.079599 0.122271 -0.005746 -0.085311 -0.113871 -0.335380 -0.355251 -0.384110 -0.333767 -0.338220 -0.413787 0.054251 0.175938 -0.107128 0.056762 -0.001987 -0.196064 -0.192891 0.092184 -0.045371 0.035264 -0.036484 -0.122102 -0.246894 -0.095348 -0.134138 0.097379 0.164278 0.066324 0.193621 -0.020148 0.211802 0.045657 -0.078510 0.067964 0.044645 -0.012571
-0.004208 -0.351297 0.189494 -0.557258 0.522409 0.104732 0.536259 0.599559 0.618262 1.000000 0.146614 -0.245540 0.490156 0.531783 0.086847 -0.163206 -0.011458 -0.065587 0.146983 0.143095 -0.198188 -0.269327 -0.450648 -0.165319 -0.070352 0.301574 -0.467915 -0.423231 0.263464 0.052283 0.337883 0.331288 0.096410 0.271070 -0.060695 0.151678 -0.319105 -0.337061 -0.351384 -0.297503 0.039209 0.076331 0.182005 -0.000365 0.285159 0.238798 0.073156 -0.082260 0.121211 0.132298 -0.132896 -0.017930 -0.012905 0.030232 -0.447693 -0.357529 -0.148008 -0.310489 0.000899 -0.134980 0.425368 0.502786 0.192333 0.157147 -0.311048 0.104825 0.011261 -0.042234 -0.105018 0.045244 0.197042 0.098452 0.155809 -0.034295 0.013446 0.162487 0.041435 0.271338 -0.129363 -0.303680 0.106025 -0.063799 -0.049460 -0.242085 -0.395390 -0.437788 -0.426798 -0.413485 -0.490535 -0.457695 -0.018474 0.134420 -0.061383 0.062758 -0.196160 -0.209378 -0.112345 -0.094603 -0.180397 -0.014758 0.141929 -0.137998 -0.069859 -0.170074 -0.068486 -0.042845 0.043617 -0.026926 0.124974 -0.141347 0.256354 -0.028069 -0.033012 0.157412 0.045639 -0.039519
0.527553 0.064628 0.207992 -0.115292 0.218121 0.187865 0.049490 0.148091 0.041666 0.146614 1.000000 0.080430 0.595427 0.499688 0.596386 0.319596 0.200643 0.115983 0.097547 0.236048 -0.116726 -0.196746 -0.070531 -0.053877 -0.304282 -0.258462 -0.024359 -0.021988 0.223723 -0.123775 -0.294009 -0.256523 -0.013482 0.029210 -0.260601 0.040505 0.141338 -0.289426 -0.149525 -0.339676 -0.034312 0.122587 -0.271633 -0.162145 -0.279358 -0.332907 -0.364412 -0.350493 0.134494 -0.259507 -0.038499 0.095093 0.247016 -0.287125 -0.027232 -0.123840 0.042833 0.052547 0.375869 0.110123 0.461500 0.205397 0.073224 -0.048011 -0.060377 -0.121154 -0.033919 -0.170717 -0.039592 0.159970 0.252947 -0.011926 -0.079544 -0.032214 0.026630 0.240621 0.053709 0.073337 -0.129936 0.061000 -0.026310 -0.229107 0.276211 -0.058184 -0.134125 -0.197214 -0.111578 -0.193849 0.044398 0.028614 -0.162626 0.017690 -0.134796 -0.032063 -0.140905 -0.158987 -0.112485 -0.134196 -0.267573 -0.033818 -0.150503 -0.158851 -0.086197 -0.048262 0.054454 -0.020374 -0.010557 -0.127049 0.073313 -0.321345 -0.128764 -0.133553 -0.024068 0.126761 -0.105073 -0.180489
0.008293 0.434786 -0.078459 0.672850 -0.307494 0.049129 -0.302004 0.046429 -0.321147 -0.245540 0.080430 1.000000 -0.377349 -0.050955 -0.073324 0.406556 -0.131192 0.019786 -0.171612 -0.251360 0.043724 0.238502 0.241318 0.482937 0.106222 0.177462 0.350936 0.487845 -0.442286 -0.300620 -0.296952 0.013678 -0.209507 -0.382534 -0.096936 -0.017830 -0.151018 0.049191 -0.032853 0.274892 -0.303053 -0.158607 -0.389145 -0.183785 -0.347654 -0.257441 -0.288310 -0.077199 -0.078175 0.087661 0.254869 0.322575 0.135697 -0.040182 0.240075 0.214139 -0.074290 -0.015389 -0.145283 -0.120685 -0.422941 -0.159976 -0.234219 -0.256153 0.377048 0.281442 -0.221190 0.080285 -0.185510 -0.292837 -0.019977 0.140598 -0.535965 -0.144536 -0.232572 0.003760 -0.234210 0.236087 -0.236357 -0.136955 -0.421214 -0.328329 -0.264868 0.171288 0.333985 0.373635 0.162204 0.315919 0.184516 0.364233 -0.041142 -0.200263 0.155657 -0.014224 0.226943 0.114675 -0.128049 0.074641 -0.066556 -0.125476 -0.005086 -0.121987 -0.050059 -0.034806 0.206412 -0.106740 -0.098623 -0.179187 0.154236 -0.119474 -0.269103 -0.016393 0.048557 0.127249 0.075004 -0.062033
0.466318 -0.177139 0.271975 -0.525425 0.500837 0.143450 0.328575 0.302998 0.255953 0.490156 0.595427 -0.377349 1.000000 0.735207 0.461670 0.081745 0.199422 0.259961 0.281595 0.171796 -0.220606 -0.378501 -0.464416 -0.456452 -0.416207 -0.243190 -0.505424 -0.462408 0.434602 0.159042 0.017209 -0.001008 0.170008 0.231957 -0.290364 -0.081167 0.037145 -0.349283 -0.382952 -0.388384 0.194559 0.136705 0.029269 -0.043896 0.166465 -0.004399 -0.028486 -0.269148 0.356387 -0.042079 -0.216862 -0.062985 0.241298 -0.301725 -0.197272 -0.259491 0.077746 -0.004651 0.421184 0.134340 0.732384 0.542703 0.414057 0.286320 -0.506189 -0.226908 -0.069915 -0.351051 -0.105319 0.102176 0.212843 -0.097074 0.273028 -0.044522 -0.012964 0.163709 0.164401 0.016620 -0.027332 0.068190 0.194334 0.026024 0.195296 -0.149199 -0.472916 -0.441428 -0.280496 -0.425877 -0.297459 -0.265199 -0.213973 0.078423 -0.326460 -0.033886 -0.364265 -0.366867 0.027340 -0.413621 -0.195178 -0.002121 -0.169045 0.012623 -0.107062 -0.083005 -0.000164 -0.013309 0.016162 -0.108004 -0.014790 -0.354607 -0.015605 -0.233151 -0.089300 0.016355 -0.092118 -0.169210
0.295221 -0.152678 0.159838 -0.409802 0.478065 0.126857 0.203136 0.399328 0.268872 0.531783 0.499688 -0.050955 0.735207 1.000000 0.315176 0.171182 0.280381 0.438420 0.137248 0.042362 -0.283941 -0.354995 -0.442761 -0.305311 -0.381985 -0.126552 -0.457069 -0.361778 0.357246 0.324693 0.099881 0.160639 0.120666 0.089654 -0.281041 -0.055339 -0.075682 -0.307923 -0.378968 -0.231070 0.020822 0.171293 0.062790 0.034702 0.184145 0.039451 -0.101638 -0.221474 0.361439 0.205097 -0.225835 0.174226 0.232111 -0.214729 -0.283536 -0.234144 -0.095901 -0.075966 0.179003 0.013268 0.410930 0.684051 0.197212 0.237707 -0.449885 -0.161351 -0.316583 -0.428414 -0.174668 -0.127612 0.382609 0.139438 0.265784 0.218317 0.044179 0.354627 0.242622 0.334525 -0.039731 0.142222 0.098744 0.090510 -0.019996 -0.103927 -0.431007 -0.407343 -0.395824 -0.389100 -0.373506 -0.226913 -0.285848 0.003677 -0.215412 -0.036437 -0.260154 -0.230997 -0.120692 -0.306310 -0.253958 -0.063488 -0.061289 -0.111632 -0.192324 -0.179568 -0.079942 0.001142 -0.013443 -0.168937 -0.012112 -0.308620 -0.051112 -0.305502 -0.149775 0.106150 0.062584 -0.051638
0.629318 -0.014355 0.381352 -0.171590 0.385308 0.475713 0.099894 -0.059287 0.190643 0.086847 0.596386 -0.073324 0.461670 0.315176 1.000000 0.415270 0.033424 -0.017218 0.144896 0.213725 0.188782 0.060303 0.159774 -0.058358 -0.054467 -0.181603 0.182904 0.068545 0.202818 -0.257666 -0.314866 -0.297608 -0.064662 -0.195382 -0.228106 0.039582 0.058293 -0.247647 0.211021 -0.205177 0.019431 0.072447 -0.328366 -0.270900 -0.436946 -0.474948 -0.306114 -0.258402 0.053560 -0.359383 -0.048405 -0.044343 0.189539 -0.187314 0.126766 -0.053242 0.210955 0.272035 0.460416 0.075630 0.551347 0.123979 0.003029 -0.152651 0.033361 0.028454 -0.084107 -0.237467 0.059071 0.236130 0.220511 -0.154839 -0.123528 -0.213428 0.006142 0.076485 -0.044707 -0.139658 -0.299586 0.031803 -0.174708 -0.277921 0.397683 0.062791 -0.284779 -0.326667 -0.008901 -0.005940 0.193031 0.139282 0.063465 0.194995 -0.013162 0.126608 0.095103 -0.209279 0.211947 0.021281 -0.008579 0.192411 -0.110752 0.039102 0.003920 0.042589 -0.069439 0.058155 0.007042 0.087360 0.156019 -0.105599 0.029577 -0.079041 0.150522 0.010855 -0.126179 0.003264
0.335362 0.283627 0.136515 0.339640 -0.001694 0.380883 -0.226059 -0.118851 -0.218551 -0.163206 0.319596 0.406556 0.081745 0.171182 0.415270 1.000000 0.002136 0.269131 -0.206646 -0.102811 0.212356 0.261470 0.197182 0.168511 0.119599 0.041828 0.478695 0.484931 -0.178789 -0.166448 -0.277471 -0.046283 0.006501 -0.348287 -0.372710 -0.221130 -0.091668 -0.172634 -0.067139 0.075988 -0.200532 -0.034809 -0.205154 -0.087091 -0.314743 -0.303344 -0.139086 -0.083899 -0.058446 0.062839 0.229495 0.229955 0.361121 0.012572 0.319662 0.190117 0.157194 0.244285 0.084827 -0.145762 0.002824 0.059846 -0.036056 -0.108885 0.104521 0.085715 -0.442534 -0.351033 -0.048352 -0.154817 0.080006 0.068899 -0.295089 -0.161482 -0.169338 0.159761 -0.103816 -0.043643 -0.165583 0.028645 -0.292972 -0.185057 -0.123776 0.069607 -0.119005 -0.221639 0.181546 0.096013 0.080608 0.313337 -0.041706 -0.012754 0.083582 0.047868 0.166055 -0.054768 0.067310 -0.008841 -0.078256 0.069065 -0.024421 0.033143 0.083186 -0.013250 0.163905 0.027044 -0.064936 -0.135599 0.091983 -0.213388 -0.157352 -0.021959 0.170618 0.171687 0.099679 0.076179
0.130186 -0.163466 -0.214011 -0.121480 0.108396 -0.111644 -0.069279 0.044027 -0.043387 -0.011458 0.200643 -0.131192 0.199422 0.280381 0.033424 0.002136 1.000000 0.520024 0.142749 0.178239 -0.195955 -0.249688 -0.183344 -0.199537 -0.294999 -0.330832 -0.262606 -0.259863 0.497296 0.599521 0.099809 -0.156183 0.287006 0.142552 0.014426 -0.050136 0.331304 0.033374 -0.092580 -0.139733 0.150652 0.132101 0.006134 -0.054717 0.082271 -0.005184 -0.058382 -0.073806 0.044928 0.054985 -0.426210 -0.211507 -0.107857 -0.297167 -0.174802 -0.115848 0.226963 0.155292 -0.088060 -0.148534 0.245355 0.293035 0.384803 0.438001 -0.142656 -0.162880 -0.237142 -0.312444 -0.178035 -0.122590 0.107087 0.040401 0.551058 0.404298 0.269225 0.126298 0.217082 0.199262 0.479050 0.440046 0.610933 0.579483 0.228097 0.063079 -0.052898 -0.206730 0.013150 -0.340025 -0.039095 -0.178591 -0.367464 -0.334235 -0.233144 -0.287365 -0.260079 -0.117425 -0.209386 -0.163161 0.048418 -0.196862 -0.147860 -0.061001 -0.180092 -0.308470 -0.143965 -0.034823 -0.057114 0.051183 -0.114193 -0.229220 -0.204348 -0.100552 -0.054182 -0.167627 -0.133941 0.022405
0.196878 -0.047435 -0.223461 0.036425 0.126222 0.010230 -0.148063 -0.011313 -0.116657 -0.065587 0.115983 0.019786 0.259961 0.438420 -0.017218 0.269131 0.520024 1.000000 0.189220 0.137485 -0.182856 -0.226563 -0.088358 -0.245828 -0.522749 -0.452568 -0.152064 -0.180118 0.386716 0.622818 -0.120423 -0.119868 0.294453 -0.013119 -0.254735 -0.197114 0.207632 -0.173827 -0.330153 0.017582 0.129949 0.011509 -0.002697 0.041934 0.070471 -0.065443 -0.015485 -0.167359 0.167668 0.187316 -0.300764 0.079167 0.023813 -0.130225 -0.064856 0.003120 0.149631 0.142745 -0.056060 -0.077444 0.053270 0.491225 0.263530 0.460924 -0.247317 -0.226903 -0.491426 -0.588638 -0.120284 -0.244837 0.002192 -0.003143 0.424288 0.291685 0.170193 0.162116 0.352310 0.230715 0.339603 0.469833 0.345227 0.486291 -0.057618 0.050777 -0.096913 -0.178740 0.030023 -0.058875 -0.155085 -0.084821 -0.253278 -0.192657 -0.151239 -0.064194 -0.298297 -0.197417 -0.163294 -0.146863 -0.029997 -0.042113 -0.167480 -0.041592 -0.200003 -0.165582 -0.019224 -0.012794 -0.052930 -0.241546 -0.167716 -0.342452 -0.266604 -0.046768 -0.057549 0.013785 -0.047992 -0.083606
0.216184 -0.272442 0.210787 -0.200265 0.171922 -0.169302 0.251494 0.097755 0.294593 0.146983 0.097547 -0.171612 0.281595 0.137248 0.144896 -0.206646 0.142749 0.189220 1.000000 0.400430 -0.077125 -0.149615 -0.154543 -0.152491 -0.160346 -0.141677 -0.307160 -0.340433 0.483313 0.155734 0.078620 0.022578 0.323870 0.375070 0.018258 0.167952 0.016398 -0.315622 -0.201266 -0.417522 0.232404 0.022167 -0.128889 -0.074339 0.027530 -0.104099 -0.030777 -0.255323 0.077683 -0.074285 -0.293729 -0.219520 -0.206294 -0.465878 -0.246624 -0.271367 0.019741 -0.152955 0.300240 0.212025 0.252768 0.007917 0.331963 0.237168 -0.196058 -0.333336 0.295480 -0.063810 -0.126876 0.144239 -0.136633 -0.238472 0.207608 -0.070740 0.043090 -0.189571 0.042975 0.108125 0.097068 0.049411 0.300388 0.122482 0.260889 0.101645 -0.213934 -0.233323 -0.062566 -0.266707 -0.130817 -0.471205 -0.036214 -0.117692 -0.190328 -0.092910 -0.319403 -0.307876 -0.215950 -0.159344 -0.126725 -0.165217 0.051472 -0.131531 -0.239532 -0.201583 -0.166652 0.064346 -0.136600 -0.098206 -0.102364 -0.180740 -0.107092 -0.124825 0.055745 -0.020679 -0.160117 -0.242871
0.303899 0.019865 -0.109470 -0.267934 0.106107 -0.082900 0.045283 -0.259785 0.165579 0.143095 0.236048 -0.251360 0.171796 0.042362 0.213725 -0.102811 0.178239 0.137485 0.400430 1.000000 -0.153500 -0.175022 -0.056614 0.029226 -0.358494 -0.547251 -0.222679 -0.347155 0.446379 0.100077 -0.294423 -0.435555 0.117966 0.175267 -0.042692 0.154616 0.178759 -0.158186 -0.048505 -0.380542 0.146725 0.145083 -0.051168 -0.196157 -0.269299 -0.452569 -0.099747 -0.320882 -0.000165 -0.361301 -0.423413 -0.236157 -0.053346 -0.075639 -0.185886 -0.408725 0.225571 0.219188 0.277990 0.275502 0.275879 0.096951 0.113679 0.225765 -0.138149 -0.338398 0.128591 -0.287025 0.504258 0.694938 -0.022667 -0.197766 0.073726 0.043106 0.316402 -0.022426 0.200227 0.158168 0.224733 0.152839 0.400465 0.101108 0.505061 0.249659 0.085469 -0.035981 0.117340 0.182001 0.164237 -0.301494 0.250003 0.093625 -0.049041 -0.091521 -0.246376 -0.048943 -0.222656 0.215420 0.013752 -0.000519 -0.266030 -0.017894 -0.248012 -0.134546 -0.116338 -0.155690 -0.011456 -0.106892 -0.191489 -0.108452 -0.146697 0.067981 -0.011298 0.020407 -0.195355 -0.113479
0.147371 -0.017107 -0.056771 0.238573 -0.011126 0.360891 -0.141583 -0.395167 -0.082704 -0.198188 -0.116726 0.043724 -0.220606 -0.283941 0.188782 0.212356 -0.195955 -0.182856 -0.077125 -0.153500 1.000000 0.609445 0.348871 0.238034 0.507382 0.148373 0.458942 0.391473 -0.160983 -0.323648 -0.133978 -0.014343 -0.277915 -0.363712 -0.088309 -0.147136 -0.156414 -0.015578 0.221074 -0.023966 0.011074 -0.183244 -0.258550 -0.147160 -0.241098 -0.179260 -0.044007 -0.043720 -0.035809 -0.149459 0.234737 0.069018 0.312903 0.205441 0.332543 0.272897 0.118890 0.144859 0.176800 0.068510 -0.135676 -0.194075 -0.157684 -0.264852 0.225841 -0.068908 -0.037846 -0.114361 -0.187944 -0.011327 -0.051982 0.023013 -0.325454 -0.255534 -0.204776 -0.116009 -0.246984 -0.248383 -0.280067 -0.159026 -0.349707 -0.283701 0.136770 0.137960 0.058829 0.075684 0.216682 0.149484 0.120206 0.142023 0.337495 0.142926 0.238590 0.248749 0.180535 -0.036459 0.197758 0.040650 0.059199 0.115986 0.324375 0.202501 0.266800 0.170369 0.123042 0.109221 -0.179794 0.203260 0.183031 0.128419 -0.021252 0.070015 0.097684 0.082885 0.078389 0.054916
-0.013120 0.131956 -0.175860 0.415009 -0.289869 0.164748 -0.167920 -0.339559 -0.123430 -0.269327 -0.196746 0.238502 -0.378501 -0.354995 0.060303 0.261470 -0.249688 -0.226563 -0.149615 -0.175022 0.609445 1.000000 0.440598 0.307892 0.481718 0.178714 0.437280 0.572715 -0.260158 -0.375686 -0.193193 0.003830 -0.224840 -0.271908 -0.171675 -0.166396 -0.019629 0.042995 0.099101 0.176396 0.032536 -0.094769 -0.221355 0.024887 -0.160945 -0.093919 -0.006560 0.139455 -0.110856 0.045587 0.135966 -0.046775 0.184930 0.249710 0.230095 0.173791 0.022814 0.005269 0.052606 -0.037629 -0.319610 -0.316153 -0.285279 -0.315108 0.383997 0.105712 -0.056217 0.000804 -0.010692 -0.080996 -0.262805 -0.075252 -0.516783 -0.217023 -0.224264 -0.175443 -0.337433 -0.349198 -0.350873 -0.219770 -0.387543 -0.329062 0.114742 0.357340 0.363362 0.321058 0.416155 0.375873 0.232227 0.209190 0.247889 -0.014390 0.161131 0.122203 0.262799 0.095323 -0.034272 0.175412 0.067054 -0.085021 0.144915 -0.005217 0.159581 0.042356 0.134209 0.014506 -0.018108 0.166026 0.173369 0.223430 -0.024973 0.160580 0.014094 0.015581 -0.026513 -0.016618
0.105214 0.325851 -0.071249 0.546611 -0.280561 0.144700 -0.149913 -0.274708 -0.014873 -0.450648 -0.070531 0.241318 -0.464416 -0.442761 0.159774 0.197182 -0.183344 -0.088358 -0.154543 -0.056614 0.348871 0.440598 1.000000 0.478445 0.303007 -0.090192 0.561389 0.462409 -0.225539 -0.286517 -0.338153 -0.320675 -0.276613 -0.371009 -0.090351 -0.010094 -0.120592 0.093351 0.236307 0.188602 -0.103252 0.031587 -0.428797 -0.330812 -0.629078 -0.362758 -0.310547 -0.153393 -0.413428 -0.312400 0.297823 0.027483 0.026873 0.397560 0.245899 0.017844 0.079583 0.242408 -0.105907 -0.267655 -0.222945 -0.321654 -0.487409 -0.411922 0.763562 0.328242 -0.154976 0.043945 0.117012 -0.001994 -0.056812 -0.103635 -0.423825 -0.157754 -0.072126 -0.103352 -0.262700 -0.190608 -0.243333 0.083117 -0.442676 -0.296669 0.071664 0.202210 0.415736 0.259514 0.391779 0.451360 0.511524 0.472210 0.220308 0.114305 0.278845 0.376722 0.140470 0.039906 -0.147942 0.063055 0.053094 0.043481 0.043466 0.236556 0.201990 0.299549 0.210342 0.147109 0.146432 0.128591 -0.088647 -0.039948 -0.191655 0.130893 0.143910 0.133031 0.002852 -0.015670
0.002318 0.138218 0.046350 0.522165 -0.370033 0.014019 -0.054126 0.053585 -0.083506 -0.165319 -0.053877 0.482937 -0.456452 -0.305311 -0.058358 0.168511 -0.199537 -0.245828 -0.152491 0.029226 0.238034 0.307892 0.478445 1.000000 0.247663 0.143637 0.358533 0.425232 -0.263255 -0.434445 -0.187573 0.013507 -0.280757 -0.383910 0.004602 0.062927 -0.300575 0.071287 0.074919 0.054198 -0.417078 -0.226406 -0.360427 -0.417347 -0.587831 -0.451221 -0.349368 -0.091828 -0.194354 -0.248468 0.277263 0.106540 0.127948 0.243659 -0.014588 -0.167806 0.262336 -0.096582 0.068798 -0.042848 -0.196595 -0.288477 -0.240242 -0.326581 0.442340 0.293307 -0.056005 0.160228 -0.045411 -0.016579 0.007608 0.258423 -0.536211 -0.245502 -0.217987 -0.149710 -0.302649 0.011426 -0.231594 -0.315877 -0.319529 -0.478446 0.004058 0.367743 0.320245 0.298297 0.204118 0.392962 0.286128 0.263353 0.339698 0.132101 0.309548 0.144817 0.183236 0.043176 -0.350714 0.104922 0.014573 -0.077269 -0.011400 0.057987 0.020510 -0.018578 -0.036895 -0.238016 -0.274356 -0.072946 0.161402 0.125798 -0.378710 -0.053579 -0.047616 0.006727 -0.136388 -0.070667
-0.270454 -0.086878 0.171617 0.212084 -0.022584 0.059881 0.077059 -0.061631 0.033769 -0.070352 -0.304282 0.106222 -0.416207 -0.381985 -0.054467 0.119599 -0.294999 -0.522749 -0.160346 -0.358494 0.507382 0.481718 0.303007 0.247663 1.000000 0.554526 0.498552 0.402826 -0.320033 -0.352616 0.325137 0.308211 -0.113154 -0.096675 0.102276 -0.002663 -0.277232 0.175416 0.139517 0.050005 -0.151939 -0.036838 -0.021315 0.089405 -0.076779 0.158108 0.030190 0.123955 -0.262378 0.089714 0.385907 -0.018535 0.057409 0.139669 0.090806 0.030576 -0.210767 -0.055340 -0.181040 -0.160500 -0.313256 -0.438123 -0.321534 -0.446825 0.290351 0.170020 0.175921 0.336459 -0.151538 -0.054650 0.071903 0.117024 -0.299741 -0.094817 -0.258387 -0.079119 -0.385929 -0.173786 -0.241839 -0.242060 -0.334158 -0.161304 -0.210401 0.028674 -0.005509 -0.003542 0.000150 -0.047606 0.016569 0.001686 0.147961 0.034845 0.159634 0.137929 0.240693 0.043854 0.057983 -0.012120 -0.068944 -0.079598 0.361957 -0.043748 0.122112 0.108367 -0.033802 0.120050 -0.164841 0.279452 0.086413 0.229864 0.130971 -0.019207 0.086312 0.025125 0.069558 0.174020
-0.349704 -0.179628 0.192190 0.047586 0.070788 0.191318 0.223182 0.334351 0.136611 0.301574 -0.258462 0.177462 -0.243190 -0.126552 -0.181603 0.041828 -0.330832 -0.452568 -0.141677 -0.547251 0.148373 0.178714 -0.090192 0.143637 0.554526 1.000000 0.145926 0.250375 -0.355073 -0.283889 0.527823 0.715276 -0.045957 0.024529 0.127894 0.004524 -0.299040 -0.009635 0.018071 0.238724 -0.306798 -0.217945 0.132102 0.207800 0.288387 0.450518 0.212495 0.386702 -0.138553 0.348663 0.327174 0.099563 -0.093909 0.037416 -0.012439 0.182077 -0.176873 -0.274144 -0.294778 -0.274017 -0.240056 -0.217398 -0.133172 -0.237229 0.071928 0.384264 0.049542 0.357894 -0.306385 -0.330990 -0.043955 0.304526 -0.188513 -0.129248 -0.292979 -0.049832 -0.236303 -0.024224 -0.295887 -0.483829 -0.325377 -0.209577 -0.462876 -0.224903 -0.216169 -0.208669 -0.109023 -0.246201 -0.297846 -0.032805 -0.081162 -0.003521 0.105555 0.077337 0.404619 0.017206 0.130384 -0.048207 -0.091113 -0.077041 0.396366 -0.130955 0.035835 0.013342 -0.013517 0.176511 -0.044799 0.279638 0.285027 0.378915 0.409440 0.046860 0.077713 0.015833 0.156728 0.170596
0.083413 0.339867 0.058361 0.588943 -0.173682 0.343108 -0.336286 -0.304603 -0.260246 -0.467915 -0.024359 0.350936 -0.505424 -0.457069 0.182904 0.478695 -0.262606 -0.152064 -0.307160 -0.222679 0.458942 0.437280 0.561389 0.358533 0.498552 0.145926 1.000000 0.790737 -0.515679 -0.485677 -0.309350 -0.212530 -0.274048 -0.494496 -0.077038 -0.001390 -0.125145 0.064818 0.322623 0.170650 -0.280265 -0.157713 -0.292329 -0.114439 -0.446136 -0.266534 -0.112604 0.067861 -0.272483 -0.042370 0.471279 0.263651 0.207867 0.232324 0.475089 0.345776 0.095685 0.156353 -0.022723 -0.095167 -0.338694 -0.414119 -0.372048 -0.467591 0.420101 0.201280 -0.179829 0.029275 -0.043384 -0.153105 -0.090965 -0.065732 -0.467218 -0.316829 -0.267952 -0.085837 -0.326032 -0.209083 -0.291255 -0.156273 -0.491515 -0.297434 -0.127755 0.043641 0.141537 0.146347 0.261830 0.326842 0.321499 0.511119 0.269063 0.115661 0.419676 0.217614 0.297852 0.148098 0.192556 0.239243 0.141090 0.151932 0.221645 0.029028 0.230663 0.171699 0.144123 0.018390 -0.119262 0.078820 0.091464 0.161064 -0.024922 0.182637 0.317367 0.155741 0.039612 0.089269
0.019743 0.345634 -0.036223 0.662021 -0.269780 0.439114 -0.447488 -0.258614 -0.324850 -0.423231 -0.021988 0.487845 -0.462408 -0.361778 0.068545 0.484931 -0.259863 -0.180118 -0.340433 -0.347155 0.391473 0.572715 0.462409 0.425232 0.402826 0.250375 0.790737 1.000000 -0.587932 -0.540448 -0.288219 -0.044597 -0.294071 -0.394079 -0.036574 0.037905 -0.134263 -0.012378 0.209959 0.212861 -0.365984 -0.218776 -0.257946 -0.068063 -0.298175 -0.128304 -0.138947 0.244215 -0.261148 0.016513 0.447502 0.283648 0.106013 0.226932 0.474055 0.326458 0.133582 0.056188 -0.034679 -0.057536 -0.468844 -0.383619 -0.379511 -0.500993 0.367871 0.257965 -0.171993 0.127861 -0.029342 -0.244009 -0.027178 0.185381 -0.561615 -0.310280 -0.226776 0.022345 -0.323229 -0.080896 -0.345089 -0.220006 -0.502703 -0.395884 -0.116811 -0.004921 0.242651 0.180315 0.373137 0.293372 0.294036 0.519453 0.151926 -0.006088 0.314828 0.087008 0.360369 0.115931 0.139900 0.165846 -0.030677 0.017117 0.143311 -0.052012 0.184723 0.052822 0.136305 -0.039909 -0.164305 0.032369 0.033235 0.220590 0.020573 0.114505 0.228585 0.063513 0.030911 0.033457
0.113351 -0.419749 0.017682 -0.423532 0.296165 -0.266888 0.379437 0.133193 0.223372 0.263464 0.223723 -0.442286 0.434602 0.357246 0.202818 -0.178789 0.497296 0.386716 0.483313 0.446379 -0.160983 -0.260158 -0.225539 -0.263255 -0.320033 -0.355073 -0.515679 -0.587932 1.000000 0.567456 0.243185 0.034098 0.469451 0.436252 0.064527 -0.060033 0.233279 -0.016951 -0.185141 -0.408018 0.300676 0.339350 0.071703 -0.070464 0.099830 -0.098989 -0.024208 -0.305416 0.037929 -0.153404 -0.644398 -0.438843 -0.249306 -0.334466 -0.469491 -0.305939 0.010519 0.076216 0.045838 -0.006805 0.459935 0.269859 0.355196 0.380741 -0.257572 -0.330360 0.037700 -0.300801 0.026923 0.221993 0.024573 -0.113530 0.613412 0.319118 0.371436 0.143945 0.258209 0.147145 0.313572 0.337150 0.631270 0.471209 0.483072 0.153040 -0.177172 -0.256488 -0.105646 -0.287405 -0.230584 -0.539830 -0.284371 -0.174024 -0.327623 -0.191626 -0.410135 -0.209710 -0.225045 -0.128814 -0.112023 -0.076968 -0.128201 -0.130831 -0.143241 -0.279697 -0.301550 0.070014 -0.046139 0.081634 -0.234428 -0.298334 -0.076600 -0.192922 -0.116001 -0.045720 -0.083623 -0.063105
-0.186102 -0.314782 -0.257250 -0.294760 0.029985 -0.340316 0.056716 0.033860 0.033097 0.052283 -0.123775 -0.300620 0.159042 0.324693 -0.257666 -0.166448 0.599521 0.622818 0.155734 0.100077 -0.323648 -0.375686 -0.286517 -0.434445 -0.352616 -0.283889 -0.485677 -0.540448 0.567456 1.000000 0.283247 0.086633 0.458263 0.332267 -0.032919 -0.213013 0.348692 0.214119 -0.209532 0.029313 0.329027 0.341901 0.193116 0.109257 0.318893 0.216841 0.174295 -0.077257 0.061009 0.150732 -0.477816 -0.198758 -0.204291 -0.217186 -0.210204 -0.070040 -0.138333 0.077577 -0.264020 -0.117962 0.021855 0.335223 0.260769 0.478484 -0.338413 -0.320557 -0.125928 -0.296910 -0.038501 -0.148507 0.047289 0.027493 0.751294 0.619799 0.435128 0.226425 0.454321 0.221244 0.626006 0.460880 0.651551 0.733952 -0.000514 -0.024793 -0.088760 -0.149088 -0.114933 -0.289771 -0.193735 -0.316484 -0.415604 -0.294727 -0.320781 -0.318302 -0.229367 0.070204 -0.158348 -0.143626 -0.108448 -0.172258 -0.139870 -0.061865 -0.151924 -0.177623 -0.096468 0.044749 -0.007532 -0.084564 -0.167513 -0.127449 -0.120919 -0.165429 -0.278060 -0.142743 0.014367 0.113309
-0.454725 -0.397083 0.233556 -0.300846 0.252989 -0.205646 0.485143 0.376490 0.242063 0.337883 -0.294009 -0.296952 0.017209 0.099881 -0.314866 -0.277471 0.099809 -0.120423 0.078620 -0.294423 -0.133978 -0.193193 -0.338153 -0.187573 0.325137 0.527823 -0.309350 -0.288219 0.243185 0.283247 1.000000 0.808761 0.418579 0.521205 0.274796 -0.004770 -0.062020 0.099227 -0.230931 -0.007584 -0.090327 0.091190 0.347706 0.239103 0.519908 0.539170 0.184091 0.151700 -0.169274 0.241441 -0.242175 -0.305092 -0.316290 -0.133745 -0.434367 -0.154635 -0.298834 -0.138885 -0.475126 -0.275751 -0.073661 -0.109054 0.111281 0.066618 -0.251786 -0.066748 0.123148 0.148136 -0.225149 -0.208970 0.216114 0.435377 0.513269 0.354861 0.098784 0.203345 -0.000681 0.169470 0.246465 0.037145 0.287652 0.402925 -0.304488 -0.127249 -0.352621 -0.232083 -0.415325 -0.559250 -0.492227 -0.403797 -0.421315 -0.191912 -0.247098 -0.156747 -0.048563 -0.087895 -0.042098 -0.226393 -0.191420 -0.209905 0.201503 -0.112763 -0.188770 -0.174807 -0.275157 0.176380 -0.001178 0.338215 -0.089740 0.201370 0.259428 -0.144310 -0.025373 -0.095798 0.112784 0.169184
-0.355651 -0.245261 0.195822 -0.096380 0.214424 0.004110 0.343033 0.352150 0.115358 0.331288 -0.256523 0.013678 -0.001008 0.160639 -0.297608 -0.046283 -0.156183 -0.119868 0.022578 -0.435555 -0.014343 0.003830 -0.320675 0.013507 0.308211 0.715276 -0.212530 -0.044597 0.034098 0.086633 0.808761 1.000000 0.288916 0.334906 0.100071 -0.075792 -0.249134 -0.017096 -0.289162 0.146219 -0.218803 -0.056606 0.206936 0.196651 0.450967 0.459273 0.179545 0.187410 -0.030284 0.354199 -0.073320 -0.051283 -0.154204 -0.100444 -0.238935 -0.058439 -0.240741 -0.237375 -0.317880 -0.218660 -0.172803 -0.058046 0.032985 -0.061355 -0.269156 0.059627 -0.014108 0.126212 -0.281746 -0.371391 0.096317 0.509664 0.188859 0.103729 -0.175870 0.123798 -0.075960 0.106519 -0.016684 -0.212273 -0.051489 0.022410 -0.404311 -0.093245 -0.282632 -0.142259 -0.238390 -0.343052 -0.500840 -0.252749 -0.312842 -0.206167 -0.151351 -0.156814 0.139300 -0.052183 -0.032674 -0.193946 -0.262258 -0.163774 0.222886 -0.191598 -0.181276 -0.157101 -0.159765 0.173999 -0.116982 0.203963 0.091334 0.248386 0.219338 -0.116896 -0.091311 -0.042894 0.194822 0.109864
-0.039546 -0.282453 0.234429 -0.257523 0.176500 -0.103085 0.303780 0.125060 0.116423 0.096410 -0.013482 -0.209507 0.170008 0.120666 -0.064662 0.006501 0.287006 0.294453 0.323870 0.117966 -0.277915 -0.224840 -0.276613 -0.280757 -0.113154 -0.045957 -0.274048 -0.294071 0.469451 0.458263 0.418579 0.288916 1.000000 0.619095 0.097552 -0.063278 0.166204 0.042352 -0.256998 -0.168009 0.186105 0.397456 0.197969 0.209306 0.280547 0.198786 0.144848 0.059991 -0.215674 -0.028509 -0.441893 -0.375307 -0.410106 -0.296055 -0.245805 -0.248461 -0.031854 0.059488 -0.237648 -0.164439 0.027016 -0.075143 0.093096 0.099072 -0.327653 -0.314368 0.100179 -0.128051 -0.075551 -0.137581 0.165148 0.218602 0.603991 0.372495 0.447520 0.189770 0.229357 0.196043 0.518258 0.271027 0.493044 0.499172 -0.074425 -0.232658 -0.273081 -0.269732 -0.131734 -0.500920 -0.367437 -0.455960 -0.390209 -0.292504 -0.291898 -0.237470 -0.184538 -0.211424 0.003003 -0.055957 -0.322140 -0.192801 -0.072529 -0.141948 -0.196658 -0.196808 -0.127263 -0.055659 -0.032674 -0.012536 -0.291564 -0.088736 0.160627 -0.066456 0.033522 -0.078494 0.020988 0.001001
-0.287412 -0.258138 0.210762 -0.449713 0.188840 -0.241753 0.428616 0.224879 0.275103 0.271070 0.029210 -0.382534 0.231957 0.089654 -0.195382 -0.348287 0.142552 -0.013119 0.375070 0.175267 -0.363712 -0.271908 -0.371009 -0.383910 -0.096675 0.024529 -0.494496 -0.394079 0.436252 0.332267 0.521205 0.334906 0.619095 1.000000 0.396506 0.258775 0.136482 -0.028690 -0.306603 -0.335091 0.128780 0.234954 0.237721 0.181095 0.453139 0.390421 0.027822 -0.034358 -0.130193 -0.086718 -0.373848 -0.452763 -0.512945 -0.320848 -0.391176 -0.463630 -0.300394 -0.064360 -0.216697 0.039091 0.063157 -0.060160 0.125057 0.079914 -0.274362 -0.230972 0.473911 0.283684 0.061749 0.159239 0.097126 0.124016 0.473153 0.311615 0.379007 0.287260 0.111419 0.182892 0.347464 0.162175 0.484535 0.336418 0.039830 -0.354243 -0.174348 -0.211293 -0.273989 -0.563101 -0.341277 -0.598249 -0.395813 -0.325988 -0.382535 -0.357238 -0.273227 -0.203447 -0.167356 -0.209639 -0.471690 -0.322169 -0.077175 -0.282235 -0.238063 -0.168518 -0.177152 0.040786 0.122501 0.043589 -0.287626 -0.069210 0.240597 -0.024741 0.048853 -0.066262 0.037072 -0.032753
-0.369999 -0.148704 0.040482 -0.180538 -0.016832 -0.079288 0.020484 0.059838 -0.013531 -0.060695 -0.260601 -0.096936 -0.290364 -0.281041 -0.228106 -0.372710 0.014426 -0.254735 0.018258 -0.042692 -0.088309 -0.171675 -0.090351 0.004602 0.102276 0.127894 -0.077038 -0.036574 0.064527 -0.032919 0.274796 0.100071 0.097552 0.396506 1.000000 0.433151 -0.018489 0.156829 0.211929 -0.064792 -0.314430 -0.140568 0.180625 0.035574 0.183058 0.290349 -0.041830 0.218468 -0.267702 -0.083547 -0.088814 -0.231994 -0.488706 -0.072610 -0.133889 -0.117831 -0.036135 -0.095313 -0.417593 -0.126335 -0.185945 -0.250270 -0.070219 -0.135668 0.168225 0.129219 0.213386 0.481521 -0.035280 -0.036758 0.057074 0.142684 0.164324 0.031220 0.117941 -0.081603 -0.079758 0.102858 0.082757 -0.097076 0.238177 0.234508 -0.064856 -0.269556 -0.066192 -0.025686 -0.198081 -0.137692 -0.022151 -0.205238 0.000300 -0.007144 0.177196 -0.005182 0.087863 0.053144 0.015967 0.153616 0.034979 0.099653 0.213478 0.010538 0.115826 0.025237 -0.158665 0.168198 0.022242 0.294245 -0.064707 0.172165 0.281926 0.025799 0.329373 -0.069684 0.178477 0.312581
-0.074469 -0.012290 -0.034553 -0.094806 0.149589 0.085842 -0.107649 -0.042010 0.124777 0.151678 0.040505 -0.017830 -0.081167 -0.055339 0.039582 -0.221130 -0.050136 -0.197114 0.167952 0.154616 -0.147136 -0.166396 -0.010094 0.062927 -0.002663 0.004524 -0.001390 0.037905 -0.060033 -0.213013 -0.004770 -0.075792 -0.063278 0.258775 0.433151 1.000000 -0.006944 -0.066638 0.146831 -0.198115 -0.172063 -0.237569 -0.037410 -0.070193 0.017662 0.141426 -0.200657 -0.059083 -0.149279 -0.080007 0.083068 -0.021529 -0.281497 -0.018842 -0.031133 -0.267596 -0.055495 -0.157418 0.007239 0.024828 0.012838 -0.040641 0.007369 -0.219828 0.108188 0.164341 0.171219 0.414271 0.200177 0.120164 0.218718 0.105703 -0.098964 -0.072804 0.110306 0.095284 0.045902 0.339127 -0.143818 -0.198021 -0.014722 -0.146347 0.105835 -0.256702 0.114187 0.002375 -0.104539 -0.102541 0.001132 -0.083344 -0.005732 -0.135770 0.067370 -0.102565 -0.140413 -0.116206 -0.219908 0.041521 -0.133797 -0.149325 0.110018 -0.378675 -0.012844 -0.225822 -0.157645 -0.022981 0.045226 -0.012996 -0.043302 0.072553 0.078254 0.032960 0.181143 -0.132056 -0.042908 -0.092817
