1.000000 0.325881 -0.051777 0.060314 -0.130276 -0.162987 -0.298503 -0.556758 -0.377823 -0.350557 0.146436 -0.267160 -0.003477 -0.437980 0.106086 -0.096405 0.168518 0.061633 0.435619 0.383637 -0.063368 0.076886 0.349329 -0.027976 -0.018561 0.046737 0.138228 0.336208 -0.103602 -0.269202 -0.026144 0.028868 -0.326147 -0.290128 -0.027091 0.064161 -0.024653 0.197081 0.072120 0.033904 0.055702 0.226401 0.172960 0.160261 0.010781 0.027564 -0.213490 0.373692 0.081688 0.035341 0.110287 -0.160351 -0.060228 0.219290 0.170236 -0.051939 0.349284 0.387259 -0.083945 -0.183208 -0.290997 -0.530170 -0.169816 -0.340318 -0.345028 -0.258236 -0.112369 -0.138004 0.186242 0.110046 0.054958 0.022462 0.041123 0.163068 0.086260 0.213651 0.176812 0.189054 -0.256367 -0.117097 -0.044677 -0.125722 0.132082 0.086341 0.174742 0.178783 0.419007 0.317891 0.195308 0.218789 -0.069062 0.141539 -0.285979 -0.075422 0.138777 0.177403 -0.032235 0.239310 0.106241 0.049133 -0.275715 -0.137036 -0.021657 0.180487 0.022325 0.102865 0.039010 -0.062139 0.176766 0.110687 0.132811 -0.176488 -0.194708 0.048815 0.124626 -0.120457
0.325881 1.000000 -0.275730 0.092905 -0.268386 -0.278463 -0.428160 0.050213 -0.267551 -0.036314 -0.126639 0.135682 -0.223262 -0.157184 0.020067 -0.142384 0.141937 0.169150 0.400241 0.386730 -0.037745 0.083738 0.009514 -0.317731 -0.534476 -0.341413 -0.015775 0.238521 -0.197129 0.171776 -0.391069 -0.270960 -0.358284 -0.153844 -0.186233 -0.152647 0.158845 0.507735 -0.072219 0.011902 0.345245 0.258166 -0.424696 -0.471049 -0.307762 -0.393685 -0.258363 0.237848 -0.187609 0.166359 -0.037478 0.162956 0.230078 0.267855 -0.022505 0.195282 0.547377 0.733694 0.022225 0.279310 -0.191367 0.044905 -0.165909 0.093796 -0.457945 -0.379634 -0.234732 -0.499754 0.318766 0.210743 -0.023909 0.202466 0.055879 0.265983 0.277164 0.235864 0.485313 0.388033 -0.355679 -0.393862 0.133195 -0.120314 -0.143097 0.018458 -0.336261 -0.106738 0.263426 0.506800 0.090817 0.330827 0.259319 0.134486 0.124880 -0.128786 0.129884 0.228659 -0.391150 0.413806 0.345620 0.316554 0.311291 -0.071638 0.458872 0.150703 0.099530 0.095218 0.219565 0.017374 0.023154 0.096079 0.006124 0.166192 0.094212 0.337443 0.121119 0.168406
-0.051777 -0.275730 1.000000 0.006091 0.356979 0.038481 0.413440 0.107024 0.165695 0.018867 0.146678 0.017007 0.260737 0.065802 0.384563 -0.251712 -0.250296 -0.355576 -0.202985 -0.357335 0.092009 -0.134443 0.334904 0.129612 0.324150 0.158400 0.108559 -0.135306 -0.189023 -0.436375 0.242964 -0.058564 0.158675 -0.066155 0.207211 0.372962 -0.283001 -0.352017 -0.204537 -0.190637 -0.140018 -0.258778 0.052688 0.211001 -0.123558 -0.027230 -0.088173 0.088636 0.326067 -0.371938 0.078503 -0.024005 -0.110178 -0.265573 0.150386 -0.236897 -0.313481 -0.336418 0.173390 -0.325469 0.388477 0.090806 0.090254 -0.152254 0.550801 0.512831 0.199410 0.283888 -0.382778 -0.182042 -0.164312 -0.013532 -0.221699 -0.363886 -0.303223 -0.029399 -0.245852 -0.271282 -0.201196 -0.333964 -0.362438 -0.403062 -0.155903 -0.411359 -0.116779 -0.283177 -0.168839 -0.315222 0.214372 -0.134246 0.068686 0.110707 0.153264 0.174865 0.166185 -0.114351 0.129618 -0.062140 -0.269922 -0.268663 -0.110218 -0.007045 -0.126371 0.155157 0.022628 0.083545 0.096604 0.020974 0.008488 0.054857 0.061044 -0.033693 -0.187077 0.065449 -0.004165 0.163336
0.060314 0.092905 0.006091 1.000000 -0.473405 -0.093477 -0.322513 -0.067845 -0.491858 -0.375195 -0.321527 -0.113637 -0.406096 -0.315158 -0.261916 0.195934 0.000659 -0.077841 0.075697 0.192671 0.077878 0.049079 0.506234 0.614238 0.005375 0.468028 0.208337 0.508522 -0.265343 -0.345227 0.251288 0.563857 0.045634 0.088948 0.509276 0.207648 0.131447 0.088798 0.102965 -0.047665 0.089593 0.194706 -0.203345 0.002792 -0.173754 0.009064 -0.209360 0.077827 -0.341365 -0.153277 0.161319 -0.082491 -0.583361 0.053751 -0.198905 -0.134464 -0.199850 -0.152593 -0.512086 -0.172982 -0.367193 -0.210099 0.052299 -0.215568 0.223277 0.409420 -0.255075 0.167677 -0.218582 -0.189662 0.034877 0.360239 -0.348707 0.070086 0.045262 -0.018792 -0.095478 -0.019546 -0.187740 -0.182029 -0.300576 -0.347879 0.178248 0.292314 0.129868 0.453768 0.285163 0.466746 0.284508 0.388625 -0.005907 -0.346369 0.217487 -0.287508 0.067648 -0.181522 -0.327762 0.043969 -0.407686 -0.055769 0.098700 -0.139012 0.202916 0.088336 -0.051302 0.042903 0.120010 0.193481 -0.243102 -0.047595 -0.108195 -0.205462 -0.035343 0.070693 -0.045478 -0.027196
-0.130276 -0.268386 0.356979 -0.473405 1.000000 0.453341 0.661194 0.231809 0.620576 0.447108 0.409095 0.345922 0.585636 0.413570 0.393323 -0.025785 -0.105155 0.001209 -0.227749 -0.341601 0.041578 -0.035615 -0.239580 -0.151915 0.115504 -0.291631 0.004809 -0.377973 0.064513 0.085795 -0.092608 -0.417501 -0.033625 -0.181577 -0.389202 -0.191899 -0.382351 -0.411235 -0.351059 -0.232894 -0.211861 -0.373970 0.152565 -0.060102 0.075977 -0.082320 0.040556 -0.199964 0.435022 0.052944 0.226612 0.078368 0.442484 -0.061476 -0.041585 -0.223747 -0.227581 -0.327098 0.576220 -0.058098 0.583779 0.252038 0.258680 0.179952 0.306055 -0.018114 0.139454 -0.041295 -0.198114 0.044157 -0.280652 -0.223674 0.001194 -0.470320 -0.306626 -0.380304 -0.303725 -0.367340 0.108375 -0.101311 -0.041469 -0.010359 -0.332357 -0.261380 -0.125264 -0.428695 -0.305192 -0.586568 -0.031675 -0.508427 0.204157 0.400038 -0.095246 0.475563 0.058688 -0.143478 0.053819 -0.177165 0.099579 -0.000676 -0.115353 0.097450 -0.294840 0.065170 0.102743 0.114101 -0.157157 0.072651 0.048413 -0.142931 -0.063199 0.092438 0.071203 0.080829 0.065394 0.257534
-0.162987 -0.278463 0.038481 -0.093477 0.453341 1.000000 0.556456 0.435520 0.500084 0.558555 0.086429 0.395920 0.380526 0.463615 0.174833 0.339574 -0.136795 -0.044720 -0.235558 -0.186503 0.084871 0.042399 -0.307554 0.005855 -0.166043 -0.233960 -0.054753 -0.111792 -0.062776 0.089285 -0.113767 -0.173654 -0.046635 -0.045702 -0.161907 -0.234171 -0.129490 -0.164584 -0.097723 -0.124681 -0.098542 -0.180508 -0.183125 -0.270509 0.172299 0.097354 -0.042443 -0.357469 0.168374 0.299185 0.202950 0.174434 0.226042 0.073169 -0.031263 -0.181086 -0.252063 -0.344146 0.381086 0.120601 0.488806 0.371312 0.305417 0.132323 0.326197 -0.029465 -0.137493 -0.027499 -0.117393 -0.048128 -0.139302 -0.100815 -0.002189 -0.388671 -0.134681 -0.320685 -0.334441 -0.327709 0.024436 -0.054919 -0.062699 -0.003792 -0.163193 -0.069799 -0.164879 -0.224019 -0.201155 -0.400854 -0.110692 -0.208925 0.181588 0.128115 -0.086019 0.207236 -0.060250 -0.230980 -0.141322 -0.298014 -0.063529 -0.034034 -0.142475 0.030850 -0.283712 -0.146309 -0.065159 -0.230566 -0.151063 0.098063 -0.138599 -0.307346 -0.291556 -0.116828 0.022512 -0.035094 -0.194591 -0.081737
-0.298503 -0.428160 0.413440 -0.322513 0.661194 0.556456 1.000000 0.451182 0.737316 0.599721 0.272586 0.370088 0.517767 0.584946 0.341377 0.019759 -0.098403 -0.066014 -0.307334 -0.407215 -0.110462 -0.144359 -0.298840 -0.059864 0.120704 -0.290400 -0.236121 -0.535501 0.065223 0.060725 0.007649 -0.360392 0.112453 -0.026251 -0.220626 -0.148106 -0.230958 -0.504158 -0.204267 -0.312683 -0.139534 -0.321953 -0.006911 -0.099013 0.215456 0.082070 -0.007803 -0.418492 0.294345 0.107752 0.289529 0.184462 0.274682 -0.202045 -0.126550 -0.285403 -0.269153 -0.483090 0.491353 0.041038 0.664774 0.460320 0.462085 0.376915 0.509187 0.171305 0.005494 0.023210 -0.309634 -0.069997 -0.191700 -0.373591 0.060519 -0.427637 -0.234944 -0.356505 -0.387668 -0.539157 0.243956 -0.016437 0.077552 0.090802 -0.200011 -0.174034 -0.120808 -0.401584 -0.565322 -0.649422 -0.075471 -0.429144 0.084286 0.211577 -0.151334 0.314189 -0.123048 -0.217554 -0.014472 -0.469258 -0.104351 -0.206913 -0.114609 0.068151 -0.344062 -0.207387 -0.171042 -0.231197 -0.089619 -0.053678 -0.139877 -0.333305 -0.295514 0.059770 -0.060544 -0.119492 -0.297070 -0.038032
-0.556758 0.050213 0.107024 -0.067845 0.231809 0.435520 0.451182 1.000000 0.563295 0.724644 -0.084124 0.582256 0.141350 0.583187 0.074341 0.206957 -0.212230 -0.086002 -0.285262 -0.334578 0.032573 0.021049 -0.455590 -0.261708 -0.369036 -0.370271 -0.331632 -0.376299 -0.164919 0.322797 -0.313172 -0.408558 -0.103577 -0.116620 -0.252320 -0.228304 -0.056232 -0.030369 -0.379253 -0.101048 0.008037 -0.244587 -0.429883 -0.474077 -0.191703 -0.097145 -0.122262 -0.253997 -0.165076 0.162651 -0.013115 0.340872 0.268585 0.120661 -0.214712 -0.006487 -0.181178 -0.150112 0.332347 0.327517 0.545611 0.836201 0.239937 0.435544 0.307593 0.176445 -0.263309 -0.206932 -0.194903 -0.119455 -0.113196 -0.070824 -0.092770 -0.286158 -0.069176 -0.160193 -0.119333 -0.096325 -0.213033 -0.297895 -0.065625 -0.149547 -0.227408 -0.093036 -0.548514 -0.441957 -0.508685 -0.326799 -0.188024 -0.032525 0.391168 0.105512 0.336767 0.109982 0.033646 0.030482 -0.204257 -0.076821 0.015026 -0.030931 0.398627 0.074092 0.133134 -0.106787 -0.014757 -0.177016 0.144363 0.185353 -0.159806 -0.130332 -0.283115 0.295184 0.256970 0.210244 -0.100228 0.110777
-0.377823 -0.267551 0.165695 -0.491858 0.620576 0.500084 0.737316 0.563295 1.000000 0.719137 0.086938 0.417630 0.440766 0.652589 0.386809 0.139124 -0.018062 -0.047952 -0.289018 -0.393340 -0.111216 -0.130958 -0.521944 -0.348369 -0.138012 -0.459116 -0.306704 -0.550091 0.173238 0.329146 -0.204315 -0.471196 -0.086838 -0.073487 -0.353034 -0.250063 -0.257986 -0.282388 -0.242523 -0.272984 -0.131905 -0.389177 -0.059934 -0.227152 0.089140 -0.046754 0.028338 -0.351883 0.184407 0.155171 0.150466 0.190401 0.377427 0.041132 -0.029557 -0.066698 -0.051197 -0.214110 0.573546 0.184654 0.596265 0.518941 0.292672 0.396231 0.283233 -0.111596 -0.103890 -0.247013 -0.077358 -0.044531 -0.204913 -0.319480 0.185733 -0.410321 -0.207201 -0.284873 -0.304433 -0.318995 0.202357 0.066867 0.169508 0.214621 -0.339677 -0.196990 -0.191424 -0.488487 -0.514095 -0.631792 -0.211001 -0.412664 0.156565 0.307864 -0.006922 0.332757 -0.074766 -0.031019 -0.016218 -0.236100 0.117854 -0.098729 0.006621 0.084537 -0.217940 -0.127352 -0.084423 -0.164340 -0.026401 0.011369 -0.077130 -0.171494 -0.296608 0.215697 0.038142 0.043083 -0.231517 0.038458
-0.350557 -0.036314 0.018867 -0.375195 0.447108 0.558555 0.599721 0.724644 0.719137 1.000000 0.181530 0.710049 0.367468 0.669071 0.298956 0.331628 -0.069225 0.009360 -0.284617 -0.358497 -0.095312 0.043445 -0.611921 -0.380919 -0.435349 -0.641830 -0.482375 -0.456635 -0.099697 0.400069 -0.467734 -0.643414 -0.168252 -0.149891 -0.484202 -0.307972 -0.207364 -0.073330 -0.319167 -0.103928 -0.016995 -0.285401 -0.370128 -0.533368 -0.033324 -0.029276 -0.188131 -0.384811 0.051290 0.342068 0.214931 0.458029 0.498219 0.167802 -0.120814 -0.084867 0.070748 -0.117708 0.598631 0.446087 0.587470 0.752552 0.399961 0.457597 0.255719 -0.035582 -0.235603 -0.351664 -0.095385 0.043958 -0.104214 -0.280137 0.145483 -0.297147 -0.141445 -0.274958 -0.137798 -0.243091 0.029493 -0.150354 0.086387 0.053001 -0.324960 -0.143752 -0.350957 -0.448732 -0.485218 -0.526787 -0.148404 -0.170428 0.369715 0.241711 0.116028 0.281369 -0.108597 -0.000628 -0.228786 -0.211135 0.225513 -0.022489 0.148040 0.011420 -0.052643 -0.126859 0.000251 -0.287732 -0.067649 -0.003025 -0.122505 -0.250028 -0.394202 0.231468 0.110300 0.221825 -0.238232 0.028246
0.146436 -0.126639 0.146678 -0.321527 0.409095 0.086429 0.272586 -0.084124 0.086938 0.181530 1.000000 0.293942 0.649552 0.305762 0.374882 -0.189030 0.127965 0.045752 -0.106503 -0.076676 -0.143980 -0.162557 0.137812 0.176870 0.167038 -0.216240 -0.167972 -0.280528 -0.034332 -0.142842 0.077106 -0.226485 0.091587 0.015064 -0.260226 0.071924 -0.164978 -0.359725 -0.005005 -0.129891 -0.070498 -0.061636 0.117780 -0.037011 0.023929 0.141692 -0.302171 -0.255765 0.333927 -0.011745 0.015016 0.134408 0.177108 -0.071029 0.101869 -0.290837 -0.036672 -0.107632 0.334072 -0.135282 0.386506 0.101373 0.257909 0.238625 0.205835 0.179873 0.050667 0.039211 -0.156306 0.036940 -0.101158 -0.176977 -0.041002 -0.047680 -0.141769 -0.080705 -0.081782 -0.254915 0.205365 -0.055368 -0.214101 -0.099579 -0.117305 -0.133432 0.091509 -0.250703 -0.278394 -0.189033 0.203028 -0.186318 0.084256 0.167509 -0.166224 0.308216 -0.347209 -0.097577 -0.092717 -0.475132 -0.128085 -0.052689 -0.256336 -0.056937 -0.307835 -0.058389 -0.022849 0.123522 -0.150686 -0.014720 -0.114177 -0.158702 -0.145925 -0.122263 -0.146854 -0.312344 0.064525 0.074106
-0.267160 0.135682 0.017007 -0.113637 0.345922 0.395920 0.370088 0.582256 0.417630 0.710049 0.293942 1.000000 0.351003 0.648309 0.161752 0.306943 0.117555 0.107608 -0.306764 -0.296077 0.054385 0.005170 -0.285650 -0.133845 -0.460643 -0.506358 -0.266585 -0.190433 -0.070572 0.234564 -0.306544 -0.425730 -0.151340 -0.115820 -0.360114 -0.288127 -0.057287 -0.012637 -0.163532 -0.001561 0.247662 0.008335 -0.324638 -0.433659 -0.252033 -0.163426 -0.372011 -0.292252 -0.114096 0.079161 0.142835 0.335557 0.341363 0.121892 -0.111060 -0.115532 0.079677 -0.169778 0.313421 0.140944 0.463281 0.628941 0.419892 0.427125 0.203950 0.150425 -0.360128 -0.401285 -0.186006 -0.144901 0.065985 0.043242 0.028153 -0.057986 0.013398 -0.052846 0.049321 -0.056522 0.067793 -0.195986 0.010665 -0.096481 -0.269163 -0.045170 -0.300265 -0.285398 -0.317584 -0.171005 0.093199 0.077539 0.308342 0.007340 0.033733 0.057014 -0.174994 -0.124112 -0.329747 -0.264845 0.056823 -0.088826 0.076393 0.017606 -0.030626 -0.065245 0.077315 -0.302085 -0.101266 -0.035190 -0.155758 -0.247784 -0.364313 0.097602 0.046470 0.213201 -0.057733 -0.036345
-0.003477 -0.223262 0.260737 -0.406096 0.585636 0.380526 0.517767 0.141350 0.440766 0.367468 0.649552 0.351003 1.000000 0.530925 0.571199 -0.069918 -0.133127 -0.012684 -0.198466 -0.251406 -0.105382 -0.189158 -0.085223 -0.048401 0.012431 -0.347567 -0.201849 -0.414191 0.011378 -0.110643 -0.098327 -0.335106 0.031974 0.001484 -0.382078 -0.000793 -0.335596 -0.496314 -0.285253 -0.378345 -0.090278 -0.208611 0.127398 -0.075450 0.119300 0.165596 -0.202034 -0.248414 0.473277 0.111340 0.155298 0.104408 0.469339 -0.090648 0.034638 -0.371483 -0.204687 -0.161189 0.552882 -0.046958 0.723537 0.341552 0.392808 0.352523 0.354374 0.139704 0.062445 0.025393 -0.059743 0.038433 -0.221755 -0.276622 -0.091550 -0.329463 -0.193366 -0.235753 -0.182571 -0.453153 0.179024 -0.137438 -0.123459 -0.065986 -0.230694 -0.270432 -0.160037 -0.511062 -0.409984 -0.457584 0.068771 -0.438317 0.126819 0.144819 -0.111446 0.415767 -0.109727 -0.150590 -0.074460 -0.378373 -0.176772 -0.237309 -0.191684 0.001880 -0.309981 -0.047709 0.003665 0.196857 -0.134163 0.236768 -0.195235 -0.219641 -0.175771 -0.015721 -0.125204 -0.109146 0.198697 0.096013
-0.437980 -0.157184 0.065802 -0.315158 0.413570 0.463615 0.584946 0.583187 0.652589 0.669071 0.305762 0.648309 0.530925 1.000000 0.294803 0.238771 0.096388 0.174524 -0.372367 -0.309720 -0.080032 -0.190108 -0.440628 -0.094456 -0.193980 -0.410463 -0.409646 -0.539582 0.116154 0.292312 -0.148908 -0.366712 0.099666 0.139188 -0.427657 -0.332843 -0.105791 -0.307170 -0.115798 -0.267619 -0.010354 -0.217646 -0.071687 -0.297451 0.151433 0.086033 -0.179170 -0.515508 0.035542 0.243288 0.053709 0.267521 0.276102 -0.075324 -0.209194 -0.140230 -0.052215 -0.223776 0.398501 0.174160 0.678893 0.716973 0.549571 0.680913 0.375331 0.128491 -0.243548 -0.339579 -0.046863 -0.110128 -0.108220 -0.136908 0.072977 -0.225066 -0.049546 -0.218776 -0.144905 -0.398671 0.413251 -0.072365 0.202489 0.113894 -0.327437 -0.043393 -0.233018 -0.438517 -0.538372 -0.436878 -0.178717 -0.251843 0.044135 -0.068096 -0.110125 0.167310 -0.312249 -0.329098 -0.248000 -0.485473 -0.129730 -0.124440 -0.071471 -0.004333 -0.176842 -0.307812 -0.111275 -0.129450 -0.080386 0.111043 -0.402927 -0.405359 -0.475050 0.129335 0.025922 -0.080298 -0.025546 0.032699
0.106086 0.020067 0.384563 -0.261916 0.393323 0.174833 0.341377 0.074341 0.386809 0.298956 0.374882 0.161752 0.571199 0.294803 1.000000 0.128224 -0.075931 -0.141017 -0.113362 -0.232228 -0.059507 -0.192976 0.084406 -0.142841 -0.093088 -0.303534 -0.120557 -0.140410 0.013819 -0.199639 -0.160393 -0.418674 -0.218581 -0.281175 -0.171691 0.235835 -0.187197 -0.214745 -0.238957 -0.236059 -0.044609 -0.120375 -0.106184 -0.194219 -0.141987 -0.076695 -0.224615 -0.174024 0.404761 -0.035210 0.298475 0.158628 0.257991 0.070948 0.145978 -0.184787 -0.077888 0.014606 0.533215 0.012500 0.413344 0.146099 0.190234 0.053235 0.271287 0.033458 -0.032944 -0.068548 -0.054338 0.138179 -0.174744 -0.110807 -0.080660 -0.225809 -0.096985 -0.225559 -0.053312 -0.254601 -0.087192 -0.218727 -0.095400 -0.133141 -0.036962 -0.127412 -0.026296 -0.356600 -0.104417 -0.262491 0.119429 -0.221227 0.150652 0.240087 0.009591 0.312313 -0.098741 0.022373 -0.141400 -0.075105 -0.038466 -0.320938 -0.140645 -0.154846 -0.026559 0.020077 -0.083810 0.012478 -0.038669 0.086593 0.013231 -0.067377 -0.176182 -0.151953 -0.104323 0.096763 -0.132283 -0.002673
-0.096405 -0.142384 -0.251712 0.195934 -0.025785 0.339574 0.019759 0.206957 0.139124 0.331628 -0.189030 0.306943 -0.069918 0.238771 0.128224 1.000000 0.006700 -0.053150 -0.230464 -0.208624 0.110615 0.125926 -0.171114 0.064890 -0.270494 -0.039118 -0.063853 0.187343 -0.014659 0.139430 -0.100790 -0.030705 -0.162082 -0.185473 -0.011902 -0.208590 0.094115 0.186367 -0.062166 0.260895 -0.080238 0.037152 -0.115267 -0.138428 0.011330 -0.059490 0.010627 -0.132373 -0.162566 0.030164 0.231690 0.100933 0.008413 0.199106 -0.053313 0.128501 -0.120152 -0.283210 -0.034424 0.096801 -0.079615 0.100524 0.193479 -0.115165 0.052177 0.038618 -0.321706 -0.200143 -0.063055 -0.143956 0.123620 0.072873 0.004357 -0.042852 0.002400 -0.119848 -0.084540 -0.003314 0.066609 0.081068 0.101207 0.067072 0.104338 0.335759 -0.027481 0.189847 0.182851 0.037569 -0.175163 0.229489 -0.016391 -0.072411 -0.051705 -0.220592 -0.101481 -0.125123 -0.127244 -0.054361 0.096076 -0.203649 -0.089542 -0.042839 0.045162 -0.048257 -0.055828 -0.280864 -0.232851 -0.055335 0.034230 -0.096156 -0.140867 -0.139489 0.239255 0.102618 -0.185869 -0.249721
0.168518 0.141937 -0.250296 0.000659 -0.105155 -0.136795 -0.098403 -0.212230 -0.018062 -0.069225 0.127965 0.117555 -0.133127 0.096388 -0.075931 0.006700 1.000000 0.360235 0.105211 0.195316 -0.002845 -0.118380 -0.010531 -0.039999 -0.145577 -0.173559 -0.224108 -0.137987 0.290557 0.264795 0.152558 0.079459 0.034357 0.137848 -0.022306 -0.256387 0.337779 0.198851 0.497508 0.013723 0.294047 0.371405 -0.025931 -0.111318 0.080093 -0.074775 -0.095225 -0.232397 -0.211146 0.115494 -0.073137 0.051969 -0.264083 0.155152 0.064025 0.196140 0.401611 0.074226 -0.091086 -0.126336 -0.091975 -0.131662 0.285977 0.205588 -0.099968 -0.206544 -0.171561 -0.465074 0.035149 -0.260460 0.160602 0.063903 0.428165 0.345846 0.415660 0.113464 0.269116 0.028532 0.426317 0.156424 0.380902 0.239912 -0.014476 0.231701 0.161317 0.043954 0.147768 0.078085 0.044287 0.160594 -0.313688 -0.082143 -0.374436 -0.128988 -0.236810 -0.163201 -0.231214 -0.264916 -0.094433 0.260298 -0.273646 -0.179350 -0.215983 -0.250205 -0.199190 -0.027117 0.050729 -0.038880 -0.172746 -0.228108 -0.425518 -0.191919 -0.020407 -0.146790 0.038000 -0.215222
0.061633 0.169150 -0.355576 -0.077841 0.001209 -0.044720 -0.066014 -0.086002 -0.047952 0.009360 0.045752 0.107608 -0.012684 0.174524 -0.141017 -0.053150 0.360235 1.000000 0.046022 0.076792 -0.206498 0.084789 -0.225369 0.055028 -0.075929 -0.101778 -0.153213 -0.162906 0.028224 0.449003 -0.085756 -0.114610 -0.055436 -0.026338 -0.347071 -0.469084 0.216572 0.004150 0.282742 0.035325 -0.044683 0.173444 0.099023 -0.019207 0.086075 0.095175 -0.037350 -0.035196 -0.082633 0.215595 0.051716 -0.135428 0.000161 0.121180 -0.232255 0.042991 0.288303 0.077715 -0.004173 0.034313 -0.020638 0.073584 0.215794 0.309230 -0.134932 -0.162733 -0.308111 -0.304262 0.057586 0.030927 -0.119568 -0.235168 0.191240 0.134600 0.285510 -0.000464 0.219592 -0.170075 0.358944 0.256740 0.464715 0.395259 0.022522 0.261925 0.043046 0.122600 -0.107585 0.039747 -0.060915 -0.075692 -0.065393 -0.038134 -0.112220 -0.108348 -0.164278 -0.136255 -0.223550 -0.211410 0.113522 0.114537 -0.141733 -0.074153 0.147144 0.037095 0.176992 -0.049314 -0.120617 -0.087549 -0.089281 -0.241874 -0.196174 -0.173184 -0.034920 0.028007 0.069270 -0.142696
0.435619 0.400241 -0.202985 0.075697 -0.227749 -0.235558 -0.307334 -0.285262 -0.289018 -0.284617 -0.106503 -0.306764 -0.198466 -0.372367 -0.113362 -0.230464 0.105211 0.046022 1.000000 0.684722 0.101223 0.319345 0.015494 -0.213970 -0.175913 -0.088867 -0.028065 0.049813 -0.003596 0.066279 -0.066629 0.045009 0.002001 0.122087 0.010296 -0.093809 0.196772 0.109484 0.099989 0.125244 0.158160 0.162858 -0.005918 -0.124544 -0.077465 -0.237635 -0.000205 0.199362 -0.176971 -0.008413 -0.211646 -0.319919 -0.031498 0.098218 -0.001435 0.092091 0.251067 0.435404 -0.117501 -0.139297 -0.250187 -0.264751 -0.082155 -0.010122 -0.381738 -0.422818 -0.083074 -0.262940 0.638278 0.451190 0.182349 -0.061361 0.067161 0.066144 0.236238 0.123569 0.200958 0.257045 -0.139491 -0.013929 0.100420 0.080689 0.252700 0.079761 -0.042663 0.055741 0.141815 0.218382 0.006685 0.047389 0.020901 0.159063 -0.120213 -0.075657 0.047106 0.166380 -0.065738 0.355290 0.022675 0.364300 0.033014 0.082469 0.129882 0.087270 -0.015782 0.180027 0.033259 -0.100785 0.216354 0.258782 0.212787 0.066153 0.031455 0.119185 -0.046103 -0.051464
0.383637 0.386730 -0.357335 0.192671 -0.341601 -0.186503 -0.407215 -0.334578 -0.393340 -0.358497 -0.076676 -0.296077 -0.251406 -0.309720 -0.232228 -0.208624 0.195316 0.076792 0.684722 1.000000 -0.076618 0.090989 0.044870 0.000976 -0.071244 0.050562 0.058628 0.194878 -0.005171 0.021132 -0.016542 0.235868 0.007086 0.282628 0.027222 -0.059797 0.115363 0.207971 0.199805 0.136919 0.022600 0.152476 -0.019375 -0.088569 -0.195470 -0.168965 -0.142486 0.070932 -0.248951 0.001112 -0.270506 -0.208784 -0.197237 0.057849 0.004584 0.182890 0.322623 0.406580 -0.208965 -0.081339 -0.334617 -0.344325 -0.076442 -0.089709 -0.422257 -0.401117 -0.013325 -0.113740 0.545385 0.387010 0.056293 0.086928 -0.057378 0.207479 0.173542 0.044178 0.221015 0.246344 -0.111140 0.061967 -0.036233 0.014058 0.196810 0.199372 0.030593 0.221649 0.199649 0.324334 0.070847 0.248501 0.006242 0.104095 -0.166774 -0.134382 0.044904 0.001179 -0.120506 0.263472 -0.082020 0.369484 0.119527 -0.060893 0.198860 0.004087 -0.151148 0.110470 0.172613 0.067696 0.015435 -0.077225 0.124496 0.065052 -0.097102 -0.067151 -0.018219 -0.005488
-0.063368 -0.037745 0.092009 0.077878 0.041578 0.084871 -0.110462 0.032573 -0.111216 -0.095312 -0.143980 0.054385 -0.105382 -0.080032 -0.059507 0.110615 -0.002845 -0.206498 0.101223 -0.076618 1.000000 0.375860 0.023947 -0.103252 -0.094222 0.092055 0.315691 0.168618 0.033075 0.000095 0.103477 0.177677 0.124141 -0.114498 0.065994 -0.147391 0.100812 -0.025792 0.121379 0.101031 0.102649 0.159316 0.176417 0.235276 0.021308 -0.141339 0.298958 0.139698 -0.047441 -0.192550 -0.102521 -0.036020 -0.050022 -0.030518 -0.152209 0.087608 -0.211136 -0.081989 -0.183474 -0.253383 -0.034374 -0.079825 -0.033890 -0.086016 -0.114118 -0.046207 0.060983 0.025321 0.128378 0.133956 0.355467 0.170662 -0.000449 -0.024159 0.073312 -0.020233 -0.123440 0.084275 -0.060686 -0.006391 0.008552 0.049641 -0.019276 -0.050526 -0.196363 -0.058251 0.132860 -0.120993 -0.207080 -0.095369 -0.070431 -0.013912 0.093981 0.022223 -0.173767 -0.027642 0.057153 0.075316 0.078513 0.177109 0.084189 0.063628 -0.042214 -0.003465 0.050509 -0.062277 -0.383423 -0.114083 0.080684 0.152056 0.059738 -0.122298 0.017903 0.023606 0.205427 -0.043352
0.076886 0.083738 -0.134443 0.049079 -0.035615 0.042399 -0.144359 0.021049 -0.130958 0.043445 -0.162557 0.005170 -0.189158 -0.190108 -0.192976 0.125926 -0.118380 0.084789 0.319345 0.090989 0.375860 1.000000 -0.101508 -0.044141 -0.024492 0.093117 -0.005659 0.145677 0.007098 0.058846 0.004221 0.085481 -0.021342 -0.092505 -0.114814 -0.283277 0.102124 0.137654 0.014906 0.219302 -0.066287 0.172648 0.000906 0.044638 -0.137300 -0.221801 0.170730 0.307514 -0.307570 -0.252175 -0.106785 -0.167664 0.006655 0.285453 -0.105460 0.014633 -0.023934 0.096843 -0.223808 -0.246458 -0.207136 -0.058391 -0.046506 -0.072569 -0.145739 -0.073503 -0.256761 -0.159478 0.244023 0.190679 0.307317 -0.035303 0.201693 0.136566 0.323265 0.038817 -0.043249 0.136083 -0.107460 0.140314 0.072095 0.167723 0.081220 -0.031751 -0.104847 0.081795 -0.051222 -0.081746 -0.071060 -0.075889 0.024425 0.196776 0.240035 0.065570 -0.207977 0.240804 -0.107798 0.134998 0.170652 0.081277 0.211148 0.226257 0.074350 0.056134 0.092764 -0.145486 -0.441995 -0.402110 0.400016 0.224648 0.230387 0.084615 0.279899 0.213919 -0.154571 -0.040431
0.349329 0.009514 0.334904 0.506234 -0.239580 -0.307554 -0.298840 -0.455590 -0.521944 -0.611921 0.137812 -0.285650 -0.085223 -0.440628 0.084406 -0.171114 -0.010531 -0.225369 0.015494 0.044870 0.023947 -0.101508 1.000000 0.571539 0.342574 0.531525 0.480361 0.555270 -0.164106 -0.613425 0.474616 0.505665 0.090581 0.011391 0.571379 0.551606 -0.085507 0.038050 0.074744 -0.014637 0.101137 0.273993 0.105353 0.298299 -0.131961 0.124025 -0.269606 0.356721 0.066305 -0.349732 0.072704 -0.182206 -0.547718 -0.064524 0.097085 -0.240538 -0.194660 -0.079501 -0.452010 -0.449608 -0.316084 -0.463444 -0.126065 -0.462246 0.214409 0.468838 -0.107552 0.356353 -0.334058 -0.239153 -0.103572 0.315528 -0.279590 0.250626 -0.037923 0.176387 0.001037 0.050135 -0.209667 -0.231577 -0.403307 -0.473454 0.182950 -0.038262 0.339568 0.246479 0.332211 0.494060 0.512337 0.274802 -0.131965 -0.259209 -0.006431 -0.105941 0.021924 -0.137618 -0.120729 -0.004679 -0.415446 -0.280773 -0.179726 -0.215212 -0.057436 0.124071 0.045082 0.198203 0.115912 0.096169 -0.041796 0.080074 0.124971 -0.290935 -0.241546 -0.147484 0.057952 0.075168
-0.027976 -0.317731 0.129612 0.614238 -0.151915 0.005855 -0.059864 -0.261708 -0.348369 -0.380919 0.176870 -0.133845 -0.048401 -0.094456 -0.142841 0.064890 -0.039999 0.055028 -0.213970 0.000976 -0.103252 -0.044141 0.571539 1.000000 0.494842 0.623859 0.257188 0.327141 -0.181853 -0.485527 0.475988 0.565775 0.169382 0.129718 0.424851 0.310464 0.000815 -0.239900 0.142865 -0.112140 -0.201702 0.082238 0.132814 0.257496 0.061452 0.322864 -0.128555 -0.144884 0.015854 -0.268041 0.241228 -0.107290 -0.552402 -0.119335 -0.116062 -0.359859 -0.328626 -0.411138 -0.428536 -0.398776 -0.239605 -0.256306 0.120089 -0.170144 0.373308 0.626917 -0.129576 0.429106 -0.377045 -0.183895 -0.150997 0.151706 -0.377625 0.002571 -0.141296 -0.101058 -0.353018 -0.336558 0.210863 0.095245 -0.313140 -0.202258 0.147038 0.232901 0.356354 0.472424 -0.042301 0.285705 0.377284 0.069859 -0.105399 -0.252990 0.067460 -0.011013 -0.163467 -0.380713 -0.170447 -0.405921 -0.492877 -0.296269 -0.153488 -0.059910 -0.101745 0.000660 0.003717 0.042784 -0.073266 0.039974 -0.256242 -0.183232 -0.054596 -0.315278 -0.159168 -0.376952 -0.055048 0.027030
-0.018561 -0.534476 0.324150 0.005375 0.115504 -0.166043 0.120704 -0.369036 -0.138012 -0.435349 0.167038 -0.460643 0.012431 -0.193980 -0.093088 -0.270494 -0.145577 -0.075929 -0.175913 -0.071244 -0.094222 -0.024492 0.342574 0.494842 1.000000 0.691551 0.228343 -0.013642 0.175468 -0.354449 0.595690 0.476862 0.347122 0.197143 0.294819 0.206735 -0.108491 -0.377878 0.104854 -0.135135 -0.350458 -0.210174 0.612165 0.675232 0.175191 0.376252 0.279027 0.093469 0.109154 -0.408619 0.024320 -0.313496 -0.365298 -0.331146 -0.067282 -0.229502 -0.406306 -0.378652 -0.341820 -0.502097 -0.193649 -0.389691 -0.159893 -0.336189 0.222980 0.390186 0.261360 0.531302 -0.244333 -0.186727 -0.127212 -0.003816 -0.099302 0.005837 -0.124357 -0.069246 -0.256844 -0.244709 0.262381 0.323302 -0.084881 0.133048 0.122986 0.028066 0.417655 0.310187 -0.112518 -0.123045 -0.098871 -0.302731 -0.398970 -0.086849 -0.172446 -0.053391 -0.045834 -0.202040 0.311037 -0.261092 -0.317807 -0.229010 -0.203412 -0.165964 -0.339402 -0.192670 -0.157612 0.055000 -0.084745 -0.132057 0.056540 0.049195 0.215565 -0.194055 -0.223784 -0.471097 -0.127589 0.009965
0.046737 -0.341413 0.158400 0.468028 -0.291631 -0.233960 -0.290400 -0.370271 -0.459116 -0.641830 -0.216240 -0.506358 -0.347567 -0.410463 -0.303534 -0.039118 -0.173559 -0.101778 -0.088867 0.050562 0.092055 0.093117 0.531525 0.623859 0.691551 1.000000 0.429961 0.421304 0.004944 -0.400276 0.540442 0.742033 0.234770 0.172761 0.600759 0.323659 -0.031059 -0.092318 0.119602 -0.016413 -0.209211 -0.008506 0.378219 0.601355 0.035057 0.293107 0.161376 0.271726 -0.134020 -0.458555 -0.026226 -0.335251 -0.553093 -0.167441 -0.047690 -0.220621 -0.439072 -0.311845 -0.626726 -0.562117 -0.444440 -0.493141 -0.277217 -0.538997 0.121549 0.461075 0.083600 0.523943 -0.128522 -0.256202 0.024037 0.228223 -0.208094 0.214098 0.037521 0.126046 -0.236243 -0.008860 0.010652 0.227675 -0.254974 -0.062133 0.258146 0.137042 0.352660 0.499340 0.246815 0.232482 0.049620 0.085604 -0.383363 -0.352164 0.030954 -0.228823 0.108567 -0.189021 0.112950 -0.033377 -0.370406 -0.292758 -0.091084 -0.147998 -0.009995 -0.114595 -0.051369 0.080844 -0.048195 -0.039722 0.024559 0.093760 0.268037 -0.244615 -0.058492 -0.235052 0.049243 -0.009060
0.138228 -0.015775 0.108559 0.208337 0.004809 -0.054753 -0.236121 -0.331632 -0.306704 -0.482375 -0.167972 -0.266585 -0.201849 -0.409646 -0.120557 -0.063853 -0.224108 -0.153213 -0.028065 0.058628 0.315691 -0.005659 0.480361 0.257188 0.228343 0.429961 1.000000 0.636178 -0.282931 -0.225173 0.092543 0.303746 -0.046910 -0.112975 0.362164 0.286672 0.000095 0.036410 0.034597 0.202910 -0.067295 0.187129 0.192072 0.354498 0.090296 0.082754 0.148641 0.301228 0.185104 -0.214607 -0.074117 -0.092399 -0.180760 -0.129990 0.104290 -0.053251 -0.196527 -0.079940 -0.254449 -0.233883 -0.323806 -0.439989 -0.378857 -0.529663 -0.179975 0.041837 0.157378 0.399259 -0.052618 0.144026 -0.073237 0.077239 -0.308270 0.081802 -0.119062 -0.060032 -0.102596 0.101128 -0.196709 -0.091274 -0.150181 -0.194023 0.138768 0.051218 0.201296 0.217993 0.456657 0.386946 0.259009 0.079631 -0.020658 -0.134036 -0.035542 -0.016197 0.157381 -0.177581 0.218939 0.159406 0.085238 0.082638 -0.021075 -0.051279 -0.064331 0.138760 0.142730 0.111930 -0.080536 0.093350 0.052861 0.077744 0.374579 -0.093167 -0.129794 -0.087969 0.105512 0.200641
0.336208 0.238521 -0.135306 0.508522 -0.377973 -0.111792 -0.535501 -0.376299 -0.550091 -0.456635 -0.280528 -0.190433 -0.414191 -0.539582 -0.140410 0.187343 -0.137987 -0.162906 0.049813 0.194878 0.168618 0.145677 0.555270 0.327141 -0.013642 0.421304 0.636178 1.000000 -0.186741 -0.377791 0.099991 0.390815 -0.194174 -0.201862 0.323133 0.206123 0.206985 0.410140 0.128124 0.258047 0.159119 0.421753 -0.081011 0.130458 -0.153576 -0.016563 -0.130783 0.370234 -0.033702 -0.186275 0.028415 -0.040579 -0.282840 0.093386 0.105904 0.022993 0.066820 0.118688 -0.446574 -0.153153 -0.576920 -0.531464 -0.352019 -0.583890 -0.277185 0.004801 -0.059700 0.206812 -0.050368 -0.027361 0.101592 0.411103 -0.147642 0.328720 0.092919 0.250905 0.142906 0.340612 -0.312270 -0.076663 -0.200715 -0.314091 0.210486 0.129449 0.152425 0.407030 0.601284 0.686169 0.321156 0.418845 -0.000141 -0.206067 0.052056 -0.137459 0.049943 -0.036816 -0.086376 0.276514 0.044060 -0.033055 0.063440 -0.088274 0.274991 0.227163 0.165349 0.012313 -0.079490 -0.019958 0.098875 0.027841 0.280202 -0.155673 0.015758 0.204499 0.031716 0.024546
-0.103602 -0.197129 -0.189023 -0.265343 0.064513 -0.062776 0.065223 -0.164919 0.173238 -0.099697 -0.034332 -0.070572 0.011378 0.116154 0.013819 -0.014659 0.290557 0.028224 -0.003596 -0.005171 0.033075 0.007098 -0.164106 -0.181853 0.175468 0.004944 -0.282931 -0.186741 1.000000 0.168798 0.271087 0.137197 0.101406 0.137311 -0.198831 -0.319004 0.220265 -0.043258 0.216318 -0.091379 0.181734 0.121497 0.277266 0.170392 0.009505 -0.202745 0.346308 -0.096118 -0.193042 -0.136779 -0.059679 -0.221736 0.076182 0.093404 -0.055412 0.255106 -0.120820 -0.108547 -0.201850 -0.248901 -0.070086 -0.234793 0.085566 0.068481 -0.068708 -0.286141 -0.046818 -0.242362 0.129848 -0.161750 0.241404 0.256749 0.536368 0.257022 0.242818 0.091551 0.116037 0.077000 0.462071 0.506621 0.401230 0.495970 0.022322 0.168081 0.253979 0.147783 -0.059730 -0.257855 -0.312205 -0.322506 -0.404512 0.094789 -0.286442 -0.069680 -0.233082 0.069005 0.123558 -0.059158 -0.141423 -0.166152 -0.129711 0.000463 -0.158388 -0.220412 -0.328652 -0.044916 -0.023288 -0.207911 0.237454 0.053835 -0.097502 -0.122251 0.067136 -0.145517 -0.160862 -0.306941
-0.269202 0.171776 -0.436375 -0.345227 0.085795 0.089285 0.060725 0.322797 0.329146 0.400069 -0.142842 0.234564 -0.110643 0.292312 -0.199639 0.139430 0.264795 0.449003 0.066279 0.021132 0.000095 0.058846 -0.613425 -0.485527 -0.354449 -0.400276 -0.225173 -0.377791 0.168798 1.000000 -0.388889 -0.328383 -0.065203 0.076203 -0.408443 -0.544033 0.085507 0.211109 0.043828 0.186320 -0.006154 -0.079695 -0.109108 -0.313512 -0.008803 -0.171862 0.159796 -0.089385 -0.261282 0.281111 -0.247896 0.113100 0.300521 0.212846 -0.135398 0.356388 0.254431 0.162912 0.119628 0.337859 0.071765 0.373608 0.111506 0.319496 -0.283202 -0.437324 -0.221385 -0.507043 0.284053 0.103748 -0.012708 -0.281231 0.393310 0.128949 0.212856 -0.102588 0.292161 0.119850 0.238775 0.208603 0.521838 0.494207 -0.216855 0.115686 -0.274401 -0.178474 -0.154442 -0.204769 -0.380121 -0.045649 0.022836 0.089657 -0.032648 -0.134856 -0.024172 0.089078 -0.042392 0.071290 0.412053 0.341708 0.151540 0.039866 0.116505 -0.123160 -0.021262 -0.106333 0.131284 -0.088298 0.097240 -0.001910 -0.223422 0.102221 0.285411 0.009656 -0.048377 -0.015657
-0.026144 -0.391069 0.242964 0.251288 -0.092608 -0.113767 0.007649 -0.313172 -0.204315 -0.467734 0.077106 -0.306544 -0.098327 -0.148908 -0.160393 -0.100790 0.152558 -0.085756 -0.066629 -0.016542 0.103477 0.004221 0.474616 0.475988 0.595690 0.540442 0.092543 0.099991 0.271087 -0.388889 1.000000 0.728256 0.486769 0.349973 0.416361 0.041366 0.087327 -0.230627 0.371295 -0.056850 -0.069744 0.172445 0.365218 0.453881 0.198605 0.123104 0.090026 0.140286 -0.112243 -0.408291 -0.022218 -0.378724 -0.565384 -0.205264 -0.052888 -0.057676 -0.295399 -0.437818 -0.472971 -0.585631 -0.193193 -0.367148 0.124231 -0.214485 0.311005 0.295226 0.065397 0.227690 -0.205531 -0.457796 0.047798 0.222431 0.044383 0.148163 0.012643 0.226930 -0.221705 -0.067294 0.261840 0.253351 -0.017447 0.045854 0.121184 0.043349 0.264375 0.247102 0.021880 0.080029 -0.138349 -0.133327 -0.481586 -0.275634 -0.281635 -0.224551 -0.287599 -0.206770 0.012595 -0.309151 -0.420078 -0.192399 -0.386128 -0.128482 -0.398161 -0.211074 -0.253805 -0.014664 -0.183168 -0.238093 -0.039085 -0.033016 0.029344 -0.132149 -0.136095 -0.257834 -0.154852 -0.273168
0.028868 -0.270960 -0.058564 0.563857 -0.417501 -0.173654 -0.360392 -0.408558 -0.471196 -0.643414 -0.226485 -0.425730 -0.335106 -0.366712 -0.418674 -0.030705 0.079459 -0.114610 0.045009 0.235868 0.177677 0.085481 0.505665 0.565775 0.476862 0.742033 0.303746 0.390815 0.137197 -0.328383 0.728256 1.000000 0.424778 0.463315 0.518631 0.149527 0.108321 -0.049079 0.373697 0.037840 0.009657 0.248539 0.311094 0.436625 0.141354 0.189270 0.108354 0.245853 -0.356576 -0.323771 -0.106409 -0.326599 -0.607341 -0.060242 -0.030491 -0.037106 -0.301704 -0.256168 -0.722525 -0.502962 -0.462652 -0.479102 -0.045353 -0.353808 0.115010 0.265231 -0.000795 0.306734 -0.018868 -0.326956 0.067386 0.331455 -0.087291 0.320004 0.089871 0.150105 -0.200290 0.041953 0.165785 0.279483 -0.135050 0.004536 0.255359 0.198397 0.309447 0.519756 0.298074 0.344387 -0.081803 0.117307 -0.485512 -0.516970 -0.167683 -0.366332 -0.110045 -0.176328 -0.020501 -0.111865 -0.450821 -0.117558 -0.214255 -0.264005 -0.219270 -0.296581 -0.276892 0.008721 -0.087562 -0.089888 -0.086493 0.012979 0.083004 -0.195117 -0.141774 -0.292014 -0.040154 -0.180448
-0.326147 -0.358284 0.158675 0.045634 -0.033625 -0.046635 0.112453 -0.103577 -0.086838 -0.168252 0.091587 -0.151340 0.031974 0.099666 -0.218581 -0.162082 0.034357 -0.055436 0.002001 0.007086 0.124141 -0.021342 0.090581 0.169382 0.347122 0.234770 -0.046910 -0.194174 0.101406 -0.065203 0.486769 0.424778 1.000000 0.760113 0.187169 -0.110402 0.036020 -0.404192 0.291305 0.009724 0.071177 -0.054877 0.291251 0.196406 0.309918 0.121750 0.221230 -0.103244 0.048028 -0.120457 -0.257184 -0.176095 -0.279611 -0.522584 -0.073033 -0.067571 -0.140393 -0.216909 -0.194809 -0.187620 0.127290 0.020761 0.255716 0.237909 0.258550 0.206536 0.242630 0.144608 0.069761 -0.149097 0.070936 -0.050347 0.060882 0.055791 -0.021867 -0.130096 -0.158657 -0.224631 0.394811 0.200405 0.026282 0.141725 -0.173849 -0.230430 -0.063654 -0.113619 -0.056108 -0.163811 -0.278610 -0.143000 -0.419659 -0.378926 -0.166194 -0.107062 -0.351868 -0.422561 0.025347 -0.405768 -0.338877 0.154128 -0.222769 -0.058734 -0.301890 -0.299186 -0.235099 -0.009425 -0.112727 0.032891 -0.243535 -0.281464 -0.110291 -0.016066 0.061132 -0.332349 -0.071900 -0.024311
-0.290128 -0.153844 -0.066155 0.088948 -0.181577 -0.045702 -0.026251 -0.116620 -0.073487 -0.149891 0.015064 -0.115820 0.001484 0.139188 -0.281175 -0.185473 0.137848 -0.026338 0.122087 0.282628 -0.114498 -0.092505 0.011391 0.129718 0.197143 0.172761 -0.112975 -0.201862 0.137311 0.076203 0.349973 0.463315 0.760113 1.000000 0.218892 -0.028238 0.054168 -0.195835 0.255934 -0.021376 0.169796 -0.000243 0.134363 0.006343 0.171550 0.062290 0.091119 -0.080628 -0.140265 -0.028115 -0.381519 -0.174096 -0.245934 -0.347439 0.021776 -0.000042 -0.036276 -0.025860 -0.219186 -0.161770 0.005229 0.033427 0.225073 0.228004 0.113642 0.036438 0.067093 -0.056246 0.315598 -0.114275 -0.046741 0.012101 0.100664 0.196235 0.102040 -0.041800 -0.016736 -0.128357 0.380602 0.178920 0.034143 0.170993 -0.165246 -0.100669 0.045949 -0.051781 -0.029790 -0.022124 -0.205662 -0.048731 -0.330357 -0.441070 -0.149764 -0.195155 -0.150772 -0.284710 -0.014977 -0.246104 -0.306442 0.195746 -0.159500 -0.126215 -0.233392 -0.366200 -0.316278 0.085108 0.157044 0.086096 -0.321316 -0.217236 -0.070519 0.067277 -0.075676 -0.311988 -0.059799 0.010155
-0.027091 -0.186233 0.207211 0.509276 -0.389202 -0.161907 -0.220626 -0.252320 -0.353034 -0.484202 -0.260226 -0.360114 -0.382078 -0.427657 -0.171691 -0.011902 -0.022306 -0.347071 0.010296 0.027222 0.065994 -0.114814 0.571379 0.424851 0.294819 0.600759 0.362164 0.323133 -0.198831 -0.408443 0.416361 0.518631 0.187169 0.218892 1.000000 0.579805 -0.065887 0.064689 0.111501 -0.050336 0.069613 0.066344 0.012542 0.239219 0.017204 0.179042 -0.022337 0.132508 -0.056022 -0.273314 0.034128 -0.164351 -0.628122 -0.289894 0.140349 -0.274587 -0.257397 -0.195951 -0.347714 -0.291378 -0.385148 -0.329336 -0.225892 -0.450191 0.178675 0.414654 0.129589 0.462757 -0.139889 -0.213492 0.088254 0.209216 -0.310601 0.149457 0.031107 0.025762 -0.115742 0.060906 -0.175862 0.001589 -0.282784 -0.235775 0.196801 -0.062233 0.308420 0.246944 0.315807 0.269724 0.242883 0.265885 -0.219224 -0.362036 0.009904 -0.306249 0.151610 -0.157378 0.013386 0.012341 -0.342148 -0.148567 -0.172737 -0.092271 -0.162387 -0.086895 -0.072284 0.000283 0.115847 0.057145 -0.146249 0.055725 0.079134 -0.178821 -0.168202 -0.134136 -0.089392 -0.059751
0.064161 -0.152647 0.372962 0.207648 -0.191899 -0.234171 -0.148106 -0.228304 -0.250063 -0.307972 0.071924 -0.288127 -0.000793 -0.332843 0.235835 -0.208590 -0.256387 -0.469084 -0.093809 -0.059797 -0.147391 -0.283277 0.551606 0.310464 0.206735 0.323659 0.286672 0.206123 -0.319004 -0.544033 0.041366 0.149527 -0.110402 -0.028238 0.579805 1.000000 -0.219730 -0.054830 -0.191429 -0.035469 -0.056472 -0.073100 -0.085800 0.086910 -0.186659 0.168479 -0.188808 0.048425 0.206601 -0.196448 0.032597 0.057995 -0.244419 -0.158670 0.254128 -0.322029 -0.233681 -0.010638 -0.041677 -0.117280 -0.151406 -0.151899 -0.310050 -0.353878 0.206072 0.445127 0.212423 0.520014 -0.198751 0.032359 -0.126531 0.137194 -0.425875 -0.007116 -0.147602 0.035292 -0.068947 -0.007053 -0.376127 -0.292067 -0.498521 -0.461791 0.274254 -0.115387 0.292570 0.076072 0.154113 0.225845 0.521091 0.188209 0.117064 -0.165481 0.217828 0.071132 0.260244 0.087584 0.194977 0.157692 -0.275411 -0.363950 -0.061116 -0.079051 -0.014898 0.099610 0.061970 0.174520 0.277269 0.204597 -0.013886 0.187782 0.185950 -0.125801 -0.216806 -0.138886 0.042693 0.130823
