1.000000 0.651678 0.189211 0.289309 -0.370894 0.003027 -0.008217 -0.085297 -0.240479 -0.155987 0.316281 0.145178 0.269578 0.254582 0.054993 0.086630 0.109518 0.079415 -0.013596 0.399115 -0.532624 -0.343500 -0.037555 -0.281595 -0.188288 -0.432972 0.051305 0.026731 0.150618 0.009355 -0.178906 -0.347167 0.530000 0.452964 0.077250 0.567179 0.027515 -0.171366 -0.202213 -0.390154 -0.062121 -0.240306 -0.106328 0.188578 -0.236879 -0.087535 -0.173021 0.139164 -0.188422 -0.257533 -0.225080 -0.178074 0.191285 -0.034429 -0.366669 -0.156200 0.662562 0.544115 0.043290 -0.219388 0.619536 0.342999 0.270385 0.219538 0.165812 0.162163 0.026109 0.099158 0.392230 0.369278 -0.349748 -0.310832 0.004676 -0.240045 -0.171216 -0.330080 -0.216437 -0.437679 0.282691 0.291231 0.212035 0.055828 0.160537 -0.112990 0.005827 -0.385707 -0.000635 -0.275316 0.145156 -0.193304 -0.451952 -0.322882 -0.412405 -0.492615 -0.083214 -0.341983 -0.099077 -0.288244 -0.450712 0.100495 -0.382432 -0.119478 -0.019354 -0.180648 -0.118214 -0.034005 0.144796 -0.132304 -0.172496 -0.204136 0.200351 -0.080808 -0.049302 -0.171002 -0.028098 0.071525
0.651678 1.000000 -0.046517 0.160624 -0.262187 0.027341 -0.164310 -0.050287 -0.083604 -0.020157 0.202179 0.137780 0.288422 0.191860 0.193411 0.340274 0.054951 0.196219 0.207265 0.539127 -0.576463 -0.405180 -0.322728 -0.364152 -0.101254 -0.210379 0.064653 0.068217 0.032827 0.104619 -0.211194 -0.428953 0.540284 0.545054 -0.127602 0.454533 -0.060720 -0.112295 -0.059518 -0.278452 -0.041547 -0.238386 -0.136801 0.073938 -0.377067 -0.329812 -0.148304 0.071432 -0.181452 -0.212477 -0.435554 -0.050213 0.300908 -0.077626 -0.231496 -0.198265 0.492847 0.713565 0.204314 0.085530 0.440129 0.261579 0.265418 0.408912 0.041391 0.002223 0.136879 -0.085078 0.613887 0.467476 -0.412600 -0.368900 0.088704 -0.174350 -0.093558 -0.272885 -0.133076 -0.284947 0.167180 0.284734 0.093059 0.000670 0.177063 -0.015966 -0.176854 -0.552231 -0.016511 0.027931 0.127097 -0.102399 -0.399410 -0.408351 -0.144284 -0.397274 -0.138672 -0.186754 -0.080891 -0.232760 -0.263280 0.116566 -0.143379 -0.051745 0.017822 -0.082631 -0.077768 -0.203845 0.231953 -0.072660 -0.187353 -0.153893 0.203289 0.147557 0.026051 -0.101034 -0.176746 -0.074031
0.189211 -0.046517 1.000000 0.321378 0.137341 0.372218 0.479947 0.158906 0.159859 0.212532 0.334945 0.382961 -0.055220 0.205548 0.466150 0.027753 0.030695 -0.133668 0.220226 -0.063296 -0.127125 -0.219310 0.509622 0.260141 0.400119 0.089579 0.472304 0.288566 -0.094499 -0.360671 0.057722 -0.147830 -0.340108 -0.167940 -0.100718 0.331541 -0.270122 -0.137991 -0.387280 -0.207484 -0.262378 -0.323542 -0.011014 0.160080 -0.087918 -0.051423 -0.154926 0.060330 -0.096683 0.001577 0.211133 -0.049965 0.346336 0.088445 -0.053553 -0.003980 -0.175760 -0.114486 0.180923 0.125301 0.146671 0.195172 -0.274323 -0.395659 0.319111 0.200384 0.039605 0.073314 -0.192995 -0.153387 0.033208 0.024623 -0.272184 -0.140690 -0.270892 -0.125333 -0.278528 -0.299889 -0.196912 -0.199712 -0.343645 -0.298586 0.269814 -0.063356 0.109588 0.010945 0.162219 0.142789 0.411424 0.267380 0.219470 0.146047 -0.123082 0.054804 -0.170455 -0.153507 -0.252345 -0.325221 -0.256603 -0.124753 -0.174574 0.011226 -0.108252 -0.148052 -0.300620 -0.069224 -0.209870 -0.271366 -0.054322 -0.096705 0.016103 -0.027778 0.011622 -0.256410 -0.019952 -0.192625
0.289309 0.160624 0.321378 1.000000 0.014255 -0.039934 0.344542 0.401684 0.241936 0.142266 0.130848 0.364755 0.273335 0.262172 0.067186 -0.061970 -0.029294 0.043158 0.159375 0.465842 -0.387736 -0.380469 0.380404 0.406245 0.175370 -0.118573 -0.051418 -0.178432 -0.136606 -0.236073 -0.058387 -0.027615 0.082637 0.182648 -0.014814 0.315966 -0.279625 -0.353965 -0.209915 -0.340025 -0.338428 -0.377215 -0.312610 -0.172442 -0.032026 0.042386 -0.408181 -0.247464 0.106440 0.084453 0.207565 0.033107 0.205759 -0.093128 -0.332145 -0.419389 -0.001446 0.136964 -0.050889 0.083130 0.359881 0.324090 0.014848 0.297324 0.392462 0.254564 0.189780 0.354731 0.014054 -0.092552 -0.203607 -0.305588 -0.208022 -0.340028 -0.171691 -0.280668 -0.334969 -0.246976 -0.031999 -0.180436 -0.162038 -0.222137 0.042141 0.070864 0.135735 0.016876 0.075086 -0.056100 0.197216 -0.229860 -0.014925 0.110922 -0.127032 0.066785 -0.055247 -0.376339 -0.568821 -0.365728 -0.317927 -0.238016 0.045861 -0.066829 -0.097763 -0.062916 -0.181397 -0.003832 -0.137737 -0.419007 -0.172573 -0.221200 -0.131689 -0.022531 -0.056437 -0.332244 -0.063195 -0.010815
-0.370894 -0.262187 0.137341 0.014255 1.000000 0.162447 0.174210 0.314977 0.404088 0.453280 -0.118338 0.205805 -0.245432 0.079643 0.296043 0.116856 -0.225889 -0.066377 0.169164 0.056950 0.419854 0.121874 0.290087 0.395356 0.429564 0.430440 0.237742 0.207272 -0.176039 -0.096357 0.106296 0.205975 -0.450275 -0.280546 0.095664 -0.089065 -0.192210 -0.151524 -0.229809 -0.035471 -0.227215 -0.019828 -0.336160 -0.336750 -0.090336 -0.080448 -0.409523 -0.353642 -0.179193 -0.144441 0.231131 0.036897 -0.137315 -0.010450 0.064701 -0.240082 -0.445650 -0.353081 0.208477 0.256784 -0.184014 -0.078451 -0.278581 -0.233058 0.193417 0.142552 0.153545 0.225639 -0.136823 -0.184179 0.233262 0.257899 -0.260670 0.131570 -0.136175 0.118723 0.172682 0.070671 -0.205448 -0.435140 -0.307201 -0.263208 0.124992 0.122690 0.050673 0.106674 0.088264 0.311366 0.282158 0.186027 0.456953 0.224143 0.390109 0.360618 -0.161355 -0.005640 -0.316641 -0.085990 0.013618 0.002652 0.349174 0.261212 -0.047533 0.173479 -0.074856 0.093302 -0.085910 -0.021144 -0.043990 -0.039357 -0.036902 -0.022752 0.182117 -0.058948 -0.035867 -0.249691
0.003027 0.027341 0.372218 -0.039934 0.162447 1.000000 0.252101 0.031577 0.080051 0.381119 0.293663 0.099840 -0.158035 -0.096624 0.409908 0.137018 -0.230790 -0.147086 -0.020148 -0.102854 -0.099366 0.020012 0.010456 0.051410 0.454085 0.264032 0.713383 0.669961 -0.091898 -0.214468 -0.227605 -0.301919 -0.370250 -0.306274 -0.177621 -0.014939 -0.379354 -0.069845 -0.128202 -0.077269 -0.203280 -0.144641 0.184365 0.186098 -0.116619 -0.004147 0.133678 0.136016 -0.172321 -0.102482 0.124506 0.037925 0.034453 0.210479 0.159786 0.113073 -0.333382 -0.170073 0.102267 0.000545 -0.148001 0.048879 -0.279997 -0.307149 0.192155 0.175795 -0.051169 -0.006277 -0.096844 -0.007860 0.117829 0.151042 -0.248028 0.121700 -0.014938 -0.066128 -0.077112 -0.193599 -0.056198 -0.146744 -0.388087 -0.341453 0.099920 0.128298 -0.143190 0.069784 0.334811 -0.038289 0.243482 0.410713 0.055042 0.149291 -0.002903 0.178108 -0.439104 -0.189944 -0.062610 -0.257815 -0.238667 -0.090389 -0.130041 0.119953 -0.083732 0.102742 0.149363 -0.067831 -0.021091 0.015230 0.031295 -0.212409 -0.125212 0.049569 -0.099058 -0.023647 -0.162862 0.010645
-0.008217 -0.164310 0.479947 0.344542 0.174210 0.252101 1.000000 0.669010 0.358816 0.242983 0.192838 0.296083 0.175422 0.276568 0.379028 -0.123996 -0.150702 -0.322638 -0.189786 0.112820 -0.029564 -0.093764 0.126782 0.591960 0.117306 0.053420 0.055026 0.153036 -0.287253 -0.268269 -0.116915 0.028622 -0.375667 -0.022885 -0.282993 -0.006771 -0.542010 -0.500726 -0.485450 -0.277790 -0.450741 -0.347204 -0.135495 -0.179899 0.188722 0.212629 -0.335118 -0.257042 0.210574 0.257441 0.378853 0.169259 0.084214 -0.010928 -0.211875 -0.254739 -0.427383 -0.364594 0.008660 0.253257 0.157899 0.557461 -0.188643 -0.133997 0.393109 0.448012 0.298946 0.542168 -0.315669 -0.218717 -0.079924 -0.018348 -0.437347 -0.145452 -0.241847 -0.312990 -0.479689 -0.442226 -0.400138 -0.497022 -0.516521 -0.556176 -0.157226 -0.177512 -0.140130 -0.018211 -0.064193 -0.091027 -0.117439 -0.160022 0.375111 0.424812 0.095548 0.396709 -0.190330 -0.111091 -0.444537 -0.227596 -0.312029 -0.175471 0.098229 0.292745 0.126825 0.267335 -0.075631 0.472529 -0.336902 -0.303894 0.075665 -0.294212 -0.192433 0.031259 -0.070011 -0.196715 0.264864 0.060411
-0.085297 -0.050287 0.158906 0.401684 0.314977 0.031577 0.669010 1.000000 0.403698 0.394339 0.113477 0.434478 0.229294 0.430735 0.239513 0.009880 -0.158691 -0.333868 -0.193354 0.369601 -0.069506 0.024197 -0.060076 0.625641 0.103772 0.215789 -0.159959 0.104534 -0.461072 -0.293279 -0.081409 0.153042 -0.290732 0.140698 -0.223171 -0.024734 -0.503165 -0.525531 -0.499701 -0.249140 -0.354253 -0.339191 -0.299613 -0.359130 0.192192 0.180112 -0.428094 -0.441905 0.174004 0.260588 0.449757 0.255850 0.017137 -0.138838 -0.175311 -0.311082 -0.359807 -0.284138 0.072425 0.202167 0.110264 0.523475 -0.185304 0.024208 0.271593 0.540160 0.355953 0.651646 -0.118245 -0.238070 -0.136011 -0.052102 -0.479581 -0.088455 -0.272143 -0.336765 -0.302129 -0.260931 -0.307823 -0.551807 -0.491055 -0.605072 -0.374365 -0.287801 -0.318924 -0.166560 -0.350680 -0.047577 -0.230045 -0.347019 0.462782 0.387514 0.383422 0.316500 -0.007314 -0.178017 -0.492531 -0.262467 -0.037120 -0.027866 0.418053 0.189322 0.192107 0.379089 -0.034725 0.453176 -0.180456 -0.253250 0.053229 -0.214799 -0.114515 -0.117409 0.013268 -0.265685 0.186205 0.158468
-0.240479 -0.083604 0.159859 0.241936 0.404088 0.080051 0.358816 0.403698 1.000000 0.535239 -0.076313 0.210594 0.171690 0.067516 0.408356 0.380951 -0.249367 -0.057226 -0.015384 0.043443 -0.008335 -0.097693 0.073563 0.436827 0.270279 0.413697 -0.070769 -0.161119 -0.308686 -0.114632 0.141748 0.253636 -0.341577 -0.080850 -0.287508 0.044367 -0.237819 -0.231338 -0.274972 -0.217222 -0.199866 -0.203604 -0.226721 -0.223423 0.053613 0.051310 -0.456244 -0.221489 0.009327 0.217767 0.071031 0.054138 -0.025804 -0.143916 -0.185274 -0.344106 -0.389451 -0.261020 0.230907 0.352705 -0.005768 0.231079 -0.115561 0.005206 0.274830 0.085729 0.196935 0.191970 -0.117286 -0.197793 0.002904 0.048865 -0.319208 -0.134229 -0.307746 -0.069301 -0.094090 0.029196 -0.413779 -0.485802 -0.359697 -0.362222 0.193941 0.214699 -0.198731 -0.174696 -0.048255 0.158787 0.059700 -0.044379 0.366530 0.407599 0.359105 0.407310 -0.080365 -0.203722 -0.376422 -0.067574 -0.067389 -0.029023 0.403842 0.025264 0.081939 0.048586 -0.094749 0.181628 -0.074566 -0.102727 -0.007291 -0.061609 -0.060452 0.131753 0.075582 -0.214428 0.119995 -0.110168
-0.155987 -0.020157 0.212532 0.142266 0.453280 0.381119 0.242983 0.394339 0.535239 1.000000 0.213450 0.343213 0.092780 0.115623 0.521158 0.404218 -0.170569 -0.174142 0.097522 0.032000 -0.030494 -0.138855 0.034189 0.339003 0.363057 0.496877 0.263958 0.317430 -0.299623 -0.163232 -0.102393 -0.021381 -0.507555 -0.272628 -0.138128 0.181116 -0.387044 -0.285399 -0.279161 -0.053972 -0.215695 -0.182060 -0.139214 -0.067072 -0.020323 0.005752 -0.246318 -0.157133 -0.306701 -0.013953 0.117467 -0.060659 0.049028 0.018817 -0.016823 -0.178253 -0.306938 -0.293434 0.248289 0.088597 -0.021200 0.331568 -0.383984 -0.237989 0.374115 0.395263 0.140717 0.197474 -0.061560 -0.103141 0.023466 0.081817 -0.365744 -0.122153 -0.267584 -0.115289 -0.015915 -0.082788 -0.290762 -0.391554 -0.515777 -0.541858 0.155340 0.200089 -0.231669 -0.057176 0.163919 0.424663 0.344098 0.216858 0.309783 0.391049 0.478964 0.354401 -0.446792 -0.124579 -0.315055 -0.326465 -0.016007 0.080645 0.263545 0.060649 0.049466 0.009399 -0.202628 0.047456 -0.078977 -0.170052 -0.157151 -0.275455 -0.009131 0.125199 0.209162 -0.070931 0.032000 -0.119219
0.316281 0.202179 0.334945 0.130848 -0.118338 0.293663 0.192838 0.113477 -0.076313 0.213450 1.000000 0.500884 0.289574 0.284568 0.483007 0.137613 0.210438 0.091555 0.160424 0.101095 -0.251837 -0.351449 0.139737 -0.052749 -0.032411 0.014529 0.328999 0.265103 0.010068 -0.076857 -0.021641 -0.273057 -0.130926 -0.020507 0.045805 0.392352 -0.241689 -0.100892 -0.198022 -0.085066 -0.177487 -0.045763 -0.060493 0.147225 -0.254243 -0.207477 -0.117650 0.011982 -0.352078 -0.309999 -0.055804 -0.122810 0.112556 -0.081218 0.022725 0.066365 -0.064324 0.085784 0.042048 -0.328106 0.057617 0.216339 -0.353568 -0.132951 0.342228 0.313584 -0.102719 -0.066414 0.036674 0.076803 0.033951 -0.002513 -0.200269 0.039141 -0.040849 -0.109375 0.037579 -0.147896 0.112443 0.074497 -0.252163 -0.149009 0.205468 0.077115 -0.022341 -0.069746 0.230694 0.277807 0.311118 0.231514 -0.006611 -0.053743 -0.111047 -0.077395 -0.298207 -0.118152 -0.081888 -0.317999 -0.247136 0.073785 -0.180948 -0.118610 -0.075656 -0.166135 -0.215286 -0.233817 0.071522 -0.147532 -0.211792 -0.062756 0.212559 -0.039240 -0.029109 -0.106928 -0.093972 -0.125270
0.145178 0.137780 0.382961 0.364755 0.205805 0.099840 0.296083 0.434478 0.210594 0.343213 0.500884 1.000000 0.254775 0.628273 0.459591 0.443517 0.122039 0.196088 0.230895 0.318597 -0.164273 -0.167772 0.131172 0.274776 0.140932 0.061410 0.145267 0.102366 -0.062621 0.125346 0.066653 0.132336 -0.174354 0.064053 -0.030976 0.444213 -0.077285 -0.192407 -0.280501 -0.164250 -0.068380 -0.121325 -0.304732 -0.176781 -0.307361 -0.204134 -0.380640 -0.332485 -0.278917 -0.257908 -0.016651 -0.084856 0.198013 -0.163426 -0.072752 -0.189305 -0.150524 -0.094147 0.037947 -0.047217 0.243358 0.400476 -0.236425 0.099266 0.350312 0.430166 -0.104731 0.083817 -0.132069 -0.136616 0.034920 0.060595 -0.060130 0.099568 -0.063393 0.014670 0.000130 -0.153168 -0.150478 -0.137215 -0.266298 -0.198616 0.096902 0.114693 -0.124113 -0.093392 0.000738 0.204458 0.254114 0.113608 0.184015 0.092315 0.209937 0.191639 -0.106315 -0.161581 -0.396235 -0.446554 -0.156196 0.014068 0.142746 0.038300 0.034780 -0.208745 -0.467116 -0.073168 -0.051703 -0.402491 -0.061359 -0.262077 0.087061 -0.046505 -0.058501 -0.145956 0.159210 -0.166173
0.269578 0.288422 -0.055220 0.273335 -0.245432 -0.158035 0.175422 0.229294 0.171690 0.092780 0.289574 0.254775 1.000000 0.370209 0.206084 0.283325 0.126657 0.040844 -0.158676 0.331325 -0.294742 -0.272828 -0.188411 0.026478 -0.065712 -0.081586 -0.310550 -0.314095 0.100702 0.214306 -0.000391 0.107178 0.110547 0.292899 -0.289036 0.258520 0.019140 -0.284425 -0.117818 -0.311793 0.065932 -0.190101 -0.244531 -0.133211 -0.086706 -0.076412 -0.220487 -0.188948 0.032374 0.017202 -0.176123 -0.022726 0.181529 -0.205310 -0.308996 -0.383580 0.039744 0.106395 -0.095326 0.036238 0.435745 0.478867 0.157472 0.429160 0.187283 0.206718 0.097186 0.129821 -0.037632 -0.010902 -0.034031 -0.162535 0.081341 -0.010485 -0.058190 -0.130853 -0.186529 -0.107161 -0.121951 -0.088666 0.020919 -0.057666 -0.082508 0.104620 -0.163771 -0.216547 -0.211518 0.003022 -0.086106 -0.271834 -0.078850 0.094946 0.023314 -0.022003 -0.095834 -0.235838 -0.373940 -0.167961 -0.019916 -0.088362 -0.066364 0.028900 -0.110499 -0.081589 -0.216151 0.062471 0.047055 -0.326654 -0.096941 -0.329467 0.143225 0.101899 0.007690 0.058656 0.128936 0.045955
0.254582 0.191860 0.205548 0.262172 0.079643 -0.096624 0.276568 0.430735 0.067516 0.115623 0.284568 0.628273 0.370209 1.000000 0.416593 0.438143 0.052516 0.000629 0.018658 0.404261 -0.102473 -0.005266 0.083415 0.142986 0.082252 -0.098929 -0.057077 -0.096962 0.137760 0.264291 0.289028 0.255827 -0.091313 0.220416 -0.082858 0.370208 -0.005147 -0.184729 -0.272778 -0.211248 0.041885 -0.015318 -0.507615 -0.388706 -0.387372 -0.309135 -0.497346 -0.443992 -0.216701 -0.265817 -0.085552 0.075291 0.244971 -0.044676 -0.118245 -0.179094 -0.061715 -0.108071 0.052894 0.119466 0.402489 0.468188 0.009146 0.201288 0.314224 0.293774 -0.071409 0.124915 -0.030850 -0.096859 -0.047822 0.163157 0.052534 0.228542 0.088385 0.067981 -0.004686 -0.163007 -0.190400 -0.223368 -0.130738 -0.281069 0.010990 0.043506 -0.251776 -0.316106 -0.076459 -0.098614 0.192999 -0.040610 0.146194 0.227700 0.132463 0.145285 0.064148 -0.150867 -0.335109 -0.207085 -0.132238 0.207484 0.161589 0.029136 0.066250 -0.074288 -0.280891 0.126014 0.011115 -0.295433 0.068899 -0.300160 0.077457 -0.002965 0.024774 -0.005425 0.174605 0.108750
0.054993 0.193411 0.466150 0.067186 0.296043 0.409908 0.379028 0.239513 0.408356 0.521158 0.483007 0.459591 0.206084 0.416593 1.000000 0.475098 0.053709 -0.029301 0.126428 -0.001705 -0.090852 -0.256518 0.141557 0.200297 0.376968 0.254027 0.402245 0.242566 -0.085341 -0.005185 0.066606 -0.076692 -0.459275 -0.216742 -0.267762 0.304131 -0.205475 -0.076161 -0.255606 -0.287633 -0.128456 -0.080438 -0.172015 -0.041761 -0.295643 -0.278332 -0.278034 -0.128037 -0.462438 -0.159931 -0.195440 -0.096707 0.173715 0.059956 -0.000302 -0.118966 -0.330078 -0.106090 0.191574 0.094545 0.101786 0.343622 -0.359151 -0.214998 0.489901 0.283677 -0.058683 -0.043379 -0.071014 -0.005239 0.126368 0.189161 -0.105417 0.183947 -0.044181 0.075561 -0.008267 -0.193084 -0.212433 -0.200064 -0.432977 -0.400746 0.310571 0.242814 -0.162899 -0.192744 0.276401 0.286517 0.475328 0.376406 0.170303 0.270265 0.207629 0.316906 -0.342936 -0.074761 -0.234018 -0.266285 -0.188218 -0.002336 0.112582 -0.023453 0.091766 -0.173804 -0.291718 -0.086731 -0.018944 -0.258171 -0.028609 -0.279208 0.046295 0.277941 0.148445 -0.041941 0.090284 -0.197544
0.086630 0.340274 0.027753 -0.061970 0.116856 0.137018 -0.123996 0.009880 0.380951 0.404218 0.137613 0.443517 0.283325 0.438143 0.475098 1.000000 -0.109206 0.119197 -0.004513 0.045172 -0.053708 -0.092484 -0.146048 -0.138410 0.222901 0.242103 0.059761 -0.128738 0.022171 0.393439 0.174882 0.146603 -0.086366 0.143732 -0.127516 0.488975 0.112987 0.120033 -0.118524 -0.053886 0.260637 0.082766 -0.178245 -0.076904 -0.368112 -0.285206 -0.189486 -0.095503 -0.291714 -0.174582 -0.446284 -0.047785 0.218329 -0.115050 -0.028336 -0.112042 -0.039679 0.016280 0.120195 0.120114 0.228192 0.237461 0.032065 0.108139 0.136905 0.070337 -0.155969 -0.276989 0.000743 -0.008241 0.024656 0.178704 0.135047 0.146146 0.034677 0.211158 0.225867 0.180038 -0.255446 -0.158778 -0.140762 -0.156245 0.381906 0.291985 -0.369137 -0.430859 0.077791 0.100176 0.247039 0.218144 0.022800 0.089503 0.390568 0.199408 -0.069232 -0.033693 -0.064695 -0.077539 0.076154 0.291650 0.215226 0.033081 0.059629 -0.224606 -0.223277 -0.218939 0.144690 -0.090539 0.035208 -0.148219 0.222745 0.272695 0.054427 0.105788 -0.052530 -0.043312
0.109518 0.054951 0.030695 -0.029294 -0.225889 -0.230790 -0.150702 -0.158691 -0.249367 -0.170569 0.210438 0.122039 0.126657 0.052516 0.053709 -0.109206 1.000000 0.596700 0.267315 -0.053795 -0.058599 -0.077231 0.005738 -0.156688 -0.039814 -0.136429 -0.034096 -0.151002 0.387575 0.195836 0.179323 -0.001188 0.197842 -0.041440 -0.141366 -0.004526 0.423390 0.285645 0.317457 -0.089323 0.332678 0.204041 0.032718 -0.016071 -0.124059 -0.351185 0.071269 0.049729 -0.145708 -0.185971 -0.362539 -0.423145 0.069904 -0.241509 -0.054713 0.024776 0.244089 0.274605 -0.210334 -0.195109 0.084731 -0.042638 0.287755 0.237981 -0.083540 -0.199345 -0.345109 -0.359108 -0.049626 0.065689 0.102934 0.004886 0.293328 0.049072 0.113576 0.277678 -0.095734 -0.018197 0.387714 0.340198 0.549177 0.499539 0.103672 0.113192 0.309922 0.117468 0.089606 0.195820 0.106421 0.094779 -0.187669 -0.083270 -0.264600 -0.204080 0.067434 -0.130850 0.072780 0.095016 0.140140 -0.059601 -0.314291 -0.191085 -0.100439 -0.434427 -0.239518 -0.147302 0.090108 -0.108892 -0.104966 -0.199092 -0.004072 -0.109209 0.089398 -0.144900 0.032232 -0.430851
0.079415 0.196219 -0.133668 0.043158 -0.066377 -0.147086 -0.322638 -0.333868 -0.057226 -0.174142 0.091555 0.196088 0.040844 0.000629 -0.029301 0.119197 0.596700 1.000000 0.269148 0.091062 -0.129316 -0.100643 0.005207 -0.276039 -0.029826 -0.138075 0.072985 -0.200407 0.362998 0.448559 0.143513 -0.048346 0.311933 -0.054787 -0.110893 -0.015538 0.488685 0.350863 0.446047 0.032345 0.280987 0.220748 -0.087166 -0.161869 -0.435383 -0.585197 -0.071760 -0.032447 -0.234508 -0.428717 -0.425138 -0.339037 0.142369 -0.018626 0.088936 -0.092901 0.248351 0.384228 -0.227054 -0.134161 0.049597 -0.281492 0.378527 0.517903 -0.137528 -0.496657 -0.437416 -0.558215 0.080736 0.202290 0.193064 0.118677 0.417333 0.120703 0.233282 0.282791 0.141085 0.074490 0.307681 0.465775 0.489224 0.611674 0.310009 0.446734 0.231781 0.097714 0.283166 0.237480 0.215353 0.153704 -0.202033 -0.178313 -0.253399 -0.202604 -0.041148 -0.171211 0.016518 0.097153 -0.002474 0.153790 -0.228938 -0.182768 -0.160766 -0.354358 -0.149627 -0.270344 0.315659 -0.054817 -0.168569 -0.164420 0.022943 0.072210 0.187506 -0.157873 -0.111870 -0.631136
-0.013596 0.207265 0.220226 0.159375 0.169164 -0.020148 -0.189786 -0.193354 -0.015384 0.097522 0.160424 0.230895 -0.158676 0.018658 0.126428 -0.004513 0.267315 0.269148 1.000000 0.324282 -0.161642 -0.312576 0.346415 -0.073216 0.129600 0.019548 0.211145 0.043408 0.222633 0.042721 0.237891 -0.034200 0.083267 0.044919 -0.030464 0.117594 0.036792 0.136289 0.124071 -0.109408 -0.011067 -0.076132 -0.217451 -0.102145 -0.333261 -0.341323 -0.250495 -0.135613 -0.242907 -0.242463 -0.241965 -0.277163 0.048024 -0.216958 -0.035167 -0.136680 0.031284 0.231192 0.239269 0.120659 -0.021248 -0.118969 0.004423 0.067103 0.174512 -0.225411 -0.028618 -0.231088 0.240910 0.117418 -0.074600 -0.168342 0.111953 -0.105661 -0.060872 0.095927 0.007951 -0.102409 0.051361 0.123110 0.099277 0.153792 0.340105 0.322551 0.318874 0.104286 0.230789 0.386744 0.372571 0.337533 -0.022814 -0.112919 -0.133890 -0.086709 -0.006410 -0.120769 -0.208058 -0.024259 -0.147184 -0.015343 -0.151113 0.007967 -0.256012 -0.262846 -0.288205 -0.334851 0.014807 0.033611 -0.293980 0.036397 -0.113118 -0.076400 0.000936 -0.089165 -0.129834 -0.328659
0.399115 0.539127 -0.063296 0.465842 0.056950 -0.102854 0.112820 0.369601 0.043443 0.032000 0.101095 0.318597 0.331325 0.404261 -0.001705 0.045172 -0.053795 0.091062 0.324282 1.000000 -0.460211 -0.257908 -0.013781 0.070535 -0.057281 -0.192825 -0.130824 -0.045688 0.074051 0.105638 -0.050650 -0.026528 0.369117 0.615624 -0.161855 0.241728 -0.221092 -0.432603 -0.135589 -0.352735 -0.251738 -0.344328 -0.421566 -0.349634 -0.252498 -0.169137 -0.471637 -0.439694 -0.034842 -0.213967 -0.087102 -0.037944 0.069147 -0.255848 -0.360719 -0.462316 0.154679 0.304366 0.175392 0.239028 0.425336 0.355740 0.180584 0.498298 0.167791 0.104146 0.266533 0.376823 0.473958 0.289125 -0.384723 -0.345549 -0.040790 -0.147672 -0.124724 -0.397995 -0.288215 -0.455807 0.047930 -0.003697 0.037600 -0.159937 -0.076734 0.065115 -0.104797 -0.322627 -0.107251 -0.032282 -0.036818 -0.336955 -0.030468 -0.057832 -0.017750 -0.168307 -0.027606 -0.397189 -0.513000 -0.204520 -0.285018 -0.019886 0.135308 0.170223 -0.049323 0.133445 -0.020092 0.170615 0.073620 -0.183207 -0.209127 -0.302402 -0.072531 -0.021855 -0.006616 -0.316688 0.033501 0.029706
-0.532624 -0.576463 -0.127125 -0.387736 0.419854 -0.099366 -0.029564 -0.069506 -0.008335 -0.030494 -0.251837 -0.164273 -0.294742 -0.102473 -0.090852 -0.053708 -0.058599 -0.129316 -0.161642 -0.460211 1.000000 0.631913 0.085174 0.224434 0.051153 0.341544 -0.055348 -0.089227 0.149127 0.208101 0.435382 0.517322 -0.367860 -0.350883 0.223941 -0.393448 0.243475 0.298818 0.107480 0.401576 0.273698 0.556875 -0.186340 -0.366640 0.057309 -0.071149 -0.004803 -0.254997 -0.028183 -0.067445 0.098435 0.143043 -0.348657 0.060692 0.185425 0.146797 -0.309325 -0.490290 -0.154021 0.098193 -0.378854 -0.237550 -0.157385 -0.332280 -0.094526 0.003835 -0.171964 -0.094055 -0.499502 -0.310741 0.552916 0.484648 0.213607 0.399553 0.207212 0.487421 0.361746 0.427508 0.005933 -0.065429 0.044758 0.142252 -0.087194 -0.028765 0.129941 0.343337 -0.096694 0.001107 -0.062074 0.271603 0.168901 0.183143 0.311150 0.387924 0.137621 0.418368 0.174605 0.245025 0.128125 0.056578 0.271520 0.202887 -0.044963 0.102437 0.064053 0.027803 -0.189512 0.004943 0.294924 0.213271 -0.127865 -0.246394 -0.002034 0.188700 -0.055739 0.095815
-0.343500 -0.405180 -0.219310 -0.380469 0.121874 0.020012 -0.093764 0.024197 -0.097693 -0.138855 -0.351449 -0.167772 -0.272828 -0.005266 -0.256518 -0.092484 -0.077231 -0.100643 -0.312576 -0.257908 0.631913 1.000000 -0.170090 0.071132 0.028242 0.280968 -0.020180 0.078899 0.143737 0.290716 0.366408 0.549179 -0.161378 -0.110485 -0.005163 -0.417961 0.298421 0.253508 0.221054 0.419538 0.392181 0.547624 -0.193066 -0.464331 -0.037751 -0.118523 0.004301 -0.339677 0.056725 -0.148351 0.103668 0.135260 -0.221875 0.086664 0.206142 0.166221 -0.102500 -0.312848 -0.137309 -0.012560 -0.329701 -0.184494 0.002460 -0.091725 -0.352750 -0.014798 -0.167472 -0.092195 -0.362878 -0.244580 0.402504 0.562729 0.237703 0.543677 0.392658 0.448365 0.270586 0.277897 -0.033922 -0.037458 0.148399 0.117684 -0.307420 -0.076012 -0.083062 0.185611 -0.224684 -0.323069 -0.165521 0.168581 0.048183 0.193539 0.337036 0.212396 0.200063 0.183541 0.244532 0.275772 0.220135 0.161273 0.248260 0.145858 0.178720 0.203735 0.354265 0.186287 -0.076202 0.095379 0.501533 0.088437 -0.341662 -0.307291 -0.063935 0.149367 -0.011432 0.268714
-0.037555 -0.322728 0.509622 0.380404 0.290087 0.010456 0.126782 -0.060076 0.073563 0.034189 0.139737 0.131172 -0.188411 0.083415 0.141557 -0.146048 0.005738 0.005207 0.346415 -0.013781 0.085174 -0.170090 1.000000 0.222530 0.338433 -0.113510 0.187849 -0.103751 0.159637 -0.122566 0.328321 0.084049 -0.291779 -0.258155 0.173161 0.100941 0.019065 0.072313 -0.143635 -0.166735 -0.234374 -0.031102 -0.285605 -0.129537 -0.200402 -0.164586 -0.259454 -0.195355 -0.250342 -0.156339 0.169545 -0.168045 0.126947 0.075369 0.091553 -0.078181 -0.196688 -0.106278 0.085811 0.033807 -0.017230 -0.203376 -0.217326 -0.268557 0.358168 -0.085676 -0.097490 -0.046632 -0.219566 -0.158376 0.212080 0.142397 -0.014267 -0.026627 0.048602 0.090964 -0.015510 -0.105849 -0.101285 -0.085044 -0.063428 0.014360 0.374435 0.116891 0.418672 0.317288 0.233854 0.208498 0.529186 0.283545 0.109503 0.240383 -0.109268 0.133581 -0.002798 0.070960 -0.243824 -0.050027 -0.148015 -0.083203 0.010929 -0.043749 -0.238020 -0.262257 -0.263952 -0.075865 -0.154654 -0.259413 -0.025354 0.068615 -0.109554 -0.090403 0.044583 -0.093914 0.051992 -0.152432
-0.281595 -0.364152 0.260141 0.406245 0.395356 0.051410 0.591960 0.625641 0.436827 0.339003 -0.052749 0.274776 0.026478 0.142986 0.200297 -0.138410 -0.156688 -0.276039 -0.073216 0.070535 0.224434 0.071132 0.222530 1.000000 0.268585 0.131869 -0.050591 0.033532 -0.331689 -0.349803 0.056428 0.381797 -0.478821 -0.179292 -0.026797 -0.226531 -0.300841 -0.309218 -0.413884 -0.179120 -0.344539 -0.216459 -0.202674 -0.298035 0.325558 0.341505 -0.302812 -0.374291 0.136255 0.355920 0.512513 0.172357 -0.207101 -0.134948 -0.227027 -0.226465 -0.439572 -0.513425 -0.086658 0.168461 -0.085014 0.287968 -0.267761 -0.207171 0.275654 0.375736 0.109569 0.514144 -0.371478 -0.305124 0.150350 0.166967 -0.369185 -0.082188 -0.269376 -0.027412 -0.230616 -0.096717 -0.223408 -0.461611 -0.346090 -0.317924 -0.310374 -0.177808 -0.010107 0.242223 -0.210221 -0.036481 -0.073553 -0.131293 0.488295 0.525871 0.322768 0.515327 0.025214 0.001927 -0.402483 -0.185775 -0.007832 -0.230624 0.411031 0.075348 -0.005511 -0.017403 -0.244051 0.347615 -0.402879 -0.305988 0.114150 -0.246874 -0.204222 -0.053225 0.110910 -0.241445 0.377746 -0.008414
-0.188288 -0.101254 0.400119 0.175370 0.429564 0.454085 0.117306 0.103772 0.270279 0.363057 -0.032411 0.140932 -0.065712 0.082252 0.376968 0.222901 -0.039814 -0.029826 0.129600 -0.057281 0.051153 0.028242 0.338433 0.268585 1.000000 0.299652 0.471164 0.246416 -0.090133 -0.170362 0.109992 0.152498 -0.366257 -0.253660 -0.210866 -0.047473 -0.031377 0.023362 -0.216053 -0.084151 -0.068013 -0.082787 -0.041738 -0.098400 -0.176766 -0.144905 -0.030832 -0.027617 -0.118952 -0.059533 0.087469 0.100142 0.164444 0.157647 0.137695 -0.103879 -0.410732 -0.217258 0.177204 0.280058 -0.205249 -0.185390 -0.214208 -0.259680 0.108488 -0.021929 0.001366 -0.077202 -0.149827 -0.054045 0.210824 0.240673 -0.149090 0.084304 0.016564 0.250746 0.061455 0.034777 -0.242598 -0.275133 -0.247982 -0.251869 0.063389 0.126426 -0.167214 0.019631 0.128536 0.104457 0.308197 0.258878 0.330356 0.389089 0.270493 0.370707 -0.193729 -0.054787 -0.186258 -0.184438 0.078881 -0.107581 0.123484 -0.015647 -0.023934 -0.180130 -0.086780 -0.119437 -0.166964 -0.221864 0.090587 -0.185665 -0.151514 0.108900 0.009899 -0.061740 0.021698 -0.165789
-0.432972 -0.210379 0.089579 -0.118573 0.430440 0.264032 0.053420 0.215789 0.413697 0.496877 0.014529 0.061410 -0.081586 -0.098929 0.254027 0.242103 -0.136429 -0.138075 0.019548 -0.192825 0.341544 0.280968 -0.113510 0.131869 0.299652 1.000000 0.297372 0.269520 -0.294034 -0.038825 0.161936 0.208558 -0.360395 -0.164310 -0.233537 -0.045319 -0.208389 -0.033184 -0.026572 0.303684 0.102820 0.077107 -0.034064 -0.144615 -0.008130 -0.102240 -0.075921 -0.044135 -0.101164 -0.086432 0.037930 -0.001086 -0.247470 0.014780 0.092750 0.040827 -0.386212 -0.340446 0.100442 0.118428 -0.272740 0.000353 -0.227474 -0.229862 0.012481 0.146112 -0.053381 -0.032343 -0.304947 -0.277141 0.143814 0.111088 -0.269582 0.078099 -0.161100 0.066076 0.215149 0.318109 -0.165386 -0.339668 -0.332669 -0.270541 0.078322 0.205978 -0.230830 -0.034138 -0.058705 0.226058 0.013643 0.257952 0.405351 0.158472 0.422509 0.255163 -0.127252 -0.031821 -0.053967 0.166632 0.078033 0.011399 0.232852 0.090587 -0.019060 0.246581 0.198016 -0.097509 0.014642 0.190350 0.078497 0.100116 0.020501 0.030159 -0.055085 -0.160996 -0.351941 -0.051379
0.051305 0.064653 0.472304 -0.051418 0.237742 0.713383 0.055026 -0.159959 -0.070769 0.263958 0.328999 0.145267 -0.310550 -0.057077 0.402245 0.059761 -0.034096 0.072985 0.211145 -0.130824 -0.055348 -0.020180 0.187849 -0.050591 0.471164 0.297372 1.000000 0.779052 -0.144485 -0.244199 -0.160670 -0.315311 -0.328348 -0.402219 -0.115396 0.049189 -0.252504 0.016303 -0.090523 -0.051593 -0.200132 -0.112769 0.147216 0.194928 -0.275314 -0.197269 0.091837 0.190979 -0.318059 -0.295986 0.027349 -0.069954 0.071970 0.278688 0.188809 0.183746 -0.162195 -0.029294 0.151646 -0.055289 -0.185977 -0.141753 -0.330547 -0.346715 0.128265 0.061784 -0.240827 -0.195189 -0.035239 0.072500 0.190326 0.218656 -0.223630 0.102406 -0.086660 0.022924 0.118482 -0.089711 0.075250 -0.005827 -0.319839 -0.184314 0.211726 0.178674 -0.040714 0.137750 0.411906 0.141429 0.434371 0.592832 0.147813 0.077610 -0.094879 0.057301 -0.414953 -0.161630 0.109619 -0.144280 -0.201281 0.104107 -0.228608 -0.076757 -0.180748 -0.106804 0.046011 -0.328019 0.028791 0.096498 -0.075955 -0.072720 0.016848 0.086742 0.046994 -0.162656 -0.330264 -0.220585
0.026731 0.068217 0.288566 -0.178432 0.207272 0.669961 0.153036 0.104534 -0.161119 0.317430 0.265103 0.102366 -0.314095 -0.096962 0.242566 -0.128738 -0.151002 -0.200407 0.043408 -0.045688 -0.089227 0.078899 -0.103751 0.033532 0.246416 0.269520 0.779052 1.000000 -0.321994 -0.326810 -0.392738 -0.357109 -0.337320 -0.292535 -0.064954 -0.052294 -0.405531 -0.168966 -0.193637 -0.027407 -0.216000 -0.222775 0.236429 0.212289 -0.059620 0.057553 0.179791 0.193130 -0.199374 -0.129036 0.242421 0.026009 -0.016083 0.265829 0.154990 0.150353 -0.121036 -0.110960 0.087373 -0.148327 -0.242068 -0.012059 -0.412814 -0.404819 0.017360 0.330204 -0.044588 0.118792 0.052598 0.047099 0.050204 0.072911 -0.348230 0.059238 -0.137503 -0.135190 0.007985 -0.202356 0.112885 -0.075461 -0.408429 -0.355283 -0.169269 -0.133103 -0.221180 0.088740 0.121294 0.073240 0.120186 0.387716 0.219524 0.027963 0.051875 0.036718 -0.408567 -0.097413 0.151546 -0.258555 -0.102746 0.109665 -0.149010 0.098392 0.016174 0.174668 0.136980 -0.135853 -0.056943 0.142354 -0.047518 -0.040332 0.033232 0.015243 -0.029870 -0.083966 -0.153195 0.013692
0.150618 0.032827 -0.094499 -0.136606 -0.176039 -0.091898 -0.287253 -0.461072 -0.308686 -0.299623 0.010068 -0.062621 0.100702 0.137760 -0.085341 0.022171 0.387575 0.362998 0.222633 0.074051 0.149127 0.143737 0.159637 -0.331689 -0.090133 -0.294034 -0.144485 -0.321994 1.000000 0.597109 0.518415 0.250230 0.222136 0.073668 0.069443 0.038774 0.582639 0.308488 0.401219 0.066365 0.474786 0.327013 -0.274158 -0.270159 -0.483677 -0.495056 -0.111741 -0.208233 -0.358501 -0.506554 -0.498358 -0.447131 -0.016745 -0.166029 0.063022 -0.063421 0.263117 0.133088 -0.095535 -0.043854 0.211674 -0.100682 0.198144 0.142181 0.030132 -0.287100 -0.375488 -0.429128 0.017194 0.137873 0.242599 0.200954 0.721225 0.240615 0.342337 0.310290 0.130314 0.033823 0.270145 0.477903 0.628349 0.537540 0.252063 0.220106 0.368263 0.146308 0.170728 -0.051227 0.311659 0.239324 -0.456213 -0.215301 -0.251597 -0.160113 0.253640 0.151633 -0.018581 0.141896 -0.212309 -0.121176 -0.103867 -0.020374 -0.256004 -0.320368 -0.147559 -0.117649 0.124773 -0.069872 0.155216 -0.103013 -0.054535 -0.070034 -0.057508 0.299489 0.080660 -0.052123
0.009355 0.104619 -0.360671 -0.236073 -0.096357 -0.214468 -0.268269 -0.293279 -0.114632 -0.163232 -0.076857 0.125346 0.214306 0.264291 -0.005185 0.393439 0.195836 0.448559 0.042721 0.105638 0.208101 0.290716 -0.122566 -0.349803 -0.170362 -0.038825 -0.244199 -0.326810 0.597109 1.000000 0.426286 0.419643 0.236885 0.186960 -0.085199 0.140807 0.620851 0.333650 0.441599 0.164680 0.660078 0.509112 -0.386042 -0.480665 -0.526822 -0.551481 -0.188878 -0.360122 -0.367875 -0.536273 -0.607798 -0.351310 -0.016623 -0.137572 0.089674 -0.155008 0.203679 0.132601 -0.214396 -0.117327 0.149992 -0.046058 0.273539 0.372704 -0.057724 -0.207074 -0.370727 -0.454797 -0.063659 0.070389 0.262892 0.293939 0.718394 0.458416 0.492145 0.452906 0.295303 0.153174 0.093871 0.347661 0.471877 0.434035 0.191030 0.401025 0.028814 -0.054687 0.051219 -0.044049 0.086276 0.176732 -0.331296 -0.082924 0.179533 0.078672 0.108450 0.165676 0.046087 0.181730 -0.001835 0.198928 0.099633 0.216605 0.059977 -0.141845 -0.094063 -0.072460 0.234689 -0.104283 0.208751 -0.129594 -0.043711 0.111626 -0.023754 0.291520 0.058657 -0.071688
-0.178906 -0.211194 0.057722 -0.058387 0.106296 -0.227605 -0.116915 -0.081409 0.141748 -0.102393 -0.021641 0.066653 -0.000391 0.289028 0.066606 0.174882 0.179323 0.143513 0.237891 -0.050650 0.435382 0.366408 0.328321 0.056428 0.109992 0.161936 -0.160670 -0.392738 0.518415 0.426286 1.000000 0.669190 -0.098797 -0.034147 0.033047 -0.004601 0.475148 0.378014 0.203730 0.213915 0.441360 0.427313 -0.522041 -0.542611 -0.426018 -0.520019 -0.335949 -0.432661 -0.317623 -0.343194 -0.292327 -0.137499 -0.054321 -0.109864 0.241027 0.029158 -0.082874 -0.123489 -0.053025 0.034197 -0.080120 -0.178701 0.074032 -0.054507 0.074908 -0.262996 -0.352089 -0.378071 -0.270601 -0.204705 0.431168 0.375808 0.448546 0.352684 0.287794 0.525577 0.346777 0.361638 -0.026740 0.160696 0.233713 0.255697 0.262091 0.187008 0.052132 0.030689 -0.017526 0.040191 0.190117 0.243958 -0.009286 0.179021 0.151094 0.150542 0.366285 0.214014 -0.016623 0.232380 -0.024106 0.112428 0.195817 -0.162363 -0.100055 -0.111097 -0.057939 -0.033198 -0.010064 -0.004477 0.269540 0.158921 -0.227545 -0.236162 -0.034867 0.099623 0.028931 -0.046378
-0.347167 -0.428953 -0.147830 -0.027615 0.205975 -0.301919 0.028622 0.153042 0.253636 -0.021381 -0.273057 0.132336 0.107178 0.255827 -0.076692 0.146603 -0.001188 -0.048346 -0.034200 -0.026528 0.517322 0.549179 0.084049 0.381797 0.152498 0.208558 -0.315311 -0.357109 0.250230 0.419643 0.669190 1.000000 -0.154318 0.039065 -0.015487 -0.132827 0.425828 0.203354 0.105486 0.183579 0.416215 0.416593 -0.461277 -0.628058 -0.054133 -0.094584 -0.322065 -0.557920 -0.048455 -0.092847 -0.036564 -0.041494 -0.278784 -0.251957 -0.025810 -0.194518 -0.209181 -0.445138 -0.179266 0.045622 -0.098427 0.003397 0.018736 -0.020918 -0.026879 0.058180 -0.143853 0.005200 -0.417230 -0.365551 0.334449 0.424589 0.311109 0.403475 0.252713 0.491171 0.295459 0.348083 -0.155442 -0.159993 0.198582 0.109235 -0.185701 0.128797 -0.022698 0.113214 -0.283917 -0.199181 -0.131207 -0.016145 0.142065 0.336345 0.424274 0.405479 0.414094 0.170110 -0.090839 0.194219 0.147485 -0.009667 0.431858 0.067668 0.079280 -0.022870 -0.039208 0.147263 -0.217126 -0.108426 0.337291 0.000515 -0.224439 -0.128181 -0.058029 0.136583 0.290619 0.176786
0.530000 0.540284 -0.340108 0.082637 -0.450275 -0.370250 -0.375667 -0.290732 -0.341577 -0.507555 -0.130926 -0.174354 0.110547 -0.091313 -0.459275 -0.086366 0.197842 0.311933 0.083267 0.369117 -0.367860 -0.161378 -0.291779 -0.478821 -0.366257 -0.360395 -0.328348 -0.337320 0.222136 0.236885 -0.098797 -0.154318 1.000000 0.686964 0.044647 0.197732 0.272629 0.041847 0.235476 -0.080115 0.144454 -0.005900 0.019227 0.081487 -0.112116 -0.119863 0.042786 0.173925 0.176269 -0.119672 -0.387538 -0.092435 0.056138 -0.201515 -0.262471 -0.092100 0.702590 0.678150 0.018877 -0.031152 0.357847 -0.049940 0.546695 0.555238 -0.302477 -0.251464 0.171886 -0.110986 0.538563 0.405047 -0.471856 -0.442090 0.268953 -0.178912 0.058666 -0.213655 0.000380 -0.032999 0.393733 0.490324 0.537257 0.413155 0.046404 -0.008704 0.059071 -0.360770 -0.070556 -0.254907 -0.217573 -0.416428 -0.516800 -0.599632 -0.384203 -0.612592 0.143123 -0.263940 0.054808 0.025175 -0.202411 0.005146 -0.277662 -0.077298 0.081679 -0.066608 0.058373 -0.126966 0.276259 0.038506 -0.148592 0.048967 0.144740 -0.100176 -0.234845 -0.139824 -0.245163 -0.062243
0.452964 0.545054 -0.167940 0.182648 -0.280546 -0.306274 -0.022885 0.140698 -0.080850 -0.272628 -0.020507 0.064053 0.292899 0.220416 -0.216742 0.143732 -0.041440 -0.054787 0.044919 0.615624 -0.350883 -0.110485 -0.258155 -0.179292 -0.253660 -0.164310 -0.402219 -0.292535 0.073668 0.186960 -0.034147 0.039065 0.686964 1.000000 -0.084106 0.372670 -0.013705 -0.199993 -0.099331 -0.138695 -0.035477 -0.137560 -0.198729 -0.140601 -0.081816 -0.006332 -0.240539 -0.098439 0.238762 -0.003688 -0.175293 0.057466 0.128729 -0.362763 -0.409272 -0.282278 0.345578 0.357767 0.042967 0.135931 0.465855 0.347461 0.390717 0.416408 -0.048723 0.071638 0.354650 0.250400 0.411540 0.221465 -0.583976 -0.420518 0.067655 -0.168714 -0.044873 -0.301021 -0.206363 -0.186007 0.048852 0.035397 0.196873 -0.029019 -0.077570 -0.167558 -0.213005 -0.585819 -0.295085 -0.249711 -0.267545 -0.524738 -0.196440 -0.373399 -0.021548 -0.380107 0.225487 -0.222788 -0.179746 -0.020938 -0.173614 -0.076435 0.082409 0.145370 0.144373 0.090112 0.080306 0.070771 0.022669 -0.026672 -0.009313 -0.014107 0.103876 -0.021881 -0.293077 -0.161839 -0.049079 0.197994
0.077250 -0.127602 -0.100718 -0.014814 0.095664 -0.177621 -0.282993 -0.223171 -0.287508 -0.138128 0.045805 -0.030976 -0.289036 -0.082858 -0.267762 -0.127516 -0.141366 -0.110893 -0.030464 -0.161855 0.223941 -0.005163 0.173161 -0.026797 -0.210866 -0.233537 -0.115396 -0.064954 0.069443 -0.085199 0.033047 -0.015487 0.044647 -0.084106 1.000000 0.241792 0.176925 0.306579 -0.054119 0.265960 0.049362 0.191127 -0.033774 0.144553 0.004577 0.115838 0.122758 0.062823 -0.090095 -0.132010 0.153659 0.135070 -0.151774 0.097622 0.183857 0.183133 0.220168 0.054820 -0.127935 -0.425713 -0.065777 -0.258133 -0.188690 -0.212799 -0.079200 0.035300 -0.069588 -0.055798 -0.005362 -0.137849 0.147558 0.077747 0.052143 0.071045 0.126618 0.226956 0.365178 0.317553 0.267308 0.211268 0.129318 0.236163 -0.042163 -0.315748 0.215805 0.128232 0.013526 0.123877 0.100606 0.050379 -0.201064 -0.344457 -0.082627 -0.214393 0.126975 0.304702 0.220017 -0.194453 0.023723 0.013611 0.020687 -0.227078 -0.068882 -0.115453 -0.112814 -0.236446 -0.158395 0.077107 -0.108545 0.378836 0.153971 -0.163817 -0.063275 0.277235 0.091564 0.175552
0.567179 0.454533 0.331541 0.315966 -0.089065 -0.014939 -0.006771 -0.024734 0.044367 0.181116 0.392352 0.444213 0.258520 0.370208 0.304131 0.488975 -0.004526 -0.015538 0.117594 0.241728 -0.393448 -0.417961 0.100941 -0.226531 -0.047473 -0.045319 0.049189 -0.052294 0.038774 0.140807 -0.004601 -0.132827 0.197732 0.372670 0.241792 1.000000 -0.056029 -0.075148 -0.172640 -0.133741 0.034995 -0.074994 -0.210290 0.148336 -0.264186 -0.134738 -0.208977 0.068981 -0.259569 -0.263795 -0.268310 -0.109286 0.385502 -0.096261 -0.153184 -0.145450 0.290466 0.258487 0.139962 -0.211937 0.533081 0.349624 0.009636 0.069950 0.318768 0.341480 0.060251 -0.017918 0.161434 0.015600 -0.328302 -0.221682 -0.041522 -0.114378 -0.134312 -0.122466 -0.029722 -0.115228 -0.050420 0.007251 -0.072091 -0.156440 0.341995 0.026188 -0.117734 -0.465481 0.100577 0.145212 0.323209 -0.026341 -0.255648 -0.283108 -0.037336 -0.196827 -0.087900 -0.147532 -0.120899 -0.331829 -0.213563 0.064339 -0.029859 -0.046200 -0.007211 -0.179714 -0.297999 -0.237018 0.067621 -0.123719 -0.195237 -0.069115 0.386488 0.155935 -0.070442 -0.058913 -0.062590 -0.017332
