1.000000 0.369661 0.165732 -0.044782 -0.102771 -0.185790 0.257865 0.011420 -0.135696 -0.001702 0.256680 -0.083183 -0.061952 -0.064417 -0.053372 0.029783 0.130475 -0.019855 0.487276 0.500104 -0.360317 -0.360556 0.030932 0.127188 -0.326208 -0.371654 -0.068059 0.032076 -0.012269 -0.181940 -0.420040 -0.421023 0.076091 0.068598 -0.035702 0.141241 -0.133452 -0.045453 0.079886 -0.035291 -0.098090 0.003345 -0.196393 -0.214326 0.008742 0.018356 -0.306771 0.012043 -0.101493 0.040749 -0.384722 -0.099835 -0.380788 -0.356986 -0.164313 0.104849 0.307322 0.070990 0.308033 0.399876 0.143791 0.007256 0.248079 0.064475 -0.005166 -0.269304 0.216879 0.130419 0.071880 0.199533 0.028693 -0.182628 -0.231977 -0.081361 -0.033063 0.092696 0.175500 0.199052 0.016903 0.061903 0.054449 0.129919 0.142389 0.144453 -0.119295 -0.175692 0.101626 0.077587 -0.021958 0.152004 0.075741 0.331057 -0.200236 -0.078468 0.086361 0.017403 -0.089253 -0.042255 -0.067372 0.101238 0.054618 0.235234 0.145532 0.426010 0.345298 0.061492 0.009698 -0.033878 -0.013044 -0.149590 0.006874 -0.145398 -0.040719 0.096102 -0.170185 0.036264
0.369661 1.000000 0.043176 -0.002321 0.004497 0.074790 0.097580 0.219019 -0.045543 0.323329 0.252352 0.159092 0.084564 0.240013 -0.320016 0.179711 0.014888 0.022438 0.226249 0.427813 -0.415521 -0.473261 -0.466386 -0.146643 -0.311009 -0.406790 -0.062400 0.007611 -0.297396 0.048837 -0.508866 -0.363157 0.125467 0.528309 -0.068734 0.285043 -0.111801 0.011438 -0.050907 0.080981 0.082385 0.038597 -0.283486 -0.304909 -0.138962 -0.128403 -0.223139 -0.173901 -0.274579 -0.217706 -0.467169 -0.189967 -0.196046 -0.480166 -0.145729 -0.159871 -0.035319 0.225169 0.376644 0.167695 0.298210 0.516727 0.100149 0.609467 0.062078 -0.011300 -0.020536 -0.018813 -0.078070 -0.057054 -0.012562 -0.032488 -0.086489 0.226796 0.015464 0.335260 0.317323 0.480810 -0.039162 0.347001 -0.231400 0.344483 -0.333238 -0.116642 -0.251417 -0.052648 -0.184588 0.007883 0.175617 0.121715 0.220351 0.022942 0.098900 -0.082203 -0.117550 0.107700 0.014665 -0.137498 0.002365 -0.214150 0.161423 0.139939 0.338167 0.261987 0.035353 -0.249771 0.137490 0.025653 -0.101115 -0.347630 0.007014 -0.195320 -0.140242 -0.010964 -0.095610 -0.070932
0.165732 0.043176 1.000000 0.211878 0.287346 0.034617 0.484668 0.393713 0.297601 0.270311 0.043800 0.058382 0.297289 0.112674 0.075714 -0.054458 -0.179557 -0.246105 0.109438 0.298652 -0.250013 -0.299116 0.337289 0.374837 0.078677 -0.081816 0.123705 0.154613 -0.351987 -0.443462 -0.209552 -0.379841 0.015537 0.136957 -0.138279 0.127225 -0.174318 -0.360115 -0.281642 -0.276972 -0.444855 -0.380843 -0.187540 -0.124337 -0.025492 0.062948 -0.295234 -0.131855 0.001958 0.051768 0.012591 -0.064614 -0.060316 -0.302326 -0.188077 -0.329103 -0.018222 0.021125 0.212594 0.145142 0.210342 0.106821 -0.075779 0.012811 0.160114 0.079194 0.124953 0.403273 -0.215462 0.231297 0.068412 0.031238 -0.365216 -0.255577 -0.239764 -0.117319 -0.023078 0.025593 -0.264989 -0.071567 -0.315216 -0.308177 0.053963 -0.171432 -0.187513 -0.322120 -0.001109 -0.312463 -0.027688 0.053986 0.169902 0.311641 0.224318 0.191497 -0.072245 -0.140181 -0.073570 -0.085374 -0.180525 -0.129651 0.289849 0.060102 0.008880 0.326611 0.009493 0.137123 -0.024700 0.130572 -0.356012 -0.263184 0.196310 -0.107208 -0.289731 0.106886 0.074036 -0.101465
-0.044782 -0.002321 0.211878 1.000000 0.280763 0.465528 0.043635 0.633527 0.179069 0.262345 -0.063582 0.219129 0.040526 0.124531 -0.206241 -0.077373 -0.050568 -0.125242 -0.239063 0.106475 -0.255806 0.046522 -0.010652 0.377719 -0.251129 0.237260 0.157419 0.402847 -0.543344 -0.315723 -0.337618 -0.278515 -0.066655 -0.108172 0.078714 0.375357 -0.281489 -0.081436 -0.161102 0.038434 -0.202264 -0.256624 -0.047496 0.166446 0.049082 0.221194 0.059583 0.119548 0.082727 -0.088363 0.013882 0.182746 0.237597 -0.049541 -0.009875 -0.102029 -0.358446 -0.374894 0.048077 0.153188 -0.071527 0.069437 -0.285572 -0.107601 -0.283707 0.399149 -0.155384 0.310278 -0.335921 -0.047447 -0.265569 -0.012967 -0.331395 -0.153131 -0.077363 -0.234896 -0.215274 -0.056373 -0.241725 0.003471 -0.217032 -0.322866 -0.231204 -0.332875 0.003534 -0.057140 -0.335299 -0.152754 -0.219720 0.157450 0.223003 -0.099125 0.227800 -0.214244 -0.031182 -0.296771 0.078805 -0.199239 0.062406 -0.243530 0.128731 -0.336144 -0.041983 -0.020145 0.166519 -0.107009 0.074942 -0.071592 -0.193570 -0.103198 0.024529 -0.016385 -0.199173 0.114697 0.050071 -0.133191
-0.102771 0.004497 0.287346 0.280763 1.000000 0.689640 0.454244 0.476612 0.675184 0.254643 0.133707 0.132902 0.539855 0.443489 -0.024920 0.041030 0.035085 -0.235562 -0.126103 -0.009589 -0.092125 -0.093811 0.061192 0.042446 0.410356 0.160057 0.482929 0.348451 -0.296378 -0.197415 0.102731 0.024871 -0.237315 0.022501 -0.169192 0.154533 -0.215528 -0.420008 -0.434560 -0.282270 -0.385130 -0.411621 0.109492 -0.020506 0.039688 0.009546 0.103693 -0.049415 0.070951 -0.000748 -0.087611 -0.026970 0.257245 -0.014397 -0.152879 -0.456389 -0.181557 -0.201592 0.152476 0.002324 0.411936 0.322884 -0.181957 0.095375 0.290235 0.192959 -0.023729 -0.065875 -0.376516 -0.136036 -0.087915 -0.043312 -0.241675 -0.235215 -0.322298 -0.117732 -0.256880 -0.264119 0.010636 -0.109163 -0.208626 -0.186912 -0.288187 -0.391663 -0.223374 -0.436753 -0.247979 -0.453258 -0.275663 -0.153380 -0.039030 -0.037275 0.302861 0.156137 -0.126248 -0.288855 -0.153301 -0.297938 -0.223551 -0.147144 0.286651 0.182825 -0.048606 0.287780 -0.054787 -0.049675 0.292762 0.090103 -0.078107 -0.039187 -0.100926 0.107836 -0.068525 0.190913 -0.104474 0.076000
-0.185790 0.074790 0.034617 0.465528 0.689640 1.000000 0.235545 0.597949 0.355324 0.447373 -0.007048 0.154667 0.323011 0.312875 -0.295203 0.042110 -0.042891 -0.185739 -0.242683 -0.070488 -0.072588 -0.032143 -0.151918 0.077253 0.220815 0.321983 0.368515 0.379795 -0.459520 -0.326141 -0.102746 -0.051400 -0.440625 -0.062033 -0.117735 0.216416 -0.298369 -0.278201 -0.380978 -0.084448 -0.258270 -0.359992 0.254583 0.118223 0.115042 0.130487 0.298989 0.105679 0.102811 0.000808 -0.066980 0.044126 0.337705 -0.008246 -0.240890 -0.362635 -0.326314 -0.159557 0.184172 0.130761 0.265292 0.427929 -0.223732 0.073597 0.065785 0.283982 -0.163886 -0.099392 -0.467495 -0.261066 -0.180083 -0.072294 -0.266304 -0.129872 -0.304218 -0.238297 -0.214861 -0.199317 -0.069613 -0.057519 -0.223407 -0.131095 -0.425316 -0.512383 -0.195083 -0.365524 -0.536772 -0.496202 -0.356141 -0.245509 0.162271 -0.091022 0.437203 0.106062 -0.134827 -0.185248 0.007157 -0.208494 0.038430 -0.159426 0.343648 0.062673 0.120857 0.125681 0.016258 -0.096868 0.160085 0.030288 -0.050509 -0.115948 -0.160929 0.006877 0.066251 0.111280 0.050033 -0.023907
0.257865 0.097580 0.484668 0.043635 0.454244 0.235545 1.000000 0.327813 0.341786 0.276125 0.273144 -0.099959 0.488157 0.065731 0.063507 -0.050725 0.232913 -0.205581 0.315895 0.398429 -0.235093 -0.377881 0.172915 0.146867 0.184288 -0.140449 0.105016 -0.019980 -0.225259 -0.274550 0.038139 -0.254441 -0.019306 0.153008 -0.109211 0.093387 -0.364428 -0.225034 -0.420102 -0.371241 -0.358168 -0.441906 -0.028235 -0.142242 -0.046021 -0.089834 -0.199111 -0.159407 -0.194984 -0.039064 -0.208446 -0.238885 -0.193405 -0.198094 -0.406258 -0.384607 -0.061368 0.063662 0.145540 0.055989 0.493669 0.147421 0.205609 0.087983 0.411781 -0.002068 0.185175 -0.004084 -0.224411 0.061816 0.120538 -0.021634 -0.180145 -0.178429 -0.235815 -0.049253 -0.008315 -0.069299 -0.147366 -0.150101 -0.135088 0.004633 0.018075 -0.085158 -0.267567 -0.335104 -0.166689 -0.339536 -0.243589 -0.215039 0.158635 0.430782 0.232957 0.281565 0.142292 -0.222290 -0.301472 -0.139423 -0.239724 0.000212 0.436371 0.319284 0.131091 0.357374 0.049412 0.103699 0.062928 0.057039 -0.287986 -0.282541 -0.196071 -0.094148 -0.199968 0.031162 -0.155463 0.083966
0.011420 0.219019 0.393713 0.633527 0.476612 0.597949 0.327813 1.000000 0.272217 0.534138 0.078138 0.265837 0.228482 0.332053 -0.336091 0.003726 -0.005327 -0.272770 -0.063700 0.194582 -0.260145 -0.234626 -0.155332 0.126609 -0.129788 0.027894 0.086693 0.243260 -0.518045 -0.277630 -0.360254 -0.353355 -0.222029 0.005109 -0.176556 0.272113 -0.354418 -0.179356 -0.275993 -0.007649 -0.271000 -0.357677 -0.088265 -0.015354 -0.012025 0.171438 -0.000981 0.023559 0.003042 -0.042589 -0.133746 0.104621 0.225618 -0.059168 -0.126528 -0.120518 -0.249932 -0.246731 0.148103 0.071564 0.169325 0.343289 -0.156544 0.143127 0.040128 0.347796 -0.297330 0.186894 -0.457086 -0.090483 -0.199944 -0.137256 -0.291560 -0.169452 -0.217296 -0.127089 -0.076208 0.000874 -0.197633 -0.055888 -0.309534 -0.263838 -0.330807 -0.542017 -0.214177 -0.307587 -0.330925 -0.263031 -0.193588 0.184294 0.284002 0.088732 0.364394 -0.046970 -0.073787 -0.216267 0.043311 -0.160185 -0.034018 -0.248349 0.398336 0.020277 0.111112 0.259820 0.004099 -0.210069 0.088284 -0.057318 -0.247632 -0.213033 -0.124274 -0.148766 -0.115017 0.058587 0.047410 -0.084283
-0.135696 -0.045543 0.297601 0.179069 0.675184 0.355324 0.341786 0.272217 1.000000 0.303528 0.302432 0.399997 0.702356 0.540147 0.304321 0.105520 0.008577 -0.124213 -0.096566 0.047603 -0.126514 -0.148499 0.107649 0.014316 0.376985 0.072723 0.068661 -0.051142 -0.087166 -0.038773 0.159949 0.069876 -0.046063 0.130464 -0.298721 0.124771 -0.104313 -0.314474 -0.288173 -0.290965 -0.255444 -0.314102 -0.035765 -0.093529 -0.042586 -0.084795 -0.079205 -0.140268 -0.000618 -0.028898 -0.079562 -0.041723 0.177048 -0.035897 -0.166912 -0.480247 -0.123399 -0.097543 -0.052207 -0.183323 0.309128 0.248594 -0.022198 0.215002 0.292321 0.133408 -0.165062 0.032932 -0.288987 -0.038686 -0.218401 -0.037487 -0.236038 -0.037603 -0.111826 0.015490 -0.089413 -0.123908 0.122697 -0.159943 -0.284125 -0.196392 -0.138797 -0.038602 -0.233283 -0.253986 -0.100385 -0.240325 -0.168423 -0.133649 -0.071093 -0.024395 0.080481 0.189775 -0.231699 -0.228474 -0.271886 -0.126473 -0.327291 -0.129678 0.106965 0.160410 -0.083074 0.103232 -0.174736 0.037420 -0.074692 0.066028 -0.196285 -0.113964 -0.156454 -0.050558 -0.099499 0.008010 0.039754 -0.176835
-0.001702 0.323329 0.270311 0.262345 0.254643 0.447373 0.276125 0.534138 0.303528 1.000000 0.113374 0.378509 0.284720 0.407415 -0.128611 0.313261 -0.110114 -0.267312 -0.030079 0.203146 -0.400204 -0.263033 -0.284629 0.057331 -0.009764 -0.021987 -0.136683 -0.074299 -0.388369 -0.157503 -0.368065 -0.222984 -0.236992 0.241886 -0.081912 0.273347 -0.310708 -0.217298 -0.232249 0.052706 -0.198792 -0.264486 0.047036 0.028462 0.033508 0.109325 0.113470 0.123612 -0.059704 0.000604 -0.252229 -0.064572 0.134965 -0.125842 -0.312086 -0.243850 -0.215941 0.107547 0.092064 0.085704 0.359386 0.413866 -0.105410 0.349648 0.155520 0.202454 -0.409474 0.009442 -0.325078 -0.153637 -0.230438 -0.035851 -0.243758 -0.045308 -0.303890 -0.025201 -0.023396 0.203225 -0.135835 -0.042891 -0.444463 -0.090264 -0.394603 -0.221158 -0.377970 -0.308975 -0.334034 -0.263337 -0.095843 -0.002362 0.387865 0.100936 0.223047 -0.065965 -0.277771 0.004999 0.070804 -0.009480 0.162687 -0.215165 0.467717 0.018961 0.316419 0.173567 -0.081301 -0.126745 0.007802 0.041324 -0.328883 -0.408483 0.017655 -0.135658 -0.007957 -0.008775 0.018753 -0.195324
0.256680 0.252352 0.043800 -0.063582 0.133707 -0.007048 0.273144 0.078138 0.302432 0.113374 1.000000 0.221427 0.507436 0.358126 0.236432 0.155502 0.208913 -0.080692 0.144119 0.412761 -0.240769 -0.225706 -0.035845 -0.006678 -0.215826 -0.241086 -0.073911 -0.089408 0.174143 -0.005382 -0.056016 -0.205619 0.144324 0.137482 -0.222476 0.209281 0.038061 0.040718 0.143175 0.138365 -0.044583 -0.070161 -0.208436 -0.208533 -0.165679 -0.169020 -0.311343 -0.065031 -0.284488 -0.147399 -0.429665 -0.307396 -0.251958 -0.296650 -0.146528 -0.030762 0.060288 -0.087173 0.057771 -0.098149 0.232459 0.107966 0.217945 0.110558 0.066666 -0.183507 -0.116274 0.018359 0.040206 -0.014552 -0.184294 -0.046523 -0.033366 0.061340 -0.006004 0.246426 0.189337 0.069285 0.107706 -0.083177 -0.091936 0.033808 0.018019 0.148785 -0.062397 0.147239 -0.081202 0.109869 0.100410 0.066835 -0.032641 0.155338 -0.308741 -0.107557 -0.056327 -0.198006 -0.240678 0.011127 -0.320456 -0.049208 -0.209106 0.060581 -0.265438 0.178430 -0.060326 0.041603 -0.155977 -0.019626 -0.274677 -0.115321 0.074386 -0.340828 -0.205514 0.081117 -0.149775 -0.013512
-0.083183 0.159092 0.058382 0.219129 0.132902 0.154667 -0.099959 0.265837 0.399997 0.378509 0.221427 1.000000 0.111877 0.627434 0.076897 0.203907 -0.208412 -0.117075 -0.122587 0.070232 0.131415 -0.118766 -0.223902 -0.148452 -0.056742 -0.129061 -0.112394 -0.233601 -0.189517 0.179412 -0.090354 -0.141074 -0.108996 -0.006188 -0.154581 0.134564 0.203864 0.060600 0.145639 0.228255 0.108894 -0.007972 -0.089597 -0.042963 -0.064449 0.051503 -0.044724 -0.092211 0.106208 -0.032918 -0.004293 0.150534 0.281507 0.013304 0.160691 -0.105306 -0.089745 -0.220667 -0.210511 -0.229906 0.012797 0.206119 -0.309104 0.322130 0.206851 0.256522 -0.398563 -0.019408 0.021639 -0.179213 -0.293391 0.205907 -0.112811 0.285265 0.049500 0.217229 0.222611 0.167678 0.102097 0.018406 -0.263622 -0.171219 -0.359417 -0.147850 -0.121545 -0.089390 -0.223457 -0.007676 0.105821 0.097311 0.035573 -0.248822 0.079499 -0.211856 -0.224226 0.095243 -0.041756 0.032004 -0.215743 -0.352855 -0.021930 -0.149273 -0.083178 -0.118583 -0.104321 -0.100397 -0.036251 -0.020338 -0.081241 0.034974 -0.077894 -0.244487 -0.252008 -0.030041 -0.036532 -0.070840
-0.061952 0.084564 0.297289 0.040526 0.539855 0.323011 0.488157 0.228482 0.702356 0.284720 0.507436 0.111877 1.000000 0.440549 0.263399 0.146285 0.216551 -0.122099 -0.019501 0.131430 -0.194363 -0.151533 -0.065414 -0.010278 0.255529 -0.025043 -0.033994 -0.088314 -0.080793 -0.088899 0.116209 0.024469 0.192330 0.299554 -0.315264 0.203455 -0.156768 -0.233894 -0.209202 -0.131237 -0.150143 -0.312089 -0.102240 -0.199226 -0.097953 -0.172500 -0.183367 -0.177765 -0.184930 -0.168691 -0.339515 -0.390043 -0.023791 -0.199176 -0.229282 -0.408078 -0.156835 -0.010611 0.201163 -0.208664 0.512661 0.290477 0.184091 0.210622 0.212918 -0.055978 -0.006163 -0.027021 -0.252120 -0.096772 -0.059707 -0.088569 -0.018655 -0.030603 -0.085992 0.073201 0.021403 -0.053613 -0.005999 -0.097744 -0.301191 -0.047281 -0.217682 -0.068484 -0.347363 -0.125203 -0.208364 -0.215847 -0.123581 -0.208062 0.054220 0.140039 0.052118 0.179081 -0.129630 -0.333231 -0.277060 -0.250973 -0.277628 -0.032183 0.070626 0.229144 0.003347 0.202252 -0.204538 -0.004339 -0.090726 0.100333 -0.213931 -0.186605 -0.161462 -0.058751 -0.156402 0.087825 0.015453 -0.140628
-0.064417 0.240013 0.112674 0.124531 0.443489 0.312875 0.065731 0.332053 0.540147 0.407415 0.358126 0.627434 0.440549 1.000000 0.156840 0.440655 -0.078691 -0.079252 -0.321035 -0.084476 -0.049434 -0.047906 -0.227216 -0.323616 0.165157 -0.098540 -0.014033 -0.149529 -0.068567 0.228542 -0.002209 0.044498 -0.061188 0.149682 -0.196039 0.228909 0.115599 -0.111075 0.098642 0.194580 -0.023719 -0.080190 -0.052553 -0.176337 -0.091214 -0.052897 -0.113275 -0.238760 0.104472 -0.200784 -0.215723 -0.122774 0.248838 -0.163614 0.093570 -0.242289 -0.199469 -0.081466 0.137196 -0.125471 0.335010 0.409015 -0.256399 0.445776 0.145247 0.144143 -0.190177 -0.032155 -0.252550 -0.239666 -0.066240 0.059850 0.067099 0.194101 -0.139371 0.346241 0.047229 0.051362 0.091137 0.028914 -0.340585 -0.057925 -0.440057 -0.220133 -0.343775 -0.219019 -0.169192 -0.169830 -0.033549 -0.061877 -0.005471 -0.345567 0.032196 -0.183431 -0.236535 -0.176220 0.010739 -0.148080 -0.270859 -0.350987 0.111200 -0.045210 -0.021478 -0.002562 -0.194902 -0.214953 -0.018438 -0.116819 -0.177959 -0.094011 -0.123598 -0.108068 -0.181341 0.117177 -0.059657 -0.212984
-0.053372 -0.320016 0.075714 -0.206241 -0.024920 -0.295203 0.063507 -0.336091 0.304321 -0.128611 0.236432 0.076897 0.263399 0.156840 1.000000 0.409202 -0.138958 0.150203 0.084592 -0.136991 0.088844 0.252336 0.399637 -0.010111 0.238448 0.003349 0.144384 -0.140360 0.412729 0.191730 0.351008 0.159574 0.141130 -0.258419 -0.024465 -0.200331 0.262320 0.057883 0.206380 -0.072685 -0.057154 0.172301 -0.090518 -0.128029 -0.333276 -0.334120 -0.184479 -0.243083 -0.031165 -0.167211 0.125201 -0.208886 -0.058701 0.085418 0.056953 -0.113376 0.048158 0.112980 -0.218216 -0.177320 -0.071119 -0.285179 0.029825 -0.137467 0.210337 -0.237363 0.060352 -0.195749 0.163084 0.013966 -0.096774 0.081414 0.009269 0.103109 0.037932 0.071939 -0.075117 -0.191940 0.032813 -0.179231 -0.109635 -0.153032 0.456572 0.401156 0.117426 0.203654 0.253637 0.115715 0.111876 0.032623 -0.295779 0.082805 -0.073587 0.251996 -0.028370 -0.275134 -0.232748 0.047229 -0.268736 0.287899 -0.174480 0.266942 -0.203366 -0.003432 -0.248732 0.123952 -0.245489 -0.041280 -0.098806 -0.011934 -0.049372 0.153565 0.095168 0.052359 0.156405 -0.181900
0.029783 0.179711 -0.054458 -0.077373 0.041030 0.042110 -0.050725 0.003726 0.105520 0.313261 0.155502 0.203907 0.146285 0.440655 0.409202 1.000000 -0.305292 0.162660 -0.014622 -0.202121 -0.232981 0.031888 -0.040139 -0.166220 0.058573 -0.109633 0.121199 -0.013604 0.032048 0.206263 -0.009565 -0.011784 -0.102701 -0.209547 -0.064364 0.048442 -0.012674 -0.071610 0.113985 0.122271 -0.157821 0.022128 0.120353 -0.029544 -0.162648 -0.129631 0.053226 -0.147556 0.020222 -0.103063 0.090944 -0.020501 0.125951 0.067636 0.138154 -0.138811 -0.194980 0.079211 0.134363 0.069536 0.124831 0.156169 -0.269757 0.189408 0.115146 0.018097 -0.289701 -0.288392 0.072358 -0.273686 -0.012712 -0.129067 0.078944 0.162470 -0.152191 0.135430 -0.147078 -0.132809 -0.139278 0.029819 -0.466008 -0.121027 -0.109344 0.199643 -0.138274 -0.005786 0.058505 -0.015924 0.221190 -0.057778 -0.073543 -0.142486 -0.026756 -0.108426 -0.169517 -0.068796 0.031089 -0.081187 -0.088873 0.138626 0.038304 0.099825 -0.017974 -0.103343 -0.144525 -0.039777 0.009097 -0.216157 0.010524 -0.183341 -0.092012 0.175671 0.196705 0.234689 0.276482 -0.234745
0.130475 0.014888 -0.179557 -0.050568 0.035085 -0.042891 0.232913 -0.005327 0.008577 -0.110114 0.208913 -0.208412 0.216551 -0.078691 -0.138958 -0.305292 1.000000 0.112131 -0.086522 0.110537 -0.174874 -0.023555 -0.239080 -0.137807 -0.057615 -0.088065 -0.253816 -0.174944 -0.006736 0.019856 -0.012669 0.021958 0.266299 0.255661 -0.055718 0.141333 -0.239974 0.065642 -0.078024 -0.044366 0.048131 -0.046165 0.059895 0.070155 0.149919 0.119227 -0.158827 0.112968 -0.023711 -0.018317 -0.342426 -0.230026 -0.291032 -0.170422 -0.248836 0.045431 0.221426 0.064044 0.264580 -0.081085 0.347793 -0.035117 0.555323 0.123075 -0.047774 -0.255588 0.176117 0.136373 -0.065179 -0.024438 -0.058606 -0.223639 0.140906 -0.093348 -0.050941 -0.079847 -0.067886 -0.005038 0.167651 -0.025004 0.296785 0.215995 -0.018708 0.082998 -0.291192 -0.027669 -0.005476 0.065984 -0.194017 -0.017337 -0.022484 0.218389 -0.318991 -0.018878 0.014144 -0.171719 -0.218393 0.007005 -0.051278 0.213968 -0.114641 0.039748 0.071005 0.157751 0.052309 0.057302 -0.008004 -0.085175 -0.089645 -0.070098 -0.006194 0.007913 -0.075235 -0.085140 -0.305369 0.150808
-0.019855 0.022438 -0.246105 -0.125242 -0.235562 -0.185739 -0.205581 -0.272770 -0.124213 -0.267312 -0.080692 -0.117075 -0.122099 -0.079252 0.150203 0.162660 0.112131 1.000000 -0.100864 -0.229638 0.108254 0.106504 -0.063209 -0.240157 0.008452 0.092045 0.015184 -0.035229 0.315937 0.425705 0.170227 0.255510 0.124898 -0.015610 -0.117220 -0.117623 0.212293 0.203855 0.083130 -0.104851 0.226495 0.194551 0.047498 -0.094478 0.069804 0.026746 -0.036438 -0.175961 -0.064779 -0.000355 0.033507 -0.079297 -0.141707 -0.069184 -0.080648 -0.091265 0.026145 0.265794 0.159130 -0.077265 -0.099815 -0.026577 0.215930 0.169926 -0.070035 -0.185525 0.094552 -0.177026 0.059529 -0.024870 -0.003047 -0.001550 0.318454 0.333616 0.167422 0.073305 -0.025779 0.017329 0.229034 0.461241 0.390222 0.427553 0.239974 0.381643 0.176676 0.058109 0.216145 0.017358 -0.031239 -0.170749 -0.269997 -0.318719 -0.240692 -0.087877 -0.222649 0.000782 -0.050054 -0.000736 -0.026654 0.114887 -0.258131 0.239904 0.055073 -0.257979 -0.205366 -0.200585 -0.271787 -0.121315 0.046901 -0.062451 -0.132325 0.093004 0.271446 -0.078621 0.113920 -0.153112
0.487276 0.226249 0.109438 -0.239063 -0.126103 -0.242683 0.315895 -0.063700 -0.096566 -0.030079 0.144119 -0.122587 -0.019501 -0.321035 0.084592 -0.014622 -0.086522 -0.100864 1.000000 0.365314 -0.222828 -0.440318 -0.009108 -0.057261 -0.187773 -0.461957 -0.047882 -0.097203 0.059245 -0.076990 -0.106209 -0.340827 0.171111 0.023758 -0.070998 -0.112962 -0.096370 0.050135 0.004685 -0.134239 0.031155 0.102831 -0.222438 -0.221848 -0.066392 -0.170359 -0.216690 -0.065434 -0.306417 -0.019527 -0.270204 -0.154862 -0.335038 -0.110167 -0.020211 0.171336 0.190519 0.209340 -0.024000 0.033873 0.039978 -0.015615 0.265594 -0.010366 0.254195 -0.171681 0.017844 -0.277990 0.244306 0.063582 -0.023169 -0.128403 -0.137758 0.030398 0.120263 0.002896 0.319103 0.080422 -0.124381 -0.061777 0.024727 0.155086 0.260931 0.118796 0.075613 0.045897 0.166156 0.171524 0.208554 0.322263 0.004202 0.411087 0.018846 0.197478 0.199764 0.191809 -0.032110 0.105402 0.000629 0.243405 0.122021 0.408689 0.209102 0.274383 0.153873 0.031062 0.113866 0.072920 0.045324 -0.048354 -0.043339 -0.115908 -0.005515 0.008047 -0.003963 0.182333
0.500104 0.427813 0.298652 0.106475 -0.009589 -0.070488 0.398429 0.194582 0.047603 0.203146 0.412761 0.070232 0.131430 -0.084476 -0.136991 -0.202121 0.110537 -0.229638 0.365314 1.000000 -0.463977 -0.588985 -0.085691 0.323130 -0.283226 -0.319801 -0.248282 -0.051715 -0.227285 -0.281284 -0.386372 -0.450865 0.037286 0.320627 0.048417 0.279517 -0.267017 -0.125143 -0.235941 -0.184147 -0.102603 -0.202290 -0.230525 -0.164096 0.014373 -0.058350 -0.259980 0.071884 -0.150737 0.023307 -0.365611 -0.002441 -0.350769 -0.230612 -0.406984 -0.169557 0.189642 0.060377 0.079706 0.156322 0.297760 0.087170 0.326895 0.196455 0.083929 -0.104380 0.084879 0.302841 -0.027313 0.313888 -0.156125 -0.110022 -0.397966 -0.099660 -0.141018 0.055472 0.166010 0.239113 -0.181576 -0.084175 -0.185006 -0.003273 0.030065 0.120426 -0.173737 -0.122841 -0.201474 -0.000989 -0.046313 0.046521 0.361980 0.499139 0.085878 0.045698 0.053837 0.060400 -0.382280 -0.011776 -0.021178 -0.023324 0.064765 0.087091 0.018565 0.386719 0.268183 0.164432 -0.035708 0.072948 -0.362932 -0.347619 0.049186 -0.262604 -0.209649 0.014769 -0.103668 0.065620
-0.360317 -0.415521 -0.250013 -0.255806 -0.092125 -0.072588 -0.235093 -0.260145 -0.126514 -0.400204 -0.240769 0.131415 -0.194363 -0.049434 0.088844 -0.232981 -0.174874 0.108254 -0.222828 -0.463977 1.000000 0.335671 0.076278 -0.278522 0.215282 0.195696 0.053655 -0.197618 0.396666 0.314733 0.487870 0.398672 -0.074923 -0.221759 0.166688 -0.291058 0.491681 0.273744 0.260497 0.103924 0.337231 0.110984 0.009320 -0.072230 -0.060879 -0.074521 0.113714 -0.226729 0.040247 -0.054924 0.340937 0.001742 0.332506 0.357619 0.351523 0.178586 0.002874 -0.150918 -0.332209 -0.384912 -0.269884 -0.200648 -0.191110 -0.244011 0.071705 0.012817 0.072743 -0.235050 0.131437 -0.013282 0.315781 0.423103 0.379075 0.247060 0.408634 0.206533 0.199528 0.008132 0.144227 0.036437 0.322583 0.027451 0.165684 -0.107933 0.326640 0.102024 0.096599 0.016571 0.021500 -0.176160 -0.358055 -0.290492 0.039378 0.075551 0.108194 0.056660 0.047955 0.057856 -0.196767 -0.037833 -0.087920 -0.017810 -0.168006 -0.192513 -0.113453 -0.061086 -0.020533 0.034846 0.306165 0.442878 -0.110802 -0.018674 -0.001958 -0.104661 -0.039803 0.132906
-0.360556 -0.473261 -0.299116 0.046522 -0.093811 -0.032143 -0.377881 -0.234626 -0.148499 -0.263033 -0.225706 -0.118766 -0.151533 -0.047906 0.252336 0.031888 -0.023555 0.106504 -0.440318 -0.588985 0.335671 1.000000 0.229923 0.072793 0.138792 0.425424 0.199437 0.249628 0.192508 0.110707 0.242050 0.318710 0.005174 -0.359908 -0.057645 -0.249710 0.342291 0.037077 0.463023 0.328367 0.021111 0.351369 0.000612 0.004171 -0.209255 -0.172719 0.083091 -0.073445 0.077207 -0.191607 0.248338 -0.054546 0.141480 0.263634 0.343338 0.167667 -0.013750 -0.049206 -0.173798 -0.125194 -0.362710 -0.289972 -0.156193 -0.289004 -0.254487 0.083681 0.055174 -0.164979 0.102529 0.026917 0.017249 -0.031616 0.260820 -0.089949 0.032805 -0.174791 -0.238693 -0.274259 0.038324 -0.122778 0.316339 0.020509 0.052979 0.043710 0.196706 0.244090 0.095168 0.031965 0.023791 -0.009095 -0.026564 -0.247191 -0.061960 -0.184758 0.221804 -0.214700 0.133864 -0.141224 0.066566 0.119631 -0.254530 -0.201913 -0.182730 -0.355596 -0.234367 0.018494 -0.152708 -0.055468 0.100913 0.316196 -0.127646 0.201470 0.054886 -0.033301 -0.043277 0.078255
0.030932 -0.466386 0.337289 -0.010652 0.061192 -0.151918 0.172915 -0.155332 0.107649 -0.284629 -0.035845 -0.223902 -0.065414 -0.227216 0.399637 -0.040139 -0.239080 -0.063209 -0.009108 -0.085691 0.076278 0.229923 1.000000 0.569476 0.234578 0.437924 0.472281 0.383773 0.053209 -0.289664 0.223421 0.112193 -0.032667 -0.301816 0.018722 -0.135936 0.031126 -0.177057 -0.014400 -0.160742 -0.422859 -0.057286 0.015627 0.072131 -0.083280 0.063231 -0.194865 -0.164839 -0.033876 0.184261 0.376423 0.046105 -0.243185 0.030862 -0.037836 -0.104586 0.163378 -0.070606 -0.313745 0.054569 -0.260447 -0.377066 -0.072982 -0.370603 0.133502 0.192625 0.147692 0.187736 0.037750 0.166063 0.121131 -0.106788 -0.266908 -0.290630 -0.082715 -0.228910 -0.275595 -0.241014 -0.026949 -0.246762 0.164568 -0.246672 0.508404 0.142973 0.362218 0.045458 0.293165 -0.048146 0.065907 -0.063058 -0.345575 -0.023732 -0.078668 0.049578 0.102424 -0.119866 -0.083699 0.018635 -0.324777 0.002085 0.001470 -0.091141 -0.305431 -0.093980 -0.096340 0.209359 -0.064485 0.041781 -0.079420 0.023391 -0.042247 -0.105482 0.017838 -0.050397 0.019635 -0.017870
0.127188 -0.146643 0.374837 0.377719 0.042446 0.077253 0.146867 0.126609 0.014316 0.057331 -0.006678 -0.148452 -0.010278 -0.323616 -0.010111 -0.166220 -0.137807 -0.240157 -0.057261 0.323130 -0.278522 0.072793 0.569476 1.000000 0.010752 0.439050 0.245975 0.521066 -0.269293 -0.601995 -0.134827 -0.083925 0.016578 -0.056399 0.178006 0.227190 -0.278555 -0.329550 -0.257454 -0.134261 -0.412388 -0.159632 0.015051 0.099212 0.057809 0.167010 -0.105340 0.091042 0.054664 0.181984 0.201317 0.174816 -0.214166 -0.000721 -0.274523 -0.180145 0.001925 -0.164292 -0.144028 0.116325 -0.141156 -0.213054 -0.083794 -0.290654 -0.127826 0.227657 0.100467 0.356250 -0.145583 0.202167 -0.032589 -0.196159 -0.426380 -0.371896 -0.144201 -0.376443 -0.277444 -0.059707 -0.207118 -0.219762 -0.082973 -0.307909 0.239177 0.083219 0.199592 0.011055 -0.074303 -0.131934 -0.061810 -0.050494 0.095829 0.191882 0.090052 -0.050183 0.011091 -0.066524 -0.204343 -0.112753 -0.036997 -0.097695 -0.019753 -0.341080 -0.270957 -0.017531 0.139823 0.250955 -0.063125 0.164438 -0.201783 -0.160041 0.077168 -0.228352 -0.038228 0.049608 -0.004654 -0.100829
-0.326208 -0.311009 0.078677 -0.251129 0.410356 0.220815 0.184288 -0.129788 0.376985 -0.009764 -0.215826 -0.056742 0.255529 0.165157 0.238448 0.058573 -0.057615 0.008452 -0.187773 -0.283226 0.215282 0.138792 0.234578 0.010752 1.000000 0.443846 0.140948 -0.082033 0.070918 0.055771 0.660383 0.596490 -0.087374 0.150237 -0.015461 -0.122762 0.084714 -0.240442 -0.263557 -0.218584 -0.080498 0.003687 0.218831 -0.054729 0.103959 -0.055087 0.039970 -0.174685 0.205412 0.033294 0.171624 -0.119497 0.154600 0.183080 -0.195241 -0.484712 -0.017222 0.018019 0.012022 -0.234152 0.199859 0.008506 0.001521 0.000168 0.349480 0.001986 0.262910 -0.098575 -0.167083 0.145028 0.286468 0.179375 0.013244 0.038299 -0.256052 -0.157468 -0.168331 -0.256696 0.064030 -0.115635 -0.135100 -0.050701 -0.027971 0.035891 -0.214018 -0.198921 -0.072831 -0.267849 -0.206276 -0.370252 -0.336396 -0.081976 0.075133 0.302883 -0.096776 -0.000166 -0.256218 -0.134349 -0.374213 -0.083462 0.061637 0.065956 -0.111293 -0.091060 -0.194617 0.064847 -0.004495 0.124612 0.008540 -0.012895 -0.296100 0.081793 0.123697 -0.206505 0.194882 -0.143243
-0.371654 -0.406790 -0.081816 0.237260 0.160057 0.321983 -0.140449 0.027894 0.072723 -0.021987 -0.241086 -0.129061 -0.025043 -0.098540 0.003349 -0.109633 -0.088065 0.092045 -0.461957 -0.319801 0.195696 0.425424 0.437924 0.439050 0.443846 1.000000 0.313325 0.439878 -0.105901 -0.226841 0.235646 0.383648 -0.042723 -0.045068 0.128373 0.157345 -0.031528 -0.034845 -0.012572 0.093601 -0.141689 -0.032054 0.128290 0.107553 0.063691 0.215053 -0.047512 -0.144670 0.064227 0.018810 0.310153 -0.024571 -0.001721 0.074078 -0.127771 -0.262478 -0.069977 -0.147714 -0.106848 -0.080835 -0.023888 0.005616 -0.203953 -0.185734 0.025755 0.432420 -0.000912 0.211318 -0.137164 -0.052298 0.032135 0.016645 -0.089375 -0.095693 -0.150878 -0.244404 -0.255080 -0.115807 0.038406 -0.016255 0.069634 -0.116537 0.114157 -0.051973 0.158050 0.016460 -0.093406 -0.219215 -0.208495 -0.271092 -0.222696 -0.251566 -0.016970 -0.147828 -0.068791 -0.128635 -0.010413 -0.164945 -0.163805 -0.194802 -0.055362 -0.247789 -0.105711 -0.360909 -0.161718 -0.082455 0.021376 0.132779 -0.091934 -0.023178 -0.132428 -0.133547 0.034316 -0.220921 -0.040836 -0.154066
-0.068059 -0.062400 0.123705 0.157419 0.482929 0.368515 0.105016 0.086693 0.068661 -0.136683 -0.073911 -0.112394 -0.033994 -0.014033 0.144384 0.121199 -0.253816 0.015184 -0.047882 -0.248282 0.053655 0.199437 0.472281 0.245975 0.140948 0.313325 1.000000 0.756835 -0.150174 -0.227624 0.040515 -0.001323 -0.210706 -0.323582 0.013209 -0.051579 0.005353 -0.202998 -0.167989 -0.151562 -0.452603 -0.160035 0.095368 0.063975 -0.179833 -0.016548 0.071053 -0.158981 -0.070932 -0.008733 0.228879 0.009133 0.026481 -0.043058 0.068024 -0.206890 -0.014402 -0.153455 -0.044830 0.143110 -0.104192 0.016747 -0.383604 -0.142905 0.143616 0.263143 0.022053 -0.164041 0.008087 -0.281808 -0.043886 -0.039238 -0.202368 -0.178427 -0.098891 -0.205786 -0.302623 -0.265439 0.114107 0.011290 0.108534 -0.105910 0.133514 -0.282363 0.330594 -0.046626 0.001411 -0.235394 -0.021925 -0.035184 -0.314519 -0.226410 0.272137 0.100576 -0.010153 -0.217928 0.013143 -0.154760 -0.206381 -0.061158 0.135026 0.098373 -0.125405 0.060405 -0.110644 0.028426 0.287989 0.164835 0.108489 0.065002 0.015917 0.125546 0.047364 0.224254 -0.022632 0.157950
0.032076 0.007611 0.154613 0.402847 0.348451 0.379795 -0.019980 0.243260 -0.051142 -0.074299 -0.089408 -0.233601 -0.088314 -0.149529 -0.140360 -0.013604 -0.174944 -0.035229 -0.097203 -0.051715 -0.197618 0.249628 0.383773 0.521066 -0.082033 0.439878 0.756835 1.000000 -0.336576 -0.420618 -0.202813 -0.150269 -0.086170 -0.193673 -0.018031 0.192020 -0.171462 -0.315236 -0.135824 -0.060084 -0.485115 -0.161334 -0.003845 0.028248 -0.057798 0.100490 -0.037233 -0.095064 -0.044194 0.009281 0.153583 0.103800 -0.039419 -0.096000 0.044391 -0.168730 -0.074383 -0.114074 0.048801 0.246776 -0.100731 0.017402 -0.304699 -0.135853 -0.136428 0.369787 0.001493 0.110876 -0.068535 -0.182334 -0.050515 -0.275140 -0.310514 -0.329868 -0.204877 -0.259975 -0.253835 -0.147534 -0.048828 0.000471 0.076220 -0.190842 0.047081 -0.301749 0.254018 -0.033097 -0.041545 -0.248754 -0.044496 0.036848 -0.066023 -0.131742 0.161363 -0.138521 0.077765 -0.152351 0.036965 -0.210482 -0.017964 -0.086983 0.044712 -0.153827 -0.036569 0.030917 -0.016782 0.015643 0.235249 0.225024 -0.051206 -0.064142 0.130761 -0.020316 -0.043324 0.236379 -0.163355 0.087297
-0.012269 -0.297396 -0.351987 -0.543344 -0.296378 -0.459520 -0.225259 -0.518045 -0.087166 -0.388369 0.174143 -0.189517 -0.080793 -0.068567 0.412729 0.032048 -0.006736 0.315937 0.059245 -0.227285 0.396666 0.192508 0.053209 -0.269293 0.070918 -0.105901 -0.150174 -0.336576 1.000000 0.441060 0.433770 0.452628 0.171445 -0.157892 0.047608 -0.296201 0.450803 0.229537 0.270739 0.027785 0.371947 0.285023 0.023965 -0.125836 -0.080152 -0.213464 0.048829 -0.100336 0.056797 -0.030744 0.075955 -0.112415 -0.019245 0.213860 0.140276 0.304525 0.137559 -0.019125 -0.202355 -0.308991 -0.264001 -0.295520 0.122534 -0.234328 -0.047076 -0.454995 0.143230 -0.344545 0.200887 0.013455 0.159405 0.129657 0.562069 0.216667 0.368081 0.285692 0.175054 -0.014148 0.321636 0.070015 0.380250 0.232231 0.479733 0.446844 0.276236 0.216708 0.362896 0.298694 0.041217 -0.083898 -0.369836 -0.102370 -0.331986 0.070373 -0.002398 0.010033 -0.059269 0.182336 -0.055585 0.246781 -0.306831 0.252010 -0.203795 -0.135067 -0.110739 0.020000 -0.229539 -0.098351 0.125693 0.241172 -0.045344 0.033381 0.193087 -0.111486 -0.016390 -0.041541
-0.181940 0.048837 -0.443462 -0.315723 -0.197415 -0.326141 -0.274550 -0.277630 -0.038773 -0.157503 -0.005382 0.179412 -0.088899 0.228542 0.191730 0.206263 0.019856 0.425705 -0.076990 -0.281284 0.314733 0.110707 -0.289664 -0.601995 0.055771 -0.226841 -0.227624 -0.420618 0.441060 1.000000 0.311547 0.327526 0.225403 0.138738 -0.007388 -0.061534 0.382730 0.508687 0.291517 0.180062 0.369395 0.389323 -0.110092 -0.186329 -0.176384 -0.151137 -0.045625 -0.164668 -0.152126 -0.220599 -0.115357 -0.129085 0.011567 0.121840 0.295187 0.228401 -0.045143 0.035937 -0.206134 -0.317763 -0.089634 -0.120378 0.123441 0.316107 0.074414 -0.180753 -0.165383 -0.281764 0.172795 -0.083122 0.066916 0.236985 0.458598 0.649757 0.365324 0.465200 0.304769 0.273884 0.228814 0.360670 0.184307 0.320893 -0.065018 0.284193 0.057951 0.258537 0.175564 0.368503 0.190610 0.170451 -0.274884 -0.413419 -0.315750 -0.270386 -0.013245 0.113271 0.004809 0.068207 -0.063836 -0.063468 -0.245151 0.050161 0.046033 -0.244526 -0.364783 -0.354781 -0.142439 -0.208739 0.102717 0.018983 -0.110184 -0.018444 -0.044900 -0.146746 -0.046188 -0.135318
-0.420040 -0.508866 -0.209552 -0.337618 0.102731 -0.102746 0.038139 -0.360254 0.159949 -0.368065 -0.056016 -0.090354 0.116209 -0.002209 0.351008 -0.009565 -0.012669 0.170227 -0.106209 -0.386372 0.487870 0.242050 0.223421 -0.134827 0.660383 0.235646 0.040515 -0.202813 0.433770 0.311547 1.000000 0.710148 0.086370 -0.038657 0.058678 -0.239252 0.200052 0.055122 -0.059276 -0.085718 0.161146 0.148751 0.252496 0.076954 0.136312 -0.032783 0.105392 -0.126610 0.165253 0.028160 0.253274 -0.070862 0.137514 0.354521 0.025773 -0.140547 -0.089277 -0.096895 -0.307918 -0.521594 -0.056942 -0.314319 0.056374 -0.229415 0.161663 -0.121373 0.176553 -0.292163 0.040989 0.025896 0.259787 0.249663 0.287060 0.186340 0.034726 0.009596 -0.091999 -0.287853 0.154915 -0.105767 0.134066 -0.019522 0.169551 0.191207 0.084259 0.078717 0.038077 -0.042007 -0.155954 -0.360155 -0.473003 -0.256595 -0.103635 0.209932 0.085551 -0.019649 -0.133066 -0.073065 -0.315364 0.032482 -0.187529 -0.014631 -0.294522 -0.253793 -0.292180 0.075009 -0.119521 0.104023 0.172764 0.250877 -0.166719 0.031032 0.186457 -0.118582 0.088213 -0.006771
-0.421023 -0.363157 -0.379841 -0.278515 0.024871 -0.051400 -0.254441 -0.353355 0.069876 -0.222984 -0.205619 -0.141074 0.024469 0.044498 0.159574 -0.011784 0.021958 0.255510 -0.340827 -0.450865 0.398672 0.318710 0.112193 -0.083925 0.596490 0.383648 -0.001323 -0.150269 0.452628 0.327526 0.710148 1.000000 0.126665 0.069822 0.148213 -0.197628 0.136290 -0.008915 -0.077958 -0.055605 0.251681 0.197102 0.398018 0.189434 0.221146 0.094213 0.257604 -0.035376 0.234937 0.140192 0.223393 -0.017672 0.127569 0.314253 -0.013703 -0.085869 -0.095437 -0.075223 -0.181875 -0.499763 -0.124268 -0.219408 0.054070 -0.095921 -0.039434 -0.184595 0.208239 -0.228745 -0.029060 0.068030 0.281725 0.118996 0.358939 0.149084 0.104774 0.048421 -0.142333 -0.143814 0.227647 -0.094979 0.158005 0.009844 0.141127 0.261773 0.123930 0.117403 0.059891 0.083639 -0.153440 -0.367371 -0.428509 -0.417231 -0.132597 0.050800 -0.267460 -0.055486 -0.110728 -0.123175 -0.146139 -0.103576 -0.143823 -0.125204 -0.216169 -0.343542 -0.236222 -0.109033 -0.133539 -0.005672 0.144683 0.178008 -0.222513 0.021099 0.313639 -0.288265 0.093049 -0.180355
0.076091 0.125467 0.015537 -0.066655 -0.237315 -0.440625 -0.019306 -0.222029 -0.046063 -0.236992 0.144324 -0.108996 0.192330 -0.061188 0.141130 -0.102701 0.266299 0.124898 0.171111 0.037286 -0.074923 0.005174 -0.032667 0.016578 -0.087374 -0.042723 -0.210706 -0.086170 0.171445 0.225403 0.086370 0.126665 1.000000 0.439101 0.155209 0.275003 0.153448 0.244103 0.180997 0.161594 0.185280 0.269663 -0.306950 -0.268055 -0.150061 -0.122785 -0.472988 -0.328408 -0.250922 -0.283107 -0.267244 -0.397545 -0.388466 -0.230588 0.125028 0.001133 0.100915 -0.054792 0.055957 -0.283653 0.086579 -0.117671 0.199803 0.148031 -0.013672 -0.058558 0.181384 0.064975 0.306828 0.020876 0.229546 -0.014048 0.248031 0.254603 0.350042 0.193210 0.429196 0.318606 0.089698 0.076626 0.149565 0.183575 0.125415 0.212186 0.061217 0.349298 0.104580 0.167798 0.112294 0.114433 -0.179424 -0.080560 -0.336024 -0.167545 0.029193 -0.092622 -0.104962 -0.151719 -0.248161 -0.069035 -0.309147 -0.097596 0.065582 -0.095943 -0.101056 -0.077157 0.020941 -0.018057 -0.059522 0.022272 0.012597 -0.088809 -0.334703 -0.022786 -0.248047 0.016089
0.068598 0.528309 0.136957 -0.108172 0.022501 -0.062033 0.153008 0.005109 0.130464 0.241886 0.137482 -0.006188 0.299554 0.149682 -0.258419 -0.209547 0.255661 -0.015610 0.023758 0.320627 -0.221759 -0.359908 -0.301816 -0.056399 0.150237 -0.045068 -0.323582 -0.193673 -0.157892 0.138738 -0.038657 0.069822 0.439101 1.000000 0.058533 0.482556 -0.044595 -0.007196 -0.157815 0.081632 0.217706 0.013198 -0.167781 -0.186274 0.109080 0.054012 -0.296634 -0.098300 -0.231748 -0.222798 -0.577495 -0.433241 -0.301348 -0.453131 -0.337072 -0.261549 0.062834 0.207018 0.298167 -0.217841 0.487610 0.323367 0.270617 0.523434 0.091963 -0.078621 0.106797 0.155662 -0.066920 0.058816 0.206133 0.106863 0.011201 0.283289 0.015584 0.354342 0.419736 0.576976 0.059778 0.304178 -0.030804 0.355144 -0.256911 -0.070888 -0.409422 -0.141787 -0.209208 -0.088067 -0.060170 -0.124571 0.043528 -0.004630 -0.156465 -0.054142 -0.106144 0.137117 -0.079099 -0.259661 -0.117271 -0.313551 0.084388 -0.107795 0.341449 0.176539 -0.178733 -0.258960 0.021734 0.167808 -0.247097 -0.364417 0.081021 -0.299996 -0.228134 -0.193186 -0.178322 -0.166003
-0.035702 -0.068734 -0.138279 0.078714 -0.169192 -0.117735 -0.109211 -0.176556 -0.298721 -0.081912 -0.222476 -0.154581 -0.315264 -0.196039 -0.024465 -0.064364 -0.055718 -0.117220 -0.070998 0.048417 0.166688 -0.057645 0.018722 0.178006 -0.015461 0.128373 0.013209 -0.018031 0.047608 -0.007388 0.058678 0.148213 0.155209 0.058533 1.000000 0.302988 -0.116581 0.158262 -0.206828 -0.055999 -0.004670 -0.100376 0.054979 0.064431 0.047928 0.098100 0.092693 0.099118 -0.021652 -0.103667 0.081493 -0.039550 -0.091210 0.168358 -0.015047 0.116057 0.024477 -0.149887 -0.101407 0.000041 0.037724 -0.129574 -0.189409 -0.111842 -0.074661 0.161737 0.165564 0.142038 0.079948 0.135379 0.076607 0.043423 0.034484 -0.159568 0.040667 -0.111492 -0.139077 -0.011165 -0.000064 -0.052941 0.034786 -0.060951 0.118408 -0.009145 0.107523 0.118524 -0.059015 -0.006625 -0.092607 -0.046441 -0.092365 -0.041136 -0.026159 0.021258 0.054419 0.042101 0.019386 0.213997 0.074046 0.127394 0.080727 -0.355556 -0.065284 0.050859 0.329752 0.097577 0.106598 -0.160839 0.097928 -0.005205 0.192205 0.042027 0.023771 0.192610 -0.020447 -0.078679
0.141241 0.285043 0.127225 0.375357 0.154533 0.216416 0.093387 0.272113 0.124771 0.273347 0.209281 0.134564 0.203455 0.228909 -0.200331 0.048442 0.141333 -0.117623 -0.112962 0.279517 -0.291058 -0.249710 -0.135936 0.227190 -0.122762 0.157345 -0.051579 0.192020 -0.296201 -0.061534 -0.239252 -0.197628 0.275003 0.482556 0.302988 1.000000 -0.141808 0.063728 -0.158229 0.196372 -0.035580 -0.206353 -0.136796 -0.076942 0.158177 0.346184 -0.347695 -0.034112 -0.069153 -0.192167 -0.337621 -0.243223 -0.192118 -0.332908 -0.224757 -0.261782 -0.100185 -0.250514 0.305623 0.052192 0.492775 0.336714 -0.176785 0.267644 -0.015836 0.246764 -0.103616 0.391240 -0.076974 -0.105205 -0.124722 -0.119613 -0.210922 0.007540 -0.192034 0.179899 0.201319 0.334227 -0.054949 0.096592 -0.144986 -0.073884 -0.221024 -0.147426 -0.203605 -0.161537 -0.463370 -0.303294 -0.229309 -0.127260 0.009331 -0.073633 -0.194855 -0.303659 -0.019983 -0.011776 0.016522 -0.145838 -0.160614 -0.284878 -0.002424 -0.291988 0.223365 0.071947 0.076844 -0.197634 0.084764 -0.030664 -0.220965 -0.312021 0.212400 -0.352839 -0.272711 0.017158 -0.225068 -0.231631
