1.000000 0.432096 -0.195650 0.155886 -0.400667 0.214205 -0.316241 -0.082251 -0.266269 0.037204 0.088037 0.020573 -0.156923 -0.086036 -0.163825 -0.017957 0.280237 0.139219 0.132832 0.464357 0.064381 0.012645 -0.116749 -0.008460 -0.052794 -0.033914 -0.104002 -0.130898 0.186044 0.081040 -0.087048 -0.076369 -0.089836 -0.116502 -0.224354 -0.216211 -0.060087 -0.030409 -0.071543 0.105174 -0.067727 0.190832 -0.077427 -0.177629 -0.166008 -0.152197 -0.125931 -0.005444 -0.268875 -0.334288 -0.144818 -0.299518 -0.066026 -0.122220 -0.097799 -0.098048 0.725942 0.152733 0.037075 -0.151135 0.181686 0.072501 0.227176 0.169745 -0.117804 -0.113607 -0.359508 -0.250029 -0.053199 0.035654 -0.325097 -0.109412 0.085330 0.137666 0.228959 -0.152615 0.140515 -0.122293 0.318134 0.039901 0.194758 0.132349 0.218766 0.204332 0.066023 -0.024315 0.100883 0.038583 -0.001147 0.075564 -0.094623 0.215631 0.119152 0.065360 0.023143 0.047123 0.116880 0.121988 0.019900 0.404520 0.102854 -0.031047 -0.047510 0.124184 0.056031 0.060237 -0.044764 -0.019929 0.127607 -0.092799 0.089280 0.134963 0.093852 0.210335 0.041542 0.102418
0.432096 1.000000 -0.050012 -0.228935 -0.108303 -0.276118 -0.010544 -0.456266 -0.229043 -0.335081 0.237383 -0.151535 0.142338 -0.205040 0.150803 -0.266913 0.214687 0.272092 -0.046595 0.366598 0.119247 0.245770 0.289797 -0.159981 0.261457 -0.135813 0.242850 0.111600 0.238631 -0.137041 0.165348 -0.277314 -0.113251 -0.280085 0.029602 -0.469472 0.204291 0.069905 0.266114 0.294055 0.206835 0.307060 -0.210414 -0.108537 -0.079325 -0.192927 -0.145160 -0.323979 -0.097475 -0.362211 0.119362 -0.059162 0.166993 0.140359 0.231905 0.038728 0.126001 0.434298 -0.030384 -0.219417 0.000668 -0.231069 0.081887 -0.140188 0.104717 -0.333290 -0.136347 -0.418877 0.307613 0.191080 -0.049750 -0.232358 0.025828 0.112555 0.124824 -0.054009 0.092358 -0.267987 0.403209 0.254661 0.355715 0.388130 0.298345 -0.063408 0.388791 -0.077770 0.128555 0.126196 0.087906 -0.052461 -0.334874 -0.081860 -0.183423 -0.049769 0.202327 0.061586 0.242858 0.059443 -0.018840 -0.073184 0.160211 -0.034783 -0.072127 0.085758 0.012947 0.016564 -0.024786 0.033307 0.124916 0.150630 0.032692 -0.022059 0.145478 -0.023104 0.040471 0.171304
-0.195650 -0.050012 1.000000 -0.221027 0.494783 -0.119331 0.594812 -0.114837 0.423158 -0.155347 0.270517 -0.125528 0.378099 -0.216645 0.258758 -0.098072 -0.259561 -0.136680 0.246198 -0.243206 -0.003731 0.103344 0.501782 -0.018456 0.188366 0.134680 0.147561 0.130157 -0.048333 -0.352811 0.125845 -0.129125 -0.031659 -0.045555 -0.062414 -0.102276 -0.206720 -0.406908 0.000394 -0.290350 -0.105552 -0.447070 -0.292379 -0.230156 -0.049196 -0.123232 -0.150424 -0.358571 0.279664 -0.180470 0.398512 0.185132 0.319580 0.124483 0.101659 0.011576 -0.286015 -0.041986 0.216233 0.147169 0.203519 -0.005980 -0.091846 -0.176860 0.299780 0.002873 0.577546 0.179558 0.134178 0.114032 0.022726 -0.153128 -0.155261 -0.262901 -0.126321 -0.298027 -0.257473 -0.319201 -0.342046 -0.063958 -0.470894 -0.292836 -0.282634 -0.218104 -0.181658 -0.119727 -0.185319 -0.231529 -0.029610 -0.099964 -0.179863 0.109473 -0.292345 0.181816 -0.084654 -0.229776 0.044277 -0.240162 -0.167358 -0.399760 -0.044419 0.287937 0.216516 -0.081251 -0.203919 -0.165123 -0.238136 0.080615 -0.184993 -0.153287 -0.162909 -0.200179 -0.103958 -0.054482 -0.251758 -0.119663
0.155886 -0.228935 -0.221027 1.000000 -0.419144 0.357104 -0.456207 0.656339 -0.075417 0.411086 -0.371425 0.073014 -0.594540 0.163515 -0.274125 0.373028 0.108953 -0.024986 0.346040 0.199209 -0.126388 -0.220479 -0.349651 0.415521 -0.416723 0.053032 -0.416042 -0.187357 -0.246468 0.234435 -0.155079 0.570556 0.244410 0.388980 -0.148628 0.166422 -0.392877 -0.014844 -0.440427 -0.155942 -0.396681 -0.022630 0.020081 -0.029119 -0.296232 -0.088167 -0.203353 0.157383 -0.228635 0.033434 -0.180622 -0.253987 -0.423808 -0.281798 -0.424438 -0.345059 0.356990 0.024342 -0.305308 0.268026 -0.116791 0.383719 0.172901 0.419083 -0.157227 0.226045 -0.254457 0.209842 0.100202 0.028911 -0.217034 0.096707 0.007371 0.049871 0.033262 0.109024 -0.030742 0.168918 -0.105995 -0.005197 -0.104924 -0.287557 0.013915 0.418182 -0.233645 0.256371 0.029768 -0.072039 0.056373 0.091167 0.335725 0.144735 0.088752 -0.080409 -0.215155 -0.118367 -0.356167 -0.165856 -0.342914 0.141541 -0.177987 -0.073005 0.209407 0.030453 -0.021308 -0.135718 -0.047022 -0.072258 -0.225206 -0.306330 -0.086426 -0.010908 0.017140 0.329608 -0.107324 -0.055163
-0.400667 -0.108303 0.494783 -0.419144 1.000000 -0.096112 0.583191 -0.276526 0.704773 -0.051227 0.169340 0.120376 0.396971 0.051790 0.326468 -0.213515 -0.472581 -0.096076 -0.233453 -0.382343 0.015501 -0.085994 0.426799 -0.048823 0.245231 0.024309 0.184399 0.218892 -0.182735 -0.430373 0.046536 -0.213447 -0.191351 -0.110409 0.084844 0.097919 -0.008977 -0.108263 0.179573 -0.033381 0.248438 -0.308102 -0.300342 -0.275191 -0.139053 -0.212932 -0.107965 -0.393615 0.296588 -0.276483 0.194004 0.301340 0.356862 0.393588 0.313776 0.145325 -0.326922 0.037133 0.462996 0.022908 0.273678 0.010984 -0.342797 -0.132478 0.295751 0.237951 0.355963 0.162719 -0.075869 0.056512 0.090894 0.016310 -0.219616 -0.241875 -0.260054 0.014033 -0.102804 -0.142413 -0.293955 -0.153717 -0.432074 -0.214904 -0.303081 -0.550716 -0.082217 0.053220 -0.208806 -0.195327 0.036141 0.128586 -0.016352 0.100170 -0.154055 0.162099 -0.089848 0.077358 -0.153626 -0.184760 -0.018771 -0.439647 -0.032107 0.171010 -0.015962 -0.008587 -0.067924 0.023472 0.140385 0.078429 -0.030851 0.072358 -0.080813 -0.075643 -0.215823 -0.194172 -0.091414 0.068936
0.214205 -0.276118 -0.119331 0.357104 -0.096112 1.000000 -0.064204 0.489391 0.187928 0.771336 -0.146724 0.260998 -0.194773 0.363988 -0.213754 0.220231 -0.158155 -0.362529 -0.064173 -0.024014 0.030371 -0.284742 -0.287602 0.285840 -0.104625 0.262260 -0.291973 -0.030954 -0.314016 -0.093577 -0.188818 0.015814 -0.061849 0.020344 -0.204712 0.398698 -0.332981 -0.229862 -0.431827 -0.136982 -0.264868 -0.219942 -0.219241 -0.291743 -0.164726 -0.167533 -0.086987 -0.067836 -0.002168 0.074705 -0.241699 0.170896 0.054743 0.143479 -0.149990 0.025678 0.156945 -0.212079 0.060022 0.172931 0.216155 0.473417 -0.232075 0.200050 -0.136745 0.499502 -0.342685 0.091324 -0.079903 -0.059239 -0.139808 0.049025 -0.190803 -0.065694 0.166520 -0.024391 -0.144562 0.030184 -0.147433 -0.306346 -0.256174 -0.289020 -0.270304 -0.015552 -0.200859 0.062949 -0.155752 -0.309202 0.116300 0.391634 0.221594 0.089273 0.311967 0.135242 -0.357265 -0.052615 -0.194864 0.000103 -0.117879 0.185596 0.056261 0.179144 0.113628 -0.313985 0.052732 0.066459 -0.024358 -0.014604 -0.254512 -0.111610 0.064236 -0.015502 -0.143020 0.246853 0.065704 0.046656
-0.316241 -0.010544 0.594812 -0.456207 0.583191 -0.064204 1.000000 -0.264842 0.512371 -0.044893 0.473861 0.183106 0.672834 0.065371 0.297519 -0.010215 -0.268756 -0.139645 -0.084817 -0.359516 0.119790 -0.076034 0.400384 -0.186600 0.268724 0.021726 0.239191 0.346601 -0.035623 -0.348638 -0.077740 -0.421840 -0.229349 -0.243761 0.101217 0.064823 -0.028168 -0.174013 0.222796 -0.165733 0.205462 -0.366897 -0.278305 -0.218758 0.036507 -0.154670 0.017391 -0.435174 0.365809 -0.152102 0.309226 0.291920 0.530708 0.295121 0.464817 0.144122 -0.470843 -0.201360 0.435047 -0.237516 0.291407 -0.198882 -0.221370 -0.299967 0.289540 0.062344 0.309710 -0.015721 0.027476 0.059158 0.005186 -0.184408 -0.094353 -0.246931 -0.025508 -0.168167 -0.200271 -0.425876 -0.296554 -0.063562 -0.396065 -0.160984 -0.313662 -0.414307 -0.072859 -0.147240 -0.224680 -0.251203 0.050467 0.162930 -0.069563 0.128874 -0.079479 0.220062 -0.075739 -0.203842 0.048114 -0.147099 0.099945 -0.418410 0.038767 0.090431 0.046204 -0.118788 -0.050531 -0.059184 -0.121394 -0.019451 -0.039855 0.005733 -0.181021 -0.097921 -0.159924 0.000272 -0.055878 -0.129278
-0.082251 -0.456266 -0.114837 0.656339 -0.276526 0.489391 -0.264842 1.000000 -0.031682 0.620420 -0.209762 0.286940 -0.335791 0.433918 -0.243513 0.422853 -0.059637 -0.226640 0.215219 -0.029373 -0.332489 -0.511719 -0.490025 0.388724 -0.481311 0.087417 -0.487726 -0.240842 -0.303190 0.093490 -0.266204 0.354080 0.216611 0.412992 -0.294684 0.369424 -0.293989 -0.155396 -0.541457 -0.252981 -0.383608 -0.153024 -0.055750 -0.035635 -0.244881 -0.026468 -0.185311 0.134391 -0.226905 0.205467 -0.260538 -0.072278 -0.333977 -0.210620 -0.479907 -0.219191 0.059916 -0.251241 -0.340818 0.345952 0.074165 0.596167 0.035926 0.416645 -0.165552 0.453831 -0.214365 0.332477 -0.017482 0.016090 -0.153061 0.078769 -0.096636 0.031272 0.048635 0.174532 -0.065532 0.181654 -0.180345 -0.234621 -0.119695 -0.302188 -0.033665 0.236992 -0.248820 0.116305 0.107175 -0.276552 0.136428 0.122748 0.392320 -0.021772 0.277633 -0.150588 -0.216068 -0.223250 -0.278345 -0.060540 -0.294483 -0.003949 -0.172456 -0.183109 0.301226 -0.203272 0.059253 -0.234967 -0.093912 -0.038829 -0.270956 -0.163135 -0.108530 -0.191259 -0.052118 0.222230 -0.203394 -0.159249
-0.266269 -0.229043 0.423158 -0.075417 0.704773 0.187928 0.512371 -0.031682 1.000000 0.358596 0.250261 0.158863 0.352707 0.166579 0.340346 0.073914 -0.334307 -0.182970 0.003623 -0.335595 0.007516 -0.187288 0.296749 0.028946 0.068848 -0.044089 -0.102210 -0.020026 -0.242436 -0.235239 0.003107 -0.045878 -0.154216 -0.043584 -0.118538 0.117335 -0.238283 -0.001061 -0.009270 -0.106001 0.096484 -0.256052 -0.235484 -0.229723 -0.090682 -0.231166 -0.181335 -0.288125 0.250095 -0.080180 0.032103 0.182041 0.183666 0.276860 0.178199 0.011924 -0.242609 -0.060845 0.533265 0.020559 0.400409 0.164825 -0.274546 -0.007754 0.298420 0.261597 0.124273 0.010313 -0.021816 0.115446 -0.079845 0.062927 -0.134359 -0.131331 -0.094868 -0.000793 -0.092258 -0.102785 -0.309157 -0.161455 -0.531400 -0.368246 -0.333515 -0.355723 -0.164227 -0.019641 -0.200472 -0.397478 0.122490 0.120747 0.064249 0.130326 -0.083945 0.173374 -0.237895 0.063744 -0.421514 -0.240499 -0.047552 -0.242845 0.079591 0.152179 -0.031167 -0.123961 -0.094184 0.025997 0.109625 0.045860 -0.139292 0.050035 -0.145653 -0.083330 -0.197477 0.071790 0.032875 0.019237
0.037204 -0.335081 -0.155347 0.411086 -0.051227 0.771336 -0.044893 0.620420 0.358596 1.000000 0.044796 0.448977 -0.113637 0.543001 -0.057290 0.430762 -0.134086 -0.289231 0.042299 -0.120853 -0.069312 -0.482858 -0.316484 0.264868 -0.342939 0.004469 -0.478587 -0.284809 -0.233649 0.052815 -0.246790 0.124558 0.006300 0.097251 -0.363247 0.229039 -0.258170 -0.010199 -0.376161 -0.072685 -0.229404 -0.005396 -0.204477 -0.237095 -0.165130 -0.256823 -0.179980 -0.076748 0.002232 0.042576 -0.247119 0.133209 -0.009237 0.188977 -0.157033 0.020049 0.077221 -0.340936 0.009387 0.073213 0.307450 0.587812 -0.130833 0.313004 -0.057821 0.466561 -0.438752 -0.071158 0.037318 -0.080835 -0.154035 0.151491 -0.074580 0.095907 0.166779 0.243268 -0.037318 0.130424 -0.128250 -0.222453 -0.200695 -0.284110 -0.198917 0.011992 -0.139884 0.090945 -0.052966 -0.394376 0.094327 0.408189 0.193543 0.013287 0.244911 -0.035903 -0.292542 -0.006445 -0.364866 0.013902 -0.202156 0.062704 -0.002514 -0.003012 -0.051333 -0.335716 0.069318 -0.037742 -0.018028 -0.066034 -0.318485 -0.053744 -0.137326 0.009337 -0.125408 0.320810 -0.024132 -0.037109
0.088037 0.237383 0.270517 -0.371425 0.169340 -0.146724 0.473861 -0.209762 0.250261 0.044796 1.000000 0.502997 0.803735 0.426094 0.576065 0.434145 0.154077 0.137940 -0.075834 -0.232200 -0.154192 -0.237560 0.266357 -0.093154 -0.001552 -0.289477 0.090638 0.041441 0.271023 -0.090537 -0.309670 -0.497740 -0.274203 -0.429032 -0.240598 -0.325880 -0.036702 -0.001031 0.219706 0.101530 0.178013 -0.109245 -0.234633 -0.264146 -0.091034 -0.379566 -0.109994 -0.417802 0.303428 -0.227944 0.263360 0.193064 0.490236 0.271726 0.395048 0.081107 -0.262269 -0.156127 0.380839 -0.266308 0.636071 0.026201 0.081891 0.001726 0.257366 -0.047316 -0.069744 -0.513037 0.116478 0.015733 -0.151929 -0.284027 0.025993 -0.185807 -0.019705 -0.126163 -0.099042 -0.384327 -0.050058 0.070278 -0.142024 -0.092645 0.201141 -0.200273 0.151419 -0.263607 0.149087 -0.311856 0.192547 0.160592 -0.174699 0.068496 0.009466 0.053916 0.006985 -0.181966 0.021966 -0.143881 -0.025721 -0.333178 0.029021 -0.118091 -0.238792 -0.078088 0.042953 0.092801 -0.057054 0.059526 0.099005 0.024345 -0.403684 -0.242408 -0.234126 0.031214 0.033510 0.012771
0.020573 -0.151535 -0.125528 0.073014 0.120376 0.260998 0.183106 0.286940 0.158863 0.448977 0.502997 1.000000 0.363165 0.864648 0.211104 0.581255 -0.073117 -0.072396 -0.181596 -0.302423 -0.256097 -0.659634 -0.130937 0.149543 -0.335566 -0.256486 -0.279850 -0.076099 0.003358 -0.043424 -0.502273 -0.263613 -0.255594 -0.141459 -0.165926 0.117168 0.049839 0.100856 -0.053115 0.007489 -0.038612 -0.199544 -0.290288 -0.372657 -0.391161 -0.447185 -0.199177 -0.310385 0.055256 -0.269006 -0.117046 0.150427 0.219942 0.266886 0.184322 0.080994 -0.082122 -0.335373 0.121555 -0.211042 0.497844 0.368162 -0.086307 0.256629 0.087485 0.525700 -0.277238 -0.090045 -0.015054 -0.111341 -0.056468 0.060427 -0.170951 -0.178769 -0.035206 0.193132 0.039254 0.046609 -0.212859 -0.057254 -0.097471 -0.198987 -0.092621 -0.182629 0.022526 0.201962 -0.040419 -0.284391 0.208662 0.534428 0.099357 0.054271 0.162724 -0.050265 0.049990 -0.123772 -0.167284 0.096875 -0.305466 -0.229864 -0.110294 -0.180375 -0.135800 -0.198768 0.082918 0.048523 -0.038640 -0.112094 0.014694 -0.117123 -0.190003 -0.125553 -0.202818 0.224490 -0.066153 -0.163810
-0.156923 0.142338 0.378099 -0.594540 0.396971 -0.194773 0.672834 -0.335791 0.352707 -0.113637 0.803735 0.363165 1.000000 0.320377 0.671963 0.269198 -0.036887 0.094969 -0.191514 -0.321041 -0.071200 -0.127141 0.397289 -0.186922 0.207942 -0.177206 0.218659 0.182412 0.119026 -0.318526 -0.107786 -0.498006 -0.337000 -0.386038 0.016223 -0.096012 0.086208 -0.014378 0.349771 0.032667 0.327613 -0.147191 -0.251076 -0.214922 0.018425 -0.255647 -0.086268 -0.441234 0.268922 -0.146113 0.177893 0.164795 0.434422 0.298739 0.472968 0.105832 -0.381065 -0.142714 0.465271 -0.326473 0.543550 -0.107885 -0.158217 -0.203636 0.346337 0.027697 0.056604 -0.342845 0.020153 -0.043432 0.071589 -0.187435 -0.081782 -0.184386 -0.016265 -0.127560 -0.035509 -0.260700 -0.144015 -0.005068 -0.225702 -0.046671 0.076260 -0.428749 0.195401 -0.141959 0.106531 -0.274089 0.267477 0.128330 -0.240661 0.017468 -0.092703 0.077200 -0.076139 -0.176771 0.048318 -0.113660 0.050264 -0.347934 -0.000236 0.015774 -0.256366 -0.137417 -0.061745 0.001980 -0.086504 -0.056203 0.030623 0.058189 -0.233658 -0.191408 -0.264800 -0.179133 -0.085849 0.004154
-0.086036 -0.205040 -0.216645 0.163515 0.051790 0.363988 0.065371 0.433918 0.166579 0.543001 0.426094 0.864648 0.320377 1.000000 0.230566 0.668701 -0.082037 -0.049519 -0.224929 -0.331906 -0.322503 -0.608713 -0.179431 0.212347 -0.271730 -0.155476 -0.242135 -0.046486 -0.130586 -0.074141 -0.435030 -0.087113 -0.205403 -0.130813 -0.167982 0.179421 -0.061389 0.068113 -0.097219 -0.018283 -0.120551 -0.144814 -0.249757 -0.296487 -0.305694 -0.347551 -0.233281 -0.299063 0.072421 -0.080678 -0.186716 0.123106 0.101347 0.191416 0.050337 0.053529 -0.166707 -0.261129 0.094803 -0.146685 0.447043 0.434503 -0.164574 0.256328 0.081652 0.602731 -0.332823 -0.101924 0.009828 -0.083857 -0.020659 0.092179 -0.242769 -0.119191 -0.024111 0.194862 0.024597 0.094085 -0.164248 -0.098027 -0.118589 -0.253635 -0.030118 -0.183409 0.060100 0.225650 0.069650 -0.331656 0.327235 0.439475 0.075201 -0.047900 0.173199 -0.025046 -0.044033 -0.140743 -0.230723 -0.032975 -0.306140 -0.244533 -0.123475 -0.142007 -0.169144 -0.275465 0.043379 -0.015532 -0.083921 -0.142513 -0.094373 -0.049399 -0.235360 -0.158755 -0.312194 0.116183 -0.052576 -0.102883
-0.163825 0.150803 0.258758 -0.274125 0.326468 -0.213754 0.297519 -0.243513 0.340346 -0.057290 0.576065 0.211104 0.671963 0.230566 1.000000 0.311272 -0.030549 0.072660 -0.331654 -0.241359 -0.233795 0.023894 0.644201 0.255575 0.234894 -0.100778 0.398357 0.257348 -0.071692 -0.389684 -0.082121 -0.295455 -0.462686 -0.508705 0.014832 -0.344349 -0.075411 0.162518 0.315698 0.062760 0.253587 -0.038310 -0.261376 -0.179703 -0.118753 -0.326894 -0.195758 -0.406289 0.327626 -0.120798 0.255744 0.249426 0.140355 0.222335 0.376255 -0.038966 -0.235292 0.011022 0.382133 -0.095350 0.283591 -0.046801 -0.241589 -0.285624 0.569106 0.121455 -0.089345 -0.437212 0.057659 -0.114232 0.107584 -0.098693 -0.124001 -0.231541 -0.063594 -0.054052 -0.042236 -0.267934 0.057735 0.055926 -0.133715 -0.069679 0.201797 -0.508929 0.501289 0.174417 0.295972 -0.224012 0.584788 0.216930 -0.292725 -0.147010 -0.353493 -0.055618 -0.057586 -0.191184 -0.165688 -0.346729 -0.212483 -0.408309 -0.103983 -0.296414 -0.395718 -0.226080 -0.213117 -0.047991 -0.085185 -0.185662 0.032343 0.086748 -0.400178 -0.278402 -0.226510 -0.121328 -0.138690 0.067568
-0.017957 -0.266913 -0.098072 0.373028 -0.213515 0.220231 -0.010215 0.422853 0.073914 0.430762 0.434145 0.581255 0.269198 0.668701 0.311272 1.000000 0.182310 0.183706 0.083733 -0.333499 -0.359399 -0.446532 -0.175164 0.179459 -0.397172 -0.141784 -0.235764 -0.142955 0.017286 0.201593 -0.373365 -0.016473 -0.089698 -0.119500 -0.270984 0.000395 -0.312481 0.147075 -0.145407 -0.074684 -0.211940 -0.052519 -0.106415 -0.096947 -0.224008 -0.272477 -0.232842 -0.065448 -0.057317 0.073111 -0.066675 -0.050524 -0.006084 -0.008596 -0.055680 -0.137565 -0.031384 -0.272898 0.044726 0.014813 0.519191 0.470953 0.090748 0.334068 0.022640 0.273416 -0.363189 -0.287939 0.125428 -0.262091 -0.143374 -0.023456 0.102198 -0.067843 -0.001489 -0.030625 -0.112908 -0.026948 -0.102448 0.032844 -0.179931 -0.255076 0.003409 0.082218 -0.098599 0.164575 0.008067 -0.382377 0.258311 0.373469 0.056443 -0.022954 0.180910 -0.130918 -0.241667 -0.260474 -0.148029 -0.156766 -0.287216 -0.103362 -0.182822 -0.129056 -0.160747 -0.140679 0.061704 -0.034110 -0.073145 -0.192946 -0.114652 -0.179234 -0.425495 -0.133446 -0.225409 0.181853 -0.093806 -0.071023
0.280237 0.214687 -0.259561 0.108953 -0.472581 -0.158155 -0.268756 -0.059637 -0.334307 -0.134086 0.154077 -0.073117 -0.036887 -0.082037 -0.030549 0.182310 1.000000 0.621262 0.352988 0.287720 -0.063259 0.093736 -0.231765 -0.317785 -0.151211 -0.212677 -0.121042 -0.255969 0.547155 0.501060 0.078902 0.103312 0.042063 -0.039956 -0.188831 -0.212975 0.045452 0.124162 0.000855 0.111382 0.241494 0.327591 0.329793 0.113569 0.047102 -0.092371 -0.028109 0.197563 -0.287420 0.039330 -0.066027 -0.375072 -0.308163 -0.184473 -0.249563 -0.263699 0.319991 0.410575 -0.160282 -0.223611 0.056949 -0.032744 0.649006 0.242815 -0.145639 -0.460969 -0.289574 -0.400066 0.022421 -0.144681 0.007802 -0.049075 0.514259 0.289516 0.348043 0.041096 0.198547 0.173385 0.378276 0.274418 0.381735 0.414234 0.451965 0.445891 0.016904 -0.255100 0.227520 0.124403 -0.118080 -0.255567 -0.054171 -0.040324 -0.093037 -0.321924 -0.011008 -0.049747 -0.065453 0.013355 -0.054286 0.225281 0.140206 0.027282 -0.222504 0.073251 -0.223138 -0.050411 -0.100022 -0.138113 -0.028500 -0.003476 -0.124460 0.099333 0.091159 -0.034360 0.007612 0.023725
0.139219 0.272092 -0.136680 -0.024986 -0.096076 -0.362529 -0.139645 -0.226640 -0.182970 -0.289231 0.137940 -0.072396 0.094969 -0.049519 0.072660 0.183706 0.621262 1.000000 0.199625 0.052385 0.001393 0.126709 -0.018756 -0.345284 0.018737 -0.121928 0.027939 -0.144983 0.358972 0.283460 0.196476 0.063492 -0.080637 -0.091015 -0.072230 -0.193495 -0.044557 0.265621 0.224346 0.120061 0.225352 0.240263 0.238416 0.081315 -0.087641 -0.117129 -0.185418 0.088245 -0.286325 -0.138603 -0.227530 -0.406175 -0.273863 -0.157552 -0.118747 -0.223437 0.283136 0.489644 -0.067116 -0.240958 0.173876 -0.074189 0.367831 0.181955 -0.057760 -0.287792 -0.150770 -0.287473 0.112995 -0.214023 0.169437 0.151678 0.304716 0.276936 0.129839 0.045129 0.153999 0.192526 0.407394 0.488768 0.375271 0.480998 0.251083 0.172547 0.056795 -0.068228 0.071659 0.190153 -0.044239 -0.201410 -0.149832 -0.043467 -0.209160 -0.242916 0.106326 -0.073642 0.128963 -0.017547 -0.083109 -0.019275 -0.154860 0.145408 -0.272673 0.218886 -0.295008 -0.116571 -0.028375 -0.322141 -0.028469 -0.065157 -0.177879 0.103268 -0.041098 -0.236104 -0.230434 -0.053471
0.132832 -0.046595 0.246198 0.346040 -0.233453 -0.064173 -0.084817 0.215219 0.003623 0.042299 -0.075834 -0.181596 -0.191514 -0.224929 -0.331654 0.083733 0.352988 0.199625 1.000000 0.376078 0.042942 -0.073440 -0.329345 -0.391640 -0.542359 -0.367796 -0.503821 -0.478189 0.262758 0.386912 0.033661 0.233093 0.529070 0.478152 -0.275012 -0.072080 -0.004208 -0.150889 -0.246311 -0.036281 -0.175903 0.018183 0.069235 0.053717 -0.002583 0.031861 -0.080811 0.154467 -0.469950 0.001882 -0.125126 -0.463742 -0.252395 -0.303883 -0.435216 -0.342468 0.215999 0.115597 -0.248219 0.067774 0.091276 0.152863 0.565818 0.352610 -0.176231 -0.386666 0.225631 0.145771 0.251706 0.264441 -0.110127 -0.092930 0.417860 0.207414 0.063255 -0.092314 0.090034 0.161013 -0.187560 -0.063039 -0.122150 -0.059630 0.010204 0.501058 -0.443528 -0.210763 -0.107559 -0.018584 -0.411477 -0.432058 0.086463 0.199867 -0.039349 -0.202963 -0.156117 0.070258 -0.102927 0.076663 -0.071428 0.096687 0.074348 0.271807 0.223393 0.104597 0.031870 -0.013895 -0.135287 0.103084 -0.328657 -0.184052 0.041520 0.207487 0.107785 0.140152 -0.006326 0.003579
0.464357 0.366598 -0.243206 0.199209 -0.382343 -0.024014 -0.359516 -0.029373 -0.335595 -0.120853 -0.232200 -0.302423 -0.321041 -0.331906 -0.241359 -0.333499 0.287720 0.052385 0.376078 1.000000 0.119716 0.138312 -0.233238 -0.072433 -0.200737 -0.210495 -0.153138 -0.149863 0.039459 0.122313 -0.058790 0.055132 0.324947 0.277643 -0.023737 -0.092109 0.222500 -0.030747 -0.150712 0.219718 -0.011793 0.285823 -0.023095 -0.006789 -0.038332 0.091607 -0.065379 0.110507 -0.546500 -0.104207 -0.317450 -0.469844 -0.458400 -0.386549 -0.356375 -0.381899 0.426303 0.330221 -0.338841 -0.195707 -0.257855 -0.215705 0.261030 0.079070 -0.054525 -0.349167 -0.207982 0.050015 0.203359 0.462157 -0.081037 -0.049960 0.218576 0.265132 0.231290 0.032020 0.350201 0.019709 0.212929 -0.071846 0.320887 0.350651 0.227414 0.273762 0.128881 0.021111 0.111223 0.209421 -0.152931 -0.332806 0.026726 0.271682 0.076086 0.060621 0.095579 0.287340 -0.135715 0.197351 0.093335 0.301128 0.143369 -0.031805 0.004698 0.163228 0.101718 0.205344 0.079479 0.133413 -0.029355 0.016086 0.178138 0.259120 0.095657 0.089172 0.214367 0.220654
0.064381 0.119247 -0.003731 -0.126388 0.015501 0.030371 0.119790 -0.332489 0.007516 -0.069312 -0.154192 -0.256097 -0.071200 -0.322503 -0.233795 -0.359399 -0.063259 0.001393 0.042942 0.119716 1.000000 0.443305 0.092138 -0.156310 0.387475 0.308867 0.166362 0.150320 0.062388 -0.041119 0.443194 0.025845 -0.030535 -0.037878 0.187153 -0.012060 0.009848 -0.045228 0.175027 -0.150946 0.028732 0.201576 -0.062827 -0.024537 0.147729 0.092532 0.042886 -0.186253 0.068208 -0.092195 0.165589 0.178761 0.231772 0.197539 0.340438 0.162811 0.037240 -0.055156 -0.039304 -0.200199 -0.255906 -0.271616 -0.137106 -0.289653 -0.096277 -0.144792 -0.052833 -0.032123 0.067737 0.035467 0.279876 0.128338 0.119858 0.298114 0.242773 0.030604 0.169495 -0.004760 -0.113177 0.125124 -0.105340 0.054345 -0.178377 -0.068041 -0.027493 -0.059477 -0.258254 0.084162 -0.198213 0.049795 -0.006744 0.154059 -0.036069 0.094565 -0.010481 0.213298 0.095663 0.163582 0.152071 0.137960 0.037161 0.268440 -0.062253 0.215855 -0.033910 0.060645 0.145074 0.037008 0.055802 -0.135740 0.155661 0.038317 0.214242 0.118627 0.077824 -0.024592
0.012645 0.245770 0.103344 -0.220479 -0.085994 -0.284742 -0.076034 -0.511719 -0.187288 -0.482858 -0.237560 -0.659634 -0.127141 -0.608713 0.023894 -0.446532 0.093736 0.126709 -0.073440 0.138312 0.443305 1.000000 0.317766 -0.024326 0.589806 0.424628 0.589311 0.328957 0.030924 0.009014 0.480957 0.070717 -0.063014 -0.269462 0.107611 -0.349508 0.033400 0.133590 0.345171 0.039494 0.135024 0.266917 0.050337 0.116439 0.097173 0.090113 -0.010445 -0.085160 0.181295 -0.077803 0.340450 0.099119 0.049093 -0.004548 0.247307 0.016654 0.000042 0.224934 0.126997 0.058378 -0.405972 -0.456512 0.053036 -0.351338 -0.013955 -0.372505 0.211478 -0.177980 0.094712 0.013203 0.247744 0.003270 0.033396 0.113909 0.152219 -0.131656 0.068045 -0.100302 0.325583 0.199811 0.096614 0.195995 0.008723 0.001938 0.148921 0.021223 -0.032246 0.171130 0.013705 -0.186472 -0.214741 -0.109997 -0.233510 0.155178 0.102517 0.174440 0.144830 -0.112695 0.047552 0.059227 0.064416 0.216529 -0.018331 0.105168 -0.110189 0.002696 0.020087 -0.010223 0.033378 0.129668 0.067193 -0.020128 0.107327 -0.287993 0.120899 0.076985
-0.116749 0.289797 0.501782 -0.349651 0.426799 -0.287602 0.400384 -0.490025 0.296749 -0.316484 0.266357 -0.130937 0.397289 -0.179431 0.644201 -0.175164 -0.231765 -0.018756 -0.329345 -0.233238 0.092138 0.317766 1.000000 0.266219 0.589474 0.199819 0.620184 0.427246 -0.142882 -0.553965 0.270228 -0.182756 -0.426410 -0.534329 0.224350 -0.381447 -0.024344 0.024138 0.325847 -0.169776 0.089089 -0.075086 -0.340684 -0.252780 -0.136302 -0.281610 -0.272215 -0.536856 0.452736 -0.316798 0.413549 0.380338 0.307511 0.238727 0.459259 0.039694 -0.184451 0.144011 0.341863 0.053520 -0.063962 -0.208970 -0.435790 -0.509080 0.616635 0.079560 0.236993 -0.209536 0.125415 -0.025858 0.269901 -0.045729 -0.242979 -0.114765 0.070391 -0.167249 0.024106 -0.351633 -0.006190 0.233576 -0.080529 0.025561 -0.126742 -0.567319 0.529607 0.127056 0.004287 0.013853 0.430678 0.168984 -0.452769 -0.133877 -0.448672 0.104067 0.046733 -0.234046 0.000186 -0.343068 -0.211304 -0.416783 -0.056866 -0.007495 -0.175817 -0.021251 -0.281051 -0.095178 -0.174501 -0.154989 -0.043630 -0.089190 -0.254141 -0.280985 -0.176312 -0.123946 -0.226126 -0.140781
-0.008460 -0.159981 -0.018456 0.415521 -0.048823 0.285840 -0.186600 0.388724 0.028946 0.264868 -0.093154 0.149543 -0.186922 0.212347 0.255575 0.179459 -0.317785 -0.345284 -0.391640 -0.072433 -0.156310 -0.024326 0.266219 1.000000 0.159026 0.481935 0.248469 0.402220 -0.547697 -0.355998 -0.153704 0.186987 -0.242122 -0.160705 0.006545 0.123277 -0.322757 0.038873 -0.185239 -0.262198 -0.247272 -0.071031 -0.264708 -0.190003 -0.362714 -0.209354 -0.249908 -0.184344 0.260087 -0.063512 0.060952 0.316357 -0.071161 -0.061559 0.030263 -0.116261 0.006022 -0.159071 -0.064972 0.308881 -0.119953 0.127277 -0.452147 -0.170890 0.239692 0.473451 -0.214212 0.079883 -0.009529 -0.046507 0.022080 0.127593 -0.447234 -0.168084 -0.021663 0.059946 -0.149946 -0.177682 -0.046393 -0.082712 -0.145701 -0.319840 -0.120590 -0.214241 0.220428 0.408179 -0.002570 -0.204447 0.534674 0.421126 0.070127 0.005404 0.159755 0.149832 -0.025112 -0.242906 -0.247629 -0.236016 -0.368369 -0.110103 -0.174180 -0.273022 0.017027 -0.135753 -0.063438 -0.049792 0.034717 -0.060368 -0.017058 -0.121266 -0.212180 -0.351138 -0.185334 0.097452 -0.132160 -0.079469
-0.052794 0.261457 0.188366 -0.416723 0.245231 -0.104625 0.268724 -0.481311 0.068848 -0.342939 -0.001552 -0.335566 0.207942 -0.271730 0.234894 -0.397172 -0.151211 0.018737 -0.542359 -0.200737 0.387475 0.589806 0.589474 0.159026 1.000000 0.646750 0.755358 0.577908 -0.292174 -0.487583 0.419408 -0.123437 -0.381779 -0.427736 0.262325 -0.016187 -0.106973 -0.043766 0.302437 -0.233617 0.185887 -0.007138 -0.050309 -0.092589 0.019201 0.000325 -0.120341 -0.366979 0.466121 -0.094483 0.292325 0.340998 0.237677 0.102621 0.403529 0.150322 -0.086126 0.262201 0.362465 0.021894 -0.227779 -0.355526 -0.484418 -0.565472 0.227630 0.054693 0.142627 -0.091469 0.063554 0.022304 0.234879 0.134410 -0.368645 -0.102606 0.146499 -0.116167 -0.034192 -0.305605 0.189006 0.205847 -0.013972 0.104851 -0.078084 -0.515418 0.360986 -0.019976 -0.012173 0.034397 0.339670 0.138689 -0.282717 -0.208167 -0.237253 0.240439 0.113778 -0.154874 0.087935 -0.199503 -0.013696 -0.133804 0.040387 0.076211 -0.084597 0.048226 -0.203800 -0.117451 0.017142 -0.066164 0.073309 0.086850 0.053938 -0.283586 -0.073034 -0.258197 -0.120653 -0.061605
-0.033914 -0.135813 0.134680 0.053032 0.024309 0.262260 0.021726 0.087417 -0.044089 0.004469 -0.289477 -0.256486 -0.177206 -0.155476 -0.100778 -0.141784 -0.212677 -0.121928 -0.367796 -0.210495 0.308867 0.424628 0.199819 0.481935 0.646750 1.000000 0.504689 0.571265 -0.394562 -0.339933 0.257723 0.106233 -0.265103 -0.244162 0.012981 0.200171 -0.264610 -0.099849 -0.020461 -0.287239 -0.176036 -0.124115 -0.082326 -0.111257 -0.186540 -0.059949 -0.128083 -0.167510 0.338744 -0.022596 0.203328 0.384935 0.099709 0.037639 0.177613 0.109369 0.036955 -0.000499 0.064145 0.229194 -0.232264 -0.022441 -0.415997 -0.349251 -0.045062 0.292026 -0.014003 0.104522 0.071520 -0.085475 0.113727 0.121553 -0.405305 -0.040257 0.169869 -0.065522 -0.143695 -0.202410 0.051496 0.020704 -0.136058 -0.151385 -0.248740 -0.249715 -0.028585 0.143100 -0.135242 -0.073182 0.268528 0.298367 0.056949 -0.060164 0.083135 0.290591 -0.065598 -0.230099 0.065200 -0.170772 -0.152079 0.055820 -0.090391 0.094399 0.134959 0.006271 -0.145827 -0.230121 0.000389 -0.085278 0.090399 -0.145285 0.044789 -0.235262 0.030373 -0.014977 -0.244300 -0.155167
-0.104002 0.242850 0.147561 -0.416042 0.184399 -0.291973 0.239191 -0.487726 -0.102210 -0.478587 0.090638 -0.279850 0.218659 -0.242135 0.398357 -0.235764 -0.121042 0.027939 -0.503821 -0.153138 0.166362 0.589311 0.620184 0.248469 0.755358 0.504689 1.000000 0.786366 -0.225773 -0.393958 0.125437 -0.308962 -0.349448 -0.571574 0.258809 -0.308854 -0.078855 0.025603 0.375976 -0.117094 0.122067 -0.056977 -0.038197 -0.060197 -0.060709 -0.079403 0.010846 -0.285634 0.453524 -0.111972 0.387003 0.374217 0.214809 0.013567 0.464320 0.154679 -0.137747 0.183517 0.254649 0.009703 -0.238799 -0.434395 -0.305483 -0.536082 0.346662 -0.041056 0.170175 -0.188658 0.140045 0.051093 0.119544 -0.108744 -0.287539 -0.212991 0.051791 -0.297574 -0.117440 -0.402840 0.172372 0.194408 0.027224 0.064415 0.045176 -0.460345 0.392329 0.091845 0.100712 0.114408 0.389009 0.184114 -0.281486 -0.168953 -0.233411 0.164642 0.163496 -0.203154 0.233400 -0.216568 -0.013628 -0.206199 0.084286 -0.210000 -0.086815 0.037931 -0.064138 -0.079037 -0.114142 -0.131036 0.119698 0.081545 -0.019695 -0.181260 -0.042733 -0.254473 -0.024626 0.017888
-0.130898 0.111600 0.130157 -0.187357 0.218892 -0.030954 0.346601 -0.240842 -0.020026 -0.284809 0.041441 -0.076099 0.182412 -0.046486 0.257348 -0.142955 -0.255969 -0.144983 -0.478189 -0.149863 0.150320 0.328957 0.427246 0.402220 0.577908 0.571265 0.786366 1.000000 -0.367338 -0.375360 -0.131203 -0.357772 -0.252072 -0.405527 0.227569 0.018425 -0.109600 -0.085493 0.222912 -0.038454 0.096497 -0.190301 -0.142520 -0.172640 -0.204046 -0.194761 0.095611 -0.293237 0.432032 -0.152831 0.323716 0.433908 0.275911 0.075707 0.452860 0.175864 -0.200178 0.005670 0.202245 -0.063777 -0.161335 -0.366504 -0.394060 -0.404198 0.251856 0.205488 0.140660 0.035141 0.172583 0.146994 -0.045728 -0.202238 -0.354204 -0.313719 -0.020910 -0.250884 -0.232609 -0.434244 -0.079209 -0.036758 -0.202469 -0.171423 -0.030321 -0.353878 0.146227 0.174884 0.038329 0.025478 0.320325 0.297585 0.018671 -0.051821 -0.047992 0.167857 -0.005620 -0.188287 0.175039 -0.102663 -0.008370 -0.238734 0.100243 -0.205167 0.111093 -0.020726 -0.032910 -0.107948 -0.149358 -0.021704 0.106265 0.030129 -0.002130 -0.192891 -0.131994 -0.073631 0.014503 0.037506
0.186044 0.238631 -0.048333 -0.246468 -0.182735 -0.314016 -0.035623 -0.303190 -0.242436 -0.233649 0.271023 0.003358 0.119026 -0.130586 -0.071692 0.017286 0.547155 0.358972 0.262758 0.039459 0.062388 0.030924 -0.142882 -0.547697 -0.292174 -0.394562 -0.225773 -0.367338 1.000000 0.434143 0.103955 -0.058014 0.016372 -0.131581 -0.117485 -0.369330 0.249253 0.012782 0.284395 0.280465 0.214053 0.200311 0.162714 0.112418 0.221052 -0.042315 0.186523 0.162022 -0.112248 -0.056226 0.125458 -0.128182 0.122091 0.228335 0.032092 0.111411 -0.005070 0.025476 -0.128696 -0.225594 0.106310 -0.151058 0.579674 0.091040 -0.195673 -0.553151 -0.052603 -0.413179 -0.148284 -0.328056 0.075013 -0.236298 0.586796 0.252737 0.092966 -0.008997 0.034361 0.049859 0.250494 0.217263 0.307269 0.317378 0.281876 0.407093 -0.037938 -0.298690 0.080601 0.164052 -0.447694 -0.206336 -0.097055 0.044960 -0.114662 -0.152094 0.082045 0.060995 0.302847 0.151444 0.117100 0.089736 0.081234 0.131402 -0.272445 0.042830 -0.115835 0.066384 -0.135815 -0.083280 0.281963 0.004008 -0.139308 0.144745 0.273701 0.110275 0.045659 0.059337
0.081040 -0.137041 -0.352811 0.234435 -0.430373 -0.093577 -0.348638 0.093490 -0.235239 0.052815 -0.090537 -0.043424 -0.318526 -0.074141 -0.389684 0.201593 0.501060 0.283460 0.386912 0.122313 -0.041119 0.009014 -0.553965 -0.355998 -0.487583 -0.339933 -0.393958 -0.375360 0.434143 1.000000 -0.085208 0.173928 0.446087 0.344229 -0.223593 -0.089444 0.088571 0.209366 -0.073703 0.271262 0.146167 0.318814 0.333612 0.194451 0.078252 0.053424 0.130289 0.439317 -0.363866 0.048952 -0.201772 -0.406112 -0.217529 -0.191430 -0.364707 -0.113413 0.160779 0.003847 -0.240282 -0.041276 0.005249 0.095553 0.642928 0.579959 -0.490454 -0.342276 -0.095783 -0.081562 0.025321 -0.092091 -0.217758 -0.172694 0.707077 0.336284 0.143751 0.100477 0.092121 0.352126 0.204187 0.172944 0.213790 0.197727 0.228191 0.758006 -0.371481 -0.106093 0.074205 0.154187 -0.430807 -0.295676 0.275390 -0.035497 0.171869 -0.283638 0.033268 0.256127 0.065012 0.350090 0.175286 0.363435 0.025215 0.029816 0.041369 0.142452 0.160734 0.116232 0.108977 0.065720 0.040803 0.153865 0.018263 0.344858 0.089791 0.157243 0.311734 0.053546
-0.087048 0.165348 0.125845 -0.155079 0.046536 -0.188818 -0.077740 -0.266204 0.003107 -0.246790 -0.309670 -0.502273 -0.107786 -0.435030 -0.082121 -0.373365 0.078902 0.196476 0.033661 -0.058790 0.443194 0.480957 0.270228 -0.153704 0.419408 0.257723 0.125437 -0.131203 0.103955 -0.085208 1.000000 0.439550 -0.000928 0.058956 0.128261 -0.075150 0.022701 0.071301 0.127606 -0.246411 0.049078 0.296461 0.070921 0.211378 0.238998 0.220710 -0.114889 -0.057238 -0.026955 0.044387 0.099740 0.008191 -0.046915 0.028951 0.041926 0.056581 0.005833 0.236292 -0.047885 -0.013608 -0.397837 -0.203147 -0.122257 -0.321302 -0.042941 -0.198131 0.064872 -0.117278 -0.088236 -0.265414 0.535241 0.320857 0.185909 0.435346 0.294943 0.257065 0.321262 0.267780 0.072282 0.224670 0.084750 0.168196 -0.073623 -0.139265 0.126963 -0.045399 -0.093293 0.093976 -0.077227 -0.155877 -0.223194 -0.166095 -0.201272 -0.019216 -0.028496 0.005724 0.021712 -0.119604 0.050241 0.126826 -0.115206 0.366956 0.040946 0.169864 -0.286169 -0.229507 -0.016856 -0.176990 -0.074285 -0.078126 0.086583 -0.034473 0.237029 -0.145212 -0.297424 -0.158945
-0.076369 -0.277314 -0.129125 0.570556 -0.213447 0.015814 -0.421840 0.354080 -0.045878 0.124558 -0.497740 -0.263613 -0.498006 -0.087113 -0.295455 -0.016473 0.103312 0.063492 0.233093 0.055132 0.025845 0.070717 -0.182756 0.186987 -0.123437 0.106233 -0.308962 -0.357772 -0.058014 0.173928 0.439550 1.000000 0.169361 0.419259 -0.038754 0.155198 -0.131731 0.059480 -0.134866 -0.264456 -0.107348 0.247286 0.185228 0.157499 0.060884 0.181073 -0.166248 0.211189 -0.119057 0.183067 -0.193280 -0.315785 -0.498792 -0.306905 -0.377559 -0.213967 0.201563 0.122778 -0.203019 0.240016 -0.394301 0.133677 0.051661 0.090487 -0.237885 -0.008678 -0.055526 0.139760 -0.182241 -0.139103 0.198515 0.352637 0.096400 0.352285 0.139963 0.356124 0.173634 0.440158 -0.041554 0.080114 0.014831 -0.111426 0.055740 0.316027 -0.125539 0.116943 0.047315 0.021084 -0.048429 -0.165339 0.033880 0.018493 -0.018647 0.009347 -0.030745 -0.098657 -0.320821 -0.195108 -0.215456 0.214764 -0.324203 0.195357 -0.004792 0.123065 -0.223147 -0.214312 0.056916 -0.152577 -0.217508 -0.155423 -0.063247 0.140915 0.091991 0.004271 -0.218943 -0.112759
-0.089836 -0.113251 -0.031659 0.244410 -0.191351 -0.061849 -0.229349 0.216611 -0.154216 0.006300 -0.274203 -0.255594 -0.337000 -0.205403 -0.462686 -0.089698 0.042063 -0.080637 0.529070 0.324947 -0.030535 -0.063014 -0.426410 -0.242122 -0.381779 -0.265103 -0.349448 -0.252072 0.016372 0.446087 -0.000928 0.169361 1.000000 0.746512 -0.061253 0.203107 0.072639 -0.364911 -0.372338 -0.016202 -0.122566 0.072352 0.145774 0.082714 0.068612 0.174704 0.023801 0.239748 -0.396444 0.069395 -0.156475 -0.353245 -0.212126 -0.425207 -0.501674 -0.308984 0.045866 0.037164 -0.332714 0.189327 -0.117251 0.067088 0.372185 0.467795 -0.170582 -0.246500 0.355850 0.450992 0.353403 0.323293 -0.269232 -0.086270 0.330299 0.093660 -0.028765 0.003787 -0.004463 0.122531 -0.125673 -0.095422 -0.038546 -0.031293 0.104164 0.457801 -0.287135 -0.198140 0.144494 0.048891 -0.468643 -0.442529 0.203553 -0.104268 0.128718 -0.193803 -0.094469 0.149732 -0.109087 0.243657 0.110307 0.147341 0.068212 0.064044 0.362851 0.068036 0.347610 -0.003654 -0.071745 0.480348 -0.268501 0.123672 0.197676 0.172844 0.003458 0.093685 0.208123 0.117809
-0.116502 -0.280085 -0.045555 0.388980 -0.110409 0.020344 -0.243761 0.412992 -0.043584 0.097251 -0.429032 -0.141459 -0.386038 -0.130813 -0.508705 -0.119500 -0.039956 -0.091015 0.478152 0.277643 -0.037878 -0.269462 -0.534329 -0.160705 -0.427736 -0.244162 -0.571574 -0.405527 -0.131581 0.344229 0.058956 0.419259 0.746512 1.000000 0.030052 0.481939 0.022046 -0.251173 -0.374652 -0.094452 -0.095450 0.016762 0.211790 0.131027 0.049601 0.308269 0.055982 0.328219 -0.496007 0.184437 -0.394189 -0.481714 -0.401631 -0.485544 -0.591838 -0.273028 0.144128 0.003853 -0.420260 0.141574 -0.133831 0.159335 0.219897 0.444943 -0.253125 -0.055924 0.237844 0.623179 0.070918 0.228203 -0.129470 0.153509 0.251927 0.171056 -0.006855 0.207649 0.168923 0.419082 -0.260327 -0.114065 -0.130595 -0.115120 0.071167 0.425854 -0.403458 -0.113180 0.057692 -0.029731 -0.384386 -0.441265 0.259857 -0.029237 0.078968 -0.179306 -0.055872 0.151103 -0.167968 0.223488 0.045373 0.210748 -0.128920 0.082241 0.331769 0.107146 0.201241 -0.126033 0.099204 0.312563 -0.222958 0.032735 0.280898 0.240273 0.058523 0.053239 -0.032115 0.002354
-0.224354 0.029602 -0.062414 -0.148628 0.084844 -0.204712 0.101217 -0.294684 -0.118538 -0.363247 -0.240598 -0.165926 0.016223 -0.167982 0.014832 -0.270984 -0.188831 -0.072230 -0.275012 -0.023737 0.187153 0.107611 0.224350 0.006545 0.262325 0.012981 0.258809 0.227569 -0.117485 -0.223593 0.128261 -0.038754 -0.061253 0.030052 1.000000 0.321239 0.180980 -0.054526 0.081173 -0.114217 -0.019198 0.038742 0.081988 0.104938 0.276917 0.377996 0.109431 0.007657 -0.001153 0.198829 -0.074071 -0.077015 -0.058384 -0.067323 0.109242 -0.039920 -0.132214 -0.019338 -0.123031 -0.150524 -0.337945 -0.354167 -0.330956 -0.391734 0.305135 0.107107 0.126901 0.249183 -0.108290 -0.068462 0.218116 0.092406 -0.069469 -0.113183 -0.169843 -0.167260 -0.012727 0.029887 -0.088381 0.070942 0.084252 0.130143 -0.080949 -0.262770 0.327276 0.248691 -0.093262 0.271526 0.075252 -0.086922 -0.196292 -0.023257 -0.145111 0.047909 0.068066 0.007463 0.115158 -0.062324 0.074769 -0.090840 -0.077200 0.057064 -0.146484 -0.007052 0.014569 0.037496 0.068253 -0.101468 0.058452 -0.018762 0.115605 -0.088153 0.003804 -0.143688 0.012078 0.150640
-0.216211 -0.469472 -0.102276 0.166422 0.097919 0.398698 0.064823 0.369424 0.117335 0.229039 -0.325880 0.117168 -0.096012 0.179421 -0.344349 0.000395 -0.212975 -0.193495 -0.072080 -0.092109 -0.012060 -0.349508 -0.381447 0.123277 -0.016187 0.200171 -0.308854 0.018425 -0.369330 -0.089444 -0.075150 0.155198 0.203107 0.481939 0.321239 1.000000 -0.125955 -0.198152 -0.361023 -0.205333 -0.066721 -0.200846 0.064513 0.000390 0.061940 0.284451 0.016966 0.146582 -0.195338 0.290839 -0.423786 -0.141389 -0.199794 -0.207271 -0.288499 -0.158534 -0.035046 -0.161641 -0.059368 0.055086 -0.001156 0.114338 -0.330068 0.053023 -0.160365 0.400826 0.018557 0.571761 -0.171279 -0.003455 0.017291 0.301556 -0.177629 -0.107231 -0.082702 0.079601 -0.136677 0.183861 -0.279703 -0.301345 -0.211163 -0.174643 -0.241493 -0.069827 -0.306071 0.089657 -0.167388 -0.161397 -0.058374 0.036021 0.287617 0.020349 0.340087 0.093744 -0.127373 -0.075060 -0.179059 0.105000 0.048697 0.084920 -0.127958 0.161826 0.127872 -0.062343 0.056976 -0.001710 0.214997 0.161136 -0.044780 0.038124 0.207672 -0.028444 -0.146102 0.012712 -0.039838 -0.005433
