1.000000 0.341291 0.262535 -0.347872 -0.234734 -0.275738 0.298298 -0.092669 0.263564 -0.334155 0.240061 0.233995 0.527763 0.569136 0.332004 -0.139424 0.213685 0.103607 0.009874 -0.282772 -0.105810 0.020888 -0.071890 -0.284118 -0.376182 -0.434644 -0.181483 -0.118731 0.267583 0.047232 -0.262329 -0.474709 0.122364 -0.368906 0.004120 -0.148358 0.087022 0.070770 0.157875 -0.152920 0.081600 -0.095471 0.016761 -0.115012 -0.127551 -0.354381 0.071128 -0.131388 -0.143859 -0.200169 -0.072338 0.032208 0.200663 0.059094 0.213360 0.127263 0.380759 0.182099 0.434093 -0.013761 0.695211 0.316221 0.338689 0.213578 -0.111045 0.160037 -0.202910 -0.468765 -0.123666 -0.217926 0.121488 0.075996 0.222103 0.015872 0.072482 0.059168 0.336263 0.226753 -0.047911 -0.002308 -0.019706 0.095471 0.085948 -0.199059 -0.036438 -0.224873 -0.013755 -0.062061 0.098345 0.050715 -0.294371 -0.065579 -0.125023 0.159021 -0.350073 -0.134019 -0.145351 -0.164416 0.032124 0.265523 0.113906 0.101635 0.261776 -0.096923 -0.184591 -0.281367 0.004031 -0.002781 -0.027939 0.233855 -0.312669 -0.005872 -0.039721 -0.161274 -0.297715 -0.312560
0.341291 1.000000 -0.190032 -0.306995 -0.337602 -0.263899 -0.005709 0.036002 -0.227470 -0.160760 0.270280 0.383229 0.162334 0.461373 -0.005575 0.156978 0.383643 0.341534 -0.081271 -0.016162 0.012406 0.068751 -0.464040 -0.409472 -0.415204 -0.355115 -0.260499 -0.194106 0.231033 0.409768 -0.265909 -0.379675 0.210195 -0.067489 -0.215107 -0.103046 0.245686 0.244343 0.057810 0.123857 0.146284 0.178097 -0.200790 -0.147722 -0.128800 -0.298666 -0.086661 -0.045814 -0.180706 -0.348656 -0.312376 -0.109042 -0.015649 -0.245621 -0.024988 0.027700 0.220224 0.276276 0.030984 0.233110 0.202139 0.282340 0.327231 0.417091 -0.251434 0.100191 -0.156388 -0.276503 0.170893 0.166006 0.017525 -0.098749 0.299861 0.233730 0.215293 0.260974 0.170977 0.353325 0.096311 0.288191 0.157557 0.182811 -0.209989 0.101586 -0.280579 -0.172901 -0.273832 -0.192070 -0.354437 0.040166 -0.107020 -0.311891 -0.126899 -0.163238 -0.126990 0.260336 0.149113 0.143882 0.174037 0.218800 0.187452 0.014545 0.232602 -0.029474 0.072617 -0.106712 0.025011 0.290456 -0.009810 0.292389 0.052393 0.122763 0.120180 0.217058 -0.156502 0.126642
0.262535 -0.190032 1.000000 0.347116 0.106833 -0.078934 0.458991 0.199145 0.277866 -0.005982 0.100025 0.049877 0.011756 -0.172853 0.012794 -0.246469 -0.234532 -0.292711 0.399839 -0.116066 0.130166 -0.088519 0.590296 0.357956 0.106806 0.152793 0.199760 0.178322 -0.319204 -0.600779 0.238172 -0.066732 -0.281952 -0.433926 -0.064551 -0.305932 -0.328116 -0.281047 -0.127329 -0.404684 -0.403516 -0.309561 0.163401 0.030632 -0.189330 -0.084832 0.094730 -0.061848 0.199139 0.109496 0.361400 0.365742 0.186113 0.362446 -0.012576 -0.216209 0.014212 0.050318 -0.009310 -0.323394 0.073175 -0.173860 -0.364070 -0.329912 0.457891 0.112783 -0.110747 -0.036846 -0.207340 -0.144863 -0.081780 0.046542 -0.294840 -0.273723 -0.084845 -0.237034 -0.044627 -0.273797 -0.161563 -0.230570 -0.339457 -0.210251 0.049162 -0.497049 0.130375 0.299784 0.088849 0.052805 0.309039 0.282649 0.123051 0.092386 0.112944 0.111142 -0.065986 -0.303661 -0.221297 -0.225715 -0.265833 -0.030396 -0.178443 -0.149516 -0.092362 -0.215807 -0.347421 -0.175750 0.057772 -0.164116 -0.015008 -0.132773 -0.139746 -0.205637 -0.213266 -0.216185 -0.077202 -0.200839
-0.347872 -0.306995 0.347116 1.000000 0.239318 0.177506 -0.210355 0.510337 0.024687 0.422350 -0.232123 0.041346 -0.517862 -0.448132 -0.050926 0.285372 -0.604087 -0.545969 0.208703 -0.011259 0.265743 0.182618 0.690970 0.827847 0.467018 0.752749 0.560923 0.447436 -0.519289 -0.632737 0.169314 0.415886 -0.453528 -0.144525 0.030767 0.008247 -0.535520 -0.196469 -0.095381 0.018309 -0.377526 -0.018415 -0.005618 0.052609 -0.140595 0.184421 -0.127543 -0.110454 0.130808 0.086638 0.369392 0.314486 -0.033903 0.149611 -0.238318 -0.314108 -0.229855 -0.095380 -0.153008 -0.045633 -0.471438 -0.227676 -0.633575 -0.511585 0.539194 0.305973 -0.076402 0.317614 0.087380 0.046559 -0.148154 -0.018214 -0.618403 -0.361528 -0.257625 -0.216663 -0.276995 -0.322365 -0.421773 -0.234432 -0.636135 -0.568738 0.095619 -0.106370 0.059352 0.318571 0.148047 0.343360 0.388539 0.398626 0.268419 -0.007623 0.414932 -0.100718 0.119698 -0.251132 -0.154019 0.012412 -0.431333 -0.274481 -0.147906 -0.332980 -0.130069 -0.199730 -0.106724 -0.073223 -0.128378 -0.139809 -0.165096 -0.212021 0.096984 -0.185512 -0.112223 -0.039547 -0.009205 -0.086794
-0.234734 -0.337602 0.106833 0.239318 1.000000 0.545782 0.068958 0.086362 0.333195 0.245725 -0.068643 -0.050830 -0.181604 -0.359103 -0.131681 -0.172307 -0.103084 -0.214256 0.010174 0.321607 0.068886 -0.103912 0.116774 0.163719 0.373720 0.260163 0.422469 0.376608 -0.238175 -0.219045 0.131245 0.101279 -0.074928 0.195456 0.008056 0.015726 -0.349688 -0.148306 -0.335923 -0.322248 -0.245321 -0.042866 0.280383 0.296844 0.086472 0.272607 0.236059 0.230583 0.185214 0.208533 0.148154 0.108991 0.167767 0.215473 -0.030365 -0.068778 -0.360986 -0.210078 -0.176585 -0.103150 -0.198644 -0.205873 -0.208266 -0.154876 0.075259 -0.044780 0.035738 0.230795 -0.292948 -0.009515 0.078852 -0.002850 -0.136014 -0.160978 -0.069890 -0.208014 -0.197237 -0.183757 0.160675 -0.308940 -0.140789 -0.181085 -0.146959 -0.294243 -0.023760 0.032911 -0.123027 -0.301232 -0.077972 0.035446 0.021593 0.003019 -0.169001 -0.217932 0.046728 -0.064746 -0.155953 -0.152008 -0.076395 -0.383864 -0.133347 -0.258433 -0.502413 -0.244164 -0.149376 0.240963 -0.161197 -0.229758 -0.069233 0.120205 0.120133 -0.138854 -0.016176 -0.124327 0.090018 -0.110208
-0.275738 -0.263899 -0.078934 0.177506 0.545782 1.000000 -0.037897 0.248729 0.311673 0.412418 -0.082765 -0.077224 -0.156459 -0.195861 -0.033449 -0.023001 -0.225037 -0.250127 -0.151329 0.075481 0.092074 0.177665 0.077229 0.151081 0.303449 0.333799 0.393988 0.471087 -0.241002 -0.019429 0.191560 0.182490 -0.204880 0.276971 0.004016 0.282002 -0.336000 -0.132588 -0.176768 -0.164278 -0.205122 0.005836 0.155394 0.203281 0.242087 0.374244 0.139890 0.068949 0.102408 0.100141 0.325846 0.216192 0.221151 0.036521 -0.236996 -0.101687 -0.282205 -0.223534 -0.181652 -0.099588 -0.251091 -0.247437 -0.265374 -0.272929 0.107453 0.117277 0.019853 0.270845 -0.122513 -0.020483 0.161888 0.064380 -0.147907 -0.145209 -0.243531 -0.050170 -0.101862 -0.087730 0.005295 -0.305063 -0.204125 -0.278915 -0.283663 -0.266370 -0.090325 -0.152114 -0.112255 -0.233270 -0.034382 -0.073800 0.067132 -0.098102 -0.129298 -0.133900 0.166423 -0.115103 0.081547 0.098097 0.051872 -0.197124 -0.151582 0.018024 -0.434322 -0.016181 -0.090844 0.023451 -0.115012 -0.207314 -0.079114 0.109766 0.299661 0.101247 0.017844 0.103962 -0.058386 -0.200603
0.298298 -0.005709 0.458991 -0.210355 0.068958 -0.037897 1.000000 0.315814 0.404618 0.132092 0.297870 0.151167 0.514103 0.207825 0.005790 -0.144138 0.097304 -0.033214 0.355227 0.272236 -0.239743 -0.429434 -0.082761 -0.236080 -0.211931 -0.301793 -0.448852 -0.401070 0.251370 0.041700 0.042783 -0.296323 0.204132 0.111763 0.035888 -0.044216 0.019190 -0.322335 -0.279675 -0.306888 0.025893 -0.254042 -0.104776 -0.297403 -0.215922 -0.248886 -0.130740 -0.263526 -0.054595 -0.091020 -0.114955 -0.095056 0.047208 -0.036128 -0.157646 -0.190374 -0.048400 -0.154982 -0.053464 -0.255790 0.295604 0.028578 0.087848 0.026969 0.162214 -0.078685 -0.150796 -0.199239 -0.142538 -0.040160 -0.103535 -0.020724 0.185337 -0.146604 -0.075450 -0.080435 -0.023178 -0.142736 0.177946 -0.130288 0.141597 0.284745 -0.032269 -0.162118 0.026938 -0.042593 -0.145576 -0.276536 -0.175136 -0.132683 -0.024900 0.126144 -0.095689 0.108580 -0.128055 -0.265957 -0.333155 -0.182466 -0.170002 -0.050826 -0.053842 0.066616 -0.134265 -0.120921 -0.303617 -0.015689 0.159938 -0.176944 0.108539 -0.028220 -0.204043 -0.115243 -0.223877 -0.399698 -0.040925 -0.209651
-0.092669 0.036002 0.199145 0.510337 0.086362 0.248729 0.315814 1.000000 0.244392 0.480893 0.120294 0.312165 -0.037424 0.090798 -0.001007 0.274797 -0.328512 -0.348967 0.071257 -0.003934 0.170378 0.068038 0.156591 0.253059 0.034531 0.243980 0.107875 0.116853 -0.227206 -0.125623 0.011789 0.054966 -0.254371 0.042144 0.029044 0.115279 -0.428964 -0.288666 -0.171500 -0.042255 -0.289513 -0.114505 -0.068936 -0.109149 -0.081227 0.061099 -0.193031 -0.318709 0.071489 -0.021011 0.176372 0.189543 -0.032761 -0.019852 -0.344612 -0.270518 -0.144717 -0.196831 -0.120534 -0.018686 -0.158228 0.003665 -0.401945 -0.325376 0.493773 0.401757 -0.122157 0.100922 -0.064629 -0.044471 -0.204887 -0.095590 -0.370509 -0.312470 -0.405100 -0.122800 -0.243334 -0.280119 -0.170254 -0.121750 -0.353417 -0.179358 -0.096039 -0.054464 -0.052269 -0.035038 -0.134176 -0.126367 0.035424 0.045032 0.141363 -0.209200 0.208529 -0.094311 0.170302 -0.302498 -0.115666 0.152939 -0.339587 -0.232459 -0.165415 -0.172815 -0.018007 -0.191245 0.016060 -0.071428 0.141649 0.022693 -0.204871 -0.160978 -0.071940 -0.098845 -0.082886 -0.139633 -0.019351 -0.171787
0.263564 -0.227470 0.277866 0.024687 0.333195 0.311673 0.404618 0.244392 1.000000 -0.004416 -0.013031 -0.014921 0.316050 0.105825 0.378511 -0.398774 -0.273983 -0.294294 -0.127506 -0.039794 0.154374 0.035893 0.213263 0.033190 -0.169333 -0.179146 0.230773 0.215351 -0.094659 -0.217901 -0.092013 -0.150143 -0.168801 -0.020839 0.202485 0.184776 -0.275020 -0.189820 -0.183984 -0.221942 -0.044387 -0.068690 0.323784 0.105232 0.052701 0.120732 0.115588 -0.017471 0.194094 0.209306 0.222351 0.289277 0.167180 0.114174 -0.120957 -0.121602 -0.099138 -0.157789 0.047467 -0.122624 0.147444 0.066880 -0.254420 -0.230511 0.113529 0.192337 -0.183673 0.009835 -0.250555 -0.133309 -0.041286 -0.028456 -0.102453 -0.216922 -0.148863 -0.110458 0.012771 -0.064481 -0.082747 -0.424647 -0.250592 -0.193058 0.057714 -0.480070 -0.099360 -0.267772 0.065931 -0.104880 0.037804 0.053779 -0.004015 0.133672 -0.026235 0.201683 -0.131960 -0.381567 -0.307389 -0.117341 -0.178976 -0.160332 -0.070994 0.000451 -0.070865 -0.005696 -0.215279 0.028448 -0.173449 -0.119287 -0.128062 -0.008482 -0.057987 -0.091937 -0.192992 -0.067774 -0.038272 -0.084443
-0.334155 -0.160760 -0.005982 0.422350 0.245725 0.412418 0.132092 0.480893 -0.004416 1.000000 -0.140368 -0.030811 -0.191142 -0.087625 -0.119380 0.445251 -0.210592 -0.188196 0.128840 0.290821 -0.110155 -0.170937 0.183215 0.243274 0.590434 0.480926 -0.049117 -0.091494 -0.061674 -0.119152 0.125496 -0.006088 0.019687 0.240241 -0.093869 0.163448 -0.272950 -0.165708 -0.234461 -0.016021 -0.229078 0.107009 -0.343460 -0.240534 -0.251120 -0.088395 -0.295328 -0.263646 -0.232276 -0.218885 0.105563 -0.029677 -0.081989 -0.173384 -0.436339 -0.345473 -0.438022 -0.435053 -0.141516 0.155835 -0.131463 0.148390 -0.165766 0.025979 0.231996 0.173011 -0.159854 0.044179 0.220311 0.261853 -0.043248 -0.039525 -0.142409 -0.084892 -0.205194 -0.018655 -0.219729 -0.171090 -0.123767 -0.245426 -0.217662 -0.162837 -0.012410 0.024222 -0.081317 -0.048821 -0.142844 -0.162299 0.191497 0.051164 0.270841 0.028850 0.135939 -0.140295 0.148992 -0.149298 -0.124402 0.104348 -0.277360 -0.287288 0.066563 -0.176739 -0.223785 -0.088366 -0.080465 0.066067 -0.029148 -0.057931 0.213002 -0.025593 0.226708 -0.139557 -0.048001 0.006459 -0.068591 -0.011896
0.240061 0.270280 0.100025 -0.232123 -0.068643 -0.082765 0.297870 0.120294 -0.013031 -0.140368 1.000000 0.453977 0.533763 0.286292 0.315167 0.144891 0.253582 -0.102570 0.372102 -0.066567 -0.145465 -0.165112 -0.172987 -0.177220 -0.363259 -0.130114 -0.216162 -0.029699 0.185385 0.079641 -0.129872 -0.044420 -0.132475 -0.205948 0.060865 -0.213166 0.012330 -0.113579 0.097805 -0.094321 -0.047154 -0.181898 -0.011885 -0.079473 0.089650 0.006684 -0.017208 -0.220798 0.012151 -0.089459 -0.214826 -0.132155 0.062756 -0.204738 0.019428 -0.033277 -0.111979 -0.071783 0.146928 -0.070791 0.048281 -0.065835 0.078101 -0.098118 0.009362 -0.062173 0.062950 -0.118806 -0.178696 -0.221264 -0.051609 -0.163369 -0.015430 -0.114233 -0.119741 -0.091513 -0.008452 -0.194816 0.074775 0.008891 0.090210 0.080505 0.237366 0.127716 0.373786 0.253544 -0.000546 -0.150708 -0.052389 -0.079487 -0.002676 -0.096354 0.050885 0.028998 0.121791 -0.331033 0.154708 0.009640 -0.087996 -0.060125 0.126931 -0.068582 0.102306 -0.053347 -0.090476 -0.120307 0.256167 -0.050745 -0.071594 -0.142479 -0.256756 -0.108802 0.049150 -0.217167 0.027091 -0.055452
0.233995 0.383229 0.049877 0.041346 -0.050830 -0.077224 0.151167 0.312165 -0.014921 -0.030811 0.453977 1.000000 0.253092 0.553631 0.045848 0.506793 0.012616 -0.091945 0.140100 -0.241312 -0.136645 0.039440 0.024362 0.141233 -0.123387 0.077333 -0.073597 -0.034548 0.141601 0.099405 -0.192356 0.015533 -0.215713 -0.265405 -0.019444 -0.046453 -0.054628 0.059945 -0.011375 0.143034 0.071050 -0.031179 0.016592 0.015949 -0.053973 -0.149703 0.073653 -0.082533 -0.042920 -0.060938 -0.139312 0.054708 0.134889 0.043430 0.083290 0.135321 -0.076667 -0.236915 -0.170217 -0.323703 0.133795 0.230253 0.107494 0.054086 0.291465 0.411297 -0.402371 -0.366028 -0.107713 -0.281612 -0.059697 0.097370 0.030547 -0.014042 0.167209 0.070168 0.218556 0.093047 -0.146809 -0.052671 -0.216574 -0.086847 0.268793 0.301203 0.174464 0.090930 0.076740 -0.063134 -0.053376 -0.002102 0.042296 -0.431755 -0.157930 -0.354935 -0.143684 -0.150980 0.005116 -0.016709 -0.157953 -0.116491 -0.038197 -0.302291 0.051474 -0.395949 -0.144083 -0.427424 0.105297 -0.215416 -0.148247 -0.028851 -0.244975 -0.146806 -0.048036 -0.048007 -0.060885 -0.034616
0.527763 0.162334 0.011756 -0.517862 -0.181604 -0.156459 0.514103 -0.037424 0.316050 -0.191142 0.533763 0.253092 1.000000 0.619849 0.552520 0.005817 0.271899 0.056712 0.105239 -0.062094 -0.284686 -0.225290 -0.273792 -0.429255 -0.450778 -0.472119 -0.459360 -0.346954 0.422948 0.241264 -0.309282 -0.394222 0.142957 0.000995 0.289826 0.008262 0.250428 0.014228 0.014563 -0.102964 0.244768 -0.030253 -0.038151 -0.195149 -0.011567 -0.165558 -0.124345 -0.253264 -0.056515 -0.085396 -0.192073 -0.212518 -0.069677 -0.309221 0.053784 -0.094605 -0.107461 -0.201734 0.177298 -0.063815 0.585615 0.260978 0.391018 0.221213 -0.214703 -0.045741 -0.122235 -0.282991 -0.221974 -0.191995 -0.043272 -0.128298 0.315734 -0.020886 0.028974 0.040938 0.179965 0.057193 0.070475 -0.093002 0.113460 0.234698 0.194803 -0.008924 0.082090 -0.194048 -0.183876 -0.251757 -0.127830 -0.148509 -0.143066 0.028547 -0.030413 0.290251 -0.121416 -0.269488 -0.145359 -0.075374 -0.055814 0.046841 0.218977 0.160351 0.252142 -0.021486 -0.050624 -0.163863 0.224753 -0.080948 0.074453 0.009237 -0.228727 -0.006423 0.065035 -0.153472 -0.097608 -0.045778
0.569136 0.461373 -0.172853 -0.448132 -0.359103 -0.195861 0.207825 0.090798 0.105825 -0.087625 0.286292 0.553631 0.619849 1.000000 0.301622 0.304628 0.270258 0.257384 -0.108731 -0.307641 -0.206666 0.036502 -0.258295 -0.325915 -0.353314 -0.407791 -0.422818 -0.333149 0.382354 0.360802 -0.347071 -0.387553 0.170761 -0.125336 0.010005 0.011430 0.186432 0.193569 0.069272 0.101767 0.225040 0.154974 -0.172596 -0.273687 -0.123593 -0.401944 -0.147591 -0.263054 -0.268653 -0.326992 -0.147000 -0.136283 0.039182 -0.236991 0.045573 0.125867 0.155257 -0.103232 0.198468 0.070657 0.679853 0.674543 0.509143 0.501006 -0.050241 0.398964 -0.321475 -0.536667 -0.026281 -0.158738 -0.060106 -0.047213 0.302285 0.127861 0.148968 0.187620 0.301865 0.239464 0.000210 0.073946 0.039728 0.198815 0.136196 0.107427 0.069028 -0.352059 -0.099905 -0.244219 -0.021177 -0.113922 -0.227437 -0.291258 -0.138298 0.031390 -0.245209 -0.094774 0.035532 0.041894 -0.064247 0.106401 0.088029 -0.051096 0.271437 -0.148030 0.016882 -0.395875 0.112344 -0.014777 0.000506 0.044396 -0.191869 0.051094 0.129169 0.031338 -0.174092 0.035566
0.332004 -0.005575 0.012794 -0.050926 -0.131681 -0.033449 0.005790 -0.001007 0.378511 -0.119380 0.315167 0.045848 0.552520 0.301622 1.000000 0.065904 -0.083328 -0.195645 -0.058967 -0.289372 0.090908 0.177137 0.117825 0.012095 -0.227073 -0.053672 0.106591 0.178867 0.051784 -0.165627 -0.191764 -0.092946 -0.129544 -0.226365 0.169047 -0.157230 -0.102685 0.098378 0.189851 0.008071 -0.001528 0.033126 0.011502 -0.130190 -0.002149 -0.002934 -0.021980 -0.170378 -0.024485 -0.116363 -0.008851 0.067900 -0.019709 -0.158086 0.077801 -0.077376 -0.191182 -0.124354 0.240556 0.091789 0.273876 0.155160 0.002103 -0.090762 -0.049553 0.131596 -0.146000 -0.091954 -0.036252 -0.254768 -0.056054 -0.150717 -0.056719 -0.004266 -0.054628 0.129181 0.103840 -0.063731 -0.260600 -0.230605 -0.288208 -0.311582 0.339759 -0.162645 0.073147 -0.016937 0.058986 0.097639 0.226846 0.227242 -0.000581 0.210421 0.256681 0.357823 -0.100709 -0.437701 0.038154 0.083704 -0.050002 0.170062 0.232110 0.194415 0.419444 0.103806 -0.102312 -0.165981 0.057563 0.065959 0.107839 -0.132252 -0.163163 0.072846 0.069490 0.057046 -0.150484 -0.065500
-0.139424 0.156978 -0.246469 0.285372 -0.172307 -0.023001 -0.144138 0.274797 -0.398774 0.445251 0.144891 0.506793 0.005817 0.304628 0.065904 1.000000 -0.055784 -0.129328 0.138237 -0.096199 -0.162663 -0.008113 0.087297 0.281865 0.338370 0.497437 -0.168530 -0.158310 0.101089 0.017207 -0.073622 0.157813 -0.107986 -0.021291 0.060389 0.121346 -0.015390 0.006124 0.171617 0.396616 0.133892 0.197421 -0.399929 -0.271909 -0.213636 -0.162861 -0.350710 -0.378617 -0.248837 -0.362914 -0.167648 -0.241210 -0.257038 -0.345476 -0.198010 -0.159026 -0.237786 -0.316313 -0.034617 0.113417 0.025674 0.302212 0.088432 0.113695 0.286908 0.367760 -0.136361 -0.085074 0.295932 0.036030 -0.076081 0.023819 -0.030657 -0.057383 0.094996 0.066815 0.018661 -0.035416 -0.253598 -0.156201 -0.295651 -0.226283 0.351189 0.580771 0.101265 0.047203 0.099470 0.196802 0.248678 0.074805 0.087389 -0.237556 0.098933 -0.246997 -0.015342 -0.026758 0.054198 0.162891 -0.373318 -0.088847 0.120920 -0.195704 0.080110 -0.181618 0.019174 -0.243065 0.076626 -0.047403 0.009245 -0.112636 0.005688 -0.055160 0.070559 0.075691 -0.128556 0.099498
0.213685 0.383643 -0.234532 -0.604087 -0.103084 -0.225037 0.097304 -0.328512 -0.273983 -0.210592 0.253582 0.012616 0.271899 0.270258 -0.083328 -0.055784 1.000000 0.754773 0.028375 0.095528 -0.244436 -0.231162 -0.556832 -0.591038 -0.241163 -0.408773 -0.450909 -0.501329 0.614658 0.638435 0.070788 -0.293712 0.420758 0.089628 -0.219799 -0.102599 0.333272 0.235895 0.010411 -0.028593 0.049422 0.076411 -0.144775 -0.127224 -0.208316 -0.456235 0.104410 -0.014725 -0.283073 -0.339550 -0.450052 -0.338273 -0.071121 -0.060677 0.149244 0.189075 0.222392 0.353094 -0.100322 0.000081 0.364722 0.114642 0.661337 0.656996 -0.416645 -0.396875 -0.126732 -0.352123 0.022261 -0.088459 0.057909 0.012792 0.528965 0.453834 0.361137 0.362709 0.315734 0.289519 0.664483 0.374232 0.685425 0.572693 -0.225037 0.192085 -0.070886 -0.111651 -0.355461 -0.333232 -0.388537 -0.347941 -0.270935 -0.234665 -0.337849 -0.193749 -0.207021 0.397418 0.047753 -0.259731 0.233469 0.172557 -0.012378 -0.055244 -0.054660 -0.134561 0.045723 0.106091 0.004872 0.109523 0.205773 0.257313 -0.028380 0.065951 -0.088577 0.109034 0.143007 0.187015
0.103607 0.341534 -0.292711 -0.545969 -0.214256 -0.250127 -0.033214 -0.348967 -0.294294 -0.188196 -0.102570 -0.091945 0.056712 0.257384 -0.195645 -0.129328 0.754773 1.000000 -0.025497 0.061091 -0.227764 -0.150913 -0.442796 -0.496373 -0.228021 -0.389685 -0.393824 -0.510442 0.590895 0.655319 0.151090 -0.220336 0.480762 0.181741 -0.243663 -0.034497 0.289564 0.255543 -0.103214 -0.065165 0.014964 0.065157 -0.273924 -0.300696 -0.216445 -0.507950 0.001807 -0.045601 -0.308461 -0.332073 -0.333432 -0.235739 -0.065722 0.027449 0.150995 0.270187 0.273353 0.346523 -0.196605 0.085068 0.280613 0.175823 0.635656 0.743133 -0.399867 -0.344452 -0.165628 -0.338962 0.195021 0.032901 0.006384 0.107283 0.555975 0.545150 0.388138 0.399967 0.257293 0.416291 0.606628 0.569496 0.633587 0.574262 -0.363599 0.134002 -0.100876 -0.168341 -0.313918 -0.301826 -0.331198 -0.266147 -0.232338 -0.158134 -0.261848 -0.136605 -0.257057 0.465526 0.012842 -0.178400 0.325256 0.228785 -0.128707 0.045553 -0.108433 -0.096945 0.049152 -0.014183 0.019591 0.186336 0.213018 0.137079 -0.005430 0.185560 -0.045261 0.201444 0.082079 0.199325
0.009874 -0.081271 0.399839 0.208703 0.010174 -0.151329 0.355227 0.071257 -0.127506 0.128840 0.372102 0.140100 0.105239 -0.108731 -0.058967 0.138237 0.028375 -0.025497 1.000000 0.251690 -0.259463 -0.341357 0.255625 0.220413 0.059421 0.269363 -0.215518 -0.242933 0.084910 -0.264650 0.256243 0.238171 -0.128618 -0.060967 -0.021119 -0.090030 -0.101118 -0.238677 -0.148680 -0.180633 -0.297392 -0.178279 -0.242017 -0.335985 -0.221646 -0.227563 -0.206545 -0.328061 -0.017942 -0.130550 -0.055017 0.023391 0.133405 0.057447 0.011444 -0.216406 -0.081884 -0.035347 -0.139464 -0.211416 -0.070910 -0.109648 -0.138286 -0.134343 0.248421 -0.157351 -0.032915 -0.014670 0.035262 -0.047890 -0.036827 0.024856 -0.166390 -0.177883 -0.102733 -0.215312 -0.122685 -0.211501 -0.103420 -0.049946 -0.034341 -0.030415 0.098298 -0.003347 0.248859 0.266883 0.078800 0.003947 0.105346 0.048795 0.290411 0.211434 0.216371 0.069934 -0.099562 -0.215938 -0.218866 -0.283654 -0.150246 0.032024 -0.040167 -0.044712 -0.124939 -0.214010 -0.236856 -0.194437 0.225915 -0.165493 0.128854 -0.201441 -0.172271 -0.156974 -0.171346 -0.291047 -0.162242 -0.165349
-0.282772 -0.016162 -0.116066 -0.011259 0.321607 0.075481 0.272236 -0.003934 -0.039794 0.290821 -0.066567 -0.241312 -0.062094 -0.307641 -0.289372 -0.096199 0.095528 0.061091 0.251690 1.000000 -0.128061 -0.395980 -0.193252 -0.071731 0.125701 -0.038350 -0.197034 -0.265721 0.099741 0.101167 -0.050853 -0.047800 0.289113 0.613145 -0.065922 0.206836 0.016307 -0.126333 -0.355116 -0.055407 0.064181 0.045801 -0.247320 -0.116842 -0.222319 0.025686 -0.256399 0.001685 -0.120742 -0.055765 -0.217163 -0.138395 -0.110015 -0.192526 -0.116747 -0.314745 -0.225891 -0.150785 -0.275176 0.021048 -0.265654 -0.146858 -0.083452 0.024602 -0.338102 -0.301649 0.110191 0.314643 0.041215 0.555266 0.042925 0.045998 0.079380 -0.026139 -0.060189 0.051525 -0.377994 0.016341 0.150693 -0.015459 0.204547 0.124273 -0.211327 0.071713 -0.254960 -0.128371 -0.326088 -0.092280 -0.225473 -0.034359 0.290589 0.290581 0.020866 -0.030331 0.017965 0.090478 -0.233123 -0.156247 -0.020587 -0.219682 0.076363 0.070774 -0.314523 0.005173 -0.050444 0.436975 -0.064627 0.049775 0.072398 0.074994 0.138144 -0.038185 -0.094063 -0.160827 0.126215 -0.000987
-0.105810 0.012406 0.130166 0.265743 0.068886 0.092074 -0.239743 0.170378 0.154374 -0.110155 -0.145465 -0.136645 -0.284686 -0.206666 0.090908 -0.162663 -0.244436 -0.227764 -0.259463 -0.128061 1.000000 0.518834 0.140954 0.163766 -0.054270 -0.017886 0.532287 0.566455 -0.480483 -0.272713 -0.068332 -0.059048 -0.117187 -0.130186 0.027562 -0.181677 -0.362961 0.033698 0.072429 -0.230601 -0.260160 0.282095 0.386770 0.371434 0.310946 0.292080 0.235322 0.291299 0.322005 0.308627 0.306934 0.314671 0.095972 0.217576 0.051803 -0.170364 0.011045 0.059645 0.049858 0.142416 -0.283756 -0.084692 -0.357623 -0.270672 0.092892 0.269969 0.183379 0.218464 0.007802 0.051254 0.126106 0.033801 -0.234933 -0.067437 -0.048299 -0.127591 -0.209969 -0.034184 -0.183467 -0.122805 -0.329375 -0.388406 -0.141071 -0.238504 -0.097113 0.044054 0.066148 0.128085 0.159050 0.158289 0.064343 -0.033495 0.102034 0.059151 0.152090 -0.092738 -0.033561 0.249980 -0.072995 -0.076304 -0.069268 -0.013697 0.106218 0.145251 0.134447 0.078558 -0.159525 0.223038 -0.454005 -0.082998 0.149236 -0.002893 -0.000105 0.132242 -0.006187 -0.054332
0.020888 0.068751 -0.088519 0.182618 -0.103912 0.177665 -0.429434 0.068038 0.035893 -0.170937 -0.165112 0.039440 -0.225290 0.036502 0.177137 -0.008113 -0.231162 -0.150913 -0.341357 -0.395980 0.518834 1.000000 0.146565 0.190275 -0.078021 0.061563 0.535970 0.555157 -0.131699 -0.044591 -0.087640 0.194539 -0.174702 -0.216662 -0.078814 -0.112602 -0.091408 0.250502 0.219130 0.134237 -0.102831 0.185506 0.158938 0.169438 0.282421 0.143535 0.184705 0.158970 0.119534 -0.008595 0.219925 0.257957 0.125253 0.161216 0.177687 0.277679 0.045572 0.064129 0.076103 -0.000567 -0.077707 -0.101571 -0.142278 -0.235111 0.124232 0.341135 -0.068035 -0.011870 0.091053 -0.156179 0.011605 0.170312 -0.092085 0.088669 0.052880 0.074982 0.017994 0.065151 -0.247493 0.161593 -0.151563 -0.198299 -0.063722 -0.051906 -0.047899 0.134039 -0.008809 0.207021 0.136327 0.304811 -0.143310 -0.245337 -0.015737 -0.164098 0.114278 0.060823 0.232785 0.317870 0.056937 0.121255 -0.221527 -0.053735 0.147895 -0.101453 -0.019398 -0.267503 -0.247017 0.178206 -0.119345 -0.032341 0.041649 -0.040484 -0.064081 0.192317 -0.261092 -0.177538
-0.071890 -0.464040 0.590296 0.690970 0.116774 0.077229 -0.082761 0.156591 0.213263 0.183215 -0.172987 0.024362 -0.273792 -0.258295 0.117825 0.087297 -0.556832 -0.442796 0.255625 -0.193252 0.140954 0.146565 1.000000 0.844701 0.479682 0.611739 0.514001 0.396578 -0.349219 -0.720138 0.223524 0.328842 -0.415228 -0.300376 0.033878 -0.055773 -0.489508 -0.126569 0.008250 -0.135372 -0.312829 -0.124231 0.036211 -0.054711 -0.140770 0.083903 -0.038084 -0.148407 0.051590 0.034008 0.437536 0.368790 0.082315 0.263104 -0.076689 -0.174311 -0.217769 -0.160736 -0.110552 -0.240068 -0.185627 -0.117308 -0.503287 -0.425007 0.543067 0.372719 -0.135728 0.136038 0.109688 -0.097146 -0.043880 0.137275 -0.481418 -0.260444 -0.090154 -0.125150 -0.035754 -0.223394 -0.400940 -0.250505 -0.637559 -0.561038 0.299920 -0.273351 0.236160 0.313585 0.280936 0.372030 0.641540 0.394701 0.123748 0.034541 0.226786 -0.030897 -0.096934 -0.354230 -0.173096 -0.166408 -0.443241 -0.199244 -0.340505 -0.318844 -0.187905 -0.293694 -0.328374 -0.290550 -0.044592 -0.177439 -0.068918 -0.299064 0.092904 -0.218063 -0.153234 -0.058816 -0.014307 -0.161168
-0.284118 -0.409472 0.357956 0.827847 0.163719 0.151081 -0.236080 0.253059 0.033190 0.243274 -0.177220 0.141233 -0.429255 -0.325915 0.012095 0.281865 -0.591038 -0.496373 0.220413 -0.071731 0.163766 0.190275 0.844701 1.000000 0.469265 0.741103 0.558119 0.467670 -0.427490 -0.664932 0.137507 0.466136 -0.492394 -0.239050 0.066866 0.064653 -0.516112 -0.119637 -0.042928 0.012026 -0.286305 -0.080443 -0.025289 0.031864 -0.132174 0.220870 -0.081590 -0.105319 0.021961 0.031077 0.351374 0.265572 0.028511 0.188180 -0.069062 -0.215985 -0.277365 -0.156439 -0.186146 -0.202764 -0.413390 -0.214621 -0.508844 -0.469955 0.542858 0.359856 -0.088598 0.293040 0.143917 -0.013580 -0.044958 0.096064 -0.590070 -0.321275 -0.113673 -0.143106 -0.107909 -0.230677 -0.415361 -0.198978 -0.636391 -0.614938 0.280107 -0.103535 0.281160 0.394932 0.314945 0.479794 0.553787 0.417121 0.239584 -0.007855 0.332875 -0.082267 -0.106806 -0.356466 -0.137468 -0.110815 -0.440268 -0.333718 -0.254354 -0.389129 -0.225042 -0.267940 -0.223869 -0.214627 -0.084764 -0.194983 -0.211082 -0.333405 0.052276 -0.291661 -0.146590 -0.074573 -0.016678 -0.156019
-0.376182 -0.415204 0.106806 0.467018 0.373720 0.303449 -0.211931 0.034531 -0.169333 0.590434 -0.363259 -0.123387 -0.450778 -0.353314 -0.227073 0.338370 -0.241163 -0.228021 0.059421 0.125701 -0.054270 -0.078021 0.479682 0.469265 1.000000 0.752330 0.221698 0.112730 -0.241437 -0.338187 0.388742 0.304294 -0.061233 0.162906 -0.079846 0.049467 -0.374176 -0.080031 -0.148215 -0.019437 -0.206166 0.062405 -0.176318 0.006205 -0.170907 0.044905 -0.126281 -0.043727 -0.108283 -0.054210 0.160145 0.059007 -0.053886 0.045304 -0.284962 -0.185622 -0.401620 -0.343267 -0.192988 -0.011224 -0.189878 0.056538 -0.237972 -0.012253 0.320553 0.207994 -0.066944 0.146001 0.109948 0.009369 0.136774 0.275925 -0.223832 -0.016507 -0.021885 -0.013970 -0.162181 -0.141639 -0.115885 -0.315842 -0.323751 -0.355241 0.041861 0.072951 -0.021001 0.091522 0.003980 0.122843 0.401184 0.177346 0.097598 -0.004508 -0.029656 -0.219975 0.011549 0.022979 -0.121009 -0.094217 -0.282227 -0.276417 -0.042962 -0.229251 -0.289757 -0.159597 -0.035248 0.142223 -0.062674 -0.088465 0.157873 0.061978 0.301098 -0.111770 -0.047176 0.032029 -0.004433 -0.086125
-0.434644 -0.355115 0.152793 0.752749 0.260163 0.333799 -0.301793 0.243980 -0.179146 0.480926 -0.130114 0.077333 -0.472119 -0.407791 -0.053672 0.497437 -0.408773 -0.389685 0.269363 -0.038350 -0.017886 0.061563 0.611739 0.741103 0.752330 1.000000 0.440226 0.337240 -0.325342 -0.431740 0.391871 0.604932 -0.384592 -0.005616 0.002132 0.084037 -0.451218 -0.123420 0.024811 0.120914 -0.261294 -0.077135 -0.169238 -0.035324 -0.129669 0.146808 -0.164272 -0.216566 0.001430 -0.078978 0.232321 0.205348 -0.041465 0.033207 -0.239393 -0.239971 -0.402523 -0.276506 -0.179927 -0.031538 -0.416088 -0.181257 -0.435777 -0.331294 0.477598 0.214501 -0.063393 0.266060 0.176082 -0.097253 -0.007061 0.127428 -0.413505 -0.139333 -0.076354 -0.019447 -0.128771 -0.244504 -0.357283 -0.295433 -0.522903 -0.583068 0.111373 0.134998 0.105774 0.327809 0.125560 0.341553 0.413489 0.331879 0.198527 -0.086836 0.220705 -0.190121 0.029194 -0.216014 -0.057121 -0.095859 -0.347305 -0.254221 -0.101173 -0.274257 -0.249605 -0.238313 -0.139960 -0.156054 -0.025807 -0.126355 0.015377 -0.173496 0.179128 -0.135020 -0.111746 -0.022618 -0.128517 -0.112937
-0.181483 -0.260499 0.199760 0.560923 0.422469 0.393988 -0.448852 0.107875 0.230773 -0.049117 -0.216162 -0.073597 -0.459360 -0.422818 0.106591 -0.168530 -0.450909 -0.393824 -0.215518 -0.197034 0.532287 0.535970 0.514001 0.558119 0.221698 0.440226 1.000000 0.894249 -0.462073 -0.436108 0.089097 0.360398 -0.432270 -0.176848 -0.073501 -0.078399 -0.408204 0.041159 0.179185 -0.037962 -0.242945 -0.013730 0.336310 0.401766 0.224958 0.392175 0.284581 0.237147 0.216866 0.203184 0.393036 0.433514 0.132587 0.280466 0.081191 0.024104 -0.148046 0.008636 -0.066978 -0.049665 -0.380155 -0.364410 -0.485763 -0.491935 0.197315 0.206457 0.021143 0.273487 -0.041723 -0.117619 0.019391 -0.041911 -0.369537 -0.160334 -0.041103 -0.051537 -0.045942 -0.135651 -0.270808 -0.150280 -0.484146 -0.539808 0.006320 -0.316242 -0.038513 0.211863 0.079249 0.268065 0.245380 0.373599 -0.001126 -0.152525 0.070487 -0.142850 0.125560 -0.138708 0.103550 0.084293 -0.096275 -0.196429 -0.284481 -0.215917 -0.217862 -0.199494 -0.167618 -0.140146 -0.240273 -0.006766 -0.278057 -0.055892 0.229026 -0.083150 -0.067557 0.086005 -0.042762 -0.142601
-0.118731 -0.194106 0.178322 0.447436 0.376608 0.471087 -0.401070 0.116853 0.215351 -0.091494 -0.029699 -0.034548 -0.346954 -0.333149 0.178867 -0.158310 -0.501329 -0.510442 -0.242933 -0.265721 0.566455 0.555157 0.396578 0.467670 0.112730 0.337240 0.894249 1.000000 -0.578945 -0.443464 0.011521 0.264849 -0.402809 -0.217771 -0.009762 -0.136846 -0.425977 -0.014829 0.140085 -0.141293 -0.220710 -0.089552 0.374170 0.413858 0.368446 0.524438 0.295466 0.264887 0.245549 0.261201 0.435131 0.373714 0.192745 0.198134 0.058596 -0.002618 -0.161657 -0.008472 0.086650 0.014141 -0.380895 -0.337102 -0.455418 -0.532250 0.211367 0.255183 0.162256 0.291525 -0.106653 -0.090137 0.056785 -0.145267 -0.396672 -0.245832 -0.141422 -0.218495 -0.121512 -0.252514 -0.338493 -0.230908 -0.486300 -0.569310 0.022158 -0.359006 0.122564 0.230918 0.124619 0.157345 0.241507 0.323768 0.024188 -0.138178 0.055393 -0.070207 0.217069 -0.227737 0.232403 0.237275 -0.011079 -0.161734 -0.160519 -0.125131 -0.105946 -0.024564 -0.070694 -0.113862 -0.104703 0.014521 -0.326101 -0.105938 0.211622 -0.068308 0.064535 0.024769 -0.054023 -0.232150
0.267583 0.231033 -0.319204 -0.519289 -0.238175 -0.241002 0.251370 -0.227206 -0.094659 -0.061674 0.185385 0.141601 0.422948 0.382354 0.051784 0.101089 0.614658 0.590895 0.084910 0.099741 -0.480483 -0.131699 -0.349219 -0.427490 -0.241437 -0.325342 -0.462073 -0.578945 1.000000 0.701322 0.058296 -0.074181 0.465651 0.248680 -0.120544 0.056965 0.485051 0.196272 0.063781 0.124056 0.309113 0.068698 -0.321603 -0.376896 -0.203521 -0.506302 -0.100108 -0.248188 -0.471429 -0.459360 -0.589585 -0.469767 -0.214371 -0.253546 0.077805 0.234631 0.039496 -0.073601 -0.158033 -0.151172 0.347426 0.093283 0.696131 0.526301 -0.354672 -0.342120 -0.274477 -0.449127 0.258976 -0.159198 -0.043070 0.152601 0.668225 0.430603 0.353341 0.457764 0.367460 0.385322 0.456899 0.399906 0.590807 0.608542 0.122297 0.432971 -0.002779 -0.106578 -0.168697 -0.160940 -0.322772 -0.334230 -0.341538 -0.184647 -0.326986 -0.231205 -0.263001 0.220357 -0.057528 -0.168588 0.110519 0.138328 -0.130183 -0.040231 -0.084383 -0.273712 -0.272597 -0.163497 -0.104065 0.023624 0.271084 0.131608 -0.032000 -0.049397 -0.163718 0.027064 -0.043356 0.069255
0.047232 0.409768 -0.600779 -0.632737 -0.219045 -0.019429 0.041700 -0.125623 -0.217901 -0.119152 0.079641 0.099405 0.241264 0.360802 -0.165627 0.017207 0.638435 0.655319 -0.264650 0.101167 -0.272713 -0.044591 -0.720138 -0.664932 -0.338187 -0.431740 -0.436108 -0.443464 0.701322 1.000000 0.062722 -0.099749 0.505398 0.465277 -0.147963 0.208773 0.513706 0.320012 0.013605 0.153449 0.383776 0.113403 -0.197017 -0.143163 0.040363 -0.230497 0.006693 -0.059625 -0.277331 -0.248784 -0.492305 -0.318570 -0.128972 -0.220807 0.075901 0.266682 0.075249 -0.033599 -0.172300 -0.018722 0.176007 0.047160 0.657045 0.561924 -0.523733 -0.349475 -0.104200 -0.255537 0.095567 -0.036476 0.010185 0.094265 0.746544 0.565270 0.327791 0.489132 0.281000 0.473414 0.522844 0.447193 0.679047 0.623611 -0.289331 0.439158 -0.162102 -0.261272 -0.360490 -0.364019 -0.605956 -0.505333 -0.264773 -0.346663 -0.383766 -0.258351 -0.109340 0.367891 0.100668 -0.057824 0.364920 0.123504 -0.039575 0.068505 -0.058039 -0.098911 0.041542 -0.047824 -0.045539 0.138686 0.100035 0.253722 0.079321 0.123438 -0.034160 0.177512 -0.001755 0.088537
-0.262329 -0.265909 0.238172 0.169314 0.131245 0.191560 0.042783 0.011789 -0.092013 0.125496 -0.129872 -0.192356 -0.309282 -0.347071 -0.191764 -0.073622 0.070788 0.151090 0.256243 -0.050853 -0.068332 -0.087640 0.223524 0.137507 0.388742 0.391871 0.089097 0.011521 0.058296 0.062722 1.000000 0.505803 0.133775 0.262045 -0.146672 0.024649 -0.109042 -0.203818 -0.146086 -0.257500 -0.295288 -0.141765 -0.124751 -0.099323 -0.023604 -0.043934 0.038451 -0.120391 -0.131762 -0.151258 -0.118785 0.020829 -0.024450 0.176101 -0.117403 0.013472 -0.143413 -0.019555 -0.311224 -0.280535 -0.242630 -0.305834 -0.042805 -0.007839 0.192810 -0.273789 0.042927 0.105770 0.096544 -0.247645 -0.092417 0.263704 0.061687 0.186318 0.013565 0.179158 0.029999 0.024000 0.271752 -0.014927 0.088171 0.076954 -0.202234 -0.030881 0.131981 0.305297 -0.052998 -0.088754 -0.029691 -0.088089 -0.132747 -0.046285 -0.170427 -0.199846 -0.214071 0.059384 -0.132870 -0.239673 0.037440 0.081657 -0.347650 -0.124878 -0.417066 -0.271645 -0.320778 -0.121356 -0.226243 -0.160428 0.075851 0.135821 0.231167 0.031825 -0.197131 0.121363 -0.105205 -0.124505
-0.474709 -0.379675 -0.066732 0.415886 0.101279 0.182490 -0.296323 0.054966 -0.150143 -0.006088 -0.044420 0.015533 -0.394222 -0.387553 -0.092946 0.157813 -0.293712 -0.220336 0.238171 -0.047800 -0.059048 0.194539 0.328842 0.466136 0.304294 0.604932 0.360398 0.264849 -0.074181 -0.099749 0.505803 1.000000 -0.288149 0.196788 -0.008039 0.045795 -0.134170 -0.053599 0.108170 0.169291 -0.034841 -0.194276 -0.018654 0.046086 0.122224 0.208734 0.029525 0.005335 0.045025 0.114169 0.001755 0.152786 0.084778 0.096104 0.077982 0.161511 -0.151790 -0.153466 -0.249630 -0.241438 -0.532220 -0.406756 -0.375688 -0.421601 0.162074 -0.103145 0.026111 0.212780 0.031046 -0.263323 -0.115357 0.244143 -0.242849 -0.101792 -0.058323 0.041106 -0.087074 -0.190087 -0.061887 0.085614 -0.113359 -0.214937 0.051255 0.252670 0.141508 0.304205 0.179337 0.337579 0.072840 0.145915 0.097356 -0.028189 0.108160 -0.172329 0.077926 -0.129773 0.159579 -0.057507 0.014471 0.052573 -0.206770 -0.030901 -0.174077 -0.197696 -0.177742 -0.191697 -0.098379 -0.196013 -0.042110 -0.205879 0.089928 -0.115935 -0.079761 -0.008946 -0.140625 -0.123271
0.122364 0.210195 -0.281952 -0.453528 -0.074928 -0.204880 0.204132 -0.254371 -0.168801 0.019687 -0.132475 -0.215713 0.142957 0.170761 -0.129544 -0.107986 0.420758 0.480762 -0.128618 0.289113 -0.117187 -0.174702 -0.415228 -0.492394 -0.061233 -0.384592 -0.432270 -0.402809 0.465651 0.505398 0.133775 -0.288149 1.000000 0.447637 -0.138382 -0.097086 0.335132 0.121208 -0.109886 -0.128401 0.183787 -0.014072 -0.271332 -0.270689 -0.022448 -0.276723 -0.168448 -0.108023 -0.358311 -0.321996 -0.313444 -0.360244 -0.079667 -0.209088 0.059182 0.052698 -0.038128 -0.023484 0.063052 0.194448 0.264522 0.182623 0.621512 0.592692 -0.413996 -0.241295 0.144902 -0.218055 0.258730 0.150969 -0.166162 -0.083798 0.558616 0.326118 0.109338 0.191050 -0.060222 0.145010 0.444493 0.286165 0.492417 0.479822 -0.184474 0.140212 -0.083005 -0.204509 -0.353611 -0.260250 -0.282233 -0.324187 -0.393160 0.010951 -0.276894 -0.030804 -0.263446 0.229015 -0.102802 -0.116911 0.166947 0.000082 -0.013774 -0.000973 -0.031891 -0.040221 -0.083642 0.088915 -0.086137 0.124680 0.139882 0.211663 0.094246 0.162799 0.110638 -0.065963 0.038346 -0.094439
-0.368906 -0.067489 -0.433926 -0.144525 0.195456 0.276971 0.111763 0.042144 -0.020839 0.240241 -0.205948 -0.265405 0.000995 -0.125336 -0.226365 -0.021291 0.089628 0.181741 -0.060967 0.613145 -0.130186 -0.216662 -0.300376 -0.239050 0.162906 -0.005616 -0.176848 -0.217771 0.248680 0.465277 0.262045 0.196788 0.447637 1.000000 0.093825 0.385394 0.152096 -0.047187 -0.270145 -0.028624 0.250072 0.185548 -0.267092 -0.144364 0.053468 0.119397 -0.325015 -0.079867 -0.246397 -0.075811 -0.233587 -0.201865 -0.245254 -0.352359 -0.220598 -0.251021 -0.244723 -0.283125 -0.423533 -0.016319 -0.224370 -0.049120 0.093352 0.138873 -0.330822 -0.226118 0.108303 0.274355 0.107119 0.283099 0.018400 0.142219 0.326551 0.205897 -0.018817 0.218874 -0.166233 0.198994 0.246630 0.003431 0.236453 0.189680 -0.389135 0.195658 -0.254481 -0.295381 -0.344612 -0.194746 -0.345742 -0.345595 -0.034878 0.060371 -0.131353 -0.065891 -0.050510 0.183803 -0.182365 -0.073345 0.053330 -0.109215 -0.004798 0.176381 -0.244105 -0.001791 -0.016336 0.243085 -0.137993 0.081766 0.074848 0.193187 0.400585 0.277884 0.120736 0.072080 0.163724 -0.009964
0.004120 -0.215107 -0.064551 0.030767 0.008056 0.004016 0.035888 0.029044 0.202485 -0.093869 0.060865 -0.019444 0.289826 0.010005 0.169047 0.060389 -0.219799 -0.243663 -0.021119 -0.065922 0.027562 -0.078814 0.033878 0.066866 -0.079846 0.002132 -0.073501 -0.009762 -0.120544 -0.147963 -0.146672 -0.008039 -0.138382 0.093825 1.000000 0.488849 -0.085878 -0.305764 0.047400 0.018377 -0.004984 0.036775 0.185405 0.168706 0.352035 0.358339 -0.131484 0.024887 0.272415 0.254009 0.094096 -0.153943 -0.264672 -0.204158 -0.064648 -0.278175 -0.041754 -0.067402 0.047004 0.001197 0.060092 0.031672 -0.180148 -0.293779 0.096961 0.107760 0.276753 0.378090 -0.183984 0.023679 -0.172525 -0.006347 -0.235226 -0.358114 -0.271025 -0.396219 -0.167244 -0.066965 -0.147579 -0.285892 -0.281545 -0.218059 0.072834 0.056386 -0.065197 -0.131759 0.153779 0.193733 -0.036931 -0.156351 0.162297 0.284270 0.266564 0.408529 -0.192390 -0.250671 -0.296006 -0.138927 -0.281238 -0.173562 0.245184 0.161201 0.113844 0.195548 0.109689 0.112769 0.049183 0.032754 -0.193274 -0.079799 -0.189071 0.222289 0.237047 -0.034749 0.108058 0.105981
-0.148358 -0.103046 -0.305932 0.008247 0.015726 0.282002 -0.044216 0.115279 0.184776 0.163448 -0.213166 -0.046453 0.008262 0.011430 -0.157230 0.121346 -0.102599 -0.034497 -0.090030 0.206836 -0.181677 -0.112602 -0.055773 0.064653 0.049467 0.084037 -0.078399 -0.136846 0.056965 0.208773 0.024649 0.045795 -0.097086 0.385394 0.488849 1.000000 0.074829 -0.171483 -0.053269 0.241362 0.177444 0.180725 -0.211986 -0.062278 0.031009 0.196146 -0.335184 -0.266972 -0.000713 -0.084197 -0.030177 -0.120796 -0.343047 -0.302927 -0.278700 -0.350720 -0.077023 -0.081774 -0.102320 -0.020211 -0.033843 0.059764 -0.089041 -0.108487 -0.015514 0.077570 0.141504 0.420440 0.104411 0.284017 -0.079756 0.075826 0.033090 -0.080696 -0.079508 0.005927 0.011180 0.272296 -0.040414 -0.250828 -0.082805 -0.072123 -0.080440 0.116271 -0.233529 -0.360056 -0.077222 0.045289 -0.110456 -0.205141 0.132009 0.080156 0.101628 0.116918 -0.232323 0.052685 -0.307537 -0.223089 -0.220114 -0.305119 -0.074207 0.009345 -0.238121 0.046747 -0.013984 0.085124 -0.174875 0.005569 -0.194559 0.172573 0.030498 0.141351 -0.047804 0.218603 0.078841 0.102667
