1.000000 0.397731 -0.132274 -0.388647 -0.210967 -0.350559 0.048194 -0.491089 -0.088485 -0.458177 0.342012 0.091573 0.372711 -0.175518 0.040180 -0.164860 0.441814 0.277101 0.387161 0.075131 -0.160221 -0.357215 -0.270885 -0.448457 -0.003567 -0.219915 -0.140699 -0.323986 0.398723 0.161951 -0.066765 -0.337521 0.398201 0.057639 -0.368132 -0.122735 0.070764 -0.083043 -0.171664 -0.425522 0.199877 -0.204882 0.363889 0.250091 0.399500 0.134578 0.209297 -0.036465 0.402875 0.276838 0.422779 0.362783 0.351821 0.328368 0.176146 0.159138 0.387953 0.245529 0.047212 -0.043713 0.200752 0.069978 0.415522 0.242410 -0.164679 -0.310922 -0.188154 -0.369045 0.282694 -0.170386 0.189039 -0.122421 0.426300 0.275298 0.257155 0.213174 0.271648 -0.081101 0.304889 0.152427 0.385699 0.313541 -0.125135 -0.117963 0.191356 -0.029719 0.286213 0.063945 -0.250247 0.107659 -0.477892 -0.311728 -0.563213 -0.455912 -0.393036 -0.314134 -0.209096 -0.398534 0.492076 0.064223 -0.218714 -0.160398 -0.172942 -0.150558 -0.439412 -0.307965 0.013578 -0.242157 -0.275531 -0.181551 -0.317795 -0.217838 0.032603 -0.067598 -0.270891 -0.478607
0.397731 1.000000 -0.588185 -0.019840 -0.339624 -0.120776 -0.441090 -0.234417 -0.430661 -0.297079 -0.051989 0.318279 -0.126533 -0.017146 -0.179411 0.156433 0.408910 0.515435 0.422900 0.239884 -0.071214 -0.068042 -0.485429 -0.387059 -0.276871 -0.341122 -0.317984 -0.204501 0.236985 0.259147 -0.517643 -0.394261 0.377189 0.134358 -0.576783 -0.578061 -0.178511 0.083088 -0.123110 -0.122850 -0.105063 -0.210659 0.066600 -0.056204 0.047531 -0.219718 0.044753 -0.088814 0.124297 0.064735 0.100531 0.154259 0.359763 0.197557 -0.040196 0.035425 0.668983 0.762532 -0.007109 0.410355 -0.104198 0.099893 0.397739 0.527067 -0.324135 -0.245375 -0.287480 -0.433076 0.612122 0.389349 -0.057023 0.006109 0.220602 0.146825 -0.004422 0.131256 -0.107805 -0.162262 0.373105 0.371503 0.520179 0.450326 -0.062456 0.129484 0.363703 0.200843 -0.101601 0.264384 -0.187964 0.336991 -0.220874 -0.545908 -0.228901 -0.592039 -0.306283 -0.273392 -0.281682 -0.328030 0.291191 -0.053245 -0.051093 -0.330442 -0.231410 -0.137386 -0.344695 -0.247959 0.113949 -0.210479 -0.151856 -0.431443 -0.502600 -0.011921 0.319859 -0.254208 -0.224947 -0.440865
-0.132274 -0.588185 1.000000 0.197611 0.368627 0.114496 0.738607 0.381867 0.557429 0.331847 0.170256 -0.257496 0.225305 0.078692 0.318826 -0.219816 -0.299252 -0.379016 -0.112085 0.049001 -0.170091 -0.133396 0.619015 0.440331 0.163791 0.154611 0.388755 0.044764 -0.434259 -0.445023 0.532309 0.104292 0.014019 0.059355 0.465949 0.352252 -0.240428 -0.380231 -0.206031 -0.333893 -0.100751 -0.210572 -0.109166 -0.016672 -0.213740 -0.064969 -0.194302 -0.178556 -0.168399 -0.238598 0.027897 -0.131780 -0.217231 -0.123269 -0.018809 -0.228389 -0.339111 -0.365980 0.228506 -0.252050 0.261669 -0.068902 -0.354520 -0.470211 0.494733 0.209924 0.449667 0.529818 -0.407087 -0.117410 0.140770 0.038394 -0.321524 -0.279829 -0.034297 -0.077724 0.053374 0.000389 -0.265866 -0.410173 -0.481018 -0.486080 -0.235592 -0.451631 -0.085996 -0.151394 -0.008075 -0.499327 0.204419 -0.226261 0.112047 0.401779 0.220506 0.500870 0.002925 -0.035199 -0.149435 -0.105060 -0.357581 -0.029040 -0.005907 0.200464 0.048219 -0.014292 0.020720 0.110525 -0.053639 -0.029849 -0.199386 0.183637 0.092625 -0.097065 -0.374899 0.048839 0.039428 0.115369
-0.388647 -0.019840 0.197611 1.000000 -0.029094 0.080339 -0.183570 0.666842 -0.256032 0.149327 -0.236648 0.377941 -0.452597 0.015629 -0.191535 0.113493 -0.280736 -0.167660 -0.049846 0.070763 -0.147008 0.123911 0.495143 0.777186 0.188811 0.455908 0.353361 0.482834 -0.586808 -0.497652 0.170156 0.221065 -0.000181 0.090175 0.332858 -0.057155 -0.346089 0.137242 -0.106793 0.050775 -0.146806 -0.115785 -0.180125 -0.178241 -0.430960 -0.200896 -0.244935 -0.137441 -0.349083 -0.350771 -0.075519 -0.246768 -0.029809 -0.107666 -0.175790 -0.320121 -0.013006 0.055752 -0.318263 -0.115940 -0.515266 -0.245525 -0.405419 -0.298236 0.228822 0.552248 -0.102778 0.340879 0.030409 0.144475 -0.051322 0.369861 -0.455536 -0.154766 -0.184801 -0.106030 -0.136004 0.002447 0.003896 0.075402 -0.220988 -0.174977 -0.225918 -0.067039 0.289116 0.577283 -0.193590 0.058307 0.127770 0.334374 0.161576 -0.042717 0.605694 0.086747 -0.092386 -0.147228 -0.174069 0.022056 -0.394895 -0.408921 0.005056 -0.319342 -0.150736 -0.169899 -0.008897 -0.051498 0.001861 -0.141182 -0.141507 0.034249 -0.237509 -0.180493 -0.181361 -0.338487 0.092135 -0.031845
-0.210967 -0.339624 0.368627 -0.029094 1.000000 0.356565 0.433801 0.265007 0.409427 0.344613 0.304973 -0.184295 0.192037 0.065957 0.296701 0.060813 -0.295196 -0.451818 -0.230187 0.069519 0.203944 0.025917 0.214821 0.122726 0.185723 0.153918 0.452218 0.223066 -0.086415 -0.269642 0.318120 0.167138 -0.199281 -0.201456 0.166626 0.158130 -0.088104 -0.472490 -0.029385 0.074790 -0.149610 0.080402 -0.102859 -0.040570 -0.081227 0.063004 -0.251560 -0.184749 -0.068145 -0.014482 0.087560 0.004670 -0.208766 -0.127959 -0.288637 -0.284045 -0.462345 -0.449239 0.084285 -0.197078 0.070235 -0.077101 -0.187394 -0.281881 0.226390 0.062946 0.179845 0.351427 -0.275898 0.055153 -0.117332 -0.142670 -0.165908 -0.118006 -0.073125 0.003026 -0.010593 -0.061787 -0.404924 -0.416658 -0.413213 -0.403565 0.300850 0.035079 -0.189883 -0.171865 -0.004133 -0.067126 0.079591 -0.230742 0.191552 0.240527 0.216054 0.422679 0.279644 0.125100 0.019855 0.021502 -0.236200 -0.093849 0.129587 0.241738 0.182202 0.204636 0.381234 0.133859 0.136447 0.146729 -0.037644 0.236686 0.210715 -0.001842 0.050354 0.047597 0.088259 0.108078
-0.350559 -0.120776 0.114496 0.080339 0.356565 1.000000 0.196383 0.464673 0.135450 0.584965 0.073910 0.057607 0.085015 0.436653 0.267654 0.256397 -0.211253 -0.337271 -0.297316 0.126326 0.098798 0.059742 -0.029018 0.008022 -0.213116 -0.080906 0.069549 0.194930 -0.122648 -0.269197 -0.155934 -0.046740 -0.296574 -0.150002 -0.076559 -0.012754 -0.181875 -0.294726 -0.032360 0.037532 -0.108935 -0.185206 -0.232760 -0.164595 -0.208623 -0.105674 -0.104466 0.030425 -0.097422 -0.023989 -0.089595 0.026787 -0.034607 -0.031454 -0.352995 -0.286472 -0.266358 -0.269731 0.116284 0.018331 0.175835 0.183265 -0.027046 -0.079346 0.029676 0.252138 0.115915 0.230021 -0.367866 0.242225 -0.225684 -0.094649 -0.182221 -0.251536 -0.267146 -0.108592 -0.316657 -0.213493 -0.414320 -0.309336 -0.316263 -0.424682 0.156437 -0.048493 -0.193545 -0.295926 -0.082975 -0.122109 0.022655 -0.334150 0.446438 0.380181 0.447519 0.414899 0.204163 0.165083 -0.131747 -0.010916 -0.269578 -0.050828 0.362406 0.180739 0.128489 0.242841 0.304004 0.222535 0.202134 0.207033 0.039412 0.148819 0.166831 0.131690 -0.050542 0.057689 0.052959 0.056857
0.048194 -0.441090 0.738607 -0.183570 0.433801 0.196383 1.000000 0.274787 0.654546 0.324952 0.377144 -0.178363 0.533410 0.219507 0.526843 -0.134679 -0.267695 -0.396196 -0.078491 0.144415 -0.017083 -0.144256 0.184354 0.088104 -0.049445 -0.151468 0.135339 -0.146772 -0.046963 -0.251742 0.380610 0.089364 -0.079957 0.049435 0.109934 0.264777 -0.133761 -0.541423 -0.174485 -0.353956 -0.022584 -0.150613 -0.015506 0.076859 -0.014410 0.055012 -0.031602 -0.078658 -0.000611 -0.036572 0.093049 0.013297 -0.118313 -0.013102 -0.073910 -0.144375 -0.431595 -0.446715 0.275578 -0.229791 0.463094 0.066905 -0.146003 -0.367479 0.414344 -0.057833 0.360161 0.352834 -0.450880 -0.117792 0.122244 -0.114451 -0.161865 -0.222527 0.008852 0.055592 0.064205 -0.015401 -0.307929 -0.444375 -0.412812 -0.365401 0.054903 -0.299065 -0.330228 -0.386092 0.115823 -0.474738 -0.063264 -0.357638 0.116098 0.399228 -0.025678 0.428142 0.001257 -0.100229 -0.119675 -0.172371 -0.151022 0.000432 -0.034136 0.261132 0.104416 0.016743 0.065153 0.092727 -0.036649 -0.130117 -0.340140 0.120666 0.213760 -0.040333 -0.171557 0.115999 0.110905 0.052861
-0.491089 -0.234417 0.381867 0.666842 0.265007 0.464673 0.274787 1.000000 0.109809 0.650882 -0.111192 0.207045 -0.118533 0.415065 0.115109 0.210192 -0.416068 -0.416286 -0.259516 0.176404 0.008731 0.042389 0.284128 0.543678 -0.051368 0.215104 0.212473 0.311739 -0.485105 -0.539602 0.106895 0.230745 -0.283835 0.054149 0.278159 0.053557 -0.396262 -0.207918 -0.182335 0.001669 -0.234712 -0.099395 -0.384293 -0.259407 -0.453224 -0.145164 -0.297733 -0.158493 -0.365707 -0.295394 -0.136768 -0.200590 -0.093086 -0.081813 -0.433707 -0.425257 -0.337066 -0.292320 -0.111174 -0.188446 -0.115891 0.075249 -0.351180 -0.404535 0.355606 0.567490 0.038616 0.531909 -0.369656 0.145962 -0.166202 0.173612 -0.541594 -0.309173 -0.281382 -0.178792 -0.213475 -0.088606 -0.318163 -0.337635 -0.408650 -0.416421 -0.075032 -0.092970 -0.049886 0.075303 -0.184054 -0.158928 0.052657 -0.161731 0.460169 0.297526 0.698277 0.401134 0.134900 0.002757 -0.166783 0.096644 -0.504260 -0.322949 0.212020 -0.078390 -0.038694 -0.006336 0.288274 0.133093 0.044767 -0.028241 -0.166013 0.205846 0.053541 0.044687 -0.134802 -0.096944 0.184138 0.157537
-0.088485 -0.430661 0.557429 -0.256032 0.409427 0.135450 0.654546 0.109809 1.000000 0.449683 0.208153 -0.251046 0.445296 0.262886 0.548082 0.059372 -0.125705 -0.240849 -0.185200 0.098175 -0.129664 -0.149121 0.108361 0.040392 -0.114492 -0.165977 0.045461 -0.167779 0.009629 -0.058482 0.216322 -0.052617 -0.074177 0.115962 0.033025 0.299919 -0.026200 -0.228692 -0.210307 -0.264958 -0.062755 -0.024845 -0.117400 -0.014356 0.016191 0.039648 -0.137398 -0.129057 -0.088802 0.017573 -0.014406 0.015905 -0.136112 -0.191581 -0.145160 -0.208137 -0.298759 -0.350202 0.208761 -0.055794 0.373680 0.078426 -0.037183 -0.208614 0.157012 -0.034483 0.294756 0.232465 -0.254748 0.020319 0.142349 -0.080102 0.053861 -0.037735 0.234540 0.178980 0.137274 0.034423 -0.102498 -0.238504 -0.214254 -0.227661 0.056299 -0.255950 -0.308243 -0.416822 0.211070 -0.398173 0.023341 -0.333158 0.031158 0.179176 0.002532 0.321039 0.064271 0.116978 -0.093179 -0.096367 -0.254099 0.027309 -0.130751 0.047011 0.000106 0.016153 0.092028 0.183980 -0.223855 0.038161 -0.027021 0.244178 0.123619 0.044460 -0.159299 0.026082 0.000718 0.140781
-0.458177 -0.297079 0.331847 0.149327 0.344613 0.584965 0.324952 0.650882 0.449683 1.000000 -0.014375 -0.071124 0.111370 0.586484 0.326988 0.333915 -0.328721 -0.390410 -0.254655 0.139561 0.048922 -0.092592 0.032141 0.177589 -0.362934 -0.151224 -0.039808 -0.063104 -0.249213 -0.299870 -0.047799 -0.022993 -0.293254 -0.021371 0.107883 0.070113 -0.292288 -0.186552 -0.199014 0.061431 -0.283102 -0.111282 -0.403389 -0.277502 -0.233325 -0.103592 -0.278897 -0.145154 -0.159540 -0.028595 -0.120258 -0.018416 -0.201413 -0.113686 -0.417300 -0.264337 -0.389970 -0.323813 0.181010 -0.006452 0.265380 0.303089 -0.120611 -0.200619 0.239850 0.364469 0.162543 0.346529 -0.403537 0.174880 -0.246898 -0.067663 -0.295036 -0.322011 -0.238926 -0.167936 -0.216548 -0.177901 -0.350353 -0.368860 -0.371056 -0.421353 0.072750 -0.141801 -0.257278 -0.312827 -0.135901 -0.263213 0.167372 -0.254019 0.414339 0.320329 0.464775 0.404057 0.284277 0.278044 -0.084509 0.072578 -0.447814 -0.078549 0.144364 0.085182 0.043855 0.122909 0.364663 0.307561 -0.037128 0.159102 0.164719 0.252903 0.118489 0.231825 -0.111392 0.094567 0.062865 0.249535
0.342012 -0.051989 0.170256 -0.236648 0.304973 0.073910 0.377144 -0.111192 0.208153 -0.014375 1.000000 0.262649 0.571218 0.260919 0.548860 0.185768 0.063930 -0.050204 0.163372 0.126127 -0.200598 -0.349225 0.033034 -0.060137 -0.162805 -0.254608 -0.079001 -0.195739 0.400136 0.079516 0.298678 0.067552 -0.008623 0.023253 -0.043849 0.021578 0.128999 -0.324439 -0.034715 -0.236143 0.151309 -0.156115 -0.092213 -0.154514 -0.034259 -0.157217 -0.228155 -0.207820 -0.011979 -0.124500 0.069174 -0.062182 0.220599 0.126828 -0.080435 -0.188874 -0.182403 -0.221154 0.040479 -0.063834 0.466911 0.150631 0.298243 0.119323 0.358109 -0.114756 -0.024532 -0.101349 -0.185865 -0.207795 0.094901 -0.142783 0.301614 0.063622 0.307041 0.220438 0.351552 0.044776 -0.086594 -0.175546 -0.066622 -0.011309 0.262874 0.031722 -0.016685 -0.064786 0.130534 -0.015745 -0.081702 -0.021642 -0.171816 0.003895 -0.242767 0.047867 -0.105007 -0.006841 -0.170979 -0.292110 -0.124651 -0.203496 -0.110257 0.154430 -0.112714 -0.176821 -0.238402 -0.192874 0.127064 -0.160529 -0.236875 0.292401 -0.120495 -0.147781 -0.239021 -0.049139 -0.172140 -0.089921
0.091573 0.318279 -0.257496 0.377941 -0.184295 0.057607 -0.178363 0.207045 -0.251046 -0.071124 0.262649 1.000000 -0.065058 0.299410 -0.008980 0.385048 -0.015455 0.040960 0.140863 0.153291 -0.185256 -0.072691 -0.079124 0.166986 -0.155848 -0.073776 -0.098629 0.107559 0.086362 -0.045320 -0.133167 0.035051 0.034361 0.204993 -0.125209 -0.201032 -0.064114 0.095568 -0.017040 -0.092231 0.127101 -0.304518 -0.041079 -0.080970 -0.111341 -0.089102 -0.016968 0.040150 -0.124341 -0.188596 -0.048859 -0.124730 0.313715 0.074590 -0.127187 -0.065404 0.074019 0.085526 -0.312188 0.045619 -0.234910 0.092330 0.087661 0.106243 0.061847 0.217469 -0.338578 -0.025572 0.030141 -0.045114 0.106867 0.220658 0.046907 0.135399 0.077819 0.255204 0.102412 -0.021786 0.167396 0.171187 0.149836 0.187900 -0.013873 0.144207 0.218251 0.506520 -0.064845 0.333243 -0.244362 0.315555 -0.126529 -0.281550 0.022065 -0.252570 -0.356278 -0.154525 -0.251141 -0.325375 0.002179 -0.373877 -0.121570 -0.376829 -0.348050 -0.402913 -0.387693 -0.300250 -0.005726 -0.355673 -0.164584 0.116332 -0.282873 -0.016250 -0.187698 -0.383296 -0.263989 -0.229905
0.372711 -0.126533 0.225305 -0.452597 0.192037 0.085015 0.533410 -0.118533 0.445296 0.111370 0.571218 -0.065058 1.000000 0.367235 0.615104 -0.028884 0.045707 -0.021715 -0.005411 -0.093053 0.070592 -0.212805 -0.168810 -0.356282 -0.079741 -0.223541 -0.049342 -0.169335 0.401811 0.127898 0.070576 -0.080735 -0.003337 0.066697 -0.087759 0.125190 0.106087 -0.289924 -0.001891 -0.288940 0.125847 -0.033310 0.038131 -0.021690 0.005053 -0.050016 0.053517 -0.124732 0.144985 -0.003431 0.212507 0.155101 0.168438 0.187651 0.014688 -0.168042 -0.218510 -0.162264 0.203522 0.046464 0.598921 0.224490 0.162384 0.011144 0.101584 -0.166395 0.191803 -0.028661 -0.179387 -0.253180 0.162294 -0.122587 0.283640 0.043559 0.268617 0.184012 0.176226 -0.003671 -0.072969 -0.176156 -0.088872 -0.088373 0.094792 -0.094828 -0.290156 -0.514638 0.266257 -0.311884 -0.167621 -0.332485 -0.105937 0.096264 -0.296422 0.055666 -0.009990 -0.020903 -0.145214 -0.211572 0.045558 -0.018427 -0.147910 0.158477 -0.082655 -0.029922 0.019156 -0.050318 -0.088070 -0.088399 -0.142108 0.059742 0.021596 -0.228021 -0.172436 0.009126 -0.123017 -0.135096
-0.175518 -0.017146 0.078692 0.015629 0.065957 0.436653 0.219507 0.415065 0.262886 0.586484 0.260919 0.299410 0.367235 1.000000 0.346844 0.452382 -0.165077 -0.167376 -0.177506 0.145104 -0.104222 -0.212948 -0.152832 -0.020947 -0.372760 -0.280379 -0.292145 -0.144622 -0.000978 -0.144192 -0.283456 -0.131703 -0.242828 0.117562 0.000940 0.060410 -0.179445 -0.110909 -0.139651 -0.047957 -0.146125 -0.240926 -0.245069 -0.213693 -0.206094 -0.148469 -0.012250 0.060962 -0.122739 -0.131952 -0.147961 -0.049657 0.115325 -0.018575 -0.223339 -0.204211 -0.136724 -0.107524 0.265186 0.203792 0.443821 0.574518 0.120543 0.039821 0.139056 0.330981 -0.001491 0.061427 -0.226994 0.080400 -0.166012 -0.009396 -0.061988 -0.179643 -0.106518 -0.032953 -0.144788 -0.117767 -0.228657 -0.233802 -0.209115 -0.321496 0.077910 -0.172558 -0.274778 -0.316777 0.001416 -0.312512 -0.116236 -0.117944 0.233835 0.092477 0.157505 0.120045 0.080953 0.171942 -0.190499 -0.075375 -0.290435 -0.151803 -0.031072 -0.014406 -0.141378 0.010422 0.017645 0.197536 -0.048896 -0.072663 -0.081528 0.172506 0.019531 0.089986 -0.203246 -0.094877 -0.114941 0.064234
0.040180 -0.179411 0.318826 -0.191535 0.296701 0.267654 0.526843 0.115109 0.548082 0.326988 0.548860 -0.008980 0.615104 0.346844 1.000000 0.339298 -0.099357 -0.271842 -0.114052 0.067843 0.070257 -0.055433 0.010910 -0.069615 -0.264915 -0.317054 -0.076006 -0.104061 0.290007 -0.013144 0.118425 0.000640 -0.222238 0.022544 -0.166510 0.058097 0.104355 -0.326027 0.106453 -0.159722 0.119555 -0.075408 -0.387974 -0.359194 -0.194035 -0.204954 -0.279652 -0.293446 -0.122151 -0.118684 -0.014328 -0.023336 0.176405 0.169903 -0.024596 -0.365556 -0.371752 -0.257551 0.202209 0.080024 0.405467 0.178723 0.026272 -0.130217 0.316607 -0.001039 0.084581 0.099286 -0.204717 0.005945 0.106130 -0.033652 0.185998 -0.042520 0.205691 0.117971 0.140799 -0.046386 -0.212198 -0.138099 -0.159390 -0.131784 0.340509 0.002969 -0.156824 -0.217414 0.320751 -0.244782 0.136651 -0.154875 0.135820 0.215354 0.079727 0.378099 -0.034179 -0.071310 -0.176595 -0.223181 -0.312765 -0.117865 0.028866 0.246347 0.119476 -0.003466 -0.008838 -0.103706 -0.118115 -0.011505 -0.088890 0.279312 0.066033 -0.049634 -0.018501 0.059899 -0.082829 0.151180
-0.164860 0.156433 -0.219816 0.113493 0.060813 0.256397 -0.134679 0.210192 0.059372 0.333915 0.185768 0.385048 -0.028884 0.452382 0.339298 1.000000 -0.104615 -0.085628 -0.037184 0.159539 0.074080 0.015423 -0.128894 -0.023369 -0.283034 -0.221483 -0.229851 -0.217625 0.226339 0.090875 -0.307775 -0.066112 -0.115361 0.024882 -0.296940 -0.226618 0.065936 0.036129 0.171633 0.148121 0.110447 -0.106459 -0.328892 -0.365753 -0.186272 -0.223609 -0.159538 -0.133387 -0.174110 -0.083310 -0.135533 -0.034029 0.187240 -0.011115 -0.148159 -0.081757 -0.122445 0.012540 -0.096306 0.190592 -0.053454 0.233922 0.086775 0.135217 -0.028992 0.193670 -0.288553 -0.075677 0.044113 0.224468 -0.216740 0.111466 0.108689 0.061773 0.051444 0.016882 0.015606 -0.131215 -0.146198 -0.003983 0.116130 0.107149 0.246841 0.227404 0.085509 0.038508 0.067561 0.117397 -0.015154 0.009248 0.073853 -0.201858 0.205900 -0.003977 -0.075898 0.076289 0.013820 -0.042647 -0.263052 -0.071126 0.074429 -0.082406 -0.075885 -0.075905 -0.114706 -0.146826 -0.187170 -0.078968 0.079316 0.135591 0.008536 0.058845 0.102790 -0.004812 -0.073285 0.146650
0.441814 0.408910 -0.299252 -0.280736 -0.295196 -0.211253 -0.267695 -0.416068 -0.125705 -0.328721 0.063930 -0.015455 0.045707 -0.165077 -0.099357 -0.104615 1.000000 0.796831 0.337239 0.166221 -0.167584 -0.176840 -0.486860 -0.410016 -0.143723 -0.293106 -0.211240 -0.158740 0.496252 0.561040 -0.124821 -0.201232 0.373163 0.119673 -0.487325 -0.282646 0.270627 0.137874 -0.057388 -0.282903 0.112374 0.020837 -0.005593 -0.124816 0.110011 -0.222148 -0.029546 -0.233431 -0.033764 0.032220 -0.055301 -0.097060 0.160506 0.014525 0.044874 0.048700 0.676664 0.536036 -0.246958 0.005580 0.013117 -0.143683 0.578446 0.432390 -0.339838 -0.507277 -0.263362 -0.558033 0.227792 0.164534 -0.014677 -0.126704 0.494078 0.358458 0.314671 0.161628 0.187169 -0.074043 0.644098 0.348772 0.763397 0.648625 -0.018225 0.206595 0.308700 0.060847 0.132849 0.255534 -0.153337 0.184116 -0.275933 -0.339848 -0.294915 -0.413471 -0.216663 -0.263972 -0.091271 -0.154196 0.237828 0.186961 0.031893 -0.114360 0.065598 -0.119211 -0.190807 -0.256598 -0.041453 0.017616 -0.100761 -0.126576 -0.342164 -0.049797 -0.036539 -0.130334 -0.267257 -0.118317
0.277101 0.515435 -0.379016 -0.167660 -0.451818 -0.337271 -0.396196 -0.416286 -0.240849 -0.390410 -0.050204 0.040960 -0.021715 -0.167376 -0.271842 -0.085628 0.796831 1.000000 0.259345 0.019805 -0.120702 -0.071330 -0.417146 -0.343830 -0.126217 -0.261511 -0.315261 -0.196139 0.393739 0.633995 -0.194105 -0.115923 0.358768 0.234707 -0.358136 -0.347571 0.188690 0.221600 0.020267 -0.169643 0.085342 0.088913 0.021717 -0.122007 -0.032298 -0.274474 0.101681 -0.153739 -0.148122 -0.108723 -0.194684 -0.226589 0.069120 -0.071962 0.080545 0.133628 0.758206 0.715075 -0.290907 0.158090 -0.000815 -0.116165 0.470905 0.569447 -0.349769 -0.455491 -0.166941 -0.460557 0.328442 0.211174 -0.043354 -0.001593 0.376701 0.291343 0.266300 0.180679 0.116044 0.027939 0.695661 0.442516 0.744289 0.742413 -0.185907 0.237513 0.327027 0.071155 -0.049160 0.182178 -0.198801 0.232715 -0.275080 -0.521522 -0.336917 -0.561004 -0.134150 -0.143830 -0.022734 -0.010282 0.164643 0.076957 -0.023157 -0.189957 -0.055642 -0.246749 -0.279074 -0.270838 -0.112794 -0.145618 -0.076545 -0.308818 -0.335763 -0.169025 -0.133834 -0.272918 -0.178551 -0.133171
0.387161 0.422900 -0.112085 -0.049846 -0.230187 -0.297316 -0.078491 -0.259516 -0.185200 -0.254655 0.163372 0.140863 -0.005411 -0.177506 -0.114052 -0.037184 0.337239 0.259345 1.000000 0.304140 -0.103632 -0.252729 -0.119149 -0.139488 -0.111429 -0.030783 -0.212213 -0.282435 0.355220 0.371712 0.093102 0.053336 0.464958 0.206193 -0.271816 -0.148793 0.074701 -0.053737 0.013758 -0.067331 0.027002 0.003987 -0.007142 -0.105780 0.060802 -0.209745 -0.149500 -0.366509 0.030034 -0.053115 0.130073 -0.024599 0.259368 0.018993 0.079187 0.067839 0.201115 0.293410 -0.107829 0.106637 -0.078320 -0.087971 0.319803 0.236536 -0.084307 -0.377147 -0.073106 -0.333580 0.425764 -0.035746 0.193382 0.029140 0.434009 0.281790 0.265785 0.233937 0.214373 0.030728 0.214762 0.123862 0.346781 0.361042 0.190061 0.245596 0.239603 0.156945 -0.053861 0.276853 -0.190722 0.217581 -0.385257 -0.395670 -0.321141 -0.459284 -0.188358 -0.095680 -0.079397 -0.252099 0.165652 -0.065249 -0.316422 -0.295865 -0.342404 -0.171764 -0.321443 -0.337715 -0.072259 -0.164462 0.010958 -0.164685 -0.445864 -0.040142 -0.017264 -0.208575 -0.258708 -0.204329
0.075131 0.239884 0.049001 0.070763 0.069519 0.126326 0.144415 0.176404 0.098175 0.139561 0.126127 0.153291 -0.093053 0.145104 0.067843 0.159539 0.166221 0.019805 0.304140 1.000000 -0.308857 -0.267229 -0.198116 0.156147 -0.215719 -0.263376 -0.265003 -0.262836 0.032562 -0.092539 -0.123910 -0.191276 0.086952 0.061795 -0.293307 -0.174856 -0.250908 -0.116664 -0.358164 -0.215878 -0.177014 -0.304869 -0.263836 -0.317235 -0.182363 -0.377090 -0.242648 -0.132192 -0.391649 -0.203189 -0.289966 -0.176379 0.140980 0.108935 -0.228251 -0.171920 0.107649 0.047235 -0.143441 -0.239658 0.049267 -0.050825 0.324519 0.126660 0.074019 -0.234359 -0.334912 -0.202534 0.123623 0.540096 0.043502 0.093239 0.010598 0.087454 0.089062 0.201015 0.069757 -0.066651 -0.005315 -0.189229 0.109789 0.030110 0.132037 -0.030006 -0.004692 0.008964 -0.292948 0.112058 -0.316819 0.209714 0.320984 0.224970 0.184779 0.155678 -0.113848 -0.098235 -0.567848 -0.221531 -0.067768 0.093752 -0.109225 -0.197598 -0.053848 0.136912 -0.039194 0.270577 0.173536 0.111929 -0.307413 -0.012206 -0.344330 0.396725 -0.050222 -0.061824 0.075652 -0.156632
-0.160221 -0.071214 -0.170091 -0.147008 0.203944 0.098798 -0.017083 0.008731 -0.129664 0.048922 -0.200598 -0.185256 0.070592 -0.104222 0.070257 0.074080 -0.167584 -0.120702 -0.103632 -0.308857 1.000000 0.658767 -0.125351 -0.263070 0.075007 0.093110 0.124655 0.237824 0.201802 0.123679 -0.120415 0.286055 -0.425965 -0.373245 -0.077958 -0.098801 0.304138 -0.112786 0.550400 0.575012 0.008949 0.570671 -0.191170 -0.139287 -0.130847 -0.002862 0.094347 -0.100704 0.032603 -0.010891 -0.102009 -0.033433 -0.298516 -0.262055 -0.090264 0.027439 -0.298183 -0.107806 0.101367 0.017729 -0.156494 -0.088322 -0.353006 -0.258512 -0.251656 -0.016420 -0.016774 0.105473 -0.098081 -0.081678 -0.067898 0.066837 -0.098937 -0.064752 -0.199464 -0.170735 -0.260183 0.109104 -0.284070 -0.147624 -0.039090 0.059795 0.381174 0.565692 -0.254864 -0.217071 -0.102609 0.112874 0.045638 -0.263114 0.256181 0.065547 0.071614 0.220943 0.487311 0.260820 0.565341 0.456681 0.046397 -0.002875 0.370203 0.404924 0.353661 0.194257 0.462782 -0.179740 -0.154799 0.260256 0.381543 -0.023563 0.431969 0.068567 0.298167 0.204000 0.136458 0.341290
-0.357215 -0.068042 -0.133396 0.123911 0.025917 0.059742 -0.144256 0.042389 -0.149121 -0.092592 -0.349225 -0.072691 -0.212805 -0.212948 -0.055433 0.015423 -0.176840 -0.071330 -0.252729 -0.267229 0.658767 1.000000 0.089232 0.026819 0.236555 0.271414 0.193337 0.337924 -0.014825 -0.039022 -0.048661 0.308251 -0.417838 -0.364382 -0.003781 -0.074657 0.218001 -0.017553 0.547117 0.521923 0.090122 0.504001 -0.236391 -0.222380 -0.324750 -0.140762 0.049902 -0.065227 -0.166417 -0.194313 -0.350262 -0.232299 -0.330806 -0.392239 0.026406 -0.134943 -0.113157 0.075179 0.076383 0.010549 -0.289664 -0.247468 -0.383843 -0.302544 -0.180167 0.078356 -0.017955 0.121207 0.044231 0.045614 0.045530 0.270822 -0.225772 0.031184 -0.102617 -0.090645 -0.247188 0.163539 -0.102289 0.019650 0.014741 0.065037 0.180002 0.398745 -0.067919 0.081121 -0.245160 0.085701 0.199419 -0.061989 0.248164 0.054629 0.140802 0.253025 0.373613 0.234628 0.459162 0.467659 -0.072519 -0.052518 0.321368 0.291641 0.297661 0.088850 0.256373 -0.017887 -0.056978 0.283332 0.337759 -0.012360 0.364313 0.150982 0.178683 0.097177 0.177987 0.296729
-0.270885 -0.485429 0.619015 0.495143 0.214821 -0.029018 0.184354 0.284128 0.108361 0.032141 0.033034 -0.079124 -0.168810 -0.152832 0.010910 -0.128894 -0.486860 -0.417146 -0.119149 -0.198116 -0.125351 0.089232 1.000000 0.714310 0.471383 0.582061 0.476492 0.225781 -0.506780 -0.429615 0.667711 0.392415 -0.054965 0.015371 0.697044 0.383763 -0.139323 -0.028841 -0.070674 -0.036283 0.007983 -0.029965 -0.012065 0.034632 -0.213439 0.064327 -0.160156 -0.042497 -0.153401 -0.234370 0.025412 -0.149581 -0.084764 -0.062439 0.027835 -0.166021 -0.318349 -0.302204 -0.036225 -0.226867 -0.179838 -0.201322 -0.514234 -0.482024 0.481098 0.354343 0.185608 0.442819 -0.194444 -0.241339 0.131546 0.168263 -0.334092 -0.127071 -0.019997 -0.065802 0.085884 0.137574 -0.257580 -0.150899 -0.503888 -0.438397 -0.175281 -0.281995 0.085071 0.147921 -0.043779 -0.200534 0.331538 0.058265 -0.027595 0.182374 0.194350 0.293853 -0.008379 0.048930 -0.005224 -0.002348 -0.393261 -0.226598 -0.137295 -0.009707 -0.159609 -0.157682 -0.138345 -0.034945 -0.077525 -0.079216 -0.027587 0.089929 0.039514 -0.231409 -0.308901 0.005979 0.110224 0.161384
-0.448457 -0.387059 0.440331 0.777186 0.122726 0.008022 0.088104 0.543678 0.040392 0.177589 -0.060137 0.166986 -0.356282 -0.020947 -0.069615 -0.023369 -0.410016 -0.343830 -0.139488 0.156147 -0.263070 0.026819 0.714310 1.000000 0.264932 0.491024 0.335333 0.341076 -0.539816 -0.490169 0.483522 0.407784 -0.179268 0.042340 0.528616 0.226702 -0.285864 0.077394 -0.198725 0.038438 -0.132904 -0.028365 -0.196747 -0.158134 -0.357660 -0.061106 -0.199414 -0.029949 -0.411158 -0.348087 -0.217184 -0.351288 -0.103441 -0.124138 -0.134785 -0.263690 -0.266326 -0.282721 -0.226463 -0.289197 -0.337639 -0.288790 -0.370371 -0.383025 0.384967 0.375690 -0.086042 0.349986 -0.205543 0.038423 -0.001922 0.223399 -0.414923 -0.183181 -0.102092 -0.105652 -0.037925 0.062313 -0.133282 -0.065163 -0.396433 -0.343961 -0.068452 -0.143992 0.066833 0.404352 -0.166537 -0.034595 0.176654 0.285056 0.252297 0.223047 0.458371 0.304944 0.045367 0.020058 -0.156551 0.102906 -0.406956 -0.415466 -0.150679 -0.186479 -0.138639 -0.111585 0.025063 0.157284 0.028945 -0.030659 -0.168475 0.123300 -0.089704 -0.061275 -0.354536 -0.229855 0.276128 0.124681
-0.003567 -0.276871 0.163791 0.188811 0.185723 -0.213116 -0.049445 -0.051368 -0.114492 -0.362934 -0.162805 -0.155848 -0.079741 -0.372760 -0.264915 -0.283034 -0.143723 -0.126217 -0.111429 -0.215719 0.075007 0.236555 0.471383 0.264932 1.000000 0.704079 0.582090 0.440703 -0.242529 -0.197664 0.349945 0.184763 0.108283 -0.201584 0.256234 0.119522 0.053958 0.123850 0.081288 0.107769 0.107623 0.193702 0.373850 0.334795 0.069928 0.136852 0.205212 0.185683 0.132061 0.033310 0.220062 0.131891 -0.136623 -0.021631 0.270622 0.142539 -0.152922 -0.104794 -0.246703 -0.273430 -0.383707 -0.507574 -0.419281 -0.389515 -0.036203 0.008607 0.018416 0.057529 -0.027019 -0.242035 0.191802 0.283274 -0.090227 0.209080 0.170406 -0.007206 0.144103 0.070957 -0.078745 -0.088697 -0.129642 -0.167971 -0.250396 -0.085928 0.000612 0.095169 -0.085265 0.054082 -0.046087 -0.015303 -0.262006 0.028980 -0.013131 0.027122 -0.044137 0.053634 0.200104 0.022514 0.241783 0.090888 -0.038640 0.018212 0.045052 0.084047 0.053741 -0.087240 -0.131014 -0.098254 -0.017533 -0.195167 0.124959 -0.197736 -0.028435 0.036654 -0.023788 -0.113660
-0.219915 -0.341122 0.154611 0.455908 0.153918 -0.080906 -0.151468 0.215104 -0.165977 -0.151224 -0.254608 -0.073776 -0.223541 -0.280379 -0.317054 -0.221483 -0.293106 -0.261511 -0.030783 -0.263376 0.093110 0.271414 0.582061 0.491024 0.704079 1.000000 0.621942 0.586448 -0.300273 -0.270244 0.424970 0.494353 -0.024549 0.035059 0.472839 0.364444 -0.003601 0.128703 0.095140 0.244526 -0.019573 0.282446 0.112781 0.118989 -0.123607 0.142778 -0.058265 -0.068166 -0.065419 -0.140095 0.115028 -0.072318 -0.109057 -0.151552 0.046125 -0.134757 -0.275336 -0.237264 -0.346849 -0.313613 -0.458231 -0.438655 -0.465111 -0.451373 0.029214 0.281414 0.103059 0.274230 0.005024 -0.281359 0.042276 0.270177 -0.242788 0.070941 -0.018579 -0.068814 0.013653 0.130245 -0.173349 -0.108640 -0.226915 -0.222672 -0.074904 0.084477 0.128577 0.200825 0.020306 0.115237 0.045192 -0.089635 -0.067253 -0.017512 0.254010 0.048357 0.182413 0.099374 0.211591 0.181102 -0.044680 -0.209620 -0.060194 -0.097150 -0.183070 -0.037009 0.154944 0.000121 -0.126097 0.030731 0.126681 0.010538 0.163898 -0.224246 -0.195183 -0.059538 0.061739 -0.015679
-0.140699 -0.317984 0.388755 0.353361 0.452218 0.069549 0.135339 0.212473 0.045461 -0.039808 -0.079001 -0.098629 -0.049342 -0.292145 -0.076006 -0.229851 -0.211240 -0.315261 -0.212213 -0.265003 0.124655 0.193337 0.476492 0.335333 0.582090 0.621942 1.000000 0.663877 -0.424253 -0.443509 0.332385 0.074676 0.163292 -0.030551 0.283270 0.007417 -0.223318 -0.206609 -0.083052 -0.164656 -0.004691 -0.103207 0.199983 0.175558 -0.096435 0.042248 -0.075034 -0.112156 0.143124 -0.048796 0.365553 0.116654 -0.152300 -0.149559 0.081880 -0.293169 -0.220791 -0.223335 -0.169207 -0.184215 -0.299526 -0.452077 -0.480042 -0.434495 0.059125 0.213557 0.334982 0.452300 -0.043207 -0.060941 -0.038614 0.054474 -0.357832 -0.096056 -0.126280 -0.139036 -0.105857 -0.051772 -0.133379 -0.102867 -0.303817 -0.301605 -0.213684 -0.214943 0.250674 0.208374 0.059712 -0.042336 0.279733 -0.143515 -0.113064 0.122397 0.360397 0.294056 -0.104320 -0.266813 0.006957 -0.137857 -0.010088 0.016670 0.184445 0.220227 0.196163 0.193382 0.262403 -0.027278 0.012932 -0.027143 -0.090619 -0.058471 0.230385 -0.176959 -0.070112 0.104735 -0.067104 -0.230787
-0.323986 -0.204501 0.044764 0.482834 0.223066 0.194930 -0.146772 0.311739 -0.167779 -0.063104 -0.195739 0.107559 -0.169335 -0.144622 -0.104061 -0.217625 -0.158740 -0.196139 -0.282435 -0.262836 0.237824 0.337924 0.225781 0.341076 0.440703 0.586448 0.663877 1.000000 -0.349381 -0.307801 0.109963 0.216028 -0.146986 -0.043574 0.254041 0.092153 -0.004674 0.062434 0.130471 0.207856 -0.063885 0.128601 0.010673 0.024010 -0.227931 -0.014038 -0.112195 -0.038818 -0.076948 -0.229686 0.042023 -0.159576 -0.192390 -0.228834 -0.041934 -0.365708 -0.160919 -0.127384 -0.313578 -0.206491 -0.419022 -0.425714 -0.441656 -0.404414 0.003189 0.376666 0.123973 0.305533 -0.003286 -0.061413 0.014717 0.229723 -0.269931 -0.028934 -0.081065 -0.026736 -0.095171 0.205298 -0.063852 0.031002 -0.186100 -0.217772 -0.036173 0.126355 0.099070 0.349548 0.092729 0.160542 0.172725 -0.053635 0.065135 0.033713 0.440383 0.193651 0.143786 -0.028677 0.142323 0.117379 -0.058053 -0.208695 0.209465 0.072050 0.123719 0.174685 0.369296 0.012540 0.057513 0.079164 0.126553 0.180983 0.261265 -0.139212 -0.041389 -0.117984 0.023568 -0.121489
0.398723 0.236985 -0.434259 -0.586808 -0.086415 -0.122648 -0.046963 -0.485105 0.009629 -0.249213 0.400136 0.086362 0.401811 -0.000978 0.290007 0.226339 0.496252 0.393739 0.355220 0.032562 0.201802 -0.014825 -0.506780 -0.539816 -0.242529 -0.300273 -0.424253 -0.349381 1.000000 0.776565 0.015272 0.202498 0.016334 0.075312 -0.485501 -0.144880 0.541131 0.029740 0.308526 0.054632 0.371269 0.333968 -0.155981 -0.248880 0.094680 -0.161394 0.016991 -0.256392 -0.014449 -0.016727 -0.086795 -0.118737 0.324659 0.093130 0.066746 0.049430 0.043335 0.113908 -0.108795 0.113911 0.171389 0.069990 0.554245 0.415033 -0.203798 -0.613166 -0.247340 -0.528345 0.098318 -0.121250 0.111029 -0.088277 0.707604 0.433289 0.424722 0.328692 0.297276 0.081171 0.244806 0.242464 0.552487 0.573889 0.473383 0.568591 -0.024375 -0.210649 0.212094 0.218834 -0.284261 -0.032505 -0.244294 -0.309853 -0.511211 -0.323492 0.013538 0.027516 0.143600 -0.004954 0.182017 -0.003951 -0.066198 0.060787 -0.059195 -0.113151 -0.162164 -0.333634 -0.157142 -0.036042 0.051808 0.024205 -0.083579 -0.014399 0.016158 -0.068218 -0.144520 0.044575
0.161951 0.259147 -0.445023 -0.497652 -0.269642 -0.269197 -0.251742 -0.539602 -0.058482 -0.299870 0.079516 -0.045320 0.127898 -0.144192 -0.013144 0.090875 0.561040 0.633995 0.371712 -0.092539 0.123679 -0.039022 -0.429615 -0.490169 -0.197664 -0.270244 -0.443509 -0.307801 0.776565 1.000000 0.011111 0.190302 0.218719 0.265988 -0.325046 -0.100467 0.559048 0.309021 0.322880 0.085738 0.296557 0.313951 -0.087963 -0.162505 0.112648 -0.152287 0.078007 -0.190680 -0.111381 -0.076751 -0.209204 -0.270118 0.186563 -0.008943 0.177631 0.221705 0.269549 0.336364 -0.255477 0.160491 0.024895 -0.077231 0.473000 0.468702 -0.245317 -0.666141 -0.105192 -0.504309 0.213307 -0.115599 0.087553 -0.028528 0.714133 0.492757 0.468138 0.356486 0.322265 0.215909 0.473759 0.421603 0.672109 0.690499 0.186394 0.487067 0.064279 -0.155353 0.105481 0.191744 -0.240229 0.010184 -0.321526 -0.442498 -0.518743 -0.454255 -0.065817 0.065061 0.237244 0.058177 0.171935 0.131301 -0.134282 -0.012318 -0.138054 -0.177211 -0.212412 -0.416841 -0.333567 -0.107950 0.200491 -0.123155 -0.094506 -0.002556 0.020311 -0.127970 -0.165843 0.151701
-0.066765 -0.517643 0.532309 0.170156 0.318120 -0.155934 0.380610 0.106895 0.216322 -0.047799 0.298678 -0.133167 0.070576 -0.283456 0.118425 -0.307775 -0.124821 -0.194105 0.093102 -0.123910 -0.120415 -0.048661 0.667711 0.483522 0.349945 0.424970 0.332385 0.109963 0.015272 0.011111 1.000000 0.644251 0.021903 0.097038 0.500113 0.367081 0.116571 -0.090777 0.000515 -0.129672 0.173772 0.199903 -0.055220 -0.007825 -0.094710 0.023635 -0.222934 -0.244885 -0.201786 -0.232886 0.012904 -0.276835 -0.027054 -0.013824 -0.007514 -0.173721 -0.324340 -0.362787 -0.191133 -0.368322 -0.036027 -0.342150 -0.181492 -0.338547 0.531147 -0.123709 0.201926 0.238871 -0.290651 -0.382593 0.232998 0.038229 -0.002449 0.075426 0.203955 0.165513 0.347358 0.210561 -0.023452 -0.027682 -0.215858 -0.093327 0.049544 0.040397 0.029901 0.082124 0.080489 -0.065276 0.070412 0.004015 -0.185207 0.052652 -0.120612 0.147671 0.057885 -0.016735 0.088845 0.047551 -0.300616 -0.248302 -0.285695 0.051315 -0.171365 -0.252861 -0.114169 -0.219010 -0.142027 -0.132201 -0.124895 0.175220 0.011032 -0.239991 -0.370486 -0.063127 0.128023 0.224275
-0.337521 -0.394261 0.104292 0.221065 0.167138 -0.046740 0.089364 0.230745 -0.052617 -0.022993 0.067552 0.035051 -0.080735 -0.131703 0.000640 -0.066112 -0.201232 -0.115923 0.053336 -0.191276 0.286055 0.308251 0.392415 0.407784 0.184763 0.494353 0.074676 0.216028 0.202498 0.190302 0.644251 1.000000 -0.327500 0.130337 0.404133 0.389316 0.379261 0.051584 0.298348 0.363679 0.058094 0.598475 -0.288616 -0.235561 -0.256665 0.021398 -0.186697 -0.308004 -0.403861 -0.318365 -0.293643 -0.480934 -0.049802 -0.209048 -0.179071 -0.176727 -0.403877 -0.331844 -0.293839 -0.300036 -0.239151 -0.221366 -0.257601 -0.286176 0.312636 -0.018292 0.011522 0.168042 -0.294153 -0.331221 0.049558 0.131062 -0.015633 0.087163 0.071985 0.100044 0.187854 0.328894 -0.153242 -0.031842 -0.135716 0.043818 0.377265 0.529486 -0.092733 0.035084 -0.055343 0.080232 -0.111397 -0.097353 0.119547 -0.023388 0.021958 0.107271 0.401043 0.224735 0.373520 0.426226 -0.384399 -0.420112 -0.105837 0.063628 -0.084491 -0.159795 0.138136 -0.153787 -0.178514 0.086038 0.114956 0.180987 0.165470 -0.167182 -0.258776 -0.136091 0.298471 0.471357
0.398201 0.377189 0.014019 -0.000181 -0.199281 -0.296574 -0.079957 -0.283835 -0.074177 -0.293254 -0.008623 0.034361 -0.003337 -0.242828 -0.222238 -0.115361 0.373163 0.358768 0.464958 0.086952 -0.425965 -0.417838 -0.054965 -0.179268 0.108283 -0.024549 0.163292 -0.146986 0.016334 0.218719 0.021903 -0.327500 1.000000 0.527820 -0.246910 -0.198703 -0.130297 0.165005 -0.339335 -0.598247 0.130172 -0.418890 0.334269 0.234026 0.246943 -0.139520 -0.046041 -0.198570 0.236400 0.072461 0.456201 0.200494 0.270696 0.200049 0.312137 0.078928 0.445615 0.478195 -0.227535 0.039055 -0.077212 -0.158484 0.187671 0.253128 -0.065196 -0.289879 0.210527 -0.181916 0.474113 -0.006416 0.153313 0.046176 0.349874 0.384488 0.370183 0.383047 0.326212 -0.012966 0.475529 0.296223 0.348461 0.298906 -0.475631 -0.358124 0.493215 0.129471 0.117252 -0.074505 -0.061362 0.110211 -0.635201 -0.442483 -0.206344 -0.496723 -0.628742 -0.473283 -0.383392 -0.597563 0.252762 0.240543 -0.244536 -0.295903 -0.248446 -0.118751 -0.480097 -0.263212 -0.166533 -0.381723 -0.269560 -0.402032 -0.430510 -0.135228 0.066568 -0.103314 -0.377758 -0.538526
0.057639 0.134358 0.059355 0.090175 -0.201456 -0.150002 0.049435 0.054149 0.115962 -0.021371 0.023253 0.204993 0.066697 0.117562 0.022544 0.024882 0.119673 0.234707 0.206193 0.061795 -0.373245 -0.364382 0.015371 0.042340 -0.201584 0.035059 -0.030551 -0.043574 0.075312 0.265988 0.097038 0.130337 0.527820 1.000000 -0.003270 0.199714 0.043987 0.182156 -0.256780 -0.465236 0.107398 -0.226101 -0.103806 -0.147847 -0.144801 -0.178030 -0.237193 -0.325693 -0.263221 -0.317891 0.006823 -0.282205 0.310515 0.053677 0.122175 -0.204104 0.182451 0.148850 -0.343630 -0.121386 0.036157 -0.041933 0.143663 0.140217 0.226766 -0.058891 0.288705 0.126116 0.271176 -0.070391 0.180465 0.121300 0.243181 0.363131 0.354222 0.578313 0.419745 0.397003 0.360115 0.309784 0.189147 0.259716 -0.253957 -0.185063 0.274169 0.029037 0.286844 -0.199189 -0.124625 -0.010521 -0.252928 -0.286988 -0.021149 -0.244724 -0.352780 -0.319389 -0.368633 -0.332525 -0.220620 -0.114026 -0.294146 -0.271528 -0.361425 -0.231307 -0.396033 -0.128050 -0.176827 -0.376813 -0.196197 -0.004677 -0.080900 -0.120874 -0.145366 -0.332055 -0.145224 -0.258736
-0.368132 -0.576783 0.465949 0.332858 0.166626 -0.076559 0.109934 0.278159 0.033025 0.107883 -0.043849 -0.125209 -0.087759 0.000940 -0.166510 -0.296940 -0.487325 -0.358136 -0.271816 -0.293307 -0.077958 -0.003781 0.697044 0.528616 0.256234 0.472839 0.283270 0.254041 -0.485501 -0.325046 0.500113 0.404133 -0.246910 -0.003270 1.000000 0.612093 -0.044699 0.109487 -0.034725 0.163432 -0.177036 0.069635 -0.001310 0.097835 -0.126300 0.217044 -0.137668 0.051673 -0.190028 -0.226865 -0.112171 -0.311578 -0.288667 -0.146059 -0.125032 -0.158228 -0.304644 -0.336413 -0.005092 -0.260967 -0.005485 0.009914 -0.426758 -0.396848 0.550872 0.414372 0.270080 0.428267 -0.297921 -0.331675 -0.045755 0.013908 -0.358570 -0.275708 -0.171049 -0.157793 0.010708 0.251349 -0.301604 -0.282849 -0.584321 -0.526613 -0.152844 -0.156210 -0.080580 0.069788 -0.078047 -0.183258 0.260157 -0.027175 0.097145 0.240624 0.170730 0.272993 0.248561 0.232845 0.051292 0.182590 -0.361489 -0.184198 -0.149612 0.096507 -0.159811 -0.044913 0.130815 0.212181 -0.005994 0.114411 0.105572 0.203279 0.153320 -0.045768 -0.376721 0.043320 0.239290 0.259156
-0.122735 -0.578061 0.352252 -0.057155 0.158130 -0.012754 0.264777 0.053557 0.299919 0.070113 0.021578 -0.201032 0.125190 0.060410 0.058097 -0.226618 -0.282646 -0.347571 -0.148793 -0.174856 -0.098801 -0.074657 0.383763 0.226702 0.119522 0.364444 0.007417 0.092153 -0.144880 -0.100467 0.367081 0.389316 -0.198703 0.199714 0.612093 1.000000 0.274809 0.030902 0.057584 0.140897 -0.097011 0.208293 0.013868 0.107780 0.084655 0.415388 -0.105511 0.048405 -0.186052 -0.084111 -0.128414 -0.216046 -0.239044 -0.076584 -0.108339 -0.107918 -0.311639 -0.417077 0.010059 -0.400220 0.125784 0.102800 -0.254003 -0.379262 0.335128 0.295458 0.218723 0.278385 -0.296307 -0.442882 0.081649 -0.085073 0.003762 0.010545 0.119508 0.127785 0.168032 0.328031 -0.188756 -0.259605 -0.306789 -0.347891 0.082391 -0.062941 -0.230126 -0.187549 0.344600 -0.199887 0.075954 -0.271233 0.048174 0.214204 -0.083509 0.197243 0.270002 0.278809 0.083181 0.070969 -0.238483 -0.093014 -0.272693 -0.050196 -0.232560 -0.066719 0.038554 0.238736 -0.126834 0.185204 0.179500 0.426043 0.331462 -0.041940 -0.285354 -0.014279 0.201681 0.256546
