1.000000 0.480630 0.199006 -0.326152 -0.073541 -0.037342 0.292093 -0.374834 0.175983 -0.122884 0.667088 0.166944 0.593047 0.224891 0.466029 -0.090770 0.333189 0.117743 0.271993 0.329797 -0.278885 -0.179674 -0.151088 -0.284845 -0.328787 -0.513023 -0.115673 -0.192374 -0.107882 0.048967 -0.510630 -0.624134 0.050304 -0.003696 -0.025205 -0.043253 0.043334 -0.203239 -0.191353 -0.452341 -0.153150 0.015053 -0.343633 -0.128782 -0.163808 -0.366442 -0.316899 -0.320712 0.075419 -0.235572 0.304011 -0.133434 0.357201 0.094385 0.095713 -0.030088 0.154382 0.186480 0.543372 -0.024093 0.559591 0.114313 0.299008 0.312945 0.082644 -0.158467 -0.029771 -0.186870 0.241335 -0.081451 -0.041890 -0.249389 0.036076 0.118390 0.260296 0.038049 0.122275 -0.087779 -0.055099 0.019885 0.069163 0.078120 0.223181 0.000190 -0.050471 -0.009426 -0.212906 -0.233873 0.115327 0.016571 0.207500 0.331883 -0.108447 0.278644 -0.126418 0.127595 -0.208417 -0.158943 0.041082 0.084156 -0.063719 0.056996 0.004345 0.102672 -0.350144 -0.388941 -0.013970 -0.134776 0.089460 -0.060151 -0.013180 -0.070968 -0.008655 -0.228716 -0.367271 -0.365751
0.480630 1.000000 -0.362322 -0.060302 -0.324781 0.080254 -0.236933 -0.298798 -0.056725 0.046501 0.135524 0.134783 0.272329 0.301051 -0.004093 0.300763 0.451330 0.371044 -0.057972 0.367455 -0.241164 -0.097024 -0.603544 -0.467772 -0.507122 -0.452471 -0.285856 -0.084684 -0.065331 0.306983 -0.591241 -0.498653 0.244655 0.158256 -0.250748 -0.049560 0.212848 0.049847 -0.328086 -0.175929 0.001636 0.198716 -0.124467 -0.116726 0.137691 -0.153659 0.052282 -0.197260 0.215919 0.096482 0.016277 0.142814 0.452948 0.229590 0.080303 0.190195 0.438447 0.671259 0.413793 0.178641 0.289414 0.180271 0.287566 0.390448 -0.532225 -0.086339 -0.162312 -0.475807 0.592029 0.376912 0.014670 -0.037372 0.189863 0.219525 0.192533 0.137816 0.148112 0.233216 0.303416 0.183729 0.342045 0.275607 -0.161702 0.040078 -0.448961 -0.021289 -0.508050 -0.317093 -0.191609 0.168892 0.239657 -0.182208 -0.141896 -0.246240 0.038979 0.135932 -0.008937 0.016954 0.380197 0.048375 -0.108610 0.097421 0.086351 0.074068 -0.106582 -0.447325 0.131605 -0.187464 0.152014 0.086193 -0.380290 -0.021736 -0.002575 -0.208568 -0.173108 -0.306173
0.199006 -0.362322 1.000000 -0.466270 0.518529 -0.103956 0.775322 0.097924 0.290376 -0.017208 0.397353 -0.147808 0.351411 -0.180147 0.367790 -0.415354 -0.073139 -0.188348 0.253421 -0.101824 -0.111284 -0.260180 0.434866 0.132327 0.343145 -0.144000 0.021940 -0.349439 0.008709 -0.187724 0.249200 -0.079462 -0.116152 -0.085688 0.243083 -0.170013 -0.131573 -0.353979 0.093690 -0.254334 0.047646 -0.188607 -0.247918 -0.282665 -0.240208 -0.236028 -0.380035 -0.292194 -0.082391 -0.391087 0.146433 -0.463687 -0.103462 -0.312860 -0.050320 -0.241891 -0.563252 -0.303315 0.150329 -0.157389 0.302334 0.034980 -0.051910 -0.038438 0.610741 -0.207682 0.364650 0.242943 -0.308592 -0.089098 0.088239 -0.371545 -0.072160 -0.102737 -0.105334 -0.131248 -0.104151 -0.367009 -0.241772 0.076300 -0.284231 -0.122355 0.245362 -0.028031 0.132688 -0.182772 0.084584 0.021572 0.266120 -0.248379 -0.085191 0.609577 -0.177916 0.718374 -0.016131 0.026380 -0.227463 -0.230761 -0.317054 0.159150 -0.010463 0.311168 0.011342 0.348298 0.064088 0.340787 0.051600 0.174775 0.066978 -0.055602 0.172977 0.126325 0.173490 0.026935 0.028659 -0.021794
-0.326152 -0.060302 -0.466270 1.000000 -0.202202 0.322661 -0.535435 0.455701 -0.167873 0.434764 -0.434391 0.167985 -0.469482 0.057366 -0.336005 0.387846 -0.345553 -0.352968 -0.268930 0.128024 -0.134861 0.012042 0.070006 0.509089 0.200132 0.491473 0.251290 0.496906 -0.355021 -0.305054 0.047228 0.171912 -0.347460 -0.276474 -0.106912 0.042525 -0.252362 -0.063091 -0.255870 0.053432 -0.263500 -0.325280 0.188177 0.190268 -0.131659 0.122530 0.205427 0.229997 0.019645 0.049658 -0.142594 0.147180 -0.223011 0.056986 -0.259478 -0.206186 0.054292 -0.143876 -0.319059 0.006508 -0.535475 0.217944 -0.437887 -0.377912 -0.086238 0.681416 -0.239272 0.003920 0.126193 0.150853 -0.097386 0.199906 -0.402636 -0.128966 -0.082907 -0.031940 -0.016897 0.138876 -0.068988 -0.215448 -0.257345 -0.417820 -0.269849 -0.142923 0.142758 0.332803 0.281338 0.396023 0.285459 0.487542 0.156830 -0.263438 0.624929 -0.320856 -0.030194 0.103477 -0.096148 0.133431 -0.109617 -0.064090 0.086565 -0.380640 -0.257140 -0.352320 -0.054915 0.138963 -0.148506 0.001078 0.073010 0.310767 0.046662 -0.019216 -0.060899 0.103297 0.241324 0.129936
-0.073541 -0.324781 0.518529 -0.202202 1.000000 0.377943 0.413299 0.138705 0.733547 0.360429 -0.080663 -0.160958 0.086179 -0.129272 0.260523 -0.217397 0.145394 0.102828 0.122660 0.065520 -0.092664 -0.227751 0.075808 0.027487 0.241091 -0.042943 -0.174828 -0.383134 0.005699 0.031135 0.083749 -0.035093 0.045964 0.164403 -0.054827 -0.252781 -0.360997 -0.434651 -0.119412 -0.195120 0.016131 -0.262090 -0.078930 -0.245106 -0.160933 -0.226339 -0.090299 -0.128857 -0.100744 -0.070191 0.009944 -0.115718 0.009740 -0.069580 -0.285433 -0.153840 -0.168939 -0.160312 0.057346 0.090916 0.221434 0.213678 0.226425 0.180195 0.280597 -0.157395 0.055162 -0.124709 -0.113020 0.070411 0.038531 -0.198614 0.009479 -0.113706 -0.204136 -0.257439 -0.121416 -0.181414 -0.015106 0.058436 -0.018923 -0.004194 0.109062 0.125479 0.058968 -0.332095 -0.098226 -0.135273 0.022027 -0.181484 0.068523 0.223516 -0.090674 0.275584 -0.091635 -0.145910 -0.263181 -0.167688 -0.110571 -0.027050 0.063817 0.271288 -0.004150 0.274559 0.286751 0.185622 0.200354 0.204947 -0.004960 -0.147384 -0.116926 0.197511 0.255094 0.106362 0.042943 -0.191151
-0.037342 0.080254 -0.103956 0.322661 0.377943 1.000000 -0.169874 0.065111 0.403915 0.580169 -0.302532 0.047671 -0.113690 0.170289 -0.153427 0.321062 0.246620 0.215522 0.020684 0.189741 -0.081572 -0.121637 -0.263425 -0.020347 0.060493 0.187595 -0.079782 0.031856 -0.124258 0.137033 -0.190242 -0.100266 0.069194 0.093849 -0.405144 -0.364201 -0.281830 -0.285035 -0.236486 -0.097557 -0.178746 -0.279419 -0.180177 -0.200388 -0.277241 -0.363754 0.080719 -0.115764 -0.005106 -0.142152 0.051770 0.074285 0.163517 0.169924 -0.402808 -0.071785 0.192030 0.158805 0.096464 0.147647 0.049543 0.370301 0.208660 0.235559 -0.112264 0.235521 -0.204873 -0.309064 0.264447 0.274383 0.067278 -0.075426 0.046095 -0.017929 -0.003105 -0.163934 0.075694 0.175642 0.310542 0.180630 0.152052 0.018413 -0.284561 0.017420 -0.095358 -0.190864 -0.098838 -0.168152 -0.059573 0.375382 0.197503 -0.089094 0.140071 -0.128415 -0.134728 -0.077967 -0.343212 -0.084372 0.008894 -0.099410 -0.001775 0.022576 -0.002471 0.044068 0.114901 -0.014301 0.134133 0.145657 0.025602 0.152083 -0.331474 0.047587 0.121324 -0.112228 -0.130294 -0.241931
0.292093 -0.236933 0.775322 -0.535435 0.413299 -0.169874 1.000000 0.005421 0.240943 -0.200203 0.460845 -0.048346 0.453974 -0.115850 0.338458 -0.345288 0.104301 -0.089681 0.247476 -0.121951 0.100322 0.056292 0.235627 -0.091770 0.080023 -0.296578 -0.002797 -0.352696 0.265871 -0.080350 0.070104 -0.124558 0.112013 0.078195 0.184134 -0.110509 0.052105 -0.185679 0.090758 -0.164472 -0.047450 0.075490 -0.174024 -0.173442 -0.075579 -0.174448 -0.240394 -0.253277 -0.240569 -0.297385 0.059007 -0.484315 -0.167880 -0.303445 -0.067356 -0.158685 -0.356408 -0.087442 0.038413 -0.374426 0.327393 -0.174996 0.195606 0.082221 0.491023 -0.369038 0.196187 0.187748 -0.268410 -0.205456 0.196062 -0.265578 0.123080 0.019347 0.091160 -0.005055 -0.085331 -0.304637 -0.220274 -0.051683 0.041929 0.174706 0.412173 0.094042 0.148486 -0.062208 -0.115605 -0.186326 0.049901 -0.439077 -0.317224 0.411785 -0.297599 0.529318 -0.141108 -0.093169 -0.164820 -0.155789 -0.290243 -0.090194 0.041430 0.375552 0.014891 0.146145 -0.026575 0.018101 -0.032205 0.067266 -0.171467 -0.272365 -0.007933 0.017334 0.091930 -0.200533 -0.065118 0.076129
-0.374834 -0.298798 0.097924 0.455701 0.138705 0.065111 0.005421 1.000000 -0.064414 0.549088 -0.371616 0.274269 -0.094950 0.188691 -0.046378 0.201132 -0.351696 -0.423759 -0.260633 -0.119800 -0.147471 -0.011170 0.113504 0.273849 0.080999 0.086356 -0.262843 -0.142240 -0.107664 0.004748 0.278322 0.223252 -0.185319 0.007919 -0.059465 -0.049058 -0.122774 -0.004244 -0.145139 0.111481 -0.013125 -0.120907 -0.187785 -0.267589 -0.220073 0.026646 -0.247710 -0.109314 -0.352328 -0.253196 -0.365877 -0.192548 -0.317204 -0.277598 -0.368486 -0.435353 -0.161834 -0.299531 -0.154623 0.106130 -0.115449 0.400540 -0.212256 -0.079650 0.265955 0.320524 -0.055731 0.121566 -0.216618 -0.105180 -0.034836 0.254709 -0.118107 -0.019138 -0.036143 0.081227 0.055673 0.127797 -0.261577 -0.173130 -0.179319 -0.154574 -0.153958 0.014243 0.054977 0.170308 0.088709 0.134501 0.353344 0.073653 -0.032195 -0.013148 0.301764 0.064206 0.082000 -0.004434 -0.201000 0.086444 -0.446906 -0.159414 0.265329 -0.082801 -0.049297 -0.185524 -0.021827 0.216755 -0.203239 -0.027507 -0.100686 0.090773 -0.054240 -0.111833 0.081612 0.136613 0.176269 0.231028
0.175983 -0.056725 0.290376 -0.167873 0.733547 0.403915 0.240943 -0.064414 1.000000 0.269659 0.034975 -0.143931 0.231016 0.010956 0.316025 -0.078412 0.214069 0.200116 0.087579 0.085155 -0.166102 -0.274914 -0.116647 -0.183124 0.015082 -0.093883 -0.231535 -0.414812 -0.088222 0.137748 -0.200489 -0.233039 0.108015 0.153820 -0.109242 -0.127571 -0.366831 -0.297934 -0.148310 -0.283267 -0.024511 -0.178825 -0.139792 -0.182563 -0.123409 -0.264823 -0.130019 -0.195584 0.062303 -0.088672 0.198622 -0.027037 0.255913 0.152328 -0.137878 0.080004 0.076781 0.018703 0.271595 0.180031 0.359907 0.256657 0.298328 0.337269 0.125286 -0.153821 -0.028187 -0.214421 0.005494 0.124976 0.003194 -0.124676 0.023784 -0.045228 -0.135940 -0.195536 -0.094615 -0.081964 0.064217 0.210239 0.043752 0.022502 -0.077834 0.107709 -0.100072 -0.259634 -0.211946 -0.214792 -0.066467 -0.085730 0.068180 0.006626 -0.193364 0.088829 0.006169 0.049054 -0.270099 -0.112421 0.063781 0.132594 -0.061930 0.212535 -0.046692 0.249406 0.109840 0.027553 0.118419 0.043120 0.090558 -0.171061 -0.200411 0.025323 0.091126 -0.093427 -0.119282 -0.437402
-0.122884 0.046501 -0.017208 0.434764 0.360429 0.580169 -0.200203 0.549088 0.269659 1.000000 -0.339411 0.184123 -0.076385 0.310073 0.070100 0.433131 0.018976 -0.092939 -0.147407 0.175486 -0.472661 -0.330870 -0.233441 0.095772 -0.037364 -0.059527 -0.356555 -0.148153 -0.399494 -0.036279 -0.135883 -0.277727 -0.058297 0.034425 -0.412521 -0.266949 -0.384390 -0.382246 -0.268637 -0.038276 -0.274162 -0.512835 -0.069666 -0.148460 -0.234729 -0.202559 -0.015170 -0.012347 -0.054107 -0.062711 -0.091060 0.084669 0.006384 0.054143 -0.417485 -0.124128 0.122087 0.008123 0.132297 0.363684 0.081806 0.613449 -0.004481 0.085344 0.003874 0.439474 -0.090219 -0.238348 0.219833 0.378099 -0.205712 -0.064674 -0.141618 -0.217576 -0.275260 -0.285832 0.011167 0.026130 0.189057 0.119765 -0.028174 -0.154876 -0.421773 -0.114169 -0.239840 -0.168565 -0.100679 -0.054797 0.245740 0.426364 0.293711 -0.011152 0.314780 -0.074581 0.003176 -0.085892 -0.209390 -0.102644 -0.035180 0.023234 0.077459 -0.152932 0.082021 0.078344 0.190978 0.123399 0.089538 0.072572 0.005578 0.190846 -0.227410 0.081630 0.159760 0.133687 0.052817 -0.111283
0.667088 0.135524 0.397353 -0.434391 -0.080663 -0.302532 0.460845 -0.371616 0.034975 -0.339411 1.000000 0.234552 0.611037 0.133285 0.491161 -0.148854 0.177600 -0.072987 0.012860 0.094130 -0.014837 0.055779 0.217137 -0.063106 -0.031282 -0.293656 0.238057 -0.088109 0.117257 -0.129527 -0.130934 -0.309011 -0.009259 -0.082115 0.310702 0.100066 0.073655 -0.044106 0.074741 -0.322135 -0.045999 0.150836 -0.111954 0.011407 -0.129742 -0.144256 -0.317126 -0.133747 -0.080678 -0.213319 0.193334 -0.434540 0.019685 -0.181015 0.218085 -0.015110 -0.176121 0.012896 0.151331 -0.447972 0.321552 -0.151719 0.007040 -0.047534 0.336769 -0.118335 -0.031217 0.063299 0.015207 -0.134333 0.153952 -0.071425 -0.044512 0.035759 -0.009487 0.137471 -0.023484 -0.164817 -0.143638 -0.096532 -0.114041 0.023342 0.387775 -0.006812 0.089858 0.087951 -0.093851 -0.095307 0.120170 -0.227631 -0.154625 0.392830 -0.177427 0.437434 -0.134156 -0.050131 -0.040718 -0.062086 -0.196597 0.032262 -0.104482 -0.008471 -0.320239 -0.058424 -0.294638 -0.125833 -0.093136 -0.040555 -0.113425 -0.126198 0.228597 -0.153977 -0.103036 -0.296789 -0.206226 -0.154904
0.166944 0.134783 -0.147808 0.167985 -0.160958 0.047671 -0.048346 0.274269 -0.143931 0.184123 0.234552 1.000000 0.208908 0.708620 0.243589 0.551195 -0.047497 -0.207138 -0.354726 -0.173363 -0.128404 0.096258 -0.041435 0.004516 -0.210376 -0.109503 -0.093520 -0.048330 0.038611 0.178219 -0.044654 -0.025788 -0.036304 0.025454 -0.023469 0.137979 0.055839 0.094185 -0.158619 -0.013186 -0.069140 0.111721 -0.275588 -0.287390 -0.239098 0.012494 -0.334448 -0.197685 -0.207076 -0.185089 -0.237537 -0.124286 0.039392 -0.109809 -0.128723 -0.228121 -0.024431 -0.165949 0.056696 -0.132326 0.155577 0.231503 -0.024062 -0.000680 0.104746 0.271676 -0.214065 -0.016375 -0.056700 -0.153706 0.268588 0.244712 0.014673 0.151185 0.049782 0.230629 0.070753 0.196142 -0.195671 -0.301161 -0.066140 -0.113199 0.057972 0.179768 -0.085530 0.403498 -0.045024 -0.081672 0.080600 0.266874 -0.078927 0.041801 0.113842 -0.003718 -0.050928 0.009458 -0.251135 0.066520 -0.404248 -0.364866 0.128547 -0.246548 -0.357017 -0.284304 -0.268581 -0.011451 -0.143283 -0.053504 -0.252800 -0.014063 -0.268644 -0.456227 -0.061899 -0.277552 -0.148651 0.087996
0.593047 0.272329 0.351411 -0.469482 0.086179 -0.113690 0.453974 -0.094950 0.231016 -0.076385 0.611037 0.208908 1.000000 0.447391 0.640366 0.032695 0.434242 0.210642 0.080151 0.176911 -0.109087 0.138466 -0.112047 -0.311282 -0.425266 -0.655078 -0.244947 -0.392902 0.111091 0.159041 -0.486339 -0.509222 0.169837 0.218388 -0.041625 0.080426 0.095248 -0.021269 -0.203654 -0.363583 -0.103562 0.221938 -0.257227 -0.174364 -0.036369 -0.220466 -0.392479 -0.345825 -0.170922 -0.297031 0.064993 -0.349619 0.209908 -0.117992 0.023189 -0.039622 0.011626 0.245586 0.429670 -0.159137 0.711812 0.125801 0.362089 0.397039 0.128325 -0.371111 -0.074106 -0.147951 0.029158 -0.116272 0.104181 -0.112967 0.146414 0.086602 0.032723 0.116195 -0.037180 -0.217961 0.058702 0.056840 0.325968 0.338068 0.224512 0.049284 -0.202302 -0.232334 -0.504061 -0.486826 -0.037915 -0.312199 -0.032139 0.080733 -0.422286 0.320928 -0.105488 -0.117010 -0.142330 -0.004332 -0.124853 -0.093939 -0.065807 0.206020 -0.042811 0.126637 -0.347469 -0.222060 -0.148161 0.002504 -0.163533 -0.251543 -0.060513 -0.123980 -0.060939 -0.350003 -0.396101 -0.130264
0.224891 0.301051 -0.180147 0.057366 -0.129272 0.170289 -0.115850 0.188691 0.010956 0.310073 0.133285 0.708620 0.447391 1.000000 0.316721 0.641589 0.197163 0.026547 -0.157674 0.027417 -0.261521 0.007626 -0.279882 -0.188030 -0.418249 -0.285324 -0.278545 -0.094662 -0.082909 0.241261 -0.388857 -0.351842 0.137422 0.075194 -0.230031 0.090942 0.135599 0.046733 -0.172509 -0.019079 -0.051653 0.088715 -0.189156 -0.152278 -0.136777 -0.109884 -0.209008 -0.237167 -0.241534 -0.213149 -0.194642 -0.127766 0.127511 -0.016574 -0.117903 -0.051555 0.240982 0.125319 0.285949 0.102050 0.316802 0.436133 0.120364 0.243168 -0.156545 0.189375 -0.184445 -0.202859 0.118671 0.013110 0.059910 0.025666 0.037784 -0.032167 -0.005005 0.096032 0.031153 0.107800 0.159440 -0.023767 0.207980 0.051346 -0.092376 0.138254 -0.314393 0.083667 -0.201033 -0.264601 0.040700 0.209970 -0.005168 -0.102828 -0.038765 -0.105337 0.024443 0.067124 -0.156813 0.012772 -0.273380 -0.157565 -0.119094 -0.111732 -0.269932 -0.129260 -0.249451 -0.131242 -0.089288 -0.037164 -0.128949 0.037197 -0.282623 -0.335582 -0.032671 -0.176813 -0.152893 -0.050448
0.466029 -0.004093 0.367790 -0.336005 0.260523 -0.153427 0.338458 -0.046378 0.316025 0.070100 0.491161 0.243589 0.640366 0.316721 1.000000 0.092384 0.138812 -0.053144 0.002652 0.007542 -0.301652 -0.171965 0.219855 0.006591 -0.073413 -0.320495 -0.138304 -0.384745 -0.109771 -0.164311 -0.211526 -0.454234 -0.072747 0.086088 0.026344 0.180441 -0.094558 -0.278877 0.082570 -0.243360 -0.086920 -0.148900 -0.184751 -0.117795 -0.246922 -0.258669 -0.434465 -0.296788 -0.158697 -0.311920 0.114745 -0.282592 0.099571 -0.093609 0.081069 -0.091745 -0.019730 -0.074436 0.401741 -0.104650 0.571610 0.149593 0.150700 0.100995 0.381883 -0.056259 -0.052884 -0.088621 -0.037770 -0.083779 -0.092346 -0.197275 -0.181318 -0.123544 -0.199331 -0.216591 -0.117627 -0.279875 -0.088387 -0.047088 -0.056448 -0.020843 0.327430 0.000142 0.018618 -0.176530 -0.110279 -0.208547 0.294655 -0.033742 0.042939 0.282130 -0.134924 0.435942 0.015467 -0.105676 -0.144069 -0.092739 -0.203658 0.044652 -0.003860 -0.052775 -0.066056 0.153108 -0.145973 0.078884 -0.169226 0.126423 -0.094217 -0.333652 0.072699 -0.109075 -0.095294 -0.052875 -0.274072 -0.296320
-0.090770 0.300763 -0.415354 0.387846 -0.217397 0.321062 -0.345288 0.201132 -0.078412 0.433131 -0.148854 0.551195 0.032695 0.641589 0.092384 1.000000 0.053422 0.026538 -0.251976 -0.054801 -0.184166 0.048759 -0.309215 -0.119546 -0.319562 0.007160 -0.221077 -0.028628 -0.077461 0.201661 -0.200303 -0.073908 0.095106 0.150504 -0.287173 0.028352 0.035367 -0.063601 -0.163347 0.021147 -0.173790 -0.043711 -0.004493 -0.047091 0.006273 0.012345 0.104397 -0.054770 -0.045765 0.016764 -0.164742 0.073820 0.050827 0.043950 -0.169065 0.128354 0.251064 0.176193 0.048587 0.069505 0.009174 0.313348 -0.001812 0.097850 -0.235014 0.332516 -0.292032 -0.322011 0.206149 0.199200 0.037074 0.147091 0.035121 0.090928 -0.033345 0.125339 0.049744 0.182336 0.229573 -0.012427 0.162628 -0.008381 -0.225045 0.152387 -0.243362 0.023613 -0.171057 -0.264142 -0.087039 0.347181 -0.034720 -0.335374 0.052922 -0.306265 0.057813 0.035511 -0.003274 0.082429 0.011106 -0.051956 -0.033217 -0.263218 -0.156842 -0.282348 -0.128479 -0.096880 -0.238349 -0.106069 -0.184313 -0.032327 -0.409580 -0.115282 -0.088160 -0.139878 -0.102839 -0.087357
0.333189 0.451330 -0.073139 -0.345553 0.145394 0.246620 0.104301 -0.351696 0.214069 0.018976 0.177600 -0.047497 0.434242 0.197163 0.138812 0.053422 1.000000 0.712379 0.212015 0.404488 -0.086707 0.164060 -0.532853 -0.536143 -0.413268 -0.540750 -0.283625 -0.249721 0.304081 0.358912 -0.520530 -0.434145 0.486790 0.386081 -0.440422 -0.367148 0.309691 -0.090208 -0.216260 -0.156224 0.058163 0.229299 -0.083076 -0.105652 -0.010948 -0.432780 0.056994 -0.098073 -0.165516 -0.023035 -0.108502 -0.064633 0.285328 0.261027 -0.123875 0.166452 0.480355 0.628726 0.207572 0.040715 0.452677 0.136434 0.679618 0.617226 -0.408121 -0.424553 -0.358663 -0.661295 0.521912 0.254950 0.134396 -0.034732 0.510125 0.210143 0.267035 0.114989 0.383124 0.093297 0.603660 0.401217 0.732123 0.614309 0.074750 0.125359 -0.234149 -0.453861 -0.520370 -0.536794 -0.349209 -0.131341 -0.035674 -0.169324 -0.406611 -0.184914 -0.134869 -0.201626 -0.099384 -0.048631 0.143776 -0.024809 -0.127918 0.366285 0.049803 0.185955 0.061704 -0.366611 0.182365 0.109824 0.001945 -0.034569 -0.354495 0.185885 0.193411 -0.293567 -0.385161 -0.141115
0.117743 0.371044 -0.188348 -0.352968 0.102828 0.215522 -0.089681 -0.423759 0.200116 -0.092939 -0.072987 -0.207138 0.210642 0.026547 -0.053144 0.026538 0.712379 1.000000 0.268956 0.275954 0.002013 0.064633 -0.528514 -0.576715 -0.478913 -0.395940 -0.361728 -0.281581 0.370664 0.521608 -0.391480 -0.177841 0.536695 0.465809 -0.297869 -0.100677 0.177319 -0.016843 -0.097066 -0.133818 0.063568 0.236070 -0.126004 -0.161093 0.142260 -0.211007 0.171550 -0.123147 -0.082879 0.069401 -0.122496 0.099659 0.313531 0.232753 -0.038287 0.141048 0.389158 0.487214 0.116981 0.090754 0.336305 0.026672 0.629303 0.673516 -0.396084 -0.539160 -0.265168 -0.557153 0.437611 0.199948 0.106182 0.007566 0.540393 0.315633 0.265551 0.238999 0.250335 0.113679 0.598476 0.550215 0.743234 0.692093 0.043869 0.206931 -0.153217 -0.487940 -0.466769 -0.572788 -0.491092 -0.165479 0.002459 -0.310913 -0.490972 -0.205831 -0.152349 -0.120115 -0.042442 -0.051528 0.301452 -0.060756 -0.160177 0.364310 0.245332 0.250512 0.066508 -0.237883 0.265357 0.004147 0.058406 -0.111988 -0.339680 0.185968 0.098811 -0.152860 -0.273241 -0.116130
0.271993 -0.057972 0.253421 -0.268930 0.122660 0.020684 0.247476 -0.260633 0.087579 -0.147407 0.012860 -0.354726 0.080151 -0.157674 0.002652 -0.251976 0.212015 0.268956 1.000000 0.363767 -0.189899 -0.146599 -0.125793 -0.248714 -0.110048 -0.278297 -0.202043 -0.207787 0.176014 0.200919 -0.018130 -0.111091 0.367577 0.217253 -0.089238 -0.036355 0.011503 -0.501778 -0.002875 -0.310580 -0.060805 -0.131486 0.007392 0.087506 -0.003875 -0.194217 0.101704 0.039047 -0.117325 -0.083538 -0.094746 -0.167856 -0.013245 0.009599 -0.115806 -0.003842 0.047874 0.001680 0.073378 0.006443 0.142834 -0.116647 0.275894 0.193141 0.097634 -0.333416 0.034089 -0.125394 0.252427 0.056523 -0.017837 -0.240097 0.390594 0.072724 0.289339 -0.014052 0.214603 -0.194383 0.181821 0.269862 0.288569 0.243499 0.101441 0.061757 0.104106 -0.407769 -0.011094 -0.248453 -0.073961 -0.286168 0.176470 0.166707 -0.207593 0.095719 0.004210 0.034380 0.024446 -0.144080 0.097745 0.171196 -0.219410 0.224682 0.273441 0.155126 0.019832 -0.093834 0.064730 -0.059869 0.119455 -0.074411 0.197645 0.270589 0.236890 0.015848 -0.160604 -0.100283
0.329797 0.367455 -0.101824 0.128024 0.065520 0.189741 -0.121951 -0.119800 0.085155 0.175486 0.094130 -0.173363 0.176911 0.027417 0.007542 -0.054801 0.404488 0.275954 0.363767 1.000000 -0.144036 0.025369 -0.228622 0.007202 -0.179453 -0.265561 -0.008366 0.072216 -0.034093 0.066899 -0.326781 -0.296449 0.215683 0.150219 -0.117365 0.047894 -0.115757 -0.363409 -0.414174 -0.405958 -0.299091 -0.114674 0.081556 0.089960 -0.049778 -0.123741 0.066110 0.140950 -0.028237 0.068085 -0.221622 -0.065275 0.103237 0.114310 -0.297090 -0.161739 0.260869 0.257514 0.181360 0.046156 0.108047 0.090610 0.144378 0.129554 -0.211368 -0.157909 -0.270949 -0.431456 0.583191 0.360680 -0.080928 -0.063418 0.135786 -0.014162 0.099583 -0.066221 0.141777 -0.067778 0.216249 0.098093 0.297566 0.195488 0.096210 -0.021380 -0.094528 -0.322271 -0.292225 -0.142451 0.009896 -0.062472 0.326022 -0.113192 0.032753 -0.153568 -0.203200 -0.204114 -0.167963 -0.085767 0.063565 0.050653 -0.263691 0.024332 -0.183297 0.040760 -0.182767 -0.308510 -0.043170 -0.113063 0.057575 0.120139 0.188803 0.288618 0.213167 -0.037263 -0.132659 -0.120533
-0.278885 -0.241164 -0.111284 -0.134861 -0.092664 -0.081572 0.100322 -0.147471 -0.166102 -0.472661 -0.014837 -0.128404 -0.109087 -0.261521 -0.301652 -0.184166 -0.086707 0.002013 -0.189899 -0.144036 1.000000 0.630885 0.201306 0.046100 0.217040 0.287589 0.378851 0.250487 0.472902 0.079066 0.304441 0.494481 0.077603 0.099300 0.366143 0.081165 0.087756 0.373685 0.131265 0.054796 0.170491 0.410665 0.031562 0.006541 0.203589 0.251354 0.001357 0.040243 -0.147985 0.079784 0.035346 -0.016738 -0.178940 -0.250014 0.063499 -0.014247 -0.073384 -0.022375 -0.372754 -0.239690 -0.219569 -0.394928 0.025946 -0.026327 0.001706 -0.265389 0.030672 0.237951 -0.316756 -0.269120 0.239263 0.081533 0.146299 0.054758 0.023082 0.048087 -0.064556 0.072394 -0.196506 -0.303749 0.070776 0.114013 0.318419 0.085738 0.259691 0.124139 0.005300 -0.050014 -0.242750 -0.380165 -0.405970 -0.268984 -0.291655 -0.150836 -0.024937 -0.211892 0.111184 0.148035 -0.101015 -0.308868 0.048928 0.111474 -0.186635 -0.224436 -0.103949 -0.174091 -0.280199 -0.066772 -0.250460 -0.061340 0.085126 -0.079538 -0.236212 -0.111712 0.074926 0.209627
-0.179674 -0.097024 -0.260180 0.012042 -0.227751 -0.121637 0.056292 -0.011170 -0.274914 -0.330870 0.055779 0.096258 0.138466 0.007626 -0.171965 0.048759 0.164060 0.064633 -0.146599 0.025369 0.630885 1.000000 0.029873 0.040256 -0.091609 0.050854 0.290187 0.188969 0.440002 0.071577 -0.026750 0.252764 0.154314 0.199340 0.145145 0.204345 0.274620 0.356847 -0.100187 0.098657 -0.016989 0.584271 0.112291 0.092784 0.087707 0.075253 -0.028420 0.079903 -0.193872 0.022764 -0.008874 0.023494 -0.066437 -0.061130 -0.001260 -0.032606 0.120442 0.155059 -0.360913 -0.351210 -0.145869 -0.348556 0.149917 0.068556 -0.146454 -0.234489 -0.344184 -0.082714 -0.086885 -0.312754 0.390544 0.284290 0.226046 0.150310 0.121297 0.195515 0.010643 -0.052504 -0.035922 -0.402170 0.345446 0.301688 0.261533 0.066367 0.081228 0.020678 -0.225287 -0.210819 -0.302358 -0.340732 -0.255964 -0.295679 -0.125161 -0.107573 -0.173952 -0.429363 0.025791 0.358119 -0.091067 -0.297758 0.188730 0.122236 -0.154247 -0.493866 -0.339086 -0.308213 -0.406086 -0.030498 -0.472323 -0.286526 -0.079850 -0.192686 -0.129747 -0.216984 -0.129147 0.318455
-0.151088 -0.603544 0.434866 0.070006 0.075808 -0.263425 0.235627 0.113504 -0.116647 -0.233441 0.217137 -0.041435 -0.112047 -0.279882 0.219855 -0.309215 -0.532853 -0.528514 -0.125793 -0.228622 0.201306 0.029873 1.000000 0.776118 0.735080 0.534096 0.644798 0.236788 -0.156854 -0.635532 0.517922 0.270185 -0.588973 -0.474993 0.504576 0.205939 -0.058622 -0.003144 0.254864 0.039144 0.021568 -0.210706 -0.004304 0.037101 -0.297826 0.034585 -0.217885 0.026285 -0.064815 -0.292417 0.137456 -0.328007 -0.387759 -0.341567 0.131363 -0.343096 -0.510031 -0.538977 -0.316503 -0.386520 -0.314011 -0.186919 -0.597330 -0.555295 0.678508 0.270333 0.206757 0.449588 -0.448444 -0.256482 0.105010 -0.093024 -0.505335 -0.227915 -0.177100 -0.112664 -0.148049 -0.224780 -0.460633 -0.253253 -0.685054 -0.555634 0.346599 -0.236637 0.533196 0.191040 0.532032 0.528519 0.528215 -0.009557 -0.242345 0.408160 0.222692 0.539078 -0.087500 0.042746 -0.043726 -0.088994 -0.437928 -0.002665 0.029208 -0.220322 -0.330525 -0.099787 -0.213115 0.365584 -0.114995 0.112055 -0.071336 0.038262 0.566382 -0.065962 -0.233162 0.286302 0.243229 0.229728
-0.284845 -0.467772 0.132327 0.509089 0.027487 -0.020347 -0.091770 0.273849 -0.183124 0.095772 -0.063106 0.004516 -0.311282 -0.188030 0.006591 -0.119546 -0.536143 -0.576715 -0.248714 0.007202 0.046100 0.040256 0.776118 1.000000 0.722156 0.669731 0.680313 0.539157 -0.391744 -0.732139 0.340384 0.202931 -0.686492 -0.613186 0.299797 0.147805 -0.257018 -0.119674 -0.071994 0.014803 -0.191106 -0.374089 0.199682 0.151158 -0.326352 0.067817 -0.073431 0.207263 0.020711 -0.151448 0.099184 -0.102834 -0.423126 -0.197829 -0.124719 -0.421434 -0.299628 -0.469830 -0.355494 -0.245054 -0.518505 -0.014541 -0.672565 -0.658775 0.433901 0.579802 0.114379 0.340606 -0.220396 -0.066856 0.037887 0.027501 -0.621069 -0.283067 -0.252697 -0.238450 -0.170771 -0.164963 -0.312607 -0.314559 -0.655459 -0.695491 0.053534 -0.319633 0.399535 0.214453 0.508646 0.638474 0.548514 0.291725 -0.025070 0.281131 0.576119 0.265078 -0.115990 0.047491 -0.113200 -0.071192 -0.389673 -0.051913 0.074046 -0.386951 -0.356815 -0.145370 -0.107669 0.379881 -0.094702 0.154086 0.060369 0.244377 0.463485 -0.092553 -0.180732 0.286526 0.362636 0.209669
-0.328787 -0.507122 0.343145 0.200132 0.241091 0.060493 0.080023 0.080999 0.015082 -0.037364 -0.031282 -0.210376 -0.425266 -0.418249 -0.073413 -0.319562 -0.413268 -0.478913 -0.110048 -0.179453 0.217040 -0.091609 0.735080 0.722156 1.000000 0.707938 0.654783 0.417593 -0.163936 -0.527756 0.547408 0.296533 -0.462500 -0.479770 0.326163 -0.157374 -0.177259 -0.177831 0.165059 0.051109 0.211886 -0.306380 0.094970 0.026598 -0.328972 -0.100620 -0.051564 0.046592 0.006391 -0.209119 0.142915 -0.191501 -0.330837 -0.230771 -0.029909 -0.261514 -0.306082 -0.366760 -0.343836 -0.195042 -0.456967 -0.086101 -0.541053 -0.540913 0.400884 0.408620 0.203619 0.319256 -0.249529 -0.012469 0.082284 -0.107368 -0.414127 -0.223149 -0.221731 -0.320983 -0.047708 -0.073347 -0.200363 -0.168592 -0.661894 -0.591586 0.060280 -0.223888 0.367782 0.103260 0.527400 0.582739 0.417448 0.163289 -0.093641 0.372365 0.331432 0.273914 0.152147 0.098493 -0.054447 -0.073583 -0.338969 0.138597 0.037837 -0.198548 -0.313397 0.015652 0.146585 0.417760 0.039121 0.186765 0.188253 0.258262 0.391249 -0.024844 -0.070668 0.223258 0.345108 0.022307
-0.513023 -0.452471 -0.144000 0.491473 -0.042943 0.187595 -0.296578 0.086356 -0.093883 -0.059527 -0.293656 -0.109503 -0.655078 -0.285324 -0.320495 0.007160 -0.540750 -0.395940 -0.278297 -0.265561 0.287589 0.050854 0.534096 0.669731 0.707938 1.000000 0.623457 0.568010 -0.213983 -0.427352 0.492109 0.535237 -0.465675 -0.438972 0.255964 0.055390 -0.243037 0.050254 0.247930 0.234991 0.106070 -0.206951 0.201967 0.141704 -0.223838 0.111214 0.151904 0.150313 0.025061 -0.052511 0.063172 0.035665 -0.331619 -0.063718 -0.040288 -0.173805 -0.128734 -0.365906 -0.459051 -0.131399 -0.679648 -0.045804 -0.563509 -0.521791 0.139308 0.532788 -0.000533 0.270050 -0.195809 -0.027411 0.126798 0.137118 -0.463074 -0.206382 -0.167352 -0.159880 -0.138663 0.128471 -0.109089 -0.104795 -0.517498 -0.538375 -0.084911 -0.071433 0.394363 0.307598 0.584667 0.584858 0.234559 0.302462 -0.166033 -0.001173 0.430315 -0.059747 -0.047596 0.116480 -0.105755 -0.110392 -0.228520 0.069077 0.089838 -0.289519 -0.274607 -0.195996 0.085800 0.316269 -0.000052 0.099884 0.131980 0.210502 0.235728 -0.058023 -0.229986 0.122786 0.306434 0.030756
-0.115673 -0.285856 0.021940 0.251290 -0.174828 -0.079782 -0.002797 -0.262843 -0.231535 -0.356555 0.238057 -0.093520 -0.244947 -0.278545 -0.138304 -0.221077 -0.283625 -0.361728 -0.202043 -0.008366 0.378851 0.290187 0.644798 0.680313 0.654783 0.623457 1.000000 0.747565 -0.069265 -0.615497 0.201616 0.182328 -0.453501 -0.612147 0.347185 0.071946 -0.002959 0.122278 0.080125 0.039860 -0.072861 -0.040691 0.252405 0.285921 -0.164407 0.046945 0.114217 0.274077 0.114285 0.018403 0.229171 -0.060258 -0.288423 -0.040772 0.203112 -0.079492 -0.190107 -0.187910 -0.457233 -0.425159 -0.579185 -0.347443 -0.552033 -0.638502 0.184274 0.341625 0.015599 0.283616 -0.132741 -0.140097 0.205009 -0.028966 -0.419258 -0.102357 -0.120564 -0.136024 -0.135869 -0.173708 -0.176988 -0.333221 -0.470592 -0.484394 0.216354 -0.308972 0.454534 0.269729 0.473993 0.496931 0.242972 0.116022 -0.112887 0.196065 0.359703 0.145099 -0.092507 -0.020916 0.079469 0.053516 -0.154322 0.051298 -0.083816 -0.293984 -0.442901 -0.281023 -0.160522 0.115422 -0.064267 0.052901 -0.024423 0.156039 0.429570 -0.027600 -0.174971 0.040046 0.278288 0.228906
-0.192374 -0.084684 -0.349439 0.496906 -0.383134 0.031856 -0.352696 -0.142240 -0.414812 -0.148153 -0.088109 -0.048330 -0.392902 -0.094662 -0.384745 -0.028628 -0.249721 -0.281581 -0.207787 0.072216 0.250487 0.188969 0.236788 0.539157 0.417593 0.568010 0.747565 1.000000 -0.199058 -0.454016 0.000819 0.109120 -0.322041 -0.576264 0.150432 0.014516 -0.051464 0.181071 -0.035559 0.113332 -0.154094 -0.048545 0.337624 0.354612 -0.003706 0.154422 0.327347 0.355976 0.162204 0.156537 0.087231 0.205561 -0.236812 0.074068 0.085802 0.029012 0.079901 -0.015664 -0.373772 -0.140180 -0.664958 -0.191545 -0.516610 -0.590157 -0.210632 0.523616 -0.001869 0.241582 0.028486 -0.003380 -0.055452 0.078448 -0.370041 -0.156012 -0.111944 -0.217625 -0.125332 -0.010436 0.018110 -0.251706 -0.263432 -0.438891 -0.123220 -0.318870 0.201264 0.269058 0.370937 0.439267 0.127546 0.344630 0.061018 -0.013411 0.478599 -0.224888 -0.015221 0.108233 0.188533 0.016934 0.005333 0.043241 -0.143476 -0.370747 -0.335645 -0.198122 -0.061220 0.046984 0.001571 -0.000838 0.182313 0.433033 0.308759 -0.047918 -0.136654 -0.008568 0.307075 0.239214
-0.107882 -0.065331 0.008709 -0.355021 0.005699 -0.124258 0.265871 -0.107664 -0.088222 -0.399494 0.117257 0.038611 0.111091 -0.082909 -0.109771 -0.077461 0.304081 0.370664 0.176014 -0.034093 0.472902 0.440002 -0.156854 -0.391744 -0.163936 -0.213983 -0.069265 -0.199058 1.000000 0.509632 0.284730 0.377708 0.515681 0.529472 0.254062 0.129147 0.427842 0.192997 0.049426 -0.123409 0.247771 0.551122 -0.147950 -0.196309 0.244209 0.101005 -0.073699 -0.098226 -0.341113 0.060941 -0.276264 -0.211956 -0.058110 -0.158932 0.072656 0.051771 -0.056908 0.036602 -0.366426 -0.413744 0.011937 -0.454405 0.390500 0.185618 0.004553 -0.537581 -0.291782 -0.084008 -0.051284 -0.302997 0.323564 0.245367 0.693793 0.420208 0.285457 0.296558 0.221772 0.011557 -0.046038 -0.105512 0.385629 0.533780 0.468066 0.224601 0.161439 -0.075109 -0.220255 -0.524346 -0.460935 -0.601679 -0.338823 -0.167891 -0.450344 -0.121200 0.094859 -0.243664 0.138116 0.325505 -0.158962 -0.352204 0.061840 0.155688 -0.100928 -0.228602 -0.020770 -0.058833 -0.216250 -0.086655 -0.268505 -0.215810 -0.128457 -0.110940 0.187534 -0.271418 -0.072369 0.152907
0.048967 0.306983 -0.187724 -0.305054 0.031135 0.137033 -0.080350 0.004748 0.137748 -0.036279 -0.129527 0.178219 0.159041 0.241261 -0.164311 0.201661 0.358912 0.521608 0.200919 0.066899 0.079066 0.071577 -0.635532 -0.732139 -0.527756 -0.427352 -0.615497 -0.454016 0.509632 1.000000 -0.094386 0.168519 0.698296 0.688396 -0.109562 -0.001818 0.258902 0.114729 -0.097126 -0.095138 0.252308 0.483271 -0.352237 -0.407612 0.254480 0.040164 -0.102028 -0.251862 -0.170771 0.063705 -0.315642 0.016458 0.280788 0.043726 -0.145558 0.132516 0.231885 0.188401 0.156923 0.166180 0.355314 0.062646 0.574550 0.602441 -0.306549 -0.508433 -0.192035 -0.267223 0.154322 -0.095229 0.108737 0.196369 0.750123 0.533162 0.352673 0.308670 0.284980 0.336759 0.238343 0.194311 0.524755 0.612011 -0.079024 0.423348 -0.309445 -0.151221 -0.439937 -0.595926 -0.540944 -0.370196 -0.061437 -0.359925 -0.540304 -0.339433 0.092524 -0.084828 -0.034037 0.023438 0.104364 -0.140887 -0.051729 0.203321 0.078852 -0.021757 -0.035932 -0.287295 -0.030567 -0.187486 -0.074169 -0.262131 -0.393586 -0.009025 0.179382 -0.289230 -0.366732 -0.191948
-0.510630 -0.591241 0.249200 0.047228 0.083749 -0.190242 0.070104 0.278322 -0.200489 -0.135883 -0.130934 -0.044654 -0.486339 -0.388857 -0.211526 -0.200303 -0.520530 -0.391480 -0.018130 -0.326781 0.304441 -0.026750 0.517922 0.340384 0.547408 0.492109 0.201616 0.000819 0.284730 -0.094386 1.000000 0.781049 -0.138421 0.013073 0.488058 0.098991 -0.054332 0.040853 0.251648 0.081575 0.225864 -0.037426 0.038570 -0.073755 -0.039098 0.271688 -0.110676 0.059329 -0.223985 -0.093271 -0.246002 -0.318790 -0.496598 -0.465418 -0.099458 -0.230781 -0.508367 -0.564710 -0.474219 -0.206709 -0.412423 -0.193052 -0.349857 -0.393764 0.457059 0.087457 0.195565 0.413138 -0.362108 -0.115727 0.070815 0.158234 -0.033927 -0.043956 -0.118789 0.043427 0.043314 0.052438 -0.408939 -0.194239 -0.446091 -0.260217 0.205006 0.032589 0.375838 0.222751 0.466838 0.327208 0.164230 -0.200023 -0.300561 0.171735 0.041880 0.153984 0.164688 0.008874 0.067388 0.022114 -0.404474 -0.168032 0.157990 -0.122582 -0.096873 -0.105723 0.140318 0.349264 -0.129774 -0.034468 -0.096670 0.107630 0.247942 -0.008725 0.049346 0.237060 0.267631 0.146154
-0.624134 -0.498653 -0.079462 0.171912 -0.035093 -0.100266 -0.124558 0.223252 -0.233039 -0.277727 -0.309011 -0.025788 -0.509222 -0.351842 -0.454234 -0.073908 -0.434145 -0.177841 -0.111091 -0.296449 0.494481 0.252764 0.270185 0.202931 0.296533 0.535237 0.182328 0.109120 0.377708 0.168519 0.781049 1.000000 -0.005597 0.181061 0.437063 0.215586 0.004393 0.275391 0.167812 0.119824 0.227876 0.201748 0.087944 -0.032242 0.130791 0.460107 0.054404 0.127029 -0.179510 0.095705 -0.277661 -0.082296 -0.370624 -0.267092 -0.056719 -0.132937 -0.347972 -0.497879 -0.544671 -0.239462 -0.496878 -0.300971 -0.248252 -0.249454 0.126532 -0.050418 0.024000 0.358706 -0.351496 -0.269341 0.195434 0.361793 0.123448 0.133501 0.057415 0.241459 -0.000766 0.185888 -0.297927 -0.232684 -0.206079 -0.081551 0.100391 0.198022 0.321995 0.246643 0.372244 0.197983 -0.144221 -0.301193 -0.321432 -0.168017 -0.020088 -0.120812 0.004634 -0.008783 0.014954 0.018226 -0.219214 -0.212856 0.182540 -0.065995 -0.094250 -0.272175 -0.026670 0.146528 -0.228606 -0.134845 -0.120105 -0.063399 0.137857 0.012361 0.014989 0.035910 0.087734 0.150172
0.050304 0.244655 -0.116152 -0.347460 0.045964 0.069194 0.112013 -0.185319 0.108015 -0.058297 -0.009259 -0.036304 0.169837 0.137422 -0.072747 0.095106 0.486790 0.536695 0.367577 0.215683 0.077603 0.154314 -0.588973 -0.686492 -0.462500 -0.465675 -0.453501 -0.322041 0.515681 0.698296 -0.138421 -0.005597 1.000000 0.771443 -0.100568 0.043963 0.242690 -0.027100 -0.004956 -0.161333 0.046415 0.394148 -0.024193 -0.022730 0.419130 0.073136 0.122029 -0.002168 -0.270359 0.105959 -0.259700 -0.178800 -0.009483 -0.076048 -0.130727 0.230181 0.282053 0.300906 0.020000 -0.070386 0.273350 -0.192351 0.626750 0.473808 -0.267778 -0.504902 -0.052507 -0.196517 0.278916 0.150692 0.018684 -0.008941 0.736655 0.240605 0.172314 0.139636 0.200111 0.148717 0.386107 0.191799 0.657653 0.740579 -0.042502 0.202761 -0.367983 -0.358020 -0.470854 -0.629593 -0.478192 -0.477065 -0.219069 -0.329740 -0.511030 -0.292712 0.141756 -0.265338 0.169245 0.086166 0.101589 -0.133211 -0.257422 0.288811 0.098695 0.081996 0.056495 -0.203070 -0.041814 -0.145339 -0.142781 -0.244632 -0.226051 0.121267 0.223178 -0.178999 -0.276651 -0.097864
-0.003696 0.158256 -0.085688 -0.276474 0.164403 0.093849 0.078195 0.007919 0.153820 0.034425 -0.082115 0.025454 0.218388 0.075194 0.086088 0.150504 0.386081 0.465809 0.217253 0.150219 0.099300 0.199340 -0.474993 -0.613186 -0.479770 -0.438972 -0.612147 -0.576264 0.529472 0.688396 0.013073 0.181061 0.771443 1.000000 0.043537 0.190146 0.148971 -0.032094 -0.032362 -0.183975 0.099582 0.356578 -0.154795 -0.162009 0.326105 0.095410 -0.067899 -0.190371 -0.313278 0.018016 -0.264643 -0.157306 0.092990 -0.142914 -0.187311 0.072007 0.133368 0.121626 0.079296 -0.091411 0.411535 -0.128780 0.622850 0.546810 -0.108640 -0.509111 -0.186855 -0.228027 0.150195 0.073730 0.016720 0.082902 0.639686 0.216506 0.089643 0.180960 0.120386 0.090231 0.173697 0.052232 0.570810 0.702487 0.084418 0.298155 -0.287546 -0.332626 -0.514976 -0.646960 -0.422200 -0.465744 -0.181473 -0.369284 -0.503405 -0.153484 0.047583 -0.252369 -0.032680 0.088830 0.018299 -0.267627 -0.021357 0.302675 0.155393 0.052002 -0.054168 -0.190121 -0.152921 -0.076496 -0.176999 -0.402087 -0.269793 0.093135 0.177588 -0.117443 -0.412204 -0.180704
-0.025205 -0.250748 0.243083 -0.106912 -0.054827 -0.405144 0.184134 -0.059465 -0.109242 -0.412521 0.310702 -0.023469 -0.041625 -0.230031 0.026344 -0.287173 -0.440422 -0.297869 -0.089238 -0.117365 0.366143 0.145145 0.504576 0.299797 0.326163 0.255964 0.347185 0.150432 0.254062 -0.109562 0.488058 0.437063 -0.100568 0.043537 1.000000 0.585948 -0.018358 0.109021 0.116094 -0.237429 0.177101 0.259243 -0.050875 -0.028111 0.112553 0.377574 -0.258458 -0.120532 -0.073307 -0.119311 0.126974 -0.235585 -0.213037 -0.386040 0.160918 -0.165206 -0.414036 -0.401700 -0.303776 -0.461853 -0.244929 -0.469865 -0.305647 -0.358821 0.436828 -0.011792 0.185317 0.521025 -0.359846 -0.296423 0.086193 0.034945 -0.131746 -0.097630 -0.219117 -0.087428 -0.311433 -0.215635 -0.515340 -0.418055 -0.418077 -0.201328 0.323699 -0.036657 0.305917 0.303925 0.162795 0.128055 0.151026 -0.393067 -0.256996 0.155857 -0.058251 0.287760 0.083540 0.093176 0.041487 0.006759 -0.236818 -0.134391 -0.092079 -0.063190 -0.369314 -0.145228 -0.346871 0.136823 -0.170595 -0.102138 0.019248 -0.155408 0.402147 -0.138542 -0.069814 0.144655 0.156946 -0.057018
-0.043253 -0.049560 -0.170013 0.042525 -0.252781 -0.364201 -0.110509 -0.049058 -0.127571 -0.266949 0.100066 0.137979 0.080426 0.090942 0.180441 0.028352 -0.367148 -0.100677 -0.036355 0.047894 0.081165 0.204345 0.205939 0.147805 -0.157374 0.055390 0.071946 0.014516 0.129147 -0.001818 0.098991 0.215586 0.043963 0.190146 0.585948 1.000000 -0.013415 0.108373 0.119578 -0.027461 -0.123524 0.154665 0.039187 0.140612 0.192809 0.474702 -0.149551 0.021523 -0.000553 0.047239 -0.045810 0.019094 -0.029427 -0.068760 0.171701 -0.047284 -0.118811 -0.267287 -0.081481 -0.307276 -0.092545 -0.397733 -0.143498 -0.209663 0.155120 -0.102347 -0.048260 0.270025 -0.197539 -0.261006 0.001406 0.047297 -0.082448 -0.158781 -0.185365 -0.077501 -0.437958 -0.235932 -0.387140 -0.306175 -0.103970 -0.033705 0.224459 0.034286 0.062763 0.205006 -0.034044 -0.028162 0.010508 -0.281813 -0.060668 -0.165615 -0.006425 0.036374 -0.074387 -0.136391 0.001625 0.150703 -0.072815 -0.160250 0.005051 -0.151714 -0.204899 -0.171447 -0.373130 0.121583 -0.268129 -0.099897 -0.139650 -0.364291 0.291676 -0.235790 -0.176670 0.025873 -0.052300 0.052654
