1.000000 0.176198 0.150980 -0.596884 -0.144859 -0.529678 0.038232 -0.408801 -0.082266 -0.324746 0.561509 0.098992 0.099164 -0.183290 -0.031664 -0.149325 0.335966 0.179550 0.410935 0.604077 -0.072695 -0.212053 -0.190267 -0.372567 0.086400 -0.168447 -0.288974 -0.366103 0.334199 0.180790 0.080810 -0.089558 0.233917 0.128635 -0.116915 -0.478937 0.199320 -0.166708 -0.156497 -0.336795 0.138103 -0.261402 0.369205 0.166648 0.211969 0.108095 0.171257 0.161439 0.212648 0.331873 -0.132656 0.141560 0.082545 0.427848 -0.169029 0.189825 0.576171 0.240847 0.273325 -0.193216 0.075125 -0.243471 0.295295 0.052398 -0.440484 -0.551446 -0.330112 -0.637733 0.109258 0.185482 0.219726 -0.318718 0.144866 -0.100199 0.184764 -0.060434 0.351914 -0.163627 0.052472 0.248517 0.163252 0.270408 0.276218 0.314860 -0.002595 -0.264932 0.038443 -0.258653 -0.347939 -0.149478 -0.118744 0.304794 -0.399870 0.244638 -0.125045 0.150619 -0.204036 -0.212407 0.012476 0.440715 -0.060558 0.379467 0.055940 0.275328 0.054063 0.190921 -0.094615 0.155000 0.037236 0.146574 -0.122600 0.269195 0.146531 0.096612 0.042093 0.076974
0.176198 1.000000 -0.233813 0.087915 -0.280572 -0.189784 -0.150812 0.104350 -0.206923 -0.282195 0.258300 0.069011 0.139714 0.089426 -0.037944 -0.072747 0.305307 0.518174 0.136343 0.276734 -0.316238 -0.278939 -0.268711 -0.391135 -0.147476 -0.362440 -0.061764 -0.154923 0.154549 0.326186 -0.141070 -0.209835 0.145784 0.542424 -0.139426 -0.098701 0.125907 -0.273782 0.045811 -0.073614 0.328366 0.002890 -0.177349 -0.099865 -0.468429 -0.447969 -0.151453 -0.100097 -0.304588 -0.221958 -0.221734 -0.023365 0.155842 -0.152865 -0.015541 -0.287718 0.211487 0.454155 0.311946 0.303730 0.317815 0.480192 0.386769 0.479232 -0.449998 -0.315876 -0.306263 -0.420334 0.144121 -0.057255 -0.197967 -0.079348 0.063166 0.068157 0.027805 0.146260 0.243902 0.030336 0.205392 0.538861 0.257483 0.225072 -0.005953 0.057074 -0.055776 -0.474049 -0.048481 -0.255720 0.089289 -0.197326 -0.064254 -0.273952 -0.394433 -0.081846 -0.335605 -0.079643 0.098145 -0.201520 0.307983 0.132638 0.112940 0.304407 0.286345 0.024821 0.135082 -0.222415 0.281010 0.088245 -0.054171 0.059075 -0.177864 -0.039729 -0.133123 -0.147275 -0.161461 0.043118
0.150980 -0.233813 1.000000 -0.111630 0.377252 -0.133557 0.414995 0.004041 0.351940 -0.072200 -0.107947 -0.370353 -0.173017 -0.283260 0.161457 -0.120752 -0.061656 -0.333290 0.274360 0.193006 -0.085979 -0.086566 0.273880 0.145305 0.316909 0.299970 -0.257895 -0.122775 -0.140844 -0.416591 0.261248 -0.146017 0.110902 -0.069165 -0.004468 -0.264726 -0.175109 -0.234959 -0.284236 0.004509 -0.225162 -0.485178 0.082283 -0.154273 -0.012817 0.078472 -0.039429 -0.020179 0.286904 0.180139 0.053496 0.357252 0.033515 0.098044 0.142460 0.241811 0.058159 0.067267 0.260525 0.268717 -0.156287 -0.252487 -0.178094 -0.082886 0.014884 -0.154153 0.352480 0.116053 0.205893 0.444427 0.275855 -0.359014 -0.070811 -0.258270 -0.128305 -0.167831 -0.099340 -0.213555 -0.201831 -0.211729 -0.293442 -0.254428 0.354415 -0.022282 -0.057559 -0.124593 0.298236 -0.057614 0.183336 0.207378 0.226731 0.439438 -0.130645 0.213034 0.019745 0.083081 -0.241263 -0.302307 -0.235038 -0.117798 -0.088943 0.172795 0.152224 0.284272 -0.259479 0.236422 -0.308196 0.139303 -0.114580 -0.303684 0.001512 -0.212518 0.119033 -0.184546 -0.222376 -0.228453
-0.596884 0.087915 -0.111630 1.000000 -0.069956 0.335036 0.059657 0.563673 0.027775 0.273611 -0.564207 -0.022037 -0.268673 0.199128 -0.346956 -0.037004 -0.171865 -0.039521 -0.222454 -0.282999 -0.090767 0.036449 0.111192 0.439293 -0.225589 0.026331 0.144330 0.211124 -0.359837 -0.038152 -0.028208 0.279439 -0.210313 0.002914 -0.037351 0.217271 -0.320067 -0.110664 -0.094951 0.093209 -0.295411 0.041966 -0.354518 -0.160065 -0.317021 -0.212646 -0.267431 -0.245322 -0.278071 -0.268496 -0.011524 -0.146156 0.028260 -0.448182 -0.007954 -0.264599 -0.302465 -0.195924 -0.187809 0.306860 -0.013719 0.301478 -0.151547 0.177705 0.308623 0.463320 0.106449 0.389715 -0.149020 -0.158643 -0.244453 0.232785 -0.225215 -0.014747 -0.358598 -0.011122 -0.372915 0.161906 0.017247 -0.111882 -0.095660 -0.362778 -0.388960 0.000965 -0.158293 0.232998 -0.167590 0.213792 0.195188 0.154024 0.226859 -0.318280 0.445484 -0.385618 0.014320 0.022334 0.026413 0.045324 0.028962 -0.250485 0.302203 -0.202597 -0.054915 -0.003461 -0.018100 0.013906 0.210195 0.041008 -0.028178 -0.166176 -0.125850 -0.324674 -0.282669 -0.209375 -0.030913 0.000986
-0.144859 -0.280572 0.377252 -0.069956 1.000000 0.339279 0.016154 0.026728 0.498224 0.343983 -0.180874 -0.141274 -0.109054 -0.177059 0.428896 0.311662 -0.324729 -0.438509 -0.132982 -0.034248 0.151393 -0.053853 0.373399 0.336635 0.473101 0.352119 0.244049 0.179706 -0.188921 -0.423482 0.039384 -0.112199 -0.172503 -0.441960 0.161755 -0.171388 -0.178814 -0.102334 -0.090037 -0.175526 -0.247867 -0.288196 0.209958 -0.036381 0.251074 0.316934 0.200045 0.087674 0.528892 0.392189 0.392233 0.492081 0.220882 0.243407 0.054993 0.077785 -0.283328 -0.207361 0.204026 0.088054 -0.288451 -0.317934 -0.355544 -0.391293 0.250529 0.021906 0.331898 0.235380 -0.046058 0.079451 0.114305 -0.055629 -0.166113 -0.121957 -0.000042 -0.224799 -0.205851 -0.322071 -0.435840 -0.485157 -0.444480 -0.382854 0.201405 -0.222165 0.113549 0.056668 0.089753 0.027853 0.072268 -0.109957 0.176577 0.155075 -0.000678 0.072726 -0.145323 -0.039215 0.015109 -0.046632 -0.113470 -0.215388 -0.126499 -0.081138 -0.044604 -0.084245 0.084478 0.195794 -0.047261 -0.013713 -0.119521 -0.089941 0.123880 -0.068407 0.198152 -0.038531 0.080022 0.000982
-0.529678 -0.189784 -0.133557 0.335036 0.339279 1.000000 -0.144320 0.167568 -0.050171 0.511977 -0.483263 -0.006108 -0.281297 -0.059611 0.044259 0.249347 -0.447493 -0.478637 -0.537328 -0.370768 0.347234 0.391766 0.209869 0.486246 0.094771 0.393165 0.551061 0.703601 -0.466496 -0.386888 -0.349930 -0.092224 -0.313651 -0.282177 0.295223 0.376558 0.068362 0.461238 0.248621 0.407071 -0.161666 0.021354 -0.109102 -0.043164 0.057916 0.117732 -0.075650 0.061530 0.050129 -0.212514 0.220497 0.034603 0.020061 -0.245816 0.270466 -0.233020 -0.279336 -0.283830 -0.043486 -0.119511 -0.051016 0.116034 -0.428698 -0.289370 0.412455 0.501287 0.265847 0.531080 0.011783 -0.004970 -0.306465 0.115428 -0.530336 -0.151956 -0.280958 -0.083866 -0.350632 0.154035 -0.187545 -0.331558 -0.243159 -0.423381 -0.145580 -0.241217 0.106928 0.237721 -0.017676 0.286506 0.359648 0.016057 0.216967 -0.290525 0.202695 -0.321650 0.285841 -0.036901 0.284524 0.317622 -0.029671 -0.329085 -0.190695 -0.517930 -0.174174 -0.236145 0.114825 -0.056168 0.118272 -0.292623 0.083500 -0.071565 0.200658 -0.216339 -0.092009 -0.169644 -0.128350 -0.167494
0.038232 -0.150812 0.414995 0.059657 0.016154 -0.144320 1.000000 0.075767 0.483644 0.339769 0.013837 0.095663 0.332804 0.149526 0.002192 0.080933 0.056692 0.022640 0.083866 0.015668 -0.085056 -0.186650 0.102756 0.308297 -0.204674 -0.201286 -0.408978 -0.283708 0.009914 -0.085666 -0.095093 -0.124232 0.001584 0.084860 -0.012350 0.002232 -0.173303 -0.133828 -0.312566 -0.290754 -0.062304 -0.256468 -0.212184 -0.325931 0.001939 -0.158511 -0.156384 -0.411588 -0.010557 -0.102741 -0.031108 -0.209559 -0.343039 -0.302196 -0.184829 -0.201350 -0.191392 -0.150993 -0.063117 0.017030 0.293193 0.009820 0.172710 0.181959 0.341990 0.248746 -0.044154 -0.089425 0.212620 0.025409 0.100644 -0.031407 0.031804 0.007296 0.015857 -0.113195 -0.009205 -0.176124 -0.015681 -0.171134 0.041173 -0.075954 -0.008811 -0.045761 -0.097441 0.102318 -0.105873 -0.304766 0.079310 0.315969 0.052252 0.336528 0.254103 0.166741 -0.244960 -0.091957 -0.345363 -0.267765 -0.405707 -0.214562 0.094182 0.194121 0.102221 0.292021 -0.111080 0.010028 0.005947 0.218731 -0.177749 -0.019379 -0.275434 -0.004698 -0.079099 0.092256 -0.008046 -0.083197
-0.408801 0.104350 0.004041 0.563673 0.026728 0.167568 0.075767 1.000000 0.228263 0.254847 -0.192294 0.173259 -0.235948 0.405975 -0.269006 0.233678 0.036843 0.122385 0.041728 -0.194502 -0.271713 -0.241267 -0.270812 0.213733 -0.387729 -0.118233 -0.209464 -0.189140 0.104136 0.296121 0.050738 0.377604 0.173910 0.282492 -0.329919 -0.043359 -0.194001 0.014362 -0.345057 -0.009809 0.162707 0.112959 -0.300682 -0.319089 -0.418758 -0.278113 -0.244879 -0.364626 -0.431217 -0.288474 -0.194921 -0.135050 -0.196407 -0.363006 -0.282996 -0.465116 -0.305495 -0.227221 -0.316448 0.349997 -0.064509 0.412379 0.255265 0.398549 -0.005894 0.297395 0.198894 0.283242 -0.082814 -0.308541 -0.141054 0.289890 0.168621 0.281617 0.009319 0.253765 -0.032617 0.202408 0.065342 -0.006697 0.003999 -0.145783 -0.162842 0.125342 -0.343757 -0.254956 -0.260557 -0.127752 -0.236360 -0.290252 0.355030 -0.183583 0.149491 -0.333242 -0.140080 -0.126779 -0.239730 -0.250601 0.000826 -0.165904 0.349287 -0.224408 0.157437 0.130547 -0.027100 -0.028311 0.150629 0.135207 -0.179890 -0.051441 -0.367685 0.033203 0.158744 0.072950 0.121852 0.177620
-0.082266 -0.206923 0.351940 0.027775 0.498224 -0.050171 0.483644 0.228263 1.000000 0.366997 -0.028090 0.164249 0.205493 0.266863 0.340974 0.373222 -0.058952 -0.091270 0.021657 0.044985 -0.311372 -0.352943 0.290837 0.435630 0.197991 0.171069 -0.357760 -0.335142 0.126864 -0.063866 0.266504 0.237471 0.014750 -0.012900 0.054966 -0.038320 -0.352828 -0.131577 -0.434213 -0.344521 0.040827 -0.104714 -0.208401 -0.382817 -0.052910 -0.086593 -0.160434 -0.443893 0.071710 0.062268 -0.024188 0.060822 -0.138205 -0.015407 -0.385692 -0.176040 -0.321029 -0.274065 -0.008489 0.119416 0.070610 -0.082066 -0.041180 0.001149 0.274607 0.243921 0.134197 0.036447 -0.012722 -0.169522 0.282150 0.159419 0.203411 0.105429 0.048640 0.127330 -0.038093 -0.188713 -0.327680 -0.280421 -0.184797 -0.141863 0.124508 -0.060323 -0.092020 0.046685 -0.166465 -0.335504 -0.173563 0.080058 -0.000463 0.276757 0.151175 0.131595 -0.246335 -0.036005 -0.442343 -0.440761 -0.467435 -0.286596 0.198460 0.010149 -0.178462 0.127095 -0.178776 0.106029 -0.034447 0.197681 -0.285651 -0.122048 -0.303667 0.030857 -0.024582 0.082278 0.156299 0.172535
-0.324746 -0.282195 -0.072200 0.273611 0.343983 0.511977 0.339769 0.254847 0.366997 1.000000 -0.257740 0.320577 0.086879 0.326413 0.003234 0.493340 -0.211303 -0.289915 -0.429099 -0.359629 0.002968 0.075570 0.196437 0.644778 -0.097253 -0.024310 0.036385 0.189961 -0.313828 -0.131768 -0.298095 0.032219 -0.342680 -0.276649 0.049065 0.295038 -0.182589 0.224101 -0.118495 -0.072428 -0.175548 0.055790 -0.193573 -0.376942 0.073551 -0.044623 -0.204195 -0.383958 0.002530 -0.067783 0.139498 -0.114613 -0.161056 -0.274065 -0.228947 -0.471006 -0.261987 -0.446906 -0.095197 -0.086750 0.304482 0.199503 -0.104977 0.006601 0.557902 0.668259 0.075118 0.255887 -0.083200 -0.130611 -0.188510 0.161900 -0.272833 0.018331 -0.019141 -0.067785 -0.331501 -0.056838 -0.137641 -0.436956 -0.055962 -0.286618 -0.314897 0.015487 0.030628 0.435128 -0.275672 0.106528 0.017693 0.221644 0.120105 -0.066203 0.388232 -0.219448 -0.090296 -0.228434 -0.125563 0.091302 -0.329757 -0.309479 0.048938 -0.256551 -0.173682 -0.100020 -0.037770 0.031106 0.113381 -0.010051 -0.192896 0.027151 -0.300521 -0.017439 -0.126760 -0.043715 0.155502 -0.052459
0.561509 0.258300 -0.107947 -0.564207 -0.180874 -0.483263 0.013837 -0.192294 -0.028090 -0.257740 1.000000 0.238390 0.471990 0.029470 0.041979 -0.131247 0.415403 0.426747 0.461385 0.423514 -0.167823 -0.377669 -0.216743 -0.434960 -0.134853 -0.304317 -0.301854 -0.487857 0.688224 0.367481 0.124523 0.048092 0.322250 0.268633 -0.130805 -0.248297 0.405483 -0.123143 -0.137877 -0.385790 0.407931 -0.034395 0.086016 0.038503 0.026845 -0.039617 0.017847 0.001801 -0.103878 0.140268 -0.330650 0.038571 -0.263666 0.210286 -0.236306 -0.185596 0.242446 0.328007 -0.106481 -0.178517 0.006723 -0.181066 0.550398 0.223043 -0.437494 -0.533087 -0.376815 -0.537330 0.078708 -0.188534 0.264267 -0.061698 0.513099 0.288028 0.481945 0.251133 0.596243 0.009595 0.345986 0.410928 0.291755 0.525650 0.284102 0.109398 0.099761 -0.484225 -0.147256 -0.542582 -0.428000 -0.423597 -0.156742 0.189418 -0.398534 0.279547 -0.234655 -0.115078 -0.171955 -0.254440 0.014375 0.098050 0.089363 0.298883 0.182816 0.097813 0.016039 -0.173216 0.087728 0.122579 -0.102498 0.139951 -0.127058 0.411843 0.256341 0.300687 0.090597 0.292644
0.098992 0.069011 -0.370353 -0.022037 -0.141274 -0.006108 0.095663 0.173259 0.164249 0.320577 0.238390 1.000000 0.306390 0.719890 -0.108008 0.276521 0.244567 0.308115 -0.189551 -0.199837 -0.345688 -0.131023 -0.191973 0.144568 -0.388155 -0.337580 -0.389646 -0.391631 0.285679 0.485632 -0.076567 0.261659 -0.024498 0.101957 -0.148296 0.144274 0.034916 0.253583 -0.268607 -0.182751 0.196524 0.208758 -0.141300 -0.098446 -0.062500 -0.097780 -0.048762 -0.265800 -0.152280 -0.155504 -0.328436 -0.484640 -0.330732 -0.131155 -0.354258 -0.269108 0.089889 -0.093361 -0.213147 -0.299505 0.347142 0.306340 0.310731 0.329217 -0.006735 0.282389 -0.302891 -0.267100 -0.190981 -0.399840 -0.113297 0.300649 0.154419 0.176760 0.137302 0.119238 0.088203 0.062178 0.063965 0.217244 0.279175 0.312375 -0.167800 0.155896 -0.213025 0.049451 -0.393371 -0.289353 -0.306581 -0.021552 0.030725 0.045298 0.250519 -0.178579 -0.234031 -0.236262 -0.314163 -0.039393 -0.128756 -0.125517 0.136069 -0.137678 -0.130327 -0.115108 0.077775 -0.044848 -0.057631 -0.097143 -0.333965 0.206574 -0.487690 0.213527 0.019877 0.101837 0.322810 0.186048
0.099164 0.139714 -0.173017 -0.268673 -0.109054 -0.281297 0.332804 -0.235948 0.205493 0.086879 0.471990 0.306390 1.000000 0.364919 0.342353 0.155831 0.197525 0.398154 -0.006900 -0.032212 -0.157290 -0.213831 -0.010281 0.006695 -0.012010 -0.269964 -0.313957 -0.351808 0.369232 0.174408 -0.109303 -0.188044 -0.098847 0.177584 0.058676 0.092297 0.203601 -0.019989 0.074834 -0.205394 0.359103 0.265020 -0.128276 -0.143608 0.048758 -0.183595 -0.140411 -0.252671 -0.021065 0.035025 -0.143493 -0.295177 -0.272348 -0.115555 -0.106484 -0.160425 -0.060682 0.220386 -0.123687 -0.178900 0.262556 -0.008743 0.202038 0.087932 0.029625 0.069068 -0.380647 -0.340565 0.013354 -0.082285 0.055172 0.036346 0.311457 0.137820 0.299085 0.090679 0.164181 -0.141820 0.186030 0.223687 0.297422 0.348019 -0.051231 -0.160910 0.008632 -0.069360 -0.271863 -0.439795 -0.023343 0.036574 -0.301726 0.095120 -0.115853 0.220501 -0.262109 -0.103704 -0.124921 -0.028365 -0.225677 -0.092725 0.062638 0.168687 -0.080235 -0.071202 -0.025418 -0.239186 0.014850 0.142167 -0.169091 0.223786 -0.083363 0.346593 0.002673 0.299388 0.117274 0.069668
-0.183290 0.089426 -0.283260 0.199128 -0.177059 -0.059611 0.149526 0.405975 0.266863 0.326413 0.029470 0.719890 0.364919 1.000000 0.035381 0.427567 0.263648 0.357877 -0.322651 -0.420015 -0.415574 -0.181634 -0.094292 0.173821 -0.291705 -0.310258 -0.477810 -0.421389 0.219408 0.527253 0.014405 0.195531 -0.158672 0.211460 -0.192602 0.127489 -0.093624 0.158001 -0.267245 -0.064418 0.250714 0.494155 -0.230190 -0.221144 -0.291790 -0.316651 -0.196559 -0.410894 -0.339952 -0.185711 -0.257523 -0.470343 -0.217586 -0.232769 -0.315626 -0.310422 -0.001730 -0.070537 -0.278258 -0.086141 0.344060 0.409661 0.234299 0.339998 0.041691 0.431910 -0.210986 -0.181499 -0.267430 -0.384337 -0.055675 0.332381 0.269567 0.261604 0.255845 0.164960 0.016718 0.055737 0.053130 0.223488 0.272521 0.229281 -0.249290 0.035772 -0.266191 0.021892 -0.341470 -0.203824 -0.154709 0.092856 0.001206 -0.136363 0.304007 -0.207817 -0.216361 -0.232794 -0.304096 -0.147152 -0.214790 -0.151430 0.177998 -0.102303 -0.178118 -0.158805 -0.184893 -0.091108 -0.096882 0.096081 -0.279101 0.173324 -0.479124 0.144742 -0.063926 0.108766 0.340079 0.100193
-0.031664 -0.037944 0.161457 -0.346956 0.428896 0.044259 0.002192 -0.269006 0.340974 0.003234 0.041979 -0.108008 0.342353 0.035381 1.000000 0.357046 -0.185575 -0.128491 -0.101406 0.069261 0.099769 -0.035997 0.246340 0.128885 0.366697 0.228011 0.093761 0.017520 0.017217 -0.236042 0.106278 -0.273288 -0.212575 -0.067808 0.148862 -0.098835 -0.058775 -0.172629 0.102789 -0.068527 0.043203 0.132426 0.056495 -0.073047 0.059693 -0.026134 0.034474 0.044581 0.242590 0.191093 0.238580 0.256760 0.061179 0.176195 0.073429 0.123932 -0.132481 0.064282 0.253692 -0.030356 -0.037935 -0.117608 -0.182921 -0.280089 0.139880 -0.007369 -0.000747 -0.098502 0.101162 0.174205 0.088049 0.039008 0.016672 -0.163646 0.083011 -0.074952 -0.067954 -0.258648 -0.269730 -0.119547 -0.160251 -0.068245 0.465755 -0.100699 0.245950 -0.003615 0.132144 -0.056828 0.225463 0.025231 -0.182280 0.165962 -0.128015 0.244695 -0.011010 -0.049652 0.014077 -0.060763 -0.293483 -0.097363 -0.155894 -0.035281 -0.048203 -0.168386 -0.036249 -0.072438 -0.295057 -0.044811 -0.041981 -0.170912 0.197850 0.074482 0.173682 0.000248 -0.138890 0.027150
-0.149325 -0.072747 -0.120752 -0.037004 0.311662 0.249347 0.080933 0.233678 0.373222 0.493340 -0.131247 0.276521 0.155831 0.427567 0.357046 1.000000 -0.025161 0.029445 -0.158426 -0.166647 -0.109430 0.013743 -0.048710 0.319519 -0.096607 -0.079265 -0.200198 -0.071213 0.131066 0.214605 -0.032062 0.053879 -0.146452 0.028568 0.103216 0.128211 -0.223207 0.173580 -0.178289 -0.010508 0.106005 0.226405 -0.253604 -0.426046 -0.251588 -0.231616 -0.177005 -0.415622 -0.225811 -0.089918 -0.096423 -0.139988 -0.041092 0.001549 -0.248400 -0.288162 -0.088252 -0.151918 -0.069497 -0.011688 0.345272 0.282920 0.053985 0.091386 0.191829 0.370239 -0.106206 -0.019475 0.030881 -0.098049 0.020896 0.252010 0.144654 0.258761 0.216782 0.075487 -0.130944 -0.130717 -0.296678 -0.085314 0.000245 -0.011962 0.066652 0.164714 -0.122445 0.112939 0.012370 -0.020725 -0.115516 0.077958 -0.031116 -0.003796 0.048667 -0.160830 -0.252943 -0.279638 -0.320000 -0.038325 -0.343906 -0.176477 -0.133236 -0.117433 0.059100 -0.144452 -0.104088 -0.000791 -0.177099 0.144637 -0.176221 -0.103509 -0.308528 0.055015 -0.001205 0.105024 0.329435 0.122674
0.335966 0.305307 -0.061656 -0.171865 -0.324729 -0.447493 0.056692 0.036843 -0.058952 -0.211303 0.415403 0.244567 0.197525 0.263648 -0.185575 -0.025161 1.000000 0.552522 0.167328 0.139389 -0.545279 -0.402924 -0.204165 -0.242443 -0.216620 -0.364672 -0.524452 -0.550856 0.448325 0.523259 0.172007 0.046086 0.264081 0.427648 -0.395729 -0.175472 0.041043 -0.089447 -0.460608 -0.365041 0.299940 -0.074996 -0.064548 -0.207261 -0.280101 -0.196911 -0.227322 -0.289076 -0.326538 -0.058313 -0.357394 -0.209273 -0.170277 -0.134374 -0.444189 -0.199808 0.598678 0.551400 -0.011960 -0.092541 0.382420 0.105480 0.606000 0.438445 -0.331814 -0.200401 -0.298905 -0.476477 0.120082 -0.000589 0.072171 -0.004717 0.475490 0.204726 0.321585 0.155322 0.482501 0.024908 0.401031 0.536992 0.577563 0.387123 -0.185551 0.214417 -0.303159 -0.178157 -0.041639 -0.323663 -0.322345 -0.060677 -0.113597 -0.053851 -0.187184 0.069507 -0.380030 -0.093279 -0.437870 -0.258103 -0.062974 0.113784 0.094677 0.500676 0.338146 0.235694 -0.248370 -0.055336 -0.078974 0.105660 -0.223290 0.105771 -0.381826 0.124270 -0.048686 0.158073 0.187015 0.068474
0.179550 0.518174 -0.333290 -0.039521 -0.438509 -0.478637 0.022640 0.122385 -0.091270 -0.289915 0.426747 0.308115 0.398154 0.357877 -0.128491 0.029445 0.552522 1.000000 0.252605 0.118349 -0.443236 -0.378178 -0.541443 -0.406867 -0.299329 -0.524801 -0.438355 -0.594882 0.596473 0.667054 0.062483 0.046309 0.258147 0.462091 -0.244024 -0.079774 0.093793 -0.260736 -0.163758 -0.328468 0.435251 0.194008 -0.137832 0.004049 -0.335849 -0.311793 -0.165317 -0.205513 -0.477194 -0.188234 -0.397153 -0.394250 -0.201628 -0.186372 -0.330479 -0.196547 0.203638 0.389864 -0.209981 -0.017685 0.247410 0.232750 0.589878 0.618922 -0.367858 -0.193287 -0.329821 -0.385551 0.001682 -0.197597 0.058364 0.163207 0.510262 0.290805 0.334901 0.254672 0.302142 0.096511 0.446397 0.617090 0.645292 0.677240 -0.190859 0.080356 -0.337451 -0.358931 -0.214906 -0.520065 -0.321065 -0.216817 -0.155670 -0.124224 -0.160777 -0.047732 -0.429042 -0.272702 -0.257193 -0.274110 0.066493 0.127347 0.214098 0.354587 0.147177 0.180088 -0.031826 -0.088898 0.053516 0.213275 -0.214600 -0.036651 -0.313771 0.144734 -0.051883 0.211279 0.188446 0.068191
0.410935 0.136343 0.274360 -0.222454 -0.132982 -0.537328 0.083866 0.041728 0.021657 -0.429099 0.461385 -0.189551 -0.006900 -0.322651 -0.101406 -0.158426 0.167328 0.252605 1.000000 0.636529 -0.084565 -0.249299 -0.251050 -0.390113 -0.136946 -0.155140 -0.333836 -0.366007 0.464698 0.194155 0.307625 0.268602 0.461458 0.292493 -0.184917 -0.356630 0.043932 -0.304041 -0.216048 -0.181260 0.073144 -0.216359 0.039586 -0.067868 -0.100552 -0.107751 0.011341 0.015739 -0.146025 0.064310 -0.260141 0.099860 -0.239917 0.141726 -0.198602 0.092054 0.112336 0.227662 -0.115207 0.152030 -0.200237 -0.254642 0.318723 0.198495 -0.453604 -0.500493 -0.162694 -0.294392 0.213166 0.093953 0.332799 -0.110871 0.475779 0.260392 0.203213 0.315368 0.372886 0.114525 0.057584 0.131628 -0.075252 0.227798 0.308841 0.274024 -0.082526 -0.380637 0.134772 -0.265638 -0.345715 -0.291137 -0.017917 0.393380 -0.352171 0.263189 -0.224013 0.070297 -0.213654 -0.220202 -0.032108 0.096165 0.194212 0.344423 0.360744 0.307404 -0.069842 -0.078021 -0.142753 0.158584 0.074877 -0.083696 -0.134099 0.185450 0.189710 0.141017 -0.090956 0.219946
0.604077 0.276734 0.193006 -0.282999 -0.034248 -0.370768 0.015668 -0.194502 0.044985 -0.359629 0.423514 -0.199837 -0.032212 -0.420015 0.069261 -0.166647 0.139389 0.118349 0.636529 1.000000 -0.036885 -0.318142 -0.175690 -0.181539 0.069793 -0.005835 -0.127139 -0.216067 0.369598 0.109038 0.178740 0.068881 0.356864 0.316294 -0.074776 -0.339055 0.013641 -0.221107 -0.187129 -0.226232 0.109478 -0.342243 -0.024644 -0.092224 -0.102518 -0.153853 -0.131081 -0.022929 -0.058427 0.107189 -0.243437 0.170869 -0.068665 0.195346 -0.149261 -0.034521 0.242476 0.335768 0.232516 0.104441 -0.191768 -0.310339 0.233625 0.005363 -0.407070 -0.569137 -0.298342 -0.401636 0.078167 0.185601 0.227851 -0.134758 0.235060 0.106573 0.096369 0.162877 0.378212 0.029325 -0.068005 0.112437 -0.038300 0.203429 0.398368 0.377920 0.053796 -0.289516 0.041090 -0.286446 -0.296008 -0.296603 -0.151162 0.285607 -0.341529 0.335568 -0.022851 0.166007 -0.075658 -0.189955 0.100516 0.203242 0.132556 0.347747 0.324661 0.258477 0.111439 -0.031781 0.018286 -0.018644 0.165315 -0.026109 0.056243 0.213345 0.089263 -0.013436 -0.102234 0.299789
-0.072695 -0.316238 -0.085979 -0.090767 0.151393 0.347234 -0.085056 -0.271713 -0.311372 0.002968 -0.167823 -0.345688 -0.157290 -0.415574 0.099769 -0.109430 -0.545279 -0.443236 -0.084565 -0.036885 1.000000 0.520080 0.138003 -0.000169 0.151319 0.184582 0.608745 0.552233 -0.211744 -0.318904 -0.247687 -0.256761 -0.241043 -0.380459 0.290074 -0.013811 0.155096 0.150895 0.579675 0.266698 -0.166137 0.028600 0.362467 0.310660 0.413021 0.237515 0.419257 0.418184 0.271057 0.018676 0.403692 0.081810 0.153829 0.266862 0.450251 0.279543 -0.257101 -0.174030 -0.079303 -0.347874 -0.366507 -0.397005 -0.447311 -0.537744 0.309730 -0.034940 -0.034252 0.116679 -0.032418 0.039033 -0.036752 -0.146610 -0.310895 -0.022042 0.012238 -0.180086 -0.079806 0.109713 -0.113551 -0.318688 -0.270643 -0.209459 0.204119 -0.059714 0.348951 0.185635 0.201301 0.432958 0.314532 -0.017790 -0.036571 -0.017538 0.072898 0.059333 0.350092 0.205785 0.520017 0.477490 0.210818 0.155992 -0.258595 -0.231009 0.037567 -0.235910 0.175275 -0.164535 0.031133 -0.168617 0.548079 0.189615 0.588124 0.152310 0.154044 0.037403 -0.247395 -0.049925
-0.212053 -0.278939 -0.086566 0.036449 -0.053853 0.391766 -0.186650 -0.241267 -0.352943 0.075570 -0.377669 -0.131023 -0.213831 -0.181634 -0.035997 0.013743 -0.402924 -0.378178 -0.249299 -0.318142 0.520080 1.000000 0.040321 0.027859 0.178651 0.296560 0.413389 0.550255 -0.463736 -0.386553 -0.196289 -0.181633 -0.317936 -0.422264 0.447805 0.207408 0.189704 0.251571 0.551097 0.495325 -0.229368 0.164633 0.231149 0.221794 0.297404 0.212624 0.147949 0.356729 0.188965 -0.176830 0.252211 -0.154758 0.188709 -0.051605 0.485523 0.314043 -0.047616 -0.205499 0.001578 -0.300042 -0.023088 -0.093482 -0.583146 -0.504336 0.247859 0.182034 0.045435 0.271709 -0.133418 0.079470 -0.102061 -0.049484 -0.421838 -0.139972 -0.174201 -0.094432 -0.197729 0.169749 -0.021710 -0.251054 -0.264214 -0.276873 -0.078804 -0.091462 0.168787 0.358597 0.154800 0.596081 0.437588 0.241995 0.028926 -0.096278 0.157072 -0.112778 0.445793 0.013041 0.486050 0.413625 0.159593 -0.116821 -0.181740 -0.243159 -0.196038 -0.287634 0.115152 0.018400 -0.103681 -0.282072 0.296675 -0.096033 0.412856 -0.152605 0.030810 -0.252781 -0.150107 -0.293360
-0.190267 -0.268711 0.273880 0.111192 0.373399 0.209869 0.102756 -0.270812 0.290837 0.196437 -0.216743 -0.191973 -0.010281 -0.094292 0.246340 -0.048710 -0.204165 -0.541443 -0.251050 -0.175690 0.138003 0.040321 1.000000 0.420770 0.416068 0.453333 0.207808 0.261331 -0.383280 -0.482670 0.210791 0.041950 -0.209020 -0.325430 0.177255 0.050878 -0.225134 0.029587 -0.023516 0.069916 -0.468077 -0.249294 0.014000 -0.134891 0.110487 0.105482 0.041743 -0.091493 0.308615 0.175186 0.281470 0.283679 0.111152 0.180751 0.150413 0.227969 -0.018060 -0.010935 0.136193 -0.068176 -0.087226 -0.285279 -0.453754 -0.386307 0.407746 0.057950 0.049147 0.104312 0.019215 0.060046 0.106735 -0.075452 -0.220532 -0.173807 -0.194769 -0.232964 -0.197972 -0.088146 -0.385470 -0.387310 -0.452933 -0.480827 0.078549 -0.289363 0.288397 0.369491 0.262896 0.230703 0.258356 0.428523 -0.157211 0.030409 0.190358 0.207953 0.008026 0.199065 0.039330 0.193370 -0.265651 -0.174612 -0.157332 -0.014765 -0.168187 -0.152546 -0.279986 0.004039 -0.063644 -0.018256 0.127995 0.042368 0.138101 -0.140329 -0.208149 -0.101752 -0.141904 -0.070609
-0.372567 -0.391135 0.145305 0.439293 0.336635 0.486246 0.308297 0.213733 0.435630 0.644778 -0.434960 0.144568 0.006695 0.173821 0.128885 0.319519 -0.242443 -0.406867 -0.390113 -0.181539 -0.000169 0.027859 0.420770 1.000000 0.025519 0.243343 0.054891 0.217135 -0.356905 -0.289417 -0.060247 0.203519 -0.254043 -0.271738 0.171245 0.151797 -0.413779 0.173845 -0.217934 -0.013116 -0.402428 -0.101656 -0.363789 -0.428015 0.000553 0.019269 -0.373950 -0.477912 0.011237 0.002666 -0.004696 -0.085988 -0.228441 -0.283569 -0.170699 -0.269856 -0.170159 -0.307568 -0.074983 -0.074652 0.027498 -0.019851 -0.263864 -0.163839 0.658770 0.612803 0.070871 0.341438 -0.090687 0.156983 -0.061243 0.192132 -0.348058 -0.226158 -0.393689 -0.141400 -0.514797 -0.067728 -0.337587 -0.540054 -0.183200 -0.475405 -0.123418 0.089131 -0.038435 0.491808 -0.166497 0.104326 0.030246 0.331611 -0.008988 0.061698 0.498182 -0.035928 0.052017 0.013920 -0.212449 0.121012 -0.333467 -0.318655 0.051160 -0.304329 -0.174653 0.033874 -0.106526 0.190312 0.022977 0.076542 -0.046313 -0.126794 -0.150824 -0.098857 -0.194847 -0.036727 0.174710 -0.031175
0.086400 -0.147476 0.316909 -0.225589 0.473101 0.094771 -0.204674 -0.387729 0.197991 -0.097253 -0.134853 -0.388155 -0.012010 -0.291705 0.366697 -0.096607 -0.216620 -0.299329 -0.136946 0.069793 0.151319 0.178651 0.416068 0.025519 1.000000 0.660107 0.273469 0.221668 -0.227501 -0.440100 0.262212 -0.206106 -0.130943 -0.327936 0.183615 -0.191119 -0.032109 -0.046595 0.194242 0.111677 -0.171330 -0.167797 0.371898 0.144652 0.203832 0.199603 0.107878 0.290438 0.457327 0.302864 0.283488 0.408753 0.413815 0.279904 0.291550 0.442432 0.039101 0.079376 0.420991 0.037047 -0.201046 -0.415232 -0.506811 -0.517548 0.007338 -0.212116 0.179463 0.025585 -0.212558 0.199161 0.153559 -0.178267 -0.160726 -0.298198 -0.097083 -0.072099 -0.106020 -0.086804 -0.294135 -0.288697 -0.285440 -0.195879 0.022991 -0.314778 0.026918 0.010290 0.138200 0.150279 0.150518 0.122176 -0.093695 0.034556 -0.241188 0.184455 0.220586 0.233955 0.262194 0.028450 -0.030440 0.053551 -0.169704 0.102856 -0.351531 -0.048522 -0.085217 0.201940 -0.114152 -0.150332 0.197061 -0.087406 0.370254 -0.031835 -0.064061 -0.299161 -0.203499 -0.133099
-0.168447 -0.362440 0.299970 0.026331 0.352119 0.393165 -0.201286 -0.118233 0.171069 -0.024310 -0.304317 -0.337580 -0.269964 -0.310258 0.228011 -0.079265 -0.364672 -0.524801 -0.155140 -0.005835 0.184582 0.296560 0.453333 0.243343 0.660107 1.000000 0.267184 0.400393 -0.237485 -0.477043 0.341891 0.148730 -0.053078 -0.253610 0.219531 0.039617 -0.008329 0.243718 0.087501 0.334328 -0.180912 -0.137026 0.039306 0.031705 0.081799 0.125091 -0.120657 0.169884 0.228593 0.067033 0.123285 0.273487 0.155398 0.093968 0.289288 0.300804 -0.116707 -0.060296 0.171025 0.068438 -0.275956 -0.315977 -0.547819 -0.565493 0.099776 0.017063 0.281894 0.357639 -0.141403 0.085373 0.225405 0.234006 -0.201344 -0.112131 -0.133666 0.117191 -0.126099 0.163729 -0.351726 -0.317807 -0.490126 -0.324380 0.061826 -0.184128 0.057747 0.127067 0.152319 0.249632 0.097117 0.138052 -0.037546 0.029642 -0.045488 0.069975 0.387437 0.172013 0.149341 0.071808 -0.194932 -0.172647 -0.158131 -0.213701 -0.338120 -0.052194 -0.247407 0.111443 -0.255225 -0.277459 0.217094 -0.168094 0.398960 -0.160671 0.055920 -0.276867 -0.276391 -0.053980
-0.288974 -0.061764 -0.257895 0.144330 0.244049 0.551061 -0.408978 -0.209464 -0.357760 0.036385 -0.301854 -0.389646 -0.313957 -0.477810 0.093761 -0.200198 -0.524452 -0.438355 -0.333836 -0.127139 0.608745 0.413389 0.207808 0.054891 0.273469 0.267184 1.000000 0.839973 -0.540466 -0.484324 -0.377713 -0.316719 -0.391285 -0.508972 0.357621 0.124154 0.186888 0.055945 0.607091 0.228805 -0.281419 -0.018056 0.196365 0.378249 0.269068 0.310071 0.256284 0.506680 0.300417 0.101225 0.506568 0.334566 0.392384 0.100094 0.456970 0.127751 -0.200214 -0.163932 0.150024 -0.089901 -0.335424 -0.141558 -0.532670 -0.513698 0.273041 0.011325 0.121576 0.299363 -0.051436 0.096605 -0.306851 -0.152810 -0.596413 -0.268233 -0.308411 -0.211678 -0.261439 0.069403 -0.092412 -0.330077 -0.290027 -0.389078 0.008583 -0.298957 0.429279 0.140151 0.145848 0.471832 0.425038 -0.133782 0.062069 -0.277968 -0.005974 -0.115104 0.369114 0.198684 0.653380 0.438623 0.379387 0.095332 -0.127562 -0.255657 -0.138966 -0.262864 0.372605 -0.020323 0.318745 -0.238719 0.323809 0.002524 0.577522 -0.096657 -0.044792 -0.230535 -0.222587 -0.120244
-0.366103 -0.154923 -0.122775 0.211124 0.179706 0.703601 -0.283708 -0.189140 -0.335142 0.189961 -0.487857 -0.391631 -0.351808 -0.421389 0.017520 -0.071213 -0.550856 -0.594882 -0.366007 -0.216067 0.552233 0.550255 0.261331 0.217135 0.221668 0.400393 0.839973 1.000000 -0.658719 -0.555541 -0.410293 -0.277997 -0.416036 -0.456214 0.438873 0.268326 0.160832 0.263139 0.567226 0.463843 -0.282816 0.043767 -0.000329 0.231346 0.190469 0.230501 0.092809 0.372149 0.235765 -0.047444 0.404361 0.190667 0.301283 -0.074339 0.519115 0.065963 -0.132565 -0.216263 0.124036 -0.066766 -0.149896 -0.034882 -0.632182 -0.538122 0.320719 0.254268 0.136355 0.416536 0.074398 0.244565 -0.269131 -0.110420 -0.678948 -0.291174 -0.356390 -0.137747 -0.320024 0.091231 -0.224383 -0.398151 -0.362365 -0.494072 -0.061547 -0.242044 0.390700 0.292558 0.203785 0.590447 0.535467 0.091472 0.053830 -0.279941 0.082345 -0.197341 0.400937 0.158314 0.583440 0.476198 0.212966 -0.051368 -0.222470 -0.311694 -0.190056 -0.290781 0.155634 -0.059838 0.159031 -0.240021 0.339344 0.011703 0.479624 -0.301054 -0.132533 -0.297531 -0.269110 -0.262253
0.334199 0.154549 -0.140844 -0.359837 -0.188921 -0.466496 0.009914 0.104136 0.126864 -0.313828 0.688224 0.285679 0.369232 0.219408 0.017217 0.131066 0.448325 0.596473 0.464698 0.369598 -0.211744 -0.463736 -0.383280 -0.356905 -0.227501 -0.237485 -0.540466 -0.658719 1.000000 0.688483 0.411788 0.324141 0.502338 0.480745 -0.271971 -0.191506 0.164403 -0.023661 -0.311894 -0.251556 0.580115 0.106165 -0.110415 -0.133674 -0.193615 -0.220283 -0.087114 -0.218826 -0.419464 -0.063131 -0.568803 -0.249335 -0.399371 0.111293 -0.399822 -0.163334 0.083523 0.349942 -0.341450 -0.109887 -0.021837 -0.144177 0.570112 0.325965 -0.431113 -0.352483 -0.324830 -0.417208 -0.038399 -0.369090 0.362976 0.258368 0.817882 0.592489 0.580656 0.485202 0.606648 0.187652 0.221407 0.491204 0.409796 0.724566 0.276294 0.301132 -0.265020 -0.444549 -0.165804 -0.594952 -0.578514 -0.443169 -0.267875 0.167549 -0.256693 0.115210 -0.273459 -0.150377 -0.377330 -0.321884 -0.107945 0.016665 0.130736 0.172147 0.273783 0.072629 -0.156138 -0.232988 -0.142748 0.075669 -0.092541 0.133607 -0.200520 0.416639 0.280745 0.345103 0.132237 0.353826
0.180790 0.326186 -0.416591 -0.038152 -0.423482 -0.386888 -0.085666 0.296121 -0.063866 -0.131768 0.367481 0.485632 0.174408 0.527253 -0.236042 0.214605 0.523259 0.667054 0.194155 0.109038 -0.318904 -0.386553 -0.482670 -0.289417 -0.440100 -0.477043 -0.484324 -0.555541 0.688483 1.000000 0.138544 0.296213 0.238092 0.533043 -0.333888 -0.038894 0.107591 0.040386 -0.252588 -0.131470 0.467669 0.296819 -0.189224 -0.109879 -0.370692 -0.361801 -0.207937 -0.296039 -0.580964 -0.201780 -0.561824 -0.397721 -0.211928 -0.101257 -0.457504 -0.261334 0.265984 0.326710 -0.300881 -0.058623 0.256534 0.208448 0.529366 0.500126 -0.428065 -0.083923 -0.420085 -0.442514 -0.195824 -0.397090 0.040508 0.323527 0.628641 0.603537 0.396021 0.502753 0.489810 0.376507 0.199587 0.570284 0.485521 0.622362 -0.109082 0.362233 -0.422517 -0.272495 -0.222659 -0.299035 -0.500959 -0.307119 -0.271262 -0.130115 -0.128160 -0.211503 -0.278771 -0.080884 -0.254670 -0.228511 0.042205 0.167622 0.171717 0.119320 0.181468 -0.018764 -0.127088 -0.278548 -0.015479 0.106507 -0.030747 0.210165 -0.376379 0.281845 0.068113 0.219061 0.271580 0.395748
0.080810 -0.141070 0.261248 -0.028208 0.039384 -0.349930 -0.095093 0.050738 0.266504 -0.298095 0.124523 -0.076567 -0.109303 0.014405 0.106278 -0.032062 0.172007 0.062483 0.307625 0.178740 -0.247687 -0.196289 0.210791 -0.060247 0.262212 0.341891 -0.377713 -0.410293 0.411788 0.138544 1.000000 0.585278 0.361715 0.189068 -0.234244 -0.241366 -0.247727 -0.216037 -0.430563 -0.049784 -0.063315 -0.211185 -0.023677 -0.252875 -0.154293 -0.171859 -0.047496 -0.132890 -0.185052 -0.017634 -0.265525 0.035541 -0.104145 0.156793 -0.236732 0.219999 0.074193 0.171153 -0.046422 0.176515 -0.058370 -0.156983 0.146312 0.112855 -0.106392 -0.265367 0.055356 -0.102048 -0.130683 -0.195233 0.420927 0.216692 0.528392 0.225833 0.164150 0.271805 0.157512 0.099629 -0.101535 0.020942 -0.095475 0.155385 0.238764 0.266904 -0.164532 -0.065639 0.160672 -0.090550 -0.367656 0.009792 -0.236395 0.085409 -0.053022 0.001035 0.007652 -0.004123 -0.359070 -0.368800 -0.330184 -0.248580 -0.041600 0.031719 0.024518 -0.067420 -0.483418 0.017472 -0.344057 0.019286 0.012514 -0.149088 -0.141141 0.049330 0.052950 -0.144079 -0.171761 0.153290
-0.089558 -0.209835 -0.146017 0.279439 -0.112199 -0.092224 -0.124232 0.377604 0.237471 0.032219 0.048092 0.261659 -0.188044 0.195531 -0.273288 0.053879 0.046086 0.046309 0.268602 0.068881 -0.256761 -0.181633 0.041950 0.203519 -0.206106 0.148730 -0.316719 -0.277997 0.324141 0.296213 0.585278 1.000000 0.267878 0.135055 -0.333450 -0.102709 -0.325309 0.037845 -0.433615 -0.106649 -0.045372 0.040673 -0.210245 -0.253179 -0.172618 -0.126464 -0.224285 -0.319402 -0.383985 -0.084320 -0.434271 -0.213198 -0.335013 -0.008719 -0.488293 -0.170592 -0.080880 -0.149835 -0.326865 0.096589 -0.101247 -0.018586 0.174311 0.191355 -0.075024 0.044609 0.019614 0.117453 -0.126482 -0.313539 0.218886 0.455023 0.358902 0.311384 0.015947 0.355534 -0.017862 0.222553 -0.182902 -0.065114 -0.095426 0.009160 -0.055095 0.343456 -0.161560 0.108681 -0.173974 -0.083141 -0.542181 -0.075995 -0.131790 0.045423 0.169020 -0.117903 -0.041755 -0.049975 -0.432177 -0.212220 -0.248286 -0.206291 0.194584 -0.162931 -0.142853 0.061025 -0.284065 0.053900 -0.111603 0.120146 -0.087195 0.001984 -0.327346 0.053211 0.002400 0.071026 0.173776 0.312374
0.233917 0.145784 0.110902 -0.210313 -0.172503 -0.313651 0.001584 0.173910 0.014750 -0.342680 0.322250 -0.024498 -0.098847 -0.158672 -0.212575 -0.146452 0.264081 0.258147 0.461458 0.356864 -0.241043 -0.317936 -0.209020 -0.254043 -0.130943 -0.053078 -0.391285 -0.416036 0.502338 0.238092 0.361715 0.267878 1.000000 0.528435 -0.244797 -0.203761 -0.089285 -0.072937 -0.250138 -0.028192 0.218591 -0.236715 -0.103026 -0.302041 -0.198111 -0.152682 -0.130457 -0.216857 -0.203875 -0.110161 -0.369709 0.012540 -0.334412 -0.018406 -0.192858 -0.025747 -0.013313 0.118371 -0.016776 0.142156 -0.010099 0.033737 0.505146 0.329080 -0.367355 -0.380269 0.100986 -0.131129 0.009140 -0.168829 0.347911 -0.063658 0.409750 0.221951 0.217982 0.347828 0.371454 0.110505 0.127340 0.125823 0.059326 0.278478 0.064388 0.086167 -0.377516 -0.479664 -0.037170 -0.420145 -0.462536 -0.280177 -0.156736 0.146272 -0.190432 0.136666 -0.137270 0.045739 -0.200959 -0.174797 -0.020892 -0.003774 0.241929 -0.015819 0.302257 0.181057 -0.057471 -0.158179 -0.027197 -0.113811 0.142308 0.033725 -0.154122 0.149633 0.100716 0.128188 -0.107786 0.119444
0.128635 0.542424 -0.069165 0.002914 -0.441960 -0.282177 0.084860 0.282492 -0.012900 -0.276649 0.268633 0.101957 0.177584 0.211460 -0.067808 0.028568 0.427648 0.462091 0.292493 0.316294 -0.380459 -0.422264 -0.325430 -0.271738 -0.327936 -0.253610 -0.508972 -0.456214 0.480745 0.533043 0.189068 0.135055 0.528435 1.000000 -0.247653 0.089590 0.068868 -0.043965 -0.237909 -0.000109 0.449253 0.075046 -0.368219 -0.373320 -0.470683 -0.531431 -0.343602 -0.378445 -0.565840 -0.424408 -0.545384 -0.280618 -0.280097 -0.341757 -0.203004 -0.339924 0.090946 0.361706 -0.005006 0.239724 0.363232 0.398075 0.534108 0.561917 -0.424593 -0.141234 -0.200823 -0.269043 0.222611 -0.178850 0.005258 0.035045 0.437573 0.352191 0.272745 0.445917 0.439676 0.245849 0.230771 0.513584 0.280391 0.325774 0.031005 0.140867 -0.291191 -0.437863 -0.098494 -0.405441 -0.151094 -0.238738 -0.223892 -0.145806 -0.367736 -0.100877 -0.235695 -0.080113 -0.193704 -0.272099 -0.098800 -0.022224 0.143363 0.088608 0.300565 0.059860 -0.152064 -0.410870 0.047569 -0.005780 -0.024620 0.083275 -0.217664 0.096794 -0.053172 0.065456 -0.115977 0.273074
-0.116915 -0.139426 -0.004468 -0.037351 0.161755 0.295223 -0.012350 -0.329919 0.054966 0.049065 -0.130805 -0.148296 0.058676 -0.192602 0.148862 0.103216 -0.395729 -0.244024 -0.184917 -0.074776 0.290074 0.447805 0.177255 0.171245 0.183615 0.219531 0.357621 0.438873 -0.271971 -0.333888 -0.234244 -0.333450 -0.244797 -0.247653 1.000000 0.400162 0.356209 0.069000 0.457751 0.222640 -0.208382 0.034282 -0.123008 0.174083 0.291785 0.325544 0.054177 0.143141 0.246202 0.002064 0.188720 0.054984 0.232013 -0.079793 0.403140 0.129216 -0.034009 -0.190890 -0.030596 -0.324475 -0.047970 -0.170613 -0.549264 -0.481640 0.390036 0.152145 -0.065517 0.210470 0.071674 0.136865 0.188432 -0.069914 -0.296411 -0.100286 -0.171407 0.030451 -0.081831 0.134159 -0.097546 -0.280466 -0.259969 -0.243552 0.155238 -0.197969 0.293141 0.151877 0.193942 0.163829 0.321846 0.022490 -0.030168 -0.128113 0.046900 0.012017 0.187529 0.031770 0.349855 0.149827 0.072778 -0.157196 -0.149927 -0.211770 -0.238879 -0.266443 0.009283 -0.084530 0.033113 -0.029624 0.236307 -0.223858 0.336784 -0.137941 -0.082034 -0.140483 -0.020961 -0.055433
-0.478937 -0.098701 -0.264726 0.217271 -0.171388 0.376558 0.002232 -0.043359 -0.038320 0.295038 -0.248297 0.144274 0.092297 0.127489 -0.098835 0.128211 -0.175472 -0.079774 -0.356630 -0.339055 -0.013811 0.207408 0.050878 0.151797 -0.191119 0.039617 0.124154 0.268326 -0.191506 -0.038894 -0.241366 -0.102709 -0.203761 0.089590 0.400162 1.000000 0.094561 0.377814 0.174134 0.301109 0.006094 0.233870 -0.342731 -0.021889 0.004227 -0.084468 -0.149028 -0.135190 -0.236887 -0.506602 -0.102918 -0.349299 -0.137784 -0.402933 0.197524 -0.120001 -0.206587 -0.134256 -0.226807 -0.125891 0.302730 0.242413 -0.196425 0.018571 0.287538 0.460232 0.096454 0.428648 0.069170 -0.223285 -0.194606 0.148658 -0.197072 0.155483 -0.028399 0.129236 -0.119119 0.357555 0.084846 0.069925 0.018878 0.016259 -0.303830 -0.156882 -0.000904 0.275608 -0.093352 0.086989 0.323327 0.201283 0.040620 -0.164088 0.165973 -0.198310 0.217864 -0.191110 0.164475 0.302944 -0.024358 -0.175287 0.011922 -0.320361 -0.116181 -0.312304 -0.076835 -0.327356 0.012566 -0.225122 -0.040139 -0.110322 0.148258 -0.227865 -0.276652 -0.195154 -0.060059 0.049009
