1.000000 0.233260 0.394919 -0.085597 -0.577798 0.085208 0.244542 -0.243318 -0.509604 -0.470977 0.580597 0.198364 0.195308 -0.144283 -0.557163 -0.334300 0.137174 -0.074961 -0.051313 -0.160958 0.226781 0.098071 0.298311 0.173681 0.265774 0.339898 0.021357 -0.042387 -0.300783 -0.140963 -0.168439 -0.061313 -0.031095 0.051821 -0.241595 -0.235018 0.114006 0.038883 -0.063859 -0.029709 0.087129 0.135784 -0.133168 -0.149323 -0.079988 -0.194138 -0.147599 -0.186221 0.196425 0.087210 0.519207 0.314970 0.375993 0.245070 0.443639 0.157749 0.533939 0.163182 0.466119 -0.055888 0.566661 0.266297 0.639866 0.514844 0.088523 0.043114 0.083893 -0.053574 -0.360946 -0.267434 -0.131747 0.051859 -0.263876 -0.260317 -0.119318 0.003858 -0.015934 0.012742 -0.092260 0.027183 -0.153145 -0.269212 -0.452253 0.238764 -0.225660 -0.074944 -0.013190 0.075954 -0.332618 0.210834 0.096806 0.263722 0.237118 0.312729 0.045276 0.036296 0.035872 0.027619 -0.042079 0.160123 0.286928 0.352133 -0.041619 0.129195 -0.121565 -0.179948 -0.003610 0.017406 0.019256 0.003186 -0.175125 0.023567 -0.046574 0.150628 -0.307569 -0.141246
0.233260 1.000000 -0.040500 0.103050 -0.204006 -0.051330 -0.117050 -0.011328 -0.153037 -0.088959 0.083086 0.291827 0.053518 0.058347 -0.114888 -0.048726 0.248328 0.313962 0.263020 0.252713 0.005862 0.023672 -0.185320 -0.285590 -0.065240 -0.051148 -0.098633 -0.096966 0.025492 0.249684 0.042188 -0.006995 0.167563 0.138372 -0.231227 -0.311189 -0.002933 0.049240 -0.165403 -0.015267 0.060820 0.209986 -0.021565 -0.147925 -0.154451 -0.259308 -0.125027 -0.286246 0.044456 0.032637 0.036769 0.170005 0.072428 0.020898 0.037586 -0.128876 0.309535 0.657403 -0.236595 0.144739 -0.054292 0.202045 0.282819 0.467621 -0.363370 -0.122596 0.083168 -0.317476 0.008618 0.103264 0.071889 0.148678 0.035541 0.195995 0.196491 0.278723 0.107209 0.206000 0.111121 0.387298 0.141878 -0.066150 0.070697 0.074567 -0.215529 -0.091369 -0.186337 -0.120391 -0.393534 0.013257 -0.172309 -0.213958 -0.207185 -0.197631 0.143922 0.170159 0.021323 0.017722 0.016202 -0.004805 0.299751 0.038465 0.177055 -0.182331 -0.141172 -0.257769 -0.024744 0.095952 0.150752 0.165333 -0.083287 0.255149 -0.029287 0.111654 -0.143113 -0.040931
0.394919 -0.040500 1.000000 0.096680 -0.581619 0.426083 0.810178 -0.271009 -0.585627 -0.618135 -0.093119 -0.209031 -0.125813 -0.463605 -0.640107 -0.625146 -0.539813 -0.567587 -0.068206 -0.315396 0.438115 0.331937 0.653922 0.466309 0.660699 0.645720 0.293804 0.275544 -0.555318 -0.520106 0.285919 0.417019 -0.029479 0.186568 0.051733 -0.028803 -0.220435 -0.252801 -0.282877 -0.144054 -0.168202 -0.204176 0.168137 0.159043 0.066312 0.053042 0.116422 0.216748 0.077620 0.040571 0.166692 -0.035039 0.219641 0.069270 0.070940 0.012749 0.211846 -0.031387 0.434496 -0.012473 0.397775 0.270994 0.115873 0.139848 0.132763 0.227674 0.136303 0.433626 -0.477860 -0.459884 -0.346674 -0.149526 -0.482362 -0.543503 -0.320184 -0.020065 -0.262205 -0.212168 -0.272348 -0.255046 -0.475185 -0.406662 -0.610741 0.073962 -0.293131 0.030837 0.159643 -0.178356 -0.254222 0.261845 0.318802 0.583899 0.221495 0.495103 0.052367 0.017153 -0.027834 0.110076 0.158160 0.318742 -0.128855 0.462489 -0.083208 0.307535 0.069831 0.356290 -0.027132 0.320430 0.227843 0.041091 0.251905 0.275404 0.213578 -0.085562 0.308649 -0.007389
-0.085597 0.103050 0.096680 1.000000 -0.176777 0.493146 0.204877 0.268253 -0.238281 -0.113480 -0.047390 0.312007 -0.136602 0.021767 -0.217768 -0.111062 -0.288887 -0.401804 -0.395932 -0.279427 0.338627 0.447259 0.351741 0.376353 0.287828 0.355956 0.426811 0.449858 -0.372651 -0.303489 0.115488 0.146470 -0.265276 -0.364595 -0.080986 0.112269 -0.127470 0.214951 0.303916 0.299901 -0.255598 0.196143 -0.062771 0.003385 0.068680 0.154819 0.113733 0.061054 0.245154 0.141835 0.130090 0.229313 0.201290 0.088152 -0.058831 0.062586 0.157410 -0.175988 0.146649 0.101750 -0.022758 0.417996 -0.276147 -0.186677 0.256298 0.583250 -0.409088 -0.108228 -0.157491 -0.309059 -0.147609 0.010917 -0.325204 -0.185219 -0.233245 -0.031709 -0.306562 -0.055539 -0.338197 -0.270272 -0.326336 -0.323760 -0.245162 -0.129878 -0.194101 -0.039278 0.080935 -0.054690 0.174075 0.498206 0.235073 0.015817 0.356804 0.156045 -0.023173 -0.232875 -0.130144 -0.087878 -0.162079 -0.289684 -0.001158 -0.286286 -0.367024 -0.364317 -0.187636 -0.020982 -0.294988 -0.094812 -0.145430 -0.129548 -0.053957 -0.205322 0.124835 0.089502 -0.026899 -0.146451
-0.577798 -0.204006 -0.581619 -0.176777 1.000000 -0.431457 -0.503913 0.399626 0.939644 0.861695 -0.141363 -0.045317 0.211608 0.390535 0.914887 0.707700 0.242533 0.425354 0.095003 0.226611 -0.444237 -0.518183 -0.708287 -0.558187 -0.683279 -0.799581 -0.344864 -0.205617 0.685756 0.372938 0.038579 -0.167588 0.004092 0.045807 0.225022 0.113405 -0.009477 -0.239871 -0.113727 -0.181278 0.119584 -0.167359 -0.160204 -0.094909 -0.049931 -0.029826 -0.086399 -0.105160 -0.338221 -0.250235 -0.529559 -0.394846 -0.467022 -0.312398 -0.412357 -0.213380 -0.468831 -0.102370 -0.428222 -0.163885 -0.407891 -0.444967 -0.400057 -0.474742 0.243967 -0.307776 0.038086 -0.231636 0.450101 0.420977 0.403576 -0.090038 0.596358 0.428144 0.327935 -0.084294 0.349644 0.183719 0.246866 0.075750 0.211987 0.327289 0.663032 -0.265422 0.414149 -0.223316 -0.275889 -0.278087 0.375717 -0.569617 -0.470161 -0.525055 -0.411531 -0.421329 -0.062627 -0.126147 -0.119321 -0.118212 -0.191412 -0.254152 -0.211014 -0.237860 0.152977 -0.270249 -0.228926 -0.198631 0.025945 -0.245015 -0.135456 -0.080533 -0.247797 -0.104361 -0.158433 -0.128110 -0.133240 0.042291
0.085208 -0.051330 0.426083 0.493146 -0.431457 1.000000 0.393471 -0.060222 -0.596492 -0.559130 -0.214172 0.028856 -0.463530 -0.202310 -0.656211 -0.670667 -0.530438 -0.699710 -0.274954 -0.262555 0.717666 0.794262 0.534118 0.454735 0.758975 0.778073 0.742038 0.828017 -0.771393 -0.718564 -0.059802 0.040036 -0.304208 -0.359333 0.046299 -0.071403 -0.270127 0.171587 0.187850 0.345776 -0.433431 -0.041661 0.338798 0.352258 0.322179 0.414951 0.362480 0.488984 0.388221 0.414693 0.189135 0.336614 0.263001 0.393157 0.222637 0.373600 0.252411 -0.153346 0.299315 0.482998 -0.112093 0.509804 -0.158882 -0.176819 -0.190023 0.527685 -0.194541 0.304841 -0.183235 -0.235572 -0.318349 0.149286 -0.775426 -0.717738 -0.550998 -0.166252 -0.471096 -0.220161 -0.433307 -0.458838 -0.345591 -0.466143 -0.672007 -0.232915 -0.421519 0.019548 0.019307 -0.015467 -0.092628 0.701507 0.413434 0.252536 0.361017 0.074708 0.091088 -0.010887 -0.005894 0.164453 0.061693 0.003604 0.040344 -0.290586 -0.293127 -0.226600 0.172682 0.304280 -0.112133 0.151898 0.203828 0.066631 0.355076 -0.020647 0.127055 0.027261 0.214502 0.017518
0.244542 -0.117050 0.810178 0.204877 -0.503913 0.393471 1.000000 -0.226781 -0.533151 -0.566706 -0.205417 -0.235156 -0.077991 -0.439957 -0.542858 -0.540084 -0.526544 -0.533911 -0.181510 -0.311638 0.367315 0.324754 0.712488 0.603303 0.566768 0.586960 0.289745 0.242468 -0.441240 -0.454098 0.304288 0.434169 0.026797 0.123176 0.060161 0.062603 -0.189387 -0.200538 -0.166356 -0.108139 -0.038236 -0.094568 0.045915 0.052703 -0.016106 -0.005461 -0.006812 0.078463 0.059195 -0.028790 0.085149 -0.072157 0.261124 0.078527 0.074485 -0.096899 0.084525 -0.098454 0.463814 -0.072659 0.538371 0.263586 0.054113 0.189559 0.328270 0.219663 -0.069071 0.328124 -0.555631 -0.507019 -0.387576 -0.178484 -0.402493 -0.491929 -0.332433 -0.086647 -0.273051 -0.306000 -0.287573 -0.122416 -0.386706 -0.309152 -0.556512 0.256430 -0.087657 0.053751 0.030168 -0.220462 -0.123697 0.354668 0.331886 0.664252 0.310510 0.655177 -0.008886 -0.039088 -0.210109 -0.034415 0.186829 0.326649 -0.174650 0.411774 -0.234270 0.319633 -0.005353 0.336264 -0.217611 0.297337 0.111463 0.034321 0.104947 0.261545 0.220315 -0.159252 0.229864 -0.023725
-0.243318 -0.011328 -0.271009 0.268253 0.399626 -0.060222 -0.226781 1.000000 0.462281 0.552184 0.188065 0.652011 0.456651 0.747149 0.412769 0.445652 0.012863 -0.035534 -0.445420 -0.303496 -0.063239 -0.195808 -0.375519 -0.335318 -0.434709 -0.381299 -0.305683 -0.088037 0.079158 -0.024041 -0.121543 -0.166722 -0.410816 -0.308922 -0.134260 0.119164 -0.338149 -0.183428 0.120154 0.009110 -0.218639 -0.096290 -0.111188 0.036977 0.157320 0.107883 0.075624 -0.044348 0.263236 0.131622 -0.034192 0.166399 -0.011928 -0.154198 -0.089743 0.075807 -0.106889 -0.381626 0.089590 0.077287 -0.248672 0.249078 -0.539466 -0.427701 0.301596 0.458827 -0.312313 -0.166296 -0.121445 -0.108384 0.248642 -0.080234 0.031381 0.159334 0.041477 -0.206504 -0.048104 -0.025332 -0.326480 -0.237161 -0.295110 -0.235099 0.268207 -0.475862 -0.077782 -0.412850 -0.056051 -0.279623 0.205345 -0.085532 -0.163764 -0.329489 0.090103 -0.175511 0.022670 -0.274335 0.054851 -0.273976 -0.342567 -0.413120 -0.037598 -0.236286 -0.123795 -0.480769 -0.267527 -0.247003 -0.083782 -0.070263 -0.202297 -0.196123 -0.299337 -0.331552 -0.131406 -0.008076 -0.111929 -0.256574
-0.509604 -0.153037 -0.585627 -0.238281 0.939644 -0.596492 -0.533151 0.462281 1.000000 0.923307 -0.059656 0.030020 0.363209 0.486432 0.967781 0.802994 0.332683 0.493312 0.119735 0.190087 -0.503768 -0.611181 -0.768970 -0.625664 -0.801483 -0.899824 -0.515307 -0.395202 0.747231 0.479112 0.016842 -0.209645 0.016993 0.076031 0.153601 0.107969 -0.023631 -0.303878 -0.193299 -0.297540 0.150838 -0.160388 -0.239409 -0.168254 -0.122014 -0.105420 -0.151984 -0.205035 -0.370855 -0.295395 -0.482994 -0.410368 -0.430597 -0.357318 -0.406513 -0.276735 -0.500855 -0.072436 -0.411493 -0.187254 -0.342246 -0.461199 -0.361837 -0.384238 0.267151 -0.315917 0.071698 -0.232369 0.400370 0.376594 0.391449 -0.190826 0.672088 0.505292 0.415379 -0.095252 0.362346 0.142195 0.273685 0.139756 0.187711 0.356137 0.712415 -0.246511 0.406004 -0.263452 -0.228727 -0.257407 0.351997 -0.699811 -0.489981 -0.506015 -0.388415 -0.370287 -0.019739 -0.164974 -0.042969 -0.135239 -0.166837 -0.270867 -0.205461 -0.086339 0.229854 -0.180212 -0.222625 -0.232984 0.117329 -0.224168 -0.161677 -0.136892 -0.329125 -0.121303 -0.149157 -0.057690 -0.132429 0.001869
-0.470977 -0.088959 -0.618135 -0.113480 0.861695 -0.559130 -0.566706 0.552184 0.923307 1.000000 0.022202 0.186663 0.296241 0.608857 0.912280 0.921505 0.265069 0.467722 -0.006170 0.125256 -0.529917 -0.589794 -0.687564 -0.564001 -0.810605 -0.885157 -0.509164 -0.332422 0.614960 0.387079 -0.012314 -0.233696 -0.119549 -0.106106 0.048027 0.080632 -0.101199 -0.254119 -0.099819 -0.145238 0.085512 -0.140969 -0.177023 -0.125872 -0.044687 -0.071912 -0.084341 -0.163135 -0.230917 -0.208046 -0.361989 -0.271617 -0.292138 -0.308179 -0.362449 -0.199078 -0.411832 -0.118625 -0.366747 -0.149920 -0.352152 -0.302802 -0.431453 -0.438639 0.289962 -0.129314 -0.089628 -0.329606 0.346305 0.282968 0.396558 -0.088375 0.531875 0.473850 0.331925 -0.159390 0.225094 0.192758 0.113896 0.077052 0.051903 0.204302 0.636104 -0.306321 0.332715 -0.278000 -0.106985 -0.226410 0.422239 -0.562712 -0.405943 -0.501317 -0.292041 -0.327452 0.005904 -0.154259 0.030755 -0.189207 -0.186762 -0.335076 -0.195653 -0.173607 0.072846 -0.327962 -0.232162 -0.266646 0.007140 -0.234437 -0.188140 -0.159260 -0.254450 -0.219344 -0.077337 -0.069411 -0.182802 -0.108178
0.580597 0.083086 -0.093119 -0.047390 -0.141363 -0.214172 -0.205417 0.188065 -0.059656 0.022202 1.000000 0.399145 0.540962 0.212169 -0.082670 0.188668 0.378392 0.119298 -0.255310 -0.102868 -0.029938 -0.182751 0.011679 0.018998 -0.089548 -0.053599 -0.213798 -0.303346 0.026239 0.081797 -0.377311 -0.203534 -0.116524 -0.071256 -0.165912 0.101382 -0.019895 0.156676 0.188255 -0.125501 -0.002995 0.171013 -0.237634 -0.221826 -0.115650 -0.197168 -0.180865 -0.279639 0.211516 -0.040383 0.519172 0.296946 0.224989 0.075751 0.328841 0.076695 0.373984 -0.029015 0.190133 -0.236737 0.225056 0.003505 0.328320 0.159781 0.229166 0.151202 0.024498 -0.173730 -0.043525 -0.006069 0.054710 0.038139 0.006399 0.103719 0.143991 -0.009778 0.084699 -0.080214 -0.141111 0.056264 -0.112836 -0.241356 0.029037 -0.062184 -0.246417 -0.094098 -0.072791 -0.072040 -0.168309 0.031903 -0.157240 -0.031257 0.090615 0.145824 -0.044688 -0.108305 0.071940 -0.001790 -0.332297 -0.094589 0.185566 0.138266 -0.238723 -0.099796 -0.342130 -0.328200 -0.057024 -0.165505 -0.242145 -0.081790 -0.306250 -0.262977 -0.151123 -0.010887 -0.423612 -0.262868
0.198364 0.291827 -0.209031 0.312007 -0.045317 0.028856 -0.235156 0.652011 0.030020 0.186663 0.399145 1.000000 0.378121 0.736529 -0.001690 0.276403 0.080313 -0.033864 -0.384168 -0.244014 0.055483 -0.022891 -0.138138 -0.121784 -0.184846 -0.105392 -0.169561 -0.019397 -0.141689 0.008115 -0.232773 -0.184079 -0.349173 -0.420012 -0.366417 -0.170452 -0.260971 0.120460 0.153371 0.165316 -0.297110 0.186914 -0.116842 -0.036240 0.074405 -0.078732 0.028144 -0.146504 0.491120 0.389201 0.352654 0.617917 0.247711 0.111502 0.089493 0.286208 0.172168 -0.266013 0.163046 0.125020 -0.110011 0.536338 -0.122974 -0.026188 0.104294 0.454052 -0.419129 -0.453158 -0.215634 -0.204478 0.202720 0.209139 -0.158929 0.120208 -0.012476 0.023239 -0.074951 0.059005 -0.313819 -0.105466 -0.233769 -0.419101 -0.009952 -0.187059 -0.210220 -0.290763 -0.019036 -0.096272 -0.030190 0.178212 -0.002160 -0.225476 0.243609 -0.062548 -0.035695 -0.108449 0.084347 -0.246655 -0.274117 -0.296884 0.288965 -0.258223 -0.188631 -0.453352 -0.289870 -0.410547 -0.224296 -0.224941 -0.202312 -0.208142 -0.368676 -0.293853 -0.083802 0.233715 -0.409932 -0.188391
0.195308 0.053518 -0.125813 -0.136602 0.211608 -0.463530 -0.077991 0.456651 0.363209 0.296241 0.540962 0.378121 1.000000 0.459919 0.309778 0.369134 0.333068 0.232929 -0.193106 -0.146373 -0.171397 -0.485625 -0.235660 -0.258212 -0.421518 -0.413057 -0.571671 -0.618556 0.354045 0.330787 -0.195256 -0.115976 -0.005060 0.138229 -0.012290 0.178583 -0.164662 -0.228255 -0.063640 -0.343244 0.120347 -0.088578 -0.350243 -0.330479 -0.171203 -0.291441 -0.230597 -0.430805 0.024973 -0.177386 0.104154 -0.069114 -0.097234 -0.279684 -0.061419 -0.196546 0.017044 -0.055682 0.130083 -0.318928 0.313395 -0.183537 0.001717 0.068544 0.444796 -0.053306 0.080525 -0.122525 -0.145432 0.041977 0.144569 -0.233821 0.312548 0.312695 0.211463 -0.043730 0.176845 -0.100974 -0.106837 0.186199 -0.126009 -0.089535 0.268720 -0.080074 0.067357 -0.286375 -0.176667 -0.264089 -0.127711 -0.391706 -0.380041 -0.047329 -0.079055 0.180280 -0.061817 -0.251735 -0.089068 -0.109092 -0.391385 -0.035331 0.016846 0.296619 0.085873 -0.020353 -0.358362 -0.233337 0.053331 0.019318 -0.329765 -0.116403 -0.507066 -0.125376 -0.177492 -0.096929 -0.225026 -0.163796
-0.144283 0.058347 -0.463605 0.021767 0.390535 -0.202310 -0.439957 0.747149 0.486432 0.608857 0.212169 0.736529 0.459919 1.000000 0.447377 0.642171 0.109174 0.129983 -0.280602 -0.104420 -0.135086 -0.315327 -0.401417 -0.369137 -0.467115 -0.508374 -0.363236 -0.192776 0.132203 0.149669 -0.307478 -0.428760 -0.331547 -0.403394 -0.239235 -0.117942 -0.318234 -0.048772 0.117032 0.086910 -0.199505 -0.024065 -0.110449 -0.054437 0.034011 -0.089316 -0.013736 -0.110962 0.289345 0.201108 0.102747 0.330392 0.096228 -0.024475 -0.054493 0.137947 -0.181557 -0.319360 -0.006351 0.169709 -0.300481 0.221009 -0.401122 -0.261297 0.116033 0.259240 -0.256058 -0.389658 0.014171 0.110588 0.271766 0.010329 0.046389 0.186945 0.035409 -0.171607 0.005207 0.090504 -0.265288 -0.109454 -0.207323 -0.228298 0.237726 -0.304690 0.008628 -0.421769 -0.122045 -0.149906 0.175854 -0.149584 -0.236581 -0.348630 0.034221 -0.202118 0.041174 -0.173777 0.164421 -0.197198 -0.364938 -0.343800 0.094817 -0.265672 -0.050422 -0.451362 -0.210149 -0.367974 -0.093373 -0.151644 -0.251847 -0.167043 -0.282441 -0.299079 -0.109126 0.168691 -0.344437 -0.209628
-0.557163 -0.114888 -0.640107 -0.217768 0.914887 -0.656211 -0.542858 0.412769 0.967781 0.912280 -0.082670 -0.001690 0.309778 0.447377 1.000000 0.833655 0.336038 0.509200 0.153237 0.245522 -0.565447 -0.655687 -0.729780 -0.573435 -0.827010 -0.905406 -0.516093 -0.439822 0.773140 0.531685 0.049020 -0.169807 0.063410 0.096899 0.189546 0.154116 0.025195 -0.241680 -0.117278 -0.258432 0.191383 -0.096178 -0.275983 -0.222984 -0.207200 -0.177331 -0.216152 -0.261370 -0.409185 -0.376807 -0.472128 -0.427844 -0.386082 -0.395064 -0.404839 -0.328424 -0.537889 -0.036210 -0.437068 -0.216691 -0.334816 -0.484201 -0.360553 -0.335482 0.246919 -0.335832 0.060336 -0.269990 0.424431 0.395182 0.420477 -0.172669 0.711149 0.562470 0.454562 -0.043292 0.366165 0.182246 0.296788 0.172899 0.213386 0.390765 0.804455 -0.164784 0.457118 -0.192546 -0.175592 -0.195665 0.389952 -0.633163 -0.467781 -0.499908 -0.382620 -0.344817 -0.071108 -0.166867 -0.015021 -0.168965 -0.162568 -0.250114 -0.204364 -0.118853 0.227030 -0.161789 -0.196606 -0.243026 0.091726 -0.214461 -0.167739 -0.113261 -0.293995 -0.165043 -0.178433 -0.035054 -0.168410 -0.025945
-0.334300 -0.048726 -0.625146 -0.111062 0.707700 -0.670667 -0.540084 0.445652 0.802994 0.921505 0.188668 0.276403 0.369134 0.642171 0.833655 1.000000 0.309434 0.505616 -0.030563 0.156909 -0.578182 -0.638295 -0.543711 -0.392488 -0.761214 -0.839617 -0.522075 -0.437849 0.606195 0.479030 -0.053659 -0.243650 -0.052966 -0.104821 0.003655 0.082035 -0.062750 -0.125182 -0.022449 -0.114676 0.122253 0.038240 -0.273129 -0.251061 -0.181748 -0.252400 -0.199089 -0.294660 -0.186785 -0.254371 -0.165921 -0.158414 -0.178788 -0.264483 -0.300312 -0.239558 -0.388101 -0.121573 -0.305054 -0.251277 -0.201792 -0.290959 -0.304560 -0.253566 0.319148 -0.143068 -0.145022 -0.456966 0.274055 0.241697 0.370570 -0.059148 0.528043 0.529368 0.385414 -0.088535 0.226333 0.184766 0.078321 0.143594 0.035540 0.135123 0.611127 -0.111962 0.344496 -0.212522 -0.074590 -0.163064 0.393860 -0.495513 -0.363648 -0.403947 -0.193166 -0.175319 -0.054859 -0.125498 0.052531 -0.228430 -0.229726 -0.301215 -0.124925 -0.136976 -0.023241 -0.279030 -0.291083 -0.349958 -0.084612 -0.258480 -0.270680 -0.147684 -0.312196 -0.231017 -0.046366 -0.032929 -0.325645 -0.149243
0.137174 0.248328 -0.539813 -0.288887 0.242533 -0.530438 -0.526544 0.012863 0.332683 0.265069 0.378392 0.080313 0.333068 0.109174 0.336038 0.309434 1.000000 0.665565 0.368414 0.467710 -0.339392 -0.389217 -0.581857 -0.479661 -0.470174 -0.506981 -0.397190 -0.545929 0.649941 0.689312 -0.206810 -0.247459 0.361344 0.292763 -0.171747 -0.128443 0.410386 0.036236 -0.062944 -0.317587 0.302054 0.269845 -0.315336 -0.321542 -0.280702 -0.402731 -0.403342 -0.529907 -0.277554 -0.230200 -0.040228 -0.047872 -0.204424 -0.050488 0.068590 -0.122892 0.056627 0.293732 -0.411732 -0.213180 0.081413 -0.348022 0.505581 0.410796 -0.128911 -0.439774 0.282743 -0.380877 0.393902 0.400453 0.161331 -0.159946 0.606700 0.593439 0.540692 0.226211 0.507132 -0.009223 0.548782 0.566695 0.637671 0.501293 0.490117 0.161886 0.155107 0.051465 -0.192963 0.115304 -0.076527 -0.355154 -0.480631 -0.441646 -0.373378 -0.303685 -0.071369 -0.024737 -0.222149 0.022394 -0.222799 -0.054671 0.241347 0.050889 0.361956 0.079506 -0.382321 -0.502392 0.052590 -0.375715 -0.160327 -0.091558 -0.415824 -0.086835 -0.317437 0.101328 -0.422076 0.034185
-0.074961 0.313962 -0.567587 -0.401804 0.425354 -0.699710 -0.533911 -0.035534 0.493312 0.467722 0.119298 -0.033864 0.232929 0.129983 0.509200 0.505616 0.665565 1.000000 0.394003 0.473052 -0.577219 -0.551499 -0.653712 -0.574968 -0.616811 -0.686064 -0.532645 -0.528344 0.721866 0.746148 0.009891 -0.176340 0.424717 0.362901 -0.085994 -0.075691 0.293710 -0.010712 -0.164235 -0.307433 0.374152 0.210643 -0.200173 -0.237791 -0.185555 -0.293501 -0.267229 -0.479286 -0.391661 -0.238896 -0.247795 -0.243413 -0.306030 -0.291237 -0.177150 -0.266279 -0.096665 0.375621 -0.565031 -0.265645 -0.022804 -0.463809 0.321770 0.289092 -0.098750 -0.630998 0.188039 -0.446504 0.369559 0.381530 0.192517 -0.063282 0.711092 0.673121 0.605091 0.186480 0.578359 0.247441 0.548235 0.597088 0.643749 0.580404 0.588479 0.154570 0.375254 0.063097 -0.127798 0.088545 -0.024892 -0.593647 -0.474766 -0.481492 -0.454155 -0.367028 -0.077125 0.068154 -0.262044 -0.124056 0.015058 -0.023368 0.071986 0.013503 0.304237 0.027238 -0.241488 -0.425968 0.049679 -0.285153 -0.155101 -0.068925 -0.356201 0.144017 -0.026213 -0.056832 -0.205296 0.134811
-0.051313 0.263020 -0.068206 -0.395932 0.095003 -0.274954 -0.181510 -0.445420 0.119735 -0.006170 -0.255310 -0.384168 -0.193106 -0.280602 0.153237 -0.030563 0.368414 0.394003 1.000000 0.731700 -0.172860 -0.255446 -0.343008 -0.375496 -0.152833 -0.254556 -0.123749 -0.243298 0.404803 0.381915 0.025395 -0.034857 0.633167 0.463547 -0.112159 -0.325237 0.268114 -0.238196 -0.405520 -0.195397 0.123156 -0.133203 0.018055 -0.092071 -0.346235 -0.389506 -0.164402 -0.196607 -0.483991 -0.251505 -0.351693 -0.287331 -0.174553 -0.092697 -0.233175 -0.232977 -0.178387 0.384590 -0.351806 0.067964 -0.015171 -0.295632 0.400058 0.417208 -0.415491 -0.646077 0.569493 -0.128607 0.415477 0.455415 0.112151 -0.063949 0.372748 0.258466 0.343555 0.344088 0.361119 0.080389 0.632188 0.398699 0.489247 0.440829 0.182801 0.392897 0.084753 0.090740 -0.098803 -0.002650 -0.155929 -0.307872 -0.187839 -0.115927 -0.406935 -0.257314 0.096106 0.296363 -0.079697 0.244954 0.043941 0.240730 0.082170 0.274398 0.568169 0.447969 0.182441 -0.081044 0.147177 0.073760 0.289321 0.186761 0.024641 0.147152 -0.079167 0.189847 0.061570 0.211675
-0.160958 0.252713 -0.315396 -0.279427 0.226611 -0.262555 -0.311638 -0.303496 0.190087 0.125256 -0.102868 -0.244014 -0.146373 -0.104420 0.245522 0.156909 0.467710 0.473052 0.731700 1.000000 -0.240988 -0.304893 -0.342214 -0.203868 -0.189205 -0.318455 0.026148 -0.160529 0.516142 0.475007 0.053964 -0.040813 0.585291 0.356841 -0.050088 -0.305791 0.228517 -0.068937 -0.102230 -0.059430 0.216143 0.114640 -0.179721 -0.264167 -0.425848 -0.502241 -0.342428 -0.351942 -0.457200 -0.358486 -0.329897 -0.209620 -0.244809 -0.088861 -0.276542 -0.277764 -0.277890 0.244946 -0.463077 -0.151140 -0.101026 -0.376044 0.289404 0.340357 -0.365414 -0.622655 0.370352 -0.467432 0.501525 0.534160 0.253567 0.107861 0.428073 0.413264 0.533779 0.413496 0.482273 0.199167 0.520068 0.401986 0.548403 0.387904 0.301896 0.418943 0.129158 0.204710 -0.156440 0.075494 0.027512 -0.211302 -0.092637 -0.077438 -0.226365 -0.233654 -0.009991 0.179962 -0.208002 0.140053 -0.170783 0.206862 0.199589 0.027141 0.337120 0.238972 -0.031840 -0.220249 -0.097765 -0.169790 0.124904 0.114607 -0.035022 0.045756 -0.003605 0.101607 -0.082394 0.211276
0.226781 0.005862 0.438115 0.338627 -0.444237 0.717666 0.367315 -0.063239 -0.503768 -0.529917 -0.029938 0.055483 -0.171397 -0.135086 -0.565447 -0.578182 -0.339392 -0.577219 -0.172860 -0.240988 1.000000 0.600669 0.484257 0.335077 0.618828 0.620242 0.609885 0.504404 -0.609546 -0.501614 -0.137056 -0.046978 -0.165317 -0.262748 -0.033721 -0.092928 -0.194664 0.127228 0.142526 0.141777 -0.278146 -0.105134 0.186579 0.156894 0.206409 0.215741 0.220124 0.255476 0.324103 0.323597 0.321781 0.288114 0.293354 0.326797 0.328922 0.318786 0.223828 -0.099293 0.317123 0.461819 0.070427 0.364679 0.025532 0.049820 -0.093265 0.383629 0.095540 0.250357 -0.194408 -0.121835 -0.253818 -0.111218 -0.560361 -0.615008 -0.405160 -0.117513 -0.350777 -0.284011 -0.333620 -0.275385 -0.359823 -0.480810 -0.504934 -0.108512 -0.338499 -0.170464 -0.066160 -0.034087 -0.079372 0.561264 0.162429 0.241531 0.264529 0.131901 -0.030630 -0.026381 0.057139 0.153274 -0.002981 0.026799 0.135124 0.108079 -0.054527 0.004727 0.042176 0.133465 0.042405 0.155359 0.084687 -0.006802 0.149542 -0.059326 0.073960 0.185670 0.124768 -0.142695
0.098071 0.023672 0.331937 0.447259 -0.518183 0.794262 0.324754 -0.195808 -0.611181 -0.589794 -0.182751 -0.022891 -0.485625 -0.315327 -0.655687 -0.638295 -0.389217 -0.551499 -0.255446 -0.304893 0.600669 1.000000 0.509605 0.435390 0.687981 0.755147 0.720116 0.763879 -0.683398 -0.583324 -0.004038 0.100397 -0.239483 -0.329666 -0.079565 -0.011728 -0.060005 0.308540 0.138011 0.313659 -0.240391 0.231924 0.296737 0.296345 0.305474 0.392848 0.372591 0.428562 0.367723 0.379733 0.191977 0.316969 0.140171 0.412154 0.328509 0.413689 0.310231 -0.022647 0.225147 0.458808 -0.069842 0.472181 -0.021015 -0.106649 -0.227953 0.439059 -0.267118 0.291640 -0.195870 -0.273399 -0.452206 0.112437 -0.647480 -0.587316 -0.441948 -0.096452 -0.523844 -0.167764 -0.261236 -0.349992 -0.194960 -0.351725 -0.597248 -0.095134 -0.384074 0.052723 -0.037673 0.162721 -0.100848 0.612059 0.395557 0.167022 0.252277 0.040388 0.292157 0.008606 0.157054 0.181591 0.269990 -0.174236 0.046405 -0.285877 -0.293217 -0.200760 0.124602 0.353946 0.091752 0.073970 0.012408 -0.012657 0.320924 0.137108 0.172274 -0.097274 0.252846 0.194319
0.298311 -0.185320 0.653922 0.351741 -0.708287 0.534118 0.712488 -0.375519 -0.768970 -0.687564 0.011679 -0.138138 -0.235660 -0.401417 -0.729780 -0.543711 -0.581857 -0.653712 -0.343008 -0.342214 0.484257 0.509605 1.000000 0.859538 0.771412 0.816928 0.515990 0.398184 -0.711664 -0.595706 0.093799 0.290089 -0.102584 -0.125833 0.053276 0.161779 -0.209684 0.221197 0.199903 0.202210 -0.156338 0.073288 0.131990 0.084671 0.050975 0.090956 0.088709 0.219004 0.232975 0.105623 0.417835 0.162654 0.404158 0.188849 0.245896 0.092889 0.246560 -0.122873 0.506780 0.004835 0.400547 0.333149 0.063430 0.103374 0.154725 0.438868 -0.123840 0.317225 -0.392169 -0.386065 -0.435546 -0.009846 -0.643605 -0.599902 -0.485951 -0.125593 -0.483545 -0.262865 -0.466858 -0.249060 -0.436798 -0.470171 -0.643525 0.154579 -0.226098 0.184150 0.269562 0.084123 -0.046767 0.647597 0.493621 0.626814 0.442311 0.608806 -0.108007 0.021534 -0.007296 -0.003260 0.128839 0.205243 -0.110646 0.158193 -0.425132 0.163097 0.109777 0.343937 -0.166080 0.259532 0.026412 0.035885 0.308060 0.038726 0.231666 -0.082886 0.168889 -0.117921
0.173681 -0.285590 0.466309 0.376353 -0.558187 0.454735 0.603303 -0.335318 -0.625664 -0.564001 0.018998 -0.121784 -0.258212 -0.369137 -0.573435 -0.392488 -0.479661 -0.574968 -0.375496 -0.203868 0.335077 0.435390 0.859538 1.000000 0.674018 0.732134 0.542981 0.404427 -0.482148 -0.390616 0.232559 0.415909 -0.020075 -0.051898 0.240499 0.202418 -0.085946 0.288638 0.267244 0.207734 -0.091187 0.296779 -0.078452 -0.096150 -0.085846 -0.018754 -0.113924 0.053605 0.072619 -0.090992 0.275163 0.062665 0.223991 0.092217 0.047687 -0.118213 0.067146 -0.233815 0.347725 -0.208330 0.324172 0.167614 0.049146 0.091736 0.194608 0.362234 -0.299665 0.128768 -0.311515 -0.419460 -0.317090 0.084596 -0.453163 -0.416570 -0.234709 -0.019500 -0.291571 -0.213196 -0.356372 -0.242119 -0.337375 -0.316083 -0.467663 0.299829 -0.045270 0.370906 0.263166 0.076222 0.066477 0.544993 0.481406 0.619371 0.591707 0.605240 -0.183801 -0.035084 -0.176299 -0.011031 0.021783 0.136296 -0.082103 0.056059 -0.508345 0.153467 0.008167 0.322267 -0.314639 0.143840 0.045554 0.082445 0.217311 -0.028022 0.255648 -0.043084 0.151982 -0.032947
0.265774 -0.065240 0.660699 0.287828 -0.683279 0.758975 0.566768 -0.434709 -0.801483 -0.810605 -0.089548 -0.184846 -0.421518 -0.467115 -0.827010 -0.761214 -0.470174 -0.616811 -0.152833 -0.189205 0.618828 0.687981 0.771412 0.674018 1.000000 0.904734 0.664326 0.601989 -0.709885 -0.564309 0.079741 0.232056 -0.045110 -0.049367 0.042008 0.002588 -0.163234 0.250072 0.093913 0.208401 -0.258558 0.061039 0.293040 0.237681 0.173933 0.187930 0.202669 0.359802 0.246371 0.240491 0.299700 0.237888 0.274588 0.314107 0.206450 0.237784 0.298216 -0.029836 0.321589 0.222584 0.163936 0.362700 0.164754 0.153646 -0.214783 0.302808 -0.004113 0.332388 -0.291000 -0.252296 -0.462772 0.024578 -0.678147 -0.649939 -0.453788 -0.001982 -0.350394 -0.277019 -0.296525 -0.257960 -0.264218 -0.388224 -0.713501 0.051014 -0.394492 0.185989 0.102702 0.023502 -0.294495 0.602808 0.407490 0.464039 0.279236 0.321891 -0.001699 0.079263 -0.058099 0.183005 0.106159 0.240457 0.055948 -0.009066 -0.265054 0.136744 0.144642 0.312790 -0.139017 0.163826 0.182179 0.128476 0.375221 0.186291 0.120791 -0.035168 0.181140 0.099563
0.339898 -0.051148 0.645720 0.355956 -0.799581 0.778073 0.586960 -0.381299 -0.899824 -0.885157 -0.053599 -0.105392 -0.413057 -0.508374 -0.905406 -0.839617 -0.506981 -0.686064 -0.254556 -0.318455 0.620242 0.755147 0.816928 0.732134 0.904734 1.000000 0.666921 0.596503 -0.804454 -0.612371 0.035499 0.268492 -0.115660 -0.121785 0.048552 0.034885 -0.053460 0.292755 0.195129 0.284391 -0.239336 0.146543 0.241709 0.221977 0.183530 0.251255 0.201085 0.334782 0.322704 0.265803 0.387897 0.300982 0.320121 0.313411 0.291249 0.230408 0.373243 -0.042313 0.445870 0.211685 0.219358 0.421788 0.157921 0.136910 -0.164298 0.418327 -0.098699 0.402441 -0.350761 -0.395806 -0.481688 0.112894 -0.720751 -0.628221 -0.454676 -0.001679 -0.407708 -0.226185 -0.372279 -0.305300 -0.315411 -0.420216 -0.726848 0.068053 -0.387660 0.241735 0.223818 0.146064 -0.249734 0.695901 0.507030 0.503535 0.419465 0.357538 0.006657 0.118625 0.015457 0.159251 0.153986 0.171561 0.043060 -0.008175 -0.323754 0.096532 0.191732 0.361342 -0.055927 0.275033 0.227182 0.181243 0.373761 0.098930 0.150954 -0.007418 0.259125 0.019170
0.021357 -0.098633 0.293804 0.426811 -0.344864 0.742038 0.289745 -0.305683 -0.515307 -0.509164 -0.213798 -0.169561 -0.571671 -0.363236 -0.516093 -0.522075 -0.397190 -0.532645 -0.123749 0.026148 0.609885 0.720116 0.515990 0.542981 0.664326 0.666921 1.000000 0.825935 -0.577573 -0.525611 0.004193 0.042016 -0.139065 -0.286168 0.087314 -0.051355 -0.117463 0.211594 0.250322 0.413251 -0.279332 0.128102 0.235795 0.236866 0.178256 0.282652 0.205560 0.410715 0.200944 0.213782 0.109901 0.204492 0.106580 0.356146 0.154993 0.244595 0.078256 -0.155848 0.177322 0.364344 -0.056998 0.228015 -0.038213 -0.088755 -0.223320 0.291256 -0.140049 0.196999 -0.118759 -0.162904 -0.226668 0.197902 -0.577078 -0.562295 -0.378113 -0.049649 -0.353333 -0.051441 -0.286715 -0.422846 -0.203848 -0.358471 -0.526525 0.060091 -0.383061 0.097027 -0.039242 0.060238 0.064638 0.626305 0.449420 0.275719 0.367960 0.148892 0.044439 0.115813 0.042501 0.143333 0.033571 -0.105240 0.017078 -0.209322 -0.264301 -0.046147 0.139033 0.279342 -0.074184 0.015308 0.129632 -0.031113 0.408910 0.012824 0.170541 0.053804 0.132761 0.172374
-0.042387 -0.096966 0.275544 0.449858 -0.205617 0.828017 0.242468 -0.088037 -0.395202 -0.332422 -0.303346 -0.019397 -0.618556 -0.192776 -0.439822 -0.437849 -0.545929 -0.528344 -0.243298 -0.160529 0.504404 0.763879 0.398184 0.404427 0.601989 0.596503 0.825935 1.000000 -0.621510 -0.665337 0.083982 0.062964 -0.340044 -0.407015 0.069921 -0.093031 -0.187795 0.161980 0.150240 0.437240 -0.363869 0.061649 0.361376 0.390521 0.406715 0.493786 0.407457 0.557999 0.302638 0.389072 -0.000916 0.246375 0.068392 0.371116 0.092562 0.372852 0.174399 -0.164859 0.174952 0.456227 -0.256626 0.403275 -0.237999 -0.318766 -0.186480 0.399168 -0.347630 0.149752 -0.158004 -0.260730 -0.197083 0.287763 -0.649105 -0.599364 -0.461034 -0.145946 -0.436100 0.016290 -0.340661 -0.518932 -0.266467 -0.398738 -0.524254 -0.188640 -0.361242 0.013264 -0.025739 -0.011361 0.034930 0.558382 0.396817 0.087373 0.303623 -0.033306 0.153129 0.046585 0.043534 0.059872 0.146826 -0.187931 -0.024181 -0.416417 -0.312527 -0.319254 0.094426 0.254576 -0.059764 0.040542 0.179371 -0.039357 0.361573 -0.001822 0.212358 -0.000157 0.172312 0.118736
-0.300783 0.025492 -0.555318 -0.372651 0.685756 -0.771393 -0.441240 0.079158 0.747231 0.614960 0.026239 -0.141689 0.354045 0.132203 0.773140 0.606195 0.649941 0.721866 0.404803 0.516142 -0.609546 -0.683398 -0.711664 -0.482148 -0.709885 -0.804454 -0.577573 -0.621510 1.000000 0.815294 0.192900 0.014451 0.423925 0.454785 0.151115 0.017889 0.349074 -0.132474 -0.205969 -0.419570 0.427355 0.065025 -0.419105 -0.417723 -0.394598 -0.439260 -0.433042 -0.545738 -0.562464 -0.506543 -0.481388 -0.461670 -0.496954 -0.421762 -0.393967 -0.445223 -0.448222 0.125226 -0.576398 -0.511681 -0.038377 -0.659261 0.122572 0.086397 0.151363 -0.671985 0.207463 -0.437537 0.424403 0.382390 0.428081 -0.130728 0.930710 0.768154 0.718749 0.272271 0.670346 0.205632 0.615154 0.517011 0.560205 0.662401 0.746404 0.234711 0.546821 0.074784 -0.218152 -0.071054 0.124621 -0.730158 -0.506397 -0.365731 -0.424761 -0.255805 -0.099137 -0.093574 -0.274468 -0.068049 -0.162200 -0.071565 -0.005699 0.095480 0.375191 0.130966 -0.317149 -0.346577 -0.030969 -0.296712 -0.139761 -0.040310 -0.424683 -0.038125 -0.142520 -0.044421 -0.210084 0.104590
-0.140963 0.249684 -0.520106 -0.303489 0.372938 -0.718564 -0.454098 -0.024041 0.479112 0.387079 0.081797 0.008115 0.330787 0.149669 0.531685 0.479030 0.689312 0.746148 0.381915 0.475007 -0.501614 -0.583324 -0.595706 -0.390616 -0.564309 -0.612371 -0.525611 -0.665337 0.815294 1.000000 0.180092 -0.019362 0.469400 0.459600 0.114116 0.007943 0.421057 0.135499 -0.041847 -0.280790 0.468136 0.323480 -0.465502 -0.491347 -0.393942 -0.522103 -0.513432 -0.648881 -0.410420 -0.405785 -0.204664 -0.236443 -0.297986 -0.391785 -0.274829 -0.427092 -0.303867 0.196330 -0.535034 -0.432160 0.061855 -0.511980 0.296594 0.343959 -0.048694 -0.609767 0.173591 -0.481308 0.369966 0.312936 0.280016 -0.130535 0.813576 0.838810 0.740215 0.402704 0.702429 0.187813 0.523159 0.621695 0.523491 0.613798 0.669033 0.307454 0.481386 0.192879 -0.039653 0.086566 0.073125 -0.614087 -0.510016 -0.391095 -0.363875 -0.212972 -0.210072 0.019010 -0.235698 -0.030761 -0.153591 0.006205 0.102518 0.108810 0.353200 0.092311 -0.340570 -0.509816 -0.039263 -0.232561 -0.084663 0.036569 -0.465714 -0.000478 -0.118319 0.070676 -0.280482 0.015497
-0.168439 0.042188 0.285919 0.115488 0.038579 -0.059802 0.304288 -0.121543 0.016842 -0.012314 -0.377311 -0.232773 -0.195256 -0.307478 0.049020 -0.053659 -0.206810 0.009891 0.025395 0.053964 -0.137056 -0.004038 0.093799 0.232559 0.079741 0.035499 0.004193 0.083982 0.192900 0.180092 1.000000 0.702883 0.232353 0.395441 0.394175 0.189694 0.124093 -0.024402 -0.222420 -0.174123 0.168756 0.080360 -0.147345 -0.134389 -0.010113 -0.042059 -0.194517 -0.175348 -0.355625 -0.298784 -0.422352 -0.419152 -0.258452 -0.493447 -0.414260 -0.418472 -0.179641 0.067831 -0.186533 -0.405489 0.077241 -0.064320 -0.031872 0.025554 0.108465 -0.135011 -0.151044 -0.130544 -0.092802 -0.282986 0.075229 -0.008677 0.175172 0.232846 0.247844 0.292303 0.181030 0.220268 0.199914 0.054724 0.039924 0.220788 0.109566 0.146454 0.348648 0.186815 0.156926 -0.184145 0.082081 -0.204171 0.036616 0.047711 -0.023338 0.126136 -0.070637 -0.141037 -0.376362 -0.142286 0.208062 0.140799 -0.051219 0.149396 0.137725 0.052502 -0.161529 0.053338 -0.107324 0.087934 0.088573 -0.004611 -0.064414 0.205873 0.168830 -0.001820 0.150700 -0.001864
-0.061313 -0.006995 0.417019 0.146470 -0.167588 0.040036 0.434169 -0.166722 -0.209645 -0.233696 -0.203534 -0.184079 -0.115976 -0.428760 -0.169807 -0.243650 -0.247459 -0.176340 -0.034857 -0.040813 -0.046978 0.100397 0.290089 0.415909 0.232056 0.268492 0.042016 0.062964 0.014451 -0.019362 0.702883 1.000000 0.135343 0.413940 0.341907 0.326693 0.078531 -0.071969 -0.187663 -0.154701 0.176347 0.071500 -0.077969 -0.097162 -0.033526 -0.124236 -0.144689 -0.137514 -0.322913 -0.335770 -0.301027 -0.410116 -0.254690 -0.434500 -0.394411 -0.395096 0.003256 0.101898 -0.073916 -0.482446 0.203856 -0.049321 0.085896 0.094619 0.170973 -0.017987 -0.131853 0.048009 -0.188572 -0.273469 -0.030625 -0.000793 0.056906 0.049442 0.160789 0.303687 0.034603 0.159828 0.212452 0.129815 -0.039345 0.120668 0.041026 0.216075 0.210204 0.365543 0.175687 -0.126546 -0.096906 -0.012029 0.128050 0.262091 0.099398 0.240844 -0.053236 -0.107327 -0.321256 -0.078556 0.147554 0.281365 0.013604 0.184066 -0.039756 0.201118 -0.124824 0.252149 -0.174685 0.172812 0.111674 0.115111 0.055961 0.142826 0.061513 -0.138515 0.269916 0.070370
-0.031095 0.167563 -0.029479 -0.265276 0.004092 -0.304208 0.026797 -0.410816 0.016993 -0.119549 -0.116524 -0.349173 -0.005060 -0.331547 0.063410 -0.052966 0.361344 0.424717 0.633167 0.585291 -0.165317 -0.239483 -0.102584 -0.020075 -0.045110 -0.115660 -0.139065 -0.340044 0.423925 0.469400 0.232353 0.135343 1.000000 0.734656 0.059435 0.094367 0.304609 -0.067529 -0.266528 -0.310186 0.337372 0.150913 -0.361406 -0.436189 -0.528515 -0.483871 -0.546383 -0.548485 -0.608218 -0.470477 -0.205800 -0.365906 -0.060932 -0.297551 -0.202300 -0.481102 -0.173744 0.298461 -0.253801 -0.306653 0.242272 -0.358164 0.497344 0.569994 -0.119818 -0.481671 0.448876 -0.120579 0.387832 0.297871 -0.126386 -0.233347 0.405758 0.327536 0.505713 0.281839 0.494233 -0.087269 0.532245 0.509696 0.503526 0.417563 0.227161 0.512951 0.407202 0.149106 0.054957 0.027668 0.023945 -0.235472 -0.200765 0.012683 -0.224751 0.004409 -0.161595 0.184919 -0.420286 0.159783 -0.095831 0.286128 -0.030746 0.287132 0.351975 0.421683 -0.046270 -0.125103 -0.066327 -0.032404 0.155897 0.168074 -0.143249 0.367349 0.032600 0.043395 0.009718 0.178198
0.051821 0.138372 0.186568 -0.364595 0.045807 -0.359333 0.123176 -0.308922 0.076031 -0.106106 -0.071256 -0.420012 0.138229 -0.403394 0.096899 -0.104821 0.292763 0.362901 0.463547 0.356841 -0.262748 -0.329666 -0.125833 -0.051898 -0.049367 -0.121785 -0.286168 -0.407015 0.454785 0.459600 0.395441 0.413940 0.734656 1.000000 0.335005 0.312185 0.198244 -0.217682 -0.438908 -0.540445 0.410824 0.102049 -0.367723 -0.383410 -0.452095 -0.393912 -0.528959 -0.495318 -0.676554 -0.572859 -0.286143 -0.568921 -0.270121 -0.527455 -0.291505 -0.556046 -0.120115 0.363227 -0.249906 -0.547201 0.305984 -0.491260 0.431788 0.475887 0.014140 -0.437547 0.434279 0.105952 0.197543 0.134725 -0.059698 -0.324844 0.451694 0.289272 0.489841 0.231378 0.521833 -0.039151 0.513540 0.422232 0.385593 0.481341 0.308946 0.350129 0.398193 0.281423 0.018620 -0.044334 -0.130764 -0.428376 -0.220871 0.042898 -0.202851 0.061958 -0.201421 0.000418 -0.387762 0.020996 -0.049081 0.308210 -0.046476 0.392132 0.429400 0.425968 -0.184673 -0.086908 0.009922 0.051373 0.169841 0.109635 -0.187385 0.360631 -0.120947 -0.104423 0.118250 0.114579
-0.241595 -0.231227 0.051733 -0.080986 0.225022 0.046299 0.060161 -0.134260 0.153601 0.048027 -0.165912 -0.366417 -0.012290 -0.239235 0.189546 0.003655 -0.171747 -0.085994 -0.112159 -0.050088 -0.033721 -0.079565 0.053276 0.240499 0.042008 0.048552 0.087314 0.069921 0.151115 0.114116 0.394175 0.341907 0.059435 0.335005 1.000000 0.484799 0.005766 0.111736 0.005864 -0.187886 0.059069 0.048864 -0.132554 -0.125992 -0.101819 0.068162 -0.167705 -0.050110 -0.382586 -0.384736 -0.260633 -0.551505 -0.364837 -0.475330 -0.330209 -0.428285 -0.194466 0.090812 -0.129376 -0.346838 -0.020927 -0.413918 -0.208532 -0.185033 0.119993 -0.075908 0.054739 0.240661 0.208056 0.026464 0.067268 -0.046687 0.150157 0.091605 0.179903 0.160022 0.175509 0.117582 0.004152 -0.051956 -0.059417 0.173344 0.224517 -0.170869 0.354897 0.311980 0.103936 -0.064697 0.064595 -0.182255 -0.115988 0.020106 -0.013515 0.039748 -0.239393 -0.174597 -0.216414 0.047664 -0.072995 0.062877 -0.184516 -0.067630 0.075304 -0.038851 -0.054857 0.173700 0.022238 0.193355 0.132459 0.137426 0.085141 -0.051413 -0.025122 -0.037083 0.102815 -0.060385
-0.235018 -0.311189 -0.028803 0.112269 0.113405 -0.071403 0.062603 0.119164 0.107969 0.080632 0.101382 -0.170452 0.178583 -0.117942 0.154116 0.082035 -0.128443 -0.075691 -0.325237 -0.305791 -0.092928 -0.011728 0.161779 0.202418 0.002588 0.034885 -0.051355 -0.093031 0.017889 0.007943 0.189694 0.326693 0.094367 0.312185 0.484799 1.000000 -0.094034 0.038445 0.035500 -0.203214 0.110287 0.068722 -0.264408 -0.167226 -0.068041 0.124364 -0.228152 -0.117154 -0.273545 -0.365417 0.025058 -0.370953 0.014528 -0.450867 -0.095427 -0.320713 -0.102583 -0.050666 0.095694 -0.321866 0.119494 -0.198679 -0.170256 -0.151954 0.321541 0.243125 -0.035799 0.427841 0.077518 -0.019530 -0.124954 -0.253144 0.029991 0.044789 0.089821 -0.143218 -0.008294 -0.100553 -0.091234 0.020201 -0.074708 0.093413 0.257313 -0.208404 0.293752 0.094434 0.150136 -0.039734 0.277041 -0.075128 -0.026505 -0.024715 -0.003491 0.148478 -0.282572 -0.251945 -0.056301 -0.142008 -0.063642 0.043962 -0.248484 -0.070706 -0.137030 -0.026314 -0.114830 0.112538 0.070927 0.066443 -0.149619 -0.052295 -0.008082 -0.055518 -0.222596 -0.168681 0.111341 -0.185689
