1.000000 0.287955 -0.259101 -0.186411 -0.049225 0.148659 -0.160635 -0.177557 0.120437 0.153369 0.293532 0.213800 0.134699 0.104595 0.094577 0.271654 -0.014026 0.261177 0.279525 0.079880 -0.007414 -0.023285 -0.130038 -0.034664 -0.011542 0.076772 -0.039082 -0.100870 0.099016 0.347785 -0.082158 -0.148851 0.211292 -0.303583 -0.465741 -0.472379 0.161758 -0.191133 0.004618 -0.001201 -0.055599 0.134029 -0.151909 -0.285532 -0.182880 -0.086719 -0.161443 -0.280976 -0.049473 0.011505 0.033133 -0.195434 -0.032913 -0.162741 -0.133621 -0.134934 0.554440 0.300099 0.316355 -0.036241 0.263184 0.119969 0.194331 0.278966 -0.112054 -0.093516 -0.119488 -0.424953 0.107273 0.057313 -0.215611 -0.188605 0.043083 0.148766 0.244647 0.156387 0.130811 0.011717 0.082627 0.042090 0.134302 0.260977 -0.050980 0.233372 0.180000 0.100524 -0.151497 0.045345 -0.157879 0.086588 0.026054 -0.282594 -0.148292 -0.220815 0.096464 -0.096580 0.062170 0.083682 -0.200292 -0.146520 -0.098566 -0.345448 -0.236744 -0.104511 -0.327325 -0.166213 -0.188979 -0.030432 -0.114129 -0.139477 -0.180031 -0.197850 -0.207889 -0.023457 -0.001943 0.009436
0.287955 1.000000 -0.048778 -0.064401 -0.067699 -0.109253 -0.155184 -0.207688 -0.025085 -0.027968 -0.038033 0.274001 -0.295694 -0.092293 0.025223 0.050206 -0.191831 0.176307 0.292688 0.229191 -0.037966 0.044081 -0.182536 -0.102300 -0.226546 -0.140073 -0.117194 -0.101108 0.075995 0.152369 -0.308281 -0.359284 0.136989 -0.096546 -0.214036 -0.094354 0.263069 0.014348 -0.227147 0.233022 0.190490 0.094815 -0.243891 -0.176606 -0.095733 -0.257077 -0.145803 -0.268909 -0.163351 -0.055355 0.041860 -0.041381 -0.072078 -0.122029 0.013986 -0.046913 0.300863 0.356333 0.191604 0.164652 0.153373 0.226684 -0.028569 0.232307 0.019071 -0.218379 -0.064556 -0.338166 0.041988 0.194724 -0.322789 -0.317571 -0.014943 0.188420 0.179633 0.106097 0.151781 0.069300 -0.081335 -0.031656 0.018470 0.132101 0.203181 0.130309 0.180666 0.055670 0.001302 0.038310 -0.042288 0.085576 -0.133792 0.052484 0.064146 0.015830 0.042040 0.119426 0.167515 0.095150 0.257341 0.054614 0.164572 -0.027169 0.276235 0.006788 -0.108738 -0.004962 0.033634 -0.038590 0.009445 0.197434 -0.047165 0.090659 0.039201 0.076798 0.032990 0.088930
-0.259101 -0.048778 1.000000 0.207318 0.523284 0.505155 0.648891 0.180105 0.302071 0.368997 -0.226315 -0.260753 -0.216237 -0.223465 -0.377542 -0.502382 -0.322330 -0.455597 -0.049938 -0.107547 -0.041439 0.157983 0.187751 -0.029644 0.298659 -0.123191 0.527613 0.583089 -0.572595 -0.563046 -0.022476 0.007886 -0.328348 0.085519 0.438304 0.298893 -0.374892 -0.377107 -0.403309 0.099563 -0.036041 -0.529354 -0.048283 0.088620 0.167497 0.207093 0.154310 0.022122 0.154726 0.079219 0.137127 0.134048 -0.186966 -0.061451 0.026536 0.057605 -0.285290 -0.083110 0.155814 0.235960 0.199368 0.184009 -0.324400 -0.328716 0.174731 0.254499 0.317462 0.340794 -0.214929 0.032651 0.026214 0.043543 -0.520891 -0.222525 -0.429396 -0.225069 -0.306044 -0.256390 -0.107053 -0.233674 -0.370118 -0.474420 -0.080088 -0.615117 -0.229169 -0.204517 0.082349 -0.175510 0.113522 0.032335 -0.086719 0.195560 -0.109148 0.076842 -0.006362 -0.220381 -0.057992 -0.251387 -0.045340 -0.080839 -0.140587 0.139922 -0.128827 0.142583 0.152429 0.228818 0.058208 0.241710 0.058181 -0.106159 0.015357 0.028117 0.013536 -0.081561 0.022800 -0.087556
-0.186411 -0.064401 0.207318 1.000000 -0.052838 0.179357 0.030145 0.471468 -0.069434 -0.152720 -0.239237 0.061651 -0.430765 -0.068059 -0.136080 -0.046556 -0.346359 -0.306656 0.050568 0.058484 -0.040598 0.093033 0.347818 0.572616 0.295199 0.279264 0.348232 0.321725 -0.413015 -0.441236 -0.155935 0.178672 -0.475243 -0.275302 0.172870 -0.152720 -0.304919 -0.103666 -0.000685 0.215082 -0.081984 -0.158923 0.160472 -0.013362 -0.179226 -0.148228 -0.003459 0.052834 -0.024218 -0.065223 0.233110 -0.007086 0.031125 0.220352 0.094402 -0.008469 -0.028324 -0.123729 -0.220428 -0.313824 -0.346740 -0.180910 -0.203837 -0.142661 0.025711 -0.063175 -0.153357 -0.209309 -0.199447 0.155321 0.110549 0.105779 -0.445108 -0.112016 -0.124840 -0.081345 -0.273174 0.111337 -0.359838 -0.245631 -0.186299 -0.228442 0.181768 -0.029157 0.168655 0.409782 0.173061 0.132624 0.302940 0.344726 0.040492 -0.005457 0.370105 -0.003944 -0.115316 0.262315 -0.040273 -0.126773 0.159723 -0.009956 -0.017863 0.141056 0.048926 -0.135730 0.103400 -0.073368 0.258515 -0.091121 -0.184744 -0.188490 -0.384538 0.145321 0.106941 0.199916 -0.069509 -0.309330
-0.049225 -0.067699 0.523284 -0.052838 1.000000 0.623386 0.292782 -0.042246 0.727055 0.696447 -0.195215 -0.283707 -0.162077 -0.272955 -0.232043 -0.479188 -0.192177 -0.267238 -0.153608 -0.108112 -0.057252 0.116150 -0.083818 -0.247681 0.321783 -0.156457 0.483171 0.612758 -0.467936 -0.222993 0.091796 -0.002143 -0.151995 0.059814 0.244526 0.400758 -0.329631 -0.194506 -0.402271 -0.009512 -0.120704 -0.394446 0.034688 0.195770 0.288787 0.352782 0.148975 0.167052 0.345301 0.234477 0.078402 0.237571 -0.035842 0.045007 -0.106523 -0.059868 -0.020533 -0.022151 0.215124 0.301133 0.178375 0.108138 -0.207179 -0.190286 0.059793 0.102459 0.464814 0.332277 -0.098110 -0.108039 -0.129019 -0.027645 -0.258427 -0.364789 -0.301450 -0.147314 -0.233371 -0.143369 0.028771 -0.217507 -0.377455 -0.308313 -0.341076 -0.462353 -0.344194 -0.418547 -0.011287 -0.219092 -0.207304 -0.321473 -0.146805 -0.133871 -0.227867 -0.053955 0.020103 -0.244316 -0.122022 -0.169827 -0.060330 0.059347 -0.103558 -0.058210 -0.096524 0.232245 0.160352 0.257658 -0.086264 0.333860 0.178680 -0.049052 0.088761 0.160293 0.066511 -0.141526 0.043342 0.021956
0.148659 -0.109253 0.505155 0.179357 0.623386 1.000000 0.289290 0.140506 0.649935 0.705146 0.002569 -0.170612 -0.056890 -0.076286 -0.228736 -0.372776 -0.227250 -0.222888 -0.214960 -0.239042 -0.077671 0.195748 0.074318 -0.014832 0.373850 0.012975 0.471879 0.671758 -0.565937 -0.305653 -0.011314 0.039802 -0.374013 -0.243068 0.224979 0.182965 -0.378448 -0.286926 -0.381517 -0.058851 -0.017333 -0.383171 0.033167 0.065863 0.238442 0.390891 0.064956 -0.002764 0.308205 0.311926 0.155379 0.181514 -0.146311 -0.080971 -0.165445 -0.091248 0.088333 0.016752 0.236344 0.273613 0.160530 0.079342 -0.197534 -0.212119 -0.110199 0.189402 0.391730 0.212565 -0.229431 -0.068868 -0.026625 0.121650 -0.473561 -0.356144 -0.365190 -0.025643 -0.404624 -0.189104 -0.043385 -0.178098 -0.308102 -0.252138 -0.350323 -0.550373 -0.306264 -0.201054 -0.092285 -0.178719 -0.064641 -0.077735 0.007139 -0.217695 -0.135719 -0.101029 -0.035506 -0.255627 -0.169711 -0.227553 -0.257698 -0.077615 -0.195166 0.018576 -0.199440 0.144290 0.097396 0.114170 -0.038053 0.293080 0.049073 -0.115299 -0.183964 0.076814 -0.039639 0.009092 0.004692 -0.194808
-0.160635 -0.155184 0.648891 0.030145 0.292782 0.289290 1.000000 0.278901 0.158430 0.305056 -0.054873 -0.313221 0.191908 -0.044427 -0.236891 -0.303018 -0.132797 -0.291503 0.066877 0.068215 -0.138896 0.204072 -0.033295 -0.095188 0.118180 -0.078984 0.172689 0.263643 -0.298683 -0.296258 -0.006582 0.014315 -0.130862 0.370241 0.214143 0.272682 -0.335287 -0.400760 -0.180323 -0.162960 -0.114558 -0.380913 -0.116327 -0.031622 0.131717 0.042031 -0.049561 -0.088802 0.079837 -0.071388 -0.227561 -0.095918 -0.361949 -0.136241 -0.066909 0.060783 -0.164602 -0.134193 0.055350 0.204035 0.247891 0.134683 -0.128305 -0.264213 0.216069 0.318721 0.081753 0.208557 0.013456 -0.060625 0.100923 0.130970 -0.263314 -0.122721 -0.504146 -0.255923 -0.177481 -0.204205 -0.096738 -0.184558 -0.156816 -0.290268 -0.121550 -0.354745 -0.266220 -0.331946 -0.127141 -0.219671 -0.006137 -0.101706 -0.017159 0.239023 -0.175547 0.191305 0.192654 -0.115312 0.053682 0.030896 -0.151112 -0.132221 -0.042328 0.207107 -0.109063 0.118863 0.083501 0.227680 -0.006676 0.159267 0.112341 -0.212006 0.080026 -0.086303 0.030502 -0.196240 0.170284 0.105796
-0.177557 -0.207688 0.180105 0.471468 -0.042246 0.140506 0.278901 1.000000 -0.107867 -0.027992 -0.136469 0.173955 0.061123 0.372953 -0.181055 0.228100 0.014288 -0.063456 0.163961 0.466848 0.008968 0.012607 -0.087145 0.150340 -0.117473 0.075314 -0.056493 0.224823 -0.142935 -0.148170 -0.319919 0.013523 -0.246747 0.144512 -0.211166 -0.061195 -0.273062 -0.347266 0.052821 -0.034211 -0.265773 -0.019750 -0.128072 -0.104495 -0.181840 -0.153066 -0.119397 0.033730 -0.206920 -0.218380 -0.412172 -0.105966 -0.216177 0.068760 -0.274067 -0.088942 -0.137959 0.019001 -0.193443 0.123600 -0.047895 0.302548 0.129286 0.180837 -0.186357 0.196591 -0.390813 -0.079297 0.147485 0.374850 -0.010472 0.161861 -0.207635 -0.034259 -0.241350 0.049879 -0.318051 -0.016545 -0.213758 -0.058687 0.155493 -0.113629 0.141307 0.061646 -0.223832 -0.109315 -0.180928 -0.021912 -0.114042 -0.011998 0.296238 0.015758 0.285826 -0.033837 0.067217 0.084847 -0.062056 0.142834 -0.011422 -0.079391 0.160832 0.215274 0.190744 0.019644 0.220727 -0.007889 0.197096 0.006009 -0.235479 -0.266261 -0.225619 -0.106648 -0.129983 0.072208 0.075993 -0.129234
0.120437 -0.025085 0.302071 -0.069434 0.727055 0.649935 0.158430 -0.107867 1.000000 0.712723 0.069646 -0.036947 0.034967 -0.106180 -0.082622 -0.323980 -0.103620 -0.075983 -0.165039 -0.092814 -0.102020 0.132748 -0.065427 -0.221860 0.320444 -0.101514 0.275596 0.489106 -0.406809 -0.072243 -0.010562 -0.070568 -0.168920 -0.100654 0.119875 0.186012 -0.081502 -0.017548 -0.275978 0.120030 0.126095 -0.368405 -0.165938 -0.050310 0.043338 0.068897 -0.041863 -0.070264 0.227882 0.149865 0.091600 0.165366 -0.084315 0.014333 -0.107528 -0.038929 0.140324 0.069242 0.366482 0.186826 0.215339 0.121715 -0.016930 -0.005868 0.011686 0.093956 0.313200 0.068811 -0.149357 -0.061134 -0.192809 0.002738 -0.243304 -0.311881 -0.284438 0.030820 -0.185131 -0.068202 0.097496 -0.220103 -0.284742 -0.145179 -0.504766 -0.423617 -0.229507 -0.316035 -0.139510 -0.199922 -0.244858 -0.136832 -0.114603 -0.069992 -0.208988 -0.016815 -0.064904 -0.345183 -0.192538 -0.250149 -0.205270 0.024992 -0.118721 -0.120444 -0.053455 0.269574 0.095354 0.130730 -0.171114 0.183425 0.273388 0.070186 -0.055251 0.107587 0.010940 -0.104312 0.027675 0.050140
0.153369 -0.027968 0.368997 -0.152720 0.696447 0.705146 0.305056 -0.027992 0.712723 1.000000 0.047150 -0.301403 0.012678 -0.203430 -0.325853 -0.366579 -0.132460 -0.135720 -0.193926 -0.124875 -0.138261 0.116328 -0.144373 -0.303070 0.219866 -0.209970 0.219652 0.454030 -0.519914 -0.164400 0.001028 -0.169709 -0.128329 -0.047176 0.137302 0.254019 -0.301520 -0.147290 -0.349577 -0.150784 0.115687 -0.439035 0.032848 0.118695 0.339566 0.217735 0.199589 0.037443 0.421725 0.390541 0.037327 0.333256 0.024706 0.076053 -0.002251 0.033392 0.044930 -0.084808 0.467660 0.385125 0.234160 0.186571 -0.167518 -0.217112 0.002607 0.179974 0.394472 0.136210 -0.098746 -0.217039 -0.091896 0.002290 -0.278976 -0.283583 -0.241894 -0.077379 -0.181232 -0.203302 -0.016008 -0.247464 -0.409968 -0.358829 -0.527250 -0.574715 -0.459722 -0.529292 -0.084297 -0.282189 -0.250360 -0.218454 -0.011291 0.063105 -0.150752 0.254763 -0.122545 -0.363341 -0.148935 -0.210682 -0.056505 0.121762 -0.000477 0.017608 0.032365 0.313272 0.251886 0.205633 -0.141612 0.234789 0.230171 0.016993 0.051619 0.201288 0.071732 -0.105160 0.176942 0.066780
0.293532 -0.038033 -0.226315 -0.239237 -0.195215 0.002569 -0.054873 -0.136469 0.069646 0.047150 1.000000 0.408109 0.560244 0.403890 0.448945 0.399544 0.279237 -0.038222 -0.226558 -0.104232 -0.218829 -0.148122 0.083178 0.224407 -0.091670 -0.002064 -0.264089 -0.224499 0.288423 0.122895 0.143372 0.047375 -0.191515 -0.155268 -0.064275 -0.021686 0.161468 0.037747 0.156898 0.141604 0.021471 0.014251 -0.153123 -0.129029 -0.064922 0.043980 -0.247863 -0.176941 0.159244 -0.045085 -0.091007 -0.152686 -0.071744 -0.100087 -0.120868 -0.099549 0.153156 0.090409 0.158444 -0.211571 0.206529 -0.005856 0.047654 -0.151276 0.074920 0.300344 -0.246191 0.012981 -0.029963 -0.164041 -0.123719 -0.038625 -0.003378 -0.229774 -0.146185 -0.086286 -0.157787 -0.315348 0.073254 -0.052158 -0.064993 -0.016292 -0.163768 -0.052236 0.175299 0.091598 -0.216990 0.075857 0.107916 -0.001103 0.074660 0.084000 -0.225662 -0.035187 0.107647 -0.084296 -0.068385 0.033607 -0.331265 -0.143793 -0.162281 -0.092618 -0.220506 -0.020859 -0.090907 -0.098900 -0.468442 -0.033601 0.132787 0.158026 0.170739 -0.017285 -0.230257 -0.036354 0.162772 0.068737
0.213800 0.274001 -0.260753 0.061651 -0.283707 -0.170612 -0.313221 0.173955 -0.036947 -0.301403 0.408109 1.000000 0.279204 0.642730 0.322286 0.515053 0.194746 0.256598 0.091606 0.168746 -0.095409 -0.207619 0.109217 0.363588 -0.175997 0.087693 -0.241680 -0.216459 0.305352 0.277189 -0.135059 0.063711 -0.146647 -0.284670 -0.411397 -0.301707 0.365913 0.140956 0.124023 0.482779 0.039423 0.348604 -0.464291 -0.450578 -0.359744 -0.181726 -0.418966 -0.315733 -0.335172 -0.354707 -0.071204 -0.288389 -0.195905 -0.056916 -0.230206 -0.282908 0.081150 0.180066 -0.096847 -0.228613 0.133651 0.149342 0.382115 0.417018 -0.147766 0.010094 -0.542935 -0.238548 0.050934 0.298934 -0.199263 0.047220 0.046361 0.165646 0.109980 0.341784 -0.120820 0.072522 -0.050450 0.099017 0.297201 0.330450 0.260347 0.446451 0.253345 0.311022 -0.168917 0.131892 -0.101097 0.195555 -0.061067 -0.132505 0.026792 -0.330547 -0.045020 0.117085 -0.077364 0.052724 -0.278751 -0.329788 -0.092051 -0.066405 -0.038658 -0.166918 -0.211309 -0.308563 -0.008042 -0.234729 -0.192472 0.014942 -0.237005 -0.191849 -0.444989 -0.021883 -0.160049 -0.105643
0.134699 -0.295694 -0.216237 -0.430765 -0.162077 -0.056890 0.191908 0.061123 0.034967 0.012678 0.560244 0.279204 1.000000 0.625253 0.352720 0.388693 0.527258 0.322941 -0.045584 0.083119 -0.180288 -0.037492 -0.076321 -0.002601 -0.164137 0.015218 -0.385689 -0.274617 0.383434 0.353159 0.247799 0.185882 0.194207 0.100352 -0.310832 -0.080323 0.175958 0.028524 0.335771 -0.083385 -0.018411 0.273322 -0.366788 -0.316873 -0.113903 -0.064979 -0.381480 -0.312673 -0.112037 -0.218506 -0.419946 -0.273219 -0.208309 -0.292949 -0.299641 -0.367771 0.151905 0.141771 0.004358 -0.006027 0.331664 0.014598 0.457654 0.185769 -0.175441 0.132250 -0.260093 0.045930 0.111381 -0.000020 0.156684 0.306753 0.333120 0.117135 -0.055309 0.216821 -0.025486 -0.051695 0.128225 0.283519 0.310852 0.287322 -0.336479 0.153313 -0.199756 -0.210870 -0.452989 -0.265411 -0.107553 -0.035985 -0.013807 -0.115718 -0.341504 -0.079102 0.029581 0.053990 -0.185454 0.171113 -0.576313 -0.342907 -0.099907 -0.014636 -0.122581 -0.039856 -0.155312 -0.194699 -0.265388 -0.093103 0.056118 -0.120383 -0.003784 -0.296064 -0.395668 -0.317671 -0.064470 0.031822
0.104595 -0.092293 -0.223465 -0.068059 -0.272955 -0.076286 -0.044427 0.372953 -0.106180 -0.203430 0.403890 0.642730 0.625253 1.000000 0.293548 0.545240 0.270315 0.378133 0.027936 0.101749 -0.099984 -0.236007 0.201187 0.268742 -0.139071 0.121706 -0.313312 -0.203434 0.306640 0.237415 0.014276 0.118339 -0.026501 -0.225271 -0.523961 -0.330890 0.152205 -0.062720 0.360881 0.088592 -0.168124 0.409770 -0.401733 -0.366434 -0.250668 -0.162699 -0.443941 -0.293116 -0.242851 -0.304879 -0.258642 -0.335069 -0.191309 -0.176023 -0.286195 -0.431170 0.002625 0.214590 -0.079992 -0.113411 0.200463 0.162973 0.441889 0.388017 -0.227203 0.174405 -0.480210 -0.135160 0.159161 0.249446 0.119111 0.376141 0.144823 0.173952 0.026364 0.428810 -0.241389 -0.054802 -0.079044 0.290667 0.258552 0.235930 0.132757 0.293432 -0.023083 0.109458 -0.231870 -0.042371 0.032888 0.183434 0.087043 -0.144648 0.027059 -0.218804 -0.097539 0.219444 -0.086068 0.164779 -0.367846 -0.266286 -0.021869 0.081174 -0.011615 -0.192291 -0.279217 -0.419795 -0.021336 -0.353025 -0.247827 -0.106085 -0.338301 -0.310017 -0.493374 -0.290396 -0.271719 -0.135013
0.094577 0.025223 -0.377542 -0.136080 -0.232043 -0.228736 -0.236891 -0.181055 -0.082622 -0.325853 0.448945 0.322286 0.352720 0.293548 1.000000 0.552850 0.067201 -0.084277 -0.123460 -0.136047 -0.071111 -0.154240 0.211026 0.363578 0.005882 0.276352 -0.088978 -0.277870 0.536227 0.106119 0.309161 0.253857 0.024128 -0.136835 -0.040367 -0.131002 0.274098 0.041727 0.292145 0.135240 0.086760 0.193840 -0.075423 -0.127322 -0.219518 -0.078073 -0.262424 -0.140409 -0.007681 -0.091573 0.056452 -0.212302 0.167929 -0.057863 -0.006565 -0.198832 0.000699 -0.013531 -0.038224 -0.453232 -0.002997 -0.143439 -0.024366 0.011657 0.145529 -0.035566 -0.347119 -0.103744 -0.169111 0.006731 0.001347 -0.040783 0.203653 -0.187924 -0.004154 0.020355 -0.144704 -0.027107 -0.121086 0.078566 0.002451 0.060418 0.200917 0.368729 0.433135 0.305863 0.016832 0.010282 0.252583 0.006991 -0.036574 -0.044097 -0.109881 -0.128863 0.138028 0.027679 0.067505 0.038632 -0.291834 -0.267435 -0.283656 -0.116675 -0.194439 -0.237237 -0.181770 -0.292072 -0.110189 -0.044502 -0.079653 0.058508 -0.044598 -0.201031 -0.153886 -0.075647 -0.158013 -0.223050
0.271654 0.050206 -0.502382 -0.046556 -0.479188 -0.372776 -0.303018 0.228100 -0.323980 -0.366579 0.399544 0.515053 0.388693 0.545240 0.552850 1.000000 0.159880 0.203180 0.216343 0.387791 -0.092871 -0.297825 -0.081779 0.275825 -0.389205 0.077618 -0.420739 -0.373440 0.606719 0.456359 -0.065767 0.059141 0.159691 -0.009460 -0.414798 -0.374864 0.370099 -0.007461 0.271704 0.129472 0.089506 0.337079 -0.241804 -0.383928 -0.485563 -0.396711 -0.285908 -0.182768 -0.353278 -0.351941 -0.383975 -0.345204 0.139077 0.134185 -0.260302 -0.267761 0.058749 0.018631 -0.016629 -0.319286 0.051367 0.230658 0.341513 0.370483 -0.164988 -0.060565 -0.686822 -0.383335 0.211825 0.215143 -0.017881 0.116345 0.374292 0.170462 0.177241 0.232801 -0.014800 0.068093 0.055624 0.092974 0.344517 0.265199 0.223151 0.583312 0.290502 0.227959 -0.255442 -0.070922 0.014889 0.009095 0.289390 -0.017300 0.169350 -0.074187 0.012945 0.050547 -0.025646 0.104309 -0.149847 -0.117333 0.102599 -0.057968 0.091205 -0.082385 -0.193858 -0.327685 -0.049777 -0.255680 -0.201647 -0.066890 -0.066692 -0.195465 -0.331578 0.101488 -0.094152 -0.247079
-0.014026 -0.191831 -0.322330 -0.346359 -0.192177 -0.227250 -0.132797 0.014288 -0.103620 -0.132460 0.279237 0.194746 0.527258 0.270315 0.067201 0.159880 1.000000 0.501832 0.059132 0.218320 0.058389 0.080065 -0.201097 -0.090871 -0.030345 0.234905 -0.417920 -0.341675 0.415957 0.435305 0.128550 0.108810 0.285323 0.089175 -0.212437 -0.038019 0.297626 0.412407 0.274342 -0.133553 0.088568 0.425181 -0.254612 -0.170076 -0.106108 -0.120287 -0.117338 -0.097690 -0.082171 -0.169254 -0.308738 0.058681 0.011207 0.097883 -0.266389 -0.218358 0.316554 0.326115 -0.090825 0.036833 0.162174 -0.095327 0.537127 0.195724 -0.226572 -0.056457 -0.243718 -0.020507 0.167656 0.031422 0.167221 0.290123 0.519688 0.318662 0.206613 0.091061 0.120365 0.103918 0.162702 0.384988 0.619585 0.394465 -0.178911 0.193208 -0.305286 -0.222908 -0.203217 -0.085039 -0.350372 -0.285792 -0.054969 -0.073671 -0.205134 -0.171021 -0.073170 0.109391 -0.382117 0.275445 -0.230392 -0.123541 -0.109286 -0.218983 -0.050133 -0.230315 -0.179465 -0.226097 0.066227 -0.029403 -0.023828 -0.200246 0.038093 -0.194043 -0.094035 -0.137640 -0.091469 0.048768
0.261177 0.176307 -0.455597 -0.306656 -0.267238 -0.222888 -0.291503 -0.063456 -0.075983 -0.135720 -0.038222 0.256598 0.322941 0.378133 -0.084277 0.203180 0.501832 1.000000 0.321515 0.325735 0.120126 0.140695 -0.181416 -0.154936 -0.178661 -0.038424 -0.479873 -0.364209 0.277936 0.610736 -0.049825 -0.107253 0.460659 -0.104978 -0.538503 -0.490177 0.371271 0.363807 0.179394 -0.001644 0.120961 0.502514 -0.278641 -0.283614 -0.220226 -0.387429 -0.290335 -0.293887 -0.292204 -0.155868 -0.176150 -0.023459 -0.020144 -0.038306 -0.320155 -0.298873 0.385662 0.459161 0.047353 0.122569 0.061000 0.106041 0.493054 0.581133 -0.365508 -0.271789 -0.210830 -0.456112 0.350340 0.171586 0.105177 0.258407 0.443467 0.574927 0.459463 0.397136 0.232909 0.250045 0.319034 0.485920 0.526340 0.637336 -0.152148 0.350088 -0.226808 -0.158536 -0.307431 -0.145674 -0.315258 0.100822 -0.047997 -0.283387 -0.125324 -0.249267 -0.135646 0.197034 -0.213659 0.141282 -0.103384 -0.010729 0.070120 -0.220630 0.081946 -0.069346 -0.238659 -0.204660 0.128353 -0.282106 -0.085248 -0.070363 -0.204320 -0.089407 -0.220107 -0.170354 -0.177144 0.114719
0.279525 0.292688 -0.049938 0.050568 -0.153608 -0.214960 0.066877 0.163961 -0.165039 -0.193926 -0.226558 0.091606 -0.045584 0.027936 -0.123460 0.216343 0.059132 0.321515 1.000000 0.490534 0.091422 0.103673 -0.278551 -0.126567 -0.270896 -0.181365 -0.170808 -0.097737 0.153807 0.385581 -0.328403 -0.181528 0.317185 0.199821 -0.336130 -0.305373 0.212706 0.019913 -0.074852 0.164299 0.143234 0.111321 -0.180409 -0.211146 -0.368291 -0.362526 -0.099995 -0.170290 -0.332960 -0.189538 -0.288033 -0.189990 -0.033780 0.082809 -0.148818 0.016835 0.261444 0.143598 -0.059454 0.046464 -0.024703 0.189271 0.191196 0.397629 -0.130126 -0.154384 -0.320692 -0.433238 0.184459 0.208373 0.028254 -0.079240 0.112454 0.390015 0.217493 0.231017 0.271729 0.325841 0.219318 0.116654 0.335440 0.293844 0.007614 0.341202 -0.018674 -0.072579 -0.275114 0.017396 -0.221705 0.086862 0.123517 -0.079387 0.016123 -0.163454 0.113524 0.011331 -0.041631 0.062135 0.055758 -0.153171 0.079603 -0.238602 -0.005474 -0.043538 -0.155594 -0.070579 0.155155 -0.002531 0.023238 -0.029481 0.009877 -0.191368 -0.050980 -0.173263 0.005470 0.113434
0.079880 0.229191 -0.107547 0.058484 -0.108112 -0.239042 0.068215 0.466848 -0.092814 -0.124875 -0.104232 0.168746 0.083119 0.101749 -0.136047 0.387791 0.218320 0.325735 0.490534 1.000000 -0.071844 0.035077 -0.475108 -0.116086 -0.419167 -0.141827 -0.376674 -0.135111 0.197513 0.373096 -0.332582 -0.201713 0.246661 0.405780 -0.432383 -0.146293 0.100792 -0.007137 -0.072652 0.004512 -0.003821 0.140068 -0.321873 -0.346935 -0.392728 -0.521587 -0.241844 -0.097194 -0.387461 -0.317657 -0.568834 -0.041891 -0.031800 0.207433 -0.471285 -0.041236 0.183579 0.226500 0.136240 0.284734 0.064716 0.470492 0.262225 0.329102 -0.304422 -0.135551 -0.473782 -0.378175 0.555519 0.448201 -0.101812 -0.016685 0.269431 0.306907 0.069564 0.088180 0.069957 0.130355 0.136912 0.040038 0.351800 0.227905 -0.108627 0.252940 -0.217041 -0.246320 -0.492977 -0.226937 -0.358767 -0.165503 0.263587 0.115703 0.094896 0.005348 0.084398 0.034476 -0.186993 0.156509 0.154941 0.021830 0.232610 -0.030279 0.330483 0.216311 0.096520 0.114278 0.073756 -0.066492 -0.050259 -0.184341 0.042449 -0.054894 -0.145639 0.084832 0.233715 0.097484
-0.007414 -0.037966 -0.041439 -0.040598 -0.057252 -0.077671 -0.138896 0.008968 -0.102020 -0.138261 -0.218829 -0.095409 -0.180288 -0.099984 -0.071111 -0.092871 0.058389 0.120126 0.091422 -0.071844 1.000000 0.524841 -0.004496 -0.079812 0.169103 0.291390 0.029670 0.025974 0.136417 0.129261 0.048731 0.139003 0.130812 -0.102996 -0.106038 -0.340549 0.095479 -0.082388 0.034818 -0.133196 -0.158330 0.187877 0.056469 0.030021 0.029621 0.007096 0.129240 0.066115 -0.098218 0.017963 0.112585 -0.029754 -0.020365 0.008394 -0.249263 0.120753 -0.057284 -0.040011 -0.115204 0.043491 -0.118009 0.018668 0.060167 0.176697 -0.135971 -0.063126 0.137779 -0.112917 -0.105428 0.029138 0.007546 0.008341 0.004840 0.120750 0.143773 -0.104724 0.077379 -0.027335 0.071067 0.369251 0.116805 0.106105 0.271531 0.146229 0.060811 -0.027211 0.162381 0.033829 -0.100782 -0.025766 0.130777 -0.200792 -0.080161 -0.343940 0.235305 0.118557 0.219821 0.249413 0.123057 -0.182751 -0.056502 -0.216544 -0.252599 0.092315 -0.116566 0.179098 0.138603 0.241228 -0.338944 0.069259 0.175469 -0.098655 -0.051706 -0.059123 -0.294701 0.178476
-0.023285 0.044081 0.157983 0.093033 0.116150 0.195748 0.204072 0.012607 0.132748 0.116328 -0.148122 -0.207619 -0.037492 -0.236007 -0.154240 -0.297825 0.080065 0.140695 0.103673 0.035077 0.524841 1.000000 -0.048813 -0.002720 0.230257 0.145469 0.081959 0.122681 -0.041310 0.027257 0.117152 0.185058 0.166880 -0.047163 0.053577 -0.200085 -0.120872 -0.052219 -0.260712 -0.025099 -0.033681 -0.071397 -0.050338 -0.069188 0.178506 -0.020269 -0.165879 -0.243871 0.070053 0.059077 0.143925 0.045856 -0.269367 -0.157346 -0.375343 0.044422 0.094291 0.003882 -0.066301 0.128309 0.010646 -0.052432 0.029075 -0.004703 0.010548 0.026369 0.227055 -0.159183 -0.058398 -0.117625 0.033370 0.036695 -0.121386 0.015861 -0.152227 -0.323902 -0.142399 -0.020573 0.006345 0.099250 0.098786 0.047627 -0.049476 -0.013184 -0.140209 -0.194586 -0.074559 -0.084785 -0.122668 -0.026175 -0.117570 -0.132636 -0.276304 -0.201369 0.456192 0.025892 0.125603 0.245353 -0.111175 -0.291086 -0.108903 -0.151723 -0.303129 0.243213 0.072822 0.420922 -0.007871 0.498479 0.043731 -0.149297 0.019983 0.055677 0.028549 -0.015387 0.009117 0.140342
-0.130038 -0.182536 0.187751 0.347818 -0.083818 0.074318 -0.033295 -0.087145 -0.065427 -0.144373 0.083178 0.109217 -0.076321 0.201187 0.211026 -0.081779 -0.201097 -0.181416 -0.278551 -0.475108 -0.004496 -0.048813 1.000000 0.708224 0.592720 0.386480 0.368223 0.129041 -0.076516 -0.345058 0.437826 0.423556 -0.261478 -0.526327 0.158233 -0.208922 -0.121700 -0.003950 0.144987 0.193072 0.092161 -0.129216 0.220828 0.055840 0.079329 0.138012 0.007930 -0.058447 0.302082 0.209077 0.600633 0.100855 0.136097 0.156627 0.213885 -0.019075 -0.128266 -0.019207 -0.095544 -0.474109 -0.281970 -0.474847 -0.310546 -0.425937 -0.124470 -0.149148 -0.068770 -0.047261 -0.433452 -0.250180 0.221137 0.143310 -0.168496 -0.217053 -0.017533 -0.085499 -0.379048 -0.285882 -0.283575 0.024588 -0.250122 -0.171886 0.191017 -0.098831 0.245064 0.487129 0.416486 0.045446 0.349467 0.395804 -0.311715 -0.008637 -0.053424 -0.022779 -0.372538 0.074651 -0.094692 -0.297951 -0.083639 -0.055944 -0.290333 -0.003003 -0.309646 -0.313732 -0.181562 -0.266763 -0.009002 -0.152213 -0.305914 -0.066045 -0.372317 0.046236 0.096280 -0.095420 -0.262905 -0.285205
-0.034664 -0.102300 -0.029644 0.572616 -0.247681 -0.014832 -0.095188 0.150340 -0.221860 -0.303070 0.224407 0.363588 -0.002601 0.268742 0.363578 0.275825 -0.090871 -0.154936 -0.126567 -0.116086 -0.079812 -0.002720 0.708224 1.000000 0.387489 0.508762 0.140056 -0.022581 0.069762 -0.133840 0.349611 0.557529 -0.302073 -0.384608 0.038192 -0.276445 -0.080871 0.038023 0.135591 0.259408 0.036175 0.075929 0.047584 -0.161865 -0.156936 -0.055337 -0.225089 -0.143032 0.026112 -0.089443 0.296601 -0.129991 0.070102 0.180517 -0.077740 -0.178752 -0.067459 -0.135660 -0.237702 -0.569170 -0.308736 -0.389424 -0.132483 -0.263593 -0.043185 -0.099611 -0.364162 -0.206011 -0.194366 -0.063503 0.194404 0.198709 -0.103005 -0.113963 -0.044577 -0.033745 -0.357664 -0.080981 -0.257607 0.070970 -0.050945 -0.024251 0.278589 0.223344 0.337011 0.588744 0.180906 0.079375 0.353536 0.361474 -0.073208 -0.035118 0.140359 -0.085029 -0.167665 0.230584 -0.133389 -0.087190 -0.156207 -0.274434 -0.328692 0.016007 -0.286484 -0.287978 -0.167757 -0.217884 0.022870 -0.144672 -0.349226 -0.253755 -0.324200 -0.046768 -0.132910 0.067655 -0.192937 -0.297858
-0.011542 -0.226546 0.298659 0.295199 0.321783 0.373850 0.118180 -0.117473 0.320444 0.219866 -0.091670 -0.175997 -0.164137 -0.139071 0.005882 -0.389205 -0.030345 -0.178661 -0.270896 -0.419167 0.169103 0.230257 0.592720 0.387489 1.000000 0.614937 0.526633 0.272513 -0.320684 -0.302335 0.413714 0.344255 -0.183171 -0.426051 0.194176 -0.083286 -0.231280 -0.055216 0.047267 -0.044264 0.031234 -0.148078 0.197153 0.136731 0.157136 0.207301 0.113613 0.060502 0.405191 0.293463 0.532611 0.253910 0.144223 0.193553 0.143883 0.085900 0.057165 -0.050860 0.048156 -0.262440 -0.101494 -0.473623 -0.172822 -0.367024 -0.042529 -0.187798 0.226106 -0.024697 -0.332309 -0.254438 0.104102 0.083743 -0.180494 -0.178544 -0.096455 -0.204973 -0.281174 -0.143585 -0.314838 0.002933 -0.194890 -0.223699 -0.066246 -0.220730 -0.083155 0.115377 0.361042 -0.082031 0.064996 0.050698 -0.221487 -0.203201 -0.103190 -0.191469 -0.224251 0.031216 -0.075133 -0.009493 -0.063641 -0.073577 -0.394622 -0.275673 -0.312432 -0.263070 -0.185616 -0.136630 0.026637 0.087546 -0.159062 -0.254739 -0.291447 -0.062504 0.182961 -0.082807 -0.256387 -0.084474
0.076772 -0.140073 -0.123191 0.279264 -0.156457 0.012975 -0.078984 0.075314 -0.101514 -0.209970 -0.002064 0.087693 0.015218 0.121706 0.276352 0.077618 0.234905 -0.038424 -0.181365 -0.141827 0.291390 0.145469 0.386480 0.508762 0.614937 1.000000 0.109406 -0.093892 0.109962 0.025065 0.367776 0.476145 0.053444 -0.266450 -0.091085 -0.243323 -0.047903 -0.113563 0.345021 -0.248833 -0.080157 0.368149 0.021937 -0.055736 -0.057773 -0.006916 -0.088182 -0.042121 0.033841 -0.046834 0.228508 -0.064144 0.056923 0.070128 -0.093348 -0.105610 0.112035 -0.013654 -0.110749 -0.338694 -0.086342 -0.461156 0.168740 -0.059483 -0.059627 -0.216668 -0.115456 -0.121273 -0.043627 0.042008 0.148903 0.204617 0.131290 0.045613 0.041037 -0.030498 -0.205891 -0.011743 -0.347653 0.284150 0.228433 0.071698 0.274323 0.264902 0.088652 0.316058 0.313834 -0.011293 0.120906 -0.044165 -0.112059 -0.195233 0.081745 -0.190613 -0.127234 0.289032 -0.107028 0.380105 -0.163743 -0.254260 -0.378179 -0.137055 -0.160498 -0.479376 -0.409895 -0.386135 0.188204 -0.155363 -0.435403 -0.329149 -0.340040 -0.274720 0.071166 0.039582 -0.386675 -0.117588
-0.039082 -0.117194 0.527613 0.348232 0.483171 0.471879 0.172689 -0.056493 0.275596 0.219652 -0.264089 -0.241680 -0.385689 -0.313312 -0.088978 -0.420739 -0.417920 -0.479873 -0.170808 -0.376674 0.029670 0.081959 0.368223 0.140056 0.526633 0.109406 1.000000 0.716736 -0.517904 -0.593291 0.000124 -0.001795 -0.378833 -0.355723 0.419394 0.077122 -0.208430 -0.226700 -0.150347 0.187384 -0.110954 -0.247047 0.232562 0.326393 0.110145 0.276940 0.176366 0.237511 0.338659 0.262037 0.438733 0.203506 0.029642 0.073575 0.265848 0.136318 -0.026431 -0.103448 0.071904 -0.085135 -0.090412 -0.196911 -0.447426 -0.411402 -0.019899 -0.116224 0.298566 0.190732 -0.319669 -0.018538 -0.023592 -0.158899 -0.451338 -0.343195 -0.105855 -0.192554 -0.206338 -0.047350 -0.213025 -0.284769 -0.386361 -0.376464 0.079955 -0.412238 0.157802 0.099321 0.342243 0.019451 0.242758 0.082929 -0.174863 -0.194623 -0.193757 -0.157295 0.018955 -0.044487 0.184122 -0.157929 -0.065806 -0.006110 -0.317056 -0.078573 -0.300419 -0.200154 0.033775 -0.031825 0.093628 0.233975 -0.126869 -0.063338 -0.146665 -0.045234 0.073300 -0.067677 -0.112591 -0.214398
-0.100870 -0.101108 0.583089 0.321725 0.612758 0.671758 0.263643 0.224823 0.489106 0.454030 -0.224499 -0.216459 -0.274617 -0.203434 -0.277870 -0.373440 -0.341675 -0.364209 -0.097737 -0.135111 0.025974 0.122681 0.129041 -0.022581 0.272513 -0.093892 0.716736 1.000000 -0.480106 -0.398437 -0.207447 -0.096119 -0.335120 -0.119416 0.374951 0.234608 -0.143627 -0.221247 -0.312849 0.191172 0.004260 -0.335291 0.013798 0.160109 0.005058 0.172862 0.112453 0.052689 0.089282 0.048637 0.065952 0.044922 -0.163181 -0.013233 0.055677 -0.063672 -0.007539 -0.021140 0.047860 0.117194 -0.031066 0.087007 -0.283329 -0.179532 -0.085611 0.088029 0.343488 0.274583 -0.272534 0.028380 -0.005454 -0.050078 -0.375832 -0.332133 -0.094185 -0.092392 -0.218730 -0.053508 0.040035 -0.232009 -0.245431 -0.221492 -0.175836 -0.483241 0.009551 -0.014584 0.093510 -0.059281 0.014685 0.046840 -0.066062 -0.124285 -0.085602 -0.074219 -0.096777 -0.232383 -0.106062 -0.293776 -0.052919 0.049772 -0.072721 0.101630 -0.156356 0.032309 0.127847 0.019955 0.016897 0.251490 -0.010669 0.018747 -0.134866 0.061244 0.005383 0.032208 -0.030225 -0.134598
0.099016 0.075995 -0.572595 -0.413015 -0.467936 -0.565937 -0.298683 -0.142935 -0.406809 -0.519914 0.288423 0.305352 0.383434 0.306640 0.536227 0.606719 0.415957 0.277936 0.153807 0.197513 0.136417 -0.041310 -0.076516 0.069762 -0.320684 0.109962 -0.517904 -0.480106 1.000000 0.611364 0.143360 0.155882 0.434356 0.153637 -0.275980 -0.198481 0.404684 0.167428 0.178265 0.045849 0.120760 0.390199 -0.225269 -0.277722 -0.246961 -0.187486 -0.231297 -0.252960 -0.282240 -0.315419 -0.283969 -0.339885 0.001864 -0.048652 -0.148508 -0.170134 0.065764 0.094645 -0.270349 -0.253613 0.081974 0.000864 0.372591 0.252096 -0.148549 -0.104307 -0.374776 -0.172783 0.135894 -0.026431 -0.036761 -0.021340 0.637358 0.174513 0.210462 0.005848 0.045849 -0.042077 0.194818 0.291840 0.565434 0.488275 0.280013 0.659738 0.335997 0.232407 -0.100347 0.082716 -0.153950 -0.146207 -0.068975 0.007490 -0.156574 -0.165913 0.173912 -0.023654 0.042512 0.232155 -0.180627 -0.149636 -0.028814 -0.119912 -0.127625 -0.055339 -0.201837 -0.120036 -0.159233 0.049358 -0.017941 0.044974 0.071215 -0.249414 -0.107997 0.072795 0.058846 0.027372
0.347785 0.152369 -0.563046 -0.441236 -0.222993 -0.305653 -0.296258 -0.148170 -0.072243 -0.164400 0.122895 0.277189 0.353159 0.237415 0.106119 0.456359 0.435305 0.610736 0.385581 0.373096 0.129261 0.027257 -0.345058 -0.133840 -0.302335 0.025065 -0.593291 -0.398437 0.611364 1.000000 0.114963 0.130861 0.602245 0.216753 -0.505878 -0.293596 0.473248 0.287909 0.051492 -0.081044 0.191961 0.444261 -0.343234 -0.373794 -0.297203 -0.223759 -0.189750 -0.244119 -0.383043 -0.281558 -0.446391 -0.305216 -0.053389 -0.007079 -0.451924 -0.153767 0.313997 0.124573 -0.178962 -0.064235 -0.030226 0.002554 0.565488 0.486682 -0.280052 -0.306557 -0.259177 -0.276428 0.296210 0.024112 0.000737 0.095733 0.698429 0.512928 0.421274 0.419590 0.342027 0.217360 0.467451 0.459007 0.599871 0.724096 -0.153888 0.612048 -0.034434 -0.052375 -0.339445 -0.082305 -0.466481 -0.148740 0.073302 -0.240340 -0.086577 -0.178529 0.013868 -0.020586 -0.205092 0.190816 -0.171082 -0.145907 0.205621 -0.317631 -0.047884 0.051443 -0.342798 -0.086724 -0.135820 -0.126240 -0.015051 -0.012465 0.120741 -0.164283 -0.155293 0.011127 -0.037880 0.232231
-0.082158 -0.308281 -0.022476 -0.155935 0.091796 -0.011314 -0.006582 -0.319919 -0.010562 0.001028 0.143372 -0.135059 0.247799 0.014276 0.309161 -0.065767 0.128550 -0.049825 -0.328403 -0.332582 0.048731 0.117152 0.437826 0.349611 0.413714 0.367776 0.000124 -0.207447 0.143360 0.114963 1.000000 0.751276 0.149159 -0.025137 0.113933 -0.016724 -0.172462 0.040860 0.060333 -0.176453 0.069071 -0.055795 0.064865 -0.007379 0.157860 0.280851 -0.024732 -0.058986 0.260696 0.181028 0.233370 0.110552 0.159926 0.035223 -0.122108 -0.116232 -0.167977 -0.136412 -0.079107 -0.233032 -0.146951 -0.513378 -0.114725 -0.340993 0.064236 -0.093487 0.169549 0.231289 -0.150749 -0.256034 0.250040 0.171749 0.228700 -0.068169 -0.036606 -0.059887 -0.149969 -0.195930 -0.011045 0.171760 -0.151746 0.033724 -0.149512 0.033552 -0.152507 0.010576 0.100971 -0.243583 0.090809 -0.101198 -0.344099 -0.182658 -0.309408 -0.030247 -0.115640 0.029022 -0.228598 -0.046969 -0.293404 -0.267634 -0.189713 -0.148973 -0.334297 -0.067686 -0.067837 0.072539 -0.178603 -0.063293 -0.080162 -0.150370 -0.054206 -0.050273 0.032862 -0.119420 -0.184218 -0.048318
-0.148851 -0.359284 0.007886 0.178672 -0.002143 0.039802 0.014315 0.013523 -0.070568 -0.169709 0.047375 0.063711 0.185882 0.118339 0.253857 0.059141 0.108810 -0.107253 -0.181528 -0.201713 0.139003 0.185058 0.423556 0.557529 0.344255 0.476145 -0.001795 -0.096119 0.155882 0.130861 0.751276 1.000000 -0.034798 0.050287 0.063997 -0.094736 -0.194916 0.033161 -0.021543 -0.082260 -0.007137 0.003149 -0.057706 -0.155181 0.051523 0.213035 -0.115917 -0.113324 0.050825 -0.038395 0.070750 -0.057143 0.086356 0.046720 -0.305372 -0.149332 -0.115889 -0.217036 -0.281224 -0.280677 -0.223611 -0.478540 0.053206 -0.217929 -0.018608 -0.071650 -0.050863 0.142271 -0.193533 -0.103302 0.191891 0.343573 0.110986 -0.092034 -0.186866 -0.054369 -0.292027 -0.065854 -0.091512 0.187705 0.011292 0.039766 0.043935 0.207947 -0.084653 0.223199 0.073493 -0.127996 0.147798 0.004659 -0.199173 -0.187391 -0.142294 -0.198060 -0.026970 0.087722 -0.235151 -0.019760 -0.365318 -0.391456 -0.254981 -0.002102 -0.407558 -0.114333 -0.106629 0.029974 -0.041883 -0.014578 -0.146981 -0.198677 -0.116485 -0.165627 -0.004452 0.005348 -0.250825 -0.186818
0.211292 0.136989 -0.328348 -0.475243 -0.151995 -0.374013 -0.130862 -0.246747 -0.168920 -0.128329 -0.191515 -0.146647 0.194207 -0.026501 0.024128 0.159691 0.285323 0.460659 0.317185 0.246661 0.130812 0.166880 -0.261478 -0.302073 -0.183171 0.053444 -0.378833 -0.335120 0.434356 0.602245 0.149159 -0.034798 1.000000 0.274805 -0.363581 -0.242529 0.287220 0.154269 0.181261 -0.183816 0.127321 0.405326 -0.195033 -0.191621 -0.186920 -0.261799 -0.111516 -0.232907 -0.276822 -0.244295 -0.214727 -0.203242 -0.045890 -0.164722 -0.106815 -0.098065 0.162093 0.139293 0.086784 0.096276 0.122240 -0.005096 0.371271 0.367775 -0.132637 -0.281135 0.052532 -0.199727 0.365369 0.128863 0.003084 -0.059983 0.652259 0.483982 0.431514 0.150799 0.384116 0.212316 0.268675 0.428780 0.536648 0.504041 -0.072135 0.471555 -0.060160 -0.127041 -0.027949 -0.126666 -0.281014 -0.134014 -0.166090 -0.146052 -0.133382 -0.039001 -0.042513 0.075615 -0.014611 0.355447 0.024923 0.035491 0.091447 -0.141745 0.097888 -0.089200 -0.283071 -0.154974 0.091389 -0.065748 -0.098774 -0.057559 0.030980 -0.109415 -0.015542 0.027654 -0.081067 0.233411
-0.303583 -0.096546 0.085519 -0.275302 0.059814 -0.243068 0.370241 0.144512 -0.100654 -0.047176 -0.155268 -0.284670 0.100352 -0.225271 -0.136835 -0.009460 0.089175 -0.104978 0.199821 0.405780 -0.102996 -0.047163 -0.526327 -0.384608 -0.426051 -0.266450 -0.355723 -0.119416 0.153637 0.216753 -0.025137 0.050287 0.274805 1.000000 0.036812 0.509199 -0.045066 -0.038520 -0.099892 -0.236449 -0.023724 -0.136435 -0.129541 0.003924 -0.024106 -0.053413 0.035673 0.132000 -0.181789 -0.238760 -0.616451 -0.082341 -0.070771 -0.072679 -0.136096 0.156911 -0.193825 -0.266803 -0.040266 0.357155 0.122138 0.222942 0.111826 0.031625 0.205693 0.202058 0.030164 0.337852 0.301696 0.049417 -0.041390 -0.050436 0.225340 -0.065298 -0.231681 -0.147833 0.196110 0.051192 0.207293 0.004560 0.125180 -0.018240 -0.173602 0.022236 -0.301348 -0.400808 -0.288397 -0.208120 -0.225406 -0.403641 0.155302 0.261666 -0.017311 0.195969 0.169082 -0.194580 -0.100094 0.073684 0.087642 0.013782 0.217396 0.284043 0.234768 0.346764 0.236878 0.361012 -0.072376 0.060887 0.299243 -0.048058 0.428140 -0.024241 0.116275 0.050081 0.329428 0.321540
-0.465741 -0.214036 0.438304 0.172870 0.244526 0.224979 0.214143 -0.211166 0.119875 0.137302 -0.064275 -0.411397 -0.310832 -0.523961 -0.040367 -0.414798 -0.212437 -0.538503 -0.336130 -0.432383 -0.106038 0.053577 0.158233 0.038192 0.194176 -0.091085 0.419394 0.374951 -0.275980 -0.505878 0.113933 0.063997 -0.363581 0.036812 1.000000 0.538030 -0.226100 0.110010 -0.293960 0.154483 0.222378 -0.519289 0.260428 0.347563 0.208986 0.337737 0.235177 0.181230 0.297520 0.168796 0.221625 0.172381 -0.011303 0.154162 0.339413 0.119351 -0.322536 -0.252932 -0.124722 -0.147592 -0.037436 -0.219561 -0.478653 -0.523958 0.413286 0.230221 0.454359 0.513916 -0.392129 -0.235578 0.134045 -0.073643 -0.286262 -0.444124 -0.268651 -0.354633 -0.130522 -0.130126 0.029180 -0.322038 -0.375882 -0.375080 -0.017458 -0.516314 0.062767 0.016220 0.255735 0.039154 0.311252 -0.020050 -0.180306 0.179739 -0.123423 0.155268 0.054691 -0.198704 -0.072684 -0.316448 -0.045625 0.212720 -0.085500 0.051077 -0.120670 -0.025351 0.265173 0.246243 0.029574 0.256263 0.350677 0.190816 0.138588 0.196877 0.299849 0.287958 0.246851 -0.079467
-0.472379 -0.094354 0.298893 -0.152720 0.400758 0.182965 0.272682 -0.061195 0.186012 0.254019 -0.021686 -0.301707 -0.080323 -0.330890 -0.131002 -0.374864 -0.038019 -0.490177 -0.305373 -0.146293 -0.340549 -0.200085 -0.208922 -0.276445 -0.083286 -0.243323 0.077122 0.234608 -0.198481 -0.293596 -0.016724 -0.094736 -0.242529 0.509199 0.538030 1.000000 -0.248607 0.025131 -0.278669 -0.134037 0.065849 -0.423263 0.125239 0.294444 0.349516 0.454585 0.186883 0.285240 0.206175 0.113584 -0.177636 0.173224 -0.054040 0.025028 0.132296 0.062145 -0.268851 -0.236439 -0.041002 0.286758 0.170899 0.053440 -0.196614 -0.330182 0.266552 0.329718 0.369963 0.733560 -0.126356 -0.250389 0.031993 -0.083218 -0.098892 -0.494128 -0.354269 -0.222547 -0.017522 -0.087628 -0.031871 -0.331703 -0.255414 -0.372387 -0.225305 -0.455359 -0.260428 -0.296470 -0.006454 -0.083417 -0.053606 -0.392385 -0.054020 0.221462 -0.008934 0.241558 -0.026549 -0.232839 -0.206994 -0.164034 0.018713 0.200020 0.152979 0.272647 0.214609 0.226525 0.365255 0.319412 -0.111547 0.226816 0.451941 0.099279 0.327470 0.205536 0.237585 0.121407 0.376146 0.148918
