1.000000 0.257514 0.011409 -0.088478 -0.062949 -0.176896 -0.129008 -0.074391 0.059504 0.039454 0.350188 0.073487 0.017987 0.229187 0.216059 -0.008813 0.268612 -0.019656 0.296727 0.282833 -0.139560 -0.059537 -0.110394 -0.014253 -0.132565 -0.110234 -0.173269 -0.256087 0.323838 -0.036705 -0.249963 -0.231428 -0.022094 -0.179879 -0.017795 -0.093621 0.068892 0.121403 0.274442 -0.116482 -0.117288 -0.021826 -0.135241 -0.205421 -0.235998 -0.295001 -0.237160 -0.045542 -0.081655 -0.123628 -0.278552 -0.108182 -0.175644 -0.106382 -0.133015 0.000677 0.444207 0.139650 0.069109 -0.169152 0.343017 -0.002244 -0.087859 -0.164518 0.007333 0.094431 -0.212153 -0.244992 0.248699 0.026845 -0.040839 -0.164762 -0.060375 -0.114814 -0.015999 0.038371 0.068090 0.057192 0.021981 -0.076342 0.246790 -0.009949 0.386028 0.095706 0.243941 0.143439 0.445310 0.276070 0.124535 0.067680 -0.034872 0.188883 -0.073609 0.108654 -0.122140 -0.332721 -0.052296 0.039941 -0.206097 0.238599 -0.174270 0.298479 -0.267125 -0.007008 0.290704 0.001005 -0.224428 -0.391817 0.030917 -0.151403 0.015908 -0.193742 0.048331 0.185965 0.123843 -0.232213
0.257514 1.000000 -0.319292 -0.056901 -0.131018 -0.417538 -0.449495 -0.142167 -0.131057 -0.142131 0.071884 0.354630 -0.175801 0.156049 0.142355 0.206997 0.389007 0.197431 0.275200 0.266079 -0.113740 -0.109524 0.019250 0.040806 -0.309751 -0.196720 0.099395 -0.035768 0.176760 0.231434 -0.231461 -0.121252 0.284889 0.234258 -0.236601 -0.286944 0.250238 0.289291 0.394527 0.538095 0.254148 0.315578 -0.292759 -0.342926 -0.498981 -0.627538 -0.203983 -0.129010 -0.353699 -0.399394 -0.300040 -0.239240 0.088035 -0.115258 0.298803 0.212121 0.226474 0.435891 -0.057928 -0.062550 0.002036 0.009534 0.019851 0.153065 -0.179086 -0.044897 -0.293260 -0.506907 0.268523 0.028515 -0.332614 -0.077936 0.128016 0.303761 0.317800 0.284353 0.220163 0.172553 0.193949 0.306847 0.175553 0.223901 0.381515 0.147649 -0.089941 0.026346 0.334487 0.147939 0.122318 0.209652 0.000585 0.024891 0.006688 -0.144872 -0.000786 0.115916 0.133739 0.196251 -0.138714 -0.098364 0.265736 -0.207800 0.033713 -0.167394 -0.058032 -0.114200 0.056933 -0.193609 0.037363 0.130979 -0.054082 -0.121873 -0.053964 0.085138 0.177242 0.064636
0.011409 -0.319292 1.000000 0.319984 0.167727 0.309476 0.749967 0.184899 0.367205 0.185736 -0.019935 -0.402620 0.474377 -0.190705 0.040278 -0.049789 -0.501956 -0.244225 -0.206151 -0.102844 -0.091105 -0.001297 0.491677 0.462001 0.312941 0.150624 -0.096296 -0.089596 -0.382715 -0.499631 0.425418 0.242854 -0.002582 -0.124314 0.163982 0.285146 -0.336792 -0.261755 -0.162780 -0.401625 -0.308900 -0.211846 0.121519 0.128854 0.179540 0.262575 -0.064860 0.237695 0.314830 0.154021 0.203256 0.162688 -0.073794 0.066167 -0.244343 -0.110415 -0.267208 -0.179678 -0.033509 -0.115628 0.025707 0.009594 -0.466434 -0.450646 0.495948 0.125182 0.046396 0.259392 -0.242129 0.064495 0.198658 -0.197555 -0.361703 -0.337223 -0.263336 -0.192807 -0.339850 -0.336602 -0.118403 -0.118427 -0.430141 -0.380593 -0.269542 -0.512214 0.093901 -0.234913 -0.086743 -0.048567 0.245826 0.035265 0.154006 0.142363 0.019926 0.174576 -0.095014 -0.482012 -0.028617 -0.189470 0.149291 -0.252566 -0.056332 0.069233 -0.248054 -0.051550 0.105686 0.116449 -0.190807 0.016021 0.102348 -0.379199 0.071830 -0.267141 0.038097 -0.033890 -0.018020 -0.093721
-0.088478 -0.056901 0.319984 1.000000 0.066824 0.149935 0.122199 0.545900 -0.032225 0.307720 -0.303861 -0.354084 0.016096 -0.097233 -0.023356 0.189802 -0.456316 -0.260439 -0.284291 0.271050 -0.100130 0.092106 0.577695 0.687559 0.349290 0.458962 0.268702 0.295641 -0.560915 -0.362556 0.226307 0.478504 -0.131963 0.105548 0.190392 -0.093179 -0.220071 -0.207944 -0.142431 -0.267967 -0.202096 -0.059145 -0.109376 -0.101183 -0.070603 -0.078819 -0.180094 -0.003949 -0.119431 -0.022085 0.031243 -0.019981 -0.210730 -0.214037 -0.070140 -0.085250 -0.216181 0.133294 -0.386638 -0.021697 -0.306367 -0.075985 -0.422882 -0.300177 0.439455 0.392017 -0.229673 0.025617 0.168160 0.214262 0.023459 -0.195089 -0.568509 -0.064049 -0.024025 -0.268018 -0.424070 -0.358872 0.262421 0.184591 -0.178909 -0.324068 -0.087777 -0.299144 0.011949 0.054555 0.196495 0.228566 0.409972 0.236442 0.019964 -0.120992 0.145121 0.207214 -0.031678 -0.109045 0.000808 0.145159 0.199395 0.019521 0.011839 -0.028580 -0.148737 0.065037 -0.080185 0.145688 -0.042291 0.017986 0.323280 -0.332373 0.172515 0.046810 0.138175 -0.096535 0.275104 0.011770
-0.062949 -0.131018 0.167727 0.066824 1.000000 0.358806 0.335489 -0.118543 0.434472 0.114718 0.229648 0.054799 0.250903 0.003659 0.169749 0.012627 -0.340071 -0.177804 -0.030743 0.086498 0.231057 0.298555 0.272469 0.165650 0.106667 -0.025961 0.427547 0.220733 -0.042231 -0.270287 0.163778 -0.094637 -0.256964 -0.368091 0.178047 0.200499 -0.094665 -0.134715 -0.071522 -0.033348 -0.127494 0.041763 0.079741 -0.013198 0.124365 0.120494 0.079218 0.012109 0.410469 0.063688 0.260520 0.188368 0.094816 0.175945 -0.054031 -0.055558 -0.429864 -0.282542 0.109644 -0.020769 -0.109098 -0.177537 -0.150522 -0.269408 0.214869 0.130804 0.013259 0.080795 -0.072559 0.057141 0.093948 -0.222934 -0.221039 -0.186714 -0.101663 -0.126768 -0.240483 -0.353201 -0.182252 -0.148648 -0.110834 -0.156160 -0.038667 -0.224486 0.295843 0.045905 0.020965 0.104163 0.292258 0.020312 -0.263597 -0.082727 -0.410473 -0.222706 0.005572 -0.092190 0.246532 -0.039011 -0.042432 -0.246541 -0.187817 -0.110190 -0.329002 -0.124829 -0.129369 0.248501 -0.194101 -0.075007 0.130223 0.050503 0.296696 -0.007061 -0.018396 -0.006734 -0.265255 -0.038535
-0.176896 -0.417538 0.309476 0.149935 0.358806 1.000000 0.213472 0.094727 0.287617 0.321895 -0.139180 -0.045846 0.047410 -0.203020 -0.054938 -0.124143 -0.288533 -0.103512 -0.209066 -0.051694 0.106987 0.095914 0.077029 0.054142 0.049416 0.182765 0.037959 0.219692 -0.031611 -0.012143 0.274144 0.010059 -0.442980 -0.401181 -0.061634 0.002554 -0.072183 -0.117479 -0.200356 -0.167837 0.076101 -0.035011 0.151167 0.069500 0.273444 0.277975 0.070145 -0.009688 0.259267 0.136194 0.139111 0.276107 0.195926 0.187152 -0.074227 -0.114264 -0.116807 -0.261642 0.027313 0.048082 -0.021892 -0.022788 -0.017702 -0.256691 -0.043029 0.163973 0.102620 0.139635 -0.170294 0.000945 0.357776 0.031519 -0.094223 -0.103657 -0.132166 -0.154278 -0.105617 -0.278609 -0.079039 -0.129607 -0.147813 -0.173266 -0.387946 -0.141208 0.023233 -0.092959 -0.344312 0.117955 0.100438 0.061687 0.061608 -0.066212 0.099022 -0.074144 0.234534 -0.205746 -0.075784 -0.075996 0.229575 -0.063435 -0.028208 0.129591 -0.139925 0.094981 -0.098443 0.113893 0.201188 0.219374 0.211032 -0.052405 -0.069229 0.036259 -0.200376 -0.041661 -0.121727 -0.101794
-0.129008 -0.449495 0.749967 0.122199 0.335489 0.213472 1.000000 0.185049 0.414575 0.131675 0.077633 -0.229588 0.484745 -0.153076 -0.006582 -0.152284 -0.412151 -0.139836 -0.162670 -0.062074 0.042227 0.075835 0.284358 0.285884 0.290355 0.038459 -0.141377 -0.223505 -0.234122 -0.358688 0.386961 0.139269 0.013681 -0.131465 0.060907 0.245144 -0.356389 -0.357926 -0.373414 -0.513224 -0.332226 -0.296856 0.253455 0.171608 0.270640 0.328543 0.127566 0.303317 0.460184 0.181625 0.182341 0.210162 -0.108176 0.107417 -0.265369 -0.108980 -0.322990 -0.282324 0.062097 -0.035400 0.049396 0.084028 -0.362978 -0.310022 0.436393 0.020883 0.116793 0.320107 -0.358014 0.053084 0.234449 -0.109588 -0.172003 -0.315297 -0.336134 -0.251495 -0.323533 -0.269745 -0.212026 -0.265333 -0.318471 -0.269878 -0.306098 -0.307867 0.095003 -0.194490 -0.202332 -0.181920 0.081086 -0.151140 0.233736 0.234703 -0.111595 0.158127 -0.129043 -0.394593 -0.068335 -0.362683 0.137390 -0.201871 -0.195874 0.075514 -0.199921 -0.108717 -0.042689 0.097280 -0.298175 -0.015000 0.080484 -0.273456 -0.001889 -0.104886 0.126643 0.029311 -0.097818 -0.156714
-0.074391 -0.142167 0.184899 0.545900 -0.118543 0.094727 0.185049 1.000000 -0.037839 0.385999 -0.343373 -0.010474 -0.142093 0.260304 -0.234391 0.208162 -0.191494 -0.067045 -0.362644 0.067387 -0.156743 0.034083 0.060379 0.333201 0.212225 0.465155 -0.098064 0.060506 -0.288893 0.068307 0.060048 0.398190 -0.221433 0.016668 0.067822 -0.038369 -0.137791 -0.164825 -0.246066 -0.359035 -0.237253 0.179090 -0.116548 -0.167359 -0.043102 0.017147 -0.068468 -0.161269 -0.081649 0.014492 -0.067363 -0.193239 -0.364498 -0.339018 -0.351529 -0.171878 -0.095506 -0.166572 -0.231814 0.007840 -0.021067 0.254816 -0.276034 0.011866 0.322372 0.411224 -0.185523 0.153485 -0.088956 -0.084685 0.042543 -0.041321 -0.102500 0.071151 0.092329 -0.042389 -0.197817 -0.145160 0.192130 0.137766 -0.077697 -0.243055 -0.206762 0.149267 -0.143351 0.144998 -0.030064 0.096341 0.142934 0.101917 0.175542 -0.188426 0.341436 0.158339 -0.201925 -0.082118 -0.350143 -0.057277 -0.141698 -0.025007 0.191048 0.063365 0.046804 0.154114 0.050192 0.220040 0.118346 0.076784 0.217536 -0.305111 -0.218848 0.187744 0.224474 0.069177 0.185997 0.048297
0.059504 -0.131057 0.367205 -0.032225 0.434472 0.287617 0.414575 -0.037839 1.000000 0.384591 0.232754 0.129722 0.530132 0.131351 0.360076 0.183372 -0.388425 -0.383627 -0.092499 -0.045470 -0.004216 -0.039677 0.191756 0.212107 0.006297 -0.020119 -0.261661 -0.354092 0.002886 -0.360028 0.215518 -0.201793 -0.155376 -0.234075 0.177171 0.227147 -0.325725 -0.167861 -0.152238 -0.166757 -0.338154 0.042406 0.142525 0.034883 0.103740 0.118163 -0.085638 0.040754 0.495730 -0.007097 0.210768 0.154875 0.055195 0.094054 -0.114871 -0.164314 -0.412366 -0.346498 0.319261 -0.033844 0.277710 0.112981 -0.375744 -0.357016 0.197841 0.220221 0.035160 0.150110 -0.022122 -0.006773 0.073702 -0.133161 -0.166981 -0.214366 -0.101207 -0.125873 -0.166434 -0.142258 -0.237530 -0.327648 -0.439244 -0.463180 -0.182632 -0.198629 0.167711 -0.048370 -0.013142 0.084609 0.296556 0.054943 0.234970 0.173485 0.032325 0.041083 -0.128861 -0.325366 0.140961 -0.025235 0.091149 -0.271888 -0.228187 0.072031 -0.234023 -0.100189 -0.068949 -0.002306 -0.140809 0.002890 0.199159 -0.138515 0.176081 -0.322598 -0.075595 -0.028168 -0.173164 -0.280553
0.039454 -0.142131 0.185736 0.307720 0.114718 0.321895 0.131675 0.385999 0.384591 1.000000 -0.013552 -0.016875 0.249875 0.340091 0.197154 0.483486 -0.190687 -0.258749 0.009511 0.308843 -0.294739 -0.283940 0.207995 0.385980 0.040987 0.208295 -0.329018 -0.259166 0.133268 -0.045972 0.084616 0.111264 -0.310337 -0.063229 -0.003397 0.004024 -0.063752 -0.067552 -0.297551 -0.160407 -0.229111 0.050980 -0.117944 -0.178165 -0.068913 -0.019003 -0.220063 -0.217479 0.099366 -0.128057 -0.184382 -0.120812 -0.230195 -0.079342 -0.182341 -0.270964 -0.095536 -0.202597 -0.022838 -0.220100 0.268576 0.415056 -0.410483 -0.262595 0.399262 0.606397 -0.289240 0.030200 0.099896 0.028527 0.098157 -0.082280 0.003183 -0.061714 0.056737 0.159743 -0.035042 -0.156956 0.151466 0.151591 0.018712 -0.239071 -0.042530 0.095358 0.058645 -0.022765 -0.044487 0.218644 0.259899 0.048403 0.223348 0.064463 0.475329 -0.007032 0.140132 -0.140539 -0.189411 0.120205 -0.169253 -0.127548 -0.021131 0.216516 -0.007361 -0.098525 -0.102983 0.057743 -0.057803 0.050777 0.249192 -0.157747 -0.112819 0.132591 -0.089615 0.029092 0.100371 -0.127826
0.350188 0.071884 -0.019935 -0.303861 0.229648 -0.139180 0.077633 -0.343373 0.232754 -0.013552 1.000000 0.325452 0.451602 0.279201 0.294270 -0.066502 0.161195 -0.094978 0.400466 0.148332 -0.220839 -0.414465 0.052833 -0.074843 -0.328104 -0.293452 -0.126456 -0.299387 0.373042 -0.075636 -0.034859 -0.248872 0.146165 -0.209518 -0.055546 0.110163 -0.022182 -0.094586 0.142811 0.087213 -0.048200 -0.094747 -0.009051 0.075046 -0.144712 -0.133772 0.003660 0.006461 0.080736 -0.271614 -0.047161 -0.177780 0.098395 -0.014337 0.216582 -0.266801 0.053737 -0.069002 0.231297 -0.290566 0.279703 0.106837 0.075435 -0.196323 -0.012758 0.046244 0.023578 -0.057122 0.141487 -0.047619 -0.128296 -0.240730 -0.050642 -0.273200 -0.075449 0.070645 0.135434 0.019504 -0.155265 -0.133530 -0.017234 -0.009523 0.286682 0.039211 0.240717 0.052810 0.176806 0.001271 0.107683 -0.138142 -0.187814 0.296205 -0.241398 -0.158066 -0.072787 -0.096669 0.266354 0.018198 -0.165901 -0.161530 -0.384990 0.108745 -0.248209 -0.070026 0.059424 -0.009453 -0.231653 -0.160460 0.009616 0.003881 0.096639 -0.222160 -0.141318 0.110082 -0.128185 -0.223070
0.073487 0.354630 -0.402620 -0.354084 0.054799 -0.045846 -0.229588 -0.010474 0.129722 -0.016875 0.325452 1.000000 -0.132063 0.466784 0.056841 0.131322 0.339675 0.216422 0.041540 -0.050083 -0.147884 -0.144748 -0.361229 -0.237207 -0.437618 -0.145959 -0.162314 -0.235691 0.312817 0.273482 -0.191306 -0.304009 -0.176644 -0.283273 -0.196559 -0.104609 -0.064442 0.041482 0.020447 0.290836 -0.022877 0.228697 -0.066719 -0.183593 -0.167884 -0.265037 0.106643 -0.120304 0.141931 -0.225151 -0.003656 -0.108158 0.423504 0.053504 0.189221 0.064618 0.021141 -0.026629 0.207373 -0.034337 0.274265 0.279110 0.137975 0.247878 -0.282615 0.185162 -0.167623 -0.128315 -0.073767 -0.213823 -0.218991 0.007622 0.193730 0.129300 0.018581 0.056901 0.140813 0.099646 -0.138370 -0.028960 -0.003235 0.048270 -0.003227 0.345165 -0.137140 0.151738 -0.084573 -0.036338 -0.155672 0.085340 0.193328 0.150636 -0.028256 -0.358132 -0.207771 0.109737 0.051266 -0.059154 -0.032045 0.041815 -0.115717 -0.206245 -0.047613 -0.016264 -0.083255 -0.074860 0.118880 -0.049861 0.053473 0.051925 -0.160578 -0.004324 -0.196276 0.061070 -0.123151 -0.175068
0.017987 -0.175801 0.474377 0.016096 0.250903 0.047410 0.484745 -0.142093 0.530132 0.249875 0.451602 -0.132063 1.000000 0.118129 0.400141 0.219021 -0.373129 -0.322643 0.152524 -0.010078 -0.181209 -0.364457 0.350432 0.181856 0.017999 -0.063999 -0.194787 -0.371145 -0.054129 -0.436545 0.169725 -0.055338 0.079874 -0.059856 0.117763 0.280849 -0.322162 -0.305910 -0.180492 -0.124334 -0.313145 -0.177882 -0.022793 0.015832 -0.074234 0.028000 -0.155022 -0.003335 0.302582 -0.127039 0.175517 0.033973 -0.029101 0.056418 -0.070929 -0.274044 -0.307848 -0.254424 0.289752 -0.040044 0.411987 0.133435 -0.313067 -0.380399 0.420536 0.037694 0.232208 0.218336 0.103828 0.029480 0.008405 -0.259667 -0.196829 -0.442468 -0.137828 -0.048328 -0.131443 -0.041036 -0.245661 -0.334713 -0.422402 -0.391995 0.079333 -0.237143 0.246243 -0.115655 0.014604 -0.051613 0.181988 -0.081350 0.222289 0.284267 0.046213 0.172122 -0.019233 -0.157938 0.206284 0.021161 -0.019503 -0.278511 -0.211444 0.030729 -0.204405 -0.102211 0.019091 -0.033305 -0.353764 0.068643 0.100351 -0.118861 0.055352 -0.363067 -0.053001 0.022298 -0.123755 -0.164529
0.229187 0.156049 -0.190705 -0.097233 0.003659 -0.203020 -0.153076 0.260304 0.131351 0.340091 0.279201 0.466784 0.118129 1.000000 0.096238 0.301337 0.132112 0.072411 0.058761 0.048915 -0.352490 -0.293946 -0.245761 -0.136289 -0.404468 -0.054335 -0.280133 -0.221398 0.136153 0.136304 -0.348733 -0.261842 -0.077207 -0.051943 0.068489 0.108266 -0.163363 0.055286 -0.053964 -0.028237 -0.285916 0.198804 -0.188854 -0.272461 -0.170332 -0.140058 -0.038358 -0.192282 0.042843 -0.071575 -0.154224 -0.165019 -0.176692 -0.129001 -0.181612 -0.016542 0.029191 0.017751 0.240432 0.065614 0.355250 0.455963 -0.081509 0.175562 0.003128 0.365579 0.036192 -0.027063 0.122519 -0.095137 -0.364011 -0.130479 0.052230 -0.050236 0.082518 0.206221 0.037248 0.212559 -0.057534 -0.024803 0.001132 -0.218580 0.024662 0.258859 -0.150105 -0.031499 0.082261 -0.025978 -0.076566 -0.038410 0.181549 -0.069117 0.120409 -0.156247 -0.284405 0.155003 -0.156949 0.194636 -0.209951 0.104506 0.019613 -0.098334 -0.097127 -0.136376 0.214787 0.061960 -0.164803 -0.070025 0.246092 -0.030354 -0.273446 0.122145 -0.081225 0.104644 0.136739 0.105486
0.216059 0.142355 0.040278 -0.023356 0.169749 -0.054938 -0.006582 -0.234391 0.360076 0.197154 0.294270 0.056841 0.400141 0.096238 1.000000 0.455793 0.031480 -0.116519 0.351578 0.244192 0.042389 -0.304132 0.113054 0.114198 -0.149398 -0.184477 -0.020100 -0.304420 0.294614 -0.194779 0.015522 -0.122676 0.060131 0.066679 0.090860 -0.018569 0.009394 0.027059 0.163559 0.199855 -0.063640 0.238958 -0.156118 -0.219047 -0.324663 -0.405352 -0.138162 -0.189199 0.005795 -0.291574 -0.130723 -0.155388 0.122929 0.083854 0.057049 -0.197894 -0.061927 0.020351 0.190083 -0.196579 0.441710 0.199129 -0.061951 -0.015908 0.273820 -0.032151 -0.358088 -0.347249 0.255271 -0.104321 0.040319 -0.097350 0.060916 0.042178 0.241032 0.062059 0.091923 -0.032453 -0.157729 -0.135427 -0.001164 -0.055991 0.507513 0.155168 0.341278 0.151362 0.261206 0.317456 0.176379 0.017768 0.064851 0.246744 -0.007436 0.079452 0.002451 -0.112104 0.047047 0.141222 -0.161024 -0.259366 -0.206481 0.171873 -0.264698 -0.150264 -0.083438 -0.061593 -0.132332 -0.009132 -0.126926 0.076266 0.076330 -0.227942 -0.138270 -0.046947 -0.192457 -0.256855
-0.008813 0.206997 -0.049789 0.189802 0.012627 -0.124143 -0.152284 0.208162 0.183372 0.483486 -0.066502 0.131322 0.219021 0.301337 0.455793 1.000000 0.018711 -0.182496 0.162868 0.300564 -0.079734 -0.140396 0.186033 0.336733 0.104314 0.147042 -0.085695 -0.156638 0.104559 -0.001174 0.156100 0.205026 -0.154197 0.095568 0.039871 -0.149211 0.006896 0.032916 -0.169059 0.236296 -0.113257 0.227686 -0.227986 -0.326037 -0.368793 -0.379465 -0.203177 -0.289235 -0.088983 -0.258326 -0.158436 -0.246624 -0.071691 -0.029022 -0.193432 -0.159142 -0.166138 -0.020777 0.074344 -0.122977 0.307160 0.192817 -0.180002 0.016756 0.287110 0.229398 -0.325249 -0.193029 0.207416 -0.011524 -0.062272 -0.047426 0.082188 0.108016 0.268451 0.222580 0.050789 -0.025480 0.059819 0.082292 0.018071 -0.199982 0.307518 0.322875 0.011717 0.076080 0.281884 0.271317 0.052178 0.026235 0.126525 0.088148 0.275474 0.087208 0.027606 0.128963 -0.088423 0.275962 -0.319183 -0.218803 0.047437 -0.016353 -0.055794 -0.083728 -0.203829 0.083788 -0.028597 -0.002419 0.033679 0.047485 -0.022103 0.030581 -0.050188 -0.023848 0.095494 -0.075007
0.268612 0.389007 -0.501956 -0.456316 -0.340071 -0.288533 -0.412151 -0.191494 -0.388425 -0.190687 0.161195 0.339675 -0.373129 0.132112 0.031480 0.018711 1.000000 0.456666 0.452297 0.186549 -0.059300 -0.073509 -0.384670 -0.378335 -0.330124 -0.277373 -0.079578 -0.086175 0.562731 0.575445 -0.396782 -0.216027 0.238873 0.125919 -0.341905 -0.395203 0.473015 0.375357 0.254891 0.374481 0.347640 0.153708 -0.302945 -0.359821 -0.310005 -0.407039 -0.091830 -0.273966 -0.450473 -0.246087 -0.454444 -0.315566 -0.023430 -0.172777 0.075836 0.090924 0.482101 0.260652 0.106660 0.068918 0.128591 0.193863 0.565380 0.416974 -0.389293 -0.234500 -0.208991 -0.411724 0.022529 -0.186530 0.015261 0.310349 0.561867 0.428965 0.331713 0.400264 0.469583 0.286125 0.156065 0.122829 0.642801 0.458612 0.386242 0.576490 -0.123815 0.143296 0.221265 -0.006325 -0.326362 -0.118926 -0.181589 0.058862 -0.059755 -0.099976 0.033296 0.197028 -0.187329 0.086207 -0.399905 0.106623 0.078921 0.099588 0.050438 0.055962 0.046663 0.036819 0.145700 -0.011249 -0.342855 0.248528 -0.255744 0.154184 -0.100812 -0.023071 0.093009 0.145181
-0.019656 0.197431 -0.244225 -0.260439 -0.177804 -0.103512 -0.139836 -0.067045 -0.383627 -0.258749 -0.094978 0.216422 -0.322643 0.072411 -0.116519 -0.182496 0.456666 1.000000 0.117192 -0.139862 0.068422 0.001768 -0.329553 -0.403576 -0.194996 -0.241432 -0.085650 -0.174570 0.243819 0.529013 -0.092623 -0.208542 0.202634 0.180758 -0.211502 -0.108532 0.310242 0.268567 0.003044 0.204890 0.161765 0.173479 -0.212803 -0.131369 -0.092858 -0.152908 0.008183 -0.129251 -0.205349 -0.013107 -0.118726 0.005373 0.014985 0.048762 -0.053575 0.112011 0.387019 0.448772 -0.251935 0.117665 -0.135480 0.178091 0.314817 0.441899 -0.272228 -0.339277 -0.055227 -0.096910 -0.055988 -0.040361 0.025274 0.208448 0.356631 0.279991 0.167970 0.149360 0.232391 0.239201 -0.039430 0.250455 0.314892 0.604978 -0.029112 0.274800 -0.283379 -0.128392 0.000910 -0.401032 -0.384970 -0.252267 0.055030 0.061478 -0.041040 0.030610 0.130956 0.213025 -0.190408 -0.047852 -0.095428 0.117192 0.311269 0.048405 0.202484 0.109524 0.126250 -0.022402 0.196666 -0.011783 -0.196188 0.043972 -0.168308 0.353848 0.159767 0.110009 0.088481 0.294901
0.296727 0.275200 -0.206151 -0.284291 -0.030743 -0.209066 -0.162670 -0.362644 -0.092499 0.009511 0.400466 0.041540 0.152524 0.058761 0.351578 0.162868 0.452297 0.117192 1.000000 0.500908 -0.197056 -0.316970 -0.047933 -0.092885 -0.203557 -0.196705 -0.074309 -0.205408 0.466468 0.228508 -0.033150 -0.135052 0.173326 0.222671 -0.225572 -0.298849 0.280624 0.137408 0.247038 0.235663 0.157192 -0.043720 -0.306048 -0.243178 -0.409779 -0.441690 -0.175899 -0.225918 -0.312463 -0.343925 -0.387124 -0.260297 -0.044982 -0.050501 0.060169 -0.207794 0.288039 0.191979 0.009972 -0.173441 0.174238 0.067176 0.152199 0.059277 -0.003001 -0.141433 -0.183482 -0.290047 0.368365 0.085659 -0.036696 0.005669 0.204348 0.052697 0.253137 0.233640 0.266805 0.094849 0.131285 0.041677 0.318783 0.324610 0.441079 0.228796 0.049817 0.165282 0.198707 0.128816 -0.066204 -0.035269 -0.161282 0.266847 -0.038784 0.059553 0.247073 0.116427 0.004614 0.257244 -0.391560 -0.017917 -0.140813 0.093926 -0.197421 0.038962 0.140884 0.077717 -0.037920 0.180042 -0.029427 0.218144 0.016473 -0.137145 -0.209142 -0.223915 0.180924 0.029366
0.282833 0.266079 -0.102844 0.271050 0.086498 -0.051694 -0.062074 0.067387 -0.045470 0.308843 0.148332 -0.050083 -0.010078 0.048915 0.244192 0.300564 0.186549 -0.139862 0.500908 1.000000 -0.136554 -0.139636 0.195002 0.378256 0.044806 0.107482 0.074514 0.035068 0.116652 -0.027338 -0.051181 0.167659 -0.073635 0.251508 -0.258341 -0.375689 0.099209 -0.196599 -0.007488 -0.006067 0.025012 -0.166801 -0.348919 -0.416858 -0.404420 -0.406804 -0.263951 -0.209295 -0.351851 -0.248731 -0.466610 -0.244226 -0.155708 -0.238613 -0.035433 -0.198264 -0.035298 0.321831 -0.017713 -0.010208 0.054157 0.112437 -0.054418 -0.040708 0.222072 0.151290 -0.269198 -0.254504 0.517548 0.484220 0.093179 -0.063644 -0.174208 0.051469 0.085820 0.062246 -0.036956 -0.241839 0.247575 0.062856 0.286517 0.086115 0.339379 0.133988 0.009897 0.042057 0.375021 0.440160 0.108477 -0.054506 -0.002826 0.224372 0.082030 0.165918 0.124534 -0.021950 -0.209985 0.164303 -0.256242 -0.097178 -0.132168 0.128526 -0.152312 0.102263 -0.069927 0.416084 0.019166 0.098716 0.159611 0.062307 0.016945 -0.007783 -0.024673 -0.109751 0.358510 -0.071503
-0.139560 -0.113740 -0.091105 -0.100130 0.231057 0.106987 0.042227 -0.156743 -0.004216 -0.294739 -0.220839 -0.147884 -0.181209 -0.352490 0.042389 -0.079734 -0.059300 0.068422 -0.197056 -0.136554 1.000000 0.644637 -0.133345 -0.100375 0.279018 -0.023658 0.268839 0.270734 0.150044 0.118825 0.237650 0.206885 -0.103754 -0.089270 0.062990 -0.013766 0.185667 0.207482 -0.047336 0.057335 0.245453 0.072568 0.245369 0.236164 0.223517 0.174493 0.179384 0.212837 0.169992 0.198187 0.017744 0.163269 -0.035236 -0.052042 -0.171701 0.069749 -0.039817 -0.102005 -0.116172 0.023556 -0.191400 -0.318668 0.159433 0.039609 -0.154497 -0.407223 0.031521 -0.082356 -0.251996 -0.097303 0.308064 0.210982 0.202965 0.233587 0.166724 -0.066487 0.044607 -0.019245 -0.051952 -0.072544 0.148686 0.152140 -0.000072 0.057941 0.067051 -0.091223 0.001713 -0.078040 -0.186390 -0.240151 -0.202526 -0.110062 -0.316933 -0.005117 -0.006237 0.021731 -0.009934 -0.128386 0.061691 -0.101828 0.096576 0.132083 0.157472 -0.079749 -0.209114 0.071813 -0.157290 -0.314675 -0.186976 0.255900 0.142127 0.007805 0.062397 0.200332 -0.126513 0.020221
-0.059537 -0.109524 -0.001297 0.092106 0.298555 0.095914 0.075835 0.034083 -0.039677 -0.283940 -0.414465 -0.144748 -0.364457 -0.293946 -0.304132 -0.140396 -0.073509 0.001768 -0.316970 -0.139636 0.644637 1.000000 -0.035857 -0.001826 0.417124 0.308832 0.497047 0.485651 -0.086407 0.094113 0.218814 0.301259 -0.236820 -0.134251 0.173410 -0.049650 0.079324 0.041574 -0.043261 -0.107264 0.061610 0.008432 0.191664 0.134547 0.241281 0.240184 0.119122 0.249835 0.161267 0.316849 0.064531 0.214266 -0.135952 -0.051611 -0.262643 0.251226 -0.107741 -0.142490 -0.177274 0.108278 -0.400023 -0.370956 0.046357 -0.050611 -0.111258 -0.125713 -0.022581 0.024856 -0.311852 -0.093719 0.263695 0.251722 0.002338 0.150063 0.011290 -0.132170 -0.146832 -0.193480 0.057563 -0.124453 0.151238 0.030409 -0.074076 -0.042705 -0.036895 -0.042314 0.183677 -0.040269 -0.074885 -0.074821 -0.273334 -0.326747 -0.375074 -0.040543 -0.098639 0.045095 -0.027802 -0.100733 0.049694 0.057801 0.045218 -0.172624 -0.114851 -0.134592 -0.115760 0.201744 -0.159431 -0.245859 -0.090886 -0.061326 0.224602 0.090093 0.169868 -0.052593 0.023896 0.165428
-0.110394 0.019250 0.491677 0.577695 0.272469 0.077029 0.284358 0.060379 0.191756 0.207995 0.052833 -0.361229 0.350432 -0.245761 0.113054 0.186033 -0.384670 -0.329553 -0.047933 0.195002 -0.133345 -0.035857 1.000000 0.711545 0.352090 0.266459 0.322445 0.121435 -0.417530 -0.561970 0.431799 0.335567 0.098969 0.036141 0.395671 0.199760 -0.176408 -0.221444 -0.055244 0.023446 -0.100186 -0.099213 -0.131349 -0.001977 -0.173200 -0.101111 -0.360563 -0.107394 0.022790 -0.203346 0.286704 0.042105 -0.076866 0.010735 0.099051 -0.211368 -0.438961 0.026144 -0.326880 -0.247894 -0.286899 -0.309683 -0.494007 -0.532205 0.524667 0.324735 -0.161743 0.103559 0.119607 0.217383 0.002435 -0.165184 -0.558807 -0.096895 -0.035464 0.005814 -0.215453 -0.335913 0.086022 0.214633 -0.328349 -0.303683 0.136365 -0.492676 0.294445 -0.050049 0.197212 0.211041 0.626189 0.203394 -0.160416 0.019870 -0.039480 0.246247 0.049890 -0.212581 0.216293 0.112975 -0.009349 -0.341408 -0.230881 0.033778 -0.268512 0.028833 -0.243182 0.059547 0.038308 0.032812 0.086982 -0.187573 0.400770 -0.332983 -0.093419 -0.102382 -0.006949 -0.094363
-0.014253 0.040806 0.462001 0.687559 0.165650 0.054142 0.285884 0.333201 0.212107 0.385980 -0.074843 -0.237207 0.181856 -0.136289 0.114198 0.336733 -0.378335 -0.403576 -0.092885 0.378256 -0.100375 -0.001826 0.711545 1.000000 0.430408 0.319601 0.103374 0.048455 -0.367188 -0.488950 0.357964 0.526613 -0.018461 0.099728 0.149002 -0.061932 -0.226931 -0.327391 -0.115757 -0.069314 -0.153994 -0.177380 -0.180585 -0.147972 -0.142928 -0.122031 -0.216486 0.052186 0.061079 -0.032079 0.039962 -0.039638 -0.090391 -0.214078 -0.037262 -0.177981 -0.366732 -0.006804 -0.230498 -0.161617 -0.123949 -0.025216 -0.551980 -0.358662 0.527300 0.401008 -0.346068 -0.005077 0.066733 0.226251 0.029141 -0.146064 -0.551686 -0.091768 -0.087002 -0.194394 -0.385731 -0.475287 0.191555 0.159691 -0.290613 -0.382119 0.069527 -0.268409 0.211882 -0.001194 0.246976 0.328968 0.485646 0.192048 -0.020858 0.029859 0.049003 0.134324 0.055492 -0.174972 0.059025 -0.031539 0.016836 -0.321176 -0.191191 0.005894 -0.241083 0.044595 -0.253449 0.296747 -0.012111 -0.015752 0.239112 -0.175326 0.200833 -0.228533 0.052743 -0.143951 0.216899 -0.142486
-0.132565 -0.309751 0.312941 0.349290 0.106667 0.049416 0.290355 0.212225 0.006297 0.040987 -0.328104 -0.437618 0.017999 -0.404468 -0.149398 0.104314 -0.330124 -0.194996 -0.203557 0.044806 0.279018 0.417124 0.352090 0.430408 1.000000 0.548620 0.192320 0.149622 -0.288413 -0.234756 0.482913 0.677398 -0.054423 0.177162 0.367224 0.149246 -0.176250 -0.217273 -0.162408 -0.275803 0.016593 -0.197388 0.089419 0.146427 0.108293 0.222078 -0.062601 0.130161 0.054656 0.159572 0.096421 0.047464 -0.224087 -0.083826 -0.379104 -0.215011 -0.225394 -0.149318 -0.254464 -0.122298 -0.166982 -0.226647 -0.201271 -0.140922 0.470281 -0.031094 -0.020292 0.232791 -0.258230 0.111592 0.175669 0.139450 -0.300386 -0.087429 -0.212811 -0.209688 -0.305226 -0.375374 0.134037 0.032231 -0.161561 -0.026689 0.059615 -0.060454 0.176375 -0.030250 0.130104 0.039530 0.099862 -0.166601 0.007561 -0.152193 -0.007804 0.149169 -0.053723 -0.070666 -0.213308 -0.413773 -0.037660 -0.213288 -0.055246 0.222002 -0.049861 0.043748 -0.293009 0.037314 -0.019824 -0.128508 -0.027081 -0.165243 0.180617 0.005862 0.090280 -0.126721 -0.063601 -0.069415
-0.110234 -0.196720 0.150624 0.458962 -0.025961 0.182765 0.038459 0.465155 -0.020119 0.208295 -0.293452 -0.145959 -0.063999 -0.054335 -0.184477 0.147042 -0.277373 -0.241432 -0.196705 0.107482 -0.023658 0.308832 0.266459 0.319601 0.548620 1.000000 0.216356 0.362784 -0.300975 -0.082158 0.295159 0.627508 -0.314346 0.075311 0.398944 0.011696 -0.335588 -0.393206 -0.192829 -0.277677 -0.215935 -0.096147 -0.044681 -0.002571 -0.173608 0.005179 -0.180868 -0.087291 -0.145651 -0.050547 0.167472 -0.156506 -0.251390 -0.215279 -0.345330 -0.338719 -0.113500 -0.145746 -0.289055 -0.142892 -0.027530 -0.064338 -0.165929 -0.169214 0.345019 0.424641 -0.067761 0.292644 -0.008003 0.067297 -0.021506 0.006685 -0.340946 -0.146438 -0.106121 -0.166736 -0.285973 -0.464231 0.225089 0.033448 -0.119586 -0.148792 0.030867 0.114433 0.036121 0.252492 0.144250 0.236706 0.123527 -0.029790 0.067141 -0.222144 0.243582 0.134007 -0.219768 -0.124192 -0.295926 -0.213165 -0.067349 -0.022910 -0.085488 0.172117 -0.143574 0.007293 -0.189827 0.114081 0.035834 0.039423 0.067425 -0.472849 0.045617 -0.063568 -0.064288 -0.207426 0.030354 -0.092905
-0.173269 0.099395 -0.096296 0.268702 0.427547 0.037959 -0.141377 -0.098064 -0.261661 -0.329018 -0.126456 -0.162314 -0.194787 -0.280133 -0.020100 -0.085695 -0.079578 -0.085650 -0.074309 0.074514 0.268839 0.497047 0.322445 0.103374 0.192320 0.216356 1.000000 0.776814 -0.248188 -0.092593 0.036889 0.225188 -0.005339 -0.033600 0.200619 -0.111877 0.100175 0.008977 0.179038 0.277195 0.116083 0.153227 -0.134860 -0.087419 -0.133353 -0.155279 -0.054492 -0.096252 -0.176598 -0.053035 0.167919 0.091699 0.028315 0.046765 0.089147 0.074164 -0.303068 0.048520 -0.195448 0.062994 -0.471978 -0.473617 0.149100 -0.016604 0.067076 -0.058370 -0.055695 -0.115907 0.088202 0.010781 0.046133 0.031677 -0.264610 0.109025 0.129351 -0.004916 -0.074018 -0.207507 0.152537 0.123240 0.112693 0.077108 0.224472 -0.130019 0.218287 0.155956 0.231699 0.198188 0.210202 0.148048 -0.553199 -0.328772 -0.385360 -0.095534 0.050762 0.183694 0.128340 0.084842 -0.094277 -0.090176 -0.008521 -0.277841 -0.296541 0.026898 -0.227261 0.143538 0.070386 0.020211 -0.087368 0.187730 0.296638 0.081117 -0.095770 -0.210370 -0.097081 0.282939
-0.256087 -0.035768 -0.089596 0.295641 0.220733 0.219692 -0.223505 0.060506 -0.354092 -0.259166 -0.299387 -0.235691 -0.371145 -0.221398 -0.304420 -0.156638 -0.086175 -0.174570 -0.205408 0.035068 0.270734 0.485651 0.121435 0.048455 0.149622 0.362784 0.776814 1.000000 -0.346924 0.040572 -0.036564 0.281918 -0.165760 -0.025185 0.105992 -0.109897 0.065097 0.010075 0.088162 0.130573 0.109587 0.030401 -0.082523 -0.048385 0.005906 0.011805 -0.046236 -0.076149 -0.227942 0.073716 0.119190 0.029076 -0.061739 -0.096903 0.025558 0.073638 -0.161688 0.020520 -0.130308 0.144668 -0.487642 -0.422922 0.282818 -0.035230 -0.084455 0.040597 0.140388 0.013088 -0.003632 0.001375 -0.000485 -0.021359 -0.214291 0.048036 0.032092 -0.102917 -0.123485 -0.172537 0.227984 0.046330 0.139691 0.009814 -0.007104 -0.021287 -0.027662 0.127349 0.108679 0.258627 0.071008 0.217376 -0.410577 -0.375687 -0.198097 -0.078663 0.008533 0.158039 -0.053592 0.054700 0.022846 0.058426 0.103311 -0.166695 -0.131804 0.072688 -0.119830 0.180730 0.097795 0.028384 -0.018351 0.120745 0.072440 0.159784 -0.086213 -0.209548 0.038806 0.303012
0.323838 0.176760 -0.382715 -0.560915 -0.042231 -0.031611 -0.234122 -0.288893 0.002886 0.133268 0.373042 0.312817 -0.054129 0.136153 0.294614 0.104559 0.562731 0.243819 0.466468 0.116652 0.150044 -0.086407 -0.417530 -0.367188 -0.288413 -0.300975 -0.248188 -0.346924 1.000000 0.504959 -0.007387 -0.233522 -0.103861 -0.128501 -0.259900 -0.212646 0.522125 0.292514 0.255179 0.258321 0.408214 0.269400 -0.069673 -0.146371 -0.185748 -0.219375 0.031169 -0.142816 -0.079290 -0.228762 -0.442647 -0.200007 -0.027602 0.030214 0.006579 -0.094745 0.436026 -0.118427 0.106676 -0.268260 0.343667 0.192338 0.226308 0.119325 -0.231485 -0.104215 -0.368531 -0.393189 -0.053497 -0.316807 0.156861 0.199653 0.668017 0.287451 0.431379 0.411738 0.520051 0.257980 -0.001991 0.031556 0.482029 0.415961 0.467582 0.558473 0.129403 0.123116 0.162672 0.107494 -0.200427 -0.253588 -0.095255 0.196846 -0.038081 -0.143420 0.228389 0.021895 -0.149563 0.042987 -0.358536 -0.116289 -0.011826 0.222866 -0.044131 -0.186944 -0.052707 -0.058243 -0.027400 -0.086080 -0.184508 0.139976 -0.168417 0.011055 -0.015728 0.185218 -0.034510 -0.092786
-0.036705 0.231434 -0.499631 -0.362556 -0.270287 -0.012143 -0.358688 0.068307 -0.360028 -0.045972 -0.075636 0.273482 -0.436545 0.136304 -0.194779 -0.001174 0.575445 0.529013 0.228508 -0.027338 0.118825 0.094113 -0.561970 -0.488950 -0.234756 -0.082158 -0.092593 0.040572 0.504959 1.000000 -0.130722 -0.067853 0.032867 0.132013 -0.302716 -0.279962 0.506840 0.493606 0.101982 0.309550 0.415121 0.334315 -0.161300 -0.155017 -0.220541 -0.261615 0.033623 -0.282781 -0.359252 -0.189549 -0.385827 -0.260027 -0.144909 -0.170264 -0.008660 -0.004264 0.470531 0.073984 -0.126566 -0.012697 -0.005966 0.207269 0.527158 0.486497 -0.414294 -0.127085 -0.025359 -0.224332 -0.127185 -0.272939 0.076759 0.299287 0.645846 0.426438 0.390166 0.404689 0.485348 0.371316 0.173870 0.223537 0.516591 0.617185 0.048027 0.613324 -0.344976 0.069009 -0.034807 -0.138751 -0.379531 -0.095238 -0.015463 -0.135597 0.175713 -0.178524 0.173093 0.231310 -0.252482 0.046982 -0.223717 0.020100 0.292441 0.009153 0.342210 -0.038269 -0.044385 -0.097413 0.186029 -0.022247 -0.169181 0.187021 -0.477273 0.332668 -0.078386 0.033119 0.153855 0.325461
-0.249963 -0.231461 0.425418 0.226307 0.163778 0.274144 0.386961 0.060048 0.215518 0.084616 -0.034859 -0.191306 0.169725 -0.348733 0.015522 0.156100 -0.396782 -0.092623 -0.033150 -0.051181 0.237650 0.218814 0.431799 0.357964 0.482913 0.295159 0.036889 -0.036564 -0.007387 -0.130722 1.000000 0.530702 -0.229657 -0.018819 0.337397 0.225295 -0.030566 -0.199138 -0.149705 -0.119464 0.057074 -0.001626 0.098236 0.193185 0.049479 0.109529 -0.099576 0.053428 0.251800 -0.089584 0.257702 0.110285 0.032525 0.154709 -0.151005 -0.341596 -0.170494 -0.230569 -0.421513 -0.509397 -0.256035 -0.314006 -0.400010 -0.322675 0.368831 0.080926 -0.259755 0.168908 -0.200965 -0.061887 0.262229 0.161819 -0.122964 -0.022650 0.040420 -0.060569 -0.031868 -0.205513 -0.002317 0.071252 -0.280272 -0.002898 -0.026738 -0.160799 0.189444 -0.081239 -0.035994 0.034907 0.148745 -0.137816 0.052641 0.172074 0.036054 0.273587 0.191463 -0.261419 -0.096858 -0.201662 0.047310 -0.315832 -0.088930 0.160558 -0.185409 0.107622 -0.250135 -0.043613 0.077343 0.112909 0.090884 -0.217840 0.271867 -0.135904 0.030418 -0.002304 -0.117620 -0.199806
-0.231428 -0.121252 0.242854 0.478504 -0.094637 0.010059 0.139269 0.398190 -0.201793 0.111264 -0.248872 -0.304009 -0.055338 -0.261842 -0.122676 0.205026 -0.216027 -0.208542 -0.135052 0.167659 0.206885 0.301259 0.335567 0.526613 0.677398 0.627508 0.225188 0.281918 -0.233522 -0.067853 0.530702 1.000000 -0.139611 0.231255 0.229209 -0.014724 -0.115768 -0.352502 -0.167911 -0.209475 0.017516 -0.148869 -0.051647 0.068732 -0.067444 0.063928 -0.134231 0.079116 -0.080758 0.010565 0.010457 -0.107149 -0.238060 -0.264546 -0.375636 -0.349461 -0.119436 -0.085507 -0.446246 -0.295681 -0.230442 -0.085185 -0.226998 -0.059021 0.463334 0.148060 -0.269277 0.160661 -0.120114 0.047703 0.138102 0.182163 -0.186942 0.027068 0.000128 -0.163097 -0.172273 -0.372456 0.257471 0.167964 -0.060492 -0.032608 0.154127 0.069282 0.111332 0.007695 0.190687 0.075696 0.044668 -0.238522 -0.001186 -0.120077 0.190657 0.213893 -0.017530 -0.019248 -0.253729 -0.347298 -0.141458 -0.225314 0.064217 0.140724 -0.000943 0.082882 -0.285286 0.193277 -0.037642 0.056976 0.011152 -0.154122 0.136281 -0.023214 0.034459 -0.127594 0.092999 -0.122539
-0.022094 0.284889 -0.002582 -0.131963 -0.256964 -0.442980 0.013681 -0.221433 -0.155376 -0.310337 0.146165 -0.176644 0.079874 -0.077207 0.060131 -0.154197 0.238873 0.202634 0.173326 -0.073635 -0.103754 -0.236820 0.098969 -0.018461 -0.054423 -0.314346 -0.005339 -0.165760 -0.103861 0.032867 -0.229657 -0.139611 1.000000 0.482032 -0.083777 -0.145829 0.082791 0.182015 0.188974 0.227448 0.187161 -0.022440 -0.120728 -0.017497 -0.213131 -0.178514 0.002512 0.087666 -0.347542 -0.059627 -0.150031 -0.083201 -0.035212 -0.033710 0.194661 0.192903 0.149793 0.318344 0.107295 0.156426 -0.014951 -0.052378 0.203370 0.187977 -0.140007 -0.408886 0.234797 -0.131774 0.040651 -0.002551 -0.181009 0.093915 0.033121 0.134453 0.132109 0.158111 0.155987 0.228795 0.039612 0.107583 0.079512 0.166216 0.106868 -0.120274 -0.144271 -0.192215 0.045638 -0.284640 0.049375 0.042923 -0.198384 -0.064757 -0.142961 -0.103098 -0.045182 0.166533 0.187354 -0.010818 0.041050 -0.058466 -0.020621 -0.096842 0.055853 -0.093787 -0.043138 -0.235743 -0.070055 -0.141800 -0.103739 0.216724 -0.094857 -0.018676 -0.110035 -0.121178 -0.031043 0.173912
-0.179879 0.234258 -0.124314 0.105548 -0.368091 -0.401181 -0.131465 0.016668 -0.234075 -0.063229 -0.209518 -0.283273 -0.059856 -0.051943 0.066679 0.095568 0.125919 0.180758 0.222671 0.251508 -0.089270 -0.134251 0.036141 0.099728 0.177162 0.075311 -0.033600 -0.025185 -0.128501 0.132013 -0.018819 0.231255 0.482032 1.000000 0.041905 -0.107694 0.166787 -0.043431 0.081055 0.199368 0.074516 0.080912 -0.363085 -0.207630 -0.388197 -0.261931 -0.257618 -0.204138 -0.545869 -0.223484 -0.269989 -0.333065 -0.149553 -0.260028 0.071565 -0.203935 0.034214 0.423887 -0.203588 0.042018 -0.042086 0.092432 0.142842 0.344057 0.147164 -0.149406 0.005588 0.037820 0.313705 0.362186 -0.067392 0.194018 0.049722 0.263187 0.212448 0.139148 0.083513 0.136377 0.309665 0.327130 0.190999 0.315711 0.178675 0.173255 -0.073082 -0.036007 0.123664 -0.104390 -0.072888 0.015757 0.144331 -0.061928 0.097103 0.110826 0.020415 0.382134 -0.219179 -0.015987 -0.119318 -0.199806 0.147566 -0.033561 0.091204 0.015662 -0.109916 -0.041790 0.019569 0.043422 -0.104887 0.073735 -0.113102 0.118797 0.152145 -0.269068 0.160304 0.189397
-0.017795 -0.236601 0.163982 0.190392 0.178047 -0.061634 0.060907 0.067822 0.177171 -0.003397 -0.055546 -0.196559 0.117763 0.068489 0.090860 0.039871 -0.341905 -0.211502 -0.225572 -0.258341 0.062990 0.173410 0.395671 0.149002 0.367224 0.398944 0.200619 0.105992 -0.259900 -0.302716 0.337397 0.229209 -0.083777 0.041905 1.000000 0.577446 -0.196871 -0.076123 0.002233 -0.089989 -0.193166 0.236050 -0.078958 0.082133 -0.110845 0.033326 -0.306858 -0.251829 0.059617 -0.130029 0.499921 -0.052845 -0.219036 -0.033683 -0.121001 -0.315837 -0.230657 -0.155152 -0.260016 -0.233025 -0.142274 -0.309588 -0.319911 -0.207948 0.343070 0.358878 0.016781 0.379094 -0.070310 -0.053014 -0.135631 0.083698 -0.290758 -0.065681 -0.006421 0.023658 -0.085957 -0.066136 0.032328 0.073616 -0.296023 -0.207006 0.110884 -0.184013 0.415799 0.221162 0.145775 0.125219 0.434345 0.124529 -0.126457 -0.360698 -0.037054 0.165204 -0.294742 -0.211370 0.024946 -0.062566 -0.134202 -0.137071 -0.220799 0.188158 -0.150995 -0.037990 -0.108862 -0.183073 -0.094725 -0.087450 -0.163183 -0.223838 0.331519 -0.270777 -0.093458 -0.026823 -0.291330 -0.081716
-0.093621 -0.286944 0.285146 -0.093179 0.200499 0.002554 0.245144 -0.038369 0.227147 0.004024 0.110163 -0.104609 0.280849 0.108266 -0.018569 -0.149211 -0.395203 -0.108532 -0.298849 -0.375689 -0.013766 -0.049650 0.199760 -0.061932 0.149246 0.011696 -0.111877 -0.109897 -0.212646 -0.279962 0.225295 -0.014724 -0.145829 -0.107694 0.577446 1.000000 -0.149501 -0.165842 -0.083775 -0.217920 -0.134276 -0.040167 0.091551 0.291332 0.221447 0.358440 -0.099657 -0.077773 0.354832 0.035143 0.521949 -0.016097 -0.093809 0.012987 -0.006047 -0.139926 -0.230623 -0.271641 -0.055291 -0.204370 -0.000012 -0.131574 -0.227243 -0.336509 0.313117 0.193668 0.223538 0.530966 -0.230041 -0.018513 -0.299141 -0.165146 -0.165952 -0.284802 -0.372287 -0.086712 -0.250132 -0.044278 -0.262849 -0.076249 -0.378481 -0.121637 -0.145773 -0.263402 0.305675 0.031310 -0.177729 -0.056108 0.271482 -0.021065 0.080344 -0.154212 0.027126 0.092893 -0.095679 -0.286248 0.155046 -0.209314 0.015547 -0.104505 -0.113903 0.185037 0.108832 -0.042141 0.075134 -0.166173 -0.135781 -0.098426 -0.155389 -0.140099 0.224903 -0.240856 -0.002126 0.175599 -0.358825 -0.101251
