1.000000 0.313357 -0.112970 -0.437289 0.120798 -0.256593 0.146421 -0.531875 0.009269 -0.281934 0.465048 -0.211836 0.318088 -0.245024 0.128845 -0.283938 0.102221 -0.076358 0.429466 0.127089 0.060383 -0.393003 -0.164012 -0.368104 -0.162435 -0.144873 -0.029379 -0.181329 0.276344 -0.031580 -0.178839 -0.271322 0.018964 -0.365829 -0.200924 -0.251226 -0.043080 -0.222134 -0.140991 -0.158400 -0.078420 0.079695 -0.010773 0.129028 0.042618 0.051297 -0.024874 0.106209 0.098835 0.278829 -0.163679 0.198748 0.080605 0.042011 0.305194 0.160250 0.518608 0.065972 0.030519 -0.178686 0.264890 -0.052010 0.250427 -0.038422 0.005674 -0.358344 -0.202228 -0.223652 0.043362 -0.170550 -0.137071 -0.134854 0.163273 0.102193 0.031266 0.026877 -0.028771 -0.112256 -0.110683 -0.160770 0.188707 0.177371 0.189267 0.122000 0.359799 -0.083382 -0.080808 -0.098575 -0.259036 -0.262155 -0.218037 0.129228 -0.449744 0.072477 -0.005624 -0.296474 0.043049 -0.357383 0.151230 0.138786 0.086353 0.264807 -0.214860 0.092062 0.014216 -0.053379 -0.313801 0.038631 -0.062355 -0.021405 -0.231405 0.053031 0.168146 -0.170158 -0.087629 -0.071938
0.313357 1.000000 -0.386832 -0.146439 -0.234226 -0.393684 -0.056492 -0.146945 -0.079441 -0.384785 0.291893 0.222639 0.163707 -0.091879 -0.391693 -0.393984 0.108620 0.456100 0.252797 0.457405 -0.421669 -0.379173 -0.475232 -0.472053 -0.566518 -0.327751 -0.461122 -0.544819 0.308821 0.468443 -0.074167 -0.084787 0.082628 -0.067589 -0.520335 -0.496714 0.137039 -0.159003 -0.084089 -0.242658 -0.001417 -0.049831 0.052268 0.055866 -0.028728 -0.192764 0.093353 0.088489 -0.048346 0.278487 -0.376646 -0.011068 -0.000744 -0.079546 -0.076691 -0.115040 0.246302 0.484746 -0.140064 0.030309 0.196894 0.357986 0.444218 0.481060 -0.409212 -0.380989 -0.374370 -0.532742 0.315025 -0.063930 0.034691 0.058142 0.214749 0.412210 0.205845 0.138873 0.279924 0.403608 0.025993 0.219853 0.117412 0.428036 -0.116390 -0.026696 0.042522 -0.169619 -0.114713 -0.284796 -0.317573 -0.241066 -0.025051 -0.151812 -0.292667 -0.249692 0.071509 0.063238 0.176393 -0.096373 0.193511 0.093921 0.397319 0.251108 0.124221 0.059413 0.127010 0.010032 -0.039043 -0.004491 -0.028464 0.299651 0.036072 0.319147 0.145645 -0.087309 -0.031172 0.287477
-0.112970 -0.386832 1.000000 -0.052832 0.254071 0.120404 0.537061 0.081499 0.122055 0.069907 0.040717 -0.050787 0.224324 0.123752 0.381989 0.283136 -0.066532 -0.317133 0.045583 -0.252154 0.116188 0.013187 0.471214 0.270930 0.302412 -0.024892 0.085203 0.056660 -0.075874 -0.368092 0.029192 -0.141133 -0.134922 -0.003197 0.098894 -0.105715 0.073516 -0.127356 -0.027797 -0.189876 -0.112754 -0.167375 -0.113506 -0.093731 -0.099180 -0.147727 -0.059616 -0.008721 0.001311 -0.096708 0.115616 -0.082234 -0.104995 -0.023306 -0.050782 0.167562 -0.336100 -0.313015 0.192808 0.155970 0.116056 -0.089134 -0.128675 -0.309555 -0.084196 0.067299 0.235725 0.019711 -0.210255 -0.031942 0.017403 -0.091633 0.046685 -0.222319 -0.028339 -0.208478 -0.150009 -0.277225 -0.342301 -0.217326 -0.151524 -0.198416 0.252589 0.078486 -0.224812 -0.015690 -0.039463 -0.052371 0.170723 0.199779 0.012339 0.267662 0.079844 0.351074 -0.081883 -0.017806 -0.092748 -0.064411 -0.059134 -0.097701 -0.058595 0.050134 -0.045549 0.008558 0.042593 0.023478 -0.116739 0.145647 -0.078343 -0.236977 -0.091141 -0.018315 0.064898 0.117626 -0.161898 -0.171996
-0.437289 -0.146439 -0.052832 1.000000 -0.094436 0.379652 -0.212841 0.613249 -0.101943 0.192855 -0.342034 0.270870 -0.404052 -0.118088 -0.160218 0.243900 -0.078700 -0.071346 -0.168244 0.115512 0.031216 0.279766 0.185933 0.449810 -0.052268 0.487030 0.080763 0.173588 -0.261713 0.027195 0.287588 0.471185 -0.104665 0.320598 0.258216 0.234376 -0.253601 -0.074270 -0.186506 -0.040895 -0.147850 -0.113660 -0.107392 -0.248399 -0.092735 0.033871 -0.107830 -0.144434 -0.030005 -0.088650 0.035402 -0.007491 -0.094098 -0.109345 -0.329955 -0.235797 -0.237306 -0.072799 -0.062016 0.023155 -0.223482 0.038482 -0.112375 0.150943 0.077847 0.341465 -0.022130 0.151663 -0.043116 0.285878 0.164517 0.200420 -0.357229 -0.095928 -0.141327 0.024709 -0.106467 0.090513 -0.058072 -0.041943 -0.149235 -0.265758 0.089625 0.128521 -0.204756 0.198333 0.165436 0.293556 -0.019605 0.260737 0.268894 -0.310974 0.296832 -0.278898 -0.303536 0.028356 -0.262847 -0.018293 -0.319214 -0.403125 -0.111762 -0.458297 0.123248 0.000766 -0.117052 -0.238859 -0.026425 0.079756 0.006384 0.145619 -0.029049 -0.063495 -0.105384 -0.008996 -0.147159 0.164546
0.120798 -0.234226 0.254071 -0.094436 1.000000 0.421142 0.346853 -0.109352 0.481480 0.076461 0.191595 -0.065537 0.273105 -0.097523 0.310259 0.201212 -0.208677 -0.276612 0.080589 0.005767 -0.010507 -0.216865 0.226300 0.135418 0.234475 -0.140124 0.436129 0.179392 -0.067628 -0.321267 -0.299538 -0.305990 -0.191424 -0.379657 0.060400 0.015848 -0.206324 -0.271534 -0.260501 -0.316032 -0.337769 -0.180544 0.036795 0.029225 0.104660 0.058107 0.118624 0.070610 0.206646 0.244878 0.157624 0.211994 0.128533 0.142996 0.044390 0.005564 -0.153887 -0.393824 -0.095667 -0.043228 0.076499 -0.037519 -0.103400 -0.365465 0.223491 0.011929 -0.033625 -0.011029 -0.036955 0.088958 0.131267 0.080685 -0.010360 -0.040302 -0.041635 -0.153977 -0.022968 -0.464553 -0.179363 -0.187685 -0.102054 -0.228495 -0.015681 -0.017204 0.081085 -0.108707 -0.123628 -0.030200 0.130980 0.039759 0.081092 0.370815 0.218171 0.475009 0.065537 -0.092588 -0.039853 0.039877 -0.095380 -0.038950 -0.231805 -0.075541 -0.188024 0.011806 0.008863 -0.221576 -0.082513 0.021687 -0.075410 -0.220513 -0.174693 -0.022067 -0.040458 -0.292471 -0.319198 -0.216715
-0.256593 -0.393684 0.120404 0.379652 0.421142 1.000000 -0.040045 0.324809 0.465374 0.516702 -0.292580 0.065106 -0.172006 0.059767 0.343080 0.443295 -0.407274 -0.471281 -0.424674 -0.223805 0.190939 0.350041 0.314968 0.379824 0.351906 0.346073 0.390641 0.421132 -0.573519 -0.363267 -0.124353 0.026857 -0.304273 -0.134094 0.246508 0.243309 -0.418435 -0.045548 -0.121646 0.035376 -0.206748 -0.158507 0.160944 0.117107 0.048093 0.310056 0.207422 0.153327 0.242891 0.131212 0.326399 0.200241 0.161116 0.136281 -0.056185 0.025026 -0.148937 -0.327850 -0.106972 -0.040277 -0.073168 0.039542 -0.470945 -0.427555 0.439713 0.425977 -0.027390 0.259288 -0.052774 0.262263 0.042675 0.164129 -0.386172 -0.323001 -0.164714 -0.242489 -0.202819 -0.343075 -0.079331 -0.238792 -0.437832 -0.626136 0.093550 -0.159161 -0.290890 0.197427 0.189696 0.288252 0.300907 0.334846 0.145206 0.072868 0.462319 0.097604 -0.187673 -0.002522 0.147621 0.071072 -0.061622 -0.061945 -0.279827 -0.361023 -0.166666 -0.149198 -0.198159 -0.270134 -0.048775 -0.031774 -0.192500 -0.011365 0.064129 -0.040648 -0.068351 -0.182461 -0.104279 -0.321028
0.146421 -0.056492 0.537061 -0.212841 0.346853 -0.040045 1.000000 0.025783 0.374361 0.155570 0.309883 0.200855 0.584463 0.111210 0.406983 0.387694 -0.100285 -0.203604 0.188590 -0.072684 0.022028 -0.281148 0.238508 0.083736 -0.050069 -0.307802 -0.102131 -0.260591 0.284300 -0.057475 0.066451 -0.110869 -0.191556 -0.017876 -0.095341 -0.128716 0.016747 -0.242229 -0.158611 -0.265050 -0.208314 -0.322978 -0.198355 -0.148019 -0.240053 -0.261474 -0.092709 0.035621 -0.029160 -0.010394 -0.105428 0.082713 -0.053634 0.128929 -0.091273 0.072245 -0.032184 -0.190343 -0.046903 -0.178773 0.355691 0.051623 0.019192 -0.219748 -0.072795 -0.139499 -0.194911 -0.314786 -0.263932 -0.217892 0.004807 -0.038815 0.320142 -0.001382 0.077089 0.130302 0.061576 -0.085980 -0.298574 -0.163255 -0.012842 -0.081612 0.019069 0.128269 -0.053128 -0.162532 -0.160126 -0.301263 0.011473 -0.134502 0.087203 0.416011 0.109619 0.436393 -0.168963 0.004011 -0.143700 -0.181491 -0.073548 -0.013122 -0.051521 0.230363 -0.138378 0.017074 0.124915 0.043047 -0.279109 0.115399 -0.182856 -0.143617 -0.298886 0.069613 0.184157 -0.051434 -0.136048 -0.214943
-0.531875 -0.146945 0.081499 0.613249 -0.109352 0.324809 0.025783 1.000000 -0.037220 0.463253 -0.382318 0.389012 -0.188799 0.278770 -0.105143 0.363918 -0.266848 -0.239019 -0.407021 -0.237917 -0.112846 0.074884 0.117503 0.301576 -0.149010 0.251268 -0.243815 -0.152773 -0.323928 0.073444 0.271637 0.342646 -0.186213 0.314866 -0.044096 0.081798 -0.184085 -0.043390 -0.111492 0.107945 -0.150099 -0.200477 -0.036624 -0.214707 -0.091846 0.021947 -0.042528 -0.078138 -0.077468 -0.197621 0.075927 -0.098828 -0.179343 -0.111459 -0.288369 -0.103116 -0.311741 -0.191175 0.080409 0.040763 0.084091 0.207928 -0.228107 0.039795 0.179511 0.534140 0.037156 0.114887 -0.156570 0.089471 0.000253 0.052522 -0.161856 -0.185057 -0.163076 0.063623 0.025928 0.147365 -0.113449 -0.136884 -0.325774 -0.425096 -0.018138 0.060670 -0.358853 0.152532 0.087606 0.260543 0.202420 0.096354 0.185589 -0.203995 0.465328 -0.148398 -0.253543 0.190134 -0.106447 0.137693 -0.191480 -0.126068 -0.023079 -0.396074 -0.007007 0.001578 -0.066676 -0.152229 0.022345 0.190526 -0.064792 0.258176 -0.036843 0.070005 -0.174288 0.066874 -0.062789 0.286412
0.009269 -0.079441 0.122055 -0.101943 0.481480 0.465374 0.374361 -0.037220 1.000000 0.396741 0.036867 0.158957 0.234424 0.089052 0.531532 0.364575 -0.504464 -0.292512 -0.255513 -0.193679 0.181157 0.129885 0.214948 0.008872 0.146926 -0.044056 0.087166 0.028360 -0.135801 -0.144969 -0.186301 -0.113159 -0.246297 -0.258289 -0.018446 -0.044393 -0.132357 0.006256 -0.057996 -0.034344 -0.211703 -0.121452 0.101313 0.193736 0.062675 0.040848 0.303172 0.271680 0.262337 0.324582 0.212912 0.345179 0.246302 0.333222 0.168609 0.092288 0.004481 -0.146517 -0.083633 -0.101055 0.152461 0.199311 -0.304256 -0.316855 0.130751 0.044501 -0.263068 -0.179236 -0.101109 -0.106139 0.013147 0.107923 -0.154007 -0.126541 -0.013760 -0.082066 -0.062810 -0.216393 -0.260236 -0.096932 -0.425387 -0.270716 0.027660 -0.217367 -0.232819 -0.057561 -0.001278 -0.014185 0.125562 0.060690 0.097914 0.363186 0.214026 0.369707 0.072484 0.085002 0.128864 -0.034641 0.132450 0.130455 -0.241823 0.039415 -0.220191 -0.204274 -0.123186 -0.209593 -0.100208 -0.122314 -0.334338 -0.060259 -0.082202 0.130164 0.001981 -0.204808 -0.130426 -0.396960
-0.281934 -0.384785 0.069907 0.192855 0.076461 0.516702 0.155570 0.463253 0.396741 1.000000 -0.190495 0.293847 0.013132 0.459370 0.489790 0.650864 -0.447011 -0.570434 -0.588169 -0.379776 0.233434 0.208788 0.278629 0.209552 0.247479 0.105549 0.139141 0.173202 -0.378859 -0.274235 -0.064643 0.031473 -0.341942 -0.127806 0.056234 0.240599 -0.250371 0.004962 -0.041129 0.254766 -0.053169 -0.109935 0.045511 0.058909 0.013006 0.177694 0.133833 0.146830 0.139607 -0.002916 0.356157 0.240033 0.097169 0.207512 -0.080530 0.094522 -0.149486 -0.366704 -0.006390 -0.157748 0.115877 0.080418 -0.484744 -0.353291 0.428008 0.516837 -0.118675 0.129188 -0.339022 -0.063281 0.058368 -0.028822 -0.160121 -0.373234 -0.069413 0.066491 0.051164 -0.073542 -0.114257 -0.281428 -0.379289 -0.489037 0.025011 -0.017698 -0.287515 0.126556 0.200520 0.295951 0.323582 0.096743 0.175373 0.123264 0.444964 0.101510 -0.125456 0.163276 0.083359 -0.024754 0.030907 0.044491 -0.234659 -0.360027 -0.363856 -0.300312 -0.225155 -0.155275 -0.020299 -0.100942 -0.146780 -0.012033 0.023640 -0.066507 -0.047881 -0.069097 -0.011790 -0.156685
0.465048 0.291893 0.040717 -0.342034 0.191595 -0.292580 0.309883 -0.382318 0.036867 -0.190495 1.000000 0.100964 0.528546 0.217862 0.196121 -0.045123 0.122964 0.094081 0.404131 0.304102 -0.131644 -0.482614 0.130747 -0.010805 -0.127399 -0.399513 -0.166000 -0.362487 0.554320 0.164903 0.041729 -0.093937 -0.030106 -0.141695 -0.230280 -0.118421 0.350515 -0.111531 0.064688 -0.390084 0.179568 0.032964 -0.022091 -0.116973 0.036489 -0.252859 -0.059252 -0.068941 -0.157005 0.187955 -0.421212 0.005454 -0.098060 -0.010674 0.048409 -0.061899 0.031839 0.029363 -0.341854 -0.378659 0.171915 -0.118486 0.278201 0.054633 0.080891 -0.435162 -0.317136 -0.409511 -0.031639 -0.270524 -0.028796 -0.072878 0.453842 0.404901 0.412388 0.220888 0.257967 0.132407 0.075966 0.169386 0.420657 0.410111 0.313924 0.032161 0.485212 -0.185428 0.024741 -0.262527 -0.166479 -0.294554 -0.118795 0.047137 -0.236365 0.104913 0.365206 -0.119934 -0.073842 -0.287565 -0.003410 -0.180687 -0.098583 0.189310 -0.271967 -0.139508 -0.094999 -0.077977 -0.252175 0.037416 -0.019178 -0.164302 -0.228825 0.002761 0.196092 0.060285 -0.013845 0.044772
-0.211836 0.222639 -0.050787 0.270870 -0.065537 0.065106 0.200855 0.389012 0.158957 0.293847 0.100964 1.000000 0.157112 0.366873 0.100158 0.445391 -0.296529 -0.009233 -0.193610 0.013762 -0.137495 -0.033517 0.160832 0.132956 -0.263052 -0.037069 -0.314490 -0.404812 0.099765 0.364622 0.227618 0.397239 -0.175914 0.131764 -0.374050 -0.097368 0.093115 -0.047745 -0.142113 -0.023456 -0.014458 -0.138666 0.051160 -0.071955 -0.140095 -0.187027 0.058204 0.014651 -0.025755 0.036307 -0.157483 0.016521 0.046197 0.022428 -0.237641 -0.099048 -0.115168 -0.079023 -0.135418 -0.139073 0.222950 0.366188 -0.090573 0.093725 -0.032796 0.114595 -0.395025 -0.398555 -0.191441 -0.329888 0.101038 0.244571 0.129614 0.242704 0.205400 0.322627 0.298837 0.383712 -0.171338 -0.039804 -0.064657 -0.096694 -0.008015 0.020691 -0.210366 -0.044520 -0.165929 -0.062969 -0.016611 0.043974 0.099569 -0.222650 0.090142 -0.207659 0.067943 0.263943 -0.041158 -0.106526 0.024704 -0.173342 0.074789 -0.280024 -0.226014 -0.328799 -0.150204 -0.236783 -0.218193 -0.052166 -0.148036 0.187691 -0.190262 0.056659 0.011020 0.129398 -0.013875 0.036335
0.318088 0.163707 0.224324 -0.404052 0.273105 -0.172006 0.584463 -0.188799 0.234424 0.013132 0.528546 0.157112 1.000000 0.264844 0.281485 0.124869 -0.010122 -0.139620 0.124805 0.007866 -0.167824 -0.436247 -0.029079 -0.122743 -0.194571 -0.482741 -0.247621 -0.469377 0.390548 0.137585 -0.098817 -0.181223 0.095943 -0.105750 -0.289155 -0.225215 0.112883 -0.166315 0.071697 -0.281460 -0.005441 -0.287251 0.161543 0.100223 -0.023471 -0.076395 0.084818 0.160347 -0.051079 0.177438 -0.201964 0.004465 -0.056879 0.037036 0.114883 -0.003131 0.071058 0.031746 -0.147168 -0.169094 0.368978 0.164753 0.115111 -0.076252 -0.121397 -0.267658 -0.186449 -0.410214 0.012141 -0.311683 0.014899 0.013126 0.428889 0.105701 0.203319 0.037765 0.279797 0.016760 -0.041588 -0.072727 0.139786 0.161923 -0.121807 -0.182823 0.123808 -0.202101 -0.106070 -0.277561 0.003067 -0.161614 -0.291954 0.084379 -0.081580 0.189493 -0.043073 -0.115532 0.057590 -0.143099 0.023151 -0.056024 -0.111419 0.113593 -0.363536 -0.309975 -0.175376 -0.063938 0.060984 -0.162966 -0.322177 -0.061426 -0.193712 0.056132 0.070696 -0.140944 -0.097952 -0.009305
-0.245024 -0.091879 0.123752 -0.118088 -0.097523 0.059767 0.111210 0.278770 0.089052 0.459370 0.217862 0.366873 0.264844 1.000000 0.216456 0.325295 -0.210924 -0.206443 -0.326875 -0.234821 0.019949 0.040236 0.227768 0.147615 0.076675 -0.158296 -0.173593 -0.210700 -0.029488 0.065790 0.146905 0.235220 -0.121276 0.032047 -0.193024 0.205698 0.175430 0.077779 0.205663 0.048740 0.273678 -0.027925 0.070555 -0.152901 0.059710 -0.080718 0.037400 -0.115115 -0.047063 -0.094106 0.166165 0.072808 0.087363 0.199624 0.138451 0.076854 -0.392858 -0.292257 0.015384 -0.131019 0.128290 0.106300 -0.259467 -0.051133 0.218850 0.236056 -0.020247 -0.131760 -0.148116 -0.221482 0.022068 0.074481 0.071965 -0.098061 0.240740 0.079125 0.124066 0.125981 0.008628 -0.098118 -0.083387 -0.100712 0.098746 -0.166720 -0.092226 -0.028944 0.008440 0.142266 0.253689 0.099682 -0.209480 -0.240981 0.159458 -0.045847 0.307406 0.179733 0.193749 0.131770 0.061154 -0.085026 -0.176300 -0.070342 -0.342362 -0.409639 -0.271776 -0.089785 0.033455 0.004252 -0.153787 -0.013976 0.091989 -0.097239 -0.295787 0.142320 0.193784 0.073556
0.128845 -0.391693 0.381989 -0.160218 0.310259 0.343080 0.406983 -0.105143 0.531532 0.489790 0.196121 0.100158 0.281485 0.216456 1.000000 0.403456 -0.410513 -0.452429 -0.265544 -0.207481 0.282047 0.095403 0.533957 0.176225 0.428038 0.006464 0.287182 0.239096 -0.122316 -0.405917 -0.142459 -0.204618 -0.226832 -0.218132 0.129102 0.109254 -0.190175 -0.093638 -0.082938 -0.002151 -0.212302 -0.108532 -0.088270 -0.020905 -0.120051 -0.008135 -0.060364 -0.016285 0.010417 0.003256 0.306573 0.247906 0.195423 0.203515 0.271725 0.140833 -0.099599 -0.302422 0.006110 -0.168534 0.233907 0.018569 -0.394847 -0.445538 0.329663 0.262459 -0.032634 0.033933 -0.339762 -0.087057 0.010751 -0.018046 -0.101698 -0.279674 -0.039881 -0.057246 -0.029251 -0.224968 -0.235128 -0.207943 -0.314568 -0.317053 0.256213 -0.039251 -0.036807 0.144447 0.074947 -0.008032 0.320113 0.116582 -0.004141 0.301405 0.168240 0.423914 0.107994 0.046598 0.069687 -0.190427 0.099415 -0.104179 -0.255650 0.039959 -0.239668 -0.169204 -0.225078 -0.089706 -0.210460 -0.042924 -0.201753 -0.122455 -0.163252 -0.157343 0.096428 -0.041654 -0.019786 -0.292636
-0.283938 -0.393984 0.283136 0.243900 0.201212 0.443295 0.387694 0.363918 0.364575 0.650864 -0.045123 0.445391 0.124869 0.325295 0.403456 1.000000 -0.439821 -0.486477 -0.289631 -0.288101 0.252075 0.190795 0.424812 0.375950 0.156129 0.051782 0.150216 0.063598 -0.250426 -0.289893 0.068095 0.149010 -0.399291 -0.067347 0.028028 0.117916 -0.171624 -0.063843 -0.131179 0.124848 -0.131168 -0.167462 0.115680 -0.055956 -0.107063 -0.016686 0.137975 0.102087 0.278486 0.104786 0.197047 0.256423 0.101168 0.209142 -0.158272 0.175238 -0.260307 -0.371454 -0.034513 -0.068109 0.140686 0.102758 -0.354268 -0.329209 0.297088 0.244821 -0.182516 -0.055317 -0.295202 -0.097002 0.135300 0.072323 -0.152748 -0.335487 -0.068188 0.116289 -0.037010 -0.097516 -0.128240 -0.129199 -0.289119 -0.423005 0.196427 0.072839 -0.318010 0.043447 0.122614 0.115817 0.310861 0.249667 0.123924 -0.018826 0.283833 -0.014516 -0.203198 0.112438 -0.070295 -0.147441 0.033412 -0.175684 -0.299791 -0.211055 -0.347132 -0.257929 -0.077023 -0.138050 -0.249044 -0.025501 -0.052797 -0.097957 -0.210732 -0.114652 -0.158762 0.211482 0.009346 -0.238958
0.102221 0.108620 -0.066532 -0.078700 -0.208677 -0.407274 -0.100285 -0.266848 -0.504464 -0.447011 0.122964 -0.296529 -0.010122 -0.210924 -0.410513 -0.439821 1.000000 0.568595 0.269592 0.212965 -0.142597 -0.145253 -0.287941 -0.031518 -0.253672 -0.194980 -0.140697 -0.067651 0.463416 0.127173 0.051026 -0.011724 0.335887 0.184476 -0.080980 0.023336 0.170520 0.166622 0.270907 -0.126660 0.363447 0.171705 0.005635 0.008607 0.044563 0.067748 -0.082874 0.024967 -0.258564 -0.162555 -0.299879 -0.372980 -0.319617 -0.161117 -0.155789 -0.207918 0.121711 0.312822 -0.099710 -0.094003 -0.243452 -0.361462 0.599658 0.335833 -0.245737 -0.329472 0.134899 -0.008730 -0.037041 -0.163428 -0.077420 -0.151422 0.326977 0.237888 0.154290 0.004051 -0.009688 -0.035977 0.416502 0.230297 0.601687 0.574794 -0.133623 0.056873 0.350915 0.006976 0.017535 -0.119237 -0.439697 -0.203747 -0.119046 -0.068111 -0.280793 -0.234475 -0.169682 -0.276334 -0.107251 -0.154503 -0.088327 0.026532 0.076988 0.080233 0.140507 0.078082 0.115012 0.158640 0.182130 -0.014034 0.083932 -0.178909 0.097942 0.126430 0.080099 -0.041539 0.140065 0.212790
-0.076358 0.456100 -0.317133 -0.071346 -0.276612 -0.471281 -0.203604 -0.239019 -0.292512 -0.570434 0.094081 -0.009233 -0.139620 -0.206443 -0.452429 -0.486477 0.568595 1.000000 0.266349 0.401285 -0.140533 -0.098166 -0.319259 -0.212323 -0.356695 -0.228574 -0.273360 -0.257017 0.508375 0.478290 0.084667 0.096459 0.279381 0.177335 -0.175438 -0.155101 0.467593 0.166363 0.164860 -0.073214 0.271114 0.198834 -0.163500 -0.121197 -0.111528 -0.246580 -0.191456 -0.198208 -0.345424 -0.168547 -0.383485 -0.342214 -0.191146 -0.246571 -0.117314 -0.314560 0.020957 0.486374 -0.066628 0.086920 -0.132961 0.058600 0.565482 0.567967 -0.400478 -0.328513 -0.077503 -0.246705 0.030771 -0.036344 0.053706 0.020407 0.337272 0.479093 0.334899 0.094212 0.224630 0.211646 0.422425 0.613096 0.469026 0.704568 -0.172694 -0.024728 0.260542 0.016413 -0.104785 -0.239291 -0.310067 -0.046587 -0.061630 -0.200285 -0.302258 -0.280407 0.124268 0.059851 0.006734 -0.027521 -0.008332 -0.121747 0.259900 0.360193 0.286859 0.172071 0.155206 0.142549 0.213160 -0.063391 0.129480 0.037895 0.056865 0.134406 0.047931 0.088740 0.117741 0.176265
0.429466 0.252797 0.045583 -0.168244 0.080589 -0.424674 0.188590 -0.407021 -0.255513 -0.588169 0.404131 -0.193610 0.124805 -0.326875 -0.265544 -0.289631 0.269592 0.266349 1.000000 0.408725 -0.146938 -0.454145 -0.175395 -0.213434 -0.164157 -0.144780 -0.100594 -0.222785 0.398801 0.167911 0.053458 -0.125160 0.349273 0.075325 -0.065154 -0.174711 0.097606 -0.227507 -0.280255 -0.274118 -0.056217 0.019933 -0.217126 -0.147673 -0.148585 -0.207472 -0.190504 -0.091218 -0.160857 -0.009574 -0.389182 -0.146214 -0.146618 -0.179941 -0.095465 -0.124375 0.143478 0.059678 0.043412 0.029289 -0.002253 -0.232688 0.475263 0.215361 -0.292685 -0.438646 0.048533 -0.111342 0.315788 0.148726 -0.082780 -0.157903 0.278329 0.342663 0.241281 0.090898 0.073553 0.067491 -0.069290 0.134368 0.367585 0.331520 0.046877 0.157830 0.267461 -0.205550 -0.172013 -0.297652 -0.241761 -0.212725 -0.052688 -0.015246 -0.417015 0.065417 0.030359 -0.182756 -0.242263 -0.138917 -0.237903 -0.182394 0.044897 0.447291 0.150612 0.317502 0.288725 0.016794 -0.136115 0.117955 0.176550 0.000743 -0.181134 0.011649 0.101913 0.106302 -0.095616 -0.061841
0.127089 0.457405 -0.252154 0.115512 0.005767 -0.223805 -0.072684 -0.237917 -0.193679 -0.379776 0.304102 0.013762 0.007866 -0.234821 -0.207481 -0.288101 0.212965 0.401285 0.408725 1.000000 -0.335022 -0.333197 -0.234224 0.079474 -0.215670 -0.254125 -0.043143 -0.195594 0.209478 0.192647 -0.109728 -0.076387 0.247668 0.206384 0.016893 -0.023223 0.026490 -0.372428 -0.053301 -0.512510 0.100072 -0.124883 0.035170 0.076058 0.087065 0.037097 0.053125 0.068639 -0.143776 0.223715 -0.268318 -0.019608 -0.145406 -0.083483 -0.224957 -0.197866 0.007019 0.139766 -0.394974 -0.186177 -0.180109 -0.115757 0.323358 0.137129 -0.315542 -0.331407 -0.162668 -0.077423 0.234608 0.200528 0.188980 0.212211 0.157418 0.345175 0.173215 0.122678 0.015427 0.159125 0.279760 0.358739 0.289828 0.402283 -0.037265 -0.073915 0.203432 -0.206693 -0.008362 -0.333283 -0.213145 -0.169781 0.058744 -0.205284 -0.264515 -0.195412 0.029462 -0.055191 -0.100967 -0.159632 -0.010406 -0.158826 0.120480 0.075757 0.115763 0.069839 0.067053 0.215692 0.159565 -0.143746 0.198356 -0.064332 0.145289 -0.000550 0.046053 -0.023585 -0.132647 0.015831
0.060383 -0.421669 0.116188 0.031216 -0.010507 0.190939 0.022028 -0.112846 0.181157 0.233434 -0.131644 -0.137495 -0.167824 0.019949 0.282047 0.252075 -0.142597 -0.140533 -0.146938 -0.335022 1.000000 0.526313 0.416107 0.143862 0.450618 0.417779 0.374347 0.343596 -0.079075 -0.198160 0.184834 0.249158 -0.251665 -0.177874 0.344507 0.199731 0.203842 0.189120 0.158790 0.239381 0.076330 -0.026965 -0.175540 -0.122457 0.030717 0.050651 -0.213252 -0.163974 0.117848 -0.188873 0.228749 0.073889 0.068109 -0.067315 0.222619 0.141387 0.056876 -0.227455 0.226196 -0.050547 -0.154346 -0.264278 -0.230959 -0.249248 0.321487 0.139473 0.082433 0.161963 -0.305470 -0.049261 0.174771 -0.052523 -0.254352 -0.236402 -0.076725 0.057792 -0.124684 -0.179644 0.026412 -0.088883 0.111477 -0.114031 0.166267 -0.156503 0.150890 0.235972 0.241471 0.301955 0.205382 0.242334 -0.269349 0.034853 0.014637 0.120699 -0.038703 -0.122383 0.104436 -0.147022 -0.040576 -0.128464 -0.323069 0.044976 -0.223144 0.004101 -0.206037 -0.298230 -0.285821 0.028950 -0.044925 -0.125422 -0.084668 -0.344204 -0.203379 0.066831 -0.082478 -0.233225
-0.393003 -0.379173 0.013187 0.279766 -0.216865 0.350041 -0.281148 0.074884 0.129885 0.208788 -0.482614 -0.033517 -0.436247 0.040236 0.095403 0.190795 -0.145253 -0.098166 -0.454145 -0.333197 0.526313 1.000000 0.279773 0.304254 0.451028 0.528136 0.336210 0.579269 -0.295823 -0.144802 0.105108 0.363132 -0.235355 0.025942 0.414716 0.282810 -0.036655 0.377189 0.229315 0.433489 0.143286 -0.017000 0.056819 0.028600 0.064000 0.046992 0.038875 -0.014254 0.104534 -0.129035 0.276640 0.145265 0.201705 0.175532 0.025911 0.111818 -0.075940 -0.158956 0.065039 0.049045 -0.240576 0.010819 -0.335896 -0.145413 0.063350 0.240405 0.022595 0.118381 -0.180609 -0.043528 0.056156 0.280976 -0.430584 -0.322806 -0.228817 -0.199890 -0.351405 -0.191181 0.064844 -0.041633 -0.193344 -0.146127 -0.008279 -0.179627 -0.209557 0.282784 0.161730 0.307045 0.206872 0.486924 -0.086711 -0.090352 0.128718 -0.128227 0.034659 0.047523 0.275167 0.083463 0.038626 -0.023813 -0.130317 -0.177335 0.035863 -0.161365 -0.251006 -0.188174 0.050658 -0.157239 0.077560 -0.069732 0.284738 -0.085486 -0.034923 0.023451 0.105490 -0.126752
-0.164012 -0.475232 0.471214 0.185933 0.226300 0.314968 0.238508 0.117503 0.214948 0.278629 0.130747 0.160832 -0.029079 0.227768 0.533957 0.424812 -0.287941 -0.319259 -0.175395 -0.234224 0.416107 0.279773 1.000000 0.507104 0.538196 0.179350 0.352698 0.324288 -0.138473 -0.412827 0.229257 0.145468 -0.302173 -0.020641 0.267759 0.237217 0.055859 -0.153086 0.018298 -0.075257 -0.102924 -0.122752 -0.208062 -0.214289 -0.036887 -0.102486 -0.198186 -0.161399 -0.022217 -0.154198 0.253830 0.036031 -0.015279 -0.039870 0.055162 0.033993 -0.357598 -0.439835 0.083711 -0.092351 -0.045206 -0.135483 -0.327243 -0.331751 0.430225 0.283088 0.026487 0.093587 -0.267696 0.024147 0.108214 0.086477 -0.227632 -0.083217 0.087018 0.043627 0.052163 -0.044458 -0.196268 -0.157474 -0.149311 -0.307656 0.354631 0.020438 0.079665 0.231219 0.233023 0.200804 0.413860 0.326206 -0.017341 0.040571 0.105155 0.164337 0.009246 -0.017528 -0.114618 -0.072936 -0.051386 -0.298342 -0.281596 -0.059767 -0.168896 -0.189688 -0.170319 -0.202820 -0.289377 0.038773 -0.089807 -0.234763 -0.081233 -0.258687 -0.056284 0.152527 -0.207382 -0.143608
-0.368104 -0.472053 0.270930 0.449810 0.135418 0.379824 0.083736 0.301576 0.008872 0.209552 -0.010805 0.132956 -0.122743 0.147615 0.176225 0.375950 -0.031518 -0.212323 -0.213434 0.079474 0.143862 0.304254 0.507104 1.000000 0.225809 0.209398 0.212252 0.239434 -0.052542 -0.188018 0.306186 0.437232 -0.187796 0.297132 0.417218 0.390553 -0.112991 -0.088670 0.190743 -0.182924 -0.008986 -0.313039 -0.025119 -0.122560 -0.010081 0.107041 0.023489 -0.046619 -0.002433 -0.075183 0.197928 0.080774 0.080886 0.196715 -0.186262 -0.130166 -0.300106 -0.312346 -0.315414 -0.337603 -0.261283 -0.301386 -0.254392 -0.271223 0.262512 0.064466 -0.079522 0.206612 -0.360049 -0.085288 0.016019 0.297202 -0.159905 -0.146451 -0.104078 -0.045125 -0.292044 -0.201712 0.112651 -0.073083 0.022928 -0.239659 0.212556 -0.040249 -0.074684 0.041103 0.043665 0.032915 0.087978 0.226062 0.187530 -0.080107 0.348820 -0.040068 -0.180013 -0.117560 -0.087050 -0.106981 -0.125855 -0.250235 -0.306636 -0.308056 -0.105742 -0.157815 -0.129042 -0.040155 0.000566 -0.092774 0.068619 -0.141797 0.192569 -0.217878 -0.080036 0.008757 -0.067348 -0.125896
-0.162435 -0.566518 0.302412 -0.052268 0.234475 0.351906 -0.050069 -0.149010 0.146926 0.247479 -0.127399 -0.263052 -0.194571 0.076675 0.428038 0.156129 -0.253672 -0.356695 -0.164157 -0.215670 0.450618 0.451028 0.538196 0.225809 1.000000 0.255013 0.703287 0.741658 -0.362352 -0.467012 -0.165737 -0.222986 -0.172681 -0.252055 0.563312 0.294481 -0.023970 0.021728 0.114471 0.132295 0.012184 -0.037533 -0.132231 -0.013556 0.067194 0.030781 -0.172896 -0.135534 -0.033539 -0.209000 0.393424 0.092812 0.134405 0.094666 0.138754 0.054365 -0.179501 -0.477631 0.091329 0.014559 -0.128112 -0.219634 -0.399274 -0.483276 0.365893 0.354578 0.249893 0.333690 -0.059519 0.188624 0.066804 -0.010909 -0.304620 -0.319423 -0.057858 -0.097133 -0.095512 -0.214345 0.038960 -0.124926 -0.121414 -0.233562 0.128142 -0.054587 0.166035 0.308796 0.300528 0.250184 0.525139 0.357149 -0.130584 0.210457 0.123121 0.288585 0.141779 0.038169 0.046996 0.042615 -0.170686 -0.094275 -0.169150 0.023089 -0.107162 -0.164364 -0.299955 -0.087420 -0.048251 -0.154248 0.015152 -0.313537 0.098591 -0.339333 -0.029741 0.011825 -0.120460 -0.250947
-0.144873 -0.327751 -0.024892 0.487030 -0.140124 0.346073 -0.307802 0.251268 -0.044056 0.105549 -0.399513 -0.037069 -0.482741 -0.158296 0.006464 0.051782 -0.194980 -0.228574 -0.144780 -0.254125 0.417779 0.528136 0.179350 0.209398 0.255013 1.000000 0.168186 0.437044 -0.343657 -0.169705 0.288504 0.397292 -0.176476 0.093707 0.338838 0.263571 -0.149863 0.212824 -0.156680 0.153649 -0.199821 -0.032259 -0.187318 -0.241281 -0.115089 -0.002935 -0.262362 -0.243016 -0.025883 -0.297337 0.120865 -0.039460 0.141738 -0.145187 0.096542 -0.144271 0.054069 -0.181799 0.322795 0.156131 -0.028934 -0.041858 -0.246872 -0.030074 0.231052 0.388769 0.245333 0.387717 -0.128595 0.174351 0.018949 0.021570 -0.472799 -0.302500 -0.350049 -0.298692 -0.310960 -0.066562 -0.282555 -0.290520 -0.223986 -0.392676 0.101970 -0.069305 -0.109750 0.335644 0.129130 0.265624 0.200165 0.302881 0.029038 -0.103495 0.272948 -0.090868 -0.061554 -0.048126 0.048084 -0.126252 -0.212658 -0.195006 -0.151308 -0.255018 0.074062 0.222916 -0.090417 -0.252000 -0.324583 0.338189 0.069981 0.225255 -0.054391 -0.109118 -0.111592 0.150145 -0.131735 -0.089863
-0.029379 -0.461122 0.085203 0.080763 0.436129 0.390641 -0.102131 -0.243815 0.087166 0.139141 -0.166000 -0.314490 -0.247621 -0.173593 0.287182 0.150216 -0.140697 -0.273360 -0.100594 -0.043143 0.374347 0.336210 0.352698 0.212252 0.703287 0.168186 1.000000 0.772944 -0.410497 -0.529411 -0.349701 -0.299813 -0.279983 -0.351938 0.519341 0.314737 -0.303060 -0.114140 -0.123990 0.040837 -0.207584 0.015616 -0.212218 -0.122583 -0.010203 0.039467 -0.178137 -0.217727 0.189222 -0.019010 0.516710 0.288437 0.316871 0.168467 0.114446 0.046108 -0.060984 -0.314451 0.063880 0.104234 -0.193021 -0.214534 -0.206478 -0.323692 0.366760 0.217760 0.208803 0.327819 0.055822 0.377010 0.111028 0.103856 -0.417370 -0.313728 -0.253314 -0.182495 -0.225339 -0.398525 -0.044731 -0.146912 -0.132618 -0.223473 0.078217 0.141249 0.196471 0.187536 0.136661 0.234285 0.348152 0.368024 -0.003404 0.138429 0.055860 0.267153 -0.013611 0.101031 -0.050034 0.137866 -0.266431 -0.129278 -0.124476 -0.065830 0.017759 -0.002356 -0.165677 -0.039591 0.010796 -0.146762 0.126735 -0.291527 0.052760 -0.473169 -0.082182 -0.250400 -0.111285 -0.255093
-0.181329 -0.544819 0.056660 0.173588 0.179392 0.421132 -0.260591 -0.152773 0.028360 0.173202 -0.362487 -0.404812 -0.469377 -0.210700 0.239096 0.063598 -0.067651 -0.257017 -0.222785 -0.195594 0.343596 0.579269 0.324288 0.239434 0.741658 0.437044 0.772944 1.000000 -0.476020 -0.554612 -0.280912 -0.209604 -0.198547 -0.218526 0.589025 0.437442 -0.283488 0.105843 -0.016787 0.179874 -0.123419 0.104770 -0.130011 -0.053082 0.058982 0.169193 -0.156243 -0.124952 0.097677 -0.155470 0.438976 0.179165 0.248604 0.196360 0.093372 -0.013178 -0.030461 -0.287759 0.096784 0.097772 -0.257703 -0.225225 -0.250950 -0.268876 0.351559 0.354004 0.287125 0.494641 -0.004194 0.375981 -0.076651 -0.044112 -0.513399 -0.458521 -0.266332 -0.326851 -0.375109 -0.398836 -0.036003 -0.101267 -0.241804 -0.284168 0.096488 0.036352 0.072407 0.402518 0.262000 0.365780 0.295425 0.376103 0.060451 0.185917 0.144750 0.135033 -0.006275 -0.086626 -0.034971 0.069536 -0.171993 -0.078770 -0.141856 -0.105166 0.124758 0.044806 -0.156129 -0.017064 -0.029181 0.037795 0.122260 -0.258110 0.117661 -0.309310 -0.004392 -0.092256 -0.022006 -0.151534
0.276344 0.308821 -0.075874 -0.261713 -0.067628 -0.573519 0.284300 -0.323928 -0.135801 -0.378859 0.554320 0.099765 0.390548 -0.029488 -0.122316 -0.250426 0.463416 0.508375 0.398801 0.209478 -0.079075 -0.295823 -0.138473 -0.052542 -0.362352 -0.343657 -0.410497 -0.476020 1.000000 0.556236 0.298240 0.233139 0.192393 0.124724 -0.304386 -0.208773 0.534832 0.025288 0.157807 -0.221103 0.290140 -0.020479 -0.028635 -0.046396 -0.127857 -0.301434 -0.068901 0.013784 -0.197725 -0.029629 -0.486035 -0.126762 -0.055115 0.019363 -0.057009 -0.232325 0.057375 0.240160 -0.287138 -0.342357 0.114005 -0.031821 0.461269 0.356811 -0.413449 -0.583980 -0.381020 -0.548930 -0.261606 -0.511136 0.042281 0.034216 0.655981 0.578999 0.438887 0.307082 0.366826 0.165815 0.184069 0.224012 0.612705 0.612073 -0.068302 0.068017 0.261628 -0.378032 -0.304999 -0.494904 -0.491207 -0.327130 0.005591 0.078169 -0.222910 -0.041081 0.141011 -0.200470 -0.043212 -0.257247 0.055901 -0.020750 0.122363 0.336047 -0.044902 -0.119113 0.013744 -0.050498 -0.047599 -0.168331 -0.037033 -0.130403 -0.119450 0.275484 0.246760 0.064997 0.016656 0.132606
-0.031580 0.468443 -0.368092 0.027195 -0.321267 -0.363267 -0.057475 0.073444 -0.144969 -0.274235 0.164903 0.364622 0.137585 0.065790 -0.405917 -0.289893 0.127173 0.478290 0.167911 0.192647 -0.198160 -0.144802 -0.412827 -0.188018 -0.467012 -0.169705 -0.529411 -0.554612 0.556236 1.000000 0.396355 0.461873 0.192666 0.320015 -0.251166 -0.110806 0.396503 0.184383 0.106543 0.054759 0.338542 0.040855 0.015075 -0.023654 -0.096585 -0.245809 -0.026892 -0.006361 -0.189548 0.007312 -0.474009 -0.087021 -0.080277 -0.002993 -0.070260 -0.259823 0.059720 0.278477 -0.328374 -0.270474 -0.007154 0.246131 0.180632 0.368301 -0.428889 -0.313316 -0.430609 -0.455803 -0.033198 -0.319014 0.017722 0.107332 0.593022 0.588913 0.432228 0.346748 0.358783 0.464267 0.148926 0.163296 0.313798 0.378955 -0.249568 0.020760 0.042543 -0.355451 -0.339207 -0.282161 -0.435258 -0.254968 0.062645 -0.106622 -0.022629 -0.124686 0.262486 0.150099 0.111166 0.035247 -0.044835 -0.014349 0.278917 0.098979 0.011620 -0.134979 -0.099500 -0.139213 0.041855 -0.132728 -0.129903 0.285779 -0.006939 0.249759 0.207868 0.114372 0.123584 0.153487
-0.178839 -0.074167 0.029192 0.287588 -0.299538 -0.124353 0.066451 0.271637 -0.186301 -0.064643 0.041729 0.227618 -0.098817 0.146905 -0.142459 0.068095 0.051026 0.084667 0.053458 -0.109728 0.184834 0.105108 0.229257 0.306186 -0.165737 0.288504 -0.349701 -0.280912 0.298240 0.396355 1.000000 0.777656 0.059952 0.482617 -0.012917 0.180846 0.187129 0.049818 0.164952 0.039477 0.205123 -0.150461 -0.156847 -0.258802 -0.088612 -0.208041 -0.126713 -0.162076 -0.172429 -0.201936 -0.241910 -0.149707 -0.141734 -0.150144 -0.163059 -0.111304 -0.088945 -0.026593 -0.008806 -0.218653 -0.019273 -0.024367 -0.123484 0.064024 -0.028661 -0.085337 -0.163783 -0.092400 -0.312367 -0.320719 0.105962 0.120991 0.142296 0.266861 0.127291 0.346023 0.168451 0.314611 0.028919 -0.177467 0.219956 -0.058956 -0.044287 -0.001836 -0.007243 -0.098583 -0.073820 -0.151322 -0.107535 -0.139241 0.014171 -0.139983 0.116582 -0.114434 -0.038023 -0.070521 0.049510 -0.107964 -0.067936 -0.105582 -0.141214 0.013197 -0.118037 0.021246 0.002211 -0.284843 -0.312719 0.063871 -0.072979 0.358286 -0.028314 0.080146 0.105916 0.271381 -0.121942 0.104477
-0.271322 -0.084787 -0.141133 0.471185 -0.305990 0.026857 -0.110869 0.342646 -0.113159 0.031473 -0.093937 0.397239 -0.181223 0.235220 -0.204618 0.149010 -0.011724 0.096459 -0.125160 -0.076387 0.249158 0.363132 0.145468 0.437232 -0.222986 0.397292 -0.299813 -0.209604 0.233139 0.461873 0.777656 1.000000 -0.039035 0.457481 0.100764 0.295977 0.200980 0.216211 0.220599 0.116456 0.321079 -0.054019 -0.038849 -0.198517 -0.044930 -0.087721 -0.020204 -0.140554 -0.025722 -0.097919 -0.150914 -0.002388 0.010767 0.022622 -0.109880 -0.104428 -0.159704 -0.057332 -0.102270 -0.254874 -0.218367 -0.002785 -0.208639 0.042134 -0.074451 -0.031477 -0.250996 -0.107272 -0.365592 -0.336017 0.235484 0.326392 0.003460 0.240041 0.106175 0.260413 -0.047547 0.263413 0.086841 -0.133143 0.202608 -0.076679 -0.003057 -0.068568 -0.108217 -0.151459 -0.175807 -0.023006 -0.223068 0.020901 0.076909 -0.304168 0.222446 -0.347677 0.022417 -0.029322 0.089784 -0.039301 -0.038586 -0.222434 -0.130189 -0.234867 -0.074187 -0.109858 -0.120345 -0.317262 -0.179468 0.033033 0.014789 0.274984 0.088618 0.008624 -0.034181 0.183130 0.020242 0.074040
0.018964 0.082628 -0.134922 -0.104665 -0.191424 -0.304273 -0.191556 -0.186213 -0.246297 -0.341942 -0.030106 -0.175914 0.095943 -0.121276 -0.226832 -0.399291 0.335887 0.279381 0.349273 0.247668 -0.251665 -0.235355 -0.302173 -0.187796 -0.172681 -0.176476 -0.279983 -0.198547 0.192393 0.192666 0.059952 -0.039035 1.000000 0.401505 -0.135930 -0.081159 -0.011650 0.019363 0.209173 -0.098458 0.183622 0.037590 0.097038 0.229213 0.097919 0.235433 0.044371 0.141016 -0.265943 -0.120219 -0.308919 -0.412276 -0.372601 -0.277843 -0.083008 -0.185956 0.067603 0.194130 0.072054 0.133849 -0.051191 -0.073127 0.263437 0.273773 -0.293202 -0.140190 0.282376 0.139659 0.240469 0.092525 -0.098830 -0.179187 0.126957 0.120961 0.160325 -0.005547 0.188326 0.082601 0.174550 0.281362 0.203240 0.199172 -0.251210 -0.262761 -0.019761 -0.185440 -0.036954 -0.100310 -0.197251 -0.129771 -0.244789 -0.186022 -0.308907 -0.058498 -0.094662 -0.184656 -0.049830 0.115898 -0.075669 0.014190 -0.002423 0.145580 0.241548 0.135105 0.199370 0.295264 0.392633 -0.172163 -0.099290 -0.065294 0.180874 0.173594 -0.086980 -0.126368 0.088136 0.137730
-0.365829 -0.067589 -0.003197 0.320598 -0.379657 -0.134094 -0.017876 0.314866 -0.258289 -0.127806 -0.141695 0.131764 -0.105750 0.032047 -0.218132 -0.067347 0.184476 0.177335 0.075325 0.206384 -0.177874 0.025942 -0.020641 0.297132 -0.252055 0.093707 -0.351938 -0.218526 0.124724 0.320015 0.482617 0.457481 0.401505 1.000000 0.187765 0.436480 -0.011202 0.200351 0.248887 -0.011416 0.227975 0.024904 -0.091102 -0.168360 -0.094592 0.023105 -0.205209 -0.082139 -0.390527 -0.324750 -0.376761 -0.438279 -0.332999 -0.261828 -0.233425 -0.353584 -0.140731 0.159700 -0.025152 0.003542 -0.123572 0.005458 0.003861 0.170603 -0.213055 0.097299 0.214461 0.295157 -0.112846 0.032832 -0.037522 0.170076 0.155051 0.241958 0.141002 0.237577 0.115705 0.435968 0.107739 0.047182 -0.017285 -0.076184 -0.209452 -0.211009 -0.280577 -0.212293 -0.139783 -0.169205 -0.099754 -0.104459 0.029513 -0.271377 0.071839 -0.145764 -0.170330 -0.140892 -0.262177 -0.110823 -0.311079 -0.234042 0.057238 -0.046368 0.324299 0.098380 0.139739 0.156526 0.167978 -0.010790 -0.097655 0.073644 0.044596 -0.003473 -0.091430 0.218872 0.154255 0.101130
-0.200924 -0.520335 0.098894 0.258216 0.060400 0.246508 -0.095341 -0.044096 -0.018446 0.056234 -0.230280 -0.374050 -0.289155 -0.193024 0.129102 0.028028 -0.080980 -0.175438 -0.065154 0.016893 0.344507 0.414716 0.267759 0.417218 0.563312 0.338838 0.519341 0.589025 -0.304386 -0.251166 -0.012917 0.100764 -0.135930 0.187765 1.000000 0.617874 -0.136412 0.187837 0.161037 0.171949 0.056638 0.079629 -0.203215 -0.111016 0.059736 0.101607 -0.290235 -0.257278 -0.178237 -0.272286 0.168916 -0.025446 -0.103971 -0.022341 0.031478 -0.140724 -0.126019 -0.218362 -0.085716 -0.090908 -0.486443 -0.349178 -0.368903 -0.370073 0.287372 0.290329 0.285134 0.554289 -0.054284 0.256759 0.133228 0.158027 -0.271106 -0.174719 -0.125624 -0.001758 -0.228594 -0.051082 0.132669 -0.083390 -0.079014 -0.195362 0.121083 0.045627 0.158320 0.242764 0.268873 0.249123 0.221969 0.280627 0.042984 0.047892 0.281957 0.169846 -0.028040 -0.088997 -0.131461 -0.070782 -0.329419 -0.261839 -0.111269 -0.116795 0.136640 0.054798 -0.124935 0.049611 0.087680 -0.113037 0.098457 -0.150039 0.163760 -0.377484 -0.010542 0.026648 0.111983 -0.285578
-0.251226 -0.496714 -0.105715 0.234376 0.015848 0.243309 -0.128716 0.081798 -0.044393 0.240599 -0.118421 -0.097368 -0.225215 0.205698 0.109254 0.117916 0.023336 -0.155101 -0.174711 -0.023223 0.199731 0.282810 0.237217 0.390553 0.294481 0.263571 0.314737 0.437442 -0.208773 -0.110806 0.180846 0.295977 -0.081159 0.436480 0.617874 1.000000 -0.120303 0.294253 0.169385 0.092096 0.271103 0.192244 -0.105213 -0.171501 0.142935 0.206197 -0.243474 -0.160099 -0.179678 -0.269511 0.080938 -0.098036 -0.077660 0.045611 -0.012111 -0.260697 -0.152985 -0.198473 -0.053740 -0.194659 -0.365802 -0.225116 -0.302439 -0.221386 0.318957 0.355560 0.244654 0.577731 -0.217977 0.081111 0.097160 0.245926 -0.133376 -0.066681 0.060798 0.115290 -0.095837 0.101869 0.107902 -0.203839 -0.076053 -0.240842 -0.097323 -0.138692 0.069025 0.128146 0.044719 0.157698 0.091275 0.076080 -0.040972 -0.130533 0.194197 -0.032948 0.090321 -0.189534 -0.202806 -0.070600 -0.349831 -0.233276 -0.178664 -0.251167 0.007000 -0.067463 -0.169454 -0.061812 -0.004361 -0.024240 -0.009001 -0.100266 0.073882 -0.335881 -0.170362 0.071713 0.180800 -0.174142
