1.000000 0.455362 0.303243 0.141077 -0.005151 0.128096 0.459730 0.036161 0.140137 0.283426 0.492678 0.194479 0.338157 0.200357 0.172383 0.069630 0.063029 0.093179 0.309366 0.051943 0.143610 -0.019137 0.348371 -0.275506 0.053733 0.124496 0.092010 0.080470 0.176529 0.015628 0.179639 -0.045986 0.469636 0.164702 -0.036173 -0.049704 -0.217061 -0.357908 -0.103540 -0.293220 0.012568 0.015199 -0.163757 -0.023883 -0.012622 -0.106681 -0.177324 -0.446480 -0.096135 -0.080599 0.063263 0.030853 0.238609 0.013364 0.001626 -0.052651 0.596869 0.280658 0.181880 0.191860 0.559810 0.291497 0.205624 0.233171 0.102911 0.314473 0.106290 -0.084691 0.104340 0.013665 -0.208667 -0.340462 -0.019859 -0.115195 -0.068560 -0.111893 0.108066 -0.049366 0.131741 0.305672 0.020734 0.159445 -0.100572 -0.030442 0.058519 0.147181 0.090014 -0.044340 0.142582 0.399819 -0.348446 -0.383049 -0.373273 -0.354072 -0.181384 -0.092438 -0.018430 -0.065231 -0.484079 -0.356078 -0.236416 -0.049195 -0.307566 -0.281689 -0.437403 -0.451063 -0.343408 -0.232782 -0.220089 -0.399258 -0.551168 -0.519057 -0.300521 -0.324087 -0.413615 -0.165016
0.455362 1.000000 -0.057783 -0.052410 -0.035269 0.070417 0.038490 -0.031405 0.243850 0.210265 0.292846 0.032093 0.127379 0.037702 0.419246 -0.028193 0.170045 0.059397 0.024503 0.242050 0.301174 0.088349 0.044076 -0.155284 -0.147140 -0.056625 0.158313 0.107644 -0.007300 -0.222140 -0.169058 -0.280979 0.277612 0.255889 -0.005787 -0.059825 -0.203388 -0.381617 -0.188276 -0.168001 -0.056182 0.002461 -0.169488 -0.042409 0.151627 0.085313 0.031444 -0.279695 0.181447 0.102074 0.045619 0.149464 0.157782 0.018135 0.045340 0.017308 0.517971 0.617126 0.494643 0.385726 0.300995 0.285433 -0.002755 0.147781 -0.074019 0.141999 0.189411 0.134032 0.343236 0.336699 -0.326807 -0.439482 -0.257717 -0.345848 -0.299471 -0.423370 -0.178330 -0.295072 0.084622 0.288337 0.066699 0.114577 0.202704 0.128519 0.030409 -0.175741 0.107801 0.079780 0.229232 0.147828 -0.145761 -0.344551 -0.292604 -0.308280 -0.072300 -0.286836 0.059777 -0.278298 -0.277125 -0.342386 -0.091651 -0.070437 -0.014529 -0.099720 -0.163211 -0.227850 -0.006996 -0.095187 -0.112150 -0.293792 -0.364735 -0.439738 -0.287483 -0.230305 -0.273857 -0.057170
0.303243 -0.057783 1.000000 0.214592 0.205278 0.005484 0.752061 0.146343 0.148529 0.199124 0.127146 -0.111305 0.241702 0.085437 -0.062907 -0.198923 -0.423383 -0.362399 0.553496 0.175545 0.072485 -0.085343 0.332587 0.018652 0.406725 0.277366 0.017443 0.073285 -0.094828 -0.042873 0.264597 0.213750 0.190681 0.125846 -0.203684 0.253598 -0.084713 -0.177152 -0.012590 -0.208363 0.110233 -0.014505 -0.012674 0.049234 -0.146395 -0.135634 -0.192121 -0.207818 -0.217414 -0.183331 0.032239 -0.232088 0.079714 -0.253680 -0.096620 -0.127824 -0.070371 -0.142864 0.044392 -0.044867 0.389392 -0.129257 -0.058259 -0.242767 0.316014 0.188410 0.236690 0.350678 0.076233 0.012491 0.036898 -0.161615 -0.038216 0.198997 0.169230 0.353067 0.308476 0.239366 -0.255957 -0.046668 -0.423447 -0.212254 -0.144511 -0.055928 0.033112 0.262533 -0.039563 -0.188224 0.176912 0.307031 -0.161020 0.018044 -0.169800 0.047741 -0.200744 0.276584 -0.027815 0.104760 -0.221256 -0.205974 -0.225068 0.139302 -0.178613 -0.025673 -0.193075 -0.241470 -0.022141 -0.042322 0.095117 -0.164824 -0.219253 -0.304197 -0.047225 0.040524 -0.188489 -0.187969
0.141077 -0.052410 0.214592 1.000000 0.008183 0.038930 0.181484 0.592871 -0.110118 0.251021 0.180610 0.180652 -0.003884 0.185408 0.062766 0.145539 -0.119015 -0.194469 0.236959 0.046351 -0.021090 0.024394 0.290780 0.338432 0.148857 0.220078 0.110900 0.131379 -0.048326 0.098816 0.329842 0.513589 0.198009 0.286025 -0.137841 -0.014402 0.075796 -0.072105 0.171513 -0.121192 -0.183915 0.044958 -0.102942 -0.060276 -0.062365 -0.153816 -0.102944 -0.238094 0.006569 -0.036174 -0.099601 -0.035772 0.111472 0.098631 -0.053713 -0.042601 -0.023654 -0.173295 -0.320302 -0.087120 -0.106713 -0.044842 0.019057 -0.001036 0.125020 0.120651 -0.185316 -0.066445 -0.028739 -0.241502 -0.158046 -0.167821 0.033336 0.086163 0.124668 0.149969 0.115044 0.095238 -0.104215 -0.163243 -0.096744 -0.134933 0.182541 0.256769 0.044824 0.168342 0.007063 0.181188 0.130963 0.255197 -0.132773 -0.156278 -0.176925 -0.133146 -0.208747 0.085264 -0.062486 -0.113750 -0.040015 -0.268273 -0.006979 -0.093401 -0.259488 -0.218153 -0.143714 -0.251543 -0.153338 -0.133675 -0.163950 -0.003153 -0.249447 -0.280823 -0.112295 -0.075986 -0.145639 -0.052079
-0.005151 -0.035269 0.205278 0.008183 1.000000 0.071123 0.100130 0.012851 0.465777 0.156063 -0.011247 -0.209154 0.038806 -0.243708 0.275153 -0.338400 -0.246668 -0.367210 0.023007 0.082423 0.161740 0.187834 -0.024862 0.075971 0.326290 0.232262 0.200722 -0.022854 -0.193294 -0.154404 -0.071739 -0.112899 -0.399254 -0.307205 -0.061316 -0.023164 -0.148021 -0.095086 -0.160740 -0.206720 -0.176099 -0.221508 0.187018 0.240071 -0.050126 0.142788 0.271514 0.285663 0.153400 0.116964 0.134270 0.162331 0.135259 0.184599 -0.215888 -0.011709 -0.076621 -0.031493 -0.037161 -0.150325 0.052684 -0.146605 -0.270309 -0.354693 0.108787 -0.017486 0.010667 0.158193 -0.240863 0.014120 0.013287 0.206129 -0.322977 -0.248034 -0.181325 0.077215 -0.089467 -0.080779 -0.295075 -0.183883 -0.308930 -0.236385 0.005818 -0.078149 -0.081916 0.097263 -0.274626 -0.216425 -0.264708 -0.096840 0.212276 0.239158 0.170904 0.228642 0.040692 0.077847 0.091591 0.087540 0.144259 0.190054 0.044725 0.048037 0.049415 -0.003249 0.160358 0.112896 -0.056460 0.058843 0.085284 0.176673 0.147013 0.120180 0.295904 0.222267 0.180725 -0.050159
0.128096 0.070417 0.005484 0.038930 0.071123 1.000000 0.081760 0.520756 0.157161 0.406428 0.263980 -0.152240 0.348500 -0.011448 0.252632 0.060479 0.083865 -0.117119 -0.351285 -0.143735 0.312407 0.393380 0.046315 -0.069247 -0.294922 -0.120690 0.289366 0.413828 -0.201351 -0.109977 -0.257121 -0.300134 0.016072 -0.064069 -0.188133 -0.113043 -0.070824 -0.301555 -0.008679 0.046107 -0.338249 -0.134362 -0.182058 -0.191111 0.009420 0.101892 -0.168681 -0.127872 0.109370 0.069943 -0.047765 0.021706 0.046668 -0.193817 -0.007755 -0.238191 0.010114 0.107444 0.416571 0.295153 0.282023 0.470067 0.004727 0.060588 -0.056657 0.467731 0.178243 0.101886 -0.143588 0.049364 -0.078169 -0.077867 -0.218411 -0.320978 -0.277150 -0.319580 -0.310871 -0.247713 -0.244402 -0.048613 -0.201912 -0.295419 0.044168 -0.253266 -0.152270 -0.246244 -0.059638 -0.159610 0.152198 0.186562 0.009030 -0.099900 0.012319 0.036331 -0.094231 -0.057963 0.036575 -0.234636 -0.161722 -0.145826 0.033059 0.073707 0.080253 -0.064240 0.030354 0.073855 0.072133 0.054448 0.069035 -0.037482 -0.099025 -0.275330 0.027436 -0.150695 0.037847 -0.093791
0.459730 0.038490 0.752061 0.181484 0.100130 0.081760 1.000000 0.204049 0.170490 0.386072 0.208997 0.100586 0.326989 0.296735 -0.138559 0.115460 -0.229157 -0.062963 0.467233 0.114175 -0.052502 -0.147589 0.414681 -0.061145 0.182564 0.084218 -0.237145 -0.142880 -0.043447 0.099401 0.361273 0.195208 0.337805 0.077961 -0.298069 0.053775 -0.208047 -0.350393 -0.132920 -0.261393 -0.007288 0.055725 -0.005128 0.219014 0.148888 0.177192 -0.014464 -0.205046 -0.085703 0.033022 0.048493 -0.145590 -0.017185 -0.129633 -0.234491 -0.016044 0.183096 0.022193 0.012196 -0.119357 0.464654 0.043348 -0.047200 -0.141977 0.239753 0.186186 0.045588 0.124402 0.115153 0.012439 0.046545 -0.174709 0.036974 0.226127 0.167890 0.296813 0.157234 -0.030823 -0.110735 0.063802 -0.275033 -0.102771 -0.236916 -0.064144 -0.118974 0.236319 -0.114008 -0.324640 0.018802 0.268350 -0.280200 -0.145534 -0.279903 -0.085587 -0.356185 0.146739 -0.103877 0.046209 -0.273425 -0.246398 -0.328597 0.100213 -0.203051 -0.111663 -0.286250 -0.339743 -0.194301 -0.180773 -0.064642 -0.168182 -0.356834 -0.353232 -0.120917 -0.032949 -0.271796 -0.082647
0.036161 -0.031405 0.146343 0.592871 0.012851 0.520756 0.204049 1.000000 0.063843 0.500862 0.322697 0.259031 0.312010 0.399583 0.114112 0.253572 0.040498 -0.052849 -0.214720 -0.312936 -0.022204 0.081042 0.172576 -0.030564 -0.177393 -0.016200 -0.037606 0.128053 -0.113183 0.251300 0.113525 0.140941 0.155649 0.010248 -0.289334 -0.178459 0.159306 -0.117408 0.167593 -0.034699 -0.354873 0.134200 -0.080675 -0.105076 -0.055745 0.003934 0.035072 -0.292619 0.174651 0.155086 0.066775 0.087078 0.122761 0.065809 0.023627 0.086508 -0.179866 -0.130563 0.041417 0.024984 0.182893 0.435514 0.075689 0.166203 0.066622 0.568674 -0.152749 -0.090586 -0.218812 -0.306197 -0.102329 -0.118292 0.114862 0.130453 0.111151 0.114828 0.058451 0.030566 -0.274923 -0.137255 -0.288513 -0.374225 0.062576 -0.113178 -0.100536 -0.035950 -0.138271 -0.017991 0.146153 0.267671 -0.223907 -0.270829 -0.252445 -0.185329 -0.393021 0.100203 -0.005396 -0.227914 -0.147356 -0.264802 -0.094331 -0.224352 -0.258652 -0.322064 -0.147127 -0.251457 -0.042387 -0.191669 -0.093318 -0.107229 -0.307923 -0.309332 -0.007855 -0.211498 -0.164983 -0.181933
0.140137 0.243850 0.148529 -0.110118 0.465777 0.157161 0.170490 0.063843 1.000000 0.473282 0.107792 0.011013 0.251251 0.139826 0.432267 0.042575 -0.277863 -0.256728 -0.092918 0.262964 0.070852 -0.000665 -0.166066 -0.076542 0.212873 -0.007286 0.093520 -0.082706 -0.318404 -0.133423 -0.349843 -0.428930 -0.256417 -0.235129 -0.082301 -0.121772 -0.246869 -0.352100 -0.295785 -0.225730 -0.173994 -0.262451 0.105252 0.124555 0.014788 0.097872 0.105641 0.145126 0.375069 0.208795 0.186125 0.402682 0.190910 0.278104 -0.250165 -0.002567 0.021281 0.027907 0.328146 0.060865 0.282443 0.276967 -0.269641 -0.093802 -0.042522 0.228451 0.004563 0.078618 0.079522 0.337730 -0.073723 -0.016690 -0.363612 -0.295012 -0.289039 -0.060862 -0.233871 -0.234985 -0.385853 -0.095574 -0.300989 -0.150252 0.005852 -0.115136 -0.244274 -0.097912 -0.287714 -0.262796 -0.014682 -0.049250 0.185890 0.105728 0.136884 0.141466 -0.084576 -0.108226 -0.147322 -0.073869 0.086493 0.110794 0.009101 0.102262 0.069014 0.063296 0.124645 0.079118 -0.002500 -0.023893 0.233227 -0.146911 -0.014551 -0.044035 0.299869 0.142253 0.144737 -0.309240
0.283426 0.210265 0.199124 0.251021 0.156063 0.406428 0.386072 0.500862 0.473282 1.000000 0.369772 0.238559 0.564723 0.420661 0.133340 0.398253 -0.279227 -0.114765 -0.118110 0.022508 0.013370 0.046127 0.009525 0.011099 0.098479 0.038980 -0.098805 0.007891 -0.247375 -0.008716 -0.133694 -0.237598 0.022919 -0.187632 -0.312991 -0.287027 -0.135653 -0.323184 -0.328759 -0.278245 -0.369832 0.036836 -0.057273 0.023526 -0.012407 0.110313 -0.069222 -0.058515 0.261763 0.200670 0.120568 0.251261 0.218711 0.165176 -0.386321 -0.079310 0.129725 0.011055 0.284389 0.072519 0.454829 0.399310 -0.009753 0.064856 -0.076437 0.504739 -0.137615 0.064813 -0.088710 0.126951 0.081908 -0.185858 -0.182072 -0.153589 -0.130578 0.037622 -0.200740 -0.278214 -0.316540 -0.157580 -0.290340 -0.302777 -0.276183 -0.131425 -0.339972 -0.105374 -0.358980 -0.358312 -0.059049 0.091882 0.043999 -0.063907 0.011770 0.007609 -0.266787 -0.049358 -0.202118 -0.071272 -0.016746 -0.002209 -0.158638 -0.003004 -0.094236 -0.110669 -0.004353 -0.086444 0.044105 0.044264 -0.058584 -0.042914 -0.122456 -0.243535 0.109464 0.021747 0.010012 -0.172886
0.492678 0.292846 0.127146 0.180610 -0.011247 0.263980 0.208997 0.322697 0.107792 0.369772 1.000000 0.456586 0.679648 0.404002 0.380991 0.139401 0.216920 0.120209 -0.071237 -0.126715 0.296336 0.046722 0.376587 -0.209029 0.022527 0.158410 0.085297 0.017234 0.312152 0.203430 0.283575 0.167270 0.288940 0.075329 -0.028156 -0.172601 -0.246899 -0.335791 -0.255917 -0.453644 -0.304178 -0.129636 0.152323 0.131446 -0.058745 -0.091569 0.089696 -0.359329 0.068737 -0.011418 0.276174 0.226831 0.317525 0.171146 0.015613 -0.029682 0.125091 0.047718 0.183926 -0.028660 0.473560 0.387313 0.252417 0.279220 0.154889 0.463991 -0.008174 -0.204626 0.041804 -0.255650 -0.095549 -0.262912 0.156179 0.061326 0.092739 0.071543 0.148368 -0.063532 -0.060871 0.311707 -0.055122 0.062677 -0.069454 -0.206474 0.226414 0.251196 -0.045282 0.184103 -0.034036 0.300226 -0.399944 -0.424550 -0.472714 -0.433588 -0.306216 -0.097131 0.065445 -0.031147 -0.374948 -0.356736 -0.306063 -0.411891 -0.454911 -0.481461 -0.439755 -0.476187 -0.355043 -0.337794 0.017793 -0.360849 -0.389454 -0.316720 -0.328212 -0.277578 -0.385610 -0.348265
0.194479 0.032093 -0.111305 0.180652 -0.209154 -0.152240 0.100586 0.259031 0.011013 0.238559 0.456586 1.000000 0.414571 0.834347 -0.089137 0.631102 0.280803 0.503433 -0.133606 -0.404761 -0.373996 -0.296823 0.310837 -0.309848 -0.111989 0.013603 -0.402234 -0.420627 0.474089 0.614426 0.440198 0.320197 0.359256 0.072442 0.114549 -0.249508 0.143320 0.076681 0.009929 -0.091491 -0.070315 0.266845 0.104693 0.111705 -0.054611 -0.190202 0.207730 -0.304027 0.067496 0.003463 0.383837 0.195998 0.252594 0.315918 0.191505 0.273456 0.011197 -0.082658 -0.323006 -0.351530 0.258815 0.374007 0.349852 0.449917 0.197063 0.301821 -0.385678 -0.589753 -0.040908 -0.517139 -0.211986 -0.210004 0.536479 0.404296 0.498873 0.296928 0.433650 0.245151 0.307839 0.345937 0.315934 0.292143 -0.317001 -0.121238 0.253500 0.236261 -0.034459 0.082831 0.066848 0.187498 -0.538236 -0.525539 -0.443101 -0.605054 -0.337502 0.002878 -0.002320 -0.077145 -0.340788 -0.312918 -0.422675 -0.582539 -0.602508 -0.509345 -0.539865 -0.603484 -0.402628 -0.504470 -0.315194 -0.176163 -0.260626 -0.124569 -0.231928 -0.397173 -0.487182 -0.221045
0.338157 0.127379 0.241702 -0.003884 0.038806 0.348500 0.326989 0.312010 0.251251 0.564723 0.679648 0.414571 1.000000 0.565679 0.128321 0.296468 -0.074176 0.076465 -0.144785 -0.122271 0.025293 0.040006 0.058932 -0.393033 0.017076 0.129056 -0.141992 -0.055324 0.147772 0.250961 0.102826 -0.015476 0.156686 0.009816 -0.129527 -0.185511 -0.170334 -0.254250 -0.195306 -0.321261 -0.233117 -0.110453 0.027511 0.074417 -0.148061 -0.166864 -0.094300 -0.291227 -0.061647 -0.113943 0.201388 0.105627 0.338381 0.018056 -0.125156 -0.111136 -0.081699 -0.117825 0.292383 0.056266 0.647250 0.545429 0.381532 0.359732 -0.073676 0.489921 0.060648 -0.181428 -0.056605 -0.215386 0.039912 -0.102818 0.195355 0.049049 0.104344 0.204029 0.133445 -0.077467 -0.136268 0.198686 -0.109133 -0.061833 -0.531027 -0.233366 -0.084533 -0.015671 -0.272379 -0.192057 -0.109931 0.191424 -0.230715 -0.190890 -0.243869 -0.291071 -0.309703 0.015823 -0.055170 -0.088124 -0.372529 -0.294879 -0.237859 -0.294654 -0.273598 -0.384595 -0.266397 -0.299867 -0.217914 -0.172004 0.088911 -0.228146 -0.310742 -0.288396 -0.204408 -0.201538 -0.158274 -0.242458
0.200357 0.037702 0.085437 0.185408 -0.243708 -0.011448 0.296735 0.399583 0.139826 0.420661 0.404002 0.834347 0.565679 1.000000 -0.071320 0.724775 0.157494 0.452815 -0.160450 -0.374022 -0.442485 -0.295367 0.234317 -0.388148 0.001494 0.060576 -0.502943 -0.376871 0.329568 0.601823 0.393811 0.226227 0.377197 0.062744 -0.034650 -0.210149 0.106364 -0.043521 -0.022158 -0.117605 -0.045922 0.264107 0.006097 0.077282 -0.032860 -0.128357 0.167201 -0.376979 0.102856 0.077244 0.321930 0.199614 0.292206 0.237936 0.092834 0.258082 -0.001363 0.005624 -0.133109 -0.189893 0.406074 0.498833 0.270524 0.391538 0.116768 0.456121 -0.303097 -0.494055 0.088960 -0.372376 -0.130960 -0.211299 0.493055 0.454063 0.461778 0.313162 0.419082 0.195069 0.190584 0.341284 0.106017 0.138892 -0.369979 -0.189509 0.067456 0.119437 -0.222375 -0.053010 0.147025 0.263331 -0.561751 -0.535090 -0.468058 -0.589476 -0.404273 -0.007747 -0.068428 -0.107123 -0.366145 -0.406400 -0.497890 -0.537239 -0.576566 -0.545811 -0.500516 -0.580551 -0.383604 -0.439005 -0.289212 -0.241807 -0.413596 -0.297642 -0.216687 -0.371999 -0.480860 -0.223655
0.172383 0.419246 -0.062907 0.062766 0.275153 0.252632 -0.138559 0.114112 0.432267 0.133340 0.380991 -0.089137 0.128321 -0.071320 1.000000 -0.103653 0.163134 -0.135716 -0.280146 0.118037 0.392878 0.242898 0.103490 0.062093 0.050777 0.034191 0.392122 0.176522 0.045264 -0.119724 -0.218096 -0.213555 -0.135303 -0.048001 -0.034067 -0.157825 -0.166197 -0.377698 -0.142583 -0.148574 -0.020370 -0.222478 0.057655 0.004101 0.040554 0.054685 0.167278 0.013138 0.319038 0.176079 0.131059 0.357779 0.132434 0.281264 0.058932 0.064904 0.179332 0.308840 0.183468 0.019894 0.071660 0.087863 -0.275258 -0.117930 0.076474 0.150024 -0.049002 -0.010362 0.168484 0.168465 -0.350443 -0.286483 -0.295418 -0.281252 -0.246251 -0.257499 -0.179859 -0.245640 -0.123295 0.117602 -0.179729 -0.020822 0.553765 -0.031664 0.084603 0.002220 0.076983 0.213705 0.332135 0.179814 -0.064961 -0.167611 -0.134502 -0.108503 0.126303 -0.058396 0.159170 -0.096330 -0.074071 -0.056473 0.007484 -0.040356 -0.115569 -0.072336 -0.080982 -0.120602 -0.045069 -0.148080 0.140092 -0.274627 -0.075642 -0.166908 -0.028116 -0.076580 -0.087650 -0.000872
0.069630 -0.028193 -0.198923 0.145539 -0.338400 0.060479 0.115460 0.253572 0.042575 0.398253 0.139401 0.631102 0.296468 0.724775 -0.103653 1.000000 0.166877 0.527473 -0.179507 -0.282075 -0.453654 -0.218398 0.130381 -0.191340 -0.081366 -0.053905 -0.439644 -0.351667 0.272074 0.499568 0.208721 0.104282 0.201370 -0.056906 0.053708 -0.177379 0.080755 -0.038959 -0.088169 0.031177 -0.010844 0.386214 -0.214934 -0.055953 0.143183 -0.006480 -0.010852 -0.243316 0.098647 0.143945 0.079909 0.133236 0.074959 0.231382 0.026336 0.176833 0.178198 0.139245 -0.213007 -0.150927 0.202198 0.378734 0.140916 0.319641 0.039904 0.277747 -0.392662 -0.486324 0.051010 -0.094203 -0.144758 -0.201418 0.303036 0.280893 0.265176 0.109704 0.126553 0.005955 0.272424 0.205249 0.245971 0.291312 -0.253190 -0.023112 -0.116617 0.081695 -0.234755 -0.139209 0.183422 0.258093 -0.396386 -0.435199 -0.222164 -0.413405 -0.178898 0.014688 -0.148061 0.034729 -0.228611 -0.185201 -0.223090 -0.303358 -0.326322 -0.255282 -0.304239 -0.337372 -0.233251 -0.228104 -0.337870 -0.168621 -0.153080 -0.126391 -0.137726 -0.266812 -0.300583 0.010451
0.063029 0.170045 -0.423383 -0.119015 -0.246668 0.083865 -0.229157 0.040498 -0.277863 -0.279227 0.216920 0.280803 -0.074176 0.157494 0.163134 0.166877 1.000000 0.722441 -0.260615 -0.425249 -0.016483 -0.006164 0.085850 -0.404813 -0.446266 -0.331821 -0.116469 -0.101902 0.589512 0.504037 0.239699 0.107494 0.193405 -0.016690 0.059445 -0.273501 0.209068 0.056988 0.207531 0.104206 0.146387 0.060861 -0.051549 -0.123096 0.088596 0.013951 0.239341 -0.308301 -0.096577 0.066943 0.013954 -0.018726 -0.034013 0.151473 0.322446 0.182781 0.318939 0.423311 -0.211445 -0.116606 -0.059928 0.283219 0.235524 0.430142 0.055284 0.066258 -0.378774 -0.552497 -0.059453 -0.380483 -0.051937 0.059667 0.524290 0.258089 0.260914 -0.045624 0.242929 -0.006878 0.566188 0.519099 0.556237 0.502170 0.238984 -0.176793 0.303868 0.182989 0.270777 0.204350 0.195379 0.102426 -0.508514 -0.523045 -0.426637 -0.469222 -0.140473 -0.001841 0.022102 -0.090566 -0.240583 -0.171340 -0.068830 -0.315401 -0.342309 -0.323120 -0.409352 -0.357807 -0.215938 -0.394858 -0.213451 -0.039251 -0.350937 0.033534 -0.284302 -0.414420 -0.395907 -0.046363
0.093179 0.059397 -0.362399 -0.194469 -0.367210 -0.117119 -0.062963 -0.052849 -0.256728 -0.114765 0.120209 0.503433 0.076465 0.452815 -0.135716 0.527473 0.722441 1.000000 -0.256153 -0.464791 -0.304935 -0.203257 0.097471 -0.527036 -0.363258 -0.349645 -0.451898 -0.421330 0.592638 0.652462 0.309544 0.100170 0.221491 -0.073798 0.058440 -0.313407 0.195866 0.100255 0.136611 0.136323 0.125576 0.197451 -0.124861 -0.079938 0.091559 -0.059885 0.142465 -0.371441 -0.072215 0.157646 0.047395 0.061146 -0.081192 0.153287 0.193778 0.303681 0.308091 0.444711 -0.280079 -0.136150 0.048125 0.352276 0.381951 0.581598 0.010988 0.079721 -0.417212 -0.652987 -0.013840 -0.353068 -0.036528 -0.044546 0.638478 0.367038 0.356632 0.075373 0.285163 0.066134 0.675719 0.613608 0.592616 0.678093 -0.165190 -0.197183 0.149087 0.187006 0.034283 -0.063109 0.091774 0.184891 -0.549339 -0.514231 -0.425697 -0.499610 -0.184801 0.097804 -0.032167 -0.046729 -0.313704 -0.218263 -0.186114 -0.324785 -0.390198 -0.334449 -0.453304 -0.412901 -0.365110 -0.342723 -0.398891 -0.060881 -0.365048 -0.051012 -0.334171 -0.480857 -0.459673 -0.064953
0.309366 0.024503 0.553496 0.236959 0.023007 -0.351285 0.467233 -0.214720 -0.092918 -0.118110 -0.071237 -0.133606 -0.144785 -0.160450 -0.280146 -0.179507 -0.260615 -0.256153 1.000000 0.484840 0.099357 -0.164909 0.173266 0.123439 0.275393 0.161790 -0.029876 -0.065618 -0.021458 -0.098753 0.276366 0.328526 0.210703 0.268675 -0.031306 0.248136 -0.283805 -0.187324 -0.132348 -0.287086 0.168983 0.018333 -0.036500 0.125581 0.038673 -0.024267 -0.164473 -0.103138 -0.404033 -0.294488 -0.214403 -0.433382 -0.095073 -0.259021 -0.158102 -0.245975 0.174459 -0.090059 -0.206494 -0.043871 0.050157 -0.437609 0.033102 -0.153678 0.158486 -0.301454 0.201563 0.236473 0.238323 0.131040 0.087176 0.076067 -0.042734 0.146542 0.088201 0.298303 0.161458 0.189972 -0.044906 -0.020400 0.053557 0.149608 -0.030392 0.342877 0.048270 0.260766 0.063816 0.029473 -0.009438 0.032008 -0.016836 0.099236 -0.076439 0.028465 -0.155966 0.022886 -0.159728 0.235963 0.055845 -0.014047 -0.009215 0.231819 0.044060 0.204654 -0.066644 -0.111419 -0.020900 0.148170 -0.063784 0.026986 -0.098684 0.056924 -0.062775 0.176727 -0.066087 -0.010221
0.051943 0.242050 0.175545 0.046351 0.082423 -0.143735 0.114175 -0.312936 0.262964 0.022508 -0.126715 -0.404761 -0.122271 -0.374022 0.118037 -0.282075 -0.425249 -0.464791 0.484840 1.000000 0.238690 0.005247 -0.181025 0.468079 0.173685 -0.054183 0.216020 0.057153 -0.384138 -0.534086 -0.332165 -0.140590 -0.179263 0.281155 -0.098165 0.112418 -0.521717 -0.341113 -0.368335 -0.232982 -0.096714 -0.264880 -0.065409 0.076897 0.134892 0.125007 -0.268801 0.330964 -0.019700 -0.039979 -0.277839 -0.126995 -0.176549 -0.226812 -0.496525 -0.470406 0.107765 -0.100847 0.209532 0.168304 -0.095305 -0.295415 -0.226013 -0.219913 -0.180101 -0.432983 0.297089 0.477215 0.327852 0.641752 0.073754 0.028642 -0.497059 -0.348752 -0.392412 -0.129566 -0.429415 -0.226306 -0.248077 -0.283686 0.051186 -0.022047 0.139474 0.467594 -0.219603 -0.294549 0.005162 -0.036731 -0.156657 -0.311047 0.557311 0.475148 0.329344 0.420957 0.088179 -0.277039 -0.387961 0.012325 0.332005 0.244967 0.249705 0.499992 0.448867 0.492054 0.355361 0.422767 0.214394 0.440812 0.195474 0.135763 0.299230 0.080815 0.179905 0.359367 0.405321 0.056842
0.143610 0.301174 0.072485 -0.021090 0.161740 0.312407 -0.052502 -0.022204 0.070852 0.013370 0.296336 -0.373996 0.025293 -0.442485 0.392878 -0.453654 -0.016483 -0.304935 0.099357 0.238690 1.000000 0.529168 0.030793 0.077589 0.135179 0.200053 0.662052 0.556675 -0.152843 -0.382147 -0.060735 -0.012286 -0.041434 0.090274 -0.168246 -0.044433 -0.284600 -0.349176 -0.298299 -0.334137 -0.057112 -0.311828 0.127357 0.010589 -0.001909 0.030405 -0.008083 0.047612 -0.000893 -0.181616 -0.033307 -0.088753 0.131079 -0.155218 -0.015043 -0.325497 0.184362 0.112528 0.309077 0.365813 0.053672 -0.151053 0.010199 -0.159157 -0.065894 -0.012979 0.339813 0.365083 0.032739 0.196147 0.037697 -0.022540 -0.377069 -0.392244 -0.340083 -0.288050 -0.334985 -0.260592 -0.104285 0.056103 -0.112010 -0.050633 0.291071 0.108465 0.078302 -0.006382 0.161020 0.236588 -0.056123 -0.010049 0.187879 0.105813 -0.005063 0.109536 0.090947 -0.094127 0.182342 -0.026010 0.169914 0.102815 0.079368 0.108801 0.246607 0.195958 0.133022 0.150196 0.141069 0.307749 0.146465 -0.058620 0.015634 0.052239 -0.117106 0.038063 0.062607 -0.144007
-0.019137 0.088349 -0.085343 0.024394 0.187834 0.393380 -0.147589 0.081042 -0.000665 0.046127 0.046722 -0.296823 0.040006 -0.295367 0.242898 -0.218398 -0.006164 -0.203257 -0.164909 0.005247 0.529168 1.000000 -0.138842 0.005909 0.038385 0.139884 0.570329 0.568331 -0.180492 -0.272585 -0.174375 -0.115239 -0.314588 -0.056111 -0.308092 -0.097996 -0.127842 -0.136990 -0.076032 0.030802 -0.123115 -0.061605 -0.141729 -0.201598 -0.094803 -0.070238 -0.144810 0.004433 -0.077365 -0.266960 -0.136311 -0.177722 0.079169 -0.277878 0.061481 -0.290789 0.040988 0.095234 0.272236 0.356037 0.186364 -0.065266 0.015425 -0.111529 -0.086415 0.017725 0.233917 0.179791 -0.140975 0.098893 -0.021878 0.030136 -0.325721 -0.437976 -0.374301 -0.281065 -0.325706 -0.221471 -0.035863 -0.022391 -0.065474 -0.099203 0.171778 0.201445 -0.157040 -0.158829 -0.026859 -0.013180 0.044087 0.045715 0.285599 0.191567 0.266882 0.244342 0.343183 0.026067 0.280464 -0.013318 0.126321 0.107493 0.242657 0.171105 0.302480 0.220868 0.264372 0.199204 0.196922 0.426301 0.004130 0.155581 -0.005013 -0.016452 0.141376 0.007573 0.184994 -0.001116
0.348371 0.044076 0.332587 0.290780 -0.024862 0.046315 0.414681 0.172576 -0.166066 0.009525 0.376587 0.310837 0.058932 0.234317 0.103490 0.130381 0.085850 0.097471 0.173266 -0.181025 0.030793 -0.138842 1.000000 0.128339 0.123677 0.147870 0.005855 -0.105324 0.362620 0.234244 0.627330 0.548106 0.476852 0.335337 0.286504 0.185426 0.092877 -0.051585 0.097318 -0.020547 -0.023016 0.127368 -0.030044 0.076981 0.043455 -0.031241 0.109749 -0.359274 -0.064123 -0.047179 0.210744 -0.059152 -0.064566 -0.007263 0.126462 0.094311 0.170903 0.154213 -0.277205 -0.401899 0.110164 -0.012594 -0.111941 -0.104351 0.557593 0.207043 -0.075473 -0.067481 0.107146 -0.288989 -0.218078 -0.333485 0.150337 0.278325 0.321342 0.056816 0.342422 0.229938 0.114537 0.245004 -0.069624 0.023539 0.129890 -0.221728 0.418635 0.448780 0.170737 0.073341 0.283848 0.432463 -0.588739 -0.514487 -0.539861 -0.459973 -0.275295 0.035707 0.060869 -0.107558 -0.513240 -0.524369 -0.431546 -0.284617 -0.510535 -0.463071 -0.606346 -0.588269 -0.478090 -0.523413 -0.265197 -0.389223 -0.332266 -0.403647 -0.438804 -0.310581 -0.526018 -0.111812
-0.275506 -0.155284 0.018652 0.338432 0.075971 -0.069247 -0.061145 -0.030564 -0.076542 0.011099 -0.209029 -0.309848 -0.393033 -0.388148 0.062093 -0.191340 -0.404813 -0.527036 0.123439 0.468079 0.077589 0.005909 0.128339 1.000000 0.181006 0.061176 0.266572 0.155080 -0.339888 -0.440099 -0.108046 0.176480 -0.188755 0.224415 0.028303 0.285750 -0.124803 -0.016701 -0.120152 0.023095 -0.161836 -0.043023 0.014545 0.054353 0.124021 0.207794 -0.097515 0.461090 0.151182 0.055702 -0.147547 -0.065705 -0.294424 -0.071320 -0.261304 -0.258254 -0.155250 -0.284821 -0.184150 -0.183710 -0.387147 -0.524860 -0.445199 -0.561537 0.172197 -0.361011 0.106821 0.529366 -0.064824 0.294017 -0.017288 -0.168420 -0.464679 -0.229982 -0.228108 -0.220340 -0.327742 -0.164159 -0.293524 -0.528599 -0.182479 -0.348922 0.329500 0.257845 0.013581 -0.079545 -0.029319 0.146707 -0.090880 -0.224293 0.491507 0.451358 0.404385 0.436851 0.131343 -0.100147 -0.147551 -0.042115 0.395045 0.284818 0.184597 0.345844 0.286903 0.344061 0.304107 0.347834 0.209775 0.252571 0.131230 0.182188 0.494772 0.095275 0.187564 0.369062 0.326814 0.240495
0.053733 -0.147140 0.406725 0.148857 0.326290 -0.294922 0.182564 -0.177393 0.212873 0.098479 0.022527 -0.111989 0.017076 0.001494 0.050777 -0.081366 -0.446266 -0.363258 0.275393 0.173685 0.135179 0.038385 0.123677 0.181006 1.000000 0.757225 0.128370 0.013795 -0.023209 -0.182829 0.310535 0.222477 -0.101799 -0.043100 0.001806 0.095140 -0.242238 -0.126261 -0.341284 -0.364299 0.250623 -0.189460 0.158592 0.138355 -0.131346 -0.120231 0.070500 0.202828 0.004916 -0.140430 0.088901 -0.005852 0.203813 0.033633 -0.177950 -0.086367 0.059372 -0.102414 -0.094712 0.007639 0.036990 -0.347793 -0.313583 -0.471136 0.139141 -0.011003 0.114591 0.242107 0.055346 0.127563 0.154080 0.041429 -0.185790 -0.018266 0.009828 0.092326 0.087866 0.098658 -0.098805 -0.050064 -0.299393 -0.116653 -0.051668 -0.000547 -0.006967 0.201513 -0.298361 0.150377 -0.016301 0.034697 0.089344 0.183318 0.009874 0.100872 0.252215 0.110365 0.111404 0.429844 0.157963 0.146422 -0.064395 0.086218 0.030496 0.066259 0.097990 0.006117 -0.052885 0.113850 0.053211 -0.086278 0.114439 0.049359 0.116118 0.124515 0.012504 -0.025201
0.124496 -0.056625 0.277366 0.220078 0.232262 -0.120690 0.084218 -0.016200 -0.007286 0.038980 0.158410 0.013603 0.129056 0.060576 0.034191 -0.053905 -0.331821 -0.349645 0.161790 -0.054183 0.200053 0.139884 0.147870 0.061176 0.757225 1.000000 0.264368 0.266239 0.088746 -0.099702 0.368830 0.306858 0.101486 0.103414 0.153442 0.244758 -0.175862 -0.130800 -0.296615 -0.395238 0.140680 -0.185813 0.316713 0.206455 -0.136822 -0.154874 0.201420 0.116552 -0.073855 -0.278791 0.223119 -0.029142 0.383438 0.058810 -0.044997 -0.109394 -0.049545 -0.195877 -0.108433 0.003180 0.158648 -0.167081 -0.032247 -0.289069 0.205424 0.157419 0.239715 0.199032 0.063807 -0.072205 -0.040692 -0.100329 -0.111085 0.000250 0.044890 0.038753 0.163009 0.202993 -0.083602 -0.049665 -0.245797 -0.179443 -0.074212 -0.035100 0.267930 0.292897 -0.114790 0.306944 -0.054823 0.103274 -0.087195 0.016064 -0.179754 -0.126028 0.253674 0.022958 0.259414 0.372914 -0.089653 -0.072183 -0.150397 -0.191594 -0.093822 -0.178742 -0.113638 -0.207488 -0.224307 -0.005467 -0.030492 -0.250205 0.030260 -0.000330 -0.030264 -0.019278 -0.203973 0.103058
0.092010 0.158313 0.017443 0.110900 0.200722 0.289366 -0.237145 -0.037606 0.093520 -0.098805 0.085297 -0.402234 -0.141992 -0.502943 0.392122 -0.439644 -0.116469 -0.451898 -0.029876 0.216020 0.662052 0.570329 0.005855 0.266572 0.128370 0.264368 1.000000 0.819388 -0.325687 -0.512514 -0.288720 -0.157511 -0.126353 0.054829 -0.090732 0.107206 -0.140432 -0.097512 0.016719 0.005917 -0.037601 -0.165885 0.041441 -0.116021 -0.069040 -0.097368 -0.126542 0.103148 0.089883 -0.173838 0.000163 -0.010011 0.076899 -0.216955 0.099257 -0.216698 0.056135 -0.065429 0.193075 0.273473 0.005484 -0.176861 -0.066374 -0.206851 0.065154 0.018564 0.264367 0.383855 -0.092324 0.153317 -0.185744 -0.091262 -0.510272 -0.448488 -0.404131 -0.392902 -0.323445 -0.151378 -0.241280 -0.252591 -0.179768 -0.202592 0.308264 0.145401 0.168993 -0.009165 0.279168 0.230650 0.103709 0.071832 0.289709 0.172184 0.161602 0.202037 0.350264 -0.024438 0.224384 -0.070065 0.093719 0.068598 0.178637 0.126527 0.124580 0.074266 0.166714 0.228130 0.129899 0.295138 0.075620 -0.020461 0.088786 -0.019134 0.040502 0.021123 0.149718 -0.134398
0.080470 0.107644 0.073285 0.131379 -0.022854 0.413828 -0.142880 0.128053 -0.082706 0.007891 0.017234 -0.420627 -0.055324 -0.376871 0.176522 -0.351667 -0.101902 -0.421330 -0.065618 0.057153 0.556675 0.568331 -0.105324 0.155080 0.013795 0.266239 0.819388 1.000000 -0.343991 -0.471138 -0.263754 -0.153340 -0.009211 0.049238 -0.174922 0.118875 -0.035713 -0.086991 0.081485 -0.006967 0.015210 -0.093810 -0.014350 -0.197612 -0.040571 -0.063753 -0.237601 0.018067 0.003758 -0.219383 -0.106717 -0.096856 0.138317 -0.243147 0.177083 -0.285316 0.041042 -0.077600 0.261877 0.396082 0.098875 -0.044226 0.052824 -0.105421 -0.064529 0.173003 0.294163 0.397801 -0.133202 0.104588 -0.081147 -0.044548 -0.414090 -0.378034 -0.402930 -0.346235 -0.343184 -0.203949 -0.281412 -0.300009 -0.256857 -0.351659 0.176601 0.126609 0.007961 -0.143506 0.225191 0.181432 0.141395 0.090854 0.252759 0.156367 0.165250 0.169898 0.252753 -0.096579 0.196689 -0.187277 0.082088 0.031419 0.172796 0.081293 0.183907 0.047472 0.225102 0.256385 0.315179 0.350166 0.077413 -0.014183 -0.008505 -0.080735 0.046853 -0.026390 0.187330 -0.104606
0.176529 -0.007300 -0.094828 -0.048326 -0.193294 -0.201351 -0.043447 -0.113183 -0.318404 -0.247375 0.312152 0.474089 0.147772 0.329568 0.045264 0.272074 0.589512 0.592638 -0.021458 -0.384138 -0.152843 -0.180492 0.362620 -0.339888 -0.023209 0.088746 -0.325687 -0.343991 1.000000 0.699714 0.610898 0.474760 0.263975 0.195131 0.270859 -0.132857 0.305469 0.224378 0.139320 -0.037433 0.399713 0.072810 -0.055538 -0.156358 -0.248002 -0.368068 0.101471 -0.388178 -0.459755 -0.367247 0.002822 -0.224005 0.137139 0.211064 0.307797 0.038382 0.148478 0.171948 -0.389976 -0.373862 0.092067 0.141526 0.277740 0.339629 0.285944 0.040501 -0.302273 -0.603671 0.008241 -0.493663 0.024192 -0.041541 0.730335 0.449058 0.511753 0.265951 0.550234 0.331448 0.621916 0.575283 0.523486 0.559328 0.026111 -0.134191 0.449062 0.446184 0.143825 0.315799 0.225051 0.328785 -0.623255 -0.499989 -0.487738 -0.538404 -0.040449 0.137620 0.011175 0.141832 -0.467601 -0.260840 -0.172997 -0.438392 -0.414576 -0.384717 -0.621621 -0.586999 -0.454103 -0.567694 -0.210938 -0.248924 -0.232953 -0.001574 -0.412351 -0.345412 -0.492488 0.123496
0.015628 -0.222140 -0.042873 0.098816 -0.154404 -0.109977 0.099401 0.251300 -0.133423 -0.008716 0.203430 0.614426 0.250961 0.601823 -0.119724 0.499568 0.504037 0.652462 -0.098753 -0.534086 -0.382147 -0.272585 0.234244 -0.440099 -0.182829 -0.099702 -0.512514 -0.471138 0.699714 1.000000 0.554572 0.414826 0.199425 0.000768 0.098528 -0.149325 0.480628 0.301430 0.253329 0.057052 0.129682 0.289716 -0.049750 -0.074407 -0.248297 -0.287291 0.181566 -0.455060 -0.340862 -0.197183 0.013204 -0.170449 0.063423 0.200371 0.234727 0.261377 -0.133627 -0.014360 -0.459881 -0.378378 0.036704 0.287016 0.403642 0.428192 0.142848 0.151319 -0.407879 -0.658041 -0.079440 -0.600849 0.051930 0.032067 0.843765 0.723487 0.710248 0.553514 0.654645 0.436290 0.425816 0.486311 0.379002 0.435762 -0.201635 -0.270400 0.268632 0.403279 0.016127 0.041218 0.090874 0.361474 -0.648751 -0.470567 -0.466523 -0.508669 -0.318098 0.336950 -0.005401 0.123566 -0.338602 -0.217412 -0.184867 -0.478155 -0.514576 -0.413868 -0.571508 -0.618424 -0.465198 -0.509202 -0.301510 -0.091347 -0.349530 0.047434 -0.219503 -0.272234 -0.481646 -0.013028
0.179639 -0.169058 0.264597 0.329842 -0.071739 -0.257121 0.361273 0.113525 -0.349843 -0.133694 0.283575 0.440198 0.102826 0.393811 -0.218096 0.208721 0.239699 0.309544 0.276366 -0.332165 -0.060735 -0.174375 0.627330 -0.108046 0.310535 0.368830 -0.288720 -0.263754 0.610898 0.554572 1.000000 0.840748 0.451984 0.311939 0.152885 0.057117 0.116824 0.081265 0.035513 -0.224030 0.181209 0.066432 0.064711 0.111150 -0.085448 -0.159747 0.223985 -0.355495 -0.313441 -0.254093 0.100294 -0.237707 0.099508 0.050571 0.161495 0.063456 0.113684 0.011726 -0.490996 -0.335959 0.025561 -0.103235 0.152584 -0.026019 0.368261 0.017231 -0.121944 -0.271709 0.049469 -0.516673 0.072923 -0.062714 0.562539 0.547920 0.593037 0.325676 0.565491 0.393236 0.410035 0.397442 0.169681 0.257964 -0.121601 -0.117280 0.375839 0.537040 -0.040444 0.231827 -0.011637 0.296315 -0.604696 -0.428320 -0.558911 -0.487986 -0.247100 0.147239 0.101110 0.128653 -0.339441 -0.368365 -0.332502 -0.423305 -0.454426 -0.406359 -0.536612 -0.622058 -0.522940 -0.470750 -0.289200 -0.219261 -0.382588 -0.107650 -0.416065 -0.265878 -0.542606 -0.001486
-0.045986 -0.280979 0.213750 0.513589 -0.112899 -0.300134 0.195208 0.140941 -0.428930 -0.237598 0.167270 0.320197 -0.015476 0.226227 -0.213555 0.104282 0.107494 0.100170 0.328526 -0.140590 -0.012286 -0.115239 0.548106 0.176480 0.222477 0.306858 -0.157511 -0.153340 0.474760 0.414826 0.840748 1.000000 0.354700 0.511820 0.229841 0.201253 0.137349 0.116764 0.094847 -0.173875 0.093494 0.014162 0.069080 0.097642 -0.023384 -0.165147 0.116063 -0.234366 -0.338390 -0.329944 0.017632 -0.326527 0.051532 0.033552 0.097175 -0.111815 -0.078873 -0.182629 -0.564636 -0.386876 -0.130740 -0.236473 0.160701 -0.018413 0.387634 -0.140629 -0.086613 -0.158821 -0.000093 -0.502473 -0.000199 -0.035999 0.403203 0.447132 0.489057 0.316900 0.496601 0.349063 0.320517 0.192607 0.195928 0.196368 -0.001791 0.088333 0.413620 0.465128 0.013468 0.287462 -0.046239 0.150308 -0.414510 -0.241648 -0.393249 -0.372220 -0.254893 0.090132 -0.005812 -0.001656 -0.178100 -0.334143 -0.185177 -0.324656 -0.346887 -0.306273 -0.419050 -0.476936 -0.389384 -0.373887 -0.092812 -0.154091 -0.227872 -0.041190 -0.427545 -0.117128 -0.379621 0.010429
0.469636 0.277612 0.190681 0.198009 -0.399254 0.016072 0.337805 0.155649 -0.256417 0.022919 0.288940 0.359256 0.156686 0.377197 -0.135303 0.201370 0.193405 0.221491 0.210703 -0.179263 -0.041434 -0.314588 0.476852 -0.188755 -0.101799 0.101486 -0.126353 -0.009211 0.263975 0.199425 0.451984 0.354700 1.000000 0.586384 0.289290 0.124182 0.074995 -0.127233 0.057890 -0.097634 0.112275 0.220502 -0.022836 0.015887 0.165853 -0.008108 0.029404 -0.526253 -0.045965 -0.041879 0.249468 -0.102226 0.073307 -0.118331 0.117668 0.076608 0.381750 0.254829 -0.032122 0.003142 0.343935 0.344299 0.176593 0.278281 0.451363 0.368669 0.096536 -0.080696 0.378644 -0.145829 -0.281336 -0.495533 0.278167 0.364308 0.467817 -0.058653 0.447909 0.196349 0.301513 0.312885 0.113700 0.122092 -0.143629 -0.258830 0.495157 0.149318 0.189773 0.156642 0.243188 0.309253 -0.649116 -0.639795 -0.638186 -0.662842 -0.393994 -0.250329 -0.002188 -0.214817 -0.614560 -0.636668 -0.541371 -0.441145 -0.564112 -0.538818 -0.676386 -0.643498 -0.459293 -0.508845 -0.254872 -0.543371 -0.618172 -0.559614 -0.651225 -0.495975 -0.639962 -0.094038
0.164702 0.255889 0.125846 0.286025 -0.307205 -0.064069 0.077961 0.010248 -0.235129 -0.187632 0.075329 0.072442 0.009816 0.062744 -0.048001 -0.056906 -0.016690 -0.073798 0.268675 0.281155 0.090274 -0.056111 0.335337 0.224415 -0.043100 0.103414 0.054829 0.049238 0.195131 0.000768 0.311939 0.511820 0.586384 1.000000 0.341248 0.398433 -0.018255 -0.093315 -0.013193 -0.087266 -0.003578 -0.017781 -0.190383 -0.102787 0.063516 -0.107535 -0.160666 -0.301558 -0.260996 -0.305360 -0.023966 -0.348245 -0.051018 -0.247191 -0.026533 -0.364137 0.132042 0.080179 -0.005126 -0.002437 0.106683 0.088907 0.099457 0.086931 0.339425 -0.028802 0.339918 0.184009 0.411232 0.033412 -0.276577 -0.364679 0.020111 0.065226 0.187712 -0.178244 0.241744 0.182233 0.265589 0.210705 0.242250 0.152809 0.069183 0.122760 0.444003 0.003591 0.138398 0.183883 0.164012 0.124361 -0.204409 -0.179054 -0.280616 -0.310843 -0.237490 -0.287779 -0.200148 -0.303528 -0.377488 -0.492965 -0.180850 -0.159598 -0.127114 -0.200751 -0.386758 -0.366647 -0.317525 -0.269860 0.022973 -0.366439 -0.320553 -0.441954 -0.568814 -0.231138 -0.353423 0.061950
-0.036173 -0.005787 -0.203684 -0.137841 -0.061316 -0.188133 -0.298069 -0.289334 -0.082301 -0.312991 -0.028156 0.114549 -0.129527 -0.034650 -0.034067 0.053708 0.059445 0.058440 -0.031306 -0.098165 -0.168246 -0.308092 0.286504 0.028303 0.001806 0.153442 -0.090732 -0.174922 0.270859 0.098528 0.152885 0.229841 0.289290 0.341248 1.000000 0.472103 0.156348 0.093209 -0.108196 -0.035550 -0.058760 0.004566 0.118021 0.126495 0.175345 0.023155 0.132143 -0.110084 -0.096360 -0.071341 0.241611 -0.030255 -0.043868 0.124394 0.057113 -0.025727 -0.034699 0.062976 -0.231962 -0.261114 -0.145475 0.078569 0.023304 0.114356 0.382070 0.010821 0.233322 0.004792 0.258224 -0.009162 -0.184764 -0.103628 0.040825 0.174668 0.260166 -0.129603 0.347003 0.365634 0.159678 0.105699 0.148148 0.181018 -0.006833 -0.280816 0.528514 0.227121 0.074432 0.065767 -0.002628 -0.011810 -0.314250 -0.253506 -0.239995 -0.358219 -0.106550 -0.190997 -0.039659 -0.058001 -0.383200 -0.365575 -0.190045 -0.285106 -0.250386 -0.247811 -0.326330 -0.270925 -0.339259 -0.429802 0.023933 -0.313591 -0.042301 -0.068024 -0.263805 -0.156009 -0.290974 -0.075072
-0.049704 -0.059825 0.253598 -0.014402 -0.023164 -0.113043 0.053775 -0.178459 -0.121772 -0.287027 -0.172601 -0.249508 -0.185511 -0.210149 -0.157825 -0.177379 -0.273501 -0.313407 0.248136 0.112418 -0.044433 -0.097996 0.185426 0.285750 0.095140 0.244758 0.107206 0.118875 -0.132857 -0.149325 0.057117 0.201253 0.124182 0.398433 0.472103 1.000000 -0.007844 0.025368 -0.080242 -0.036888 -0.079310 -0.051682 -0.128170 -0.021494 0.094273 0.047202 -0.196104 -0.046727 -0.269857 -0.253753 -0.127081 -0.266894 -0.090615 -0.140140 -0.037236 -0.286094 -0.190542 -0.089009 -0.040277 -0.103075 0.027232 -0.183676 -0.034221 -0.242483 0.334271 -0.045235 0.543185 0.520783 0.263130 0.219250 -0.220067 -0.188487 -0.271447 0.035853 -0.008886 -0.107549 0.161280 0.206060 -0.192647 -0.076480 -0.206378 -0.108129 0.067270 -0.120367 0.300199 0.223395 0.070442 -0.038834 0.041130 0.097052 -0.008504 0.148494 0.120817 0.068679 -0.008178 0.022096 -0.084760 0.074294 -0.238292 -0.222243 -0.007101 0.109741 0.057288 0.035599 -0.083012 -0.064336 -0.064734 -0.044945 0.240030 -0.116177 0.007578 -0.162846 -0.134940 0.045922 -0.108352 0.067181
