1.000000 0.369063 -0.518324 0.003267 -0.408932 -0.026900 -0.281575 -0.398518 -0.432526 -0.288971 0.289931 0.188722 0.012363 0.078291 0.094222 0.182152 0.258479 -0.021894 0.275380 0.507387 -0.199729 -0.089946 -0.073698 -0.082064 -0.080101 -0.098828 -0.013106 -0.094955 0.190953 0.090059 -0.381177 -0.346122 -0.194018 -0.175037 -0.137753 -0.188286 0.300490 0.164254 -0.019335 -0.118742 -0.007540 0.100498 -0.010267 -0.181373 0.366310 0.106631 0.164892 -0.166449 0.236404 0.386754 0.218559 0.152424 0.179879 0.148087 0.249881 0.016712 0.563008 0.203811 -0.179702 -0.136787 -0.187528 -0.123226 0.536761 -0.041493 -0.084798 -0.345615 -0.351385 -0.453011 0.277109 -0.099818 0.126396 0.065910 0.063843 0.235549 0.104845 0.073367 0.397313 0.167320 -0.116970 -0.143176 0.272505 0.128049 0.152007 0.253774 0.411653 0.261957 0.102385 0.043351 -0.149107 -0.042461 -0.013966 0.012450 -0.140747 -0.020180 -0.063226 -0.055827 -0.042590 -0.217523 0.325671 0.211055 0.019105 0.002176 0.026218 0.270832 -0.055134 -0.116692 0.104595 -0.075638 -0.150366 0.142443 -0.058995 0.450751 0.131256 0.127239 -0.060563 -0.074012
0.369063 1.000000 -0.401217 0.126658 -0.562447 -0.190715 -0.394614 -0.392158 -0.489983 -0.572870 0.060409 0.006965 -0.355837 -0.040024 -0.055443 0.002971 0.079910 0.296426 0.334222 0.382980 0.029466 0.024558 -0.116792 -0.008941 0.011787 -0.056772 -0.012043 0.068465 0.077379 0.085509 -0.199357 -0.288311 0.014694 -0.012522 -0.329662 -0.242874 0.294210 0.289114 0.145987 -0.056843 0.242672 0.147411 -0.109451 -0.241794 -0.125130 -0.256492 0.002901 -0.304543 -0.121398 -0.004905 0.003938 -0.055054 -0.008888 -0.081066 0.277355 0.179763 0.216941 0.529427 -0.302407 0.369160 -0.512364 -0.235386 0.449921 0.307251 -0.182183 -0.456511 -0.042586 -0.156695 0.317461 0.251198 0.251194 -0.068366 0.158261 0.170577 0.148111 0.049413 0.165984 0.253022 -0.032992 0.118810 0.104203 0.206250 0.432483 0.402992 0.389545 0.414480 0.220721 0.420941 -0.089142 0.242861 -0.012656 -0.183871 -0.048221 -0.063434 0.143170 -0.044072 0.105745 0.005897 0.263947 -0.084863 0.132200 -0.002915 0.320314 0.260706 0.061986 -0.020748 -0.050878 0.112029 -0.057195 0.176289 0.036237 0.270724 0.231501 0.089791 0.021175 0.178457
-0.518324 -0.401217 1.000000 -0.239660 0.533732 0.029735 0.718743 0.391462 0.653263 0.341452 0.016206 -0.074717 0.365240 -0.025532 0.094452 -0.306653 -0.333944 -0.229412 -0.045947 -0.423213 0.032570 -0.218780 0.022962 -0.232667 -0.265319 -0.236364 -0.092500 -0.044522 -0.234486 -0.149062 0.101090 0.026561 0.167537 0.038984 0.211288 0.001195 -0.326865 -0.381478 -0.212044 -0.255122 -0.252747 -0.273160 -0.018405 -0.009040 -0.124408 -0.026922 -0.261481 -0.017580 0.046516 -0.246592 -0.116104 -0.141928 -0.255574 -0.090835 -0.240062 -0.389701 -0.394355 -0.267526 0.479433 -0.056887 0.511321 0.234993 -0.354769 0.065556 0.384031 0.247413 0.345535 0.409735 -0.289018 0.045643 -0.229685 -0.000025 0.055069 -0.170637 -0.175535 -0.061291 -0.220799 -0.246509 -0.148526 -0.136740 -0.202213 -0.261227 -0.417429 -0.546466 -0.318096 -0.511229 -0.044430 -0.158284 0.109767 -0.234833 0.030263 0.222074 0.013057 0.347800 -0.080048 0.274740 -0.226428 -0.159665 -0.173768 -0.095207 -0.042885 0.148478 -0.154777 0.008855 0.150439 0.206038 -0.341309 0.069882 0.044954 0.055590 0.000217 -0.356168 -0.170827 -0.232588 -0.035354 -0.172071
0.003267 0.126658 -0.239660 1.000000 -0.239786 0.233310 -0.426236 0.049441 -0.242836 0.110968 -0.225954 0.029775 -0.333194 -0.080759 0.004915 0.350692 -0.071608 -0.087729 0.051090 0.110294 0.172751 -0.001871 0.273086 0.685662 0.336744 0.474060 0.060131 0.370448 -0.351118 -0.197734 -0.133061 0.108756 -0.250062 -0.078526 -0.000745 0.025246 -0.070587 0.071111 -0.097065 -0.017594 -0.234204 0.054915 0.367346 0.380498 -0.019739 -0.043859 0.340150 0.374723 0.037508 0.232788 0.157894 0.373856 0.185194 0.380693 -0.135892 0.125174 0.184126 -0.038562 -0.355308 -0.167056 -0.284763 -0.204681 0.079004 -0.205280 0.005078 0.177117 -0.343534 -0.187953 0.020955 -0.161728 -0.018167 0.137898 -0.155997 -0.019281 -0.054979 0.198157 -0.156887 -0.074388 -0.112698 0.006547 -0.243713 -0.323880 0.114754 0.205021 -0.134771 0.402758 0.070108 0.273411 -0.030233 0.183023 0.362831 0.120653 0.331272 -0.185129 -0.206270 -0.053975 -0.144293 -0.014522 0.233231 0.081879 0.037268 -0.409216 0.236533 -0.107086 -0.040808 -0.198965 0.032806 -0.164447 -0.006129 -0.275416 -0.221140 0.043220 0.104074 0.112771 0.060139 0.105106
-0.408932 -0.562447 0.533732 -0.239786 1.000000 -0.009335 0.578591 0.296102 0.745201 0.522956 0.107829 -0.015215 0.483774 0.055577 0.208760 0.041666 -0.097549 -0.030201 -0.131726 -0.163348 -0.025956 -0.060887 -0.026812 -0.219020 -0.124721 -0.209971 -0.059116 -0.329909 0.087560 0.110835 0.270878 0.261461 0.177416 0.140903 0.074508 -0.016504 -0.179909 -0.247725 -0.243573 -0.181444 0.086059 -0.087559 0.005057 -0.027342 -0.007741 0.067684 -0.108130 0.131936 -0.098333 -0.106011 -0.246473 -0.113273 -0.128396 -0.051581 -0.404580 -0.336060 -0.242790 -0.394288 0.214963 -0.178979 0.623421 0.300222 -0.282444 -0.027366 0.163239 0.190097 0.058746 0.148387 -0.205372 0.039679 -0.079336 0.034124 0.200368 0.014838 0.115418 0.058212 -0.042252 -0.197044 -0.082234 0.048622 -0.141843 -0.088575 -0.215004 -0.293125 -0.551840 -0.534821 -0.223279 -0.445337 -0.028577 -0.350934 -0.086752 0.176474 -0.071046 0.146528 -0.080982 0.025315 -0.082083 -0.016533 -0.239250 0.025447 -0.186775 0.135070 -0.177496 -0.155694 -0.097519 -0.070583 -0.026145 -0.113981 0.018907 -0.162194 -0.124747 -0.290287 -0.109372 -0.048015 -0.042767 -0.099763
-0.026900 -0.190715 0.029735 0.233310 -0.009335 1.000000 -0.128610 0.126693 -0.076725 0.367559 -0.090595 -0.053783 -0.132719 -0.090551 -0.005854 -0.007493 -0.242033 -0.250313 -0.026759 -0.085744 -0.012034 -0.142191 -0.044430 0.153150 0.058746 0.126244 0.138686 0.206647 -0.466726 -0.226987 -0.217769 -0.131104 -0.040296 -0.159735 0.197839 0.190710 -0.142699 -0.329778 -0.036950 -0.160731 -0.327827 -0.300576 0.175615 -0.027575 -0.029842 -0.043016 0.084271 -0.003838 0.276191 0.194079 0.150974 0.362649 0.083020 0.105570 0.097010 0.042327 0.033204 -0.157988 0.017706 0.130155 0.028451 -0.002738 0.007556 -0.224267 0.162800 0.232784 0.046669 0.166030 -0.095416 0.038268 -0.228753 -0.100174 -0.301468 -0.275009 -0.274166 -0.296622 -0.408957 -0.300400 -0.293436 -0.329047 -0.209594 -0.328620 -0.233278 -0.119505 -0.071894 0.224810 0.001068 0.023996 -0.003401 0.143413 0.234042 0.087128 0.127264 -0.038135 -0.123298 0.038509 -0.279417 -0.080931 0.081045 -0.060773 0.019435 0.027118 0.113225 0.205696 0.362012 0.228675 -0.057297 0.024904 0.088190 -0.195633 -0.118931 -0.243700 -0.213518 -0.073644 0.064256 -0.070486
-0.281575 -0.394614 0.718743 -0.426236 0.578591 -0.128610 1.000000 0.376534 0.646430 0.290741 0.082000 0.134601 0.537158 0.206351 0.003249 -0.136569 -0.271937 -0.118865 0.058720 -0.347490 -0.162719 -0.297135 -0.140526 -0.428736 -0.555024 -0.416061 -0.246843 -0.329589 0.095308 0.095995 0.158435 0.001382 0.155430 0.127827 0.167250 0.065775 -0.261466 -0.317565 -0.316911 -0.275137 -0.184086 -0.224510 -0.201960 -0.082343 0.009800 0.179567 -0.289219 -0.156274 0.063755 -0.143042 -0.181356 -0.234441 -0.117419 -0.126003 -0.255108 -0.389010 -0.357031 -0.405313 0.404524 -0.197104 0.657325 0.323877 -0.258227 0.113421 0.272359 0.135801 0.148058 0.314418 -0.185109 -0.110797 -0.227635 -0.181091 0.314972 -0.188240 -0.029145 -0.065441 -0.031922 -0.240208 -0.195692 -0.162572 -0.052161 -0.125924 -0.375236 -0.289418 -0.389759 -0.529147 -0.262463 -0.321425 0.016177 -0.415243 0.026971 0.147667 0.073503 0.354404 -0.221405 0.212904 -0.186088 -0.303993 -0.217692 -0.049628 0.014648 0.329288 -0.223661 -0.009331 0.046874 0.038569 -0.305352 -0.006062 -0.101216 -0.023119 -0.010307 -0.291037 -0.103862 -0.107110 -0.233071 -0.337981
-0.398518 -0.392158 0.391462 0.049441 0.296102 0.126693 0.376534 1.000000 0.379207 0.597964 -0.093356 0.454439 0.345363 0.487275 -0.166397 0.056254 -0.336101 -0.264989 -0.357803 -0.595593 -0.054293 -0.373891 -0.392904 -0.247910 -0.176461 -0.032702 -0.034776 -0.056412 -0.329008 0.015776 0.062244 0.013941 0.095812 -0.023290 0.118280 0.213694 -0.455834 -0.323764 -0.306301 -0.163088 -0.131272 -0.179738 -0.113473 0.058852 -0.106701 0.111354 -0.482178 -0.100065 0.033378 -0.216357 -0.189248 -0.102584 -0.135977 -0.181758 -0.311190 -0.407275 -0.278813 -0.616747 0.191305 0.042668 0.422203 0.640961 -0.338956 0.260310 0.210155 0.699787 0.210898 0.494325 -0.104642 -0.056103 -0.319397 -0.098690 -0.238464 -0.305702 -0.128648 -0.116098 -0.283316 -0.276337 -0.236249 -0.156923 -0.192606 -0.442675 -0.413178 -0.289614 -0.364699 -0.264192 -0.232147 -0.246114 -0.011852 -0.096730 0.194282 -0.152809 0.379814 0.034849 -0.427705 0.028502 -0.460389 -0.366886 -0.307087 -0.156958 0.116053 0.032301 -0.026187 -0.085027 0.147658 -0.006501 -0.204846 -0.075990 -0.202881 -0.259210 -0.063600 -0.385659 -0.084427 -0.132660 -0.247901 -0.302605
-0.432526 -0.489983 0.653263 -0.242836 0.745201 -0.076725 0.646430 0.379207 1.000000 0.532629 -0.000398 0.022829 0.544277 0.057033 0.209212 -0.057512 -0.187358 -0.113450 -0.088797 -0.178537 -0.087925 -0.234765 -0.013650 -0.261614 -0.320407 -0.276355 -0.086812 -0.461463 0.036401 0.017175 0.288903 0.144200 0.172265 0.155671 -0.000096 -0.136702 -0.302813 -0.216515 -0.278441 -0.156752 0.030655 -0.204113 0.009318 0.109836 -0.059648 0.019814 -0.122059 0.170669 -0.007495 -0.057130 -0.256047 -0.116624 -0.020289 0.095511 -0.327737 -0.212931 -0.308563 -0.396398 0.288916 -0.199588 0.610292 0.362175 -0.407690 0.024232 0.057541 0.229579 0.046052 0.059188 -0.199629 0.103688 -0.116399 -0.021933 0.190273 -0.090368 0.032526 -0.003132 -0.034606 -0.150950 -0.034495 -0.048657 -0.117642 -0.185513 -0.258375 -0.294524 -0.603783 -0.618568 -0.169760 -0.394705 -0.052102 -0.315007 0.015802 0.225051 0.025892 0.277909 -0.087485 0.151197 -0.132957 -0.126285 -0.106111 0.085944 -0.064774 0.190424 -0.220313 -0.052046 0.048294 0.114473 -0.119895 -0.248445 -0.033627 -0.050268 -0.022940 -0.161094 0.124554 0.077938 -0.161764 -0.099877
-0.288971 -0.572870 0.341452 0.110968 0.522956 0.367559 0.290741 0.597964 0.532629 1.000000 0.030539 0.247348 0.333704 0.185638 0.229925 0.189774 -0.131693 -0.300237 -0.417908 -0.194452 -0.153963 -0.202619 -0.064492 -0.013571 -0.200109 -0.132790 -0.109464 -0.132746 -0.359964 -0.106607 -0.046700 -0.006296 0.007580 -0.171117 0.069286 0.043571 -0.471408 -0.457478 -0.395634 -0.181190 -0.248284 -0.314499 0.088969 0.010241 0.053824 0.123377 -0.135037 0.116475 0.302830 0.154443 0.048028 0.254169 0.007463 0.028568 -0.212509 -0.371396 0.002785 -0.507363 0.399404 -0.010172 0.513547 0.535859 -0.157045 -0.098034 0.118883 0.692810 0.051164 0.158027 -0.221968 -0.046556 -0.432637 -0.025734 -0.239910 -0.285025 -0.095188 -0.196903 -0.240986 -0.482056 -0.183274 -0.167723 -0.201549 -0.490407 -0.432464 -0.317123 -0.515354 -0.209487 -0.124315 -0.402150 0.058525 -0.108290 0.110087 0.036032 0.322020 0.003413 -0.315731 0.078268 -0.381095 -0.238886 -0.265346 -0.054325 -0.130837 0.074226 -0.193980 -0.149981 0.139084 0.055639 -0.064639 -0.071516 -0.008804 -0.334887 -0.211743 -0.395530 -0.085832 -0.137153 -0.193399 -0.257225
0.289931 0.060409 0.016206 -0.225954 0.107829 -0.090595 0.082000 -0.093356 -0.000398 0.030539 1.000000 0.406802 0.439740 0.288865 0.358783 0.287876 0.416463 0.193541 0.149019 0.242532 0.127635 0.177049 -0.132403 -0.076800 -0.011702 -0.158868 -0.026620 -0.223018 0.317957 0.499273 0.128779 0.209870 0.100401 0.259331 -0.131183 -0.057387 0.054903 0.044297 -0.353661 -0.312260 0.251583 0.310391 -0.157763 -0.239223 0.144707 0.026817 -0.246724 -0.229499 -0.276915 -0.015079 -0.232107 -0.128888 -0.181614 -0.181144 -0.208323 -0.293939 0.182529 -0.139533 -0.032142 -0.029049 0.296381 0.244814 0.367777 0.253562 0.246270 0.032052 -0.093081 -0.105926 -0.279955 -0.215987 0.060303 0.132795 0.290347 0.521873 0.419143 0.372803 0.329752 0.029929 0.070583 -0.004228 0.135703 0.104526 0.134100 0.101285 0.222650 -0.109896 -0.113857 -0.225359 -0.394182 -0.182304 -0.292327 -0.296754 -0.218135 -0.179843 -0.022029 0.125487 -0.351078 -0.242300 -0.287094 -0.158167 -0.318475 -0.243825 -0.301278 -0.411425 -0.422955 -0.378742 0.013043 -0.151977 -0.317840 -0.011129 -0.395300 0.025761 0.092104 -0.130564 -0.063704 -0.321182
0.188722 0.006965 -0.074717 0.029775 -0.015215 -0.053783 0.134601 0.454439 0.022829 0.247348 0.406802 1.000000 0.354612 0.795820 0.009837 0.480245 0.061880 0.013320 -0.130523 -0.082234 -0.199209 -0.224832 -0.461635 -0.119768 -0.332869 -0.226864 -0.096206 -0.209645 0.104804 0.381082 -0.036125 -0.024958 0.093302 0.085713 -0.039069 0.181602 -0.168314 -0.015233 -0.487778 -0.284873 0.062041 0.175175 -0.305650 -0.131146 0.119846 0.224553 -0.428707 -0.283500 0.062355 0.136914 -0.072901 0.074338 -0.135385 -0.205276 -0.200834 -0.334334 0.073675 -0.524097 -0.105772 -0.033465 0.251021 0.543334 0.214258 0.317744 0.241842 0.431407 -0.094876 0.064815 -0.249856 -0.331907 -0.076276 -0.046014 0.047715 0.142203 0.206234 0.161546 0.175342 -0.115533 -0.123322 -0.057671 0.098639 -0.248380 0.038737 0.217967 -0.086564 0.120623 -0.232479 -0.161242 -0.423709 -0.140077 0.020215 -0.347307 0.129473 -0.148944 -0.405552 -0.018533 -0.502565 -0.460759 -0.205881 -0.136481 -0.116987 -0.142697 -0.218801 -0.188747 -0.165350 -0.338257 -0.113773 -0.171223 -0.523819 -0.186497 -0.288434 -0.029098 0.048230 -0.028094 -0.266284 -0.490574
0.012363 -0.355837 0.365240 -0.333194 0.483774 -0.132719 0.537158 0.345363 0.544277 0.333704 0.439740 0.354612 1.000000 0.434455 0.343666 0.180054 0.082405 -0.009641 0.038228 0.010010 -0.198356 -0.175668 -0.211994 -0.397585 -0.360691 -0.406934 -0.114279 -0.453511 0.124766 0.240740 0.020965 -0.108567 0.090635 0.117158 -0.025019 -0.115451 -0.085929 -0.157885 -0.207991 -0.213304 0.018262 -0.106159 -0.310260 -0.123748 -0.092822 -0.006518 -0.364353 -0.127894 -0.174031 -0.188093 -0.266794 -0.337968 0.012950 -0.170228 -0.208907 -0.384003 -0.042531 -0.326368 0.305796 -0.153539 0.695535 0.484601 -0.136252 0.236661 0.006477 0.251631 -0.012586 0.005128 -0.121206 -0.049464 -0.196976 -0.168172 0.182644 0.087274 0.170978 0.003339 0.155526 -0.154060 -0.103866 -0.020271 0.061557 -0.090605 -0.266081 -0.195388 -0.224882 -0.424525 -0.310197 -0.362308 -0.109644 -0.241361 -0.116488 -0.091269 0.016654 0.136410 -0.180146 0.201816 -0.197264 -0.208183 -0.133279 0.039726 -0.045646 0.055290 -0.309606 -0.058786 -0.115037 -0.086770 -0.170583 -0.233828 -0.191692 -0.069920 -0.070259 -0.021058 0.102017 -0.073723 -0.100206 -0.191819
0.078291 -0.040024 -0.025532 -0.080759 0.055577 -0.090551 0.206351 0.487275 0.057033 0.185638 0.288865 0.795820 0.434455 1.000000 0.046766 0.532302 0.153911 0.159741 -0.271314 -0.271685 -0.197043 -0.166528 -0.425415 -0.196353 -0.219042 -0.279499 -0.140846 -0.147431 0.045396 0.246162 -0.116962 -0.092718 0.049709 0.027738 -0.104915 0.079577 -0.185486 -0.065092 -0.396255 -0.271901 0.006800 0.102318 -0.388231 -0.146212 0.027411 0.174604 -0.433047 -0.321842 0.003841 -0.019948 -0.016558 0.012584 -0.123061 -0.351332 -0.163674 -0.339453 0.095149 -0.475776 0.047178 0.098062 0.265513 0.603407 0.080260 0.460807 0.052070 0.412680 0.007720 0.155316 -0.180667 -0.118701 -0.108872 -0.279040 -0.023034 -0.015676 0.120253 -0.012353 0.023996 -0.194236 -0.069644 0.126036 0.113243 -0.118987 -0.084135 0.118565 -0.141342 0.021986 -0.287728 -0.232765 -0.274495 -0.054616 -0.072614 -0.418177 0.157763 -0.140595 -0.341487 0.097756 -0.412884 -0.242023 -0.309770 -0.105906 -0.050031 -0.039967 -0.292996 -0.102072 -0.087527 -0.241341 -0.203397 -0.064257 -0.492662 -0.272975 -0.211606 -0.122992 0.104208 -0.267127 -0.332661 -0.286947
0.094222 -0.055443 0.094452 0.004915 0.208760 -0.005854 0.003249 -0.166397 0.209212 0.229925 0.358783 0.009837 0.343666 0.046766 1.000000 0.435659 0.141939 0.058451 -0.005158 0.316858 -0.020214 0.177400 0.442328 0.099801 0.111282 -0.146952 0.205906 -0.016921 -0.070645 -0.102928 -0.210478 -0.098890 -0.277759 -0.188207 -0.140334 -0.243764 0.038450 -0.110723 -0.197733 -0.217730 -0.110955 -0.024942 -0.051231 -0.160261 -0.068000 -0.245227 0.028843 0.001642 0.028027 0.072259 0.270971 0.174522 0.193899 0.124384 0.088068 -0.062841 0.060673 0.075192 0.230033 0.123351 0.118522 0.135817 0.000051 0.054565 -0.115627 -0.023820 -0.005032 -0.339468 -0.251537 -0.010720 -0.042487 -0.098275 -0.126467 0.088866 0.077254 0.001908 0.038412 -0.254318 -0.050040 0.066198 -0.100295 0.020742 0.192545 -0.037574 0.081723 -0.117800 0.067819 -0.212290 0.128536 0.185874 0.004858 0.204432 -0.143130 0.119466 0.109553 -0.016570 -0.093332 0.097530 -0.065419 0.209767 -0.192167 -0.129711 -0.112603 -0.160579 -0.204941 -0.176949 -0.078387 -0.153917 -0.037200 -0.312538 -0.396551 0.002496 0.223928 -0.204836 -0.018465 -0.024401
0.182152 0.002971 -0.306653 0.350692 0.041666 -0.007493 -0.136569 0.056254 -0.057512 0.189774 0.287876 0.480245 0.180054 0.532302 0.435659 1.000000 0.328510 0.312121 -0.003305 0.095137 0.017147 0.288954 0.001588 0.266559 0.083806 -0.025048 -0.032561 -0.138966 0.133140 0.300933 -0.098748 0.148685 -0.277997 -0.102240 -0.227274 -0.090623 0.088890 0.111155 -0.279864 -0.020982 0.031900 0.324918 -0.028918 -0.139326 0.073597 0.022160 0.116541 -0.051159 -0.044139 0.176388 0.124756 0.254610 0.111949 0.031618 -0.140442 -0.135840 0.210997 -0.328761 -0.241406 0.048980 -0.047254 0.174910 0.214392 0.192498 -0.168633 0.083544 -0.219530 -0.252003 -0.255023 -0.253745 0.055018 -0.098738 -0.056077 0.156162 0.255999 0.242376 -0.010392 -0.210904 0.120379 0.155858 -0.066130 -0.052305 0.268894 0.544860 -0.107785 0.287809 -0.087870 -0.196066 -0.304393 -0.040085 0.126647 -0.182777 0.103263 -0.153557 -0.068926 -0.027018 -0.197734 0.135732 -0.116289 0.059472 -0.216821 -0.283903 -0.174304 -0.370152 -0.364939 -0.418629 0.016611 -0.314351 -0.256554 -0.444730 -0.628841 -0.079602 0.185280 -0.171830 -0.008001 -0.072585
0.258479 0.079910 -0.333944 -0.071608 -0.097549 -0.242033 -0.271937 -0.336101 -0.187358 -0.131693 0.416463 0.061880 0.082405 0.153911 0.141939 0.328510 1.000000 0.570026 -0.097668 0.197444 0.118873 0.407007 0.142827 0.198969 0.230745 -0.001038 -0.043136 -0.116423 0.401819 0.367228 0.093302 0.219772 0.062441 0.041542 -0.217012 -0.206718 0.165939 0.368322 -0.111333 -0.046586 0.198919 0.308244 0.070278 -0.076567 0.124136 -0.052423 0.185999 0.035916 -0.262119 0.049432 0.034808 -0.018310 -0.174194 -0.021598 0.032446 0.073081 0.436769 0.234260 -0.179189 -0.092220 -0.054837 -0.064667 0.508262 0.228122 -0.237373 -0.135426 -0.276822 -0.469702 -0.039894 -0.063078 0.246890 0.070030 0.306817 0.359934 0.298512 0.145814 0.238981 0.037649 0.608467 0.552703 0.504811 0.494665 0.132822 0.156554 0.223171 0.059022 -0.009592 -0.012298 -0.156686 -0.043139 -0.369134 -0.270455 -0.316463 -0.192809 0.090269 -0.078103 0.067462 0.197717 -0.081453 0.065512 -0.102706 -0.204056 -0.383811 -0.379111 -0.511309 -0.439969 0.220031 -0.056952 -0.020242 -0.025493 -0.212922 0.255895 0.070056 -0.157991 -0.015346 0.055096
-0.021894 0.296426 -0.229412 -0.087729 -0.030201 -0.250313 -0.118865 -0.264989 -0.113450 -0.300237 0.193541 0.013320 -0.009641 0.159741 0.058451 0.312121 0.570026 1.000000 0.056178 0.097100 0.135488 0.525217 0.005132 0.008278 0.084350 -0.149236 -0.143488 -0.236282 0.527723 0.506339 0.192931 0.214356 0.140790 0.138175 -0.253548 -0.220792 0.260626 0.525393 0.093041 0.175805 0.337046 0.294698 -0.089449 -0.230382 -0.130777 -0.243886 0.120086 -0.121033 -0.524018 -0.272297 -0.264025 -0.164879 -0.122019 -0.206025 0.081367 0.205476 0.162260 0.192030 -0.396532 0.101008 -0.188779 -0.122152 0.274351 0.414153 -0.377702 -0.260144 -0.092096 -0.213172 -0.025297 0.068030 0.256141 -0.155256 0.401431 0.125885 0.347177 0.084450 0.121265 0.119884 0.491806 0.643972 0.294530 0.589405 0.361901 0.441589 0.117530 0.254570 -0.059187 0.090293 -0.261564 0.107587 -0.304849 -0.265849 -0.285430 -0.175837 0.254584 -0.092491 0.312936 0.328183 0.042835 -0.000905 -0.142548 -0.025727 -0.039732 -0.328558 -0.505234 -0.460993 0.094826 -0.001636 0.090650 -0.107289 -0.266407 0.049995 0.300618 -0.050351 -0.000943 0.076543
0.275380 0.334222 -0.045947 0.051090 -0.131726 -0.026759 0.058720 -0.357803 -0.088797 -0.417908 0.149019 -0.130523 0.038228 -0.271314 -0.005158 -0.003305 -0.097668 0.056178 1.000000 0.386313 0.110681 -0.008721 -0.065942 -0.025454 -0.170206 -0.026759 -0.057467 -0.172453 0.251962 0.178577 0.091367 0.040689 0.021688 0.231962 -0.098313 -0.050361 0.267590 0.099962 0.208099 0.031886 0.067843 0.156676 0.045385 -0.156815 0.004421 -0.093965 0.163262 -0.043781 -0.119910 0.018848 -0.190107 -0.260942 0.009440 0.109337 -0.026192 0.138631 -0.002377 0.078186 -0.298010 -0.100053 -0.154508 -0.436695 0.165782 0.013537 -0.010891 -0.567033 -0.071810 -0.038584 0.191733 -0.038270 0.291973 0.130505 0.256426 0.260593 0.187037 0.256152 0.252496 0.296858 -0.155595 -0.257613 -0.144978 -0.073761 0.326505 0.343868 0.140630 0.057608 0.071483 0.108858 -0.202104 -0.146330 0.163914 0.134768 -0.080650 0.108756 0.118096 -0.008599 0.033200 -0.153288 0.360505 0.103082 0.022014 0.088189 0.256198 0.085200 -0.016285 -0.061474 0.009423 -0.192330 0.014210 0.178871 -0.100593 0.265100 0.120047 0.191766 0.191262 0.014340
0.507387 0.382980 -0.423213 0.110294 -0.163348 -0.085744 -0.347490 -0.595593 -0.178537 -0.194452 0.242532 -0.082234 0.010010 -0.271685 0.316858 0.095137 0.197444 0.097100 0.386313 1.000000 -0.054856 0.106924 0.183267 0.129478 -0.035821 -0.205023 0.165632 -0.223190 0.248022 0.057554 -0.058480 -0.198920 -0.043631 0.014749 -0.254565 -0.283722 0.259808 0.171569 0.161425 0.020778 0.204703 0.048690 0.097581 -0.123748 0.034304 -0.151142 0.254123 0.122916 -0.044950 0.197827 0.004154 0.086103 0.219922 0.229909 0.191789 0.144953 0.320457 0.364771 -0.184071 -0.069181 -0.189461 -0.302343 0.308822 -0.159054 -0.118735 -0.414496 -0.333313 -0.453319 0.169466 0.058017 0.178684 0.076040 0.197080 0.319117 0.220547 0.082691 0.354499 0.187046 -0.051071 -0.028417 0.012470 0.052617 0.366904 0.267864 0.251700 0.216036 0.051971 0.031329 -0.038392 0.033428 0.070647 0.113688 -0.095861 -0.066493 0.168922 -0.015542 0.219417 0.059974 0.355471 0.208575 -0.141055 0.024274 -0.019796 0.091610 -0.153323 -0.107673 0.108390 -0.046689 0.087266 0.161435 0.017119 0.388753 0.339942 0.216007 0.178242 0.099456
-0.199729 0.029466 0.032570 0.172751 -0.025956 -0.012034 -0.162719 -0.054293 -0.087925 -0.153963 0.127635 -0.199209 -0.198356 -0.197043 -0.020214 0.017147 0.118873 0.135488 0.110681 -0.054856 1.000000 0.260376 0.222604 0.378702 0.539569 0.474524 0.320398 0.119929 0.072212 0.169014 0.409528 0.585628 0.123652 0.291856 0.085440 0.069552 -0.106267 0.080404 0.004110 0.091542 0.276227 0.331356 0.127949 0.104722 -0.230747 -0.295707 0.196905 0.180112 -0.329680 -0.278470 -0.185004 -0.060192 -0.144865 0.116448 -0.158222 -0.062335 0.059120 0.004873 -0.256717 -0.009701 -0.082667 -0.081794 0.028519 0.187169 0.032996 -0.049166 0.012082 0.076017 -0.217742 0.103654 0.239304 0.091561 0.147836 0.208152 0.162135 0.229838 -0.117684 0.147361 0.235008 0.222313 0.001402 0.035527 0.278138 0.113291 0.074916 -0.046346 -0.034941 0.072908 -0.243524 -0.122270 -0.111557 -0.185432 -0.235206 -0.278009 0.206676 0.137672 -0.013998 0.197718 -0.154278 -0.065301 -0.220924 -0.341267 -0.250947 -0.392287 -0.376065 -0.298091 -0.176050 -0.202391 -0.214343 0.100088 -0.116408 -0.134805 -0.003516 -0.244846 0.180368 -0.007663
-0.089946 0.024558 -0.218780 -0.001871 -0.060887 -0.142191 -0.297135 -0.373891 -0.234765 -0.202619 0.177049 -0.224832 -0.175668 -0.166528 0.177400 0.288954 0.407007 0.525217 -0.008721 0.106924 0.260376 1.000000 0.285299 0.327518 0.269552 0.126490 -0.126927 -0.025041 0.344602 0.304494 0.090964 0.362104 -0.126696 -0.174713 -0.321067 -0.332351 0.404090 0.477898 0.333415 0.445185 0.376006 0.529294 0.236593 -0.042029 -0.054793 -0.184680 0.385357 0.117992 -0.278602 -0.181595 0.015883 0.014503 0.058468 -0.118343 0.193955 0.255458 0.045262 0.157036 -0.272026 0.048357 -0.297923 -0.389974 0.034520 -0.038965 -0.328974 -0.248548 -0.172681 -0.259427 -0.248764 -0.139129 0.051302 -0.024965 0.082490 0.217509 0.218689 0.139720 -0.142016 -0.191797 0.508974 0.371199 0.020099 0.500883 0.324120 0.415521 0.261958 0.246449 0.230430 0.202837 -0.006979 0.217395 -0.122202 0.013494 -0.180833 -0.119592 0.693651 -0.096275 0.468453 0.610677 -0.032053 0.039268 -0.192130 -0.204789 -0.084060 -0.521949 -0.564638 -0.314249 0.158378 0.081798 0.112945 -0.006837 -0.389417 -0.083205 0.040942 -0.140484 0.295289 0.197377
-0.073698 -0.116792 0.022962 0.273086 -0.026812 -0.044430 -0.140526 -0.392904 -0.013650 -0.064492 -0.132403 -0.461635 -0.211994 -0.425415 0.442328 0.001588 0.142827 0.005132 -0.065942 0.183267 0.222604 0.285299 1.000000 0.620511 0.395635 0.327051 0.228655 0.261455 -0.100041 -0.399719 0.029172 0.240092 -0.301389 -0.170514 0.144695 -0.215599 0.026498 0.054609 0.043931 -0.010685 -0.177946 0.021555 0.428936 0.298949 -0.064472 -0.218601 0.470104 0.375087 0.023247 0.091398 0.303926 0.266632 0.160276 0.514547 0.138296 0.265256 0.076017 0.396523 -0.066088 -0.356691 -0.180408 -0.347627 -0.129010 -0.370487 -0.031162 -0.109922 -0.338967 -0.409528 -0.108862 -0.066920 0.004635 0.085612 -0.023948 0.021362 -0.038054 0.012300 -0.067969 -0.132224 0.261311 0.128056 -0.038922 0.143995 0.156306 -0.154241 0.032342 -0.107411 0.269565 0.040500 0.368244 0.234673 0.007198 0.490808 -0.089216 0.196778 0.201330 -0.157767 0.162034 0.269999 0.178993 0.294889 0.091591 -0.324257 -0.036082 -0.184159 -0.151886 -0.066854 0.092734 -0.096418 0.153726 -0.132735 -0.115766 0.153764 0.128456 -0.025479 0.133891 0.202892
-0.082064 -0.008941 -0.232667 0.685662 -0.219020 0.153150 -0.428736 -0.247910 -0.261614 -0.013571 -0.076800 -0.119768 -0.397585 -0.196353 0.099801 0.266559 0.198969 0.008278 -0.025454 0.129478 0.378702 0.327518 0.620511 1.000000 0.527331 0.583934 0.091387 0.336442 -0.145172 -0.202453 -0.000076 0.377860 -0.329689 -0.131141 0.015001 -0.074907 0.013418 0.172307 -0.012872 0.108713 -0.027019 0.320992 0.541371 0.423257 -0.079353 -0.156350 0.504946 0.493572 -0.056018 0.184337 0.231064 0.470377 0.203336 0.477246 -0.041862 0.245051 0.166097 0.157499 -0.388710 -0.280838 -0.335484 -0.396378 0.014299 -0.339878 0.019708 0.035680 -0.431129 -0.322801 -0.152313 -0.120511 0.078040 0.193392 -0.070072 0.120056 0.103493 0.259580 -0.122645 -0.141658 0.229107 0.197284 -0.125316 -0.038539 0.274914 0.204807 -0.028434 0.246725 0.132445 0.300763 -0.008883 0.182401 0.233709 0.214655 0.158597 -0.095149 0.080775 -0.112681 -0.044046 0.187946 0.127695 0.128672 0.009162 -0.517060 -0.060785 -0.370360 -0.238529 -0.240056 0.098279 -0.033619 -0.021766 -0.270011 -0.285553 0.157990 0.060621 0.011725 0.231350 0.114604
-0.080101 0.011787 -0.265319 0.336744 -0.124721 0.058746 -0.555024 -0.176461 -0.320407 -0.200109 -0.011702 -0.332869 -0.360691 -0.219042 0.111282 0.083806 0.230745 0.084350 -0.170206 -0.035821 0.539569 0.269552 0.395635 0.527331 1.000000 0.677144 0.410327 0.425356 -0.156780 -0.118873 0.175392 0.402211 -0.217830 0.002162 0.146314 0.071523 0.057256 0.171904 0.066865 0.038002 0.088123 0.253780 0.328387 0.226164 -0.161082 -0.282544 0.321187 0.245826 -0.299826 -0.162228 0.088000 0.126803 -0.011043 0.213656 -0.132107 0.114393 0.061718 0.238551 -0.256323 0.074299 -0.342873 -0.233698 -0.027826 -0.024294 -0.067792 -0.003975 -0.004519 -0.090834 -0.034368 0.125123 0.231057 0.111352 -0.247581 0.108032 0.035257 0.177001 -0.135360 0.092905 0.257177 0.254277 0.070175 0.202742 0.251826 0.012841 0.244595 0.147025 0.170177 0.095334 0.033363 0.177222 -0.077141 -0.097188 -0.250679 -0.214923 0.078072 -0.139132 0.066172 0.367400 -0.117609 -0.018097 -0.041903 -0.359467 0.051689 -0.227289 -0.241468 -0.205668 0.084591 0.004961 0.016032 -0.114502 -0.068455 0.076611 -0.114277 -0.150017 0.248640 0.256651
-0.098828 -0.056772 -0.236364 0.474060 -0.209971 0.126244 -0.416061 -0.032702 -0.276355 -0.132790 -0.158868 -0.226864 -0.406934 -0.279499 -0.146952 -0.025048 -0.001038 -0.149236 -0.026759 -0.205023 0.474524 0.126490 0.327051 0.583934 0.677144 1.000000 0.241553 0.375378 -0.150649 -0.114110 0.261901 0.510131 -0.111934 0.056453 0.186568 0.171596 0.086542 0.111986 0.121678 0.212188 -0.050673 0.221046 0.320286 0.399508 -0.110575 -0.130303 0.364085 0.448013 -0.171476 -0.058157 0.018165 0.109963 0.027000 0.331549 -0.147660 0.286250 0.069083 0.069983 -0.365132 -0.215405 -0.293562 -0.223462 -0.134775 -0.235603 -0.009637 0.087410 -0.165908 -0.091237 0.039581 -0.022033 0.155561 0.220585 -0.220406 0.061400 -0.078989 0.267278 -0.091043 0.127771 0.060544 -0.014013 -0.089893 -0.024897 0.242033 0.095738 0.007125 0.035329 0.278799 0.285542 -0.008670 0.008897 0.067067 0.067926 0.023080 -0.150218 0.005736 -0.202680 0.016198 0.075784 0.047849 0.071323 0.181461 -0.406464 0.191904 -0.144711 -0.101011 -0.106480 0.111892 -0.038196 -0.000023 -0.114283 0.004765 0.222337 -0.065388 0.137293 0.218259 0.188361
-0.013106 -0.012043 -0.092500 0.060131 -0.059116 0.138686 -0.246843 -0.034776 -0.086812 -0.109464 -0.026620 -0.096206 -0.114279 -0.140846 0.205906 -0.032561 -0.043136 -0.143488 -0.057467 0.165632 0.320398 -0.126927 0.228655 0.091387 0.410327 0.241553 1.000000 0.229848 -0.147870 -0.195364 0.165999 0.048214 0.011754 0.070372 0.390047 0.352498 -0.121874 -0.149005 -0.010166 -0.159481 -0.033189 -0.167220 0.018505 0.110372 -0.074614 -0.024744 -0.127955 -0.126756 -0.023094 -0.177737 0.106508 0.026678 -0.038962 0.082693 0.002070 -0.006761 -0.208754 0.015969 -0.069214 0.026645 -0.191482 -0.008826 -0.000410 0.013195 0.161497 0.033257 0.143126 0.118534 -0.072700 0.052276 0.062669 0.094672 -0.219900 -0.063309 -0.235135 -0.029366 -0.149964 0.105132 -0.020303 -0.103526 -0.010172 -0.075297 0.210488 -0.157370 0.267167 0.049575 0.047457 0.014263 0.092296 0.198473 0.000224 0.031618 -0.203725 -0.079923 -0.069365 -0.296808 -0.134156 0.102321 -0.116932 0.000602 -0.026074 -0.123619 -0.044106 0.001725 -0.130393 -0.091748 0.059529 -0.154976 -0.128562 -0.024555 0.159482 -0.013398 -0.133090 0.007327 0.149391 -0.077681
-0.094955 0.068465 -0.044522 0.370448 -0.329909 0.206647 -0.329589 -0.056412 -0.461463 -0.132746 -0.223018 -0.209645 -0.453511 -0.147431 -0.016921 -0.138966 -0.116423 -0.236282 -0.172453 -0.223190 0.119929 -0.025041 0.261455 0.336442 0.425356 0.375378 0.229848 1.000000 -0.512977 -0.393044 -0.333245 -0.077540 -0.140904 -0.058598 0.181317 0.246346 -0.238121 -0.169683 -0.127808 -0.176874 -0.410229 -0.158429 0.115181 0.230568 0.118930 0.119369 -0.012015 -0.001083 0.211462 -0.007602 0.401086 0.140131 -0.083119 0.001398 0.063219 0.008975 -0.056442 0.158472 0.155271 0.181960 -0.317672 -0.137312 0.006500 -0.142346 0.243751 0.220312 0.219485 0.249162 -0.134152 -0.002982 -0.193442 -0.028612 -0.360967 -0.191761 -0.342967 -0.079214 -0.228669 -0.020870 -0.179130 -0.088435 -0.083690 -0.143810 -0.086304 -0.254783 0.234179 0.202343 0.138478 0.243251 0.349574 0.325255 -0.080646 -0.056086 -0.012109 -0.142688 -0.163178 -0.023013 -0.162215 0.048542 -0.118144 -0.108721 0.029463 -0.154815 0.073211 0.074542 0.142931 0.082045 0.057938 0.237237 -0.000294 -0.101408 0.132586 -0.089978 -0.267034 -0.188600 -0.008537 0.054827
0.190953 0.077379 -0.234486 -0.351118 0.087560 -0.466726 0.095308 -0.329008 0.036401 -0.359964 0.317957 0.104804 0.124766 0.045396 -0.070645 0.133140 0.401819 0.527723 0.251962 0.248022 0.072212 0.344602 -0.100041 -0.145172 -0.156780 -0.150649 -0.147870 -0.512977 1.000000 0.663878 0.411429 0.389678 0.056216 0.282471 -0.174423 -0.126198 0.437992 0.434131 0.131952 0.204221 0.481974 0.470515 -0.155591 -0.148708 0.120859 0.111132 0.082993 -0.045599 -0.354671 -0.049634 -0.438469 -0.275748 -0.125369 -0.154607 -0.140802 0.110622 0.041002 -0.000520 -0.387210 -0.211854 -0.012718 -0.176013 0.162789 0.217936 -0.241843 -0.476952 -0.258797 -0.316251 -0.123153 -0.196447 0.376130 0.056362 0.582550 0.367073 0.467385 0.341273 0.376292 0.300224 0.405244 0.294274 0.303327 0.541304 0.496981 0.516428 0.128129 -0.067716 -0.102148 -0.159237 -0.369786 -0.343047 -0.242824 -0.147772 -0.367026 -0.118099 0.221136 -0.138923 0.262208 0.101572 -0.053298 0.006743 -0.181997 -0.066042 -0.229965 -0.328206 -0.528066 -0.349876 0.197272 -0.108860 0.037099 0.070655 -0.080627 0.232776 0.206571 0.181063 0.064938 -0.043844
0.090059 0.085509 -0.149062 -0.197734 0.110835 -0.226987 0.095995 0.015776 0.017175 -0.106607 0.499273 0.381082 0.240740 0.246162 -0.102928 0.300933 0.367228 0.506339 0.178577 0.057554 0.169014 0.304494 -0.399719 -0.202453 -0.118873 -0.114110 -0.195364 -0.393044 0.663878 1.000000 0.345967 0.406383 0.314896 0.338302 -0.199329 -0.030307 0.242135 0.463749 -0.072855 0.076040 0.411935 0.536102 -0.208956 -0.232645 0.215552 0.132394 -0.062086 -0.176831 -0.372035 -0.041459 -0.436695 -0.329150 -0.276696 -0.364367 -0.314561 -0.162617 0.025856 -0.241459 -0.403448 -0.047709 0.129407 0.133730 0.300143 0.435761 -0.104394 -0.120362 -0.110291 -0.112214 -0.284383 -0.221492 0.265519 0.017685 0.502850 0.397091 0.469480 0.360976 0.235310 0.141333 0.254072 0.151580 0.220918 0.272381 0.262840 0.474413 0.078817 0.009878 -0.095141 -0.175062 -0.475651 -0.307064 -0.230386 -0.403429 -0.322774 -0.261223 0.022688 0.101699 0.002922 0.000256 -0.202148 -0.231223 -0.341198 -0.223317 -0.291037 -0.446599 -0.486738 -0.474133 -0.002632 -0.235451 -0.109508 0.006376 -0.323420 0.018384 0.074360 0.004650 0.020662 -0.120099
-0.381177 -0.199357 0.101090 -0.133061 0.270878 -0.217769 0.158435 0.062244 0.288903 -0.046700 0.128779 -0.036125 0.020965 -0.116962 -0.210478 -0.098748 0.093302 0.192931 0.091367 -0.058480 0.409528 0.090964 0.029172 -0.000076 0.175392 0.261901 0.165999 -0.333245 0.411429 0.345967 1.000000 0.709260 0.308017 0.510373 0.175957 0.238203 -0.128410 0.058951 -0.052883 0.028981 0.236230 0.169127 0.085769 0.109521 -0.233123 -0.081367 0.121518 0.219810 -0.479629 -0.304861 -0.522048 -0.249101 -0.336205 0.113462 -0.402720 0.111094 -0.134097 -0.170900 -0.238944 -0.229020 0.139097 0.030046 -0.176946 0.041079 0.114679 -0.033850 -0.066215 0.130217 -0.145834 -0.143561 0.287792 0.184228 0.345537 0.132815 0.180000 0.259025 0.114410 0.280564 0.259730 0.138318 0.012917 0.113284 0.183073 0.116468 -0.267155 -0.294330 0.029012 -0.261375 -0.261143 -0.384609 -0.155922 -0.146685 -0.169173 -0.186952 0.035737 -0.075189 0.139632 0.070204 -0.157097 -0.055042 -0.050076 -0.151924 -0.214313 -0.296862 -0.315416 -0.218125 0.076979 -0.189336 0.030978 0.070853 0.093544 -0.016308 0.106245 0.114594 0.137599 -0.044815
-0.346122 -0.288311 0.026561 0.108756 0.261461 -0.131104 0.001382 0.013941 0.144200 -0.006296 0.209870 -0.024958 -0.108567 -0.092718 -0.098890 0.148685 0.219772 0.214356 0.040689 -0.198920 0.585628 0.362104 0.240092 0.377860 0.402211 0.510131 0.048214 -0.077540 0.389678 0.406383 0.709260 1.000000 0.095562 0.439340 0.110089 0.143152 -0.055858 0.178010 -0.119581 0.091200 0.247463 0.415428 0.290398 0.225132 0.012329 0.015922 0.240869 0.332293 -0.404445 -0.095306 -0.370328 -0.134291 -0.256531 0.110140 -0.440207 0.029046 -0.107453 -0.241468 -0.393965 -0.340333 0.072959 -0.045593 -0.115599 0.000446 0.126107 0.040116 -0.186810 -0.005616 -0.334281 -0.189633 0.248872 0.189767 0.306028 0.223257 0.286620 0.394151 0.033558 0.130331 0.389120 0.149982 -0.020413 0.109645 0.248492 0.197254 -0.189271 -0.269577 -0.030111 -0.240070 -0.258531 -0.368352 -0.229581 -0.142427 -0.263125 -0.328374 0.076431 -0.039220 -0.065665 0.132466 -0.246738 -0.096603 -0.215309 -0.477698 -0.208382 -0.606668 -0.429255 -0.358051 0.060467 -0.288979 -0.153769 -0.039947 -0.216145 -0.076015 0.023445 -0.017266 0.122126 0.006359
-0.194018 0.014694 0.167537 -0.250062 0.177416 -0.040296 0.155430 0.095812 0.172265 0.007580 0.100401 0.093302 0.090635 0.049709 -0.277759 -0.277997 0.062441 0.140790 0.021688 -0.043631 0.123652 -0.126696 -0.301389 -0.329689 -0.217830 -0.111934 0.011754 -0.140904 0.056216 0.314896 0.308017 0.095562 1.000000 0.545091 0.079100 0.199226 -0.239494 0.077136 -0.048783 0.019655 0.179954 -0.085176 -0.331339 -0.238841 0.119687 0.102703 -0.292465 -0.192906 -0.143007 -0.103502 -0.247876 -0.328061 -0.401092 -0.360005 -0.197338 -0.040192 -0.041008 -0.118883 0.000596 0.010526 0.285048 0.213131 0.183695 0.246600 0.141414 0.132619 0.235084 0.279452 -0.034016 0.107055 0.026100 -0.096730 0.345491 0.141501 0.049634 -0.063960 0.222255 0.204189 -0.052149 0.072018 0.068733 -0.077988 -0.125245 -0.248648 -0.158531 -0.207410 -0.090649 -0.075951 -0.155502 -0.174223 -0.461058 -0.285521 -0.283587 -0.114077 0.037105 0.059473 0.012493 -0.107172 -0.031970 -0.179511 -0.170576 0.092511 -0.187203 0.016563 0.045275 0.000442 -0.090423 -0.103058 -0.072195 0.230238 0.274398 -0.025930 -0.094925 -0.031950 -0.080119 -0.058922
-0.175037 -0.012522 0.038984 -0.078526 0.140903 -0.159735 0.127827 -0.023290 0.155671 -0.171117 0.259331 0.085713 0.117158 0.027738 -0.188207 -0.102240 0.041542 0.138175 0.231962 0.014749 0.291856 -0.174713 -0.170514 -0.131141 0.002162 0.056453 0.070372 -0.058598 0.282471 0.338302 0.510373 0.439340 0.545091 1.000000 0.140250 0.419636 -0.293210 0.001851 -0.230705 -0.040432 0.130408 -0.036654 -0.190971 0.034330 0.012982 0.173110 -0.223813 -0.012059 -0.390164 -0.139447 -0.491029 -0.440255 -0.288042 -0.099163 -0.501424 -0.032870 -0.158076 -0.163694 -0.135943 -0.134595 0.240031 0.095407 0.029336 0.139758 0.269844 0.044657 0.147462 0.279747 -0.099117 0.014480 0.141862 0.065747 0.459034 0.203097 0.142027 0.298719 0.389158 0.550460 -0.054758 -0.025029 -0.008874 -0.081462 0.151175 0.014884 -0.219742 -0.269750 -0.324974 -0.267435 -0.379673 -0.432308 -0.410766 -0.400575 -0.366051 -0.303000 -0.201313 0.143990 -0.126779 -0.139404 -0.128564 -0.227815 -0.248736 -0.139880 -0.236286 -0.119602 -0.111063 -0.166745 0.089657 -0.383921 -0.172301 0.173920 0.280564 -0.011468 0.002763 -0.005632 -0.118057 -0.098067
-0.137753 -0.329662 0.211288 -0.000745 0.074508 0.197839 0.167250 0.118280 -0.000096 0.069286 -0.131183 -0.039069 -0.025019 -0.104915 -0.140334 -0.227274 -0.217012 -0.253548 -0.098313 -0.254565 0.085440 -0.321067 0.144695 0.015001 0.146314 0.186568 0.390047 0.181317 -0.174423 -0.199329 0.175957 0.110089 0.079100 0.140250 1.000000 0.649831 -0.259739 -0.231406 -0.051055 -0.194533 -0.384249 -0.285042 -0.010521 0.156458 0.069856 0.226357 -0.130737 -0.119089 0.021844 -0.025378 -0.096119 -0.079053 -0.337960 0.001344 -0.309004 -0.095405 -0.279434 -0.176249 0.104773 -0.189280 0.126575 0.057787 -0.035855 -0.132622 0.333657 0.263335 0.265764 0.359665 -0.122707 -0.259804 -0.169890 0.096947 -0.073571 -0.264144 -0.252472 -0.173401 -0.019061 0.093879 -0.028866 -0.189132 0.085868 -0.176897 -0.153293 -0.311388 -0.077694 0.022166 0.035718 -0.068986 0.173466 -0.094415 -0.218575 0.030507 -0.127691 -0.122742 -0.428895 -0.228654 -0.170884 -0.236633 -0.266738 -0.328873 0.058821 -0.080255 0.006574 -0.055963 0.058067 -0.039362 -0.031567 -0.154070 0.056669 -0.120781 0.261658 -0.172480 -0.429713 -0.173992 0.014371 -0.240416
-0.188286 -0.242874 0.001195 0.025246 -0.016504 0.190710 0.065775 0.213694 -0.136702 0.043571 -0.057387 0.181602 -0.115451 0.079577 -0.243764 -0.090623 -0.206718 -0.220792 -0.050361 -0.283722 0.069552 -0.332351 -0.215599 -0.074907 0.071523 0.171596 0.352498 0.246346 -0.126198 -0.030307 0.238203 0.143152 0.199226 0.419636 0.649831 1.000000 -0.370393 -0.307334 -0.176174 -0.097234 -0.343889 -0.293309 -0.172185 0.130610 0.111870 0.451609 -0.266422 -0.209804 0.062906 -0.034420 -0.075684 -0.140815 -0.304116 -0.152576 -0.381728 -0.052064 -0.394327 -0.358514 0.121477 0.093062 0.065562 0.170297 0.055992 0.010765 0.368547 0.297258 0.380454 0.501132 -0.120634 -0.316821 -0.169607 0.033817 -0.181986 -0.302327 -0.369571 -0.019922 -0.006758 0.192079 -0.176941 -0.231174 -0.093103 -0.244172 -0.076026 -0.103163 -0.085305 0.070002 -0.190009 -0.135678 -0.025368 -0.142348 -0.105441 -0.312343 -0.126894 -0.170765 -0.439468 -0.234594 -0.274043 -0.314977 -0.320988 -0.423933 -0.123688 0.016675 -0.062912 -0.061614 0.068086 -0.116439 0.052401 -0.047738 -0.144472 -0.204834 0.308478 -0.285439 -0.485186 -0.188152 -0.016510 -0.305815
