1.000000 0.462567 -0.114707 -0.115021 0.002785 -0.077046 -0.178321 -0.266192 0.107083 0.009819 0.453714 -0.001265 0.214662 0.171993 0.027464 -0.222340 0.071978 -0.058961 0.303380 0.152776 -0.279433 -0.188927 -0.235714 -0.386000 -0.339683 -0.496410 -0.069887 -0.117952 0.148190 -0.112755 -0.397906 -0.491060 0.072813 -0.185040 -0.220839 -0.069163 -0.084774 0.055267 0.192176 0.218351 -0.039701 -0.016906 -0.029139 -0.184471 -0.227172 -0.308263 -0.051284 -0.114140 0.214363 -0.255415 -0.247528 -0.129954 0.472551 0.019082 0.280487 -0.051597 0.561949 0.342744 0.627113 0.285839 0.490170 0.301460 -0.238405 -0.189394 -0.352721 -0.004422 -0.231789 -0.412362 0.151300 0.026743 0.082577 -0.112840 0.167722 -0.001855 0.187731 0.205805 0.185924 -0.053065 -0.152387 -0.100859 -0.022650 -0.164903 -0.242041 -0.213846 -0.222408 -0.398580 0.121902 0.051031 0.036732 0.167311 0.264679 0.349322 0.182578 0.404183 -0.029209 -0.126307 0.016528 0.088079 0.132516 0.287244 0.042767 0.294586 -0.102952 0.130017 -0.189026 -0.139891 0.009085 0.042437 0.075047 0.078438 -0.149505 0.203282 0.138550 -0.117598 -0.050851 0.051918
0.462567 1.000000 -0.281860 0.060664 -0.214201 -0.103116 -0.431669 -0.190314 -0.067989 -0.064134 0.361388 0.376217 0.210744 0.537372 0.302465 0.163070 0.338862 0.360446 0.034190 0.241024 -0.247386 0.024003 -0.173713 -0.347943 -0.276561 -0.260369 0.273623 0.157742 0.160759 0.018484 -0.423181 -0.365030 0.185073 -0.097538 -0.412832 -0.248984 -0.114868 -0.025708 0.001869 -0.092170 -0.148583 -0.060956 -0.261976 -0.278009 -0.505491 -0.533453 -0.303772 -0.226281 -0.158868 -0.477235 -0.253612 -0.224768 0.175238 -0.133601 0.312791 -0.058390 0.593852 0.673911 0.331885 0.254918 0.135728 0.198984 -0.150273 0.051164 -0.437168 0.165200 -0.182637 -0.340002 0.449748 0.233916 -0.094096 0.133779 0.116938 0.190292 0.034062 0.085795 0.055291 -0.026521 0.181384 0.288398 0.481822 0.132718 0.036289 -0.433158 -0.144636 -0.272293 0.165848 -0.229730 0.291120 0.186090 -0.128482 -0.097585 0.076820 0.146151 0.011321 -0.016487 0.326495 0.243737 0.139161 0.330990 0.165299 0.107504 0.104835 0.109215 -0.011562 -0.026221 -0.054532 0.245793 -0.007219 0.248883 0.069264 0.377894 0.019357 -0.024844 0.377802 0.074859
-0.114707 -0.281860 1.000000 0.274118 0.411809 -0.012871 0.619111 0.044192 0.551393 -0.025182 -0.090469 -0.150852 0.131293 -0.242372 -0.045080 -0.104045 -0.345453 -0.499444 0.372002 -0.002502 0.039966 -0.084795 0.614228 0.519523 0.587740 0.245829 0.239926 0.126162 -0.263154 -0.488570 0.073389 -0.102010 -0.143142 -0.206456 0.192439 0.181526 -0.271908 -0.255161 -0.092579 -0.007128 0.006537 -0.280335 -0.069886 -0.086700 -0.116843 -0.065905 -0.112615 -0.021031 0.212809 -0.112794 0.415074 0.027750 0.246845 0.052767 -0.133171 -0.255565 -0.331096 -0.361230 -0.068515 -0.108286 0.002693 -0.121695 -0.370046 -0.340354 0.162753 0.060769 0.064666 0.305728 -0.117472 0.091491 0.017015 0.083551 -0.379861 -0.354807 -0.291046 -0.212939 -0.314808 -0.190068 -0.362114 -0.342478 -0.456966 -0.482420 0.059514 -0.004911 0.044735 -0.095936 0.000066 -0.010759 0.433063 0.242235 0.269770 0.318615 0.310312 0.207857 0.090996 -0.179302 -0.171144 -0.111427 -0.337569 -0.108741 -0.124195 -0.040304 -0.158882 0.207110 0.047459 0.167614 -0.093753 0.001009 -0.162328 -0.124034 0.233649 -0.218994 0.068803 -0.103422 -0.236220 -0.211560
-0.115021 0.060664 0.274118 1.000000 0.027606 0.157389 0.421675 0.486069 0.371195 0.280119 -0.136351 0.425961 0.116635 0.275885 0.024839 0.524221 -0.142538 -0.061976 0.278683 0.107939 -0.325410 0.018046 0.198140 0.597477 0.055615 0.276675 0.070406 0.327898 0.036745 -0.101951 0.040551 0.128003 0.219639 -0.129199 -0.319756 -0.131281 -0.452186 -0.283540 -0.321737 -0.162469 -0.213124 -0.469195 -0.457278 -0.376799 -0.514306 -0.416013 -0.505623 -0.419968 -0.104639 -0.449007 0.186036 -0.199473 0.081740 -0.278453 -0.199362 -0.362470 -0.096995 -0.130337 -0.166080 0.156630 0.179717 0.299008 0.043830 0.006450 0.220041 0.438475 0.072622 0.248767 -0.001135 0.200173 -0.357614 0.202227 -0.191249 -0.235886 -0.062904 -0.114519 -0.260375 -0.119130 -0.121032 0.026552 0.002045 -0.174278 0.268470 0.089310 -0.063701 0.126172 0.020701 -0.074343 0.336737 0.259700 0.059496 -0.020255 0.392456 0.210598 -0.113473 0.081485 -0.264266 0.007265 -0.434864 -0.161743 0.115301 0.086760 0.093844 0.076425 0.146676 0.031904 0.013066 0.153279 -0.266120 -0.153958 -0.330116 -0.197412 0.096607 -0.059030 0.022359 -0.092944
0.002785 -0.214201 0.411809 0.027606 1.000000 0.573739 0.515200 0.307181 0.585585 0.388779 -0.217583 -0.293891 0.254185 -0.184987 -0.062436 -0.224909 -0.327477 -0.410789 0.362674 0.237699 -0.254592 -0.313097 -0.012631 0.142253 0.301900 0.012258 -0.155062 -0.128375 -0.182487 -0.240051 0.055457 -0.041453 -0.012634 0.188191 0.168557 0.452895 -0.176938 -0.441854 -0.082967 -0.199418 -0.094996 -0.202422 -0.013205 -0.040437 0.088974 0.196208 -0.088168 0.049190 0.133374 -0.045385 -0.052347 -0.240808 0.163034 -0.105014 -0.394814 -0.376105 -0.279544 -0.254030 0.239529 0.202501 0.259082 0.214663 -0.239359 -0.097407 0.102019 0.152251 0.232086 0.379952 0.132831 0.271859 -0.138280 0.008207 -0.201329 -0.286991 -0.023704 -0.074360 0.013408 -0.177189 -0.308875 -0.189595 -0.343517 -0.263728 -0.242591 0.021908 -0.335859 -0.357650 -0.157288 -0.103122 0.132662 -0.314092 0.268963 0.253094 0.250261 0.076560 -0.029465 -0.351487 -0.277644 -0.122125 -0.233784 -0.152774 -0.159182 0.020996 -0.050092 0.210128 0.016008 -0.032857 -0.088580 0.118930 -0.309468 -0.416169 0.015595 -0.191018 -0.004184 -0.174433 -0.320556 -0.061386
-0.077046 -0.103116 -0.012871 0.157389 0.573739 1.000000 0.252222 0.431231 0.289874 0.657936 -0.373025 -0.012415 0.112360 0.111918 -0.175263 -0.057182 -0.277299 -0.199219 0.250158 0.164541 -0.228678 -0.246799 -0.290062 0.041097 0.027283 0.204820 -0.077310 0.091607 -0.198092 -0.070521 0.008518 0.056489 0.214831 0.312394 0.039246 0.443857 -0.032770 -0.180221 -0.008161 -0.188706 0.025536 0.001440 -0.237439 -0.126235 -0.090032 0.097228 -0.344566 -0.197591 -0.078160 -0.216254 -0.188855 -0.331075 0.049927 -0.273273 -0.377319 -0.268134 -0.156911 -0.130365 0.169548 0.268474 0.283760 0.407057 -0.085082 -0.028431 0.175804 0.509663 0.261804 0.349797 0.227371 0.252701 -0.219127 0.192897 -0.163314 -0.115753 0.085589 0.154161 0.174522 0.035959 -0.073647 0.184977 -0.101728 0.004736 -0.309413 -0.061845 -0.292396 -0.277345 -0.160094 -0.057351 0.071376 -0.231759 0.022164 -0.156264 0.129802 0.061421 -0.008284 -0.032692 -0.211721 -0.140949 -0.238585 -0.191906 -0.228092 -0.175377 -0.103685 -0.095384 0.122829 -0.192614 -0.317998 0.339548 -0.145424 -0.256046 -0.105403 -0.252958 -0.104670 -0.158515 -0.256582 -0.031240
-0.178321 -0.431669 0.619111 0.421675 0.515200 0.252222 1.000000 0.615908 0.660584 0.450810 -0.337787 -0.028339 0.130141 -0.145866 -0.160772 0.130348 -0.390630 -0.174381 0.474264 0.187523 -0.125149 -0.186220 0.132619 0.393902 0.269759 0.167236 -0.319584 -0.159509 0.061291 0.003794 0.314809 0.130476 0.192847 0.224139 0.034302 0.101156 -0.188517 -0.290054 -0.191139 -0.078702 -0.060410 -0.349362 -0.262516 -0.263724 -0.087100 0.044800 -0.252664 -0.277283 -0.122492 -0.194255 0.139397 -0.278927 -0.113903 -0.174742 -0.438736 -0.455422 -0.540765 -0.595566 -0.156550 -0.020363 0.181980 0.131442 0.040182 0.095903 0.459627 0.148851 0.252285 0.456454 -0.015744 0.242767 -0.221875 -0.066375 -0.022019 -0.196367 0.113957 -0.069571 0.003835 -0.119302 -0.256712 -0.338299 -0.343834 -0.158504 0.060620 0.373901 -0.025383 0.025397 -0.082270 0.040862 0.135581 -0.163483 0.104268 0.171432 0.319711 0.004455 -0.235695 0.011199 -0.475871 -0.169313 -0.507012 -0.369613 -0.045602 -0.144899 -0.031371 0.135546 -0.060715 -0.076621 -0.004482 -0.075919 -0.335924 -0.301844 -0.266068 -0.361150 -0.026840 -0.141278 -0.348724 -0.154922
-0.266192 -0.190314 0.044192 0.486069 0.307181 0.431231 0.615908 1.000000 0.349787 0.732390 -0.350535 0.159015 0.020739 0.161377 -0.093501 0.342086 -0.128378 0.091183 0.210966 0.186880 -0.270515 -0.185855 -0.302127 0.179617 -0.102209 0.081795 -0.431670 -0.071556 0.112039 0.188580 0.157695 0.138267 0.262061 0.125248 -0.303178 -0.124481 -0.149427 -0.197185 -0.235422 -0.204920 -0.194541 -0.285156 -0.303712 -0.268551 -0.213149 -0.100151 -0.318586 -0.323247 -0.290445 -0.272717 -0.031129 -0.243502 -0.242033 -0.140260 -0.429353 -0.330492 -0.280653 -0.289018 -0.191184 0.172183 0.175548 0.383242 0.284974 0.326956 0.399275 0.367456 0.207820 0.350918 0.016486 0.243668 -0.438287 -0.069413 0.017041 0.072907 0.194327 0.026513 0.014842 -0.109687 0.014093 -0.014821 0.091910 0.106869 0.118377 0.257319 -0.145994 0.003719 -0.254789 -0.006060 -0.142480 -0.355457 -0.076128 -0.099282 0.284413 -0.030784 -0.311414 0.060912 -0.368290 -0.069549 -0.358886 -0.308839 0.178658 -0.140166 0.103637 0.084312 0.145600 -0.049300 -0.055104 0.080884 -0.268862 -0.289208 -0.487117 -0.336385 -0.128949 -0.146748 -0.116873 -0.108692
0.107083 -0.067989 0.551393 0.371195 0.585585 0.289874 0.660584 0.349787 1.000000 0.350132 -0.034330 0.074089 0.447624 0.025222 0.114966 0.093768 -0.239910 -0.218670 0.437105 0.178726 -0.389265 -0.278600 0.313189 0.388189 0.315547 0.001166 -0.095037 -0.020382 0.023363 -0.131611 0.106384 -0.075410 -0.000311 -0.000636 0.017393 0.193727 -0.483108 -0.449818 -0.189979 -0.058345 -0.161238 -0.442314 -0.202301 -0.235108 -0.145632 -0.074010 -0.230076 -0.178465 -0.014913 -0.227232 0.111748 -0.200289 0.196295 -0.038033 -0.318473 -0.406625 -0.246597 -0.251699 0.082749 0.059525 0.265433 0.184872 -0.298011 -0.196215 0.213429 0.166289 -0.056090 0.177801 -0.048909 0.147616 -0.136694 -0.067631 -0.161383 -0.378346 -0.086470 -0.061882 -0.120709 -0.285788 -0.223334 -0.199622 -0.322820 -0.280314 -0.023305 0.054198 -0.237510 -0.275025 -0.037857 -0.064903 0.270584 0.031991 0.251903 0.339082 0.438948 0.285838 -0.154377 -0.199972 -0.298847 -0.151948 -0.244720 -0.135248 -0.101010 0.073316 -0.073764 0.110955 -0.040252 0.028424 0.018938 -0.056903 -0.287928 -0.273694 -0.112911 -0.148993 -0.045836 -0.120109 -0.285730 -0.121643
0.009819 -0.064134 -0.025182 0.280119 0.388779 0.657936 0.450810 0.732390 0.350132 1.000000 -0.301564 0.214935 0.133718 0.303757 -0.141687 0.259329 -0.210418 0.092541 0.314060 0.392542 -0.304329 -0.239591 -0.489272 0.043274 -0.112745 0.050549 -0.353346 -0.057247 0.049497 0.197390 0.005396 -0.035469 0.397047 0.205223 -0.123656 0.145630 -0.038728 -0.080067 -0.183735 -0.077612 -0.136079 -0.189166 -0.404528 -0.348064 -0.272491 -0.082894 -0.412500 -0.372508 -0.308996 -0.384775 -0.296423 -0.428181 -0.080892 -0.232189 -0.425663 -0.397475 -0.148910 -0.236153 0.110532 0.222190 0.376314 0.577510 0.112808 0.226070 0.173306 0.484443 0.194503 0.277355 0.219997 0.411504 -0.271254 0.036453 0.005126 -0.068101 0.142162 0.126466 0.242130 0.028576 0.070963 -0.041885 0.091459 0.124875 -0.125005 0.136896 -0.337519 -0.272888 -0.188970 -0.072104 -0.074803 -0.396223 0.087899 0.036113 0.379064 0.034327 -0.161985 0.015413 -0.296745 0.015422 -0.317664 -0.150278 0.079200 -0.055325 0.053680 0.092133 0.109542 -0.120643 -0.134536 0.120344 -0.214713 -0.277521 -0.229416 -0.347924 -0.097631 -0.252913 -0.161713 -0.022081
0.453714 0.361388 -0.090469 -0.136351 -0.217583 -0.373025 -0.337787 -0.350535 -0.034330 -0.301564 1.000000 0.338835 0.567563 0.409372 0.619837 0.087041 0.602220 -0.059556 0.025989 0.052975 -0.250735 -0.170316 0.060595 -0.247456 -0.185383 -0.495571 0.143164 -0.092737 0.218272 -0.080510 -0.436384 -0.451408 -0.151520 -0.221557 -0.191263 -0.253119 -0.345044 -0.211389 -0.012490 -0.015962 -0.196295 -0.294832 -0.032880 -0.178708 -0.210709 -0.388160 -0.040726 -0.024486 0.350031 -0.074847 0.085666 0.255678 0.448972 0.225416 0.310495 0.082557 0.188324 0.207920 0.462752 0.352152 0.144985 0.088771 -0.335703 -0.139542 -0.400056 -0.184476 -0.065524 -0.203400 0.147761 -0.007943 -0.014799 -0.215539 0.004893 -0.154649 -0.232544 -0.149368 -0.144274 -0.263919 -0.249236 -0.197998 0.095118 -0.322856 0.113029 -0.428058 -0.015727 -0.276673 -0.068294 -0.203179 0.044213 0.185181 0.058914 0.314035 -0.042663 0.129367 0.006644 -0.242029 0.049069 0.110199 0.162445 0.224382 -0.118238 0.194250 0.107955 0.257335 0.064309 0.195724 0.046554 0.127094 0.223708 0.101440 -0.011772 0.104207 0.176824 -0.001876 0.355476 -0.090775
-0.001265 0.376217 -0.150852 0.425961 -0.293891 -0.012415 -0.028339 0.159015 0.074089 0.214935 0.338835 1.000000 0.307191 0.811860 0.479959 0.658438 0.360769 0.304815 0.090379 0.094053 -0.233524 0.013797 -0.055198 0.171728 -0.085278 -0.031592 0.097925 0.094153 0.299256 0.208174 -0.051333 0.044771 0.072075 -0.034366 -0.263236 -0.115233 -0.214630 -0.089969 -0.207855 -0.097547 -0.184074 -0.341838 -0.588528 -0.503787 -0.509621 -0.465425 -0.560286 -0.441148 -0.160836 -0.426127 -0.129143 -0.230283 0.012541 -0.225096 -0.029290 -0.200788 -0.143818 -0.146615 -0.071968 0.162468 0.163253 0.386577 0.059858 0.100367 0.042626 0.334876 0.004834 0.115072 0.207800 0.216411 -0.393264 0.024954 0.037169 -0.163299 -0.169168 -0.247583 -0.205661 -0.172560 -0.039787 -0.017316 0.398342 0.012950 0.498319 -0.106316 0.125095 0.099965 0.245665 -0.157991 0.298085 0.129964 -0.235929 -0.002051 0.199712 -0.058325 -0.015808 0.127261 -0.060551 0.033386 -0.310184 -0.184256 0.071478 0.076607 -0.022379 0.078537 0.151126 0.197340 -0.055482 0.247717 0.081088 -0.070934 -0.142691 -0.144391 0.145394 -0.070411 0.406225 0.011524
0.214662 0.210744 0.131293 0.116635 0.254185 0.112360 0.130141 0.020739 0.447624 0.133718 0.567563 0.307191 1.000000 0.457111 0.584081 0.287280 0.368442 -0.025608 0.384905 0.246365 -0.453241 -0.181239 -0.034959 -0.080332 0.057576 -0.230028 -0.002664 -0.014086 0.068625 0.002469 -0.326833 -0.345163 0.061743 0.074940 -0.217861 -0.014101 -0.551078 -0.365991 -0.233012 -0.139883 -0.390056 -0.471822 -0.258600 -0.338448 -0.287019 -0.364565 -0.228334 -0.133457 0.239303 -0.285454 0.114387 -0.068034 0.325758 -0.097800 -0.035867 -0.227472 -0.124812 -0.045951 0.323162 0.373654 0.431519 0.245431 -0.360367 -0.059653 -0.253432 -0.017355 0.173771 0.212812 0.294790 0.296350 -0.122795 -0.126587 -0.142609 -0.256316 -0.217665 -0.133798 -0.039720 -0.252473 -0.189095 -0.225420 -0.029323 -0.298873 -0.120254 -0.372999 -0.322752 -0.408672 -0.083671 -0.373190 0.069228 0.037501 0.102454 0.348584 0.139042 0.173809 0.004607 -0.466300 0.057975 -0.026695 -0.053856 0.124064 -0.131718 0.213929 0.349817 0.313852 0.059352 0.158674 0.122903 0.093797 -0.094767 -0.267508 0.025668 -0.058217 0.085695 -0.042625 0.035669 0.021221
0.171993 0.537372 -0.242372 0.275885 -0.184987 0.111918 -0.145866 0.161377 0.025222 0.303757 0.409372 0.811860 0.457111 1.000000 0.502083 0.609696 0.398598 0.317126 0.185806 0.179455 -0.386112 -0.020310 -0.223873 -0.146745 -0.271402 -0.160524 0.036957 0.048386 0.282467 0.231050 -0.299121 -0.191972 0.185601 -0.053849 -0.417353 -0.196628 -0.210219 -0.064257 -0.161097 -0.106002 -0.175555 -0.335376 -0.452995 -0.377113 -0.510302 -0.514861 -0.452786 -0.336115 -0.089729 -0.434684 -0.160903 -0.223411 0.089721 -0.222616 0.074381 -0.129392 0.060263 0.080370 0.141473 0.254436 0.257965 0.430415 -0.007874 0.084635 -0.228289 0.350632 0.049989 0.030450 0.412006 0.350110 -0.384381 0.038088 0.096128 -0.006946 -0.037636 -0.081475 -0.031204 -0.155481 0.105346 0.149597 0.455533 0.065946 0.284285 -0.360383 -0.116383 -0.238815 0.203818 -0.285500 0.182601 0.054254 -0.213352 -0.055695 0.117928 0.060167 -0.026212 -0.018068 0.066501 0.121761 -0.125001 0.062492 0.024621 0.133619 0.022038 0.076630 0.091347 0.060193 -0.070231 0.283253 -0.027827 -0.171618 -0.157014 -0.030070 0.114137 -0.072736 0.346711 0.057636
0.027464 0.302465 -0.045080 0.024839 -0.062436 -0.175263 -0.160772 -0.093501 0.114966 -0.141687 0.619837 0.479959 0.584081 0.502083 1.000000 0.521292 0.771206 0.156966 0.081129 0.145870 -0.007401 0.090986 0.109265 -0.052837 0.111659 -0.160374 0.206341 0.021436 0.403837 0.115311 -0.048155 -0.039502 -0.109771 0.067326 -0.102793 -0.135459 -0.492286 -0.492001 -0.360700 -0.290976 -0.410727 -0.488760 -0.178681 -0.246373 -0.232034 -0.338229 -0.212546 -0.068460 0.050106 -0.153181 0.127720 0.100244 0.087763 0.152779 -0.146569 -0.206791 -0.045263 0.079099 0.086968 0.189913 0.065701 -0.034843 -0.147278 0.080973 -0.019377 -0.029875 0.008668 0.054997 0.326956 0.126327 -0.214621 -0.059517 -0.101580 -0.187060 -0.283441 -0.215853 -0.233127 -0.234976 -0.022155 -0.121590 0.313356 -0.207048 0.485421 -0.289764 0.164085 -0.107088 0.086241 -0.529819 0.032410 -0.119122 -0.277326 0.148578 -0.065514 0.053111 -0.018932 -0.111820 0.055408 0.088256 -0.111543 -0.000576 -0.057526 0.162452 0.111072 0.134640 -0.009851 0.113253 -0.006810 0.133228 0.134869 0.031515 0.019388 0.030795 0.012390 0.037479 0.295367 0.159559
-0.222340 0.163070 -0.104045 0.524221 -0.224909 -0.057182 0.130348 0.342086 0.093768 0.259329 0.087041 0.658438 0.287280 0.609696 0.521292 1.000000 0.413833 0.365869 0.045570 0.253036 -0.120552 0.324400 -0.060591 0.247670 -0.052562 0.126153 -0.100941 0.079465 0.459734 0.430286 0.156346 0.262209 0.243730 0.164089 -0.277486 -0.258753 -0.326505 -0.142325 -0.417760 -0.081392 -0.269311 -0.432541 -0.433404 -0.379825 -0.404433 -0.349002 -0.435237 -0.375584 -0.325191 -0.347426 0.001558 -0.196661 -0.189691 -0.152857 -0.267832 -0.276589 -0.231407 -0.205383 -0.244918 -0.004684 0.109370 0.128815 0.254061 0.317791 0.124548 0.112931 0.102662 0.163443 0.307782 0.309056 -0.355233 0.071530 0.072438 -0.035026 -0.009859 -0.196127 -0.078101 -0.009862 0.217693 -0.033200 0.414814 0.086505 0.592264 0.181433 0.032786 0.156002 0.173434 -0.278316 -0.014065 -0.077552 -0.400171 -0.095532 0.048665 -0.007222 -0.087736 0.132046 0.000953 0.181904 -0.399633 -0.168430 0.083470 0.075518 0.204486 0.009132 -0.027573 -0.008776 0.155620 -0.030822 -0.101939 -0.145891 -0.285069 -0.127732 0.001751 0.120734 0.235201 0.214904
0.071978 0.338862 -0.345453 -0.142538 -0.327477 -0.277299 -0.390630 -0.128378 -0.239910 -0.210418 0.602220 0.360769 0.368442 0.398598 0.771206 0.413833 1.000000 0.339879 -0.215105 0.110604 0.069595 0.132831 -0.143761 -0.242534 -0.140897 -0.245819 0.017249 -0.060749 0.422858 0.254948 -0.082256 -0.065030 -0.110305 0.052155 -0.197000 -0.231181 -0.284847 -0.277356 -0.245841 -0.199084 -0.298771 -0.224579 -0.007881 -0.106178 -0.088763 -0.183570 -0.066981 -0.073032 -0.034016 -0.005358 -0.001464 0.193570 -0.097697 0.183833 -0.086152 -0.045756 0.137145 0.235084 0.052890 0.116199 -0.034893 -0.096406 -0.008233 0.190565 -0.126628 -0.141507 -0.112009 -0.148187 0.181061 -0.009538 -0.155259 -0.091528 0.082723 0.093082 -0.054581 -0.025658 -0.079586 -0.213137 0.211518 0.018951 0.577713 0.084137 0.426992 -0.216931 0.137951 0.015665 -0.094889 -0.374960 -0.257807 -0.187239 -0.357565 -0.005140 -0.195222 -0.046926 -0.105655 0.049011 0.150173 0.106543 0.114703 0.028143 -0.083494 0.045055 0.184511 0.154660 0.088767 0.153201 0.092013 0.017878 0.229066 0.262822 -0.089710 0.168357 -0.036239 0.061166 0.378151 0.117310
-0.058961 0.360446 -0.499444 -0.061976 -0.410789 -0.199219 -0.174381 0.091183 -0.218670 0.092541 -0.059556 0.304815 -0.025608 0.317126 0.156966 0.365869 0.339879 1.000000 -0.199397 0.197663 0.041270 0.246580 -0.342555 -0.300341 -0.360263 -0.131656 -0.139389 -0.116167 0.518704 0.735213 0.211290 0.135627 0.283697 0.302654 -0.096369 -0.313055 0.245410 0.125817 -0.203973 -0.001968 -0.187719 0.164930 -0.127324 -0.080479 -0.082813 -0.075432 -0.036303 -0.177068 -0.618425 -0.151384 -0.387027 -0.310743 -0.602577 -0.260675 -0.114225 -0.131419 0.137183 0.263832 -0.225070 -0.195574 -0.070802 -0.135514 0.495596 0.567029 -0.013395 -0.076800 -0.054429 -0.219487 0.297823 0.248387 -0.218729 -0.221141 0.522113 0.317419 0.293078 0.111751 0.359991 0.126451 0.627046 0.312307 0.659933 0.711968 0.134822 0.199792 0.091093 0.150500 -0.102531 -0.198922 -0.222931 -0.352752 -0.296068 -0.295519 -0.012147 -0.203832 -0.165660 0.176093 0.189529 0.210559 0.146447 -0.012461 0.287318 -0.062316 0.238172 -0.009539 -0.282558 -0.265989 0.307474 -0.291937 -0.155033 0.083451 -0.180206 0.244563 -0.196479 0.066187 0.216583 0.286626
0.303380 0.034190 0.372002 0.278683 0.362674 0.250158 0.474264 0.210966 0.437105 0.314060 0.025989 0.090379 0.384905 0.185806 0.081129 0.045570 -0.215105 -0.199397 1.000000 0.432643 -0.303680 -0.330613 -0.033999 -0.005751 0.061352 -0.236842 -0.184923 -0.269750 0.029182 -0.050542 -0.090589 -0.284297 0.373164 0.196039 -0.114455 0.080490 -0.296019 -0.258893 -0.175733 -0.125105 -0.155164 -0.381183 -0.268994 -0.309223 -0.295531 -0.288038 -0.266985 -0.171013 0.093355 -0.381689 -0.014415 -0.300580 0.257647 -0.168804 -0.091203 -0.355501 -0.163071 -0.233544 0.288987 0.293142 0.408311 0.219706 -0.196531 -0.067691 0.095244 0.110118 0.280705 0.203054 0.306229 0.300874 -0.168275 0.053639 0.049400 -0.038321 0.158691 0.134312 0.051646 -0.026001 -0.257944 -0.261868 -0.298076 -0.213465 -0.162252 -0.083142 -0.235305 -0.430315 0.038180 -0.063898 0.288253 0.087485 0.255276 0.364612 0.258287 0.289424 -0.228259 -0.192421 -0.359873 -0.154700 -0.241042 0.070126 -0.066023 0.067942 -0.121882 0.175391 -0.041341 -0.089374 -0.080817 0.155668 -0.202290 -0.298435 -0.093638 -0.071846 0.088591 -0.283433 -0.330991 0.079142
0.152776 0.241024 -0.002502 0.107939 0.237699 0.164541 0.187523 0.186880 0.178726 0.392542 0.052975 0.094053 0.246365 0.179455 0.145870 0.253036 0.110604 0.197663 0.432643 1.000000 -0.172503 -0.106463 -0.252802 0.012111 -0.133265 -0.267060 -0.251179 -0.312093 0.199101 0.254703 -0.048450 -0.236582 0.430219 0.370284 -0.131283 -0.045704 -0.147076 -0.060364 -0.322841 -0.002824 -0.185439 -0.180369 -0.254697 -0.385029 -0.352728 -0.249523 -0.303916 -0.293617 -0.363661 -0.438812 -0.368880 -0.336842 -0.005381 -0.142254 -0.321283 -0.395915 -0.086402 0.008747 0.264861 0.175473 0.227633 0.130345 -0.051962 0.309380 -0.046258 -0.121055 0.094898 -0.033141 0.634650 0.640543 -0.028221 0.153190 0.128679 -0.001168 0.068640 0.236499 0.158617 0.108592 0.129053 -0.163863 0.149507 0.246497 -0.060033 0.250154 -0.335309 -0.348498 -0.164165 -0.119204 0.043027 -0.237589 0.231280 0.310241 0.282026 0.273368 -0.131386 -0.099803 -0.237811 0.235113 -0.257351 0.097451 0.062991 0.153170 0.198754 0.197270 -0.065617 -0.099935 0.072209 -0.009793 -0.266767 -0.237095 -0.018499 0.109775 -0.108605 -0.152497 -0.195535 0.325634
-0.279433 -0.247386 0.039966 -0.325410 -0.254592 -0.228678 -0.125149 -0.270515 -0.389265 -0.304329 -0.250735 -0.233524 -0.453241 -0.386112 -0.007401 -0.120552 0.069595 0.041270 -0.303680 -0.172503 1.000000 0.440010 0.145796 0.085991 0.392132 0.475383 0.282403 0.114480 0.067681 0.036460 0.369051 0.401920 -0.227883 0.123358 0.261750 0.070417 0.363978 0.166218 0.176190 0.061016 0.200018 0.291207 0.129657 0.144442 0.200053 0.232982 0.137751 0.078975 -0.147188 0.205286 0.096934 0.096779 -0.229458 0.084538 -0.142583 0.000042 -0.068261 -0.085177 -0.271075 -0.365599 -0.301453 -0.416232 0.058573 -0.042715 0.211885 -0.124380 -0.054350 0.058925 -0.027499 -0.088601 0.348212 0.199894 0.063708 0.113607 0.046279 0.132347 0.154549 0.298381 0.048023 0.020780 -0.008262 0.017041 0.232808 0.259135 0.407014 0.334958 0.183545 -0.042459 -0.062239 -0.153260 -0.243237 -0.145882 -0.237257 -0.252802 0.026698 0.195428 0.143239 0.004811 -0.138036 -0.134302 0.023918 -0.242162 -0.173213 -0.134915 -0.107712 -0.096898 -0.187649 -0.042791 0.141956 0.272924 0.324864 -0.076386 0.061017 0.169168 -0.115692 0.019483
-0.188927 0.024003 -0.084795 0.018046 -0.313097 -0.246799 -0.186220 -0.185855 -0.278600 -0.239591 -0.170316 0.013797 -0.181239 -0.020310 0.090986 0.324400 0.132831 0.246580 -0.330613 -0.106463 0.440010 1.000000 -0.021529 0.135052 0.100675 0.389378 0.287814 0.346651 0.072718 0.207438 0.183544 0.366622 -0.111269 0.006477 0.132600 -0.141951 0.026929 0.209141 -0.179235 0.404681 -0.059936 0.185045 0.033845 0.114985 0.030534 0.103974 0.016802 0.065195 -0.267297 0.088114 -0.036896 -0.099409 -0.306933 -0.177649 -0.136254 0.060909 -0.007817 -0.015981 -0.231874 -0.182101 -0.099997 -0.238705 0.220951 0.113205 -0.008338 -0.156378 0.043203 0.091945 0.047585 0.036519 0.237241 0.084874 -0.067649 0.151567 0.018415 -0.052499 0.064649 0.224441 0.270730 -0.158591 0.198857 0.041246 0.359254 0.179312 0.034732 0.152344 0.243491 -0.175913 -0.140081 -0.000037 -0.322472 -0.131030 -0.134252 -0.083607 0.351311 0.020634 0.525381 0.129993 -0.204038 -0.021411 0.227439 0.109739 0.222592 -0.254667 -0.416902 -0.118011 0.404393 -0.400492 0.079759 0.009214 0.224279 0.056769 -0.082330 0.193496 0.042371 0.391738
-0.235714 -0.173713 0.614228 0.198140 -0.012631 -0.290062 0.132619 -0.302127 0.313189 -0.489272 0.060595 -0.055198 -0.034959 -0.223873 0.109265 -0.060591 -0.143761 -0.342555 -0.033999 -0.252802 0.145796 -0.021529 1.000000 0.596375 0.569046 0.284690 0.476120 0.289008 -0.203097 -0.434400 0.184738 0.142063 -0.342998 -0.297552 0.208306 0.092587 -0.251839 -0.209826 0.045935 0.007835 0.098840 -0.170426 0.172299 0.193274 0.060098 0.028755 0.127155 0.161330 0.211830 0.157210 0.488875 0.335285 0.210888 0.278600 0.160304 0.081132 -0.176327 -0.096036 -0.306869 -0.341285 -0.355367 -0.486260 -0.328679 -0.467481 0.124577 -0.109905 -0.259255 -0.015921 -0.277921 -0.231581 -0.014302 0.029716 -0.361838 -0.415628 -0.400384 -0.273197 -0.463901 -0.227094 -0.265729 -0.048173 -0.440308 -0.397218 0.163314 0.000412 0.292190 0.195348 0.098704 0.123614 0.420734 0.441005 0.019040 0.086465 0.025610 0.165853 0.057531 0.009240 -0.039492 -0.047429 -0.023880 0.004224 -0.227752 -0.047092 -0.243985 -0.002894 0.050735 0.118882 -0.056329 -0.054895 -0.045344 0.076142 0.200774 0.050206 0.066344 0.193447 -0.012011 -0.133533
-0.386000 -0.347943 0.519523 0.597477 0.142253 0.041097 0.393902 0.179617 0.388189 0.043274 -0.247456 0.171728 -0.080332 -0.146745 -0.052837 0.247670 -0.242534 -0.300341 -0.005751 0.012111 0.085991 0.135052 0.596375 1.000000 0.497191 0.469968 0.285740 0.401554 -0.246907 -0.303564 0.246724 0.322299 -0.189669 -0.215849 0.083818 0.119416 -0.294970 -0.164104 -0.164037 0.083654 -0.069129 -0.225809 -0.204811 -0.151477 -0.192074 -0.073234 -0.267274 -0.146625 -0.054828 -0.142408 0.329756 -0.023629 0.018060 -0.057189 -0.274667 -0.228585 -0.388855 -0.373985 -0.385365 -0.200181 -0.137245 -0.068990 -0.135995 -0.233664 0.376837 0.186689 -0.130932 0.283864 -0.270962 0.049851 -0.064118 0.186591 -0.463804 -0.470110 -0.385018 -0.212928 -0.445129 -0.101323 -0.252219 -0.197311 -0.285654 -0.281590 0.269117 0.307723 0.105204 0.305353 0.073882 0.122514 0.381578 0.285167 0.185590 0.220670 0.416236 0.221807 0.072374 0.022396 -0.185033 -0.018976 -0.400765 -0.235319 -0.023240 0.036688 -0.076810 0.075608 0.158037 0.224172 0.058327 -0.110732 -0.139541 -0.170245 0.069529 -0.216745 0.107615 -0.066584 -0.158741 -0.088187
-0.339683 -0.276561 0.587740 0.055615 0.301900 0.027283 0.269759 -0.102209 0.315547 -0.112745 -0.185383 -0.085278 0.057576 -0.271402 0.111659 -0.052562 -0.140897 -0.360263 0.061352 -0.133265 0.392132 0.100675 0.569046 0.497191 1.000000 0.576867 0.377621 0.247213 -0.224503 -0.327340 0.390317 0.397189 -0.220263 0.038497 0.373708 0.419086 -0.139315 -0.248951 0.031150 -0.003685 -0.003990 -0.082539 -0.014795 0.038475 0.066187 0.157103 -0.056285 0.077890 -0.010048 0.022896 0.232020 -0.019504 0.039693 0.139027 -0.205768 -0.133534 -0.320868 -0.274521 -0.303061 -0.260467 -0.234896 -0.323528 -0.398532 -0.484757 0.243729 0.032710 -0.090408 0.277518 -0.227535 -0.081485 0.236902 0.251551 -0.342163 -0.326418 -0.252828 -0.142194 -0.131020 0.047844 -0.359148 -0.209816 -0.344884 -0.398782 0.047333 0.074371 0.115092 0.036342 0.056252 -0.006161 0.199253 0.089022 -0.045136 0.198337 -0.012942 -0.009042 0.065461 -0.125100 0.076487 -0.087607 -0.222421 -0.104952 -0.202006 -0.139495 -0.189760 -0.027244 -0.028431 0.110929 -0.177251 0.004383 -0.159374 -0.072091 0.460468 -0.220371 0.047155 0.121838 -0.051336 -0.092959
-0.496410 -0.260369 0.245829 0.276675 0.012258 0.204820 0.167236 0.081795 0.001166 0.050549 -0.495571 -0.031592 -0.230028 -0.160524 -0.160374 0.126153 -0.245819 -0.131656 -0.236842 -0.267060 0.475383 0.389378 0.284690 0.469968 0.576867 1.000000 0.374370 0.460494 -0.235787 -0.193632 0.345373 0.549475 -0.124273 0.050388 0.154189 0.215318 0.064837 0.049598 0.073248 0.010795 0.171059 0.076252 -0.072453 0.095008 0.023080 0.178789 -0.113983 -0.018129 -0.216418 0.021110 0.157880 -0.083759 -0.164924 -0.185051 -0.252641 -0.020085 -0.202040 -0.191486 -0.502771 -0.316383 -0.292720 -0.199276 -0.096936 -0.274881 0.148913 0.241443 -0.082805 0.322514 -0.123236 -0.022172 0.162176 0.348662 -0.276061 -0.190019 -0.150182 -0.042787 0.062203 0.183173 0.014955 0.132948 -0.113223 -0.127742 0.141279 0.147995 0.148014 0.257257 0.135578 0.019887 0.165840 0.069929 -0.180414 -0.257596 -0.065421 -0.191041 0.184433 0.019761 0.158633 -0.071606 -0.289159 -0.163066 0.027818 -0.200049 -0.044399 -0.228350 0.058170 -0.014192 -0.239637 0.124799 -0.019840 0.071008 0.263579 -0.266976 0.076058 0.176078 -0.003799 -0.127969
-0.069887 0.273623 0.239926 0.070406 -0.155062 -0.077310 -0.319584 -0.431670 -0.095037 -0.353346 0.143164 0.097925 -0.002664 0.036957 0.206341 -0.100941 0.017249 -0.139389 -0.184923 -0.251179 0.282403 0.287814 0.476120 0.285740 0.377621 0.374370 1.000000 0.761327 -0.322601 -0.452619 -0.163998 0.039382 -0.298190 -0.274533 0.113420 0.066756 -0.146510 -0.130798 0.063325 0.028409 -0.133919 0.000300 -0.134144 -0.056993 -0.288733 -0.285419 -0.156886 0.017259 0.129076 -0.181711 0.249481 0.075163 0.187313 -0.089841 0.223124 0.056039 0.159349 0.293036 -0.001633 0.051170 -0.150194 -0.140975 -0.315490 -0.296811 -0.149348 0.251164 -0.072658 0.124984 0.055798 -0.041162 0.084985 0.229042 -0.500141 -0.235507 -0.483054 -0.141037 -0.271219 0.086535 -0.166572 0.095949 -0.072276 -0.398419 0.063757 -0.395966 0.198739 0.038630 0.125695 -0.274896 0.432653 0.383504 -0.024683 -0.059849 0.040309 0.064946 0.405727 -0.058942 0.462512 0.220216 0.025613 0.222442 0.084978 0.117368 0.039220 0.059205 -0.026906 0.041378 -0.059824 0.069103 0.106402 0.211124 0.504719 0.107815 0.073407 0.022871 0.202919 -0.050825
-0.117952 0.157742 0.126162 0.327898 -0.128375 0.091607 -0.159509 -0.071556 -0.020382 -0.057247 -0.092737 0.094153 -0.014086 0.048386 0.021436 0.079465 -0.060749 -0.116167 -0.269750 -0.312093 0.114480 0.346651 0.289008 0.401554 0.247213 0.460494 0.761327 1.000000 -0.430662 -0.405066 -0.188180 0.112571 -0.276017 -0.334474 -0.006747 0.088101 -0.246146 -0.094452 0.019258 -0.009019 -0.324549 -0.109201 -0.214188 -0.089682 -0.299369 -0.253690 -0.237770 -0.110219 0.157513 -0.204188 0.385649 0.081186 0.150642 -0.092861 0.200592 -0.005331 0.136863 0.194855 -0.081304 0.106883 0.018812 0.070928 -0.083705 -0.200848 -0.038469 0.442099 -0.022243 0.285756 -0.091352 -0.012850 -0.017362 0.175925 -0.609363 -0.209400 -0.415817 -0.207197 -0.316445 0.000899 -0.097266 0.120161 -0.021921 -0.363245 0.057964 -0.324578 0.091013 0.162322 0.127471 -0.250766 0.242399 0.357636 -0.117173 -0.141033 0.129044 0.084138 0.288642 -0.025636 0.427171 0.200805 -0.058208 0.049766 0.075031 0.191718 0.163792 0.062882 0.061711 0.024162 0.102485 -0.076400 -0.034347 0.152046 0.208566 -0.017377 0.017093 0.038134 0.120434 -0.079606
0.148190 0.160759 -0.263154 0.036745 -0.182487 -0.198092 0.061291 0.112039 0.023363 0.049497 0.218272 0.299256 0.068625 0.282467 0.403837 0.459734 0.422858 0.518704 0.029182 0.199101 0.067681 0.072718 -0.203097 -0.246907 -0.224503 -0.235787 -0.322601 -0.430662 1.000000 0.666463 0.381252 0.233625 0.317403 0.410260 -0.117389 -0.259786 0.100094 -0.124998 -0.023913 0.022094 0.035681 -0.112047 -0.188271 -0.235142 -0.146895 -0.107671 -0.217338 -0.310301 -0.471304 -0.187762 -0.415802 -0.359808 -0.320993 -0.138791 -0.283154 -0.328441 0.052169 0.054464 0.044210 -0.034977 0.100873 -0.026977 0.337403 0.401674 0.058266 -0.148764 0.010708 -0.199996 0.363171 0.239710 -0.168850 -0.109081 0.718757 0.180630 0.427781 0.184644 0.340553 0.062685 0.193934 0.060037 0.460788 0.307502 0.403350 0.295513 0.157515 0.077467 0.053183 -0.179327 -0.143724 -0.307039 -0.301546 -0.076392 -0.105600 -0.132307 -0.319791 0.294807 -0.164457 0.203135 -0.226143 -0.286636 -0.011521 -0.065515 -0.054767 -0.061759 -0.364741 -0.402435 -0.032848 -0.020892 -0.045602 0.038182 -0.350960 0.036924 -0.052360 0.044157 0.047348 0.121485
-0.112755 0.018484 -0.488570 -0.101951 -0.240051 -0.070521 0.003794 0.188580 -0.131611 0.197390 -0.080510 0.208174 0.002469 0.231050 0.115311 0.430286 0.254948 0.735213 -0.050542 0.254703 0.036460 0.207438 -0.434400 -0.303564 -0.327340 -0.193632 -0.452619 -0.405066 0.666463 1.000000 0.419338 0.317804 0.370893 0.519621 0.013906 -0.187393 0.242334 0.184194 -0.116350 0.152475 0.007471 0.142848 -0.079076 -0.046566 0.058349 0.111221 -0.060962 -0.154044 -0.582122 -0.033463 -0.483027 -0.319094 -0.535375 -0.099884 -0.259082 -0.085942 -0.140507 -0.065324 -0.140589 -0.180088 -0.033745 -0.076897 0.443134 0.532922 0.026950 -0.224447 0.099950 -0.153532 0.313400 0.250925 -0.133022 -0.167532 0.675779 0.397994 0.513220 0.282479 0.518361 0.280477 0.510721 0.058864 0.516534 0.631220 0.141018 0.419715 0.003880 0.007389 -0.040683 -0.049307 -0.438595 -0.446111 -0.349354 -0.212979 -0.132781 -0.262288 -0.249522 0.205470 0.038582 0.229848 -0.037868 -0.122621 -0.015191 -0.091474 0.164493 -0.189339 -0.402105 -0.394429 0.215925 -0.311396 -0.196084 -0.150390 -0.259017 -0.043321 -0.190859 0.142116 -0.033916 0.260606
-0.397906 -0.423181 0.073389 0.040551 0.055457 0.008518 0.314809 0.157695 0.106384 0.005396 -0.436384 -0.051333 -0.326833 -0.299121 -0.048155 0.156346 -0.082256 0.211290 -0.090589 -0.048450 0.369051 0.183544 0.184738 0.246724 0.390317 0.345373 -0.163998 -0.188180 0.381252 0.419338 1.000000 0.792809 -0.022434 0.492291 0.390650 0.242086 0.204471 -0.048605 0.018880 0.121773 0.220100 0.106886 0.115765 0.196377 0.312900 0.448774 0.041732 0.021443 -0.499283 0.168301 -0.238523 -0.223962 -0.488375 0.051792 -0.454699 -0.152798 -0.351038 -0.359374 -0.502006 -0.520910 -0.289966 -0.409601 0.161156 0.027642 0.457939 -0.109635 -0.124072 0.027025 -0.099142 -0.112788 -0.059064 0.016322 0.307583 0.002212 0.269454 0.070256 0.301177 0.261473 0.107276 -0.013704 0.003784 0.265372 0.242166 0.683062 0.298507 0.347449 0.029771 0.175960 -0.139974 -0.273893 -0.353138 -0.221663 -0.181103 -0.281173 -0.198367 0.328587 -0.147301 -0.050110 -0.295930 -0.391593 -0.140130 -0.322126 -0.271262 -0.323434 -0.407662 -0.408678 -0.060308 -0.254359 -0.205372 0.041257 -0.059673 -0.164542 -0.276183 0.135967 -0.136033 0.052454
-0.491060 -0.365030 -0.102010 0.128003 -0.041453 0.056489 0.130476 0.138267 -0.075410 -0.035469 -0.451408 0.044771 -0.345163 -0.191972 -0.039502 0.262209 -0.065030 0.135627 -0.284297 -0.236582 0.401920 0.366622 0.142063 0.322299 0.397189 0.549475 0.039382 0.112571 0.233625 0.317804 0.792809 1.000000 -0.018529 0.356116 0.257480 0.089463 0.265229 0.010700 0.097619 0.123064 0.199096 0.127346 0.057246 0.148424 0.203833 0.334199 -0.015525 0.041531 -0.463838 0.132773 -0.149260 -0.251580 -0.510027 -0.068089 -0.324175 0.002467 -0.277971 -0.256418 -0.587565 -0.456963 -0.299624 -0.337395 0.239672 0.023491 0.395910 0.019382 -0.118706 0.078619 -0.146177 -0.163473 -0.008925 0.105837 0.131221 -0.022569 0.166718 0.081609 0.212380 0.318613 0.090432 0.089442 0.040478 0.165504 0.257271 0.528375 0.282198 0.510205 0.091137 0.134117 -0.105341 -0.174405 -0.429535 -0.319760 -0.256362 -0.369911 -0.109086 0.219883 0.051718 0.008990 -0.250381 -0.325283 -0.094147 -0.318796 -0.197989 -0.360389 -0.360871 -0.382332 -0.037334 -0.148881 -0.142689 0.002020 -0.032394 -0.126645 -0.109947 0.172918 -0.064420 0.072556
0.072813 0.185073 -0.143142 0.219639 -0.012634 0.214831 0.192847 0.262061 -0.000311 0.397047 -0.151520 0.072075 0.061743 0.185601 -0.109771 0.243730 -0.110305 0.283697 0.373164 0.430219 -0.227883 -0.111269 -0.342998 -0.189669 -0.220263 -0.124273 -0.298190 -0.276017 0.317403 0.370893 -0.022434 -0.018529 1.000000 0.449791 -0.190522 -0.174781 0.113828 0.132898 -0.145605 -0.038534 0.029842 0.024075 -0.211569 -0.240643 -0.311458 -0.230845 -0.258136 -0.231784 -0.403540 -0.346444 -0.404181 -0.504873 -0.232542 -0.318161 -0.159685 -0.203426 0.115927 0.144550 0.136816 0.171984 0.106644 0.158979 0.141917 0.284760 -0.065717 0.045693 0.300575 -0.023291 0.399059 0.378756 -0.062642 0.153117 0.370129 0.200517 0.406085 0.257346 0.370109 0.311970 0.226961 0.056108 0.150317 0.308105 -0.278484 0.171388 -0.373926 -0.193804 -0.174902 -0.027155 -0.044041 -0.138905 -0.000749 -0.128622 0.036265 0.021857 -0.290591 0.247203 -0.171809 0.097365 -0.087646 0.097958 -0.005443 -0.242989 0.183598 -0.042817 -0.198509 -0.376711 -0.052278 0.127402 -0.232392 -0.053506 -0.187873 0.013697 -0.075939 -0.133142 -0.213797 0.122487
-0.185040 -0.097538 -0.206456 -0.129199 0.188191 0.312394 0.224139 0.125248 -0.000636 0.205223 -0.221557 -0.034366 0.074940 -0.053849 0.067326 0.164089 0.052155 0.302654 0.196039 0.370284 0.123358 0.006477 -0.297552 -0.215849 0.038497 0.050388 -0.274533 -0.334474 0.410260 0.519621 0.492291 0.356116 0.449791 1.000000 0.243291 0.295798 0.195435 -0.081204 0.018339 -0.085258 0.089115 0.047271 -0.166448 -0.134182 0.070106 0.237953 -0.191899 -0.203931 -0.464765 -0.091864 -0.460270 -0.449630 -0.421797 -0.267555 -0.336905 -0.286989 -0.311898 -0.160655 -0.037330 -0.035622 -0.009682 -0.162943 0.178812 0.360296 0.224724 -0.172230 0.357457 0.206648 0.470007 0.296556 -0.079326 0.029121 0.423756 0.132028 0.381364 0.119697 0.512180 0.308688 0.131731 0.050820 0.094495 0.336307 -0.109268 0.369955 -0.011124 0.024907 -0.106834 -0.128584 -0.129278 -0.396819 -0.300684 -0.247812 -0.274474 -0.280815 -0.236992 0.195931 -0.154101 0.041674 -0.229760 -0.309460 -0.234630 -0.336418 0.041794 -0.179426 -0.306558 -0.481372 -0.046393 -0.007071 -0.143267 -0.037532 -0.123729 -0.091153 -0.285901 0.019241 -0.180709 0.237925
-0.220839 -0.412832 0.192439 -0.319756 0.168557 0.039246 0.034302 -0.303178 0.017393 -0.123656 -0.191263 -0.263236 -0.217861 -0.417353 -0.102793 -0.277486 -0.197000 -0.096369 -0.114455 -0.131283 0.261750 0.132600 0.208306 0.083818 0.373708 0.154189 0.113420 -0.006747 -0.117389 0.013906 0.390650 0.257480 -0.190522 0.243291 1.000000 0.603814 0.095527 -0.089028 -0.044620 -0.020679 0.043550 0.136645 0.134298 0.231907 0.458741 0.581093 0.139256 0.190915 -0.032513 0.314932 -0.042317 0.005348 -0.181113 0.115066 -0.211652 -0.174974 -0.304450 -0.283535 -0.022905 -0.204297 -0.158044 -0.288585 0.044848 -0.046124 0.343242 -0.094383 0.084102 0.165650 -0.189778 -0.276284 0.198935 -0.073718 -0.103940 -0.206794 -0.089468 -0.166877 0.128973 0.197453 0.051485 -0.156844 -0.204010 -0.007523 0.018228 0.073277 0.198552 0.052335 -0.098161 -0.131746 -0.005568 -0.184011 0.011228 -0.008649 -0.185635 -0.178534 0.004225 0.065340 -0.082255 -0.191530 0.088045 -0.171510 -0.210780 -0.068596 -0.149506 -0.145718 -0.188052 -0.109838 0.117571 -0.334514 -0.031738 -0.020403 0.334048 -0.100129 -0.220103 -0.020086 -0.066815 0.140984
-0.069163 -0.248984 0.181526 -0.131281 0.452895 0.443857 0.101156 -0.124481 0.193727 0.145630 -0.253119 -0.115233 -0.014101 -0.196628 -0.135459 -0.258753 -0.231181 -0.313055 0.080490 -0.045704 0.070417 -0.141951 0.092587 0.119416 0.419086 0.215318 0.066756 0.088101 -0.259786 -0.187393 0.242086 0.089463 -0.174781 0.295798 0.603814 1.000000 -0.044080 -0.172895 0.130338 -0.103480 0.034764 0.105823 -0.065681 0.052878 0.295910 0.437612 -0.089729 -0.001975 0.181784 0.123597 -0.106256 -0.099976 0.127437 0.003419 -0.171203 -0.208782 -0.257905 -0.289691 0.105856 -0.009899 0.087050 0.083864 -0.202206 -0.248605 0.227577 0.226800 0.084365 0.326882 -0.096553 -0.106272 0.012858 0.124578 -0.223573 -0.304910 -0.114931 -0.228319 0.015034 -0.036200 -0.163470 -0.096736 -0.259498 -0.177928 -0.121539 -0.023740 -0.049830 -0.161750 0.060345 -0.016995 0.116128 -0.074796 -0.025685 -0.034030 -0.119536 -0.079919 0.107431 0.057662 -0.120559 -0.240188 -0.084003 -0.229926 -0.396998 0.000399 -0.242195 -0.072811 0.147567 0.078044 -0.123620 0.042070 0.012199 -0.120277 0.192038 -0.240417 -0.172690 -0.117684 -0.122733 -0.026939
