1.000000 0.384490 -0.229638 -0.024603 -0.175627 0.053615 -0.037026 0.124132 0.001569 -0.155313 0.358776 0.305883 0.297992 0.373826 0.172318 0.092827 0.417680 0.274574 0.186882 0.178583 0.000080 -0.012785 -0.272667 -0.058799 -0.299772 -0.254438 -0.090388 -0.078384 0.350138 0.076407 -0.117616 -0.150717 -0.033650 0.039102 -0.300254 -0.249902 0.080408 -0.167082 -0.130917 -0.017179 0.137638 -0.265336 -0.083784 -0.217576 -0.167137 -0.356942 -0.208381 -0.250252 0.050607 -0.211625 -0.372940 -0.149172 -0.076662 -0.125754 -0.091404 -0.054040 0.393773 0.152309 0.193767 -0.050936 0.221579 0.229217 0.208577 0.139814 -0.296196 -0.224555 -0.334764 -0.445078 0.145063 -0.041969 -0.002369 0.054577 0.088225 0.025936 0.003955 -0.002334 0.227576 0.163668 -0.042932 -0.131359 0.094530 -0.069292 0.085203 -0.036419 -0.252224 -0.025970 -0.255801 -0.101522 -0.200748 -0.050820 -0.068671 0.059893 -0.102484 0.037222 0.201428 -0.021373 -0.157954 0.023708 -0.261815 0.175630 0.262335 -0.053364 -0.200387 0.170430 0.010663 0.217270 -0.116644 0.111560 0.071945 -0.037200 -0.189634 0.123916 -0.022361 0.102748 0.297499 0.071912
0.384490 1.000000 -0.265332 0.229140 -0.261486 -0.095399 -0.525903 -0.088642 -0.160425 -0.103432 0.083127 0.476305 -0.218693 0.099837 -0.153102 -0.104515 0.138173 0.401147 -0.065127 0.079865 -0.039403 0.009070 0.143546 0.156259 -0.032319 -0.008783 -0.029750 -0.062674 -0.066062 -0.029560 0.054091 -0.075426 -0.009413 0.111568 0.100572 -0.044918 -0.034513 0.027989 0.092225 0.018407 0.032761 -0.013842 -0.135048 -0.258828 -0.290921 -0.357799 -0.320036 -0.285600 0.165766 -0.320233 0.084654 0.043125 -0.011105 -0.155878 0.275350 -0.041954 0.588150 0.706970 -0.024150 -0.055510 -0.209988 0.022650 -0.012833 -0.012423 -0.227684 0.014139 0.115028 -0.266593 0.494072 0.256649 0.157443 0.169784 -0.265451 0.287189 0.239100 0.030995 0.040643 0.211607 -0.121033 0.011768 -0.062183 -0.116701 -0.126554 0.090339 -0.011284 0.001715 -0.311852 0.068421 0.008137 0.056580 -0.220596 -0.312351 0.045695 -0.217868 0.206252 0.015591 0.131536 -0.005566 -0.015381 0.146328 0.191449 -0.225699 -0.203775 0.012403 -0.056311 -0.135247 0.150953 0.087726 -0.052191 -0.223809 -0.015543 0.364621 0.151761 -0.044303 0.066762 -0.032191
-0.229638 -0.265332 1.000000 0.112385 0.549325 0.171283 0.597950 -0.207933 0.368242 -0.254191 -0.132704 -0.188026 -0.048995 -0.465873 -0.150309 -0.144418 -0.443979 -0.386038 0.069137 0.018486 0.462923 0.140778 0.392180 0.299529 0.500203 0.383968 0.440089 0.364094 -0.316359 -0.483920 0.520858 0.289456 0.051337 -0.214631 0.143727 -0.039469 -0.121994 -0.170573 0.095379 -0.370616 -0.120456 -0.067573 -0.075393 -0.147878 0.026258 0.107321 -0.178146 -0.201545 -0.012900 0.021349 0.232904 0.073698 0.149233 0.186979 0.073628 -0.131207 -0.130311 -0.104181 0.057983 0.008566 -0.121296 -0.187195 -0.430569 -0.353209 0.134300 -0.067787 0.183628 0.242414 -0.091658 -0.076686 0.049331 -0.058842 -0.232898 -0.226353 -0.215363 0.041551 -0.365479 -0.356982 -0.274144 -0.161230 -0.487063 -0.326840 -0.108641 0.052535 -0.154458 -0.044101 0.113907 -0.190194 -0.062668 0.172247 -0.095745 -0.106469 -0.073495 0.062926 -0.040166 -0.012152 0.030361 -0.048264 -0.129519 -0.218395 -0.143481 0.137089 -0.097413 -0.108391 0.049006 0.096810 -0.061300 -0.054603 0.015854 -0.098102 -0.087764 -0.021204 -0.182647 -0.008694 -0.179762 -0.068015
-0.024603 0.229140 0.112385 1.000000 -0.004473 0.062222 -0.038329 0.386913 -0.066066 -0.163980 0.210394 0.375596 -0.084474 -0.052066 -0.086065 0.059100 -0.360049 -0.160081 -0.070725 -0.197243 0.170597 0.017587 0.351611 0.486909 0.006247 0.178855 0.197423 0.288239 -0.346692 -0.370424 0.137165 0.155702 -0.083284 -0.008745 0.028700 0.003664 -0.366455 -0.095848 -0.216430 -0.043113 -0.100693 -0.108799 -0.497143 -0.416931 -0.496893 -0.109969 -0.278831 -0.385216 -0.146572 -0.329918 0.128996 0.005379 -0.156007 -0.030039 0.036318 -0.230835 0.101418 0.075246 -0.242653 -0.069990 -0.325455 0.041288 -0.374416 -0.164794 0.267527 0.387921 0.062378 0.281122 0.025314 -0.041977 -0.291547 0.086524 -0.456078 -0.092316 -0.205588 -0.120404 -0.182251 -0.081102 -0.320574 -0.050449 -0.469284 -0.463197 -0.090632 0.215344 0.151408 0.191166 -0.125093 -0.215458 0.042226 0.421287 0.044938 -0.271578 0.269225 -0.067711 -0.213774 0.028633 0.022154 0.118567 -0.268825 -0.191575 0.046227 -0.264736 -0.221472 -0.213423 0.056191 -0.054515 -0.060964 -0.332147 -0.245660 -0.112899 -0.295088 -0.119818 0.256825 0.046052 -0.010630 0.056173
-0.175627 -0.261486 0.549325 -0.004473 1.000000 0.387564 0.504540 -0.009189 0.651602 0.187700 0.196613 0.043129 0.210070 -0.277200 -0.109356 -0.349643 -0.010136 -0.277007 0.045911 0.165105 0.578338 0.445263 0.036434 0.187869 0.541188 0.475114 0.729234 0.489775 -0.168720 -0.170251 0.416318 0.372990 -0.077243 -0.324056 -0.038385 -0.201553 -0.359284 -0.442552 -0.295524 -0.662900 -0.280611 -0.238117 0.064592 -0.040283 0.054621 0.101762 0.155155 -0.196830 0.141932 0.224132 -0.030960 0.348958 0.250532 0.226093 -0.399989 -0.403302 -0.167554 -0.176981 0.026563 0.084308 -0.136138 -0.134802 -0.046933 -0.123319 -0.113411 -0.146345 0.013593 0.023566 -0.072570 0.078047 0.343625 0.182665 -0.080002 0.007530 -0.140250 0.114755 -0.323020 -0.344735 -0.321922 -0.059999 -0.104663 -0.213282 -0.139613 -0.297226 -0.135720 0.027076 0.061530 -0.461327 -0.544470 -0.146341 -0.020959 -0.149537 0.069115 0.024539 -0.226396 -0.033064 -0.121935 -0.159747 -0.179635 -0.259158 -0.123602 0.195238 0.236438 -0.003848 0.252896 0.086480 -0.145416 -0.165377 0.011522 0.002156 -0.343133 -0.175400 -0.111087 -0.030011 -0.030332 0.212497
0.053615 -0.095399 0.171283 0.062222 0.387564 1.000000 0.103710 0.158659 0.105286 0.175722 0.273827 0.096194 0.030963 -0.118428 -0.148659 -0.063194 0.006669 -0.170326 -0.078355 0.095611 0.361325 0.098251 -0.093754 0.202118 0.270987 0.329653 0.564694 0.477734 -0.260120 -0.126419 0.052477 -0.076932 -0.357710 -0.430753 -0.080939 -0.276181 -0.198764 -0.326465 -0.258223 -0.424169 -0.305768 -0.370634 -0.098526 -0.094982 -0.040662 0.159786 0.071178 -0.093635 0.278405 0.260508 -0.027315 0.317684 0.202471 0.186082 -0.214441 -0.266477 -0.116645 -0.190241 -0.000026 0.141054 -0.150760 0.445364 -0.046781 -0.016560 0.044625 0.166528 0.023582 0.060049 -0.155267 0.085485 0.128177 0.192421 -0.141216 -0.061454 -0.060527 0.143050 -0.132881 -0.249866 0.001872 0.033501 -0.041499 -0.270420 -0.168405 -0.402373 -0.020356 -0.130199 -0.030659 -0.341039 -0.367880 -0.012085 0.206593 -0.032900 0.240283 -0.003893 -0.011684 0.020482 -0.336597 -0.140245 -0.167441 -0.198938 -0.038063 0.093278 0.274287 0.148908 0.219933 0.160658 0.095409 0.096636 0.345345 -0.024636 -0.125973 -0.034390 -0.198373 -0.111799 0.271230 0.048573
-0.037026 -0.525903 0.597950 -0.038329 0.504540 0.103710 1.000000 0.284239 0.368503 0.082600 0.136696 -0.146275 0.388600 0.055401 0.177347 0.135751 -0.045878 -0.266898 0.175622 0.000040 0.210472 0.006497 -0.062866 0.033209 -0.025563 -0.139876 0.158164 -0.016366 0.125933 -0.028952 0.195479 0.187126 0.127391 0.017940 -0.363435 -0.282500 -0.075913 -0.409827 -0.142263 -0.253504 -0.031049 -0.092091 -0.156085 -0.244094 0.032773 0.056211 0.051739 -0.272108 -0.157975 0.077980 -0.303366 -0.099072 -0.055133 0.156016 -0.314383 -0.139594 -0.435300 -0.490405 0.175503 0.032716 0.291819 0.118278 -0.134674 -0.038267 0.276212 -0.224304 -0.243818 0.030814 -0.408828 -0.327743 -0.128516 -0.198381 0.302831 -0.219483 -0.194381 0.067872 -0.082001 -0.247952 -0.042505 0.016652 -0.177080 -0.153452 0.140740 -0.024565 -0.297234 -0.133143 0.131995 -0.183062 -0.248528 -0.157057 0.033741 0.175821 -0.029824 0.085633 -0.250801 0.043524 -0.169004 -0.036705 -0.079134 -0.158293 -0.150155 0.307700 -0.027990 -0.093159 -0.064511 0.146995 -0.138227 -0.138053 0.007080 0.049963 -0.360558 -0.146098 -0.213279 -0.039001 -0.095604 0.112782
0.124132 -0.088642 -0.207933 0.386913 -0.009189 0.158659 0.284239 1.000000 -0.038270 0.271174 0.446808 0.357128 0.432453 0.620554 0.350334 0.424130 0.090341 -0.167235 0.197426 -0.115685 -0.110599 -0.015273 -0.243303 -0.055063 -0.469686 -0.355303 -0.055257 -0.114235 0.252213 0.251441 -0.210526 -0.114891 0.059937 0.217155 -0.394438 -0.325604 -0.228217 -0.428662 -0.418291 0.038212 0.072435 -0.135509 -0.456584 -0.442096 -0.370971 -0.156603 -0.094197 -0.494189 0.018775 -0.182191 -0.395634 -0.029321 -0.091200 -0.008477 -0.352854 -0.270020 -0.404930 -0.471991 0.097278 0.071140 0.300663 0.559372 0.009672 0.160017 0.239983 0.252376 -0.296578 -0.019180 -0.401060 -0.212109 -0.309323 -0.154777 0.277489 -0.061656 -0.165470 -0.198392 0.154700 -0.028198 -0.066485 0.012022 -0.032658 -0.241347 0.230909 -0.037622 0.073223 -0.074709 0.005315 -0.191270 -0.093949 -0.041138 0.213898 0.110658 0.276993 0.103422 -0.166715 0.175681 -0.304741 -0.023617 -0.235898 -0.208145 0.070797 0.113177 -0.072275 -0.044116 0.010109 -0.027685 -0.085449 -0.062382 0.046222 0.033442 -0.543985 -0.167644 -0.002774 -0.033083 0.191133 0.039352
0.001569 -0.160425 0.368242 -0.066066 0.651602 0.105286 0.368503 -0.038270 1.000000 0.361630 -0.032337 0.050793 0.220176 -0.141902 -0.218807 -0.397695 -0.019873 -0.066030 0.123907 0.163007 0.171297 0.047442 -0.195528 0.019567 0.271778 0.191760 0.268517 0.119498 -0.045179 0.027896 0.295338 0.349457 -0.111755 -0.156545 -0.041899 -0.053681 -0.046763 -0.173526 -0.036390 -0.296018 -0.115520 -0.063315 0.077112 0.000075 -0.038243 -0.026049 -0.002128 -0.094721 0.059708 0.161789 -0.215357 0.141591 0.247809 0.047047 -0.181737 -0.119167 -0.087832 -0.109200 0.117962 -0.015269 0.032238 -0.162463 0.058665 -0.094995 -0.185618 -0.287226 -0.056730 -0.182397 -0.064727 -0.034584 0.189492 0.140388 0.035693 0.196709 -0.074932 0.338636 -0.000137 0.029951 -0.228837 -0.105765 -0.113200 0.034686 -0.243620 -0.129802 -0.328376 0.071441 -0.139468 -0.168729 -0.392361 -0.202506 -0.046889 -0.115953 -0.013274 -0.050637 -0.068042 -0.064555 -0.119299 -0.091161 -0.230675 -0.232930 -0.035923 0.149624 0.064483 -0.064974 0.034001 0.074413 0.016102 -0.075268 -0.115781 -0.038978 -0.251610 -0.207023 -0.080313 -0.031121 0.008128 0.082917
-0.155313 -0.103432 -0.254191 -0.163980 0.187700 0.175722 0.082600 0.271174 0.361630 1.000000 -0.023145 -0.058450 0.072391 0.142825 -0.154829 -0.234090 0.227872 0.210939 -0.102283 0.025908 -0.288612 -0.146061 -0.379037 -0.209506 -0.062115 -0.084411 -0.132174 -0.328548 0.110132 0.398441 -0.083484 -0.015251 -0.078221 0.114264 -0.145553 -0.019113 -0.056536 -0.242171 -0.117539 0.039840 -0.037288 -0.045875 0.037617 0.122029 0.161362 0.247506 0.209276 0.068112 -0.034444 0.250718 -0.181493 -0.114942 -0.081534 -0.108429 -0.335417 0.003331 -0.384141 -0.200232 -0.026378 0.001494 0.151691 0.311741 0.434150 0.390390 0.119759 0.083463 -0.021852 -0.000627 -0.315248 -0.091310 -0.045000 -0.061146 0.336055 0.206685 0.055385 0.099766 0.045595 0.000904 0.104580 0.106945 0.272889 0.283102 -0.220137 -0.349583 -0.135421 0.054597 -0.123367 -0.063272 -0.246336 -0.417886 0.100100 0.082227 0.121145 -0.089066 -0.142504 0.090286 -0.270502 -0.207860 -0.012734 -0.174432 -0.107769 0.262413 0.269787 0.037650 -0.106726 -0.008062 0.176176 0.102501 -0.003923 -0.121028 -0.263043 -0.167509 -0.079549 -0.200084 0.133658 -0.049159
0.358776 0.083127 -0.132704 0.210394 0.196613 0.273827 0.136696 0.446808 -0.032337 -0.023145 1.000000 0.619280 0.543595 0.475665 0.525136 0.336122 0.445194 -0.074321 -0.070808 -0.021686 0.405271 0.218462 0.008928 0.249303 -0.163361 -0.052847 0.380076 0.278440 0.165444 -0.129138 -0.052915 -0.057538 -0.449589 -0.345267 -0.360750 -0.265097 -0.364163 -0.518797 -0.232877 -0.421838 -0.311520 -0.493319 -0.285274 -0.344826 -0.429843 -0.372905 -0.169888 -0.354208 0.067433 -0.283344 -0.231123 0.131466 -0.015662 0.122544 -0.373882 -0.497322 0.000074 -0.141822 0.102185 0.032008 -0.071304 0.240781 -0.012923 -0.101771 -0.124149 0.004790 -0.339034 -0.244728 -0.132358 -0.047757 0.221729 0.287035 -0.117996 -0.086017 -0.197824 -0.096812 -0.023799 -0.066266 -0.191504 0.142839 0.117267 -0.397841 0.523859 -0.130390 0.273934 0.110484 0.164294 -0.437681 -0.340404 -0.014583 0.023300 0.147693 0.324337 0.364560 -0.041665 -0.137861 -0.068112 0.071136 -0.402327 0.125034 0.184563 0.065719 0.087784 0.284225 0.407378 0.230598 -0.055852 -0.145967 0.125322 0.012980 -0.278360 0.058396 0.021932 0.288292 0.370248 0.185923
0.305883 0.476305 -0.188026 0.375596 0.043129 0.096194 -0.146275 0.357128 0.050793 -0.058450 0.619280 1.000000 0.161214 0.321649 0.088176 0.048200 0.265770 0.112299 -0.016181 -0.022095 0.207762 0.033431 0.021336 0.352862 -0.045267 -0.010961 0.272678 0.212056 0.005230 -0.050276 0.066320 0.177887 -0.260704 -0.238342 -0.138274 -0.294136 -0.274600 -0.357984 -0.162845 -0.223541 -0.226957 -0.288607 -0.414635 -0.503317 -0.451158 -0.349738 -0.416464 -0.472174 0.156391 -0.268430 -0.142810 0.149562 0.020785 -0.096582 -0.247947 -0.363183 0.237576 0.160241 -0.025704 0.022244 -0.203200 0.151027 0.037182 -0.002177 -0.182867 0.045008 -0.091112 -0.194159 0.092434 0.056076 0.140833 0.460177 -0.265836 0.179967 -0.072698 0.011629 0.053061 0.223189 -0.223668 -0.057169 0.002575 -0.304258 0.169575 0.158689 0.159101 0.060997 -0.203625 -0.261414 -0.380692 -0.139444 -0.044540 -0.161402 0.374405 0.045210 0.094678 -0.186857 -0.198982 -0.016716 -0.389487 -0.082193 0.151761 -0.068750 -0.144419 0.138039 0.164539 0.000842 0.002768 0.071128 0.001682 -0.106521 -0.309906 0.047587 0.075550 0.143778 0.199562 -0.014862
0.297992 -0.218693 -0.048995 -0.084474 0.210070 0.030963 0.388600 0.432453 0.220176 0.072391 0.543595 0.161214 1.000000 0.667705 0.690889 0.430761 0.413126 -0.152759 0.257550 -0.040228 0.205789 0.185885 -0.391358 -0.175607 -0.409005 -0.375074 0.056531 -0.058427 0.302737 0.080058 -0.113233 -0.057476 -0.066983 -0.002763 -0.448565 -0.148819 -0.135914 -0.407814 -0.176922 -0.322824 -0.103488 -0.332112 -0.139345 -0.227635 -0.218841 -0.297506 0.108993 -0.245005 0.158363 -0.153490 -0.518682 -0.012316 0.101536 0.096000 -0.291398 -0.429480 -0.250680 -0.390966 0.552014 0.131652 0.557778 0.406117 0.139438 0.145387 -0.248765 -0.251173 -0.289096 -0.302001 -0.278686 -0.153942 0.039096 -0.020075 0.293051 -0.120850 -0.162871 -0.075742 0.123611 -0.168643 -0.162172 -0.058359 0.005967 -0.230242 0.454431 -0.187488 -0.133061 -0.027792 0.367301 -0.354691 -0.222840 -0.051769 0.215551 0.296655 0.142784 0.499366 -0.242935 -0.136124 -0.091558 -0.181220 -0.124760 0.208173 0.298346 0.373028 0.213884 0.281084 0.407515 0.124546 -0.215641 -0.144372 0.010582 -0.114153 -0.320446 -0.167826 -0.073214 0.357332 0.248812 0.037454
0.373826 0.099837 -0.465873 -0.052066 -0.277200 -0.118428 0.055401 0.620554 -0.141902 0.142825 0.475665 0.321649 0.667705 1.000000 0.678269 0.655194 0.527568 0.147567 0.172618 -0.108742 -0.249836 -0.054328 -0.348574 -0.286371 -0.643836 -0.609175 -0.298894 -0.325401 0.513265 0.399209 -0.350181 -0.279059 0.069418 0.287596 -0.519069 -0.175654 -0.126912 -0.262515 -0.165679 0.105144 0.127197 -0.178104 -0.177382 -0.219697 -0.308304 -0.402837 -0.000955 -0.268247 0.055322 -0.287209 -0.506969 -0.173016 -0.060244 -0.089083 -0.147233 -0.163185 -0.147863 -0.237013 0.370479 -0.030065 0.499426 0.562249 0.218408 0.233790 -0.162615 -0.010072 -0.381202 -0.466772 -0.187757 -0.174213 -0.119105 -0.112725 0.412190 0.010143 -0.038255 -0.101823 0.248097 0.107581 0.144458 0.228064 0.277459 -0.002340 0.445789 -0.106050 -0.035112 -0.096337 0.140649 -0.077810 -0.006236 -0.066728 0.143563 0.131048 0.139997 0.215814 -0.077969 0.058845 -0.065008 -0.074790 -0.037785 0.175200 0.281329 0.139836 0.054702 0.162150 0.117959 -0.004101 -0.141420 -0.009524 0.072701 -0.044387 -0.212925 0.048050 0.060850 0.230102 0.277032 0.017434
0.172318 -0.153102 -0.150309 -0.086065 -0.109356 -0.148659 0.177347 0.350334 -0.218807 -0.154829 0.525136 0.088176 0.690889 0.678269 1.000000 0.679654 0.393313 -0.142052 0.188632 -0.018694 0.088502 0.089103 -0.026484 -0.149577 -0.554211 -0.540400 -0.065257 -0.122124 0.352959 -0.022985 -0.298599 -0.338045 -0.154743 0.006326 -0.258755 -0.099611 -0.012233 -0.318970 0.039955 -0.155827 0.024250 -0.374276 -0.191540 -0.186186 -0.265865 -0.368329 -0.028764 -0.124395 -0.042599 -0.345537 -0.282818 -0.124073 -0.032570 0.107997 -0.098738 -0.355022 -0.256929 -0.321844 0.368541 0.069125 0.390492 0.238238 -0.055632 -0.099471 -0.023933 -0.036054 -0.241485 -0.170201 -0.192696 -0.088094 0.088179 -0.161707 0.205126 -0.375339 -0.283555 -0.257328 0.115825 -0.113987 0.052048 0.152329 0.160291 -0.173941 0.841937 -0.117135 0.175727 -0.092623 0.612176 -0.238143 0.220103 0.057457 0.133777 0.399979 0.073201 0.630348 -0.054452 -0.088379 0.123418 -0.019371 -0.029013 0.453610 0.268528 0.224446 0.139839 0.393357 0.503385 0.240661 -0.118944 -0.082236 0.123312 0.060751 -0.063117 0.059238 0.056453 0.489897 0.303006 0.106461
0.092827 -0.104515 -0.144418 0.059100 -0.349643 -0.063194 0.135751 0.424130 -0.397695 -0.234090 0.336122 0.048200 0.430761 0.655194 0.679654 1.000000 0.199316 -0.058867 0.206883 -0.176034 -0.120163 -0.067143 0.007485 -0.159858 -0.555098 -0.480594 -0.278865 -0.162011 0.352740 0.104440 -0.266743 -0.379723 -0.005221 0.127288 -0.389670 -0.141564 -0.044765 -0.020299 0.028556 0.214855 0.256986 -0.043017 -0.177266 -0.234211 -0.317391 -0.358758 -0.068175 -0.219342 -0.026626 -0.371611 -0.249254 -0.170119 -0.090177 0.093930 0.116811 -0.044117 -0.233854 -0.269149 0.304216 -0.075022 0.324003 0.419595 -0.174309 -0.072471 0.103967 0.146289 -0.212561 -0.265950 -0.134380 -0.166811 -0.159400 -0.321943 0.208615 -0.301788 -0.152284 -0.241587 -0.009892 -0.121093 0.169129 0.298816 0.093309 -0.189415 0.587813 0.052626 0.171448 -0.076146 0.306212 0.009612 0.286231 0.350388 0.081277 0.109738 0.099060 0.277609 -0.026948 0.175350 0.186173 0.194072 -0.011227 0.267294 0.213117 0.031766 -0.104080 0.014590 0.087249 0.009457 -0.037104 -0.056699 0.124391 0.029611 -0.087965 0.234863 0.114264 0.282865 0.262037 -0.030603
0.417680 0.138173 -0.443979 -0.360049 -0.010136 0.006669 -0.045878 0.090341 -0.019873 0.227872 0.445194 0.265770 0.413126 0.527568 0.393313 0.199316 1.000000 0.545169 -0.004617 0.054641 0.002734 0.090139 -0.419510 -0.339985 -0.231612 -0.269140 -0.098963 -0.177407 0.527830 0.378280 -0.180311 -0.165211 -0.035375 -0.040724 -0.305646 -0.093757 -0.072439 -0.205614 -0.210196 -0.208862 0.036712 -0.109484 0.212738 0.056158 0.051659 -0.072188 0.092263 -0.042998 -0.014997 -0.004281 -0.363303 -0.115730 -0.114170 -0.150748 -0.324941 -0.226504 0.110480 -0.101637 0.133869 -0.144218 0.266323 0.196355 0.654610 0.347128 -0.264773 -0.107872 -0.404441 -0.490396 -0.105289 -0.170196 0.200677 0.137569 0.418172 0.128639 0.117807 0.037879 0.173928 0.086310 0.299127 0.260399 0.714598 0.325997 0.367968 -0.241239 -0.144023 0.000047 0.066585 -0.127185 -0.288250 -0.312967 -0.140707 0.086508 -0.017269 0.161831 -0.074846 -0.035319 -0.179200 -0.226144 -0.072236 0.287630 -0.063224 0.089768 0.054513 0.164552 0.182837 0.059987 -0.044664 0.015601 -0.045650 -0.025243 -0.162055 0.135201 0.141176 0.246380 0.247780 0.153790
0.274574 0.401147 -0.386038 -0.160081 -0.277007 -0.170326 -0.266898 -0.167235 -0.066030 0.210939 -0.074321 0.112299 -0.152759 0.147567 -0.142052 -0.058867 0.545169 1.000000 -0.175257 -0.025864 -0.311238 -0.232711 -0.101049 -0.213231 -0.108190 -0.173525 -0.412924 -0.392989 0.337005 0.476946 0.033812 -0.004895 0.191443 0.283610 -0.159175 0.121703 0.096729 0.212958 0.052651 0.238745 0.223661 0.317674 0.234860 0.187345 0.007928 0.006257 -0.144627 0.007019 -0.346338 -0.041212 -0.175011 -0.207731 -0.320536 -0.205799 -0.012828 0.204500 0.295553 0.303011 -0.207010 -0.328861 0.006442 -0.018283 0.367868 0.402484 -0.042975 -0.102332 -0.325285 -0.408894 0.101411 -0.217298 -0.111645 0.103148 0.306807 0.353454 0.310841 0.146941 0.239382 0.356973 0.307144 0.403919 0.481590 0.580725 -0.089444 0.174190 -0.276025 0.089282 -0.255939 0.377025 -0.130858 -0.265800 -0.242920 -0.215433 -0.142815 -0.365601 -0.127541 0.132817 -0.103770 -0.195879 -0.027714 0.049839 -0.004321 -0.243887 -0.172680 -0.240159 -0.291451 -0.172927 0.187066 0.008833 -0.156460 -0.172279 -0.048226 0.046346 0.219948 -0.020827 -0.110641 -0.094676
0.186882 -0.065127 0.069137 -0.070725 0.045911 -0.078355 0.175622 0.197426 0.123907 -0.102283 -0.070808 -0.016181 0.257550 0.172618 0.188632 0.206883 -0.004617 -0.175257 1.000000 0.530835 -0.056782 0.137053 -0.252943 -0.134657 -0.304909 -0.375073 -0.144858 -0.140855 0.425032 0.151113 -0.001419 0.036008 0.240442 0.160401 0.027238 -0.265438 0.055524 -0.237106 0.041198 0.051778 0.073293 -0.127872 -0.226083 -0.353519 -0.099485 -0.257577 -0.007880 -0.245202 0.143361 -0.131942 -0.339446 -0.014238 0.137844 0.080338 0.024123 0.024455 -0.308523 -0.217880 0.343112 0.183085 0.374481 0.085749 0.052668 -0.048973 -0.169308 -0.295847 0.179721 -0.070308 0.139206 0.216979 0.134231 -0.197676 0.299788 -0.204632 -0.306831 -0.160595 -0.058658 -0.084635 -0.176879 -0.261077 -0.137158 -0.125193 0.143229 0.053788 -0.235940 -0.111843 0.099947 0.045329 0.019460 0.088986 -0.191763 0.168780 -0.132935 0.056017 0.109545 0.135800 -0.157899 -0.046005 -0.109728 -0.067897 -0.032338 0.165806 -0.313689 0.096315 0.045479 0.086773 -0.050632 0.218872 0.120731 -0.053792 -0.312424 -0.125026 -0.204225 0.091162 0.136770 -0.090603
0.178583 0.079865 0.018486 -0.197243 0.165105 0.095611 0.000040 -0.115685 0.163007 0.025908 -0.021686 -0.022095 -0.040228 -0.108742 -0.018694 -0.176034 0.054641 -0.025864 0.530835 1.000000 0.188075 0.273190 -0.067406 0.258120 -0.031576 -0.090469 0.079591 0.009529 0.189707 0.051303 -0.088493 0.008696 -0.021230 -0.179154 0.072546 -0.298488 0.010588 -0.249651 0.076823 -0.091858 -0.127096 -0.103271 -0.131429 -0.320080 -0.035031 -0.281906 -0.087121 -0.146266 0.013379 -0.176983 -0.152963 0.017898 0.088465 0.156007 -0.056010 -0.066410 -0.046063 0.017930 0.126289 0.095882 -0.001040 -0.098043 0.098220 -0.025306 -0.168206 -0.330387 0.219712 0.033677 0.341163 0.567750 0.379867 -0.002580 0.048373 -0.022629 -0.025487 -0.097189 -0.185050 -0.144805 -0.224938 -0.199421 -0.016932 -0.031889 0.023815 0.014227 -0.153829 -0.033789 -0.073149 -0.062547 -0.130981 -0.084168 -0.194842 0.208192 -0.090508 0.007169 0.139513 0.163354 -0.049498 0.191407 -0.221975 -0.000692 -0.010990 0.072220 -0.222733 0.178314 0.103078 0.246493 0.065030 0.083231 0.124859 0.114948 -0.113951 -0.112000 -0.214146 0.128741 0.108796 0.109215
0.000080 -0.039403 0.462923 0.170597 0.578338 0.361325 0.210472 -0.110599 0.171297 -0.288612 0.405271 0.207762 0.205789 -0.249836 0.088502 -0.120163 0.002734 -0.311238 -0.056782 0.188075 1.000000 0.574404 0.239955 0.434186 0.450163 0.462569 0.756447 0.679837 -0.247595 -0.410335 0.399816 0.298490 -0.229822 -0.517715 0.062972 -0.238579 -0.315157 -0.339621 -0.247993 -0.756805 -0.288541 -0.254311 -0.044478 -0.200901 -0.079020 -0.127581 -0.106578 -0.233742 0.084590 -0.106934 0.084472 0.283353 0.096538 0.259491 -0.320669 -0.598458 0.188190 0.092256 -0.051196 -0.022321 -0.218557 -0.114556 -0.193387 -0.158501 -0.095126 -0.060497 -0.023415 0.045765 0.115478 0.162391 0.430248 0.416888 -0.349811 -0.130025 -0.120646 0.067328 -0.400209 -0.371139 -0.359437 -0.110954 -0.118590 -0.348754 0.095441 -0.044264 0.075647 0.124527 0.256021 -0.548626 -0.389462 0.016676 -0.111592 -0.109325 0.144007 0.289701 -0.126828 -0.068240 -0.028969 0.071002 -0.277081 0.061325 -0.105591 -0.004941 0.123399 0.075211 0.477792 0.140635 -0.260400 -0.199492 -0.003745 0.006640 -0.149397 -0.047076 -0.011732 0.204253 0.066018 0.088045
-0.012785 0.009070 0.140778 0.017587 0.445263 0.098251 0.006497 -0.015273 0.047442 -0.146061 0.218462 0.033431 0.185885 -0.054328 0.089103 -0.067143 0.090139 -0.232711 0.137053 0.273190 0.574404 1.000000 0.072832 0.098400 0.371431 0.445864 0.531873 0.422033 -0.003756 -0.041633 0.205809 0.234722 0.205818 -0.103110 0.083092 -0.012708 -0.415786 -0.192482 -0.366078 -0.421331 -0.026750 -0.019141 0.127069 -0.073210 0.014736 -0.111227 0.158381 -0.175533 0.163159 -0.092461 0.077409 0.312626 0.113333 0.155611 -0.245104 -0.456790 0.123485 0.025090 -0.016470 -0.004236 -0.142058 -0.140258 0.079046 -0.018257 -0.302050 0.025585 0.065732 -0.066908 0.140750 0.323489 0.418304 0.268463 -0.192097 -0.022986 -0.115170 -0.043830 -0.348917 -0.245333 -0.451249 -0.108760 0.045359 -0.214781 0.010462 -0.049387 0.031850 0.050272 0.156686 -0.466975 -0.321487 0.051986 -0.102742 -0.123973 -0.007352 0.074715 -0.253577 0.226167 0.230657 0.057059 -0.071265 -0.074068 -0.142857 0.024264 0.087103 -0.070704 0.350045 -0.142313 -0.501987 -0.332575 -0.004785 0.183823 -0.200950 0.061500 0.116193 0.127641 -0.014213 0.214841
-0.272667 0.143546 0.392180 0.351611 0.036434 -0.093754 -0.062866 -0.243303 -0.195528 -0.379037 0.008928 0.021336 -0.391358 -0.348574 -0.026484 0.007485 -0.419510 -0.101049 -0.252943 -0.067406 0.239955 0.072832 1.000000 0.547419 0.359409 0.355957 0.262612 0.272395 -0.367980 -0.474681 0.353583 0.134225 -0.061318 -0.058352 0.273637 0.123396 -0.130546 0.104899 0.317195 -0.069766 -0.021307 0.021815 -0.123970 -0.106121 -0.265237 -0.064815 -0.431584 -0.195553 -0.236957 -0.313134 0.505725 0.007107 -0.093005 0.085199 0.267316 -0.131314 0.182270 0.358563 -0.322246 -0.181418 -0.570573 -0.349627 -0.551492 -0.463946 0.260189 0.188119 0.156205 0.251826 0.222405 0.089930 0.052804 0.049187 -0.490547 -0.105687 -0.021383 0.011986 -0.334478 -0.146164 -0.094185 0.238684 -0.309320 -0.269275 0.045067 0.187780 0.290628 -0.027168 0.059668 -0.086223 0.270229 0.311084 -0.249717 -0.280076 -0.146964 -0.024994 -0.005795 0.009265 0.285119 0.138213 -0.160914 -0.002788 0.080906 -0.320212 -0.049738 -0.147703 0.054004 0.030847 0.137840 -0.155446 -0.124679 -0.058344 0.211598 0.123867 0.147800 0.116452 -0.096976 -0.098027
-0.058799 0.156259 0.299529 0.486909 0.187869 0.202118 0.033209 -0.055063 0.019567 -0.209506 0.249303 0.352862 -0.175607 -0.286371 -0.149577 -0.159858 -0.339985 -0.213231 -0.134657 0.258120 0.434186 0.098400 0.547419 1.000000 0.241945 0.313714 0.415832 0.419776 -0.308362 -0.404751 0.306160 0.334337 -0.264287 -0.328372 0.044735 -0.196260 -0.192726 -0.139140 0.048103 -0.253769 -0.361173 -0.248140 -0.466787 -0.443594 -0.322467 -0.187852 -0.365728 -0.260287 -0.114130 -0.292705 0.136830 0.084207 -0.024653 0.162591 -0.047117 -0.248485 0.108080 0.148434 -0.201163 -0.061043 -0.520647 -0.089859 -0.424212 -0.248168 0.096076 0.033527 0.193685 0.275110 0.166534 0.211237 0.161828 0.344658 -0.451529 -0.016724 -0.006208 -0.007660 -0.354985 -0.191951 -0.277950 -0.100815 -0.419778 -0.373457 -0.049855 0.264324 0.170600 0.173710 -0.097423 -0.263497 -0.190739 0.190369 -0.180148 -0.156332 0.115198 -0.008889 0.059520 -0.236746 -0.039917 0.084457 -0.466720 -0.192465 0.023695 -0.212704 -0.220330 0.024369 0.066433 0.123801 0.166136 -0.135381 -0.144124 -0.134437 -0.045643 -0.064775 -0.106053 0.057697 -0.058157 -0.048043
-0.299772 -0.032319 0.500203 0.006247 0.541188 0.270987 -0.025563 -0.469686 0.271778 -0.062115 -0.163361 -0.045267 -0.409005 -0.643836 -0.554211 -0.555098 -0.231612 -0.108190 -0.304909 -0.031576 0.450163 0.371431 0.359409 0.241945 1.000000 0.917104 0.628261 0.628683 -0.516410 -0.350465 0.483354 0.316808 -0.003688 -0.247260 0.420327 0.223186 -0.245475 0.064335 -0.107732 -0.405133 -0.245787 0.074227 0.273385 0.198529 0.184129 0.257405 -0.032326 0.051852 0.109784 0.169450 0.546269 0.292539 0.270508 0.062761 -0.005882 -0.184316 0.215917 0.194907 -0.291976 -0.139244 -0.496507 -0.359134 -0.040777 -0.132683 -0.050034 0.195975 0.184615 0.162791 0.142432 0.161997 0.242923 0.316181 -0.426262 0.157358 0.097671 0.248069 -0.353831 -0.188536 -0.164232 -0.039988 -0.088689 -0.068610 -0.479677 -0.209168 0.008887 0.069957 -0.134466 -0.268254 -0.240624 0.018346 -0.080929 -0.390914 -0.033239 -0.198380 -0.022427 0.055402 0.041600 -0.070866 0.001339 -0.278375 -0.277840 -0.191821 0.131623 -0.230700 0.045972 -0.090405 -0.131829 -0.087850 0.036280 -0.020452 0.155767 -0.029935 0.009671 -0.112443 -0.158315 -0.012933
-0.254438 -0.008783 0.383968 0.178855 0.475114 0.329653 -0.139876 -0.355303 0.191760 -0.084411 -0.052847 -0.010961 -0.375074 -0.609175 -0.540400 -0.480594 -0.269140 -0.173525 -0.375073 -0.090469 0.462569 0.445864 0.355957 0.313714 0.917104 1.000000 0.659504 0.680491 -0.564371 -0.384271 0.410269 0.273879 -0.054656 -0.276178 0.368041 0.275509 -0.315605 0.144600 -0.188081 -0.356553 -0.233171 0.047624 0.239285 0.172297 0.097204 0.254603 -0.008748 0.060583 0.066903 0.077862 0.524120 0.261931 0.165285 0.006157 -0.011901 -0.240416 0.280953 0.191376 -0.348866 -0.192857 -0.561187 -0.343703 -0.079646 -0.173939 -0.035766 0.336994 0.160546 0.198140 0.162803 0.180696 0.182086 0.319296 -0.540114 0.107569 0.062883 0.135056 -0.403726 -0.211208 -0.211784 -0.046069 -0.115760 -0.150475 -0.479813 -0.201121 0.153837 0.209905 -0.170653 -0.337044 -0.220321 0.154798 -0.072860 -0.459378 -0.020065 -0.176602 -0.075733 0.074975 0.126145 0.083287 -0.104068 -0.320723 -0.246328 -0.255825 0.088246 -0.272678 0.067956 -0.076685 -0.194683 -0.213361 -0.038878 0.027868 0.119172 0.003186 0.063591 -0.108497 -0.110967 0.071683
-0.090388 -0.029750 0.440089 0.197423 0.729234 0.564694 0.158164 -0.055257 0.268517 -0.132174 0.380076 0.272678 0.056531 -0.298894 -0.065257 -0.278865 -0.098963 -0.412924 -0.144858 0.079591 0.756447 0.531873 0.262612 0.415832 0.628261 0.659504 1.000000 0.828016 -0.455127 -0.460557 0.309906 0.199314 -0.271389 -0.529880 0.141327 -0.170738 -0.354582 -0.429523 -0.284162 -0.807474 -0.419124 -0.378811 -0.044435 -0.137080 -0.087941 -0.007828 -0.002086 -0.177204 0.182406 0.039397 0.241515 0.390974 0.239013 0.146755 -0.321383 -0.605873 0.107957 0.014203 -0.143978 0.056523 -0.419377 -0.095644 -0.132024 -0.317042 -0.123257 0.163963 0.138732 0.148316 0.063588 0.239023 0.395133 0.429471 -0.466507 -0.035604 -0.160071 0.030337 -0.347886 -0.294201 -0.294010 -0.010944 -0.125680 -0.416101 -0.090481 -0.285960 0.224054 0.092353 0.092505 -0.702783 -0.425763 0.015701 0.033989 -0.221718 0.237722 0.126469 -0.120405 -0.141844 -0.027871 -0.015927 -0.198087 -0.136640 -0.090717 0.010526 0.303590 0.146793 0.480849 0.139335 -0.240664 -0.163293 0.121047 0.012079 -0.099231 -0.029214 -0.020030 0.072936 0.116650 0.235825
-0.078384 -0.062674 0.364094 0.288239 0.489775 0.477734 -0.016366 -0.114235 0.119498 -0.328548 0.278440 0.212056 -0.058427 -0.325401 -0.122124 -0.162011 -0.177407 -0.392989 -0.140855 0.009529 0.679837 0.422033 0.272395 0.419776 0.628683 0.680491 0.828016 1.000000 -0.473303 -0.512863 0.210043 0.118938 -0.266101 -0.484700 0.227727 -0.078672 -0.359387 -0.192582 -0.309660 -0.636964 -0.425243 -0.304312 -0.026268 -0.051125 -0.067202 -0.054504 0.049842 -0.056985 0.218309 0.009519 0.323349 0.397572 0.305870 0.175671 -0.178291 -0.451063 0.161130 0.035963 -0.197918 -0.030388 -0.426160 -0.069860 -0.183983 -0.263336 -0.127590 0.336160 0.159488 0.134883 0.166560 0.248544 0.209572 0.313404 -0.532750 -0.110804 -0.178863 0.050652 -0.434578 -0.332575 -0.209834 0.040361 -0.175359 -0.402521 -0.120692 -0.219119 0.234005 0.141006 0.120470 -0.541076 -0.271968 0.199627 0.074825 -0.305541 0.256374 0.090563 -0.003850 -0.089789 0.003499 0.058991 -0.164109 -0.171704 -0.133913 -0.170432 0.123872 0.068332 0.398184 0.084924 -0.293552 -0.069007 0.161976 -0.044170 0.054186 -0.089943 0.046896 0.071568 0.174274 0.072199
0.350138 -0.066062 -0.316359 -0.346692 -0.168720 -0.260120 0.125933 0.252213 -0.045179 0.110132 0.165444 0.005230 0.302737 0.513265 0.352959 0.352740 0.527830 0.337005 0.425032 0.189707 -0.247595 -0.003756 -0.367980 -0.308362 -0.516410 -0.564371 -0.455127 -0.473303 1.000000 0.672499 -0.018991 0.079275 0.253392 0.293844 -0.500202 -0.254295 0.144567 -0.028757 -0.081358 0.247608 0.437382 0.112101 -0.016255 -0.034995 0.035062 -0.140889 0.087037 -0.040488 -0.106545 0.036383 -0.636803 -0.139756 -0.210616 -0.063032 -0.285778 0.197713 -0.207260 -0.251282 0.110807 -0.046647 0.368283 0.114405 0.338063 0.241407 -0.298130 -0.375583 -0.456390 -0.556406 -0.107906 -0.289897 0.120623 -0.086354 0.735472 0.026803 0.022748 -0.058222 0.272309 0.217917 0.182538 0.038965 0.470082 0.382673 0.399510 0.188897 -0.259727 -0.007302 0.089358 0.312148 -0.178132 -0.218950 -0.363858 0.143757 -0.182123 -0.029282 0.099847 0.175943 -0.221272 -0.072413 -0.134909 0.041378 -0.006009 0.117852 -0.229692 -0.006246 -0.196717 -0.024358 -0.013639 0.147451 0.025370 0.140598 -0.269780 0.021674 -0.040258 -0.040375 0.057539 -0.034516
0.076407 -0.029560 -0.483920 -0.370424 -0.170251 -0.126419 -0.028952 0.251441 0.027896 0.398441 -0.129138 -0.050276 0.080058 0.399209 -0.022985 0.104440 0.378280 0.476946 0.151113 0.051303 -0.410335 -0.041633 -0.474681 -0.404751 -0.350465 -0.384271 -0.460557 -0.512863 0.672499 1.000000 -0.043324 0.183059 0.387734 0.423082 -0.336390 -0.171037 0.144026 0.113778 -0.229150 0.377501 0.464660 0.395280 0.120989 0.179064 0.144225 0.062834 0.201303 0.006634 -0.124782 0.190464 -0.585469 0.022776 -0.207313 -0.118908 -0.339260 0.271879 -0.172161 -0.187415 -0.054249 -0.028437 0.316513 0.199624 0.427780 0.525917 -0.185554 -0.284622 -0.384920 -0.452840 -0.130218 -0.244439 -0.058478 0.005217 0.755681 0.371748 0.240781 0.110210 0.363607 0.376670 0.184788 0.152622 0.518104 0.612017 0.014161 0.174323 -0.256889 -0.010955 -0.067801 0.388680 -0.273582 -0.451316 -0.175173 -0.028969 -0.226753 -0.300989 -0.082859 0.304684 -0.242377 -0.118149 0.030652 -0.160368 -0.120490 0.025940 -0.084108 -0.199395 -0.358143 -0.279344 -0.030612 0.028950 0.031454 0.204602 -0.289273 -0.121923 -0.058574 -0.312243 -0.132693 0.004703
-0.117616 0.054091 0.520858 0.137165 0.416318 0.052477 0.195479 -0.210526 0.295338 -0.083484 -0.052915 0.066320 -0.113233 -0.350181 -0.298599 -0.266743 -0.180311 0.033812 -0.001419 -0.088493 0.399816 0.205809 0.353583 0.306160 0.483354 0.410269 0.309906 0.210043 -0.018991 -0.043324 1.000000 0.766887 0.144020 -0.000273 0.145228 -0.049066 -0.135678 0.031591 -0.015523 -0.282072 0.031957 0.100223 0.013514 -0.045332 -0.024952 0.089010 -0.185515 -0.168107 -0.118445 0.005754 -0.020388 0.082581 -0.102927 0.051211 -0.206475 -0.195297 0.160428 0.185043 -0.251260 -0.252766 -0.256173 -0.216176 -0.164098 -0.121433 -0.041861 -0.189336 -0.129355 -0.075291 0.175109 -0.127838 0.260047 0.343447 -0.099014 0.141584 0.070219 0.212546 -0.204742 -0.009426 -0.245989 -0.091110 -0.108861 -0.017391 -0.186974 0.247851 -0.242760 0.167830 -0.068991 -0.052756 -0.309265 -0.111743 -0.465736 -0.326391 -0.280251 -0.112796 0.014392 -0.051319 -0.156530 -0.231615 -0.285879 -0.316891 -0.093789 -0.147865 -0.115357 -0.225719 -0.085144 -0.055716 -0.010992 -0.064143 -0.238865 -0.216985 -0.189696 -0.122844 0.009003 -0.167308 -0.184163 -0.174841
-0.150717 -0.075426 0.289456 0.155702 0.372990 -0.076932 0.187126 -0.114891 0.349457 -0.015251 -0.057538 0.177887 -0.057476 -0.279059 -0.338045 -0.379723 -0.165211 -0.004895 0.036008 0.008696 0.298490 0.234722 0.134225 0.334337 0.316808 0.273879 0.199314 0.118938 0.079275 0.183059 0.766887 1.000000 0.179302 -0.032489 0.040476 -0.140038 -0.242017 0.052208 -0.088308 -0.146025 0.028077 0.161902 -0.016183 -0.040025 0.013092 0.139397 -0.027497 -0.095148 -0.137440 0.137105 -0.219102 0.151306 -0.156334 -0.067620 -0.393362 -0.129656 0.088452 0.055401 -0.308677 -0.160898 -0.259768 -0.295976 -0.060433 0.017328 -0.168601 -0.356276 -0.110942 -0.024109 0.113877 -0.112569 0.181898 0.498418 0.003816 0.306438 0.062304 0.305123 -0.023916 0.213665 -0.333050 -0.157971 -0.115254 0.051768 -0.211092 0.434429 -0.253394 0.185496 -0.057948 0.016477 -0.531262 -0.347228 -0.369148 -0.303505 -0.160005 -0.197245 -0.162036 -0.049491 -0.132694 -0.103299 -0.289606 -0.354117 -0.117859 -0.006275 -0.120280 -0.192140 -0.097301 -0.088002 -0.137334 -0.205074 -0.220260 0.073166 -0.209633 -0.217549 0.093337 -0.175729 -0.289947 0.010868
-0.033650 -0.009413 0.051337 -0.083284 -0.077243 -0.357710 0.127391 0.059937 -0.111755 -0.078221 -0.449589 -0.260704 -0.066983 0.069418 -0.154743 -0.005221 -0.035375 0.191443 0.240442 -0.021230 -0.229822 0.205818 -0.061318 -0.264287 -0.003688 -0.054656 -0.271389 -0.266101 0.253392 0.387734 0.144020 0.179302 1.000000 0.620879 -0.021042 0.100581 0.108103 0.266552 -0.149946 0.288943 0.484455 0.530082 0.126080 0.077613 0.113160 0.151026 0.022424 -0.115562 -0.165947 0.030305 -0.105034 -0.111823 -0.219942 -0.151810 0.023749 0.234707 0.018254 -0.062049 -0.070168 -0.251057 0.277859 -0.049965 0.186627 0.212814 0.017044 -0.024952 -0.155353 -0.106192 0.047329 -0.213580 -0.239484 -0.210993 0.421255 0.168906 0.259522 -0.161000 -0.015914 0.036807 0.038454 -0.036550 0.002154 0.245863 -0.257433 0.293775 -0.288822 -0.040988 -0.123400 0.224924 0.028357 -0.071174 -0.244229 -0.251636 -0.253846 -0.356214 -0.156964 0.347437 -0.051311 -0.108454 0.139099 -0.311977 -0.208951 -0.138572 -0.281134 -0.479372 -0.423601 -0.407466 -0.287360 -0.114484 -0.228040 -0.054911 -0.169862 -0.172204 -0.011319 -0.196067 -0.311194 -0.070152
0.039102 0.111568 -0.214631 -0.008745 -0.324056 -0.430753 0.017940 0.217155 -0.156545 0.114264 -0.345267 -0.238342 -0.002763 0.287596 0.006326 0.127288 -0.040724 0.283610 0.160401 -0.179154 -0.517715 -0.103110 -0.058352 -0.328372 -0.247260 -0.276178 -0.529880 -0.484700 0.293844 0.423082 -0.000273 -0.032489 0.620879 1.000000 -0.029091 0.314506 0.192225 0.216942 -0.046426 0.516563 0.418427 0.355733 -0.065654 -0.026098 -0.164159 -0.129516 0.006209 -0.124050 -0.181188 -0.255282 -0.114829 -0.253496 -0.079388 -0.133653 0.131861 0.251117 -0.140942 0.037089 0.074795 -0.204813 0.393293 0.115875 0.022378 0.280126 0.173182 0.083038 -0.256050 -0.186904 0.038576 -0.120106 -0.371437 -0.347957 0.364505 -0.008864 0.006101 -0.007759 0.120126 0.230254 0.094563 0.080604 -0.020226 0.207906 -0.123710 0.078278 -0.268559 -0.135400 -0.082194 0.303154 0.315113 0.015682 -0.049157 -0.077815 -0.238868 -0.275717 -0.058324 0.439173 -0.027808 -0.138814 0.207092 -0.129034 -0.045412 -0.105889 -0.196436 -0.294661 -0.403420 -0.189364 -0.091724 0.022157 -0.094653 -0.002226 -0.113427 -0.139353 -0.018579 -0.198542 -0.108044 -0.065706
-0.300254 0.100572 0.143727 0.028700 -0.038385 -0.080939 -0.363435 -0.394438 -0.041899 -0.145553 -0.360750 -0.138274 -0.448565 -0.519069 -0.258755 -0.389670 -0.305646 -0.159175 0.027238 0.072546 0.062972 0.083092 0.273637 0.044735 0.420327 0.368041 0.141327 0.227727 -0.500202 -0.336390 0.145228 0.040476 -0.021042 -0.029091 1.000000 0.347935 0.139448 0.244395 0.163899 -0.046463 -0.184457 0.143686 0.064310 0.134954 0.032436 0.091875 -0.208796 0.128378 0.003754 -0.159980 0.583512 0.060670 0.189794 -0.008368 0.259876 -0.086613 0.109033 0.234577 -0.260895 -0.062653 -0.289436 -0.313301 -0.073430 -0.203012 0.175287 0.242282 0.386249 0.521514 0.236368 0.324428 0.090775 0.051320 -0.381880 0.003648 -0.092119 0.014217 -0.148463 0.064856 -0.103696 -0.138185 -0.127811 -0.015761 -0.180579 -0.036253 0.209913 0.017010 0.063058 -0.069086 0.295294 0.022134 0.015665 0.020234 -0.166208 0.137062 0.141098 0.013367 0.070019 -0.032978 0.058444 0.019380 -0.199461 -0.082007 -0.036154 -0.018054 0.215445 0.058881 0.082507 -0.023112 0.019069 0.033357 0.266470 -0.026931 0.076406 0.046112 -0.067694 0.038669
-0.249902 -0.044918 -0.039469 0.003664 -0.201553 -0.276181 -0.282500 -0.325604 -0.053681 -0.019113 -0.265097 -0.294136 -0.148819 -0.175654 -0.099611 -0.141564 -0.093757 0.121703 -0.265438 -0.298488 -0.238579 -0.012708 0.123396 -0.196260 0.223186 0.275509 -0.170738 -0.078672 -0.254295 -0.171037 -0.049066 -0.140038 0.100581 0.314506 0.347935 1.000000 0.121447 0.466032 0.249805 0.287576 -0.040203 0.252433 0.197382 0.240022 -0.039619 0.116507 0.036213 0.337330 -0.114512 -0.201962 0.476976 -0.195054 0.169146 -0.041293 0.423366 0.118547 0.034292 0.061276 -0.005486 -0.209037 -0.045514 -0.325852 0.056210 -0.035804 0.033781 0.332275 0.044021 0.082054 -0.115446 -0.135619 -0.189688 -0.131794 -0.226354 0.000475 0.000960 0.084704 0.020494 0.076538 0.015421 0.084122 -0.038189 0.100016 -0.132681 -0.097618 0.131956 0.026666 0.083777 0.096941 0.466202 0.249505 0.174417 0.011094 -0.119097 0.032746 -0.137375 0.182296 0.259773 -0.012301 0.294834 0.027678 -0.043855 -0.149781 0.101872 -0.138421 0.062674 -0.045320 -0.020022 -0.165346 -0.164990 -0.047513 0.319601 0.050479 0.135040 0.214026 -0.024479 0.086200
