1.000000 0.468931 -0.121366 -0.089201 -0.023482 -0.290518 -0.069608 -0.255480 0.069822 -0.079323 0.285022 0.021239 0.350417 -0.009716 0.346591 0.100433 -0.157778 0.093959 0.279180 0.370911 -0.025867 -0.435358 0.042974 -0.372286 -0.112925 -0.599020 -0.085067 -0.093020 0.030993 -0.113465 -0.092189 -0.357680 0.070603 0.051907 -0.104634 -0.249638 -0.201758 -0.172904 0.065182 -0.205748 0.219823 -0.045629 -0.044831 -0.050088 0.013979 -0.215902 -0.020009 0.082943 0.058588 0.135456 -0.059232 0.045037 -0.126208 0.105794 -0.032474 -0.207416 0.506201 0.474494 0.437447 0.117493 0.345835 -0.027538 0.351463 0.133088 -0.196886 -0.274459 0.026898 -0.298763 0.277203 0.261685 -0.170981 -0.038173 -0.064592 -0.024969 -0.097292 0.145306 -0.096001 -0.016900 -0.364463 -0.077568 -0.026997 -0.193185 0.063424 0.002981 0.017298 -0.274761 0.148154 -0.161604 0.092562 -0.226267 -0.149743 0.340496 -0.091824 0.120372 -0.285157 0.195037 -0.340953 -0.202733 0.032533 0.331344 -0.089537 0.073877 0.098975 0.304380 0.225389 0.148488 0.110825 -0.080802 -0.039866 -0.073906 -0.061270 0.086309 0.239614 0.274629 0.081165 -0.188323
0.468931 1.000000 -0.372151 0.294267 0.021480 -0.092266 -0.507070 -0.140000 -0.229569 0.146258 -0.064089 0.012936 -0.158995 0.042903 0.149945 0.029377 -0.062660 0.123593 0.068210 0.405304 -0.106869 -0.386162 -0.005595 -0.232471 0.102384 -0.347955 0.257920 0.136483 -0.170852 -0.048379 -0.346190 -0.564846 0.012910 -0.044601 -0.217383 -0.525154 -0.205092 0.049050 0.008163 -0.103691 -0.055699 0.069993 -0.017895 0.115090 -0.204264 -0.327117 -0.056353 0.060276 -0.219166 -0.217569 0.352230 0.229433 0.346789 0.265459 0.206666 -0.079131 0.598313 0.686392 0.194485 0.145977 0.072994 0.217316 0.131482 0.235043 -0.209259 0.054744 -0.345736 -0.216221 0.569035 0.325283 -0.246149 -0.002386 -0.133225 0.104906 -0.044084 0.161536 0.042104 0.094292 -0.240175 0.160949 0.079646 -0.126348 0.022307 -0.114111 0.086065 -0.149909 0.196521 0.048284 0.281063 0.267029 -0.086062 0.039250 -0.086477 -0.085992 -0.184070 0.067471 -0.178429 -0.199903 0.253136 0.223477 0.191838 -0.036789 0.151866 0.199409 0.072089 -0.099201 -0.049538 -0.333774 -0.145516 -0.166244 -0.154081 0.248966 0.207171 0.261884 -0.173285 -0.250641
-0.121366 -0.372151 1.000000 0.131363 0.095317 0.050881 0.817903 0.093939 0.545635 -0.505911 -0.075459 -0.474807 0.066122 -0.437235 -0.081958 -0.285873 -0.403972 -0.518299 0.474797 -0.200432 0.350979 0.171428 0.604126 0.386547 -0.088797 0.212211 0.134581 0.276133 -0.293374 -0.559820 0.242854 0.099653 -0.318354 -0.235228 0.205821 0.401098 -0.303549 -0.498064 0.099546 -0.092880 -0.358143 -0.553063 -0.105659 -0.135198 0.124278 0.144067 -0.144142 0.129458 0.252881 0.084022 -0.136030 -0.294805 -0.262713 -0.327775 -0.093582 -0.164302 -0.326853 -0.288131 0.004292 -0.083419 -0.260803 -0.381793 -0.414411 -0.558647 0.366175 0.089958 0.278126 0.368104 -0.085266 0.193037 0.058462 -0.245234 -0.394349 -0.428336 -0.383083 -0.381106 -0.399983 -0.325962 -0.322779 -0.448208 -0.302191 -0.288972 0.072544 -0.041051 -0.252830 -0.065885 0.020207 0.145474 0.093592 0.156846 0.279175 0.254432 0.209060 0.412420 0.314452 -0.075661 0.192195 0.334610 -0.248253 0.010164 -0.126086 0.063129 0.065082 0.157613 0.241152 0.061943 -0.108939 0.250646 -0.179773 0.194238 0.306904 -0.065177 -0.014823 0.242054 0.021245 0.235394
-0.089201 0.294267 0.131363 1.000000 0.045865 0.522132 -0.029569 0.579316 -0.056507 0.165040 -0.013564 0.061116 -0.216041 0.005201 -0.015341 -0.031137 -0.393848 -0.411253 0.006206 -0.071333 0.136397 -0.180947 0.267831 0.342866 -0.005255 0.049115 0.314231 0.488722 -0.632604 -0.368823 -0.247450 -0.169711 -0.252151 -0.028616 -0.044125 0.034039 -0.360163 -0.124392 -0.072027 0.151296 -0.310919 -0.220460 -0.233519 -0.018704 -0.124216 -0.040976 -0.187631 -0.083768 -0.008089 -0.215380 0.251889 0.078765 0.031176 -0.145285 -0.065321 -0.016686 -0.094779 -0.006907 0.099163 0.194000 -0.247427 0.299643 -0.543404 -0.289818 0.177912 0.625112 -0.049653 0.295718 0.199731 0.165172 -0.203378 0.102706 -0.526512 -0.267694 -0.337283 -0.205967 -0.261781 -0.062441 -0.342221 -0.169818 -0.478908 -0.533485 -0.120421 -0.301141 0.034459 -0.085208 -0.129119 0.281048 0.421001 0.648362 0.317461 -0.200995 0.350019 -0.018950 -0.049743 0.010322 -0.046740 0.032947 -0.152276 -0.123438 -0.018392 -0.111569 0.161693 0.070887 0.092589 -0.148209 0.014736 -0.118154 -0.129850 -0.071888 -0.050939 0.106421 0.108366 0.107838 -0.210438 -0.347483
-0.023482 0.021480 0.095317 0.045865 1.000000 0.424280 0.116468 0.101706 0.300691 0.395477 -0.144038 0.069023 -0.199146 0.008476 0.130366 0.069081 -0.156663 -0.134856 0.062240 -0.147022 -0.032617 -0.276589 0.045359 -0.003186 0.487826 0.292587 0.059940 -0.225063 -0.108097 -0.098644 0.238335 0.103933 -0.040092 0.159618 -0.158591 0.088413 -0.144910 -0.199305 -0.151877 -0.213382 0.036180 0.057469 -0.195040 -0.098432 -0.018966 0.132808 -0.154654 -0.083812 0.007584 0.036337 0.183604 0.062825 0.213791 0.059328 0.122022 -0.286522 -0.130553 -0.006208 0.033776 -0.139042 0.162511 -0.091245 -0.144787 0.010128 0.100762 0.078363 -0.046612 0.105070 0.008783 0.053029 0.056643 0.180724 0.015671 -0.002602 0.036806 -0.037279 -0.057228 0.090641 -0.188572 -0.194293 -0.349126 -0.215704 -0.200010 -0.343754 -0.237219 -0.068996 -0.067604 -0.358468 -0.283148 -0.137779 0.124217 0.027379 0.228146 0.165496 -0.187029 0.332037 -0.219997 -0.063330 -0.085080 -0.071511 0.251726 0.197186 0.204224 0.128404 -0.045734 0.125418 0.117597 -0.031789 0.110915 -0.044586 0.043128 0.153074 0.063015 0.110737 0.056837 0.009233
-0.290518 -0.092266 0.050881 0.522132 0.424280 1.000000 -0.030816 0.561668 -0.068208 0.485038 -0.132273 0.054909 -0.364837 0.070005 -0.104707 -0.070931 -0.263324 -0.323337 -0.134030 -0.233670 0.092622 -0.156318 0.025161 0.349491 0.227449 0.309126 0.335738 0.223871 -0.516013 -0.268233 -0.112750 -0.019123 -0.191501 0.044865 -0.205756 0.141312 -0.393771 -0.228136 -0.196580 -0.061236 -0.101022 -0.202499 -0.250557 -0.045414 -0.046933 0.185942 -0.162453 -0.049571 0.042615 -0.012476 0.197496 0.084309 0.002419 -0.169468 -0.203512 -0.197118 -0.278938 -0.150558 0.024779 0.215444 -0.218025 0.245169 -0.563830 -0.149408 0.151395 0.549245 0.133965 0.483944 -0.030273 0.133346 -0.114490 0.189852 -0.310535 -0.221570 -0.292592 -0.179053 -0.217751 0.040872 -0.127128 -0.222908 -0.517519 -0.317222 -0.310458 -0.567609 -0.099636 -0.071872 -0.169005 -0.012320 0.031302 0.261295 0.461815 -0.191437 0.572365 0.002991 -0.215322 0.115619 -0.156461 0.026834 -0.099837 -0.153346 0.088517 -0.041190 0.240588 0.162159 0.129143 0.210408 0.216354 0.132829 0.073676 -0.115334 -0.072704 0.050887 0.000776 -0.013270 0.026192 -0.134183
-0.069608 -0.507070 0.817903 -0.029569 0.116468 -0.030816 1.000000 0.200231 0.575837 -0.472719 0.034600 -0.226794 0.307267 -0.244247 -0.078581 -0.157074 -0.321415 -0.425302 0.373384 -0.097184 0.220598 0.145520 0.397047 0.306915 -0.299671 0.091539 -0.196789 0.035937 -0.147799 -0.434765 0.307194 0.299186 -0.199154 -0.008853 0.111228 0.510379 -0.278364 -0.475536 0.008401 -0.040734 -0.273365 -0.371736 -0.260282 -0.301621 0.126603 0.144472 -0.213746 0.016303 0.300496 0.205815 -0.416040 -0.291789 -0.336311 -0.266268 -0.156125 -0.345944 -0.383167 -0.337109 0.008828 -0.078156 -0.075004 -0.360571 -0.243287 -0.389680 0.250044 -0.043864 0.236363 0.195034 -0.204209 0.091744 0.096339 -0.222882 -0.312267 -0.375757 -0.369027 -0.323858 -0.453808 -0.306993 -0.240251 -0.390231 -0.275975 -0.215515 0.027107 0.093343 -0.294627 -0.057018 -0.197033 0.000128 -0.064150 -0.071422 0.289103 0.255467 0.203568 0.391319 0.286127 -0.031028 0.043200 0.257583 -0.278125 -0.037948 -0.099849 0.102153 0.132999 0.138258 0.159086 0.140479 0.112546 0.281906 -0.093149 0.193755 0.206642 -0.077293 0.003065 0.112426 0.117232 0.268917
-0.255480 -0.140000 0.093939 0.579316 0.101706 0.561668 0.200231 1.000000 -0.116248 0.330905 -0.053649 0.221442 -0.155790 0.191630 -0.175526 -0.004530 -0.245586 -0.338689 -0.163671 -0.225074 0.067638 -0.079508 0.021774 0.193126 -0.178392 0.193785 -0.019887 0.133523 -0.469010 -0.244043 -0.048253 0.117004 0.043355 0.198629 -0.082611 0.359664 -0.476663 -0.292449 -0.296437 0.159963 -0.233335 -0.312346 -0.268789 -0.148200 0.075034 0.243695 -0.216103 -0.262330 0.167129 0.134898 -0.134863 -0.012933 -0.298256 -0.365347 -0.218290 -0.142666 -0.272754 -0.114106 0.044763 0.357631 -0.079156 0.429164 -0.526456 -0.197849 0.275144 0.589848 0.263482 0.390921 -0.126292 0.052843 -0.321564 0.088389 -0.398725 -0.354612 -0.399934 -0.343125 -0.403415 -0.272011 -0.240150 -0.176009 -0.448525 -0.435692 -0.093460 -0.315912 0.075217 0.055661 -0.253459 0.121799 0.160564 0.304708 0.308302 -0.364301 0.514064 -0.109506 -0.102707 -0.005697 -0.227114 -0.016832 -0.321479 -0.331665 0.003726 -0.105602 0.180112 -0.022667 0.019407 0.023391 0.179090 0.061954 0.005268 -0.239613 -0.280880 -0.023797 -0.091797 -0.139257 -0.124891 -0.196265
0.069822 -0.229569 0.545635 -0.056507 0.300691 -0.068208 0.575837 -0.116248 1.000000 -0.145078 -0.123263 -0.147871 0.301128 -0.196720 0.135936 0.256936 -0.406282 -0.275817 0.337692 -0.052292 0.275235 0.019143 0.131269 0.041158 -0.012922 0.016962 -0.137270 0.086650 -0.095441 -0.252118 0.148344 0.057791 -0.279484 0.010605 -0.073740 0.255753 -0.305151 -0.325172 -0.205802 -0.158924 -0.227221 -0.029350 -0.197169 -0.205847 -0.050030 -0.069876 -0.067215 0.120217 0.233684 0.083107 -0.190955 -0.208856 -0.151044 -0.023167 -0.204953 -0.306459 -0.212573 -0.125498 0.259905 0.068427 0.089774 -0.174420 -0.089275 -0.235683 0.097061 0.011882 0.086287 0.073786 0.047684 0.151070 0.040571 -0.153296 -0.228372 -0.347527 -0.257329 -0.114313 -0.334569 -0.151944 -0.181783 -0.234897 -0.108469 -0.122629 -0.202017 0.218840 -0.426392 -0.210141 -0.121049 -0.141156 -0.127059 0.020620 0.325208 0.272073 0.138740 0.448461 0.161887 0.119842 -0.130250 0.178882 0.014824 0.308688 0.074328 0.329292 0.162067 0.205011 0.119611 0.119919 -0.097599 0.228215 -0.063307 0.071535 0.214300 0.122940 0.156119 0.375790 0.265810 0.336431
-0.079323 0.146258 -0.505911 0.165040 0.395477 0.485038 -0.472719 0.330905 -0.145078 1.000000 -0.111042 0.354183 -0.247936 0.423817 0.172989 0.393680 -0.068562 0.031357 -0.387623 -0.137165 -0.062879 -0.276021 -0.328877 -0.235664 0.415734 0.143077 0.163704 -0.092356 -0.193630 0.145034 -0.100980 -0.100378 -0.013581 0.177002 -0.281335 -0.174333 -0.195826 0.111122 -0.378039 -0.010356 0.224969 0.343294 -0.045312 0.108863 -0.152738 0.094787 -0.065923 -0.219233 -0.184282 -0.066989 0.285907 0.111881 0.145224 0.081968 -0.097848 -0.143406 0.048017 0.104141 0.084223 0.213799 0.230076 0.570860 -0.143788 0.227895 0.102004 0.438772 -0.058246 0.121969 0.060008 -0.056029 -0.148332 0.303693 0.071591 0.128188 0.123703 0.210852 0.137058 0.244073 -0.010439 0.033390 -0.263564 -0.153537 -0.324796 -0.419600 0.056597 0.010134 -0.067023 -0.265100 0.022555 0.107406 0.057077 -0.275603 0.269562 -0.206394 -0.441834 0.330233 -0.439759 -0.313599 0.024738 -0.126389 0.171049 0.019756 0.085704 -0.075375 -0.222251 -0.047690 0.075222 -0.108679 0.142969 -0.193134 -0.337983 0.112704 0.012730 -0.025835 -0.044528 -0.205315
0.285022 -0.064089 -0.075459 -0.013564 -0.144038 -0.132273 0.034600 -0.053649 -0.123263 -0.111042 1.000000 0.198183 0.664139 0.402342 0.601579 0.160875 0.241501 0.056202 -0.205193 -0.071218 0.148479 0.077077 0.199221 0.083930 -0.147511 -0.299457 0.015626 0.170484 0.165056 0.019301 -0.013517 0.104658 -0.189883 0.004517 0.027015 0.027655 0.191416 0.139726 0.197047 0.213941 0.253920 0.091510 -0.083917 -0.110292 -0.005114 0.005841 -0.229318 -0.235126 0.066331 0.053819 -0.166249 -0.120648 -0.273608 -0.140692 -0.200079 0.077283 -0.000455 0.007767 0.079957 -0.092576 0.149835 -0.016690 0.100570 -0.049361 0.008991 -0.032703 -0.019621 -0.147228 -0.141097 -0.137279 0.151058 -0.070767 0.169307 0.040343 0.097560 0.023943 0.027950 -0.049550 0.045234 -0.052913 -0.020636 0.029716 0.017657 0.010748 0.300837 -0.001144 -0.083201 0.024605 0.250835 -0.220931 -0.334138 -0.320666 -0.355254 -0.240535 -0.090790 -0.025137 -0.076158 -0.044805 -0.268105 -0.268938 -0.265171 -0.191921 -0.367883 -0.483797 -0.229892 -0.176933 0.165025 0.002709 -0.003492 -0.046412 -0.101540 -0.138891 -0.238466 -0.242199 -0.062732 -0.242279
0.021239 0.012936 -0.474807 0.061116 0.069023 0.054909 -0.226794 0.221442 -0.147871 0.354183 0.198183 1.000000 0.224578 0.685935 0.091059 0.522345 0.191934 0.328463 -0.296705 0.072547 -0.296309 -0.147047 -0.412325 -0.224043 0.023092 0.028821 -0.384636 -0.382851 0.254213 0.479305 0.058744 0.328300 0.280989 0.489677 -0.388466 -0.191902 0.135954 0.271026 -0.256010 0.135247 0.162297 0.474947 -0.245188 -0.128191 -0.288051 -0.227106 -0.031959 -0.267690 -0.242897 -0.112810 -0.178192 0.080285 0.057948 -0.084608 0.080707 -0.037220 -0.234280 -0.146552 -0.141519 -0.083571 0.422437 0.365219 0.273617 0.440851 -0.192212 -0.038282 -0.399817 -0.511364 -0.258674 -0.398529 0.263829 0.351522 0.329942 0.393592 0.376747 0.359603 0.268605 0.151174 0.222990 0.041330 0.037319 0.091084 -0.246961 0.185341 -0.006911 0.214346 -0.324046 -0.298354 -0.182540 -0.156433 0.069485 -0.159156 0.049249 -0.210267 -0.137377 -0.004277 -0.267533 -0.301285 0.082499 -0.210708 0.086756 0.214207 0.080955 -0.289527 -0.420005 -0.105150 -0.050042 -0.060331 0.201528 -0.178222 -0.341381 -0.060874 0.046917 -0.218643 -0.132603 -0.195245
0.350417 -0.158995 0.066122 -0.216041 -0.199146 -0.364837 0.307267 -0.155790 0.301128 -0.247936 0.664139 0.224578 1.000000 0.338767 0.452238 0.405835 0.064595 0.051152 -0.021965 0.048620 0.175704 0.171868 -0.032368 -0.109718 -0.391726 -0.376966 -0.398278 -0.008395 0.290527 0.069936 -0.051423 0.192415 -0.119949 0.074837 -0.044744 0.191338 0.132349 0.002657 0.168317 0.170091 0.116086 0.159596 -0.165991 -0.284164 0.033616 -0.069583 -0.114763 -0.178960 0.221807 0.193867 -0.403895 -0.170332 -0.193378 -0.078865 -0.146700 -0.115592 -0.047787 0.012505 0.208391 0.046655 0.251729 -0.079196 0.325773 0.024897 -0.267209 -0.244124 -0.055480 -0.356259 -0.134655 -0.066862 0.131774 -0.192584 0.109802 -0.025160 -0.002090 -0.007480 -0.162095 -0.183130 0.057010 -0.057800 0.161059 0.124490 -0.026640 0.417356 -0.053229 -0.067154 -0.247341 -0.181155 -0.019933 -0.324249 -0.113683 -0.040996 -0.278295 0.055021 0.116121 -0.120054 -0.121663 0.017519 -0.100737 -0.018326 -0.135368 0.015079 -0.105815 -0.278625 -0.176253 -0.088709 0.146401 0.223863 -0.016004 -0.111907 -0.140636 -0.180853 -0.156361 -0.097290 0.117344 -0.002125
-0.009716 0.042903 -0.437235 0.005201 0.008476 0.070005 -0.244247 0.191630 -0.196720 0.423817 0.402342 0.685935 0.338767 1.000000 0.229162 0.570659 0.187297 0.265146 -0.425376 -0.068714 -0.185265 -0.068486 -0.306276 -0.253819 -0.105309 -0.169567 -0.169147 -0.180020 0.080883 0.359477 -0.146623 0.112578 0.049834 0.296008 -0.236364 -0.126737 0.076521 0.317509 -0.102889 0.330343 0.287714 0.466566 -0.259743 -0.116078 -0.289151 -0.163755 -0.270257 -0.406684 -0.109594 -0.191844 -0.057849 0.052093 -0.018582 -0.155604 0.078465 0.034049 -0.130187 -0.058210 0.036081 0.024688 0.391441 0.514356 0.140063 0.272412 -0.173357 0.183866 -0.202017 -0.197842 0.033942 -0.166796 0.111832 0.364280 0.266626 0.377159 0.309425 0.325404 0.166085 0.093270 0.128403 0.029350 0.065369 0.061766 -0.212788 -0.059527 0.094944 0.173378 -0.133619 -0.090740 0.034231 -0.097123 -0.171377 -0.363133 -0.109158 -0.290729 -0.200694 0.071655 -0.304463 -0.208768 -0.062794 -0.246976 0.052017 -0.101867 -0.016300 -0.445897 -0.501832 -0.223920 0.043461 0.106944 0.045124 -0.161922 -0.427729 -0.018531 -0.033614 -0.187617 -0.055123 -0.170092
0.346591 0.149945 -0.081958 -0.015341 0.130366 -0.104707 -0.078581 -0.175526 0.135936 0.172989 0.601579 0.091059 0.452238 0.229162 1.000000 0.298014 0.110056 -0.053490 -0.111309 0.033682 0.237722 -0.000475 0.243637 -0.037863 0.176644 -0.203908 0.206126 0.131761 0.057341 -0.089621 -0.044277 -0.044268 -0.260524 -0.065154 -0.055917 -0.178928 0.061055 0.093699 0.114415 -0.036951 0.173695 0.213298 -0.073351 0.002328 -0.165313 0.004400 -0.206516 -0.068000 0.078950 0.047122 0.076421 -0.042124 -0.073346 0.025703 -0.130879 -0.129905 0.168496 0.153552 0.189272 -0.090907 0.166549 -0.014915 0.059366 -0.091554 0.011615 0.055653 -0.181879 -0.141856 0.009795 -0.012682 0.026269 -0.029901 0.101361 0.002347 0.126954 0.053111 0.112155 0.103393 -0.119105 -0.068390 -0.028630 -0.079422 0.108303 -0.003953 0.175695 -0.036028 0.103462 -0.049291 0.315426 -0.034696 -0.232675 -0.221213 -0.245369 -0.087824 -0.101345 0.057593 -0.244501 -0.096958 -0.180740 -0.030358 -0.069664 -0.058282 -0.117890 -0.318969 -0.231794 -0.201577 -0.031287 -0.075112 0.002150 -0.056862 -0.138271 0.046623 -0.050388 0.052469 -0.122900 -0.210353
0.100433 0.029377 -0.285873 -0.031137 0.069081 -0.070931 -0.157074 -0.004530 0.256936 0.393680 0.160875 0.522345 0.405835 0.570659 0.298014 1.000000 -0.018100 0.037846 -0.213861 -0.062482 0.035216 0.080902 -0.379540 -0.245688 0.016656 0.061882 -0.281234 -0.141267 0.121737 0.263682 -0.087187 0.170334 -0.024898 0.167150 -0.163385 -0.032159 0.014145 0.249359 -0.266230 0.176758 0.181339 0.504627 -0.160888 -0.130099 -0.261929 -0.156498 -0.032678 -0.131065 -0.004076 -0.121807 -0.103440 -0.033253 0.004946 0.032751 -0.006790 -0.031810 -0.062937 -0.087425 0.121913 0.067385 0.452014 0.329092 0.244762 0.209732 -0.197882 0.051796 -0.227589 -0.329196 0.053961 -0.076691 -0.034794 0.151153 0.155356 0.096096 0.170548 0.203666 -0.010656 0.001870 0.058973 -0.123616 0.134463 0.045452 -0.221944 0.270305 -0.143406 0.051516 -0.193559 -0.150367 -0.157799 -0.013111 0.005784 -0.199829 -0.074904 -0.086857 -0.084067 0.110490 -0.269625 -0.042843 0.006104 0.079529 0.142098 0.222379 0.063940 -0.183506 -0.383160 -0.160573 -0.209211 0.063207 0.070458 -0.052651 -0.264654 0.045859 0.055197 0.113206 -0.019203 -0.001648
-0.157778 -0.062660 -0.403972 -0.393848 -0.156663 -0.263324 -0.321415 -0.245586 -0.406282 -0.068562 0.241501 0.191934 0.064595 0.187297 0.110056 -0.018100 1.000000 0.456839 -0.320513 0.180425 -0.057740 0.230404 -0.345014 -0.020223 -0.100616 -0.054454 -0.087678 -0.263926 0.574850 0.538895 -0.026087 0.231859 0.301524 0.128167 -0.134370 -0.133170 0.488653 0.221084 0.027954 0.022228 0.168711 0.262127 0.272567 0.137182 0.128604 -0.001927 0.241747 0.062838 -0.008987 0.068984 -0.152062 -0.072327 0.086221 0.045134 0.100693 0.214910 0.194438 0.030505 -0.184011 -0.221159 -0.045405 -0.112379 0.425707 0.233901 -0.259163 -0.386230 -0.247626 -0.396875 -0.282220 -0.330121 0.226088 -0.070376 0.493062 0.306059 0.410750 0.118126 0.328519 0.067102 0.693018 0.450255 0.678861 0.665015 0.448608 0.227254 0.288087 0.085408 0.093132 -0.141484 -0.185817 -0.355266 -0.384074 -0.283453 -0.274444 -0.290416 0.034924 -0.335523 0.146494 -0.246540 0.021154 -0.248721 0.032430 0.002163 -0.218412 -0.277445 -0.175055 -0.019887 0.029421 0.018139 0.032194 -0.205591 -0.147177 -0.165266 -0.243574 -0.470128 -0.215052 -0.070338
0.093959 0.123593 -0.518299 -0.411253 -0.134856 -0.323337 -0.425302 -0.338689 -0.275817 0.031357 0.056202 0.328463 0.051152 0.265146 -0.053490 0.037846 0.456839 1.000000 -0.197723 0.081199 -0.107918 0.012604 -0.410428 -0.514036 0.041033 -0.130646 -0.265501 -0.367089 0.623095 0.677931 0.062755 0.036572 0.424777 0.345223 -0.109553 -0.247269 0.357185 0.327752 -0.011873 -0.011194 0.196235 0.379623 0.064524 -0.108224 -0.126308 -0.189071 0.085223 -0.215312 -0.318279 -0.099957 -0.092136 0.115867 0.182149 0.121752 -0.026985 0.207497 0.276821 0.272172 -0.194718 -0.108847 0.160583 0.099014 0.510662 0.492948 -0.206390 -0.293540 -0.193940 -0.496121 -0.236138 -0.408758 0.184145 0.211723 0.646271 0.548842 0.490645 0.358349 0.436631 0.142657 0.593168 0.695376 0.481880 0.647727 -0.127811 0.232129 -0.086916 0.031267 -0.059211 -0.252418 -0.325789 -0.352829 -0.369801 -0.039796 -0.384866 -0.272950 -0.082736 -0.035601 -0.134816 -0.366656 0.196475 -0.036440 -0.001861 0.077627 -0.096294 -0.223863 -0.225972 -0.103370 -0.236403 -0.178475 0.099316 -0.168360 -0.310704 -0.038990 -0.104430 -0.327419 -0.111288 -0.147442
0.279180 0.068210 0.474797 0.006206 0.062240 -0.134030 0.373384 -0.163671 0.337692 -0.387623 -0.205193 -0.296705 -0.021965 -0.425376 -0.111309 -0.213861 -0.320513 -0.197723 1.000000 0.275227 0.097822 -0.225427 0.155743 -0.045208 -0.065329 -0.028408 -0.109888 -0.007282 -0.014888 -0.254899 0.213389 -0.084303 0.093075 0.124288 -0.064118 -0.023187 -0.190788 -0.316431 0.072999 -0.202730 -0.187098 -0.316390 -0.212046 -0.154084 -0.099118 -0.175441 -0.109222 0.233601 0.021846 0.065306 -0.085506 0.003847 -0.048367 0.098834 -0.009440 -0.175092 -0.030401 -0.063752 0.144004 -0.033423 0.131326 -0.343585 0.030687 -0.022385 0.063824 -0.236974 0.041314 -0.083240 0.039313 0.088663 -0.000115 -0.153329 -0.102670 -0.109788 -0.161659 -0.085112 -0.146305 -0.099518 -0.342870 -0.272707 -0.114195 -0.181402 0.007865 0.053828 -0.380359 -0.255403 -0.069198 -0.018697 -0.154001 -0.070192 0.120926 0.545943 0.036433 0.406902 0.010090 0.153149 -0.098902 0.050291 0.076300 0.311791 0.143012 0.213499 0.212611 0.404037 0.379985 0.238064 -0.066644 0.147113 -0.173696 0.195023 0.110975 0.119133 0.139465 0.284775 0.039549 0.093415
0.370911 0.405304 -0.200432 -0.071333 -0.147022 -0.233670 -0.097184 -0.225074 -0.052292 -0.137165 -0.071218 0.072547 0.048620 -0.068714 0.033682 -0.062482 0.180425 0.081199 0.275227 1.000000 -0.145634 -0.281516 -0.102564 -0.057688 -0.256394 -0.444231 -0.076257 -0.125716 0.215960 0.120732 -0.127106 -0.151658 0.178083 0.141890 -0.269387 -0.363857 0.022460 -0.036365 0.055386 -0.127118 -0.057343 0.049903 -0.050966 -0.026717 -0.205010 -0.427221 -0.090353 0.279507 -0.222710 -0.066528 -0.073977 0.024977 0.173981 0.277352 -0.026955 -0.323158 0.270875 0.197005 0.068449 -0.043391 0.141999 -0.065924 0.361744 0.337277 -0.229000 -0.421193 -0.410933 -0.391049 0.209490 0.135476 -0.051385 -0.191683 0.013217 0.003482 -0.016471 0.168110 0.099558 0.190041 -0.005863 0.082917 0.259116 0.045831 0.302184 0.225070 -0.023507 -0.327341 -0.000153 -0.011269 0.016956 -0.129467 0.050080 0.314957 0.024161 0.060409 0.030245 -0.052151 -0.119186 -0.021881 0.160685 0.225372 0.179752 0.061752 0.225727 0.318164 0.165078 0.200423 0.127587 0.034250 -0.154834 -0.024361 0.004315 0.097671 0.204358 0.083055 -0.046043 0.103691
-0.025867 -0.106869 0.350979 0.136397 -0.032617 0.092622 0.220598 0.067638 0.275235 -0.062879 0.148479 -0.296309 0.175704 -0.185265 0.237722 0.035216 -0.057740 -0.107918 0.097822 -0.145634 1.000000 0.300931 0.413232 0.182471 0.096054 0.122450 0.354707 0.508122 -0.060302 -0.183335 0.194244 0.156621 -0.153920 -0.012557 0.088223 0.282665 -0.239109 -0.196952 -0.057340 0.100743 -0.066224 -0.156982 -0.150870 -0.171628 0.009511 0.082665 -0.117914 -0.254439 0.134493 0.024159 -0.010561 -0.234447 -0.112164 -0.239283 -0.313528 -0.173097 0.002375 0.010174 0.057209 0.039202 -0.205463 -0.115964 -0.181993 -0.269829 0.185674 0.160070 0.157323 0.208739 -0.201972 -0.041739 -0.081776 -0.063352 -0.028768 -0.312215 -0.202338 -0.284735 -0.116759 -0.188531 0.068498 -0.168674 -0.156054 -0.045866 -0.070515 0.068755 -0.198304 -0.302162 -0.116088 -0.098097 0.031955 0.095036 -0.000601 -0.135307 0.078631 0.030792 -0.058666 0.097790 -0.222638 -0.097884 -0.121433 -0.131258 0.034746 0.074435 0.200552 -0.022272 0.047744 -0.049324 -0.135629 0.067883 -0.010829 -0.151958 -0.237408 0.007278 -0.182835 0.031471 0.071897 -0.103249
-0.435358 -0.386162 0.171428 -0.180947 -0.276589 -0.156318 0.145520 -0.079508 0.019143 -0.276021 0.077077 -0.147047 0.171868 -0.068486 -0.000475 0.080902 0.230404 0.012604 -0.225427 -0.281516 0.300931 1.000000 0.086401 0.385717 -0.051242 0.479423 0.117198 0.328000 0.143282 -0.010866 -0.082258 0.236699 -0.276864 -0.411079 0.224575 0.222461 0.382233 0.140069 0.227338 0.026780 -0.279295 -0.155437 0.157087 -0.100648 -0.010213 0.102879 0.135200 0.003456 0.099347 -0.032984 -0.105433 -0.127340 0.008566 -0.217735 0.092107 0.344396 -0.207079 -0.315665 -0.337268 -0.113876 -0.433486 -0.324846 -0.136199 -0.335256 -0.141083 -0.110989 -0.031026 0.031374 -0.266687 -0.220972 0.139286 -0.159487 -0.000830 -0.191979 -0.057908 -0.367635 -0.102978 -0.329767 0.437953 0.078480 0.242652 0.414656 0.062381 0.321933 -0.008951 0.246350 -0.177541 0.171427 -0.028008 0.123405 0.027913 -0.184201 -0.117494 0.024193 0.557331 -0.493786 0.400579 0.326458 -0.060975 -0.307612 -0.159459 -0.043247 -0.134570 -0.226196 -0.114428 -0.109277 -0.146988 0.066214 0.025136 0.077702 -0.070150 -0.456138 -0.343587 -0.200239 -0.033551 0.053323
0.042974 -0.005595 0.604126 0.267831 0.045359 0.025161 0.397047 0.021774 0.131269 -0.328877 0.199221 -0.412325 -0.032368 -0.306276 0.243637 -0.379540 -0.345014 -0.410428 0.155743 -0.102564 0.413232 0.086401 1.000000 0.452428 0.218623 0.077214 0.573257 0.518107 -0.308370 -0.567834 0.331083 0.049681 -0.359625 -0.350470 0.357806 0.042641 -0.150052 -0.178016 0.276603 0.057881 -0.171563 -0.419251 -0.146724 -0.113489 -0.078805 0.028360 -0.338800 -0.176562 -0.095758 -0.180180 0.180497 -0.185113 -0.134264 -0.288450 -0.093588 -0.195735 -0.110215 -0.085031 -0.102692 -0.281680 -0.246093 -0.287974 -0.378369 -0.501342 0.491800 0.173463 0.075798 0.344823 0.043627 0.100450 -0.019381 -0.078745 -0.317413 -0.224661 -0.179695 -0.217504 -0.044112 -0.144966 -0.401288 -0.341554 -0.471480 -0.417520 0.097819 -0.183923 0.089904 -0.084778 0.263140 0.280444 0.438086 0.315181 0.017988 0.105893 0.051518 0.078413 0.145366 0.078967 0.046271 0.109033 -0.289394 -0.124894 -0.089186 -0.092030 -0.010522 -0.026036 -0.028482 -0.217182 -0.132723 -0.202519 -0.040040 0.214652 0.092342 0.041375 -0.097872 0.213999 -0.055285 -0.042867
-0.372286 -0.232471 0.386547 0.342866 -0.003186 0.349491 0.306915 0.193126 0.041158 -0.235664 0.083930 -0.224043 -0.109718 -0.253819 -0.037863 -0.245688 -0.020223 -0.514036 -0.045208 -0.057688 0.182471 0.385717 0.452428 1.000000 0.029746 0.354458 0.387537 0.524306 -0.420959 -0.517149 -0.059879 0.142888 -0.426920 -0.376351 0.110401 0.080931 -0.042355 -0.264334 0.041973 -0.055495 -0.343713 -0.376040 -0.012895 0.002778 0.082664 0.184143 -0.050725 0.156142 0.088367 -0.095051 -0.011478 -0.210970 -0.153719 -0.167466 -0.110539 -0.054415 -0.282881 -0.312800 -0.183600 -0.160701 -0.515654 -0.267916 -0.542974 -0.526991 0.218597 0.212011 0.023172 0.415867 -0.082798 0.115777 0.132739 -0.071540 -0.535245 -0.456926 -0.376531 -0.479770 -0.356595 -0.287110 0.051977 -0.291394 -0.346572 -0.071934 0.013115 -0.125260 0.148845 0.176978 -0.080168 0.354079 0.252212 0.352405 0.381637 -0.034777 0.287380 0.139819 0.246674 -0.307324 0.185496 0.233715 -0.163590 -0.238283 -0.085580 -0.042556 0.001773 0.089773 0.183360 0.083178 0.199323 0.122846 -0.024263 -0.052729 0.157752 -0.171586 -0.199296 -0.061465 -0.064339 0.068135
-0.112925 0.102384 -0.088797 -0.005255 0.487826 0.227449 -0.299671 -0.178392 -0.012922 0.415734 -0.147511 0.023092 -0.391726 -0.105309 0.176644 0.016656 -0.100616 0.041033 -0.065329 -0.256394 0.096054 -0.051242 0.218623 0.029746 1.000000 0.417755 0.392737 -0.000667 0.017958 0.043679 0.312560 0.066090 -0.078693 -0.103633 -0.102177 -0.316954 0.074514 0.169047 -0.182892 -0.199186 0.132610 0.222967 0.120972 0.241168 -0.191860 0.116516 0.075388 -0.080307 -0.445322 -0.182541 0.340145 0.007370 0.289286 0.090944 0.215327 0.056842 -0.039313 -0.058275 -0.188638 -0.281210 -0.014487 -0.046084 -0.123355 0.004663 0.106536 0.076745 -0.175589 0.066669 -0.115085 -0.145332 0.153497 0.315475 0.221981 0.235373 0.293656 0.159704 0.331798 0.206847 0.064126 -0.093275 -0.239269 0.029901 -0.288958 -0.187053 -0.112105 0.088436 0.163197 -0.174209 -0.123957 0.042096 -0.042234 -0.016416 0.044502 -0.150384 -0.268371 0.232073 -0.108990 -0.266288 0.190874 -0.079163 0.202994 0.237337 0.069572 -0.055161 -0.169753 -0.058683 -0.207134 -0.295108 0.286913 0.103303 -0.005138 0.153806 -0.009461 0.088720 0.019370 -0.125167
-0.599020 -0.347955 0.212211 0.049115 0.292587 0.309126 0.091539 0.193785 0.016962 0.143077 -0.299457 0.028821 -0.376966 -0.169567 -0.203908 0.061882 -0.054454 -0.130646 -0.028408 -0.444231 0.122450 0.479423 0.077214 0.354458 0.417755 1.000000 0.156081 0.096590 -0.083531 -0.018037 0.238062 0.365493 -0.062279 -0.130529 0.153938 0.179602 0.152703 0.023145 -0.134543 -0.096444 -0.289439 -0.167882 -0.023363 -0.085554 -0.125918 0.168217 0.078621 -0.046691 -0.103506 -0.084927 0.087019 -0.016273 0.104300 -0.145503 0.098028 0.182304 -0.403316 -0.393402 -0.454363 -0.157626 -0.236000 -0.131626 -0.369351 -0.193971 0.225276 0.159475 -0.009253 0.174180 -0.328837 -0.332735 0.114145 0.076513 -0.000407 -0.100806 0.019273 -0.240751 0.003871 -0.153482 0.147889 -0.124814 -0.203703 0.081778 -0.180751 -0.116011 -0.166853 0.281771 -0.180924 0.031777 -0.225283 0.181804 0.230919 -0.098969 0.231632 -0.030897 0.269718 -0.088157 0.186183 0.143912 -0.121968 -0.307634 0.035176 0.107132 -0.022230 -0.089314 -0.149064 -0.047157 -0.307132 -0.051781 0.212494 0.118073 -0.025573 -0.183144 -0.256174 -0.052982 -0.066667 0.031441
-0.085067 0.257920 0.134581 0.314231 0.059940 0.335738 -0.196789 -0.019887 -0.137270 0.163704 0.015626 -0.384636 -0.398278 -0.169147 0.206126 -0.281234 -0.087678 -0.265501 -0.109888 -0.076257 0.354707 0.117198 0.573257 0.387537 0.392737 0.156081 1.000000 0.634334 -0.465209 -0.396906 -0.149484 -0.334277 -0.458818 -0.471614 0.051973 -0.263086 -0.170904 -0.072552 0.114885 -0.178842 -0.139926 -0.299750 -0.017898 0.116623 -0.217597 -0.062651 -0.125443 0.052313 -0.124564 -0.252861 0.509073 0.025366 0.125800 -0.098193 0.014009 0.009221 0.083282 0.098878 -0.075122 0.001313 -0.363082 -0.023888 -0.352573 -0.251903 0.309581 0.325606 -0.029446 0.450710 0.221811 0.128067 -0.107532 -0.069119 -0.308802 -0.167811 -0.145850 -0.110034 0.086297 0.035431 -0.116207 -0.123826 -0.281845 -0.162332 -0.014499 -0.495883 0.324541 -0.169608 0.274064 0.158188 0.520314 0.434670 0.147407 0.050503 0.256363 0.060728 -0.050958 -0.007163 0.056334 0.003239 0.027396 -0.080115 -0.009026 -0.047977 0.076644 0.108985 0.117345 -0.033652 -0.094646 -0.118000 -0.046142 0.073002 -0.045617 0.033986 -0.060325 0.192941 -0.104478 -0.134181
-0.093020 0.136483 0.276133 0.488722 -0.225063 0.223871 0.035937 0.133523 0.086650 -0.092356 0.170484 -0.382851 -0.008395 -0.180020 0.131761 -0.141267 -0.263926 -0.367089 -0.007282 -0.125716 0.508122 0.328000 0.518107 0.524306 -0.000667 0.096590 0.634334 1.000000 -0.527107 -0.445873 -0.270383 -0.258344 -0.510472 -0.409282 0.183106 0.036649 -0.240409 -0.133559 0.117858 0.114831 -0.415622 -0.364325 -0.105234 -0.060026 -0.104346 -0.012676 -0.123834 -0.067631 0.051334 -0.153656 0.302439 -0.035747 -0.082853 -0.142899 -0.200245 0.072200 -0.003101 -0.010861 0.082951 0.192838 -0.510824 -0.009119 -0.510630 -0.439661 0.179090 0.436717 0.147446 0.464504 0.188430 0.123716 -0.233019 -0.164803 -0.541901 -0.445084 -0.449909 -0.406524 -0.309396 -0.255837 -0.155672 -0.115679 -0.320777 -0.233145 -0.046092 -0.218084 0.166303 -0.123183 0.113869 0.329809 0.526951 0.624720 0.151965 -0.098088 0.179393 0.064535 0.182228 -0.169989 0.016074 0.149402 -0.129590 -0.131522 -0.170519 -0.165115 0.015324 0.043006 0.098199 -0.141628 -0.021825 -0.022558 0.005753 -0.052933 -0.106246 -0.042437 -0.247538 0.136965 0.012008 -0.063658
0.030993 -0.170852 -0.293374 -0.632604 -0.108097 -0.516013 -0.147799 -0.469010 -0.095441 -0.193630 0.165056 0.254213 0.290527 0.080883 0.057341 0.121737 0.574850 0.623095 -0.014888 0.215960 -0.060302 0.143282 -0.308370 -0.420959 0.017958 -0.083531 -0.465209 -0.527107 1.000000 0.751011 0.410208 0.479249 0.464172 0.327564 -0.007047 -0.036163 0.611050 0.409925 0.113338 0.117655 0.350784 0.446135 0.128761 -0.076764 0.008267 -0.139724 0.132321 -0.086223 -0.222138 0.017934 -0.335268 -0.078605 0.111199 0.039131 0.062392 0.109088 0.005280 -0.110253 -0.296795 -0.348635 0.227486 -0.318619 0.688646 0.367401 -0.281032 -0.698750 -0.248196 -0.657764 -0.373664 -0.413563 0.306698 -0.000575 0.845711 0.523882 0.617147 0.390131 0.516663 0.236299 0.586838 0.430690 0.638267 0.587405 0.187150 0.621754 -0.172266 -0.063529 -0.090475 -0.307893 -0.520829 -0.646430 -0.475557 -0.084797 -0.554947 -0.275648 0.092013 -0.009179 0.122272 -0.141940 0.128410 -0.070271 0.094483 0.124294 -0.181853 -0.270631 -0.316142 -0.108309 -0.140141 -0.141207 0.114533 0.108702 -0.017739 -0.157683 -0.153531 -0.268064 0.025522 0.045664
-0.113465 -0.048379 -0.559820 -0.368823 -0.098644 -0.268233 -0.434765 -0.244043 -0.252118 0.145034 0.019301 0.479305 0.069936 0.359477 -0.089621 0.263682 0.538895 0.677931 -0.254899 0.120732 -0.183335 -0.010866 -0.567834 -0.517149 0.043679 -0.018037 -0.396906 -0.445873 0.751011 1.000000 0.190220 0.396367 0.544236 0.529525 -0.085018 -0.060673 0.497341 0.536214 -0.076760 0.292456 0.406900 0.650001 -0.029738 -0.082409 -0.183250 -0.254667 0.109287 -0.221114 -0.302158 -0.214949 -0.179475 -0.032340 0.166396 0.076123 0.140679 0.227161 -0.038425 -0.092549 -0.132888 -0.117460 0.290302 0.113594 0.563572 0.575086 -0.278847 -0.379615 -0.187668 -0.496094 -0.305953 -0.446059 0.172934 0.209780 0.799431 0.659903 0.625327 0.489248 0.591716 0.407004 0.602925 0.516863 0.545402 0.503997 -0.007443 0.410502 -0.096740 -0.072585 -0.110177 -0.287592 -0.417175 -0.471749 -0.436103 -0.249044 -0.343886 -0.374959 -0.142052 0.069858 0.014420 -0.256870 0.194137 -0.129839 0.076644 0.019900 -0.116054 -0.363098 -0.429963 -0.125807 -0.129857 -0.036775 0.243935 0.015900 -0.127176 0.033297 -0.102179 -0.331516 0.057049 0.022372
-0.092189 -0.346190 0.242854 -0.247450 0.238335 -0.112750 0.307194 -0.048253 0.148344 -0.100980 -0.013517 0.058744 -0.051423 -0.146623 -0.044277 -0.087187 -0.026087 0.062755 0.213389 -0.127106 0.194244 -0.082258 0.331083 -0.059879 0.312560 0.238062 -0.149484 -0.270383 0.410208 0.190220 1.000000 0.702541 0.349005 0.383668 0.169559 0.167994 0.108941 0.098063 -0.045177 0.119411 0.297615 0.089882 -0.200142 -0.233050 -0.020027 0.096508 -0.207790 -0.360004 -0.284826 -0.151260 -0.287169 -0.364124 -0.261884 -0.276320 -0.128841 -0.291191 -0.257392 -0.284209 -0.240165 -0.484628 0.215511 -0.344024 0.089333 -0.051798 0.433330 -0.178960 0.135938 -0.075233 -0.349501 -0.262016 0.222552 0.215140 0.430517 0.250134 0.315716 0.122224 0.363561 0.155879 0.012018 -0.109364 -0.180002 -0.051943 -0.055203 0.200527 -0.275113 -0.008773 -0.016480 -0.132025 -0.357734 -0.348153 -0.268674 0.029909 -0.141426 -0.205082 -0.148118 0.323465 -0.138398 -0.259982 -0.198246 -0.226597 0.162537 0.083481 -0.052338 -0.172390 -0.290986 -0.121549 -0.182849 -0.230225 0.142569 0.268707 0.027311 0.050739 -0.095028 -0.095315 0.096226 0.097050
-0.357680 -0.564846 0.099653 -0.169711 0.103933 -0.019123 0.299186 0.117004 0.057791 -0.100378 0.104658 0.328300 0.192415 0.112578 -0.044268 0.170334 0.231859 0.036572 -0.084303 -0.151658 0.156621 0.236699 0.049681 0.142888 0.066090 0.365493 -0.334277 -0.258344 0.479249 0.396367 0.702541 1.000000 0.311914 0.477845 0.112364 0.338936 0.306331 0.164386 -0.025897 0.282021 0.223665 0.251460 -0.243110 -0.317450 -0.025589 0.098449 -0.143260 -0.372073 -0.077692 -0.089377 -0.387287 -0.335831 -0.202770 -0.272715 -0.019452 -0.166115 -0.460640 -0.504396 -0.264935 -0.373338 0.101189 -0.261807 0.117425 -0.023233 0.129189 -0.191725 0.012111 -0.165702 -0.591770 -0.446300 0.281486 0.224782 0.456929 0.249776 0.329579 0.002183 0.239936 0.084159 0.299863 -0.075672 -0.017925 0.111420 0.019700 0.370509 -0.172381 0.089295 -0.215301 -0.132095 -0.395778 -0.349124 -0.132536 -0.206650 -0.097568 -0.257347 0.016421 0.062762 -0.022576 -0.128620 -0.239173 -0.400586 0.047881 0.015699 -0.056390 -0.374739 -0.453259 -0.140167 -0.065589 -0.017660 0.254464 0.150373 -0.091292 -0.134725 -0.274480 -0.294643 0.021996 0.035367
0.070603 0.012910 -0.318354 -0.252151 -0.040092 -0.191501 -0.199154 0.043355 -0.279484 -0.013581 -0.189883 0.280989 -0.119949 0.049834 -0.260524 -0.024898 0.301524 0.424777 0.093075 0.178083 -0.153920 -0.276864 -0.359625 -0.426920 -0.078693 -0.062279 -0.458818 -0.510472 0.464172 0.544236 0.349005 0.311914 1.000000 0.639641 0.046080 0.020492 0.181350 0.243755 -0.149510 0.115438 0.357862 0.245113 0.057453 0.017930 0.023231 -0.081321 0.069271 -0.226837 -0.175191 -0.052590 -0.294248 -0.113579 -0.139615 0.042738 0.019976 -0.137853 0.114030 0.063669 -0.021517 -0.091124 0.335637 0.003129 0.362188 0.402847 -0.024463 -0.232009 0.088642 -0.287548 -0.187697 -0.191206 0.061420 0.212547 0.494827 0.424115 0.415911 0.299366 0.386341 0.274368 0.179243 0.273309 0.251247 0.153503 0.131594 0.192195 -0.050503 -0.051083 -0.011516 -0.076439 -0.413635 -0.430480 -0.369105 -0.062238 -0.120497 -0.346174 -0.275369 0.144456 -0.088297 -0.347818 0.075537 -0.038887 0.123999 -0.018252 0.004705 -0.106563 -0.148877 -0.076397 -0.143222 -0.150083 0.202888 -0.144184 -0.068780 0.257001 0.001011 -0.245523 0.077043 0.069061
0.051907 -0.044601 -0.235228 -0.028616 0.159618 0.044865 -0.008853 0.198629 0.010605 0.177002 0.004517 0.489677 0.074837 0.296008 -0.065154 0.167150 0.128167 0.345223 0.124288 0.141890 -0.012557 -0.411079 -0.350470 -0.376351 -0.103633 -0.130529 -0.471614 -0.409282 0.327564 0.529525 0.383668 0.477845 0.639641 1.000000 -0.278566 0.120160 -0.082170 0.088748 -0.207846 0.279317 0.365240 0.392056 -0.368528 -0.280533 -0.191089 -0.181319 -0.249866 -0.366461 -0.131338 -0.118100 -0.288945 -0.181045 -0.215296 0.029634 -0.151531 -0.291845 -0.044701 0.047485 0.190043 0.006502 0.456599 0.192992 0.231364 0.435008 0.077819 -0.007478 0.018871 -0.273200 -0.329809 -0.274137 0.031745 0.324200 0.458892 0.404001 0.332425 0.245378 0.246792 0.285168 0.114501 0.160415 -0.034679 -0.022658 -0.133888 0.114376 -0.190979 -0.130135 -0.208496 -0.240505 -0.301647 -0.358141 -0.208650 -0.125501 -0.037195 -0.224628 -0.421667 0.349015 -0.381784 -0.349302 0.012607 -0.106992 0.117143 -0.009558 0.018265 -0.262964 -0.306152 -0.087082 -0.011119 -0.033639 0.213480 -0.093821 -0.216429 0.323502 -0.002704 -0.210968 -0.013348 -0.058188
-0.104634 -0.217383 0.205821 -0.044125 -0.158591 -0.205756 0.111228 -0.082611 -0.073740 -0.281335 0.027015 -0.388466 -0.044744 -0.236364 -0.055917 -0.163385 -0.134370 -0.109553 -0.064118 -0.269387 0.088223 0.224575 0.357806 0.110401 -0.102177 0.153938 0.051973 0.183106 -0.007047 -0.085018 0.169559 0.112364 0.046080 -0.278566 1.000000 0.417889 0.180936 0.102250 0.201707 0.227770 0.088786 -0.131204 0.137028 0.013738 0.258181 0.196311 -0.047329 -0.132035 0.074679 -0.094760 -0.056822 -0.047478 -0.188586 -0.075783 -0.098232 0.132781 -0.093255 -0.171642 -0.048860 -0.169252 -0.075795 -0.204246 -0.137875 -0.334176 0.278147 0.015220 0.322873 0.307817 -0.000960 -0.014077 -0.043819 0.012857 -0.007984 0.019522 0.023818 -0.044920 0.116940 0.081366 -0.167406 -0.014096 -0.089021 -0.172629 0.217237 0.010814 0.085312 -0.001398 0.313559 0.272251 0.139795 0.044929 -0.310470 -0.101567 -0.234176 -0.068227 0.158545 -0.043073 0.241994 0.176653 -0.361599 -0.110560 -0.222216 -0.262053 -0.199874 -0.143722 -0.076874 -0.283612 -0.228482 -0.194382 -0.076195 0.158397 0.352833 -0.029171 -0.267443 -0.083250 0.023268 0.141109
-0.249638 -0.525154 0.401098 0.034039 0.088413 0.141312 0.510379 0.359664 0.255753 -0.174333 0.027655 -0.191902 0.191338 -0.126737 -0.178928 -0.032159 -0.133170 -0.247269 -0.023187 -0.363857 0.282665 0.222461 0.042641 0.080931 -0.316954 0.179602 -0.263086 0.036649 -0.036163 -0.060673 0.167994 0.338936 0.020492 0.120160 0.417889 1.000000 -0.126643 -0.236668 -0.017158 0.215506 -0.107762 -0.257939 -0.112103 -0.229502 0.430718 0.377729 -0.074149 -0.151463 0.432483 0.255910 -0.321735 -0.121640 -0.287632 -0.249126 -0.330070 -0.078769 -0.406593 -0.293219 0.140412 0.214288 -0.111748 -0.145592 -0.249204 -0.278847 0.157447 0.078856 0.496170 0.350167 -0.224372 -0.000746 -0.188991 -0.235012 -0.086706 -0.321652 -0.276673 -0.326260 -0.316814 -0.180302 -0.049028 -0.151104 -0.160332 -0.167498 0.071647 0.064428 -0.173478 -0.145537 -0.135714 -0.070409 -0.162441 -0.166904 0.000392 -0.253795 0.150470 0.091538 0.170908 0.026601 0.073100 0.292897 -0.400129 -0.231872 -0.070878 -0.113371 0.004836 -0.094799 -0.027167 -0.073927 0.109439 0.169431 0.058966 0.010044 0.207093 -0.082831 -0.271582 -0.161840 0.172752 0.142701
