1.000000 0.642106 -0.091317 -0.005571 -0.096361 -0.216269 -0.332081 -0.219814 -0.079953 -0.283267 0.093964 0.083854 0.051967 0.109046 -0.166888 -0.083274 0.109284 0.185016 0.156170 0.402577 0.139824 0.057477 -0.014714 -0.032436 -0.204005 -0.277314 -0.033995 -0.074318 0.019722 -0.013792 -0.257162 -0.180709 -0.114878 -0.099523 -0.152820 -0.198230 0.172345 0.164183 0.066697 0.095365 0.022774 0.143066 -0.257632 -0.233843 -0.199559 -0.279662 -0.200062 -0.077514 -0.252143 -0.058826 -0.099684 -0.023335 0.211287 0.109372 0.029786 0.173652 0.287036 0.185630 -0.190417 -0.181244 0.089302 0.074407 -0.034197 -0.063864 -0.135692 -0.203218 -0.263996 -0.232440 0.291571 0.225732 0.209492 -0.027172 0.117412 0.281361 0.167108 0.175896 0.033911 0.094442 -0.091952 -0.094284 0.277709 0.137967 -0.081218 0.111289 0.065481 -0.169474 0.108690 0.350912 -0.034319 0.133824 -0.150232 0.073795 -0.205254 0.094924 0.100393 0.154535 -0.038624 0.035216 0.028605 0.199529 -0.370031 0.092297 -0.300818 0.046652 -0.193807 -0.105681 0.015804 -0.080191 0.062631 0.136453 0.004095 -0.029313 -0.095178 0.081840 0.006019 0.209906
0.642106 1.000000 -0.032724 -0.090004 0.006352 -0.236763 -0.439812 -0.472364 0.008516 -0.349149 -0.109718 -0.024665 -0.122858 -0.119018 0.077117 -0.107200 0.228845 0.426181 0.041333 0.329082 0.255059 -0.004057 0.005642 -0.113470 -0.046888 -0.082158 0.163084 0.035597 -0.066262 -0.061088 -0.166865 -0.194663 -0.232808 -0.020801 -0.009302 -0.093018 0.084585 0.187408 0.082883 0.100074 -0.133632 0.061866 -0.240349 -0.333764 -0.310381 -0.343968 -0.123059 -0.106978 -0.160977 -0.091506 -0.119707 0.035165 0.289425 0.303079 0.186276 0.123609 0.505467 0.418574 -0.130186 -0.135763 0.243721 0.143993 0.006544 -0.105450 -0.139282 -0.230923 -0.253378 -0.296357 0.640527 0.378504 0.184061 0.059915 0.087909 0.195221 0.048270 0.007077 0.060081 0.170226 -0.239662 -0.006083 0.193202 0.208340 0.181359 -0.036101 -0.087158 -0.067278 0.150444 0.314950 0.131242 0.316198 -0.115433 0.248711 -0.281754 0.191966 0.061143 0.071098 -0.084670 -0.062509 -0.095417 0.122359 -0.308854 0.236301 -0.245936 -0.032660 -0.190520 -0.117180 0.036837 -0.018520 -0.000121 0.108329 -0.106823 -0.117976 -0.066690 -0.019188 -0.061034 0.166378
-0.091317 -0.032724 1.000000 0.378601 0.154052 -0.002751 0.407165 0.004800 0.084501 -0.274975 -0.181477 -0.336496 -0.295704 -0.286641 -0.076416 -0.171711 -0.483252 -0.248198 -0.247615 0.075321 -0.034381 -0.209727 0.664346 0.455511 0.001667 -0.032739 0.463740 0.456233 -0.616397 -0.735423 0.127417 -0.346771 -0.172022 -0.368071 0.198628 0.033625 -0.260267 -0.464984 0.187214 0.010767 0.135302 -0.525451 -0.072610 -0.013378 -0.332510 -0.099749 -0.179613 -0.008944 0.046724 -0.050120 0.353158 -0.205285 0.035789 0.045145 0.061818 0.006560 -0.210090 -0.163134 -0.133933 -0.043089 0.205136 -0.039620 -0.470888 -0.271399 0.510231 0.122360 0.093327 0.351039 -0.036304 0.304068 -0.243208 -0.194504 -0.429662 -0.570755 -0.141337 -0.362069 -0.197636 -0.364472 -0.196420 -0.153732 -0.520188 -0.466663 0.093755 -0.215235 0.105026 -0.085936 0.347850 0.269005 0.584772 0.398500 0.042534 -0.046679 0.114498 0.168611 0.231541 0.005847 0.183465 0.092839 0.065658 0.284858 0.020424 0.237447 -0.140059 0.155095 0.060987 0.020948 0.091466 -0.064940 -0.005770 0.211184 0.258304 0.083768 0.054222 0.341076 0.150493 0.168630
-0.005571 -0.090004 0.378601 1.000000 0.063218 0.231693 -0.063871 0.159044 -0.100199 0.104493 -0.218402 0.027401 -0.438088 -0.040764 -0.255798 0.203033 -0.251297 -0.304178 -0.276721 0.291144 0.083763 -0.001645 0.546945 0.677149 -0.294965 0.206619 0.433583 0.600456 -0.514420 -0.468763 0.013863 -0.324947 -0.325863 -0.622220 -0.030974 0.199208 -0.124152 0.098045 -0.036242 0.140984 0.148459 -0.032822 -0.206709 0.189515 -0.479283 -0.295607 -0.368385 -0.032123 0.043341 -0.129253 0.440332 0.074725 0.105024 0.289891 0.004548 -0.089305 -0.104810 -0.210562 -0.424328 0.206724 -0.164337 0.191710 -0.578213 -0.241503 0.293364 0.409767 -0.117116 0.250499 -0.115382 0.349030 -0.127863 -0.099865 -0.675543 -0.426734 -0.330640 -0.067804 -0.326724 -0.275683 -0.067150 0.011187 -0.399211 -0.631330 0.088970 0.233543 0.190730 0.132858 0.273474 0.360563 0.280578 0.388971 0.057455 -0.053947 0.093037 0.208728 0.068859 0.014462 0.110708 0.024699 -0.094784 0.190281 -0.119866 -0.018113 -0.270496 -0.058628 -0.236832 -0.242992 0.035395 -0.112251 0.075857 0.209667 0.138945 -0.398692 -0.014077 0.222767 0.254356 0.107536
-0.096361 0.006352 0.154052 0.063218 1.000000 0.250097 0.072293 0.050740 0.392704 0.002911 -0.110194 -0.053217 -0.102954 -0.026863 0.338944 0.103393 -0.168219 0.021925 0.192830 0.235124 0.310746 0.117718 0.062418 0.034762 0.090189 0.276010 0.356317 0.289123 -0.107864 -0.100216 -0.195096 -0.116788 -0.346956 -0.112846 0.138541 0.262304 -0.036748 -0.302915 0.312137 -0.200063 0.069489 -0.017182 0.063455 -0.080319 -0.038749 -0.079149 0.004954 0.130029 0.340043 0.197438 0.145290 0.090448 0.057739 -0.029307 0.202484 -0.103783 -0.144413 -0.208152 0.032155 0.071995 0.059285 0.053607 -0.155690 -0.259778 0.010922 0.087615 0.059030 -0.012417 -0.058228 0.075868 0.263337 0.155978 -0.222278 -0.248735 0.234428 -0.089196 -0.003080 0.000725 -0.495095 -0.194045 -0.229607 -0.254623 0.194820 0.004868 -0.137528 -0.160895 0.025510 -0.174770 0.149522 0.149377 0.152757 0.140688 -0.131336 0.147561 0.256334 -0.332339 0.051702 0.111643 0.147869 -0.159416 -0.051289 0.137143 -0.036268 -0.031811 0.038935 -0.048481 -0.076933 -0.081148 0.050429 -0.242613 0.074482 0.000812 0.072655 -0.145192 -0.086016 -0.193313
-0.216269 -0.236763 -0.002751 0.231693 0.250097 1.000000 0.328050 0.305110 0.306896 0.543771 0.016158 0.133909 -0.055835 0.182890 -0.041780 0.274659 -0.341748 -0.357613 -0.123153 -0.072317 -0.059568 0.148233 0.017442 0.059358 0.054091 0.344223 0.050208 0.265767 -0.077250 -0.067768 -0.061792 0.100217 -0.174922 -0.151205 -0.115702 0.350409 -0.225357 -0.188341 0.001992 -0.005555 -0.179243 -0.100009 -0.057804 0.036996 -0.069980 -0.050400 -0.067390 0.094374 0.166011 0.025295 0.135444 0.089167 -0.065467 0.083746 0.022376 -0.166810 -0.256942 -0.315144 0.085073 0.110257 -0.104091 0.250597 -0.354252 -0.117289 0.156358 0.406258 -0.098092 -0.006093 -0.182267 -0.183585 0.085850 0.050382 -0.310189 -0.198470 -0.101155 0.056636 -0.151398 -0.090161 -0.057807 -0.164660 -0.335837 -0.278656 0.033276 0.093744 -0.043042 0.048712 0.019373 -0.247511 0.152677 0.056976 0.133617 0.156289 0.000307 0.012484 -0.074419 -0.007003 -0.140611 -0.052155 -0.020747 -0.170673 -0.187755 -0.170355 -0.031934 -0.103584 0.044634 0.044393 -0.033459 -0.002242 0.042203 -0.116275 0.129385 -0.085219 0.011438 -0.109668 -0.013186 -0.059401
-0.332081 -0.439812 0.407165 -0.063871 0.072293 0.328050 1.000000 0.591203 0.239137 0.400764 0.176459 0.134717 0.332007 0.215117 -0.053222 0.052278 -0.428721 -0.304453 0.008855 -0.362574 -0.184772 -0.183321 0.006104 -0.056014 0.369294 0.171004 -0.107075 -0.084521 0.037950 -0.141312 0.339469 0.260285 -0.067420 0.185682 -0.080187 -0.082297 -0.330144 -0.454245 -0.094665 -0.092705 -0.049011 -0.326357 -0.016386 -0.195988 0.007451 -0.000287 0.014299 -0.177297 0.116919 -0.047776 0.026209 -0.225365 -0.312661 -0.334543 -0.204319 -0.182192 -0.537966 -0.452252 0.201205 -0.170629 0.257766 0.175931 -0.228931 0.153871 0.418361 0.189414 -0.004796 -0.034234 -0.387545 -0.421339 0.068094 -0.108074 0.093583 -0.234709 -0.088153 0.006771 0.018559 -0.099756 0.079036 -0.135409 -0.457484 -0.207796 -0.054451 0.002303 -0.110604 -0.093984 -0.219016 -0.252884 0.189102 -0.005871 0.114838 -0.244727 0.235780 -0.279227 -0.231703 0.059327 -0.099182 0.066346 0.127156 -0.135638 0.209668 -0.306748 0.145401 0.005294 0.303326 0.255440 -0.032433 0.055995 0.051000 0.012162 -0.096055 0.144874 0.056308 0.114213 0.082427 -0.046248
-0.219814 -0.472364 0.004800 0.159044 0.050740 0.305110 0.591203 1.000000 0.169198 0.601865 0.305991 0.518622 0.368274 0.576320 -0.195800 0.329520 -0.103167 -0.229840 0.041069 -0.283183 -0.188995 -0.123334 -0.322885 -0.123738 0.088459 0.223628 -0.273601 -0.198167 0.167676 0.172658 0.065467 0.191716 0.007785 0.114607 -0.227529 -0.082285 -0.261062 -0.106350 -0.219395 0.154022 -0.001755 -0.052276 -0.158871 -0.046688 -0.140238 -0.075386 -0.123779 -0.310080 -0.032848 -0.125794 -0.127742 -0.221940 -0.432434 -0.345056 -0.409029 -0.217020 -0.294037 -0.357647 0.070158 0.045574 0.157754 0.449289 -0.046880 0.213060 0.122469 0.465156 -0.185874 -0.050637 -0.500501 -0.479657 -0.007687 -0.014116 0.116861 0.023840 -0.048350 0.207920 -0.070817 -0.133981 0.101044 -0.087366 -0.198588 -0.197166 -0.244634 0.137212 -0.201054 -0.066946 -0.562667 -0.275357 -0.161772 -0.093220 0.158408 -0.345890 0.214003 -0.324442 -0.253012 0.170203 -0.103309 0.224017 0.035561 -0.066855 0.193445 -0.344247 0.052415 -0.032820 0.145913 0.148791 0.146528 0.058158 0.206469 -0.021412 -0.090036 -0.037153 0.062719 0.082429 0.143811 0.081148
-0.079953 0.008516 0.084501 -0.100199 0.392704 0.306896 0.239137 0.169198 1.000000 0.191084 0.240317 0.102663 0.293654 0.151442 0.381664 0.345490 -0.082041 -0.023570 0.269264 -0.064001 -0.156114 0.013152 -0.230435 -0.317619 0.110294 0.185437 -0.018786 -0.082971 0.117065 0.016483 -0.285624 -0.051414 -0.285666 0.093832 0.092170 0.000895 -0.144242 -0.270615 0.324701 0.023757 -0.036797 -0.071303 0.183963 -0.118156 -0.039449 -0.152409 0.221141 0.138488 0.269639 0.082772 -0.042603 -0.027337 -0.116839 0.063865 0.113112 0.043132 -0.178782 -0.045491 0.237419 0.009570 0.157331 0.041108 -0.165304 -0.209500 -0.120890 -0.036215 -0.009683 -0.280986 0.030345 -0.221822 0.111256 0.133332 0.105116 -0.020191 0.003353 -0.082789 -0.060693 0.009765 -0.031949 -0.016777 -0.150752 -0.008476 0.033448 0.031675 -0.535646 -0.348314 -0.129747 -0.280373 -0.121371 -0.022655 0.305627 0.210199 0.139755 0.199763 -0.002187 -0.274995 0.085087 -0.002876 0.093865 -0.013997 -0.065611 -0.055336 0.112878 0.177977 0.218721 0.317160 0.024204 -0.074798 0.127482 -0.186767 -0.090069 0.044392 0.150401 0.021024 -0.000743 0.081203
-0.283267 -0.349149 -0.274975 0.104493 0.002911 0.543771 0.400764 0.601865 0.191084 1.000000 0.221372 0.485870 0.329165 0.480901 -0.280426 0.527631 -0.086400 -0.076233 0.103112 -0.098680 -0.054965 0.141192 -0.403729 -0.187120 0.205046 0.302968 -0.345582 -0.285593 0.227348 0.264178 0.081951 0.378685 -0.088582 0.289455 -0.212965 0.037388 -0.219095 -0.020332 -0.214384 0.116055 -0.018352 0.123897 0.078401 0.029384 0.108604 0.070113 -0.034718 -0.010100 0.157745 0.029672 -0.167512 0.031566 -0.263229 -0.010398 -0.324908 -0.324919 -0.271908 -0.374904 0.135417 0.066235 0.080299 0.382897 -0.026964 0.144298 -0.128066 0.310707 -0.220372 -0.234614 -0.261414 -0.337587 0.071352 0.027915 0.005565 0.031399 -0.213824 0.124147 -0.032170 0.085329 0.043246 -0.120692 -0.144506 -0.092174 -0.150507 0.340078 -0.264990 -0.076453 -0.372434 -0.302981 -0.253010 -0.093184 0.294517 0.090149 0.049708 -0.201254 -0.434713 -0.017884 -0.341061 0.113384 0.061131 -0.164970 -0.028003 -0.384195 0.077015 -0.122155 0.013337 0.057426 -0.199821 -0.077541 -0.000075 -0.081146 -0.246890 -0.145311 0.038172 -0.003083 -0.018655 -0.109942
0.093964 -0.109718 -0.181477 -0.218402 -0.110194 0.016158 0.176459 0.305991 0.240317 0.221372 1.000000 0.569253 0.829636 0.587535 0.143966 0.501981 0.137425 0.105462 0.213790 -0.265218 -0.161269 0.050448 -0.388200 -0.501471 0.110883 -0.065340 -0.444868 -0.477249 0.330543 0.343654 -0.098258 0.009063 0.005975 0.163783 -0.334969 -0.106528 0.077492 0.080201 0.128682 0.078701 0.035658 0.083251 0.177981 -0.185955 -0.047821 -0.031105 -0.082945 -0.261605 -0.114039 -0.165580 -0.288234 -0.288953 -0.259723 -0.206025 -0.036652 -0.052474 -0.040485 -0.055987 0.268561 -0.338346 0.231680 0.173787 0.252380 0.142114 -0.237118 -0.007448 -0.461493 -0.499364 -0.300229 -0.461084 0.115667 0.237708 0.406117 0.383547 0.237662 0.345251 0.203324 0.155316 -0.043388 0.083745 0.073987 0.248187 -0.414323 0.241885 -0.417290 -0.205014 -0.479268 -0.004877 -0.267882 -0.034376 0.134003 0.000135 0.337472 -0.057075 -0.121653 0.007962 -0.093685 0.141834 -0.153197 0.155749 0.031506 -0.097984 0.127282 0.069916 0.099438 0.195798 0.123656 0.156502 -0.096489 -0.069746 -0.219447 0.067960 0.303466 0.116439 0.160690 0.168280
0.083854 -0.024665 -0.336496 0.027401 -0.053217 0.133909 0.134717 0.518622 0.102663 0.485870 0.569253 1.000000 0.562164 0.878251 -0.034253 0.698860 0.131406 0.257172 0.144339 -0.081532 -0.071899 0.054980 -0.487728 -0.313908 0.036408 0.062583 -0.397759 -0.352794 0.389296 0.289584 -0.167261 0.002813 -0.180324 0.051364 -0.235061 -0.090138 -0.018913 0.281056 -0.103366 0.327886 0.029066 0.159501 -0.155089 -0.113215 -0.199070 -0.189780 -0.264866 -0.322910 -0.068447 -0.144364 -0.270831 -0.183002 -0.301741 -0.073786 -0.232564 -0.030891 0.042536 -0.151514 0.080393 -0.097922 0.220683 0.461835 0.097112 0.071089 -0.265050 0.330289 -0.401146 -0.488358 -0.255909 -0.301531 0.210272 0.158543 0.324803 0.283481 0.152316 0.372532 0.143010 0.146734 -0.081262 -0.013884 0.090162 0.140534 -0.110758 0.443143 -0.296036 -0.030365 -0.430161 0.080189 -0.230409 0.126940 0.017389 -0.080311 -0.022170 -0.067215 -0.328023 0.164126 -0.272941 0.171174 -0.208862 0.079824 -0.250168 -0.301943 -0.210308 -0.261483 -0.245550 -0.121949 0.038851 -0.031800 -0.010406 0.098461 -0.294564 -0.161537 0.220168 0.037240 0.055358 0.010639
0.051967 -0.122858 -0.295704 -0.438088 -0.102954 -0.055835 0.332007 0.368274 0.293654 0.329165 0.829636 0.562164 1.000000 0.625242 0.110467 0.425780 0.181859 0.251667 0.508260 -0.292966 -0.160947 -0.080168 -0.663063 -0.707739 0.211170 -0.090694 -0.616533 -0.671646 0.482052 0.509611 -0.085357 0.133484 0.079396 0.413117 -0.267195 -0.248243 0.108565 0.060296 0.015950 -0.036602 0.023540 0.173290 0.109853 -0.240420 0.106453 0.005921 -0.003737 -0.220243 -0.127247 -0.175448 -0.420678 -0.354158 -0.279188 -0.363240 -0.049882 -0.088908 -0.104963 -0.044885 0.409638 -0.285576 0.379100 0.194933 0.383651 0.285643 -0.239616 -0.125824 -0.257987 -0.523436 -0.221865 -0.518559 0.261465 0.133060 0.640653 0.516912 0.367410 0.384438 0.394472 0.286061 0.078646 0.152262 0.156199 0.372577 -0.392550 0.123184 -0.409271 -0.224355 -0.510609 -0.200171 -0.260003 -0.124449 0.065966 -0.045635 0.215326 -0.208859 -0.320175 -0.021608 -0.122357 0.088661 -0.109257 -0.077261 0.056077 -0.224545 0.131148 -0.052439 0.078493 0.165063 0.051353 0.062186 -0.049933 -0.197796 -0.300844 0.115932 0.212803 -0.036009 0.014506 0.030312
0.109046 -0.119018 -0.286641 -0.040764 -0.026863 0.182890 0.215117 0.576320 0.151442 0.480901 0.587535 0.878251 0.625242 1.000000 -0.052585 0.648203 0.097113 0.262512 0.272229 -0.163038 -0.119993 -0.033507 -0.525132 -0.413118 -0.036284 -0.045356 -0.459696 -0.387283 0.364497 0.331684 -0.206260 0.008601 -0.088938 0.073140 -0.267646 -0.065466 0.044643 0.224578 -0.041964 0.180506 0.156453 0.120549 -0.163101 -0.140782 -0.181100 -0.115861 -0.275177 -0.310879 -0.066227 -0.196864 -0.257250 -0.322583 -0.329574 -0.289079 -0.208911 -0.078186 0.018501 -0.143263 0.193464 -0.085635 0.328468 0.507475 0.138306 0.123241 -0.183104 0.292919 -0.360713 -0.402489 -0.281833 -0.394609 0.217718 0.113445 0.322630 0.298843 0.262834 0.359888 0.214836 0.125814 -0.100756 0.047898 0.019663 0.122598 -0.161150 0.282419 -0.274234 -0.068179 -0.401061 -0.075524 -0.128752 0.096752 0.005855 -0.141832 -0.002491 -0.226076 -0.251379 0.112544 -0.220649 0.099547 -0.205586 -0.033058 -0.186523 -0.244344 -0.168219 -0.220280 -0.199029 -0.089836 0.020278 0.104647 0.038016 -0.016317 -0.174016 -0.081997 0.173338 -0.073562 0.014356 0.027118
-0.166888 0.077117 -0.076416 -0.255798 0.338944 -0.041780 -0.053222 -0.195800 0.381664 -0.280426 0.143966 -0.034253 0.110467 -0.052585 1.000000 0.175854 0.344634 0.094882 0.059446 -0.136790 0.089600 0.037289 -0.040276 -0.257370 0.287917 0.059965 0.001318 -0.063643 0.315896 0.064001 0.049956 0.015492 -0.231468 0.148437 0.022265 -0.022121 0.175929 -0.034480 0.190518 -0.192069 -0.029010 0.029001 0.172747 -0.107113 0.085450 -0.094980 0.265544 0.072129 0.274298 0.177416 0.017054 0.139678 0.075512 0.012932 0.235258 0.124501 0.063423 0.147706 0.091672 -0.228341 -0.004099 -0.213596 0.224334 -0.134443 -0.071925 -0.323133 -0.143477 -0.308064 0.126685 -0.162662 0.047515 0.081822 0.278920 0.082347 0.241994 -0.046544 0.175196 -0.032521 -0.193982 0.077762 0.044793 0.193539 0.308598 0.155028 -0.320313 -0.050503 -0.054216 -0.179706 -0.024433 -0.037629 0.026402 0.199083 0.058046 0.206205 0.192235 -0.252980 0.180936 -0.090191 0.066348 0.045705 0.135387 0.292885 0.200905 -0.037312 0.090886 0.000139 -0.171969 0.030021 0.018294 -0.258465 -0.279317 0.193898 0.133395 -0.230896 -0.067837 -0.091079
-0.083274 -0.107200 -0.171711 0.203033 0.103393 0.274659 0.052278 0.329520 0.345490 0.527631 0.501981 0.698860 0.425780 0.648203 0.175854 1.000000 0.134424 0.239157 0.140055 -0.070263 -0.011553 0.255374 -0.274794 -0.264642 0.087598 0.215100 -0.219086 -0.210299 0.254164 0.167827 -0.148242 -0.015727 -0.247344 -0.038547 -0.286566 0.056049 0.111469 0.212866 0.111983 0.257535 0.194177 0.198968 0.056691 0.077300 -0.165355 -0.238612 -0.221093 -0.079393 0.168067 -0.020529 -0.086504 -0.053085 -0.280498 0.111660 -0.017080 -0.086838 -0.064836 -0.187018 -0.014856 -0.154226 0.102098 0.292497 0.024142 -0.197126 -0.267304 0.213575 -0.455355 -0.511512 -0.157977 -0.253574 0.041767 0.154475 0.101397 0.093343 0.079909 0.229833 0.193619 0.100987 -0.219616 0.152520 -0.050261 0.018795 0.033824 0.519636 -0.447398 -0.158491 -0.262082 -0.055832 -0.151041 0.139131 0.212048 0.145770 0.105400 0.120798 -0.074471 -0.080706 -0.122783 0.156436 -0.075168 0.210267 -0.161245 0.009459 -0.014222 -0.141272 -0.183737 -0.113266 -0.082591 -0.041813 0.054678 -0.056828 -0.238668 -0.161005 0.357901 0.179659 0.155040 0.147004
0.109284 0.228845 -0.483252 -0.251297 -0.168219 -0.341748 -0.428721 -0.103167 -0.082041 -0.086400 0.137425 0.131406 0.181859 0.097113 0.344634 0.134424 1.000000 0.435207 0.090641 -0.095800 0.052427 0.015404 -0.370751 -0.353504 -0.136677 -0.226068 -0.253054 -0.390719 0.496629 0.372734 -0.003536 0.027755 0.227062 0.210262 -0.202699 -0.080959 0.428217 0.310904 -0.067056 -0.052429 0.099954 0.449749 0.082514 -0.087633 0.017194 -0.103029 0.054208 -0.221513 -0.180918 -0.082906 -0.325481 0.033305 -0.096022 -0.112361 -0.061474 -0.089099 0.443891 0.440180 0.047360 -0.020101 0.137504 0.107173 0.688016 0.323974 -0.269555 -0.204503 -0.253147 -0.358962 0.202888 -0.086695 -0.002653 -0.058269 0.510775 0.449600 0.113097 -0.005476 0.263072 0.031519 0.151250 0.195402 0.642794 0.530816 -0.030772 0.122753 -0.128376 -0.135056 -0.233196 -0.080532 -0.261196 -0.251504 -0.113593 0.019209 -0.070911 -0.143950 -0.081455 0.047459 -0.170354 -0.036959 -0.195385 0.074150 0.190737 0.147941 0.136990 -0.059824 -0.106915 -0.030304 -0.111663 0.142518 0.050597 -0.246077 -0.365854 -0.032305 0.109271 -0.210133 -0.045970 -0.030742
0.185016 0.426181 -0.248198 -0.304178 0.021925 -0.357613 -0.304453 -0.229840 -0.023570 -0.076233 0.105462 0.257172 0.251667 0.262512 0.094882 0.239157 0.435207 1.000000 0.202174 -0.024394 0.224458 0.014581 -0.307971 -0.358537 -0.130252 -0.178672 -0.165295 -0.265634 0.261682 0.246744 -0.197042 -0.174734 0.034150 0.114306 -0.005949 -0.102625 0.342831 0.323504 0.110851 0.110572 0.171906 0.195573 -0.150848 -0.248631 -0.007897 -0.086316 -0.173666 -0.246811 -0.079863 -0.126784 -0.270182 -0.090868 -0.000704 -0.083275 0.064130 0.013391 0.434927 0.401545 0.089448 0.055828 0.301726 0.094660 0.405488 0.077698 -0.170089 -0.160657 -0.000759 -0.270261 0.278916 0.040129 0.073826 0.055413 0.342981 0.162994 0.116140 -0.010592 0.413629 0.220774 -0.250858 0.198808 0.316324 0.463144 0.119465 0.095435 -0.101650 -0.012425 -0.034277 0.162970 -0.012516 0.116108 -0.276136 0.021782 -0.395614 -0.044903 0.001625 0.021016 -0.024533 -0.064201 -0.253466 -0.071309 -0.136137 0.150407 -0.161348 -0.256836 -0.318701 -0.185671 -0.035188 0.046725 -0.007857 -0.117338 -0.175032 -0.123117 -0.009354 -0.179021 -0.232138 -0.022201
0.156170 0.041333 -0.247615 -0.276721 0.192830 -0.123153 0.008855 0.041069 0.269264 0.103112 0.213790 0.144339 0.508260 0.272229 0.059446 0.140055 0.090641 0.202174 1.000000 0.173747 0.068827 -0.140227 -0.501877 -0.461481 0.045624 -0.198041 -0.296933 -0.351431 0.203304 0.258766 -0.320197 -0.030175 -0.094380 0.299094 -0.008804 -0.120789 0.154040 -0.030778 0.204234 -0.200696 0.084038 0.212138 0.065593 -0.202628 0.091533 -0.028746 0.052201 0.000670 -0.003477 -0.105536 -0.334280 -0.202252 0.154952 -0.127188 0.234262 -0.041167 -0.011752 -0.040019 0.293924 0.045492 0.403521 0.102030 0.242586 0.205241 -0.288911 -0.284714 0.048893 -0.297125 0.109829 -0.055561 0.351670 -0.083523 0.323497 0.318860 0.474702 0.229818 0.280853 0.171261 -0.137652 0.135581 0.188004 0.217739 -0.245508 -0.102336 -0.252716 -0.259296 -0.109476 -0.209211 -0.082877 0.036673 0.136700 0.138728 0.021228 -0.006050 -0.191449 -0.141318 -0.035090 -0.033503 0.088285 -0.154360 -0.102263 -0.058405 -0.008903 -0.087396 -0.077116 -0.034997 -0.016243 -0.025251 -0.115054 -0.237341 -0.192063 -0.020384 0.067818 -0.209431 -0.052889 0.054856
0.402577 0.329082 0.075321 0.291144 0.235124 -0.072317 -0.362574 -0.283183 -0.064001 -0.098680 -0.265218 -0.081532 -0.292966 -0.163038 -0.136790 -0.070263 -0.095800 -0.024394 0.173747 1.000000 0.229639 -0.018032 0.192465 0.419432 -0.086104 -0.064531 0.229029 0.283939 -0.278181 -0.232004 -0.280237 -0.268919 -0.355920 -0.239538 0.099942 0.011939 0.018029 -0.022335 0.159612 0.075940 0.116050 0.165845 -0.031806 0.062505 -0.207583 -0.123092 -0.163952 0.299630 -0.024734 0.128996 0.087075 0.199246 0.455778 0.456695 0.147162 0.148806 0.127000 -0.129393 -0.374230 0.002638 -0.148488 -0.178900 -0.283654 -0.422060 -0.196147 -0.167289 -0.014621 0.092904 0.406552 0.630012 0.189531 -0.061065 -0.275354 -0.020154 0.006735 0.078090 -0.191802 0.000892 -0.162964 -0.184245 0.020402 -0.188875 0.060489 0.114532 0.024580 -0.143743 0.290845 0.223104 -0.047089 0.261469 0.245236 0.513634 -0.216912 0.339440 0.195476 0.012642 -0.078010 0.275089 0.130161 0.151879 -0.276120 0.100254 -0.387194 -0.071843 -0.284784 -0.318686 -0.131955 -0.396019 0.062968 0.205077 0.053513 -0.174486 -0.068501 -0.018325 -0.192214 -0.138795
0.139824 0.255059 -0.034381 0.083763 0.310746 -0.059568 -0.184772 -0.188995 -0.156114 -0.054965 -0.161269 -0.071899 -0.160947 -0.119993 0.089600 -0.011553 0.052427 0.224458 0.068827 0.229639 1.000000 0.419623 0.132399 0.111042 -0.059764 0.074010 0.405555 0.206663 -0.104858 -0.101900 0.031565 0.048371 -0.211732 0.033783 -0.115542 0.095379 0.103293 -0.052644 0.183056 -0.190229 0.098937 0.218165 -0.021823 -0.107807 0.092271 -0.057001 -0.021858 0.058572 0.142356 0.188838 0.054092 0.193305 0.067014 0.114725 0.118170 -0.304355 0.198056 0.113740 -0.131870 -0.136354 0.028833 -0.026988 0.128677 -0.256339 -0.071172 -0.085586 -0.235540 -0.067840 0.273950 0.315824 0.163435 0.152726 -0.193133 -0.066226 -0.032995 0.018515 -0.050982 0.022044 -0.335511 -0.155001 -0.000993 0.031363 0.269889 0.089638 0.052846 0.157159 0.133601 0.011558 0.092234 0.080083 -0.049848 0.174443 -0.167310 0.066725 0.029322 -0.375119 0.018278 -0.173801 0.057695 -0.251216 0.066165 0.161630 -0.162038 -0.019656 -0.038653 -0.178955 -0.222661 -0.083737 -0.164855 -0.208328 0.007387 -0.186952 -0.167539 -0.166114 -0.089174 -0.127305
0.057477 -0.004057 -0.209727 -0.001645 0.117718 0.148233 -0.183321 -0.123334 0.013152 0.141192 0.050448 0.054980 -0.080168 -0.033507 0.037289 0.255374 0.015404 0.014581 -0.140227 -0.018032 0.419623 1.000000 0.025699 -0.043789 -0.068022 0.120122 0.206994 0.096292 0.007617 -0.057800 -0.010333 0.165246 0.008606 -0.018091 -0.180476 0.307719 0.124472 0.069476 -0.010208 0.037405 0.018845 0.074430 0.039075 -0.020428 0.130801 0.050281 -0.161346 0.046550 0.136385 0.195053 -0.060089 0.208051 -0.213035 0.130495 -0.037195 -0.228820 0.105675 0.047602 0.081553 0.007295 -0.143466 0.040152 0.090675 -0.229303 -0.090171 0.195101 -0.175088 -0.110669 0.035935 0.061053 0.085229 0.228918 -0.109662 -0.009677 -0.194295 0.138164 -0.198433 0.135341 -0.196681 -0.278306 0.034208 0.079825 0.205349 0.272865 -0.024986 0.218199 -0.012908 -0.086961 -0.137817 -0.074885 -0.022893 0.255619 -0.112829 0.299940 -0.084370 -0.246756 0.035771 -0.240911 -0.074863 -0.128833 0.018528 0.282926 0.048398 -0.039426 -0.130679 -0.218234 -0.118895 0.117726 -0.193083 0.060279 -0.021246 -0.252370 -0.133660 -0.143962 -0.237018 -0.064197
-0.014714 0.005642 0.664346 0.546945 0.062418 0.017442 0.006104 -0.322885 -0.230435 -0.403729 -0.388200 -0.487728 -0.663063 -0.525132 -0.040276 -0.274794 -0.370751 -0.307971 -0.501877 0.192465 0.132399 0.025699 1.000000 0.813624 -0.141171 0.027014 0.624998 0.663225 -0.640134 -0.718285 0.213523 -0.254426 -0.172107 -0.529199 0.124760 0.188345 -0.082412 -0.240225 0.126512 0.002369 0.020789 -0.376566 -0.010829 0.103659 -0.258150 -0.102835 -0.130853 0.069353 0.120460 0.087545 0.596270 0.209485 0.306561 0.320960 0.116070 0.042770 -0.137150 -0.077087 -0.455218 -0.061223 -0.253683 -0.292572 -0.490885 -0.329644 0.469220 0.034635 0.020705 0.403795 0.024518 0.451021 -0.292933 -0.171893 -0.623385 -0.652663 -0.220822 -0.373767 -0.336134 -0.434625 -0.167780 -0.040798 -0.399933 -0.485819 0.236430 -0.024965 0.384507 0.129899 0.471043 0.419617 0.463940 0.286898 -0.070146 -0.036955 0.065815 0.219718 0.369093 -0.072983 0.199081 -0.125860 0.069473 0.240384 0.029904 0.274199 -0.138281 0.094251 -0.008360 -0.102655 -0.079248 -0.065951 -0.071090 0.284617 0.245982 -0.074790 -0.105828 0.231769 0.159310 0.095050
-0.032436 -0.113470 0.455511 0.677149 0.034762 0.059358 -0.056014 -0.123738 -0.317619 -0.187120 -0.501471 -0.313908 -0.707739 -0.413118 -0.257370 -0.264642 -0.353504 -0.358537 -0.461481 0.419432 0.111042 -0.043789 0.813624 1.000000 -0.211956 0.028077 0.506028 0.650284 -0.565887 -0.621251 0.127376 -0.224593 -0.187827 -0.576294 0.151143 0.072744 -0.158945 -0.131799 -0.101311 0.100803 0.013722 -0.174875 -0.063955 0.230161 -0.220139 -0.097052 -0.162916 0.127765 0.084878 0.125906 0.601383 0.305041 0.344130 0.367631 -0.088079 0.046481 -0.107278 -0.159095 -0.599879 0.058124 -0.437523 -0.336087 -0.550278 -0.343941 0.366271 0.145137 0.132634 0.511978 -0.031938 0.512935 -0.238720 -0.178018 -0.663016 -0.561562 -0.327192 -0.228185 -0.481588 -0.390234 0.020962 -0.072121 -0.323014 -0.527336 0.278609 0.085789 0.464775 0.204813 0.385696 0.416466 0.230918 0.164790 0.020784 -0.073607 0.009684 0.080728 0.181799 0.004540 0.094331 0.017360 0.094647 0.138814 -0.014704 0.005076 -0.291727 -0.016772 -0.096151 -0.141172 -0.099118 -0.211257 0.041667 0.253476 0.263119 -0.170200 -0.126423 0.172442 0.076118 -0.059796
-0.204005 -0.046888 0.001667 -0.294965 0.090189 0.054091 0.369294 0.088459 0.110294 0.205046 0.110883 0.036408 0.211170 -0.036284 0.287917 0.087598 -0.136677 -0.130252 0.045624 -0.086104 -0.059764 -0.068022 -0.141171 -0.211956 1.000000 0.421961 0.001446 -0.131158 0.223141 0.202064 0.422562 0.550269 -0.206251 0.490880 -0.038773 -0.087073 -0.331827 -0.136447 -0.234837 -0.023618 -0.195276 0.007415 0.186958 0.036889 0.264684 0.136008 0.332848 0.068644 0.389363 0.332125 -0.095926 0.133679 -0.068455 0.095904 0.026928 -0.022513 -0.290995 -0.259960 0.071539 -0.350604 0.044380 -0.039931 -0.012353 -0.075557 -0.036796 -0.215837 -0.175853 -0.245401 0.033523 -0.333921 0.129999 0.133981 0.219592 0.022244 0.015251 0.224528 0.076257 0.100038 -0.009821 -0.068328 -0.220328 0.002842 -0.054245 0.110097 -0.375477 -0.064058 -0.214190 -0.262138 -0.125659 0.022955 0.144095 0.130183 0.022580 -0.010833 -0.082739 -0.118834 -0.194323 0.175482 0.279113 -0.046192 0.019541 -0.108427 0.132024 -0.040901 0.290171 0.125901 0.012292 -0.065408 0.099246 0.023009 -0.298640 0.197497 0.037348 -0.027740 0.051438 -0.225571
-0.277314 -0.082158 -0.032739 0.206619 0.276010 0.344223 0.171004 0.223628 0.185437 0.302968 -0.065340 0.062583 -0.090694 -0.045356 0.059965 0.215100 -0.226068 -0.178672 -0.198041 -0.064531 0.074010 0.120122 0.027014 0.028077 0.421961 1.000000 0.317342 0.351388 -0.086677 0.121623 0.175406 0.279698 -0.233304 0.125353 -0.023818 0.343053 -0.195964 0.037053 -0.121541 0.117829 -0.147370 0.098876 0.051911 0.144895 0.072875 0.105346 -0.065838 0.113471 0.340140 0.193587 0.183674 0.088795 -0.108479 0.101776 0.043222 -0.192084 -0.300350 -0.244484 -0.080977 -0.021031 -0.144620 0.221474 -0.308531 -0.204709 0.004614 0.343476 -0.100013 -0.034067 -0.156172 -0.204400 -0.017306 0.171688 -0.272023 -0.221244 -0.247118 -0.015647 -0.131123 -0.023521 -0.129460 0.024329 -0.318400 -0.288074 0.055111 0.033498 -0.194392 0.116787 -0.075477 -0.249126 0.008405 0.062955 0.034214 0.107169 0.044050 0.139674 0.089911 -0.230089 0.116357 0.058692 0.039299 -0.196864 0.061037 -0.141489 0.013249 -0.080948 0.109500 -0.069696 0.134198 -0.196704 0.153048 0.031772 0.084480 -0.197455 0.069701 0.009428 0.100683 -0.158168
-0.033995 0.163084 0.463740 0.433583 0.356317 0.050208 -0.107075 -0.273601 -0.018786 -0.345582 -0.444868 -0.397759 -0.616533 -0.459696 0.001318 -0.219086 -0.253054 -0.165295 -0.296933 0.229029 0.405555 0.206994 0.624998 0.506028 0.001446 0.317342 1.000000 0.807892 -0.514280 -0.529136 0.168311 -0.134794 -0.235746 -0.370397 0.173391 0.439283 -0.185407 -0.151877 0.185492 0.020978 -0.007910 -0.124649 -0.033729 0.102316 -0.228982 -0.128830 -0.145758 0.141223 0.190554 0.171696 0.346802 0.121285 0.041202 0.334172 0.150129 -0.091673 0.022955 -0.027798 -0.329549 0.017552 -0.083237 -0.026787 -0.431614 -0.411763 0.296264 0.227071 -0.011604 0.244523 0.234061 0.392233 -0.040261 0.078102 -0.504201 -0.512942 -0.250946 -0.188071 -0.355142 -0.168439 -0.268801 -0.093425 -0.263198 -0.360533 0.223693 -0.172606 0.188600 0.166744 0.401804 0.193674 0.347045 0.273700 -0.160724 0.090506 -0.139517 0.347328 0.323164 -0.262850 0.105715 -0.212762 -0.106210 -0.075973 -0.068870 0.259150 -0.216130 0.060809 -0.029654 -0.167436 0.194876 0.020331 -0.016789 0.214688 0.358617 -0.334148 -0.157299 -0.052327 -0.005778 -0.110637
-0.074318 0.035597 0.456233 0.600456 0.289123 0.265767 -0.084521 -0.198167 -0.082971 -0.285593 -0.477249 -0.352794 -0.671646 -0.387283 -0.063643 -0.210299 -0.390719 -0.265634 -0.351431 0.283939 0.206663 0.096292 0.663225 0.650284 -0.131158 0.351388 0.807892 1.000000 -0.649741 -0.586526 -0.012239 -0.305567 -0.216179 -0.627366 0.150417 0.423626 -0.133048 -0.048934 0.085128 0.079760 0.011103 -0.100664 -0.194760 0.117799 -0.285647 -0.140742 -0.252558 0.196957 0.124016 0.076018 0.480329 0.129515 0.126089 0.364471 0.159270 0.047231 0.015840 -0.051841 -0.353788 0.176894 -0.222782 -0.058913 -0.614308 -0.425607 0.376285 0.343904 0.137024 0.370439 0.147798 0.365976 -0.082339 -0.028279 -0.643842 -0.556229 -0.284276 -0.143806 -0.354670 -0.218310 -0.224484 -0.100216 -0.384910 -0.521311 0.221218 -0.118591 0.274022 0.283854 0.464686 0.310384 0.418018 0.352156 -0.151720 0.131802 -0.100662 0.302827 0.393648 -0.069790 0.178517 -0.134418 -0.063017 0.003791 -0.123067 0.146313 -0.340452 -0.069059 -0.179593 -0.245457 0.127924 -0.042986 0.052779 0.271130 0.413214 -0.334210 -0.113958 -0.078434 0.013826 -0.093193
0.019722 -0.066262 -0.616397 -0.514420 -0.107864 -0.077250 0.037950 0.167676 0.117065 0.227348 0.330543 0.389296 0.482052 0.364497 0.315896 0.254164 0.496629 0.261682 0.203304 -0.278181 -0.104858 0.007617 -0.640134 -0.565887 0.223141 -0.086677 -0.514280 -0.649741 1.000000 0.678960 0.194740 0.534247 0.062027 0.551795 -0.107260 -0.248066 0.302356 0.187703 -0.040680 -0.092286 -0.128545 0.355166 0.054544 -0.210169 0.260219 -0.044197 0.278436 -0.205952 -0.094553 -0.079817 -0.476953 -0.061781 -0.273486 -0.299238 -0.131023 0.026072 -0.012229 -0.031800 0.089785 -0.283301 0.015386 -0.006612 0.552999 0.283567 -0.271596 -0.280926 -0.192643 -0.522109 -0.102410 -0.455599 0.306107 0.146929 0.726961 0.407332 0.126167 0.213570 0.317888 0.288716 0.265242 0.197657 0.560080 0.662919 0.068030 0.425665 -0.149354 -0.054562 -0.286496 -0.270748 -0.360524 -0.400571 -0.124088 -0.111204 -0.043552 -0.237444 -0.175365 0.043502 -0.330532 0.071362 -0.029414 -0.116623 0.072518 -0.183188 0.252127 0.012551 0.106407 0.135937 -0.098533 0.039767 0.029175 -0.284641 -0.485605 0.110878 0.077845 -0.103664 -0.081927 -0.119206
-0.013792 -0.061088 -0.735423 -0.468763 -0.100216 -0.067768 -0.141312 0.172658 0.016483 0.264178 0.343654 0.289584 0.509611 0.331684 0.064001 0.167827 0.372734 0.246744 0.258766 -0.232004 -0.101900 -0.057800 -0.718285 -0.621251 0.202064 0.121623 -0.529136 -0.586526 0.678960 1.000000 -0.034827 0.435196 0.268850 0.536008 -0.167874 -0.092130 0.272392 0.314389 -0.086425 -0.139938 -0.080531 0.482171 0.145429 -0.023311 0.405230 0.178719 0.264496 -0.055971 0.064764 0.028070 -0.312955 0.056505 -0.147117 -0.310601 -0.049697 -0.022783 0.059952 0.116039 0.208037 -0.194407 -0.049811 0.054605 0.469850 0.304790 -0.448136 -0.169546 -0.150473 -0.368373 -0.121369 -0.526984 0.239455 0.225958 0.597372 0.600815 0.265110 0.324583 0.329792 0.356314 0.159695 0.305435 0.431575 0.486017 -0.217757 0.149270 -0.190143 0.012436 -0.448993 -0.415082 -0.459257 -0.407198 -0.029565 -0.121663 -0.018685 -0.341282 -0.135432 -0.016814 -0.142184 0.085450 -0.010436 -0.278013 0.110250 -0.194448 0.195930 -0.156232 0.027340 0.034279 0.129645 0.101996 0.087157 -0.327854 -0.275775 0.137231 0.024803 -0.251910 -0.110373 -0.199349
-0.257162 -0.166865 0.127417 0.013863 -0.195096 -0.061792 0.339469 0.065467 -0.285624 0.081951 -0.098258 -0.167261 -0.085357 -0.206260 0.049956 -0.148242 -0.003536 -0.197042 -0.320197 -0.280237 0.031565 -0.010333 0.213523 0.127376 0.422562 0.175406 0.168311 -0.012239 0.194740 -0.034827 1.000000 0.582853 0.009166 0.336414 0.005187 0.063634 -0.152579 -0.059232 -0.332396 -0.128958 -0.092547 -0.060788 -0.040164 -0.142926 -0.026912 0.010743 0.012675 -0.189467 -0.139807 -0.179899 -0.152911 -0.165922 -0.182028 -0.067451 -0.300780 -0.267368 -0.325041 -0.291616 -0.111251 -0.298056 0.082615 0.008822 0.070247 0.219031 0.436443 0.002906 -0.142987 0.001877 -0.027311 -0.071370 0.025879 -0.022563 0.054380 -0.201966 -0.265222 0.007350 0.067262 0.046769 0.249307 0.118931 -0.069536 0.065457 0.121831 0.194388 0.253341 0.294719 0.007663 -0.060860 0.125527 -0.156148 -0.205102 -0.206783 0.090266 -0.168644 -0.076273 0.049624 -0.229964 -0.097718 -0.114389 -0.144944 0.170951 -0.147010 0.217976 0.051413 0.220980 0.030016 -0.143599 0.124485 -0.081647 0.018110 -0.138858 -0.115923 -0.195175 0.161105 0.139988 -0.106558
-0.180709 -0.194663 -0.346771 -0.324947 -0.116788 0.100217 0.260285 0.191716 -0.051414 0.378685 0.009063 0.002813 0.133484 0.008601 0.015492 -0.015727 0.027755 -0.174734 -0.030175 -0.268919 0.048371 0.165246 -0.254426 -0.224593 0.550269 0.279698 -0.134794 -0.305567 0.534247 0.435196 0.582853 1.000000 0.096133 0.714083 -0.072096 0.027393 -0.076435 -0.049031 -0.300376 -0.165864 -0.280535 0.108898 0.137068 -0.078805 0.378009 0.196095 0.358793 0.023394 0.150317 0.168519 -0.276153 0.057448 -0.258592 -0.151467 -0.197980 -0.303426 -0.361868 -0.353440 0.003342 -0.344988 0.004849 -0.006475 0.190142 0.140986 0.019718 -0.160475 -0.169930 -0.213703 -0.115285 -0.302427 0.198520 0.192928 0.278492 0.109672 -0.152134 0.109521 -0.059928 0.202739 0.197147 0.002415 0.135877 0.200934 0.069735 0.260587 0.006812 0.133024 -0.213306 -0.405202 -0.179277 -0.450981 -0.005503 -0.104829 0.002220 -0.242048 -0.162217 -0.183319 -0.286687 -0.148630 0.212138 -0.401522 0.166575 -0.214578 0.302984 0.146176 0.329261 0.147401 -0.113053 0.037809 -0.040697 -0.171042 -0.348876 0.049046 -0.203189 -0.060894 -0.063505 -0.171286
-0.114878 -0.232808 -0.172022 -0.325863 -0.346956 -0.174922 -0.067420 0.007785 -0.285666 -0.088582 0.005975 -0.180324 0.079396 -0.088938 -0.231468 -0.247344 0.227062 0.034150 -0.094380 -0.355920 -0.211732 0.008606 -0.172107 -0.187827 -0.206251 -0.233304 -0.235746 -0.216179 0.062027 0.268850 0.009166 0.096133 1.000000 0.202350 -0.281153 0.033947 0.262381 0.088531 -0.110559 -0.118677 -0.074320 -0.001713 0.039523 0.177277 0.346304 0.349258 0.076992 0.046649 -0.146586 0.017593 -0.156188 0.021856 -0.288492 -0.293637 -0.172414 0.048514 0.095899 0.173204 0.224993 0.158283 -0.041006 -0.040018 0.392274 0.406940 -0.047912 0.116684 0.151825 0.217596 -0.103592 -0.139545 -0.372880 -0.146691 0.259045 0.191307 0.050746 -0.018509 0.032510 -0.084467 0.224915 0.304287 0.371756 0.315443 -0.340348 -0.218114 0.217921 0.073273 -0.140451 -0.168528 -0.105969 -0.514205 -0.305291 -0.184938 -0.178546 -0.262483 -0.073538 0.124741 0.153511 -0.203645 -0.088667 -0.149267 0.126521 0.030884 0.103699 -0.020217 -0.051172 0.032879 0.126606 0.274558 -0.100685 -0.153641 0.217011 0.181669 -0.086943 -0.182191 -0.211859 -0.043738
-0.099523 -0.020801 -0.368071 -0.622220 -0.112846 -0.151205 0.185682 0.114607 0.093832 0.289455 0.163783 0.051364 0.413117 0.073140 0.148437 -0.038547 0.210262 0.114306 0.299094 -0.239538 0.033783 -0.018091 -0.529199 -0.576294 0.490880 0.125353 -0.370397 -0.627366 0.551795 0.536008 0.336414 0.714083 0.202350 1.000000 -0.030091 -0.148532 0.010347 -0.058162 -0.131801 -0.204620 -0.211683 0.035406 0.176938 -0.177245 0.469229 0.287661 0.351886 0.004071 0.114633 0.116388 -0.492522 -0.063592 -0.193625 -0.280899 -0.145626 -0.234693 -0.188538 -0.146737 0.281954 -0.246804 0.262023 0.065684 0.476936 0.348894 -0.208957 -0.286713 -0.100428 -0.312196 0.001952 -0.274525 0.125983 0.123068 0.514920 0.310453 0.091297 0.013330 0.189160 0.208761 0.038919 0.066730 0.290878 0.452748 -0.109672 0.076685 -0.232048 -0.081726 -0.298791 -0.463140 -0.254041 -0.447298 0.043993 0.037599 -0.072518 -0.188275 -0.248380 -0.203669 -0.125579 -0.135032 0.155047 -0.302058 0.114463 -0.106501 0.315772 0.066108 0.229503 0.102898 -0.147589 -0.003999 -0.107480 -0.287731 -0.344948 0.213141 -0.047337 -0.142488 -0.168646 -0.152152
-0.152820 -0.009302 0.198628 -0.030974 0.138541 -0.115702 -0.080187 -0.227529 0.092170 -0.212965 -0.334969 -0.235061 -0.267195 -0.267646 0.022265 -0.286566 -0.202699 -0.005949 -0.008804 0.099942 -0.115542 -0.180476 0.124760 0.151143 -0.038773 -0.023818 0.173391 0.150417 -0.107260 -0.167874 0.005187 -0.072096 -0.281153 -0.030091 1.000000 0.168029 -0.036634 -0.091402 0.039592 -0.008119 0.126199 -0.112708 0.143220 0.011712 0.140864 0.203145 0.065856 0.138494 0.061355 0.052299 0.110308 -0.111947 0.159900 0.022619 0.038267 0.075741 -0.004150 0.003160 0.045014 0.068841 -0.034111 -0.273812 -0.228219 -0.262695 0.072189 -0.075734 0.501264 0.326007 0.064380 0.233674 0.164973 0.229224 -0.141659 -0.203039 0.048102 -0.218420 0.076568 0.214746 0.079303 -0.125524 -0.040108 -0.140082 0.225149 -0.215796 0.159157 0.048041 0.354260 0.041405 0.122579 0.174405 -0.074655 -0.085728 -0.101502 0.087726 0.156783 -0.167664 0.050673 -0.053238 -0.098901 -0.137598 -0.001081 -0.044410 -0.096897 -0.027715 -0.060231 -0.145852 0.047787 -0.273946 0.051368 0.144043 0.209186 -0.062227 -0.105676 0.042315 -0.175497 -0.283299
-0.198230 -0.093018 0.033625 0.199208 0.262304 0.350409 -0.082297 -0.082285 0.000895 0.037388 -0.106528 -0.090138 -0.248243 -0.065466 -0.022121 0.056049 -0.080959 -0.102625 -0.120789 0.011939 0.095379 0.307719 0.188345 0.072744 -0.087073 0.343053 0.439283 0.423626 -0.248066 -0.092130 0.063634 0.027393 0.033947 -0.148532 0.168029 1.000000 0.055433 0.057322 0.099345 -0.101166 0.053064 0.014535 0.282640 0.201018 0.058516 0.321274 -0.260878 0.081293 0.078403 0.167268 0.009485 -0.066351 -0.116972 0.002409 0.209019 -0.251560 0.002363 -0.155833 0.172788 0.136663 0.056345 0.286256 -0.249261 -0.187357 0.052187 0.454464 -0.130042 0.156688 -0.017960 0.109632 0.081603 0.239696 -0.306645 -0.259752 -0.054600 -0.007767 -0.105836 -0.045313 -0.242274 -0.090311 -0.084352 -0.185826 -0.006102 -0.097913 0.069938 0.136598 0.164916 -0.118147 0.225161 0.089008 -0.153988 0.161900 -0.226426 0.314941 0.150772 -0.166884 0.068150 -0.330445 -0.200695 -0.330216 -0.129562 0.112597 -0.216750 -0.199889 -0.265779 -0.369546 0.142097 0.157073 -0.065804 0.130193 0.251909 -0.283916 -0.158310 -0.290749 -0.236781 -0.196080
