1.000000 0.371194 -0.431469 -0.483847 0.126489 -0.077698 0.053594 -0.453176 0.391041 0.216385 0.396979 -0.149533 0.268386 0.121353 0.122411 -0.178570 0.290310 -0.046458 0.151366 0.094016 -0.151535 -0.043921 -0.173871 -0.272492 -0.292479 -0.174903 0.076789 -0.045421 -0.231152 -0.337551 -0.314967 -0.415171 -0.024147 -0.223412 -0.026323 -0.166914 0.133181 -0.122062 0.351522 0.267132 -0.280768 0.017347 -0.234316 -0.156810 -0.239314 -0.394857 0.010280 -0.087665 0.183123 -0.304361 0.144229 -0.196761 0.214678 -0.172853 0.131930 -0.098782 0.554983 0.509026 0.648502 0.028554 0.485684 0.163479 -0.262887 -0.282009 0.047883 -0.131092 0.193952 -0.319135 0.500688 0.370141 0.313132 -0.242498 -0.034188 -0.003557 0.018629 -0.224175 0.143247 0.079323 -0.169122 -0.068617 -0.247094 -0.136093 -0.167088 -0.495389 -0.360953 -0.470165 0.160621 0.105321 0.144660 -0.047508 0.155093 0.330986 -0.235586 0.273713 0.329031 -0.117599 0.320275 0.147888 0.113364 0.430867 -0.310537 0.171549 0.156218 0.270425 0.226743 0.198478 -0.355325 0.183851 0.273759 0.296450 0.267877 0.134027 0.172830 -0.022629 -0.211864 0.096152
0.371194 1.000000 -0.469264 -0.113112 -0.299114 0.060863 -0.308918 -0.308007 -0.108631 -0.173642 0.054604 0.311654 -0.027803 0.148287 -0.112818 -0.124950 0.483083 0.286950 0.014755 0.263031 -0.082224 0.250861 -0.242952 -0.298494 -0.124649 -0.273029 -0.228388 -0.213791 -0.185583 -0.159727 -0.344663 -0.170465 -0.051113 -0.144996 -0.198464 -0.062608 0.110184 0.094120 0.105493 -0.012774 -0.014267 0.076011 0.124048 0.087751 0.111367 -0.166765 0.133736 0.147460 0.042744 0.010262 0.014201 0.092348 0.032611 -0.053249 0.355136 0.022108 0.449757 0.507330 -0.038407 -0.089686 0.035458 -0.069463 0.079374 0.168555 -0.128764 -0.284701 -0.139783 -0.412994 0.369156 0.134475 0.285349 0.011351 0.080065 0.266028 0.104663 0.038243 0.260525 0.024439 0.092687 0.148010 0.172631 0.171677 -0.106900 -0.146454 -0.131958 -0.070493 -0.085507 -0.001262 0.037936 -0.083736 0.070864 0.044776 -0.302864 -0.072736 -0.227645 -0.167895 -0.000828 0.052479 0.214803 0.307641 -0.300221 -0.149995 0.168576 -0.017396 -0.046883 -0.034448 -0.046363 -0.045662 -0.030518 0.004311 -0.058943 0.203090 0.224073 -0.129912 -0.142349 -0.047200
-0.431469 -0.469264 1.000000 0.153681 0.245086 0.029399 0.256735 0.148696 -0.018116 -0.159035 -0.259925 -0.248502 -0.255670 -0.317238 -0.109564 -0.178246 -0.348199 -0.128574 0.034238 0.018977 0.015449 -0.122614 0.354595 0.284860 0.083810 -0.045970 0.084491 0.110327 -0.066593 -0.119587 0.254805 0.047997 -0.104335 0.073769 0.034283 0.029688 -0.342528 -0.057530 -0.276258 -0.233106 -0.113562 -0.160092 0.201368 0.231482 -0.006990 0.202528 0.146669 0.141086 0.221784 0.185389 0.160975 0.160475 -0.180150 0.281288 -0.249005 -0.014226 -0.392056 -0.289566 -0.190606 -0.090734 -0.224075 -0.148428 -0.081425 -0.037645 0.001874 -0.078107 0.023828 0.244777 -0.077399 0.134949 -0.060377 -0.065115 -0.046298 -0.198781 0.042422 -0.060848 -0.143102 -0.099494 -0.059291 -0.229539 -0.155131 -0.198087 0.014785 0.012245 0.053729 -0.062860 -0.106413 -0.190357 -0.072331 -0.344861 0.132582 0.225608 0.190830 0.395457 -0.224639 0.241559 -0.265885 0.124399 0.035378 0.004217 0.278750 0.202246 -0.143946 0.206556 0.060388 0.126330 0.028514 0.029971 -0.139847 0.022630 -0.042332 0.098963 -0.063270 0.000463 0.164278 -0.133130
-0.483847 -0.113112 0.153681 1.000000 -0.072845 0.246912 -0.194072 0.622863 -0.237479 -0.025239 -0.158204 -0.033065 -0.205097 0.063983 0.182922 0.437860 -0.174253 -0.129186 -0.205317 0.026197 0.154889 0.294455 0.358507 0.690788 0.323392 0.412934 0.265096 0.310077 -0.224967 0.099419 0.353976 0.517738 -0.223611 0.248916 0.134914 0.049316 -0.233206 0.023921 -0.183151 -0.034881 0.294051 0.011323 -0.161044 -0.099715 -0.086543 -0.000520 -0.382489 -0.326915 -0.469933 -0.129661 0.006482 0.124316 -0.273113 -0.055502 -0.181246 -0.157160 -0.461374 -0.282332 -0.534728 -0.402931 -0.245316 -0.107616 -0.136430 -0.111209 0.186729 0.252030 -0.462876 0.163054 -0.111071 -0.126657 -0.210184 0.292634 -0.078077 0.310478 0.055525 0.345552 0.117590 0.011192 0.098670 0.021770 -0.028626 -0.157967 0.168048 0.329809 0.462687 0.399202 -0.272647 -0.002999 0.285705 0.042569 -0.195575 -0.238959 0.281044 -0.224962 -0.303761 0.102547 -0.361917 -0.095424 -0.441787 -0.248348 0.056279 -0.211198 -0.306877 -0.314381 -0.377184 -0.192597 0.162112 -0.146341 -0.418497 -0.220236 -0.233899 -0.239720 -0.105451 -0.080107 -0.027905 -0.038343
0.126489 -0.299114 0.245086 -0.072845 1.000000 0.022473 0.557596 0.200791 0.774769 0.550698 0.584344 -0.099329 0.493882 0.250347 0.476258 0.221434 -0.356535 -0.279983 -0.237904 -0.041625 -0.127673 -0.358077 0.201891 0.277699 -0.259930 -0.042230 0.168762 0.162945 0.098610 -0.071325 0.058007 0.038639 -0.326958 -0.191003 -0.047960 -0.178131 -0.117305 -0.329803 -0.010859 -0.007546 -0.298757 -0.190852 -0.393224 -0.265866 -0.624317 -0.441281 -0.152522 -0.075719 0.134304 -0.274686 0.200789 0.015786 0.157495 0.137506 -0.205165 -0.216952 -0.337174 -0.408814 0.323900 -0.202541 0.334190 0.266366 -0.377973 -0.403040 0.326540 0.332163 -0.145938 -0.040805 -0.141778 0.217272 -0.143941 -0.128948 -0.247626 -0.298505 -0.145850 -0.100533 -0.186296 -0.143712 -0.132337 -0.341938 -0.304956 -0.287718 0.196654 -0.054329 0.074734 -0.134763 -0.160075 0.073114 0.277596 0.002936 0.266402 0.333902 0.377495 0.385503 0.027879 -0.006346 -0.086711 -0.062400 -0.251557 -0.032852 -0.069952 0.053804 -0.170701 0.171507 0.094935 0.081999 -0.200047 0.064121 0.187953 0.160676 -0.043925 -0.097329 -0.110712 0.176297 0.049148 -0.010654
-0.077698 0.060863 0.029399 0.246912 0.022473 1.000000 0.072807 0.278880 -0.016223 0.326009 -0.078231 -0.015261 -0.103893 0.084405 0.040097 0.147448 0.102862 -0.026024 -0.042618 -0.025114 0.037678 0.001672 0.044185 0.072875 0.207789 0.188668 0.081109 0.167827 -0.133355 0.041288 0.056458 0.107208 -0.019832 -0.063916 0.177383 0.128666 -0.090093 0.102545 0.026923 0.017000 0.049913 -0.106400 -0.051664 -0.128235 0.086827 0.077104 -0.273019 -0.214964 -0.278569 -0.068534 -0.064531 -0.164181 -0.360593 -0.010637 0.000477 -0.141256 0.004872 -0.012691 -0.180307 -0.266680 -0.093874 0.017231 -0.149556 -0.228065 0.143162 0.284080 -0.125525 0.064817 0.033985 0.061746 0.234215 0.153170 -0.026252 0.062103 -0.021889 0.156343 0.203487 0.185397 0.103027 -0.013385 -0.000559 -0.097825 0.032432 -0.013841 0.046310 0.059254 -0.138046 -0.060591 -0.021446 -0.212912 -0.096325 -0.208587 0.137837 -0.189587 -0.084241 0.154566 -0.248933 0.268767 -0.234320 -0.091220 -0.031182 0.083063 0.017031 -0.112984 -0.237682 0.144494 0.039252 -0.227018 -0.125325 -0.207623 -0.018054 -0.052938 0.025200 -0.022299 0.170940 0.243062
0.053594 -0.308918 0.256735 -0.194072 0.557596 0.072807 1.000000 0.137053 0.591000 0.347513 0.218629 -0.235531 0.223345 -0.035309 0.274196 -0.006804 -0.250803 -0.113470 0.032016 -0.003335 -0.276650 -0.351840 0.150309 -0.035293 -0.166779 -0.244517 -0.090294 -0.025083 0.168279 0.002668 0.001065 -0.070280 -0.084306 -0.098134 -0.084332 -0.070600 -0.270475 -0.238338 -0.070732 -0.196115 -0.264672 -0.254630 -0.171292 -0.054107 -0.191727 -0.158449 -0.124307 -0.112162 0.084085 0.051076 -0.021567 0.003533 0.102284 0.185789 -0.209999 -0.126752 -0.186381 -0.219208 0.323032 0.010102 0.319683 0.264474 -0.225385 -0.127792 0.353392 0.184168 0.065655 -0.046392 -0.080705 0.220350 0.013779 -0.047126 -0.054225 -0.260105 0.026169 -0.021683 0.122457 0.111109 -0.137205 -0.140337 -0.266339 -0.289740 0.181008 -0.058871 -0.118403 -0.334202 -0.077623 -0.205907 0.089443 -0.194825 0.165374 0.235317 0.216166 0.377835 -0.147497 0.203658 -0.217073 -0.117134 -0.088554 -0.067911 0.075081 -0.015868 0.060123 0.103709 -0.043712 0.022380 -0.256401 0.003931 0.094410 0.128115 -0.112787 -0.019111 -0.048659 -0.041079 0.032639 0.064190
-0.453176 -0.308007 0.148696 0.622863 0.200791 0.278880 0.137053 1.000000 -0.000625 0.345318 -0.031423 0.054203 0.043631 0.242706 0.087920 0.472802 -0.220995 -0.237275 -0.261496 -0.058615 -0.129114 -0.096205 -0.056564 0.433468 -0.051971 0.192594 -0.049020 0.166057 0.109117 0.294354 0.139246 0.540907 -0.087635 0.301873 -0.028083 0.281326 -0.262079 -0.037193 -0.401247 -0.137012 0.097001 -0.163547 -0.183620 -0.128947 -0.139929 0.107313 -0.512799 -0.407324 -0.462763 0.046343 -0.148257 0.098612 -0.044665 0.091164 -0.271578 -0.239796 -0.458316 -0.472153 -0.452372 -0.220472 -0.097857 0.228170 -0.063884 -0.052784 0.196273 0.554739 -0.436401 0.273906 -0.332978 -0.110394 -0.406585 0.191061 -0.064560 0.126554 -0.084421 0.189802 -0.099120 -0.132913 0.182628 -0.120864 0.078409 -0.159690 0.177774 0.508577 0.356275 0.385689 -0.492530 -0.163406 0.091276 0.004512 -0.085749 -0.313149 0.493646 -0.236966 -0.300226 0.077921 -0.465575 -0.012068 -0.500034 -0.312374 0.193668 -0.087643 -0.433168 -0.333813 -0.302580 -0.204853 0.412072 -0.059664 -0.321214 -0.426723 -0.327563 -0.303516 -0.070127 0.047565 0.059455 0.059076
0.391041 -0.108631 -0.018116 -0.237479 0.774769 -0.016223 0.591000 -0.000625 1.000000 0.586942 0.602686 -0.194160 0.583399 0.228315 0.506991 0.145784 -0.242260 -0.273439 -0.266813 -0.042999 -0.179497 -0.315680 0.116829 0.159727 -0.289234 -0.068909 0.164492 0.037618 0.092772 -0.158800 -0.114751 -0.045406 -0.304542 -0.191158 -0.018354 -0.227728 -0.023986 -0.256097 0.149632 0.053339 -0.249232 -0.155597 -0.484132 -0.367863 -0.620067 -0.556529 -0.102887 -0.098760 0.137375 -0.456890 0.168924 -0.222343 0.274936 -0.005789 -0.186933 -0.129156 -0.096737 -0.279320 0.594102 -0.128342 0.593990 0.358776 -0.381450 -0.411525 0.319855 0.283778 -0.061539 -0.160837 -0.038813 0.233048 -0.021968 -0.097148 -0.237366 -0.226635 -0.067234 -0.124277 0.058027 -0.111512 -0.186066 -0.313908 -0.309099 -0.267144 0.179246 -0.181807 -0.103814 -0.261686 -0.058257 0.057639 0.370933 0.051735 0.369663 0.337540 0.170091 0.312514 0.119771 0.051313 0.038548 -0.132783 -0.135705 0.170600 -0.232684 0.048978 -0.166230 0.191679 0.130594 0.070821 -0.442165 0.068120 0.220903 0.163761 0.041688 -0.031847 -0.075093 0.141585 -0.016141 0.087920
0.216385 -0.173642 -0.159035 -0.025239 0.550698 0.326009 0.347513 0.345318 0.586942 1.000000 0.442463 -0.193569 0.307183 0.337868 0.287994 0.417381 -0.107493 -0.261835 -0.177041 0.040148 -0.149012 -0.119462 -0.044354 0.205246 -0.239240 0.089505 0.084747 0.133832 0.028733 0.077249 -0.234482 0.078731 -0.012697 -0.161938 0.081817 -0.054718 -0.112241 -0.136146 -0.064432 0.118724 -0.010309 -0.229375 -0.364720 -0.328292 -0.472954 -0.284038 -0.347846 -0.340605 -0.163630 -0.322298 0.093453 -0.149790 0.044412 -0.007096 -0.159219 -0.273686 -0.058304 -0.242785 0.335987 -0.190040 0.326320 0.503436 -0.372527 -0.439090 0.280925 0.504235 -0.240435 -0.031028 0.005163 0.299218 -0.148768 -0.024646 -0.099808 -0.102902 -0.146564 0.024197 0.011994 -0.092039 -0.054565 -0.309896 -0.151869 -0.227301 0.158877 0.011711 -0.064760 -0.061040 -0.199261 -0.019559 0.304649 -0.002215 0.165716 -0.089825 0.384699 -0.015435 -0.010160 -0.097731 -0.243702 0.210799 -0.308524 0.026446 -0.179754 0.035306 -0.170517 0.003092 -0.100690 0.095133 -0.140268 -0.022893 0.074143 -0.160123 -0.154823 -0.124800 0.034572 0.204443 -0.034639 0.261517
0.396979 0.054604 -0.259925 -0.158204 0.584344 -0.078231 0.218629 -0.031423 0.602686 0.442463 1.000000 0.099215 0.717903 0.396511 0.496462 0.129380 0.091839 -0.152661 -0.057257 0.003313 -0.226602 -0.126431 -0.056244 0.130567 -0.324475 -0.094807 0.072542 0.025155 0.154315 -0.171160 -0.107857 0.048875 -0.295582 -0.154914 -0.170613 -0.355883 -0.037207 -0.357416 0.050779 0.037323 -0.141007 -0.057112 -0.306189 -0.160890 -0.453493 -0.447950 -0.167019 -0.080200 0.034285 -0.291097 0.223598 -0.095195 0.241732 -0.133253 -0.038090 -0.224573 0.012639 -0.099410 0.399222 -0.138721 0.480036 0.188679 -0.172867 -0.242325 0.175792 0.177396 -0.249229 -0.348086 -0.153438 -0.023316 -0.069777 0.051590 -0.098568 -0.066482 -0.098617 -0.109267 -0.036068 -0.063718 -0.028517 -0.139320 -0.162088 -0.091190 0.103865 -0.115691 0.013996 -0.170855 -0.016693 0.003163 0.309933 0.172385 0.124269 0.262398 0.077807 0.216300 0.022908 -0.188550 0.070879 -0.234876 -0.171621 0.059125 -0.090055 -0.067466 -0.052126 0.059927 0.037811 0.008321 -0.141045 0.073985 0.149384 0.293163 0.037919 -0.169879 0.058124 0.052017 -0.040604 -0.062984
-0.149533 0.311654 -0.248502 -0.033065 -0.099329 -0.015261 -0.235531 0.054203 -0.194160 -0.193569 0.099215 1.000000 0.226656 0.408959 -0.030069 0.178526 0.253906 0.306854 -0.132917 0.114842 -0.129229 -0.131773 -0.346660 -0.217751 -0.281855 -0.216700 -0.342173 -0.097681 0.230394 0.162948 -0.222584 0.059888 -0.181004 0.093110 -0.238714 0.150199 0.209263 0.051393 -0.141238 -0.166267 -0.039951 0.207577 -0.093627 -0.166561 0.071011 0.011663 -0.225716 -0.069348 -0.073698 0.103450 -0.107398 -0.090536 0.072350 -0.164471 0.185767 -0.072956 -0.012819 -0.142995 -0.348322 0.207282 -0.056997 -0.075361 0.462362 0.436967 -0.185353 0.007703 -0.154061 -0.110549 -0.237372 -0.268113 -0.025341 0.115163 0.184421 0.218882 -0.029816 0.103550 0.010326 0.071621 0.117764 0.058162 0.440341 0.352429 0.012992 0.290869 0.173425 0.336636 -0.239043 -0.008014 -0.191920 0.183280 0.085957 -0.021336 0.101646 -0.212599 -0.006889 -0.166087 0.017740 -0.174912 -0.096748 -0.139954 -0.047720 -0.064271 0.150789 -0.084715 0.008747 -0.184835 0.233704 -0.146578 -0.087728 -0.049965 -0.003914 -0.102159 -0.084078 -0.039646 0.033582 -0.160675
0.268386 -0.027803 -0.255670 -0.205097 0.493882 -0.103893 0.223345 0.043631 0.583399 0.307183 0.717903 0.226656 1.000000 0.380700 0.547282 0.255162 0.096450 -0.046266 -0.152605 -0.227054 -0.173829 -0.220775 -0.077804 0.048874 -0.245514 -0.046459 0.038036 -0.039809 0.440665 0.034159 0.067682 0.178954 -0.382875 -0.129091 -0.173907 -0.052669 0.278412 -0.303209 0.071793 -0.046220 -0.082239 0.106101 -0.497135 -0.482533 -0.460713 -0.473206 -0.166393 -0.121069 -0.137373 -0.284622 0.003162 -0.374576 0.435109 -0.147214 -0.151881 -0.098707 -0.046909 -0.236749 0.260027 -0.140544 0.576564 0.201142 -0.107246 -0.187598 0.202344 0.165336 -0.284381 -0.340398 -0.316133 -0.239403 -0.195518 0.058452 -0.164605 -0.175087 -0.150889 -0.138129 -0.187143 -0.212949 0.125250 -0.077353 0.110445 0.166931 0.168049 0.150699 0.156609 0.006417 0.027506 0.096143 0.337115 0.264640 0.262610 0.316610 0.194177 0.114321 0.178335 -0.208852 0.214211 -0.272536 -0.230415 0.015046 -0.050399 -0.066410 -0.088647 -0.120720 -0.025669 -0.281209 -0.076147 0.083599 0.256596 0.096935 0.246628 -0.214257 -0.117280 0.091390 -0.098500 -0.129532
0.121353 0.148287 -0.317238 0.063983 0.250347 0.084405 -0.035309 0.242706 0.228315 0.337868 0.396511 0.408959 0.380700 1.000000 0.300189 0.381616 0.116532 -0.104102 -0.212508 -0.122801 -0.045994 0.038134 -0.015341 0.121320 -0.123475 0.097725 0.070479 0.059875 -0.019319 -0.041572 0.031799 0.224264 -0.433836 -0.021014 -0.061889 0.037273 0.145047 -0.101899 0.118704 0.241864 -0.169085 0.179711 -0.364575 -0.287723 -0.297883 -0.208964 -0.488758 -0.340173 -0.274920 -0.261000 -0.057755 -0.301126 -0.006919 -0.376464 0.091202 -0.253499 -0.078388 -0.103483 0.010948 -0.047799 0.290538 0.313861 0.025371 -0.089853 0.137723 0.441893 -0.180598 -0.063412 -0.166559 -0.164840 -0.171549 -0.057040 -0.030235 0.155089 -0.162118 0.023024 -0.078645 -0.226641 0.122740 0.040124 0.150411 0.059015 0.124172 0.133761 0.173383 0.124267 -0.174255 0.165520 0.264902 0.181549 -0.023249 -0.201422 0.228621 -0.085001 0.058821 -0.181662 -0.026924 -0.209676 -0.373516 -0.192135 0.021051 -0.059785 -0.017147 -0.192664 -0.016775 -0.208495 -0.065317 -0.074115 0.038695 -0.110185 -0.093203 -0.305114 0.079360 0.264529 -0.018915 -0.124638
0.122411 -0.112818 -0.109564 0.182922 0.476258 0.040097 0.274196 0.087920 0.506991 0.287994 0.496462 -0.030069 0.547282 0.300189 1.000000 0.552259 -0.265950 -0.346539 -0.375267 -0.175557 0.089370 -0.033871 0.373575 0.402449 0.098970 0.281572 0.299563 0.078201 0.184011 -0.156874 0.204702 0.187540 -0.502319 -0.272014 -0.006684 -0.361662 0.017138 -0.324681 0.252101 0.156122 -0.057126 0.030505 -0.460741 -0.325652 -0.411438 -0.480394 -0.265434 -0.061418 -0.062701 -0.319393 -0.092583 -0.140479 0.205068 -0.021482 -0.322475 -0.024355 -0.365015 -0.289909 0.119598 -0.224399 0.366229 0.062424 -0.315617 -0.350119 0.415267 0.128659 -0.332613 -0.248753 -0.306180 -0.028576 -0.112520 0.140599 -0.391349 -0.236065 -0.205407 0.041657 -0.103969 -0.063981 -0.167885 -0.160227 -0.203614 -0.151201 0.491500 0.179334 0.233582 -0.037922 0.199275 0.271758 0.437034 0.222718 0.288369 0.406843 0.103113 0.108677 0.181778 -0.059958 0.140021 -0.212423 -0.224775 -0.048408 -0.184209 -0.042548 -0.011777 -0.031501 -0.096392 -0.175363 -0.223985 0.117788 0.141126 0.123779 0.109298 -0.367928 -0.136117 0.002605 0.091072 -0.048595
-0.178570 -0.124950 -0.178246 0.437860 0.221434 0.147448 -0.006804 0.472802 0.145784 0.417381 0.129380 0.178526 0.255162 0.381616 0.552259 1.000000 -0.281836 -0.281627 -0.426497 -0.234175 0.211877 0.114333 0.232481 0.442097 0.212492 0.404386 0.201517 0.106395 0.207699 0.205484 0.139452 0.327348 -0.366913 -0.178495 0.054480 0.002884 0.103815 -0.184653 -0.003942 0.063569 0.124544 0.017939 -0.410039 -0.416761 -0.384048 -0.300922 -0.374581 -0.308980 -0.364810 -0.231793 -0.208166 -0.036927 0.092451 -0.009550 -0.262104 0.040118 -0.450743 -0.410936 -0.246367 -0.277983 0.007730 0.071337 -0.202299 -0.266165 0.347765 0.325187 -0.492870 -0.147849 -0.356901 -0.172668 -0.287088 -0.001171 -0.312390 -0.084767 -0.220823 0.052480 -0.228483 -0.248583 0.005038 -0.139381 0.191082 0.018695 0.544127 0.509539 0.430880 0.354455 -0.097555 0.208200 0.263998 0.183036 0.253480 -0.029134 0.420865 -0.237857 0.063381 -0.054025 -0.028162 0.010469 -0.345541 -0.101898 0.037835 -0.091614 -0.095351 -0.283215 -0.198499 -0.311672 0.072553 -0.116795 -0.014643 -0.191631 -0.031262 -0.358328 -0.139961 -0.013575 0.075508 -0.049436
0.290310 0.483083 -0.348199 -0.174253 -0.356535 0.102862 -0.250803 -0.220995 -0.242260 -0.107493 0.091839 0.253906 0.096450 0.116532 -0.265950 -0.281836 1.000000 0.541041 0.379231 0.315532 -0.157308 0.174184 -0.399190 -0.378056 -0.249804 -0.282710 -0.344833 -0.259503 -0.030304 0.068803 -0.168067 0.000587 0.078251 0.069776 -0.302896 0.021086 0.233732 0.199659 -0.005490 -0.076137 0.163317 0.299048 0.150534 0.028921 0.228448 -0.034743 -0.110989 -0.098761 -0.038453 0.061006 0.049730 -0.139977 0.075570 -0.295244 0.359337 -0.232624 0.609936 0.521214 0.010086 0.022018 0.154430 -0.084821 0.342336 0.319829 -0.368992 -0.321500 -0.006494 -0.373262 0.215073 0.066576 0.257022 0.181635 0.334621 0.435612 0.262534 0.039869 0.342948 0.241714 0.373476 0.393760 0.374672 0.370844 -0.293976 -0.056013 -0.214052 -0.072288 -0.122631 -0.221944 0.010072 -0.092066 -0.150741 -0.060562 -0.159159 -0.090393 -0.310679 -0.276410 -0.197334 0.049403 0.035728 0.162243 -0.083062 -0.196140 0.183295 -0.152971 -0.316138 -0.236270 0.005899 0.004997 -0.047681 -0.070637 -0.080324 0.297147 0.227668 -0.150110 -0.370792 -0.153441
-0.046458 0.286950 -0.128574 -0.129186 -0.279983 -0.026024 -0.113470 -0.237275 -0.273439 -0.261835 -0.152661 0.306854 -0.046266 -0.104102 -0.346539 -0.281627 0.541041 1.000000 0.502365 0.397747 -0.082895 0.055143 -0.344800 -0.523041 -0.052755 -0.313447 -0.527447 -0.452831 0.223147 0.431346 0.051048 0.084814 0.061397 0.068403 -0.376041 0.092813 0.244402 0.284067 -0.075833 -0.243310 0.289309 0.274651 0.171090 0.015961 0.213463 0.012427 0.065476 0.121571 -0.074545 0.137304 -0.264265 -0.180118 -0.043897 -0.153821 0.170293 -0.049678 0.354624 0.290742 -0.210228 0.072114 -0.047900 -0.094222 0.424084 0.559294 -0.323491 -0.418762 -0.009407 -0.311487 0.059822 -0.099440 0.158837 0.175136 0.568154 0.343314 0.485265 0.224341 0.326790 0.207842 0.391419 0.450495 0.531182 0.564377 -0.145039 0.245115 -0.045663 0.123366 0.002897 -0.143375 -0.101574 -0.007554 -0.231744 -0.130062 -0.185468 -0.272835 -0.282215 0.059158 -0.240432 -0.058430 0.136296 -0.032286 0.026790 -0.155473 0.045724 -0.342565 -0.350281 -0.411862 0.147632 -0.087411 -0.008413 -0.160340 -0.129535 0.212397 -0.024290 -0.316112 -0.482591 -0.189581
0.151366 0.014755 0.034238 -0.205317 -0.237904 -0.042618 0.032016 -0.261496 -0.266813 -0.177041 -0.057257 -0.132917 -0.152605 -0.212508 -0.375267 -0.426497 0.379231 0.502365 1.000000 0.349616 -0.188970 0.088934 -0.295272 -0.515267 -0.021081 -0.216355 -0.386647 -0.273292 0.108499 0.094094 0.150562 -0.021226 0.285800 0.171292 -0.040412 0.138579 -0.009109 0.054314 -0.037318 -0.064125 0.120278 0.141196 0.346877 0.274272 0.361584 0.260407 0.091695 0.043768 -0.095528 0.265698 -0.217052 -0.097883 -0.181296 -0.037910 -0.021406 -0.131077 0.473956 0.427401 -0.006905 0.086734 0.023415 -0.079206 0.211704 0.282186 -0.389497 -0.387873 0.145538 -0.167444 0.270078 0.165599 0.398015 0.175837 0.295388 0.123782 0.366663 -0.013842 0.175875 0.307424 0.148949 0.118845 0.187423 0.231707 -0.195894 -0.048170 -0.415491 -0.326132 0.084299 -0.227327 -0.276508 -0.361983 -0.139462 -0.074788 -0.208435 -0.016677 -0.068061 0.180565 -0.220398 0.049648 0.207868 0.108377 0.169866 0.093210 0.125524 -0.193446 -0.221083 -0.175472 0.116738 0.071797 0.142812 -0.006912 -0.066852 0.221445 0.129742 -0.297009 -0.532319 -0.072371
0.094016 0.263031 0.018977 0.026197 -0.041625 -0.025114 -0.003335 -0.058615 -0.042999 0.040148 0.003313 0.114842 -0.227054 -0.122801 -0.175557 -0.234175 0.315532 0.397747 0.349616 1.000000 -0.337197 -0.020341 -0.208473 -0.112538 -0.445896 -0.519005 -0.492530 -0.229708 -0.137982 0.185758 -0.127258 0.031366 0.216201 0.267229 -0.132215 -0.133456 -0.408287 0.131825 -0.343804 -0.353156 0.174888 -0.172459 0.203280 0.264016 0.126500 0.027873 -0.022758 0.017338 0.109252 0.231821 -0.010414 0.177285 -0.254488 -0.042852 0.113168 -0.230711 0.334718 0.307497 -0.067851 -0.063739 -0.028968 0.073470 0.226086 0.343480 -0.350038 -0.304493 -0.130579 -0.208305 0.343971 0.612803 0.350844 0.341997 0.437045 0.409205 0.478883 0.442244 0.497997 0.419190 -0.010700 -0.205951 -0.003165 -0.039151 -0.226320 -0.024936 -0.342995 -0.216808 -0.285150 -0.422733 -0.058059 -0.213406 -0.049948 0.040285 -0.151494 -0.078819 -0.419383 0.063667 -0.569913 0.221450 0.108486 0.235694 -0.253236 -0.121149 -0.155083 0.017719 -0.167215 0.082565 -0.051301 -0.112479 -0.386116 0.058419 -0.417015 0.319185 0.186322 -0.104467 -0.366803 0.217571
-0.151535 -0.082224 0.015449 0.154889 -0.127673 0.037678 -0.276650 -0.129114 -0.179497 -0.149012 -0.226602 -0.129229 -0.173829 -0.045994 0.089370 0.211877 -0.157308 -0.082895 -0.188970 -0.337197 1.000000 0.156118 0.268045 0.220472 0.460947 0.503001 0.317662 0.217568 0.085211 0.018144 0.309092 0.112106 -0.200625 -0.164908 -0.008622 -0.237406 0.423225 0.138441 0.359265 0.370978 0.131590 0.319646 -0.174293 -0.272598 -0.110869 -0.261538 0.005066 -0.023041 0.010144 -0.277499 -0.081020 -0.007095 0.139878 -0.080161 -0.029815 0.183182 -0.289379 -0.167808 -0.012137 0.009019 -0.041121 -0.064079 0.020627 0.029309 0.104267 0.010013 0.017685 -0.094193 -0.244593 -0.340076 -0.096361 -0.254337 -0.088847 -0.169210 -0.023197 -0.130538 -0.151070 -0.198872 -0.079982 0.330627 0.131916 0.148076 0.363546 0.215805 0.346075 0.291794 0.330922 0.392013 0.210830 0.114828 -0.071490 -0.173900 -0.103960 -0.219391 0.272107 -0.076093 0.215598 -0.033335 -0.116319 -0.282681 0.106261 0.111153 -0.024355 -0.231703 -0.164077 -0.153323 -0.032440 0.002829 0.287018 -0.165122 0.106469 -0.131431 -0.198486 0.061183 -0.018827 -0.201063
-0.043921 0.250861 -0.122614 0.294455 -0.358077 0.001672 -0.351840 -0.096205 -0.315680 -0.119462 -0.126431 -0.131773 -0.220775 0.038134 -0.033871 0.114333 0.174184 0.055143 0.088934 -0.020341 0.156118 1.000000 0.216402 0.147587 0.355417 0.244894 0.174217 0.123565 -0.179839 -0.152755 0.180186 0.103156 -0.022899 0.051123 0.208095 -0.053697 -0.096659 0.046359 0.101547 0.104399 0.197870 0.029140 0.201469 0.105848 0.090138 0.052047 0.140883 0.072845 -0.162944 0.052590 0.108347 0.136048 -0.176276 -0.131185 0.082153 -0.028578 0.107529 0.208426 -0.207524 -0.253947 -0.260173 -0.155865 -0.084659 -0.090285 -0.005472 -0.136757 -0.183899 -0.164449 0.202771 -0.025935 0.103628 0.033915 0.011270 0.127909 0.085917 -0.036993 0.127430 -0.080149 0.128931 0.013624 0.069337 0.004568 0.031248 -0.036227 -0.060232 -0.065255 0.063067 0.050099 0.047791 -0.001940 -0.088601 -0.177375 -0.118259 -0.179508 -0.190187 -0.169899 -0.005619 -0.067935 0.119658 0.109595 -0.111370 -0.338684 0.163660 -0.217503 -0.191168 -0.040798 -0.048931 -0.026143 -0.205267 -0.039863 -0.019688 -0.103417 0.174104 0.042464 -0.020887 -0.122735
-0.173871 -0.242952 0.354595 0.358507 0.201891 0.044185 0.150309 -0.056564 0.116829 -0.044354 -0.056244 -0.346660 -0.077804 -0.015341 0.373575 0.232481 -0.399190 -0.344800 -0.295272 -0.208473 0.268045 0.216402 1.000000 0.660946 0.558724 0.407026 0.646491 0.439915 -0.268681 -0.273619 0.512501 0.006086 -0.311771 -0.161929 0.416367 -0.275990 -0.182507 -0.229156 0.155254 0.054400 -0.153368 -0.093866 -0.183837 -0.121918 -0.245373 -0.141337 -0.025612 -0.130204 -0.003977 -0.274934 0.261790 0.008248 -0.262341 -0.124871 -0.191172 -0.056574 -0.486366 -0.212613 0.046976 -0.417958 -0.095389 -0.064471 -0.472545 -0.517046 0.576651 0.075331 -0.027426 0.147145 0.069041 0.038020 -0.069638 -0.109532 -0.344647 -0.100900 -0.110201 0.087485 -0.090076 -0.247136 -0.223292 -0.129619 -0.422462 -0.372844 0.194011 -0.168875 0.332623 -0.021619 0.257839 0.241319 0.443477 0.035150 -0.033471 0.225771 0.149904 0.322730 0.044158 0.042153 0.072474 -0.121654 -0.294875 -0.115941 0.077708 -0.152303 -0.034421 0.029893 0.036719 0.151629 -0.318192 -0.076181 -0.066838 0.223856 0.117231 -0.217469 -0.138323 0.154088 0.335098 -0.018273
-0.272492 -0.298494 0.284860 0.690788 0.277699 0.072875 -0.035293 0.433468 0.159727 0.205246 0.130567 -0.217751 0.048874 0.121320 0.402449 0.442097 -0.378056 -0.523041 -0.515267 -0.112538 0.220472 0.147587 0.660946 1.000000 0.262649 0.454701 0.590252 0.491587 -0.276480 -0.180130 0.302369 0.321268 -0.385529 0.062346 0.285197 -0.221040 -0.243816 -0.149168 -0.094499 0.107579 0.027254 -0.074839 -0.403312 -0.251751 -0.439064 -0.200191 -0.320849 -0.314212 -0.146650 -0.345284 0.289952 0.077583 -0.082592 -0.083892 -0.269568 -0.248358 -0.599770 -0.413881 -0.113709 -0.458160 -0.044970 0.040841 -0.421778 -0.454733 0.402194 0.328918 -0.341829 0.203054 -0.135459 0.013395 -0.298400 0.114017 -0.286665 0.048566 -0.177667 0.165527 -0.027003 -0.193255 -0.198207 -0.278304 -0.388097 -0.448012 0.191137 0.077436 0.428874 0.240794 -0.126681 0.139284 0.484583 0.135953 0.024977 0.064417 0.368516 0.115370 -0.105807 -0.077191 -0.178677 -0.076629 -0.528945 -0.159753 -0.010154 -0.156593 -0.334213 -0.002935 -0.055229 0.130386 -0.160593 -0.086521 -0.215313 0.067459 -0.035361 -0.211779 -0.124961 0.218426 0.276666 0.028325
-0.292479 -0.124649 0.083810 0.323392 -0.259930 0.207789 -0.166779 -0.051971 -0.289234 -0.239240 -0.324475 -0.281855 -0.245514 -0.123475 0.098970 0.212492 -0.249804 -0.052755 -0.021081 -0.445896 0.460947 0.355417 0.558724 0.262649 1.000000 0.717009 0.460753 0.155886 -0.020808 -0.013377 0.535515 0.188232 -0.122990 -0.177096 0.389587 -0.001450 0.154205 0.004059 0.336400 0.198647 0.083074 0.198566 -0.014674 -0.079358 0.124625 0.136238 -0.037103 -0.002414 -0.257829 -0.171478 -0.251662 -0.191734 -0.202982 -0.132788 -0.230141 0.153798 -0.305595 -0.048575 -0.229330 -0.249850 -0.323379 -0.251228 -0.295226 -0.265014 0.368456 -0.053856 0.086205 0.222150 -0.085939 -0.320400 -0.048674 -0.020986 -0.312767 -0.179825 -0.157488 -0.050879 -0.202685 -0.186020 -0.045826 0.203723 -0.007866 0.002544 0.283391 0.125424 0.326234 0.133270 0.411121 0.435324 0.074109 -0.093150 -0.142431 -0.154647 0.056853 -0.078899 0.177406 0.096270 0.172102 -0.093827 -0.156970 -0.228299 0.224597 -0.048667 0.091792 -0.188283 -0.066525 -0.132230 0.062648 -0.174070 0.147967 -0.065261 0.154224 -0.283591 -0.146198 -0.036871 0.232386 -0.163443
-0.174903 -0.273029 -0.045970 0.412934 -0.042230 0.188668 -0.244517 0.192594 -0.068909 0.089505 -0.094807 -0.216700 -0.046459 0.097725 0.281572 0.404386 -0.282710 -0.313447 -0.216355 -0.519005 0.503001 0.244894 0.407026 0.454701 0.717009 1.000000 0.660031 0.469275 -0.108665 -0.070179 0.424931 0.299317 -0.191892 -0.065756 0.431907 -0.024337 0.246094 -0.025313 0.422177 0.502270 0.145867 0.274573 -0.298044 -0.379154 -0.190253 -0.091297 -0.351139 -0.314593 -0.383648 -0.462741 -0.144851 -0.266141 -0.119791 -0.210848 -0.265429 -0.022599 -0.408265 -0.215139 -0.144302 -0.276484 -0.068850 -0.002200 -0.405459 -0.389198 0.377641 0.338936 -0.084976 0.350032 -0.210826 -0.353086 -0.249381 0.012510 -0.391868 -0.088838 -0.266473 -0.117669 -0.235637 -0.187942 -0.206240 0.059329 -0.107241 -0.089953 0.331124 0.128377 0.419530 0.327618 0.304097 0.505868 0.278092 0.093958 -0.042091 -0.206960 0.122655 -0.156112 0.394701 0.004406 0.213882 -0.122309 -0.445988 -0.273739 0.015266 0.118245 -0.113268 -0.214968 -0.068610 -0.072668 0.077266 -0.020178 0.216393 -0.224219 0.167986 -0.436765 -0.260840 0.102077 0.230926 -0.083581
0.076789 -0.228388 0.084491 0.265096 0.168762 0.081109 -0.090294 -0.049020 0.164492 0.084747 0.072542 -0.342173 0.038036 0.070479 0.299563 0.201517 -0.344833 -0.527447 -0.386647 -0.492530 0.317662 0.174217 0.646491 0.590252 0.460753 0.660031 1.000000 0.689545 -0.431934 -0.422202 0.257402 -0.093267 -0.185533 -0.147145 0.496881 -0.207326 0.078172 -0.176646 0.455805 0.484180 -0.003848 0.190704 -0.346451 -0.276122 -0.298935 -0.152180 -0.107464 -0.280926 -0.148812 -0.517791 0.288766 -0.151731 -0.119864 -0.247217 -0.087713 -0.051040 -0.350622 -0.163975 0.167680 -0.401020 0.093260 0.013130 -0.586632 -0.637766 0.534779 0.358533 0.042785 0.283680 0.054192 -0.097270 -0.168223 -0.167842 -0.457800 -0.074263 -0.279758 -0.115417 -0.147383 -0.223122 -0.341229 -0.171162 -0.480558 -0.413205 0.094413 -0.362640 0.338645 0.072053 0.343308 0.499496 0.470648 0.234533 -0.017824 0.116633 0.121623 0.283735 0.351495 -0.049908 0.422065 -0.108701 -0.366152 -0.127588 -0.145868 0.102779 -0.113171 0.126940 0.132603 0.247153 -0.298346 0.074704 0.156412 0.168561 0.305374 -0.268617 -0.110600 0.291164 0.261451 0.004498
-0.045421 -0.213791 0.110327 0.310077 0.162945 0.167827 -0.025083 0.166057 0.037618 0.133832 0.025155 -0.097681 -0.039809 0.059875 0.078201 0.106395 -0.259503 -0.452831 -0.273292 -0.229708 0.217568 0.123565 0.439915 0.491587 0.155886 0.469275 0.689545 1.000000 -0.401328 -0.317266 0.172557 -0.066263 -0.045781 0.034509 0.440986 -0.086265 -0.104326 -0.178177 0.256276 0.371893 -0.050350 0.055320 -0.344353 -0.353395 -0.331729 -0.168193 -0.253094 -0.437624 -0.230202 -0.425366 0.372849 0.009845 -0.204168 -0.132841 -0.046115 -0.283450 -0.356975 -0.293930 -0.018338 -0.286560 0.001991 0.113066 -0.361724 -0.406160 0.392271 0.465668 -0.051934 0.283352 0.096310 -0.005350 -0.090357 -0.011731 -0.270030 0.068929 -0.151040 -0.060183 -0.050855 -0.080513 -0.232879 -0.225143 -0.396591 -0.364370 -0.046905 -0.251572 0.296716 0.281108 0.047099 0.339757 0.332162 0.193488 0.007491 0.020873 0.227001 0.193312 0.227993 -0.090844 0.177620 -0.137238 -0.481291 -0.260692 -0.222018 0.007267 -0.172375 0.025331 0.067137 0.338535 -0.095188 0.102563 0.026907 -0.041082 0.114458 -0.384021 -0.244620 0.268961 0.226242 0.011064
-0.231152 -0.185583 -0.066593 -0.224967 0.098610 -0.133355 0.168279 0.109117 0.092772 0.028733 0.154315 0.230394 0.440665 -0.019319 0.184011 0.207699 -0.030304 0.223147 0.108499 -0.137982 0.085211 -0.179839 -0.268681 -0.276480 -0.020808 -0.108665 -0.431934 -0.401328 1.000000 0.417965 0.082297 0.218626 -0.104268 -0.184172 -0.382216 -0.000049 0.331463 -0.145879 -0.099986 -0.287328 0.144405 0.069905 -0.001075 -0.081430 -0.011909 -0.128020 0.141098 0.240775 -0.002092 0.137775 -0.386277 -0.079987 0.472127 0.242341 -0.039148 0.314696 -0.201434 -0.384797 -0.127724 0.127965 0.048876 -0.022986 0.312200 0.259391 -0.076605 -0.177553 -0.237377 -0.354449 -0.610283 -0.336473 -0.234327 -0.013792 0.012196 -0.365588 -0.004977 -0.248884 -0.311614 -0.277031 0.225337 0.062794 0.550889 0.478435 0.479946 0.662681 0.126253 0.121748 0.124410 -0.089294 -0.203131 -0.003063 0.242198 0.137611 0.008900 -0.233390 0.090954 -0.055389 0.097762 -0.199143 0.197677 -0.083425 0.231282 -0.097764 -0.036950 -0.348952 -0.253697 -0.552315 0.304162 -0.013256 0.221025 -0.244258 0.054447 -0.240264 -0.305113 -0.226033 -0.082239 -0.252736
-0.337551 -0.159727 -0.119587 0.099419 -0.071325 0.041288 0.002668 0.294354 -0.158800 0.077249 -0.171160 0.162948 0.034159 -0.041572 -0.156874 0.205484 0.068803 0.431346 0.094094 0.185758 0.018144 -0.152755 -0.273619 -0.180130 -0.013377 -0.070179 -0.422202 -0.317266 0.417965 1.000000 0.090004 0.450134 0.232720 0.204128 -0.237984 0.351419 0.062235 0.349553 -0.401244 -0.375567 0.206973 -0.050618 -0.014006 -0.101461 0.062158 0.016115 -0.094968 0.012518 -0.305332 0.166760 -0.408675 -0.080398 0.016046 0.055084 0.069546 0.185176 -0.029610 -0.118489 -0.322398 -0.031902 -0.213392 0.085184 0.184635 0.343521 -0.235213 -0.071148 -0.199836 -0.060125 -0.264552 -0.173386 -0.102427 0.276231 0.436742 0.238201 0.349945 0.333248 0.070258 0.045747 0.370707 0.297541 0.494618 0.459598 0.066834 0.467276 0.182207 0.244328 -0.139320 -0.271987 -0.093844 0.150631 -0.198064 -0.299659 -0.027733 -0.482258 -0.205713 0.103179 -0.305683 0.108816 -0.054452 -0.176641 0.110257 -0.291842 -0.215803 -0.430594 -0.277540 -0.355534 0.234098 -0.394311 -0.250291 -0.389759 -0.313131 -0.030874 -0.071635 -0.159428 -0.100831 0.024848
-0.314967 -0.344663 0.254805 0.353976 0.058007 0.056458 0.001065 0.139246 -0.114751 -0.234482 -0.107857 -0.222584 0.067682 0.031799 0.204702 0.139452 -0.168067 0.051048 0.150562 -0.127258 0.309092 0.180186 0.512501 0.302369 0.535515 0.424931 0.257402 0.172557 0.082297 0.090004 1.000000 0.500129 -0.204302 0.166420 0.192577 -0.045732 -0.007913 -0.095579 0.090623 0.005262 0.122762 0.164345 -0.067348 -0.106797 -0.041341 -0.019393 -0.117846 -0.138731 -0.270593 -0.048340 -0.156072 -0.113634 -0.259872 -0.163175 -0.301497 -0.038225 -0.325528 -0.141784 -0.237224 -0.364426 -0.021334 -0.070045 -0.121087 -0.066326 0.221606 0.042885 -0.120935 0.034723 -0.165017 -0.281281 -0.021812 0.100272 0.005380 -0.014727 0.139600 0.143285 -0.119815 -0.127891 0.074033 0.103306 0.015014 0.007591 0.155131 0.213040 0.303657 0.124316 0.135506 0.150664 0.249573 -0.006326 -0.199126 -0.175327 0.043786 -0.144336 -0.004029 0.254504 -0.046405 -0.251049 -0.358880 -0.269642 0.393790 -0.093115 -0.124661 -0.471984 -0.210154 -0.240328 0.083595 -0.100876 -0.014060 -0.014215 -0.018428 -0.257994 -0.155756 0.076143 -0.034775 -0.133406
-0.415171 -0.170465 0.047997 0.517738 0.038639 0.107208 -0.070280 0.540907 -0.045406 0.078731 0.048875 0.059888 0.178954 0.224264 0.187540 0.327348 0.000587 0.084814 -0.021226 0.031366 0.112106 0.103156 0.006086 0.321268 0.188232 0.299317 -0.093267 -0.066263 0.218626 0.450134 0.500129 1.000000 -0.215682 0.308181 -0.174446 0.165959 -0.083072 0.066551 -0.369229 -0.195017 0.247829 0.059034 -0.226438 -0.210859 -0.090391 -0.024228 -0.416081 -0.231680 -0.521287 -0.017433 -0.279405 -0.138677 -0.087202 -0.110781 -0.239839 -0.137674 -0.286052 -0.211393 -0.367381 -0.302261 -0.042520 0.056831 -0.012738 0.098692 -0.017927 0.175983 -0.424604 -0.000254 -0.320368 -0.253086 -0.114237 0.361066 0.204797 0.199128 0.137657 0.303889 0.047156 -0.084748 0.359118 0.193294 0.301717 0.178918 0.236743 0.486913 0.355743 0.327801 -0.235276 -0.123670 0.182533 -0.010950 -0.163073 -0.335787 0.218188 -0.360799 -0.321191 0.157495 -0.381800 -0.222398 -0.506102 -0.276368 0.233817 -0.201832 -0.295823 -0.551081 -0.342411 -0.350440 0.291981 -0.267729 -0.221502 -0.316101 -0.258733 -0.174439 0.000505 -0.014785 -0.032793 -0.132400
-0.024147 -0.051113 -0.104335 -0.223611 -0.326958 -0.019832 -0.084306 -0.087635 -0.304542 -0.012697 -0.295582 -0.181004 -0.382875 -0.433836 -0.502319 -0.366913 0.078251 0.061397 0.285800 0.216201 -0.200625 -0.022899 -0.311771 -0.385529 -0.122990 -0.191892 -0.185533 -0.045781 -0.104268 0.232720 -0.204302 -0.215682 1.000000 0.307012 0.235182 0.094790 -0.215196 0.127689 -0.183685 -0.094547 0.132648 -0.134471 0.428140 0.415587 0.495825 0.471404 0.300809 0.089367 0.103907 0.344299 0.058736 0.259509 -0.206368 0.107570 0.118158 0.104238 0.414905 0.184990 0.027773 0.128781 -0.189241 0.071997 0.183532 0.194246 -0.286312 -0.102215 0.279463 0.200937 0.303341 0.220641 0.063666 0.141751 0.252373 0.098877 0.202940 0.156523 0.106566 0.282855 -0.087914 -0.139856 -0.071849 -0.057191 -0.418077 -0.233391 -0.368082 -0.214941 -0.079654 -0.266470 -0.384957 -0.052308 -0.202753 -0.280473 -0.226228 -0.144953 -0.066119 0.038693 -0.049940 0.297421 0.267803 0.100325 -0.001935 -0.004291 -0.060235 0.126718 -0.036292 0.255256 0.096253 -0.084002 -0.221463 0.037878 -0.216376 0.187500 0.194859 0.027579 -0.105324 0.371564
-0.223412 -0.144996 0.073769 0.248916 -0.191003 -0.063916 -0.098134 0.301873 -0.191158 -0.161938 -0.154914 0.093110 -0.129091 -0.021014 -0.272014 -0.178495 0.069776 0.068403 0.171292 0.267229 -0.164908 0.051123 -0.161929 0.062346 -0.177096 -0.065756 -0.147145 0.034509 -0.184172 0.204128 0.166420 0.308181 0.307012 1.000000 0.044247 0.262901 -0.210997 0.229794 -0.288844 -0.170122 0.130567 -0.017843 0.032890 0.062220 0.192664 0.262522 -0.206217 -0.308702 -0.184374 0.131809 0.150000 -0.018688 -0.202648 -0.230288 -0.034922 -0.177461 0.219566 0.012524 -0.277587 -0.136287 -0.002510 0.103980 0.223832 0.266850 -0.252526 0.203684 -0.040224 0.231287 0.093658 -0.013088 0.023814 0.312832 0.388551 0.507789 0.418624 0.435709 0.300876 0.187594 0.115116 -0.028784 0.024632 -0.007793 -0.520823 -0.074012 -0.118264 -0.031167 -0.336652 -0.428110 0.026113 0.082733 -0.279799 -0.390979 -0.021575 -0.340804 -0.311637 0.175799 -0.329170 0.021305 -0.181540 0.002327 0.154951 -0.114372 -0.227248 -0.191037 -0.133650 0.050284 0.092773 -0.143791 -0.558482 -0.112426 -0.284605 0.079487 0.247611 0.297108 -0.135321 0.302427
-0.026323 -0.198464 0.034283 0.134914 -0.047960 0.177383 -0.084332 -0.028083 -0.018354 0.081817 -0.170613 -0.238714 -0.173907 -0.061889 -0.006684 0.054480 -0.302896 -0.376041 -0.040412 -0.132215 -0.008622 0.208095 0.416367 0.285197 0.389587 0.431907 0.496881 0.440986 -0.382216 -0.237984 0.192577 -0.174446 0.235182 0.044247 1.000000 0.063432 -0.150982 -0.092772 0.223737 0.251281 -0.090381 -0.000373 -0.048428 -0.084267 0.000820 0.225471 -0.078084 -0.161350 -0.161449 -0.190477 0.045204 -0.124441 -0.508914 -0.241037 -0.244609 -0.157022 -0.033890 -0.003427 0.078383 -0.126180 -0.081863 0.153012 -0.327080 -0.360055 0.237029 0.280347 0.276884 0.536843 0.327868 0.216214 -0.056766 0.169264 -0.430359 -0.066983 -0.283522 -0.035597 -0.121664 0.033784 -0.408762 -0.399292 -0.438982 -0.371840 -0.050211 -0.267831 -0.069828 -0.105329 0.136337 0.286132 0.035245 -0.070418 -0.067927 -0.134654 0.051197 0.075851 0.385096 -0.064856 0.125594 0.033326 -0.174252 -0.099641 -0.235632 -0.030092 -0.064053 0.188428 0.152380 0.339173 -0.138972 -0.024045 0.048928 0.098476 0.138283 -0.096585 -0.039397 0.256374 0.186809 0.265971
-0.166914 -0.062608 0.029688 0.049316 -0.178131 0.128666 -0.070600 0.281326 -0.227728 -0.054718 -0.355883 0.150199 -0.052669 0.037273 -0.361662 0.002884 0.021086 0.092813 0.138579 -0.133456 -0.237406 -0.053697 -0.275990 -0.221040 -0.001450 -0.024337 -0.207326 -0.086265 -0.000049 0.351419 -0.045732 0.165959 0.094790 0.262901 0.063432 1.000000 0.153279 0.448686 -0.234466 -0.175002 -0.086933 -0.069653 -0.068115 -0.176600 0.224953 0.405868 -0.178801 -0.193384 -0.463996 0.138789 -0.246046 -0.301115 -0.161558 -0.037096 0.033211 0.031456 0.066484 -0.007497 -0.363218 0.097123 -0.347603 -0.104936 0.104365 0.137462 -0.114732 0.111200 0.048113 0.318216 -0.015401 -0.177490 -0.011402 0.093040 0.085463 0.164668 0.059072 0.101400 -0.006198 0.046366 0.332449 0.153563 0.311882 0.278206 -0.147085 0.086811 0.106251 0.225935 -0.176392 -0.174701 -0.274468 -0.161699 -0.102980 -0.245666 0.234768 -0.143069 0.042595 0.097279 -0.122383 0.209023 -0.070406 -0.001345 0.032157 0.026018 0.091667 -0.093881 0.097032 -0.125271 0.251351 -0.109381 -0.148342 -0.339617 0.059682 0.013582 0.043063 0.038251 0.014763 0.048263
