1.000000 0.381255 -0.058757 -0.374210 0.100916 -0.235629 0.209853 -0.158680 -0.087860 -0.246158 0.381414 0.371894 0.280240 0.057037 -0.078671 0.177451 0.044329 0.101447 0.340313 0.150056 -0.108429 -0.235747 -0.305694 -0.294785 -0.355890 -0.448510 -0.244971 -0.116565 0.285302 0.112224 -0.365605 -0.479843 0.075577 -0.177437 -0.313036 -0.198702 0.165557 0.039767 0.076901 0.105530 0.196121 0.083744 -0.062754 -0.065314 -0.252479 -0.317312 -0.094395 -0.040199 0.126954 -0.175008 -0.223021 0.012453 0.295146 0.021042 0.079083 -0.220422 0.600692 0.038828 0.499546 0.145341 0.460834 0.064628 0.214078 0.221412 -0.233208 -0.124976 0.062986 -0.302732 -0.150624 -0.253330 0.051775 -0.364301 0.242440 0.154004 0.248711 0.173058 0.281525 -0.239781 -0.365214 -0.305070 -0.159654 -0.063697 -0.239238 0.083797 -0.100304 -0.142136 -0.090277 -0.081123 0.174058 0.106761 0.064781 0.260187 -0.051663 0.118114 0.114509 0.314331 -0.158729 -0.044009 0.025816 0.436040 0.211781 0.383820 0.155502 0.354812 -0.206525 -0.167091 -0.256537 -0.162118 0.129936 -0.013829 -0.420514 -0.130079 0.138402 -0.229183 -0.039897 -0.152354
0.381255 1.000000 -0.014714 -0.261722 -0.087832 -0.188108 0.037122 -0.113828 0.030564 -0.307704 0.315996 0.116972 0.270187 -0.137907 -0.176472 0.059051 0.282605 0.203194 0.056555 0.235562 -0.024386 -0.053972 -0.232832 -0.330461 -0.135481 -0.354283 -0.010393 0.021050 0.204119 0.112960 -0.024977 -0.328060 0.283962 -0.149961 -0.271472 -0.419831 0.018582 -0.010457 0.196506 0.097541 0.166733 0.099383 -0.350233 -0.274355 -0.423288 -0.573209 -0.264097 -0.398177 0.033086 -0.325067 -0.190128 -0.017306 0.288009 0.032396 0.273378 -0.309204 0.520913 0.504075 0.553008 0.371106 0.379437 0.059147 0.269369 0.315062 -0.349104 -0.240727 0.134582 -0.416920 0.292479 0.200794 -0.085512 -0.334472 0.219011 0.223542 0.288187 -0.061858 0.124378 -0.364657 -0.077039 0.112621 0.114335 0.137565 -0.155154 -0.182379 -0.153184 -0.044299 -0.220168 -0.231505 0.042569 0.371046 -0.131573 0.096757 -0.266287 -0.024160 0.168565 0.285250 -0.037510 -0.166083 -0.281483 0.085948 0.273449 0.354507 0.194992 0.211168 -0.123853 0.101858 -0.024271 -0.065913 0.257461 0.105531 -0.429563 -0.267828 -0.136512 -0.083437 -0.004603 0.102740
-0.058757 -0.014714 1.000000 0.230830 0.009309 0.350837 0.437631 0.231969 0.079896 -0.067387 0.104375 0.182564 0.307300 0.074349 0.200857 0.009945 -0.262890 -0.227780 0.063283 0.048120 0.040276 0.090898 0.534299 0.218021 0.177232 0.082905 0.236544 0.283685 -0.290281 -0.290759 0.300731 0.102070 -0.314608 -0.082958 0.167767 0.072881 -0.250350 -0.203508 0.061074 0.135785 -0.249726 -0.267317 -0.108014 0.038946 -0.206457 0.066019 -0.110324 0.049078 -0.236012 -0.163954 0.223196 -0.163313 -0.097689 -0.200627 0.038576 -0.001513 -0.279494 -0.191558 0.062456 -0.190396 -0.045771 -0.069554 -0.236216 -0.170055 0.096476 0.235867 -0.082269 0.082877 -0.164540 -0.041839 -0.135261 0.048571 -0.337640 -0.307543 -0.213930 0.081386 -0.241341 -0.095833 -0.358719 -0.153364 -0.246529 -0.311139 0.006045 -0.309393 -0.189484 -0.244247 -0.081399 -0.254775 0.071831 -0.116854 0.088302 0.161544 0.072470 0.054468 0.194355 0.008569 0.212451 0.156476 -0.253063 -0.240166 -0.031960 0.031262 0.105611 -0.092049 -0.057002 0.098277 -0.034564 -0.061424 0.064174 -0.081250 0.272282 -0.042713 0.019817 0.003190 0.052017 -0.058917
-0.374210 -0.261722 0.230830 1.000000 0.044640 0.042924 -0.069505 0.518719 -0.191647 -0.208998 -0.461423 -0.176350 -0.319545 -0.097012 -0.063295 -0.122114 -0.367850 -0.133998 -0.164980 0.045558 0.072684 0.193736 0.481089 0.832658 0.310396 0.639618 0.419312 0.406423 -0.550905 -0.441344 0.412542 0.683542 -0.305859 0.156558 0.504822 0.449752 -0.222348 -0.105714 0.085813 -0.124576 0.030656 0.034442 -0.128179 -0.068947 -0.094776 0.230799 -0.192308 -0.085800 -0.607072 -0.272846 0.191480 -0.372314 -0.254478 -0.296033 -0.190889 0.013040 -0.484224 -0.131716 -0.427704 -0.490881 -0.473325 -0.130145 -0.296625 -0.267436 0.479658 0.587962 -0.330921 0.490684 -0.162965 0.098959 0.041571 0.216659 -0.341852 0.017889 0.187908 0.092663 -0.285762 0.194410 0.152281 0.098578 -0.252816 -0.098896 0.093578 0.101812 0.120363 0.343087 0.174872 0.174363 0.075458 0.030677 -0.133885 -0.270361 0.446690 -0.060308 -0.037623 -0.027947 -0.155715 -0.011906 -0.229382 -0.441997 -0.186311 -0.410045 -0.009305 -0.525087 -0.165280 0.011250 0.007078 -0.019151 -0.240363 -0.113727 0.010799 0.045512 -0.271672 -0.131624 -0.183187 -0.101303
0.100916 -0.087832 0.009309 0.044640 1.000000 0.154602 0.250716 -0.187231 0.277387 0.026506 0.109780 -0.015717 0.173324 -0.018958 0.131034 -0.118060 -0.143780 -0.021198 0.007361 0.151199 0.043818 -0.137102 0.149176 0.141811 -0.291725 -0.042388 0.317690 0.384585 -0.166759 -0.262966 -0.268093 -0.055734 -0.060407 -0.254077 0.186103 0.053600 -0.185417 -0.037663 -0.096392 -0.169038 -0.078191 -0.060896 0.200577 0.225854 0.260707 0.122835 0.264838 0.169336 0.191699 0.304844 0.334516 0.284709 0.130913 0.233254 0.021221 0.099858 -0.095178 -0.237354 -0.118791 -0.244462 -0.058730 -0.126781 -0.403474 -0.448443 0.370680 0.188015 -0.199067 -0.052346 -0.036538 -0.337262 -0.072015 -0.065482 -0.331259 -0.122053 -0.141689 0.143270 -0.076603 0.014615 -0.040943 0.093256 -0.246771 -0.234771 -0.027508 -0.015218 0.011825 0.006479 0.319332 0.196030 0.172346 0.022316 -0.079268 0.004006 0.064681 0.045461 -0.196850 0.046014 -0.214357 -0.038626 0.266280 -0.054894 -0.024042 -0.188187 -0.180665 -0.126038 -0.048996 -0.149624 -0.094336 -0.068756 0.100167 -0.060822 -0.076435 -0.102422 0.205005 0.062781 -0.074709 0.066988
-0.235629 -0.188108 0.350837 0.042924 0.154602 1.000000 0.120054 -0.046701 0.211646 0.089606 0.209746 0.119388 0.255659 0.095247 0.205198 0.308252 -0.102417 0.050134 -0.289614 -0.071903 0.084829 0.175738 0.273521 0.127725 0.040681 0.134516 0.379464 0.311835 -0.348558 0.075110 0.022411 0.039751 -0.322501 -0.072794 0.048326 0.149147 0.121913 -0.036926 0.073334 0.046126 0.102099 -0.041596 0.042295 0.048391 -0.008340 0.014306 0.172903 0.081134 0.048091 0.101695 0.336865 0.100376 0.124095 0.068759 0.200742 0.063616 0.005402 -0.073443 -0.009077 -0.086808 -0.037406 -0.084985 -0.106941 -0.175219 -0.087568 0.043409 -0.081900 -0.079683 0.052363 -0.012213 -0.032224 0.135107 -0.119598 -0.177660 -0.198669 0.180431 -0.116332 0.032392 0.037890 0.084674 -0.084560 -0.082082 -0.217917 -0.102686 -0.329636 -0.150429 -0.208336 -0.134505 -0.031251 -0.097889 -0.017012 -0.071620 0.110829 0.020653 -0.142584 -0.287935 0.190404 0.040073 -0.000222 -0.153407 0.147569 -0.130254 -0.071752 -0.067557 0.199658 0.016404 0.084833 -0.017278 -0.133236 0.125713 0.322601 -0.099917 0.095112 -0.092043 0.033024 -0.121199
0.209853 0.037122 0.437631 -0.069505 0.250716 0.120054 1.000000 0.010576 0.340770 -0.020628 0.190691 0.138136 0.428498 0.022278 0.284774 -0.042554 -0.165505 -0.363381 0.438808 0.209411 -0.193720 -0.139572 0.126276 0.008052 -0.203703 -0.248466 -0.089293 0.165777 0.055838 -0.339725 -0.053683 -0.223766 -0.105307 -0.397043 0.047947 -0.221623 -0.174805 -0.100478 -0.097101 0.061677 -0.299301 -0.361624 0.049569 -0.023417 -0.084039 -0.143046 0.112032 0.099056 0.139434 0.126519 0.145511 0.255486 0.196132 0.228441 0.008004 0.093137 -0.144357 -0.434617 0.011827 -0.120849 0.277516 -0.118920 -0.095730 -0.203252 0.289785 0.094958 -0.149279 -0.181755 -0.209390 -0.304190 0.000995 -0.277171 -0.208541 -0.285219 -0.153792 -0.030511 0.019915 -0.259698 -0.498425 -0.356138 -0.262277 -0.489134 0.067481 -0.127509 0.034433 -0.108766 0.052834 -0.308155 0.300069 0.011695 0.241388 0.426101 -0.008560 0.269665 0.172124 0.191361 -0.055435 0.199102 0.059357 -0.041007 -0.187410 0.127004 -0.216103 0.105078 -0.178138 -0.030558 -0.124640 -0.109854 0.088870 -0.054532 -0.066480 0.001289 0.251163 -0.031767 0.174525 0.120262
-0.158680 -0.113828 0.231969 0.518719 -0.187231 -0.046701 0.010576 1.000000 -0.217435 0.147621 -0.094305 0.358295 -0.044990 0.318107 -0.279542 0.021689 -0.256712 -0.035525 -0.279589 -0.463850 0.254509 0.363033 -0.085380 0.191317 0.363688 0.387130 0.078699 0.111164 -0.397271 -0.014722 0.180743 0.460356 -0.176282 0.427287 0.098223 0.219404 -0.029257 0.018375 -0.161910 0.015122 0.057894 0.042803 -0.336535 -0.307718 -0.252079 0.058817 -0.528442 -0.406248 -0.434692 -0.349561 -0.261745 -0.454040 -0.260114 -0.488432 0.007028 -0.216098 -0.314100 -0.090186 -0.013544 0.067109 -0.002612 0.418986 0.182119 0.385681 0.179856 0.383533 0.228566 0.384062 -0.152856 0.096515 0.013014 0.304615 -0.007445 0.150936 0.103884 0.014974 -0.242157 0.160487 -0.153172 -0.137585 -0.227668 0.034769 -0.091711 0.054892 -0.111054 0.053332 -0.119681 -0.127931 0.029626 0.016904 -0.094744 -0.359849 0.178801 -0.264518 0.002586 0.121259 -0.150104 -0.053817 -0.533001 -0.276372 0.008839 0.025349 0.066884 -0.269603 -0.024447 -0.078534 -0.026919 -0.165880 -0.158932 -0.347563 -0.021421 -0.147339 -0.323602 -0.111285 -0.087768 -0.152023
-0.087860 0.030564 0.079896 -0.191647 0.277387 0.211646 0.340770 -0.217435 1.000000 0.086175 0.383811 0.085645 0.485894 0.138832 0.362993 0.073953 0.027634 -0.035464 0.019538 0.137831 -0.058254 0.072003 0.157486 -0.147202 -0.117961 -0.158046 0.054106 0.056718 -0.090057 -0.251908 -0.113951 -0.249717 -0.046969 -0.309855 0.048060 -0.116748 -0.152556 -0.226103 -0.111108 0.058831 -0.080459 -0.058638 -0.129761 -0.113943 -0.098233 -0.171658 0.012642 -0.071723 0.219401 0.185136 0.207720 0.294464 0.294541 0.214501 0.187626 0.111672 0.027607 -0.067916 0.101242 0.165107 0.354077 0.132211 -0.132774 -0.096871 0.217280 -0.008538 -0.067630 -0.200675 -0.138142 -0.020088 -0.061766 -0.011559 -0.303753 -0.168890 -0.322886 -0.143134 -0.127072 -0.182204 -0.232608 -0.181591 -0.063720 -0.347794 -0.117119 -0.213734 -0.048203 -0.027590 -0.055093 -0.179021 0.265203 0.101510 0.106842 0.165190 -0.255528 0.241910 -0.032037 -0.095743 0.009173 -0.073891 0.030261 -0.140824 -0.118488 0.203514 -0.370164 0.031740 0.014980 0.021044 0.141561 0.211378 -0.001078 -0.076511 -0.016514 -0.231810 0.003914 -0.191477 0.098276 0.169362
-0.246158 -0.307704 -0.067387 -0.208998 0.026506 0.089606 -0.020628 0.147621 0.086175 1.000000 0.149144 0.450631 0.077191 0.572308 -0.064303 0.181175 0.077404 -0.200416 -0.233482 -0.358189 0.084098 -0.033719 -0.355137 -0.327960 0.273333 0.075219 -0.244152 -0.528395 0.168888 0.214020 0.023592 0.158244 0.047652 0.441094 -0.143670 0.033321 -0.098692 -0.102963 -0.393565 -0.239966 -0.209602 -0.007476 -0.117984 -0.206976 0.198143 0.093667 -0.105882 -0.152853 0.276449 0.197029 -0.109769 -0.000134 0.066434 0.004898 -0.069181 -0.120980 -0.133588 -0.159366 -0.124637 0.181176 0.269975 0.584531 -0.008810 0.245647 0.041813 -0.078797 0.254621 0.099894 -0.099921 0.204321 -0.026366 0.190470 -0.008437 -0.098422 -0.431982 0.019514 -0.187547 0.193561 0.068268 0.042586 0.213913 -0.010185 0.090756 0.113554 -0.008908 -0.279094 -0.121964 -0.295153 -0.203709 -0.284915 0.053503 -0.199099 -0.144363 -0.166182 0.065414 -0.185651 -0.132913 0.037594 -0.097679 -0.295653 -0.215155 -0.058599 -0.210842 0.054549 0.172634 -0.009116 0.106818 -0.059976 -0.044504 0.022503 0.064114 -0.168869 -0.138770 -0.021989 0.054827 0.227424
0.381414 0.315996 0.104375 -0.461423 0.109780 0.209746 0.190691 -0.094305 0.383811 0.149144 1.000000 0.550670 0.735975 0.441448 0.267097 0.525720 0.097441 0.075524 -0.057323 -0.148587 -0.010667 -0.009884 -0.188724 -0.417870 -0.207550 -0.326866 -0.090494 -0.242026 0.071257 0.263759 -0.287220 -0.406381 -0.084732 -0.079538 -0.382232 -0.201117 0.193215 -0.009622 0.040684 0.064787 0.164480 0.093272 -0.229655 -0.214993 -0.241184 -0.406010 -0.215959 -0.344780 0.327133 -0.023123 -0.047933 0.049458 0.385297 0.005241 0.434661 -0.233271 0.308185 0.003485 0.524937 0.450009 0.690576 0.404158 0.240107 0.381024 -0.205014 -0.193956 0.191174 -0.350421 -0.251442 -0.136218 -0.131350 -0.117218 0.123595 0.119647 -0.040399 0.104639 -0.015798 -0.414325 -0.430461 -0.274097 -0.170623 -0.145001 -0.329331 -0.151245 -0.260130 -0.197919 -0.195097 -0.301675 0.120618 0.086031 -0.062186 0.021826 -0.172918 0.145144 0.130662 0.084775 -0.118787 -0.335173 -0.183435 0.061123 0.161447 0.319611 -0.173160 0.183374 0.039511 -0.083237 0.106513 0.058362 0.214550 -0.032828 -0.315748 -0.415890 -0.092969 -0.190592 0.050329 0.034385
0.371894 0.116972 0.182564 -0.176350 -0.015717 0.119388 0.138136 0.358295 0.085645 0.450631 0.550670 1.000000 0.443850 0.741825 -0.088207 0.475690 -0.183666 -0.085845 -0.165456 -0.397118 0.118074 0.019092 -0.374320 -0.295788 -0.022401 -0.110540 -0.204907 -0.313631 -0.051408 0.133915 -0.180368 -0.120732 -0.167605 0.181240 -0.206877 0.054377 0.072585 -0.022488 -0.254962 0.048907 0.148702 0.081333 -0.389206 -0.351850 -0.267442 -0.233121 -0.430191 -0.468416 0.129635 -0.223930 -0.181421 -0.130550 0.259207 -0.184857 0.326308 -0.252869 0.086161 -0.179374 0.365044 0.354482 0.624250 0.743888 0.065760 0.458858 -0.050486 0.212578 0.293938 -0.006706 -0.307403 -0.005302 -0.134527 0.075715 0.009741 0.128351 -0.076048 0.132701 -0.225595 -0.061973 -0.374154 -0.301728 -0.254301 -0.257883 -0.312752 -0.157402 -0.241394 -0.224154 -0.215611 -0.343150 0.094543 0.126795 0.082248 -0.055063 0.002563 -0.048629 0.290642 -0.027331 -0.124891 -0.174132 -0.336626 -0.124364 0.150112 0.269101 -0.097388 0.048538 -0.086175 -0.138346 0.038802 -0.106658 0.142189 -0.204264 -0.301358 -0.360666 -0.059572 -0.290515 0.082241 -0.031187
0.280240 0.270187 0.307300 -0.319545 0.173324 0.255659 0.428498 -0.044990 0.485894 0.077191 0.735975 0.443850 1.000000 0.377970 0.321467 0.305815 -0.096444 -0.025415 0.066896 -0.014689 -0.040828 0.067330 -0.078447 -0.376214 -0.185893 -0.415308 -0.064719 -0.037337 0.004467 0.054905 -0.233240 -0.477490 -0.182292 -0.219445 -0.227675 -0.309262 -0.069370 -0.036927 -0.002332 0.041615 0.003889 -0.001912 -0.093164 -0.041620 -0.194908 -0.329221 -0.012204 -0.150472 0.318543 0.091132 0.074329 0.210031 0.393170 0.156063 0.357777 -0.064544 0.140948 0.010619 0.473568 0.290165 0.643207 0.286588 0.044508 0.150997 -0.009286 -0.021983 0.079830 -0.374268 -0.161130 -0.166757 -0.181362 -0.175197 -0.048351 -0.006377 -0.145175 0.114124 -0.186839 -0.407747 -0.410066 -0.286782 -0.359194 -0.326405 -0.508983 -0.337441 -0.350332 -0.287893 -0.141698 -0.324250 0.086732 0.034200 0.073222 0.123356 -0.160802 0.123008 0.185190 0.090578 -0.027762 -0.138726 -0.142532 -0.092730 0.174875 0.286028 -0.082641 0.148935 0.064186 -0.036396 0.055460 0.046352 0.199530 -0.007859 -0.112095 -0.252597 -0.115742 -0.188505 0.115743 0.129132
0.057037 -0.137907 0.074349 -0.097012 -0.018958 0.095247 0.022278 0.318107 0.138832 0.572308 0.441448 0.741825 0.377970 1.000000 -0.031331 0.474863 -0.221392 -0.152162 -0.190145 -0.409547 -0.001016 -0.047531 -0.292622 -0.188158 -0.025530 -0.014471 -0.197384 -0.353090 -0.104954 0.096545 -0.187860 -0.079434 -0.277964 0.181897 0.001198 0.203964 -0.026158 -0.050533 -0.252554 0.019036 0.060345 0.094705 -0.282787 -0.231705 -0.086591 -0.063274 -0.283644 -0.362003 0.093370 -0.052960 0.058862 -0.069958 0.203821 -0.025587 0.260106 -0.168649 -0.146468 -0.203560 0.155793 0.224751 0.461147 0.754969 -0.159651 0.348115 0.151757 0.332099 0.157300 0.113492 -0.306123 -0.046984 -0.287486 0.034516 -0.075211 0.055080 -0.155483 0.033125 -0.372107 -0.135998 -0.235440 -0.258823 -0.268922 -0.275001 -0.185422 -0.150683 -0.097463 -0.153709 0.002505 -0.154248 0.080409 0.075849 0.118369 -0.077892 0.111399 -0.017283 0.072369 -0.128265 -0.073506 -0.204455 -0.187801 -0.285337 0.111779 0.112714 -0.170217 -0.101033 0.125560 -0.118747 0.158300 0.009874 0.096709 -0.117635 -0.130379 -0.372872 -0.208275 -0.079373 0.140593 -0.052570
-0.078671 -0.176472 0.200857 -0.063295 0.131034 0.205198 0.284774 -0.279542 0.362993 -0.064303 0.267097 -0.088207 0.321467 -0.031331 1.000000 0.162448 -0.190059 -0.070696 0.299189 0.313501 -0.196579 -0.055044 0.466306 0.080706 -0.180626 -0.197363 0.031212 0.023738 0.175005 -0.160657 0.134185 -0.155185 -0.157170 -0.396387 -0.081642 -0.144163 -0.021850 -0.002949 0.081160 0.032156 -0.122297 -0.137919 0.097255 0.119944 -0.059217 -0.169310 0.215309 0.162629 0.137411 0.235770 0.308473 0.376269 0.165899 0.258105 0.325805 0.308722 -0.099261 -0.266119 -0.161377 -0.148505 0.047707 -0.263445 -0.168637 -0.354639 0.145183 -0.079363 -0.479809 -0.351697 -0.221268 -0.161990 -0.051510 -0.078920 -0.257892 -0.166191 -0.129035 -0.206889 -0.116742 -0.276275 -0.240642 -0.123395 -0.220374 -0.426252 0.219088 -0.035839 0.072901 0.086038 0.375413 0.022080 0.284265 0.082580 0.212476 0.369673 -0.128982 0.370405 0.143607 -0.004863 0.086884 0.155110 0.189941 0.089983 -0.153728 -0.170586 -0.263007 -0.113000 -0.043107 0.000869 0.014215 0.208034 0.037264 0.054125 -0.014589 -0.112287 0.015746 0.073924 0.043948 0.189045
0.177451 0.059051 0.009945 -0.122114 -0.118060 0.308252 -0.042554 0.021689 0.073953 0.181175 0.525720 0.475690 0.305815 0.474863 0.162448 1.000000 -0.067268 -0.141102 -0.197527 -0.155842 0.024731 0.118253 -0.152468 -0.077510 0.002965 -0.010434 0.005634 -0.181180 0.008271 0.333422 -0.054563 -0.022161 -0.267019 0.103799 -0.193931 0.147740 0.041493 -0.084872 0.092843 0.108628 0.098045 0.038351 -0.279323 -0.267941 -0.230893 -0.244999 -0.214292 -0.321120 0.069421 -0.205218 0.049509 -0.141712 0.351331 -0.027709 0.437669 -0.175690 0.187844 -0.109437 0.283584 0.151417 0.455486 0.352400 0.053537 0.243334 -0.148128 0.008627 0.131478 -0.015254 -0.101797 0.037346 -0.112690 -0.025991 -0.021628 -0.066631 -0.168579 -0.023013 -0.229485 -0.095560 -0.285655 -0.212256 -0.182981 -0.151363 -0.137129 0.187583 -0.186991 0.056524 -0.114149 -0.120608 0.072018 0.126407 -0.026157 -0.072809 0.103018 0.054270 0.201799 -0.279863 0.040138 -0.282778 -0.222647 -0.117872 0.059284 0.151988 -0.187076 0.045759 -0.149231 -0.293163 -0.027693 -0.010859 -0.002309 0.031547 -0.107790 -0.349859 -0.182516 -0.330795 -0.038773 -0.248909
0.044329 0.282605 -0.262890 -0.367850 -0.143780 -0.102417 -0.165505 -0.256712 0.027634 0.077404 0.097441 -0.183666 -0.096444 -0.221392 -0.190059 -0.067268 1.000000 0.254009 0.115562 0.310938 -0.087501 -0.145818 -0.418468 -0.456048 -0.175454 -0.389211 -0.252211 -0.379495 0.510394 0.439961 -0.193525 -0.308430 0.537956 0.146189 -0.418228 -0.342662 0.300855 0.136085 0.004497 -0.028992 0.069475 0.099315 0.066255 -0.013341 -0.103692 -0.244316 0.016033 0.096543 0.121433 0.020792 -0.396430 -0.036480 -0.102008 -0.022509 -0.289816 -0.300302 0.435783 0.378628 0.116506 0.090179 0.158543 -0.078464 0.538504 0.312188 -0.455446 -0.610062 0.089361 -0.324643 0.307425 0.345268 0.111314 0.021647 0.536464 0.072485 0.090938 0.249127 0.567015 -0.059557 0.314806 0.173163 0.818984 0.525583 0.209726 0.029837 0.078664 -0.247651 -0.297327 -0.186511 -0.073458 -0.209945 0.001167 -0.030989 -0.306189 -0.033704 -0.084878 0.070308 -0.135219 0.152441 -0.093723 0.206024 0.127204 0.259700 0.018533 0.359379 0.040840 0.141450 -0.078897 0.091608 0.034749 0.072163 -0.104928 0.040088 -0.098353 0.148408 0.014628 0.159447
0.101447 0.203194 -0.227780 -0.133998 -0.021198 0.050134 -0.363381 -0.035525 -0.035464 -0.200416 0.075524 -0.085845 -0.025415 -0.152162 -0.070696 -0.141102 0.254009 1.000000 -0.106666 0.063108 0.139794 0.186989 -0.172875 -0.212472 -0.091596 -0.173082 0.106624 0.120988 -0.016773 0.397065 -0.068012 -0.163881 0.288717 0.106816 -0.279721 -0.122292 0.464143 0.295238 0.134994 0.100105 0.439239 0.321388 -0.053389 0.082550 0.043606 -0.145296 -0.034921 -0.026755 0.047333 0.058333 -0.053354 0.123860 0.094593 0.067657 0.048929 -0.050582 0.287745 0.420974 0.124326 0.115972 -0.179154 -0.090275 0.393656 0.293283 -0.328132 -0.381383 -0.041697 -0.379968 0.141132 -0.063025 -0.045546 0.128922 0.481886 0.429415 0.324646 0.210423 0.339908 -0.046848 0.343176 0.227301 0.219553 0.563783 -0.247107 -0.034172 -0.241020 -0.215320 -0.204515 0.027219 -0.172697 -0.110481 -0.286895 -0.235103 -0.383169 -0.243115 -0.069424 0.078491 -0.084534 0.015259 0.021633 0.298766 0.289404 0.029780 0.191179 -0.083682 0.061764 0.127241 0.057382 0.009361 0.048217 0.006407 -0.200464 0.012528 -0.021059 0.114396 -0.128103 -0.085593
0.340313 0.056555 0.063283 -0.164980 0.007361 -0.289614 0.438808 -0.279589 0.019538 -0.233482 -0.057323 -0.165456 0.066896 -0.190145 0.299189 -0.197527 0.115562 -0.106666 1.000000 0.587463 -0.303662 -0.486718 0.042157 -0.139385 -0.397401 -0.468138 -0.296383 -0.126997 0.424796 -0.203466 -0.076593 -0.335315 0.225792 -0.356083 -0.126062 -0.368065 -0.086719 0.056501 0.080098 0.005397 -0.208557 -0.057920 0.195330 0.137057 0.006677 -0.203117 0.229462 0.359726 0.104540 0.155973 -0.061853 0.320171 -0.053142 0.350659 -0.162952 0.157257 0.027777 -0.222227 -0.049427 -0.085232 0.005744 -0.372720 0.053045 -0.158106 -0.047819 -0.171910 -0.211375 -0.367345 -0.053558 -0.289399 -0.076042 -0.300430 0.078346 0.034857 0.169914 -0.061790 0.233211 -0.274699 -0.123324 -0.230190 0.109090 -0.193541 0.255798 -0.003469 0.213219 -0.051828 0.252308 -0.015344 0.179569 -0.008723 0.285836 0.598409 -0.130022 0.109597 0.105106 0.173058 -0.061963 0.125103 0.264436 0.293340 -0.223637 -0.001252 -0.119099 0.257462 -0.255971 -0.036143 -0.157667 -0.019610 0.047637 -0.000928 -0.194137 0.207160 0.188859 0.077100 -0.044863 0.100456
0.150056 0.235562 0.048120 0.045558 0.151199 -0.071903 0.209411 -0.463850 0.137831 -0.358189 -0.148587 -0.397118 -0.014689 -0.409547 0.313501 -0.155842 0.310938 0.063108 0.587463 1.000000 -0.244430 -0.251146 0.222884 0.125442 -0.387689 -0.418126 -0.021074 0.050414 0.342126 -0.229578 -0.020764 -0.278818 0.197951 -0.360706 -0.033441 -0.249554 -0.029068 0.022065 0.172790 0.005953 -0.002884 0.024417 0.075760 0.069735 -0.209242 -0.324962 0.198715 0.322862 -0.149356 -0.050935 0.061452 0.148625 0.012903 0.339507 -0.193950 -0.065498 0.128128 0.127369 -0.070985 -0.328504 -0.073730 -0.492533 -0.023320 -0.316085 -0.019437 -0.167976 -0.453513 -0.400367 0.159236 0.105081 -0.012660 -0.265097 0.012665 -0.089514 0.199240 0.119018 0.270373 -0.185824 0.161262 0.100524 0.249912 -0.046709 0.346079 -0.034396 0.213541 0.021612 0.209731 0.040495 0.256137 0.101440 0.200307 0.501643 -0.043698 0.237843 0.029931 0.084236 -0.136349 0.165394 0.153583 0.084552 -0.168766 0.013742 -0.134662 0.138609 -0.186272 0.202896 -0.092484 0.216451 0.072314 0.064624 -0.157256 0.051533 0.073585 0.053472 -0.067471 0.185137
-0.108429 -0.024386 0.040276 0.072684 0.043818 0.084829 -0.193720 0.254509 -0.058254 0.084098 -0.010667 0.118074 -0.040828 -0.001016 -0.196579 0.024731 -0.087501 0.139794 -0.303662 -0.244430 1.000000 0.448460 -0.001174 -0.047696 0.335293 0.224734 0.396448 0.223045 -0.271184 0.221812 0.248199 0.391250 -0.085027 0.378990 0.071189 0.199906 0.039584 -0.035530 0.029457 0.061122 0.229872 0.203495 -0.199015 -0.120821 0.079060 0.118824 -0.186179 -0.195459 -0.135143 -0.131738 -0.265473 -0.262266 -0.140949 -0.199760 -0.018637 -0.152667 -0.122417 0.059761 -0.008537 0.195877 -0.073767 0.267240 0.001551 0.172085 -0.002700 0.032660 0.252380 0.178969 0.018249 0.025783 0.256407 0.391603 0.083595 0.208336 0.009287 0.124117 -0.108096 0.351963 0.103134 0.047158 -0.128741 0.139850 -0.361490 -0.024391 -0.348518 -0.097357 -0.150944 -0.228467 -0.257897 -0.164631 -0.035269 -0.414467 -0.059331 -0.408911 0.142847 -0.444373 0.063345 -0.285496 -0.319069 -0.214424 0.193592 -0.012474 0.119961 -0.210009 0.210012 0.053227 0.410944 0.217538 -0.058554 -0.113103 0.089835 -0.173798 -0.144330 -0.229297 -0.157843 -0.188206
-0.235747 -0.053972 0.090898 0.193736 -0.137102 0.175738 -0.139572 0.363033 0.072003 -0.033719 -0.009884 0.019092 0.067330 -0.047531 -0.055044 0.118253 -0.145818 0.186989 -0.486718 -0.251146 0.448460 1.000000 0.007217 0.075966 0.336564 0.278131 0.190318 0.284723 -0.331513 0.222875 0.226475 0.298333 -0.237029 0.285570 0.011319 0.122598 0.026370 0.050827 0.007550 0.246225 0.272079 0.234708 -0.251449 -0.196522 -0.153159 0.010621 -0.292151 -0.259001 -0.207771 -0.244317 -0.184133 -0.269697 -0.118657 -0.194095 0.015234 -0.179267 -0.090162 0.228992 -0.042320 0.064126 -0.051939 0.200072 0.060318 0.150299 -0.062873 -0.015208 0.134359 0.159504 0.049129 0.216937 0.254220 0.558098 0.092459 0.056088 -0.003547 -0.025889 -0.179979 0.283262 0.023755 -0.011277 -0.159884 0.240152 -0.256593 0.056479 -0.239717 0.078981 -0.312549 -0.069595 -0.287981 -0.018302 -0.160776 -0.400611 -0.091651 -0.288166 0.011553 -0.057717 0.018381 0.136003 -0.553811 -0.345782 0.023854 0.016592 0.022280 -0.232796 0.095333 0.288629 0.316240 0.297353 0.077010 -0.213415 0.220059 -0.033204 -0.312767 -0.203906 -0.094880 0.069417
-0.305694 -0.232832 0.534299 0.481089 0.149176 0.273521 0.126276 -0.085380 0.157486 -0.355137 -0.188724 -0.374320 -0.078447 -0.292622 0.466306 -0.152468 -0.418468 -0.172875 0.042157 0.222884 -0.001174 0.007217 1.000000 0.644569 0.198770 0.401819 0.558602 0.500326 -0.424176 -0.560674 0.480344 0.339710 -0.290086 -0.238871 0.468258 0.236164 -0.323717 -0.292390 0.173796 -0.002030 -0.193395 -0.195401 0.047872 0.173419 -0.010965 0.262234 0.074365 0.149317 -0.312172 0.017489 0.564220 0.002446 -0.064734 -0.017975 0.028781 0.260462 -0.362467 -0.230426 -0.288097 -0.406721 -0.471211 -0.447725 -0.465245 -0.595431 0.371701 0.346951 -0.429911 0.167917 -0.172694 -0.126351 -0.031756 -0.018653 -0.578503 -0.314488 -0.118929 -0.132687 -0.267215 -0.058673 -0.051724 0.019484 -0.336634 -0.362661 0.143875 -0.180463 0.031187 0.226816 0.230647 0.164988 0.178220 0.027223 -0.098877 0.120821 0.206739 0.231000 -0.039234 -0.198468 0.162003 0.037521 0.092446 -0.182420 -0.198074 -0.298926 -0.063561 -0.232741 -0.075220 0.127914 0.076168 0.174278 -0.155741 0.017841 0.287311 0.074587 0.009964 0.084990 -0.063465 -0.084522
-0.294785 -0.330461 0.218021 0.832658 0.141811 0.127725 0.008052 0.191317 -0.147202 -0.327960 -0.417870 -0.295788 -0.376214 -0.188158 0.080706 -0.077510 -0.456048 -0.212472 -0.139385 0.125442 -0.047696 0.075966 0.644569 1.000000 0.126783 0.628454 0.430570 0.460269 -0.505921 -0.567283 0.352518 0.605031 -0.442873 -0.085903 0.559118 0.512724 -0.211978 -0.177951 0.115143 -0.030981 0.004005 -0.081107 -0.003476 0.068078 -0.014883 0.292881 0.030664 0.075511 -0.508846 -0.173821 0.405793 -0.241288 -0.118298 -0.121430 -0.144983 0.113672 -0.459464 -0.289057 -0.474935 -0.610896 -0.488016 -0.328806 -0.459264 -0.527564 0.539238 0.565572 -0.502848 0.454481 -0.245712 -0.085683 0.071167 0.079639 -0.493656 -0.184703 0.080678 0.023454 -0.267796 0.140073 0.086762 0.012663 -0.331599 -0.256126 0.218579 0.197662 0.238687 0.476541 0.307338 0.353573 0.138175 0.101994 -0.066686 -0.084250 0.586469 0.194628 -0.125150 -0.093017 -0.078000 -0.002655 0.031362 -0.339199 -0.236996 -0.335378 -0.108991 -0.456755 -0.150323 0.029884 -0.068895 0.026534 -0.182938 -0.016560 0.092985 0.100458 0.011009 -0.101781 -0.125692 -0.191376
-0.355890 -0.135481 0.177232 0.310396 -0.291725 0.040681 -0.203703 0.363688 -0.117961 0.273333 -0.207550 -0.022401 -0.185893 -0.025530 -0.180626 0.002965 -0.175454 -0.091596 -0.397401 -0.387689 0.335293 0.336564 0.198770 0.126783 1.000000 0.683906 0.366915 0.035515 -0.266476 0.093742 0.689291 0.684781 0.046231 0.620911 0.217569 0.312819 -0.208267 -0.391497 -0.122484 -0.306224 -0.152790 -0.016204 -0.174682 -0.167476 0.076643 0.381018 -0.242976 -0.177918 -0.212031 -0.121243 -0.093415 -0.332961 -0.153160 -0.321320 -0.104633 -0.029715 -0.119041 0.046577 -0.210643 0.050416 -0.246353 0.185572 -0.000117 0.101920 0.002140 0.029388 0.227929 0.405680 0.025854 0.274298 0.192982 0.348504 -0.063101 0.046620 -0.171305 -0.186551 -0.235763 0.360328 0.070782 0.018924 -0.008369 0.122548 -0.127394 0.071218 -0.163738 -0.094924 -0.308209 -0.338912 -0.315114 -0.298843 -0.376559 -0.565094 -0.205997 -0.432528 0.162626 -0.296428 0.096039 -0.021803 -0.362728 -0.396271 -0.229879 -0.277526 0.116913 -0.227119 0.055733 -0.068293 0.154363 -0.082435 -0.344815 0.159022 0.289617 -0.021076 -0.295250 -0.177067 -0.131850 -0.160317
-0.448510 -0.354283 0.082905 0.639618 -0.042388 0.134516 -0.248466 0.387130 -0.158046 0.075219 -0.326866 -0.110540 -0.415308 -0.014471 -0.197363 -0.010434 -0.389211 -0.173082 -0.468138 -0.418126 0.224734 0.278131 0.401819 0.628454 0.683906 1.000000 0.481435 0.295600 -0.581530 -0.237832 0.542119 0.843237 -0.301309 0.325730 0.498192 0.510621 -0.189488 -0.320268 -0.075618 -0.281574 -0.079377 -0.019954 -0.098526 -0.079887 0.164568 0.508659 -0.163651 -0.152008 -0.396757 -0.141142 0.151254 -0.384588 -0.184715 -0.321827 -0.142994 0.097399 -0.352394 -0.135903 -0.387902 -0.209282 -0.428574 0.012220 -0.296440 -0.180934 0.328455 0.405935 -0.000226 0.648166 -0.126635 0.072789 0.215263 0.325352 -0.333844 0.042436 -0.084430 -0.137253 -0.383518 0.404149 0.141175 0.007646 -0.215662 -0.064268 0.009507 0.198564 0.028979 0.274704 -0.067061 0.042235 -0.158006 -0.068166 -0.301433 -0.469312 0.291372 -0.178172 -0.086285 -0.295382 -0.046585 -0.110429 -0.187744 -0.435654 -0.258330 -0.352725 -0.037075 -0.357499 0.005627 -0.018467 0.107760 -0.107039 -0.353754 -0.042691 0.208248 0.045653 -0.255336 -0.088629 -0.240543 -0.190081
-0.244971 -0.010393 0.236544 0.419312 0.317690 0.379464 -0.089293 0.078699 0.054106 -0.244152 -0.090494 -0.204907 -0.064719 -0.197384 0.031212 0.005634 -0.252211 0.106624 -0.296383 -0.021074 0.396448 0.190318 0.558602 0.430570 0.366915 0.481435 1.000000 0.673475 -0.560653 -0.224918 0.396163 0.440273 -0.140381 0.019244 0.472663 0.313554 -0.178313 -0.222398 0.104917 -0.192485 0.072002 0.074914 -0.000453 0.087416 0.107064 0.286278 0.026560 -0.055340 -0.173172 -0.014510 0.363335 -0.066825 0.001443 -0.024111 0.063150 0.116982 -0.123295 0.001091 -0.202792 -0.228724 -0.426968 -0.205533 -0.342891 -0.377619 0.182369 0.309585 -0.130830 0.167017 0.148511 -0.095968 0.087257 0.169283 -0.334245 0.020960 0.003698 0.005131 -0.294055 0.110823 0.111259 0.245051 -0.259104 -0.027240 -0.251263 -0.173337 -0.132920 0.133250 0.015666 -0.110505 0.000946 -0.012905 -0.503154 -0.436019 0.001829 -0.233206 0.058043 -0.416433 0.048284 -0.249500 -0.085240 -0.261532 0.158665 -0.265728 -0.037981 -0.314857 0.142201 -0.034385 0.241391 0.093291 -0.183484 0.053620 0.161496 -0.171287 -0.086498 -0.148494 -0.083706 -0.227335
-0.116565 0.021050 0.283685 0.406423 0.384585 0.311835 0.165777 0.111164 0.056718 -0.528395 -0.242026 -0.313631 -0.037337 -0.353090 0.023738 -0.181180 -0.379495 0.120988 -0.126997 0.050414 0.223045 0.284723 0.500326 0.460269 0.035515 0.295600 0.673475 1.000000 -0.551128 -0.321264 0.170449 0.243016 -0.197252 -0.311027 0.359269 0.123604 -0.059223 0.050280 0.204846 0.040115 0.086748 -0.004722 0.116511 0.202771 0.035159 0.133501 0.144951 0.066304 -0.215231 -0.062381 0.348239 0.053766 -0.009660 0.040621 0.111024 0.217374 -0.190040 0.002590 -0.092424 -0.298072 -0.407142 -0.430113 -0.296510 -0.440719 0.234706 0.303057 -0.194301 0.040623 0.236388 -0.204141 -0.061171 0.094668 -0.298934 -0.047155 0.139547 0.088575 -0.187455 0.031117 0.004355 0.193771 -0.444953 -0.153096 -0.223761 -0.156100 -0.179177 0.143636 0.159270 0.162221 0.154400 0.183157 -0.216029 -0.106371 0.112336 -0.103213 -0.092109 -0.056606 0.136718 -0.056511 0.033794 -0.073172 0.128464 -0.122626 0.058959 -0.181202 0.078106 0.077044 0.153392 -0.003670 -0.044634 -0.052332 0.094919 0.044783 0.162993 -0.003969 -0.044571 -0.178032
0.285302 0.204119 -0.290281 -0.550905 -0.166759 -0.348558 0.055838 -0.397271 -0.090057 0.168888 0.071257 -0.051408 0.004467 -0.104954 0.175005 0.008271 0.510394 -0.016773 0.424796 0.342126 -0.271184 -0.331513 -0.424176 -0.505921 -0.266476 -0.581530 -0.560653 -0.551128 1.000000 0.372311 -0.193237 -0.447199 0.429725 -0.078030 -0.535539 -0.440296 0.234861 0.186773 0.051127 -0.039630 0.022384 0.081906 -0.021361 -0.118204 -0.123302 -0.394217 0.073943 0.063751 0.234999 0.032132 -0.305506 0.179986 0.179584 0.291023 -0.036801 -0.019169 0.393337 0.175222 0.091646 0.088163 0.296301 -0.069711 0.341406 0.142305 -0.342047 -0.579133 -0.058860 -0.483900 0.107870 0.073103 0.057424 -0.198516 0.457441 0.013457 -0.045044 -0.112796 0.384484 -0.187158 0.077779 -0.074926 0.513169 0.159276 0.367301 0.211838 0.192286 -0.112418 0.054715 -0.114868 0.092446 -0.032772 0.319022 0.372326 -0.288615 0.196714 0.073691 0.188591 -0.011899 0.198669 0.129363 0.352127 -0.052601 0.194484 -0.012535 0.418455 -0.011739 0.017425 -0.155849 0.039265 0.173717 0.265006 -0.205908 0.076647 0.047620 0.142660 0.015258 0.234582
0.112224 0.112960 -0.290759 -0.441344 -0.262966 0.075110 -0.339725 -0.014722 -0.251908 0.214020 0.263759 0.133915 0.054905 0.096545 -0.160657 0.333422 0.439961 0.397065 -0.203466 -0.229578 0.221812 0.222875 -0.560674 -0.567283 0.093742 -0.237832 -0.224918 -0.321264 0.372311 1.000000 -0.193445 -0.175294 0.324482 0.421949 -0.523066 -0.188999 0.494656 0.366172 0.121209 0.105139 0.291153 0.269516 -0.066380 -0.084689 0.043327 -0.219341 -0.067174 -0.095160 0.239271 0.001289 -0.399188 -0.066413 0.124271 -0.020621 0.104959 -0.209929 0.392311 0.277852 0.195352 0.323710 0.105653 0.207270 0.531554 0.559660 -0.679808 -0.607712 0.365680 -0.311182 0.166204 0.131837 0.018068 0.199654 0.741554 0.341421 0.074733 0.156641 0.301737 0.136558 0.235423 0.128501 0.355421 0.558263 -0.181959 0.209217 -0.430599 -0.413680 -0.335467 -0.177054 -0.412877 -0.227855 -0.062321 -0.268493 -0.319837 -0.304195 -0.019060 -0.031638 0.060800 -0.047138 -0.157049 0.279826 0.292207 0.128722 0.212500 0.171116 0.322543 0.029660 0.064756 -0.067823 -0.071585 0.237019 0.055497 0.065612 -0.120935 0.037249 0.013236 -0.084965
-0.365605 -0.024977 0.300731 0.412542 -0.268093 0.022411 -0.053683 0.180743 -0.113951 0.023592 -0.287220 -0.180368 -0.233240 -0.187860 0.134185 -0.054563 -0.193525 -0.068012 -0.076593 -0.020764 0.248199 0.226475 0.480344 0.352518 0.689291 0.542119 0.396163 0.170449 -0.193237 -0.193445 1.000000 0.697108 -0.043492 0.374841 0.383110 0.262034 -0.228893 -0.318844 0.065912 -0.130628 -0.150084 -0.037904 -0.160584 -0.153226 0.021237 0.238051 -0.152933 -0.109695 -0.350272 -0.139657 0.054206 -0.247140 -0.199249 -0.172378 -0.123984 0.016008 -0.226313 0.057143 -0.350417 -0.218140 -0.289162 -0.078947 -0.179901 -0.178756 0.158874 0.087801 -0.166873 0.259760 -0.016811 0.097531 0.164202 0.201173 -0.212392 -0.056145 0.007295 -0.134258 -0.223131 0.136073 0.071655 0.035897 -0.025374 -0.034020 0.126157 0.032781 0.070150 0.177344 -0.060832 -0.259286 -0.165698 -0.184753 -0.267020 -0.301196 -0.091657 -0.301818 0.296903 -0.331686 0.161549 0.056344 -0.310952 -0.513316 -0.276682 -0.356203 0.028185 -0.339893 -0.201091 0.020166 0.140075 0.096136 -0.168012 0.237672 0.179306 -0.004721 -0.200231 -0.122831 -0.065871 -0.039583
-0.479843 -0.328060 0.102070 0.683542 -0.055734 0.039751 -0.223766 0.460356 -0.249717 0.158244 -0.406381 -0.120732 -0.477490 -0.079434 -0.155185 -0.022161 -0.308430 -0.163881 -0.335315 -0.278818 0.391250 0.298333 0.339710 0.605031 0.684781 0.843237 0.440273 0.243016 -0.447199 -0.175294 0.697108 1.000000 -0.214740 0.534802 0.435552 0.502802 -0.226412 -0.297814 -0.080853 -0.258887 -0.091502 0.002416 -0.085942 -0.101043 0.176423 0.415036 -0.143914 -0.098218 -0.420189 -0.138703 0.013138 -0.422077 -0.334930 -0.344987 -0.251476 -0.031229 -0.402658 -0.127990 -0.502796 -0.290695 -0.441130 0.012861 -0.230927 -0.150266 0.317668 0.283443 -0.058137 0.558077 -0.113399 0.095041 0.221431 0.408626 -0.283790 0.027681 -0.011236 -0.029501 -0.320069 0.454507 0.202088 0.063430 -0.102073 0.022700 0.119951 0.323939 0.061469 0.260138 0.065111 0.015364 -0.230713 -0.206234 -0.257756 -0.529725 0.226702 -0.356368 0.000033 -0.296196 -0.016359 -0.093282 -0.260649 -0.525050 -0.366029 -0.426365 -0.065312 -0.457475 -0.062383 -0.017220 0.109240 -0.088782 -0.319281 0.100841 0.193143 0.058886 -0.186071 -0.218284 -0.217504 -0.137435
0.075577 0.283962 -0.314608 -0.305859 -0.060407 -0.322501 -0.105307 -0.176282 -0.046969 0.047652 -0.084732 -0.167605 -0.182292 -0.277964 -0.157170 -0.267019 0.537956 0.288717 0.225792 0.197951 -0.085027 -0.237029 -0.290086 -0.442873 0.046231 -0.301309 -0.140381 -0.197252 0.429725 0.324482 -0.043492 -0.214740 1.000000 0.240733 -0.227168 -0.369520 0.175668 0.169244 0.105641 -0.133359 0.038888 0.070269 -0.013074 -0.092586 -0.002242 -0.111931 -0.141677 -0.065906 0.121378 0.033508 -0.356398 0.049636 -0.067381 0.041986 -0.102267 -0.161639 0.308977 0.245053 0.045444 0.253989 -0.087187 -0.066796 0.443129 0.261684 -0.379507 -0.468967 0.228527 -0.194909 0.422958 0.327429 0.014291 -0.073213 0.503527 0.182976 0.146261 0.015804 0.513898 -0.040283 0.283116 0.263835 0.561344 0.473598 0.098575 -0.117245 -0.013366 -0.266062 -0.236817 -0.195583 -0.061422 -0.139250 -0.275309 -0.092195 -0.511563 -0.256152 0.105855 0.099122 -0.146380 0.050743 -0.014529 0.281904 0.119233 0.028097 0.029910 0.176459 -0.082983 -0.084181 -0.120199 -0.118933 -0.134138 0.063164 -0.131364 -0.028090 0.008284 0.169017 0.000653 0.084284
-0.177437 -0.149961 -0.082958 0.156558 -0.254077 -0.072794 -0.397043 0.427287 -0.309855 0.441094 -0.079538 0.181240 -0.219445 0.181897 -0.396387 0.103799 0.146189 0.106816 -0.356083 -0.360706 0.378990 0.285570 -0.238871 -0.085903 0.620911 0.325730 0.019244 -0.311027 -0.078030 0.421949 0.374841 0.534802 0.240733 1.000000 0.044597 0.371915 -0.006832 -0.137777 -0.149446 -0.161631 0.085269 0.143307 -0.147814 -0.221279 0.094079 0.272045 -0.324140 -0.191401 -0.174773 -0.103194 -0.388180 -0.474582 -0.334536 -0.441485 -0.283137 -0.426374 -0.060202 0.147976 -0.205352 0.081985 -0.089325 0.440735 0.240514 0.417572 -0.166707 -0.097874 0.307942 0.394881 0.001742 0.346230 0.205319 0.420145 0.257365 0.125796 -0.023474 0.195915 0.057609 0.379732 0.251672 0.084658 0.271762 0.501575 -0.122544 0.166474 -0.092294 -0.200663 -0.306307 -0.225684 -0.454437 -0.520153 -0.377233 -0.680879 -0.101699 -0.567958 0.020226 -0.217202 -0.070644 -0.059187 -0.418427 -0.384515 -0.148592 -0.198789 0.079002 -0.250298 -0.037095 -0.133283 -0.018733 -0.122340 -0.250470 0.101481 0.251949 -0.061781 -0.264709 -0.195473 -0.080889 -0.144530
-0.313036 -0.271472 0.167767 0.504822 0.186103 0.048326 0.047947 0.098223 0.048060 -0.143670 -0.382232 -0.206877 -0.227675 0.001198 -0.081642 -0.193931 -0.418228 -0.279721 -0.126062 -0.033441 0.071189 0.011319 0.468258 0.559118 0.217569 0.498192 0.472663 0.359269 -0.535539 -0.523066 0.383110 0.435552 -0.227168 0.044597 1.000000 0.595202 -0.417518 -0.228037 -0.081885 -0.020083 -0.232471 -0.261625 0.098437 0.073971 0.223565 0.504423 0.023347 0.078862 -0.405550 -0.031167 0.249488 -0.235589 -0.286646 -0.058043 -0.247532 0.002194 -0.438123 -0.204659 -0.435301 -0.417216 -0.378105 -0.078668 -0.646358 -0.459320 0.504587 0.665715 -0.226141 0.571653 -0.107244 -0.123215 0.122360 0.048238 -0.482379 -0.247307 -0.081652 -0.024231 -0.317648 0.194904 0.049270 0.161436 -0.249080 -0.189475 0.027179 -0.227176 0.254107 0.255131 0.203004 0.120650 -0.032589 -0.016700 -0.185340 -0.135805 0.358631 -0.046018 -0.023223 -0.222038 -0.029565 -0.108683 0.011155 -0.420176 -0.064101 -0.315330 -0.141166 -0.492457 -0.123277 -0.030535 0.050126 0.062518 -0.130819 -0.022241 0.302414 -0.066745 -0.053310 -0.069691 0.217871 -0.112620
-0.198702 -0.419831 0.072881 0.449752 0.053600 0.149147 -0.221623 0.219404 -0.116748 0.033321 -0.201117 0.054377 -0.309262 0.203964 -0.144163 0.147740 -0.342662 -0.122292 -0.368065 -0.249554 0.199906 0.122598 0.236164 0.512724 0.312819 0.510621 0.313554 0.123604 -0.440296 -0.188999 0.262034 0.502802 -0.369520 0.371915 0.595202 1.000000 -0.160256 -0.213976 -0.147846 0.012954 0.113148 -0.082360 -0.032577 -0.008615 0.126441 0.498361 -0.099572 0.009568 -0.378315 -0.124996 0.114033 -0.386374 -0.316098 -0.338581 -0.186429 -0.162287 -0.320396 -0.213663 -0.395508 -0.298636 -0.258625 0.212598 -0.376152 -0.163275 0.363977 0.538150 -0.134685 0.651531 -0.279509 -0.031608 0.091526 0.291653 -0.311678 -0.216214 -0.168094 0.101183 -0.247605 0.295158 0.046029 0.043161 -0.189789 0.001985 -0.060846 0.053616 0.173931 0.181961 0.063854 0.129085 -0.045868 -0.235473 -0.199615 -0.357431 0.349498 -0.083328 -0.073776 -0.312081 -0.035727 -0.128199 -0.110516 -0.355902 -0.122909 -0.336571 -0.099260 -0.521671 -0.056400 -0.165482 0.106473 0.105695 0.008690 0.006438 0.277077 -0.138487 0.031960 -0.280285 0.115007 -0.407602
