1.000000 0.213234 -0.122640 -0.204780 0.115362 0.011580 -0.013233 0.017597 0.205015 0.203637 0.440940 0.139122 0.221211 0.140233 0.509632 0.413548 0.292077 0.046918 0.011975 -0.055944 -0.024758 -0.152993 -0.248390 -0.183782 -0.029277 -0.381598 -0.085850 -0.189908 0.207512 -0.029501 -0.188160 -0.409587 -0.207960 -0.297929 -0.250068 -0.401602 -0.230833 -0.152164 -0.365032 -0.235006 -0.337181 0.368119 -0.045382 -0.057609 -0.143403 -0.310641 0.037838 -0.019795 -0.065135 -0.069046 -0.197130 -0.141166 0.175042 0.082644 -0.050555 -0.251772 0.586601 0.085428 0.377027 0.158881 0.508361 0.317065 0.349399 0.372204 -0.086060 -0.014026 -0.290391 -0.631310 -0.239866 -0.127023 0.108138 -0.073527 0.009000 0.194390 0.101252 0.258064 0.155268 -0.208912 -0.114006 -0.147676 0.247667 0.075555 0.241030 0.241910 0.131866 -0.073858 0.202566 -0.149232 0.086546 0.219389 0.075640 0.191773 0.259947 0.334191 -0.430607 -0.156932 -0.147561 -0.182481 -0.062791 0.333998 0.406121 0.150924 0.344784 -0.092388 -0.316517 -0.419420 -0.008774 -0.300193 0.020739 -0.123411 -0.232034 0.235125 0.476122 0.041398 -0.220342 0.027664
0.213234 1.000000 -0.180343 0.187243 -0.331108 -0.454138 -0.097087 -0.252220 -0.501953 -0.345325 0.195558 0.057088 0.038391 0.030670 -0.251319 -0.127100 0.261835 0.563505 0.178763 0.115956 -0.291765 -0.154375 -0.193825 0.053205 -0.387642 -0.660883 -0.385128 -0.261773 0.191732 0.189720 -0.010112 -0.282815 -0.061232 -0.077704 -0.179571 -0.388280 0.186639 0.083396 -0.104933 -0.018881 0.060252 -0.111800 -0.102431 -0.209078 -0.132809 -0.220429 0.042848 -0.205072 0.019068 0.140479 -0.170348 0.136659 0.302090 0.098007 0.386383 0.040517 0.143965 0.391003 0.035932 0.550208 -0.070157 0.092327 0.175769 0.278689 -0.301229 -0.263984 0.073740 -0.467393 0.081311 -0.137565 -0.137240 -0.159715 0.108785 0.022289 0.017610 -0.200580 0.164220 0.110652 0.147770 0.186069 0.181893 0.213827 0.095197 0.061426 0.169694 0.140466 0.167623 0.345304 0.059663 0.327377 0.063236 -0.283804 -0.135487 -0.047559 -0.133536 -0.011128 0.121488 0.087219 0.170995 0.173290 0.135684 -0.101680 0.260092 0.008325 0.127836 -0.039467 0.228971 0.278862 -0.003925 -0.114934 -0.274145 0.128646 0.161728 0.471209 0.002047 0.301811
-0.122640 -0.180343 1.000000 0.382183 -0.142061 -0.162345 0.588492 0.405435 0.262997 -0.035993 -0.127041 0.209446 -0.077304 -0.030755 0.062068 -0.234258 -0.475639 -0.526148 -0.153971 -0.283658 0.468101 0.177214 0.389594 0.329541 -0.146883 0.122902 -0.386214 0.050425 -0.479099 -0.349322 0.335336 0.361436 -0.070581 0.065390 -0.075540 0.072038 -0.389452 -0.265712 -0.052123 0.007483 -0.247262 -0.157430 0.068914 0.313829 0.279628 0.401041 0.319310 0.135801 -0.041655 0.138932 0.170800 -0.070942 -0.348168 -0.254494 -0.187824 0.149970 -0.417409 -0.382393 0.076093 0.043272 -0.030898 -0.086144 -0.335300 -0.485004 0.404091 0.210107 0.118236 0.355865 -0.212119 -0.314951 -0.296209 -0.029856 -0.540562 -0.450766 -0.475153 -0.479040 -0.309563 -0.228939 -0.212003 -0.141381 -0.436890 -0.427903 -0.038074 -0.129249 0.230801 0.353577 0.186622 0.247910 0.060798 -0.182555 -0.410445 -0.294676 -0.083665 0.133355 0.131496 -0.030099 0.306228 -0.152701 0.072467 -0.147109 0.049449 0.033968 -0.034962 -0.578233 -0.182279 -0.130733 -0.000319 -0.238817 0.205903 -0.109166 0.238312 -0.157712 -0.147729 -0.193776 0.079185 -0.100436
-0.204780 0.187243 0.382183 1.000000 -0.232333 0.001612 0.317098 0.003850 -0.159331 -0.058345 -0.268587 0.151230 -0.281021 -0.280511 -0.258658 -0.257529 -0.023978 0.213152 0.510284 0.391983 0.353186 -0.241614 0.669226 0.619853 -0.099296 -0.038189 -0.149879 -0.195778 -0.136348 -0.092573 0.232240 0.222277 0.020457 -0.038186 -0.015013 0.001016 0.019515 -0.206200 0.062494 0.179161 -0.318452 -0.240634 -0.336155 -0.137844 -0.068038 0.057870 -0.158881 -0.221193 -0.548130 -0.116944 -0.385616 -0.385800 -0.120576 -0.142714 0.078411 0.068013 -0.341153 0.172063 -0.265928 0.001905 -0.222918 -0.259391 -0.235369 -0.347885 0.295544 0.057325 -0.020978 0.100524 0.302080 -0.033947 -0.361219 -0.247400 -0.397613 -0.219311 -0.170339 -0.433511 0.142113 -0.311095 -0.338364 0.341387 0.148688 0.228114 0.118462 0.227108 0.395512 0.398345 0.500252 0.454839 0.080938 0.175216 -0.274096 -0.303381 0.067444 -0.201721 -0.072528 -0.074481 0.004581 -0.011433 -0.045298 -0.271344 -0.011793 -0.389451 -0.174935 -0.377249 -0.083095 0.011487 0.274855 -0.108673 0.216107 -0.028528 -0.231809 -0.428271 -0.347733 0.196159 0.201063 0.273871
0.115362 -0.331108 -0.142061 -0.232333 1.000000 0.804219 0.115718 0.238831 0.607760 0.591846 0.597859 0.373717 0.412430 0.448052 0.346492 0.416602 0.393073 0.016260 -0.211505 0.045120 -0.126837 -0.095182 -0.330755 -0.278028 0.580625 0.036944 0.614133 -0.210136 -0.064210 0.000563 -0.758920 -0.429362 -0.161663 -0.046861 -0.323606 -0.188165 -0.389855 -0.239186 0.149437 0.000913 -0.280949 -0.283810 0.074025 0.037888 0.109909 0.034715 0.012612 0.020777 -0.048792 0.049000 -0.221468 -0.228547 -0.169019 -0.419549 -0.078574 -0.183711 -0.221360 -0.362548 0.364532 0.070316 0.296882 0.335170 0.343074 0.435872 -0.001926 0.270137 -0.319132 -0.117196 -0.124442 0.049004 0.164905 -0.235241 -0.103378 -0.171081 0.047533 -0.172927 0.021364 -0.021015 -0.289634 -0.521401 0.232562 -0.105760 -0.458869 0.193940 0.112218 -0.125427 -0.109522 -0.323872 0.270938 -0.063391 -0.198526 -0.028412 0.142949 -0.236526 -0.455181 -0.053915 -0.274366 -0.297932 -0.450682 -0.043397 0.191380 0.248482 0.171040 0.150636 0.091132 0.027929 -0.351494 -0.193395 -0.312317 -0.329841 -0.056580 -0.037096 0.228041 0.185508 -0.152277 -0.058544
0.011580 -0.454138 -0.162345 0.001612 0.804219 1.000000 -0.059817 0.020381 0.587973 0.528881 0.244973 0.301754 0.055860 0.089362 0.422388 0.412541 0.201493 0.013425 -0.040064 0.109891 0.086706 -0.046468 0.071286 0.122191 0.523486 0.279027 0.887258 0.074022 -0.205934 -0.094042 -0.632425 -0.245277 -0.266693 -0.208454 -0.060976 0.096101 -0.125084 -0.111993 0.323674 0.253218 -0.421933 -0.275844 -0.213276 -0.165163 -0.220346 -0.197433 -0.294560 -0.053184 -0.314747 -0.284510 -0.203226 -0.369630 -0.067705 -0.271757 -0.008942 -0.167281 -0.175160 -0.091922 0.145187 -0.107379 0.107696 0.078734 0.076665 0.164154 0.127178 0.293857 -0.280314 0.002665 0.163837 0.168365 0.067980 -0.116795 -0.329260 -0.246919 -0.129395 -0.081198 0.051772 -0.158775 -0.294114 -0.248390 0.374873 0.043364 -0.276491 0.232129 0.369916 -0.020185 0.169410 -0.231709 0.355035 0.091745 -0.121518 0.122136 0.379674 -0.108045 -0.288251 -0.052347 -0.382882 -0.158704 -0.525107 -0.215749 0.074279 -0.013612 0.069641 0.049430 0.110081 -0.063927 -0.104810 -0.207018 -0.243825 -0.079217 0.019538 -0.292386 -0.018932 -0.093149 -0.277246 -0.056736
-0.013233 -0.097087 0.588492 0.317098 0.115718 -0.059817 1.000000 0.653928 0.414581 0.529920 0.295758 0.266149 0.543880 0.522679 0.051137 0.113381 0.196617 -0.293811 0.090690 0.137196 0.119438 -0.349682 0.054742 -0.210768 0.346528 0.005181 -0.306487 -0.646991 -0.026459 0.007979 0.051641 0.017483 0.245575 0.249127 -0.038549 0.065868 -0.663876 -0.439815 -0.633260 -0.581802 -0.410962 -0.027205 -0.157683 -0.102728 0.469203 0.413531 0.064932 -0.121619 -0.238751 0.096273 -0.299782 -0.340074 -0.547330 -0.557862 -0.466244 -0.352028 -0.525264 -0.582967 0.375699 0.193438 0.449882 0.331810 0.304154 0.074546 0.293919 0.273683 0.027024 0.343405 -0.416759 -0.031957 0.016564 -0.178872 -0.106867 0.057993 -0.006793 -0.133741 0.038593 -0.030738 -0.248469 -0.367065 0.128173 -0.059846 -0.133254 0.439071 -0.112729 -0.120022 0.032324 -0.056465 -0.292951 -0.272018 -0.184614 0.147920 0.087161 0.052542 -0.482837 -0.463045 -0.232452 -0.612873 -0.168917 -0.188502 0.501773 0.448073 0.297836 -0.281805 -0.619608 -0.275874 -0.051611 -0.419812 -0.102449 -0.555218 0.054233 -0.205639 0.023906 0.143377 -0.075144 -0.260064
0.017597 -0.252220 0.405435 0.003850 0.238831 0.020381 0.653928 1.000000 0.631569 0.617595 0.266118 0.575330 0.461930 0.736258 0.295565 0.331558 0.084726 -0.421392 -0.316568 -0.085766 0.069634 0.088242 -0.330769 -0.344292 0.320750 0.080087 -0.209575 -0.415387 0.048050 0.152029 0.001871 0.119233 -0.002342 0.300132 -0.366883 -0.124709 -0.569204 -0.407315 -0.396059 -0.481681 -0.117039 0.142819 0.095517 0.099143 0.319888 0.345875 0.224110 0.175169 -0.171840 0.041523 -0.256075 -0.258140 -0.511237 -0.413102 -0.391930 -0.204056 -0.270265 -0.712741 0.303449 0.246619 0.156345 0.308852 0.248585 0.084399 0.092902 0.407049 -0.310512 0.221902 -0.598976 -0.015108 0.206610 0.127199 -0.046003 0.098510 -0.073781 0.014794 -0.143523 -0.106582 -0.049854 -0.538779 0.063946 -0.222017 -0.316643 0.195514 -0.098598 0.047060 -0.126086 -0.225614 -0.254411 -0.394448 -0.182344 -0.046458 0.167242 -0.232777 -0.224307 -0.167029 -0.102455 -0.316358 -0.076387 -0.003677 0.525996 0.370199 0.287042 -0.275209 -0.402341 -0.399631 -0.151148 -0.490812 0.059919 -0.487954 0.138855 0.001228 -0.049586 -0.174342 0.021505 -0.172829
0.205015 -0.501953 0.262997 -0.159331 0.607760 0.587973 0.414581 0.631569 1.000000 0.731610 0.329859 0.530589 0.356670 0.487441 0.718417 0.592654 0.065181 -0.390063 -0.336039 -0.163529 0.087652 0.046233 -0.147743 -0.154916 0.511452 0.263226 0.373481 -0.100850 -0.172127 -0.077908 -0.421998 -0.158152 -0.239692 -0.006280 -0.094569 0.099379 -0.505056 -0.194463 -0.152163 -0.164980 -0.420968 0.112149 -0.132794 -0.053458 -0.025527 0.004705 -0.054889 0.086556 -0.297412 -0.203949 -0.211445 -0.365487 -0.291519 -0.325875 -0.296810 -0.339017 -0.112919 -0.533501 0.389445 0.061848 0.367736 0.401382 0.169346 0.105858 0.191923 0.512012 -0.361386 0.079794 -0.346587 -0.022373 0.208605 0.049265 -0.285937 -0.120440 -0.180165 0.126386 -0.072612 -0.125512 -0.185743 -0.545045 0.162222 -0.198917 -0.335992 0.169653 0.195977 -0.010821 0.103623 -0.339310 0.136677 -0.086657 -0.152916 0.246223 0.472456 -0.017932 -0.288501 -0.181535 -0.277934 -0.391813 -0.457735 -0.211255 0.512065 0.371214 0.305811 -0.153994 -0.264340 -0.382179 -0.200547 -0.476074 -0.196270 -0.213528 0.232350 -0.177391 -0.001767 -0.260040 -0.189523 -0.285277
0.203637 -0.345325 -0.035993 -0.058345 0.591846 0.528881 0.529920 0.617595 0.731610 1.000000 0.494746 0.522852 0.624545 0.653145 0.491326 0.768528 0.489175 -0.148803 -0.121089 0.139979 -0.152928 -0.230324 -0.291300 -0.401890 0.678407 0.136104 0.312334 -0.470111 0.231041 0.263156 -0.439339 -0.278113 0.037073 0.168186 -0.203494 -0.030815 -0.471600 -0.186341 -0.386059 -0.449556 -0.262675 0.109333 -0.251993 -0.306986 0.010446 -0.087928 -0.182711 -0.177216 -0.406240 -0.265326 -0.501822 -0.516353 -0.439880 -0.553425 -0.458363 -0.561325 -0.163126 -0.458917 0.424908 0.076680 0.531960 0.462094 0.623289 0.443386 0.248289 0.555643 -0.403823 0.054156 -0.407213 0.060931 0.166408 -0.237785 0.085429 0.185197 0.174667 0.212868 0.257404 0.053785 -0.150541 -0.503526 0.487348 0.183536 -0.167013 0.567007 0.048299 -0.210120 -0.087675 -0.511534 0.026686 -0.228694 -0.006747 0.334060 0.595654 -0.080252 -0.671045 -0.420066 -0.614309 -0.585710 -0.480490 -0.040322 0.599677 0.486558 0.402468 -0.031444 -0.436952 -0.475819 -0.149967 -0.546401 -0.251299 -0.599689 -0.065200 -0.084716 0.230022 -0.073123 -0.231005 -0.280625
0.440940 0.195558 -0.127041 -0.268587 0.597859 0.244973 0.295758 0.266118 0.329859 0.494746 1.000000 0.269113 0.805140 0.665037 0.421007 0.458031 0.713970 0.144564 -0.107823 0.035939 -0.215964 -0.296556 -0.587389 -0.549762 0.336264 -0.340493 0.049299 -0.580998 0.196330 0.236674 -0.516062 -0.484212 -0.107590 -0.026020 -0.437495 -0.354445 -0.357521 -0.263008 -0.335798 -0.466727 -0.237744 -0.104512 0.047417 -0.136314 0.245538 0.034049 0.143560 -0.070474 0.046013 0.131639 -0.397832 -0.223247 -0.103328 -0.459173 -0.059023 -0.407289 -0.185463 -0.362504 0.499876 0.367480 0.575632 0.470339 0.766528 0.707152 -0.232978 -0.042994 -0.193982 -0.300707 -0.371978 -0.061531 0.331584 -0.167369 0.140369 0.040894 0.174714 -0.050813 0.118570 0.153880 -0.069939 -0.518023 0.424019 0.110961 -0.229570 0.467887 -0.147687 -0.417796 -0.201476 -0.285843 0.056782 -0.012110 0.099451 0.076362 0.155873 -0.011013 -0.703150 -0.405467 -0.309997 -0.453372 -0.236437 0.128746 0.571459 0.508425 0.495570 0.211443 -0.079039 -0.127601 -0.165886 -0.138098 -0.335969 -0.567441 -0.092979 0.308216 0.578053 0.341392 -0.334748 -0.081461
0.139122 0.057088 0.209446 0.151230 0.373717 0.301754 0.266149 0.575330 0.530589 0.522852 0.269113 1.000000 0.103105 0.501636 0.333644 0.492580 0.184011 0.053100 -0.340051 -0.085369 -0.117880 0.331392 -0.283755 0.019501 -0.021922 -0.253882 0.055766 -0.148787 -0.201639 -0.005957 -0.286347 -0.118282 -0.327679 0.115202 -0.474037 -0.209498 -0.408997 -0.194046 0.000871 0.009643 -0.094354 -0.132061 0.042904 0.030740 -0.110140 -0.029271 0.152768 -0.016466 -0.333848 -0.092632 -0.287162 -0.274464 -0.400707 -0.333573 -0.207033 -0.051279 0.039692 -0.168927 0.268985 0.292023 -0.102011 0.087359 0.178539 0.102649 0.172697 0.612293 -0.497720 -0.140306 -0.341117 -0.227727 -0.043256 -0.169029 -0.307717 -0.212034 -0.163519 -0.130859 -0.035860 -0.027945 0.106137 -0.318505 0.182893 -0.008202 -0.288292 0.117258 0.539252 0.473741 0.156029 -0.096174 0.380332 -0.109565 -0.326264 -0.431166 0.371502 -0.401530 -0.251670 0.053620 -0.028589 -0.212872 -0.181323 0.114734 0.386854 -0.050326 0.230866 -0.328398 -0.075228 -0.490708 -0.182779 -0.349078 0.013090 -0.502594 -0.146892 -0.166538 0.053164 0.080143 0.115347 -0.091293
0.221211 0.038391 -0.077304 -0.281021 0.412430 0.055860 0.543880 0.461930 0.356670 0.624545 0.805140 0.103105 1.000000 0.767121 0.310533 0.460078 0.616718 -0.077430 -0.012089 0.149694 -0.219216 -0.493874 -0.571340 -0.710132 0.506411 -0.158560 -0.094293 -0.721040 0.406245 0.415307 -0.320605 -0.325598 0.260191 0.233199 -0.229907 -0.211628 -0.373268 -0.203127 -0.538377 -0.712785 -0.133404 0.081926 -0.081746 -0.253634 0.328733 0.094383 0.017976 -0.138025 -0.011593 0.063754 -0.453975 -0.305383 -0.274627 -0.566125 -0.191538 -0.606128 -0.383415 -0.560911 0.449172 0.288795 0.690752 0.632389 0.792942 0.662203 -0.153568 -0.002145 -0.085105 0.034105 -0.468255 0.083137 0.318215 -0.098479 0.407591 0.294952 0.295778 0.141370 0.226919 0.230623 -0.057180 -0.481920 0.384884 0.122237 -0.169936 0.563255 -0.432013 -0.564983 -0.413442 -0.443135 -0.276958 -0.260043 0.223939 0.347897 0.230797 0.058654 -0.674465 -0.495452 -0.443737 -0.551650 -0.230655 -0.005896 0.641740 0.800604 0.497036 0.206394 -0.334547 -0.136441 -0.026517 -0.247343 -0.271475 -0.552594 0.070714 0.323442 0.415873 0.139251 -0.236060 -0.137986
0.140233 0.030670 -0.030755 -0.280511 0.448052 0.089362 0.522679 0.736258 0.487441 0.653145 0.665037 0.501636 0.767121 1.000000 0.289123 0.488988 0.544921 -0.012618 -0.176452 0.134743 -0.274069 -0.092824 -0.686435 -0.681968 0.368333 -0.150020 -0.061490 -0.658152 0.248982 0.456865 -0.279719 -0.136722 0.172985 0.463683 -0.338960 -0.148387 -0.583457 -0.290911 -0.524390 -0.665501 -0.044843 0.103826 0.004873 -0.183719 0.274751 0.145119 0.045630 -0.106819 -0.146101 -0.037254 -0.437061 -0.312867 -0.420953 -0.503603 -0.337735 -0.492331 -0.240072 -0.670737 0.560121 0.366707 0.393011 0.563262 0.643728 0.638006 -0.154650 0.286125 -0.244975 0.050175 -0.493211 0.068934 0.366192 0.000300 0.295313 0.353321 0.220851 0.211213 0.150884 0.331920 0.190866 -0.501227 0.342979 0.112897 -0.382315 0.446183 -0.277602 -0.316875 -0.365326 -0.456769 -0.243706 -0.356544 -0.074251 0.044640 0.179008 -0.181513 -0.496691 -0.256800 -0.331663 -0.464521 -0.250171 0.027147 0.660525 0.531590 0.564661 0.113734 -0.344577 -0.365916 -0.153834 -0.333932 -0.209772 -0.687492 0.009732 0.072498 0.242786 0.154988 -0.196072 -0.239813
0.509632 -0.251319 0.062068 -0.258658 0.346492 0.422388 0.051137 0.295565 0.718417 0.491326 0.421007 0.333644 0.310533 0.289123 1.000000 0.670893 0.176479 -0.155753 -0.224366 -0.182403 0.046729 0.012651 -0.140498 -0.110644 0.299326 0.160314 0.290288 0.018764 0.026474 0.148587 -0.329442 -0.178005 -0.324953 -0.139170 -0.145369 0.023893 -0.120563 -0.053327 -0.102539 -0.172862 -0.257524 0.296791 -0.187535 -0.147864 -0.237311 -0.264848 -0.092665 0.029527 -0.261766 -0.377986 -0.256673 -0.423244 -0.130789 -0.232984 -0.156422 -0.382425 0.165765 -0.209981 0.209400 -0.107571 0.371495 0.239451 0.236581 0.205768 0.103171 0.262137 -0.455760 -0.173321 -0.159770 -0.104491 0.162592 0.104785 -0.120333 -0.011310 -0.015148 0.264436 0.132079 -0.083358 0.107279 -0.207029 0.318188 0.116194 -0.023845 0.257494 0.187765 -0.183356 0.081488 -0.336722 0.215308 0.003581 0.077049 0.264866 0.598317 0.212999 -0.300106 -0.276631 -0.323814 -0.192950 -0.325243 -0.026704 0.562556 0.217444 0.340758 -0.098949 -0.111685 -0.424466 -0.005139 -0.390123 -0.143044 -0.009794 0.222585 0.120390 0.238888 -0.378938 -0.359083 -0.095108
0.413548 -0.127100 -0.234258 -0.257529 0.416602 0.412541 0.113381 0.331558 0.592654 0.768528 0.458031 0.492580 0.460078 0.488988 0.670893 1.000000 0.421439 0.025994 -0.296637 -0.095276 -0.303565 0.057065 -0.414367 -0.302697 0.325905 -0.024300 0.285568 -0.142222 0.205166 0.304612 -0.392856 -0.319649 -0.087246 0.097836 -0.222314 -0.076031 -0.173516 0.095847 -0.249010 -0.225665 -0.081556 0.250520 -0.255714 -0.318332 -0.259710 -0.394131 -0.184311 -0.193772 -0.366043 -0.401111 -0.438313 -0.436273 -0.271950 -0.420532 -0.278871 -0.566117 0.216623 -0.170854 0.266143 0.047000 0.426267 0.409909 0.639768 0.516955 0.132146 0.539066 -0.496909 -0.204016 -0.402899 -0.217273 0.195687 -0.088498 0.142509 0.228599 0.252183 0.441937 0.447924 0.197864 0.141385 -0.252657 0.470954 0.234031 -0.164786 0.389244 0.184847 -0.193085 -0.120726 -0.574082 0.328817 -0.077244 0.140310 0.273664 0.775540 -0.043414 -0.511427 -0.240504 -0.448076 -0.321116 -0.389294 0.145242 0.547965 0.354599 0.487494 -0.042871 -0.278174 -0.497909 -0.170049 -0.460657 -0.172567 -0.327988 0.068965 0.212994 0.475079 -0.126395 -0.276153 -0.188436
0.292077 0.261835 -0.475639 -0.023978 0.393073 0.201493 0.196617 0.084726 0.065181 0.489175 0.713970 0.184011 0.616718 0.544921 0.176479 0.421439 1.000000 0.586204 0.245718 0.436105 -0.359377 -0.469687 -0.374818 -0.460958 0.347548 -0.176293 0.119729 -0.652271 0.405597 0.482440 -0.347457 -0.346650 0.030782 0.073003 -0.320717 -0.255878 -0.265449 -0.233860 -0.363623 -0.461898 -0.159370 -0.001444 -0.215202 -0.422901 0.115212 -0.051089 -0.208474 -0.340409 -0.254548 -0.092950 -0.657132 -0.401294 -0.191005 -0.426598 -0.161489 -0.470621 -0.027812 -0.031363 0.265672 0.141623 0.382586 0.299862 0.732090 0.771537 -0.251763 -0.051232 -0.318840 -0.305142 -0.114967 0.133699 0.333262 -0.226795 0.425761 0.405755 0.571434 0.219382 0.432969 0.243399 0.141674 -0.100996 0.697566 0.590191 -0.093891 0.608254 -0.264745 -0.521032 -0.124285 -0.246020 -0.095999 0.070015 0.238713 0.157687 0.281901 -0.033090 -0.742518 -0.329098 -0.513488 -0.279166 -0.180510 0.237313 0.586180 0.251733 0.482577 0.375948 -0.068491 -0.046656 -0.019309 -0.064708 -0.274269 -0.518513 -0.293200 0.092473 0.461629 0.553829 -0.158729 -0.006221
0.046918 0.563505 -0.526148 0.213152 0.016260 0.013425 -0.293811 -0.421392 -0.390063 -0.148803 0.144564 0.053100 -0.077430 -0.012618 -0.155753 0.025994 0.586204 1.000000 0.406218 0.469767 -0.465905 -0.209141 0.021620 0.112802 -0.143858 -0.307398 0.110991 -0.234420 0.179662 0.385658 -0.235491 -0.192032 -0.025583 0.039371 -0.070219 -0.142027 0.187113 0.025669 0.109820 0.118204 0.070361 -0.239073 -0.288635 -0.396511 -0.237023 -0.289483 -0.348783 -0.453418 -0.276613 -0.183537 -0.451335 -0.241691 0.019194 -0.054233 0.072705 -0.057679 0.214908 0.498415 -0.167932 -0.018356 -0.128473 -0.047243 0.138130 0.397029 -0.108584 -0.059153 -0.251942 -0.407935 0.414976 0.028409 -0.082934 -0.219084 0.201589 0.193494 0.423880 0.067627 0.514977 0.323639 0.319908 0.452482 0.447069 0.664695 0.065176 0.259065 0.013949 -0.135594 0.065857 0.186622 0.178513 0.217611 0.142352 -0.184779 0.017605 -0.123599 -0.300977 0.102909 -0.234502 0.244182 -0.083890 0.162681 0.102724 -0.379247 0.110089 0.338416 0.364073 0.230232 0.097639 0.344204 -0.195122 0.003860 -0.394118 -0.091981 0.148523 0.627905 0.161830 0.239679
0.011975 0.178763 -0.153971 0.510284 -0.211505 -0.040064 0.090690 -0.316568 -0.336039 -0.121089 -0.107823 -0.340051 -0.012089 -0.176452 -0.224366 -0.296637 0.245718 0.406218 1.000000 0.873767 0.104954 -0.707841 0.406396 0.160660 0.113236 -0.093883 0.059300 -0.417807 0.328170 0.302056 0.170184 0.114312 0.433248 0.142427 0.222295 0.078421 0.017325 -0.274036 -0.229250 -0.265112 -0.273440 0.054714 -0.386444 -0.347947 -0.066849 -0.115643 -0.463035 -0.295538 -0.440991 -0.247050 -0.471731 -0.446161 0.043860 0.053988 -0.003929 -0.243835 -0.194688 0.140170 -0.094944 -0.221776 0.118523 -0.023074 -0.031722 0.089140 0.019597 -0.342227 0.025089 0.044531 0.588890 0.297754 -0.189096 -0.171501 0.136580 0.401614 0.243719 0.045520 0.335610 -0.056972 -0.220619 0.495691 0.439379 0.616198 0.390144 0.563082 -0.146744 -0.179673 0.056108 0.071221 -0.420996 -0.046644 0.020177 0.188232 -0.076362 0.092471 -0.243682 -0.186456 -0.398645 0.042043 -0.100971 -0.206703 -0.022369 -0.204393 -0.148818 0.138359 -0.184228 0.102459 0.487141 -0.013501 0.113584 0.091797 -0.164568 -0.326792 -0.326778 0.130527 0.084563 0.342645
-0.055944 0.115956 -0.283658 0.391983 0.045120 0.109891 0.137196 -0.085766 -0.163529 0.139979 0.035939 -0.085369 0.149694 0.134743 -0.182403 -0.095276 0.436105 0.469767 0.873767 1.000000 -0.058920 -0.626769 0.116289 -0.010269 0.281894 -0.105612 0.187741 -0.535421 0.418850 0.543721 -0.015774 0.033334 0.501987 0.396148 0.096081 0.031989 -0.177225 -0.308128 -0.230855 -0.363293 -0.152256 0.108331 -0.400490 -0.412518 -0.097622 -0.138656 -0.529312 -0.375697 -0.556899 -0.351490 -0.683084 -0.588810 -0.095979 -0.110868 -0.108888 -0.403003 -0.228673 -0.064131 0.090446 -0.104788 0.143761 0.180960 0.171019 0.363179 -0.026205 -0.121387 -0.109400 0.131456 0.512092 0.422102 -0.073022 -0.245460 0.315804 0.535207 0.354883 0.076912 0.363718 0.087558 -0.168125 0.282386 0.542771 0.683522 0.262125 0.591346 -0.201513 -0.212122 -0.168819 -0.236647 -0.421805 -0.178602 -0.106972 0.124904 -0.012460 -0.082854 -0.401552 -0.096202 -0.595547 -0.016117 -0.296583 -0.167709 0.109772 -0.070322 -0.027816 0.286934 -0.159846 -0.005531 0.429983 -0.034662 0.105984 -0.145628 -0.193690 -0.413444 -0.353703 0.207929 0.160192 0.330407
-0.024758 -0.291765 0.468101 0.353186 -0.126837 0.086706 0.119438 0.069634 0.087652 -0.152928 -0.215964 -0.117880 -0.219216 -0.274069 0.046729 -0.303565 -0.359377 -0.465905 0.104954 -0.058920 1.000000 0.023938 0.402768 0.423420 -0.161210 0.249188 0.031980 0.194244 -0.386121 -0.362438 0.443133 0.433821 -0.130104 -0.191398 -0.027591 -0.081480 -0.049988 -0.161690 0.214447 0.204042 -0.383411 0.123111 -0.029321 0.137763 0.010129 0.148146 0.032946 0.134638 -0.109907 -0.019415 0.049593 -0.072485 0.238178 0.123578 0.427301 0.080466 -0.287150 -0.179969 0.002130 0.108835 -0.175884 -0.122989 -0.425654 -0.392913 -0.202537 -0.341984 0.279562 0.165455 -0.004688 0.210501 0.194388 0.381181 -0.432497 -0.271805 -0.534035 -0.181075 -0.414881 -0.503572 -0.326917 0.076840 -0.261070 -0.327081 0.093894 -0.117157 0.079012 0.230311 0.277629 0.168870 -0.179912 0.305207 -0.043673 -0.020632 0.058122 0.227241 0.318348 0.110959 0.248851 0.010860 0.115969 -0.241689 -0.066597 0.006343 -0.061047 -0.369873 -0.153591 0.022447 0.340770 -0.118896 0.451844 0.133777 0.123608 -0.151802 -0.291681 -0.289838 -0.064202 0.155246
-0.152993 -0.154375 0.177214 -0.241614 -0.095182 -0.046468 -0.349682 0.088242 0.046233 -0.230324 -0.296556 0.331392 -0.493874 -0.092824 0.012651 0.057065 -0.469687 -0.209141 -0.707841 -0.626769 0.023938 1.000000 -0.143366 0.228591 -0.527099 0.086431 -0.046472 0.610264 -0.522852 -0.303375 0.167334 0.308116 -0.292898 0.078190 -0.053777 0.134715 0.090185 0.289715 0.370243 0.463077 0.361830 -0.039463 0.253994 0.272483 -0.173215 -0.028425 0.217517 0.130150 0.166622 -0.069880 0.455489 0.293741 -0.007470 0.191402 0.009858 0.309320 0.313357 0.072157 -0.053816 0.049698 -0.460349 -0.243822 -0.303388 -0.298666 0.079238 0.368701 0.080966 0.117927 -0.241302 -0.287485 0.041652 0.326596 -0.317740 -0.309267 -0.365218 0.038465 -0.329254 0.141266 0.372462 -0.038461 -0.469551 -0.384106 -0.248445 -0.584843 0.276317 0.414109 -0.014060 -0.018270 0.474199 0.003781 -0.198014 -0.421044 -0.026911 -0.173889 0.554194 0.517350 0.468912 0.267513 0.091904 0.119884 -0.267989 -0.308766 -0.068188 -0.193281 0.261657 -0.107446 -0.332174 0.069685 0.154768 0.118906 0.122568 0.006678 0.041391 -0.177466 0.089513 -0.302962
-0.248390 -0.193825 0.389594 0.669226 -0.330755 0.071286 0.054742 -0.330769 -0.147743 -0.291300 -0.587389 -0.283755 -0.571340 -0.686435 -0.140498 -0.414367 -0.374818 0.021620 0.406396 0.116289 0.402768 -0.143366 1.000000 0.745883 -0.081538 0.414460 0.051566 0.290721 -0.312937 -0.304486 0.275161 0.349174 -0.078652 -0.245237 0.389887 0.372090 0.223849 -0.002391 0.252400 0.403230 -0.310071 -0.191502 -0.335078 -0.054076 -0.120508 0.043670 -0.265087 -0.117205 -0.306263 -0.173019 0.079914 -0.152523 -0.042438 0.092244 -0.035340 0.249839 -0.139825 0.325036 -0.472024 -0.451792 -0.227912 -0.459113 -0.630207 -0.629580 0.453898 -0.000497 0.111972 0.193941 0.515935 0.002601 -0.450687 -0.096101 -0.449921 -0.301331 -0.188480 -0.253970 0.081937 -0.295014 -0.229503 0.488611 -0.136243 0.071778 0.324698 -0.022810 0.285075 0.219529 0.577474 0.516632 0.101816 0.168492 -0.140165 -0.008215 -0.016636 0.249297 0.222968 -0.013688 0.062026 0.177225 0.005392 -0.298173 -0.267399 -0.478475 -0.329285 -0.275888 0.060298 0.220939 0.208359 0.040903 0.062661 0.418626 -0.020394 -0.432180 -0.389661 -0.126060 0.084825 0.058074
-0.183782 0.053205 0.329541 0.619853 -0.278028 0.122191 -0.210768 -0.344292 -0.154916 -0.401890 -0.549762 0.019501 -0.710132 -0.681968 -0.110644 -0.302697 -0.460958 0.112802 0.160660 -0.010269 0.423420 0.228591 0.745883 1.000000 -0.413492 0.119627 0.096147 0.491934 -0.525156 -0.347315 0.207977 0.333515 -0.283845 -0.249410 0.174674 0.131303 0.279990 0.082387 0.551668 0.693227 -0.278522 -0.237959 -0.320465 -0.036913 -0.344059 -0.137133 -0.246651 -0.116747 -0.364941 -0.236563 0.027091 -0.128606 0.121178 0.136806 0.304368 0.296822 -0.010704 0.440172 -0.459402 -0.096293 -0.461045 -0.391378 -0.683504 -0.546500 0.236755 0.054842 0.075260 0.067741 0.412069 -0.084158 -0.403464 0.092924 -0.640720 -0.472768 -0.480998 -0.376890 -0.103755 -0.336850 -0.222618 0.416246 -0.198763 -0.104972 0.252610 -0.222535 0.539951 0.549422 0.570632 0.448211 0.397604 0.309146 -0.177123 -0.302907 0.043723 0.088031 0.348068 0.376521 0.219810 0.430061 -0.005041 -0.161808 -0.328389 -0.570075 -0.228135 -0.371911 0.288920 0.210869 0.228521 0.131904 0.301113 0.458133 0.068507 -0.359780 -0.391037 -0.103840 0.263302 0.195975
-0.029277 -0.387642 -0.146883 -0.099296 0.580625 0.523486 0.346528 0.320750 0.511452 0.678407 0.336264 -0.021922 0.506411 0.368333 0.299326 0.325905 0.347548 -0.143858 0.113236 0.281894 -0.161210 -0.527099 -0.081538 -0.413492 1.000000 0.375000 0.451004 -0.396754 0.478006 0.310228 -0.466246 -0.297160 0.212700 0.099846 0.019765 0.032055 -0.274810 -0.190662 -0.251802 -0.426327 -0.167270 0.094723 -0.159965 -0.156393 0.128410 0.043102 -0.177841 -0.021844 -0.176797 -0.096044 -0.277420 -0.311599 -0.160823 -0.362746 -0.292839 -0.373970 -0.302335 -0.389046 0.268516 -0.153568 0.496853 0.369792 0.380506 0.317550 0.189201 0.187007 -0.258471 0.076160 -0.013034 0.170174 0.003094 -0.325743 0.230692 0.201772 0.257689 0.012516 0.149037 -0.074728 -0.348165 -0.407446 0.365243 0.160091 -0.188693 0.371271 -0.147404 -0.361691 -0.151918 -0.370662 -0.182229 -0.177121 -0.057788 0.429627 0.191479 -0.059527 -0.462033 -0.408416 -0.569152 -0.408956 -0.441615 -0.187097 0.219364 0.356133 0.074012 0.112382 -0.257418 -0.126899 -0.178691 -0.377723 -0.267723 -0.215836 0.044809 -0.110946 0.028597 -0.054479 -0.283246 -0.005658
-0.381598 -0.660883 0.122902 -0.038189 0.036944 0.279027 0.005181 0.080087 0.263226 0.136104 -0.340493 -0.253882 -0.158560 -0.150020 0.160314 -0.024300 -0.176293 -0.307398 -0.093883 -0.105612 0.249188 0.086431 0.414460 0.119627 0.375000 1.000000 0.272706 0.343958 -0.042669 0.063645 0.197438 0.514684 -0.012159 0.077609 0.259602 0.419232 -0.004392 0.156859 0.181304 0.101418 -0.022774 0.143916 -0.235532 -0.080951 -0.004946 0.140650 -0.277723 -0.027603 -0.185071 -0.289261 0.120250 -0.117005 -0.144156 -0.093011 -0.193890 -0.065640 -0.183737 -0.139709 -0.179974 -0.454081 -0.070817 -0.141375 -0.307597 -0.223064 0.178950 0.120483 0.052104 0.402043 0.116186 0.112199 -0.022966 0.168223 0.029747 0.042283 0.009832 0.160057 -0.012495 -0.009654 0.056797 0.095902 -0.181266 -0.029246 -0.068105 -0.099316 -0.187227 -0.238325 0.103870 -0.079838 -0.084859 -0.067652 -0.040566 0.275834 0.211103 0.291412 0.308011 0.056057 -0.096775 0.057277 -0.102053 -0.174409 -0.021392 -0.016691 0.045608 0.010156 0.079448 0.165858 -0.052552 -0.152107 -0.025581 0.217189 0.270759 -0.221769 -0.167699 -0.382060 -0.121642 -0.276734
-0.085850 -0.385128 -0.386214 -0.149879 0.614133 0.887258 -0.306487 -0.209575 0.373481 0.312334 0.049299 0.055766 -0.094293 -0.061490 0.290288 0.285568 0.119729 0.110991 0.059300 0.187741 0.031980 -0.046472 0.051566 0.096147 0.451004 0.272706 1.000000 0.205753 -0.144351 -0.023170 -0.525440 -0.236608 -0.182851 -0.206502 0.113130 0.168670 0.069300 -0.019654 0.367208 0.283065 -0.254116 -0.179033 -0.223623 -0.227567 -0.361994 -0.337139 -0.414611 -0.042348 -0.201371 -0.340887 -0.080234 -0.236361 0.139444 -0.009013 0.101399 -0.116411 -0.044005 0.055904 0.077596 -0.140602 -0.021638 0.030831 -0.027479 0.155963 -0.025395 0.101196 -0.171574 0.003155 0.344457 0.311416 0.157195 0.027358 -0.175994 -0.089581 -0.068370 0.106349 0.022521 -0.086868 -0.146766 -0.075092 0.404643 0.139767 -0.194021 0.123682 0.248135 -0.104150 0.017352 -0.260867 0.198506 0.167060 0.070947 0.258695 0.284991 -0.040078 -0.131550 0.041547 -0.414778 0.055113 -0.452024 -0.199282 -0.094504 -0.075744 -0.045000 0.219446 0.185211 -0.022519 0.054589 0.008977 -0.198200 0.129760 0.073197 -0.296293 -0.139327 -0.148017 -0.303688 0.054603
-0.189908 -0.261773 0.050425 -0.195778 -0.210136 0.074022 -0.646991 -0.415387 -0.100850 -0.470111 -0.580998 -0.148787 -0.721040 -0.658152 0.018764 -0.142222 -0.652271 -0.234420 -0.417807 -0.535421 0.194244 0.610264 0.290721 0.491934 -0.396754 0.343958 0.205753 1.000000 -0.430884 -0.380816 0.187661 0.232785 -0.418373 -0.304525 0.136017 0.217331 0.422513 0.404561 0.663311 0.741635 0.213682 0.006563 0.214733 0.366900 -0.293311 -0.094463 0.124923 0.338631 0.253744 -0.006255 0.596227 0.450907 0.263638 0.419894 0.256484 0.519594 0.332933 0.348690 -0.438474 -0.283452 -0.561159 -0.495485 -0.617697 -0.507273 -0.015174 -0.008262 0.043927 -0.000628 0.221005 -0.183504 -0.120770 0.212243 -0.238406 -0.368530 -0.271115 -0.050661 -0.269720 -0.135559 0.126824 0.201798 -0.510006 -0.398163 0.073330 -0.715547 0.328173 0.339142 0.186195 0.136838 0.383156 0.182445 -0.066245 -0.188628 -0.015351 0.112183 0.701365 0.458065 0.484893 0.546671 0.260131 0.130934 -0.533822 -0.372250 -0.276070 -0.098669 0.465474 0.185616 -0.042515 0.260642 0.195122 0.564381 0.310615 0.071893 -0.180392 -0.434462 0.067649 0.040038
0.207512 0.191732 -0.479099 -0.136348 -0.064210 -0.205934 -0.026459 0.048050 -0.172127 0.231041 0.196330 -0.201639 0.406245 0.248982 0.026474 0.205166 0.405597 0.179662 0.328170 0.418850 -0.386121 -0.522852 -0.312937 -0.525156 0.478006 -0.042669 -0.144351 -0.430884 1.000000 0.662846 -0.013030 -0.156026 0.491285 0.311016 -0.085032 -0.281425 0.059558 0.033624 -0.397471 -0.554760 0.312971 0.453467 -0.054390 -0.152773 0.012235 -0.160869 -0.095782 -0.111008 -0.100823 -0.083905 -0.333837 -0.149577 0.037061 -0.095777 -0.112715 -0.362089 0.149469 0.013725 0.073589 -0.119731 0.368727 0.287445 0.469614 0.447222 -0.054827 -0.114053 -0.270444 -0.257109 0.009665 0.011840 -0.153231 -0.306283 0.738648 0.645929 0.578864 0.266596 0.405486 0.087901 0.010655 0.067330 0.319073 0.461286 0.162038 0.307784 -0.318889 -0.307781 -0.320019 -0.346768 -0.343495 -0.224859 0.082817 0.250613 0.098663 -0.062742 -0.279368 -0.206775 -0.361627 -0.130582 -0.024541 0.187998 0.115268 0.182841 0.064695 0.128969 -0.264931 -0.144482 0.006155 -0.287999 0.095244 -0.096305 -0.125249 0.276503 0.191936 0.039789 -0.006169 0.299097
-0.029501 0.189720 -0.349322 -0.092573 0.000563 -0.094042 0.007979 0.152029 -0.077908 0.263156 0.236674 -0.005957 0.415307 0.456865 0.148587 0.304612 0.482440 0.385658 0.302056 0.543721 -0.362438 -0.303375 -0.304486 -0.347315 0.310228 0.063645 -0.023170 -0.380816 0.662846 1.000000 -0.056825 0.066683 0.412493 0.617374 -0.123442 -0.044106 -0.023077 0.062821 -0.214440 -0.474102 0.326056 0.300268 -0.320787 -0.417045 -0.144125 -0.238894 -0.353428 -0.368142 -0.369336 -0.432186 -0.626078 -0.470974 -0.214369 -0.325314 -0.179048 -0.503604 -0.109013 -0.245346 0.099511 -0.048256 0.186409 0.340626 0.442064 0.648959 -0.083249 0.083978 -0.270435 0.057798 0.203379 0.188984 -0.025889 -0.191697 0.701748 0.625117 0.513052 0.238725 0.574996 0.484983 0.315252 0.128384 0.388059 0.641310 0.170808 0.460292 -0.375306 -0.451305 -0.477601 -0.489598 -0.293508 -0.357528 -0.016072 0.077689 0.210862 0.023805 -0.344913 -0.135058 -0.565273 -0.002944 -0.225453 0.083053 0.370378 0.210186 0.372973 0.340941 0.009315 -0.152005 0.300951 -0.043833 -0.025720 -0.281777 -0.022185 0.070734 0.033186 -0.036922 -0.074218 0.190398
-0.188160 -0.010112 0.335336 0.232240 -0.758920 -0.632425 0.051641 0.001871 -0.421998 -0.439339 -0.516062 -0.286347 -0.320605 -0.279719 -0.329442 -0.392856 -0.347457 -0.235491 0.170184 -0.015774 0.443133 0.167334 0.275161 0.207977 -0.466246 0.197438 -0.525440 0.187661 -0.013030 -0.056825 1.000000 0.763689 0.255797 0.208029 0.038012 0.001010 0.005184 -0.108765 -0.151025 -0.096029 0.139132 0.349792 0.083818 0.191633 0.200697 0.291900 0.102841 0.105357 -0.010337 0.021185 0.180205 0.101387 -0.057043 0.147564 0.034954 0.105232 0.008280 0.077616 -0.281621 -0.152582 -0.346719 -0.332508 -0.365040 -0.396339 -0.109384 -0.330478 0.204048 0.233218 -0.133434 -0.183492 -0.015772 0.419862 0.055971 0.273669 -0.016138 0.182392 -0.178683 -0.157871 0.193739 0.486114 -0.306715 -0.056344 0.161770 -0.205301 -0.237222 0.118377 -0.058673 0.127568 -0.383096 -0.095619 0.091611 -0.076250 -0.089805 0.168660 0.514626 0.276095 0.397318 0.332032 0.548284 0.208658 -0.220435 -0.210403 -0.121503 -0.377926 -0.240708 0.074323 0.178219 -0.134589 0.666073 0.245745 0.301148 0.114204 -0.124660 -0.169406 0.273038 0.141630
-0.409587 -0.282815 0.361436 0.222277 -0.429362 -0.245277 0.017483 0.119233 -0.158152 -0.278113 -0.484212 -0.118282 -0.325598 -0.136722 -0.178005 -0.319649 -0.346650 -0.192032 0.114312 0.033334 0.433821 0.308116 0.349174 0.333515 -0.297160 0.514684 -0.236608 0.232785 -0.156026 0.066683 0.763689 1.000000 0.227212 0.400958 0.086082 0.178568 -0.056462 -0.045848 0.111380 0.052698 0.072350 0.103869 -0.098243 0.042020 0.116261 0.261228 -0.125693 -0.074611 -0.251201 -0.248013 0.074849 -0.156740 -0.249336 -0.083845 -0.052273 0.015813 -0.206708 -0.071696 -0.276665 -0.279035 -0.383764 -0.276960 -0.500774 -0.365832 0.052205 -0.062588 0.126770 0.423008 -0.009917 -0.103972 -0.139983 0.470600 -0.116094 0.128116 -0.173308 0.123013 -0.101951 0.025703 0.257170 0.451844 -0.321747 -0.019845 0.018020 -0.097332 -0.206832 0.100643 -0.040998 0.066227 -0.197579 -0.269992 -0.059924 -0.154707 0.019711 0.158527 0.559529 0.435463 0.259811 0.328410 0.252321 -0.003106 -0.186114 -0.290362 -0.023976 -0.333519 -0.018773 0.195954 0.088655 -0.199343 0.504317 0.232256 0.353537 -0.094088 -0.215781 -0.274430 0.267325 -0.072831
-0.207960 -0.061232 -0.070581 0.020457 -0.161663 -0.266693 0.245575 -0.002342 -0.239692 0.037073 -0.107590 -0.327679 0.260191 0.172985 -0.324953 -0.087246 0.030782 -0.025583 0.433248 0.501987 -0.130104 -0.292898 -0.078652 -0.283845 0.212700 -0.012159 -0.182851 -0.418373 0.491285 0.412493 0.255797 0.227212 1.000000 0.757872 0.384090 0.153910 -0.113976 0.047792 -0.398497 -0.494490 0.299104 0.314733 -0.216116 -0.239115 0.101457 -0.053740 -0.320071 -0.424333 -0.208254 -0.260100 -0.201781 -0.301917 -0.171391 -0.201630 -0.207432 -0.524514 -0.232304 -0.207535 0.175115 -0.187122 0.365970 0.378036 0.215243 0.212575 0.226802 0.057713 0.285058 0.423888 0.065733 0.076420 -0.206672 -0.132481 0.477789 0.568749 0.317607 0.251877 0.298542 0.347718 0.019872 0.256052 0.014412 0.329000 0.091271 0.266583 -0.406277 -0.207632 -0.545826 -0.476930 -0.328540 -0.437215 -0.117687 0.192053 -0.109999 -0.037394 -0.061954 0.031758 -0.293881 -0.232554 -0.263676 -0.245745 -0.165730 0.195581 -0.124453 0.025598 -0.472237 -0.019347 -0.005375 -0.258631 0.229282 -0.023116 0.057297 -0.102179 -0.048317 0.082113 0.154856 -0.002627
-0.297929 -0.077704 0.065390 -0.038186 -0.046861 -0.208454 0.249127 0.300132 -0.006280 0.168186 -0.026020 0.115202 0.233199 0.463683 -0.139170 0.097836 0.073003 0.039371 0.142427 0.396148 -0.191398 0.078190 -0.245237 -0.249410 0.099846 0.077609 -0.206502 -0.304525 0.311016 0.617374 0.208029 0.400958 0.757872 1.000000 0.144151 0.181917 -0.310874 0.093576 -0.263608 -0.427139 0.417505 0.280274 -0.188633 -0.223223 0.019568 -0.022318 -0.266882 -0.445024 -0.359321 -0.396526 -0.335874 -0.393461 -0.379054 -0.324251 -0.326275 -0.499580 -0.235516 -0.440724 0.270639 -0.072054 0.159530 0.394747 0.205494 0.325862 0.203346 0.372455 0.065418 0.450447 -0.004631 0.002070 -0.144486 -0.118733 0.429581 0.487764 0.231800 0.200149 0.283254 0.601436 0.298331 0.108626 -0.074584 0.332837 -0.012065 0.196734 -0.324134 -0.101717 -0.583005 -0.572328 -0.168837 -0.555887 -0.353546 -0.114667 0.003798 -0.137260 -0.012898 0.180767 -0.264016 -0.169750 -0.325651 -0.155876 0.052731 0.156852 0.135883 0.060113 -0.246000 -0.155316 -0.040053 -0.222850 0.185461 -0.279062 0.080837 -0.189386 -0.093295 0.034778 0.206058 -0.137645
-0.250068 -0.179571 -0.075540 -0.015013 -0.323606 -0.060976 -0.038549 -0.366883 -0.094569 -0.203494 -0.437495 -0.474037 -0.229907 -0.338960 -0.145369 -0.222314 -0.320717 -0.070219 0.222295 0.096081 -0.027591 -0.053777 0.389887 0.174674 0.019765 0.259602 0.113130 0.136017 -0.085032 -0.123442 0.038012 0.086082 0.384090 0.144151 1.000000 0.760544 0.277190 0.474363 -0.102585 0.068309 0.037337 0.106557 -0.451358 -0.437649 -0.320476 -0.300126 -0.548971 -0.391923 -0.133582 -0.401117 0.193223 -0.029828 0.222458 0.326649 -0.102069 -0.223565 0.035400 0.153878 0.020985 -0.205619 0.230664 0.119155 -0.231766 -0.255094 0.313533 0.109381 0.591107 0.439894 0.386375 0.352900 -0.098022 0.060534 -0.011528 0.046578 -0.136302 0.306133 0.078353 0.318594 0.069339 0.205905 -0.092827 0.153364 0.292669 -0.050772 -0.116439 -0.169492 0.090433 -0.034811 -0.041362 0.105441 0.068555 0.528879 -0.068284 0.327963 0.209848 -0.074217 -0.247727 -0.184288 -0.420450 -0.648630 -0.202079 0.028206 -0.194969 0.264831 -0.143470 0.007001 0.122196 0.232908 -0.278525 0.367066 0.012744 -0.506828 -0.352454 -0.105200 -0.126077 -0.436599
-0.401602 -0.388280 0.072038 0.001016 -0.188165 0.096101 0.065868 -0.124709 0.099379 -0.030815 -0.354445 -0.209498 -0.211628 -0.148387 0.023893 -0.076031 -0.255878 -0.142027 0.078421 0.031989 -0.081480 0.134715 0.372090 0.131303 0.032055 0.419232 0.168670 0.217331 -0.281425 -0.044106 0.001010 0.178568 0.153910 0.181917 0.760544 1.000000 0.150798 0.294562 -0.103842 0.010018 0.018714 0.000357 -0.266117 -0.264625 -0.117398 -0.014605 -0.363438 -0.134977 -0.143583 -0.357115 0.164560 -0.071588 -0.157259 0.142929 -0.400413 -0.093775 -0.139059 -0.102045 -0.098183 -0.385148 0.015988 -0.181144 -0.164318 -0.275361 0.351729 0.280327 0.351168 0.651812 0.381779 0.288095 0.028902 0.033131 -0.054299 0.018356 -0.027120 0.228764 0.088325 0.394164 0.189991 0.073802 0.004149 0.163763 0.151820 0.056485 -0.066903 -0.251488 0.074863 -0.102703 -0.044447 -0.185371 -0.123144 0.328584 -0.047633 0.128485 0.168743 -0.279957 -0.236411 -0.155297 -0.314003 -0.553641 -0.073648 -0.063166 -0.114707 0.315949 -0.055767 -0.074737 0.055102 0.173045 -0.421531 0.131048 0.178642 -0.513985 -0.425582 -0.291968 -0.267643 -0.566887
