1.000000 0.611453 0.167279 0.058265 -0.374007 -0.518806 0.500965 0.231855 -0.334396 -0.410945 0.520835 0.549829 -0.135511 -0.007980 0.429759 0.194788 0.231592 0.050438 0.639321 0.352715 0.218912 0.190672 -0.042463 -0.183054 -0.470165 -0.361975 -0.353780 -0.347092 0.182951 0.107516 0.286831 -0.001572 0.505759 0.420311 0.081005 -0.209013 -0.363483 -0.298413 -0.424481 -0.230842 -0.195699 0.187632 -0.160385 -0.182599 -0.174166 -0.055511 -0.229500 -0.035841 -0.145519 -0.165069 -0.381880 -0.305701 -0.194642 -0.397645 -0.203926 -0.318094 0.232171 0.437726 0.014090 -0.074582 -0.074556 -0.179141 -0.194214 -0.159657 0.196880 0.004194 0.031972 0.290208 0.309510 0.186667 0.392656 0.489038 0.272888 0.194684 0.264406 0.276348 0.028394 -0.105503 -0.184655 0.198024 -0.094124 0.050478 0.422922 0.464646 0.238238 0.103120 -0.129917 -0.081808 0.259166 -0.051419 -0.019443 -0.323630 -0.023967 0.354967 -0.087831 -0.186510 0.218965 0.195039 -0.029278 -0.170057 0.051205 -0.061606 -0.030151 0.186706 -0.213607 -0.356652 -0.459759 -0.695914 -0.252005 0.294655 0.370391 0.163913 -0.098576 0.056992 -0.338667 -0.571947
0.611453 1.000000 0.084884 0.002176 -0.298304 -0.319233 -0.064074 0.167321 -0.341709 -0.183517 0.283992 0.225585 -0.373323 -0.183457 -0.049318 -0.194846 -0.043977 -0.131506 0.597884 0.476582 -0.033841 0.086843 -0.001583 0.023475 -0.197969 -0.211201 -0.107562 -0.067303 -0.219090 -0.196046 0.014638 -0.378917 0.304470 0.131042 0.167468 -0.088857 -0.500411 -0.296724 -0.322848 -0.230834 -0.455658 -0.012429 -0.274063 -0.105262 -0.184829 -0.252878 -0.453123 -0.044231 0.212838 -0.007008 0.117550 0.296782 0.057245 -0.306134 -0.244261 -0.236714 0.230291 0.739307 0.533287 0.505300 0.124686 0.364556 -0.104385 0.123313 -0.033260 0.107349 0.407983 0.493883 0.635221 0.546027 0.057086 -0.000756 -0.000053 -0.011082 0.087893 -0.053134 -0.224109 -0.321315 -0.459232 -0.145009 -0.556664 -0.421188 0.047123 0.014388 -0.295864 -0.148207 0.073892 -0.211224 0.423578 -0.048149 0.137566 -0.281033 -0.131830 0.020272 -0.187466 0.064948 -0.018613 0.013635 0.064609 -0.207059 0.256698 -0.064601 0.134546 0.155290 -0.438931 -0.594933 -0.308325 -0.666248 -0.097367 0.439180 0.350062 -0.171766 0.064104 -0.306947 -0.570901 -0.761033
0.167279 0.084884 1.000000 0.518185 0.496513 0.246715 0.510053 0.660769 0.498535 0.427875 0.561513 0.139423 -0.108449 -0.180549 0.079665 -0.047047 -0.501142 -0.622733 0.121525 0.069406 -0.045384 0.085283 0.580200 0.166255 0.313639 0.305877 0.280385 0.378929 -0.539781 -0.494900 -0.065284 -0.304459 0.244071 -0.323750 0.257567 0.064116 -0.104929 -0.010206 0.310737 0.430213 -0.282720 -0.448760 -0.487689 -0.244358 -0.078315 0.059404 -0.100943 -0.287339 0.208578 -0.067984 0.107986 -0.055420 -0.564100 -0.200589 0.242091 0.257259 -0.321651 -0.135128 0.191748 0.123195 -0.582284 -0.385798 -0.543767 -0.599982 0.180307 0.234239 0.522994 0.571782 0.423839 0.491750 0.259700 -0.162600 -0.453625 -0.452515 -0.516344 -0.337780 -0.424104 0.085040 -0.451181 -0.527941 -0.391076 -0.434664 -0.185203 -0.097340 -0.248120 -0.265009 0.342554 0.016074 0.408687 0.059408 -0.101565 -0.153721 -0.111014 -0.080609 0.241420 0.168693 0.121672 -0.140456 -0.380657 -0.470402 0.322588 0.267448 -0.321668 -0.112896 -0.121912 -0.000484 -0.380708 -0.095850 0.163901 -0.191764 0.059779 -0.371344 -0.193371 -0.190400 -0.193186 -0.193045
0.058265 0.002176 0.518185 1.000000 0.022473 0.211516 0.343851 0.514887 0.172378 0.286319 0.424118 0.266694 0.067063 -0.237781 0.226915 0.263539 -0.284752 -0.332178 -0.101016 -0.008441 -0.017560 -0.155370 0.522884 0.430748 0.070504 0.150936 -0.010877 0.132304 -0.257492 -0.332129 -0.250030 -0.225622 -0.030693 -0.180803 0.101623 0.262529 -0.154361 -0.032275 0.049226 0.159986 -0.164638 -0.078966 -0.362404 -0.163617 -0.166090 -0.113952 0.005971 -0.289745 -0.086121 -0.446514 0.327735 -0.059197 -0.137654 -0.098571 0.372908 0.166938 -0.597065 -0.263273 -0.077904 -0.215710 -0.608449 -0.347642 -0.401457 -0.407774 -0.298745 0.376129 0.039716 0.176920 0.103795 0.161250 -0.035175 -0.296368 -0.120368 -0.167930 -0.136531 -0.297694 -0.239374 0.088327 -0.147310 -0.113312 -0.227657 -0.221978 -0.154500 0.128068 -0.335231 0.000423 0.293966 0.247997 0.179204 0.399796 0.090177 -0.206703 0.166357 -0.033954 0.074542 -0.141515 0.228867 0.123428 -0.105872 -0.183938 0.328096 0.201313 -0.092735 0.152721 0.365168 0.385501 0.183239 0.158035 -0.097361 -0.118605 0.020633 -0.013075 0.092427 0.070090 0.207043 -0.032154
-0.374007 -0.298304 0.496513 0.022473 1.000000 0.629430 0.047187 0.222151 0.853192 0.705723 0.128627 -0.319951 -0.193918 -0.072385 -0.456273 -0.208993 -0.604082 -0.480783 -0.150095 -0.074967 -0.412811 -0.257288 0.210596 0.101803 0.574668 0.533502 0.680052 0.426074 -0.570484 -0.387916 -0.322870 -0.257347 -0.063791 -0.360060 0.182477 0.064192 0.266090 0.165595 0.754839 0.705366 -0.135124 -0.497329 -0.202966 -0.040075 0.286340 0.340436 0.039944 -0.131533 0.140381 0.286629 0.065073 -0.063565 -0.430346 -0.068409 0.342007 0.534939 -0.232452 -0.312542 0.191612 0.115771 -0.201862 -0.128341 -0.160018 -0.376249 0.295444 0.136461 0.308207 0.160278 0.180019 0.243330 -0.001279 -0.284341 -0.645581 -0.416780 -0.605760 -0.257858 -0.117943 0.266262 -0.236865 -0.587497 -0.268668 -0.367593 -0.500918 -0.564300 -0.228315 -0.341360 0.213800 0.129668 0.140604 0.053499 -0.213438 0.003575 -0.119086 -0.445418 0.293033 0.321516 -0.042951 -0.007365 -0.395353 -0.384309 0.012673 0.079515 -0.485730 -0.505690 -0.298390 -0.095380 -0.173377 0.087496 0.046823 -0.217246 -0.161787 -0.342512 -0.151449 -0.324013 0.035398 0.287266
-0.518806 -0.319233 0.246715 0.211516 0.629430 1.000000 -0.065531 -0.120656 0.594258 0.861785 0.021090 -0.235972 -0.216914 -0.144641 -0.320635 0.016668 -0.519424 -0.347283 -0.341225 -0.200671 -0.245700 -0.328136 0.338489 0.304077 0.814352 0.824100 0.744219 0.676952 -0.248395 -0.252675 -0.170890 -0.084923 -0.106217 -0.176512 0.348539 0.351781 0.329375 0.130940 0.592462 0.636653 0.166617 -0.053974 -0.333346 -0.222545 -0.266899 -0.206053 -0.159863 -0.201971 -0.077670 -0.264313 0.422996 -0.049933 -0.270262 0.055401 0.342651 0.400257 -0.331169 -0.320040 -0.141494 -0.061134 -0.400386 -0.118027 -0.075529 -0.195018 0.205114 0.332902 0.102046 0.043363 -0.006040 -0.075476 -0.279334 -0.403044 -0.283800 -0.287376 -0.268776 -0.129200 0.076639 0.405370 0.016506 -0.186060 -0.181889 -0.310049 -0.399824 -0.339644 -0.097687 -0.021947 0.148681 0.198508 0.176085 0.368759 -0.347386 0.006987 -0.008941 -0.432431 -0.175734 0.185367 -0.296349 -0.094969 -0.452191 -0.336368 -0.036984 -0.048396 -0.516187 -0.510239 -0.004176 0.209234 -0.080711 0.125515 -0.110246 -0.493091 -0.340396 -0.159518 -0.127495 -0.232390 0.237383 0.296414
0.500965 -0.064074 0.510053 0.343851 0.047187 -0.065531 1.000000 0.506724 0.189328 -0.003015 0.510623 0.313845 0.149151 0.106615 0.445060 0.349326 0.068916 -0.065018 0.070734 0.120753 0.297107 0.158138 0.252582 -0.117032 -0.175020 -0.139772 -0.094650 -0.102704 0.192160 0.172510 0.213765 0.133991 0.073986 0.007893 -0.230585 -0.341849 -0.072980 -0.183427 -0.145491 0.237996 0.077127 0.071119 -0.270198 -0.400455 -0.302563 -0.030738 -0.063046 -0.214806 -0.196450 -0.358039 -0.363977 -0.496178 -0.242394 -0.057235 -0.025594 -0.103229 -0.155891 -0.224271 -0.273946 -0.411560 -0.386022 -0.443583 -0.284469 -0.356255 0.346579 0.169221 -0.160203 0.071988 -0.161002 -0.088479 0.445605 0.135318 0.172585 0.016156 -0.036532 0.222713 0.106667 0.133039 0.036547 0.186637 0.144333 0.143879 0.217917 0.433464 0.406333 -0.059380 -0.218045 -0.104151 0.133143 -0.113731 -0.136190 0.086734 0.143600 0.322795 -0.049623 -0.263604 0.046108 -0.002746 -0.221012 -0.067855 0.226898 0.201757 -0.009561 0.198941 0.265201 0.221467 -0.405567 -0.156645 -0.229208 -0.267188 -0.125550 0.141680 0.009708 0.400703 0.205545 0.024833
0.231855 0.167321 0.660769 0.514887 0.222151 -0.120656 0.506724 1.000000 0.357068 0.214422 0.563219 0.301542 0.192939 0.209711 0.262462 0.189030 -0.330563 -0.494882 -0.104910 0.024342 -0.055780 0.370335 0.272046 -0.033862 -0.141801 -0.043728 -0.127197 -0.021606 -0.370639 -0.271123 -0.228033 -0.263933 -0.187586 -0.420392 -0.028134 -0.047849 -0.439067 -0.159849 -0.139743 0.101915 -0.587853 -0.504804 -0.300017 -0.142395 0.188479 0.417198 -0.035031 -0.268905 0.292785 0.056940 0.089647 0.083051 -0.252482 -0.026695 -0.038865 -0.003471 -0.545660 -0.209114 0.243701 -0.000100 -0.472102 -0.158526 -0.516787 -0.587954 0.044070 0.421945 0.243395 0.431432 0.210319 0.411000 0.105762 -0.205479 -0.279695 -0.338945 -0.394504 -0.288628 -0.449958 -0.199021 -0.474272 -0.455072 -0.356064 -0.405224 -0.102020 0.070091 -0.292274 -0.509620 0.042677 0.041184 0.294630 -0.208580 0.376343 0.145502 0.331612 0.322256 0.271800 0.090439 0.275495 0.055569 0.028425 -0.015754 0.527380 0.206383 0.202700 0.401642 0.051856 0.014850 -0.177191 0.059829 0.136355 -0.046393 0.128725 -0.083289 0.376242 0.217751 0.022918 -0.078387
-0.334396 -0.341709 0.498535 0.172378 0.853192 0.594258 0.189328 0.357068 1.000000 0.675588 0.218994 -0.133130 -0.157778 0.145262 -0.319971 -0.104631 -0.380777 -0.296458 -0.172252 0.069419 -0.452967 -0.191361 0.230384 -0.060242 0.639583 0.553914 0.500611 0.280377 -0.318959 -0.190130 -0.165754 -0.098229 -0.089606 -0.264090 0.206868 0.048599 0.376656 0.204037 0.679466 0.637683 -0.006577 -0.325913 -0.273611 -0.107841 0.226585 0.357942 0.101175 -0.050444 -0.128819 0.177694 0.011687 -0.225120 -0.410165 -0.061245 0.267639 0.496958 -0.405511 -0.446015 0.091096 -0.129176 -0.335309 -0.239087 -0.094416 -0.336651 0.367289 0.162121 0.186746 0.026512 -0.045892 0.061538 -0.037652 -0.173722 -0.315417 -0.227930 -0.358816 -0.169267 0.075027 0.363233 -0.050374 -0.396273 -0.134354 -0.220557 -0.436066 -0.498012 -0.216983 -0.477681 0.034671 0.098832 -0.007187 -0.152087 -0.348282 -0.143712 -0.147443 -0.364859 0.164044 0.299727 -0.030715 -0.073935 -0.415931 -0.164563 -0.104585 0.099370 -0.435998 -0.333904 -0.077200 0.088513 -0.244292 0.192361 0.081355 -0.367286 -0.106350 -0.114167 0.014533 -0.128303 0.175953 0.419020
-0.410945 -0.183517 0.427875 0.286319 0.705723 0.861785 -0.003015 0.214422 0.675588 1.000000 0.142310 -0.006990 -0.165925 0.044623 -0.245654 0.109551 -0.634014 -0.497736 -0.332278 -0.117603 -0.286744 -0.175982 0.320473 0.311994 0.748222 0.764338 0.598844 0.537359 -0.372182 -0.273884 -0.251021 -0.135959 -0.132494 -0.177213 0.327163 0.369692 0.191712 0.119263 0.536591 0.542988 -0.117748 -0.221304 -0.476691 -0.294050 -0.182630 -0.015170 -0.306537 -0.308136 0.026906 -0.214527 0.441238 0.021030 -0.463633 -0.111213 0.245459 0.267794 -0.407828 -0.226752 -0.053276 -0.045500 -0.538098 -0.215376 -0.202245 -0.364032 0.259024 0.503706 0.170144 0.298707 0.194337 0.200939 -0.169608 -0.361884 -0.385595 -0.325760 -0.332222 -0.081715 -0.126477 0.405209 -0.134538 -0.469205 -0.233568 -0.403245 -0.394365 -0.283634 -0.217179 -0.139996 0.293851 0.024040 0.301525 0.170447 -0.197518 0.011405 0.067399 -0.362504 0.033460 0.351886 -0.266212 -0.074089 -0.545210 -0.425802 0.026598 -0.009104 -0.486062 -0.464445 -0.129649 0.079576 -0.071899 0.089195 0.052494 -0.340753 -0.176558 -0.282088 -0.134345 -0.328721 0.031291 0.119356
0.520835 0.283992 0.561513 0.424118 0.128627 0.021090 0.510623 0.563219 0.218994 0.142310 1.000000 0.468815 0.132931 -0.031746 0.330326 0.222272 -0.298597 -0.377153 0.352059 0.076925 -0.015935 0.148915 0.292537 -0.021394 -0.044611 0.056890 0.048423 0.141192 -0.224457 -0.342752 -0.000780 -0.229312 0.299213 -0.005980 0.407274 0.119539 -0.416033 -0.151515 -0.037307 0.174693 -0.337312 -0.136813 -0.360238 -0.175713 0.032799 0.189088 -0.144411 -0.189460 0.056195 -0.049239 -0.061731 -0.004666 -0.405117 -0.125366 0.012543 0.055424 -0.171176 -0.061389 0.194394 0.072239 -0.373366 -0.136282 -0.479961 -0.547810 0.123947 0.333194 0.391739 0.487899 0.323168 0.210551 0.194714 0.090571 -0.180964 -0.231671 -0.179827 -0.194119 -0.257154 -0.013655 -0.491580 -0.156542 -0.405490 -0.322732 -0.001085 0.126433 -0.067628 -0.250449 0.044589 0.278393 0.200188 -0.042874 0.077429 -0.334975 0.009444 0.112880 -0.149677 -0.124327 0.172255 0.087840 -0.124571 -0.332355 0.265338 0.192760 -0.162219 0.128035 -0.191733 -0.128353 -0.378933 -0.453735 -0.359460 -0.075911 0.056480 -0.005571 0.063594 -0.059549 -0.169054 -0.311640
0.549829 0.225585 0.139423 0.266694 -0.319951 -0.235972 0.313845 0.301542 -0.133130 -0.006990 0.468815 1.000000 0.219476 0.576183 0.672433 0.657631 0.083611 0.158905 0.154670 -0.003388 0.133883 0.392807 0.058258 0.029964 -0.134271 0.065674 -0.415822 -0.121904 0.316727 0.249675 0.303546 0.367106 0.153249 0.499814 0.324261 0.289816 -0.151170 0.025250 -0.297832 -0.456966 -0.063675 0.284559 -0.424064 -0.381946 -0.286459 0.004622 -0.405218 -0.318061 -0.302639 -0.395741 0.028814 -0.287689 -0.461029 -0.503019 -0.175658 -0.458715 -0.062505 0.066513 -0.297173 -0.389970 -0.437451 -0.356067 -0.301627 -0.321107 0.304187 0.510119 -0.094960 0.313669 0.241028 -0.065654 0.377434 0.577709 0.347949 0.262203 0.479149 0.421607 0.045743 0.245951 0.003404 0.110257 0.099264 0.165992 0.377362 0.565132 0.299159 0.303739 0.170071 0.019453 0.184905 -0.076058 -0.025273 -0.361995 0.211638 0.349302 -0.134029 -0.134361 0.019386 0.022385 -0.240516 -0.254039 0.020603 -0.167193 -0.097822 0.184175 -0.150205 -0.109635 0.047011 -0.234633 -0.185092 0.072314 0.297650 0.118187 -0.288896 0.004543 -0.357211 -0.502561
-0.135511 -0.373323 -0.108449 0.067063 -0.193918 -0.216914 0.149151 0.192939 -0.157778 -0.165925 0.132931 0.219476 1.000000 0.445433 0.568161 0.550673 0.051722 0.171323 -0.497649 -0.543812 0.442853 0.545743 0.029106 -0.117916 -0.386827 -0.185586 -0.202433 0.054444 0.185796 0.156855 -0.042699 0.184245 -0.422959 -0.170248 -0.221493 0.136247 -0.316160 -0.167987 -0.374121 -0.282055 -0.027923 0.036595 0.082151 0.073382 0.164639 0.246959 -0.038691 -0.228975 0.320715 0.109537 0.176913 0.151845 0.017824 0.167248 -0.263502 -0.363443 -0.046356 -0.271231 -0.223035 -0.177224 0.005168 0.136275 -0.212106 -0.158816 -0.181715 0.213420 -0.246968 -0.115392 -0.280034 -0.181481 -0.058602 0.036634 0.045338 -0.048642 0.040212 0.011236 -0.240395 -0.285662 0.056428 0.202011 0.279311 0.241025 0.328713 0.423895 0.254348 0.037957 -0.077326 0.085512 -0.121891 -0.128112 0.345539 0.396382 0.411614 0.493490 -0.009374 -0.463695 -0.062654 -0.144561 0.167258 0.091675 0.194181 0.135517 0.354673 0.461115 0.156931 0.168520 0.289890 0.318554 -0.225579 -0.277525 -0.351697 0.098397 0.114859 0.366526 0.216327 0.044608
-0.007980 -0.183457 -0.180549 -0.237781 -0.072385 -0.144641 0.106615 0.209711 0.145262 0.044623 -0.031746 0.576183 0.445433 1.000000 0.413045 0.580082 0.205058 0.391253 -0.333698 -0.165834 0.054161 0.548293 -0.243359 -0.308526 -0.036514 0.085589 -0.281790 -0.117731 0.446950 0.549778 0.251982 0.554660 -0.405913 0.211673 -0.028788 0.051316 0.045456 0.007287 -0.214508 -0.372385 0.069289 0.119051 -0.168309 -0.274638 -0.036396 0.258875 -0.253080 -0.191737 -0.162991 -0.019854 -0.008373 -0.213329 -0.203098 -0.163847 -0.377726 -0.436159 -0.059622 -0.205211 -0.284519 -0.418428 -0.102081 -0.039280 0.017789 -0.058731 0.461733 0.398211 -0.339451 -0.111104 -0.194529 -0.323184 0.130506 0.429994 0.363796 0.242448 0.364019 0.471239 0.238214 0.156421 0.233872 0.129127 0.337478 0.285845 0.242065 0.300466 0.399641 -0.001229 -0.187490 -0.179869 -0.022575 -0.437322 -0.005680 0.151475 0.359791 0.393012 -0.113917 -0.086846 -0.217207 -0.189941 -0.115638 0.134812 -0.028711 -0.241967 0.190742 0.260854 -0.061626 -0.028587 0.134752 0.251372 -0.030265 -0.207019 -0.035354 0.150679 -0.022414 0.253276 -0.028642 0.005701
0.429759 -0.049318 0.079665 0.226915 -0.456273 -0.320635 0.445060 0.262462 -0.319971 -0.245654 0.330326 0.672433 0.568161 0.413045 1.000000 0.680670 0.170922 0.104023 -0.042728 -0.368036 0.663643 0.632935 0.249954 0.114464 -0.307870 -0.091333 -0.381498 -0.043212 0.473277 0.313657 0.428100 0.498637 0.077426 0.294875 -0.001539 0.075737 -0.252504 -0.065861 -0.623864 -0.572490 0.048459 0.402166 -0.164766 -0.188944 -0.239752 -0.041377 -0.176098 -0.294598 -0.078966 -0.252823 -0.066312 -0.212062 -0.330010 -0.159991 -0.386762 -0.628367 -0.071596 -0.022863 -0.489101 -0.432971 -0.336137 -0.383191 -0.306098 -0.316166 0.229845 0.232879 -0.196003 0.170487 -0.111538 -0.226490 0.414924 0.478636 0.409665 0.308694 0.451688 0.372007 -0.130074 -0.162035 0.014268 0.282216 0.236846 0.311330 0.682995 0.839863 0.515769 0.373720 -0.034826 0.131947 -0.013883 -0.096278 0.167118 0.108499 0.406449 0.765737 -0.055044 -0.381913 0.067163 0.126897 0.013254 0.021366 0.224183 0.241249 0.269844 0.469261 0.025666 -0.048738 0.056726 -0.102437 -0.161159 -0.027271 0.051716 0.430787 -0.046266 0.382079 -0.043050 -0.243064
0.194788 -0.194846 -0.047047 0.263539 -0.208993 0.016668 0.349326 0.189030 -0.104631 0.109551 0.222272 0.657631 0.550673 0.580082 0.680670 1.000000 0.135690 0.181334 -0.373689 -0.343182 0.382377 0.388942 0.002748 0.058090 -0.178353 0.090598 -0.249425 -0.020777 0.407494 0.489771 0.126928 0.433074 -0.283525 0.296806 -0.027811 0.269871 -0.138954 -0.174003 -0.377135 -0.290701 0.066544 0.252235 -0.339895 -0.446101 -0.342263 -0.092040 -0.317965 -0.346667 -0.138690 -0.476675 0.094155 -0.341489 -0.288957 -0.190822 -0.161876 -0.456193 -0.262989 -0.278232 -0.571899 -0.664611 -0.383368 -0.383351 -0.101567 -0.213530 0.185293 0.542170 -0.509551 -0.073568 -0.160676 -0.360524 0.113534 0.297834 0.412390 0.220653 0.335320 0.485876 0.159692 0.219706 0.250086 0.382123 0.334237 0.295333 0.277946 0.599473 0.445390 0.433331 -0.125939 0.046418 0.117504 0.190380 0.039022 0.141591 0.518041 0.441312 -0.156495 -0.404166 -0.124621 0.011180 -0.175123 -0.133283 0.082429 -0.176298 0.024428 0.246491 0.223838 0.240682 0.176208 0.085601 -0.335145 -0.283952 -0.173131 0.227161 -0.115679 0.301878 0.170768 -0.120800
0.231592 -0.043977 -0.501142 -0.284752 -0.604082 -0.519424 0.068916 -0.330563 -0.380777 -0.634014 -0.298597 0.083611 0.051722 0.205058 0.170922 0.135690 1.000000 0.819775 0.128308 0.223977 0.203059 0.083372 -0.468141 -0.493043 -0.351014 -0.516582 -0.567679 -0.636979 0.763664 0.741519 0.386238 0.412172 0.153038 0.567067 -0.301226 -0.347247 0.239088 -0.103458 -0.458518 -0.422682 0.504603 0.535827 0.243592 -0.128669 -0.199358 -0.279966 0.118307 0.207999 -0.408983 -0.193947 -0.507724 -0.406184 0.353755 -0.005549 -0.354153 -0.390227 0.352056 0.142028 -0.355621 -0.392773 0.460766 -0.089723 0.712374 0.689396 0.021863 -0.526514 -0.470922 -0.566361 -0.554591 -0.540877 0.098868 0.461362 0.811997 0.675952 0.611563 0.481718 0.655728 0.128995 0.683008 0.760067 0.679849 0.762437 0.339561 0.361459 0.365086 0.301245 -0.587132 -0.366905 -0.418070 -0.296003 -0.258797 -0.047637 -0.200279 0.223257 -0.333214 -0.370763 -0.191552 -0.244552 0.129965 0.386139 -0.488865 -0.178168 0.277906 0.324027 0.414864 0.209480 -0.012808 0.009421 -0.086171 -0.066580 -0.138628 0.329660 0.051718 0.286787 0.139187 0.062976
0.050438 -0.131506 -0.622733 -0.332178 -0.480783 -0.347283 -0.065018 -0.494882 -0.296458 -0.497736 -0.377153 0.158905 0.171323 0.391253 0.104023 0.181334 0.819775 1.000000 0.011377 0.171926 0.048457 0.027618 -0.490026 -0.414566 -0.227754 -0.345646 -0.415966 -0.432429 0.741422 0.689785 0.304133 0.501326 -0.037499 0.595048 -0.256860 -0.223262 0.372387 -0.001012 -0.224773 -0.399306 0.647361 0.631316 0.206276 -0.115618 -0.212494 -0.264482 -0.032071 0.074315 -0.445075 -0.178582 -0.301768 -0.365025 0.360374 -0.113337 -0.231193 -0.369143 0.446648 0.115531 -0.367762 -0.342099 0.535580 0.129118 0.630530 0.692398 0.077724 -0.314797 -0.494448 -0.600921 -0.507582 -0.597109 0.055578 0.483734 0.692246 0.608917 0.680484 0.513284 0.724086 0.201563 0.764029 0.726313 0.699967 0.791973 0.247318 0.283983 0.453417 0.349804 -0.387148 -0.321527 -0.433077 -0.252345 -0.357244 -0.130520 -0.173726 0.067831 -0.452519 -0.460112 -0.349775 -0.331415 0.020134 0.230439 -0.482472 -0.300837 0.196382 0.143928 0.235671 0.117421 0.228026 0.059566 -0.272661 -0.129510 -0.260449 0.196426 -0.177941 0.176887 0.091320 0.047056
0.639321 0.597884 0.121525 -0.101016 -0.150095 -0.341225 0.070734 -0.104910 -0.172252 -0.332278 0.352059 0.154670 -0.497649 -0.333698 -0.042728 -0.373689 0.128308 0.011377 1.000000 0.593358 -0.108568 -0.216501 -0.041879 -0.033740 -0.097313 -0.299276 -0.141401 -0.282384 0.005433 -0.158739 0.245530 -0.145117 0.714292 0.363222 0.224598 -0.207888 -0.047529 -0.047170 0.008300 -0.111627 0.003694 0.143535 0.021551 0.065616 0.035313 -0.103471 0.026482 0.266696 -0.226394 0.113625 -0.453218 -0.098632 -0.127332 -0.255972 -0.027936 0.060991 0.525827 0.567038 0.283589 0.268470 0.187149 -0.028846 0.012684 0.045837 0.150332 -0.393691 0.323979 0.246401 0.462281 0.287224 0.398504 0.396488 0.053776 0.171676 0.141710 0.029473 0.001880 -0.044629 -0.274331 -0.064774 -0.259609 -0.064579 0.141672 -0.001094 -0.039298 -0.014886 0.055758 -0.129322 -0.009514 -0.187320 -0.135994 -0.604023 -0.478004 -0.157499 -0.071045 0.094780 0.125878 0.188830 -0.012236 -0.138243 -0.154832 0.118808 -0.170313 -0.203653 -0.452977 -0.493326 -0.310159 -0.661525 -0.100408 0.509410 0.373813 0.060033 -0.175621 -0.395237 -0.536635 -0.421951
0.352715 0.476582 0.069406 -0.008441 -0.074967 -0.200671 0.120753 0.024342 0.069419 -0.117603 0.076925 -0.003388 -0.543812 -0.165834 -0.368036 -0.343182 0.223977 0.171926 0.593358 1.000000 -0.439116 -0.399312 -0.364116 -0.175998 -0.077781 -0.372518 -0.233505 -0.490263 -0.012430 0.017323 -0.084907 -0.260139 0.187512 0.165402 -0.144595 -0.313410 0.203551 -0.028578 0.165631 0.113412 0.133600 0.051448 0.048750 0.024651 -0.067401 -0.131041 0.116804 0.457973 -0.205118 -0.005164 -0.345634 -0.065681 0.250336 0.001538 0.213811 0.264947 0.208806 0.326280 0.320328 0.129996 0.245994 0.034434 0.181662 0.217963 -0.035368 -0.225133 -0.006929 0.074632 0.170478 0.287033 0.099187 0.055497 0.191703 0.041112 0.099453 -0.017904 0.215063 0.085622 0.052918 -0.009719 -0.082840 -0.040363 -0.206307 -0.205121 -0.304097 -0.326458 -0.163144 -0.399868 -0.152288 -0.237190 -0.205048 -0.441227 -0.353727 -0.332347 0.003144 0.262397 0.091102 0.100771 0.060809 0.125925 -0.234259 -0.084417 -0.123725 -0.287587 -0.064385 -0.140229 -0.285853 -0.350990 0.117771 0.302691 0.310908 0.026007 0.011935 -0.117157 -0.136129 -0.104425
0.218912 -0.033841 -0.045384 -0.017560 -0.412811 -0.245700 0.297107 -0.055780 -0.452967 -0.286744 -0.015935 0.133883 0.442853 0.054161 0.663643 0.382377 0.203059 0.048457 -0.108568 -0.439116 1.000000 0.433094 0.412301 0.195596 -0.217418 -0.120327 -0.009859 0.131329 0.410425 0.378207 0.596018 0.479015 0.112553 0.184239 -0.270268 -0.299138 -0.326441 -0.276735 -0.639756 -0.408294 -0.023716 0.373072 -0.173561 -0.208404 -0.347364 -0.333986 -0.292137 -0.296696 0.023574 -0.167407 -0.117558 -0.069778 -0.165713 -0.054917 -0.617760 -0.687980 0.167458 0.167347 -0.278253 -0.132891 -0.044916 -0.149162 0.033199 0.108259 0.213029 -0.085111 -0.096471 -0.012077 -0.215009 -0.203949 0.315027 0.223130 0.307926 0.358805 0.275019 0.405584 -0.109508 -0.291932 0.038502 0.338226 0.208947 0.268459 0.677060 0.626162 0.542491 0.376374 -0.038651 -0.071027 0.166763 -0.054348 -0.011258 0.337453 0.114547 0.477459 -0.138278 -0.513176 -0.221705 -0.035416 -0.122919 -0.074640 0.218232 0.441561 0.376957 0.446993 0.073573 -0.080397 -0.056785 -0.089649 -0.179171 -0.107003 -0.179457 0.200317 -0.108490 0.199316 -0.072176 -0.240276
0.190672 0.086843 0.085283 -0.155370 -0.257288 -0.328136 0.158138 0.370335 -0.191361 -0.175982 0.148915 0.392807 0.545743 0.548293 0.632935 0.388942 0.083372 0.027618 -0.216501 -0.399312 0.433094 1.000000 0.001515 -0.327013 -0.248924 -0.092496 -0.307485 0.074238 0.187315 0.158957 0.185980 0.227603 -0.102547 -0.009434 0.078558 0.044259 -0.347947 -0.255965 -0.561039 -0.523490 -0.243398 -0.029928 -0.073068 -0.063860 -0.038148 0.201701 -0.258268 -0.256772 0.406097 0.121163 0.115433 0.055331 -0.207312 -0.146035 -0.492462 -0.575511 0.018253 0.097915 -0.150770 -0.012319 -0.090748 0.075462 -0.248394 -0.181610 0.223224 0.231682 0.103708 0.321688 0.002343 0.041038 0.136542 0.207668 0.164146 -0.083663 0.134345 0.139411 -0.344056 -0.425338 -0.066284 0.046410 0.128739 0.096925 0.423616 0.531786 0.334410 0.019864 -0.085419 -0.015843 0.153079 -0.407256 0.257404 0.328615 0.363846 0.733474 0.019501 -0.135361 -0.024360 -0.287358 0.076722 0.095699 0.296603 0.067673 0.386734 0.510136 -0.135186 -0.227685 -0.084953 -0.075068 0.123504 -0.102703 -0.020866 0.094479 0.067515 0.276638 -0.227667 -0.290275
-0.042463 -0.001583 0.580200 0.522884 0.210596 0.338489 0.252582 0.272046 0.230384 0.320473 0.292537 0.058258 0.029106 -0.243359 0.249954 0.002748 -0.468141 -0.490026 -0.041879 -0.364116 0.412301 0.001515 1.000000 0.535752 0.440612 0.527966 0.489909 0.649719 -0.262456 -0.309489 0.323217 0.046820 0.220492 -0.221385 0.183546 0.059989 -0.188186 0.072741 0.085403 0.184508 -0.222666 -0.020231 -0.540275 -0.218156 -0.197323 -0.218082 -0.254365 -0.443290 -0.050322 -0.169758 0.325078 0.034444 -0.483306 -0.201543 -0.101850 -0.053052 -0.307729 -0.085951 0.096088 0.081479 -0.571108 -0.232576 -0.401054 -0.328456 0.192227 0.198592 0.443424 0.247190 0.223700 0.156851 0.184312 -0.137822 -0.271410 -0.017758 -0.160745 -0.124199 -0.327838 -0.006014 -0.380230 -0.289143 -0.399227 -0.334914 0.107585 -0.021648 -0.039369 0.001558 0.463331 0.202754 0.421157 0.219810 -0.165770 -0.096157 -0.150386 -0.095382 -0.052411 -0.152978 -0.093319 -0.059501 -0.426850 -0.427142 0.350846 0.469365 -0.108764 0.119986 -0.056704 -0.000066 -0.103364 0.053179 -0.083059 -0.206752 -0.024367 -0.172005 -0.145889 -0.211232 -0.146044 -0.169550
-0.183054 0.023475 0.166255 0.430748 0.101803 0.304077 -0.117032 -0.033862 -0.060242 0.311994 -0.021394 0.029964 -0.117916 -0.308526 0.114464 0.058090 -0.493043 -0.414566 -0.033740 -0.175998 0.195596 -0.327013 0.535752 1.000000 0.259893 0.311621 0.281959 0.368394 -0.266006 -0.293443 -0.003926 0.034233 -0.007145 -0.093622 0.032589 0.212071 -0.034509 0.309028 0.103343 -0.069949 -0.072471 0.104673 -0.249515 -0.072141 -0.198683 -0.306187 -0.116440 -0.291387 -0.010837 -0.211879 0.332509 0.265725 -0.216296 0.005033 0.150634 -0.005594 -0.220381 0.017573 0.027361 0.088021 -0.295438 -0.234228 -0.266952 -0.218959 -0.051220 0.243032 0.158086 0.310873 0.307765 0.167790 0.228215 -0.193079 -0.286292 0.046862 -0.027069 -0.112772 -0.311389 0.026864 -0.331117 -0.353899 -0.379714 -0.296917 -0.025742 0.012227 -0.192606 0.294514 0.557898 0.292273 0.077245 0.466658 0.156792 -0.041585 0.113424 -0.175111 0.175422 0.110529 0.007631 0.440159 -0.057719 -0.304959 0.335608 0.354706 -0.055821 -0.172135 -0.186810 -0.109009 0.383987 0.047279 0.026423 0.246599 0.101795 -0.010886 -0.178939 -0.251532 -0.108734 -0.111664
-0.470165 -0.197969 0.313639 0.070504 0.574668 0.814352 -0.175020 -0.141801 0.639583 0.748222 -0.044611 -0.134271 -0.386827 -0.036514 -0.307870 -0.178353 -0.351014 -0.227754 -0.097313 -0.077781 -0.217418 -0.248924 0.440612 0.259893 1.000000 0.852188 0.661206 0.616558 -0.139725 -0.147544 0.187774 0.130391 0.174502 0.037370 0.452711 0.217107 0.429305 0.243299 0.566489 0.405038 0.189702 0.025974 -0.423987 -0.259896 -0.252568 -0.238889 -0.213824 -0.190747 -0.251676 -0.128322 0.274783 -0.074055 -0.454881 -0.161783 0.083606 0.231021 -0.162373 -0.123888 -0.039883 0.027877 -0.341334 -0.199057 0.095389 -0.020318 0.438330 0.097850 0.329201 0.095109 0.073027 -0.051848 -0.082334 -0.104340 -0.165596 -0.021540 -0.084680 -0.006717 0.145224 0.451025 0.021001 -0.281517 -0.155537 -0.212264 -0.319355 -0.410256 -0.088907 -0.028505 0.240963 -0.002797 0.133406 0.038753 -0.548883 -0.225410 -0.335156 -0.496303 -0.192412 0.280049 -0.400610 -0.266763 -0.596409 -0.354779 -0.200891 0.065380 -0.478954 -0.470362 -0.172661 0.011851 -0.130971 0.091001 0.123596 -0.399433 -0.174785 -0.207654 -0.279539 -0.464277 -0.102221 0.148453
-0.361975 -0.211201 0.305877 0.150936 0.533502 0.824100 -0.139772 -0.043728 0.553914 0.764338 0.056890 0.065674 -0.185586 0.085589 -0.091333 0.090598 -0.516582 -0.345646 -0.299276 -0.372518 -0.120327 -0.092496 0.527966 0.311621 0.852188 1.000000 0.683509 0.768914 -0.212259 -0.184289 0.129329 0.125608 0.034528 -0.047021 0.550323 0.456882 0.233242 0.268759 0.475182 0.379368 0.002161 -0.034688 -0.526332 -0.288470 -0.231262 -0.116297 -0.338567 -0.361229 -0.162588 -0.202478 0.508271 -0.077936 -0.538309 -0.226947 0.116222 0.164112 -0.368795 -0.256097 -0.100408 -0.075124 -0.562024 -0.199787 -0.197232 -0.287771 0.385748 0.429917 0.268554 0.161041 0.159611 -0.057016 -0.125644 -0.085216 -0.227384 -0.107146 -0.098184 -0.001904 0.030603 0.424053 -0.093260 -0.267443 -0.239942 -0.309938 -0.193429 -0.284169 -0.030193 0.059198 0.320274 0.253394 0.339050 0.311618 -0.404960 -0.138375 -0.065173 -0.295160 -0.146521 0.183576 -0.246746 -0.147146 -0.583397 -0.456974 -0.044967 -0.090385 -0.523808 -0.333511 -0.186645 0.027764 -0.130856 0.102725 -0.025978 -0.422105 -0.070996 -0.211839 -0.276754 -0.303222 -0.043561 0.045799
-0.353780 -0.107562 0.280385 -0.010877 0.680052 0.744219 -0.094650 -0.127197 0.500611 0.598844 0.048423 -0.415822 -0.202433 -0.281790 -0.381498 -0.249425 -0.567679 -0.415966 -0.141401 -0.233505 -0.009859 -0.307485 0.489909 0.281959 0.661206 0.683509 1.000000 0.772672 -0.403018 -0.328084 0.019823 -0.128490 0.023054 -0.249044 0.231817 -0.048881 0.048314 -0.029746 0.501334 0.624740 -0.099125 -0.177484 -0.346805 -0.108588 -0.060489 -0.139327 -0.234110 -0.246418 0.084586 0.114560 0.249836 0.112218 -0.257292 0.002745 0.062742 0.301706 -0.091263 -0.082467 0.259667 0.332038 -0.100707 0.166225 -0.041770 -0.101584 0.279422 0.108618 0.398915 0.088695 0.098748 0.068651 -0.141713 -0.353002 -0.507445 -0.266706 -0.418698 -0.195254 -0.041648 0.085169 -0.293158 -0.307295 -0.427750 -0.469696 -0.228936 -0.447846 -0.112197 -0.197837 0.173364 0.180244 0.366624 0.260149 -0.358866 0.055334 -0.174902 -0.446505 -0.139732 -0.040189 -0.287138 -0.061053 -0.428495 -0.490067 0.134514 0.207492 -0.323119 -0.342276 -0.323590 -0.198179 -0.249732 -0.042148 -0.274675 -0.357376 -0.294866 -0.308532 -0.166714 -0.351371 0.018761 0.070806
-0.347092 -0.067303 0.378929 0.132304 0.426074 0.676952 -0.102704 -0.021606 0.280377 0.537359 0.141192 -0.121904 0.054444 -0.117731 -0.043212 -0.020777 -0.636979 -0.432429 -0.282384 -0.490263 0.131329 0.074238 0.649719 0.368394 0.616558 0.768914 0.772672 1.000000 -0.418973 -0.419639 0.076963 -0.065534 -0.018564 -0.315851 0.394872 0.291837 -0.115967 0.039713 0.294189 0.330268 -0.128893 -0.141030 -0.423554 -0.135218 -0.213644 -0.227232 -0.364267 -0.416368 0.274987 -0.026972 0.613286 0.272223 -0.339296 -0.042748 0.045162 0.098924 -0.199931 -0.143883 0.166986 0.335148 -0.326234 0.159523 -0.358723 -0.254105 0.184474 0.366041 0.507888 0.305735 0.267204 0.102603 -0.119441 -0.278256 -0.453111 -0.354187 -0.302231 -0.280236 -0.276821 -0.021905 -0.357493 -0.282673 -0.467912 -0.494023 -0.184563 -0.248920 -0.061139 -0.000869 0.350285 0.287863 0.431902 0.370737 -0.214242 0.044386 -0.052229 -0.201027 -0.217700 -0.059776 -0.256623 -0.251182 -0.362856 -0.529566 0.303555 0.079265 -0.239991 -0.149626 -0.280892 -0.105632 -0.144854 0.019760 -0.143236 -0.420696 -0.259380 -0.355645 -0.263207 -0.278274 -0.105709 -0.144957
0.182951 -0.219090 -0.539781 -0.257492 -0.570484 -0.248395 0.192160 -0.370639 -0.318959 -0.372182 -0.224457 0.316727 0.185796 0.446950 0.473277 0.407494 0.763664 0.741422 0.005433 -0.012430 0.410425 0.187315 -0.262456 -0.266006 -0.139725 -0.212259 -0.403018 -0.418973 1.000000 0.827585 0.613245 0.775394 0.062182 0.670454 -0.207465 -0.264273 0.260074 -0.090233 -0.472198 -0.461733 0.587774 0.741517 0.104332 -0.264035 -0.387351 -0.282914 -0.050844 0.021701 -0.619247 -0.364806 -0.450851 -0.507287 0.100250 -0.028676 -0.470501 -0.560140 0.311261 0.053128 -0.655169 -0.600112 0.166399 -0.215309 0.515029 0.437027 0.360711 -0.231143 -0.605424 -0.511000 -0.625764 -0.732917 0.181822 0.567587 0.853969 0.715391 0.749181 0.734818 0.653645 0.205373 0.669358 0.749579 0.724014 0.773113 0.576881 0.612119 0.732857 0.417863 -0.469930 -0.251135 -0.336034 -0.339401 -0.263546 0.064366 0.073925 0.382163 -0.441171 -0.398366 -0.328072 -0.089197 -0.043931 0.351950 -0.359490 -0.026831 0.254871 0.238451 0.306695 0.173411 0.100135 0.027837 -0.214580 -0.191110 -0.204552 0.529592 -0.013744 0.349208 0.172834 0.149387
0.107516 -0.196046 -0.494900 -0.332129 -0.387916 -0.252675 0.172510 -0.271123 -0.190130 -0.273884 -0.342752 0.249675 0.156855 0.549778 0.313657 0.489771 0.741519 0.689785 -0.158739 0.017323 0.378207 0.158957 -0.309489 -0.293443 -0.147544 -0.184289 -0.328084 -0.419639 0.827585 1.000000 0.518983 0.708336 -0.151465 0.571043 -0.385724 -0.323718 0.273429 -0.009860 -0.409906 -0.380823 0.439488 0.552258 -0.070835 -0.384306 -0.359119 -0.275309 -0.165912 0.036529 -0.512518 -0.309505 -0.403860 -0.491958 0.095047 -0.083242 -0.468379 -0.536166 0.139960 -0.056175 -0.523562 -0.638299 0.172905 -0.239032 0.610767 0.504549 0.368521 -0.102671 -0.653808 -0.558463 -0.573995 -0.668882 0.223592 0.502641 0.823086 0.749105 0.663330 0.835277 0.709819 0.316047 0.672584 0.678468 0.692772 0.694960 0.362797 0.417309 0.608094 0.389244 -0.496376 -0.418541 -0.220879 -0.274881 -0.326267 0.164704 0.063961 0.260593 -0.293385 -0.368061 -0.341129 -0.145064 -0.149977 0.264356 -0.345505 -0.141528 0.239946 0.263534 0.324208 0.173041 0.020563 0.114436 -0.179315 -0.132949 -0.133342 0.336589 -0.059091 0.331364 0.171353 0.085112
0.286831 0.014638 -0.065284 -0.250030 -0.322870 -0.170890 0.213765 -0.228033 -0.165754 -0.251021 -0.000780 0.303546 -0.042699 0.251982 0.428100 0.126928 0.386238 0.304133 0.245530 -0.084907 0.596018 0.185980 0.323217 -0.003926 0.187774 0.129329 0.019823 0.076963 0.613245 0.518983 1.000000 0.769975 0.426595 0.523036 0.011667 -0.392750 0.031652 -0.020258 -0.347938 -0.360594 0.221177 0.511393 -0.230441 -0.305569 -0.355649 -0.326196 -0.240012 -0.140094 -0.537452 -0.153993 -0.361184 -0.312893 -0.303564 -0.194790 -0.634742 -0.549789 0.294174 0.143859 -0.189045 -0.175082 -0.033247 -0.248341 0.254778 0.243567 0.633481 -0.249502 0.043964 -0.139288 -0.199822 -0.417265 0.448259 0.669610 0.498565 0.645212 0.511764 0.551502 0.365785 0.117008 0.159978 0.338162 0.220017 0.342518 0.532501 0.316135 0.593950 0.265915 -0.124553 -0.185531 0.044441 -0.305056 -0.493235 -0.171223 -0.329784 0.152351 -0.391481 -0.319115 -0.302888 -0.137864 -0.347789 -0.074429 -0.205873 0.207038 0.107652 0.206859 -0.064711 -0.139545 -0.268977 -0.157478 -0.081330 -0.171914 0.027762 0.220422 -0.290541 -0.020788 -0.261427 -0.175098
-0.001572 -0.378917 -0.304459 -0.225622 -0.257347 -0.084923 0.133991 -0.263933 -0.098229 -0.135959 -0.229312 0.367106 0.184245 0.554660 0.498637 0.433074 0.412172 0.501326 -0.145117 -0.260139 0.479015 0.227603 0.046820 0.034233 0.130391 0.125608 -0.128490 -0.065534 0.775394 0.708336 0.769975 1.000000 0.031870 0.573543 -0.134104 -0.262863 0.261526 0.086505 -0.290041 -0.467326 0.408115 0.552894 -0.078109 -0.304739 -0.299795 -0.149022 -0.128581 -0.219879 -0.601029 -0.227834 -0.337302 -0.437924 -0.229515 -0.131188 -0.480757 -0.578010 0.147400 -0.137620 -0.545344 -0.504195 -0.019120 -0.348174 0.335333 0.207410 0.607090 -0.069865 -0.344146 -0.334472 -0.479682 -0.677307 0.378146 0.667765 0.551171 0.653495 0.585227 0.687427 0.505392 0.246620 0.482771 0.415863 0.567790 0.615821 0.451743 0.444638 0.750359 0.446056 -0.135536 -0.093460 -0.199970 -0.277429 -0.370609 0.038468 0.023854 0.258169 -0.268735 -0.354258 -0.301710 -0.045676 -0.267729 0.079060 -0.227476 0.092135 0.177769 0.149830 0.104562 0.055909 0.173217 0.142838 -0.072818 -0.239202 -0.139896 0.338321 -0.294085 0.186773 0.012536 0.135850
0.505759 0.304470 0.244071 -0.030693 -0.063791 -0.106217 0.073986 -0.187586 -0.089606 -0.132494 0.299213 0.153249 -0.422959 -0.405913 0.077426 -0.283525 0.153038 -0.037499 0.714292 0.187512 0.112553 -0.102547 0.220492 -0.007145 0.174502 0.034528 0.023054 -0.018564 0.062182 -0.151465 0.426595 0.031870 1.000000 0.522557 0.414305 -0.063556 0.072995 -0.004987 0.018278 -0.052000 0.067094 0.284965 -0.050862 0.003693 -0.091167 -0.190018 -0.058032 0.017727 -0.258641 -0.026876 -0.339008 -0.258487 -0.433209 -0.442841 -0.114585 -0.081538 0.424191 0.484305 -0.000893 0.149338 -0.011847 -0.319481 0.084634 0.045913 0.240786 -0.489176 0.430346 0.271844 0.288454 0.176575 0.320831 0.458276 0.060957 0.258418 0.194989 0.098695 0.021966 0.100383 -0.064674 0.009346 -0.038504 0.117825 0.254238 0.106568 0.096473 0.237604 0.156166 0.002759 0.041396 -0.051874 -0.418872 -0.618577 -0.639820 -0.155870 -0.098595 0.049196 0.009351 -0.004745 -0.332586 -0.394345 -0.420939 0.120760 -0.412750 -0.274017 -0.329255 -0.339662 -0.418799 -0.630140 0.013809 0.169874 0.222765 0.007734 -0.413710 -0.494701 -0.517545 -0.385524
0.420311 0.131042 -0.323750 -0.180803 -0.360060 -0.176512 0.007893 -0.420392 -0.264090 -0.177213 -0.005980 0.499814 -0.170248 0.211673 0.294875 0.296806 0.567067 0.595048 0.363222 0.165402 0.184239 -0.009434 -0.221385 -0.093622 0.037370 -0.047021 -0.249044 -0.315851 0.670454 0.571043 0.523036 0.573543 0.522557 1.000000 0.176128 -0.081665 0.278321 -0.004566 -0.235383 -0.425071 0.414948 0.730317 -0.140399 -0.317149 -0.413107 -0.370655 -0.316446 -0.100291 -0.594319 -0.351539 -0.398894 -0.484489 -0.235942 -0.517418 -0.317609 -0.513349 0.428938 0.392807 -0.472273 -0.357767 0.163781 -0.323452 0.516293 0.404345 0.387651 -0.202472 -0.223297 -0.112458 -0.150849 -0.404707 0.299770 0.721184 0.622371 0.703542 0.750950 0.723796 0.591956 0.378924 0.503513 0.497576 0.498237 0.619811 0.390040 0.456442 0.503051 0.603556 -0.113361 -0.219789 -0.159929 -0.143897 -0.492148 -0.431483 -0.253196 0.048482 -0.386079 -0.271755 -0.320394 -0.073884 -0.347056 -0.213409 -0.533359 -0.116207 -0.146169 -0.117288 -0.123951 -0.210933 0.004755 -0.442322 -0.265585 0.056819 0.009765 0.221303 -0.465662 -0.212604 -0.304839 -0.324718
0.081005 0.167468 0.257567 0.101623 0.182477 0.348539 -0.230585 -0.028134 0.206868 0.327163 0.407274 0.324261 -0.221493 -0.028788 -0.001539 -0.027811 -0.301226 -0.256860 0.224598 -0.144595 -0.270268 0.078558 0.183546 0.032589 0.452711 0.550323 0.231817 0.394872 -0.207465 -0.385724 0.011667 -0.134104 0.414305 0.176128 1.000000 0.621057 0.052529 0.135923 0.319130 0.110137 -0.116146 -0.076508 -0.387573 -0.178488 -0.089979 0.045893 -0.276892 -0.202698 -0.059912 -0.097712 0.247997 -0.068354 -0.545776 -0.446687 0.127115 0.144913 0.013121 0.134851 0.013687 0.145756 -0.347796 -0.075040 -0.233337 -0.266571 0.182888 0.272177 0.483008 0.471686 0.446103 0.153260 -0.097403 0.053201 -0.182822 -0.222034 -0.044311 -0.110549 -0.133426 0.281523 -0.221997 -0.190251 -0.275848 -0.223090 -0.006498 -0.094078 -0.101311 0.109254 0.393973 0.437244 0.287211 0.144524 -0.157472 -0.469394 -0.160040 -0.175174 -0.162403 0.260386 -0.050295 -0.149575 -0.341518 -0.447344 -0.062450 -0.181986 -0.533057 -0.280210 -0.402590 -0.206061 -0.146289 -0.312577 -0.078551 -0.039341 0.178372 -0.213106 -0.261866 -0.486045 -0.443159 -0.323056
-0.209013 -0.088857 0.064116 0.262529 0.064192 0.351781 -0.341849 -0.047849 0.048599 0.369692 0.119539 0.289816 0.136247 0.051316 0.075737 0.269871 -0.347247 -0.223262 -0.207888 -0.313410 -0.299138 0.044259 0.059989 0.212071 0.217107 0.456882 -0.048881 0.291837 -0.264273 -0.323718 -0.392750 -0.262863 -0.063556 -0.081665 0.621057 1.000000 0.082730 0.332230 0.269644 0.029672 -0.013197 -0.085458 -0.182964 -0.009073 -0.027323 0.057921 -0.135126 -0.106539 0.141493 -0.224029 0.645677 0.116141 -0.278013 -0.185173 0.413301 0.205058 -0.264601 -0.148584 -0.213215 -0.143286 -0.474929 -0.128729 -0.401998 -0.360830 -0.301069 0.492382 0.019214 0.258129 0.382031 0.150836 -0.275103 -0.131085 -0.141624 -0.267983 -0.006324 -0.178054 -0.270106 0.296538 -0.062325 -0.145015 -0.099326 -0.152809 -0.149519 -0.040715 -0.247917 0.276733 0.419875 0.353711 0.084653 0.463886 0.185141 -0.204763 0.184164 -0.059082 0.088938 0.329767 0.085341 -0.041927 -0.087292 -0.221899 -0.067689 -0.373083 -0.471505 -0.242842 -0.062468 0.185615 0.245960 0.109332 0.068417 0.017486 0.143725 -0.152125 -0.146896 -0.202477 -0.086061 -0.128197
