1.000000 0.385891 -0.052283 0.331598 -0.042604 0.425395 -0.216590 -0.540096 0.205386 -0.103550 0.682535 0.308428 0.416016 -0.257116 0.491901 0.409135 0.018596 -0.087931 0.585076 0.164053 -0.247416 -0.331897 0.406238 0.562340 0.187975 0.421220 0.562647 0.650063 -0.207985 -0.316800 -0.414015 -0.474405 0.046868 -0.498572 0.005688 -0.283932 -0.216468 -0.052874 -0.050306 -0.013260 0.062346 -0.284644 -0.127405 -0.034930 -0.657999 -0.628877 0.131443 0.302010 -0.129381 -0.250669 -0.050615 0.098306 0.150603 0.164385 0.099019 0.106362 -0.192371 -0.218869 -0.237750 -0.122649 0.010312 -0.024032 -0.106787 0.029565 0.012985 0.043106 -0.375463 -0.289976 0.096753 -0.060855 -0.454035 -0.546763 -0.162308 -0.096386 0.084306 -0.300996 -0.040290 -0.119386 -0.312740 0.118348 -0.047443 -0.317289 0.350876 0.271875 0.521699 0.345830 0.409216 0.248596 0.646255 0.661024 0.168956 0.228383 0.500174 0.133964 -0.110883 -0.319459 0.087345 -0.159925 -0.126368 0.144393 0.184034 -0.106437 -0.396339 -0.089233 -0.094958 -0.315426 -0.113086 -0.095266 -0.036258 -0.047066 0.447645 -0.002547 0.099166 0.154586 -0.026477 -0.049134
0.385891 1.000000 -0.141667 0.234643 -0.047512 0.528428 -0.196673 -0.177008 0.125135 -0.080945 0.287913 0.441006 0.385379 0.168329 0.006939 0.707305 -0.293471 -0.262811 0.101596 0.082446 -0.511826 -0.125259 0.035308 0.268464 0.172344 0.113563 0.383121 0.536175 -0.574139 -0.427878 -0.660292 -0.789686 0.272581 -0.407185 0.187747 0.065161 0.005466 0.051858 -0.122716 0.142042 -0.287918 -0.186120 -0.294639 -0.308348 -0.428367 -0.539445 -0.043607 0.018561 0.140287 -0.164592 0.436004 0.644196 0.491472 0.465813 0.161110 -0.132165 0.206764 0.434423 0.040932 0.430729 -0.178244 -0.021456 -0.242875 -0.060291 -0.430266 0.081858 0.056721 -0.087913 0.421266 0.245812 -0.321088 -0.444413 -0.447901 -0.213937 -0.052550 -0.229519 -0.051684 -0.244291 -0.322151 -0.232053 -0.261939 -0.407107 0.023725 -0.090584 0.254647 0.242707 0.131298 0.363001 0.155663 0.392355 0.063754 -0.074557 0.131347 -0.001429 0.182240 -0.305409 0.195202 0.029940 -0.240528 -0.047821 0.083686 0.006337 -0.098944 0.129225 -0.049111 -0.254624 -0.275137 -0.262745 -0.001986 -0.058050 0.306677 0.135513 0.253454 -0.061730 -0.308160 -0.045278
-0.052283 -0.141667 1.000000 0.225676 -0.220772 -0.148809 0.701185 0.481242 -0.129979 -0.216127 0.263118 0.200253 0.201895 -0.360327 0.249278 -0.047071 0.006130 -0.147316 0.204277 -0.057757 0.379048 -0.040455 0.652293 0.328554 0.606268 0.389845 0.055918 -0.120383 -0.130540 -0.172738 0.494375 0.404780 -0.330266 -0.047614 0.269102 0.311323 -0.143727 0.316927 0.313590 0.003350 -0.008213 0.008619 -0.364757 -0.231874 -0.271605 -0.136786 -0.401350 -0.330600 -0.280702 -0.491105 -0.043068 -0.354836 -0.043711 -0.294665 0.316736 -0.140806 -0.207562 -0.186474 -0.140568 -0.380454 -0.451626 -0.516786 -0.415961 -0.632883 0.447034 0.028386 0.029795 0.202602 -0.000395 -0.040929 -0.074220 0.163005 -0.207418 -0.188655 0.027995 -0.084394 0.183414 0.057739 -0.253409 -0.025449 -0.292272 -0.379357 -0.187124 -0.234829 0.035693 -0.119221 -0.179852 -0.381317 0.303848 -0.097772 0.101643 0.197592 -0.049002 0.374030 0.043938 0.348384 0.013714 0.005502 -0.089333 -0.053141 -0.050621 0.034405 -0.294890 -0.352638 -0.343350 0.082117 0.500023 0.503990 0.317463 0.058587 0.319298 -0.263099 -0.381588 -0.251447 0.165433 0.329241
0.331598 0.234643 0.225676 1.000000 -0.301399 0.311668 -0.123714 0.115190 0.134340 -0.129952 0.384091 0.230037 -0.166942 -0.416478 0.201825 0.324252 0.086843 0.107719 0.587158 0.388993 -0.146914 0.307969 0.366135 0.437198 0.441432 0.277972 0.146063 0.334395 -0.433013 -0.340370 -0.142241 -0.033601 -0.128342 -0.503886 -0.008005 -0.198566 -0.276065 -0.131610 0.080543 0.007956 -0.090839 -0.373205 -0.331286 -0.108066 -0.559227 -0.513664 -0.279689 -0.041117 -0.356895 -0.359022 -0.239697 -0.167322 -0.153592 0.232023 -0.149292 -0.009098 0.201003 0.059947 -0.285407 -0.207235 -0.170851 -0.257239 -0.405889 -0.437448 0.159098 -0.143495 -0.260539 -0.131313 0.373443 0.124178 -0.392201 -0.327615 -0.453819 -0.263938 -0.085399 -0.354536 -0.328443 -0.255209 -0.074016 -0.064445 0.075907 -0.428243 0.250874 0.409762 0.366219 0.435887 0.527896 0.361237 0.529814 0.516214 0.228518 0.342692 0.663933 0.080167 0.214128 0.197081 -0.147627 0.235788 -0.061694 0.416241 0.076250 -0.156776 -0.398363 0.027263 -0.064509 -0.178272 0.012124 -0.155642 0.161132 0.305858 0.158142 0.189141 0.378216 0.219147 0.171699 -0.040420
-0.042604 -0.047512 -0.220772 -0.301399 1.000000 0.356482 0.120705 -0.027353 0.723548 0.842196 -0.265375 -0.405294 -0.023776 0.282562 -0.110803 -0.047716 -0.363991 -0.020885 -0.187929 -0.072242 -0.252653 -0.431472 -0.341449 -0.068773 -0.372935 -0.020986 0.459365 -0.016386 -0.009431 -0.034323 -0.084812 -0.123868 0.040719 0.205416 -0.028207 0.182932 -0.336108 -0.590768 -0.217621 -0.377822 0.030129 -0.187880 0.043440 0.036719 0.255254 0.235685 -0.096415 -0.208919 0.552537 0.299303 0.302296 0.320979 0.491196 0.066303 -0.099790 -0.282695 -0.381305 -0.300760 0.410543 0.341603 0.678233 0.526462 0.199341 0.450571 0.000487 0.059821 0.259806 0.222865 -0.457581 -0.088150 0.081991 -0.187230 0.018399 -0.156639 -0.169572 -0.148037 -0.331259 -0.329353 -0.112956 -0.133274 -0.105841 0.268473 -0.230294 -0.158542 -0.393121 -0.416220 -0.570354 -0.166469 -0.252304 0.012318 0.153240 0.098182 -0.024885 0.127469 -0.458940 -0.334628 -0.364617 -0.563776 -0.098908 -0.231170 0.588750 0.344421 0.416723 0.212841 0.369351 -0.086116 0.011893 -0.010061 -0.227913 -0.290454 -0.359484 -0.405979 0.005503 0.255081 -0.163637 0.014271
0.425395 0.528428 -0.148809 0.311668 0.356482 1.000000 -0.123680 -0.104373 0.608269 0.434552 0.135426 0.004357 0.341489 0.094748 0.061851 0.725022 -0.176465 -0.072658 0.214435 0.049838 -0.710738 -0.296018 0.004017 0.506628 -0.063917 0.185307 0.645226 0.590587 -0.490579 -0.553202 -0.640650 -0.650557 -0.007786 -0.415933 -0.056766 -0.026861 -0.302983 -0.427389 -0.058218 -0.112428 -0.040597 -0.550887 -0.334372 -0.343250 -0.485628 -0.550949 -0.094574 0.028516 0.318779 -0.110486 0.343012 0.484420 0.592871 0.501687 0.173419 -0.205585 0.027265 0.208262 0.104613 0.322661 0.253762 -0.037755 -0.089119 -0.045725 -0.393654 -0.180866 0.089092 -0.083232 0.220320 0.303624 -0.336783 -0.690926 -0.439014 -0.442056 -0.283922 -0.504128 -0.469661 -0.530663 -0.205845 0.042312 0.013363 -0.120084 -0.052108 -0.056593 -0.007705 -0.018977 0.073047 0.463862 0.164387 0.516582 0.522101 0.354149 0.515309 0.075872 0.056423 -0.394509 -0.026452 -0.221650 -0.168330 0.142614 0.511453 0.195720 -0.051883 0.395348 0.348517 -0.175647 -0.054069 -0.098424 -0.119731 0.049890 0.125726 0.156842 0.292888 0.131255 -0.228082 -0.113626
-0.216590 -0.196673 0.701185 -0.123714 0.120705 -0.123680 1.000000 0.672452 0.127380 0.122285 -0.163593 -0.180172 0.305365 0.205309 -0.155320 -0.144910 -0.265449 -0.186815 -0.047684 -0.352492 0.276091 -0.119862 0.068702 0.024345 0.173920 0.170891 0.057992 -0.307192 0.026213 -0.055057 0.282320 0.287522 -0.488715 0.119004 -0.024099 0.375535 -0.245625 0.045764 -0.064981 -0.213059 -0.128992 0.010978 -0.025616 -0.050448 0.138777 0.244135 -0.204915 -0.249318 0.172815 -0.116297 0.225127 -0.035328 0.166664 -0.377648 0.163655 -0.406551 -0.239742 -0.333205 0.191551 0.040319 -0.085978 -0.133415 -0.329701 -0.246046 0.396209 0.153339 0.143724 0.214292 -0.274734 -0.133461 0.190118 0.296356 -0.133099 -0.207405 -0.165310 -0.134196 0.053571 -0.025834 -0.200024 -0.093030 -0.248058 -0.068707 -0.475484 -0.310966 -0.414914 -0.433468 -0.553481 -0.481118 -0.074015 -0.412779 0.283752 0.116372 -0.333714 0.477316 -0.065512 -0.020929 0.022872 -0.267590 0.036597 -0.234316 0.127757 0.485720 0.306412 0.035668 -0.000646 0.104387 0.629867 0.509216 0.151420 -0.186858 -0.031567 -0.338473 -0.497889 -0.351595 -0.091917 0.390834
-0.540096 -0.177008 0.481242 0.115190 -0.027353 -0.104373 0.672452 1.000000 0.050629 0.116753 -0.299654 -0.150631 0.034039 0.270868 -0.269291 -0.138118 -0.191626 -0.183392 -0.309738 -0.190685 0.179256 0.236337 -0.104120 -0.032797 0.133207 0.021321 -0.242264 -0.308399 -0.115936 -0.145499 0.270192 0.380732 -0.500353 0.145498 0.064475 0.410518 -0.083282 0.019167 0.054935 -0.061269 -0.233364 0.047249 -0.144638 -0.124687 0.238707 0.287375 -0.413462 -0.273327 0.114425 -0.137537 0.094255 -0.042297 -0.051719 -0.155608 0.012881 -0.447832 0.040123 -0.076055 0.175090 0.056458 -0.179594 -0.143900 -0.272920 -0.455518 0.236600 0.096764 0.191234 0.196170 -0.173492 0.001067 0.102839 0.389820 -0.354485 -0.372962 -0.417536 -0.147392 -0.298368 0.098495 0.144708 -0.335719 -0.059956 -0.175876 -0.336743 -0.182130 -0.429408 -0.377985 -0.288155 -0.171123 -0.263785 -0.494279 0.375761 0.162550 -0.167473 0.246724 0.186258 0.094396 -0.085347 0.031951 0.165193 -0.154008 -0.203879 0.344494 0.340519 0.150227 0.066156 0.354266 0.567020 0.198018 0.092800 0.034089 -0.151714 -0.134554 -0.232165 -0.229666 -0.070651 0.203270
0.205386 0.125135 -0.129979 0.134340 0.723548 0.608269 0.127380 0.050629 1.000000 0.803538 0.013218 -0.202243 0.125959 0.262585 0.069369 0.225908 -0.203512 0.106501 0.243143 -0.109175 -0.200868 -0.125536 -0.103110 0.116592 -0.188053 0.204592 0.658323 0.320875 -0.213260 -0.179328 -0.245293 -0.191845 -0.126416 -0.286764 -0.198923 -0.170787 -0.253282 -0.497297 -0.010493 -0.171370 0.108574 -0.418342 -0.009095 0.087023 -0.076925 -0.030736 -0.079957 0.031700 0.521189 0.261641 0.326051 0.271537 0.303179 0.047004 0.115444 -0.164217 -0.391293 -0.308932 -0.032325 0.109908 0.467126 0.232094 0.034125 0.257123 0.147985 -0.062581 -0.165187 -0.143406 -0.318438 -0.258803 -0.199273 -0.390686 -0.126075 -0.246938 -0.096419 -0.227575 -0.404516 -0.538397 -0.113955 0.020471 -0.051423 0.149987 0.001849 0.006084 -0.071054 -0.013964 -0.180866 0.193443 0.193856 0.339847 0.267841 0.157127 0.223108 0.080108 -0.320859 -0.342410 -0.133206 -0.461312 0.032567 0.228584 0.536141 0.231269 0.274453 0.190687 0.132527 -0.285844 -0.027089 -0.167569 0.039289 -0.162243 -0.180105 -0.028986 0.198075 0.384831 -0.086348 0.071947
-0.103550 -0.080945 -0.216127 -0.129952 0.842196 0.434552 0.122285 0.116753 0.803538 1.000000 -0.332055 -0.430933 -0.076326 0.361911 -0.190708 -0.000367 -0.189857 0.139438 -0.027770 -0.001111 -0.188319 -0.249873 -0.394422 -0.208849 -0.496050 -0.210387 0.325405 -0.106427 0.081835 0.098124 -0.055717 -0.085943 0.097029 0.144537 -0.187894 0.017367 -0.181278 -0.531010 -0.077083 -0.270513 0.183945 -0.150327 0.006231 0.007062 0.176420 0.166371 -0.049703 -0.153571 0.509347 0.268040 0.134665 0.167079 0.421832 0.128828 -0.099300 -0.186696 -0.319494 -0.237281 0.267317 0.180848 0.688835 0.502541 0.205274 0.448415 -0.055214 -0.156705 0.060653 0.040017 -0.446841 -0.071706 0.013010 -0.261167 0.150169 -0.081170 -0.056280 -0.039369 -0.337483 -0.354799 0.020660 0.022550 0.124008 0.440842 -0.225275 -0.087417 -0.401590 -0.361375 -0.472246 -0.094639 -0.208883 0.003542 0.200800 0.079042 0.047313 -0.109155 -0.247725 -0.151904 -0.300610 -0.377054 -0.001918 0.137946 0.615936 0.185813 0.424968 0.188117 0.311320 -0.046962 0.035589 -0.059561 -0.033222 -0.139247 -0.409555 -0.118571 0.268794 0.321563 0.009468 0.109816
0.682535 0.287913 0.263118 0.384091 -0.265375 0.135426 -0.163593 -0.299654 0.013218 -0.332055 1.000000 0.642203 0.456169 -0.359329 0.844742 0.326642 0.085478 -0.284681 0.465071 0.208606 0.150510 0.072459 0.791426 0.567258 0.598615 0.663410 0.477726 0.674769 -0.328199 -0.414214 -0.074387 -0.163667 -0.116069 -0.627831 0.099956 -0.318968 -0.074385 0.163481 0.118737 0.090550 0.205028 -0.197298 -0.241910 -0.060312 -0.639131 -0.556092 -0.118402 0.120098 -0.301439 -0.370684 -0.038180 -0.026499 -0.238347 -0.051606 0.225420 0.020148 -0.284682 -0.243623 -0.497934 -0.310600 -0.540671 -0.352943 -0.174020 -0.370044 0.287866 0.117583 -0.484298 -0.301202 0.105956 -0.125189 -0.445687 -0.254885 -0.305629 -0.074164 0.249784 -0.147860 0.105201 0.015367 -0.285821 -0.130292 -0.217964 -0.513041 0.595781 0.189217 0.874308 0.600512 0.559629 0.284554 0.822389 0.629161 0.036109 0.184784 0.453408 0.133587 -0.024639 -0.032916 0.000679 0.029746 -0.302186 0.073955 -0.172056 -0.247781 -0.476372 -0.403634 -0.586690 -0.252086 -0.169964 -0.149128 0.114982 0.017907 0.370741 -0.019765 0.102453 0.081155 0.168054 -0.028411
0.308428 0.441006 0.200253 0.230037 -0.405294 0.004357 -0.180172 -0.150631 -0.202243 -0.430933 0.642203 1.000000 0.438663 -0.175740 0.450819 0.445340 -0.012368 -0.298984 0.204283 -0.062123 -0.041357 0.127871 0.557794 0.345318 0.470655 0.455140 0.199954 0.442018 -0.208186 -0.250059 -0.010048 -0.032405 0.153802 -0.300116 0.287621 -0.102028 -0.002827 0.238358 0.086788 0.177594 -0.075994 -0.164853 -0.055861 0.052048 -0.276934 -0.289602 0.057133 0.219719 -0.188412 -0.108022 0.015319 0.032902 -0.131306 -0.064064 0.296956 0.129679 -0.005682 0.080950 -0.447995 -0.270315 -0.575856 -0.485671 -0.216084 -0.446633 0.028717 0.278114 -0.244572 -0.171106 0.293984 -0.058518 -0.492560 -0.340748 -0.314861 -0.255599 0.024004 -0.195333 0.187404 0.049910 -0.310328 -0.078141 -0.307314 -0.573550 0.187973 -0.043689 0.585966 0.525988 0.248735 0.115445 0.317303 0.396390 -0.182704 -0.208765 0.203604 -0.080394 0.092081 0.022762 0.217644 0.141677 -0.170159 -0.038904 -0.239096 -0.420133 -0.574185 -0.350031 -0.497061 -0.033182 -0.179553 -0.219561 0.177750 -0.089999 0.427607 0.020295 -0.070825 -0.143768 -0.044005 -0.070573
0.416016 0.385379 0.201895 -0.166942 -0.023776 0.341489 0.305365 0.034039 0.125959 -0.076326 0.456169 0.438663 1.000000 0.294388 0.318244 0.512644 -0.292562 -0.494654 0.037360 -0.322992 -0.124690 -0.238002 0.324133 0.458335 0.210018 0.524156 0.520763 0.522010 -0.249058 -0.507524 -0.258827 -0.371717 -0.207101 -0.335355 0.062204 0.100346 -0.103735 0.067747 -0.026859 0.117391 0.132800 -0.142076 0.022749 -0.082164 -0.230821 -0.248649 0.179580 0.218933 0.240007 -0.056744 0.349883 0.368087 0.328578 -0.033670 0.496413 -0.172165 -0.310948 -0.113206 -0.113105 0.169374 -0.276563 -0.262305 -0.227539 -0.191976 -0.143857 0.201681 -0.108222 -0.153795 -0.074900 -0.009062 -0.372111 -0.304042 -0.365130 -0.363277 -0.129713 -0.361979 -0.049562 -0.089962 -0.504143 -0.162444 -0.430222 -0.265321 -0.033500 -0.284995 0.192719 -0.053546 -0.094240 0.061801 0.239942 0.141888 0.368312 0.010489 -0.035938 0.219135 -0.075681 -0.313152 0.330554 -0.163305 -0.024362 -0.151666 -0.040148 0.156701 -0.079923 -0.082680 -0.202640 -0.070682 0.141024 0.104004 0.091784 -0.140641 0.238138 -0.099350 -0.147376 -0.177448 -0.167808 0.147995
-0.257116 0.168329 -0.360327 -0.416478 0.282562 0.094748 0.205309 0.270868 0.262585 0.361911 -0.359329 -0.175740 0.294388 1.000000 -0.332407 0.226079 -0.157704 0.021962 -0.354954 -0.198450 -0.188601 -0.057768 -0.601878 -0.251808 -0.554382 -0.327918 -0.058120 -0.143190 0.183482 0.201390 -0.401236 -0.304911 -0.256974 -0.027725 -0.516193 -0.150847 0.156071 -0.089838 -0.204219 0.058740 0.015166 0.057608 0.221859 -0.029881 0.290419 0.178747 0.284614 0.142572 0.463036 0.399861 0.334152 0.499107 0.271591 0.177362 -0.106023 -0.198230 0.159422 0.089946 0.036123 0.379253 0.212610 0.373009 0.225838 0.447188 -0.334315 -0.140208 -0.136805 -0.327803 -0.146051 0.179592 0.247309 0.114853 0.094748 -0.058504 -0.219083 -0.063265 -0.233992 -0.212680 0.048517 -0.084058 0.012960 0.284768 -0.122810 0.035476 -0.377588 -0.240439 -0.395136 0.185282 -0.418037 -0.284117 0.327903 -0.080236 -0.275187 -0.051823 0.155240 -0.259756 0.172361 0.023539 0.118320 -0.097392 0.108340 0.351974 0.745903 0.327932 0.277399 0.032954 0.222427 0.076943 0.004876 -0.056893 -0.333286 0.104747 -0.038923 -0.025828 -0.116442 -0.076509
0.491901 0.006939 0.249278 0.201825 -0.110803 0.061851 -0.155320 -0.269291 0.069369 -0.190708 0.844742 0.450819 0.318244 -0.332407 1.000000 0.177509 0.282882 -0.096444 0.333525 0.221808 0.308608 0.040311 0.775873 0.568602 0.554967 0.604359 0.488090 0.610161 -0.085266 -0.277097 0.052487 0.006443 -0.211182 -0.510545 0.003100 -0.451965 -0.032327 0.160924 0.240299 0.152645 0.297619 -0.165708 -0.210204 -0.029796 -0.562055 -0.436582 -0.134755 0.000556 -0.397200 -0.328766 -0.173269 -0.226102 -0.385454 -0.168886 0.190354 0.046352 -0.289688 -0.281399 -0.512298 -0.420740 -0.450898 -0.295902 0.168992 -0.234463 0.333930 -0.040514 -0.545116 -0.424065 0.141319 -0.192340 -0.196347 -0.080129 -0.113796 -0.061943 0.190187 -0.153853 0.119986 0.108986 -0.029086 0.061923 -0.021839 -0.284783 0.719578 0.263501 0.774065 0.426120 0.482844 0.244084 0.699862 0.519392 0.029563 0.296107 0.496675 0.212320 -0.126977 -0.034749 -0.164907 -0.053837 -0.397542 -0.010268 -0.088407 -0.271569 -0.324967 -0.319112 -0.490989 -0.007296 -0.167073 -0.129734 -0.010593 -0.023281 0.186574 -0.045469 0.007994 0.199401 0.347992 0.031160
0.409135 0.707305 -0.047071 0.324252 -0.047716 0.725022 -0.144910 -0.138118 0.225908 -0.000367 0.326642 0.445340 0.512644 0.226079 0.177509 1.000000 -0.102040 -0.123563 0.196541 0.125526 -0.593603 -0.062654 0.174566 0.619688 0.095356 0.239578 0.471434 0.580902 -0.461034 -0.411164 -0.689152 -0.635250 -0.127023 -0.650397 -0.114981 -0.159543 -0.133573 -0.053432 -0.041757 0.034196 -0.194035 -0.465690 -0.268242 -0.324005 -0.612729 -0.712588 0.135924 0.170858 0.133841 -0.155720 0.335136 0.515886 0.437022 0.580947 0.166712 -0.084386 0.258538 0.301153 -0.228681 0.163559 -0.167871 -0.342059 -0.154946 -0.196281 -0.472250 -0.272430 -0.142326 -0.338778 0.483631 0.452445 -0.228662 -0.553922 -0.475666 -0.393378 -0.232978 -0.452556 -0.255896 -0.424473 -0.281163 -0.023343 -0.146024 -0.352505 0.030509 0.076117 0.207431 0.209238 0.127199 0.557656 0.208926 0.470126 0.483389 0.347819 0.500828 0.174522 0.316187 -0.196522 0.127073 0.103313 -0.235873 0.137535 0.337140 0.083980 -0.118769 0.210978 0.162640 -0.115714 -0.026928 0.084467 -0.015703 0.206266 0.292306 0.295722 0.240898 0.074875 0.003137 -0.198617
0.018596 -0.293471 0.006130 0.086843 -0.363991 -0.176465 -0.265449 -0.191626 -0.203512 -0.189857 0.085478 -0.012368 -0.292562 -0.157704 0.282882 -0.102040 1.000000 0.695924 0.264038 0.453639 0.204290 0.039955 0.208273 -0.071700 0.071475 -0.185313 -0.337131 -0.160974 0.581747 0.397279 0.162506 0.165573 0.067215 -0.019234 -0.232329 -0.536235 0.274115 0.158917 0.232570 0.111914 0.359197 0.124737 -0.357983 -0.365939 -0.349936 -0.270763 -0.207705 -0.123986 -0.630753 -0.353717 -0.508646 -0.601608 -0.543269 0.051931 -0.330533 0.091591 0.434355 0.320808 -0.372670 -0.539903 -0.043760 -0.097072 0.642998 0.067080 0.005574 -0.584552 -0.379506 -0.445025 0.316650 0.010519 0.271712 0.189688 0.559753 0.518668 0.405275 0.319374 0.366533 0.261870 0.566013 0.564735 0.672678 0.349828 0.382817 0.400595 0.182333 0.181690 0.340734 0.294088 0.117946 -0.014858 -0.198464 0.147711 0.272541 -0.069073 0.278230 0.357967 -0.163371 0.345260 -0.237717 0.340817 -0.147008 -0.315435 -0.134182 -0.061455 -0.103123 0.092771 0.046761 0.038767 0.264318 0.396510 0.272642 0.501894 0.016971 0.165907 0.496301 -0.179468
-0.087931 -0.262811 -0.147316 0.107719 -0.020885 -0.072658 -0.186815 -0.183392 0.106501 0.139438 -0.284681 -0.298984 -0.494654 0.021962 -0.096444 -0.123563 0.695924 1.000000 0.460058 0.290725 0.021470 -0.099047 -0.123934 -0.213558 -0.243197 -0.397848 -0.202139 -0.319769 0.588806 0.640675 -0.004116 0.117722 0.106173 0.045419 -0.406605 -0.448160 0.322695 0.028211 0.289351 0.070726 0.384524 0.090857 -0.057740 -0.102347 -0.126674 -0.027594 0.032151 -0.027830 -0.264245 0.079906 -0.348880 -0.467019 -0.271392 0.202191 -0.337053 0.269274 0.316292 0.249919 -0.295224 -0.460121 0.333824 0.113114 0.523181 0.438859 -0.027378 -0.624803 -0.383332 -0.477393 0.224607 -0.010908 0.314474 0.051693 0.660900 0.480634 0.318628 0.288950 0.129645 -0.155789 0.449521 0.709896 0.572134 0.589422 0.070230 0.544401 -0.195016 0.031958 -0.010081 0.161802 -0.031159 -0.109870 -0.075710 0.100150 0.108752 -0.159580 -0.000416 0.339734 0.010400 0.200882 0.136488 0.497605 0.130379 -0.234889 0.057481 0.089584 0.175052 0.013350 0.116514 0.182545 0.388546 0.255392 0.047355 0.488703 0.090955 0.263110 0.371220 -0.056101
0.585076 0.101596 0.204277 0.587158 -0.187929 0.214435 -0.047684 -0.309738 0.243143 -0.027770 0.465071 0.204283 0.037360 -0.354954 0.333525 0.196541 0.264038 0.460058 1.000000 0.163861 0.020737 -0.064056 0.473941 0.289474 0.267671 0.183713 0.356076 0.252649 0.013703 0.085534 -0.090784 -0.064232 0.056972 -0.460688 -0.201996 -0.414056 0.028948 0.083630 0.270886 0.063731 0.409027 -0.158317 -0.099308 0.025150 -0.562260 -0.403849 0.067895 0.115218 -0.258547 -0.122844 -0.247938 -0.335906 -0.117762 0.106417 0.024165 0.279565 -0.135495 -0.112430 -0.499709 -0.508671 -0.003882 -0.203960 -0.122856 0.024232 0.254349 -0.254522 -0.596732 -0.436640 0.205879 -0.154618 -0.325943 -0.426185 0.142675 0.170412 0.415414 -0.027206 0.113284 -0.383815 -0.156732 0.481777 0.120189 0.031422 0.225814 0.469271 0.383443 0.466145 0.309199 0.144734 0.678991 0.470271 0.052747 0.115664 0.399707 -0.037522 -0.110130 0.210799 0.172894 0.038356 0.102394 0.583711 0.193108 -0.337933 -0.445919 -0.234035 -0.240044 -0.378208 0.072078 0.103239 0.480134 0.060021 0.246213 0.283447 0.250074 0.188532 0.244234 0.148539
0.164053 0.082446 -0.057757 0.388993 -0.072242 0.049838 -0.352492 -0.190685 -0.109175 -0.001111 0.208606 -0.062123 -0.322992 -0.198450 0.221808 0.125526 0.453639 0.290725 0.163861 1.000000 -0.090165 0.072801 0.134059 0.077646 0.136232 -0.105367 -0.141647 -0.002327 0.059226 0.046084 -0.099838 -0.181770 0.109739 -0.177842 -0.021567 -0.228936 -0.048428 -0.114347 -0.072949 -0.045433 0.095652 0.111339 -0.512949 -0.438872 -0.499823 -0.529185 -0.313452 -0.243073 -0.563200 -0.577868 -0.488726 -0.262556 -0.171536 0.470526 -0.590663 -0.170022 0.327135 0.225265 -0.035717 -0.164466 0.027951 0.185743 0.238620 0.062535 -0.136618 -0.453145 -0.136832 -0.104901 0.178646 0.486438 0.116872 0.011267 0.092983 0.361831 0.248958 0.102149 -0.005496 0.202814 0.229928 -0.135768 0.291826 0.031232 0.308978 0.480277 0.184879 0.014102 0.276046 0.332670 0.166938 0.104163 0.058964 0.470306 0.463679 0.059978 0.340031 0.407018 -0.478445 0.466293 -0.437291 0.247239 0.063439 -0.069635 0.014273 -0.004853 0.012637 0.004745 -0.118296 -0.006334 0.080305 0.586752 0.129262 0.177126 0.458888 0.369051 0.582911 -0.178968
-0.247416 -0.511826 0.379048 -0.146914 -0.252653 -0.710738 0.276091 0.179256 -0.200868 -0.188319 0.150510 -0.041357 -0.124690 -0.188601 0.308608 -0.593603 0.204290 0.021470 0.020737 -0.090165 1.000000 0.427400 0.346588 -0.261390 0.294763 0.145428 -0.221598 -0.251822 0.244168 0.311890 0.695310 0.641634 -0.153593 0.036169 0.033001 -0.124224 0.376729 0.499754 0.374069 0.247442 0.255940 0.454318 0.193554 0.309671 0.177921 0.324546 -0.013177 -0.109600 -0.239331 -0.037044 -0.226987 -0.551554 -0.632531 -0.651553 0.150106 0.195370 -0.363642 -0.418555 -0.345139 -0.460887 -0.372608 -0.181225 0.022074 -0.091463 0.573827 -0.000547 -0.352682 -0.134188 -0.324922 -0.557078 0.223491 0.645222 0.329889 0.377482 0.436888 0.520464 0.436953 0.424968 0.109436 -0.008727 -0.050171 0.134444 0.304901 0.015928 0.264367 0.110418 0.108076 -0.356553 0.314057 -0.270045 -0.395006 -0.157837 -0.352625 0.078601 -0.147749 0.389681 0.002700 0.077081 0.089984 0.149333 -0.383102 -0.154308 -0.003236 -0.510974 -0.604293 0.052724 0.002126 0.053357 0.206640 -0.015423 -0.107210 0.004760 -0.095179 0.152177 0.425377 0.411701
-0.331897 -0.125259 -0.040455 0.307969 -0.431472 -0.296018 -0.119862 0.236337 -0.125536 -0.249873 0.072459 0.127871 -0.238002 -0.057768 0.040311 -0.062654 0.039955 -0.099047 -0.064056 0.072801 0.427400 1.000000 0.068292 -0.158495 0.221254 0.056399 -0.231656 0.027205 -0.204567 0.020762 0.134889 0.358966 -0.247963 -0.337759 -0.133066 -0.246555 0.197503 0.212744 0.095709 0.099716 -0.158903 0.072817 0.211198 0.332966 0.126356 0.143144 0.083686 0.196662 -0.045466 0.115711 -0.021510 -0.110096 -0.590926 -0.176684 -0.009406 0.082109 0.070825 -0.096943 -0.354878 -0.115064 -0.468395 -0.385657 -0.181417 -0.313309 0.283994 -0.029916 -0.236690 -0.145586 0.037174 -0.119724 0.137016 0.375209 -0.171508 0.080578 0.101863 0.240279 0.038297 0.068063 0.262080 -0.254245 0.038501 -0.102312 0.270423 0.096836 0.308988 0.442529 0.419086 0.246937 0.171008 -0.036128 -0.155521 -0.010850 0.047268 -0.038498 0.236688 0.251756 0.034644 0.301580 0.067813 0.330752 -0.391227 -0.091161 0.079684 -0.169480 -0.388663 -0.035694 -0.273211 -0.241111 0.061865 0.231814 -0.258703 0.365047 0.344905 0.177794 0.318222 0.076028
0.406238 0.035308 0.652293 0.366135 -0.341449 0.004017 0.068702 -0.104120 -0.103110 -0.394422 0.791426 0.557794 0.324133 -0.601878 0.775873 0.174566 0.208273 -0.123934 0.473941 0.134059 0.346588 0.068292 1.000000 0.604624 0.786340 0.650735 0.381013 0.444971 -0.248812 -0.339771 0.281195 0.196342 -0.136801 -0.439349 0.304631 -0.101260 -0.000850 0.375878 0.463949 0.205043 0.234684 -0.046351 -0.343032 -0.132340 -0.582425 -0.445056 -0.231856 -0.063413 -0.435127 -0.471777 -0.152348 -0.385726 -0.275933 -0.196770 0.384742 0.138134 -0.297763 -0.165738 -0.546005 -0.560838 -0.611065 -0.650247 -0.214286 -0.558922 0.374962 -0.035357 -0.340134 -0.142773 0.164227 -0.134461 -0.345141 -0.102967 -0.212944 -0.085895 0.267955 -0.079532 0.247838 0.052634 -0.262753 0.071795 -0.237326 -0.450979 0.375915 0.037879 0.646126 0.378775 0.355124 0.012313 0.747078 0.415983 -0.058048 0.193394 0.313666 0.231874 -0.083493 0.283961 0.076154 0.057924 -0.208682 0.165002 -0.198851 -0.347709 -0.664444 -0.548656 -0.621939 -0.117087 0.027225 0.132266 0.289797 0.083666 0.454429 -0.032124 -0.074543 0.077268 0.313861 0.207349
0.562340 0.268464 0.328554 0.437198 -0.068773 0.506628 0.024345 -0.032797 0.116592 -0.208849 0.567258 0.345318 0.458335 -0.251808 0.568602 0.619688 -0.071700 -0.213558 0.289474 0.077646 -0.261390 -0.158495 0.604624 1.000000 0.497589 0.613378 0.574978 0.669233 -0.469530 -0.592278 -0.303886 -0.213517 -0.438745 -0.593259 0.113384 -0.034055 -0.290640 0.044797 0.171940 0.059515 -0.133641 -0.405512 -0.324817 -0.229229 -0.681263 -0.655037 -0.098546 0.021915 -0.172667 -0.392329 0.067953 0.102439 0.153238 0.244974 0.227630 -0.079133 -0.020679 -0.080605 -0.277098 -0.129958 -0.281943 -0.497177 -0.197012 -0.466883 -0.017826 -0.111366 -0.174110 -0.214552 0.365767 0.210352 -0.277713 -0.324365 -0.598582 -0.556658 -0.364615 -0.620899 -0.323167 -0.207888 -0.274115 -0.046052 -0.196408 -0.574168 0.260414 0.182540 0.336295 0.120687 0.285835 0.318722 0.494061 0.495205 0.542724 0.588166 0.650008 0.510122 0.024195 -0.175149 -0.031126 -0.080832 -0.179171 -0.065215 0.147042 0.059273 -0.375295 0.042941 0.066045 0.030855 0.218631 0.230714 -0.154432 0.102465 0.332121 -0.084303 -0.076127 0.146537 0.090806 -0.032705
0.187975 0.172344 0.606268 0.441432 -0.372935 -0.063917 0.173920 0.133207 -0.188053 -0.496050 0.598615 0.470655 0.210018 -0.554382 0.554967 0.095356 0.071475 -0.243197 0.267671 0.136232 0.294763 0.221254 0.786340 0.497589 1.000000 0.625078 0.259717 0.400313 -0.415539 -0.490039 0.235839 0.166377 -0.115039 -0.324938 0.442959 0.095494 -0.104071 0.266459 0.183419 0.139434 -0.058630 0.054988 -0.384720 -0.191566 -0.415541 -0.311260 -0.459181 -0.368266 -0.461915 -0.531862 -0.023644 -0.242398 -0.280745 -0.238037 0.137133 -0.236778 -0.027672 0.057540 -0.220830 -0.181016 -0.624276 -0.566413 -0.238877 -0.636045 0.341009 0.129886 -0.056064 0.055246 0.345219 -0.146489 -0.202020 0.112464 -0.446907 -0.126645 0.135825 -0.179881 0.251716 0.138359 -0.170597 -0.211762 -0.220593 -0.493754 0.298882 0.012945 0.511668 0.292553 0.354403 -0.000316 0.535627 0.219108 -0.126545 0.128003 0.227255 0.484798 -0.093410 0.122105 -0.122159 -0.032198 -0.335995 -0.085798 -0.302651 -0.083910 -0.455385 -0.244136 -0.510697 -0.100627 0.014685 -0.063780 0.090750 -0.030120 0.255243 -0.143033 -0.060611 0.034923 0.128597 0.293003
0.421220 0.113563 0.389845 0.277972 -0.020986 0.185307 0.170891 0.021321 0.204592 -0.210387 0.663410 0.455140 0.524156 -0.327918 0.604359 0.239578 -0.185313 -0.397848 0.183713 -0.105367 0.145428 0.056399 0.650735 0.613378 0.625078 1.000000 0.573171 0.657714 -0.449733 -0.652592 0.094808 0.060962 -0.321960 -0.408384 0.308885 0.063253 -0.343428 -0.141300 0.013989 0.007272 -0.040461 -0.401935 0.006393 0.180792 -0.292591 -0.210735 -0.154311 0.111483 -0.012077 -0.193692 0.172146 0.013076 -0.164523 -0.362726 0.409126 -0.162506 -0.422428 -0.355293 -0.223408 -0.133289 -0.391919 -0.457267 -0.368079 -0.513822 0.344964 0.353556 -0.112161 -0.001319 -0.096165 -0.336222 -0.428616 -0.156469 -0.574871 -0.432186 -0.198288 -0.412175 -0.200954 0.064976 -0.467118 -0.311733 -0.514337 -0.542534 0.224802 -0.073281 0.466557 0.159068 0.253846 0.077452 0.586901 0.353314 0.215777 0.270148 0.228651 0.439341 -0.271753 -0.195664 -0.065745 -0.213596 -0.120908 -0.115134 -0.102688 0.192208 -0.343706 -0.064120 -0.308411 -0.023679 -0.055482 -0.109930 -0.023594 -0.035678 0.348493 -0.197020 -0.180631 0.117589 -0.041055 0.093663
0.562647 0.383121 0.055918 0.146063 0.459365 0.645226 0.057992 -0.242264 0.658323 0.325405 0.477726 0.199954 0.520763 -0.058120 0.488090 0.471434 -0.337131 -0.202139 0.356076 -0.141647 -0.221598 -0.231656 0.381013 0.574978 0.259717 0.573171 1.000000 0.761633 -0.436536 -0.511234 -0.400957 -0.387980 -0.111108 -0.505891 0.022304 -0.088697 -0.264016 -0.232205 0.065177 -0.098962 0.088149 -0.411989 -0.044897 0.073523 -0.368125 -0.299592 0.020809 0.129967 0.331259 0.071331 0.412776 0.337715 0.349848 0.031188 0.415342 -0.079331 -0.515907 -0.300098 -0.129583 0.129439 0.030003 -0.131672 -0.130630 0.027354 0.132410 0.126063 -0.162669 -0.152735 -0.027200 -0.150615 -0.326980 -0.501003 -0.360085 -0.378880 -0.071036 -0.427288 -0.192934 -0.460472 -0.362579 0.011302 -0.276717 -0.173477 0.130479 -0.076381 0.295289 0.142255 -0.016021 0.137720 0.488220 0.567470 0.249051 0.203288 0.328671 0.266140 -0.467377 -0.449514 0.065500 -0.532454 -0.180599 0.020210 0.364054 0.061692 -0.111544 -0.000928 -0.134726 -0.265404 -0.199921 -0.117472 -0.067666 -0.325367 0.052015 -0.176949 0.057633 0.187415 -0.144684 0.205078
0.650063 0.536175 -0.120383 0.334395 -0.016386 0.590587 -0.307192 -0.308399 0.320875 -0.106427 0.674769 0.442018 0.522010 -0.143190 0.610161 0.580902 -0.160974 -0.319769 0.252649 -0.002327 -0.251822 0.027205 0.444971 0.669233 0.400313 0.657714 0.761633 1.000000 -0.586161 -0.698283 -0.519103 -0.499385 -0.086247 -0.665440 0.094670 -0.259222 -0.144861 -0.082147 0.066227 0.185844 -0.020623 -0.404290 -0.072432 0.054849 -0.507188 -0.511214 0.046028 0.286754 0.062471 -0.077346 0.269141 0.347257 0.070532 0.070848 0.393481 0.017950 -0.204662 -0.034880 -0.290863 0.126451 -0.305317 -0.265679 -0.142465 -0.183461 -0.066977 0.150541 -0.260993 -0.296985 0.248175 -0.068126 -0.484066 -0.456093 -0.546306 -0.427562 -0.171324 -0.494247 -0.259078 -0.197133 -0.273014 -0.116426 -0.201350 -0.429003 0.479438 0.086010 0.621617 0.403648 0.519326 0.469701 0.600280 0.710514 0.213330 0.204594 0.477807 0.141856 -0.181007 -0.470104 0.131555 -0.206687 -0.208052 0.049971 -0.019388 -0.062933 -0.287666 0.080119 -0.213135 -0.155628 -0.407687 -0.420961 -0.189979 -0.131324 0.211506 0.050062 0.179480 0.211147 -0.144035 0.039280
-0.207985 -0.574139 -0.130540 -0.433013 -0.009431 -0.490579 0.026213 -0.115936 -0.213260 0.081835 -0.328199 -0.208186 -0.249058 0.183482 -0.085266 -0.461034 0.581747 0.588806 0.013703 0.059226 0.244168 -0.204567 -0.248812 -0.469530 -0.415539 -0.449733 -0.436536 -0.586161 1.000000 0.762626 0.314236 0.357896 0.119737 0.510891 -0.377487 -0.289973 0.185272 0.009360 0.005401 -0.091391 0.387001 0.273922 0.210219 0.074532 0.295084 0.353150 0.188593 0.058311 -0.259857 0.160955 -0.479616 -0.529338 -0.336125 -0.181527 -0.332099 0.150361 0.130465 -0.051323 -0.037502 -0.372678 0.330587 0.309145 0.630279 0.465937 0.079917 -0.220882 -0.212592 -0.243233 -0.131636 -0.104449 0.399914 0.247081 0.826662 0.468053 0.229759 0.327016 0.341681 0.268728 0.446283 0.562260 0.528938 0.626202 -0.062751 0.203551 -0.300102 -0.222529 -0.293939 -0.267552 -0.383867 -0.434415 -0.232625 -0.167393 -0.187837 -0.213747 -0.032918 0.220367 -0.042333 0.098395 0.057354 0.025486 -0.018201 -0.219534 0.183751 -0.077907 0.079671 0.260198 0.194662 0.189706 0.201464 0.032459 -0.093175 0.101862 -0.264893 -0.098587 0.283989 -0.058123
-0.316800 -0.427878 -0.172738 -0.340370 -0.034323 -0.553202 -0.055057 -0.145499 -0.179328 0.098124 -0.414214 -0.250059 -0.507524 0.201390 -0.277097 -0.411164 0.397279 0.640675 0.085534 0.046084 0.311890 0.020762 -0.339771 -0.592278 -0.490039 -0.652592 -0.511234 -0.698283 0.762626 1.000000 0.253710 0.352430 0.169141 0.339183 -0.407387 -0.301423 0.483492 0.275188 0.135486 -0.010273 0.217807 0.406781 0.289882 0.197617 0.299411 0.343635 0.341491 0.074845 -0.085165 0.320746 -0.273857 -0.355109 -0.242743 -0.024023 -0.297835 0.378211 0.132346 -0.050291 -0.184792 -0.400466 0.261258 0.237049 0.466892 0.535157 0.073585 -0.321859 -0.299113 -0.290642 -0.089828 -0.094818 0.493405 0.321471 0.854355 0.617871 0.404154 0.594698 0.419040 0.056575 0.415044 0.503697 0.395737 0.610411 -0.086401 0.262657 -0.242280 -0.003415 -0.278849 -0.262357 -0.295276 -0.395104 -0.351464 -0.248235 -0.303214 -0.292642 0.004859 0.329794 0.077362 0.148200 0.227340 0.235504 0.057680 -0.274954 0.252263 -0.189219 0.016609 0.038970 0.106488 0.273266 0.194091 0.011413 -0.189608 0.183266 -0.044136 0.066242 0.309944 -0.031411
-0.414015 -0.660292 0.494375 -0.142241 -0.084812 -0.640650 0.282320 0.270192 -0.245293 -0.055717 -0.074387 -0.010048 -0.258827 -0.401236 0.052487 -0.689152 0.162506 -0.004116 -0.090784 -0.099838 0.695310 0.134889 0.281195 -0.303886 0.235839 0.094808 -0.400957 -0.519103 0.314236 0.253710 1.000000 0.844211 0.092111 0.513307 0.370118 0.271442 0.078725 0.175651 0.244316 0.065761 0.226052 0.354294 0.060738 0.168411 0.361136 0.455652 -0.216926 -0.332545 -0.272842 -0.114894 -0.410777 -0.687182 -0.416767 -0.592839 0.043196 0.082792 -0.293188 -0.260975 -0.015883 -0.475025 -0.075080 -0.134640 -0.021663 -0.264991 0.446392 0.149023 0.106143 0.343838 -0.390931 -0.420068 0.010699 0.399480 0.272489 0.211058 0.252054 0.375187 0.298757 0.411177 -0.010609 -0.039013 -0.123037 0.094220 -0.079589 -0.224542 -0.063129 -0.189568 -0.164244 -0.590804 -0.033367 -0.392084 -0.406105 -0.241808 -0.351583 -0.021764 -0.135801 0.523228 -0.203520 0.059325 0.138538 -0.034020 -0.224481 -0.174603 -0.254643 -0.457570 -0.333246 0.140070 0.225431 0.138459 0.201879 0.023480 -0.035758 -0.241502 -0.210393 0.054349 0.262378 0.235343
-0.474405 -0.789686 0.404780 -0.033601 -0.123868 -0.650557 0.287522 0.380732 -0.191845 -0.085943 -0.163667 -0.032405 -0.371717 -0.304911 0.006443 -0.635250 0.165573 0.117722 -0.064232 -0.181770 0.641634 0.358966 0.196342 -0.213517 0.166377 0.060962 -0.387980 -0.499385 0.357896 0.352430 0.844211 1.000000 -0.194394 0.373040 0.118045 0.112560 0.046062 0.152288 0.267124 -0.060964 0.064426 0.246997 0.249792 0.374771 0.444332 0.561293 -0.071103 -0.083096 -0.154384 0.119196 -0.334427 -0.672095 -0.558372 -0.598642 -0.022989 0.136270 -0.200195 -0.391185 -0.191757 -0.546396 -0.126697 -0.289889 -0.000004 -0.275204 0.561308 0.087111 -0.043338 0.157780 -0.313651 -0.395673 0.164441 0.485716 0.220106 0.057121 0.034020 0.234731 0.157482 0.263206 0.192000 0.083389 0.050005 0.072539 -0.090195 -0.026552 -0.134556 -0.065870 -0.146628 -0.500635 -0.074439 -0.373592 -0.264723 -0.095268 -0.196384 0.061414 -0.188856 0.415860 -0.112701 -0.017027 0.240010 0.051994 -0.258464 -0.155503 -0.136128 -0.340204 -0.228968 0.230562 0.276107 0.180496 0.132095 -0.038189 -0.161736 -0.162117 -0.294930 0.062001 0.260684 0.221172
0.046868 0.272581 -0.330266 -0.128342 0.040719 -0.007786 -0.488715 -0.500353 -0.126416 0.097029 -0.116069 0.153802 -0.207101 -0.256974 -0.211182 -0.127023 0.067215 0.106173 0.056972 0.109739 -0.153593 -0.247963 -0.136801 -0.438745 -0.115039 -0.321960 -0.111108 -0.086247 0.119737 0.169141 0.092111 -0.194394 1.000000 0.427822 0.400207 0.128993 0.191651 -0.024066 0.011959 0.117647 0.171784 0.301543 -0.015263 -0.030211 0.133282 0.044230 0.060229 -0.131453 -0.047549 0.073603 -0.128210 -0.060227 0.223513 0.078933 -0.041676 0.253307 0.052672 0.403401 0.232287 0.108290 0.265213 0.301925 0.160833 0.329369 -0.394589 0.070924 0.252003 0.227130 0.079347 -0.089302 -0.256928 -0.333543 0.350431 0.341167 0.412099 0.305084 0.366508 0.112965 -0.086202 0.153229 0.110170 0.269774 -0.111162 -0.179338 0.037318 0.048500 -0.036527 -0.241778 -0.173847 0.082969 -0.655074 -0.582281 -0.214398 -0.511457 -0.196548 0.095778 0.027304 -0.026578 -0.071832 0.124825 0.032988 -0.465864 -0.369081 -0.173333 -0.117279 -0.153236 -0.518104 -0.442224 0.071080 -0.165831 0.066910 0.037831 0.330877 0.076972 -0.145866 0.106997
-0.498572 -0.407185 -0.047614 -0.503886 0.205416 -0.415933 0.119004 0.145498 -0.286764 0.144537 -0.627831 -0.300116 -0.335355 -0.027725 -0.510545 -0.650397 -0.019234 0.045419 -0.460688 -0.177842 0.036169 -0.337759 -0.439349 -0.593259 -0.324938 -0.408384 -0.505891 -0.665440 0.510891 0.339183 0.513307 0.373040 0.427822 1.000000 0.278749 0.494256 -0.015332 -0.186648 -0.169588 -0.152160 0.012171 0.343958 0.155852 0.056818 0.682705 0.637085 -0.096504 -0.252338 -0.003627 0.139932 -0.225564 -0.250621 0.089341 -0.280255 -0.176869 -0.066883 0.026795 0.119519 0.600643 0.133492 0.426384 0.409926 0.220374 0.204930 -0.079921 0.309102 0.587361 0.567667 -0.273136 -0.078416 0.157927 0.216809 0.396052 0.146499 -0.070353 0.200246 0.159152 0.354563 0.150522 0.058727 0.115338 0.356512 -0.489882 -0.387244 -0.606742 -0.585480 -0.530996 -0.655571 -0.715878 -0.590623 -0.366785 -0.443888 -0.532219 -0.247927 -0.181182 0.062095 -0.142624 -0.133196 0.117069 -0.401252 -0.062412 -0.031534 0.082446 0.064965 0.229293 0.275761 0.128367 -0.024533 -0.117273 -0.231742 -0.178601 -0.378571 -0.342299 -0.263731 -0.287828 0.038025
0.005688 0.187747 0.269102 -0.008005 -0.028207 -0.056766 -0.024099 0.064475 -0.198923 -0.187894 0.099956 0.287621 0.062204 -0.516193 0.003100 -0.114981 -0.232329 -0.406605 -0.201996 -0.021567 0.033001 -0.133066 0.304631 0.113384 0.442959 0.308885 0.022304 0.094670 -0.377487 -0.407387 0.370118 0.118045 0.400207 0.278749 1.000000 0.708889 -0.068588 0.134611 0.066687 0.079366 -0.294719 0.190535 -0.251147 -0.105029 0.030134 0.038988 -0.382097 -0.293965 -0.086207 -0.350155 -0.031368 -0.110161 0.116109 -0.088614 0.191656 -0.111501 -0.205438 0.086386 0.308584 0.004276 -0.161400 -0.194060 -0.275080 -0.409282 0.011773 0.393032 0.526134 0.603045 -0.117402 -0.199355 -0.336767 -0.039795 -0.334724 -0.115535 -0.012897 0.066248 0.136051 0.436670 -0.238157 -0.410267 -0.404989 -0.397782 -0.240717 -0.404010 0.015927 -0.208995 -0.037163 -0.318523 -0.020928 -0.117849 -0.287353 -0.152711 -0.182934 0.111433 -0.146656 0.108763 -0.126949 -0.079086 -0.011911 -0.244017 -0.258976 -0.094659 -0.480779 -0.227097 -0.167135 0.165270 -0.116125 -0.142489 -0.053735 -0.102856 0.397199 -0.294979 -0.065891 -0.015711 -0.153862 0.174647
-0.283932 0.065161 0.311323 -0.198566 0.182932 -0.026861 0.375535 0.410518 -0.170787 0.017367 -0.318968 -0.102028 0.100346 -0.150847 -0.451965 -0.159543 -0.536235 -0.448160 -0.414056 -0.228936 -0.124224 -0.246555 -0.101260 -0.034055 0.095494 0.063253 -0.088697 -0.259222 -0.289973 -0.301423 0.271442 0.112560 0.128993 0.494256 0.708889 1.000000 -0.158698 -0.047149 -0.106093 -0.227100 -0.351402 0.167097 -0.119834 -0.139565 0.316289 0.295750 -0.313240 -0.307007 0.265141 -0.164672 0.224765 0.144645 0.424146 0.017978 0.141601 -0.334022 -0.186702 0.017095 0.658692 0.325651 0.064926 -0.059760 -0.417243 -0.335689 -0.062208 0.400053 0.798246 0.776051 -0.288536 0.041211 -0.057220 0.098276 -0.351442 -0.228894 -0.259121 0.010392 -0.080492 0.227213 -0.251611 -0.474360 -0.425255 -0.227822 -0.707601 -0.587909 -0.522044 -0.605637 -0.504674 -0.507300 -0.404244 -0.498406 0.074360 -0.063375 -0.417615 0.192179 -0.116051 0.033474 -0.063593 -0.174101 0.156439 -0.415216 -0.109986 0.287992 -0.070452 -0.000989 0.170251 0.230371 0.253471 0.227853 -0.079180 -0.119373 0.136551 -0.406400 -0.228497 -0.308012 -0.357665 0.164188
