1.000000 0.370776 0.032248 -0.307851 -0.200374 -0.462790 -0.047784 -0.150333 -0.322688 -0.347327 0.311275 0.130369 0.360865 0.348845 -0.143038 -0.087708 0.519769 0.471682 0.406849 0.116219 -0.118000 -0.304974 -0.344845 -0.639238 -0.652641 -0.756523 -0.285247 -0.480650 0.396543 0.585434 -0.113027 -0.425760 0.230072 -0.189283 -0.372703 -0.350450 0.178244 0.150319 -0.143303 -0.245924 0.235877 0.191032 -0.087338 -0.242350 -0.224118 -0.391989 0.091991 -0.238374 0.197718 -0.074922 -0.492170 0.471385 0.414039 0.733923 0.174999 0.197321 0.355779 0.151654 0.283441 -0.074930 0.089839 -0.063057 0.509682 0.698962 -0.427198 -0.423218 0.449882 -0.409068 0.203028 -0.309986 0.289585 -0.227817 0.611834 0.503886 0.535560 0.361237 0.492569 0.261291 0.108309 0.124259 0.437891 0.419039 -0.082576 0.174254 0.037649 -0.120632 -0.339489 -0.310375 -0.466439 -0.068107 -0.114434 0.038467 -0.328138 0.024205 -0.174738 0.193604 0.020547 -0.031027 0.238740 0.290299 -0.324564 0.574697 0.007312 -0.107168 -0.117489 -0.215942 -0.183079 0.147748 0.092061 0.103302 -0.310239 0.155038 0.135320 0.082989 0.054339 0.179413
0.370776 1.000000 0.018048 0.036145 -0.483034 -0.472059 -0.027706 0.013755 -0.481282 -0.396803 0.348585 0.310216 0.302703 0.148687 -0.004395 -0.016743 0.081513 0.234214 0.571197 0.643696 -0.581584 -0.404512 0.135254 -0.199320 -0.528106 -0.361229 -0.408804 -0.409818 0.173250 0.237085 -0.200275 -0.168666 0.081059 -0.397129 -0.587854 -0.526142 0.405922 0.317237 -0.316804 -0.220920 0.424245 0.450708 0.006806 -0.127541 -0.305234 -0.331795 -0.105595 -0.237964 -0.291252 -0.294389 0.160171 0.204552 0.362462 0.243104 -0.014567 0.293592 0.061475 0.435468 -0.250084 0.098371 -0.478493 -0.414412 0.269825 0.287531 -0.339017 -0.415583 0.009049 -0.376350 0.732489 0.320358 -0.239319 -0.432622 0.120624 0.061259 0.042963 0.168900 -0.028704 -0.228909 -0.135822 0.116192 0.315231 0.216665 0.231940 0.355982 0.160987 0.243045 -0.137575 -0.406391 -0.160470 0.088927 0.131230 -0.066578 -0.303423 -0.216002 -0.093320 0.333504 -0.145080 0.013898 0.211700 0.349284 0.047792 0.083296 0.340077 -0.261786 -0.152163 -0.440167 0.083758 0.464071 0.184578 -0.408786 -0.370038 0.420360 0.427455 0.375477 0.171333 0.618411
0.032248 0.018048 1.000000 0.303068 0.612002 0.267204 0.938156 0.648724 0.659003 -0.064733 -0.090508 -0.195749 0.404902 0.379350 0.612746 0.341205 -0.159447 -0.176512 0.453324 0.143480 0.073881 -0.159541 0.563549 0.240123 -0.253631 -0.166937 0.212199 0.129628 -0.357266 -0.338139 -0.144494 -0.093536 -0.335866 -0.326675 -0.461547 -0.337395 -0.570592 -0.500061 -0.348125 -0.352323 -0.605334 -0.494252 -0.417232 -0.523858 -0.400219 -0.357284 -0.426840 -0.322511 0.373883 -0.120646 0.219791 0.302267 0.348432 0.074545 -0.131160 -0.276362 -0.103575 0.103227 0.456724 0.439585 0.576951 0.348565 -0.183624 -0.196175 0.109514 0.218374 -0.054206 0.088834 0.031726 0.160367 -0.041703 -0.430110 -0.364258 -0.325630 -0.364932 -0.345691 -0.310132 -0.448142 -0.426958 -0.316189 -0.557972 -0.570563 0.019253 -0.096683 -0.367621 -0.180277 0.414245 0.331924 0.271333 0.592055 0.606506 0.370951 0.188257 0.476044 -0.207757 -0.390570 -0.426409 -0.056791 -0.152478 -0.076714 0.675673 0.311841 0.410261 0.373261 0.140650 0.137116 0.332415 -0.256743 -0.259945 -0.300718 -0.383436 -0.061744 0.138871 0.133240 -0.118719 -0.244300
-0.307851 0.036145 0.303068 1.000000 0.358576 0.449954 0.475742 0.655273 0.452637 0.420318 -0.282476 0.071682 -0.249763 0.263020 0.288178 0.377477 -0.701333 -0.541835 0.267487 0.463294 -0.076952 0.060469 0.611286 0.813975 0.071658 0.425164 0.332878 0.366918 -0.687526 -0.508940 -0.077058 0.224853 -0.539578 0.066993 0.059727 0.097395 -0.499555 -0.427987 0.065992 0.373763 -0.480781 -0.249131 -0.179126 -0.159298 -0.087212 -0.035879 0.046071 0.065113 0.200455 -0.095210 0.454375 -0.004620 0.151294 -0.270170 -0.109907 -0.171761 -0.521435 -0.326872 -0.200196 0.407931 -0.188345 0.229813 -0.254958 -0.495387 0.541261 0.602606 -0.195429 0.457099 0.079050 0.553317 -0.309433 -0.039274 -0.617682 -0.537109 -0.585898 -0.411289 -0.590289 -0.251952 -0.589885 -0.450830 -0.612114 -0.637398 0.215829 0.106660 0.018761 0.310375 0.688030 0.741200 0.437479 0.492509 0.275979 -0.451603 -0.058856 -0.267890 0.038301 -0.172467 -0.204893 -0.071579 -0.331190 -0.594762 0.244452 -0.468139 0.091967 -0.087204 -0.255618 -0.323121 0.566055 -0.489677 -0.284730 -0.250475 0.035451 -0.324341 -0.183535 -0.076877 -0.061615 -0.324201
-0.200374 -0.483034 0.612002 0.358576 1.000000 0.751979 0.610576 0.474127 0.857751 0.482831 -0.664481 -0.538406 -0.270961 -0.049389 0.219137 0.386421 -0.350745 -0.416990 0.070238 -0.002981 0.654962 0.419269 0.282838 0.467450 0.241300 0.303122 0.791797 0.659154 -0.609939 -0.431144 -0.110880 0.049595 -0.250919 0.137000 0.084340 0.212804 -0.865947 -0.781835 -0.046033 -0.017810 -0.860066 -0.817053 -0.347335 -0.334738 -0.030979 0.009575 -0.147791 -0.116644 0.434513 0.298173 0.047695 0.080079 0.132249 -0.173551 -0.349747 -0.536944 0.060550 -0.027843 0.473673 0.493824 0.631250 0.548404 -0.241539 -0.302724 0.181294 0.393479 0.031774 0.433305 -0.191469 0.136211 0.117372 0.197970 -0.415017 -0.434637 -0.472410 -0.501309 -0.405426 -0.219820 -0.236542 -0.362186 -0.539636 -0.514037 -0.227062 -0.157220 -0.583214 -0.455376 0.265276 0.552136 0.057064 0.205878 0.313329 0.212847 0.337334 0.358606 -0.121505 -0.694061 -0.366645 -0.365333 -0.296590 -0.434040 0.492759 0.095726 0.019317 0.437887 0.315064 0.378283 0.323440 -0.487221 -0.640155 -0.111402 0.010985 -0.540808 -0.189220 -0.119723 -0.349696 -0.763107
-0.462790 -0.472059 0.267204 0.449954 0.751979 1.000000 0.365591 0.383016 0.569954 0.498763 -0.716588 -0.302486 -0.570536 -0.239307 -0.080367 0.211692 -0.386078 -0.571912 -0.143069 -0.076633 0.510846 0.549150 0.263620 0.593869 0.362282 0.508334 0.869180 0.928853 -0.670970 -0.544025 -0.212722 0.037480 -0.201057 -0.042699 0.173870 0.224934 -0.580394 -0.537656 0.194638 0.241115 -0.648754 -0.747402 -0.390095 -0.314517 -0.139190 -0.067015 -0.083523 -0.213535 0.259293 0.186366 0.211339 -0.029836 0.116623 -0.442038 -0.122276 -0.392387 -0.046088 -0.091466 0.220728 0.449165 0.313425 0.307827 -0.429116 -0.493234 0.315167 0.493785 0.159874 0.389079 -0.220095 0.098919 -0.064312 0.276105 -0.516514 -0.384217 -0.484831 -0.470944 -0.408538 -0.139741 0.019163 -0.141171 -0.347023 -0.332646 -0.318982 -0.255614 -0.340930 -0.078793 0.215201 0.537524 0.086077 0.214574 0.044873 -0.152378 0.236596 0.128545 0.250075 -0.486872 -0.269109 -0.427265 -0.388071 -0.457676 0.274484 -0.210734 -0.153209 0.306851 0.378686 0.419185 0.276743 -0.368602 -0.682600 -0.200835 -0.019335 -0.497308 -0.102379 -0.140898 -0.389804 -0.639159
-0.047784 -0.027706 0.938156 0.475742 0.610576 0.365591 1.000000 0.741351 0.664362 0.050189 -0.105445 -0.166537 0.292524 0.376440 0.600304 0.371336 -0.359613 -0.319150 0.462890 0.193663 0.040018 -0.129817 0.674080 0.425920 -0.236780 -0.073663 0.243821 0.209153 -0.473988 -0.480372 -0.140598 -0.057951 -0.462712 -0.285456 -0.367244 -0.236567 -0.659470 -0.578604 -0.262594 -0.286134 -0.708659 -0.569975 -0.436421 -0.516847 -0.347736 -0.278625 -0.364334 -0.323790 0.426849 -0.142594 0.320426 0.257132 0.370593 0.056830 -0.086007 -0.297172 -0.248613 -0.043949 0.310880 0.429335 0.424336 0.312952 -0.242610 -0.313959 0.324120 0.333637 -0.092421 0.213231 -0.021415 0.250343 -0.053159 -0.384964 -0.501597 -0.445674 -0.505765 -0.455222 -0.448409 -0.473700 -0.484066 -0.421888 -0.627922 -0.646735 0.054838 -0.135253 -0.254533 -0.050032 0.564370 0.471681 0.426687 0.675334 0.681702 0.200804 0.181212 0.426310 -0.162797 -0.317844 -0.440740 -0.028361 -0.248415 -0.243887 0.674542 0.191956 0.364023 0.331802 0.063340 0.122735 0.440391 -0.401612 -0.347130 -0.259368 -0.343069 -0.198905 0.071157 0.031540 -0.184784 -0.386079
-0.150333 0.013755 0.648724 0.655273 0.474127 0.383016 0.741351 1.000000 0.584949 0.316104 -0.192821 -0.092103 0.041165 0.549301 0.394877 0.404732 -0.540747 -0.540728 0.412324 0.241622 -0.004232 0.088807 0.545050 0.540370 -0.154381 0.221276 0.274917 0.284253 -0.606253 -0.591503 -0.164730 0.227461 -0.378007 -0.053500 -0.281330 -0.144635 -0.529313 -0.617952 -0.286467 -0.172609 -0.487085 -0.496167 -0.323339 -0.337051 -0.335997 -0.213430 -0.216036 -0.194827 0.128258 -0.358863 0.249247 -0.102161 0.188485 -0.288359 -0.320589 -0.396949 -0.307709 -0.069744 0.103557 0.543437 0.217952 0.546453 -0.228155 -0.353062 0.352410 0.673697 -0.037834 0.343786 0.189048 0.340641 -0.122528 -0.297777 -0.620590 -0.642189 -0.518926 -0.564568 -0.625294 -0.569980 -0.489991 -0.479749 -0.562679 -0.724594 0.157662 0.150362 -0.094893 0.140154 0.600298 0.571889 0.394144 0.575003 0.389784 -0.174050 -0.055012 0.092848 0.148539 -0.265549 -0.415728 -0.206750 -0.318766 -0.344065 0.387617 -0.233525 0.014731 -0.016895 -0.135477 0.019807 0.570399 -0.331556 -0.378707 -0.496227 -0.321436 -0.198004 0.081341 0.111471 -0.107225 -0.370556
-0.322688 -0.481282 0.659003 0.452637 0.857751 0.569954 0.664362 0.584949 1.000000 0.485067 -0.434125 -0.472480 0.011028 0.158723 0.587058 0.606324 -0.413114 -0.450059 0.071942 0.056812 0.568208 0.366806 0.491458 0.552935 0.333741 0.362319 0.623559 0.505646 -0.523657 -0.517889 0.149488 0.231568 -0.250991 0.264086 0.128635 0.265591 -0.811663 -0.800188 -0.234186 -0.117407 -0.820303 -0.730307 -0.288351 -0.243918 -0.068527 0.026166 -0.223846 -0.003338 0.339961 0.084672 0.193860 -0.101096 -0.032298 -0.236070 -0.419705 -0.568289 -0.180395 -0.050111 0.302986 0.464141 0.634808 0.673349 -0.207645 -0.339609 0.394881 0.554807 -0.172634 0.518806 -0.168978 0.229450 0.010734 0.083888 -0.561254 -0.524049 -0.559996 -0.566118 -0.466951 -0.407490 -0.514946 -0.535718 -0.694833 -0.711935 0.143077 0.051440 -0.336089 -0.278212 0.536641 0.646644 0.295790 0.313414 0.314900 0.116080 0.286254 0.246800 -0.190670 -0.737401 -0.389473 -0.345288 -0.431308 -0.488389 0.456376 -0.051670 0.063499 0.246136 0.155125 0.273492 0.214904 -0.641473 -0.508674 -0.226304 -0.006672 -0.511307 -0.279217 -0.255859 -0.336748 -0.699806
-0.347327 -0.396803 -0.064733 0.420318 0.482831 0.498763 0.050189 0.316104 0.485067 1.000000 -0.540353 -0.382154 -0.493866 -0.252932 -0.021721 0.483128 -0.591526 -0.655737 -0.109626 0.126884 0.492893 0.558886 0.119750 0.550486 0.555437 0.594432 0.564879 0.453244 -0.541283 -0.538960 0.057804 0.276603 -0.290373 0.520018 0.507658 0.676162 -0.553711 -0.646902 -0.032536 0.233248 -0.488572 -0.411739 -0.029679 0.119438 0.319408 0.444955 -0.024181 0.195058 0.123840 0.226149 0.060419 -0.314762 -0.250651 -0.314698 -0.615023 -0.627382 -0.058781 -0.025354 -0.180270 0.354140 0.061977 0.423755 0.066795 -0.120845 0.400825 0.450685 -0.168905 0.736050 -0.010222 0.186440 0.151731 0.504274 -0.513967 -0.461055 -0.542258 -0.440725 -0.479626 -0.150749 -0.406061 -0.585603 -0.379428 -0.447793 0.144855 0.324525 -0.144067 -0.083228 0.214411 0.484586 0.131040 -0.211688 -0.002080 -0.171037 0.194380 -0.166320 -0.189259 -0.482880 -0.292215 -0.463902 -0.426401 -0.726609 0.046950 -0.325446 -0.213702 0.004882 0.021825 0.126657 0.071186 -0.447001 -0.342370 -0.074584 0.269220 -0.584475 -0.548720 -0.430499 -0.490281 -0.614856
0.311275 0.348585 -0.090508 -0.282476 -0.664481 -0.716588 -0.105445 -0.192821 -0.434125 -0.540353 1.000000 0.641232 0.782544 0.446360 0.331735 -0.075765 0.258776 0.344539 0.186418 -0.043079 -0.574401 -0.559223 -0.009899 -0.355508 -0.384256 -0.456312 -0.816190 -0.754173 0.719320 0.321037 0.217572 -0.000321 0.131038 -0.087021 -0.197833 -0.318401 0.495086 0.445659 -0.139075 -0.266535 0.465767 0.504956 0.369301 0.236399 -0.045962 -0.086724 -0.022518 0.112607 -0.173304 -0.374728 0.136545 0.110509 -0.159273 0.321050 0.368157 0.411283 -0.379672 -0.239712 -0.394921 -0.553175 -0.271395 -0.358081 0.261929 0.098944 -0.017665 -0.293991 -0.215503 -0.370698 -0.002516 -0.089612 0.084915 -0.366358 0.320104 0.306035 0.365331 0.406419 0.323039 0.046014 0.021838 0.079756 0.211337 0.094475 0.512954 0.115252 0.612756 0.558622 0.067461 -0.329435 0.293014 0.231024 -0.010297 -0.022736 -0.419558 -0.229610 -0.167421 0.395898 0.148809 0.403920 0.207566 0.318704 -0.158744 -0.019341 0.102736 -0.452311 -0.380014 -0.372839 -0.202007 0.276876 0.546644 0.161749 -0.037044 0.412975 0.018933 -0.000129 0.284281 0.557970
0.130369 0.310216 -0.195749 0.071682 -0.538406 -0.302486 -0.166537 -0.092103 -0.472480 -0.382154 0.641232 1.000000 0.347525 0.391678 -0.033801 -0.212159 0.218159 0.268592 -0.024353 -0.109971 -0.545775 -0.424614 -0.166556 -0.159535 -0.373750 -0.303680 -0.526854 -0.394282 0.425197 0.351991 -0.039086 0.003365 0.090586 -0.227325 -0.207556 -0.430385 0.455922 0.444950 0.101688 0.093259 0.426157 0.451016 0.312859 0.177335 -0.158987 -0.255518 0.165716 0.053778 0.054332 -0.259217 0.202005 0.277472 -0.023297 -0.025233 0.444322 0.398500 -0.467814 -0.416476 -0.411815 -0.279226 -0.419861 -0.401056 0.006975 -0.100749 -0.017322 -0.036384 0.047733 -0.323105 -0.140511 -0.104148 -0.247137 -0.304733 0.332585 0.397574 0.426278 0.410565 0.371688 0.280648 0.272869 0.418545 0.165066 0.197780 0.162321 0.019133 0.440430 0.787142 0.014227 -0.046922 0.027966 0.267114 -0.250638 -0.413884 -0.409555 -0.415469 0.248384 0.482758 0.200063 0.408002 0.067419 0.207997 -0.153324 -0.293249 -0.165630 -0.434212 -0.292932 -0.448662 -0.018894 0.261899 0.385353 0.247326 -0.056044 0.378686 0.049669 0.076864 0.290828 0.511433
0.360865 0.302703 0.404902 -0.249763 -0.270961 -0.570536 0.292524 0.041165 0.011028 -0.493866 0.782544 0.347525 1.000000 0.541775 0.676665 0.257737 0.370288 0.337398 0.314003 0.018443 -0.306819 -0.465219 0.177751 -0.332278 -0.412108 -0.560864 -0.527144 -0.601283 0.576239 0.213412 0.193881 -0.102019 0.160741 -0.168390 -0.393797 -0.417791 0.183183 0.080636 -0.461245 -0.526787 0.146538 0.166352 0.087640 -0.080729 -0.299296 -0.303316 -0.323634 -0.088908 -0.021759 -0.374313 0.112392 0.145893 -0.047456 0.337195 0.118778 0.112447 -0.228858 0.049341 -0.023235 -0.210539 0.233255 -0.072572 0.347927 0.225927 -0.046492 -0.227274 -0.170610 -0.299915 0.042446 -0.078621 0.033020 -0.512975 0.191466 0.173055 0.190308 0.122250 0.219120 -0.270058 -0.241792 -0.094137 0.024181 -0.084246 0.480405 0.224565 0.335393 0.274712 0.118068 -0.221838 0.184133 0.272159 0.151238 0.252018 -0.201856 0.112347 -0.329325 0.046304 -0.152646 0.179774 0.031459 0.294367 0.146842 0.303310 0.320147 -0.139884 -0.117093 -0.136528 -0.254999 0.118810 0.328957 -0.047310 -0.299116 0.322694 0.082273 -0.001366 0.114664 0.400768
0.348845 0.148687 0.379350 0.263020 -0.049389 -0.239307 0.376440 0.549301 0.158723 -0.252932 0.446360 0.391678 0.541775 1.000000 0.413728 0.249224 0.037864 0.049175 0.361851 0.073825 -0.292475 -0.309259 0.152454 -0.042222 -0.494376 -0.338721 -0.282147 -0.324851 0.094156 0.105436 -0.025729 0.062386 0.002728 -0.052783 -0.402448 -0.418659 -0.054903 -0.118461 -0.218971 -0.154356 0.014261 0.037268 0.049638 -0.092498 -0.326234 -0.379832 0.086387 0.045536 0.107396 -0.483799 0.009608 0.089013 0.136021 0.036964 0.165644 0.111028 -0.323908 -0.230098 0.038110 0.052591 0.184958 0.362653 0.120231 0.037514 0.006947 0.313699 0.032429 -0.147886 0.067522 0.070506 -0.081896 -0.433560 0.066793 -0.113305 0.140134 -0.028397 -0.049979 -0.219754 -0.233162 -0.106598 -0.203008 -0.319711 0.233909 0.186656 0.180732 0.318296 0.321783 0.195278 0.171004 0.498871 0.025704 -0.218982 -0.395318 -0.089132 0.069444 0.034802 0.035875 0.032058 0.014361 0.056432 -0.084010 -0.097211 -0.039507 -0.330300 -0.350902 -0.295536 0.217629 -0.080948 0.018812 -0.159009 -0.236385 0.135670 0.091847 0.050571 0.241993 0.101369
-0.143038 -0.004395 0.612746 0.288178 0.219137 -0.080367 0.600304 0.394877 0.587058 -0.021721 0.331735 -0.033801 0.676665 0.413728 1.000000 0.661682 -0.174716 -0.150787 0.263797 0.208470 -0.012146 -0.135504 0.655320 0.335735 -0.007085 -0.040446 -0.047455 -0.119537 0.023497 -0.325719 0.315027 0.173121 -0.182244 0.049150 -0.134760 -0.069109 -0.322615 -0.410252 -0.485131 -0.370933 -0.398789 -0.217141 -0.073516 -0.143952 -0.204822 -0.110784 -0.404061 0.025054 0.075876 -0.286592 0.391232 -0.083704 -0.123862 -0.010788 -0.169554 -0.244246 -0.455520 -0.030211 0.004444 0.103977 0.363873 0.283174 0.047058 -0.191224 0.410382 0.204541 -0.431858 0.161322 -0.008203 0.313625 -0.071597 -0.368409 -0.425323 -0.370361 -0.414826 -0.361386 -0.335858 -0.580889 -0.663487 -0.504453 -0.479953 -0.587970 0.606713 0.222949 0.188913 0.168070 0.589020 0.292735 0.540087 0.462476 0.344381 0.160463 0.074991 0.115858 -0.394699 -0.307310 -0.361624 0.020886 -0.334946 -0.208629 0.434361 0.009475 0.391357 0.071761 -0.039340 -0.028029 -0.025404 -0.359566 0.017122 -0.218023 -0.133789 -0.063428 -0.162090 -0.162344 -0.102226 -0.100926
-0.087708 -0.016743 0.341205 0.377477 0.386421 0.211692 0.371336 0.404732 0.606324 0.483128 -0.075765 -0.212159 0.257737 0.249224 0.661682 1.000000 -0.291772 -0.433627 0.204890 0.437168 0.343303 0.332147 0.425168 0.406442 0.145053 0.115784 0.408901 0.215569 -0.170018 -0.364299 0.115688 0.112342 -0.009290 0.287967 -0.026184 0.170630 -0.467871 -0.734268 -0.588637 -0.219432 -0.446783 -0.377297 -0.069568 -0.109893 -0.089380 0.005001 -0.216149 0.089704 0.069098 -0.054622 0.278007 -0.182602 -0.092936 -0.095631 -0.508305 -0.491460 -0.221356 0.189369 -0.043384 0.358467 0.345685 0.429891 0.303224 -0.005456 0.264933 0.219890 -0.273602 0.348876 0.208487 0.449840 -0.027853 -0.009024 -0.460855 -0.534022 -0.556032 -0.565874 -0.555849 -0.660853 -0.652256 -0.642307 -0.261149 -0.448485 0.458797 0.615808 0.060234 0.069580 0.261559 0.321736 0.153177 0.081534 0.029004 -0.044393 0.043773 -0.048978 -0.356186 -0.593982 -0.478076 -0.528572 -0.496259 -0.473659 0.181765 -0.158115 0.120704 0.053858 0.181773 0.035293 -0.111507 -0.349963 -0.333879 -0.390097 -0.077228 -0.342047 -0.293927 -0.416777 -0.424762 -0.296023
0.519769 0.081513 -0.159447 -0.701333 -0.350745 -0.386078 -0.359613 -0.540747 -0.413114 -0.591526 0.258776 0.218159 0.370288 0.037864 -0.174716 -0.291772 1.000000 0.721830 -0.189093 -0.434193 -0.026349 -0.185890 -0.593536 -0.816845 -0.344369 -0.664305 -0.226796 -0.311237 0.653285 0.663117 -0.053850 -0.427148 0.611962 -0.322800 -0.266769 -0.411707 0.553362 0.452795 -0.042904 -0.254214 0.505793 0.260551 -0.003967 -0.111109 -0.324015 -0.449726 -0.068522 -0.258906 -0.062564 -0.078560 -0.481682 0.171992 0.037275 0.260411 0.316879 0.244710 0.439810 0.251495 0.339784 -0.223825 0.272208 -0.226265 0.350804 0.613388 -0.506136 -0.471440 0.483445 -0.604899 -0.132438 -0.642404 0.007199 -0.236351 0.726608 0.737503 0.765108 0.385177 0.782337 0.287522 0.529943 0.627136 0.649293 0.733251 -0.321771 -0.088423 0.068483 -0.072819 -0.627876 -0.564674 -0.648554 -0.350341 -0.490709 0.198131 -0.045234 0.218843 0.146344 0.277145 0.146343 0.094928 0.210970 0.628955 -0.314373 0.557183 -0.051461 0.110622 0.280539 0.227660 -0.577707 0.413738 0.248476 0.198145 -0.325817 0.443059 0.323304 0.164271 0.172152 0.445758
0.471682 0.234214 -0.176512 -0.541835 -0.416990 -0.571912 -0.319150 -0.540728 -0.450059 -0.655737 0.344539 0.268592 0.337398 0.049175 -0.150787 -0.433627 0.721830 1.000000 0.055807 -0.347223 -0.238223 -0.498796 -0.436821 -0.702115 -0.403452 -0.563238 -0.494201 -0.541102 0.692504 0.838242 0.258727 -0.060566 0.440620 -0.158815 -0.277446 -0.478008 0.523096 0.578959 0.065483 -0.245823 0.446210 0.468794 0.252353 0.164163 -0.066861 -0.225140 0.260041 -0.042109 -0.020290 -0.024333 -0.311249 0.248891 0.008777 0.348243 0.355728 0.465952 0.283282 0.067931 0.058686 -0.449480 0.012419 -0.350566 0.157356 0.530865 -0.427315 -0.522365 0.142574 -0.712455 -0.177097 -0.555540 -0.036665 -0.295271 0.830955 0.685677 0.758054 0.582040 0.708285 0.343342 0.362240 0.664158 0.459568 0.657602 -0.181978 -0.204078 0.049856 -0.113753 -0.416143 -0.554493 -0.427053 -0.238932 -0.230093 0.131034 -0.149375 -0.052708 -0.064059 0.435321 0.409065 0.335963 0.526587 0.689415 -0.252116 0.445779 0.101041 0.005897 0.009381 -0.099925 -0.432901 0.301232 0.329834 0.344014 -0.152681 0.497182 0.386790 0.399869 0.411183 0.405323
0.406849 0.571197 0.453324 0.267487 0.070238 -0.143069 0.462890 0.412324 0.071942 -0.109626 0.186418 -0.024353 0.314003 0.361851 0.263797 0.204890 -0.189093 0.055807 1.000000 0.437315 -0.417019 -0.508330 0.343303 0.010101 -0.554068 -0.326439 -0.131232 -0.270945 -0.098996 -0.074608 -0.172005 -0.106994 -0.282219 -0.343672 -0.607524 -0.499525 -0.047150 -0.110760 -0.210736 -0.320739 -0.083097 0.017597 -0.104126 -0.255610 -0.254320 -0.326261 -0.045840 -0.266930 0.060659 -0.233741 0.246097 0.349665 0.423886 0.329835 0.018595 0.158495 0.000765 0.194895 -0.139874 0.043450 -0.054904 -0.065319 0.067424 0.129519 -0.047529 -0.163685 -0.082640 -0.286623 0.501009 0.120671 0.052224 -0.500232 -0.120650 -0.143771 -0.093344 0.079102 -0.206463 -0.359339 -0.435267 -0.264805 -0.125664 -0.240647 0.194219 0.062133 0.014716 0.092997 0.175051 -0.166231 0.163594 0.481714 0.469874 0.050441 -0.173509 -0.035395 -0.284183 -0.007262 -0.267500 -0.164890 0.314151 0.218891 0.232837 0.117405 0.462614 -0.107220 -0.040299 -0.218852 0.263365 0.162079 -0.043887 -0.383473 -0.443446 0.273895 0.385815 0.422846 0.065968 0.114519
0.116219 0.643696 0.143480 0.463294 -0.002981 -0.076633 0.193663 0.241622 0.056812 0.126884 -0.043079 -0.109971 0.018443 0.073825 0.208470 0.437168 -0.434193 -0.347223 0.437315 1.000000 -0.139955 0.059599 0.472309 0.352536 -0.141904 0.047881 0.070842 0.007106 -0.339060 -0.202721 -0.195237 -0.090704 -0.220589 -0.019000 -0.191619 0.040728 -0.211835 -0.217551 -0.327662 0.065850 -0.136065 0.051245 -0.156881 -0.216474 -0.083436 -0.033055 -0.132587 -0.000293 -0.099484 -0.024767 0.234065 0.063403 0.354285 0.191393 -0.309191 -0.068871 -0.077289 0.336084 -0.125749 0.409766 -0.295978 0.003252 0.209398 0.005101 -0.012984 -0.076883 -0.165230 0.229885 0.713127 0.820827 -0.132955 -0.023490 -0.361310 -0.405739 -0.512963 -0.236577 -0.498985 -0.349339 -0.517296 -0.462241 -0.086494 -0.220686 0.349222 0.529674 -0.050340 0.017436 0.206946 0.152174 0.049394 0.132620 0.299576 -0.088287 -0.087621 -0.173493 -0.303409 -0.149106 -0.296152 -0.249411 -0.220563 -0.307304 0.151245 -0.121048 0.285471 -0.179579 -0.208094 -0.473559 0.344807 -0.078025 -0.162600 -0.487423 -0.020626 -0.199495 -0.092686 -0.118068 -0.166557 0.096510
-0.118000 -0.581584 0.073881 -0.076952 0.654962 0.510846 0.040018 -0.004232 0.568208 0.492893 -0.574401 -0.545775 -0.306819 -0.292475 -0.012146 0.343303 -0.026349 -0.238223 -0.417019 -0.139955 1.000000 0.831592 -0.121531 0.134840 0.501376 0.368730 0.712213 0.612345 -0.193873 -0.063315 0.215700 0.162537 0.148931 0.432517 0.386731 0.507227 -0.598368 -0.611698 -0.121326 0.014812 -0.534083 -0.649522 -0.207427 -0.080463 0.130449 0.207727 -0.013562 0.031801 0.176968 0.378159 -0.283193 -0.174200 -0.171696 -0.076720 -0.523275 -0.575924 0.278180 0.104185 0.433031 0.332545 0.557101 0.537854 0.055250 0.038168 0.001827 0.251117 0.087513 0.451675 -0.222635 -0.041434 0.339994 0.622459 -0.040525 -0.093635 -0.226970 -0.389913 -0.090512 0.040928 0.057045 -0.183058 -0.117121 -0.106591 -0.123814 0.166017 -0.414700 -0.523153 -0.071513 0.368521 -0.257580 -0.310118 -0.179118 0.149657 0.204685 0.176388 -0.085401 -0.697699 -0.196178 -0.497094 -0.399209 -0.443567 0.036071 0.170358 -0.308219 0.300646 0.211299 0.348022 -0.152721 -0.510010 -0.625267 0.072110 0.208233 -0.703189 -0.388252 -0.440187 -0.467563 -0.698770
-0.304974 -0.404512 -0.159541 0.060469 0.419269 0.549150 -0.129817 0.088807 0.366806 0.558886 -0.559223 -0.424614 -0.465219 -0.309259 -0.135504 0.332147 -0.185890 -0.498796 -0.508330 0.059599 0.831592 1.000000 -0.025578 0.327257 0.540965 0.594059 0.686201 0.727330 -0.299327 -0.250602 0.117821 0.268228 0.179655 0.433291 0.456023 0.593762 -0.422102 -0.507064 -0.137203 0.169140 -0.351916 -0.566280 -0.247453 -0.083598 0.030142 0.196883 -0.114435 0.015649 -0.172828 0.145361 -0.203543 -0.463218 -0.241748 -0.351980 -0.602450 -0.588015 0.139566 0.148940 0.232425 0.439596 0.272166 0.507242 0.054210 -0.084134 0.124599 0.426788 0.099285 0.566394 0.012507 0.208076 0.210133 0.680768 -0.250662 -0.291980 -0.380515 -0.495640 -0.287335 -0.073431 0.094301 -0.212235 -0.000333 -0.109413 0.006491 0.347292 -0.201622 -0.235117 0.003901 0.425013 -0.189532 -0.332652 -0.337506 -0.127725 0.040549 -0.046520 0.132455 -0.523096 -0.209001 -0.544086 -0.585926 -0.568856 -0.102318 -0.154812 -0.465059 0.088830 0.080267 0.245337 -0.027684 -0.405581 -0.614227 -0.163882 0.224837 -0.712552 -0.397512 -0.439962 -0.503028 -0.544574
-0.344845 0.135254 0.563549 0.611286 0.282838 0.263620 0.674080 0.545050 0.491458 0.119750 -0.009899 -0.166556 0.177751 0.152454 0.655320 0.425168 -0.593536 -0.436821 0.343303 0.472309 -0.121531 -0.025578 1.000000 0.718553 0.066463 0.311563 0.114119 0.226030 -0.431005 -0.565781 0.212287 0.281476 -0.461707 -0.087921 -0.020533 0.085560 -0.420071 -0.303417 -0.283802 -0.040848 -0.531229 -0.293535 -0.375556 -0.344019 -0.300247 -0.135896 -0.403233 -0.145600 -0.050753 -0.373580 0.515186 -0.125223 0.142431 -0.137984 -0.166094 -0.208466 -0.473681 0.021011 -0.065995 0.332196 0.050480 0.201190 -0.225571 -0.377224 0.625869 0.395982 -0.347993 0.335614 0.205339 0.545496 -0.138356 -0.183946 -0.678970 -0.632883 -0.703833 -0.382491 -0.598947 -0.518441 -0.691437 -0.515417 -0.593322 -0.658348 0.502374 0.090069 0.125050 0.183738 0.795635 0.502179 0.678997 0.558455 0.483584 -0.100119 -0.009051 -0.027130 -0.311070 -0.174079 -0.246208 -0.063988 -0.365579 -0.463438 0.390961 -0.172871 0.323731 0.147466 -0.147550 -0.195397 0.290533 -0.481772 -0.168228 -0.403456 -0.095446 -0.228066 -0.137351 -0.097281 -0.301764 -0.243361
-0.639238 -0.199320 0.240123 0.813975 0.467450 0.593869 0.425920 0.540370 0.552935 0.550486 -0.355508 -0.159535 -0.332278 -0.042222 0.335735 0.406442 -0.816845 -0.702115 0.010101 0.352536 0.134840 0.327257 0.718553 1.000000 0.333889 0.685461 0.457019 0.551205 -0.695362 -0.735585 0.046936 0.394225 -0.519434 0.236984 0.331297 0.407848 -0.607620 -0.511034 0.055482 0.305510 -0.647773 -0.469886 -0.211377 -0.133600 -0.004784 0.179122 -0.203077 0.069113 -0.021621 -0.095156 0.422509 -0.335204 -0.074861 -0.463701 -0.294931 -0.427240 -0.487923 -0.249077 -0.178122 0.398889 -0.050496 0.308460 -0.357994 -0.634327 0.686453 0.632780 -0.330840 0.642371 0.001601 0.616521 -0.088166 0.230525 -0.797988 -0.743450 -0.810754 -0.557382 -0.725937 -0.337363 -0.520650 -0.542335 -0.654940 -0.707561 0.309073 0.018530 -0.016632 0.214083 0.732685 0.748443 0.573834 0.341560 0.314534 -0.244999 0.150507 -0.144580 -0.074902 -0.286957 -0.286821 -0.130600 -0.535606 -0.755175 0.349677 -0.504546 0.011599 0.059123 -0.169890 -0.088270 0.525806 -0.540988 -0.393042 -0.233618 0.207028 -0.538392 -0.374392 -0.221096 -0.284101 -0.504169
-0.652641 -0.528106 -0.253631 0.071658 0.241300 0.362282 -0.236780 -0.154381 0.333741 0.555437 -0.384256 -0.373750 -0.412108 -0.494376 -0.007085 0.145053 -0.344369 -0.403452 -0.554068 -0.141904 0.501376 0.540965 0.066463 0.333889 1.000000 0.768459 0.381991 0.471728 -0.229023 -0.327987 0.339535 0.328840 -0.073488 0.486070 0.718101 0.728097 -0.245556 -0.199600 0.181680 0.417443 -0.214318 -0.121059 0.212474 0.452582 0.531683 0.636777 0.121675 0.460230 -0.030276 0.382457 0.286107 -0.378431 -0.589915 -0.458512 -0.286086 -0.184516 -0.136013 -0.107620 -0.232911 -0.061105 -0.032943 0.106569 -0.051582 -0.318173 0.289979 0.265952 -0.414599 0.590582 -0.285459 0.093180 -0.105991 0.544588 -0.336306 -0.233219 -0.386658 -0.254625 -0.263235 0.009079 -0.140799 -0.264942 -0.263774 -0.279062 0.095460 0.068690 -0.075309 -0.205464 0.103751 0.264807 0.272662 -0.275359 -0.115343 -0.040592 0.152686 -0.160167 -0.136793 -0.396954 0.155310 -0.180117 -0.133830 -0.431026 0.009717 -0.320177 -0.048856 0.029550 0.068286 0.181076 -0.212433 -0.359457 -0.083623 0.122619 0.600983 -0.398788 -0.481377 -0.414995 -0.220005 -0.343098
-0.756523 -0.361229 -0.166937 0.425164 0.303122 0.508334 -0.073663 0.221276 0.362319 0.594432 -0.456312 -0.303680 -0.560864 -0.338721 -0.040446 0.115784 -0.664305 -0.563238 -0.326439 0.047881 0.368730 0.594059 0.311563 0.685461 0.768459 1.000000 0.419278 0.610042 -0.457341 -0.489550 0.304783 0.644701 -0.203470 0.513489 0.623170 0.629755 -0.350320 -0.275122 0.155441 0.449363 -0.315942 -0.275562 0.041063 0.272140 0.327869 0.503349 0.065188 0.318051 -0.280173 0.102939 0.329826 -0.541674 -0.502624 -0.639389 -0.431246 -0.276581 -0.325926 -0.221283 -0.291168 0.130346 -0.152015 0.260372 -0.270277 -0.547242 0.481194 0.607469 -0.410079 0.647317 -0.102619 0.344897 -0.079891 0.546195 -0.525899 -0.534973 -0.559596 -0.372261 -0.529359 -0.118337 -0.211374 -0.326380 -0.398391 -0.484506 0.210705 0.093722 -0.028042 0.000410 0.409750 0.527399 0.407898 -0.051775 -0.019523 -0.269358 -0.052362 -0.346823 0.047182 -0.319134 0.069635 -0.190181 -0.235449 -0.570523 0.066340 -0.594376 -0.187951 -0.070480 -0.160878 -0.012217 0.238896 -0.397223 -0.287377 -0.112382 0.500221 -0.477881 -0.368740 -0.162607 -0.186518 -0.418607
-0.285247 -0.408804 0.212199 0.332878 0.791797 0.869180 0.243821 0.274917 0.623559 0.564879 -0.816190 -0.526854 -0.527144 -0.282147 -0.047455 0.408901 -0.226796 -0.494201 -0.131232 0.070842 0.712213 0.686201 0.114119 0.457019 0.381991 0.419278 1.000000 0.900367 -0.617838 -0.451947 -0.237623 -0.089771 -0.039365 0.089194 0.175574 0.298492 -0.620862 -0.683098 0.046202 0.145644 -0.619348 -0.772422 -0.386909 -0.326241 -0.107546 -0.034285 -0.112021 -0.193612 0.195537 0.296203 0.016018 -0.121549 0.090462 -0.312189 -0.334582 -0.530353 0.215352 0.157294 0.334102 0.534685 0.439073 0.393763 -0.138777 -0.214919 0.118775 0.335705 0.204994 0.417665 -0.054696 0.145038 0.008932 0.359701 -0.432305 -0.362435 -0.480050 -0.593019 -0.390810 -0.230819 -0.088614 -0.262264 -0.195197 -0.225695 -0.314340 -0.021119 -0.430570 -0.319399 0.009730 0.417702 -0.182103 -0.065751 -0.024214 0.005389 0.342139 0.237068 0.109400 -0.650401 -0.412190 -0.631853 -0.419973 -0.439853 0.223387 -0.016626 -0.089665 0.349096 0.465173 0.485549 0.155495 -0.341457 -0.769319 -0.274260 -0.046663 -0.570291 -0.121912 -0.215539 -0.435259 -0.644613
-0.480650 -0.409818 0.129628 0.366918 0.659154 0.928853 0.209153 0.284253 0.505646 0.453244 -0.754173 -0.394282 -0.601283 -0.324851 -0.119537 0.215569 -0.311237 -0.541102 -0.270945 0.007106 0.612345 0.727330 0.226030 0.551205 0.471728 0.610042 0.900367 1.000000 -0.607027 -0.486244 -0.137280 0.081814 -0.053984 0.040863 0.257619 0.312322 -0.519722 -0.506182 0.136023 0.276345 -0.557819 -0.716975 -0.392578 -0.278600 -0.125913 -0.009080 -0.092739 -0.179037 0.067830 0.190813 0.170603 -0.206499 -0.007312 -0.490619 -0.233458 -0.390129 0.014298 0.011751 0.224989 0.450202 0.268892 0.290717 -0.299835 -0.424169 0.266181 0.479465 0.135176 0.435124 -0.140947 0.186300 -0.106394 0.368022 -0.477511 -0.394983 -0.507637 -0.561591 -0.426291 -0.187928 0.047283 -0.142931 -0.186846 -0.227569 -0.287201 -0.110846 -0.300447 -0.146945 0.145123 0.504462 -0.001818 0.050684 -0.057977 -0.168679 0.171996 0.097650 0.261017 -0.467135 -0.231698 -0.472292 -0.423986 -0.456533 0.201504 -0.189321 -0.163392 0.290245 0.346018 0.410387 0.218166 -0.376645 -0.722135 -0.255150 0.047785 -0.552901 -0.102789 -0.160225 -0.395244 -0.590766
0.396543 0.173250 -0.357266 -0.687526 -0.609939 -0.670970 -0.473988 -0.606253 -0.523657 -0.541283 0.719320 0.425197 0.576239 0.094156 0.023497 -0.170018 0.653285 0.692504 -0.098996 -0.339060 -0.193873 -0.299327 -0.431005 -0.695362 -0.229023 -0.457341 -0.617838 -0.607027 1.000000 0.716770 0.412533 0.035540 0.607537 0.087302 -0.062107 -0.253572 0.625896 0.516926 -0.200528 -0.323190 0.594574 0.482274 0.380456 0.305811 0.039774 -0.060712 0.124414 0.094483 -0.253485 -0.133843 -0.144092 0.049582 -0.312771 0.308499 0.242630 0.387681 -0.034289 -0.055354 -0.188644 -0.638560 -0.066305 -0.371989 0.414307 0.422844 -0.266787 -0.482130 -0.030447 -0.554994 -0.173916 -0.430785 0.112139 -0.126952 0.727912 0.561808 0.668522 0.510436 0.607223 0.208976 0.341749 0.413328 0.579429 0.555847 0.234457 0.150224 0.482685 0.221354 -0.394086 -0.574161 -0.204248 -0.281724 -0.427504 0.020071 -0.416990 -0.225100 -0.110153 0.323656 0.321172 0.247664 0.329173 0.511118 -0.379102 0.189642 -0.085342 -0.191904 -0.002540 -0.110889 -0.640453 0.373605 0.470310 0.319749 -0.000430 0.432211 0.102109 0.050678 0.208312 0.511230
0.585434 0.237085 -0.338139 -0.508940 -0.431144 -0.544025 -0.480372 -0.591503 -0.517889 -0.538960 0.321037 0.351991 0.213412 0.105436 -0.325719 -0.364299 0.663117 0.838242 -0.074608 -0.202721 -0.063315 -0.250602 -0.565781 -0.735585 -0.327987 -0.489550 -0.451947 -0.486244 0.716770 1.000000 0.276327 -0.012314 0.522389 0.015899 -0.163758 -0.328163 0.478932 0.554774 -0.006392 -0.033622 0.513241 0.523929 0.276074 0.216221 0.031514 -0.175339 0.448091 0.112444 -0.004303 0.072183 -0.387969 0.321242 0.046001 0.405306 0.262810 0.484488 0.247529 0.016462 0.078366 -0.374111 -0.070936 -0.239296 0.292782 0.574340 -0.540411 -0.458817 0.207032 -0.600388 -0.078930 -0.418905 0.041544 0.003975 0.959111 0.710175 0.805060 0.668146 0.717146 0.532548 0.458559 0.667257 0.516126 0.688640 -0.138040 0.072278 0.040068 -0.105616 -0.498258 -0.438265 -0.569030 -0.323589 -0.470286 -0.072022 -0.403039 -0.268843 -0.017478 0.300000 0.538152 0.189308 0.464957 0.503806 -0.492920 0.295686 -0.178007 -0.120377 -0.103685 -0.341370 -0.453193 0.248240 0.280036 0.388153 0.030788 0.325001 0.178624 0.157966 0.292106 0.390299
-0.113027 -0.200275 -0.144494 -0.077058 -0.110880 -0.212722 -0.140598 -0.164730 0.149488 0.057804 0.217572 -0.039086 0.193881 -0.025729 0.315027 0.115688 -0.053850 0.258727 -0.172005 -0.195237 0.215700 0.117821 0.212287 0.046936 0.339535 0.304783 -0.237623 -0.137280 0.412533 0.276327 1.000000 0.720121 0.162526 0.505168 0.412043 0.311607 0.017102 0.075991 -0.258923 -0.095858 -0.048105 0.096306 0.090525 0.261741 0.131085 0.181682 0.095277 0.202351 -0.173671 -0.219773 0.038383 -0.256796 -0.423699 -0.025193 -0.237111 -0.066291 -0.305119 -0.149926 -0.190955 -0.238764 0.040746 0.208416 0.042145 0.124235 0.393184 0.224992 -0.338002 0.095136 -0.243154 -0.162914 0.142110 0.224769 0.173875 0.047057 0.044628 0.138843 0.134911 0.078572 -0.236428 -0.015014 -0.176419 -0.106514 0.595123 0.249698 0.344346 0.038273 0.374094 0.168596 0.281494 -0.075322 -0.221024 -0.260642 -0.336275 -0.457241 -0.309824 -0.055141 0.296013 0.048364 -0.065782 -0.190769 -0.250477 -0.085422 -0.160891 -0.041955 -0.257926 -0.233388 -0.481939 -0.481178 0.108489 0.212505 0.240255 -0.161742 -0.329394 -0.202517 -0.175922 -0.222301
-0.425760 -0.168666 -0.093536 0.224853 0.049595 0.037480 -0.057951 0.227461 0.231568 0.276603 -0.000321 0.003365 -0.102019 0.062386 0.173121 0.112342 -0.427148 -0.060566 -0.106994 -0.090704 0.162537 0.268228 0.281476 0.394225 0.328840 0.644701 -0.089771 0.081814 0.035540 -0.012314 0.720121 1.000000 -0.034490 0.561112 0.332986 0.274633 -0.119150 -0.083002 -0.171048 0.068223 -0.137281 -0.014600 0.198835 0.351060 0.167413 0.287217 0.148816 0.338371 -0.345106 -0.249967 0.150123 -0.467613 -0.507605 -0.459791 -0.456954 -0.164430 -0.401797 -0.238838 -0.283803 -0.044728 -0.044505 0.392208 -0.218944 -0.232291 0.403568 0.538673 -0.462976 0.232709 -0.074480 0.124424 0.081019 0.262898 -0.104276 -0.335179 -0.171352 -0.008994 -0.251660 -0.082918 -0.187448 -0.074080 -0.340305 -0.361355 0.504468 0.238009 0.145829 0.135680 0.491712 0.383836 0.370411 0.054537 -0.155134 -0.339064 -0.359060 -0.583334 -0.081902 -0.071266 0.265339 0.017123 -0.096096 -0.303941 -0.105310 -0.517803 -0.318789 -0.171483 -0.403540 -0.327982 0.021384 -0.375943 -0.031419 0.022386 0.334762 -0.197515 -0.247892 0.067364 -0.050384 -0.259212
0.230072 0.081059 -0.335866 -0.539578 -0.250919 -0.201057 -0.462712 -0.378007 -0.250991 -0.290373 0.131038 0.090586 0.160741 0.002728 -0.182244 -0.009290 0.611962 0.440620 -0.282219 -0.220589 0.148931 0.179655 -0.461707 -0.519434 -0.073488 -0.203470 -0.039365 -0.053984 0.607537 0.522389 0.162526 -0.034490 1.000000 0.232430 0.008846 -0.108554 0.425691 0.220612 -0.322559 -0.319190 0.457224 0.075224 0.058236 0.047730 -0.181117 -0.226474 0.037639 -0.127608 -0.389181 -0.129780 -0.271362 -0.235941 -0.192959 -0.040640 -0.039518 0.070049 0.137702 0.198669 0.056951 -0.123482 0.114542 -0.062066 0.428801 0.386256 -0.294354 -0.168856 0.360233 -0.330217 -0.047923 -0.265505 -0.233487 0.035915 0.503590 0.234714 0.485283 0.073924 0.359376 -0.033505 0.407024 0.439109 0.664135 0.597058 -0.064778 0.293541 0.291460 -0.013497 -0.507748 -0.387961 -0.571798 -0.560708 -0.676058 -0.177767 -0.360395 -0.097016 0.296473 0.001770 0.135669 -0.183784 0.061903 0.387792 -0.445156 0.052881 -0.384470 -0.138875 0.355879 0.278315 -0.526981 0.342556 -0.013614 -0.148023 -0.174455 0.212898 0.243243 -0.022318 0.026475 0.276299
-0.189283 -0.397129 -0.326675 0.066993 0.137000 -0.042699 -0.285456 -0.053500 0.264086 0.520018 -0.087021 -0.227325 -0.168390 -0.052783 0.049150 0.287967 -0.322800 -0.158815 -0.343672 -0.019000 0.432517 0.433291 -0.087921 0.236984 0.486070 0.513489 0.089194 0.040863 0.087302 0.015899 0.505168 0.561112 0.232430 1.000000 0.692898 0.693323 -0.291446 -0.299837 -0.088405 0.168592 -0.152634 -0.102247 0.336394 0.474858 0.549673 0.621032 0.245977 0.556382 -0.197446 0.192824 -0.094343 -0.525802 -0.612138 -0.161237 -0.476832 -0.277725 -0.254146 -0.324329 -0.234184 -0.126419 0.002680 0.348534 0.283637 -0.046257 0.284496 0.323963 -0.350248 0.502139 -0.238442 0.186727 0.114470 0.597552 -0.009669 -0.324716 -0.154807 -0.175753 -0.216120 0.020260 -0.221619 -0.371776 -0.132529 -0.209440 0.362270 0.405251 0.143515 -0.147739 0.174221 0.340252 0.106558 -0.462858 -0.252105 -0.202119 -0.232748 -0.382497 -0.196636 -0.312217 0.185430 -0.083732 -0.155321 -0.477281 -0.283979 -0.359983 -0.397888 -0.262092 -0.261533 -0.095018 -0.077246 -0.383333 -0.071739 0.178581 0.578447 -0.485712 -0.550920 -0.401251 -0.077266 -0.358320
-0.372703 -0.587854 -0.461547 0.059727 0.084340 0.173870 -0.367244 -0.281330 0.128635 0.507658 -0.197833 -0.207556 -0.393797 -0.402448 -0.134760 -0.026184 -0.266769 -0.277446 -0.607524 -0.191619 0.386731 0.456023 -0.020533 0.331297 0.718101 0.623170 0.175574 0.257619 -0.062107 -0.163758 0.412043 0.332986 0.008846 0.692898 1.000000 0.917114 -0.216454 -0.057609 0.270770 0.493092 -0.176246 -0.094152 0.094355 0.304980 0.473347 0.559346 0.053189 0.364118 -0.116296 0.189512 -0.064913 -0.440984 -0.565509 -0.246267 -0.191297 -0.232081 -0.277958 -0.400356 -0.224195 -0.154138 -0.132354 0.110876 0.146576 -0.139278 0.529535 0.358526 -0.162017 0.668815 -0.438216 0.011295 0.115762 0.706808 -0.119210 -0.123080 -0.156142 -0.108653 -0.006812 0.332956 -0.071953 -0.254834 -0.150308 -0.133188 0.175215 0.046162 0.201493 -0.027198 0.196821 0.396918 0.195026 -0.420100 -0.257654 -0.243214 -0.029109 -0.242983 -0.163220 -0.093583 0.262389 0.048781 -0.262293 -0.608353 -0.274574 -0.285441 -0.365757 -0.031680 -0.181473 0.009872 -0.147272 -0.463195 0.024988 0.409413 0.692396 -0.508757 -0.747791 -0.578745 -0.315934 -0.399450
-0.350450 -0.526142 -0.337395 0.097395 0.212804 0.224934 -0.236567 -0.144635 0.265591 0.676162 -0.318401 -0.430385 -0.417791 -0.418659 -0.069109 0.170630 -0.411707 -0.478008 -0.499525 0.040728 0.507227 0.593762 0.085560 0.407848 0.728097 0.629755 0.298492 0.312322 -0.253572 -0.328163 0.311607 0.274633 -0.108554 0.693323 0.917114 1.000000 -0.392174 -0.270592 0.131494 0.411646 -0.326165 -0.222531 -0.011016 0.205105 0.465349 0.600793 -0.061472 0.325769 -0.088002 0.223806 -0.117512 -0.463198 -0.428142 -0.178536 -0.411631 -0.424441 -0.117223 -0.158206 -0.128802 0.071706 -0.039629 0.281504 0.178785 -0.076847 0.467775 0.340458 -0.186535 0.803858 -0.196585 0.185216 0.238240 0.766270 -0.297760 -0.284364 -0.383155 -0.256073 -0.201828 0.179835 -0.215683 -0.466774 -0.238400 -0.260378 0.222144 0.193967 0.023744 -0.193679 0.218067 0.423488 0.184440 -0.415420 -0.105193 -0.103927 0.111636 -0.133612 -0.283441 -0.288972 0.062968 -0.160104 -0.396804 -0.731780 -0.185039 -0.216761 -0.299642 -0.015296 -0.184383 0.038746 -0.072862 -0.529187 -0.135815 0.221186 0.633410 -0.673145 -0.797240 -0.679604 -0.471398 -0.517758
