1.000000 0.726294 -0.367792 -0.167176 -0.227585 -0.176042 -0.126956 -0.380654 -0.143111 -0.126871 0.347679 0.190872 0.408394 -0.020953 0.280084 -0.008225 0.277205 0.161241 0.480879 0.462553 -0.253703 -0.183349 -0.096740 -0.364998 -0.609190 -0.563863 -0.123320 -0.229085 0.141090 -0.244698 -0.321074 -0.441552 -0.082602 -0.217493 -0.263914 -0.402565 0.151391 0.186066 0.269269 0.259635 -0.034298 -0.221829 -0.406150 -0.352178 -0.426091 -0.448261 -0.170611 -0.224251 -0.348420 -0.029795 -0.519079 -0.150750 0.395827 -0.164486 0.322883 -0.052355 0.566757 0.611640 0.382145 0.132968 0.311769 0.076118 0.016381 0.158921 -0.114420 -0.205471 -0.146469 -0.378170 0.653504 0.347318 0.043128 -0.141678 0.033294 -0.184055 -0.213158 -0.059792 0.184519 0.233118 -0.011430 0.085916 0.246920 0.095813 -0.080999 -0.122440 0.029101 0.116080 -0.018036 0.220289 0.058341 0.383577 0.337505 0.145600 -0.016269 0.141116 -0.040168 -0.106614 0.031844 0.122870 -0.130187 0.173220 -0.213449 0.342086 0.259898 0.128004 0.129184 -0.010652 -0.151804 -0.118729 0.133550 0.126265 -0.140804 -0.027206 0.039975 0.103382 0.064528 0.012852
0.726294 1.000000 -0.421327 0.052788 -0.152698 -0.234471 -0.222941 -0.409187 -0.161548 -0.150407 0.112163 0.003653 0.351114 0.100219 0.291810 0.084705 0.125287 0.232998 0.654669 0.759423 -0.133578 -0.200522 -0.138039 -0.209818 -0.460253 -0.355211 -0.183349 -0.186183 0.313117 -0.138403 -0.165290 -0.405368 0.061012 -0.170024 -0.486695 -0.470726 0.180951 0.110831 0.058315 -0.086255 0.100916 0.002023 -0.361668 -0.259928 -0.372430 -0.332377 -0.345031 -0.353343 -0.274040 0.070216 -0.487287 -0.032563 0.508174 -0.132613 0.082258 -0.263023 0.421922 0.650780 0.266429 0.452298 0.000380 0.387121 -0.078411 0.145564 -0.410285 -0.194320 -0.065127 -0.411703 0.760656 0.469133 0.154354 0.084756 0.195191 0.121329 0.021545 0.156976 0.137251 0.308872 0.102438 0.229863 0.154818 0.140932 0.093465 0.111469 -0.193301 -0.144679 -0.100870 0.165344 0.052262 0.286800 0.377515 0.149336 -0.051819 0.148440 -0.337885 -0.394651 -0.322807 -0.208060 -0.086740 0.074277 -0.101769 0.299694 0.286729 0.170011 0.248465 -0.116605 0.069808 0.070193 -0.166381 -0.167331 -0.438592 0.046846 0.367835 0.249285 0.169826 0.169250
-0.367792 -0.421327 1.000000 0.212618 0.178077 0.329831 0.544776 0.486383 0.392175 0.103847 0.074823 0.203625 0.149583 0.218150 0.162147 0.102511 -0.252293 -0.361079 -0.438115 -0.640257 -0.065207 -0.005350 0.267266 0.323782 0.194571 0.357903 0.430123 0.429208 -0.521673 -0.329098 0.248887 0.242425 -0.188140 -0.091446 0.185100 0.198820 -0.479710 -0.289538 0.346230 -0.136088 -0.146649 -0.387068 0.051189 0.008773 -0.096233 -0.095316 0.050975 0.143557 -0.167462 -0.248009 0.063394 -0.216003 -0.011168 -0.320040 0.026556 -0.190658 -0.266305 -0.377186 -0.026206 -0.107858 0.036185 0.055073 -0.085661 -0.165085 0.281083 0.243130 0.188153 0.263221 -0.289592 -0.078171 -0.184264 -0.155515 -0.378920 -0.130174 0.004543 -0.215927 -0.122116 -0.123198 -0.346769 -0.272914 -0.501373 -0.359957 0.151413 -0.106907 0.096104 0.052677 0.395346 0.077318 0.225324 0.025793 0.168880 0.103989 0.211437 0.226470 0.385343 0.375912 0.345129 0.165262 -0.069204 -0.175015 0.040083 -0.043492 -0.114745 -0.027667 -0.257793 0.004556 0.116943 0.064259 0.018374 0.252087 0.046830 -0.290822 -0.266974 -0.058157 0.029975 0.009621
-0.167176 0.052788 0.212618 1.000000 0.146868 0.470769 0.468441 0.564264 0.520378 0.589427 -0.218412 0.139689 0.012453 0.395061 0.350882 0.148496 -0.367562 -0.436383 0.126662 0.095954 0.266575 0.115595 0.687256 0.821051 0.223322 0.619443 0.487786 0.658714 -0.473727 -0.417303 -0.006924 0.366296 -0.493633 -0.277771 0.002467 0.072823 -0.252949 -0.070325 -0.206869 -0.186248 -0.291791 -0.251414 -0.382039 -0.315912 -0.322480 -0.328006 -0.469709 -0.352806 -0.162554 -0.278702 0.021551 -0.035697 0.367338 0.133367 -0.561669 -0.583584 -0.023681 -0.091815 -0.349820 0.068670 -0.598133 0.098786 -0.585953 -0.588729 0.324618 0.397190 -0.227143 -0.111257 0.237374 0.398325 0.486715 0.158325 -0.502583 0.004382 -0.074786 0.105679 -0.184389 0.044432 0.090006 -0.012051 -0.421239 -0.336892 -0.064943 -0.224566 -0.041709 -0.148177 0.213557 -0.104034 0.577838 0.312616 0.472076 0.421606 0.626409 0.446185 0.252072 0.239999 -0.395204 0.207134 0.150700 0.397971 0.515345 -0.051311 0.185521 -0.270644 -0.194250 -0.019894 0.131213 0.255867 0.253577 0.133460 -0.021551 0.081740 0.235629 0.553632 0.553993 0.553052
-0.227585 -0.152698 0.178077 0.146868 1.000000 0.691887 0.539443 0.446661 0.569769 0.552854 0.006561 0.017465 -0.241888 0.386580 0.024475 -0.018903 -0.340316 -0.410234 -0.027670 -0.036715 -0.134536 0.388861 0.165623 0.291939 0.698354 0.266665 0.488103 0.129631 -0.261121 -0.002553 -0.139554 0.198718 -0.242049 0.137016 0.128454 0.517138 -0.329741 -0.023113 0.023026 0.040313 -0.494489 -0.199537 -0.117595 -0.238649 -0.122367 -0.045023 -0.368393 -0.156707 0.096840 0.074831 0.171788 0.313110 0.057897 -0.024453 -0.165850 -0.154480 -0.325068 -0.361714 0.007418 0.413319 -0.368587 0.132702 -0.302292 -0.278005 0.078051 0.184965 0.126690 0.315123 -0.219201 0.165423 0.088673 -0.287191 -0.251664 -0.253467 -0.268140 -0.158160 -0.489056 -0.470285 -0.204386 -0.163353 -0.361601 -0.389753 0.221035 0.038506 -0.333223 -0.115404 0.550128 0.318500 0.182140 0.361509 0.242092 0.177908 0.652448 0.436889 0.310036 0.435779 -0.117499 0.237617 -0.304810 -0.234920 0.489877 0.315546 0.258758 -0.422720 -0.037808 0.273014 0.098637 -0.013942 0.190999 0.532978 0.072833 -0.508944 -0.280149 -0.378902 0.161322 0.133163
-0.176042 -0.234471 0.329831 0.470769 0.691887 1.000000 0.656988 0.692036 0.809553 0.823947 0.043806 0.389129 -0.159336 0.423743 0.363839 0.189776 -0.631507 -0.730168 -0.299645 -0.237967 0.175453 0.573750 0.616486 0.688465 0.699707 0.658108 0.762179 0.691111 -0.614746 -0.295651 -0.010158 0.446611 -0.498499 0.003173 0.183559 0.419464 -0.337744 0.025679 0.237725 0.205221 -0.461681 -0.358765 -0.222247 -0.256718 -0.255755 -0.182151 -0.353772 -0.128439 -0.118708 -0.072783 0.204831 0.145094 0.029489 0.055043 -0.394728 -0.196097 -0.409444 -0.540544 -0.126307 0.056791 -0.477461 -0.033086 -0.672429 -0.670571 0.475094 0.504759 -0.254057 0.187816 -0.234812 0.184378 0.146126 -0.260782 -0.609226 -0.206259 -0.174664 0.004208 -0.435853 -0.347140 -0.367913 -0.396799 -0.589097 -0.618697 0.165232 -0.073003 -0.018704 -0.019858 0.592958 0.231834 0.653139 0.489138 0.305839 0.385231 0.736568 0.432676 0.498080 0.498941 0.021618 0.387213 -0.216322 -0.025595 0.504211 0.041072 0.167547 -0.673661 -0.450024 0.071970 -0.110703 -0.085194 0.316554 0.584458 0.363645 -0.412119 -0.319825 -0.017257 0.307172 0.239108
-0.126956 -0.222941 0.544776 0.468441 0.539443 0.656988 1.000000 0.645787 0.754783 0.483542 -0.002113 0.124927 -0.049981 0.251820 0.306953 -0.097790 -0.415119 -0.614276 -0.131251 -0.284953 -0.120189 0.093330 0.617688 0.579763 0.375830 0.400815 0.753681 0.472949 -0.678828 -0.354039 -0.082002 0.237059 -0.596942 -0.281499 0.163350 0.202203 -0.511189 -0.292312 0.163131 -0.033899 -0.553651 -0.579714 -0.405707 -0.469547 -0.519252 -0.458775 -0.438456 -0.225281 -0.231560 -0.363693 -0.016677 -0.022877 0.319968 0.147150 -0.028600 -0.204418 -0.139682 -0.235595 0.026417 0.045118 -0.213136 -0.028114 -0.333356 -0.422691 0.503073 0.260355 0.032162 0.152701 0.055779 0.520860 0.204140 -0.338124 -0.636002 -0.301105 -0.243059 -0.031228 -0.384478 -0.255232 -0.167074 -0.222943 -0.496480 -0.425683 0.077480 -0.295169 0.120110 0.239004 0.690025 0.384506 0.583258 0.532770 0.563889 0.542743 0.743187 0.578501 0.573357 0.576018 -0.074977 0.458108 0.079090 0.189133 0.354663 0.257025 0.261008 -0.348501 -0.166631 0.187359 -0.016242 -0.140032 0.349225 0.539177 0.019955 -0.349048 -0.239228 0.040696 0.406407 0.290196
-0.380654 -0.409187 0.486383 0.564264 0.446661 0.692036 0.645787 1.000000 0.575172 0.591273 0.003131 0.391414 -0.155728 0.460151 0.044301 0.069641 -0.481433 -0.579556 -0.452120 -0.394911 0.067294 0.493975 0.418334 0.706709 0.519536 0.685186 0.518860 0.516397 -0.747933 -0.220370 0.047610 0.584875 -0.339554 0.143821 0.539169 0.617526 -0.302295 0.046476 0.164834 0.151095 -0.540839 -0.289660 -0.319348 -0.378121 -0.264087 -0.253912 -0.388054 -0.264944 -0.234290 -0.466690 0.208034 -0.163263 -0.051314 -0.112567 -0.263514 -0.297946 -0.417224 -0.608872 -0.236276 -0.174792 -0.431318 0.176613 -0.622298 -0.620593 0.620581 0.748822 0.001275 0.504976 -0.308577 0.105006 0.021443 -0.079341 -0.596166 -0.073949 -0.011122 -0.089595 -0.136946 -0.103906 -0.206893 -0.370097 -0.574881 -0.619437 -0.075844 -0.151538 0.138451 0.064315 0.467104 0.135167 0.427398 0.283376 0.294979 0.150837 0.631886 0.425165 0.428822 0.436415 -0.053008 0.222244 -0.069531 -0.032647 0.549496 0.024223 0.062761 -0.470579 -0.303596 0.056041 -0.031937 -0.120532 0.026011 0.376727 0.272030 -0.433122 -0.335506 -0.005439 0.085021 -0.099259
-0.143111 -0.161548 0.392175 0.520378 0.569769 0.809553 0.754783 0.575172 1.000000 0.745023 -0.039301 0.271920 -0.050170 0.358904 0.465224 0.015130 -0.490577 -0.548315 -0.107248 -0.207452 0.084989 0.183834 0.720079 0.704665 0.495834 0.493285 0.754792 0.602624 -0.540834 -0.286444 -0.031672 0.311581 -0.508022 -0.163031 0.036950 0.261749 -0.398399 -0.177871 0.096049 -0.082941 -0.411513 -0.419548 -0.222380 -0.273210 -0.245290 -0.251663 -0.279098 -0.094687 -0.289109 -0.036753 -0.084079 0.145410 0.173507 0.131520 -0.449314 -0.220016 -0.215173 -0.353560 -0.240879 0.095691 -0.434009 -0.030912 -0.470384 -0.516364 0.454624 0.348797 -0.280878 -0.043752 -0.054963 0.344250 0.197068 -0.384058 -0.520553 -0.234382 -0.160025 0.143328 -0.481787 -0.236700 -0.252088 -0.123257 -0.521891 -0.495161 0.229991 -0.081972 -0.022000 -0.003232 0.509800 0.095421 0.668869 0.547791 0.274204 0.442111 0.749715 0.398993 0.351392 0.412208 -0.074560 0.343739 -0.206997 0.055603 0.381296 -0.024653 0.094486 -0.628366 -0.304954 0.169657 -0.055428 -0.000355 0.343401 0.504667 0.093663 -0.309925 -0.121759 0.098138 0.417919 0.443721
-0.126871 -0.150407 0.103847 0.589427 0.552854 0.823947 0.483542 0.591273 0.745023 1.000000 -0.043070 0.291736 0.033335 0.509895 0.355540 0.208792 -0.441318 -0.496856 -0.053103 -0.024991 0.043671 0.348228 0.520963 0.648565 0.496619 0.485864 0.504904 0.568622 -0.458818 -0.332743 -0.264150 0.236750 -0.457196 -0.148732 -0.040273 0.317972 -0.279734 0.054750 -0.133854 0.182812 -0.499927 -0.325257 -0.114342 -0.138692 -0.065177 -0.064250 -0.279501 -0.105190 0.108678 0.144474 0.210090 0.264932 0.165105 0.084467 -0.479227 -0.294967 -0.283572 -0.417221 -0.072253 0.246180 -0.495456 0.059912 -0.575534 -0.643677 0.241760 0.335485 -0.235309 -0.089821 -0.117049 0.162911 0.193986 -0.397295 -0.511018 -0.357832 -0.313748 -0.091334 -0.577277 -0.391261 -0.147109 -0.095941 -0.423089 -0.519318 -0.029204 -0.181559 -0.146700 -0.273997 0.296672 -0.064120 0.560105 0.486023 0.265661 0.403252 0.781097 0.484511 0.306260 0.426859 -0.086760 0.224818 -0.136565 0.012594 0.682302 0.072398 0.251993 -0.542162 -0.269825 0.200852 0.081742 0.198565 0.213670 0.476841 0.233685 -0.221963 0.032768 0.146796 0.437894 0.357650
0.347679 0.112163 0.074823 -0.218412 0.006561 0.043806 -0.002113 0.003131 -0.039301 -0.043070 1.000000 0.589987 0.460054 0.394931 0.382582 0.460453 0.183835 0.082849 -0.085340 -0.232251 -0.180048 0.141336 -0.083399 -0.213204 -0.051338 -0.049154 -0.140508 -0.113297 0.056570 -0.189461 0.336015 0.187212 -0.268093 -0.123166 -0.127304 -0.171141 -0.086561 -0.068663 0.225238 0.114058 0.082663 -0.366989 0.011232 -0.015694 -0.026315 0.004947 0.028484 0.231461 -0.201454 -0.066439 -0.405727 -0.236396 -0.045151 -0.479394 0.273636 0.052454 -0.206261 -0.229772 0.363482 -0.136417 0.431548 0.246736 -0.015768 -0.086354 0.170317 -0.019559 -0.295860 -0.223897 -0.047810 -0.030128 -0.244995 -0.142053 -0.132674 -0.411648 -0.276997 -0.376602 -0.127482 -0.183889 -0.305533 -0.144529 -0.025247 -0.237330 0.444675 0.244905 0.071172 -0.100862 0.046069 -0.072182 0.046642 0.141862 0.142601 0.252242 -0.001139 0.296329 0.138651 0.012126 0.270087 0.074508 -0.153898 -0.182212 -0.175721 0.352915 -0.149720 -0.038611 -0.135576 0.092418 0.204299 0.125298 -0.059385 0.015916 0.032033 -0.310826 -0.383813 -0.349803 -0.067109 -0.271537
0.190872 0.003653 0.203625 0.139689 0.017465 0.389129 0.124927 0.391414 0.271920 0.291736 0.589987 1.000000 0.310598 0.495539 0.437902 0.640614 -0.260151 -0.209389 -0.332582 -0.145733 0.342083 0.514139 0.207263 0.211396 0.121372 0.333384 0.145375 0.247937 -0.220353 -0.396644 0.279481 0.352748 -0.139504 0.191205 0.186596 0.144742 0.077228 0.159002 0.315627 0.275755 0.071815 -0.230855 -0.216042 -0.198985 -0.181501 -0.213086 -0.110588 -0.044467 -0.347310 -0.213506 -0.053044 -0.284647 -0.187177 -0.422813 -0.160418 -0.109871 -0.250680 -0.455613 -0.071794 -0.407365 -0.120302 0.140477 -0.392586 -0.417966 0.439454 0.459392 -0.463594 -0.043855 -0.160539 -0.080461 -0.099222 -0.002226 -0.379577 -0.352584 -0.257979 -0.262388 -0.118719 -0.020594 -0.346812 -0.227332 -0.152997 -0.345910 0.267327 0.294239 0.371091 0.057579 0.095062 -0.029037 0.280032 0.262699 -0.006251 0.120338 0.100964 0.233877 0.053173 -0.102828 0.122048 0.005387 -0.359246 -0.234491 -0.062802 -0.078387 -0.082059 -0.219717 -0.107309 0.180632 0.109342 0.049569 -0.025248 -0.048249 0.149090 -0.353884 -0.317810 0.038876 -0.012401 -0.175784
0.408394 0.351114 0.149583 0.012453 -0.241888 -0.159336 -0.049981 -0.155728 -0.050170 0.033335 0.460054 0.310598 1.000000 0.398199 0.627141 0.547619 0.185929 0.155426 0.138236 0.000725 -0.268493 -0.289714 -0.046482 -0.132734 -0.398242 -0.252889 -0.308792 -0.038122 0.180302 -0.548994 -0.148286 -0.397909 -0.112129 -0.267378 -0.503037 -0.332425 -0.070479 -0.176144 0.055769 -0.066160 0.187687 -0.311355 0.179632 0.218158 0.004224 0.058969 0.078880 0.242427 0.025352 0.098811 -0.243044 -0.469350 0.174516 -0.440287 0.065794 -0.270899 0.034637 0.110424 0.482259 0.117367 0.420359 0.495651 0.139614 -0.002507 -0.172138 -0.162340 -0.255763 -0.496106 0.128158 0.027300 -0.076970 -0.352598 -0.050479 -0.536550 -0.255117 -0.309114 -0.159731 -0.131868 -0.095420 0.190121 0.076934 -0.051394 0.264505 -0.007596 -0.049694 -0.509082 -0.281229 -0.263841 0.124444 0.226119 0.245862 0.343802 -0.074438 0.223776 -0.118523 -0.089347 0.002474 -0.305192 -0.173200 -0.215183 -0.196237 0.302577 0.073278 0.239772 0.187095 0.208730 0.439427 0.485241 -0.263568 -0.077259 -0.201496 0.029071 0.295131 0.180706 0.146216 0.195937
-0.020953 0.100219 0.218150 0.395061 0.386580 0.423743 0.251820 0.460151 0.358904 0.509895 0.394931 0.495539 0.398199 1.000000 0.449298 0.578373 -0.209410 -0.117757 -0.115643 -0.065329 -0.107055 0.308696 0.221671 0.356706 0.198167 0.305821 0.110008 0.259939 -0.132975 -0.230403 0.012490 0.231010 -0.368002 -0.170419 -0.132865 0.129246 -0.055294 0.114094 0.037541 -0.117288 -0.080631 -0.318419 -0.093065 -0.101205 -0.171967 -0.096123 -0.313422 -0.112309 0.015462 -0.124598 -0.136595 -0.162349 0.101928 -0.240886 -0.132329 -0.401811 -0.338437 -0.371626 0.062954 0.125397 -0.229006 0.524045 -0.465595 -0.489676 0.056122 0.263005 -0.234425 -0.108424 -0.094885 0.031711 0.105652 -0.108856 -0.219902 -0.313610 -0.229856 -0.164237 -0.324514 -0.097081 -0.151947 -0.017208 -0.331606 -0.432922 0.252392 0.070737 -0.100720 -0.384625 0.233076 0.018291 0.229392 0.356025 0.391827 0.283601 0.457982 0.503025 0.127849 0.220901 -0.173375 -0.017688 -0.134833 -0.154406 0.410887 0.449020 0.220101 -0.113947 -0.006146 0.161656 0.346520 0.409103 -0.198069 0.205855 -0.018415 -0.210733 -0.034001 0.051216 0.366984 0.146297
0.280084 0.291810 0.162147 0.350882 0.024475 0.363839 0.306953 0.044301 0.465224 0.355540 0.382582 0.437902 0.627141 0.449298 1.000000 0.593431 -0.262000 -0.227423 0.122241 -0.065604 0.138295 -0.029634 0.597729 0.365562 0.013204 0.227666 0.364806 0.460446 -0.104365 -0.580843 0.056123 0.018840 -0.555659 -0.396786 -0.507103 -0.324767 -0.248187 -0.303131 0.196928 -0.117415 0.057934 -0.453414 -0.048907 -0.012185 -0.277565 -0.173122 -0.164529 0.172672 -0.181976 0.033885 -0.212635 -0.139572 0.249697 -0.003504 -0.253190 -0.250590 -0.143698 -0.081047 0.182465 0.017414 -0.034487 0.163044 -0.245330 -0.349157 0.169713 -0.058704 -0.570586 -0.502013 0.203777 0.399115 0.321704 -0.265594 -0.345556 -0.421621 -0.311114 0.002089 -0.325482 -0.068875 -0.302473 -0.034030 -0.228988 -0.268717 0.499166 0.069447 -0.016606 -0.262861 0.171220 -0.006880 0.588068 0.547815 0.444638 0.729756 0.274924 0.291804 0.207008 0.118851 -0.138289 0.112541 -0.150763 0.090533 -0.036992 0.164442 0.163891 -0.220557 -0.195452 0.023223 0.196807 0.232511 0.199372 0.189179 0.025733 0.011649 0.051317 0.237022 0.444892 0.531140
-0.008225 0.084705 0.102511 0.148496 -0.018903 0.189776 -0.097790 0.069641 0.015130 0.208792 0.460453 0.640614 0.547619 0.578373 0.593431 1.000000 -0.214161 -0.031312 -0.223756 -0.088022 0.303045 0.243876 0.102977 0.140425 0.165620 0.269553 -0.066708 0.219102 0.060010 -0.472586 0.213596 0.062426 -0.163734 -0.031433 -0.230936 -0.084308 0.082659 0.053603 0.065999 0.055372 0.431280 -0.137285 0.164607 0.206784 -0.014613 0.093051 -0.056777 0.167871 0.123552 0.015183 0.141735 -0.274432 -0.036083 -0.325706 -0.182914 -0.291175 -0.353407 -0.323427 0.154157 -0.120007 0.031381 0.413968 -0.182083 -0.294760 0.047403 0.149311 -0.413157 -0.248658 -0.167255 -0.121438 0.040016 0.087855 -0.176651 -0.390607 -0.314131 -0.324207 -0.312509 -0.203626 -0.245659 -0.072831 -0.077698 -0.198672 0.453417 0.304738 0.151835 -0.339392 -0.099206 -0.199075 0.272264 0.224815 0.053995 0.287357 -0.081697 0.208097 -0.126563 -0.269231 -0.138104 -0.327425 -0.268749 -0.359283 -0.080994 -0.021507 -0.009132 0.034384 0.000168 0.137602 0.416916 0.351254 -0.197749 -0.288574 0.004549 -0.134090 0.016203 0.100718 0.077596 0.116004
0.277205 0.125287 -0.252293 -0.367562 -0.340316 -0.631507 -0.415119 -0.481433 -0.490577 -0.441318 0.183835 -0.260151 0.185929 -0.209410 -0.262000 -0.214161 1.000000 0.826058 0.360515 0.058734 -0.409119 -0.404711 -0.479726 -0.706537 -0.534694 -0.716064 -0.613005 -0.652344 0.513206 0.420586 -0.198057 -0.394205 0.299957 -0.019353 -0.196382 -0.358355 0.308888 0.149230 -0.184359 0.202105 0.269269 0.262155 0.256280 0.161541 0.234642 0.077018 0.476335 0.289123 0.025516 0.175136 -0.446009 -0.175547 -0.120242 -0.133601 0.231077 0.315226 0.613424 0.484979 0.058920 -0.107527 0.476639 -0.036859 0.700499 0.707523 -0.483288 -0.511402 -0.056995 -0.374251 0.064982 -0.267321 -0.328475 -0.204618 0.685541 0.146843 0.251604 -0.061033 0.349913 0.108705 0.518567 0.573286 0.707597 0.683004 -0.301079 -0.199179 -0.260126 -0.014543 -0.425070 -0.378703 -0.663536 -0.376891 -0.245762 -0.409746 -0.378493 -0.238580 -0.175975 -0.069150 0.162123 -0.012077 0.076077 0.083511 -0.242336 -0.023211 -0.416155 0.198944 0.089449 0.155633 -0.029638 0.090056 -0.077160 -0.171506 -0.343805 0.208084 -0.029169 -0.202900 -0.249017 -0.281906
0.161241 0.232998 -0.361079 -0.436383 -0.410234 -0.730168 -0.614276 -0.579556 -0.548315 -0.496856 0.082849 -0.209389 0.155426 -0.117757 -0.227423 -0.031312 0.826058 1.000000 0.337527 0.190716 -0.204757 -0.438447 -0.583641 -0.704984 -0.520444 -0.656965 -0.704831 -0.682126 0.672045 0.532336 -0.038719 -0.334054 0.449776 0.086814 -0.244971 -0.327643 0.461027 0.206522 -0.239636 0.061332 0.473105 0.468401 0.316153 0.233919 0.295666 0.122107 0.451042 0.238498 0.056890 0.220646 -0.356031 -0.025158 -0.124731 -0.093533 0.167702 0.219122 0.464188 0.419012 0.014310 -0.050869 0.308367 0.088384 0.682841 0.711814 -0.607781 -0.552792 -0.005173 -0.360690 0.086358 -0.301124 -0.279774 -0.031605 0.832330 0.242799 0.268296 0.043608 0.367516 0.300562 0.435294 0.671409 0.705873 0.682548 -0.136927 0.164230 -0.194857 -0.096953 -0.549366 -0.372454 -0.720419 -0.410436 -0.363060 -0.458016 -0.531607 -0.380744 -0.412314 -0.344873 -0.029042 -0.291204 -0.064830 -0.100318 -0.259270 -0.117353 -0.377895 0.252842 0.182756 0.071775 0.063945 0.109536 -0.273466 -0.395331 -0.384735 0.206363 0.060263 -0.177119 -0.268639 -0.278614
0.480879 0.654669 -0.438115 0.126662 -0.027670 -0.299645 -0.131251 -0.452120 -0.107248 -0.053103 -0.085340 -0.332582 0.138236 -0.115643 0.122241 -0.223756 0.360515 0.337527 1.000000 0.729199 -0.156795 -0.337683 -0.027750 -0.197066 -0.383799 -0.427577 -0.108257 -0.254595 0.363923 0.033087 -0.420025 -0.433283 0.011744 -0.290145 -0.562859 -0.426934 -0.047264 -0.013456 -0.267540 -0.013828 -0.136702 0.024114 -0.240437 -0.195185 -0.179438 -0.232827 -0.180269 -0.211006 -0.013937 0.224281 -0.319712 0.303323 0.484456 0.062667 -0.036587 -0.133314 0.551821 0.679771 0.040865 0.491060 -0.175638 -0.044523 0.129240 0.210070 -0.571610 -0.535733 0.072876 -0.430211 0.706991 0.524038 0.367190 -0.042453 0.241884 0.010746 -0.222422 0.013817 0.009746 0.233743 0.431159 0.464856 0.352221 0.366702 -0.071415 -0.065031 -0.501272 -0.191231 -0.054405 0.029006 -0.188804 0.089082 0.314240 0.120063 0.090420 0.135143 -0.147925 -0.108308 -0.272184 0.035370 -0.008153 0.249436 0.065435 0.251175 0.355848 0.216035 0.327196 0.133390 0.229841 0.262435 0.182534 -0.010559 -0.376212 0.127377 0.303706 0.159766 0.240991 0.309389
0.462553 0.759423 -0.640257 0.095954 -0.036715 -0.237967 -0.284953 -0.394911 -0.207452 -0.024991 -0.232251 -0.145733 0.000725 -0.065329 -0.065604 -0.088022 0.058734 0.190716 0.729199 1.000000 0.084073 -0.032505 -0.185437 -0.159527 -0.291386 -0.295297 -0.250708 -0.267632 0.434819 0.049846 -0.321905 -0.392330 0.250552 -0.028673 -0.382131 -0.321435 0.315976 0.265186 -0.289390 -0.022996 0.042027 0.250861 -0.343811 -0.214496 -0.191018 -0.185497 -0.336613 -0.482440 0.038872 0.187070 -0.138176 0.223368 0.360162 0.059694 -0.074319 -0.164143 0.413259 0.571659 -0.018721 0.449493 -0.325834 0.075927 -0.084276 0.050088 -0.506904 -0.231444 0.044279 -0.310439 0.653476 0.363324 0.297496 0.205297 0.236074 0.106961 -0.104041 0.141504 0.033196 0.233791 0.411424 0.383827 0.333930 0.331294 -0.121636 0.117343 -0.184423 -0.116104 -0.206060 0.118351 -0.113542 0.060287 0.117628 -0.050759 -0.040080 0.076648 -0.475872 -0.445384 -0.438123 -0.258504 -0.021244 0.096879 0.044105 0.184687 0.426110 0.274791 0.530491 0.129477 0.180272 0.203694 -0.127986 -0.294508 -0.391256 0.142844 0.520966 0.399618 0.229612 0.208822
-0.253703 -0.133578 -0.065207 0.266575 -0.134536 0.175453 -0.120189 0.067294 0.084989 0.043671 -0.180048 0.342083 -0.268493 -0.107055 0.138295 0.303045 -0.409119 -0.204757 -0.156795 0.084073 1.000000 0.386953 0.347679 0.357279 0.239679 0.533108 0.217278 0.415807 -0.038171 -0.076521 0.411829 0.470207 0.028196 0.330138 0.225980 0.171854 0.263284 0.199074 -0.004437 0.015212 0.369277 0.345787 -0.169173 -0.081241 -0.038128 -0.098029 -0.140513 -0.165299 -0.176881 -0.186816 0.289290 -0.015591 -0.190300 0.129467 -0.511833 -0.135561 -0.074070 -0.216548 -0.593927 -0.429282 -0.561521 -0.372898 -0.284261 -0.327775 0.304425 0.254659 -0.405759 0.056789 -0.107217 -0.062457 0.452435 0.573418 -0.170891 0.217091 0.043217 0.322183 0.195688 0.267502 -0.043303 -0.042897 -0.030576 0.035446 0.212532 0.441681 0.278874 0.106765 -0.121143 -0.041510 0.162538 -0.154218 -0.243291 -0.013362 -0.086726 -0.126349 -0.023856 -0.291642 -0.287169 -0.019028 -0.205501 0.120905 -0.094564 -0.516729 -0.053595 -0.166050 -0.085398 0.046180 0.081346 0.075682 0.259436 -0.299251 0.216514 0.044151 -0.059029 0.372271 0.138004 0.254242
-0.183349 -0.200522 -0.005350 0.115595 0.388861 0.573750 0.093330 0.493975 0.183834 0.348228 0.141336 0.514139 -0.289714 0.308696 -0.029634 0.243876 -0.404711 -0.438447 -0.337683 -0.032505 0.386953 1.000000 0.211128 0.353300 0.599367 0.527610 0.211723 0.279019 -0.162408 0.097541 0.085568 0.480034 0.016261 0.425273 0.364464 0.398157 0.168631 0.395923 0.270719 0.399326 -0.124687 0.074740 -0.153830 -0.119177 -0.085631 0.019291 -0.155680 -0.134659 -0.035287 -0.177133 0.342256 -0.057154 -0.481518 -0.114819 -0.277661 0.114705 -0.440668 -0.563828 -0.358827 -0.332037 -0.489414 -0.068335 -0.627656 -0.563844 0.272814 0.574449 -0.315273 0.403799 -0.411755 -0.194179 -0.030302 0.139137 -0.198611 0.059998 0.051425 -0.040961 -0.003500 -0.047010 -0.036450 -0.326650 -0.132265 -0.253430 -0.003879 0.115156 0.068391 -0.000224 0.252976 0.133283 0.129962 -0.048667 -0.079657 -0.186738 0.137909 -0.005873 0.151622 0.131687 0.101215 0.153078 -0.255331 -0.219000 0.206813 -0.041156 -0.005751 -0.366733 -0.158285 0.083208 -0.126768 -0.103702 -0.028461 0.184737 0.484311 -0.320841 -0.415585 -0.030149 -0.104280 -0.267117
-0.096740 -0.138039 0.267266 0.687256 0.165623 0.616486 0.617688 0.418334 0.720079 0.520963 -0.083399 0.207263 -0.046482 0.221671 0.597729 0.102977 -0.479726 -0.583641 -0.027750 -0.185437 0.347679 0.211128 1.000000 0.825216 0.338607 0.596222 0.760675 0.786055 -0.507231 -0.364535 -0.003781 0.365291 -0.698670 -0.382748 -0.024631 -0.017378 -0.314116 -0.154135 0.109322 -0.092479 -0.233978 -0.434485 -0.297004 -0.235276 -0.387248 -0.329941 -0.260584 -0.069258 -0.217969 -0.244649 0.030496 0.010963 0.192642 0.335266 -0.433349 -0.174361 -0.117041 -0.195927 -0.367471 -0.218907 -0.470615 -0.268579 -0.565219 -0.638881 0.511572 0.269203 -0.467362 -0.127639 0.101282 0.422934 0.533859 -0.020251 -0.564066 -0.098160 -0.150407 0.253910 -0.207738 0.073296 -0.073754 -0.190259 -0.422040 -0.356282 0.085511 -0.268625 0.055496 0.056161 0.464768 0.105243 0.738365 0.413792 0.414755 0.560465 0.558827 0.222406 0.507665 0.432052 -0.101939 0.536928 0.069685 0.436386 0.272360 -0.080889 0.137235 -0.441086 -0.388332 -0.058606 -0.161362 -0.017805 0.545824 0.428794 0.341754 0.068004 -0.084843 0.442949 0.560207 0.594955
-0.364998 -0.209818 0.323782 0.821051 0.291939 0.688465 0.579763 0.706709 0.704665 0.648565 -0.213204 0.211396 -0.132734 0.356706 0.365562 0.140425 -0.706537 -0.704984 -0.197066 -0.159527 0.357279 0.353300 0.825216 1.000000 0.549834 0.827174 0.669605 0.818265 -0.616298 -0.365214 0.077583 0.531891 -0.524524 -0.156876 0.191683 0.308033 -0.334749 -0.087456 -0.009752 -0.166275 -0.342462 -0.322181 -0.290407 -0.219871 -0.270461 -0.195003 -0.415562 -0.240276 -0.153371 -0.317622 0.238543 -0.002619 0.151037 0.167771 -0.562465 -0.433544 -0.395986 -0.423547 -0.403187 -0.066415 -0.639064 0.043180 -0.773290 -0.811462 0.557008 0.605027 -0.233689 0.173150 -0.047945 0.308724 0.422160 0.123417 -0.643903 -0.032786 -0.078449 0.157914 -0.261035 -0.000451 -0.128595 -0.286213 -0.621561 -0.590133 0.086623 -0.126203 0.071523 -0.131860 0.393371 0.022228 0.753924 0.332688 0.358365 0.420975 0.618495 0.288175 0.341637 0.309753 -0.238081 0.231581 -0.010216 0.180250 0.480585 -0.111619 0.157699 -0.447125 -0.310141 -0.079898 -0.015823 0.057399 0.241159 0.288617 0.333659 -0.096948 0.025114 0.420893 0.427600 0.460779
-0.609190 -0.460253 0.194571 0.223322 0.698354 0.699707 0.375830 0.519536 0.495834 0.496619 -0.051338 0.121372 -0.398242 0.198167 0.013204 0.165620 -0.534694 -0.520444 -0.383799 -0.291386 0.239679 0.599367 0.338607 0.549834 1.000000 0.660855 0.458623 0.368041 -0.277968 0.048210 0.186094 0.506632 -0.166500 0.268747 0.310662 0.546058 -0.237094 -0.055340 -0.056651 0.044559 -0.217696 -0.067714 0.130164 0.075405 0.108021 0.239252 -0.124338 0.077563 0.172714 0.021399 0.485876 0.200992 -0.303080 0.055437 -0.465578 -0.052050 -0.654476 -0.668914 -0.246884 0.010493 -0.435397 0.060619 -0.428759 -0.491068 0.325970 0.460552 -0.098020 0.383326 -0.542201 -0.113360 -0.017149 -0.030263 -0.279719 -0.065157 -0.046332 -0.100607 -0.435903 -0.473510 -0.195973 -0.324585 -0.370220 -0.414314 0.273156 0.157027 -0.090102 -0.183818 0.356976 0.006375 0.346730 0.049302 -0.091506 0.087396 0.364201 0.055868 0.234744 0.270358 -0.016606 0.087133 -0.277341 -0.313388 0.369328 -0.180468 -0.163733 -0.560852 -0.281132 0.095206 -0.032966 -0.109889 0.135653 0.243530 0.371336 -0.355124 -0.303726 -0.252328 -0.012989 0.076979
-0.563863 -0.355211 0.357903 0.619443 0.266665 0.658108 0.400815 0.685186 0.493285 0.485864 -0.049154 0.333384 -0.252889 0.305821 0.227666 0.269553 -0.716064 -0.656965 -0.427577 -0.295297 0.533108 0.527610 0.596222 0.827174 0.660855 1.000000 0.550144 0.764943 -0.530582 -0.225054 0.423948 0.741830 -0.402214 0.049963 0.263049 0.369686 -0.337325 -0.127072 -0.000312 -0.160464 -0.167115 -0.150049 -0.086177 -0.033010 -0.015299 0.046366 -0.264731 -0.073998 -0.062166 -0.214602 0.356387 0.014539 -0.117410 0.013827 -0.541257 -0.235686 -0.611415 -0.689168 -0.379951 -0.174257 -0.575601 -0.018735 -0.681810 -0.702211 0.543907 0.604201 -0.220060 0.268092 -0.328166 0.039664 0.293886 0.315878 -0.594244 0.083115 0.031106 0.133471 -0.175261 -0.067136 -0.315928 -0.455226 -0.668230 -0.586749 0.252859 0.153271 0.053293 -0.106628 0.302536 0.002168 0.557260 0.056819 0.110429 0.301176 0.408944 0.233334 0.356385 0.198763 -0.081363 0.172509 0.038333 0.091285 0.346933 -0.225050 -0.005155 -0.461341 -0.428200 -0.196635 0.039329 0.070273 0.161041 0.102363 0.373748 -0.113248 -0.145624 0.214657 0.269183 0.226492
-0.123320 -0.183349 0.430123 0.487786 0.488103 0.762179 0.753681 0.518860 0.754792 0.504904 -0.140508 0.145375 -0.308792 0.110008 0.364806 -0.066708 -0.613005 -0.704831 -0.108257 -0.250708 0.217278 0.211723 0.760675 0.669605 0.458623 0.550144 1.000000 0.707542 -0.740308 -0.362454 0.014387 0.364938 -0.626740 -0.222332 0.182556 0.260410 -0.538698 -0.235534 0.276801 0.003225 -0.506825 -0.507403 -0.412384 -0.434884 -0.492418 -0.447757 -0.407529 -0.182440 -0.253869 -0.214228 0.138545 0.276520 0.311964 0.262058 -0.207756 -0.175135 -0.152365 -0.219516 -0.142113 0.056797 -0.451644 -0.266083 -0.517517 -0.475093 0.510473 0.280713 -0.005057 0.225110 0.104301 0.501644 0.426261 -0.066648 -0.673897 -0.067119 -0.243765 0.109675 -0.283024 -0.063350 -0.412051 -0.485008 -0.642095 -0.537505 0.103731 -0.199440 0.012808 0.317080 0.806255 0.502859 0.645270 0.551700 0.480199 0.514934 0.685874 0.393048 0.643363 0.516915 0.017055 0.605541 -0.010024 0.305449 0.387248 -0.016880 0.284596 -0.475785 -0.444405 -0.140538 -0.237476 -0.321448 0.612841 0.597060 0.284317 -0.246288 -0.321016 0.024190 0.382904 0.380717
-0.229085 -0.186183 0.429208 0.658714 0.129631 0.691111 0.472949 0.516397 0.602624 0.568622 -0.113297 0.247937 -0.038122 0.259939 0.460446 0.219102 -0.652344 -0.682126 -0.254595 -0.267632 0.415807 0.279019 0.786055 0.818265 0.368041 0.764943 0.707542 1.000000 -0.663408 -0.427994 0.113021 0.433694 -0.575968 -0.264945 0.068234 0.158153 -0.329566 -0.023909 0.192637 -0.030542 -0.178466 -0.333435 -0.207718 -0.099871 -0.260533 -0.210080 -0.278501 -0.098956 -0.140360 -0.217098 0.189306 -0.034780 0.201768 0.113238 -0.428331 -0.346910 -0.265360 -0.319278 -0.242237 -0.087678 -0.468082 -0.125423 -0.707093 -0.738616 0.465002 0.449202 -0.256624 0.043911 -0.033299 0.202488 0.399673 0.127748 -0.668814 0.058671 -0.026154 0.261492 -0.151167 0.037038 -0.288702 -0.413217 -0.662567 -0.569019 0.126452 -0.127538 0.080737 -0.080415 0.453054 0.142487 0.742574 0.277564 0.370364 0.443766 0.526398 0.321402 0.488305 0.332991 -0.010592 0.313245 0.030941 0.255035 0.378700 -0.153089 0.155000 -0.417962 -0.548804 -0.201004 -0.063120 0.094405 0.322651 0.336736 0.404213 -0.077362 -0.061874 0.410511 0.473197 0.451368
0.141090 0.313117 -0.521673 -0.473727 -0.261121 -0.614746 -0.678828 -0.747933 -0.540834 -0.458818 0.056570 -0.220353 0.180302 -0.132975 -0.104365 0.060010 0.513206 0.672045 0.363923 0.434819 -0.038171 -0.162408 -0.507231 -0.616298 -0.277968 -0.530582 -0.740308 -0.663408 1.000000 0.476178 0.045469 -0.353252 0.560276 0.158940 -0.474756 -0.454259 0.503597 0.073292 -0.310780 -0.148037 0.574336 0.521765 0.436691 0.461773 0.429820 0.446871 0.395704 0.248035 0.283232 0.435339 -0.165745 0.015552 -0.334438 0.002220 -0.010318 0.277867 0.165382 0.283751 0.008292 0.053067 0.198354 0.020950 0.544933 0.477456 -0.672313 -0.573081 -0.187998 -0.452885 -0.007614 -0.332131 -0.191301 0.024946 0.810663 0.063750 0.166461 0.053036 0.135027 0.056112 0.436708 0.612795 0.742203 0.718525 0.162342 0.362796 -0.179132 -0.336112 -0.633490 -0.345873 -0.604854 -0.517859 -0.471495 -0.352879 -0.637503 -0.511233 -0.609542 -0.428195 -0.093879 -0.452568 -0.089476 -0.203893 -0.443698 0.012801 -0.221780 0.376486 0.477884 0.194515 0.229766 0.335412 -0.339178 -0.488419 -0.333683 0.367656 0.315017 -0.012106 -0.142405 -0.029056
-0.244698 -0.138403 -0.329098 -0.417303 -0.002553 -0.295651 -0.354039 -0.220370 -0.286444 -0.332743 -0.189461 -0.396644 -0.548994 -0.230403 -0.580843 -0.472586 0.420586 0.532336 0.033087 0.049846 -0.076521 0.097541 -0.364535 -0.365214 0.048210 -0.225054 -0.362454 -0.427994 0.476178 1.000000 0.075962 0.118272 0.454637 0.319358 0.135986 0.020471 0.449590 0.333635 -0.096605 0.095374 0.198108 0.621539 0.222617 0.148434 0.290285 0.211120 0.318231 0.068901 0.043748 0.084076 -0.124899 0.172986 -0.456013 0.253269 0.050836 0.475360 0.102436 0.040772 -0.356927 -0.176500 -0.080091 -0.228233 0.284789 0.359911 -0.343823 -0.214043 0.040428 0.129459 -0.254488 -0.367134 -0.307562 0.072287 0.742952 0.614235 0.592192 0.411666 0.423488 0.284671 0.461949 0.377205 0.465962 0.520237 -0.186179 0.160454 -0.161210 0.090472 -0.171376 -0.064968 -0.618746 -0.608637 -0.457531 -0.639646 -0.319693 -0.528799 -0.188926 -0.019345 0.050071 -0.033786 0.031459 -0.035642 -0.037130 -0.130596 -0.381031 -0.096529 -0.023665 -0.047097 -0.284401 -0.181169 -0.209982 -0.084945 -0.023446 0.070351 -0.241440 -0.296882 -0.296080 -0.412803
-0.321074 -0.165290 0.248887 -0.006924 -0.139554 -0.010158 -0.082002 0.047610 -0.031672 -0.264150 0.336015 0.279481 -0.148286 0.012490 0.056123 0.213596 -0.198057 -0.038719 -0.420025 -0.321905 0.411829 0.085568 -0.003781 0.077583 0.186094 0.423948 0.014387 0.113021 0.045469 0.075962 1.000000 0.691548 0.027387 0.233255 0.185959 -0.004432 0.029135 -0.226411 0.086571 -0.375670 0.346828 0.157811 0.067069 0.058737 0.153397 0.130334 0.011793 0.075568 -0.324157 -0.197015 -0.174028 -0.083302 -0.232893 -0.134805 -0.119723 -0.085425 -0.381429 -0.391430 -0.162094 -0.288591 0.027066 -0.012484 0.012563 -0.015894 0.341335 0.147614 -0.183900 0.053748 -0.240312 -0.181284 -0.119151 0.402411 -0.034684 0.168436 0.243460 0.128002 0.125946 0.037283 -0.346167 -0.117903 -0.199218 -0.118449 0.566879 0.642257 0.325462 0.096850 -0.148357 -0.177898 0.039651 -0.281556 -0.221610 0.046058 -0.211321 -0.106109 -0.037940 -0.232471 -0.020723 -0.097206 -0.001793 -0.057176 -0.318616 -0.220080 -0.407342 -0.084693 -0.230810 -0.182861 0.128892 0.019542 -0.055201 -0.360855 -0.044960 -0.033486 -0.224041 -0.120864 -0.096112 -0.085584
-0.441552 -0.405368 0.242425 0.366296 0.198718 0.446611 0.237059 0.584875 0.311581 0.236750 0.187212 0.352748 -0.397909 0.231010 0.018840 0.062426 -0.394205 -0.334054 -0.433283 -0.392330 0.470207 0.480034 0.365291 0.531891 0.506632 0.741830 0.364938 0.433694 -0.353252 0.118272 0.691548 1.000000 -0.257543 0.272595 0.505368 0.427043 -0.074341 0.009914 0.094422 -0.073699 -0.157705 0.046494 -0.193959 -0.233272 -0.028195 -0.078620 -0.212793 -0.123657 -0.339362 -0.422816 0.045329 0.017961 -0.264185 0.016181 -0.356647 -0.183228 -0.463986 -0.629916 -0.429487 -0.385826 -0.444478 -0.149163 -0.465456 -0.476942 0.612020 0.480367 -0.235507 0.349446 -0.339219 -0.073766 0.115131 0.318080 -0.311522 0.165793 0.153602 0.148580 0.128810 0.106547 -0.256060 -0.239960 -0.391392 -0.406875 0.259328 0.375816 0.204206 0.080930 0.170992 -0.051257 0.212457 -0.119899 0.014269 0.088131 0.301080 0.064724 0.381809 0.249434 -0.066354 0.282082 -0.073433 0.118107 0.240804 -0.147058 -0.231067 -0.478721 -0.463505 -0.128521 -0.047685 -0.087336 0.210057 0.135977 0.386766 -0.200071 -0.484953 -0.081866 0.061334 -0.057102
-0.082602 0.061012 -0.188140 -0.493633 -0.242049 -0.498499 -0.596942 -0.339554 -0.508022 -0.457196 -0.268093 -0.139504 -0.112129 -0.368002 -0.555659 -0.163734 0.299957 0.449776 0.011744 0.250552 0.028196 0.016261 -0.698670 -0.524524 -0.166500 -0.402214 -0.626740 -0.575968 0.560276 0.454637 0.027387 -0.257543 1.000000 0.692709 0.140561 0.080164 0.539110 0.315014 0.045519 0.188237 0.357586 0.733309 0.205481 0.195974 0.329647 0.254365 0.263189 -0.086760 -0.006114 0.126253 0.106711 -0.090924 -0.420694 -0.205756 0.024064 0.133252 0.128395 0.155650 -0.183529 -0.069275 0.065580 0.081495 0.393238 0.454361 -0.437013 -0.028513 0.196577 0.189956 -0.228720 -0.458990 -0.537179 0.076069 0.629095 0.322470 0.409383 0.006886 0.327490 0.117685 0.341013 0.367058 0.589632 0.555883 -0.102918 0.367865 0.089882 -0.056888 -0.528023 -0.239523 -0.656196 -0.579259 -0.643441 -0.806038 -0.657675 -0.579281 -0.705278 -0.541628 -0.015982 -0.654427 -0.319734 -0.546824 -0.414713 -0.344874 -0.308353 0.341952 0.471044 0.228905 0.104453 0.019033 -0.541632 -0.531093 -0.314226 -0.084088 0.111866 -0.170234 -0.664962 -0.500499
-0.217493 -0.170024 -0.091446 -0.277771 0.137016 0.003173 -0.281499 0.143821 -0.163031 -0.148732 -0.123166 0.191205 -0.267378 -0.170419 -0.396786 -0.031433 -0.019353 0.086814 -0.290145 -0.028673 0.330138 0.425273 -0.382748 -0.156876 0.268747 0.049963 -0.222332 -0.264945 0.158940 0.319358 0.233255 0.272595 0.692709 1.000000 0.578337 0.609133 0.421433 0.367299 0.235244 0.345231 0.102996 0.670799 -0.031418 -0.124358 0.160558 0.058846 -0.027826 -0.212569 -0.261964 -0.174843 0.244771 -0.172370 -0.514915 -0.245878 -0.231056 -0.019046 -0.115815 -0.257821 -0.344375 -0.289471 -0.218546 0.068321 0.039697 0.131383 0.094276 0.403386 -0.045364 0.518684 -0.499282 -0.400150 -0.333690 0.134820 0.245353 0.239776 0.347230 0.064483 0.348849 0.043905 0.028932 0.074813 0.273488 0.152801 0.073891 0.510911 0.136043 0.012457 -0.266835 -0.106242 -0.389406 -0.329232 -0.503728 -0.616535 -0.261176 -0.375076 -0.283591 -0.273135 -0.154341 -0.351007 -0.571336 -0.508147 -0.194025 -0.396973 -0.325364 -0.193696 0.138128 0.258129 0.005776 -0.178417 -0.206281 -0.194584 0.036389 -0.407494 -0.329195 -0.339212 -0.636279 -0.480652
-0.263914 -0.486695 0.185100 0.002467 0.128454 0.183559 0.163350 0.539169 0.036950 -0.040273 -0.127304 0.186596 -0.503037 -0.132865 -0.507103 -0.230936 -0.196382 -0.244971 -0.562859 -0.382131 0.225980 0.364464 -0.024631 0.191683 0.310662 0.263049 0.182556 0.068234 -0.474756 0.135986 0.185959 0.505368 0.140561 0.578337 1.000000 0.767894 0.146282 0.315183 0.232973 0.286557 -0.209366 0.146961 -0.337005 -0.412908 -0.172308 -0.271854 -0.181927 -0.334051 -0.327478 -0.608911 0.265721 -0.225998 -0.258038 -0.069402 -0.000395 -0.106102 -0.083044 -0.302053 -0.323312 -0.472640 -0.165514 -0.060815 -0.237356 -0.171055 0.629314 0.668603 0.182027 0.751162 -0.367275 -0.244408 -0.149614 0.282923 -0.225618 0.205792 0.176396 -0.002560 0.339027 0.107390 -0.125066 -0.332820 -0.148178 -0.256215 -0.244165 0.045945 0.421372 0.390461 0.171367 0.162123 -0.037724 -0.102983 -0.161509 -0.391352 0.109124 -0.094036 0.235901 0.143427 0.020071 0.136654 -0.229303 -0.089799 0.137326 -0.292897 -0.244490 -0.264655 -0.164137 0.028167 -0.329866 -0.496212 0.139523 0.133084 0.354882 -0.383751 -0.513377 -0.234198 -0.384123 -0.419152
-0.402565 -0.470726 0.198820 0.072823 0.517138 0.419464 0.202203 0.617526 0.261749 0.317972 -0.171141 0.144742 -0.332425 0.129246 -0.324767 -0.084308 -0.358355 -0.327643 -0.426934 -0.321435 0.171854 0.398157 -0.017378 0.308033 0.546058 0.369686 0.260410 0.158153 -0.454259 0.020471 -0.004432 0.427043 0.080164 0.609133 0.767894 1.000000 -0.109051 0.206705 0.087151 0.214468 -0.399857 0.109398 -0.137075 -0.250202 0.044685 -0.040244 -0.240040 -0.229775 -0.067608 -0.268904 0.464303 0.001627 -0.198311 -0.180016 -0.231278 -0.250935 -0.314478 -0.496243 -0.219067 -0.057916 -0.367433 0.128442 -0.327492 -0.286844 0.418065 0.609395 0.236768 0.732571 -0.509522 -0.235893 -0.008988 0.068100 -0.305253 -0.017475 -0.042009 -0.097625 0.020556 -0.133484 -0.291413 -0.331218 -0.344678 -0.480733 -0.044075 0.154402 -0.009141 -0.053108 0.216706 0.133894 -0.010688 0.040236 -0.104771 -0.233000 0.372898 0.099950 0.268318 0.256620 -0.064981 0.035545 -0.455968 -0.301419 0.414759 -0.161394 -0.019473 -0.404005 -0.124244 0.150190 -0.044141 -0.201999 0.124331 0.329204 0.381134 -0.512114 -0.392272 -0.363423 -0.250707 -0.205866
