1.000000 0.365618 -0.126762 -0.388767 -0.274742 -0.659347 0.184709 -0.131931 -0.532727 -0.622965 0.327391 -0.303221 0.266268 0.102963 0.058421 -0.175613 0.316655 0.283224 0.041971 0.455520 -0.038418 -0.271578 -0.164819 -0.190243 -0.145186 -0.464607 0.123680 -0.397931 0.207612 0.100101 0.028515 -0.095226 0.034734 -0.320187 -0.547950 -0.439757 -0.022869 -0.064792 0.206449 0.089312 0.010011 -0.262357 0.035532 -0.173523 0.106872 -0.127174 0.194928 -0.049308 0.088749 0.321438 -0.325977 -0.136301 0.391828 0.199687 0.329286 0.325581 0.547574 0.309656 0.186561 -0.102174 -0.080181 -0.203898 0.243945 0.105159 -0.581033 -0.646888 -0.073072 -0.550884 0.398680 0.219263 0.217072 -0.022301 0.252192 0.110941 0.011038 -0.219978 0.071646 0.182794 -0.127889 0.041465 0.435322 0.401197 0.193091 -0.018488 -0.055881 -0.258587 0.423690 0.420343 -0.199509 -0.254589 -0.235379 -0.091992 -0.087219 0.103706 -0.015245 0.197434 0.109445 0.005681 0.231969 0.312603 -0.043999 0.157593 0.283388 0.331996 -0.268728 -0.297285 -0.314025 -0.129789 0.010184 0.276049 -0.410398 -0.094110 -0.036274 0.254001 -0.216139 -0.038408
0.365618 1.000000 0.004039 -0.187426 -0.107976 -0.149982 0.350980 0.279394 -0.017620 -0.144070 0.295557 0.156422 0.376010 0.089019 0.250032 0.204023 -0.393624 -0.336945 0.274397 0.288581 0.220271 -0.214164 0.114398 -0.201534 -0.106092 0.056401 -0.286540 0.036318 -0.201294 -0.480286 0.180878 0.044807 0.232980 0.013238 -0.302331 -0.083127 -0.260174 -0.463534 -0.395622 -0.188775 -0.236251 -0.510778 -0.232215 -0.132957 0.014869 0.187593 -0.287976 -0.222843 -0.069790 -0.128441 -0.129464 -0.187634 -0.212645 -0.384783 -0.469615 -0.398907 -0.138616 0.141888 0.199370 -0.236872 -0.143192 -0.158436 -0.429325 -0.418185 0.001035 0.026996 -0.210150 0.011946 0.566939 0.396787 -0.267189 -0.105751 -0.445783 -0.496020 -0.382336 -0.530592 -0.354767 -0.224733 -0.577708 -0.494487 -0.195625 -0.290512 0.250901 0.095377 0.380199 0.346306 0.191886 0.227029 0.200537 -0.009483 0.133308 0.067916 0.200775 0.198172 0.239167 0.071176 -0.316311 0.197101 -0.138422 -0.230046 0.216278 0.078158 0.224810 0.111348 0.054705 -0.242432 0.085889 -0.009587 -0.050485 -0.025428 -0.140231 -0.306792 -0.096676 -0.108960 -0.251072 -0.003555
-0.126762 0.004039 1.000000 0.771910 0.160625 0.259726 0.701098 0.710989 0.228514 0.237568 -0.076448 -0.124356 0.148420 -0.216191 0.117555 0.049024 -0.453996 -0.334474 0.004971 -0.287008 0.167906 -0.081656 0.672760 0.281739 0.318965 0.357047 -0.094179 0.200733 -0.333756 -0.364583 0.099049 -0.078337 0.037377 0.086094 0.324362 0.232125 -0.263730 -0.315607 -0.408769 -0.358250 -0.239245 -0.239565 -0.420108 -0.377625 -0.309706 0.013255 -0.394486 -0.472116 -0.097298 -0.249501 0.283537 -0.037499 -0.379986 -0.342401 -0.272905 -0.330781 -0.470318 -0.683137 0.207653 -0.086789 0.136171 0.158709 -0.073736 -0.126690 0.452329 0.393534 0.280273 0.272486 0.124598 0.082463 -0.134476 -0.074920 -0.327797 -0.312710 -0.108339 -0.346587 -0.496406 -0.474923 -0.126393 -0.437618 -0.429607 -0.299276 -0.030390 -0.195016 -0.165108 0.021163 0.110617 0.026733 0.487799 0.033947 -0.011789 0.176038 0.360393 0.384770 0.154844 -0.060008 -0.453415 -0.009372 -0.485587 -0.685245 -0.088567 0.249438 0.019489 0.096582 -0.203460 -0.285072 -0.256399 -0.238344 0.063926 -0.005431 -0.328638 -0.623423 -0.362708 -0.302161 -0.236469 -0.332783
-0.388767 -0.187426 0.771910 1.000000 0.238761 0.534793 0.368790 0.470389 0.399744 0.446924 -0.062878 -0.122169 -0.036630 -0.311050 0.121351 0.166334 -0.228021 -0.198167 0.098372 -0.438156 0.036563 -0.063889 0.554216 0.312149 0.077188 0.327945 -0.179908 0.176400 -0.096105 -0.133597 -0.083947 -0.095769 0.153002 0.327073 0.530109 0.394114 0.006390 0.005794 -0.264050 -0.246507 -0.176796 0.117902 -0.269605 -0.306320 -0.275612 -0.159797 -0.165538 -0.361612 -0.247010 -0.288658 0.208858 0.034908 -0.406404 -0.182089 -0.283138 -0.262718 -0.445942 -0.574450 -0.077327 -0.055208 0.081722 0.189383 0.066508 0.061575 0.430631 0.373752 0.270513 0.231171 0.056579 -0.098422 -0.136707 -0.080373 -0.206844 -0.074525 0.100882 -0.069352 -0.223044 -0.226970 0.125498 -0.218660 -0.230600 -0.060913 -0.000728 0.007627 -0.205712 -0.043744 -0.004689 -0.093520 0.323753 -0.047262 0.093995 0.080363 0.405572 0.201295 0.170166 -0.022619 -0.261085 0.009911 -0.253194 -0.619153 -0.198663 0.092311 -0.126519 -0.113368 -0.328586 -0.215540 -0.272441 -0.404298 0.288998 -0.052906 -0.190515 -0.265134 -0.114011 -0.168076 0.003966 -0.063618
-0.274742 -0.107976 0.160625 0.238761 1.000000 0.613100 -0.096160 0.255056 0.756752 0.526006 -0.424153 0.018562 -0.350519 -0.051216 -0.066411 0.308170 -0.020109 0.006777 -0.478257 0.024044 0.039091 0.252056 -0.017415 0.311261 0.090658 0.345065 0.115333 0.285666 -0.093266 -0.104368 -0.162256 -0.096781 -0.024491 -0.102236 0.108878 0.115896 0.030518 -0.236800 -0.133149 -0.178052 0.143860 0.057872 -0.159133 -0.240798 -0.158815 -0.001127 -0.214825 -0.236391 -0.001442 -0.247037 0.236209 0.239044 -0.064885 0.082629 -0.122796 -0.280336 -0.200531 -0.159251 -0.114686 0.209007 -0.111275 0.124056 -0.097050 0.128488 0.146568 0.344737 0.152539 0.525907 -0.260971 -0.014360 0.005128 0.249041 -0.055059 -0.087725 -0.097459 -0.073125 -0.337661 -0.230492 -0.068663 -0.139348 -0.042549 -0.074730 -0.167405 -0.007328 -0.209172 0.166683 -0.458960 -0.572754 0.039720 0.144847 0.265596 -0.243104 0.043160 -0.162473 -0.179513 0.068102 -0.238651 -0.168752 -0.358700 -0.309811 0.210916 -0.242657 -0.029526 -0.234000 -0.051543 -0.213209 0.214814 -0.337682 0.108219 -0.208207 -0.199626 -0.090472 -0.198380 -0.033715 0.242375 -0.215829
-0.659347 -0.149982 0.259726 0.534793 0.613100 1.000000 -0.215375 0.212474 0.888035 0.825099 -0.380051 0.247781 -0.452658 -0.009661 -0.008657 0.381316 -0.205702 -0.106830 -0.281505 -0.241171 -0.011368 0.088805 0.131325 0.228260 0.062435 0.488873 -0.279498 0.537800 -0.031814 -0.059505 -0.131684 -0.025537 0.143113 0.396334 0.407950 0.340092 0.173585 -0.132347 -0.233483 -0.188935 -0.034827 0.275883 -0.208397 -0.042051 -0.228516 -0.011543 -0.193980 -0.244634 -0.301399 -0.361376 0.213908 0.046265 -0.452727 -0.207785 -0.344875 -0.328642 -0.445904 -0.251910 -0.039294 0.238984 0.185383 0.331462 -0.050922 0.150690 0.581782 0.636523 0.192701 0.514483 -0.238306 0.028243 -0.264475 -0.113675 -0.152832 -0.151975 0.082803 -0.091687 -0.301439 -0.342946 -0.073320 -0.119573 -0.175607 -0.167975 -0.125623 0.249395 -0.008920 0.352985 -0.437384 -0.448620 0.268274 0.268891 0.206601 -0.309823 0.094653 -0.190344 0.013391 -0.092517 -0.216216 -0.073210 -0.295898 -0.519646 -0.019042 -0.282417 -0.316999 -0.374273 -0.052303 0.000913 0.277964 -0.179137 0.042314 -0.358138 0.043186 -0.147310 -0.047732 -0.069526 0.317050 0.094926
0.184709 0.350980 0.701098 0.368790 -0.096160 -0.215375 1.000000 0.688888 -0.245464 -0.204168 0.129662 -0.113489 0.401039 -0.205661 0.219818 0.016576 -0.539007 -0.524400 0.336452 0.013849 0.381130 -0.172003 0.614969 0.273813 0.340750 0.198111 0.058050 0.000563 -0.487038 -0.456656 0.297413 -0.024594 -0.127845 -0.231576 0.109599 0.129075 -0.458664 -0.444644 -0.441939 -0.430615 -0.271419 -0.355342 -0.301833 -0.294139 -0.195970 0.045032 -0.348401 -0.254061 0.050291 -0.238415 -0.024808 -0.352854 -0.290922 -0.445996 -0.427159 -0.394045 -0.385315 -0.547865 0.193417 -0.311754 -0.161068 -0.217601 -0.226090 -0.478730 0.191115 0.074017 -0.036092 0.179575 0.317704 0.233719 0.002351 0.007494 -0.404950 -0.235991 -0.160355 -0.345549 -0.337701 -0.256980 -0.249465 -0.534574 -0.418361 -0.397113 0.223122 -0.097367 0.100172 0.128143 0.403825 0.445165 0.439756 -0.048393 0.013581 0.569020 0.508419 0.575979 0.100915 -0.188573 -0.581636 -0.084540 -0.350343 -0.489615 0.197309 0.337558 0.375590 0.155751 -0.199011 -0.434554 -0.174321 -0.003754 -0.140428 -0.055669 -0.321612 -0.474240 -0.270174 -0.386349 -0.503200 -0.372911
-0.131931 0.279394 0.710989 0.470389 0.255056 0.212474 0.688888 1.000000 0.199821 0.406129 -0.241985 -0.031140 0.126784 0.030022 -0.006578 0.327134 -0.617984 -0.479624 -0.182634 -0.037646 0.461374 -0.200075 0.422718 0.070634 0.110511 0.181809 0.047327 -0.027294 -0.626077 -0.544767 -0.124390 -0.244927 -0.155746 -0.152949 0.075514 0.334574 -0.452662 -0.691675 -0.767174 -0.499634 -0.415014 -0.366527 -0.397662 -0.362811 -0.197184 0.201022 -0.502866 -0.486968 0.054793 -0.344530 0.298806 -0.086369 -0.190496 -0.405755 -0.632439 -0.613052 -0.590054 -0.489954 0.507147 0.025450 0.136817 0.244382 -0.380000 -0.392604 0.488128 0.557938 0.057760 0.460737 0.244266 0.502427 -0.082919 0.098246 -0.576013 -0.417281 -0.366580 -0.433550 -0.513079 -0.531939 -0.312215 -0.655731 -0.477948 -0.482722 -0.199771 -0.141796 -0.222811 -0.004899 -0.216929 -0.119945 0.530132 0.259708 0.413896 0.365726 0.635224 0.586845 0.135317 -0.145408 -0.717600 -0.100526 -0.440263 -0.585146 0.396464 0.323197 0.387977 0.082258 -0.055281 -0.444336 0.167045 -0.038556 -0.063431 -0.296969 -0.221519 -0.424002 -0.109535 -0.502729 -0.414103 -0.332078
-0.532727 -0.017620 0.228514 0.399744 0.756752 0.888035 -0.245464 0.199821 1.000000 0.788137 -0.387899 0.221904 -0.347003 -0.008320 -0.052516 0.318562 -0.111176 0.001109 -0.402473 -0.195735 -0.083859 0.256083 0.057110 0.118714 -0.058061 0.398924 -0.298518 0.488847 -0.020172 -0.121092 -0.169040 -0.029038 0.250180 0.384212 0.211461 0.184017 0.131161 -0.163762 -0.186591 -0.116448 0.060531 0.140356 -0.157976 0.003065 -0.120629 0.193490 -0.163521 -0.189023 -0.163792 -0.231182 0.334407 0.216819 -0.291583 -0.035301 -0.218529 -0.211072 -0.329848 -0.161338 -0.048797 0.217413 0.104460 0.336843 -0.129136 0.128810 0.375983 0.549349 0.217942 0.488280 -0.255113 -0.056682 -0.296862 0.010139 -0.143141 -0.248630 -0.061026 -0.273335 -0.405809 -0.359111 -0.160291 -0.097079 -0.166124 -0.164091 -0.258701 0.057568 -0.124191 0.257698 -0.521051 -0.664760 0.081193 0.134381 0.071659 -0.440688 -0.082980 -0.347653 0.055253 0.078645 -0.100231 -0.000189 -0.347306 -0.420590 -0.044626 -0.413053 -0.387098 -0.396064 0.006361 -0.014346 0.218763 -0.291544 0.169366 -0.178808 0.064293 -0.213621 -0.265498 -0.040450 0.345743 0.031915
-0.622965 -0.144070 0.237568 0.446924 0.526006 0.825099 -0.204168 0.406129 0.788137 1.000000 -0.402675 0.133577 -0.358102 0.148300 -0.198510 0.408679 -0.226059 -0.081788 -0.506213 -0.254522 0.086980 0.162683 0.035948 -0.029535 -0.178588 0.197921 -0.238226 0.219822 -0.122559 -0.105388 -0.308024 -0.163758 0.067507 0.305831 0.228440 0.422893 0.013937 -0.258128 -0.409990 -0.245628 -0.075036 0.155529 -0.022716 0.085695 0.036289 0.257776 -0.112211 -0.159197 0.049068 -0.169556 0.500474 0.297100 -0.146340 -0.049903 -0.341286 -0.289060 -0.552400 -0.171617 0.189347 0.360309 0.214097 0.484729 -0.237292 0.003385 0.468052 0.594666 0.166784 0.501786 -0.239406 0.163428 -0.298428 -0.006168 -0.236256 -0.266446 -0.126599 -0.149702 -0.320244 -0.434250 -0.056508 -0.070970 -0.251300 -0.198280 -0.395444 0.000857 -0.277379 -0.033116 -0.669855 -0.660282 0.168923 0.178673 0.287911 -0.209034 0.145579 -0.158815 0.167519 0.004932 -0.184601 -0.031538 -0.143181 -0.338737 0.071595 -0.326408 -0.192392 -0.429757 0.030575 -0.106216 0.367915 -0.199105 0.123586 -0.237014 0.222379 -0.033254 0.026667 -0.286066 0.191732 -0.044930
0.327391 0.295557 -0.076448 -0.062878 -0.424153 -0.380051 0.129662 -0.241985 -0.387899 -0.402675 1.000000 0.307962 0.739295 0.262842 0.605424 -0.002573 0.107702 0.006055 0.446886 0.182774 0.043784 -0.153937 0.230110 0.105151 -0.111136 -0.185871 -0.137061 -0.065403 0.431987 -0.068858 0.296998 0.235110 0.093486 -0.049153 -0.152745 -0.257802 -0.066001 0.048921 0.243597 0.026565 -0.205564 -0.214194 0.030874 -0.164041 0.015680 -0.196998 -0.040074 -0.072855 0.036125 0.066132 -0.278507 -0.046581 -0.008222 0.098841 0.161960 0.158677 0.252780 0.281357 -0.231664 -0.489613 -0.148084 -0.382098 -0.047491 -0.208993 -0.257994 -0.354504 -0.295104 -0.358565 0.380101 -0.051577 0.052861 -0.005114 -0.082972 -0.027079 -0.150911 0.084423 0.043177 0.105335 0.025513 0.196294 0.056843 0.134359 0.423443 -0.001547 0.425158 0.104506 0.521816 0.408697 -0.122598 -0.186975 -0.294750 -0.076914 -0.200139 -0.153059 0.220114 0.214170 0.059597 0.352310 0.155358 0.179459 -0.329721 0.015877 -0.200155 -0.035466 -0.155302 -0.121596 -0.193892 -0.128780 0.104396 0.208194 -0.249910 -0.192372 0.042199 0.321697 0.195478 0.130607
-0.303221 0.156422 -0.124356 -0.122169 0.018562 0.247781 -0.113489 -0.031140 0.221904 0.133577 0.307962 1.000000 0.238427 0.579798 0.551449 0.394584 -0.082432 0.020143 0.159625 -0.091036 0.232533 -0.040461 0.169676 0.175201 0.110531 0.190682 -0.061295 0.367558 0.110628 -0.088312 0.123208 0.293491 -0.119197 0.254546 -0.026357 -0.113086 -0.022979 -0.230131 0.102057 0.012657 -0.237167 0.128346 -0.251881 -0.041191 -0.312294 -0.058062 -0.327831 -0.046489 -0.237629 -0.444878 -0.135864 -0.340278 -0.133202 -0.127308 -0.195079 -0.112287 0.021894 -0.039049 -0.127510 -0.405204 0.265265 0.111422 -0.137639 -0.008020 0.336919 0.339529 -0.531093 -0.028662 -0.076271 -0.060015 0.153097 0.307435 -0.118607 0.041044 0.012383 0.151427 0.056737 0.126250 -0.330617 0.106314 -0.177490 -0.164096 0.151498 0.392760 0.466898 0.511624 -0.033559 0.024216 0.187709 0.540877 -0.082468 -0.067847 -0.223768 -0.157662 -0.096452 -0.303373 -0.115657 -0.078310 -0.183626 -0.102163 0.044688 -0.156518 -0.225201 -0.307251 -0.069225 0.089803 0.130161 0.114619 -0.377879 -0.369812 0.234663 -0.278575 -0.209849 0.042383 0.042813 0.174590
0.266268 0.376010 0.148420 -0.036630 -0.350519 -0.452658 0.401039 0.126784 -0.347003 -0.358102 0.739295 0.238427 1.000000 0.163056 0.462699 -0.107746 -0.156222 -0.120735 0.394619 0.051234 0.244395 -0.108721 0.358444 0.021694 -0.103948 -0.200008 0.062079 -0.079890 -0.018335 -0.322130 0.204157 0.223728 -0.048756 -0.176742 -0.184697 -0.311677 -0.349489 -0.185336 -0.044987 -0.049430 -0.423067 -0.466345 -0.032076 -0.117440 -0.009611 0.023181 -0.163698 -0.094486 0.096327 0.013989 -0.070260 -0.071609 0.149632 0.125475 -0.062394 0.021506 0.077603 0.118195 -0.030366 -0.340016 -0.097022 -0.330413 -0.293235 -0.374147 -0.172804 -0.203627 -0.294542 -0.277048 0.289192 -0.044668 0.199667 0.158797 -0.300233 -0.119634 -0.226229 -0.122017 0.031882 -0.020208 -0.080895 -0.042217 -0.265173 -0.185236 0.072751 -0.311581 0.212645 -0.000687 0.313988 0.292640 -0.068440 -0.146633 -0.138627 0.135296 0.034154 0.128303 0.276708 0.207003 -0.244572 0.310912 0.020053 0.098062 -0.192195 0.202063 -0.106066 0.120295 0.051294 -0.188835 -0.029677 0.075745 0.115619 0.088403 -0.322997 -0.342539 -0.167466 0.048052 -0.038239 0.078533
0.102963 0.089019 -0.216191 -0.311050 -0.051216 -0.009661 -0.205661 0.030022 -0.008320 0.148300 0.262842 0.579798 0.163056 1.000000 0.242285 0.567455 0.231881 0.291184 -0.291442 0.308709 0.300510 -0.351918 -0.235251 -0.342111 -0.227556 -0.329276 0.023809 -0.065541 0.295883 0.248121 -0.247745 -0.210756 0.009246 0.174137 -0.328358 -0.086453 0.054334 -0.193784 0.174181 0.239402 -0.134723 0.115596 -0.284135 -0.177584 -0.273666 -0.198290 -0.269122 -0.184258 -0.102838 -0.201530 -0.188559 -0.175347 0.220663 -0.054982 0.134321 0.140834 0.142761 0.237416 0.354747 0.111743 0.485236 0.432808 0.070138 0.242292 0.044696 0.189506 -0.190908 -0.177517 0.212859 0.423193 0.059092 0.114921 0.217646 0.058497 0.029258 0.122821 -0.008580 -0.154728 -0.079593 0.310708 0.107900 0.107127 -0.167868 0.140624 -0.117725 -0.063267 -0.245659 -0.084795 0.071476 0.497474 0.037648 -0.324917 -0.189427 -0.054033 0.016824 -0.006009 0.108212 0.154593 0.043709 0.115725 0.071997 -0.030097 0.059554 -0.096064 -0.095744 -0.213287 0.171012 0.099463 -0.265439 -0.105013 0.060842 -0.162096 0.112150 0.111813 0.038497 0.117500
0.058421 0.250032 0.117555 0.121351 -0.066411 -0.008657 0.219818 -0.006578 -0.052516 -0.198510 0.605424 0.551449 0.462699 0.242285 1.000000 0.411944 -0.194045 -0.263652 0.356567 -0.012436 0.458819 0.096323 0.626034 0.406674 0.440422 0.365732 0.299441 0.453383 0.066259 -0.286179 0.500175 0.462429 -0.284549 0.058227 0.388353 0.136240 -0.283593 -0.246474 0.112490 0.061853 -0.099039 -0.149855 -0.345987 -0.345918 -0.481313 -0.338149 -0.402586 -0.246455 -0.372348 -0.488414 -0.407656 -0.435295 -0.222740 -0.230173 -0.079036 -0.123374 -0.035966 -0.120129 -0.152444 -0.562012 0.251524 -0.136189 -0.026094 -0.014559 0.358458 0.119585 -0.556282 -0.018980 0.089744 -0.074633 0.025749 0.092290 -0.279451 -0.196073 -0.170868 0.002995 -0.036290 0.196428 -0.393674 -0.029823 -0.255152 -0.085288 0.674052 0.471026 0.581583 0.351446 0.345175 0.372156 0.469435 0.367413 -0.096871 0.075577 -0.138822 0.003462 -0.113547 -0.083432 -0.251617 0.206647 -0.351072 -0.162859 -0.125376 -0.019031 -0.038477 -0.217507 -0.359548 -0.228186 -0.062162 0.018624 -0.244632 -0.166102 -0.100922 -0.439275 -0.258387 0.206158 0.094305 0.045425
-0.175613 0.204023 0.049024 0.166334 0.308170 0.381316 0.016576 0.327134 0.318562 0.408679 -0.002573 0.394584 -0.107746 0.567455 0.411944 1.000000 -0.172230 -0.211043 -0.202168 0.188525 0.472394 -0.130146 0.086217 -0.124924 -0.023301 0.151146 0.104848 0.149318 -0.041796 -0.065068 -0.117841 -0.236049 0.001013 0.232939 0.246781 0.579850 -0.171061 -0.356264 -0.238759 0.024221 0.114234 0.111501 -0.399597 -0.336648 -0.480170 -0.240504 -0.455176 -0.318204 -0.415538 -0.555598 -0.270258 -0.337757 -0.227497 -0.443036 -0.241580 -0.309424 -0.338237 -0.162563 0.397131 0.098672 0.536169 0.538843 0.045962 0.214309 0.453756 0.573145 -0.082725 0.279312 0.210690 0.479876 -0.249746 -0.061325 -0.130180 -0.278766 -0.231063 -0.015536 -0.256561 -0.226302 -0.332132 -0.081609 -0.089703 -0.047671 0.199299 0.534237 -0.042430 0.085254 -0.323124 -0.106976 0.513080 0.684832 0.290221 -0.202458 0.063212 0.011675 -0.140087 -0.210645 -0.228185 -0.018894 -0.379674 -0.378850 0.223811 -0.069025 0.247565 -0.366958 -0.312107 -0.340023 0.215864 0.002801 -0.255133 -0.414688 0.054272 -0.211072 -0.002297 0.030618 0.045985 -0.026111
0.316655 -0.393624 -0.453996 -0.228021 -0.020109 -0.205702 -0.539007 -0.617984 -0.111176 -0.226059 0.107702 -0.082432 -0.156222 0.231881 -0.194045 -0.172230 1.000000 0.868778 -0.191599 0.069429 -0.456861 -0.144751 -0.561668 -0.292234 -0.460314 -0.603181 -0.020467 -0.408815 0.749557 0.775460 -0.387640 -0.247358 0.312384 0.145834 -0.357934 -0.423135 0.619179 0.641077 0.761236 0.566739 0.311755 0.502424 0.164912 0.039357 0.083319 -0.263588 0.496315 0.194869 -0.027585 0.341582 -0.180567 0.156718 0.499899 0.649987 0.721715 0.800671 0.806038 0.462347 -0.266580 0.076105 -0.024322 0.081455 0.584833 0.610585 -0.662576 -0.529973 0.146836 -0.575342 -0.085051 -0.281120 0.294361 0.115538 0.831586 0.683137 0.562632 0.337038 0.477463 0.423403 0.528887 0.737858 0.751406 0.776596 -0.260884 -0.062453 -0.412046 -0.449409 -0.034143 -0.145938 -0.684667 -0.325232 -0.385488 -0.472381 -0.444325 -0.430161 0.063946 0.386852 0.740098 0.112773 0.537886 0.566496 -0.319676 -0.231440 -0.263008 0.011978 -0.235304 0.082694 -0.391390 -0.276985 0.386805 0.432373 -0.026083 0.381196 0.159312 0.476306 0.342319 0.362879
0.283224 -0.336945 -0.334474 -0.198167 0.006777 -0.106830 -0.524400 -0.479624 0.001109 -0.081788 0.006055 0.020143 -0.120735 0.291184 -0.263652 -0.211043 0.868778 1.000000 -0.291752 -0.125708 -0.453805 -0.163069 -0.518445 -0.314237 -0.494587 -0.547252 -0.128756 -0.303944 0.665901 0.674139 -0.434325 -0.149711 0.254191 0.184920 -0.439987 -0.509022 0.593694 0.519025 0.651525 0.491879 0.214177 0.411223 0.147306 0.050377 0.041649 -0.200425 0.451144 0.135408 -0.000838 0.217154 0.057022 0.208230 0.638829 0.735175 0.605824 0.738979 0.734617 0.324817 -0.238137 0.080151 0.063133 0.137982 0.447576 0.607519 -0.542680 -0.417931 0.018130 -0.616140 -0.162464 -0.322149 0.440786 0.312774 0.753273 0.683012 0.603120 0.250226 0.540467 0.423469 0.301645 0.658753 0.695730 0.694667 -0.414230 -0.088700 -0.408676 -0.361747 -0.096949 -0.160891 -0.666309 -0.204761 -0.321802 -0.469214 -0.358875 -0.334042 0.048246 0.282276 0.605876 0.042438 0.574136 0.503228 -0.305742 -0.161046 -0.247861 0.099864 -0.179602 0.004145 -0.340390 -0.324432 0.279230 0.354920 0.025551 0.253969 0.046092 0.339064 0.187635 0.220180
0.041971 0.274397 0.004971 0.098372 -0.478257 -0.281505 0.336452 -0.182634 -0.402473 -0.506213 0.446886 0.159625 0.394619 -0.291442 0.356567 -0.202168 -0.191599 -0.291752 1.000000 -0.039798 0.032187 -0.107550 0.332698 0.308095 0.195531 0.239277 -0.073990 0.049953 -0.030430 -0.095970 0.426255 0.447226 0.091424 0.183832 0.132207 -0.126775 -0.096322 0.099742 0.063196 -0.177581 -0.255834 0.022190 -0.010465 0.005587 -0.055732 -0.234733 -0.045295 0.150225 -0.106278 -0.081839 -0.311607 -0.301194 -0.303673 -0.234366 -0.283395 -0.213424 -0.056452 -0.174105 -0.436493 -0.433009 -0.327461 -0.486126 -0.112956 -0.236491 -0.058112 -0.290080 -0.245687 -0.248415 0.240417 -0.258349 0.112074 -0.058000 -0.155885 0.123658 0.134352 0.141639 0.215123 0.342373 -0.052131 -0.204012 -0.141272 -0.129458 0.503140 0.271732 0.554570 0.371512 0.597215 0.626839 0.052630 -0.150129 -0.098665 0.422774 0.183879 0.141156 0.065874 -0.251940 -0.123372 -0.102133 0.008799 -0.229989 -0.170795 0.076865 -0.073013 0.010048 -0.120175 0.118787 -0.286337 0.038844 -0.155928 0.081478 0.013682 -0.023189 -0.104279 -0.107209 -0.286525 0.071086
0.455520 0.288581 -0.287008 -0.438156 0.024044 -0.241171 0.013849 -0.037646 -0.195735 -0.254522 0.182774 -0.091036 0.051234 0.308709 -0.012436 0.188525 0.069429 -0.125708 -0.039798 1.000000 0.025614 -0.304237 -0.282261 -0.034530 -0.085771 -0.214118 0.045296 -0.205844 0.026591 -0.023636 0.047880 -0.213367 0.096927 -0.243779 -0.420549 -0.159150 -0.180694 -0.329867 -0.099820 -0.099471 -0.185385 -0.189219 -0.116637 -0.215987 -0.022632 -0.151330 -0.213621 -0.161655 0.127967 0.137688 -0.377729 -0.046305 -0.026232 -0.172440 0.028267 -0.095306 0.145534 0.409390 0.307424 0.217341 -0.133294 -0.100416 0.023890 -0.121728 -0.296036 -0.155076 0.127716 0.131266 0.484672 0.659035 -0.141551 -0.265000 -0.013455 -0.145114 -0.287898 -0.191904 -0.346996 -0.286153 -0.050274 -0.136976 0.233986 0.009608 0.118369 0.086609 0.021389 0.077415 0.050184 0.140834 -0.071791 0.079738 0.093620 -0.206192 -0.121531 -0.071439 0.005782 0.111338 -0.107774 0.010048 -0.154585 0.014459 0.124109 -0.033329 0.170806 0.033020 0.006880 -0.158664 0.176541 0.118256 -0.135374 -0.001319 -0.380627 -0.030495 0.163029 0.142855 0.062427 0.064663
-0.038418 0.220271 0.167906 0.036563 0.039091 -0.011368 0.381130 0.461374 -0.083859 0.086980 0.043784 0.232533 0.244395 0.300510 0.458819 0.472394 -0.456861 -0.453805 0.032187 0.025614 1.000000 0.097206 0.398456 0.071376 0.357870 0.263211 0.532568 0.228647 -0.330860 -0.242932 0.265723 0.239219 -0.387009 -0.084998 0.299171 0.249130 -0.375214 -0.455490 -0.282770 -0.082960 -0.137594 -0.012641 -0.281988 -0.195815 -0.284448 -0.058171 -0.391791 -0.201951 -0.168535 -0.425352 -0.192457 -0.454661 -0.093572 -0.399221 -0.437929 -0.433593 -0.417783 -0.222589 0.308368 -0.090535 0.293189 0.153331 -0.239296 -0.175453 0.470035 0.290555 -0.371922 0.146253 0.042872 0.246646 0.103181 0.209756 -0.310393 -0.230769 -0.220219 -0.040470 -0.102091 -0.072987 -0.241852 -0.223552 -0.369367 -0.260668 0.235136 0.218800 0.120440 0.068174 -0.013295 0.147571 0.541661 0.422999 0.329792 0.339521 0.409100 0.450273 -0.007132 -0.192036 -0.493422 0.095110 -0.313268 -0.256126 0.233711 0.167081 0.309550 -0.127178 -0.314050 -0.585364 0.254324 0.115202 -0.324912 -0.227372 0.068180 -0.202546 0.001650 -0.165452 -0.355906 -0.157374
-0.271578 -0.214164 -0.081656 -0.063889 0.252056 0.088805 -0.172003 -0.200075 0.256083 0.162683 -0.153937 -0.040461 -0.108721 -0.351918 0.096323 -0.130146 -0.144751 -0.163069 -0.107550 -0.304237 0.097206 1.000000 0.175915 0.222845 0.296973 0.325376 0.271798 0.372129 -0.114813 -0.154498 0.389560 0.487192 -0.273514 0.011965 0.343296 0.183750 -0.307794 -0.012483 0.010520 -0.050469 0.449302 0.073144 0.486368 0.505214 0.389254 0.461699 0.258606 0.506894 0.352116 0.242598 0.303082 0.274903 0.090670 0.235399 0.105790 0.087877 -0.233088 -0.042148 -0.230855 -0.014994 -0.100643 -0.016465 -0.229414 -0.072717 0.019697 -0.100460 -0.119998 0.213610 -0.712903 -0.569176 -0.164437 0.109171 -0.139608 -0.283174 -0.309339 -0.114397 -0.073718 0.207429 -0.201821 0.147169 -0.302689 -0.173879 0.221140 0.019763 0.171315 -0.047763 -0.062176 -0.284310 -0.095671 -0.176384 -0.315345 0.025487 -0.402338 -0.500199 -0.129761 -0.078819 0.103783 -0.101377 -0.195182 0.081366 -0.131418 -0.583312 -0.254648 -0.511821 -0.022472 0.108404 0.084484 -0.136351 -0.075202 0.173513 0.491521 0.069016 -0.476577 -0.079122 0.098876 -0.336302
-0.164819 0.114398 0.672760 0.554216 -0.017415 0.131325 0.614969 0.422718 0.057110 0.035948 0.230110 0.169676 0.358444 -0.235251 0.626034 0.086217 -0.561668 -0.518445 0.332698 -0.282261 0.398456 0.175915 1.000000 0.593710 0.628672 0.568725 0.205735 0.398974 -0.326695 -0.530505 0.599565 0.437102 -0.260497 0.018182 0.594483 0.274893 -0.423748 -0.338772 -0.293666 -0.246490 -0.266924 -0.289340 -0.400604 -0.349399 -0.430009 -0.125665 -0.483765 -0.374560 -0.187624 -0.477689 0.100494 -0.204337 -0.394720 -0.320224 -0.328006 -0.387834 -0.448296 -0.566436 -0.134014 -0.506137 0.025434 -0.189642 -0.200709 -0.270688 0.552713 0.258563 -0.333154 0.247969 0.019720 -0.109070 -0.034287 0.086091 -0.504895 -0.319086 -0.165389 -0.129182 -0.218006 -0.072381 -0.305600 -0.319891 -0.534150 -0.293487 0.397226 0.129328 0.385149 0.241255 0.269256 0.304815 0.607169 0.127879 0.027797 0.429021 0.162408 0.284570 0.160536 -0.063757 -0.523725 0.096790 -0.487667 -0.470449 -0.180682 0.061958 -0.063763 -0.141482 -0.281419 -0.253756 -0.225255 -0.083451 -0.062388 -0.058220 -0.150032 -0.545268 -0.370484 -0.252625 -0.157842 -0.145810
-0.190243 -0.201534 0.281739 0.312149 0.311261 0.228260 0.273813 0.070634 0.118714 -0.029535 0.105151 0.175201 0.021694 -0.342111 0.406674 -0.124924 -0.292234 -0.314237 0.308095 -0.034530 0.071376 0.222845 0.593710 1.000000 0.614731 0.606741 0.274975 0.427686 -0.222132 -0.358888 0.467184 0.510406 -0.445170 -0.231464 0.367831 0.009619 -0.234309 -0.241957 -0.035673 -0.457013 -0.257468 -0.069664 -0.122309 -0.287024 -0.245618 -0.229617 -0.280003 -0.150162 0.070050 -0.333711 0.034060 -0.042057 -0.266396 -0.040806 -0.242959 -0.369735 -0.195409 -0.415948 -0.523083 -0.423545 -0.337946 -0.517179 -0.129221 -0.230177 0.267816 0.025108 -0.343924 0.369982 -0.182201 -0.240119 0.282349 0.295383 -0.330379 0.075609 -0.018277 0.167241 -0.068127 0.184748 -0.122109 -0.268173 -0.242283 -0.212361 0.426757 0.226518 0.487996 0.475840 0.235216 0.189489 0.266570 0.085859 0.099200 0.394762 0.115997 0.083595 -0.294168 -0.291674 -0.439892 -0.317795 -0.346114 -0.292971 0.049996 -0.021991 -0.036183 -0.107101 -0.153939 -0.063347 -0.042980 -0.129266 -0.246653 -0.247896 -0.214516 -0.202282 -0.249949 -0.202887 -0.057432 -0.252986
-0.145186 -0.106092 0.318965 0.077188 0.090658 0.062435 0.340750 0.110511 -0.058061 -0.178588 -0.111136 0.110531 -0.103948 -0.227556 0.440422 -0.023301 -0.460314 -0.494587 0.195531 -0.085771 0.357870 0.296973 0.628672 0.614731 1.000000 0.745822 0.452114 0.565725 -0.313875 -0.259746 0.721883 0.516904 -0.469257 -0.156701 0.591777 0.209461 -0.312694 -0.245600 -0.058697 -0.113326 0.045011 -0.118986 -0.339336 -0.186707 -0.400260 -0.225009 -0.435092 -0.152121 -0.179274 -0.376601 -0.128214 -0.290890 -0.400330 -0.439511 -0.117929 -0.353902 -0.338822 -0.447650 -0.155401 -0.249599 0.043930 -0.199295 -0.056136 -0.064946 0.525998 0.192908 -0.245413 0.348908 -0.282824 -0.120564 -0.044932 -0.045823 -0.215633 -0.220524 -0.046854 0.040981 -0.161595 -0.000370 -0.296741 -0.256901 -0.453058 -0.340659 0.500663 0.269973 0.497239 0.434232 0.305788 0.361671 0.613463 0.305077 0.046474 0.385612 -0.021936 0.221414 -0.243802 -0.237661 -0.398224 -0.094611 -0.517060 -0.343430 0.007682 0.023779 0.070039 -0.036999 -0.088895 -0.013916 -0.008636 0.202206 -0.451791 -0.133237 -0.040684 -0.336873 -0.260236 -0.172220 -0.122604 -0.296754
-0.464607 0.056401 0.357047 0.327945 0.345065 0.488873 0.198111 0.181809 0.398924 0.197921 -0.185871 0.190682 -0.200008 -0.329276 0.365732 0.151146 -0.603181 -0.547252 0.239277 -0.214118 0.263211 0.325376 0.568725 0.606741 0.745822 1.000000 0.090425 0.744472 -0.310646 -0.378085 0.604095 0.587230 -0.183448 0.134132 0.669865 0.330497 -0.211410 -0.263690 -0.218437 -0.266817 0.059726 -0.084727 -0.345171 -0.206214 -0.404754 -0.150931 -0.526697 -0.244710 -0.275337 -0.549789 0.038916 -0.136416 -0.617722 -0.499582 -0.430254 -0.623378 -0.577423 -0.550522 -0.296039 -0.186836 -0.021800 -0.162726 -0.236602 -0.121899 0.697826 0.469638 -0.130980 0.592674 -0.211030 -0.154048 -0.188069 -0.027016 -0.411462 -0.360451 -0.148886 -0.080798 -0.297217 -0.135780 -0.404266 -0.464183 -0.503397 -0.458119 0.411381 0.364979 0.512057 0.681467 0.094958 0.081847 0.575261 0.339731 0.220455 0.199874 0.126383 0.097026 -0.195814 -0.255290 -0.465335 -0.067105 -0.558839 -0.617324 0.006371 -0.048867 -0.086033 -0.146621 -0.003050 -0.045251 0.162591 0.006666 -0.322448 -0.226341 0.039783 -0.310992 -0.244572 -0.263158 -0.020559 -0.336025
0.123680 -0.286540 -0.094179 -0.179908 0.115333 -0.279498 0.058050 0.047327 -0.298518 -0.238226 -0.137061 -0.061295 0.062079 0.023809 0.299441 0.104848 -0.020467 -0.128756 -0.073990 0.045296 0.532568 0.271798 0.205735 0.274975 0.452114 0.090425 1.000000 0.018058 -0.307750 -0.093562 0.161021 0.239510 -0.674868 -0.418245 0.275951 0.106915 -0.361745 -0.204737 0.060056 0.070872 0.020630 -0.046320 -0.114551 -0.225852 -0.222490 -0.211006 -0.188245 -0.056822 -0.000644 -0.166218 -0.144878 -0.163282 0.332843 0.105409 0.041986 -0.060585 0.051624 -0.040641 0.058433 0.022727 0.191583 -0.051339 0.027955 0.131522 0.111624 -0.057904 -0.322258 0.046118 -0.288216 -0.066090 0.434187 0.307834 -0.040177 0.096605 -0.068677 0.234266 0.224730 0.324166 -0.006389 -0.020857 -0.148389 -0.002557 0.167569 0.127918 -0.017957 -0.235445 -0.134022 0.064480 0.274330 0.311958 0.260326 0.355020 0.060766 0.249330 -0.305248 -0.120197 -0.250545 -0.142137 -0.206904 0.163438 0.246791 0.155688 0.334915 0.077827 -0.122952 -0.151552 0.127086 0.255196 -0.251378 -0.143847 -0.073871 0.022771 -0.092647 -0.078151 -0.192889 -0.103724
-0.397931 0.036318 0.200733 0.176400 0.285666 0.537800 0.000563 -0.027294 0.488847 0.219822 -0.065403 0.367558 -0.079890 -0.065541 0.453383 0.149318 -0.408815 -0.303944 0.049953 -0.205844 0.228647 0.372129 0.398974 0.427686 0.565725 0.744472 0.018058 1.000000 -0.187857 -0.271026 0.415429 0.489776 -0.237121 0.261986 0.541999 0.151073 -0.140297 -0.194222 0.000883 -0.063811 0.045790 0.012688 -0.224776 0.064783 -0.316556 -0.038573 -0.295483 -0.048933 -0.276608 -0.404514 -0.070149 -0.239156 -0.429691 -0.353372 -0.212916 -0.234079 -0.379484 -0.261464 -0.166886 -0.026062 0.201558 -0.028925 -0.186729 -0.013824 0.591844 0.406925 -0.131009 0.413571 -0.310979 -0.192203 -0.236598 -0.112184 -0.278188 -0.318086 -0.014083 -0.221282 -0.245620 -0.131802 -0.420285 -0.179177 -0.512230 -0.499575 0.345596 0.288599 0.497410 0.642436 0.094589 0.012973 0.443745 0.316623 -0.058738 -0.078295 -0.086085 -0.082827 -0.275908 -0.247696 -0.227451 0.120699 -0.447706 -0.383206 0.002621 -0.144698 -0.164517 -0.128922 0.076070 0.016557 0.311686 0.167856 -0.398802 -0.262788 0.104303 -0.424806 -0.352422 -0.040456 0.133547 -0.156153
0.207612 -0.201294 -0.333756 -0.096105 -0.093266 -0.031814 -0.487038 -0.626077 -0.020172 -0.122559 0.431987 0.110628 -0.018335 0.295883 0.066259 -0.041796 0.749557 0.665901 -0.030430 0.026591 -0.330860 -0.114813 -0.326695 -0.222132 -0.313875 -0.310646 -0.307750 -0.187857 1.000000 0.737441 -0.000190 0.015252 0.481428 0.294195 -0.182796 -0.324781 0.603938 0.632344 0.718245 0.540772 0.347713 0.431620 0.159545 0.028892 0.047032 -0.340456 0.373712 0.107446 -0.182981 0.233268 -0.262123 0.111958 0.116150 0.416197 0.612454 0.606771 0.553770 0.388554 -0.375775 -0.103814 -0.031091 0.044739 0.543511 0.540678 -0.434460 -0.437479 0.070309 -0.533266 -0.040719 -0.308012 0.048021 -0.056087 0.723136 0.440142 0.419501 0.342839 0.320357 0.247820 0.406173 0.749539 0.659367 0.750190 0.018322 0.081529 -0.101098 -0.146648 0.205421 0.042880 -0.553429 -0.286801 -0.447920 -0.626829 -0.511307 -0.556773 0.226563 0.461101 0.630128 0.291401 0.505817 0.347026 -0.654962 -0.337925 -0.536993 -0.219610 -0.352230 -0.051224 -0.368283 -0.464060 0.398983 0.453316 -0.038737 0.275314 0.237518 0.592346 0.546138 0.333596
0.100101 -0.480286 -0.364583 -0.133597 -0.104368 -0.059505 -0.456656 -0.544767 -0.121092 -0.105388 -0.068858 -0.088312 -0.322130 0.248121 -0.286179 -0.065068 0.775460 0.674139 -0.095970 -0.023636 -0.242932 -0.154498 -0.530505 -0.358888 -0.259746 -0.378085 -0.093562 -0.271026 0.737441 1.000000 -0.226981 -0.170268 0.322124 0.340218 -0.097471 -0.203817 0.627133 0.721911 0.702389 0.601133 0.410240 0.721610 0.197278 0.236416 0.033120 -0.379816 0.505964 0.346201 -0.188827 0.259825 -0.323160 -0.063517 0.232903 0.323378 0.596530 0.639296 0.440484 0.235301 -0.195439 0.277645 0.103308 0.278325 0.660715 0.711306 -0.411997 -0.401716 0.234742 -0.521008 -0.214779 -0.247859 0.106630 -0.119918 0.939214 0.665057 0.714375 0.463890 0.522972 0.297679 0.552446 0.775334 0.603939 0.657475 -0.219817 0.080610 -0.425204 -0.344821 0.071639 0.046213 -0.518405 -0.192634 -0.307820 -0.406880 -0.289735 -0.307325 0.020423 0.215699 0.673399 0.049183 0.579885 0.345184 -0.439213 -0.232610 -0.271169 -0.129318 -0.307592 -0.015700 -0.276745 -0.210233 0.184497 0.318515 0.140956 0.507934 0.330300 0.360446 0.271156 0.251630
0.028515 0.180878 0.099049 -0.083947 -0.162256 -0.131684 0.297413 -0.124390 -0.169040 -0.308024 0.296998 0.123208 0.204157 -0.247745 0.500175 -0.117841 -0.387640 -0.434325 0.426255 0.047880 0.265723 0.389560 0.599565 0.467184 0.721883 0.604095 0.161021 0.415429 -0.000190 -0.226981 1.000000 0.740065 -0.175344 -0.069184 0.426567 0.068698 -0.347542 -0.139102 0.004072 -0.019875 0.135133 -0.196227 -0.073583 -0.008113 -0.156671 -0.101846 -0.265761 0.018856 -0.073744 -0.196450 -0.175507 -0.208294 -0.385256 -0.266077 -0.099272 -0.213067 -0.241312 -0.204737 -0.334643 -0.446667 -0.208673 -0.428406 -0.095672 -0.218813 0.239448 -0.136477 -0.357014 0.167232 -0.169279 -0.221525 -0.132101 -0.089844 -0.200742 -0.269905 -0.162539 -0.061163 -0.088796 0.095378 -0.342123 -0.088424 -0.291163 -0.171701 0.601162 0.285664 0.656748 0.446396 0.493602 0.509609 0.257449 -0.015687 -0.202977 0.236552 -0.253956 -0.106767 0.102978 0.038543 -0.264202 0.128490 -0.246056 -0.169659 -0.342027 -0.233618 -0.219612 -0.245234 -0.168116 -0.138387 -0.079467 0.022435 -0.190031 0.167565 0.012433 -0.203462 -0.229673 -0.073767 0.043859 -0.165926
-0.095226 0.044807 -0.078337 -0.095769 -0.096781 -0.025537 -0.024594 -0.244927 -0.029038 -0.163758 0.235110 0.293491 0.223728 -0.210756 0.462429 -0.236049 -0.247358 -0.149711 0.447226 -0.213367 0.239219 0.487192 0.437102 0.510406 0.516904 0.587230 0.239510 0.489776 0.015252 -0.170268 0.740065 1.000000 -0.336396 0.049024 0.319553 -0.177987 -0.215559 -0.101852 0.141536 -0.073209 -0.043636 -0.054440 0.088484 0.107895 -0.036818 -0.081234 -0.111222 0.138295 0.038665 -0.174405 0.013601 -0.045714 -0.033453 0.103311 -0.169404 -0.168898 -0.114000 -0.115344 -0.544252 -0.395017 -0.176030 -0.436486 -0.243733 -0.124406 0.213155 -0.175528 -0.569163 0.009011 -0.374460 -0.495371 0.214033 0.247459 -0.216078 -0.045437 -0.034739 0.024989 0.218504 0.395013 -0.353836 -0.052513 -0.275482 -0.164346 0.402145 0.311770 0.619872 0.441365 0.327994 0.283384 0.044918 0.025734 -0.084658 0.228940 -0.158542 -0.138440 -0.037967 -0.069520 -0.206757 0.016012 -0.034717 -0.021598 -0.294714 -0.235472 -0.304902 -0.188771 -0.085323 -0.060083 0.064005 -0.046213 -0.239894 0.098179 0.194419 -0.054244 -0.230029 -0.145629 -0.039024 -0.174248
0.034734 0.232980 0.037377 0.153002 -0.024491 0.143113 -0.127845 -0.155746 0.250180 0.067507 0.093486 -0.119197 -0.048756 0.009246 -0.284549 0.001013 0.312384 0.254191 0.091424 0.096927 -0.387009 -0.273514 -0.260497 -0.445170 -0.469257 -0.183448 -0.674868 -0.237121 0.481428 0.322124 -0.175344 -0.336396 1.000000 0.534399 -0.233055 -0.141761 0.477985 0.379111 0.117556 0.193253 0.185305 0.217400 -0.106567 -0.029713 0.032147 0.026865 0.094819 -0.113828 -0.228199 0.196971 0.015540 0.189993 -0.292644 -0.047000 0.141870 0.161811 0.140158 0.130279 -0.044937 0.103172 -0.138651 0.175001 0.189849 0.183610 -0.293377 -0.039854 0.554440 -0.205187 0.376591 0.031732 -0.328681 -0.298311 0.336984 0.027520 0.179419 -0.130402 -0.209394 -0.284220 0.276464 0.139348 0.397239 0.345837 -0.222760 -0.153546 -0.225555 -0.042687 -0.018085 -0.163714 -0.333048 -0.364843 -0.290348 -0.551023 -0.164012 -0.340635 0.520207 0.372817 0.365639 0.227678 0.056867 -0.217798 -0.459446 -0.246173 -0.480847 -0.127207 -0.137138 0.038110 -0.420006 -0.408929 0.484098 0.452800 -0.096619 -0.042052 -0.008265 0.280203 0.214299 0.291041
-0.320187 0.013238 0.086094 0.327073 -0.102236 0.396334 -0.231576 -0.152949 0.384212 0.305831 -0.049153 0.254546 -0.176742 0.174137 0.058227 0.232939 0.145834 0.184920 0.183832 -0.243779 -0.084998 0.011965 0.018182 -0.231464 -0.156701 0.134132 -0.418245 0.261986 0.294195 0.340218 -0.069184 0.049024 0.534399 1.000000 0.234868 0.190037 0.200226 0.277262 0.161799 0.289733 0.085838 0.452853 -0.152634 0.179616 -0.161658 -0.044830 0.031774 0.108458 -0.355596 -0.083509 -0.061677 -0.063656 -0.298647 -0.188965 -0.039582 0.137314 -0.183145 -0.163352 -0.084795 0.125004 0.348264 0.512054 0.202323 0.433254 0.181872 0.177248 0.212474 -0.131434 -0.006206 -0.165123 -0.380251 -0.230958 0.252662 0.031690 0.329273 -0.068657 -0.017720 -0.006735 -0.030197 0.214823 -0.020067 0.061748 -0.066592 0.253587 -0.091479 -0.003379 -0.108973 -0.150759 -0.010134 0.022247 -0.262419 -0.324816 -0.146166 -0.274362 0.192528 -0.041877 0.370256 0.159337 -0.011725 -0.356186 -0.408168 -0.357602 -0.407195 -0.308185 -0.270343 0.011425 -0.271317 -0.268901 0.031992 0.229688 0.432347 -0.049059 -0.205549 -0.072680 -0.002850 0.184355
-0.547950 -0.302331 0.324362 0.530109 0.108878 0.407950 0.109599 0.075514 0.211461 0.228440 -0.152745 -0.026357 -0.184697 -0.328358 0.388353 0.246781 -0.357934 -0.439987 0.132207 -0.420549 0.299171 0.343296 0.594483 0.367831 0.591777 0.669865 0.275951 0.541999 -0.182796 -0.097471 0.426567 0.319553 -0.233055 0.234868 1.000000 0.672861 -0.161543 0.103414 -0.080431 0.113890 0.237061 0.148811 -0.231238 -0.086727 -0.430575 -0.265985 -0.260072 -0.105126 -0.438693 -0.477400 -0.094630 -0.208527 -0.476029 -0.367321 -0.144672 -0.239205 -0.528291 -0.483503 -0.176981 -0.052727 0.256397 0.091322 0.096035 0.134976 0.668251 0.408507 -0.022533 0.413531 -0.309728 -0.229517 -0.272608 -0.199957 -0.177038 -0.187601 0.057034 0.153283 0.009157 0.005819 -0.036642 -0.047056 -0.429793 -0.204523 0.339314 0.307956 0.186304 0.138971 0.008993 0.092568 0.553018 0.236755 0.139391 0.204142 0.080425 0.087211 -0.093417 -0.086688 -0.191424 0.161015 -0.326106 -0.354979 -0.166636 -0.032554 -0.073736 -0.234998 -0.156196 -0.049771 0.044272 0.119234 -0.053437 -0.162578 0.139868 -0.079739 -0.036076 -0.108191 0.171840 -0.051134
-0.439757 -0.083127 0.232125 0.394114 0.115896 0.340092 0.129075 0.334574 0.184017 0.422893 -0.257802 -0.113086 -0.311677 -0.086453 0.136240 0.579850 -0.423135 -0.509022 -0.126775 -0.159150 0.249130 0.183750 0.274893 0.009619 0.209461 0.330497 0.106915 0.151073 -0.324781 -0.203817 0.068698 -0.177987 -0.141761 0.190037 0.672861 1.000000 -0.396452 -0.151010 -0.435755 -0.034876 0.271695 -0.018056 -0.091481 -0.029788 -0.206164 0.033061 -0.233586 -0.040803 -0.246287 -0.330749 -0.069461 -0.138835 -0.413051 -0.506698 -0.272582 -0.325235 -0.668576 -0.447471 0.287158 0.149011 0.417855 0.427868 0.065588 0.053750 0.565269 0.520212 0.141977 0.528368 -0.082721 0.232065 -0.527888 -0.291284 -0.282132 -0.397548 -0.293378 -0.008374 -0.241827 -0.200083 -0.204456 -0.191420 -0.354857 -0.261317 0.212348 0.300716 -0.064208 -0.123099 -0.309283 -0.112988 0.561002 0.347100 0.256152 0.159996 0.165475 0.087360 -0.181994 -0.234510 -0.199063 -0.029713 -0.327782 -0.378277 0.176999 -0.027959 0.271656 -0.301220 -0.093387 -0.099771 0.193192 0.137516 -0.127693 -0.323948 0.268088 0.027051 0.021001 -0.273426 0.022405 -0.168511
