1.000000 0.653789 -0.423751 -0.221494 -0.536811 -0.401139 -0.405421 -0.321436 -0.654431 -0.635171 0.000840 0.188040 -0.423588 -0.267720 -0.603352 -0.571990 0.559972 0.499069 -0.039532 -0.166970 0.332385 0.331006 -0.608987 -0.450047 -0.207785 -0.048888 -0.292109 -0.010724 0.109238 -0.136765 0.004970 0.196485 0.269801 0.133303 0.012186 -0.455168 0.383037 -0.086716 0.044462 -0.126809 0.445819 0.370007 0.125566 0.208007 -0.212551 0.013694 -0.247241 -0.080210 -0.132998 -0.329718 -0.175916 -0.233021 0.112541 -0.118212 0.181978 0.132436 0.892004 0.145802 -0.596453 -0.400014 -0.051766 -0.370940 0.153526 0.016273 -0.427139 0.006463 0.045339 0.102513 0.363533 0.253208 -0.322935 -0.097129 0.144657 -0.127274 0.198726 0.005696 0.161528 0.173629 0.361488 0.148670 0.551166 0.376033 -0.107871 0.144653 0.429543 0.561456 0.051240 0.365545 -0.007037 -0.092995 -0.371358 -0.129346 -0.238579 -0.400448 -0.252600 0.073604 0.160461 -0.128625 0.099801 0.645142 -0.310272 0.307200 0.314573 0.147577 -0.224169 0.010501 0.026145 0.146288 0.049107 0.089869 0.083415 -0.209744 -0.027149 0.084751 -0.288447 -0.046776
0.653789 1.000000 -0.412408 -0.396626 -0.449446 -0.485620 -0.341483 -0.283773 -0.460514 -0.541560 0.188144 0.122749 -0.183960 -0.331657 -0.295595 -0.284807 0.524079 0.494035 0.087845 0.106678 0.145555 0.115556 -0.562759 -0.579069 -0.127370 -0.220213 -0.170216 -0.111187 0.198179 0.125842 -0.203557 0.067595 0.184201 0.260778 -0.139690 -0.220633 0.304128 -0.076978 0.229320 -0.159283 0.373071 0.242579 0.226768 0.115997 0.090193 -0.037986 -0.036757 0.003411 0.283233 0.009932 -0.134542 0.041348 0.216901 -0.109701 0.200097 -0.053992 0.498913 0.669988 -0.270322 -0.153525 0.082749 -0.169159 0.267884 0.449778 -0.363482 -0.153617 -0.104855 -0.181158 0.214287 0.615594 -0.119814 -0.267791 0.166132 0.079357 0.330802 0.001945 0.071687 0.006342 0.221610 0.056267 0.390688 0.441818 0.084291 0.307033 0.360409 0.171030 0.210261 0.228988 -0.063477 -0.035337 -0.257789 -0.386392 -0.624268 -0.580356 -0.204939 -0.097189 -0.077906 -0.227949 0.228354 0.183367 -0.271226 0.011608 -0.132738 -0.283095 -0.454297 -0.292517 -0.232942 -0.185498 0.215986 -0.224736 0.050943 -0.182471 -0.058480 0.022914 -0.402097 -0.430362
-0.423751 -0.412408 1.000000 0.014326 0.024257 -0.145320 0.821579 0.281474 0.467574 0.167418 0.203993 -0.157735 0.503225 -0.117479 0.382235 0.142474 -0.239643 -0.306264 0.415106 0.046421 -0.426272 -0.380557 0.455272 -0.125703 -0.325862 -0.332972 -0.258563 -0.340990 0.178595 0.129605 0.370730 -0.107424 0.067353 0.086309 0.038975 0.161133 -0.120183 -0.216269 -0.457775 -0.280033 -0.254786 -0.387669 -0.171782 -0.254142 0.062303 -0.206133 0.047430 0.092036 0.056514 0.164364 0.178549 -0.061075 -0.086875 0.069466 -0.319378 -0.255080 -0.482944 -0.355140 0.442550 0.267327 0.318515 0.335167 0.024890 -0.099860 0.541458 -0.288602 0.114960 -0.204815 -0.410466 -0.235528 0.266109 -0.006918 0.272420 0.056163 -0.188625 -0.123182 -0.056915 -0.165594 -0.084367 -0.342557 -0.359091 -0.118988 0.205327 -0.137526 -0.224553 -0.147106 -0.201407 -0.437605 0.057874 -0.078628 -0.001052 0.206314 0.105463 0.452116 0.289286 -0.275867 -0.217447 0.051198 0.024124 -0.083172 0.018591 0.109294 0.287821 -0.064629 -0.103460 -0.166167 0.198309 -0.053614 0.105187 -0.021074 -0.176632 -0.016074 0.072486 -0.168099 0.019449 0.077449
-0.221494 -0.396626 0.014326 1.000000 0.222016 0.544883 -0.042567 0.459884 -0.013747 0.335887 -0.377770 0.200261 -0.432790 0.434439 -0.228180 0.005199 -0.686848 -0.550593 -0.434533 -0.323037 0.074417 0.174100 0.266917 0.699048 -0.015210 0.539176 0.354370 0.576137 -0.755619 -0.636183 0.002864 0.027903 -0.445302 -0.348840 0.272960 0.128369 -0.713230 -0.575059 -0.268185 0.105524 -0.511193 -0.559076 -0.112255 -0.075130 0.031912 0.266603 -0.124460 -0.042423 -0.302257 -0.166743 0.222423 -0.377358 -0.587631 -0.284834 -0.291449 -0.092312 -0.048856 -0.217939 -0.035018 -0.055963 -0.297432 0.283612 -0.610203 -0.357450 0.295474 0.747887 0.073330 0.519662 -0.017625 -0.239997 -0.396119 -0.008062 -0.818733 -0.654675 -0.611408 -0.300855 -0.548642 -0.352351 -0.314483 -0.036334 -0.555834 -0.599373 -0.332332 -0.282020 0.148257 0.355301 -0.170325 0.342320 0.469352 0.033259 0.305347 -0.207289 0.577960 0.313580 0.374124 0.247388 0.079356 0.396884 -0.068471 -0.082229 0.377852 -0.144555 -0.174051 -0.117794 0.026184 0.064984 0.178755 0.308442 0.127971 0.405320 0.136478 -0.224753 -0.396602 -0.185096 0.052482 0.130412
-0.536811 -0.449446 0.024257 0.222016 1.000000 0.649988 0.091366 0.471758 0.653321 0.723877 -0.304237 -0.018985 0.134530 0.468795 0.326606 0.765204 -0.325283 -0.488650 -0.461329 -0.156381 0.125633 0.160593 0.069115 0.439352 0.539952 0.264294 0.505276 0.111102 -0.143982 0.004728 -0.143042 -0.017040 -0.286305 -0.052961 -0.411314 -0.004368 0.008572 -0.008009 0.442700 0.340107 -0.252272 -0.094200 -0.197493 -0.213888 -0.062157 -0.158663 0.106316 -0.227833 -0.071065 -0.056524 -0.396204 -0.001134 0.074913 0.010573 0.033821 -0.135389 -0.453491 -0.319843 0.093754 0.076213 0.050365 0.107282 0.020149 0.103003 0.069664 0.045554 -0.174013 0.006855 -0.087299 -0.148145 0.156315 0.319123 -0.168900 0.123158 -0.303788 0.057495 -0.158472 -0.041845 -0.114328 -0.069024 0.022463 -0.174165 -0.062146 0.166790 -0.567167 -0.196621 0.007587 -0.144887 -0.276831 -0.007182 0.523894 0.354871 0.443034 0.380915 0.119256 0.282212 -0.097529 0.208079 -0.172433 -0.455417 0.465662 0.037680 -0.266095 0.238100 0.316695 0.332569 -0.057226 -0.096875 -0.114007 -0.062562 -0.197404 -0.003612 0.024106 -0.152370 0.291214 0.251282
-0.401139 -0.485620 -0.145320 0.544883 0.649988 1.000000 -0.159260 0.432857 0.395858 0.719892 -0.278505 0.037015 -0.142505 0.586216 0.182731 0.511117 -0.391913 -0.457716 -0.661352 -0.442869 0.441505 0.446328 0.279843 0.818054 0.435353 0.753241 0.755806 0.692485 -0.424637 -0.273506 -0.060261 0.007996 -0.592533 -0.524955 -0.114833 -0.044301 -0.135660 0.068802 0.300597 0.587695 -0.081264 -0.073701 0.013175 -0.082892 -0.145173 0.088707 0.023720 -0.256238 -0.229840 -0.211571 0.045183 -0.333685 -0.150774 -0.155683 0.013620 0.009248 -0.106306 -0.262231 -0.101248 -0.147983 -0.194844 0.263275 -0.272612 -0.227354 0.062337 0.450229 -0.330761 0.198986 -0.004438 -0.273988 -0.119341 0.237971 -0.531797 -0.132054 -0.315806 0.045067 -0.199987 -0.161056 -0.200389 0.158353 -0.201060 -0.378611 -0.146098 0.032724 -0.354260 -0.127853 -0.057552 0.196490 -0.045013 0.006747 0.266894 -0.051372 0.585092 0.152915 0.274982 0.306944 0.342093 0.376537 -0.012899 -0.279287 0.423439 -0.123434 -0.166644 0.006897 0.228362 0.464014 0.085199 0.314173 0.099713 0.396005 0.052052 -0.038120 -0.034061 -0.116039 0.329138 0.217394
-0.405421 -0.341483 0.821579 -0.042567 0.091366 -0.159260 1.000000 0.383151 0.602508 0.218858 0.380680 -0.147600 0.630638 -0.051073 0.536675 0.155646 -0.148137 -0.208644 0.410170 0.209639 -0.457200 -0.500470 0.461053 -0.158756 -0.301337 -0.480339 -0.191766 -0.373271 0.334637 0.288543 0.433785 0.015173 0.083153 0.097552 0.056763 0.199880 -0.088793 -0.166087 -0.402482 -0.205030 -0.190991 -0.359638 -0.258820 -0.423918 -0.028483 -0.332510 0.000425 -0.140903 -0.152985 0.098734 -0.121392 -0.120440 -0.059908 0.188551 -0.313698 -0.480874 -0.459869 -0.247251 0.415073 0.111749 0.389887 0.334995 0.035687 -0.121219 0.638951 -0.265160 -0.055762 -0.353960 -0.454597 -0.296509 0.242863 -0.059877 0.390903 0.115530 -0.078698 -0.134329 -0.030234 -0.243506 0.029785 -0.212169 -0.333371 -0.038266 0.374757 0.032211 -0.109324 -0.051146 -0.048044 -0.371925 0.162613 0.055339 0.073454 0.412509 0.180722 0.591217 0.118044 -0.221932 -0.429322 -0.179409 -0.240497 -0.286830 0.109596 0.121341 0.366061 -0.070707 -0.154568 -0.180832 0.290976 -0.051782 0.155024 -0.048627 -0.438628 0.000664 0.140672 -0.116020 0.155948 0.097964
-0.321436 -0.283773 0.281474 0.459884 0.471758 0.432857 0.383151 1.000000 0.444100 0.618455 -0.217177 0.269858 0.027689 0.576303 0.075336 0.364579 -0.445779 -0.509944 -0.277045 -0.078650 -0.090685 -0.137701 -0.000580 0.240290 0.020043 0.221903 0.215963 0.045562 -0.210901 0.075906 0.073811 0.209948 -0.092065 0.092728 -0.047087 0.277307 -0.357760 -0.349023 -0.104581 0.141788 -0.423315 -0.555569 -0.294597 -0.425155 -0.098315 -0.226830 0.030927 -0.108942 -0.236091 -0.182608 -0.145670 -0.241593 -0.117834 -0.155865 -0.354906 -0.328660 -0.260128 -0.317940 0.061706 -0.045902 0.110402 0.603883 -0.144899 0.194173 0.351258 0.288725 -0.176658 0.084693 -0.169425 -0.067974 -0.036814 0.011879 -0.254097 -0.160611 -0.325308 -0.129078 -0.198623 -0.322359 -0.303045 -0.197665 -0.389754 -0.428065 -0.098728 -0.131864 -0.200815 0.051440 -0.307591 0.036711 0.007994 0.037876 0.265501 -0.056488 0.412708 0.262574 0.033815 0.004995 -0.254465 0.019582 -0.143687 -0.193470 0.416507 -0.175679 0.073921 0.063233 0.126110 -0.042287 0.387977 0.146341 0.014543 0.155232 -0.268046 -0.118965 -0.110055 -0.170620 0.135128 0.046276
-0.654431 -0.460514 0.467574 -0.013747 0.653321 0.395858 0.602508 0.444100 1.000000 0.702886 0.087160 -0.380744 0.519923 0.165889 0.693096 0.584127 -0.292866 -0.442238 0.140991 0.031379 -0.034300 -0.027178 0.399631 0.168472 0.269899 0.048391 0.290861 -0.064555 0.283451 0.335419 0.318419 0.209688 -0.030553 -0.022478 -0.182404 0.184292 0.095264 0.081394 -0.004431 0.173527 -0.071152 -0.125914 -0.144322 -0.236503 -0.063114 -0.331773 0.224250 -0.126817 -0.113459 0.095154 -0.203168 0.098221 0.061257 0.330271 -0.250877 -0.326498 -0.612101 -0.231742 0.303105 0.161234 0.082277 0.370517 -0.111012 -0.072570 0.451341 -0.145529 -0.479486 -0.507638 -0.144241 -0.242619 0.320888 0.295806 0.227887 0.364299 0.065432 0.073390 0.124876 -0.120425 0.056234 0.008338 -0.155442 -0.086450 0.347996 0.111965 -0.496179 -0.434529 0.133624 -0.286394 -0.181212 -0.151598 0.316225 0.309042 0.183223 0.415792 0.184915 -0.130092 -0.214543 -0.052253 -0.288565 -0.502363 0.140849 -0.057872 -0.064224 0.047038 0.040333 0.075508 0.080095 -0.177411 0.007381 -0.165891 -0.332987 0.147760 0.134796 -0.196100 0.270613 -0.019162
-0.635171 -0.541560 0.167418 0.335887 0.723877 0.719892 0.218858 0.618455 0.702886 1.000000 -0.063521 0.086420 0.281981 0.676348 0.481582 0.628863 -0.370999 -0.578489 -0.340534 -0.252314 -0.015806 0.130199 0.340200 0.470908 0.319238 0.348347 0.407100 0.128172 -0.096692 0.072345 0.048857 0.062088 -0.350331 -0.162543 -0.017403 0.245076 -0.163960 0.020079 0.030734 0.338264 -0.265360 -0.263602 -0.249914 -0.321197 -0.103094 -0.146057 0.121000 -0.104732 -0.118344 -0.102456 -0.154419 -0.182525 -0.163792 -0.061974 -0.121335 -0.180506 -0.493037 -0.450413 0.230371 -0.061856 0.163002 0.553515 -0.147164 0.004227 0.391915 0.317558 -0.410656 -0.056042 -0.180446 -0.388551 0.204466 0.309353 -0.254951 0.113391 -0.142448 0.116770 0.009075 -0.033451 -0.123208 -0.142538 -0.241055 -0.343081 0.130015 0.098085 -0.457202 -0.290927 0.034538 0.023045 -0.084981 -0.059833 0.304999 0.047489 0.443503 0.349732 0.146318 0.045737 -0.079096 0.153195 -0.176457 -0.435984 0.456771 -0.154087 -0.211610 -0.067678 0.137760 0.112108 -0.003426 -0.027203 -0.096565 0.107115 -0.031605 0.071961 0.031118 -0.092655 0.264619 0.039939
0.000840 0.188144 0.203993 -0.377770 -0.304237 -0.278505 0.380680 -0.217177 0.087160 -0.063521 1.000000 -0.031306 0.600392 -0.154696 0.633776 0.030461 0.425567 0.239878 0.402474 0.244308 -0.185812 -0.099657 0.467646 -0.192895 -0.206319 -0.411889 -0.138817 -0.175620 0.612790 0.211556 0.175995 -0.185375 -0.085767 -0.116886 0.153058 0.067111 0.268425 0.311040 -0.095406 -0.078182 0.310388 0.118969 -0.106162 -0.298978 -0.167989 -0.293629 -0.276056 -0.234597 0.003157 -0.002601 -0.083383 -0.025141 0.018187 0.126271 -0.006459 -0.443141 -0.062494 0.125019 0.155028 -0.323075 0.397869 0.042947 0.373857 0.002606 0.350322 -0.299059 -0.335630 -0.452099 -0.271685 -0.133545 0.318211 -0.085867 0.369208 0.371594 0.440853 0.252969 0.400251 0.120980 0.267362 0.054325 0.041444 0.343697 0.772276 0.315126 0.403468 -0.225327 0.487949 -0.039546 0.113247 -0.173449 -0.263953 0.087686 -0.177468 0.154451 -0.131402 -0.314115 -0.206630 -0.408016 -0.117128 -0.324247 0.003669 0.127707 0.109935 -0.282874 -0.324570 -0.223179 -0.081976 -0.113924 0.033567 -0.023346 -0.099219 0.149736 0.223048 0.280127 0.112794 -0.253415
0.188040 0.122749 -0.157735 0.200261 -0.018985 0.037015 -0.147600 0.269858 -0.380744 0.086420 -0.031306 1.000000 -0.069119 0.586170 -0.309811 0.075970 0.101845 -0.145516 -0.500550 -0.129010 -0.263132 -0.230048 -0.329812 -0.041157 -0.297312 -0.055785 -0.126200 -0.113347 -0.219181 0.034949 -0.332893 -0.129428 -0.106801 0.148395 0.167533 -0.058485 -0.133068 -0.154831 -0.069198 0.033904 -0.234118 -0.241995 -0.384577 -0.418187 -0.330969 -0.125833 -0.443469 -0.263127 0.012478 -0.457266 -0.063911 -0.402562 -0.044166 -0.408865 0.215409 -0.097995 0.209350 -0.188678 -0.103030 -0.369915 0.512385 0.125956 0.353336 0.415805 -0.096427 0.273939 0.327858 0.581716 -0.283939 0.022948 -0.024354 0.002971 -0.189132 -0.205265 -0.298931 0.300869 -0.049029 0.297296 -0.190432 -0.342631 -0.060020 -0.115276 -0.308519 0.113794 0.126826 0.426168 -0.317932 0.288461 0.006581 0.311032 -0.110794 -0.183498 0.291160 0.051042 -0.422100 0.325562 -0.240737 -0.069527 -0.069718 0.005654 0.459786 0.197496 0.133788 -0.028474 0.163988 0.035428 -0.129215 0.122118 -0.001129 0.366327 -0.137620 -0.164811 0.067527 0.242760 0.053981 0.139324
-0.423588 -0.183960 0.503225 -0.432790 0.134530 -0.142505 0.630638 0.027689 0.519923 0.281981 0.600392 -0.069119 1.000000 0.168390 0.803091 0.438479 0.159988 -0.142751 0.339995 0.181924 -0.429976 -0.272121 0.378847 -0.196509 -0.144062 -0.442499 -0.002019 -0.400105 0.512922 0.388182 0.161960 -0.174322 -0.041125 0.094463 -0.084219 0.136972 0.190537 0.305260 -0.090551 -0.032517 -0.078792 -0.097620 -0.175581 -0.232836 -0.016475 -0.374986 0.065202 -0.097081 0.178389 0.190184 -0.162821 0.074230 0.120594 0.067215 -0.005007 -0.260831 -0.496311 -0.117560 0.620543 0.119605 0.663382 0.289608 0.400955 0.153486 0.342832 -0.373227 -0.199933 -0.535385 -0.446725 -0.303255 0.409759 0.127695 0.498885 0.310797 0.114705 0.062935 0.206203 0.008871 0.022390 -0.249426 -0.052981 0.121431 0.530670 0.265069 -0.303193 -0.475098 0.213989 -0.370025 -0.260911 -0.048684 0.002268 0.368171 -0.091951 0.395540 -0.124927 -0.190212 -0.207545 -0.237671 -0.049961 -0.476233 0.081851 0.299691 0.085153 -0.104747 -0.068206 -0.088605 -0.162802 -0.082677 0.109838 -0.048870 -0.335053 0.160050 0.359986 0.094780 0.152104 -0.156937
-0.267720 -0.331657 -0.117479 0.434439 0.468795 0.586216 -0.051073 0.576303 0.165889 0.676348 -0.154696 0.586170 0.168390 1.000000 0.107487 0.435904 -0.269455 -0.500552 -0.545949 -0.262660 -0.085832 0.150933 0.009181 0.471826 0.033971 0.378505 0.354159 0.229378 -0.298104 -0.131598 -0.130696 0.107925 -0.300474 -0.013059 0.075726 0.115841 -0.243192 -0.097610 0.009515 0.289397 -0.413103 -0.418649 -0.368439 -0.320828 -0.301195 -0.181799 -0.164764 -0.249673 -0.224880 -0.389688 -0.107028 -0.404768 -0.189450 -0.313787 -0.060147 -0.056497 -0.105335 -0.392927 0.127781 -0.252659 0.295156 0.490506 -0.024334 0.133963 0.165321 0.547588 -0.122692 0.271369 -0.078568 -0.319940 -0.068068 0.293800 -0.409919 -0.299709 -0.358784 0.002370 -0.135662 -0.007627 -0.187430 -0.171564 -0.158331 -0.360546 -0.134391 0.104824 -0.200597 0.076695 -0.165933 0.233951 -0.058599 0.028216 0.097943 -0.080537 0.469623 0.210222 -0.100120 0.273399 -0.015227 0.160013 -0.155833 -0.314035 0.487413 0.019883 -0.140447 0.007751 0.253589 0.155599 -0.047298 0.276854 0.034010 0.402391 -0.111744 -0.184208 -0.082195 -0.012311 0.191691 0.081189
-0.603352 -0.295595 0.382235 -0.228180 0.326606 0.182731 0.536675 0.075336 0.693096 0.481582 0.633776 -0.309811 0.803091 0.107487 1.000000 0.587120 -0.059812 -0.245047 0.295241 0.263547 -0.134084 -0.051308 0.638784 0.126877 0.134882 -0.129848 0.268594 -0.079173 0.485471 0.297784 0.273031 -0.088377 -0.229821 -0.157087 -0.129552 0.184875 0.186939 0.335240 0.012240 0.134291 0.067771 0.007957 -0.105362 -0.279366 0.006096 -0.338363 0.068468 -0.206965 0.026141 0.203899 -0.180851 0.150370 0.038118 0.311751 -0.150204 -0.436100 -0.567793 -0.039562 0.431025 0.041990 0.312328 0.231322 0.203038 -0.104176 0.413396 -0.304656 -0.480054 -0.564733 -0.312236 -0.311884 0.378416 0.099548 0.270070 0.432136 0.187686 0.150990 0.196227 -0.107759 0.055148 0.009797 -0.059928 0.163691 0.738232 0.401839 -0.181454 -0.551822 0.442134 -0.209858 -0.170165 -0.233308 0.112284 0.285670 -0.014170 0.365747 0.040986 -0.206532 -0.201871 -0.238137 -0.167720 -0.684298 0.166453 0.024504 -0.097389 -0.182709 -0.062798 -0.108217 -0.085582 -0.184718 0.042834 -0.130971 -0.246996 0.173934 0.199228 0.051136 0.202627 -0.192923
-0.571990 -0.284807 0.142474 0.005199 0.765204 0.511117 0.155646 0.364579 0.584127 0.628863 0.030461 0.075970 0.438479 0.435904 0.587120 1.000000 -0.164886 -0.493316 -0.301890 0.086849 0.110278 0.043167 0.094669 0.296618 0.428410 0.182739 0.578889 0.054674 0.046630 0.225599 -0.189349 -0.214326 -0.330761 -0.024681 -0.549689 -0.060973 0.147028 0.225062 0.438993 0.437304 -0.138224 0.005326 -0.254996 -0.363500 -0.035487 -0.370201 0.010109 -0.295456 0.257429 0.038202 -0.327411 0.060946 0.236456 -0.075056 0.133872 -0.197422 -0.476263 -0.158485 0.232921 0.189224 0.349573 0.128959 0.381172 0.306519 -0.082079 -0.216108 -0.176663 -0.194885 -0.238881 -0.001927 0.328050 0.216122 0.023359 0.280724 -0.251985 0.163568 -0.131064 -0.050771 -0.260244 -0.086867 0.016660 -0.035805 0.138919 0.349036 -0.574055 -0.450332 0.108639 -0.173562 -0.485748 -0.034398 0.349222 0.254828 0.177562 0.304762 -0.107553 0.200739 -0.111140 -0.019221 0.007423 -0.605797 0.421084 0.147940 -0.212385 0.131891 0.341244 0.253802 -0.140389 -0.156472 -0.004425 0.019990 -0.252678 0.133573 0.192053 0.149280 0.304522 0.016700
0.559972 0.524079 -0.239643 -0.686848 -0.325283 -0.391913 -0.148137 -0.445779 -0.292866 -0.370999 0.425567 0.101845 0.159988 -0.269455 -0.059812 -0.164886 1.000000 0.770582 0.081420 -0.015117 0.110208 0.064105 -0.296698 -0.559444 0.075679 -0.431591 -0.255811 -0.321061 0.531083 0.352212 -0.052386 -0.102939 0.177110 0.157342 -0.167671 -0.306209 0.652488 0.441363 0.388529 -0.029769 0.569768 0.599011 -0.002525 -0.066422 -0.252499 -0.225456 -0.160636 -0.199348 0.097986 -0.212599 -0.269621 -0.175923 0.351540 -0.139750 0.513574 0.095714 0.496543 0.164052 -0.167967 -0.289989 0.359263 -0.262117 0.553797 0.364970 -0.260494 -0.398446 -0.077044 -0.287812 0.008029 0.179181 0.208212 0.001690 0.614470 0.436896 0.526555 0.302234 0.461678 0.399836 0.473143 0.093061 0.584044 0.598525 0.195989 0.287029 0.066415 -0.008705 0.281629 -0.050149 -0.193990 0.024058 -0.311563 0.046839 -0.384915 -0.288462 -0.430998 0.016937 0.028442 -0.277167 0.106563 0.238285 -0.249547 0.263814 0.239139 0.035555 -0.187351 0.152199 -0.239956 -0.110099 -0.117654 -0.048875 -0.019647 0.163822 0.403638 0.385499 0.077825 0.002168
0.499069 0.494035 -0.306264 -0.550593 -0.488650 -0.457716 -0.208644 -0.509944 -0.442238 -0.578489 0.239878 -0.145516 -0.142751 -0.500552 -0.245047 -0.493316 0.770582 1.000000 0.231478 0.179617 0.094661 -0.031549 -0.187194 -0.452717 0.038202 -0.412249 -0.373475 -0.217160 0.363038 0.195729 0.005890 0.003554 0.224287 0.175557 -0.022652 -0.129395 0.423276 0.250960 0.309408 -0.254051 0.474362 0.464454 0.168990 0.082589 -0.038657 0.000837 -0.040138 -0.062437 -0.049715 -0.020747 0.001087 -0.013337 0.338854 0.090364 0.294436 0.122817 0.506296 0.419337 -0.176132 -0.118129 -0.050145 -0.240680 0.173294 0.177920 -0.165244 -0.324474 0.004455 -0.188089 0.160350 0.207872 0.045796 -0.195919 0.416792 0.282582 0.541178 0.072556 0.317587 0.182616 0.502738 0.200009 0.457056 0.586806 0.088763 0.067146 0.271431 0.030703 0.131412 -0.167392 0.120484 0.006681 -0.317317 -0.070226 -0.494811 -0.496977 -0.204999 -0.112862 -0.022808 -0.198519 0.074615 0.256562 -0.466783 -0.161326 0.133898 -0.070840 -0.273084 -0.062981 -0.068943 -0.081687 -0.123575 -0.243150 0.091814 -0.013696 0.083466 0.118976 -0.065296 0.061307
-0.039532 0.087845 0.415106 -0.434533 -0.461329 -0.661352 0.410170 -0.277045 0.140991 -0.340534 0.402474 -0.500550 0.339995 -0.545949 0.295241 -0.301890 0.081420 0.231478 1.000000 0.550684 -0.317553 -0.277526 0.214713 -0.501162 -0.302419 -0.480199 -0.535582 -0.446589 0.644252 0.361576 0.466373 0.301111 0.620116 0.405187 0.154017 0.221389 0.169788 0.048637 -0.451925 -0.499338 0.154346 0.026653 -0.070585 0.014676 -0.009945 -0.309361 0.031538 0.193075 -0.062174 0.190307 0.120429 0.443499 0.069579 0.565633 -0.435569 -0.196557 -0.217772 0.186494 0.180137 0.243171 -0.102261 0.003468 -0.053558 -0.108228 0.337808 -0.440058 -0.103549 -0.583446 0.233522 0.001162 0.270566 -0.035953 0.550394 0.329225 0.522874 -0.047789 0.356714 0.020979 0.329289 0.159447 0.089085 0.343220 0.533053 -0.037624 0.293217 -0.241842 0.239745 -0.271738 0.098679 -0.412022 -0.266695 0.028999 -0.549103 -0.038333 -0.003049 -0.574914 -0.337716 -0.405270 -0.261218 -0.039943 -0.496428 -0.192865 0.082646 0.015187 -0.166906 -0.459825 0.108729 -0.282059 -0.128422 -0.445349 -0.116097 0.072240 -0.109802 -0.036602 -0.177032 -0.386253
-0.166970 0.106678 0.046421 -0.323037 -0.156381 -0.442869 0.209639 -0.078650 0.031379 -0.252314 0.244308 -0.129010 0.181924 -0.262660 0.263547 0.086849 -0.015117 0.179617 0.550684 1.000000 -0.202271 -0.437613 0.032380 -0.244011 0.077573 -0.330633 -0.244984 -0.368539 0.396371 0.456260 0.144379 0.195399 0.413021 0.463327 -0.055132 0.320329 0.156927 0.066840 -0.108772 -0.330512 0.059418 0.064512 -0.166832 -0.217964 0.103794 -0.348025 0.014037 -0.016384 0.073016 0.266159 -0.024951 0.544908 0.404408 0.534935 -0.254286 -0.208387 -0.180486 0.291930 0.093949 0.172722 -0.099341 -0.145054 0.174744 0.136858 -0.046412 -0.491759 0.006382 -0.316348 0.088779 0.361401 0.256529 -0.174490 0.335192 0.363862 0.314447 0.096593 0.156741 -0.053431 0.100911 0.114080 0.100526 0.437642 0.276839 0.133181 0.227098 -0.190346 0.006182 -0.304879 -0.080316 -0.187045 -0.084826 0.099970 -0.489375 -0.164592 -0.434094 -0.320984 -0.512291 -0.629675 -0.194739 -0.367469 -0.334384 -0.327554 -0.116769 0.049963 0.147915 -0.537844 0.191359 -0.431779 -0.292001 -0.518639 -0.277859 0.140125 -0.144357 0.214243 0.031162 -0.089850
0.332385 0.145555 -0.426272 0.074417 0.125633 0.441505 -0.457200 -0.090685 -0.034300 -0.015806 -0.185812 -0.263132 -0.429976 -0.085832 -0.134084 0.110278 0.110208 0.094661 -0.317553 -0.202271 1.000000 0.692410 -0.219644 0.287175 0.477973 0.676516 0.536263 0.633467 -0.116144 -0.221748 0.004733 0.186153 -0.113238 -0.239343 -0.358710 -0.482272 0.359395 0.225043 0.474849 0.537603 0.490850 0.488184 0.170440 0.155132 -0.126709 -0.086183 -0.036798 -0.263737 -0.101866 -0.180011 -0.089727 -0.157255 0.303032 0.045192 0.106214 0.147604 0.542091 0.087120 -0.507467 -0.094274 -0.427644 -0.256353 -0.087426 -0.246882 -0.504131 0.053847 -0.331007 -0.190063 0.497520 0.294192 -0.351839 0.177918 -0.181813 0.035358 0.061977 0.007177 0.001721 -0.019683 0.149591 0.522803 0.393558 0.146205 -0.028270 0.126796 -0.074314 0.049636 0.281221 0.339396 -0.264759 -0.131573 -0.080814 -0.121422 -0.046698 -0.366458 0.045719 0.193000 0.426201 0.132576 0.120449 0.263642 -0.174957 0.046540 -0.015290 0.250453 0.140518 0.366216 0.117719 0.067047 0.040418 0.125394 0.117995 0.034848 0.048727 0.114322 0.166209 0.188364
0.331006 0.115556 -0.380557 0.174100 0.160593 0.446328 -0.500470 -0.137701 -0.027178 0.130199 -0.099657 -0.230048 -0.272121 0.150933 -0.051308 0.043167 0.064105 -0.031549 -0.277526 -0.437613 0.692410 1.000000 -0.047443 0.348772 0.328643 0.625087 0.387089 0.588994 -0.129355 -0.510425 0.039975 0.261351 -0.223060 -0.236090 -0.208885 -0.336027 0.295121 -0.015747 0.309101 0.268732 0.304657 0.201012 0.213175 0.319233 -0.159562 0.048814 -0.064734 -0.156103 -0.202199 -0.230990 -0.059731 -0.172648 -0.042458 -0.038630 0.088380 0.185073 0.458258 -0.007104 -0.393525 -0.321950 -0.378310 -0.033648 -0.277072 -0.289362 -0.212841 0.353960 -0.469973 -0.106154 0.520146 -0.058203 -0.232283 0.380922 -0.308867 -0.094450 0.110084 0.005115 0.114516 -0.023336 0.371663 0.305665 0.404997 0.124432 0.058560 0.208511 0.048519 0.049202 0.315261 0.302376 -0.092458 -0.502345 -0.027940 -0.194040 -0.008571 -0.285783 0.260970 0.063474 0.507321 0.246934 0.133477 0.137782 -0.164845 0.109509 -0.235347 0.040326 -0.144552 0.261857 -0.164688 0.151021 0.011668 0.053459 0.277481 -0.217240 -0.258690 -0.183635 -0.204119 -0.113616
-0.608987 -0.562759 0.455272 0.266917 0.069115 0.279843 0.461053 -0.000580 0.399631 0.340200 0.467646 -0.329812 0.378847 0.009181 0.638784 0.094669 -0.296698 -0.187194 0.214713 0.032380 -0.219644 -0.047443 1.000000 0.484334 0.047357 0.024355 0.146153 0.201472 0.037086 -0.158530 0.380565 -0.151583 -0.433677 -0.496480 0.369147 0.398708 -0.246199 0.050439 -0.297670 -0.085080 -0.091489 -0.207538 0.088456 -0.077288 0.102436 0.149522 0.085947 0.019648 -0.200066 0.207604 0.308270 -0.051767 -0.414010 0.170932 -0.262504 -0.225297 -0.475865 -0.171271 0.365695 -0.096581 -0.070377 0.238355 -0.288168 -0.514026 0.675716 0.073078 -0.257568 -0.117766 -0.365833 -0.506168 0.162276 -0.030836 -0.146065 0.067686 0.037173 0.010807 0.032796 -0.201931 0.023530 0.038708 -0.470525 -0.131833 0.452226 -0.058436 0.084432 -0.315324 0.173636 -0.168545 0.388414 -0.185782 0.066129 0.081712 0.256895 0.414004 0.411699 -0.195512 0.055380 0.096335 -0.081177 -0.442515 0.104116 -0.220719 -0.128620 -0.377963 -0.160055 -0.097160 0.096403 0.051385 0.043683 0.086569 0.102134 0.131892 -0.041578 -0.087915 0.233407 0.057328
-0.450047 -0.579069 -0.125703 0.699048 0.439352 0.818054 -0.158756 0.240290 0.168472 0.470908 -0.192895 -0.041157 -0.196509 0.471826 0.126877 0.296618 -0.559444 -0.452717 -0.501162 -0.244011 0.287175 0.348772 0.484334 1.000000 0.309543 0.686631 0.641820 0.748339 -0.567626 -0.543752 -0.110059 -0.103559 -0.599459 -0.562927 0.106206 0.073646 -0.381228 -0.060017 0.093744 0.383800 -0.250925 -0.233469 0.040621 0.041527 -0.019830 0.258315 -0.036140 -0.099927 -0.223849 -0.040056 0.267064 -0.189539 -0.281774 -0.142618 -0.119657 0.081472 -0.165580 -0.251584 -0.016460 -0.093455 -0.371539 0.133779 -0.438169 -0.435743 0.119568 0.510777 -0.149542 0.280345 0.013463 -0.293066 -0.135920 0.198098 -0.689113 -0.342263 -0.384494 -0.133966 -0.308405 -0.206225 -0.254896 0.194924 -0.416182 -0.488931 -0.185116 -0.207766 -0.075050 -0.085231 -0.115483 0.089011 0.222243 -0.017829 0.230737 -0.005391 0.581531 0.237773 0.368826 0.223015 0.382555 0.421471 0.001240 -0.288478 0.293063 -0.172889 -0.286804 -0.027313 0.226033 0.310617 0.180054 0.370034 0.089048 0.406642 0.219027 -0.008509 -0.209088 -0.057030 0.360106 0.292386
-0.207785 -0.127370 -0.325862 -0.015210 0.539952 0.435353 -0.301337 0.020043 0.269899 0.319238 -0.206319 -0.297312 -0.144062 0.033971 0.134882 0.428410 0.075679 0.038202 -0.302419 0.077573 0.477973 0.328643 0.047357 0.309543 1.000000 0.371105 0.508251 0.212098 -0.113440 0.056826 -0.056868 -0.008907 -0.212756 -0.147609 -0.274497 0.193330 0.212898 0.288297 0.603582 0.272195 0.227638 0.430381 0.228643 0.169856 0.225058 0.095888 0.461185 0.083221 0.133747 0.210317 -0.169498 0.171694 0.208514 -0.019667 0.239049 0.321331 -0.062565 -0.044145 -0.076856 -0.030566 -0.324510 -0.213139 0.013740 0.033145 -0.294016 -0.127293 -0.245533 -0.159879 0.122066 0.281413 -0.003572 0.060436 -0.113643 0.330240 0.156348 0.103158 0.021011 -0.064990 0.046694 0.251963 0.194518 0.133534 -0.051219 0.046057 -0.440606 -0.356600 0.170300 -0.083147 -0.317573 -0.105812 0.259672 0.066434 -0.075999 -0.154423 -0.081795 0.097429 0.281949 0.012706 0.233596 -0.145910 -0.093063 -0.211026 -0.469062 0.088827 0.269467 0.169204 0.013105 -0.318169 -0.360725 -0.262054 0.147444 0.398765 0.102844 0.165040 0.352298 0.256543
-0.048888 -0.220213 -0.332972 0.539176 0.264294 0.753241 -0.480339 0.221903 0.048391 0.348347 -0.411889 -0.055785 -0.442499 0.378505 -0.129848 0.182739 -0.431591 -0.412249 -0.480199 -0.330633 0.676516 0.625087 0.024355 0.686631 0.371105 1.000000 0.680112 0.795446 -0.495929 -0.374797 0.045836 0.244079 -0.326310 -0.434159 0.003540 -0.068844 -0.128556 0.051690 0.114773 0.528583 0.007283 0.049532 0.124385 0.198322 -0.053117 0.141620 0.093191 -0.034736 -0.180793 -0.163679 0.219309 -0.158764 -0.138967 -0.060109 -0.180565 0.213818 0.202102 -0.120130 -0.277342 -0.085167 -0.492219 0.078850 -0.369697 -0.332972 -0.216118 0.490338 -0.313584 0.184431 0.361463 0.057793 -0.440049 0.162678 -0.618117 -0.305824 -0.259612 -0.084142 -0.194491 -0.176242 -0.238914 0.277400 -0.076815 -0.319890 -0.212236 -0.103362 -0.109657 -0.010961 -0.021725 0.464279 -0.150045 -0.142897 0.073897 -0.319609 0.266300 -0.203380 0.191562 0.197087 0.493828 0.274769 0.123025 0.051210 0.068462 -0.166617 -0.225884 0.099668 0.292567 0.250590 0.102195 0.217484 0.078434 0.357400 0.168077 0.033223 -0.122457 -0.036166 0.164507 0.048372
-0.292109 -0.170216 -0.258563 0.354370 0.505276 0.755806 -0.191766 0.215963 0.290861 0.407100 -0.138817 -0.126200 -0.002019 0.354159 0.268594 0.578889 -0.255811 -0.373475 -0.535582 -0.244984 0.536263 0.387089 0.146153 0.641820 0.508251 0.680112 1.000000 0.736626 -0.398388 -0.202277 -0.148843 -0.142697 -0.590363 -0.540743 -0.269328 -0.078543 -0.122231 0.219507 0.478955 0.723050 0.018071 0.090791 0.153151 0.094115 0.091437 0.069236 0.190933 -0.201269 0.061576 0.013334 -0.015640 -0.202667 -0.056301 -0.264639 0.130038 0.077779 -0.085292 0.089012 0.093268 0.103908 -0.102863 0.060173 -0.074566 -0.087809 -0.186621 0.256763 -0.260399 -0.054920 -0.014181 0.039463 -0.328483 -0.028828 -0.419134 -0.215425 -0.359936 -0.218422 -0.424216 -0.419168 -0.403996 0.233116 -0.159315 -0.312908 -0.049804 0.118477 -0.362862 -0.252830 0.201609 0.280453 -0.211178 0.115796 0.288750 -0.024325 0.270323 0.084356 0.122140 0.247005 0.416808 0.179458 0.207473 -0.352670 0.303733 0.046955 -0.261982 -0.023866 0.239992 0.406632 0.027750 0.263879 0.218187 0.343439 -0.118090 0.120327 0.123105 0.068834 0.348930 0.003854
-0.010724 -0.111187 -0.340990 0.576137 0.111102 0.692485 -0.373271 0.045562 -0.064555 0.128172 -0.175620 -0.113347 -0.400105 0.229378 -0.079173 0.054674 -0.321061 -0.217160 -0.446589 -0.368539 0.633467 0.588994 0.201472 0.748339 0.212098 0.795446 0.736626 1.000000 -0.525325 -0.565551 -0.079672 0.048043 -0.456244 -0.576085 0.022496 -0.155093 -0.224110 -0.014462 0.234291 0.568519 0.121900 -0.046352 0.221858 0.202445 -0.098102 0.211846 -0.086625 -0.227566 -0.223766 -0.221899 0.307276 -0.351611 -0.220074 -0.170255 0.010312 0.145117 0.256895 0.140368 -0.215164 -0.128475 -0.477057 0.031424 -0.449859 -0.413539 -0.104731 0.569016 -0.175948 0.150140 0.306524 -0.027256 -0.507430 0.040822 -0.647378 -0.451097 -0.251351 -0.226852 -0.349457 -0.352571 -0.156796 0.454101 -0.194576 -0.349114 -0.135917 -0.055874 0.104002 0.091887 0.138163 0.450624 0.216109 -0.008095 -0.017181 -0.325614 0.298055 -0.136727 0.376229 0.166514 0.551153 0.354128 0.091238 -0.060636 0.115976 -0.123180 -0.193030 -0.119938 0.060163 0.378028 0.114342 0.454597 0.249618 0.422005 0.132206 -0.171746 -0.237412 -0.121333 0.129076 0.028574
0.109238 0.198179 0.178595 -0.755619 -0.143982 -0.424637 0.334637 -0.210901 0.283451 -0.096692 0.612790 -0.219181 0.512922 -0.298104 0.485471 0.046630 0.531083 0.363038 0.644252 0.396371 -0.116144 -0.129355 0.037086 -0.567626 -0.113440 -0.495929 -0.398388 -0.525325 1.000000 0.673166 0.419078 0.302525 0.505948 0.349684 -0.103575 -0.086983 0.704410 0.439516 -0.039155 -0.201214 0.480657 0.425553 -0.222335 -0.306369 -0.403100 -0.601155 -0.196568 -0.238123 -0.177329 -0.164666 -0.370224 0.212244 0.309155 0.576180 -0.151742 -0.391245 -0.025183 0.039554 -0.123200 -0.186220 0.250205 -0.132353 0.468223 0.105087 0.183076 -0.646775 -0.383390 -0.628083 0.120390 -0.047035 0.494148 0.160832 0.833964 0.728051 0.692003 0.401208 0.680353 0.393788 0.546749 0.236213 0.526877 0.673241 0.729427 0.433636 0.146762 -0.232195 0.381040 -0.170542 -0.240590 -0.362051 -0.320763 0.229750 -0.378016 -0.008974 -0.288744 -0.243517 -0.394149 -0.494367 -0.427793 -0.144671 -0.221602 0.037578 0.258614 0.157480 -0.072408 -0.133675 -0.054402 -0.323801 -0.089983 -0.278579 -0.265532 0.127802 0.251041 0.158186 0.074827 -0.227296
-0.136765 0.125842 0.129605 -0.636183 0.004728 -0.273506 0.288543 0.075906 0.335419 0.072345 0.211556 0.034949 0.388182 -0.131598 0.297784 0.225599 0.352212 0.195729 0.361576 0.456260 -0.221748 -0.510425 -0.158530 -0.543752 0.056826 -0.374797 -0.202277 -0.565551 0.673166 1.000000 0.243512 0.239011 0.453250 0.360376 -0.070959 0.171791 0.449753 0.489796 0.002677 -0.015745 0.282387 0.369707 -0.194448 -0.329107 -0.210638 -0.468113 0.121070 -0.048490 0.076649 -0.039794 -0.240977 0.246298 0.355963 0.366744 -0.011975 -0.165657 -0.227486 0.049466 0.054878 0.057450 0.330470 -0.005664 0.501708 0.426679 0.009112 -0.601595 -0.169381 -0.399275 -0.139832 0.195939 0.432655 -0.021497 0.754641 0.693286 0.467618 0.424082 0.463854 0.298233 0.070590 0.045076 0.202489 0.377499 0.293879 0.219594 -0.248177 -0.343953 0.003680 -0.153413 -0.400193 0.071557 -0.132007 0.076615 -0.327114 -0.060757 -0.528178 -0.129799 -0.413730 -0.552886 -0.252446 -0.173314 -0.078679 -0.124589 0.196488 0.144226 0.257325 -0.089766 0.041969 -0.368198 -0.121982 -0.200605 -0.430789 0.402903 0.457206 0.310700 0.292351 -0.122674
0.004970 -0.203557 0.370730 0.002864 -0.143042 -0.060261 0.433785 0.073811 0.318419 0.048857 0.175995 -0.332893 0.161960 -0.130696 0.273031 -0.189349 -0.052386 0.005890 0.466373 0.144379 0.004733 0.039975 0.380565 -0.110059 -0.056868 0.045836 -0.148843 -0.079672 0.419078 0.243512 1.000000 0.628967 0.227689 -0.011306 0.306100 0.174974 0.209314 0.011055 -0.495622 -0.269413 0.139649 0.127086 -0.098635 -0.189361 -0.225796 -0.290521 0.060279 -0.123667 -0.598091 -0.186899 -0.110015 -0.170413 -0.315268 0.562393 -0.606973 -0.303543 0.061323 -0.207482 -0.130600 -0.241466 -0.119128 0.022495 -0.126870 -0.531061 0.510717 -0.153975 -0.389304 -0.252627 0.106143 -0.245189 -0.127830 0.003718 0.294138 0.126337 0.184957 -0.014851 0.175290 -0.095331 0.390188 0.269034 0.147137 0.368287 0.527294 0.232306 0.162546 0.122359 0.169081 0.160711 0.092082 -0.403772 -0.220243 0.069592 -0.029953 0.161474 0.135855 -0.012406 -0.174613 -0.144010 -0.372779 -0.029839 -0.236895 -0.162791 0.226539 -0.010969 -0.056070 -0.196902 0.167042 -0.166797 0.168613 0.051001 -0.207083 0.020289 -0.005625 -0.167115 0.090270 -0.020090
0.196485 0.067595 -0.107424 0.027903 -0.017040 0.007996 0.015173 0.209948 0.209688 0.062088 -0.185375 -0.129428 -0.174322 0.107925 -0.088377 -0.214326 -0.102939 0.003554 0.301111 0.195399 0.186153 0.261351 -0.151583 -0.103559 -0.008907 0.244079 -0.142697 0.048043 0.302525 0.239011 0.628967 1.000000 0.556255 0.399098 0.197413 0.118954 0.238925 -0.138106 -0.292286 -0.171797 0.155073 -0.000547 -0.177779 -0.095488 -0.457784 -0.414443 -0.071225 -0.180693 -0.630843 -0.431684 -0.099158 -0.030812 -0.021821 0.602157 -0.522153 -0.138603 0.258799 -0.008357 -0.386036 -0.282754 -0.376678 0.142882 -0.331479 -0.201808 0.212925 0.143310 -0.437605 -0.243285 0.609757 0.039369 -0.141600 0.337078 0.154793 0.083989 0.354672 0.074812 0.318673 0.062193 0.517088 0.441871 0.309123 0.292360 0.196370 0.142775 0.209437 0.215996 0.034341 0.247236 0.059372 -0.466114 -0.262237 -0.226409 -0.193516 -0.253362 -0.045399 -0.083660 -0.224768 -0.215775 -0.546455 0.006180 -0.354392 -0.337961 -0.017177 0.153173 0.051717 -0.159657 0.157136 -0.109475 -0.016912 -0.150953 -0.242940 -0.191659 -0.327066 -0.265224 -0.075047 -0.146475
0.269801 0.184201 0.067353 -0.445302 -0.286305 -0.592533 0.083153 -0.092065 -0.030553 -0.350331 -0.085767 -0.106801 -0.041125 -0.300474 -0.229821 -0.330761 0.177110 0.224287 0.620116 0.413021 -0.113238 -0.223060 -0.433677 -0.599459 -0.212756 -0.326310 -0.590363 -0.456244 0.505948 0.453250 0.227689 0.556255 1.000000 0.752051 0.028559 0.060372 0.277560 0.074120 -0.221179 -0.253098 0.165203 0.087614 -0.303887 -0.080000 -0.358067 -0.480946 -0.135579 0.023815 -0.150343 -0.244059 -0.084065 0.294483 0.343669 0.491013 -0.214810 0.066194 0.115827 0.006195 -0.171260 0.114748 -0.145579 -0.146132 0.065607 0.142703 -0.076104 -0.294418 0.156195 -0.323328 0.539283 0.277363 0.098378 0.233737 0.543603 0.241507 0.451812 0.107548 0.401598 0.323938 0.343790 0.260659 0.339149 0.264285 0.074694 -0.113739 0.144868 0.107996 0.013460 -0.081767 -0.113027 -0.126237 -0.361868 -0.030085 -0.427907 -0.259562 -0.280863 -0.279383 -0.330742 -0.357606 -0.412461 0.287807 -0.448579 -0.098509 0.206844 0.407636 0.205939 -0.177491 0.081813 -0.299617 -0.304213 -0.390538 -0.231314 0.039643 -0.073030 0.019036 -0.112552 -0.124126
0.133303 0.260778 0.086309 -0.348840 -0.052961 -0.524955 0.097552 0.092728 -0.022478 -0.162543 -0.116886 0.148395 0.094463 -0.013059 -0.157087 -0.024681 0.157342 0.175557 0.405187 0.463327 -0.239343 -0.236090 -0.496480 -0.562927 -0.147609 -0.434159 -0.540743 -0.576085 0.349684 0.360376 -0.011306 0.399098 0.752051 1.000000 -0.151627 0.074941 0.171506 -0.192566 -0.061672 -0.405104 -0.153180 -0.173268 -0.446262 -0.276677 -0.229263 -0.565796 -0.191957 -0.061352 0.064122 -0.138830 -0.162619 0.236637 0.463430 0.267737 -0.104365 -0.036362 0.032081 0.078090 0.023845 0.208196 0.167597 0.125631 0.170108 0.485461 -0.071846 -0.266030 0.182033 -0.265627 0.345793 0.315748 0.260141 0.324526 0.398731 0.186451 0.248127 0.073247 0.215327 0.282451 0.349165 0.003735 0.332896 0.313874 -0.019413 0.024676 -0.015811 0.037519 -0.087082 -0.298562 -0.112483 -0.141768 -0.221144 -0.037811 -0.505624 -0.252684 -0.315951 -0.188309 -0.553772 -0.281864 -0.286497 0.017965 -0.347289 -0.091615 -0.033901 0.242071 0.054061 -0.304817 -0.085651 -0.340112 -0.275855 -0.509872 -0.193572 -0.170367 -0.248491 -0.057482 -0.262601 -0.128362
0.012186 -0.139690 0.038975 0.272960 -0.411314 -0.114833 0.056763 -0.047087 -0.182404 -0.017403 0.153058 0.167533 -0.084219 0.075726 -0.129552 -0.549689 -0.167671 -0.022652 0.154017 -0.055132 -0.358710 -0.208885 0.369147 0.106206 -0.274497 0.003540 -0.269328 0.022496 -0.103575 -0.070959 0.306100 0.197413 0.028559 -0.151627 1.000000 0.524473 -0.381512 -0.160079 -0.672547 -0.340658 -0.074037 -0.226135 0.119864 0.145959 -0.054164 0.310533 0.074731 0.362229 -0.233452 -0.071031 0.483661 -0.167889 -0.512724 0.042972 -0.319413 0.107149 0.011532 -0.185136 0.043727 -0.351384 -0.096140 0.179655 -0.336525 -0.314332 0.474866 0.355807 0.011651 0.241450 -0.091629 -0.249640 -0.169241 -0.118019 -0.233904 -0.245738 0.136252 -0.018596 0.116588 0.107103 0.047213 0.084852 -0.408740 -0.237972 0.065656 -0.328675 0.359817 0.147836 -0.163487 0.240882 0.570394 -0.013542 -0.421386 -0.342202 0.062042 0.029935 0.137586 -0.190951 0.044855 0.052680 -0.179331 0.100482 -0.169897 -0.338123 -0.142810 -0.388882 -0.144520 -0.327755 0.183640 0.158262 0.031235 0.233826 0.274736 0.064295 -0.174234 -0.096293 0.113842 -0.014931
-0.455168 -0.220633 0.161133 0.128369 -0.004368 -0.044301 0.199880 0.277307 0.184292 0.245076 0.067111 -0.058485 0.136972 0.115841 0.184875 -0.060973 -0.306209 -0.129395 0.221389 0.320329 -0.482272 -0.336027 0.398708 0.073646 0.193330 -0.068844 -0.078543 -0.155093 -0.086983 0.171791 0.174974 0.118954 0.060372 0.074941 0.524473 1.000000 -0.460299 -0.048298 -0.281669 -0.252309 -0.289583 -0.373839 0.118046 0.078264 0.300970 0.205602 0.464617 0.429878 0.051615 0.303927 0.347696 0.260203 -0.251299 0.072917 -0.212842 0.149354 -0.462140 0.011385 0.413176 -0.010120 -0.130650 0.366638 -0.237797 0.082396 0.424048 0.140373 -0.010634 0.027676 -0.204741 0.032173 0.006932 -0.227566 -0.168248 0.005248 0.173972 -0.027192 0.028977 -0.271069 -0.190812 -0.100325 -0.506788 -0.243068 0.071921 -0.322669 -0.002373 -0.332862 -0.144818 -0.147121 0.237047 -0.026516 0.001907 -0.278287 -0.142164 -0.058345 0.013579 -0.430013 -0.084817 -0.225300 0.063642 -0.304593 -0.119953 -0.559613 -0.395940 -0.377709 0.022567 -0.475720 0.107443 -0.216014 -0.336876 -0.318443 0.034798 0.275921 -0.190755 -0.121543 -0.005926 -0.197505
