1.000000 0.696079 0.479162 0.123837 -0.263399 -0.635176 0.096452 0.042773 -0.505736 -0.459977 0.645610 0.092667 0.539974 0.121650 0.312532 -0.222265 0.620096 -0.268812 0.679934 0.559766 -0.134788 -0.356751 -0.388009 -0.245728 -0.608143 -0.114388 -0.091928 0.078800 0.054464 -0.258575 0.391532 0.489392 0.508380 0.691590 -0.201367 -0.329967 -0.253654 -0.115370 -0.485789 0.010599 0.395816 -0.195495 -0.473191 -0.279934 -0.267197 -0.118196 -0.500729 -0.234803 -0.639772 -0.595940 -0.492659 -0.600296 -0.330086 -0.645896 -0.541951 -0.628243 0.299702 0.478454 0.722063 0.368835 -0.129209 0.253189 -0.258856 -0.311404 -0.034033 -0.233289 0.301744 0.079869 0.701144 0.512182 0.000514 -0.024894 -0.098822 -0.275599 -0.281465 -0.118157 0.083993 0.086334 0.063180 -0.216869 0.307582 0.399950 0.689742 0.758004 -0.120410 0.165230 -0.321114 0.211559 -0.250077 -0.509670 -0.082573 0.146814 -0.128768 -0.387900 -0.317760 -0.036830 -0.496777 -0.383413 -0.444818 -0.211004 -0.372864 -0.272309 -0.297390 -0.230067 -0.512691 -0.388343 -0.266694 -0.402082 -0.317607 0.015021 0.012268 -0.073354 -0.057447 0.026695 -0.507099 -0.295590
0.696079 1.000000 0.194627 0.207278 -0.282551 -0.483877 -0.086871 0.325217 -0.388914 -0.269537 0.592968 0.423389 0.530895 0.320027 0.456055 0.161637 0.558933 -0.057347 0.337934 0.216448 -0.129072 -0.334274 -0.461120 -0.217943 -0.588759 -0.226684 -0.032858 0.221031 -0.036249 0.037369 0.046161 0.331872 0.272438 0.464429 -0.208441 -0.224966 -0.176681 -0.052243 -0.400654 -0.127158 0.267791 -0.122720 -0.286643 -0.195356 -0.128104 0.006012 -0.413718 -0.301709 -0.525540 -0.440311 -0.273036 -0.470781 -0.298583 -0.417175 -0.392863 -0.400265 0.142194 0.762708 0.584722 0.217228 -0.019618 0.377104 -0.368785 -0.189850 0.165101 0.147403 -0.152127 -0.338005 0.275773 0.053986 0.087869 -0.038886 -0.000111 -0.044445 -0.037069 0.258144 0.080970 0.017269 0.079221 -0.150220 -0.114693 0.406928 0.319198 0.550757 -0.296324 0.195104 -0.347852 0.092100 -0.087573 -0.295966 -0.153290 -0.223466 0.187857 -0.478855 -0.516285 -0.038450 -0.463814 -0.513381 -0.197938 -0.132792 -0.148569 -0.505031 -0.212410 -0.446017 -0.589019 -0.536534 -0.239325 -0.482451 -0.318245 -0.237380 -0.293742 -0.110583 -0.105525 -0.104945 -0.279534 -0.145743
0.479162 0.194627 1.000000 0.257768 -0.073269 -0.303540 0.650387 0.260818 -0.251389 -0.309521 0.251591 -0.203043 0.386349 -0.259324 0.144265 -0.366208 0.047315 -0.386477 0.580895 0.454934 0.154696 -0.003157 0.152701 -0.139495 -0.164750 -0.065540 -0.014746 -0.273461 0.086152 -0.263876 0.424650 0.355300 0.160357 0.486945 -0.216036 -0.665963 -0.437058 -0.558592 -0.495435 -0.163317 -0.089676 -0.387280 -0.292626 -0.092862 -0.342897 -0.299631 -0.281499 -0.058909 -0.248698 -0.375368 -0.077097 -0.348984 -0.016340 -0.424188 -0.479396 -0.543777 -0.222339 0.033833 0.407866 0.370540 -0.382705 0.045313 -0.192416 -0.248791 0.085114 -0.397835 0.610176 0.451220 0.616586 0.394572 -0.118503 -0.085319 -0.121176 -0.352079 -0.319941 -0.336817 -0.240139 -0.286568 -0.490740 -0.497321 -0.123012 -0.062032 0.457085 0.423523 -0.157554 -0.154983 -0.274670 0.219163 -0.191914 -0.491928 0.003036 0.204972 -0.149025 0.153352 0.118824 -0.090896 -0.227077 -0.166845 -0.322491 -0.204831 -0.326376 0.075522 -0.173537 0.092604 -0.253072 -0.173861 -0.156410 0.077724 -0.062014 0.007627 0.062173 0.036928 -0.078127 0.100141 -0.431224 -0.060561
0.123837 0.207278 0.257768 1.000000 -0.221337 -0.137417 0.135743 0.509261 -0.152613 -0.063675 0.106250 0.325573 0.422456 0.129721 0.368392 0.128068 0.277094 -0.310668 0.134422 0.357306 -0.032548 0.119066 0.054528 0.679852 -0.183802 0.005632 -0.049325 0.162640 0.092915 -0.173733 -0.040626 0.218756 0.010514 0.376513 -0.253366 -0.307695 -0.199816 -0.245884 -0.391223 -0.093690 0.013289 -0.164429 -0.115910 -0.076920 -0.214913 0.062928 -0.213838 0.062795 -0.110687 -0.117583 -0.029382 -0.237550 0.144001 -0.092401 -0.427039 -0.413529 -0.250386 -0.073807 0.036292 0.282018 -0.313203 0.444716 -0.110324 -0.074967 -0.163144 0.161751 0.328588 0.129043 0.321880 0.044510 -0.041879 -0.099395 -0.191083 -0.093558 0.003601 0.004482 -0.141422 -0.016403 -0.167360 -0.423578 -0.105814 -0.255250 0.210066 0.272052 -0.509920 -0.281058 -0.380471 0.378189 -0.499630 -0.357766 0.113662 -0.032658 0.251847 0.000497 0.141597 -0.297293 -0.323696 -0.229931 -0.392815 -0.433940 0.119599 -0.014055 0.024619 -0.073823 -0.254066 -0.279987 -0.091603 -0.017434 -0.017121 0.136391 -0.130749 -0.544872 -0.474968 -0.389736 -0.546243 -0.514402
-0.263399 -0.282551 -0.073269 -0.221337 1.000000 0.689093 -0.052280 -0.220937 0.803587 0.663638 -0.112264 -0.183156 -0.540198 -0.401570 -0.290065 0.015882 -0.203922 0.516138 -0.169734 -0.113305 -0.164832 -0.184908 0.296484 0.051324 0.580802 -0.381365 0.487446 -0.125315 -0.156692 -0.056668 -0.379547 -0.688758 -0.320211 -0.525328 0.217289 -0.079216 -0.150500 0.026178 0.249983 -0.250416 -0.299634 0.250004 0.136084 -0.035799 0.116448 -0.024331 0.296866 -0.005939 0.192395 0.287022 0.076949 0.151784 0.161020 0.316742 0.190479 0.167992 0.340527 -0.241610 -0.313867 -0.259640 0.066709 -0.148810 0.579360 0.441650 0.463612 -0.069665 -0.191152 -0.041175 -0.326035 -0.123071 -0.444038 -0.585087 -0.242302 -0.133334 -0.254747 -0.122088 -0.022123 -0.151957 -0.398463 -0.101776 0.190549 -0.499678 -0.009875 -0.264023 0.416147 -0.350742 0.462581 -0.394711 0.541464 0.123357 0.304352 0.129093 0.322189 0.541173 0.022070 -0.198753 -0.009272 -0.070415 0.123476 0.327304 0.247746 0.286192 0.050982 0.338621 0.534831 0.551642 -0.137209 0.382789 0.035592 -0.101883 -0.075246 0.028619 0.239704 0.303761 0.240638 0.393745
-0.635176 -0.483877 -0.303540 -0.137417 0.689093 1.000000 -0.047318 -0.185078 0.578665 0.447670 -0.566661 -0.071164 -0.609731 -0.224118 -0.546081 0.206109 -0.496924 0.459905 -0.524313 -0.358967 0.209145 0.182267 0.354022 0.262354 0.806264 0.138482 0.664076 0.266335 -0.215358 0.063178 -0.373348 -0.498882 -0.457748 -0.709149 0.174191 0.082476 -0.054579 -0.005343 0.552606 -0.009405 -0.504179 0.239179 0.202230 -0.004886 0.090782 -0.102768 0.362656 0.025257 0.500331 0.400598 0.227964 0.306888 0.369476 0.561977 0.460951 0.326558 0.055433 -0.434379 -0.423971 -0.254681 0.298204 -0.034881 0.545206 0.528782 0.052796 0.050726 -0.120540 -0.016583 -0.602689 -0.296199 -0.212436 -0.249840 -0.205603 0.019433 -0.127901 -0.090486 -0.132354 -0.098958 -0.405625 0.015657 0.097945 -0.515678 -0.468975 -0.516249 0.295971 -0.213966 0.560950 -0.096005 0.421358 0.383517 0.277139 0.039472 0.260959 0.586273 0.147381 -0.330617 0.265176 0.109406 0.153454 0.166472 0.460121 0.435581 0.254826 0.376982 0.565595 0.525107 0.072176 0.420894 -0.073100 -0.078214 0.012272 -0.141798 0.183278 0.103886 0.378878 0.420673
0.096452 -0.086871 0.650387 0.135743 -0.052280 -0.047318 1.000000 0.225055 -0.061217 -0.359549 -0.054962 -0.322771 0.199301 -0.170242 0.074260 -0.328586 -0.096213 -0.131508 0.249103 0.019009 0.321288 0.135737 0.343234 -0.303029 -0.048427 0.043857 0.053596 -0.204639 0.390271 0.181912 0.288896 0.177018 0.089315 0.215686 -0.384493 -0.500097 -0.118303 -0.297399 -0.124531 -0.196334 -0.024413 0.073828 -0.266271 -0.188737 -0.450655 -0.580818 -0.210557 -0.278388 -0.250676 -0.354308 -0.064077 -0.139199 0.228821 -0.042339 -0.160744 -0.172883 -0.117485 0.060344 0.108884 0.234964 -0.023173 -0.291128 0.179971 0.015254 0.119749 -0.475476 0.361176 0.123343 0.228965 0.005805 0.255416 0.231284 0.276156 0.186357 0.090430 -0.025863 0.015565 -0.001869 -0.242379 -0.056554 -0.143544 0.069052 0.184365 0.231539 0.069377 0.068771 -0.001290 0.047659 0.007613 -0.132321 -0.380253 -0.075705 -0.231521 0.274951 0.175638 -0.075819 -0.058449 0.102893 -0.247717 -0.011663 -0.066528 0.292578 0.325135 0.029287 -0.268493 -0.270542 0.193723 -0.127564 -0.031425 -0.100853 -0.117823 0.239810 0.089152 0.336115 -0.049363 0.096251
0.042773 0.325217 0.260818 0.509261 -0.220937 -0.185078 0.225055 1.000000 -0.183241 0.062158 0.041434 0.518904 0.471945 0.510686 0.517116 0.492799 0.050571 -0.471599 -0.156063 -0.034788 0.086052 0.013803 -0.088692 0.211683 -0.359730 -0.271007 -0.065868 0.033379 0.142525 0.071815 -0.005188 0.190603 0.116194 0.384156 -0.347659 -0.326107 0.021016 -0.378632 -0.307897 -0.113842 0.189475 -0.273985 -0.220904 -0.245332 -0.161980 0.082333 -0.375840 -0.341220 -0.192507 -0.178083 -0.002014 -0.260878 -0.270861 -0.337461 -0.311170 -0.311785 -0.630858 0.139572 0.152443 0.218184 -0.037998 0.491282 -0.556722 -0.399336 0.195081 0.371933 0.157570 -0.044409 0.169418 0.107763 0.153626 0.024515 0.177196 0.028483 0.229536 0.109886 -0.257245 -0.229110 -0.011027 -0.454447 -0.724729 -0.125283 -0.070596 0.245321 -0.651975 -0.097198 -0.604374 0.236669 -0.210272 -0.222594 -0.306180 -0.450792 0.248564 -0.237929 -0.072358 0.142670 -0.330641 -0.267891 -0.248631 -0.359116 0.015825 -0.282306 -0.204608 -0.354246 -0.349059 -0.287298 0.009451 -0.134711 -0.032621 -0.050021 -0.436229 -0.197537 -0.445191 -0.308236 -0.105577 0.005441
-0.505736 -0.388914 -0.251389 -0.152613 0.803587 0.578665 -0.061217 -0.183241 1.000000 0.659316 -0.133859 -0.102909 -0.459461 -0.288514 -0.136699 0.024841 -0.168946 0.577892 -0.386879 -0.319301 -0.182412 -0.143240 0.420521 0.094837 0.537315 -0.382830 0.172790 -0.298559 -0.048346 0.151596 -0.457174 -0.697227 -0.538018 -0.545826 0.293334 0.097692 0.107893 0.296912 0.342479 -0.076232 -0.176154 0.461831 0.099784 -0.104584 0.041989 -0.101328 0.267829 -0.129450 0.175972 0.236784 0.252256 0.257243 0.209322 0.404655 0.311551 0.411326 0.214819 -0.261771 -0.524211 -0.429563 -0.013933 -0.213770 0.596838 0.521689 0.479260 0.048052 -0.374030 -0.211637 -0.431958 -0.282312 -0.190242 -0.386557 -0.037769 0.127035 0.079736 0.086562 0.277342 0.103230 -0.121381 0.042725 0.054061 -0.319414 -0.225149 -0.290101 0.316728 -0.381857 0.484132 -0.316304 0.484078 0.281604 0.128664 -0.071833 0.221020 0.488093 0.097190 -0.141485 0.180695 0.049434 0.143898 0.294890 0.355486 0.289738 0.213791 0.257015 0.581893 0.591148 0.014562 0.459242 0.127187 -0.134791 -0.118853 0.012807 0.039759 0.245562 0.406884 0.373494
-0.459977 -0.269537 -0.309521 -0.063675 0.663638 0.447670 -0.359549 0.062158 0.659316 1.000000 -0.220034 0.163277 -0.493751 -0.151912 -0.076337 0.258913 -0.260425 0.155578 -0.282771 -0.192051 -0.397338 -0.228508 0.035969 0.298893 0.332401 -0.330714 -0.069485 -0.327521 -0.347916 -0.108522 -0.410752 -0.629989 -0.238197 -0.399347 0.209535 0.156031 -0.034033 -0.048432 0.063624 -0.138447 -0.136737 -0.036960 0.318719 0.169565 0.256570 0.398007 0.274720 0.162709 0.283151 0.404530 0.202916 0.260918 -0.068589 0.145903 0.034941 0.129267 0.022289 -0.194508 -0.343264 -0.198438 0.021559 0.009469 0.143951 0.178052 0.476700 0.373830 -0.283915 -0.071372 -0.461328 -0.213735 -0.418063 -0.659380 -0.244290 -0.219647 -0.090055 -0.025595 -0.115451 -0.244629 -0.011788 -0.257518 -0.141032 -0.485276 -0.282997 -0.380802 -0.032254 -0.164568 -0.050797 -0.574983 0.254466 0.089407 0.334037 0.057249 0.533711 0.301847 -0.115442 0.042288 -0.081996 -0.104318 0.204512 0.210174 0.270695 0.143425 -0.152070 0.280250 0.359923 0.373773 0.091595 0.395918 0.317671 -0.220719 -0.163753 0.047504 0.188279 0.006496 0.299430 0.245119
0.645610 0.592968 0.251591 0.106250 -0.112264 -0.566661 -0.054962 0.041434 -0.133859 -0.220034 1.000000 0.040835 0.649603 0.089124 0.581558 -0.032096 0.822568 0.084143 0.513888 0.372903 -0.186929 -0.353512 -0.226531 -0.209256 -0.647723 -0.444827 -0.175807 0.030148 0.121839 -0.094273 0.215330 0.186216 0.154257 0.441579 -0.181662 -0.236102 0.002541 0.143800 -0.441182 -0.272137 0.373676 0.092769 -0.078698 0.010150 0.018065 0.078128 -0.072282 -0.087956 -0.477285 -0.281254 -0.198598 -0.177908 -0.229309 -0.349234 -0.416873 -0.289924 0.129512 0.446097 0.166570 -0.113556 -0.500732 0.005423 -0.252278 -0.323463 0.322935 -0.005629 -0.184621 -0.169144 0.428168 0.144865 -0.067009 0.031196 0.024891 -0.056025 -0.104192 0.101044 0.371149 -0.037813 0.079151 -0.109840 0.012431 0.319195 0.624761 0.503210 -0.152400 0.019019 -0.177504 0.064652 -0.191147 -0.345933 -0.061868 0.031512 -0.058380 -0.357050 -0.364569 -0.194199 -0.515343 -0.563989 -0.228779 -0.162935 -0.227023 -0.377072 -0.316783 -0.229246 -0.350931 -0.424605 -0.511421 -0.446316 -0.180724 -0.131824 -0.250708 -0.096396 -0.149648 0.118531 -0.425720 -0.344939
0.092667 0.423389 -0.203043 0.325573 -0.183156 -0.071164 -0.322771 0.518904 -0.102909 0.163277 0.040835 1.000000 0.267161 0.741502 0.315508 0.721776 0.159180 -0.157533 -0.251325 0.008073 0.129614 0.014172 -0.275674 0.369352 -0.277596 0.072440 0.007784 0.428180 -0.033760 0.208719 -0.091562 0.296171 0.201990 0.340626 -0.046147 0.088446 0.240127 0.149822 -0.066090 0.137645 0.421933 0.053336 -0.464040 -0.550266 -0.269060 -0.022608 -0.523323 -0.451018 -0.297123 -0.378556 -0.083563 -0.373930 -0.369328 -0.342869 -0.134889 -0.210713 -0.208420 0.265339 0.160958 -0.028354 0.295739 0.665951 -0.350702 -0.027615 0.047531 0.666119 -0.078530 -0.414442 -0.132274 -0.052408 0.063954 -0.016777 0.094214 0.093737 0.218454 0.315804 0.131677 -0.061982 0.280264 -0.154867 -0.258721 0.067793 -0.201094 0.361682 -0.514004 0.176977 -0.467050 0.202026 -0.186255 0.145208 -0.203340 -0.384843 0.310556 -0.352827 -0.246887 0.187265 -0.246498 -0.328205 -0.336064 -0.243955 0.214102 -0.192350 -0.281223 -0.238906 -0.238836 -0.235984 -0.078962 -0.041943 -0.078920 -0.218950 -0.342934 -0.262960 -0.278526 -0.174708 0.074944 0.047277
0.539974 0.530895 0.386349 0.422456 -0.540198 -0.609731 0.199301 0.471945 -0.459461 -0.493751 0.649603 0.267161 1.000000 0.471180 0.686896 0.135856 0.652899 -0.400989 0.408306 0.330039 0.098920 -0.108031 -0.139417 -0.031291 -0.664520 -0.155160 -0.161032 0.201370 0.255242 -0.035861 0.324479 0.554489 0.370077 0.658338 -0.466868 -0.419998 0.078650 -0.071136 -0.392159 0.063013 0.383009 -0.166184 -0.341019 -0.222446 -0.302495 -0.110471 -0.352146 -0.329527 -0.405450 -0.449307 -0.158947 -0.285892 -0.131990 -0.418836 -0.435652 -0.368891 -0.286712 0.324365 0.219899 0.097110 -0.292692 0.304900 -0.531490 -0.482942 -0.103033 0.077715 0.143899 -0.090495 0.548191 0.287039 0.120459 0.265911 0.134190 -0.005241 0.068658 0.032942 0.109422 -0.044435 0.096549 -0.248804 -0.266397 0.360118 0.452995 0.623148 -0.619183 0.159777 -0.432208 0.532535 -0.577909 -0.324256 -0.296799 -0.245740 -0.177190 -0.402482 -0.119594 -0.217562 -0.386993 -0.404093 -0.457765 -0.517227 -0.094960 -0.335033 -0.212970 -0.376896 -0.568638 -0.557292 -0.348661 -0.391706 -0.331673 0.020817 -0.212523 -0.276630 -0.470804 -0.072492 -0.428480 -0.394799
0.121650 0.320027 -0.259324 0.129721 -0.401570 -0.224118 -0.170242 0.510686 -0.288514 -0.151912 0.089124 0.741502 0.471180 1.000000 0.525059 0.746718 0.176982 -0.297406 -0.278734 -0.155755 0.295017 0.230963 -0.134695 0.152197 -0.425306 0.145575 0.015751 0.514651 0.184301 0.324529 0.180144 0.460720 0.276225 0.348723 -0.370785 0.070365 0.395842 0.099884 0.005221 0.216149 0.503457 0.048161 -0.438879 -0.507239 -0.298099 -0.001707 -0.516301 -0.481647 -0.322320 -0.363169 -0.215131 -0.289450 -0.463991 -0.405665 -0.045959 -0.059944 -0.289548 0.320599 0.167268 -0.078796 0.371938 0.364019 -0.502836 -0.367469 -0.001492 0.559119 -0.166422 -0.443428 -0.007775 0.081960 0.316228 0.420538 0.407717 0.268007 0.359184 0.332078 0.110714 -0.050986 0.389254 0.065442 -0.396728 0.242362 -0.160806 0.327419 -0.544860 0.363696 -0.420080 0.319648 -0.182564 0.336144 -0.468146 -0.455087 0.049028 -0.432946 -0.153722 0.233717 -0.170728 -0.183133 -0.191797 -0.179641 0.109768 -0.298872 -0.118540 -0.501184 -0.409653 -0.340893 -0.060528 -0.335269 -0.180213 -0.054285 -0.290288 -0.116560 -0.467267 -0.038064 0.098752 -0.013891
0.312532 0.456055 0.144265 0.368392 -0.290065 -0.546081 0.074260 0.517116 -0.136699 -0.076337 0.581558 0.315508 0.686896 0.525059 1.000000 0.381931 0.559005 -0.214474 0.143023 -0.014690 0.050445 -0.051466 -0.066952 -0.005915 -0.620992 -0.335865 -0.251884 0.043386 0.412109 0.317386 0.261072 0.265586 0.214601 0.497653 -0.583440 -0.414896 0.105085 -0.087296 -0.528809 -0.227003 0.422239 0.009033 -0.168170 -0.140307 -0.294826 0.060472 -0.336084 -0.207610 -0.516186 -0.363485 -0.183679 -0.312553 -0.440869 -0.472706 -0.537375 -0.321349 -0.245046 0.482179 0.097632 0.062092 -0.220639 0.074068 -0.490830 -0.532727 0.435000 0.117796 -0.174062 -0.323452 0.265105 0.025622 0.302882 0.199115 0.438655 0.278155 0.337685 0.449153 0.194944 -0.052802 0.268613 -0.031511 -0.436799 0.303060 0.387628 0.524346 -0.519564 0.159548 -0.539746 0.057243 -0.275134 -0.151067 -0.469408 -0.321242 0.099663 -0.374010 -0.256556 0.080778 -0.441936 -0.373623 -0.246026 -0.198094 -0.155662 -0.322919 -0.087526 -0.473769 -0.644037 -0.553476 -0.122598 -0.397261 -0.100882 -0.087293 -0.403091 -0.028252 -0.507793 0.032336 -0.267969 -0.333627
-0.222265 0.161637 -0.366208 0.128068 0.015882 0.206109 -0.328586 0.492799 0.024841 0.258913 -0.032096 0.721776 0.135856 0.746718 0.381931 1.000000 -0.005724 0.022149 -0.456390 -0.336665 0.231960 0.181274 -0.098724 0.358848 -0.152264 -0.034115 0.242765 0.553139 0.069127 0.331397 -0.146660 0.012203 0.020980 0.015202 -0.228489 0.007667 0.328821 0.038400 0.095975 -0.096858 0.224595 0.136987 -0.114886 -0.284724 -0.066472 0.161821 -0.141554 -0.269212 0.016129 0.015629 0.123270 0.010855 -0.312335 -0.094752 0.038482 0.042541 -0.427671 0.141034 -0.123373 -0.184617 0.297917 0.351238 -0.397079 -0.191536 0.246362 0.626405 -0.324925 -0.457187 -0.383709 -0.167803 0.049377 0.118416 0.242979 0.213405 0.230945 0.302884 0.011889 -0.380601 0.159318 -0.009400 -0.497946 -0.187871 -0.234203 0.056005 -0.379461 0.073210 -0.221362 0.107778 0.093829 0.413079 -0.261511 -0.428632 0.370829 -0.190114 -0.265822 0.124127 -0.239468 -0.344852 -0.013662 -0.046546 0.202128 -0.227901 -0.175177 -0.214040 -0.084228 -0.175512 -0.192898 -0.105631 -0.053714 -0.258117 -0.513687 -0.069603 -0.277460 0.023777 0.263662 0.168313
0.620096 0.558933 0.047315 0.277094 -0.203922 -0.496924 -0.096213 0.050571 -0.168946 -0.260425 0.822568 0.159180 0.652899 0.176982 0.559005 -0.005724 1.000000 0.135648 0.418562 0.405357 -0.193981 -0.402957 -0.389432 -0.061435 -0.628847 -0.322537 -0.145117 0.192406 0.273609 0.032386 0.083865 0.206591 0.348979 0.508873 -0.187297 -0.142671 0.096342 0.322607 -0.378872 -0.194217 0.469009 0.188111 -0.172429 -0.139750 -0.072708 -0.014558 -0.183417 -0.186825 -0.560901 -0.372647 -0.331916 -0.316478 -0.140416 -0.294325 -0.427436 -0.360035 0.268325 0.459327 0.164258 0.051741 -0.288739 0.203465 -0.078358 -0.155609 0.111804 -0.016014 -0.092975 -0.250548 0.368150 0.060595 0.135241 0.071502 0.085792 0.144952 0.087652 0.265360 0.504223 0.304461 0.275074 0.035964 0.268590 0.419830 0.566983 0.590413 -0.275179 0.052183 -0.162995 0.162741 -0.348743 -0.434761 -0.128030 -0.074255 -0.066650 -0.454460 -0.329979 -0.315044 -0.596931 -0.555990 -0.476104 -0.320701 -0.126072 -0.272474 -0.144589 -0.250573 -0.413202 -0.478955 -0.412846 -0.520014 -0.327844 -0.071155 -0.281102 -0.310068 -0.182982 0.004963 -0.426513 -0.474415
-0.268812 -0.057347 -0.386477 -0.310668 0.516138 0.459905 -0.131508 -0.471599 0.577892 0.155578 0.084143 -0.157533 -0.400989 -0.297406 -0.214474 0.022149 0.135648 1.000000 -0.256767 -0.283927 -0.036617 -0.127684 0.088703 -0.195069 0.295997 -0.256043 0.368894 0.176163 0.088529 0.394665 -0.479141 -0.539011 -0.377539 -0.555311 0.322346 0.216069 0.167339 0.533738 0.419468 -0.334218 -0.147239 0.694279 0.198365 0.005965 0.201684 -0.188808 0.383039 -0.052527 0.094266 0.179576 0.186347 0.239735 0.307698 0.529904 0.427351 0.456647 0.457126 0.111009 -0.395503 -0.460917 0.065222 -0.287315 0.646116 0.627630 0.289325 -0.082802 -0.558172 -0.456439 -0.571353 -0.548956 0.011303 -0.033321 0.126929 0.398876 0.121603 0.359788 0.510529 0.228810 -0.109819 0.555487 0.314600 0.031769 -0.088166 -0.205168 0.580612 -0.195588 0.752165 -0.284338 0.628457 0.337057 0.019574 -0.107618 0.064778 0.167033 -0.123666 -0.219470 0.088210 -0.068889 0.262857 0.391580 0.231198 0.076227 0.329807 0.126804 0.386575 0.183477 -0.197907 -0.036537 -0.167615 -0.202241 -0.200891 0.042765 0.334165 0.421364 0.353785 0.342541
0.679934 0.337934 0.580895 0.134422 -0.169734 -0.524313 0.249103 -0.156063 -0.386879 -0.282771 0.513888 -0.251325 0.408306 -0.278734 0.143023 -0.456390 0.418562 -0.256767 1.000000 0.723446 -0.342272 -0.374336 -0.236669 -0.153252 -0.430450 -0.120738 -0.269766 -0.175984 -0.102425 -0.475785 0.208174 0.189125 0.564661 0.485747 -0.316595 -0.459784 -0.373696 -0.298122 -0.461630 -0.224777 0.015307 -0.331437 -0.104704 0.121489 -0.094377 -0.007717 -0.089316 0.117224 -0.219547 -0.219069 -0.119074 -0.119276 0.118864 -0.260505 -0.551219 -0.521350 0.168656 0.178603 0.408153 0.408809 -0.314387 -0.061720 -0.125450 -0.279721 -0.082081 -0.414795 0.384866 0.305777 0.642637 0.422348 -0.288509 -0.204797 -0.341289 -0.437406 -0.439936 -0.349041 -0.023486 -0.181022 -0.097992 -0.297406 0.324011 0.089869 0.662218 0.425742 -0.099433 0.136709 -0.260680 -0.072539 -0.433364 -0.602822 0.170272 0.342257 -0.061316 -0.065760 -0.251299 -0.258136 -0.504474 -0.374072 -0.308058 -0.259117 -0.234816 -0.028817 -0.185436 0.185713 -0.390470 -0.404503 -0.269087 -0.287719 -0.094340 -0.147074 0.042232 0.013350 0.236600 0.193497 -0.441350 -0.401715
0.559766 0.216448 0.454934 0.357306 -0.113305 -0.358967 0.019009 -0.034788 -0.319301 -0.192051 0.372903 0.008073 0.330039 -0.155755 -0.014690 -0.336665 0.405357 -0.283927 0.723446 1.000000 -0.240377 -0.068796 -0.271223 0.255015 -0.247571 0.013885 -0.127817 0.026504 -0.152482 -0.581812 0.058474 0.229250 0.438414 0.463158 0.003764 -0.116650 -0.396845 -0.186870 -0.473152 -0.135004 -0.099058 -0.432319 -0.116106 0.009058 0.087951 0.137755 -0.128816 0.165248 -0.099730 -0.100315 -0.152806 -0.225636 0.128473 -0.224368 -0.433146 -0.502284 0.162600 -0.058994 0.295887 0.274135 -0.321844 0.233962 -0.008969 -0.196903 -0.239452 -0.054009 0.523693 0.428920 0.646573 0.385506 -0.318327 -0.205514 -0.457851 -0.431613 -0.444748 -0.326423 -0.036901 -0.094057 -0.260281 -0.443283 0.425270 -0.190535 0.364861 0.267933 -0.326970 -0.150126 -0.298164 0.105619 -0.503990 -0.576690 0.458847 0.361850 -0.041054 -0.108856 0.069518 -0.192056 -0.408149 -0.332450 -0.379767 -0.372804 -0.155693 0.018651 -0.266881 0.181151 -0.169735 -0.164279 -0.366245 -0.171270 -0.005036 0.130166 0.191327 -0.409348 -0.086092 -0.093646 -0.522481 -0.488562
-0.134788 -0.129072 0.154696 -0.032548 -0.164832 0.209145 0.321288 0.086052 -0.182412 -0.397338 -0.186929 0.129614 0.098920 0.295017 0.050445 0.231960 -0.193981 -0.036617 -0.342272 -0.240377 1.000000 0.664431 0.317361 -0.074334 0.154943 0.472522 0.431939 0.448759 0.347812 0.488221 0.465117 0.461222 -0.095338 0.006828 -0.210569 -0.188291 0.014435 -0.089617 0.001800 -0.015426 -0.029413 0.179988 -0.303490 -0.304377 -0.461323 -0.506621 -0.304523 -0.180529 -0.173756 -0.339499 -0.184582 -0.266477 -0.188485 -0.145716 0.032002 -0.093840 -0.217456 -0.039506 -0.070505 -0.004473 0.108829 -0.037196 -0.016043 0.000690 -0.083699 -0.107383 0.147357 -0.071316 -0.057912 -0.097998 0.463468 0.588525 0.410950 0.443055 0.208327 0.271776 -0.029898 -0.002746 -0.246170 0.211618 -0.178190 0.117827 -0.146503 0.076814 0.002507 0.271470 -0.018421 0.301494 -0.000957 0.300616 -0.295221 -0.009632 -0.132059 0.186276 0.265211 0.033952 0.276394 0.239665 -0.206791 0.018988 0.074941 0.407283 0.262744 -0.062700 -0.122069 -0.050486 0.233891 0.059912 -0.228874 0.097125 0.152643 -0.054257 -0.310072 0.109288 0.025984 0.153807
-0.356751 -0.334274 -0.003157 0.119066 -0.184908 0.182267 0.135737 0.013803 -0.143240 -0.228508 -0.353512 0.014172 -0.108031 0.230963 -0.051466 0.181274 -0.402957 -0.127684 -0.374336 -0.068796 0.664431 1.000000 0.370878 0.266782 0.247103 0.576602 0.213629 0.316449 0.166376 0.244067 0.274087 0.317695 -0.280477 -0.153784 -0.006866 0.226670 -0.053980 -0.138945 -0.033144 -0.018743 -0.265036 -0.079692 0.073351 0.040235 -0.051915 -0.039358 -0.021126 0.284523 0.194852 0.108947 -0.011690 0.021065 -0.035915 0.062259 0.193639 0.206129 -0.215652 -0.206144 -0.215725 -0.176906 -0.002254 -0.271665 0.015381 -0.083859 -0.173689 0.208627 0.068719 0.086594 -0.105968 -0.240635 0.206591 0.528813 0.255589 0.273342 0.131728 0.164534 -0.193590 -0.156468 -0.325273 0.172225 -0.221319 -0.257414 -0.378114 -0.364253 -0.097642 0.033327 0.011482 0.168281 0.050858 0.509741 0.066597 0.147752 -0.054099 0.254638 0.582604 0.217911 0.421188 0.433429 0.243075 0.251814 -0.009282 0.212850 0.242110 -0.076818 0.046582 0.062218 0.122948 0.076962 0.199579 0.348895 0.333753 -0.029141 -0.426268 -0.027996 -0.045937 -0.005785
-0.388009 -0.461120 0.152701 0.054528 0.296484 0.354022 0.343234 -0.088692 0.420521 0.035969 -0.226531 -0.275674 -0.139417 -0.134695 -0.066952 -0.098724 -0.389432 0.088703 -0.236669 -0.271223 0.317361 0.370878 1.000000 0.057063 0.481827 0.008360 0.293342 -0.165063 0.253147 0.209993 0.256152 0.046538 -0.400299 -0.220867 -0.065378 -0.188832 0.215330 -0.008119 0.414961 0.112402 -0.159707 0.310618 -0.119481 -0.147258 -0.338632 -0.375141 -0.039663 -0.030193 0.075091 -0.008848 -0.099373 -0.006863 0.089928 0.167846 0.426307 0.375416 -0.082076 -0.353153 -0.383402 -0.208824 -0.013707 -0.223006 0.375937 0.302968 0.108284 -0.244078 -0.136721 -0.087048 -0.106669 -0.007664 0.081138 0.196047 0.255400 0.162940 0.243243 0.002316 0.007333 0.038963 -0.341920 0.080729 -0.166732 -0.180819 -0.078075 -0.214831 0.275474 -0.218984 0.285402 0.125284 0.238150 0.392940 -0.154009 -0.065662 -0.277663 0.421407 0.485757 -0.135219 0.441474 0.294277 0.174938 0.201221 0.224787 0.332423 0.435769 -0.120726 0.226968 0.337497 0.040107 0.395751 0.064711 0.085663 0.110244 0.030605 -0.213164 0.264089 0.103840 0.288965
-0.245728 -0.217943 -0.139495 0.679852 0.051324 0.262354 -0.303029 0.211683 0.094837 0.298893 -0.209256 0.369352 -0.031291 0.152197 -0.005915 0.358848 -0.061435 -0.195069 -0.153252 0.255015 -0.074334 0.266782 0.057063 1.000000 0.175622 0.238594 0.070901 0.295792 -0.274692 -0.366237 -0.226419 -0.059049 -0.161991 -0.006598 0.001029 0.086893 -0.112332 -0.147140 -0.067039 0.038350 -0.156667 -0.151117 0.073460 0.007338 0.062878 0.350394 0.057651 0.251798 0.305311 0.274014 0.196919 0.116960 0.162376 0.113951 -0.157966 -0.176519 -0.310336 -0.486790 -0.137759 0.068287 -0.148294 0.400875 -0.042093 -0.030176 -0.215850 0.433993 0.271130 0.256033 0.027017 0.091468 -0.296757 -0.236661 -0.434908 -0.280705 -0.195127 -0.222743 -0.186290 -0.208382 -0.139791 -0.432591 0.019946 -0.632588 -0.154609 -0.127322 -0.425776 -0.332085 -0.168070 0.276124 -0.352354 -0.020817 0.454184 0.200221 0.401772 0.208842 0.133365 -0.274819 -0.180326 -0.178656 -0.203040 -0.313910 0.291051 0.157731 -0.092619 0.282116 0.230177 0.126255 -0.146480 0.246010 0.165839 0.122592 0.001007 -0.564758 -0.364924 -0.390059 -0.264976 -0.390535
-0.608143 -0.588759 -0.164750 -0.183802 0.580802 0.806264 -0.048427 -0.359730 0.537315 0.332401 -0.647723 -0.277596 -0.664520 -0.425306 -0.620992 -0.152264 -0.628847 0.295997 -0.430450 -0.247571 0.154943 0.247103 0.481827 0.175622 1.000000 0.267935 0.523329 0.001180 -0.166480 -0.012763 -0.227658 -0.375925 -0.477936 -0.644784 0.311264 0.130097 -0.112623 -0.000596 0.485593 0.232308 -0.611862 0.052290 0.249088 0.101167 0.099679 -0.128091 0.366553 0.172732 0.532452 0.388005 0.240106 0.216174 0.413008 0.553849 0.487975 0.380566 0.129646 -0.513807 -0.376906 -0.256688 0.278116 -0.098221 0.580850 0.498442 -0.066391 -0.156974 0.051696 0.187596 -0.430145 -0.213370 -0.213839 -0.270993 -0.215226 -0.058340 -0.140640 -0.153756 -0.214854 0.041399 -0.421372 0.024370 0.204343 -0.399232 -0.457609 -0.523993 0.363029 -0.317201 0.530173 -0.033493 0.300784 0.325107 0.308337 0.091031 -0.048884 0.530881 0.431378 -0.146837 0.582966 0.391819 0.240433 0.118022 0.258483 0.396239 0.230514 0.312965 0.557695 0.635672 0.141053 0.595116 0.094124 0.176779 0.353735 -0.094053 0.099150 -0.059213 0.232785 0.279622
-0.114388 -0.226684 -0.065540 0.005632 -0.381365 0.138482 0.043857 -0.271007 -0.382830 -0.330714 -0.444827 0.072440 -0.155160 0.145575 -0.335865 -0.034115 -0.322537 -0.256043 -0.120738 0.013885 0.472522 0.576602 0.008360 0.238594 0.267935 1.000000 0.068707 0.387296 -0.115545 -0.012227 0.384030 0.476490 -0.005085 0.024917 -0.030784 0.260984 -0.091735 -0.090208 0.055617 0.355216 -0.143783 -0.160082 -0.045808 0.016100 -0.153373 -0.110774 -0.097781 0.198620 0.118718 -0.080822 -0.033321 -0.035062 0.071193 -0.007597 0.047696 -0.064007 -0.055907 -0.130679 0.184585 0.116433 0.316139 -0.063232 0.008905 -0.040007 -0.432515 0.030599 0.367631 0.256275 -0.036270 -0.057888 0.191435 0.378468 -0.051665 -0.017333 -0.109395 -0.076338 -0.115178 0.046610 0.051402 0.070496 0.199675 0.034999 -0.384877 -0.125470 -0.081289 0.324873 -0.051801 0.256255 -0.276575 0.288539 0.085070 0.280511 -0.164029 0.107274 0.208492 0.008502 0.269500 0.265156 -0.103796 -0.133674 -0.062331 0.263937 0.041225 0.146532 -0.118405 -0.111568 0.230665 0.021782 0.046795 0.064252 0.408503 -0.055495 -0.023824 -0.236665 -0.154479 -0.221101
-0.091928 -0.032858 -0.014746 -0.049325 0.487446 0.664076 0.053596 -0.065868 0.172790 -0.069485 -0.175807 0.007784 -0.161032 0.015751 -0.251884 0.242765 -0.145117 0.368894 -0.269766 -0.127817 0.431939 0.213629 0.293342 0.070901 0.523329 0.068707 1.000000 0.606076 0.085454 0.167670 -0.101539 -0.074179 -0.144440 -0.320374 -0.069345 -0.213590 -0.042485 -0.017616 0.394069 -0.085749 -0.290462 0.244047 -0.108315 -0.265736 -0.141509 -0.322843 0.052239 -0.191976 0.091088 0.020044 -0.136118 -0.128706 0.189929 0.285347 0.279756 0.056267 0.141950 -0.132745 -0.056882 -0.151687 0.328797 0.193601 0.354725 0.350328 -0.038023 -0.104758 -0.004992 -0.140315 -0.235386 -0.065799 -0.131492 -0.072755 -0.025402 0.096481 -0.115992 0.029438 -0.122728 -0.070090 -0.525473 0.105953 0.140821 -0.238268 0.009590 -0.039101 0.228429 -0.156089 0.485237 0.250676 0.325032 0.232524 0.036336 -0.095736 0.032045 0.278075 0.111131 -0.339580 0.115122 -0.041114 -0.029200 0.073381 0.296117 0.158323 0.201176 0.033644 0.238578 0.208483 -0.256650 0.122206 -0.336740 0.131813 -0.032056 -0.212498 -0.001979 0.188897 0.043098 0.243135
0.078800 0.221031 -0.273461 0.162640 -0.125315 0.266335 -0.204639 0.033379 -0.298559 -0.327521 0.030148 0.428180 0.201370 0.514651 0.043386 0.553139 0.192406 0.176163 -0.175984 0.026504 0.448759 0.316449 -0.165063 0.295792 0.001180 0.387296 0.606076 1.000000 0.022984 0.152394 -0.029785 0.245899 0.135732 -0.027469 -0.255890 0.017999 0.073708 0.112943 0.155567 -0.007704 0.014889 0.157059 -0.131492 -0.230884 -0.052740 -0.053631 -0.056555 -0.134078 0.019299 -0.060937 -0.075490 -0.088049 0.052215 0.084377 0.065236 -0.072725 -0.011298 0.103741 0.027941 -0.118297 0.327346 0.293533 -0.053989 -0.038100 -0.263564 0.262893 -0.009222 -0.217676 -0.140850 -0.098967 0.054128 0.288659 0.005387 0.180696 -0.051713 0.161618 0.026425 -0.095924 -0.100641 0.176846 0.117739 0.004629 -0.074988 0.127931 -0.161196 0.205871 0.118071 0.410357 -0.114785 0.278111 -0.042728 -0.105830 0.098440 -0.152837 -0.109247 -0.257272 -0.152664 -0.231888 -0.203690 -0.226261 0.191235 -0.069138 -0.019107 -0.111676 -0.157969 -0.281387 -0.311835 -0.350785 -0.407922 0.035960 -0.110006 -0.397253 -0.183445 -0.036669 -0.099538 -0.140954
0.054464 -0.036249 0.086152 0.092915 -0.156692 -0.215358 0.390271 0.142525 -0.048346 -0.347916 0.121839 -0.033760 0.255242 0.184301 0.412109 0.069127 0.273609 0.088529 -0.102425 -0.152482 0.347812 0.166376 0.253147 -0.274692 -0.166480 -0.115545 0.085454 0.022984 1.000000 0.714328 0.306285 0.276998 0.216930 0.415368 -0.168092 -0.198246 0.495565 0.344206 -0.043125 -0.126903 0.369595 0.436610 -0.245911 -0.325113 -0.382703 -0.502710 -0.267554 -0.320482 -0.460949 -0.395064 -0.313319 -0.358978 -0.152749 -0.099174 0.067856 0.067063 0.043192 0.298662 -0.129665 -0.000326 0.196549 -0.049942 0.156288 0.075051 0.187973 -0.297330 -0.119148 -0.426919 -0.039666 -0.281490 0.567110 0.477390 0.821296 0.748236 0.694958 0.607136 0.443810 0.298014 0.235047 0.461937 -0.051712 0.360483 0.296563 0.345595 0.074853 -0.127313 -0.020253 0.116267 0.040714 0.069879 -0.733775 -0.547953 -0.522586 -0.338556 0.232832 0.275566 0.014967 0.055573 -0.149207 0.093045 -0.294943 -0.089454 0.273086 -0.464344 -0.301658 -0.300031 -0.011724 -0.169529 0.124357 0.012389 -0.357675 0.288765 -0.195867 0.305296 0.046229 -0.039976
-0.258575 0.037369 -0.263876 -0.173733 -0.056668 0.063178 0.181912 0.071815 0.151596 -0.108522 -0.094273 0.208719 -0.035861 0.324529 0.317386 0.331397 0.032386 0.394665 -0.475785 -0.581812 0.488221 0.244067 0.209993 -0.366237 -0.012763 -0.012227 0.167670 0.152394 0.714328 1.000000 0.091597 0.114923 -0.032219 -0.002831 -0.095438 0.020326 0.503312 0.427318 0.189132 -0.152737 0.286608 0.612847 -0.197050 -0.346357 -0.373901 -0.508709 -0.249341 -0.375813 -0.383921 -0.355070 -0.187201 -0.249801 -0.234700 0.028205 0.257853 0.292063 0.081372 0.438307 -0.214734 -0.193109 0.392662 -0.141264 0.183748 0.296993 0.328938 -0.036723 -0.493207 -0.741490 -0.510531 -0.593844 0.650641 0.479116 0.876770 0.902608 0.794972 0.870072 0.481190 0.327685 0.291906 0.709309 -0.216073 0.448332 -0.135453 0.116668 0.162612 0.198419 0.107120 -0.137711 0.355742 0.455641 -0.733062 -0.586673 -0.186891 -0.193866 0.019914 0.321255 0.208630 0.155067 0.080067 0.351413 0.022925 0.007485 0.425493 -0.418962 -0.223841 -0.226871 0.221346 -0.112097 0.000413 -0.182032 -0.358842 0.362280 -0.040887 0.377149 0.405136 0.317549
0.391532 0.046161 0.424650 -0.040626 -0.379547 -0.373348 0.288896 -0.005188 -0.457174 -0.410752 0.215330 -0.091562 0.324479 0.180144 0.261072 -0.146660 0.083865 -0.479141 0.208174 0.058474 0.465117 0.274087 0.256152 -0.226419 -0.227658 0.384030 -0.101539 -0.029785 0.306285 0.091597 1.000000 0.785943 0.171025 0.536056 -0.299053 -0.242167 0.050243 -0.231130 -0.281183 0.193620 0.328796 -0.136715 -0.295709 -0.111855 -0.445543 -0.248701 -0.437381 0.015747 -0.485720 -0.520928 -0.559004 -0.497526 -0.547339 -0.670623 -0.246404 -0.346915 -0.115808 0.171512 0.350979 0.202217 -0.071852 -0.080323 -0.302329 -0.393699 0.043614 -0.286759 0.260143 0.148778 0.389535 0.307521 0.352692 0.470116 0.357159 -0.008612 0.086672 0.020149 -0.008562 0.042509 0.070363 -0.045967 -0.084558 0.384458 0.265206 0.347643 -0.082518 0.303941 -0.396718 0.224985 -0.256670 -0.060646 -0.316481 0.193502 -0.446904 -0.162794 0.117380 0.122355 0.003293 0.040052 -0.227458 -0.104529 -0.409361 0.050381 -0.123652 -0.307322 -0.475282 -0.271981 0.102173 -0.085800 -0.033160 0.055764 0.214701 0.167948 -0.203810 0.005850 -0.394416 -0.147491
0.489392 0.331872 0.355300 0.218756 -0.688758 -0.498882 0.177018 0.190603 -0.697227 -0.629989 0.186216 0.296171 0.554489 0.460720 0.265586 0.012203 0.206591 -0.539011 0.189125 0.229250 0.461222 0.317695 0.046538 -0.059049 -0.375925 0.476490 -0.074179 0.245899 0.276998 0.114923 0.785943 1.000000 0.318334 0.695517 -0.223092 -0.112894 0.127817 -0.094737 -0.220113 0.336863 0.397945 -0.181997 -0.504959 -0.339587 -0.502066 -0.312959 -0.638353 -0.187838 -0.512844 -0.660986 -0.516622 -0.626649 -0.414121 -0.627384 -0.191877 -0.355246 -0.153630 0.275452 0.474206 0.217475 0.053322 0.306674 -0.402729 -0.284206 -0.298420 -0.006551 0.295585 -0.018023 0.417309 0.272411 0.378058 0.539257 0.311204 0.036921 0.170125 0.116027 0.034187 0.149141 0.119582 -0.037003 -0.078365 0.469411 0.168023 0.497089 -0.352716 0.321312 -0.465087 0.520151 -0.421418 -0.048783 -0.330132 -0.049310 -0.440130 -0.393807 0.132444 0.109825 0.012868 -0.014931 -0.329511 -0.275646 -0.236134 -0.122100 -0.097025 -0.439255 -0.563412 -0.427989 -0.007856 -0.182742 -0.170790 0.125478 0.173100 -0.088931 -0.336140 -0.133197 -0.410614 -0.217477
0.508380 0.272438 0.160357 0.010514 -0.320211 -0.457748 0.089315 0.116194 -0.538018 -0.238197 0.154257 0.201990 0.370077 0.276225 0.214601 0.020980 0.348979 -0.377539 0.564661 0.438414 -0.095338 -0.280477 -0.400299 -0.161991 -0.477936 -0.005085 -0.144440 0.135732 0.216930 -0.032219 0.171025 0.318334 1.000000 0.587745 -0.398344 -0.256786 0.104859 -0.021737 -0.234944 -0.081450 0.401462 -0.197256 -0.337567 -0.238941 -0.216964 -0.091516 -0.390753 -0.190667 -0.371460 -0.358959 -0.378827 -0.336586 -0.201297 -0.380844 -0.351570 -0.428052 0.105302 0.286283 0.348414 0.482798 0.314660 0.246972 -0.245266 -0.288639 -0.199689 -0.157072 0.301988 -0.046994 0.362996 0.316808 0.043764 0.011961 0.087092 0.006113 0.076968 0.022557 -0.003237 -0.004723 0.313985 0.026593 0.211808 0.288167 0.402273 0.462438 -0.272370 0.436374 -0.469057 -0.030924 -0.484510 -0.374919 -0.269956 -0.093644 -0.121798 -0.432007 -0.210132 0.108096 -0.473016 -0.231675 -0.447932 -0.282613 -0.186306 -0.075301 -0.178973 -0.134976 -0.531473 -0.505736 -0.109823 -0.412706 -0.117739 -0.098852 -0.163431 0.058132 0.175106 0.136970 -0.101197 -0.228558
0.691590 0.464429 0.486945 0.376513 -0.525328 -0.709149 0.215686 0.384156 -0.545826 -0.399347 0.441579 0.340626 0.658338 0.348723 0.497653 0.015202 0.508873 -0.555311 0.485747 0.463158 0.006828 -0.153784 -0.220867 -0.006598 -0.644784 0.024917 -0.320374 -0.027469 0.415368 -0.002831 0.536056 0.695517 0.587745 1.000000 -0.260387 -0.325645 0.133228 -0.052801 -0.501228 0.074606 0.557505 -0.173390 -0.533474 -0.384932 -0.436797 -0.201617 -0.645759 -0.307446 -0.664273 -0.664991 -0.427561 -0.630524 -0.426088 -0.705822 -0.516166 -0.593401 -0.156521 0.386179 0.564116 0.448189 -0.029794 0.432432 -0.434754 -0.383798 0.004196 -0.069768 0.373450 -0.003398 0.583895 0.349685 0.249881 0.177662 0.239625 -0.013995 0.184045 0.110495 0.215195 0.069878 0.328126 -0.261757 -0.031949 0.351923 0.491798 0.751834 -0.468110 0.046270 -0.655165 0.330510 -0.519673 -0.461171 -0.393571 -0.196335 -0.305490 -0.564537 -0.157140 0.176903 -0.479492 -0.407654 -0.567217 -0.392534 -0.454619 -0.281661 -0.333548 -0.346191 -0.611054 -0.542131 -0.189985 -0.249015 0.061842 -0.135539 -0.273881 0.024037 -0.238979 -0.077849 -0.421944 -0.382032
-0.201367 -0.208441 -0.216036 -0.253366 0.217289 0.174191 -0.384493 -0.347659 0.293334 0.209535 -0.181662 -0.046147 -0.466868 -0.370785 -0.583440 -0.228489 -0.187297 0.322346 -0.316595 0.003764 -0.210569 -0.006866 -0.065378 0.001029 0.311264 -0.030784 -0.069345 -0.255890 -0.168092 -0.095438 -0.299053 -0.223092 -0.398344 -0.260387 1.000000 0.648172 0.101279 0.462286 0.271362 0.236303 -0.096586 0.102302 0.124278 0.058342 0.377599 0.064755 0.231153 0.149555 0.269742 0.230239 0.204172 0.133346 0.099717 0.233067 0.484960 0.435087 0.251012 -0.231159 -0.213078 -0.371982 -0.086596 0.028959 0.310280 0.500373 -0.152025 0.209504 -0.155850 0.046275 -0.288202 -0.228315 -0.228246 -0.188993 -0.174753 -0.104259 -0.075555 -0.101629 0.139972 0.190827 -0.052491 0.081547 0.250067 -0.134350 -0.275029 -0.327017 0.367218 -0.442447 0.406001 -0.014207 0.400497 0.188169 0.374752 0.075469 -0.140244 0.021927 0.301734 0.268886 0.453060 0.276884 0.316197 0.338166 -0.118410 -0.070483 -0.179167 0.153783 0.665702 0.579095 -0.105725 0.491770 0.270079 0.168357 0.264431 0.063418 0.153110 -0.113021 0.205699 0.360184
-0.329967 -0.224966 -0.665963 -0.307695 -0.079216 0.082476 -0.500097 -0.326107 0.097692 0.156031 -0.236102 0.088446 -0.419998 0.070365 -0.414896 0.007667 -0.142671 0.216069 -0.459784 -0.116650 -0.188291 0.226670 -0.188832 0.086893 0.130097 0.260984 -0.213590 0.017999 -0.198246 0.020326 -0.242167 -0.112894 -0.256786 -0.325645 0.648172 1.000000 0.338865 0.554333 0.333849 0.277183 0.083053 0.118417 0.293395 0.169902 0.526335 0.338765 0.260731 0.222770 0.261049 0.343185 0.060844 0.277943 0.012680 0.262383 0.555937 0.588025 0.256484 -0.063298 -0.243511 -0.469819 0.176845 -0.141464 0.189126 0.227265 -0.195264 0.526141 -0.366952 -0.150844 -0.423034 -0.366691 -0.001986 0.142078 0.018391 0.121285 0.147799 0.118664 0.198498 0.260847 0.300714 0.325259 0.163251 0.025861 -0.577329 -0.514065 0.141276 -0.002967 0.247996 -0.146475 0.232122 0.467666 0.247738 0.037283 -0.109346 -0.177719 0.228193 0.330881 0.391686 0.344321 0.445698 0.334315 0.026602 -0.169889 -0.046591 -0.085617 0.372153 0.245783 0.045126 -0.020322 0.337281 0.190130 0.234348 0.038641 0.098596 -0.198278 0.276569 0.098018
