1.000000 0.671436 0.225384 0.079274 0.105619 0.101625 0.198740 0.300202 -0.121794 -0.023898 0.153287 0.112512 0.173969 0.011228 -0.190961 0.010670 0.039990 0.020372 0.633790 0.467541 -0.278193 -0.103968 -0.246699 0.133847 -0.592281 -0.660581 0.099594 0.037338 -0.066874 -0.177508 -0.062615 -0.221423 0.397208 -0.023315 -0.167549 0.027493 -0.115973 -0.423012 -0.213077 -0.044631 -0.200524 -0.325516 -0.001684 -0.209052 -0.164168 -0.030638 0.098669 0.019058 0.030333 -0.021076 -0.393283 -0.045338 0.042814 0.060972 -0.045837 -0.266851 0.601933 0.583941 0.517829 0.418164 0.341783 0.062207 0.319016 0.306353 -0.503635 -0.342028 0.422974 0.008820 0.488627 0.272165 -0.188704 -0.251586 -0.055369 -0.083839 -0.038726 -0.065379 -0.035315 -0.234987 -0.090169 -0.047385 -0.000145 -0.105946 0.038466 -0.362487 -0.568460 -0.552791 -0.290737 -0.427494 -0.002048 -0.281995 0.073647 0.001451 -0.102848 0.087504 -0.374474 -0.093002 -0.338154 -0.401754 0.171459 -0.029397 -0.063079 0.246244 0.056869 0.150629 0.058125 -0.256437 0.059174 0.038587 -0.268447 0.010766 -0.531561 -0.072438 0.080779 -0.039675 -0.299947 -0.097918
0.671436 1.000000 0.202586 0.303727 -0.142893 0.047832 0.071888 0.378507 -0.243030 -0.150888 0.064080 0.146027 -0.012432 -0.123726 -0.271969 -0.097838 -0.066667 -0.216207 0.691910 0.659187 -0.404150 -0.145033 -0.139018 0.085266 -0.587496 -0.541062 -0.081671 0.026643 -0.168066 -0.345710 -0.152591 -0.259441 0.275296 -0.054918 -0.259886 0.007257 -0.158782 -0.232779 0.052913 0.065749 -0.091057 -0.187341 -0.104082 -0.183925 -0.376194 -0.237153 0.042544 -0.118517 -0.141411 -0.306904 -0.156833 -0.048032 0.125486 0.093575 0.085182 -0.223840 0.278418 0.753193 0.227125 0.434198 0.015060 0.038546 0.237059 0.196343 -0.490261 -0.493958 0.140228 -0.135977 0.572380 0.484729 -0.289098 -0.477147 -0.143967 -0.242625 -0.147330 -0.338567 -0.261882 -0.350208 0.007467 -0.128319 0.127509 -0.030235 0.237704 -0.143426 -0.355745 -0.413357 -0.325695 -0.264894 0.038863 -0.138133 0.186725 0.129757 0.105325 0.186855 -0.225522 -0.264354 -0.172019 -0.451973 0.168192 -0.080330 0.218116 0.278947 0.268598 0.238551 0.287386 0.124374 -0.210380 -0.142750 -0.354267 -0.098552 -0.281581 -0.032649 0.206487 0.282908 -0.100141 0.106398
0.225384 0.202586 1.000000 0.392133 0.209852 -0.225273 0.737550 0.577050 0.409965 -0.287935 -0.093164 -0.143276 0.300566 -0.234524 0.158728 -0.453668 -0.418725 -0.386030 0.428680 0.373914 -0.239606 -0.305428 0.371451 0.253617 -0.098208 -0.238532 -0.157825 -0.273129 -0.352756 -0.493903 -0.314054 -0.186615 0.032502 0.000530 -0.072305 -0.040596 -0.165659 -0.231990 -0.016193 -0.019224 -0.035521 -0.294544 0.129760 0.031984 0.021446 0.080638 0.166750 0.018704 -0.067493 -0.050269 0.075905 0.014031 0.045861 -0.064003 -0.249323 -0.307384 -0.129802 0.115823 0.283279 0.301261 -0.070124 -0.168738 -0.277506 -0.303132 -0.157791 -0.161921 0.362218 0.288436 0.191618 0.477390 -0.018242 -0.276586 -0.309995 -0.444150 -0.325652 -0.353458 -0.404267 -0.259013 -0.188886 -0.402516 -0.284662 -0.286676 0.267600 -0.199724 -0.433494 -0.295666 -0.455937 -0.372296 0.220055 -0.271941 0.001109 0.097322 -0.184536 0.142928 -0.221892 -0.273937 0.075165 -0.489977 0.015861 -0.137741 0.000303 0.018400 0.062309 0.287295 0.223181 0.128688 0.034233 -0.008788 -0.105091 -0.209534 -0.063860 -0.078960 -0.072578 -0.097089 -0.065973 -0.097201
0.079274 0.303727 0.392133 1.000000 -0.115424 -0.017955 0.301296 0.563332 -0.175223 -0.205788 -0.396438 -0.163873 -0.372203 -0.259568 -0.144010 -0.248484 -0.408311 -0.549384 0.314087 0.411722 -0.263885 -0.287599 0.490571 0.391440 -0.095432 0.023190 -0.155427 -0.150446 -0.534247 -0.542230 -0.295614 -0.108938 -0.211333 0.052081 -0.142738 0.122071 -0.266460 -0.084625 -0.152407 -0.113043 -0.049822 -0.158381 -0.062551 -0.189662 -0.388409 -0.096344 -0.080912 -0.056172 -0.221811 -0.319647 -0.022885 -0.237927 0.262556 0.319394 -0.132478 -0.319427 0.056635 0.132482 0.084965 0.317694 -0.417088 -0.062960 -0.362188 -0.447557 -0.133582 -0.011483 -0.088898 0.216965 0.378128 0.433135 0.012134 -0.201616 -0.560102 -0.455686 -0.414218 -0.323591 -0.445660 -0.230850 -0.100432 -0.425106 -0.162211 -0.298457 0.374841 0.308158 -0.158717 -0.180217 -0.437345 -0.370392 0.337859 0.185888 0.401182 0.427635 0.209827 0.244252 -0.134554 -0.077825 -0.139424 -0.351408 0.162602 -0.145314 0.131075 0.273114 0.244605 0.207715 0.265360 0.212397 -0.298621 -0.138790 -0.094471 -0.063172 -0.094479 0.021480 0.135717 -0.053480 -0.209859 0.184528
0.105619 -0.142893 0.209852 -0.115424 1.000000 0.471751 0.380108 0.275674 0.342024 0.369298 -0.017489 0.016280 0.174294 -0.137140 0.158623 0.126395 -0.033969 -0.092972 -0.016310 -0.201632 0.308051 0.112905 -0.182424 -0.181430 0.085707 0.026824 0.672785 0.519410 -0.080125 0.020700 0.171765 0.087005 0.108410 0.357153 0.092437 0.311226 -0.106684 -0.123437 -0.262998 -0.081231 -0.112078 -0.190376 0.216680 0.151199 0.077816 0.168352 -0.276291 0.084872 -0.013494 0.135621 -0.040755 -0.125966 -0.268841 -0.004036 -0.316261 -0.264892 0.042282 -0.118965 0.086625 -0.116804 0.216527 -0.022700 -0.095299 -0.111645 0.308096 0.088280 0.162222 0.288471 -0.052106 -0.018376 -0.169760 0.065901 0.089066 -0.089300 -0.085231 0.037429 -0.095142 -0.075018 -0.293925 -0.090751 -0.257683 -0.311649 -0.204956 -0.149238 -0.139928 -0.049633 0.156572 0.177204 -0.070014 -0.358863 -0.158966 -0.232583 -0.272248 -0.216323 -0.119683 0.089772 -0.149246 -0.112283 -0.443407 -0.311761 -0.217344 -0.103650 -0.193902 -0.263004 -0.313234 -0.316802 0.223884 0.160261 0.141729 -0.018511 -0.050767 -0.245048 -0.230403 -0.384496 -0.133015 -0.004350
0.101625 0.047832 -0.225273 -0.017955 0.471751 1.000000 0.132381 0.213024 -0.286378 0.642504 0.091856 0.319698 -0.025586 0.126601 0.005879 0.588675 0.147607 0.057628 -0.059491 -0.276645 0.159515 0.310540 0.033853 -0.103815 0.007363 0.121437 0.809483 0.853180 0.016852 0.181911 0.236923 0.192177 0.075586 0.159336 -0.113803 0.287404 -0.120106 0.003585 -0.333366 -0.251085 -0.141706 -0.126578 -0.225334 -0.124660 -0.201481 -0.185682 -0.453208 -0.200496 0.028499 -0.059893 -0.132174 -0.123265 -0.199042 -0.022532 -0.065551 -0.225124 -0.062598 -0.053060 -0.074236 -0.137579 0.136415 0.232656 0.022415 0.171137 0.151445 0.043561 -0.250473 -0.058102 -0.086009 -0.228945 -0.001015 0.269057 0.133465 0.063362 -0.021006 0.087314 0.057014 0.123186 -0.087771 0.047552 -0.113987 -0.173880 -0.257907 0.087828 -0.041640 0.012026 0.289325 0.284163 -0.147015 -0.144089 -0.065596 -0.153110 -0.047345 -0.277897 -0.151551 0.148617 -0.262467 -0.058279 -0.369727 -0.294980 -0.064478 0.011173 -0.072810 -0.255484 -0.344964 -0.348421 0.082787 -0.096683 -0.042617 -0.004866 -0.039875 -0.110534 -0.078789 -0.145913 -0.219745 0.087811
0.198740 0.071888 0.737550 0.301296 0.380108 0.132381 1.000000 0.710212 0.224705 0.104755 -0.035453 0.128852 0.295232 0.075258 0.121314 -0.134213 -0.368429 -0.201115 0.149624 0.046279 -0.149569 -0.173219 0.363679 0.169643 -0.026146 -0.060635 0.189530 -0.002481 -0.391939 -0.408870 -0.115212 0.030237 -0.131523 0.046010 -0.244468 -0.061274 -0.414786 -0.417392 -0.370791 -0.322051 -0.323801 -0.447664 -0.081124 -0.059055 0.006922 0.241440 -0.141228 0.040507 0.136924 0.084588 0.061497 0.087439 0.053039 -0.012333 -0.418211 -0.440101 -0.098604 -0.020473 0.258139 0.252759 0.038213 0.001554 -0.277453 -0.195688 0.048204 0.110454 0.194207 0.331446 -0.040770 0.223241 -0.052947 -0.096673 -0.357722 -0.371585 -0.412588 -0.221279 -0.462401 -0.221136 -0.231323 -0.278878 -0.357945 -0.334927 0.090504 -0.021321 -0.336164 -0.153119 -0.407881 -0.269362 0.076662 -0.284803 0.083551 0.130511 -0.138319 0.055923 -0.252811 -0.095376 -0.234029 -0.432129 -0.157962 -0.240277 0.044578 0.158164 0.026017 0.171901 -0.072241 -0.151722 0.100913 -0.010289 -0.067646 -0.082283 -0.127704 -0.210008 -0.156228 -0.274084 -0.312068 -0.176281
0.300202 0.378507 0.577050 0.563332 0.275674 0.213024 0.710212 1.000000 -0.054190 0.072948 -0.182918 0.195727 -0.001424 0.050547 -0.177234 -0.047007 -0.352047 -0.354671 0.327028 0.319168 -0.243163 -0.055589 0.189107 0.291167 -0.262896 -0.173874 0.122165 0.046400 -0.386768 -0.419546 -0.088807 0.040543 -0.154671 0.122012 -0.208084 0.095083 -0.233058 -0.307691 -0.194255 -0.135613 -0.206349 -0.378884 -0.164137 -0.227269 -0.309751 -0.041801 -0.319616 -0.074484 -0.177285 -0.247228 -0.150357 -0.069561 0.039524 0.148993 -0.143443 -0.312917 0.041632 0.052343 0.186109 0.345628 -0.111206 -0.000415 -0.174959 -0.221728 -0.090421 -0.058955 0.029878 0.152879 0.157719 0.345617 0.000671 -0.096181 -0.417347 -0.461560 -0.477681 -0.346729 -0.440247 -0.249928 -0.142310 -0.335800 -0.252573 -0.333280 0.179366 0.037990 -0.379136 -0.251412 -0.334339 -0.219356 0.259307 -0.054369 0.176911 0.117992 -0.058668 0.047549 -0.248195 -0.015836 -0.143151 -0.417578 -0.062045 -0.296387 0.001097 0.183430 -0.036732 0.075379 -0.114306 -0.140591 0.064965 0.044723 -0.187732 -0.127025 -0.227022 -0.164089 -0.027197 -0.207056 -0.241013 -0.111271
-0.121794 -0.243030 0.409965 -0.175223 0.342024 -0.286378 0.224705 -0.054190 1.000000 0.089159 0.061538 -0.042276 0.467861 -0.116097 0.277982 -0.292018 -0.073534 -0.057234 -0.048504 -0.032763 -0.052442 -0.151191 -0.115822 -0.052331 0.307287 0.110560 -0.164507 -0.224642 -0.098680 -0.067297 -0.033687 -0.040866 0.018919 0.293215 0.182640 0.091950 -0.099991 -0.151570 -0.011961 -0.036045 -0.023103 -0.155438 0.177999 0.216336 0.197570 0.277692 0.133435 0.184268 -0.043874 0.189198 0.087720 0.006125 -0.228628 -0.224084 -0.334470 -0.158002 -0.063770 -0.062876 0.097881 0.076055 0.159492 -0.024983 -0.104883 -0.173735 0.275038 0.167731 0.428098 0.437223 -0.138209 0.235752 -0.055511 -0.160412 0.060849 -0.005268 -0.003503 -0.112682 -0.105231 -0.135531 -0.049747 0.039811 0.004242 0.007377 -0.055263 -0.316733 -0.146392 -0.118335 -0.149374 -0.039062 -0.225913 -0.366227 -0.180895 -0.173332 -0.164446 0.011159 -0.083621 -0.251546 0.062850 -0.061922 -0.178386 -0.061587 -0.081707 -0.181617 -0.211563 0.016815 -0.065821 -0.029365 0.150477 0.006388 -0.106439 -0.275092 0.087854 -0.163623 -0.279557 -0.225529 0.055690 -0.139869
-0.023898 -0.150888 -0.287935 -0.205788 0.369298 0.642504 0.104755 0.072948 0.089159 1.000000 0.122884 0.469764 0.182631 0.399292 -0.203838 0.495902 0.196057 0.214731 -0.287928 -0.342190 0.026858 0.231712 -0.210052 -0.074950 0.130463 0.169400 0.475768 0.485071 -0.005994 0.267130 0.262122 0.188383 -0.004831 0.233226 -0.075415 0.196351 -0.142982 -0.108171 -0.348245 -0.163469 -0.287118 -0.069252 -0.208028 -0.032475 -0.052539 0.011869 -0.317178 -0.032232 0.058426 0.090191 -0.147409 -0.058011 -0.260543 -0.055935 -0.197045 -0.123738 0.095692 -0.101567 -0.071696 -0.103684 0.328160 0.442499 0.070475 0.239253 0.323978 0.170087 -0.117971 0.034553 -0.362631 -0.193744 0.012467 0.173956 0.149784 0.094601 0.058176 0.048365 0.046838 0.168514 -0.048797 0.186007 0.016279 0.032884 -0.410766 -0.050947 -0.078679 -0.009763 0.126328 0.316102 -0.420799 -0.122780 -0.073703 -0.165197 0.023198 -0.164133 -0.143691 -0.062182 -0.315959 0.017553 -0.370329 -0.274347 0.000093 0.017337 -0.075916 -0.155690 -0.493591 -0.394848 0.131122 -0.118937 -0.195915 -0.117099 0.049055 -0.144753 -0.075096 -0.114917 -0.154441 -0.092085
0.153287 0.064080 -0.093164 -0.396438 -0.017489 0.091856 -0.035453 -0.182918 0.061538 0.122884 1.000000 0.171593 0.672589 0.324358 0.198832 0.126291 0.218148 0.263951 0.041668 -0.032601 -0.133798 -0.093313 -0.032753 0.158390 -0.204611 -0.176037 0.015349 0.007602 0.207249 0.121526 0.103489 -0.125896 0.162136 -0.055649 -0.043395 0.052170 -0.158547 -0.292858 -0.149561 -0.277014 -0.152934 -0.263174 -0.017125 -0.276625 0.074451 0.146197 -0.033414 0.127999 0.287017 0.171011 -0.079493 0.106848 0.002430 -0.196322 0.060542 -0.063274 -0.009577 0.020018 0.369019 0.059686 0.661508 0.250518 0.321059 0.321242 -0.019076 -0.079979 0.304268 0.014391 -0.159649 -0.092258 -0.005946 0.016897 0.145090 0.211098 0.257093 0.084251 0.083305 0.029549 -0.262978 0.183201 -0.153860 -0.006406 -0.258750 -0.389087 -0.210082 -0.344648 0.092162 -0.159887 -0.303886 -0.282866 -0.004945 0.003114 -0.119021 0.036723 -0.278209 0.020626 -0.333205 -0.182090 -0.120566 -0.192569 -0.160540 0.110088 -0.155895 -0.107078 -0.284535 -0.434066 0.071879 -0.189758 -0.003151 -0.121127 -0.407419 -0.324070 -0.165111 -0.221760 -0.275820 -0.123868
0.112512 0.146027 -0.143276 -0.163873 0.016280 0.319698 0.128852 0.195727 -0.042276 0.469764 0.171593 1.000000 0.126727 0.560311 0.001762 0.381754 0.128495 0.298050 -0.163475 -0.020766 -0.104395 0.411589 -0.045456 0.053508 -0.030525 -0.063195 0.112614 0.217330 0.219278 0.311064 0.348622 0.372212 0.003572 0.086818 0.009411 0.084485 -0.088403 0.016132 -0.079135 -0.106987 -0.067061 0.139464 -0.478883 -0.266484 -0.208222 -0.230416 -0.318632 -0.352047 -0.078787 -0.114322 -0.266422 -0.073996 -0.186570 -0.195558 0.037252 -0.016335 0.094966 -0.038917 -0.028674 -0.082469 0.217208 0.353654 0.058743 0.381360 0.021868 0.070911 -0.189330 -0.237992 -0.187866 -0.211640 0.102955 0.199638 0.157778 0.167669 0.171960 0.239059 0.155320 0.178497 0.130267 0.179044 0.043898 -0.016268 0.000174 0.105637 -0.147868 -0.156901 0.015137 0.157983 -0.227072 -0.160240 -0.079339 -0.159337 0.138426 -0.069749 -0.128340 -0.213247 -0.141000 -0.047905 -0.114401 -0.163460 0.102333 0.114601 -0.082285 -0.088352 -0.304398 -0.207807 0.117610 -0.142935 -0.357475 -0.311419 -0.167072 -0.111246 -0.042670 0.114340 0.036357 -0.318329
0.173969 -0.012432 0.300566 -0.372203 0.174294 -0.025586 0.295232 -0.001424 0.467861 0.182631 0.672589 0.126727 1.000000 0.357803 0.272521 -0.152212 0.123045 0.219001 0.171672 -0.060380 -0.361825 -0.227365 -0.076217 0.030818 -0.064693 -0.197658 -0.110460 -0.167163 0.099054 0.072731 -0.053531 -0.209438 0.204349 -0.003090 -0.131523 -0.094911 -0.197822 -0.339251 -0.154995 -0.320387 -0.136711 -0.345667 -0.011425 -0.046631 0.354053 0.355524 0.123926 0.132580 0.237619 0.467437 -0.076246 0.218995 -0.079990 -0.334642 -0.048676 -0.100646 -0.125688 0.041708 0.390651 0.223756 0.600097 0.207476 0.224646 0.165413 -0.123730 -0.055373 0.575932 0.162378 -0.137445 0.028998 -0.063026 -0.022492 0.184843 0.120315 0.164130 0.024972 0.019467 -0.023962 -0.132033 0.225279 -0.119485 0.000204 -0.305753 -0.585198 -0.490253 -0.362162 -0.163781 -0.282705 -0.222879 -0.382574 -0.128842 -0.171473 -0.141972 0.038397 -0.218451 -0.068528 -0.122670 -0.232923 -0.089464 -0.184797 -0.000271 -0.054326 -0.102289 0.021477 -0.195280 -0.358196 0.366962 0.039369 -0.121976 -0.250618 -0.263508 -0.296408 -0.137751 -0.231126 -0.159111 -0.319947
0.011228 -0.123726 -0.234524 -0.259568 -0.137140 0.126601 0.075258 0.050547 -0.116097 0.399292 0.324358 0.560311 0.357803 1.000000 -0.038471 0.236587 0.215805 0.559012 -0.253208 -0.212147 -0.180547 0.230353 0.043898 0.287662 0.123007 -0.012069 -0.039118 -0.040841 0.187936 0.367502 0.162931 0.197459 0.104597 0.125352 -0.054530 -0.045080 -0.177736 -0.270337 -0.145373 -0.270837 -0.323232 -0.091810 -0.330137 -0.326205 0.054577 0.103445 -0.230861 -0.103608 0.017667 0.191925 -0.337158 0.004671 -0.103279 -0.273588 -0.010689 0.018190 0.097765 -0.128520 0.168416 -0.013158 0.446676 0.455299 0.104493 0.435193 0.006220 0.272760 0.062440 -0.156862 -0.317695 -0.398493 0.173476 0.386389 0.133482 0.346194 0.234978 0.379135 0.307557 0.333356 0.041735 0.390029 -0.081759 0.079682 -0.385225 -0.189012 -0.215286 -0.240627 0.067165 -0.049944 -0.167790 -0.198354 -0.069241 -0.238084 0.081304 -0.111534 -0.282593 -0.000378 -0.255243 0.128903 -0.078727 -0.143605 0.119295 0.141276 -0.160434 -0.073454 -0.422351 -0.490374 0.295349 0.003536 -0.310187 -0.091884 -0.228738 -0.233621 -0.093848 -0.197769 -0.020070 -0.429506
-0.190961 -0.271969 0.158728 -0.144010 0.158623 0.005879 0.121314 -0.177234 0.277982 -0.203838 0.198832 0.001762 0.272521 -0.038471 1.000000 -0.195128 -0.162556 0.041592 -0.106494 -0.167894 0.105582 -0.056789 0.317760 -0.099111 0.383927 0.233725 0.099857 0.004052 -0.014015 -0.096259 -0.141991 -0.081096 -0.069604 -0.191909 0.040062 -0.220369 -0.043182 0.056888 0.112438 -0.060013 0.030700 0.030064 -0.111461 -0.018670 0.171430 0.047633 -0.031347 -0.118959 0.170522 0.178203 0.235179 0.071525 -0.046875 -0.177345 -0.000623 -0.151192 -0.389242 -0.348619 0.091458 -0.091068 0.071258 -0.099090 -0.340484 -0.325798 0.260538 0.244560 0.165242 0.189660 0.045265 -0.062261 -0.117135 0.027538 -0.031665 -0.007488 0.038096 0.041405 0.012078 -0.116974 -0.163038 -0.042786 -0.268697 -0.229781 0.117144 0.086559 0.213395 0.124744 -0.003550 -0.087623 0.107034 -0.097601 -0.077571 0.117861 -0.008742 0.165046 0.055204 0.003554 0.201647 -0.037434 -0.050913 0.103811 0.091032 -0.064183 0.110054 0.163707 0.240770 0.171686 0.039670 -0.021745 0.034581 -0.051739 0.040300 0.004567 -0.119165 -0.130121 0.062618 -0.013968
0.010670 -0.097838 -0.453668 -0.248484 0.126395 0.588675 -0.134213 -0.047007 -0.292018 0.495902 0.126291 0.381754 -0.152212 0.236587 -0.195128 1.000000 0.444065 0.275713 -0.225910 -0.366274 0.427530 0.618182 -0.185441 -0.048904 -0.002677 0.060052 0.456084 0.549531 0.388833 0.503758 0.456401 0.403271 -0.146554 0.038201 0.089405 0.216207 0.162921 0.212813 -0.159816 -0.268700 0.097550 0.179749 -0.046510 -0.044175 -0.120989 -0.321488 -0.341782 -0.222374 0.073344 -0.077227 -0.257303 -0.025928 -0.091462 0.084108 0.169630 0.031991 0.166423 -0.084942 -0.216838 -0.291601 0.231697 0.181575 0.306010 0.378634 0.220668 -0.047866 -0.415324 -0.395306 -0.225609 -0.427213 0.121543 0.337325 0.423828 0.158223 0.122769 0.298982 0.229113 0.173147 0.136961 0.279329 0.230704 0.154165 -0.230217 0.083914 0.157798 0.082917 0.509170 0.421800 -0.228401 0.033888 -0.091088 -0.201079 -0.019951 -0.259926 0.018809 0.148163 -0.209007 0.288304 -0.146313 0.145467 -0.180804 0.105787 -0.247584 -0.256719 -0.460341 -0.433550 0.157397 0.011183 0.035935 -0.039985 -0.084648 0.182176 0.084227 0.056778 0.043610 -0.001770
0.039990 -0.066667 -0.418725 -0.408311 -0.033969 0.147607 -0.368429 -0.352047 -0.073534 0.196057 0.218148 0.128495 0.123045 0.215805 -0.162556 0.444065 1.000000 0.726543 -0.112811 -0.372362 0.166218 0.435524 -0.234476 -0.179905 0.117812 0.171323 0.189793 0.267823 0.808755 0.684429 0.605595 0.482899 0.329968 0.283889 0.151513 -0.043539 0.259407 0.127243 -0.038836 -0.176419 0.113002 0.184009 -0.170732 0.028467 0.271171 -0.121474 -0.174019 -0.212544 -0.188747 0.328233 -0.367861 -0.126966 -0.492950 -0.411513 0.018593 0.114390 0.265206 0.062423 -0.324420 -0.469402 0.362935 -0.132812 0.726455 0.474283 0.132527 -0.134512 -0.194427 -0.530130 -0.386190 -0.654035 0.171218 0.393674 0.749529 0.570064 0.479373 0.424942 0.616044 0.513275 0.606233 0.762343 0.629001 0.710774 -0.306377 -0.224055 0.072932 0.102250 0.333058 0.270566 -0.342494 -0.204012 -0.527944 -0.586284 -0.375095 -0.510533 0.240223 0.153348 -0.102068 0.329352 -0.137570 0.037104 -0.308333 -0.322039 -0.252837 -0.377460 -0.365831 -0.260516 0.230417 0.175691 0.091172 0.122240 -0.069185 0.000134 -0.038663 -0.070961 0.141897 -0.125907
0.020372 -0.216207 -0.386030 -0.549384 -0.092972 0.057628 -0.201115 -0.354671 -0.057234 0.214731 0.263951 0.298050 0.219001 0.559012 0.041592 0.275713 0.726543 1.000000 -0.293480 -0.430807 0.101496 0.421777 -0.129311 -0.112625 0.200047 0.125295 0.164133 0.167313 0.715864 0.674252 0.540329 0.488563 0.380514 0.188037 0.174323 -0.165566 0.151168 -0.101853 -0.034789 -0.152105 -0.143922 0.141922 -0.361355 -0.174564 0.209190 -0.082484 -0.288015 -0.266047 -0.060081 0.368085 -0.306809 -0.037620 -0.429605 -0.537711 -0.115981 0.056216 0.198931 -0.105128 -0.123652 -0.386503 0.492221 0.076657 0.472892 0.546497 0.194404 0.160575 -0.092497 -0.435220 -0.470186 -0.693917 0.243501 0.537896 0.588233 0.697906 0.485525 0.509045 0.656957 0.575306 0.423908 0.776508 0.311539 0.622085 -0.329964 -0.129411 0.036094 0.107242 0.183106 0.211237 -0.394699 -0.286698 -0.522761 -0.584591 -0.295762 -0.470165 0.090045 0.075000 -0.124727 0.306526 -0.160332 -0.017356 -0.192080 -0.262661 -0.255671 -0.292262 -0.288671 -0.259236 0.251323 0.106667 -0.019936 0.149050 -0.141807 -0.129590 -0.135108 -0.182366 0.121688 -0.223109
0.633790 0.691910 0.428680 0.314087 -0.016310 -0.059491 0.149624 0.327028 -0.048504 -0.287928 0.041668 -0.163475 0.171672 -0.253208 -0.106494 -0.225910 -0.112811 -0.293480 1.000000 0.553762 -0.365050 -0.296586 -0.117185 0.086026 -0.560140 -0.646714 -0.141513 -0.145592 -0.134526 -0.250921 -0.245392 -0.376185 0.302892 -0.098663 -0.191037 -0.074001 0.006279 -0.180121 0.178119 0.016059 0.045653 -0.352852 0.219042 -0.012858 -0.173919 -0.180769 0.242576 -0.108931 -0.232551 -0.198366 -0.256277 -0.119350 0.114338 0.069818 0.227888 -0.065764 0.195781 0.622976 0.295358 0.350779 0.006876 -0.041354 0.292183 0.027601 -0.538668 -0.542778 0.360077 -0.090918 0.676923 0.423745 -0.318531 -0.370555 -0.045241 -0.328660 -0.211961 -0.333548 -0.180914 -0.337341 0.048885 -0.083276 0.129729 -0.145680 0.097224 -0.395443 -0.507647 -0.495210 -0.328146 -0.461221 0.154013 -0.101989 0.079856 0.038316 0.047186 0.219799 -0.113644 0.043650 0.053191 -0.260056 0.167713 0.055694 0.053528 0.130584 0.133401 0.244220 0.407318 0.152795 0.081467 0.151888 -0.029162 0.076544 -0.253786 0.153056 0.300925 0.170821 -0.036309 0.218114
0.467541 0.659187 0.373914 0.411722 -0.201632 -0.276645 0.046279 0.319168 -0.032763 -0.342190 -0.032601 -0.020766 -0.060380 -0.212147 -0.167894 -0.366274 -0.372362 -0.430807 0.553762 1.000000 -0.356347 -0.297834 -0.033637 0.411661 -0.590603 -0.588324 -0.324760 -0.288899 -0.380567 -0.542973 -0.548391 -0.455500 0.058668 -0.178319 -0.142673 0.095024 0.041420 -0.304760 0.105315 0.286336 -0.042184 -0.055392 0.139818 -0.166234 -0.278933 -0.122479 0.315565 0.079897 -0.045268 -0.365487 -0.003368 0.003539 0.247989 0.237536 0.024369 -0.152263 0.360874 0.488860 0.288126 0.518643 -0.215526 0.085950 -0.124299 -0.146563 -0.628142 -0.437325 0.201844 0.118435 0.525194 0.750703 0.006037 -0.541405 -0.449803 -0.308930 -0.155369 -0.337500 -0.289694 -0.320281 -0.219176 -0.516331 -0.079507 -0.286073 0.571615 -0.096622 -0.329587 -0.513829 -0.418901 -0.398733 0.128944 -0.024577 0.252814 0.373612 0.098024 0.372978 -0.451147 -0.506311 -0.069961 -0.502536 0.354682 -0.019372 0.223838 0.324013 0.200702 0.335748 0.295126 0.156538 -0.288415 -0.241599 -0.462142 -0.276657 -0.192635 -0.091228 0.057765 0.218910 -0.034986 -0.094486
-0.278193 -0.404150 -0.239606 -0.263885 0.308051 0.159515 -0.149569 -0.243163 -0.052442 0.026858 -0.133798 -0.104395 -0.361825 -0.180547 0.105582 0.427530 0.166218 0.101496 -0.365050 -0.356347 1.000000 0.556048 -0.066394 -0.120530 0.371491 0.277866 0.477061 0.440667 0.299020 0.372687 0.457130 0.416093 0.061929 0.183413 0.351845 0.173391 0.293790 0.348633 0.032020 0.187708 0.161695 0.321866 0.296798 0.280062 0.065907 -0.173023 -0.126444 -0.044617 -0.127678 -0.133809 -0.040413 -0.200956 -0.274492 0.131823 -0.104546 0.087013 0.060370 -0.253627 -0.408099 -0.646835 -0.028845 -0.183451 0.003571 0.014698 0.463406 0.110593 -0.414966 -0.217131 -0.139747 -0.355135 0.049260 0.340098 0.321751 0.230162 0.166346 0.345119 0.342715 0.241086 -0.004238 0.075253 0.028014 0.007549 -0.141572 0.136997 0.477446 0.326731 0.589400 0.557447 -0.020425 0.040006 -0.274978 -0.213505 -0.216540 -0.280212 0.179377 0.199436 0.023275 0.425364 -0.385860 0.184076 -0.388980 -0.152464 -0.242303 -0.350576 -0.210771 -0.071270 -0.077069 0.104962 0.244461 0.189271 0.141114 0.101953 -0.090749 0.003699 0.203685 0.020683
-0.103968 -0.145033 -0.305428 -0.287599 0.112905 0.310540 -0.173219 -0.055589 -0.151191 0.231712 -0.093313 0.411589 -0.227365 0.230353 -0.056789 0.618182 0.435524 0.421777 -0.296586 -0.297834 0.556048 1.000000 -0.148371 0.118142 0.222590 0.204249 0.365766 0.498559 0.572303 0.646847 0.669390 0.677106 0.073583 0.199619 0.307824 0.241097 0.259592 0.258725 0.089278 0.126725 0.218374 0.416820 -0.206244 -0.086992 -0.149422 -0.430294 -0.391313 -0.242405 -0.347055 -0.266571 -0.445615 -0.296387 -0.458906 -0.171315 0.059770 0.091563 0.153813 -0.209422 -0.405582 -0.551686 0.153487 -0.061471 0.197274 0.270873 0.355162 0.101301 -0.416419 -0.420750 -0.271494 -0.513863 0.106815 0.564893 0.538471 0.356959 0.239496 0.408753 0.493490 0.337158 0.332174 0.288350 0.205678 0.215392 -0.214020 0.105815 0.210228 0.046160 0.514934 0.550899 -0.158245 -0.112294 -0.468413 -0.468657 -0.230432 -0.370525 0.013405 0.154274 0.034272 0.356891 -0.391009 0.031780 -0.256734 -0.096320 -0.299271 -0.298381 -0.342609 -0.190659 0.129426 0.042925 0.079931 0.034071 0.037258 0.043180 -0.117484 0.008964 0.222735 -0.103332
-0.246699 -0.139018 0.371451 0.490571 -0.182424 0.033853 0.363679 0.189107 -0.115822 -0.210052 -0.032753 -0.045456 -0.076217 0.043898 0.317760 -0.185441 -0.234476 -0.129311 -0.117185 -0.033637 -0.066394 -0.148371 1.000000 0.314659 0.300785 0.365357 -0.017422 -0.068749 -0.241933 -0.254713 -0.168118 0.119312 -0.107360 -0.006386 0.111588 0.026960 -0.197650 0.044230 -0.019234 -0.166601 -0.030001 -0.003044 -0.162929 -0.154136 -0.131912 -0.064723 -0.105123 -0.210973 -0.070125 -0.056132 0.091623 -0.183682 0.040468 -0.175380 -0.197019 -0.220559 -0.316852 -0.199496 -0.002831 -0.119628 -0.192199 -0.091004 -0.410069 -0.257179 0.124424 0.252426 -0.163896 0.154007 -0.096918 -0.015204 0.231725 0.173187 -0.341848 -0.099431 -0.246055 0.033420 -0.054737 0.187027 -0.047634 -0.198896 -0.415835 -0.280859 0.199892 0.266481 -0.005263 0.007142 -0.217604 -0.189140 0.171984 -0.069755 0.011821 0.213755 -0.046924 -0.045134 -0.112179 -0.031573 -0.020590 -0.139038 -0.093751 -0.168312 -0.011208 -0.047108 0.030921 0.033323 0.083159 0.117785 -0.118028 -0.132580 0.005731 0.024833 0.116714 -0.148501 -0.193631 -0.207431 -0.077633 0.008521
0.133847 0.085266 0.253617 0.391440 -0.181430 -0.103815 0.169643 0.291167 -0.052331 -0.074950 0.158390 0.053508 0.030818 0.287662 -0.099111 -0.048904 -0.179905 -0.112625 0.086026 0.411661 -0.120530 0.118142 0.314659 1.000000 -0.097335 -0.126420 -0.153381 -0.163644 -0.201225 -0.192773 -0.179794 -0.050700 -0.057652 0.097442 0.011049 0.271147 -0.046282 -0.393387 -0.135643 0.097549 -0.181790 -0.184034 0.023794 -0.328215 -0.212703 -0.057636 0.043656 0.182774 -0.089230 -0.315372 -0.270239 -0.222987 0.030306 0.009868 -0.138710 -0.149238 0.234394 0.042595 0.314325 0.209117 0.104041 0.334919 -0.161569 -0.038586 -0.158359 0.111828 0.165771 0.200219 -0.012677 0.155910 0.160894 -0.002165 -0.332082 -0.178081 -0.219544 0.051292 -0.002441 0.083039 -0.250572 -0.347789 -0.290868 -0.297515 -0.048008 -0.190480 -0.268595 -0.646089 -0.083868 -0.322020 0.065993 -0.171380 0.045114 0.104225 -0.077397 0.031703 -0.637319 -0.073507 -0.324885 -0.153078 -0.045532 -0.283326 -0.018013 0.361520 -0.157632 0.049499 -0.188599 -0.369869 -0.002641 -0.223633 -0.191831 -0.092686 -0.360553 -0.284831 -0.206622 -0.274547 -0.187061 -0.349245
-0.592281 -0.587496 -0.098208 -0.095432 0.085707 0.007363 -0.026146 -0.262896 0.307287 0.130463 -0.204611 -0.030525 -0.064693 0.123007 0.383927 -0.002677 0.117812 0.200047 -0.560140 -0.590603 0.371491 0.222590 0.300785 -0.097335 1.000000 0.708704 0.107163 0.073354 0.081134 0.193827 0.243558 0.324948 -0.041497 0.270173 0.324531 0.043315 -0.066574 0.265248 -0.007421 -0.103111 -0.093606 0.146136 -0.094315 0.195549 0.139995 0.199520 -0.230868 0.027673 -0.207026 0.150906 0.071590 -0.128535 -0.362623 -0.218056 -0.240843 -0.006020 -0.363622 -0.416904 -0.366556 -0.390547 -0.141909 -0.081598 -0.228320 -0.112730 0.581276 0.606565 -0.135183 0.145287 -0.351109 -0.401984 0.034540 0.389610 0.174181 0.209706 0.096431 0.278261 0.204730 0.267034 0.158621 0.277606 -0.073310 0.178642 -0.320998 0.192174 0.367116 0.398288 0.178145 0.305561 -0.042272 -0.099816 -0.189388 -0.248993 -0.020917 -0.264531 0.219204 0.187407 0.086433 0.425591 -0.329591 -0.006601 -0.068710 -0.254528 -0.086310 -0.190086 -0.143890 -0.001467 -0.045563 0.006481 0.222358 0.175066 0.359239 -0.007139 -0.176068 -0.183498 0.098325 -0.011327
-0.660581 -0.541062 -0.238532 0.023190 0.026824 0.121437 -0.060635 -0.173874 0.110560 0.169400 -0.176037 -0.063195 -0.197658 -0.012069 0.233725 0.060052 0.171323 0.125295 -0.646714 -0.588324 0.277866 0.204249 0.365357 -0.126420 0.708704 1.000000 0.152429 0.212574 0.092020 0.170881 0.295716 0.443832 -0.233754 0.191261 0.139356 -0.073200 -0.112777 0.269522 -0.103430 -0.078801 0.059290 0.194136 -0.315516 0.161764 0.140826 0.109389 -0.289303 0.001703 -0.083999 0.148407 0.123954 -0.069137 -0.356136 -0.144112 -0.251267 0.009413 -0.373612 -0.461966 -0.502887 -0.430972 -0.238109 -0.170761 -0.220432 -0.284825 0.635433 0.563327 -0.415205 0.101147 -0.496742 -0.361487 0.156472 0.406543 0.046347 0.195251 0.012249 0.081574 0.125530 0.273924 0.264765 0.184491 -0.006973 0.191398 -0.135113 0.400155 0.433009 0.570402 0.187407 0.392278 -0.142562 0.131969 -0.163539 -0.077702 -0.054112 -0.274809 0.334899 0.248694 0.059307 0.257860 -0.378576 -0.157633 -0.039953 -0.309424 -0.035262 -0.259889 -0.203191 0.077779 -0.179002 -0.032565 0.281331 0.198453 0.392341 -0.125578 -0.357934 -0.323185 -0.051337 0.118526
0.099594 -0.081671 -0.157825 -0.155427 0.672785 0.809483 0.189530 0.122165 -0.164507 0.475768 0.015349 0.112614 -0.110460 -0.039118 0.099857 0.456084 0.189793 0.164133 -0.141513 -0.324760 0.477061 0.365766 -0.017422 -0.153381 0.107163 0.152429 1.000000 0.907018 0.099776 0.199325 0.349584 0.316363 0.226811 0.334373 0.042084 0.236993 -0.030206 -0.108172 -0.346033 -0.065749 -0.178670 -0.108103 -0.040757 0.005621 -0.099942 -0.108497 -0.446170 -0.063076 -0.007162 -0.026693 -0.091132 -0.183326 -0.364795 -0.092773 -0.315718 -0.287433 0.039802 -0.046413 -0.090077 -0.320963 0.172848 0.007806 0.011343 0.114675 0.297619 0.117152 -0.169862 0.015601 -0.143272 -0.290730 -0.092357 0.255160 0.149615 0.111929 -0.025708 0.172051 0.158868 0.181457 -0.150894 0.046234 -0.172004 -0.146440 -0.256374 0.044106 0.097234 0.093095 0.363689 0.339450 -0.191364 -0.326421 -0.267984 -0.242406 -0.340040 -0.432022 -0.110263 0.192834 -0.271636 0.026812 -0.559364 -0.305045 -0.301996 -0.086414 -0.199922 -0.371275 -0.328802 -0.321067 0.045779 0.024675 0.108608 0.193183 -0.011628 -0.241820 -0.246520 -0.293921 -0.187013 0.069809
0.037338 0.026643 -0.273129 -0.150446 0.519410 0.853180 -0.002481 0.046400 -0.224642 0.485071 0.007602 0.217330 -0.167163 -0.040841 0.004052 0.549531 0.267823 0.167313 -0.145592 -0.288899 0.440667 0.498559 -0.068749 -0.163644 0.073354 0.212574 0.907018 1.000000 0.203924 0.317457 0.423074 0.375903 0.196910 0.306578 0.015009 0.250036 -0.004573 0.026381 -0.246244 -0.043070 -0.075753 0.031099 -0.193027 -0.015353 -0.213861 -0.310472 -0.468835 -0.153925 -0.088631 -0.150911 -0.149615 -0.211469 -0.392654 -0.104049 -0.200242 -0.213396 0.005487 0.026813 -0.248358 -0.334509 0.122210 0.051320 0.053506 0.204086 0.241515 0.028826 -0.325877 -0.150936 -0.137675 -0.269294 -0.033294 0.287647 0.251104 0.174244 0.077791 0.145974 0.204288 0.201788 -0.005795 0.098355 -0.017369 -0.031458 -0.215542 0.096497 0.122672 0.129152 0.453550 0.505702 -0.250129 -0.232401 -0.252497 -0.296372 -0.219755 -0.422720 -0.031811 0.120217 -0.220871 0.058042 -0.536154 -0.282146 -0.206188 -0.068028 -0.161224 -0.383367 -0.283995 -0.229748 -0.005459 -0.026892 0.062504 0.091793 0.021643 -0.160110 -0.242782 -0.134343 -0.075383 0.136228
-0.066874 -0.168066 -0.352756 -0.534247 -0.080125 0.016852 -0.391939 -0.386768 -0.098680 -0.005994 0.207249 0.219278 0.099054 0.187936 -0.014015 0.388833 0.808755 0.715864 -0.134526 -0.380567 0.299020 0.572303 -0.241933 -0.201225 0.081134 0.092020 0.099776 0.203924 1.000000 0.816222 0.656939 0.524355 0.228761 0.134872 0.232243 -0.063368 0.385993 0.325964 0.151241 -0.009328 0.365102 0.388905 -0.115919 0.090150 0.314239 -0.286785 -0.173818 -0.315414 -0.208139 0.195792 -0.335821 -0.095868 -0.475364 -0.439892 0.198118 0.250640 0.098574 -0.096572 -0.367815 -0.592369 0.303125 -0.213627 0.620355 0.442234 0.129858 -0.154150 -0.256796 -0.647552 -0.379823 -0.701896 0.182297 0.505243 0.834685 0.623262 0.557062 0.518740 0.730344 0.577815 0.569583 0.695476 0.532406 0.665956 -0.231347 -0.091474 0.174674 0.189616 0.410800 0.313872 -0.235471 -0.103077 -0.622246 -0.649608 -0.411716 -0.538506 0.312468 0.196768 0.151973 0.392117 -0.141328 0.076580 -0.350105 -0.389515 -0.311451 -0.443811 -0.239792 -0.097864 0.285430 0.285861 0.226511 0.127999 -0.027818 0.074630 -0.056796 -0.019957 0.275325 -0.080885
-0.177508 -0.345710 -0.493903 -0.542230 0.020700 0.181911 -0.408870 -0.419546 -0.067297 0.267130 0.121526 0.311064 0.072731 0.367502 -0.096259 0.503758 0.684429 0.674252 -0.250921 -0.542973 0.372687 0.646847 -0.254713 -0.192773 0.193827 0.170881 0.199325 0.317457 0.816222 1.000000 0.703168 0.575574 0.282336 0.227246 0.305409 0.047723 0.326312 0.348793 0.141259 -0.033168 0.278927 0.356836 -0.096883 0.038617 0.163416 -0.321960 -0.186974 -0.358243 -0.298315 0.152883 -0.448334 -0.259197 -0.459882 -0.398537 0.214623 0.321391 0.086015 -0.123239 -0.345905 -0.667413 0.354225 -0.004926 0.496822 0.504178 0.260863 0.048445 -0.287376 -0.553450 -0.344122 -0.743933 0.067414 0.623967 0.815039 0.648583 0.529743 0.575314 0.744292 0.579668 0.510894 0.695742 0.435843 0.456179 -0.411316 -0.147981 0.118908 0.180624 0.545987 0.473117 -0.191845 -0.048351 -0.575522 -0.685903 -0.208327 -0.485883 0.221129 0.310299 0.102993 0.524179 -0.320866 0.023940 -0.325015 -0.342831 -0.352505 -0.406374 -0.349277 -0.200920 0.389325 0.337212 0.195572 0.062169 0.006106 0.048553 -0.042702 -0.042541 0.319304 -0.084367
-0.062615 -0.152591 -0.314054 -0.295614 0.171765 0.236923 -0.115212 -0.088807 -0.033687 0.262122 0.103489 0.348622 -0.053531 0.162931 -0.141991 0.456401 0.605595 0.540329 -0.245392 -0.548391 0.457130 0.669390 -0.168118 -0.179794 0.243558 0.295716 0.349584 0.423074 0.656939 0.703168 1.000000 0.817324 0.271582 0.484538 0.301047 0.119936 0.059945 0.235708 -0.070150 -0.111567 0.100516 0.136666 -0.231555 0.003338 -0.019478 -0.226884 -0.447219 -0.254080 -0.398491 -0.025192 -0.496366 -0.374666 -0.530989 -0.325397 -0.090287 0.077265 0.109263 -0.111382 -0.370265 -0.633780 0.310832 -0.197014 0.477941 0.396201 0.476306 0.143880 -0.313384 -0.413686 -0.332898 -0.666029 0.046487 0.607595 0.648209 0.487716 0.289659 0.410094 0.509175 0.463635 0.446273 0.643559 0.311114 0.415392 -0.387320 -0.020038 0.076360 0.166320 0.448804 0.455783 -0.254704 -0.178406 -0.469315 -0.604163 -0.319325 -0.529890 0.289059 0.331071 -0.079818 0.362553 -0.469201 -0.104729 -0.525975 -0.304354 -0.406484 -0.492287 -0.410719 -0.223579 0.169324 0.202574 0.298278 0.125083 -0.079172 -0.010517 -0.114682 -0.105061 0.097883 -0.026128
-0.221423 -0.259441 -0.186615 -0.108938 0.087005 0.192177 0.030237 0.040543 -0.040866 0.188383 -0.125896 0.372212 -0.209438 0.197459 -0.081096 0.403271 0.482899 0.488563 -0.376185 -0.455500 0.416093 0.677106 0.119312 -0.050700 0.324948 0.443832 0.316363 0.375903 0.524355 0.575574 0.817324 1.000000 0.059541 0.539207 0.295457 0.125275 0.066887 0.160197 -0.103494 -0.116184 0.066363 0.188598 -0.364632 -0.101106 -0.091090 -0.289925 -0.499601 -0.315583 -0.377041 -0.032427 -0.433113 -0.358310 -0.508960 -0.350538 -0.274354 -0.081168 0.087399 -0.213462 -0.454472 -0.563928 0.111331 -0.208645 0.223306 0.206929 0.411289 0.278183 -0.462057 -0.324415 -0.449587 -0.578601 0.261088 0.643687 0.416831 0.401174 0.136350 0.406305 0.451279 0.539380 0.484816 0.484516 0.240987 0.351425 -0.131023 0.200486 0.080807 0.216151 0.309092 0.452810 -0.279047 -0.220946 -0.420119 -0.478593 -0.278821 -0.527580 0.219073 0.165411 -0.058785 0.323666 -0.391735 -0.156913 -0.436270 -0.334411 -0.398421 -0.401220 -0.388037 -0.152001 0.127937 0.160344 0.147679 -0.003022 0.001015 -0.068424 -0.256594 -0.166102 0.188027 -0.116307
0.397208 0.275296 0.032502 -0.211333 0.108410 0.075586 -0.131523 -0.154671 0.018919 -0.004831 0.162136 0.003572 0.204349 0.104597 -0.069604 -0.146554 0.329968 0.380514 0.302892 0.058668 0.061929 0.073583 -0.107360 -0.057652 -0.041497 -0.233754 0.226811 0.196910 0.228761 0.282336 0.271582 0.059541 1.000000 0.352921 0.208743 0.001017 0.137067 -0.134333 0.072478 0.177807 -0.048604 -0.032282 0.020452 -0.093256 -0.001440 -0.077518 0.077129 -0.183688 -0.296242 0.079269 -0.268835 -0.317862 -0.306623 -0.368653 -0.116657 -0.035436 0.219639 0.401550 0.190762 -0.219727 0.361052 -0.010863 0.378992 0.465524 -0.121361 -0.112731 0.282137 -0.143149 0.197233 -0.160646 -0.147866 0.083559 0.362018 0.440970 0.410640 0.221283 0.460285 0.257743 0.093596 0.370245 0.082789 0.162029 -0.284314 -0.484737 -0.294622 -0.264898 0.088686 -0.059324 -0.029826 -0.410389 -0.449530 -0.499337 -0.306599 -0.348127 -0.200298 0.022409 -0.130499 -0.056534 -0.246657 -0.218616 -0.300217 -0.277860 -0.121714 -0.191513 -0.007286 -0.101764 0.006263 -0.023661 -0.158534 0.091044 -0.209522 -0.290183 -0.084447 -0.051011 0.041838 -0.124673
-0.023315 -0.054918 0.000530 0.052081 0.357153 0.159336 0.046010 0.122012 0.293215 0.233226 -0.055649 0.086818 -0.003090 0.125352 -0.191909 0.038201 0.283889 0.188037 -0.098663 -0.178319 0.183413 0.199619 -0.006386 0.097442 0.270173 0.191261 0.334373 0.306578 0.134872 0.227246 0.484538 0.539207 0.352921 1.000000 0.334985 0.432174 -0.141061 -0.195401 -0.265567 -0.109154 -0.192751 -0.172789 0.020267 -0.025998 -0.104972 0.007463 -0.345417 0.018953 -0.461287 -0.006473 -0.413726 -0.463099 -0.426367 -0.416970 -0.493377 -0.337096 0.181096 0.094198 -0.030695 -0.187686 0.222815 0.009759 0.168246 0.159317 0.263952 0.329873 0.132161 0.192414 -0.187996 -0.210765 0.051264 0.245830 0.163917 0.233132 0.033512 0.222715 0.309217 0.423642 0.156035 0.326995 0.059234 0.112610 -0.322819 -0.212489 -0.202023 -0.216405 0.156706 0.045115 -0.269853 -0.592052 -0.321034 -0.514808 -0.367942 -0.574577 -0.133524 -0.000819 -0.265155 0.106408 -0.463697 -0.500195 -0.547398 -0.309452 -0.515321 -0.492339 -0.387895 -0.340609 0.109919 0.088715 -0.041230 -0.104217 -0.109636 -0.412341 -0.410776 -0.374170 0.073789 -0.172915
-0.167549 -0.259886 -0.072305 -0.142738 0.092437 -0.113803 -0.244468 -0.208084 0.182640 -0.075415 -0.043395 0.009411 -0.131523 -0.054530 0.040062 0.089405 0.151513 0.174323 -0.191037 -0.142673 0.351845 0.307824 0.111588 0.011049 0.324531 0.139356 0.042084 0.015009 0.232243 0.305409 0.301047 0.295457 0.208743 0.334985 1.000000 0.481418 0.235290 0.171912 0.258055 0.166252 0.128170 0.316117 0.144432 -0.006933 -0.101050 -0.192696 -0.146410 -0.215660 -0.389459 -0.099128 -0.243624 -0.321688 -0.239994 -0.310959 -0.038030 0.112701 0.099214 -0.151936 -0.067544 -0.364741 0.023826 -0.115871 0.083997 0.056970 0.332154 0.300710 0.087050 0.092010 -0.103889 -0.236836 0.173639 0.331074 0.183718 0.268299 0.086435 0.287332 0.437254 0.376581 0.116193 0.212428 -0.137998 0.007858 -0.074225 -0.038767 0.108050 -0.022637 0.131781 0.131667 -0.095965 -0.234479 -0.488798 -0.358697 -0.301524 -0.426971 -0.084517 0.031220 0.087261 0.178095 -0.344840 -0.102019 -0.583088 -0.447457 -0.593343 -0.416464 -0.158529 -0.035508 0.181653 0.080915 0.177909 -0.008770 0.102535 -0.139939 -0.249313 -0.159729 0.351478 -0.068044
0.027493 0.007257 -0.040596 0.122071 0.311226 0.287404 -0.061274 0.095083 0.091950 0.196351 0.052170 0.084485 -0.094911 -0.045080 -0.220369 0.216207 -0.043539 -0.165566 -0.074001 0.095024 0.173391 0.241097 0.026960 0.271147 0.043315 -0.073200 0.236993 0.250036 -0.063368 0.047723 0.119936 0.125275 0.001017 0.432174 0.481418 1.000000 -0.051211 0.038224 -0.133181 -0.020957 0.061175 0.064393 0.238986 -0.115593 -0.374365 -0.125335 -0.234149 0.030221 -0.292443 -0.257085 -0.258455 -0.360593 -0.032630 0.024555 -0.158201 -0.178972 0.241941 -0.013392 0.138530 0.004808 0.111247 0.260105 -0.039402 0.119286 0.105303 0.201146 0.049880 0.301701 -0.011197 0.063784 0.000846 0.079652 -0.058454 0.057014 -0.089374 0.234945 0.120099 0.165228 -0.111468 -0.151196 -0.192547 -0.240539 -0.063245 0.024650 -0.113167 -0.352394 0.143645 0.064408 -0.123071 -0.324319 -0.096042 -0.208498 -0.159340 -0.279261 -0.439322 -0.105553 -0.203894 -0.107858 -0.265709 -0.403353 -0.358558 -0.136641 -0.424021 -0.433085 -0.413502 -0.357575 -0.004929 -0.233455 -0.014233 -0.243570 -0.196333 -0.270641 -0.229630 -0.254158 0.018373 -0.080433
