1.000000 0.470720 0.149261 -0.202850 0.201160 -0.020573 0.190315 0.031941 0.295821 0.231936 0.139446 0.125156 0.199728 0.029251 0.250652 0.128211 0.283289 0.221275 0.249055 0.233629 0.028261 -0.058897 0.005802 -0.218660 -0.195323 -0.336367 0.125463 0.086565 0.176059 -0.034249 -0.259186 -0.321119 0.304525 0.164437 -0.301480 -0.151396 -0.081036 -0.300201 -0.098540 -0.441801 -0.336641 -0.339870 -0.415400 -0.402604 -0.146015 -0.188915 -0.501421 -0.437336 0.189518 -0.131599 -0.158791 -0.027327 0.168261 -0.142609 -0.177782 -0.348518 0.259404 0.066296 0.631740 0.248518 0.582774 0.535403 0.302559 0.517348 0.118221 0.335448 0.066403 -0.223589 0.230680 0.129811 0.088605 -0.281009 0.014260 -0.079609 0.064918 0.274207 0.144183 -0.088687 -0.034650 -0.043264 0.119093 -0.024623 -0.036259 -0.217056 -0.029507 -0.319949 0.135387 -0.038802 0.125655 -0.018320 0.033040 0.094044 -0.159408 0.123591 -0.302570 -0.322235 -0.328146 -0.333784 -0.414213 -0.316052 -0.093737 -0.056899 0.015868 -0.066156 -0.236891 -0.165567 -0.021454 0.071948 -0.028872 -0.117871 -0.394078 -0.338854 -0.143246 0.192239 -0.280644 0.069827
0.470720 1.000000 -0.051740 -0.224948 0.320072 0.130625 -0.105729 0.157017 0.394842 0.405108 -0.173455 0.355468 -0.008349 0.089631 0.116528 0.126174 0.307931 0.458331 -0.050845 0.135791 0.255509 0.016203 -0.295117 -0.394945 -0.201322 -0.425441 0.204217 0.113851 0.075595 -0.013918 -0.549522 -0.417209 0.234177 0.237274 -0.373631 -0.210379 -0.136552 -0.026121 -0.217265 -0.374063 -0.368289 -0.248715 -0.365899 -0.213553 -0.017984 0.038970 -0.270994 -0.212443 0.150783 -0.029576 -0.134915 0.094957 -0.038453 -0.303201 -0.132036 -0.097990 0.130259 0.118916 0.372147 0.256674 0.355254 0.585741 0.431773 0.492970 -0.067985 0.387223 -0.061584 -0.172039 0.171190 0.082205 0.227239 0.082932 0.144246 -0.056570 0.140974 0.286958 0.235155 -0.008900 0.056571 0.018989 0.494175 0.212494 -0.250658 -0.099149 -0.156790 -0.200354 0.009870 -0.238504 -0.091238 -0.136928 0.043428 -0.127026 -0.168083 -0.166275 -0.150687 -0.038052 -0.028059 -0.026008 -0.124656 -0.082033 -0.063482 -0.157452 0.000011 -0.094532 -0.159516 -0.102376 -0.062833 -0.050105 0.143780 -0.120265 -0.341429 -0.314248 -0.105121 0.141985 -0.141410 0.105810
0.149261 -0.051740 1.000000 0.408443 0.263074 0.192475 0.449195 0.401815 0.263936 0.163242 0.232179 0.146794 0.203310 0.195885 0.334341 0.316740 -0.118893 0.061759 0.390761 0.141469 0.108600 0.089947 0.309241 0.066938 0.175897 0.156766 0.225813 0.234629 0.177985 0.061235 0.084129 0.157482 -0.220063 0.027001 0.080725 0.320936 -0.301513 -0.207869 -0.071493 -0.086427 0.075590 0.067355 -0.304402 -0.394716 -0.415502 -0.286614 -0.390235 -0.401362 -0.213958 -0.488158 -0.109351 -0.320980 0.022650 -0.158266 -0.138774 -0.336890 -0.200796 -0.363929 0.110326 -0.242136 0.327478 -0.001618 -0.210536 -0.124777 0.562011 0.287224 -0.315614 -0.144874 -0.158363 -0.038196 0.282298 0.097597 0.044529 -0.064400 0.141027 0.043671 -0.050074 0.088713 -0.173430 -0.052601 -0.218057 -0.425925 0.213448 -0.095257 0.309873 0.096948 -0.028595 0.119074 0.373213 0.193539 -0.145776 -0.172136 0.322378 0.317458 -0.291304 -0.143005 -0.390358 -0.332776 -0.572233 -0.539320 0.246049 0.173047 -0.141426 -0.028894 -0.287704 -0.095128 -0.016590 0.113822 -0.167886 0.087276 -0.060855 -0.444145 -0.598623 0.093957 0.110862 0.018419
-0.202850 -0.224948 0.408443 1.000000 -0.268512 -0.148129 0.529759 0.656615 -0.267326 -0.115863 0.456825 0.106132 0.393258 0.450499 0.137339 0.342530 -0.041468 0.087424 0.175658 -0.034501 -0.210323 -0.116988 0.594331 0.628898 0.192534 0.367023 -0.289768 -0.132090 0.111753 0.190854 0.430973 0.537628 -0.523640 -0.227555 0.336780 0.435602 0.171271 0.010309 0.326249 0.363053 0.503007 0.149387 -0.368564 -0.488898 -0.596256 -0.621292 -0.337018 -0.428325 -0.603038 -0.644932 -0.363428 -0.683334 -0.149414 -0.144259 0.054094 -0.177816 -0.212566 -0.321518 -0.226876 -0.418275 0.059441 -0.255647 -0.338209 -0.419060 0.561217 0.230217 -0.502738 -0.339602 -0.266546 -0.148290 0.161651 0.030530 0.087148 0.229313 0.209475 0.218919 0.069656 0.350018 -0.103331 0.157288 -0.111522 -0.148015 0.352265 0.192601 0.445039 0.367120 0.051256 0.295852 0.537297 0.493931 -0.275207 -0.395057 0.579313 0.395551 0.098455 0.137802 -0.426231 -0.201963 -0.587951 -0.501285 0.332457 0.312977 0.005701 -0.043422 -0.154373 0.048947 0.005766 0.104774 0.104267 0.044052 0.026977 -0.080631 -0.156019 0.134486 0.370229 0.247332
0.201160 0.320072 0.263074 -0.268512 1.000000 0.788922 -0.032666 0.004121 0.857303 0.674266 -0.134834 0.320827 -0.125849 -0.043993 0.488464 0.411951 0.152803 0.422300 -0.078407 0.203733 0.520519 0.514494 -0.313851 -0.418806 -0.099079 -0.286752 0.877657 0.718792 0.097010 0.090000 -0.455881 -0.410585 0.078060 0.168504 -0.258902 -0.069409 -0.486721 -0.103378 -0.301381 -0.297009 -0.455778 0.029648 -0.137011 -0.087515 0.091403 0.186656 -0.110438 0.089329 0.343587 0.053198 0.285731 0.207648 0.150418 0.074447 -0.277900 -0.209542 -0.118497 -0.203986 0.190411 0.057237 0.301226 0.336775 0.200340 0.364651 0.159459 0.146401 -0.113400 -0.226373 -0.160320 -0.204007 0.201964 0.163793 0.211950 0.127606 0.366048 0.069332 0.051884 -0.397141 0.064600 0.154720 0.252046 0.158477 -0.313593 -0.138950 -0.134868 -0.079124 -0.067516 -0.279560 -0.297330 -0.320612 0.002206 0.075767 -0.295276 -0.377456 -0.352020 -0.308101 -0.010603 -0.166891 -0.051458 -0.115932 -0.227317 -0.390802 -0.410021 -0.282041 -0.414431 -0.208045 -0.145743 -0.384770 -0.145314 0.063205 -0.279229 -0.382184 -0.466123 -0.125947 -0.133485 -0.137371
-0.020573 0.130625 0.192475 -0.148129 0.788922 1.000000 -0.231477 -0.040482 0.765895 0.644750 -0.260508 0.173603 -0.298573 -0.205954 0.280512 0.340299 0.133621 0.187030 -0.043657 0.137564 0.590408 0.630184 -0.282084 -0.429205 0.023001 0.000841 0.847039 0.825619 -0.099893 0.003856 -0.284014 -0.266240 0.067892 -0.020615 0.020461 0.011028 -0.467792 -0.126151 -0.244343 -0.023531 -0.246981 0.069143 -0.109740 -0.021146 0.075191 0.230491 -0.030781 0.132295 0.238910 0.019769 0.361066 0.163017 0.039169 0.068219 -0.143305 -0.076190 -0.027730 -0.037848 -0.005342 0.003303 0.026997 0.010462 0.085907 0.183390 0.121057 0.011940 -0.106146 -0.137030 -0.229150 -0.187007 0.136598 0.216677 0.038756 0.010620 0.205610 -0.033876 -0.114802 -0.313969 0.198106 0.271809 0.146283 0.212635 -0.237679 -0.181180 0.049287 0.243062 -0.046035 -0.092393 -0.289553 -0.227539 -0.157034 -0.124024 -0.253960 -0.529762 -0.180094 -0.092097 0.161211 0.014450 0.041194 -0.055363 -0.143137 -0.476799 -0.352075 -0.362561 -0.331716 -0.117306 -0.118569 -0.412623 -0.120054 0.135797 -0.112387 -0.263290 -0.416987 -0.036812 0.003524 -0.076428
0.190315 -0.105729 0.449195 0.529759 -0.032666 -0.231477 1.000000 0.742296 -0.103489 0.048983 0.530371 0.266153 0.747454 0.584615 0.431284 0.526699 -0.084684 0.301445 0.313674 0.080568 -0.398328 -0.269025 0.259560 0.440896 0.022358 0.214113 -0.317541 -0.368388 0.415355 0.403563 0.303867 0.462111 -0.281579 0.260359 0.035428 0.239416 0.040532 -0.234376 0.056219 -0.135958 0.211881 -0.021346 -0.225307 -0.441945 -0.445975 -0.503419 -0.328937 -0.367012 -0.207866 -0.385268 -0.226575 -0.281493 0.223922 0.066647 -0.200469 -0.435291 -0.405185 -0.575757 -0.057511 -0.498055 0.463799 0.269742 -0.182715 -0.176039 0.381906 0.545334 -0.460513 -0.354092 -0.299377 -0.176365 0.001486 -0.183301 0.373033 0.306834 0.284794 0.256174 0.201324 0.278445 -0.295938 -0.158317 -0.136358 -0.455713 0.051008 0.369312 0.052639 -0.069520 -0.319399 0.107891 0.319382 0.196723 0.011523 0.136684 0.416628 0.469249 -0.185962 -0.049522 -0.643155 -0.344421 -0.565046 -0.633730 0.185108 0.252948 -0.287024 -0.054772 -0.316722 -0.252569 -0.171704 0.033780 -0.105714 -0.077011 -0.181777 -0.227619 -0.199774 0.127935 -0.043245 0.008951
0.031941 0.157017 0.401815 0.656615 0.004121 -0.040482 0.742296 1.000000 -0.077180 0.191337 0.300797 0.407244 0.538729 0.654153 0.236225 0.565096 -0.084230 0.380014 0.226106 0.119740 -0.203611 -0.108018 0.087035 0.269494 -0.017973 0.241904 -0.225015 -0.299738 0.297106 0.524072 0.182420 0.432926 -0.191528 0.276751 0.024008 0.205058 0.045717 -0.279412 0.117322 0.026210 0.344169 -0.006203 -0.373992 -0.509343 -0.505418 -0.475423 -0.381141 -0.433440 -0.308431 -0.494694 -0.274855 -0.393570 0.044731 -0.074034 -0.142823 -0.448096 -0.309116 -0.507641 -0.067308 -0.426689 0.382729 0.316746 -0.111909 -0.141206 0.311167 0.608044 -0.475157 -0.341799 -0.279471 -0.163647 0.121942 0.011535 0.421469 0.181720 0.341103 0.392448 0.183758 0.345967 -0.271238 0.012499 -0.017817 -0.271335 -0.046238 0.331332 0.048599 0.100419 -0.383261 0.068701 0.189442 0.134383 -0.032638 -0.151770 0.491876 0.275950 -0.096456 0.089739 -0.570183 -0.238281 -0.537153 -0.627122 0.307103 0.261500 -0.157161 -0.056824 -0.229750 -0.061744 -0.043063 0.072354 0.146178 -0.106249 -0.237598 -0.318212 -0.251987 0.165949 0.166282 0.113292
0.295821 0.394842 0.263936 -0.267326 0.857303 0.765895 -0.103489 -0.077180 1.000000 0.782056 -0.174698 0.337763 -0.209547 -0.168847 0.479836 0.440731 0.157065 0.369902 -0.063191 0.172754 0.595722 0.599504 -0.305732 -0.577049 -0.273218 -0.410366 0.836605 0.717478 0.158159 0.064038 -0.541993 -0.488591 -0.002332 -0.014629 -0.191860 -0.067748 -0.513518 -0.123300 -0.456106 -0.378400 -0.439149 0.026406 -0.250703 -0.121730 0.149496 0.263772 -0.148668 -0.055640 0.370837 0.074695 0.249813 0.238826 0.071829 0.023520 -0.233621 -0.103400 -0.076418 -0.144610 0.188458 -0.010636 0.235997 0.302059 0.111464 0.268079 0.177822 0.203145 -0.189325 -0.251297 -0.176230 -0.112086 0.330376 0.226830 0.182623 0.173520 0.255953 0.130235 0.010262 -0.301225 0.159803 0.087958 0.185026 0.096609 -0.278776 -0.175194 -0.054651 0.039212 0.015644 -0.153159 -0.244320 -0.141336 -0.026409 0.051330 -0.209774 -0.256196 -0.282439 -0.308021 -0.004477 -0.117838 -0.027327 -0.114755 -0.159936 -0.341868 -0.270534 -0.251046 -0.323107 -0.157062 -0.119202 -0.285879 -0.076111 0.052482 -0.349704 -0.429282 -0.463113 -0.042694 -0.160814 -0.081154
0.231936 0.405108 0.163242 -0.115863 0.674266 0.644750 0.048983 0.191337 0.782056 1.000000 -0.013952 0.510610 -0.006576 0.032922 0.415389 0.615991 0.098976 0.433670 -0.136784 -0.045702 0.335458 0.414277 -0.358760 -0.462307 -0.243965 -0.292001 0.609534 0.462500 0.199611 0.199458 -0.428549 -0.337272 -0.026954 0.003275 -0.103867 -0.019312 -0.359900 -0.207142 -0.334345 -0.285869 -0.328637 -0.068872 -0.339122 -0.249095 -0.006273 0.108513 -0.211250 -0.105902 0.302563 -0.016282 0.216215 0.240376 0.138323 0.140421 -0.179225 -0.083802 -0.255129 -0.324972 0.112269 -0.142898 0.297962 0.358412 0.095055 0.145385 0.156973 0.460654 -0.291543 -0.322579 -0.296904 -0.295276 0.231297 0.059983 0.206771 0.203085 0.253018 0.189357 0.139551 -0.225635 0.072578 0.105217 0.126168 0.085521 -0.366001 -0.078516 -0.033202 0.207297 -0.202009 -0.115734 -0.178568 -0.030917 -0.049145 0.025002 -0.070333 -0.184460 -0.230439 -0.151045 -0.157551 -0.027393 -0.086130 -0.256641 -0.102755 -0.203139 -0.273335 -0.206313 -0.275891 -0.083095 -0.179035 -0.322767 0.063035 -0.115394 -0.392120 -0.407085 -0.466005 0.080087 -0.144018 -0.011628
0.139446 -0.173455 0.232179 0.456825 -0.134834 -0.260508 0.530371 0.300797 -0.174698 -0.013952 1.000000 0.283656 0.634321 0.539578 0.448709 0.368927 0.118287 0.261566 0.259834 -0.206483 -0.396972 -0.319391 0.432692 0.534201 0.091739 0.063218 -0.262902 -0.207743 0.441564 0.217222 0.404005 0.310693 -0.374400 -0.141258 0.314547 0.322440 0.118297 -0.152697 0.182667 0.163643 0.194246 0.003771 -0.190314 -0.382134 -0.415441 -0.544274 -0.147167 -0.232990 -0.165568 -0.334886 -0.060310 -0.267756 0.172187 0.147608 0.128477 -0.103011 -0.389916 -0.420234 -0.099228 -0.354541 0.233209 -0.003495 -0.150565 -0.146170 0.442433 0.302952 -0.336253 -0.453037 -0.316013 -0.359956 0.054972 -0.268055 0.152089 0.237904 0.165415 0.221267 0.288037 0.103936 -0.045956 0.136875 -0.126209 -0.181102 0.405524 0.180543 0.380856 0.056419 0.094079 0.067414 0.496471 0.482296 -0.363564 -0.147563 0.260780 0.368436 -0.124322 -0.069261 -0.518771 -0.408013 -0.486573 -0.510241 -0.105718 0.185641 -0.252436 -0.170323 -0.268088 -0.097472 -0.325622 -0.167531 -0.067319 -0.170375 -0.279742 -0.171068 -0.367417 0.024439 0.064888 0.206945
0.125156 0.355468 0.146794 0.106132 0.320827 0.173603 0.266153 0.407244 0.337763 0.510610 0.283656 1.000000 0.230448 0.587673 0.513359 0.739094 -0.050938 0.655334 0.117983 0.247859 0.212862 0.227376 -0.349649 -0.188480 -0.280597 -0.218334 0.216508 0.058749 0.539332 0.631040 -0.125657 0.055687 -0.077733 0.319009 -0.221965 -0.190830 -0.125870 -0.428699 -0.204381 -0.266341 -0.095214 0.113258 -0.143189 -0.201089 -0.057845 -0.055282 -0.171346 -0.051790 0.165818 -0.039266 0.196024 0.140927 0.226259 0.232625 -0.187887 -0.289253 -0.373023 -0.636629 -0.117248 -0.359618 0.274308 0.417301 0.111392 0.046576 0.006366 0.474148 -0.484554 -0.448230 -0.389683 -0.460602 0.120403 0.087389 0.567517 0.262020 0.361813 0.381690 0.192333 -0.024786 -0.037084 0.115510 0.116266 -0.025420 -0.175734 0.420751 -0.317723 0.085847 -0.273627 0.031420 -0.276046 0.044636 0.020980 0.108387 0.071698 0.037053 -0.436215 -0.192574 -0.455829 -0.334725 -0.112257 -0.384905 0.002246 0.108966 -0.250652 -0.090204 -0.264065 0.008698 -0.088712 -0.203677 0.166777 -0.257984 -0.553795 -0.566901 -0.449215 0.116347 0.057956 0.009010
0.199728 -0.008349 0.203310 0.393258 -0.125849 -0.298573 0.747454 0.538729 -0.209547 -0.006576 0.634321 0.230448 1.000000 0.694813 0.358084 0.392521 -0.014404 0.373480 0.201513 -0.009313 -0.549581 -0.483911 0.212883 0.446220 -0.020716 0.116445 -0.442120 -0.415023 0.433656 0.290283 0.256849 0.346041 -0.158897 0.293753 0.018809 0.189295 0.142615 -0.180455 0.122178 0.028762 0.091985 0.025771 -0.264065 -0.421753 -0.384875 -0.453621 -0.322294 -0.376626 -0.128330 -0.255427 -0.132819 -0.176548 0.184072 0.046358 -0.061795 -0.300310 -0.397021 -0.419122 0.107574 -0.250336 0.548572 0.394100 0.153133 0.031303 0.294632 0.469229 -0.192027 -0.246910 -0.158028 -0.206651 -0.091437 -0.356379 0.294170 0.162469 0.306142 0.061481 0.190067 0.117428 -0.223760 -0.097469 0.003653 -0.247562 0.028483 0.424919 0.049358 -0.151844 -0.324073 -0.058217 0.278984 0.266711 -0.196177 -0.013369 0.225747 0.204377 -0.108191 -0.080849 -0.557124 -0.394230 -0.544157 -0.604090 -0.049941 0.148387 -0.285688 -0.243659 -0.320456 -0.307565 -0.234908 -0.013179 -0.182562 -0.216737 -0.207167 -0.240933 -0.173485 -0.045243 -0.142422 0.010394
0.029251 0.089631 0.195885 0.450499 -0.043993 -0.205954 0.584615 0.654153 -0.168847 0.032922 0.539578 0.587673 0.694813 1.000000 0.353879 0.580013 -0.000729 0.570128 0.237651 0.045745 -0.218984 -0.244657 0.060483 0.268447 0.035485 0.029226 -0.279989 -0.363039 0.461857 0.514126 0.274273 0.369025 -0.199319 0.229975 -0.034476 0.053420 0.099183 -0.313911 0.140880 -0.061844 0.190467 0.150282 -0.151710 -0.319832 -0.315801 -0.397992 -0.156573 -0.193378 -0.067171 -0.262142 0.012262 -0.146167 0.179923 0.158499 0.019983 -0.338219 -0.433207 -0.595143 -0.109789 -0.386723 0.335778 0.326972 0.123193 -0.071517 0.166761 0.442862 -0.439483 -0.443536 -0.356295 -0.390323 0.017789 -0.088810 0.496455 0.173680 0.412571 0.289929 0.233979 0.089484 -0.252803 0.066215 -0.014160 -0.175159 0.016731 0.480499 -0.072285 -0.032606 -0.291110 -0.000256 0.103407 0.254216 -0.040714 0.047298 0.306691 0.152517 -0.239513 -0.111009 -0.537197 -0.452698 -0.340884 -0.493146 0.025147 0.289652 -0.189151 -0.093979 -0.262271 -0.107167 -0.121908 0.020785 0.043279 -0.321667 -0.403514 -0.395987 -0.232407 0.065856 0.090230 0.037157
0.250652 0.116528 0.334341 0.137339 0.488464 0.280512 0.431284 0.236225 0.479836 0.415389 0.448709 0.513359 0.358084 0.353879 1.000000 0.648366 -0.007266 0.419649 0.314233 0.220854 0.111793 0.117295 0.020677 0.083772 -0.030152 -0.069923 0.327650 0.272583 0.477286 0.271420 -0.039291 0.054144 -0.138534 0.232738 -0.142642 0.040429 -0.125032 -0.256526 -0.007129 -0.221138 -0.254821 0.156343 -0.344403 -0.435709 -0.271566 -0.234226 -0.338827 -0.241711 0.037127 -0.157800 0.064375 -0.011943 0.155919 0.186133 -0.223682 -0.338914 -0.288467 -0.501348 0.006171 -0.303853 0.394306 0.302846 0.049647 0.153833 0.352564 0.329794 -0.362613 -0.432171 -0.249397 -0.249587 0.054532 -0.105515 0.297009 0.254342 0.362038 0.275100 0.262764 -0.055911 0.044289 0.028173 0.162000 -0.049133 0.278179 0.406857 0.035784 0.127676 0.006584 0.179423 0.152359 0.221272 -0.178302 0.050478 -0.070990 0.104687 -0.505170 -0.446063 -0.493456 -0.491031 -0.412325 -0.534394 -0.285849 -0.100969 -0.527551 -0.286966 -0.462684 -0.240780 -0.251485 -0.309623 -0.157308 -0.140511 -0.400881 -0.546622 -0.479906 -0.094313 -0.145203 -0.139197
0.128211 0.126174 0.316740 0.342530 0.411951 0.340299 0.526699 0.565096 0.440731 0.615991 0.368927 0.739094 0.392521 0.580013 0.648366 1.000000 -0.017586 0.565153 0.207734 0.183127 0.090956 0.256867 -0.110363 -0.016071 -0.072808 -0.005767 0.224217 0.102127 0.527941 0.640596 0.109168 0.260968 -0.280440 0.110722 -0.016057 -0.006301 -0.089903 -0.338253 -0.143514 -0.190649 0.029544 0.214268 -0.306294 -0.373807 -0.207609 -0.285026 -0.207371 -0.240488 0.060928 -0.162506 0.186853 0.007758 0.248922 0.300836 -0.099187 -0.309578 -0.486329 -0.700205 -0.204165 -0.606756 0.273545 0.249343 -0.086163 -0.146880 0.266857 0.475531 -0.657982 -0.657690 -0.577046 -0.521978 0.115233 -0.017703 0.539008 0.419939 0.462532 0.368613 0.147483 -0.012518 -0.089937 0.067275 -0.048830 -0.124930 -0.090347 0.407229 -0.021139 0.255036 -0.215085 0.168134 -0.052494 0.282094 -0.080169 0.022617 0.295699 0.070856 -0.361037 -0.201222 -0.557962 -0.377804 -0.300335 -0.560889 0.050170 0.052582 -0.346002 -0.216634 -0.361753 -0.088065 -0.130294 -0.207420 0.087371 -0.130850 -0.553432 -0.524947 -0.469464 0.081530 0.078899 0.038125
0.283289 0.307931 -0.118893 -0.041468 0.152803 0.133621 -0.084684 -0.084230 0.157065 0.098976 0.118287 -0.050938 -0.014404 -0.000729 -0.007266 -0.017586 1.000000 0.271707 -0.108373 -0.061062 0.010199 0.007325 0.140241 -0.139584 -0.087205 -0.232981 0.162552 0.163063 0.221729 -0.192092 -0.040910 -0.143006 0.099546 -0.172329 -0.066756 -0.030334 0.111125 0.072090 -0.122007 -0.094402 -0.196169 -0.118838 -0.199666 -0.219530 -0.142895 -0.272261 -0.048672 -0.155111 -0.114858 -0.095799 -0.115495 -0.120880 -0.165521 -0.159871 -0.053339 -0.109067 0.376873 0.357990 0.118314 0.165010 0.133485 -0.006588 0.425815 0.401776 0.210464 0.055192 0.024103 -0.308015 0.107905 0.079119 0.058115 -0.007195 0.114799 0.165542 0.087681 0.257865 0.251378 -0.125292 0.421286 0.357714 0.573145 0.383952 0.048349 -0.175360 0.099191 -0.136658 0.328998 -0.290496 0.093269 -0.010190 0.080312 -0.069748 0.000067 -0.221701 -0.039852 -0.070415 -0.112764 -0.274352 0.000654 0.098354 -0.020230 -0.119104 0.108764 -0.087761 -0.169960 -0.241515 -0.123856 -0.197689 -0.037331 -0.068793 -0.186569 0.213972 -0.022079 0.080880 -0.024328 -0.002002
0.221275 0.458331 0.061759 0.087424 0.422300 0.187030 0.301445 0.380014 0.369902 0.433670 0.261566 0.655334 0.373480 0.570128 0.419649 0.565153 0.271707 1.000000 -0.066083 0.230746 0.213872 0.177984 -0.214074 -0.099073 -0.217949 -0.217936 0.229868 0.094952 0.471703 0.474967 -0.116188 0.018975 -0.090512 0.307118 -0.218444 -0.086681 -0.201171 -0.174892 -0.284575 -0.216380 -0.228284 0.071065 -0.107562 -0.132217 0.001294 -0.086056 -0.071074 -0.014653 0.211104 -0.008814 0.163191 0.108552 0.245102 0.203488 -0.272233 -0.219825 -0.309139 -0.465619 -0.032068 -0.268181 0.370113 0.550819 0.321239 0.300744 0.162577 0.450544 -0.427620 -0.564531 -0.357142 -0.423339 0.193891 0.033811 0.545052 0.302158 0.468642 0.353311 0.278752 -0.327550 -0.015477 0.208907 0.315071 0.183719 -0.223857 0.287174 -0.232530 -0.149462 -0.228434 -0.250756 -0.156515 0.006144 0.004182 0.058167 -0.054287 -0.031146 -0.245931 -0.324980 -0.368031 -0.441421 -0.150718 -0.269872 -0.204265 0.065197 -0.354963 -0.252591 -0.437003 -0.245372 -0.266675 -0.364039 -0.069629 -0.425780 -0.525270 -0.376033 -0.319684 0.077874 -0.085974 -0.023970
0.249055 -0.050845 0.390761 0.175658 -0.078407 -0.043657 0.313674 0.226106 -0.063191 -0.136784 0.259834 0.117983 0.201513 0.237651 0.314233 0.207734 -0.108373 -0.066083 1.000000 0.406179 0.038475 -0.171944 0.011736 0.003998 0.028163 0.160237 -0.101087 -0.071300 0.362527 0.158941 0.167468 0.123581 0.043528 0.167731 -0.046535 -0.070918 -0.019880 -0.180350 0.045436 -0.045942 0.146484 0.128104 -0.195399 -0.252508 -0.239443 -0.278035 -0.278226 -0.230035 -0.107045 -0.195747 -0.110804 -0.097142 0.100220 0.008749 0.054934 -0.229034 0.009183 -0.205547 -0.033383 -0.099815 0.120466 0.059059 0.043853 -0.037438 0.059836 0.029312 -0.145437 -0.182820 -0.055561 -0.037670 -0.145561 -0.078509 0.193006 -0.154777 0.178891 0.127305 -0.073859 0.353758 0.026942 -0.037135 -0.130344 -0.307360 0.399683 0.187799 0.055588 -0.069051 -0.013156 0.231335 0.165286 0.168838 -0.071087 0.081056 0.183367 0.311275 -0.268202 -0.035336 -0.424558 -0.299377 -0.374165 -0.389567 0.068064 0.137996 -0.118835 0.061198 -0.075572 -0.019239 -0.003904 0.134023 -0.039136 0.028735 -0.235999 -0.348506 -0.261145 0.079443 0.143809 0.104173
0.233629 0.135791 0.141469 -0.034501 0.203733 0.137564 0.080568 0.119740 0.172754 -0.045702 -0.206483 0.247859 -0.009313 0.045745 0.220854 0.183127 -0.061062 0.230746 0.406179 1.000000 0.226493 0.109657 -0.297379 -0.073469 -0.292559 0.082036 0.189858 0.191900 0.268443 0.345415 -0.071567 0.038850 0.253146 0.550769 -0.385108 -0.201668 -0.063779 -0.180441 -0.201620 -0.134536 -0.123872 0.265428 -0.013066 0.003158 0.154882 0.157496 -0.235763 -0.094189 0.057094 0.207581 0.031398 0.111913 0.065749 -0.080511 -0.379319 -0.353601 0.059536 -0.188880 0.033590 0.038154 0.146250 0.335025 0.133806 0.258178 -0.102039 -0.015047 -0.052745 0.042606 0.035478 0.036570 -0.090363 -0.017335 0.378924 -0.015806 0.301036 0.126622 -0.148458 -0.020585 -0.067284 -0.193238 0.283728 0.025083 -0.034790 0.370942 -0.366424 -0.177842 -0.183138 -0.026538 -0.335226 -0.246876 0.154066 0.170739 -0.171780 -0.036387 -0.331540 -0.227325 -0.269403 -0.362576 -0.186109 -0.182329 -0.063197 -0.087507 -0.275331 -0.244292 -0.318472 -0.265053 0.232084 0.022420 -0.045512 -0.012484 -0.199221 -0.372679 -0.047962 -0.189633 -0.095563 -0.129617
0.028261 0.255509 0.108600 -0.210323 0.520519 0.590408 -0.398328 -0.203611 0.595722 0.335458 -0.396972 0.212862 -0.549581 -0.218984 0.111793 0.090956 0.010199 0.213872 0.038475 0.226493 1.000000 0.756284 -0.361204 -0.540690 -0.127900 -0.156508 0.707215 0.658171 -0.039240 0.025485 -0.327938 -0.324875 -0.039510 -0.124422 -0.076384 -0.172962 -0.372521 -0.064577 -0.299042 -0.238529 -0.276873 0.105402 0.115696 0.252929 0.403206 0.427346 0.104010 0.315567 0.401908 0.188017 0.395680 0.272055 0.015827 0.101844 -0.141153 0.070263 0.102174 -0.012880 -0.052672 0.049742 -0.216125 0.018731 0.048135 0.102778 -0.083245 -0.180059 -0.143158 -0.127281 -0.095561 -0.069004 0.399803 0.446725 -0.036974 0.042162 0.053683 -0.036364 -0.086529 -0.261935 0.119706 0.150700 0.020454 0.057505 -0.060563 -0.243258 -0.165076 0.046460 0.194983 -0.066699 -0.324638 -0.248962 0.044540 -0.004845 -0.328100 -0.245167 -0.163872 -0.135063 0.265754 0.041480 0.225844 0.192646 -0.220259 -0.196706 -0.139157 -0.138433 -0.174145 0.004751 -0.130690 -0.274206 -0.073095 -0.081502 -0.130776 -0.280261 -0.331811 0.065253 -0.028870 -0.100118
-0.058897 0.016203 0.089947 -0.116988 0.514494 0.630184 -0.269025 -0.108018 0.599504 0.414277 -0.319391 0.227376 -0.483911 -0.244657 0.117295 0.256867 0.007325 0.177984 -0.171944 0.109657 0.756284 1.000000 -0.307365 -0.474264 -0.159118 -0.037262 0.682187 0.603765 -0.040772 0.240049 -0.194340 -0.089921 -0.219657 -0.174551 -0.048842 -0.137156 -0.307654 -0.236293 -0.388938 -0.292935 -0.210082 0.076919 0.135999 0.221126 0.331787 0.356282 0.164023 0.246442 0.309351 0.182696 0.441952 0.247417 0.020847 0.218070 -0.243170 -0.094095 0.062136 -0.086995 -0.133543 -0.157580 -0.159172 -0.061447 -0.175052 -0.030673 0.014182 -0.087804 -0.252551 -0.175116 -0.204343 -0.149319 0.250507 0.437351 0.013753 0.225571 0.035588 0.111586 -0.019865 -0.258453 0.145410 0.144150 -0.100398 0.031641 -0.185664 -0.131359 -0.153105 0.117028 0.182774 -0.021117 -0.408126 -0.286968 0.126267 0.016968 -0.172807 -0.246862 -0.207073 -0.173868 0.127258 -0.050625 0.313423 0.159613 0.009576 -0.175369 -0.051586 -0.050833 -0.053073 0.117749 -0.061933 -0.334995 -0.087534 -0.120129 -0.192978 -0.180587 -0.244937 0.136932 -0.008356 -0.163638
0.005802 -0.295117 0.309241 0.594331 -0.313851 -0.282084 0.259560 0.087035 -0.305732 -0.358760 0.432692 -0.349649 0.212883 0.060483 0.020677 -0.110363 0.140241 -0.214074 0.011736 -0.297379 -0.361204 -0.307365 1.000000 0.675324 0.509481 0.251461 -0.256050 -0.045468 -0.151342 -0.292771 0.462747 0.319452 -0.398831 -0.441183 0.386386 0.554745 0.244399 0.222376 0.365935 0.311505 0.278932 -0.008240 -0.239917 -0.340860 -0.540662 -0.607111 -0.136227 -0.340965 -0.545817 -0.603357 -0.369822 -0.675353 -0.126431 -0.174342 0.241655 0.043392 0.035727 0.106251 0.009640 -0.126392 -0.008495 -0.470296 -0.335702 -0.287255 0.599501 -0.039900 -0.194325 -0.203871 -0.044633 0.024582 0.100343 -0.104994 -0.308719 0.022245 -0.093324 -0.013582 -0.002252 0.175840 0.090803 0.206402 -0.079707 0.020279 0.510573 -0.175494 0.700644 0.185458 0.402634 0.263462 0.788509 0.532008 -0.282247 -0.429599 0.376569 0.305223 0.243138 0.089076 -0.144827 -0.129546 -0.458419 -0.256916 0.135734 0.114425 0.131444 -0.037831 -0.114554 -0.086565 -0.133233 0.120034 -0.085498 0.179420 0.307827 0.234522 0.020587 0.044689 0.230882 0.236911
-0.218660 -0.394945 0.066938 0.628898 -0.418806 -0.429205 0.440896 0.269494 -0.577049 -0.462307 0.534201 -0.188480 0.446220 0.268447 0.083772 -0.016071 -0.139584 -0.099073 0.003998 -0.073469 -0.540690 -0.474264 0.675324 1.000000 0.358217 0.504414 -0.497505 -0.303727 -0.101604 0.009893 0.634037 0.592646 -0.378213 -0.088002 0.360469 0.453473 0.366604 0.199618 0.470782 0.456973 0.382092 0.098798 -0.000258 -0.203675 -0.411669 -0.506667 -0.089401 -0.132896 -0.493170 -0.362412 -0.247160 -0.497812 0.025520 -0.010581 0.096469 -0.033303 -0.287135 -0.164213 -0.208855 -0.293041 -0.030548 -0.294746 -0.354274 -0.351049 0.349712 -0.009245 -0.197948 -0.060753 -0.147379 -0.130102 -0.131576 -0.320147 -0.172567 0.119122 0.027230 -0.030327 0.080414 0.204841 -0.164687 -0.015077 -0.063410 -0.092253 0.388001 0.219754 0.391483 0.146589 0.030404 0.158211 0.530632 0.363840 -0.227399 -0.245659 0.272685 0.321426 0.176124 0.131858 -0.255419 -0.117383 -0.440718 -0.323817 0.032827 0.129516 -0.150077 -0.137742 -0.135617 -0.119092 -0.119984 0.004567 -0.096696 0.107242 0.294221 0.267199 0.130221 -0.105186 0.132035 0.146675
-0.195323 -0.201322 0.175897 0.192534 -0.099079 0.023001 0.022358 -0.017973 -0.273218 -0.243965 0.091739 -0.280597 -0.020716 0.035485 -0.030152 -0.072808 -0.087205 -0.217949 0.028163 -0.292559 -0.127900 -0.159118 0.509481 0.358217 1.000000 0.464626 -0.086900 0.005753 -0.290504 -0.245704 0.433475 0.325132 -0.123198 -0.260488 0.259876 0.197533 0.112190 0.096697 0.387997 0.160721 0.145040 -0.050536 0.010920 -0.016543 -0.302624 -0.345163 0.158078 0.075609 -0.189500 -0.278074 0.064433 -0.201799 0.136843 0.082343 0.329344 0.119725 -0.061551 0.097893 -0.145263 -0.060626 -0.178165 -0.430629 -0.207493 -0.249105 0.263246 -0.236183 -0.120553 -0.116352 -0.140404 -0.202664 -0.102011 -0.003300 -0.343318 -0.135904 -0.143048 -0.258624 -0.074109 -0.062792 -0.126610 0.157947 -0.251206 0.021747 0.388676 -0.079340 0.518465 0.365735 0.239782 0.245109 0.442937 0.289231 -0.231940 -0.372668 0.070628 -0.162732 0.004353 0.208933 0.160781 0.044650 -0.094738 -0.082822 -0.074742 -0.178449 -0.052962 -0.117657 -0.071878 0.026075 -0.127260 0.028679 -0.154846 0.092945 0.234863 0.095973 0.019905 0.142103 0.161623 0.095810
-0.336367 -0.425441 0.156766 0.367023 -0.286752 0.000841 0.214113 0.241904 -0.410366 -0.292001 0.063218 -0.218334 0.116445 0.029226 -0.069923 -0.005767 -0.232981 -0.217936 0.160237 0.082036 -0.156508 -0.037262 0.251461 0.504414 0.464626 1.000000 -0.265233 -0.055524 -0.174863 0.105838 0.699269 0.763824 -0.177796 0.008869 0.242151 0.351668 0.208215 -0.011838 0.203882 0.254419 0.220506 -0.000282 0.225525 0.070767 -0.191278 -0.195382 0.015280 0.065054 -0.323551 -0.138739 0.009472 -0.196547 -0.051258 0.075288 -0.073890 -0.164298 -0.095475 -0.151120 -0.262117 -0.222689 -0.143525 -0.307120 -0.301824 -0.399264 0.176260 -0.053625 -0.082224 0.150334 -0.125505 -0.022398 -0.342631 -0.230293 -0.274201 -0.110085 -0.155721 -0.048418 -0.054720 0.265515 -0.160652 -0.157842 -0.226322 -0.260667 0.344276 0.212384 0.223476 0.229755 -0.046361 0.244032 0.143076 0.103144 -0.106423 -0.230089 0.121416 -0.064037 -0.003893 0.144043 -0.112415 -0.083538 -0.132627 -0.180488 -0.003104 -0.153603 -0.208099 -0.185858 -0.073306 -0.076438 -0.197831 -0.129416 -0.253417 -0.093357 0.382749 0.283800 0.028761 -0.040330 -0.029258 -0.172664
0.125463 0.204217 0.225813 -0.289768 0.877657 0.847039 -0.317541 -0.225015 0.836605 0.609534 -0.262902 0.216508 -0.442120 -0.279989 0.327650 0.224217 0.162552 0.229868 -0.101087 0.189858 0.707215 0.682187 -0.256050 -0.497505 -0.086900 -0.265233 1.000000 0.896016 -0.052476 -0.049609 -0.455437 -0.476544 0.058041 -0.042745 -0.121100 -0.033660 -0.514805 -0.104196 -0.283097 -0.240340 -0.443056 0.046006 -0.069453 0.012932 0.176806 0.301074 -0.022530 0.175447 0.345088 0.081914 0.350447 0.206798 0.072617 0.081736 -0.215590 -0.069238 0.045439 -0.027192 0.119212 0.119289 0.055781 0.098798 0.115188 0.309383 0.102653 -0.063237 -0.073784 -0.128074 -0.127631 -0.118971 0.319089 0.313937 -0.013827 0.041952 0.198681 0.001693 -0.052330 -0.408687 0.182422 0.256773 0.188176 0.229750 -0.183204 -0.289292 -0.053327 0.037880 0.104338 -0.185225 -0.302003 -0.320506 0.029642 0.020663 -0.346710 -0.387293 -0.308684 -0.286634 0.143173 -0.089102 0.068627 0.072712 -0.219817 -0.386821 -0.270791 -0.248148 -0.344361 -0.149840 -0.093384 -0.348606 -0.121591 0.087088 -0.143067 -0.310333 -0.448973 -0.113074 -0.080196 -0.125310
0.086565 0.113851 0.234629 -0.132090 0.718792 0.825619 -0.368388 -0.299738 0.717478 0.462500 -0.207743 0.058749 -0.415023 -0.363039 0.272583 0.102127 0.163063 0.094952 -0.071300 0.191900 0.658171 0.603765 -0.045468 -0.303727 0.005753 -0.055524 0.896016 1.000000 -0.217165 -0.240065 -0.339038 -0.369163 0.003935 -0.149562 0.002308 0.156409 -0.472395 -0.013008 -0.176049 -0.044989 -0.417525 0.011679 -0.103930 -0.003411 0.097130 0.240729 -0.104919 0.119658 0.156074 -0.018307 0.265882 0.049891 -0.085476 -0.059725 -0.162781 0.010303 0.126007 0.076631 0.112780 0.180237 0.007792 -0.073147 0.051946 0.220635 0.225298 -0.115895 -0.054805 -0.056990 -0.056671 -0.008074 0.237831 0.204118 -0.208026 -0.061497 0.095884 -0.031435 -0.117645 -0.327155 0.246811 0.248670 0.207977 0.279221 -0.030255 -0.349307 0.134264 0.147208 0.267173 -0.036902 -0.139458 -0.160187 -0.196654 -0.163694 -0.347119 -0.391903 -0.174623 -0.233800 0.207982 -0.078553 -0.035881 0.050037 -0.241878 -0.463095 -0.282594 -0.341403 -0.358741 -0.152321 -0.152088 -0.389559 -0.206801 0.098082 0.042051 -0.206737 -0.382448 -0.131256 -0.076085 -0.082573
0.176059 0.075595 0.177985 0.111753 0.097010 -0.099893 0.415355 0.297106 0.158159 0.199611 0.441564 0.539332 0.433656 0.461857 0.477286 0.527941 0.221729 0.471703 0.362527 0.268443 -0.039240 -0.040772 -0.151342 -0.101604 -0.290504 -0.174863 -0.052476 -0.217165 1.000000 0.532315 0.144515 0.174462 -0.104030 0.180639 -0.184672 -0.288322 0.144379 -0.203237 -0.156358 -0.252525 0.071999 0.247679 -0.111999 -0.187223 -0.047176 -0.219523 -0.063551 -0.155669 0.074013 0.091831 0.094821 0.119883 0.222346 0.302326 -0.147194 -0.241103 -0.246335 -0.404780 -0.173583 -0.339253 0.211636 0.308871 0.165214 0.034826 0.097884 0.196912 -0.257499 -0.448400 -0.217411 -0.268914 0.108119 0.055348 0.633665 0.433818 0.366352 0.266100 0.297481 0.092680 0.078272 0.079277 0.155890 -0.143996 0.186052 0.471790 -0.191784 -0.149236 -0.154496 -0.117723 -0.084165 0.110726 0.086735 0.161835 0.124657 0.148220 -0.366762 -0.173605 -0.574743 -0.488674 -0.159244 -0.377698 -0.129388 0.141626 -0.220414 -0.147999 -0.305253 -0.299944 -0.175996 -0.060698 0.027229 -0.262824 -0.606347 -0.355795 -0.400105 0.014361 -0.027906 -0.094411
-0.034249 -0.013918 0.061235 0.190854 0.090000 0.003856 0.403563 0.524072 0.064038 0.199458 0.217222 0.631040 0.290283 0.514126 0.271420 0.640596 -0.192092 0.474967 0.158941 0.345415 0.025485 0.240049 -0.292771 0.009893 -0.245704 0.105838 -0.049609 -0.240065 0.532315 1.000000 0.190025 0.365754 -0.124797 0.328512 -0.111596 -0.258764 0.073961 -0.230225 -0.130773 -0.174018 0.238838 0.375689 -0.014226 -0.092386 0.058557 -0.059867 -0.014072 -0.069867 0.082435 0.080117 0.206980 0.119878 0.281280 0.370132 -0.158755 -0.276842 -0.364817 -0.572399 -0.324474 -0.570748 0.063750 0.264296 -0.084839 -0.110337 -0.092726 0.211094 -0.449852 -0.311017 -0.505724 -0.420423 -0.002557 0.107280 0.611823 0.478010 0.405394 0.337650 0.127164 0.085888 -0.201615 -0.046261 -0.079281 -0.198267 -0.138105 0.584776 -0.341907 0.066094 -0.321795 0.052950 -0.377222 0.032103 0.152698 0.106956 0.222585 0.080317 -0.240718 -0.062133 -0.453158 -0.271208 -0.039192 -0.367550 0.119196 0.173550 -0.130282 -0.090293 -0.101428 0.023158 -0.017467 -0.103731 0.140953 -0.170428 -0.461487 -0.303247 -0.208442 0.002439 0.066069 -0.016361
-0.259186 -0.549522 0.084129 0.430973 -0.455881 -0.284014 0.303867 0.182420 -0.541993 -0.428549 0.404005 -0.125657 0.256849 0.274273 -0.039291 0.109168 -0.040910 -0.116188 0.167468 -0.071567 -0.327938 -0.194340 0.462747 0.634037 0.433475 0.699269 -0.455437 -0.339038 0.144515 0.190025 1.000000 0.833644 -0.311744 -0.214628 0.415215 0.232307 0.375301 -0.054993 0.231572 0.279037 0.403968 0.094910 0.271889 0.061330 -0.190876 -0.393311 0.235055 0.054276 -0.268584 -0.098848 0.057250 -0.200076 0.039359 0.265143 0.164144 -0.058854 -0.220020 -0.222292 -0.350193 -0.393107 -0.252625 -0.398053 -0.385713 -0.468160 0.186121 -0.124578 -0.138527 -0.181367 -0.258767 -0.242252 -0.214294 -0.251006 -0.086872 0.033679 -0.111093 0.023350 0.127746 0.196454 -0.059228 0.031372 -0.264651 -0.218056 0.465607 0.217852 0.310404 0.130881 0.020366 0.172103 0.322516 0.301445 -0.151412 -0.185649 0.224030 0.113875 0.101410 0.168597 -0.226671 -0.178611 -0.090760 -0.152459 0.021889 0.123866 -0.107678 -0.093613 -0.096392 -0.088617 -0.186667 -0.069560 -0.072257 -0.074360 0.097499 0.298730 -0.011212 0.060290 0.104798 0.020681
-0.321119 -0.417209 0.157482 0.537628 -0.410585 -0.266240 0.462111 0.432926 -0.488591 -0.337272 0.310693 0.055687 0.346041 0.369025 0.054144 0.260968 -0.143006 0.018975 0.123581 0.038850 -0.324875 -0.089921 0.319452 0.592646 0.325132 0.763824 -0.476544 -0.369163 0.174462 0.365754 0.833644 1.000000 -0.333830 -0.009243 0.210579 0.197280 0.392419 -0.086565 0.113981 0.166395 0.329520 0.101534 0.172187 -0.031075 -0.264153 -0.402568 0.074582 -0.081403 -0.354704 -0.169454 -0.046316 -0.224286 -0.050770 0.173294 -0.081994 -0.257116 -0.220668 -0.355351 -0.367184 -0.525773 -0.079580 -0.235376 -0.355307 -0.479999 0.183045 0.089518 -0.286407 -0.208401 -0.260826 -0.207751 -0.256219 -0.268125 0.053722 0.152932 -0.029406 0.176890 0.209783 0.380486 -0.145097 -0.132924 -0.225717 -0.246726 0.321703 0.428949 0.078640 0.158632 -0.056253 0.289986 0.147083 0.215552 -0.023595 -0.145208 0.377573 0.188034 0.009382 0.147091 -0.352582 -0.223931 -0.125424 -0.222878 0.160456 0.220177 -0.043759 0.022757 -0.006593 0.014643 -0.182616 -0.105557 -0.095724 -0.136269 0.060473 0.188787 0.037317 0.178465 0.132414 -0.042305
0.304525 0.234177 -0.220063 -0.523640 0.078060 0.067892 -0.281579 -0.191528 -0.002332 -0.026954 -0.374400 -0.077733 -0.158897 -0.199319 -0.138534 -0.280440 0.099546 -0.090512 0.043528 0.253146 -0.039510 -0.219657 -0.398831 -0.378213 -0.123198 -0.177796 0.058041 0.003935 -0.104030 -0.124797 -0.311744 -0.333830 1.000000 0.500559 -0.354429 -0.396260 -0.008819 -0.031176 0.099601 -0.037437 -0.320943 -0.175604 -0.066590 0.004850 0.089097 0.228079 -0.113039 0.008961 0.157714 0.204875 -0.043471 0.229853 -0.062068 -0.098861 -0.038074 -0.061898 0.352122 0.316241 0.368497 0.466959 0.164737 0.334254 0.470584 0.591180 -0.353228 -0.071329 0.624801 0.302115 0.369947 0.292179 -0.262949 -0.148131 0.087258 -0.237835 0.107474 0.096438 0.083193 -0.132363 0.046807 -0.010430 0.283328 0.257597 -0.215028 -0.044719 -0.340817 -0.107491 -0.111063 -0.129459 -0.336696 -0.380474 -0.022981 0.090742 -0.466062 -0.401081 0.000267 0.010220 0.247274 0.184358 0.136685 0.174723 -0.220896 -0.201226 0.028179 -0.053796 0.064013 0.054309 0.106578 -0.046048 0.149554 0.075189 -0.057430 -0.042131 0.121906 -0.058331 -0.139429 0.068765
0.164437 0.237274 0.027001 -0.227555 0.168504 -0.020615 0.260359 0.276751 -0.014629 0.003275 -0.141258 0.319009 0.293753 0.229975 0.232738 0.110722 -0.172329 0.307118 0.167731 0.550769 -0.124422 -0.174551 -0.441183 -0.088002 -0.260488 0.008869 -0.042745 -0.149562 0.180639 0.328512 -0.214628 -0.009243 0.500559 1.000000 -0.445859 -0.233822 0.037245 -0.199376 -0.032961 -0.131761 -0.149459 0.013101 0.041783 -0.020759 0.014393 0.122867 -0.216282 -0.021294 0.034968 0.109078 -0.082786 0.093914 0.178826 -0.089341 -0.383086 -0.399848 -0.038314 -0.226029 0.182510 0.082047 0.440362 0.601693 0.386108 0.459073 -0.196937 0.285836 0.152873 0.153044 0.157027 0.055796 -0.289230 -0.134613 0.406919 -0.103218 0.307211 0.069843 0.049955 -0.034366 -0.168246 -0.142697 0.273140 0.054978 -0.246978 0.447763 -0.517135 -0.304472 -0.457354 -0.105971 -0.335577 -0.399885 0.094347 0.222530 -0.272152 -0.095658 -0.262886 -0.210083 -0.242457 -0.181251 -0.153416 -0.255040 -0.111257 -0.047953 -0.323812 -0.134946 -0.239160 -0.199890 0.018169 -0.095186 -0.017416 -0.212282 -0.086299 -0.302729 0.012344 -0.111337 -0.158623 -0.164762
-0.301480 -0.373631 0.080725 0.336780 -0.258902 0.020461 0.035428 0.024008 -0.191860 -0.103867 0.314547 -0.221965 0.018809 -0.034476 -0.142642 -0.016057 -0.066756 -0.218444 -0.046535 -0.385108 -0.076384 -0.048842 0.386386 0.360469 0.259876 0.242151 -0.121100 0.002308 -0.184672 -0.111596 0.415215 0.210579 -0.354429 -0.445859 1.000000 0.460228 -0.109294 -0.018094 0.219464 0.370944 0.371093 -0.026056 0.039195 -0.066187 -0.112169 -0.262023 0.358459 0.013652 -0.106099 -0.256144 0.180366 -0.242286 0.154124 0.147506 0.454447 0.354811 -0.263176 0.024918 -0.307344 -0.267895 -0.387410 -0.425873 -0.362042 -0.292679 0.242845 -0.129156 -0.122341 -0.128343 -0.277717 -0.139197 0.304041 0.166586 -0.354320 0.048653 -0.157172 -0.198673 0.001859 0.130932 0.012647 0.243328 -0.385349 -0.015895 0.279766 -0.322564 0.562995 0.418264 0.109899 0.090190 0.415218 0.351058 -0.399997 -0.496540 0.281972 0.087931 0.382354 0.249822 0.122409 0.169076 -0.066632 -0.124324 -0.007951 -0.008087 -0.094427 -0.304420 -0.073916 -0.002466 -0.264176 -0.200428 0.064470 0.235533 0.294182 0.169175 -0.105049 -0.132677 0.192136 0.252260
-0.151396 -0.210379 0.320936 0.435602 -0.069409 0.011028 0.239416 0.205058 -0.067748 -0.019312 0.322440 -0.190830 0.189295 0.053420 0.040429 -0.006301 -0.030334 -0.086681 -0.070918 -0.201668 -0.172962 -0.137156 0.554745 0.453473 0.197533 0.351668 -0.033660 0.156409 -0.288322 -0.258764 0.232307 0.197280 -0.396260 -0.233822 0.460228 1.000000 -0.073118 -0.007454 0.042525 0.304319 0.022894 -0.223305 -0.049302 -0.205191 -0.379240 -0.288538 -0.077384 -0.147548 -0.346127 -0.447928 -0.241855 -0.494209 -0.129953 -0.253515 0.002078 -0.055235 -0.138836 -0.130230 0.114892 -0.002232 0.143967 -0.160048 -0.342644 -0.287893 0.622910 0.338842 -0.162311 0.039169 -0.008391 0.142884 0.143088 -0.092937 -0.338018 -0.162000 -0.090525 -0.086128 -0.098482 0.110362 0.017736 -0.029565 -0.126462 -0.126894 0.236644 -0.178029 0.562309 0.146746 0.080515 -0.067028 0.577280 0.292502 -0.321274 -0.321846 0.252882 0.144481 0.120485 -0.095533 -0.187138 -0.176411 -0.419409 -0.247921 -0.036221 -0.093851 -0.233571 -0.274122 -0.291388 -0.217571 -0.221412 -0.070310 -0.142463 -0.064807 0.507515 0.155789 -0.128934 -0.296015 -0.100053 0.009232
