1.000000 0.325532 0.512985 0.285153 0.336885 -0.245699 0.331790 0.112396 -0.188454 0.106537 -0.101900 -0.198042 -0.452866 -0.102774 -0.263164 0.119923 -0.158190 -0.377367 0.444568 0.323833 0.264799 -0.192902 0.107415 -0.049848 -0.066228 0.170199 -0.028803 -0.303480 -0.265066 -0.332774 -0.091016 -0.041668 0.255629 0.191856 -0.201790 -0.285814 -0.049500 -0.583442 -0.286201 0.194014 -0.134425 -0.074824 -0.164002 -0.177839 -0.121555 -0.101552 -0.040625 -0.221167 -0.218062 -0.167489 -0.129869 -0.080895 0.213918 -0.113683 -0.061377 -0.082051 0.685027 0.117564 0.374562 0.112340 0.542460 0.229042 0.223897 0.120431 0.276578 0.203731 0.174007 -0.104902 0.034217 -0.133888 -0.495746 -0.079457 -0.351059 -0.326399 -0.044398 0.048307 0.002780 -0.417023 -0.134924 -0.281065 -0.146049 -0.328337 0.448260 0.370176 -0.184288 -0.040402 -0.041755 0.206827 0.255299 0.200246 -0.057681 -0.186134 0.018870 0.078569 -0.259730 0.118480 -0.175101 -0.346885 -0.119648 -0.085340 0.097856 0.050522 -0.009511 0.045159 -0.025496 -0.106630 -0.203724 0.266811 -0.131406 -0.173342 -0.480642 -0.195890 -0.029956 0.099524 -0.136956 -0.358954
0.325532 1.000000 -0.073717 0.105878 -0.021756 -0.324617 -0.241069 -0.177965 -0.254868 -0.285329 -0.199365 -0.291750 -0.363791 -0.053400 -0.268155 -0.225085 -0.029511 -0.287894 0.415358 0.723458 0.018743 -0.302879 -0.271491 -0.179459 -0.030571 -0.222200 -0.146078 -0.162193 -0.549672 -0.380021 -0.352865 -0.437968 0.393641 0.150691 -0.100399 0.048227 -0.081002 -0.256538 -0.155130 -0.114962 -0.026462 -0.221193 0.030188 -0.092797 0.080269 -0.000628 0.014735 -0.083304 -0.080587 0.000869 0.141538 0.240558 0.216798 -0.085416 -0.118103 -0.218430 0.318496 0.733315 0.154456 0.452414 -0.028869 0.027243 -0.016475 0.312754 -0.214899 -0.071898 0.496241 0.132848 0.668741 0.575366 -0.276928 -0.439724 -0.505014 -0.278570 -0.285116 -0.398961 0.039588 -0.065927 0.005965 0.040889 0.048625 0.189638 0.270809 0.035232 -0.256646 -0.152177 0.156677 0.188408 0.108215 -0.035804 0.099749 0.080588 -0.142809 0.233378 0.032379 0.046565 0.031959 -0.070028 0.325786 0.136742 0.000790 -0.078473 0.085286 -0.045997 0.013992 -0.265610 0.149189 -0.202561 -0.063664 -0.094156 -0.089252 0.135620 0.052417 -0.014749 -0.303521 -0.232200
0.512985 -0.073717 1.000000 0.680049 0.277564 0.133820 0.695504 0.649312 -0.231250 0.393854 -0.214033 -0.194813 -0.073493 -0.312752 -0.190305 0.228404 -0.651638 -0.481669 0.507517 0.106588 -0.000259 0.103916 0.561087 0.340595 -0.117584 0.524384 0.005557 -0.214527 -0.085732 -0.272531 0.154774 0.183063 -0.232596 0.087681 -0.152338 -0.245247 -0.490601 -0.478852 -0.103594 0.407802 -0.188744 0.388872 -0.421030 -0.377022 -0.210487 -0.035546 -0.090672 -0.100732 -0.198399 -0.007025 -0.312029 -0.392627 -0.118210 -0.013502 -0.208083 0.146715 0.344777 -0.437593 0.246810 0.025994 0.363519 0.239459 -0.152053 -0.356791 0.631359 0.290730 -0.049742 0.024041 -0.098323 -0.167763 0.002427 0.167549 -0.219383 -0.209139 -0.036649 0.380239 -0.354721 -0.163182 -0.535439 -0.536059 -0.428421 -0.705647 0.149152 0.253848 0.008599 -0.349088 -0.594852 -0.279154 0.233769 0.196726 0.223524 -0.365405 0.493701 0.060350 -0.582539 -0.424491 -0.287608 -0.595025 -0.302475 -0.292069 0.296242 0.260369 0.182004 -0.052950 -0.267867 0.270172 -0.542092 0.372575 0.159841 -0.515785 -0.329996 -0.611537 -0.600116 -0.020114 -0.014772 -0.123818
0.285153 0.105878 0.680049 1.000000 0.025860 0.264080 0.645261 0.730198 -0.302464 0.031421 -0.391422 -0.064669 -0.108009 -0.336656 -0.178334 -0.035079 -0.559094 -0.249496 0.506199 0.251166 0.067389 0.268921 0.417618 0.665692 -0.072241 0.101160 0.093055 -0.106548 -0.197574 -0.155703 0.124529 0.055605 -0.398946 -0.231653 -0.191625 -0.224044 -0.284644 -0.223129 0.175152 0.431711 0.039100 0.263543 -0.531081 -0.487476 -0.227986 -0.275936 -0.193348 -0.184256 -0.293779 -0.104585 -0.500057 -0.516429 -0.146863 -0.014473 0.051930 0.195670 0.226768 -0.241808 0.017756 0.058640 0.016332 0.031988 -0.260285 -0.440527 0.256975 -0.114509 -0.207677 0.005988 -0.031123 0.113730 0.081348 0.118099 -0.224210 -0.344384 -0.260294 0.071750 -0.408543 -0.177937 -0.512130 -0.416714 -0.530020 -0.610489 0.167800 0.228200 -0.098408 -0.485278 -0.431617 -0.311943 0.386509 0.393054 0.226772 -0.341155 0.387385 0.088561 -0.394754 -0.307316 -0.007193 -0.323864 -0.122682 -0.127890 0.328335 0.171440 0.349429 0.003536 -0.046545 0.271172 -0.247281 0.309729 0.308150 -0.425546 -0.280885 -0.441849 -0.452222 -0.053091 0.106369 0.099278
0.336885 -0.021756 0.277564 0.025860 1.000000 0.037988 0.244192 0.086029 0.349419 0.513981 -0.292631 -0.348024 -0.306147 -0.023265 0.212678 0.538736 -0.183468 -0.344845 -0.052591 0.102757 0.353475 -0.143476 0.051871 -0.096495 0.076163 0.279670 0.454094 0.068926 -0.161065 -0.252950 -0.154557 -0.190026 -0.125609 -0.273991 -0.373488 -0.323613 -0.028158 -0.431298 -0.325838 0.269905 -0.151854 0.027835 0.127721 0.049941 0.096013 0.107713 0.043884 -0.166987 0.174408 0.110591 -0.041719 0.012365 0.332674 -0.121316 0.082535 0.247633 0.128596 0.042353 0.439258 0.219253 0.147874 0.080316 -0.199561 -0.036766 -0.016726 -0.062937 0.112717 -0.146401 0.022516 -0.135900 -0.093317 0.102033 -0.258715 -0.138629 -0.130434 0.059866 -0.131508 -0.340405 -0.382592 -0.354435 -0.135985 -0.224888 0.413743 0.561937 -0.366654 -0.160091 -0.083987 0.098843 0.159450 0.046872 0.138301 0.187427 0.338662 0.011711 -0.230805 0.165739 -0.358587 -0.303622 0.083000 -0.171176 0.223758 0.057035 0.143022 -0.016035 -0.030764 -0.192513 -0.198959 0.172001 -0.271803 -0.031119 -0.315868 -0.122065 -0.041351 0.053850 -0.030130 -0.227012
-0.245699 -0.324617 0.133820 0.264080 0.037988 1.000000 0.273074 0.308883 0.291480 0.288187 -0.086313 -0.010770 0.297344 -0.285420 0.460458 0.069983 -0.318999 -0.240750 0.125025 -0.259845 0.367657 0.786372 0.156928 0.347745 0.300285 0.153927 0.541652 0.542013 0.130012 -0.075225 0.431482 0.235818 -0.535147 -0.308793 0.184496 -0.057354 -0.319795 0.111058 0.203874 0.033677 0.059706 0.083594 -0.144676 -0.251625 -0.223712 -0.179763 -0.170793 -0.225503 0.092024 -0.074918 -0.111740 -0.382319 -0.171753 -0.190134 -0.138021 0.073684 -0.093227 -0.316366 -0.030834 0.134777 -0.079384 -0.203471 -0.234309 -0.612765 0.244708 -0.078560 -0.133760 -0.054628 -0.059576 0.082213 0.242113 0.424852 0.098465 -0.158160 -0.249142 0.064675 -0.430031 -0.028291 -0.243399 -0.213752 -0.396459 -0.365424 -0.232414 -0.069250 0.026561 -0.290121 -0.277496 -0.183756 -0.024753 -0.075258 0.221240 -0.086231 0.434374 0.146606 -0.040213 -0.427385 -0.032609 -0.155638 -0.205461 -0.067678 0.078592 0.154899 0.090014 0.115408 -0.083455 0.063288 0.055300 0.041714 0.259897 -0.280450 -0.130019 -0.107350 -0.204982 -0.232639 -0.060203 0.056628
0.331790 -0.241069 0.695504 0.645261 0.244192 0.273074 1.000000 0.861372 -0.046589 0.050578 0.008105 0.098761 0.163259 -0.005936 0.026337 0.124327 -0.469862 -0.095287 0.113866 -0.053839 0.174379 0.200917 0.737232 0.576679 -0.067220 0.187854 0.255815 0.094294 -0.053892 -0.090286 0.335363 0.321121 -0.296468 -0.200948 -0.137228 -0.428786 -0.239710 -0.374741 0.076165 0.352679 -0.124467 0.059088 -0.416479 -0.518329 -0.194629 -0.261850 -0.382890 -0.434621 0.017065 -0.018249 -0.461190 -0.582156 -0.244987 -0.307219 -0.007666 0.123838 -0.008334 -0.348140 -0.104059 -0.271696 0.230811 -0.066982 -0.072653 -0.450165 0.495423 0.039574 -0.354053 -0.195737 -0.376510 -0.287092 0.028950 0.494320 -0.082765 -0.261557 -0.126939 0.067467 -0.358539 -0.265160 -0.444780 -0.365982 -0.561919 -0.687718 0.302697 0.277019 -0.195059 -0.484750 -0.149424 -0.033254 0.238101 0.144785 0.031559 -0.366454 0.358080 0.154256 -0.308730 -0.171812 -0.192492 -0.359218 -0.385025 -0.374853 0.339847 0.086889 0.121090 0.031938 0.009334 0.219309 -0.216818 0.191127 0.078799 -0.272487 -0.326969 -0.270316 -0.342592 0.099951 0.138337 -0.163477
0.112396 -0.177965 0.649312 0.730198 0.086029 0.308883 0.861372 1.000000 -0.093349 0.039013 -0.092434 0.175220 0.292460 0.049698 0.017456 0.062041 -0.505510 -0.070681 0.139930 -0.055252 -0.012249 0.186214 0.703749 0.631039 -0.037277 0.152822 0.149589 0.047777 -0.166443 -0.123387 0.287368 0.325477 -0.355605 -0.177453 -0.229417 -0.357806 -0.425449 -0.329915 0.075017 0.233198 -0.166957 0.088640 -0.391274 -0.490359 -0.105432 -0.135151 -0.390729 -0.331378 0.141953 0.111932 -0.429240 -0.484794 -0.277638 -0.285889 -0.078195 0.097851 -0.105550 -0.353021 -0.126009 -0.099263 0.064308 -0.046794 -0.243381 -0.480702 0.382588 0.047407 -0.300047 -0.053412 -0.297666 -0.155906 0.186018 0.425945 -0.143968 -0.252713 -0.131310 -0.019241 -0.458377 -0.201507 -0.501270 -0.384459 -0.580399 -0.647224 0.128907 0.143281 -0.232261 -0.642317 -0.245928 -0.098301 0.132271 0.028073 0.167032 -0.333771 0.418222 0.156185 -0.396045 -0.329574 -0.287689 -0.484544 -0.336401 -0.378887 0.367394 0.143227 0.177625 0.035129 -0.026012 0.238691 -0.143998 0.028936 0.059782 -0.440852 -0.301894 -0.384347 -0.495428 0.004217 0.015947 -0.147932
-0.188454 -0.254868 -0.231250 -0.302464 0.349419 0.291480 -0.046589 -0.093349 1.000000 0.157745 0.081086 0.099470 0.361918 0.312605 0.666175 0.031932 -0.016664 0.100178 -0.233508 -0.285945 0.310439 0.229909 0.029083 -0.040505 0.242358 -0.062232 0.517919 0.477070 0.115598 0.086478 0.089855 0.022012 0.036829 -0.134901 0.002535 -0.031702 0.064902 0.156924 0.106599 -0.180828 0.019551 -0.236214 0.114442 0.071879 -0.033083 -0.004801 -0.085750 -0.018663 0.330641 -0.025182 -0.002326 0.011859 0.039114 -0.216964 0.063733 -0.028138 -0.323269 0.007767 -0.029179 0.075229 -0.027048 -0.220952 -0.108299 -0.066954 -0.140731 -0.297322 -0.043608 -0.100812 -0.164014 -0.013376 0.069130 0.324566 0.225208 0.014467 -0.164300 -0.073038 -0.224902 -0.220136 -0.030594 -0.228206 -0.078072 0.044480 -0.203926 -0.127068 -0.152566 -0.148987 0.165777 0.096692 -0.235657 -0.218587 0.007625 0.111415 -0.091050 -0.079471 0.291218 0.064741 -0.004151 0.092288 -0.064035 -0.023728 -0.292922 -0.179158 -0.054747 0.143656 0.209623 -0.078535 0.304987 -0.141686 -0.197236 0.181200 0.095638 0.082334 0.075569 0.002198 0.003376 -0.074097
0.106537 -0.285329 0.393854 0.031421 0.513981 0.288187 0.050578 0.039013 0.157745 1.000000 -0.218618 -0.202276 -0.142348 -0.259100 0.069782 0.640021 -0.196513 -0.392831 0.099693 -0.008725 0.157071 0.123946 0.011691 -0.131583 0.123747 0.689795 0.185541 -0.065086 0.147300 -0.064853 0.068448 0.114482 -0.155445 0.183414 -0.129415 -0.011407 -0.237930 -0.232917 -0.340929 0.282399 -0.018998 0.525702 0.018412 -0.011236 0.080844 0.291062 0.214463 0.120618 -0.029396 0.130394 -0.013040 -0.016870 0.086201 0.130161 -0.269839 0.330515 0.212882 -0.438426 0.407740 0.092397 0.077157 0.273670 -0.153971 -0.166673 0.200741 0.225752 -0.080407 -0.030741 0.015820 -0.217469 0.099401 0.084925 0.015072 0.248978 0.251021 0.568686 0.021206 -0.002149 -0.272975 -0.354692 0.101329 -0.143284 -0.077648 0.389173 -0.026350 0.083161 -0.508847 -0.211296 -0.087999 -0.007506 0.144837 0.110494 0.361023 -0.311442 -0.376739 -0.192767 -0.365356 -0.376965 -0.115716 -0.162636 0.100557 0.221881 0.029504 -0.080902 -0.370212 -0.052436 -0.512358 0.350450 0.033982 -0.196857 -0.203635 -0.340368 -0.360853 -0.147670 0.063863 -0.087390
-0.101900 -0.199365 -0.214033 -0.391422 -0.292631 -0.086313 0.008105 -0.092434 0.081086 -0.218618 1.000000 0.506100 0.616015 0.481353 0.171240 -0.055876 0.482717 0.370786 -0.271083 -0.341087 -0.110542 -0.062185 0.134278 -0.238561 0.024959 -0.142713 -0.087103 0.219340 0.336829 0.290636 0.465081 0.444405 0.196246 0.292435 0.227781 0.077662 0.202072 0.031518 0.079554 -0.374421 0.055690 -0.204199 0.109037 0.094520 -0.028058 -0.162172 -0.211699 -0.184489 0.155970 -0.106990 0.311392 0.047383 -0.158997 -0.207647 -0.066938 -0.294333 -0.314093 -0.044271 -0.388522 -0.474701 0.088014 -0.161059 0.450726 0.214658 0.238369 0.078359 -0.273125 -0.333439 -0.324692 -0.427599 -0.035752 0.183982 0.373864 0.216072 0.321941 0.009528 0.447017 0.305326 0.507174 0.439090 0.149282 0.248952 -0.108883 -0.314661 0.279673 0.186254 0.390997 0.201364 -0.320840 -0.343984 -0.371166 -0.175840 -0.336470 -0.188825 0.342884 0.161763 0.081157 0.155711 -0.281053 -0.286099 -0.201630 -0.337479 -0.364754 -0.206770 -0.071346 -0.167298 0.202249 -0.260596 -0.025807 0.223395 0.026750 0.279544 0.089137 -0.192360 -0.049440 -0.174945
-0.198042 -0.291750 -0.194813 -0.064669 -0.348024 -0.010770 0.098761 0.175220 0.099470 -0.202276 0.506100 1.000000 0.459798 0.507958 0.176346 -0.100476 0.214150 0.572884 -0.205686 -0.359694 -0.215847 0.015691 0.132487 0.214416 -0.344230 -0.332983 -0.108343 0.006621 0.357861 0.585368 0.259687 0.400373 -0.001087 0.087266 -0.041622 0.110042 0.134992 0.255125 0.261662 -0.127592 0.118538 -0.048034 -0.229955 -0.153117 -0.102628 -0.187304 -0.023293 0.145267 0.088023 -0.080926 -0.150511 -0.074171 -0.344528 0.111606 0.155101 -0.121602 -0.505129 -0.314114 -0.630733 -0.521879 -0.033701 0.026213 0.170578 -0.066877 -0.030861 -0.131937 -0.544246 -0.101963 -0.590732 -0.382561 0.208632 0.262747 0.502719 0.268017 0.291356 0.143805 0.269106 0.226970 0.314896 0.284644 -0.007829 0.105963 -0.227424 -0.203856 0.229449 0.155209 0.194004 -0.036262 -0.249558 0.050125 -0.202484 -0.328553 -0.356945 -0.214443 0.083591 0.060087 0.163750 0.122306 -0.175891 -0.121231 -0.301804 -0.221663 -0.198035 -0.155278 -0.029542 0.279421 0.150249 -0.245454 0.122517 0.190220 0.237998 0.050480 -0.074751 -0.124767 0.150409 -0.013656
-0.452866 -0.363791 -0.073493 -0.108009 -0.306147 0.297344 0.163259 0.292460 0.361918 -0.142348 0.616015 0.459798 1.000000 0.470639 0.477039 -0.092800 0.137150 0.367081 -0.253981 -0.499620 -0.137583 0.234748 0.358291 0.113101 0.146425 -0.105445 0.114732 0.462711 0.356702 0.336828 0.483967 0.469000 -0.147486 0.071018 0.208434 0.087735 -0.038475 0.236039 0.284220 -0.390648 0.063391 -0.138738 -0.001253 -0.067667 -0.076661 -0.116654 -0.225084 -0.131618 0.269682 0.001073 0.092229 -0.056029 -0.195261 -0.218617 -0.022885 -0.152960 -0.628675 -0.255509 -0.465574 -0.301609 -0.196270 -0.242263 -0.055964 -0.184236 0.191598 0.040602 -0.334360 -0.216148 -0.381050 -0.252027 0.305838 0.423815 0.422828 0.190306 0.146932 -0.035360 -0.025545 0.191198 0.197875 0.081259 -0.152256 -0.025214 -0.376326 -0.394014 0.175955 -0.164141 0.142514 -0.013630 -0.344734 -0.324163 -0.114763 -0.241801 -0.090835 -0.087188 0.312554 -0.149874 0.052678 0.012413 -0.253609 -0.243149 -0.179209 -0.214210 -0.141058 -0.071516 0.044693 0.085418 0.319995 -0.442392 -0.053958 -0.002909 0.117696 0.025944 -0.174053 -0.086679 -0.064241 -0.131378
-0.102774 -0.053400 -0.312752 -0.336656 -0.023265 -0.285420 -0.005936 0.049698 0.312605 -0.259100 0.481353 0.507958 0.470639 1.000000 0.283640 0.033287 0.378353 0.463215 -0.390834 -0.230481 -0.120503 -0.356865 0.185888 -0.204789 0.006238 -0.310829 0.029723 0.104168 0.085534 0.375986 0.073992 0.218669 0.240394 0.097187 -0.110861 -0.052945 0.291551 -0.025977 0.038847 -0.277760 0.034483 -0.424270 0.164638 0.073655 0.181603 0.106672 -0.033328 -0.016570 0.266620 0.160512 0.084901 0.229430 -0.053838 -0.059870 0.052777 -0.206463 -0.470309 0.104436 -0.404361 -0.328452 -0.136996 -0.214151 0.191425 0.190141 -0.190769 -0.046384 -0.299986 -0.235963 -0.298085 -0.282782 0.192104 0.054495 0.257444 0.352048 0.335969 -0.271187 0.271735 0.039420 0.307153 0.206084 0.060104 0.286134 0.108371 -0.028253 -0.170666 -0.011086 0.458470 0.357275 -0.236813 -0.244454 -0.204477 -0.100926 -0.471583 -0.163584 0.306132 0.353161 -0.082360 0.040161 -0.124951 -0.167492 -0.326768 -0.475478 -0.301047 -0.089985 0.171146 -0.085491 0.317460 -0.549572 -0.253933 0.316177 0.056678 0.225325 0.148513 0.145212 -0.064655 -0.222321
-0.263164 -0.268155 -0.190305 -0.178334 0.212678 0.460458 0.026337 0.017456 0.666175 0.069782 0.171240 0.176346 0.477039 0.283640 1.000000 0.158988 -0.006889 0.119756 -0.183023 -0.484461 0.292111 0.443477 0.175329 0.005803 0.330184 -0.078377 0.580430 0.691219 0.246436 0.211891 0.325965 0.245412 -0.275863 -0.257279 -0.027749 -0.070194 -0.022539 0.216680 0.119326 -0.292172 0.086744 -0.087529 0.015704 0.016227 -0.060101 -0.149672 -0.054866 -0.142382 0.268555 0.011679 0.016661 -0.049674 0.062963 -0.209178 0.077790 -0.062881 -0.314687 -0.004623 -0.053888 0.046097 -0.084707 -0.202166 -0.291577 -0.306113 -0.005769 -0.154783 -0.106003 -0.237472 -0.253061 -0.110445 0.163466 0.289163 0.300948 0.155878 -0.021143 -0.105635 -0.175768 -0.041401 0.069379 -0.067178 -0.238433 -0.028836 -0.191300 -0.069720 0.063573 -0.027918 0.090871 0.006921 -0.111735 -0.146627 -0.036843 -0.127052 -0.000910 0.025192 0.378206 -0.024652 0.070327 0.154161 -0.103425 0.009242 -0.268409 -0.108834 -0.114880 -0.096394 -0.039113 -0.120252 0.353785 -0.372993 -0.009715 0.233429 -0.030800 0.124552 0.053745 -0.082735 -0.056625 -0.193344
0.119923 -0.225085 0.228404 -0.035079 0.538736 0.069983 0.124327 0.062041 0.031932 0.640021 -0.055876 -0.100476 -0.092800 0.033287 0.158988 1.000000 -0.081264 -0.196991 -0.148893 -0.177093 0.089426 -0.108651 0.253967 -0.124146 0.168648 0.581615 0.146852 -0.004005 0.063860 0.079998 0.104881 0.192019 -0.090465 0.068650 -0.166386 -0.102711 0.037973 -0.232152 -0.457317 0.269855 -0.118558 0.347473 0.065876 0.019919 0.198884 0.231194 0.076133 -0.037821 0.123425 0.146470 0.022683 0.025371 0.092837 0.067705 -0.231342 0.221899 0.062355 -0.243599 0.319495 0.030004 -0.007107 0.302415 -0.165941 -0.016325 0.129147 0.299426 -0.103976 -0.123166 -0.106844 -0.358812 -0.014853 -0.043995 -0.009538 0.325031 0.323501 0.365721 0.143380 -0.007154 -0.276609 -0.170631 -0.077161 -0.136362 0.279071 0.585943 -0.162632 0.126093 -0.156870 -0.028748 -0.100511 -0.088344 -0.081262 0.088828 0.239467 -0.338382 -0.265655 0.121633 -0.420486 -0.187393 -0.148944 -0.288910 0.139561 -0.080279 -0.116699 -0.298369 -0.311737 -0.187740 -0.368279 0.074717 -0.165493 -0.058586 -0.308384 -0.248786 -0.171912 -0.183127 -0.021954 -0.228701
-0.158190 -0.029511 -0.651638 -0.559094 -0.183468 -0.318999 -0.469862 -0.505510 -0.016664 -0.196513 0.482717 0.214150 0.137150 0.378353 -0.006889 -0.081264 1.000000 0.617047 -0.446209 -0.151850 -0.062292 -0.326258 -0.416072 -0.442304 0.068775 -0.333442 -0.193247 0.014782 0.342752 0.382477 0.011019 0.075041 0.333489 0.191498 0.091722 0.175282 0.544477 0.152737 -0.168802 -0.505942 0.203974 -0.255896 0.425760 0.386864 0.082775 -0.056535 -0.008161 -0.048968 0.023634 -0.085739 0.382530 0.414730 0.219256 0.007672 0.156393 -0.250918 -0.094267 0.254121 -0.207652 -0.302341 -0.124740 -0.089155 0.485564 0.616703 -0.391600 -0.035026 -0.114686 -0.284394 -0.117214 -0.306550 -0.099867 -0.092201 0.353129 0.351304 0.437994 -0.209911 0.596725 0.150204 0.718440 0.658174 0.596585 0.719420 -0.110211 -0.126591 0.087924 0.433769 0.492452 0.237730 -0.273790 -0.215079 -0.387470 0.184033 -0.431098 -0.336666 0.408491 0.499090 0.127087 0.315372 0.063646 -0.009594 -0.087001 -0.295429 -0.188542 -0.052931 0.085382 -0.418784 0.312186 -0.266817 -0.307412 0.437537 0.077543 0.541646 0.428421 -0.005728 -0.042917 -0.133574
-0.377367 -0.287894 -0.481669 -0.249496 -0.344845 -0.240750 -0.095287 -0.070681 0.100178 -0.392831 0.370786 0.572884 0.367081 0.463215 0.119756 -0.196991 0.617047 1.000000 -0.492606 -0.374455 -0.125861 -0.129115 -0.037023 0.099463 -0.096660 -0.421970 -0.160308 0.026134 0.453068 0.695408 0.098866 0.239838 0.120156 -0.029302 -0.042375 0.029056 0.447965 0.338852 0.106776 -0.348190 0.269152 -0.160458 0.236592 0.267382 0.113652 -0.150845 -0.023966 -0.024837 0.056977 0.021295 0.037838 0.167304 -0.059564 0.059826 0.314869 -0.028803 -0.442215 -0.027833 -0.516886 -0.515180 -0.241301 -0.130668 0.235516 0.272349 -0.360556 -0.243398 -0.436285 -0.303226 -0.528950 -0.378569 0.009703 0.189006 0.593850 0.360053 0.339077 -0.124068 0.240327 -0.037029 0.503600 0.537704 0.212278 0.478602 -0.277574 -0.139856 0.109139 0.256963 0.372218 0.001418 -0.239199 -0.084197 -0.414242 -0.066492 -0.309791 -0.242589 0.339690 0.359018 0.241506 0.351459 -0.016505 -0.020260 -0.053412 -0.222516 -0.133843 -0.066922 0.205564 -0.050745 0.319766 -0.220488 -0.163943 0.413259 0.174089 0.384492 0.310218 0.095737 0.153879 0.047640
0.444568 0.415358 0.507517 0.506199 -0.052591 0.125025 0.113866 0.139930 -0.233508 0.099693 -0.271083 -0.205686 -0.253981 -0.390834 -0.183023 -0.148893 -0.446209 -0.492606 1.000000 0.449818 -0.105804 0.165717 -0.017832 0.161117 -0.178840 0.084716 -0.065694 -0.197408 -0.255153 -0.314613 -0.049864 -0.059170 -0.102922 0.178032 0.013758 0.032305 -0.500733 -0.334294 -0.085315 0.042267 -0.033225 0.187926 -0.295439 -0.224635 -0.086387 0.034673 0.019508 0.205378 -0.335553 -0.043060 0.067721 -0.016772 -0.090475 0.189755 -0.309623 -0.183306 0.390319 -0.060810 0.097950 0.358571 0.150896 0.088925 -0.049936 -0.174930 0.300949 -0.052437 0.246605 0.256304 0.328403 0.320545 0.097131 -0.145596 -0.274212 -0.257320 -0.188341 0.162835 -0.216353 -0.015824 -0.211454 -0.317446 -0.160728 -0.268595 -0.098577 -0.134517 0.247367 -0.188735 -0.482399 -0.225255 0.026964 0.157176 0.408524 -0.245138 0.244766 0.151281 -0.390405 -0.572928 -0.046332 -0.411171 0.057451 0.064644 0.035609 0.178890 0.155864 -0.018747 -0.296606 0.037638 -0.212883 0.152767 0.268828 -0.437734 -0.031521 -0.224048 -0.469542 -0.168520 -0.220643 0.021525
0.323833 0.723458 0.106588 0.251166 0.102757 -0.259845 -0.053839 -0.055252 -0.285945 -0.008725 -0.341087 -0.359694 -0.499620 -0.230481 -0.484461 -0.177093 -0.151850 -0.374455 0.449818 1.000000 -0.033341 -0.257938 -0.254999 -0.048510 -0.151317 -0.019890 -0.161625 -0.276848 -0.439623 -0.412669 -0.336203 -0.417527 0.269818 0.122195 -0.181354 -0.168324 -0.138722 -0.336450 -0.217806 0.189023 -0.035146 -0.042352 -0.009204 -0.208655 0.083122 0.116335 0.043263 -0.051305 -0.209437 0.051936 0.002451 0.027748 0.150650 -0.000103 -0.174849 0.016442 0.334283 0.399962 0.201843 0.284574 -0.072974 -0.076820 0.040304 0.162929 -0.138908 -0.149222 0.244472 0.115558 0.672429 0.590714 -0.156782 -0.310261 -0.557753 -0.274820 -0.323749 -0.152777 0.036869 -0.071311 -0.163561 -0.117310 0.221013 0.105676 0.339453 0.200266 -0.264121 -0.104515 -0.016440 0.158166 0.116832 0.056549 0.157208 0.220242 -0.002856 0.161700 -0.118887 0.006506 -0.073576 -0.149445 0.296142 0.041765 0.151953 0.060761 0.182424 0.083731 0.112562 -0.077959 -0.148717 0.207577 -0.045647 -0.151183 -0.060512 0.032999 -0.077154 0.155320 0.014689 -0.012315
0.264799 0.018743 -0.000259 0.067389 0.353475 0.367657 0.174379 -0.012249 0.310439 0.157071 -0.110542 -0.215847 -0.137583 -0.120503 0.292111 0.089426 -0.062292 -0.125861 -0.105804 -0.033341 1.000000 0.440957 0.008265 0.101689 0.432970 0.122270 0.692049 0.458013 -0.032176 -0.146706 0.148716 -0.015839 -0.070830 -0.345445 -0.104638 -0.359954 0.262096 -0.083892 0.172536 0.243472 0.378334 -0.057442 0.044245 -0.075501 -0.109794 -0.379305 -0.131239 -0.529489 0.000839 -0.253237 -0.263249 -0.286127 0.267641 -0.400931 0.145120 0.250949 0.255235 0.245116 0.334118 0.128290 0.130118 -0.103958 -0.107925 -0.165281 -0.113879 -0.209246 -0.008940 -0.393997 0.007127 0.006276 -0.362125 0.220044 -0.044445 -0.215003 -0.204302 -0.157307 -0.175373 -0.479456 -0.004752 -0.105995 -0.307553 -0.216823 0.329792 0.457243 -0.336592 -0.140902 0.167680 0.202955 0.351934 0.080354 -0.060217 -0.001763 0.137749 0.145026 0.220390 0.325427 0.031819 0.105486 -0.101303 0.068432 0.145638 0.035027 0.010215 0.058905 0.183528 -0.289835 0.174456 0.128568 0.010262 0.179521 -0.507465 0.065612 0.316270 -0.037686 0.059655 -0.115341
-0.192902 -0.302879 0.103916 0.268921 -0.143476 0.786372 0.200917 0.186214 0.229909 0.123946 -0.062185 0.015691 0.234748 -0.356865 0.443477 -0.108651 -0.326258 -0.129115 0.165717 -0.257938 0.440957 1.000000 0.181154 0.329385 0.406545 0.207268 0.523880 0.581859 0.248710 0.046488 0.522097 0.342615 -0.471675 -0.268157 0.200128 -0.096963 -0.129642 0.278031 0.436648 0.098883 0.333516 0.186397 -0.162612 -0.165521 -0.226957 -0.347524 -0.072901 -0.258676 -0.223899 -0.262858 -0.262328 -0.488002 -0.206804 -0.207562 -0.050443 0.222023 0.024192 -0.279246 -0.057980 0.038876 -0.083760 -0.296765 -0.234047 -0.612868 0.165719 -0.275810 -0.185750 -0.247351 -0.097476 0.098241 0.124125 0.552445 0.237520 -0.114285 -0.220114 0.082755 -0.310379 0.002746 -0.006506 -0.049661 -0.334364 -0.266289 -0.282516 -0.091089 0.091957 -0.092319 -0.213428 -0.098981 0.109599 0.079959 0.072153 -0.315180 0.334964 0.196189 0.130386 -0.323724 0.174337 0.036682 -0.197699 0.120945 0.028799 0.257496 0.054922 0.050702 -0.142007 0.055071 0.099567 0.075876 0.427027 -0.089049 -0.168215 -0.093332 -0.058381 -0.191389 0.056111 0.091031
0.107415 -0.271491 0.561087 0.417618 0.051871 0.156928 0.737232 0.703749 0.029083 0.011691 0.134278 0.132487 0.358291 0.185888 0.175329 0.253967 -0.416072 -0.037023 -0.017832 -0.254999 0.008265 0.181154 1.000000 0.377730 0.124284 0.352847 0.173860 0.159497 0.020835 0.024832 0.375444 0.435679 -0.224946 -0.068492 -0.066351 -0.318779 -0.219587 -0.207999 0.081207 0.257170 -0.125346 0.129700 -0.370344 -0.453706 -0.130892 -0.180142 -0.379580 -0.394219 0.066644 0.002279 -0.397871 -0.480701 -0.352267 -0.321839 -0.200762 0.036773 -0.064562 -0.326574 -0.073701 -0.204301 0.126046 -0.055300 -0.205162 -0.413773 0.513129 0.209932 -0.299056 -0.136789 -0.289765 -0.241389 0.099634 0.391994 0.044149 0.050034 0.049537 -0.010944 -0.341168 0.002003 -0.337533 -0.260631 -0.532162 -0.526350 0.171643 0.161348 -0.092083 -0.369434 -0.186829 -0.044647 0.170274 -0.035059 0.044540 -0.382268 0.313279 0.068211 -0.227567 -0.201281 -0.269946 -0.269857 -0.395349 -0.264177 0.151539 -0.072548 -0.156054 -0.149296 -0.108429 0.209380 -0.180710 -0.065975 0.060665 -0.255336 -0.240334 -0.331424 -0.345889 -0.029650 -0.019019 -0.270352
-0.049848 -0.179459 0.340595 0.665692 -0.096495 0.347745 0.576679 0.631039 -0.040505 -0.131583 -0.238561 0.214416 0.113101 -0.204789 0.005803 -0.124146 -0.442304 0.099463 0.161117 -0.048510 0.101689 0.329385 0.377730 1.000000 -0.227452 -0.118114 0.077213 -0.021258 -0.022009 0.100913 0.057530 0.055590 -0.391753 -0.361135 -0.067594 -0.145617 -0.215909 0.064935 0.267570 0.212472 0.014751 0.045711 -0.474899 -0.419643 -0.200530 -0.340037 -0.319183 -0.127581 0.033051 -0.044423 -0.551249 -0.513732 -0.408285 -0.080170 0.107070 0.020252 -0.138399 -0.277194 -0.228345 -0.030508 -0.036776 -0.021968 -0.228851 -0.423091 0.152642 -0.171759 -0.226763 0.150030 -0.227195 0.079718 0.129653 0.247945 -0.005536 -0.238286 -0.321311 -0.012968 -0.495881 -0.217730 -0.386892 -0.327312 -0.604722 -0.510698 -0.062683 0.049472 -0.121369 -0.473922 -0.230672 -0.411259 0.149477 0.246414 0.100903 -0.302924 0.244234 0.229954 -0.229257 -0.235000 -0.017668 -0.128693 -0.280979 -0.209784 0.280185 0.268457 0.290203 0.211663 0.200691 0.344012 0.057186 0.159473 0.184652 -0.280176 -0.040272 -0.318362 -0.246545 -0.025676 0.128742 0.209891
-0.066228 -0.030571 -0.117584 -0.072241 0.076163 0.300285 -0.067220 -0.037277 0.242358 0.123747 0.024959 -0.344230 0.146425 0.006238 0.330184 0.168648 0.068775 -0.096660 -0.178840 -0.151317 0.432970 0.406545 0.124284 -0.227452 1.000000 0.326359 0.419738 0.493783 -0.072066 -0.235784 0.389430 0.295606 0.056563 0.004019 0.139265 -0.109974 0.135353 -0.029077 -0.007943 -0.095826 0.271354 -0.097514 0.378316 0.288024 0.226311 0.033650 -0.047806 -0.409494 0.109392 0.035965 0.119522 -0.032738 0.198127 -0.382425 -0.074133 0.277857 0.168118 0.193668 0.422000 0.258670 -0.211220 -0.328240 -0.094885 -0.031467 -0.107608 -0.029402 0.190214 -0.373329 0.134154 0.044192 -0.349278 0.220637 -0.069709 -0.107952 -0.062920 -0.229499 -0.098343 -0.210598 0.008408 0.075932 -0.058244 0.053166 0.085976 0.165096 -0.333042 -0.089392 0.200093 0.330138 0.056041 -0.322840 -0.333115 0.001169 0.062918 -0.112161 0.305903 0.174866 -0.124461 0.048258 -0.113254 -0.054511 0.029961 -0.151728 -0.244049 -0.145510 -0.015684 -0.454142 0.139575 -0.115142 -0.161432 -0.034877 -0.476803 -0.055509 0.231184 -0.083347 -0.089887 -0.307957
0.170199 -0.222200 0.524384 0.101160 0.279670 0.153927 0.187854 0.152822 -0.062232 0.689795 -0.142713 -0.332983 -0.105445 -0.310829 -0.078377 0.581615 -0.333442 -0.421970 0.084716 -0.019890 0.122270 0.207268 0.352847 -0.118114 0.326359 1.000000 0.059318 -0.061356 0.171301 -0.145134 0.348584 0.393331 0.010992 0.331594 0.033359 -0.125722 -0.199150 -0.269371 -0.323441 0.320603 -0.050816 0.607354 0.022319 -0.025484 0.034405 0.185996 0.102464 -0.108012 -0.138709 0.061271 -0.057891 -0.190953 -0.018323 -0.027904 -0.471084 0.316996 0.352575 -0.410369 0.455984 0.054209 0.247711 0.267643 -0.035766 -0.103604 0.449106 0.394479 0.003015 -0.141959 0.015914 -0.226755 -0.069906 0.222253 -0.025122 0.229127 0.294917 0.521273 -0.042038 0.039075 -0.272368 -0.173049 0.059024 -0.201241 0.123461 0.404340 -0.010671 0.138971 -0.463725 -0.012295 -0.105743 -0.222792 -0.047689 -0.180464 0.419232 -0.200198 -0.418557 -0.252526 -0.467256 -0.425236 -0.340489 -0.284277 0.229742 0.253089 0.010348 -0.238847 -0.477234 -0.141008 -0.647112 0.313425 -0.005354 -0.325623 -0.420857 -0.493156 -0.362741 -0.147605 0.034678 -0.243145
-0.028803 -0.146078 0.005557 0.093055 0.454094 0.541652 0.255815 0.149589 0.517919 0.185541 -0.087103 -0.108343 0.114732 0.029723 0.580430 0.146852 -0.193247 -0.160308 -0.065694 -0.161625 0.692049 0.523880 0.173860 0.077213 0.419738 0.059318 1.000000 0.720363 -0.057859 -0.125607 0.282125 0.081009 -0.287970 -0.477232 -0.070632 -0.359106 0.113699 -0.028148 0.274472 0.209326 0.312526 -0.063845 -0.028281 -0.088162 -0.056677 -0.246667 -0.137764 -0.366195 0.142428 -0.100198 -0.174394 -0.282244 0.117926 -0.293873 0.109539 0.340023 -0.093498 0.043986 0.160547 0.062526 -0.093502 -0.265027 -0.344165 -0.407002 -0.100531 -0.412661 -0.149732 -0.361293 -0.068289 0.018087 0.048295 0.333640 0.058216 -0.188373 -0.224943 -0.137837 -0.237515 -0.236601 -0.183033 -0.150759 -0.336811 -0.275813 0.221575 0.250093 -0.217126 -0.260052 0.097141 0.168400 0.238548 0.007497 0.104984 -0.045432 0.273720 0.106063 0.145552 0.108873 0.026132 0.053847 -0.057055 0.070409 0.052652 -0.062141 0.078068 -0.049406 0.032841 -0.206883 0.119479 -0.046003 0.054541 0.100216 -0.283233 0.100959 0.168169 -0.143155 0.122863 -0.103811
-0.303480 -0.162193 -0.214527 -0.106548 0.068926 0.542013 0.094294 0.047777 0.477070 -0.065086 0.219340 0.006621 0.462711 0.104168 0.691219 -0.004005 0.014782 0.026134 -0.197408 -0.276848 0.458013 0.581859 0.159497 -0.021258 0.493783 -0.061356 0.720363 1.000000 0.085582 0.030796 0.436268 0.213613 -0.175082 -0.287649 0.108261 -0.239581 0.091979 0.224662 0.372951 -0.119792 0.178453 -0.175362 0.039822 -0.083603 -0.023371 -0.284166 -0.252342 -0.444265 0.180972 -0.097938 0.076864 -0.174778 0.078233 -0.449215 0.124269 0.108137 -0.272175 0.099854 -0.145065 -0.084053 -0.176505 -0.334347 -0.241615 -0.298680 -0.048806 -0.264400 -0.136431 -0.347856 -0.098609 0.017688 0.062187 0.383064 0.122634 -0.061591 -0.166654 -0.295916 -0.131423 -0.047756 0.093441 0.018473 -0.191640 -0.103873 -0.045945 -0.114442 -0.102445 -0.148772 0.355968 0.308313 -0.031379 -0.143925 -0.072716 -0.024984 0.060220 0.046430 0.504253 0.063344 0.172169 0.230366 -0.082248 0.054960 -0.095498 -0.184038 -0.182400 -0.174758 0.001364 -0.264558 0.403332 -0.279624 -0.038161 0.223469 -0.097248 0.263336 0.153138 -0.104991 0.056593 -0.145955
-0.265066 -0.549672 -0.085732 -0.197574 -0.161065 0.130012 -0.053892 -0.166443 0.115598 0.147300 0.336829 0.357861 0.356702 0.085534 0.246436 0.063860 0.342752 0.453068 -0.255153 -0.439623 -0.032176 0.248710 0.020835 -0.022009 -0.072066 0.171301 -0.057859 0.085582 1.000000 0.750583 0.456954 0.477251 -0.150929 0.107488 0.122532 0.048736 0.328743 0.482966 0.107251 -0.065917 0.274163 0.430931 0.017813 0.134079 -0.314172 -0.235038 0.205480 0.153799 -0.288436 -0.222532 -0.054512 -0.090071 -0.138850 0.255579 0.048753 0.098358 -0.265006 -0.533092 -0.329476 -0.588753 -0.044942 0.038749 0.227990 -0.035797 0.081271 -0.006415 -0.525065 -0.375040 -0.481620 -0.487346 0.221892 0.360556 0.848060 0.620598 0.532905 0.512562 0.325811 0.310865 0.451844 0.417018 0.306816 0.311456 -0.327675 0.015795 0.432917 0.569572 -0.158838 -0.234733 -0.240891 0.037128 -0.295215 -0.321718 -0.054748 -0.333859 0.119262 0.078109 0.208213 0.229826 -0.224358 -0.100409 -0.063201 0.053695 0.032433 -0.159899 -0.214437 0.036345 -0.217451 0.145446 0.140758 0.313111 0.145985 0.003438 -0.031276 -0.020527 0.188770 0.046636
-0.332774 -0.380021 -0.272531 -0.155703 -0.252950 -0.075225 -0.090286 -0.123387 0.086478 -0.064853 0.290636 0.585368 0.336828 0.375986 0.211891 0.079998 0.382477 0.695408 -0.314613 -0.412669 -0.146706 0.046488 0.024832 0.100913 -0.235784 -0.145134 -0.125607 0.030796 0.750583 1.000000 0.210183 0.273928 -0.089573 0.021973 -0.011069 0.112259 0.401553 0.477001 0.192830 -0.051594 0.255771 0.227571 -0.075149 0.050552 -0.069851 -0.143075 0.213841 0.251473 -0.190489 -0.050895 -0.092808 0.098230 -0.166926 0.399781 0.235740 0.086132 -0.468132 -0.404751 -0.601673 -0.635837 -0.263682 0.045885 0.165800 0.049136 -0.214702 -0.175181 -0.660306 -0.245012 -0.557031 -0.427915 0.307061 0.196512 0.818080 0.700717 0.537254 0.307575 0.335656 0.242850 0.431967 0.381874 0.213005 0.380816 -0.308377 0.013931 0.305293 0.462195 0.011419 -0.246466 -0.234586 0.199420 -0.288920 -0.283344 -0.292816 -0.426582 0.186178 0.210887 0.329602 0.331054 -0.115033 -0.000696 -0.222888 -0.198612 -0.045819 -0.197948 -0.109587 0.091852 -0.035654 -0.042555 0.178347 0.428493 0.317191 0.173604 0.046073 0.018033 0.192352 0.141397
-0.091016 -0.352865 0.154774 0.124529 -0.154557 0.431482 0.335363 0.287368 0.089855 0.068448 0.465081 0.259687 0.483967 0.073992 0.325965 0.104881 0.011019 0.098866 -0.049864 -0.336203 0.148716 0.522097 0.375444 0.057530 0.389430 0.348584 0.282125 0.436268 0.456954 0.210183 1.000000 0.875882 -0.057651 0.230299 0.218285 -0.165767 0.005515 0.054088 0.096963 -0.048981 0.122350 0.242759 -0.065683 -0.064587 -0.143698 -0.274333 -0.186771 -0.358297 -0.133421 -0.132271 -0.008326 -0.379992 -0.236273 -0.243475 -0.270137 0.140451 -0.130877 -0.381270 -0.211401 -0.376730 0.127699 -0.073920 0.233035 -0.138753 0.409481 0.028784 -0.419982 -0.547304 -0.403050 -0.439819 0.037710 0.599142 0.374810 0.126748 0.204623 0.188872 0.111091 0.223160 0.158279 0.290387 -0.011428 -0.036931 -0.027811 0.000699 0.158312 0.095127 0.016363 0.159656 -0.292893 -0.326648 -0.322228 -0.417699 0.126324 -0.224969 0.032905 -0.160977 -0.076714 -0.102888 -0.421181 -0.311428 0.067475 -0.077582 -0.121672 -0.386913 -0.385773 -0.278700 -0.147262 -0.006803 0.098465 -0.079431 -0.322028 -0.040458 -0.194101 -0.221391 0.080361 -0.257062
-0.041668 -0.437968 0.183063 0.055605 -0.190026 0.235818 0.321121 0.325477 0.022012 0.114482 0.444405 0.400373 0.469000 0.218669 0.245412 0.192019 0.075041 0.239838 -0.059170 -0.417527 -0.015839 0.342615 0.435679 0.055590 0.295606 0.393331 0.081009 0.213613 0.477251 0.273928 0.875882 1.000000 0.017378 0.392941 0.179390 -0.081267 -0.014256 -0.023419 -0.021159 -0.134447 0.103023 0.269994 -0.020659 0.004020 -0.033199 -0.128013 -0.191213 -0.233855 -0.089189 -0.040277 -0.025225 -0.247609 -0.324976 -0.207276 -0.295031 0.065873 -0.136084 -0.483489 -0.223666 -0.417246 0.198971 0.050211 0.266223 -0.071227 0.437935 0.185068 -0.405521 -0.487805 -0.515296 -0.606018 0.045321 0.567902 0.434642 0.256476 0.415377 0.271218 0.172360 0.210257 0.236500 0.325895 0.032748 -0.007147 -0.105284 0.030655 0.159363 0.166569 0.015979 0.178964 -0.362799 -0.329378 -0.308048 -0.477877 0.060948 -0.259716 -0.074583 -0.172651 -0.190050 -0.205882 -0.424170 -0.305465 0.035863 -0.012804 -0.245289 -0.398327 -0.431823 -0.233262 -0.148842 -0.112940 -0.022045 -0.087078 -0.300390 -0.122220 -0.238060 -0.145237 0.060651 -0.350539
0.255629 0.393641 -0.232596 -0.398946 -0.125609 -0.535147 -0.296468 -0.355605 0.036829 -0.155445 0.196246 -0.001087 -0.147486 0.240394 -0.275863 -0.090465 0.333489 0.120156 -0.102922 0.269818 -0.070830 -0.471675 -0.224946 -0.391753 0.056563 0.010992 -0.287970 -0.175082 -0.150929 -0.089573 -0.057651 0.017378 1.000000 0.671506 0.126070 0.049660 0.165110 -0.148441 -0.370011 -0.310802 -0.183484 -0.193692 0.187495 0.194727 0.241064 0.224023 0.028811 -0.002791 0.122579 0.166927 0.294033 0.374250 0.103458 -0.051583 -0.224525 -0.189118 0.181344 0.381363 0.060192 -0.056381 0.321988 0.293811 0.534704 0.767428 -0.059121 0.158799 0.271110 -0.046772 0.128200 -0.058020 -0.502391 -0.249617 -0.132144 0.056231 0.158359 -0.145239 0.326204 -0.120109 0.216922 0.232379 0.424531 0.368705 0.121247 -0.085070 -0.187845 0.211664 0.389029 0.394544 -0.413730 -0.422650 -0.447142 0.071241 -0.499727 -0.309323 0.079446 0.267464 -0.171898 -0.054211 -0.084742 -0.146586 -0.199131 -0.238384 -0.215359 -0.131418 -0.024915 -0.404887 -0.027484 -0.084809 -0.478323 0.069542 -0.090888 0.123025 0.164661 0.064604 -0.111404 -0.407224
0.191856 0.150691 0.087681 -0.231653 -0.273991 -0.308793 -0.200948 -0.177453 -0.134901 0.183414 0.292435 0.087266 0.071018 0.097187 -0.257279 0.068650 0.191498 -0.029302 0.178032 0.122195 -0.345445 -0.268157 -0.068492 -0.361135 0.004019 0.331594 -0.477232 -0.287649 0.107488 0.021973 0.230299 0.392941 0.671506 1.000000 0.345254 0.329823 -0.139539 -0.151678 -0.375305 -0.312098 -0.168082 0.219864 0.017977 0.064764 0.134625 0.332421 0.079491 0.219269 -0.066810 0.185169 0.309633 0.310424 -0.133198 0.098329 -0.427226 -0.217300 0.154759 -0.126994 -0.051056 -0.180943 0.351350 0.404432 0.521547 0.515181 0.367885 0.456780 0.069851 0.011009 -0.018210 -0.258953 -0.165022 -0.049251 0.046880 0.263577 0.428238 0.299976 0.388177 0.265244 0.262824 0.181426 0.435957 0.267106 -0.149157 -0.159742 0.196111 0.291148 -0.006022 0.154268 -0.560211 -0.383716 -0.253646 -0.195813 -0.355628 -0.484084 -0.140244 -0.198886 -0.147953 -0.257103 -0.236136 -0.247261 -0.310694 -0.178646 -0.289704 -0.285014 -0.398919 -0.256368 -0.274027 -0.065757 -0.161542 -0.125796 0.061011 -0.068691 -0.301767 -0.077846 -0.092298 -0.378155
-0.201790 -0.100399 -0.152338 -0.191625 -0.373488 0.184496 -0.137228 -0.229417 0.002535 -0.129415 0.227781 -0.041622 0.208434 -0.110861 -0.027749 -0.166386 0.091722 -0.042375 0.013758 -0.181354 -0.104638 0.200128 -0.066351 -0.067594 0.139265 0.033359 -0.070632 0.108261 0.122532 -0.011069 0.218285 0.179390 0.126070 0.345254 1.000000 0.586891 0.078413 0.183153 0.149301 -0.119054 0.072104 0.028931 -0.105324 -0.059116 -0.103844 0.087582 -0.021835 0.125052 0.044926 -0.022604 0.242196 0.086189 -0.092131 0.209211 -0.143659 -0.157543 -0.135564 -0.178066 -0.165921 -0.124770 0.104021 0.081614 0.265267 0.081414 0.266942 0.083128 0.027621 0.099495 -0.018842 -0.063923 0.086092 0.063808 0.110503 0.015194 0.005382 0.111894 0.019947 0.315177 0.051703 0.195211 0.124784 0.031574 -0.066224 -0.271128 0.372762 0.111257 0.055671 -0.028563 -0.091036 -0.115449 -0.055603 -0.032942 -0.301316 -0.162692 0.017316 -0.268101 0.164029 0.101020 -0.140089 0.022891 -0.343482 -0.165409 -0.055088 -0.147933 -0.131179 -0.035469 -0.058621 -0.089729 0.162951 -0.153279 0.253285 0.048639 0.082843 -0.070371 0.114466 0.131468
-0.285814 0.048227 -0.245247 -0.224044 -0.323613 -0.057354 -0.428786 -0.357806 -0.031702 -0.011407 0.077662 0.110042 0.087735 -0.052945 -0.070194 -0.102711 0.175282 0.029056 0.032305 -0.168324 -0.359954 -0.096963 -0.318779 -0.145617 -0.109974 -0.125722 -0.359106 -0.239581 0.048736 0.112259 -0.165767 -0.081267 0.049660 0.329823 0.586891 1.000000 0.002057 0.255286 0.159141 -0.234089 0.080559 0.047127 -0.137150 0.054039 -0.051706 0.206516 0.167925 0.509801 -0.004782 -0.040250 0.206848 0.351969 -0.055754 0.382354 0.118834 -0.197862 -0.191460 -0.040061 -0.214290 0.083094 -0.052094 0.157360 0.125040 0.184227 -0.016619 0.167545 0.131853 0.418540 -0.004019 0.013242 0.196661 -0.266810 0.119058 0.143410 0.130271 0.182964 0.106545 0.389190 0.162102 0.133523 0.205453 0.236096 -0.358581 -0.348597 0.381757 0.182097 -0.098848 -0.337867 -0.099293 0.154773 0.130948 -0.014666 -0.421684 -0.215831 0.050073 -0.238619 0.321663 0.124154 0.194549 0.224896 -0.534330 -0.131899 -0.074305 -0.085782 -0.148950 0.195485 0.065492 -0.240521 0.276463 -0.050723 0.517198 -0.006779 -0.033948 -0.134723 -0.029433 0.261408
