1.000000 0.222361 -0.091050 -0.108605 -0.461152 -0.270585 -0.020697 -0.111558 -0.339344 -0.404984 0.475422 0.319898 0.128137 0.105797 0.043044 0.141054 0.475418 0.558087 0.418046 -0.190668 0.371124 0.100703 0.208098 -0.058380 -0.055248 0.052057 -0.091046 -0.110426 0.448814 0.568747 0.669836 0.508564 0.643081 0.525409 -0.176720 0.029257 0.502502 0.279420 0.175828 -0.225672 0.484550 0.492483 -0.166149 -0.132921 -0.018879 -0.234015 -0.210416 -0.453960 -0.225115 -0.266472 -0.126109 -0.201221 -0.248996 -0.242694 0.285728 0.235975 0.455281 0.243616 -0.126686 -0.362813 0.416267 0.111454 0.499269 0.527818 0.264339 0.194104 -0.320977 -0.376748 -0.273632 -0.653373 -0.213880 0.006100 0.688123 0.451125 0.647685 0.530763 0.586444 0.243350 0.052828 0.477754 0.266912 0.520760 -0.044486 0.029773 0.467692 0.466794 0.355252 -0.201760 0.289549 0.393295 -0.659680 -0.656135 -0.506454 -0.606110 -0.321158 0.034353 -0.122368 -0.034580 -0.458877 -0.472830 -0.261257 -0.485068 -0.338826 -0.664559 -0.555661 -0.589669 -0.167822 -0.450967 -0.113383 0.085781 -0.288390 -0.408043 -0.272987 -0.263365 -0.326202 -0.457992
0.222361 1.000000 -0.293966 0.055194 -0.491771 -0.186916 -0.272860 0.016837 -0.238548 -0.225644 -0.045257 0.273388 -0.221426 0.102991 -0.186042 0.023307 -0.048469 0.261224 0.229592 0.169555 0.288935 -0.020686 -0.245745 -0.257445 -0.061729 0.011582 -0.185000 0.010854 -0.146834 0.284851 0.097309 0.100007 0.281007 0.345701 -0.116593 -0.209110 0.094136 0.346626 0.094021 0.125274 0.013772 0.207213 -0.017114 0.050904 -0.140056 -0.092827 -0.042794 -0.241277 -0.165638 -0.180945 -0.136034 -0.351478 -0.066672 -0.517442 0.307798 0.086961 0.353590 0.768425 -0.189987 0.204126 0.133461 0.082221 0.216178 0.420189 -0.021315 0.116835 0.027807 -0.188012 0.088165 -0.080626 -0.218664 -0.065791 0.086904 0.333607 0.208317 0.308686 0.308973 0.238968 0.000493 0.419364 0.124995 0.261581 -0.121191 -0.154687 0.123249 0.053701 0.184990 0.263777 0.237435 0.073506 -0.289628 -0.327695 -0.113738 -0.357047 -0.040035 -0.235442 0.228282 -0.172856 0.104154 -0.181393 -0.086906 -0.199176 -0.080465 -0.416936 -0.382217 -0.436633 0.068291 -0.344223 -0.220515 -0.065915 -0.180635 -0.182181 0.042497 -0.338302 -0.281102 -0.481838
-0.091050 -0.293966 1.000000 0.147901 0.390990 0.047876 0.605887 0.159749 0.435593 0.139597 -0.226621 -0.419644 0.041834 -0.291345 0.122847 -0.052172 -0.028558 -0.216005 0.310231 0.151636 -0.103117 0.080163 0.456659 0.323846 -0.049930 -0.033601 0.169519 -0.109075 -0.008888 -0.218601 0.086266 0.004725 -0.074683 -0.024260 0.227861 0.395504 -0.263127 -0.384671 -0.032669 0.000321 -0.078720 -0.231232 -0.142156 -0.146218 -0.087267 -0.096231 -0.176664 -0.139668 -0.140953 -0.224152 -0.027759 -0.092857 0.134228 0.194054 -0.136721 -0.227554 -0.111668 -0.171073 0.214124 -0.264567 0.111276 -0.187465 -0.221161 -0.343307 0.162662 -0.210169 0.120359 0.155626 -0.135432 -0.012038 0.032974 -0.105235 -0.115157 -0.283528 -0.094235 -0.223209 -0.176281 -0.134189 0.062568 -0.314747 -0.099444 -0.017828 0.235979 -0.045136 -0.165773 -0.168811 -0.164111 -0.214464 0.287789 -0.057492 -0.131276 -0.040971 -0.066779 -0.031505 0.113885 0.003680 -0.074982 0.074860 0.013199 0.130685 0.116382 -0.052120 0.045043 0.102325 0.173187 0.222029 -0.166779 -0.046150 0.116216 -0.077955 -0.070555 0.158435 0.274072 0.092692 0.036278 0.025472
-0.108605 0.055194 0.147901 1.000000 -0.251560 0.463965 -0.222023 0.383819 -0.220025 0.436336 -0.189386 -0.018018 -0.599269 0.130358 0.110710 0.376748 -0.197532 -0.069633 0.220408 0.170003 0.139674 0.055986 0.510564 0.663755 0.282586 0.559489 0.257503 0.658475 -0.296201 -0.177986 0.064706 0.201830 -0.356640 -0.212427 0.453449 0.283796 -0.174041 0.110649 0.235519 0.258960 -0.041190 0.217990 -0.506460 -0.467009 -0.697225 -0.619432 -0.405684 -0.334280 -0.449746 -0.556988 0.095480 -0.436133 0.168727 0.022322 0.109945 0.012973 -0.104214 0.069946 -0.487514 -0.169430 -0.397848 0.391471 -0.331655 -0.157632 0.505443 0.424503 -0.409840 -0.319221 0.379451 -0.046232 -0.137967 0.008349 -0.239626 -0.159039 -0.094235 0.155968 0.046058 0.410122 0.372403 0.131109 -0.158239 -0.004921 0.156593 0.410724 0.303124 0.265721 -0.129098 0.327023 0.488698 0.384534 0.104480 -0.113467 0.255840 -0.096960 0.069373 -0.031438 -0.359415 0.142760 0.055719 -0.122862 0.037754 -0.368007 -0.232129 -0.052087 -0.127467 0.168273 0.063110 0.147840 -0.308839 -0.171354 -0.331356 -0.030608 -0.001398 0.225166 0.196861 0.173097
-0.461152 -0.491771 0.390990 -0.251560 1.000000 0.280719 0.412648 -0.033738 0.536468 0.227856 -0.133176 -0.376570 0.352090 -0.192534 0.106969 -0.049234 -0.085283 -0.370985 -0.217578 -0.088176 -0.185024 0.059414 -0.078358 -0.106526 -0.061804 -0.207579 0.338650 -0.092472 -0.061647 -0.461322 -0.327669 -0.357156 -0.390680 -0.491382 -0.129067 -0.113153 -0.414584 -0.558248 -0.414538 -0.019775 -0.385711 -0.513952 0.214062 0.164656 0.334263 0.341904 0.110470 0.344818 0.457825 0.399689 0.037513 0.334226 0.049343 0.429806 -0.574280 -0.312716 -0.285147 -0.434359 0.447569 0.120316 0.083876 -0.224007 -0.127686 -0.415186 -0.180212 -0.427587 0.287335 0.415298 -0.108797 0.322213 0.392607 0.043878 -0.317838 -0.405362 -0.349029 -0.485227 -0.570763 -0.415241 -0.377296 -0.508835 -0.137510 -0.444980 0.001855 -0.206364 -0.447849 -0.406019 -0.276939 -0.167751 -0.368709 -0.247503 0.399760 0.540042 0.198261 0.411400 -0.009582 -0.150134 -0.012843 0.050065 0.172235 0.499972 0.279159 0.372695 0.232869 0.478108 0.412931 0.324353 0.123201 0.359751 0.233161 -0.081625 0.305930 0.363463 0.276343 0.116859 0.174324 0.215957
-0.270585 -0.186916 0.047876 0.463965 0.280719 1.000000 -0.038587 0.193906 -0.147917 0.590219 -0.218133 -0.129062 -0.250064 0.023265 -0.009562 0.372675 -0.174291 -0.204955 -0.247501 -0.009582 0.101070 0.076126 0.302922 0.474589 0.480349 0.657698 0.724398 0.739867 -0.289011 -0.279245 -0.158598 -0.010678 -0.523033 -0.363642 0.412498 0.078471 -0.215918 -0.022776 0.028779 0.300404 -0.121231 -0.012967 -0.253402 -0.289424 -0.360848 -0.315645 -0.126868 -0.056509 -0.088903 -0.082433 0.064953 -0.132004 -0.088809 0.207816 -0.297386 -0.109853 -0.132238 -0.160864 -0.314379 -0.047005 -0.345060 0.258386 -0.351579 -0.244536 0.287811 0.198621 -0.263729 -0.119894 0.174888 0.058975 0.117875 -0.021078 -0.380361 -0.192782 -0.213956 -0.239941 -0.328599 -0.021376 0.113412 0.015722 -0.185660 -0.264738 0.093676 0.242873 0.003740 0.082110 -0.082730 0.273928 -0.051110 0.179050 0.304680 0.230093 0.477638 0.221900 -0.062998 -0.081111 -0.391025 0.113093 0.076619 0.189978 0.225234 -0.052207 -0.142874 0.212325 0.131777 0.315343 0.122167 0.317152 -0.202086 -0.154377 -0.149954 0.126750 0.155585 0.241994 0.376993 0.297251
-0.020697 -0.272860 0.605887 -0.222023 0.412648 -0.038587 1.000000 -0.015601 0.485133 -0.073573 0.016268 -0.212628 0.474409 -0.110317 0.281035 0.066409 0.309439 0.111960 0.112713 -0.103185 0.032622 0.208055 0.191851 0.100153 -0.170147 -0.235194 0.161615 -0.298280 0.317987 -0.039797 0.159808 0.085629 0.013971 -0.022143 0.044625 0.009036 -0.150196 -0.362175 -0.080765 -0.067376 -0.040440 -0.161691 -0.026484 -0.078759 0.178690 -0.010999 0.059509 -0.144332 0.025666 -0.004563 0.011642 0.106785 0.083216 -0.048858 -0.068700 -0.103773 -0.176462 -0.245389 0.118242 -0.323752 0.343813 -0.412743 -0.025151 -0.109705 -0.018613 -0.379570 -0.101545 -0.096204 -0.326272 -0.200719 0.221937 0.136068 0.050807 -0.126334 -0.004173 -0.095729 -0.021504 -0.021528 0.093810 -0.232316 0.052908 0.095785 0.258071 -0.013817 -0.241813 -0.154643 -0.079644 -0.288129 -0.087370 -0.249998 -0.096587 0.053676 0.023556 0.161930 0.070677 0.110192 -0.026234 0.178286 -0.043157 0.303925 -0.125535 0.248232 -0.076900 0.050656 0.163768 0.069284 -0.088545 -0.022694 0.031614 0.089444 -0.044722 0.400627 0.372648 0.044809 0.093167 -0.025471
-0.111558 0.016837 0.159749 0.383819 -0.033738 0.193906 -0.015601 1.000000 -0.095146 0.236233 -0.172196 0.028774 -0.255642 0.032031 -0.159232 0.003364 -0.279875 -0.258306 0.048532 -0.189084 0.017611 -0.027488 0.111781 0.310561 0.130462 0.286290 0.167373 0.138762 -0.316848 -0.230934 -0.145335 -0.122783 -0.288544 -0.166999 0.448213 0.190485 -0.269819 0.003865 0.008530 0.105431 -0.320116 -0.031079 -0.301939 -0.193075 -0.343286 -0.128507 -0.382721 -0.183965 0.114832 -0.079810 0.418035 0.028077 0.258192 0.035201 -0.075714 -0.274306 -0.176313 -0.026696 -0.126200 0.276664 -0.437311 0.231536 -0.269655 -0.134458 0.112713 0.281791 0.025676 0.205672 0.021543 0.079549 -0.111576 -0.071226 -0.260199 -0.165789 -0.335368 -0.213268 -0.212331 -0.101923 -0.095673 -0.178777 -0.355558 -0.246389 -0.232898 -0.227833 0.031243 -0.018261 -0.494110 -0.130587 0.279509 0.175705 0.229261 0.112005 0.229641 0.151537 0.079191 -0.154509 -0.261345 -0.058838 0.163050 0.033141 0.195033 -0.012885 -0.041842 0.129503 0.066370 0.265332 0.173424 0.310389 -0.042351 -0.068832 -0.228899 0.103257 0.026641 0.122937 0.229676 0.011034
-0.339344 -0.238548 0.435593 -0.220025 0.536468 -0.147917 0.485133 -0.095146 1.000000 0.188173 -0.111650 -0.371869 0.362114 -0.218790 0.349253 -0.151251 -0.043214 -0.259072 -0.061882 0.192497 -0.239390 -0.067650 -0.232361 -0.062971 -0.084040 -0.305190 -0.047091 -0.361567 0.026916 -0.394195 -0.272778 -0.274146 -0.229684 -0.180368 -0.192223 0.111067 -0.188503 -0.400126 -0.032384 -0.012376 -0.247313 -0.332122 0.034318 0.077942 0.118352 0.186182 0.030845 0.217862 0.242337 0.187482 -0.105217 0.154871 0.244242 0.273429 -0.210719 -0.261997 -0.225238 -0.222970 0.505889 0.153995 0.181724 -0.247726 -0.272050 -0.370556 -0.263535 -0.497956 0.220120 0.344974 -0.152987 0.292184 0.235812 -0.052833 -0.205623 -0.322367 -0.223754 -0.256627 -0.290389 -0.212101 -0.242321 -0.511881 0.024504 -0.276753 0.260192 -0.161452 -0.499812 -0.556246 -0.053702 -0.016432 -0.243192 -0.386679 0.300485 0.302344 0.042326 0.376914 0.306226 -0.043538 0.066071 0.066764 0.156998 0.291288 0.071422 0.492620 0.210062 0.360613 0.341414 0.222231 -0.045443 0.213089 0.131828 -0.133468 0.311599 0.191676 0.168493 -0.018884 0.039594 0.113160
-0.404984 -0.225644 0.139597 0.436336 0.227856 0.590219 -0.073573 0.236233 0.188173 1.000000 -0.450841 -0.184567 -0.343926 0.007069 -0.094274 0.233057 -0.181636 -0.169887 -0.360777 -0.133727 -0.159992 0.005886 0.089031 0.392491 0.357282 0.461013 0.365310 0.495140 -0.345460 -0.365788 -0.270859 -0.048071 -0.408947 -0.254148 0.288267 0.272727 -0.347239 -0.092390 -0.036801 0.077084 -0.384713 -0.139003 -0.268306 -0.238185 -0.352148 -0.205686 -0.160496 0.078238 -0.063447 -0.097922 0.103969 -0.092508 0.193611 0.244768 -0.271891 -0.350846 -0.155058 -0.184358 -0.008340 0.043958 -0.243568 0.269077 -0.456374 -0.341867 0.246955 0.194142 -0.116988 0.054059 0.165128 0.042632 0.076570 -0.140463 -0.359388 -0.198956 -0.207305 -0.108855 -0.277656 0.062965 0.072695 -0.069893 -0.292718 -0.271534 -0.102826 0.020425 -0.151371 -0.039939 -0.296597 0.215594 -0.042435 -0.053803 0.412338 0.290445 0.450886 0.314684 0.023326 0.104822 -0.412335 0.206962 0.182290 0.169282 0.212857 0.039919 -0.050648 0.226355 0.103530 0.284545 0.092768 0.282245 0.036695 -0.023674 0.097010 0.242791 0.078499 0.313528 0.300048 0.412862
0.475422 -0.045257 -0.226621 -0.189386 -0.133176 -0.218133 0.016268 -0.172196 -0.111650 -0.450841 1.000000 0.560683 0.442742 0.609860 0.520596 0.315699 0.244791 0.320014 0.186666 -0.283687 0.345758 0.388031 0.134018 -0.043432 -0.111472 0.035260 -0.039281 -0.008092 0.614317 0.351506 0.510242 0.381768 0.267237 -0.030525 -0.288479 -0.192117 0.155344 0.069270 -0.093928 -0.194760 0.235638 0.221929 -0.169166 -0.094059 0.123711 0.016861 -0.213940 -0.215598 0.174580 -0.001432 0.101873 0.175928 -0.229874 -0.193488 0.043416 0.267526 -0.175138 -0.200939 0.046925 -0.223118 0.130917 0.136406 0.305513 0.310535 0.000791 0.147037 -0.470748 -0.262169 -0.423146 -0.384625 0.119632 0.335865 0.448998 0.306660 0.223104 0.285782 0.134876 0.075645 -0.009250 0.066304 0.000869 0.065379 0.066746 0.269630 0.368793 0.377570 0.125678 -0.343691 -0.019165 -0.031268 -0.258377 -0.209311 -0.304098 -0.314345 -0.279546 0.082369 -0.246649 0.101338 -0.496695 -0.154883 -0.147823 -0.125982 -0.173943 -0.245090 -0.173423 -0.158552 -0.163784 -0.117695 -0.141171 0.258224 -0.213066 -0.088129 -0.298206 0.033087 0.013559 -0.069679
0.319898 0.273388 -0.419644 -0.018018 -0.376570 -0.129062 -0.212628 0.028774 -0.371869 -0.184567 0.560683 1.000000 0.115051 0.760723 0.193822 0.471625 0.214181 0.455844 0.051633 -0.424613 0.340062 0.274175 -0.031136 -0.065589 -0.068896 0.175738 -0.156763 0.170065 0.233103 0.363494 0.366860 0.397891 0.250991 0.043758 -0.102841 -0.151859 0.118616 0.158658 -0.053538 -0.339402 0.001167 0.344083 -0.166963 -0.066550 0.038924 -0.117041 -0.148959 -0.286807 0.026675 -0.070930 0.101635 0.057698 -0.188397 -0.379735 0.132910 0.108951 0.085398 0.128698 -0.064713 -0.123981 0.153032 0.531140 0.281132 0.594778 0.184967 0.452024 -0.364873 -0.383950 -0.112376 -0.455092 -0.119430 0.102879 0.255571 0.400870 0.239815 0.486499 0.350342 0.302380 -0.033392 0.330860 -0.052543 0.182185 -0.301376 0.201621 0.426951 0.508386 -0.025184 -0.054141 0.176336 -0.012443 -0.257008 -0.335849 -0.258006 -0.407963 -0.327179 0.080591 -0.204305 0.052349 -0.393042 -0.384495 -0.209467 -0.387997 -0.432950 -0.424712 -0.440026 -0.300791 -0.048831 -0.327070 -0.125563 0.239744 -0.264221 -0.162178 -0.401433 -0.043882 -0.076061 -0.139885
0.128137 -0.221426 0.041834 -0.599269 0.352090 -0.250064 0.474409 -0.255642 0.362114 -0.343926 0.442742 0.115051 1.000000 0.178979 0.363547 0.085901 0.444754 0.199121 0.000030 -0.114134 0.037377 0.229745 -0.265903 -0.335474 -0.279992 -0.372098 -0.160546 -0.439885 0.625659 0.323932 0.105284 0.115647 0.188168 0.078773 -0.463229 -0.327682 0.094588 -0.106620 -0.178573 -0.200528 0.074221 -0.008118 0.089805 0.096794 0.523070 0.304185 0.054664 0.023190 0.347525 0.292553 -0.168340 0.349208 -0.183244 0.006086 -0.259990 -0.078705 -0.117695 -0.310054 0.306071 -0.101428 0.369877 -0.298530 0.299605 0.141059 -0.308433 -0.468021 -0.046087 -0.031860 -0.420762 -0.113929 0.304225 0.205329 0.383492 0.163756 0.199887 -0.096081 -0.025662 -0.241050 -0.173659 -0.100323 0.161963 0.038892 0.107638 0.047538 -0.285319 -0.133537 0.057246 -0.247321 -0.409119 -0.428356 -0.111485 0.092896 -0.183576 0.115806 -0.074094 -0.041214 -0.009489 0.143263 -0.094761 0.157862 -0.181815 0.251284 0.037544 -0.053144 0.074438 -0.059162 -0.235435 -0.138936 0.109577 0.105494 0.037584 0.136307 0.054825 -0.081277 -0.016947 0.014166
0.105797 0.102991 -0.291345 0.130358 -0.192534 0.023265 -0.110317 0.032031 -0.218790 0.007069 0.609860 0.760723 0.178979 1.000000 0.360116 0.574274 0.069216 0.312436 -0.055778 -0.308224 0.189421 0.420749 0.133382 0.132497 0.033798 0.330643 0.053365 0.349687 0.196824 0.232661 0.260711 0.405609 -0.042754 -0.223563 -0.078708 -0.147897 -0.107559 0.058131 -0.149520 -0.266989 0.036017 0.214800 -0.203732 -0.051764 0.042265 -0.039498 -0.160152 -0.097893 0.044004 -0.057866 0.015458 0.040327 -0.292760 -0.317744 -0.025273 0.060245 -0.211969 -0.095197 -0.070475 -0.239012 -0.107591 0.377520 -0.004467 0.199861 0.214054 0.389201 -0.488447 -0.350645 -0.128049 -0.308924 0.034671 0.260059 0.134930 0.291589 0.072373 0.357202 0.048703 0.260642 0.013578 0.132435 -0.237861 -0.065142 -0.132025 0.387042 0.333317 0.446054 0.019021 -0.073623 0.039050 -0.115446 -0.062124 -0.142099 -0.148658 -0.251175 -0.165576 0.128265 -0.312194 0.255739 -0.424260 -0.194999 -0.232400 -0.285893 -0.380569 -0.238622 -0.260836 -0.016503 -0.173748 -0.126116 -0.186082 0.256917 -0.084165 -0.015373 -0.377725 0.223865 0.096554 0.109441
0.043044 -0.186042 0.122847 0.110710 0.106969 -0.009562 0.281035 -0.159232 0.349253 -0.094274 0.520596 0.193822 0.363547 0.360116 1.000000 0.524450 0.088880 0.100231 0.148203 0.095838 0.151475 0.378777 0.236618 0.361840 -0.197475 0.089545 0.003291 0.098530 0.552788 0.104894 0.327036 0.364591 -0.082156 -0.173057 -0.167642 -0.006502 0.218894 0.020807 0.059794 0.006760 0.235317 0.163533 -0.408901 -0.404182 -0.166307 -0.317825 -0.275600 -0.332223 -0.040859 -0.256493 0.047681 -0.034969 0.100913 -0.094457 0.025306 0.040203 -0.363171 -0.288457 -0.004890 -0.265761 0.057470 0.148604 -0.096295 0.045569 0.171909 -0.051353 -0.479408 -0.337247 -0.260692 -0.132652 0.220633 0.324358 0.238136 -0.049822 0.057022 0.124989 -0.019725 0.133327 0.253374 -0.160051 0.170907 -0.017318 0.629615 0.597143 0.263829 0.253004 0.066461 -0.031960 0.119696 -0.084133 -0.079719 -0.151110 -0.140902 -0.123852 0.139805 0.242397 -0.368708 0.363087 -0.375689 0.054989 -0.315819 0.069156 -0.259568 0.000021 0.069561 0.139837 -0.133954 0.127804 -0.140950 0.203222 -0.233158 0.088097 -0.104230 0.076952 0.245288 0.263883
0.141054 0.023307 -0.052172 0.376748 -0.049234 0.372675 0.066409 0.003364 -0.151251 0.233057 0.315699 0.471625 0.085901 0.574274 0.524450 1.000000 0.262453 0.374628 0.127099 -0.220020 0.360890 0.456337 0.389424 0.472953 0.121454 0.563123 0.188728 0.528545 0.266726 0.190124 0.447590 0.653662 -0.066383 -0.146279 0.041356 -0.008101 0.170438 0.249891 -0.002896 -0.127773 0.150878 0.428296 -0.585694 -0.487805 -0.316119 -0.520064 -0.405343 -0.502957 -0.188461 -0.411820 0.017427 -0.203402 -0.081392 -0.306612 -0.004752 -0.060605 -0.126631 -0.091983 -0.284839 -0.405371 0.100127 0.488455 -0.053877 0.296864 0.594051 0.370710 -0.619024 -0.561308 -0.097137 -0.429952 0.001598 0.344450 0.199929 0.221603 0.349126 0.408390 0.185699 0.448523 0.303746 0.309996 -0.027689 0.144839 0.238926 0.647338 0.393372 0.576269 0.014899 0.188459 0.244888 0.151228 -0.215650 -0.339278 -0.180468 -0.342572 -0.277061 0.190795 -0.564779 0.351320 -0.420532 -0.162486 -0.344642 -0.379823 -0.590680 -0.325975 -0.307707 -0.099126 -0.125102 0.017262 -0.322978 0.197513 -0.360258 0.024188 -0.269898 0.152341 0.175631 0.187483
0.475418 -0.048469 -0.028558 -0.197532 -0.085283 -0.174291 0.309439 -0.279875 -0.043214 -0.181636 0.244791 0.214181 0.444754 0.069216 0.088880 0.262453 1.000000 0.685010 0.149842 -0.151111 0.175437 0.025096 0.014888 -0.130456 0.015174 -0.076723 -0.120758 -0.246440 0.543995 0.555018 0.483950 0.504553 0.402491 0.339828 -0.243268 -0.131993 0.347593 0.110085 0.074925 -0.482434 0.162912 0.304455 -0.126027 -0.160094 0.230778 -0.080218 -0.026041 -0.325990 -0.160715 -0.081552 -0.202280 -0.054251 -0.194924 -0.243920 -0.049798 -0.003969 0.437469 0.070191 -0.151212 -0.482359 0.401969 -0.206854 0.389012 0.368694 0.073583 -0.161111 -0.319055 -0.421342 -0.107750 -0.523267 0.011610 0.019476 0.606426 0.396013 0.556879 0.341420 0.504647 0.297567 0.131867 0.505482 0.400130 0.609092 0.035633 0.154620 0.086625 0.310151 0.197147 -0.124014 -0.072037 -0.150348 -0.314283 -0.322377 -0.297181 -0.217276 -0.376286 0.093913 -0.276042 0.171891 -0.134695 -0.083172 -0.387846 -0.151320 -0.406499 -0.438656 -0.397174 -0.415377 -0.348809 -0.399100 0.016021 0.171674 -0.124279 0.095631 0.046159 -0.095436 -0.124872 -0.029549
0.558087 0.261224 -0.216005 -0.069633 -0.370985 -0.204955 0.111960 -0.258306 -0.259072 -0.169887 0.320014 0.455844 0.199121 0.312436 0.100231 0.374628 0.685010 1.000000 0.225841 -0.195718 0.326402 0.196773 0.053387 -0.083930 -0.103593 0.048568 -0.190613 -0.078048 0.498651 0.715502 0.605206 0.603874 0.522058 0.428879 -0.213464 -0.090774 0.413885 0.244098 0.031529 -0.350234 0.193148 0.478216 -0.149546 -0.157762 0.056930 -0.226277 -0.075228 -0.436448 -0.272748 -0.223932 -0.184127 -0.255242 -0.176465 -0.476832 0.159104 0.108058 0.419656 0.323650 -0.241834 -0.450597 0.461752 -0.016493 0.548267 0.649328 0.226960 0.100373 -0.431124 -0.576496 -0.115435 -0.679186 -0.134690 0.086823 0.613723 0.564364 0.647740 0.578046 0.683920 0.437288 0.182766 0.684755 0.363817 0.697121 -0.054745 0.150811 0.304529 0.453840 0.207373 -0.071049 0.122220 -0.000495 -0.508337 -0.549445 -0.310436 -0.463429 -0.431893 0.145132 -0.202331 0.215536 -0.292564 -0.232326 -0.374504 -0.292956 -0.585849 -0.673328 -0.643542 -0.649649 -0.306700 -0.573575 -0.111415 0.263673 -0.255477 -0.024306 -0.135580 -0.276253 -0.297337 -0.302400
0.418046 0.229592 0.310231 0.220408 -0.217578 -0.247501 0.112713 0.048532 -0.061882 -0.360777 0.186666 0.051633 0.000030 -0.055778 0.148203 0.127099 0.149842 0.225841 1.000000 0.275880 0.327847 0.086388 0.252324 0.064309 -0.235945 -0.082785 -0.253493 -0.186876 0.251766 0.317199 0.432993 0.337001 0.358620 0.261807 -0.064390 0.062130 0.220015 0.084881 0.191483 0.023116 0.178465 0.463141 -0.129735 -0.081120 -0.084990 -0.194162 -0.227408 -0.478910 -0.219584 -0.300174 -0.091270 -0.262920 0.117027 -0.168078 0.262466 0.115429 0.174228 0.210509 -0.031690 -0.213391 0.356094 -0.035077 0.255757 0.318345 0.148647 -0.040307 -0.055394 -0.269602 -0.033900 -0.317985 -0.209117 0.006763 0.354134 0.256893 0.417313 0.325703 0.416861 0.208935 0.077880 0.130997 0.141216 0.284790 0.158699 0.139129 0.100692 0.068540 0.059056 -0.113429 0.371287 0.237908 -0.568082 -0.563014 -0.420046 -0.523624 -0.082583 -0.023200 -0.024886 -0.047417 -0.192622 -0.332788 -0.292159 -0.412987 -0.260018 -0.490313 -0.395381 -0.431487 -0.130583 -0.336415 -0.067907 -0.068050 -0.404982 -0.286091 -0.043769 -0.317501 -0.333506 -0.497608
-0.190668 0.169555 0.151636 0.170003 -0.088176 -0.009582 -0.103185 -0.189084 0.192497 -0.133727 -0.283687 -0.424613 -0.114134 -0.308224 0.095838 -0.220020 -0.151111 -0.195718 0.275880 1.000000 -0.243512 -0.311894 -0.020842 0.172613 -0.044900 -0.148757 -0.116947 -0.091268 -0.070686 -0.004075 -0.224402 -0.148886 -0.211793 0.043328 -0.045012 -0.064161 0.139886 0.112613 0.317542 0.258657 0.268141 0.007200 0.102419 0.044547 -0.098385 -0.083095 0.202758 0.156139 -0.314682 -0.167992 -0.401108 -0.400814 0.081293 0.089122 0.110004 0.039403 0.112491 0.180252 -0.150971 0.017393 -0.253491 -0.314400 -0.205158 -0.318276 -0.325226 -0.470576 0.201606 -0.062333 0.418500 0.514855 0.076501 -0.133365 -0.020275 -0.142191 -0.079448 -0.122506 0.011401 0.014217 0.134401 -0.033800 0.311372 -0.019049 0.473999 0.213555 -0.289849 -0.389968 0.330894 0.379032 0.046385 -0.068584 0.046267 -0.016451 0.063049 0.067144 0.487774 -0.098049 0.318524 -0.003824 0.333700 0.052026 -0.077225 0.087167 0.201012 0.140923 0.128461 0.129605 -0.212561 -0.065618 -0.031490 -0.312916 0.111866 -0.070614 0.200668 -0.196876 -0.071360 -0.024612
0.371124 0.288935 -0.103117 0.139674 -0.185024 0.101070 0.032622 0.017611 -0.239390 -0.159992 0.345758 0.340062 0.037377 0.189421 0.151475 0.360890 0.175437 0.326402 0.327847 -0.243512 1.000000 0.547976 0.140667 0.009616 -0.068304 0.233029 0.125222 0.197890 0.191960 0.299674 0.516025 0.399173 0.325167 0.147090 0.229584 0.083347 0.040152 0.195237 0.022128 0.272402 0.151704 0.465067 -0.336527 -0.315519 -0.194789 -0.290303 -0.438048 -0.643106 0.006805 -0.265278 0.276685 -0.090108 0.066763 -0.233762 0.076079 0.072157 0.007392 0.231267 -0.182992 -0.208687 0.307565 0.252909 0.258758 0.529651 0.309830 0.325740 -0.309390 -0.268381 -0.161462 -0.385589 -0.005058 0.478811 0.187919 0.198425 0.206219 0.260266 0.132184 0.111132 0.136773 0.250857 -0.127305 0.125758 0.130920 0.139334 0.355383 0.384043 -0.078227 -0.208041 0.316799 0.176257 -0.511700 -0.365014 -0.195130 -0.455046 -0.351174 -0.295473 -0.272521 -0.162314 -0.355603 -0.296840 -0.077469 -0.214709 -0.339860 -0.422901 -0.330536 -0.283708 0.170747 -0.131787 -0.327093 -0.035479 -0.644407 -0.261813 0.015067 -0.129067 -0.077824 -0.317660
0.100703 -0.020686 0.080163 0.055986 0.059414 0.076126 0.208055 -0.027488 -0.067650 0.005886 0.388031 0.274175 0.229745 0.420749 0.378777 0.456337 0.025096 0.196773 0.086388 -0.311894 0.547976 1.000000 0.236206 0.099290 -0.256830 0.190680 0.173479 0.281405 0.300225 0.107380 0.379062 0.351457 0.084843 -0.096106 -0.026922 0.059544 -0.158961 -0.003946 -0.254332 0.075062 0.100750 0.277034 -0.340188 -0.291748 -0.067110 -0.160297 -0.379285 -0.375120 0.036185 -0.244512 0.172898 0.058720 0.078899 -0.147172 -0.167101 -0.209606 -0.310671 -0.054941 0.066374 -0.227614 0.150240 0.203265 0.056377 0.173433 0.303963 0.098751 -0.313344 -0.172806 -0.231613 -0.265017 0.005534 0.462193 0.160539 0.049871 0.048585 0.109108 -0.151211 -0.041550 0.192283 -0.053409 -0.210473 -0.074389 0.102884 0.258230 0.338617 0.387961 -0.226447 -0.293616 0.224797 -0.077332 -0.304552 -0.091565 -0.056601 -0.253939 -0.103274 -0.047598 -0.294803 0.197724 -0.449940 0.024695 -0.023708 -0.166562 -0.223332 -0.090239 -0.020497 0.115102 0.106584 0.059572 -0.106602 0.229833 -0.328977 0.025098 -0.082934 0.155237 0.180173 0.155051
0.208098 -0.245745 0.456659 0.510564 -0.078358 0.302922 0.191851 0.111781 -0.232361 0.089031 0.134018 -0.031136 -0.265903 0.133382 0.236618 0.389424 0.014888 0.053387 0.252324 -0.020842 0.140667 0.236206 1.000000 0.736287 0.268026 0.449993 0.336115 0.479455 0.109157 -0.014557 0.398824 0.354120 -0.084350 -0.119972 0.365702 0.281077 -0.031177 0.040138 0.193408 0.062128 0.275195 0.171921 -0.437873 -0.479274 -0.407403 -0.541767 -0.391790 -0.332258 -0.342291 -0.488852 -0.004484 -0.233251 -0.010578 0.097124 0.103462 0.044611 -0.085860 -0.096936 -0.349399 -0.526221 -0.111081 0.175925 -0.223516 -0.098201 0.534113 0.314714 -0.465950 -0.338385 0.029954 -0.247682 -0.150182 0.258300 0.081537 -0.119833 0.057685 0.174012 0.021101 0.238146 0.491759 0.086375 -0.174353 0.066190 0.239688 0.354315 0.350571 0.385600 0.118366 -0.074268 0.437121 0.386788 -0.150811 -0.239282 -0.034767 -0.247801 0.002550 0.063028 -0.336194 0.156385 -0.316487 -0.217547 -0.026162 -0.338756 -0.323004 -0.111837 -0.129880 0.183825 -0.152972 -0.045395 -0.301914 0.002931 -0.283523 -0.041021 -0.035284 0.280320 0.162639 0.099025
-0.058380 -0.257445 0.323846 0.663755 -0.106526 0.474589 0.100153 0.310561 -0.062971 0.392491 -0.043432 -0.065589 -0.335474 0.132497 0.361840 0.472953 -0.130456 -0.083930 0.064309 0.172613 0.009616 0.099290 0.736287 1.000000 0.278984 0.579238 0.328620 0.551652 0.050219 -0.103569 0.226626 0.338849 -0.334278 -0.162513 0.494396 0.303137 0.032652 0.186804 0.232786 0.115184 0.224368 0.185953 -0.598565 -0.594864 -0.648420 -0.674282 -0.378979 -0.286097 -0.484879 -0.600560 0.056016 -0.406953 0.050512 0.039069 0.036912 -0.141768 -0.279831 -0.278665 -0.469688 -0.374168 -0.338535 0.246176 -0.443350 -0.235447 0.431860 0.286581 -0.488146 -0.336400 0.074364 -0.069753 0.036276 0.199914 -0.036612 -0.179009 -0.029246 0.177858 -0.007192 0.374513 0.580431 0.086916 -0.038792 0.016941 0.392745 0.531631 0.269997 0.266216 0.065121 0.206794 0.371111 0.219600 0.093955 -0.096887 0.190306 -0.005596 0.133510 0.227496 -0.438166 0.258223 -0.128209 -0.170394 -0.022074 -0.161882 -0.277996 0.054431 -0.022603 0.340381 -0.138885 0.191135 -0.224835 -0.010622 -0.211826 0.098876 0.049019 0.344185 0.388262 0.325805
-0.055248 -0.061729 -0.049930 0.282586 -0.061804 0.480349 -0.170147 0.130462 -0.084040 0.357282 -0.111472 -0.068896 -0.279992 0.033798 -0.197475 0.121454 0.015174 -0.103593 -0.235945 -0.044900 -0.068304 -0.256830 0.268026 0.278984 1.000000 0.587544 0.425932 0.418208 -0.375079 -0.183683 -0.062975 0.103584 -0.273734 -0.159270 0.292401 0.252442 -0.113041 0.196345 0.299108 0.162308 -0.112082 0.018755 -0.300791 -0.202526 -0.297474 -0.178251 -0.273407 -0.011406 -0.086613 -0.038937 -0.080332 -0.129345 -0.157494 0.117807 0.028351 0.028469 0.100074 0.073081 -0.246525 0.015761 -0.292354 0.260692 -0.519120 -0.297668 0.231937 0.268022 -0.292088 0.103338 0.138881 0.049227 0.026330 -0.076850 -0.210179 0.111206 -0.059098 -0.028670 -0.074039 0.132670 0.077790 0.109534 -0.292584 -0.144445 -0.068744 0.010971 -0.034712 -0.041652 0.225259 0.183932 0.092638 0.243621 0.362459 0.074596 0.195106 0.171239 -0.128097 -0.059834 -0.271574 -0.185171 0.075059 -0.080054 0.129451 0.028952 -0.197669 0.030216 -0.112346 0.048692 -0.216543 0.090158 -0.188572 -0.258559 0.000400 -0.114077 -0.225385 0.021301 0.021378 0.106173
0.052057 0.011582 -0.033601 0.559489 -0.207579 0.657698 -0.235194 0.286290 -0.305190 0.461013 0.035260 0.175738 -0.372098 0.330643 0.089545 0.563123 -0.076723 0.048568 -0.082785 -0.148757 0.233029 0.190680 0.449993 0.579238 0.587544 1.000000 0.527662 0.780897 -0.180064 -0.018160 0.285893 0.483292 -0.230410 -0.044879 0.438989 0.440568 0.031894 0.322181 0.215927 0.128024 0.143880 0.376557 -0.585734 -0.479943 -0.576008 -0.492215 -0.474338 -0.350542 -0.318521 -0.420628 0.118307 -0.325262 -0.129238 -0.065377 0.012462 -0.091708 -0.035330 0.015954 -0.373894 -0.236754 -0.327552 0.516530 -0.412241 -0.059170 0.554732 0.604333 -0.505592 -0.193809 0.034988 -0.273355 -0.116846 0.057868 -0.085143 0.092961 0.101735 0.126663 -0.013526 0.306952 0.301085 0.296432 -0.213056 0.014533 0.091493 0.384611 0.438746 0.454514 0.016459 0.146933 0.296098 0.270443 0.018115 -0.240171 0.035151 -0.190906 -0.161476 0.121728 -0.576270 0.127478 -0.286779 -0.223931 -0.107034 -0.317566 -0.507277 -0.205733 -0.274757 0.053086 -0.200375 0.084455 -0.239121 0.053370 -0.243004 -0.135441 -0.248388 0.200115 0.197446 0.166036
-0.091046 -0.185000 0.169519 0.257503 0.338650 0.724398 0.161615 0.167373 -0.047091 0.365310 -0.039281 -0.156763 -0.160546 0.053365 0.003291 0.188728 -0.120758 -0.190613 -0.253493 -0.116947 0.125222 0.173479 0.336115 0.328620 0.425932 0.527662 1.000000 0.573749 -0.211023 -0.300826 -0.021092 0.004557 -0.441527 -0.349515 0.361449 0.147544 -0.288293 -0.256745 -0.138103 0.282060 0.026899 -0.067903 -0.167210 -0.235299 -0.206391 -0.191137 -0.173081 -0.013454 0.050633 0.021588 0.239694 0.038289 -0.058657 0.229926 -0.290481 -0.134032 -0.182855 -0.123551 -0.176314 -0.174155 -0.266272 0.041906 -0.329731 -0.355527 0.271198 0.093729 -0.240281 -0.024395 0.074484 -0.021329 0.128070 0.039429 -0.238630 -0.223752 -0.277786 -0.209490 -0.367126 -0.058745 0.139533 -0.111561 -0.174980 -0.264736 0.129381 0.092621 0.156101 0.122644 -0.065446 -0.089878 -0.015568 0.075720 0.266101 0.217304 0.366922 0.216395 -0.130285 -0.126088 -0.298695 0.035193 -0.129370 0.158391 0.229182 -0.044123 -0.151159 0.200066 0.201401 0.288909 0.180154 0.272601 -0.246923 -0.046951 -0.093841 0.256513 0.203663 0.233235 0.353561 0.181440
-0.110426 0.010854 -0.109075 0.658475 -0.092472 0.739867 -0.298280 0.138762 -0.361567 0.495140 -0.008092 0.170065 -0.439885 0.349687 0.098530 0.528545 -0.246440 -0.078048 -0.186876 -0.091268 0.197890 0.281405 0.479455 0.551652 0.418208 0.780897 0.573749 1.000000 -0.246913 -0.226672 0.054729 0.193717 -0.425644 -0.329211 0.342013 0.221128 -0.128542 0.162800 0.140807 0.271101 0.090749 0.195617 -0.424225 -0.421424 -0.555155 -0.490350 -0.348245 -0.182197 -0.241214 -0.387580 0.072626 -0.278542 -0.059205 0.057505 -0.084582 -0.038415 -0.107385 -0.009594 -0.358064 -0.185408 -0.391500 0.496317 -0.367946 -0.162361 0.517809 0.547807 -0.432322 -0.244791 0.187060 -0.069725 -0.099733 0.073596 -0.244421 -0.189177 -0.153276 0.061958 -0.210722 0.217932 0.357323 0.190358 -0.275528 -0.169569 0.034995 0.432366 0.373081 0.431495 0.021731 0.283269 0.189309 0.326700 0.181544 0.037695 0.324565 -0.055289 0.006503 -0.050555 -0.373458 0.062487 -0.162818 -0.123670 0.111194 -0.247312 -0.268029 0.037462 -0.078432 0.249207 0.091962 0.206038 -0.393929 -0.073356 -0.197909 -0.043731 -0.132833 0.294429 0.240411 0.197805
0.448814 -0.146834 -0.008888 -0.296201 -0.061647 -0.289011 0.317987 -0.316848 0.026916 -0.345460 0.614317 0.233103 0.625659 0.196824 0.552788 0.266726 0.543995 0.498651 0.251766 -0.070686 0.191960 0.300225 0.109157 0.050219 -0.375079 -0.180064 -0.211023 -0.246913 1.000000 0.632799 0.618543 0.506602 0.422342 0.286795 -0.332290 -0.232325 0.412697 0.144321 -0.036448 -0.311181 0.379214 0.282650 -0.127495 -0.204181 0.181211 -0.070341 -0.062340 -0.331429 -0.124070 -0.170042 -0.039047 0.026046 -0.131693 -0.216911 -0.052825 0.040856 -0.030963 -0.208717 -0.074551 -0.494796 0.370575 -0.254647 0.447188 0.340578 -0.084334 -0.192361 -0.404533 -0.434067 -0.405263 -0.472208 0.181077 0.273037 0.754491 0.313367 0.489861 0.330815 0.342589 0.120929 0.266097 0.266895 0.463551 0.421301 0.301276 0.315992 0.183197 0.329289 0.139411 -0.280930 -0.109334 -0.269005 -0.384838 -0.277984 -0.229672 -0.253787 -0.188154 0.289943 -0.232550 0.365167 -0.320664 -0.050871 -0.366629 -0.060473 -0.211671 -0.354333 -0.193358 -0.223074 -0.253844 -0.339809 0.127074 0.385218 -0.200202 0.159291 0.125087 -0.021152 0.102379 0.016615
0.568747 0.284851 -0.218601 -0.177986 -0.461322 -0.279245 -0.039797 -0.230934 -0.394195 -0.365788 0.351506 0.363494 0.323932 0.232661 0.104894 0.190124 0.555018 0.715502 0.317199 -0.004075 0.299674 0.107380 -0.014557 -0.103569 -0.183683 -0.018160 -0.300826 -0.226672 0.632799 1.000000 0.601271 0.644827 0.671988 0.624907 -0.125625 -0.157862 0.531300 0.408794 -0.006384 -0.227918 0.355975 0.528777 -0.097824 -0.097364 0.148593 -0.097745 -0.057996 -0.408400 -0.296748 -0.221096 -0.187287 -0.259398 -0.351511 -0.519382 0.133898 0.147053 0.301134 0.195203 -0.250452 -0.406992 0.402236 -0.107077 0.591216 0.641999 0.020325 0.015527 -0.292619 -0.510907 -0.257459 -0.577426 -0.000902 0.122293 0.793930 0.719979 0.712231 0.518567 0.640713 0.260158 0.232399 0.624479 0.440575 0.677145 0.066520 0.254927 0.268608 0.423624 0.251960 -0.093570 0.104720 -0.121024 -0.636725 -0.581120 -0.406058 -0.522090 -0.417561 0.204555 -0.172478 0.157372 -0.270447 -0.341413 -0.464815 -0.355396 -0.452841 -0.735039 -0.596777 -0.594720 -0.449640 -0.656883 0.086954 0.241659 -0.326843 -0.179703 -0.067253 -0.331902 -0.279035 -0.277093
0.669836 0.097309 0.086266 0.064706 -0.327669 -0.158598 0.159808 -0.145335 -0.272778 -0.270859 0.510242 0.366860 0.105284 0.260711 0.327036 0.447590 0.483950 0.605206 0.432993 -0.224402 0.516025 0.379062 0.398824 0.226626 -0.062975 0.285893 -0.021092 0.054729 0.618543 0.601271 1.000000 0.853823 0.540001 0.456395 0.002451 0.190600 0.410128 0.242492 0.052884 -0.337801 0.441073 0.563189 -0.368874 -0.303424 -0.089833 -0.305737 -0.317318 -0.637410 -0.428509 -0.495219 0.032441 -0.299157 -0.265234 -0.387133 0.155186 0.139859 0.111413 0.102583 -0.212659 -0.716657 0.424139 0.087682 0.315658 0.450815 0.455162 0.333368 -0.551208 -0.472957 -0.303514 -0.792159 -0.144599 0.201575 0.705736 0.442870 0.674808 0.623767 0.568029 0.369527 0.353141 0.551582 0.299731 0.612857 0.169337 0.290436 0.608214 0.635880 0.214484 -0.242325 0.424098 0.121506 -0.659022 -0.707355 -0.504828 -0.706201 -0.464047 0.324065 -0.336988 0.222426 -0.530512 -0.346857 -0.376147 -0.499975 -0.602879 -0.742825 -0.628196 -0.501861 -0.327861 -0.479629 0.058814 0.386960 -0.379492 -0.125056 -0.125217 -0.156492 -0.157487 -0.224047
0.508564 0.100007 0.004725 0.201830 -0.357156 -0.010678 0.085629 -0.122783 -0.274146 -0.048071 0.381768 0.397891 0.115647 0.405609 0.364591 0.653662 0.504553 0.603874 0.337001 -0.148886 0.399173 0.351457 0.354120 0.338849 0.103584 0.483292 0.004557 0.193717 0.506602 0.644827 0.853823 1.000000 0.405719 0.432117 0.056073 0.216278 0.406883 0.382950 0.079707 -0.286574 0.389862 0.631402 -0.508149 -0.393838 -0.186592 -0.409089 -0.349038 -0.585144 -0.473241 -0.535896 -0.048457 -0.396827 -0.273865 -0.442229 0.196633 0.073917 0.083689 0.024513 -0.313051 -0.668010 0.314542 0.220028 0.127117 0.406503 0.484417 0.326149 -0.622532 -0.564289 -0.232878 -0.731620 -0.032454 0.244997 0.649741 0.554737 0.725526 0.642326 0.588079 0.547874 0.429998 0.610815 0.224464 0.580498 0.229705 0.529345 0.547322 0.630014 0.194620 -0.032755 0.382135 0.058009 -0.555770 -0.696322 -0.486324 -0.616107 -0.445019 0.375898 -0.464545 0.253309 -0.517578 -0.393666 -0.520910 -0.511805 -0.731211 -0.753140 -0.662760 -0.492564 -0.515790 -0.401236 -0.024818 0.266636 -0.328302 -0.135337 -0.266167 -0.131240 -0.153035 -0.080845
0.643081 0.281007 -0.074683 -0.356640 -0.390680 -0.523033 0.013971 -0.288544 -0.229684 -0.408947 0.267237 0.250991 0.188168 -0.042754 -0.082156 -0.066383 0.402491 0.522058 0.358620 -0.211793 0.325167 0.084843 -0.084350 -0.334278 -0.273734 -0.230410 -0.441527 -0.425644 0.422342 0.671988 0.540001 0.405719 1.000000 0.743101 -0.275141 -0.026984 0.403911 0.200267 -0.079423 -0.227791 0.235316 0.311752 0.009813 0.037372 0.207967 0.021559 -0.029012 -0.349343 -0.145994 -0.103259 -0.050006 -0.048531 -0.184979 -0.347867 0.207917 0.173266 0.424133 0.280572 0.110441 -0.189279 0.686921 -0.046675 0.685871 0.653721 0.052385 0.041847 0.019963 -0.272006 -0.339566 -0.587462 -0.148173 0.053950 0.637788 0.538487 0.647400 0.463116 0.593352 0.140305 0.049424 0.401495 0.268302 0.606305 -0.140273 -0.116359 0.184250 0.217409 0.168172 -0.203070 0.144459 -0.009777 -0.751901 -0.575979 -0.520001 -0.541045 -0.340748 0.190184 0.052242 0.029812 -0.265734 -0.366754 -0.326008 -0.279809 -0.227260 -0.647642 -0.513222 -0.681787 -0.172641 -0.591211 0.166599 0.312459 -0.243654 -0.284378 -0.075692 -0.287003 -0.403231 -0.413908
0.525409 0.345701 -0.024260 -0.212427 -0.491382 -0.363642 -0.022143 -0.166999 -0.180368 -0.254148 -0.030525 0.043758 0.078773 -0.223563 -0.173057 -0.146279 0.339828 0.428879 0.261807 0.043328 0.147090 -0.096106 -0.119972 -0.162513 -0.159270 -0.044879 -0.349515 -0.329211 0.286795 0.624907 0.456395 0.432117 0.743101 1.000000 -0.143615 0.181713 0.425346 0.261170 0.104788 -0.172571 0.250414 0.377577 -0.072241 -0.021621 0.006928 -0.069565 0.009910 -0.284782 -0.412611 -0.247681 -0.193676 -0.294151 -0.226795 -0.240984 0.298912 0.096353 0.448448 0.316089 -0.056301 -0.193375 0.432787 -0.121503 0.412544 0.498153 0.029073 0.024896 -0.010668 -0.185828 -0.085857 -0.497167 -0.280455 -0.135081 0.531508 0.454055 0.626087 0.364754 0.653603 0.175586 0.195186 0.550522 0.434335 0.697378 -0.089464 -0.099418 0.154665 0.091427 0.234216 -0.053025 0.136420 -0.091242 -0.615101 -0.634106 -0.451925 -0.421555 -0.198374 0.171053 0.154686 0.020765 -0.108580 -0.277905 -0.348106 -0.188235 -0.249299 -0.593888 -0.482544 -0.575780 -0.341404 -0.540183 0.178310 0.177221 -0.092514 -0.251726 -0.017483 -0.326409 -0.440411 -0.388652
-0.176720 -0.116593 0.227861 0.453449 -0.129067 0.412498 0.044625 0.448213 -0.192223 0.288267 -0.288479 -0.102841 -0.463229 -0.078708 -0.167642 0.041356 -0.243268 -0.213464 -0.064390 -0.045012 0.229584 -0.026922 0.365702 0.494396 0.292401 0.438989 0.361449 0.342013 -0.332290 -0.125625 0.002451 0.056073 -0.275141 -0.143615 1.000000 0.446371 -0.162080 0.043443 0.075079 0.288945 0.014443 0.069221 -0.281465 -0.304116 -0.459110 -0.319053 -0.261073 -0.181160 -0.184159 -0.257798 0.309998 -0.196194 0.080503 -0.071479 -0.017156 -0.120510 -0.258280 -0.123251 -0.371285 -0.125795 -0.327588 0.122632 -0.398132 -0.109484 0.273097 0.380620 -0.056817 -0.005272 0.083637 0.003351 -0.031455 0.121094 -0.306816 -0.172729 -0.238845 -0.114603 -0.139159 0.122090 0.285896 -0.006674 -0.264699 -0.090405 0.184060 0.122349 0.175451 0.173198 -0.272293 -0.084394 0.293250 0.159888 0.083236 0.055203 0.257370 0.042482 -0.078368 0.009397 -0.351578 -0.093204 -0.113689 -0.163260 0.201689 -0.165677 -0.094097 0.094988 0.106278 0.307830 0.078709 0.168782 -0.208439 -0.119654 -0.297178 0.018560 0.151274 0.141463 0.296671 0.137110
0.029257 -0.209110 0.395504 0.283796 -0.113153 0.078471 0.009036 0.190485 0.111067 0.272727 -0.192117 -0.151859 -0.327682 -0.147897 -0.006502 -0.008101 -0.131993 -0.090774 0.062130 -0.064161 0.083347 0.059544 0.281077 0.303137 0.252442 0.440568 0.147544 0.221128 -0.232325 -0.157862 0.190600 0.216278 -0.026984 0.181713 0.446371 1.000000 0.032105 -0.001948 0.257346 0.146361 0.116990 0.241158 -0.413396 -0.351666 -0.470037 -0.269863 -0.432477 -0.271384 -0.301625 -0.379140 0.106671 -0.305843 0.164350 0.138370 0.162972 -0.135401 0.029598 -0.065126 0.104266 -0.168155 -0.044723 0.253751 -0.378869 -0.144630 0.436115 0.367832 -0.052396 0.242581 -0.045899 -0.172941 -0.123458 -0.077597 -0.119712 -0.073262 -0.029054 -0.035496 0.010451 0.153626 0.206323 0.011706 -0.129033 0.119627 0.116550 0.069745 0.282837 0.144470 -0.141713 -0.165898 0.434343 0.131828 -0.120809 -0.269079 -0.174650 -0.167079 -0.040056 0.098080 -0.255691 -0.158274 -0.272818 -0.257448 -0.000653 -0.087963 -0.253877 -0.060783 -0.131935 0.010267 -0.285622 -0.016667 -0.025518 -0.109425 -0.149534 -0.292016 -0.280241 -0.085077 -0.194429 -0.023705
