1.000000 0.538143 0.215858 0.192593 0.479884 0.041813 0.321894 0.352828 0.396366 0.236487 0.013830 -0.121277 0.095339 -0.055075 0.057296 -0.137997 -0.005461 0.084335 0.310019 0.605424 -0.032300 -0.287728 0.034518 0.005073 -0.089124 -0.064947 0.192254 0.070620 -0.274383 0.003157 -0.366687 -0.411928 0.250107 0.392361 -0.173658 0.090571 -0.071397 0.130840 -0.221470 0.058026 -0.154659 0.371659 -0.406887 -0.255932 -0.525440 -0.420197 -0.391034 -0.286203 -0.173950 -0.200694 -0.598207 -0.325596 -0.201322 -0.353183 -0.448355 -0.233530 0.757519 0.543780 0.190043 0.138126 0.430361 0.239942 0.526031 0.512403 0.137521 0.033624 0.218481 0.026493 0.565799 0.420922 0.289805 -0.457057 -0.121548 0.102075 0.101282 0.290291 0.314356 0.375326 0.008817 0.290262 0.117094 0.637069 0.219577 -0.000175 -0.064500 -0.113276 0.095469 0.081161 -0.281815 -0.282805 0.033309 0.110182 -0.239699 -0.266592 -0.350515 -0.063221 -0.450590 -0.427453 -0.067700 -0.245233 -0.306304 0.078793 -0.183188 0.105959 -0.267347 -0.267222 0.043805 -0.196391 -0.165317 -0.172854 -0.263224 -0.138109 -0.282910 -0.229699 -0.237609 -0.192201
0.538143 1.000000 -0.117192 -0.226791 0.159419 0.031161 -0.167989 0.193347 0.079134 0.334220 -0.090203 0.052404 -0.014832 0.165287 -0.150325 0.074631 -0.217116 0.059113 0.024517 0.317967 -0.420758 -0.347263 -0.422838 -0.497234 -0.420954 -0.302790 -0.043155 -0.283433 -0.533637 0.018865 -0.626891 -0.683248 0.236831 0.169769 -0.399826 -0.134207 -0.214341 0.269805 -0.075019 0.228080 -0.210998 0.298502 -0.051219 0.068443 -0.251097 -0.232485 -0.177512 -0.035878 0.085153 0.058872 -0.284805 0.031581 0.207052 -0.099043 -0.007662 -0.140819 0.516858 0.732284 0.490266 0.539006 0.453024 0.604123 0.392548 0.639268 -0.078065 0.140070 0.444319 -0.079667 0.646179 0.411233 0.053673 -0.433549 -0.345417 0.170264 -0.052389 0.110234 0.037105 0.270784 -0.002061 0.102024 0.011721 0.400827 -0.041707 -0.070937 -0.357837 -0.442123 -0.301959 0.043216 -0.393176 -0.338477 0.313682 0.076071 -0.149463 -0.433161 -0.105136 0.021454 -0.077026 -0.309567 0.356494 -0.300825 -0.098528 -0.071439 0.000599 0.210518 -0.086127 -0.128480 0.146766 0.059155 0.072617 -0.072964 -0.109274 -0.077022 -0.167788 -0.148304 -0.096327 -0.109258
0.215858 -0.117192 1.000000 0.613921 0.357010 0.438695 0.610240 0.376118 0.427709 0.311594 -0.073513 0.018580 0.165282 -0.008092 0.213227 -0.130029 -0.167010 -0.427187 0.259803 0.182665 0.100478 0.012458 0.613197 0.584131 0.468713 0.546007 0.490645 0.692227 -0.157818 -0.353670 0.185620 0.172350 0.075804 0.402206 0.342315 0.414754 -0.129097 -0.287930 -0.199471 -0.129081 -0.276615 -0.095779 -0.476415 -0.435383 -0.212499 -0.155875 -0.399356 -0.390299 -0.351935 -0.386845 0.021716 -0.410053 -0.418346 -0.301685 -0.309896 -0.277532 0.152348 -0.098405 -0.367807 -0.306530 -0.015782 -0.435850 -0.027843 -0.124898 0.485032 0.160560 0.253147 0.443424 0.184992 0.137549 -0.140952 -0.052818 -0.359241 -0.334598 -0.365092 -0.161126 -0.159201 -0.141320 -0.117301 -0.085101 -0.179277 -0.046865 0.118678 -0.181953 0.311885 0.051319 0.355786 -0.004165 0.461863 0.121613 -0.336757 0.073433 0.309721 0.229223 -0.133653 -0.181539 -0.213473 -0.239487 -0.450092 -0.223524 -0.279206 -0.154774 -0.206370 -0.053322 -0.180649 -0.244497 0.036920 -0.442412 -0.267296 -0.266705 0.138431 -0.005944 -0.200205 -0.051785 -0.246800 -0.357611
0.192593 -0.226791 0.613921 1.000000 0.323238 0.426591 0.519036 0.661249 0.433095 0.234315 -0.055726 -0.208273 0.247850 -0.027275 0.489258 -0.047752 -0.071327 -0.317239 0.398191 0.389405 0.375827 0.123641 0.687763 0.762942 0.583087 0.485645 0.467076 0.557329 -0.016130 -0.396413 0.383777 0.324916 -0.088875 0.352458 0.375208 0.359315 -0.184711 -0.438491 -0.223565 -0.320197 -0.300358 0.112104 -0.622919 -0.648960 -0.257172 -0.273496 -0.589440 -0.552038 -0.274732 -0.385757 -0.152139 -0.307372 -0.400010 -0.248891 -0.430670 -0.358345 0.124029 -0.105375 -0.229833 -0.088942 0.002889 -0.328906 -0.043974 -0.305145 0.522796 0.268327 0.170312 0.502062 0.050732 0.257945 0.089132 0.121951 -0.224641 -0.348346 -0.120151 -0.200573 -0.207166 -0.226006 -0.270851 -0.214340 -0.100659 -0.068621 0.450686 0.049989 0.286354 0.140682 0.636842 0.262968 0.538673 0.229655 -0.204694 0.067958 0.201469 0.192285 -0.220700 -0.481719 -0.366745 -0.326538 -0.664774 -0.308560 -0.251657 -0.269811 -0.131099 -0.144920 -0.246587 -0.313372 0.019652 -0.371396 -0.386616 -0.460100 -0.108346 -0.009618 -0.082881 -0.077581 -0.343582 -0.310969
0.479884 0.159419 0.357010 0.323238 1.000000 0.368539 0.453116 0.484783 0.676520 0.427056 -0.051298 -0.328481 0.165120 -0.154667 0.262681 -0.285080 -0.199181 -0.169090 0.290806 0.561750 0.028661 -0.095750 0.147910 0.274179 0.294861 0.341181 0.356538 0.298302 -0.301714 -0.201081 -0.286321 -0.255002 -0.051257 0.186105 0.103478 0.194350 -0.247932 0.028326 -0.197342 0.064853 -0.347248 0.093581 -0.456290 -0.426964 -0.345987 -0.187640 -0.527573 -0.383838 -0.174098 -0.145647 -0.391146 -0.267818 -0.327845 -0.440529 -0.566154 -0.367272 0.411095 0.270208 0.122627 0.119121 0.146733 0.024210 0.017356 0.123531 0.363062 0.218577 0.313449 0.407406 0.414127 0.524594 0.236825 -0.422332 -0.398790 -0.212666 -0.247686 -0.070095 0.038840 0.020713 -0.128301 0.078971 -0.110394 0.171251 0.217639 -0.014294 0.165353 0.020658 0.214429 -0.192654 0.004518 -0.055157 0.205192 0.453132 -0.030898 0.114387 -0.121105 -0.037597 -0.557558 -0.556681 -0.268030 -0.286012 -0.499901 -0.081213 -0.278892 0.180814 -0.106635 -0.133448 0.179246 0.039665 -0.206638 -0.230037 -0.082136 0.054718 -0.177701 -0.230656 -0.185179 -0.098007
0.041813 0.031161 0.438695 0.426591 0.368539 1.000000 0.321031 0.558051 0.236670 0.648146 -0.286020 -0.057565 -0.075665 0.113177 0.025307 0.174247 -0.287920 -0.517597 -0.089195 0.219720 0.047231 0.160662 0.162707 0.342085 0.357321 0.563135 0.363460 0.418441 -0.458655 -0.241548 -0.057053 -0.007714 -0.188906 0.135814 0.239744 0.403010 -0.127369 0.018951 -0.093827 0.041763 -0.248444 0.083143 -0.378531 -0.385844 -0.238316 -0.124067 -0.391821 -0.259739 -0.337206 -0.398920 -0.178261 -0.405055 -0.182867 -0.352555 -0.220634 -0.599804 0.152025 0.118515 -0.086305 0.081941 0.007990 -0.105112 -0.127869 -0.123936 0.316673 0.203704 0.384623 0.492262 0.322195 0.411987 -0.011139 -0.163955 -0.521475 -0.317686 -0.462500 -0.188862 -0.275857 -0.055313 -0.033512 -0.193510 0.031937 -0.054289 0.022430 0.043782 0.137588 -0.227791 0.173042 -0.241419 0.405141 0.081933 0.169473 0.228443 0.326093 0.021528 0.135315 0.073835 -0.096717 -0.328168 -0.312442 -0.277211 -0.133356 -0.165593 -0.038304 0.090909 -0.119101 -0.244228 0.004270 -0.054168 0.022946 -0.087267 0.192308 0.150464 -0.082045 -0.235274 -0.234613 -0.215700
0.321894 -0.167989 0.610240 0.519036 0.453116 0.321031 1.000000 0.529794 0.358746 0.394453 0.136496 -0.004279 0.351756 0.102590 0.162956 0.022976 0.217951 -0.066969 0.515222 0.234702 0.099595 0.065991 0.404544 0.425342 0.334821 0.220285 0.020584 0.312577 0.090034 -0.036075 0.291072 0.245280 0.013328 0.377197 0.101006 0.087489 0.028640 -0.275424 -0.267243 -0.263404 -0.394389 -0.018602 -0.438481 -0.534436 -0.221690 -0.305593 -0.300437 -0.518819 -0.318429 -0.311153 -0.180476 -0.471142 -0.241151 -0.263614 -0.345680 -0.340655 0.165916 -0.069795 -0.298030 -0.295693 0.096852 -0.299778 0.082270 -0.062745 0.479007 0.072834 0.010759 0.133477 0.122953 0.124875 -0.034918 0.065360 -0.115828 -0.068825 -0.173733 0.111166 0.082408 -0.093691 -0.152155 0.112543 0.056623 0.086973 0.237533 0.226608 0.412783 0.018279 0.244320 -0.012579 0.383428 0.001813 -0.320101 0.059091 0.242822 0.208839 -0.300425 -0.240102 -0.429234 -0.329526 -0.583399 -0.271884 -0.274490 0.040606 -0.250770 -0.207067 -0.312138 -0.384584 -0.069861 -0.312530 -0.334812 -0.203244 -0.310129 -0.083685 -0.116448 -0.078627 -0.215291 -0.325633
0.352828 0.193347 0.376118 0.661249 0.484783 0.558051 0.529794 1.000000 0.356753 0.619389 -0.158035 -0.128350 0.142533 0.319020 0.131909 0.073507 -0.082224 -0.170995 0.198714 0.415862 -0.042259 -0.092675 0.129267 0.363752 0.317504 0.283375 0.122447 0.263817 -0.358288 -0.174016 -0.078222 -0.085168 -0.072136 0.254388 0.261436 0.372184 -0.199413 -0.233183 -0.352353 -0.249730 -0.484727 0.178144 -0.564210 -0.530589 -0.341727 -0.280084 -0.583528 -0.501457 -0.169642 -0.293148 -0.281072 -0.301946 -0.150880 -0.394470 -0.454910 -0.599466 0.408201 0.268048 0.083344 0.257429 0.306193 0.117782 0.094524 0.074732 0.449128 0.380370 0.449418 0.477386 0.316313 0.402143 0.133747 -0.199212 -0.381791 -0.154034 -0.217440 -0.080919 -0.115553 -0.109227 -0.260674 -0.006872 0.061017 0.092962 0.207630 -0.002568 0.147474 -0.044412 0.241453 0.091774 0.248035 0.032907 0.143909 0.223044 0.145137 -0.077879 -0.242070 -0.334282 -0.440543 -0.572366 -0.417660 -0.518438 -0.252300 -0.336622 -0.198691 -0.093619 -0.397688 -0.443277 0.080329 -0.187761 -0.305925 -0.396121 -0.237010 0.006055 -0.166474 -0.321069 -0.444341 -0.397670
0.396366 0.079134 0.427709 0.433095 0.676520 0.236670 0.358746 0.356753 1.000000 0.278597 -0.018806 -0.178448 0.379407 -0.056924 0.512854 -0.325351 -0.224936 -0.215430 0.375824 0.379108 0.103529 -0.026869 0.459458 0.292739 0.316130 0.379805 0.360443 0.384173 -0.216687 -0.298669 -0.123123 -0.177983 -0.083907 0.239815 0.173809 0.336129 -0.367309 -0.013640 -0.129359 0.162856 -0.184510 0.204645 -0.555146 -0.474261 -0.502850 -0.405152 -0.544008 -0.436742 -0.374502 -0.361989 -0.399696 -0.308871 -0.406821 -0.393074 -0.507608 -0.290985 0.269212 0.233822 -0.188016 -0.054920 0.015460 -0.118737 -0.127667 -0.003395 0.407686 0.377499 0.253067 0.366206 0.278235 0.377665 0.151025 -0.311554 -0.308476 -0.123886 0.015084 0.080613 -0.015527 0.075798 -0.172059 0.006613 -0.191847 0.139266 0.250734 -0.150962 0.215164 -0.008984 0.314242 -0.112291 0.137200 0.063797 -0.076683 0.311997 0.074143 0.375815 -0.022188 0.003249 -0.397549 -0.328405 -0.385331 -0.206482 -0.318163 -0.056295 -0.225374 0.195287 0.034437 0.025544 0.058535 0.007294 -0.075186 -0.146449 0.056265 0.026709 -0.229792 0.007266 -0.025079 -0.047437
0.236487 0.334220 0.311594 0.234315 0.427056 0.648146 0.394453 0.619389 0.278597 1.000000 -0.208410 0.157919 0.025590 0.408225 -0.136720 0.416837 -0.089689 -0.139841 0.099517 0.087006 -0.188504 0.004027 -0.116164 0.072100 0.081304 0.240267 -0.078384 0.108040 -0.424339 0.086483 -0.230128 -0.182579 -0.162710 0.153620 0.155261 0.250748 -0.027179 0.042839 -0.161202 0.026049 -0.415048 0.102239 -0.341082 -0.381990 -0.401366 -0.375307 -0.285859 -0.385755 -0.333359 -0.460681 -0.234266 -0.341709 0.141541 -0.202276 -0.105007 -0.611615 0.358336 0.327101 0.008356 0.168297 0.234760 0.162786 0.069698 0.220290 0.237091 0.291754 0.375940 0.210439 0.418738 0.295098 -0.132470 -0.124635 -0.424071 0.030356 -0.343110 -0.008299 -0.211365 -0.016754 -0.028515 0.048214 0.223769 0.162673 -0.070987 0.196014 0.085842 -0.360010 -0.123124 -0.156917 0.173514 -0.074006 0.164121 0.225418 0.365429 -0.063371 -0.038628 -0.080606 -0.288220 -0.430169 -0.269796 -0.510296 -0.057073 -0.183845 -0.133682 0.028702 -0.292546 -0.290413 -0.129831 -0.043146 -0.047768 -0.188616 -0.104891 -0.017376 -0.102183 -0.323100 -0.202895 -0.187984
0.013830 -0.090203 -0.073513 -0.055726 -0.051298 -0.286020 0.136496 -0.158035 -0.018806 -0.208410 1.000000 0.442014 0.679427 0.236032 0.246487 -0.269140 0.400468 0.243493 0.178333 -0.078552 0.262607 0.103372 0.106721 0.041346 -0.245282 -0.359025 -0.089753 -0.055999 0.471312 -0.157130 0.418415 0.440128 0.024020 0.025983 -0.357542 -0.347672 0.116408 -0.317467 -0.422783 -0.260954 0.138401 -0.130372 0.323081 0.282105 0.243817 0.051841 0.306936 0.298762 0.217668 0.228331 0.155972 0.310022 0.038394 0.384609 -0.071263 0.302290 -0.208273 -0.270481 0.070147 -0.312904 -0.077984 -0.136742 -0.171487 -0.248752 -0.252045 -0.129359 -0.514349 -0.443137 -0.183836 -0.341078 0.015432 0.363019 0.227269 -0.232945 0.105412 0.055537 0.112577 0.004370 0.012890 0.012153 0.059648 0.104415 0.203150 0.214352 0.228073 -0.061004 -0.044196 -0.040289 -0.172861 -0.312533 -0.170377 -0.094598 -0.071066 0.230932 -0.338316 -0.075441 -0.223040 0.225055 -0.088715 0.207700 -0.000196 0.289727 -0.214838 -0.399588 -0.138986 -0.152090 -0.335841 -0.163513 -0.128316 0.119812 -0.261673 -0.252116 0.126326 0.281619 0.057976 -0.052095
-0.121277 0.052404 0.018580 -0.208273 -0.328481 -0.057565 -0.004279 -0.128350 -0.178448 0.157919 0.442014 1.000000 0.204644 0.686519 -0.235297 0.284394 0.370367 0.250938 -0.124279 -0.400973 -0.125034 -0.057439 -0.118299 -0.148714 -0.325154 -0.314213 -0.310716 -0.194961 0.204622 0.221627 0.202424 0.284710 0.092680 0.010434 -0.069438 -0.000869 0.311206 -0.206756 -0.096963 -0.183739 0.025692 -0.263363 0.339231 0.164876 0.188252 0.031380 0.441370 0.186276 0.081178 -0.015396 0.271581 0.204538 0.173291 0.304293 0.389662 0.129706 -0.146046 -0.256355 -0.182637 -0.361535 -0.023203 -0.032602 -0.109397 -0.166452 -0.107716 0.009755 -0.241630 -0.387143 -0.177850 -0.525202 -0.358316 0.408951 0.200759 0.170266 0.032217 -0.026562 -0.086621 -0.099125 0.290286 0.145879 0.342311 -0.019326 -0.313768 -0.012028 0.078017 -0.200067 -0.344295 -0.076174 -0.027142 -0.154627 -0.213430 -0.450386 0.240706 -0.034643 -0.167558 0.066288 0.131398 0.236678 0.010037 -0.010908 0.344963 0.270318 -0.108146 -0.387250 -0.223847 -0.132955 -0.353232 -0.216190 0.108824 0.020065 -0.208705 -0.268216 0.032150 0.082290 0.037046 -0.133406
0.095339 -0.014832 0.165282 0.247850 0.165120 -0.075665 0.351756 0.142533 0.379407 0.025590 0.679427 0.204644 1.000000 0.214664 0.543965 -0.238136 0.193916 0.030159 0.284808 0.106412 0.311502 0.201731 0.303854 0.256760 -0.008229 -0.064362 -0.012518 0.105085 0.306193 -0.321677 0.314315 0.257503 -0.124767 0.157497 -0.255133 -0.129792 -0.174291 -0.343969 -0.461550 -0.246510 -0.079187 0.020117 -0.180359 -0.164446 -0.107001 -0.266133 -0.109654 -0.120080 -0.054330 -0.088836 0.012739 0.121637 -0.022666 0.175678 -0.219065 0.014767 -0.156447 -0.103282 -0.105659 -0.086655 0.035365 -0.033978 -0.177861 -0.175888 0.031554 0.221131 -0.267908 -0.062378 -0.067674 -0.061964 0.019103 0.238447 0.033370 -0.317021 0.082323 0.007809 -0.093670 -0.113276 -0.178611 -0.232240 -0.208541 -0.041250 0.320445 0.106114 0.143264 -0.140454 -0.009008 0.038843 0.017282 -0.044229 -0.188525 0.186450 0.023897 0.455861 -0.215264 -0.273859 -0.340531 -0.011786 -0.296496 0.055485 -0.090851 -0.008428 -0.043125 -0.089181 0.013177 -0.120176 -0.206493 -0.164035 -0.146496 -0.105453 -0.107924 -0.088728 0.137980 0.297925 0.028512 -0.128445
-0.055075 0.165287 -0.008092 -0.027275 -0.154667 0.113177 0.102590 0.319020 -0.056924 0.408225 0.236032 0.686519 0.214664 1.000000 -0.164015 0.444416 0.325848 0.243436 -0.138327 -0.305617 -0.339127 -0.120103 -0.256544 -0.131689 -0.332383 -0.310496 -0.410391 -0.263257 -0.039667 0.218881 -0.004905 0.033513 -0.166401 -0.178157 -0.024100 0.068249 0.000743 -0.238928 -0.197021 -0.218614 -0.184623 -0.142954 0.129861 0.049808 0.027622 -0.083665 0.168571 -0.055024 0.064442 -0.088337 0.131743 0.067514 0.238337 0.046662 0.275149 -0.200560 0.030177 -0.047723 -0.004600 -0.048683 0.205872 0.176645 -0.053802 -0.013020 0.078931 0.177270 0.005175 -0.186934 -0.136182 -0.305994 -0.399030 0.232786 -0.111723 0.126697 -0.144341 -0.111751 -0.297302 -0.229721 0.142820 0.078721 0.345896 -0.032702 -0.216309 0.021545 0.071395 -0.183294 -0.400527 -0.010911 0.087554 -0.166511 0.044106 -0.212484 0.282726 -0.079558 -0.059775 -0.024916 0.113970 0.002338 0.059354 -0.135158 0.220250 0.037254 -0.113619 -0.240031 -0.233066 -0.204449 -0.126056 0.021728 0.091280 -0.138602 -0.198199 -0.105124 0.140730 0.027841 0.039210 -0.059791
0.057296 -0.150325 0.213227 0.489258 0.262681 0.025307 0.162956 0.131909 0.512854 -0.136720 0.246487 -0.235297 0.543965 -0.164015 1.000000 -0.227251 -0.101878 -0.257516 0.372156 0.284726 0.434776 0.304712 0.621007 0.455982 0.330983 0.419819 0.432403 0.465801 0.180620 -0.434594 0.360667 0.270365 -0.309403 0.041892 0.042566 0.077128 -0.300955 -0.221978 -0.070240 -0.052838 0.076522 0.201918 -0.329609 -0.295908 -0.187264 -0.227204 -0.303056 -0.143358 -0.265474 -0.090073 -0.244787 -0.004310 -0.356943 0.042282 -0.279081 0.017323 -0.125112 -0.050695 -0.219203 -0.077661 -0.323792 -0.331472 -0.386114 -0.329014 0.195673 0.077577 -0.172151 0.168621 -0.030351 0.219394 0.171861 0.114766 -0.153288 -0.268866 0.182051 -0.047580 -0.073069 0.004290 -0.247785 -0.331148 -0.283348 0.002083 0.703768 0.195090 0.393170 0.096610 0.533400 0.072127 0.249125 0.017165 -0.218261 0.135085 -0.188320 0.202240 0.014589 -0.108019 -0.195472 -0.007251 -0.365512 -0.001810 -0.472520 -0.184720 -0.195987 -0.063511 0.068280 -0.040121 -0.055469 -0.179967 0.051113 -0.055807 0.190401 -0.022041 0.014626 0.187445 0.112027 0.152658
-0.137997 0.074631 -0.130029 -0.047752 -0.285080 0.174247 0.022976 0.073507 -0.325351 0.416837 -0.269140 0.284394 -0.238136 0.444416 -0.227251 1.000000 0.182674 0.228627 -0.100107 -0.300217 -0.287482 0.231905 -0.275774 -0.194010 -0.215603 -0.155087 -0.399895 -0.327298 0.005624 0.513204 0.034828 0.017343 -0.291656 -0.282336 -0.075910 -0.094314 0.267972 0.093011 0.341485 0.014418 -0.167238 0.092406 0.097046 -0.079953 -0.096478 -0.270599 0.326930 -0.173916 -0.173675 -0.283996 -0.020741 -0.182382 0.538550 0.234672 0.660117 -0.086665 -0.091052 -0.008887 -0.058840 -0.047665 0.046178 0.065632 0.055903 -0.011101 -0.145382 -0.199536 -0.141414 -0.301822 -0.001677 -0.149478 -0.344510 0.362832 -0.021219 0.450730 -0.048158 0.007995 -0.288046 -0.213807 0.138189 0.064812 0.339751 -0.039668 -0.156968 0.429433 -0.106404 -0.260077 -0.268295 0.131665 0.257109 0.015380 -0.082666 -0.381821 0.174434 -0.362496 0.247939 0.036832 0.380463 0.202475 0.093896 -0.068640 0.212898 -0.047099 0.079692 -0.064092 -0.045588 -0.002343 -0.107911 0.070387 0.242324 -0.005855 -0.095771 -0.027059 0.278273 -0.032446 0.212498 0.228827
-0.005461 -0.217116 -0.167010 -0.071327 -0.199181 -0.287920 0.217951 -0.082224 -0.224936 -0.089689 0.400468 0.370367 0.193916 0.325848 -0.101878 0.182674 1.000000 0.695387 0.175049 -0.072845 -0.070049 -0.269284 -0.039257 0.033883 -0.112184 -0.526263 -0.445534 -0.329241 0.643690 0.551880 0.419061 0.442455 0.232301 0.060105 -0.150435 -0.353339 0.593995 -0.351075 -0.229706 -0.457460 0.124072 -0.206056 0.340048 0.172669 0.039122 -0.161856 0.528418 0.268242 0.015122 -0.047546 0.073878 0.054545 0.112100 0.367587 0.158020 0.233918 -0.137638 -0.246171 -0.310414 -0.507529 -0.173610 -0.211595 0.121473 -0.167069 -0.187853 -0.365694 -0.515894 -0.595461 -0.280370 -0.493007 -0.074240 0.585675 0.623803 0.375847 0.333773 0.330626 0.266420 -0.065663 0.434975 0.508380 0.615038 0.233100 -0.166474 0.217509 0.195946 0.019711 -0.103515 0.048322 -0.063104 -0.347546 -0.243179 -0.326030 0.111245 -0.001919 -0.403367 -0.042987 -0.094814 0.162957 -0.111236 0.023854 0.161607 0.509016 -0.081522 -0.519553 -0.500009 -0.368029 -0.175560 -0.288681 -0.227246 0.030613 -0.563678 -0.212567 0.177703 -0.082555 -0.115935 -0.123613
0.084335 0.059113 -0.427187 -0.317239 -0.169090 -0.517597 -0.066969 -0.170995 -0.215430 -0.139841 0.243493 0.250938 0.030159 0.243436 -0.257516 0.228627 0.695387 1.000000 0.122876 -0.047523 -0.276621 -0.334527 -0.335643 -0.283859 -0.313322 -0.670469 -0.592095 -0.589861 0.426100 0.737148 0.023502 0.042065 0.339908 0.002504 -0.300129 -0.480355 0.519107 -0.056542 -0.045067 -0.259805 0.006880 0.086631 0.334847 0.172692 -0.005997 -0.187420 0.446151 0.103515 0.200829 0.128335 -0.041650 0.203122 0.338204 0.362915 0.233928 0.333543 0.063599 0.020302 -0.029434 -0.152931 0.073094 0.147177 0.292891 0.170323 -0.324636 -0.262488 -0.434356 -0.655685 -0.179008 -0.419662 -0.090744 0.332773 0.615131 0.598065 0.433137 0.353341 0.318066 -0.001795 0.295491 0.626033 0.492837 0.310449 -0.200330 0.189338 -0.118504 0.028948 -0.275944 0.250065 -0.327948 -0.341085 0.015630 -0.287616 -0.129558 -0.208929 -0.313029 -0.109158 0.022027 0.104395 0.264701 0.043152 0.221077 0.357044 0.066080 -0.355173 -0.328699 -0.213680 -0.147952 -0.097648 -0.192278 -0.040733 -0.538595 -0.160285 0.076571 -0.102804 -0.062222 -0.066237
0.310019 0.024517 0.259803 0.398191 0.290806 -0.089195 0.515222 0.198714 0.375824 0.099517 0.178333 -0.124279 0.284808 -0.138327 0.372156 -0.100107 0.175049 0.122876 1.000000 0.332813 0.099124 -0.057315 0.466740 0.303655 0.205439 0.056464 0.072193 0.153236 0.181205 -0.022132 0.282874 0.167851 0.206199 0.363112 -0.004072 -0.199294 0.028879 -0.090650 -0.007975 -0.061527 -0.154584 0.127664 -0.371652 -0.448017 -0.377760 -0.421018 -0.250066 -0.481087 -0.354021 -0.256406 -0.413175 -0.326578 -0.228619 -0.079458 -0.289990 -0.055141 0.267654 0.212652 -0.251263 -0.238272 -0.100627 -0.279153 0.084408 -0.008152 0.315819 0.007886 -0.121391 -0.103030 0.240127 0.206640 0.135440 0.069910 0.088466 -0.048143 0.144147 0.080186 0.302551 0.129017 -0.204152 0.220075 0.072152 0.319499 0.450078 0.349542 0.319027 0.069314 0.334050 0.143734 0.131998 -0.131416 -0.414041 -0.135158 0.059732 0.195431 -0.319477 -0.190793 -0.335036 -0.167947 -0.488959 -0.239364 -0.307971 0.111548 -0.188098 -0.208789 -0.196928 -0.146688 -0.029513 -0.295090 -0.134845 -0.012517 -0.396336 -0.259715 -0.166327 0.058624 0.028176 -0.102387
0.605424 0.317967 0.182665 0.389405 0.561750 0.219720 0.234702 0.415862 0.379108 0.087006 -0.078552 -0.400973 0.106412 -0.305617 0.284726 -0.300217 -0.072845 -0.047523 0.332813 1.000000 0.198169 -0.365847 0.293039 0.293487 0.236698 0.204044 0.388393 0.312875 -0.216153 -0.142861 -0.190408 -0.208097 0.261340 0.566975 0.044679 0.148133 -0.079596 0.014016 -0.197965 -0.010916 -0.094417 0.432069 -0.385911 -0.357709 -0.373877 -0.252594 -0.554006 -0.205925 -0.111183 -0.099707 -0.529454 -0.306041 -0.429910 -0.349545 -0.595398 -0.282698 0.456036 0.429388 0.016892 0.078151 0.025977 -0.031029 0.320129 0.223416 0.279756 0.030642 0.220632 0.319089 0.549196 0.630564 0.419130 -0.428509 -0.103505 -0.100408 0.018307 0.155278 0.305706 0.300824 -0.104189 0.149330 0.026749 0.387719 0.439573 0.081155 0.074632 0.041735 0.412495 0.022311 -0.079726 -0.162274 0.123987 0.173181 -0.281035 -0.185839 -0.290404 -0.133782 -0.515200 -0.497623 -0.207447 -0.319516 -0.470726 -0.044075 -0.190528 -0.005332 -0.309560 -0.280821 0.176844 -0.235693 -0.342916 -0.207918 -0.142458 0.022261 -0.332278 -0.365715 -0.376278 -0.296791
-0.032300 -0.420758 0.100478 0.375827 0.028661 0.047231 0.099595 -0.042259 0.103529 -0.188504 0.262607 -0.125034 0.311502 -0.339127 0.434776 -0.287482 -0.070049 -0.276621 0.099124 0.198169 1.000000 0.306659 0.471960 0.477620 0.421391 0.391550 0.391351 0.466531 0.316591 -0.350711 0.468483 0.468643 -0.084291 0.347803 0.212292 0.130704 0.047945 -0.208059 -0.138318 -0.254174 0.234287 0.147678 -0.225505 -0.224345 0.132927 0.166122 -0.196561 -0.006386 0.003822 0.037004 0.022588 0.042635 -0.268931 0.071550 -0.360671 0.019299 -0.221784 -0.336293 -0.104994 -0.073022 -0.189940 -0.240610 -0.150988 -0.341364 0.152181 0.179027 -0.249459 0.223016 -0.264401 0.072044 0.247457 0.197044 0.150710 -0.369349 0.144471 0.015276 -0.016395 0.034359 -0.426644 -0.369039 -0.191322 -0.121502 0.451779 0.210584 0.173801 0.071136 0.435039 0.121454 0.190140 0.179684 -0.219209 0.091155 -0.158323 0.219073 -0.194486 -0.283230 -0.345673 -0.008750 -0.476253 -0.027772 -0.072951 -0.176986 0.025481 -0.139097 0.004562 -0.107941 -0.217665 -0.232963 -0.165981 -0.146919 0.067004 -0.052710 -0.047849 -0.012730 -0.161607 -0.110545
-0.287728 -0.347263 0.012458 0.123641 -0.095750 0.160662 0.065991 -0.092675 -0.026869 0.004027 0.103372 -0.057439 0.201731 -0.120103 0.304712 0.231905 -0.269284 -0.334527 -0.057315 -0.365847 0.306659 1.000000 0.065252 0.112119 0.099456 0.291250 0.134426 0.110390 0.147163 -0.242655 0.305566 0.259125 -0.397019 -0.378379 -0.042755 0.027919 -0.145540 0.018351 0.074441 0.019066 0.071684 0.026449 -0.056175 -0.013730 0.071668 0.032644 0.152122 -0.067041 -0.167248 -0.115932 0.115531 -0.007704 0.180431 0.149987 0.158306 0.067588 -0.358621 -0.337564 0.057790 0.012448 -0.051320 -0.036572 -0.436926 -0.413943 -0.163930 0.040564 -0.258116 0.062169 -0.189019 -0.010954 0.011879 0.306786 -0.182533 -0.223577 -0.109033 -0.222347 -0.437697 -0.221304 -0.215685 -0.515252 -0.327898 -0.349656 0.151984 0.315226 -0.126409 -0.134529 -0.064520 -0.023155 0.195529 0.247326 -0.166004 0.044925 0.037733 0.237094 0.401461 -0.030141 0.162124 0.300752 -0.165010 0.285979 0.133451 -0.282551 0.098961 0.183374 0.412871 0.339256 -0.154269 0.181034 0.255704 0.196312 0.275380 0.181810 0.272559 0.351228 0.391471 0.431579
0.034518 -0.422838 0.613197 0.687763 0.147910 0.162707 0.404544 0.129267 0.459458 -0.116164 0.106721 -0.118299 0.303854 -0.256544 0.621007 -0.275774 -0.039257 -0.335643 0.466740 0.293039 0.471960 0.065252 1.000000 0.722704 0.614996 0.522558 0.536772 0.688327 0.186409 -0.441086 0.555342 0.466885 -0.028793 0.429120 0.268940 0.234122 -0.147697 -0.326638 -0.094938 -0.097986 0.055990 0.059473 -0.393915 -0.427400 -0.119695 -0.132889 -0.417200 -0.242481 -0.317785 -0.239607 -0.080931 -0.264067 -0.612424 -0.140631 -0.404990 -0.049730 -0.067873 -0.219250 -0.543244 -0.454049 -0.404840 -0.678561 -0.162938 -0.363114 0.433793 0.033620 -0.123512 0.266823 -0.064877 0.070321 0.078412 0.161148 -0.004426 -0.325488 0.094514 -0.014460 0.045500 0.056252 -0.211655 -0.109234 -0.165821 0.000855 0.465448 0.015304 0.497697 0.270297 0.727184 0.070567 0.475669 0.167246 -0.458743 -0.033678 0.144163 0.336250 -0.231049 -0.204303 -0.257167 -0.074398 -0.632687 -0.092077 -0.309643 0.028607 -0.168650 -0.218417 -0.125239 -0.167159 -0.088437 -0.460814 -0.269270 -0.216780 0.081143 -0.105164 -0.201448 0.029672 -0.145252 -0.234642
0.005073 -0.497234 0.584131 0.762942 0.274179 0.342085 0.425342 0.363752 0.292739 0.072100 0.041346 -0.148714 0.256760 -0.131689 0.455982 -0.194010 0.033883 -0.283859 0.303655 0.293487 0.477620 0.112119 0.722704 1.000000 0.709243 0.558074 0.422854 0.599838 0.187641 -0.374495 0.500870 0.541005 -0.091220 0.315918 0.429066 0.302491 -0.054621 -0.495717 -0.313751 -0.417597 -0.132491 -0.105938 -0.369730 -0.462994 -0.139750 -0.105474 -0.386471 -0.332584 -0.264227 -0.282548 0.012209 -0.222355 -0.501608 -0.133449 -0.425516 -0.265509 -0.005540 -0.259919 -0.447755 -0.306947 -0.236852 -0.501849 -0.229334 -0.390913 0.364441 0.011948 -0.065977 0.381628 -0.172031 0.002490 -0.014357 0.242745 -0.024076 -0.482256 -0.213800 -0.305917 -0.156642 -0.245058 -0.202858 -0.240210 -0.132114 -0.145436 0.362777 0.044231 0.462977 0.305337 0.581102 0.175831 0.525940 0.223560 -0.211987 0.143714 0.270238 0.381122 -0.219266 -0.341404 -0.369446 -0.200277 -0.598997 -0.078713 -0.224105 -0.112414 -0.013019 -0.169926 -0.227783 -0.284963 -0.070527 -0.503101 -0.293021 -0.280466 -0.028547 0.099011 -0.002149 -0.123132 -0.319221 -0.294715
-0.089124 -0.420954 0.468713 0.583087 0.294861 0.357321 0.334821 0.317504 0.316130 0.081304 -0.245282 -0.325154 -0.008229 -0.332383 0.330983 -0.215603 -0.112184 -0.313322 0.205439 0.236698 0.421391 0.099456 0.614996 0.709243 1.000000 0.635101 0.426611 0.530503 0.079507 -0.308389 0.368123 0.363736 0.029164 0.396721 0.461540 0.337644 -0.038187 -0.286573 -0.274548 -0.258823 0.021101 -0.100037 -0.374952 -0.396323 0.029041 0.132923 -0.380757 -0.152209 -0.160082 -0.088941 0.081715 -0.124460 -0.387371 -0.145282 -0.482298 -0.174416 -0.077977 -0.185941 -0.450545 -0.171065 -0.341179 -0.418201 -0.172135 -0.288796 0.297181 0.084083 0.023163 0.409227 -0.121335 0.088560 0.097613 0.080798 0.008234 -0.289924 -0.033464 -0.105748 -0.028675 -0.045723 -0.354032 -0.135920 -0.054752 -0.093563 0.152714 -0.017283 0.336700 0.304432 0.585330 -0.035889 0.343069 0.234501 -0.143243 0.245212 0.172341 0.237970 -0.238943 -0.117704 -0.419663 -0.271188 -0.585717 -0.197787 -0.229833 -0.150117 0.019883 -0.213153 -0.244946 -0.288898 0.006567 -0.404251 -0.270473 -0.265994 -0.036147 -0.104635 -0.203992 -0.334189 -0.315545 -0.229714
-0.064947 -0.302790 0.546007 0.485645 0.341181 0.563135 0.220285 0.283375 0.379805 0.240267 -0.359025 -0.314213 -0.064362 -0.310496 0.419819 -0.155087 -0.526263 -0.670469 0.056464 0.204044 0.391550 0.291250 0.522558 0.558074 0.635101 1.000000 0.554507 0.820797 -0.317989 -0.415619 0.084385 0.148755 -0.322344 0.165102 0.622959 0.620232 -0.220193 0.056726 0.088640 0.148327 -0.079841 0.131325 -0.478547 -0.455812 -0.180304 0.013085 -0.484867 -0.262372 -0.380988 -0.279743 -0.121314 -0.338470 -0.460135 -0.342125 -0.343291 -0.403640 0.000089 -0.042331 -0.314584 -0.058358 -0.300300 -0.437664 -0.359462 -0.233543 0.419328 0.207621 0.258644 0.675683 0.092908 0.397792 0.083583 -0.231672 -0.415768 -0.349374 -0.256421 -0.193354 -0.096429 0.050622 -0.280036 -0.322588 -0.269359 -0.114626 0.314593 -0.006399 0.381013 0.164558 0.474740 -0.172406 0.440067 0.254895 -0.058661 0.270468 0.039006 0.141514 0.198463 0.071470 -0.171606 -0.241798 -0.447488 -0.277931 -0.416315 -0.412097 -0.202376 0.093137 0.024413 -0.049777 -0.041809 -0.163846 0.072787 -0.010290 0.483860 0.117924 -0.276763 -0.183446 -0.097044 -0.039346
0.192254 -0.043155 0.490645 0.467076 0.356538 0.363460 0.020584 0.122447 0.360443 -0.078384 -0.089753 -0.310716 -0.012518 -0.410391 0.432403 -0.399895 -0.445534 -0.592095 0.072193 0.388393 0.391351 0.134426 0.536772 0.422854 0.426611 0.554507 1.000000 0.714549 -0.224519 -0.623344 0.064356 -0.000909 0.056130 0.225667 0.203436 0.343028 -0.320228 -0.002900 -0.066590 0.169171 0.068043 0.152062 -0.310076 -0.140698 -0.121675 0.092899 -0.472987 -0.051097 -0.141416 -0.121970 -0.066313 -0.172112 -0.499559 -0.282593 -0.444159 -0.012708 0.155485 0.003464 0.061931 0.016803 -0.112213 -0.247741 -0.083411 -0.144261 0.246664 0.131691 0.231445 0.523136 0.255762 0.404587 0.309867 -0.226264 -0.365094 -0.486764 -0.121653 -0.159038 -0.114971 0.119002 -0.203063 -0.247901 -0.372683 -0.053875 0.290488 -0.225276 0.039145 0.046088 0.583955 -0.013781 0.164453 0.150629 -0.126116 0.176512 -0.085746 0.115750 -0.036323 -0.099526 -0.156557 -0.151711 -0.346606 -0.078124 -0.344316 -0.191310 -0.175298 0.090436 0.030890 -0.015968 0.055838 -0.236930 -0.173627 -0.164403 0.379459 0.024244 -0.283176 -0.025504 -0.115761 -0.063044
0.070620 -0.283433 0.692227 0.557329 0.298302 0.418441 0.312577 0.263817 0.384173 0.108040 -0.055999 -0.194961 0.105085 -0.263257 0.465801 -0.327298 -0.329241 -0.589861 0.153236 0.312875 0.466531 0.110390 0.688327 0.599838 0.530503 0.820797 0.714549 1.000000 -0.195515 -0.502027 0.243103 0.269895 -0.113720 0.376531 0.535926 0.536428 -0.117695 -0.073267 -0.067610 0.067925 0.022039 0.169500 -0.392426 -0.333847 -0.169104 -0.012112 -0.484202 -0.158901 -0.349781 -0.264773 -0.082746 -0.380902 -0.595612 -0.310303 -0.479351 -0.295668 0.045484 -0.077354 -0.312490 -0.222700 -0.278923 -0.518458 -0.203335 -0.207739 0.468668 0.157013 0.233496 0.584781 0.134343 0.311849 0.145020 -0.156653 -0.331283 -0.423704 -0.187688 -0.033657 0.030930 0.123925 -0.234641 -0.170828 -0.250513 0.023788 0.421759 -0.044435 0.418140 0.152252 0.633290 -0.082308 0.429098 0.060717 -0.233661 0.157601 -0.033730 0.141331 -0.021701 -0.089415 -0.258378 -0.195687 -0.512944 -0.297949 -0.475181 -0.260401 -0.352844 -0.103703 -0.176034 -0.190899 -0.098824 -0.381004 -0.199255 -0.130766 0.401222 0.049076 -0.349214 -0.174975 -0.217589 -0.222002
-0.274383 -0.533637 -0.157818 -0.016130 -0.301714 -0.458655 0.090034 -0.358288 -0.216687 -0.424339 0.471312 0.204622 0.306193 -0.039667 0.180620 0.005624 0.643690 0.426100 0.181205 -0.216153 0.316591 0.147163 0.186409 0.187641 0.079507 -0.317989 -0.224519 -0.195515 1.000000 0.278873 0.709800 0.647832 0.134933 0.009108 -0.080884 -0.302976 0.468902 -0.416649 -0.088830 -0.488327 0.361993 -0.208765 0.310628 0.197460 0.217538 0.004446 0.535502 0.251044 0.091026 0.076932 0.292362 0.282200 0.174882 0.579162 0.216848 0.571273 -0.544637 -0.666484 -0.387195 -0.557527 -0.399678 -0.359837 -0.165702 -0.490982 -0.349863 -0.275984 -0.792487 -0.487588 -0.596086 -0.633438 -0.019833 0.674272 0.778768 0.156924 0.458754 0.189022 0.145804 -0.215166 0.173701 0.054129 0.223203 -0.166124 0.013756 0.213770 0.180408 0.136773 0.056735 0.144493 -0.101114 0.100272 -0.528963 -0.346726 -0.041506 0.273109 -0.231492 -0.118431 0.014236 0.416590 -0.205031 0.312341 0.221627 0.199717 0.088851 -0.487703 -0.057545 -0.048882 -0.253004 -0.313163 -0.117310 0.047484 -0.324060 -0.243284 0.243378 0.232264 0.076615 0.092763
0.003157 0.018865 -0.353670 -0.396413 -0.201081 -0.241548 -0.036075 -0.174016 -0.298669 0.086483 -0.157130 0.221627 -0.321677 0.218881 -0.434594 0.513204 0.551880 0.737148 -0.022132 -0.142861 -0.350711 -0.242655 -0.441086 -0.374495 -0.308389 -0.415619 -0.623344 -0.502027 0.278873 1.000000 -0.105020 -0.047936 0.192399 -0.084270 -0.014498 -0.156199 0.615779 0.143693 0.230869 -0.116917 0.005385 0.136870 0.301628 0.075175 -0.131253 -0.222192 0.503928 0.069655 0.002384 -0.042465 -0.099472 -0.025659 0.378353 0.246613 0.437685 0.140004 0.004336 0.005418 -0.180276 -0.217012 -0.035024 0.037511 0.231413 0.145926 -0.254070 -0.315722 -0.278719 -0.531775 -0.123940 -0.370738 -0.120957 0.186250 0.499784 0.782294 0.305510 0.449974 0.299684 0.066148 0.436680 0.607590 0.581089 0.273814 -0.365029 0.326403 -0.074477 -0.061335 -0.372591 0.043650 -0.185785 -0.283396 -0.032206 -0.435802 -0.035520 -0.357286 -0.087966 0.151888 0.170325 0.113198 0.242754 -0.066490 0.208386 0.252407 -0.005091 -0.262897 -0.258500 -0.110462 -0.058007 -0.022425 0.056908 0.120334 -0.433717 -0.130407 0.038337 -0.255030 0.011040 0.031297
-0.366687 -0.626891 0.185620 0.383777 -0.286321 -0.057053 0.291072 -0.078222 -0.123123 -0.230128 0.418415 0.202424 0.314315 -0.004905 0.360667 0.034828 0.419061 0.023502 0.282874 -0.190408 0.468483 0.305566 0.555342 0.500870 0.368123 0.084385 0.064356 0.243103 0.709800 -0.105020 1.000000 0.915289 -0.030403 0.120188 0.091083 -0.123549 0.324923 -0.544389 -0.162596 -0.508767 0.272541 -0.241371 0.125275 -0.071200 0.297657 0.060333 0.241221 0.096132 0.006275 -0.014743 0.359269 0.119287 -0.065382 0.395850 0.049141 0.230323 -0.533047 -0.640581 -0.442898 -0.566662 -0.485423 -0.567765 -0.331231 -0.643979 0.003018 -0.213815 -0.575870 -0.239418 -0.503116 -0.467913 -0.104135 0.725542 0.430775 -0.150100 0.206335 -0.031332 -0.039516 -0.264904 -0.066133 -0.137687 0.139623 -0.186918 0.207547 0.275163 0.395317 0.130509 0.374027 0.111298 0.329233 0.084801 -0.541354 -0.329756 0.174739 0.260534 -0.222558 -0.210259 -0.038899 0.223432 -0.511238 0.097186 0.079727 0.092405 -0.035903 -0.588031 -0.174033 -0.229643 -0.246602 -0.429057 -0.166419 -0.138259 -0.169230 -0.180755 0.124269 0.181506 -0.049582 -0.052807
-0.411928 -0.683248 0.172350 0.324916 -0.255002 -0.007714 0.245280 -0.085168 -0.177983 -0.182579 0.440128 0.284710 0.257503 0.033513 0.270365 0.017343 0.442455 0.042065 0.167851 -0.208097 0.468643 0.259125 0.466885 0.541005 0.363736 0.148755 -0.000909 0.269895 0.647832 -0.047936 0.915289 1.000000 -0.070342 0.081398 0.202991 -0.047018 0.429079 -0.593739 -0.199854 -0.552935 0.246290 -0.324528 0.209977 -0.048875 0.332527 0.141644 0.289365 0.154462 0.015681 -0.014205 0.353504 0.125322 -0.116636 0.390677 0.042883 0.092425 -0.493152 -0.619005 -0.475426 -0.621275 -0.512343 -0.588879 -0.392383 -0.654192 -0.017389 -0.282977 -0.558790 -0.233548 -0.510256 -0.527729 -0.194062 0.715868 0.415613 -0.180584 0.050156 -0.099868 0.016623 -0.206484 0.035381 -0.099045 0.252928 -0.142759 0.181864 0.313599 0.500750 0.164171 0.362209 0.034793 0.356231 0.008236 -0.377098 -0.262169 0.218186 0.275454 -0.187117 -0.122146 -0.088499 0.198293 -0.450264 0.133318 0.066930 0.187116 -0.086549 -0.608306 -0.273319 -0.265364 -0.326292 -0.416516 -0.158429 -0.043922 -0.138271 -0.093006 0.184961 0.071808 -0.082286 -0.056447
0.250107 0.236831 0.075804 -0.088875 -0.051257 -0.188906 0.013328 -0.072136 -0.083907 -0.162710 0.024020 0.092680 -0.124767 -0.166401 -0.309403 -0.291656 0.232301 0.339908 0.206199 0.261340 -0.084291 -0.397019 -0.028793 -0.091220 0.029164 -0.322344 0.056130 -0.113720 0.134933 0.192399 -0.030403 -0.070342 1.000000 0.537384 -0.144496 -0.209784 0.253239 -0.183855 -0.195979 -0.303274 0.056206 -0.013055 0.067384 0.133642 0.056197 0.138361 0.109668 0.149064 0.202340 0.202811 -0.015302 0.121134 -0.072375 0.110322 -0.215229 0.280483 0.175264 0.128660 -0.027454 -0.070802 0.028228 0.072171 0.351406 0.142540 -0.078586 0.013855 -0.012862 -0.149391 0.115644 -0.114027 0.151740 0.016983 0.375708 0.155829 0.250520 0.226678 0.252996 0.158661 0.011910 0.388617 0.126516 0.171809 -0.223342 -0.223683 -0.282021 -0.102654 -0.032001 0.235063 -0.376397 -0.176988 -0.121464 -0.170424 0.002210 -0.082213 -0.358031 -0.209687 -0.114774 -0.200617 0.070903 -0.086421 0.295331 0.240860 0.224834 -0.200603 -0.237673 -0.238168 0.046808 -0.390745 -0.433499 -0.161537 -0.396664 -0.090181 -0.269122 -0.215927 -0.429567 -0.460206
0.392361 0.169769 0.402206 0.352458 0.186105 0.135814 0.377197 0.254388 0.239815 0.153620 0.025983 0.010434 0.157497 -0.178157 0.041892 -0.282336 0.060105 0.002504 0.363112 0.566975 0.347803 -0.378379 0.429120 0.315918 0.396721 0.165102 0.225667 0.376531 0.009108 -0.084270 0.120188 0.081398 0.537384 1.000000 0.129139 0.151191 0.140443 -0.204237 -0.320169 -0.225830 0.000238 0.282563 -0.346769 -0.335503 -0.110955 -0.067151 -0.431006 -0.198182 -0.130226 -0.056728 -0.191716 -0.217108 -0.375825 -0.190614 -0.560757 -0.199948 0.268211 0.166497 -0.284548 -0.089448 0.030216 -0.093544 0.451678 0.246828 0.397976 0.277104 0.113899 0.204871 0.185719 0.194071 0.109376 -0.127369 0.177367 -0.048806 0.129022 0.308989 0.300109 0.278806 -0.185752 0.166266 0.099291 0.332380 0.184817 0.021092 0.097005 -0.063783 0.353030 0.160575 0.003238 -0.095984 -0.223054 -0.042282 -0.081528 -0.035334 -0.514129 -0.363252 -0.506193 -0.443831 -0.374085 -0.458388 -0.101178 0.051582 0.049356 -0.286199 -0.458981 -0.521157 -0.150166 -0.601871 -0.542111 -0.391293 -0.273204 -0.162651 -0.413930 -0.423936 -0.592845 -0.675719
-0.173658 -0.399826 0.342315 0.375208 0.103478 0.239744 0.101006 0.261436 0.173809 0.155261 -0.357542 -0.069438 -0.255133 -0.024100 0.042566 -0.075910 -0.150435 -0.300129 -0.004072 0.044679 0.212292 -0.042755 0.268940 0.429066 0.461540 0.622959 0.203436 0.535926 -0.080884 -0.014498 0.091083 0.202991 -0.144496 0.129139 1.000000 0.762449 0.039741 -0.106634 0.085862 -0.063396 -0.135981 -0.092732 -0.246279 -0.334778 -0.089070 0.048027 -0.228030 -0.174827 -0.232642 -0.245902 0.064333 -0.224182 -0.318932 -0.222013 -0.173244 -0.349271 -0.057925 -0.208588 -0.400614 -0.226780 -0.312879 -0.405548 -0.213609 -0.256583 0.388082 0.157793 0.257073 0.521954 -0.100941 -0.001959 0.001365 -0.119003 -0.065731 -0.093937 -0.206986 -0.127100 -0.001173 -0.022545 0.025883 -0.039948 0.012249 -0.152564 0.039657 -0.046137 0.308006 0.203374 0.314136 -0.085613 0.339059 0.176554 -0.055957 -0.012627 0.193241 0.157249 0.109849 0.011792 -0.115070 -0.161558 -0.381981 -0.328038 -0.102856 -0.238568 -0.183205 -0.154291 -0.225599 -0.091485 -0.106212 -0.214527 -0.005770 -0.060066 0.190930 0.050842 -0.206480 -0.249734 -0.182789 -0.096571
0.090571 -0.134207 0.414754 0.359315 0.194350 0.403010 0.087489 0.372184 0.336129 0.250748 -0.347672 -0.000869 -0.129792 0.068249 0.077128 -0.094314 -0.353339 -0.480355 -0.199294 0.148133 0.130704 0.027919 0.234122 0.302491 0.337644 0.620232 0.343028 0.536428 -0.302976 -0.156199 -0.123549 -0.047018 -0.209784 0.151191 0.762449 1.000000 -0.146250 -0.013093 -0.054278 0.032682 -0.094117 0.133456 -0.352917 -0.280316 -0.203266 -0.018312 -0.379197 -0.164861 -0.254531 -0.297124 -0.022855 -0.268940 -0.353968 -0.387631 -0.221917 -0.421053 0.125915 -0.068883 -0.266115 -0.097672 -0.062330 -0.210134 -0.142028 -0.098467 0.362779 0.327866 0.369934 0.602391 0.078362 0.122480 0.035804 -0.364884 -0.244989 -0.179552 -0.216811 -0.107547 -0.063638 0.097561 0.068556 -0.125907 -0.026204 -0.031844 -0.056926 -0.193243 0.198376 0.156842 0.235284 -0.155817 0.239397 0.188704 0.012774 0.064947 0.046918 0.056107 0.104567 0.096903 -0.127055 -0.212686 -0.238211 -0.228297 -0.174913 -0.340981 -0.270927 -0.026681 -0.187564 -0.091202 -0.068165 -0.204110 0.036708 -0.103645 0.263611 0.055144 -0.229045 -0.281934 -0.201866 -0.127971
