1.000000 0.605272 0.029375 0.059013 -0.112000 0.025114 -0.076165 0.043789 -0.319107 0.182337 0.226542 -0.083238 0.180562 0.333425 0.113406 0.229027 0.236190 -0.067234 -0.072875 0.089349 -0.067393 0.052114 -0.045928 -0.083806 -0.023884 -0.004360 0.031937 0.117242 -0.147946 -0.298482 -0.076594 -0.050964 -0.018064 -0.015185 -0.261747 -0.095749 -0.248066 0.098769 -0.003633 0.164016 -0.119114 0.370751 -0.347953 -0.186632 -0.438136 -0.322449 -0.382545 -0.201751 -0.233527 -0.375150 -0.192064 -0.406085 -0.038972 -0.240355 0.198663 -0.093435 0.194681 0.046374 0.201069 0.219250 0.512438 0.468453 0.111059 0.248160 0.063626 0.166160 -0.008857 -0.252342 0.124207 0.114791 -0.179787 -0.005085 -0.054889 0.040987 0.145597 0.153093 0.095475 0.050325 0.079181 -0.230524 -0.165079 -0.084110 -0.076085 -0.128990 0.049173 0.134616 0.038351 -0.178649 -0.110283 0.317782 0.104067 -0.152764 0.075698 0.299351 0.008520 -0.011683 0.133259 0.095775 0.158837 -0.224265 0.171555 0.058233 -0.034726 0.010740 -0.008337 0.176129 0.010000 0.085972 -0.002936 -0.019091 -0.022717 0.154456 0.066200 0.046228 0.143403 0.166885
0.605272 1.000000 0.088129 0.091036 0.090523 -0.068667 -0.118650 -0.056206 0.056279 0.189042 0.132223 -0.208780 0.135551 0.162277 0.325345 0.233417 0.398121 0.164979 0.155395 0.299595 -0.045513 -0.071389 -0.123629 -0.205321 -0.115826 -0.118862 -0.016427 0.028201 -0.166652 -0.210890 -0.348130 -0.336255 -0.286517 0.012467 -0.301399 -0.048366 -0.304666 0.097392 -0.069451 0.148174 -0.039349 0.289361 -0.422070 -0.222370 -0.533177 -0.466932 -0.391919 -0.201742 -0.277641 -0.310988 -0.314494 -0.358916 -0.056557 -0.349389 0.137128 -0.174310 0.222973 0.383215 0.451522 0.542444 0.454553 0.588104 0.066803 0.533386 -0.026304 0.073706 0.113584 -0.253028 0.242046 0.208840 -0.156755 -0.155398 -0.150808 0.070295 0.037529 0.027885 -0.011602 0.015170 -0.061914 -0.124859 0.075361 0.086682 0.077719 -0.000647 -0.105101 -0.113368 -0.092782 -0.182940 0.117479 0.358824 0.078697 -0.098789 -0.017456 0.278942 -0.060388 0.069280 0.106759 -0.049395 0.134891 -0.147034 0.079939 0.020002 0.093072 0.117797 0.030041 0.135766 -0.060564 0.017130 0.079382 -0.248258 0.032984 0.185610 -0.098601 -0.038690 0.026647 -0.048410
0.029375 0.088129 1.000000 0.118958 0.273451 0.079125 0.513940 0.406346 0.311130 0.142736 0.083384 0.018617 0.332675 0.470361 0.145286 0.407266 0.009521 -0.011209 0.094582 0.132240 0.057030 0.077838 0.228455 -0.311448 0.174154 -0.087703 -0.001958 -0.018867 -0.202843 -0.260904 -0.028037 0.184827 -0.148386 0.242726 0.281470 0.144163 -0.049932 -0.146077 -0.114754 -0.096155 -0.179203 0.028119 -0.365606 -0.239352 -0.354269 -0.018392 -0.332080 -0.463134 -0.076545 -0.296089 0.121378 -0.264046 0.099678 -0.090956 0.110284 -0.136451 -0.180248 -0.071508 0.190449 -0.050809 0.390718 0.152749 0.039934 -0.046291 0.159071 0.190058 0.271802 0.099068 -0.048265 -0.024610 0.330066 0.150676 -0.065082 -0.081254 0.031773 0.313564 -0.072944 0.144843 -0.208017 -0.251469 -0.262311 -0.275354 0.015548 -0.068550 -0.299872 -0.394313 -0.156218 -0.180885 -0.223290 0.036815 -0.030113 0.111805 0.145527 0.305842 0.045272 0.059851 0.051987 0.065292 -0.118836 -0.373457 0.019430 0.260377 -0.009909 0.048424 -0.068662 0.000727 -0.042657 -0.192824 0.237661 -0.245848 0.054435 -0.177593 -0.038547 0.008383 -0.049368 -0.334793
0.059013 0.091036 0.118958 1.000000 -0.218318 -0.327474 0.279919 0.573724 0.092340 0.034677 0.310194 0.582494 0.157217 0.470854 0.191311 0.294424 -0.200946 -0.221259 0.180552 0.248266 -0.059131 0.068617 0.279973 0.244000 -0.204980 -0.157518 -0.288473 -0.349426 0.108010 0.230657 0.326307 0.477629 0.001577 -0.073957 0.147474 -0.185031 -0.179830 -0.212795 -0.406220 -0.035676 -0.082076 0.023066 -0.304148 -0.420291 -0.219653 -0.250983 -0.369900 -0.406758 -0.316700 -0.237382 0.018203 -0.097172 -0.222257 -0.132915 -0.311515 -0.266761 -0.383577 -0.175616 -0.208389 0.018750 -0.069489 0.115486 -0.218411 -0.058566 0.463497 0.298354 0.012795 0.233771 -0.390931 -0.410310 -0.016901 -0.125328 0.094032 -0.056823 -0.041000 0.291956 0.131196 0.349496 0.071472 -0.134968 -0.295698 -0.279635 0.118576 0.291714 0.320668 0.433017 0.060060 -0.263712 0.354577 0.158563 0.162317 -0.015324 0.531290 -0.168963 -0.285613 -0.033668 -0.347256 -0.494171 -0.356834 -0.367937 -0.075388 -0.206940 0.061842 -0.273504 -0.166981 -0.223487 -0.124839 -0.040505 -0.148231 -0.163961 -0.250817 -0.196397 -0.233337 -0.185432 -0.077089 -0.073594
-0.112000 0.090523 0.273451 -0.218318 1.000000 0.420072 0.146854 -0.154955 0.475492 0.422453 0.031178 -0.388940 0.069492 -0.037729 0.276268 0.117271 -0.218293 0.028606 -0.170899 0.022721 0.197009 0.137290 0.142990 0.011788 0.363752 0.095190 0.445370 0.216555 -0.288531 -0.301384 0.097879 -0.156552 -0.292937 0.211462 -0.008592 0.148611 -0.149618 -0.079407 0.140569 -0.032087 -0.146265 -0.084976 -0.224126 -0.278335 -0.066270 -0.049333 -0.158913 -0.087606 0.170308 -0.008678 0.016816 -0.107970 0.073149 0.169420 0.180982 -0.190240 -0.066651 0.203397 0.412694 0.300980 0.175725 0.044863 -0.052798 0.159756 -0.087665 -0.247665 0.223989 0.029322 0.157336 0.122426 0.304557 0.178109 -0.223845 -0.001572 -0.034545 -0.187439 -0.258755 -0.150598 -0.421846 -0.021437 0.057578 0.035318 0.137700 -0.196164 -0.262806 -0.372188 -0.199626 -0.166363 0.066436 0.027275 0.002514 0.020364 -0.019298 0.200075 0.166093 0.007002 0.086552 0.167541 0.226377 -0.094334 -0.066124 -0.038107 0.034397 0.063340 -0.072759 0.008649 -0.078829 -0.178481 0.264163 -0.181408 0.243277 0.059348 0.187763 0.180634 0.078929 -0.086394
0.025114 -0.068667 0.079125 -0.327474 0.420072 1.000000 -0.243730 -0.326565 0.010217 0.416276 -0.219103 -0.465513 -0.260863 -0.238604 -0.140548 -0.143415 -0.199743 -0.120669 -0.206072 -0.195714 0.151942 0.096326 0.111094 0.255096 0.330212 0.468063 0.291441 0.669061 -0.548238 -0.447924 0.021120 -0.086786 -0.246635 -0.058918 0.125918 0.386877 -0.053644 -0.021811 0.195757 0.010462 -0.077469 0.125719 -0.004839 -0.096265 0.036818 0.321378 -0.145803 -0.089122 0.241711 0.095538 0.327756 0.048215 0.184932 0.249429 0.046344 -0.043496 0.040116 -0.074506 0.350081 0.126009 -0.054317 -0.142544 -0.062195 -0.041983 -0.385815 0.072719 0.176206 0.239777 0.062911 0.081107 0.225952 0.227899 -0.332504 0.029480 -0.181758 -0.247120 -0.117625 -0.094950 -0.228363 -0.179996 -0.013525 -0.071368 -0.165556 -0.388843 -0.215565 -0.119554 -0.123615 0.013668 -0.096980 0.146235 -0.024141 0.079307 -0.032424 0.144573 0.273555 0.241131 0.163755 0.415788 0.057435 -0.057924 0.169587 -0.154099 0.035403 0.014643 0.080076 0.127625 -0.007525 -0.150088 0.351642 0.035241 0.280329 0.110504 0.196990 0.225382 0.220378 -0.013632
-0.076165 -0.118650 0.513940 0.279919 0.146854 -0.243730 1.000000 0.751263 0.449873 0.100559 0.318585 0.471296 0.415823 0.578836 0.165797 0.535004 -0.063388 -0.043229 -0.084329 0.031423 0.259311 0.115503 0.164040 -0.228514 -0.046161 -0.292132 -0.095097 -0.426236 0.172424 0.308156 0.318198 0.518785 0.218731 0.328078 0.124036 -0.208339 -0.019207 -0.031694 -0.378122 -0.173651 -0.083329 -0.000055 -0.140161 -0.116350 -0.026912 -0.081984 -0.149567 -0.426674 -0.206461 -0.244320 -0.009298 -0.228792 -0.089588 -0.141339 -0.209580 -0.166888 -0.525941 -0.341563 0.095691 0.009761 0.189014 0.062330 0.189086 -0.283940 0.512343 0.089239 0.173101 0.131688 -0.397323 -0.451541 0.395211 -0.016699 0.412984 0.197223 0.385040 0.567276 0.372745 0.393455 -0.141925 -0.222003 -0.296796 -0.346293 0.123050 0.207443 -0.033890 -0.096123 -0.038969 -0.268080 -0.122584 -0.259729 0.001815 -0.177170 0.254162 0.177973 -0.111867 -0.187317 -0.163860 -0.294486 -0.237485 -0.445345 -0.177269 0.271772 -0.076070 -0.101424 -0.312168 -0.196154 -0.131897 -0.288761 -0.000731 -0.163927 -0.178796 -0.415449 -0.185217 -0.018392 -0.180806 -0.356934
0.043789 -0.056206 0.406346 0.573724 -0.154955 -0.326565 0.751263 1.000000 0.294482 0.147029 0.251278 0.584181 0.303689 0.622558 0.027673 0.563044 -0.020786 -0.228406 -0.105635 0.000118 0.177912 0.042627 0.122916 -0.041741 -0.250600 -0.252983 -0.339045 -0.552784 0.136052 0.268112 0.128108 0.530173 0.104005 0.134413 -0.020030 -0.343563 -0.099715 -0.055072 -0.401012 -0.171496 -0.151670 0.083955 -0.314587 -0.256688 -0.311652 -0.209614 -0.356647 -0.538449 -0.393386 -0.369590 -0.010405 -0.194837 -0.005596 -0.014549 -0.289507 -0.284153 -0.552839 -0.420826 -0.061265 -0.081677 0.096989 0.140556 0.009739 -0.345930 0.551871 0.336264 0.084884 0.175448 -0.402602 -0.456905 0.212990 -0.032506 0.297330 0.270671 0.237221 0.521721 0.355944 0.512437 -0.019448 -0.190789 -0.392554 -0.444841 -0.078872 0.044422 0.032370 0.195859 0.008589 -0.258229 -0.066710 -0.087299 0.157057 -0.090738 0.482346 0.082436 -0.013474 -0.007857 -0.105364 -0.253950 -0.312871 -0.371720 -0.038501 0.162377 0.075817 -0.066804 -0.086395 -0.051766 0.026064 -0.072315 0.063459 -0.059375 -0.334587 -0.282727 -0.143216 0.072012 0.016845 -0.169442
-0.319107 0.056279 0.311130 0.092340 0.475492 0.010217 0.449873 0.294482 1.000000 0.234638 0.161627 0.055942 0.251445 0.230236 0.389483 0.415020 0.023438 0.220767 -0.121476 0.074938 0.131278 0.097767 0.081403 -0.080743 -0.015083 -0.286127 -0.043887 -0.206902 0.101687 0.079698 -0.048824 0.059574 -0.109710 0.207186 -0.176587 -0.253033 -0.143292 -0.215036 -0.210571 -0.157016 -0.264458 -0.117692 -0.144578 -0.235496 -0.013881 -0.246261 -0.194969 -0.364665 -0.085059 -0.057457 0.005489 -0.103093 0.078789 -0.055336 -0.256912 -0.197324 -0.211412 0.041100 0.480091 0.325368 0.215871 0.197022 0.168720 0.104305 0.264693 -0.008600 0.208372 -0.071713 -0.070159 -0.222744 0.328950 0.132456 0.249224 0.178625 0.226208 0.095142 0.045143 0.064285 -0.182838 -0.145169 0.079994 -0.025492 0.161796 0.179077 -0.198541 -0.075861 -0.119930 -0.159034 0.067022 -0.053423 -0.152028 -0.143534 0.038495 0.074345 0.035218 -0.035365 -0.140820 -0.143515 -0.093879 -0.251893 -0.122986 0.022800 0.050732 0.038294 -0.268085 -0.130992 -0.096016 -0.222064 -0.135743 -0.223018 -0.333879 -0.305254 -0.193151 0.145505 -0.081959 -0.240537
0.182337 0.189042 0.142736 0.034677 0.422453 0.416276 0.100559 0.147029 0.234638 1.000000 0.113608 -0.130525 0.307705 0.243517 0.073023 0.474999 -0.074015 -0.246684 -0.209654 0.082663 0.110267 -0.064567 0.011385 0.068799 0.098919 0.110993 0.093830 0.086511 -0.295896 -0.258575 -0.023862 -0.088322 -0.314707 0.030540 0.013923 0.215803 -0.368358 0.105634 -0.134683 0.104185 -0.195582 0.118083 -0.375184 -0.315069 -0.280326 0.098715 -0.426719 -0.313591 -0.218805 -0.272450 -0.077364 -0.199513 0.005569 0.151796 -0.219514 -0.287890 -0.239137 -0.082929 0.318107 0.200359 0.208295 0.152693 -0.163462 -0.131930 -0.027803 0.180525 0.177210 0.280751 -0.045280 -0.145043 -0.004028 0.116122 -0.209060 0.060297 -0.168653 0.020684 -0.142705 0.085977 -0.262924 -0.104644 -0.156464 -0.184423 0.009237 -0.094845 0.083128 -0.005249 -0.196473 -0.112171 0.122791 0.107715 0.229467 0.062326 0.410870 0.236260 0.127150 0.193094 0.080216 0.113499 -0.042092 -0.167902 0.101594 -0.106604 0.240850 0.020219 -0.000348 0.042675 -0.065482 -0.101152 0.244602 -0.129759 0.153045 0.071352 0.235761 0.104786 0.126245 -0.116484
0.226542 0.132223 0.083384 0.310194 0.031178 -0.219103 0.318585 0.251278 0.161627 0.113608 1.000000 0.388172 0.683881 0.430519 0.052585 0.139270 -0.008915 0.183738 -0.037641 0.256366 -0.155380 -0.185964 0.193268 -0.159998 -0.233421 -0.381356 -0.270879 -0.250868 0.220924 0.196937 0.157269 0.121148 0.017569 -0.038228 -0.007825 -0.117853 -0.240717 -0.110722 -0.455631 -0.201934 -0.130111 -0.096541 -0.155628 -0.179531 0.004260 -0.140400 -0.158961 -0.262719 -0.182379 -0.139702 -0.034622 -0.145870 -0.027933 -0.071583 0.006963 -0.055966 -0.318544 -0.139548 0.158489 -0.011334 0.346746 0.153920 0.361654 0.039012 0.176420 0.092814 0.062235 -0.159372 -0.132679 -0.110841 -0.225613 -0.184693 0.162950 0.017129 0.119385 0.184745 -0.021667 0.135046 0.101703 -0.006851 -0.242161 -0.181773 -0.033856 0.099662 0.168922 0.068378 -0.050432 -0.234114 -0.138329 -0.192023 -0.043964 -0.024132 0.092553 0.166306 -0.249799 0.077276 -0.162954 -0.153702 -0.161307 -0.466894 -0.044490 0.138763 -0.305504 0.042453 -0.187702 0.069464 -0.300329 -0.325321 -0.046937 0.011806 -0.092359 -0.352531 0.002646 0.043573 0.052225 -0.109771
-0.083238 -0.208780 0.018617 0.582494 -0.388940 -0.465513 0.471296 0.584181 0.055942 -0.130525 0.388172 1.000000 0.246621 0.601456 -0.066793 0.162577 -0.156555 -0.104715 0.082689 0.162061 -0.088469 -0.104625 0.004694 -0.077660 -0.449805 -0.465575 -0.538100 -0.535778 0.407537 0.593599 0.284159 0.337081 0.285493 -0.064551 0.083911 -0.317133 -0.042291 -0.097446 -0.507746 -0.283635 -0.067035 -0.264281 0.052633 -0.065438 0.056444 0.024973 -0.136067 -0.302392 -0.253028 -0.105922 -0.048658 0.001030 -0.353339 -0.234671 -0.422812 -0.165483 -0.456620 -0.497874 -0.383605 -0.298628 -0.190649 -0.159415 -0.023557 -0.463558 0.539483 0.337072 0.026587 0.235862 -0.476493 -0.508934 0.006754 -0.123264 0.311819 0.042690 0.036761 0.404877 0.303035 0.355362 0.281624 0.097361 -0.125133 -0.143388 -0.112323 0.338259 0.414939 0.409574 -0.054400 -0.072533 -0.048764 -0.225943 -0.048217 -0.006348 0.365146 -0.122297 -0.250867 -0.042897 -0.290570 -0.385108 -0.445706 -0.237305 -0.050503 0.106263 -0.052777 -0.078572 -0.061553 -0.028299 0.024366 0.010347 -0.194910 0.064163 -0.286238 -0.310101 -0.186804 0.061760 0.001554 -0.045588
0.180562 0.135551 0.332675 0.157217 0.069492 -0.260863 0.415823 0.303689 0.251445 0.307705 0.683881 0.246621 1.000000 0.558533 0.161693 0.391338 0.236358 0.133829 0.062052 0.304546 -0.270687 -0.253905 0.107344 -0.437666 -0.055963 -0.399613 -0.148157 -0.139301 0.290203 0.027526 -0.053853 -0.045762 -0.113612 -0.015062 0.069186 0.082404 -0.189199 -0.040907 -0.266127 -0.010056 -0.163149 -0.132290 -0.313903 -0.196112 -0.160841 -0.142424 -0.162342 -0.194847 -0.262801 -0.350035 -0.228969 -0.380317 -0.062762 -0.178223 0.118980 -0.045413 -0.228300 -0.009783 0.109852 -0.113030 0.504081 0.141982 0.209397 -0.081897 0.064844 0.138934 0.100267 -0.139826 0.104818 0.042745 -0.217391 -0.178521 0.130902 -0.057949 -0.022640 0.258442 -0.044316 0.078577 0.064130 0.155296 -0.122185 -0.101633 0.122912 0.148968 0.094017 -0.134422 -0.095285 -0.316001 -0.088903 -0.113064 0.064728 0.131822 0.253011 0.315337 -0.092740 -0.028601 0.046746 -0.036832 0.104460 -0.198940 0.079429 0.328745 -0.044806 -0.039450 -0.188721 -0.103707 -0.239714 -0.175535 -0.033990 -0.080354 -0.002614 -0.163647 0.068517 -0.134446 -0.088302 -0.163533
0.333425 0.162277 0.470361 0.470854 -0.037729 -0.238604 0.578836 0.622558 0.230236 0.243517 0.430519 0.601456 0.558533 1.000000 0.176692 0.551343 0.101737 -0.120131 -0.062484 0.233154 0.062924 0.031051 0.074306 -0.255084 -0.143402 -0.444553 -0.273513 -0.345680 0.162543 0.096440 0.138174 0.259461 0.085104 0.093469 -0.005616 -0.197730 -0.241912 -0.150295 -0.408711 -0.102599 -0.272069 -0.056061 -0.378031 -0.285240 -0.356575 -0.138543 -0.412460 -0.512231 -0.365830 -0.409753 -0.087773 -0.370148 -0.196495 -0.253742 -0.183720 -0.185055 -0.283862 -0.285730 0.018704 -0.136708 0.354135 0.159230 0.118162 -0.245957 0.489370 0.361174 0.070121 0.089278 -0.303529 -0.317483 0.070451 0.032152 0.115581 -0.071132 0.027773 0.410360 0.081180 0.226146 0.015754 -0.115495 -0.231376 -0.186433 -0.111082 0.109942 0.168687 0.169080 -0.134786 -0.262541 -0.123836 0.071866 -0.041898 -0.109741 0.470249 0.200766 -0.050701 -0.028023 -0.050438 -0.167582 -0.192653 -0.391923 0.084561 0.235792 0.119836 -0.077541 -0.099212 0.032371 -0.004067 -0.048625 -0.125659 -0.032791 -0.249684 -0.216050 -0.160370 0.052799 0.086894 -0.058003
0.113406 0.325345 0.145286 0.191311 0.276268 -0.140548 0.165797 0.027673 0.389483 0.073023 0.052585 -0.066793 0.161693 0.176692 1.000000 0.323769 0.114808 0.119751 0.130315 0.136659 0.064533 0.193053 0.349403 -0.175473 0.055229 -0.122710 0.221538 0.008922 0.005604 -0.155299 0.106944 0.000546 -0.131673 0.041198 -0.165208 -0.300364 -0.028559 0.030951 0.082738 0.219012 0.120217 0.275560 -0.135053 -0.115050 -0.235875 -0.488603 -0.096157 -0.104534 -0.142904 -0.146109 -0.252898 -0.216264 -0.164123 -0.465034 0.069175 0.049201 0.069825 0.188921 0.281241 0.389325 0.303752 0.323589 -0.090988 0.234695 0.369887 -0.015288 0.013051 -0.256335 -0.032094 -0.047725 0.190160 -0.102915 0.112666 -0.145909 0.267437 0.067560 0.068128 -0.190441 -0.028322 -0.076094 -0.078371 0.053609 0.524022 0.325442 0.051972 -0.018949 0.185611 -0.049167 0.460684 0.205701 -0.243281 -0.130850 0.003110 0.053948 -0.067987 -0.008485 0.106949 -0.164617 0.097287 -0.154115 -0.136158 -0.120924 0.082184 -0.067284 -0.194351 -0.135607 -0.158559 -0.022316 -0.305518 -0.162263 -0.130585 -0.038643 0.111364 -0.073033 -0.142905 0.172565
0.229027 0.233417 0.407266 0.294424 0.117271 -0.143415 0.535004 0.563044 0.415020 0.474999 0.139270 0.162577 0.391338 0.551343 0.323769 1.000000 0.160341 -0.221969 -0.109793 0.330205 0.122000 0.303133 -0.066753 -0.148088 0.008850 -0.145430 -0.085010 -0.266082 0.132937 0.015082 -0.000585 0.301023 0.152568 0.325435 -0.126852 -0.119358 -0.006764 0.245674 -0.073673 0.288396 -0.104128 0.137081 -0.514517 -0.430514 -0.382412 -0.247073 -0.337788 -0.429258 -0.457285 -0.492156 -0.292007 -0.434457 -0.081934 -0.213697 -0.173173 -0.129342 -0.105204 -0.074670 0.288349 0.224875 0.490139 0.375106 0.007070 -0.095300 0.412618 0.166656 0.184501 0.130752 -0.047986 -0.208481 0.008010 0.059151 0.238780 -0.001420 0.209700 0.334805 0.064887 0.124557 -0.048417 -0.275505 -0.105384 -0.110329 0.298802 0.232918 0.042169 0.102343 -0.110432 -0.113435 0.161219 0.216376 0.050716 -0.190150 0.327202 0.150190 0.102318 -0.019806 0.070229 -0.164831 -0.074866 -0.351218 0.035663 0.163429 0.170677 -0.317078 -0.386636 -0.376730 -0.192105 -0.157474 -0.082704 -0.383452 -0.141608 -0.169639 -0.276137 -0.219774 -0.284960 -0.272233
0.236190 0.398121 0.009521 -0.200946 -0.218293 -0.199743 -0.063388 -0.020786 0.023438 -0.074015 -0.008915 -0.156555 0.236358 0.101737 0.114808 0.160341 1.000000 0.282754 -0.000600 -0.028685 -0.042952 -0.106614 -0.162164 -0.331207 -0.228593 -0.162552 -0.082358 -0.034442 0.252211 -0.146646 -0.451832 -0.169788 0.155843 0.102878 -0.381879 -0.217862 -0.099768 -0.058630 0.133339 0.066599 -0.154358 0.164168 -0.140014 -0.005905 -0.260541 -0.302909 0.003619 -0.039702 -0.262197 -0.248733 -0.329554 -0.274599 -0.026935 -0.234538 0.054944 0.097320 0.372934 0.448207 0.167058 -0.001809 0.380732 0.228294 0.196406 0.249424 -0.143042 0.126855 -0.193509 -0.474637 0.448156 0.365495 -0.293517 0.048863 0.070216 0.110958 0.002862 -0.007129 0.044619 -0.235774 0.247484 0.268982 0.369893 0.372723 0.030187 -0.126564 -0.294521 -0.227885 -0.099941 -0.177609 -0.203586 0.116497 -0.246971 -0.190586 -0.202018 0.086434 0.267778 0.011706 0.326165 0.106453 0.187479 0.050938 0.209828 0.265559 0.151447 0.209625 0.167235 0.155108 0.032564 0.233456 -0.062336 0.110940 -0.243742 0.088343 -0.130425 0.076810 0.098112 0.031592
-0.067234 0.164979 -0.011209 -0.221259 0.028606 -0.120669 -0.043229 -0.228406 0.220767 -0.246684 0.183738 -0.104715 0.133829 -0.120131 0.119751 -0.221969 0.282754 1.000000 0.088346 -0.128701 -0.029804 -0.209014 0.059539 -0.189928 -0.189402 -0.224700 -0.013168 0.045799 0.140279 0.061657 -0.191935 -0.235236 -0.011690 0.020856 -0.123225 -0.251523 0.043626 -0.228777 -0.159578 -0.326866 -0.023064 -0.250861 0.222334 0.155986 0.069141 -0.269212 -0.015567 0.001233 0.149750 0.115268 0.001778 -0.033573 0.243449 -0.288582 0.067428 -0.283007 -0.041438 0.060779 0.183882 0.051109 0.375126 0.383038 0.532338 0.446280 0.005488 -0.048323 -0.113027 -0.490604 0.288200 0.232578 -0.063598 0.079250 0.149661 0.139418 0.071468 -0.090832 0.141938 -0.062604 -0.005130 0.124152 0.135833 0.140120 -0.138729 -0.222952 -0.275968 -0.275978 -0.038061 -0.289219 -0.103240 -0.140729 -0.231636 -0.088178 -0.447662 -0.008823 -0.208940 -0.035710 -0.166313 -0.155600 0.001750 -0.061819 -0.162863 0.078355 -0.225260 0.351592 0.142853 0.310548 0.026064 -0.115357 -0.260955 0.142582 -0.141519 -0.101907 -0.036381 0.143675 0.260925 0.115321
-0.072875 0.155395 0.094582 0.180552 -0.170899 -0.206072 -0.084329 -0.105635 -0.121476 -0.209654 -0.037641 0.082689 0.062052 -0.062484 0.130315 -0.109793 -0.000600 0.088346 1.000000 0.368015 -0.242864 -0.302292 0.056269 -0.176103 0.034872 -0.192904 0.038697 -0.087278 0.077993 0.087497 -0.077120 -0.071956 -0.089655 -0.092609 0.164412 0.139559 -0.019421 -0.120689 -0.008596 0.030969 0.201972 -0.068245 -0.030149 0.151560 0.039782 -0.115527 0.109093 0.239404 0.015718 0.008592 -0.356628 -0.181556 -0.245744 -0.276363 -0.012531 -0.045374 0.143779 0.197006 -0.205235 -0.125809 0.021962 -0.125051 -0.103255 0.093680 0.036626 -0.024875 0.048839 -0.168948 0.102547 0.183898 -0.196857 -0.373219 0.098032 -0.293290 0.096188 -0.035279 -0.013332 -0.068411 0.128942 -0.052158 0.090029 0.062568 0.325622 0.302607 0.259306 -0.226913 -0.023964 0.109737 0.274465 0.043254 0.181965 0.424356 0.099710 -0.014459 -0.226682 -0.169236 -0.136758 -0.147176 0.184839 0.153804 0.062937 0.026132 0.080245 0.071019 -0.110306 -0.193859 -0.049678 -0.182839 -0.081014 -0.249457 0.154843 -0.024584 -0.109401 -0.270432 -0.262002 -0.024804
0.089349 0.299595 0.132240 0.248266 0.022721 -0.195714 0.031423 0.000118 0.074938 0.082663 0.256366 0.162061 0.304546 0.233154 0.136659 0.330205 -0.028685 -0.128701 0.368015 1.000000 -0.178889 -0.042506 -0.314746 -0.216398 -0.151211 -0.334079 -0.309906 -0.127768 0.195499 0.264191 -0.158679 -0.081234 -0.076555 0.160658 -0.175483 0.105054 -0.052076 0.025401 -0.063596 0.126689 0.127609 -0.077200 -0.385702 -0.196486 -0.051287 0.001320 -0.179940 -0.039087 -0.191179 -0.077506 -0.315945 -0.209328 -0.037867 -0.221824 0.070312 -0.030624 0.107168 0.173117 0.207911 0.198817 0.281692 0.162745 0.085310 0.161745 -0.033524 -0.162291 0.201823 0.014893 0.148419 0.111902 -0.282154 -0.255057 0.234656 -0.290328 -0.131181 0.082050 -0.225975 -0.047895 -0.076738 -0.127693 0.118570 0.113341 0.258193 0.436733 0.152493 -0.016208 -0.087886 0.110979 0.123570 0.161862 0.145952 0.121076 0.142845 0.112796 -0.160289 0.085921 -0.108172 -0.141218 0.013576 -0.184050 0.155388 0.285202 0.017041 -0.186183 -0.294018 -0.284703 -0.275747 -0.249719 0.027510 -0.406317 0.255814 -0.265727 -0.146070 -0.404183 -0.321641 -0.283145
-0.067393 -0.045513 0.057030 -0.059131 0.197009 0.151942 0.259311 0.177912 0.131278 0.110267 -0.155380 -0.088469 -0.270687 0.062924 0.064533 0.122000 -0.042952 -0.029804 -0.242864 -0.178889 1.000000 0.341766 0.104008 0.127123 0.221241 0.172841 0.200202 -0.147266 -0.236068 0.095384 0.210564 0.344275 0.096188 0.390603 -0.048275 -0.231934 -0.058785 -0.158996 -0.080895 -0.194187 0.089161 0.090350 -0.065755 -0.013999 -0.237488 -0.065071 -0.159468 -0.260202 -0.201050 -0.196332 -0.012220 -0.105912 0.137228 0.119869 -0.153498 -0.197092 -0.122708 0.025496 0.122690 0.088254 -0.126177 -0.054715 0.030341 -0.008785 0.236007 -0.161844 0.060070 0.091307 -0.183960 -0.172443 0.480655 0.178868 0.135659 0.209813 0.150312 0.105702 0.163079 0.209974 -0.277361 -0.032222 0.003679 -0.007157 -0.072731 -0.197732 -0.013788 -0.098907 0.137985 0.000241 0.114654 -0.092148 -0.113929 -0.346465 -0.140458 0.028374 0.222836 0.011075 0.075278 0.064661 -0.317069 -0.184063 -0.314353 -0.044779 0.141048 0.090489 0.121666 0.094891 0.116312 -0.086988 0.004690 0.103914 0.074606 -0.032054 -0.018979 0.210906 0.152077 0.021566
0.052114 -0.071389 0.077838 0.068617 0.137290 0.096326 0.115503 0.042627 0.097767 -0.064567 -0.185964 -0.104625 -0.253905 0.031051 0.193053 0.303133 -0.106614 -0.209014 -0.302292 -0.042506 0.341766 1.000000 0.138399 0.259440 0.325034 0.447710 0.264421 0.120332 -0.035332 -0.017333 0.369623 0.470679 0.327923 0.465885 0.051994 -0.112326 0.399899 -0.001245 0.385413 0.375195 0.153908 0.208221 -0.232392 -0.319269 -0.076833 -0.028682 -0.061636 -0.210816 -0.174511 -0.224672 -0.022923 -0.244020 -0.245177 -0.198895 -0.004694 0.166590 0.223661 0.091069 0.133550 0.194883 0.097248 0.100629 -0.101325 0.076150 0.240059 0.107508 0.101053 0.195045 -0.118087 -0.171328 0.300846 0.169820 0.147550 -0.057994 0.094795 0.070652 -0.000616 -0.048422 0.200518 -0.027644 0.198738 0.306480 0.350292 0.131169 0.091533 0.265228 0.349469 0.075012 0.210665 0.218893 -0.422488 -0.658008 -0.207391 -0.290313 0.140152 -0.283864 0.180309 -0.082170 -0.307928 -0.296192 -0.175118 -0.102305 -0.190103 -0.493971 -0.402770 -0.424232 -0.038568 -0.110440 -0.168477 -0.351459 -0.050283 -0.199183 -0.406089 -0.170275 -0.325207 -0.140658
-0.045928 -0.123629 0.228455 0.279973 0.142990 0.111094 0.164040 0.122916 0.081403 0.011385 0.193268 0.004694 0.107344 0.074306 0.349403 -0.066753 -0.162164 0.059539 0.056269 -0.314746 0.104008 0.138399 1.000000 0.273690 0.279872 0.346100 0.367501 0.178963 -0.184062 -0.210152 0.487186 0.356876 -0.119211 -0.108105 0.284869 -0.083343 -0.068899 -0.252773 -0.072292 -0.041520 0.080856 0.171483 0.053806 -0.218631 -0.052073 -0.270197 0.026280 -0.162669 0.013922 -0.089503 0.253227 -0.032955 -0.098141 -0.062436 -0.024445 0.088684 -0.192252 0.011007 -0.173324 -0.207168 -0.052072 -0.150638 -0.030659 -0.023385 0.269652 0.081958 -0.301894 -0.162605 -0.193652 -0.149002 0.247336 -0.147040 -0.073325 -0.162185 0.083577 -0.113701 0.010585 -0.008397 0.141157 0.066911 -0.306472 -0.081473 0.272336 0.029456 0.149883 0.018717 0.192152 -0.188863 0.291062 0.062533 -0.220428 0.055095 0.092906 0.004868 -0.205451 -0.217981 -0.131559 -0.124257 -0.095204 -0.238540 -0.249836 -0.396398 -0.204901 -0.001411 -0.085319 -0.003217 -0.141702 -0.282407 -0.138095 0.036446 -0.093656 -0.046728 0.212120 0.044845 0.040788 0.114569
-0.083806 -0.205321 -0.311448 0.244000 0.011788 0.255096 -0.228514 -0.041741 -0.080743 0.068799 -0.159998 -0.077660 -0.437666 -0.255084 -0.175473 -0.148088 -0.331207 -0.189928 -0.176103 -0.216398 0.127123 0.259440 0.273690 1.000000 0.136002 0.395239 0.171901 0.127411 -0.170961 -0.005144 0.431816 0.328117 0.133572 -0.059088 0.077330 -0.002018 -0.020877 -0.228811 -0.050725 -0.126694 0.005683 -0.085473 0.244801 -0.062956 0.252418 0.034859 -0.008723 0.089696 0.133861 0.122057 0.301661 0.124027 -0.050984 0.149247 -0.180241 -0.182467 -0.147366 -0.188288 -0.241913 -0.038188 -0.377926 -0.135062 -0.057275 -0.024227 -0.129635 -0.156593 -0.234000 0.212130 -0.219043 -0.307618 -0.017813 0.221502 -0.024346 0.057911 -0.068894 -0.187959 -0.111847 0.021459 0.023034 -0.157251 -0.145623 -0.153888 -0.024001 -0.097790 0.123711 0.374949 -0.070986 -0.043765 0.167561 0.013007 0.118615 -0.069415 0.110594 -0.342966 -0.124238 -0.113989 -0.313202 -0.127619 -0.046889 0.018578 -0.095946 -0.393157 0.045962 0.035452 0.072789 -0.005817 0.114873 -0.023568 -0.048427 0.025236 0.012972 0.017943 -0.101579 0.132395 0.130893 0.005482
-0.023884 -0.115826 0.174154 -0.204980 0.363752 0.330212 -0.046161 -0.250600 -0.015083 0.098919 -0.233421 -0.449805 -0.055963 -0.143402 0.055229 0.008850 -0.228593 -0.189402 0.034872 -0.151211 0.221241 0.325034 0.279872 0.136002 1.000000 0.540735 0.640083 0.436642 -0.237619 -0.288928 0.327136 0.183303 -0.003148 0.230081 0.390826 0.323234 0.188860 -0.017489 0.402784 0.296781 0.083505 0.014970 -0.053717 -0.055195 -0.013465 0.033544 0.210100 0.084560 0.067141 -0.055225 0.036202 -0.237446 -0.077548 0.074751 0.264434 0.088424 0.261238 0.226812 0.007640 0.024296 -0.038448 -0.188606 -0.180782 -0.036572 -0.150236 -0.272548 0.211431 0.123935 0.159376 0.151300 0.379261 0.042127 -0.207220 -0.220605 -0.089157 -0.274894 -0.198623 -0.239131 -0.061518 0.032482 0.097541 0.170670 0.315411 -0.038189 0.030371 -0.194205 0.143972 0.032345 0.276418 0.263881 -0.116556 -0.009273 -0.066504 0.038857 0.195249 -0.204665 0.101697 0.319907 0.174042 0.100976 -0.139464 -0.131220 -0.106422 -0.290524 -0.292764 -0.359554 0.130864 -0.100850 -0.087717 -0.147787 0.232192 0.195915 -0.019498 -0.074232 -0.235243 -0.009955
-0.004360 -0.118862 -0.087703 -0.157518 0.095190 0.468063 -0.292132 -0.252983 -0.286127 0.110993 -0.381356 -0.465575 -0.399613 -0.444553 -0.122710 -0.145430 -0.162552 -0.224700 -0.192904 -0.334079 0.172841 0.447710 0.346100 0.395239 0.540735 1.000000 0.475128 0.586568 -0.459141 -0.286546 0.271065 0.205552 0.014944 0.120510 0.364138 0.329103 0.227323 0.124081 0.459137 0.392838 0.137274 0.289534 -0.082260 -0.263370 -0.033521 0.129550 0.021960 -0.068588 0.093337 0.027571 0.231024 0.048749 -0.022284 0.178333 0.040555 0.128453 0.254123 0.152457 -0.030228 0.030412 -0.173830 -0.099772 -0.306555 0.046491 -0.184298 0.089002 -0.086257 0.212956 0.082080 0.048026 0.227581 -0.052081 -0.262935 -0.120753 -0.127181 -0.326951 -0.052100 -0.145522 0.091663 0.105827 0.079877 0.228995 0.209642 -0.134093 -0.012999 0.097738 0.266069 0.074896 0.189820 0.302234 -0.158429 -0.187056 -0.108473 -0.091095 0.077897 -0.092810 0.110269 0.223298 -0.156628 -0.034714 -0.091493 -0.447216 -0.286249 -0.259685 -0.133986 -0.150418 -0.003670 -0.134356 0.188169 -0.085533 0.111488 0.080578 0.084194 -0.131534 -0.141379 -0.051910
0.031937 -0.016427 -0.001958 -0.288473 0.445370 0.291441 -0.095097 -0.339045 -0.043887 0.093830 -0.270879 -0.538100 -0.148157 -0.273513 0.221538 -0.085010 -0.082358 -0.013168 0.038697 -0.309906 0.200202 0.264421 0.367501 0.171901 0.640083 0.475128 1.000000 0.414512 -0.284508 -0.354444 0.245040 0.046927 -0.090697 0.112343 0.187346 0.133879 0.061209 0.046912 0.258336 0.255308 0.053899 0.138016 0.072191 -0.040100 0.051229 -0.068130 0.179773 0.234658 0.306778 0.121251 0.105522 -0.033297 0.027350 0.053789 0.229999 0.111680 0.244469 0.342573 0.044037 0.068443 0.060886 -0.044434 0.018630 0.287130 -0.140034 -0.323298 -0.092794 -0.082927 0.060852 0.206941 0.240404 0.018483 -0.229155 -0.142521 -0.044894 -0.350618 -0.268457 -0.386827 -0.107724 0.002703 0.106323 0.212730 0.347373 -0.042622 -0.116762 -0.246659 0.057547 -0.096702 0.158875 0.048549 -0.092539 -0.073999 -0.147257 -0.083735 0.057160 -0.239045 0.053530 0.079721 0.306944 0.154809 -0.107022 -0.359816 -0.155456 -0.114863 -0.190371 -0.155595 0.044001 -0.177877 -0.095031 -0.106102 0.083878 0.209026 0.146367 -0.146429 -0.172102 0.056949
0.117242 0.028201 -0.018867 -0.349426 0.216555 0.669061 -0.426236 -0.552784 -0.206902 0.086511 -0.250868 -0.535778 -0.139301 -0.345680 0.008922 -0.266082 -0.034442 0.045799 -0.087278 -0.127768 -0.147266 0.120332 0.178963 0.127411 0.436642 0.586568 0.414512 1.000000 -0.468478 -0.553855 -0.007926 -0.225751 -0.280589 -0.097691 0.320313 0.538026 0.133128 0.129737 0.368324 0.292418 0.107010 0.154600 0.051678 -0.082956 0.010285 0.109826 0.060893 0.151717 0.294186 0.090007 0.220402 -0.050990 0.084283 0.046105 0.392852 0.084842 0.290387 0.146328 0.164725 0.012007 0.111102 -0.070257 -0.116702 0.133490 -0.436098 0.053839 -0.062622 0.060057 0.339414 0.330519 0.105274 0.138031 -0.361196 -0.115139 -0.241643 -0.302601 -0.106650 -0.203777 -0.084987 0.034531 0.058094 0.122153 0.042922 -0.229529 -0.251234 -0.191881 0.006940 -0.047641 -0.004798 0.252075 -0.106531 0.082606 -0.238224 0.053675 0.107662 0.104870 0.234178 0.339131 0.159594 0.029164 0.122668 -0.304271 -0.270760 -0.098955 0.005506 0.027425 -0.034048 -0.028683 0.172446 0.078418 0.250148 0.308809 0.221118 0.004696 0.081214 0.163214
-0.147946 -0.166652 -0.202843 0.108010 -0.288531 -0.548238 0.172424 0.136052 0.101687 -0.295896 0.220924 0.407537 0.290203 0.162543 0.005604 0.132937 0.252211 0.140279 0.077993 0.195499 -0.236068 -0.035332 -0.184062 -0.170961 -0.237619 -0.459141 -0.284508 -0.468478 1.000000 0.628283 0.052778 0.189957 0.371330 0.063714 -0.240489 -0.348188 0.329245 0.044604 -0.038253 -0.058276 0.086186 -0.245860 0.089223 0.111104 0.262027 -0.136823 0.204037 0.111286 -0.231643 -0.020732 -0.316598 -0.159063 -0.175228 -0.288354 -0.222642 -0.003284 -0.027389 -0.024156 -0.172036 -0.132745 0.035923 0.080781 0.298474 -0.067964 0.123905 -0.080584 -0.129577 -0.273648 0.009302 -0.108923 -0.185287 -0.113684 0.627241 0.073959 0.128369 0.226066 0.055318 -0.057038 0.503412 0.328191 0.401229 0.359729 0.221831 0.327485 0.111919 0.131290 0.008587 0.042259 0.052924 -0.063000 -0.216265 -0.130650 -0.090946 -0.322284 -0.047421 -0.302776 -0.122802 -0.438755 0.031521 0.117245 0.014573 0.312751 0.053192 -0.182096 -0.170047 -0.272971 -0.147713 0.055135 -0.384092 -0.033773 -0.201905 -0.179971 -0.409270 -0.170143 -0.160491 -0.010839
-0.298482 -0.210890 -0.260904 0.230657 -0.301384 -0.447924 0.308156 0.268112 0.079698 -0.258575 0.196937 0.593599 0.027526 0.096440 -0.155299 0.015082 -0.146646 0.061657 0.087497 0.264191 0.095384 -0.017333 -0.210152 -0.005144 -0.288928 -0.286546 -0.354444 -0.553855 0.628283 1.000000 0.232268 0.337304 0.303556 0.202937 -0.032572 -0.246194 0.237362 -0.021640 -0.244024 -0.226079 0.136863 -0.285234 0.170688 0.169875 0.348054 0.126204 0.055834 -0.016562 -0.197626 0.134983 -0.138949 0.104814 -0.138361 -0.133678 -0.387705 -0.138569 -0.320089 -0.276655 -0.133382 -0.025921 -0.200710 -0.012238 0.245026 -0.077669 0.255473 -0.101763 -0.006437 0.033515 -0.344516 -0.427449 0.017803 -0.211926 0.594761 0.115961 0.083525 0.284318 0.247091 0.221377 0.238516 0.177202 0.250372 0.163120 0.076881 0.423758 0.271184 0.209984 0.106552 0.158261 0.005801 -0.318046 -0.091433 -0.232711 -0.051349 -0.351790 -0.196863 -0.243411 -0.432077 -0.511890 -0.366793 -0.104718 -0.221922 0.116328 -0.103961 -0.165173 -0.198998 -0.220817 -0.133105 -0.190649 -0.305285 -0.105981 -0.134640 -0.436954 -0.357837 -0.198801 -0.203651 -0.177753
-0.076594 -0.348130 -0.028037 0.326307 0.097879 0.021120 0.318198 0.128108 -0.048824 -0.023862 0.157269 0.284159 -0.053853 0.138174 0.106944 -0.000585 -0.451832 -0.191935 -0.077120 -0.158679 0.210564 0.369623 0.487186 0.431816 0.327136 0.271065 0.245040 -0.007926 0.052778 0.232268 1.000000 0.611186 0.328993 0.136836 0.412256 -0.007257 0.149278 -0.161486 -0.160078 -0.096575 0.141103 -0.013049 0.172035 -0.068086 0.269869 0.068624 0.063038 -0.093512 0.038337 -0.029089 0.199899 -0.050121 -0.245869 -0.119215 -0.226953 -0.091868 -0.346797 -0.260971 -0.269632 -0.054468 -0.197537 -0.146721 -0.078864 -0.185006 0.325247 -0.084072 -0.089866 0.238088 -0.460198 -0.485506 0.299522 -0.071817 0.171493 -0.034523 0.112949 0.183305 0.225056 0.098947 0.082749 0.011703 -0.218814 -0.098229 0.280661 0.189193 0.345293 0.218108 0.184240 -0.094760 0.186430 -0.051462 -0.172340 -0.271121 0.071520 -0.318040 -0.088095 -0.197758 -0.230385 -0.253610 -0.275025 -0.293661 -0.290955 -0.303686 -0.224155 -0.215738 -0.266511 -0.205448 0.041127 -0.279962 -0.234479 0.028008 0.035238 -0.219766 -0.102449 0.028545 -0.089967 0.059638
-0.050964 -0.336255 0.184827 0.477629 -0.156552 -0.086786 0.518785 0.530173 0.059574 -0.088322 0.121148 0.337081 -0.045762 0.259461 0.000546 0.301023 -0.169788 -0.235236 -0.071956 -0.081234 0.344275 0.470679 0.356876 0.328117 0.183303 0.205552 0.046927 -0.225751 0.189957 0.337304 0.611186 1.000000 0.410391 0.379474 0.189819 -0.204893 0.202695 -0.178951 -0.169170 -0.091176 0.108429 0.186337 -0.039971 -0.164884 0.095067 -0.035095 -0.120609 -0.344871 -0.258319 -0.185338 0.121596 -0.181383 -0.105117 -0.076336 -0.319455 -0.133908 -0.289887 -0.212216 -0.172626 -0.094473 -0.077342 -0.052684 0.084161 -0.190646 0.419719 0.085776 -0.034473 0.151793 -0.440152 -0.472089 0.371697 0.084566 0.476869 0.158384 0.234264 0.426942 0.303107 0.279383 0.177451 -0.180325 -0.137216 -0.100410 0.249408 0.204606 0.236284 0.241914 0.260287 -0.036698 0.132509 0.036394 -0.088762 -0.384452 0.111513 -0.381465 -0.031143 -0.266424 -0.294998 -0.414840 -0.377427 -0.502379 -0.262769 -0.100163 -0.204604 -0.374657 -0.406542 -0.337832 -0.087736 -0.335127 -0.193368 -0.199247 -0.181993 -0.427039 -0.392848 -0.102930 -0.158818 -0.191559
-0.018064 -0.286517 -0.148386 0.001577 -0.292937 -0.246635 0.218731 0.104005 -0.109710 -0.314707 0.017569 0.285493 -0.113612 0.085104 -0.131673 0.152568 0.155843 -0.011690 -0.089655 -0.076555 0.096188 0.327923 -0.119211 0.133572 -0.003148 0.014944 -0.090697 -0.280589 0.371330 0.303556 0.328993 0.410391 1.000000 0.434770 -0.156099 -0.254696 0.239823 -0.040750 -0.035581 -0.076422 -0.046383 -0.190932 0.185031 0.015221 0.256544 0.067423 0.172674 -0.020424 -0.076784 -0.083964 -0.199523 -0.160816 -0.253782 -0.278784 -0.209436 0.079886 0.198721 -0.071134 -0.272260 -0.179841 -0.064241 -0.098419 0.063048 -0.213520 0.272056 -0.016329 0.026976 0.095572 0.000946 -0.099719 -0.098540 0.024681 0.380811 -0.021911 0.351909 0.102541 0.152488 -0.163127 0.280581 0.071374 0.161436 0.248092 0.064587 0.105790 0.199381 0.300723 -0.134093 0.061899 -0.034302 0.053719 -0.201122 -0.341829 -0.110197 -0.253391 0.008471 -0.294360 -0.042874 -0.033539 -0.092706 -0.040236 -0.000567 0.224585 -0.104281 -0.150671 -0.302123 -0.216168 0.215090 -0.032669 -0.336868 -0.062920 -0.153109 -0.329157 -0.392378 0.044793 -0.189191 -0.214843
-0.015185 0.012467 0.242726 -0.073957 0.211462 -0.058918 0.328078 0.134413 0.207186 0.030540 -0.038228 -0.064551 -0.015062 0.093469 0.041198 0.325435 0.102878 0.020856 -0.092609 0.160658 0.390603 0.465885 -0.108105 -0.059088 0.230081 0.120510 0.112343 -0.097691 0.063714 0.202937 0.136836 0.379474 0.434770 1.000000 -0.051139 -0.005260 0.144333 -0.079160 0.062702 -0.054161 0.063287 -0.004414 -0.198294 -0.084993 -0.005944 0.141326 -0.124351 -0.206020 -0.102550 -0.181387 -0.348167 -0.342105 -0.115029 -0.203323 -0.023306 -0.176237 0.138851 0.152335 0.173616 0.083679 0.296011 0.184486 0.002957 0.155087 0.211446 -0.009184 0.226862 0.054753 0.229116 0.093219 0.250021 0.001540 0.276007 -0.004583 0.105714 0.157362 0.039097 -0.099914 -0.106996 0.015865 0.250347 0.286396 0.135070 0.081769 -0.147166 -0.191252 -0.073416 0.178592 0.010913 0.108348 -0.138962 -0.521355 -0.246804 -0.190058 0.194636 -0.135543 -0.057336 -0.040048 -0.205161 -0.298955 -0.035674 0.125148 -0.207345 -0.151944 -0.426426 -0.236036 0.108588 -0.283458 -0.081900 -0.325900 -0.047131 -0.363527 -0.301490 -0.006449 -0.227392 -0.310361
-0.261747 -0.301399 0.281470 0.147474 -0.008592 0.125918 0.124036 -0.020030 -0.176587 0.013923 -0.007825 0.083911 0.069186 -0.005616 -0.165208 -0.126852 -0.381879 -0.123225 0.164412 -0.175483 -0.048275 0.051994 0.284869 0.077330 0.390826 0.364138 0.187346 0.320313 -0.240489 -0.032572 0.412256 0.189819 -0.156099 -0.051139 1.000000 0.607167 0.204034 0.105129 0.001363 0.157767 0.144383 -0.149396 0.076727 -0.020204 0.112401 0.331171 0.117191 -0.001433 0.104977 -0.006567 0.234447 0.023749 -0.209573 0.089491 0.072044 -0.036552 -0.287875 -0.261867 -0.312687 -0.297367 -0.186624 -0.275845 -0.283031 -0.252528 -0.002544 0.209462 0.065641 0.442769 -0.258658 -0.177894 0.235871 -0.033459 -0.273206 -0.182440 -0.199817 0.123562 0.090525 0.224121 0.024064 0.038797 -0.152883 -0.162355 0.104307 0.058035 0.079690 -0.188676 0.027897 -0.053585 0.018110 -0.175447 0.015646 0.193101 0.114732 -0.046184 -0.149869 0.007635 -0.150995 -0.067308 -0.294256 -0.107102 -0.208022 -0.255337 -0.254149 -0.181169 -0.073095 -0.184798 -0.100495 -0.160634 0.156885 0.026780 0.169486 0.073475 -0.020890 -0.232886 -0.165458 -0.059277
-0.095749 -0.048366 0.144163 -0.185031 0.148611 0.386877 -0.208339 -0.343563 -0.253033 0.215803 -0.117853 -0.317133 0.082404 -0.197730 -0.300364 -0.119358 -0.217862 -0.251523 0.139559 0.105054 -0.231934 -0.112326 -0.083343 -0.002018 0.323234 0.329103 0.133879 0.538026 -0.348188 -0.246194 -0.007257 -0.204893 -0.254696 -0.005260 0.607167 1.000000 0.044781 0.244995 0.170910 0.211815 0.082814 -0.147711 -0.042341 -0.018113 0.111375 0.478193 0.043436 0.250545 0.237623 0.030912 0.053271 0.030626 -0.030733 0.242298 0.297109 0.077338 0.032346 0.028381 -0.022909 -0.114818 -0.039034 -0.247047 -0.337522 -0.095587 -0.471067 0.047921 0.065109 0.406171 0.153314 0.194640 -0.052130 0.015851 -0.380416 -0.212144 -0.282108 -0.014465 -0.180817 0.022322 -0.188603 0.031111 -0.025042 -0.079296 0.027685 -0.098522 -0.042622 -0.330178 -0.152611 0.096130 -0.049133 0.055244 0.293589 0.308582 0.029213 0.074059 0.061698 0.034157 0.036209 0.169796 0.106014 0.106801 0.116728 -0.076080 -0.023832 -0.154271 -0.103248 -0.170122 -0.110368 -0.151362 0.345847 -0.081141 0.484320 0.207985 0.045748 -0.254778 -0.138617 -0.162694
