1.000000 0.556866 0.095821 -0.133644 -0.105729 -0.193285 0.063490 -0.224789 -0.043387 -0.091073 -0.114058 0.138822 -0.216916 -0.047120 -0.140011 0.013711 0.284505 0.388886 0.217681 0.242735 -0.182610 -0.151610 -0.235192 -0.435176 -0.466874 -0.603968 -0.269495 -0.371491 0.064974 -0.040881 -0.233581 -0.475222 0.258217 -0.047368 -0.166693 -0.129380 -0.413431 -0.233782 -0.250545 -0.268081 -0.018395 -0.053721 -0.011105 0.051242 0.019349 -0.136683 -0.043304 0.016659 0.047934 0.020764 -0.116853 0.069496 -0.034106 0.296243 -0.069387 0.063573 0.637417 0.335450 0.383487 0.010472 0.167737 0.146956 0.198233 0.269529 -0.087094 -0.220876 -0.026542 -0.361531 0.298268 -0.090422 -0.159818 -0.119624 -0.004243 -0.068781 -0.077770 -0.034712 0.081683 -0.051394 0.032880 0.111766 0.031265 0.314936 -0.117973 0.151401 -0.221718 0.014882 -0.026114 -0.202775 -0.103541 0.043150 -0.106406 -0.019780 -0.132987 -0.192923 -0.231199 -0.226158 -0.184363 -0.167809 0.103329 0.310715 -0.063112 -0.013537 -0.075551 -0.011764 -0.186464 -0.176459 -0.075827 -0.077602 -0.266830 -0.288364 -0.336516 0.171294 -0.167992 -0.144598 -0.334814 -0.322268
0.556866 1.000000 -0.248595 -0.091464 -0.133729 -0.301966 -0.207773 -0.047831 -0.003314 0.050771 -0.270585 0.268746 -0.038501 0.123187 -0.093167 0.253284 0.352795 0.521671 -0.090246 0.324740 -0.214659 0.033110 -0.503468 -0.608113 -0.415878 -0.577461 -0.326698 -0.341789 0.035126 0.263690 -0.451222 -0.591104 0.319570 -0.013078 -0.489237 -0.058891 -0.233797 0.008011 0.020289 0.052828 0.364504 0.295398 -0.188479 -0.105929 -0.048619 -0.258831 -0.074952 0.021434 -0.084404 -0.029041 -0.349086 0.100691 0.010876 0.225535 -0.090680 0.118355 0.608516 0.591584 0.287208 0.395716 0.092728 0.416853 0.328548 0.575872 -0.411142 -0.100827 -0.235229 -0.588864 0.430297 0.151802 0.018482 -0.096179 0.069052 0.042946 -0.072386 0.079014 0.212774 0.220201 0.242856 0.323079 0.244486 0.492230 0.214177 0.195823 -0.158853 -0.287432 0.216645 0.078517 0.155804 0.024994 -0.169165 -0.299235 -0.135687 -0.364921 -0.119365 -0.167375 -0.010911 -0.119546 0.064625 0.209473 0.032541 -0.137273 -0.078585 -0.071206 -0.148088 -0.274368 0.047378 -0.156633 -0.369593 -0.238168 -0.347969 0.169931 -0.145380 -0.164291 -0.377092 -0.355822
0.095821 -0.248595 1.000000 0.371283 0.570768 0.283796 0.732323 0.166156 0.310178 0.157733 0.360192 -0.130972 0.118782 -0.235726 0.337201 -0.068744 -0.223931 -0.393675 0.630300 0.287604 0.119228 -0.058774 0.673189 0.490651 0.313206 0.351786 0.287191 0.134207 -0.009924 -0.445455 0.543434 0.369663 -0.252336 0.193906 0.160994 0.053145 -0.167997 -0.541255 -0.129665 -0.317106 -0.456935 -0.471690 -0.341013 -0.305365 -0.207655 -0.163103 -0.141391 -0.315948 -0.116531 -0.254916 0.017182 -0.347147 -0.049808 -0.032887 0.006771 -0.153273 -0.384914 -0.158822 0.000208 -0.399642 0.168333 -0.183173 -0.054773 -0.304024 0.562336 -0.149332 -0.153665 0.068717 -0.389939 -0.431952 0.092641 0.038982 -0.192418 -0.024726 0.088846 0.169013 -0.064957 -0.183915 -0.355410 -0.377092 -0.282217 -0.410836 0.018867 -0.104840 0.105537 0.141850 -0.224548 -0.183384 0.245374 0.311279 0.018157 0.233887 0.061761 0.367468 -0.092332 -0.172991 -0.193631 -0.214136 -0.087056 -0.267842 -0.152836 0.473160 -0.128200 -0.074537 -0.313906 -0.186006 -0.136103 0.132901 -0.019678 -0.371922 -0.375545 -0.281970 -0.394291 -0.060810 -0.004268 -0.292274
-0.133644 -0.091464 0.371283 1.000000 0.245729 0.141524 0.354654 0.413231 0.094294 0.051642 -0.097804 -0.063062 -0.212106 -0.198769 0.183237 -0.111891 -0.277921 -0.329863 0.311567 0.317574 -0.086479 0.005889 0.505017 0.575451 0.197075 0.225710 0.270961 0.178967 -0.171519 -0.394836 0.191357 0.172349 -0.207134 -0.038284 0.098112 -0.044947 -0.069868 -0.169903 0.209289 0.093687 -0.224022 -0.435926 -0.172481 -0.271644 -0.176188 -0.158988 0.103653 -0.150211 -0.086304 -0.093457 -0.169582 -0.052828 -0.005379 0.092744 -0.045790 0.162286 -0.237996 -0.171227 -0.239891 -0.242581 -0.218853 -0.098842 -0.209443 -0.307052 0.254709 -0.032050 -0.325745 0.031017 -0.237654 -0.118611 -0.111930 0.105730 -0.333935 -0.225464 -0.152339 -0.236532 -0.396819 -0.295282 -0.384701 -0.442691 -0.370481 -0.454285 0.371585 0.064044 0.023204 0.188123 0.070586 -0.082500 0.385662 0.297679 0.078947 0.020278 0.337808 0.372813 -0.002124 -0.073741 -0.091076 -0.195619 -0.179477 -0.246380 0.133510 0.258624 0.069713 0.078167 0.052951 0.067581 -0.096170 0.344423 -0.134490 -0.106238 -0.318522 -0.215787 -0.204989 -0.023363 -0.082738 -0.060280
-0.105729 -0.133729 0.570768 0.245729 1.000000 0.491657 0.242614 0.278033 0.743280 0.572885 0.312331 0.203913 0.199567 0.172384 0.514602 0.370698 -0.383503 -0.336922 0.318631 0.124955 0.116507 -0.021214 0.492532 0.410353 0.377069 0.354452 0.487649 0.271703 -0.019509 -0.108705 0.390231 0.242248 -0.452004 0.043526 0.121039 0.146131 -0.227981 -0.577121 -0.135753 -0.261828 -0.285478 -0.098956 -0.337689 -0.328829 -0.331567 -0.163622 -0.345129 -0.260725 -0.037487 -0.176957 0.005150 -0.180645 0.062044 0.070464 -0.005126 -0.261577 -0.388084 -0.262296 0.042503 -0.164606 0.197216 0.076930 -0.268578 -0.067049 0.435206 0.123288 -0.293438 -0.079689 -0.505397 -0.483520 0.177802 -0.043366 -0.151502 0.015215 0.052180 0.350649 -0.090588 -0.091174 -0.434036 -0.405913 -0.394047 -0.423726 0.038076 0.001857 0.104555 -0.100571 -0.364957 -0.084644 0.313592 0.116543 0.200954 0.300196 0.260155 0.386315 -0.163938 -0.149297 -0.316565 -0.135434 -0.125558 -0.288821 -0.088600 0.323139 -0.084557 -0.162288 -0.360876 -0.332748 0.220129 -0.028349 0.055157 -0.432273 -0.283022 -0.343802 -0.394645 -0.234680 -0.021966 -0.290186
-0.193285 -0.301966 0.283796 0.141524 0.491657 1.000000 0.066221 -0.044235 0.378060 0.440068 0.032669 -0.111974 -0.044473 -0.012651 0.113947 0.032257 -0.567854 -0.447822 0.088996 -0.227158 0.413310 0.235339 0.281556 0.205562 0.362915 0.481976 0.655001 0.607607 -0.440772 -0.395986 0.105032 0.002612 -0.300521 -0.093250 0.357218 0.357396 -0.145750 -0.342900 0.028696 0.016654 -0.382285 -0.261346 -0.024506 -0.115514 -0.093214 0.017619 -0.152337 -0.253521 0.219580 -0.018577 0.287967 0.095519 0.103662 0.082054 0.289172 0.014023 -0.283805 -0.215520 0.176302 0.045305 0.175112 -0.015230 -0.382809 -0.146211 0.286528 0.317980 0.095786 0.358845 -0.294350 -0.153655 -0.007162 0.002922 -0.489702 -0.206948 -0.218766 -0.022728 -0.324015 -0.207689 -0.479925 -0.239244 -0.500419 -0.547771 -0.117615 -0.200508 0.125219 -0.015064 -0.235540 0.018891 0.212163 0.393535 0.083764 0.250647 0.102660 0.387728 -0.028760 0.080029 0.038229 0.235685 -0.085520 -0.018816 -0.018235 0.250773 -0.251085 0.064558 -0.143984 -0.139558 0.156479 0.047638 0.143586 -0.118006 -0.006318 -0.033143 -0.156998 -0.076836 0.001307 -0.071354
0.063490 -0.207773 0.732323 0.354654 0.242614 0.066221 1.000000 0.257373 0.102493 0.025852 0.422225 -0.061953 0.251115 -0.212979 0.274940 -0.004919 -0.049141 -0.179019 0.423505 0.112939 0.052379 -0.207016 0.441409 0.310409 0.025069 0.126268 -0.059830 -0.057305 0.078417 -0.183278 0.428069 0.295692 -0.039574 0.315755 0.011504 -0.035304 -0.072114 -0.379180 -0.106842 -0.323972 -0.321423 -0.429779 -0.244538 -0.364207 -0.175814 -0.217663 -0.072531 -0.424583 -0.094450 -0.239913 0.083406 -0.339922 0.063980 -0.125051 0.089398 -0.021247 -0.308806 -0.107662 -0.124513 -0.494294 0.215778 -0.110086 0.192819 -0.180098 0.544768 -0.102428 -0.212181 -0.021377 -0.358489 -0.335616 -0.061656 -0.094335 0.056445 0.056760 0.109644 0.091931 0.065517 -0.171782 -0.140226 -0.178925 -0.122378 -0.180660 0.090198 0.104606 0.189717 0.339567 0.004295 -0.118066 0.128102 0.315912 -0.134818 -0.078728 -0.020144 0.290093 -0.021836 -0.089251 -0.072886 -0.141916 -0.152177 -0.192932 -0.047264 0.334051 -0.038951 -0.184496 -0.261428 -0.077867 -0.314077 0.205006 -0.014322 -0.259180 -0.404161 -0.151866 -0.201201 0.165699 0.142828 -0.207909
-0.224789 -0.047831 0.166156 0.413231 0.278033 -0.044235 0.257373 1.000000 0.398696 0.499974 0.058246 0.512143 0.246057 0.607880 0.027444 0.487935 -0.252885 -0.043127 -0.188634 -0.132354 -0.071751 0.007074 0.105888 0.358719 -0.002234 0.108261 -0.073923 -0.042442 -0.114416 0.209613 0.046622 0.313279 -0.267930 0.182075 -0.059243 0.007970 -0.266814 -0.298320 -0.205138 -0.060885 -0.009372 -0.188489 -0.306538 -0.219664 -0.212595 -0.154970 -0.238876 -0.204485 -0.126863 -0.055092 -0.153879 0.012162 -0.175681 -0.293772 -0.329392 -0.117059 -0.214714 -0.357204 0.032040 0.008112 0.193339 0.531789 0.008492 0.325421 0.114664 0.560112 -0.316486 -0.136177 -0.405500 -0.279432 -0.010124 0.168439 0.107023 0.087500 0.046846 0.193577 -0.048015 0.131345 -0.070379 -0.224916 -0.221923 -0.135031 0.197224 0.146535 -0.126722 -0.000133 0.040566 0.093374 0.276348 0.084505 -0.102389 -0.326130 0.243288 -0.015024 -0.118876 -0.013138 -0.179827 -0.069590 -0.313904 -0.355655 0.043289 -0.071962 -0.158710 -0.320680 -0.251033 -0.251177 -0.164077 -0.159859 -0.201926 -0.151379 -0.142389 -0.266290 -0.009673 -0.194618 0.044351 -0.120277
-0.043387 -0.003314 0.310178 0.094294 0.743280 0.378060 0.102493 0.398696 1.000000 0.799640 0.241195 0.446396 0.296089 0.484158 0.423029 0.675235 -0.441566 -0.108658 -0.082049 -0.048810 0.108055 0.187765 0.150646 0.171890 0.110169 0.157136 0.239114 0.132288 -0.123649 0.087685 0.158239 0.055273 -0.448170 0.029558 0.020583 0.154275 -0.328045 -0.419805 -0.257183 -0.112432 -0.079879 -0.029837 -0.266799 -0.251130 -0.318227 -0.203536 -0.352847 -0.145153 -0.008545 -0.171252 -0.112518 -0.126101 -0.132710 0.006726 -0.104073 -0.285541 -0.209080 -0.264017 0.327756 0.063228 0.428317 0.442761 -0.196315 0.262656 0.277952 0.384495 -0.142144 -0.161175 -0.383088 -0.345124 0.206737 0.107473 -0.106433 0.084990 -0.053568 0.374195 -0.038101 0.128497 -0.265524 -0.282396 -0.333464 -0.246802 0.096963 0.220575 -0.076392 -0.223793 -0.292948 -0.052677 0.227876 0.067643 0.200080 0.208769 0.081619 0.140770 -0.203926 -0.188049 -0.318466 -0.142152 -0.138470 -0.252073 -0.130943 0.001556 -0.245952 -0.310645 -0.426132 -0.444470 0.210834 -0.185470 -0.129797 -0.446763 -0.284475 -0.169182 -0.201423 -0.319031 -0.125457 -0.383833
-0.091073 0.050771 0.157733 0.051642 0.572885 0.440068 0.025852 0.499974 0.799640 1.000000 0.114227 0.567069 0.239353 0.622920 0.143117 0.787658 -0.391999 -0.064003 -0.119221 -0.135295 0.050934 0.226078 0.008377 0.117158 -0.018931 0.106266 0.107863 0.091804 -0.051875 0.241308 -0.003908 0.018159 -0.391745 0.012495 -0.007527 0.168283 -0.357022 -0.314658 -0.307018 -0.073718 -0.096017 -0.025839 -0.303729 -0.300858 -0.393332 -0.276463 -0.467583 -0.249978 -0.100770 -0.113718 -0.118798 0.048043 -0.220921 -0.014830 -0.196449 -0.298284 -0.178241 -0.215263 0.290979 0.213362 0.401045 0.670691 -0.173323 0.448658 0.214405 0.638819 -0.182231 -0.190640 -0.379976 -0.284781 0.117474 0.163709 -0.013486 0.109360 0.064167 0.339777 0.015463 0.227576 -0.187729 -0.074843 -0.296909 -0.157527 0.096029 0.251215 -0.024781 -0.144190 -0.211564 -0.003287 0.173438 0.230050 0.028914 0.015069 0.091670 -0.026031 -0.176564 -0.194233 -0.397376 -0.122429 -0.339146 -0.284385 -0.062472 -0.062021 -0.221566 -0.338748 -0.421511 -0.409037 0.123249 -0.272855 -0.205186 -0.384946 -0.325373 -0.195192 -0.256042 -0.308321 -0.037657 -0.339582
-0.114058 -0.270585 0.360192 -0.097804 0.312331 0.032669 0.422225 0.058246 0.241195 0.114227 1.000000 0.245277 0.745369 0.179401 0.401658 0.130918 0.074231 -0.217340 0.133138 -0.059807 0.082258 -0.264581 0.223359 0.101460 0.043914 0.096473 -0.023238 0.046377 0.252892 0.115029 0.402387 0.345069 -0.247245 0.159381 0.205341 0.132440 0.167946 -0.233859 -0.054599 -0.347831 -0.047437 -0.131822 -0.205727 -0.191325 -0.179722 -0.182862 -0.095602 -0.089381 -0.133921 -0.386992 0.259901 -0.475016 0.152242 -0.064904 0.066236 -0.156283 -0.476510 -0.278710 -0.035277 -0.474020 0.410034 -0.094767 0.209866 -0.137063 0.492389 -0.008313 -0.204190 -0.027005 -0.449070 -0.332851 0.058799 -0.160946 0.122602 0.022390 0.049934 0.269486 0.195898 0.087137 0.175957 0.043311 0.105988 0.040634 0.102708 0.035848 0.283740 0.295668 -0.069139 -0.235201 -0.013406 -0.046830 -0.148321 0.107679 -0.128283 0.112475 -0.094040 -0.092679 -0.046904 -0.059228 -0.047377 -0.273865 -0.225140 0.124689 0.007258 -0.302242 -0.177809 -0.038014 -0.089707 0.032349 0.115853 -0.162578 -0.091022 -0.244087 0.014303 0.236733 0.216639 -0.121961
0.138822 0.268746 -0.130972 -0.063062 0.203913 -0.111974 -0.061953 0.512143 0.446396 0.567069 0.245277 1.000000 0.327166 0.786367 0.082645 0.653497 0.037666 0.253260 -0.244070 -0.071239 -0.119518 -0.040695 -0.130357 -0.031001 -0.352398 -0.295984 -0.317064 -0.187210 0.236827 0.560792 -0.064068 0.067320 -0.199799 0.131397 -0.141022 -0.143229 -0.255337 -0.218789 -0.465839 -0.326505 0.105299 0.225596 -0.253460 -0.225639 -0.304643 -0.293159 -0.362856 -0.062252 -0.122122 -0.110017 -0.099744 0.025087 -0.190238 -0.013128 -0.447318 -0.254850 0.077576 -0.316870 0.145726 0.067096 0.284386 0.645864 0.135516 0.532236 0.055158 0.511987 -0.376001 -0.443143 -0.077135 -0.202874 0.168150 0.045092 0.288290 0.196374 0.130314 0.462269 0.300266 0.394532 0.157729 0.039049 -0.016604 0.166583 0.215631 0.476413 0.006935 0.014914 0.062050 0.002260 -0.039466 -0.143183 -0.083230 -0.115465 -0.041363 -0.334277 -0.208471 -0.141850 -0.383266 0.002711 -0.311686 -0.194642 -0.218662 -0.260148 -0.156936 -0.475450 -0.426877 -0.337753 0.010518 -0.225991 -0.174430 -0.268573 -0.145025 -0.298027 -0.214512 -0.330882 -0.105074 -0.336933
-0.216916 -0.038501 0.118782 -0.212106 0.199567 -0.044473 0.251115 0.246057 0.296089 0.239353 0.745369 0.327166 1.000000 0.395013 0.415117 0.394425 0.106810 -0.005390 -0.230615 -0.219793 0.090702 -0.164410 -0.121220 -0.047139 0.015176 0.086788 -0.146609 0.056429 0.146227 0.328904 0.123228 0.207384 -0.209652 0.109749 0.056395 0.187055 0.208830 -0.078190 0.036674 -0.175249 0.155419 0.154235 -0.210682 -0.192028 -0.221968 -0.286388 -0.157422 -0.142401 -0.192557 -0.391168 0.181678 -0.348257 0.074552 -0.183011 0.017067 -0.134534 -0.302705 -0.125066 0.094773 -0.171869 0.562689 0.203024 0.260424 0.214198 0.251157 0.206966 -0.236789 -0.158213 -0.295098 -0.231361 0.075789 -0.181457 0.215829 0.177561 0.064577 0.363479 0.250469 0.259242 0.307716 0.221414 0.243985 0.265396 0.119313 0.033300 0.098623 -0.012285 -0.006000 -0.100025 0.069901 -0.081680 -0.224117 -0.220245 -0.124457 -0.017788 -0.034860 -0.038152 -0.000047 0.024351 -0.151988 -0.245297 -0.055705 -0.009764 0.025848 -0.220172 -0.120947 -0.044525 -0.085919 -0.109775 0.115522 -0.116421 -0.130418 -0.233522 0.050306 0.159379 0.237908 -0.202116
-0.047120 0.123187 -0.235726 -0.198769 0.172384 -0.012651 -0.212979 0.607880 0.484158 0.622920 0.179401 0.786367 0.395013 1.000000 -0.055488 0.695972 -0.065448 0.242789 -0.433092 -0.356885 -0.041960 0.000908 -0.248655 -0.071307 -0.174253 -0.063523 -0.179871 -0.031720 0.067256 0.540317 -0.112824 0.131973 -0.189358 0.132102 -0.013402 0.106965 -0.215681 -0.145786 -0.336102 -0.131539 0.195372 0.247177 -0.305566 -0.177126 -0.263682 -0.205950 -0.473354 -0.123375 -0.096262 -0.120160 -0.054510 0.076636 -0.225042 -0.210125 -0.308314 -0.289493 0.038720 -0.321318 0.264747 0.217830 0.407173 0.726358 0.044666 0.600822 -0.029216 0.697127 -0.186439 -0.205242 -0.156427 -0.192566 0.104461 0.050432 0.300427 0.216615 0.122441 0.432925 0.213121 0.355048 0.162312 0.092529 -0.064493 0.200425 0.078889 0.231428 -0.098478 -0.057934 0.094855 0.204101 0.053474 -0.039481 -0.227957 -0.281631 -0.039420 -0.325029 -0.119142 -0.065769 -0.284456 0.017857 -0.304109 -0.263154 -0.207739 -0.321083 -0.196721 -0.429513 -0.335189 -0.289398 0.022455 -0.384972 -0.123966 -0.204048 -0.029466 -0.273298 0.000349 -0.328462 0.011327 -0.220946
-0.140011 -0.093167 0.337201 0.183237 0.514602 0.113947 0.274940 0.027444 0.423029 0.143117 0.401658 0.082645 0.415117 -0.055488 1.000000 0.182882 -0.087540 -0.183347 0.279726 0.211162 0.186382 0.075482 0.392222 0.329513 0.259324 0.274284 0.241613 0.298210 0.207479 -0.068975 0.370613 0.253384 -0.129161 0.058001 0.105273 0.139199 0.132464 -0.098855 0.169325 0.003709 0.122634 0.086302 -0.136430 -0.249243 -0.254915 -0.303010 0.030396 -0.160227 -0.174443 -0.375787 -0.061729 -0.291159 0.018408 0.133637 0.082268 0.043370 -0.327185 -0.268223 -0.241161 -0.504262 0.089442 -0.221333 -0.192541 -0.204249 0.433169 -0.162653 -0.404275 -0.197736 -0.194547 -0.292531 0.169630 0.055432 -0.004075 0.133991 0.086516 0.316834 0.040455 0.014696 -0.178221 -0.224633 -0.174049 -0.164398 0.358923 0.155944 0.303517 0.067387 -0.124842 0.018898 0.299393 -0.015126 0.033617 0.052494 0.130204 0.323905 -0.053980 0.012038 0.025516 -0.090289 -0.249135 -0.140895 0.014651 0.320525 0.064993 -0.189790 -0.167115 -0.177176 0.083675 -0.052374 0.051098 -0.198423 -0.189243 -0.162848 -0.110258 -0.025350 0.045708 -0.186110
0.013711 0.253284 -0.068744 -0.111891 0.370698 0.032257 -0.004919 0.487935 0.675235 0.787658 0.130918 0.653497 0.394425 0.695972 0.182882 1.000000 -0.128632 0.222024 -0.298563 -0.190763 -0.080492 0.161103 -0.220193 -0.126319 -0.276576 -0.139332 -0.189843 -0.103615 0.101374 0.513949 -0.170476 -0.106750 -0.189657 -0.032482 -0.207531 0.022900 -0.357456 -0.160243 -0.225490 -0.101134 0.205643 0.190397 -0.254955 -0.263710 -0.349344 -0.333416 -0.423082 -0.214666 -0.092330 -0.133751 -0.144601 0.070094 -0.151669 -0.049112 -0.185235 -0.198834 0.007538 -0.071950 0.324777 0.261070 0.436875 0.718340 0.029913 0.656874 0.013055 0.494648 -0.193190 -0.417137 -0.269536 -0.237986 0.071399 0.078943 0.223666 0.173038 0.082300 0.346190 0.112140 0.239834 0.064673 0.135658 -0.025424 0.146609 0.106504 0.411199 -0.075829 -0.234933 -0.091606 0.009176 0.098209 0.092746 -0.000038 -0.199421 0.078513 -0.188974 -0.273336 -0.233725 -0.357867 -0.232997 -0.226079 -0.291088 0.111215 -0.153388 -0.067965 -0.272182 -0.250307 -0.308410 0.157697 -0.266670 -0.187916 -0.385242 -0.387156 -0.179152 -0.132055 -0.245871 0.025978 -0.362854
0.284505 0.352795 -0.223931 -0.277921 -0.383503 -0.567854 -0.049141 -0.252885 -0.441566 -0.391999 0.074231 0.037666 0.106810 -0.065448 -0.087540 -0.128632 1.000000 0.612876 0.022408 0.309435 -0.141048 -0.234984 -0.245027 -0.305128 -0.390266 -0.476893 -0.467986 -0.442635 0.507195 0.459818 -0.091436 -0.098336 0.477146 0.261012 -0.273873 -0.350027 0.207267 0.325155 -0.004144 -0.078314 0.274948 0.251860 0.006101 -0.008765 0.034055 -0.128118 -0.064767 -0.008883 -0.277904 0.031844 -0.129573 -0.097741 -0.180975 0.003063 -0.260452 -0.161573 0.448615 0.357762 -0.270485 -0.095974 -0.209186 -0.120601 0.489045 0.152935 -0.173414 -0.363803 -0.107686 -0.359483 0.441594 0.164740 -0.097336 -0.132589 0.496388 0.202553 0.217158 0.039961 0.296133 -0.005280 0.479318 0.595042 0.557031 0.672394 0.246965 0.157441 0.099465 0.106856 0.348105 0.026070 -0.065521 -0.153858 -0.209203 -0.192680 -0.197458 -0.340464 -0.088999 -0.100596 -0.144698 0.008581 0.020361 0.095316 -0.011367 -0.078165 0.172836 0.054311 0.031742 0.085695 -0.265159 -0.072230 0.010917 0.079486 -0.045948 0.022587 0.084045 0.204288 0.144144 0.118741
0.388886 0.521671 -0.393675 -0.329863 -0.336922 -0.447822 -0.179019 -0.043127 -0.108658 -0.064003 -0.217340 0.253260 -0.005390 0.242789 -0.183347 0.222024 0.612876 1.000000 -0.312578 0.092546 -0.284094 -0.078124 -0.441509 -0.461790 -0.532370 -0.604465 -0.416404 -0.510556 0.293071 0.608089 -0.469427 -0.337867 0.393387 0.147477 -0.420904 -0.336093 -0.092210 0.289894 -0.104230 0.121828 0.298117 0.428026 -0.001876 0.016177 0.045051 -0.153042 -0.128988 0.002824 -0.157462 0.073000 -0.443116 0.065562 -0.395611 -0.110897 -0.261132 0.052997 0.726951 0.412895 0.039010 0.189286 -0.032805 0.269646 0.407357 0.550804 -0.394494 -0.103496 -0.094936 -0.519967 0.469139 0.122683 -0.042989 0.070105 0.524389 0.330790 0.171487 0.181222 0.311972 0.166966 0.357707 0.588740 0.351639 0.787048 0.202314 0.396831 -0.158331 -0.170546 0.275471 0.054293 -0.120632 -0.100506 -0.180083 -0.388885 -0.305485 -0.578740 -0.018992 -0.038541 -0.185769 -0.006088 -0.046921 0.239600 0.021013 -0.289389 -0.136257 -0.004871 -0.073010 0.009381 -0.180864 -0.219824 -0.040303 -0.032380 -0.086642 0.149687 0.063399 -0.200816 -0.100004 0.077191
0.217681 -0.090246 0.630300 0.311567 0.318631 0.088996 0.423505 -0.188634 -0.082049 -0.119221 0.133138 -0.244070 -0.230615 -0.433092 0.279726 -0.298563 0.022408 -0.312578 1.000000 0.605004 -0.056974 -0.197041 0.608466 0.414111 0.136920 0.204730 0.144176 -0.014701 0.355079 -0.322073 0.562808 0.320871 0.079295 0.186461 -0.070019 -0.189326 0.006972 -0.172315 -0.031880 -0.208386 -0.403553 -0.273912 -0.275247 -0.224263 -0.211259 -0.186370 -0.042150 -0.198259 -0.124101 -0.130711 -0.127932 -0.143464 -0.043513 0.249865 -0.075062 -0.040394 -0.275316 -0.065004 -0.380876 -0.471118 -0.342668 -0.369103 -0.225224 -0.486836 0.340666 -0.381603 -0.270908 -0.066682 -0.135377 -0.311238 0.110393 -0.000334 0.012995 0.087735 0.364631 0.141047 0.083760 -0.149706 -0.373619 -0.366554 -0.278650 -0.329064 0.070369 0.027662 0.190868 0.289395 -0.184943 -0.190910 0.076260 0.235521 -0.013183 0.255229 0.108795 0.238486 0.128317 -0.077043 -0.240759 -0.284353 -0.019164 -0.129068 -0.215136 0.417512 0.057555 0.044439 -0.074296 0.040779 0.040708 0.132426 0.065285 -0.187507 -0.357905 -0.249616 -0.477453 0.101785 0.118880 -0.061226
0.242735 0.324740 0.287604 0.317574 0.124955 -0.227158 0.112939 -0.132354 -0.048810 -0.135295 -0.059807 -0.071239 -0.219793 -0.356885 0.211162 -0.190763 0.309435 0.092546 0.605004 1.000000 -0.099459 0.025698 0.217502 0.175472 -0.131701 -0.132641 -0.046141 -0.284417 0.393700 0.004529 0.230687 0.048066 0.265086 0.241575 -0.330617 -0.337765 0.031375 0.063917 0.031094 0.075322 -0.051224 0.032215 -0.272362 -0.172007 -0.159345 -0.250717 0.030170 0.109298 -0.184538 -0.083169 -0.395539 -0.125730 -0.210292 0.223244 -0.374453 -0.082652 0.050503 0.098118 -0.298228 -0.175826 -0.392290 -0.185276 0.082468 -0.237415 -0.047485 -0.451247 -0.256621 -0.349536 0.239223 0.072605 0.211509 0.168448 0.188263 0.116524 0.149023 0.046947 0.104170 0.009484 -0.197813 -0.124592 0.035620 0.014501 0.304131 0.271404 -0.014032 0.011687 -0.131017 -0.184580 0.081108 -0.054239 0.026573 0.168810 -0.089981 -0.028981 -0.010576 -0.178977 -0.260150 -0.294685 -0.037190 -0.186281 -0.130911 0.172433 -0.002221 0.019499 -0.086835 -0.166446 -0.054835 0.070618 -0.189180 -0.151291 -0.217142 -0.142457 -0.451651 -0.051324 -0.256078 -0.045312
-0.182610 -0.214659 0.119228 -0.086479 0.116507 0.413310 0.052379 -0.071751 0.108055 0.050934 0.082258 -0.119518 0.090702 -0.041960 0.186382 -0.080492 -0.141048 -0.284094 -0.056974 -0.099459 1.000000 0.569995 0.031559 0.087016 0.122321 0.338790 0.479311 0.506467 -0.228473 -0.196529 0.238443 0.163524 -0.069221 0.056250 0.337060 0.315565 0.108523 -0.067937 0.071259 0.154161 0.110213 -0.053497 -0.029250 -0.104027 -0.024658 0.034439 -0.039511 -0.063612 0.077496 -0.051865 0.051830 -0.134801 0.051397 0.004008 0.199963 -0.093517 -0.246319 -0.305935 -0.005870 -0.065426 0.116012 -0.110613 -0.211721 -0.249110 0.067721 0.040879 -0.021352 0.190446 -0.003305 0.133691 0.238349 0.326505 -0.241886 -0.211385 -0.381501 -0.018906 -0.263512 -0.116843 0.027476 -0.065722 -0.004484 -0.197227 -0.033905 -0.100798 0.015940 -0.032038 -0.155866 0.051328 0.224143 0.063925 0.015301 0.168730 -0.032995 0.283757 -0.123415 0.136469 0.332118 0.346104 -0.193255 -0.046585 -0.104365 0.101669 -0.072984 -0.026582 -0.028343 -0.182972 0.097370 0.102115 0.225963 0.153553 0.332340 0.057443 0.017915 0.131090 -0.025727 0.057428
-0.151610 0.033110 -0.058774 0.005889 -0.021214 0.235339 -0.207016 0.007074 0.187765 0.226078 -0.264581 -0.040695 -0.164410 0.000908 0.075482 0.161103 -0.234984 -0.078124 -0.197041 0.025698 0.569995 1.000000 -0.138366 0.001101 -0.018950 0.198716 0.322625 0.386727 -0.202248 -0.064863 -0.137305 -0.121690 0.027471 -0.154510 0.291138 0.381165 -0.119428 0.219790 0.187870 0.601459 0.243924 0.079181 -0.095522 -0.126592 -0.140614 -0.130521 -0.040338 0.040050 -0.122499 -0.123179 -0.290297 -0.021926 -0.272035 -0.084558 0.055486 0.053436 -0.041640 -0.080958 0.121214 0.209594 -0.014868 0.076306 -0.287556 -0.004764 -0.202791 0.145366 0.112243 0.061512 0.084368 0.273893 0.230247 0.725533 -0.285051 -0.276659 -0.390365 -0.201655 -0.389672 0.024166 -0.038409 0.002049 -0.018241 -0.122513 0.084529 0.165262 -0.023447 -0.124426 -0.185598 0.038243 0.203883 0.108228 0.071822 0.141632 0.114686 0.110738 -0.142171 -0.032822 0.173439 0.068916 -0.225572 -0.038055 0.188053 0.087392 -0.091295 -0.010040 0.099885 -0.236593 0.068539 -0.091811 -0.074542 0.065818 0.217581 0.323415 0.054888 -0.102087 -0.203906 0.064474
-0.235192 -0.503468 0.673189 0.505017 0.492532 0.281556 0.441409 0.105888 0.150646 0.008377 0.223359 -0.130357 -0.121220 -0.248655 0.392222 -0.220193 -0.245027 -0.441509 0.608466 0.217502 0.031559 -0.138366 1.000000 0.752970 0.543328 0.567238 0.446004 0.347675 0.148090 -0.400980 0.715235 0.595453 -0.256869 0.220261 0.242273 -0.070984 0.050454 -0.297948 -0.058892 -0.272886 -0.411449 -0.317538 -0.206539 -0.260723 -0.145626 -0.001358 -0.055360 -0.316856 -0.085056 -0.144963 0.042661 -0.235436 -0.106285 -0.021663 -0.039910 -0.103532 -0.495113 -0.347611 -0.421936 -0.548541 -0.279686 -0.455076 -0.348961 -0.541579 0.602488 -0.193349 -0.215595 0.231590 -0.358279 -0.377024 0.180470 0.069603 -0.082134 0.140686 0.302978 0.208463 -0.031097 -0.177810 -0.476473 -0.452714 -0.468562 -0.573314 0.163696 -0.074700 0.351143 0.298551 -0.080909 0.007798 0.208310 0.165912 0.006733 0.216603 0.159423 0.355671 -0.061914 -0.007363 -0.156863 -0.123089 -0.113863 -0.253457 -0.139893 0.346129 -0.071218 -0.049477 -0.223853 -0.010889 -0.012700 0.232489 0.129258 -0.183634 -0.161172 -0.402888 -0.318762 -0.011668 0.140159 -0.032635
-0.435176 -0.608113 0.490651 0.575451 0.410353 0.205562 0.310409 0.358719 0.171890 0.117158 0.101460 -0.031001 -0.047139 -0.071307 0.329513 -0.126319 -0.305128 -0.461790 0.414111 0.175472 0.087016 0.001101 0.752970 1.000000 0.423701 0.615989 0.351697 0.336363 0.134250 -0.262787 0.598217 0.735803 -0.371294 0.092637 0.245142 -0.116150 0.180302 -0.130727 0.019676 -0.020142 -0.313909 -0.286853 -0.177459 -0.213370 -0.277920 -0.065945 -0.092801 -0.157342 -0.184083 -0.164540 -0.034186 -0.206943 -0.208995 -0.137820 -0.215962 -0.213758 -0.548016 -0.537346 -0.469312 -0.452751 -0.327140 -0.282487 -0.435156 -0.524531 0.439063 0.033275 -0.233240 0.212879 -0.389578 -0.343497 0.172307 0.242405 -0.029030 0.065171 0.193018 0.126838 -0.178224 -0.144641 -0.350362 -0.548129 -0.314669 -0.536065 0.172866 0.052759 0.169725 0.280763 -0.198497 -0.036428 0.158460 0.108222 0.072923 0.211152 0.348319 0.371769 0.110110 -0.021695 -0.330534 -0.160991 -0.279345 -0.441248 -0.020311 0.264604 0.108329 0.026600 0.014125 0.094422 -0.086993 0.187489 0.153502 -0.090458 -0.020482 -0.473444 -0.299922 -0.043551 0.156687 0.054366
-0.466874 -0.415878 0.313206 0.197075 0.377069 0.362915 0.025069 -0.002234 0.110169 -0.018931 0.043914 -0.352398 0.015176 -0.174253 0.259324 -0.276576 -0.390266 -0.532370 0.136920 -0.131701 0.122321 -0.018950 0.543328 0.423701 1.000000 0.784079 0.611046 0.593586 -0.120309 -0.409508 0.478984 0.433132 -0.339633 0.137659 0.421004 0.486133 0.187393 -0.147763 0.115002 0.011003 -0.110302 -0.010751 -0.105346 -0.052540 0.022081 0.225705 -0.081364 -0.181293 0.004664 -0.071916 0.201243 -0.121713 0.044687 -0.151053 0.216685 -0.143911 -0.448469 -0.147412 -0.153838 -0.235232 0.000956 -0.380188 -0.410721 -0.462008 0.406468 0.019532 0.040895 0.505110 -0.303790 -0.161704 0.172524 -0.034352 -0.198317 0.109352 0.044752 0.059294 -0.137219 -0.061588 -0.407976 -0.340901 -0.391546 -0.447382 -0.182036 -0.458750 0.159032 0.016087 -0.191793 0.179668 0.105544 -0.099605 -0.043712 0.078515 0.109615 0.361719 0.098908 0.163930 0.191439 0.077225 -0.044794 -0.043363 -0.109490 0.261142 -0.081162 -0.099213 -0.229559 -0.128277 0.208808 -0.033327 0.106964 0.036997 0.205390 -0.193820 -0.106066 -0.057019 -0.059562 0.015983
-0.603968 -0.577461 0.351786 0.225710 0.354452 0.481976 0.126268 0.108261 0.157136 0.106266 0.096473 -0.295984 0.086788 -0.063523 0.274284 -0.139332 -0.476893 -0.604465 0.204730 -0.132641 0.338790 0.198716 0.567238 0.615989 0.784079 1.000000 0.624819 0.679568 -0.131474 -0.352232 0.561834 0.594509 -0.323675 0.083136 0.413915 0.403883 0.259563 -0.059523 0.208003 0.124852 -0.168576 -0.103688 -0.230384 -0.214211 -0.173877 0.063137 -0.202399 -0.317821 -0.005844 -0.175391 0.205904 -0.113611 -0.012760 -0.261061 0.173317 -0.162123 -0.592670 -0.323790 -0.227632 -0.245089 -0.066494 -0.336909 -0.515565 -0.519773 0.392089 0.174362 0.045603 0.543944 -0.407699 -0.204007 0.216280 0.135681 -0.166168 0.075488 0.070087 0.092318 -0.208490 -0.100000 -0.422175 -0.379712 -0.353532 -0.544069 -0.072231 -0.324373 0.231232 0.157590 -0.196878 0.214647 0.215962 0.102522 -0.091513 0.091501 0.167534 0.404158 0.142064 0.054792 0.054589 -0.045714 -0.102578 -0.287847 -0.046043 0.263135 -0.048330 0.023372 -0.038461 0.006671 0.150131 0.021430 0.269275 -0.065129 0.100553 -0.314920 -0.196053 0.040621 0.169364 0.044065
-0.269495 -0.326698 0.287191 0.270961 0.487649 0.655001 -0.059830 -0.073923 0.239114 0.107863 -0.023238 -0.317064 -0.146609 -0.179871 0.241613 -0.189843 -0.467986 -0.416404 0.144176 -0.046141 0.479311 0.322625 0.446004 0.351697 0.611046 0.624819 1.000000 0.771952 -0.356150 -0.519064 0.237271 0.141590 -0.380029 -0.118267 0.489909 0.417684 -0.034062 -0.228724 0.198950 0.132341 -0.232688 -0.138184 -0.077130 -0.089020 -0.066259 0.116012 -0.127535 -0.118410 0.093693 -0.044967 0.055599 -0.049661 0.041007 0.027659 0.189275 -0.028866 -0.311738 -0.121688 -0.015675 -0.103066 -0.070144 -0.370346 -0.529770 -0.464949 0.189582 -0.043489 0.042162 0.417041 -0.228482 -0.022293 0.227876 0.196254 -0.499155 -0.184426 -0.251013 -0.057385 -0.468361 -0.272730 -0.437306 -0.303070 -0.388846 -0.480709 -0.100077 -0.377517 0.036588 -0.047901 -0.240929 -0.038571 0.269799 0.133139 0.101604 0.350490 0.117585 0.405917 -0.126187 0.040620 0.132548 0.105425 -0.033619 -0.058794 -0.093303 0.224504 -0.134574 0.148088 0.001731 -0.064577 0.256151 0.121305 0.230611 -0.069248 0.176336 -0.092517 -0.128429 -0.109513 -0.108162 0.034619
-0.371491 -0.341789 0.134207 0.178967 0.271703 0.607607 -0.057305 -0.042442 0.132288 0.091804 0.046377 -0.187210 0.056429 -0.031720 0.298210 -0.103615 -0.442635 -0.510556 -0.014701 -0.284417 0.506467 0.386727 0.347675 0.336363 0.593586 0.679568 0.771952 1.000000 -0.344290 -0.453371 0.215245 0.194554 -0.256935 -0.130832 0.625754 0.597269 0.067820 -0.104418 0.261149 0.162580 -0.064132 -0.100195 -0.132227 -0.174604 -0.171811 -0.064399 -0.144068 -0.251117 0.006914 -0.268064 0.319893 -0.062445 0.098949 -0.062561 0.325163 -0.021999 -0.386452 -0.227100 0.018765 -0.158660 0.105290 -0.315582 -0.527908 -0.385605 0.292879 0.161752 0.034817 0.453396 -0.184957 -0.022981 0.157811 0.191583 -0.453734 -0.186361 -0.219219 -0.072504 -0.414631 -0.164887 -0.273696 -0.211053 -0.388388 -0.473070 -0.094570 -0.326662 0.223344 0.122841 -0.118119 0.171173 0.260910 0.179436 -0.115722 0.156731 0.172734 0.385619 -0.116609 0.145818 0.296270 0.211610 -0.224779 -0.131411 -0.020808 0.262210 -0.077671 0.044545 0.013574 -0.061572 0.133289 0.164364 0.171857 0.007849 0.244380 -0.142888 -0.046677 0.050182 0.000842 -0.030664
0.064974 0.035126 -0.009924 -0.171519 -0.019509 -0.440772 0.078417 -0.114416 -0.123649 -0.051875 0.252892 0.236827 0.146227 0.067256 0.207479 0.101374 0.507195 0.293071 0.355079 0.393700 -0.228473 -0.202248 0.148090 0.134250 -0.120309 -0.131474 -0.356150 -0.344290 1.000000 0.523800 0.326567 0.406168 0.166893 0.378064 -0.138015 -0.340380 0.260341 0.289790 -0.111825 -0.079350 0.116272 0.377696 -0.265856 -0.275493 -0.381593 -0.297720 -0.291385 -0.097589 -0.498491 -0.279111 -0.320255 -0.353661 -0.396615 -0.130554 -0.368704 -0.343445 -0.039339 -0.057562 -0.515091 -0.356895 -0.201580 -0.087115 0.086369 -0.074794 0.160571 -0.188315 -0.242467 -0.285175 0.054259 -0.154085 0.256939 0.113621 0.730371 0.442797 0.495177 0.319501 0.400269 0.262682 0.156724 0.190279 0.228513 0.360765 0.149264 0.470586 0.197725 0.257275 -0.118763 -0.177508 -0.262256 -0.273459 -0.213484 -0.057458 -0.072642 -0.238472 0.102754 -0.114211 -0.418546 -0.266046 -0.242607 -0.189731 -0.154596 0.001915 0.215578 -0.169205 -0.075066 0.065667 0.032983 -0.191073 0.064071 0.029423 -0.095614 -0.270507 -0.300972 0.098467 0.175642 0.073699
-0.040881 0.263690 -0.445455 -0.394836 -0.108705 -0.395986 -0.183278 0.209613 0.087685 0.241308 0.115029 0.560792 0.328904 0.540317 -0.068975 0.513949 0.459818 0.608089 -0.322073 0.004529 -0.196529 -0.064863 -0.400980 -0.262787 -0.409508 -0.352232 -0.519064 -0.453371 0.523800 1.000000 -0.140975 0.055224 0.182731 0.281331 -0.336623 -0.214507 0.113696 0.292499 -0.229659 -0.009778 0.338751 0.604341 -0.086714 -0.117602 -0.145714 -0.232427 -0.244161 -0.010600 -0.200791 -0.001238 -0.256626 0.027672 -0.318504 -0.154551 -0.370962 -0.224544 0.201932 0.002925 -0.194867 0.089840 0.002579 0.451544 0.231126 0.509329 -0.263598 0.227728 -0.282960 -0.555590 0.113031 -0.053784 0.214624 0.054950 0.766625 0.495431 0.360605 0.403734 0.518809 0.426631 0.364601 0.476293 0.302229 0.560577 0.181232 0.471307 -0.012659 -0.102048 0.087490 0.057607 -0.206648 -0.308702 -0.136238 -0.368609 -0.124431 -0.414469 0.074477 0.015009 -0.261256 0.030063 -0.185663 -0.145051 -0.022769 -0.253715 0.003875 -0.281389 -0.142837 -0.081924 0.049444 -0.360222 0.099316 0.116490 -0.008309 -0.071543 0.034909 -0.028082 0.164900 0.114285
-0.233581 -0.451222 0.543434 0.191357 0.390231 0.105032 0.428069 0.046622 0.158239 -0.003908 0.402387 -0.064068 0.123228 -0.112824 0.370613 -0.170476 -0.091436 -0.469427 0.562808 0.230687 0.238443 -0.137305 0.715235 0.598217 0.478984 0.561834 0.237271 0.215245 0.326567 -0.140975 1.000000 0.756693 -0.206091 0.486339 0.165454 0.015911 0.162649 -0.179344 -0.206719 -0.328803 -0.215058 -0.079514 -0.261048 -0.244264 -0.194229 0.018591 -0.167189 -0.264562 -0.103122 -0.174126 0.017078 -0.323692 -0.127264 -0.021623 -0.157755 -0.382622 -0.561480 -0.419197 -0.450839 -0.543492 -0.138417 -0.292343 -0.235634 -0.532332 0.606270 -0.117277 -0.230346 0.218715 -0.342780 -0.333272 0.346808 0.070512 0.147668 0.362518 0.334708 0.407891 0.229174 0.090081 -0.276224 -0.429337 -0.243947 -0.382870 0.093215 -0.049995 0.286716 0.309327 -0.108521 0.083420 0.043632 -0.051927 -0.147304 0.183331 -0.009778 0.278175 0.048390 -0.100024 -0.202041 -0.179448 -0.169217 -0.342852 -0.340815 0.169176 0.003001 -0.295590 -0.301707 -0.135915 0.080825 0.032456 0.089319 -0.168767 -0.101016 -0.429784 -0.310010 0.116312 0.082971 -0.151994
-0.475222 -0.591104 0.369663 0.172349 0.242248 0.002612 0.295692 0.313279 0.055273 0.018159 0.345069 0.067320 0.207384 0.131973 0.253384 -0.106750 -0.098336 -0.337867 0.320871 0.048066 0.163524 -0.121690 0.595453 0.735803 0.433132 0.594509 0.141590 0.194554 0.406168 0.055224 0.756693 1.000000 -0.213772 0.488345 0.191879 -0.038662 0.229545 -0.059147 -0.172999 -0.150187 -0.129203 -0.003049 -0.267091 -0.181262 -0.243915 0.008426 -0.218667 -0.168081 -0.240111 -0.211181 -0.010193 -0.288243 -0.289526 -0.321766 -0.285777 -0.406262 -0.592041 -0.545656 -0.511369 -0.433616 -0.150975 -0.190150 -0.168855 -0.416127 0.443288 0.143185 -0.164415 0.242370 -0.401134 -0.375452 0.318857 0.198187 0.328101 0.389068 0.398396 0.380376 0.195843 0.185827 -0.063560 -0.295672 -0.103690 -0.251795 0.121104 0.071205 0.207116 0.308118 -0.119833 0.031750 -0.042781 -0.163096 -0.267024 -0.025676 0.032553 0.056351 0.121175 0.016826 -0.193258 -0.152755 -0.299165 -0.541395 -0.306605 0.039968 -0.009794 -0.261407 -0.138939 0.013238 -0.015233 -0.055289 0.175330 0.059670 0.113246 -0.583132 -0.216843 -0.002944 0.185031 0.045844
0.258217 0.319570 -0.252336 -0.207134 -0.452004 -0.300521 -0.039574 -0.267930 -0.448170 -0.391745 -0.247245 -0.199799 -0.209652 -0.189358 -0.129161 -0.189657 0.477146 0.393387 0.079295 0.265086 -0.069221 0.027471 -0.256869 -0.371294 -0.339633 -0.323675 -0.380029 -0.256935 0.166893 0.182731 -0.206091 -0.213772 1.000000 0.353458 -0.284516 -0.039474 -0.050625 0.236923 0.052938 0.186928 0.268087 0.166097 -0.018518 0.062392 0.167658 -0.086517 0.187279 0.056094 0.025187 0.080159 -0.037123 0.167304 -0.069630 0.042533 0.019239 0.243138 0.379991 0.283704 -0.063058 0.045203 -0.224151 -0.128959 0.355896 0.118658 -0.335564 -0.280316 0.145361 -0.124030 0.516035 0.406371 -0.284406 -0.022390 0.296808 0.021097 0.171651 -0.140787 0.163655 -0.025193 0.275744 0.408092 0.247430 0.379424 0.060122 0.257221 0.019571 0.049253 0.291549 0.285436 -0.136769 0.055538 -0.372919 -0.333537 -0.213250 -0.279990 -0.030826 0.105666 0.251121 0.132636 -0.006332 0.118075 0.026385 -0.088324 -0.067966 -0.026927 0.061054 -0.101188 -0.374106 -0.134887 -0.140073 0.182803 0.082884 0.211529 0.152294 0.081248 -0.009182 0.168344
-0.047368 -0.013078 0.193906 -0.038284 0.043526 -0.093250 0.315755 0.182075 0.029558 0.012495 0.159381 0.131397 0.109749 0.132102 0.058001 -0.032482 0.261012 0.147477 0.186461 0.241575 0.056250 -0.154510 0.220261 0.092637 0.137659 0.083136 -0.118267 -0.130832 0.378064 0.281331 0.486339 0.488345 0.353458 1.000000 -0.137706 0.025956 -0.099525 -0.117678 -0.417149 -0.200995 -0.015377 0.182023 -0.256086 -0.104202 -0.072333 0.012829 -0.223777 -0.156247 -0.133891 -0.033533 -0.130712 -0.160123 -0.386804 -0.246737 -0.400149 -0.412086 -0.041054 -0.122286 -0.258951 -0.187882 0.004153 0.098332 0.303503 0.034278 0.249559 0.124116 -0.037507 0.091238 0.049074 0.036831 0.238580 -0.003158 0.448117 0.479394 0.323977 0.373318 0.432981 0.268146 0.060013 0.085743 0.035861 0.152105 0.104993 0.183853 0.118958 0.106835 0.111413 0.098430 -0.147481 -0.201603 -0.473569 -0.279720 -0.393609 -0.273611 -0.169979 -0.084926 -0.090452 -0.072462 -0.252903 -0.273949 -0.499129 -0.181268 -0.369236 -0.508314 -0.491077 -0.395690 -0.199634 -0.307641 -0.198888 -0.092610 0.014801 -0.251955 -0.187060 -0.148838 -0.140583 -0.189342
-0.166693 -0.489237 0.160994 0.098112 0.121039 0.357218 0.011504 -0.059243 0.020583 -0.007527 0.205341 -0.141022 0.056395 -0.013402 0.105273 -0.207531 -0.273873 -0.420904 -0.070019 -0.330617 0.337060 0.291138 0.242273 0.245142 0.421004 0.413915 0.489909 0.625754 -0.138015 -0.336623 0.165454 0.191879 -0.284516 -0.137706 1.000000 0.559725 0.089088 -0.075888 0.147701 0.109978 -0.140096 -0.143055 -0.045351 -0.089075 -0.136878 -0.016327 -0.111990 -0.113736 -0.240432 -0.326660 0.254642 -0.245074 -0.050516 -0.168731 0.260081 -0.044262 -0.259226 -0.357815 -0.048212 -0.383558 0.213600 -0.295102 -0.361201 -0.390105 0.355004 0.184467 0.107051 0.531539 -0.260451 -0.113676 0.022728 0.168600 -0.365622 -0.305872 -0.262608 -0.281959 -0.405302 -0.215631 -0.159298 -0.088854 -0.248008 -0.263671 -0.140881 -0.232009 0.241049 0.406781 -0.156750 -0.080368 0.094822 0.051934 -0.060944 0.182434 0.223088 0.425348 -0.144333 0.130371 0.173867 0.219896 -0.242751 -0.013705 0.045344 0.210328 -0.029123 -0.010286 0.069865 0.068283 0.009262 0.141129 0.167825 0.177579 0.296211 0.037398 0.137772 0.089812 0.085345 0.123966
-0.129380 -0.058891 0.053145 -0.044947 0.146131 0.357396 -0.035304 0.007970 0.154275 0.168283 0.132440 -0.143229 0.187055 0.106965 0.139199 0.022900 -0.350027 -0.336093 -0.189326 -0.337765 0.315565 0.381165 -0.070984 -0.116150 0.486133 0.403883 0.417684 0.597269 -0.340380 -0.214507 0.015911 -0.038662 -0.039474 0.025956 0.559725 1.000000 -0.061990 -0.119281 0.186145 0.259992 0.232251 0.033307 -0.200064 -0.141419 -0.040221 -0.075021 -0.127260 -0.172419 -0.043872 -0.290227 0.209743 -0.098817 0.111734 -0.175734 0.439503 0.009602 -0.205238 -0.005963 0.271386 -0.075398 0.461947 0.004295 -0.198093 -0.032498 0.211863 0.318712 0.074858 0.325594 -0.249015 0.036256 -0.003474 0.123688 -0.340063 -0.224158 -0.317509 -0.134569 -0.216473 -0.000036 -0.092845 0.052763 -0.192535 -0.123459 -0.177849 -0.321470 0.151890 0.096705 -0.066033 0.171735 0.157733 0.110589 -0.284156 -0.111589 0.058595 0.257579 -0.086532 0.123299 0.416767 0.153137 -0.189815 0.048458 -0.017953 0.163776 -0.158903 -0.298202 -0.200560 -0.343476 0.037864 -0.201668 -0.101541 0.007766 0.186749 0.200537 0.115450 -0.038691 -0.215272 -0.113473
