1.000000 0.177169 0.585530 0.315367 -0.072867 -0.073813 0.483414 0.114682 -0.110288 -0.008793 -0.071142 0.077099 -0.163252 0.154892 0.079270 0.229448 -0.138114 0.109888 0.502367 0.412774 -0.120775 -0.244026 0.494648 0.339290 -0.201471 -0.056508 -0.059899 0.072717 0.030546 0.000154 0.031311 0.062985 0.171501 -0.024908 -0.312569 -0.255094 0.085345 -0.246808 0.130574 0.159942 -0.070981 0.031468 -0.346141 -0.248803 -0.295701 -0.494979 -0.053384 -0.191939 -0.239329 -0.204421 -0.335884 -0.164008 0.227395 -0.037156 0.105608 0.074967 0.471550 -0.032222 0.259401 -0.015710 0.367174 0.135339 0.146631 0.013882 -0.282872 -0.322681 -0.305269 -0.490984 0.133048 -0.013405 0.033660 0.019743 0.101109 -0.140732 -0.056061 0.089998 -0.309861 -0.183276 -0.002594 -0.282923 -0.075379 0.143653 0.134456 0.102220 0.015734 -0.282299 0.201929 0.406518 0.395533 0.335728 -0.291104 -0.385647 -0.088486 0.087067 0.165787 0.104891 0.079717 -0.120924 -0.155621 -0.200687 -0.022060 0.124430 -0.080765 -0.207998 -0.342170 -0.336347 -0.208887 0.058252 0.166799 -0.044296 -0.357913 -0.473054 -0.150780 -0.229968 -0.242675 -0.200942
0.177169 1.000000 0.069856 0.305303 0.101235 -0.240241 -0.076167 0.185239 -0.015521 0.063643 -0.030423 0.080905 0.133476 0.039595 -0.151793 -0.103943 -0.026136 0.215036 -0.044298 0.499361 -0.168394 -0.240839 -0.012984 0.122502 -0.063871 -0.043188 -0.311332 -0.341112 -0.239278 0.037111 -0.204133 -0.269432 0.053488 -0.106365 -0.505396 -0.311422 0.120498 -0.232515 -0.120078 0.016571 -0.164697 -0.096316 -0.180585 -0.183484 -0.162361 -0.146746 -0.101807 -0.128093 -0.194083 -0.253312 -0.269666 0.025667 0.076301 -0.086523 0.074083 -0.047453 0.196955 0.614882 -0.154103 0.166658 0.108720 0.187064 0.273107 0.206517 -0.166251 0.126348 -0.015616 0.059920 0.355248 0.473887 -0.079839 -0.116890 -0.209559 -0.034850 -0.131398 0.022929 -0.259526 0.078540 -0.028874 0.055370 0.116845 0.169225 -0.108135 -0.086320 0.029724 -0.046476 0.067456 -0.034459 0.224933 0.316161 0.063237 -0.201426 0.180241 0.121868 0.066994 0.134279 0.061167 0.182454 -0.075577 -0.320168 0.215361 0.131565 0.121231 -0.227642 -0.268501 -0.316228 -0.201551 -0.064742 0.087809 0.015825 -0.106734 -0.166908 -0.041578 -0.145620 -0.336049 -0.284529
0.585530 0.069856 1.000000 0.488060 -0.179477 -0.360711 0.589151 0.366843 0.001503 -0.074213 -0.040174 0.090467 -0.098675 0.192422 0.048633 -0.068853 -0.115019 -0.050960 0.657912 0.409147 -0.061082 -0.271016 0.584855 0.329866 -0.149368 -0.239191 -0.183010 -0.162368 -0.100171 -0.130303 0.122041 0.097592 0.245945 0.117513 -0.287756 -0.158207 -0.154903 -0.264577 -0.036602 -0.063997 -0.119856 0.041780 -0.057233 0.089078 -0.018576 -0.170220 -0.056682 0.046749 0.055118 0.076676 -0.071558 0.059346 0.174012 0.038525 0.019816 0.112915 0.180182 -0.275874 0.243653 -0.057191 0.286981 0.003134 -0.150882 -0.204832 -0.203806 -0.325595 -0.093432 -0.254504 0.059773 -0.063636 0.169165 0.073369 0.108368 -0.027118 0.083999 0.129140 -0.249275 -0.131712 -0.326193 -0.461533 -0.274139 -0.170300 0.132835 -0.060177 0.080209 -0.340212 0.160570 0.079375 0.289835 0.301900 0.059405 -0.252748 -0.019432 0.144242 0.158611 -0.091560 0.053863 -0.102351 0.113570 -0.160116 0.165577 0.176892 -0.034710 -0.463889 -0.487935 -0.583536 -0.316308 -0.087124 0.070548 -0.261844 -0.355874 -0.483045 -0.061791 -0.330726 -0.387456 -0.321770
0.315367 0.305303 0.488060 1.000000 0.382713 -0.223554 0.479164 0.641485 0.159496 0.375918 -0.115211 0.290529 -0.155822 0.063840 0.121503 0.159556 -0.471844 -0.213009 0.432312 0.648634 0.156767 -0.187587 0.658036 0.572892 0.253187 0.224721 -0.012792 -0.109724 -0.246814 -0.180382 0.152747 0.096203 -0.348062 -0.062918 -0.256339 -0.085510 -0.217895 -0.384771 0.258012 0.245521 -0.075818 0.080853 -0.525335 -0.421423 -0.529348 -0.482320 -0.418502 -0.511514 -0.483418 -0.534906 -0.237004 -0.430424 -0.174377 -0.320532 0.165248 -0.228295 -0.147437 0.074036 0.095543 0.091398 -0.257151 -0.095903 -0.398509 -0.469849 0.031045 0.012189 -0.240787 -0.136359 -0.024116 0.088275 0.017206 0.272016 -0.344846 -0.153984 -0.110326 0.134916 -0.443348 0.020228 -0.276465 -0.453416 -0.348159 -0.127283 0.123196 0.103061 0.027396 -0.109917 0.251101 0.401814 0.649254 0.671701 -0.014235 -0.195103 0.412770 0.327292 0.134917 0.235285 0.020314 0.048551 -0.241977 -0.467315 0.318576 0.111738 0.131783 -0.318827 -0.230603 -0.229356 -0.124109 0.023880 0.125000 -0.160265 -0.117464 -0.424068 -0.145410 -0.134444 -0.165618 -0.129594
-0.072867 0.101235 -0.179477 0.382713 1.000000 0.017253 -0.041417 0.012339 0.303564 0.427620 -0.183241 -0.057338 -0.182818 -0.450139 0.118375 -0.109573 -0.511918 -0.399699 -0.117029 0.127007 0.188911 -0.118045 0.199696 0.187724 0.634541 0.503471 0.215978 0.051706 -0.427590 -0.340305 0.054880 -0.333843 -0.445230 -0.328894 0.151760 0.186574 -0.053253 -0.281881 0.392354 0.475616 -0.207112 -0.092507 -0.304762 -0.326313 -0.312311 -0.121538 -0.181633 -0.301009 -0.195961 -0.327107 0.149315 -0.185544 0.033618 -0.117745 0.531242 -0.163478 -0.340277 0.154633 0.170577 0.360458 -0.303760 0.056232 -0.362174 -0.262221 0.233838 0.235346 0.070921 0.370949 -0.265093 0.134030 -0.312224 -0.083224 -0.676558 -0.306469 -0.445093 -0.271535 -0.493897 -0.259315 -0.189849 -0.271814 -0.355289 -0.133559 -0.083864 -0.121246 0.051668 0.100862 0.159522 0.223219 0.451270 0.469699 0.192419 0.231683 0.453750 0.434108 0.100349 0.233589 0.202778 0.071023 -0.122914 -0.104566 0.328153 0.170990 0.278048 0.100094 -0.037765 -0.057432 0.070221 0.129441 0.140724 -0.136541 0.162502 -0.011470 -0.062178 0.089712 -0.027050 -0.114270
-0.073813 -0.240241 -0.360711 -0.223554 0.017253 1.000000 0.093824 -0.158808 0.135958 0.282519 0.164145 -0.258193 0.325062 -0.110150 0.131657 0.286157 0.006510 -0.341275 -0.074530 -0.247928 0.485800 0.525830 -0.185456 -0.235096 0.060416 0.345424 0.607668 0.756081 0.011805 -0.266217 0.315246 0.182347 -0.172716 -0.092980 0.314580 0.162261 -0.068203 -0.201887 0.161046 0.013548 0.003320 -0.114415 0.036202 -0.163597 -0.030860 0.066080 -0.023453 -0.114038 -0.009925 -0.066998 -0.065122 -0.156023 -0.120791 -0.122777 0.123919 0.079364 -0.157273 -0.085274 0.088029 0.130063 -0.198831 -0.049907 -0.195043 -0.196526 0.157783 0.016570 0.090644 0.138458 -0.180300 -0.019633 0.095999 0.068526 -0.170924 -0.172840 -0.121353 -0.017157 0.186012 -0.068288 0.075717 0.027080 -0.052086 -0.249035 0.028020 0.201906 -0.400772 -0.112027 -0.397601 -0.128749 -0.125815 -0.153691 -0.232767 -0.111092 -0.184916 -0.252708 -0.030392 0.185424 0.042720 0.208989 -0.101404 0.009985 -0.150551 -0.139417 0.127031 0.269221 0.229072 0.253375 0.398890 0.078797 0.011721 0.126277 0.042377 0.028304 -0.209159 0.115176 0.127820 0.194764
0.483414 -0.076167 0.589151 0.479164 -0.041417 0.093824 1.000000 0.511359 0.081056 0.246445 0.208037 0.149554 0.143991 0.200144 0.221648 0.401182 -0.244050 -0.127202 0.406554 0.377235 0.215310 0.052673 0.581178 0.291470 -0.126244 -0.039348 0.035970 0.223480 -0.068345 -0.106585 0.199780 0.205816 -0.083638 0.054044 -0.130246 -0.218945 -0.264813 -0.164429 0.354346 0.119186 -0.121672 0.010733 -0.470333 -0.441855 -0.257725 -0.443930 -0.395414 -0.416268 -0.193523 -0.153748 -0.400743 -0.258138 -0.219918 -0.375274 0.048634 -0.079045 -0.107404 -0.281598 0.209671 -0.007942 0.147238 -0.028870 -0.218362 -0.368687 0.128999 -0.042751 -0.224215 -0.320175 -0.166632 -0.114233 0.206729 0.224500 -0.029471 -0.003265 0.060664 0.177512 -0.118692 0.021076 -0.274148 -0.458962 -0.269263 -0.336527 0.183162 0.226952 -0.163786 -0.241229 0.172352 0.395067 0.365320 0.366359 -0.174767 -0.405073 0.024902 0.027357 0.288518 0.178192 0.071242 0.046628 -0.261874 -0.404059 0.142991 0.114581 0.138449 -0.189896 -0.117134 -0.271790 -0.029858 0.169021 0.199989 -0.186961 -0.419884 -0.492011 -0.175336 -0.115984 -0.084949 -0.089833
0.114682 0.185239 0.366843 0.641485 0.012339 -0.158808 0.511359 1.000000 0.122302 0.090763 0.078576 0.323604 -0.075587 0.340405 0.031201 0.298274 -0.323352 -0.151632 0.193605 0.397539 0.048060 -0.104584 0.314980 0.222755 -0.082735 -0.128451 -0.144592 -0.295684 -0.073660 -0.088106 -0.015297 0.269159 -0.308201 0.300431 -0.241573 -0.058199 -0.307578 -0.222940 -0.080505 -0.114622 0.040684 0.104213 -0.314036 -0.403983 -0.279995 -0.298733 -0.389138 -0.486007 -0.410004 -0.359426 -0.306493 -0.428474 -0.186444 -0.421230 -0.176415 -0.297929 -0.058629 0.032424 0.082392 0.096716 -0.106025 -0.040351 -0.274866 -0.195563 0.103458 0.222818 -0.163718 0.021733 -0.102097 -0.020612 0.206327 0.330065 -0.088666 0.091287 0.188323 0.152150 -0.076970 0.229499 -0.147398 -0.407868 -0.262394 -0.274900 0.075961 0.218959 -0.090053 -0.189273 0.007738 0.219360 0.419689 0.318834 -0.037337 -0.241224 0.394218 0.261556 -0.019029 0.009607 -0.289337 -0.149755 -0.273389 -0.460870 0.207683 0.111374 0.086404 -0.296910 -0.159687 -0.204510 -0.032312 0.010646 -0.095428 -0.306255 -0.326784 -0.296638 -0.130903 -0.171678 -0.075631 -0.054137
-0.110288 -0.015521 0.001503 0.159496 0.303564 0.135958 0.081056 0.122302 1.000000 0.153854 0.110439 -0.048503 0.081108 -0.132442 0.260425 -0.008423 -0.104984 -0.255688 0.030814 -0.015074 0.012325 0.017400 0.071038 0.060184 0.124941 0.253101 0.373293 0.035071 -0.060154 -0.280288 0.225973 0.286299 -0.194499 0.290936 0.150532 0.284840 -0.237844 -0.156706 -0.096707 -0.148777 0.177972 0.141159 -0.096171 -0.238086 -0.243441 -0.077838 -0.311336 -0.207546 -0.281918 -0.289778 -0.022835 -0.392555 -0.245068 -0.260688 -0.025262 -0.268430 -0.234774 0.245218 0.022660 -0.056538 -0.139814 -0.185804 -0.084189 -0.006637 0.275167 0.125868 0.049434 0.198222 -0.025681 0.162058 -0.009834 0.080032 -0.263080 -0.010091 0.032563 0.167741 -0.064446 -0.006818 0.121130 -0.137557 -0.050440 -0.134976 0.209206 0.100849 -0.108752 0.045943 -0.141850 -0.130460 0.312689 0.070365 0.005861 0.154878 0.280255 0.131290 -0.293199 0.072964 -0.274531 -0.190466 -0.226480 -0.270777 0.068911 -0.186928 -0.016991 -0.127528 0.012404 0.136260 0.071273 -0.185001 -0.129093 -0.161291 -0.015562 -0.086949 -0.350421 -0.066010 0.025913 0.124056
-0.008793 0.063643 -0.074213 0.375918 0.427620 0.282519 0.246445 0.090763 0.153854 1.000000 0.226529 0.353195 0.294159 0.043766 0.250245 0.231949 -0.180751 -0.083277 -0.155941 0.055228 0.480992 0.332093 0.389225 0.306000 0.306949 0.481121 0.283079 0.409207 -0.245775 -0.242935 0.424983 -0.001253 -0.348136 -0.248472 -0.088230 -0.112716 0.040652 -0.156281 0.351845 0.135898 -0.128054 -0.058432 -0.350970 -0.328384 -0.194680 -0.210410 -0.311777 -0.385245 -0.070934 -0.185415 0.057003 -0.057054 -0.174099 -0.071722 0.204123 -0.389217 -0.313156 -0.063914 0.103017 0.089982 -0.117404 0.034855 -0.223477 -0.274202 0.283645 0.424144 -0.209588 -0.004898 -0.342331 0.132620 -0.162100 -0.003051 -0.424974 -0.074663 -0.162155 0.123243 -0.182902 -0.188291 -0.186815 -0.197793 -0.212342 -0.202352 0.019345 0.053647 -0.197362 -0.016644 0.246444 0.102710 0.075523 0.138438 -0.119850 -0.154668 0.275288 0.058031 0.096897 0.145704 0.089139 0.104058 -0.414470 -0.254014 0.123883 -0.049380 0.217737 -0.040611 0.032011 0.018773 0.086729 0.004381 0.259105 -0.074483 -0.000816 -0.247000 -0.161069 -0.043398 -0.071437 -0.020111
-0.071142 -0.030423 -0.040174 -0.115211 -0.183241 0.164145 0.208037 0.078576 0.110439 0.226529 1.000000 0.264747 0.807950 0.229084 0.615339 0.196166 0.475032 0.146017 -0.028313 -0.174609 0.323188 0.372757 0.172168 -0.103699 -0.085950 0.169367 0.278326 0.228641 0.382838 0.065620 0.479807 0.388806 0.134076 0.322761 0.121237 0.158955 0.290511 0.211061 0.151319 -0.308456 0.395719 0.198999 -0.153640 -0.213798 -0.098679 -0.089878 -0.347706 -0.168923 -0.092015 -0.088229 -0.020172 -0.086336 -0.237193 -0.029213 -0.045871 -0.210688 0.001123 -0.043934 -0.187759 -0.360196 0.076583 -0.070997 0.090530 0.033350 0.373725 0.204006 -0.330484 -0.100350 -0.266392 -0.079312 0.117609 0.037163 0.186445 0.175523 0.449133 0.353052 0.405996 0.287517 0.172963 0.071909 0.228399 -0.343131 0.311484 0.143228 -0.019953 -0.168743 0.249222 -0.025768 -0.216019 -0.237789 -0.236165 -0.269566 -0.099108 -0.264273 -0.047656 -0.087637 -0.005389 -0.109401 -0.479263 -0.293111 -0.168529 -0.198141 -0.130156 -0.270648 -0.114036 -0.058977 -0.007351 -0.107065 0.020418 0.001786 -0.041958 -0.208275 -0.190354 -0.157983 0.007510 -0.027843
0.077099 0.080905 0.090467 0.290529 -0.057338 -0.258193 0.149554 0.323604 -0.048503 0.353195 0.264747 1.000000 0.130483 0.569832 0.231492 0.201157 -0.001246 0.324360 -0.072251 0.000162 -0.080651 -0.173371 0.327413 0.259699 -0.096771 0.092457 -0.155775 -0.212050 0.073079 -0.001401 0.340783 0.391429 -0.016090 0.253944 -0.177978 -0.025331 0.165114 0.149981 -0.008801 -0.090224 0.157372 -0.110853 -0.330642 -0.170132 -0.230514 -0.250645 -0.250476 -0.092344 -0.133359 -0.198650 0.066016 -0.117388 -0.121576 -0.059926 -0.190181 -0.311068 -0.059908 -0.274114 -0.100955 -0.350244 0.003866 0.119365 -0.013157 -0.009972 0.170657 0.374058 -0.317826 -0.128465 0.011408 0.110395 -0.132696 0.062003 -0.053682 0.015327 0.239685 0.362851 0.097419 0.156728 -0.110572 -0.038240 -0.131328 0.047927 0.029345 0.135785 0.070437 0.214944 0.395155 0.235614 0.063402 0.051409 -0.144134 -0.310896 0.350215 0.022165 -0.132710 -0.066965 -0.102149 -0.072158 -0.389078 -0.257047 0.156745 -0.238639 -0.111029 -0.397084 -0.201541 -0.034773 -0.242348 -0.219037 0.069933 0.051748 0.171365 -0.235493 -0.126231 -0.220141 -0.122777 -0.143438
-0.163252 0.133476 -0.098675 -0.155822 -0.182818 0.325062 0.143991 -0.075587 0.081108 0.294159 0.807950 0.130483 1.000000 0.196071 0.521412 0.148409 0.472330 0.049149 -0.149418 -0.186389 0.378770 0.460340 -0.000363 -0.124871 -0.090989 0.157706 0.327285 0.365908 0.149271 -0.085990 0.390309 0.196589 0.158264 0.125899 0.083904 0.001388 0.216893 0.120350 0.119901 -0.237572 0.127777 0.045038 -0.065855 -0.125439 0.005746 0.071675 -0.248072 -0.113228 0.078767 0.023862 -0.001871 0.083530 -0.122609 -0.030219 0.115073 -0.152584 -0.050493 -0.037413 -0.184907 -0.250811 0.032203 0.007133 0.026836 -0.081661 0.291222 0.176374 -0.207931 -0.014799 -0.168404 -0.001662 0.089156 0.050195 0.037662 0.013752 0.215776 0.226113 0.400511 0.234438 -0.003823 0.080399 0.218790 -0.399255 0.233116 0.010684 -0.080030 -0.225958 0.057110 -0.222830 -0.257827 -0.247611 -0.075347 -0.202845 -0.149655 -0.270662 0.083896 -0.092605 0.081052 0.150767 -0.327716 -0.170652 -0.096917 -0.126602 0.027613 -0.074300 -0.050242 -0.072996 0.065506 -0.049316 0.073356 0.046751 -0.015168 -0.201186 -0.137563 -0.026061 -0.076470 -0.073248
0.154892 0.039595 0.192422 0.063840 -0.450139 -0.110150 0.200144 0.340405 -0.132442 0.043766 0.229084 0.569832 0.196071 1.000000 0.080942 0.377952 0.256052 0.412888 0.067276 0.003126 -0.013407 0.087471 0.009322 0.158508 -0.470236 -0.260152 -0.118603 -0.133639 0.257184 0.044592 0.085231 0.444351 0.211064 0.378974 -0.196031 -0.079053 0.046861 0.094693 -0.170813 -0.219638 0.270217 -0.025934 -0.033860 -0.064361 0.015358 -0.155486 -0.217450 -0.088665 0.018478 0.090630 -0.153322 0.022900 0.004161 -0.104427 -0.250693 -0.166954 0.214505 -0.152996 0.041391 -0.255181 0.268750 0.286276 0.067250 0.137755 -0.150183 0.166365 -0.119888 -0.202826 0.099498 0.038301 0.233846 0.334672 0.197390 0.102976 0.288853 0.343522 0.219350 0.316363 -0.032136 -0.111618 0.094030 -0.040268 0.160157 0.107883 0.036295 -0.201540 0.148825 0.028252 -0.042463 -0.193529 -0.048328 -0.273928 -0.064309 -0.186911 -0.218774 -0.259894 -0.224800 -0.100773 -0.233795 -0.206382 -0.192682 -0.273589 -0.409179 -0.469331 -0.271706 -0.144723 -0.282518 -0.265714 -0.015539 -0.002357 -0.104362 -0.239121 -0.061916 -0.352713 -0.278259 -0.179529
0.079270 -0.151793 0.048633 0.121503 0.118375 0.131657 0.221648 0.031201 0.260425 0.250245 0.615339 0.231492 0.521412 0.080942 1.000000 0.252927 0.101281 -0.108869 0.082358 -0.197941 0.290718 0.288838 0.365556 0.067665 0.190629 0.357887 0.562256 0.367239 0.274092 -0.101065 0.452199 0.380797 -0.181988 0.093248 0.202871 0.269165 0.209478 0.001861 0.242201 -0.017456 0.289581 0.307937 -0.264313 -0.248207 -0.358512 -0.311318 -0.282815 -0.270261 -0.211012 -0.340484 -0.013485 -0.310726 -0.217467 -0.150459 0.173257 -0.242610 -0.147359 -0.154454 -0.084897 -0.289782 -0.146672 -0.117731 -0.274368 -0.129597 0.348687 0.167109 -0.417037 -0.247896 -0.433245 -0.249166 -0.133165 0.073741 -0.024275 -0.136627 0.242535 0.405226 0.119539 0.208003 0.061175 -0.090512 0.071060 -0.269149 0.642230 0.250963 0.329736 -0.030603 0.319854 0.276454 0.270018 -0.010890 -0.062201 -0.273612 0.107125 -0.132961 0.156536 0.072638 0.071350 -0.165141 -0.365830 -0.256213 -0.017196 -0.195401 -0.004291 -0.225243 -0.130260 -0.053224 0.045114 0.061571 0.166947 0.015465 0.027030 -0.184382 -0.173828 -0.017933 0.098716 0.079592
0.229448 -0.103943 -0.068853 0.159556 -0.109573 0.286157 0.401182 0.298274 -0.008423 0.231949 0.196166 0.201157 0.148409 0.377952 0.252927 1.000000 -0.022840 0.078098 0.050439 0.157830 0.161969 0.228446 0.095788 0.031067 -0.185259 0.033131 0.167152 0.341087 0.335146 0.329789 0.032505 0.339738 -0.174192 0.099327 -0.132588 -0.199043 0.165743 0.124412 0.248100 0.221213 0.140667 0.278235 -0.305887 -0.433774 -0.313159 -0.495336 -0.221430 -0.441060 -0.319608 -0.273819 -0.480002 -0.409117 -0.202575 -0.308838 -0.066033 -0.221861 0.037987 -0.140366 0.072689 -0.099744 -0.020374 0.132379 -0.011925 -0.009226 -0.025712 0.136595 -0.371570 -0.493563 -0.248217 -0.170487 -0.145126 0.154686 0.134349 0.148710 0.291925 0.227749 0.077173 0.093531 0.067487 -0.124583 0.117067 -0.088203 0.318059 0.610688 0.140262 -0.033618 0.100135 0.388928 0.248288 -0.015069 -0.365807 -0.426548 -0.110990 -0.261734 0.189466 0.116092 -0.005899 -0.213317 -0.384046 -0.365289 -0.211660 -0.182979 -0.112403 -0.067145 0.152382 0.181359 0.120164 0.207457 0.195556 -0.100229 -0.352952 -0.225611 -0.262616 -0.019488 0.191628 0.254524
-0.138114 -0.026136 -0.115019 -0.471844 -0.511918 0.006510 -0.244050 -0.323352 -0.104984 -0.180751 0.475032 -0.001246 0.472330 0.256052 0.101281 -0.022840 1.000000 0.461515 -0.088933 -0.239225 0.040299 0.131607 -0.291892 -0.272402 -0.244095 -0.050116 -0.005405 0.056056 0.544966 0.316924 0.125484 0.231774 0.496427 0.246942 0.082355 0.042944 0.482522 0.510174 -0.030064 -0.335963 0.406165 0.089875 0.242356 0.222245 0.225053 0.263321 -0.019947 0.275034 0.267056 0.250064 0.143516 0.199423 0.022235 0.224839 -0.280120 0.015798 0.341277 0.118075 -0.282282 -0.431499 0.166137 -0.058805 0.431791 0.272848 -0.036050 -0.196554 -0.077465 -0.092144 0.089869 0.072124 0.120568 -0.078647 0.589859 0.279807 0.457401 0.314489 0.607290 0.302761 0.598010 0.434468 0.681548 0.224358 0.132298 -0.078631 0.059018 -0.127018 -0.022596 -0.348308 -0.535976 -0.591683 -0.118800 -0.139375 -0.539106 -0.560633 -0.213366 -0.147584 0.015872 -0.042589 -0.064956 -0.026799 -0.532689 -0.433472 -0.525164 -0.233598 -0.088798 0.037960 -0.060407 -0.221241 -0.183971 0.188222 -0.027338 0.105357 -0.141916 -0.174407 -0.079144 0.020373
0.109888 0.215036 -0.050960 -0.213009 -0.399699 -0.341275 -0.127202 -0.151632 -0.255688 -0.083277 0.146017 0.324360 0.049149 0.412888 -0.108869 0.078098 0.461515 1.000000 0.003624 0.068576 -0.253840 -0.130222 -0.135018 -0.095121 -0.294556 -0.234224 -0.404552 -0.259520 0.395371 0.529722 -0.087462 0.088762 0.442706 0.192203 -0.279156 -0.179710 0.472222 0.475165 0.030829 -0.071595 0.302278 0.159931 -0.045462 0.134596 0.032674 -0.060253 -0.009588 0.090029 -0.005672 0.058282 -0.165602 0.103873 -0.067286 0.060307 -0.304052 -0.135009 0.212151 0.175323 -0.228272 -0.393729 0.369952 0.147497 0.510010 0.327424 -0.089711 0.020362 -0.260103 -0.308752 0.274801 -0.012536 0.113390 -0.140648 0.488558 0.252577 0.274118 0.259332 0.227736 0.335545 0.324026 0.518459 0.463402 0.618845 0.108037 0.044141 0.145005 0.305484 0.295155 0.121622 -0.294597 -0.265327 -0.333549 -0.345937 -0.443785 -0.472350 -0.018752 -0.113282 0.002636 -0.058456 -0.254243 -0.213933 -0.447530 -0.372153 -0.478944 -0.292082 -0.039813 0.064547 -0.153827 -0.047213 0.073889 0.251998 -0.007370 -0.018154 -0.094111 -0.108567 -0.041943 0.025738
0.502367 -0.044298 0.657912 0.432312 -0.117029 -0.074530 0.406554 0.193605 0.030814 -0.155941 -0.028313 -0.072251 -0.149418 0.067276 0.082358 0.050439 -0.088933 0.003624 1.000000 0.468352 0.057998 -0.163191 0.337646 0.084463 0.053320 -0.003573 -0.026845 -0.021647 0.224827 -0.003844 0.248014 0.237849 0.194337 0.145752 -0.148525 0.070077 -0.223896 -0.286434 0.101184 -0.069563 0.182028 0.133951 -0.132715 -0.009670 -0.153409 -0.154053 -0.188632 -0.059248 -0.098985 -0.078109 -0.203001 -0.164850 -0.064268 -0.049117 0.005292 0.132540 0.068923 -0.138371 0.150129 -0.102975 0.032773 -0.065909 -0.194503 -0.327056 -0.083565 -0.368966 -0.038256 -0.244134 0.133496 -0.139503 0.244860 0.126577 0.252107 0.078844 0.156834 0.265807 -0.201425 -0.039392 -0.081294 -0.321706 -0.207119 -0.064409 0.209597 0.089064 0.065399 -0.140366 0.028502 0.145146 0.302717 0.269159 -0.104300 -0.207953 -0.203220 0.023430 0.004345 -0.023076 -0.056109 -0.146686 0.054293 -0.158423 0.039603 0.142064 -0.118671 -0.301541 -0.334874 -0.332565 -0.131915 -0.038086 -0.064575 -0.259415 -0.266771 -0.413627 -0.172004 -0.095548 -0.196468 -0.136791
0.412774 0.499361 0.409147 0.648634 0.127007 -0.247928 0.377235 0.397539 -0.015074 0.055228 -0.174609 0.000162 -0.186389 0.003126 -0.197941 0.157830 -0.239225 0.068576 0.468352 1.000000 -0.137352 -0.240268 0.264274 0.262803 -0.056146 -0.025900 -0.221284 -0.135487 -0.043275 0.216276 -0.141551 -0.069888 0.023880 -0.030223 -0.434252 -0.311773 -0.063741 -0.270438 0.171295 0.163816 -0.047278 0.050424 -0.411139 -0.426556 -0.425324 -0.463051 -0.321380 -0.409141 -0.421622 -0.395531 -0.537306 -0.374682 -0.178976 -0.300939 -0.079714 -0.161256 0.127550 0.286931 -0.041193 0.130348 0.005090 -0.035181 0.043350 -0.207977 -0.248348 -0.229715 -0.119327 -0.230419 0.309333 0.119510 -0.027081 0.122743 -0.045651 -0.063296 -0.146247 0.025026 -0.374855 0.043183 -0.058794 -0.227850 0.077733 0.173922 0.100003 0.118642 0.106901 -0.035562 0.178756 0.315720 0.463769 0.537686 -0.091150 -0.257620 -0.044468 0.064040 0.208375 0.221923 0.006364 0.133315 -0.156981 -0.359380 0.114563 0.135923 0.087152 -0.144018 -0.134621 -0.258703 -0.099536 0.067923 0.144637 -0.198313 -0.299117 -0.315468 -0.148922 -0.092477 -0.165823 -0.097795
-0.120775 -0.168394 -0.061082 0.156767 0.188911 0.485800 0.215310 0.048060 0.012325 0.480992 0.323188 -0.080651 0.378770 -0.013407 0.290718 0.161969 0.040299 -0.253840 0.057998 -0.137352 1.000000 0.672563 0.305288 0.175993 0.375995 0.490843 0.407389 0.550730 0.010793 -0.156130 0.571770 0.240869 -0.225528 -0.139691 0.180715 0.211680 0.083608 -0.095199 0.379154 0.079936 0.225087 0.039830 -0.174096 -0.147915 -0.138888 0.005002 -0.247423 -0.240658 -0.086313 -0.140534 -0.060336 -0.124363 -0.309754 -0.265882 0.260832 0.041666 -0.282798 -0.118521 -0.031277 0.003959 -0.282455 -0.306451 -0.277411 -0.451375 0.237312 0.034962 -0.116636 0.060616 -0.263331 0.049017 0.185708 0.229732 -0.177312 -0.009025 0.033703 0.237069 0.150067 -0.036472 -0.016616 -0.182056 -0.145586 -0.417910 0.111643 0.200029 -0.320043 -0.174983 -0.073631 -0.008791 0.011739 0.095144 -0.193778 -0.250572 -0.021455 -0.037768 -0.013781 0.269295 0.189459 0.209286 -0.239197 -0.258500 -0.013236 0.033575 0.122288 -0.018754 0.061434 0.111628 0.212347 -0.026147 0.132705 0.063065 0.059170 -0.197700 -0.140965 -0.004704 0.028594 0.097213
-0.244026 -0.240839 -0.271016 -0.187587 -0.118045 0.525830 0.052673 -0.104584 0.017400 0.332093 0.372757 -0.173371 0.460340 0.087471 0.288838 0.228446 0.131607 -0.130222 -0.163191 -0.240268 0.672563 1.000000 -0.021094 0.051626 0.081720 0.302361 0.539092 0.592854 0.236855 0.081351 0.403790 0.296942 -0.109614 0.013519 0.227931 0.021373 0.072629 -0.025705 0.171528 -0.045468 0.223231 0.169668 0.011070 -0.133078 0.058065 0.047261 -0.092038 -0.224407 -0.041049 0.081054 -0.163334 -0.066838 -0.394613 -0.237167 -0.048861 -0.041024 -0.239924 -0.068859 -0.127406 -0.064950 -0.153995 -0.196280 -0.081023 -0.154848 0.164713 0.062800 -0.123049 -0.088381 -0.344765 -0.178290 0.135802 0.390239 0.090411 0.115945 0.011872 0.188124 0.270333 0.074594 0.065736 0.039523 0.170094 -0.303151 0.253150 0.276876 -0.188063 -0.110653 -0.131236 -0.032599 -0.242017 -0.218354 -0.169955 -0.178081 -0.149711 -0.251244 -0.038214 0.149418 0.039180 0.175654 -0.196029 -0.063217 -0.239097 -0.093796 0.061811 0.110989 0.207230 0.227559 0.278459 -0.004628 0.031042 0.049058 0.073586 0.035903 0.074572 0.142468 0.175757 0.205241
0.494648 -0.012984 0.584855 0.658036 0.199696 -0.185456 0.581178 0.314980 0.071038 0.389225 0.172168 0.327413 -0.000363 0.009322 0.365556 0.095788 -0.291892 -0.135018 0.337646 0.264274 0.305288 -0.021094 1.000000 0.648178 0.220557 0.302368 0.111048 0.170459 -0.110153 -0.157841 0.465956 0.259486 -0.153331 -0.069969 -0.093198 -0.014829 0.047680 -0.216868 0.376398 0.187814 0.017905 0.168512 -0.496588 -0.267268 -0.445521 -0.495280 -0.237490 -0.300322 -0.354426 -0.353649 -0.106928 -0.243894 -0.118075 -0.143930 0.210481 -0.070175 -0.102601 -0.263963 0.029154 -0.151940 -0.118084 -0.239509 -0.279480 -0.379837 0.087885 -0.139385 -0.502376 -0.345295 -0.204773 -0.001227 0.067358 0.143453 -0.150387 -0.101549 0.029257 0.189036 -0.275547 -0.157725 -0.241678 -0.421751 -0.311158 -0.173448 0.192956 0.151746 -0.023344 -0.110939 0.450313 0.490071 0.421955 0.501171 -0.216400 -0.355434 0.224327 0.180363 0.138368 0.269871 0.202263 -0.093428 -0.344088 -0.432068 0.202360 0.074480 0.080131 -0.301686 -0.201912 -0.154897 -0.114480 0.046330 0.272593 -0.031353 -0.106518 -0.535729 -0.140486 -0.186950 -0.060041 -0.035027
0.339290 0.122502 0.329866 0.572892 0.187724 -0.235096 0.291470 0.222755 0.060184 0.306000 -0.103699 0.259699 -0.124871 0.158508 0.067665 0.031067 -0.272402 -0.095121 0.084463 0.262803 0.175993 0.051626 0.648178 1.000000 0.073278 0.246472 0.041617 0.005698 -0.256271 -0.086450 0.198109 0.201104 -0.198204 -0.132432 0.044902 -0.030000 -0.048899 -0.207681 0.281406 0.337259 -0.012071 0.048705 -0.359357 -0.254493 -0.311629 -0.461136 -0.247953 -0.285441 -0.384460 -0.268955 -0.127990 -0.169633 -0.125878 -0.125618 0.088694 0.031130 0.066705 0.025036 -0.048275 -0.063466 -0.213040 -0.127727 -0.027461 -0.225859 -0.197373 -0.171880 -0.312273 -0.258898 0.022030 0.300352 0.210395 0.513828 -0.265373 -0.189858 -0.210509 0.096204 -0.255723 -0.064079 -0.077868 -0.276440 -0.104768 0.039916 0.044098 -0.030874 -0.034112 -0.113299 0.183755 0.322390 0.365536 0.546290 -0.033929 -0.057520 0.371777 0.280841 -0.101402 0.323925 0.110174 0.141155 -0.220318 -0.287494 0.056388 -0.063374 -0.109381 -0.251187 -0.219078 -0.062662 -0.398718 -0.346594 0.217581 0.185791 0.114330 -0.224134 -0.057310 -0.345727 -0.244257 -0.230757
-0.201471 -0.063871 -0.149368 0.253187 0.634541 0.060416 -0.126244 -0.082735 0.124941 0.306949 -0.085950 -0.096771 -0.090989 -0.470236 0.190629 -0.185259 -0.244095 -0.294556 0.053320 -0.056146 0.375995 0.081720 0.220557 0.073278 1.000000 0.670976 0.271143 0.125288 -0.115185 -0.162268 0.302626 -0.169365 -0.313415 -0.235986 0.151183 0.316538 -0.014173 -0.086200 0.283607 0.269452 -0.025404 0.013547 -0.160021 -0.066201 -0.117021 0.123823 -0.016821 -0.082567 -0.011575 -0.180943 0.220749 -0.124878 -0.152114 -0.137846 0.552738 0.076870 -0.419254 -0.007747 -0.062642 0.129788 -0.521083 -0.342945 -0.363585 -0.389288 0.202137 0.020737 -0.007632 0.288402 -0.382785 0.104996 -0.112559 -0.062884 -0.298457 0.028415 -0.100578 -0.066778 -0.209544 -0.187963 -0.045375 -0.111470 -0.333393 -0.084651 -0.160750 -0.179174 0.007204 0.218455 0.133928 0.093003 0.193364 0.221968 0.050647 -0.012212 0.169573 0.203232 -0.014281 0.302248 0.300179 -0.029004 0.049494 -0.051364 0.176115 0.156368 0.152070 0.058992 0.032235 0.095537 0.160166 0.188776 0.121432 -0.083147 0.219201 -0.048255 -0.068107 0.165362 0.108694 0.123870
-0.056508 -0.043188 -0.239191 0.224721 0.503471 0.345424 -0.039348 -0.128451 0.253101 0.481121 0.169367 0.092457 0.157706 -0.260152 0.357887 0.033131 -0.050116 -0.234224 -0.003573 -0.025900 0.490843 0.302361 0.302368 0.246472 0.670976 1.000000 0.485832 0.486936 0.094962 -0.116388 0.637177 0.281195 -0.182103 -0.036436 0.279323 0.314821 0.119859 -0.077266 0.374215 0.210142 0.147536 0.075809 -0.372351 -0.329656 -0.380740 -0.160109 -0.295497 -0.247562 -0.272778 -0.407039 0.081775 -0.305468 -0.287656 -0.165276 0.250090 -0.089228 -0.291119 0.023981 -0.247237 -0.156086 -0.550226 -0.311706 -0.206011 -0.296208 0.245543 -0.012189 -0.239946 0.159317 -0.353629 0.174042 -0.070417 0.205027 -0.244656 -0.048452 -0.052587 0.222655 0.064848 0.028377 0.170791 -0.012027 -0.100325 -0.065700 0.048327 0.159483 -0.153276 0.111180 0.061642 0.166303 0.149433 0.163401 -0.129038 -0.159749 0.150088 0.007890 -0.158462 0.390523 0.121275 0.068557 -0.367529 -0.301759 -0.041130 -0.169648 0.035724 -0.008879 0.027378 0.230239 0.133578 -0.036303 0.100746 0.068249 0.260381 -0.109748 -0.156902 0.023246 0.097872 0.154231
-0.059899 -0.311332 -0.183010 -0.012792 0.215978 0.607668 0.035970 -0.144592 0.373293 0.283079 0.278326 -0.155775 0.327285 -0.118603 0.562256 0.167152 -0.005405 -0.404552 -0.026845 -0.221284 0.407389 0.539092 0.111048 0.041617 0.271143 0.485832 1.000000 0.696094 0.091496 -0.246835 0.438072 0.336822 -0.344381 -0.048835 0.410249 0.364193 0.040065 -0.247782 0.197969 0.077890 0.218938 0.235552 -0.153156 -0.283079 -0.271514 -0.065025 -0.137344 -0.340603 -0.176898 -0.237425 -0.026846 -0.330244 -0.174511 -0.213826 0.216124 -0.164654 -0.146121 -0.043853 0.037927 -0.019809 -0.320806 -0.239135 -0.263818 -0.243913 0.154894 -0.044228 -0.061965 0.011302 -0.334473 -0.101605 -0.017519 0.237255 -0.203968 -0.191801 -0.075009 0.120147 0.001665 -0.084713 0.078669 -0.102814 0.053698 -0.260111 0.384336 0.148106 0.006548 -0.166473 -0.016593 0.072305 0.137557 -0.019335 -0.140805 -0.097004 -0.003934 -0.087760 -0.049230 0.186914 0.049467 0.013146 -0.173757 -0.063254 -0.088408 -0.155249 0.042980 0.100366 0.118563 0.208577 0.298996 0.054693 -0.000710 0.029313 0.072836 -0.063574 -0.192473 0.125758 0.165189 0.217790
0.072717 -0.341112 -0.162368 -0.109724 0.051706 0.756081 0.223480 -0.295684 0.035071 0.409207 0.228641 -0.212050 0.365908 -0.133639 0.367239 0.341087 0.056056 -0.259520 -0.021647 -0.135487 0.550730 0.592854 0.170459 0.005698 0.125288 0.486936 0.696094 1.000000 0.130410 -0.117915 0.440078 0.207570 -0.170024 -0.244285 0.315693 0.039855 0.148917 -0.090654 0.457872 0.182137 0.062028 0.103292 -0.146420 -0.243671 -0.237808 -0.196104 -0.082717 -0.243089 -0.080253 -0.158257 -0.119664 -0.206154 -0.197827 -0.125697 0.184398 -0.024397 -0.131505 -0.216811 -0.003614 -0.053035 -0.202615 -0.174587 -0.228551 -0.302686 0.079162 -0.127346 -0.195722 -0.165068 -0.279575 -0.176595 0.050988 0.149283 -0.076241 -0.220798 -0.144792 0.069335 0.160045 -0.081497 0.022298 -0.056190 0.093439 -0.228929 0.306504 0.301980 -0.155345 -0.135698 -0.080032 0.161224 -0.060452 -0.080411 -0.256028 -0.229858 -0.252547 -0.310066 0.215108 0.245927 0.174235 0.168907 -0.233094 -0.081369 -0.164809 -0.162588 0.136681 0.262022 0.255112 0.220908 0.344658 0.192991 0.276119 0.121139 0.004356 -0.111172 -0.207760 0.143694 0.197341 0.296459
0.030546 -0.239278 -0.100171 -0.246814 -0.427590 0.011805 -0.068345 -0.073660 -0.060154 -0.245775 0.382838 0.073079 0.149271 0.257184 0.274092 0.335146 0.544966 0.395371 0.224827 -0.043275 0.010793 0.236855 -0.110153 -0.256271 -0.115185 0.094962 0.091496 0.130410 1.000000 0.547070 0.259867 0.515298 0.304021 0.359805 0.141963 0.084516 0.323435 0.383016 -0.011890 -0.273261 0.648980 0.341240 0.078708 0.058239 -0.126216 -0.075642 -0.044829 0.013639 -0.166634 -0.084193 -0.226922 -0.304115 -0.422867 -0.126008 -0.481240 -0.063046 0.093290 0.004532 -0.282853 -0.524262 -0.007443 -0.218082 0.266641 0.175439 0.019056 -0.236173 -0.260353 -0.409648 -0.115414 -0.365368 0.034306 0.098469 0.758318 0.386501 0.553059 0.503784 0.451498 0.335878 0.551113 0.323346 0.536174 0.235746 0.429632 0.447073 0.189138 0.127585 -0.035528 0.131913 -0.237379 -0.487332 -0.304672 -0.297748 -0.420059 -0.515337 -0.197472 -0.002294 -0.196129 -0.289639 -0.176253 -0.131850 -0.532964 -0.420781 -0.425856 -0.228478 0.088272 0.239290 0.057709 -0.034391 -0.171701 -0.008089 -0.120007 0.053828 -0.074117 0.106879 0.318938 0.379818
0.000154 0.037111 -0.130303 -0.180382 -0.340305 -0.266217 -0.106585 -0.088106 -0.280288 -0.242935 0.065620 -0.001401 -0.085990 0.044592 -0.101065 0.329789 0.316924 0.529722 -0.003844 0.216276 -0.156130 0.081351 -0.157841 -0.086450 -0.162268 -0.116388 -0.246835 -0.117915 0.547070 1.000000 -0.142686 0.120642 0.246872 0.085565 -0.211018 -0.184730 0.365002 0.444050 0.018902 0.046382 0.244820 0.329670 -0.061356 -0.011781 -0.064915 -0.185919 0.045317 -0.030155 -0.178909 -0.045397 -0.336010 -0.157489 -0.234702 -0.036453 -0.423098 0.026700 0.102169 0.123597 -0.328892 -0.286699 0.045822 -0.083762 0.487777 0.284109 -0.207903 -0.174291 -0.289271 -0.483587 0.069288 -0.040490 -0.069038 0.013837 0.608436 0.451526 0.356080 0.195900 0.179473 0.190257 0.433519 0.453178 0.565406 0.510812 0.159911 0.399627 0.289523 0.325732 0.086097 0.258468 -0.197778 -0.111518 -0.309874 -0.329955 -0.397806 -0.434034 0.080121 0.183915 -0.027075 -0.069155 -0.144319 -0.164157 -0.444015 -0.245787 -0.293390 -0.043952 0.222439 0.265647 0.023259 0.050376 0.038657 0.112815 -0.126235 0.167377 0.055286 0.020939 0.274249 0.290829
0.031311 -0.204133 0.122041 0.152747 0.054880 0.315246 0.199780 -0.015297 0.225973 0.424983 0.479807 0.340783 0.390309 0.085231 0.452199 0.032505 0.125484 -0.087462 0.248014 -0.141551 0.571770 0.403790 0.465956 0.198109 0.302626 0.637177 0.438072 0.440078 0.259867 -0.142686 1.000000 0.596694 0.003179 0.190778 0.171976 0.367297 0.145038 -0.140965 0.174596 -0.137243 0.324730 0.001028 -0.229357 -0.124352 -0.209941 -0.027821 -0.217787 -0.054506 -0.126465 -0.193350 0.084406 -0.183099 -0.332361 -0.094908 0.004077 -0.067984 -0.328563 -0.269801 -0.195307 -0.356412 -0.303000 -0.264843 -0.233618 -0.359575 0.306658 -0.020944 -0.258083 0.021483 -0.329602 0.013539 0.094456 0.229615 0.021917 -0.001628 0.132583 0.419685 0.210764 0.012441 0.019289 -0.199557 -0.136830 -0.291132 0.218336 0.260582 -0.172970 -0.021674 0.067962 -0.031253 -0.087494 -0.042084 -0.210434 -0.338450 0.039291 -0.162757 -0.246357 0.170038 0.061747 0.037578 -0.311269 -0.301827 0.032579 -0.213204 0.038470 -0.269958 -0.089074 0.092923 0.054925 -0.252335 0.000350 0.043334 0.196411 -0.260674 -0.153448 -0.092936 0.014456 0.060567
0.062985 -0.269432 0.097592 0.096203 -0.333843 0.182347 0.205816 0.269159 0.286299 -0.001253 0.388806 0.391429 0.196589 0.444351 0.380797 0.339738 0.231774 0.088762 0.237849 -0.069888 0.240869 0.296942 0.259486 0.201104 -0.169365 0.281195 0.336822 0.207570 0.515298 0.120642 0.596694 1.000000 0.038451 0.613894 0.190148 0.364041 0.105589 0.053814 -0.021601 -0.316034 0.643915 0.288630 -0.198096 -0.209749 -0.317869 -0.187493 -0.349643 -0.188790 -0.408412 -0.287358 -0.181171 -0.451960 -0.403883 -0.259541 -0.448637 -0.173072 -0.039825 -0.162470 -0.290901 -0.528776 -0.262579 -0.252879 -0.029041 -0.083006 0.104607 -0.058319 -0.339789 -0.153389 -0.064425 -0.016520 0.228229 0.466663 0.298758 0.146812 0.494938 0.550176 0.418413 0.287274 0.303470 -0.052153 0.183694 -0.065402 0.412761 0.580785 -0.063934 -0.006185 -0.048440 0.105572 0.058572 -0.132226 -0.332313 -0.324313 -0.041262 -0.278906 -0.430152 0.134273 -0.319036 -0.186991 -0.431314 -0.416829 -0.249256 -0.430962 -0.356691 -0.387420 -0.078511 0.244731 -0.058695 -0.378670 -0.117932 0.078007 0.069668 -0.137957 -0.244984 -0.202310 0.110901 0.204246
0.171501 0.053488 0.245945 -0.348062 -0.445230 -0.172716 -0.083638 -0.308201 -0.194499 -0.348136 0.134076 -0.016090 0.158264 0.211064 -0.181988 -0.174192 0.496427 0.442706 0.194337 0.023880 -0.225528 -0.109614 -0.153331 -0.198204 -0.313415 -0.182103 -0.344381 -0.170024 0.304021 0.246872 0.003179 0.038451 1.000000 0.386827 -0.111130 -0.153701 0.230791 0.242062 -0.220615 -0.283246 -0.005685 -0.148601 0.320533 0.437016 0.425478 0.307714 0.202578 0.488431 0.330322 0.503245 0.065404 0.409415 0.208728 0.325933 -0.186312 0.199101 0.330080 -0.102967 -0.049486 -0.305666 0.374789 0.114931 0.432819 0.263344 -0.177142 -0.324402 0.075329 -0.091564 0.257274 -0.033091 0.090625 -0.222114 0.518645 0.121411 0.226625 -0.019502 0.253482 -0.010880 0.148238 0.382242 0.227454 0.191019 -0.065691 -0.198652 0.093893 -0.061643 -0.003427 -0.257843 -0.386585 -0.337400 -0.009380 -0.125663 -0.529583 -0.363665 -0.082021 -0.288781 -0.041909 -0.003838 0.089093 0.146641 -0.410081 -0.158644 -0.444499 -0.273411 -0.321715 -0.253194 -0.249534 -0.119599 -0.155610 -0.035677 -0.155715 -0.087546 0.147812 -0.270203 -0.272208 -0.212358
-0.024908 -0.106365 0.117513 -0.062918 -0.328894 -0.092980 0.054044 0.300431 0.290936 -0.248472 0.322761 0.253944 0.125899 0.378974 0.093248 0.099327 0.246942 0.192203 0.145752 -0.030223 -0.139691 0.013519 -0.069969 -0.132432 -0.235986 -0.036436 -0.048835 -0.244285 0.359805 0.085565 0.190778 0.613894 0.386827 1.000000 0.050927 0.188875 -0.017172 0.087665 -0.305461 -0.517285 0.332923 0.102647 -0.003897 -0.079656 0.075714 0.144154 -0.309641 -0.001669 -0.180264 0.024342 -0.038967 -0.209888 -0.207108 -0.189132 -0.404513 -0.323342 0.187016 0.036944 -0.058402 -0.301003 0.098200 -0.000157 0.170587 0.233148 0.169749 0.106153 0.017095 0.203658 0.029353 -0.046849 0.221289 0.206482 0.372468 0.248465 0.539951 0.259857 0.419812 0.264902 0.224951 0.020937 0.129790 -0.076290 0.178992 0.190738 0.097474 -0.018677 0.006322 -0.195614 -0.030253 -0.283877 -0.175614 -0.130681 -0.063368 -0.207832 -0.405733 -0.232231 -0.436551 -0.253827 -0.291520 -0.220926 -0.168896 -0.252367 -0.417201 -0.435535 -0.324691 -0.098554 -0.227665 -0.351793 -0.335562 -0.150343 0.015208 -0.098534 -0.151908 -0.361577 -0.159647 -0.130274
-0.312569 -0.505396 -0.287756 -0.256339 0.151760 0.314580 -0.130246 -0.241573 0.150532 -0.088230 0.121237 -0.177978 0.083904 -0.196031 0.202871 -0.132588 0.082355 -0.279156 -0.148525 -0.434252 0.180715 0.227931 -0.093198 0.044902 0.151183 0.279323 0.410249 0.315693 0.141963 -0.211018 0.171976 0.190148 -0.111130 0.050927 1.000000 0.412033 -0.018905 0.093200 0.214529 0.052121 0.263231 0.146529 0.067920 0.077860 -0.025214 0.165437 -0.044412 0.072526 -0.038336 0.008957 0.268125 -0.096141 -0.216929 -0.075234 -0.002648 0.157639 -0.188591 -0.084602 -0.019702 -0.094378 -0.198187 -0.129096 -0.033645 -0.101717 0.309949 -0.166525 0.126574 0.219971 -0.248168 -0.175317 0.201446 0.217820 -0.018651 -0.048846 0.043626 0.060979 0.319185 0.118388 0.150916 0.116322 0.049489 -0.112581 0.117912 -0.051911 -0.076359 0.031466 -0.223330 -0.027452 -0.047493 -0.169725 -0.025219 0.241504 0.047534 -0.070536 -0.266867 0.038414 -0.009397 -0.004960 -0.049861 0.119013 -0.102033 -0.259577 -0.110938 0.115605 0.107002 0.211555 -0.070913 -0.213524 -0.162462 0.080429 0.333924 0.216740 -0.093208 0.072760 0.103831 0.050807
-0.255094 -0.311422 -0.158207 -0.085510 0.186574 0.162261 -0.218945 -0.058199 0.284840 -0.112716 0.158955 -0.025331 0.001388 -0.079053 0.269165 -0.199043 0.042944 -0.179710 0.070077 -0.311773 0.211680 0.021373 -0.014829 -0.030000 0.316538 0.314821 0.364193 0.039855 0.084516 -0.184730 0.367297 0.364041 -0.153701 0.188875 0.412033 1.000000 0.050123 0.005833 -0.093172 -0.055351 0.441436 0.130839 0.080448 0.073484 -0.094014 0.266879 0.077753 0.130043 -0.091474 -0.173931 0.216859 -0.226556 -0.051540 0.028925 0.104530 0.103804 -0.247251 -0.077092 -0.196906 -0.197055 -0.410313 -0.274469 -0.210999 -0.213100 0.049470 -0.095915 0.024768 0.385988 -0.232009 0.033250 0.150468 0.132863 -0.114338 -0.092546 0.160129 0.064889 0.149067 0.187236 0.071984 -0.153857 -0.165860 -0.190235 0.133984 0.051743 -0.097945 -0.045245 -0.098498 -0.265765 -0.065488 -0.175963 0.128689 0.184552 0.006915 -0.045582 -0.336139 -0.011376 0.079448 -0.123305 0.061599 0.037468 -0.046102 -0.308732 -0.030119 -0.102798 0.066119 0.288671 0.123610 -0.220262 -0.139312 0.182679 0.363924 0.200046 -0.082535 -0.025894 0.182543 0.146601
