1.000000 0.767951 0.093776 -0.066529 -0.575714 -0.495176 0.324917 0.086828 -0.458931 -0.428957 0.338347 0.232087 0.579707 0.392166 -0.062079 -0.259682 0.454062 -0.041276 0.451482 0.498279 -0.326221 -0.568114 0.013960 -0.198751 -0.622379 -0.635128 -0.613161 -0.419565 0.035962 -0.229410 -0.299351 -0.434410 0.188607 0.019570 -0.102415 -0.333037 -0.149138 -0.169306 0.003552 0.045042 -0.293251 -0.466324 -0.444116 -0.360768 -0.471701 -0.555592 -0.231432 -0.243836 -0.143481 -0.306937 -0.139107 0.073117 0.392386 -0.000574 0.334517 -0.098655 0.340102 0.153909 0.519227 0.338511 0.654082 0.642195 0.355596 0.306098 -0.234738 0.247734 0.102134 -0.362697 0.403820 0.410962 0.031357 -0.280811 0.251698 -0.171596 -0.041874 0.123045 0.347883 0.091512 -0.409203 -0.247684 -0.128723 -0.138589 -0.190638 -0.311084 -0.160468 -0.439503 -0.051472 0.619963 -0.050276 0.316214 -0.129744 0.097657 -0.087277 0.304108 0.012397 -0.012718 0.273921 -0.136209 -0.040531 0.448960 0.362036 0.479050 0.333589 0.381184 -0.016269 -0.027089 0.160319 0.365349 -0.057546 0.291163 -0.114833 -0.308712 0.179086 -0.263218 0.014039 -0.211943
0.767951 1.000000 -0.056316 -0.185865 -0.447079 -0.414607 0.205983 0.074600 -0.393183 -0.317342 0.219019 0.230692 0.529095 0.458369 -0.013305 -0.114872 0.357543 0.065560 0.440300 0.433748 -0.414061 -0.469826 -0.210618 -0.341603 -0.625412 -0.656408 -0.499978 -0.365241 0.138643 -0.108103 -0.344629 -0.502167 0.274250 0.016848 -0.223122 -0.369612 -0.051995 -0.247074 0.005081 0.066167 -0.140379 -0.238794 -0.457684 -0.407597 -0.429064 -0.474458 -0.361414 -0.319515 -0.094294 -0.206593 -0.127500 0.114751 0.303910 -0.195920 0.278862 -0.153283 0.114110 0.209346 0.580252 0.573679 0.523702 0.814200 0.397146 0.395329 -0.269222 0.303331 0.151361 -0.326681 0.417960 0.574174 -0.037378 -0.156106 0.257959 -0.111390 -0.041376 0.189550 0.227626 0.027641 -0.243527 -0.266380 -0.033390 -0.015271 0.055607 -0.076970 -0.094566 -0.384058 -0.107683 0.402794 -0.059739 0.196302 -0.222979 -0.035142 -0.151073 0.083105 -0.010385 0.014802 0.116741 -0.166553 -0.113469 0.091145 0.355137 0.338094 0.317216 0.249175 -0.090475 -0.166897 0.119031 0.156644 -0.133843 0.156632 -0.323676 -0.206666 -0.009640 -0.343134 -0.067758 -0.218724
0.093776 -0.056316 1.000000 0.084620 0.063449 -0.064288 0.432433 0.298345 0.049987 0.060320 0.359010 -0.038385 -0.000112 -0.101968 0.244429 -0.178364 -0.286969 -0.435327 0.053586 -0.338824 0.126247 0.064343 0.701153 0.107926 0.364795 0.315901 0.034090 0.019753 -0.351975 -0.159427 0.134903 0.107575 -0.403193 -0.033532 0.492925 0.442851 -0.214726 -0.157741 0.131278 0.028651 -0.416157 -0.323296 0.095673 -0.031445 0.024005 -0.082147 -0.068987 -0.200893 0.171864 -0.181729 0.361574 0.136061 0.158703 -0.114379 0.001309 -0.001001 -0.205981 -0.076618 -0.086983 -0.126498 0.108581 0.055089 -0.389868 -0.310015 0.572327 0.308091 0.221111 0.102979 -0.388468 -0.049226 -0.176214 -0.098229 -0.190849 -0.260723 -0.298682 -0.160813 -0.185785 -0.032857 -0.426206 -0.211431 -0.492906 -0.459910 -0.115329 -0.465544 0.261618 -0.198664 -0.152395 -0.019192 0.299372 -0.056441 0.005284 0.119637 0.073317 0.300832 0.159983 0.017363 0.111714 -0.491349 -0.154836 -0.153532 -0.001715 0.055490 -0.071891 -0.030824 -0.058732 0.099274 -0.044099 0.093817 -0.176708 -0.118432 0.254228 -0.361693 -0.137713 0.032729 -0.032908 -0.452266
-0.066529 -0.185865 0.084620 1.000000 -0.473763 -0.344908 0.260901 0.708206 -0.439916 -0.298571 0.026098 0.516000 -0.003218 0.148900 -0.195477 0.024941 -0.096827 -0.080265 0.218777 -0.134229 -0.318247 -0.159801 0.352421 0.455939 -0.100646 0.292122 -0.355414 0.219820 -0.120891 0.118451 0.093948 0.509883 -0.091602 -0.114910 0.034306 -0.016806 -0.006278 0.156024 0.022472 0.136274 -0.023600 -0.051319 -0.015385 -0.000715 -0.207883 -0.143188 -0.120967 -0.107627 -0.372310 -0.307848 -0.192241 -0.335717 -0.428049 -0.250544 0.169072 0.021145 0.084522 -0.377334 -0.502751 -0.509313 -0.260171 -0.280055 -0.252868 -0.336739 0.222715 0.244465 -0.263419 0.201636 0.062842 -0.187342 -0.382962 0.274652 -0.109880 0.058623 0.240989 0.106068 0.087643 0.244589 -0.092985 0.104145 0.046659 -0.252438 0.153825 0.252491 0.348206 0.462565 0.269967 0.359287 0.122261 0.170809 0.036585 -0.378004 0.405608 -0.136741 -0.229615 -0.083230 -0.180354 0.024804 -0.334357 -0.200727 0.254604 -0.237768 -0.033589 -0.278614 -0.244652 -0.237897 -0.110394 -0.183845 -0.081163 -0.089990 -0.054037 -0.294985 0.169011 0.110147 -0.122140 -0.072750
-0.575714 -0.447079 0.063449 -0.473763 1.000000 0.893411 -0.438490 -0.354064 0.917203 0.859936 -0.052101 -0.335545 -0.417231 -0.377839 0.522701 0.438693 -0.480066 -0.248639 -0.599917 -0.507274 0.549805 0.651769 -0.170860 -0.053024 0.621357 0.323742 0.918114 0.315590 -0.203780 -0.191148 -0.103702 -0.145083 -0.322606 -0.285214 0.057628 0.162617 0.088939 0.009068 0.245987 0.112417 0.094192 0.323016 0.231623 0.049681 0.346505 0.311119 0.096765 0.012078 0.519515 0.342703 0.466976 0.255555 0.143251 0.181248 -0.234503 0.310487 -0.279791 -0.210095 0.006515 0.026443 -0.285738 -0.252205 -0.432549 -0.317429 0.232535 -0.009449 0.084498 0.127916 -0.362501 -0.151134 0.103892 -0.033263 -0.510165 -0.213378 -0.388814 -0.450597 -0.536879 -0.493140 0.148360 -0.169381 -0.284825 -0.141380 0.017454 0.200985 -0.064148 0.205357 -0.134539 -0.660961 0.227922 0.031196 0.334943 0.433790 0.057181 -0.097260 0.078327 0.039257 -0.119492 0.018261 0.195809 -0.120648 -0.487542 -0.137062 -0.424956 -0.156800 0.125702 0.313385 -0.255341 -0.186536 -0.161130 -0.288575 -0.045483 0.400774 -0.070987 0.216376 0.179295 0.194460
-0.495176 -0.414607 -0.064288 -0.344908 0.893411 1.000000 -0.555825 -0.268632 0.887396 0.882708 -0.101959 -0.225214 -0.474463 -0.365489 0.450040 0.436714 -0.427465 -0.302342 -0.634846 -0.498345 0.451443 0.598659 -0.209559 -0.087221 0.558078 0.319037 0.894132 0.461844 -0.391545 -0.370748 -0.277824 -0.216488 -0.329927 -0.387573 0.107575 0.095073 0.147635 0.087138 0.340834 0.281347 0.160965 0.286742 0.163079 -0.049630 0.208640 0.214808 0.082252 0.021564 0.458057 0.258963 0.404521 0.191072 0.079918 0.218199 -0.098794 0.471306 -0.024368 -0.258878 -0.012687 -0.044465 -0.263497 -0.222427 -0.477343 -0.317721 0.156441 0.092682 0.025352 0.182026 -0.225336 -0.176913 0.015866 -0.081602 -0.621055 -0.305727 -0.389881 -0.522588 -0.481897 -0.429492 0.149956 -0.151865 -0.210656 -0.212462 -0.059282 0.196152 -0.058556 0.308472 -0.020875 -0.485393 0.275430 0.207776 0.397382 0.382966 0.204137 -0.213129 0.101350 0.022717 -0.082221 0.119177 0.213389 -0.044878 -0.479710 -0.210132 -0.488597 -0.188648 0.058148 0.302043 -0.348582 -0.216209 -0.076360 -0.129159 0.005640 0.407948 -0.051163 0.149997 0.312834 0.245795
0.324917 0.205983 0.432433 0.260901 -0.438490 -0.555825 1.000000 0.557291 -0.467697 -0.463064 0.127811 0.195146 0.565285 0.324639 -0.298567 -0.269623 0.189600 0.002922 0.663456 0.243083 -0.154165 -0.332253 0.186454 -0.180336 -0.299087 -0.225084 -0.598717 -0.579682 0.233665 0.168995 0.235232 0.093294 0.246060 0.325622 -0.155768 -0.206336 -0.615740 -0.539337 -0.526224 -0.241959 -0.496411 -0.453337 0.009355 0.188995 0.134777 0.021725 0.061736 -0.027428 -0.161335 0.133378 -0.231029 -0.063041 -0.164993 -0.307281 -0.202231 -0.360828 -0.257730 0.066299 0.005180 0.056822 0.248096 0.152018 0.239544 0.031616 0.282619 0.129418 -0.117647 -0.224145 -0.099597 -0.072635 -0.046528 -0.122248 0.174653 -0.068156 -0.087119 -0.025013 0.025655 -0.145932 -0.401549 -0.125626 -0.099884 0.022929 -0.151467 -0.218924 -0.142178 -0.362038 -0.188297 0.101535 -0.327737 -0.089768 -0.257339 0.100490 -0.223061 0.327546 -0.434966 -0.320393 -0.090252 -0.426197 0.109997 0.156817 0.318326 0.426825 0.519903 0.300977 0.130288 -0.027937 0.204324 0.112919 -0.300402 -0.202781 -0.244377 -0.154270 0.118964 0.315210 -0.117519 -0.395980
0.086828 0.074600 0.298345 0.708206 -0.354064 -0.268632 0.557291 1.000000 -0.359395 -0.176061 0.231399 0.597874 0.231774 0.353232 -0.133685 0.096502 -0.179724 -0.362869 0.373653 -0.232893 -0.247835 -0.206543 0.178100 0.013152 -0.233987 0.068630 -0.358275 0.068083 -0.190751 0.038219 -0.062806 0.222245 0.055904 -0.086616 -0.014468 -0.168584 -0.217738 -0.172819 -0.189552 0.011582 -0.259945 -0.161730 -0.181177 -0.156958 -0.186470 -0.165999 -0.225063 -0.285405 -0.179048 -0.140375 -0.108750 -0.114520 -0.316856 -0.373766 0.001269 -0.089727 -0.165557 -0.407316 -0.247665 -0.127290 -0.113374 0.000875 -0.259852 -0.290059 0.389779 0.592177 -0.050217 0.282458 0.026389 -0.022052 -0.416437 0.087167 -0.220345 -0.058664 0.019492 -0.091362 -0.086417 -0.032333 -0.363195 -0.240200 -0.171055 -0.402752 0.122295 0.051549 0.335161 0.322958 0.174179 0.116247 0.127048 0.142729 -0.123948 -0.246331 0.234361 -0.026877 -0.299532 -0.181523 -0.136587 -0.107033 -0.263207 -0.167619 0.382182 -0.067559 0.054666 -0.178062 -0.203630 -0.216743 -0.024009 -0.300986 -0.382060 -0.234593 -0.312469 -0.391929 -0.088383 0.117541 -0.036108 -0.297815
-0.458931 -0.393183 0.049987 -0.439916 0.917203 0.887396 -0.467697 -0.359395 1.000000 0.931438 -0.041350 -0.249693 -0.387776 -0.355962 0.608605 0.494926 -0.392414 -0.230624 -0.541143 -0.432948 0.491218 0.585022 -0.135175 -0.073081 0.557480 0.304882 0.871113 0.410096 -0.240822 -0.209072 -0.171817 -0.167474 -0.368112 -0.320974 0.069914 0.156023 0.130406 0.050947 0.294158 0.154206 0.166593 0.274311 0.140541 -0.030362 0.240831 0.234415 0.057519 0.022130 0.460280 0.250850 0.379936 0.151971 0.155586 0.098136 -0.209674 0.282439 -0.145990 -0.216063 0.012258 -0.029851 -0.172654 -0.228988 -0.458602 -0.358639 0.236088 0.056262 0.063043 0.058953 -0.268616 -0.111642 0.010355 -0.065339 -0.494761 -0.244063 -0.379810 -0.420905 -0.377546 -0.432178 0.049080 -0.169373 -0.300769 -0.136416 0.057012 0.260763 -0.066140 0.220130 -0.040843 -0.551653 0.364976 0.088478 0.290519 0.438299 0.097368 -0.158709 0.114081 0.081400 -0.116501 0.047789 0.139764 -0.080350 -0.425367 -0.169455 -0.541968 -0.177724 -0.018005 0.257221 -0.446074 -0.234898 -0.173368 -0.176007 0.006010 0.342263 -0.121741 0.162657 0.241610 0.131507
-0.428957 -0.317342 0.060320 -0.298571 0.859936 0.882708 -0.463064 -0.176061 0.931438 1.000000 0.089356 -0.061556 -0.367291 -0.257158 0.654383 0.619575 -0.458590 -0.301854 -0.528496 -0.493894 0.394344 0.538247 -0.123107 -0.013742 0.482716 0.335725 0.845075 0.515870 -0.311424 -0.210951 -0.260895 -0.146525 -0.388777 -0.434294 0.073107 0.116961 0.166384 0.032966 0.298876 0.187684 0.156158 0.298408 0.088990 -0.123503 0.168244 0.180611 -0.054824 -0.080160 0.434742 0.206374 0.412787 0.116573 0.083174 0.027972 -0.143291 0.288724 -0.123740 -0.333856 -0.049767 -0.106791 -0.269779 -0.216976 -0.560979 -0.448519 0.316028 0.224563 0.034543 0.100508 -0.228272 -0.043539 -0.114296 -0.038083 -0.587266 -0.218625 -0.331096 -0.393041 -0.358047 -0.419421 0.035008 -0.222430 -0.334585 -0.264226 0.147001 0.333591 0.066719 0.375965 -0.045932 -0.538136 0.456476 0.197373 0.274044 0.356793 0.274780 -0.234416 0.039254 0.049032 -0.157149 0.052632 0.025240 -0.181715 -0.315873 -0.240761 -0.618808 -0.303517 -0.169239 0.165009 -0.494272 -0.364095 -0.247956 -0.173666 -0.080930 0.237796 -0.192424 0.106524 0.230376 0.128395
0.338347 0.219019 0.359010 0.026098 -0.052101 -0.101959 0.127811 0.231399 -0.041350 0.089356 1.000000 0.537896 0.457344 0.449530 0.499035 0.297470 -0.035759 -0.275684 -0.125652 -0.209253 -0.107882 -0.197760 0.289168 0.198442 -0.108065 -0.095866 -0.043526 0.055390 -0.109768 -0.166216 -0.143034 -0.068732 -0.342950 -0.314415 0.041765 0.184332 -0.084891 -0.100270 -0.042772 -0.183545 -0.313114 -0.161123 -0.117368 -0.193626 -0.256616 -0.242975 -0.191105 -0.216618 0.110666 -0.238909 0.314181 0.091162 0.201168 0.000504 -0.057427 -0.215408 -0.077169 -0.291036 0.126699 -0.107329 0.113892 0.156533 -0.321054 -0.286236 0.367273 0.512232 -0.122467 -0.062253 -0.061160 0.075595 -0.052158 -0.023010 -0.097120 -0.078113 -0.059295 0.110892 0.038052 0.061321 -0.182295 -0.280505 -0.086539 -0.322611 0.252793 -0.080113 0.414797 0.013721 0.027114 0.142816 0.240836 0.046734 -0.087573 0.016696 0.233489 0.290694 0.109831 0.164084 -0.288089 -0.257612 -0.452146 0.001720 0.181128 0.041216 -0.137359 -0.128275 -0.272229 -0.019681 0.001052 -0.152602 -0.076627 -0.034121 -0.206764 -0.429943 -0.064034 -0.167272 -0.198147 -0.021199
0.232087 0.230692 -0.038385 0.516000 -0.335545 -0.225214 0.195146 0.597874 -0.249693 -0.061556 0.537896 1.000000 0.493656 0.755702 0.244650 0.489133 0.007426 -0.146664 0.119474 -0.097162 -0.384795 -0.260798 0.002618 0.181379 -0.329167 -0.066538 -0.291996 0.112847 -0.033570 0.104130 -0.169977 0.094960 -0.024866 -0.209167 -0.109952 -0.150110 0.003000 0.023380 -0.075873 0.081904 -0.124787 -0.118734 -0.166938 -0.126554 -0.272457 -0.156468 -0.282999 -0.197422 -0.207130 -0.191730 -0.178682 -0.250795 -0.267637 -0.385837 0.075693 -0.107439 0.023731 -0.477798 -0.145718 -0.250446 -0.040036 0.034192 -0.240805 -0.312921 0.199857 0.581429 -0.360074 -0.058574 0.187333 -0.000436 -0.385835 0.094642 -0.102339 -0.027888 0.066631 0.181297 0.142542 0.102948 -0.199793 -0.153781 0.033947 -0.286376 0.341391 0.349130 0.292970 0.318003 0.143297 0.211262 0.131351 0.144739 -0.003243 -0.128030 0.421676 -0.105095 -0.186181 0.133862 -0.297364 0.139723 -0.526883 -0.202886 0.500427 -0.087171 -0.194386 -0.341336 -0.452851 -0.359297 -0.211787 -0.353420 -0.179683 0.014075 -0.344827 -0.314737 0.001869 -0.167730 -0.176787 -0.006950
0.579707 0.529095 -0.000112 -0.003218 -0.417231 -0.474463 0.565285 0.231774 -0.387776 -0.367291 0.457344 0.493656 1.000000 0.739233 0.092996 0.027465 0.464980 0.118174 0.402010 0.285051 -0.299985 -0.380023 -0.103856 -0.118247 -0.604934 -0.591906 -0.556810 -0.532550 0.416793 0.019579 -0.074810 -0.264277 0.188937 0.046194 -0.432091 -0.330802 -0.290180 -0.341800 -0.359843 -0.077465 -0.272210 -0.284849 -0.169833 -0.033643 -0.221568 -0.280845 -0.078898 -0.092567 -0.090064 -0.058323 -0.120453 0.067685 0.204546 -0.077703 0.015070 -0.270812 -0.104756 -0.099064 0.310595 0.214883 0.497945 0.467042 0.374482 0.167264 -0.069780 0.283204 -0.280106 -0.508212 0.188377 0.087235 -0.037204 -0.105508 0.246325 -0.121103 -0.105161 0.150217 0.174859 -0.047309 -0.192869 -0.183619 0.152766 0.074597 0.072300 -0.020049 -0.165838 -0.342767 -0.110860 0.279197 -0.342656 0.118649 -0.107993 0.104965 -0.205284 0.219626 -0.292719 -0.054853 -0.271437 -0.312532 -0.079945 0.187211 0.292760 0.465106 0.298699 0.271026 -0.104930 -0.144337 0.032009 -0.017921 -0.241580 -0.091075 -0.498190 -0.120128 0.138277 -0.060839 -0.218386 -0.096528
0.392166 0.458369 -0.101968 0.148900 -0.377839 -0.365489 0.324639 0.353232 -0.355962 -0.257158 0.449530 0.755702 0.739233 1.000000 0.115627 0.362204 0.214043 0.053328 0.317745 0.182299 -0.294267 -0.288557 -0.160567 -0.114784 -0.416970 -0.321280 -0.409894 -0.224315 0.225839 0.210051 -0.065421 -0.089547 0.186462 0.006089 -0.286500 -0.258243 -0.066450 -0.126987 -0.224658 -0.036064 -0.157570 -0.252573 -0.152500 -0.011054 -0.200455 -0.150893 -0.137611 -0.138937 -0.112538 -0.051938 -0.262349 -0.096683 -0.026074 -0.317443 0.091958 -0.204059 0.021874 -0.216038 0.099979 0.049761 0.230152 0.344553 0.092483 0.011309 -0.112420 0.430547 -0.378511 -0.373372 0.178467 0.050692 -0.143824 -0.051449 0.176610 0.056110 0.056035 0.223718 0.172155 0.118894 -0.158491 -0.116077 0.128780 -0.082376 0.262704 0.211764 0.055235 -0.081395 0.004500 0.218460 -0.114985 0.071576 -0.049454 -0.110203 -0.031098 -0.156313 -0.185777 0.088964 -0.195215 -0.012858 -0.275137 -0.106846 0.470336 0.112420 0.017904 -0.196068 -0.333023 -0.429139 -0.039707 -0.244799 -0.141004 -0.040692 -0.430952 -0.250436 -0.056037 -0.185312 -0.248966 -0.028022
-0.062079 -0.013305 0.244429 -0.195477 0.522701 0.450040 -0.298567 -0.133685 0.608605 0.654383 0.499035 0.244650 0.092996 0.115627 1.000000 0.617164 -0.250156 -0.241172 -0.476356 -0.512202 0.147848 0.383510 0.218999 0.232448 0.259075 0.178920 0.523029 0.453663 -0.077500 -0.110427 -0.189469 -0.103237 -0.571744 -0.504879 0.059752 0.210853 0.304392 0.206070 0.357918 0.158676 0.144407 0.174377 -0.075466 -0.264982 -0.271919 -0.227990 -0.301900 -0.168063 0.179647 -0.284592 0.394351 0.066958 0.313841 -0.038626 0.007624 0.086172 -0.139370 -0.415664 -0.033799 -0.131458 -0.009261 0.057600 -0.532232 -0.397785 0.364821 0.327031 -0.100548 -0.092347 -0.225452 0.070251 -0.245088 0.115335 -0.343498 -0.265209 -0.305248 -0.050893 -0.221164 -0.181813 -0.071083 -0.124551 -0.280251 -0.282751 0.458409 0.278221 0.373723 0.246190 -0.035861 -0.227065 0.521766 0.133612 0.218455 0.291964 0.227308 -0.020626 0.093162 0.297220 -0.193341 -0.130338 -0.335452 -0.159461 -0.213205 -0.134970 -0.640602 -0.266166 -0.384288 0.000560 -0.472169 -0.226005 -0.216246 -0.135921 -0.072079 0.002902 -0.128936 -0.066107 -0.047562 -0.000446
-0.259682 -0.114872 -0.178364 0.024941 0.438693 0.436714 -0.269623 0.096502 0.494926 0.619575 0.297470 0.489133 0.027465 0.362204 0.617164 1.000000 -0.361594 -0.168215 -0.318095 -0.351405 0.175680 0.358538 -0.223919 0.162622 0.109781 0.173147 0.474359 0.433334 0.050368 0.248830 -0.093839 0.097209 -0.126675 -0.358785 -0.264863 -0.120842 0.225925 0.110071 0.046361 -0.046496 0.145126 0.251292 -0.035107 -0.106517 -0.056392 0.063373 -0.238214 -0.213663 0.094281 0.047863 0.071264 -0.108344 -0.120149 -0.284589 -0.131889 -0.021611 -0.152385 -0.502629 -0.254654 -0.222801 -0.318479 -0.187140 -0.466893 -0.415445 0.211167 0.330679 -0.304165 0.008735 -0.162054 -0.098001 -0.192661 0.218067 -0.293609 0.058725 -0.005579 0.045191 -0.194399 -0.259608 0.027727 -0.116051 -0.094852 -0.204364 0.462861 0.657142 0.303557 0.521085 0.016937 -0.340045 0.417181 0.114432 0.014360 0.125052 0.282960 -0.324300 -0.121389 0.113471 -0.324463 0.162448 -0.359808 -0.291444 0.102761 -0.282699 -0.523244 -0.445515 -0.361324 -0.181056 -0.327051 -0.491392 -0.176695 -0.224612 -0.379696 0.036794 -0.093525 0.032045 -0.080413 0.180668
0.454062 0.357543 -0.286969 -0.096827 -0.480066 -0.427465 0.189600 -0.179724 -0.392414 -0.458590 -0.035759 0.007426 0.464980 0.214043 -0.250156 -0.361594 1.000000 0.655469 0.351768 0.584621 -0.357530 -0.448811 -0.109020 -0.208204 -0.401455 -0.457541 -0.515494 -0.443900 0.444740 0.024062 0.002058 -0.158827 0.247320 0.209139 -0.315762 -0.346699 0.056441 0.031371 -0.001881 0.072694 0.151513 -0.034090 -0.096946 -0.015117 -0.238481 -0.244841 0.149147 0.172309 -0.454082 -0.173083 -0.563588 -0.303461 -0.006148 0.127117 0.185808 -0.140211 0.326664 0.432136 0.136067 0.045638 0.499663 0.280250 0.779314 0.619478 -0.333182 -0.262796 -0.303858 -0.593695 0.352123 0.186929 -0.023069 -0.195460 0.538197 0.054114 0.112269 0.244862 0.486032 0.285825 0.200652 0.281883 0.514313 0.587479 -0.009566 -0.110780 -0.336472 -0.358003 0.075382 0.317303 -0.333777 -0.018002 -0.146985 -0.087685 -0.399159 0.049063 -0.015329 0.178315 0.047718 0.026818 0.350548 0.391908 -0.015919 0.333869 0.211957 0.297252 -0.110755 -0.221431 -0.080763 0.236576 0.166939 0.350593 -0.065938 0.071714 0.131329 -0.087726 -0.246058 0.087247
-0.041276 0.065560 -0.435327 -0.080265 -0.248639 -0.302342 0.002922 -0.362869 -0.230624 -0.301854 -0.275684 -0.146664 0.118174 0.053328 -0.241172 -0.168215 0.655469 1.000000 0.118833 0.491643 -0.324873 -0.255623 -0.166861 -0.004460 -0.126885 -0.178254 -0.271591 -0.261976 0.555861 0.411355 0.150654 0.019496 0.186988 0.106124 -0.372557 -0.205691 0.152661 0.069112 -0.118884 -0.157677 0.230610 0.211974 0.256125 0.374043 0.163649 0.187477 0.338023 0.405604 -0.373062 0.096405 -0.544331 -0.325563 -0.203122 0.086256 0.018369 -0.202284 0.208615 0.527501 -0.136947 -0.151423 0.003901 -0.083419 0.600763 0.439216 -0.382534 -0.602223 -0.457320 -0.523909 0.311327 -0.013554 0.046150 -0.024128 0.560395 0.350169 0.308741 0.360354 0.399777 0.252530 0.522353 0.606283 0.668977 0.822778 0.202101 0.193254 -0.282081 -0.228136 0.019256 0.054753 -0.283601 -0.321654 -0.155083 -0.213022 -0.406563 -0.132324 -0.104770 0.119730 -0.060258 0.096781 0.300664 0.053509 -0.087231 0.121789 0.186763 0.089325 -0.066607 -0.306790 -0.031322 0.055593 0.289787 0.156742 0.001287 0.215194 0.103747 0.015746 -0.278791 0.268497
0.451482 0.440300 0.053586 0.218777 -0.599917 -0.634846 0.663456 0.373653 -0.541143 -0.528496 -0.125652 0.119474 0.402010 0.317745 -0.476356 -0.318095 0.351768 0.118833 1.000000 0.536237 -0.151285 -0.456872 -0.111401 -0.322974 -0.513037 -0.348025 -0.685615 -0.501669 0.337475 0.200267 0.225409 0.075139 0.474212 0.445396 -0.187975 -0.363345 -0.373111 -0.413704 -0.375588 -0.152625 -0.190938 -0.429330 -0.329658 -0.122660 -0.082852 -0.146669 -0.219997 -0.242772 -0.314566 -0.007662 -0.425090 -0.239411 -0.162400 -0.414459 -0.021445 -0.359292 -0.124831 0.150111 0.096075 0.262506 0.358806 0.344889 0.480788 0.295416 0.019483 0.086170 0.082805 -0.240878 0.181271 0.234071 0.059017 -0.086033 0.422935 0.137779 0.165922 0.189618 0.314245 0.072513 -0.322859 -0.218606 -0.104561 0.087574 -0.135493 -0.098873 -0.264434 -0.288879 -0.186113 0.254402 -0.379986 0.036574 -0.344039 -0.095638 -0.175187 0.092534 -0.292644 -0.203994 0.109211 -0.015269 0.105991 0.168625 0.453362 0.340007 0.429665 0.228692 0.049939 -0.179393 0.164487 0.141234 -0.167035 0.137806 -0.211089 -0.187677 -0.018213 0.041940 -0.095780 -0.317215
0.498279 0.433748 -0.338824 -0.134229 -0.507274 -0.498345 0.243083 -0.232893 -0.432948 -0.493894 -0.209253 -0.097162 0.285051 0.182299 -0.512202 -0.351405 0.584621 0.491643 0.536237 1.000000 -0.312859 -0.577412 -0.304350 -0.265410 -0.565786 -0.587278 -0.587242 -0.585008 0.268162 0.139955 -0.003322 -0.206410 0.494128 0.507682 -0.312785 -0.365038 -0.251890 -0.275436 -0.251305 -0.179987 -0.119966 -0.269944 -0.129635 0.060786 0.076041 -0.011089 0.172793 0.150353 -0.143567 0.197689 -0.509832 -0.135444 -0.037349 0.029081 0.019543 -0.257307 0.267788 0.545213 0.344517 0.262345 0.317104 0.224010 0.622833 0.446652 -0.464630 -0.263673 -0.107487 -0.447713 0.469494 0.248341 0.209655 -0.284508 0.508178 0.217896 0.177250 0.199150 0.457630 0.116287 0.014365 0.097545 0.292531 0.398232 -0.244860 -0.076213 -0.546240 -0.557377 -0.042990 0.366941 -0.434279 -0.023175 -0.069328 0.079633 -0.281099 0.092876 -0.194086 -0.124905 0.157933 0.048031 0.369327 0.448856 0.330127 0.425301 0.535863 0.354261 0.106416 -0.079921 0.277855 0.279848 0.083415 0.288011 -0.052825 0.072625 0.219089 -0.021372 -0.047895 0.103943
-0.326221 -0.414061 0.126247 -0.318247 0.549805 0.451443 -0.154165 -0.247835 0.491218 0.394344 -0.107882 -0.384795 -0.299985 -0.294267 0.147848 0.175680 -0.357530 -0.324873 -0.151285 -0.312859 1.000000 0.664640 -0.096122 -0.005614 0.449276 0.303316 0.580811 0.147799 -0.053241 -0.103996 0.353851 0.185265 -0.097667 0.028961 0.012665 0.044389 -0.157494 -0.122829 -0.083468 -0.182695 -0.012867 0.008214 -0.086559 -0.088664 0.101462 0.024788 -0.091236 -0.131462 0.157102 0.088349 0.283252 0.080652 0.092888 0.113651 -0.302294 0.057553 -0.275874 -0.156777 -0.064395 0.130579 -0.117075 -0.166258 -0.191625 -0.094643 0.233196 -0.175201 0.218303 0.230859 -0.588706 -0.218875 0.459624 0.088553 -0.208302 0.005558 -0.144257 -0.295029 -0.439136 -0.361224 0.005302 -0.151771 -0.331695 -0.084739 -0.203783 -0.029184 0.009172 0.181021 -0.333663 -0.396802 0.009405 0.018436 -0.071352 0.323988 -0.030156 0.088851 0.143582 -0.113385 0.024561 -0.030266 0.126525 0.079206 -0.168166 0.011745 -0.156084 0.075665 0.436043 0.433924 0.094356 0.229993 0.088613 -0.130124 -0.026173 0.121446 0.044356 0.269363 0.199505 0.078041
-0.568114 -0.469826 0.064343 -0.159801 0.651769 0.598659 -0.332253 -0.206543 0.585022 0.538247 -0.197760 -0.260798 -0.380023 -0.288557 0.383510 0.358538 -0.448811 -0.255623 -0.456872 -0.577412 0.664640 1.000000 0.048245 0.205191 0.603805 0.577142 0.696270 0.417819 -0.067869 0.010358 0.138838 0.189383 -0.318451 -0.266789 0.017367 0.185873 0.182486 0.181032 0.170234 0.130337 0.208271 0.261335 0.053630 0.031603 0.077091 0.116126 -0.145076 -0.068508 0.084341 -0.048353 0.266325 -0.069822 0.008483 0.001294 -0.177210 0.164171 -0.172714 -0.285657 -0.242157 -0.089822 -0.233345 -0.287595 -0.331598 -0.183561 0.244331 -0.123936 -0.060320 0.193485 -0.524894 -0.275772 0.175657 0.324688 -0.465334 -0.084671 -0.177992 -0.207459 -0.565198 -0.325292 0.124209 0.095698 -0.223061 -0.105973 0.067315 0.265060 0.150668 0.460622 -0.237485 -0.473415 0.168684 0.114017 0.066314 0.189676 0.073155 -0.123589 0.075063 -0.047325 -0.103231 0.053863 -0.017314 -0.209667 -0.391527 -0.270607 -0.376497 -0.131305 0.158054 0.285968 -0.242719 0.045657 0.126094 -0.266301 0.042120 0.253767 -0.077228 0.210243 0.133423 0.088330
0.013960 -0.210618 0.701153 0.352421 -0.170860 -0.209559 0.186454 0.178100 -0.135175 -0.123107 0.289168 0.002618 -0.103856 -0.160567 0.218999 -0.223919 -0.109020 -0.166861 -0.111401 -0.304350 -0.096122 0.048245 1.000000 0.436487 0.363449 0.498794 -0.062474 0.297098 -0.322930 -0.072140 0.287580 0.419665 -0.576268 -0.106730 0.547300 0.586739 0.028696 0.191538 0.232118 0.080588 -0.092330 -0.128769 0.187947 0.056117 -0.141006 -0.096317 -0.021742 0.096470 -0.210206 -0.461349 0.094604 -0.218296 -0.043796 -0.053807 0.034722 -0.116165 0.069886 -0.052585 -0.367247 -0.493888 0.042044 -0.115209 -0.360035 -0.215332 0.426064 0.044870 -0.102359 0.115516 -0.280767 -0.109079 -0.243990 0.119248 -0.120274 -0.125315 -0.007837 0.127039 0.059411 0.367025 -0.196287 0.201747 -0.171282 -0.274890 0.082443 -0.282477 0.439493 -0.044308 0.115406 0.181173 0.333127 -0.142320 0.084120 -0.098834 0.246605 0.191563 0.100420 0.062654 -0.007687 -0.308516 -0.300707 -0.124155 -0.139995 -0.210436 -0.186996 -0.140604 -0.275760 -0.033384 -0.164644 0.049839 0.062990 -0.028183 0.509016 -0.368839 -0.126482 -0.098102 -0.092359 -0.416383
-0.198751 -0.341603 0.107926 0.455939 -0.053024 -0.087221 -0.180336 0.013152 -0.073081 -0.013742 0.198442 0.181379 -0.118247 -0.114784 0.232448 0.162622 -0.208204 -0.004460 -0.322974 -0.265410 -0.005614 0.205191 0.436487 1.000000 0.132972 0.367311 0.106129 0.318874 -0.018920 0.110695 0.137118 0.379431 -0.427336 -0.219435 0.013685 0.267461 0.164124 0.312608 0.222812 0.103410 -0.020830 0.104543 0.045768 0.027940 -0.134118 -0.060291 -0.225359 -0.122760 -0.186289 -0.378849 0.174705 -0.214669 -0.062309 0.015098 0.078594 -0.055013 -0.059480 -0.348259 -0.421666 -0.480762 -0.221310 -0.307614 -0.272345 -0.199384 0.189870 -0.123013 -0.292306 0.184047 -0.233575 -0.248771 -0.132558 0.305835 -0.093464 0.027270 0.182979 0.183980 -0.150348 0.036906 0.238794 0.245027 0.054351 -0.177078 0.154061 0.163537 0.359808 0.402706 0.119710 0.109208 0.266352 0.108444 0.113334 -0.089540 0.389713 0.139270 0.006673 0.063435 -0.242725 -0.038845 -0.514140 -0.163442 0.038794 -0.140656 -0.117967 -0.134235 -0.079853 0.066803 0.003227 0.044563 0.272817 -0.061700 0.059048 -0.196379 0.195580 -0.015375 -0.215632 0.183314
-0.622379 -0.625412 0.364795 -0.100646 0.621357 0.558078 -0.299087 -0.233987 0.557480 0.482716 -0.108065 -0.329167 -0.604934 -0.416970 0.259075 0.109781 -0.401455 -0.126885 -0.513037 -0.565786 0.449276 0.603805 0.363449 0.132972 1.000000 0.794594 0.679558 0.396146 -0.337816 -0.077787 0.282834 0.329809 -0.456326 -0.140385 0.546578 0.504661 0.158671 0.185433 0.369494 0.124520 0.030588 0.126519 0.480945 0.324987 0.358569 0.359393 0.268602 0.152310 0.183681 0.104743 0.240052 -0.068295 -0.110061 0.013257 -0.110073 0.253936 -0.060511 0.013497 -0.341230 -0.380340 -0.322897 -0.413823 -0.437067 -0.290139 0.360121 -0.155199 0.002856 0.128307 -0.502639 -0.275044 0.017891 -0.023614 -0.370157 -0.122631 -0.207962 -0.219563 -0.319634 0.031536 0.129400 0.186301 -0.203793 -0.097957 -0.042982 0.004929 0.205195 0.190195 -0.098972 -0.426233 0.286181 -0.175013 0.184958 0.045382 0.137539 -0.183467 0.303279 0.123252 0.019501 -0.035039 0.069554 -0.370975 -0.497290 -0.447501 -0.472228 -0.412716 0.027687 0.133692 -0.235110 -0.061506 0.209691 -0.062878 0.421398 0.091865 -0.161251 0.161047 0.055154 -0.025292
-0.635128 -0.656408 0.315901 0.292122 0.323742 0.319037 -0.225084 0.068630 0.304882 0.335725 -0.095866 -0.066538 -0.591906 -0.321280 0.178920 0.173147 -0.457541 -0.178254 -0.348025 -0.587278 0.303316 0.577142 0.498794 0.367311 0.794594 1.000000 0.464284 0.628319 -0.327998 0.145999 0.416002 0.654347 -0.433569 -0.134514 0.514973 0.572277 0.255540 0.277185 0.243873 0.107774 0.166919 0.169484 0.268061 0.174058 0.178618 0.322610 -0.031083 0.020431 -0.123181 -0.134119 0.047851 -0.385318 -0.388705 -0.178321 -0.124613 0.048833 0.002689 -0.217353 -0.613076 -0.603278 -0.386987 -0.503555 -0.509999 -0.338714 0.447907 -0.075760 -0.103454 0.334958 -0.447297 -0.250392 -0.138345 0.285438 -0.354802 0.098059 0.094466 0.069017 -0.150342 0.166179 0.071852 0.204985 -0.205452 -0.215205 0.178334 0.183739 0.422745 0.479110 0.055814 -0.309553 0.343819 -0.154648 0.006365 -0.190118 0.347159 -0.235697 0.164260 0.082486 -0.027010 0.116047 -0.202024 -0.447695 -0.228016 -0.609823 -0.507077 -0.514557 -0.152241 -0.052097 -0.298680 -0.174303 0.177559 -0.047679 0.442837 -0.074685 -0.209089 0.071863 -0.019032 -0.137945
-0.613161 -0.499978 0.034090 -0.355414 0.918114 0.894132 -0.598717 -0.358275 0.871113 0.845075 -0.043526 -0.291996 -0.556810 -0.409894 0.523029 0.474359 -0.515494 -0.271591 -0.685615 -0.587242 0.580811 0.696270 -0.062474 0.106129 0.679558 0.464284 1.000000 0.555827 -0.292201 -0.195560 -0.030267 0.007473 -0.394351 -0.323121 0.143556 0.288511 0.207246 0.148169 0.324350 0.085118 0.177532 0.327182 0.153837 -0.051808 0.185994 0.220000 0.028910 -0.047315 0.394359 0.143269 0.450241 0.138762 0.098186 0.173415 -0.182907 0.287920 -0.206356 -0.252904 -0.116697 -0.103081 -0.310528 -0.293429 -0.502560 -0.326709 0.254230 -0.022494 0.047335 0.251082 -0.419410 -0.198146 0.058939 0.060526 -0.477931 -0.159847 -0.259070 -0.350713 -0.481640 -0.338792 0.218164 -0.066214 -0.256852 -0.182958 0.054319 0.178616 0.119498 0.356008 -0.035196 -0.578476 0.380253 0.045099 0.288059 0.341117 0.144836 -0.152389 0.200239 0.082318 -0.130513 0.049344 0.024032 -0.199313 -0.476651 -0.297333 -0.515993 -0.249549 0.054763 0.278953 -0.266366 -0.189034 0.036092 -0.168661 0.088469 0.292585 -0.133222 0.164858 0.195103 0.204277
-0.419565 -0.365241 0.019753 0.219820 0.315590 0.461844 -0.579682 0.068083 0.410096 0.515870 0.055390 0.112847 -0.532550 -0.224315 0.453663 0.433334 -0.443900 -0.261976 -0.501669 -0.585008 0.147799 0.417819 0.297098 0.318874 0.396146 0.628319 0.555827 1.000000 -0.412401 -0.018746 0.003408 0.343486 -0.528284 -0.443780 0.318842 0.464413 0.515877 0.452847 0.357721 0.099270 0.408289 0.316630 -0.081749 -0.254360 -0.276031 -0.043977 -0.260084 -0.108574 -0.105004 -0.412678 0.138493 -0.254306 -0.142680 -0.046568 -0.043409 0.094256 0.083078 -0.399094 -0.443350 -0.406002 -0.292845 -0.250870 -0.617538 -0.340642 0.238765 0.221511 -0.059632 0.484989 -0.179283 -0.038688 -0.316968 0.312256 -0.371541 0.062878 0.120441 0.063250 -0.112257 0.156769 0.106364 0.117404 -0.124608 -0.323280 0.377523 0.209624 0.572928 0.593999 0.334250 -0.163938 0.664871 -0.011253 0.113512 -0.187244 0.435289 -0.299043 0.209377 0.187615 -0.097191 0.218388 -0.408946 -0.320277 -0.151626 -0.598759 -0.701215 -0.469745 -0.394241 -0.124757 -0.417550 -0.331006 0.059205 0.014372 0.329938 -0.099189 -0.362017 -0.173847 0.062937 -0.009750
0.035962 0.138643 -0.351975 -0.120891 -0.203780 -0.391545 0.233665 -0.190751 -0.240822 -0.311424 -0.109768 -0.033570 0.416793 0.225839 -0.077500 0.050368 0.444740 0.555861 0.337475 0.268162 -0.053241 -0.067869 -0.322930 -0.018920 -0.337816 -0.327998 -0.292201 -0.412401 1.000000 0.560838 0.266111 0.084949 0.451685 0.268215 -0.616209 -0.294558 0.051165 0.026404 -0.339408 -0.277629 0.248419 0.143986 -0.023819 0.155786 -0.023619 0.006596 -0.061616 -0.013877 -0.316600 0.031715 -0.296506 -0.139604 -0.046985 -0.138821 -0.101710 -0.325645 -0.300935 0.065086 -0.110855 0.090639 0.100146 0.026923 0.592198 0.359850 -0.169759 -0.418024 -0.213022 -0.364590 0.022576 0.071024 0.092479 0.181650 0.644460 0.344639 0.362545 0.376665 0.214324 0.036038 0.298470 0.252209 0.344334 0.593782 0.288434 0.208462 -0.159133 -0.073360 -0.177719 -0.142844 -0.359550 -0.203049 -0.352191 -0.091740 -0.453032 -0.044048 -0.167775 0.025296 -0.241283 -0.040028 0.076591 0.010626 0.005727 0.231521 0.182834 0.130019 -0.057888 -0.249538 0.050375 0.003450 0.094258 -0.094256 -0.331193 0.173443 0.096216 -0.012716 -0.502711 0.104181
-0.229410 -0.108103 -0.159427 0.118451 -0.191148 -0.370748 0.168995 0.038219 -0.209072 -0.210951 -0.166216 0.104130 0.019579 0.210051 -0.110427 0.248830 0.024062 0.411355 0.200267 0.139955 -0.103996 0.010358 -0.072140 0.110695 -0.077787 0.145999 -0.195560 -0.018746 0.560838 1.000000 0.458054 0.481682 0.327499 0.338514 -0.258117 0.047154 0.172263 0.131080 -0.308691 -0.354383 0.249816 0.224805 0.029666 0.227969 0.129864 0.279425 -0.023544 0.037326 -0.386651 0.036296 -0.462792 -0.334755 -0.354603 -0.394676 -0.180019 -0.422077 -0.163646 0.125787 -0.373877 -0.243132 -0.176485 -0.222742 0.156720 0.121824 -0.051005 -0.270385 -0.273712 -0.080060 -0.031665 0.047218 -0.141031 0.261079 0.512692 0.550183 0.495646 0.515323 0.234933 0.244280 0.159767 0.375652 0.155406 0.325419 0.319916 0.302795 0.121481 0.041331 -0.028079 -0.254929 0.003680 -0.452859 -0.381547 -0.316891 -0.249871 -0.176545 -0.176371 0.109571 -0.104371 0.073626 -0.189968 -0.352712 0.307141 -0.130029 0.000749 -0.218635 -0.267170 -0.427382 0.054080 -0.163195 0.055434 -0.046683 -0.027174 -0.091795 -0.192006 -0.037539 -0.380256 -0.038912
-0.299351 -0.344629 0.134903 0.093948 -0.103702 -0.277824 0.235232 -0.062806 -0.171817 -0.260895 -0.143034 -0.169977 -0.074810 -0.065421 -0.189469 -0.093839 0.002058 0.150654 0.225409 -0.003322 0.353851 0.138838 0.287580 0.137118 0.282834 0.416002 -0.030267 0.003408 0.266111 0.458054 1.000000 0.801635 0.088984 0.544175 0.168349 0.272698 -0.168320 -0.149248 -0.284012 -0.340424 -0.001562 -0.113114 0.080392 0.147709 0.112412 0.166562 0.055908 0.047325 -0.379289 -0.046601 -0.293268 -0.341843 -0.386367 -0.175795 -0.392493 -0.376850 -0.253642 0.151875 -0.464634 -0.280163 -0.039513 -0.183158 0.094768 0.178831 0.293643 -0.373176 -0.172597 0.043080 -0.530487 -0.173944 0.112631 0.133678 0.357172 0.247995 0.207469 0.333814 0.108742 0.274515 0.144575 0.246343 0.017817 0.224848 -0.015992 -0.035403 0.132373 -0.083729 -0.238422 -0.272654 -0.190853 -0.479728 -0.251260 -0.073829 -0.106589 0.080723 -0.076924 -0.057208 -0.094159 -0.100433 -0.078255 -0.189658 0.057225 -0.159936 0.025857 -0.107584 0.056421 -0.133928 0.205654 0.066173 0.209277 0.011383 0.237080 -0.083664 -0.095851 0.152458 -0.176806 -0.300889
-0.434410 -0.502167 0.107575 0.509883 -0.145083 -0.216488 0.093294 0.222245 -0.167474 -0.146525 -0.068732 0.094960 -0.264277 -0.089547 -0.103237 0.097209 -0.158827 0.019496 0.075139 -0.206410 0.185265 0.189383 0.419665 0.379431 0.329809 0.654347 0.007473 0.343486 0.084949 0.481682 0.801635 1.000000 -0.078255 0.308685 0.242787 0.353765 0.029099 0.112708 -0.132328 -0.218586 0.117625 0.051741 0.090661 0.107521 0.007810 0.150065 -0.044833 -0.000542 -0.484665 -0.217146 -0.311907 -0.534328 -0.581274 -0.282896 -0.301608 -0.302043 -0.127076 -0.110629 -0.709646 -0.577416 -0.300410 -0.420286 -0.203129 -0.063580 0.391321 -0.174816 -0.235210 0.258702 -0.453393 -0.176971 -0.163674 0.360358 0.108850 0.294901 0.343459 0.358146 0.113906 0.391787 0.181971 0.340825 -0.004111 0.008267 0.170857 0.184265 0.421649 0.316764 0.019652 -0.185860 0.099986 -0.359719 -0.178308 -0.284622 0.197334 -0.080655 -0.087174 -0.001531 -0.191713 0.033185 -0.278405 -0.319017 0.080382 -0.437328 -0.217846 -0.393797 -0.214895 -0.264356 -0.001726 -0.133786 0.174028 -0.019536 0.249204 -0.189880 -0.110768 0.145223 -0.257290 -0.211843
0.188607 0.274250 -0.403193 -0.091602 -0.322606 -0.329927 0.246060 0.055904 -0.368112 -0.388777 -0.342950 -0.024866 0.188937 0.186462 -0.571744 -0.126675 0.247320 0.186988 0.474212 0.494128 -0.097667 -0.318451 -0.576268 -0.427336 -0.456326 -0.433569 -0.394351 -0.528284 0.451685 0.327499 0.088984 -0.078255 1.000000 0.563014 -0.402073 -0.488061 -0.131582 -0.168414 -0.342040 -0.213381 0.088855 -0.017667 -0.162839 0.022787 0.108565 0.068709 0.002585 -0.158404 -0.020996 0.357554 -0.339538 0.089869 -0.099555 -0.185025 0.098687 -0.116232 -0.123218 0.211229 0.182819 0.327253 0.024432 0.104639 0.533967 0.318927 -0.336536 -0.186004 0.173902 -0.086268 0.303920 0.175771 0.101040 -0.085303 0.510593 0.392624 0.351970 0.167426 0.358440 0.034669 -0.073935 -0.097951 0.039988 0.229047 -0.139273 0.011825 -0.400572 -0.158685 -0.140097 -0.061632 -0.428009 0.003177 -0.362781 -0.046131 -0.395769 -0.202246 -0.122070 -0.153078 0.187803 0.089777 0.244505 -0.001349 0.320667 0.129592 0.411959 0.074517 0.089262 -0.250584 0.284956 -0.101265 0.039323 0.068972 -0.277929 -0.053848 0.072762 -0.003508 -0.173021 0.013515
0.019570 0.016848 -0.033532 -0.114910 -0.285214 -0.387573 0.325622 -0.086616 -0.320974 -0.434294 -0.314415 -0.209167 0.046194 0.006089 -0.504879 -0.358785 0.209139 0.106124 0.445396 0.507682 0.028961 -0.266789 -0.106730 -0.219435 -0.140385 -0.134514 -0.323121 -0.443780 0.268215 0.338514 0.544175 0.308685 0.563014 1.000000 0.080367 0.050388 -0.318771 -0.274444 -0.288681 -0.211372 -0.017454 -0.276153 -0.040592 0.125841 0.207649 0.193525 0.145046 0.048893 -0.160930 0.242143 -0.404895 -0.120597 -0.301358 -0.235225 -0.250612 -0.278589 -0.215579 0.343897 0.000850 0.148932 0.162300 0.096419 0.387705 0.396173 -0.027629 -0.239027 0.104660 -0.017030 -0.102818 0.068922 0.028302 -0.205891 0.497408 0.131186 0.097437 0.145899 0.197256 0.147545 -0.021729 0.037822 -0.015269 0.186070 -0.228799 -0.254799 -0.267972 -0.408650 -0.142170 -0.138107 -0.419929 -0.351565 -0.151026 0.095951 -0.275550 0.100462 -0.080867 -0.035280 0.085001 -0.083341 0.196094 0.073234 0.239758 0.117839 0.346518 0.082013 0.058464 -0.105227 0.336692 0.113830 0.130902 0.212242 0.157728 0.022003 -0.068711 0.083458 -0.146270 -0.167442
-0.102415 -0.223122 0.492925 0.034306 0.057628 0.107575 -0.155768 -0.014468 0.069914 0.073107 0.041765 -0.109952 -0.432091 -0.286500 0.059752 -0.264863 -0.315762 -0.372557 -0.187975 -0.312785 0.012665 0.017367 0.547300 0.013685 0.546578 0.514973 0.143556 0.318842 -0.616209 -0.258117 0.168349 0.242787 -0.402073 0.080367 1.000000 0.654401 0.097085 0.129556 0.349150 0.190165 -0.083756 -0.216547 0.257748 0.085227 0.100007 0.117850 0.109555 0.109376 0.048960 -0.139205 0.177159 -0.026497 -0.053207 -0.065811 0.070787 0.168882 0.146770 0.101464 -0.134448 -0.251637 -0.048464 -0.053751 -0.409236 -0.187454 0.290053 0.163898 0.326859 0.284015 -0.227193 0.003749 -0.129635 -0.106425 -0.258773 -0.204658 -0.178078 -0.001730 0.038237 0.377180 -0.238054 -0.008657 -0.357423 -0.396937 -0.163767 -0.404360 0.282598 -0.098233 0.019713 0.017265 0.259736 -0.197900 0.157572 -0.100171 0.379886 0.027878 0.312665 0.197701 0.294617 0.067755 -0.172286 -0.196749 -0.131357 -0.417636 -0.331468 -0.314229 -0.114841 0.019342 -0.079255 0.069211 0.136005 0.293323 0.714621 -0.191106 -0.347210 -0.134275 0.227317 -0.319370
-0.333037 -0.369612 0.442851 -0.016806 0.162617 0.095073 -0.206336 -0.168584 0.156023 0.116961 0.184332 -0.150110 -0.330802 -0.258243 0.210853 -0.120842 -0.346699 -0.205691 -0.363345 -0.365038 0.044389 0.185873 0.586739 0.267461 0.504661 0.572277 0.288511 0.464413 -0.294558 0.047154 0.272698 0.353765 -0.488061 0.050388 0.654401 1.000000 0.180306 0.218416 0.163354 -0.072796 0.118147 0.043542 0.281785 0.171115 0.153242 0.305759 0.070859 0.126290 0.082686 -0.186354 0.269469 -0.086536 -0.025312 -0.014250 -0.187985 -0.132054 -0.088879 -0.047008 -0.200714 -0.373229 -0.025475 -0.186393 -0.412462 -0.248841 0.289276 0.076405 0.074011 0.322071 -0.316906 -0.078739 -0.124758 0.193536 -0.083010 0.038090 0.056197 0.168691 -0.011767 0.357676 -0.021832 0.104834 -0.155302 -0.240110 0.116048 -0.284508 0.338519 -0.081852 0.178135 -0.134764 0.293899 -0.431739 0.089448 -0.142431 0.236345 0.073437 0.276474 0.210800 -0.163422 -0.146807 -0.339974 -0.296500 -0.139515 -0.437528 -0.315870 -0.305672 -0.231851 -0.024965 -0.161166 -0.072975 0.166466 0.016119 0.632805 -0.110165 -0.390214 -0.162468 -0.051562 -0.186624
