1.000000 0.237269 0.038760 0.098396 0.127839 -0.179930 -0.118869 -0.224705 0.077499 0.133942 0.532598 0.068346 0.357590 0.028120 0.208070 0.215620 0.277493 0.204685 0.181061 0.027451 -0.260245 -0.047115 0.035563 -0.239796 -0.317866 -0.158370 0.158537 -0.151819 0.076326 -0.138870 -0.252360 -0.147383 0.173614 0.169937 -0.236811 -0.312429 0.021273 -0.272863 -0.446955 -0.214928 -0.220816 -0.224382 -0.099571 -0.198316 -0.371989 -0.351205 -0.300897 -0.224992 0.395158 0.139036 0.192469 0.110493 0.200148 0.041810 0.113863 -0.384187 0.466572 0.016641 0.436198 -0.058331 0.323997 0.115913 0.104462 0.174159 0.112639 0.194625 -0.033194 -0.442472 0.550411 0.033000 -0.234592 -0.194811 0.021150 -0.120095 0.061295 -0.091531 0.142891 -0.324870 0.151118 0.087106 0.232054 0.183862 -0.024188 -0.160450 -0.145167 -0.396327 -0.274294 -0.295256 0.106116 0.014222 -0.024892 0.065772 -0.028496 -0.072485 -0.404709 -0.249232 -0.257690 0.043962 -0.021379 0.215390 0.089650 0.187185 0.218074 -0.069365 -0.058837 -0.163002 0.195938 0.072503 -0.253005 -0.395527 -0.459500 -0.370291 -0.319972 -0.190379 -0.045375 -0.301429
0.237269 1.000000 -0.196679 -0.229771 -0.286302 0.018357 -0.301608 -0.220033 -0.356485 -0.368397 -0.089030 0.243792 -0.052103 0.018887 -0.412834 -0.372199 0.445437 0.408690 -0.042257 0.181139 -0.232172 -0.166444 -0.389283 -0.321362 -0.487747 -0.318038 -0.196904 0.024661 -0.036026 0.061944 -0.401391 -0.350185 0.216964 0.113383 -0.471948 -0.254946 0.066249 -0.021393 -0.104131 -0.095020 -0.210360 0.095368 -0.410716 -0.479716 -0.263447 -0.438446 -0.406813 -0.402776 -0.026184 -0.286615 -0.255388 0.072846 0.325418 -0.218511 0.369365 -0.008864 0.361159 0.748423 0.312812 0.462614 0.347533 0.425536 0.418216 0.578834 -0.181916 0.081102 -0.207725 -0.328548 0.258322 0.148530 0.038892 -0.086897 0.202038 0.139653 -0.021041 0.108472 0.198243 0.184022 -0.032069 -0.343660 0.264286 0.183772 0.002096 0.104418 0.005432 0.170940 0.273217 0.368128 -0.110692 0.469113 0.089765 -0.275728 -0.115853 -0.435192 -0.230973 0.032462 -0.213927 -0.128828 0.352185 0.133588 0.260438 0.119179 0.069050 -0.124320 0.044078 -0.085162 0.251123 -0.001473 -0.021530 -0.080772 -0.418366 0.051730 0.178621 -0.128942 0.109729 -0.175191
0.038760 -0.196679 1.000000 0.108481 0.705224 -0.033948 0.793781 0.390094 0.715406 0.478083 0.435031 0.059533 0.623986 0.368426 0.282304 0.318145 -0.269838 -0.015514 -0.184108 -0.366669 -0.165350 0.045530 0.100267 -0.085119 0.369659 -0.092203 -0.089243 -0.495913 0.085770 0.352034 0.308366 -0.000567 0.090433 0.249224 0.081345 0.223796 -0.496946 -0.652371 -0.172143 -0.137660 -0.155006 -0.288870 0.034534 0.018974 0.178733 0.275420 -0.048198 -0.003940 0.155760 0.199916 0.191362 -0.127147 -0.130715 -0.038607 -0.238849 -0.272828 -0.318591 -0.178788 -0.015109 -0.100948 0.068100 0.162965 -0.334173 -0.233686 0.477807 0.207407 0.203182 0.084672 0.047423 -0.016437 -0.130973 -0.112386 0.027614 -0.352496 -0.294154 -0.316007 -0.360846 -0.476894 -0.147844 0.108230 -0.152208 -0.100670 0.110861 0.019713 -0.529951 -0.344128 -0.482242 -0.375868 -0.176453 -0.299206 -0.125517 0.216647 0.168873 0.403340 0.074834 -0.154025 0.111705 0.040572 -0.404078 -0.219624 0.067202 0.062133 -0.063234 0.065654 -0.058629 -0.266457 -0.077281 -0.022418 -0.075225 -0.241384 0.182416 -0.057440 0.124629 0.180017 -0.057958 0.146219
0.098396 -0.229771 0.108481 1.000000 0.155604 0.041255 0.031892 0.374158 0.093908 0.373471 0.130230 0.185454 0.115962 0.188754 0.272095 0.508234 -0.472098 -0.399852 -0.221492 -0.419070 -0.037998 0.480544 0.596518 0.373475 0.305082 0.470920 0.211508 0.126521 -0.486543 -0.319175 0.092765 0.383901 -0.333613 0.170947 0.257419 -0.004884 -0.300352 0.167523 -0.212727 0.187578 -0.258374 -0.094873 0.256150 0.281003 -0.275671 0.119968 0.126345 0.271227 0.130454 0.143823 0.254069 0.063468 -0.116357 0.092350 -0.018077 0.125559 -0.347669 -0.214115 -0.206863 -0.170241 -0.197785 0.010912 -0.324485 -0.335043 0.067126 0.372836 0.080889 0.146579 -0.003690 0.149515 0.079992 0.087202 -0.682162 -0.349877 -0.219989 -0.220257 -0.209261 -0.174057 -0.452516 -0.262722 -0.566659 -0.497339 -0.187510 -0.148358 -0.029003 -0.192115 -0.000833 -0.099414 0.380676 0.003410 -0.134608 0.027647 0.421829 0.369654 0.088502 -0.269512 0.274501 0.273277 -0.343991 -0.458097 0.302898 0.118455 0.197821 0.155464 -0.059980 0.012902 0.070987 0.079664 -0.172331 -0.283372 0.074006 -0.214013 -0.297952 0.217819 0.134694 -0.034115
0.127839 -0.286302 0.705224 0.155604 1.000000 0.066400 0.638919 0.263277 0.764419 0.559892 0.497550 -0.026629 0.539254 0.192726 0.583738 0.500142 -0.368250 -0.232363 0.027421 -0.381437 0.116882 -0.021971 0.238606 -0.013090 0.376425 0.016306 0.302883 -0.437215 0.080120 0.204320 0.310553 0.074659 -0.128323 0.056577 0.098343 0.292904 -0.319093 -0.540994 -0.058246 -0.050181 -0.044824 -0.138206 0.287863 0.241329 0.236262 0.416520 0.173597 0.267050 0.056640 0.244835 0.275922 -0.030204 -0.188746 0.246417 -0.494334 -0.234217 -0.180061 -0.236728 -0.019270 -0.314755 -0.038975 -0.109176 -0.491857 -0.429505 0.432234 0.176581 0.169192 0.104467 -0.019268 -0.121795 0.063959 -0.253644 -0.067395 -0.242329 -0.102855 -0.156243 -0.171542 -0.290010 -0.141508 0.234291 -0.280616 -0.265218 0.158484 -0.157457 -0.534784 -0.412587 -0.655683 -0.527222 -0.215659 -0.401974 -0.126633 0.398515 0.246500 0.551803 0.083461 -0.189448 0.140778 0.046045 -0.428060 -0.123104 0.158621 -0.134797 0.128993 0.006881 0.001799 -0.218242 -0.118247 0.018600 -0.098163 -0.380409 0.178381 -0.182265 0.032533 0.053264 -0.075840 0.145392
-0.179930 0.018357 -0.033948 0.041255 0.066400 1.000000 -0.136143 -0.129692 -0.204480 -0.178292 -0.212802 -0.219114 -0.194752 -0.369233 -0.041122 -0.061698 -0.204258 -0.316093 -0.085626 0.017235 0.208657 0.090046 0.037808 0.274702 0.175139 0.404679 0.471351 0.573055 -0.145010 -0.131044 -0.035741 0.136656 -0.252528 -0.142513 -0.025725 0.070593 -0.063384 0.022468 0.089288 0.083760 -0.108142 -0.225691 0.135336 -0.038382 0.142575 0.148483 0.147488 0.040464 0.049691 0.201431 0.224202 0.087405 -0.036046 0.143524 0.112990 0.149283 -0.056712 0.185953 -0.068916 0.117435 -0.325472 -0.372695 -0.251912 -0.178106 -0.215787 -0.206771 0.294345 0.326224 0.166902 0.214909 0.004051 0.143171 -0.219040 -0.217158 -0.400860 -0.246365 -0.342512 -0.146901 -0.105587 -0.032798 -0.106230 -0.057070 0.008635 0.028013 0.253496 0.419610 0.271803 0.309619 -0.002911 0.068737 0.072113 -0.124737 0.017576 -0.040055 0.010618 -0.032982 0.023351 -0.091760 0.037174 -0.152309 0.181940 -0.225901 -0.259959 0.053939 -0.076893 -0.086860 -0.301455 -0.012059 0.068435 -0.334264 0.026596 -0.089204 -0.139652 -0.121797 -0.187124 -0.072555
-0.118869 -0.301608 0.793781 0.031892 0.638919 -0.136143 1.000000 0.481503 0.780745 0.413385 0.219375 0.107217 0.402538 0.335013 0.257366 0.156729 -0.331590 -0.102113 -0.024062 -0.239237 -0.042275 -0.057964 0.152321 0.038063 0.438130 -0.108469 -0.208381 -0.489650 0.198867 0.360038 0.514296 0.098245 0.127368 0.124430 0.158911 0.167509 -0.327851 -0.487560 -0.087810 -0.151408 -0.037813 -0.165764 0.055476 0.068808 0.248807 0.392975 0.118422 0.029459 -0.224965 0.085143 0.053034 -0.329075 -0.386373 0.041015 -0.402007 -0.113774 -0.347717 -0.295724 -0.231838 -0.295190 -0.155442 -0.053914 -0.494979 -0.421746 0.420986 0.081405 0.127514 0.145693 -0.220992 -0.219765 0.060286 -0.146505 0.091040 -0.186548 -0.019497 -0.176992 -0.203425 -0.314141 -0.166397 0.153591 -0.237828 -0.211160 0.145170 -0.028541 -0.420876 -0.188160 -0.493215 -0.338872 -0.255847 -0.392357 -0.035783 0.343245 0.194014 0.478293 0.214943 0.018346 0.122203 0.059638 -0.202673 -0.021340 0.018937 0.061503 0.038973 0.241693 0.094085 -0.069548 -0.050410 0.029656 -0.044967 -0.127283 0.283267 0.036515 0.275636 0.221516 0.129982 0.277494
-0.224705 -0.220033 0.390094 0.374158 0.263277 -0.129692 0.481503 1.000000 0.426857 0.599964 0.083105 0.487405 0.264095 0.649374 0.151541 0.261391 -0.391663 -0.218313 -0.217888 -0.368675 -0.166028 -0.110978 0.201236 0.149859 0.369847 0.051629 -0.166451 -0.322951 -0.318460 -0.003378 0.361734 0.164003 0.083922 0.349536 0.334595 0.227061 -0.378040 -0.114231 -0.276899 -0.276752 -0.234124 -0.146139 0.012241 0.165564 0.244787 0.505267 0.104541 0.149836 -0.222537 0.099700 -0.055259 -0.226044 -0.405183 -0.054309 -0.490904 -0.078184 -0.293904 -0.306588 -0.350728 -0.107569 -0.080394 0.184202 -0.429149 -0.347649 0.381381 0.442157 0.194660 0.442583 -0.217520 0.056089 0.031339 -0.150845 -0.259982 -0.240635 0.078540 -0.174970 0.013566 -0.180915 -0.215270 -0.155907 -0.517710 -0.571095 -0.093987 -0.167439 -0.440747 -0.245791 -0.294364 -0.176326 -0.173742 -0.290608 0.009269 0.122966 0.515559 0.515600 0.152158 -0.405053 0.078836 -0.051217 -0.227208 -0.086273 0.105314 -0.037085 0.000165 0.350721 -0.154506 -0.126971 0.191668 0.138866 -0.331146 0.092377 0.342968 0.100469 0.111259 0.238708 0.139257 0.056298
0.077499 -0.356485 0.715406 0.093908 0.764419 -0.204480 0.780745 0.426857 1.000000 0.637845 0.522574 0.109088 0.537385 0.455710 0.493971 0.392415 -0.244767 -0.040175 0.122002 -0.246804 0.037851 -0.118941 0.119010 -0.130596 0.282627 -0.229118 -0.079080 -0.607713 0.254382 0.322952 0.363549 0.038367 0.160393 0.200225 0.116066 0.145801 -0.267772 -0.675742 -0.173548 -0.215420 -0.078743 -0.236308 0.073984 0.039955 0.200688 0.277594 -0.013108 -0.015071 -0.027809 0.146871 -0.011027 -0.240362 -0.282948 0.015299 -0.464727 -0.400730 -0.254770 -0.324934 0.005742 -0.158962 0.095814 0.117772 -0.329439 -0.259542 0.559378 0.217258 0.181735 0.054448 0.031352 -0.012088 -0.036301 -0.370511 0.117037 -0.207116 -0.034975 -0.107860 -0.116674 -0.365121 -0.143600 0.230722 -0.194310 -0.212471 0.238436 -0.044585 -0.509802 -0.485694 -0.635320 -0.562665 -0.188240 -0.450912 -0.107485 0.345311 0.168271 0.498805 0.153477 -0.136445 -0.006971 -0.027565 -0.362261 -0.102270 0.006672 0.028407 0.202579 0.130549 0.015514 -0.173416 0.097017 0.034761 -0.131978 -0.196977 0.096793 -0.187214 0.045785 0.178419 0.092992 0.206698
0.133942 -0.368397 0.478083 0.373471 0.559892 -0.178292 0.413385 0.599964 0.637845 1.000000 0.525101 0.289785 0.557744 0.370281 0.535020 0.585526 -0.311245 -0.218042 -0.044534 -0.474470 -0.146535 0.052714 0.363912 0.195464 0.282499 0.047197 0.154802 -0.458045 -0.225453 -0.136105 0.146276 0.122761 -0.120119 0.164669 0.307890 0.174577 -0.154654 -0.374453 -0.138658 -0.015520 -0.038550 -0.233569 0.260631 0.285579 0.034355 0.348508 0.083119 0.266057 0.072754 0.138283 0.105006 -0.187763 -0.346793 0.025650 -0.469858 -0.299171 -0.168460 -0.398240 -0.113731 -0.304330 0.078458 0.114430 -0.410657 -0.388634 0.533079 0.464261 0.070083 0.166378 0.033059 0.110424 -0.166045 -0.284165 -0.239174 -0.349907 0.009043 -0.172394 -0.016244 -0.296972 -0.172861 -0.058205 -0.362500 -0.366600 0.117595 -0.258569 -0.487320 -0.612373 -0.535559 -0.539280 0.150661 -0.455454 0.030213 0.344118 0.566109 0.633607 0.141375 -0.350652 0.094823 0.107771 -0.371065 -0.074613 0.187822 -0.134056 0.092565 0.056903 -0.174909 -0.278530 0.097371 -0.019434 -0.318881 -0.091971 0.294553 -0.150101 -0.179170 0.098513 -0.063415 0.053895
0.532598 -0.089030 0.435031 0.130230 0.497550 -0.212802 0.219375 0.083105 0.522574 0.525101 1.000000 0.043428 0.745827 0.299066 0.554325 0.416521 -0.016617 0.115381 0.090651 -0.368101 -0.145500 0.058728 0.101653 -0.246485 -0.054798 -0.201831 0.115230 -0.398997 0.100057 -0.077585 -0.013247 -0.152751 -0.030205 0.083794 0.026644 0.083553 -0.276653 -0.565336 -0.274737 -0.100289 -0.221057 -0.390491 -0.037128 -0.035945 -0.084293 -0.024573 -0.261224 -0.139640 0.447210 0.085733 0.220868 0.124967 0.052326 -0.175539 -0.135882 -0.427872 0.008235 -0.234660 0.274899 -0.044567 0.442280 0.331012 0.045017 0.047009 0.527864 0.464214 0.047430 -0.091075 0.320622 0.233743 -0.249188 -0.390819 -0.029468 -0.346933 -0.199019 -0.189583 -0.166088 -0.428157 -0.007147 0.188694 0.023613 -0.010590 0.212040 -0.250198 -0.430329 -0.555467 -0.548208 -0.575203 0.162542 -0.114515 -0.192145 0.096494 0.026314 0.238964 -0.170250 -0.259952 -0.043611 0.070385 -0.530809 -0.116637 0.091871 0.186438 0.009324 -0.119194 -0.158755 -0.296276 0.149550 0.092163 -0.078314 -0.274274 -0.115318 -0.466636 -0.279667 -0.058999 -0.256138 0.007382
0.068346 0.243792 0.059533 0.185454 -0.026629 -0.219114 0.107217 0.487405 0.109088 0.289785 0.043428 1.000000 0.121192 0.520562 0.079879 0.237295 0.015431 0.040535 -0.128225 -0.179374 -0.169831 0.087913 0.024123 0.033616 0.024129 -0.109803 -0.120099 -0.224537 -0.197569 -0.103398 0.091012 0.052554 0.104786 0.251087 -0.074162 -0.172868 0.018222 0.087767 -0.129727 -0.134173 -0.249824 -0.009093 -0.070202 0.037080 -0.160450 0.008621 -0.152183 -0.047013 -0.223477 -0.211544 -0.071931 -0.358498 -0.209489 -0.120236 -0.073687 -0.093882 0.232635 -0.101417 -0.149278 -0.100519 -0.076725 0.208779 -0.180914 -0.071225 0.194209 0.365863 0.015234 0.038948 0.065245 -0.007371 -0.146173 -0.251724 -0.215640 -0.122714 0.209133 0.036589 0.239844 -0.004131 0.040757 -0.226042 -0.170904 -0.309604 0.049147 -0.004924 -0.089222 -0.001932 -0.154372 -0.015223 -0.114124 -0.008954 -0.192604 -0.125618 0.309627 0.113181 -0.060884 -0.172789 0.009329 0.072190 -0.127726 -0.004221 -0.056211 0.090146 0.205504 0.135572 -0.322145 -0.235796 0.008879 0.000116 -0.162267 0.058154 -0.044787 -0.045819 -0.056557 0.160798 0.188000 -0.151563
0.357590 -0.052103 0.623986 0.115962 0.539254 -0.194752 0.402538 0.264095 0.537385 0.557744 0.745827 0.121192 1.000000 0.420882 0.426863 0.484063 0.014051 0.122495 -0.150970 -0.461030 -0.253059 0.096024 0.066954 -0.181629 0.105621 -0.146427 0.002844 -0.435050 -0.082970 0.049754 -0.079858 -0.243479 0.007135 0.118008 0.040367 0.129869 -0.267553 -0.590050 -0.289400 -0.092654 -0.178322 -0.245185 -0.074381 -0.063423 0.043644 0.039310 -0.249196 -0.155864 0.368422 0.114896 0.152931 -0.046701 0.002255 -0.222487 -0.100348 -0.286643 -0.071255 -0.225863 0.291854 -0.008309 0.469119 0.375676 -0.012171 0.002541 0.451368 0.420334 0.157240 -0.090356 0.234227 0.163502 -0.311044 -0.485862 0.002363 -0.413300 -0.189290 -0.386733 -0.256766 -0.507302 -0.064170 -0.068357 -0.046600 -0.064296 0.114799 -0.113690 -0.597082 -0.467657 -0.536658 -0.454188 0.018380 -0.160916 -0.240096 0.168413 0.196083 0.411259 -0.187149 -0.082606 -0.071306 0.133812 -0.561020 -0.124351 0.165051 0.192794 -0.050853 0.046229 -0.134948 -0.272781 0.109870 0.129475 -0.107078 -0.266030 -0.087046 -0.430949 -0.210192 -0.135087 -0.208962 0.035734
0.028120 0.018887 0.368426 0.188754 0.192726 -0.369233 0.335013 0.649374 0.455710 0.370281 0.299066 0.520562 0.420882 1.000000 0.069998 0.278777 0.031989 0.295836 -0.194518 -0.173385 -0.258265 -0.219703 -0.199207 -0.376573 -0.041010 -0.408297 -0.352237 -0.507846 -0.047131 0.236795 0.036455 -0.222677 0.345016 0.441201 -0.069306 0.102491 -0.240240 -0.276456 -0.473813 -0.408302 -0.357018 -0.177515 -0.366842 -0.232389 0.102422 0.049476 -0.382302 -0.242365 0.091868 0.068822 -0.208210 -0.229511 -0.114300 -0.248190 -0.272790 -0.413695 -0.155600 -0.179284 0.064767 0.263751 0.342615 0.596308 0.052387 0.159769 0.443421 0.470808 0.166213 0.090027 0.102054 0.152253 -0.154833 -0.374498 0.070121 -0.145885 -0.019866 -0.100398 0.067736 -0.220611 0.076435 -0.060828 -0.042786 -0.099969 0.051952 0.108301 -0.381367 -0.274918 -0.318008 -0.161133 -0.188301 -0.031694 -0.146524 -0.005484 0.210084 0.227905 -0.271848 -0.267527 -0.255603 -0.213939 -0.319517 -0.202802 0.021489 0.188593 0.038708 0.265340 -0.293162 -0.277671 0.306454 0.181296 -0.188227 -0.036382 -0.024032 -0.146638 0.071669 0.236573 0.215746 -0.083757
0.208070 -0.412834 0.282304 0.272095 0.583738 -0.041122 0.257366 0.151541 0.493971 0.535020 0.554325 0.079879 0.426863 0.069998 1.000000 0.727681 -0.373210 -0.338474 0.211962 -0.387311 0.350107 0.270981 0.588521 0.298954 0.440730 0.260121 0.385480 -0.228001 0.133769 -0.022402 0.332468 0.367869 -0.377572 -0.051998 0.161824 0.118835 -0.177472 -0.264304 0.096467 -0.002339 -0.050339 -0.138088 0.455314 0.434588 -0.104189 0.194021 0.282045 0.336029 0.047952 0.137402 0.239254 -0.163124 -0.175201 0.151213 -0.351810 -0.173542 -0.134510 -0.430730 -0.068764 -0.524102 -0.098903 -0.260198 -0.400162 -0.464698 0.244343 0.034438 -0.094746 0.000706 -0.112264 -0.194779 0.179032 -0.094277 -0.263087 -0.165026 0.140177 0.013783 -0.004381 -0.148232 -0.169110 0.148718 -0.315277 -0.376367 0.411265 -0.192666 -0.327838 -0.520343 -0.568208 -0.672876 0.081252 -0.427195 -0.124468 0.358747 0.247810 0.521034 0.126313 -0.170492 0.190334 0.070065 -0.479277 -0.116229 -0.097932 -0.125418 0.103166 -0.188362 0.074847 -0.208651 -0.169387 -0.023229 -0.040293 -0.297504 0.198160 -0.318681 -0.242367 -0.100994 -0.057967 -0.003726
0.215620 -0.372199 0.318145 0.508234 0.500142 -0.061698 0.156729 0.261391 0.392415 0.585526 0.416521 0.237295 0.484063 0.278777 0.727681 1.000000 -0.258981 -0.212760 -0.068895 -0.339059 0.143063 0.294973 0.442073 0.191597 0.384781 0.304556 0.304001 -0.286461 -0.170678 0.026091 0.130461 0.298017 -0.185890 0.194874 -0.012515 0.042617 -0.155000 -0.233412 0.001850 0.105909 -0.058769 -0.093588 0.361065 0.298281 -0.081082 0.094190 0.143502 0.287734 0.299274 0.178700 0.180458 -0.197873 -0.056808 0.093246 -0.241206 -0.128761 -0.066335 -0.457589 0.111849 -0.344162 -0.021254 -0.077245 -0.347941 -0.332806 0.067017 0.155303 0.020570 -0.091363 0.099821 -0.099832 -0.022177 -0.059251 -0.321032 -0.284403 -0.028801 -0.159382 -0.160240 -0.240642 -0.072439 -0.010478 -0.275158 -0.299170 0.187072 0.024212 -0.467066 -0.541244 -0.500170 -0.576754 0.033127 -0.302166 -0.160955 0.305869 0.307925 0.502688 0.048367 -0.166967 0.122033 0.190514 -0.481272 -0.231981 -0.024774 -0.088204 0.153107 0.024120 -0.164114 -0.082247 -0.150156 0.022972 -0.133388 -0.386992 0.087178 -0.300244 -0.288954 0.102543 -0.042083 -0.040250
0.277493 0.445437 -0.269838 -0.472098 -0.368250 -0.204258 -0.331590 -0.391663 -0.244767 -0.311245 -0.016617 0.015431 0.014051 0.031989 -0.373210 -0.258981 1.000000 0.748311 0.148777 0.472687 -0.231035 -0.230578 -0.527083 -0.447818 -0.553892 -0.423546 -0.235069 -0.100295 0.283732 0.297070 -0.354475 -0.432335 0.474133 0.043273 -0.555534 -0.403000 0.398236 -0.158585 -0.131734 -0.181821 0.139973 0.055605 -0.474187 -0.452207 -0.181996 -0.593897 -0.481576 -0.530231 0.084601 -0.149175 -0.420884 0.025661 0.481918 -0.217054 0.297629 -0.185903 0.495800 0.358879 0.527292 0.298116 0.542359 0.254406 0.738901 0.705404 -0.255963 -0.195342 -0.305762 -0.542587 0.279410 0.021221 -0.380839 -0.155321 0.679660 0.194716 0.130630 0.080159 0.192985 0.035818 0.555411 0.063792 0.784349 0.730448 0.032872 0.252434 -0.025174 0.002364 0.052144 0.156994 -0.218227 0.215041 0.042317 -0.201585 -0.329842 -0.456063 -0.264743 0.216135 -0.457695 -0.176220 0.423483 0.266050 -0.129627 -0.045520 0.125014 -0.261496 0.037968 0.062899 0.037084 -0.182428 0.050740 -0.063237 -0.520917 -0.010791 0.035879 -0.204135 -0.022556 -0.048739
0.204685 0.408690 -0.015514 -0.399852 -0.232363 -0.316093 -0.102113 -0.218313 -0.040175 -0.218042 0.115381 0.040535 0.122495 0.295836 -0.338474 -0.212760 0.748311 1.000000 0.112997 0.416270 -0.332677 -0.352555 -0.560962 -0.578398 -0.463128 -0.599918 -0.520291 -0.394133 0.314775 0.460689 -0.224778 -0.520427 0.597550 0.302644 -0.457358 -0.209965 0.239523 -0.358023 -0.165929 -0.277982 0.023494 -0.015286 -0.545547 -0.471916 -0.158471 -0.492088 -0.506825 -0.519258 0.098807 -0.127571 -0.354088 -0.031260 0.336424 -0.360150 0.197519 -0.328455 0.330357 0.402121 0.363510 0.397298 0.511126 0.469413 0.698973 0.737315 -0.101076 -0.096171 -0.234273 -0.420846 0.262812 0.089570 -0.276830 -0.206022 0.715704 0.172079 0.056679 0.068190 0.144279 0.005247 0.410301 0.152082 0.694865 0.715333 0.050927 0.203280 -0.227880 -0.101186 -0.107770 -0.032303 -0.256719 0.188639 0.001233 -0.156519 -0.405353 -0.341509 -0.313066 0.096212 -0.340171 -0.148796 0.289222 0.078152 -0.004529 0.119407 0.160638 -0.253327 0.012399 0.026304 0.114647 -0.167179 -0.055935 -0.012665 -0.332373 0.055092 0.095583 -0.089989 0.004592 0.025894
0.181061 -0.042257 -0.184108 -0.221492 0.027421 -0.085626 -0.024062 -0.217888 0.122002 -0.044534 0.090651 -0.128225 -0.150970 -0.194518 0.211962 -0.068895 0.148777 0.112997 1.000000 0.563083 0.110676 -0.250080 0.001884 -0.037408 -0.261228 -0.187597 -0.011061 -0.138785 0.680904 0.240608 0.051606 0.099656 0.115114 -0.078134 -0.277398 -0.361078 0.198593 -0.135546 0.015691 -0.224943 0.308660 -0.106068 -0.166930 -0.185681 -0.281483 -0.374758 -0.158259 -0.157252 -0.266963 0.030794 -0.288176 -0.173605 -0.015115 0.036914 -0.151108 -0.315424 0.092265 0.005753 0.110662 -0.182169 0.107775 -0.218551 0.148977 0.015271 -0.009797 -0.306326 -0.288801 -0.330015 0.063992 -0.267562 0.324130 0.108352 0.354396 0.276193 0.401328 0.361230 0.340073 0.275545 0.117570 0.310777 0.277075 0.058874 0.613830 0.201276 0.011290 -0.182379 -0.126728 -0.127376 -0.102823 -0.034153 0.439206 0.349080 0.017869 -0.052664 0.031273 0.118639 -0.347498 -0.204600 0.289991 0.432987 0.034895 0.201366 0.251072 -0.033856 0.271323 0.260438 0.031572 -0.093543 -0.154587 0.239035 -0.234548 0.040083 0.069599 -0.114670 0.064432 0.011215
0.027451 0.181139 -0.366669 -0.419070 -0.381437 0.017235 -0.239237 -0.368675 -0.246804 -0.474470 -0.368101 -0.179374 -0.461030 -0.173385 -0.387311 -0.339059 0.472687 0.416270 0.563083 1.000000 0.007853 -0.415696 -0.468059 -0.297841 -0.441828 -0.308021 -0.286260 0.040201 0.547059 0.379089 -0.108784 -0.114932 0.569300 0.158657 -0.499414 -0.374934 0.317044 -0.035115 -0.060333 -0.368434 0.185979 0.051034 -0.438141 -0.502767 -0.129292 -0.527665 -0.339726 -0.407326 -0.205894 -0.089111 -0.528910 -0.194225 0.122436 0.085087 0.050116 -0.275177 0.286191 0.272473 0.273133 0.282370 0.092366 -0.108943 0.370815 0.379380 -0.400942 -0.505694 -0.129549 -0.325740 0.251378 -0.126159 0.091364 0.172096 0.523375 0.396210 0.327536 0.242483 0.313356 0.274194 0.428142 0.208211 0.572749 0.463566 0.210017 0.388230 0.229036 0.161591 0.115902 0.150000 -0.375097 0.117151 0.309422 0.073215 -0.355764 -0.398233 -0.097849 0.187877 -0.551453 -0.334259 0.583999 0.423488 -0.086227 0.147945 0.190463 -0.056219 0.171404 0.369299 0.046505 0.126204 -0.093850 0.212768 -0.409414 0.257909 0.120096 0.082617 0.188898 -0.005479
-0.260245 -0.232172 -0.165350 -0.037998 0.116882 0.208657 -0.042275 -0.166028 0.037851 -0.146535 -0.145500 -0.169831 -0.253059 -0.258265 0.350107 0.143063 -0.231035 -0.332677 0.110676 0.007853 1.000000 0.109943 0.320210 0.274310 0.428089 0.409684 0.211786 0.079184 0.155021 0.076334 0.421713 0.423955 -0.216531 -0.041302 0.241203 0.286847 -0.011276 0.127396 0.377798 0.145868 0.110335 0.267627 0.378511 0.377430 0.177230 0.204161 0.438557 0.280741 -0.225210 -0.028526 0.131807 -0.068996 -0.141495 0.190380 -0.126935 0.170396 -0.011768 -0.081427 -0.216080 -0.253263 -0.387404 -0.484112 -0.213929 -0.324725 -0.185286 -0.295098 0.020773 0.164705 -0.385192 -0.234299 0.265089 0.024844 -0.069264 0.309655 0.294376 0.250117 0.020786 0.185689 -0.223773 0.084355 -0.311352 -0.297980 0.116278 -0.135518 0.118886 0.060220 -0.024235 -0.119278 -0.066883 -0.270934 -0.225694 -0.101243 -0.160994 0.018250 0.320108 0.078792 0.108606 -0.057915 -0.176295 -0.244596 -0.324750 -0.369192 -0.002642 -0.151792 0.116331 0.074601 -0.336531 -0.158690 0.294783 -0.081917 0.163972 -0.048474 -0.114282 0.172614 0.139472 -0.069119
-0.047115 -0.166444 0.045530 0.480544 -0.021971 0.090046 -0.057964 -0.110978 -0.118941 0.052714 0.058728 0.087913 0.096024 -0.219703 0.270981 0.294973 -0.230578 -0.352555 -0.250080 -0.415696 0.109943 1.000000 0.476370 0.526901 0.227729 0.479132 0.279129 0.331873 -0.252381 -0.292037 0.009800 0.340924 -0.445292 -0.207661 0.125995 -0.152145 -0.136204 0.193709 0.269326 0.521251 0.009519 0.082651 0.295783 0.344534 -0.322612 -0.114301 0.143954 0.119367 0.198402 -0.146376 0.385179 0.078504 0.036440 -0.225055 0.373897 0.407614 -0.210073 -0.192603 -0.054785 -0.242002 -0.184261 -0.165759 -0.063045 -0.192962 -0.046019 0.042195 -0.075121 -0.028311 -0.134479 0.028362 -0.006669 0.205415 -0.490692 -0.353314 -0.276530 -0.155442 -0.330873 -0.159052 -0.368516 -0.164070 -0.332059 -0.204777 -0.055226 0.051352 0.247860 0.175538 0.203106 0.145951 0.500984 0.166407 -0.398481 -0.303740 -0.012805 -0.009365 0.312049 0.099489 0.511776 0.360341 -0.423288 -0.439290 -0.119293 -0.013399 -0.080058 -0.117074 0.118989 -0.104952 -0.359054 -0.266765 0.277341 -0.183034 0.005426 -0.180889 -0.332763 0.078910 -0.071089 -0.052408
0.035563 -0.389283 0.100267 0.596518 0.238606 0.037808 0.152321 0.201236 0.119010 0.363912 0.101653 0.024123 0.066954 -0.199207 0.588521 0.442073 -0.527083 -0.560962 0.001884 -0.468059 0.320210 0.476370 1.000000 0.761400 0.589436 0.755764 0.428004 0.143782 -0.165157 -0.241756 0.444276 0.745895 -0.508950 0.044466 0.479462 0.163821 -0.196296 0.145172 0.126669 0.301691 0.008705 0.093901 0.538939 0.580055 -0.225571 0.319839 0.514660 0.475706 -0.181681 0.062611 0.378333 -0.040019 -0.311757 0.183795 -0.217803 0.163784 -0.327363 -0.238656 -0.438078 -0.603072 -0.480158 -0.416217 -0.510033 -0.645818 0.056922 0.066491 -0.144248 0.111840 -0.429383 -0.327186 0.221684 0.161666 -0.555794 -0.067623 0.134899 -0.150638 -0.037082 0.027996 -0.445221 -0.153365 -0.644628 -0.574061 0.048764 -0.281386 -0.062337 -0.256514 -0.076240 -0.240497 0.379986 -0.327251 -0.102430 0.083456 0.351742 0.384593 0.337719 -0.225673 0.456053 0.211407 -0.259952 -0.281880 -0.075092 -0.240926 0.025356 -0.070462 0.166159 -0.033739 -0.196645 -0.136986 -0.107921 -0.179054 0.363140 -0.150804 -0.237752 0.046906 0.015016 -0.148527
-0.239796 -0.321362 -0.085119 0.373475 -0.013090 0.274702 0.038063 0.149859 -0.130596 0.195464 -0.246485 0.033616 -0.181629 -0.376573 0.298954 0.191597 -0.447818 -0.578398 -0.037408 -0.297841 0.274310 0.526901 0.761400 1.000000 0.466622 0.762066 0.435206 0.432587 -0.203533 -0.306707 0.277598 0.662289 -0.507598 -0.182216 0.380220 0.037418 0.063356 0.331797 0.382424 0.388104 0.219761 0.161032 0.454722 0.489070 -0.232511 0.242251 0.453756 0.390227 -0.306815 -0.068993 0.266824 -0.096925 -0.336288 0.086345 -0.063588 0.314040 -0.203146 -0.170179 -0.426716 -0.506146 -0.588460 -0.553418 -0.444490 -0.595729 -0.129196 -0.098750 -0.177379 0.205124 -0.409806 -0.196434 0.276593 0.250575 -0.502493 -0.043733 0.098150 -0.166974 -0.064251 0.094367 -0.318885 -0.285746 -0.556645 -0.483771 0.065083 -0.060556 0.151060 0.176037 0.218361 0.107166 0.392564 -0.223259 0.052734 -0.017483 0.350189 0.212984 0.409566 -0.029543 0.384139 0.151932 -0.020674 -0.136348 -0.004602 -0.282523 -0.124180 0.000798 0.210177 0.115627 -0.294648 -0.229709 -0.014661 0.016686 0.437625 -0.012232 -0.167945 0.020314 -0.045397 -0.127340
-0.317866 -0.487747 0.369659 0.305082 0.376425 0.175139 0.438130 0.369847 0.282627 0.282499 -0.054798 0.024129 0.105621 -0.041010 0.440730 0.384781 -0.553892 -0.463128 -0.261228 -0.441828 0.428089 0.227729 0.589436 0.466622 1.000000 0.633350 0.228936 -0.059234 -0.228930 -0.063041 0.660790 0.546357 -0.293992 0.094873 0.555982 0.470583 -0.273310 0.018923 0.268804 0.138617 0.020662 0.004627 0.559963 0.599340 0.244942 0.654598 0.567754 0.498999 -0.251154 0.126707 0.372170 -0.219458 -0.392142 0.185820 -0.339547 0.220353 -0.270535 -0.341655 -0.514621 -0.478218 -0.586589 -0.421477 -0.646657 -0.667838 -0.052413 -0.068509 0.221872 0.483397 -0.493852 -0.269927 0.151760 0.143092 -0.359829 -0.161134 0.043026 -0.181154 -0.189758 -0.060075 -0.320717 -0.002258 -0.602002 -0.508333 -0.140287 -0.398732 -0.254239 -0.127547 -0.256655 -0.347245 -0.136790 -0.509300 -0.261971 0.129865 0.176262 0.536109 0.402128 -0.147548 0.498806 0.280301 -0.330681 -0.352667 -0.097439 -0.305042 -0.113637 0.142767 0.023799 -0.027546 -0.286199 -0.106213 -0.046535 -0.156098 0.583582 0.022136 -0.132473 0.127964 0.097505 0.060728
-0.158370 -0.318038 -0.092203 0.470920 0.016306 0.404679 -0.108469 0.051629 -0.229118 0.047197 -0.201831 -0.109803 -0.146427 -0.408297 0.260121 0.304556 -0.423546 -0.599918 -0.187597 -0.308021 0.409684 0.479132 0.755764 0.762066 0.633350 1.000000 0.530462 0.507989 -0.344744 -0.346416 0.359549 0.725404 -0.469322 -0.007947 0.455692 0.212327 -0.145928 0.296187 0.261255 0.403425 0.005626 0.080080 0.458283 0.484672 -0.052826 0.323127 0.467186 0.369275 -0.077043 0.065570 0.464437 -0.005704 -0.216121 0.112039 -0.037107 0.365820 -0.182036 -0.163899 -0.329277 -0.369784 -0.586804 -0.530127 -0.452654 -0.536545 -0.212098 -0.063541 0.083359 0.325233 -0.306959 -0.143550 0.136625 0.251863 -0.562216 -0.177145 -0.054721 -0.325146 -0.255980 -0.017461 -0.342686 -0.251683 -0.573108 -0.451391 -0.198747 -0.229373 0.083038 0.103910 0.203124 0.057257 0.282120 -0.189731 -0.187172 -0.177743 0.120271 0.168546 0.410035 -0.145854 0.448037 0.229177 -0.170228 -0.350074 -0.130869 -0.325531 -0.211541 0.011155 0.081106 0.077824 -0.347554 -0.121527 0.019988 -0.172045 0.306093 -0.119522 -0.345412 0.090660 -0.059640 -0.153778
0.158537 -0.196904 -0.089243 0.211508 0.302883 0.471351 -0.208381 -0.166451 -0.079080 0.154802 0.115230 -0.120099 0.002844 -0.352237 0.385480 0.304001 -0.235069 -0.520291 -0.011061 -0.286260 0.211786 0.279129 0.428004 0.435206 0.228936 0.530462 1.000000 0.458016 -0.204725 -0.399214 -0.038394 0.347140 -0.536830 -0.239557 0.112546 0.061168 0.043636 0.116346 0.155948 0.345368 0.039441 -0.131991 0.348893 0.317800 -0.120624 0.172464 0.227397 0.304898 0.141671 0.277152 0.372387 0.241683 0.042315 0.242888 -0.066110 0.067836 0.003356 -0.024764 0.064312 -0.217929 -0.222705 -0.398840 -0.330852 -0.347067 0.062806 -0.040079 0.137682 0.124506 0.101975 -0.018682 0.052041 0.022031 -0.404907 -0.213858 -0.154982 -0.214262 -0.188789 -0.132866 0.003448 0.008949 -0.211185 -0.173675 0.089219 -0.111775 0.138565 -0.020072 0.098462 0.011069 0.255232 -0.158185 0.023821 0.045437 0.251755 0.147753 -0.017710 -0.209791 0.250855 -0.013757 -0.195707 -0.148675 0.071376 -0.329334 -0.222773 -0.117154 -0.092498 -0.220491 -0.188780 -0.115432 -0.119466 -0.343386 0.095138 -0.278016 -0.242329 -0.281916 -0.277108 -0.347420
-0.151819 0.024661 -0.495913 0.126521 -0.437215 0.573055 -0.489650 -0.322951 -0.607713 -0.458045 -0.398997 -0.224537 -0.435050 -0.507846 -0.228001 -0.286461 -0.100295 -0.394133 -0.138785 0.040201 0.079184 0.331873 0.143782 0.432587 -0.059234 0.507989 0.458016 1.000000 -0.234655 -0.472578 -0.221075 0.200679 -0.341846 -0.308298 0.095931 -0.080647 0.169515 0.489678 0.122585 0.259292 -0.103441 -0.018625 -0.022116 -0.048019 -0.112708 -0.116123 0.017646 -0.056469 0.029696 0.007872 0.177122 0.157368 0.043691 0.012926 0.356711 0.331553 -0.082240 0.136641 -0.019113 0.158615 -0.336094 -0.336754 -0.031793 -0.063357 -0.275455 -0.188967 0.170946 0.236170 0.088133 0.239179 0.051887 0.163232 -0.392191 -0.081912 -0.236929 -0.225811 -0.180520 0.008051 -0.052233 -0.249050 -0.054398 -0.007774 -0.177404 0.064243 0.657458 0.634670 0.675587 0.604235 0.394222 0.273564 0.003584 -0.366197 -0.070120 -0.276287 -0.022227 0.054358 0.141705 -0.050862 0.127492 -0.105954 -0.002930 -0.062186 -0.318460 0.017470 0.057586 0.064373 -0.088559 0.076969 0.132979 -0.035150 -0.060856 -0.171184 -0.221744 -0.210422 -0.163453 -0.180943
0.076326 -0.036026 0.085770 -0.486543 0.080120 -0.145010 0.198867 -0.318460 0.254382 -0.225453 0.100057 -0.197569 -0.082970 -0.047131 0.133769 -0.170678 0.283732 0.314775 0.680904 0.547059 0.155021 -0.252381 -0.165157 -0.203533 -0.228930 -0.344744 -0.204725 -0.234655 1.000000 0.633436 0.179840 0.009011 0.264885 -0.064599 -0.315620 -0.263905 0.161899 -0.304058 0.024344 -0.233288 0.223531 0.029015 -0.318121 -0.365204 -0.113167 -0.361630 -0.255649 -0.369982 -0.261302 -0.003736 -0.349652 -0.202673 0.035765 -0.010070 -0.119963 -0.390027 0.043945 0.057435 0.128541 -0.057589 0.108899 -0.087510 0.252929 0.175433 0.049353 -0.427461 -0.335111 -0.396480 -0.054528 -0.302876 0.270459 0.059308 0.587152 0.370889 0.280954 0.278059 0.262290 0.166763 0.251855 0.352311 0.457567 0.344758 0.616643 0.451297 0.037290 -0.077612 -0.111260 -0.089487 -0.237554 -0.073546 0.192035 0.202667 -0.292685 -0.191044 -0.055425 0.259568 -0.420159 -0.321813 0.253140 0.328798 -0.270083 0.148721 0.033277 -0.105443 0.350295 0.080192 -0.094859 -0.140780 0.119362 0.143105 -0.237898 0.076310 0.281912 -0.000520 0.026606 0.009062
-0.138870 0.061944 0.352034 -0.319175 0.204320 -0.131044 0.360038 -0.003378 0.322952 -0.136105 -0.077585 -0.103398 0.049754 0.236795 -0.022402 0.026091 0.297070 0.460689 0.240608 0.379089 0.076334 -0.292037 -0.241756 -0.306707 -0.063041 -0.346416 -0.399214 -0.472578 0.633436 1.000000 0.266368 -0.038215 0.462691 0.219956 -0.435698 -0.180492 -0.001515 -0.383836 0.039695 -0.223895 0.188475 0.197052 -0.202062 -0.292550 0.142555 -0.202265 -0.103227 -0.258251 -0.188965 0.042681 -0.405296 -0.228540 0.148216 0.006510 -0.174772 -0.277263 -0.056893 0.218414 0.092649 0.067787 0.144522 0.070764 0.217854 0.264865 -0.102531 -0.434223 -0.193212 -0.407937 -0.108907 -0.229960 0.188565 0.106512 0.687085 0.395548 0.197776 0.277917 0.128820 0.117680 0.117640 0.271467 0.325685 0.329575 0.355136 0.557106 -0.349091 -0.186493 -0.192048 -0.096986 -0.529583 -0.142808 0.118556 0.146659 -0.215057 -0.092141 0.024577 0.147054 -0.285150 -0.354611 0.253026 0.099209 -0.213024 0.009955 0.214976 -0.085131 0.294984 0.116452 -0.141996 -0.176444 0.028062 -0.055230 -0.173815 0.253067 0.430584 0.213627 0.176384 0.180061
-0.252360 -0.401391 0.308366 0.092765 0.310553 -0.035741 0.514296 0.361734 0.363549 0.146276 -0.013247 0.091012 -0.079858 0.036455 0.332468 0.130461 -0.354475 -0.224778 0.051606 -0.108784 0.421713 0.009800 0.444276 0.277598 0.660790 0.359549 -0.038394 -0.221075 0.179840 0.266368 1.000000 0.688501 0.090643 0.315318 0.420407 0.280931 -0.310431 -0.105807 0.141079 -0.044057 -0.010633 0.073734 0.313114 0.421368 0.140683 0.476850 0.460404 0.288265 -0.512765 -0.136132 0.125034 -0.395444 -0.502365 0.098257 -0.553177 -0.002493 -0.268430 -0.279198 -0.608867 -0.492234 -0.526783 -0.375816 -0.510073 -0.477687 0.088441 -0.138625 0.002937 0.299038 -0.465358 -0.254554 0.239557 0.055703 0.025882 0.126207 0.289178 0.019119 0.098397 0.107888 -0.236429 0.267245 -0.433380 -0.323753 0.044995 -0.197672 -0.222873 -0.096567 -0.321823 -0.335890 -0.328146 -0.564134 -0.273983 0.054869 -0.079709 0.303435 0.508600 -0.206416 0.367489 0.038355 -0.031375 -0.088583 -0.409824 -0.153398 0.058563 -0.034416 0.102306 0.073745 -0.259687 -0.091039 -0.110948 -0.032237 0.423929 0.281308 0.041481 0.342279 0.240513 0.148491
-0.147383 -0.350185 -0.000567 0.383901 0.074659 0.136656 0.098245 0.164003 0.038367 0.122761 -0.152751 0.052554 -0.243479 -0.222677 0.367869 0.298017 -0.432335 -0.520427 0.099656 -0.114932 0.423955 0.340924 0.745895 0.662289 0.546357 0.725404 0.347140 0.200679 0.009011 -0.038215 0.688501 1.000000 -0.209735 0.205026 0.354073 0.051060 -0.236013 0.164468 0.186658 0.228694 0.041384 0.177967 0.421993 0.417205 -0.198433 0.218735 0.447952 0.359547 -0.353683 -0.155468 0.170586 -0.296114 -0.407907 0.112591 -0.304599 0.108973 -0.325424 -0.206927 -0.492637 -0.495711 -0.610743 -0.486598 -0.484320 -0.528924 -0.120041 -0.160285 -0.088210 0.135558 -0.366839 -0.239378 0.366886 0.282893 -0.310193 0.121057 0.213240 -0.001838 0.094470 0.239525 -0.369775 -0.077634 -0.559534 -0.452782 0.125582 -0.009487 0.013122 -0.031920 0.069012 -0.082186 0.045391 -0.386030 -0.093092 -0.007943 0.106691 0.218304 0.531626 -0.202792 0.379109 0.060049 0.014119 -0.161464 -0.339266 -0.224703 -0.028165 -0.027246 0.124370 0.119836 -0.267817 -0.122177 -0.192486 -0.019816 0.309734 0.185419 -0.095259 0.280520 0.200261 -0.118693
0.173614 0.216964 0.090433 -0.333613 -0.128323 -0.252528 0.127368 0.083922 0.160393 -0.120119 -0.030205 0.104786 0.007135 0.345016 -0.377572 -0.185890 0.474133 0.597550 0.115114 0.569300 -0.216531 -0.445292 -0.508950 -0.507598 -0.293992 -0.469322 -0.536830 -0.341846 0.264885 0.462691 0.090643 -0.209735 1.000000 0.624130 -0.354634 -0.156858 0.093379 -0.325172 -0.257988 -0.463329 -0.063244 0.015286 -0.502446 -0.491641 0.097292 -0.301294 -0.407433 -0.470160 -0.037892 -0.126261 -0.401881 -0.321585 0.006215 -0.216753 -0.161820 -0.451640 0.254365 0.140508 0.299705 0.416349 0.252917 0.274456 0.287512 0.457929 -0.118855 -0.115143 0.132940 -0.241242 0.301077 0.052406 -0.264064 -0.163274 0.601747 0.255309 0.221410 0.039110 0.243133 0.010644 0.297397 0.290190 0.395463 0.408302 -0.117178 0.158848 -0.235499 -0.068416 -0.129355 -0.044307 -0.500601 -0.079107 -0.025686 -0.152347 -0.384644 -0.262669 -0.053300 -0.191861 -0.346124 -0.247819 0.330369 0.285551 -0.212745 0.153978 0.232050 0.051446 0.045318 0.140922 0.198565 0.076186 -0.319352 0.082404 -0.321986 0.216149 0.052215 0.184806 0.252599 0.015959
0.169937 0.113383 0.249224 0.170947 0.056577 -0.142513 0.124430 0.349536 0.200225 0.164669 0.083794 0.251087 0.118008 0.441201 -0.051998 0.194874 0.043273 0.302644 -0.078134 0.158657 -0.041302 -0.207661 0.044466 -0.182216 0.094873 -0.007947 -0.239557 -0.308298 -0.064599 0.219956 0.315318 0.205026 0.624130 1.000000 0.065714 0.230322 -0.310517 -0.358991 -0.358393 -0.417366 -0.379515 -0.183862 -0.213153 -0.159659 0.033569 0.021685 -0.166885 -0.192224 0.007854 0.073646 -0.026185 -0.315531 -0.169723 -0.220477 -0.355505 -0.506086 -0.029440 0.107777 0.050509 0.241280 0.063192 0.270336 -0.044472 0.149686 0.087799 0.211894 0.206051 0.088325 0.221007 0.130804 -0.183123 -0.164174 0.106474 0.050136 0.058651 -0.140021 0.108985 -0.073379 -0.108715 0.061905 -0.100957 -0.039721 -0.161647 -0.076051 -0.378437 -0.294577 -0.233121 -0.183906 -0.227860 -0.268087 -0.194706 -0.190251 -0.129293 -0.037072 -0.005076 -0.584445 -0.035063 -0.195834 -0.003579 -0.145137 -0.198016 0.002352 0.129306 -0.113202 -0.174153 -0.129225 0.157525 0.038133 -0.562410 -0.181652 -0.023320 0.139715 -0.136224 0.313725 0.138964 -0.300940
-0.236811 -0.471948 0.081345 0.257419 0.098343 -0.025725 0.158911 0.334595 0.116066 0.307890 0.026644 -0.074162 0.040367 -0.069306 0.161824 -0.012515 -0.555534 -0.457358 -0.277398 -0.499414 0.241203 0.125995 0.479462 0.380220 0.555982 0.455692 0.112546 0.095931 -0.315620 -0.435698 0.420407 0.354073 -0.354634 0.065714 1.000000 0.658010 -0.258331 0.104676 0.036972 0.119646 -0.113168 -0.043105 0.333893 0.475837 0.298830 0.691690 0.448115 0.360539 -0.151234 0.047276 0.448240 -0.039506 -0.493563 -0.033104 -0.310441 0.141700 -0.305718 -0.354223 -0.538129 -0.273857 -0.350049 -0.141478 -0.427415 -0.508295 0.368426 0.379090 0.276053 0.696483 -0.401617 0.114826 0.005623 -0.130805 -0.423569 -0.126229 -0.011387 -0.183581 -0.102490 -0.115035 -0.448684 -0.082382 -0.660135 -0.508419 -0.359276 -0.575053 0.029647 -0.053385 -0.031052 -0.142737 0.338052 -0.370886 -0.324084 -0.135963 0.098602 0.270921 0.290015 -0.215628 0.405061 0.219066 -0.366907 -0.319650 -0.129890 -0.193158 -0.329730 0.005851 -0.093995 -0.138715 -0.053177 -0.018854 -0.062349 0.164140 0.516220 -0.064412 -0.286964 0.040816 -0.088169 0.023504
-0.312429 -0.254946 0.223796 -0.004884 0.292904 0.070593 0.167509 0.227061 0.145801 0.174577 0.083553 -0.172868 0.129869 0.102491 0.118835 0.042617 -0.403000 -0.209965 -0.361078 -0.374934 0.286847 -0.152145 0.163821 0.037418 0.470583 0.212327 0.061168 -0.080647 -0.263905 -0.180492 0.280931 0.051060 -0.156858 0.230322 0.658010 1.000000 -0.216190 -0.059626 0.141027 -0.071972 -0.104561 -0.048960 0.251905 0.387626 0.524184 0.727349 0.330657 0.375938 -0.054687 0.079242 0.329059 0.002998 -0.381134 0.020293 -0.410911 -0.034651 -0.239951 -0.207057 -0.367757 -0.066045 -0.178873 -0.023525 -0.356582 -0.341658 0.236062 0.318937 0.317830 0.682683 -0.310590 0.061525 -0.080650 -0.185162 -0.250563 -0.023788 -0.154985 -0.166374 -0.076838 0.019904 -0.169257 0.054954 -0.404099 -0.312661 -0.313666 -0.548604 -0.213146 -0.115026 -0.230326 -0.261247 -0.018213 -0.323572 -0.334146 -0.090945 -0.079912 0.178148 0.091902 -0.247293 0.246021 0.126791 -0.348124 -0.240708 -0.085370 -0.285715 -0.341789 0.004216 -0.190102 -0.143913 0.026081 0.151239 0.059313 -0.001763 0.617906 -0.049860 -0.141969 0.111425 -0.141682 0.054156
