1.000000 0.334601 -0.305673 -0.570538 -0.337064 -0.328508 -0.357146 -0.676638 -0.225074 -0.321897 0.324019 -0.455478 0.029984 -0.444153 -0.081961 -0.290919 0.578022 0.390144 -0.031539 -0.012852 -0.181196 -0.270735 -0.193481 -0.546198 -0.172391 -0.472496 0.027143 0.046028 0.171869 0.154256 -0.338218 -0.580335 0.624218 0.017912 -0.260125 -0.313905 0.143333 -0.192245 -0.088962 -0.097926 -0.149632 -0.125481 -0.149631 -0.070326 0.052455 -0.346953 -0.106220 -0.171775 0.080577 0.171613 -0.492994 -0.010064 0.145877 0.273440 -0.263776 -0.042715 0.831265 0.830642 0.489157 0.465630 0.272802 0.152540 0.058849 0.331279 -0.337704 -0.415138 0.458944 -0.500419 0.713039 0.701665 -0.195395 -0.297121 0.188863 -0.035662 0.116531 -0.152603 -0.095876 -0.243334 0.224816 0.419966 0.509818 0.481749 -0.030111 -0.401185 0.101619 0.084613 -0.038169 -0.099835 -0.253470 -0.276717 -0.601557 -0.480177 -0.514451 -0.295783 0.265002 -0.036747 -0.027370 0.178829 -0.321862 0.166611 -0.273911 0.067508 -0.305140 0.073656 -0.197249 -0.180071 0.075791 0.217170 0.526532 0.335260 -0.145980 -0.191493 -0.508234 0.158473 -0.227757 0.335275
0.334601 1.000000 -0.394397 -0.267272 0.042512 -0.190846 -0.041878 -0.027383 -0.125683 0.072732 -0.158007 0.208998 -0.030043 0.239769 -0.256286 0.073525 0.127377 0.379638 -0.065476 0.293469 0.158592 -0.125838 -0.513357 -0.483471 -0.367131 -0.333403 -0.207027 -0.120372 0.139997 0.323745 -0.126957 -0.268331 0.376428 0.279407 -0.076135 -0.284174 0.057037 0.008221 -0.153802 0.000809 -0.060424 0.053958 -0.090114 -0.120903 0.154168 0.030413 -0.183992 -0.197205 -0.318550 0.198175 -0.426368 -0.131339 -0.267540 -0.201743 -0.174400 -0.089020 0.221793 0.264588 0.077334 0.073812 0.050991 0.377520 0.059432 0.403167 -0.167507 0.011981 0.207242 -0.330784 0.435161 0.230809 0.183980 0.035612 0.256481 0.210886 0.157710 0.157569 0.026848 0.004277 0.076769 0.146377 0.286804 0.223600 0.146615 -0.033634 -0.082344 0.197643 0.010332 -0.008989 -0.338246 -0.376973 -0.319183 -0.329466 -0.193491 -0.297235 0.130075 0.212376 -0.108055 0.157714 -0.104049 0.040980 -0.109237 0.087022 0.103217 -0.029192 -0.117689 -0.377004 0.432283 0.107348 0.461140 0.246742 -0.351706 0.042494 -0.050942 -0.034007 -0.082936 0.102825
-0.305673 -0.394397 1.000000 0.497998 0.155643 0.056689 0.599762 0.435954 0.546825 0.422181 0.294761 0.145013 0.424371 0.436634 0.628078 0.312279 -0.295682 -0.377532 0.581591 0.017720 -0.190841 -0.321686 0.580985 0.391452 0.458963 0.157144 0.022004 0.010619 -0.261394 -0.329385 0.217672 0.252758 -0.409610 -0.103359 0.261898 0.497553 -0.217924 -0.160835 -0.033880 -0.064584 -0.159640 -0.089275 -0.190482 -0.201395 -0.273554 0.040894 -0.333993 -0.278699 0.023863 -0.296548 0.097712 -0.256853 -0.387917 -0.391459 -0.006336 -0.280245 -0.405782 -0.419914 -0.232751 -0.474832 0.345801 0.073195 0.077949 -0.117284 0.544562 0.464939 -0.520577 0.078849 -0.448158 -0.391016 -0.106220 -0.114979 -0.274827 -0.133253 -0.031766 -0.073907 -0.053552 0.083145 -0.355306 -0.193987 -0.522985 -0.380911 -0.199889 -0.030229 -0.284504 -0.336243 -0.105214 -0.011777 0.427496 0.264030 0.318632 0.440580 0.596474 0.622984 -0.336946 -0.235151 -0.452379 -0.324239 -0.278153 -0.404136 0.383682 0.222383 -0.104061 0.040417 0.240426 0.421727 -0.112008 -0.083006 -0.204531 -0.104361 -0.137148 -0.280115 0.245308 -0.058385 0.296529 0.043121
-0.570538 -0.267272 0.497998 1.000000 0.287272 0.460731 0.522338 0.793089 0.460196 0.690114 -0.160184 0.365500 0.156406 0.464092 0.417489 0.617046 -0.550938 -0.605488 0.273420 0.158079 0.182892 0.166848 0.485921 0.771627 0.371808 0.574530 0.229563 0.224194 -0.445293 -0.517352 0.128463 0.543899 -0.724058 -0.048354 0.365155 0.559535 -0.475179 -0.270673 -0.139360 -0.102774 -0.260879 -0.305684 -0.111057 -0.132865 -0.232463 0.177914 -0.252301 -0.100599 -0.025157 -0.262286 0.337216 -0.080315 -0.129249 -0.339124 -0.007627 -0.379533 -0.503521 -0.554541 -0.170023 -0.465073 0.103449 0.242860 -0.026979 -0.313066 0.632604 0.680224 -0.488029 0.306886 -0.399962 -0.406090 -0.164676 -0.096014 -0.625585 -0.440439 -0.389789 -0.219789 -0.395043 -0.141270 -0.199943 -0.430761 -0.515676 -0.453368 -0.164108 0.131333 -0.140905 -0.042893 0.037306 0.192910 0.402267 0.191823 0.450432 0.401204 0.726655 0.424762 -0.272056 -0.256404 -0.402450 -0.326091 -0.125838 -0.330746 0.407758 -0.004958 -0.087799 -0.292486 -0.077424 0.113143 -0.006370 -0.116980 -0.275189 -0.282592 -0.167972 -0.079956 0.182630 -0.233899 0.067170 -0.217531
-0.337064 0.042512 0.155643 0.287272 1.000000 0.538483 0.178560 0.382288 0.532126 0.359251 0.000633 0.487939 0.155392 0.442262 0.357201 0.538079 -0.352065 -0.169933 -0.041817 -0.020611 0.510763 0.214703 0.168523 0.196973 0.376454 0.323974 0.408672 0.220821 -0.139837 -0.175579 -0.092172 0.163753 -0.257201 0.034749 0.147073 0.045272 -0.253717 -0.110605 0.136696 -0.107079 -0.070987 -0.011237 -0.312307 -0.354741 -0.222112 0.079527 -0.124700 -0.002666 -0.123651 -0.105541 0.274647 -0.099305 -0.124163 -0.229443 -0.022951 -0.041583 -0.304600 -0.275966 -0.207402 -0.271195 0.103419 0.156576 -0.008526 0.019262 0.267604 0.359297 -0.222826 0.115501 -0.151444 -0.213260 0.067066 0.088439 -0.198108 -0.105256 -0.201217 -0.032932 -0.264335 -0.207080 -0.169463 -0.185788 -0.192194 -0.144661 0.146703 0.363959 -0.021001 0.078652 -0.098823 0.208585 -0.028835 -0.092922 0.166938 0.277528 0.247095 0.219827 0.020350 -0.185617 -0.104825 -0.141368 -0.038638 -0.183740 0.204820 0.163024 -0.010297 -0.066249 0.029050 0.115401 0.169255 0.126838 -0.161445 -0.488887 -0.081040 0.029615 -0.039729 -0.300697 -0.273916 0.067171
-0.328508 -0.190846 0.056689 0.460731 0.538483 1.000000 0.010729 0.313801 0.271512 0.356127 -0.195967 0.317855 -0.036586 0.151700 0.231375 0.408907 -0.297218 -0.157770 -0.223125 -0.043963 0.418941 0.405099 0.406705 0.638782 0.253124 0.472451 0.604018 0.508230 -0.454546 -0.499791 -0.298825 0.177083 -0.400758 -0.155447 0.397375 0.285877 -0.431309 -0.383091 -0.119335 -0.189648 -0.279273 -0.384099 -0.310874 -0.295912 -0.139645 0.149442 -0.154652 0.037816 0.064555 -0.042419 0.229906 0.125132 0.269791 0.143384 0.064991 -0.030484 -0.126861 -0.111841 0.087238 -0.101306 0.193641 0.107701 0.044338 0.023796 0.386191 0.307811 -0.018705 0.395234 -0.032036 0.045138 -0.043751 0.152383 -0.609355 -0.397446 -0.443087 -0.322677 -0.514315 -0.404928 -0.231223 -0.102852 -0.312614 -0.214560 -0.158261 0.040356 0.096764 0.128113 -0.038971 0.505234 0.295493 0.199768 0.257760 0.227205 0.249735 0.027106 -0.153637 -0.415552 -0.076723 -0.221022 -0.022591 -0.168528 0.041979 -0.189681 -0.212166 -0.438266 -0.180112 0.058282 0.043918 0.032979 -0.230300 -0.651709 -0.204902 0.040968 -0.063684 -0.437445 -0.468820 -0.120130
-0.357146 -0.041878 0.599762 0.522338 0.178560 0.010729 1.000000 0.596238 0.478356 0.616741 0.063427 0.366884 0.298620 0.504296 0.339441 0.391010 -0.480556 -0.528097 0.630448 0.316615 -0.054963 -0.318966 0.188915 0.260183 0.166498 0.020898 -0.285788 -0.346591 -0.242486 -0.204415 0.389694 0.433328 -0.430407 0.087516 0.438445 0.534451 -0.229516 -0.023113 -0.190201 -0.046061 -0.104392 -0.105536 -0.026799 -0.079463 -0.058511 0.306908 -0.206829 -0.168582 -0.133992 -0.160857 -0.056953 -0.307425 -0.439074 -0.458001 -0.050679 -0.282675 -0.543331 -0.529522 -0.371452 -0.669021 0.078447 0.080934 -0.231299 -0.454150 0.575730 0.628054 -0.689749 0.119866 -0.473702 -0.528278 0.173725 0.097067 -0.222832 0.002345 -0.047467 0.104301 0.192169 0.462477 -0.369457 -0.463096 -0.490263 -0.535537 -0.010471 0.091181 -0.388841 -0.338635 -0.021658 -0.123081 0.221026 0.112545 0.463209 0.512321 0.567575 0.494288 -0.487916 -0.006395 -0.523679 -0.281108 -0.048603 -0.176770 0.302746 0.202895 0.158715 0.045705 0.120126 0.139763 -0.109274 -0.226835 -0.125020 -0.025440 -0.124540 -0.058290 0.400410 0.005347 0.407628 0.047883
-0.676638 -0.027383 0.435954 0.793089 0.382288 0.313801 0.596238 1.000000 0.381707 0.707382 -0.358257 0.554274 0.164246 0.657118 0.159381 0.502116 -0.630059 -0.481862 0.253150 0.234496 0.261321 0.056146 0.102646 0.510939 0.249118 0.454837 -0.075870 -0.130994 -0.282763 -0.283038 0.217214 0.579732 -0.658610 0.120181 0.402670 0.491582 -0.393545 -0.037169 -0.055860 0.076408 -0.100377 -0.139702 -0.150280 -0.239907 -0.175306 0.304964 -0.247965 -0.188469 -0.154416 -0.228757 0.253760 -0.218507 -0.337926 -0.507685 0.062533 -0.274581 -0.684320 -0.708546 -0.346688 -0.589520 0.015843 0.227142 -0.082177 -0.303792 0.418241 0.707850 -0.592283 0.282051 -0.515150 -0.560026 0.100782 0.130806 -0.326067 -0.158412 -0.217699 0.008081 -0.157361 0.103108 -0.314666 -0.493355 -0.559330 -0.564911 -0.034073 0.237069 -0.369184 -0.172970 -0.009621 0.037642 0.236876 0.102160 0.649646 0.550952 0.787505 0.455217 -0.273520 -0.050324 -0.366449 -0.175982 0.064077 -0.167518 0.493532 0.112295 0.263700 -0.072573 0.145026 0.170409 0.162015 -0.176416 -0.332990 -0.188618 -0.137745 0.244905 0.467086 -0.147927 0.303870 -0.122631
-0.225074 -0.125683 0.546825 0.460196 0.532126 0.271512 0.478356 0.381707 1.000000 0.626665 0.099457 0.258886 0.237902 0.349717 0.614369 0.504594 -0.311938 -0.416484 0.476964 0.071328 0.033065 -0.156201 0.541588 0.295106 0.452432 0.150182 0.164145 0.129868 -0.413794 -0.311631 -0.120655 0.143013 -0.377776 -0.086330 0.351291 0.404247 -0.298130 -0.162136 0.029146 -0.058585 -0.207088 -0.105529 -0.419180 -0.409284 -0.303843 -0.024445 -0.332786 -0.161376 -0.008793 -0.231956 0.057670 -0.203747 -0.330748 -0.376156 -0.147394 -0.217953 -0.277468 -0.290974 -0.218938 -0.464513 0.153037 0.131361 -0.104065 -0.122657 0.621978 0.544086 -0.371862 -0.052305 -0.090461 -0.200492 -0.049881 -0.191142 -0.340449 -0.181533 -0.120618 0.000622 -0.086034 -0.001045 -0.216341 -0.154171 -0.293856 -0.167400 -0.144557 0.047456 -0.137916 -0.049315 -0.046281 0.235063 0.303603 -0.054382 0.243552 0.463166 0.521941 0.603694 -0.191943 -0.267689 -0.374390 -0.171446 -0.178704 -0.160547 0.422229 0.390817 -0.116979 0.111157 -0.007424 0.298680 -0.034789 -0.053045 -0.099374 -0.136896 0.014304 -0.114413 0.106276 -0.137664 0.015236 0.051948
-0.321897 0.072732 0.422181 0.690114 0.359251 0.356127 0.616741 0.707382 0.626665 1.000000 -0.203334 0.343099 0.153892 0.548702 0.356014 0.672749 -0.515166 -0.502210 0.444180 0.192647 0.097909 -0.178575 0.261832 0.351201 0.105262 0.060187 -0.005656 -0.055858 -0.558762 -0.483279 -0.156650 0.186390 -0.563403 -0.115856 0.390180 0.459692 -0.531208 -0.373896 -0.142381 -0.052925 -0.302460 -0.367814 -0.239916 -0.321039 -0.216198 0.200311 -0.255643 -0.146637 -0.137127 -0.185132 -0.029631 -0.274628 -0.226119 -0.382602 -0.046664 -0.247374 -0.359436 -0.362453 -0.108706 -0.418572 0.199031 0.446601 -0.153287 -0.199082 0.575796 0.801645 -0.411278 0.080246 -0.176224 -0.259361 -0.001272 -0.029624 -0.524728 -0.339970 -0.290401 -0.168048 -0.212250 -0.025992 -0.330832 -0.420682 -0.497055 -0.469478 -0.058022 0.013916 -0.300153 -0.236655 0.189765 0.221923 0.379332 0.042500 0.485007 0.547433 0.632885 0.509849 -0.323164 -0.180670 -0.416256 -0.104507 -0.042774 -0.072319 0.460439 0.347751 -0.083486 -0.002141 -0.093445 0.143191 0.092593 -0.155164 -0.204181 -0.165562 -0.151472 0.142982 0.197212 -0.110215 0.165997 -0.111255
0.324019 -0.158007 0.294761 -0.160184 0.000633 -0.195967 0.063427 -0.358257 0.099457 -0.203334 1.000000 0.042871 0.487494 -0.016718 0.655257 0.129674 0.402085 0.188510 0.306514 -0.202964 -0.369940 -0.310571 0.289921 -0.176782 0.023859 -0.215666 0.170644 0.081888 0.323521 0.166895 0.099705 -0.126785 0.134119 -0.194157 -0.117302 -0.082868 0.173541 -0.035733 0.073598 -0.144858 -0.105705 -0.024481 -0.013210 0.136727 -0.136260 -0.260938 -0.065056 -0.065195 -0.015154 -0.112024 -0.052231 -0.110965 -0.165807 -0.008801 -0.029481 -0.135469 0.125866 0.120078 -0.116969 -0.035494 0.228355 -0.101747 0.328662 0.204576 0.120825 -0.129662 -0.069249 -0.292928 -0.045388 -0.098789 -0.108841 -0.204834 0.152835 0.025025 0.121423 -0.054167 0.069744 0.056535 0.051145 0.252189 0.064960 0.159189 0.130018 0.092853 0.064400 -0.029975 -0.188202 -0.295450 0.055520 0.014275 -0.401652 -0.206792 -0.243282 0.032112 -0.003013 -0.045696 -0.197193 -0.198827 -0.362751 -0.295355 -0.125053 0.108298 -0.159416 0.018452 0.058471 0.023551 -0.106233 0.152257 0.163272 0.087605 -0.109816 -0.475371 -0.301980 0.129187 -0.021562 0.321182
-0.455478 0.208998 0.145013 0.365500 0.487939 0.317855 0.366884 0.554274 0.258886 0.343099 0.042871 1.000000 0.235167 0.548580 0.176757 0.460880 -0.293179 -0.004185 0.106511 0.246694 0.302235 0.124029 0.000657 0.333186 0.066274 0.244366 0.062181 0.033125 0.037672 0.077378 0.266462 0.547677 -0.237488 0.288873 0.300165 0.247375 -0.088323 0.040523 -0.147040 -0.210304 -0.173673 -0.059931 -0.169937 -0.174548 -0.067555 0.257094 -0.246310 -0.216097 -0.204263 -0.055078 0.218208 -0.223074 -0.428166 -0.480940 -0.111701 -0.284892 -0.552819 -0.564814 -0.383277 -0.497405 -0.032233 -0.001940 0.240259 -0.020083 0.439901 0.561809 -0.356885 0.283426 -0.441692 -0.516472 0.214285 0.226545 -0.053409 0.120545 0.051622 0.243095 0.035133 0.133017 -0.248350 -0.258371 -0.345337 -0.304690 0.008537 0.399695 -0.203531 -0.036915 -0.193626 -0.051809 -0.026553 -0.171727 0.205884 0.239247 0.332226 0.111197 -0.219013 -0.174207 -0.427710 -0.416420 -0.106971 -0.352578 0.067598 0.009369 0.257530 -0.181721 0.323369 0.170183 0.304944 0.162993 -0.101897 -0.346442 -0.342007 -0.015501 0.158483 -0.180748 -0.030091 0.239851
0.029984 -0.030043 0.424371 0.156406 0.155392 -0.036586 0.298620 0.164246 0.237902 0.153892 0.487494 0.235167 1.000000 0.466413 0.538932 0.461609 0.186007 0.076572 0.383673 -0.078547 -0.221274 -0.373103 0.121226 -0.025018 0.120322 -0.097750 -0.027089 -0.142589 0.214522 0.160450 0.182755 0.021073 -0.108045 -0.069519 -0.087937 0.139730 0.035139 0.043812 -0.141358 -0.188360 -0.231709 -0.078020 -0.151937 -0.100451 -0.185123 -0.085225 -0.310923 -0.269082 -0.110639 -0.246576 -0.029002 -0.112098 -0.415864 -0.263699 -0.384685 -0.455415 -0.144391 -0.162889 -0.224903 -0.280400 0.365059 0.186784 0.359091 0.214455 0.187042 0.192990 -0.364806 -0.138059 -0.324612 -0.261115 0.091092 -0.138738 0.140705 0.043809 0.162235 0.065050 0.103756 0.197198 0.059296 0.075660 -0.061435 -0.001507 -0.096959 0.109138 -0.336743 -0.237392 -0.372292 -0.283909 -0.068205 -0.073920 -0.062905 0.056607 0.167223 0.185105 -0.206273 -0.112007 -0.520990 -0.368209 -0.339897 -0.327207 0.025020 0.272101 0.016226 0.013945 0.130929 0.178457 -0.046653 -0.031331 0.001354 -0.007092 -0.230659 -0.158968 0.006176 0.095464 0.075279 0.207325
-0.444153 0.239769 0.436634 0.464092 0.442262 0.151700 0.504296 0.657118 0.349717 0.548702 -0.016718 0.548580 0.466413 1.000000 0.309863 0.668973 -0.476849 -0.208077 0.267530 0.075110 0.223210 -0.156193 -0.009783 0.164910 0.127698 0.132455 -0.177245 -0.171025 -0.147687 -0.135636 0.241031 0.281532 -0.389603 0.022790 0.076695 0.213282 -0.355041 -0.046770 -0.144896 -0.030308 -0.103261 -0.025043 -0.010472 -0.136113 -0.131858 0.264533 -0.216343 -0.088876 -0.240730 -0.192137 0.146586 -0.330166 -0.448723 -0.519054 -0.075595 -0.331733 -0.585682 -0.568159 -0.358820 -0.422312 0.223866 0.424463 0.156316 0.108854 0.377908 0.610287 -0.466853 0.135535 -0.468980 -0.499531 0.263042 0.257606 -0.155317 0.010962 -0.064917 0.110683 0.006925 0.189808 -0.377337 -0.479835 -0.482697 -0.463693 0.077145 0.307069 -0.404100 -0.314546 -0.112302 0.024604 0.170917 0.023102 0.368306 0.326968 0.499146 0.289585 -0.303785 -0.084166 -0.341035 -0.211507 -0.037284 -0.396460 0.311803 0.245718 0.183195 -0.054740 0.078649 0.068375 0.114414 -0.152249 -0.205405 -0.227632 -0.185145 0.059192 0.346199 -0.070239 0.208220 -0.102284
-0.081961 -0.256286 0.628078 0.417489 0.357201 0.231375 0.339441 0.159381 0.614369 0.356014 0.655257 0.176757 0.538932 0.309863 1.000000 0.606311 -0.006199 -0.226747 0.469397 -0.141804 -0.119829 -0.164854 0.640413 0.266212 0.269219 0.092572 0.318994 0.214625 -0.069746 -0.240876 -0.038474 0.037016 -0.335996 -0.287844 0.035535 0.204445 -0.159971 -0.196561 0.109932 -0.117644 -0.199738 -0.105427 -0.272238 -0.159138 -0.391750 -0.230854 -0.267909 -0.128886 -0.044818 -0.346656 0.099078 -0.140162 -0.202623 -0.174415 -0.016156 -0.212295 -0.148581 -0.157360 -0.190877 -0.282486 0.302314 0.080419 0.251011 0.090661 0.472862 0.293853 -0.279873 -0.117777 -0.158031 -0.211577 -0.214287 -0.278984 -0.284352 -0.290080 -0.156973 -0.224241 -0.212920 -0.093886 -0.102853 0.000683 -0.222918 -0.051614 0.049447 0.151234 0.013798 -0.026552 -0.193695 -0.014776 0.378423 0.202137 -0.045422 0.138965 0.245976 0.345376 -0.124029 -0.260510 -0.349549 -0.247183 -0.350533 -0.364893 0.219656 0.128662 -0.315677 -0.179230 -0.084651 0.115091 -0.160348 -0.014025 -0.053717 -0.130807 -0.112849 -0.423277 -0.070489 -0.164638 -0.124896 0.107804
-0.290919 0.073525 0.312279 0.617046 0.538079 0.408907 0.391010 0.502116 0.504594 0.672749 0.129674 0.460880 0.461609 0.668973 0.606311 1.000000 -0.293859 -0.226787 0.263900 -0.024123 0.246003 0.087606 0.276576 0.300960 0.122434 0.216367 0.237408 0.168919 -0.180954 -0.222401 -0.086055 0.192039 -0.474317 -0.174624 0.064952 0.180092 -0.339709 -0.198999 -0.063101 -0.138789 -0.185300 -0.148352 -0.166891 -0.200416 -0.419242 -0.033141 -0.236503 -0.054536 -0.310474 -0.408929 0.203801 -0.261739 -0.232467 -0.367237 -0.079783 -0.320906 -0.346236 -0.346928 -0.247458 -0.342219 0.242004 0.462894 0.210909 0.130479 0.464151 0.572602 -0.317980 0.042791 -0.259183 -0.314477 0.024709 0.038390 -0.344056 -0.289306 -0.241433 -0.060128 -0.249947 -0.076334 -0.065174 -0.274581 -0.255708 -0.217820 0.103785 0.359640 -0.046594 -0.025917 -0.019585 0.129540 0.254896 0.078497 0.146227 0.203200 0.344108 0.237419 -0.206997 -0.262254 -0.444156 -0.272756 -0.193335 -0.408443 0.199890 0.146748 -0.205559 -0.277908 -0.189913 -0.063410 0.004330 -0.121342 -0.128841 -0.317450 -0.185862 -0.132309 -0.030759 -0.201381 -0.089518 -0.066963
0.578022 0.127377 -0.295682 -0.550938 -0.352065 -0.297218 -0.480556 -0.630059 -0.311938 -0.515166 0.402085 -0.293179 0.186007 -0.476849 -0.006199 -0.293859 1.000000 0.714976 -0.048487 -0.068975 -0.426180 -0.231963 -0.152451 -0.386016 -0.198209 -0.299319 0.033706 0.011960 0.625285 0.493263 -0.153260 -0.410597 0.429805 -0.000138 -0.310991 -0.332913 0.506814 0.229952 0.132239 -0.055470 0.107155 0.254013 -0.111454 0.071805 -0.070860 -0.433998 -0.065204 -0.114512 -0.143939 -0.093223 -0.372089 0.036903 -0.021231 0.250601 -0.221463 0.000924 0.617106 0.579479 0.104922 0.274433 0.058404 -0.185794 0.424114 0.483615 -0.377117 -0.553575 0.334349 -0.410960 0.431418 0.405291 -0.099251 -0.339251 0.537339 0.277882 0.484393 0.056594 0.147502 -0.099561 0.650333 0.747679 0.750442 0.776280 0.065655 -0.162084 0.219568 0.157608 -0.205477 -0.311966 -0.322209 -0.230039 -0.665844 -0.552843 -0.628051 -0.431767 0.274780 -0.016931 -0.053911 -0.050650 -0.308807 0.144322 -0.490428 -0.150952 -0.208517 -0.076793 -0.043167 -0.145771 -0.039433 0.256232 0.349672 0.289610 -0.129162 -0.277598 -0.379426 0.116717 -0.251520 0.300201
0.390144 0.379638 -0.377532 -0.605488 -0.169933 -0.157770 -0.528097 -0.481862 -0.416484 -0.502210 0.188510 -0.004185 0.076572 -0.208077 -0.226747 -0.226787 0.714976 1.000000 -0.218737 -0.001406 -0.117598 0.000236 -0.351923 -0.394830 -0.383534 -0.297808 0.041691 0.101288 0.607770 0.637200 -0.096446 -0.316750 0.488075 0.078556 -0.295658 -0.481282 0.344223 0.148697 0.066087 0.013924 0.115889 0.247822 -0.155358 -0.096666 -0.111334 -0.395742 -0.083115 -0.258132 -0.257812 -0.121569 -0.303651 -0.125042 0.034043 0.149543 -0.043508 0.080688 0.402450 0.401774 0.124020 0.330645 0.112186 0.012686 0.573303 0.730146 -0.403252 -0.496441 0.383978 -0.344199 0.380781 0.314567 0.139703 0.029045 0.550621 0.390277 0.412201 0.200448 0.119417 -0.118864 0.394940 0.658261 0.601271 0.629257 0.148410 0.062879 0.168043 0.156579 -0.117091 -0.105516 -0.260880 -0.138376 -0.504396 -0.473514 -0.538050 -0.479148 0.239132 0.001724 -0.005706 -0.007728 -0.174484 -0.020967 -0.449719 -0.163921 0.029442 -0.083093 -0.016219 -0.185887 0.086229 0.221721 0.301728 0.129935 -0.297095 -0.112557 -0.188779 0.032393 -0.279958 0.225143
-0.031539 -0.065476 0.581591 0.273420 -0.041817 -0.223125 0.630448 0.253150 0.476964 0.444180 0.306514 0.106511 0.383673 0.267530 0.469397 0.263900 -0.048487 -0.218737 1.000000 0.401233 -0.393268 -0.455399 0.164501 -0.010520 -0.014275 -0.276686 -0.343252 -0.400750 0.026944 -0.006122 0.328520 0.221202 -0.198926 0.081326 0.159386 0.380971 -0.114694 -0.074573 -0.155164 -0.058674 -0.110101 -0.023094 -0.095993 -0.131514 -0.082552 0.021291 -0.303966 -0.275360 -0.092394 -0.192898 -0.269352 -0.491982 -0.470737 -0.391011 -0.248194 -0.385636 -0.272759 -0.280596 -0.156838 -0.434641 0.224506 0.107171 0.061630 -0.148621 0.372713 0.294087 -0.457285 -0.180921 -0.213204 -0.291660 -0.008924 -0.069268 -0.102711 0.020801 0.058757 0.143282 0.276978 0.368110 -0.133039 -0.121867 -0.151003 -0.192569 0.047461 0.084424 -0.369850 -0.417752 -0.138328 -0.263155 0.137143 -0.085033 0.177907 0.387599 0.386988 0.517561 -0.224137 0.056131 -0.504055 -0.110220 -0.187703 -0.057886 0.197411 0.404911 -0.043746 0.259443 0.003269 0.131506 -0.119543 -0.078247 0.019801 0.293552 -0.138891 -0.215640 0.193318 0.087650 0.201849 0.022209
-0.012852 0.293469 0.017720 0.158079 -0.020611 -0.043963 0.316615 0.234496 0.071328 0.192647 -0.202964 0.246694 -0.078547 0.075110 -0.141804 -0.024123 -0.068975 -0.001406 0.401233 1.000000 0.001125 -0.042272 -0.166226 0.056088 -0.156930 -0.042306 -0.234302 -0.247767 0.047958 0.072258 0.390127 0.395979 0.062846 0.574998 0.257969 0.292239 -0.092286 -0.044237 -0.244623 -0.019059 -0.163062 -0.034677 -0.199922 -0.213026 0.109581 0.203687 -0.387153 -0.329489 -0.193408 0.018450 -0.528247 -0.392809 -0.317794 -0.368852 -0.338351 -0.376633 -0.082475 -0.069862 -0.003044 -0.127876 -0.088679 -0.043870 -0.030922 -0.208420 0.198495 0.193915 -0.012866 0.128980 0.121474 0.058412 -0.011097 0.114586 -0.048969 0.065689 0.042651 0.097653 0.078160 0.192002 -0.151574 -0.198222 0.048726 -0.102997 0.108603 0.108190 -0.355203 -0.136418 0.024295 -0.051204 -0.157969 -0.262861 0.011742 0.071146 0.195446 0.102223 -0.107249 0.202023 -0.401134 -0.023488 -0.201879 -0.006138 -0.033485 0.056345 0.088730 0.102351 0.034433 -0.097137 0.123198 0.048952 0.162049 0.233255 -0.272941 -0.158806 0.094334 -0.033142 0.025261 -0.117097
-0.181196 0.158592 -0.190841 0.182892 0.510763 0.418941 -0.054963 0.261321 0.033065 0.097909 -0.369940 0.302235 -0.221274 0.223210 -0.119829 0.246003 -0.426180 -0.117598 -0.393268 0.001125 1.000000 0.590967 0.020707 0.205502 0.134074 0.362197 0.312020 0.321463 -0.188346 -0.249078 -0.011510 0.246802 -0.045627 0.257429 0.040025 0.056772 -0.222309 -0.085657 0.218030 0.161535 0.160207 0.027909 -0.321604 -0.427226 -0.158004 0.052749 -0.151656 -0.150110 -0.109651 -0.066315 0.165582 -0.133916 0.168532 -0.112660 0.211233 0.154572 -0.127948 -0.094201 0.130037 0.045391 0.016265 0.084836 -0.105036 -0.019365 0.049834 0.196563 0.075898 0.180711 0.024109 0.029899 0.239153 0.342409 -0.233464 -0.111321 -0.216489 -0.064367 -0.295799 -0.252916 -0.272492 -0.303677 -0.145637 -0.147814 0.176616 0.372159 0.138486 0.178165 0.022038 0.382749 0.110426 0.158225 0.177443 0.021120 0.178061 -0.010887 0.118651 -0.185925 0.040873 0.068929 0.139994 -0.018971 0.186546 -0.185731 0.118258 -0.266015 -0.134735 -0.198869 0.001527 -0.125605 -0.221656 -0.439941 -0.054988 0.086330 -0.073903 -0.305484 -0.266160 -0.157468
-0.270735 -0.125838 -0.321686 0.166848 0.214703 0.405099 -0.318966 0.056146 -0.156201 -0.178575 -0.310571 0.124029 -0.373103 -0.156193 -0.164854 0.087606 -0.231963 0.000236 -0.455399 -0.042272 0.590967 1.000000 0.080183 0.361569 0.134730 0.578511 0.463393 0.456730 0.007626 -0.091571 -0.067321 0.321903 -0.151857 0.131547 -0.044044 0.039851 -0.169841 -0.043241 0.147083 0.194831 0.245796 0.047894 -0.015096 -0.044264 -0.183793 -0.055888 0.025710 0.093173 -0.022114 -0.232103 0.384408 0.014408 0.361204 0.036475 0.344096 0.219692 -0.169949 -0.154936 0.182294 0.226047 -0.249186 -0.144616 -0.009708 -0.042567 -0.098859 -0.159891 0.315447 0.347709 0.003556 -0.013400 0.062254 0.231783 -0.266268 -0.201965 -0.389279 -0.078581 -0.345580 -0.272335 0.128179 -0.048529 0.039826 0.063829 0.229525 0.446455 0.360105 0.387679 0.209405 0.321912 0.098375 0.256799 0.088444 -0.090367 -0.023713 -0.112471 0.226892 0.002415 0.255648 0.143154 0.126300 -0.119246 -0.066640 -0.391656 0.028125 -0.390614 -0.272666 -0.306537 -0.168829 -0.249536 -0.197486 -0.371776 0.132745 0.009586 -0.093309 -0.495571 -0.348434 -0.384893
-0.193481 -0.513357 0.580985 0.485921 0.168523 0.406705 0.188915 0.102646 0.541588 0.261832 0.289921 0.000657 0.121226 -0.009783 0.640413 0.276576 -0.152451 -0.351923 0.164501 -0.166226 0.020707 0.080183 1.000000 0.616270 0.494053 0.347906 0.542558 0.587399 -0.483032 -0.534146 -0.077046 0.132566 -0.308831 -0.181848 0.300474 0.455760 -0.230050 -0.365534 0.073066 -0.071512 -0.217149 -0.247608 -0.380099 -0.282340 -0.371762 -0.142916 -0.311509 -0.197969 0.014283 -0.304345 0.204905 -0.027819 0.038299 -0.089209 0.129468 -0.180827 -0.056445 -0.078236 0.015553 -0.142520 0.261847 -0.105501 0.103623 -0.039984 0.695914 0.318617 -0.053573 0.171701 -0.075733 -0.028265 -0.299877 -0.261952 -0.486206 -0.406150 -0.204930 -0.340207 -0.360565 -0.288989 -0.228616 0.038433 -0.325770 -0.060165 -0.276912 -0.078960 0.220049 0.223169 0.074661 0.437358 0.590413 0.345569 0.050833 0.117276 0.324663 0.393827 -0.202437 -0.431567 -0.263495 -0.278461 -0.305325 -0.379382 0.215605 -0.089592 -0.345186 -0.271116 -0.104496 0.122130 -0.210970 -0.096262 -0.254756 -0.369899 -0.140594 -0.444413 -0.127773 -0.200127 -0.145465 -0.076398
-0.546198 -0.483471 0.391452 0.771627 0.196973 0.638782 0.260183 0.510939 0.295106 0.351201 -0.176782 0.333186 -0.025018 0.164910 0.266212 0.300960 -0.386016 -0.394830 -0.010520 0.056088 0.205502 0.361569 0.616270 1.000000 0.473504 0.681442 0.386255 0.453565 -0.421025 -0.529409 0.126775 0.576516 -0.596372 0.011195 0.374745 0.544332 -0.415814 -0.305933 -0.196938 -0.151717 -0.269662 -0.344771 -0.192944 -0.185297 -0.241560 0.122915 -0.253968 -0.127884 0.099108 -0.235891 0.380056 0.028229 0.112278 -0.131377 0.051238 -0.243691 -0.349783 -0.406065 0.008366 -0.216666 0.125213 -0.036436 0.106908 -0.189583 0.644236 0.472218 -0.194336 0.577790 -0.364550 -0.204888 -0.186051 0.012495 -0.640520 -0.424751 -0.382836 -0.263332 -0.449110 -0.257948 -0.202333 -0.230614 -0.487221 -0.333227 -0.339108 0.029259 0.010013 0.029138 0.035347 0.370353 0.431237 0.288484 0.387019 0.313448 0.549003 0.223406 -0.288928 -0.405310 -0.255783 -0.379520 -0.178799 -0.369431 0.203553 -0.331467 -0.146269 -0.467975 -0.002746 0.184532 -0.086552 -0.067741 -0.330861 -0.492753 -0.211669 -0.137331 0.063751 -0.384666 -0.180763 -0.183546
-0.172391 -0.367131 0.458963 0.371808 0.376454 0.253124 0.166498 0.249118 0.452432 0.105262 0.023859 0.066274 0.120322 0.127698 0.269219 0.122434 -0.198209 -0.383534 -0.014275 -0.156930 0.134074 0.134730 0.494053 0.473504 1.000000 0.669550 0.431691 0.330612 -0.264599 -0.377802 -0.039220 0.177759 -0.210404 0.022625 0.147249 0.388968 -0.295607 -0.108481 -0.030775 -0.080187 -0.151409 -0.157200 -0.239763 -0.206334 -0.195460 0.029116 -0.339129 -0.100457 0.241482 -0.179360 0.382182 0.103467 -0.159384 -0.216209 -0.167928 -0.247633 -0.109556 -0.162768 0.023851 -0.171801 0.149816 -0.048338 -0.118198 -0.123662 0.366157 0.245736 -0.184717 0.233395 -0.174413 -0.056539 -0.210437 -0.203474 -0.232092 -0.271795 -0.172912 -0.206948 -0.316420 -0.296664 -0.040068 0.024047 -0.262345 -0.126219 -0.345880 -0.089455 -0.165680 -0.021179 -0.077616 0.148822 0.113427 0.006368 0.167969 0.198896 0.368345 0.399600 0.017420 -0.266130 -0.115703 -0.171984 -0.284065 -0.277700 0.259680 0.028245 -0.163126 -0.068769 0.154901 0.336840 0.062458 0.045484 0.017083 -0.286135 0.070684 -0.213254 -0.037184 -0.267981 0.004336 0.108314
-0.472496 -0.333403 0.157144 0.574530 0.323974 0.472451 0.020898 0.454837 0.150182 0.060187 -0.215666 0.244366 -0.097750 0.132455 0.092572 0.216367 -0.299319 -0.297808 -0.276686 -0.042306 0.362197 0.578511 0.347906 0.681442 0.669550 1.000000 0.453395 0.479854 -0.143770 -0.252276 0.104303 0.545571 -0.390148 0.168905 0.200225 0.371249 -0.327939 -0.019801 -0.025748 0.024622 -0.020877 -0.065958 -0.099851 -0.089287 -0.228878 0.059791 -0.207860 -0.001743 0.116096 -0.274099 0.510940 0.118884 0.007745 -0.188491 0.074315 -0.139956 -0.331949 -0.383646 -0.107372 -0.193182 -0.134661 -0.100104 -0.032221 -0.187218 0.247623 0.187865 -0.115152 0.427111 -0.233817 -0.233811 -0.115342 0.079658 -0.275408 -0.299177 -0.324234 -0.128246 -0.387851 -0.274959 0.101247 -0.096097 -0.229369 -0.169862 -0.127034 0.237554 0.032197 0.231781 -0.005825 0.290224 0.107835 0.127792 0.224354 0.088239 0.361118 0.118110 0.020692 -0.210114 0.034617 -0.192307 -0.114072 -0.289288 0.212894 -0.251407 0.021071 -0.319769 -0.004633 0.040082 0.064589 -0.049423 -0.157944 -0.350403 0.102078 -0.115694 0.038565 -0.398660 -0.058376 -0.209544
0.027143 -0.207027 0.022004 0.229563 0.408672 0.604018 -0.285788 -0.075870 0.164145 -0.005656 0.170644 0.062181 -0.027089 -0.177245 0.318994 0.237408 0.033706 0.041691 -0.343252 -0.234302 0.312020 0.463393 0.542558 0.386255 0.431691 0.453395 1.000000 0.798978 -0.259492 -0.399178 -0.457167 -0.130901 -0.067622 -0.181053 0.157518 0.146625 -0.257458 -0.394184 0.045352 -0.176031 -0.302941 -0.329928 -0.319789 -0.211597 -0.257058 -0.155670 -0.209761 -0.051420 0.072419 -0.142444 0.250708 0.210863 0.300425 0.179695 0.076096 -0.048534 0.228907 0.225892 0.299471 0.154163 0.235224 0.038432 0.153601 0.208353 0.253013 0.045087 0.248772 0.076380 0.232304 0.252550 -0.312525 -0.256129 -0.412831 -0.441556 -0.355350 -0.438334 -0.641567 -0.672268 0.044562 0.266945 0.026122 0.201850 -0.145622 -0.019264 0.394128 0.431001 0.039998 0.389053 0.240301 0.160052 -0.225172 -0.145930 -0.055642 0.001305 0.154176 -0.382036 -0.026228 -0.163713 -0.340697 -0.277250 -0.046274 -0.168021 -0.366449 -0.356324 -0.172707 -0.012044 0.039575 0.181023 0.039764 -0.541634 -0.180599 -0.298089 -0.436877 -0.314988 -0.464299 0.066980
0.046028 -0.120372 0.010619 0.224194 0.220821 0.508230 -0.346591 -0.130994 0.129868 -0.055858 0.081888 0.033125 -0.142589 -0.171025 0.214625 0.168919 0.011960 0.101288 -0.400750 -0.247767 0.321463 0.456730 0.587399 0.453565 0.330612 0.479854 0.798978 1.000000 -0.305694 -0.276416 -0.342608 -0.019369 -0.004025 -0.097205 0.124050 0.043948 -0.205865 -0.478072 -0.108947 -0.288674 -0.328327 -0.315483 -0.333435 -0.235467 -0.313239 -0.279223 -0.231263 -0.169696 0.056878 -0.124909 0.260519 0.208130 0.308186 0.151463 0.074374 -0.054770 0.245229 0.221163 0.369933 0.220578 0.302429 0.146361 0.312542 0.340748 0.338361 0.071328 0.361150 0.081698 0.283416 0.252708 -0.334734 -0.145041 -0.347316 -0.395725 -0.274356 -0.287141 -0.572853 -0.645344 0.060382 0.249790 -0.018674 0.181519 -0.297658 -0.113081 0.417625 0.475683 0.038330 0.603213 0.168105 0.062617 -0.318974 -0.265783 -0.012515 -0.084016 0.042941 -0.491918 -0.017047 -0.263817 -0.345058 -0.360606 0.026172 -0.226967 -0.309731 -0.385117 -0.127378 0.009078 0.141202 0.257909 0.055651 -0.434172 -0.305644 -0.344661 -0.431282 -0.311466 -0.475983 0.017009
0.171869 0.139997 -0.261394 -0.445293 -0.139837 -0.454546 -0.242486 -0.282763 -0.413794 -0.558762 0.323521 0.037672 0.214522 -0.147687 -0.069746 -0.180954 0.625285 0.607770 0.026944 0.047958 -0.188346 0.007626 -0.483032 -0.421025 -0.264599 -0.143770 -0.259492 -0.305694 1.000000 0.765309 0.322040 0.055208 0.248102 0.222912 -0.453306 -0.428792 0.542988 0.535782 0.219740 0.088482 0.397671 0.556145 0.148496 0.249388 -0.055964 -0.293517 0.102376 0.010583 -0.280188 -0.168788 -0.065714 -0.162682 -0.165356 -0.017219 -0.098868 0.071862 0.039720 0.019213 -0.230961 0.085251 -0.220751 -0.255367 0.406278 0.260303 -0.532874 -0.518076 0.026098 -0.274585 -0.056445 -0.140720 0.166032 0.002083 0.721656 0.454860 0.407652 0.357668 0.351568 0.268244 0.528721 0.382709 0.572980 0.478246 0.423218 0.379300 0.035203 -0.021488 -0.323360 -0.583425 -0.490745 -0.202037 -0.353176 -0.323622 -0.446441 -0.344183 0.299852 0.186978 0.017845 -0.017086 -0.009517 0.024531 -0.377222 -0.176463 0.226235 0.050274 0.129092 -0.204978 -0.084818 0.102394 0.164934 0.326037 0.028110 -0.082683 0.033635 0.042855 -0.082985 0.201920
0.154256 0.323745 -0.329385 -0.517352 -0.175579 -0.499791 -0.204415 -0.283038 -0.311631 -0.483279 0.166895 0.077378 0.160450 -0.135636 -0.240876 -0.222401 0.493263 0.637200 -0.006122 0.072258 -0.249078 -0.091571 -0.534146 -0.529409 -0.377802 -0.252276 -0.399178 -0.276416 0.765309 1.000000 0.291169 0.030717 0.418643 0.227143 -0.258951 -0.447477 0.559637 0.559847 0.078817 0.073882 0.302655 0.531542 0.179532 0.226122 0.101240 -0.188751 0.131821 -0.068135 -0.203360 -0.001092 -0.108173 -0.007884 -0.264016 -0.030664 -0.159204 0.103666 0.024463 0.015879 -0.272691 -0.038761 -0.259890 -0.177064 0.320250 0.273869 -0.442133 -0.440972 0.014559 -0.402818 0.050025 -0.131293 0.195434 0.133672 0.819771 0.584177 0.510348 0.559121 0.498730 0.369539 0.503629 0.425720 0.541973 0.450256 0.194176 0.266274 -0.025647 0.083596 -0.196328 -0.394473 -0.572242 -0.361095 -0.421674 -0.418070 -0.410675 -0.375089 0.131887 0.241947 0.043484 -0.040112 0.012399 0.019313 -0.360960 -0.040402 0.344564 0.118060 0.143396 -0.186941 0.057140 0.101853 0.258769 0.414325 -0.028679 -0.034004 0.104200 0.084737 0.107664 0.194033
-0.338218 -0.126957 0.217672 0.128463 -0.092172 -0.298825 0.389694 0.217214 -0.120655 -0.156650 0.099705 0.266462 0.182755 0.241031 -0.038474 -0.086055 -0.153260 -0.096446 0.328520 0.390127 -0.011510 -0.067321 -0.077046 0.126775 -0.039220 0.104303 -0.457167 -0.342608 0.322040 0.291169 1.000000 0.678176 -0.073313 0.456293 0.016223 0.222757 0.073111 0.269355 -0.104243 0.116894 0.142902 0.235843 0.200779 0.146001 0.131198 0.243017 -0.104031 -0.162877 -0.105465 -0.010109 -0.014887 -0.256547 -0.366354 -0.431816 -0.129026 -0.288017 -0.501253 -0.506099 -0.370330 -0.235182 -0.213166 -0.307113 0.144874 -0.260991 0.187692 0.104708 -0.341435 0.274772 -0.529507 -0.483790 0.274803 0.408694 0.253096 0.294059 0.228989 0.391556 0.407531 0.544162 -0.113192 -0.276327 -0.154690 -0.245103 0.078686 0.373707 -0.302446 -0.243727 -0.131289 -0.228362 -0.115520 -0.045495 0.133430 0.022778 0.218077 0.052972 -0.262508 0.213860 -0.209978 -0.230561 -0.056308 -0.266281 -0.043781 -0.094515 0.342379 0.076420 0.221608 -0.079514 -0.147486 -0.181920 -0.174922 0.178845 -0.066559 -0.191207 0.287179 0.113589 0.339879 -0.229053
-0.580335 -0.268331 0.252758 0.543899 0.163753 0.177083 0.433328 0.579732 0.143013 0.186390 -0.126785 0.547677 0.021073 0.281532 0.037016 0.192039 -0.410597 -0.316750 0.221202 0.395979 0.246802 0.321903 0.132566 0.576516 0.177759 0.545571 -0.130901 -0.019369 0.055208 0.030717 0.678176 1.000000 -0.423178 0.489443 0.323423 0.528699 -0.131347 0.135809 -0.148340 0.035515 0.063834 0.084222 0.017321 -0.029121 -0.025603 0.343520 -0.172234 -0.125794 -0.092552 -0.139064 0.251614 -0.280609 -0.281720 -0.492926 -0.034598 -0.264521 -0.682849 -0.716767 -0.341265 -0.447113 -0.231712 -0.249421 0.046116 -0.426811 0.394112 0.397710 -0.412963 0.477715 -0.555594 -0.589783 0.178906 0.389615 -0.146264 0.031465 -0.098581 0.301297 0.081178 0.335077 -0.153248 -0.434100 -0.356606 -0.420664 0.026850 0.487791 -0.229030 -0.102487 -0.071994 -0.001322 0.015653 -0.039517 0.357280 0.270953 0.484268 0.194397 -0.333237 -0.094648 -0.303579 -0.349940 -0.023371 -0.317736 0.135888 -0.165746 0.299786 -0.121481 0.188880 0.001462 -0.058380 -0.165425 -0.368413 -0.166480 -0.076718 -0.084602 0.214220 -0.240617 0.146991 -0.236051
0.624218 0.376428 -0.409610 -0.724058 -0.257201 -0.400758 -0.430407 -0.658610 -0.377776 -0.563403 0.134119 -0.237488 -0.108045 -0.389603 -0.335996 -0.474317 0.429805 0.488075 -0.198926 0.062846 -0.045627 -0.151857 -0.308831 -0.596372 -0.210404 -0.390148 -0.067622 -0.004025 0.248102 0.418643 -0.073313 -0.423178 1.000000 0.336853 -0.370624 -0.435132 0.382188 0.117254 -0.076457 -0.086427 0.019095 0.091417 0.047450 0.034598 0.276204 -0.130118 0.075765 -0.088753 0.102632 0.320578 -0.351859 0.126134 0.000035 0.230181 -0.234359 0.097866 0.614550 0.614932 0.223754 0.344044 0.000788 -0.159375 -0.001765 0.249142 -0.386868 -0.513184 0.468133 -0.334944 0.565542 0.526881 -0.065031 -0.037915 0.448456 0.175180 0.276113 0.051039 0.185179 -0.114175 0.144687 0.413935 0.460536 0.421165 -0.055811 -0.158876 0.022847 0.106623 -0.120659 -0.082180 -0.417893 -0.340230 -0.589354 -0.499821 -0.634357 -0.395203 0.221061 0.058089 0.218394 0.172825 -0.115618 0.177791 -0.409635 0.026030 -0.022339 0.189810 0.039579 -0.128318 0.268076 0.379684 0.370213 0.160344 -0.012311 -0.168800 -0.366837 0.215550 -0.156081 0.318219
0.017912 0.279407 -0.103359 -0.048354 0.034749 -0.155447 0.087516 0.120181 -0.086330 -0.115856 -0.194157 0.288873 -0.069519 0.022790 -0.287844 -0.174624 -0.000138 0.078556 0.081326 0.574998 0.257429 0.131547 -0.181848 0.011195 0.022625 0.168905 -0.181053 -0.097205 0.222912 0.227143 0.456293 0.489443 0.336853 1.000000 0.082599 0.240227 0.066138 0.128949 -0.201716 0.031469 0.050009 0.139829 -0.099504 -0.180528 0.059660 0.151790 -0.311141 -0.260291 -0.258482 0.011074 -0.291809 -0.369444 -0.357775 -0.444161 -0.314602 -0.247014 -0.061113 -0.071101 -0.088125 -0.076184 -0.133684 -0.176693 -0.049621 -0.136319 0.053007 -0.009013 0.120027 0.183043 0.062029 0.005485 0.099598 0.178391 0.147221 0.064858 0.028111 0.260458 0.101561 0.165933 0.062863 -0.026673 0.210971 0.104822 0.130536 0.295897 -0.126984 0.121804 -0.053055 0.017431 -0.334214 -0.330881 -0.132136 -0.066896 -0.000378 -0.065217 -0.071005 -0.050106 -0.156039 -0.108981 -0.231592 -0.112517 -0.180399 -0.058082 0.286360 0.089922 0.052485 -0.230966 0.177366 0.049569 -0.106008 0.040948 -0.112015 -0.230869 -0.131368 -0.160914 -0.084153 -0.081645
-0.260125 -0.076135 0.261898 0.365155 0.147073 0.397375 0.438445 0.402670 0.351291 0.390180 -0.117302 0.300165 -0.087937 0.076695 0.035535 0.064952 -0.310991 -0.295658 0.159386 0.257969 0.040025 -0.044044 0.300474 0.374745 0.147249 0.200225 0.157518 0.124050 -0.453306 -0.258951 0.016223 0.323423 -0.370624 0.082599 1.000000 0.654919 -0.250881 -0.130772 -0.114297 -0.067233 -0.255444 -0.224547 -0.248584 -0.157318 0.050331 0.397154 -0.292806 -0.155299 -0.125664 0.081135 -0.088098 -0.079118 -0.277805 -0.221923 0.066287 -0.130285 -0.250760 -0.207541 -0.192839 -0.479552 0.058302 -0.019441 -0.203367 -0.289176 0.566342 0.477391 -0.202378 0.231118 -0.131866 -0.185244 0.090306 0.193815 -0.325149 -0.097642 -0.173198 -0.061235 -0.091969 0.109605 -0.311350 -0.177255 -0.353394 -0.307868 -0.245141 -0.125999 -0.010760 0.168726 0.162093 0.334606 0.204606 0.102859 0.192783 0.211088 0.389559 0.224921 -0.343138 -0.126734 -0.333034 -0.292815 -0.192063 -0.173959 0.130884 0.009118 0.045213 -0.095689 0.048231 0.043915 0.043829 -0.101600 -0.142333 -0.148711 -0.240394 -0.031564 0.163674 -0.180798 0.137895 -0.014243
-0.313905 -0.284174 0.497553 0.559535 0.045272 0.285877 0.534451 0.491582 0.404247 0.459692 -0.082868 0.247375 0.139730 0.213282 0.204445 0.180092 -0.332913 -0.481282 0.380971 0.292239 0.056772 0.039851 0.455760 0.544332 0.388968 0.371249 0.146625 0.043948 -0.428792 -0.447477 0.222757 0.528699 -0.435132 0.240227 0.654919 1.000000 -0.410394 -0.149944 -0.185265 0.083504 -0.151172 -0.202203 -0.187433 -0.177836 0.020348 0.470873 -0.406990 -0.214137 0.040199 -0.105611 -0.089888 -0.232722 -0.323293 -0.404487 -0.095862 -0.314673 -0.394138 -0.384700 -0.079654 -0.462049 0.027018 -0.153591 -0.209559 -0.418819 0.633911 0.560510 -0.360101 0.344440 -0.280508 -0.273859 0.113431 0.102305 -0.437604 -0.206991 -0.161877 -0.083277 -0.096345 0.145860 -0.286372 -0.288235 -0.439984 -0.364128 -0.195210 0.038578 -0.246813 -0.125623 0.074060 0.216096 0.350954 0.126018 0.317067 0.321630 0.543703 0.396923 -0.402239 -0.172145 -0.415202 -0.275598 -0.265943 -0.200602 0.168468 0.087243 -0.035548 -0.106517 0.027645 0.071423 -0.152686 -0.310385 -0.317781 -0.220239 -0.064561 -0.158124 0.092456 -0.198947 0.212575 -0.257478
