1.000000 0.566287 -0.139167 0.080836 -0.343423 -0.157927 0.036626 -0.396398 -0.302725 -0.283617 0.413806 0.183761 0.186163 -0.110399 0.041326 -0.236582 0.245537 0.013154 0.545280 0.105971 -0.136533 -0.345706 0.109178 -0.136682 -0.317385 -0.317120 -0.097119 -0.167113 0.030490 -0.346598 0.335037 -0.062978 0.199923 0.136160 -0.216574 0.075886 -0.116024 -0.274992 -0.075677 -0.373206 0.046258 -0.529203 0.107781 0.278745 0.070240 -0.079693 0.129589 0.152238 0.097168 0.265934 0.069984 0.323856 -0.033880 0.133102 0.363672 0.266869 0.431371 0.323654 -0.095635 -0.214645 0.132194 -0.135235 0.051459 0.234234 0.315762 -0.138335 -0.165311 -0.297982 0.145648 -0.042986 0.020315 0.010696 0.156614 0.079005 0.138776 0.082314 0.095707 -0.092378 0.137426 -0.350067 -0.130482 -0.122516 -0.108522 -0.472714 0.185416 0.144008 0.048886 0.153576 0.169770 0.143574 -0.344671 -0.109987 -0.232763 -0.377015 -0.044015 0.101176 -0.002757 0.031031 0.190868 0.095051 -0.212043 -0.325846 0.130600 -0.003944 -0.128161 0.328601 -0.368969 -0.117837 0.020483 0.291018 -0.172004 -0.003455 0.129867 -0.063048 0.043702 -0.040456
0.566287 1.000000 -0.194124 0.002085 -0.445925 -0.306282 -0.260711 -0.432882 -0.304530 -0.333916 0.290410 0.255396 0.086307 -0.048188 0.010141 -0.139318 0.354170 0.203774 0.485983 0.365295 -0.420370 -0.525313 0.000836 -0.115573 -0.205188 -0.298453 -0.121055 -0.124170 0.153798 -0.157055 0.243191 -0.141721 0.345981 0.286463 -0.324891 -0.074504 0.260081 -0.051148 -0.110245 -0.272091 0.308904 -0.264604 0.181652 0.279631 -0.073546 -0.229216 0.009097 0.060830 -0.119006 0.171011 0.000296 0.197706 0.020760 0.166214 0.246865 0.107440 0.510852 0.441376 -0.106090 -0.188465 0.079930 -0.053981 0.120687 0.391420 -0.031742 -0.157180 -0.267534 -0.477308 0.208760 0.193028 -0.210436 -0.096425 0.188758 0.268345 0.367126 0.210130 0.253644 0.117390 0.324525 -0.205464 0.113275 0.142404 -0.030836 -0.153246 0.099495 0.182284 0.070322 0.340655 0.069279 0.118241 -0.413772 -0.210794 -0.204462 -0.246813 -0.161141 0.100762 -0.167508 0.006560 -0.017929 0.189286 -0.285182 -0.258590 0.177743 0.098533 0.061223 0.133813 -0.226875 -0.001593 -0.062155 0.193856 -0.082065 0.057574 0.168051 0.170627 -0.034216 0.058560
-0.139167 -0.194124 1.000000 -0.060041 0.578953 0.022141 0.544361 0.132673 0.736837 -0.124911 0.238241 0.023150 0.355059 0.090089 0.513806 -0.070072 -0.123697 -0.229415 -0.066854 -0.052669 0.210287 0.109114 0.266433 -0.050471 0.145531 0.036190 0.091882 -0.143614 -0.098832 -0.122025 0.160833 0.200590 0.005932 -0.067793 0.125033 -0.119752 -0.206128 -0.114844 0.079850 -0.112565 -0.243871 -0.097923 -0.470429 -0.478354 -0.369447 -0.449321 -0.336284 -0.190527 0.192064 -0.412401 -0.005351 -0.468028 0.087534 0.017846 0.029349 -0.213133 -0.265597 -0.216530 0.474610 0.007482 0.386487 -0.092014 0.110363 -0.318520 0.216318 -0.218295 0.414781 0.053737 -0.150322 -0.010036 0.371495 0.290033 -0.052026 -0.173871 -0.056232 0.059572 -0.021496 0.087912 -0.060021 -0.190069 -0.163344 -0.022315 0.400180 0.281672 -0.218427 -0.246291 0.136790 0.082770 -0.032819 -0.131891 -0.130792 0.062760 -0.221783 0.046172 0.158581 0.099236 -0.066420 -0.007930 -0.212558 -0.308932 -0.092213 0.179905 -0.115201 0.033374 -0.027807 -0.236459 0.145209 -0.090615 -0.061528 -0.108214 -0.031328 -0.263866 -0.143116 -0.022371 0.039981 0.041714
0.080836 0.002085 -0.060041 1.000000 -0.152940 0.066577 -0.040576 0.280300 -0.156661 0.300008 0.020321 0.528301 -0.249585 0.019775 -0.177499 0.362257 -0.185105 -0.188025 0.020666 0.027786 -0.029135 -0.115096 0.460422 0.511758 -0.316152 0.149546 0.122570 0.234375 0.002437 -0.026772 0.115445 0.392851 -0.244722 -0.079109 -0.103178 -0.234381 0.008756 -0.319068 0.065200 -0.047594 -0.051452 -0.238996 -0.070083 0.236510 0.081865 0.171020 0.015082 -0.119621 -0.353592 0.301920 -0.092501 0.126055 -0.381502 -0.153487 -0.193569 0.115684 -0.089635 -0.185614 -0.470813 -0.277457 -0.310005 -0.011603 -0.174295 -0.120682 0.355527 0.231210 -0.523773 0.001584 -0.014962 -0.001550 -0.323349 -0.198984 -0.333712 -0.169246 -0.117283 -0.208345 -0.179664 0.051993 0.011169 0.030863 -0.298430 -0.260693 0.096220 -0.137185 0.297091 0.459817 0.140868 0.387301 0.211268 0.407074 -0.038461 -0.171434 -0.044665 -0.354001 -0.217068 -0.014876 -0.225833 -0.178540 -0.235037 -0.255527 -0.125982 -0.016981 -0.223731 -0.173921 0.007710 0.089010 -0.171450 0.046809 0.029875 -0.345984 -0.225619 -0.389990 -0.126656 -0.176341 -0.017937 0.071852
-0.343423 -0.445925 0.578953 -0.152940 1.000000 0.583516 0.402745 0.303707 0.730867 0.186050 0.034544 -0.159821 0.295099 0.131637 0.352796 0.078170 -0.269323 -0.403419 -0.322320 -0.109052 0.591744 0.450523 0.164717 0.097456 0.268969 0.154755 0.544569 0.136229 -0.283090 -0.039625 -0.090459 0.183034 -0.195517 -0.134392 0.112688 -0.139702 -0.447354 -0.097642 0.042175 0.147392 -0.523655 0.145973 -0.346147 -0.383499 -0.102053 -0.031065 -0.103640 -0.008660 0.262768 -0.103038 0.092364 -0.273827 0.180549 -0.193842 -0.147518 -0.356630 -0.341058 -0.237257 0.357985 0.241827 0.250852 0.083295 0.127802 -0.352935 0.067392 -0.011950 0.366058 0.275820 -0.351718 0.088102 0.251759 0.208459 -0.289110 -0.287389 -0.291683 -0.268407 -0.445937 -0.170470 -0.140757 -0.117330 -0.127082 -0.127694 0.151758 0.314930 -0.363867 -0.310300 0.069366 -0.128008 -0.075093 -0.178981 0.079181 0.117622 0.074417 0.358134 0.220362 -0.066831 -0.100551 0.006543 -0.251223 -0.443468 0.196967 0.298988 -0.181781 -0.258651 -0.233454 -0.347409 0.372978 0.156408 -0.093665 -0.265924 -0.140592 -0.364117 -0.254851 -0.046326 -0.286811 -0.109354
-0.157927 -0.306282 0.022141 0.066577 0.583516 1.000000 0.056593 0.224679 0.176562 0.376163 -0.074136 0.016077 0.205070 0.091185 0.067475 0.336943 -0.262833 -0.349125 -0.316605 0.066886 0.547434 0.519531 0.161724 0.306577 0.189273 0.230936 0.781967 0.488491 -0.262937 0.038093 -0.239428 0.152496 -0.223309 -0.128715 -0.096543 -0.160961 -0.129705 0.140024 0.341199 0.503873 -0.157005 0.190982 -0.023087 0.028242 -0.006352 0.285451 0.267264 0.257564 0.172199 0.139932 0.209625 0.102689 0.012857 -0.182159 -0.040574 -0.016081 -0.180947 -0.161897 -0.150944 -0.079171 0.003918 -0.028054 -0.004696 -0.376693 -0.064997 0.181765 -0.095887 0.135696 -0.286901 0.205584 0.015052 -0.057627 -0.377686 -0.310683 -0.378206 -0.311284 -0.395185 -0.140107 -0.334590 -0.026617 -0.095012 -0.168655 0.070213 0.339040 -0.255442 0.007772 0.183196 0.061064 -0.072448 -0.068169 -0.103969 -0.054084 0.008294 0.148207 0.175335 -0.081111 0.012573 0.168704 -0.206356 -0.467452 0.168173 0.114489 -0.228744 -0.319106 -0.362497 -0.012796 0.266323 0.313053 0.059361 -0.377561 -0.263287 -0.141895 -0.234277 0.032336 -0.263831 0.068491
0.036626 -0.260711 0.544361 -0.040576 0.402745 0.056593 1.000000 0.296352 0.361159 0.072469 0.342701 -0.045059 0.379981 0.264111 0.146206 -0.051959 -0.124864 -0.080736 -0.018996 -0.284267 0.277706 0.117042 0.120179 -0.238770 -0.001625 -0.231469 0.071347 -0.262708 -0.014935 0.031765 0.026541 0.101963 0.060064 0.003958 0.030220 0.009630 -0.291406 -0.220047 -0.104393 -0.193959 -0.236673 -0.082603 -0.390672 -0.241243 -0.192940 -0.177519 -0.132345 -0.196543 0.147098 -0.183473 0.111614 -0.230087 0.005989 -0.159831 0.009242 -0.103286 -0.272545 -0.413402 0.307978 0.179431 0.309813 0.091706 0.162344 -0.025514 0.292568 -0.065630 0.317924 0.151670 -0.252205 -0.179671 0.126311 0.014218 0.119158 -0.093411 0.033521 -0.034629 -0.197624 -0.231153 -0.097416 -0.140818 -0.060589 0.002060 0.171006 0.101971 -0.094662 -0.132958 0.026224 -0.088046 -0.181839 -0.271091 -0.056496 -0.126455 -0.247742 0.019831 0.090724 0.067724 0.017270 -0.035796 -0.146848 -0.295365 -0.133875 0.104712 0.049260 -0.027426 -0.036158 -0.073986 0.088835 -0.170054 -0.121518 -0.143802 -0.049643 -0.187245 -0.303701 0.013412 0.005211 -0.095447
-0.396398 -0.432882 0.132673 0.280300 0.303707 0.224679 0.296352 1.000000 0.306678 0.771879 -0.318922 0.126480 -0.263398 0.640779 -0.410510 0.352055 -0.418325 -0.339411 -0.273204 -0.213955 -0.001194 0.099548 -0.340737 -0.037912 -0.003553 0.092633 -0.021288 -0.277495 -0.337786 0.014850 -0.152071 0.189636 -0.149647 0.110286 0.182449 0.062973 -0.268015 -0.153535 -0.275910 0.076003 -0.119965 0.079302 -0.248356 -0.157771 -0.048564 0.294421 -0.091363 -0.199559 -0.255311 0.070903 -0.270345 -0.002629 -0.091567 -0.247447 -0.608989 -0.152249 -0.457226 -0.672605 0.118449 0.454268 0.004244 0.656732 -0.086352 -0.065401 0.114150 0.539299 0.143973 0.488344 -0.310291 -0.109660 -0.130190 0.018362 -0.223924 -0.081709 -0.164349 -0.248347 -0.327995 -0.181428 -0.248499 -0.175343 -0.304706 -0.344016 -0.346727 -0.006598 -0.386002 -0.038033 -0.188124 -0.196798 -0.407229 -0.251745 0.290421 0.010917 0.298323 0.183922 0.059952 0.156365 0.073899 0.022805 0.023598 -0.043117 0.132640 0.329103 0.099098 0.026709 0.126434 -0.002359 0.297077 0.066711 0.042786 -0.254833 0.023888 -0.121008 -0.198471 0.301022 -0.084891 0.104035
-0.302725 -0.304530 0.736837 -0.156661 0.730867 0.176562 0.361159 0.306678 1.000000 0.247143 0.045374 0.024003 0.239712 0.312530 0.533711 0.192275 -0.230918 -0.264838 -0.299161 -0.155075 0.227559 0.218756 0.023176 0.075107 0.316714 0.139599 0.076609 -0.142931 -0.214752 -0.064590 0.091046 0.225519 -0.259992 -0.138282 0.184675 -0.105432 -0.460875 -0.220770 -0.237849 -0.127163 -0.449466 -0.095606 -0.318326 -0.424414 -0.073273 -0.097959 -0.286307 -0.109327 0.273321 -0.158653 -0.055529 -0.331227 0.196076 -0.199587 -0.221393 -0.431646 -0.398100 -0.321099 0.552937 0.195609 0.381694 0.199163 0.011821 -0.325147 0.163921 0.110613 0.411624 0.202747 -0.356068 -0.065290 0.308781 0.220955 -0.188355 -0.222918 -0.170727 -0.111058 -0.297198 -0.064851 -0.077594 -0.125954 -0.142816 -0.091538 0.129402 0.131252 -0.308824 -0.284482 -0.197956 -0.170678 -0.018910 -0.020529 0.185254 0.283847 0.153132 0.428426 0.052866 0.056973 -0.201700 -0.090873 -0.162203 -0.216039 0.235979 0.424434 0.009457 -0.035921 0.039346 -0.398894 0.364352 -0.068569 -0.079794 -0.244408 -0.086024 -0.373897 -0.040260 0.056805 -0.164881 -0.027462
-0.283617 -0.333916 -0.124911 0.300008 0.186050 0.376163 0.072469 0.771879 0.247143 1.000000 -0.375279 0.286642 -0.231437 0.646742 -0.356494 0.584150 -0.490646 -0.398617 -0.316379 -0.112664 -0.021761 0.141111 -0.332255 0.159633 -0.057423 0.088832 -0.009150 -0.078755 -0.409207 -0.031638 -0.140278 0.127051 -0.321736 0.025868 0.116205 0.108820 -0.252966 -0.070809 -0.278931 0.183904 -0.151028 0.069202 0.018346 0.015722 0.153697 0.545772 0.105154 0.033412 -0.126442 0.304461 -0.251906 0.162968 -0.020697 -0.187460 -0.562607 -0.056362 -0.449249 -0.634657 0.022431 0.265751 -0.066319 0.645177 -0.242395 -0.151151 0.077401 0.705386 -0.040387 0.408427 -0.357592 -0.151528 -0.174311 -0.046592 -0.379401 -0.131406 -0.199370 -0.179379 -0.381533 -0.135146 -0.416741 -0.170221 -0.396777 -0.441120 -0.368161 -0.012722 -0.288162 0.130673 -0.289144 -0.084420 -0.296196 0.007910 0.344423 0.107840 0.421940 0.181358 0.065227 0.016955 0.039923 0.012099 0.055994 0.016982 0.205826 0.213982 0.193499 0.055232 0.076336 -0.021337 0.367483 0.061994 0.029635 -0.354111 -0.083999 -0.290767 -0.108270 0.251205 -0.073088 0.024933
0.413806 0.290410 0.238241 0.020321 0.034544 -0.074136 0.342701 -0.318922 0.045374 -0.375279 1.000000 0.306955 0.742362 0.048879 0.481230 -0.038233 0.299899 0.173712 0.345806 0.025523 0.041139 -0.213716 0.378522 -0.014816 -0.226721 -0.434492 0.073749 -0.143316 0.402092 0.024350 0.212106 0.170273 0.371541 0.180226 -0.478287 -0.237585 0.066450 -0.254615 -0.015077 -0.372828 0.098168 -0.239049 -0.171223 0.086370 -0.079831 -0.382727 -0.159329 -0.241929 0.292740 0.039435 0.405051 -0.107750 -0.060891 -0.217240 0.377101 -0.005933 -0.009399 0.134838 0.248123 -0.278813 0.563919 -0.169592 0.444298 0.161810 0.409661 -0.260136 -0.039916 -0.389357 -0.204058 -0.091858 -0.149734 -0.246431 0.245658 -0.083690 0.250262 0.045841 -0.098611 -0.253943 0.216282 0.031506 0.136222 0.246456 0.364461 0.040833 0.309288 0.111266 0.051973 0.087664 0.141406 0.037580 -0.403849 -0.282058 -0.357315 -0.345679 -0.262542 0.177031 -0.300257 -0.193980 -0.273400 -0.329518 -0.296797 -0.151658 0.059770 -0.186719 -0.020893 -0.010935 -0.336124 -0.223613 -0.087177 -0.066786 -0.431555 -0.148106 0.011165 -0.132020 -0.057352 0.069640
0.183761 0.255396 0.023150 0.528301 -0.159821 0.016077 -0.045059 0.126480 0.024003 0.286642 0.306955 1.000000 0.146382 0.395294 0.144020 0.553517 -0.040429 -0.041147 0.002500 0.187789 -0.205916 -0.146859 0.303788 0.490138 -0.042121 0.093099 -0.066399 0.089901 0.175113 0.087897 0.213602 0.555995 -0.184254 0.073200 -0.383672 -0.375129 0.153497 -0.234881 -0.129039 -0.184641 0.064287 -0.417540 0.081597 0.369642 0.107921 0.198229 -0.130723 -0.258894 -0.053335 0.270839 0.061566 0.139831 -0.399353 -0.374987 -0.182584 -0.160272 -0.266550 -0.224231 -0.159389 -0.318614 0.050734 0.166577 -0.112287 -0.127993 0.394741 0.398575 -0.452177 -0.142176 -0.450542 -0.051692 -0.219954 -0.208454 -0.309009 -0.152167 -0.003288 -0.058455 -0.069765 0.053038 -0.058740 0.122708 -0.220873 -0.147881 0.102108 -0.091619 0.334775 0.502616 -0.237514 0.228764 0.120139 0.346388 -0.234482 -0.206501 -0.049019 -0.268950 -0.424739 0.071547 -0.399957 -0.294097 -0.415051 -0.387439 -0.196933 -0.027388 0.060647 -0.115262 0.052462 -0.117821 -0.210044 -0.106058 -0.019033 -0.345380 -0.510387 -0.285746 0.141771 0.010252 -0.124727 0.066610
0.186163 0.086307 0.355059 -0.249585 0.295099 0.205070 0.379981 -0.263398 0.239712 -0.231437 0.742362 0.146382 1.000000 0.113550 0.629033 0.095076 0.237288 0.029795 0.045463 -0.023557 0.223789 0.021170 0.251035 -0.059863 0.068869 -0.300760 0.276174 -0.060966 0.268399 0.075856 -0.016942 0.033581 0.160720 0.052986 -0.384756 -0.059133 0.087922 -0.062148 0.132662 -0.075940 0.060908 -0.031721 -0.153208 -0.018007 -0.215113 -0.347144 -0.023456 -0.020966 0.547056 -0.148741 0.502006 -0.065339 0.175696 -0.085451 0.473858 -0.088181 -0.021034 0.145836 0.386609 -0.237200 0.714496 -0.201296 0.410798 -0.047498 0.113082 -0.246868 0.089138 -0.352193 -0.253729 -0.068641 -0.050686 -0.107217 0.199190 -0.199052 0.073656 -0.000499 -0.181517 -0.227171 0.042162 0.047286 0.163793 0.258183 0.392490 0.305141 -0.065311 -0.193900 0.011803 -0.007409 0.021855 -0.116191 -0.317199 -0.185325 -0.286400 -0.101889 -0.117575 -0.050962 -0.136235 -0.160606 -0.153270 -0.384839 -0.125560 -0.092926 0.000784 -0.061430 -0.126518 -0.122492 -0.048078 -0.157088 -0.173593 -0.112264 -0.269395 -0.051526 -0.016069 -0.025097 0.022136 -0.004435
-0.110399 -0.048188 0.090089 0.019775 0.131637 0.091185 0.264111 0.640779 0.312530 0.646742 0.048879 0.395294 0.113550 1.000000 -0.170218 0.488211 -0.211410 -0.166066 -0.078814 0.022547 -0.070386 -0.029682 -0.394309 -0.081164 0.015617 -0.080831 -0.165848 -0.420761 -0.187981 -0.046543 -0.105213 0.178926 0.033700 0.311429 -0.118228 -0.009791 -0.203988 -0.187628 -0.476385 -0.090801 -0.008134 -0.126913 -0.111844 -0.101729 -0.051075 0.163043 -0.125248 -0.235325 0.042654 0.026996 -0.035318 0.064782 0.097371 -0.349990 -0.455278 -0.207033 -0.370648 -0.577186 0.384718 0.349360 0.363599 0.761416 0.152571 0.024699 0.107863 0.506356 0.233827 0.174585 -0.556479 -0.135542 -0.034560 0.003408 -0.099594 -0.083807 -0.031188 -0.036862 -0.134332 -0.127170 -0.294585 -0.195306 -0.202011 -0.293174 -0.362184 -0.064166 -0.383582 -0.065895 -0.443658 -0.168305 -0.440078 -0.165965 0.116518 -0.043901 0.232967 0.122433 -0.054924 0.267224 0.004245 -0.031020 -0.036884 -0.022710 0.137457 0.128745 0.398076 0.116757 0.154066 -0.123537 0.201580 0.013619 0.073765 -0.103334 -0.114202 -0.128157 -0.033859 0.292556 -0.188842 -0.010272
0.041326 0.010141 0.513806 -0.177499 0.352796 0.067475 0.146206 -0.410510 0.533711 -0.356494 0.481230 0.144020 0.629033 -0.170218 1.000000 0.052845 0.123585 0.001552 -0.167604 0.037808 0.234895 0.183449 0.473896 0.335316 0.255830 0.189561 0.152060 0.226824 0.231969 -0.011157 0.183662 0.218490 -0.241042 -0.269906 -0.062926 -0.243551 -0.098131 -0.171752 0.055141 -0.168986 -0.218151 -0.243620 -0.080920 -0.054040 -0.025880 -0.291624 -0.223248 -0.034229 0.555305 -0.114297 0.322636 -0.198251 0.033642 -0.134091 0.233769 -0.365752 -0.049791 0.229563 0.281523 -0.420057 0.439950 -0.412889 0.071971 -0.360824 0.124324 -0.207605 -0.009491 -0.286351 -0.214907 0.045500 0.229938 -0.015015 -0.118784 -0.288160 -0.084628 -0.032659 -0.205171 -0.092684 0.130576 0.173817 0.087358 0.203285 0.608952 0.197540 0.202163 -0.101456 -0.063500 0.053543 0.405466 0.220161 -0.155782 0.151689 -0.221955 0.123201 -0.129453 -0.027934 -0.310653 -0.137714 -0.289855 -0.402120 0.046441 0.185546 -0.179690 -0.134702 -0.115709 -0.294681 0.005481 -0.019216 -0.094850 -0.112617 -0.262418 -0.229090 0.048195 -0.127904 -0.060123 0.098901
-0.236582 -0.139318 -0.070072 0.362257 0.078170 0.336943 -0.051959 0.352055 0.192275 0.584150 -0.038233 0.553517 0.095076 0.488211 0.052845 1.000000 -0.025837 0.061699 -0.300956 0.012526 0.014909 0.121906 0.070282 0.407776 0.208680 0.233754 0.155816 0.157816 0.199634 0.376637 -0.111184 0.442951 -0.201669 0.095253 -0.159890 -0.329326 0.110877 -0.142338 -0.083268 0.169763 0.039525 0.000361 0.116992 0.290097 0.127812 0.297356 0.051480 -0.157394 -0.046310 0.136009 0.160913 0.078431 -0.122844 -0.343019 -0.272856 -0.297436 -0.280742 -0.281218 -0.172814 -0.082959 0.062301 0.335491 -0.030193 -0.172394 0.085064 0.453586 -0.291363 -0.181013 -0.389219 0.023386 -0.265394 -0.262691 -0.251332 -0.183165 -0.028652 -0.033806 -0.190051 -0.040322 -0.078791 0.420858 0.039734 0.013057 -0.023662 0.183803 0.009764 0.235397 -0.328978 -0.010792 -0.192994 0.257719 -0.019996 -0.154451 0.244035 0.071964 -0.430533 -0.031462 -0.370955 -0.277461 -0.354879 -0.263616 0.025378 0.084498 0.050912 -0.167999 0.114013 -0.195969 0.049835 -0.109333 -0.127883 -0.560935 -0.421615 -0.213028 0.109418 0.104882 -0.074273 0.146459
0.245537 0.354170 -0.123697 -0.185105 -0.269323 -0.262833 -0.124864 -0.418325 -0.230918 -0.490646 0.299899 -0.040429 0.237288 -0.211410 0.123585 -0.025837 1.000000 0.691601 0.247650 0.117911 -0.176247 -0.424771 -0.007839 -0.161322 -0.020960 -0.284837 -0.001059 -0.201978 0.539584 0.343023 -0.024163 0.032397 0.377317 0.373472 -0.255615 -0.103334 0.336866 -0.115120 0.064664 -0.189484 0.230926 -0.068138 0.081135 0.104546 -0.157325 -0.481586 -0.138392 -0.095800 -0.112766 -0.303998 0.206845 -0.156240 0.007650 0.231191 0.482742 0.083521 0.597224 0.502848 -0.096435 -0.157832 0.214581 -0.144709 0.498050 0.512211 -0.137393 -0.389550 -0.164873 -0.649196 0.251831 0.064228 -0.126190 -0.200239 0.495737 0.250761 0.267158 0.306073 0.339898 0.247309 0.649040 0.400688 0.702517 0.666955 0.021266 -0.009135 0.046362 -0.299320 0.036446 0.043088 -0.029016 0.016271 -0.457599 -0.311228 -0.137705 -0.245926 -0.329333 0.013057 -0.225767 -0.165354 -0.172747 0.018628 -0.365510 -0.303784 -0.283762 -0.115771 0.071306 0.010549 -0.365066 -0.130182 0.011969 0.110814 -0.041921 0.173063 0.258168 0.059715 0.118264 -0.093316
0.013154 0.203774 -0.229415 -0.188025 -0.403419 -0.349125 -0.080736 -0.339411 -0.264838 -0.398617 0.173712 -0.041147 0.029795 -0.166066 0.001552 0.061699 0.691601 1.000000 0.185891 -0.148190 -0.193461 -0.238674 -0.082975 -0.194230 0.081983 -0.198705 -0.154852 -0.091164 0.721078 0.625654 -0.149897 0.149419 0.308125 0.202156 -0.268147 -0.299134 0.351015 -0.026638 -0.039421 -0.228725 0.211957 0.032896 0.270634 0.270425 0.020097 -0.210189 -0.103279 -0.142982 -0.138560 -0.183155 0.204107 -0.071944 -0.149360 0.076497 0.291110 0.024522 0.307806 0.213720 -0.194362 -0.108528 -0.004161 -0.177832 0.395319 0.550134 -0.093888 -0.247290 -0.188364 -0.480998 0.106395 -0.242745 -0.120383 -0.325920 0.598676 0.407894 0.390265 0.340763 0.435645 0.181584 0.505217 0.590873 0.757956 0.719229 0.055683 0.014436 0.290113 0.045575 -0.131547 -0.134549 -0.050609 -0.032885 -0.349213 -0.367447 -0.128146 -0.075458 -0.513682 -0.078152 -0.239704 -0.203463 -0.179555 0.129136 -0.230385 -0.246979 -0.111674 -0.009606 0.121407 -0.273343 -0.294450 -0.342648 -0.188368 0.004046 -0.036801 0.215056 0.302878 0.010502 0.078966 -0.139224
0.545280 0.485983 -0.066854 0.020666 -0.322320 -0.316605 -0.018996 -0.273204 -0.299161 -0.316379 0.345806 0.002500 0.045463 -0.078814 -0.167604 -0.300956 0.247650 0.185891 1.000000 0.094931 -0.255777 -0.406077 0.050017 -0.444318 -0.267642 -0.428838 -0.117891 -0.310668 0.115674 -0.127193 0.309026 -0.319142 0.477200 0.294018 -0.281611 0.112579 0.249704 0.062940 0.097753 -0.203071 0.259977 -0.156499 -0.109781 -0.012036 -0.329036 -0.434872 -0.054807 -0.093937 -0.242704 -0.105035 -0.136799 -0.165401 -0.116567 0.146259 0.325217 0.453062 0.305371 0.345940 -0.080317 -0.084224 0.021156 -0.073161 0.127121 0.479934 0.237452 -0.331721 -0.109699 -0.393776 0.417360 -0.160914 -0.026141 0.109078 0.495827 0.509509 0.577438 0.419329 0.456544 0.188292 0.212485 -0.383248 0.004092 0.105984 -0.027956 -0.209291 0.052270 0.042436 0.238967 0.288565 -0.143152 -0.118815 -0.400065 -0.356495 -0.098544 -0.623719 0.112666 0.086461 0.227592 0.118998 0.139647 0.336278 -0.453002 -0.582469 0.067684 0.220272 0.016625 0.328118 -0.462568 -0.161170 0.023722 0.452977 0.072937 -0.005672 0.148774 0.049521 0.292387 -0.040955
0.105971 0.365295 -0.052669 0.027786 -0.109052 0.066886 -0.284267 -0.213955 -0.155075 -0.112664 0.025523 0.187789 -0.023557 0.022547 0.037808 0.012526 0.117911 -0.148190 0.094931 1.000000 -0.040260 -0.179608 0.119147 0.343331 -0.182378 -0.003246 0.071077 0.117994 -0.118482 -0.241040 0.057861 0.079634 0.248516 0.388677 -0.241147 -0.161275 0.206119 -0.047514 0.104566 0.197278 0.147913 -0.072392 -0.138584 -0.163898 -0.221267 -0.205036 -0.176971 -0.175305 -0.153754 0.015204 -0.102659 -0.029379 0.069602 0.043138 0.135430 -0.129015 0.139735 0.223079 0.020271 -0.155153 0.103181 0.172917 0.096375 -0.025074 -0.077889 0.022488 -0.095310 -0.138923 0.063199 0.703608 0.033207 -0.044858 -0.258299 -0.075534 -0.087108 0.036481 0.136030 0.081813 0.011040 -0.050983 -0.009247 -0.096252 0.051003 0.085592 -0.021704 -0.092977 0.097340 0.166565 0.211236 0.235343 -0.093573 -0.066076 0.088296 -0.206152 0.147334 0.213345 -0.195244 0.146919 -0.195701 -0.203635 0.000735 -0.116413 -0.056703 -0.269839 0.011699 0.213820 -0.086326 0.215893 0.217391 0.023896 -0.242783 0.131179 -0.138772 -0.045751 -0.325981 0.286308
-0.136533 -0.420370 0.210287 -0.029135 0.591744 0.547434 0.277706 -0.001194 0.227559 -0.021761 0.041139 -0.205916 0.223789 -0.070386 0.234895 0.014909 -0.176247 -0.193461 -0.255777 -0.040260 1.000000 0.618030 0.244523 0.181402 0.163668 0.148384 0.641251 0.310177 -0.055423 0.033976 -0.342518 0.120215 -0.250143 -0.141518 -0.153636 -0.156682 -0.306221 -0.078686 0.136775 0.064502 -0.486378 0.163459 0.014746 -0.062662 0.040061 0.001537 0.244062 0.232566 0.445114 -0.001266 0.505251 -0.024274 0.314943 -0.109240 -0.008052 -0.194355 -0.116761 -0.108387 0.024363 -0.054652 0.020539 -0.165214 0.315172 -0.224361 -0.177829 -0.235222 0.152516 0.058177 -0.174045 0.024790 0.386784 0.123935 -0.168689 -0.297060 -0.411395 -0.312633 -0.392795 -0.184964 -0.178383 0.068673 0.091204 -0.019297 0.214997 0.238277 -0.158152 -0.273809 0.047499 -0.131624 -0.056038 -0.163320 0.047394 -0.038588 -0.073823 0.200063 0.138391 -0.376957 -0.014902 0.002466 -0.168734 -0.409110 0.280356 0.145579 -0.192886 -0.285162 -0.237232 -0.263310 0.314623 0.186099 -0.135646 -0.241396 -0.092268 -0.150518 -0.250977 -0.240102 -0.209177 -0.150580
-0.345706 -0.525313 0.109114 -0.115096 0.450523 0.519531 0.117042 0.099548 0.218756 0.141111 -0.213716 -0.146859 0.021170 -0.029682 0.183449 0.121906 -0.424771 -0.238674 -0.406077 -0.179608 0.618030 1.000000 0.154908 0.282805 0.397595 0.475700 0.342903 0.566269 -0.106856 0.145629 -0.197000 0.143999 -0.357171 -0.367400 0.145582 -0.197909 -0.163840 0.169867 0.106642 0.264782 -0.295626 0.248308 0.026208 -0.035898 0.029281 0.263664 0.099315 -0.017288 0.313030 -0.096652 0.315868 -0.106360 -0.050566 -0.320466 -0.286170 -0.248806 -0.302306 -0.289093 0.029146 -0.027356 -0.089680 -0.166802 -0.112608 -0.495678 -0.133427 0.106337 0.140031 0.245700 -0.340155 -0.087187 0.291835 0.138245 -0.323001 -0.313950 -0.445075 -0.355958 -0.288713 -0.218537 -0.342603 0.171426 -0.040287 -0.061860 0.321500 0.336494 0.034407 -0.002240 -0.081940 -0.105293 -0.013890 -0.132098 0.051537 0.159483 -0.064831 0.374325 0.218809 -0.259854 0.131133 0.052601 -0.146075 -0.295897 0.288407 0.187522 -0.151265 -0.164383 -0.297776 -0.104942 0.353777 0.270792 0.012845 -0.303348 -0.165349 0.017438 -0.105652 -0.256471 -0.052426 -0.002550
0.109178 0.000836 0.266433 0.460422 0.164717 0.161724 0.120179 -0.340737 0.023176 -0.332255 0.378522 0.303788 0.251035 -0.394309 0.473896 0.070282 -0.007839 -0.082975 0.050017 0.119147 0.244523 0.154908 1.000000 0.513668 -0.045705 0.254561 0.375693 0.533183 0.217436 0.027724 0.389312 0.382863 -0.204754 -0.259078 -0.103119 -0.342904 0.072493 -0.169550 0.382049 -0.050865 -0.100360 -0.150401 -0.215361 0.054451 -0.123917 -0.218462 -0.074078 -0.187546 -0.001673 -0.083394 0.192214 -0.210166 -0.360114 -0.136131 0.177619 -0.019604 0.058589 0.242648 -0.287832 -0.560976 -0.104129 -0.582400 -0.157149 -0.346796 0.499802 -0.239828 -0.360438 -0.160775 0.056918 0.213525 -0.100977 -0.079326 -0.240553 -0.179969 -0.020285 -0.128238 -0.087855 0.029727 0.128029 0.167162 -0.096728 0.041194 0.704965 0.173294 0.557496 0.281668 0.438095 0.426503 0.494870 0.252102 -0.321937 -0.191426 -0.440614 -0.377272 -0.031004 -0.068975 -0.244896 -0.252144 -0.555996 -0.585534 -0.299973 -0.147691 -0.434452 -0.299825 -0.177387 -0.023371 -0.338971 0.041484 -0.022968 -0.253088 -0.355814 -0.374408 -0.174675 -0.409597 -0.059670 -0.001800
-0.136682 -0.115573 -0.050471 0.511758 0.097456 0.306577 -0.238770 -0.037912 0.075107 0.159633 -0.014816 0.490138 -0.059863 -0.081164 0.335316 0.407776 -0.161322 -0.194230 -0.444318 0.343331 0.181402 0.282805 0.513668 1.000000 0.060827 0.551347 0.228298 0.672702 0.007564 -0.036223 0.038844 0.582802 -0.447487 -0.203222 -0.099068 -0.422529 -0.109206 -0.289674 0.028821 0.096630 -0.297221 -0.256472 0.074802 0.257176 0.304861 0.354381 -0.110865 -0.043095 0.130085 0.323390 0.208010 0.165947 -0.305718 -0.332720 -0.223750 -0.326190 -0.161447 -0.135507 -0.243980 -0.461351 -0.180348 -0.152280 -0.192799 -0.522767 0.133774 0.375941 -0.403935 0.092733 -0.342045 0.260204 -0.149974 -0.307551 -0.698298 -0.520326 -0.479073 -0.391779 -0.385976 -0.136604 -0.035370 0.343286 -0.100416 -0.189974 0.300197 0.005542 0.423649 0.331049 -0.104128 0.154199 0.557756 0.583889 0.042573 0.133465 0.042155 0.066818 -0.269271 -0.061195 -0.504210 -0.234078 -0.419588 -0.524654 0.193250 0.259604 -0.371391 -0.505321 -0.023828 -0.180302 -0.049845 0.188098 0.040468 -0.488933 -0.443025 -0.290895 0.014728 -0.347796 -0.345671 0.234087
-0.317385 -0.205188 0.145531 -0.316152 0.268969 0.189273 -0.001625 -0.003553 0.316714 -0.057423 -0.226721 -0.042121 0.068869 0.015617 0.255830 0.208680 -0.020960 0.081983 -0.267642 -0.182378 0.163668 0.397595 -0.045705 0.060827 1.000000 0.556501 0.167104 0.142503 0.189014 0.318391 0.006039 0.137668 -0.273095 -0.333346 0.257692 -0.051158 -0.000837 0.149216 0.124182 0.209318 -0.037286 0.008531 0.142565 0.082415 0.169572 0.143531 -0.062527 -0.035146 0.208807 -0.161353 0.121108 -0.153933 -0.051023 -0.217171 -0.013946 -0.312553 -0.159380 -0.019234 0.051069 0.014995 -0.047445 -0.166583 -0.202051 -0.369422 -0.234458 0.023993 0.119100 -0.032643 -0.189469 -0.031448 0.212159 0.077032 -0.003234 -0.147701 -0.251082 -0.110518 -0.037830 0.043237 -0.000651 0.281702 0.184795 0.145914 -0.001487 0.083037 -0.154283 -0.054238 -0.254163 -0.130307 -0.171650 0.011025 -0.046072 0.089784 0.195756 0.382345 -0.230017 -0.262406 -0.040955 -0.201773 -0.115871 -0.090337 0.176842 0.073439 -0.163576 -0.074012 0.055658 -0.269599 0.048085 -0.132915 -0.199032 -0.045510 0.109089 0.220718 0.244743 0.014053 -0.128132 -0.085065
-0.317120 -0.298453 0.036190 0.149546 0.154755 0.230936 -0.231469 0.092633 0.139599 0.088832 -0.434492 0.093099 -0.300760 -0.080831 0.189561 0.233754 -0.284837 -0.198705 -0.428838 -0.003246 0.148384 0.475700 0.254561 0.551347 0.556501 1.000000 0.100321 0.570422 -0.137418 -0.039620 0.075090 0.329981 -0.515366 -0.433027 0.434056 -0.097880 -0.208469 0.041548 0.143977 0.310316 -0.238656 -0.084381 0.061602 0.073109 0.156540 0.309669 -0.077958 0.023441 0.094059 -0.021384 -0.004071 0.001483 -0.205659 -0.235221 -0.327402 -0.216536 -0.080365 -0.111938 -0.226484 -0.194233 -0.349855 -0.206522 -0.490137 -0.662970 -0.055755 0.275558 -0.138471 0.156281 -0.124929 0.160340 0.108415 0.084627 -0.505550 -0.363835 -0.491464 -0.222995 -0.178596 -0.003133 -0.087693 0.169258 -0.139492 -0.226645 0.126104 0.015190 0.086372 0.138939 -0.082893 0.128437 0.242915 0.275593 0.081924 0.200618 0.094451 0.261370 0.017637 -0.024377 0.060631 -0.018341 -0.172655 -0.169938 0.171010 0.173772 -0.319284 -0.197435 0.074695 -0.123863 -0.047248 0.193925 0.155667 -0.096639 0.080728 0.036696 0.017743 -0.122733 -0.143247 0.112815
-0.097119 -0.121055 0.091882 0.122570 0.544569 0.781967 0.071347 -0.021288 0.076609 -0.009150 0.073749 -0.066399 0.276174 -0.165848 0.152060 0.155816 -0.001059 -0.154852 -0.117891 0.071077 0.641251 0.342903 0.375693 0.228298 0.167104 0.100321 1.000000 0.477532 0.035371 0.186339 -0.262890 0.102536 -0.126688 -0.169795 -0.221806 -0.278450 0.015931 0.077718 0.492829 0.381835 -0.153064 0.228167 0.033506 0.065355 -0.112420 -0.017503 0.257154 0.215182 0.140500 0.016007 0.379576 -0.026091 0.107132 -0.030671 0.216752 0.019679 0.060373 0.092552 -0.222743 -0.131566 -0.097489 -0.320246 0.201293 -0.170954 -0.174947 -0.233445 -0.094837 -0.103489 -0.075825 0.216807 -0.026944 -0.113924 -0.197629 -0.165357 -0.269114 -0.280565 -0.218106 0.017308 -0.044382 0.118525 0.150450 0.116029 0.261932 0.420407 -0.125638 -0.023219 0.373194 0.157870 -0.075483 -0.087416 -0.329332 -0.286475 -0.258083 -0.066146 0.035299 -0.242078 -0.049707 0.036633 -0.386903 -0.535178 -0.010766 -0.018117 -0.410548 -0.312048 -0.412386 -0.215904 0.136338 0.183353 -0.186779 -0.317885 -0.192318 -0.224927 -0.278016 -0.040621 -0.263010 -0.047240
-0.167113 -0.124170 -0.143614 0.234375 0.136229 0.488491 -0.262708 -0.277495 -0.142931 -0.078755 -0.143316 0.089901 -0.060966 -0.420761 0.226824 0.157816 -0.201978 -0.091164 -0.310668 0.117994 0.310177 0.566269 0.533183 0.672702 0.142503 0.570422 0.477532 1.000000 0.008475 0.118955 -0.079019 0.274406 -0.382552 -0.404301 0.002181 -0.339509 0.109900 0.223259 0.422784 0.452493 -0.131682 0.170436 0.189112 0.276945 0.138984 0.334831 0.152481 0.142507 0.171357 0.139282 0.303507 0.082980 -0.265848 -0.221741 -0.040048 -0.063094 0.010039 0.065721 -0.414562 -0.504529 -0.390074 -0.544728 -0.285478 -0.513228 -0.087666 0.099111 -0.405287 -0.011387 -0.125258 0.149906 -0.089011 -0.186977 -0.507528 -0.312665 -0.309237 -0.244549 -0.143556 -0.021182 -0.153261 0.326948 0.024036 0.009961 0.491910 0.323658 0.406693 0.377927 0.206321 0.210772 0.423175 0.247915 -0.170915 -0.009374 -0.254484 0.062160 0.026281 -0.184941 -0.092703 0.029833 -0.327332 -0.379685 0.109581 -0.006042 -0.413793 -0.324275 -0.269863 -0.091771 -0.000649 0.244825 0.007715 -0.369861 -0.212683 -0.109882 -0.023156 -0.344177 -0.145790 0.171803
0.030490 0.153798 -0.098832 0.002437 -0.283090 -0.262937 -0.014935 -0.337786 -0.214752 -0.409207 0.402092 0.175113 0.268399 -0.187981 0.231969 0.199634 0.539584 0.721078 0.115674 -0.118482 -0.055423 -0.106856 0.217436 0.007564 0.189014 -0.137418 0.035371 0.008475 1.000000 0.760290 -0.013092 0.321319 0.200365 0.041919 -0.375793 -0.473383 0.411322 -0.147491 0.030015 -0.244485 0.351957 -0.004240 0.300718 0.408431 0.103033 -0.228228 -0.038638 -0.279932 -0.020159 -0.071467 0.367225 -0.144220 -0.279738 -0.025028 0.250098 -0.216992 0.149746 0.200690 -0.219359 -0.213187 0.060124 -0.318074 0.335148 0.325877 0.031750 -0.370679 -0.241110 -0.545526 -0.053811 -0.229491 -0.240207 -0.501883 0.500369 0.155980 0.284711 0.054353 0.194460 -0.040051 0.495993 0.729349 0.624610 0.741863 0.350255 0.241036 0.474976 0.300728 -0.150072 -0.062255 -0.143998 0.038914 -0.382243 -0.378281 -0.172586 -0.149744 -0.637983 -0.119896 -0.406168 -0.416596 -0.342705 -0.165019 -0.239378 -0.194768 -0.201807 -0.101282 0.030012 -0.259020 -0.283922 -0.450549 -0.327622 -0.202980 -0.336098 0.086672 0.205350 -0.088073 0.021054 -0.073608
-0.346598 -0.157055 -0.122025 -0.026772 -0.039625 0.038093 0.031765 0.014850 -0.064590 -0.031638 0.024350 0.087897 0.075856 -0.046543 -0.011157 0.376637 0.343023 0.625654 -0.127193 -0.241040 0.033976 0.145629 0.027724 -0.036223 0.318391 -0.039620 0.186339 0.118955 0.760290 1.000000 -0.193668 0.333426 0.063116 -0.023766 -0.249260 -0.470517 0.429150 0.040337 0.107512 0.078170 0.284220 0.257938 0.275435 0.305728 0.043813 0.006695 0.024213 -0.250382 -0.167031 -0.133602 0.207641 -0.193143 -0.305409 -0.109079 0.023852 -0.260881 -0.046398 -0.075790 -0.271518 0.007565 -0.102701 -0.126205 0.235384 0.286237 -0.137795 -0.187931 -0.211417 -0.324959 -0.152120 -0.210653 -0.219116 -0.401240 0.408529 0.219396 0.215623 0.001215 0.177358 0.011278 0.323071 0.764084 0.621854 0.754194 0.238450 0.445522 0.245773 0.212786 -0.135324 -0.120040 -0.307826 -0.134245 -0.237564 -0.377880 -0.065501 0.083942 -0.487209 -0.156289 -0.230188 -0.263279 -0.373205 -0.167047 -0.071261 -0.098871 -0.227526 -0.103972 0.017451 -0.261428 -0.000664 -0.319840 -0.251691 -0.417071 -0.211997 0.086832 0.137518 -0.004416 0.045641 -0.134200
0.335037 0.243191 0.160833 0.115445 -0.090459 -0.239428 0.026541 -0.152071 0.091046 -0.140278 0.212106 0.213602 -0.016942 -0.105213 0.183662 -0.111184 -0.024163 -0.149897 0.309026 0.057861 -0.342518 -0.197000 0.389312 0.038844 0.006039 0.075090 -0.262890 -0.079019 -0.013092 -0.193668 1.000000 0.199070 0.092349 0.061555 0.251018 0.073998 -0.019686 -0.155760 -0.075139 -0.251406 0.109771 -0.336387 -0.173773 0.028861 -0.065452 -0.143201 -0.248122 -0.303998 -0.231869 -0.004071 -0.335510 -0.260394 -0.480465 -0.048527 -0.007933 0.159726 0.084961 0.215828 -0.034478 -0.199851 0.018901 -0.115537 -0.405806 -0.153083 0.623932 0.063596 -0.118586 -0.013114 0.172059 0.092391 -0.108543 0.114743 -0.007397 0.038525 0.228899 0.147956 0.153800 0.042210 0.216435 -0.242726 -0.296875 -0.115288 0.180413 -0.226035 0.380914 0.183063 0.286949 0.376781 0.355154 0.159237 -0.265338 -0.140251 -0.077597 -0.343571 0.063610 0.175692 -0.025069 -0.127074 -0.224038 -0.014414 -0.326384 -0.266859 -0.093231 -0.155458 0.102352 0.233047 -0.442120 -0.100314 0.115014 0.161662 -0.138632 -0.141290 0.189752 -0.188269 0.100003 0.019159
-0.062978 -0.141721 0.200590 0.392851 0.183034 0.152496 0.101963 0.189636 0.225519 0.127051 0.170273 0.555995 0.033581 0.178926 0.218490 0.442951 0.032397 0.149419 -0.319142 0.079634 0.120215 0.143999 0.382863 0.582802 0.137668 0.329981 0.102536 0.274406 0.321319 0.333426 0.199070 1.000000 -0.124398 0.106296 -0.173954 -0.644482 -0.195120 -0.490717 -0.196114 -0.164700 -0.199206 -0.315289 0.036119 0.273324 0.260075 0.223767 -0.208997 -0.320118 0.012546 0.188325 0.169127 0.013468 -0.443352 -0.316603 -0.304797 -0.426229 -0.265814 -0.360898 -0.122222 -0.220356 0.026960 0.035803 0.089449 -0.211272 0.422650 0.300464 -0.213680 0.037325 -0.510882 0.023937 -0.082033 -0.313449 -0.289257 -0.298616 -0.262742 -0.218923 -0.183576 -0.111463 0.169328 0.424151 0.065208 0.085756 0.198167 0.059705 0.355682 0.356757 -0.161345 -0.025290 0.192400 0.192981 -0.237924 -0.245400 -0.080320 0.034053 -0.459783 0.072784 -0.562244 -0.386439 -0.547687 -0.640204 0.018713 0.181468 -0.343203 -0.516091 -0.033742 -0.359828 -0.123513 -0.193861 -0.095135 -0.557737 -0.536783 -0.290306 0.106845 -0.349906 -0.451312 0.085027
0.199923 0.345981 0.005932 -0.244722 -0.195517 -0.223309 0.060064 -0.149647 -0.259992 -0.321736 0.371541 -0.184254 0.160720 0.033700 -0.241042 -0.201669 0.377317 0.308125 0.477200 0.248516 -0.250143 -0.357171 -0.204754 -0.447487 -0.273095 -0.515366 -0.126688 -0.382552 0.200365 0.063116 0.092349 -0.124398 1.000000 0.652285 -0.288213 -0.047615 0.268176 0.038259 -0.007517 -0.095443 0.415973 0.094053 -0.174763 -0.074518 -0.351104 -0.422637 -0.069493 -0.232221 -0.247256 -0.174047 0.035521 -0.193219 0.075380 0.132970 0.283867 0.161036 0.187683 0.133024 0.211140 0.189218 0.333606 0.164603 0.514907 0.550354 -0.020660 -0.285521 0.286491 -0.207242 0.144930 0.182790 -0.159094 -0.128424 0.443702 0.270669 0.411099 0.226239 0.365752 -0.069653 0.308171 -0.073652 0.289643 0.314366 -0.125691 0.050241 -0.059082 -0.098990 0.087943 -0.043464 -0.212158 -0.276794 -0.376458 -0.390585 -0.143411 -0.335728 -0.067909 0.355437 -0.010712 0.160089 -0.004853 0.106966 -0.317587 -0.324073 0.120480 -0.174901 0.140981 0.252061 -0.238676 -0.188381 0.044492 0.185995 -0.044775 0.340074 0.017138 0.037251 0.016864 0.251388
0.136160 0.286463 -0.067793 -0.079109 -0.134392 -0.128715 0.003958 0.110286 -0.138282 0.025868 0.180226 0.073200 0.052986 0.311429 -0.269906 0.095253 0.373472 0.202156 0.294018 0.388677 -0.141518 -0.367400 -0.259078 -0.203222 -0.333346 -0.433027 -0.169795 -0.404301 0.041919 -0.023766 0.061555 0.106296 0.652285 1.000000 -0.369109 -0.107801 0.077965 -0.242530 -0.297058 -0.228678 0.177950 -0.035958 -0.096304 0.033343 -0.171984 -0.209188 -0.125744 -0.177752 -0.240962 0.012881 0.010766 -0.014804 0.053799 0.048556 -0.032401 0.028362 0.118858 0.009478 0.062216 0.166939 0.266210 0.519993 0.490357 0.499413 0.018474 0.021515 0.047717 -0.122401 -0.004819 0.200341 -0.147821 -0.091861 0.289884 0.081475 0.316915 0.236485 0.098321 -0.048108 0.232802 -0.076818 0.231971 0.159385 -0.282828 -0.027291 -0.184587 -0.209407 -0.081553 -0.144898 -0.234153 -0.249446 -0.212020 -0.349017 0.138308 -0.202370 -0.075966 0.279322 -0.157916 0.079542 -0.016774 -0.034454 -0.231871 -0.144064 0.069400 -0.232864 0.226145 0.210724 -0.125527 -0.104008 0.170798 0.061053 -0.126120 0.188284 0.191369 0.017896 -0.042707 0.211529
-0.216574 -0.324891 0.125033 -0.103178 0.112688 -0.096543 0.030220 0.182449 0.184675 0.116205 -0.478287 -0.383672 -0.384756 -0.118228 -0.062926 -0.159890 -0.255615 -0.268147 -0.281611 -0.241147 -0.153636 0.145582 -0.103119 -0.099068 0.257692 0.434056 -0.221806 0.002181 -0.375793 -0.249260 0.251018 -0.173954 -0.288213 -0.369109 1.000000 0.473878 -0.274931 0.173300 0.049200 0.219222 -0.124655 0.088788 -0.182626 -0.302949 0.054123 0.148596 -0.165792 -0.106485 -0.138078 -0.130454 -0.457104 -0.184919 -0.026671 0.072859 -0.206727 0.118137 -0.060424 -0.084875 0.107038 0.187211 -0.190660 0.001640 -0.552199 -0.439244 0.041124 0.202684 0.228846 0.392233 0.151292 0.025396 0.133974 0.289589 -0.221642 -0.014403 -0.187793 0.091389 -0.030236 0.103432 -0.137259 -0.163387 -0.317725 -0.302014 -0.096698 -0.122915 -0.120760 -0.099008 0.088511 0.030186 0.085145 0.074049 0.250515 0.301751 0.099201 0.187893 0.354575 0.060193 0.331143 0.168356 0.090384 0.284426 0.052153 0.026636 -0.027476 0.174829 0.096664 0.063874 0.108980 0.027474 0.130638 0.326693 0.492832 0.005964 -0.129711 -0.025526 0.171448 0.028026
0.075886 -0.074504 -0.119752 -0.234381 -0.139702 -0.160961 0.009630 0.062973 -0.105432 0.108820 -0.237585 -0.375129 -0.059133 -0.009791 -0.243551 -0.329326 -0.103334 -0.299134 0.112579 -0.161275 -0.156682 -0.197909 -0.342904 -0.422529 -0.051158 -0.097880 -0.278450 -0.339509 -0.473383 -0.470517 0.073998 -0.644482 -0.047615 -0.107801 0.473878 1.000000 -0.012969 0.381552 0.055258 0.108551 0.149373 0.192206 -0.245712 -0.334355 -0.168005 -0.050974 0.126921 0.228580 0.049867 -0.179856 -0.210564 -0.042630 0.281969 0.183153 0.107158 0.443980 0.149521 0.131700 0.214792 0.078012 0.078681 0.100698 -0.279961 -0.072424 -0.091428 0.023908 0.192854 0.238055 0.389864 -0.064757 -0.002254 0.325994 0.114051 0.183868 0.022022 0.121263 0.004596 0.093191 -0.196239 -0.491382 -0.232942 -0.274794 -0.360230 -0.288768 -0.412236 -0.404663 0.057724 -0.036192 -0.070148 -0.168754 0.328681 0.212439 0.212748 -0.070985 0.394118 -0.177044 0.486922 0.107021 0.471455 0.557760 0.020224 -0.184255 0.161485 0.371373 0.203766 0.343378 0.046812 -0.027028 0.132351 0.529654 0.694294 0.197155 -0.075035 0.105633 0.422787 -0.011790
