1.000000 0.307298 0.000429 -0.255434 0.214116 -0.115022 0.249216 0.189021 0.274230 0.116418 0.154658 0.010500 0.019368 0.108286 0.012407 -0.238542 0.041455 0.038879 0.405855 -0.054034 -0.211650 -0.302553 -0.219344 -0.459262 -0.434533 -0.207983 -0.257208 -0.293418 -0.048176 0.008512 -0.381703 -0.418772 0.265770 -0.061345 -0.147517 -0.168021 -0.194462 -0.338062 -0.417601 -0.230724 -0.453879 -0.407688 -0.237758 -0.227978 -0.299221 -0.267865 -0.043145 -0.089301 0.139843 -0.303208 0.348729 0.078172 0.254792 0.240500 -0.036860 -0.115492 0.128113 -0.083622 0.354753 0.181387 0.433176 0.330666 0.227417 0.277136 0.178645 -0.138811 0.325055 -0.176131 0.157635 -0.131949 0.026679 -0.243713 0.055960 0.017797 -0.089781 0.158452 0.072014 -0.034544 0.002493 -0.125521 -0.159353 -0.062280 -0.191429 -0.325303 -0.022355 -0.172561 0.161628 -0.199239 0.190586 -0.067535 0.316270 0.186671 -0.124357 -0.205369 -0.088164 0.076763 -0.039522 -0.010288 0.223316 0.433355 0.274346 -0.237601 0.403762 0.110232 0.008139 -0.119889 -0.116588 -0.147236 0.129060 0.098191 -0.289539 0.064970 0.000258 0.059893 -0.124149 0.014688
0.307298 1.000000 -0.287476 -0.069747 0.052801 -0.104609 -0.036451 0.173236 0.077631 0.152523 0.047760 0.386759 0.136959 0.422761 -0.156116 0.010794 0.055720 0.076366 0.113764 0.321990 -0.086636 -0.236010 -0.360934 -0.319434 -0.214493 -0.277826 -0.314386 -0.380638 -0.052058 0.128691 -0.197217 -0.401377 0.275527 0.066778 -0.059231 -0.118366 -0.131325 -0.231998 -0.354207 -0.059015 -0.404783 -0.269116 -0.285896 -0.361129 -0.411521 -0.404712 -0.246072 -0.273018 -0.173697 -0.454329 0.085883 -0.264269 0.177642 -0.009338 -0.120998 -0.214486 0.005603 0.078594 0.359123 0.505155 0.345841 0.509229 0.419465 0.473403 -0.094932 0.087416 0.161412 -0.233417 0.457790 0.319467 -0.209830 -0.332584 -0.029799 0.132326 0.053205 0.127398 -0.015865 0.071792 -0.093670 -0.012202 0.054380 -0.088601 -0.159678 0.084944 -0.142913 -0.030227 -0.165851 -0.117610 -0.027721 0.108308 0.191407 -0.024288 0.177937 -0.082742 -0.058302 -0.004578 -0.118514 -0.055365 -0.006893 -0.058154 0.171678 0.045963 0.229375 0.169510 0.455405 0.006064 -0.050019 -0.047232 0.157140 -0.124875 -0.323304 -0.084696 -0.163617 -0.023316 0.248512 -0.154199
0.000429 -0.287476 1.000000 -0.088792 0.356980 -0.102421 0.369526 0.056809 0.396892 0.315743 0.436039 -0.023704 0.208575 0.192623 0.373905 -0.045895 -0.194693 -0.168860 0.160907 -0.137962 -0.004760 -0.060470 0.373265 -0.041721 -0.104678 -0.157040 0.036378 -0.107362 -0.214134 -0.165070 0.173502 -0.142754 -0.173662 -0.170810 -0.059398 0.075762 -0.127787 -0.120257 0.002662 0.206434 -0.122583 -0.080894 0.162007 0.142627 0.101957 -0.027637 -0.131662 0.128080 0.379069 0.070190 -0.034031 0.362768 -0.090498 0.243922 0.063068 0.228219 -0.393512 -0.093060 -0.084086 -0.326711 -0.187520 -0.032958 -0.508631 -0.429489 0.232014 0.096145 -0.143762 0.031103 -0.331625 -0.192832 -0.123308 -0.137353 -0.146181 -0.079633 -0.021899 -0.021058 -0.018971 -0.065284 -0.327134 0.119574 -0.458647 -0.235083 -0.091596 -0.213815 -0.022151 -0.386892 -0.004109 -0.155679 0.156703 -0.009182 0.040281 0.206136 -0.061707 0.115634 0.151131 0.018323 -0.046539 0.265023 -0.155764 -0.021545 0.145526 -0.234085 -0.256571 0.145818 -0.125592 0.050545 -0.212985 -0.141462 0.108554 0.296139 0.106431 0.006992 0.040140 -0.056496 -0.044799 0.082355
-0.255434 -0.069747 -0.088792 1.000000 -0.394775 0.323942 -0.229794 0.210044 -0.452375 -0.031429 -0.049874 0.199133 -0.415128 -0.164079 0.046852 -0.042510 -0.381482 -0.294108 -0.114613 0.001295 -0.192097 0.183027 0.304919 0.529039 0.302880 0.546383 0.199256 0.328007 -0.274576 -0.260529 0.169871 0.228264 -0.326419 -0.114707 0.042446 0.085939 -0.145127 0.034755 0.031822 -0.197144 0.050575 -0.140865 0.271877 0.392768 0.049988 0.163803 0.003523 0.156713 -0.214320 0.112905 -0.006234 0.020180 -0.138640 0.019495 -0.049354 -0.002026 -0.208412 -0.311469 -0.400863 0.029787 -0.421637 -0.145272 -0.351275 -0.386970 0.095159 0.389685 -0.260556 0.299334 -0.097323 -0.284100 0.143358 0.016286 -0.472237 -0.085113 0.007989 -0.018888 0.026866 0.101530 -0.098631 -0.023479 -0.083014 -0.292939 -0.033000 -0.163050 0.290291 0.250000 0.134889 0.188853 0.198317 0.113958 -0.156676 -0.059487 0.060249 -0.060959 -0.133609 -0.120542 -0.067932 -0.068614 -0.158410 -0.204538 -0.160482 -0.052832 0.142934 -0.118407 0.256154 -0.063010 0.067060 0.047250 -0.109634 -0.121516 0.176859 -0.043846 -0.154605 0.173396 0.147881 -0.098928
0.214116 0.052801 0.356980 -0.394775 1.000000 -0.003417 0.383996 0.009798 0.551273 0.282955 0.457262 -0.013191 0.357879 0.191306 0.329084 0.074622 0.129206 0.058755 0.236565 0.093706 0.038433 -0.092893 0.025681 -0.247229 -0.147513 -0.311081 -0.069040 -0.242334 0.242835 0.100057 -0.020442 -0.139370 0.258674 0.296005 -0.198358 0.057890 -0.060312 -0.170841 -0.067888 0.061940 -0.101022 -0.069281 -0.197414 -0.292080 -0.065094 -0.086263 -0.341528 -0.230727 0.105559 -0.302144 -0.190791 -0.044675 -0.146988 -0.045776 -0.048041 -0.160120 -0.180758 -0.111079 0.305139 0.108553 0.118385 0.152263 -0.058357 0.075634 0.099963 -0.070980 0.135950 -0.053624 0.026169 0.036787 -0.211525 -0.334214 0.158341 0.055104 -0.055196 0.013553 -0.243156 -0.238916 -0.158918 0.068690 -0.258675 -0.035340 0.171567 0.193086 -0.119599 -0.112782 -0.185547 -0.084238 0.130796 -0.159335 0.210272 0.325758 0.066513 0.192151 0.059839 -0.043424 -0.258293 -0.100359 -0.081708 -0.113641 0.197789 -0.143955 -0.007496 0.034971 -0.094244 -0.035416 -0.046281 -0.036040 -0.020738 -0.109207 -0.129379 -0.106366 -0.139318 0.025756 -0.198498 0.117875
-0.115022 -0.104609 -0.102421 0.323942 -0.003417 1.000000 -0.452866 -0.462281 -0.433576 -0.263663 0.138767 -0.031030 0.049136 -0.008690 0.115225 0.148220 0.022827 0.107749 -0.227852 -0.148443 0.105610 0.214627 0.176670 0.522043 0.509027 0.511548 0.408945 0.667580 -0.043799 -0.397738 -0.067204 0.005154 -0.186523 -0.264038 0.050209 0.077322 0.188208 0.361454 0.443809 0.181565 0.342307 0.177236 0.175337 0.124300 -0.278863 -0.146343 -0.053999 -0.087244 -0.089937 -0.018736 -0.087436 -0.055361 0.005351 0.044538 0.306134 -0.043168 0.197271 0.240528 -0.055780 -0.194844 -0.051550 -0.192882 -0.181370 -0.127867 -0.252827 -0.011051 -0.348980 -0.015232 0.256730 0.236532 -0.136140 0.118335 -0.440096 -0.053830 0.060155 0.008714 -0.125408 0.086395 -0.157984 0.251434 0.048081 -0.012142 -0.034517 -0.080827 -0.083978 0.181003 -0.046138 0.213020 -0.102731 0.357281 -0.033294 0.101873 0.217370 0.158913 0.114123 0.041258 0.088335 0.079064 -0.149394 0.084358 -0.047134 0.167999 0.077252 -0.098874 0.105237 -0.047241 0.090846 0.127115 0.022773 -0.008370 0.272412 0.193345 -0.274941 0.129049 0.183275 -0.077935
0.249216 -0.036451 0.369526 -0.229794 0.383996 -0.452866 1.000000 0.501155 0.539852 0.356872 0.102260 0.095037 0.095511 0.039313 -0.012245 -0.056955 0.004200 -0.283884 0.377796 0.099659 -0.086910 -0.297082 -0.077847 -0.432746 -0.408117 -0.313231 -0.308131 -0.533856 -0.028958 0.135306 0.137679 -0.063885 0.359866 0.217935 -0.084385 -0.156625 -0.116496 -0.481881 -0.490180 -0.272919 -0.349337 -0.364967 -0.195596 -0.234261 0.246221 0.099396 -0.034060 -0.216319 0.122786 -0.158760 0.083255 0.078188 -0.005828 0.139444 -0.299241 -0.154855 -0.311924 -0.218172 0.079793 0.175214 0.127680 0.226675 0.076589 0.118747 0.295134 0.105484 0.551393 0.163692 -0.304364 -0.228044 0.006780 -0.421057 0.370715 0.165389 0.131767 0.083504 -0.030164 -0.430082 -0.035434 -0.082194 -0.241081 -0.179223 -0.106708 -0.200395 0.036350 -0.173608 -0.078589 -0.505325 0.127093 -0.393144 0.071116 -0.087758 -0.234021 -0.142114 -0.203107 -0.030256 -0.389097 -0.132523 0.109842 -0.119330 0.169606 -0.021387 0.185156 0.159651 -0.147446 -0.092498 -0.214628 -0.109435 0.199218 -0.086308 -0.391878 -0.147856 0.195272 0.015916 -0.129209 0.154917
0.189021 0.173236 0.056809 0.210044 0.009798 -0.462281 0.501155 1.000000 0.279953 0.518256 0.073223 0.421162 -0.233436 0.040792 -0.112408 -0.046710 -0.357658 -0.426206 0.190535 0.326549 -0.330050 -0.175311 0.072670 -0.091965 -0.316604 -0.002720 -0.322778 -0.504860 -0.040380 0.068581 0.182069 0.136482 -0.012419 0.305678 0.056709 0.043980 -0.439753 -0.651853 -0.740454 -0.434103 -0.642798 -0.618452 -0.193885 -0.192788 0.146155 0.202985 -0.182054 -0.110926 -0.236179 -0.156244 -0.175212 -0.168386 -0.329804 -0.205352 -0.636946 -0.202628 -0.440757 -0.579839 -0.120705 0.312087 -0.195053 0.299823 -0.039414 -0.117447 0.473841 0.538728 0.285038 0.396952 -0.386535 -0.456037 0.145418 -0.377624 0.189687 -0.063563 -0.036355 0.004364 0.067221 -0.011070 -0.099688 -0.174854 -0.309593 -0.530403 0.109601 0.001860 0.385329 -0.024205 0.091349 -0.286765 0.290315 -0.551022 0.010576 -0.055103 0.001097 -0.186274 -0.353068 -0.003753 -0.366259 -0.225054 0.002560 -0.305289 0.033765 -0.348167 0.351150 0.052015 0.207095 0.004358 -0.148929 -0.150600 0.030419 -0.187132 -0.329881 -0.280091 -0.071125 -0.040304 0.037058 0.112536
0.274230 0.077631 0.396892 -0.452375 0.551273 -0.433576 0.539852 0.279953 1.000000 0.507323 0.218801 -0.024185 0.203428 0.237805 0.377526 0.107660 0.264270 0.143396 0.332418 0.011631 -0.056893 -0.296030 -0.010949 -0.499623 -0.576571 -0.419147 -0.410908 -0.578967 0.278303 0.375540 0.023610 -0.179261 0.160531 0.378848 -0.164386 -0.187734 0.106052 -0.264697 -0.312693 -0.012710 -0.353283 -0.187141 -0.316315 -0.340228 -0.218050 -0.298564 -0.250832 -0.136916 -0.108018 -0.324798 -0.163999 -0.017545 -0.193647 0.114281 -0.229590 0.024518 -0.123841 -0.086634 0.248575 0.154502 0.279531 0.412908 0.114549 0.235431 0.515101 0.165031 0.103223 -0.269822 -0.092754 -0.073315 -0.065978 -0.445164 0.482019 -0.047013 -0.028185 0.093133 0.059139 -0.239312 -0.004145 0.112585 -0.142970 0.091277 0.164098 0.155649 0.050283 -0.229242 0.082204 -0.118383 0.407789 -0.158587 0.053667 0.021353 -0.162112 -0.143653 -0.141440 -0.115625 -0.273412 -0.071631 -0.084703 -0.176222 0.231204 -0.359328 -0.103945 -0.038933 -0.038140 -0.108321 -0.387467 -0.407723 0.066934 0.104487 -0.476406 -0.238807 -0.110212 -0.298627 -0.257516 0.030872
0.116418 0.152523 0.315743 -0.031429 0.282955 -0.263663 0.356872 0.518256 0.507323 1.000000 0.219662 0.250247 0.213240 0.635140 0.048776 0.465806 -0.156644 0.062037 -0.035965 0.147683 0.062411 -0.002240 -0.231041 -0.286600 -0.507210 -0.368285 -0.432543 -0.586134 -0.021077 0.263786 -0.100699 -0.186577 -0.118335 0.228052 -0.112088 0.259094 -0.266324 -0.315093 -0.279774 0.030786 -0.394685 -0.242088 -0.181909 -0.049353 -0.010751 0.054293 -0.157949 -0.014226 0.036736 -0.035594 -0.305029 0.003700 -0.047928 -0.037586 -0.289683 0.014687 -0.389614 -0.436259 0.230324 0.341809 0.084947 0.522354 -0.005921 -0.061203 0.270842 0.511336 -0.008577 -0.092758 -0.143468 -0.300948 -0.041162 -0.264229 0.185379 -0.010845 0.054651 0.056838 0.042830 -0.002338 -0.286137 -0.087997 -0.383254 -0.401814 -0.075719 0.071759 -0.118253 -0.374908 -0.245404 -0.112675 0.253168 -0.199244 0.241925 -0.036942 0.156066 -0.027275 -0.183562 -0.174618 -0.286842 -0.059090 -0.097915 -0.305534 -0.055094 -0.291981 0.057132 -0.054568 -0.057976 -0.075767 -0.193757 -0.236045 -0.084660 0.098800 -0.309268 -0.319920 0.117751 -0.203176 -0.037292 0.124898
0.154658 0.047760 0.436039 -0.049874 0.457262 0.138767 0.102260 0.073223 0.218801 0.219662 1.000000 0.488594 0.517098 0.350680 0.537800 0.053545 0.016879 0.178303 -0.125937 0.187093 -0.262096 -0.279068 0.231804 0.110855 -0.020320 -0.206483 0.130677 -0.102521 0.288319 -0.000021 -0.038428 -0.205379 -0.046706 -0.009098 -0.103084 0.079845 -0.172094 -0.238959 -0.202922 0.096101 -0.286265 -0.375293 -0.151856 -0.102719 -0.143777 -0.131708 -0.411227 -0.235976 0.203491 -0.115707 -0.247269 -0.002568 -0.213963 -0.153239 -0.243939 -0.223616 -0.296131 -0.121795 0.105200 -0.145279 -0.175371 0.124943 -0.197803 -0.185970 -0.056960 0.056339 -0.060581 0.140389 -0.094403 0.004229 -0.144442 -0.190137 -0.040598 -0.110407 -0.118462 0.072331 -0.081516 0.149761 -0.126272 -0.011899 -0.252889 -0.229750 0.129503 0.100770 -0.051427 -0.197512 -0.179764 -0.244915 -0.028855 -0.035923 0.243320 0.366552 0.245687 0.399892 0.018913 -0.052400 -0.136458 -0.147816 -0.240334 -0.094186 0.151854 -0.240266 0.051606 0.000322 0.112825 0.171110 -0.142279 -0.056468 -0.054587 -0.102880 -0.007040 -0.147731 -0.054415 0.060848 0.041739 0.042764
0.010500 0.386759 -0.023704 0.199133 -0.013191 -0.031030 0.095037 0.421162 -0.024185 0.250247 0.488594 1.000000 0.294433 0.398475 0.094498 0.142265 -0.006171 0.072817 -0.322458 0.360407 -0.219477 -0.255569 -0.038795 0.076253 -0.070359 -0.166902 0.010227 -0.278034 0.058468 0.122241 -0.105263 -0.205513 -0.094801 0.002020 -0.051300 0.090873 -0.162939 -0.262436 -0.426342 -0.088845 -0.372460 -0.472725 -0.226976 -0.230992 -0.092627 -0.130227 -0.341795 -0.260289 -0.126192 -0.268677 -0.218548 -0.322412 -0.080652 -0.241717 -0.311504 -0.378140 -0.164360 -0.127457 0.127520 0.225763 -0.063440 0.285032 0.063509 0.007832 -0.172868 0.252780 0.110372 0.141761 -0.025023 0.037073 -0.092465 -0.127460 -0.044499 -0.015539 0.033329 -0.003239 -0.028521 0.071207 -0.135566 -0.132974 -0.095981 -0.375066 0.062062 0.346016 -0.060446 0.212769 -0.179266 -0.157899 -0.035661 -0.106451 0.102131 -0.014655 0.338652 0.272381 -0.177375 -0.057884 -0.218755 -0.268212 -0.111316 -0.329353 -0.014742 -0.100736 0.358972 0.112176 0.313855 0.075454 -0.141611 -0.033096 -0.119136 -0.269662 -0.255422 -0.265885 -0.024233 0.005758 0.176968 -0.062821
0.019368 0.136959 0.208575 -0.415128 0.357879 0.049136 0.095511 -0.233436 0.203428 0.213240 0.517098 0.294433 1.000000 0.541874 0.096928 0.487863 0.307688 0.427082 -0.329571 -0.101829 0.306374 -0.001880 -0.365726 -0.297186 -0.164454 -0.512810 -0.089604 -0.178493 0.158374 0.272199 -0.283616 -0.258628 0.179756 0.028465 -0.121371 0.251057 0.074771 0.048000 0.008898 0.361951 0.061513 0.162527 -0.292757 -0.261972 -0.045175 -0.105315 -0.186511 -0.288100 0.373744 -0.117108 -0.129863 -0.017028 0.285634 -0.067488 0.115561 -0.172212 0.018232 0.271561 0.326518 0.021783 0.292569 0.196801 0.228887 0.167081 -0.551530 -0.153032 0.140432 -0.133276 0.136361 0.165160 -0.165036 -0.031069 0.234078 0.156752 0.179654 0.094577 -0.045105 0.014231 -0.147469 -0.000783 -0.006772 0.020361 -0.149709 0.213391 -0.624720 -0.177263 -0.427804 -0.031812 -0.364954 0.182266 0.231561 0.027024 0.273029 0.295712 0.187103 0.133964 0.027807 -0.072003 -0.143903 -0.143288 0.104619 0.008492 0.037939 -0.067486 -0.124769 0.057290 -0.088675 -0.095631 -0.000371 0.157917 -0.091842 -0.107327 0.167964 -0.042337 -0.015258 -0.014173
0.108286 0.422761 0.192623 -0.164079 0.191306 -0.008690 0.039313 0.040792 0.237805 0.635140 0.350680 0.398475 0.541874 1.000000 0.097504 0.655965 0.158259 0.360909 -0.339110 -0.039116 0.168322 -0.000280 -0.390895 -0.336359 -0.284178 -0.466366 -0.320325 -0.335831 0.032708 0.328509 -0.259780 -0.437350 0.040460 0.000493 -0.201129 0.219578 -0.077209 -0.032389 -0.003515 0.279458 -0.161114 -0.083012 -0.079432 -0.059392 -0.207235 -0.256708 -0.204764 -0.122089 0.109500 -0.127479 -0.137971 -0.040547 0.288464 -0.088047 0.015912 -0.101092 -0.000767 0.016277 0.460083 0.305490 0.339050 0.631235 0.173800 0.166761 -0.269154 0.250292 -0.126894 -0.434591 0.305596 0.055788 -0.231868 -0.130564 0.096827 0.076126 0.191270 0.107221 -0.034256 0.120990 -0.209212 0.003353 -0.049610 -0.264709 -0.230054 0.081570 -0.527337 -0.446181 -0.361150 -0.027614 -0.094319 0.189244 0.272641 -0.204271 0.377678 0.243489 0.039822 -0.024265 -0.081282 0.171819 -0.125245 -0.247445 0.031888 -0.026647 0.171138 -0.023970 0.030110 -0.061858 -0.193489 -0.193112 -0.006901 0.091936 -0.205018 -0.137359 0.066847 -0.012470 0.108855 0.033064
0.012407 -0.156116 0.373905 0.046852 0.329084 0.115225 -0.012245 -0.112408 0.377526 0.048776 0.537800 0.094498 0.096928 0.097504 1.000000 -0.014554 0.146191 0.188059 0.092671 -0.046727 -0.299044 -0.208470 0.508563 0.142799 -0.046181 0.051808 0.189521 0.009919 0.293707 -0.051275 0.130073 -0.092771 -0.138085 0.154894 -0.047285 -0.041776 0.090396 0.049246 0.087403 0.146462 0.011309 -0.138138 -0.171582 -0.162975 -0.368874 -0.345429 -0.374097 -0.069570 -0.188165 -0.255259 -0.169752 -0.186981 -0.415263 -0.044048 -0.137987 -0.033085 -0.036355 -0.054714 0.047969 -0.184237 -0.128189 0.044503 -0.211730 -0.177998 0.316097 0.157233 -0.242362 -0.068638 -0.097941 -0.068744 -0.155087 -0.092066 -0.017643 -0.162308 -0.151022 0.042898 0.133626 0.132932 0.066377 0.106698 -0.107361 0.034754 0.441538 0.116680 0.306589 -0.021814 0.307979 0.116593 0.462426 0.071706 -0.224435 0.207327 0.023752 0.148314 -0.017362 -0.299601 -0.102070 -0.067780 -0.345326 -0.155261 0.101191 -0.274601 -0.032624 -0.255597 -0.009658 -0.114517 -0.197247 -0.248342 -0.233804 -0.048571 -0.060702 -0.149208 -0.342788 -0.094783 -0.200956 -0.128887
-0.238542 0.010794 -0.045895 -0.042510 0.074622 0.148220 -0.056955 -0.046710 0.107660 0.465806 0.053545 0.142265 0.487863 0.655965 -0.014554 1.000000 0.158290 0.280699 -0.468700 -0.119432 0.346196 0.333786 -0.394924 -0.155422 -0.116627 -0.210458 -0.199579 -0.064559 0.144538 0.359526 -0.097445 -0.058583 -0.068621 0.118572 -0.244275 0.266938 0.135680 0.112434 0.166957 0.266632 0.163767 0.211395 -0.124810 -0.065946 -0.093363 -0.085788 -0.141618 -0.127602 0.004667 0.073128 -0.314712 -0.093989 0.228800 -0.237165 0.066461 -0.145194 0.066890 0.068111 0.205489 0.260333 0.283991 0.424259 0.180868 0.140203 -0.338115 0.201832 -0.153730 -0.354532 0.168451 -0.010105 -0.092533 -0.015215 0.273265 -0.007856 0.277231 -0.027240 0.028229 0.076892 -0.190499 -0.068364 0.063770 -0.229435 -0.049129 0.242726 -0.457514 -0.168896 -0.314052 0.224797 -0.192043 0.251467 0.059805 -0.291838 0.346951 0.196680 0.062227 -0.031932 -0.041924 0.123340 -0.105191 -0.348823 -0.205999 0.056941 0.162482 -0.236239 -0.030131 -0.157534 -0.079783 -0.107438 -0.095827 0.023559 -0.163164 -0.077578 0.186591 0.043956 -0.025149 0.046204
0.041455 0.055720 -0.194693 -0.381482 0.129206 0.022827 0.004200 -0.357658 0.264270 -0.156644 0.016879 -0.006171 0.307688 0.158259 0.146191 0.158290 1.000000 0.532326 -0.045130 -0.137227 0.101344 -0.133679 -0.337930 -0.376933 -0.190127 -0.254221 -0.191347 -0.139020 0.500401 0.458642 -0.263512 -0.307285 0.268292 0.017475 -0.160587 -0.269434 0.432703 0.286527 0.137891 0.134639 0.133510 0.180709 -0.123720 -0.147479 -0.284778 -0.391638 -0.037652 -0.255333 -0.200190 -0.316264 0.121164 -0.145436 0.256684 0.062711 0.274930 -0.058018 0.610836 0.377454 0.308272 -0.020211 0.468604 0.194992 0.435066 0.554593 -0.159880 -0.338108 -0.022888 -0.514427 0.318900 0.165023 -0.082157 -0.074988 0.435195 0.308130 0.261676 0.308996 0.106722 -0.143849 0.390685 0.258848 0.513493 0.550563 -0.117756 0.175229 -0.209221 0.158411 0.033426 0.055745 0.046726 0.300317 0.011016 -0.168178 0.044314 0.089535 -0.093205 -0.175747 -0.131492 -0.236591 0.060074 0.020874 0.142784 0.061532 -0.032004 -0.032891 0.000005 -0.128259 -0.152097 -0.169680 -0.072318 -0.043592 -0.367790 0.015469 -0.061648 -0.114207 -0.230612 -0.019904
0.038879 0.076366 -0.168860 -0.294108 0.058755 0.107749 -0.283884 -0.426206 0.143396 0.062037 0.178303 0.072817 0.427082 0.360909 0.188059 0.280699 0.532326 1.000000 -0.270553 0.004947 0.038513 -0.192403 -0.200623 -0.093749 -0.137294 -0.299399 -0.067841 -0.019920 0.396491 0.268382 -0.293314 -0.168364 -0.032262 -0.035787 -0.119273 -0.042929 0.230940 0.234932 0.234794 0.360761 0.201192 0.158079 -0.039448 0.005007 -0.330027 -0.257313 -0.120446 -0.139143 0.022798 -0.029545 -0.093234 -0.134422 0.104254 -0.057694 0.186884 -0.212170 0.376767 0.297351 0.249757 -0.160164 0.190786 0.103026 0.151823 0.257455 -0.244867 -0.140220 -0.313104 -0.433316 0.322254 0.320548 -0.020577 0.128714 0.149082 0.066617 -0.010973 0.043393 0.100476 0.030948 0.396715 0.274156 0.291542 0.427059 0.020721 0.222910 -0.254310 -0.018802 -0.088351 0.124614 0.000993 0.272936 0.178902 -0.069955 0.228304 0.133299 -0.106008 -0.236139 -0.192601 -0.213953 -0.168891 -0.065259 -0.027843 -0.098136 -0.156300 -0.268842 -0.276769 -0.094580 -0.036866 -0.037401 -0.315280 -0.125416 -0.172306 -0.053329 0.084007 -0.297581 -0.194128 -0.260025
0.405855 0.113764 0.160907 -0.114613 0.236565 -0.227852 0.377796 0.190535 0.332418 -0.035965 -0.125937 -0.322458 -0.329571 -0.339110 0.092671 -0.468700 -0.045130 -0.270553 1.000000 0.144157 -0.289264 -0.281062 0.131997 -0.293414 -0.266951 -0.042591 -0.148178 -0.211852 -0.004501 -0.108952 0.058296 -0.249205 0.234829 0.081544 0.196025 -0.198895 -0.130081 -0.340390 -0.344978 -0.248136 -0.338253 -0.177907 -0.160278 -0.154888 -0.188192 -0.132149 0.063372 -0.003234 -0.153172 -0.245368 0.321641 0.004675 -0.134684 0.283303 -0.087121 0.138353 -0.213947 -0.352173 0.094312 0.112838 0.107476 0.050055 0.108629 0.094604 0.498099 0.000618 0.333892 0.057940 -0.099671 -0.163566 0.010663 -0.378178 0.082413 0.046210 -0.064353 0.127981 0.169419 -0.149229 0.049854 0.021085 -0.154781 0.114992 0.048684 -0.294928 0.416523 -0.066825 0.338382 -0.278270 0.297916 -0.227144 0.002146 0.325642 -0.355041 -0.197076 -0.079286 -0.028570 -0.155573 -0.041232 0.178544 0.286738 0.159236 -0.145366 0.014110 0.122818 0.096944 0.015438 -0.080936 -0.098143 0.177917 -0.058236 -0.143688 0.053104 -0.046968 0.119715 -0.094918 0.004589
-0.054034 0.321990 -0.137962 0.001295 0.093706 -0.148443 0.099659 0.326549 0.011631 0.147683 0.187093 0.360407 -0.101829 -0.039116 -0.046727 -0.119432 -0.137227 0.004947 0.144157 1.000000 -0.187421 -0.329094 0.159675 0.217039 -0.052698 -0.129130 0.122433 -0.253768 0.137499 -0.045185 0.166932 0.013304 -0.067095 0.203079 0.046814 -0.083798 -0.221540 -0.406983 -0.360271 -0.069195 -0.269428 -0.292165 -0.079087 -0.184581 -0.168370 -0.066623 -0.228856 -0.153999 -0.209602 -0.132116 -0.394469 -0.387567 -0.292578 -0.293992 -0.474345 -0.342037 -0.348246 -0.259374 -0.117160 0.048727 -0.290292 0.051386 0.019542 -0.020629 0.137118 0.016854 -0.053628 0.092102 -0.169200 0.236427 0.231247 -0.160376 0.065578 -0.010941 0.038890 0.090679 0.138718 0.052001 -0.094793 -0.058821 -0.114522 -0.124581 0.330060 0.297689 0.353049 0.139647 -0.003540 -0.248986 0.015140 -0.420597 0.146314 0.218078 0.078404 0.044317 -0.204548 -0.129783 -0.400224 -0.238329 0.026300 -0.195853 -0.085867 -0.119617 -0.004843 0.208569 0.198536 0.049888 0.127028 0.232159 -0.064393 -0.341846 -0.154332 -0.170011 0.001335 -0.022569 0.066808 0.046712
-0.211650 -0.086636 -0.004760 -0.192097 0.038433 0.105610 -0.086910 -0.330050 -0.056893 0.062411 -0.262096 -0.219477 0.306374 0.168322 -0.299044 0.346196 0.101344 0.038513 -0.289264 -0.187421 1.000000 0.377953 -0.296497 -0.056053 0.110754 -0.206056 0.128984 0.194296 -0.220717 0.093311 -0.123179 0.089550 0.063744 -0.056952 0.073307 0.264707 0.273036 0.459926 0.425882 0.393063 0.469252 0.615060 0.059608 0.130891 0.210808 0.222258 0.158139 -0.001264 0.138832 0.032481 -0.097150 -0.018073 0.404118 0.023209 0.291276 0.080624 0.103540 0.246653 0.181011 -0.034707 0.269143 -0.131332 0.138088 0.014255 -0.447978 -0.128133 -0.036002 -0.133006 0.337669 0.163653 0.139963 0.243439 0.033870 0.233280 0.321044 0.090173 0.021079 -0.063605 -0.322057 -0.017234 0.027508 0.016389 -0.094005 0.194646 -0.524055 0.007768 -0.047103 0.354995 -0.246360 0.062717 -0.035730 -0.216302 -0.096666 0.003086 0.068139 0.014177 0.072928 0.124675 -0.214680 -0.123204 -0.011665 0.313397 -0.282569 0.170488 -0.139896 -0.125004 0.036506 -0.046449 -0.021061 0.221746 0.119763 -0.103454 0.093135 -0.020030 -0.162936 -0.105906
-0.302553 -0.236010 -0.060470 0.183027 -0.092893 0.214627 -0.297082 -0.175311 -0.296030 -0.002240 -0.279068 -0.255569 -0.001880 -0.000280 -0.208470 0.333786 -0.133679 -0.192403 -0.281062 -0.329094 0.377953 1.000000 -0.193580 0.173296 0.338236 0.228812 0.036253 0.366196 -0.169619 -0.097297 0.065561 0.207520 -0.075587 -0.089621 -0.150538 0.204056 -0.050121 0.125002 0.348364 0.040441 0.372932 0.348012 0.111332 0.084513 0.126165 0.176489 0.004594 0.003955 0.114816 0.127088 -0.030103 0.106360 0.032293 -0.055442 0.167228 0.068932 0.105282 -0.020440 -0.057779 0.080008 0.006021 -0.112712 -0.121260 -0.112364 -0.294717 0.015660 -0.161807 -0.026539 0.058043 -0.035548 0.000090 0.489252 -0.260704 -0.053974 0.080154 -0.170639 0.068700 0.158176 -0.185459 -0.093043 0.157518 -0.063512 0.032233 0.155645 -0.266981 0.039065 -0.212655 0.244360 -0.170309 0.296111 -0.131201 -0.007638 0.197651 0.020998 0.127505 -0.026764 0.248981 0.131025 -0.119996 -0.070080 -0.066429 0.243465 -0.118580 -0.084179 -0.144435 0.019316 0.389489 0.314265 -0.096697 -0.002723 0.256438 0.066451 -0.013303 0.175655 0.058055 0.203375
-0.219344 -0.360934 0.373265 0.304919 0.025681 0.176670 -0.077847 0.072670 -0.010949 -0.231041 0.231804 -0.038795 -0.365726 -0.390895 0.508563 -0.394924 -0.337930 -0.200623 0.131997 0.159675 -0.296497 -0.193580 1.000000 0.628856 0.427012 0.466987 0.508295 0.331219 0.013971 -0.365824 0.558761 0.368459 -0.259882 0.037179 0.297567 -0.031567 0.002124 -0.037392 0.021869 -0.008817 0.084526 -0.119908 0.261654 0.170351 0.020733 0.060874 -0.156571 0.098225 -0.147561 0.041635 -0.213122 -0.070376 -0.626574 -0.099412 -0.254188 -0.017605 -0.256212 -0.116601 -0.540573 -0.525027 -0.670093 -0.406446 -0.615369 -0.525102 0.443025 0.187821 -0.322083 0.386771 -0.368862 -0.072638 0.048282 -0.052806 -0.288817 -0.185435 -0.179691 0.001532 0.005383 0.002490 0.029786 0.247666 -0.209819 -0.078701 0.460896 -0.054049 0.655554 0.008670 0.349641 -0.028655 0.329489 -0.302095 -0.254999 0.209067 -0.055795 0.038140 0.005162 -0.035635 -0.163489 0.099243 -0.324496 -0.140592 0.020406 -0.320996 -0.273465 -0.165487 0.060623 -0.016042 -0.191032 -0.140406 0.054340 -0.119603 0.289102 -0.052147 -0.299067 -0.058111 -0.116006 -0.213885
-0.459262 -0.319434 -0.041721 0.529039 -0.247229 0.522043 -0.432746 -0.091965 -0.499623 -0.286600 0.110855 0.076253 -0.297186 -0.336359 0.142799 -0.155422 -0.376933 -0.093749 -0.293414 0.217039 -0.056053 0.173296 0.628856 1.000000 0.720822 0.689726 0.675007 0.696389 -0.072111 -0.479249 0.393784 0.493897 -0.431313 -0.161437 0.207496 0.038514 0.020737 0.143081 0.294776 -0.010418 0.277468 -0.005589 0.326207 0.272862 0.051508 0.214556 -0.112301 0.046796 -0.117332 0.209295 -0.280039 -0.155046 -0.422219 -0.213897 -0.120412 -0.119040 -0.104380 -0.046114 -0.564194 -0.491589 -0.689797 -0.601933 -0.572829 -0.551580 -0.002127 0.127503 -0.428940 0.438471 -0.231847 0.117097 0.077467 0.294479 -0.512995 -0.264073 -0.174209 -0.191485 -0.055924 0.171878 -0.060815 0.198611 -0.056816 -0.183706 0.361153 0.084505 0.390198 0.279097 0.129412 0.117266 0.035900 -0.038213 -0.225262 0.144761 0.154791 0.184512 -0.112875 -0.006117 0.011131 -0.056386 -0.285863 -0.170615 -0.008597 0.043484 -0.218894 -0.161492 0.010247 0.096088 0.116799 0.249671 -0.136662 -0.150162 0.447097 -0.012306 -0.228188 -0.038912 0.128836 -0.137858
-0.434533 -0.214493 -0.104678 0.302880 -0.147513 0.509027 -0.408117 -0.316604 -0.576571 -0.507210 -0.020320 -0.070359 -0.164454 -0.284178 -0.046181 -0.116627 -0.190127 -0.137294 -0.266951 -0.052698 0.110754 0.338236 0.427012 0.720822 1.000000 0.606745 0.695872 0.763505 -0.061286 -0.319227 0.328731 0.333789 -0.035580 -0.276629 0.242387 -0.016267 0.159779 0.310726 0.386823 0.035826 0.374529 0.251234 0.345254 0.275727 0.082543 0.136683 -0.004847 -0.007419 -0.099363 0.082469 -0.038578 -0.041747 -0.194710 -0.050985 0.121432 -0.100334 0.109078 0.214168 -0.374787 -0.410410 -0.470264 -0.507891 -0.363033 -0.294429 -0.261429 -0.098368 -0.225960 0.293510 0.043300 0.212488 -0.008236 0.306249 -0.430085 0.070977 0.059919 -0.088949 -0.114521 0.026127 0.122838 0.249859 0.216561 0.002545 0.123387 0.011288 0.134874 0.130560 -0.021127 0.033284 -0.318043 0.095808 -0.231601 -0.000214 0.192691 0.209239 0.100485 0.206976 0.083982 0.114430 -0.238424 -0.042185 0.067256 0.203687 -0.190623 -0.089435 -0.019573 0.021459 0.100049 0.199061 0.072972 -0.188143 0.451190 0.145016 -0.136467 0.133497 0.080294 -0.125077
-0.207983 -0.277826 -0.157040 0.546383 -0.311081 0.511548 -0.313231 -0.002720 -0.419147 -0.368285 -0.206483 -0.166902 -0.512810 -0.466366 0.051808 -0.210458 -0.254221 -0.299399 -0.042591 -0.129130 -0.206056 0.228812 0.466987 0.689726 0.606745 1.000000 0.422708 0.653074 -0.108425 -0.369453 0.352055 0.505632 -0.194927 -0.097976 0.171500 -0.148040 -0.002931 0.094743 0.188908 -0.207046 0.067969 -0.132651 0.220873 0.148826 -0.061080 0.015336 -0.028884 0.008893 -0.206284 0.094400 -0.000705 -0.014591 -0.350216 -0.001795 -0.040396 -0.030824 0.110294 -0.054497 -0.518978 -0.288281 -0.412233 -0.377203 -0.407359 -0.318796 0.215335 0.161939 -0.295310 0.318610 -0.242933 -0.031881 -0.010036 0.154636 -0.386828 -0.180186 -0.115269 -0.131452 0.037357 0.145097 0.078963 0.191633 0.012286 -0.102181 0.184316 -0.150212 0.444369 0.274466 0.169680 0.078525 0.144624 0.033660 -0.302742 -0.006342 0.069613 -0.044004 -0.054652 0.129031 0.079298 0.020819 -0.135103 -0.004347 0.143197 0.044851 0.036925 -0.198853 0.039036 -0.100567 0.167774 0.172954 -0.016564 -0.096662 0.211521 0.020386 -0.379241 -0.020392 0.009847 -0.046460
-0.257208 -0.314386 0.036378 0.199256 -0.069040 0.408945 -0.308131 -0.322778 -0.410908 -0.432543 0.130677 0.010227 -0.089604 -0.320325 0.189521 -0.199579 -0.191347 -0.067841 -0.148178 0.122433 0.128984 0.036253 0.508295 0.675007 0.695872 0.422708 1.000000 0.654265 -0.140838 -0.293330 0.227327 0.243692 -0.153065 -0.247540 0.249579 0.021291 0.181476 0.287134 0.343785 0.145134 0.284166 0.197200 0.213645 0.143318 -0.011447 -0.004558 0.033380 0.089704 0.037217 0.013920 0.029120 -0.148125 -0.135358 0.122365 0.143855 0.042507 0.005396 0.126118 -0.259499 -0.434572 -0.387748 -0.473687 -0.377345 -0.323860 -0.175371 -0.219664 -0.151714 0.216842 -0.103668 0.066510 0.150861 0.379051 -0.416552 -0.084673 -0.092113 -0.151608 -0.125793 0.018681 -0.094533 -0.022778 -0.203847 -0.066922 0.270782 0.104681 0.141263 0.139623 0.214775 0.077276 -0.153937 -0.053269 -0.178120 0.169631 -0.028157 0.210163 -0.044996 0.150945 0.197364 0.001684 -0.158928 -0.029078 0.018659 -0.005517 -0.091572 0.041708 -0.072132 0.013105 0.031201 0.112438 -0.099744 0.010208 0.344614 0.049536 -0.072277 0.096293 -0.057105 -0.219805
-0.293418 -0.380638 -0.107362 0.328007 -0.242334 0.667580 -0.533856 -0.504860 -0.578967 -0.586134 -0.102521 -0.278034 -0.178493 -0.335831 0.009919 -0.064559 -0.139020 -0.019920 -0.211852 -0.253768 0.194296 0.366196 0.331219 0.696389 0.763505 0.653074 0.654265 1.000000 -0.092868 -0.425764 0.140511 0.338191 -0.239196 -0.406526 0.191703 0.015175 0.161119 0.423062 0.570558 0.126887 0.513965 0.333215 0.380018 0.326616 0.039799 0.126842 0.156227 0.158570 0.011405 0.264116 0.058306 0.109047 -0.011857 0.026361 0.320829 0.048601 0.231595 0.175379 -0.372472 -0.481182 -0.326594 -0.601974 -0.423154 -0.370592 -0.331487 -0.208474 -0.356069 0.161994 0.109707 0.150915 0.053061 0.377009 -0.467104 -0.118759 -0.068165 -0.201730 -0.041886 0.097877 0.062023 0.201208 0.159988 0.043118 0.086713 -0.004085 0.029373 0.231099 0.198555 0.277632 -0.203289 0.268853 -0.213792 0.045044 0.031881 0.133774 0.032860 0.164081 0.249595 0.155445 -0.150309 0.110537 0.086840 0.240466 -0.129135 -0.080744 -0.106941 0.056950 0.165459 0.236726 -0.104701 -0.042278 0.515285 0.267769 -0.162710 0.191430 0.084486 -0.167915
-0.048176 -0.052058 -0.214134 -0.274576 0.242835 -0.043799 -0.028958 -0.040380 0.278303 -0.021077 0.288319 0.058468 0.158374 0.032708 0.293707 0.144538 0.500401 0.396491 -0.004501 0.137499 -0.220717 -0.169619 0.013971 -0.072111 -0.061286 -0.108425 -0.140838 -0.092868 1.000000 0.439088 0.164301 0.122429 0.199212 0.405543 0.031125 -0.073163 0.250293 -0.060833 -0.117170 0.038842 0.009511 -0.091374 -0.370397 -0.279083 -0.199330 -0.118304 -0.255230 -0.324709 -0.291707 -0.125904 -0.398524 -0.228291 -0.332774 -0.385219 -0.338018 -0.277081 0.141428 -0.021946 -0.032396 -0.083495 -0.091830 0.075374 0.163338 0.229121 0.060160 -0.052619 -0.060338 -0.023472 -0.074833 0.043959 -0.079127 -0.200967 0.595065 0.030415 0.029112 0.149511 0.263172 0.010411 0.474410 0.153976 0.438675 0.324699 0.332919 0.392724 0.212017 0.140187 0.069816 -0.109348 0.024363 -0.079178 -0.061690 0.014627 0.048855 0.026030 -0.109810 -0.108683 -0.261488 -0.245311 -0.151177 -0.089452 -0.037492 -0.085593 -0.045750 -0.129767 -0.067185 0.002329 -0.102534 -0.105106 -0.085302 -0.290822 -0.240831 -0.217219 -0.050349 -0.093930 -0.200031 0.052171
0.008512 0.128691 -0.165070 -0.260529 0.100057 -0.397738 0.135306 0.068581 0.375540 0.263786 -0.000021 0.122241 0.272199 0.328509 -0.051275 0.359526 0.458642 0.268382 -0.108952 -0.045185 0.093311 -0.097297 -0.365824 -0.479249 -0.319227 -0.369453 -0.293330 -0.425764 0.439088 1.000000 0.006153 0.014280 0.358772 0.395169 -0.088168 -0.133596 0.307563 0.028473 -0.114872 0.096437 -0.101358 0.040497 -0.404022 -0.241172 0.014522 -0.138977 -0.008515 -0.252723 -0.094849 -0.011547 -0.144689 -0.060862 0.086503 -0.014772 -0.147947 0.114563 0.024689 -0.016377 0.213002 0.356738 0.273970 0.482623 0.370161 0.467783 -0.015201 0.058215 0.164629 -0.304221 -0.026801 -0.050934 -0.024429 -0.160514 0.649382 0.260655 0.163629 0.200728 0.137520 -0.104591 0.127226 -0.166871 0.207656 0.239978 0.010508 0.282664 -0.194354 -0.097470 -0.193372 -0.039307 -0.016723 -0.011790 0.058316 -0.348597 -0.014950 0.133952 0.038224 0.110528 -0.074783 -0.110808 -0.059172 -0.239495 -0.231834 -0.183189 -0.048108 -0.073623 -0.058143 -0.190107 -0.233333 -0.343736 0.167642 -0.027012 -0.528417 -0.402419 0.171057 -0.171608 -0.333920 -0.085780
-0.381703 -0.197217 0.173502 0.169871 -0.020442 -0.067204 0.137679 0.182069 0.023610 -0.100699 -0.038428 -0.105263 -0.283616 -0.259780 0.130073 -0.097445 -0.263512 -0.293314 0.058296 0.166932 -0.123179 0.065561 0.558761 0.393784 0.328731 0.352055 0.227327 0.140511 0.164301 0.006153 1.000000 0.678481 0.085157 0.352023 0.159648 -0.192961 0.145560 -0.215943 -0.034355 -0.015364 0.051299 -0.174915 -0.064106 -0.130742 0.146916 0.038770 -0.292395 -0.305672 -0.046684 0.116814 -0.237303 -0.027621 -0.441874 -0.272355 -0.356275 -0.088604 -0.227403 -0.101640 -0.453366 -0.222254 -0.441915 -0.120388 -0.359417 -0.148163 0.312798 0.304884 -0.086487 0.336245 -0.431011 0.006967 0.044395 -0.099302 0.040156 -0.306387 -0.226036 -0.160180 0.024192 -0.074658 -0.013302 0.061204 -0.100572 -0.203883 0.386322 0.084547 0.420053 -0.020369 0.086304 -0.129717 0.046893 -0.144267 -0.335754 -0.149052 -0.142517 -0.172365 0.027591 0.038842 -0.199433 0.116090 -0.323813 -0.351512 -0.107794 -0.056943 -0.327488 -0.064517 -0.018350 -0.137000 -0.047758 -0.088915 0.144739 -0.286217 -0.031393 -0.363446 -0.133978 -0.078908 -0.190596 -0.117837
-0.418772 -0.401377 -0.142754 0.228264 -0.139370 0.005154 -0.063885 0.136482 -0.179261 -0.186577 -0.205379 -0.205513 -0.258628 -0.437350 -0.092771 -0.058583 -0.307285 -0.168364 -0.249205 0.013304 0.089550 0.207520 0.368459 0.493897 0.333789 0.505632 0.243692 0.338191 0.122429 0.014280 0.678481 1.000000 0.002719 0.414973 0.163226 0.003630 0.076006 -0.007208 0.131623 0.041838 0.261889 -0.028675 -0.020864 -0.023711 0.384674 0.382082 -0.140299 -0.150927 -0.012464 0.307627 -0.373882 -0.046895 -0.431750 -0.372799 -0.335709 -0.095810 -0.128501 -0.099833 -0.533395 -0.234272 -0.480211 -0.380713 -0.351658 -0.280956 0.108858 0.238274 -0.113208 0.482647 -0.416281 -0.003487 0.140127 0.136042 0.061799 -0.288409 -0.271616 -0.275062 -0.010504 0.000395 0.054762 -0.027653 -0.061007 -0.103580 0.461874 0.207604 0.271430 0.241932 0.054916 0.176403 0.015873 -0.255069 -0.342631 -0.231862 -0.135006 -0.158846 0.015680 0.104080 -0.081685 -0.061139 -0.350458 -0.360670 -0.155302 0.025396 -0.251208 -0.173852 -0.224449 -0.136378 0.187235 0.110600 -0.070279 -0.205248 0.090969 -0.366814 -0.203906 -0.147924 -0.230854 -0.128229
0.265770 0.275527 -0.173662 -0.326419 0.258674 -0.186523 0.359866 -0.012419 0.160531 -0.118335 -0.046706 -0.094801 0.179756 0.040460 -0.138085 -0.068621 0.268292 -0.032262 0.234829 -0.067095 0.063744 -0.075587 -0.259882 -0.431313 -0.035580 -0.194927 -0.153065 -0.239196 0.199212 0.358772 0.085157 0.002719 1.000000 0.392623 0.150772 -0.126413 0.225543 -0.166395 -0.237518 0.024666 -0.136679 -0.078515 -0.320009 -0.393793 0.052190 -0.133011 -0.165903 -0.335723 -0.057692 -0.409107 0.039588 -0.179671 0.064075 0.125760 -0.143929 -0.153839 0.242035 0.256204 0.215511 0.197446 0.343977 0.221254 0.455255 0.514342 -0.089320 -0.122118 0.535305 0.000540 0.208475 0.172541 -0.181453 -0.250619 0.434546 0.232855 0.102669 0.048883 0.038613 -0.210558 0.232715 0.085691 0.257391 0.316106 -0.032311 -0.131813 -0.132397 -0.023569 -0.208656 -0.245797 -0.254869 -0.068744 -0.117204 -0.247798 -0.129142 -0.098952 0.205185 0.166461 -0.145918 0.023578 -0.107452 -0.049978 0.054893 0.080233 0.178328 0.065330 -0.043579 -0.284708 -0.124002 -0.174911 0.405043 -0.051350 -0.232158 -0.154443 0.022906 0.126606 -0.257511 0.081688
-0.061345 0.066778 -0.170810 -0.114707 0.296005 -0.264038 0.217935 0.305678 0.378848 0.228052 -0.009098 0.002020 0.028465 0.000493 0.154894 0.118572 0.017475 -0.035787 0.081544 0.203079 -0.056952 -0.089621 0.037179 -0.161437 -0.276629 -0.097976 -0.247540 -0.406526 0.405543 0.395169 0.352023 0.414973 0.392623 1.000000 0.066929 0.201276 0.062096 -0.192842 -0.232890 0.113411 -0.134584 -0.169923 -0.495821 -0.473554 0.016378 -0.020917 -0.420934 -0.287742 -0.266729 -0.265443 -0.502851 -0.376145 -0.430523 -0.346241 -0.533324 -0.159737 -0.138522 -0.155533 0.078274 0.327326 -0.024249 0.282121 0.251585 0.172172 0.285370 0.352338 0.192671 0.135585 -0.262140 -0.024092 -0.116641 -0.200281 0.528955 -0.179093 -0.146966 -0.036677 0.115652 0.087531 0.055548 -0.088298 -0.014176 0.045898 0.525802 0.292817 0.156020 0.042000 -0.034356 0.089876 0.148164 -0.364232 -0.261259 -0.180983 -0.121506 -0.197341 0.177402 0.035542 -0.221544 -0.027251 -0.231829 -0.458772 -0.212756 -0.184701 0.009335 -0.243701 -0.066985 -0.215544 -0.088672 -0.215371 0.120362 -0.140439 -0.250842 -0.515515 -0.297215 -0.179910 -0.254409 0.122908
-0.147517 -0.059231 -0.059398 0.042446 -0.198358 0.050209 -0.084385 0.056709 -0.164386 -0.112088 -0.103084 -0.051300 -0.121371 -0.201129 -0.047285 -0.244275 -0.160587 -0.119273 0.196025 0.046814 0.073307 -0.150538 0.297567 0.207496 0.242387 0.171500 0.249579 0.191703 0.031125 -0.088168 0.159648 0.163226 0.150772 0.066929 1.000000 0.378660 -0.109755 -0.027616 -0.214190 -0.004725 -0.021166 0.126419 -0.012516 0.088326 0.245328 0.327657 0.101985 0.123749 -0.191251 0.006027 -0.081827 -0.198814 -0.235944 0.082397 -0.255480 0.069616 -0.023091 -0.104792 -0.303048 -0.308922 -0.306230 -0.296583 -0.093944 -0.225124 -0.000883 0.218601 0.206450 0.525897 -0.139922 -0.207292 -0.058888 0.043625 0.029139 0.165696 -0.050713 -0.097899 0.093532 -0.071662 0.130536 -0.008921 -0.011940 0.031669 0.094143 -0.084849 0.361891 0.104170 0.218409 -0.036579 -0.003978 -0.315184 -0.165262 0.006654 -0.095407 -0.013635 -0.146920 0.150371 -0.126308 0.171079 -0.174290 0.009834 -0.083943 -0.131574 -0.155040 -0.002692 0.045263 0.053327 -0.209283 -0.277087 0.138156 0.026223 0.282558 -0.081187 0.098689 -0.008200 -0.035527 -0.191333
-0.168021 -0.118366 0.075762 0.085939 0.057890 0.077322 -0.156625 0.043980 -0.187734 0.259094 0.079845 0.090873 0.251057 0.219578 -0.041776 0.266938 -0.269434 -0.042929 -0.198895 -0.083798 0.264707 0.204056 -0.031567 0.038514 -0.016267 -0.148040 0.021291 0.015175 -0.073163 -0.133596 -0.192961 0.003630 -0.126413 0.201276 0.378660 1.000000 -0.330048 0.012994 0.004600 0.171788 0.081516 0.187950 -0.055216 0.115375 0.338817 0.491011 -0.042113 0.208638 0.081619 0.094904 -0.245962 -0.140434 -0.027375 -0.189350 -0.025461 0.018682 -0.144391 -0.219873 0.055815 0.047533 -0.147914 -0.042967 0.008135 -0.311065 -0.251531 0.224612 0.103556 0.368957 -0.077510 -0.350633 -0.267878 0.194706 -0.117492 -0.030272 -0.025757 -0.211049 -0.090478 0.085682 -0.213500 -0.208696 -0.197715 -0.236604 0.045517 0.108846 -0.129251 -0.086153 -0.147346 0.252235 -0.097289 -0.229625 -0.043161 0.127592 0.111007 0.078744 0.142624 0.062578 -0.011264 0.217428 -0.135038 -0.155044 -0.188695 0.028657 0.046118 -0.107731 -0.057864 0.265153 -0.059639 -0.067347 -0.101425 0.090614 0.355089 -0.043161 0.087104 0.099812 0.130822 0.156218
