1.000000 0.266560 0.012077 -0.258387 -0.181159 -0.213452 -0.080243 -0.314828 -0.039155 -0.266573 0.288473 -0.249893 -0.086968 -0.262830 0.034145 -0.300115 0.226126 0.002421 0.112458 0.128674 -0.151728 -0.234138 0.108856 -0.207003 0.058704 -0.214638 -0.049089 0.085399 0.107657 -0.414014 -0.206011 -0.510693 -0.057601 -0.362061 -0.097976 -0.272718 0.127919 0.180940 0.086998 0.152828 -0.077879 -0.096956 -0.034349 -0.033798 -0.192841 -0.222198 0.159218 0.142864 0.229614 -0.061660 0.089537 0.020429 -0.177021 0.076388 -0.026877 0.125706 0.337422 0.200351 0.525677 0.180872 0.142820 0.119916 -0.098564 0.115430 0.042067 -0.079364 0.016987 -0.079869 0.154953 0.002339 -0.152871 -0.340827 -0.039463 0.064815 0.110713 -0.002135 -0.009463 -0.218940 -0.019945 -0.020144 -0.128311 -0.096506 0.064874 -0.162764 0.115694 0.070291 0.111518 0.233690 -0.075868 0.211243 -0.318160 0.252251 -0.180299 0.327548 0.069889 -0.072146 0.081595 -0.067778 0.129409 0.264139 0.131766 0.356451 -0.076889 0.360490 0.131930 0.241241 0.191853 0.111745 0.142950 -0.077744 0.134560 0.167804 -0.007845 0.139265 0.003709 0.027635
0.266560 1.000000 -0.316306 -0.168210 0.193383 -0.065285 -0.078044 0.051722 -0.079457 -0.061105 -0.109747 0.117347 -0.263447 0.049407 -0.272583 0.065306 -0.054768 0.121957 0.003144 0.536479 0.009582 -0.168968 -0.233559 -0.243567 -0.349098 -0.551752 0.086149 0.010718 0.116416 0.148183 -0.331385 -0.355703 0.354209 0.207733 -0.159880 -0.056315 -0.180418 0.168417 0.101960 0.204420 0.024580 0.383378 -0.389255 -0.493020 -0.342160 -0.332072 -0.228983 -0.283325 -0.177314 -0.211044 -0.501659 -0.155507 -0.035646 -0.161722 0.043025 -0.048504 0.039032 0.253842 -0.073028 0.463051 0.103642 0.484927 0.334387 0.639360 -0.058688 -0.096646 -0.022426 -0.116485 -0.077219 -0.145542 0.119943 0.050264 0.166994 0.147394 0.120209 0.106797 0.135811 -0.027558 0.162908 -0.232783 -0.110902 0.048843 0.128320 0.263204 -0.274749 -0.117286 0.116051 0.112993 0.176821 0.358299 -0.014143 -0.096407 0.062769 -0.117640 -0.332499 -0.090424 0.067534 0.230230 0.541363 -0.176331 0.255677 -0.060550 0.116886 0.090521 0.451551 -0.125085 0.515174 0.042378 -0.212382 -0.274297 -0.157020 -0.099931 -0.155530 -0.055779 -0.068617 -0.111700
0.012077 -0.316306 1.000000 0.414100 0.188529 0.233363 0.554871 0.291225 0.184437 0.235999 0.330016 0.077552 0.289327 0.167769 0.441122 0.198103 -0.245792 -0.386641 0.418663 -0.551947 0.130534 -0.002830 0.552347 0.299629 -0.042588 0.047887 0.186931 -0.014488 0.055320 -0.343048 0.088781 0.171405 -0.213975 0.000899 -0.320554 -0.185546 -0.208453 -0.251978 0.040997 -0.115012 -0.205520 -0.462748 -0.364981 -0.195925 -0.260027 -0.186401 -0.277005 -0.205892 -0.213935 -0.288103 0.048697 -0.279752 -0.111242 -0.240164 -0.094462 -0.097946 -0.371989 -0.562567 0.315852 -0.064968 0.395154 0.025378 -0.084788 -0.125118 0.421854 0.300527 -0.070181 -0.167891 -0.406239 -0.410610 -0.149097 -0.101937 -0.380060 -0.516517 -0.465316 -0.099943 -0.388019 -0.293888 -0.471200 -0.352349 -0.345241 -0.511889 0.336492 0.166604 0.075413 -0.175791 0.092709 0.046208 0.198980 -0.078254 0.013823 0.417823 0.339205 0.513603 -0.076282 0.005130 -0.147950 -0.220789 -0.421306 -0.063395 0.210569 0.244154 0.308541 0.104049 -0.152913 0.071173 -0.054864 0.148100 -0.082190 0.046299 -0.256912 -0.110682 -0.087991 -0.041069 0.031156 0.028243
-0.258387 -0.168210 0.414100 1.000000 0.274893 0.350824 0.410665 0.581651 0.361323 0.544089 0.234885 0.521958 0.228406 0.464644 0.353430 0.347695 -0.165361 -0.312738 0.371469 -0.399400 -0.024754 -0.087784 0.471319 0.506263 -0.251764 0.095278 0.142659 -0.087316 -0.270573 -0.209885 0.029972 0.283956 -0.566861 -0.252901 -0.204186 0.001110 -0.487077 -0.538785 -0.303044 -0.084244 -0.285289 -0.404123 -0.261664 -0.170868 -0.183912 0.065227 -0.300273 -0.290635 -0.114431 -0.248517 -0.060328 -0.105578 -0.254072 -0.264498 -0.257319 -0.177284 -0.327759 -0.526552 0.112095 -0.284638 0.125043 -0.015115 -0.212108 -0.298583 0.487753 0.612280 -0.470367 -0.106144 -0.134721 -0.346002 -0.000767 -0.290293 -0.470499 -0.311135 -0.470893 -0.215797 -0.348920 -0.151636 -0.492549 -0.198979 -0.241913 -0.313157 0.283375 0.216356 0.266197 0.155266 0.106862 0.195115 0.273257 0.039371 -0.020124 0.315707 0.432053 0.109770 0.056511 0.215197 -0.232496 -0.290078 -0.140749 0.019003 0.199317 0.018308 0.049978 -0.287937 -0.395977 -0.301743 -0.114750 -0.215959 0.086962 0.296472 -0.474536 -0.000869 0.238644 -0.037212 0.149381 0.022396
-0.181159 0.193383 0.188529 0.274893 1.000000 0.745649 0.436913 0.312181 0.412867 0.436037 0.316291 0.320962 0.460768 0.429553 0.256569 0.415482 -0.037253 0.010348 0.156216 0.053934 0.359955 0.068646 0.170548 0.097594 -0.366156 -0.266171 0.709698 -0.132214 -0.063149 0.098599 0.123676 0.051957 0.093846 0.151331 0.039434 0.060733 -0.339425 -0.287422 0.206523 0.139322 -0.023956 0.153465 -0.484570 -0.498804 -0.215702 -0.284796 -0.566606 -0.723610 -0.084977 -0.251454 -0.324807 -0.267121 -0.120683 -0.477937 0.020160 -0.298826 -0.366568 -0.236971 0.034391 -0.071033 0.562769 0.213133 0.355152 0.225720 0.232650 0.159165 0.183412 -0.058612 -0.286424 -0.237535 0.077889 0.091493 -0.084702 -0.409276 -0.507107 -0.225650 -0.267002 -0.341802 -0.412795 -0.229089 -0.283743 -0.335719 0.411626 0.289216 -0.347074 -0.428999 0.302301 0.144777 0.530179 0.126904 0.019169 -0.013243 0.016590 0.051889 -0.348479 -0.129321 -0.233957 -0.048252 0.211393 -0.218242 0.028789 -0.087389 -0.069068 -0.256648 -0.055282 -0.395405 0.166606 -0.107183 -0.357452 -0.173132 -0.509006 -0.252906 0.115035 -0.182399 -0.029781 -0.115389
-0.213452 -0.065285 0.233363 0.350824 0.745649 1.000000 0.298671 0.133379 0.264451 0.388294 0.320102 0.201101 0.373649 0.189474 0.260954 0.243976 0.049822 0.012229 0.069413 -0.180476 0.367030 0.243487 0.363092 0.261549 -0.148272 -0.006941 0.707497 0.178466 -0.119354 0.019462 0.153395 0.226345 -0.067420 0.131882 0.059166 0.083444 -0.189153 -0.271254 0.264415 0.148376 0.059206 0.083791 -0.241214 -0.262875 0.090386 -0.065930 -0.314241 -0.453119 0.058999 -0.111942 -0.139930 -0.274588 -0.050294 -0.296053 0.137731 -0.094990 -0.236835 -0.139292 -0.072087 -0.339568 0.272758 -0.088143 0.251335 0.092861 0.238339 0.082197 0.130636 0.063743 -0.104069 -0.197269 0.038128 0.127398 -0.216397 -0.332547 -0.519461 -0.190194 -0.329426 -0.330428 -0.433731 -0.130510 -0.169024 -0.244932 0.314712 0.094378 -0.086814 -0.339672 0.310954 0.237898 0.436006 0.024691 0.022706 0.042232 -0.012908 -0.011378 -0.184160 -0.167964 -0.049540 -0.137570 -0.049713 -0.095766 -0.054614 -0.128376 -0.111744 -0.282577 -0.352633 -0.233814 -0.218392 -0.279499 -0.265698 -0.024377 -0.279061 -0.051542 -0.000833 -0.218323 -0.109007 -0.145957
-0.080243 -0.078044 0.554871 0.410665 0.436913 0.298671 1.000000 0.525991 0.125835 0.268287 0.035054 0.082532 0.340971 0.209521 0.128766 0.267744 -0.225542 -0.272802 0.699180 -0.132613 0.369454 0.197570 0.307043 0.231546 -0.275671 -0.223557 0.302456 -0.212308 0.206415 0.025171 0.224258 0.257864 -0.015885 -0.010767 -0.171280 -0.126682 -0.289492 -0.368261 -0.033889 -0.079854 -0.192876 -0.110460 -0.565148 -0.614363 -0.221002 -0.407780 -0.363754 -0.617270 -0.279555 -0.296928 -0.168513 -0.262274 -0.090339 -0.249183 -0.107582 -0.127617 -0.549293 -0.652735 0.020809 0.050642 0.490784 0.055509 0.281200 0.134533 0.347172 0.160851 0.080370 -0.226032 -0.431188 -0.427793 0.210768 0.096195 -0.142886 -0.365657 -0.471481 -0.205245 -0.307748 -0.314036 -0.454478 -0.365741 -0.323815 -0.385571 0.343238 0.165862 -0.048413 -0.379628 0.238238 0.027255 0.231878 -0.053217 0.026711 0.438000 0.215669 0.325660 -0.163971 0.077544 -0.389518 -0.184542 -0.033447 0.060414 0.290901 0.281253 0.472778 0.071698 -0.108484 -0.184540 0.047806 -0.003600 -0.202340 -0.055050 -0.611165 -0.340504 0.094507 -0.322639 -0.127420 0.009530
-0.314828 0.051722 0.291225 0.581651 0.312181 0.133379 0.525991 1.000000 0.237606 0.604598 -0.001191 0.565937 0.350820 0.713664 -0.034960 0.654085 -0.307846 -0.236375 0.186582 -0.267288 -0.117672 -0.011554 -0.025455 0.100873 -0.399058 -0.239885 -0.084766 -0.411016 -0.228183 0.036082 -0.126269 0.190905 -0.139263 0.036111 -0.158260 -0.044401 -0.623697 -0.411524 -0.216047 0.207794 -0.307353 -0.125890 -0.529176 -0.440437 -0.314283 -0.038889 -0.463300 -0.481571 -0.457883 -0.183812 -0.388229 0.049890 -0.174434 -0.290804 -0.035517 -0.134542 -0.529513 -0.657747 -0.106758 0.308369 0.310893 0.400103 0.162323 0.121285 0.213399 0.511056 -0.346456 -0.327394 -0.450301 -0.383520 0.059196 -0.040775 -0.318941 -0.312632 -0.574271 -0.377134 -0.298548 -0.304608 -0.346634 -0.292420 -0.294694 -0.288017 0.106745 0.263623 -0.279545 -0.227195 -0.110727 -0.121380 0.319490 0.158436 0.275987 0.190473 0.603490 0.062567 -0.315694 -0.073086 -0.209193 -0.116704 0.012644 -0.156162 0.507959 0.172061 0.475634 -0.189984 0.014518 -0.403001 0.156066 -0.150670 -0.228959 -0.094476 -0.682448 -0.431729 0.151662 -0.100433 -0.026961 -0.147540
-0.039155 -0.079457 0.184437 0.361323 0.412867 0.264451 0.125835 0.237606 1.000000 0.549444 0.379438 0.468315 0.238663 0.352760 0.614623 0.368592 -0.094710 -0.329132 0.134965 -0.404425 -0.185713 -0.472508 0.193138 0.251831 -0.202438 -0.010426 0.146620 -0.136760 -0.143157 -0.262226 -0.012140 -0.059586 -0.177385 -0.145218 -0.090352 0.167563 -0.325106 -0.177547 -0.145953 0.067297 -0.338616 -0.370795 -0.167384 -0.022959 -0.127502 0.058388 -0.326285 -0.155007 -0.036138 -0.199460 -0.108234 -0.200372 -0.473922 -0.485100 -0.381450 -0.418235 -0.190051 -0.190478 0.114584 -0.163426 0.376782 0.093373 -0.157633 -0.215508 0.415962 0.523867 -0.225211 0.104557 -0.171489 -0.144881 -0.088150 -0.346031 -0.186773 -0.422854 -0.198195 -0.052583 0.013445 -0.013950 -0.351361 -0.139187 -0.207052 -0.187029 0.339779 0.397205 0.122870 -0.138323 -0.175724 -0.187869 0.363560 -0.149726 -0.134611 0.092752 0.328984 0.061959 -0.135902 -0.038020 -0.204848 -0.218618 -0.180553 -0.341144 -0.005390 -0.109821 -0.287908 -0.346067 -0.180673 -0.085932 -0.008892 -0.026052 0.105523 0.145371 -0.242344 -0.110368 0.007338 0.185639 0.234120 0.091422
-0.266573 -0.061105 0.235999 0.544089 0.436037 0.388294 0.268287 0.604598 0.549444 1.000000 0.241938 0.571712 0.142373 0.508541 0.434036 0.634315 -0.430483 -0.460636 0.093021 -0.394748 0.001275 -0.078948 0.285617 0.448923 -0.325142 0.089965 0.149909 -0.009905 -0.416424 -0.263779 0.122000 0.275829 -0.085264 0.025935 -0.239403 0.163663 -0.463768 -0.414574 -0.212533 -0.045755 -0.244832 -0.155478 -0.367842 -0.229782 -0.141641 0.124093 -0.454074 -0.305384 -0.417105 -0.210182 -0.250248 -0.205547 -0.251973 -0.345858 -0.262331 -0.400233 -0.533786 -0.525983 -0.172751 -0.086042 0.243711 0.172182 0.000209 -0.008957 0.427591 0.601600 -0.336850 0.049166 -0.378099 -0.430457 -0.143482 -0.250333 -0.568813 -0.481303 -0.598416 -0.332443 -0.277246 -0.224556 -0.466584 -0.344372 -0.432382 -0.410865 0.437773 0.515319 0.107845 -0.124110 -0.241445 0.046830 0.359108 -0.101708 -0.031143 0.172352 0.584812 0.112100 -0.157671 0.003463 -0.132186 -0.019222 -0.250415 -0.227188 0.331475 0.051795 0.095259 -0.357031 -0.079572 -0.171084 0.182561 -0.057173 -0.097844 0.274643 -0.497870 -0.184854 0.197251 0.055369 0.157380 0.012975
0.288473 -0.109747 0.330016 0.234885 0.316291 0.320102 0.035054 -0.001191 0.379438 0.241938 1.000000 0.279765 0.569076 0.299834 0.560539 0.109257 0.188111 -0.063986 -0.000706 -0.341773 -0.115318 -0.125006 0.342845 0.177767 -0.209482 -0.130315 0.316900 0.103243 -0.243520 -0.457364 -0.000223 -0.166696 -0.276485 -0.143036 -0.131615 -0.079219 -0.043651 -0.241244 0.086084 0.003350 -0.067516 -0.201897 -0.103952 0.020482 -0.015008 0.069023 -0.276603 -0.128374 0.242881 -0.142778 0.340618 -0.012782 -0.177763 -0.267139 -0.041281 -0.106053 0.047534 -0.099980 0.378521 -0.225389 0.224574 -0.105848 -0.014139 -0.113982 0.523960 0.405459 -0.136794 0.027343 -0.077695 -0.056236 -0.367793 -0.399971 -0.393192 -0.394361 -0.301068 -0.342083 -0.355301 -0.539621 -0.294118 0.055730 -0.043657 -0.145793 0.332099 -0.006818 0.135188 0.023687 0.232230 0.298111 0.402837 0.237014 -0.320574 -0.009039 -0.081660 0.132342 0.157598 -0.014261 -0.015403 -0.352805 -0.361367 0.023874 0.077131 0.117148 -0.324557 -0.209113 -0.380222 -0.183748 -0.061616 0.082070 -0.023021 0.077796 -0.186666 -0.122860 -0.034339 -0.130516 -0.106839 0.030526
-0.249893 0.117347 0.077552 0.521958 0.320962 0.201101 0.082532 0.565937 0.468315 0.571712 0.279765 1.000000 0.298009 0.845886 0.172470 0.617919 -0.197598 -0.251307 -0.081684 -0.256205 -0.151458 -0.206128 -0.027233 0.189796 -0.280519 -0.149716 -0.004182 -0.276859 -0.308254 0.012133 -0.088056 0.092431 -0.221926 0.049648 -0.090356 0.222545 -0.404007 -0.461394 -0.247032 0.194434 -0.155384 -0.138389 -0.274052 -0.119585 -0.138330 0.297583 -0.490436 -0.246877 -0.216503 -0.106357 -0.241655 -0.013014 -0.433338 -0.433098 -0.155592 -0.340320 -0.218995 -0.404863 -0.057328 -0.017360 0.141427 0.302214 -0.087716 -0.048692 0.343869 0.652328 -0.364066 -0.031914 -0.277074 -0.218880 -0.082320 -0.269254 -0.336547 -0.250878 -0.338991 -0.268687 -0.329632 -0.184255 -0.338972 -0.135520 -0.200758 -0.173762 0.106364 0.320505 -0.152381 0.062260 -0.168978 -0.121629 0.305013 0.120807 0.099178 -0.152915 0.473002 -0.173311 -0.034095 0.054690 -0.139904 -0.200499 -0.106751 -0.381355 0.392187 0.043272 0.012183 -0.453940 -0.073233 -0.431753 0.184402 0.001950 -0.023035 0.108896 -0.510587 -0.191308 0.078252 -0.050723 0.056820 -0.053726
-0.086968 -0.263447 0.289327 0.228406 0.460768 0.373649 0.340971 0.350820 0.238663 0.142373 0.569076 0.298009 1.000000 0.546670 0.159920 0.268068 0.348052 0.251445 -0.059040 -0.319513 0.034269 0.171159 -0.032953 -0.176471 -0.351296 -0.340944 0.228173 -0.373030 -0.051438 0.166219 -0.032257 0.052364 -0.166042 0.020182 0.162468 -0.178369 -0.102587 -0.297033 0.132448 0.234317 -0.038542 -0.013300 -0.146735 -0.127405 0.116159 0.008411 -0.201859 -0.376764 0.233055 0.107512 0.159509 0.224829 0.051355 -0.165974 0.179069 0.132861 -0.005948 -0.308996 0.198579 -0.035140 0.327654 -0.071712 0.342997 -0.008023 0.096774 0.139503 -0.031557 -0.376757 -0.165303 0.064087 -0.033994 0.034908 0.031246 -0.187734 -0.329681 -0.486868 -0.351019 -0.520659 -0.276437 0.208307 0.207475 0.080646 0.011201 -0.226915 -0.381205 -0.342845 0.249412 -0.025885 0.385520 0.214932 0.083741 -0.137825 -0.129165 0.064917 -0.137893 -0.330530 -0.030393 -0.387667 -0.142999 0.069801 -0.006377 0.243497 -0.009696 -0.171749 -0.454327 -0.569819 -0.234372 -0.239124 -0.353971 -0.181457 -0.435399 -0.355804 0.065467 -0.227615 -0.388838 -0.315626
-0.262830 0.049407 0.167769 0.464644 0.429553 0.189474 0.209521 0.713664 0.352760 0.508541 0.299834 0.845886 0.546670 1.000000 0.099200 0.709342 -0.119144 -0.122442 -0.087475 -0.236628 -0.126613 -0.095327 -0.131501 -0.005014 -0.373854 -0.246176 -0.014936 -0.453162 -0.271994 0.120701 -0.132372 0.049895 -0.142345 0.125898 -0.064037 0.100602 -0.450095 -0.475173 -0.134200 0.334215 -0.128218 -0.082780 -0.419293 -0.272029 -0.209503 0.181797 -0.543254 -0.430366 -0.220186 -0.140015 -0.256233 0.092409 -0.300819 -0.419652 0.001565 -0.229315 -0.251715 -0.474592 0.045785 0.104177 0.330711 0.401333 0.095675 0.032783 0.265746 0.592453 -0.243403 -0.214414 -0.281042 -0.114666 -0.079544 -0.193550 -0.276194 -0.244421 -0.445926 -0.393013 -0.338421 -0.301175 -0.325782 -0.076106 -0.196578 -0.207182 0.087391 0.250607 -0.410592 -0.172606 -0.087453 -0.140408 0.394645 0.237559 0.145795 -0.137446 0.356868 -0.069921 -0.162169 -0.104501 -0.124475 -0.178738 -0.071621 -0.330011 0.355939 0.124596 0.070692 -0.396997 0.001632 -0.555761 0.140855 -0.036722 -0.211920 -0.084089 -0.620437 -0.385835 0.158731 -0.121838 -0.080934 -0.231008
0.034145 -0.272583 0.441122 0.353430 0.256569 0.260954 0.128766 -0.034960 0.614623 0.434036 0.560539 0.172470 0.159920 0.099200 1.000000 0.325907 -0.250177 -0.508281 0.188953 -0.550330 0.098039 -0.127039 0.695548 0.475126 -0.131967 0.191874 0.331354 0.360903 -0.102823 -0.501859 0.161469 0.056959 -0.219198 -0.077274 -0.396810 -0.067848 0.052198 -0.045342 0.078366 -0.255332 0.010046 -0.228844 -0.129388 0.014050 -0.108415 -0.046434 -0.197361 0.003205 -0.036354 -0.328149 0.173757 -0.293009 -0.146042 -0.222530 -0.173009 -0.303495 -0.189569 -0.185996 0.217734 -0.493392 0.186559 -0.225618 -0.334853 -0.403433 0.621067 0.490569 -0.256438 0.191062 -0.119281 -0.194155 -0.211869 -0.409991 -0.489366 -0.491305 -0.185106 -0.003552 -0.053657 -0.165298 -0.380434 -0.348179 -0.290292 -0.346710 0.717796 0.512585 0.479798 0.087799 0.023716 0.178157 0.451877 -0.047256 -0.384155 0.089524 0.107601 0.146572 0.051215 0.099237 -0.115687 -0.040590 -0.359918 -0.195877 -0.063719 -0.162952 -0.380359 -0.365420 -0.326903 0.130832 -0.086465 0.186066 0.049960 0.410314 -0.089540 -0.086121 -0.076290 0.043206 0.169626 0.143316
-0.300115 0.065306 0.198103 0.347695 0.415482 0.243976 0.267744 0.654085 0.368592 0.634315 0.109257 0.617919 0.268068 0.709342 0.325907 1.000000 -0.424874 -0.347030 -0.123667 -0.347170 0.179586 0.153415 0.114710 0.055254 -0.235545 -0.080535 0.190534 -0.070552 -0.164485 0.089777 -0.085619 0.152279 0.040552 0.266290 -0.278294 -0.077206 -0.268067 -0.143348 0.098842 0.224391 0.084055 0.163316 -0.448941 -0.343172 -0.245244 -0.038918 -0.422771 -0.366754 -0.415848 -0.226722 -0.351141 -0.158548 -0.058071 -0.214491 0.090564 -0.219611 -0.392880 -0.438744 -0.176501 0.055738 0.254855 0.272315 0.004537 0.024426 0.212138 0.445177 -0.224468 -0.169534 -0.321205 -0.178872 0.010525 -0.014531 -0.395531 -0.326487 -0.418112 -0.231786 -0.156457 -0.283422 -0.336242 -0.421108 -0.392936 -0.365017 0.329288 0.582768 -0.262880 -0.281086 -0.201131 -0.206874 0.418248 0.062825 0.110414 -0.088807 0.453832 -0.093271 -0.338498 -0.161079 -0.049842 0.193586 -0.128530 -0.379062 0.387067 -0.023368 0.157345 -0.375230 0.089593 -0.359200 0.118952 -0.044302 -0.295434 -0.034035 -0.394129 -0.398618 0.113300 -0.231796 -0.099384 -0.187810
0.226126 -0.054768 -0.245792 -0.165361 -0.037253 0.049822 -0.225542 -0.307846 -0.094710 -0.430483 0.188111 -0.197598 0.348052 -0.119144 -0.250177 -0.424874 1.000000 0.688495 -0.081808 0.295411 -0.188606 -0.064851 -0.311460 -0.381713 -0.016517 -0.322369 0.012809 -0.346707 0.241082 0.266445 -0.088250 -0.148102 -0.272544 -0.260948 0.154455 -0.280816 0.162621 -0.046432 0.090419 0.219212 0.081553 0.007701 0.414633 0.296179 0.190627 -0.065204 0.295137 0.100800 0.459137 0.363820 0.207873 0.439466 0.003590 0.110692 0.055182 0.338673 0.628938 0.429591 0.255063 0.061539 -0.108582 -0.198997 0.149597 -0.024182 -0.367590 -0.404023 -0.073387 -0.400174 0.271157 0.344064 0.137786 -0.000547 0.418089 0.352598 0.232571 -0.150956 0.087615 -0.020461 0.312527 0.667564 0.707058 0.652464 -0.373982 -0.584552 -0.157242 -0.110502 0.345117 0.039189 -0.125248 0.185571 0.064690 -0.114350 -0.508451 -0.094607 0.169117 -0.173768 0.123931 -0.338357 0.189307 0.412705 -0.454255 0.089500 -0.281930 0.141459 -0.325159 -0.296333 -0.406248 -0.319022 0.025893 -0.219744 0.174988 0.177462 0.153584 0.081389 -0.359115 -0.069890
0.002421 0.121957 -0.386641 -0.312738 0.010348 0.012229 -0.272802 -0.236375 -0.329132 -0.460636 -0.063986 -0.251307 0.251445 -0.122442 -0.508281 -0.347030 0.688495 1.000000 -0.243051 0.423378 -0.109191 0.090149 -0.475189 -0.587166 0.015423 -0.359301 0.047772 -0.368844 0.114855 0.484718 -0.172781 -0.121539 -0.010152 -0.016316 0.220581 -0.224229 -0.014292 0.031363 0.144560 0.191434 -0.015370 0.223735 0.333364 0.193255 0.186570 -0.125151 0.212542 -0.050440 0.420235 0.332322 0.139480 0.344138 0.205112 0.204097 0.088000 0.243006 0.496613 0.467634 -0.002635 0.227412 -0.120692 0.000985 0.403396 0.284268 -0.534733 -0.550237 0.164712 -0.358851 0.298203 0.369932 0.092960 0.373247 0.545066 0.409710 0.222360 -0.079792 0.178158 0.088675 0.573580 0.593458 0.538746 0.633469 -0.570459 -0.635118 -0.343038 -0.226487 0.160415 -0.080867 -0.162842 0.071455 0.247793 -0.244984 -0.464847 -0.202659 -0.051924 -0.292694 0.284785 -0.081421 0.315488 0.347519 -0.279202 0.027494 -0.062975 0.208268 -0.070477 -0.467412 -0.276367 -0.388842 -0.102490 -0.341565 0.225710 0.143392 0.250228 0.062978 -0.279644 -0.220090
0.112458 0.003144 0.418663 0.371469 0.156216 0.069413 0.699180 0.186582 0.134965 0.093021 -0.000706 -0.081684 -0.059040 -0.087475 0.188953 -0.123667 -0.081808 -0.243051 1.000000 0.059344 0.131488 -0.111345 0.354931 0.375615 -0.199327 -0.106206 0.182213 -0.104027 0.270420 -0.200433 0.147313 0.080351 -0.147815 -0.232592 -0.383106 -0.112802 -0.318355 -0.369676 -0.212600 -0.291834 -0.435613 -0.410868 -0.350124 -0.398773 -0.282485 -0.402995 -0.178234 -0.368612 -0.149732 -0.290048 -0.018790 -0.255143 -0.250043 -0.185831 -0.408462 -0.210571 -0.339914 -0.365378 0.118795 -0.130587 0.363135 -0.032760 -0.004914 -0.044202 0.434269 0.187068 -0.125476 -0.132077 -0.255149 -0.447843 0.149225 -0.170812 -0.151888 -0.266163 -0.260438 0.058492 -0.078614 0.019282 -0.301640 -0.286171 -0.234319 -0.269859 0.356852 0.122124 0.389730 -0.071246 0.300542 0.186391 0.050339 -0.074464 -0.115579 0.605871 0.191092 0.414177 0.098203 0.352201 -0.403281 -0.217148 0.006844 0.170418 0.129872 0.138269 0.185678 0.100383 -0.011916 0.102453 0.057827 0.102919 0.058063 0.124895 -0.339044 -0.055534 0.148553 -0.031303 0.091002 0.261829
0.128674 0.536479 -0.551947 -0.399400 0.053934 -0.180476 -0.132613 -0.267288 -0.404425 -0.394748 -0.341773 -0.256205 -0.319513 -0.236628 -0.550330 -0.347170 0.295411 0.423378 0.059344 1.000000 0.091767 -0.061584 -0.458439 -0.342593 -0.073299 -0.349076 0.021081 -0.158945 0.183689 0.310102 -0.000772 -0.232748 0.307926 0.054845 0.113670 -0.020095 0.089402 0.086570 0.030080 -0.015810 0.106314 0.386372 0.053429 -0.161132 -0.096667 -0.291765 0.014798 -0.125673 0.071536 0.053492 -0.145237 -0.005869 0.027758 -0.028504 0.016845 -0.016483 0.293407 0.512923 -0.081584 0.230751 -0.046045 0.152148 0.302509 0.402921 -0.354558 -0.422544 0.322251 -0.041458 0.160097 0.241904 0.258108 0.196578 0.405200 0.420351 0.282369 0.183128 0.251958 0.262685 0.404037 0.208212 0.223001 0.289916 -0.220862 -0.173813 -0.230113 -0.018865 0.212590 0.109839 -0.202134 0.115405 -0.039757 -0.180021 -0.375316 -0.245865 0.105342 0.232035 -0.038133 0.227673 0.637124 0.131678 -0.153771 -0.093337 -0.077927 0.178854 0.411568 -0.078764 0.243752 0.118510 0.031694 -0.202061 0.041229 0.153973 0.173243 -0.064738 -0.021324 0.157313
-0.151728 0.009582 0.130534 -0.024754 0.359955 0.367030 0.369454 -0.117672 -0.185713 0.001275 -0.115318 -0.151458 0.034269 -0.126613 0.098039 0.179586 -0.188606 -0.109191 0.131488 0.091767 1.000000 0.590287 0.230912 0.101074 0.046016 0.112689 0.477024 0.303032 0.227801 0.250802 0.456446 0.360342 0.313870 0.348361 0.003658 0.092368 0.196068 -0.072821 0.205770 -0.183282 0.288858 0.310520 -0.229760 -0.337973 -0.014377 -0.244572 -0.176224 -0.366475 -0.146772 -0.158666 -0.050959 -0.385869 0.246755 -0.022611 0.186487 -0.066310 -0.218671 -0.135889 -0.182782 -0.232816 0.105766 -0.264582 0.149957 0.039614 -0.046646 -0.295541 0.447172 0.049061 -0.163910 -0.180174 0.377685 0.346918 -0.029471 -0.153553 -0.193710 0.189881 -0.197869 -0.119617 -0.378923 -0.270342 -0.165423 -0.332913 0.291071 0.161850 -0.093061 -0.255415 0.176176 0.079943 0.006643 -0.248984 -0.052054 0.046911 -0.223167 0.068237 -0.065647 0.015263 -0.053671 0.142762 -0.045834 0.020902 0.074585 0.125271 0.208892 0.184218 0.118465 0.041813 0.106608 0.154917 -0.277813 -0.029617 -0.119991 0.031280 -0.022978 -0.278168 -0.100666 -0.002416
-0.234138 -0.168968 -0.002830 -0.087784 0.068646 0.243487 0.197570 -0.011554 -0.472508 -0.078948 -0.125006 -0.206128 0.171159 -0.095327 -0.127039 0.153415 -0.064851 0.090149 -0.111345 -0.061584 0.590287 1.000000 0.060428 -0.020849 0.020085 0.100511 0.272425 0.295908 0.265075 0.301585 0.229697 0.460084 0.192305 0.265037 0.076227 -0.203836 0.296811 0.087560 0.319823 -0.003880 0.429736 0.442713 -0.068077 -0.192046 0.210554 -0.099207 0.158818 -0.181458 -0.111895 0.012767 0.004024 0.007655 0.592389 0.379868 0.429817 0.391526 -0.025043 -0.097172 -0.325313 -0.138919 -0.203275 -0.275415 0.287034 0.086855 -0.172322 -0.344835 0.176539 -0.121317 0.032913 0.032502 0.179678 0.417358 0.013291 -0.059295 -0.171423 -0.318013 -0.254930 -0.363459 -0.165266 0.043269 0.132687 0.020398 0.078067 -0.039139 -0.140338 -0.152024 0.242939 0.130706 -0.042539 -0.006473 0.216139 -0.091868 -0.278649 -0.160126 -0.055327 -0.271439 0.153561 0.077565 -0.085341 0.178965 0.009370 0.164743 0.251494 0.197726 -0.114033 -0.174159 -0.142277 -0.037762 -0.400685 -0.037301 0.016990 -0.168781 -0.084891 -0.524838 -0.443886 -0.257797
0.108856 -0.233559 0.552347 0.471319 0.170548 0.363092 0.307043 -0.025455 0.193138 0.285617 0.342845 -0.027233 -0.032953 -0.131501 0.695548 0.114710 -0.311460 -0.475189 0.354931 -0.458439 0.230912 0.060428 1.000000 0.630336 0.048901 0.292956 0.439967 0.548830 -0.073098 -0.513646 0.187123 0.266571 -0.234107 -0.040766 -0.359746 -0.129041 0.044919 -0.041488 0.197930 -0.222985 0.076910 -0.139740 -0.242783 -0.145044 -0.148784 -0.147766 -0.177766 -0.028058 -0.150847 -0.370058 0.083612 -0.407138 -0.045421 -0.082039 -0.018712 -0.052325 -0.244882 -0.257661 0.115078 -0.488552 0.029457 -0.309890 -0.277272 -0.253824 0.607931 0.354559 -0.207452 0.167142 -0.071692 -0.326235 -0.179587 -0.327500 -0.518341 -0.373261 -0.249736 0.012326 -0.227012 -0.214854 -0.384291 -0.474609 -0.394767 -0.447355 0.682872 0.328917 0.560813 0.073599 0.248702 0.319829 0.381221 0.066268 -0.395059 0.271258 0.126062 0.312544 -0.013124 0.156916 -0.069697 0.069979 -0.259143 -0.050358 0.007822 -0.144383 -0.170360 -0.213690 -0.330296 0.220418 -0.110674 -0.017349 0.011291 0.438557 -0.028194 0.059035 -0.122639 -0.109385 0.065253 0.036090
-0.207003 -0.243567 0.299629 0.506263 0.097594 0.261549 0.231546 0.100873 0.251831 0.448923 0.177767 0.189796 -0.176471 -0.005014 0.475126 0.055254 -0.381713 -0.587166 0.375615 -0.342593 0.101074 -0.020849 0.630336 1.000000 0.025743 0.393341 0.178545 0.391455 -0.101203 -0.366103 0.246759 0.383724 -0.201791 -0.132391 -0.335962 0.188251 -0.110559 -0.258693 -0.148430 -0.235453 -0.072570 -0.237317 -0.173000 -0.082159 -0.067004 0.058097 -0.253737 -0.017340 -0.277179 -0.337075 0.035298 -0.304319 -0.199126 -0.236684 -0.203594 -0.277509 -0.419907 -0.390814 -0.216403 -0.502797 -0.121363 -0.283229 -0.247435 -0.264277 0.534614 0.399942 -0.225261 0.335332 -0.120898 -0.393271 -0.043038 -0.342805 -0.474853 -0.355595 -0.306249 -0.044134 -0.252507 -0.093280 -0.422974 -0.282268 -0.240807 -0.304880 0.529696 0.427972 0.571796 0.235102 0.123693 0.246831 0.115748 -0.073291 -0.104175 0.299826 0.405018 0.169473 0.133220 0.350563 -0.241441 -0.081169 -0.318723 -0.287315 0.029111 -0.143780 -0.074410 -0.295888 -0.192389 0.277126 0.037794 0.135555 0.103553 0.431359 -0.203917 -0.086515 -0.120882 0.007218 0.226676 0.174247
0.058704 -0.349098 -0.042588 -0.251764 -0.366156 -0.148272 -0.275671 -0.399058 -0.202438 -0.325142 -0.209482 -0.280519 -0.351296 -0.373854 -0.131967 -0.235545 -0.016517 0.015423 -0.199327 -0.073299 0.046016 0.020085 0.048901 0.025743 1.000000 0.568775 -0.079908 0.231779 0.048896 0.038921 0.245256 0.065831 0.065818 -0.045260 0.180061 0.120713 0.365224 0.339964 0.280361 0.185797 0.192511 -0.060873 0.341660 0.381915 0.088565 0.085636 0.182991 0.411404 0.064083 0.020403 0.134619 -0.170262 -0.071785 0.126970 0.100730 0.077478 0.233932 0.158962 -0.105256 -0.242977 -0.351396 -0.305819 -0.303944 -0.302314 -0.291314 -0.329800 0.322607 0.367743 0.337629 0.374969 -0.027266 0.003141 0.094388 0.113870 0.343079 0.364174 0.213809 0.295992 0.201355 0.134631 -0.031139 -0.014410 -0.285265 -0.232253 0.090149 0.094157 -0.218576 -0.005602 -0.314051 -0.226414 0.106564 -0.003449 -0.027632 0.082841 0.027921 -0.028206 0.271855 0.210357 -0.228244 -0.018322 -0.189925 -0.084676 -0.092282 0.143141 0.073766 0.413740 -0.330739 -0.055220 0.222613 -0.078639 0.654550 0.231876 -0.020705 0.239070 0.164848 0.054361
-0.214638 -0.551752 0.047887 0.095278 -0.266171 -0.006941 -0.223557 -0.239885 -0.010426 0.089965 -0.130315 -0.149716 -0.340944 -0.246176 0.191874 -0.080535 -0.322369 -0.359301 -0.106206 -0.349076 0.112689 0.100511 0.292956 0.393341 0.568775 1.000000 -0.052297 0.436623 -0.227546 -0.203044 0.448437 0.414166 -0.078081 0.039315 0.187562 0.388660 0.202673 0.043777 -0.137234 -0.230417 0.061213 -0.245381 0.303552 0.455338 0.198861 0.459803 0.125240 0.436675 -0.029455 -0.004181 0.190719 -0.180183 -0.059711 0.128698 -0.171542 -0.104695 -0.114197 -0.064846 -0.217049 -0.522393 -0.392592 -0.391155 -0.523376 -0.580652 0.032852 0.097470 0.096060 0.572416 0.040804 -0.015256 -0.184520 -0.088833 -0.301131 -0.044103 0.046945 0.272106 -0.003940 0.261633 -0.212436 -0.048226 -0.225570 -0.282563 0.035929 0.026385 0.337626 0.380683 -0.319216 -0.087525 -0.275730 -0.355030 -0.145019 0.052612 0.047415 0.092796 0.278984 0.198063 -0.026014 0.104116 -0.463369 -0.097222 -0.124301 -0.100237 -0.170122 -0.112162 -0.046924 0.551085 -0.102101 0.195209 0.330891 0.359152 0.438653 0.291370 0.066984 0.116809 0.259778 0.217084
-0.049089 0.086149 0.186931 0.142659 0.709698 0.707497 0.302456 -0.084766 0.146620 0.149909 0.316900 -0.004182 0.228173 -0.014936 0.331354 0.190534 0.012809 0.047772 0.182213 0.021081 0.477024 0.272425 0.439967 0.178545 -0.079908 -0.052297 1.000000 0.320448 0.045761 -0.010407 0.148368 0.095748 0.007782 0.090951 -0.062215 -0.100427 -0.058535 -0.083762 0.343650 0.025679 0.155505 0.215633 -0.288964 -0.321888 -0.119569 -0.349695 -0.335056 -0.498035 0.074456 -0.279558 -0.085131 -0.339764 0.033289 -0.216056 0.114166 -0.146379 -0.222588 -0.010550 -0.002612 -0.216439 0.274167 -0.040621 0.169875 0.102782 0.249225 -0.027365 0.134901 0.071910 -0.049200 -0.205595 0.040633 0.125154 -0.125155 -0.303790 -0.323740 -0.122852 -0.100710 -0.280392 -0.312443 -0.223143 -0.302513 -0.269378 0.423003 0.167329 -0.010389 -0.248689 0.451878 0.195191 0.440235 0.100615 -0.046642 0.032010 -0.155803 0.011821 -0.216184 -0.069015 -0.181360 -0.033783 0.074317 -0.002887 -0.155764 -0.246296 -0.194716 -0.139460 -0.175395 -0.085391 -0.055316 -0.141612 -0.159637 -0.119792 -0.125192 0.011063 0.002576 -0.310718 -0.173258 -0.104653
0.085399 0.010718 -0.014488 -0.087316 -0.132214 0.178466 -0.212308 -0.411016 -0.136760 -0.009905 0.103243 -0.276859 -0.373030 -0.453162 0.360903 -0.070552 -0.346707 -0.368844 -0.104027 -0.158945 0.303032 0.295908 0.548830 0.391455 0.231779 0.436623 0.320448 1.000000 -0.078854 -0.336303 0.097675 0.087210 0.229471 0.223375 -0.109133 0.008714 0.381154 0.389946 0.361877 -0.129616 0.449471 0.243149 -0.039848 -0.017551 0.065599 0.039652 0.061544 0.254589 -0.104790 -0.255729 0.058099 -0.366699 0.236908 0.214177 0.311625 0.137869 -0.010484 0.233016 -0.264826 -0.396176 -0.357699 -0.389856 -0.114662 -0.019480 0.235721 -0.003639 0.032064 0.433850 0.144463 -0.048647 -0.158540 -0.189607 -0.288460 -0.113837 0.104677 0.137835 -0.018766 -0.084705 -0.194151 -0.325140 -0.251647 -0.233321 0.484330 0.338797 0.479213 0.231901 0.191360 0.306655 0.228889 0.154274 -0.348416 -0.123846 -0.063864 -0.068777 0.003325 0.073572 0.283072 0.373442 -0.198528 -0.168654 -0.069564 -0.252818 -0.281430 -0.130141 -0.060422 0.454892 -0.045353 0.089143 -0.080294 0.302634 0.398734 0.118434 -0.326156 -0.200813 -0.069114 -0.036446
0.107657 0.116416 0.055320 -0.270573 -0.063149 -0.119354 0.206415 -0.228183 -0.143157 -0.416424 -0.243520 -0.308254 -0.051438 -0.271994 -0.102823 -0.164485 0.241082 0.114855 0.270420 0.183689 0.227801 0.265075 -0.073098 -0.101203 0.048896 -0.227546 0.045761 -0.078854 1.000000 0.433655 0.113118 0.081849 0.142580 -0.015663 -0.213898 -0.307473 0.235839 0.249387 0.223858 0.069887 0.124068 0.062756 0.066001 -0.110840 -0.166129 -0.493955 0.222693 -0.153802 -0.153662 -0.157006 -0.232593 -0.061249 0.148413 0.127788 -0.028609 0.097000 0.116160 -0.029702 -0.004994 0.150997 0.015774 -0.041671 0.093772 0.096504 -0.260080 -0.496359 0.116389 -0.279482 -0.080251 -0.022659 0.480163 0.325726 0.573930 0.137776 0.268929 0.097189 0.170856 0.047994 0.135824 0.002847 0.342659 0.318333 0.002834 0.020501 -0.198573 -0.227505 0.210450 -0.021864 -0.236667 -0.024285 0.331680 0.141607 -0.209664 0.134607 -0.116090 -0.113918 -0.165464 -0.108369 0.063969 0.053164 -0.144693 0.152315 0.215442 0.442255 -0.016585 0.073895 0.037546 0.078578 -0.166678 -0.286860 0.099492 -0.227665 -0.206070 -0.103223 -0.254155 -0.056149
-0.414014 0.148183 -0.343048 -0.209885 0.098599 0.019462 0.025171 0.036082 -0.262226 -0.263779 -0.457364 0.012133 0.166219 0.120701 -0.501859 0.089777 0.266445 0.484718 -0.200433 0.310102 0.250802 0.301585 -0.513646 -0.366103 0.038921 -0.203044 -0.010407 -0.336303 0.433655 1.000000 0.069603 0.174802 0.214944 0.239729 0.119013 -0.064096 0.067787 0.106863 0.151456 0.309206 0.230856 0.373341 0.098832 -0.057951 0.116650 -0.134032 0.098045 -0.144889 0.017814 0.130847 -0.295733 0.110768 0.186825 0.116372 0.158046 0.144399 0.112278 0.090510 -0.347758 0.151634 -0.190731 -0.060389 0.322051 0.225404 -0.635850 -0.550450 0.191170 -0.281753 0.003739 0.224544 0.474039 0.496935 0.671438 0.449376 0.260503 0.122407 0.194680 0.229242 0.341784 0.256240 0.383177 0.512776 -0.368601 -0.153070 -0.542367 -0.304502 0.085361 -0.300663 -0.180022 -0.019176 0.408900 -0.225366 -0.187893 -0.162869 -0.243631 -0.221118 0.038814 0.079170 0.195493 -0.045912 -0.137587 0.008897 0.217305 0.048256 -0.020977 -0.356565 -0.104994 -0.260482 -0.215667 -0.314904 0.017802 -0.179000 0.093920 -0.064123 -0.279119 -0.248158
-0.206011 -0.331385 0.088781 0.029972 0.123676 0.153395 0.224258 -0.126269 -0.012140 0.122000 -0.000223 -0.088056 -0.032257 -0.132372 0.161469 -0.085619 -0.088250 -0.172781 0.147313 -0.000772 0.456446 0.229697 0.187123 0.246759 0.245256 0.448437 0.148368 0.097675 0.113118 0.069603 1.000000 0.665241 0.002587 0.205811 0.126261 0.405849 0.122133 -0.286177 -0.216154 -0.354209 0.019971 -0.130905 0.063213 0.149912 0.122820 0.202918 -0.216731 -0.056713 -0.130237 -0.140389 0.142158 -0.271374 -0.193551 -0.250771 -0.364399 -0.295987 -0.124719 -0.151661 -0.218542 -0.319151 -0.103327 -0.342561 -0.116648 -0.300643 0.128225 -0.032337 0.338858 0.493164 -0.220034 -0.152268 0.048542 0.084629 -0.046808 -0.170918 -0.086907 0.147167 -0.103288 0.107239 -0.188956 0.048395 -0.106262 -0.096558 0.168495 -0.089114 0.068981 0.037354 -0.166175 -0.086305 -0.196138 -0.465096 -0.190658 -0.006598 -0.234752 0.037265 0.374182 0.246169 -0.214812 -0.183341 -0.347541 0.014304 -0.038803 0.107259 0.028437 0.062486 -0.127081 0.220006 0.073789 0.412836 0.235448 0.228827 -0.033004 0.062986 0.047302 -0.027341 0.100212 0.429981
-0.510693 -0.355703 0.171405 0.283956 0.051957 0.226345 0.257864 0.190905 -0.059586 0.275829 -0.166696 0.092431 0.052364 0.049895 0.056959 0.152279 -0.148102 -0.121539 0.080351 -0.232748 0.360342 0.460084 0.266571 0.383724 0.065831 0.414166 0.095748 0.087210 0.081849 0.174802 0.665241 1.000000 -0.056992 0.379815 0.052213 0.246401 -0.028674 -0.356399 -0.171136 -0.209735 0.051552 -0.021673 -0.040080 0.060354 0.161625 0.222431 -0.189723 -0.050821 -0.360509 -0.074695 -0.047872 -0.192586 0.000156 -0.089290 -0.185062 -0.071528 -0.217504 -0.308918 -0.521941 -0.251523 -0.252087 -0.286492 0.008412 -0.167545 0.113696 0.079883 -0.002640 0.190218 -0.253359 -0.260871 0.022933 0.188743 -0.138773 -0.132463 -0.231992 -0.126951 -0.219380 -0.010318 -0.234984 0.019940 0.019693 0.009339 0.164188 0.012231 0.031338 -0.096108 -0.122386 -0.241054 -0.109199 -0.378935 0.041378 -0.048812 0.031131 -0.058687 0.136842 0.058271 -0.064359 -0.094727 -0.328929 -0.094292 -0.009397 0.044099 0.206725 -0.063895 -0.189001 -0.006281 -0.048712 0.159829 0.009970 0.338177 -0.121004 -0.046849 -0.015009 -0.177722 -0.157180 0.086204
-0.057601 0.354209 -0.213975 -0.566861 0.093846 -0.067420 -0.015885 -0.139263 -0.177385 -0.085264 -0.276485 -0.221926 -0.166042 -0.142345 -0.219198 0.040552 -0.272544 -0.010152 -0.147815 0.307926 0.313870 0.192305 -0.234107 -0.201791 0.065818 -0.078081 0.007782 0.229471 0.142580 0.214944 0.002587 -0.056992 1.000000 0.693115 0.092498 0.127608 0.216244 0.425002 0.473805 0.194833 0.311025 0.534668 -0.321357 -0.407002 -0.054154 -0.170637 -0.153038 -0.141655 -0.334939 -0.093577 -0.343828 -0.305899 0.290422 0.027913 0.346652 0.094741 -0.023412 0.160387 -0.458357 0.171024 0.048306 0.135941 0.484656 0.555463 -0.213014 -0.275638 0.440641 0.105371 -0.131875 0.126532 0.062968 0.174536 0.264023 -0.024809 0.199306 0.163799 0.021397 -0.027553 0.114712 -0.301745 -0.124947 -0.106669 0.161353 0.199312 -0.333338 -0.433728 -0.063581 0.031641 0.204270 0.124179 0.061297 -0.250259 -0.034994 0.069276 -0.456948 -0.321523 0.296851 0.508606 0.179219 -0.383209 0.033289 -0.008055 0.007857 0.077087 0.575862 0.163403 0.205899 0.140417 -0.569764 -0.257651 0.126141 -0.268994 -0.344869 -0.172467 -0.252775 -0.370754
-0.362061 0.207733 0.000899 -0.252901 0.151331 0.131882 -0.010767 0.036111 -0.145218 0.025935 -0.143036 0.049648 0.020182 0.125898 -0.077274 0.266290 -0.260948 -0.016316 -0.232592 0.054845 0.348361 0.265037 -0.040766 -0.132391 -0.045260 0.039315 0.090951 0.223375 -0.015663 0.239729 0.205811 0.379815 0.693115 1.000000 0.096496 0.278137 0.113634 0.120334 0.323769 0.094383 0.312158 0.435007 -0.335414 -0.242854 0.013467 0.092774 -0.334507 -0.134573 -0.387496 -0.122646 -0.230486 -0.351120 0.174142 -0.117040 0.278282 0.080400 -0.094303 0.080964 -0.541639 0.042149 -0.011745 0.082668 0.366636 0.376161 0.029504 -0.007898 0.279355 0.164553 -0.212206 0.006260 -0.124323 0.191942 0.045286 -0.049277 0.059640 0.147382 -0.119082 -0.060580 -0.004239 -0.277307 -0.138518 -0.094342 0.213502 0.183401 -0.331720 -0.415128 -0.143419 -0.214636 0.315328 0.054543 -0.090589 -0.457414 -0.041852 -0.088506 -0.318439 -0.244357 0.333590 0.379581 -0.072179 -0.471417 0.080347 -0.114124 -0.005719 -0.168698 0.354604 -0.021841 0.107166 0.200080 -0.488367 -0.065366 0.026644 -0.264990 -0.327825 -0.287989 -0.310109 -0.313339
-0.097976 -0.159880 -0.320554 -0.204186 0.039434 0.059166 -0.171280 -0.158260 -0.090352 -0.239403 -0.131615 -0.090356 0.162468 -0.064037 -0.396810 -0.278294 0.154455 0.220581 -0.383106 0.113670 0.003658 0.076227 -0.359746 -0.335962 0.180061 0.187562 -0.062215 -0.109133 -0.213898 0.119013 0.126261 0.052213 0.092498 0.096496 1.000000 0.385625 0.125063 0.016614 -0.072253 0.068298 0.093689 0.059591 0.246370 0.248142 0.290026 0.307853 0.049316 0.036756 0.233971 0.273883 0.075935 0.068231 -0.002051 -0.036829 0.171452 0.137314 0.155697 0.182758 -0.083505 0.046606 -0.059028 -0.043881 0.073368 -0.076964 -0.249711 -0.173226 0.407182 0.296233 0.279908 0.339413 0.014266 0.253771 0.268690 0.241507 0.134086 0.011783 0.058763 0.152976 -0.048386 0.359050 0.146040 0.079547 -0.380860 -0.387751 -0.323878 -0.007046 -0.078245 -0.136903 -0.153265 -0.125970 -0.001398 -0.360141 -0.292358 -0.267855 0.065222 -0.056378 0.168973 0.037405 0.169616 0.051314 -0.205623 -0.015080 -0.126266 0.073455 -0.061896 -0.027232 -0.045709 -0.095588 0.009940 -0.054710 0.172825 0.180100 0.044961 -0.023894 0.041786 -0.052185
-0.272718 -0.056315 -0.185546 0.001110 0.060733 0.083444 -0.126682 -0.044401 0.167563 0.163663 -0.079219 0.222545 -0.178369 0.100602 -0.067848 -0.077206 -0.280816 -0.224229 -0.112802 -0.020095 0.092368 -0.203836 -0.129041 0.188251 0.120713 0.388660 -0.100427 0.008714 -0.307473 -0.064096 0.405849 0.246401 0.127608 0.278137 0.385625 1.000000 -0.103748 -0.359208 -0.411610 -0.227886 -0.156485 -0.119209 0.004619 0.138483 0.259863 0.533031 -0.212456 -0.035950 0.000926 0.016970 0.051584 -0.112786 -0.295437 -0.284258 -0.267967 -0.385269 -0.281177 -0.120327 -0.131184 -0.125596 0.097623 0.098115 -0.132838 -0.171212 0.221296 0.258538 0.392678 0.684355 -0.118148 -0.101470 -0.261671 0.086811 -0.150616 -0.110675 -0.050086 0.202894 -0.138693 0.195947 -0.205017 -0.120814 -0.237189 -0.215360 -0.056116 0.002587 0.006074 0.136408 -0.446456 -0.221102 -0.144349 -0.342608 -0.144523 -0.172789 -0.020413 -0.141559 0.200305 0.242222 -0.163987 -0.142812 -0.172437 -0.261433 0.031683 -0.203839 -0.055646 -0.193409 0.227020 0.290923 0.228848 0.314331 0.209583 0.118373 -0.166086 0.076260 -0.157325 0.090714 0.400828 0.224621
