1.000000 0.404107 0.026372 0.086864 -0.073467 0.110091 0.159949 0.197015 0.013815 0.052280 0.770533 0.446693 0.616112 0.312208 0.417585 0.174803 -0.039697 -0.029181 0.202654 -0.157059 0.145948 0.087496 -0.147442 -0.204780 -0.060916 0.077296 0.076986 0.136060 0.072408 -0.146346 0.231553 0.100850 -0.079781 -0.095134 0.004658 -0.342901 -0.167589 -0.217320 0.069393 0.155585 -0.274154 -0.349247 0.052056 -0.030782 -0.210761 -0.231007 -0.042038 -0.378586 -0.360338 -0.189856 -0.171189 -0.134014 -0.303076 -0.174439 0.114266 -0.053963 0.416585 -0.042278 -0.254585 -0.251113 0.202310 0.090500 0.143644 -0.037240 0.306404 0.071550 -0.326438 -0.276202 0.058602 -0.109467 -0.037768 -0.002910 -0.164446 -0.060948 0.080614 -0.244450 0.114542 -0.018925 -0.034374 0.050253 -0.118281 -0.087258 0.034320 -0.173505 0.471831 0.219745 0.159970 -0.004630 0.143930 0.251745 -0.222560 -0.124491 0.114235 -0.015177 -0.196260 -0.015171 -0.034168 -0.036528 -0.318731 -0.048541 0.172706 -0.179920 -0.043215 -0.091938 -0.043088 -0.109014 -0.307550 -0.015681 0.042452 -0.018921 -0.001150 -0.188759 -0.021503 0.013271 0.176461 -0.136486
0.404107 1.000000 -0.413438 -0.374850 -0.465471 -0.433110 -0.284172 -0.128998 -0.286298 -0.161982 0.130654 0.485762 0.028804 0.399638 -0.055407 -0.042305 -0.051305 0.224373 0.137170 0.104619 -0.364558 -0.306954 -0.414241 -0.480245 -0.325478 -0.357775 -0.292560 -0.213003 0.308913 0.307707 0.151607 -0.022484 0.456748 0.354290 0.044923 -0.227755 0.131730 -0.072275 -0.374413 -0.113862 -0.094536 -0.139501 -0.181657 -0.056792 -0.010141 -0.092818 0.087215 -0.081709 -0.093595 0.038370 -0.039660 0.137229 -0.295232 -0.019715 -0.187007 0.108423 0.240172 0.427531 -0.052351 0.140709 0.046526 0.167775 0.052154 0.316344 -0.095546 0.029517 -0.062336 -0.148958 0.319752 0.184596 -0.038516 -0.012641 0.152846 0.168643 0.197303 0.085186 0.308914 0.196453 0.128907 0.055895 -0.069895 0.144524 -0.136388 0.153766 0.208600 0.132028 -0.142686 -0.114735 0.031995 0.080491 -0.424970 -0.244859 -0.201197 -0.082037 0.061600 -0.051910 0.275985 0.010851 -0.127669 -0.156269 0.100552 -0.214469 -0.052745 -0.057895 -0.020202 -0.294558 -0.119012 0.027233 0.040470 0.183976 0.006883 -0.108040 0.139526 0.081880 -0.000651 -0.363091
0.026372 -0.413438 1.000000 0.344189 0.658016 0.415245 0.648350 0.248585 0.563282 0.279026 -0.012010 -0.200232 -0.079781 -0.256104 0.448019 0.053317 -0.139375 -0.301854 0.216623 0.190061 0.165121 0.149254 0.701747 0.366780 0.471022 0.357420 0.246994 0.266816 -0.495759 -0.593808 0.165165 -0.045221 -0.316396 -0.244455 0.004584 0.018669 -0.263526 -0.343491 0.205519 -0.203118 -0.163852 -0.088080 -0.137893 -0.196446 -0.185530 -0.184878 -0.334381 -0.366666 0.000720 -0.027093 0.104580 -0.028939 -0.150626 -0.112868 -0.118022 -0.229549 -0.249206 -0.218368 -0.020987 -0.390186 0.108665 -0.274263 -0.370330 -0.296905 0.559472 0.071871 -0.135821 0.204781 0.082602 -0.062712 0.135537 0.035460 -0.564202 -0.162289 -0.107463 -0.042765 -0.142506 -0.158893 -0.397875 -0.381368 -0.181188 -0.280325 0.174054 -0.105167 0.087331 -0.054319 0.430352 0.295684 0.420958 -0.065068 0.319594 0.315583 0.123618 0.157636 -0.119908 -0.206577 -0.365045 -0.249263 -0.352427 -0.069264 -0.102584 0.089065 -0.192768 -0.049651 -0.135961 0.031684 -0.200914 0.146512 -0.263863 -0.160649 -0.067972 -0.118332 -0.368257 -0.310099 -0.119818 -0.070208
0.086864 -0.374850 0.344189 1.000000 0.323469 0.533939 0.238649 0.677408 0.314365 0.434179 0.325965 0.075723 0.207352 -0.219021 0.124544 0.395355 -0.150828 -0.422094 -0.153379 0.073035 0.391445 0.458114 0.432046 0.608208 0.100283 0.316927 0.302645 0.195690 -0.478809 -0.329780 0.002371 0.250080 -0.524110 -0.157655 -0.009201 0.197198 -0.295995 -0.004073 0.455079 0.176182 -0.299884 0.018929 0.305533 0.271302 -0.355803 -0.108141 -0.032506 -0.143530 -0.251514 -0.182389 -0.279786 -0.220393 -0.215042 -0.395370 -0.066720 -0.146895 -0.050980 -0.675760 -0.305495 -0.361058 0.004385 0.149535 -0.227156 -0.447401 0.435431 0.361541 -0.370808 0.060860 -0.463997 -0.489872 -0.036003 0.178133 -0.375322 0.007006 -0.126134 -0.127281 -0.245556 -0.054944 -0.457636 -0.250349 -0.317247 -0.524453 -0.074899 -0.059068 -0.081926 0.119860 0.221161 0.521732 0.127526 0.044452 0.374763 -0.049250 0.430230 -0.160683 -0.306540 0.096897 -0.337588 -0.364370 -0.224782 -0.268688 0.146862 -0.219403 0.001140 0.006909 0.080705 0.332371 -0.065958 -0.116526 -0.085176 -0.247977 -0.029007 -0.090290 -0.156997 0.047380 0.161656 0.185818
-0.073467 -0.465471 0.658016 0.323469 1.000000 0.691715 0.540735 0.265715 0.592773 0.361664 0.012770 -0.115578 -0.055449 -0.145436 0.337862 0.179214 -0.021735 -0.007472 -0.006461 0.059536 0.515401 0.351095 0.520043 0.464232 0.576963 0.307891 0.649021 0.487005 -0.486464 -0.443061 -0.146149 -0.277157 -0.430142 -0.470329 -0.330476 0.035796 -0.263045 -0.180404 0.333996 0.069366 -0.342464 -0.095684 -0.141726 -0.274082 0.103362 -0.024753 -0.038651 -0.204754 0.150064 0.251667 0.172956 0.216818 0.066406 0.173609 -0.052988 0.064629 -0.192005 -0.284801 0.073657 -0.154496 -0.089476 -0.170660 -0.293747 -0.217667 0.187071 0.032870 -0.041743 0.034502 -0.157007 -0.227346 0.120509 -0.038045 -0.586940 -0.277101 -0.387947 -0.304949 -0.361443 -0.348853 -0.267299 -0.143809 -0.008970 -0.114971 -0.015612 -0.205798 -0.183759 -0.042149 0.360808 0.326417 0.131058 -0.010018 0.348723 0.194820 0.088212 0.087912 -0.292763 -0.217780 -0.345145 -0.317237 -0.057924 -0.097962 -0.047754 -0.092090 -0.136166 -0.147680 -0.113185 0.182579 -0.083404 0.089620 -0.333701 -0.293855 -0.429255 -0.214352 -0.409712 -0.336751 -0.180176 0.072702
0.110091 -0.433110 0.415245 0.533939 0.691715 1.000000 0.407973 0.400902 0.254267 0.176835 0.313688 -0.061546 0.295726 -0.099098 0.155562 0.238700 -0.001994 -0.034325 -0.115739 -0.149676 0.782625 0.762356 0.441594 0.536241 0.593461 0.524862 0.817557 0.725746 -0.508377 -0.409406 -0.037154 -0.029943 -0.549668 -0.494820 -0.162409 0.067088 -0.480824 -0.157910 0.495793 0.322407 -0.470116 -0.108559 0.124450 -0.049072 0.016006 -0.061776 0.050296 -0.069377 -0.039756 0.119253 -0.053176 0.064624 0.068809 0.010059 0.044969 0.031017 0.008799 -0.478353 -0.032383 -0.106751 -0.074862 -0.019276 -0.006703 -0.210353 0.057215 0.074770 -0.106174 -0.081878 -0.423174 -0.457349 0.267252 0.118610 -0.615181 -0.237668 -0.435025 -0.322622 -0.494699 -0.363880 -0.226587 0.011664 -0.004357 -0.171142 -0.001153 -0.215953 -0.300464 -0.115518 0.347034 0.469446 -0.168796 0.070319 0.277769 -0.048284 0.124400 -0.185389 -0.247894 -0.149604 -0.227925 -0.341573 -0.038899 -0.085723 0.113502 -0.220789 -0.034393 -0.175078 -0.023332 0.274976 0.000689 -0.045889 -0.182293 -0.302123 -0.241662 -0.266765 -0.175336 -0.249744 0.096874 0.405706
0.159949 -0.284172 0.648350 0.238649 0.540735 0.407973 1.000000 0.403850 0.319964 0.168655 0.065697 0.024141 0.077268 0.070919 0.202042 0.041231 -0.039599 -0.189158 0.212239 0.092218 0.282145 0.266939 0.274509 0.020388 0.483169 0.330128 0.283270 0.291145 -0.384031 -0.351930 0.311518 0.161981 -0.129518 -0.092698 -0.002874 -0.066630 -0.287435 -0.265392 0.202754 -0.092450 -0.116851 -0.327132 -0.037709 -0.061294 0.018269 0.103523 -0.113430 -0.193847 0.195450 0.093248 0.221116 0.110440 -0.227112 0.055209 -0.059975 0.019528 -0.161473 -0.290253 -0.242380 -0.519706 0.035778 -0.214291 -0.238894 -0.335012 0.297145 0.134431 -0.227697 0.079958 -0.110888 -0.334151 0.118602 0.054707 -0.450549 -0.324717 -0.235290 -0.146615 -0.097452 -0.191605 -0.246545 -0.371267 -0.148161 -0.239655 0.037813 -0.244638 -0.080301 -0.175809 0.309870 0.200023 0.071486 -0.192278 0.211969 0.238738 0.083704 0.138302 -0.038277 -0.070453 -0.298919 -0.082765 -0.258250 -0.017094 -0.022159 0.091759 -0.115800 -0.123961 -0.130700 -0.016308 -0.180633 0.129649 -0.187306 0.039658 -0.250643 -0.091035 -0.237282 -0.297367 0.133078 -0.042148
0.197015 -0.128998 0.248585 0.677408 0.265715 0.400902 0.403850 1.000000 0.213149 0.599121 0.254597 0.372934 0.235943 0.288730 0.095554 0.544877 -0.159539 -0.419773 -0.216273 0.006590 0.217301 0.289115 -0.011091 0.278137 0.016945 0.270432 0.154909 0.107179 -0.370598 -0.254058 0.014557 0.358389 -0.321083 0.056022 0.040262 0.274873 -0.412601 -0.182901 0.130238 0.031151 -0.389630 -0.301490 0.164280 0.146122 -0.237232 0.138181 -0.122253 -0.254000 -0.054450 -0.150482 -0.023518 0.023420 -0.327813 -0.327970 -0.208960 -0.204763 -0.212146 -0.761797 -0.341965 -0.474982 -0.018930 0.310204 -0.360086 -0.546296 0.283753 0.683705 -0.440665 0.123970 -0.345671 -0.583272 0.079910 0.266226 -0.263210 -0.062355 -0.052564 0.029880 -0.084914 0.163084 -0.476950 -0.427987 -0.405108 -0.663169 -0.305116 -0.256716 -0.209545 0.066399 -0.078343 0.310545 0.037161 -0.032501 0.435124 0.072496 0.603538 -0.036876 -0.086472 0.179066 -0.324039 -0.155705 -0.378181 -0.216710 0.236018 -0.186437 0.036203 -0.128405 0.020078 0.067606 0.028393 0.132285 0.025149 0.048214 -0.101705 -0.050175 -0.043722 -0.145021 0.260831 0.141904
0.013815 -0.286298 0.563282 0.314365 0.592773 0.254267 0.319964 0.213149 1.000000 0.651669 0.031636 0.059469 -0.265315 -0.257666 0.400260 0.192498 -0.067463 -0.208832 -0.139365 0.181941 0.016743 -0.048094 0.356435 0.256290 0.181841 0.098076 0.044434 0.001056 -0.424035 -0.449695 -0.214798 -0.236601 -0.141386 -0.170077 -0.186504 0.063051 -0.075657 -0.197592 -0.106530 -0.149148 -0.303257 -0.225343 -0.296700 -0.289365 -0.097115 -0.002925 -0.227564 -0.325942 0.081374 0.204968 0.128287 0.225319 -0.265237 -0.043478 -0.376668 -0.110132 -0.059157 -0.108613 -0.047049 -0.241743 0.052772 -0.055050 -0.499341 -0.329519 0.452593 0.244388 -0.004107 0.238118 0.217809 0.125912 -0.100372 0.006042 -0.383234 -0.141654 -0.145537 -0.161627 0.033441 -0.047896 -0.292501 -0.201223 -0.129603 -0.334284 -0.115595 -0.279708 0.176003 0.143875 -0.005916 0.182938 0.258626 -0.058885 0.272344 0.226206 0.188806 0.141791 -0.135664 -0.206696 -0.177114 -0.091634 -0.167614 -0.082404 -0.156408 -0.110769 -0.030615 -0.009934 0.106290 0.014747 0.045648 -0.045962 -0.273462 -0.246421 -0.217524 -0.159371 -0.497419 -0.173075 -0.269543 -0.047274
0.052280 -0.161982 0.279026 0.434179 0.361664 0.176835 0.168655 0.599121 0.651669 1.000000 0.063593 0.135136 -0.141013 -0.068663 0.331275 0.559855 -0.022629 -0.248443 -0.287630 0.207154 -0.087106 -0.074886 0.054615 0.236416 -0.124321 0.042660 -0.093123 -0.096776 -0.248079 -0.233518 -0.272368 -0.101504 -0.170170 -0.095389 -0.229678 0.231853 -0.122035 -0.110086 -0.235861 -0.192528 -0.278182 -0.234816 -0.169752 -0.107992 -0.343627 -0.076979 -0.270827 -0.373054 -0.112089 -0.066804 0.005973 0.054825 -0.366365 -0.268179 -0.375187 -0.208130 -0.194471 -0.414969 -0.253792 -0.296570 0.015210 0.217499 -0.510739 -0.431153 0.338150 0.565552 -0.257283 0.162483 -0.025018 -0.094932 -0.153049 0.101469 -0.147044 -0.042045 0.020648 -0.090030 0.038503 0.130226 -0.181410 -0.186054 -0.128134 -0.380908 -0.239273 -0.131599 0.072826 0.232987 -0.366677 0.166780 0.282329 0.031586 0.457396 0.131614 0.539554 0.214347 -0.101259 -0.099674 -0.296177 -0.087180 -0.248206 -0.147513 0.105095 -0.129530 0.050104 -0.178534 0.142287 0.118032 0.169180 0.133362 -0.003655 -0.110659 -0.205051 -0.046887 -0.199427 -0.075732 -0.141454 0.001307
0.770533 0.130654 -0.012010 0.325965 0.012770 0.313688 0.065697 0.254597 0.031636 0.063593 1.000000 0.333854 0.857471 0.296111 0.470510 0.309478 0.236165 0.086684 0.060062 -0.132213 0.354931 0.207030 -0.048045 0.128603 -0.049423 0.039518 0.255141 0.229279 0.088415 -0.180739 -0.020232 0.024682 -0.365952 -0.264419 -0.125799 -0.231643 -0.180480 -0.067790 0.235118 0.291176 -0.282680 -0.216557 0.139198 -0.023840 -0.214947 -0.302876 0.005519 -0.260326 -0.405770 -0.199572 -0.320095 -0.256277 -0.151010 -0.275101 0.217867 -0.026577 0.549987 -0.197698 -0.326072 -0.203860 0.208619 0.148982 0.284949 -0.079833 0.259582 0.073169 -0.386605 -0.330974 -0.105307 -0.176218 -0.191864 -0.180562 -0.142775 -0.104928 -0.060671 -0.350998 -0.040889 -0.214276 -0.022939 0.219662 0.063203 -0.073703 0.119522 -0.264463 0.423464 0.292991 0.149849 0.017046 0.073336 0.440863 -0.093868 -0.175774 0.226784 -0.151169 -0.298781 -0.064007 -0.123293 -0.065271 -0.159396 -0.011076 0.391661 -0.212320 -0.016146 -0.070266 0.017040 0.150957 -0.335508 0.050913 -0.001080 -0.234393 -0.116489 -0.140048 0.029194 0.090141 0.189329 0.203666
0.446693 0.485762 -0.200232 0.075723 -0.115578 -0.061546 0.024141 0.372934 0.059469 0.135136 0.333854 1.000000 0.169207 0.599168 0.058245 0.339600 -0.161086 0.106428 -0.091414 -0.084202 -0.002498 -0.051890 -0.318061 -0.149686 -0.103678 -0.061984 -0.102833 -0.080873 0.084958 0.143476 0.218896 0.336280 0.090476 0.386423 0.112494 0.027517 0.003111 -0.240022 -0.191308 -0.024922 -0.274768 -0.300754 0.071403 0.048916 -0.109400 0.167174 0.000197 -0.261183 -0.233819 -0.080955 -0.071815 0.098038 -0.465140 -0.202730 -0.329383 -0.068681 0.102512 -0.079730 -0.348526 -0.304289 0.009490 0.296093 -0.145370 -0.044211 0.191855 0.496488 -0.358735 0.036720 0.044892 -0.196138 0.004485 0.044105 0.082863 0.226199 0.259281 0.080174 0.317720 0.193209 -0.086171 -0.086267 -0.272116 -0.269120 -0.306504 -0.341657 0.059173 0.232150 -0.100237 -0.112019 -0.051633 -0.000171 -0.215870 -0.073406 0.218250 -0.089616 0.019300 0.102336 0.006034 -0.071163 -0.466516 -0.211857 0.151806 -0.332330 -0.192364 -0.199505 -0.023434 -0.279084 -0.128973 -0.052461 -0.025799 0.219097 -0.096622 -0.146881 0.043993 -0.001085 0.235763 -0.200811
0.616112 0.028804 -0.079781 0.207352 -0.055449 0.295726 0.077268 0.235943 -0.265315 -0.141013 0.857471 0.169207 1.000000 0.412901 0.320462 0.266856 0.211536 0.108456 0.045608 -0.246563 0.420155 0.281625 -0.126577 0.113863 -0.088293 0.051934 0.340755 0.290287 0.085000 -0.103580 -0.020323 0.049928 -0.382576 -0.305994 -0.168281 -0.279271 -0.235801 -0.002171 0.339899 0.284974 -0.170506 -0.139860 0.294943 0.099435 -0.139357 -0.266936 0.043582 -0.164038 -0.291102 -0.305981 -0.265273 -0.348560 0.110291 -0.212657 0.507660 -0.014637 0.342450 -0.307509 -0.237854 -0.134559 0.249922 0.163878 0.421334 -0.037208 0.040850 0.002028 -0.304962 -0.340853 -0.177110 -0.209906 -0.117379 -0.215610 -0.052460 -0.165474 -0.114248 -0.306579 -0.139627 -0.290469 -0.047934 0.199077 0.078632 -0.032653 0.060908 -0.318961 0.213853 0.118707 0.179268 -0.111243 0.014318 0.498749 0.010780 -0.113305 0.238372 -0.032313 -0.251577 0.006345 -0.145816 -0.008012 -0.080976 0.067744 0.425058 -0.137364 0.059807 0.059722 0.020208 0.272016 -0.306760 0.128863 0.107275 -0.099565 -0.074479 -0.023016 0.125770 0.057101 0.248278 0.298772
0.312208 0.399638 -0.256104 -0.219021 -0.145436 -0.099098 0.070919 0.288730 -0.257666 -0.068663 0.296111 0.599168 0.412901 1.000000 -0.008552 0.240670 -0.077580 0.128956 -0.016398 -0.076095 0.081692 -0.029889 -0.459320 -0.267268 -0.023266 0.012004 0.029260 0.029943 0.179176 0.165112 0.063716 0.249928 -0.001248 0.256940 0.129694 -0.028192 -0.066574 -0.164599 -0.175653 -0.045026 -0.177698 -0.356950 -0.027620 -0.033360 0.128655 0.234214 -0.022860 -0.117956 0.016561 -0.037496 0.044263 0.043322 -0.083668 -0.070538 0.036420 0.007491 -0.027849 -0.108296 -0.164395 -0.135901 0.098765 0.272419 0.089193 -0.037824 -0.157550 0.312260 -0.213710 -0.021486 0.079972 -0.149217 0.031288 -0.051798 0.099989 -0.030961 0.103662 0.033223 0.186272 0.086766 -0.124725 -0.129594 -0.236203 -0.180468 -0.240223 -0.395516 0.016013 0.076326 -0.178915 -0.262768 -0.141511 0.089328 -0.020849 0.056989 0.128060 0.048828 0.076970 0.119228 -0.034475 0.080169 -0.246818 -0.042258 0.232221 -0.001472 -0.140124 -0.073881 -0.094216 -0.147867 -0.179979 0.228387 -0.013393 0.237470 -0.098724 -0.014203 0.146042 0.016884 0.170359 -0.109892
0.417585 -0.055407 0.448019 0.124544 0.337862 0.155562 0.202042 0.095554 0.400260 0.331275 0.470510 0.058245 0.320462 -0.008552 1.000000 0.327303 -0.022848 -0.016567 0.221232 0.194412 0.007043 -0.115989 0.307595 0.208695 0.061711 0.042395 0.123253 0.246718 0.114904 -0.246512 -0.001928 -0.232276 -0.376125 -0.458974 -0.221553 -0.128012 0.024179 -0.112709 0.078004 -0.026280 -0.030038 -0.039485 0.051603 -0.081632 -0.376121 -0.528946 -0.253961 -0.265473 -0.341527 -0.169825 -0.218175 -0.190022 -0.190531 -0.143955 0.111833 -0.102946 -0.049221 -0.112854 -0.365981 -0.430993 -0.010844 -0.350085 -0.190097 -0.257608 0.307492 -0.097556 -0.496461 -0.265214 0.139355 0.137099 -0.161204 -0.091700 -0.167389 -0.004230 -0.035000 -0.201295 0.121390 -0.078651 -0.087898 0.039161 0.000485 0.017412 0.323181 -0.064255 0.499884 0.328452 0.162053 -0.209744 0.468752 0.203712 0.201653 0.292618 0.236830 0.328886 -0.191707 -0.208221 -0.280382 0.040336 -0.139012 0.177870 0.078587 0.011234 -0.230485 0.047485 -0.023218 0.082144 -0.245759 0.196042 -0.012988 -0.198515 0.060661 0.094342 -0.153039 0.072866 0.140382 0.027052
0.174803 -0.042305 0.053317 0.395355 0.179214 0.238700 0.041231 0.544877 0.192498 0.559855 0.309478 0.339600 0.266856 0.240670 0.327303 1.000000 -0.047375 -0.039749 -0.170168 0.246094 0.088907 0.089655 -0.135436 0.235270 -0.150313 -0.014830 0.081374 0.184348 -0.073517 -0.014868 -0.251532 -0.078289 -0.235132 -0.126155 -0.093773 0.121806 -0.303980 0.004909 -0.007095 0.199581 -0.221621 -0.135656 0.252289 0.156333 -0.456131 -0.209483 -0.125869 -0.224968 -0.368925 -0.326077 -0.339142 -0.252852 -0.347362 -0.453792 -0.117565 -0.217742 -0.123151 -0.489853 -0.464096 -0.381002 -0.105714 0.316078 -0.297064 -0.512065 0.094758 0.539676 -0.402464 0.046862 -0.151791 -0.118340 -0.201628 0.068224 -0.053168 -0.080072 -0.052315 -0.148969 -0.092415 -0.014956 -0.069873 -0.076069 -0.044247 -0.300102 -0.079959 -0.003800 -0.010269 0.253375 -0.151135 -0.018149 0.168204 0.302264 0.418911 0.189887 0.570211 0.099832 -0.235111 -0.040568 -0.366409 -0.081542 -0.317975 -0.056187 0.165741 -0.383596 -0.152373 -0.126288 0.123090 0.266768 0.156559 0.146599 0.092644 -0.180211 -0.035891 0.024662 -0.000067 -0.039048 0.051401 0.108662
-0.039697 -0.051305 -0.139375 -0.150828 -0.021735 -0.001994 -0.039599 -0.159539 -0.067463 -0.022629 0.236165 -0.161086 0.211536 -0.077580 -0.022848 -0.047375 1.000000 0.491579 0.045671 0.166443 0.116082 0.045795 -0.125629 -0.072037 -0.125618 -0.282285 0.059185 -0.033455 0.242097 0.169746 -0.176970 -0.254248 0.141357 -0.115327 -0.314550 -0.179415 0.150391 0.029999 -0.154939 -0.060615 0.045639 0.108041 -0.220246 -0.166806 0.049918 -0.242515 0.091507 -0.074226 -0.051463 0.008036 -0.009479 -0.095409 0.179788 0.041397 0.090798 0.093439 0.549424 0.214613 -0.002439 0.108183 0.208942 0.065756 0.477417 0.360589 -0.078460 -0.132999 -0.044834 -0.335842 -0.031717 0.019461 -0.273082 -0.471363 0.230076 0.064604 0.037855 -0.028660 0.061805 -0.242839 0.574142 0.357199 0.705988 0.423047 0.244908 0.126472 0.171869 -0.022653 -0.060494 -0.190648 -0.177943 0.216396 -0.087061 -0.169010 -0.124464 -0.136522 -0.005689 -0.208041 -0.096188 -0.100346 0.257733 0.200828 0.198173 0.000239 0.093497 -0.172493 0.038764 0.030752 -0.248992 -0.042090 0.019959 -0.212139 -0.406025 -0.067953 0.190850 0.045044 -0.074588 0.296264
-0.029181 0.224373 -0.301854 -0.422094 -0.007472 -0.034325 -0.189158 -0.419773 -0.208832 -0.248443 0.086684 0.106428 0.108456 0.128956 -0.016567 -0.039749 0.491579 1.000000 0.197831 0.024953 0.047616 -0.136848 -0.113449 -0.073026 -0.002242 -0.219239 0.103853 0.090401 0.481928 0.515081 0.031784 -0.221122 0.175313 -0.143849 -0.327523 -0.229339 0.115687 0.163637 -0.185785 -0.041390 0.095347 0.095411 -0.134020 -0.119492 0.138938 -0.222821 0.263970 0.180979 -0.059991 0.200322 -0.079951 0.033675 0.268949 0.379846 0.163221 0.374515 0.350085 0.400748 -0.101103 0.175217 -0.130606 -0.077089 0.343337 0.574464 -0.383902 -0.395890 -0.094196 -0.482355 0.011980 0.063794 -0.205229 -0.443384 0.326052 0.044314 0.022901 -0.168035 -0.023780 -0.306379 0.595409 0.576890 0.683879 0.736049 0.161930 0.057723 0.029206 -0.021763 -0.045974 -0.428468 -0.238599 0.311186 -0.314341 -0.073740 -0.314516 -0.076122 -0.106270 -0.260220 0.010219 -0.100091 0.286151 0.183082 0.332782 -0.104440 -0.080101 -0.187111 -0.016743 0.103516 -0.167970 0.015843 0.120641 -0.100279 -0.383716 -0.098090 0.192260 0.040011 -0.159196 0.030607
0.202654 0.137170 0.216623 -0.153379 -0.006461 -0.115739 0.212239 -0.216273 -0.139365 -0.287630 0.060062 -0.091414 0.045608 -0.016398 0.221232 -0.170168 0.045671 0.197831 1.000000 0.409432 0.000242 -0.210780 0.174480 -0.292670 0.197374 -0.110587 0.107366 0.057373 0.183556 0.020852 0.449085 -0.012888 0.246476 0.022722 0.013851 -0.408791 -0.008006 -0.197227 -0.032642 -0.108003 -0.017072 -0.127751 0.094383 0.070207 -0.186744 -0.403857 0.138469 0.025525 -0.033737 -0.015974 -0.087640 -0.113685 -0.032909 0.221625 0.113048 0.191001 0.078175 0.227585 -0.103109 -0.113504 0.064875 -0.262790 0.068823 0.066959 0.013217 -0.415539 -0.175946 -0.378931 0.247942 0.206987 -0.119571 -0.240206 -0.081421 -0.085393 -0.015064 -0.029440 0.107258 -0.194514 0.035331 -0.054303 -0.013392 0.226267 0.294656 0.121677 0.177059 -0.202841 0.294998 -0.265947 0.113164 0.014718 -0.063821 0.312373 -0.178305 0.222937 -0.069591 0.028797 -0.135329 -0.125284 -0.010828 0.226678 -0.102278 0.178601 -0.291564 0.079013 -0.054669 -0.022525 -0.185194 0.060681 0.070897 -0.000344 -0.028750 0.176976 0.126521 0.124519 0.140969 -0.340394
-0.157059 0.104619 0.190061 0.073035 0.059536 -0.149676 0.092218 0.006590 0.181941 0.207154 -0.132213 -0.084202 -0.246563 -0.076095 0.194412 0.246094 0.166443 0.024953 0.409432 1.000000 -0.139116 -0.214421 0.138540 -0.152547 -0.008868 -0.243714 -0.058231 -0.032230 0.103352 0.113514 -0.065373 -0.301427 0.210374 0.099022 -0.031922 -0.109945 0.130625 0.115060 -0.153855 -0.145317 0.026864 0.138241 0.027826 0.149532 -0.445407 -0.418383 -0.192636 -0.097993 -0.188182 -0.145513 -0.265195 -0.215887 -0.429412 -0.203488 -0.259863 -0.073641 -0.083182 0.155452 -0.395582 -0.273239 -0.112413 -0.199092 -0.188059 -0.182770 -0.010214 -0.026532 -0.324863 -0.038114 0.254679 0.313216 -0.189057 -0.093525 0.025887 0.114510 0.066335 0.168983 0.238371 0.059924 0.039495 -0.167702 0.023355 0.050350 0.163136 0.326604 0.106480 -0.158332 -0.022904 -0.121046 0.106650 -0.171189 0.363134 0.292643 0.106342 0.293642 -0.044545 -0.011159 -0.303517 -0.132306 -0.090853 0.148240 -0.131271 -0.034665 -0.244189 0.145513 0.083295 0.121531 0.020452 0.166744 -0.027747 -0.142896 -0.008054 0.266072 0.068373 0.210118 -0.084319 -0.146740
0.145948 -0.364558 0.165121 0.391445 0.515401 0.782625 0.282145 0.217301 0.016743 -0.087106 0.354931 -0.002498 0.420155 0.081692 0.007043 0.088907 0.116082 0.047616 0.000242 -0.139116 1.000000 0.759093 0.340872 0.361595 0.572959 0.438419 0.887234 0.667519 -0.359933 -0.194905 -0.021018 -0.014955 -0.430920 -0.374886 -0.124005 -0.108099 -0.282980 -0.108687 0.614804 0.407412 -0.319314 -0.080751 0.311742 0.087824 0.036121 -0.086219 0.113984 -0.071682 -0.051204 -0.031754 -0.096005 -0.063234 0.254219 0.004428 0.327885 0.058693 0.108564 -0.328659 0.003121 0.033921 0.035706 -0.011165 0.367936 -0.017166 -0.132972 -0.093228 -0.062570 -0.183700 -0.493491 -0.472160 0.184407 -0.116682 -0.461355 -0.303897 -0.431143 -0.321689 -0.412259 -0.457025 -0.165028 0.035769 0.013517 -0.086875 0.029820 -0.270434 -0.312664 -0.307080 0.462749 0.270265 -0.344686 0.023340 0.207527 0.000594 0.083519 -0.124331 -0.297835 -0.007754 -0.276448 -0.465156 0.067691 0.042140 0.024449 -0.134831 0.048044 0.014835 0.050154 0.423109 -0.178628 -0.052842 -0.112519 -0.157312 -0.227614 -0.057155 -0.032962 -0.083719 0.298306 0.410349
0.087496 -0.306954 0.149254 0.458114 0.351095 0.762356 0.266939 0.289115 -0.048094 -0.074886 0.207030 -0.051890 0.281625 -0.029889 -0.115989 0.089655 0.045795 -0.136848 -0.210780 -0.214421 0.759093 1.000000 0.294332 0.451213 0.475702 0.621993 0.743316 0.716799 -0.436674 -0.222917 0.069377 0.190110 -0.460122 -0.320827 0.050827 0.020290 -0.348264 -0.014679 0.568012 0.388005 -0.327022 -0.026640 0.262766 0.232067 0.029012 0.033471 0.065612 -0.015503 -0.081925 -0.024268 -0.077641 -0.074231 0.159685 -0.105499 0.202825 0.003204 -0.004697 -0.406918 -0.026549 -0.150194 -0.054313 -0.059382 0.180792 -0.162529 0.009183 0.057639 -0.058219 -0.047238 -0.543448 -0.520605 0.274680 0.166795 -0.482466 -0.112083 -0.329650 -0.222085 -0.412695 -0.246469 -0.157716 -0.054067 -0.032585 -0.181463 0.038942 -0.094095 -0.274470 -0.186391 0.386537 0.491245 -0.261301 -0.047989 0.138481 -0.155095 -0.001760 -0.214571 -0.118566 -0.067017 -0.160145 -0.371209 -0.082343 -0.080223 -0.010485 -0.178733 -0.027913 -0.008825 -0.009075 0.239522 -0.086375 -0.235469 -0.037916 -0.140589 -0.047985 -0.169325 -0.085982 -0.134811 0.221180 0.338968
-0.147442 -0.414241 0.701747 0.432046 0.520043 0.441594 0.274509 -0.011091 0.356435 0.054615 -0.048045 -0.318061 -0.126577 -0.459320 0.307595 -0.135436 -0.125629 -0.113449 0.174480 0.138540 0.340872 0.294332 1.000000 0.632010 0.587495 0.435965 0.389023 0.345892 -0.323279 -0.321380 0.220835 0.000088 -0.375683 -0.325563 -0.024877 0.046636 -0.135708 -0.121679 0.415143 -0.034302 -0.020450 0.216246 0.014390 0.034108 -0.169697 -0.299238 -0.170075 -0.032114 -0.100730 0.014044 -0.135905 -0.129377 0.093045 -0.060798 0.076235 -0.063095 -0.163520 -0.117780 -0.032251 -0.165429 -0.108947 -0.448358 -0.036713 -0.058890 0.276907 -0.284623 -0.116071 0.002867 -0.192052 -0.132555 0.094406 -0.029911 -0.405155 -0.039434 -0.127571 -0.132872 -0.283011 -0.276439 -0.292548 -0.094327 -0.032463 -0.053463 0.288684 0.065599 0.034353 -0.096449 0.596379 0.338599 0.174843 -0.103332 0.205788 0.146381 -0.124079 -0.058932 -0.265500 -0.204204 -0.297713 -0.477524 -0.036257 -0.091898 -0.012567 0.022478 -0.117081 0.118574 -0.005574 0.272842 -0.272886 -0.012639 -0.221579 -0.278135 0.058464 -0.092665 -0.380834 -0.009696 0.023365 0.036887
-0.204780 -0.480245 0.366780 0.608208 0.464232 0.536241 0.020388 0.278137 0.256290 0.236416 0.128603 -0.149686 0.113863 -0.267268 0.208695 0.235270 -0.072037 -0.073026 -0.292670 -0.152547 0.361595 0.451213 0.632010 1.000000 0.242375 0.421551 0.433246 0.424071 -0.315423 -0.269810 -0.135975 0.019282 -0.606610 -0.454772 -0.135217 0.191174 -0.308330 0.064685 0.425203 0.129619 -0.214343 0.176125 0.082484 0.115958 -0.015739 -0.055834 -0.041667 0.022979 -0.057347 0.070680 -0.058152 -0.008232 0.239614 -0.095664 0.177757 -0.002414 -0.189976 -0.495877 0.010332 -0.115286 -0.202865 -0.113677 -0.079452 -0.143109 0.228298 0.043686 -0.108063 0.094983 -0.468965 -0.364198 0.014420 -0.036596 -0.346885 -0.015136 -0.175608 -0.258314 -0.507555 -0.315065 -0.365836 0.022088 0.014565 -0.178294 0.046588 -0.098049 -0.080740 0.210226 0.313285 0.385231 0.152875 0.203125 0.217741 -0.075471 0.118516 -0.223146 -0.351009 -0.295282 -0.182241 -0.290221 -0.000266 -0.281661 0.239675 -0.146269 -0.015753 0.029683 -0.033359 0.317939 -0.144747 -0.057930 -0.165256 -0.297362 -0.087089 -0.130144 -0.316917 -0.052519 -0.095807 0.244277
-0.060916 -0.325478 0.471022 0.100283 0.576963 0.593461 0.483169 0.016945 0.181841 -0.124321 -0.049423 -0.103678 -0.088293 -0.023266 0.061711 -0.150313 -0.125618 -0.002242 0.197374 -0.008868 0.572959 0.475702 0.587495 0.242375 1.000000 0.658684 0.584268 0.583539 -0.319571 -0.187664 0.331673 0.177028 -0.185125 -0.111856 0.193344 0.098555 -0.211151 -0.150132 0.331463 0.183183 -0.114937 -0.065819 -0.008984 -0.108109 0.143712 0.129609 -0.111728 0.003873 0.129018 0.173970 0.054724 0.138869 0.026584 0.158483 -0.038106 0.046622 -0.101598 -0.070046 -0.021446 -0.161562 -0.213424 -0.383609 0.033564 -0.098565 -0.054870 -0.208411 -0.014315 0.071340 -0.227972 -0.287620 0.283855 0.054674 -0.424935 -0.188893 -0.259642 -0.102886 -0.215869 -0.173437 -0.173671 -0.132855 -0.118092 -0.077459 0.085010 -0.158872 -0.318147 -0.377226 0.408898 0.249652 -0.250826 -0.353090 0.104399 0.153527 -0.151343 -0.092186 0.027666 -0.000279 -0.156607 -0.353110 -0.063072 0.056681 -0.072677 0.024609 -0.196232 -0.061634 -0.093163 0.062700 -0.128728 -0.056973 -0.289964 -0.060822 -0.022704 -0.021899 -0.190183 -0.138961 0.201820 0.096706
0.077296 -0.357775 0.357420 0.316927 0.307891 0.524862 0.330128 0.270432 0.098076 0.042660 0.039518 -0.061984 0.051934 0.012004 0.042395 -0.014830 -0.282285 -0.219239 -0.110587 -0.243714 0.438419 0.621993 0.435965 0.421551 0.658684 1.000000 0.380295 0.557005 -0.295951 -0.178331 0.322216 0.421558 -0.323755 -0.137941 0.415837 0.226500 -0.263041 0.033174 0.393364 0.191370 -0.156287 -0.051487 0.062504 0.120805 0.040315 0.258202 -0.181171 0.005249 0.012481 0.051798 -0.015124 0.057256 -0.016863 -0.064949 0.102997 -0.077725 -0.159663 -0.334926 -0.148075 -0.326292 -0.268156 -0.345452 -0.034890 -0.280909 0.085495 -0.014047 -0.144008 0.137430 -0.427113 -0.501603 0.255834 0.194278 -0.349758 -0.056799 -0.086798 -0.109780 -0.220248 0.031767 -0.255174 -0.266924 -0.249074 -0.272182 -0.032773 -0.229540 -0.231953 -0.226726 0.141331 0.298156 -0.202034 -0.326074 0.104174 0.031951 0.044982 -0.121265 0.105814 0.064908 -0.071276 -0.227015 -0.148424 -0.048474 -0.029073 -0.002643 -0.106501 -0.003217 -0.077763 0.126560 -0.133479 -0.047140 -0.027427 0.080830 0.186528 -0.008485 -0.137322 -0.032984 0.223641 0.198100
0.076986 -0.292560 0.246994 0.302645 0.649021 0.817557 0.283270 0.154909 0.044434 -0.093123 0.255141 -0.102833 0.340755 0.029260 0.123253 0.081374 0.059185 0.103853 0.107366 -0.058231 0.887234 0.743316 0.389023 0.433246 0.584268 0.380295 1.000000 0.801419 -0.388593 -0.284403 -0.079071 -0.192551 -0.470006 -0.531931 -0.276434 -0.149082 -0.349990 -0.083240 0.605315 0.410180 -0.408254 -0.039465 0.215713 0.022452 0.092092 -0.152884 0.144376 -0.013774 0.041779 0.085595 -0.003896 0.045852 0.297154 0.149566 0.341157 0.191554 -0.026525 -0.273322 0.086433 0.042597 -0.094448 -0.149841 0.190487 -0.055622 -0.164205 -0.192478 -0.003809 -0.188840 -0.378249 -0.328694 0.195254 -0.109597 -0.597221 -0.307506 -0.546984 -0.390970 -0.518486 -0.527636 -0.230012 0.063260 0.054139 0.000752 0.063138 -0.212998 -0.295791 -0.246287 0.512648 0.280051 -0.177380 0.110574 0.214114 0.007095 -0.013520 -0.053646 -0.348563 -0.165596 -0.244146 -0.419420 0.101943 0.009863 0.021624 -0.168423 -0.044141 0.015088 -0.007561 0.390045 -0.119967 -0.028816 -0.096014 -0.230129 -0.252558 -0.089309 -0.130533 -0.136718 0.131984 0.308631
0.136060 -0.213003 0.266816 0.195690 0.487005 0.725746 0.291145 0.107179 0.001056 -0.096776 0.229279 -0.080873 0.290287 0.029943 0.246718 0.184348 -0.033455 0.090401 0.057373 -0.032230 0.667519 0.716799 0.345892 0.424071 0.583539 0.557005 0.801419 1.000000 -0.305549 -0.233657 0.061948 -0.094088 -0.441650 -0.554024 -0.045796 -0.137187 -0.346455 -0.010330 0.513985 0.397996 -0.269907 -0.019479 0.209950 0.052704 0.042082 -0.110238 -0.004143 0.035712 -0.018901 0.021694 -0.030668 0.038578 0.116053 0.051299 0.255236 0.084263 -0.052806 -0.207969 -0.112331 -0.176922 -0.293727 -0.346350 0.065094 -0.173023 -0.083745 -0.162332 -0.100538 -0.058601 -0.373337 -0.264952 0.220007 -0.010044 -0.545430 -0.208163 -0.427420 -0.321096 -0.477885 -0.428710 -0.181535 0.088284 0.101766 0.077807 0.169103 -0.100968 -0.155200 -0.127002 0.408455 0.194387 -0.028563 0.045684 0.113669 -0.048733 -0.020557 -0.102088 -0.268694 -0.330511 -0.113420 -0.300729 0.010495 -0.067665 0.027011 -0.206401 -0.269604 -0.025681 -0.200726 0.274433 -0.114883 -0.071901 -0.181395 -0.235318 0.032921 -0.099042 -0.155565 -0.151613 0.112440 0.271323
0.072408 0.308913 -0.495759 -0.478809 -0.486464 -0.508377 -0.384031 -0.370598 -0.424035 -0.248079 0.088415 0.084958 0.085000 0.179176 0.114904 -0.073517 0.242097 0.481928 0.183556 0.103352 -0.359933 -0.436674 -0.323279 -0.315423 -0.319571 -0.295951 -0.388593 -0.305549 1.000000 0.609335 0.089553 0.045138 0.246507 0.102865 0.023286 -0.085443 0.336855 0.239126 -0.295181 -0.083857 0.424541 0.164597 0.053271 0.111459 -0.044491 -0.180450 0.125420 0.282957 -0.190107 -0.030464 -0.228218 -0.149748 0.094135 0.143050 0.165229 0.117066 0.186532 0.330841 -0.259483 0.032392 -0.173052 -0.203792 0.288826 0.308636 -0.361250 -0.355467 -0.235336 -0.482723 0.066804 0.146760 -0.157628 -0.247247 0.746163 0.231986 0.299494 0.067028 0.399267 0.227757 0.627929 0.450458 0.371339 0.543561 0.323653 0.245472 0.282982 0.170500 -0.281652 -0.541015 -0.183699 0.083376 -0.332116 0.048770 -0.247744 0.022148 0.048691 0.091598 0.050861 0.267701 0.241309 0.353473 0.176747 0.176115 -0.086091 0.048235 -0.073765 -0.135691 -0.030962 0.086660 0.258358 0.161407 0.091776 0.284003 0.369390 0.397822 0.111999 -0.034140
-0.146346 0.307707 -0.593808 -0.329780 -0.443061 -0.409406 -0.351930 -0.254058 -0.449695 -0.233518 -0.180739 0.143476 -0.103580 0.165112 -0.246512 -0.014868 0.169746 0.515081 0.020852 0.113514 -0.194905 -0.222917 -0.321380 -0.269810 -0.187664 -0.178331 -0.284403 -0.233657 0.609335 1.000000 0.111616 0.137274 0.362553 0.298544 0.032789 -0.067311 0.446084 0.481923 -0.134462 0.049735 0.543241 0.343839 0.145521 0.224169 -0.039208 -0.038162 0.179364 0.222781 -0.166046 -0.136695 -0.226155 -0.155013 0.115056 0.104916 0.180383 0.265464 0.031384 0.175840 -0.272396 0.031828 -0.180892 -0.009657 0.357242 0.427833 -0.524294 -0.218998 -0.238545 -0.379303 -0.199943 -0.134494 -0.149462 -0.178086 0.762081 0.449757 0.417744 0.259217 0.330899 0.216386 0.501624 0.312134 0.257185 0.455772 -0.068922 0.348971 -0.156912 -0.186508 -0.290492 -0.508785 -0.404718 -0.098934 -0.214403 -0.067990 -0.155939 0.046144 0.195208 0.285717 0.081454 0.018174 0.315009 0.199541 0.129887 -0.015764 -0.019525 0.015306 0.071154 0.008898 -0.026164 -0.096770 0.277460 0.267178 0.002878 0.297052 0.410482 0.376816 0.177877 0.064029
0.231553 0.151607 0.165165 0.002371 -0.146149 -0.037154 0.311518 0.014557 -0.214798 -0.272368 -0.020232 0.218896 -0.020323 0.063716 -0.001928 -0.251532 -0.176970 0.031784 0.449085 -0.065373 -0.021018 0.069377 0.220835 -0.135975 0.331673 0.322216 -0.079071 0.061948 0.089553 0.111616 1.000000 0.684688 0.179927 0.307791 0.232505 -0.046374 -0.101144 -0.277819 -0.078220 -0.276833 0.080362 -0.115668 0.228397 0.342059 -0.112366 -0.028839 0.023446 0.150934 -0.042829 -0.056917 -0.046028 -0.095442 -0.164275 0.085965 -0.135431 -0.032730 0.008675 0.014430 -0.224063 -0.392383 -0.009150 -0.283573 0.020948 0.015440 0.147123 -0.160896 -0.280516 -0.176840 -0.120107 -0.197906 0.255295 0.246542 0.053926 0.202022 0.274347 0.215072 0.273847 0.161475 0.023786 -0.162068 -0.186585 0.025154 0.040300 0.085067 -0.074782 -0.192364 0.220103 -0.076402 -0.113708 -0.309087 -0.189506 0.107799 -0.191773 -0.048912 0.107409 0.086501 -0.067746 -0.215769 -0.262576 -0.007780 0.005177 0.098673 -0.370141 -0.074955 -0.215401 -0.351078 -0.338796 -0.174561 -0.028056 0.239224 0.128552 -0.038498 0.069238 0.054395 0.407803 -0.392889
0.100850 -0.022484 -0.045221 0.250080 -0.277157 -0.029943 0.161981 0.358389 -0.236601 -0.101504 0.024682 0.336280 0.049928 0.249928 -0.232276 -0.078289 -0.254248 -0.221122 -0.012888 -0.301427 -0.014955 0.190110 0.000088 0.019282 0.177028 0.421558 -0.192551 -0.094088 0.045138 0.137274 0.684688 1.000000 -0.003154 0.521684 0.487651 0.287850 -0.054560 -0.093027 -0.035179 -0.123201 0.123221 -0.113689 0.210781 0.330247 -0.048812 0.331309 -0.074192 0.087941 -0.049684 -0.122221 -0.124587 -0.127676 -0.090392 -0.147508 -0.134137 -0.172458 -0.066521 -0.335701 -0.211343 -0.384550 0.029302 0.038651 -0.006829 -0.155996 0.142521 0.243125 -0.249394 0.078561 -0.285887 -0.431406 0.192670 0.384933 0.177978 0.256545 0.358853 0.324750 0.285921 0.442797 -0.147561 -0.270742 -0.420429 -0.331590 -0.133307 -0.075906 -0.207134 -0.057142 -0.039604 0.112840 -0.225835 -0.336957 -0.130384 -0.038806 0.036912 -0.222284 0.210092 0.418650 -0.069377 -0.064193 -0.358715 -0.130738 0.089124 0.111904 -0.210542 -0.070845 -0.158569 -0.308944 -0.158647 -0.227424 -0.026557 0.333698 0.175147 0.005619 0.115132 0.070971 0.396061 -0.126023
-0.079781 0.456748 -0.316396 -0.524110 -0.430142 -0.549668 -0.129518 -0.321083 -0.141386 -0.170170 -0.365952 0.090476 -0.382576 -0.001248 -0.376125 -0.235132 0.141357 0.175313 0.246476 0.210374 -0.430920 -0.460122 -0.375683 -0.606610 -0.185125 -0.323755 -0.470006 -0.441650 0.246507 0.362553 0.179927 -0.003154 1.000000 0.605156 0.159346 -0.162911 0.236638 -0.009487 -0.503317 -0.203673 0.158237 -0.107042 -0.261771 -0.072952 0.089386 0.127683 0.026442 -0.017165 0.183178 0.122827 0.145838 0.237893 -0.153527 0.152688 -0.164453 0.109057 0.111005 0.420082 0.130094 0.248212 0.197681 0.130253 0.162553 0.334267 -0.208050 -0.034254 0.306609 0.077839 0.360384 0.280359 -0.169825 -0.137984 0.366791 0.121359 0.235667 0.244393 0.366441 0.141194 0.327143 -0.022151 0.015705 0.188870 -0.265111 0.107925 -0.164570 -0.234569 -0.303140 -0.269362 -0.235221 -0.154067 -0.338250 -0.110951 -0.291014 -0.027040 0.245211 0.110528 0.313720 0.071202 0.069229 -0.013833 -0.210351 -0.041972 0.004267 -0.131986 0.165910 -0.319535 0.035376 -0.105896 0.024914 0.285695 -0.119334 0.011173 0.092356 0.025075 -0.112669 -0.272053
-0.095134 0.354290 -0.244455 -0.157655 -0.470329 -0.494820 -0.092698 0.056022 -0.170077 -0.095389 -0.264419 0.386423 -0.305994 0.256940 -0.458974 -0.126155 -0.115327 -0.143849 0.022722 0.099022 -0.374886 -0.320827 -0.325563 -0.454772 -0.111856 -0.137941 -0.531931 -0.554024 0.102865 0.298544 0.307791 0.521684 0.605156 1.000000 0.462180 0.274165 0.286265 -0.026855 -0.363431 -0.186740 0.222510 -0.078202 -0.035000 0.119002 -0.066363 0.370683 -0.102707 -0.110372 -0.007934 -0.142067 -0.060165 0.002576 -0.344189 -0.232188 -0.378720 -0.175791 -0.023166 0.136576 -0.057007 -0.049399 0.184070 0.321742 0.017995 0.069963 0.009121 0.398653 0.074912 0.354685 0.188327 0.012855 -0.046328 0.140446 0.369528 0.283795 0.491380 0.515268 0.523711 0.573941 0.005618 -0.308410 -0.410094 -0.297686 -0.390212 0.016607 -0.207298 -0.217114 -0.295854 -0.105163 -0.195724 -0.405034 -0.196229 -0.100871 -0.002144 -0.138892 0.434238 0.552054 0.132127 0.023690 -0.358730 -0.112832 -0.178819 -0.049132 -0.109637 -0.122465 0.126090 -0.388750 -0.051351 -0.142399 -0.052313 0.525364 0.019326 0.108065 0.235401 0.144267 0.114415 -0.241065
0.004658 0.044923 0.004584 -0.009201 -0.330476 -0.162409 -0.002874 0.040262 -0.186504 -0.229678 -0.125799 0.112494 -0.168281 0.129694 -0.221553 -0.093773 -0.314550 -0.327523 0.013851 -0.031922 -0.124005 0.050827 -0.024877 -0.135217 0.193344 0.415837 -0.276434 -0.045796 0.023286 0.032789 0.232505 0.487651 0.159346 0.462180 1.000000 0.391060 0.052844 -0.058983 0.025077 0.096356 0.181186 -0.067642 -0.025698 0.029441 0.022890 0.330764 -0.240181 -0.001546 -0.020985 -0.047030 -0.094625 -0.010775 -0.190048 -0.196400 -0.165929 -0.272690 -0.078799 0.011253 -0.057206 -0.106718 -0.091949 -0.041507 0.001895 -0.119307 0.037922 0.101458 0.039358 0.343868 -0.084837 -0.142234 0.038990 0.253301 0.019235 0.129299 0.239272 0.180631 0.120395 0.371379 -0.156681 -0.317409 -0.396678 -0.277627 0.058388 0.015372 -0.031819 -0.164963 -0.038131 0.074290 -0.204372 -0.423146 -0.156198 0.081251 -0.053610 -0.190063 0.400196 0.390603 0.134417 0.104704 -0.265510 0.066466 -0.182663 0.230633 -0.107911 0.066876 -0.054556 -0.152387 0.055364 -0.095167 -0.038519 0.283776 0.481276 0.218262 0.149188 0.132181 0.191209 0.043823
-0.342901 -0.227755 0.018669 0.197198 0.035796 0.067088 -0.066630 0.274873 0.063051 0.231853 -0.231643 0.027517 -0.279271 -0.028192 -0.128012 0.121806 -0.179415 -0.229339 -0.408791 -0.109945 -0.108099 0.020290 0.046636 0.191174 0.098555 0.226500 -0.149082 -0.137187 -0.085443 -0.067311 -0.046374 0.287850 -0.162911 0.274165 0.391060 1.000000 -0.114620 -0.116959 -0.024824 0.023876 0.072452 0.053114 -0.034576 -0.076767 -0.004946 0.329164 -0.299405 0.074084 0.047043 -0.027304 -0.020586 0.018760 -0.089511 -0.194448 -0.274759 -0.295822 -0.293384 -0.329569 -0.025800 -0.037925 -0.266871 0.034167 -0.197127 -0.217996 -0.121511 0.289384 0.056293 0.447683 -0.261208 -0.232741 0.077876 0.380279 0.047059 0.088437 0.076487 0.115302 0.019954 0.384513 -0.177385 -0.235231 -0.134885 -0.272686 -0.074915 0.002491 -0.257295 -0.079588 -0.193457 0.114303 -0.159836 -0.276730 0.277954 0.085153 0.245969 -0.177901 0.192564 0.245293 -0.154728 0.028444 -0.171277 0.055610 0.100017 0.067331 0.059100 -0.110753 0.132281 -0.011951 0.234371 0.006193 0.133529 0.056377 0.230109 0.100286 0.095506 0.055724 0.127529 0.190667
