1.000000 0.347943 0.336158 -0.389865 -0.003101 -0.192645 0.131001 -0.401812 -0.048218 -0.145878 0.514636 0.288458 0.595640 0.387599 0.172054 -0.063581 0.012233 0.094018 0.231235 0.119896 0.022647 -0.284774 0.224044 -0.433579 -0.020943 -0.136986 -0.047145 -0.074473 -0.178279 -0.178294 -0.161913 -0.409667 0.137476 0.190557 -0.146273 0.109954 -0.156693 0.017846 -0.131537 -0.071189 -0.138676 -0.104946 0.078166 0.161948 0.016841 0.032728 0.063769 0.198552 0.423289 0.126268 -0.216530 0.264202 0.256802 0.201986 0.144733 0.254396 0.505110 0.192158 0.124582 -0.241988 0.381275 0.261195 -0.177652 -0.059346 -0.308844 -0.043231 -0.161025 -0.225594 -0.033290 0.089074 0.056453 0.039835 0.039831 0.015442 0.037196 0.048798 0.284565 0.025468 0.191165 -0.175605 -0.239128 -0.190794 -0.230414 -0.359810 -0.548262 -0.566613 -0.044318 -0.187933 -0.173584 0.000597 0.004469 0.303451 -0.352370 0.056935 -0.207972 -0.134726 -0.055405 -0.453222 0.191433 0.224552 -0.130780 0.010849 -0.169769 -0.240637 -0.256037 -0.478075 -0.120055 -0.337219 0.059938 -0.106090 -0.305035 -0.243909 0.151815 -0.221460 -0.209160 -0.387432
0.347943 1.000000 -0.050250 -0.190684 -0.225538 -0.249686 -0.133221 -0.168962 -0.370010 -0.535645 0.028191 0.133163 0.199318 0.339089 -0.139130 -0.242213 -0.223304 0.132741 -0.284292 0.388997 -0.050878 -0.089517 -0.098505 -0.302607 -0.305539 -0.200092 -0.143366 -0.042256 -0.186029 0.049570 -0.326218 -0.527836 0.036657 0.149997 -0.239233 0.007354 -0.019399 0.199072 0.043042 0.003850 0.216598 0.102730 -0.032567 0.060298 -0.125898 -0.074316 0.027710 0.088228 0.132132 0.020364 -0.097506 0.200237 0.151581 0.060560 0.030161 0.212302 -0.145108 0.505156 0.316469 0.475552 0.348332 0.516279 0.084126 0.374715 -0.459713 -0.171569 0.158067 -0.247442 0.215726 0.492933 -0.233020 -0.107222 -0.136704 -0.220601 -0.350620 -0.146033 -0.109220 -0.028044 0.147602 0.069080 -0.019037 0.086793 0.020482 0.083723 -0.240320 -0.488272 0.019772 0.097851 -0.024553 0.039408 -0.008296 0.004576 -0.115425 0.201652 0.105483 -0.205151 0.003756 -0.153498 0.166352 -0.106064 0.458234 0.094696 -0.022820 -0.096139 -0.177845 -0.078616 0.439794 0.224721 -0.054006 -0.164296 -0.149865 0.046397 0.288616 0.042921 0.011130 0.044664
0.336158 -0.050250 1.000000 -0.133906 0.090946 0.263758 0.394854 -0.059454 0.048781 -0.017820 0.216496 0.050774 0.309607 0.011582 0.229091 -0.003947 0.055382 -0.129887 0.351396 0.138632 0.215578 0.020987 0.544693 0.226872 0.392645 0.300934 0.440081 0.268480 -0.279386 -0.413740 0.257602 0.012966 -0.103426 -0.014516 0.283558 0.241365 -0.313940 -0.365907 0.187441 0.023834 -0.320222 -0.093758 -0.048496 -0.021381 -0.013284 0.033158 -0.127016 0.040113 0.072844 -0.080011 0.000523 -0.103320 0.112638 0.003888 -0.084411 0.071858 0.180550 0.227991 -0.213827 -0.363410 -0.104729 -0.268172 -0.355540 -0.263550 0.176988 -0.051255 -0.183366 0.173085 -0.040566 -0.025944 -0.005319 0.104420 -0.185195 -0.083940 -0.018519 -0.024837 0.079300 -0.002345 -0.007671 -0.068237 -0.262709 -0.295023 -0.061150 -0.416094 -0.272512 -0.403575 0.026000 -0.165012 0.291175 0.058307 0.062735 0.190238 -0.147668 0.056866 -0.302279 -0.311254 0.185197 -0.181892 -0.050224 -0.168543 -0.304747 0.003707 -0.135067 0.021869 -0.112368 -0.243522 -0.151760 -0.100769 -0.084060 -0.268643 0.128752 -0.382997 -0.302502 -0.116253 -0.250579 -0.276379
-0.389865 -0.190684 -0.133906 1.000000 0.136687 0.485525 0.209425 0.757360 0.122318 0.379072 -0.421565 -0.213477 -0.353721 -0.167358 0.036415 0.258615 -0.083934 -0.210147 0.140258 0.013223 -0.183062 -0.021834 0.086695 0.480234 0.108543 0.134384 0.263810 0.110462 -0.074533 -0.055939 0.011213 0.344575 -0.372454 0.016606 0.075967 0.097390 0.007835 -0.254671 0.095168 0.189042 -0.209120 -0.059840 -0.143827 -0.216380 -0.143705 -0.062353 -0.187158 -0.245550 -0.501140 -0.184137 -0.095894 -0.219693 0.030244 -0.087601 -0.419173 -0.208025 -0.023644 -0.098661 0.008563 -0.049929 -0.459350 -0.212078 -0.062916 -0.160352 0.079178 0.273978 -0.145048 0.110176 -0.097115 -0.067810 0.046514 -0.087298 -0.262738 -0.059579 -0.110627 0.005129 -0.311694 -0.227407 -0.192126 0.017351 0.225743 0.070382 0.197362 0.200505 0.320666 0.259544 0.196686 0.133561 0.185769 0.219207 0.497856 0.058008 0.317147 0.045815 -0.023975 0.021008 -0.322609 0.046652 -0.028228 -0.036035 -0.283664 -0.064803 -0.133269 -0.111341 0.045307 0.231718 0.068698 0.143905 -0.136638 -0.036705 0.060819 0.080500 -0.134126 -0.109938 0.068687 -0.000104
-0.003101 -0.225538 0.090946 0.136687 1.000000 0.570703 0.282484 0.215802 0.917989 0.753423 0.056769 0.102303 0.259107 0.224654 0.721117 0.708792 0.064005 -0.043206 0.304335 0.187817 -0.406388 -0.203321 -0.107486 0.000288 0.007003 -0.179585 0.403023 -0.219194 -0.134597 0.093276 -0.369102 -0.057993 -0.310200 -0.058367 -0.192718 0.128052 -0.096507 -0.352570 0.107756 -0.304018 -0.141049 0.062968 -0.342446 -0.468987 -0.267331 -0.244737 -0.417351 -0.449683 0.038599 -0.354749 -0.197579 -0.186693 0.130667 -0.280788 -0.321645 -0.487545 -0.068941 0.058224 0.174996 0.048923 0.087379 0.087136 -0.160104 -0.098710 0.157597 0.418214 -0.090494 0.319413 -0.351152 0.114280 0.064106 -0.080147 -0.151631 0.109802 -0.025329 0.062485 -0.061847 -0.288278 -0.123306 0.127309 -0.151686 -0.048818 0.148098 0.280297 -0.092164 0.027324 -0.128420 -0.555154 0.257033 0.142410 0.492634 0.440332 0.508576 0.452512 -0.272619 -0.244833 -0.519244 -0.241579 -0.138824 -0.193806 -0.321471 -0.016137 -0.201452 -0.021348 0.222547 0.248312 0.025734 0.188505 -0.207886 -0.249355 -0.165801 0.096402 0.051070 -0.113690 0.298511 -0.054215
-0.192645 -0.249686 0.263758 0.485525 0.570703 1.000000 0.143304 0.390332 0.548232 0.569709 -0.193205 -0.093594 0.023243 -0.087283 0.507922 0.563927 -0.080525 -0.357080 0.035386 -0.187361 0.078664 0.250049 0.292332 0.377680 0.425929 0.371803 0.735710 0.403428 -0.209641 -0.284745 0.035007 0.172616 -0.541443 -0.169060 0.130500 0.207848 -0.188394 -0.459278 0.210612 0.124927 -0.398558 0.076245 -0.172731 -0.316321 -0.210687 -0.106120 -0.294606 -0.295106 -0.146412 -0.244313 0.016055 -0.160904 0.202600 -0.019348 -0.439030 -0.239459 -0.109364 0.005820 0.085140 -0.015698 -0.192933 -0.063461 -0.195231 -0.204246 0.274920 0.437405 -0.246045 0.161506 -0.422253 -0.120092 0.198037 0.068793 -0.366605 0.003908 -0.101907 0.006757 -0.337683 -0.238007 -0.222551 0.092494 -0.138435 -0.219842 0.115198 -0.013719 0.043717 -0.004186 -0.038598 -0.301305 0.354174 0.298086 0.498110 0.209264 0.385675 0.232296 -0.239215 -0.280918 -0.207191 -0.237849 -0.050261 -0.321140 -0.406689 -0.127071 -0.296936 0.007344 -0.050801 0.085281 0.048779 0.146849 -0.278510 -0.350611 0.002605 -0.122116 -0.294518 -0.255683 0.020824 -0.232936
0.131001 -0.133221 0.394854 0.209425 0.282484 0.143304 1.000000 0.468759 0.200252 0.245778 0.196927 0.326313 0.235980 0.278784 0.201214 0.244545 0.015224 0.079295 0.491350 0.286792 -0.330241 -0.363110 0.033468 -0.007096 -0.095167 -0.365522 0.158241 -0.313084 -0.185700 0.117926 -0.060693 0.039174 0.064706 0.196161 -0.084877 -0.039144 -0.494048 -0.542775 -0.346178 -0.387813 -0.340510 -0.543610 0.000552 0.004478 0.120995 0.145816 -0.085104 -0.064949 -0.060685 0.069717 -0.068192 0.027805 -0.014675 -0.072622 -0.416637 -0.214545 0.073389 0.158552 -0.126233 -0.303382 -0.043615 -0.084772 -0.272548 -0.221310 0.411415 0.219109 -0.053788 0.222654 -0.185792 0.126356 -0.202345 -0.304270 -0.110965 -0.181442 -0.143611 -0.126706 -0.074100 -0.328231 -0.154845 0.043121 -0.236990 -0.096134 -0.196159 -0.070781 -0.155355 -0.112008 -0.258129 -0.326851 0.078631 -0.090247 0.247197 0.181420 -0.005162 0.031580 -0.136328 -0.164969 -0.300300 -0.195851 0.038796 -0.098722 -0.303140 0.088216 -0.102340 0.046135 0.126436 -0.016188 0.128626 0.159399 0.018027 -0.158031 -0.199840 -0.080217 0.080302 -0.058894 0.031760 -0.051591
-0.401812 -0.168962 -0.059454 0.757360 0.215802 0.390332 0.468759 1.000000 0.154774 0.404577 -0.429636 -0.083011 -0.332356 -0.081251 -0.060283 0.181104 -0.245542 -0.262768 0.110602 -0.002345 -0.318353 -0.151890 -0.113507 0.273048 -0.043457 -0.057277 0.174610 -0.042003 -0.169818 -0.049023 -0.063047 0.247972 -0.314197 -0.055058 0.140882 -0.005477 -0.192585 -0.445120 -0.207602 0.065916 -0.413070 -0.251081 -0.034254 -0.070504 0.115288 0.113977 -0.039840 -0.163292 -0.318035 0.029584 0.105687 -0.015765 -0.000473 -0.063174 -0.433390 -0.135158 -0.106643 -0.107569 -0.009385 -0.019498 -0.398250 -0.167057 -0.238920 -0.269128 0.233237 0.408946 0.051690 0.259041 -0.009434 -0.040545 -0.072876 -0.161850 -0.258150 -0.136264 -0.220570 -0.124664 -0.297012 -0.305572 -0.261979 -0.084126 -0.030882 -0.120083 0.089641 0.146282 0.119799 0.197394 0.082623 0.129506 0.150454 0.030722 0.424404 0.054969 0.434045 0.121309 0.181002 0.106360 -0.284244 0.098111 0.040189 -0.023456 -0.134973 0.145211 -0.129285 0.076681 0.145095 0.138619 0.202340 0.140097 -0.182233 -0.057920 -0.004873 0.062935 -0.033522 0.037203 0.046296 -0.036964
-0.048218 -0.370010 0.048781 0.122318 0.917989 0.548232 0.200252 0.154774 1.000000 0.801959 0.063676 0.102012 0.253696 0.140064 0.782019 0.759025 0.070946 -0.081182 0.238337 -0.006825 -0.242562 -0.108374 -0.027716 0.092551 0.074228 -0.022971 0.329250 -0.173399 -0.088906 0.042355 -0.170052 0.059917 -0.234589 -0.084656 -0.155473 0.078687 -0.062556 -0.313523 0.148470 -0.281897 -0.053473 0.028832 -0.275297 -0.381094 -0.292909 -0.229629 -0.387946 -0.404665 -0.037225 -0.330106 -0.218053 -0.247047 0.066132 -0.311619 -0.295654 -0.468633 0.004365 -0.030079 0.064074 -0.087717 0.093004 0.062048 -0.111262 -0.095837 0.216659 0.439563 -0.270161 0.252050 -0.480612 -0.065232 0.058381 -0.048279 -0.114407 0.148106 0.042272 0.131723 -0.017030 -0.243274 -0.107055 0.139253 -0.144369 -0.056327 0.116140 0.214930 -0.029643 0.080625 -0.146949 -0.555462 0.231582 0.218619 0.419991 0.376981 0.478555 0.304799 -0.359903 -0.167329 -0.510322 -0.261129 -0.160678 -0.181018 -0.380618 -0.006854 -0.193101 0.008496 0.261368 0.228585 -0.150096 0.079038 -0.207299 -0.218920 -0.144102 0.049735 0.005287 -0.119495 0.301481 -0.033659
-0.145878 -0.535645 -0.017820 0.379072 0.753423 0.569709 0.245778 0.404577 0.801959 1.000000 -0.006655 0.134537 0.132446 0.170780 0.585232 0.705115 -0.086780 -0.235268 0.241713 -0.161930 -0.175459 -0.061075 -0.053931 0.103193 0.191647 0.008570 0.222240 -0.163423 -0.067110 -0.018983 -0.106491 0.141609 -0.271782 -0.084062 0.060100 0.115346 -0.070957 -0.384239 -0.071668 -0.267123 -0.248166 -0.022935 -0.201441 -0.342205 -0.158807 -0.123724 -0.281955 -0.337276 -0.097085 -0.232144 -0.080158 -0.163599 0.097939 -0.180136 -0.360371 -0.421102 0.005549 -0.288040 0.157322 -0.097352 -0.069951 0.039888 -0.202086 -0.234272 0.291930 0.562937 -0.234500 0.280822 -0.396981 -0.225802 0.171972 -0.007261 -0.154999 0.231785 0.114189 0.185701 -0.098362 -0.272293 -0.258250 -0.006522 -0.133201 -0.120974 0.081477 0.117624 0.099854 0.261156 -0.011902 -0.368278 0.200566 0.181630 0.410784 0.296797 0.499169 0.198619 -0.153305 -0.003578 -0.523062 -0.206317 -0.189363 -0.105409 -0.437407 -0.121457 -0.199492 0.035817 0.179808 0.058107 -0.237143 -0.061792 -0.100184 -0.117011 -0.126464 -0.148065 -0.104007 -0.138010 0.055729 -0.205773
0.514636 0.028191 0.216496 -0.421565 0.056769 -0.193205 0.196927 -0.429636 0.063676 -0.006655 1.000000 0.413372 0.698281 0.413719 0.217572 0.002951 0.389005 0.470641 0.029084 0.012294 0.023906 -0.141376 0.110839 -0.252162 -0.040312 -0.239002 0.025616 -0.101877 -0.026244 0.105327 0.035166 -0.090348 0.172582 0.221224 -0.129925 -0.061777 -0.193801 -0.115928 -0.160590 -0.341596 0.073953 -0.082115 0.000185 0.080724 0.078009 -0.025959 -0.052903 0.009688 0.275309 0.068491 -0.122531 0.054261 -0.107767 -0.013383 0.134459 -0.043373 0.207414 0.105824 -0.045228 -0.204453 0.380341 0.142968 0.192971 0.201696 0.157911 -0.104859 -0.121316 -0.255894 -0.050484 -0.022935 0.083806 0.049189 0.219359 0.237014 0.241622 0.240356 0.374812 0.038583 0.251868 -0.046769 0.003229 0.022623 -0.454038 -0.236283 -0.303047 -0.092272 -0.381141 -0.361974 -0.223971 -0.124477 -0.341069 -0.188044 -0.379547 -0.287496 -0.418412 -0.202008 -0.108184 -0.339556 -0.090224 -0.053026 -0.181978 -0.177325 0.263816 -0.021668 -0.029819 -0.295327 -0.320625 -0.304377 0.061608 -0.038126 -0.395398 -0.125145 0.115471 -0.064687 -0.123875 -0.240657
0.288458 0.133163 0.050774 -0.213477 0.102303 -0.093594 0.326313 -0.083011 0.102012 0.134537 0.413372 1.000000 0.446309 0.766192 0.151805 0.339983 -0.259008 0.130310 0.067916 -0.006595 -0.019603 -0.217881 -0.102218 -0.276250 -0.154767 -0.316568 -0.157496 -0.384291 -0.120454 0.281605 -0.012574 -0.058924 0.276608 0.285872 -0.066616 0.125713 -0.184431 -0.148485 -0.318544 -0.375956 -0.016081 -0.185694 -0.057517 0.034545 0.046409 0.065553 -0.031747 -0.007601 0.292659 0.073842 -0.062639 0.138609 0.062438 -0.011440 -0.012982 0.034681 -0.151862 -0.283272 0.261712 -0.074004 0.356628 0.379862 -0.071691 0.034580 0.127836 0.260164 0.025259 0.079540 -0.154689 0.020367 -0.087782 -0.040210 0.188212 0.210571 0.112989 0.274717 0.077652 -0.015369 0.047954 -0.162659 -0.250843 -0.189556 -0.173788 -0.066778 -0.165071 -0.134299 -0.088526 -0.233072 -0.234629 -0.123685 -0.108704 -0.118062 -0.261079 -0.272415 -0.089784 0.033335 -0.280731 -0.366623 -0.121981 -0.239305 -0.186001 -0.053405 -0.187118 -0.038100 -0.155822 -0.114090 -0.144519 -0.172223 -0.043351 -0.036953 -0.362832 -0.176138 0.188663 -0.278081 0.061313 -0.081638
0.595640 0.199318 0.309607 -0.353721 0.259107 0.023243 0.235980 -0.332356 0.253696 0.132446 0.698281 0.446309 1.000000 0.625448 0.568500 0.268027 0.103156 0.234619 0.071290 0.139402 0.099608 -0.128854 0.352522 -0.180087 0.136058 -0.164698 0.196095 -0.091903 -0.192082 0.003027 -0.126770 -0.335939 0.047503 0.245495 -0.190538 0.238879 -0.358409 -0.111613 -0.024725 -0.385037 0.066662 -0.199231 -0.238395 -0.160684 -0.204473 -0.233794 -0.198166 -0.165085 0.201061 -0.140656 -0.330700 -0.080228 0.084698 -0.102238 -0.039603 -0.168449 0.085066 0.178662 0.239085 -0.153169 0.561268 0.400580 -0.054184 0.095499 0.171462 0.206152 -0.316259 -0.223401 -0.064087 0.100149 -0.057138 -0.059863 -0.067191 0.049733 0.016815 0.061155 0.139087 -0.024603 0.085717 -0.071096 -0.149308 -0.168322 -0.167666 -0.281286 -0.231004 -0.443733 -0.126592 -0.356347 0.175629 0.199768 0.003552 0.196012 -0.140730 0.065233 -0.365472 -0.274897 -0.279568 -0.378271 -0.172149 -0.079286 -0.080938 -0.082397 -0.126758 -0.246552 -0.180433 -0.135543 -0.103738 -0.138909 0.130896 -0.031757 -0.329816 -0.201812 0.227046 -0.181218 0.032069 -0.059882
0.387599 0.339089 0.011582 -0.167358 0.224654 -0.087283 0.278784 -0.081251 0.140064 0.170780 0.413719 0.766192 0.625448 1.000000 0.349189 0.295301 -0.215003 0.120045 0.054297 0.227077 -0.148280 -0.276185 -0.109455 -0.332267 -0.104878 -0.383499 -0.112804 -0.386118 -0.193587 0.242946 -0.338160 -0.366837 0.062922 0.225346 -0.126111 0.239674 -0.236178 -0.002075 -0.227998 -0.385759 0.020659 -0.206139 -0.111324 -0.044708 -0.071535 -0.053782 0.010270 0.002754 0.215477 -0.037899 -0.185549 0.068378 0.077364 -0.033577 -0.015638 -0.019533 -0.135208 -0.061725 0.401993 0.015114 0.389820 0.571842 -0.195273 -0.000064 0.065451 0.374666 -0.087386 -0.054789 -0.056283 0.213736 -0.221381 -0.249143 -0.019917 0.003828 -0.042229 0.098041 -0.049382 -0.147709 -0.007544 -0.133728 -0.200163 -0.172610 -0.068963 -0.057095 -0.010821 -0.230384 0.012074 -0.246323 0.007439 0.049843 0.008056 0.074379 -0.104517 0.061608 -0.049820 -0.004654 -0.300585 -0.321273 -0.102761 -0.203059 -0.030617 -0.000129 -0.267439 -0.118658 -0.113338 0.004297 0.039185 0.004607 0.114849 0.082293 -0.316083 -0.056434 0.330272 -0.165725 0.177179 0.052993
0.172054 -0.139130 0.229091 0.036415 0.721117 0.507922 0.201214 -0.060283 0.782019 0.585232 0.217572 0.151805 0.568500 0.349189 1.000000 0.702112 0.074820 -0.050576 0.252502 0.119593 0.028531 -0.014358 0.305949 0.105319 0.224922 0.084328 0.433453 0.008681 -0.068156 -0.069025 -0.101445 -0.106918 -0.208425 -0.003527 -0.149561 0.232609 -0.208128 -0.300649 0.202792 -0.248779 0.038779 -0.019269 -0.408059 -0.455779 -0.458125 -0.418501 -0.412527 -0.430049 -0.050772 -0.430439 -0.345949 -0.322997 0.065358 -0.293893 -0.261797 -0.390402 -0.002562 0.128390 0.192795 -0.116366 0.199763 0.173319 -0.191910 -0.081584 0.257763 0.374433 -0.408346 -0.010229 -0.347388 0.033252 0.089464 -0.016936 -0.124839 0.084812 0.031945 0.132026 0.011100 -0.148917 0.035460 0.176922 -0.114397 -0.082522 0.277509 0.025402 0.099897 -0.179246 0.069778 -0.383333 0.507706 0.396125 0.321308 0.363906 0.232071 0.238617 -0.389473 -0.265180 -0.411179 -0.305138 -0.286529 -0.293345 -0.338614 -0.036355 -0.328581 -0.086243 0.050596 0.096758 -0.144175 0.030803 -0.030755 -0.135114 -0.091170 -0.069014 0.029631 -0.201546 0.186549 -0.063760
-0.063581 -0.242213 -0.003947 0.258615 0.708792 0.563927 0.244545 0.181104 0.759025 0.705115 0.002951 0.339983 0.268027 0.295301 0.702112 1.000000 -0.196731 -0.136431 0.258588 0.044695 -0.118248 -0.065626 0.028328 0.124839 0.013868 -0.008640 0.225842 -0.186745 0.005862 0.141176 -0.022288 0.194691 -0.050657 0.173017 -0.106850 0.175864 -0.004641 -0.325963 0.167474 -0.214203 -0.024606 0.037602 -0.402742 -0.472641 -0.371967 -0.317189 -0.462205 -0.495448 -0.072202 -0.380340 -0.242084 -0.214616 0.116149 -0.264463 -0.362712 -0.460535 -0.174710 -0.251418 0.265982 -0.009280 0.169869 0.133044 -0.089834 -0.094638 0.106710 0.395866 -0.131761 0.196383 -0.496865 -0.017413 0.078756 -0.017924 -0.084229 0.181744 0.050867 0.195905 -0.106678 -0.123514 -0.205014 0.050804 -0.136632 -0.078347 0.281972 0.365102 0.093344 0.073704 -0.016172 -0.506569 0.187523 0.142553 0.331625 0.130074 0.188597 0.063627 -0.252851 -0.169142 -0.534305 -0.227571 -0.316220 -0.328107 -0.464895 -0.100058 -0.379198 -0.131860 0.033194 0.228662 -0.074985 0.158151 -0.140704 -0.250725 -0.261818 -0.101525 -0.129846 -0.370166 0.211324 -0.056488
0.012233 -0.223304 0.055382 -0.083934 0.064005 -0.080525 0.015224 -0.245542 0.070946 -0.086780 0.389005 -0.259008 0.103156 -0.215003 0.074820 -0.196731 1.000000 0.662075 0.129377 0.123656 -0.198205 -0.077022 0.016192 0.092809 -0.105673 -0.207486 0.144869 0.005872 0.424223 0.322550 -0.019773 0.168826 0.030682 0.062121 -0.316551 -0.198618 0.116149 -0.079890 0.057687 -0.236034 0.205214 0.039895 -0.207854 -0.246343 -0.173684 -0.275725 -0.287592 -0.248744 -0.212793 -0.268999 -0.249022 -0.394038 -0.287318 -0.350675 0.042996 -0.347199 0.192957 0.307632 -0.105251 -0.000952 0.047317 -0.145581 0.507720 0.409990 0.134144 -0.328630 -0.008766 -0.251832 0.118428 -0.025703 0.180405 -0.060328 0.373817 0.216839 0.339896 0.119196 0.321482 0.085742 0.456063 0.490619 0.619880 0.605434 -0.216432 0.062604 0.148692 0.280691 -0.294257 -0.224529 -0.040836 -0.015147 -0.177245 -0.118587 -0.138870 -0.051873 -0.296777 -0.183301 -0.120849 -0.011991 -0.205469 0.025716 -0.151342 -0.244665 0.491016 0.009527 0.221088 0.121797 -0.192136 -0.046592 0.060225 0.043402 -0.136882 0.172263 0.046429 0.009988 -0.001721 0.089290
0.094018 0.132741 -0.129887 -0.210147 -0.043206 -0.357080 0.079295 -0.262768 -0.081182 -0.235268 0.470641 0.130310 0.234619 0.120045 -0.050576 -0.136431 0.662075 1.000000 0.070382 0.141980 -0.273829 -0.198354 -0.134477 -0.189138 -0.442414 -0.532482 -0.074595 -0.226418 0.460166 0.671386 -0.065171 0.100240 0.331093 0.382540 -0.363648 -0.200874 0.194542 0.033071 -0.089217 -0.367237 0.352882 0.074126 -0.375964 -0.360002 -0.271117 -0.436071 -0.367173 -0.417507 -0.166713 -0.336280 -0.347727 -0.294404 -0.337824 -0.402934 0.138706 -0.298894 0.049133 0.356212 0.132509 0.183387 0.392759 0.197275 0.562216 0.593570 -0.052323 -0.434982 0.235743 -0.427597 0.200826 0.070628 0.252549 0.085369 0.668279 0.405559 0.459192 0.305371 0.487341 0.270386 0.638934 0.432850 0.525750 0.656793 -0.343970 0.191446 -0.047676 0.178095 -0.344066 -0.162105 -0.238701 -0.056100 -0.369430 -0.341377 -0.271728 -0.199293 -0.173256 -0.008074 -0.296695 -0.051838 -0.341570 -0.092871 0.078588 -0.202022 0.483705 0.060464 0.169321 0.056864 -0.144462 -0.104461 0.231778 0.157892 -0.446556 0.146226 0.191377 0.049715 0.015527 0.082234
0.231235 -0.284292 0.351396 0.140258 0.304335 0.035386 0.491350 0.110602 0.238337 0.241713 0.029084 0.067916 0.071290 0.054297 0.252502 0.258588 0.129377 0.070382 1.000000 0.328411 -0.272387 -0.446164 0.056379 -0.036497 -0.036908 -0.227408 0.056640 -0.317852 0.103559 0.159536 0.073591 0.218460 0.139989 0.288919 0.044233 0.194916 0.039421 -0.239963 -0.079498 -0.169344 -0.197719 -0.092032 -0.367286 -0.309232 -0.140140 -0.173437 -0.348512 -0.272249 -0.191402 -0.235326 -0.338555 -0.197215 -0.226089 -0.270483 -0.352575 -0.249763 0.153719 0.024743 -0.016772 -0.279692 -0.079084 -0.206178 -0.180928 -0.242184 0.107497 -0.005921 0.005582 0.188626 -0.006937 -0.090942 0.215207 -0.020898 0.233922 0.213027 0.238917 0.272640 0.369832 0.203551 0.044559 -0.028075 0.024439 0.052280 0.171287 0.056027 -0.029786 0.036818 0.117996 -0.203830 0.025398 -0.086921 0.165091 0.261979 -0.015532 0.142870 -0.159300 0.090516 -0.283682 -0.179522 -0.305857 -0.002449 -0.360041 -0.065717 -0.131042 -0.098637 0.034917 0.026468 -0.127634 -0.096451 0.093736 -0.026758 -0.035756 -0.162258 -0.059699 -0.088351 0.049191 -0.034269
0.119896 0.388997 0.138632 0.013223 0.187817 -0.187361 0.286792 -0.002345 -0.006825 -0.161930 0.012294 -0.006595 0.139402 0.227077 0.119593 0.044695 0.123656 0.141980 0.328411 1.000000 -0.473610 -0.363835 -0.229490 -0.012354 -0.362035 -0.367778 -0.100022 -0.396498 -0.045575 0.180400 -0.403803 -0.216154 0.129267 0.341590 -0.403663 0.132770 -0.134915 -0.092906 0.085695 -0.360195 0.299217 -0.118631 -0.363964 -0.296851 -0.175036 -0.170858 -0.318171 -0.216417 -0.148788 -0.226018 -0.366453 -0.210284 -0.081960 -0.387514 -0.276166 -0.395810 0.017444 0.318591 0.266581 0.280037 0.133833 0.068964 0.049444 0.196622 -0.196220 -0.144124 0.254385 0.232745 0.197358 0.643730 -0.385698 -0.425782 -0.195118 -0.334982 -0.427329 -0.260766 -0.094205 -0.263742 -0.020423 0.081203 0.184912 0.294643 0.376153 0.475978 0.123883 -0.091293 0.064083 -0.128269 0.225620 -0.028181 0.211205 0.161218 -0.047871 0.307216 0.043069 -0.294839 -0.259164 0.184674 -0.074384 -0.023141 0.165038 -0.004880 -0.079599 -0.269489 0.039210 0.312700 0.450831 0.550997 -0.004016 -0.162865 0.022224 0.131875 0.011657 -0.114104 0.111822 0.389473
0.022647 -0.050878 0.215578 -0.183062 -0.406388 0.078664 -0.330241 -0.318353 -0.242562 -0.175459 0.023906 -0.019603 0.099608 -0.148280 0.028531 -0.118248 -0.198205 -0.273829 -0.272387 -0.473610 1.000000 0.689627 0.569816 0.268879 0.577681 0.730071 0.162994 0.578753 -0.129979 -0.438523 0.618302 0.140376 0.129181 -0.092395 0.338701 0.044151 -0.096527 0.150032 0.180383 0.297218 -0.004639 -0.018745 0.118716 0.180558 -0.116571 -0.011489 0.104937 0.167102 0.001784 0.031971 0.129518 -0.040208 -0.006957 0.190851 0.213921 0.280473 0.022927 -0.088860 -0.221285 -0.282668 -0.021120 -0.035982 -0.054525 -0.095508 0.222357 0.010604 -0.399547 -0.188253 0.002457 -0.281602 0.211167 0.363723 -0.040706 0.022241 0.125229 0.208806 -0.005045 0.238576 0.016492 -0.132823 -0.185049 -0.365775 -0.065912 -0.500883 0.054954 -0.221445 0.180231 0.336710 0.199913 0.162933 -0.283506 -0.149483 -0.253523 -0.382445 -0.039111 0.132301 0.381965 -0.113633 -0.158649 -0.080098 0.024206 0.117903 -0.109379 0.022569 -0.317701 -0.350813 -0.364507 -0.334038 0.184151 0.154080 0.159876 -0.461850 -0.218837 -0.040266 -0.235147 -0.231061
-0.284774 -0.089517 0.020987 -0.021834 -0.203321 0.250049 -0.363110 -0.151890 -0.108374 -0.061075 -0.141376 -0.217881 -0.128854 -0.276185 -0.014358 -0.065626 -0.077022 -0.198354 -0.446164 -0.363835 0.689627 1.000000 0.370365 0.352710 0.375515 0.612763 0.306621 0.692440 0.021330 -0.325579 0.381819 0.198354 -0.031534 -0.259255 0.096501 -0.192975 -0.046311 0.134803 0.147183 0.209634 -0.036804 -0.052162 0.156371 0.027466 -0.223014 -0.083870 0.133443 0.053221 -0.118470 -0.101120 0.243248 -0.150214 0.058040 0.136690 0.184832 0.014973 -0.046110 -0.023580 -0.129669 -0.027234 -0.033962 -0.022691 0.099359 0.017525 0.282909 0.042943 -0.221015 -0.156685 -0.026618 -0.077433 0.137170 0.178653 -0.205394 -0.238596 -0.091682 -0.167062 -0.282828 -0.023253 -0.080338 -0.001802 -0.033035 -0.177862 -0.015174 -0.189076 0.319307 0.112248 -0.033052 0.235158 0.295323 0.101247 -0.166078 -0.206969 0.037833 -0.275023 0.023280 -0.074583 0.261348 0.099534 -0.059178 -0.104522 0.099755 -0.140169 0.024058 0.153073 -0.027831 -0.142401 -0.177700 -0.058566 0.189427 0.070959 0.155109 -0.077751 -0.243190 0.041874 -0.157804 -0.149883
0.224044 -0.098505 0.544693 0.086695 -0.107486 0.292332 0.033468 -0.113507 -0.027716 -0.053931 0.110839 -0.102218 0.352522 -0.109455 0.305949 0.028328 0.016192 -0.134477 0.056379 -0.229490 0.569816 0.370365 1.000000 0.449158 0.612534 0.572655 0.577478 0.659877 -0.224630 -0.501495 0.495905 0.148734 -0.122107 -0.071654 0.256771 0.256698 -0.253957 -0.139820 0.281079 0.285448 -0.200873 -0.090255 -0.114406 -0.090726 -0.217660 -0.208338 -0.087337 -0.100262 -0.044834 -0.174953 -0.110756 -0.176887 0.116290 0.136412 0.009919 0.162130 0.177428 0.203564 -0.291769 -0.532093 -0.140049 -0.211486 -0.283382 -0.292705 0.295351 0.027512 -0.467239 -0.247101 0.081629 -0.141476 0.261234 0.336343 -0.152444 -0.008882 0.145015 0.077535 0.129364 0.194760 0.124955 -0.115894 -0.112497 -0.355181 -0.006548 -0.557529 -0.050821 -0.441274 0.312988 0.216695 0.441999 0.302421 0.065061 0.145917 -0.189005 -0.158563 -0.244437 -0.070371 0.176801 -0.071684 -0.132183 -0.046978 -0.320097 0.068099 -0.208423 -0.097191 -0.256980 -0.301438 -0.376646 -0.370932 0.123387 0.096707 0.168459 -0.253400 -0.075279 -0.113505 -0.231549 -0.297099
-0.433579 -0.302607 0.226872 0.480234 0.000288 0.377680 -0.007096 0.273048 0.092551 0.103193 -0.252162 -0.276250 -0.180087 -0.332267 0.105319 0.124839 0.092809 -0.189138 -0.036497 -0.012354 0.268879 0.352710 0.449158 1.000000 0.357275 0.520855 0.380890 0.359352 -0.109230 -0.242561 0.318386 0.514329 -0.237276 -0.048770 0.054557 0.157691 -0.114001 -0.211291 0.488350 0.233103 0.060309 -0.030053 -0.226337 -0.205928 -0.160471 -0.129749 -0.254426 -0.222240 -0.429048 -0.235751 -0.099378 -0.403611 -0.134300 -0.281693 -0.191245 -0.219161 -0.014562 -0.004125 -0.243369 -0.210155 -0.362318 -0.355621 0.072052 -0.020298 0.271596 0.082145 -0.334814 0.077605 -0.008848 -0.283001 -0.038475 -0.024985 -0.289609 -0.092566 -0.085669 -0.058802 -0.309769 -0.092563 -0.097367 -0.036881 0.236234 -0.017144 0.232729 0.062333 0.362777 0.106995 0.243167 0.200828 0.468262 0.364600 0.229671 -0.075064 0.113879 -0.131503 -0.278377 -0.212650 0.015566 0.128915 -0.164540 -0.102744 -0.167642 -0.008387 0.032479 -0.141108 0.107319 0.327019 -0.178240 0.079208 -0.081523 -0.124337 0.316416 0.038628 -0.253295 -0.098718 0.126713 0.165325
-0.020943 -0.305539 0.392645 0.108543 0.007003 0.425929 -0.095167 -0.043457 0.074228 0.191647 -0.040312 -0.154767 0.136058 -0.104878 0.224922 0.013868 -0.105673 -0.442414 -0.036908 -0.362035 0.577681 0.375515 0.612534 0.357275 1.000000 0.728821 0.419350 0.433957 -0.359888 -0.475989 0.385330 0.124216 -0.274556 -0.074267 0.556381 0.535940 -0.207049 -0.063564 0.249425 0.245975 -0.242007 -0.065826 0.043599 0.050873 0.022053 0.103528 0.011580 0.078208 -0.136792 -0.064141 0.015836 -0.166006 0.002643 0.148670 -0.046061 0.083316 0.025449 -0.085193 -0.340441 -0.454348 -0.382960 -0.254473 -0.407572 -0.405949 0.360575 0.263195 -0.428698 0.182305 -0.031184 -0.263240 0.085004 0.131307 -0.305443 -0.024590 0.082077 0.107932 -0.119760 -0.008335 -0.202912 -0.225807 -0.145965 -0.413122 -0.040437 -0.507078 0.138764 -0.222762 0.235605 0.116966 0.307904 0.158408 0.236927 0.212946 0.128149 0.126286 -0.076884 0.138949 0.244348 -0.097994 -0.082748 -0.024845 -0.208698 0.132755 -0.163379 0.077092 -0.175694 -0.096512 -0.266786 -0.201304 0.074498 0.081138 0.466875 -0.346977 -0.141912 0.054614 0.043122 -0.108050
-0.136986 -0.200092 0.300934 0.134384 -0.179585 0.371803 -0.365522 -0.057277 -0.022971 0.008570 -0.239002 -0.316568 -0.164698 -0.383499 0.084328 -0.008640 -0.207486 -0.532482 -0.227408 -0.367778 0.730071 0.612763 0.572655 0.520855 0.728821 1.000000 0.300659 0.670819 -0.223922 -0.622559 0.553721 0.256616 -0.209532 -0.232897 0.407743 0.237612 -0.061039 0.027021 0.375744 0.441068 -0.125935 0.042341 0.084031 0.092549 -0.096092 0.021302 0.027373 0.093248 -0.156928 -0.087876 0.099266 -0.184442 0.006064 0.088026 0.074062 0.192017 0.104642 -0.130607 -0.343340 -0.297747 -0.340126 -0.273903 -0.190955 -0.263285 0.108434 0.108274 -0.389137 0.108413 -0.043692 -0.271072 0.098208 0.240832 -0.327689 -0.138149 -0.040650 0.038300 -0.157546 0.020892 -0.122898 -0.217764 -0.122140 -0.384928 0.152618 -0.296124 0.133135 -0.109324 0.279395 0.289456 0.314494 0.245129 0.068738 0.031925 0.051590 -0.103144 0.004176 0.096189 0.365533 0.040592 -0.067819 -0.040197 -0.085959 0.135927 -0.205958 0.002635 -0.161933 -0.149550 -0.261358 -0.176937 -0.030819 -0.037905 0.421457 -0.345791 -0.415562 -0.038661 -0.137696 -0.198179
-0.047145 -0.143366 0.440081 0.263810 0.403023 0.735710 0.158241 0.174610 0.329250 0.222240 0.025616 -0.157496 0.196095 -0.112804 0.433453 0.225842 0.144869 -0.074595 0.056640 -0.100022 0.162994 0.306621 0.577478 0.380890 0.419350 0.300659 1.000000 0.625453 -0.210076 -0.378557 0.097409 0.124506 -0.434945 -0.165055 0.163435 0.095931 -0.279206 -0.359479 0.218978 0.171848 -0.429596 -0.004958 -0.143552 -0.283187 -0.230659 -0.221093 -0.212869 -0.270596 -0.028552 -0.251157 0.061710 -0.163964 0.188190 0.117645 -0.159741 -0.071547 0.010309 0.232175 -0.128565 -0.216888 -0.218101 -0.229315 -0.219035 -0.241553 0.363406 0.206993 -0.247862 -0.078844 -0.108843 -0.004823 0.320473 0.236883 -0.214385 -0.015416 0.049456 -0.008055 -0.087785 -0.071191 0.001732 0.034851 -0.183756 -0.298109 -0.053064 -0.294382 -0.086859 -0.268168 0.014630 -0.117259 0.461934 0.274547 0.289660 0.247872 0.177330 0.181260 -0.311808 -0.264592 0.017721 -0.080188 -0.036325 -0.176557 -0.290835 0.007040 -0.183791 0.018146 -0.136017 -0.022071 -0.002558 0.032313 -0.076342 -0.089582 0.068389 0.005491 -0.064828 -0.110946 -0.004048 -0.212067
-0.074473 -0.042256 0.268480 0.110462 -0.219194 0.403428 -0.313084 -0.042003 -0.173399 -0.163423 -0.101877 -0.384291 -0.091903 -0.386118 0.008681 -0.186745 0.005872 -0.226418 -0.317852 -0.396498 0.578753 0.692440 0.659877 0.359352 0.433957 0.670819 0.625453 1.000000 -0.118031 -0.603594 0.442780 0.154638 -0.219942 -0.340271 0.307527 -0.113592 -0.086661 -0.028948 0.180098 0.464274 -0.345708 0.058049 0.114059 0.036488 -0.130281 -0.118054 0.120709 0.027712 -0.024388 -0.053534 0.270103 -0.020452 0.101843 0.316036 0.150625 0.323062 0.146063 0.117005 -0.236301 -0.183072 -0.223373 -0.183853 -0.086024 -0.188090 0.202147 0.009585 -0.203831 -0.302279 0.139356 -0.085256 0.338926 0.367970 -0.209704 -0.109886 0.032285 -0.094124 -0.033664 0.088495 0.046724 -0.103244 -0.121292 -0.343800 -0.049103 -0.422033 0.023272 -0.113666 0.113117 0.316734 0.316995 0.200195 -0.159647 -0.109025 -0.046463 -0.168605 -0.012845 -0.073401 0.409956 0.158788 0.005143 -0.040282 -0.074584 -0.024975 -0.079263 0.055781 -0.163439 -0.308095 -0.148888 -0.210416 0.037022 0.064780 0.120199 -0.087214 -0.296123 -0.029871 -0.328153 -0.348412
-0.178279 -0.186029 -0.279386 -0.074533 -0.134597 -0.209641 -0.185700 -0.169818 -0.088906 -0.067110 -0.026244 -0.120454 -0.192082 -0.193587 -0.068156 0.005862 0.424223 0.460166 0.103559 -0.045575 -0.129979 0.021330 -0.224630 -0.109230 -0.359888 -0.223922 -0.210076 -0.118031 1.000000 0.526944 0.088203 0.284668 0.240458 0.082633 -0.217544 -0.193585 0.520813 0.090859 -0.102939 -0.011110 0.332065 0.258131 -0.230715 -0.316904 -0.265983 -0.389733 -0.113494 -0.249697 -0.260534 -0.292641 -0.272212 -0.391940 -0.325561 -0.282056 0.051753 -0.252685 -0.176895 -0.143877 0.211467 0.262225 0.162718 -0.014696 0.484034 0.412528 -0.151871 -0.488599 0.196794 -0.371881 0.073964 -0.218760 0.325316 0.203935 0.631802 0.291083 0.386963 0.190460 0.280493 0.385647 0.509705 0.488421 0.551156 0.632987 0.240101 0.370156 0.338543 0.371969 0.111398 0.006673 -0.000890 -0.127021 -0.393679 -0.319326 -0.220717 -0.251737 0.152467 0.128278 -0.109598 0.104156 -0.389339 -0.178659 -0.024497 -0.323277 0.183324 0.068846 0.163053 0.096086 -0.173689 -0.094288 0.171556 0.052354 -0.109432 0.147816 -0.118201 -0.035420 -0.152865 0.056136
-0.178294 0.049570 -0.413740 -0.055939 0.093276 -0.284745 0.117926 -0.049023 0.042355 -0.018983 0.105327 0.281605 0.003027 0.242946 -0.069025 0.141176 0.322550 0.671386 0.159536 0.180400 -0.438523 -0.325579 -0.501495 -0.242561 -0.475989 -0.622559 -0.378557 -0.603594 0.526944 1.000000 -0.163673 0.196448 0.314218 0.452750 -0.356555 0.030957 0.414864 0.162324 -0.102713 -0.363601 0.468686 0.141659 -0.390009 -0.379888 -0.199971 -0.305257 -0.316884 -0.389360 -0.272996 -0.308312 -0.407853 -0.298344 -0.421507 -0.459521 -0.115532 -0.415937 -0.316674 0.032352 0.224787 0.323108 0.304745 0.268502 0.461630 0.517556 -0.092916 -0.254417 0.301866 -0.102626 0.031603 0.068293 0.023320 -0.134954 0.587308 0.369572 0.318548 0.314866 0.229200 0.220489 0.321249 0.414924 0.522081 0.691341 -0.005273 0.573002 0.200036 0.369887 -0.207444 -0.224225 -0.335268 -0.231517 -0.182383 -0.309601 -0.042207 -0.070157 -0.004219 0.095443 -0.433157 -0.119841 -0.389795 -0.293248 0.047740 -0.243196 0.355560 0.118945 0.237315 0.372572 0.055478 0.146732 0.092955 0.031016 -0.320307 0.226846 0.210394 0.099287 0.284646 0.312285
-0.161913 -0.326218 0.257602 0.011213 -0.369102 0.035007 -0.060693 -0.063047 -0.170052 -0.106491 0.035166 -0.012574 -0.126770 -0.338160 -0.101445 -0.022288 -0.019773 -0.065171 0.073591 -0.403803 0.618302 0.381819 0.495905 0.318386 0.385330 0.553721 0.097409 0.442780 0.088203 -0.163673 1.000000 0.649976 0.386648 0.197330 0.466096 0.068446 0.110899 -0.073090 0.098676 0.268345 -0.058454 0.061470 -0.057303 0.047824 -0.094279 -0.065471 -0.101170 -0.069371 -0.333442 -0.085137 -0.044876 -0.240840 -0.380379 -0.044283 0.003859 0.130480 0.043814 -0.142545 -0.422207 -0.389666 -0.200439 -0.274251 0.070616 -0.074147 0.318618 -0.194584 -0.178698 -0.112327 0.092979 -0.379682 0.342588 0.436332 0.268551 0.238359 0.329054 0.435374 0.380020 0.470634 0.182107 -0.063034 -0.015206 -0.141370 -0.089843 -0.218819 0.063283 0.055106 0.133597 0.267168 0.023607 -0.079565 -0.406042 -0.435839 -0.323766 -0.533170 -0.005257 0.312750 0.210346 0.037964 -0.408125 -0.222723 -0.301847 0.036456 -0.004609 0.165294 -0.104344 -0.302976 -0.518044 -0.413962 0.070597 0.123375 0.075474 -0.416250 -0.394997 -0.062240 -0.283461 -0.262090
-0.409667 -0.527836 0.012966 0.344575 -0.057993 0.172616 0.039174 0.247972 0.059917 0.141609 -0.090348 -0.058924 -0.335939 -0.366837 -0.106918 0.194691 0.168826 0.100240 0.218460 -0.216154 0.140376 0.198354 0.148734 0.514329 0.124216 0.256616 0.124506 0.154638 0.284668 0.196448 0.649976 1.000000 0.218204 0.334757 0.266831 0.055653 0.271753 -0.195070 0.174909 0.206592 0.019344 0.182176 -0.278902 -0.268497 -0.106915 -0.168507 -0.350784 -0.362461 -0.479590 -0.238108 -0.090350 -0.339570 -0.420818 -0.256010 -0.174866 -0.251934 0.077571 -0.301264 -0.317962 -0.279403 -0.323215 -0.454300 0.229569 -0.019904 0.210101 -0.200696 0.040193 -0.005073 -0.004788 -0.420908 0.349163 0.254930 0.312153 0.326676 0.351086 0.429855 0.271506 0.351232 0.113567 -0.049259 0.342581 0.166569 0.095556 0.270923 0.301038 0.391784 0.045689 0.120409 -0.115488 -0.264077 -0.161617 -0.462646 -0.082405 -0.368972 -0.103416 0.224581 -0.095699 0.133219 -0.443352 -0.147174 -0.425903 -0.080032 0.197930 0.129047 0.151725 0.073759 -0.322567 -0.162771 -0.057821 0.024770 0.029268 -0.139229 -0.355868 -0.084695 -0.039457 -0.044654
0.137476 0.036657 -0.103426 -0.372454 -0.310200 -0.541443 0.064706 -0.314197 -0.234589 -0.271782 0.172582 0.276608 0.047503 0.062922 -0.208425 -0.050657 0.030682 0.331093 0.139989 0.129267 0.129181 -0.031534 -0.122107 -0.237276 -0.274556 -0.209532 -0.434945 -0.219942 0.240458 0.314218 0.386648 0.218204 1.000000 0.609560 0.015160 -0.110591 0.090633 0.074428 -0.158171 -0.212025 0.214583 -0.125173 -0.181563 -0.051319 -0.176257 -0.191489 -0.158114 -0.132068 -0.158520 -0.109728 -0.215326 -0.108401 -0.370238 -0.207671 0.146520 -0.032903 0.211422 -0.146271 0.063543 -0.045946 0.309011 0.120321 0.215583 0.194577 -0.030436 -0.301645 0.306425 -0.112199 0.207175 0.061558 0.070933 0.182906 0.451721 0.129007 0.175165 0.229034 0.438505 0.352278 0.202586 -0.039740 0.042135 0.177232 -0.096682 0.156492 -0.017919 0.060328 -0.100819 0.101725 -0.229586 -0.317187 -0.514492 -0.390987 -0.484264 -0.379432 0.100593 0.192839 -0.012023 0.164635 -0.346692 0.040629 -0.039256 -0.017275 0.131328 0.052577 -0.059559 -0.135348 -0.180401 -0.103765 0.144867 0.167038 -0.174198 -0.216501 -0.130358 -0.132417 -0.083916 0.055621
0.190557 0.149997 -0.014516 0.016606 -0.058367 -0.169060 0.196161 -0.055058 -0.084656 -0.084062 0.221224 0.285872 0.245495 0.225346 -0.003527 0.173017 0.062121 0.382540 0.288919 0.341590 -0.092395 -0.259255 -0.071654 -0.048770 -0.074267 -0.232897 -0.165055 -0.340271 0.082633 0.452750 0.197330 0.334757 0.609560 1.000000 0.072442 0.413446 0.077606 -0.076811 0.056170 -0.211708 0.200202 -0.041371 -0.535629 -0.350728 -0.222057 -0.278815 -0.544462 -0.446651 -0.418681 -0.315520 -0.549956 -0.294889 -0.439160 -0.451308 -0.243889 -0.348313 0.141217 -0.031108 0.183919 -0.001254 0.186254 0.105858 0.162615 0.233814 -0.112286 -0.175842 0.282286 -0.016819 0.149059 0.081192 0.048115 0.018867 0.306602 0.230717 0.128083 0.380313 0.320056 0.240303 0.186943 -0.103456 0.280195 0.288752 -0.038377 0.338773 0.036569 -0.037007 -0.088172 -0.087333 -0.200081 -0.217535 -0.093576 -0.294333 -0.245566 -0.051090 -0.092783 0.106027 -0.346589 -0.047088 -0.463320 -0.071032 -0.105499 -0.061803 0.100010 -0.067752 -0.162646 0.095259 0.028674 0.067077 0.055271 -0.015399 -0.162053 -0.314688 -0.103484 -0.196494 0.117678 0.141978
-0.146273 -0.239233 0.283558 0.075967 -0.192718 0.130500 -0.084877 0.140882 -0.155473 0.060100 -0.129925 -0.066616 -0.190538 -0.126111 -0.149561 -0.106850 -0.316551 -0.363648 0.044233 -0.403663 0.338701 0.096501 0.256771 0.054557 0.556381 0.407743 0.163435 0.307527 -0.217544 -0.356555 0.466096 0.266831 0.015160 0.072442 1.000000 0.352320 0.066297 0.000354 0.090744 0.450192 -0.421998 0.138931 0.106837 0.163365 0.202260 0.143105 0.167987 0.099146 -0.070623 0.066531 0.290035 0.083653 -0.119753 0.286599 0.091228 0.402902 -0.024759 -0.314712 -0.363596 -0.419494 -0.569221 -0.426423 -0.530440 -0.592259 0.184295 0.102371 0.046358 0.167212 0.147596 -0.305149 0.209291 0.390458 0.026238 0.190177 0.238726 0.273132 0.220626 0.325481 -0.135378 -0.378974 -0.243074 -0.447433 -0.078552 -0.410254 0.051748 -0.049926 0.250985 0.273963 -0.004585 -0.190778 -0.143066 -0.126668 0.011515 -0.014707 0.068268 0.380747 0.464851 0.178967 -0.100688 -0.019630 -0.225976 0.252583 -0.123803 0.237134 -0.182232 -0.240790 -0.236238 -0.294547 -0.069603 0.214245 0.426356 -0.357604 -0.207402 0.161101 -0.098524 -0.205009
0.109954 0.007354 0.241365 0.097390 0.128052 0.207848 -0.039144 -0.005477 0.078687 0.115346 -0.061777 0.125713 0.238879 0.239674 0.232609 0.175864 -0.198618 -0.200874 0.194916 0.132770 0.044151 -0.192975 0.256698 0.157691 0.535940 0.237612 0.095931 -0.113592 -0.193585 0.030957 0.068446 0.055653 -0.110591 0.413446 0.352320 1.000000 0.005590 -0.017770 0.318217 0.147504 0.013822 0.110701 -0.395522 -0.247262 -0.094993 -0.093789 -0.289113 -0.222869 -0.239573 -0.306594 -0.490035 -0.353436 -0.240739 -0.284345 -0.233851 -0.129406 -0.090832 -0.103951 0.124586 -0.153777 -0.106512 -0.024687 -0.316850 -0.163696 0.012948 0.172198 -0.044819 0.286578 0.078460 -0.092967 -0.029850 -0.004942 -0.088927 0.141385 0.034242 0.245787 0.041516 0.133292 0.008971 -0.267801 0.067312 -0.098573 0.256694 0.029432 0.107026 -0.262303 0.392313 0.060664 0.236366 0.083624 0.324256 0.151297 0.087109 0.228488 -0.029164 0.121942 -0.099767 -0.148221 -0.259232 -0.126420 -0.167328 -0.023066 -0.179558 -0.045211 -0.230065 0.238205 -0.021689 -0.049704 -0.101798 -0.017177 0.404150 -0.267513 -0.077563 -0.038814 0.280046 0.172397
