1.000000 0.488551 -0.248201 -0.506353 -0.133510 0.298474 -0.165524 -0.571869 -0.376220 -0.474272 -0.236727 -0.124476 -0.139203 -0.107998 -0.167129 0.208904 -0.226448 0.037311 0.066193 0.137110 0.177878 0.086808 -0.373642 -0.577722 -0.244244 -0.202611 0.434092 0.165327 -0.031202 -0.045752 -0.064229 -0.268177 0.278049 -0.164356 -0.082626 -0.357393 0.118546 -0.249887 -0.235399 -0.395249 0.034747 -0.370843 0.242232 0.287163 0.202136 0.152890 0.176611 0.354725 0.239122 0.135988 -0.047031 0.102787 0.147406 0.232576 -0.037836 0.285002 0.676606 0.334544 0.436124 0.296716 0.194554 0.242292 0.304497 0.300937 -0.379734 -0.338597 0.303292 -0.108246 0.338593 0.208002 -0.234900 -0.335227 -0.051537 -0.114174 -0.044585 0.105265 0.367872 0.016061 0.102023 -0.160443 -0.115770 -0.084930 -0.342710 -0.230090 -0.034929 -0.104423 -0.261956 -0.162132 -0.439653 -0.127541 -0.031939 0.283596 -0.325557 -0.038962 -0.195017 -0.439162 0.208082 0.192978 0.385238 0.609906 -0.153423 0.275145 0.168519 0.358754 0.139505 -0.425141 -0.004171 -0.121611 -0.239290 -0.252889 -0.198659 0.402425 0.029218 -0.009004 0.067960 -0.305097
0.488551 1.000000 -0.178493 -0.100317 -0.113749 0.336967 -0.014768 -0.274388 -0.167747 -0.370294 -0.245899 0.189146 -0.114856 0.238272 0.038074 0.312572 -0.252683 0.162925 0.415259 0.406544 0.270335 -0.068860 -0.317763 -0.357272 -0.203947 -0.159361 0.394843 0.446698 -0.117119 0.158655 -0.035580 -0.321113 0.537344 0.122277 -0.163661 -0.422695 -0.203889 -0.164481 -0.164847 -0.191720 -0.042674 -0.255020 -0.170632 -0.189604 -0.180318 -0.338936 -0.179439 -0.029652 -0.145750 -0.184063 -0.259150 -0.058926 -0.222323 -0.074536 -0.031901 0.061297 0.149246 0.560791 0.131271 0.258801 0.258790 0.419927 0.283063 0.459912 -0.257607 -0.275961 0.044457 -0.144595 0.467701 0.378734 0.016642 -0.196578 0.087644 0.184262 0.068657 0.380958 0.470638 0.242020 -0.127867 -0.289546 -0.187442 -0.110812 -0.246822 0.031438 -0.050885 -0.096159 -0.251125 0.008261 -0.179601 0.049720 -0.064395 0.000662 -0.183259 0.083738 -0.440572 -0.368985 0.174644 0.137279 0.050050 0.132308 0.020983 0.362674 0.300657 0.346516 0.203261 -0.341425 0.259567 -0.220194 -0.229430 -0.179627 -0.148456 -0.094743 0.168890 0.267249 0.140759 -0.267535
-0.248201 -0.178493 1.000000 0.548921 0.069135 -0.135062 0.780322 0.527918 0.209048 0.080266 0.216364 -0.142392 0.411180 0.288112 0.185858 -0.064749 0.053377 0.260198 0.440775 -0.126010 -0.301908 -0.249045 0.523753 0.281391 -0.176913 -0.179974 -0.151573 -0.027403 -0.125266 -0.147872 -0.020066 -0.126193 0.042230 -0.077426 -0.234593 -0.053414 -0.210664 -0.095721 -0.089164 -0.137013 -0.319955 -0.077755 -0.341124 -0.416388 -0.325910 -0.353122 -0.321687 -0.334935 -0.009255 -0.257116 0.282471 -0.060984 0.245800 -0.139101 0.216551 -0.256202 -0.431030 -0.151974 0.139978 -0.065730 0.336799 0.056083 -0.232107 -0.092810 0.233495 0.297392 -0.059158 0.054139 -0.022152 0.039752 0.072290 -0.079992 0.035478 0.045119 0.085554 -0.017172 -0.037355 -0.268471 -0.187697 0.103713 -0.192313 -0.109396 0.080865 -0.099751 -0.167318 -0.188747 0.097397 -0.069322 0.432074 0.382067 0.132830 0.071199 0.113527 0.095378 -0.137139 -0.050955 -0.123743 -0.045786 -0.277407 -0.297669 0.095986 0.313915 0.289651 0.105355 0.172815 0.026863 0.128408 -0.160341 -0.064859 -0.156050 -0.074450 -0.356383 -0.114876 -0.000036 -0.262371 -0.032817
-0.506353 -0.100317 0.548921 1.000000 0.106743 -0.051128 0.393622 0.774774 0.285253 0.345135 0.079396 0.109565 0.231549 0.402148 0.150853 0.167931 0.176710 0.307292 0.184892 -0.139051 -0.241703 -0.032385 0.250018 0.502627 0.048252 0.072300 -0.220150 0.159004 -0.212753 -0.094981 -0.232328 -0.086249 -0.159823 -0.066022 -0.342124 0.119765 -0.366437 -0.106916 -0.009010 0.197820 -0.250081 0.068549 -0.380631 -0.444194 -0.467388 -0.413108 -0.344227 -0.393576 -0.111108 -0.181998 0.233051 0.076213 0.295527 0.003036 0.246227 -0.291723 -0.481925 -0.088342 -0.040468 0.078161 0.105707 0.191869 -0.316458 -0.145609 0.061884 0.515875 -0.331137 -0.011204 0.000713 -0.028876 -0.138750 -0.087774 -0.150527 -0.146735 -0.237140 -0.203877 -0.310102 -0.191564 -0.167241 0.118179 -0.194773 -0.078512 0.115708 0.023526 -0.275971 -0.076967 0.083009 0.016372 0.314285 0.473958 0.150830 -0.213500 0.280312 -0.274055 0.046339 0.135583 -0.084442 -0.164909 -0.265117 -0.533189 0.166790 0.038838 0.144325 -0.277274 0.014082 0.137366 0.220807 -0.103327 0.189939 0.066535 0.075936 -0.507946 -0.024161 -0.026025 -0.172258 -0.061671
-0.133510 -0.113749 0.069135 0.106743 1.000000 0.599563 0.122882 0.135463 0.343919 0.381410 0.109059 0.198756 -0.009242 0.181334 -0.000718 0.178270 0.332571 0.059495 0.094982 -0.106861 -0.048704 -0.261791 0.049246 0.044282 0.070434 -0.152740 0.251689 0.140342 0.024635 -0.058866 -0.101760 -0.089734 -0.028918 -0.006176 -0.220013 0.097618 -0.307495 -0.421381 -0.104901 -0.093529 -0.111550 -0.002484 -0.061661 -0.110563 -0.011606 0.020504 -0.242606 -0.154682 0.039124 0.046820 -0.069339 0.056520 -0.208762 0.027966 -0.403956 -0.503111 0.035811 -0.165180 0.087836 0.118577 0.099226 0.266023 -0.008367 0.121753 0.093643 0.181030 -0.108941 0.109162 0.104097 -0.090848 -0.052625 -0.216272 -0.140039 0.071936 0.139643 -0.121702 0.005201 -0.298747 0.057524 0.025275 0.252891 0.061228 0.121878 0.195907 -0.065560 -0.021221 -0.061112 -0.090559 0.096648 -0.042193 0.092988 -0.069391 -0.096840 -0.101713 -0.178317 -0.184093 -0.454535 -0.362253 -0.163667 -0.207489 0.014722 -0.022039 -0.058145 -0.208783 -0.196151 -0.044188 0.088572 0.012735 -0.315259 -0.308767 -0.214017 -0.172834 -0.310573 -0.227776 -0.422452 -0.295708
0.298474 0.336967 -0.135062 -0.051128 0.599563 1.000000 0.069085 -0.054661 0.080898 0.003675 0.129566 0.361308 -0.049761 0.348688 0.022545 0.385931 0.140674 0.059563 0.167313 -0.124770 0.330624 -0.130053 -0.191462 -0.035190 -0.102127 0.008235 0.522384 0.514840 -0.052460 -0.073223 0.020332 -0.095024 0.067556 -0.134382 -0.107458 0.060244 -0.249890 -0.516450 -0.268314 -0.262638 -0.107698 -0.298666 -0.058903 -0.106800 -0.020116 -0.047724 -0.218289 -0.090027 0.047401 0.013723 -0.042185 0.097425 -0.288786 0.084070 -0.348994 -0.258032 0.272311 0.303632 0.082554 0.249959 -0.018302 0.378184 -0.035062 0.168705 0.069077 0.151478 -0.012606 -0.005572 0.246718 -0.096020 -0.177232 -0.347886 -0.203101 -0.019525 0.076721 0.064676 0.164513 -0.043337 -0.068929 -0.105349 0.056198 -0.111376 0.018697 0.168934 0.026001 0.026084 0.017860 0.135010 -0.068167 -0.115352 0.071755 0.057104 0.111294 -0.065590 -0.303821 -0.409504 -0.232211 -0.212317 -0.000433 0.023134 0.207885 0.092992 0.121697 0.062831 -0.021814 -0.325552 0.113189 -0.155125 -0.315223 -0.297564 -0.169521 -0.080139 -0.158062 0.006559 -0.170512 -0.481659
-0.165524 -0.014768 0.780322 0.393622 0.122882 0.069085 1.000000 0.535946 0.073975 -0.084049 0.261373 0.123709 0.502335 0.520928 0.305009 0.164111 0.087511 0.171706 0.326937 -0.047547 -0.118359 -0.254986 0.363995 0.186816 -0.220323 -0.121005 0.145484 0.127288 -0.067298 -0.068746 0.015366 -0.066251 0.059158 0.031655 -0.168094 -0.070095 -0.209187 -0.227967 -0.184720 -0.250466 -0.321979 -0.012367 -0.339235 -0.367629 -0.197155 -0.276642 -0.276913 -0.338373 0.047071 -0.160742 0.170239 -0.109894 0.032769 -0.205080 -0.007530 -0.311794 -0.356366 -0.019672 0.097712 -0.101030 0.259719 0.128118 -0.298212 -0.095350 0.212674 0.299485 -0.120857 0.021441 -0.005066 0.031192 0.115859 -0.191147 -0.069422 -0.017901 0.033400 -0.084283 -0.123934 -0.285542 -0.231799 -0.067559 -0.081069 -0.054052 0.160898 0.084880 -0.177852 -0.127785 0.086349 -0.103598 0.319362 0.189015 0.058510 -0.006554 0.136685 0.144744 -0.206417 -0.103976 -0.278705 -0.166352 -0.363299 -0.298081 0.158307 0.066084 0.218603 0.126970 0.171476 0.052538 -0.015098 -0.082860 -0.171642 -0.332042 -0.135590 -0.348638 -0.073498 -0.050807 -0.269449 -0.078145
-0.571869 -0.274388 0.527918 0.774774 0.135463 -0.054661 0.535946 1.000000 0.107471 0.170854 0.193449 0.286047 0.326186 0.463410 0.148833 0.263033 0.273482 0.341410 -0.000009 -0.265106 -0.199057 0.021928 0.211990 0.444311 -0.021854 0.107562 -0.119263 0.050211 0.041368 -0.008853 -0.089370 0.152065 -0.289842 0.029864 -0.221853 0.158110 -0.148506 -0.095821 0.013252 0.101667 -0.113203 0.184826 -0.402736 -0.412833 -0.395008 -0.292601 -0.323509 -0.435673 -0.204409 -0.166872 0.166108 -0.092022 0.068915 -0.181669 0.009405 -0.410194 -0.444656 -0.131311 -0.134700 -0.070538 0.057501 0.122241 -0.239538 -0.100098 0.197531 0.536271 -0.376230 -0.036859 -0.244114 -0.272561 -0.034882 -0.037855 -0.065599 -0.143887 -0.156849 -0.275471 -0.397701 -0.334656 -0.021679 0.247004 0.108881 0.154458 0.184267 0.121875 -0.046505 0.024935 0.143081 -0.005559 0.301301 0.206180 -0.012773 -0.333692 0.256520 -0.164097 0.035332 0.097376 -0.318439 -0.353889 -0.424688 -0.613403 0.100481 -0.024532 0.013423 -0.342063 -0.149224 0.139363 -0.085202 -0.178421 0.179053 -0.127843 0.005528 -0.456409 -0.205614 -0.111036 -0.167982 -0.089904
-0.376220 -0.167747 0.209048 0.285253 0.343919 0.080898 0.073975 0.107471 1.000000 0.856953 -0.066936 -0.227400 -0.118750 -0.035202 0.290716 -0.318531 0.009031 0.014164 -0.191312 -0.123819 -0.034819 0.046194 0.146438 0.212341 0.132323 -0.034654 -0.392272 -0.068776 -0.240166 -0.178732 -0.270046 -0.240174 -0.180535 -0.174113 -0.107409 0.093568 -0.294940 0.013559 -0.079165 0.104341 -0.227611 -0.041328 0.132190 0.045997 0.072108 0.029892 0.109562 0.107376 0.187516 0.165810 0.092677 0.333298 0.168316 0.278877 -0.000008 0.006556 -0.417410 -0.204229 -0.202107 0.101620 -0.094380 -0.012056 -0.214933 -0.133022 0.029442 0.102926 -0.145173 -0.002520 -0.258473 -0.214530 0.022927 -0.007202 -0.192024 -0.079051 -0.126801 -0.124229 -0.232948 -0.068919 -0.135763 0.003295 -0.175549 -0.221195 0.071633 -0.093943 -0.273688 -0.338083 0.211859 0.181645 0.090403 0.108116 0.330565 0.173248 0.305715 0.119814 0.242714 0.049506 0.177754 0.113315 0.130373 -0.003793 -0.013624 -0.075942 0.023501 0.101346 0.038489 0.333553 0.460697 0.311147 0.210765 0.128969 0.154627 -0.123337 0.133282 0.225740 0.044694 0.087520
-0.474272 -0.370294 0.080266 0.345135 0.381410 0.003675 -0.084049 0.170854 0.856953 1.000000 -0.134233 -0.226769 -0.202388 -0.125585 0.094041 -0.353181 0.050396 -0.016625 -0.309855 -0.092153 -0.169570 0.021240 0.069683 0.251832 0.294975 0.001863 -0.493726 -0.253265 -0.196691 -0.178659 -0.361397 -0.189426 -0.287126 -0.073255 -0.090336 0.260934 -0.305644 0.055991 0.046397 0.196376 -0.218796 0.090629 0.207308 0.132072 0.136340 0.165129 0.181515 0.118967 0.147610 0.259954 0.095211 0.331273 0.241856 0.299801 0.045461 -0.019902 -0.313244 -0.300436 -0.230736 0.082306 -0.147282 -0.065198 -0.181244 -0.185054 -0.061677 0.098636 -0.174446 0.100230 -0.337550 -0.202894 -0.081571 0.002280 -0.238326 -0.191849 -0.225474 -0.290639 -0.384198 -0.081531 -0.121495 0.018754 -0.157540 -0.151777 0.069623 -0.047869 -0.371830 -0.286525 0.066498 0.021120 0.037374 0.133629 0.302136 0.090641 0.224066 -0.109158 0.360633 0.228860 0.134501 -0.017600 0.194050 -0.056536 -0.094453 -0.254581 -0.114087 -0.184010 -0.101583 0.432529 0.371282 0.370267 0.283632 0.222512 0.210226 -0.130947 0.091946 0.135573 -0.057751 0.044961
-0.236727 -0.245899 0.216364 0.079396 0.109059 0.129566 0.261373 0.193449 -0.066936 -0.134233 1.000000 0.457790 0.660066 0.454814 0.604566 0.272987 0.595984 -0.045654 0.259425 -0.335717 0.027373 -0.094909 0.514048 0.430455 -0.007894 0.297208 0.247550 0.286248 0.333962 0.182805 0.311956 0.339770 -0.113392 -0.069749 -0.001927 0.158420 0.097748 -0.123540 0.140557 0.122333 -0.174549 0.133025 -0.190355 -0.162227 -0.078263 -0.183702 -0.147011 -0.331931 -0.017356 -0.149999 0.107041 -0.158856 -0.266123 -0.023097 -0.109242 -0.122787 -0.304953 -0.205740 -0.384721 -0.510031 -0.252365 -0.377384 -0.355654 -0.436663 0.557601 0.277276 -0.367324 -0.216495 -0.069873 -0.289972 0.067410 0.204188 0.250074 0.203327 0.291903 0.016312 -0.042739 -0.137053 -0.065369 0.167027 0.368498 0.186945 0.697599 0.487083 0.360094 0.359036 0.252213 0.108723 0.467232 -0.038378 -0.307949 -0.103397 0.092784 -0.090635 -0.114365 0.126838 -0.293061 -0.155163 -0.486890 -0.433004 0.325260 0.000582 -0.253663 -0.102771 -0.253341 -0.061132 -0.333509 -0.146247 -0.270760 -0.143364 -0.121655 -0.244246 -0.200285 -0.252540 -0.225084 -0.095940
-0.124476 0.189146 -0.142392 0.109565 0.198756 0.361308 0.123709 0.286047 -0.227400 -0.226769 0.457790 1.000000 0.312989 0.665559 0.259603 0.577920 0.406821 0.222617 0.120556 -0.095560 0.051292 -0.097635 -0.034959 0.168533 -0.126952 0.175089 0.294004 0.335228 0.253768 0.357258 0.144663 0.260436 0.100881 0.146072 -0.046463 -0.002853 0.104951 -0.133488 0.048415 0.130071 -0.024276 0.071583 -0.310315 -0.258647 -0.205277 -0.266740 -0.323155 -0.460370 -0.244968 -0.188608 -0.219255 -0.247038 -0.398888 -0.076872 -0.152515 -0.211871 -0.102662 0.127355 -0.170780 -0.236280 -0.044633 0.176789 -0.064393 0.060994 0.313805 0.341430 -0.395566 -0.338535 -0.057113 -0.217659 0.195511 0.153229 0.234406 0.284778 0.251636 0.241479 0.087919 0.087964 0.003628 0.165484 0.313331 0.263091 0.312154 0.498092 0.306598 0.497964 -0.107349 0.025593 0.219852 0.023941 -0.463330 -0.452308 0.126889 -0.310071 -0.264289 -0.022296 -0.404932 -0.249500 -0.543040 -0.382613 0.344743 -0.150341 -0.050076 -0.087795 -0.249410 -0.346916 -0.258878 -0.423962 -0.292943 -0.282445 -0.411565 -0.442781 -0.108043 -0.112299 -0.146110 -0.331350
-0.139203 -0.114856 0.411180 0.231549 -0.009242 -0.049761 0.502335 0.326186 -0.118750 -0.202388 0.660066 0.312989 1.000000 0.567213 0.593989 0.426120 0.609770 0.273838 0.277202 -0.322228 -0.092816 -0.012642 0.221483 0.124820 0.030749 0.141843 0.265763 0.072428 0.503312 0.281802 0.159524 0.188034 0.045770 0.003246 -0.412920 -0.310194 0.071424 0.023416 0.194699 0.173386 -0.017481 0.348364 -0.252426 -0.169078 -0.225418 -0.363060 -0.145348 -0.367441 0.015947 -0.172639 0.241089 -0.191370 0.093279 -0.093331 0.145937 -0.173507 -0.310836 -0.029349 -0.049655 -0.375652 0.179255 -0.102062 -0.137056 -0.128568 0.076373 0.104159 -0.262876 -0.392112 0.041725 -0.114840 -0.011930 0.003497 0.426684 0.089453 0.180504 0.033722 -0.067579 -0.151198 0.112944 0.200956 0.362331 0.393056 0.444674 0.372816 -0.047200 0.072346 0.038331 -0.267637 0.254933 0.150289 -0.499867 -0.345150 -0.173791 -0.222050 -0.277846 0.177372 -0.147451 -0.266222 -0.538540 -0.456921 0.239128 0.094001 0.011929 -0.014027 -0.281145 -0.199781 -0.280352 -0.196413 -0.405675 -0.384695 -0.171194 -0.355037 -0.299750 -0.399501 -0.274523 -0.155467
-0.107998 0.238272 0.288112 0.402148 0.181334 0.348688 0.520928 0.463410 -0.035202 -0.125585 0.454814 0.665559 0.567213 1.000000 0.461513 0.680140 0.296248 0.306165 0.329723 -0.113937 -0.063824 -0.132742 0.046276 0.130861 -0.223230 -0.040603 0.267264 0.327028 0.144745 0.311202 -0.109767 -0.064528 0.256649 0.024737 -0.385454 -0.235350 -0.149105 -0.144477 -0.007877 0.099002 -0.044425 0.173751 -0.305545 -0.325731 -0.269072 -0.430090 -0.276433 -0.431351 0.001885 -0.147072 -0.110888 -0.098292 -0.142632 -0.120539 0.039094 -0.180529 -0.327575 0.103750 -0.085488 -0.087529 0.052853 0.240562 -0.322410 -0.072700 0.064194 0.269785 -0.431796 -0.367592 0.137931 -0.116985 0.119452 -0.058896 0.208845 0.251342 0.258044 0.233338 0.116419 -0.013652 -0.154270 0.029527 0.064526 0.075615 0.271419 0.440581 -0.080887 0.076094 -0.078482 -0.082308 0.184641 0.212469 -0.273115 -0.275222 0.072934 -0.177871 -0.329425 -0.081876 -0.141712 -0.132758 -0.397958 -0.322939 0.327867 0.114298 0.246603 0.117228 0.025301 -0.247346 0.045198 -0.233309 -0.383295 -0.394711 -0.272814 -0.466272 0.022606 -0.034867 -0.143547 -0.311460
-0.167129 0.038074 0.185858 0.150853 -0.000718 0.022545 0.305009 0.148833 0.290716 0.094041 0.604566 0.259603 0.593989 0.461513 1.000000 0.392691 0.334180 0.048397 0.036734 -0.197831 0.233613 0.241916 0.309675 0.305544 0.117747 0.320871 0.186348 0.246057 0.395766 0.257877 0.230520 0.280150 -0.085727 -0.050851 -0.208629 -0.212281 0.137388 0.147868 0.222024 0.254522 -0.096050 0.356258 -0.179406 -0.113327 -0.182383 -0.375234 -0.047170 -0.277594 0.023717 -0.166105 0.030057 -0.134185 -0.077293 0.008731 0.023237 0.014316 -0.349195 0.114480 -0.441850 -0.434566 -0.182734 -0.252338 -0.327003 -0.319157 0.216984 0.086448 -0.540458 -0.519576 -0.220934 -0.322552 0.106328 0.139654 0.258339 0.087521 0.142478 0.044886 -0.137757 -0.020637 0.001171 0.094636 0.238846 0.207775 0.618018 0.484295 0.139511 0.164641 0.295497 0.164472 0.251681 0.009986 -0.357962 -0.200908 0.139514 0.052844 -0.048678 0.210370 -0.002172 -0.087160 -0.341614 -0.307114 0.186170 -0.094917 -0.064481 0.041047 -0.239789 0.028051 -0.082120 0.073610 -0.211467 -0.276767 -0.123079 -0.220584 0.019011 -0.110235 0.101508 -0.044186
0.208904 0.312572 -0.064749 0.167931 0.178270 0.385931 0.164111 0.263033 -0.318531 -0.353181 0.272987 0.577920 0.426120 0.680140 0.392691 1.000000 0.256541 0.261559 0.058912 -0.153253 0.137982 0.235101 -0.140831 -0.005285 -0.103544 0.097343 0.484793 0.370261 0.450601 0.425482 0.026882 0.209682 0.137425 0.042746 -0.415219 -0.369119 0.034304 -0.130134 -0.006750 0.106418 0.108530 0.222269 -0.214831 -0.140699 -0.309482 -0.351307 -0.234851 -0.330895 -0.134596 -0.149981 -0.114119 -0.197482 -0.185401 -0.044162 -0.168853 -0.166220 0.019319 0.257512 -0.060540 -0.096350 0.031206 0.255209 -0.061501 0.073564 -0.111413 0.135621 -0.417608 -0.527460 0.088467 -0.166627 -0.124991 -0.098728 0.242746 0.078262 0.091687 0.141481 0.132561 0.006114 0.223516 0.141135 0.338916 0.361351 0.185346 0.416563 0.149641 0.205163 0.005097 -0.140520 -0.150992 -0.097782 -0.478060 -0.423629 -0.022182 -0.326308 -0.223686 -0.089330 -0.142706 -0.285549 -0.331370 -0.249422 0.177239 0.060814 0.128736 -0.069594 -0.286274 -0.480837 -0.145343 -0.313830 -0.403824 -0.461820 -0.412151 -0.205577 -0.135173 -0.292050 0.010567 -0.398192
-0.226448 -0.252683 0.053377 0.176710 0.332571 0.140674 0.087511 0.273482 0.009031 0.050396 0.595984 0.406821 0.609770 0.296248 0.334180 0.256541 1.000000 0.362588 0.066875 -0.301012 -0.006548 -0.075563 0.014071 0.022405 0.079248 0.172603 0.253088 0.071778 0.438986 0.172965 0.223637 0.268399 -0.086241 0.085290 -0.290785 -0.109343 0.069531 -0.143240 0.135379 0.175122 0.070585 0.178667 -0.298927 -0.209016 -0.269625 -0.248984 -0.249196 -0.420226 -0.195439 -0.165097 0.082669 -0.213563 -0.075172 0.014120 -0.167732 -0.333246 -0.017722 -0.043773 -0.008382 -0.302698 0.156046 0.018985 0.053955 0.025278 0.169333 0.219716 -0.170043 -0.270580 -0.012457 -0.198189 -0.032064 0.140927 0.299685 0.110632 0.101030 -0.072851 -0.121576 -0.157122 0.396531 0.428525 0.645452 0.479990 0.562391 0.376544 0.103674 0.180726 -0.040248 -0.245202 0.260279 0.019764 -0.446415 -0.410541 -0.185200 -0.305838 -0.077040 0.055161 -0.345886 -0.298318 -0.488871 -0.422786 0.119185 0.009552 -0.249320 -0.314463 -0.418233 -0.076306 -0.245311 -0.121181 -0.243548 -0.257136 -0.193940 -0.342275 -0.387267 -0.379417 -0.305823 -0.127884
0.037311 0.162925 0.260198 0.307292 0.059495 0.059563 0.171706 0.341410 0.014164 -0.016625 -0.045654 0.222617 0.273838 0.306165 0.048397 0.261559 0.362588 1.000000 0.094699 -0.139026 -0.218798 -0.064286 -0.204110 -0.277434 -0.291965 -0.283446 -0.043402 -0.060501 0.272523 0.414300 -0.124737 -0.087967 0.222902 0.052266 -0.478819 -0.434838 0.021512 0.009560 0.015984 0.018588 -0.072485 0.027735 -0.278400 -0.215527 -0.446170 -0.405320 -0.230016 -0.297613 -0.260780 -0.208463 -0.076210 -0.122187 0.213909 0.141894 0.213697 -0.140068 0.043111 0.360306 0.226719 0.063824 0.461958 0.485044 0.397105 0.481865 -0.092291 0.220505 -0.239521 -0.437089 0.022972 -0.030912 0.098721 -0.026995 0.466828 0.166843 0.149183 0.298480 0.208448 0.175951 0.561599 0.621605 0.299761 0.469826 -0.184808 -0.126337 -0.092076 -0.103191 -0.343247 -0.288300 0.073263 0.361835 -0.442315 -0.440643 -0.132041 -0.261464 -0.314740 -0.082112 -0.119674 -0.120027 -0.300177 -0.147203 0.035160 0.298156 0.276089 -0.016040 -0.328728 -0.462560 -0.096554 -0.496343 -0.121743 -0.281479 -0.371911 -0.322202 -0.112857 0.093273 -0.174364 -0.322709
0.066193 0.415259 0.440775 0.184892 0.094982 0.167313 0.326937 -0.000009 -0.191312 -0.309855 0.259425 0.120556 0.277202 0.329723 0.036734 0.058912 0.066875 0.094699 1.000000 0.183138 -0.128750 -0.572522 0.284278 0.017934 -0.281077 -0.293343 0.247045 0.351019 -0.167844 0.024617 0.035923 -0.326194 0.480194 -0.018521 -0.226268 -0.167503 -0.331462 -0.246352 -0.063904 -0.148938 -0.114624 -0.131123 -0.285210 -0.374907 -0.252716 -0.403248 -0.319128 -0.200589 -0.098336 -0.356399 -0.032268 -0.137168 -0.280224 -0.245383 0.132111 -0.199299 -0.153354 0.047351 0.150329 -0.024732 0.307298 0.121062 0.022018 0.105562 0.125459 -0.047344 0.052271 0.165800 0.625383 0.481506 0.141860 -0.087774 0.205426 0.444857 0.441888 0.368965 0.479256 0.017987 -0.310026 -0.168793 -0.142415 -0.180686 0.059725 0.128646 -0.102382 -0.046114 -0.248748 -0.061782 0.379213 0.319667 0.062988 0.163785 -0.310504 -0.025070 -0.540643 -0.171258 -0.081370 0.046519 -0.215076 -0.204762 0.111100 0.522888 0.309435 0.241563 0.265812 -0.280645 0.147483 -0.289282 -0.309699 -0.077963 -0.071919 -0.330574 -0.126426 0.060675 -0.364436 -0.261374
0.137110 0.406544 -0.126010 -0.139051 -0.106861 -0.124770 -0.047547 -0.265106 -0.123819 -0.092153 -0.335717 -0.095560 -0.322228 -0.113937 -0.197831 -0.153253 -0.301012 -0.139026 0.183138 1.000000 0.048387 -0.212456 -0.087316 -0.225046 0.012696 -0.088724 0.006110 0.039409 -0.299449 -0.270099 -0.018973 -0.244384 0.456146 0.383328 -0.093654 -0.151043 -0.162936 -0.096354 -0.140679 -0.258636 -0.103551 -0.226533 -0.187540 -0.255253 -0.118426 -0.169205 -0.164070 -0.025178 -0.164027 -0.106353 -0.348585 -0.060429 -0.078906 -0.205328 -0.025189 0.024892 0.203983 0.270048 0.065356 0.239592 0.242191 0.158678 0.184077 0.305058 -0.212969 -0.311226 0.069486 0.223450 0.254687 0.635189 0.289014 -0.039139 -0.153340 0.072508 -0.032216 -0.009632 0.069906 -0.050257 -0.210592 -0.411460 -0.355188 -0.337420 -0.161978 -0.072693 -0.166841 -0.239125 -0.368659 -0.154144 -0.050713 0.065558 0.268390 0.281937 -0.165977 0.235852 0.031677 -0.084476 0.057747 0.272100 0.165903 0.185510 -0.288913 0.026919 -0.104513 0.149926 0.303581 0.341507 0.346790 0.254404 0.073737 0.041962 0.099904 -0.014973 0.284294 0.233774 0.088679 0.231984
0.177878 0.270335 -0.301908 -0.241703 -0.048704 0.330624 -0.118359 -0.199057 -0.034819 -0.169570 0.027373 0.051292 -0.092816 -0.063824 0.233613 0.137982 -0.006548 -0.218798 -0.128750 0.048387 1.000000 0.430875 -0.129064 0.039489 0.401792 0.646649 0.427255 0.453994 0.083769 -0.142086 0.620141 0.379786 0.000626 0.221387 0.276835 0.132172 0.062764 -0.112087 -0.079773 -0.208810 0.197803 -0.188907 -0.257137 -0.243023 -0.208873 -0.157827 -0.291756 -0.171291 -0.370872 -0.273859 -0.014444 -0.330865 -0.395454 -0.313256 -0.430690 -0.182173 0.210577 0.371760 -0.087435 -0.094666 -0.033242 0.033394 0.205626 0.175104 0.265252 -0.036546 0.113221 -0.021883 -0.075289 -0.058805 -0.047573 0.027461 -0.099934 -0.292260 -0.265384 -0.043786 -0.017882 -0.000627 0.058430 -0.098335 0.074935 -0.046585 0.131350 0.049681 0.349491 0.097832 0.185305 0.272915 -0.067483 -0.460394 -0.078631 -0.067582 0.214142 0.486121 0.114197 -0.245960 -0.099703 -0.039904 -0.113142 -0.030183 0.059125 0.044828 -0.124447 0.168983 -0.029631 0.027415 0.119084 0.012205 0.128108 -0.095291 0.187009 -0.045149 -0.171130 0.084168 0.455470 0.015745
0.086808 -0.068860 -0.249045 -0.032385 -0.261791 -0.130053 -0.254986 0.021928 0.046194 0.021240 -0.094909 -0.097635 -0.012642 -0.132742 0.241916 0.235101 -0.075563 -0.064286 -0.572522 -0.212456 0.430875 1.000000 -0.202344 0.017063 0.302946 0.506129 -0.040946 0.070800 0.333272 0.142066 0.200817 0.392482 -0.265976 -0.075159 0.003979 -0.169397 0.368870 0.385953 0.090556 0.174957 0.268064 0.172400 0.077707 0.159692 -0.126442 -0.031475 0.137301 0.026011 -0.107729 -0.024051 0.072401 -0.090580 0.167852 -0.026256 -0.052276 0.110349 -0.030880 0.040298 -0.121481 0.024568 -0.215439 -0.088767 0.024557 -0.091682 -0.103059 -0.052126 -0.146887 -0.383887 -0.409263 -0.398640 -0.193797 0.164807 0.062059 -0.285924 -0.320547 -0.157821 -0.199300 -0.082563 0.327799 0.163814 0.128520 0.222702 0.006072 -0.023589 0.224715 0.105292 0.262506 0.121375 -0.311833 -0.202381 -0.206244 -0.224782 0.178793 0.064354 0.368243 -0.074510 0.201490 -0.149533 -0.046732 -0.018849 -0.036103 -0.030712 -0.072977 -0.118578 -0.297498 0.004463 -0.002273 -0.080724 0.280574 -0.082590 0.069697 0.121429 -0.101376 -0.051345 0.430424 0.101333
-0.373642 -0.317763 0.523753 0.250018 0.049246 -0.191462 0.363995 0.211990 0.146438 0.069683 0.514048 -0.034959 0.221483 0.046276 0.309675 -0.140831 0.014071 -0.204110 0.284278 -0.087316 -0.129064 -0.202344 1.000000 0.725025 0.116560 0.233013 -0.146143 0.174346 -0.084541 -0.140483 0.202350 0.140718 -0.165386 -0.116461 0.140103 0.394952 -0.060410 -0.054076 0.120233 0.006107 -0.413719 -0.003472 -0.155221 -0.213582 -0.134793 -0.195972 -0.149924 -0.254220 0.034780 -0.195853 0.189030 -0.079342 -0.097568 -0.006803 0.084884 -0.099554 -0.392457 -0.300355 -0.410023 -0.431225 -0.228233 -0.453697 -0.421660 -0.448799 0.531116 0.242301 -0.375029 0.098710 -0.075853 0.002843 0.156854 0.183968 -0.039627 0.110929 0.171102 -0.141019 -0.116618 -0.242992 -0.289470 -0.021197 -0.037610 -0.123666 0.410183 0.130880 0.228988 0.190680 0.377079 0.273423 0.620656 0.108858 0.153486 0.209791 0.245227 0.104544 -0.009499 0.349001 -0.191868 0.055358 -0.254428 -0.374649 0.081851 -0.045555 -0.234527 -0.138984 0.005086 0.187999 -0.118453 0.006484 0.046227 0.210595 0.162702 -0.226936 0.018078 -0.103799 -0.272481 0.196419
-0.577722 -0.357272 0.281391 0.502627 0.044282 -0.035190 0.186816 0.444311 0.212341 0.251832 0.430455 0.168533 0.124820 0.130861 0.305544 -0.005285 0.022405 -0.277434 0.017934 -0.225046 0.039489 0.017063 0.725025 1.000000 0.263925 0.496657 -0.245585 0.244839 -0.166063 -0.239097 0.161306 0.269252 -0.445155 -0.184096 0.228460 0.607587 -0.015183 0.018559 0.197531 0.256893 -0.364743 0.071427 -0.232432 -0.291360 -0.193692 -0.194803 -0.176013 -0.299303 -0.058488 -0.164702 0.207006 0.050539 -0.050659 -0.005815 0.112368 -0.075909 -0.428453 -0.255788 -0.572875 -0.350403 -0.422619 -0.315797 -0.553426 -0.529872 0.526401 0.530954 -0.496229 0.037843 -0.312871 -0.269086 0.021494 0.182476 -0.260220 -0.106420 -0.070963 -0.277040 -0.375281 -0.181686 -0.350655 -0.088340 -0.133892 -0.221035 0.423342 0.194684 0.234073 0.351907 0.545386 0.537527 0.503871 0.166883 0.186671 0.055899 0.528928 -0.013909 0.202947 0.411315 -0.152381 -0.069387 -0.197305 -0.487392 0.188977 -0.296642 -0.187321 -0.290607 -0.037231 0.291592 -0.095915 -0.031314 0.265346 0.344736 0.278512 -0.273182 0.030312 -0.028291 -0.078857 0.122383
-0.244244 -0.203947 -0.176913 0.048252 0.070434 -0.102127 -0.220323 -0.021854 0.132323 0.294975 -0.007894 -0.126952 0.030749 -0.223230 0.117747 -0.103544 0.079248 -0.291965 -0.281077 0.012696 0.401792 0.302946 0.116560 0.263925 1.000000 0.695577 0.096256 0.040998 0.163514 -0.211352 0.263110 0.279823 -0.261619 0.195424 0.064531 0.341182 -0.124577 0.089448 0.313491 0.194656 0.099551 0.198256 -0.069129 -0.028243 -0.040577 0.006818 -0.095064 -0.201571 -0.119501 -0.011092 0.287340 -0.148200 -0.026334 -0.251897 -0.074173 -0.254711 -0.012611 -0.052050 -0.174920 -0.107933 -0.105493 -0.319423 0.053277 -0.034916 -0.007950 -0.194107 -0.007884 0.151718 -0.174727 -0.070867 -0.234851 0.048111 -0.144357 -0.357295 -0.438072 -0.345794 -0.446771 -0.231607 -0.057147 -0.113992 0.117982 0.112251 0.144006 0.114725 0.037994 0.099259 0.099174 -0.029603 0.049982 -0.220645 -0.107074 -0.256188 -0.015522 0.046112 0.119816 0.354947 -0.161186 -0.329726 -0.142763 -0.364255 0.041202 -0.262203 -0.456795 -0.421223 -0.363065 0.354859 0.034533 0.260844 0.098662 0.053383 0.352561 -0.243728 -0.242242 -0.323017 0.081374 0.235027
-0.202611 -0.159361 -0.179974 0.072300 -0.152740 0.008235 -0.121005 0.107562 -0.034654 0.001863 0.297208 0.175089 0.141843 -0.040603 0.320871 0.097343 0.172603 -0.283446 -0.293343 -0.088724 0.646649 0.506129 0.233013 0.496657 0.695577 1.000000 0.216114 0.377809 0.203347 -0.179153 0.545258 0.580272 -0.346185 0.179316 0.216992 0.420716 0.182831 0.035817 0.232951 0.144129 0.083544 0.067006 -0.279002 -0.234688 -0.248777 -0.211402 -0.233141 -0.342725 -0.312358 -0.268003 0.164060 -0.327673 -0.138658 -0.220580 -0.095807 -0.174190 -0.045340 0.080543 -0.339445 -0.328790 -0.243369 -0.314328 -0.121321 -0.205371 0.331551 0.079507 -0.218081 -0.067007 -0.282298 -0.193334 -0.122100 0.194407 -0.113951 -0.360717 -0.371562 -0.350570 -0.467462 -0.226240 -0.068832 -0.006322 0.130352 0.092959 0.437655 0.279130 0.331086 0.323996 0.248896 0.204121 0.205916 -0.279095 -0.144561 -0.218284 0.308328 0.187074 0.240855 0.196807 -0.192670 -0.206650 -0.333446 -0.418340 0.210267 -0.223562 -0.450442 -0.244028 -0.329396 0.271553 -0.064715 0.024780 0.229807 0.094284 0.398727 -0.212102 -0.262730 -0.240935 0.233552 0.178309
0.434092 0.394843 -0.151573 -0.220150 0.251689 0.522384 0.145484 -0.119263 -0.392272 -0.493726 0.247550 0.294004 0.265763 0.267264 0.186348 0.484793 0.253088 -0.043402 0.247045 0.006110 0.427255 -0.040946 -0.146143 -0.245585 0.096256 0.216114 1.000000 0.625488 0.217130 0.006494 0.269526 0.112851 0.098807 0.086619 -0.184513 -0.139333 -0.084669 -0.429025 -0.081304 -0.244383 0.157061 -0.033136 -0.146461 -0.111023 -0.033149 -0.100798 -0.256442 -0.137129 -0.028578 -0.114285 0.074925 -0.263596 -0.355089 -0.238772 -0.382020 -0.375927 0.282040 0.330957 0.216637 0.024478 0.138483 0.113310 0.110574 0.144865 0.033484 -0.173699 0.156183 0.029510 0.397425 0.201768 -0.234316 -0.337506 -0.042165 -0.083859 -0.042515 0.029516 0.067382 -0.208081 -0.016044 -0.085698 0.249415 0.151672 0.149531 0.275716 0.052427 0.018626 -0.207388 -0.177678 -0.063344 -0.353411 -0.196509 -0.133217 -0.246669 0.076667 -0.385852 -0.317974 -0.308979 -0.325764 -0.241671 -0.182215 0.181424 0.146278 -0.123221 -0.001408 -0.126117 -0.262342 -0.120855 -0.048271 -0.432664 -0.443047 -0.116028 -0.002505 -0.360929 -0.401242 -0.130016 -0.264359
0.165327 0.446698 -0.027403 0.159004 0.140342 0.514840 0.127288 0.050211 -0.068776 -0.253265 0.286248 0.335228 0.072428 0.327028 0.246057 0.370261 0.071778 -0.060501 0.351019 0.039409 0.453994 0.070800 0.174346 0.244839 0.040998 0.377809 0.625488 1.000000 -0.193615 -0.118672 0.134237 -0.060394 0.003931 -0.182464 -0.098719 0.083823 -0.231676 -0.355320 -0.119340 -0.115392 -0.070156 -0.240357 -0.245078 -0.317975 -0.222712 -0.329643 -0.296033 -0.166197 -0.115388 -0.243683 -0.016470 -0.084814 -0.389423 -0.138056 -0.129967 -0.190650 -0.032936 0.216100 -0.093966 0.056615 -0.117026 0.153248 -0.175773 -0.078692 0.239688 0.153167 -0.164531 -0.029078 0.336281 0.182922 -0.094820 -0.161592 -0.219021 0.022300 -0.043313 0.124686 0.085241 -0.134827 -0.224066 -0.189251 -0.077062 -0.225307 0.170219 0.167000 0.114979 0.052816 0.037438 0.261173 0.156186 -0.035173 0.125072 0.036947 0.127190 0.124835 -0.242401 -0.353156 -0.138303 -0.056628 -0.211087 -0.258998 0.276868 0.228106 0.053865 0.040889 0.069610 -0.156230 0.143343 -0.183231 -0.017538 -0.033489 0.091004 -0.157689 -0.141681 0.006995 -0.016586 -0.171557
-0.031202 -0.117119 -0.125266 -0.212753 0.024635 -0.052460 -0.067298 0.041368 -0.240166 -0.196691 0.333962 0.253768 0.503312 0.144745 0.395766 0.450601 0.438986 0.272523 -0.167844 -0.299449 0.083769 0.333272 -0.084541 -0.166063 0.163514 0.203347 0.217130 -0.193615 1.000000 0.639234 0.402727 0.608314 0.077432 0.361397 -0.201562 -0.343662 0.377660 0.308617 0.311796 0.232397 0.296589 0.549081 -0.148375 0.026405 -0.233743 -0.220329 -0.111874 -0.334926 -0.331387 -0.221598 -0.079778 -0.508796 -0.186274 -0.170503 -0.117248 -0.203678 0.038830 0.176199 -0.196394 -0.524515 0.072504 -0.242919 0.294078 0.143463 -0.026204 -0.227993 -0.316529 -0.471782 -0.255654 -0.361765 0.095592 0.327060 0.731619 0.182239 0.264311 0.102017 0.062667 0.096637 0.558880 0.527255 0.749288 0.829164 0.371402 0.502280 0.370355 0.285789 -0.063929 -0.310287 0.060584 -0.316756 -0.802895 -0.557574 -0.248928 -0.220658 -0.161098 0.297699 -0.211450 -0.398895 -0.534408 -0.299765 0.135781 0.011918 -0.200641 -0.217763 -0.683584 -0.262300 -0.351772 -0.204383 -0.304033 -0.381282 -0.251743 -0.166507 -0.306221 -0.480095 -0.037904 -0.181055
-0.045752 0.158655 -0.147872 -0.094981 -0.058866 -0.073223 -0.068746 -0.008853 -0.178732 -0.178659 0.182805 0.357258 0.281802 0.311202 0.257877 0.425482 0.172965 0.414300 0.024617 -0.270099 -0.142086 0.142066 -0.140483 -0.239097 -0.211352 -0.179153 0.006494 -0.118672 0.639234 1.000000 0.033087 0.155963 0.375261 0.251776 -0.146886 -0.455999 0.240383 0.360410 0.222197 0.342862 0.216458 0.466239 0.035434 0.119686 -0.120444 -0.192093 0.063387 -0.131472 -0.274895 -0.132643 -0.361686 -0.327370 -0.226249 0.033352 0.100582 0.081334 -0.200222 0.029608 -0.200306 -0.411289 -0.059418 -0.043427 0.164539 0.050366 -0.025499 -0.089072 -0.367432 -0.553391 -0.038132 -0.240472 0.204632 0.335444 0.793197 0.503966 0.489193 0.434522 0.455017 0.436549 0.424164 0.453512 0.499772 0.645717 0.141517 0.399718 0.278614 0.292167 -0.173481 -0.245681 0.020396 -0.072713 -0.707999 -0.533954 -0.194483 -0.286431 -0.282522 0.180350 0.025598 -0.093463 -0.364485 -0.135498 0.180291 0.119843 0.182873 0.010293 -0.424379 -0.491378 -0.289577 -0.351098 -0.277619 -0.194479 -0.359540 -0.112033 0.018473 -0.018313 0.013646 -0.262001
-0.064229 -0.035580 -0.020066 -0.232328 -0.101760 0.020332 0.015366 -0.089370 -0.270046 -0.361397 0.311956 0.144663 0.159524 -0.109767 0.230520 0.026882 0.223637 -0.124737 0.035923 -0.018973 0.620141 0.200817 0.202350 0.161306 0.263110 0.545258 0.269526 0.134237 0.402727 0.033087 1.000000 0.752837 0.069797 0.389832 0.359037 0.104848 0.350461 0.096891 0.192192 -0.030544 0.123876 -0.058117 -0.507112 -0.440474 -0.419216 -0.329837 -0.531447 -0.561637 -0.575234 -0.526403 -0.057485 -0.617825 -0.407692 -0.447800 -0.308047 -0.284170 0.123056 0.316124 -0.173797 -0.488210 0.056924 -0.199393 0.204513 0.112638 0.517280 0.059156 0.007953 -0.088391 -0.235945 -0.138846 0.268863 0.454888 0.290090 0.064208 0.068301 0.053244 0.113743 0.085897 0.240364 0.173168 0.315027 0.228271 0.392912 0.253551 0.614451 0.472415 0.192832 0.201410 0.381076 -0.285277 -0.336419 -0.223835 0.185568 0.333403 0.019232 0.028608 -0.302691 -0.084838 -0.455680 -0.268113 0.150827 0.067195 -0.211144 -0.005580 -0.191617 0.027250 -0.145421 -0.155455 0.036560 -0.101634 0.007453 -0.300550 -0.263984 -0.133390 0.235854 0.210804
-0.268177 -0.321113 -0.126193 -0.086249 -0.089734 -0.095024 -0.066251 0.152065 -0.240174 -0.189426 0.339770 0.260436 0.188034 -0.064528 0.280150 0.209682 0.268399 -0.087967 -0.326194 -0.244384 0.379786 0.392482 0.140718 0.269252 0.279823 0.580272 0.112851 -0.060394 0.608314 0.155963 0.752837 1.000000 -0.304747 0.366328 0.261692 0.224337 0.366077 0.140662 0.167109 0.097168 0.130133 0.209233 -0.329477 -0.201709 -0.312574 -0.145935 -0.344741 -0.482978 -0.447540 -0.332134 0.085186 -0.516081 -0.268221 -0.254890 -0.314206 -0.308530 -0.007011 0.165627 -0.281067 -0.499415 -0.102197 -0.306504 0.095112 -0.065488 0.450579 0.125619 -0.193763 -0.154067 -0.473981 -0.378742 0.146257 0.456228 0.256164 -0.119856 -0.085637 -0.118832 -0.262251 0.055348 0.324209 0.381513 0.484165 0.496752 0.418601 0.348708 0.562741 0.495640 0.227911 0.083599 0.226743 -0.362946 -0.421504 -0.415346 0.309180 0.063783 0.165971 0.217986 -0.407089 -0.375972 -0.528656 -0.406808 0.213908 -0.224823 -0.384213 -0.271419 -0.503957 0.015231 -0.293495 -0.135407 0.023911 -0.108890 -0.070337 -0.213533 -0.327236 -0.353938 0.195758 0.111364
0.278049 0.537344 0.042230 -0.159823 -0.028918 0.067556 0.059158 -0.289842 -0.180535 -0.287126 -0.113392 0.100881 0.045770 0.256649 -0.085727 0.137425 -0.086241 0.222902 0.480194 0.456146 0.000626 -0.265976 -0.165386 -0.445155 -0.261619 -0.346185 0.098807 0.003931 0.077432 0.375261 0.069797 -0.304747 1.000000 0.441270 -0.252618 -0.551654 -0.085173 0.011270 -0.075546 -0.130463 0.110310 -0.148671 -0.176683 -0.232636 -0.196556 -0.317883 -0.262631 -0.169674 -0.280215 -0.215783 -0.427270 -0.264021 -0.200927 -0.244563 0.033006 0.023541 0.049509 0.216375 0.135836 -0.054399 0.312975 0.168394 0.306896 0.407449 -0.204722 -0.307496 0.063743 -0.143212 0.372255 0.314144 0.354849 0.070942 0.525578 0.495128 0.508636 0.408522 0.711392 0.238669 0.080321 -0.034916 -0.069551 0.029545 -0.127754 0.092861 0.025908 -0.050640 -0.421030 -0.313543 -0.012009 0.006523 -0.226579 0.013903 -0.404579 0.053104 -0.392002 -0.188439 0.174941 0.333750 -0.058198 0.210515 -0.002576 0.460244 0.358228 0.447327 0.198076 -0.220489 0.225815 -0.196922 -0.265164 -0.239874 -0.155063 -0.227715 0.281188 0.216202 0.001650 -0.094672
-0.164356 0.122277 -0.077426 -0.066022 -0.006176 -0.134382 0.031655 0.029864 -0.174113 -0.073255 -0.069749 0.146072 0.003246 0.024737 -0.050851 0.042746 0.085290 0.052266 -0.018521 0.383328 0.221387 -0.075159 -0.116461 -0.184096 0.195424 0.179316 0.086619 -0.182464 0.361397 0.251776 0.389832 0.366328 0.441270 1.000000 0.131438 0.003774 -0.051717 -0.048593 -0.008661 -0.103336 0.160004 0.060959 -0.453431 -0.408753 -0.334508 -0.266858 -0.509013 -0.442028 -0.635271 -0.396003 -0.296093 -0.645532 -0.279891 -0.430833 -0.236981 -0.413485 0.021576 0.230204 -0.059528 -0.357093 0.394880 0.011053 0.440129 0.424731 0.101841 -0.204380 0.015373 0.139241 -0.076720 0.165911 0.248720 0.284405 0.349131 -0.033111 -0.045183 -0.082977 -0.006356 0.051418 0.082439 0.138485 0.220670 0.325109 0.215296 0.352061 0.220755 0.033678 -0.395408 -0.384292 0.235288 -0.362087 -0.286748 -0.313669 -0.138444 0.196116 -0.121353 0.107555 -0.273041 -0.101229 -0.411503 -0.241257 0.028967 0.038456 -0.282630 0.011520 -0.171226 0.160055 0.091710 0.043752 -0.068352 -0.172020 0.069343 -0.321873 -0.108761 -0.145029 0.082085 -0.057811
-0.082626 -0.163661 -0.234593 -0.342124 -0.220013 -0.107458 -0.168094 -0.221853 -0.107409 -0.090336 -0.001927 -0.046463 -0.412920 -0.385454 -0.208629 -0.415219 -0.290785 -0.478819 -0.226268 -0.093654 0.276835 0.003979 0.140103 0.228460 0.064531 0.216992 -0.184513 -0.098719 -0.201562 -0.146886 0.359037 0.261692 -0.252618 0.131438 1.000000 0.600421 0.222521 0.083495 0.060945 -0.023066 -0.018923 -0.252816 -0.007298 0.033770 0.235582 0.311883 0.013732 0.061467 -0.124021 -0.053797 -0.098822 -0.117376 -0.251797 -0.123722 -0.152521 0.128035 0.087777 -0.074728 -0.202040 -0.232254 -0.180935 -0.214738 -0.004115 -0.126214 0.477465 0.152979 0.233788 0.336080 -0.335502 -0.166030 0.030118 0.283047 -0.255172 -0.144218 -0.159249 -0.062766 -0.060626 0.136614 -0.219269 -0.182758 -0.100385 -0.249673 0.093053 -0.032794 0.464905 0.339022 0.320254 0.467722 0.204101 -0.221718 0.125342 0.110647 0.301410 0.399377 0.217499 0.062202 -0.071714 0.200588 0.063472 0.129964 0.011280 -0.249751 -0.233325 0.036075 0.209943 0.178977 -0.210231 0.049789 0.322185 0.363797 0.156641 0.185297 0.066699 0.213951 0.214493 0.150405
-0.357393 -0.422695 -0.053414 0.119765 0.097618 0.060244 -0.070095 0.158110 0.093568 0.260934 0.158420 -0.002853 -0.310194 -0.235350 -0.212281 -0.369119 -0.109343 -0.434838 -0.167503 -0.151043 0.132172 -0.169397 0.394952 0.607587 0.341182 0.420716 -0.139333 0.083823 -0.343662 -0.455999 0.104848 0.224337 -0.551654 0.003774 0.600421 1.000000 -0.170508 -0.288385 -0.052647 -0.104271 -0.253490 -0.194536 -0.036850 -0.071484 0.145855 0.279280 -0.087931 -0.022300 -0.023790 0.011463 0.205787 0.022465 -0.151750 -0.022798 -0.169219 -0.200953 -0.018678 -0.249835 -0.219946 -0.116679 -0.272611 -0.248094 -0.221950 -0.290016 0.517452 0.348978 0.039643 0.571739 -0.178693 -0.066771 -0.184638 0.033122 -0.537910 -0.377333 -0.373141 -0.408610 -0.498379 -0.198909 -0.424909 -0.145048 -0.148373 -0.295034 0.165802 -0.021257 0.182331 0.200595 0.216881 0.322691 0.333611 -0.150291 0.384836 0.176727 0.432054 0.170494 0.254854 0.194881 -0.347949 -0.113078 -0.022991 -0.221216 0.163607 -0.388966 -0.421923 -0.247687 0.009007 0.369175 -0.047462 0.172159 0.323529 0.418245 0.401362 -0.047633 -0.114518 -0.046392 -0.071613 0.074369
