1.000000 0.370748 -0.062108 -0.224181 -0.210852 -0.423943 -0.251363 -0.280960 0.103076 -0.494790 0.238416 0.041319 -0.120236 -0.213041 0.083192 -0.020282 0.458441 0.030479 0.188283 0.189764 -0.183285 -0.043828 -0.150126 -0.393018 -0.093044 -0.184906 -0.096708 -0.437470 0.529602 0.145167 0.031134 -0.092345 0.301392 0.289950 0.068809 -0.157019 0.442463 -0.040366 -0.018879 0.060630 0.436055 -0.010240 -0.183798 -0.297929 -0.172121 -0.243779 0.065724 -0.297672 -0.152391 0.234617 0.041103 0.021736 0.379046 -0.080184 0.431467 0.008343 0.667435 0.443493 0.056261 -0.092486 0.172395 -0.090543 0.532308 0.518235 -0.235034 -0.494944 -0.066585 -0.517749 0.389965 -0.211576 0.083257 -0.006056 0.405992 0.279669 0.459431 0.088563 0.528251 0.236023 -0.056242 0.301689 0.120867 0.386221 0.379540 0.504841 0.211436 0.353820 -0.127641 0.327220 -0.406262 0.241470 0.086018 -0.086753 -0.468065 -0.180980 -0.185848 0.045657 -0.042776 -0.111609 0.379819 0.211427 -0.155298 -0.050719 -0.248867 -0.163909 -0.163970 -0.165228 -0.052493 0.065287 -0.068951 -0.205988 -0.188607 0.029547 0.195380 0.009484 0.051327 -0.101195
0.370748 1.000000 0.139047 -0.072362 0.085515 -0.059835 -0.086844 0.308203 -0.033493 -0.064863 0.096124 0.469861 -0.137214 0.360377 -0.243699 0.195486 0.236550 -0.047107 -0.193469 0.018899 -0.134444 -0.045020 -0.367165 -0.510503 -0.403793 -0.379306 -0.126834 -0.383160 0.110034 0.272310 -0.103910 -0.272330 0.241008 0.005076 -0.222132 -0.326331 0.136981 -0.063929 -0.144750 -0.122559 0.068081 0.098145 -0.405826 -0.370674 -0.366425 -0.318689 -0.052797 -0.420363 -0.167372 -0.209199 -0.170409 -0.073528 0.135864 -0.010307 0.137545 -0.263298 0.110959 0.092672 0.280198 0.525061 0.524578 0.605056 0.291770 0.603792 -0.435309 -0.053627 0.504914 -0.075234 0.352728 0.031352 0.269590 0.031697 0.264413 0.530535 0.381590 0.389487 0.390025 -0.056701 0.113485 -0.028519 -0.080161 0.027796 -0.229389 0.240405 -0.027370 0.257151 -0.255876 0.019747 -0.316933 0.002567 0.066617 -0.384566 -0.286578 -0.279798 -0.227104 -0.236498 -0.085917 -0.324027 0.179867 0.118624 0.146141 0.023803 0.311678 -0.102128 -0.120897 -0.260604 0.112208 -0.143059 -0.026176 -0.579028 -0.445652 -0.060771 0.044037 -0.197798 -0.128788 -0.162969
-0.062108 0.139047 1.000000 0.240253 0.388480 0.310580 0.735494 0.660156 0.172515 0.464791 0.358108 0.266280 0.371972 0.147277 0.053483 0.272203 0.094151 -0.152031 -0.068173 -0.265638 0.035621 0.105544 0.097529 -0.426951 0.018729 -0.275727 -0.158071 -0.135120 -0.019082 -0.084282 -0.095935 -0.398273 0.198449 -0.106420 -0.506652 -0.530585 -0.313942 -0.122634 -0.126301 -0.229686 -0.145099 0.150451 -0.358533 -0.065660 -0.497781 -0.380260 -0.549141 -0.314027 -0.192104 -0.215467 0.113891 -0.046392 -0.350261 0.064318 -0.286147 0.068912 -0.369910 -0.504228 0.246124 0.495268 0.455295 0.322256 -0.162243 -0.056405 -0.091732 0.231207 0.487370 0.173539 0.153606 -0.100693 0.327748 -0.038096 0.131093 0.266398 0.088966 0.244453 0.093125 -0.212575 -0.074886 -0.218124 -0.210826 -0.223661 -0.162381 0.086452 -0.487816 -0.347990 -0.092422 -0.409701 -0.155957 -0.136467 0.025876 0.245958 0.379431 0.276681 -0.020688 -0.135260 -0.034466 -0.145185 -0.313811 0.070682 0.391865 -0.073778 0.512118 -0.048796 0.017357 -0.325871 -0.126128 -0.312329 -0.177354 -0.496581 -0.495541 -0.111948 -0.129833 -0.296358 -0.149872 -0.312845
-0.224181 -0.072362 0.240253 1.000000 -0.022733 0.363269 0.151884 0.380005 0.136214 0.339482 -0.196862 -0.122121 -0.073162 0.019828 0.107341 -0.128701 -0.151063 -0.172740 0.228736 -0.090246 0.269125 0.290895 0.360431 0.335459 0.327938 0.446887 0.062235 0.377227 -0.426830 -0.193285 0.124499 0.070454 0.064283 -0.046630 -0.153582 -0.122105 -0.284395 -0.130797 -0.073369 0.239585 -0.173346 -0.112373 -0.143385 0.134419 -0.156118 0.005884 -0.441414 -0.061106 -0.108610 -0.240091 0.259407 0.004309 -0.213851 -0.253080 -0.195174 0.066809 -0.481149 -0.450061 -0.172676 0.257504 -0.217593 -0.066980 -0.439732 -0.475699 0.130206 0.584622 0.006473 0.265467 0.024895 -0.266120 -0.085873 -0.194320 -0.347385 0.067294 -0.080682 0.110018 -0.200478 -0.305982 -0.105594 -0.361181 -0.456196 -0.512000 -0.352503 -0.153690 -0.296808 -0.220570 0.005238 -0.257393 0.148693 0.029135 0.017982 -0.007057 0.459509 -0.009704 -0.057435 -0.042443 -0.040294 -0.060506 -0.386361 -0.175195 0.444931 0.061716 0.250591 0.200788 0.148689 0.149559 -0.163723 -0.270148 -0.175536 -0.171946 0.011100 -0.272894 0.106417 -0.154517 -0.086810 -0.067500
-0.210852 0.085515 0.388480 -0.022733 1.000000 0.421651 0.209631 0.383673 0.248349 0.316824 0.026452 -0.110173 0.055901 0.299865 -0.168878 0.262997 -0.068034 -0.068248 -0.392336 -0.145936 0.192756 0.239943 -0.195733 -0.343227 -0.196383 -0.440165 0.275351 0.068003 0.077914 -0.093212 -0.521934 -0.538523 -0.213972 -0.391525 -0.365782 -0.359457 -0.371161 0.074476 0.026411 -0.260345 -0.267324 0.152372 -0.247028 -0.266080 -0.071766 -0.135041 -0.210843 -0.122080 -0.025375 -0.216202 -0.243019 -0.076678 -0.090672 0.185104 -0.184078 0.129353 -0.239354 -0.318054 0.336583 0.496970 0.309409 0.367175 0.154081 0.049350 -0.258363 0.191030 0.334430 0.145981 -0.019752 0.154034 0.205446 -0.094204 0.035576 0.306275 -0.026471 0.004504 -0.119060 0.055019 0.016966 -0.252455 -0.087051 -0.140567 0.019707 0.099603 -0.381563 -0.265756 0.191946 -0.357600 -0.214994 -0.163836 0.131943 0.132707 0.179079 0.217930 0.114290 -0.075413 -0.099252 0.072289 -0.318900 0.192323 0.176338 -0.034054 0.294429 0.138166 0.180588 -0.119502 0.112534 -0.032830 -0.046665 -0.165353 -0.280604 0.088526 -0.248708 -0.237443 -0.048917 -0.190650
-0.423943 -0.059835 0.310580 0.363269 0.421651 1.000000 0.325550 0.422781 -0.123616 0.584722 -0.096950 0.082968 0.277465 0.150614 -0.133746 0.075986 -0.120134 -0.010697 -0.214368 -0.120578 0.427066 0.484348 0.034005 0.056609 -0.056239 0.023416 0.401045 0.623515 -0.326397 -0.118060 -0.254522 -0.280750 -0.298888 -0.562581 -0.376019 -0.290741 -0.390955 -0.186778 0.143708 -0.037670 -0.301595 0.007931 -0.195678 0.007674 0.009855 0.084805 -0.399668 -0.087248 0.196107 -0.051028 0.206136 0.132893 -0.319471 -0.017652 -0.315221 -0.051672 -0.320193 -0.490893 0.139670 0.341446 0.196173 0.235316 -0.308987 -0.336010 -0.028072 0.467751 0.164196 0.310174 -0.004593 0.007659 0.197818 0.116535 -0.268660 0.089841 -0.189971 0.026217 -0.385310 -0.290797 -0.086286 -0.418649 -0.238483 -0.424977 -0.282140 -0.221279 -0.365442 -0.231411 0.020856 -0.340235 0.057937 -0.171192 -0.223480 0.125659 0.381311 0.213088 -0.094639 -0.049507 -0.340250 -0.158306 -0.508254 0.012649 0.187563 -0.052121 0.180574 0.081997 0.120653 0.035562 -0.197259 0.164920 -0.251394 -0.210656 -0.218963 -0.131086 -0.179762 0.039054 0.006935 0.081672
-0.251363 -0.086844 0.735494 0.151884 0.209631 0.325550 1.000000 0.450830 0.036903 0.438742 0.510218 0.214229 0.698754 0.104420 0.257189 0.182945 -0.077409 -0.069059 0.041376 -0.189059 0.031311 -0.025953 0.370315 -0.055460 0.136489 0.008497 -0.004623 0.094099 -0.043609 -0.285576 0.182981 -0.070599 0.021603 -0.148182 -0.427053 -0.484066 -0.398954 -0.260248 -0.174504 -0.212329 -0.295743 0.126684 -0.223924 -0.091120 -0.342367 -0.319629 -0.528510 -0.301618 -0.103878 -0.105856 0.030604 0.162519 -0.497624 0.066155 -0.414185 0.101407 -0.366120 -0.448495 0.309327 0.191542 0.266545 0.120493 -0.454217 -0.189644 0.296976 0.244969 0.223427 0.105390 -0.165854 -0.150215 0.173283 0.015273 -0.084430 -0.088321 -0.243173 0.163185 -0.203052 -0.272803 -0.289940 -0.166038 -0.307012 -0.297852 -0.238567 -0.022254 -0.340697 -0.357104 -0.240602 -0.545360 0.217126 -0.064762 -0.146580 0.323081 0.535148 0.494375 -0.056347 -0.043922 -0.186528 -0.101588 -0.517273 -0.163857 0.298985 -0.142260 0.419430 0.060964 0.081735 -0.175714 -0.070603 -0.298799 -0.202989 -0.387384 -0.437624 -0.211993 -0.199779 -0.081345 -0.078330 -0.195885
-0.280960 0.308203 0.660156 0.380005 0.383673 0.422781 0.450830 1.000000 0.121761 0.685569 0.040681 0.337656 0.103126 0.533654 -0.163940 0.252389 -0.102818 -0.148739 -0.157864 -0.258459 0.016547 0.076851 -0.096635 -0.303142 -0.164520 -0.168143 -0.155514 -0.027375 -0.238408 0.015978 -0.147550 -0.289949 0.136411 -0.090674 -0.355749 -0.317494 -0.257903 -0.282204 -0.051372 -0.193162 -0.258282 -0.016444 -0.398383 -0.064460 -0.407976 -0.134639 -0.602568 -0.376943 -0.175054 -0.324803 0.113263 -0.140323 -0.435769 0.024778 -0.351106 -0.173586 -0.541210 -0.559710 0.168509 0.651686 0.429481 0.587822 -0.216560 -0.130125 0.047168 0.624587 0.552470 0.458821 -0.063615 -0.129660 0.241051 -0.112935 -0.107460 0.179593 -0.063786 0.175813 -0.080797 -0.219751 0.048263 -0.323495 -0.226022 -0.448321 -0.413813 -0.088303 -0.365403 -0.241385 -0.163241 -0.419881 0.078578 -0.233681 -0.125508 -0.136941 0.416620 0.015549 0.087236 -0.162074 -0.066294 -0.075847 -0.392650 -0.105012 0.523883 -0.084677 0.443481 -0.177126 -0.012511 -0.372235 -0.049077 -0.254354 -0.035554 -0.510687 -0.399507 -0.131903 -0.229035 -0.361236 -0.284354 -0.133707
0.103076 -0.033493 0.172515 0.136214 0.248349 -0.123616 0.036903 0.121761 1.000000 -0.079674 0.150597 -0.318294 -0.231276 0.079108 0.166329 0.064062 0.082663 0.005384 0.021716 -0.058171 0.362070 0.213333 0.069475 -0.183033 0.050632 0.105562 0.132594 -0.047922 0.125014 -0.128893 -0.038442 -0.088868 0.255809 0.164851 0.060634 0.080653 -0.096419 0.175260 0.030875 -0.162880 0.207597 -0.131504 -0.218994 -0.147457 -0.146431 -0.127922 -0.172749 -0.061242 -0.160751 -0.177197 -0.107740 -0.218358 -0.092935 -0.072134 -0.008972 0.004050 -0.137654 0.000236 0.155208 0.087018 0.124724 -0.006163 -0.150001 -0.068546 0.006735 0.049173 0.087120 0.077390 -0.098304 -0.056026 0.140790 -0.070183 0.140947 0.092206 -0.013036 0.073271 0.101420 0.061914 0.075812 0.011745 0.061398 0.122907 0.248444 0.211058 -0.119155 -0.121783 0.164271 -0.029998 -0.088718 -0.133100 0.065091 -0.110877 0.029314 -0.159637 0.111866 -0.100356 0.310997 0.116577 -0.167394 -0.017646 0.001669 -0.308643 -0.025874 -0.286602 -0.303820 -0.126829 -0.075413 -0.257122 0.096770 -0.073426 0.031082 -0.105613 -0.205430 -0.218294 -0.006180 -0.010488
-0.494790 -0.064863 0.464791 0.339482 0.316824 0.584722 0.438742 0.685569 -0.079674 1.000000 0.008821 0.250790 0.307554 0.377585 -0.109648 0.206487 -0.252083 0.065270 -0.307946 -0.408963 0.000759 0.046422 -0.000928 -0.095795 0.074488 -0.045841 -0.074037 0.131836 -0.246840 -0.050474 -0.179810 -0.250700 -0.091664 -0.142697 -0.321957 -0.090680 -0.379338 -0.124007 -0.042459 -0.238472 -0.422477 0.028788 -0.260722 -0.025195 -0.126031 0.143023 -0.508500 -0.264383 0.042879 -0.350022 0.102059 -0.157894 -0.408008 -0.090978 -0.412072 -0.170476 -0.466167 -0.584512 0.196635 0.475528 0.277903 0.479296 -0.273674 -0.304956 0.165937 0.730592 0.388590 0.485444 -0.034673 -0.156729 0.088179 -0.092763 -0.072408 -0.098322 -0.188738 0.180519 -0.279987 -0.280428 -0.094342 -0.390927 -0.017626 -0.380189 -0.361406 -0.193129 -0.234721 -0.244870 -0.095333 -0.532159 0.234928 -0.240925 -0.072358 -0.016185 0.589375 0.203323 0.078525 -0.123045 -0.289538 -0.002348 -0.493369 -0.163577 0.477809 -0.185509 0.351739 -0.082588 0.126317 -0.170160 -0.055852 -0.074629 0.038341 -0.317274 -0.197356 -0.112873 -0.230250 -0.037592 -0.152300 -0.002372
0.238416 0.096124 0.358108 -0.196862 0.026452 -0.096950 0.510218 0.040681 0.150597 0.008821 1.000000 0.355793 0.617823 0.189323 0.464516 0.239229 0.194845 0.026791 0.005601 -0.046392 -0.256732 -0.128221 0.150698 -0.159020 -0.026468 -0.128711 0.019249 -0.144209 0.546773 -0.097498 0.111270 -0.073720 0.123579 0.164755 -0.231131 -0.343405 -0.021556 0.034098 -0.184251 -0.147259 0.080019 0.306449 -0.247524 -0.396936 -0.362458 -0.546151 -0.225658 -0.369298 -0.008313 0.065027 -0.028297 0.049112 -0.059124 0.008997 -0.089565 -0.083475 0.188608 0.083024 0.391051 -0.074308 0.352749 0.085330 0.054807 0.187937 0.117141 -0.189758 -0.060007 -0.395633 -0.001737 -0.165825 0.247404 0.013613 0.365187 0.053228 0.123350 0.351844 0.184039 0.013794 -0.271211 0.057419 -0.047046 0.099631 0.159497 0.432230 0.014430 -0.011433 -0.214387 -0.173929 -0.057553 0.023742 0.054997 0.094059 0.083558 0.139727 -0.033575 -0.037501 -0.147048 -0.003355 -0.164736 -0.045694 -0.083283 -0.413108 0.001131 -0.177243 -0.255586 -0.165113 -0.080331 -0.216025 0.002422 -0.237829 -0.358670 -0.229979 -0.124747 0.004498 0.121518 -0.086390
0.041319 0.469861 0.266280 -0.122121 -0.110173 0.082968 0.214229 0.337656 -0.318294 0.250790 0.355793 1.000000 0.325773 0.432869 -0.064215 0.360480 0.085188 -0.104966 -0.052861 0.231998 -0.390819 -0.251525 -0.374811 -0.301816 -0.302058 -0.359079 -0.082369 -0.207647 0.156005 0.264902 0.015341 -0.178181 0.081576 0.144501 -0.237393 -0.325130 0.007917 -0.072675 -0.114044 0.077557 -0.044283 0.245235 -0.371665 -0.358751 -0.268615 -0.324428 -0.237350 -0.450278 0.065512 -0.169520 0.194937 -0.042039 -0.001657 -0.020443 0.030694 -0.173802 -0.046689 -0.175995 0.226808 0.284647 0.447737 0.498232 0.038093 0.219286 -0.005894 0.063164 0.331935 0.036842 0.204465 0.144214 0.272222 0.099823 0.210484 0.206946 0.221233 0.329329 0.133326 -0.204720 -0.110053 0.026684 -0.085150 -0.178764 -0.203444 0.163632 0.012884 0.121585 -0.444753 -0.009945 0.033866 -0.015732 -0.056042 -0.145552 -0.236164 -0.088813 -0.078203 -0.156081 -0.232887 -0.241646 0.007459 0.039683 -0.033181 -0.264924 0.189908 -0.126377 -0.131655 -0.253278 0.138069 -0.028122 0.063532 -0.318584 -0.382116 -0.256924 -0.120832 -0.064749 -0.157225 0.009612
-0.120236 -0.137214 0.371972 -0.073162 0.055901 0.277465 0.698754 0.103126 -0.231276 0.307554 0.617823 0.325773 1.000000 0.106804 0.314566 0.055432 -0.092274 -0.065069 -0.128481 -0.070540 -0.146335 -0.140164 0.289688 0.118992 0.142564 -0.018255 0.254515 0.222400 0.170899 -0.268090 0.203456 -0.008934 -0.035129 -0.090457 -0.266548 -0.309959 -0.275350 -0.080457 0.007907 -0.006335 -0.246984 0.257969 -0.121165 -0.209887 -0.226320 -0.281774 -0.337565 -0.274493 0.136549 0.002105 0.115029 0.147239 -0.250961 0.098957 -0.170377 0.038499 -0.084587 -0.196603 0.490406 -0.064897 0.327500 -0.018245 -0.227903 -0.147866 0.359419 0.043686 -0.112935 -0.214080 0.004284 -0.132338 0.066160 0.035418 -0.018625 -0.224522 -0.157084 0.178035 -0.261830 -0.238864 -0.412033 -0.116454 -0.299334 -0.192338 -0.133110 -0.007957 -0.100530 -0.346566 -0.219233 -0.325550 0.257728 0.098874 -0.045225 0.231787 0.329729 0.421084 -0.074968 -0.012607 -0.288937 -0.129580 -0.348584 -0.067759 0.000598 -0.223691 0.101517 0.107078 0.035880 0.039503 0.048676 -0.023979 -0.168629 -0.150841 -0.340015 -0.140739 -0.164682 0.197006 -0.041556 -0.111022
-0.213041 0.360377 0.147277 0.019828 0.299865 0.150614 0.104420 0.533654 0.079108 0.377585 0.189323 0.432869 0.106804 1.000000 -0.051007 0.393107 -0.007558 -0.064551 -0.308107 -0.002342 -0.150107 0.035181 -0.418190 -0.276786 -0.310779 -0.232796 0.140472 -0.056626 0.131883 0.051074 -0.202103 -0.218740 -0.083544 -0.114643 -0.248740 -0.224677 -0.246729 -0.119764 0.016329 -0.173854 -0.126985 0.216433 -0.418718 -0.350690 -0.239789 -0.190150 -0.193120 -0.369157 0.049848 -0.279945 -0.070181 -0.269347 -0.124673 -0.098952 -0.200242 -0.243128 -0.235070 -0.040689 0.217205 0.331246 0.351818 0.492549 0.058696 0.034197 -0.069087 0.305436 0.246228 0.068205 -0.133285 -0.002655 0.226145 0.140342 -0.006149 0.185689 -0.035632 0.282311 -0.022658 0.140868 0.026472 -0.110363 0.070023 -0.059878 -0.061817 0.177949 -0.058717 -0.015671 -0.024759 -0.256871 0.063386 -0.182272 -0.046423 -0.266089 0.093244 -0.088423 0.310047 0.008943 -0.047592 0.140240 -0.287599 -0.039404 0.364164 -0.236314 0.159373 -0.252144 -0.183712 -0.258542 0.177598 -0.289047 0.135846 -0.244475 -0.313245 -0.209248 -0.119683 -0.266497 -0.137020 -0.231880
0.083192 -0.243699 0.053483 0.107341 -0.168878 -0.133746 0.257189 -0.163940 0.166329 -0.109648 0.464516 -0.064215 0.314566 -0.051007 1.000000 0.181490 -0.080386 0.075961 0.440805 0.285037 0.054002 -0.008859 0.468199 0.290395 0.369239 0.412402 0.231621 0.096360 0.333277 -0.275436 0.489522 0.420168 0.110853 0.212380 0.046535 -0.049800 -0.108575 -0.026939 -0.058560 -0.089081 0.025605 -0.094988 -0.079563 -0.008574 -0.129054 -0.353709 -0.163634 -0.169342 0.089515 0.093616 0.094999 0.200846 -0.133279 0.032887 -0.242729 0.136365 -0.068499 0.094719 -0.068195 -0.341054 -0.258188 -0.442957 -0.287068 -0.251481 0.353174 -0.219478 -0.362248 -0.466949 -0.103839 -0.266984 -0.079662 0.059085 0.041062 -0.161680 -0.067486 0.283142 0.127738 0.026715 -0.244068 -0.170686 -0.289652 -0.169787 0.365240 0.291704 0.234544 0.058619 0.035267 -0.089539 0.326593 0.178234 0.234240 0.220114 0.094979 0.205389 -0.122776 0.053904 -0.025740 0.017884 -0.121693 -0.193088 -0.034303 -0.269177 -0.139800 -0.040725 -0.160487 -0.045524 -0.193819 -0.148946 -0.138401 0.081127 0.027313 -0.188076 0.065850 0.153930 0.116001 -0.088780
-0.020282 0.195486 0.272203 -0.128701 0.262997 0.075986 0.182945 0.252389 0.064062 0.206487 0.239229 0.360480 0.055432 0.393107 0.181490 1.000000 0.217173 0.060736 -0.152463 0.041917 -0.021348 0.005925 -0.207761 -0.424967 -0.100889 -0.291300 0.121313 -0.170214 0.363022 0.441033 0.078865 -0.012812 0.144318 0.063268 -0.142509 -0.236911 0.001858 0.176901 0.204021 -0.197007 0.168661 0.348027 -0.289887 -0.245191 -0.139646 -0.192340 -0.273904 -0.485478 -0.294904 -0.071772 -0.124064 -0.219600 -0.272152 -0.213784 -0.113086 -0.386851 -0.082571 -0.004820 0.055375 0.189538 0.184409 0.205032 0.090131 0.223878 -0.015807 -0.099001 0.328865 -0.141787 -0.017688 -0.178855 0.294838 0.317893 0.333158 0.419688 0.136371 0.361916 0.272560 0.158523 0.098420 0.020434 0.168205 0.072495 0.260011 0.563952 0.177937 0.190513 0.044934 -0.034808 0.121347 -0.215645 -0.158294 -0.194405 -0.142599 -0.064669 0.159939 0.097283 -0.032380 0.002080 -0.199373 0.044559 0.043907 -0.327058 0.014249 -0.240688 -0.395590 -0.416093 -0.263301 -0.163644 0.152692 -0.220222 -0.277422 -0.232110 -0.011018 -0.307934 -0.241082 -0.354883
0.458441 0.236550 0.094151 -0.151063 -0.068034 -0.120134 -0.077409 -0.102818 0.082663 -0.252083 0.194845 0.085188 -0.092274 -0.007558 -0.080386 0.217173 1.000000 0.188588 0.010549 -0.060861 -0.027506 0.218995 -0.133883 -0.306180 -0.032320 -0.138106 -0.119949 -0.225983 0.482436 0.226142 0.029884 -0.060195 0.206228 0.056647 -0.259236 -0.152379 0.149047 -0.007539 0.314741 0.071224 0.271849 0.093293 0.062504 0.111871 0.038648 0.006910 -0.051494 -0.290255 -0.142229 0.274634 0.088055 0.203434 0.085016 -0.084261 0.009717 -0.397190 0.376622 0.263995 0.017566 -0.028796 0.199297 0.032830 0.350742 0.450776 -0.223023 -0.275736 0.255756 -0.253181 0.198267 -0.243015 0.112975 0.466666 0.483837 0.171021 0.188515 -0.073259 0.444004 0.073217 0.453623 0.374187 0.235389 0.352013 0.224991 0.228432 -0.038399 0.257363 0.027486 0.054356 -0.551542 -0.107268 -0.306501 -0.180457 -0.227202 -0.269340 -0.011942 0.308731 -0.142071 -0.116820 0.062398 -0.015427 -0.153770 -0.354862 -0.229312 -0.018840 -0.186593 -0.009018 -0.147310 -0.101703 -0.234544 -0.210266 -0.332691 -0.110100 0.197984 -0.120909 0.167465 -0.286392
0.030479 -0.047107 -0.152031 -0.172740 -0.068248 -0.010697 -0.069059 -0.148739 0.005384 0.065270 0.026791 -0.104966 -0.065069 -0.064551 0.075961 0.060736 0.188588 1.000000 -0.255335 -0.209828 -0.076737 0.148681 0.093619 -0.125422 0.003163 -0.036660 -0.219511 -0.064604 0.293644 0.258376 -0.024329 -0.037617 -0.163703 0.086009 -0.005582 0.034509 0.227084 -0.019551 0.029442 0.087359 0.116683 0.034053 -0.048615 0.022310 0.151706 0.002759 -0.005227 -0.002669 -0.124795 0.059027 -0.129263 0.023478 -0.045259 -0.128493 -0.057591 -0.182486 0.141295 0.228144 -0.085475 -0.036267 -0.062755 0.008964 0.199105 0.329987 -0.017842 -0.167907 -0.014311 -0.175490 -0.134299 0.082315 -0.126165 0.145471 0.372897 -0.165073 -0.006818 0.070647 0.057833 -0.017669 0.314743 0.316053 0.300827 0.274414 0.113078 -0.044055 0.198782 0.090044 0.105548 0.066207 -0.058302 0.055284 -0.138836 -0.139491 -0.022994 -0.172093 0.032525 -0.106031 -0.223951 0.001485 0.059867 0.060793 0.112302 -0.184531 -0.009920 -0.085893 0.061726 0.194159 0.128778 -0.026162 0.046128 0.095165 0.112476 -0.018848 0.095382 0.097015 0.287850 0.080369
0.188283 -0.193469 -0.068173 0.228736 -0.392336 -0.214368 0.041376 -0.157864 0.021716 -0.307946 0.005601 -0.052861 -0.128481 -0.308107 0.440805 -0.152463 0.010549 -0.255335 1.000000 0.449235 -0.063957 -0.102774 0.358713 0.371397 0.371476 0.504175 0.077905 0.032329 -0.098648 -0.301349 0.511315 0.478212 0.118369 0.234109 0.226014 0.100118 -0.049172 -0.389724 -0.109332 0.141615 -0.024749 -0.278274 0.214605 0.216920 0.125908 0.011884 -0.041572 0.073825 0.064735 0.191548 0.207087 0.276082 -0.023213 0.028322 -0.108894 0.302607 -0.027673 0.009599 -0.359595 -0.333954 -0.450663 -0.467799 -0.390764 -0.282161 0.343036 -0.118011 -0.243801 -0.068468 -0.119242 -0.129771 -0.021888 0.046129 -0.357095 -0.194144 -0.206461 -0.247160 -0.028944 0.050071 -0.148539 -0.024384 -0.301694 -0.309497 0.126169 0.042673 0.137597 0.100607 -0.030613 0.101612 0.168817 0.182969 0.050500 0.191846 -0.083243 0.046640 -0.294254 0.063132 0.023229 -0.225813 -0.063503 -0.384579 -0.218569 0.001884 -0.181986 -0.013357 0.027813 -0.003783 -0.274284 0.011693 -0.344772 0.011746 0.019394 -0.262974 0.004353 0.071620 0.070811 0.062715
0.189764 0.018899 -0.265638 -0.090246 -0.145936 -0.120578 -0.189059 -0.258459 -0.058171 -0.408963 -0.046392 0.231998 -0.070540 -0.002342 0.285037 0.041917 -0.060861 -0.209828 0.449235 1.000000 -0.000280 0.035933 -0.139705 0.220778 -0.132292 0.014271 0.300479 0.093200 0.094628 -0.132333 0.126840 0.141303 -0.101915 0.014451 0.281924 -0.066941 -0.128749 -0.281594 0.037289 0.214834 0.043034 -0.159105 -0.096913 -0.183543 0.155266 -0.099598 0.076205 -0.090282 0.243539 0.304455 0.165212 0.304208 0.304054 0.212669 0.059773 0.263402 0.057845 0.054474 -0.171643 -0.148974 -0.113169 -0.270395 0.023686 -0.038471 0.119502 -0.300062 -0.239627 -0.227080 -0.052010 0.282573 -0.075138 0.016525 -0.138130 0.022331 0.059063 -0.038411 -0.081527 -0.037049 -0.222162 -0.017847 -0.313522 -0.193751 0.229986 0.146158 0.057514 0.130663 -0.106922 0.367171 0.090441 0.175267 -0.014973 0.158586 -0.431070 -0.019742 -0.120741 0.092156 -0.105818 -0.043505 0.268673 0.089180 -0.301087 -0.131337 -0.191032 0.015735 0.072270 -0.011700 -0.011496 0.215049 -0.159488 0.113655 -0.138262 -0.057266 -0.044270 0.032420 0.001256 0.103530
-0.183285 -0.134444 0.035621 0.269125 0.192756 0.427066 0.031311 0.016547 0.362070 0.000759 -0.256732 -0.390819 -0.146335 -0.150107 0.054002 -0.021348 -0.027506 -0.076737 -0.063957 -0.000280 1.000000 0.642609 0.109724 0.063761 0.150264 0.305233 0.343803 0.470890 -0.330742 -0.212069 -0.048418 0.021590 -0.117468 -0.291253 -0.069173 -0.043966 -0.261547 0.063691 0.291483 -0.032811 -0.054970 -0.257535 -0.040931 0.156814 0.087827 0.115263 -0.103458 0.033446 0.073578 0.113458 0.088213 0.143286 -0.151339 -0.056653 -0.111390 -0.028709 -0.130831 -0.031643 0.014263 0.025211 -0.058174 -0.215453 -0.349997 -0.342653 -0.056612 0.150432 0.041557 0.089512 0.032562 -0.168611 0.100622 0.217030 -0.146818 0.068683 -0.130913 0.089481 -0.127511 -0.161767 0.007863 -0.243901 -0.090290 -0.118090 0.005463 -0.127567 -0.108003 -0.093333 0.238837 -0.125148 -0.003158 -0.342443 -0.079269 0.165930 0.230157 0.186364 -0.050195 0.059557 0.101520 -0.010175 -0.250544 0.040251 0.000103 0.041847 -0.014769 0.173336 -0.000684 0.020300 -0.157487 0.004372 -0.233574 0.034811 0.102559 0.085653 0.027513 0.102570 0.242956 0.064123
-0.043828 -0.045020 0.105544 0.290895 0.239943 0.484348 -0.025953 0.076851 0.213333 0.046422 -0.128221 -0.251525 -0.140164 0.035181 -0.008859 0.005925 0.218995 0.148681 -0.102774 0.035933 0.642609 1.000000 -0.024686 -0.070752 0.079732 0.069371 0.336115 0.429482 -0.148313 -0.119664 -0.183085 -0.160473 -0.219010 -0.337993 -0.148572 -0.194377 -0.357193 -0.264866 0.234025 0.105265 -0.076199 -0.241858 -0.130370 0.029754 0.054860 0.068797 -0.095143 -0.030122 0.141833 0.161725 0.169784 0.117184 -0.062968 -0.200921 -0.172663 -0.174312 -0.073951 -0.062623 0.014343 0.171850 0.097190 -0.050458 -0.006996 -0.107752 -0.162446 0.122448 0.132564 0.072937 -0.024328 -0.037098 0.095834 0.272737 -0.070345 0.109071 -0.070929 0.044752 -0.084156 -0.135646 0.203903 -0.241121 -0.078742 -0.140409 0.086449 -0.067438 -0.255604 -0.184396 0.210770 -0.012227 -0.304490 -0.309014 -0.045680 0.096169 0.189018 0.070450 -0.099749 0.091290 -0.235401 -0.056429 -0.151145 0.124219 0.175180 -0.008275 -0.065404 0.152597 0.158366 0.008218 -0.146572 0.103760 -0.386912 -0.003731 -0.105182 0.030032 0.227614 0.070062 0.365090 -0.014152
-0.150126 -0.367165 0.097529 0.360431 -0.195733 0.034005 0.370315 -0.096635 0.069475 -0.000928 0.150698 -0.374811 0.289688 -0.418190 0.468199 -0.207761 -0.133883 0.093619 0.358713 -0.139705 0.109724 -0.024686 1.000000 0.463502 0.585546 0.635334 0.012656 0.329155 -0.056601 -0.302870 0.618581 0.553891 0.247821 0.225564 0.162507 0.140132 -0.092696 -0.088777 -0.142504 -0.006233 -0.078134 -0.096077 0.215128 0.299098 0.016927 0.023826 -0.219905 0.178446 -0.249241 -0.025293 0.095860 0.175903 -0.309643 -0.060794 -0.203800 0.204941 -0.199604 -0.116778 -0.066966 -0.282003 -0.426793 -0.460228 -0.423753 -0.306402 0.521255 0.024640 -0.344222 -0.114540 -0.187650 -0.377027 -0.269264 -0.094369 -0.180245 -0.328646 -0.385076 -0.165020 -0.220523 -0.115917 -0.155542 -0.064443 -0.361807 -0.219234 -0.193895 -0.056653 0.037378 -0.205315 0.160721 -0.170649 0.315196 0.269915 0.026205 0.146060 0.347053 0.149247 -0.139723 -0.117642 -0.035532 0.034164 -0.375007 -0.541339 -0.046645 -0.009970 0.068014 0.217060 -0.044668 0.203895 -0.305753 -0.258077 -0.156334 0.070780 0.232359 -0.264551 0.077941 -0.047853 -0.001233 -0.214299
-0.393018 -0.510503 -0.426951 0.335459 -0.343227 0.056609 -0.055460 -0.303142 -0.183033 -0.095795 -0.159020 -0.301816 0.118992 -0.276786 0.290395 -0.424967 -0.306180 -0.125422 0.371397 0.220778 0.063761 -0.070752 0.463502 1.000000 0.387816 0.662616 0.188675 0.514178 -0.356472 -0.342698 0.400499 0.560785 -0.198874 -0.034806 0.296778 0.317381 -0.182924 -0.117973 -0.027605 0.263361 -0.149570 -0.178861 0.371278 0.311430 0.187206 0.216285 0.000710 0.345855 0.232511 0.059590 0.091028 0.226198 -0.068923 0.037127 -0.115655 0.221914 -0.214273 -0.104498 -0.270679 -0.392866 -0.560628 -0.492398 -0.451055 -0.502036 0.405551 0.188929 -0.559534 0.066268 -0.337076 -0.024721 -0.355549 -0.166114 -0.446743 -0.468279 -0.311277 -0.235972 -0.398382 -0.129858 -0.119610 -0.145866 -0.385018 -0.338081 -0.152731 -0.356651 0.085605 -0.072267 0.035323 0.052752 0.502921 0.252882 0.011949 0.056581 0.251327 -0.016716 -0.090554 0.044426 -0.001145 0.035319 -0.123191 -0.302956 -0.110172 0.019016 -0.123555 0.181988 0.186421 0.298848 -0.019250 0.054305 -0.158677 0.403507 0.324130 -0.078135 -0.136675 0.296265 0.074060 0.235660
-0.093044 -0.403793 0.018729 0.327938 -0.196383 -0.056239 0.136489 -0.164520 0.050632 0.074488 -0.026468 -0.302058 0.142564 -0.310779 0.369239 -0.100889 -0.032320 0.003163 0.371476 -0.132292 0.150264 0.079732 0.585546 0.387816 1.000000 0.562020 0.111788 0.194397 -0.140463 -0.328272 0.511771 0.487193 0.074871 0.155191 0.108807 0.237748 -0.270395 0.001874 -0.047563 0.033344 -0.222574 -0.143958 0.246445 0.321183 0.159201 0.296576 -0.100382 0.129536 0.029773 -0.071795 0.077735 0.034330 -0.166198 -0.201327 -0.247248 0.055888 -0.210176 -0.071711 -0.078016 -0.264637 -0.397644 -0.417880 -0.364406 -0.443883 0.384908 0.093262 -0.161399 0.008522 -0.069987 -0.392591 -0.168283 0.003063 -0.131042 -0.323204 -0.216154 -0.064397 -0.066009 -0.130461 -0.125271 -0.163849 -0.214449 -0.160237 0.061211 -0.036762 0.135529 -0.105136 0.224981 -0.147628 0.252940 0.113595 0.232956 0.115809 0.322715 0.161762 -0.160575 0.117120 0.004577 -0.082522 -0.391409 -0.471338 -0.025021 -0.057102 -0.168737 0.212378 -0.035199 0.073835 -0.246324 -0.239170 -0.216134 0.099993 0.242487 -0.202473 0.050727 0.161473 0.192800 -0.252265
-0.184906 -0.379306 -0.275727 0.446887 -0.440165 0.023416 0.008497 -0.168143 0.105562 -0.045841 -0.128711 -0.359079 -0.018255 -0.232796 0.412402 -0.291300 -0.138106 -0.036660 0.504175 0.014271 0.305233 0.069371 0.635334 0.662616 0.562020 1.000000 0.201052 0.439778 -0.228693 -0.334951 0.572409 0.719568 0.083587 0.170609 0.292873 0.310672 -0.157849 -0.136595 -0.021958 0.136045 -0.056393 -0.276918 0.233396 0.420662 0.136551 0.250311 -0.086385 0.228891 -0.010927 0.017338 0.189699 0.104339 -0.231340 -0.215945 -0.145877 0.132430 -0.140451 -0.004872 -0.312832 -0.429548 -0.627339 -0.515023 -0.607085 -0.507496 0.434782 0.232203 -0.433891 0.049165 -0.184481 -0.452662 -0.320401 0.051936 -0.342691 -0.432472 -0.316805 -0.174626 -0.232780 -0.104576 -0.019795 -0.100955 -0.245999 -0.220056 -0.032556 -0.167518 0.268470 0.096552 0.167009 -0.016435 0.430778 0.161634 -0.015156 -0.059458 0.290423 0.001568 -0.087167 0.103655 0.155336 -0.000401 -0.353133 -0.553510 -0.075248 -0.136918 -0.243824 -0.012031 -0.079945 0.180159 -0.232759 -0.166469 -0.162885 0.229280 0.402053 -0.212886 0.014622 0.193565 0.053796 0.013156
-0.096708 -0.126834 -0.158071 0.062235 0.275351 0.401045 -0.004623 -0.155514 0.132594 -0.074037 0.019249 -0.082369 0.254515 0.140472 0.231621 0.121313 -0.119949 -0.219511 0.077905 0.300479 0.343803 0.336115 0.012656 0.188675 0.111788 0.201052 1.000000 0.579088 0.049177 -0.283607 0.009885 0.045260 -0.299630 -0.407126 0.027434 -0.149437 -0.428192 0.011221 0.196758 -0.031460 -0.146600 -0.093399 -0.075308 -0.202258 0.107949 -0.072799 -0.018891 0.025456 0.226301 0.040430 0.032427 0.033162 -0.082659 -0.059227 -0.026132 0.103755 -0.062603 -0.026072 0.155541 -0.144893 -0.058319 -0.233193 -0.228332 -0.243955 0.094470 -0.031306 -0.259662 -0.162573 -0.088336 0.043950 0.165336 0.200948 -0.357282 0.011964 -0.180137 -0.067910 -0.282872 0.091862 -0.231767 -0.274606 -0.247620 -0.193866 0.237610 0.071827 0.027046 -0.144960 0.200655 -0.002750 0.150867 0.046607 0.060073 0.179256 0.036024 0.303361 -0.062328 0.118195 -0.070102 -0.207133 -0.312199 -0.027200 -0.181214 -0.127410 -0.231246 0.063246 -0.113500 0.139293 -0.045180 0.228699 -0.248681 0.165759 -0.017735 -0.058650 -0.141786 0.195600 0.012265 0.016311
-0.437470 -0.383160 -0.135120 0.377227 0.068003 0.623515 0.094099 -0.027375 -0.047922 0.131836 -0.144209 -0.207647 0.222400 -0.056626 0.096360 -0.170214 -0.225983 -0.064604 0.032329 0.093200 0.470890 0.429482 0.329155 0.514178 0.194397 0.439778 0.579088 1.000000 -0.321226 -0.227602 0.126928 0.232205 -0.372794 -0.351710 0.024293 0.057197 -0.368777 -0.090475 0.295764 0.229222 -0.139273 -0.118147 0.071844 0.127729 0.088786 0.063343 -0.187536 0.218892 0.181275 0.102191 0.184976 0.142750 -0.363180 -0.147679 -0.121895 0.099535 -0.230943 -0.150962 -0.073025 -0.256603 -0.285886 -0.316873 -0.485288 -0.454497 0.315737 0.227078 -0.410348 0.001836 -0.227284 -0.035636 -0.142225 0.050861 -0.456440 -0.226835 -0.313021 -0.126704 -0.502244 -0.089131 -0.177322 -0.235281 -0.310007 -0.300226 -0.123642 -0.350036 -0.046266 -0.188785 0.285152 0.013861 0.308237 0.031219 -0.316724 0.129091 0.269484 0.164851 0.131051 0.126810 -0.011969 0.067696 -0.425926 -0.123662 -0.017478 -0.089392 -0.163720 0.183581 -0.048245 0.301941 -0.277223 0.160425 -0.165594 0.319229 0.225774 -0.129835 -0.117215 0.204602 0.124022 0.050124
0.529602 0.110034 -0.019082 -0.426830 0.077914 -0.326397 -0.043609 -0.238408 0.125014 -0.246840 0.546773 0.156005 0.170899 0.131883 0.333277 0.363022 0.482436 0.293644 -0.098648 0.094628 -0.330742 -0.148313 -0.056601 -0.356472 -0.140463 -0.228693 0.049177 -0.321226 1.000000 0.222795 0.024080 -0.018462 0.179744 0.334464 -0.029774 -0.124818 0.295408 0.197106 0.045254 -0.098592 0.308157 0.241516 -0.039948 -0.235713 0.016313 -0.284365 -0.015074 -0.287474 -0.122864 0.191801 0.048925 0.018887 0.166138 -0.050182 0.115376 -0.086742 0.488915 0.395131 0.130949 -0.250835 0.147936 -0.063084 0.474949 0.476975 -0.007075 -0.455122 -0.094115 -0.595621 0.117955 -0.227947 -0.070004 0.191870 0.593681 0.089052 0.207553 0.054587 0.421381 0.268259 0.075565 0.456779 0.261969 0.461343 0.512963 0.543793 0.262808 0.250324 0.070306 0.160036 -0.246492 0.094681 -0.023869 -0.118717 -0.378165 -0.155377 0.044905 0.053885 -0.147044 0.094598 0.123451 0.048028 -0.267122 -0.476303 -0.302036 -0.154612 -0.320244 -0.028646 -0.038867 -0.020590 0.001348 -0.006990 -0.073195 -0.062968 0.083214 -0.129991 -0.025748 -0.255496
0.145167 0.272310 -0.084282 -0.193285 -0.093212 -0.118060 -0.285576 0.015978 -0.128893 -0.050474 -0.097498 0.264902 -0.268090 0.051074 -0.275436 0.441033 0.226142 0.258376 -0.301349 -0.132333 -0.212069 -0.119664 -0.302870 -0.342698 -0.328272 -0.334951 -0.283607 -0.227602 0.222795 1.000000 -0.027715 -0.060970 0.221787 0.187484 0.021768 -0.008488 0.565140 0.378962 0.096837 0.116993 0.419777 0.225717 0.013440 -0.076038 -0.066537 -0.135753 0.040740 -0.177548 -0.347193 -0.078774 -0.053522 -0.326302 -0.032713 -0.200875 0.391015 -0.265157 0.248755 0.294343 -0.225625 -0.011178 0.034554 0.232591 0.374562 0.520839 -0.184526 -0.238185 0.157605 -0.061065 0.227604 -0.053238 -0.065541 0.088990 0.461806 0.328437 0.319741 -0.005994 0.316717 0.180751 0.243178 0.259161 0.362791 0.393853 0.132569 0.280286 0.402677 0.482872 0.136084 0.498128 -0.024907 0.116224 -0.137314 -0.521905 -0.417031 -0.487554 0.124159 -0.065952 0.103617 -0.059427 0.258070 0.250013 -0.108366 -0.011206 -0.022791 -0.314070 -0.282672 -0.170877 -0.228726 0.030392 0.242739 0.051333 0.160749 -0.137079 0.034513 -0.245311 -0.152314 -0.173211
0.031134 -0.103910 -0.095935 0.124499 -0.521934 -0.254522 0.182981 -0.147550 -0.038442 -0.179810 0.111270 0.015341 0.203456 -0.202103 0.489522 0.078865 0.029884 -0.024329 0.511315 0.126840 -0.048418 -0.183085 0.618581 0.400499 0.511771 0.572409 0.009885 0.126928 0.024080 -0.027715 1.000000 0.863080 0.410864 0.509704 0.318975 0.297956 0.108244 -0.174078 0.105853 0.177244 0.112208 -0.044777 0.180899 0.204786 -0.042951 -0.018045 -0.223901 -0.039545 -0.237873 -0.078659 0.113432 -0.026308 -0.381480 -0.267016 -0.015960 -0.074195 -0.029412 0.147938 -0.042273 -0.427755 -0.302361 -0.487890 -0.407483 -0.131780 0.629251 -0.113797 -0.250774 -0.209457 -0.114553 -0.414514 -0.204475 0.067933 -0.077969 -0.301785 -0.268512 -0.014754 -0.019581 -0.096654 -0.025811 0.079712 -0.223145 -0.117051 -0.033565 0.020552 0.392009 -0.000226 -0.041855 0.101688 0.544093 0.202053 -0.083902 -0.248683 -0.020596 -0.124664 -0.182985 -0.051232 0.029353 -0.143699 -0.189253 -0.475119 -0.247088 -0.126512 -0.172539 -0.048311 -0.322295 -0.034113 -0.322156 -0.232053 -0.207885 0.017791 0.190959 -0.356701 0.066046 0.046823 -0.022140 -0.205651
-0.092345 -0.272330 -0.398273 0.070454 -0.538523 -0.280750 -0.070599 -0.289949 -0.088868 -0.250700 -0.073720 -0.178181 -0.008934 -0.218740 0.420168 -0.012812 -0.060195 -0.037617 0.478212 0.141303 0.021590 -0.160473 0.553891 0.560785 0.487193 0.719568 0.045260 0.232205 -0.018462 -0.060970 0.863080 1.000000 0.252553 0.484307 0.507862 0.501336 0.118786 -0.133888 0.105068 0.184533 0.077656 -0.129225 0.352268 0.360582 0.145800 0.225988 -0.024985 0.197269 -0.111381 0.065714 0.068885 -0.005153 -0.318034 -0.274200 0.003132 -0.071561 0.018417 0.238236 -0.235049 -0.588747 -0.536904 -0.555237 -0.386411 -0.233251 0.633337 -0.069033 -0.427268 -0.156080 -0.253977 -0.422646 -0.394373 0.105635 -0.202960 -0.439536 -0.372688 -0.147505 -0.119743 0.043979 0.029643 0.126825 -0.158238 -0.055297 -0.005894 -0.063987 0.529385 0.158295 0.071484 0.168550 0.597146 0.135218 -0.138284 -0.274375 -0.033591 -0.182300 -0.093680 0.089251 0.149400 0.039943 -0.150611 -0.522717 -0.290855 -0.101354 -0.373451 -0.057178 -0.305036 0.077057 -0.264964 -0.149413 -0.110055 0.272000 0.430926 -0.187270 0.054322 0.109944 0.018664 -0.086773
0.301392 0.241008 0.198449 0.064283 -0.213972 -0.298888 0.021603 0.136411 0.255809 -0.091664 0.123579 0.081576 -0.035129 -0.083544 0.110853 0.144318 0.206228 -0.163703 0.118369 -0.101915 -0.117468 -0.219010 0.247821 -0.198874 0.074871 0.083587 -0.299630 -0.372794 0.179744 0.221787 0.410864 0.252553 1.000000 0.601270 0.163481 0.105179 0.358608 0.117521 0.000423 -0.028893 0.402454 0.089859 0.024649 0.164782 -0.158603 -0.017940 -0.157817 -0.263801 -0.406228 -0.193740 0.166402 -0.263234 0.053635 -0.135466 0.254314 -0.152547 0.016433 0.107087 0.162092 0.051264 0.182842 0.039707 0.035846 0.181545 0.159287 -0.052325 0.180114 -0.027000 0.310694 -0.350423 -0.048573 -0.088553 0.273866 0.235653 0.100420 0.123434 0.323442 -0.112972 0.156697 0.211376 -0.024088 0.106201 -0.106478 0.307614 0.096710 0.071719 -0.126792 0.139298 0.026475 0.057781 0.012416 -0.451421 -0.236371 -0.402944 -0.230380 -0.142618 0.082433 -0.049914 0.072405 -0.335986 -0.100281 -0.147223 -0.069062 -0.360056 -0.451671 -0.327707 -0.229222 -0.141861 -0.040174 -0.316301 -0.061116 -0.333547 0.223245 -0.314645 -0.438692 -0.343574
0.289950 0.005076 -0.106420 -0.046630 -0.391525 -0.562581 -0.148182 -0.090674 0.164851 -0.142697 0.164755 0.144501 -0.090457 -0.114643 0.212380 0.063268 0.056647 0.086009 0.234109 0.014451 -0.291253 -0.337993 0.225564 -0.034806 0.155191 0.170609 -0.407126 -0.351710 0.334464 0.187484 0.509704 0.484307 0.601270 1.000000 0.491139 0.443644 0.472026 0.043665 -0.014816 0.204359 0.316201 0.079767 0.143907 0.056378 -0.025194 0.053889 -0.169107 -0.097924 -0.266106 -0.113724 0.159432 -0.296454 0.002745 -0.247169 0.232669 -0.137259 0.121383 0.198903 0.059622 -0.232789 -0.039682 -0.142487 0.045547 0.121776 0.413442 -0.110079 -0.044331 -0.124273 0.056290 -0.277689 -0.285334 -0.120639 0.310162 -0.226118 -0.023458 -0.020170 0.164476 -0.077612 0.154097 0.432294 0.140326 0.173110 0.017987 0.214408 0.372294 0.046728 -0.117124 0.259960 0.197073 0.024924 -0.006805 -0.476603 -0.322240 -0.502389 -0.052182 -0.190893 0.109356 0.135520 0.115291 -0.254296 -0.261165 -0.226414 -0.234836 -0.230346 -0.321728 -0.088520 -0.066330 -0.094866 0.134776 0.036397 0.246139 -0.250081 0.052521 -0.144377 -0.179733 -0.114903
0.068809 -0.222132 -0.506652 -0.153582 -0.365782 -0.376019 -0.427053 -0.355749 0.060634 -0.321957 -0.231131 -0.237393 -0.266548 -0.248740 0.046535 -0.142509 -0.259236 -0.005582 0.226014 0.281924 -0.069173 -0.148572 0.162507 0.296778 0.108807 0.292873 0.027434 0.024293 -0.029774 0.021768 0.318975 0.507862 0.163481 0.491139 1.000000 0.683966 0.267935 -0.073624 -0.103582 0.135920 0.136007 -0.148502 0.305464 0.059090 0.256682 0.393021 0.189043 0.428012 -0.079188 0.133657 -0.062491 -0.170589 0.031855 -0.104782 0.201565 -0.023416 0.094857 0.263089 -0.180462 -0.365139 -0.342922 -0.379157 -0.048822 -0.085007 0.326980 -0.236317 -0.304894 0.020677 -0.180156 -0.001049 -0.344178 -0.252969 -0.195776 -0.361065 -0.231345 -0.303856 -0.187534 0.091091 -0.011877 0.183686 0.061977 0.135369 0.048336 0.014673 0.372987 -0.042661 0.108731 0.442935 0.309549 0.067006 -0.023407 -0.275675 -0.260815 -0.256658 -0.016796 -0.043256 0.129710 0.166283 0.247739 -0.188589 -0.316702 -0.001057 -0.356986 -0.244949 -0.183132 0.049310 -0.156340 0.215334 0.201467 0.370514 0.459825 0.046441 -0.086105 0.063187 -0.127219 0.168717
-0.157019 -0.326331 -0.530585 -0.122105 -0.359457 -0.290741 -0.484066 -0.317494 0.080653 -0.090680 -0.343405 -0.325130 -0.309959 -0.224677 -0.049800 -0.236911 -0.152379 0.034509 0.100118 -0.066941 -0.043966 -0.194377 0.140132 0.317381 0.237748 0.310672 -0.149437 0.057197 -0.124818 -0.008488 0.297956 0.501336 0.105179 0.443644 0.683966 1.000000 0.223186 0.128121 0.168424 0.126894 0.025195 -0.079176 0.461534 0.288969 0.372182 0.610246 0.223995 0.428099 0.024501 0.005300 -0.070713 -0.166536 -0.129345 -0.157329 -0.013634 -0.170674 0.085235 0.225734 -0.168473 -0.412967 -0.308784 -0.306616 -0.122247 -0.229004 0.368351 -0.010544 -0.225682 0.142018 -0.142500 -0.100669 -0.415247 -0.069763 -0.152266 -0.533758 -0.349103 -0.275364 -0.130911 0.016669 0.189181 0.146358 0.314207 0.183997 0.062894 -0.260116 0.389150 -0.015328 0.259705 0.275440 0.276504 -0.144861 -0.084457 -0.301802 -0.122458 -0.309729 0.069753 0.021633 0.208737 0.236526 0.084843 -0.244663 -0.344665 -0.013513 -0.390832 -0.068671 -0.183238 0.290195 -0.207669 0.130770 0.252483 0.399477 0.540177 0.131214 -0.029180 0.160531 0.090461 0.207896
