1.000000 0.473511 0.125073 -0.331305 0.121161 -0.393611 0.320935 -0.420113 0.277854 -0.010923 0.687095 -0.139985 0.501312 0.097430 0.413537 0.015471 0.311129 0.111878 0.130447 0.226414 -0.047449 -0.189308 -0.194110 -0.436989 -0.253921 -0.558984 -0.243089 -0.384082 0.304381 -0.003897 -0.145564 -0.331898 -0.073716 -0.034690 -0.180926 -0.122824 -0.219607 -0.129744 -0.385048 -0.305271 -0.015603 -0.326941 -0.215932 -0.313060 -0.060288 -0.431042 -0.182196 -0.178203 0.029915 -0.055223 -0.160589 -0.066867 0.220752 0.128619 0.022940 -0.232122 0.480432 0.377345 0.491335 0.167723 0.469407 -0.059352 0.247706 0.223035 -0.099907 -0.353325 0.117340 -0.329321 0.321846 0.152625 -0.207456 -0.068953 0.105849 -0.178090 -0.142435 0.019409 0.068020 -0.092803 -0.025377 0.092469 0.029722 0.197730 0.241222 0.214459 0.218233 -0.164301 0.044818 -0.126578 -0.020517 -0.287661 0.086588 0.302270 0.064664 0.279739 -0.264987 -0.274076 -0.462974 -0.277500 0.349373 0.218059 0.191150 0.099333 0.375189 0.127859 0.146906 -0.045119 0.176769 0.053990 -0.227445 -0.363683 -0.170038 0.120628 0.043246 0.210179 -0.003647 -0.047584
0.473511 1.000000 -0.128941 0.039543 0.069811 -0.188342 -0.011824 -0.038220 0.199909 0.175708 0.189997 0.229036 0.094921 0.432379 0.116335 0.367356 0.427680 0.133980 -0.177207 0.185275 0.100780 0.177612 -0.319673 -0.331238 -0.068648 -0.330826 -0.231074 -0.336037 0.107587 0.333963 -0.197507 -0.141221 -0.000136 0.261068 -0.187885 -0.049140 -0.142240 -0.133277 -0.328329 -0.362543 0.041906 -0.276614 -0.299274 -0.334677 -0.085782 -0.162696 -0.303064 -0.397657 -0.068129 -0.142388 -0.512760 -0.311903 -0.191519 -0.352776 -0.174786 -0.478276 0.290380 0.394186 0.076396 0.417637 0.130060 0.090415 0.372641 0.453312 -0.209833 -0.301108 0.308243 -0.068825 0.562387 0.184299 -0.215710 -0.132387 0.221648 -0.223359 -0.323649 -0.066859 -0.105892 0.150507 0.415193 0.177872 0.391824 0.520107 0.192423 0.351613 -0.183583 -0.372272 -0.228422 -0.271384 -0.210830 -0.355483 0.135276 0.052238 0.063750 0.188931 -0.228282 -0.006194 -0.303313 -0.296573 0.239551 0.120845 0.027885 0.075797 0.174563 0.111098 0.157775 0.066863 0.214094 0.198559 -0.294546 -0.254495 0.034580 0.204601 0.181223 0.222123 0.164398 0.030867
0.125073 -0.128941 1.000000 -0.004208 0.082070 0.043587 0.707803 0.150978 0.065106 0.025418 0.264484 0.069767 0.518121 -0.156122 0.088613 -0.109547 -0.373204 -0.328847 0.238240 -0.190965 -0.199424 -0.002477 0.465334 -0.096665 0.078602 0.092342 0.106903 0.174973 -0.267846 -0.493507 0.140887 -0.201394 -0.045395 -0.159148 -0.172029 -0.135584 -0.101810 -0.075433 0.065325 -0.001829 -0.115761 -0.076077 -0.121545 -0.047563 -0.300570 -0.311272 -0.183617 -0.078701 0.378318 -0.213258 0.517922 0.171086 -0.133948 -0.036485 0.459531 0.346789 -0.339917 -0.288390 0.094246 -0.155732 0.385935 0.001687 0.039255 -0.020049 0.335860 0.091916 -0.020712 0.076965 -0.159136 0.171494 0.022591 0.112846 -0.333542 0.075602 0.002295 0.284627 0.099191 0.019970 -0.337275 -0.120522 -0.479730 -0.481575 -0.219951 -0.321169 0.053169 -0.201906 0.270772 -0.054455 0.450360 0.141288 -0.267917 0.043048 0.022941 0.051401 -0.045271 -0.253288 0.160400 -0.118263 -0.310088 -0.262622 -0.130875 0.184532 0.083894 0.258479 0.026946 -0.165350 0.022480 0.013963 -0.185934 -0.142423 -0.152038 -0.200883 -0.171333 0.006792 -0.217011 -0.019966
-0.331305 0.039543 -0.004208 1.000000 0.255675 0.246207 0.053400 0.655980 0.187901 0.571230 -0.434113 0.350368 -0.373161 0.383931 0.022715 0.121159 -0.274086 -0.075753 0.316723 0.151140 -0.155767 -0.039119 0.207716 0.589332 0.131336 0.210984 0.055231 0.048119 -0.027526 -0.058380 0.108387 0.228776 -0.123150 0.080858 0.004416 -0.195910 -0.334895 -0.329562 -0.183431 -0.175020 -0.313516 -0.246805 0.102953 0.030979 0.074086 0.288563 -0.090737 -0.037168 -0.352413 0.099955 0.125325 0.005576 0.039110 0.158663 -0.303760 -0.059017 -0.389246 -0.265547 -0.355644 -0.253803 -0.252397 0.350467 -0.445075 -0.211414 0.057145 0.415457 -0.366132 -0.131838 -0.070702 -0.060204 0.181298 0.016517 -0.307321 0.152630 0.111341 0.207679 -0.030613 0.181864 0.080700 0.069451 -0.308820 -0.292552 0.135995 0.063905 -0.293492 -0.120205 0.053095 0.131459 0.017134 0.236140 0.383379 0.142987 0.272552 0.057213 -0.084679 -0.123547 -0.131322 -0.046431 -0.152554 -0.144322 -0.162246 0.055540 -0.106809 0.068260 0.112366 -0.054547 -0.018581 0.186935 -0.120970 -0.103317 0.138875 -0.091079 0.080772 0.080596 -0.102769 -0.070050
0.121161 0.069811 0.082070 0.255675 1.000000 0.344992 0.208028 0.049852 0.633788 0.482766 -0.179666 0.011238 0.017308 0.168834 0.495387 0.146621 -0.226550 -0.284895 0.356986 0.176697 0.275485 0.147827 0.154585 0.025350 0.093386 -0.176817 0.482121 0.187080 -0.009596 -0.157561 0.174760 0.046544 -0.178047 -0.097850 0.061337 -0.080595 -0.206158 -0.105354 -0.213146 -0.138625 -0.174762 -0.063370 0.010230 -0.113608 0.068571 -0.089995 -0.163663 -0.084355 -0.162933 -0.028277 -0.106166 -0.080814 0.042549 0.144766 -0.205758 -0.209036 -0.195469 0.039609 0.325823 0.100529 0.229102 0.213410 -0.142837 -0.106563 0.203471 0.112805 0.060621 -0.135123 0.177055 0.133318 0.060105 -0.130429 -0.071918 0.140120 0.131982 0.288754 0.165984 0.085528 -0.195366 -0.084767 -0.320603 -0.272755 0.509493 0.190213 -0.131603 -0.157223 0.089818 -0.058315 0.000955 -0.053392 0.130104 0.129174 0.042632 0.055886 -0.052982 0.048774 -0.293322 -0.126181 -0.005899 -0.091408 -0.001469 0.038686 0.167742 -0.046859 0.058755 -0.129473 -0.107513 0.124851 0.081489 -0.073991 -0.092413 -0.036413 -0.014330 0.025950 -0.106564 0.068127
-0.393611 -0.188342 0.043587 0.246207 0.344992 1.000000 -0.354327 0.181054 0.164978 0.410428 -0.366293 0.292240 -0.340166 -0.071764 0.165902 0.140304 -0.454168 -0.317772 -0.071419 -0.148436 0.250583 0.396579 0.221488 0.070786 0.416809 0.571343 0.696200 0.788944 -0.463265 -0.338945 0.119389 0.138310 -0.245766 -0.018428 0.243064 0.125622 0.083191 0.154068 0.296893 0.034021 -0.084458 0.273393 0.215767 0.206305 0.038660 0.322659 0.197094 0.241904 -0.160312 0.027080 0.261260 0.023203 -0.069979 -0.107961 0.152878 0.186069 -0.483173 -0.306791 -0.044739 -0.160844 -0.077049 0.072294 -0.324023 -0.267459 0.229191 0.434892 -0.114210 0.231121 -0.075271 0.041073 0.082111 -0.130434 -0.392229 -0.068990 -0.040999 0.165448 0.021704 -0.075245 -0.053212 -0.194383 -0.179723 -0.265103 -0.000442 -0.213117 0.009994 0.181151 -0.079782 -0.016942 0.105825 0.381237 -0.110030 -0.229127 0.003869 -0.019667 0.146375 0.308866 0.393084 0.101533 -0.277132 -0.205306 -0.131700 -0.021338 -0.223083 0.010386 -0.151769 0.092114 -0.141476 0.050466 0.094177 0.240842 0.210893 -0.112036 -0.110227 -0.144880 -0.017872 -0.034070
0.320935 -0.011824 0.707803 0.053400 0.208028 -0.354327 1.000000 0.170867 0.186450 -0.016579 0.350010 -0.121074 0.601621 0.045009 0.173501 -0.098651 -0.138598 -0.139641 0.312590 -0.027831 -0.198584 -0.156086 0.272647 -0.008674 -0.146537 -0.345413 -0.087532 -0.270808 0.066515 -0.162102 0.147358 -0.173185 0.037662 -0.182863 -0.290314 -0.249507 -0.217807 -0.227235 -0.200142 -0.107895 -0.067269 -0.318854 -0.268499 -0.247708 -0.142229 -0.480209 -0.385998 -0.269335 0.393188 -0.114521 0.283499 0.223124 0.007020 0.227537 0.230727 0.081972 -0.084741 -0.077230 0.198376 -0.013939 0.353083 0.051221 0.182779 0.089753 0.113573 -0.134277 0.034988 -0.236319 -0.038308 0.109300 0.042590 0.101938 -0.006537 0.210924 0.134408 0.293198 0.136854 0.212619 -0.315598 0.069155 -0.392499 -0.343070 0.026763 -0.034340 -0.054504 -0.340506 0.344610 -0.035586 0.256852 -0.094110 -0.044304 0.269588 0.042797 0.112692 -0.240722 -0.513774 -0.320726 -0.286181 -0.097340 -0.152617 -0.032154 0.181857 0.246456 0.148954 0.142268 -0.284072 0.128318 0.049303 -0.270251 -0.334768 -0.387251 -0.065349 -0.112672 0.136983 -0.314073 -0.109949
-0.420113 -0.038220 0.150978 0.655980 0.049852 0.181054 0.170867 1.000000 -0.002940 0.385478 -0.439963 0.352537 -0.188486 0.345965 -0.317345 0.064150 -0.220018 -0.155152 -0.085519 -0.255122 -0.017638 -0.043920 -0.143710 0.252096 0.040873 0.141415 -0.020778 -0.091543 -0.341917 -0.095741 -0.113336 -0.006157 -0.035074 -0.029142 -0.153315 -0.160936 -0.064046 -0.109525 -0.007773 0.097717 -0.173137 -0.024345 0.184133 0.043378 0.070148 0.272908 -0.028299 0.005780 0.071236 0.264342 0.176706 0.391357 -0.086352 -0.125214 -0.128461 0.074738 -0.255924 -0.295910 -0.535319 -0.065399 -0.322877 0.380799 -0.163287 -0.017893 -0.289206 0.544063 -0.115324 0.093040 -0.242984 -0.229375 0.170414 -0.020843 -0.171491 0.079379 0.006827 0.078908 -0.096027 0.207403 0.072330 0.052373 -0.091301 -0.272515 -0.201590 -0.091638 -0.368111 -0.161585 -0.028863 0.036812 -0.147854 0.123361 0.262602 0.034719 0.431681 0.057882 0.042495 -0.033555 0.163010 0.116832 -0.135126 0.030929 -0.222355 -0.001148 -0.131442 0.024697 0.167131 -0.208088 -0.070242 0.021812 -0.082080 -0.090960 0.145075 0.091241 0.259600 0.010977 -0.216118 -0.070597
0.277854 0.199909 0.065106 0.187901 0.633788 0.164978 0.186450 -0.002940 1.000000 0.573944 -0.073040 0.031318 0.065035 0.210446 0.430632 0.124826 -0.159168 -0.188349 0.283200 0.225846 0.171727 0.132911 0.138356 0.072890 -0.000419 -0.185966 0.352656 0.005467 0.009843 -0.032824 -0.000964 -0.046690 -0.230601 -0.019499 -0.009380 -0.047618 -0.297167 -0.167389 -0.247747 -0.313151 -0.032973 -0.110656 -0.045516 -0.208972 0.091745 -0.154085 -0.234269 -0.164699 -0.171432 -0.074192 -0.032014 -0.087512 0.256639 0.218120 -0.207719 -0.210942 -0.089761 0.090557 0.397374 0.100256 0.213496 0.163159 -0.149263 -0.120828 0.120650 0.032424 0.011136 -0.219083 0.151599 0.112410 0.076540 -0.140893 -0.096533 0.106074 0.031260 0.222637 0.128648 0.158099 -0.110107 -0.075586 -0.216172 -0.146879 0.303226 0.138466 -0.143265 -0.299355 0.036422 0.028509 0.061172 -0.063829 0.212557 0.176689 0.050120 0.056178 -0.015483 -0.059515 -0.314835 -0.203020 0.110711 -0.029997 0.060339 -0.073532 0.172164 -0.030680 -0.006134 -0.200784 0.059907 0.122984 -0.050776 -0.257380 -0.013300 0.077930 0.017043 0.091274 -0.082605 -0.071654
-0.010923 0.175708 0.025418 0.571230 0.482766 0.410428 -0.016579 0.385478 0.573944 1.000000 -0.233505 0.433811 -0.177810 0.352204 0.153447 0.322363 -0.372021 -0.208229 0.128592 0.000273 -0.043988 0.021737 0.057490 0.178856 0.122147 0.066010 0.234208 0.077449 -0.281852 -0.198035 -0.078444 -0.021378 -0.345315 -0.026750 -0.000460 -0.031399 -0.309423 -0.158977 -0.228909 -0.129280 -0.248629 0.002968 0.146333 -0.006496 0.090742 0.228949 -0.173806 -0.025713 -0.278270 0.087291 0.067632 -0.019410 0.119063 -0.013877 -0.162268 -0.157886 -0.381501 -0.321831 0.031163 -0.021656 0.114075 0.467743 -0.288949 -0.115450 0.135535 0.514656 -0.193267 0.002284 0.049152 0.023328 -0.022504 -0.077773 -0.277731 0.034152 -0.033354 0.191705 -0.019760 0.128332 -0.075067 -0.093025 -0.264483 -0.258038 0.122099 0.075004 -0.073048 -0.038907 -0.006105 0.214628 0.034629 0.254293 0.303421 0.059006 0.356305 0.093008 -0.115415 -0.018079 -0.132319 -0.132562 -0.129830 -0.176816 -0.056933 -0.018979 0.057872 0.011312 0.042347 -0.048011 0.024729 0.128384 -0.082228 -0.082072 0.097096 -0.029511 0.082797 0.104898 -0.050610 -0.066274
0.687095 0.189997 0.264484 -0.434113 -0.179666 -0.366293 0.350010 -0.439963 -0.073040 -0.233505 1.000000 -0.041551 0.693381 0.015195 0.312121 0.083104 0.195600 0.102051 -0.030291 0.005310 -0.264952 -0.226110 -0.044861 -0.382573 -0.269110 -0.433001 -0.228328 -0.276488 0.202492 -0.046141 -0.085249 -0.340706 0.127679 -0.060832 -0.281462 -0.164156 0.007128 -0.057294 -0.134373 -0.139159 0.011874 -0.146684 -0.269098 -0.291708 -0.193435 -0.436889 -0.190100 -0.132583 0.266852 -0.090940 0.060653 0.034648 0.070936 0.067956 0.313966 0.081936 0.229746 0.048293 0.352173 -0.002437 0.564487 -0.096390 0.349044 0.240960 0.070921 -0.325442 -0.021677 -0.178735 0.086377 0.170859 -0.272840 0.101163 0.041868 -0.148463 -0.131561 -0.047908 0.024854 -0.059890 -0.183851 0.154253 0.001335 0.078331 0.107486 0.089605 0.443690 0.075141 0.123228 -0.091300 0.189391 -0.048533 -0.167700 0.141854 -0.009921 0.234688 -0.250503 -0.297904 -0.315976 -0.271942 0.076985 -0.003298 0.116521 0.136717 0.257647 0.210487 0.024316 0.074568 0.168995 0.005522 -0.139209 -0.089322 -0.329225 -0.118707 -0.137729 0.134257 -0.008760 -0.135948
-0.139985 0.229036 0.069767 0.350368 0.011238 0.292240 -0.121074 0.352537 0.031318 0.433811 -0.041551 1.000000 -0.043417 0.475431 -0.101809 0.254512 -0.194708 0.085190 -0.083825 -0.210896 -0.041583 0.062165 0.008007 0.050108 0.105209 0.185611 0.020890 0.051412 -0.244188 -0.077867 -0.083246 0.019675 0.141177 0.241559 -0.127592 0.028127 0.032924 0.168175 0.005440 0.125803 -0.070975 0.202854 0.153353 0.062248 -0.109903 0.183956 -0.151468 -0.081889 -0.015098 -0.070657 0.080049 -0.069794 -0.255906 -0.412523 -0.122630 -0.092049 -0.284553 -0.436948 -0.239900 -0.146630 0.219603 0.376313 -0.033258 0.254311 0.189053 0.474617 -0.117517 0.171863 -0.216461 -0.169791 -0.015883 0.109021 -0.133789 0.001948 -0.161513 0.044113 -0.207112 0.137387 0.062371 -0.137037 -0.066626 -0.137003 -0.089827 -0.095269 0.115872 0.142147 -0.026734 0.218478 -0.034798 0.198939 -0.109675 -0.186897 0.331470 -0.004575 -0.207093 0.138370 0.170364 -0.055016 -0.267932 -0.195159 -0.190839 0.149062 -0.001876 0.041912 0.057835 0.079791 -0.137777 -0.220598 -0.072141 0.165401 -0.086262 -0.280054 0.003930 -0.125084 -0.107713 -0.184120
0.501312 0.094921 0.518121 -0.373161 0.017308 -0.340166 0.601621 -0.188486 0.065035 -0.177810 0.693381 -0.043417 1.000000 0.191989 0.316405 0.147578 0.051682 -0.017545 -0.003183 -0.204346 -0.087486 -0.107816 -0.049939 -0.461846 -0.199481 -0.419749 -0.144203 -0.249259 0.038657 -0.101084 0.050007 -0.275246 0.139918 -0.146089 -0.375236 -0.042463 -0.018763 -0.005197 -0.002809 -0.099307 0.145704 -0.064354 -0.402123 -0.441957 -0.236781 -0.540581 -0.381952 -0.313751 0.589481 -0.146972 0.126022 0.075738 -0.013775 -0.062943 0.342405 0.008693 0.078859 -0.049583 0.413196 0.162459 0.709527 0.103153 0.518417 0.290587 0.120776 -0.183303 0.154682 -0.042644 -0.066850 0.086310 -0.096168 0.129100 0.117388 0.126780 0.053398 0.109314 0.084791 -0.023176 -0.364391 -0.048213 -0.228734 -0.153448 0.065648 -0.032170 0.163534 -0.168881 0.175513 -0.169170 0.261543 -0.120978 -0.248230 0.054050 -0.018128 0.193878 -0.182547 -0.185712 -0.291782 -0.164471 -0.057558 -0.184600 0.100840 0.109308 0.238235 0.056906 0.044283 -0.135790 -0.020434 -0.029457 -0.089372 -0.101577 -0.486984 -0.258504 -0.245361 -0.093033 -0.180906 -0.072594
0.097430 0.432379 -0.156122 0.383931 0.168834 -0.071764 0.045009 0.345965 0.210446 0.352204 0.015195 0.475431 0.191989 1.000000 0.221412 0.524826 0.099492 0.175876 -0.158600 0.043026 0.152666 0.084954 -0.184190 0.043223 -0.080266 -0.207998 -0.137395 -0.266488 0.113462 0.295210 -0.076938 0.100377 -0.055945 0.138903 -0.250270 -0.058866 -0.026904 -0.153807 -0.139793 -0.210757 0.177335 -0.130822 -0.105493 -0.293014 0.062739 0.021859 -0.243013 -0.275817 -0.050231 0.093258 -0.202171 -0.080391 -0.011814 -0.092567 -0.404241 -0.462995 -0.056166 0.005761 -0.078553 0.095750 0.179587 0.449014 0.068885 0.185476 -0.080019 0.084333 -0.107822 -0.161150 0.042752 0.012150 -0.033453 0.078081 0.142599 0.080745 -0.055391 0.032832 -0.052126 0.189757 0.113590 0.135222 -0.000003 0.106990 0.235453 0.173359 -0.206803 -0.238422 -0.151634 -0.113269 -0.162029 -0.204751 0.293906 0.093868 0.403432 0.195316 -0.284970 0.089980 -0.381911 -0.167463 0.178900 0.036848 0.139908 0.021707 0.138313 -0.082982 0.122829 -0.056192 -0.053333 -0.011243 -0.125068 -0.104125 -0.121622 0.020362 0.156783 0.003575 -0.105390 -0.176618
0.413537 0.116335 0.088613 0.022715 0.495387 0.165902 0.173501 -0.317345 0.430632 0.153447 0.312121 -0.101809 0.316405 0.221412 1.000000 0.349829 -0.062365 -0.138322 0.251106 0.259169 0.116317 0.118942 0.295047 -0.052277 0.098734 -0.200951 0.357020 0.193748 0.277321 0.011513 0.175926 -0.014734 -0.123426 -0.171929 -0.117253 -0.216022 -0.235416 -0.153087 -0.080966 -0.391505 0.093239 -0.151214 -0.186700 -0.232570 -0.146933 -0.399238 -0.108294 -0.076190 -0.013927 -0.016682 0.025053 -0.059203 0.205252 0.323514 -0.027800 -0.071118 0.046740 0.201625 0.421779 0.009851 0.346080 -0.043576 -0.095610 -0.146012 0.219813 -0.297960 -0.146950 -0.434355 0.141271 0.227734 -0.018775 -0.022863 -0.030399 0.109525 0.169563 0.329549 0.257832 -0.038963 -0.159339 -0.002071 -0.281430 -0.068527 0.560204 0.120711 0.101073 -0.128533 0.132947 -0.203986 0.261126 -0.049454 0.085293 0.215023 -0.037446 0.296295 -0.252947 -0.083527 -0.438315 -0.275329 0.160855 -0.042113 0.103414 -0.023129 0.150987 0.055980 -0.088651 -0.022910 -0.038946 0.233239 -0.109720 -0.125615 -0.177487 -0.078680 -0.251950 0.014957 -0.040060 -0.102552
0.015471 0.367356 -0.109547 0.121159 0.146621 0.140304 -0.098651 0.064150 0.124826 0.322363 0.083104 0.254512 0.147578 0.524826 0.349829 1.000000 0.089616 0.038276 -0.270460 -0.063672 0.129017 0.100183 -0.110821 -0.162729 0.201226 -0.087287 0.109398 -0.029748 -0.005422 0.398379 -0.076853 0.050666 -0.100649 -0.030575 -0.211832 -0.115655 -0.001611 -0.105919 0.032038 -0.281344 0.141306 0.000475 -0.134346 -0.193608 -0.115134 -0.134702 -0.163848 -0.223782 0.154501 -0.048119 -0.208933 -0.124744 -0.057012 -0.194783 -0.002571 -0.282826 -0.027788 -0.009993 0.038223 0.130882 0.187359 0.275321 0.270174 0.174513 -0.002907 -0.082850 0.010221 -0.105370 0.115425 0.099442 -0.162578 0.106692 0.135760 0.023183 -0.092535 0.106757 0.013460 0.115070 0.059444 -0.005712 0.089818 0.190476 0.153707 0.306934 -0.148320 -0.110373 -0.225941 -0.309031 -0.024478 -0.106005 0.063641 -0.119172 0.140630 0.030861 -0.187606 0.209632 -0.200741 -0.237245 0.063475 -0.105021 0.042096 -0.133535 -0.126922 -0.036502 -0.043160 0.014687 0.056249 0.121575 -0.035027 0.100508 -0.164801 -0.040459 -0.047325 0.037790 0.045230 -0.114977
0.311129 0.427680 -0.373204 -0.274086 -0.226550 -0.454168 -0.138598 -0.220018 -0.159168 -0.372021 0.195600 -0.194708 0.051682 0.099492 -0.062365 0.089616 1.000000 0.567404 -0.081784 0.357203 0.068642 -0.112354 -0.375988 -0.185850 -0.047257 -0.216261 -0.389227 -0.435909 0.554876 0.604110 -0.030151 0.126974 0.331988 0.341964 -0.128445 -0.151107 0.087399 -0.070343 -0.119851 -0.124902 0.243524 -0.142807 -0.261640 -0.324362 -0.085112 -0.266874 -0.095573 -0.339381 -0.107557 -0.182907 -0.621325 -0.302626 -0.246659 -0.074286 -0.313709 -0.319844 0.625374 0.607421 -0.187607 0.070822 -0.153631 -0.275164 0.352276 0.316003 -0.379021 -0.482386 0.096788 -0.254611 0.301823 0.028120 -0.072516 0.038133 0.580666 0.033832 -0.038643 -0.128661 0.012594 -0.006286 0.596511 0.291945 0.524834 0.716628 0.178099 0.414655 -0.125011 -0.211027 -0.386627 -0.274541 -0.408814 -0.543268 -0.021041 -0.100487 -0.166317 -0.012311 0.116238 0.167393 -0.150241 0.123455 0.223483 0.190649 0.017691 -0.077843 -0.060329 -0.264516 -0.015634 0.129533 -0.012578 -0.125812 0.150916 0.023441 0.065598 0.302728 0.030673 0.056954 0.262889 0.078022
0.111878 0.133980 -0.328847 -0.075753 -0.284895 -0.317772 -0.139641 -0.155152 -0.188349 -0.208229 0.102051 0.085190 -0.017545 0.175876 -0.138322 0.038276 0.567404 1.000000 0.010795 0.129786 0.035892 -0.202051 -0.128701 0.053719 0.140511 0.054171 -0.315325 -0.240376 0.471928 0.454925 0.219898 0.314744 0.301457 0.254538 -0.015115 -0.041771 0.041694 -0.003302 -0.034944 -0.020766 0.194597 -0.054895 -0.142938 -0.188400 -0.111823 -0.223891 -0.160166 -0.315496 -0.132593 -0.260615 -0.272194 -0.289660 -0.245073 -0.044178 -0.363969 -0.234348 0.340588 0.231822 -0.192845 -0.212449 0.046899 0.014733 0.143213 0.217506 0.016473 -0.167035 -0.130272 -0.301305 0.126956 -0.010046 0.144473 0.227660 0.319625 0.197130 -0.028908 0.039575 0.102560 -0.060785 0.319898 0.127872 0.213989 0.443168 0.082819 0.099279 0.114217 -0.022581 -0.160449 0.070208 -0.234291 -0.266641 -0.206846 -0.130182 -0.163586 -0.197628 0.005578 0.078232 -0.180428 0.112863 -0.111914 -0.058448 -0.002208 0.053848 -0.179971 -0.300775 -0.257706 0.008651 -0.311350 -0.303643 0.137258 0.139361 -0.151168 -0.028138 -0.093817 -0.142198 0.051293 -0.051649
0.130447 -0.177207 0.238240 0.316723 0.356986 -0.071419 0.312590 -0.085519 0.283200 0.128592 -0.030291 -0.083825 -0.003183 -0.158600 0.251106 -0.270460 -0.081784 0.010795 1.000000 0.551799 -0.147510 -0.192993 0.410855 0.331954 -0.004211 -0.021780 0.117499 -0.001150 0.459982 -0.144852 0.335818 0.278342 0.195205 0.170642 0.104321 -0.229761 -0.352187 -0.227055 -0.338244 -0.191062 -0.352511 -0.248510 0.043543 0.084923 -0.111707 -0.161322 -0.055391 0.046878 -0.310674 -0.155250 -0.032630 -0.136039 0.173887 0.385763 -0.233469 0.026979 -0.225161 -0.071078 0.061440 -0.280893 0.003472 -0.078820 -0.290073 -0.193930 0.153132 -0.023141 -0.139506 -0.248404 -0.079261 -0.004626 0.274672 0.050900 -0.155449 0.258261 0.364321 0.288889 0.104892 -0.056127 -0.122860 -0.209739 -0.483006 -0.370161 0.323781 0.133180 -0.074854 -0.109944 0.168094 0.101987 0.015194 0.038133 0.113200 0.242590 -0.124505 0.004327 -0.033333 -0.129202 -0.189231 -0.020342 -0.033585 -0.157837 -0.051014 0.128129 0.067582 -0.022383 -0.058592 -0.070715 -0.140598 -0.038655 -0.019813 -0.160190 -0.067193 -0.196478 -0.122412 -0.045680 -0.059819 0.099259
0.226414 0.185275 -0.190965 0.151140 0.176697 -0.148436 -0.027831 -0.255122 0.225846 0.000273 0.005310 -0.210896 -0.204346 0.043026 0.259169 -0.063672 0.357203 0.129786 0.551799 1.000000 0.029697 0.093719 0.205168 0.321811 0.057159 -0.003906 -0.014573 -0.112238 0.664866 0.309872 0.169475 0.339644 0.065928 0.366639 0.114990 -0.247866 -0.151919 -0.337384 -0.314813 -0.394039 -0.166658 -0.334629 -0.041196 -0.116634 0.053745 -0.107898 0.046278 -0.005399 -0.534407 -0.108848 -0.454796 -0.411661 0.115812 0.339563 -0.489469 -0.302481 0.094935 0.388149 -0.100611 -0.242077 -0.303929 -0.430744 -0.194374 -0.267712 -0.216287 -0.473479 -0.201053 -0.338547 0.393590 0.402182 0.105151 0.034169 0.216687 0.104118 0.223040 0.065537 0.097324 0.078655 0.381059 0.171131 0.043242 0.256858 0.424123 0.423955 -0.217206 -0.291160 -0.302677 -0.183186 -0.278242 -0.361002 0.387391 0.313254 -0.094945 0.148239 0.046213 0.054136 -0.292797 -0.036387 0.260409 0.158681 0.038394 0.061465 0.067382 -0.107139 0.094548 0.243477 0.040094 0.126958 0.014245 -0.136403 0.355605 0.279829 0.108879 0.256703 0.279450 0.203639
-0.047449 0.100780 -0.199424 -0.155767 0.275485 0.250583 -0.198584 -0.017638 0.171727 -0.043988 -0.264952 -0.041583 -0.087486 0.152666 0.116317 0.129017 0.068642 0.035892 -0.147510 0.029697 1.000000 0.499443 -0.191144 -0.202620 0.079103 -0.012662 0.377667 0.295501 -0.045459 0.051434 0.121394 0.112462 -0.151020 -0.092930 0.127739 0.043409 0.143946 0.128406 0.271699 -0.073086 0.228228 0.101144 0.074348 -0.064970 0.091057 -0.076508 0.277544 -0.032756 0.070573 -0.028125 -0.199281 -0.119825 -0.012175 -0.122475 -0.055357 -0.146163 0.111463 0.246746 0.064924 0.206524 -0.118265 -0.026641 0.094871 -0.034030 -0.201847 -0.133570 0.230039 -0.053034 0.194195 0.162349 0.346331 0.006505 0.159890 0.108743 -0.012330 0.228579 0.158117 0.188465 0.083257 0.105590 0.191483 0.143059 0.205086 0.025734 -0.191395 -0.204216 -0.112507 -0.261567 -0.252561 -0.208867 -0.073179 -0.227091 -0.065377 0.012203 0.058730 0.256837 0.038485 -0.084656 0.146227 0.051957 -0.021612 0.028805 -0.046312 -0.117552 -0.234659 -0.058382 -0.106945 0.046660 -0.002775 -0.016412 0.067742 0.080348 0.054735 -0.111859 0.021389 0.033778
-0.189308 0.177612 -0.002477 -0.039119 0.147827 0.396579 -0.156086 -0.043920 0.132911 0.021737 -0.226110 0.062165 -0.107816 0.084954 0.118942 0.100183 -0.112354 -0.202051 -0.192993 0.093719 0.499443 1.000000 0.128473 0.071840 0.133172 0.251173 0.458660 0.458099 -0.206418 -0.009478 0.079300 0.032223 -0.218453 -0.023616 0.020807 -0.044649 0.116171 0.113786 0.204676 -0.129365 0.121629 0.115582 0.037549 0.046267 -0.023970 -0.007418 0.261129 0.103167 0.025071 -0.008483 -0.105474 -0.077807 -0.081635 -0.072596 0.122242 0.082666 -0.209123 0.066567 -0.026899 0.140202 -0.212964 -0.224463 -0.001988 -0.151050 -0.085507 -0.178168 0.094160 0.024743 0.173762 0.184512 0.226592 0.015666 -0.015413 0.117177 -0.027737 0.184839 0.148894 0.343488 0.122173 0.081215 0.071308 0.046738 0.123016 -0.023210 -0.272711 -0.274943 -0.182120 -0.168128 0.028567 -0.074035 0.098561 -0.066339 -0.093589 -0.041805 0.087376 0.120710 0.176618 -0.125202 -0.030877 0.072964 0.009134 -0.062493 -0.112023 0.048783 -0.136473 0.126403 0.143394 0.291558 -0.180023 -0.075866 0.277798 0.103011 -0.089969 0.084316 0.178920 0.141996
-0.194110 -0.319673 0.465334 0.207716 0.154585 0.221488 0.272647 -0.143710 0.138356 0.057490 -0.044861 0.008007 -0.049939 -0.184190 0.295047 -0.110821 -0.375988 -0.128701 0.410855 0.205168 -0.191144 0.128473 1.000000 0.530654 0.402492 0.423868 0.379997 0.478403 0.101231 -0.243390 0.505305 0.346795 0.000681 0.026186 0.111820 -0.105808 -0.029349 -0.071387 0.103868 0.002113 0.026767 0.004206 0.077207 0.197111 -0.291556 -0.156270 -0.024684 0.053808 -0.216102 -0.240226 0.384728 -0.100713 -0.076897 0.335663 0.059199 0.240516 -0.444398 -0.210966 -0.026156 -0.434058 0.012788 -0.223007 -0.402703 -0.319672 0.566451 -0.065826 -0.381249 -0.214991 -0.167332 0.220779 0.057627 0.113946 -0.244194 0.217856 0.229562 0.277039 0.210364 -0.018018 -0.182168 -0.065820 -0.452982 -0.348940 0.011683 -0.208452 0.128372 -0.004108 0.206834 0.124616 0.401114 0.178061 -0.161980 -0.053857 -0.104895 -0.150836 0.011816 -0.133886 0.048786 -0.020098 -0.306436 -0.304992 -0.106004 0.057224 -0.004744 0.107199 -0.210461 -0.040382 -0.053062 -0.125331 -0.051506 0.064692 -0.088901 -0.265347 -0.309980 -0.049648 -0.136948 -0.154502
-0.436989 -0.331238 -0.096665 0.589332 0.025350 0.070786 -0.008674 0.252096 0.072890 0.178856 -0.382573 0.050108 -0.461846 0.043223 -0.052277 -0.162729 -0.185850 0.053719 0.331954 0.321811 -0.202620 0.071840 0.530654 1.000000 0.134375 0.366766 0.134027 0.117803 0.216281 0.060005 0.274994 0.447096 -0.005302 0.112888 0.101512 -0.177034 -0.065108 -0.187012 -0.024752 0.055482 -0.082466 -0.010445 0.200202 0.165681 0.029474 0.205264 0.038005 0.122109 -0.502828 0.078234 0.115466 -0.012269 0.084361 0.419720 -0.389869 0.101972 -0.276574 -0.128851 -0.414823 -0.503336 -0.422847 -0.083638 -0.549566 -0.415847 0.137311 0.124736 -0.551282 -0.268296 -0.298119 -0.089605 0.132467 0.066478 -0.096377 0.244761 0.261688 0.110187 0.078853 0.158738 0.023100 0.138727 -0.200694 -0.170220 0.070689 0.097979 -0.094867 0.070025 0.103452 0.276821 0.100763 0.223951 0.323514 0.089617 0.113707 -0.200016 -0.004055 -0.106669 -0.092256 0.030707 -0.137442 -0.043636 -0.003951 -0.048496 -0.251405 0.021507 -0.073423 0.073585 0.011349 0.022686 0.019908 -0.003046 0.219775 -0.037883 -0.004363 0.032945 0.072773 -0.123371
-0.253921 -0.068648 0.078602 0.131336 0.093386 0.416809 -0.146537 0.040873 -0.000419 0.122147 -0.269110 0.105209 -0.199481 -0.080266 0.098734 0.201226 -0.047257 0.140511 -0.004211 0.057159 0.079103 0.133172 0.402492 0.134375 1.000000 0.648203 0.227774 0.442399 0.031479 0.005546 0.555642 0.501872 0.096088 0.287851 0.235341 0.102569 -0.056833 -0.103071 0.213334 -0.200772 0.212926 -0.056460 0.121562 0.037731 -0.083118 0.069711 -0.019414 -0.048554 -0.156985 -0.230629 0.071000 -0.228211 -0.320266 -0.039385 -0.008723 -0.088718 -0.195122 -0.112503 -0.245969 -0.301674 -0.109188 -0.037793 -0.103011 -0.057079 0.264489 0.100938 -0.238222 0.010065 0.022594 0.216775 -0.009545 0.051065 -0.075722 -0.001014 -0.021137 0.228137 0.144282 0.006198 0.267218 0.053692 -0.103265 0.023653 -0.070853 -0.109964 -0.055905 -0.072947 -0.316416 -0.131293 -0.074177 -0.124614 -0.270659 -0.339311 -0.035830 -0.167473 0.136390 0.121822 0.179524 0.081499 -0.256046 -0.201087 -0.225868 -0.230691 -0.098228 0.010456 -0.163725 0.125091 -0.240485 -0.178181 0.063923 0.232000 0.121699 -0.100846 -0.125213 0.013155 -0.016845 0.032691
-0.558984 -0.330826 0.092342 0.210984 -0.176817 0.571343 -0.345413 0.141415 -0.185966 0.066010 -0.433001 0.185611 -0.419749 -0.207998 -0.200951 -0.087287 -0.216261 0.054171 -0.021780 -0.003906 -0.012662 0.251173 0.423868 0.366766 0.648203 1.000000 0.304502 0.621413 -0.149420 -0.147890 0.411928 0.535643 0.079367 0.314551 0.248441 0.168322 0.076789 0.011082 0.299283 0.012972 0.047532 0.099624 0.207316 0.285607 -0.062801 0.343201 0.230759 0.208344 -0.268254 -0.232811 0.243900 -0.135831 -0.267394 -0.092869 0.014646 0.176021 -0.441180 -0.294791 -0.419115 -0.452754 -0.254469 -0.082521 -0.338281 -0.241641 0.302277 0.331972 -0.313922 0.258260 -0.166732 0.125710 0.134875 0.020728 -0.301926 -0.067381 -0.070278 0.089306 -0.020595 -0.145244 0.286622 -0.019033 -0.101964 -0.101529 -0.332271 -0.362114 -0.026500 0.160342 -0.263446 0.087718 0.046565 0.195550 -0.300317 -0.393620 -0.157611 -0.264110 0.309630 0.338818 0.554415 0.321399 -0.405857 -0.206407 -0.219741 -0.024150 -0.351581 -0.059327 -0.234769 0.148069 -0.269785 -0.241515 0.195627 0.319959 0.340674 -0.096281 -0.154604 -0.161163 0.015052 0.084755
-0.243089 -0.231074 0.106903 0.055231 0.482121 0.696200 -0.087532 -0.020778 0.352656 0.234208 -0.228328 0.020890 -0.144203 -0.137395 0.357020 0.109398 -0.389227 -0.315325 0.117499 -0.014573 0.377667 0.458660 0.379997 0.134027 0.227774 0.304502 1.000000 0.715765 -0.268970 -0.272439 0.178020 0.142580 -0.156701 -0.192903 0.215945 0.001368 0.169961 0.189687 0.262935 0.073222 -0.005570 0.296742 0.037494 0.027797 -0.141985 -0.086060 0.190891 0.123835 -0.066685 -0.130029 0.106780 -0.047068 0.023240 0.017675 0.144012 0.202233 -0.371890 -0.188456 0.191407 -0.036606 0.006140 -0.086288 -0.170604 -0.220632 0.236734 0.089859 0.048985 0.068437 -0.075697 0.101181 0.159026 -0.072014 -0.280482 0.107518 0.029928 0.254761 0.228574 0.062346 -0.232413 -0.307433 -0.184434 -0.266012 0.258276 -0.007363 -0.004977 0.048288 0.086088 -0.047955 0.223275 0.255596 -0.113272 -0.135052 -0.156929 -0.088787 0.083646 0.140061 0.203363 0.006761 -0.193371 -0.220543 -0.037143 0.111793 -0.200641 -0.056078 -0.268774 -0.064828 -0.151398 0.067534 0.011990 0.032841 -0.011938 -0.168656 -0.284877 -0.196702 -0.045644 -0.097295
-0.384082 -0.336037 0.174973 0.048119 0.187080 0.788944 -0.270808 -0.091543 0.005467 0.077449 -0.276488 0.051412 -0.249259 -0.266488 0.193748 -0.029748 -0.435909 -0.240376 -0.001150 -0.112238 0.295501 0.458099 0.478403 0.117803 0.442399 0.621413 0.715765 1.000000 -0.362635 -0.354490 0.310587 0.165016 -0.131258 -0.067208 0.287266 0.043545 0.156440 0.173296 0.453099 0.042684 0.053253 0.249386 0.177952 0.241932 -0.092426 0.112424 0.336810 0.261883 -0.149562 -0.115524 0.318597 -0.052524 -0.083345 -0.050620 0.286981 0.309259 -0.436905 -0.228721 -0.001267 -0.221081 -0.074905 -0.163613 -0.352679 -0.301360 0.373764 0.186595 -0.122012 0.153604 -0.054603 0.173547 0.179210 -0.035041 -0.367606 0.024899 0.032466 0.268255 0.199291 -0.037012 -0.091445 -0.156827 -0.214159 -0.246006 0.000995 -0.341575 0.083659 0.186286 0.019020 -0.071210 0.243889 0.333983 -0.239895 -0.212486 -0.163920 -0.084293 0.083854 0.192237 0.425285 0.058616 -0.239814 -0.213719 -0.081397 0.072853 -0.135823 0.063323 -0.198922 0.089735 -0.120369 0.008063 -0.014859 0.195758 0.184681 -0.239569 -0.207194 -0.146193 0.054436 0.003265
0.304381 0.107587 -0.267846 -0.027526 -0.009596 -0.463265 0.066515 -0.341917 0.009843 -0.281852 0.202492 -0.244188 0.038657 0.113462 0.277321 -0.005422 0.554876 0.471928 0.459982 0.664866 -0.045459 -0.206418 0.101231 0.216281 0.031479 -0.149420 -0.268970 -0.362635 1.000000 0.463200 0.335198 0.443815 0.306520 0.385265 -0.016742 -0.176751 -0.130743 -0.264088 -0.316570 -0.275891 0.090989 -0.278889 -0.136147 -0.153751 0.044247 -0.215475 -0.116544 -0.167307 -0.319171 -0.141181 -0.419464 -0.351894 0.008756 0.366293 -0.494965 -0.331449 0.307965 0.372688 -0.070394 -0.226797 -0.092059 -0.187090 -0.048679 -0.063625 -0.095400 -0.465294 -0.208818 -0.449797 0.046628 0.053203 0.055425 0.116791 0.426537 0.148488 0.270884 0.091639 0.072936 -0.038644 0.325888 0.263166 0.016836 0.270961 0.324827 0.390031 -0.058526 -0.186181 -0.103443 -0.032690 -0.256401 -0.396249 0.106676 0.072412 -0.082471 0.017992 -0.043985 -0.032061 -0.419067 -0.014062 0.211327 0.067002 0.033937 -0.037067 0.055933 -0.125916 -0.007632 0.111209 -0.022009 -0.111302 0.140396 -0.033763 -0.092270 0.116036 -0.054574 0.122072 0.163036 0.077731
-0.003897 0.333963 -0.493507 -0.058380 -0.157561 -0.338945 -0.162102 -0.095741 -0.032824 -0.198035 -0.046141 -0.077867 -0.101084 0.295210 0.011513 0.398379 0.604110 0.454925 -0.144852 0.309872 0.051434 -0.009478 -0.243390 0.060005 0.005546 -0.147890 -0.272439 -0.354490 0.463200 1.000000 -0.004959 0.242011 0.248549 0.324830 -0.136549 -0.042107 0.128676 -0.041749 -0.051372 -0.161907 0.355658 -0.080537 -0.128469 -0.134284 0.060341 -0.092413 -0.193621 -0.240828 -0.092889 -0.088796 -0.538191 -0.302138 -0.170347 -0.097574 -0.392658 -0.489684 0.427646 0.495868 -0.211890 0.040350 -0.251239 -0.171415 0.233711 0.160788 -0.288528 -0.419347 0.011931 -0.272428 0.185444 0.017176 -0.042004 -0.088703 0.598378 0.117934 0.117703 -0.139514 -0.008222 0.061445 0.439455 0.227383 0.445985 0.623556 0.121746 0.344869 -0.269861 -0.151387 -0.283555 -0.219260 -0.355511 -0.429069 0.087631 -0.029352 -0.111320 -0.031635 -0.123152 0.183304 -0.278634 -0.096419 0.234667 0.155566 0.074654 -0.202821 -0.087217 -0.268611 0.146945 0.098094 0.082036 -0.020851 0.076298 0.136503 0.050065 0.232417 0.139119 0.030785 0.103073 -0.029135
-0.145564 -0.197507 0.140887 0.108387 0.174760 0.119389 0.147358 -0.113336 -0.000964 -0.078444 -0.085249 -0.083246 0.050007 -0.076938 0.175926 -0.076853 -0.030151 0.219898 0.335818 0.169475 0.121394 0.079300 0.505305 0.274994 0.555642 0.411928 0.178020 0.310587 0.335198 -0.004959 1.000000 0.734222 0.279453 0.363931 0.022902 -0.019191 0.015184 -0.049700 0.117462 -0.033005 0.163551 -0.134117 0.036134 0.054979 -0.253411 -0.161689 0.003028 -0.107617 -0.210730 -0.417562 -0.035424 -0.196725 -0.282195 0.197661 -0.049341 -0.025644 -0.210047 -0.007249 -0.128340 -0.297431 0.042740 -0.020166 -0.129788 -0.091756 0.381292 -0.058896 -0.233562 -0.241218 -0.053233 0.094180 0.138405 0.130205 0.045363 0.102377 0.161189 0.307068 0.110612 -0.014513 0.076646 0.108659 -0.269664 -0.114038 0.094207 -0.065974 -0.026034 -0.062990 0.110038 0.030501 -0.046779 -0.093112 -0.366797 -0.358562 -0.249901 -0.263278 0.036320 0.032164 0.000006 0.122632 -0.318124 -0.253741 -0.149151 0.004361 0.063163 -0.002267 -0.232420 -0.078282 -0.336311 -0.299834 0.089569 0.287865 -0.237158 -0.406475 -0.339698 -0.122933 -0.222898 0.023432
-0.331898 -0.141221 -0.201394 0.228776 0.046544 0.138310 -0.173185 -0.006157 -0.046690 -0.021378 -0.340706 0.019675 -0.275246 0.100377 -0.014734 0.050666 0.126974 0.314744 0.278342 0.339644 0.112462 0.032223 0.346795 0.447096 0.501872 0.535643 0.142580 0.165016 0.443815 0.242011 0.734222 1.000000 0.322780 0.564318 0.087396 0.077948 0.195457 -0.008692 0.073937 0.002112 0.214104 -0.010705 0.079352 0.090417 -0.097994 0.097180 0.044291 -0.014642 -0.404748 -0.361794 -0.263845 -0.374467 -0.194386 0.167077 -0.392063 -0.240115 -0.171447 0.035416 -0.330330 -0.392752 -0.220032 0.013890 -0.209507 -0.111195 0.164148 -0.049010 -0.276712 -0.124447 -0.128516 -0.013360 0.133945 0.090956 0.141286 0.020639 0.090011 0.078384 -0.029537 -0.108706 0.301150 0.019288 -0.035640 0.089581 0.128374 0.174373 -0.160042 0.027973 -0.146481 0.067955 -0.254182 -0.172990 -0.202181 -0.389160 -0.188271 -0.354127 0.118284 0.308714 0.056213 0.244295 -0.154031 -0.141061 -0.137965 -0.062675 -0.155319 -0.245970 -0.170024 0.002091 -0.379426 -0.406799 0.238128 0.322976 -0.026353 -0.192056 -0.149598 -0.195045 -0.132168 0.002145
-0.073716 -0.000136 -0.045395 -0.123150 -0.178047 -0.245766 0.037662 -0.035074 -0.230601 -0.345315 0.127679 0.141177 0.139918 -0.055945 -0.123426 -0.100649 0.331988 0.301457 0.195205 0.065928 -0.151020 -0.218453 0.000681 -0.005302 0.096088 0.079367 -0.156701 -0.131258 0.306520 0.248549 0.279453 0.322780 1.000000 0.613018 -0.088753 -0.090205 0.150541 0.093114 -0.023551 0.090579 0.165323 0.067341 -0.090943 -0.061867 -0.271249 -0.188209 -0.151892 -0.125228 0.067513 -0.249003 -0.251974 -0.102919 -0.215310 -0.162701 -0.111322 -0.021764 0.118296 0.047276 -0.206950 -0.105119 0.040789 -0.112855 0.211282 0.388877 -0.032358 -0.092336 0.131030 0.034213 -0.173603 -0.228867 -0.002851 0.080355 0.312268 0.073938 0.132735 -0.110205 -0.062744 -0.119541 0.273711 0.002725 0.152745 0.186302 0.003838 0.035698 0.082785 0.155095 -0.066226 0.065857 -0.207378 -0.111180 -0.391894 -0.266743 -0.232422 -0.182370 -0.110056 0.059835 0.118167 0.043292 -0.126135 -0.098282 -0.251870 0.120543 0.079136 -0.258091 0.041236 -0.080800 -0.329792 -0.489846 0.004292 0.134824 -0.246567 -0.316958 -0.150680 -0.237125 -0.018025 -0.099270
-0.034690 0.261068 -0.159148 0.080858 -0.097850 -0.018428 -0.182863 -0.029142 -0.019499 -0.026750 -0.060832 0.241559 -0.146089 0.138903 -0.171929 -0.030575 0.341964 0.254538 0.170642 0.366639 -0.092930 -0.023616 0.026186 0.112888 0.287851 0.314551 -0.192903 -0.067208 0.385265 0.324830 0.363931 0.564318 0.613018 1.000000 0.071744 0.146015 0.053096 -0.104143 -0.197958 -0.149028 0.102484 -0.088351 -0.002018 0.001287 0.065117 0.199093 -0.094600 -0.094860 -0.364297 -0.226300 -0.376076 -0.352951 -0.235973 -0.103766 -0.354652 -0.375704 -0.019871 0.149228 -0.309521 -0.219820 -0.099428 0.025824 -0.039543 0.210794 0.020863 -0.026201 -0.066748 0.073125 0.045232 -0.062983 -0.047463 -0.047302 0.218180 -0.113381 -0.010015 -0.181524 -0.174835 -0.079812 0.564145 0.194210 0.184526 0.327483 -0.067274 0.123223 -0.096983 0.010920 -0.293868 0.023020 -0.384981 -0.263595 -0.174627 -0.292489 -0.091480 -0.156054 -0.074137 0.137806 0.096003 -0.008372 -0.056383 -0.053604 -0.167957 0.003551 0.092440 -0.204554 0.097563 0.103032 -0.103790 -0.374205 -0.012930 0.137888 0.086740 -0.150007 0.018103 -0.027870 0.023589 0.027449
-0.180926 -0.187885 -0.172029 0.004416 0.061337 0.243064 -0.290314 -0.153315 -0.009380 -0.000460 -0.281462 -0.127592 -0.375236 -0.250270 -0.117253 -0.211832 -0.128445 -0.015115 0.104321 0.114990 0.127739 0.020807 0.111820 0.101512 0.235341 0.248441 0.215945 0.287266 -0.016742 -0.136549 0.022902 0.087396 -0.088753 0.071744 1.000000 0.514355 -0.093793 -0.021317 -0.002227 -0.068823 -0.058788 0.022346 -0.123207 0.036038 0.200137 0.280779 -0.034874 -0.019849 -0.295100 0.003784 0.039285 -0.202304 -0.078659 -0.022069 -0.090673 -0.066354 -0.177143 -0.144830 0.020012 -0.046751 -0.109272 0.012330 -0.129757 -0.070535 0.241386 0.128274 0.092667 0.315145 0.049275 0.084219 -0.021401 -0.161134 -0.224062 -0.104327 0.111719 -0.127317 0.122607 -0.090651 -0.056502 -0.079802 -0.001066 -0.054524 0.020367 0.001607 0.248414 0.183010 -0.094682 0.061769 0.040233 0.099652 -0.034917 -0.148974 -0.152868 -0.069754 0.160058 0.020326 0.010705 -0.043962 -0.177799 -0.253953 0.034048 -0.040714 -0.098620 -0.135681 -0.180438 0.186957 0.027765 -0.030146 0.101525 -0.098537 0.110797 0.005888 -0.041234 -0.145534 0.165442 0.185892
-0.122824 -0.049140 -0.135584 -0.195910 -0.080595 0.125622 -0.249507 -0.160936 -0.047618 -0.031399 -0.164156 0.028127 -0.042463 -0.058866 -0.216022 -0.115655 -0.151107 -0.041771 -0.229761 -0.247866 0.043409 -0.044649 -0.105808 -0.177034 0.102569 0.168322 0.001368 0.043545 -0.176751 -0.042107 -0.019191 0.077948 -0.090205 0.146015 0.514355 1.000000 -0.012540 0.018362 0.018687 0.013191 0.123227 0.207005 -0.246898 -0.059738 0.312029 0.412254 -0.152431 -0.119849 0.030555 -0.010033 0.050419 -0.148691 -0.131507 -0.263198 0.026154 -0.256313 -0.105752 -0.189115 0.154648 0.166119 0.173010 0.202165 0.209884 0.166066 0.270862 0.216070 0.210800 0.549933 -0.114603 -0.130446 -0.243299 -0.287189 -0.094359 -0.256871 -0.178926 -0.368541 -0.218046 -0.279559 -0.092483 -0.200678 0.143740 0.004460 -0.284500 -0.225507 0.263821 0.238840 -0.000089 0.124468 0.108651 0.049114 -0.295105 -0.374961 -0.220462 -0.217270 0.146413 0.131331 0.060239 0.068262 -0.244999 -0.371551 0.059684 -0.026295 -0.029870 -0.127764 -0.162083 -0.007396 -0.029641 -0.156542 0.246865 0.141880 -0.110031 -0.113651 -0.162254 -0.272863 -0.140575 0.081931
