1.000000 0.142638 0.385510 -0.025531 0.080494 -0.170669 0.529565 0.111466 0.460800 0.115988 0.190746 -0.149713 0.456971 0.278157 0.466868 0.054262 0.179517 0.028081 0.443984 0.427788 -0.189514 -0.183076 0.039052 -0.156939 -0.387424 -0.254308 -0.201655 -0.305629 0.408821 0.153877 0.144579 -0.149182 0.050811 0.132367 -0.156728 -0.464774 -0.036405 -0.305761 -0.133761 -0.268849 -0.181732 -0.327514 -0.492355 -0.464038 -0.605640 -0.588201 -0.358978 -0.326694 0.109208 -0.278260 -0.156593 -0.001821 0.226691 -0.000882 -0.197184 -0.217527 0.287335 0.070268 0.236008 0.131353 0.522182 0.300521 0.275588 0.435492 0.265796 -0.286117 -0.377545 -0.626542 -0.096417 0.191270 -0.006752 -0.276961 0.282178 0.011423 -0.052701 -0.056509 0.243298 -0.082865 0.016665 0.014553 0.040779 0.110397 0.307614 0.246760 0.002972 -0.611003 0.079301 -0.287798 0.274713 -0.024605 0.117321 0.137455 0.041111 0.101750 -0.213641 -0.328834 -0.339501 -0.244712 0.030290 0.044735 0.068180 0.132119 0.185624 0.021114 0.166303 0.117789 0.088828 0.138546 -0.165998 -0.170894 -0.318341 -0.069150 0.016799 0.119110 0.105617 0.091911
0.142638 1.000000 -0.229351 -0.143225 -0.169101 -0.217896 0.007243 -0.204294 -0.101161 -0.265773 0.102328 0.076517 -0.010496 0.040070 -0.075208 0.376482 0.321454 0.405216 0.066180 0.360415 0.003878 -0.233938 -0.368750 -0.337315 -0.165151 -0.330706 -0.160835 -0.296007 0.254165 0.337120 -0.178932 -0.347832 0.356148 0.395043 -0.309942 -0.382986 0.101307 -0.002850 -0.179854 -0.036703 0.118476 -0.015095 -0.172530 -0.200956 -0.261581 -0.388183 -0.030593 -0.081370 -0.277085 0.087505 -0.347219 0.192681 -0.155029 0.065309 -0.248501 -0.037749 0.404610 0.546583 0.063362 0.255802 0.078065 0.131368 0.294299 0.566058 -0.349894 -0.441987 0.044016 -0.315479 0.480524 0.169589 0.041575 -0.176687 0.323311 0.204537 0.110593 0.044897 0.232299 0.123418 0.107395 0.151591 0.388792 0.397930 0.091629 0.289339 -0.223669 0.023981 -0.163108 -0.287403 -0.416099 -0.334543 -0.050317 -0.138083 0.142346 -0.117355 -0.027996 -0.162780 -0.161015 -0.069485 -0.142656 -0.167360 -0.038338 -0.163937 -0.235139 -0.056759 0.088533 -0.068402 -0.212620 -0.179104 -0.110171 -0.073577 -0.105367 -0.081006 -0.092535 -0.036836 -0.157900 -0.220374
0.385510 -0.229351 1.000000 0.269996 0.033219 0.010669 0.686496 0.354054 0.333903 0.155559 0.107072 0.174103 0.433376 0.220435 0.157086 -0.250664 -0.086112 -0.162180 0.328622 0.099076 -0.274484 -0.035707 0.217205 -0.034734 -0.086937 -0.019027 -0.071813 -0.158676 -0.127142 -0.290695 -0.045785 -0.126671 -0.142109 -0.038414 0.170039 -0.041090 -0.236862 -0.435475 0.009084 -0.176276 -0.377469 -0.313441 -0.139391 -0.124474 -0.089874 -0.085586 -0.307301 -0.193668 0.160906 -0.209564 0.162897 -0.223760 -0.093679 -0.160184 0.038114 -0.176152 -0.245984 -0.310191 0.037793 -0.010913 0.221645 -0.001358 -0.159339 -0.104072 0.137817 0.056106 -0.171161 -0.098004 -0.326070 -0.068606 -0.159746 -0.071688 -0.087268 -0.165503 -0.077240 -0.157934 -0.030716 -0.194277 0.093921 -0.006433 -0.131760 -0.082085 0.037100 -0.291187 -0.122640 -0.343349 -0.100943 -0.119393 0.212636 -0.027054 -0.053104 0.181568 0.101082 0.385911 -0.084944 -0.184101 -0.160676 -0.059836 0.058488 0.113342 0.272164 0.128019 0.167807 0.089626 0.015099 0.215433 0.225834 0.410535 0.035512 -0.213713 -0.227543 0.134288 0.101133 0.116206 0.206310 0.239626
-0.025531 -0.143225 0.269996 1.000000 0.033067 0.089014 0.223350 0.418810 0.130627 0.337357 -0.178701 0.140805 -0.130663 -0.032641 -0.050568 -0.142798 -0.080038 -0.261549 0.479254 0.248101 -0.142412 0.005377 0.105065 0.333661 -0.002378 0.270842 -0.113991 -0.040644 -0.111734 -0.112684 -0.022197 0.303333 0.015364 0.143185 0.091338 0.104656 -0.158713 -0.223382 -0.035224 -0.151139 -0.048080 -0.223598 -0.359693 -0.364573 0.102267 0.083435 -0.345722 -0.408918 0.058001 0.076295 -0.041699 -0.046181 -0.008626 -0.176397 -0.143245 -0.270175 -0.432810 -0.332171 -0.118736 -0.078995 -0.094034 -0.015933 -0.084126 -0.092306 0.060882 0.028098 0.099693 0.256135 0.075363 0.011544 -0.073789 -0.109654 -0.121194 -0.164479 -0.039910 -0.191089 -0.085135 -0.095690 0.033913 0.062563 -0.051660 -0.125628 -0.093999 -0.021955 0.032739 0.127686 -0.252949 0.020771 0.100356 0.041556 0.102772 0.036044 -0.003275 -0.138683 -0.074800 -0.136195 -0.368097 -0.133090 -0.279675 -0.062623 -0.001511 0.031179 -0.066658 0.066558 -0.119077 0.015105 0.120624 0.037236 0.042923 -0.221874 -0.171834 -0.044716 -0.171564 -0.081647 0.158519 0.079880
0.080494 -0.169101 0.033219 0.033067 1.000000 0.629559 0.193528 -0.024809 0.441618 0.416361 -0.260123 -0.366112 0.082930 -0.090670 0.420525 0.370800 -0.200165 -0.230522 0.136326 0.018296 0.387578 0.098154 0.303096 0.429993 0.327345 0.334684 0.471725 0.328170 0.021214 0.009052 0.361022 0.179312 0.041119 -0.221098 -0.140370 -0.332479 0.055038 -0.210864 -0.186374 -0.106773 -0.075856 -0.141710 -0.148953 -0.197863 -0.169859 -0.305823 0.039223 -0.285929 -0.080648 -0.078049 -0.044427 0.265380 0.191314 0.202454 0.279722 0.146788 0.094816 -0.048096 -0.011405 -0.226461 0.060728 -0.073896 -0.013174 -0.137055 0.157354 -0.240441 -0.227804 -0.364723 -0.105902 0.283059 0.201274 0.108158 0.060564 0.031628 0.091220 0.344820 -0.133805 -0.015125 0.239782 0.129545 -0.020920 -0.016467 0.143452 0.248308 0.091167 -0.056426 0.058070 0.044563 0.399465 0.284890 0.057577 0.049006 -0.193951 -0.151703 -0.174482 -0.128579 -0.225882 -0.130012 0.055832 -0.014753 0.025067 0.178019 0.302571 0.264266 0.331801 0.213347 0.210467 0.061657 -0.151543 -0.115634 -0.204531 -0.085106 0.009499 0.246864 0.169250 0.043277
-0.170669 -0.217896 0.010669 0.089014 0.629559 1.000000 0.024152 -0.027530 0.053156 0.361090 -0.198829 -0.281542 -0.118449 -0.253701 0.038140 0.278190 -0.374558 -0.426101 0.005751 -0.311861 0.406258 0.376501 0.212831 0.361617 0.370063 0.362039 0.738063 0.587603 -0.400225 -0.263892 0.231925 0.282819 -0.169033 -0.316651 0.055496 -0.121468 0.009069 -0.126694 0.030558 0.186414 0.100063 -0.086908 0.035976 -0.092068 0.014263 -0.081482 0.305595 -0.168046 -0.183903 -0.115091 -0.052764 0.405335 0.152758 0.427217 0.518451 0.428910 -0.024535 -0.150604 0.023545 -0.070164 -0.183021 -0.211402 -0.178085 -0.306806 -0.041528 -0.061966 0.017322 -0.020957 -0.086676 0.154025 0.102126 0.190674 -0.270515 0.026360 0.048912 0.203862 -0.225952 -0.169019 -0.060967 -0.171457 -0.230728 -0.254433 0.178313 0.116383 -0.020689 0.250525 0.221929 0.256835 0.336300 0.499631 0.029979 -0.056564 -0.120573 -0.143321 0.096988 0.211601 0.171257 0.242512 0.304184 0.221551 -0.044225 0.130354 0.278505 0.146978 0.215408 0.078623 0.177254 0.046206 0.119522 0.184213 -0.024298 0.221113 0.117736 0.109723 0.091510 0.145739
0.529565 0.007243 0.686496 0.223350 0.193528 0.024152 1.000000 0.573207 0.532952 0.449950 0.088014 0.194276 0.594490 0.451007 0.172200 0.170603 -0.008417 -0.034445 0.226250 0.197486 -0.301573 -0.184924 -0.013057 -0.016262 -0.323129 -0.192346 -0.218530 -0.289505 0.157438 0.063259 0.079589 -0.050642 -0.080860 -0.063103 -0.161986 -0.289354 -0.070706 -0.504078 -0.173123 -0.258226 -0.269290 -0.187176 -0.438973 -0.402797 -0.156067 -0.199014 -0.551090 -0.443785 0.157554 -0.071188 -0.087666 -0.203420 -0.086790 -0.188063 -0.181100 -0.367268 -0.182698 -0.309853 0.043439 -0.118691 0.391807 0.320523 0.119418 0.196550 0.245476 -0.091755 -0.302580 -0.284365 -0.413935 -0.006619 -0.031720 -0.092839 0.121109 -0.181092 0.001480 -0.064903 -0.023807 -0.175458 0.093126 -0.084030 0.021231 -0.046688 0.085255 0.152264 -0.199410 -0.284712 -0.183757 -0.231720 0.145174 -0.067720 -0.006391 0.147225 0.187132 0.451668 -0.211093 -0.255570 -0.487779 -0.202460 -0.064328 0.023121 0.231010 0.271331 0.119190 0.036426 0.048981 0.154864 0.313341 0.405848 -0.112226 -0.230061 -0.403555 -0.030621 0.083794 0.148869 0.117278 0.129267
0.111466 -0.204294 0.354054 0.418810 -0.024809 -0.027530 0.573207 1.000000 0.323926 0.610641 0.082502 0.389360 0.455898 0.689169 -0.077786 0.057565 -0.026551 0.025438 0.023887 -0.050740 -0.375428 -0.267585 -0.328277 -0.141831 -0.446285 -0.166209 -0.463859 -0.323025 -0.057653 0.079508 -0.248224 0.065408 -0.240090 -0.023682 -0.069854 0.157749 -0.123068 -0.083682 -0.154976 -0.153943 -0.221881 -0.038618 -0.367099 -0.264953 0.114452 0.228678 -0.467613 -0.409068 0.328554 0.108899 -0.130646 -0.351608 -0.008463 -0.304660 -0.083952 -0.461397 -0.544794 -0.669971 0.082111 -0.089549 0.424104 0.580736 0.030205 0.059894 0.242647 0.349431 -0.073295 0.233760 -0.526558 -0.393610 -0.136140 -0.071842 0.018309 -0.193442 0.089386 0.004135 -0.045277 -0.065096 -0.119834 -0.169489 -0.102487 -0.233720 -0.168212 0.047102 -0.219363 -0.002107 -0.299218 -0.119127 -0.039398 -0.049027 0.092790 0.105819 0.232861 0.259240 -0.127213 -0.101926 -0.274936 -0.137369 -0.107961 -0.029468 0.205237 0.187796 -0.007086 -0.049342 -0.067976 0.030973 0.126979 0.162583 -0.038975 -0.120949 -0.148941 -0.087264 0.051058 0.023197 0.032110 0.015199
0.460800 -0.101161 0.333903 0.130627 0.441618 0.053156 0.532952 0.323926 1.000000 0.631001 0.006394 -0.093376 0.522415 0.428059 0.578906 0.241114 0.033331 0.065066 0.282888 0.230249 -0.078951 -0.225463 0.137715 0.067326 -0.248358 -0.018133 -0.183441 -0.310735 0.219174 0.195465 0.092795 -0.027545 0.006615 0.065018 -0.215672 -0.385067 -0.012344 -0.215833 -0.197503 -0.272237 -0.186315 -0.206844 -0.377752 -0.382216 -0.313996 -0.398738 -0.300910 -0.196361 0.233600 -0.160010 0.046849 0.010767 0.276138 -0.121864 -0.163420 -0.273473 -0.095213 -0.161013 -0.015549 -0.214855 0.547445 0.403975 0.106436 0.256659 0.517939 -0.004469 -0.409618 -0.468124 -0.309007 0.109219 -0.010973 -0.268255 0.168518 -0.071198 0.021003 0.093951 0.036390 -0.068229 0.092431 0.158226 -0.035180 -0.014355 0.124043 0.161174 0.181182 -0.440919 -0.093921 -0.076765 0.317292 -0.122007 0.146246 0.202723 0.090578 0.110153 -0.236234 -0.336229 -0.471794 -0.300111 -0.048599 -0.161833 0.205787 0.150584 0.037146 0.035519 0.062675 0.114072 0.114979 0.224873 -0.225706 -0.181263 -0.039437 -0.202699 -0.164712 0.108054 0.087683 0.083925
0.115988 -0.265773 0.155559 0.337357 0.416361 0.361090 0.449950 0.610641 0.631001 1.000000 -0.013837 0.121994 0.358534 0.461046 0.228317 0.282623 -0.206715 -0.144416 0.172559 -0.010107 -0.085031 -0.109053 -0.025384 0.137921 -0.276394 0.033426 -0.130351 -0.128960 -0.052556 0.012776 0.061570 0.230600 -0.184873 -0.115870 -0.037008 -0.125627 -0.066802 -0.129842 -0.146458 -0.102438 -0.097914 -0.077156 -0.324147 -0.315015 -0.065188 -0.050622 -0.272449 -0.243569 0.169585 -0.055317 -0.157962 -0.040050 0.200217 -0.082235 -0.008560 -0.236738 -0.391417 -0.494159 0.005306 -0.184925 0.411314 0.509540 -0.008093 0.022642 0.466760 0.235368 -0.213298 -0.035514 -0.449173 -0.053242 -0.050823 -0.186141 -0.081517 -0.204733 -0.031234 0.119293 -0.122688 -0.122469 -0.128422 -0.114343 -0.201175 -0.296684 0.106356 0.220222 0.099660 -0.055316 -0.038005 0.165542 0.237174 0.133221 0.264758 0.137739 0.179538 0.127868 -0.137151 -0.109655 -0.323478 -0.125957 0.063766 -0.012883 0.095479 0.210607 0.142719 0.051633 0.006208 -0.019844 0.142456 0.105760 -0.080331 -0.028805 0.015141 -0.004611 -0.099352 0.070530 0.043493 0.132120
0.190746 0.102328 0.107072 -0.178701 -0.260123 -0.198829 0.088014 0.082502 0.006394 -0.013837 1.000000 0.346490 0.557297 0.259402 0.260962 0.126390 0.246747 0.229192 0.025673 -0.155075 -0.169198 -0.127597 -0.043172 -0.388809 -0.318038 -0.530789 -0.165900 -0.155579 -0.029424 -0.137632 0.038680 0.056591 -0.226445 -0.023068 0.093794 0.126944 0.145300 0.100502 0.516081 0.520884 0.392376 0.325179 -0.147859 -0.085323 -0.108512 -0.103139 -0.115421 0.036260 0.215971 -0.134998 -0.091879 -0.209145 -0.009657 -0.230347 0.059881 0.065995 -0.026511 -0.134060 0.013589 -0.157337 0.280376 0.076640 0.148877 0.049767 0.101984 0.187193 -0.217700 -0.119958 -0.274179 -0.408646 -0.356528 -0.280586 -0.192755 -0.262713 -0.419047 -0.248366 -0.152275 -0.470946 -0.511348 -0.429990 -0.372741 -0.403596 0.577354 0.135928 0.039709 -0.136664 0.313543 0.148076 -0.015439 -0.072940 -0.080439 -0.098683 0.374053 0.098262 0.584302 0.496676 0.254249 0.554257 0.055413 -0.061446 0.411700 0.222719 -0.116104 -0.452845 -0.433908 -0.475768 -0.449247 0.081793 0.496115 0.547077 0.404196 0.188384 0.021648 -0.471137 -0.479367 -0.076574
-0.149713 0.076517 0.174103 0.140805 -0.366112 -0.281542 0.194276 0.389360 -0.093376 0.121994 0.346490 1.000000 0.317416 0.437413 -0.239488 0.048646 -0.113634 0.151306 -0.127872 0.023758 -0.374153 -0.167751 -0.278718 -0.293169 -0.271503 -0.285876 -0.453502 -0.266633 -0.106634 -0.051694 -0.179577 -0.021368 0.073109 0.256961 0.075420 0.336967 -0.185829 -0.088427 0.010158 0.097530 -0.096667 0.041985 0.034035 0.148861 0.329503 0.424684 -0.304582 0.083877 0.200369 0.213444 -0.150250 -0.445837 -0.408486 -0.429687 -0.304656 -0.314453 -0.363183 -0.326382 -0.105547 0.014328 0.204992 0.312341 -0.099252 -0.058346 0.067169 0.394756 0.088547 0.427007 -0.298949 -0.426624 -0.290924 -0.154607 -0.130391 -0.343998 -0.324053 -0.199143 -0.131350 -0.088193 -0.298459 -0.277719 -0.208000 -0.229455 -0.045278 -0.053843 -0.088151 0.248449 -0.143858 -0.079226 -0.289392 -0.196150 -0.205209 -0.215011 0.215874 0.284422 0.079223 0.082954 -0.022068 0.079231 -0.216693 -0.221072 0.276185 -0.068135 -0.123245 -0.242414 -0.251412 -0.244383 -0.073428 0.012910 0.132096 0.087839 0.084973 -0.013958 -0.117655 -0.166200 -0.227788 -0.100485
0.456971 -0.010496 0.433376 -0.130663 0.082930 -0.118449 0.594490 0.455898 0.522415 0.358534 0.557297 0.317416 1.000000 0.698404 0.476916 0.180286 0.293070 0.278815 -0.082733 -0.047517 -0.408458 -0.359792 -0.285946 -0.480886 -0.559987 -0.529426 -0.366372 -0.451267 0.150975 0.050977 -0.035247 -0.121003 -0.163070 -0.071772 -0.271009 -0.222068 -0.082006 -0.243950 0.072564 0.048561 -0.107656 -0.023989 -0.365558 -0.284929 -0.193205 -0.194142 -0.441757 -0.256989 0.509930 -0.135740 -0.133935 -0.232322 0.158434 -0.281276 -0.067197 -0.293053 -0.067436 -0.217143 0.292474 -0.006271 0.736155 0.448023 0.297846 0.309399 0.220878 0.116084 -0.280847 -0.283744 -0.555635 -0.263033 -0.307562 -0.210974 0.112084 -0.243445 -0.225275 -0.112597 -0.176495 -0.384767 -0.145961 -0.213707 -0.100276 -0.157488 0.202301 0.127461 -0.245476 -0.375392 0.036701 -0.070384 0.036508 -0.091722 -0.062408 0.010514 0.217988 0.346203 0.134724 0.040580 -0.112965 0.099525 0.056811 -0.017438 0.423157 0.209541 0.112736 -0.315220 -0.150339 -0.122869 -0.030459 0.433652 0.174316 0.113213 -0.018017 0.012598 0.082296 -0.143628 -0.198779 0.106358
0.278157 0.040070 0.220435 -0.032641 -0.090670 -0.253701 0.451007 0.689169 0.428059 0.461046 0.259402 0.437413 0.698404 1.000000 0.116242 0.236943 0.164648 0.339771 -0.086125 0.138936 -0.396285 -0.507582 -0.543644 -0.564857 -0.610763 -0.473956 -0.643592 -0.619662 0.206328 0.265531 -0.380082 -0.272494 -0.103475 0.150035 -0.328492 -0.061404 -0.133767 0.007220 -0.175177 -0.131796 -0.293225 0.033855 -0.229953 -0.168738 -0.024075 0.049821 -0.344516 -0.230191 0.370250 -0.011093 -0.263673 -0.337622 0.033705 -0.272343 -0.146980 -0.491159 -0.297863 -0.333972 0.206299 0.046865 0.668216 0.713738 0.092076 0.338100 0.135790 0.182745 -0.127504 -0.052930 -0.414032 -0.333175 -0.181533 -0.269945 0.337341 -0.044723 0.059251 0.113636 0.103928 -0.032634 -0.086047 -0.115578 0.058682 -0.006563 -0.191055 0.087546 -0.324534 -0.258933 -0.254657 -0.239164 -0.185717 -0.272014 0.085813 0.091564 0.314165 0.341494 -0.103480 -0.181688 -0.251552 -0.141460 0.012258 -0.025995 0.288235 0.008535 -0.045798 -0.112691 -0.121762 0.026911 -0.042051 0.224378 -0.050669 -0.127277 -0.062341 -0.071092 0.066518 0.025671 -0.029447 0.075916
0.466868 -0.075208 0.157086 -0.050568 0.420525 0.038140 0.172200 -0.077786 0.578906 0.228317 0.260962 -0.239488 0.476916 0.116242 1.000000 0.216037 0.191547 0.156476 0.258917 0.242965 0.059922 -0.114754 0.311549 0.071011 -0.056580 0.054738 0.055363 -0.112878 0.348000 0.118574 0.333026 0.065492 0.020286 0.040608 -0.180557 -0.438489 0.075895 -0.138067 -0.087262 -0.156984 -0.085376 -0.148448 -0.260487 -0.281010 -0.522632 -0.593375 -0.158368 -0.194947 0.096161 -0.357286 0.051010 0.128018 0.237326 0.009140 -0.016353 -0.109733 0.233229 0.130534 0.015074 -0.165553 0.359187 0.029143 0.069302 0.117872 0.310703 -0.166944 -0.372839 -0.548090 -0.085981 0.235539 -0.105319 -0.144311 0.168658 -0.016147 -0.188111 0.010586 0.062219 -0.092404 0.087912 0.144046 -0.053155 0.080368 0.394716 0.209688 0.229903 -0.476190 0.149750 0.048997 0.386696 0.066860 0.053526 0.076194 0.013733 -0.003342 -0.098282 -0.157232 -0.169545 -0.117219 -0.027754 -0.123177 0.210673 0.072027 0.232819 -0.023132 0.182694 0.073569 -0.033079 0.154654 -0.119987 -0.062822 0.008235 -0.151366 -0.070421 0.056134 0.006425 0.042933
0.054262 0.376482 -0.250664 -0.142798 0.370800 0.278190 0.170603 0.057565 0.241114 0.282623 0.126390 0.048646 0.180286 0.236943 0.216037 1.000000 -0.122969 0.272931 -0.007390 0.188188 0.275708 -0.129122 -0.152161 -0.054987 -0.059937 -0.127815 0.103602 -0.034344 0.230457 0.428934 0.083178 0.009986 0.023906 0.066629 -0.418203 -0.295564 0.312074 0.088119 -0.172875 0.029996 0.127337 0.195867 -0.188802 -0.261960 -0.210426 -0.326061 -0.058353 -0.211022 -0.170747 -0.061648 -0.265056 0.079783 -0.043346 0.112165 0.127959 0.013914 0.041753 -0.000463 -0.054259 -0.216752 0.145739 0.205435 0.089340 0.196962 -0.064683 -0.285462 -0.133332 -0.326041 0.032605 -0.012684 0.163537 -0.083070 0.335260 0.175225 0.146748 0.386110 0.187021 0.100269 -0.034138 -0.073459 0.036408 -0.028238 0.169886 0.589915 -0.095119 0.081462 -0.029863 -0.096384 -0.009133 0.021013 0.084944 -0.096075 0.238305 0.018729 -0.076002 -0.017403 -0.185787 0.001651 -0.028744 -0.098057 0.024098 0.183252 0.058358 0.037144 0.194723 0.000142 -0.139148 -0.118410 -0.126813 0.079990 -0.009995 -0.108197 -0.037626 0.061135 -0.166859 -0.174591
0.179517 0.321454 -0.086112 -0.080038 -0.200165 -0.374558 -0.008417 -0.026551 0.033331 -0.206715 0.246747 -0.113634 0.293070 0.164648 0.191547 -0.122969 1.000000 0.624422 -0.065822 0.034509 -0.381095 -0.472419 -0.362431 -0.462621 -0.313070 -0.329984 -0.306076 -0.417812 0.294487 0.204909 -0.167275 -0.275305 0.043261 0.003716 -0.283059 -0.283561 -0.102658 -0.194467 0.257835 0.036222 0.106690 0.070255 -0.287431 -0.256236 -0.146437 -0.191103 -0.286071 -0.323838 0.268535 0.092498 -0.140406 -0.017206 0.133338 -0.108977 -0.147913 -0.152138 0.391907 0.438167 0.229361 0.077455 0.121311 -0.011609 0.410003 0.508297 -0.329006 -0.305478 0.013667 -0.247120 0.209943 0.032961 -0.152813 -0.147045 0.335854 0.009788 -0.041258 -0.304991 -0.225661 -0.324671 0.255598 0.178647 0.485332 0.398634 -0.070864 -0.044207 -0.334686 -0.300989 -0.119285 -0.153009 -0.267748 -0.263364 -0.095172 0.001924 0.004759 -0.064239 0.273798 0.013749 -0.188451 0.097009 0.006105 0.118425 0.224213 0.024087 -0.154770 -0.208292 -0.210040 -0.081101 0.016596 0.329675 0.280715 -0.133365 -0.179944 0.040455 0.176829 -0.234075 -0.057921 0.153383
0.028081 0.405216 -0.162180 -0.261549 -0.230522 -0.426101 -0.034445 0.025438 0.065066 -0.144416 0.229192 0.151306 0.278815 0.339771 0.156476 0.272931 0.624422 1.000000 -0.248332 0.088543 -0.279945 -0.518316 -0.355817 -0.485930 -0.284938 -0.372923 -0.372623 -0.464814 0.330168 0.480706 -0.353126 -0.398634 0.079117 0.178459 -0.413489 -0.245471 0.061203 0.006164 0.068785 -0.020675 0.068555 0.282253 -0.107205 -0.063309 -0.175417 -0.165290 -0.158648 -0.135929 0.020626 -0.005721 -0.142395 -0.160358 -0.003096 -0.158766 -0.119676 -0.230157 0.243239 0.318826 0.037009 -0.132325 0.131343 0.103458 0.220357 0.416223 -0.257508 -0.203745 -0.065324 -0.249489 0.145587 -0.043986 -0.182752 -0.152659 0.412131 0.131102 0.049054 -0.027083 0.061291 -0.102553 0.183936 0.249660 0.377955 0.301569 -0.211268 0.109678 -0.228416 -0.100796 -0.210508 -0.207995 -0.401878 -0.357095 -0.033437 0.043789 0.215603 0.154027 0.139752 -0.055862 -0.132943 0.030544 0.024260 0.020842 0.231191 -0.036854 -0.208539 -0.190255 -0.073853 -0.005336 -0.106618 0.130606 0.042064 -0.105369 -0.030458 -0.074917 0.135287 -0.103873 -0.115456 0.017310
0.443984 0.066180 0.328622 0.479254 0.136326 0.005751 0.226250 0.023887 0.282888 0.172559 0.025673 -0.127872 -0.082733 -0.086125 0.258917 -0.007390 -0.065822 -0.248332 1.000000 0.625038 0.037141 -0.057542 0.269697 0.183126 -0.042472 0.135272 -0.045734 -0.136033 0.275428 -0.067358 0.181508 0.163730 0.287811 0.357110 0.114929 -0.211252 0.008794 -0.200570 -0.152400 -0.322094 -0.000206 -0.282252 -0.341299 -0.456065 -0.292923 -0.389164 -0.239123 -0.286627 -0.036884 -0.138826 -0.161049 -0.007943 0.016492 -0.006934 -0.187403 -0.185658 -0.157901 -0.059363 0.055201 0.133264 0.074049 0.044090 0.062098 0.131449 0.113723 -0.341186 0.042226 -0.222070 0.340528 0.188323 -0.008485 -0.338903 0.167825 0.032220 0.006625 -0.051659 0.249918 0.036943 0.013783 0.099005 -0.016078 0.037226 0.341331 0.041175 0.187832 -0.396761 -0.039135 -0.154026 0.204337 -0.077150 0.176574 0.070748 0.012216 -0.232355 -0.193827 -0.315221 -0.337234 -0.258122 -0.202326 -0.158365 -0.048629 0.012974 0.076528 0.259379 0.122857 0.123155 0.006215 -0.058455 -0.099430 -0.252243 -0.138995 -0.008561 -0.286180 0.091106 0.196195 0.047491
0.427788 0.360415 0.099076 0.248101 0.018296 -0.311861 0.197486 -0.050740 0.230249 -0.010107 -0.155075 0.023758 -0.047517 0.138936 0.242965 0.188188 0.034509 0.088543 0.625038 1.000000 0.000298 -0.206447 0.025942 0.082248 -0.109455 0.065879 -0.331904 -0.371404 0.677922 0.433256 0.037670 -0.106035 0.506021 0.557870 -0.223001 -0.399575 0.048889 -0.188991 -0.454356 -0.575833 -0.181996 -0.279803 -0.328803 -0.360999 -0.332520 -0.404201 -0.279396 -0.217005 -0.161031 -0.086242 -0.288790 -0.125301 -0.182621 -0.106879 -0.514001 -0.442137 0.036838 0.219388 -0.074621 0.086953 0.105523 0.175380 0.038740 0.336559 -0.051516 -0.516892 -0.083216 -0.325119 0.409626 0.377923 0.135126 -0.271405 0.581696 0.201953 0.238596 0.113307 0.432588 0.347655 0.323714 0.348615 0.394023 0.476097 -0.005864 0.219175 0.063165 -0.300907 -0.424577 -0.453300 -0.070032 -0.407812 0.206155 0.130182 -0.003657 -0.035694 -0.520737 -0.618802 -0.552562 -0.594562 -0.356349 -0.246641 -0.093701 -0.142590 0.042964 0.346889 0.226860 0.264748 0.015984 -0.084332 -0.448664 -0.537607 -0.277834 -0.259467 -0.267769 0.255790 0.266897 0.038448
-0.189514 0.003878 -0.274484 -0.142412 0.387578 0.406258 -0.301573 -0.375428 -0.078951 -0.085031 -0.169198 -0.374153 -0.408458 -0.396285 0.059922 0.275708 -0.381095 -0.279945 0.037141 0.000298 1.000000 0.544269 0.367592 0.438950 0.465500 0.365091 0.517103 0.546142 -0.112625 0.086241 0.243154 0.265979 0.068843 -0.035039 -0.033317 -0.008098 0.358826 0.315268 -0.074393 0.053103 0.242848 0.124066 0.144933 0.126704 -0.124769 -0.163672 0.363539 0.142667 -0.420931 -0.140062 0.071830 0.195363 0.031423 0.154440 0.244520 0.285825 0.138656 0.102637 -0.219559 -0.231088 -0.300714 -0.283361 -0.129191 -0.256060 -0.059223 -0.151920 -0.042072 -0.087415 0.143993 0.169266 0.388562 0.236013 -0.000862 0.333585 0.163063 0.499084 0.161184 0.322989 -0.039481 -0.126332 -0.061000 -0.008155 0.141786 0.300088 0.190520 0.174429 0.186104 0.054929 0.168178 0.111338 -0.080625 -0.203402 -0.156217 -0.276388 -0.113224 0.064850 0.208386 -0.016961 -0.075908 -0.173087 -0.258782 -0.114283 -0.136218 0.156358 0.170742 -0.040726 -0.061877 -0.329259 -0.207500 0.172666 0.173355 -0.253951 -0.171034 0.096175 -0.102853 -0.254778
-0.183076 -0.233938 -0.035707 0.005377 0.098154 0.376501 -0.184924 -0.267585 -0.225463 -0.109053 -0.127597 -0.167751 -0.359792 -0.507582 -0.114754 -0.129122 -0.472419 -0.518316 -0.057542 -0.206447 0.544269 1.000000 0.400549 0.511938 0.358674 0.366896 0.567341 0.763308 -0.364529 -0.314323 0.294864 0.437899 -0.139570 -0.242304 0.354888 0.223902 0.173748 0.215561 -0.046578 0.217787 0.219305 0.010923 0.046741 0.072789 -0.115726 -0.012727 0.201983 0.194649 -0.292066 -0.246162 0.228620 0.078783 0.075127 0.043847 0.191468 0.329441 0.043820 -0.126019 -0.105360 -0.045587 -0.250437 -0.262184 -0.062999 -0.303748 0.189339 0.245718 -0.078557 0.187462 -0.161350 0.103374 0.220194 0.345614 -0.325465 0.018105 -0.039421 0.166471 -0.036556 0.177661 -0.324956 -0.209148 -0.365077 -0.299279 0.276901 0.127956 0.334104 0.350881 0.277146 0.329355 0.383435 0.392441 -0.028942 -0.128820 -0.192040 -0.148218 -0.078600 0.201154 0.396517 0.079329 0.027490 -0.109168 -0.212632 -0.044097 0.036599 -0.045181 0.105159 -0.262825 0.051436 -0.249829 -0.110859 0.410054 0.212545 -0.077155 -0.126307 -0.101064 -0.223639 -0.278102
0.039052 -0.368750 0.217205 0.105065 0.303096 0.212831 -0.013057 -0.328277 0.137715 -0.025384 -0.043172 -0.278718 -0.285946 -0.543644 0.311549 -0.152161 -0.362431 -0.355817 0.269697 0.025942 0.367592 0.400549 1.000000 0.753910 0.620215 0.543254 0.485209 0.527480 -0.180749 -0.287316 0.550094 0.326851 -0.008849 -0.094186 0.408130 0.045826 0.188074 -0.066594 0.199067 0.088716 0.170445 -0.055534 0.134661 0.078951 -0.182634 -0.217021 0.152232 0.222598 -0.378710 -0.135518 0.515351 0.191178 -0.071122 0.159563 0.132549 0.306494 0.104884 0.031618 -0.591860 -0.468652 -0.378525 -0.476680 -0.456829 -0.521984 0.415278 0.074746 -0.478076 -0.241805 -0.028600 0.217777 0.046112 -0.008647 -0.386085 -0.077156 -0.134981 -0.083557 -0.033038 -0.006590 -0.054545 0.092402 -0.413508 -0.198487 0.356730 -0.094939 0.636101 -0.075503 0.339840 0.270579 0.603245 0.237267 -0.008305 0.063651 -0.138017 -0.101334 -0.005697 -0.006841 0.012263 0.044481 -0.044587 -0.104519 0.008804 0.120390 0.040172 0.110825 0.083200 -0.029762 0.073404 -0.152443 -0.126801 0.086806 0.169720 -0.063271 -0.071794 -0.037047 0.005067 -0.142024
-0.156939 -0.337315 -0.034734 0.333661 0.429993 0.361617 -0.016262 -0.141831 0.067326 0.137921 -0.388809 -0.293169 -0.480886 -0.564857 0.071011 -0.054987 -0.462621 -0.485930 0.183126 0.082248 0.438950 0.511938 0.753910 1.000000 0.615974 0.714855 0.487342 0.600774 -0.093763 -0.071509 0.518531 0.513853 0.052877 -0.102919 0.269700 0.056912 0.193983 -0.048457 -0.129051 -0.139602 0.101750 -0.099318 0.024998 0.023761 -0.002034 -0.018701 0.054364 0.043234 -0.389353 0.042751 0.306222 0.186675 -0.093850 0.059984 -0.014903 0.133273 -0.060915 -0.134394 -0.557980 -0.447793 -0.455006 -0.347362 -0.361098 -0.506822 0.343645 0.049487 -0.305955 0.005373 -0.002851 0.310286 0.288420 0.249107 -0.259608 -0.059166 0.081060 0.104631 -0.058939 0.199777 0.095933 0.152969 -0.224055 -0.115212 0.126021 0.099144 0.556562 0.273496 0.042049 0.179913 0.462951 0.241366 0.049623 0.061442 -0.245059 -0.151493 -0.283140 -0.163740 -0.163269 -0.230210 -0.243412 -0.208944 -0.169820 0.085766 0.058376 0.291994 0.188813 0.056618 0.236928 -0.231501 -0.348611 -0.072230 -0.012874 -0.271826 -0.134123 0.107711 0.113781 -0.153338
-0.387424 -0.165151 -0.086937 -0.002378 0.327345 0.370063 -0.323129 -0.446285 -0.248358 -0.276394 -0.318038 -0.271503 -0.559987 -0.610763 -0.056580 -0.059937 -0.313070 -0.284938 -0.042472 -0.109455 0.465500 0.358674 0.620215 0.615974 1.000000 0.723803 0.624150 0.652469 -0.212127 -0.144090 0.418460 0.300930 0.094107 -0.050883 0.219193 0.113898 0.033461 -0.029898 0.077162 0.109167 0.091089 -0.033321 0.351421 0.277260 0.161441 0.041979 0.361618 0.192946 -0.423440 0.074659 0.414169 0.327922 -0.177309 0.276432 0.300053 0.409960 0.142097 0.148852 -0.473876 -0.330514 -0.622205 -0.634095 -0.520157 -0.555515 -0.058259 -0.052910 -0.065409 0.039930 0.244741 0.203519 0.021847 0.209917 -0.193874 0.043475 0.050946 -0.034268 -0.154889 0.076070 0.139067 0.272508 -0.135542 0.005431 -0.086341 -0.168519 0.325685 0.313158 0.134547 0.088414 0.217718 0.260012 -0.179478 -0.049992 -0.243989 -0.250096 -0.010867 0.047351 0.142604 0.072924 -0.045750 -0.087164 -0.005485 -0.129407 -0.020209 0.199797 0.179470 0.067794 0.053823 -0.180032 -0.061578 -0.010031 0.062769 -0.121568 0.075831 0.010719 0.038028 -0.112094
-0.254308 -0.330706 -0.019027 0.270842 0.334684 0.362039 -0.192346 -0.166209 -0.018133 0.033426 -0.530789 -0.285876 -0.529426 -0.473956 0.054738 -0.127815 -0.329984 -0.372923 0.135272 0.065879 0.365091 0.366896 0.543254 0.714855 0.723803 1.000000 0.455596 0.538462 -0.092002 -0.006299 0.329299 0.415734 0.133396 0.062591 0.238375 0.080945 -0.123904 -0.148538 -0.225693 -0.266755 -0.183449 -0.339170 0.168616 0.123141 0.090783 0.049599 0.152181 0.011485 -0.326870 -0.043742 0.377813 0.187413 -0.155949 0.105036 0.068455 0.041533 -0.080669 -0.059863 -0.398643 -0.297268 -0.438047 -0.387532 -0.494875 -0.467352 0.163419 0.068029 -0.006707 0.181424 0.156781 0.281095 0.135160 0.293799 -0.087749 0.038384 0.141070 0.040945 -0.007686 0.289295 0.339210 0.339797 -0.025313 0.071876 -0.140137 -0.089280 0.396318 0.276981 -0.064014 0.064960 0.316516 0.138468 -0.069869 0.023827 -0.324255 -0.246172 -0.355875 -0.282584 -0.065644 -0.325794 -0.189752 -0.204011 -0.135378 -0.138157 0.116918 0.450410 0.312595 0.237632 0.254566 -0.179952 -0.339062 -0.302600 -0.073402 -0.284120 -0.079270 0.212585 0.288134 0.007501
-0.201655 -0.160835 -0.071813 -0.113991 0.471725 0.738063 -0.218530 -0.463859 -0.183441 -0.130351 -0.165900 -0.453502 -0.366372 -0.643592 0.055363 0.103602 -0.306076 -0.372623 -0.045734 -0.331904 0.517103 0.567341 0.485209 0.487342 0.624150 0.455596 1.000000 0.821729 -0.396446 -0.332096 0.325256 0.227686 -0.138128 -0.328537 0.256114 -0.019308 0.173337 -0.011326 0.169764 0.300966 0.238042 -0.011489 0.170620 0.051048 -0.109615 -0.187992 0.434712 0.007409 -0.375065 -0.239713 0.166107 0.421292 0.081431 0.479052 0.537462 0.592325 0.263106 0.113339 -0.115163 -0.161056 -0.428800 -0.542475 -0.201071 -0.389037 -0.061205 -0.106103 -0.078528 -0.113815 0.085452 0.276196 0.132862 0.323783 -0.332034 0.072823 -0.016563 0.119859 -0.208951 -0.098007 -0.033950 -0.070340 -0.251811 -0.173787 0.286064 0.039496 0.200311 0.275626 0.328703 0.286684 0.433813 0.509785 -0.006113 -0.046034 -0.158388 -0.184987 0.166908 0.275048 0.289141 0.315819 0.244136 0.162450 -0.064688 0.149944 0.234556 0.123872 0.237308 0.022625 0.060747 -0.062761 0.097771 0.287997 0.055036 0.199568 0.138504 0.019367 0.034805 -0.001889
-0.305629 -0.296007 -0.158676 -0.040644 0.328170 0.587603 -0.289505 -0.323025 -0.310735 -0.128960 -0.155579 -0.266633 -0.451267 -0.619662 -0.112878 -0.034344 -0.417812 -0.464814 -0.136033 -0.371404 0.546142 0.763308 0.527480 0.600774 0.652469 0.538462 0.821729 1.000000 -0.453236 -0.366770 0.403856 0.480581 -0.112240 -0.262791 0.401934 0.264365 0.200139 0.125990 0.193332 0.358374 0.367631 0.050500 0.116031 0.086906 -0.029723 0.007920 0.311474 0.113131 -0.376334 -0.174802 0.307625 0.198791 0.022535 0.262610 0.405152 0.550913 0.142759 -0.081701 -0.232152 -0.250404 -0.392435 -0.439601 -0.204210 -0.451949 0.154879 0.202782 -0.101707 0.145366 -0.050572 0.111705 0.040891 0.326800 -0.424764 0.000339 -0.042459 0.054111 -0.220721 0.015943 -0.260557 -0.197571 -0.458108 -0.370599 0.261091 0.074242 0.383207 0.438234 0.394120 0.364097 0.458332 0.543738 -0.134043 -0.239862 -0.295121 -0.302606 0.113060 0.328395 0.352705 0.257687 0.074630 -0.043323 -0.145645 0.116485 0.087610 -0.024167 0.120796 -0.258199 0.050440 -0.277593 0.025250 0.445487 0.160246 0.016110 -0.058224 -0.141208 -0.214303 -0.266471
0.408821 0.254165 -0.127142 -0.111734 0.021214 -0.400225 0.157438 -0.057653 0.219174 -0.052556 -0.029424 -0.106634 0.150975 0.206328 0.348000 0.230457 0.294487 0.330168 0.275428 0.677922 -0.112625 -0.364529 -0.180749 -0.093763 -0.212127 -0.092002 -0.396446 -0.453236 1.000000 0.621581 0.117703 -0.067930 0.375279 0.350072 -0.373891 -0.416538 0.147577 -0.105100 -0.424609 -0.591288 -0.115984 -0.069670 -0.251426 -0.201592 -0.253954 -0.301598 -0.369544 -0.203557 0.038452 -0.019530 -0.304626 -0.181139 -0.002939 -0.210018 -0.436485 -0.475755 0.160505 0.217495 0.085109 0.001205 0.166133 0.187382 0.281080 0.410501 -0.126966 -0.475914 -0.074194 -0.329684 0.302056 0.286894 0.157464 -0.078628 0.716146 0.168134 0.206234 0.084152 0.311624 0.241953 0.398813 0.323312 0.508591 0.463285 -0.075496 0.278322 -0.059338 -0.372805 -0.367773 -0.456738 -0.266483 -0.387048 0.049260 0.059732 -0.105691 0.000724 -0.463431 -0.485462 -0.453439 -0.554436 -0.313384 -0.162395 -0.046286 -0.134146 0.131487 0.256541 0.230779 0.266191 0.132587 0.031052 -0.397353 -0.458998 -0.301481 -0.333934 -0.141252 0.215981 0.201123 0.041236
0.153877 0.337120 -0.290695 -0.112684 0.009052 -0.263892 0.063259 0.079508 0.195465 0.012776 -0.137632 -0.051694 0.050977 0.265531 0.118574 0.428934 0.204909 0.480706 -0.067358 0.433256 0.086241 -0.314323 -0.287316 -0.071509 -0.144090 -0.006299 -0.332096 -0.366770 0.621581 1.000000 -0.136954 -0.117477 0.173680 0.313035 -0.524793 -0.283846 0.135200 -0.037423 -0.412355 -0.500489 -0.129096 -0.007315 -0.178394 -0.108008 -0.015414 -0.092905 -0.182347 -0.240729 -0.024095 0.164056 -0.246427 -0.148590 -0.084464 -0.200058 -0.360503 -0.476027 0.127908 0.147211 -0.091692 -0.176448 0.077556 0.187754 0.068076 0.260309 -0.166922 -0.311063 -0.065777 -0.162123 0.184548 0.128082 0.295109 0.016392 0.693977 0.301702 0.415488 0.331047 0.289744 0.310662 0.377425 0.294995 0.516999 0.465403 -0.292460 0.503885 -0.173032 -0.022037 -0.466812 -0.529530 -0.330910 -0.421329 -0.021391 0.047608 -0.018787 0.047477 -0.429127 -0.481402 -0.390100 -0.510798 -0.306125 -0.204322 -0.121867 -0.133747 -0.156055 0.186918 0.167546 0.225632 0.047835 -0.112390 -0.462690 -0.454596 -0.221545 -0.500352 0.016909 0.163142 0.079410 -0.035986
0.144579 -0.178932 -0.045785 -0.022197 0.361022 0.231925 0.079589 -0.248224 0.092795 0.061570 0.038680 -0.179577 -0.035247 -0.380082 0.333026 0.083178 -0.167275 -0.353126 0.181508 0.037670 0.243154 0.294864 0.550094 0.518531 0.418460 0.329299 0.325256 0.403856 0.117703 -0.136954 1.000000 0.637514 0.091609 -0.126888 0.068623 -0.201940 0.186966 -0.171815 0.042183 0.037432 0.243934 -0.033712 -0.056580 -0.076440 -0.181948 -0.245561 -0.163417 0.076626 -0.123481 0.014881 0.241342 0.184236 -0.018445 0.118743 0.021654 0.234352 0.224303 0.056037 -0.259874 -0.261829 -0.130666 -0.225298 -0.055347 -0.231800 0.366260 -0.018424 -0.278468 -0.233482 -0.044062 0.167310 0.068502 0.046443 -0.223270 -0.079329 -0.163669 -0.135693 -0.149914 -0.081979 -0.130581 -0.008747 -0.330475 -0.247055 0.400379 0.158040 0.434032 -0.081268 0.392802 0.237953 0.388744 0.354474 -0.143404 -0.249607 -0.158747 -0.186500 -0.043411 0.047704 -0.001002 0.016218 -0.103504 -0.168688 0.046202 0.031891 0.215337 -0.053325 0.165956 -0.221873 0.111152 -0.108252 -0.022163 0.178533 0.027918 -0.141712 -0.096070 -0.050900 -0.240572 -0.173103
-0.149182 -0.347832 -0.126671 0.303333 0.179312 0.282819 -0.050642 0.065408 -0.027545 0.230600 0.056591 -0.021368 -0.121003 -0.272494 0.065492 0.009986 -0.275305 -0.398634 0.163730 -0.106035 0.265979 0.437899 0.326851 0.513853 0.300930 0.415734 0.227686 0.480581 -0.067930 -0.117477 0.637514 1.000000 0.049851 0.022203 0.182780 0.217030 0.185156 0.057234 0.036083 0.090443 0.342897 0.123696 -0.154363 -0.103698 0.119129 0.115481 -0.191559 -0.016889 -0.016450 0.020294 0.180242 -0.044098 -0.007631 -0.167126 -0.025391 0.036005 -0.222490 -0.335831 -0.235808 -0.264884 -0.122873 -0.095370 0.028614 -0.233743 0.346211 0.257151 -0.062290 0.282582 -0.144769 -0.120351 -0.026758 0.119435 -0.225723 -0.148816 -0.028806 -0.029734 -0.219640 -0.056126 -0.303467 -0.187409 -0.380749 -0.430443 0.259006 0.211455 0.353616 0.218037 0.202844 0.308453 0.215767 0.221266 -0.178272 -0.390267 -0.170687 -0.318996 0.018748 0.201048 0.108016 0.052192 -0.297564 -0.428297 0.048344 0.051322 -0.039973 -0.173584 -0.127188 -0.434242 0.040999 -0.182763 0.022002 0.323414 0.197048 -0.328372 -0.354368 -0.291157 -0.365486 -0.238789
0.050811 0.356148 -0.142109 0.015364 0.041119 -0.169033 -0.080860 -0.240090 0.006615 -0.184873 -0.226445 0.073109 -0.163070 -0.103475 0.020286 0.023906 0.043261 0.079117 0.287811 0.506021 0.068843 -0.139570 -0.008849 0.052877 0.094107 0.133396 -0.138128 -0.112240 0.375279 0.173680 0.091609 0.049851 1.000000 0.732211 -0.122186 -0.145783 0.031511 -0.054906 -0.355083 -0.417881 -0.010590 -0.066098 -0.056631 -0.114498 0.006915 -0.110523 -0.208436 -0.033030 -0.081617 0.160078 -0.077917 -0.105613 -0.237799 -0.153452 -0.406999 -0.235595 0.095053 0.328828 -0.041192 0.234407 0.066649 0.092427 0.216386 0.327750 -0.048509 -0.277840 0.209682 0.000932 0.415728 0.139318 -0.136886 -0.220022 0.360063 0.200094 0.232960 0.023392 0.138993 0.269951 0.244833 0.290629 0.303494 0.369342 -0.085911 -0.093710 0.089661 -0.137501 -0.161552 -0.220170 -0.258780 -0.382236 -0.329514 -0.399794 -0.380647 -0.309788 -0.366467 -0.396486 -0.210879 -0.454152 -0.415174 -0.416153 -0.086574 -0.294098 -0.055327 0.111007 0.207007 0.073807 0.134382 -0.254986 -0.370093 -0.285798 -0.162424 -0.368553 -0.494947 0.148925 0.011198 -0.227843
0.132367 0.395043 -0.038414 0.143185 -0.221098 -0.316651 -0.063103 -0.023682 0.065018 -0.115870 -0.023068 0.256961 -0.071772 0.150035 0.040608 0.066629 0.003716 0.178459 0.357110 0.557870 -0.035039 -0.242304 -0.094186 -0.102919 -0.050883 0.062591 -0.328537 -0.262791 0.350072 0.313035 -0.126888 0.022203 0.732211 1.000000 -0.023962 0.063593 -0.051494 0.048540 -0.357309 -0.375870 -0.048826 -0.053750 -0.087007 -0.125337 0.049040 -0.048125 -0.204524 -0.063075 -0.049229 0.085439 -0.065482 -0.241695 -0.291330 -0.282412 -0.403771 -0.390486 -0.063246 0.122595 -0.109417 0.176958 0.221550 0.248218 0.058579 0.308118 0.063460 -0.071975 0.186348 0.097652 0.405129 -0.038406 -0.271157 -0.329177 0.397383 0.249951 0.241551 0.009933 0.297615 0.304923 0.061286 0.254711 0.154688 0.272532 -0.081663 -0.021118 0.140202 -0.132592 -0.252546 -0.297974 -0.331893 -0.477825 -0.291754 -0.399356 -0.152217 -0.274031 -0.345397 -0.430995 -0.241310 -0.442958 -0.560943 -0.516409 0.016421 -0.323243 -0.227797 0.020054 0.002060 -0.019396 -0.021752 -0.376781 -0.383996 -0.276523 -0.091716 -0.440733 -0.521085 -0.039203 -0.070190 -0.300687
-0.156728 -0.309942 0.170039 0.091338 -0.140370 0.055496 -0.161986 -0.069854 -0.215672 -0.037008 0.093794 0.075420 -0.271009 -0.328492 -0.180557 -0.418203 -0.283059 -0.413489 0.114929 -0.223001 -0.033317 0.354888 0.408130 0.269700 0.219193 0.238375 0.256114 0.401934 -0.373891 -0.524793 0.068623 0.182780 -0.122186 -0.023962 1.000000 0.581441 0.025140 0.174303 0.229974 0.258621 0.178780 -0.052152 0.059622 0.109593 0.144068 0.235141 0.123858 0.190337 -0.112172 -0.029224 0.147965 -0.045628 -0.043538 0.014626 0.048658 0.206504 -0.080975 -0.181080 -0.186589 -0.012809 -0.195253 -0.145631 -0.283381 -0.385812 0.234437 0.479551 -0.092532 0.300724 -0.073212 -0.063275 -0.132600 0.073133 -0.501625 -0.230467 -0.207052 -0.238314 -0.044540 0.070232 -0.287749 -0.166281 -0.439626 -0.295270 0.297076 -0.288821 0.331621 -0.007373 0.130445 0.317732 0.248320 0.145842 -0.043046 -0.102933 -0.168182 -0.109446 0.145822 0.219375 0.227206 0.166253 -0.037544 -0.044764 -0.008722 0.080243 0.114828 0.021236 -0.080667 -0.096577 0.002299 -0.191685 0.075805 0.204235 0.272426 0.198264 -0.095779 -0.167462 0.062051 -0.093576
-0.464774 -0.382986 -0.041090 0.104656 -0.332479 -0.121468 -0.289354 0.157749 -0.385067 -0.125627 0.126944 0.336967 -0.222068 -0.061404 -0.438489 -0.295564 -0.283561 -0.245471 -0.211252 -0.399575 -0.008098 0.223902 0.045826 0.056912 0.113898 0.080945 -0.019308 0.264365 -0.416538 -0.283846 -0.201940 0.217030 -0.145783 0.063593 0.581441 1.000000 0.050062 0.340943 0.178192 0.277966 0.149800 0.282378 0.196238 0.301271 0.584865 0.707708 0.058674 0.187828 0.113350 0.257512 0.182983 -0.370424 -0.185360 -0.249783 0.066227 0.056908 -0.386501 -0.435386 -0.198322 -0.067973 -0.147554 -0.035383 -0.218320 -0.401993 0.093744 0.608181 0.139425 0.691376 -0.193810 -0.537586 -0.148904 0.108545 -0.301460 -0.121392 -0.065269 -0.063088 -0.162336 0.086591 -0.347017 -0.309452 -0.378436 -0.330647 -0.090572 -0.312020 0.073804 0.269514 0.023321 0.178554 -0.078768 0.007584 -0.180313 -0.234634 -0.077424 -0.071036 0.164045 0.314255 0.300952 0.177163 -0.250256 -0.188527 0.007138 0.060706 -0.140971 -0.146953 -0.283036 -0.233470 -0.124431 -0.267067 0.097836 0.231244 0.270832 -0.043708 -0.161518 -0.319467 -0.150632 -0.223175
