1.000000 0.474325 0.128450 -0.333729 -0.262863 -0.275720 0.053262 -0.042398 -0.085884 -0.075424 0.507434 0.360472 0.099529 0.254253 0.152204 0.049170 0.341566 0.250931 0.436851 0.113017 -0.137398 -0.078149 -0.262379 -0.426905 -0.423494 -0.395948 -0.119946 -0.143611 -0.054274 0.190932 -0.026307 -0.086169 0.364908 0.087318 -0.454484 -0.109219 -0.104107 0.072621 -0.071084 -0.031858 -0.460665 -0.066854 0.044326 0.011874 -0.128233 -0.099253 -0.045093 -0.281155 -0.138221 -0.025693 -0.134324 -0.223802 -0.308266 -0.339284 0.054230 -0.088232 0.449339 -0.063969 0.377962 0.267855 0.374714 0.238346 0.241513 0.259886 0.056959 -0.069588 0.293214 -0.280661 0.178481 -0.191316 0.228536 0.205118 0.338333 0.340669 0.553570 0.221629 0.319485 0.125259 -0.053215 -0.095193 0.032321 -0.193682 -0.226804 -0.400352 0.176318 -0.330783 -0.192901 -0.093221 0.001962 -0.390971 -0.382183 -0.172252 -0.333413 -0.142958 -0.246691 0.227446 -0.327354 -0.127682 0.056779 0.004335 0.054305 -0.069984 0.356782 0.226957 0.428608 0.279518 0.396619 0.358080 -0.060715 -0.216525 -0.284576 -0.076628 -0.059902 0.141659 0.305284 0.388768
0.474325 1.000000 -0.390414 -0.291299 -0.449342 -0.373513 -0.057282 -0.140602 -0.242818 -0.059704 0.279201 0.400479 0.155738 0.360498 -0.104243 0.228408 0.371270 0.457736 0.150803 0.352261 -0.033009 0.020110 -0.579659 -0.472702 -0.610052 -0.522814 -0.427357 -0.370519 0.036433 0.383013 -0.143442 -0.190126 0.220746 0.044856 -0.602838 -0.146879 -0.010738 0.267682 -0.024250 0.110277 -0.366831 0.051562 0.085609 0.110411 0.123034 -0.096609 0.175625 -0.126951 0.023792 0.100708 -0.199277 -0.184142 -0.035913 -0.242055 0.220412 0.104646 0.381277 0.130929 0.416792 0.478628 0.335018 0.546366 0.376119 0.487346 -0.316308 -0.101761 0.120114 -0.321544 0.083399 -0.186396 0.243001 0.220251 0.365996 0.390045 0.437605 0.249404 0.348547 0.141375 -0.050884 -0.104657 0.050211 -0.151671 -0.385976 -0.193898 -0.055816 -0.455512 -0.231657 -0.122910 -0.152041 -0.408712 -0.093080 -0.243609 -0.273522 -0.300712 -0.366392 0.350260 -0.192652 -0.192506 0.544422 0.059051 0.282034 -0.082248 0.490731 0.184025 0.369949 0.080592 0.284053 0.330294 0.045861 0.051483 -0.203754 0.120747 0.051560 -0.022606 0.151965 0.233687
0.128450 -0.390414 1.000000 -0.032963 0.402819 0.105113 0.241458 0.039300 0.400127 -0.170002 -0.173813 -0.180846 0.042137 -0.382704 0.401071 -0.494591 -0.030514 -0.338669 0.314115 -0.239417 -0.273524 -0.145233 0.508028 -0.000193 0.475192 0.161848 0.340898 0.222897 -0.273282 -0.569693 -0.131658 -0.176100 0.137536 -0.066371 0.165359 -0.003118 -0.059660 -0.296485 -0.015558 -0.114154 -0.084083 -0.403850 0.023335 0.002579 -0.116993 -0.039171 -0.138160 0.000988 0.123660 -0.053702 0.504169 0.020873 -0.168994 -0.067285 0.131101 -0.047994 -0.025025 -0.041147 0.274972 -0.055644 0.194655 -0.379500 -0.075050 -0.327445 0.533196 -0.013795 0.426355 0.354376 0.135785 0.066492 -0.177527 -0.263131 -0.283462 -0.131389 -0.030241 -0.261393 -0.139140 -0.162314 -0.093858 0.006343 -0.201321 -0.169956 0.068718 -0.259211 -0.035432 0.137744 -0.060623 0.037809 0.459100 0.088541 -0.181202 0.094781 -0.193019 0.082481 -0.001488 -0.139652 -0.109235 0.033101 -0.347538 0.039416 -0.150663 -0.059029 -0.115021 0.024045 -0.044358 0.093712 0.001457 -0.008090 -0.131299 -0.111444 0.083935 -0.235306 -0.114439 0.046251 0.144321 0.110733
-0.333729 -0.291299 -0.032963 1.000000 0.185409 0.485693 -0.310885 0.573154 -0.109034 0.107279 -0.450308 0.146350 -0.432094 -0.081955 -0.035832 0.108009 -0.263405 -0.363426 -0.123885 -0.154970 0.108776 0.294726 0.400158 0.753242 0.109629 0.578063 0.442133 0.528004 -0.291747 -0.246654 -0.105418 0.197199 -0.370980 -0.097998 0.055941 -0.189573 0.083382 0.074053 0.009655 0.205234 0.030359 0.000601 -0.334146 -0.293005 -0.395422 -0.195462 -0.255627 -0.028769 -0.244756 -0.340049 0.017720 0.022185 0.172614 0.145765 -0.257997 -0.202685 -0.150629 -0.218122 -0.319030 -0.205861 -0.256704 -0.338908 -0.371137 -0.410917 0.315178 0.344740 -0.318920 0.069130 0.004219 0.091228 -0.015118 0.147093 -0.480804 -0.017376 -0.189981 0.036674 -0.170504 0.013303 0.073822 -0.012580 -0.165061 -0.127949 0.122739 0.210591 -0.066973 0.170922 0.318202 0.539427 0.358621 0.587943 0.170393 0.161229 0.478538 0.275438 0.053871 -0.108311 -0.041050 -0.065040 -0.331690 -0.163235 -0.082205 0.078492 -0.325785 -0.020545 -0.044924 0.034769 -0.203893 -0.164460 -0.014335 0.027462 0.039059 -0.118376 -0.008852 0.296164 -0.032939 -0.063306
-0.262863 -0.449342 0.402819 0.185409 1.000000 0.346258 0.157860 0.085046 0.617686 0.044669 -0.199067 -0.316925 0.290618 -0.234478 0.352135 -0.172719 -0.117613 -0.398073 -0.056590 -0.176929 0.310737 0.193436 0.362377 0.271909 0.425772 0.314522 0.528840 0.384266 -0.123905 -0.304910 0.297580 0.243192 -0.143248 -0.099220 0.283636 -0.075219 -0.193423 -0.334828 -0.123202 -0.153940 -0.032156 -0.266213 -0.086820 -0.153980 -0.154747 -0.013205 -0.334557 -0.084493 -0.066954 -0.134483 0.137193 0.053045 -0.049359 0.064291 -0.291301 -0.222372 -0.134761 -0.078338 0.178722 -0.157301 0.115207 -0.203023 -0.136565 -0.192661 0.232973 0.048997 0.237756 0.307240 -0.076938 0.043396 -0.023897 -0.043628 -0.167752 -0.271752 -0.113348 -0.187106 -0.313541 -0.202724 -0.056396 -0.082750 -0.088469 -0.107089 0.049912 -0.117972 -0.125096 0.051481 0.183984 -0.203912 0.020110 0.002349 -0.003617 0.227752 0.198661 0.229225 0.046026 -0.105923 -0.112855 0.031846 -0.236079 0.117264 -0.247282 0.127733 -0.205112 0.132245 -0.155694 0.084604 -0.058725 -0.092392 0.027767 -0.003156 0.001692 0.061438 0.104802 -0.022757 0.137745 -0.009276
-0.275720 -0.373513 0.105113 0.485693 0.346258 1.000000 -0.093711 0.547541 -0.056617 0.346913 -0.307410 0.078914 -0.250940 0.113372 -0.063702 0.026535 -0.382497 -0.411018 -0.210232 -0.188339 0.044039 0.213006 0.125391 0.530708 0.041661 0.380920 0.459290 0.619566 -0.375357 -0.418680 -0.317642 -0.072960 -0.273019 0.093082 0.182334 0.051489 -0.076904 -0.001019 -0.305016 0.057445 0.006977 -0.151770 -0.470658 -0.386696 -0.277026 0.039971 -0.371484 -0.052372 -0.087034 -0.271800 -0.051555 0.023249 0.307801 0.343256 -0.269204 -0.303338 -0.130580 0.008504 -0.098900 -0.169590 -0.125840 -0.203777 -0.450932 -0.364541 0.227618 0.420076 -0.346489 0.190803 -0.061118 0.203717 -0.356616 -0.136788 -0.526034 -0.359896 -0.430099 -0.246640 -0.373497 -0.202815 0.100479 -0.172353 -0.138505 -0.043775 -0.089012 0.166006 -0.228524 -0.008434 -0.078938 0.131413 0.212749 0.325537 0.368039 0.389344 0.607457 0.479271 -0.052846 -0.114331 -0.114326 -0.025669 -0.314531 0.087457 0.167115 0.255284 -0.236951 0.033631 -0.001904 0.063630 -0.129882 -0.201869 0.034641 -0.048175 0.060173 -0.065377 0.223557 0.067260 -0.025414 -0.097937
0.053262 -0.057282 0.241458 -0.310885 0.157860 -0.093711 1.000000 0.051110 0.155714 0.236119 -0.066013 -0.067514 0.482904 0.269495 -0.035370 0.087420 -0.167023 -0.105454 -0.112232 -0.326091 -0.061695 -0.347764 -0.042721 -0.297840 0.131742 -0.205424 -0.104304 -0.276101 -0.197131 0.124108 0.174217 0.062952 0.238047 0.051304 0.101541 0.221771 -0.238574 -0.120312 -0.210646 -0.250100 0.011565 -0.135707 0.251825 0.272458 0.345489 0.338588 0.170974 -0.085224 0.250699 0.444339 0.138585 0.204670 0.091316 0.043887 -0.023417 0.225363 -0.316251 -0.383921 0.015416 -0.178237 0.202195 0.361302 -0.050530 0.186229 0.139828 0.269873 0.002862 -0.127246 -0.553986 -0.298787 -0.054461 0.039569 0.103368 0.090342 0.150709 0.114669 0.075013 0.053138 -0.317839 -0.365177 -0.312322 -0.245724 -0.171234 -0.197866 -0.072016 -0.047552 0.108628 -0.379373 -0.049759 -0.173565 -0.155239 -0.222043 0.005174 -0.264792 -0.001466 0.168545 0.033263 0.274276 0.124038 0.297614 -0.048014 -0.326145 -0.227359 -0.175905 -0.225346 -0.144778 -0.123129 -0.164537 0.127382 0.058365 -0.158056 0.117862 0.142911 0.229194 -0.033312 0.008945
-0.042398 -0.140602 0.039300 0.573154 0.085046 0.547541 0.051110 1.000000 -0.057251 0.526710 -0.253678 0.403909 -0.088600 0.453429 0.011430 0.218090 -0.137743 -0.362868 -0.006056 -0.185001 -0.029008 -0.088297 -0.089084 0.254660 -0.063038 0.093072 0.146335 0.264956 -0.347146 -0.154417 -0.077834 0.179314 -0.048261 -0.081877 -0.162866 -0.165391 -0.041309 0.035303 -0.216353 0.008927 0.060997 -0.040879 -0.258640 -0.202674 -0.318393 -0.003596 -0.186075 -0.231853 -0.282499 -0.228116 -0.050666 -0.225644 -0.054967 -0.153526 -0.289555 -0.231262 -0.105770 -0.328514 -0.184262 -0.226133 0.026095 0.019622 -0.310547 -0.271361 0.285395 0.636082 -0.241078 -0.020642 -0.065385 0.048798 -0.190897 0.095390 -0.250540 0.023168 -0.026268 0.086790 -0.070783 0.099441 -0.022609 -0.331996 -0.168801 -0.290441 -0.086675 0.076431 -0.000816 0.084416 0.286234 0.048450 0.330476 0.250218 -0.081546 -0.112987 0.441096 0.042114 0.127006 0.062310 0.053487 0.145007 -0.196570 -0.136900 0.033226 -0.080413 -0.021874 -0.025005 0.016856 -0.118201 0.059075 -0.113686 0.074436 -0.093801 -0.145561 -0.313550 -0.130729 0.260138 -0.064221 0.042631
-0.085884 -0.242818 0.400127 -0.109034 0.617686 -0.056617 0.155714 -0.057251 1.000000 0.157860 0.001526 -0.126390 0.365100 -0.195454 0.467722 -0.198634 -0.089024 -0.273997 0.099636 -0.060158 -0.083307 -0.274976 0.227789 -0.037321 0.515301 0.039086 0.018671 -0.178275 -0.095417 -0.215016 0.111064 0.035849 -0.123739 -0.253094 0.070552 -0.052083 -0.392311 -0.411626 -0.101698 -0.418649 -0.123193 -0.153000 0.131330 0.027365 0.125119 0.009906 -0.136104 -0.103679 0.200017 0.128522 0.355460 0.158979 0.033885 0.049684 0.191278 0.066169 -0.086624 0.000398 0.284604 -0.014419 0.180634 -0.054037 -0.044256 -0.059707 0.199196 -0.003714 0.281400 0.265433 -0.062581 0.000439 -0.125437 -0.156705 -0.114581 -0.147876 0.003014 -0.235823 -0.207988 -0.147842 -0.242957 -0.140198 -0.156031 -0.215417 0.012421 -0.199576 0.107089 0.078960 0.052084 -0.241203 0.027551 -0.020437 -0.005026 0.044318 -0.073945 -0.009699 -0.000971 -0.052699 -0.073001 -0.011724 -0.054632 0.011353 -0.183243 -0.105906 -0.198405 -0.073634 -0.410494 -0.120690 0.054291 -0.103118 -0.043083 0.063294 -0.076476 -0.088817 -0.051540 -0.169673 0.025584 -0.110149
-0.075424 -0.059704 -0.170002 0.107279 0.044669 0.346913 0.236119 0.526710 0.157860 1.000000 -0.121307 0.177011 0.255621 0.589866 0.110930 0.373433 -0.077895 -0.041686 0.054006 -0.192596 -0.211294 -0.454144 -0.300124 -0.081381 -0.002119 -0.186901 -0.184648 -0.270896 -0.272227 0.183741 0.015818 0.248547 0.198458 0.158548 0.082310 0.132801 -0.304463 -0.039328 -0.358282 -0.163572 -0.098222 0.014019 -0.028418 -0.016991 0.198924 0.264774 0.077700 -0.294387 0.088248 0.302087 -0.075706 0.081324 0.160255 0.065424 -0.184571 0.032186 -0.023353 -0.198582 -0.057017 -0.165483 0.222684 0.375342 -0.082352 0.181653 0.190771 0.581679 -0.266300 -0.269295 -0.407854 -0.398989 -0.395465 -0.089709 0.029961 0.032202 0.019244 0.050030 -0.028139 -0.000423 -0.216924 -0.326089 -0.257139 -0.255966 -0.248670 -0.069613 0.007467 -0.125256 0.089781 -0.225924 -0.072311 -0.003410 -0.054206 -0.308434 0.167708 -0.260588 -0.165305 0.229817 -0.158693 -0.006332 0.008447 0.046495 0.137658 -0.357264 -0.137550 -0.244970 -0.153227 -0.205637 -0.106831 -0.172198 0.115128 0.028854 -0.376864 -0.226382 0.077276 0.156987 0.063425 0.056948
0.507434 0.279201 -0.173813 -0.450308 -0.199067 -0.307410 -0.066013 -0.253678 0.001526 -0.121307 1.000000 0.416711 0.278283 0.231926 0.075056 0.185877 0.196066 0.215874 0.001006 0.222474 0.156363 0.072285 -0.227163 -0.241341 -0.229501 -0.201017 -0.114850 -0.203606 0.404039 0.345013 0.164510 0.068807 0.158984 0.190510 -0.116679 0.061102 0.074625 0.017667 0.007896 -0.052314 -0.050915 0.231612 0.120710 0.074139 -0.072293 -0.043138 0.047279 0.042845 -0.066731 -0.098302 -0.296353 -0.227240 -0.236309 -0.267000 0.052982 -0.164251 0.039724 -0.049471 0.126115 0.005976 0.072460 0.198056 0.130786 0.158662 -0.288109 -0.114175 0.034692 -0.264691 0.169950 0.027364 0.439396 0.315019 0.281908 0.227607 0.272343 0.323754 0.357022 0.252988 -0.021130 0.032037 0.301841 0.048423 0.274847 -0.027351 0.306156 -0.245120 -0.033270 -0.249374 -0.341780 -0.505080 -0.207465 -0.207380 -0.294236 -0.224665 -0.029092 -0.076590 -0.013724 -0.132996 -0.026150 -0.298264 -0.246179 -0.072706 0.059479 -0.079857 0.006734 0.061547 0.261998 0.139708 -0.224646 -0.122469 -0.048114 -0.154728 -0.251858 -0.125278 0.167122 0.030018
0.360472 0.400479 -0.180846 0.146350 -0.316925 0.078914 -0.067514 0.403909 -0.126390 0.177011 0.416711 1.000000 -0.051595 0.561125 -0.064981 0.410058 -0.059099 -0.007828 -0.191185 0.086423 -0.127525 -0.013749 -0.101280 0.139756 -0.247629 0.033897 -0.016627 0.026589 -0.088292 0.135501 -0.281071 -0.018935 -0.033180 0.129096 -0.430867 -0.148191 0.025501 0.075679 -0.240793 0.107761 -0.207015 0.069444 -0.002399 0.045668 -0.154964 -0.051341 0.018921 -0.045173 0.026258 -0.109155 0.016769 -0.222550 0.053114 -0.213321 0.044487 -0.265243 0.021283 -0.234149 0.027542 -0.043775 0.061215 0.203606 -0.153704 -0.038915 0.077190 0.350451 -0.254322 -0.301197 0.071868 0.004369 0.141294 0.261470 -0.162846 0.238777 0.154894 0.196775 0.140937 0.130878 0.012859 -0.191455 -0.018147 -0.206288 -0.066991 0.177234 -0.009090 -0.265073 -0.188181 0.151689 0.099458 -0.177376 -0.087894 -0.250533 0.012379 -0.174521 -0.265544 -0.052072 -0.203943 -0.290796 -0.066269 -0.368440 0.008072 -0.171766 -0.055918 -0.013863 0.081844 0.148279 0.144370 0.231914 -0.317333 -0.248710 -0.147233 -0.252243 -0.298026 0.001472 0.181890 0.224611
0.099529 0.155738 0.042137 -0.432094 0.290618 -0.250940 0.482904 -0.088600 0.365100 0.255621 0.278283 -0.051595 1.000000 0.318889 0.410074 0.252661 0.313947 0.043198 -0.060566 -0.023219 -0.004066 -0.162652 -0.194786 -0.370142 0.085410 -0.315715 -0.218125 -0.461154 0.054966 0.222940 0.273056 0.161424 0.279120 0.139978 0.049696 -0.038181 -0.335759 -0.341169 -0.264836 -0.281638 -0.233165 -0.166579 0.233423 0.181266 0.234745 0.234535 0.058880 -0.202706 0.136786 0.328473 -0.009471 0.087231 -0.167297 -0.194326 -0.149004 0.035557 -0.171006 -0.253787 0.415060 0.055276 0.606435 0.571702 0.390252 0.522040 0.040389 0.167479 0.211303 -0.071221 -0.306990 -0.264139 0.021019 -0.015858 0.318308 0.076842 0.255977 0.156572 0.025987 -0.097637 -0.173999 -0.076103 -0.158276 -0.154495 -0.176177 -0.290441 -0.213855 -0.234620 0.122935 -0.626310 -0.321809 -0.328633 -0.308641 -0.257047 -0.199974 -0.334140 -0.113375 0.099119 -0.209535 -0.006442 0.150375 0.110392 -0.178588 -0.240170 0.030548 -0.179258 -0.108387 -0.052225 0.135860 0.104278 -0.060200 -0.058859 -0.328772 -0.005979 -0.024182 0.044498 0.284011 0.120010
0.254253 0.360498 -0.382704 -0.081955 -0.234478 0.113372 0.269495 0.453429 -0.195454 0.589866 0.231926 0.561125 0.318889 1.000000 -0.078832 0.750404 0.103982 0.259611 -0.205170 0.036954 -0.004062 -0.115829 -0.472515 -0.167667 -0.391684 -0.254020 -0.235305 -0.223089 -0.058203 0.532754 0.062725 0.265174 0.207581 0.280858 -0.292479 -0.086595 -0.126878 0.204039 -0.201755 0.072737 -0.172890 0.214940 -0.022925 -0.017121 -0.027259 0.112779 -0.010941 -0.260592 -0.125958 0.075239 -0.337169 -0.282543 -0.088608 -0.310189 -0.278038 -0.200499 0.008568 -0.336293 0.022549 -0.111726 0.335181 0.679353 0.074345 0.401517 -0.033361 0.533445 -0.278321 -0.483165 -0.242705 -0.188725 0.002588 0.267081 0.237786 0.230856 0.256632 0.289859 0.172934 0.160913 -0.038503 -0.279102 -0.037757 -0.137280 -0.246501 0.108763 -0.057470 -0.438680 -0.042488 -0.285958 -0.055828 -0.307097 -0.204226 -0.423807 0.118573 -0.280154 -0.203801 0.249512 -0.192232 -0.113224 0.020129 -0.196019 0.130866 -0.248287 0.071465 -0.097381 0.095348 -0.054951 0.119416 0.108136 -0.026348 -0.070811 -0.358617 -0.182184 -0.104159 0.082049 0.148897 0.157124
0.152204 -0.104243 0.401071 -0.035832 0.352135 -0.063702 -0.035370 0.011430 0.467722 0.110930 0.075056 -0.064981 0.410074 -0.078832 1.000000 -0.023921 0.171497 -0.134150 0.298175 0.043829 -0.208173 -0.181493 0.198029 -0.058675 0.137376 -0.063376 0.223792 -0.112593 0.042939 -0.222284 -0.052517 0.025876 0.095582 -0.006690 -0.000922 -0.458242 -0.222085 -0.400533 -0.164103 -0.227082 -0.255565 -0.310430 -0.111366 -0.130781 -0.115171 -0.175354 -0.329785 -0.340021 0.097229 0.036349 0.228385 0.114423 -0.256857 -0.116386 -0.190479 -0.201322 0.057936 -0.143647 0.381378 0.148590 0.425407 0.033846 0.152507 0.102958 0.440956 0.087910 0.336585 0.084314 -0.013813 -0.125142 -0.202817 -0.317453 -0.052986 -0.150542 0.035614 -0.184373 -0.232042 -0.357961 0.129707 0.172275 -0.098747 0.029070 0.095432 -0.094259 -0.059877 0.092749 0.032760 -0.214168 0.105735 -0.003153 -0.277062 0.090245 -0.268876 -0.017173 -0.155654 -0.130759 -0.405962 -0.268740 -0.247915 -0.021261 -0.233694 -0.062111 0.042549 0.135901 0.096881 0.336259 0.220168 0.244503 -0.282562 -0.208882 -0.360983 -0.205954 -0.023505 -0.065612 0.448684 0.159307
0.049170 0.228408 -0.494591 0.108009 -0.172719 0.026535 0.087420 0.218090 -0.198634 0.373433 0.185877 0.410058 0.252661 0.750404 -0.023921 1.000000 0.117275 0.303540 -0.382803 0.069705 0.293359 0.258600 -0.184551 0.102069 -0.333078 0.074246 -0.103039 -0.060512 0.103148 0.671728 0.197521 0.445491 -0.002799 0.380837 -0.087866 -0.173179 -0.092774 0.347412 -0.077332 0.289945 -0.175903 0.429318 -0.148588 -0.149617 -0.209182 -0.120614 -0.118564 -0.214367 -0.208416 -0.091655 -0.373260 -0.226363 0.073484 -0.155474 -0.374153 -0.240584 0.045410 -0.229732 -0.084763 -0.219435 0.239919 0.492296 0.101585 0.408874 0.018736 0.368434 -0.438958 -0.567583 -0.244438 -0.073711 0.219518 0.431277 0.217920 0.343662 0.301719 0.499902 0.204967 0.142084 0.126553 0.021970 0.005861 0.058254 -0.026467 0.309865 -0.134186 -0.488762 -0.017660 -0.208238 -0.046587 -0.184030 -0.073731 -0.324617 0.140133 -0.189936 -0.242442 0.164335 -0.261098 -0.227959 -0.093420 -0.235427 -0.022751 -0.208283 -0.084942 -0.117349 0.037757 0.031725 0.040381 0.080138 -0.115601 0.039567 -0.296404 -0.154826 -0.093607 0.092654 0.136338 0.053271
0.341566 0.371270 -0.030514 -0.263405 -0.117613 -0.382497 -0.167023 -0.137743 -0.089024 -0.077895 0.196066 -0.059099 0.313947 0.103982 0.171497 0.117275 1.000000 0.546731 0.453707 0.227632 0.059710 0.123402 -0.281482 -0.429169 -0.141635 -0.291280 -0.146679 -0.175934 0.257026 0.371256 0.290476 0.092860 0.367349 0.030075 -0.225396 -0.333513 0.127542 0.071716 0.036064 0.067218 -0.325005 0.027028 0.052704 -0.133077 -0.175162 -0.275197 -0.057703 -0.374843 -0.332596 -0.160959 -0.273687 -0.360138 -0.451129 -0.525252 -0.189848 -0.197590 0.534997 0.183846 0.360099 0.297684 0.521809 0.223050 0.699227 0.447891 0.039275 -0.303762 0.414988 -0.263171 0.236553 -0.139067 0.268414 0.170132 0.629559 0.361012 0.471379 0.239662 0.319114 0.032170 0.179678 0.372666 0.311548 0.181818 -0.201571 -0.282551 0.064400 -0.231969 -0.103909 -0.282146 -0.121488 -0.319909 -0.415315 -0.341761 -0.404438 -0.344098 -0.198629 0.248876 -0.312329 -0.224902 0.143854 -0.167149 -0.078685 -0.102617 0.519783 0.152713 0.464214 0.203101 0.332548 0.373133 0.027614 -0.081930 -0.406082 -0.227942 -0.167067 -0.120210 0.297086 0.285958
0.250931 0.457736 -0.338669 -0.363426 -0.398073 -0.411018 -0.105454 -0.362868 -0.273997 -0.041686 0.215874 -0.007828 0.043198 0.259611 -0.134150 0.303540 0.546731 1.000000 0.192279 0.428893 0.072229 0.090774 -0.335432 -0.348087 -0.415689 -0.290251 -0.335017 -0.285003 0.306760 0.681794 0.287694 0.228780 0.362310 0.345322 -0.165684 -0.081616 0.188121 0.306887 0.222050 0.204056 -0.257552 0.326063 -0.122554 -0.158313 -0.088723 -0.276296 -0.053460 -0.232593 -0.271238 -0.075646 -0.386078 -0.366625 -0.164144 -0.304307 -0.060252 -0.144855 0.465907 0.270038 0.031323 0.135027 0.280151 0.366310 0.524964 0.599379 -0.130258 -0.363978 0.039536 -0.451640 0.134994 -0.139096 0.282224 0.240746 0.540548 0.309244 0.351088 0.164706 0.285531 0.134861 0.104338 0.301437 0.336696 0.363681 -0.083025 -0.044301 0.169322 -0.445041 -0.265544 -0.207546 -0.169383 -0.460456 -0.142434 -0.266484 -0.415417 -0.319408 -0.239343 0.162444 -0.284426 -0.422588 0.119181 -0.225874 0.204910 -0.102822 0.402106 0.188429 0.357092 0.193792 0.240239 0.326442 -0.085501 -0.054092 -0.232857 -0.087540 -0.103179 -0.178423 0.219533 0.184193
0.436851 0.150803 0.314115 -0.123885 -0.056590 -0.210232 -0.112232 -0.006056 0.099636 0.054006 0.001006 -0.191185 -0.060566 -0.205170 0.298175 -0.382803 0.453707 0.192279 1.000000 0.238392 -0.268380 -0.340447 -0.161951 -0.364173 -0.023700 -0.419268 -0.114061 -0.221706 -0.008523 -0.063974 0.092420 -0.040950 0.458238 -0.110030 -0.220503 -0.142762 -0.024112 -0.091225 -0.002695 -0.213937 -0.213601 -0.162493 -0.009631 -0.098423 0.003501 -0.216570 -0.003316 -0.342865 -0.141295 0.003781 0.006763 -0.176045 -0.328615 -0.301414 0.056028 0.005932 0.451181 0.083336 0.256176 0.329943 0.262302 -0.078292 0.323252 0.097988 0.127200 -0.310161 0.500844 0.032035 0.245309 -0.181652 -0.043078 -0.112468 0.367167 0.205173 0.378893 -0.051792 0.181710 0.023572 -0.120012 -0.040629 0.072295 -0.122332 -0.135293 -0.423252 0.335294 0.035733 0.052768 -0.013980 0.064800 -0.139965 -0.283521 -0.122838 -0.383067 -0.192560 -0.088489 0.199899 -0.185902 -0.091475 0.101345 -0.037832 0.052478 -0.005430 0.438254 0.172610 0.324334 0.095252 0.260988 0.067822 0.136121 -0.070567 -0.303409 -0.240866 -0.097415 -0.104355 0.113477 0.156689
0.113017 0.352261 -0.239417 -0.154970 -0.176929 -0.188339 -0.326091 -0.185001 -0.060158 -0.192596 0.222474 0.086423 -0.023219 0.036954 0.043829 0.069705 0.227632 0.428893 0.238392 1.000000 -0.021996 0.064187 -0.350317 0.019313 -0.457657 -0.327837 -0.092854 -0.210027 0.449777 0.236233 -0.002811 0.072206 0.251883 0.291512 -0.388335 -0.301941 0.203278 -0.014266 0.124031 -0.063714 0.004874 0.104063 -0.420886 -0.429168 -0.263775 -0.554309 -0.345925 -0.092588 -0.335968 -0.402016 -0.306961 -0.525130 -0.259254 -0.289999 -0.101237 -0.412212 0.111530 0.059386 0.123007 0.115084 0.141816 0.102707 0.422450 0.283536 -0.204290 -0.471433 -0.002779 0.109097 0.395119 0.439095 0.069539 -0.000202 0.196555 -0.067460 0.013695 -0.146950 -0.101996 0.003739 0.271181 0.206913 0.537444 0.410439 0.137209 0.288865 0.221195 -0.211170 -0.163251 -0.107387 -0.119709 -0.271090 0.130727 0.313596 -0.229452 0.146381 -0.004600 -0.236453 -0.122087 -0.394120 -0.030493 -0.388827 0.001411 0.440438 0.328425 0.137319 0.141494 0.145144 0.301754 0.127912 -0.257278 -0.231623 -0.007342 -0.074991 -0.267197 -0.414839 0.108252 -0.017995
-0.137398 -0.033009 -0.273524 0.108776 0.310737 0.044039 -0.061695 -0.029008 -0.083307 -0.211294 0.156363 -0.127525 -0.004066 -0.004062 -0.208173 0.293359 0.059710 0.072229 -0.268380 -0.021996 1.000000 0.687495 0.053966 0.142175 -0.113963 0.307287 0.282937 0.394983 0.244112 0.393433 0.614615 0.499909 -0.194856 0.007378 0.160623 0.043393 0.154692 0.423243 0.180603 0.334173 0.179654 0.499601 -0.267061 -0.235950 -0.412811 -0.179544 -0.227453 0.007637 -0.515401 -0.419564 -0.510119 -0.276190 -0.023090 -0.015151 -0.297155 -0.170166 0.170339 0.224600 -0.113868 -0.206133 -0.148448 -0.063735 -0.099227 -0.046795 -0.279714 -0.068889 -0.105008 -0.245939 0.065101 0.189765 0.602549 0.599483 0.233725 0.210726 0.234185 0.552767 0.339127 0.401765 0.067015 -0.004666 0.275005 0.107156 0.249796 0.137502 0.145340 -0.150472 0.258636 -0.281022 -0.121118 -0.215071 -0.012699 -0.110812 0.154648 -0.082423 0.121834 0.193278 0.187665 0.226753 -0.016223 0.040323 -0.186116 0.018240 0.022293 0.074674 -0.046876 -0.151867 -0.036469 -0.122527 0.314839 0.261572 0.171149 0.034514 -0.007381 0.117342 -0.122312 -0.120551
-0.078149 0.020110 -0.145233 0.294726 0.193436 0.213006 -0.347764 -0.088297 -0.274976 -0.454144 0.072285 -0.013749 -0.162652 -0.115829 -0.181493 0.258600 0.123402 0.090774 -0.340447 0.064187 0.687495 1.000000 0.255547 0.399920 -0.147991 0.530552 0.435658 0.636590 0.210462 0.155074 0.179779 0.238534 -0.357221 0.182992 0.131615 -0.145963 0.222554 0.355468 0.101505 0.398000 -0.069511 0.310986 -0.366901 -0.331881 -0.544983 -0.284741 -0.367117 0.084241 -0.445850 -0.599126 -0.369053 -0.270779 0.055484 0.023539 -0.310121 -0.397494 0.096691 0.183990 0.009685 -0.081158 -0.072194 -0.207082 -0.004200 -0.083137 -0.043564 -0.186539 -0.166351 -0.091937 0.216848 0.305991 0.500078 0.428737 0.006968 0.101617 0.049516 0.305660 0.092170 0.082784 0.390501 0.405509 0.256882 0.305666 0.158849 0.223502 -0.156231 -0.262876 0.003957 0.071539 0.090159 -0.028125 0.151780 0.133221 0.183662 0.243581 -0.100496 -0.058771 -0.109910 -0.124608 -0.206910 -0.141468 -0.092653 0.291131 0.036161 0.138921 0.175038 0.135540 0.131045 0.078497 0.055080 0.104266 0.227491 -0.014937 -0.027077 0.066762 0.037488 -0.045791
-0.262379 -0.579659 0.508028 0.400158 0.362377 0.125391 -0.042721 -0.089084 0.227789 -0.300124 -0.227163 -0.101280 -0.194786 -0.472515 0.198029 -0.184551 -0.281482 -0.335432 -0.161951 -0.350317 0.053966 0.255547 1.000000 0.583375 0.602938 0.752337 0.500657 0.461339 -0.193399 -0.389183 0.018021 0.086885 -0.433527 -0.087207 0.431559 0.045121 -0.003002 -0.169715 0.113836 0.160904 0.027337 -0.048416 -0.055155 -0.006959 -0.205714 -0.026116 -0.117765 0.181605 0.095828 -0.115823 0.420986 0.248548 0.220988 0.261564 0.062934 -0.039951 -0.248630 -0.017882 -0.169100 -0.360649 -0.217716 -0.563884 -0.360302 -0.468240 0.420166 -0.001347 -0.045492 0.142149 0.082731 0.068311 0.084004 0.000017 -0.507128 -0.089347 -0.199713 -0.050326 -0.155319 -0.061431 -0.044584 0.187343 -0.251506 -0.021446 0.398321 0.051848 -0.106276 0.147235 0.131635 0.394590 0.414625 0.400991 0.116771 0.109419 0.071692 0.143935 0.078461 -0.294848 -0.051506 -0.019561 -0.474511 -0.079905 -0.293365 -0.067451 -0.559606 -0.111263 -0.249765 0.077725 -0.281783 -0.074170 -0.211112 -0.035867 0.189557 -0.115983 -0.074055 0.124218 0.032709 -0.036494
-0.426905 -0.472702 -0.000193 0.753242 0.271909 0.530708 -0.297840 0.254660 -0.037321 -0.081381 -0.241341 0.139756 -0.370142 -0.167667 -0.058675 0.102069 -0.429169 -0.348087 -0.364173 0.019313 0.142175 0.399920 0.583375 1.000000 0.220577 0.728685 0.586624 0.586660 -0.178225 -0.291274 -0.149565 0.172212 -0.433963 0.122649 0.233704 -0.048742 0.074583 -0.059378 -0.017275 0.199679 0.031792 0.024470 -0.430691 -0.351152 -0.423262 -0.224533 -0.400124 0.127526 -0.147038 -0.400236 0.114406 -0.003893 0.234834 0.247265 -0.238169 -0.417392 -0.315849 -0.152651 -0.297286 -0.327288 -0.277808 -0.390006 -0.365792 -0.404729 0.323874 0.162691 -0.395517 0.166691 0.094395 0.311460 0.028200 0.105351 -0.625230 -0.240579 -0.388592 -0.103697 -0.316760 -0.087585 0.121551 0.044068 -0.071465 0.076146 0.310571 0.368185 -0.096205 0.047219 0.121066 0.477493 0.344187 0.479485 0.316325 0.380085 0.435583 0.418565 0.072411 -0.432355 -0.136546 -0.272000 -0.503599 -0.294137 -0.223635 0.193376 -0.531342 -0.087124 -0.196610 0.188259 -0.202461 -0.112140 -0.321132 -0.138299 0.150424 -0.057733 -0.113624 -0.005688 0.046493 -0.054307
-0.423494 -0.610052 0.475192 0.109629 0.425772 0.041661 0.131742 -0.063038 0.515301 -0.002119 -0.229501 -0.247629 0.085410 -0.391684 0.137376 -0.333078 -0.141635 -0.415689 -0.023700 -0.457657 -0.113963 -0.147991 0.602938 0.220577 1.000000 0.516319 0.196761 0.062735 -0.176642 -0.352837 0.153355 0.087580 -0.182425 -0.264383 0.455118 0.131095 -0.207378 -0.287807 -0.130111 -0.192055 0.099256 -0.104538 0.344806 0.286119 0.219887 0.216383 0.169707 0.239418 0.249622 0.215229 0.528702 0.347479 0.124325 0.138965 0.191590 0.152524 -0.307643 -0.020259 -0.103297 -0.123430 -0.135868 -0.308968 -0.215187 -0.265955 0.247621 0.046506 0.207005 0.287797 -0.066467 -0.062814 -0.093129 -0.134259 -0.260024 -0.068978 -0.123499 -0.129209 -0.078736 0.001180 -0.272351 -0.019142 -0.307509 -0.235251 0.131746 -0.144957 -0.095536 0.341204 0.178096 0.150351 0.077742 0.242924 -0.025148 -0.143211 -0.077762 -0.145910 0.043618 -0.145182 0.122585 0.128756 -0.150827 -0.044151 -0.274790 -0.264688 -0.412537 -0.338221 -0.437571 -0.215374 -0.188938 -0.265056 -0.014025 0.113010 0.147197 -0.153658 -0.138038 -0.089902 -0.095153 -0.161187
-0.395948 -0.522814 0.161848 0.578063 0.314522 0.380920 -0.205424 0.093072 0.039086 -0.186901 -0.201017 0.033897 -0.315715 -0.254020 -0.063376 0.074246 -0.291280 -0.290251 -0.419268 -0.327837 0.307287 0.530552 0.752337 0.728685 0.516319 1.000000 0.569258 0.620939 -0.101491 -0.167667 0.042898 0.277477 -0.551396 0.049542 0.428968 -0.008312 0.068135 0.132026 -0.006919 0.289258 0.040806 0.220149 -0.197406 -0.137115 -0.354186 -0.083646 -0.214578 0.260686 -0.098886 -0.315995 0.117030 0.159874 0.383606 0.361825 -0.074793 -0.197273 -0.206333 0.039700 -0.326911 -0.360613 -0.354221 -0.473342 -0.475466 -0.421472 0.260720 0.123094 -0.333407 -0.030020 0.111964 0.162936 0.206782 0.230178 -0.462884 -0.043718 -0.238176 0.093963 -0.072059 0.082538 0.096465 0.203173 -0.110884 0.046304 0.336782 0.257634 -0.188080 0.030765 0.069776 0.414074 0.259745 0.355617 0.312448 0.099012 0.278617 0.211472 -0.065647 -0.254390 -0.038123 -0.090111 -0.417065 -0.166325 -0.182305 -0.020129 -0.531081 -0.199289 -0.297491 0.000606 -0.263266 -0.187685 -0.083804 0.125535 0.296594 -0.112819 -0.056550 0.103444 -0.056993 -0.173619
-0.119946 -0.427357 0.340898 0.442133 0.528840 0.459290 -0.104304 0.146335 0.018671 -0.184648 -0.114850 -0.016627 -0.218125 -0.235305 0.223792 -0.103039 -0.146679 -0.335017 -0.114061 -0.092854 0.282937 0.435658 0.500657 0.586624 0.196761 0.569258 1.000000 0.756798 -0.096783 -0.313594 0.037454 0.160829 -0.228892 0.004304 0.195912 -0.234127 0.081542 -0.074996 -0.154897 0.148840 -0.043996 -0.144490 -0.398580 -0.405972 -0.461330 -0.262089 -0.548254 0.005984 -0.246268 -0.429966 0.029360 -0.052024 -0.064307 0.064339 -0.363293 -0.500497 -0.112600 -0.161383 -0.008475 -0.096372 -0.080853 -0.348354 -0.197186 -0.271047 0.355269 0.068152 0.040786 0.190346 0.109274 0.216002 0.136232 0.095925 -0.403483 -0.165695 -0.188993 -0.024116 -0.208499 -0.035081 0.191946 0.111719 0.100613 0.108504 0.214863 0.145024 -0.085013 0.152792 -0.024611 0.216706 0.238144 0.157960 -0.011767 0.303883 0.067003 0.259398 -0.093033 -0.307470 -0.233057 -0.133145 -0.461512 -0.109755 -0.305352 0.151811 -0.204805 0.081880 0.029578 0.316184 -0.083331 -0.029285 -0.175696 -0.066259 0.137275 -0.091265 -0.044550 0.030091 0.210837 0.092474
-0.143611 -0.370519 0.222897 0.528004 0.384266 0.619566 -0.276101 0.264956 -0.178275 -0.270896 -0.203606 0.026589 -0.461154 -0.223089 -0.112593 -0.060512 -0.175934 -0.285003 -0.221706 -0.210027 0.394983 0.636590 0.461339 0.586660 0.062735 0.620939 0.756798 1.000000 -0.200778 -0.344610 -0.036567 0.055490 -0.404992 -0.010245 0.210403 -0.057415 0.141434 0.181408 0.050626 0.398396 -0.001246 -0.019235 -0.407011 -0.387112 -0.565222 -0.184914 -0.426789 0.092029 -0.328017 -0.554229 -0.075800 -0.135880 0.062022 0.159803 -0.282738 -0.383744 0.058135 0.096758 -0.178102 -0.204267 -0.286748 -0.520388 -0.379800 -0.465100 0.197032 0.075550 -0.136362 0.156829 0.237785 0.289696 0.166740 0.178898 -0.439920 -0.143134 -0.218804 0.046806 -0.152965 0.015391 0.208788 0.094949 0.037570 0.067640 0.104217 0.121955 -0.201508 0.053729 -0.077831 0.300247 0.293878 0.266137 0.154967 0.337041 0.369569 0.452760 0.053637 -0.160177 -0.059304 0.027931 -0.441928 -0.019557 -0.055471 0.275437 -0.132443 0.233151 0.194460 0.277873 -0.099235 0.015183 0.017931 -0.001515 0.273342 0.000437 0.056156 0.147666 0.035406 0.051765
-0.054274 0.036433 -0.273282 -0.291747 -0.123905 -0.375357 -0.197131 -0.347146 -0.095417 -0.272227 0.404039 -0.088292 0.054966 -0.058203 0.042939 0.103148 0.257026 0.306760 -0.008523 0.449777 0.244112 0.210462 -0.193399 -0.178225 -0.176642 -0.101491 -0.096783 -0.200778 1.000000 0.377861 0.299780 0.267873 0.028082 0.189480 0.006485 -0.309493 0.462666 -0.016628 0.238237 -0.177836 0.431587 0.373634 -0.055094 -0.152694 -0.135800 -0.297098 -0.111585 0.039980 -0.256588 -0.295484 -0.396118 -0.354623 -0.304141 -0.267917 -0.138220 -0.213697 -0.113073 -0.000733 -0.153743 -0.178704 -0.101531 -0.109949 0.308169 0.049686 -0.305252 -0.509195 -0.007894 -0.110117 0.173376 0.291735 0.195185 -0.002205 0.510478 -0.102729 -0.045773 -0.013775 -0.029265 -0.069404 0.618518 0.606191 0.740120 0.750868 0.445468 0.583481 0.348948 0.115874 0.055286 -0.224887 -0.358565 -0.356982 -0.076840 -0.006733 -0.281094 -0.031468 0.099051 -0.275482 0.212425 -0.107658 -0.134468 -0.382763 -0.297031 0.270196 0.080573 -0.003314 -0.103378 -0.036398 0.211860 0.093386 -0.083926 -0.060688 0.091341 -0.065543 -0.284563 -0.314249 -0.048052 -0.233137
0.190932 0.383013 -0.569693 -0.246654 -0.304910 -0.418680 0.124108 -0.154417 -0.215016 0.183741 0.345013 0.135501 0.222940 0.532754 -0.222284 0.671728 0.371256 0.681794 -0.063974 0.236233 0.393433 0.155074 -0.389183 -0.291274 -0.352837 -0.167667 -0.313594 -0.344610 0.377861 1.000000 0.546556 0.571296 0.254930 0.294987 -0.136000 -0.024262 0.035920 0.462174 0.100565 0.158275 -0.116891 0.617344 -0.022883 -0.033020 -0.034304 -0.119737 0.051979 -0.181101 -0.352851 0.006340 -0.576016 -0.319096 -0.083092 -0.281270 -0.181920 -0.056849 0.205649 -0.055967 -0.114006 -0.069094 0.165868 0.508361 0.359923 0.568487 -0.264067 -0.113558 -0.173337 -0.638244 -0.148894 -0.197664 0.462650 0.548851 0.687376 0.519341 0.558961 0.569862 0.502102 0.387873 0.028551 0.094854 0.276263 0.183944 -0.009349 0.076761 0.206725 -0.444627 0.024351 -0.341308 -0.324712 -0.498375 -0.165973 -0.514059 -0.230354 -0.479097 -0.185010 0.328789 -0.113272 -0.126805 0.205986 -0.208179 -0.019640 -0.271167 0.188475 -0.123070 0.048967 -0.128745 0.129095 0.036651 0.164500 0.209981 -0.229401 -0.130620 -0.162202 0.035800 0.031296 0.045572
-0.026307 -0.143442 -0.131658 -0.105418 0.297580 -0.317642 0.174217 -0.077834 0.111064 0.015818 0.164510 -0.281071 0.273056 0.062725 -0.052517 0.197521 0.290476 0.287694 0.092420 -0.002811 0.614615 0.179779 0.018021 -0.149565 0.153355 0.042898 0.037454 -0.036567 0.299780 0.546556 1.000000 0.765882 0.239272 0.038813 0.120387 -0.010889 0.085867 0.140127 0.204662 0.079624 0.149148 0.391778 0.041533 -0.020474 -0.168702 -0.142733 -0.035770 -0.124734 -0.519255 -0.120513 -0.368019 -0.291490 -0.357553 -0.345679 -0.329824 -0.081660 0.096224 -0.005997 -0.235553 -0.223513 0.044509 0.123061 0.244775 0.251249 -0.196090 -0.170489 0.170099 -0.246704 -0.014129 -0.102137 0.488426 0.491937 0.522701 0.298740 0.439089 0.467599 0.337291 0.420745 -0.184938 0.000921 0.259233 0.046110 0.214380 -0.141634 0.348690 -0.047109 0.439347 -0.354891 -0.290783 -0.385206 -0.387295 -0.390110 -0.207518 -0.410774 0.186937 0.170793 0.149660 0.152390 -0.057512 -0.144514 -0.367524 -0.217290 0.082173 -0.012198 -0.057631 -0.172513 0.070977 -0.055318 0.216391 0.103192 -0.101883 -0.118499 -0.219895 0.108408 0.006917 0.005409
-0.086169 -0.190126 -0.176100 0.197199 0.243192 -0.072960 0.062952 0.179314 0.035849 0.248547 0.068807 -0.018935 0.161424 0.265174 0.025876 0.445491 0.092860 0.228780 -0.040950 0.072206 0.499909 0.238534 0.086885 0.172212 0.087580 0.277477 0.160829 0.055490 0.267873 0.571296 0.765882 1.000000 0.175846 0.373120 0.168264 -0.095920 -0.015407 0.150103 0.073246 0.083981 0.012391 0.477176 -0.219398 -0.196020 -0.288879 -0.169695 -0.228638 -0.133986 -0.563795 -0.208312 -0.365908 -0.354870 -0.173482 -0.254547 -0.416024 -0.292720 -0.005288 -0.200562 -0.331153 -0.378955 0.060971 0.134524 0.116448 0.210283 0.057085 0.029235 -0.107096 -0.350275 -0.070576 -0.117497 0.354526 0.482198 0.340943 0.223864 0.345002 0.423140 0.171363 0.331281 0.041967 0.054192 0.185096 0.130593 0.246628 0.134881 0.211286 -0.177793 0.360362 -0.213894 -0.151880 -0.314007 -0.255506 -0.354071 -0.104615 -0.323074 -0.034014 0.034498 -0.082903 -0.106084 -0.255665 -0.348229 -0.283044 -0.220482 -0.053535 -0.098484 -0.100621 -0.086236 0.110792 -0.073498 0.084197 0.100347 -0.134543 -0.278042 -0.371040 0.152196 0.118147 0.067963
0.364908 0.220746 0.137536 -0.370980 -0.143248 -0.273019 0.238047 -0.048261 -0.123739 0.198458 0.158984 -0.033180 0.279120 0.207581 0.095582 -0.002799 0.367349 0.362310 0.458238 0.251883 -0.194856 -0.357221 -0.433527 -0.433963 -0.182425 -0.551396 -0.228892 -0.404992 0.028082 0.254930 0.239272 0.175846 1.000000 0.380548 -0.192998 -0.015649 0.152656 -0.039424 0.045199 -0.051506 -0.087759 -0.114568 0.042671 -0.018989 0.033287 -0.199722 0.069224 -0.372107 -0.139077 0.093812 -0.019234 -0.314958 -0.482910 -0.496904 -0.152255 -0.112988 0.310297 -0.030908 0.248131 0.297362 0.507391 0.371189 0.558111 0.460552 0.146691 -0.111386 0.386527 -0.126989 0.031863 -0.170938 -0.087170 -0.017226 0.411380 0.193138 0.398998 0.026031 0.267404 0.074451 -0.177176 -0.056860 0.134688 -0.054570 -0.146661 -0.261009 0.226165 -0.149996 -0.073543 -0.242243 -0.120553 -0.406181 -0.550038 -0.309324 -0.522978 -0.421547 -0.051701 0.050230 -0.144153 -0.252046 -0.010583 -0.183848 -0.076671 -0.241506 0.330237 0.000161 0.248014 0.127443 0.320037 0.142594 -0.168438 -0.371993 -0.432751 -0.272596 -0.307978 -0.129214 0.254399 0.267770
0.087318 0.044856 -0.066371 -0.097998 -0.099220 0.093082 0.051304 -0.081877 -0.253094 0.158548 0.190510 0.129096 0.139978 0.280858 -0.006690 0.380837 0.030075 0.345322 -0.110030 0.291512 0.007378 0.182992 -0.087207 0.122649 -0.264383 0.049542 0.004304 -0.010245 0.189480 0.294987 0.038813 0.373120 0.380548 1.000000 0.253495 0.111935 0.109844 0.087987 -0.031723 0.148471 -0.186122 0.158315 -0.275946 -0.186137 -0.179317 -0.078138 -0.186132 -0.104952 -0.125020 -0.168775 -0.200864 -0.318399 0.055036 -0.053131 -0.227103 -0.414106 0.065666 0.021389 -0.060727 -0.263806 0.256586 0.186294 0.187249 0.268357 0.253977 -0.019394 -0.328702 -0.264151 0.003080 -0.050115 0.013382 0.080015 0.105902 -0.032831 -0.000526 0.056346 -0.060164 -0.121733 0.232186 0.282732 0.133033 0.322025 0.053611 0.202602 -0.096938 -0.527088 -0.232581 -0.082898 -0.031292 -0.310655 0.052801 -0.046111 -0.093579 0.023996 -0.297120 -0.187525 -0.369326 -0.520426 -0.279861 -0.335101 -0.003936 0.040272 -0.054106 -0.129411 0.055317 0.166958 0.104631 0.049151 -0.306437 -0.197626 -0.104023 -0.186686 -0.192572 -0.091415 0.150990 0.043045
-0.454484 -0.602838 0.165359 0.055941 0.283636 0.182334 0.101541 -0.162866 0.070552 0.082310 -0.116679 -0.430867 0.049696 -0.292479 -0.000922 -0.087866 -0.225396 -0.165684 -0.220503 -0.388335 0.160623 0.131615 0.431559 0.233704 0.455118 0.428968 0.195912 0.210403 0.006485 -0.136000 0.120387 0.168264 -0.192998 0.253495 1.000000 0.519813 -0.038946 0.016406 0.087476 0.159944 0.205393 0.120963 0.020880 0.054168 0.055595 0.350224 0.041510 0.224315 0.115880 0.056792 0.091423 0.239821 0.298242 0.375762 0.018206 0.070188 -0.256749 0.137789 -0.250567 -0.429279 -0.194278 -0.314291 -0.295196 -0.240743 0.178729 0.093946 -0.206661 0.040771 -0.141394 -0.144047 -0.080205 -0.079119 -0.222213 -0.147017 -0.298518 0.058047 -0.043215 0.007016 -0.019042 0.173450 -0.200509 0.104800 0.323795 0.048770 -0.152893 0.045092 0.138898 -0.017460 -0.007714 0.192631 0.231068 -0.070570 0.154313 0.065498 0.117052 -0.090199 0.120663 0.162634 -0.260046 0.036001 -0.089968 -0.149515 -0.425608 -0.349965 -0.377046 -0.205333 -0.335832 -0.255504 0.041122 0.189534 0.269709 -0.010578 0.055126 0.000407 -0.149220 -0.226376
-0.109219 -0.146879 -0.003118 -0.189573 -0.075219 0.051489 0.221771 -0.165391 -0.052083 0.132801 0.061102 -0.148191 -0.038181 -0.086595 -0.458242 -0.173179 -0.333513 -0.081616 -0.142762 -0.301941 0.043393 -0.145963 0.045121 -0.048742 0.131095 -0.008312 -0.234127 -0.057415 -0.309493 -0.024262 -0.010889 -0.095920 -0.015649 0.111935 0.519813 1.000000 -0.208466 0.178144 -0.002915 0.135874 0.063562 0.053858 0.269108 0.365470 0.371767 0.578983 0.443430 0.466480 0.237739 0.312494 0.009489 0.179385 0.359429 0.380277 0.329162 0.343085 -0.119320 0.149334 -0.229651 -0.274402 -0.314665 -0.089483 -0.329127 -0.195190 -0.232230 0.064906 -0.242638 0.033216 -0.184462 -0.186322 0.004222 0.111170 -0.147195 0.040313 -0.080346 0.192019 0.251385 0.320349 -0.436275 -0.389555 -0.279539 -0.296340 -0.019369 -0.289012 0.000211 -0.203987 0.072249 -0.075121 -0.066178 -0.066882 0.331206 -0.158686 0.192309 -0.084425 0.042730 0.253373 0.224513 0.335472 0.167355 0.249940 0.199095 -0.200362 -0.231351 -0.277004 -0.233408 -0.388078 -0.457713 -0.336419 0.247107 0.281163 0.417212 0.147564 0.107695 0.181246 -0.238980 -0.008520
