1.000000 0.275508 -0.039307 -0.310393 -0.178363 -0.255946 -0.180344 -0.121028 -0.076688 0.104761 0.294545 0.085924 0.452959 0.287969 0.247392 -0.051962 0.291309 0.177591 0.298101 0.118957 -0.201369 0.118986 -0.123490 -0.320573 -0.088265 -0.249110 -0.273073 -0.292654 0.239789 0.171332 -0.119308 -0.178745 0.169882 0.254729 -0.020913 -0.028323 -0.010635 -0.135706 -0.185630 -0.232049 0.146395 0.003749 -0.027911 -0.212063 -0.034896 -0.222576 0.008970 0.019738 -0.014494 -0.119516 -0.221565 -0.164772 0.203630 0.108232 -0.110564 -0.371686 0.222402 0.089944 0.436703 -0.057564 0.364383 0.318144 0.232648 0.316365 -0.021572 -0.069657 -0.177271 -0.302257 0.040064 -0.213158 0.095331 0.057565 0.357397 0.350239 0.348386 0.182708 0.124930 0.033833 0.142110 -0.105100 -0.008172 0.146473 -0.037297 -0.237915 -0.034087 -0.309966 -0.119390 -0.144107 -0.119269 -0.057306 0.079083 0.070760 -0.233899 0.036266 -0.072335 -0.149937 -0.073102 -0.225799 0.093478 0.063175 0.216089 0.325909 0.044074 -0.139877 -0.235339 -0.269784 0.042811 -0.126537 0.097764 0.058995 0.005507 0.015279 -0.072214 0.178771 -0.043718 -0.003897
0.275508 1.000000 0.040616 -0.096131 0.179242 0.167446 0.180038 0.193353 0.084983 0.127603 0.157657 0.254906 0.347713 0.295472 0.083164 0.321000 0.186424 0.325993 0.018240 0.020808 0.031669 0.095267 -0.417457 -0.287636 -0.255155 -0.264862 0.029365 -0.125739 0.284429 0.321061 -0.139383 -0.078062 0.157545 0.115606 -0.188220 -0.348409 -0.166158 0.047756 -0.112095 -0.136328 -0.017934 -0.027303 -0.134124 -0.166302 -0.154941 -0.293641 -0.267777 -0.215114 -0.213519 -0.109565 -0.344933 -0.104192 0.179041 -0.095985 -0.152123 -0.165171 -0.187727 0.070855 0.258104 0.194821 0.492889 0.465087 0.416485 0.613118 0.097638 0.007236 -0.118398 -0.284473 -0.019037 -0.111920 -0.070741 0.144101 0.270859 0.012078 -0.126515 -0.001259 -0.000128 -0.069941 0.082584 -0.015732 0.041335 -0.000151 -0.174596 0.082381 -0.452788 -0.183723 -0.103954 -0.189314 -0.353546 -0.098554 0.019719 -0.162198 0.045867 0.030421 -0.202882 -0.190301 -0.199881 -0.268919 0.045261 -0.196461 0.447757 0.077284 0.269724 -0.034545 0.148511 -0.190581 -0.132557 -0.094193 -0.037358 -0.298693 -0.354226 -0.240912 -0.035784 -0.084188 0.085504 0.143284
-0.039307 0.040616 1.000000 -0.151370 0.191003 0.045451 0.476560 0.415942 0.229938 0.082209 -0.009929 0.046598 0.175934 0.244495 0.066054 -0.172804 -0.132005 -0.179894 -0.167757 -0.325660 0.092566 0.008229 0.194891 -0.116314 0.288663 0.186962 0.106982 0.112091 -0.102445 -0.031497 0.481254 0.225059 0.119530 0.041388 -0.124418 0.010129 -0.480149 -0.157540 -0.275010 -0.246445 -0.425463 -0.338236 -0.030042 0.128093 -0.052756 -0.089049 0.003195 -0.182215 0.360828 -0.123354 0.389354 -0.040180 0.073554 -0.287494 -0.141091 0.011780 -0.325402 -0.023940 -0.012047 -0.002613 0.146668 0.188316 -0.022448 -0.172863 0.191096 0.185171 -0.033206 0.078889 -0.412172 -0.107971 -0.092689 0.218872 0.002048 -0.178733 -0.127528 0.056907 -0.261918 -0.309475 -0.342413 -0.198738 -0.314946 -0.287221 -0.242407 -0.357223 -0.296756 -0.301175 -0.264502 -0.176567 -0.012226 -0.138828 0.071298 -0.155715 -0.186085 -0.134293 -0.065856 -0.003333 -0.040749 -0.067832 0.035010 -0.214675 -0.117397 -0.347537 -0.099351 0.100965 0.029830 0.111084 -0.030702 -0.191697 -0.048107 0.004454 0.037222 -0.242621 -0.037952 -0.107105 0.040068 -0.063270
-0.310393 -0.096131 -0.151370 1.000000 -0.006121 0.390172 -0.385838 -0.024985 0.172084 -0.029265 -0.098208 -0.046511 -0.357509 -0.012544 0.057841 0.140189 -0.280859 -0.429274 -0.102749 -0.290289 0.242754 0.260074 0.454753 0.120199 0.177320 0.390401 0.442571 0.548508 -0.501157 -0.476530 -0.093778 -0.197274 -0.204224 -0.341170 0.110747 -0.120247 0.018751 0.304252 0.454242 0.480175 0.194474 0.341161 -0.079573 0.245679 -0.419226 -0.137933 -0.044934 -0.152348 0.187401 -0.184332 0.441549 0.239395 -0.029271 0.038521 0.364329 0.245407 0.105674 -0.082380 -0.297232 -0.113460 -0.380272 -0.158871 -0.463128 -0.276701 -0.289216 0.411357 -0.306647 -0.229300 0.173446 0.031776 0.045184 0.144540 -0.390165 0.182690 0.054136 0.085320 0.075604 -0.024194 0.074014 -0.132634 -0.185029 -0.203527 0.082626 -0.102453 0.477782 0.555323 0.294476 0.433363 0.514087 0.512088 -0.239692 -0.089089 -0.011354 -0.286918 0.188053 0.303853 0.178790 0.155157 -0.072986 -0.131626 -0.145548 -0.225869 -0.156142 -0.335115 0.153178 0.091324 0.105082 0.174138 -0.341608 -0.035578 -0.002311 -0.303152 0.031176 0.149277 0.143757 -0.035734
-0.178363 0.179242 0.191003 -0.006121 1.000000 0.536163 0.502507 0.336711 0.579561 0.484007 0.171205 0.388573 0.189724 0.196926 0.308102 0.531977 -0.268563 -0.044920 -0.037566 0.022198 0.622894 0.321882 0.033143 0.104957 -0.224838 -0.222308 0.468366 -0.206749 0.244458 0.285359 0.073709 0.173836 -0.084801 0.089010 -0.177177 -0.091479 -0.517961 -0.353721 -0.343067 -0.427535 -0.137407 -0.284715 -0.198984 -0.250946 0.001450 0.048771 -0.136545 -0.087121 -0.258109 -0.040876 -0.130017 -0.199368 -0.095671 -0.041250 -0.295426 -0.342566 -0.583010 -0.383267 -0.103962 0.097198 0.074217 0.247523 -0.019459 0.003509 0.474042 0.159247 0.069024 0.242274 -0.303395 0.056991 0.191097 0.331236 0.135794 -0.221258 -0.302935 -0.023918 -0.272933 -0.195833 -0.119160 -0.144977 -0.083510 -0.051453 -0.198315 0.121944 -0.159571 -0.160760 -0.321391 -0.414270 0.041225 -0.177046 0.048776 -0.067146 0.166416 0.149364 -0.457237 -0.275735 -0.263643 -0.295982 -0.283836 -0.389543 0.209419 -0.108574 0.028241 0.252561 0.007850 -0.021967 0.008575 -0.007612 -0.071898 -0.362234 -0.189531 -0.277214 -0.142861 -0.134699 0.163783 0.147333
-0.255946 0.167446 0.045451 0.390172 0.536163 1.000000 -0.036641 0.202903 0.293000 0.182885 -0.035171 0.064308 -0.005607 0.185030 0.180326 0.471418 -0.309720 -0.203299 -0.445262 -0.205270 0.542854 0.403794 -0.020608 0.057107 0.001199 0.246702 0.725301 0.377113 -0.257837 -0.152446 -0.159927 -0.116628 -0.189359 -0.147903 -0.116403 -0.192774 -0.327961 0.015923 0.110951 0.136606 0.038318 0.056789 0.003259 0.134414 -0.347003 -0.027325 -0.004665 0.018512 -0.149985 -0.171984 0.150345 -0.002820 0.035277 -0.081261 0.106689 0.037737 -0.230693 -0.302365 -0.142818 0.120185 -0.041492 0.110554 -0.077767 -0.047973 -0.009966 0.297729 -0.082484 0.071347 -0.085302 0.135606 -0.081645 0.073648 -0.182643 -0.150477 -0.302420 -0.208507 -0.282754 -0.119636 -0.103381 -0.203044 -0.100356 -0.160706 -0.234993 -0.056735 -0.098615 0.167376 -0.022199 -0.001976 0.157336 0.276265 0.001801 0.018243 0.213958 -0.022859 -0.136091 -0.008679 0.087140 0.016841 -0.094811 -0.157551 0.217800 -0.251561 -0.046264 0.176702 0.287047 0.115066 0.157892 0.087680 -0.130045 -0.038797 0.087268 -0.318354 -0.071915 0.039386 0.112045 0.050295
-0.180344 0.180038 0.476560 -0.385838 0.502507 -0.036641 1.000000 0.554756 0.464256 0.447610 0.156237 0.334152 0.291181 0.036100 0.124358 0.226451 -0.048398 0.121697 0.138319 0.138262 0.102419 -0.265435 -0.100082 0.183652 -0.228808 -0.392543 -0.188726 -0.536177 0.451005 0.452900 0.418840 0.399249 0.211522 0.224012 -0.313686 -0.162338 -0.441386 -0.539921 -0.575112 -0.631800 -0.502428 -0.544000 -0.142285 -0.285810 0.200621 -0.027937 -0.125684 -0.304594 -0.227490 0.098514 -0.067501 -0.106539 -0.005150 -0.020012 -0.465013 -0.269647 -0.581924 -0.322806 -0.050887 -0.019365 0.260478 0.277861 0.216842 0.075518 0.686057 -0.047475 0.172954 0.221625 -0.442979 -0.146276 0.164700 0.196285 0.239127 -0.146745 -0.129514 0.124085 -0.215624 -0.333111 -0.243552 -0.030879 -0.120160 -0.158141 -0.100514 0.166242 -0.397966 -0.274388 -0.336400 -0.522276 -0.355273 -0.515678 0.003241 -0.240416 -0.013386 -0.028141 -0.364419 -0.278136 -0.504617 -0.305728 -0.270964 -0.355912 -0.040858 -0.180739 -0.103207 0.142651 -0.222967 -0.161438 -0.253081 -0.098579 -0.045112 -0.319486 -0.443500 -0.240790 -0.236029 -0.354564 -0.040098 0.000276
-0.121028 0.193353 0.415942 -0.024985 0.336711 0.202903 0.554756 1.000000 0.402446 0.558555 -0.030223 0.517914 0.044243 0.381883 -0.106389 0.130964 0.060897 0.212709 -0.339317 -0.390861 0.190301 -0.002052 -0.383827 -0.150537 -0.173856 -0.044570 -0.139348 -0.284404 0.139000 0.361018 0.255422 0.510526 0.472588 0.480725 -0.327136 0.025501 -0.398937 -0.356070 -0.468597 -0.477340 -0.440526 -0.409860 0.228462 0.177365 0.140512 0.217825 -0.254208 -0.383686 -0.294595 0.004499 0.049072 -0.259156 -0.273632 -0.274283 -0.590633 -0.352165 -0.276360 -0.409229 -0.071954 -0.116358 0.256138 0.403325 0.360461 0.089408 0.507273 0.585979 0.096672 0.252157 -0.395316 -0.406190 -0.112976 0.285951 0.192599 -0.105998 -0.210632 0.253236 -0.208167 -0.371771 0.115047 0.055647 0.133552 0.077899 -0.492284 -0.258033 -0.450556 -0.274934 -0.536167 -0.405396 -0.345480 -0.475747 -0.317643 -0.662220 -0.089649 -0.396880 -0.211550 -0.227861 -0.407158 -0.398390 -0.480845 -0.592194 0.002081 -0.481595 0.020365 0.032727 0.028794 -0.229527 -0.219968 -0.129017 -0.349469 -0.403897 -0.379846 -0.336220 -0.086188 -0.265106 0.063597 -0.157385
-0.076688 0.084983 0.229938 0.172084 0.579561 0.293000 0.464256 0.402446 1.000000 0.757463 0.096007 0.424736 0.236349 0.319178 0.490847 0.534549 -0.316548 -0.090708 -0.028635 0.022269 0.214686 0.022158 0.123717 0.121591 -0.135085 -0.109266 0.146546 -0.197334 0.114596 0.177492 -0.033358 0.062630 -0.033936 0.023358 -0.321733 -0.289341 -0.396072 -0.400653 -0.372406 -0.364026 -0.296138 -0.362082 -0.176338 -0.236856 -0.141834 -0.250196 -0.043593 -0.226733 -0.099851 -0.031242 0.244537 0.193995 0.190353 0.216799 -0.183027 -0.204643 -0.514033 -0.477409 -0.027897 -0.038294 0.094777 0.392595 -0.101261 -0.039210 0.471417 0.232953 -0.041804 -0.101827 -0.235611 -0.006111 0.078220 0.214993 0.000423 -0.047174 -0.101578 0.097365 -0.146591 -0.352013 -0.180656 -0.223302 -0.226750 -0.169209 -0.166101 0.071288 -0.119674 -0.178152 -0.297025 -0.391322 0.152143 -0.084461 0.159423 -0.005705 -0.008786 0.089987 -0.344268 -0.377261 -0.255370 -0.402019 -0.203503 -0.271320 0.121080 -0.135162 -0.120604 -0.053425 -0.073229 -0.070485 -0.106124 0.041779 -0.343442 -0.371255 -0.320079 -0.398157 -0.143784 -0.054539 0.138321 -0.038737
0.104761 0.127603 0.082209 -0.029265 0.484007 0.182885 0.447610 0.558555 0.757463 1.000000 0.084336 0.558923 0.268121 0.329808 0.359044 0.537929 -0.139248 0.092693 -0.042645 0.082130 0.130275 0.050582 -0.191873 -0.000145 -0.238981 -0.236742 -0.134795 -0.467881 0.178120 0.293976 -0.147552 0.132730 0.108355 0.262764 -0.358295 -0.164705 -0.372816 -0.540174 -0.556344 -0.489176 -0.140047 -0.354348 -0.016049 -0.271744 0.094346 -0.038776 -0.046608 -0.183206 -0.183926 0.125959 0.007972 0.028612 0.174880 0.231597 -0.431382 -0.403521 -0.352362 -0.413686 0.150939 -0.070145 0.165653 0.439657 0.067225 0.021767 0.569194 0.278836 0.124975 0.054054 -0.247214 -0.083870 0.065866 0.109493 0.006300 0.012881 -0.112934 0.140484 -0.137880 -0.332998 -0.109377 -0.188239 -0.095383 -0.068595 -0.212153 0.104354 -0.224392 -0.261054 -0.516857 -0.519243 -0.115852 -0.329883 0.157965 -0.141496 -0.102148 -0.008166 -0.313590 -0.449697 -0.387017 -0.476543 -0.235334 -0.347410 0.128334 -0.086771 -0.075814 0.046568 -0.222650 -0.062733 -0.097383 0.087186 -0.226323 -0.330018 -0.403737 -0.278025 -0.080511 -0.069890 0.086671 -0.110446
0.294545 0.157657 -0.009929 -0.098208 0.171205 -0.035171 0.156237 -0.030223 0.096007 0.084336 1.000000 0.479464 0.700154 0.374733 0.516370 0.307795 0.047914 -0.107119 0.270666 0.190690 -0.156224 0.015853 0.125750 0.293387 -0.301482 -0.453090 -0.117096 -0.285036 0.387507 0.132382 -0.082570 -0.160724 -0.152253 -0.067516 0.098821 0.037563 0.052564 -0.006208 -0.014380 -0.198345 -0.023333 0.044379 -0.393307 -0.428766 0.067838 -0.083945 -0.299764 -0.335034 -0.035083 0.014825 -0.211129 -0.087535 -0.055381 -0.040992 0.010420 -0.201221 -0.357533 -0.173168 -0.140399 -0.086311 -0.029745 -0.035835 -0.186906 -0.037508 0.218326 0.033702 -0.177953 -0.037141 -0.282683 -0.134794 0.166699 0.145161 0.193682 0.083147 0.062411 0.079009 0.115774 -0.013668 -0.104260 -0.105442 -0.252227 -0.068740 0.318473 0.322025 0.225644 0.058076 0.045058 -0.038264 0.030550 -0.094948 0.035848 0.017063 0.057581 0.258345 -0.181387 -0.114629 -0.168416 -0.278655 0.037147 -0.277787 0.072979 0.034076 -0.214167 -0.350118 -0.111242 -0.271932 -0.213056 -0.108906 -0.037291 -0.068639 -0.389633 -0.308800 -0.185902 0.012995 0.038927 0.120047
0.085924 0.254906 0.046598 -0.046511 0.388573 0.064308 0.334152 0.517914 0.424736 0.558923 0.479464 1.000000 0.367141 0.693901 0.280435 0.503147 0.168016 0.295703 -0.165542 -0.123188 0.120420 0.083587 -0.279987 0.025096 -0.319394 -0.282427 -0.137783 -0.338869 0.378728 0.422701 -0.045372 0.249099 0.012011 0.238145 -0.230561 0.038675 -0.216910 -0.308518 -0.425941 -0.416149 -0.206547 -0.126785 0.054608 -0.075449 0.241569 0.155648 -0.360451 -0.271503 -0.298216 0.130320 -0.221944 -0.182415 -0.333739 -0.076410 -0.526444 -0.487746 -0.295292 -0.403673 0.023400 -0.274910 0.161638 0.340250 0.135162 0.089497 0.564340 0.456093 -0.100146 0.015624 -0.353970 -0.342377 0.215199 0.416370 0.269434 0.063613 -0.106534 0.240577 0.112550 -0.013778 0.204249 0.082400 0.188261 0.206995 -0.117020 0.190463 -0.173037 -0.150655 -0.458846 -0.339127 -0.216275 -0.407768 -0.156423 -0.444261 -0.108644 -0.103725 -0.355675 -0.353876 -0.474172 -0.625261 -0.484616 -0.617429 0.122759 -0.284312 -0.134793 -0.240766 -0.218705 -0.341479 -0.195070 -0.269615 -0.423613 -0.461512 -0.476551 -0.309218 -0.085215 -0.190116 0.049264 -0.132299
0.452959 0.347713 0.175934 -0.357509 0.189724 -0.005607 0.291181 0.044243 0.236349 0.268121 0.700154 0.367141 1.000000 0.507520 0.620225 0.446346 0.108191 0.040309 0.244233 0.403537 -0.207837 -0.049587 -0.080043 0.021119 -0.297804 -0.538458 -0.192175 -0.416006 0.474090 0.284258 -0.208102 -0.203218 -0.130867 0.022663 -0.223421 -0.119296 -0.155188 -0.211335 -0.314921 -0.345996 -0.049644 -0.184430 -0.428808 -0.608336 -0.010991 -0.301653 -0.203312 -0.240577 0.016427 -0.007533 -0.308065 -0.048527 0.317328 0.038590 -0.041542 -0.206454 -0.384493 -0.131582 0.222551 0.103200 0.247061 0.303067 0.001610 0.157024 0.193771 -0.162637 -0.078122 -0.116418 -0.281939 0.051701 0.112595 0.107318 0.268354 0.021959 -0.013430 -0.022059 0.022441 0.002386 -0.269922 -0.216627 -0.289987 -0.176105 0.226242 0.322236 -0.187349 -0.335391 -0.099323 -0.262810 -0.174194 -0.107608 0.439373 0.230181 0.125387 0.398660 -0.256053 -0.303207 -0.152507 -0.283049 0.246069 -0.046313 0.359098 0.156176 -0.048686 -0.058282 -0.128810 -0.194108 -0.157210 -0.135517 0.074399 -0.003323 -0.367726 -0.273630 -0.134623 -0.032174 -0.000893 0.051428
0.287969 0.295472 0.244495 -0.012544 0.196926 0.185030 0.036100 0.381883 0.319178 0.329808 0.374733 0.693901 0.507520 1.000000 0.379786 0.434639 0.173442 0.155330 -0.250842 -0.207333 0.008708 0.124728 -0.252856 -0.145724 -0.042810 -0.074076 -0.040933 -0.115503 0.201048 0.271162 -0.132630 0.061609 -0.096197 0.169730 -0.179517 0.101669 -0.252321 -0.097495 -0.294637 -0.287077 -0.017132 -0.044368 0.118762 0.036975 0.089975 0.092844 -0.163643 -0.111280 -0.088049 0.037261 -0.107781 -0.106494 -0.094163 -0.067830 -0.354461 -0.326419 -0.163656 -0.275280 0.095190 -0.242215 0.190996 0.415335 0.092115 0.055006 0.217714 0.478834 -0.307902 -0.093634 -0.331608 -0.282825 0.057643 0.371069 0.219392 0.087591 -0.090308 0.155374 -0.063584 -0.052954 0.021778 -0.123101 -0.006394 0.089753 -0.135360 -0.010024 -0.298810 -0.317989 -0.363891 -0.235179 -0.200327 -0.200593 0.035480 -0.281542 -0.062276 -0.024458 -0.230458 -0.209964 -0.236077 -0.444018 -0.239695 -0.417467 0.249206 -0.264730 -0.030120 -0.209616 -0.083539 -0.236719 0.038479 -0.337298 -0.288136 -0.200992 -0.229869 -0.268506 0.026615 0.003059 0.072684 -0.177399
0.247392 0.083164 0.066054 0.057841 0.308102 0.180326 0.124358 -0.106389 0.490847 0.359044 0.516370 0.280435 0.620225 0.379786 1.000000 0.571763 -0.086374 -0.193964 0.250769 0.447229 0.028795 0.071838 0.376141 0.276805 -0.262428 -0.383363 0.154427 -0.126985 0.230508 0.110508 -0.197068 -0.339114 -0.346302 -0.308548 -0.264928 -0.426286 -0.175759 -0.151962 -0.161506 -0.221250 0.072869 -0.007911 -0.440587 -0.466375 -0.339470 -0.490003 -0.100200 -0.143846 0.109626 -0.168884 -0.034209 0.132327 0.360067 0.312756 0.126879 -0.127030 -0.376540 -0.173518 0.005276 0.014799 -0.043604 0.077521 -0.266193 -0.067261 0.146931 -0.144351 -0.228660 -0.298074 -0.072293 0.266367 0.144802 0.118940 0.077999 0.140811 0.088390 -0.127246 0.082947 -0.062361 -0.289431 -0.254386 -0.377295 -0.271376 0.461997 0.309463 0.173750 -0.063944 0.168397 -0.067707 0.296408 0.140092 0.406377 0.418807 0.082023 0.398440 -0.094882 -0.181715 -0.043532 -0.176687 0.151199 0.069719 0.135502 0.236867 -0.166676 -0.092825 -0.260515 -0.044577 0.025320 -0.071940 -0.056486 0.051132 -0.283502 -0.313378 -0.096076 0.173920 0.159828 -0.021329
-0.051962 0.321000 -0.172804 0.140189 0.531977 0.471418 0.226451 0.130964 0.534549 0.537929 0.307795 0.503147 0.446346 0.434639 0.571763 1.000000 -0.178405 -0.003386 -0.053561 0.252994 0.351256 0.222006 -0.115883 0.218539 -0.288242 -0.285845 0.240166 -0.209668 0.288902 0.304783 -0.268228 -0.050982 -0.301128 -0.055627 -0.388820 -0.358108 -0.201962 -0.161275 -0.188245 -0.210954 0.045083 0.025937 -0.258865 -0.413427 -0.150228 -0.203885 -0.131569 -0.157154 -0.263969 0.045980 -0.212057 0.068408 0.206937 0.186206 -0.087966 -0.218460 -0.407878 -0.370711 0.026253 0.059716 0.057817 0.309503 -0.069803 0.099518 0.326876 0.046611 -0.102487 -0.116744 -0.193516 0.042883 0.214593 0.239274 0.095005 0.055032 -0.156985 -0.025658 -0.088154 -0.117260 -0.166921 -0.199515 -0.158988 -0.092736 0.059911 0.502243 -0.160315 -0.034308 -0.140964 -0.329646 -0.061602 -0.024690 0.218223 0.074756 0.148516 0.168907 -0.335963 -0.275448 -0.243082 -0.286167 -0.095476 -0.288103 0.329323 -0.032289 -0.036436 0.048663 -0.005908 -0.101737 -0.083388 -0.063097 -0.200223 -0.301510 -0.411567 -0.341778 -0.170787 -0.076524 0.107708 0.083668
0.291309 0.186424 -0.132005 -0.280859 -0.268563 -0.309720 -0.048398 0.060897 -0.316548 -0.139248 0.047914 0.168016 0.108191 0.173442 -0.086374 -0.178405 1.000000 0.666624 0.118457 0.122358 -0.143290 -0.063950 -0.312030 -0.254341 -0.201284 -0.266891 -0.363231 -0.220061 0.421100 0.353156 0.065893 0.101159 0.152635 0.208947 -0.182033 0.048680 0.228557 0.121376 -0.099595 -0.079784 0.052598 0.125174 0.125469 0.071381 0.123511 0.041186 -0.323287 0.041547 -0.255091 -0.081496 -0.487925 -0.358055 -0.214968 -0.013058 -0.280473 -0.300897 0.442065 0.433082 0.001285 -0.280040 0.168200 0.006503 0.512163 0.349851 0.020634 -0.053441 -0.248064 -0.176719 0.011258 -0.330293 0.056215 0.149526 0.380582 0.112010 0.141860 0.060385 0.215969 0.284901 0.489384 0.404842 0.536077 0.351104 0.129957 -0.081762 -0.228435 -0.232408 -0.035014 0.120877 -0.426948 -0.282159 -0.098047 -0.193730 -0.111536 -0.104461 0.135247 -0.022197 -0.160050 -0.109422 -0.144658 0.123253 0.138470 0.238543 0.070995 -0.135214 -0.171180 -0.136777 -0.014564 -0.174469 0.030759 0.148656 -0.121916 0.219913 0.187168 -0.035412 0.155998 -0.042013
0.177591 0.325993 -0.179894 -0.429274 -0.044920 -0.203299 0.121697 0.212709 -0.090708 0.092693 -0.107119 0.295703 0.040309 0.155330 -0.193964 -0.003386 0.666624 1.000000 -0.031992 0.078426 -0.076571 -0.062607 -0.541928 -0.342530 -0.240375 -0.290740 -0.317837 -0.302481 0.530089 0.643152 0.045042 0.290079 0.294600 0.419851 -0.317817 0.019902 0.145848 -0.072003 -0.313368 -0.308738 -0.053206 -0.066610 0.304390 0.106327 0.312205 0.112898 -0.180760 0.151617 -0.484489 0.165720 -0.592711 -0.167003 -0.205632 0.196866 -0.540263 -0.410037 0.305652 0.270201 0.153483 -0.234469 0.311186 0.251231 0.605594 0.496072 0.136412 -0.158473 -0.176949 -0.246614 0.044837 -0.378931 -0.045034 0.099906 0.510673 0.044996 0.010645 0.115242 0.149398 0.297418 0.601768 0.564637 0.722253 0.615543 -0.218534 -0.042918 -0.561290 -0.523755 -0.272588 -0.289438 -0.614098 -0.550310 -0.065522 -0.264922 -0.130150 0.032907 -0.133782 -0.235779 -0.360404 -0.344713 -0.301035 -0.025687 0.220408 0.098492 0.217673 0.049899 -0.117647 -0.185581 -0.223382 -0.259754 -0.079461 -0.125101 -0.179101 0.315190 0.221253 -0.200646 0.030444 -0.055082
0.298101 0.018240 -0.167757 -0.102749 -0.037566 -0.445262 0.138319 -0.339317 -0.028635 -0.042645 0.270666 -0.165542 0.244233 -0.250842 0.250769 -0.053561 0.118457 -0.031992 1.000000 0.618221 -0.214345 -0.220235 0.308072 0.094531 -0.100779 -0.450025 -0.280684 -0.425129 0.323681 0.086073 0.034392 -0.210128 -0.051238 -0.057324 0.047745 -0.141554 0.175065 -0.019006 -0.015096 -0.107777 0.179335 -0.024806 -0.174871 -0.366140 0.093080 -0.226798 0.072154 0.006038 -0.035538 0.162307 -0.215070 0.110059 0.108445 0.355604 0.065278 0.033382 0.005820 0.240330 -0.216026 -0.132717 -0.234431 -0.267146 -0.278213 -0.162826 0.066915 -0.455757 -0.131100 -0.235047 0.185164 0.122138 0.282843 0.034664 0.140981 0.393490 0.397325 0.236227 0.278377 0.131721 -0.129629 -0.084648 -0.282052 -0.188527 0.440295 0.275190 0.332432 0.003244 0.294776 -0.048312 0.003076 -0.068769 0.135625 0.256597 -0.038901 0.173402 -0.018747 0.038967 -0.086505 0.023495 0.124655 0.204164 -0.011572 0.441047 -0.031233 -0.228052 -0.289160 -0.088937 -0.132719 0.073017 0.169393 0.052604 -0.232018 0.192849 0.083353 0.027988 -0.119441 0.165883
0.118957 0.020808 -0.325660 -0.290289 0.022198 -0.205270 0.138262 -0.390861 0.022269 0.082130 0.190690 -0.123188 0.403537 -0.207333 0.447229 0.252994 0.122358 0.078426 0.618221 1.000000 -0.181440 -0.236520 0.077644 0.241645 -0.337768 -0.580455 -0.177342 -0.379892 0.342410 0.156039 -0.329759 -0.352551 -0.221039 -0.208759 -0.209852 -0.320631 0.068822 -0.148758 -0.165502 -0.087905 0.303307 -0.088796 -0.254002 -0.560145 -0.029211 -0.294811 0.061381 0.157812 -0.137256 0.121622 -0.412228 0.071982 0.314805 0.466948 0.107113 0.029142 -0.051469 0.216699 0.014828 0.035382 -0.217271 -0.193046 -0.200487 -0.075219 0.019150 -0.633926 0.086819 -0.128380 0.300832 0.480918 0.293808 -0.087481 0.075665 0.205551 0.207264 -0.165721 0.285103 0.274400 -0.187756 -0.048311 -0.117404 -0.214286 0.567237 0.598399 0.130996 -0.038121 0.292262 -0.115338 -0.081724 -0.009846 0.522842 0.576670 0.262211 0.501166 -0.058439 -0.248120 -0.079263 0.027455 0.247575 0.473701 0.201248 0.559859 0.014543 0.116407 -0.289911 0.108034 -0.007862 0.156432 0.265898 0.139874 -0.221144 0.238636 0.058065 0.094941 -0.052972 0.002397
-0.201369 0.031669 0.092566 0.242754 0.622894 0.542854 0.102419 0.190301 0.214686 0.130275 -0.156224 0.120420 -0.207837 0.008708 0.028795 0.351256 -0.143290 -0.076571 -0.214345 -0.181440 1.000000 0.655344 0.060557 -0.080620 -0.025772 0.162081 0.715326 0.185143 -0.080405 0.071813 0.144409 0.221847 -0.003479 0.098604 -0.172681 -0.144381 -0.274471 0.036986 0.068788 0.026327 -0.030593 0.153991 -0.094996 -0.022389 -0.307845 -0.016222 -0.229908 -0.083104 -0.200070 -0.334185 -0.046249 -0.341980 -0.216029 -0.222181 -0.024228 -0.166933 -0.143523 -0.207165 -0.135676 0.089485 -0.001530 0.078228 0.041422 0.001648 0.122737 0.215168 -0.003206 0.131093 0.017799 0.069474 0.286152 0.453052 0.160400 0.044931 -0.034966 0.031837 -0.072705 -0.046647 0.101577 0.009144 0.054566 0.018089 -0.362267 -0.197294 -0.045036 0.084689 -0.298001 -0.173155 0.127946 0.097711 -0.224729 -0.124243 0.012390 -0.169670 -0.033533 -0.048751 -0.002238 0.094620 -0.293072 -0.276655 0.124139 -0.044612 0.070018 0.309587 0.236424 0.093977 0.085743 0.035528 -0.123996 -0.189278 0.040769 -0.225280 -0.206252 0.007923 0.293053 0.286880
0.118986 0.095267 0.008229 0.260074 0.321882 0.403794 -0.265435 -0.002052 0.022158 0.050582 0.015853 0.083587 -0.049587 0.124728 0.071838 0.222006 -0.063950 -0.062607 -0.220235 -0.236520 0.655344 1.000000 0.017074 -0.181704 0.003379 0.173367 0.588497 0.251590 -0.166218 -0.106309 -0.076929 -0.063752 -0.052605 0.028505 -0.053286 -0.084556 -0.168053 0.328858 0.259347 0.229871 0.069379 0.377928 -0.104135 -0.000283 -0.266564 -0.054222 -0.233683 -0.063063 0.037906 -0.296348 -0.084125 -0.215242 -0.136422 -0.203272 0.126197 -0.066061 0.087127 -0.055200 0.013838 -0.010225 0.031866 0.009248 -0.051456 -0.008352 -0.072754 0.264995 -0.172723 -0.066610 0.063516 0.059192 0.064423 0.294284 0.044228 0.064508 -0.025994 -0.021212 -0.118730 -0.005708 0.191003 -0.051967 -0.018365 0.087884 -0.331300 -0.210804 0.061097 0.208576 -0.318900 0.063584 0.195083 0.265925 -0.072477 0.012148 -0.005787 -0.141373 -0.070978 -0.133773 0.135768 0.111401 -0.015750 -0.194305 0.199092 -0.041689 0.036396 -0.009748 0.406629 0.271597 -0.101513 0.147228 -0.061037 -0.107449 0.103320 -0.204331 0.081656 -0.025233 0.353337 0.386894
-0.123490 -0.417457 0.194891 0.454753 0.033143 -0.020608 -0.100082 -0.383827 0.123717 -0.191873 0.125750 -0.279987 -0.080043 -0.252856 0.376141 -0.115883 -0.312030 -0.541928 0.308072 0.077644 0.060557 0.017074 1.000000 0.361872 0.238486 0.143083 0.336304 0.348220 -0.287979 -0.456690 0.220918 -0.249461 -0.315809 -0.493954 0.173983 -0.099791 -0.057261 0.087915 0.234261 0.144089 -0.021916 0.067565 -0.339552 -0.068478 -0.316366 -0.326616 0.132416 -0.058706 0.438065 -0.123651 0.530748 0.313693 0.160730 0.244107 0.413078 0.270467 -0.076699 0.105586 -0.278388 -0.030331 -0.431589 -0.381885 -0.629171 -0.431486 -0.207316 -0.187960 -0.231899 -0.213744 0.049578 0.232925 0.086230 0.013927 -0.296049 0.094384 0.188042 -0.042529 0.063354 -0.091452 -0.230413 -0.243577 -0.473365 -0.361423 0.374568 -0.069888 0.605851 0.277184 0.392795 0.303076 0.678464 0.387491 0.119578 0.370422 -0.143234 0.137130 0.173792 0.290224 0.189742 0.222863 0.239854 0.202963 -0.379004 0.092876 -0.287247 -0.194654 -0.145083 0.158217 0.127393 0.131251 -0.049727 0.203392 0.066746 -0.165949 -0.075983 0.219102 0.085775 0.050643
-0.320573 -0.287636 -0.116314 0.120199 0.104957 0.057107 0.183652 -0.150537 0.121591 -0.000145 0.293387 0.025096 0.021119 -0.145724 0.276805 0.218539 -0.254341 -0.342530 0.094531 0.241645 -0.080620 -0.181704 0.361872 1.000000 -0.011281 -0.028441 -0.037252 -0.079655 0.105844 -0.109299 0.164510 -0.018620 -0.142875 -0.246327 0.090242 -0.061661 0.033108 -0.041676 0.119201 -0.041166 0.029242 0.066017 -0.147373 -0.149309 0.060485 0.112133 0.079198 -0.126754 -0.102247 0.179798 0.173550 0.122412 -0.030167 0.132801 0.118830 0.083259 -0.285896 -0.288659 -0.248247 -0.102545 -0.290973 -0.358786 -0.297925 -0.318118 0.148431 -0.216695 0.032834 0.204497 -0.197298 0.052184 -0.006550 -0.114167 -0.203138 -0.111033 -0.003181 -0.201102 -0.118096 -0.264848 -0.183781 -0.157074 -0.206170 -0.145517 0.402597 0.426294 0.229521 0.306683 0.304199 0.078390 0.061062 -0.024288 -0.036639 0.075229 0.079267 0.075800 -0.067538 -0.032227 -0.125897 -0.055837 -0.080707 -0.130492 -0.368494 -0.128111 -0.293273 -0.142496 -0.161319 -0.034618 0.037108 0.101256 0.006784 -0.176609 -0.242302 -0.176534 -0.212558 0.071098 -0.145043 0.020903
-0.088265 -0.255155 0.288663 0.177320 -0.224838 0.001199 -0.228808 -0.173856 -0.135085 -0.238981 -0.301482 -0.319394 -0.297804 -0.042810 -0.262428 -0.288242 -0.201284 -0.240375 -0.100779 -0.337768 -0.025772 0.003379 0.238486 -0.011281 1.000000 0.770722 0.090114 0.375471 -0.388766 -0.317387 0.365606 0.246408 -0.130626 -0.099840 0.364058 0.386242 0.164581 0.157578 0.178372 0.204748 0.156203 0.191988 0.216313 0.341114 0.079803 0.105593 0.301734 0.102726 0.225065 0.164128 0.398781 0.274272 0.148577 0.112994 0.083009 0.158338 0.277187 0.157032 -0.069984 -0.100075 -0.270978 -0.115485 -0.286754 -0.227466 -0.255438 0.005254 -0.249457 -0.163204 0.064253 -0.057184 -0.185517 -0.144066 -0.210550 0.148586 0.290810 0.083582 -0.068728 -0.068841 -0.212602 -0.123877 -0.155100 -0.015850 -0.232630 -0.358310 0.038349 -0.040539 -0.019253 0.058148 0.008661 0.079157 -0.029652 -0.065261 -0.282849 -0.173906 0.308210 0.402094 0.055594 0.165638 0.025931 -0.000881 -0.213921 -0.224726 -0.113037 -0.041075 0.052610 0.076693 0.282843 0.014964 -0.009034 0.096194 0.257837 0.114124 0.252228 0.158435 -0.096995 -0.095267
-0.249110 -0.264862 0.186962 0.390401 -0.222308 0.246702 -0.392543 -0.044570 -0.109266 -0.236742 -0.453090 -0.282427 -0.538458 -0.074076 -0.383363 -0.285845 -0.266891 -0.290740 -0.450025 -0.580455 0.162081 0.173367 0.143083 -0.028441 0.770722 1.000000 0.330772 0.664721 -0.593504 -0.464353 0.238658 0.211596 -0.085078 -0.063797 0.372691 0.315175 0.068256 0.238168 0.341528 0.451117 0.055390 0.253584 0.365949 0.624668 -0.091590 0.197145 0.349811 0.221568 0.146493 -0.011295 0.553226 0.165844 -0.088678 -0.155847 0.171058 0.294669 0.309061 0.019466 -0.133705 -0.020542 -0.272403 -0.145940 -0.195126 -0.195011 -0.343941 0.286413 -0.201004 -0.023948 0.068934 -0.111450 -0.316478 -0.114022 -0.356237 -0.075908 -0.005249 -0.045633 -0.146357 -0.048931 -0.014773 -0.093996 0.003824 0.076164 -0.356416 -0.510944 0.048372 0.097723 -0.013368 0.177983 0.189203 0.236211 -0.243129 -0.174106 -0.258107 -0.351843 0.270313 0.309127 0.346459 0.138355 -0.032498 -0.031964 -0.245749 -0.431875 -0.058850 -0.034382 0.265932 0.169637 0.362752 0.106982 -0.126501 0.040155 0.454897 0.043804 0.177773 0.158924 -0.000278 -0.082941
-0.273073 0.029365 0.106982 0.442571 0.468366 0.725301 -0.188726 -0.139348 0.146546 -0.134795 -0.117096 -0.137783 -0.192175 -0.040933 0.154427 0.240166 -0.363231 -0.317837 -0.280684 -0.177342 0.715326 0.588497 0.336304 -0.037252 0.090114 0.330772 1.000000 0.627579 -0.407210 -0.339223 -0.076481 -0.225555 -0.314558 -0.350671 0.028448 -0.217287 -0.288038 0.197573 0.351037 0.350360 0.050043 0.216882 -0.129098 0.128113 -0.483579 -0.199536 0.009014 0.088047 0.100712 -0.320044 0.234313 0.012238 -0.017098 -0.088747 0.364807 0.225123 -0.098031 -0.027397 -0.187655 0.169152 -0.206861 -0.107019 -0.305013 -0.143925 -0.240615 0.112422 -0.136523 -0.080625 0.147143 0.284450 0.043714 0.182120 -0.191681 -0.120288 -0.176896 -0.258304 -0.125641 -0.005263 -0.076546 -0.187300 -0.184949 -0.186670 -0.149790 -0.173692 0.186129 0.266754 0.097533 0.201141 0.498701 0.510207 0.031686 0.221838 0.197341 0.097281 -0.058127 0.054712 0.280757 0.209086 0.074419 0.045146 0.178448 -0.031123 0.010834 0.210050 0.354631 0.336159 0.194992 0.191557 -0.083569 0.036024 0.249829 -0.203263 -0.026934 0.107202 0.273796 0.235056
-0.292654 -0.125739 0.112091 0.548508 -0.206749 0.377113 -0.536177 -0.284404 -0.197334 -0.467881 -0.285036 -0.338869 -0.416006 -0.115503 -0.126985 -0.209668 -0.220061 -0.302481 -0.425129 -0.379892 0.185143 0.251590 0.348220 -0.079655 0.375471 0.664721 0.627579 1.000000 -0.696429 -0.630877 -0.038343 -0.249753 -0.299331 -0.460613 0.173539 -0.036740 -0.023550 0.417742 0.529850 0.640407 0.101232 0.400470 0.052531 0.512305 -0.448806 -0.151469 0.086750 0.193646 0.385422 -0.245113 0.477986 0.279856 0.018205 -0.111292 0.491681 0.442618 0.245134 0.211211 -0.062505 0.152335 -0.269571 -0.202958 -0.320858 -0.131779 -0.565830 0.167604 -0.244156 -0.234159 0.229337 0.190102 -0.171297 -0.091949 -0.434183 -0.102984 -0.090408 -0.231025 0.002580 0.129162 0.039516 -0.001729 0.007035 -0.020049 0.003865 -0.329729 0.275773 0.324842 0.357000 0.546299 0.531150 0.614638 -0.095615 0.155590 -0.066387 -0.112002 0.273945 0.300183 0.431519 0.274447 0.180552 0.191008 -0.111104 -0.202913 -0.043995 -0.052206 0.365830 0.298790 0.296143 0.022774 -0.239501 0.222551 0.423414 -0.050213 0.127661 0.184973 0.112972 -0.022994
0.239789 0.284429 -0.102445 -0.501157 0.244458 -0.257837 0.451005 0.139000 0.114596 0.178120 0.387507 0.378728 0.474090 0.201048 0.230508 0.288902 0.421100 0.530089 0.323681 0.342410 -0.080405 -0.166218 -0.287979 0.105844 -0.388766 -0.593504 -0.407210 -0.696429 1.000000 0.853677 0.194975 0.325218 0.224816 0.439398 -0.156243 -0.058325 0.111086 -0.231599 -0.416548 -0.582806 -0.079937 -0.274418 -0.193200 -0.416790 0.204154 -0.015841 -0.265020 -0.132979 -0.479651 0.001297 -0.642271 -0.306522 -0.143240 0.038788 -0.456060 -0.576534 -0.245381 -0.124403 0.055017 -0.025404 0.345708 0.264977 0.458949 0.429369 0.423878 -0.255733 -0.006045 -0.017615 -0.192516 -0.277636 0.168754 0.290073 0.732076 0.012952 0.051764 0.200693 0.057571 0.082248 0.263188 0.334453 0.327175 0.305749 0.169353 0.303668 -0.415409 -0.487977 -0.118590 -0.370955 -0.491405 -0.628523 -0.053882 -0.178501 0.050403 0.174081 -0.415152 -0.229276 -0.397608 -0.392961 -0.274169 -0.181146 0.223422 0.182416 0.225739 0.036865 -0.240667 -0.467385 -0.221562 -0.261368 0.115009 -0.275357 -0.377021 -0.049429 -0.232945 -0.223101 0.008951 0.100469
0.171332 0.321061 -0.031497 -0.476530 0.285359 -0.152446 0.452900 0.361018 0.177492 0.293976 0.132382 0.422701 0.284258 0.271162 0.110508 0.304783 0.353156 0.643152 0.086073 0.156039 0.071813 -0.106309 -0.456690 -0.109299 -0.317387 -0.464353 -0.339223 -0.630877 0.853677 1.000000 0.227379 0.498661 0.272799 0.497207 -0.233717 -0.071580 0.021314 -0.266216 -0.510712 -0.632307 -0.106559 -0.300255 0.022037 -0.226493 0.224857 0.042897 -0.190198 -0.098298 -0.513840 0.031482 -0.610816 -0.328236 -0.148407 0.040246 -0.597946 -0.624069 -0.185831 -0.102263 0.118563 -0.027330 0.391915 0.407853 0.558737 0.453374 0.431164 -0.121241 -0.005083 -0.073286 -0.135547 -0.334408 0.115737 0.337102 0.805393 0.105334 0.049163 0.278321 0.034947 0.066707 0.304002 0.389549 0.433421 0.395343 -0.111939 0.153589 -0.591671 -0.574727 -0.280440 -0.507677 -0.544441 -0.700837 -0.130366 -0.347770 0.001466 0.051736 -0.347465 -0.204039 -0.490770 -0.418688 -0.400791 -0.269678 0.217589 0.048195 0.304377 0.210781 -0.246090 -0.491494 -0.242642 -0.378708 -0.020536 -0.346441 -0.363253 0.021001 -0.149461 -0.239211 -0.000968 -0.094223
-0.119308 -0.139383 0.481254 -0.093778 0.073709 -0.159927 0.418840 0.255422 -0.033358 -0.147552 -0.082570 -0.045372 -0.208102 -0.132630 -0.197068 -0.268228 0.065893 0.045042 0.034392 -0.329759 0.144409 -0.076929 0.220918 0.164510 0.365606 0.238658 -0.076481 -0.038343 0.194975 0.227379 1.000000 0.700854 0.248470 0.214358 0.125029 0.177328 -0.118361 -0.075011 -0.115848 -0.328957 -0.406191 -0.125048 0.033703 0.204856 0.088060 0.080858 -0.030650 -0.214649 -0.123394 -0.083085 0.154207 -0.131111 -0.165903 -0.131562 -0.275604 -0.203413 -0.019351 -0.046836 -0.139780 -0.141266 0.110547 0.088928 0.153727 0.036185 0.194164 0.002479 -0.145669 -0.002299 -0.249798 -0.373326 0.001000 0.243084 0.273660 0.008263 0.123657 0.214887 -0.143922 -0.210104 0.071985 0.125630 0.070583 0.150086 -0.165258 -0.301053 -0.172114 -0.168089 -0.101033 -0.144226 -0.202367 -0.321056 -0.490349 -0.481872 -0.419069 -0.462635 0.090912 0.214605 -0.249774 -0.049260 -0.378888 -0.352991 -0.503323 -0.371945 -0.137873 -0.060987 -0.156073 -0.236010 -0.109306 -0.243028 -0.137188 -0.175674 -0.069038 -0.151106 -0.210287 -0.154169 -0.031109 -0.066694
-0.178745 -0.078062 0.225059 -0.197274 0.173836 -0.116628 0.399249 0.510526 0.062630 0.132730 -0.160724 0.249099 -0.203218 0.061609 -0.339114 -0.050982 0.101159 0.290079 -0.210128 -0.352551 0.221847 -0.063752 -0.249461 -0.018620 0.246408 0.211596 -0.225555 -0.249753 0.325218 0.498661 0.700854 1.000000 0.361493 0.594645 0.049616 0.392513 -0.089661 -0.284199 -0.403065 -0.477671 -0.329185 -0.230806 0.215282 0.182844 0.325252 0.376215 -0.090000 -0.084868 -0.468383 0.092316 -0.117962 -0.311979 -0.340512 -0.168360 -0.647253 -0.457537 -0.006368 -0.225565 -0.030467 -0.111141 0.161105 0.275295 0.384622 0.191428 0.392309 0.202686 0.003929 0.185087 -0.256512 -0.465498 0.016119 0.306775 0.356123 -0.072144 0.005122 0.323718 -0.143991 -0.049909 0.293074 0.267829 0.383537 0.416931 -0.416247 -0.189902 -0.432470 -0.371205 -0.439346 -0.460289 -0.474089 -0.623725 -0.481666 -0.635883 -0.280346 -0.396104 -0.068529 -0.030127 -0.389307 -0.311382 -0.603608 -0.470469 -0.246017 -0.437060 0.040798 0.069186 -0.096275 -0.342749 -0.174697 -0.308254 -0.163993 -0.337817 -0.098811 -0.019584 -0.186955 -0.243198 0.053714 -0.164342
0.169882 0.157545 0.119530 -0.204224 -0.084801 -0.189359 0.211522 0.472588 -0.033936 0.108355 -0.152253 0.012011 -0.130867 -0.096197 -0.346302 -0.301128 0.152635 0.294600 -0.051238 -0.221039 -0.003479 -0.052605 -0.315809 -0.142875 -0.130626 -0.085078 -0.314558 -0.299331 0.224816 0.272799 0.248470 0.361493 1.000000 0.732289 -0.110295 0.012462 0.033757 -0.164302 -0.224393 -0.275847 -0.222432 -0.261679 0.184391 0.077772 0.034470 0.135349 -0.279589 -0.285478 -0.307859 -0.136464 -0.165933 -0.352185 -0.205793 -0.255001 -0.363532 -0.363785 0.068128 -0.119573 0.084376 -0.037759 0.444756 0.275412 0.546672 0.263333 0.244556 0.170074 0.297244 0.177345 0.123817 -0.231313 -0.200940 0.072788 0.302831 -0.094124 0.037710 0.107355 -0.145491 -0.343114 0.320109 0.318691 0.281128 0.136066 -0.409866 -0.376884 -0.330830 -0.211480 -0.245362 -0.147766 -0.323846 -0.384122 -0.403450 -0.425988 -0.039250 -0.253235 -0.134427 -0.191541 -0.226517 -0.199046 -0.332616 -0.276187 0.029732 -0.079737 0.225069 0.004578 0.118765 -0.251005 -0.176367 -0.017043 -0.017489 -0.288049 -0.145282 -0.061680 -0.254594 -0.174916 -0.102306 0.068761
0.254729 0.115606 0.041388 -0.341170 0.089010 -0.147903 0.224012 0.480725 0.023358 0.262764 -0.067516 0.238145 0.022663 0.169730 -0.308548 -0.055627 0.208947 0.419851 -0.057324 -0.208759 0.098604 0.028505 -0.493954 -0.246327 -0.099840 -0.063797 -0.350671 -0.460613 0.439398 0.497207 0.214358 0.594645 0.732289 1.000000 -0.043455 0.340207 -0.039236 -0.304358 -0.415047 -0.425088 -0.135922 -0.273078 0.247660 0.031981 0.263115 0.368364 -0.135891 0.005714 -0.504440 -0.017914 -0.370905 -0.443241 -0.346897 -0.192988 -0.645469 -0.551941 0.049448 -0.237660 0.136809 -0.070826 0.389357 0.373119 0.578326 0.285398 0.368565 0.250765 0.184071 0.309921 -0.098633 -0.432187 -0.009107 0.235660 0.392355 -0.090119 -0.043289 0.332470 -0.195184 -0.108273 0.420517 0.272603 0.405967 0.360472 -0.458864 -0.276339 -0.526148 -0.513157 -0.512240 -0.447281 -0.518165 -0.638949 -0.356490 -0.483513 -0.102039 -0.200078 -0.326261 -0.291037 -0.244162 -0.403274 -0.443579 -0.376993 0.110765 -0.163611 0.290839 0.064264 0.055556 -0.294857 -0.121897 -0.116773 0.076560 -0.286766 -0.001495 0.047003 -0.241718 -0.193678 -0.003102 0.052326
-0.020913 -0.188220 -0.124418 0.110747 -0.177177 -0.116403 -0.313686 -0.327136 -0.321733 -0.358295 0.098821 -0.230561 -0.223421 -0.179517 -0.264928 -0.388820 -0.182033 -0.317817 0.047745 -0.209852 -0.172681 -0.053286 0.173983 0.090242 0.364058 0.372691 0.028448 0.173539 -0.156243 -0.233717 0.125029 0.049616 -0.110295 -0.043455 1.000000 0.585858 0.250407 0.174213 0.295323 0.240658 0.243094 0.122222 0.140991 0.229979 0.256005 0.390872 0.304555 0.238353 0.031017 0.119952 0.060172 -0.111560 -0.259324 -0.150780 0.085826 0.099656 0.134524 0.145529 -0.240744 -0.084871 -0.310953 -0.337300 -0.245547 -0.213088 -0.236631 0.050794 -0.017612 0.201827 0.101878 -0.029661 -0.168169 -0.097688 -0.215455 -0.131029 -0.027657 -0.059806 -0.081944 0.152618 0.020539 -0.109419 -0.059557 0.031703 0.083435 -0.090966 0.279944 0.165002 0.207695 0.267040 0.138097 -0.000462 -0.274376 -0.115046 0.055820 0.051432 0.001185 0.089560 0.228583 0.037097 0.003694 -0.015991 -0.211901 -0.101629 0.078266 -0.081696 0.057236 0.068777 0.174862 0.250769 0.246597 0.048362 0.332347 0.240321 0.121078 0.358016 0.082497 0.047614
-0.028323 -0.348409 0.010129 -0.120247 -0.091479 -0.192774 -0.162338 0.025501 -0.289341 -0.164705 0.037563 0.038675 -0.119296 0.101669 -0.426286 -0.358108 0.048680 0.019902 -0.141554 -0.320631 -0.144381 -0.084556 -0.099791 -0.061661 0.386242 0.315175 -0.217287 -0.036740 -0.058325 -0.071580 0.177328 0.392513 0.012462 0.340207 0.585858 1.000000 0.091327 -0.087179 -0.059297 -0.062479 0.103321 -0.019239 0.324152 0.273864 0.618333 0.745022 0.156025 0.284102 -0.100860 0.330859 -0.075514 -0.224856 -0.432261 -0.141170 -0.332036 -0.157499 0.192272 0.038661 -0.064411 -0.202461 -0.190020 -0.123934 -0.036760 -0.220970 -0.001061 0.216498 -0.018461 0.458365 -0.204243 -0.291641 -0.045269 -0.021189 -0.159243 -0.188341 -0.125429 0.147660 -0.159636 0.196211 0.149562 0.011460 0.200332 0.266560 -0.200282 -0.192774 -0.053475 -0.216973 -0.284680 -0.083394 -0.203775 -0.333495 -0.200196 -0.286952 -0.096688 -0.039363 0.023068 0.054453 0.001203 -0.095192 -0.197671 -0.204207 -0.233300 -0.330745 0.039256 -0.029192 -0.004012 -0.016289 0.075992 0.033524 0.192736 0.021155 0.311228 0.353050 0.163861 0.186161 0.091589 -0.136175
