1.000000 0.359319 0.084479 -0.476319 -0.346741 -0.223399 -0.203932 -0.321682 0.085639 0.084296 0.368377 0.213968 0.177113 0.131439 0.233671 -0.034850 0.386345 0.232452 -0.055807 -0.238962 -0.081041 -0.157507 0.035513 -0.384144 -0.261577 -0.352573 -0.234261 -0.018273 0.186817 -0.125671 -0.194821 -0.350626 -0.277322 -0.451263 -0.214184 -0.183486 -0.033891 -0.087685 0.037788 0.105731 -0.098738 -0.170376 0.187984 0.093348 -0.131137 -0.100462 0.139237 -0.073932 0.472266 -0.256703 0.227695 0.012580 0.382568 0.085260 0.366188 0.034584 0.245095 0.223163 0.576685 0.051364 0.452414 0.164839 0.209551 0.208588 -0.319033 -0.045966 0.118240 -0.300620 0.228608 0.009791 -0.064696 0.035114 0.040656 -0.078466 -0.019959 0.033295 0.074963 0.098262 0.046793 0.115491 -0.226845 -0.107718 -0.049228 -0.371308 -0.068567 -0.097817 0.282032 0.241433 0.263992 0.125768 -0.044334 0.144729 -0.197272 0.169298 -0.126065 0.131864 0.123875 -0.183524 0.204002 0.115505 -0.080799 0.320314 0.044955 0.072505 0.018550 -0.043419 0.286283 0.139817 -0.077930 0.153858 0.210084 0.114777 -0.045369 0.120714 -0.045933 0.014608
0.359319 1.000000 -0.300274 -0.238895 -0.376908 -0.535185 -0.435300 -0.402464 -0.441296 -0.277545 -0.117866 0.135820 -0.131683 0.287242 -0.137710 0.033771 0.397469 0.610355 0.391599 0.234202 -0.175125 -0.095106 -0.189089 -0.377293 -0.413572 -0.555372 -0.429254 -0.392258 0.337870 0.351777 -0.154201 -0.373439 0.235091 -0.112414 -0.713160 -0.570824 0.054205 0.227861 -0.229050 0.255550 0.042447 0.267458 0.252601 -0.131875 -0.312295 -0.569206 0.375169 0.038803 0.008600 0.064103 -0.361972 0.447645 0.540303 0.369998 0.272082 0.469454 0.423385 0.551596 0.154980 0.223857 0.149253 0.542113 0.254533 0.642280 -0.339159 -0.276465 -0.222314 -0.652621 0.296375 0.208747 -0.031099 0.086293 0.276158 0.434776 0.295277 0.157857 0.269178 0.139682 0.232569 0.160527 0.219591 0.186767 0.013213 0.070550 -0.131699 -0.210209 -0.146518 -0.081333 -0.330497 0.256117 0.330736 0.236735 -0.192409 -0.201636 -0.041539 0.160414 0.010848 0.039269 0.502301 0.465865 -0.074874 0.154673 0.078201 -0.042367 -0.061601 -0.047020 0.161948 0.157251 -0.097448 0.253578 -0.059658 0.356986 0.235898 -0.017431 -0.101277 0.173914
0.084479 -0.300274 1.000000 0.298793 0.294863 0.289806 0.321786 0.215639 0.415731 0.353260 -0.007211 0.011929 0.327865 -0.044937 0.448296 0.367839 -0.258763 -0.329186 -0.131972 -0.265696 -0.124171 0.039801 0.306038 0.190694 0.283731 0.258003 0.249092 0.391239 -0.298526 -0.490895 0.192004 0.210439 -0.305764 -0.145815 0.310079 0.051358 -0.299095 -0.458235 0.358605 -0.248234 -0.123069 -0.331363 -0.012629 0.001403 -0.062072 0.091223 0.004124 0.122656 0.290778 -0.334078 0.626033 -0.216365 -0.118415 -0.218349 -0.101990 -0.287652 -0.404947 -0.273952 -0.064495 -0.147460 0.054253 -0.205116 -0.158885 -0.305533 0.328523 0.192275 0.132115 0.141588 -0.236690 -0.246230 0.068021 0.072160 -0.452205 -0.343573 -0.314404 -0.095102 -0.103232 -0.039445 -0.339965 -0.209003 -0.483737 -0.490168 -0.011670 -0.114417 -0.287087 -0.066732 0.246118 0.118430 0.319503 -0.035073 -0.035888 -0.087907 0.126923 0.271220 -0.041956 -0.283382 0.329723 -0.236183 -0.260973 -0.326927 -0.021511 -0.056880 -0.226546 -0.134981 -0.323278 -0.264442 -0.125860 -0.207619 -0.010248 -0.357221 0.328789 -0.212692 -0.153896 0.032277 0.277887 -0.036710
-0.476319 -0.238895 0.298793 1.000000 0.177381 0.342229 0.062538 0.426582 0.090751 0.254968 -0.480390 -0.163391 -0.086747 -0.294572 0.060365 0.421669 -0.113877 -0.188259 0.120238 0.053812 -0.188861 0.066427 -0.075815 0.433840 -0.139168 0.119162 0.137019 0.097762 -0.397660 -0.311664 -0.067819 0.188029 -0.007832 0.125588 0.194473 -0.055512 -0.111929 -0.226561 0.031913 -0.163830 -0.005624 -0.236450 -0.474855 -0.460118 -0.382941 -0.169562 -0.295002 -0.072382 -0.414840 -0.404072 0.037927 -0.347756 -0.087305 -0.176040 -0.194058 -0.266828 -0.060768 -0.095094 -0.270281 -0.212041 -0.028930 -0.114192 -0.029007 -0.163695 0.426345 0.361444 -0.242773 0.073579 -0.023662 -0.048583 0.001332 0.095066 -0.259272 0.109650 -0.029357 -0.068707 0.167195 0.124102 -0.278983 -0.242320 0.019826 -0.213260 -0.095803 0.144642 -0.194060 -0.023320 -0.110190 0.037825 0.141892 0.390819 0.283786 0.016989 0.669024 0.069659 -0.068028 -0.478872 -0.192222 -0.050371 -0.249520 -0.181111 0.050827 -0.098655 -0.149248 -0.030315 -0.055039 0.028596 -0.244623 -0.078706 -0.180307 -0.474771 -0.038153 -0.180368 0.010382 -0.100278 0.103006 -0.173642
-0.346741 -0.376908 0.294863 0.177381 1.000000 0.065110 0.772773 0.675875 0.638258 0.362899 -0.289687 -0.240433 0.464874 0.162540 0.184250 0.123281 -0.247278 -0.104126 -0.174989 0.013099 0.248224 0.125981 -0.228036 0.030755 0.260111 0.152898 0.166068 -0.048053 0.044921 0.288548 0.242975 0.119940 0.147719 0.240885 0.069131 0.083638 -0.153404 -0.206484 0.034857 -0.274173 -0.003567 0.029839 -0.115087 -0.245834 0.337921 0.073082 -0.064420 -0.165231 0.119630 0.231217 -0.061532 -0.061600 -0.283226 -0.146660 -0.583920 -0.089801 -0.467949 -0.484658 -0.398243 -0.102386 0.054331 -0.005875 -0.024427 -0.122259 0.553075 0.095866 0.000069 0.116243 -0.525069 -0.210450 0.066155 -0.049765 0.148218 -0.112753 -0.189284 0.083353 -0.165655 -0.086241 -0.321546 -0.262734 0.015276 -0.085043 -0.118580 0.374471 -0.489207 -0.330284 -0.328791 -0.180349 -0.339273 -0.477015 0.133359 -0.188055 0.054447 0.067404 -0.060083 -0.133499 -0.102386 -0.146350 -0.106144 -0.124859 0.026953 -0.052093 -0.161012 -0.296857 -0.037439 -0.071675 -0.231032 -0.269602 0.098087 -0.319301 -0.344478 -0.265567 -0.066701 -0.142002 0.172769 0.012867
-0.223399 -0.535185 0.289806 0.342229 0.065110 1.000000 -0.060881 0.064981 0.061150 0.137049 -0.039971 -0.052686 -0.293541 -0.498495 -0.123787 -0.038684 -0.442654 -0.654237 -0.264320 0.033609 0.068710 0.319926 0.282903 0.433270 0.544964 0.772591 0.694658 0.671996 -0.684580 -0.632105 -0.033940 0.312448 -0.298577 0.038297 0.593696 0.584737 0.180663 -0.159954 0.159858 0.089008 0.174129 -0.096103 -0.156386 0.315195 -0.015869 0.511308 -0.238083 0.221420 -0.051331 -0.283274 0.367084 -0.481530 -0.243440 -0.365536 -0.005614 -0.473774 0.006971 -0.095808 -0.026526 -0.087123 -0.375905 -0.573952 -0.316884 -0.619591 -0.046641 0.196533 0.198562 0.668074 0.080226 -0.056892 -0.055181 0.021769 -0.598479 -0.132063 -0.170369 -0.089022 -0.079229 0.109025 -0.203041 -0.294387 -0.338665 -0.323005 -0.045074 -0.284353 0.182628 0.471549 0.232749 0.295007 0.440764 0.158129 -0.188737 -0.203886 0.274926 0.103987 0.267262 -0.210053 0.127654 0.049110 -0.314866 -0.404465 0.076344 -0.241036 0.152280 0.067354 0.004880 -0.022039 0.024282 -0.032680 -0.050908 -0.204002 0.373969 -0.276097 -0.237810 -0.093351 0.060648 -0.086432
-0.203932 -0.435300 0.321786 0.062538 0.772773 -0.060881 1.000000 0.644602 0.629964 0.281680 0.018433 0.019704 0.484079 0.195008 0.257524 0.119221 -0.338176 -0.181677 -0.120010 -0.058937 0.099377 0.004909 -0.091278 0.083831 0.206428 0.048614 0.119223 -0.132695 0.148113 0.223825 0.429436 0.309660 0.026266 0.152048 0.198089 0.038823 -0.368444 -0.305575 0.048373 -0.297599 -0.104346 -0.154756 -0.090627 -0.190531 0.431899 0.150879 0.002085 -0.196112 0.171656 0.167492 -0.001975 -0.044500 -0.332793 -0.056556 -0.597638 -0.181608 -0.636535 -0.660617 -0.193888 -0.173917 0.086149 -0.020556 -0.166240 -0.242926 0.727519 0.129481 0.159872 0.148568 -0.552107 -0.286341 0.070546 -0.096017 0.091868 -0.324429 -0.370668 0.002404 -0.315674 -0.150199 -0.420804 -0.269273 -0.232734 -0.279672 0.037083 0.405500 -0.295699 -0.373814 -0.069777 -0.148181 -0.186484 -0.496872 -0.006376 -0.158026 -0.043807 0.136811 -0.146331 -0.075772 -0.100770 -0.177970 -0.238664 -0.247687 -0.067235 -0.086236 -0.364245 -0.300281 -0.175810 -0.125350 -0.188521 -0.188598 0.122427 -0.236180 -0.368763 -0.243518 -0.171988 -0.116552 0.180846 -0.037910
-0.321682 -0.402464 0.215639 0.426582 0.675875 0.064981 0.644602 1.000000 0.574784 0.573396 -0.371740 -0.023912 0.524290 0.310324 0.110354 0.351383 -0.127983 -0.119527 -0.323198 -0.362448 0.043562 0.138808 -0.527995 -0.136110 -0.118882 -0.002231 -0.056992 -0.128874 -0.188136 0.123531 -0.063497 0.046442 0.123093 0.304964 0.151676 0.170734 -0.244551 -0.241754 -0.048638 -0.186485 -0.104027 -0.232646 -0.219399 -0.431341 0.241631 0.155632 -0.186376 -0.294072 0.135284 0.044940 0.038600 -0.237639 -0.254185 -0.301247 -0.519483 -0.134527 -0.352125 -0.582051 -0.504072 -0.397808 0.355734 0.257722 -0.007621 -0.131584 0.748706 0.668791 -0.216280 0.172381 -0.489716 -0.244504 -0.049402 -0.063903 -0.014927 -0.185609 -0.361246 -0.047292 -0.191064 0.011635 -0.441190 -0.273923 -0.020890 -0.208672 -0.408557 0.278952 -0.546862 -0.324559 -0.486614 -0.108292 -0.196673 -0.179850 0.167122 -0.334937 0.421756 0.016882 -0.288058 -0.338747 -0.094888 -0.163599 -0.216257 -0.211090 0.171125 -0.000421 -0.272985 -0.299194 0.017498 0.039438 -0.233012 -0.158515 0.071371 -0.422635 -0.395466 -0.187321 -0.158641 0.068482 0.291979 0.013683
0.085639 -0.441296 0.415731 0.090751 0.638258 0.061150 0.629964 0.574784 1.000000 0.747152 -0.001946 0.038065 0.468604 0.077957 0.605737 0.408534 -0.274166 -0.284889 -0.421160 -0.229947 0.089453 0.065330 -0.033118 0.089953 0.039235 0.053802 0.113659 0.065344 -0.117832 -0.147909 -0.034807 -0.046203 -0.364519 -0.265292 0.166450 0.006240 -0.352288 -0.243553 0.253835 -0.272281 -0.268023 -0.239103 -0.201677 -0.176770 0.139946 0.168716 -0.166431 -0.249632 0.323434 -0.084739 0.286933 -0.073046 -0.227157 -0.302583 -0.396850 -0.165973 -0.535682 -0.549616 -0.074577 -0.102047 0.199059 -0.026193 -0.158306 -0.302753 0.467528 0.447981 0.049427 0.185009 -0.544911 -0.255428 -0.057058 -0.183080 -0.155041 -0.407857 -0.334762 -0.123954 -0.365738 -0.204403 -0.406409 -0.216274 -0.372058 -0.338804 -0.136821 -0.044584 -0.342147 -0.209270 -0.007791 0.091792 0.199840 -0.180166 0.060726 -0.068235 0.330154 0.368641 -0.310941 -0.130822 -0.013966 -0.388400 -0.239101 -0.233891 0.069394 -0.086403 -0.207248 -0.253969 -0.051491 -0.037368 -0.035828 -0.095003 0.105182 -0.210778 -0.054383 -0.329633 -0.183311 0.136599 0.196470 -0.014916
0.084296 -0.277545 0.353260 0.254968 0.362899 0.137049 0.281680 0.573396 0.747152 1.000000 -0.193878 0.129217 0.316398 0.128236 0.510478 0.691991 -0.113714 -0.231829 -0.344749 -0.233671 0.096146 0.157010 -0.096710 0.103733 -0.112097 0.040933 0.092681 0.037113 -0.265950 -0.283414 -0.142968 -0.033622 -0.284988 -0.312328 0.136455 -0.017635 -0.272999 -0.216949 0.071520 -0.064207 -0.185251 -0.262451 -0.170515 -0.255544 -0.113391 0.050219 -0.221074 -0.255769 0.218803 -0.283716 0.246233 -0.191221 -0.033963 -0.280232 -0.245553 -0.112760 -0.257613 -0.334204 -0.128995 -0.181655 0.250500 0.152011 -0.156599 -0.280860 0.375725 0.649574 -0.134632 0.115778 -0.306829 -0.101740 -0.048586 -0.031128 -0.237606 -0.197955 -0.236303 -0.084071 -0.241491 -0.106791 -0.418818 -0.229398 -0.418438 -0.413364 -0.212253 -0.092278 -0.414561 -0.240803 -0.086065 0.154330 0.250441 0.209157 0.143905 -0.020926 0.555091 0.292340 -0.301594 -0.245210 -0.118526 -0.279041 -0.260159 -0.239427 0.068134 -0.098223 -0.248330 -0.264956 -0.161025 -0.003300 0.007096 0.012615 0.043563 -0.102603 0.060606 -0.257587 -0.226335 0.185446 0.224585 -0.051480
0.368377 -0.117866 -0.007211 -0.480390 -0.289687 -0.039971 0.018433 -0.371740 -0.001946 -0.193878 1.000000 0.403827 0.136600 0.075980 0.313696 -0.174612 -0.115660 -0.220584 -0.110633 0.073282 -0.074818 -0.239432 0.504907 0.106098 0.190614 0.066613 0.129017 0.207272 0.220567 -0.173904 0.157952 0.103368 -0.365793 -0.099394 0.307678 0.184673 -0.191383 -0.147830 0.239265 -0.228422 -0.227546 -0.182613 0.158026 0.355645 0.222440 0.243636 0.092859 0.118138 0.233536 -0.014683 0.200579 0.022105 -0.092909 -0.044368 0.080040 -0.181185 -0.162105 -0.095136 0.162391 -0.164083 -0.228364 -0.334965 -0.303786 -0.239375 -0.224792 -0.197311 0.102320 0.140079 0.058019 0.151212 -0.023598 -0.017718 -0.134152 -0.458649 -0.228849 -0.166556 -0.260653 -0.210081 0.209530 0.182089 -0.244184 -0.034662 0.318209 -0.247397 0.548305 0.080009 0.431094 -0.001287 0.352900 -0.241802 -0.140420 0.185373 -0.221227 0.389378 -0.057821 0.153347 0.172607 -0.197906 -0.068951 -0.144505 -0.163392 -0.200550 -0.111163 0.020163 -0.029606 -0.154122 0.055380 -0.100086 0.041849 0.105553 0.197079 0.031162 -0.037843 -0.033298 -0.170571 -0.076091
0.213968 0.135820 0.011929 -0.163391 -0.240433 -0.052686 0.019704 -0.023912 0.038065 0.129217 0.403827 1.000000 0.116486 0.492598 0.095286 0.286896 -0.057323 -0.064419 -0.226831 0.075214 -0.238267 -0.083304 0.055503 0.061281 -0.071141 -0.074939 -0.105252 -0.054093 0.058049 -0.093797 -0.045227 0.121299 -0.295313 -0.188469 0.003512 -0.041636 -0.273489 -0.026782 0.015787 0.027304 -0.163677 -0.145849 0.078299 0.130104 0.107878 0.184801 0.022918 -0.140735 0.348391 -0.055544 0.202298 0.088701 -0.044122 -0.171794 0.041433 -0.074403 -0.256432 -0.246425 0.072558 -0.083736 -0.043854 -0.024896 -0.130154 -0.169866 0.008631 0.218787 0.141171 0.174356 -0.226903 -0.111611 -0.212354 -0.089184 -0.204608 -0.137431 -0.177311 -0.090392 -0.290714 -0.073660 -0.290844 -0.163739 -0.378164 -0.345930 0.005945 0.051408 0.052275 0.189250 0.124209 0.193211 0.024330 0.104792 -0.096420 -0.094960 0.023418 0.155732 -0.287919 0.018056 0.123700 -0.265063 -0.100380 -0.400607 -0.177375 -0.231317 -0.383897 -0.109941 -0.267951 0.086629 0.153994 0.226331 -0.049870 0.122136 0.153555 -0.179103 -0.316935 -0.109475 -0.038851 -0.137489
0.177113 -0.131683 0.327865 -0.086747 0.464874 -0.293541 0.484079 0.524290 0.468604 0.316398 0.136600 0.116486 1.000000 0.652104 0.368595 0.241082 0.240416 0.271176 -0.324720 -0.473839 -0.024127 -0.072095 -0.331536 -0.464847 -0.161874 -0.308612 -0.217498 -0.225614 0.154005 0.208658 -0.013456 -0.092964 -0.012884 0.086961 -0.104177 -0.001848 -0.217633 -0.505385 0.002558 -0.264959 -0.068761 -0.294890 0.005737 -0.290152 0.292150 0.038519 0.038784 -0.208157 0.400951 0.124838 0.239778 -0.042567 -0.076963 -0.173369 -0.308014 -0.056031 -0.288510 -0.319746 -0.331642 -0.427466 0.564026 0.265515 0.211346 0.154145 0.431898 0.254120 -0.253736 -0.155655 -0.279167 -0.096261 0.203392 0.206517 0.155072 -0.247795 -0.271916 0.106051 -0.033618 0.122527 -0.221166 -0.039824 0.026226 -0.049742 -0.325966 0.192469 -0.577185 -0.431936 -0.168449 -0.081715 -0.169283 -0.430491 0.171818 -0.216581 -0.009041 0.152948 -0.267711 -0.251142 0.164405 -0.177558 0.045537 -0.067469 -0.024768 0.126288 -0.210913 -0.217743 -0.049788 -0.115785 -0.141900 -0.239805 -0.027237 -0.242855 -0.234482 -0.068510 -0.050876 -0.105502 0.043887 -0.215086
0.131439 0.287242 -0.044937 -0.294572 0.162540 -0.498495 0.195008 0.310324 0.077957 0.128236 0.075980 0.492598 0.652104 1.000000 0.065039 0.263077 0.310887 0.464924 -0.166395 -0.232452 -0.073825 -0.022696 -0.401229 -0.500874 -0.283983 -0.412476 -0.430623 -0.376954 0.370123 0.468239 -0.001404 -0.094350 0.123326 0.104189 -0.370614 -0.168259 -0.071981 -0.147385 -0.179358 -0.070198 -0.032292 0.027428 0.108112 -0.255533 0.223315 -0.116527 0.211760 -0.231068 0.409431 0.277565 -0.054586 0.256216 0.127746 0.064145 -0.163675 0.231425 -0.196212 -0.235234 -0.308435 -0.200963 0.398687 0.537912 0.238407 0.367256 0.176130 0.159161 -0.260617 -0.283732 -0.310076 -0.075417 0.058146 0.062640 0.213573 -0.081784 -0.168623 0.079315 -0.043273 0.084811 -0.178282 -0.043247 0.121585 -0.002925 -0.201037 0.423624 -0.437693 -0.349347 -0.343254 -0.114253 -0.463987 -0.304138 0.162614 -0.159441 -0.177984 -0.092271 -0.287736 -0.112851 0.168474 -0.156922 0.152125 -0.083811 0.016774 0.091078 -0.229674 -0.254770 -0.100499 0.085536 0.027351 -0.034931 -0.089350 -0.028855 -0.292506 -0.043373 -0.126195 -0.068492 0.106819 -0.029683
0.233671 -0.137710 0.448296 0.060365 0.184250 -0.123787 0.257524 0.110354 0.605737 0.510478 0.313696 0.095286 0.368595 0.065039 1.000000 0.609884 -0.145216 -0.187226 0.047544 -0.035566 -0.026081 -0.121819 0.451894 0.269634 0.039995 -0.026957 0.044729 0.070823 0.169207 -0.192116 0.135734 0.000887 -0.402149 -0.304893 0.089552 -0.239934 -0.442374 -0.313569 0.352514 -0.379065 -0.339359 -0.223676 -0.178989 -0.248465 -0.233362 -0.283793 0.099358 -0.048087 0.161332 -0.278583 0.175576 0.099295 0.133019 -0.005467 -0.254345 -0.107704 -0.441481 -0.285192 0.005581 -0.080225 0.042296 0.026081 -0.326922 -0.140215 0.208898 0.145345 -0.264547 -0.252493 -0.306046 0.009848 0.081766 -0.102861 -0.183374 -0.391372 -0.152986 -0.241934 -0.233127 -0.334255 -0.171543 -0.051996 -0.431519 -0.368546 0.391415 -0.039971 -0.123388 -0.448219 0.321446 -0.047159 0.378258 0.019287 0.397761 0.484960 0.298280 0.585604 -0.259625 -0.103950 -0.027575 -0.358596 -0.064169 0.002252 0.076867 -0.124215 -0.274143 -0.382139 -0.191907 -0.300333 -0.099350 -0.238365 0.045975 -0.221264 0.061504 -0.171188 0.144860 0.210212 0.092949 -0.031249
-0.034850 0.033771 0.367839 0.421669 0.123281 -0.038684 0.119221 0.351383 0.408534 0.691991 -0.174612 0.286896 0.241082 0.263077 0.609884 1.000000 -0.096264 -0.092259 0.086519 -0.010196 -0.121623 0.025182 0.036272 0.250815 -0.189061 -0.021836 -0.048045 -0.071570 -0.022845 -0.132570 -0.011281 0.081288 -0.231603 -0.188904 -0.056588 -0.294031 -0.396341 -0.232579 0.086087 -0.145818 -0.237172 -0.192927 -0.176098 -0.399876 -0.285792 -0.313446 0.066891 -0.065369 0.089063 -0.286537 0.096953 0.020822 0.222777 -0.120558 -0.240216 -0.028339 -0.327842 -0.253290 -0.305897 -0.267714 0.116122 0.270981 -0.286976 -0.105584 0.358684 0.434968 -0.447806 -0.211134 -0.257486 -0.058206 -0.105900 -0.014539 -0.244778 -0.064174 -0.107330 -0.141276 -0.126290 -0.142933 -0.353403 -0.260539 -0.380310 -0.461819 0.122275 0.231591 -0.361072 -0.375132 0.017789 0.039642 0.107536 0.325123 0.478378 0.279524 0.546844 0.289440 -0.266846 -0.288397 -0.076846 -0.207981 -0.103993 -0.141212 0.075126 -0.178094 -0.348601 -0.397536 -0.319588 -0.102819 -0.164832 -0.143202 0.019129 -0.239254 0.015158 -0.132471 0.024997 0.135941 0.235616 -0.091883
0.386345 0.397469 -0.258763 -0.113877 -0.247278 -0.442654 -0.338176 -0.127983 -0.274166 -0.113714 -0.115660 -0.057323 0.240416 0.310887 -0.145216 -0.096264 1.000000 0.716871 0.047006 -0.175568 -0.201045 -0.258745 -0.420630 -0.491101 -0.575884 -0.657817 -0.521584 -0.399785 0.214617 0.246664 -0.382173 -0.492435 0.192273 -0.155494 -0.556490 -0.381746 0.138255 0.058181 -0.444765 0.049132 -0.022227 -0.021774 -0.060006 -0.322015 -0.308426 -0.385123 -0.126156 -0.326484 -0.066032 -0.127198 -0.122582 -0.029046 0.373214 0.087800 0.246970 0.063173 0.495585 0.515521 0.213233 0.066777 0.663298 0.468381 0.725327 0.678569 -0.170431 -0.030369 -0.229405 -0.512191 0.254291 0.191149 0.040542 0.189217 0.488672 0.374066 0.327513 0.198433 0.371761 0.211629 0.243440 0.415483 0.495995 0.439359 -0.316717 -0.106842 -0.280975 -0.129348 -0.174334 0.008063 -0.202240 0.194298 0.106932 -0.012855 -0.023952 -0.108526 -0.139497 0.087680 -0.267230 -0.038618 0.153383 0.209275 -0.030484 0.495280 0.184764 0.219286 0.155802 0.095719 0.197837 0.119024 -0.164999 0.172976 -0.247046 0.165743 0.052854 -0.194700 -0.281754 -0.254259
0.232452 0.610355 -0.329186 -0.188259 -0.104126 -0.654237 -0.181677 -0.119527 -0.284889 -0.231829 -0.220584 -0.064419 0.271176 0.464924 -0.187226 -0.092259 0.716871 1.000000 0.186745 -0.090325 -0.060436 -0.205270 -0.439880 -0.580099 -0.529821 -0.757916 -0.532708 -0.601954 0.404086 0.537590 -0.072651 -0.354389 0.294113 -0.073723 -0.707817 -0.491724 0.144266 0.024992 -0.420094 0.062142 0.123489 0.137729 0.065495 -0.405686 -0.122866 -0.496870 0.098644 -0.274821 -0.049449 0.188070 -0.332918 0.334717 0.367221 0.339081 0.092469 0.327304 0.388410 0.447248 0.079701 0.155075 0.473492 0.593749 0.671460 0.811430 -0.084734 -0.253902 -0.293151 -0.712900 0.126059 0.007252 0.233204 0.301111 0.537282 0.463867 0.297222 0.341080 0.429397 0.391690 0.174277 0.294430 0.511536 0.414455 -0.131578 0.284229 -0.409253 -0.278729 -0.204201 -0.061559 -0.424276 0.028872 0.209863 -0.016433 -0.265653 -0.333541 -0.142699 0.012782 -0.149044 0.065493 0.353601 0.371846 -0.058167 0.318107 0.086926 0.060655 0.102527 0.162758 0.158836 0.179087 -0.236258 0.094833 -0.346207 0.201269 0.174441 -0.244054 -0.175521 -0.116019
-0.055807 0.391599 -0.131972 0.120238 -0.174989 -0.264320 -0.120010 -0.323198 -0.421160 -0.344749 -0.110633 -0.226831 -0.324720 -0.166395 0.047544 0.086519 0.047006 0.186745 1.000000 0.421005 0.079041 -0.109223 0.201582 0.149465 -0.090509 -0.174961 -0.093283 -0.191536 0.491895 0.218284 0.392801 0.086436 0.265744 0.067061 -0.249321 -0.462201 -0.031325 0.067754 -0.116592 -0.052421 0.137151 0.166130 0.014946 -0.203432 -0.384380 -0.599126 0.309244 0.217908 -0.421987 -0.074642 -0.506908 0.221094 0.300053 0.484045 -0.066848 0.137052 0.131142 0.231108 0.055474 0.171057 -0.168261 0.108278 -0.085034 0.276360 -0.000548 -0.453900 -0.177024 -0.508489 0.213327 0.114666 0.194709 0.121338 0.271207 0.347340 0.339868 0.098619 0.256674 -0.054263 0.178380 -0.043337 0.142382 0.005568 0.630991 0.346512 0.140848 -0.364603 0.095254 -0.299355 -0.162930 0.128674 0.342547 0.584229 -0.162315 -0.147434 0.181164 0.044245 -0.316670 0.223953 0.190123 0.297451 -0.134402 0.119563 -0.103412 -0.118674 -0.137945 -0.126735 -0.180601 -0.129981 -0.024317 0.030539 -0.104184 0.133717 0.449607 -0.013224 -0.037614 0.008030
-0.238962 0.234202 -0.265696 0.053812 0.013099 0.033609 -0.058937 -0.362448 -0.229947 -0.233671 0.073282 0.075214 -0.473839 -0.232452 -0.035566 -0.010196 -0.175568 -0.090325 0.421005 1.000000 0.099231 -0.073779 0.387193 0.570752 0.218754 0.148993 0.200334 -0.079947 0.321235 0.209437 0.198472 0.156852 0.194725 0.111603 -0.041263 -0.178071 -0.040871 0.247579 -0.090696 0.014575 0.050016 0.392050 -0.028229 0.076554 -0.188584 -0.323196 -0.027900 0.059021 -0.377183 0.003354 -0.442681 0.082624 0.162008 0.157938 -0.058973 -0.042464 -0.003671 0.229142 0.065462 0.209585 -0.553319 -0.229716 -0.322825 -0.075121 -0.265813 -0.500117 0.042725 -0.050846 0.154610 0.450240 -0.014746 -0.105727 0.221406 0.249874 0.411298 0.033970 -0.033550 -0.338046 0.296857 0.090191 0.048528 0.147877 0.443274 0.166747 0.348429 -0.046453 0.105398 -0.192644 -0.172440 0.114743 0.219708 0.380314 -0.028948 0.099250 0.123339 0.259431 -0.374035 0.056514 -0.079278 -0.021382 -0.263221 -0.298717 -0.106653 -0.171979 -0.235528 -0.219577 -0.052478 -0.075243 -0.025980 0.300046 0.029662 -0.006062 0.065126 -0.335450 -0.257686 0.004658
-0.081041 -0.175125 -0.124171 -0.188861 0.248224 0.068710 0.099377 0.043562 0.089453 0.096146 -0.074818 -0.238267 -0.024127 -0.073825 -0.026081 -0.121623 -0.201045 -0.060436 0.079041 0.099231 1.000000 0.409706 0.040931 -0.053424 0.291698 0.219162 0.241143 0.075830 0.153940 0.179417 0.123658 0.002946 0.225564 0.152798 0.149469 0.249739 0.137962 0.101807 0.224815 0.125023 0.236534 0.203457 0.041657 0.120594 0.118851 0.139806 -0.134102 0.070351 -0.044075 0.096538 -0.103332 -0.056848 -0.088491 0.105391 -0.098158 -0.019738 0.048525 -0.070793 0.001348 0.021960 -0.098826 -0.151196 -0.178429 -0.143609 -0.114196 -0.145571 0.127320 0.154600 0.026884 0.148440 0.294371 0.010200 0.150092 0.075383 0.151661 0.194232 -0.174537 -0.104665 0.053487 -0.094013 0.006842 0.055714 0.132305 0.112140 0.053498 -0.095296 -0.035396 -0.128911 0.007687 -0.259860 -0.136606 -0.005975 -0.290899 -0.328559 -0.039407 -0.034460 -0.027874 0.213225 -0.039371 0.080793 -0.151667 -0.194331 -0.096823 -0.096657 -0.004660 -0.080174 -0.125753 -0.099273 0.085748 0.088881 0.060456 -0.212117 0.058752 0.159387 0.071935 0.158159
-0.157507 -0.095106 0.039801 0.066427 0.125981 0.319926 0.004909 0.138808 0.065330 0.157010 -0.239432 -0.083304 -0.072095 -0.022696 -0.121819 0.025182 -0.258745 -0.205270 -0.109223 -0.073779 0.409706 1.000000 -0.041547 0.011929 0.127299 0.287322 0.389832 0.433906 -0.190479 -0.126447 -0.034966 0.094519 0.066473 0.046970 0.078888 0.258227 0.514799 -0.123855 0.077419 0.256067 0.317458 0.132894 -0.214663 0.076287 -0.076913 0.195840 0.025149 0.007674 0.069802 -0.074008 0.073712 -0.025225 0.043783 0.079885 0.173201 0.147333 -0.004761 -0.149544 -0.037720 0.011724 -0.022792 -0.043514 -0.126929 -0.176810 -0.032305 0.179583 0.116540 0.317532 -0.004203 0.054616 -0.017941 -0.060278 -0.348293 -0.134863 -0.184443 -0.092616 -0.135365 0.051705 -0.405329 -0.451090 -0.115372 -0.306628 -0.051343 0.110344 0.008879 0.135789 -0.000253 0.315981 0.160711 -0.003257 -0.100227 -0.103843 0.024802 -0.220101 -0.119520 -0.346769 0.358154 -0.102793 0.060599 -0.050686 -0.032861 -0.124523 0.085995 -0.152722 -0.105392 -0.004060 0.252633 0.089153 -0.343087 -0.019209 0.236638 -0.337530 -0.164559 0.245171 0.237728 0.325224
0.035513 -0.189089 0.306038 -0.075815 -0.228036 0.282903 -0.091278 -0.527995 -0.033118 -0.096710 0.504907 0.055503 -0.331536 -0.401229 0.451894 0.036272 -0.420630 -0.439880 0.201582 0.387193 0.040931 -0.041547 1.000000 0.676805 0.571959 0.466062 0.515663 0.444219 0.018535 -0.397410 0.462213 0.404628 -0.371815 -0.192576 0.443426 0.083525 -0.145506 -0.120939 0.391685 -0.198666 -0.075449 0.039335 -0.000166 0.332489 -0.169149 0.008393 0.078488 0.281699 -0.097078 -0.201043 0.147604 0.054502 -0.010532 0.185715 0.073942 -0.227019 -0.227951 0.004703 0.286759 0.210601 -0.628241 -0.527416 -0.503318 -0.403168 -0.325733 -0.369447 0.171242 0.135906 0.057871 0.154925 0.207366 -0.005455 -0.365184 -0.294732 0.035550 -0.187201 -0.218419 -0.320042 0.109706 0.033870 -0.448843 -0.294281 0.677165 -0.175082 0.515954 0.054634 0.690116 0.003674 0.507460 0.056493 -0.057185 0.428130 -0.104205 0.359559 0.148304 0.069831 0.053040 -0.114198 -0.214567 -0.188891 -0.116494 -0.358177 -0.136534 -0.073054 -0.251612 -0.287732 0.020678 -0.120431 -0.053410 0.081684 0.415163 -0.144243 -0.002373 -0.079490 -0.065981 -0.033134
-0.384144 -0.377293 0.190694 0.433840 0.030755 0.433270 0.083831 -0.136110 0.089953 0.103733 0.106098 0.061281 -0.464847 -0.500874 0.269634 0.250815 -0.491101 -0.580099 0.149465 0.570752 -0.053424 0.011929 0.676805 1.000000 0.398516 0.542133 0.469961 0.334758 -0.129650 -0.371465 0.342959 0.540533 -0.212526 -0.040861 0.453425 0.043233 -0.197242 -0.072929 0.179381 -0.212621 -0.139929 0.012607 -0.346005 0.040137 -0.241016 -0.048109 -0.172727 0.085686 -0.360617 -0.290318 -0.010491 -0.148004 -0.053680 0.002744 -0.128762 -0.313701 -0.363218 -0.197186 0.075296 0.151211 -0.601763 -0.495444 -0.478814 -0.494873 0.016576 -0.122028 0.115199 0.280587 -0.114539 0.108356 -0.049669 -0.142727 -0.378463 -0.156372 0.054360 -0.247649 -0.187022 -0.328171 -0.068673 -0.103735 -0.339274 -0.283697 0.497960 0.040151 0.390425 0.113562 0.334960 0.011561 0.279979 0.222161 0.078098 0.353456 0.302100 0.358231 0.066796 -0.066423 -0.260619 -0.149495 -0.454741 -0.389665 -0.128144 -0.389438 -0.237626 -0.130473 -0.218614 -0.108523 -0.055482 -0.063176 -0.096606 -0.061470 0.172003 -0.336698 -0.142926 -0.170237 0.019748 -0.058474
-0.261577 -0.413572 0.283731 -0.139168 0.260111 0.544964 0.206428 -0.118882 0.039235 -0.112097 0.190614 -0.071141 -0.161874 -0.283983 0.039995 -0.189061 -0.575884 -0.529821 -0.090509 0.218754 0.291698 0.127299 0.571959 0.398516 1.000000 0.826355 0.614068 0.445569 -0.187266 -0.140932 0.448490 0.453649 -0.046309 0.235590 0.554137 0.529362 -0.061389 -0.011920 0.300665 -0.064853 0.048098 0.269652 0.163165 0.495086 0.380301 0.452809 0.010898 0.242543 0.122561 0.208734 0.193513 -0.110133 -0.309942 -0.116514 -0.134779 -0.287134 -0.278867 -0.224277 -0.089288 0.034328 -0.585478 -0.533424 -0.487908 -0.501930 -0.132532 -0.256327 0.294213 0.509620 -0.156402 -0.036055 0.127156 -0.046231 -0.241471 -0.178956 -0.055581 -0.074786 -0.364022 -0.254370 0.004920 -0.188185 -0.357962 -0.188648 0.279234 -0.032565 0.246415 0.178785 0.366055 0.008344 0.180486 -0.314008 -0.253931 -0.123849 -0.277862 0.063846 0.319457 0.143301 0.142989 0.040134 -0.195349 -0.278840 0.023313 -0.376572 -0.037922 -0.186718 -0.212206 -0.297172 -0.157246 -0.251541 0.162880 -0.016942 0.200125 -0.168744 -0.083235 -0.087960 -0.024187 0.010404
-0.352573 -0.555372 0.258003 0.119162 0.152898 0.772591 0.048614 -0.002231 0.053802 0.040933 0.066613 -0.074939 -0.308612 -0.412476 -0.026957 -0.021836 -0.657817 -0.757916 -0.174961 0.148993 0.219162 0.287322 0.466062 0.542133 0.826355 1.000000 0.597241 0.595602 -0.402024 -0.366440 0.246000 0.518475 -0.121894 0.314177 0.654762 0.638970 0.042032 0.008899 0.312374 0.016723 0.032419 0.175693 0.007268 0.452718 0.240995 0.511752 -0.055410 0.307856 0.015425 0.024407 0.233485 -0.301346 -0.282140 -0.276236 -0.051928 -0.286640 -0.236906 -0.290120 -0.196348 -0.086199 -0.573677 -0.583701 -0.535727 -0.669726 -0.087957 -0.002319 0.181019 0.655031 -0.106232 -0.060950 -0.082612 -0.071181 -0.459578 -0.242217 -0.132719 -0.206777 -0.314447 -0.177432 -0.095090 -0.223835 -0.364719 -0.264468 0.142251 -0.129471 0.281595 0.316521 0.262127 0.153495 0.268246 -0.111689 -0.221016 -0.095220 0.034483 0.119664 0.308906 0.012799 0.205774 0.030188 -0.303742 -0.324736 0.101096 -0.361031 0.000005 -0.169038 -0.101492 -0.145952 -0.074082 -0.175331 0.076164 -0.111597 0.263848 -0.205370 -0.142886 0.024207 0.093368 0.053187
-0.234261 -0.429254 0.249092 0.137019 0.166068 0.694658 0.119223 -0.056992 0.113659 0.092681 0.129017 -0.105252 -0.217498 -0.430623 0.044729 -0.048045 -0.521584 -0.532708 -0.093283 0.200334 0.241143 0.389832 0.515663 0.469961 0.614068 0.597241 1.000000 0.672719 -0.403845 -0.450568 0.229239 0.300713 -0.301386 -0.086698 0.518369 0.419018 0.110108 -0.264863 0.293026 -0.071288 0.189744 -0.138157 -0.069187 0.326246 0.046255 0.398236 -0.115096 0.257810 -0.085919 -0.148164 0.173323 -0.248262 -0.237812 -0.098212 -0.123832 -0.420098 -0.151650 -0.127189 0.049182 0.007870 -0.485068 -0.526245 -0.463972 -0.567022 -0.094048 -0.029703 0.264619 0.555920 0.139883 0.105916 0.117514 0.001182 -0.502353 -0.209660 -0.168588 -0.008311 -0.216027 -0.049041 -0.116311 -0.306832 -0.325398 -0.366058 0.251020 -0.089120 0.306949 0.253867 0.356020 0.051367 0.434893 0.022027 -0.136031 -0.003740 0.091198 0.156118 0.208390 -0.229115 0.090408 0.077019 -0.275961 -0.368699 -0.022088 -0.329672 0.136991 0.103021 -0.146503 -0.188548 -0.148667 -0.272765 0.015220 -0.134717 0.346076 -0.306933 -0.214311 -0.182788 0.084408 -0.058641
-0.018273 -0.392258 0.391239 0.097762 -0.048053 0.671996 -0.132695 -0.128874 0.065344 0.037113 0.207272 -0.054093 -0.225614 -0.376954 0.070823 -0.071570 -0.399785 -0.601954 -0.191536 -0.079947 0.075830 0.433906 0.444219 0.334758 0.445569 0.595602 0.672719 1.000000 -0.397926 -0.621769 -0.039657 0.050903 -0.354397 -0.108577 0.483838 0.339359 0.189060 -0.146960 0.437512 -0.218678 -0.083357 -0.038261 -0.132694 0.320247 -0.075345 0.364290 -0.053013 0.193380 0.110994 -0.329415 0.462743 -0.281340 -0.163000 -0.302987 0.153058 -0.382066 -0.069958 -0.112190 0.058174 0.021141 -0.280106 -0.521358 -0.252822 -0.456440 -0.172790 0.053939 0.269759 0.523626 0.055150 -0.027848 -0.163883 -0.200578 -0.657064 -0.397119 -0.231999 -0.293663 -0.146243 -0.132913 -0.122225 -0.129517 -0.252258 -0.318062 0.156025 -0.335958 0.390341 0.429587 0.239205 0.224384 0.515524 -0.033690 -0.222358 -0.029740 0.121471 0.211799 0.218480 -0.126618 0.395207 -0.159149 -0.196454 -0.335788 0.147468 -0.084700 0.205242 0.094254 0.062831 -0.082201 -0.012382 -0.199009 0.079484 -0.220811 0.389313 -0.281791 -0.254079 0.107936 0.347014 0.224296
0.186817 0.337870 -0.298526 -0.397660 0.044921 -0.684580 0.148113 -0.188136 -0.117832 -0.265950 0.220567 0.058049 0.154005 0.370123 0.169207 -0.022845 0.214617 0.404086 0.491895 0.321235 0.153940 -0.190479 0.018535 -0.129650 -0.187266 -0.402024 -0.403845 -0.397926 1.000000 0.681726 0.336545 -0.066739 0.357378 0.108134 -0.328446 -0.393566 -0.013138 0.188301 -0.059639 -0.120545 0.040986 0.343222 0.096345 -0.153343 0.088772 -0.471569 0.289704 -0.155483 0.084121 0.275430 -0.379654 0.410975 0.318590 0.422347 0.031600 0.271336 -0.124452 -0.019873 -0.007744 0.056406 0.072241 0.212837 0.035957 0.356284 -0.064938 -0.498782 -0.120970 -0.537581 -0.142228 0.045910 0.077627 -0.064014 0.574096 0.071318 0.250182 0.049337 0.067962 -0.250426 0.192797 0.192609 0.167504 0.176105 0.473454 0.506659 0.026233 -0.501107 -0.060880 -0.339091 -0.439344 -0.335469 0.211347 0.332207 -0.476599 -0.166456 0.013743 0.254431 -0.147410 0.053878 0.272822 0.209167 -0.160588 0.143419 -0.213296 -0.269651 -0.077082 -0.028112 -0.053829 -0.033740 0.068030 0.201852 -0.297204 0.043146 0.158131 -0.055500 0.039484 0.081522
-0.125671 0.351777 -0.490895 -0.311664 0.288548 -0.632105 0.223825 0.123531 -0.147909 -0.283414 -0.173904 -0.093797 0.208658 0.468239 -0.192116 -0.132570 0.246664 0.537590 0.218284 0.209437 0.179417 -0.126447 -0.397410 -0.371465 -0.140932 -0.366440 -0.450568 -0.621769 0.681726 1.000000 0.173965 -0.121304 0.568160 0.370139 -0.422272 -0.220657 0.045656 0.316402 -0.258554 0.033672 0.084462 0.464847 0.188998 -0.190779 0.329487 -0.300267 0.223708 -0.193169 0.031375 0.575591 -0.527543 0.398800 0.150404 0.314464 -0.162726 0.365149 0.009139 -0.007180 -0.274774 -0.043543 0.108155 0.424626 0.157691 0.468815 0.034851 -0.316845 -0.262213 -0.441851 -0.185221 0.025381 0.077166 -0.037296 0.737895 0.352432 0.300960 0.246686 0.074507 -0.069141 0.188675 0.124716 0.424620 0.399930 0.047856 0.587766 -0.264508 -0.437607 -0.364055 -0.394487 -0.737331 -0.386899 0.212300 -0.035660 -0.384217 -0.368284 -0.041188 0.267901 -0.202572 0.158698 0.357350 0.334398 0.013520 0.063722 -0.102985 -0.235186 0.043552 0.015110 -0.154938 -0.061398 0.120140 0.125810 -0.535922 0.237526 0.215638 -0.113300 -0.089064 0.075088
-0.194821 -0.154201 0.192004 -0.067819 0.242975 -0.033940 0.429436 -0.063497 -0.034807 -0.142968 0.157952 -0.045227 -0.013456 -0.001404 0.135734 -0.011281 -0.382173 -0.072651 0.392801 0.198472 0.123658 -0.034966 0.462213 0.342959 0.448490 0.246000 0.229239 -0.039657 0.336545 0.173965 1.000000 0.731313 0.053940 0.133513 0.230774 -0.038987 -0.087561 -0.231682 0.058263 -0.135282 0.143574 0.072163 0.013472 -0.020215 0.182354 -0.081736 0.248286 0.059312 -0.066134 0.132460 -0.168214 0.197545 -0.125393 0.434501 -0.222044 -0.005316 -0.384232 -0.288991 -0.060913 0.135703 -0.420363 -0.167661 -0.223604 -0.151188 0.218092 -0.413228 0.109677 -0.098751 -0.259968 -0.240756 0.381015 0.242748 -0.000108 -0.117432 -0.158460 0.031747 -0.079427 0.036789 -0.216522 -0.185526 -0.280292 -0.300257 0.626646 0.508612 0.060796 -0.312079 0.313972 -0.147419 -0.123667 -0.283917 -0.023374 0.175883 -0.442234 -0.070936 0.205219 -0.029035 -0.025251 0.047839 -0.073621 -0.128981 -0.155369 -0.198245 -0.330667 -0.177954 -0.170920 0.055991 0.020875 0.048369 -0.118032 -0.052882 -0.087616 -0.194513 0.002844 -0.194614 0.090286 -0.058729
-0.350626 -0.373439 0.210439 0.188029 0.119940 0.312448 0.309660 0.046442 -0.046203 -0.033622 0.103368 0.121299 -0.092964 -0.094350 0.000887 0.081288 -0.492435 -0.354389 0.086436 0.156852 0.002946 0.094519 0.404628 0.540533 0.453649 0.518475 0.300713 0.050903 -0.066739 -0.121304 0.731313 1.000000 -0.032021 0.264601 0.453106 0.269319 -0.022381 -0.283996 -0.014751 0.039212 0.168280 -0.078098 -0.117520 0.118534 0.206820 0.228411 0.072091 0.094644 -0.087601 0.069555 0.018481 -0.065387 -0.203735 0.168623 -0.172651 -0.113162 -0.393866 -0.395820 -0.150750 -0.106567 -0.473587 -0.352982 -0.323555 -0.467171 0.247340 -0.115662 0.103187 0.283635 -0.194038 -0.196902 0.232752 0.292302 -0.247462 -0.162321 -0.200876 0.043958 -0.077050 0.186698 -0.306686 -0.306369 -0.406628 -0.387158 0.302128 0.342913 0.096654 -0.053555 0.324002 0.170267 0.010871 -0.095535 -0.157139 -0.019627 -0.141063 -0.007534 0.095947 -0.184088 0.048967 -0.001000 -0.271140 -0.302059 -0.220199 -0.358521 -0.375192 -0.127010 -0.258187 0.115321 0.130764 0.182921 -0.277408 -0.036020 0.109559 -0.237796 -0.156356 -0.221437 0.010656 -0.185977
-0.277322 0.235091 -0.305764 -0.007832 0.147719 -0.298577 0.026266 0.123093 -0.364519 -0.284988 -0.365793 -0.295313 -0.012884 0.123326 -0.402149 -0.231603 0.192273 0.294113 0.265744 0.194725 0.225564 0.066473 -0.371815 -0.212526 -0.046309 -0.121894 -0.301386 -0.354397 0.357378 0.568160 0.053940 -0.032021 1.000000 0.635088 -0.164596 -0.009882 0.094952 0.279605 -0.231598 -0.004034 0.008405 0.367547 0.148511 -0.130986 0.171629 -0.226641 0.099635 -0.083479 -0.170518 0.294377 -0.366316 0.019612 0.128393 0.136865 0.022402 0.221058 0.170703 0.077375 -0.273817 -0.102686 0.177308 0.282225 0.172085 0.351347 0.056651 -0.207957 -0.035034 -0.187790 0.005063 0.163635 -0.090009 -0.137504 0.509456 0.270066 0.324942 -0.009475 0.162563 -0.126740 0.340872 0.230313 0.499910 0.485039 -0.146973 0.277449 -0.132157 -0.240582 -0.427945 -0.333203 -0.602119 -0.272190 0.098456 -0.144542 -0.230470 -0.394126 -0.005136 0.071047 -0.165074 0.079555 0.189753 0.177117 -0.043498 0.148624 -0.063689 -0.239622 -0.161266 -0.231518 -0.146336 -0.112038 0.073268 0.077844 -0.345354 0.204418 0.170483 -0.006717 0.026187 0.181197
-0.451263 -0.112414 -0.145815 0.125588 0.240885 0.038297 0.152048 0.304964 -0.265292 -0.312328 -0.099394 -0.188469 0.086961 0.104189 -0.304893 -0.188904 -0.155494 -0.073723 0.067061 0.111603 0.152798 0.046970 -0.192576 -0.040861 0.235590 0.314177 -0.086698 -0.108577 0.108134 0.370139 0.133513 0.264601 0.635088 1.000000 0.181942 0.413620 -0.058150 0.080978 -0.016478 -0.092994 -0.016241 0.227069 0.128901 -0.027813 0.358005 0.088456 0.098142 0.162650 -0.113717 0.317954 -0.258371 -0.162590 -0.093640 -0.057236 -0.165504 0.049442 -0.020158 -0.173987 -0.590674 -0.410614 -0.106812 0.010033 -0.115804 -0.017778 0.152832 -0.046622 -0.245241 0.124442 -0.079549 0.086437 -0.011457 0.002436 0.232130 -0.036369 -0.016185 -0.099600 -0.026113 -0.047670 0.176272 0.127189 0.347990 0.257882 -0.137856 0.258690 -0.026109 -0.206139 -0.285871 -0.274998 -0.437046 -0.372070 0.165486 -0.134953 -0.089797 -0.142546 0.069846 -0.001841 0.069147 0.090444 0.054358 0.088371 0.085468 -0.105927 -0.104216 -0.325641 -0.044563 -0.192293 -0.252810 -0.286491 0.051708 -0.231059 -0.352683 0.178914 0.135084 -0.087148 0.035779 0.107945
-0.214184 -0.713160 0.310079 0.194473 0.069131 0.593696 0.198089 0.151676 0.166450 0.136455 0.307678 0.003512 -0.104177 -0.370614 0.089552 -0.056588 -0.556490 -0.707817 -0.249321 -0.041263 0.149469 0.078888 0.443426 0.453425 0.554137 0.654762 0.518369 0.483838 -0.328446 -0.422272 0.230774 0.453106 -0.164596 0.181942 1.000000 0.666916 -0.045747 -0.122819 0.380304 -0.167636 -0.055501 -0.139573 -0.026498 0.375838 0.259979 0.580107 -0.219804 0.134053 0.021158 -0.190981 0.380788 -0.494144 -0.430511 -0.258673 -0.032557 -0.451253 -0.191008 -0.383871 -0.101361 -0.341655 -0.412380 -0.628000 -0.537356 -0.753814 0.143408 0.229362 0.228695 0.663841 -0.067029 -0.043479 0.041007 -0.054725 -0.402924 -0.350489 -0.176820 -0.181768 -0.192285 -0.153232 -0.080836 -0.146652 -0.397313 -0.311777 0.115487 -0.191222 0.376866 0.218920 0.288775 0.060546 0.485473 -0.095499 -0.328210 -0.154799 0.118740 0.147097 0.058245 -0.114330 0.075446 -0.077965 -0.446601 -0.468275 0.004413 -0.314231 -0.170075 -0.102246 -0.203320 -0.186600 -0.122900 -0.118931 0.064909 -0.106914 0.364640 -0.154326 -0.198343 0.036239 0.152278 -0.030243
-0.183486 -0.570824 0.051358 -0.055512 0.083638 0.584737 0.038823 0.170734 0.006240 -0.017635 0.184673 -0.041636 -0.001848 -0.168259 -0.239934 -0.294031 -0.381746 -0.491724 -0.462201 -0.178071 0.249739 0.258227 0.083525 0.043233 0.529362 0.638970 0.419018 0.339359 -0.393566 -0.220657 -0.038987 0.269319 -0.009882 0.413620 0.666916 1.000000 0.203934 -0.034340 0.136068 0.163892 0.220125 -0.066181 0.121682 0.476865 0.501566 0.764040 -0.202902 0.163088 0.199896 0.200413 0.310171 -0.366314 -0.294098 -0.276190 0.076026 -0.241002 -0.030497 -0.249353 -0.238825 -0.372119 -0.244294 -0.412133 -0.344794 -0.541152 -0.103424 0.224659 0.138292 0.700727 0.012157 -0.000623 -0.014236 0.000987 -0.253480 -0.299438 -0.223941 -0.077202 -0.285701 0.005320 0.026566 -0.163756 -0.197614 -0.081596 -0.244783 -0.215234 0.193572 0.326871 0.108981 0.163159 0.225395 -0.189278 -0.321638 -0.402770 -0.038791 -0.103403 0.091338 -0.094478 0.208654 0.113570 -0.177589 -0.280798 0.080485 -0.295764 0.078376 -0.054287 -0.014678 -0.099465 -0.061270 -0.100489 0.020389 -0.052699 0.256221 -0.066856 -0.182029 0.018649 -0.051844 -0.038134
