1.000000 0.213446 0.127923 -0.117958 0.057456 -0.236152 0.173810 -0.208151 0.096674 -0.175753 0.216572 -0.304054 0.256746 -0.012589 0.277462 -0.089325 0.157499 0.116903 0.106498 0.252200 -0.132475 -0.292278 0.169496 0.011027 0.007588 -0.318974 0.292446 -0.219681 -0.153244 -0.122992 -0.021636 -0.189362 -0.219734 -0.115571 -0.213686 0.045786 -0.333181 -0.067491 -0.217848 0.152420 -0.262144 -0.101181 -0.112984 -0.178575 -0.110240 -0.129688 -0.068077 -0.010872 0.115862 0.002947 -0.085641 0.043698 0.272385 0.127362 -0.133812 -0.350053 0.431333 0.255741 0.363201 0.003770 0.343297 0.132981 -0.042138 0.309077 -0.002723 -0.112641 0.062083 -0.141283 0.378104 0.352880 -0.061873 -0.265928 -0.159603 -0.183376 0.167350 0.022758 -0.121722 -0.155680 -0.179286 0.249883 -0.138053 -0.252464 -0.107609 -0.293081 -0.039370 -0.327427 -0.078577 -0.169417 -0.099604 -0.101887 0.214875 0.357667 -0.041054 0.113435 0.280276 -0.049763 -0.060694 -0.270798 -0.104921 -0.144333 -0.134632 0.079914 -0.004713 0.153076 0.093362 0.300587 0.221308 0.062318 -0.106783 0.053143 0.012758 0.208003 0.050700 0.049168 0.192888 0.120331
0.213446 1.000000 -0.407333 0.038589 -0.086017 -0.075336 -0.363677 -0.216199 -0.184883 0.045211 -0.011883 0.094133 -0.134054 0.007291 -0.253712 -0.273371 -0.382670 0.133097 -0.220273 -0.320784 -0.190772 -0.076422 -0.119944 -0.312655 -0.012479 -0.324634 -0.053855 -0.044033 -0.408073 -0.025515 -0.258275 -0.272786 0.205721 -0.202185 -0.250087 -0.127180 -0.198060 0.311229 0.000020 0.366516 -0.104825 0.015785 -0.292214 -0.157918 -0.435128 -0.248708 -0.193938 -0.170588 0.187451 -0.281755 -0.275832 -0.046016 0.121771 0.104331 0.108661 0.058078 -0.046361 0.299820 0.523552 0.635062 0.149962 0.738082 -0.166837 0.447662 -0.254375 0.243652 0.140735 -0.373410 0.132514 0.112226 -0.214621 -0.296316 -0.198390 -0.069073 -0.035555 0.158901 -0.019609 0.133410 -0.288036 0.300047 -0.384660 -0.224967 -0.324322 -0.294971 -0.197740 -0.041104 0.269803 0.158000 0.115949 0.477999 0.099022 0.135553 0.159511 0.064818 0.009026 0.228593 0.228620 -0.012581 -0.085139 0.003001 0.222420 0.235516 0.426816 0.377999 0.353827 0.077423 -0.048497 -0.032724 0.050469 0.070632 0.107288 -0.026263 0.173811 0.211355 0.056152 0.338227
0.127923 -0.407333 1.000000 -0.081240 0.332835 0.015272 0.530571 0.307160 0.470996 0.048728 0.269125 0.069924 0.237850 -0.077245 0.480502 0.123252 0.122885 -0.344115 0.297588 0.115234 -0.005469 -0.067475 0.426101 0.290929 0.048330 0.095992 0.211100 -0.070574 0.045842 -0.287850 0.285009 0.067521 -0.093894 -0.114731 0.288666 0.223295 -0.203937 -0.490042 -0.203758 -0.264096 -0.260030 -0.334643 0.139644 -0.011439 0.246881 0.090956 -0.243949 -0.037693 0.223126 0.141511 0.272532 -0.066322 -0.291727 -0.277046 -0.308767 -0.265670 -0.164785 -0.363282 -0.099557 -0.181231 0.289910 -0.268081 0.093688 -0.131103 0.377537 0.014934 0.421655 0.399349 -0.278651 -0.148930 0.156218 0.153620 -0.198633 -0.219310 0.129200 -0.236225 -0.141794 -0.384084 -0.029223 -0.279944 -0.073963 -0.172255 -0.091692 -0.274364 0.128466 -0.190563 -0.298709 -0.510141 0.033290 -0.343953 -0.183975 0.139390 -0.110430 0.230263 0.173889 -0.238551 -0.199871 -0.328321 -0.196411 -0.102400 -0.087319 -0.210953 -0.279642 -0.051476 -0.284891 0.135621 0.329765 0.295316 -0.355761 -0.188345 -0.164239 -0.128843 -0.429893 -0.185009 0.120070 -0.203852
-0.117958 0.038589 -0.081240 1.000000 -0.146659 0.409512 -0.240046 0.230056 -0.073179 0.017105 -0.127915 0.064265 -0.329159 -0.260598 0.104055 -0.116332 -0.260704 -0.090193 -0.028755 0.108792 -0.175674 -0.233237 0.310022 0.496300 0.068541 -0.077955 0.043346 0.152403 -0.425207 -0.331759 -0.130168 0.256538 0.033156 -0.169314 -0.019609 -0.243326 -0.166635 0.051842 0.093727 0.092581 -0.163987 -0.059284 -0.175161 -0.046848 -0.376189 -0.071943 -0.214713 0.018468 0.023019 -0.294002 0.086409 -0.227993 -0.038799 -0.266176 0.119690 0.028218 0.087459 -0.170823 -0.001537 0.150672 -0.137623 -0.049108 -0.129500 -0.172803 0.058925 0.075139 0.009935 0.109954 0.178553 0.094393 -0.153204 -0.363118 -0.323798 -0.121668 -0.124619 0.096704 -0.024417 0.151095 -0.207343 0.048110 -0.303279 -0.298601 -0.076796 0.244862 0.175533 0.225405 0.435049 0.565522 0.418156 0.385176 0.125994 -0.042737 0.284302 0.037688 0.192633 0.141921 0.305602 0.242531 -0.074085 0.102858 -0.030092 -0.014905 -0.032440 0.147807 -0.029160 0.090892 -0.059988 -0.074766 0.112019 0.021290 0.307496 -0.156520 0.113228 0.355737 0.150396 0.083599
0.057456 -0.086017 0.332835 -0.146659 1.000000 0.234701 0.315785 0.240085 0.648857 0.565091 -0.003838 0.268804 0.070906 -0.003883 0.535205 0.509616 -0.007712 -0.304608 0.177446 0.197916 0.424196 0.124601 0.247481 0.442870 0.296601 0.264037 0.564099 -0.068633 -0.051234 -0.016934 0.336822 0.293693 -0.224107 -0.154026 0.219475 0.196356 -0.232208 -0.234227 -0.186069 0.012056 -0.211807 -0.108035 0.111788 -0.184408 0.217776 0.139263 -0.070061 -0.092007 -0.011539 -0.060750 -0.274636 0.093346 -0.089737 0.134309 -0.373535 -0.168173 0.078806 -0.204027 0.151667 -0.124859 0.096145 0.059570 -0.338118 -0.062200 0.308983 0.351372 0.100809 0.083851 -0.333590 -0.142130 0.096821 0.194243 -0.054723 -0.130417 0.042822 0.042584 -0.127216 -0.138929 -0.060701 -0.251618 -0.249106 -0.221729 -0.010950 -0.262339 -0.318706 -0.565250 -0.279821 -0.366546 -0.177302 -0.248296 -0.005783 0.267329 -0.057095 0.071055 0.016685 -0.032635 -0.348505 -0.304910 -0.152854 -0.005326 -0.117942 -0.161306 -0.218617 -0.001043 -0.110990 0.103361 0.236901 0.221888 -0.105615 -0.025425 -0.124367 0.076963 -0.080377 -0.304570 0.113307 -0.117347
-0.236152 -0.075336 0.015272 0.409512 0.234701 1.000000 -0.226267 0.258683 -0.076403 0.381264 -0.113839 0.204187 -0.256590 -0.228252 -0.098275 0.089242 -0.272773 -0.180995 -0.138003 -0.263263 0.026813 0.017251 0.308026 0.332534 0.451231 0.477342 0.250422 0.299320 -0.269270 -0.210927 0.289627 0.410366 -0.035049 -0.113525 0.252012 0.035906 -0.109496 0.003122 0.019668 0.107913 -0.087676 -0.158146 0.049262 -0.029469 0.034164 0.235126 0.043296 -0.060254 0.057721 -0.370680 0.070085 -0.153014 -0.019719 -0.164493 -0.091116 -0.024952 0.155183 -0.137432 0.013798 -0.050715 -0.065844 0.062560 -0.275706 -0.187416 0.167025 0.311822 0.106141 0.281067 -0.186747 -0.198360 -0.105048 -0.089787 -0.199510 -0.176391 -0.179952 0.128254 -0.070042 0.009337 -0.157664 -0.049583 -0.237506 -0.253214 -0.162815 -0.107880 -0.071525 -0.053634 0.063728 0.080957 0.030289 -0.020037 0.056410 -0.241701 0.112166 -0.016259 0.155936 0.116570 0.168219 0.084315 -0.126331 -0.025273 0.020582 -0.159446 -0.021654 0.032367 -0.215277 0.106744 0.097940 0.085053 0.003674 0.155519 0.264702 -0.220712 -0.115093 -0.043142 0.131878 -0.110618
0.173810 -0.363677 0.530571 -0.240046 0.315785 -0.226267 1.000000 0.494529 0.604655 0.117400 -0.010687 0.162140 0.291059 0.376442 0.353316 0.460472 0.247696 -0.242674 0.585617 0.443995 0.239551 -0.126949 0.003879 0.088688 -0.114431 0.102793 0.054741 -0.452347 0.393683 0.128834 0.348076 0.306695 -0.060604 0.182850 0.070305 -0.151562 -0.278884 -0.393063 -0.409092 -0.323175 -0.249906 -0.219990 0.179113 0.030013 0.374455 0.085619 0.034598 0.054224 -0.230658 0.190638 -0.023627 -0.012718 -0.135513 -0.025055 -0.471917 -0.277527 -0.061291 -0.380700 -0.301380 -0.455435 0.215214 -0.210019 0.203916 -0.040905 0.457120 -0.082771 0.139294 0.206567 -0.250658 -0.217193 0.324677 0.376686 0.043617 0.031147 0.192610 -0.094648 -0.109765 -0.173598 0.035825 -0.432985 0.016532 -0.145205 0.200515 0.000078 0.097019 -0.383180 -0.550482 -0.595969 -0.290017 -0.579844 -0.124765 0.098514 -0.086442 0.059044 -0.039398 -0.117876 -0.521549 -0.452242 -0.105774 -0.082676 0.061328 -0.169691 -0.348291 -0.129167 -0.272186 0.108127 0.178723 0.215420 -0.213994 -0.274867 -0.397278 0.159061 -0.205222 -0.307938 0.012605 -0.073434
-0.208151 -0.216199 0.307160 0.230056 0.240085 0.258683 0.494529 1.000000 0.476155 0.596336 -0.353194 0.601146 -0.103013 0.049667 0.180299 0.632313 -0.052446 -0.586165 0.374537 0.193354 0.177640 -0.335113 -0.109562 0.237711 -0.029831 0.049411 -0.018009 -0.362001 -0.094260 -0.222604 0.075150 0.353747 -0.125602 -0.137168 -0.011250 -0.231217 -0.361599 -0.264633 -0.436807 -0.399614 -0.370229 -0.139989 0.209626 0.157552 0.222358 0.388344 0.048376 0.149165 -0.319024 -0.151532 -0.007422 -0.380789 -0.371461 -0.313596 -0.385113 -0.104640 -0.000302 -0.559779 -0.275148 -0.382903 0.168349 -0.133159 0.053149 -0.406531 0.654403 0.417825 0.244631 0.626625 -0.241383 -0.266597 0.198331 -0.028157 -0.278202 -0.175977 -0.035843 0.116749 -0.103224 -0.104118 -0.071256 -0.536061 -0.172307 -0.345913 -0.218030 -0.065928 0.158709 -0.244056 -0.306146 -0.257273 -0.049494 -0.412379 -0.069150 -0.071478 0.328469 0.117056 -0.098658 0.050338 -0.202068 -0.102873 -0.075902 0.100179 -0.029382 -0.326953 -0.343501 -0.074039 -0.177046 0.151024 0.138652 0.207206 -0.186265 -0.108711 -0.201607 0.061857 -0.182669 -0.056156 0.084601 0.081417
0.096674 -0.184883 0.470996 -0.073179 0.648857 -0.076403 0.604655 0.476155 1.000000 0.443851 -0.210184 0.256723 0.089368 0.095275 0.618363 0.600876 0.131687 -0.391342 0.405758 0.493507 0.294306 -0.104106 0.107774 0.352719 0.056556 0.019940 0.299157 -0.339431 0.025813 0.006164 0.121738 0.254648 -0.052353 0.013482 -0.031422 -0.075733 -0.303441 -0.400920 -0.211054 -0.176028 -0.382316 -0.171989 0.205870 -0.030489 0.134843 -0.018947 -0.098602 0.080774 -0.259115 0.004582 -0.175680 -0.020108 -0.253491 0.065295 -0.449581 -0.174616 0.034105 -0.275288 -0.052945 -0.250971 0.214166 -0.038961 -0.115010 -0.039296 0.508575 0.130616 0.110663 0.181888 -0.261367 -0.043983 0.333202 0.244342 -0.116632 -0.061036 0.154400 -0.027443 -0.073646 -0.175647 0.079697 -0.260208 -0.132858 -0.185192 -0.041503 -0.186135 -0.178843 -0.471841 -0.408088 -0.441679 -0.209625 -0.317095 -0.142008 0.326968 -0.029718 0.216588 -0.029951 -0.252462 -0.476427 -0.429997 -0.139491 -0.050832 -0.154623 -0.289923 -0.367829 -0.016436 -0.232142 0.187697 0.188333 0.268576 -0.281949 -0.278003 -0.401214 0.120936 -0.226446 -0.285723 0.108749 -0.087587
-0.175753 0.045211 0.048728 0.017105 0.565091 0.381264 0.117400 0.596336 0.443851 1.000000 -0.316232 0.623722 -0.130147 -0.067035 0.186419 0.573085 -0.033575 -0.524310 0.037588 0.014910 0.203810 -0.150916 -0.079852 0.224952 0.169237 0.056539 0.204196 -0.352230 -0.291149 -0.139957 -0.022176 0.188922 0.008036 -0.244157 0.104117 -0.051328 -0.352207 -0.088198 -0.418745 -0.211227 -0.422192 -0.175157 0.250475 0.161520 0.193139 0.409737 0.141976 0.037592 -0.282249 -0.244836 -0.181297 -0.276203 -0.277303 -0.118339 -0.385698 -0.041333 0.302298 -0.200248 -0.011634 -0.166089 0.191195 0.036958 -0.205112 -0.311659 0.473224 0.609451 0.196059 0.401308 -0.217671 -0.072161 0.056050 -0.066396 -0.295496 -0.189055 -0.126746 0.139959 -0.130959 -0.163846 0.033278 -0.262330 -0.195067 -0.305656 -0.448093 -0.348315 -0.057473 -0.351265 -0.267862 -0.305221 -0.173274 -0.305710 -0.045614 0.045070 0.255957 0.071779 -0.020840 0.000440 -0.242844 -0.181814 -0.105955 0.045789 -0.040145 -0.235192 -0.154664 0.008965 -0.065355 0.264671 0.289974 0.343783 -0.160091 -0.151032 -0.130340 0.134474 -0.129488 -0.107576 0.265658 -0.047865
0.216572 -0.011883 0.269125 -0.127915 -0.003838 -0.113839 -0.010687 -0.353194 -0.210184 -0.316232 1.000000 -0.177036 0.536844 0.023224 0.211782 -0.390073 0.129655 0.257628 -0.159610 -0.030347 -0.185039 0.198634 0.213408 -0.090335 -0.167003 -0.107231 0.036936 0.214454 0.199735 -0.193570 0.055947 -0.255176 -0.061053 -0.151396 0.199348 0.259328 0.040405 -0.189205 -0.047079 0.038221 0.025720 -0.241190 0.004956 -0.032812 0.155291 0.045219 -0.090164 -0.172216 0.543710 0.261816 0.276152 0.242401 0.141034 -0.017916 0.104766 -0.245051 -0.099417 0.016175 0.090463 0.047073 0.162769 -0.074859 0.038341 0.149092 -0.245902 -0.058369 0.010802 -0.166373 -0.086682 0.065496 -0.049387 0.077460 0.024841 -0.163231 -0.065342 -0.280036 -0.038324 -0.181833 -0.134802 0.157919 0.002229 0.022414 0.132904 -0.141433 0.118544 0.061816 0.028235 -0.105522 0.103993 0.052459 0.140319 -0.058304 -0.266673 -0.259216 0.133941 -0.175122 0.059418 -0.208507 0.007586 -0.247440 0.054659 -0.138322 0.143154 -0.147036 0.056508 0.083951 0.020314 0.021856 -0.041680 -0.153169 0.002018 -0.215540 -0.033121 -0.027198 0.066004 -0.165939
-0.304054 0.094133 0.069924 0.064265 0.268804 0.204187 0.162140 0.601146 0.256723 0.623722 -0.177036 1.000000 -0.078042 0.096424 0.082996 0.417261 -0.134586 -0.335438 0.078637 -0.000819 0.167480 -0.153785 -0.223279 0.048697 -0.024916 -0.030701 0.041250 -0.327602 -0.121660 -0.058088 -0.043580 0.140577 0.059515 -0.061489 0.153473 -0.047123 -0.157587 0.089537 -0.133389 0.019575 -0.166689 0.022631 0.028752 0.031955 0.083525 0.329458 -0.028116 -0.011187 -0.248945 -0.296327 -0.077900 -0.332052 -0.415072 -0.156132 -0.298824 -0.006884 -0.006260 -0.383365 -0.142803 -0.136204 0.029250 -0.033234 -0.199135 -0.418075 0.425716 0.623384 0.160802 0.405228 -0.275207 -0.253589 0.084175 0.094530 -0.145042 -0.002991 0.024418 0.315861 0.176729 0.129596 -0.026894 -0.369601 -0.215416 -0.325365 -0.288841 -0.077748 0.024997 -0.039213 -0.198003 -0.174422 -0.087647 -0.262741 -0.135790 -0.146518 0.390219 0.006224 -0.047148 0.123962 -0.124213 -0.071195 -0.311534 -0.044415 0.233114 -0.168176 -0.124426 0.058759 0.012451 0.145281 0.105147 0.145177 -0.099332 0.011495 -0.181143 -0.102101 -0.127221 -0.035829 0.126437 0.136227
0.256746 -0.134054 0.237850 -0.329159 0.070906 -0.256590 0.291059 -0.103013 0.089368 -0.130147 0.536844 -0.078042 1.000000 0.412953 0.159218 0.019102 0.333119 0.039847 -0.005764 0.130592 -0.137048 -0.034644 -0.212064 -0.245403 -0.100257 -0.195663 -0.095837 -0.199953 0.239622 0.007805 -0.133693 -0.406754 -0.036115 -0.040933 -0.143452 0.143392 -0.208455 -0.221686 -0.349001 -0.158064 -0.165463 -0.258008 0.318875 0.225786 0.391336 0.074228 0.266306 0.365857 0.380570 0.412335 0.303811 0.314745 0.148975 0.292662 -0.057385 0.051208 -0.003540 -0.051436 -0.187472 -0.341706 0.301459 -0.237443 0.109618 0.011075 -0.176368 -0.082547 -0.018461 -0.117116 -0.048057 0.081872 0.181816 0.054922 0.141341 -0.143986 -0.053397 -0.189225 -0.050335 -0.126590 -0.110563 -0.077231 0.012214 -0.107383 -0.015311 -0.323179 -0.157831 -0.249329 -0.418554 -0.298299 -0.230741 -0.338699 0.230815 0.180339 -0.299834 -0.329658 -0.021309 -0.290232 -0.158506 -0.268629 0.212001 -0.043393 0.033622 -0.160541 -0.136363 -0.218964 -0.084538 0.195720 0.162366 0.163013 -0.264480 -0.150850 -0.053384 0.215599 0.137576 -0.292078 0.031653 -0.009840
-0.012589 0.007291 -0.077245 -0.260598 -0.003883 -0.228252 0.376442 0.049667 0.095275 -0.067035 0.023224 0.096424 0.412953 1.000000 -0.172576 0.351722 0.094311 0.131578 0.019308 0.148464 0.247784 0.119579 -0.327304 -0.207536 0.004357 0.133825 -0.404347 -0.233631 0.346615 0.476409 0.083879 0.021699 0.070056 0.411551 -0.265710 -0.043990 -0.010315 0.113908 -0.148828 0.011966 -0.000400 -0.035352 0.212939 0.150333 0.227238 -0.077973 0.260285 0.189345 -0.044966 0.219232 -0.063678 0.230704 0.267021 0.243070 -0.221653 -0.084664 -0.166841 -0.132928 -0.259163 -0.211949 0.010424 0.023667 0.012544 0.225720 -0.126123 -0.075845 -0.171881 -0.306394 -0.214169 -0.218196 0.063147 0.277443 0.346547 0.142920 0.036192 0.051821 0.110310 0.027766 0.100903 -0.137807 0.112156 0.044964 0.167043 0.046259 -0.123466 -0.291408 -0.493118 -0.293664 -0.487329 -0.367280 0.114511 -0.160133 -0.182656 -0.218231 -0.188024 -0.074603 -0.184895 -0.323828 0.051268 -0.173638 -0.017014 0.005728 -0.127237 -0.185760 -0.139870 0.027118 -0.235177 0.064866 0.008689 -0.203282 -0.252488 0.187015 0.232513 -0.222865 -0.054145 0.174423
0.277462 -0.253712 0.480502 0.104055 0.535205 -0.098275 0.353316 0.180299 0.618363 0.186419 0.211782 0.082996 0.159218 -0.172576 1.000000 0.284765 0.124612 -0.270046 0.250284 0.353461 -0.041364 0.044697 0.358904 0.449569 0.021369 -0.129503 0.463243 -0.031059 -0.033843 -0.279632 0.037950 0.125573 -0.222725 -0.161475 0.005495 0.010727 -0.166414 -0.407852 -0.053224 0.026035 -0.183830 -0.168025 0.014440 -0.147833 -0.052294 -0.010870 -0.190501 -0.135876 -0.055114 -0.051987 0.004598 -0.025992 -0.138581 -0.029696 -0.129823 -0.278831 0.055237 -0.178508 0.130783 -0.087999 0.248122 -0.155765 -0.135024 -0.127224 0.455855 0.127127 0.108769 0.147634 -0.084746 0.138087 0.100439 0.047001 -0.190411 -0.165395 0.008883 -0.101741 -0.078019 -0.257945 0.052309 -0.082810 -0.106722 -0.068267 0.159284 -0.017694 0.070876 -0.222982 0.077156 -0.057976 0.230687 -0.003900 -0.090793 0.193363 0.023718 0.103078 0.103480 -0.263451 -0.388789 -0.376000 -0.240785 -0.248517 -0.113635 -0.277896 -0.210415 -0.168894 -0.115720 0.110220 0.166342 0.127704 -0.215997 -0.270166 -0.239495 -0.098804 -0.186956 -0.165765 0.061918 -0.183953
-0.089325 -0.273371 0.123252 -0.116332 0.509616 0.089242 0.460472 0.632313 0.600876 0.573085 -0.390073 0.417261 0.019102 0.351722 0.284765 1.000000 0.135315 -0.310026 0.306996 0.374663 0.438773 -0.022689 -0.157463 0.260578 0.165727 0.276727 0.107477 -0.289617 0.172365 0.212958 0.217617 0.447137 -0.085838 0.222501 -0.154826 -0.057885 -0.109839 -0.136824 -0.288536 -0.241721 -0.171611 0.020838 0.252645 0.049371 0.220783 0.217875 0.205872 0.167389 -0.440000 -0.075744 -0.314999 -0.161231 -0.144180 -0.040807 -0.411948 -0.186607 0.105337 -0.336032 -0.200409 -0.445095 0.094926 -0.114393 -0.000227 -0.259811 0.464898 0.257716 -0.088394 0.253869 -0.254663 -0.247715 0.152204 0.249398 0.109306 0.005092 0.071215 0.118956 -0.000797 -0.098486 0.231808 -0.319074 0.113020 0.000838 0.065292 0.077921 -0.170807 -0.502849 -0.541731 -0.342085 -0.358812 -0.558964 -0.022015 0.002528 0.138914 0.118886 -0.258291 -0.067058 -0.424262 -0.246352 -0.018875 -0.022427 -0.186815 -0.234241 -0.280196 -0.162989 -0.204733 0.045231 -0.066400 0.189659 -0.119744 -0.142868 -0.333969 0.189718 0.005765 -0.219487 -0.023047 0.002755
0.157499 -0.382670 0.122885 -0.260704 -0.007712 -0.272773 0.247696 -0.052446 0.131687 -0.033575 0.129655 -0.134586 0.333119 0.094311 0.124612 0.135315 1.000000 0.185868 0.268732 0.367313 -0.041075 -0.071895 -0.073274 -0.054718 -0.038238 -0.039947 0.102955 -0.215235 0.331501 0.058884 0.110871 0.022721 -0.101488 0.166853 -0.101710 0.024216 -0.033012 -0.213432 -0.225126 -0.284484 -0.142725 -0.093179 0.145873 0.095910 0.161310 -0.034634 0.188166 0.119892 -0.122524 0.165676 0.161231 0.101661 0.085982 0.212456 -0.170514 -0.223791 0.433351 0.255842 -0.326427 -0.429929 0.048859 -0.298975 0.334556 0.029916 0.154146 -0.247356 -0.152169 0.025155 0.137687 0.065997 0.190278 0.183308 0.138090 -0.058082 0.041118 -0.209146 -0.028222 -0.244188 0.284247 0.143811 0.439258 0.191256 0.075316 -0.095077 0.119631 -0.119818 -0.355373 -0.354686 -0.095789 -0.354016 0.007159 -0.031618 -0.297179 -0.191176 0.072849 -0.218569 -0.332024 -0.305568 -0.073959 -0.266276 -0.345222 -0.337405 -0.294951 -0.413487 -0.215486 0.047366 0.138014 0.264260 -0.307000 -0.201568 -0.247600 0.101614 -0.062002 -0.131712 0.077508 -0.118265
0.116903 0.133097 -0.344115 -0.090193 -0.304608 -0.180995 -0.242674 -0.586165 -0.391342 -0.524310 0.257628 -0.335438 0.039847 0.131578 -0.270046 -0.310026 0.185868 1.000000 -0.253880 0.066927 -0.062645 0.117676 0.023683 -0.205273 0.065443 0.016217 -0.075590 0.168409 0.223682 0.399931 0.154330 0.000355 0.093726 0.287042 -0.053647 0.043587 0.265529 0.335806 0.202130 0.304463 0.266496 0.321476 -0.206306 -0.069195 -0.118241 -0.267343 0.037537 -0.032385 0.084169 0.195942 -0.184262 0.292625 0.308054 0.249167 -0.010268 -0.068509 0.120292 0.604118 0.010727 0.089139 -0.299505 0.098281 -0.083091 0.403743 -0.583172 -0.557373 -0.452512 -0.561022 0.137351 0.087212 -0.055722 0.126460 0.329801 0.256258 0.081280 0.092481 0.206871 0.290171 0.069284 0.457686 0.201924 0.263784 0.340833 0.280667 -0.175381 0.046920 0.120018 0.214198 -0.146873 0.134246 0.110204 -0.141572 -0.221125 -0.062597 0.128448 0.093320 0.143479 0.119902 -0.027470 -0.129702 0.112057 0.274310 0.289708 0.106559 0.179154 0.003800 -0.276773 -0.069275 0.102223 0.017409 0.050812 0.041183 0.253003 0.214745 0.011943 0.038707
0.106498 -0.220273 0.297588 -0.028755 0.177446 -0.138003 0.585617 0.374537 0.405758 0.037588 -0.159610 0.078637 -0.005764 0.019308 0.250284 0.306996 0.268732 -0.253880 1.000000 0.320724 0.206942 -0.070304 0.088501 0.160326 0.018110 0.101141 0.180975 -0.206649 0.364734 0.105859 0.345789 0.446684 0.003844 0.141734 -0.088185 -0.279389 -0.148050 -0.219143 -0.165431 -0.221197 -0.103924 -0.070700 -0.014531 -0.050798 0.093706 -0.128384 -0.084609 -0.035908 -0.280684 -0.068139 -0.008943 -0.070328 -0.212304 0.014218 -0.224126 -0.127713 -0.138517 -0.293122 -0.318441 -0.345610 0.021085 -0.172577 0.335032 -0.037444 0.488247 -0.098155 0.105059 0.140633 -0.098579 -0.337330 0.160560 0.207730 0.114199 0.138744 0.289926 0.050524 0.037104 -0.056559 0.012158 -0.155746 0.095677 0.033628 0.240323 0.000100 0.106361 -0.141702 -0.192968 -0.265772 -0.031304 -0.259399 -0.335247 0.092293 -0.142833 0.015416 -0.180860 -0.051528 -0.298232 -0.245217 -0.126616 0.017961 -0.070958 -0.219137 -0.269889 -0.202466 -0.011240 -0.025103 0.052663 0.203834 -0.202993 -0.044368 -0.423852 -0.009121 -0.103987 -0.053769 0.027797 0.080767
0.252200 -0.320784 0.115234 0.108792 0.197916 -0.263263 0.443995 0.193354 0.493507 0.014910 -0.030347 -0.000819 0.130592 0.148464 0.353461 0.374663 0.367313 0.066927 0.320724 1.000000 0.119856 -0.201095 0.125820 0.449050 -0.153870 -0.051359 0.165290 -0.277852 0.245404 0.035036 0.117815 0.249923 -0.018807 0.337324 -0.078344 -0.035134 -0.163429 -0.279641 -0.132143 -0.181205 -0.260669 -0.046375 0.028734 -0.067650 0.083634 -0.046269 -0.023070 0.165738 -0.249946 0.190813 -0.177740 0.080216 -0.024510 0.062309 -0.360957 -0.263387 0.233173 -0.045524 -0.244254 -0.405971 -0.148936 -0.292518 -0.104803 -0.022878 0.114927 -0.241472 -0.263587 0.006958 0.153424 0.340804 0.306816 0.232184 -0.015171 0.019612 0.087568 -0.107248 -0.099974 -0.091139 0.144713 -0.125114 0.139287 -0.048594 0.264145 0.218593 -0.093611 -0.274403 -0.253180 -0.086627 -0.197556 -0.327934 0.039645 0.227825 -0.130381 -0.015883 0.071693 -0.374811 -0.505371 -0.223754 -0.164068 -0.059879 -0.216501 -0.069338 -0.205360 0.022023 -0.149778 0.203427 -0.029784 0.146592 -0.065825 -0.357474 -0.328921 0.134261 -0.009587 0.039506 0.020024 -0.061305
-0.132475 -0.190772 -0.005469 -0.175674 0.424196 0.026813 0.239551 0.177640 0.294306 0.203810 -0.185039 0.167480 -0.137048 0.247784 -0.041364 0.438773 -0.041075 -0.062645 0.206942 0.119856 1.000000 0.163884 -0.071689 0.119391 0.236886 0.305783 0.101341 -0.063684 0.353320 0.475578 0.361966 0.344817 -0.087844 0.099269 0.088965 -0.042364 0.164793 0.161885 0.048054 0.039339 0.138433 0.383696 0.047988 -0.096059 0.144120 0.015468 0.012141 -0.031481 -0.273906 0.028983 -0.336246 -0.041172 -0.196040 0.041524 -0.306648 -0.060963 -0.137648 -0.217190 -0.205684 -0.205719 -0.344912 -0.188321 -0.065855 -0.168051 0.080799 -0.039589 -0.049821 0.028643 -0.324042 -0.376537 0.219284 0.407398 0.388310 0.428636 0.386182 0.305358 0.180318 0.178327 -0.021587 -0.238231 0.130002 0.117806 0.206860 0.176619 0.019302 -0.114601 -0.318007 -0.193930 -0.337478 -0.303252 -0.137342 0.041284 -0.033122 0.146834 -0.135921 0.269287 -0.140829 -0.023316 -0.023492 0.195078 -0.070984 -0.001566 -0.267623 0.070169 0.061000 -0.108596 -0.113899 -0.134741 0.241267 0.222966 -0.164864 0.174798 0.134826 -0.193373 -0.005116 0.152260
-0.292278 -0.076422 -0.067475 -0.233237 0.124601 0.017251 -0.126949 -0.335113 -0.104106 -0.150916 0.198634 -0.153785 -0.034644 0.119579 0.044697 -0.022689 -0.071895 0.117676 -0.070304 -0.201095 0.163884 1.000000 -0.006449 -0.062233 0.004793 0.572292 0.103981 0.705608 0.499179 0.347457 0.179436 0.150098 -0.004679 0.164438 0.119153 0.045232 0.704785 -0.081165 0.501844 0.061074 0.650211 0.096094 -0.142370 -0.162123 -0.111659 -0.168485 0.025534 -0.222684 0.039624 -0.016273 -0.156286 0.267071 0.123919 0.139949 0.390377 -0.010317 -0.372252 -0.007023 -0.010433 0.073420 -0.197524 -0.050015 0.046577 0.139838 -0.169587 -0.036658 -0.264991 -0.339043 -0.183620 -0.155322 -0.060684 0.526197 0.521071 0.162020 -0.086237 -0.375790 0.099741 -0.043410 0.336869 0.010199 0.447268 0.639094 0.582226 0.362330 -0.175339 0.077848 0.175986 0.101922 0.051954 0.164487 -0.012225 -0.151280 -0.172376 -0.097969 -0.478587 -0.178987 0.075087 0.016080 0.076089 -0.184717 0.191008 -0.080543 0.196198 -0.387238 -0.041279 -0.585164 -0.483124 -0.285494 0.048907 -0.123813 -0.048093 -0.290531 -0.117605 -0.269526 -0.509188 -0.244991
0.169496 -0.119944 0.426101 0.310022 0.247481 0.308026 0.003879 -0.109562 0.107774 -0.079852 0.213408 -0.223279 -0.212064 -0.327304 0.358904 -0.157463 -0.073274 0.023683 0.088501 0.125820 -0.071689 -0.006449 1.000000 0.636859 0.460013 0.284727 0.383064 0.240701 -0.183570 -0.328526 0.489451 0.407596 -0.131577 0.000655 0.255743 0.224725 -0.081227 -0.220913 0.047375 0.125934 -0.169015 -0.193378 -0.198497 -0.318902 -0.123721 -0.066133 -0.352683 -0.398881 0.278331 -0.018742 -0.018500 0.124478 0.136381 -0.119575 -0.166037 -0.384760 0.054840 -0.056523 0.229074 0.212262 -0.091304 0.015441 -0.202732 0.152287 0.088636 -0.035192 0.086075 0.054254 -0.124513 0.018592 0.007837 0.060178 -0.336418 -0.153140 0.006900 -0.092592 -0.167927 -0.287413 -0.088631 0.078462 -0.176361 -0.148343 0.077447 0.015906 0.034342 -0.155325 0.189206 0.025582 0.258550 0.132011 0.015592 -0.041636 -0.211186 0.011711 0.358592 -0.158000 -0.107205 -0.245153 -0.400381 -0.295890 -0.237578 -0.003731 -0.101901 0.081557 -0.343562 0.239497 0.191109 0.232352 -0.131600 -0.226567 -0.047096 -0.345195 -0.238566 -0.013358 0.216324 -0.129366
0.011027 -0.312655 0.290929 0.496300 0.442870 0.332534 0.088688 0.237711 0.352719 0.224952 -0.090335 0.048697 -0.245403 -0.207536 0.449569 0.260578 -0.054718 -0.205273 0.160326 0.449050 0.119391 -0.062233 0.636859 1.000000 0.270269 0.287816 0.404085 0.065037 -0.221205 -0.328261 0.289264 0.539511 -0.296083 -0.073648 0.144062 0.113932 -0.163418 -0.292322 -0.017479 0.030093 -0.267160 -0.145382 -0.112751 -0.296341 -0.058700 0.050002 -0.206012 -0.107199 -0.023389 -0.098638 -0.124882 0.040326 0.098900 -0.046688 -0.236716 -0.306283 0.171860 -0.317393 0.028402 -0.117777 -0.108014 -0.123997 -0.248227 -0.066494 0.284461 0.166385 -0.072995 0.240267 -0.141954 0.075128 0.082604 0.003451 -0.333652 -0.149785 -0.145737 -0.008811 -0.246959 -0.173018 -0.041336 -0.187778 -0.173638 -0.244697 0.127527 0.129226 -0.064277 -0.284062 0.110397 0.176472 0.100576 -0.077325 0.159334 0.200557 0.004687 0.051450 0.339636 -0.163576 -0.267386 -0.129275 -0.316714 -0.072996 -0.218558 -0.074307 -0.202818 0.114812 -0.278665 0.276072 0.108515 0.186309 0.012759 -0.190026 -0.039525 -0.148440 -0.081568 0.116868 0.220047 -0.090849
0.007588 -0.012479 0.048330 0.068541 0.296601 0.451231 -0.114431 -0.029831 0.056556 0.169237 -0.167003 -0.024916 -0.100257 0.004357 0.021369 0.165727 -0.038238 0.065443 0.018110 -0.153870 0.236886 0.004793 0.460013 0.270269 1.000000 0.472772 0.292118 0.162085 -0.148392 0.124739 0.523522 0.415055 -0.142354 0.022889 -0.080760 0.016742 -0.135090 0.138757 -0.106017 0.237160 -0.152187 0.067973 0.185657 0.112196 0.050175 0.161759 0.128262 0.014531 0.082953 -0.108743 -0.080383 0.066426 0.122850 0.090980 -0.314689 -0.108221 0.210292 0.085695 0.050327 -0.071433 -0.114286 0.059695 -0.257782 0.033620 0.099535 0.062360 -0.075778 -0.032919 -0.183369 -0.199530 0.025833 0.118207 -0.018929 0.012452 0.070403 0.247844 -0.025475 -0.055802 -0.141587 0.069866 -0.230553 -0.162760 -0.073647 -0.103214 -0.226760 -0.358993 -0.092321 -0.055223 -0.078408 -0.116561 -0.045201 -0.213349 -0.271895 -0.152250 0.339027 0.006646 0.046650 -0.116969 -0.192716 -0.217407 -0.274725 -0.109992 -0.155115 -0.041634 -0.396029 0.258486 0.195799 0.305530 -0.118432 -0.029219 0.038068 0.049102 0.130113 -0.151077 0.129710 -0.063406
-0.318974 -0.324634 0.095992 -0.077955 0.264037 0.477342 0.102793 0.049411 0.019940 0.056539 -0.107231 -0.030701 -0.195663 0.133825 -0.129503 0.276727 -0.039947 0.016217 0.101141 -0.051359 0.305783 0.572292 0.284727 0.287816 0.472772 1.000000 0.206995 0.475172 0.366667 0.278103 0.673816 0.642693 -0.087402 0.301728 0.210991 0.087234 0.374345 -0.144527 0.187352 -0.073574 0.279361 -0.072983 0.068748 -0.089826 0.187158 0.139423 0.158550 -0.141900 -0.053661 -0.049150 -0.161123 0.167794 0.179987 0.033196 -0.084748 -0.213450 -0.110802 -0.180912 -0.115193 -0.228037 -0.220084 -0.070048 -0.040389 0.021327 0.093554 0.003908 -0.259856 -0.033153 -0.346783 -0.385255 0.019045 0.559796 0.316782 0.040842 -0.087947 -0.226839 -0.096238 -0.131345 0.231343 -0.164797 0.242554 0.288047 0.369128 0.267583 -0.254987 -0.260861 -0.215140 -0.180859 -0.204542 -0.283558 0.037875 -0.321204 -0.228139 -0.122231 -0.140728 -0.098154 -0.084800 -0.112920 -0.081622 -0.201862 -0.016736 -0.117480 -0.038415 -0.269479 -0.404161 -0.182727 -0.212552 0.027193 -0.089351 -0.161999 -0.090675 -0.227417 -0.115414 -0.353919 -0.209941 -0.318538
0.292446 -0.053855 0.211100 0.043346 0.564099 0.250422 0.054741 -0.018009 0.299157 0.204196 0.036936 0.041250 -0.095837 -0.404347 0.463243 0.107477 0.102955 -0.075590 0.180975 0.165290 0.101341 0.103981 0.383064 0.404085 0.292118 0.206995 1.000000 0.255782 -0.114253 -0.230563 0.328344 0.264204 -0.260776 -0.207998 0.135801 0.126106 -0.127220 -0.138496 0.065746 0.116201 -0.043267 0.015836 -0.209782 -0.257236 -0.108978 0.019783 -0.093730 -0.108386 -0.066842 -0.238646 -0.293924 -0.053410 -0.078356 0.060169 -0.128443 -0.299298 0.302090 0.120596 0.135632 -0.070415 0.015837 0.026241 -0.266526 -0.034926 0.202879 0.251743 0.019538 0.077833 0.106425 0.181955 0.072923 0.054134 -0.095583 -0.106213 0.060790 0.070934 -0.066696 0.049272 -0.098562 0.084037 -0.153022 -0.180209 0.109983 -0.085311 -0.136271 -0.230390 0.154210 0.020482 0.156799 0.011781 0.110477 0.202918 -0.065392 0.050660 0.187780 -0.051636 -0.112761 -0.082861 -0.215919 -0.150360 -0.086654 -0.137731 -0.097446 0.054613 -0.111950 0.071725 0.217734 0.143792 -0.110787 0.128255 0.132148 -0.037641 -0.053143 -0.115612 -0.001023 -0.205517
-0.219681 -0.044033 -0.070574 0.152403 -0.068633 0.299320 -0.452347 -0.362001 -0.339431 -0.352230 0.214454 -0.327602 -0.199953 -0.233631 -0.031059 -0.289617 -0.215235 0.168409 -0.206649 -0.277852 -0.063684 0.705608 0.240701 0.065037 0.162085 0.475172 0.255782 1.000000 0.204603 0.020255 0.153614 0.110637 -0.076935 0.032607 0.080168 0.134220 0.617532 0.005507 0.607595 0.106289 0.641887 0.145197 -0.284505 -0.210065 -0.291179 -0.134664 -0.122611 -0.208760 0.191569 -0.206191 -0.056167 0.030991 0.084406 -0.094103 0.467385 -0.053562 -0.272241 0.077765 0.087424 0.183341 -0.254062 -0.012219 -0.074957 0.040208 -0.247845 -0.040865 -0.230696 -0.170517 0.074852 0.020022 -0.199383 0.151655 0.317910 -0.035697 -0.165072 -0.292937 0.086189 0.077551 0.164051 0.194696 0.265178 0.485770 0.498097 0.357000 -0.056865 0.292602 0.451706 0.435444 0.389151 0.425648 0.081893 -0.189768 -0.074784 -0.052441 -0.257017 -0.101052 0.386442 0.326741 0.058831 -0.119106 0.045135 -0.010348 0.194815 -0.190046 0.013099 -0.545856 -0.398621 -0.327857 0.140208 0.110078 0.270541 -0.420267 0.001532 -0.030692 -0.513610 -0.211016
-0.153244 -0.408073 0.045842 -0.425207 -0.051234 -0.269270 0.393683 -0.094260 0.025813 -0.291149 0.199735 -0.121660 0.239622 0.346615 -0.033843 0.172365 0.331501 0.223682 0.364734 0.245404 0.353320 0.499179 -0.183570 -0.221205 -0.148392 0.366667 -0.114253 0.204603 1.000000 0.579279 0.304738 0.211079 0.126828 0.443665 0.064715 -0.119731 0.547149 -0.168560 0.201698 -0.267197 0.481543 0.120929 0.014593 -0.038234 0.168027 -0.167627 0.128951 -0.116159 -0.166909 0.141741 -0.006347 0.110648 -0.056938 0.046775 0.062085 -0.122567 -0.288699 -0.100532 -0.430731 -0.376338 -0.237894 -0.359784 0.329414 0.007313 -0.057475 -0.405000 -0.264807 -0.179055 -0.197954 -0.263558 0.173849 0.685192 0.749644 0.329777 0.258944 -0.208278 0.127122 -0.008743 0.411910 -0.033517 0.690143 0.664851 0.683268 0.426335 0.088214 0.118148 -0.285713 -0.229214 -0.220623 -0.322266 -0.204929 -0.181562 -0.267341 -0.050359 -0.453324 -0.233824 -0.218941 -0.079919 0.057886 -0.108381 0.092802 -0.018747 -0.080512 -0.310375 0.032271 -0.413928 -0.374035 -0.133319 0.013996 -0.160475 -0.356082 -0.104950 -0.055663 -0.201266 -0.380203 -0.140797
-0.122992 -0.025515 -0.287850 -0.331759 -0.016934 -0.210927 0.128834 -0.222604 0.006164 -0.139957 -0.193570 -0.058088 0.007805 0.476409 -0.279632 0.212958 0.058884 0.399931 0.105859 0.035036 0.475578 0.347457 -0.328526 -0.328261 0.124739 0.278103 -0.230563 0.020255 0.579279 1.000000 0.181062 0.173374 0.171815 0.505382 -0.164339 -0.104874 0.438702 0.351424 0.225742 0.132310 0.444435 0.482873 0.034520 0.053430 0.022155 -0.291871 0.290826 0.069197 -0.270795 0.046299 -0.233763 0.232912 0.105063 0.352585 -0.035299 0.185512 -0.166624 0.181420 -0.268089 -0.208766 -0.434203 -0.142553 -0.013353 0.101204 -0.318162 -0.454401 -0.420898 -0.529142 -0.124861 -0.321731 0.163633 0.439718 0.793302 0.595478 0.456112 0.219189 0.369524 0.351308 0.315884 0.143660 0.381985 0.465754 0.350972 0.319653 -0.260339 -0.055357 -0.297091 -0.111452 -0.482847 -0.190708 -0.073211 -0.086013 -0.036852 0.130687 -0.306138 0.213269 0.047900 0.099421 0.085848 0.119900 0.070681 0.207779 -0.015567 -0.061996 0.135396 -0.286414 -0.471763 -0.309324 0.186703 0.067919 -0.143497 0.268040 0.241504 0.005222 -0.137810 0.138627
-0.021636 -0.258275 0.285009 -0.130168 0.336822 0.289627 0.348076 0.075150 0.121738 -0.022176 0.055947 -0.043580 -0.133693 0.083879 0.037950 0.217617 0.110871 0.154330 0.345789 0.117815 0.361966 0.179436 0.489451 0.289264 0.523522 0.673816 0.328344 0.153614 0.304738 0.181062 1.000000 0.721476 -0.091895 0.289008 0.261476 0.097822 0.019666 -0.093778 -0.060380 -0.004927 0.007197 -0.037605 -0.017994 -0.130339 0.242452 0.144068 0.020672 -0.274759 -0.012354 0.059019 -0.172602 0.097093 0.031833 -0.022648 -0.394465 -0.409326 0.036345 -0.059570 -0.082600 -0.196646 -0.140922 -0.012652 -0.094365 0.097472 0.196073 -0.114952 -0.115305 0.024767 -0.397821 -0.389441 0.085349 0.509318 0.164355 0.029329 0.128826 0.001898 -0.023443 -0.142081 -0.002694 -0.045703 0.064303 0.015910 0.315186 0.107186 0.008432 -0.308524 -0.243883 -0.341858 -0.163860 -0.348519 -0.190006 -0.331977 -0.406419 -0.168749 0.118019 -0.018982 -0.280906 -0.326403 -0.267138 -0.328125 -0.144670 -0.152999 -0.085342 -0.131278 -0.335785 0.056994 0.005526 0.223585 -0.167328 -0.113257 -0.221391 -0.185636 -0.118307 -0.263450 0.027569 -0.129425
-0.189362 -0.272786 0.067521 0.256538 0.293693 0.410366 0.306695 0.353747 0.254648 0.188922 -0.255176 0.140577 -0.406754 0.021699 0.125573 0.447137 0.022721 0.000355 0.446684 0.249923 0.344817 0.150098 0.407596 0.539511 0.415055 0.642693 0.264204 0.110637 0.211079 0.173374 0.721476 1.000000 -0.096349 0.323675 0.100319 -0.145748 0.079169 -0.113301 0.038695 -0.004283 0.023794 0.015511 -0.145755 -0.255937 -0.016701 0.062632 -0.054924 -0.281015 -0.314152 -0.207763 -0.353187 -0.055766 0.067966 -0.052657 -0.280561 -0.392647 0.079709 -0.218026 -0.074252 -0.213648 -0.179365 0.010286 -0.046085 0.007854 0.411935 0.010433 -0.227158 0.064700 -0.282256 -0.380873 0.164408 0.381667 0.102443 0.105235 0.098893 0.142433 0.018259 0.037374 0.125339 -0.080056 0.053810 0.044585 0.361379 0.396059 0.017285 -0.293086 -0.089641 -0.053619 -0.052630 -0.207187 -0.102410 -0.236166 -0.098050 -0.017176 0.019309 0.046760 -0.282389 -0.188915 -0.333504 -0.274457 -0.133974 -0.192323 -0.145772 -0.166727 -0.274841 -0.007553 -0.139509 0.108880 -0.013300 -0.148325 -0.271223 -0.227128 -0.130487 -0.085354 0.012475 -0.102801
-0.219734 0.205721 -0.093894 0.033156 -0.224107 -0.035049 -0.060604 -0.125602 -0.052353 0.008036 -0.061053 0.059515 -0.036115 0.070056 -0.222725 -0.085838 -0.101488 0.093726 0.003844 -0.018807 -0.087844 -0.004679 -0.131577 -0.296083 -0.142354 -0.087402 -0.260776 -0.076935 0.126828 0.171815 -0.091895 -0.096349 1.000000 0.293623 0.202971 -0.186068 0.068106 0.074484 0.160071 -0.072321 -0.006841 -0.162840 0.005671 0.134342 -0.100236 -0.261894 -0.131825 -0.106616 -0.091253 -0.069900 0.036848 -0.217193 -0.367261 -0.271020 -0.036440 0.177886 -0.173517 0.213824 -0.054909 0.243418 -0.011558 0.019275 0.147714 0.001863 -0.145034 -0.284658 0.261365 -0.167410 0.063760 0.065309 -0.189228 0.094846 0.107636 0.106913 0.105802 -0.070051 0.110632 0.086778 0.201008 0.309648 0.155286 0.203215 -0.127535 0.069477 0.073490 0.351485 -0.066737 -0.056651 -0.008565 0.102564 -0.365655 -0.127905 -0.063440 0.227737 -0.238912 -0.107653 -0.029278 -0.081978 0.052723 0.027987 0.181724 0.267814 0.282429 0.207565 0.227930 -0.145573 -0.136732 0.059761 -0.107205 -0.147541 -0.176607 -0.161705 -0.031853 0.044141 0.046553 -0.052450
-0.115571 -0.202185 -0.114731 -0.169314 -0.154026 -0.113525 0.182850 -0.137168 0.013482 -0.244157 -0.151396 -0.061489 -0.040933 0.411551 -0.161475 0.222501 0.166853 0.287042 0.141734 0.337324 0.099269 0.164438 0.000655 -0.073648 0.022889 0.301728 -0.207998 0.032607 0.443665 0.505382 0.289008 0.323675 0.293623 1.000000 -0.023964 0.231056 0.317060 0.250036 0.208326 0.058159 0.325115 0.286841 -0.168476 -0.246226 -0.061049 -0.207765 -0.051471 -0.066369 -0.267125 -0.018514 -0.214896 0.054788 0.092648 -0.024956 -0.087177 -0.124956 -0.057625 0.079339 -0.127552 -0.147808 -0.292041 -0.096577 0.103207 0.045557 -0.153395 -0.354803 -0.326588 -0.240568 0.049060 -0.040928 0.224995 0.438086 0.461618 0.357020 0.283092 0.052297 0.359404 0.256019 0.439245 0.110672 0.322247 0.338341 0.352231 0.367957 -0.247651 -0.030573 -0.323753 -0.167072 -0.263163 -0.155952 -0.194487 -0.138915 -0.110661 0.024361 -0.245250 -0.106368 -0.271153 -0.043377 -0.189775 -0.075424 -0.090835 0.176306 0.052755 -0.065860 -0.115930 -0.172930 -0.276860 -0.172660 0.160664 -0.116863 -0.254504 -0.059278 0.024776 -0.042441 -0.254269 0.084890
-0.213686 -0.250087 0.288666 -0.019609 0.219475 0.252012 0.070305 -0.011250 -0.031422 0.104117 0.199348 0.153473 -0.143452 -0.265710 0.005495 -0.154826 -0.101710 -0.053647 -0.088185 -0.078344 0.088965 0.119153 0.255743 0.144062 -0.080760 0.210991 0.135801 0.080168 0.064715 -0.164339 0.261476 0.100319 0.202971 -0.023964 1.000000 0.381625 0.117152 -0.181918 0.073210 -0.205591 0.065627 -0.134234 0.017838 -0.040429 0.242406 0.324766 -0.161869 -0.237419 -0.036412 0.009452 0.015678 -0.174261 -0.308223 -0.379311 -0.097534 -0.106814 -0.073993 -0.121264 -0.082466 -0.019040 -0.081139 -0.197245 -0.015399 -0.183260 0.041996 0.017049 0.158315 0.259936 -0.219073 -0.096122 -0.085590 0.272265 -0.027930 -0.065988 -0.019976 -0.149995 0.072398 -0.022110 0.095269 -0.201342 0.017946 -0.026057 0.059541 0.055505 0.110332 0.223482 -0.039314 -0.192437 -0.005932 -0.123641 -0.242149 -0.178148 0.004843 0.082456 0.034740 -0.069850 0.010356 0.070441 -0.164521 0.062044 0.231359 0.123764 0.091874 0.178626 -0.106247 -0.088888 0.158262 0.025644 -0.050006 0.084331 0.106492 -0.181723 -0.175559 -0.026363 0.110002 -0.204801
0.045786 -0.127180 0.223295 -0.243326 0.196356 0.035906 -0.151562 -0.231217 -0.075733 -0.051328 0.259328 -0.047123 0.143392 -0.043990 0.010727 -0.057885 0.024216 0.043587 -0.279389 -0.035134 -0.042364 0.045232 0.224725 0.113932 0.016742 0.087234 0.126106 0.134220 -0.119731 -0.104874 0.097822 -0.145748 -0.186068 0.231056 0.381625 1.000000 0.072120 0.148627 0.055331 0.018521 0.136204 0.156394 -0.057989 -0.206295 0.227825 0.287406 -0.068114 0.006262 0.188623 0.092823 -0.152697 0.077389 0.121347 0.008032 -0.075729 -0.199365 -0.035028 -0.010756 0.136217 -0.037631 -0.015979 -0.009424 -0.212745 -0.082913 -0.244743 0.121244 -0.175800 0.118314 -0.139213 0.036057 0.171032 -0.053755 0.032701 -0.027614 -0.065411 -0.020284 0.190782 0.110696 0.004834 -0.142268 -0.084716 -0.068887 -0.055148 -0.240710 -0.318869 -0.135205 -0.216147 -0.164970 -0.068814 -0.112742 0.127836 0.152382 -0.017005 0.005969 0.144424 0.019930 0.006220 0.057669 -0.191914 0.119712 -0.029727 0.193362 0.097260 0.154977 -0.153620 0.020039 0.080218 -0.164724 0.068286 0.200091 0.245923 0.009914 0.123330 -0.058589 0.049308 0.013526
