1.000000 0.217376 0.174029 -0.371093 -0.053735 -0.217492 0.341446 -0.290692 0.066342 -0.270612 0.475429 -0.094634 0.492214 -0.060106 0.280774 -0.431963 0.282478 0.155217 0.382749 0.134433 -0.207529 -0.300129 -0.087905 -0.167025 -0.369975 -0.334797 -0.226372 -0.128196 0.424892 -0.165344 -0.195359 -0.168082 0.242179 0.171600 -0.177141 -0.168992 0.006340 -0.101878 -0.064479 -0.035541 0.136922 -0.093352 -0.318571 -0.193608 -0.365723 -0.452735 -0.094684 -0.013039 -0.118413 -0.193970 -0.348752 -0.190912 0.227621 0.086699 0.231116 0.071315 0.419401 0.244207 0.024149 -0.138338 0.473485 0.293186 0.330111 0.268982 0.148594 0.190024 -0.288110 -0.329087 0.208035 0.077637 0.017539 -0.204581 0.247339 -0.203247 0.310490 -0.127620 0.259577 -0.083089 -0.111248 -0.068159 -0.073321 0.046036 0.227859 -0.221309 -0.102903 -0.194477 0.027314 -0.209723 0.093881 0.102814 0.349472 0.264016 0.044689 0.187307 -0.027921 -0.004454 -0.021277 -0.067650 0.101107 -0.055516 0.006444 -0.063822 -0.056440 -0.128893 -0.094408 0.040947 -0.060390 0.034423 -0.090493 -0.110964 -0.153497 0.067284 -0.030921 -0.020065 -0.140923 -0.146676
0.217376 1.000000 -0.635479 -0.466419 -0.340211 -0.025317 -0.458682 -0.625585 -0.469685 -0.051402 -0.293828 -0.035775 -0.227081 0.057549 -0.348508 -0.109714 -0.063528 0.456727 -0.006081 0.191483 -0.140810 0.194296 -0.569480 -0.518193 -0.324285 -0.346104 -0.134072 0.270390 -0.081645 0.391422 -0.531176 -0.369927 0.327453 0.376210 -0.239849 -0.050739 -0.153015 0.329913 0.067770 0.349685 -0.034100 0.386165 -0.001839 0.093838 -0.172068 -0.427981 -0.070430 0.222255 -0.278021 -0.128392 -0.395788 -0.181782 0.081041 -0.136777 0.032472 0.067560 0.077205 0.614839 0.519958 0.540951 0.411258 0.647709 0.319616 0.758799 -0.374359 -0.005331 0.148194 -0.287648 0.350925 0.101782 -0.292641 -0.247355 0.286076 0.262083 0.354597 0.238579 0.117702 0.250963 0.113560 0.407971 0.149380 0.443207 -0.112213 0.012160 -0.316336 -0.275711 -0.156186 -0.070528 -0.049326 0.364537 0.021144 -0.124509 -0.338617 -0.357125 -0.068035 -0.067934 0.163144 -0.141299 0.272084 0.028877 0.132847 0.185318 0.354584 0.135050 0.227357 -0.008991 0.327851 0.301431 0.035587 -0.298214 -0.138226 0.395880 0.043479 0.084982 0.149316 0.152012
0.174029 -0.635479 1.000000 0.309687 0.511939 0.067683 0.683105 0.446443 0.529893 0.125470 0.451225 -0.118695 0.483998 -0.144918 0.455712 0.009538 0.074286 -0.631992 0.253286 -0.206505 0.285667 -0.062871 0.701070 0.460332 0.424484 0.374629 0.288993 -0.176570 0.224302 -0.531170 0.581058 0.366461 -0.196827 -0.335760 0.245034 0.055068 0.123382 -0.437335 0.030306 -0.248046 0.149958 -0.336739 -0.343349 -0.445441 0.047431 0.087180 -0.186933 -0.560231 0.396555 -0.152658 0.350525 0.052998 0.236929 0.225770 0.194999 -0.258178 -0.130412 -0.405303 -0.187454 -0.319972 -0.145511 -0.371054 -0.269293 -0.578326 0.387314 0.038714 0.061286 0.260734 -0.254849 -0.091163 0.354139 0.141790 -0.182376 -0.286027 -0.157827 -0.209281 -0.097338 -0.300726 -0.178000 -0.550791 -0.221257 -0.559202 0.206789 -0.086806 0.283815 -0.053881 0.308144 0.005195 0.194141 -0.227110 0.042905 0.236467 0.179860 0.438092 -0.036265 -0.040802 -0.242221 -0.094003 -0.378818 -0.264883 -0.093596 -0.259223 -0.302497 -0.097393 -0.228853 0.057932 -0.288930 -0.153741 -0.149986 0.151856 -0.100101 -0.567648 -0.137635 -0.019859 -0.145559 -0.175579
-0.371093 -0.466419 0.309687 1.000000 0.129202 0.097364 0.056316 0.738281 0.337337 -0.024621 0.127253 0.280020 -0.070343 0.040891 0.301379 0.245478 -0.073255 -0.374991 -0.147599 -0.009069 0.139617 -0.164445 0.530854 0.806666 0.153019 0.361343 -0.024351 -0.242324 -0.223235 -0.276913 0.394873 0.356933 -0.524839 -0.285347 0.355041 0.198135 0.016424 -0.115893 -0.170586 -0.160908 -0.051032 -0.255831 -0.219344 -0.346779 0.017968 0.251506 -0.210988 -0.329013 0.121051 -0.191740 0.420265 -0.059378 0.053723 0.158636 -0.100639 -0.235736 -0.074304 -0.311704 -0.406931 -0.372562 -0.494245 -0.535399 -0.335281 -0.599501 0.263103 -0.156603 -0.068564 0.378028 -0.417038 -0.101020 0.064742 0.298155 -0.442901 -0.224213 -0.481352 -0.218366 -0.287480 -0.126394 -0.124432 -0.326285 -0.126209 -0.371928 0.249806 0.197237 0.491957 0.431852 0.196857 0.351235 0.310460 -0.114963 -0.025063 0.193426 0.438779 0.253488 -0.057759 -0.072488 -0.320669 0.158426 -0.283112 0.045346 -0.146171 -0.306372 -0.306954 -0.155573 -0.115578 -0.089782 -0.175247 -0.139655 -0.026694 0.059185 0.053541 -0.391028 0.005752 0.125180 -0.137947 -0.056794
-0.053735 -0.340211 0.511939 0.129202 1.000000 0.378409 0.449293 0.448793 0.683761 0.568569 -0.044191 -0.242710 0.259404 0.201735 0.377411 0.427104 0.077069 -0.547858 0.152765 0.058775 0.464008 0.189125 0.088104 0.031404 0.493343 0.185732 0.739642 -0.082048 0.109834 -0.199245 0.158676 -0.014209 -0.001642 -0.278715 -0.067918 -0.356442 0.063293 -0.473197 -0.177500 -0.442108 0.077652 0.101772 -0.147147 -0.321880 0.267577 -0.023246 -0.211062 -0.393729 0.442828 0.075861 0.303564 0.184795 0.112759 -0.083712 -0.110578 -0.385949 -0.192267 -0.351616 0.159856 -0.000537 0.205653 -0.017824 0.025861 -0.272642 0.374887 0.095415 0.278898 0.178022 0.184625 0.334528 0.161839 -0.249556 -0.059564 -0.081411 -0.111153 -0.293281 -0.210060 -0.442163 -0.064824 -0.444955 0.151177 -0.462295 0.135708 0.192081 0.142386 -0.384960 -0.129909 -0.409962 0.023175 -0.281588 0.051481 -0.066751 -0.106263 0.126142 -0.102170 -0.083719 -0.239584 0.127507 -0.385371 -0.218764 0.051494 0.225467 0.111423 0.367095 0.241518 0.319191 0.025616 -0.038954 -0.133790 0.057456 -0.383214 -0.331604 -0.260390 0.048785 0.084662 -0.156591
-0.217492 -0.025317 0.067683 0.097364 0.378409 1.000000 -0.187780 -0.017711 0.201741 0.647239 -0.290495 -0.356036 -0.073986 -0.158147 -0.077268 0.424856 -0.124056 -0.390115 -0.356725 -0.424205 0.409606 0.564405 0.140833 -0.142175 0.593352 0.581258 0.679472 0.472548 -0.282137 -0.112436 0.107958 -0.069632 0.088565 -0.350818 -0.122079 -0.108970 -0.086358 -0.152607 0.123348 -0.017596 -0.008517 0.144716 -0.028819 0.020801 0.115455 0.147949 -0.212081 -0.187209 0.296788 0.203686 0.190763 0.263910 0.043680 -0.049953 0.188687 -0.161775 -0.108246 0.052997 0.457710 0.354839 0.111944 0.116710 -0.299607 -0.161511 -0.056266 0.195848 0.511376 0.149788 0.037776 -0.070713 0.083621 -0.012795 -0.073867 0.094028 0.063934 -0.030426 -0.114717 -0.242585 0.085051 -0.135454 0.118646 -0.409767 -0.439754 -0.255282 -0.009870 -0.252097 0.066347 0.034544 0.024155 -0.177567 -0.299217 -0.441078 -0.243362 -0.380536 0.116353 -0.113680 0.128845 0.051314 -0.031625 -0.181294 0.125899 -0.155436 0.141619 0.215718 0.299940 0.182002 0.171071 0.117264 -0.033087 -0.059111 -0.244782 -0.086424 -0.271185 0.291873 0.151893 0.088516
0.341446 -0.458682 0.683105 0.056316 0.449293 -0.187780 1.000000 0.318851 0.448185 0.017698 0.495278 -0.072047 0.524221 -0.122956 0.574363 -0.146857 0.172540 -0.375686 0.473903 0.144476 0.077548 -0.221347 0.349517 0.255957 0.131901 0.015113 0.129206 -0.243812 0.423439 -0.406385 0.298774 0.252348 0.042446 0.041845 0.075086 -0.029385 0.131865 -0.470368 -0.002233 -0.241531 0.126166 -0.267413 -0.392529 -0.466550 -0.022527 -0.095564 -0.283293 -0.450587 0.149694 -0.159672 0.088804 -0.104827 -0.034041 0.031008 -0.070819 -0.261082 0.054571 -0.286277 -0.343323 -0.434704 0.017044 -0.229967 0.048400 -0.287773 0.507684 0.055046 -0.173513 0.022201 -0.077100 0.140996 0.207691 -0.169105 0.045055 -0.328386 -0.060771 -0.368779 0.080083 -0.320453 -0.152201 -0.350953 -0.080583 -0.302318 0.390310 0.031920 0.275122 -0.073876 0.057974 -0.182624 0.058781 -0.318499 0.240801 0.264999 0.311670 0.506079 -0.109514 0.014777 -0.319312 -0.090795 -0.312873 -0.164738 0.105715 -0.038630 -0.052305 0.006383 -0.060716 0.031278 -0.174954 -0.210324 0.008741 0.082376 -0.314095 -0.405076 -0.041035 0.040460 -0.158539 -0.114635
-0.290692 -0.625585 0.446443 0.738281 0.448793 -0.017711 0.318851 1.000000 0.516266 0.163952 0.194197 0.332725 0.057274 0.346474 0.343216 0.207248 0.074360 -0.335960 0.081141 0.135858 0.159377 -0.217081 0.327508 0.641682 0.118032 0.153934 0.088132 -0.423538 -0.042922 -0.223975 0.321488 0.330166 -0.371082 -0.150392 0.414451 0.112862 -0.095865 -0.255483 -0.432616 -0.427463 -0.091515 -0.243723 -0.264445 -0.415171 0.110498 0.233384 -0.269204 -0.370219 0.115945 -0.168813 0.368757 -0.105300 -0.026098 0.013353 -0.385074 -0.360376 -0.057010 -0.520292 -0.411424 -0.440571 -0.248800 -0.423343 -0.074286 -0.502353 0.492900 0.067141 -0.065932 0.439860 -0.359676 0.058290 0.126408 0.220312 -0.380162 -0.188180 -0.528732 -0.198369 -0.252273 -0.080265 -0.215690 -0.285274 -0.087480 -0.313267 0.402074 0.226568 0.456047 0.354087 -0.017976 -0.083405 0.189167 -0.260014 -0.022966 0.215781 0.423813 0.399026 -0.119282 -0.093413 -0.466300 0.104206 -0.500123 -0.059573 -0.053787 -0.093044 -0.271851 0.016631 -0.094517 0.012983 -0.308444 -0.167978 -0.083818 0.121360 -0.000488 -0.458987 -0.046900 0.018389 -0.119003 -0.196978
0.066342 -0.469685 0.529893 0.337337 0.683761 0.201741 0.448185 0.516266 1.000000 0.242542 0.346895 0.097077 0.413403 0.208399 0.619498 0.217081 0.139746 -0.451566 0.233159 0.043136 0.161662 -0.110558 0.378948 0.374406 0.236326 0.204240 0.323960 -0.253582 0.137404 -0.344003 0.148515 0.021342 -0.066037 -0.188372 0.172311 -0.031694 -0.014603 -0.422771 -0.276846 -0.511590 -0.001306 -0.263035 -0.272678 -0.416709 0.098680 0.001956 -0.252330 -0.462292 0.410872 0.012173 0.352885 0.104230 0.079393 0.053475 -0.036472 -0.324966 -0.165797 -0.506106 -0.145206 -0.361197 0.040523 -0.260889 0.032974 -0.396019 0.591786 0.136340 -0.039034 0.036283 -0.112243 0.052311 0.073451 -0.083618 -0.147281 -0.257943 -0.134905 -0.292902 -0.069066 -0.408559 -0.209126 -0.403615 0.004143 -0.324437 0.334953 0.044878 0.448262 0.056448 0.034720 -0.132243 0.390837 -0.212848 0.073485 0.158554 0.156625 0.299743 -0.133328 -0.144357 -0.340841 0.072435 -0.401154 -0.157687 -0.044646 -0.191271 -0.250545 -0.071506 -0.141246 0.064937 -0.220306 -0.242652 -0.285889 -0.088235 -0.285346 -0.471977 -0.227752 -0.037595 0.041111 -0.190014
-0.270612 -0.051402 0.125470 -0.024621 0.568569 0.647239 0.017698 0.163952 0.242542 1.000000 -0.273246 -0.445683 0.038604 0.034964 -0.036051 0.557081 -0.116086 -0.475111 -0.194345 -0.216674 0.453189 0.495116 -0.091605 -0.225072 0.689480 0.440044 0.696161 0.401085 -0.115877 0.013521 0.012311 -0.121396 0.054555 -0.354704 -0.176326 -0.335365 0.067155 -0.163084 0.132722 -0.044327 0.088736 0.331723 0.015917 -0.036485 0.142525 -0.109177 -0.157003 -0.172279 0.179956 0.054725 0.138451 0.154094 -0.053507 -0.138417 -0.043666 -0.287692 -0.160954 -0.115102 0.426812 0.434566 0.213996 0.277503 -0.188607 -0.087327 -0.063352 0.028401 0.532090 0.109475 0.094342 0.175909 0.155939 -0.175755 -0.003097 0.096814 -0.027804 0.013538 -0.142651 -0.184817 0.070420 -0.239292 0.247240 -0.417639 -0.177580 0.018086 0.067548 -0.439412 -0.136984 -0.174179 -0.099187 -0.217190 -0.213002 -0.312274 -0.139257 -0.118563 0.085393 0.004682 0.131175 0.003088 -0.212548 -0.248388 0.343159 0.227403 0.467033 0.500288 0.488646 0.366195 0.365213 0.111516 0.115000 0.098256 -0.296962 -0.093812 -0.193215 0.283831 0.222969 0.126483
0.475429 -0.293828 0.451225 0.127253 -0.044191 -0.290495 0.495278 0.194197 0.346895 -0.273246 1.000000 0.154261 0.656507 0.031623 0.592456 -0.237127 0.365538 -0.119457 0.324004 0.076391 -0.229230 -0.431047 0.534467 0.424605 -0.202141 -0.055869 -0.258030 -0.450215 0.441461 -0.399902 0.250146 0.261304 -0.136152 -0.005002 0.339210 0.178924 0.043218 -0.419078 -0.146891 -0.345744 0.130655 -0.503653 -0.292361 -0.218277 -0.071533 -0.078246 -0.081053 -0.286048 0.170295 -0.063879 0.107749 -0.063655 0.013813 0.103206 0.130961 -0.221630 0.181079 -0.210155 -0.378827 -0.502621 0.006487 -0.200631 0.189665 -0.153017 0.411571 0.006094 -0.345390 -0.269055 -0.243269 -0.133625 0.102864 0.177018 -0.008086 -0.485877 -0.169762 -0.139112 0.133304 -0.135216 -0.204921 -0.133187 -0.077756 -0.059039 0.626494 -0.090526 0.540546 0.120769 0.440569 0.138117 0.462917 -0.174960 0.107264 0.198742 0.254613 0.388861 -0.236489 -0.268594 -0.245293 -0.301481 -0.173715 -0.315797 -0.119395 -0.382508 -0.372845 -0.331016 -0.302725 -0.167722 -0.317242 -0.272103 -0.325357 -0.124242 -0.053179 -0.403983 -0.176834 -0.060388 -0.060558 -0.087387
-0.094634 -0.035775 -0.118695 0.280020 -0.242710 -0.356036 -0.072047 0.332725 0.097077 -0.445683 0.154261 1.000000 -0.101966 0.436349 0.136538 -0.072523 -0.204178 0.198547 0.012850 0.053231 -0.247777 -0.207120 0.087068 0.424808 -0.316846 -0.111964 -0.474696 -0.312889 -0.079634 0.168191 0.055934 0.334312 0.057266 0.316209 0.320065 0.359490 -0.319894 0.229727 -0.280384 -0.022109 -0.124061 -0.149671 -0.226031 -0.150982 -0.050774 0.069257 -0.008085 -0.132882 -0.152914 -0.071132 0.084694 0.052083 0.134635 0.276004 -0.235156 0.170400 -0.164393 -0.374014 -0.307362 -0.355862 -0.246821 -0.214434 -0.020848 -0.016347 0.107305 0.126670 -0.277885 0.058630 -0.422661 -0.361860 -0.153745 0.296533 -0.180458 0.049615 -0.170653 0.109647 0.050235 0.200067 -0.221989 0.089263 -0.356078 0.110594 0.263829 0.157247 0.046819 0.519828 -0.070630 0.073670 -0.038436 0.127567 0.027422 0.236610 0.252890 0.166820 -0.114695 -0.046453 -0.155741 -0.025554 -0.088077 0.170045 -0.217875 -0.293150 -0.451856 -0.422226 -0.419298 -0.435630 -0.316153 -0.244482 -0.106557 -0.081749 0.136239 -0.286766 0.173631 -0.050946 -0.135118 -0.145404
0.492214 -0.227081 0.483998 -0.070343 0.259404 -0.073986 0.524221 0.057274 0.413403 0.038604 0.656507 -0.101966 1.000000 0.237617 0.683662 0.096913 0.405760 -0.197213 0.142257 -0.165112 0.163689 -0.070728 0.347826 0.108861 0.137594 0.035638 0.036956 -0.221794 0.595852 -0.064600 0.258934 0.184825 -0.089984 -0.195552 -0.116188 -0.237836 0.283684 -0.432701 -0.052476 -0.354506 0.172034 -0.097958 -0.127495 -0.079405 -0.054035 -0.296301 0.026440 -0.295753 0.230884 -0.024808 0.107959 0.063519 0.249078 0.085654 0.101730 -0.240992 0.097820 -0.370064 0.015743 -0.133563 0.309073 0.053740 0.235158 -0.052721 0.219796 -0.156819 -0.107848 -0.438422 0.012892 -0.210656 0.198814 0.042411 0.356195 -0.240547 0.127945 -0.131062 0.253671 -0.387780 0.079000 -0.310980 0.241891 -0.160088 0.416458 0.078779 0.335033 -0.358261 0.261596 -0.215351 0.195262 -0.262061 0.011030 0.136552 -0.048655 0.303772 -0.177201 -0.059730 -0.089617 -0.252757 -0.132661 -0.215380 0.013209 0.013590 -0.081845 0.061232 -0.025682 0.100262 -0.104572 -0.243219 -0.278503 -0.074999 -0.308316 -0.281805 -0.022522 0.065631 0.052304 -0.064746
-0.060106 0.057549 -0.144918 0.040891 0.201735 -0.158147 -0.122956 0.346474 0.208399 0.034964 0.031623 0.436349 0.237617 1.000000 0.152584 0.396354 0.127622 0.243417 -0.039860 0.069273 -0.051836 -0.129533 -0.169283 -0.038124 -0.146892 -0.268429 -0.129457 -0.381771 0.076588 0.461949 -0.014519 0.066939 -0.072819 0.108195 0.062260 -0.116820 -0.206238 -0.086901 -0.556099 -0.399791 -0.213817 0.155040 0.088087 0.029561 0.239144 -0.085134 0.048155 -0.086508 0.128234 0.064181 0.209806 0.078754 0.133527 -0.157335 -0.462609 -0.297042 -0.107161 -0.353658 0.203461 0.058861 0.359745 0.232611 0.414436 0.227113 0.213691 0.042513 0.050949 -0.176952 -0.008519 -0.154463 -0.163441 0.147495 0.055261 0.168867 -0.145668 0.149050 -0.038098 -0.098054 -0.047463 0.048626 0.187188 0.235341 0.258825 0.423186 0.150789 -0.107641 -0.181301 -0.474958 -0.003213 -0.084496 -0.111165 -0.042236 -0.233140 0.015976 -0.326923 -0.212130 -0.270745 -0.239680 -0.195343 -0.088168 -0.123352 0.264783 -0.048872 0.111786 0.006803 -0.053516 -0.151050 -0.190869 -0.327018 -0.244195 -0.156243 -0.118032 0.013789 -0.028963 0.106660 -0.240702
0.280774 -0.348508 0.455712 0.301379 0.377411 -0.077268 0.574363 0.343216 0.619498 -0.036051 0.592456 0.136538 0.683662 0.152584 1.000000 0.218031 0.174430 -0.276367 0.277048 0.106701 0.154414 -0.203580 0.411891 0.449703 0.042775 0.071517 0.134288 -0.284934 0.309370 -0.326069 0.136861 0.123994 -0.279608 -0.199133 0.046519 -0.070130 0.116181 -0.379473 -0.133893 -0.387465 0.145055 -0.216339 -0.255005 -0.300164 -0.047824 -0.200735 -0.114253 -0.340273 0.310557 -0.131982 0.241381 -0.037204 0.223563 0.148323 0.027640 -0.250978 -0.011661 -0.387541 -0.276308 -0.409151 -0.013619 -0.199519 0.052479 -0.262623 0.473473 -0.067076 -0.289031 -0.287719 -0.083429 -0.035516 0.071613 -0.146551 -0.051035 -0.326581 -0.078784 -0.360746 0.020557 -0.432144 -0.170955 -0.416265 0.082276 -0.362555 0.589027 0.140338 0.534238 -0.087691 0.220687 -0.017180 0.371329 -0.160848 0.204721 0.316021 0.248739 0.542902 -0.242771 -0.068421 -0.232286 0.022758 -0.187383 -0.083298 0.066695 -0.112725 -0.133797 -0.044535 -0.095317 -0.111973 -0.099310 -0.431340 -0.308060 -0.039738 -0.266156 -0.347610 -0.068048 0.148793 -0.053137 -0.190882
-0.431963 -0.109714 0.009538 0.245478 0.427104 0.424856 -0.146857 0.207248 0.217081 0.557081 -0.237127 -0.072523 0.096913 0.396354 0.218031 1.000000 -0.293065 -0.370242 -0.396272 -0.222123 0.320157 0.308050 0.120269 0.032216 0.566706 0.410157 0.508643 0.170721 -0.269908 0.197845 0.180663 0.037611 -0.354778 -0.499326 -0.107958 -0.301459 -0.025718 -0.094362 -0.004809 -0.147221 -0.140570 0.332491 0.290304 0.164530 0.391735 0.021564 0.111388 -0.154949 0.489253 0.160691 0.544484 0.354554 0.091306 0.010010 -0.136200 -0.263685 -0.403499 -0.336106 0.315199 0.207099 0.044958 0.060114 -0.196016 -0.209886 -0.048719 -0.236596 0.351599 -0.149075 -0.060585 -0.147625 -0.042494 -0.057856 -0.200179 0.102781 -0.160442 -0.052224 -0.292666 -0.414247 -0.034425 -0.364234 0.244075 -0.396945 -0.123160 0.379791 0.224215 -0.353980 -0.075990 -0.035289 -0.036861 -0.157471 -0.215982 -0.243859 -0.287061 -0.052637 -0.107964 -0.054255 0.031017 0.036898 -0.133618 -0.100763 -0.006231 0.270839 0.246458 0.383475 0.311373 0.194497 0.310636 -0.110468 -0.064029 0.010538 -0.224885 -0.210142 -0.129938 0.271420 0.233790 -0.046175
0.282478 -0.063528 0.074286 -0.073255 0.077069 -0.124056 0.172540 0.074360 0.139746 -0.116086 0.365538 -0.204178 0.405760 0.127622 0.174430 -0.293065 1.000000 0.190566 0.100034 0.255790 0.086959 -0.156402 -0.086071 -0.089622 -0.260418 -0.283186 -0.087097 -0.390642 0.659125 0.015141 0.046312 0.023288 0.051674 0.107149 -0.112111 -0.289649 0.344288 -0.383863 -0.287904 -0.486437 0.091941 -0.110264 0.023452 -0.005594 -0.105944 -0.180285 0.084140 0.036789 -0.105915 -0.091635 -0.163420 -0.261823 -0.019092 -0.154437 -0.078888 -0.234439 0.584921 0.063339 -0.108164 -0.160808 0.241891 -0.027998 0.566773 0.073702 0.194549 -0.164467 -0.193143 -0.312316 0.311871 0.108581 0.170387 0.061819 0.521735 -0.086671 0.152090 -0.045284 0.256142 -0.038733 0.507949 0.124493 0.640755 0.367992 0.343635 0.110969 0.185480 -0.119039 0.185315 -0.344630 0.140869 -0.231769 0.143149 0.029489 0.029626 -0.062622 -0.220127 -0.225742 -0.251903 -0.137047 0.064285 0.009166 0.073610 0.140947 -0.048213 0.000450 0.027483 0.103569 -0.277613 -0.210781 -0.244725 -0.072413 -0.122682 0.149914 0.050424 -0.148316 0.010083 -0.016701
0.155217 0.456727 -0.631992 -0.374991 -0.547858 -0.390115 -0.375686 -0.335960 -0.451566 -0.475111 -0.119457 0.198547 -0.197213 0.243417 -0.276367 -0.370242 0.190566 1.000000 -0.009094 0.237655 -0.519074 -0.266105 -0.530899 -0.380506 -0.682361 -0.621534 -0.546782 -0.208435 0.044185 0.442918 -0.481210 -0.342475 0.106751 0.424156 -0.106117 0.161840 -0.076802 0.267979 -0.199344 0.104252 -0.066655 0.067955 0.171264 0.308039 -0.187822 -0.106648 0.130391 0.501160 -0.400720 0.028897 -0.393497 -0.215724 -0.178314 -0.218870 -0.174535 0.267395 0.374784 0.421948 -0.022924 0.031318 0.214175 0.296248 0.450673 0.613325 -0.078656 0.214479 -0.354915 -0.323064 0.121245 -0.021656 -0.245748 0.062170 0.199788 0.185131 0.070806 0.151734 0.150463 0.309067 0.117558 0.673304 0.114320 0.723165 -0.006163 -0.043196 -0.237990 0.113568 -0.166424 -0.144206 -0.087731 0.235954 0.027261 -0.045105 -0.118674 -0.228574 -0.043261 0.098928 0.060300 -0.026433 0.280052 0.208809 0.034159 0.136200 0.035043 -0.140587 -0.096748 -0.266886 -0.125858 0.090212 0.055897 -0.172642 0.186833 0.445214 0.156422 -0.314213 -0.066686 -0.066532
0.382749 -0.006081 0.253286 -0.147599 0.152765 -0.356725 0.473903 0.081141 0.233159 -0.194345 0.324004 0.012850 0.142257 -0.039860 0.277048 -0.396272 0.100034 -0.009094 1.000000 0.473927 -0.185983 -0.223838 0.021536 0.095743 -0.351711 -0.325288 -0.052809 -0.205486 0.259497 -0.276308 -0.070558 0.049279 0.293989 0.487906 0.195618 0.101449 -0.201032 -0.265549 -0.340445 -0.240105 -0.115261 -0.272539 -0.163822 -0.233714 0.025381 -0.039569 -0.232440 -0.062303 -0.030434 -0.076168 -0.135190 -0.341199 -0.149957 -0.353814 -0.237655 -0.250047 0.065285 0.038296 -0.170230 -0.243859 0.185195 -0.013390 0.389432 0.120903 0.482963 0.115934 -0.046207 0.136827 0.169656 0.369948 -0.077141 -0.291391 -0.027002 -0.259660 -0.061874 -0.129329 0.109766 0.038415 -0.288093 0.030561 -0.160476 0.112637 0.461499 0.076492 0.159796 -0.013729 -0.024989 -0.278342 0.191500 -0.190791 0.119279 0.212176 0.044090 0.288039 -0.146226 -0.140210 -0.368963 -0.207958 -0.229807 -0.195059 -0.079921 0.025688 -0.154623 -0.062028 -0.266979 -0.116485 -0.225300 -0.148517 -0.125660 -0.150800 -0.022605 0.023904 -0.223427 -0.217003 -0.134032 -0.198903
0.134433 0.191483 -0.206505 -0.009069 0.058775 -0.424205 0.144476 0.135858 0.043136 -0.216674 0.076391 0.053231 -0.165112 0.069273 0.106701 -0.222123 0.255790 0.237655 0.473927 1.000000 -0.260058 -0.422744 -0.353406 0.114331 -0.499660 -0.493434 -0.127429 -0.422086 0.233308 0.009695 -0.372716 -0.218708 -0.005995 0.454457 0.092988 -0.007173 -0.073586 -0.143701 -0.365895 -0.310099 -0.089155 -0.144958 0.001229 -0.184917 -0.125733 -0.224219 -0.025865 0.276227 -0.240723 -0.335933 -0.222306 -0.583999 -0.201950 -0.257759 -0.356132 -0.233712 0.246248 0.321623 -0.347755 -0.328613 0.046915 -0.035397 0.493977 0.251680 0.328053 -0.148772 -0.421476 -0.083881 0.392468 0.602866 -0.178665 -0.246213 0.005443 -0.042343 -0.091313 -0.145125 0.024569 0.180447 -0.052511 0.319118 0.193297 0.383986 0.462643 0.353505 0.151689 0.016570 -0.262091 -0.215804 0.164979 -0.040745 0.525452 0.432226 0.259631 0.239817 -0.298085 -0.216444 -0.449513 0.020264 0.014523 0.168435 0.027727 0.194634 -0.013621 -0.086299 -0.113557 -0.005306 -0.172472 -0.009669 -0.018454 -0.071875 0.086341 0.267413 0.053992 -0.162498 -0.093109 -0.101193
-0.207529 -0.140810 0.285667 0.139617 0.464008 0.409606 0.077548 0.159377 0.161662 0.453189 -0.229230 -0.247777 0.163689 -0.051836 0.154414 0.320157 0.086959 -0.519074 -0.185983 -0.260058 1.000000 0.625097 0.069651 -0.019880 0.572416 0.420164 0.622807 0.325550 0.129073 0.062066 0.248416 0.147029 -0.076397 -0.382582 -0.183365 -0.365599 0.338750 0.015335 0.196324 -0.025071 0.346369 0.459570 -0.052575 -0.111559 -0.021204 -0.120772 0.021876 -0.183685 0.051450 -0.083418 0.013980 0.067659 0.288087 0.161473 0.025169 -0.128227 -0.226457 -0.252999 0.187639 0.270472 -0.123837 -0.061843 -0.291924 -0.310813 -0.244213 -0.277624 0.277900 0.119762 0.130555 0.001691 0.488720 0.088946 0.250620 0.289406 0.302793 0.141804 0.055656 -0.041471 0.236236 -0.371926 0.199097 -0.468079 -0.107927 -0.013577 -0.043964 -0.292349 -0.011203 -0.121827 -0.216280 -0.149389 -0.043971 0.039206 0.020223 0.111921 0.030973 -0.001007 0.132965 0.153969 -0.020908 0.159038 0.119280 0.238741 0.280797 0.464585 0.337410 0.402932 0.235828 -0.052630 -0.126952 0.277589 -0.130447 -0.044211 0.216878 0.371040 0.237059 0.118475
-0.300129 0.194296 -0.062871 -0.164445 0.189125 0.564405 -0.221347 -0.217081 -0.110558 0.495116 -0.431047 -0.207120 -0.070728 -0.129533 -0.203580 0.308050 -0.156402 -0.266105 -0.223838 -0.422744 0.625097 1.000000 -0.058210 -0.319323 0.547133 0.443407 0.554041 0.649060 -0.148998 0.174868 0.099526 0.022365 0.212782 -0.149548 -0.172658 -0.129718 0.117711 0.115922 0.264435 0.197433 0.160419 0.532469 0.022479 0.119499 0.075523 0.006914 -0.054887 -0.107814 0.048793 0.148493 0.001622 0.221639 0.118943 -0.021383 0.083475 -0.023674 -0.225589 0.053240 0.474287 0.556231 0.010068 0.184362 -0.261695 0.033755 -0.404961 -0.041239 0.485779 0.112149 0.116814 -0.154980 0.181585 0.018774 0.213408 0.325604 0.277915 0.227448 0.112879 0.003877 0.291395 0.003980 0.112029 -0.281813 -0.416538 -0.147572 -0.226478 -0.336279 -0.110526 -0.075986 -0.236785 -0.058489 -0.339408 -0.375498 -0.299175 -0.303775 0.134386 0.018900 0.368593 -0.010099 0.145162 0.020670 0.208154 0.201977 0.381192 0.433421 0.427277 0.187903 0.334965 -0.028326 0.010993 0.091331 -0.002923 0.099785 -0.004570 0.283523 0.372204 0.252598
-0.087905 -0.569480 0.701070 0.530854 0.088104 0.140833 0.349517 0.327508 0.378948 -0.091605 0.534467 0.087068 0.347826 -0.169283 0.411891 0.120269 -0.086071 -0.530899 0.021536 -0.353406 0.069651 -0.058210 1.000000 0.689073 0.367816 0.544092 0.058532 -0.090449 -0.048304 -0.502230 0.681610 0.489535 -0.382308 -0.360753 0.437043 0.355512 0.058279 -0.347974 0.084505 -0.176826 0.056634 -0.421992 -0.168090 -0.203173 0.186977 0.364136 -0.101047 -0.533838 0.507579 0.042315 0.574398 0.192499 0.139721 0.235205 0.251197 -0.259693 -0.226960 -0.361051 -0.243752 -0.388398 -0.413321 -0.585610 -0.420716 -0.663811 0.273476 -0.096570 0.054246 0.183942 -0.499775 -0.414192 0.216866 0.372122 -0.366601 -0.337469 -0.302244 -0.179642 -0.086382 -0.307479 -0.224905 -0.376331 -0.275692 -0.475314 0.158624 -0.113785 0.543829 0.208282 0.504432 0.425552 0.422896 -0.227147 -0.187269 0.010687 0.126688 0.230452 -0.034621 -0.160308 -0.174169 -0.211803 -0.251234 -0.324374 -0.220994 -0.565305 -0.475192 -0.351791 -0.329449 -0.140783 -0.311022 -0.224954 -0.187762 -0.054466 0.099881 -0.596190 -0.247138 0.044371 -0.078709 -0.056893
-0.167025 -0.518193 0.460332 0.806666 0.031404 -0.142175 0.255957 0.641682 0.374406 -0.225072 0.424605 0.424808 0.108861 -0.038124 0.449703 0.032216 -0.089622 -0.380506 0.095743 0.114331 -0.019880 -0.319323 0.689073 1.000000 0.078252 0.354130 -0.166569 -0.311167 -0.042712 -0.370755 0.456047 0.491545 -0.417956 -0.128795 0.493698 0.360764 -0.067096 -0.191479 -0.164408 -0.208328 -0.012119 -0.449177 -0.254583 -0.344006 0.024872 0.248673 -0.125981 -0.352470 0.138062 -0.188800 0.379103 -0.101473 0.087333 0.261718 -0.066099 -0.212547 -0.128926 -0.408725 -0.552574 -0.590312 -0.536589 -0.644583 -0.282163 -0.581143 0.326178 -0.184988 -0.214536 0.294765 -0.491695 -0.163134 0.113266 0.369963 -0.438339 -0.277332 -0.441537 -0.235440 -0.169148 -0.067951 -0.313566 -0.279469 -0.296625 -0.331744 0.479120 0.154401 0.558143 0.453763 0.313342 0.358704 0.386778 -0.153401 0.036754 0.379572 0.481194 0.429032 -0.133663 -0.144201 -0.385202 0.001719 -0.337157 -0.052589 -0.193286 -0.476680 -0.552723 -0.366731 -0.434311 -0.189706 -0.370314 -0.226944 -0.082874 0.100881 0.154102 -0.498962 -0.052793 0.019134 -0.200902 -0.089041
-0.369975 -0.324285 0.424484 0.153019 0.493343 0.593352 0.131901 0.118032 0.236326 0.689480 -0.202141 -0.316846 0.137594 -0.146892 0.042775 0.566706 -0.260418 -0.682361 -0.351711 -0.499660 0.572416 0.547133 0.367816 0.078252 1.000000 0.809496 0.648173 0.454999 -0.057815 -0.063777 0.492367 0.269332 -0.101202 -0.512291 -0.135232 -0.161790 0.164930 -0.180872 0.392799 0.069427 0.198768 0.203749 -0.001066 -0.022022 0.236304 0.080256 -0.037492 -0.332846 0.345014 0.152875 0.304233 0.336060 0.052370 0.124547 0.153315 -0.145276 -0.355479 -0.320791 0.292364 0.270272 -0.165586 -0.096816 -0.561103 -0.459589 -0.222612 -0.133860 0.493887 0.164354 -0.156267 -0.170882 0.402594 0.147896 -0.003833 0.128292 0.047918 -0.001219 -0.123556 -0.291754 0.091993 -0.473763 0.077984 -0.664024 -0.272857 0.004660 0.054496 -0.340379 0.127650 0.130366 -0.173935 -0.238595 -0.315600 -0.261066 -0.179965 -0.099366 0.195991 0.095643 0.218548 -0.032619 -0.176843 -0.186298 0.087293 -0.014308 0.185056 0.282132 0.239061 0.291236 0.313479 0.057813 0.160279 0.190714 -0.160587 -0.313949 -0.124891 0.238789 0.114040 0.241690
-0.334797 -0.346104 0.374629 0.361343 0.185732 0.581258 0.015113 0.153934 0.204240 0.440044 -0.055869 -0.111964 0.035638 -0.268429 0.071517 0.410157 -0.283186 -0.621534 -0.325288 -0.493434 0.420164 0.443407 0.544092 0.354130 0.809496 1.000000 0.409259 0.505857 -0.150072 -0.169271 0.557372 0.411575 -0.138648 -0.381994 0.040007 0.145829 0.010132 -0.055993 0.380587 0.152948 0.088686 -0.054599 -0.152507 -0.123480 0.030250 0.081957 -0.100685 -0.343265 0.191099 -0.018040 0.252300 0.146871 0.105356 0.239325 0.242731 -0.064350 -0.318856 -0.269807 0.104555 0.102001 -0.359222 -0.244012 -0.672576 -0.541900 -0.247492 -0.140999 0.325597 0.208125 -0.341299 -0.320552 0.393347 0.311677 -0.127983 0.094971 0.032702 0.073341 -0.056569 -0.104081 -0.029310 -0.413027 -0.079871 -0.646380 -0.243500 -0.163708 0.166264 -0.053672 0.312487 0.374234 0.004611 -0.200188 -0.290610 -0.103313 0.023675 -0.013056 0.302314 0.020197 0.222640 -0.021544 -0.047766 -0.067983 0.052187 -0.274099 -0.046898 0.061453 0.042433 0.151233 0.216589 -0.034094 0.173646 0.135964 0.036929 -0.338404 -0.098194 0.240348 0.060441 0.352064
-0.226372 -0.134072 0.288993 -0.024351 0.739642 0.679472 0.129206 0.088132 0.323960 0.696161 -0.258030 -0.474696 0.036956 -0.129457 0.134288 0.508643 -0.087097 -0.546782 -0.052809 -0.127429 0.622807 0.554041 0.058532 -0.166569 0.648173 0.409259 1.000000 0.348102 -0.101650 -0.199534 0.098974 -0.092047 0.008696 -0.390562 -0.115515 -0.322948 0.025297 -0.249755 0.128940 -0.123807 0.134202 0.279833 0.033117 -0.043727 0.222665 0.010819 -0.114390 -0.170095 0.406160 0.155465 0.212692 0.263264 0.055963 -0.062756 0.063141 -0.208709 -0.247673 -0.078092 0.320539 0.255141 0.078471 0.099717 -0.177740 -0.178136 0.000390 0.033902 0.399978 0.084087 0.274578 0.261255 0.219097 -0.261051 -0.036108 0.057196 0.064206 -0.143708 -0.200506 -0.315315 0.025135 -0.313240 0.182893 -0.529547 -0.220711 -0.073461 -0.043424 -0.467891 -0.101500 -0.180651 -0.079585 -0.171955 -0.100102 -0.279035 -0.246548 -0.096709 -0.003816 -0.040847 0.088657 0.191485 -0.144183 -0.141529 0.093555 0.236088 0.273157 0.456523 0.363420 0.351820 0.259152 0.030487 -0.108382 0.149004 -0.280254 -0.096066 -0.271815 0.187038 0.225956 -0.004962
-0.128196 0.270390 -0.176570 -0.242324 -0.082048 0.472548 -0.243812 -0.423538 -0.253582 0.401085 -0.450215 -0.312889 -0.221794 -0.381771 -0.284934 0.170721 -0.390642 -0.208435 -0.205486 -0.422086 0.325550 0.649060 -0.090449 -0.311167 0.454999 0.505857 0.348102 1.000000 -0.253115 0.086736 0.001339 -0.067101 0.158521 -0.118265 -0.313624 -0.043689 0.018278 0.330189 0.531593 0.534794 0.070799 0.354432 0.002531 0.138075 -0.089467 -0.066965 -0.104135 0.025742 -0.056697 0.082033 -0.164628 0.096030 0.045569 0.028384 0.269069 0.204619 -0.282898 0.198964 0.388709 0.486011 -0.051320 0.234882 -0.412520 0.041545 -0.548226 -0.045973 0.372915 0.086519 -0.016537 -0.192192 0.212589 -0.098786 0.100753 0.302702 0.399402 0.205360 0.149305 0.116696 0.087807 -0.145841 -0.103006 -0.333230 -0.551424 -0.357267 -0.315873 -0.237216 -0.074225 0.157405 -0.243789 0.058972 -0.294562 -0.271980 -0.199443 -0.202819 0.382127 0.242036 0.567460 0.124071 0.237883 0.074728 0.316630 0.155783 0.403723 0.354480 0.353947 0.193836 0.545469 0.196419 0.253657 0.079629 0.054758 0.197656 -0.067762 0.201013 0.217378 0.456100
0.424892 -0.081645 0.224302 -0.223235 0.109834 -0.282137 0.423439 -0.042922 0.137404 -0.115877 0.441461 -0.079634 0.595852 0.076588 0.309370 -0.269908 0.659125 0.044185 0.259497 0.233308 0.129073 -0.148998 -0.048304 -0.042712 -0.057815 -0.150072 -0.101650 -0.253115 1.000000 0.214493 0.252340 0.333599 0.236025 0.239189 -0.338986 -0.304271 0.315771 -0.338173 -0.091403 -0.296356 0.228654 -0.103205 -0.067795 -0.023803 -0.172258 -0.358137 0.100983 0.064099 -0.257505 -0.066316 -0.387866 -0.243299 -0.047189 -0.095674 -0.122573 -0.085050 0.299562 -0.119217 -0.130321 -0.141004 0.231850 0.064409 0.408353 0.108160 0.046425 -0.229168 -0.248922 -0.369426 0.178025 -0.001489 0.361408 0.137872 0.747759 0.034070 0.391032 0.096877 0.411920 0.012085 0.336296 -0.066320 0.394138 0.185102 0.398263 0.229144 -0.019491 -0.338577 0.066956 -0.357188 -0.211081 -0.400646 0.122860 0.236942 0.016414 0.121923 -0.143004 0.038588 -0.156801 -0.179438 0.046064 0.059185 -0.063099 0.140464 -0.087924 -0.008226 -0.163658 0.169501 -0.119589 -0.227988 -0.020577 0.116858 -0.219090 0.089059 0.203179 -0.200300 -0.037857 0.083712
-0.165344 0.391422 -0.531170 -0.276913 -0.199245 -0.112436 -0.406385 -0.223975 -0.344003 0.013521 -0.399902 0.168191 -0.064600 0.461949 -0.326069 0.197845 0.015141 0.442918 -0.276308 0.009695 0.062066 0.174868 -0.502230 -0.370755 -0.063777 -0.169271 -0.199534 0.086736 0.214493 1.000000 -0.091557 0.066622 0.199884 0.240641 -0.381754 -0.197991 0.060990 0.338060 -0.049767 0.124711 -0.040254 0.436767 0.274918 0.291309 -0.025108 -0.203403 0.230799 0.320754 -0.391638 0.060090 -0.308052 -0.077868 -0.031837 -0.179581 -0.335803 0.124336 -0.146801 -0.014948 0.274911 0.383022 0.238777 0.326062 0.210186 0.368706 -0.412865 -0.230121 0.049800 -0.236282 0.108443 -0.214330 0.036008 0.233948 0.549034 0.655397 0.391985 0.534643 0.260317 0.362270 0.285995 0.348160 0.262373 0.452730 -0.187822 0.358031 -0.303426 -0.222763 -0.282188 -0.296113 -0.448706 -0.039421 -0.229156 -0.079426 -0.343701 -0.297435 -0.064517 0.173238 0.114018 -0.094408 0.158392 0.244956 -0.145695 0.326740 0.139152 0.219568 -0.026162 0.155871 0.143402 0.139994 0.169325 0.045961 -0.060245 0.360492 0.394857 -0.041114 0.197598 0.196765
-0.195359 -0.531176 0.581058 0.394873 0.158676 0.107958 0.298774 0.321488 0.148515 0.012311 0.250146 0.055934 0.258934 -0.014519 0.136861 0.180663 0.046312 -0.481210 -0.070558 -0.372716 0.248416 0.099526 0.681610 0.456047 0.492367 0.557372 0.098974 0.001339 0.252340 -0.091557 1.000000 0.839448 -0.162629 -0.169051 0.106770 0.048422 0.029148 -0.327526 0.052144 -0.182299 0.059291 -0.205842 -0.053222 -0.067272 0.255776 0.287847 0.024578 -0.360899 0.239348 0.139578 0.306012 0.201669 0.031476 0.146442 -0.011387 -0.163466 -0.204952 -0.446072 -0.094236 -0.155950 -0.317036 -0.446058 -0.359580 -0.607219 -0.036588 -0.249175 0.214825 0.219974 -0.405415 -0.468001 0.377894 0.548839 0.041463 -0.021177 -0.047703 0.062905 -0.016896 -0.186663 -0.027247 -0.368800 -0.093934 -0.388519 0.041221 0.087474 0.150688 0.007126 0.379654 0.043185 -0.122329 -0.409723 -0.307026 -0.102662 -0.111547 -0.013579 0.031110 -0.088888 -0.110782 -0.231844 -0.135205 -0.066669 -0.316032 -0.212414 -0.325752 -0.080821 -0.269783 0.077866 -0.169581 -0.229409 -0.055300 0.060786 0.024214 -0.369258 -0.031380 -0.018772 0.086370 0.158431
-0.168082 -0.369927 0.366461 0.356933 -0.014209 -0.069632 0.252348 0.330166 0.021342 -0.121396 0.261304 0.334312 0.184825 0.066939 0.123994 0.037611 0.023288 -0.342475 0.049279 -0.218708 0.147029 0.022365 0.489535 0.491545 0.269332 0.411575 -0.092047 -0.067101 0.333599 0.066622 0.839448 1.000000 0.072124 0.176564 0.093681 0.150706 -0.114068 -0.190798 -0.069626 -0.110519 -0.014261 -0.247439 -0.105481 -0.060034 0.150136 0.176537 -0.049977 -0.282077 -0.054331 0.054535 0.107683 0.072020 -0.013741 0.088380 -0.239736 -0.140296 -0.152089 -0.477661 -0.124467 -0.162678 -0.229640 -0.295421 -0.193824 -0.365786 -0.050063 -0.203789 0.161517 0.178850 -0.357249 -0.383500 0.235558 0.492566 0.157364 -0.020764 -0.000437 0.149972 0.082730 0.031346 -0.028524 -0.192893 -0.106713 -0.196553 0.237561 0.219041 0.103647 0.113136 0.308528 -0.021265 -0.225476 -0.422608 -0.358463 -0.003513 -0.013486 0.007728 0.014512 -0.090894 -0.199864 -0.285814 -0.210708 -0.039718 -0.317377 -0.185587 -0.389322 -0.098639 -0.365128 -0.055028 -0.210514 -0.258733 0.005942 0.009785 -0.036931 -0.335799 0.096862 0.016606 -0.057200 0.177617
0.242179 0.327453 -0.196827 -0.524839 -0.001642 0.088565 0.042446 -0.371082 -0.066037 0.054555 -0.136152 0.057266 -0.089984 -0.072819 -0.279608 -0.354778 0.051674 0.106751 0.293989 -0.005995 -0.076397 0.212782 -0.382308 -0.417956 -0.101202 -0.138648 0.008696 0.158521 0.236025 0.199884 -0.162629 0.072124 1.000000 0.654229 -0.236965 -0.045455 -0.258304 0.010448 -0.089786 0.071593 -0.060924 0.005054 -0.162903 -0.009638 -0.106077 -0.142111 -0.116729 0.096501 -0.400773 0.160195 -0.502712 -0.018405 -0.058882 -0.200145 -0.133045 0.090656 0.078002 0.120469 0.339753 0.350884 0.407803 0.429331 0.272794 0.460827 -0.068342 0.291581 0.246805 0.015841 0.315801 0.202874 -0.073592 -0.223760 0.451660 0.191596 0.410905 0.250096 0.359297 0.245956 0.089341 0.259041 -0.071004 0.246688 -0.129114 -0.148914 -0.471262 -0.218681 -0.175245 -0.352267 -0.332218 -0.130749 -0.107586 -0.111739 -0.210155 -0.302889 0.098419 -0.049926 0.102031 -0.176767 0.066617 -0.030986 0.080195 0.056845 0.027293 0.043325 -0.084095 0.096761 0.000578 0.021360 0.039213 -0.086667 -0.195461 0.239351 0.084494 0.059573 0.122495 0.131868
0.171600 0.376210 -0.335760 -0.285347 -0.278715 -0.350818 0.041845 -0.150392 -0.188372 -0.354704 -0.005002 0.316209 -0.195552 0.108195 -0.199133 -0.499326 0.107149 0.424156 0.487906 0.454457 -0.382582 -0.149548 -0.360753 -0.128795 -0.512291 -0.381994 -0.390562 -0.118265 0.239189 0.240641 -0.169051 0.176564 0.654229 1.000000 0.066322 0.347799 -0.372295 -0.023405 -0.371537 -0.089280 -0.230365 -0.228649 -0.189882 -0.115019 -0.122683 -0.081203 -0.255606 0.140936 -0.509087 -0.078018 -0.465959 -0.423542 -0.229815 -0.383026 -0.452815 -0.120239 0.168293 0.264328 0.049987 0.077480 0.272814 0.268305 0.477402 0.556462 0.156239 0.196862 -0.044704 0.053999 0.187561 0.204613 -0.227177 -0.062884 0.308389 0.125209 0.181224 0.245415 0.359377 0.422455 -0.020911 0.530685 -0.078843 0.528522 0.216819 0.068818 -0.173535 0.034174 -0.169770 -0.338136 -0.120929 -0.142882 -0.016873 0.154917 -0.020216 -0.067648 -0.101097 -0.208919 -0.247038 -0.351123 0.047302 0.093956 0.057083 0.092563 -0.080040 -0.080526 -0.248953 -0.149300 -0.205486 -0.053749 -0.030296 -0.325029 0.034298 0.266265 0.163598 -0.141673 -0.022461 0.133309
-0.177141 -0.239849 0.245034 0.355041 -0.067918 -0.122079 0.075086 0.414451 0.172311 -0.176326 0.339210 0.320065 -0.116188 0.062260 0.046519 -0.107958 -0.112111 -0.106117 0.195618 0.092988 -0.183365 -0.172658 0.437043 0.493698 -0.135232 0.040007 -0.115515 -0.313624 -0.338986 -0.381754 0.106770 0.093681 -0.236965 0.066322 1.000000 0.588525 -0.293292 -0.131992 -0.329922 -0.276631 -0.231196 -0.370346 -0.153110 -0.220956 0.257463 0.456172 -0.188004 -0.354156 0.264648 -0.013403 0.448144 0.030207 -0.100462 0.049083 -0.176666 -0.323907 -0.080155 -0.061742 -0.314523 -0.382572 -0.259502 -0.424917 -0.085480 -0.233574 0.417441 0.069858 -0.016654 0.325947 -0.378600 -0.050926 -0.112130 0.235725 -0.548281 -0.283670 -0.594332 -0.002220 -0.241170 0.163888 -0.305152 0.110054 -0.375135 -0.051762 0.261848 -0.052521 0.513244 0.439794 0.174902 0.164872 0.440947 -0.085679 -0.074276 0.083955 0.232404 0.281623 -0.287437 -0.374043 -0.430943 -0.347834 -0.309629 -0.234336 -0.150476 -0.337093 -0.325247 -0.210760 -0.241843 -0.207420 -0.437131 -0.082566 -0.336887 -0.121360 0.238735 -0.432316 -0.179505 0.004242 -0.022902 -0.161622
-0.168992 -0.050739 0.055068 0.198135 -0.356442 -0.108970 -0.029385 0.112862 -0.031694 -0.335365 0.178924 0.359490 -0.237836 -0.116820 -0.070130 -0.301459 -0.289649 0.161840 0.101449 -0.007173 -0.365599 -0.129718 0.355512 0.360764 -0.161790 0.145829 -0.322948 -0.043689 -0.304271 -0.197991 0.048422 0.150706 -0.045455 0.347799 0.588525 1.000000 -0.295156 0.075160 -0.059370 0.128801 -0.134769 -0.440088 -0.334095 -0.268812 -0.048623 0.323197 -0.396267 -0.212052 -0.040634 -0.154098 0.076766 -0.228958 -0.125381 -0.062068 -0.049659 -0.091741 -0.095993 0.142850 -0.167755 -0.175159 -0.210161 -0.155634 -0.183603 0.035947 0.237776 0.374298 -0.123017 0.275505 -0.446209 -0.187869 -0.043961 0.333698 -0.334932 -0.039479 -0.255418 0.127672 0.035996 0.310977 -0.247493 0.335761 -0.449399 0.057879 0.063998 -0.309118 0.241387 0.442189 0.188526 0.366124 0.370666 0.091153 -0.218843 0.100369 0.198801 0.131071 0.019018 -0.169201 -0.177244 -0.298148 -0.170532 -0.176420 0.009628 -0.489614 -0.304191 -0.353286 -0.312311 -0.424251 -0.304746 0.071774 -0.030459 -0.282815 0.327731 -0.240843 -0.107773 -0.203197 -0.163567 0.136622
