1.000000 0.022123 -0.079935 -0.352852 -0.194172 -0.248641 0.240691 -0.105906 -0.143380 -0.115950 0.543173 0.316666 0.471414 0.452536 0.066627 -0.162968 0.335792 0.000797 -0.040606 -0.331183 -0.136970 -0.186744 -0.206626 -0.336382 -0.151089 -0.252138 -0.101660 -0.216176 0.057991 0.027845 -0.254065 -0.282463 0.029160 0.121834 0.169889 -0.054225 0.089328 -0.045050 0.039466 0.128138 0.144379 -0.110509 0.121447 0.077420 0.132225 -0.127226 -0.004392 -0.151111 0.282167 -0.299367 0.079888 -0.159823 0.223610 -0.123461 0.197943 -0.175761 0.028213 -0.205225 0.342582 -0.224570 0.558681 0.289374 0.379810 0.346996 0.117165 0.400560 0.139987 -0.314621 -0.147773 -0.130958 0.119378 0.025169 0.051326 -0.118477 0.178647 0.138628 0.146201 0.058212 -0.141424 -0.008270 -0.064381 0.020806 -0.124138 -0.265509 -0.009957 -0.363035 0.140362 -0.225776 0.248980 -0.280136 -0.215498 -0.261134 -0.304615 -0.022868 -0.156225 0.076420 -0.151893 -0.189880 0.071361 -0.056253 -0.144714 -0.048142 -0.121202 -0.130860 -0.135214 -0.206939 -0.072970 -0.145564 0.032865 0.036759 -0.237761 -0.027517 0.009893 0.078772 0.017241 0.160670
0.022123 1.000000 -0.378144 0.147387 -0.008894 -0.221305 -0.320184 -0.087760 -0.075760 -0.083595 -0.134448 0.385801 0.001106 0.068632 0.058085 0.099272 0.303192 0.490601 -0.190690 0.091155 -0.080209 -0.207000 -0.223595 -0.208709 -0.172055 -0.282882 -0.010953 -0.123339 0.009968 0.227905 -0.236748 -0.229523 0.055816 -0.002464 -0.288901 -0.267669 0.085107 0.177545 -0.092120 0.174288 -0.124933 -0.057168 -0.187612 -0.178513 -0.330062 -0.439561 -0.206180 -0.077129 -0.115715 -0.135042 -0.182036 0.112609 0.230672 0.208448 0.079839 0.233370 0.291401 0.490998 0.033328 0.163244 0.234583 0.023614 0.224904 0.142339 0.071019 0.097887 -0.136086 -0.390074 0.285920 0.281885 -0.017722 0.053916 0.161650 0.073121 0.013304 0.186385 0.048724 -0.054111 0.071289 0.254135 0.105128 0.191175 -0.139815 0.071438 0.075958 0.039065 0.174342 -0.017889 0.057510 0.448232 -0.039164 -0.069812 0.108176 0.022688 -0.319232 -0.189261 -0.280223 -0.172966 -0.127755 0.204273 -0.038294 0.116219 -0.021827 -0.024481 0.016486 0.135383 -0.000451 0.127154 -0.053812 -0.260996 -0.353158 0.227865 0.306209 0.032553 0.206213 0.213202
-0.079935 -0.378144 1.000000 0.100908 0.097131 0.430815 0.362393 -0.135670 0.082626 -0.101384 0.259175 -0.079084 -0.327769 -0.292934 0.026555 -0.504499 -0.575284 -0.427594 0.079500 -0.284096 -0.060051 0.178523 0.756583 0.473598 0.779795 0.668341 0.361115 0.610525 -0.393711 -0.541683 0.331077 0.126107 -0.262895 -0.139891 0.533726 0.451412 -0.142005 -0.378861 0.395584 -0.189693 0.103003 -0.137218 0.130418 0.039843 0.074693 0.339158 0.120000 0.003513 0.164490 -0.078433 0.655517 0.230773 0.112798 0.110368 0.353706 -0.173135 -0.298631 -0.095053 -0.370007 -0.143246 -0.605686 -0.289467 -0.449742 -0.099328 -0.206035 -0.047804 -0.061529 0.380879 -0.313552 -0.269944 0.023500 -0.319953 -0.568226 -0.354157 -0.363664 -0.357911 -0.149735 -0.003313 0.054849 -0.152856 -0.325837 -0.302516 0.328517 -0.096043 0.008474 0.432183 0.285391 0.383371 0.255754 0.282065 -0.052432 0.000366 0.038019 -0.200479 0.394673 0.008267 0.342642 0.120385 -0.118174 -0.300574 -0.301096 -0.553383 -0.439004 -0.353406 -0.311363 -0.354656 -0.088069 -0.420049 0.230518 0.199171 0.519110 -0.307386 -0.467703 -0.289455 -0.244226 -0.297463
-0.352852 0.147387 0.100908 1.000000 0.301432 0.450821 -0.086102 0.391452 0.087122 0.067930 -0.096027 0.272085 -0.272848 0.127623 0.096594 0.124336 -0.346998 -0.062863 -0.045572 0.415542 -0.006093 0.015213 0.260783 0.727314 0.162959 0.231490 0.158381 0.291255 -0.374377 -0.267723 -0.048287 -0.018936 -0.283377 -0.152963 0.003228 0.200285 -0.300365 -0.104271 -0.045311 -0.096622 -0.132674 0.021156 -0.266015 -0.266274 -0.229981 0.039200 -0.294427 0.026436 -0.152366 -0.006960 0.143894 0.057431 -0.039832 0.021341 -0.155304 -0.113436 -0.071165 -0.004328 -0.253176 -0.247631 -0.278477 -0.257433 -0.406851 -0.358514 0.025709 0.192993 -0.201049 0.274752 -0.205185 -0.177673 -0.133102 -0.150890 -0.467857 -0.324388 -0.509086 -0.104397 -0.320796 -0.177774 0.017514 -0.193776 -0.168417 -0.212007 0.099077 0.042912 0.063187 0.342174 0.027274 0.102472 0.189869 0.345349 0.211507 0.087864 0.654346 -0.003026 -0.087918 -0.054538 -0.307731 -0.066538 -0.295445 -0.266923 -0.129722 -0.205022 -0.416307 -0.286666 -0.324740 -0.145854 0.280816 -0.221525 0.078294 -0.151481 -0.156287 0.160755 -0.102446 -0.309140 -0.012254 -0.270259
-0.194172 -0.008894 0.097131 0.301432 1.000000 0.183306 0.207099 0.266268 0.642013 0.370138 -0.207476 0.138332 -0.029375 0.198737 -0.041246 0.177710 -0.020668 -0.088093 0.041017 0.045275 0.283056 0.107372 -0.165461 0.076111 -0.125681 -0.199878 0.189663 -0.149532 -0.174003 -0.190828 0.020032 -0.068933 -0.238289 -0.041604 -0.095229 0.114016 -0.432244 0.026333 -0.413986 -0.112922 -0.190869 0.111471 -0.204881 -0.288753 0.137601 0.173088 -0.171448 -0.149432 -0.125820 0.287936 -0.019848 0.087371 -0.037673 -0.177719 -0.072645 -0.073140 -0.144222 -0.189437 0.137815 0.282309 0.011751 0.175905 -0.100804 -0.002370 0.390609 0.372456 0.256582 0.311573 -0.287013 0.060860 -0.252194 0.094657 -0.145176 -0.218663 -0.234650 -0.287200 -0.365757 -0.248652 -0.253769 -0.474920 -0.329839 -0.461247 -0.115031 -0.046567 -0.332734 -0.042146 -0.176952 -0.161807 -0.040028 0.184664 -0.057886 0.057613 0.142105 -0.037574 -0.256544 0.057162 -0.081030 -0.113153 -0.021932 -0.329817 -0.058802 -0.196838 -0.057785 -0.154880 -0.052487 -0.102148 0.290629 0.032402 -0.076239 -0.147404 -0.160097 -0.045720 -0.045789 -0.190115 -0.073176 -0.205979
-0.248641 -0.221305 0.430815 0.450821 0.183306 1.000000 -0.091626 -0.075666 0.346519 0.364490 0.176103 -0.195021 -0.290002 -0.261008 -0.126405 -0.388188 -0.440998 -0.333608 -0.218310 0.078583 0.049189 0.140511 0.298195 0.552760 0.304318 0.511361 0.295244 0.599471 -0.607426 -0.677172 -0.100625 -0.185455 -0.345235 -0.255452 0.252629 0.339805 -0.317096 -0.260458 0.157343 -0.167018 -0.272731 0.127204 0.086602 0.050994 0.085324 0.298501 0.035447 0.166606 0.377992 0.223883 0.406894 0.350381 0.200004 0.101977 0.236809 0.029341 0.008264 -0.004587 -0.165149 -0.000050 -0.385913 -0.448891 -0.328235 -0.390132 -0.472757 -0.074893 0.071876 0.564441 -0.186754 0.040540 -0.010462 -0.289374 -0.624740 -0.154062 -0.430423 -0.267275 -0.227460 -0.130465 -0.024444 -0.137664 -0.309868 -0.359997 -0.131942 -0.426355 -0.171031 0.209328 -0.119700 0.157619 0.176583 0.324591 0.344905 0.141268 0.192974 0.001567 0.208795 -0.126072 -0.025534 -0.046517 0.021736 -0.111030 -0.211379 -0.203138 -0.313888 -0.156546 -0.130568 -0.122736 0.086636 -0.336019 -0.037165 0.042799 0.211371 0.084448 -0.240009 -0.290085 -0.136875 -0.251848
0.240691 -0.320184 0.362393 -0.086102 0.207099 -0.091626 1.000000 0.419223 -0.029203 -0.224250 0.239363 0.194057 0.567247 0.355302 0.384924 0.213400 -0.188478 -0.436831 0.305663 -0.068927 0.178216 -0.055895 0.054750 0.020717 -0.010370 0.031538 0.077669 -0.171331 0.105812 -0.037216 0.154135 0.100457 -0.092079 0.179302 0.112490 0.093449 -0.242175 -0.076615 0.106524 0.098338 -0.015485 -0.063347 -0.178355 -0.148101 0.026825 0.075460 -0.199979 -0.091621 0.062148 -0.110457 0.072336 -0.335721 -0.123680 -0.373651 -0.020768 -0.302224 -0.567240 -0.557885 -0.099208 -0.282166 0.175656 -0.012950 -0.096019 -0.076838 0.565858 0.173824 0.098317 0.084833 -0.512422 -0.291294 0.181585 -0.001803 0.057562 -0.151231 0.001643 0.025480 -0.174827 -0.078072 -0.497740 -0.520642 -0.440826 -0.425446 0.113671 0.011528 -0.161631 0.005804 0.166879 0.086075 0.051151 -0.178754 -0.342828 -0.024077 -0.023909 -0.084400 0.072077 0.260290 0.055374 -0.026882 -0.160233 -0.367380 0.113573 -0.248286 -0.079697 -0.149001 -0.122904 -0.172729 0.053372 -0.155857 0.201832 0.062246 0.061803 -0.089929 -0.125322 -0.118874 -0.008041 -0.114384
-0.105906 -0.087760 -0.135670 0.391452 0.266268 -0.075666 0.419223 1.000000 0.013543 0.033067 -0.285355 0.349771 0.223963 0.541035 -0.052127 0.390893 -0.061802 -0.303361 0.013834 0.138868 -0.024344 0.020043 -0.285750 0.079148 -0.330004 -0.095523 -0.259403 -0.323135 0.179322 0.134652 -0.147503 0.020993 0.129181 0.405689 -0.096362 0.120245 -0.031466 -0.030301 -0.243924 -0.028462 0.043178 0.211298 -0.409224 -0.373857 -0.025103 -0.018754 -0.408563 -0.289191 -0.100806 0.012275 -0.112846 -0.376766 0.058051 -0.475107 -0.252207 -0.425420 -0.413190 -0.498334 0.169033 0.053679 0.171388 0.179228 0.009980 -0.144262 0.490726 0.349845 0.311068 0.341878 -0.210017 -0.131714 -0.193915 -0.075637 -0.013749 -0.148415 -0.155077 0.076083 -0.142159 -0.017587 -0.206514 -0.508893 -0.071646 -0.323228 -0.046445 0.196630 0.000394 0.147504 -0.030729 0.048854 -0.222836 -0.108474 -0.139237 -0.167224 0.275366 -0.152073 -0.066289 0.200929 -0.210583 0.090209 -0.369650 -0.543304 0.124853 -0.076944 -0.150095 -0.266969 -0.367519 -0.307259 -0.035937 -0.060237 0.067996 -0.119529 -0.256675 -0.261910 -0.107192 -0.362153 -0.165652 -0.298728
-0.143380 -0.075760 0.082626 0.087122 0.642013 0.346519 -0.029203 0.013543 1.000000 0.852990 0.016433 -0.047978 -0.049331 -0.008895 -0.188179 -0.062516 -0.053931 -0.070749 -0.199769 -0.036154 0.087280 0.076501 -0.121045 -0.052870 -0.103305 -0.106713 0.030232 -0.018840 -0.326775 -0.505756 -0.267079 -0.265508 -0.193354 -0.028923 0.095144 0.209676 -0.226697 0.073006 -0.362056 -0.179028 -0.242703 0.352750 -0.014451 -0.163917 0.098529 0.091129 -0.024506 0.047694 0.120008 0.331956 0.166709 0.356140 0.166492 0.094517 -0.001173 0.048269 0.003144 -0.052930 -0.015695 0.301870 -0.073690 -0.007121 -0.159168 -0.247480 0.064586 0.208387 0.217025 0.358396 -0.044655 0.252270 -0.234386 -0.127878 -0.375519 0.055307 -0.222613 -0.304848 -0.024480 0.065609 -0.276133 -0.348226 -0.248264 -0.379328 -0.211061 -0.162686 -0.332541 -0.059966 -0.444444 -0.070086 0.037496 0.162450 0.231173 0.199909 0.039512 -0.045235 -0.102680 -0.128028 -0.067411 -0.084918 0.102849 -0.082707 -0.097252 -0.194923 -0.109539 -0.243910 -0.064570 -0.140895 0.107247 -0.096990 -0.155428 -0.199338 -0.027601 -0.021354 -0.143431 -0.142171 -0.244032 -0.125778
-0.115950 -0.083595 -0.101384 0.067930 0.370138 0.364490 -0.224250 0.033067 0.852990 1.000000 -0.044777 -0.050713 -0.088198 0.029390 -0.417440 -0.102695 -0.022357 -0.076105 -0.330302 -0.131539 -0.132780 -0.006396 -0.269324 -0.168107 -0.242114 -0.147848 -0.161350 -0.092043 -0.334378 -0.507530 -0.456246 -0.382109 -0.142145 -0.021719 0.112335 0.181775 -0.196126 0.053770 -0.394718 -0.188869 -0.273276 0.495164 0.141780 0.035281 0.241021 0.120777 0.095391 0.085819 0.300570 0.398156 0.223837 0.412492 0.304178 0.165499 0.056534 0.161532 0.096570 -0.045825 0.137038 0.328557 0.049790 0.021595 -0.063166 -0.244917 -0.056630 0.178021 0.316540 0.382122 0.031035 0.223746 -0.284940 -0.176223 -0.382489 0.167579 -0.184145 -0.221566 0.028347 0.119397 -0.262899 -0.196265 -0.192977 -0.328675 -0.327494 -0.267494 -0.332135 -0.122352 -0.512850 -0.113735 0.031044 0.066402 0.274731 0.065305 -0.091142 -0.135587 -0.153523 -0.096808 -0.114292 -0.051036 0.217309 0.044171 -0.124002 -0.107536 -0.097873 -0.199523 -0.072153 -0.147575 0.040681 -0.119207 -0.176648 -0.108185 -0.134970 0.003729 -0.129127 -0.163453 -0.255425 -0.129477
0.543173 -0.134448 0.259175 -0.096027 -0.207476 0.176103 0.239363 -0.285355 0.016433 -0.044777 1.000000 0.149161 0.389651 0.160898 0.319303 -0.330742 -0.184584 -0.156562 -0.116919 -0.124813 -0.152978 -0.201508 0.222432 0.061011 0.233050 0.060679 0.142373 0.181031 -0.295251 -0.355908 -0.196365 -0.299138 -0.299544 -0.198937 0.393515 0.146616 -0.072398 -0.114201 0.212427 0.029125 -0.009237 -0.148909 0.187441 0.145198 0.011142 0.100817 0.052703 0.146605 0.340662 -0.116200 0.270267 0.188270 0.036974 0.174125 0.256096 -0.008158 -0.170412 -0.133566 -0.189836 -0.420966 -0.007375 -0.234120 -0.116362 -0.145864 -0.200278 0.177316 -0.166676 -0.063248 -0.224450 -0.138218 0.254709 -0.101270 -0.271809 0.007488 -0.009441 0.022167 0.094079 0.086712 -0.173695 -0.041673 -0.218602 0.000408 -0.035607 -0.363962 0.057752 -0.153906 0.204336 0.007080 0.482193 -0.055606 0.042062 0.099068 -0.158186 0.160465 0.059726 -0.012011 -0.028529 -0.100311 0.051522 0.040395 -0.237955 -0.281697 -0.325019 -0.257477 -0.158577 -0.123785 -0.049072 -0.216951 0.034051 0.011103 0.122169 0.140288 -0.101265 0.019611 -0.029953 0.096265
0.316666 0.385801 -0.079084 0.272085 0.138332 -0.195021 0.194057 0.349771 -0.047978 -0.050713 0.149161 1.000000 0.204352 0.700767 0.036883 0.126225 0.117278 0.220139 -0.158591 -0.200424 -0.272302 -0.220318 -0.161539 0.007787 -0.122003 -0.269442 -0.102000 -0.260292 -0.045031 0.035765 -0.311442 -0.290857 -0.182807 0.012799 -0.004860 -0.141901 -0.070322 0.050615 -0.156256 -0.081261 0.060289 0.074547 -0.043859 -0.050197 0.046561 -0.101370 -0.104918 -0.282624 0.106097 -0.049517 0.290272 0.093301 0.237776 -0.044164 0.180692 -0.089229 -0.115616 -0.315599 0.147686 -0.174483 0.246722 0.247359 0.117220 0.112462 0.386961 0.687518 0.098658 -0.124411 -0.270130 -0.380982 -0.026922 0.048922 -0.139227 -0.050498 -0.045810 0.174605 -0.171984 -0.075392 -0.151271 -0.055412 -0.240204 -0.219047 -0.021335 -0.007313 0.065276 0.095241 0.268386 0.065777 0.192987 0.137064 -0.319921 -0.451802 0.020232 -0.334716 -0.406510 -0.158380 -0.246157 -0.369169 -0.138216 -0.297298 -0.410196 -0.376482 -0.458636 -0.442744 -0.405342 -0.226446 0.117603 -0.189287 0.119021 -0.280133 -0.512290 -0.054837 0.006385 -0.331284 0.016859 -0.042317
0.471414 0.001106 -0.327769 -0.272848 -0.029375 -0.290002 0.567247 0.223963 -0.049331 -0.088198 0.389651 0.204352 1.000000 0.524663 0.445371 0.429663 0.243741 -0.071352 0.080407 0.020240 0.124588 -0.182601 -0.445306 -0.383090 -0.524029 -0.444128 -0.145852 -0.519663 0.248679 0.204153 -0.268550 -0.216367 0.008970 0.183732 -0.184702 -0.270969 -0.153477 0.118941 -0.140002 0.166514 -0.097001 -0.014514 -0.099728 -0.048683 0.050200 -0.199526 -0.173489 0.036471 0.211207 -0.114785 -0.254387 -0.380894 -0.030613 -0.281001 -0.042921 -0.052233 -0.336131 -0.410316 0.166214 -0.222511 0.670740 0.157874 0.294695 0.021984 0.521000 0.130779 0.162133 -0.232397 -0.200618 0.022497 0.235668 0.142094 0.356817 0.202510 0.273224 0.201851 0.003848 -0.103338 -0.530833 -0.354062 -0.256438 -0.132466 -0.214589 -0.086949 -0.191292 -0.480702 0.050990 -0.211441 0.045119 -0.375984 -0.187865 0.026637 -0.245130 0.082595 -0.165647 0.133125 -0.124987 -0.212290 0.136541 -0.040290 0.193026 0.115698 0.135314 0.007030 0.103182 0.034906 0.015110 0.170222 0.106592 -0.080212 -0.236882 0.252351 0.147594 0.143711 0.143355 0.235359
0.452536 0.068632 -0.292934 0.127623 0.198737 -0.261008 0.355302 0.541035 -0.008895 0.029390 0.160898 0.700767 0.524663 1.000000 0.058306 0.324037 0.106085 -0.080299 -0.126605 -0.149750 -0.154231 -0.307196 -0.443572 -0.156420 -0.452552 -0.463665 -0.252254 -0.571964 0.010340 0.126762 -0.393490 -0.297562 -0.070181 0.215827 -0.030754 -0.146134 -0.262437 0.051429 -0.352528 0.002317 -0.024871 0.111141 -0.128236 -0.099363 0.215960 -0.016171 -0.233332 -0.215850 0.215894 0.020842 0.015205 -0.236425 0.115970 -0.439802 0.016467 -0.180797 -0.359804 -0.575458 0.461879 -0.080666 0.565553 0.517055 0.273026 0.225253 0.505630 0.759607 0.421391 0.007148 -0.351024 -0.174477 -0.135248 0.012543 0.033877 -0.096001 0.024406 0.194729 -0.171115 -0.064836 -0.364426 -0.297113 -0.314910 -0.321878 -0.216527 -0.160352 -0.211930 -0.391104 0.104583 -0.234340 0.042680 -0.298419 -0.176241 -0.293298 0.028881 -0.116296 -0.399511 0.125821 -0.344995 -0.217347 -0.029695 -0.324144 -0.101569 -0.184912 -0.153875 -0.260536 -0.246875 -0.195745 0.163958 -0.065738 0.115666 -0.214687 -0.589391 -0.003854 0.124145 -0.097865 0.015930 -0.041568
0.066627 0.058085 0.026555 0.096594 -0.041246 -0.126405 0.384924 -0.052127 -0.188179 -0.417440 0.319303 0.036883 0.445371 0.058306 1.000000 0.514638 -0.024552 0.089907 0.441110 0.399003 0.285553 -0.099525 0.288386 0.204104 0.133327 0.058181 0.274577 0.029204 0.132411 0.156941 0.278115 0.269366 -0.045310 0.102567 -0.087032 -0.148502 -0.076534 0.026232 0.299566 0.106990 0.049446 -0.409153 -0.234288 -0.200774 -0.439965 -0.324000 -0.187613 0.198961 -0.334605 -0.276343 -0.235347 -0.256580 -0.446788 0.029599 -0.234760 -0.122251 -0.114452 -0.056683 -0.442836 -0.439503 0.050439 -0.186429 -0.228665 -0.190151 0.288039 -0.133319 -0.439149 -0.377341 -0.070760 -0.040054 0.437278 0.254974 0.236284 0.019220 0.195195 0.105648 0.024326 -0.052066 -0.240249 -0.150484 -0.146072 0.032331 0.276933 0.164175 0.108534 -0.078671 0.239384 0.016118 0.273868 -0.061190 -0.035226 0.175305 0.130173 0.080243 -0.072667 -0.121700 -0.049840 -0.216315 -0.164712 -0.020250 0.201873 -0.048961 -0.051950 -0.056691 -0.023726 0.138539 0.239346 -0.028295 0.071559 -0.132902 0.113846 0.249214 0.157227 0.175231 0.263744 0.142547
-0.162968 0.099272 -0.504499 0.124336 0.177710 -0.388188 0.213400 0.390893 -0.062516 -0.102695 -0.330742 0.126225 0.429663 0.324037 0.514638 1.000000 0.224871 0.144005 0.352136 0.391876 0.279850 0.026986 -0.303171 -0.072000 -0.431514 -0.289165 -0.009129 -0.427294 0.420009 0.467962 0.083940 0.271989 0.064759 0.214494 -0.431187 -0.291105 -0.105091 0.226955 -0.254369 0.196113 -0.001744 0.012914 -0.372036 -0.236478 -0.150257 -0.177654 -0.307773 0.014315 -0.424882 0.053695 -0.549123 -0.446852 -0.429915 -0.225944 -0.542302 -0.112871 -0.096394 -0.238378 -0.011347 -0.062972 0.347524 0.182664 0.033291 -0.101505 0.578831 0.013298 -0.044644 -0.219589 -0.018548 -0.022906 0.122411 0.434434 0.488978 0.188461 0.276788 0.232371 -0.139855 -0.136767 -0.318039 -0.257271 -0.007415 0.009314 0.001278 0.374036 0.002025 -0.210859 -0.082471 -0.200084 -0.183597 -0.308504 -0.137875 -0.012786 0.090235 -0.010995 -0.261549 -0.046494 -0.215204 -0.173453 -0.158940 -0.055943 0.374029 0.240885 0.260623 0.109470 0.110321 0.201094 0.213953 0.162019 -0.019408 -0.186912 -0.221839 0.163573 0.376399 0.175897 0.304484 0.139672
0.335792 0.303192 -0.575284 -0.346998 -0.020668 -0.440998 -0.188478 -0.061802 -0.053931 -0.022357 -0.184584 0.117278 0.243741 0.106085 -0.024552 0.224871 1.000000 0.527150 0.114097 0.099523 0.004346 -0.025279 -0.477255 -0.457035 -0.502567 -0.547327 -0.284034 -0.436476 0.576373 0.540979 -0.121333 -0.014502 0.380830 0.154256 -0.511777 -0.489411 0.315386 0.147104 -0.247305 0.075120 0.092765 0.115855 -0.100384 -0.077763 -0.059158 -0.394578 -0.069439 -0.206698 -0.237240 -0.146491 -0.452788 -0.141095 0.033190 -0.003149 -0.227905 -0.077443 0.364452 0.225475 0.232936 0.173130 0.494910 0.347414 0.542427 0.388683 0.271083 0.099930 -0.046754 -0.523254 0.199467 0.124910 0.047593 0.271059 0.587371 0.199198 0.414040 0.240443 0.187539 -0.000728 0.288712 0.258565 0.463242 0.340715 -0.132181 0.241993 0.077961 -0.246008 -0.214028 -0.155915 -0.236556 -0.210622 -0.204722 -0.201355 -0.301457 -0.114732 -0.220269 -0.004087 -0.219321 -0.178141 0.025250 0.066458 0.062531 0.323297 0.270995 0.187738 0.168995 0.185516 0.065715 0.235673 -0.161188 -0.020444 -0.366986 0.053537 0.385149 0.201334 0.200307 0.289274
0.000797 0.490601 -0.427594 -0.062863 -0.088093 -0.333608 -0.436831 -0.303361 -0.070749 -0.076105 -0.156562 0.220139 -0.071352 -0.080299 0.089907 0.144005 0.527150 1.000000 -0.145640 0.242402 -0.075761 -0.091413 -0.160180 -0.175845 -0.131482 -0.425808 -0.034785 -0.190180 0.215518 0.338191 -0.132158 -0.041129 0.024662 -0.133692 -0.465852 -0.521931 0.230268 0.271587 -0.140478 -0.027686 -0.053385 0.032315 0.008877 0.031637 -0.344717 -0.415986 0.102749 0.030832 -0.399983 -0.237153 -0.229391 0.088140 -0.062534 0.367299 -0.168404 0.131774 0.572705 0.535075 -0.075120 -0.018531 0.160648 0.134918 0.293848 0.262665 0.081024 -0.112151 -0.416762 -0.598313 0.283687 0.176174 0.173410 0.320233 0.303047 0.247752 0.219594 0.204254 0.198502 0.056537 0.264518 0.499755 0.398085 0.500357 0.016987 0.243645 0.203687 -0.013472 -0.006456 -0.153325 -0.053685 0.116736 -0.022315 0.001801 -0.067220 -0.004342 -0.411196 -0.346752 -0.183243 -0.365599 0.009498 0.242662 -0.092678 0.084286 0.052245 0.127851 0.137153 0.368157 0.235262 0.025815 -0.223217 -0.281676 -0.333999 0.362438 0.449883 0.142724 0.398084 0.274934
-0.040606 -0.190690 0.079500 -0.045572 0.041017 -0.218310 0.305663 0.013834 -0.199769 -0.330302 -0.116919 -0.158591 0.080407 -0.126605 0.441110 0.352136 0.114097 -0.145640 1.000000 0.348715 0.340905 0.112323 0.295923 0.100658 0.144646 0.247261 0.091639 -0.002065 0.480929 0.416776 0.692085 0.663213 0.333509 0.312385 -0.054553 0.081720 -0.029029 -0.102965 0.116548 0.028570 0.309830 -0.134149 -0.215995 -0.117188 -0.105653 -0.228941 -0.070967 0.046198 -0.497481 -0.179646 -0.295131 -0.302703 -0.441049 -0.127738 -0.352894 -0.164518 -0.135313 -0.099173 -0.350630 -0.225171 -0.131871 -0.003217 -0.359245 -0.065599 0.323398 -0.100129 -0.282644 -0.342836 0.002617 -0.223698 0.138463 0.239564 0.427649 0.016040 0.241844 0.009682 -0.042016 0.047300 0.077106 -0.198311 0.070212 0.069467 0.533732 0.441110 0.144027 -0.019475 0.069881 0.145620 0.053367 -0.255461 -0.291133 -0.076122 -0.113040 -0.266937 0.212940 0.152958 0.282491 0.153615 -0.239418 -0.157905 0.155422 0.047101 0.081143 0.020108 -0.056574 -0.038047 0.081148 0.033365 0.084106 0.270864 0.338130 -0.175491 -0.126935 0.084713 -0.020284 -0.041279
-0.331183 0.091155 -0.284096 0.415542 0.045275 0.078583 -0.068927 0.138868 -0.036154 -0.131539 -0.124813 -0.200424 0.020240 -0.149750 0.399003 0.391876 0.099523 0.242402 0.348715 1.000000 0.363189 0.048070 0.095388 0.416495 -0.060629 0.108914 0.127323 0.052348 0.222064 0.266569 0.228531 0.416638 0.077659 0.089670 -0.396438 -0.098414 -0.075820 0.084590 -0.095832 0.072680 -0.120950 0.034046 -0.412074 -0.316806 -0.532364 -0.300920 -0.365798 0.164549 -0.578225 -0.144835 -0.543314 -0.248211 -0.446380 0.045007 -0.624993 -0.183881 0.144827 0.244330 -0.503803 -0.270886 -0.151523 -0.314347 -0.301875 -0.326899 0.041739 -0.307364 -0.590236 -0.216747 0.149339 0.231369 0.286536 0.172086 0.248758 0.130721 0.024286 0.128932 0.008319 0.013425 0.161050 -0.036848 0.256970 0.262510 0.187612 0.406171 0.210223 0.129736 -0.173521 -0.010416 -0.022072 0.025362 0.267424 0.427061 0.357003 0.223947 0.025231 -0.014148 -0.327594 -0.035868 -0.414294 -0.090327 0.242081 0.193490 0.053436 0.105773 0.075690 0.235546 0.302761 -0.073903 -0.246721 -0.072721 -0.002800 0.300999 0.224411 0.001432 0.251766 -0.079714
-0.136970 -0.080209 -0.060051 -0.006093 0.283056 0.049189 0.178216 -0.024344 0.087280 -0.132780 -0.152978 -0.272302 0.124588 -0.154231 0.285553 0.279850 0.004346 -0.075761 0.340905 0.363189 1.000000 0.418403 -0.000293 0.084835 -0.015228 0.089536 0.528509 0.089326 0.145582 0.180838 0.472092 0.406900 0.113268 0.063115 -0.143775 0.032875 -0.012796 0.260330 -0.008660 0.407056 0.073393 0.026992 -0.509302 -0.433189 -0.318402 -0.104579 -0.395904 -0.227961 -0.381093 -0.195561 -0.380695 -0.407433 -0.300157 -0.330000 -0.328500 -0.255423 0.084106 -0.022366 -0.095373 0.090366 0.063882 0.032429 -0.240428 0.022700 0.148538 -0.091277 -0.122607 -0.032356 -0.014646 0.170768 0.478886 0.447037 0.309775 0.210453 0.274824 0.151605 0.103910 0.069201 -0.037665 -0.167115 -0.104710 -0.189663 0.012696 0.058170 -0.114267 -0.150936 -0.260350 -0.170508 -0.021644 -0.078609 -0.130593 0.156424 0.144527 0.323825 0.100983 0.164263 0.143447 0.076026 -0.220646 -0.142025 0.528360 0.395758 0.458682 0.458292 0.331227 0.188713 0.242537 0.331455 -0.024100 0.134458 0.263053 -0.025835 0.081796 0.340778 0.163737 0.177728
-0.186744 -0.207000 0.178523 0.015213 0.107372 0.140511 -0.055895 0.020043 0.076501 -0.006396 -0.201508 -0.220318 -0.182601 -0.307196 -0.099525 0.026986 -0.025279 -0.091413 0.112323 0.048070 0.418403 1.000000 0.098926 0.130554 0.218909 0.331213 0.408303 0.423405 0.194771 0.018195 0.243481 0.243831 0.178770 0.034918 -0.006337 0.143642 0.380677 -0.222177 0.040780 0.107159 0.444979 0.151475 -0.228146 -0.298329 -0.051930 0.134738 -0.091376 -0.339475 -0.123697 -0.182614 -0.040732 -0.205335 0.107014 -0.123535 -0.084277 -0.378266 0.096582 -0.066803 -0.001467 0.113017 -0.153795 -0.081470 -0.175790 -0.090686 -0.100310 -0.114876 0.026424 0.243844 0.162524 0.113806 0.086672 0.023869 -0.025837 0.072730 -0.045054 -0.328900 -0.006968 -0.073679 0.262094 -0.029330 0.244912 0.015077 0.156984 0.343740 0.178251 0.343163 -0.246567 0.219046 -0.057732 -0.040023 -0.210965 -0.121810 -0.027390 -0.082315 0.356553 0.077961 0.268944 0.067692 -0.252270 -0.374945 0.161926 0.184064 0.089768 0.111093 0.087495 -0.116450 -0.141880 -0.055040 -0.016341 0.208649 0.427015 -0.396756 -0.286868 -0.041348 0.059694 -0.169701
-0.206626 -0.223595 0.756583 0.260783 -0.165461 0.298195 0.054750 -0.285750 -0.121045 -0.269324 0.222432 -0.161539 -0.445306 -0.443572 0.288386 -0.303171 -0.477255 -0.160180 0.295923 0.095388 -0.000293 0.098926 1.000000 0.651722 0.862876 0.724552 0.417483 0.672833 -0.255590 -0.306930 0.509392 0.369587 -0.128956 -0.139099 0.426988 0.351248 -0.029865 -0.283563 0.435555 -0.159597 0.171050 -0.247497 0.002248 -0.018923 -0.220563 0.053724 0.019752 0.127466 -0.172866 -0.284592 0.441803 0.150255 -0.165549 0.215534 0.049494 -0.165021 -0.101067 0.156730 -0.633311 -0.324861 -0.711686 -0.341607 -0.634804 -0.154291 -0.297691 -0.221945 -0.472818 0.046128 -0.100462 -0.235211 0.191150 -0.141685 -0.386337 -0.236490 -0.208205 -0.223077 -0.016336 0.093637 0.262776 0.083365 -0.084276 0.044444 0.535979 0.120178 0.289312 0.417934 0.315416 0.363907 0.439284 0.248654 0.055167 0.083217 0.191867 -0.135783 0.335689 -0.081120 0.250622 0.117880 -0.251776 -0.154351 -0.206811 -0.449406 -0.388419 -0.265999 -0.273493 -0.161113 0.062838 -0.332557 0.163445 0.167774 0.550749 -0.146719 -0.325022 -0.109018 -0.072076 -0.161133
-0.336382 -0.208709 0.473598 0.727314 0.076111 0.552760 0.020717 0.079148 -0.052870 -0.168107 0.061011 0.007787 -0.383090 -0.156420 0.204104 -0.072000 -0.457035 -0.175845 0.100658 0.416495 0.084835 0.130554 0.651722 1.000000 0.522091 0.607393 0.337964 0.641427 -0.314695 -0.338305 0.218854 0.230296 -0.261529 -0.208396 0.135198 0.265849 -0.205283 -0.267918 0.256643 -0.105590 -0.024946 -0.054473 -0.154614 -0.130046 -0.232302 0.177650 -0.188610 0.110139 -0.147829 -0.032797 0.253311 0.111705 -0.144751 0.124380 -0.101299 -0.172187 -0.157072 -0.042363 -0.466147 -0.301123 -0.586054 -0.354361 -0.573382 -0.309450 -0.253854 -0.074221 -0.371509 0.293787 -0.308039 -0.201292 0.070808 -0.258133 -0.491242 -0.400805 -0.432559 -0.253328 -0.290562 -0.170901 0.203673 -0.061634 -0.128587 -0.105333 0.309888 0.074388 0.164742 0.460707 0.071277 0.260338 0.199805 0.298934 0.244336 0.176495 0.505874 -0.012941 0.250833 -0.102446 -0.155555 -0.014506 -0.347633 -0.287106 -0.212992 -0.330760 -0.438382 -0.239075 -0.269212 -0.121824 0.198358 -0.404264 0.065265 0.012181 0.169466 0.049820 -0.231703 -0.310738 -0.025648 -0.268850
-0.151089 -0.172055 0.779795 0.162959 -0.125681 0.304318 -0.010370 -0.330004 -0.103305 -0.242114 0.233050 -0.122003 -0.524029 -0.452552 0.133327 -0.431514 -0.502567 -0.131482 0.144646 -0.060629 -0.015228 0.218909 0.862876 0.522091 1.000000 0.764546 0.518191 0.715303 -0.303326 -0.341236 0.519774 0.319053 -0.141318 -0.152386 0.484631 0.382824 0.049742 -0.309580 0.503258 -0.123823 0.303461 -0.170555 0.053896 -0.022343 -0.176231 0.127424 0.084777 -0.029923 -0.104207 -0.296904 0.501791 0.136868 0.022491 0.196611 0.223133 -0.170691 -0.017806 0.153160 -0.493815 -0.235714 -0.670233 -0.292999 -0.493628 -0.040169 -0.378719 -0.147539 -0.378655 0.089831 -0.040352 -0.169888 0.191838 -0.121825 -0.413761 -0.207288 -0.208426 -0.274782 -0.044782 0.050394 0.273885 0.157718 -0.041168 0.028217 0.461248 0.048585 0.301013 0.461238 0.320713 0.366460 0.428442 0.341313 -0.044143 -0.051234 0.084007 -0.138411 0.366594 -0.084901 0.321008 0.057054 -0.293336 -0.239489 -0.276179 -0.432950 -0.419965 -0.248871 -0.235367 -0.161963 -0.067143 -0.298443 0.098191 0.088068 0.582517 -0.250256 -0.358416 -0.150260 -0.069061 -0.077820
-0.252138 -0.282882 0.668341 0.231490 -0.199878 0.511361 0.031538 -0.095523 -0.106713 -0.147848 0.060679 -0.269442 -0.444128 -0.463665 0.058181 -0.289165 -0.547327 -0.425808 0.247261 0.108914 0.089536 0.331213 0.724552 0.607393 0.764546 1.000000 0.411289 0.774056 -0.204646 -0.298732 0.487576 0.441294 0.005658 0.118655 0.498582 0.591743 0.047959 -0.349335 0.488030 -0.018359 0.250851 -0.051564 -0.105900 -0.112323 -0.119622 0.127635 -0.086337 -0.034477 0.015574 -0.155690 0.378342 0.046126 0.069804 0.094592 0.135047 -0.257876 -0.054171 0.010405 -0.473021 -0.126469 -0.645619 -0.405234 -0.587915 -0.274446 -0.481442 -0.279058 -0.248098 0.309311 0.063840 -0.094186 0.145239 -0.197474 -0.381695 -0.135670 -0.183216 -0.241006 -0.038067 0.065308 0.192674 -0.081684 -0.086818 -0.130076 0.359424 0.107162 0.187501 0.497373 0.166731 0.469189 0.216084 0.303296 0.052679 -0.023312 0.117134 -0.195438 0.556722 -0.055158 0.235558 0.169921 -0.385651 -0.271102 -0.106925 -0.257920 -0.350044 -0.263623 -0.279673 -0.321056 -0.209251 -0.324010 0.067275 0.208628 0.645421 -0.379534 -0.426921 -0.247404 -0.166184 -0.244332
-0.101660 -0.010953 0.361115 0.158381 0.189663 0.295244 0.077669 -0.259403 0.030232 -0.161350 0.142373 -0.102000 -0.145852 -0.252254 0.274577 -0.009129 -0.284034 -0.034785 0.091639 0.127323 0.528509 0.408303 0.417483 0.337964 0.518191 0.411289 1.000000 0.477853 -0.301790 -0.234960 0.421218 0.204392 -0.312840 -0.347199 0.220548 0.117936 -0.134823 0.075725 0.268552 0.270656 0.040334 -0.008821 -0.289862 -0.320331 -0.248702 0.147075 -0.276498 -0.303206 -0.049635 -0.256214 0.174675 -0.020797 -0.078715 -0.043207 0.133837 -0.240486 0.098936 0.114189 -0.233374 -0.021768 -0.235023 -0.178657 -0.376287 0.001526 -0.161190 -0.024877 -0.217390 0.111830 -0.134576 0.035431 0.351880 0.287958 -0.133424 -0.000759 -0.034522 -0.178079 -0.161954 -0.181418 -0.012997 0.072593 -0.233126 -0.168149 0.051969 -0.119165 0.032058 0.098417 0.090546 0.002106 0.464392 0.283672 -0.043666 0.040914 0.083087 0.183940 0.092362 0.054224 0.071115 -0.215037 -0.208063 -0.224693 0.142740 0.046696 0.033284 0.168668 0.215654 0.199084 0.143140 -0.044587 -0.047331 -0.122408 0.320579 -0.049101 0.073528 0.116971 0.286142 0.106206
-0.216176 -0.123339 0.610525 0.291255 -0.149532 0.599471 -0.171331 -0.323135 -0.018840 -0.092043 0.181031 -0.260292 -0.519663 -0.571964 0.029204 -0.427294 -0.436476 -0.190180 -0.002065 0.052348 0.089326 0.423405 0.672833 0.641427 0.715303 0.774056 0.477853 1.000000 -0.368833 -0.462941 0.214843 0.104206 -0.118147 -0.190755 0.402944 0.470361 0.184501 -0.386752 0.488238 0.047827 0.105043 -0.095695 -0.012051 -0.089418 -0.210274 0.198505 0.035454 0.072958 0.042763 -0.087595 0.362851 0.259891 0.122890 0.325926 0.266564 -0.056764 0.104787 0.226635 -0.446660 -0.103487 -0.649842 -0.535641 -0.487419 -0.322964 -0.593283 -0.270853 -0.237432 0.349851 0.093390 0.037686 0.033926 -0.338229 -0.532341 -0.284432 -0.395023 -0.373323 -0.074725 0.010584 0.302969 0.095235 0.006950 -0.012264 0.250437 -0.022877 0.195851 0.572257 0.093011 0.425011 0.263701 0.438337 0.178373 0.141875 0.195585 -0.040269 0.460465 -0.147018 0.178413 0.146470 -0.207817 -0.042887 -0.192638 -0.184164 -0.344346 -0.175407 -0.203773 -0.209493 -0.168347 -0.360250 0.031275 0.206888 0.579539 -0.201252 -0.358524 -0.148134 -0.066597 -0.240507
0.057991 0.009968 -0.393711 -0.374377 -0.174003 -0.607426 0.105812 0.179322 -0.326775 -0.334378 -0.295251 -0.045031 0.248679 0.010340 0.132411 0.420009 0.576373 0.215518 0.480929 0.222064 0.145582 0.194771 -0.255590 -0.314695 -0.303326 -0.204646 -0.301790 -0.368833 1.000000 0.807445 0.257690 0.447818 0.624577 0.411533 -0.450053 -0.335551 0.488451 0.000176 -0.041918 0.002775 0.454785 0.054300 -0.163087 -0.101975 -0.054006 -0.354988 -0.047707 -0.169924 -0.440135 -0.193130 -0.553170 -0.387737 -0.168983 -0.081830 -0.464819 -0.251904 -0.000922 -0.108154 0.058345 0.001343 0.246334 0.289332 0.201211 0.168755 0.343674 -0.105768 -0.143044 -0.486376 0.226304 -0.085095 0.074904 0.242073 0.765490 0.213063 0.507430 0.137926 0.106895 -0.028321 0.315293 0.077909 0.604799 0.452060 0.284008 0.687098 0.332231 -0.039924 -0.063379 0.019285 -0.356632 -0.352833 -0.382216 -0.189646 -0.347109 -0.239771 0.056447 0.077663 0.065736 0.070162 -0.271025 -0.178982 0.142500 0.210015 0.240118 0.145438 0.014015 0.062953 -0.102791 0.173779 -0.056297 0.104804 -0.063495 -0.199099 0.082012 0.042532 0.126043 0.112157
0.027845 0.227905 -0.541683 -0.267723 -0.190828 -0.677172 -0.037216 0.134652 -0.505756 -0.507530 -0.355908 0.035765 0.204153 0.126762 0.156941 0.467962 0.540979 0.338191 0.416776 0.266569 0.180838 0.018195 -0.306930 -0.338305 -0.341236 -0.298732 -0.234960 -0.462941 0.807445 1.000000 0.328999 0.460294 0.559159 0.391959 -0.489350 -0.383468 0.299769 0.127507 -0.213662 0.117372 0.393284 -0.083928 -0.274417 -0.095350 -0.158736 -0.394423 -0.141517 -0.163724 -0.501072 -0.226817 -0.658461 -0.469472 -0.306090 -0.222573 -0.453032 -0.111415 0.097347 0.036258 0.132216 0.028943 0.315862 0.417169 0.264312 0.381055 0.318123 -0.044925 -0.175378 -0.587429 0.297513 -0.059029 0.061260 0.386782 0.861002 0.282400 0.538446 0.319554 0.092636 -0.020797 0.314827 0.135609 0.504499 0.498237 0.140305 0.521218 0.276038 -0.164654 0.053073 -0.135853 -0.294459 -0.331903 -0.363997 -0.211395 -0.195685 -0.046782 -0.084424 0.132594 0.017943 0.089110 -0.198091 -0.015917 0.294291 0.353653 0.392186 0.286538 0.111869 0.165034 -0.071368 0.334985 0.017553 -0.020859 -0.208738 -0.065512 0.284638 0.221153 0.206931 0.191771
-0.254065 -0.236748 0.331077 -0.048287 0.020032 -0.100625 0.154135 -0.147503 -0.267079 -0.456246 -0.196365 -0.311442 -0.268550 -0.393490 0.278115 0.083940 -0.121333 -0.132158 0.692085 0.228531 0.472092 0.243481 0.509392 0.218854 0.519774 0.487576 0.421218 0.214843 0.257690 0.328999 1.000000 0.857717 0.241265 0.184426 0.086591 0.174103 0.029592 -0.011923 0.218907 0.074221 0.387759 -0.248336 -0.271184 -0.184341 -0.162857 -0.067972 -0.111825 -0.194390 -0.503100 -0.298048 -0.113557 -0.315688 -0.424754 -0.199562 -0.256582 -0.286409 0.035491 0.037417 -0.357208 -0.120998 -0.363579 -0.012108 -0.397360 0.173564 0.035414 -0.239192 -0.380233 -0.202071 0.062930 -0.229115 0.311276 0.390493 0.326974 0.048038 0.249788 0.018479 0.048823 0.112033 0.244372 0.004453 0.059308 0.036963 0.466480 0.330107 0.165242 0.137964 0.126380 0.130667 0.059444 -0.059082 -0.361779 -0.143459 0.008664 -0.080812 0.283942 0.120817 0.426063 0.160741 -0.283937 -0.217408 0.274072 0.083716 0.187325 0.217543 0.088989 0.082260 0.052041 0.203943 0.104182 0.225516 0.515499 -0.280979 -0.058133 0.222297 0.060159 0.081430
-0.282463 -0.229523 0.126107 -0.018936 -0.068933 -0.185455 0.100457 0.020993 -0.265508 -0.382109 -0.299138 -0.290857 -0.216367 -0.297562 0.269366 0.271989 -0.014502 -0.041129 0.663213 0.416638 0.406900 0.243831 0.369587 0.230296 0.319053 0.441294 0.204392 0.104206 0.447818 0.460294 0.857717 1.000000 0.311712 0.389751 0.001853 0.191213 0.141729 -0.018753 0.118955 0.043115 0.410333 -0.204059 -0.381205 -0.254789 -0.174116 -0.136637 -0.264387 -0.156743 -0.622473 -0.268891 -0.307053 -0.430391 -0.508171 -0.196700 -0.491616 -0.407934 0.057781 0.034614 -0.363110 -0.121567 -0.291851 0.025403 -0.333131 0.077695 0.102727 -0.258958 -0.412307 -0.237276 0.140185 -0.188272 0.272139 0.386000 0.416059 0.069403 0.244667 0.092663 0.105361 0.179761 0.274603 -0.007853 0.245925 0.179961 0.411736 0.563085 0.240839 0.179566 -0.033091 0.158999 -0.107872 -0.187838 -0.359057 -0.173594 0.050096 -0.168408 0.240727 0.081834 0.207197 0.181962 -0.481204 -0.260735 0.362465 0.131438 0.214808 0.194926 -0.002121 0.057681 0.072886 0.105255 0.030445 0.213278 0.433999 -0.275787 0.044177 0.177229 0.078830 0.028886
0.029160 0.055816 -0.262895 -0.283377 -0.238289 -0.345235 -0.092079 0.129181 -0.193354 -0.142145 -0.299544 -0.182807 0.008970 -0.070181 -0.045310 0.064759 0.380830 0.024662 0.333509 0.077659 0.113268 0.178770 -0.128956 -0.261529 -0.141318 0.005658 -0.312840 -0.118147 0.624577 0.559159 0.241265 0.311712 1.000000 0.705691 -0.143436 -0.068795 0.530550 -0.163171 0.010719 -0.033071 0.477486 0.154879 -0.243006 -0.214160 -0.173867 -0.500389 -0.123724 -0.227863 -0.216696 -0.297590 -0.349055 -0.313783 0.115608 -0.204543 -0.195697 -0.260337 0.131788 -0.054836 0.129850 0.229946 0.158388 0.287171 0.096764 0.255417 0.019370 -0.080621 0.074738 -0.248611 0.499810 0.208749 -0.074809 -0.116013 0.513890 0.136909 0.422453 0.039924 0.380422 0.214137 0.326441 0.035794 0.489617 0.183146 0.317278 0.378280 0.192166 -0.021619 -0.212711 0.108403 -0.230514 -0.176790 -0.192847 -0.178040 -0.165114 -0.213465 0.270773 0.120814 0.176914 0.220585 -0.234664 -0.113290 0.215426 0.214861 0.190872 0.056779 -0.109586 -0.192648 -0.219580 0.211506 0.000710 0.123470 0.047688 -0.341055 -0.112550 0.007162 -0.162051 0.021857
0.121834 -0.002464 -0.139891 -0.152963 -0.041604 -0.255452 0.179302 0.405689 -0.028923 -0.021719 -0.198937 0.012799 0.183732 0.215827 0.102567 0.214494 0.154256 -0.133692 0.312385 0.089670 0.063115 0.034918 -0.139099 -0.208396 -0.152386 0.118655 -0.347199 -0.190755 0.411533 0.391959 0.184426 0.389751 0.705691 1.000000 0.100944 0.294442 0.249839 -0.140385 -0.097303 -0.030721 0.341708 -0.006570 -0.390300 -0.341544 -0.125750 -0.420817 -0.303285 -0.219571 -0.206169 -0.227818 -0.268372 -0.436691 0.065798 -0.335480 -0.195607 -0.405803 -0.026940 -0.236403 0.105401 0.196759 0.247608 0.327080 0.025726 0.139326 0.235624 0.099087 0.173723 -0.060719 0.326913 0.196572 -0.047557 -0.040035 0.317930 0.000222 0.217834 0.033395 0.337337 0.322269 -0.037451 -0.351431 0.111214 -0.115851 0.167091 0.313781 -0.001141 -0.016383 -0.104748 0.134397 -0.152679 -0.154016 -0.292944 -0.273342 -0.083860 -0.334351 0.094307 0.062782 0.038635 0.149985 -0.378161 -0.316440 0.245653 0.009518 -0.005027 -0.256759 -0.399958 -0.450459 -0.225604 0.006927 -0.004125 0.087941 0.053021 -0.439729 -0.148310 -0.094320 -0.268243 -0.178286
0.169889 -0.288901 0.533726 0.003228 -0.095229 0.252629 0.112490 -0.096362 0.095144 0.112335 0.393515 -0.004860 -0.184702 -0.030754 -0.087032 -0.431187 -0.511777 -0.465852 -0.054553 -0.396438 -0.143775 -0.006337 0.426988 0.135198 0.484631 0.498582 0.220548 0.402944 -0.450053 -0.489350 0.086591 0.001853 -0.143436 0.100944 1.000000 0.770116 -0.015831 -0.102907 0.290850 0.009307 0.116866 -0.117858 0.022519 -0.070251 0.169871 0.277995 -0.020064 -0.104753 0.340567 -0.054526 0.517845 0.119753 0.156091 -0.046095 0.433582 -0.155557 -0.153648 -0.123819 -0.085780 -0.011965 -0.306503 -0.097197 -0.248969 -0.154118 -0.296807 0.189634 0.151561 0.372985 -0.047416 -0.133214 -0.023621 -0.146674 -0.467652 -0.141816 -0.179203 -0.124518 0.183779 0.299667 -0.190368 -0.219364 -0.332047 -0.368074 -0.073617 -0.323498 -0.133191 0.098893 0.036860 0.221554 0.325949 0.138421 -0.038894 -0.093950 0.063484 -0.104463 0.244383 0.089897 0.226527 0.150038 -0.054851 -0.087991 -0.095503 -0.303142 -0.237433 -0.335605 -0.359796 -0.432638 -0.268676 -0.158186 0.121047 0.120850 0.426096 -0.467600 -0.347615 -0.119593 -0.326965 -0.175199
-0.054225 -0.267669 0.451412 0.200285 0.114016 0.339805 0.093449 0.120245 0.209676 0.181775 0.146616 -0.141901 -0.270969 -0.146134 -0.148502 -0.291105 -0.489411 -0.521931 0.081720 -0.098414 0.032875 0.143642 0.351248 0.265849 0.382824 0.591743 0.117936 0.470361 -0.335551 -0.383468 0.174103 0.191213 -0.068795 0.294442 0.770116 1.000000 -0.017198 -0.151705 0.123953 0.046120 0.064177 -0.096198 -0.205416 -0.253273 0.062854 0.252603 -0.160100 -0.076535 0.059888 0.071205 0.249797 -0.014251 0.082263 -0.059176 0.189275 -0.219783 -0.154424 -0.080335 -0.161129 0.122777 -0.375364 -0.167344 -0.412403 -0.264627 -0.225736 0.052981 0.101557 0.504045 0.029873 0.027265 -0.122209 -0.183624 -0.428132 -0.215297 -0.286653 -0.189821 0.128720 0.320463 -0.151106 -0.433981 -0.270345 -0.388423 0.025300 -0.057374 -0.138918 0.251249 -0.031252 0.298643 0.111965 0.261820 -0.037257 -0.004599 0.166780 -0.130952 0.312278 0.178683 0.216888 0.373081 -0.257955 -0.189936 -0.011675 -0.202180 -0.234617 -0.379448 -0.423233 -0.557092 -0.333797 -0.155884 0.074066 0.244662 0.494856 -0.543694 -0.440707 -0.190462 -0.403475 -0.355388
