1.000000 0.301862 -0.051521 -0.172904 -0.252950 -0.174315 0.231237 -0.148072 -0.122041 -0.016527 0.070287 -0.106117 0.309880 -0.036215 0.034922 0.163803 0.237093 0.128832 0.147307 0.050836 -0.256451 -0.088888 -0.135971 -0.263793 -0.321730 -0.152691 -0.243238 -0.196995 0.159451 0.092361 -0.394687 -0.237858 -0.080002 -0.121104 -0.005643 -0.218729 -0.073259 0.219606 0.071470 0.256079 -0.178970 -0.183708 -0.327505 -0.269643 -0.105093 -0.167149 -0.089359 -0.245874 0.166948 -0.267322 -0.178308 -0.181191 -0.086604 -0.153738 0.096763 0.060071 0.082381 0.089804 0.319225 0.125394 0.500884 0.366404 0.176134 0.188582 0.024059 0.176175 0.199490 -0.137973 0.117346 -0.139372 -0.142212 0.063012 0.106271 0.012626 -0.049027 0.009733 0.198128 0.099454 -0.026449 0.203577 -0.021953 0.000066 -0.076850 -0.098428 -0.115879 -0.251229 0.081678 -0.089487 0.010864 0.021188 -0.334110 -0.075922 -0.188337 0.034200 0.066554 0.078946 0.076332 -0.011567 -0.068142 -0.207475 0.089589 0.238619 0.195362 0.316007 0.185951 0.108894 -0.139444 0.138389 -0.114266 0.010990 -0.263093 -0.220500 -0.243433 -0.213736 0.015279 0.039258
0.301862 1.000000 0.038598 -0.186307 0.189394 0.308962 0.350290 0.324510 0.060158 0.250304 0.095036 0.543342 0.242394 0.432320 -0.174496 -0.125029 -0.373322 -0.118959 -0.223881 0.236039 -0.049634 -0.358592 -0.310193 -0.301631 -0.221282 -0.330295 0.240461 0.025411 -0.306094 -0.326050 -0.428065 -0.315543 0.036170 0.109041 -0.070929 0.156306 -0.149710 -0.188384 -0.116464 0.156347 -0.261293 -0.384789 -0.299659 -0.123818 -0.022775 0.010819 -0.152368 -0.076289 0.162276 0.040483 -0.130508 0.174146 0.103361 0.032078 -0.143504 -0.086455 -0.068028 0.194875 0.304732 0.478023 0.056395 0.469663 -0.445799 -0.124235 -0.158019 0.505556 0.191003 -0.018519 0.202568 0.124823 -0.187694 0.020739 -0.446836 -0.166388 -0.347206 -0.121141 -0.025358 -0.022762 -0.276170 -0.255963 -0.257170 -0.401803 -0.023794 -0.185060 -0.340722 -0.207301 0.173032 0.047839 0.013892 -0.042657 0.217252 0.354106 -0.028181 -0.084093 0.025266 -0.302080 -0.176901 -0.232013 0.039864 -0.143765 0.069025 -0.083743 0.017138 0.140293 0.289636 0.294033 -0.081829 0.240822 -0.401128 -0.349299 -0.145001 -0.032132 -0.009380 0.060328 0.171926 0.201896
-0.051521 0.038598 1.000000 0.390428 0.376932 0.411755 0.568059 0.364183 0.346081 0.163065 0.074546 -0.022264 0.147831 -0.177122 0.124877 -0.159197 -0.241528 -0.398840 0.547596 -0.031066 0.213337 0.085059 0.641244 0.499992 0.205495 0.262682 0.354097 0.460853 -0.302027 -0.434386 0.241164 0.077114 0.122924 -0.016566 0.294837 0.206467 -0.145463 -0.226297 -0.012432 -0.138414 0.001081 -0.152811 -0.011407 -0.022897 0.048991 0.005507 -0.052960 0.141800 0.402266 -0.011766 0.455668 0.225900 0.310590 0.045812 0.062947 -0.073203 -0.456340 -0.347650 -0.046047 -0.091099 -0.251282 -0.204316 -0.265493 -0.337923 0.079565 0.064629 0.161851 0.393482 -0.137700 0.074058 0.220931 0.026748 -0.209387 -0.390012 -0.466967 -0.215404 -0.312242 -0.096735 -0.023999 -0.392588 -0.293381 -0.310097 0.119733 -0.502131 -0.164310 -0.010025 0.025541 -0.166748 0.234177 -0.015586 0.109383 0.197444 0.088631 0.166985 0.072631 -0.210209 -0.013782 -0.060836 -0.224996 -0.121204 -0.215210 -0.091076 -0.175916 -0.103304 -0.243571 -0.179656 0.247021 -0.072926 -0.059724 0.242757 0.404554 -0.115300 -0.343725 -0.064546 0.014340 -0.011614
-0.172904 -0.186307 0.390428 1.000000 0.331273 0.393225 0.337520 0.486976 0.427764 0.334785 0.103291 0.104407 -0.155955 -0.212804 0.221513 0.035233 -0.258485 -0.527511 0.243073 0.140067 0.378094 0.299704 0.431524 0.517657 0.170883 0.336108 0.243123 0.483444 -0.075159 -0.294670 0.170808 0.211206 0.024956 0.106891 0.283654 0.298074 -0.056285 -0.023748 -0.236017 -0.223007 -0.023208 0.047242 -0.023777 -0.060182 -0.055294 -0.179727 -0.138192 0.043373 -0.099826 -0.228694 0.229484 -0.035236 0.072049 0.047783 -0.100674 -0.129508 -0.287141 -0.352826 -0.447030 -0.424795 -0.509460 -0.535682 -0.301682 -0.532572 0.224085 -0.200600 -0.077194 0.246667 -0.007083 0.028587 0.269524 0.111980 -0.083989 -0.062647 -0.049129 0.040213 -0.037533 0.022752 0.061778 -0.213135 -0.060346 -0.125697 0.142579 0.000941 0.122675 0.281602 -0.167385 -0.183442 -0.074710 0.012361 0.097130 -0.116156 0.221762 0.070480 -0.039178 0.055181 -0.069673 -0.042340 -0.210270 -0.040165 0.056147 -0.173015 -0.037242 -0.182348 -0.290130 -0.310785 0.257709 -0.208722 0.293941 0.356688 0.210794 -0.088139 -0.110272 0.167229 -0.165211 -0.093200
-0.252950 0.189394 0.376932 0.331273 1.000000 0.706865 0.457699 0.574484 0.739916 0.704657 0.164350 0.343347 -0.247986 -0.013075 0.214606 -0.147951 -0.322620 -0.346977 0.186718 0.341919 0.295977 -0.016123 -0.018151 0.299577 0.197922 0.163513 0.566254 0.434213 -0.251616 -0.307631 0.087283 0.028603 0.075672 0.175927 -0.025985 0.289193 -0.328996 -0.329752 -0.185571 -0.183001 -0.254530 -0.085152 -0.086132 0.017011 0.312422 0.200140 -0.393504 -0.109716 0.229799 0.256380 0.164696 0.368592 0.174556 -0.076644 -0.233513 -0.493384 -0.258364 -0.335373 -0.027289 -0.084863 -0.370206 -0.349191 -0.338181 -0.409149 0.231952 0.066754 0.145630 0.492089 -0.063283 0.190006 -0.082534 -0.085175 -0.204623 -0.388486 -0.357912 -0.359677 -0.495690 -0.421401 -0.033817 -0.559785 -0.239714 -0.293171 0.083717 0.022484 -0.089459 0.070717 -0.295411 -0.216953 -0.118119 -0.090750 0.359195 -0.011324 0.194932 0.069669 -0.247515 0.012042 -0.546032 -0.266352 -0.383889 -0.330956 0.130230 -0.218697 -0.099799 -0.013259 0.128804 0.142291 0.196498 0.120152 0.149979 0.094493 -0.223908 -0.182405 -0.194645 0.024193 0.235560 0.330350
-0.174315 0.308962 0.411755 0.393225 0.706865 1.000000 0.417134 0.577775 0.652145 0.619504 0.307055 0.515962 0.071186 -0.014783 0.331508 -0.102910 -0.331945 -0.198626 0.175353 0.316674 0.358220 0.107503 0.143582 0.471381 0.292430 0.469376 0.624799 0.660882 -0.266056 -0.354001 0.016494 -0.074155 0.028482 -0.058845 -0.026676 0.350066 -0.410876 -0.324841 -0.242004 -0.197574 -0.334979 -0.137826 -0.330908 -0.230280 -0.123466 -0.184971 -0.405929 -0.079815 0.188059 -0.003371 0.126222 0.351644 0.309504 -0.058981 -0.097834 -0.400082 -0.216301 -0.295530 0.146651 0.173777 -0.204012 -0.202018 -0.341367 -0.379591 0.050958 0.218172 0.288282 0.448808 0.008344 0.266700 0.137702 0.120483 -0.387598 -0.176169 -0.382708 -0.126414 -0.374507 -0.171398 -0.167194 -0.527294 -0.418543 -0.498060 0.196064 -0.197043 -0.228941 -0.091211 -0.194053 -0.182114 0.202628 0.073472 0.439408 0.172205 0.350486 0.193056 -0.012940 -0.338031 -0.418120 -0.239972 -0.347395 -0.414828 0.111347 -0.082238 0.036774 0.090211 0.152283 0.119562 0.314293 0.009959 -0.078904 0.063630 -0.108965 -0.259978 -0.297969 -0.018358 0.070313 -0.000122
0.231237 0.350290 0.568059 0.337520 0.457699 0.417134 1.000000 0.551528 0.551775 0.470549 -0.045136 0.091685 -0.006583 -0.046096 0.023506 -0.055501 -0.131313 -0.341463 0.285293 0.352610 0.317837 0.013012 0.104251 0.219522 -0.087952 -0.010533 0.267279 0.239325 -0.062394 -0.202490 -0.034432 -0.122818 0.190714 0.290767 0.152182 0.079152 -0.276072 -0.275698 -0.343541 -0.210512 -0.328110 -0.151280 -0.136605 -0.041301 0.126439 0.048000 -0.394946 -0.204323 0.086948 -0.021090 -0.050168 0.062262 0.039049 -0.095359 -0.264677 -0.359471 -0.221449 -0.125299 -0.089614 0.044546 -0.248539 -0.055910 -0.202839 -0.275562 0.129288 0.154307 0.137748 0.170145 0.051193 0.156350 -0.010339 -0.071069 -0.030410 -0.375235 -0.382600 -0.303564 -0.352010 -0.315686 0.109619 -0.282681 -0.069802 -0.128635 -0.083284 -0.131570 -0.206490 -0.088746 -0.026014 -0.303890 0.038438 -0.218179 0.110055 0.192465 0.111510 0.232261 -0.166007 -0.201881 -0.326132 -0.256673 -0.227208 -0.216139 0.086809 -0.058542 -0.027598 0.064512 -0.002843 0.017216 0.061629 0.118337 -0.025150 0.002441 -0.093734 -0.178804 -0.140915 -0.099354 0.118727 0.196124
-0.148072 0.324510 0.364183 0.486976 0.574484 0.577775 0.551528 1.000000 0.409093 0.628278 0.204275 0.528782 0.011061 0.155090 -0.045700 -0.109250 -0.405387 -0.394088 0.089353 0.345244 0.277229 -0.075879 -0.078727 0.304445 0.103014 0.043602 0.316584 0.219817 -0.219742 -0.236203 -0.065700 0.034453 -0.044291 0.173015 0.264620 0.505251 -0.306391 -0.371144 -0.363556 -0.220089 -0.225547 -0.113911 -0.138532 -0.035976 0.167952 0.102655 -0.299985 -0.012363 0.083454 0.031854 -0.008725 0.251121 0.036022 -0.108710 -0.282663 -0.288892 -0.410896 -0.440532 -0.208202 -0.061928 -0.478307 -0.374226 -0.464567 -0.594370 0.131772 0.148336 0.057746 0.449733 -0.199251 0.122203 0.032125 0.048413 -0.217277 -0.142990 -0.168457 -0.054395 -0.264243 -0.110525 -0.117568 -0.428836 -0.231567 -0.350422 0.012869 -0.152392 -0.139351 0.065239 -0.116191 -0.159738 0.102605 0.005205 0.311751 0.111317 0.249676 0.027958 0.043259 -0.032920 -0.419556 -0.071385 -0.366390 -0.307360 0.021124 -0.191085 -0.106967 -0.132272 0.008203 0.029764 0.029183 -0.017245 -0.068995 0.094844 -0.018221 -0.220885 -0.163075 -0.052327 0.038331 0.000476
-0.122041 0.060158 0.346081 0.427764 0.739916 0.652145 0.551775 0.409093 1.000000 0.674986 0.020078 0.226182 -0.276723 -0.045805 0.248162 -0.107065 -0.192107 -0.154819 0.086627 0.372362 0.391179 0.164797 0.092326 0.403497 0.156287 0.275645 0.308807 0.414799 -0.065414 -0.190560 0.146791 0.053692 0.172656 0.260688 -0.159997 0.062531 -0.271254 -0.260284 -0.394916 -0.309556 -0.238464 0.042272 -0.021509 0.037188 0.168776 -0.008501 -0.367954 -0.056513 0.069990 0.162379 0.098829 0.193251 0.272075 -0.089183 -0.310308 -0.489390 -0.146215 -0.199685 -0.013023 -0.128091 -0.321085 -0.293093 -0.159153 -0.236702 0.114339 -0.034552 0.158505 0.295649 0.091372 0.243602 0.057118 -0.027052 -0.088486 -0.250110 -0.241411 -0.259341 -0.483764 -0.389391 0.109254 -0.407788 -0.058743 -0.124589 0.015616 0.037333 -0.103293 0.053447 -0.146845 -0.310992 -0.213720 -0.116694 0.218445 -0.051526 0.163941 0.118971 -0.299061 -0.085945 -0.431113 -0.351137 -0.274411 -0.266723 0.206072 -0.271339 -0.099228 -0.035093 -0.051950 -0.002167 0.176086 0.039619 0.275520 0.147496 -0.149414 -0.095899 -0.091565 -0.012133 0.094622 0.200669
-0.016527 0.250304 0.163065 0.334785 0.704657 0.619504 0.470549 0.628278 0.674986 1.000000 0.088501 0.375086 -0.117398 0.126968 -0.002648 0.023080 -0.188159 -0.178605 0.201952 0.400394 0.119348 -0.148605 -0.248907 0.289917 0.131800 0.087382 0.242503 0.106673 -0.077699 -0.024556 -0.056583 -0.015546 -0.070615 0.193275 0.028915 0.241696 -0.335680 -0.318369 -0.354507 -0.202886 -0.224079 -0.043831 -0.214202 -0.141327 0.218491 0.019306 -0.438379 -0.173307 0.164538 0.049653 -0.063850 0.143517 0.007760 -0.206845 -0.232847 -0.411495 -0.312841 -0.339225 -0.051160 -0.090524 -0.188143 -0.220021 -0.162962 -0.309374 0.240907 0.109990 0.040751 0.311150 -0.127423 0.142853 0.011996 0.139565 0.007633 -0.090789 -0.119559 -0.106520 -0.288920 -0.184995 -0.095153 -0.321623 -0.192651 -0.240024 -0.055550 0.003715 -0.174610 0.000034 -0.231226 -0.257000 -0.001786 0.016970 0.203969 -0.069582 0.169148 -0.030101 -0.187342 -0.061225 -0.477641 -0.206806 -0.385597 -0.318447 0.087184 -0.313213 -0.111781 -0.087461 0.107121 0.083297 0.033518 0.009916 0.027457 0.118783 -0.354951 -0.162955 -0.068179 0.004384 0.065329 0.060730
0.070287 0.095036 0.074546 0.103291 0.164350 0.307055 -0.045136 0.204275 0.020078 0.088501 1.000000 0.506831 0.446410 0.148168 0.542033 0.113727 -0.172172 -0.080761 -0.036864 0.084955 0.016962 0.095015 0.065118 0.283026 0.116339 0.183335 0.404224 0.323838 -0.114095 -0.283238 -0.098591 -0.001177 -0.352053 -0.180377 -0.037453 0.308694 -0.349656 -0.101563 -0.011056 0.036163 -0.249479 -0.031292 -0.303615 -0.204972 0.023451 0.110695 -0.281371 -0.171572 0.250469 -0.025047 0.420758 0.218833 -0.007898 -0.096411 0.024940 -0.413640 -0.301357 -0.385873 -0.062757 -0.093009 -0.044933 -0.179678 -0.242921 -0.258972 0.461534 0.372878 0.041205 0.382611 -0.305643 -0.044930 -0.013004 0.180840 -0.439069 0.029853 -0.228702 0.071695 -0.029636 0.016234 -0.280573 -0.439629 -0.386698 -0.419246 0.518682 0.032301 0.375897 0.035916 -0.044182 -0.094550 0.070406 -0.129107 0.235676 0.023949 0.261811 0.143548 0.045346 -0.088661 -0.322303 -0.096184 -0.385678 -0.444280 -0.187569 0.096095 0.090991 0.133924 0.160395 0.151572 0.107211 0.179285 0.063211 -0.005854 -0.055748 -0.376805 -0.536619 0.122742 0.117167 0.064407
-0.106117 0.543342 -0.022264 0.104407 0.343347 0.515962 0.091685 0.528782 0.226182 0.375086 0.506831 1.000000 0.281800 0.462360 0.152450 -0.019739 -0.447937 -0.057695 -0.229687 0.150951 0.019459 -0.157392 -0.244374 0.179399 0.066865 0.086227 0.410234 0.313422 -0.343727 -0.296177 -0.248453 0.003915 -0.119339 -0.035312 -0.137957 0.333698 -0.391784 -0.280472 -0.226656 -0.017609 -0.271907 -0.265770 -0.356803 -0.160245 -0.034496 -0.059380 -0.284701 -0.078377 0.167275 0.051353 0.141172 0.303478 0.069551 -0.149531 -0.143800 -0.346360 -0.273404 -0.269101 0.213009 0.179016 -0.106831 -0.007709 -0.391415 -0.313667 0.095592 0.397842 0.194259 0.331745 -0.178626 0.113668 -0.005609 0.231341 -0.507471 0.007439 -0.159995 0.058182 -0.137416 -0.000197 -0.445372 -0.488076 -0.465925 -0.581752 0.244415 -0.007242 -0.106062 0.083539 0.011298 0.067482 0.122128 0.019249 0.372994 0.153184 0.239025 -0.055344 0.054207 -0.246034 -0.340025 -0.225344 -0.256534 -0.369287 -0.004428 -0.082783 0.052045 0.114495 0.277796 0.262597 0.031555 0.141826 -0.197924 -0.128905 -0.146734 -0.255596 -0.119461 0.219562 0.134015 0.071367
0.309880 0.242394 0.147831 -0.155955 -0.247986 0.071186 -0.006583 0.011061 -0.276723 -0.117398 0.446410 0.281800 1.000000 0.422829 0.300960 0.337409 -0.038523 0.263360 -0.028080 -0.152510 -0.298510 -0.254561 0.095309 0.155281 -0.009609 -0.007436 0.135757 0.006525 -0.226857 -0.098692 -0.250163 -0.240215 -0.250299 -0.438700 0.069503 0.184791 -0.036133 -0.019301 0.258237 0.276252 -0.088992 -0.100689 -0.641723 -0.595877 -0.422303 -0.296367 -0.213474 -0.338264 0.322563 -0.310089 0.214988 -0.038577 -0.068970 -0.291142 0.350406 -0.049928 -0.297239 -0.210160 0.214748 0.153355 0.413703 0.270557 0.112254 0.142209 0.122938 0.483609 0.147033 0.062869 -0.174519 -0.077832 0.213733 0.415696 -0.315918 0.204488 -0.131796 0.303400 0.104604 0.326662 -0.439842 -0.102733 -0.430296 -0.444748 0.242411 -0.375818 -0.006533 -0.130555 0.189581 0.141798 0.554772 0.261739 -0.026151 0.178181 0.160414 0.281364 0.474750 -0.307244 0.011046 0.272799 -0.416915 -0.441130 -0.134551 0.330071 0.190540 0.287217 0.257754 0.214263 0.087928 0.080490 -0.435014 -0.025376 -0.029744 -0.406402 -0.406737 -0.150564 0.032328 -0.174342
-0.036215 0.432320 -0.177122 -0.212804 -0.013075 -0.014783 -0.046096 0.155090 -0.045805 0.126968 0.148168 0.462360 0.422829 1.000000 -0.149785 0.289977 -0.303498 0.140164 -0.446305 -0.117774 -0.295731 -0.460648 -0.251066 -0.095119 -0.014330 -0.278936 0.049843 -0.225475 -0.326026 -0.047198 -0.230892 -0.128678 -0.196180 -0.030187 0.037658 0.168042 0.019451 -0.109547 -0.030904 0.079713 -0.068849 -0.034900 -0.280148 -0.181163 -0.037854 0.061113 0.046882 -0.082775 0.215384 0.155182 0.156908 0.177210 0.016764 0.040392 0.032389 -0.001333 -0.314949 -0.085875 0.004384 0.006631 0.011044 0.197046 -0.107686 -0.004039 0.005543 0.519219 -0.143661 -0.048108 -0.166224 -0.104558 0.097559 0.272009 -0.330588 0.163604 -0.001876 0.183507 0.007141 0.180480 -0.384979 -0.090946 -0.251675 -0.299038 0.011242 -0.057213 -0.113874 -0.149964 0.173704 0.198153 0.133476 0.244051 0.084995 0.098094 0.189201 0.015293 0.130720 -0.257191 -0.038970 0.119610 -0.235832 -0.230900 0.003041 -0.132276 -0.050142 -0.116171 0.074935 0.105125 -0.151234 0.035201 -0.337949 -0.142622 -0.086086 -0.130683 0.098578 0.020701 -0.019749 -0.002131
0.034922 -0.174496 0.124877 0.221513 0.214606 0.331508 0.023506 -0.045700 0.248162 -0.002648 0.542033 0.152450 0.300960 -0.149785 1.000000 0.355809 0.014405 -0.089615 0.074286 -0.066259 0.153448 0.442211 0.288312 0.274062 0.107631 0.380485 0.524042 0.565777 0.180510 -0.156088 -0.134602 -0.152495 -0.100959 -0.328094 -0.247178 -0.064474 -0.175718 0.012803 0.203591 0.108266 -0.104262 0.118265 -0.368152 -0.289198 -0.284379 -0.242306 -0.409932 -0.450318 -0.000517 -0.210834 0.194267 -0.036010 0.012942 -0.104067 0.216421 -0.364022 -0.044600 -0.193414 -0.033790 -0.040697 0.021508 -0.208592 -0.013634 -0.135065 0.282724 0.146924 0.121407 0.153182 -0.150852 0.024820 -0.056211 -0.057238 -0.197229 -0.158621 -0.200727 -0.060713 -0.233564 -0.185987 0.077220 -0.251637 -0.116216 -0.127106 0.448912 0.257191 0.285378 0.203851 -0.234388 0.088246 0.082497 0.100158 0.105925 -0.098021 0.294405 0.279065 0.061342 0.071313 -0.233576 -0.045710 -0.361156 -0.371025 -0.035096 0.313584 0.138677 0.122537 0.085272 0.023865 0.406392 0.076522 0.291362 0.011101 -0.155573 -0.255209 -0.396638 0.055373 0.094690 0.060669
0.163803 -0.125029 -0.159197 0.035233 -0.147951 -0.102910 -0.055501 -0.109250 -0.107065 0.023080 0.113727 -0.019739 0.337409 0.289977 0.355809 1.000000 0.325813 0.136325 -0.018539 -0.388977 -0.346583 -0.017804 0.019099 -0.064083 0.038308 0.079615 -0.031436 -0.094267 0.326739 0.395670 -0.450094 -0.434757 -0.402113 -0.416595 0.257383 0.069157 0.003248 0.147913 0.072281 0.077369 -0.134717 0.143572 -0.407730 -0.474966 -0.272318 -0.211623 0.005192 -0.370676 -0.077739 -0.347892 0.021136 -0.319010 -0.214351 -0.139669 0.518427 0.031391 -0.194739 -0.255311 -0.285763 -0.241033 0.018817 -0.174845 0.239571 -0.049893 0.364690 0.308158 -0.329148 -0.301437 -0.260881 -0.472556 0.183360 0.139516 0.265942 0.306472 0.319390 0.444489 0.327626 0.420978 0.167829 0.230322 0.086642 0.182642 -0.196683 0.220923 0.168781 0.003761 -0.269154 -0.077796 0.238084 0.274041 -0.208931 -0.197920 0.307623 0.251440 0.231285 0.032912 0.182455 0.341167 -0.218302 -0.071560 -0.000934 0.296372 0.158113 -0.099050 -0.136167 -0.376123 0.235373 -0.470060 0.095362 0.356020 -0.187085 -0.245751 -0.122713 -0.018899 -0.384189 -0.311771
0.237093 -0.373322 -0.241528 -0.258485 -0.322620 -0.331945 -0.131313 -0.405387 -0.192107 -0.188159 -0.172172 -0.447937 -0.038523 -0.303498 0.014405 0.325813 1.000000 0.557644 0.190388 -0.127655 -0.198653 0.109006 -0.121403 -0.207211 -0.044876 0.170479 -0.497741 -0.268410 0.657990 0.603446 -0.080443 -0.311774 -0.121065 -0.202892 -0.096384 -0.338861 0.038589 0.129175 0.015949 -0.075431 -0.206027 0.167910 -0.125463 -0.324907 -0.208582 -0.122544 -0.057703 -0.264170 -0.363829 -0.197141 -0.401719 -0.510883 -0.272556 -0.208941 0.033652 0.028844 0.386567 0.181239 -0.016669 0.061622 0.322971 -0.043505 0.711945 0.444662 0.109538 -0.198452 -0.061783 -0.332382 0.058023 -0.104934 0.045914 -0.107038 0.635866 0.245729 0.481269 0.157210 0.226135 0.085295 0.530570 0.627249 0.511493 0.658719 -0.295988 0.040661 0.216093 -0.236981 -0.153976 -0.273273 0.130956 -0.007629 -0.314233 -0.290866 -0.002377 0.125181 0.093563 0.168311 0.110238 0.245135 -0.007068 0.044926 0.179397 0.341621 0.246127 0.096005 -0.020290 -0.148687 0.161075 -0.360208 0.207718 0.236448 -0.321555 -0.104828 -0.001901 -0.145494 -0.196547 -0.259431
0.128832 -0.118959 -0.398840 -0.527511 -0.346977 -0.198626 -0.341463 -0.394088 -0.154819 -0.178605 -0.080761 -0.057695 0.263360 0.140164 -0.089615 0.136325 0.557644 1.000000 -0.159097 -0.116848 -0.315739 -0.183519 -0.287647 -0.111763 0.126952 0.104087 -0.450630 -0.352981 0.194087 0.557406 -0.083344 -0.290627 -0.177958 -0.391587 -0.257248 -0.153024 -0.091386 -0.075207 -0.049295 -0.078699 -0.266972 0.032854 -0.183569 -0.298251 -0.163869 -0.077555 -0.083499 -0.189202 -0.026834 0.120128 -0.250265 -0.119707 -0.024226 -0.264390 0.074750 0.025263 0.304754 0.202829 0.409190 0.308267 0.500918 0.232721 0.654468 0.638278 -0.139157 0.059530 0.195311 -0.119887 0.064435 0.040881 0.167778 0.261703 0.281457 0.401327 0.324772 0.276590 0.070620 0.141775 -0.023748 0.387046 0.012047 0.178801 -0.222437 -0.182875 -0.098812 -0.449552 0.168218 -0.132873 0.296758 0.213439 -0.066440 -0.009451 0.011619 0.101859 0.176792 -0.096333 -0.009504 0.220965 0.002790 -0.119809 0.210885 0.295823 0.257742 0.311763 0.210536 0.200637 0.017768 -0.113634 -0.180115 0.016078 -0.387267 -0.233631 0.105651 -0.177155 0.004171 -0.232464
0.147307 -0.223881 0.547596 0.243073 0.186718 0.175353 0.285293 0.089353 0.086627 0.201952 -0.036864 -0.229687 -0.028080 -0.446305 0.074286 -0.018539 0.190388 -0.159097 1.000000 -0.009995 -0.033997 0.061472 0.389810 0.309531 0.186477 0.376953 0.047817 0.240009 0.092598 0.026483 0.240963 0.160364 0.153386 -0.013384 0.122870 -0.058998 -0.340716 -0.165512 -0.020125 -0.192189 -0.147481 -0.169617 -0.052868 -0.124114 0.066290 -0.046609 -0.036142 -0.079433 0.206064 -0.043734 0.105540 -0.089347 0.137616 -0.073425 0.007081 0.008728 -0.154920 -0.219745 0.067486 -0.134555 0.093365 -0.210024 0.217129 -0.070524 0.180080 -0.300375 0.198220 0.273123 -0.103227 0.084915 0.111629 -0.020988 0.248781 -0.204734 -0.167632 -0.128762 -0.091734 -0.008987 0.069212 -0.008762 -0.096822 -0.007657 0.043425 -0.291575 -0.046977 -0.139134 -0.237354 -0.260314 0.213431 -0.013364 -0.187248 -0.046303 -0.044396 0.064723 0.035854 -0.040287 0.073355 0.088290 -0.134678 -0.010203 -0.069121 0.079962 0.089995 -0.007389 -0.180226 -0.229170 0.270374 -0.099395 0.067858 0.336661 0.050730 -0.102339 -0.166507 -0.150591 -0.123892 -0.160966
0.050836 0.236039 -0.031066 0.140067 0.341919 0.316674 0.352610 0.345244 0.372362 0.400394 0.084955 0.150951 -0.152510 -0.117774 -0.066259 -0.388977 -0.127655 -0.116848 -0.009995 1.000000 0.239546 -0.000532 -0.265239 0.047209 -0.178911 -0.121437 0.079910 0.017936 0.089174 -0.068888 -0.005469 -0.023118 0.362509 0.558667 -0.285305 0.058673 -0.153114 -0.343545 -0.353411 -0.263150 -0.281495 -0.105191 0.004362 0.053204 0.157527 -0.046083 -0.483534 0.011350 -0.224294 0.037238 -0.332024 -0.066221 0.039128 -0.129196 -0.462846 -0.508772 0.263180 0.299554 -0.037470 0.132541 -0.116947 -0.120697 -0.176951 -0.119465 -0.122873 -0.306824 0.236017 0.207195 0.512304 0.634577 -0.254150 -0.159857 -0.031976 -0.114642 -0.180978 -0.210863 -0.237703 -0.340543 0.026826 -0.260203 0.096089 -0.014945 0.176695 0.197255 -0.050635 -0.124231 0.018906 -0.228933 -0.254842 -0.346980 0.446301 0.236090 -0.028338 -0.066640 -0.296146 -0.079589 -0.546052 -0.429527 -0.078183 -0.171209 0.163739 -0.216844 -0.035092 0.045914 0.278019 0.299688 -0.208425 0.266117 -0.069652 -0.300001 -0.239773 0.076241 0.040044 -0.146951 0.094510 0.101953
-0.256451 -0.049634 0.213337 0.378094 0.295977 0.358220 0.317837 0.277229 0.391179 0.119348 0.016962 0.019459 -0.298510 -0.295731 0.153448 -0.346583 -0.198653 -0.315739 -0.033997 0.239546 1.000000 0.585983 0.096038 0.283665 0.077718 0.199311 0.333325 0.459933 -0.043702 -0.192085 0.444933 0.345777 0.374218 0.364565 -0.113346 -0.003226 -0.097422 0.122203 -0.244409 -0.107927 0.012478 0.233066 0.157335 0.227026 -0.101115 -0.131169 -0.189809 0.089711 -0.301197 -0.006902 -0.174735 0.124440 0.140263 0.248064 -0.415596 -0.192997 0.129010 0.030007 -0.107665 -0.075515 -0.293059 -0.090152 -0.238471 -0.107446 -0.138934 -0.162377 0.036952 0.060659 0.006423 0.199203 0.186608 0.055644 -0.069257 -0.107185 -0.037359 -0.022487 -0.183601 -0.291440 0.078239 -0.226129 -0.013462 -0.097414 0.059397 0.039491 -0.080043 0.065920 -0.045355 -0.134818 -0.236925 -0.196644 0.075904 -0.027479 0.036069 0.050912 -0.250727 0.079307 -0.165276 -0.259379 0.091062 0.041187 0.128175 -0.011742 -0.003564 0.056209 -0.088487 -0.030254 0.256582 0.043801 0.347663 0.047970 0.126766 0.024414 -0.069120 -0.074944 0.039265 0.193384
-0.088888 -0.358592 0.085059 0.299704 -0.016123 0.107503 0.013012 -0.075879 0.164797 -0.148605 0.095015 -0.157392 -0.254561 -0.460648 0.442211 -0.017804 0.109006 -0.183519 0.061472 -0.000532 0.585983 1.000000 0.220542 0.167774 0.074400 0.337333 0.173251 0.465443 0.351436 -0.020320 0.163923 0.077278 0.069223 0.033538 -0.217712 -0.302170 -0.013568 0.228086 -0.035053 0.034318 0.148181 0.286077 0.200281 0.177133 -0.222325 -0.235477 0.039946 0.029194 -0.358083 -0.218759 -0.074830 -0.112299 -0.007104 0.120520 -0.102518 -0.045025 0.199323 0.048411 -0.137499 -0.093328 -0.176495 -0.198115 -0.011567 -0.014590 -0.059924 -0.179283 -0.110128 -0.162160 -0.014841 0.042850 -0.059998 -0.197736 0.116691 -0.165460 0.047475 -0.061753 -0.167313 -0.300050 0.439891 -0.036224 0.260804 0.261056 0.200881 0.310739 0.177213 0.145771 -0.195311 -0.066508 -0.149284 -0.159176 -0.067783 -0.088178 0.058494 -0.002099 -0.226842 0.017420 0.080531 -0.274753 0.226622 0.118602 -0.029045 0.070307 0.000367 -0.080728 -0.173668 -0.194877 0.333268 -0.078378 0.391617 0.033654 0.106953 0.088959 -0.011193 0.126776 -0.049808 0.101365
-0.135971 -0.310193 0.641244 0.431524 -0.018151 0.143582 0.104251 -0.078727 0.092326 -0.248907 0.065118 -0.244374 0.095309 -0.251066 0.288312 0.019099 -0.121403 -0.287647 0.389810 -0.265239 0.096038 0.220542 1.000000 0.498091 0.182338 0.396112 0.257782 0.482432 -0.207898 -0.328822 0.373890 0.156392 0.070396 -0.229895 0.217776 0.095166 -0.089415 -0.051252 0.191599 -0.113077 0.033122 -0.104794 0.078599 -0.014398 -0.153317 -0.067734 0.171869 0.121867 0.206771 -0.010913 0.531570 0.106589 0.207145 0.226531 0.286108 0.139684 -0.251497 -0.134572 -0.109394 -0.195785 -0.139585 -0.233762 -0.081838 -0.226244 0.122703 -0.056280 0.040045 0.174655 -0.091712 0.010712 0.356479 0.048859 -0.194528 -0.143321 -0.235783 0.027455 -0.048646 0.140762 0.007756 -0.128891 -0.228270 -0.164295 0.101778 -0.350203 -0.061348 -0.039541 0.135175 -0.103330 0.194840 0.188859 0.024099 0.066049 -0.013406 0.145776 0.162910 -0.150988 0.284115 0.130776 0.020388 0.084780 -0.330157 0.007222 -0.100504 -0.134448 -0.257847 -0.283850 0.229682 -0.181134 0.005691 0.264580 0.484678 0.001897 -0.218023 -0.053078 -0.249531 -0.229496
-0.263793 -0.301631 0.499992 0.517657 0.299577 0.471381 0.219522 0.304445 0.403497 0.289917 0.283026 0.179399 0.155281 -0.095119 0.274062 -0.064083 -0.207211 -0.111763 0.309531 0.047209 0.283665 0.167774 0.498091 1.000000 0.416093 0.534232 0.382605 0.441588 -0.315681 -0.297663 0.486704 0.424873 -0.030067 -0.098789 0.094624 0.250254 -0.403939 -0.389953 -0.213738 -0.368098 -0.205668 -0.159380 -0.085440 -0.114293 0.025232 -0.128937 -0.348781 -0.052465 0.314473 0.099536 0.452441 0.309507 0.206566 -0.094572 0.032704 -0.370409 -0.378246 -0.442490 -0.014514 -0.078054 -0.158563 -0.293848 -0.032213 -0.202595 0.179160 -0.028482 0.283271 0.605296 -0.363080 0.208092 0.462134 0.301830 -0.273745 -0.173392 -0.291832 -0.109745 -0.396129 -0.152316 -0.255179 -0.436308 -0.470005 -0.412541 0.224254 -0.297921 -0.026075 0.039086 -0.119342 -0.196247 0.306196 0.105729 0.289976 0.062745 0.337528 0.351979 -0.049133 -0.256545 -0.304388 -0.118713 -0.339625 -0.321315 -0.105529 -0.018967 0.110965 0.149352 0.029749 0.025247 0.270986 -0.051976 -0.028279 0.127634 0.039245 -0.340293 -0.361921 -0.044976 -0.001435 -0.107409
-0.321730 -0.221282 0.205495 0.170883 0.197922 0.292430 -0.087952 0.103014 0.156287 0.131800 0.116339 0.066865 -0.009609 -0.014330 0.107631 0.038308 -0.044876 0.126952 0.186477 -0.178911 0.077718 0.074400 0.182338 0.416093 1.000000 0.596208 0.088139 0.213311 -0.033169 0.102795 0.243754 0.127144 -0.262637 -0.220412 0.226518 0.393478 -0.208406 -0.215948 -0.174091 -0.284036 -0.165229 0.078258 -0.068343 -0.062506 0.011667 0.066160 0.065935 0.067620 0.078636 0.097536 0.232224 0.228968 0.093956 0.037626 0.103464 0.033932 -0.338201 -0.442517 -0.084766 -0.047759 -0.262403 -0.259655 0.054858 -0.270974 0.017074 0.067820 0.003026 0.347644 -0.153438 -0.017508 0.440584 0.284527 0.024718 0.222179 0.019314 0.138258 -0.076476 0.083471 -0.019884 -0.012166 -0.232202 -0.149765 0.087917 -0.239622 -0.039048 -0.140198 -0.000976 -0.156266 0.194439 0.213920 0.110132 -0.121833 0.334749 0.168161 0.056537 -0.101277 0.001517 0.120698 -0.160534 -0.136395 -0.014271 -0.049672 0.003424 -0.070344 -0.200258 -0.154664 0.326107 -0.159414 0.026215 0.256833 0.165723 -0.273180 -0.203321 0.132466 -0.114742 -0.320684
-0.152691 -0.330295 0.262682 0.336108 0.163513 0.469376 -0.010533 0.043602 0.275645 0.087382 0.183335 0.086227 -0.007436 -0.278936 0.380485 0.079615 0.170479 0.104087 0.376953 -0.121437 0.199311 0.337333 0.396112 0.534232 0.596208 1.000000 0.178252 0.603234 0.142077 0.025221 0.237824 0.134760 -0.065966 -0.301394 -0.031793 0.097560 -0.247157 -0.164596 -0.122603 -0.361116 -0.196414 -0.023153 -0.255886 -0.284498 -0.313459 -0.299043 -0.108404 -0.079228 -0.053669 -0.175134 0.140448 -0.023160 0.152353 -0.077951 0.079145 -0.072987 -0.140143 -0.333844 0.131025 -0.018102 -0.045143 -0.313437 0.189498 -0.201523 0.005551 -0.092883 0.209030 0.285888 -0.093798 0.055914 0.331324 0.090060 0.048828 0.100371 -0.018821 0.051754 -0.103742 0.020876 0.162286 -0.002699 -0.079336 -0.022860 0.145428 -0.124902 -0.002626 -0.042033 -0.240572 -0.152339 0.247199 0.166676 0.047320 -0.189664 0.419614 0.300973 0.215672 -0.171302 0.053015 0.072623 -0.171978 -0.219216 0.088307 0.238875 0.290667 0.051538 -0.146150 -0.239401 0.386135 -0.238072 0.128352 0.352631 0.037037 -0.275285 -0.269037 -0.041017 -0.180614 -0.308685
-0.243238 0.240461 0.354097 0.243123 0.566254 0.624799 0.267279 0.316584 0.308807 0.242503 0.404224 0.410234 0.135757 0.049843 0.524042 -0.031436 -0.497741 -0.450630 0.047817 0.079910 0.333325 0.173251 0.257782 0.382605 0.088139 0.178252 1.000000 0.729696 -0.425009 -0.525567 0.080616 0.074125 0.012963 -0.097705 -0.138651 0.090815 -0.381472 -0.290937 0.060581 0.019599 -0.197704 -0.287599 -0.177255 -0.007330 0.007120 0.008180 -0.332986 -0.235563 0.257802 0.119105 0.395069 0.393411 0.123843 0.021919 -0.008750 -0.393155 -0.221576 -0.173015 0.069300 0.118623 -0.165015 -0.046058 -0.446768 -0.325664 0.258781 0.348058 0.191877 0.340047 -0.224447 0.105472 -0.110685 -0.064201 -0.592725 -0.484930 -0.590161 -0.334261 -0.450327 -0.358375 -0.241669 -0.703391 -0.481856 -0.535679 0.360725 0.033922 -0.019654 0.155756 -0.232738 0.062772 0.073334 -0.057077 0.456179 0.243116 0.284381 0.254059 -0.094145 -0.241478 -0.392594 -0.324421 -0.190841 -0.257066 -0.100616 0.069089 0.029400 0.162260 0.276461 0.278244 0.203855 0.299706 -0.150852 -0.277321 -0.087210 -0.190433 -0.268925 0.109130 0.269213 0.334003
-0.196995 0.025411 0.460853 0.483444 0.434213 0.660882 0.239325 0.219817 0.414799 0.106673 0.323838 0.313422 0.006525 -0.225475 0.565777 -0.094267 -0.268410 -0.352981 0.240009 0.017936 0.459933 0.465443 0.482432 0.441588 0.213311 0.603234 0.729696 1.000000 -0.165151 -0.411766 0.166157 0.071245 0.133046 -0.132962 -0.159394 0.035530 -0.296826 -0.170024 -0.078161 -0.204312 -0.153559 -0.163086 -0.177486 -0.084183 -0.225514 -0.235449 -0.207211 -0.103849 0.063830 -0.064987 0.309423 0.211985 0.231624 0.117227 -0.103615 -0.290091 -0.168846 -0.171163 0.068036 0.007644 -0.242215 -0.235456 -0.315544 -0.347145 0.075381 0.079809 0.251727 0.274418 -0.019043 0.108049 0.077554 -0.073341 -0.361599 -0.261510 -0.353365 -0.170030 -0.257994 -0.211762 0.022812 -0.451420 -0.254419 -0.303677 0.309763 -0.038620 -0.004379 0.144437 -0.236511 -0.119342 0.045623 -0.061552 0.329484 0.121951 0.346445 0.236176 -0.010931 -0.246347 -0.156998 -0.294394 -0.114080 -0.139837 0.029287 0.146098 0.131444 0.096815 0.003500 -0.005268 0.445781 0.058466 0.118332 0.049052 0.111938 -0.122439 -0.258031 0.137873 0.072144 0.113888
0.159451 -0.306094 -0.302027 -0.075159 -0.251616 -0.266056 -0.062394 -0.219742 -0.065414 -0.077699 -0.114095 -0.343727 -0.226857 -0.326026 0.180510 0.326739 0.657990 0.194087 0.092598 0.089174 -0.043702 0.351436 -0.207898 -0.315681 -0.033169 0.142077 -0.425009 -0.165151 1.000000 0.643971 -0.281783 -0.290371 -0.040438 0.099464 -0.110827 -0.253835 0.115336 0.103734 -0.220779 -0.204988 0.022486 0.288358 0.000933 -0.110828 -0.085949 -0.155413 -0.022121 -0.189339 -0.548017 -0.307961 -0.521333 -0.613445 -0.224036 -0.059934 -0.066296 -0.006801 0.250994 0.161455 -0.309357 -0.099401 -0.070926 -0.248102 0.362021 0.085451 -0.054607 -0.325821 -0.270107 -0.390956 0.138538 -0.110313 -0.206457 -0.365282 0.744408 0.227510 0.506977 0.179388 0.276596 0.074842 0.744031 0.547158 0.780981 0.817636 -0.055065 0.468092 0.271049 -0.024319 -0.172927 -0.209571 -0.139521 -0.211353 -0.226343 -0.219580 0.064069 -0.003142 -0.022830 0.277661 0.086083 0.105793 0.094154 0.201950 0.151746 0.168699 0.015475 -0.251754 -0.326821 -0.421026 0.120166 -0.382313 0.431259 0.157890 -0.108527 0.196192 0.112818 -0.087699 -0.333655 -0.323530
0.092361 -0.326050 -0.434386 -0.294670 -0.307631 -0.354001 -0.202490 -0.236203 -0.190560 -0.024556 -0.283238 -0.296177 -0.098692 -0.047198 -0.156088 0.395670 0.603446 0.557406 0.026483 -0.068888 -0.192085 -0.020320 -0.328822 -0.297663 0.102795 0.025221 -0.525567 -0.411766 0.643971 1.000000 -0.149846 -0.271753 -0.140917 -0.118881 0.037267 -0.102294 -0.001236 0.050522 -0.227848 -0.244566 -0.100551 0.221042 -0.073843 -0.181638 -0.050653 -0.108466 0.048269 -0.226674 -0.302620 -0.124583 -0.481074 -0.394954 -0.229187 -0.104889 0.091569 0.120984 0.210645 0.123552 -0.121388 -0.091330 0.135466 -0.127922 0.523789 0.291760 -0.062664 -0.180252 -0.194286 -0.327884 0.022819 -0.174683 0.097328 0.044217 0.836952 0.523049 0.682543 0.481190 0.390527 0.322002 0.348044 0.607551 0.380661 0.560864 -0.410352 0.179206 -0.026947 -0.286257 -0.120218 -0.321173 0.098998 0.087786 -0.180071 -0.103782 0.051642 0.060582 0.044054 0.274990 0.116924 0.282166 0.131660 0.247512 0.187665 0.245218 0.070537 -0.106473 -0.183761 -0.271243 0.000846 -0.426905 0.169465 0.248718 -0.254834 -0.024412 0.188167 -0.258657 -0.432532 -0.468315
-0.394687 -0.428065 0.241164 0.170808 0.087283 0.016494 -0.034432 -0.065700 0.146791 -0.056583 -0.098591 -0.248453 -0.250163 -0.230892 -0.134602 -0.450094 -0.080443 -0.083344 0.240963 -0.005469 0.444933 0.163923 0.373890 0.486704 0.243754 0.237824 0.080616 0.166157 -0.281783 -0.149846 1.000000 0.714739 0.359919 0.259137 -0.167657 -0.114588 -0.099168 -0.048308 -0.009840 -0.174940 0.084350 0.070538 0.365435 0.327912 0.085509 0.089544 0.025097 0.143912 0.003743 0.272258 0.217464 0.158459 0.066537 0.191213 -0.258099 0.007310 0.018578 0.008658 -0.071287 -0.245167 -0.038609 -0.000404 0.119750 0.208528 -0.002763 -0.340717 -0.013396 0.166888 -0.139053 0.157808 0.315958 0.103046 -0.041809 -0.095135 -0.069479 -0.136927 -0.208316 -0.212921 -0.182806 -0.120872 -0.156836 -0.113298 0.092105 -0.236880 0.047052 0.064749 0.124117 -0.078836 -0.101142 -0.110574 -0.069385 -0.169228 -0.115309 0.073100 -0.152324 -0.001603 -0.025419 -0.050586 0.098244 0.093910 -0.018178 -0.124330 0.007554 0.075316 -0.046902 0.053270 0.030336 0.178397 0.114622 -0.010445 0.185736 0.118433 0.086080 -0.079417 0.031340 0.072145
-0.237858 -0.315543 0.077114 0.211206 0.028603 -0.074155 -0.122818 0.034453 0.053692 -0.015546 -0.001177 0.003915 -0.240215 -0.128678 -0.152495 -0.434757 -0.311774 -0.290627 0.160364 -0.023118 0.345777 0.077278 0.156392 0.424873 0.127144 0.134760 0.074125 0.071245 -0.290371 -0.271753 0.714739 1.000000 0.302171 0.415577 -0.133107 -0.119397 -0.120785 0.012293 -0.046175 -0.033614 0.201934 -0.071582 0.347224 0.418062 0.211325 0.070893 0.087530 0.192542 0.063161 0.197766 0.254413 0.118518 0.045490 0.031865 -0.218933 0.060487 -0.075072 -0.108079 0.051450 -0.281018 0.010679 0.022137 -0.004605 0.047162 -0.037942 -0.342007 0.058409 0.238222 -0.253226 0.076631 0.121078 0.130359 -0.130061 -0.174823 -0.098295 -0.179248 -0.183080 -0.173059 -0.331494 -0.184439 -0.175588 -0.202450 0.294131 -0.039908 0.042798 0.248194 0.095463 0.184418 -0.203272 -0.095468 -0.195903 -0.299158 -0.210128 -0.192719 -0.183152 0.105369 0.026398 -0.128509 0.022056 -0.005795 -0.166159 -0.194339 -0.057734 0.028960 -0.063818 0.028522 -0.145720 0.275834 0.112624 -0.035460 0.217533 0.043109 0.068004 0.000997 0.084891 0.170448
-0.080002 0.036170 0.122924 0.024956 0.075672 0.028482 0.190714 -0.044291 0.172656 -0.070615 -0.352053 -0.119339 -0.250299 -0.196180 -0.100959 -0.402113 -0.121065 -0.177958 0.153386 0.362509 0.374218 0.069223 0.070396 -0.030067 -0.262637 -0.065966 0.012963 0.133046 -0.040438 -0.140917 0.359919 0.302171 1.000000 0.623314 -0.375587 -0.194067 0.113336 0.038685 0.035433 -0.095837 0.102723 -0.015455 0.232111 0.336233 -0.114215 -0.215945 -0.170074 0.237123 -0.229209 0.072657 -0.323907 -0.034524 0.302021 0.284282 -0.286435 -0.081935 0.444101 0.491202 0.079534 -0.055193 -0.012122 0.088040 -0.028778 0.199389 -0.506050 -0.567678 0.151033 -0.092456 0.444230 0.395479 -0.007620 -0.067262 0.062882 -0.116361 -0.047117 -0.150109 -0.097590 -0.221507 -0.042212 -0.071942 0.113064 0.021376 -0.014958 0.027957 -0.283096 0.023440 0.041186 0.056897 -0.299381 -0.217696 -0.012020 0.071596 -0.267011 -0.079547 -0.251685 0.085368 -0.086338 -0.230276 0.140529 0.158476 0.176377 -0.105137 0.045840 0.033701 -0.003226 0.033686 -0.026315 0.190327 0.163584 -0.133916 0.106122 0.321468 0.238714 -0.157933 0.055251 0.176612
-0.121104 0.109041 -0.016566 0.106891 0.175927 -0.058845 0.290767 0.173015 0.260688 0.193275 -0.180377 -0.035312 -0.438700 -0.030187 -0.328094 -0.416595 -0.202892 -0.391587 -0.013384 0.558667 0.364565 0.033538 -0.229895 -0.098789 -0.220412 -0.301394 -0.097705 -0.132962 0.099464 -0.118881 0.259137 0.415577 0.623314 1.000000 -0.175322 -0.069767 0.078412 -0.036129 -0.303131 -0.148993 0.104060 0.058913 0.351187 0.451690 0.285250 0.081888 -0.064558 0.256636 -0.277886 0.119478 -0.251301 -0.093736 0.072859 0.151491 -0.528355 -0.195770 0.205432 0.296815 -0.263665 -0.228457 -0.314386 -0.054687 -0.195643 -0.053218 -0.209419 -0.431408 -0.169515 -0.065472 0.331048 0.340914 -0.166866 -0.178484 0.118495 -0.137836 0.025514 -0.218374 -0.065071 -0.258056 0.114603 -0.071712 0.320176 0.179679 0.112371 0.262127 0.008178 0.078577 0.099058 -0.026128 -0.490361 -0.462624 0.018508 -0.038223 -0.252761 -0.278781 -0.446983 0.079540 -0.188220 -0.362925 0.127234 0.156314 0.107742 -0.439029 -0.210775 -0.247424 -0.142799 -0.070906 -0.235757 0.182222 0.220324 -0.169079 0.132549 0.315301 0.266244 -0.000426 0.018631 0.257095
-0.005643 -0.070929 0.294837 0.283654 -0.025985 -0.026676 0.152182 0.264620 -0.159997 0.028915 -0.037453 -0.137957 0.069503 0.037658 -0.247178 0.257383 -0.096384 -0.257248 0.122870 -0.285305 -0.113346 -0.217712 0.217776 0.094624 0.226518 -0.031793 -0.138651 -0.159394 -0.110827 0.037267 -0.167657 -0.133107 -0.375587 -0.175322 1.000000 0.629642 0.073512 0.144695 -0.107910 -0.102579 0.047510 0.011176 -0.030498 -0.080467 0.194433 0.183989 0.254368 0.242627 0.292714 -0.112970 0.240902 0.198913 0.037792 0.121087 0.318392 0.213917 -0.475082 -0.524133 -0.357084 -0.249396 -0.372813 -0.328879 -0.181451 -0.453716 0.205746 0.216330 -0.217290 0.227994 -0.231856 -0.331224 0.320428 0.242839 0.070380 0.180062 0.105249 0.273657 0.358938 0.476723 0.002051 0.096006 -0.134235 -0.081178 -0.225345 -0.280979 0.038387 -0.019491 0.031480 -0.164366 0.269475 0.215780 -0.098164 -0.021490 0.072032 0.058440 0.165346 0.005643 0.190957 0.297385 -0.181854 0.038823 -0.187813 -0.156798 -0.264314 -0.304268 -0.386245 -0.421068 -0.036984 -0.421460 0.002653 0.481613 0.348579 -0.249145 -0.311212 -0.202012 -0.321306 -0.384490
-0.218729 0.156306 0.206467 0.298074 0.289193 0.350066 0.079152 0.505251 0.062531 0.241696 0.308694 0.333698 0.184791 0.168042 -0.064474 0.069157 -0.338861 -0.153024 -0.058998 0.058673 -0.003226 -0.302170 0.095166 0.250254 0.393478 0.097560 0.090815 0.035530 -0.253835 -0.102294 -0.114588 -0.119397 -0.194067 -0.069767 0.629642 1.000000 -0.069142 -0.127180 -0.193343 -0.215065 -0.123867 -0.014847 -0.194138 -0.154868 0.075115 0.094025 -0.056226 0.257438 0.224637 -0.052530 0.181976 0.348260 0.124184 0.090512 0.163178 -0.087648 -0.451544 -0.538833 -0.302921 -0.166820 -0.464744 -0.371776 -0.388277 -0.572760 0.069443 0.180516 -0.130018 0.443544 -0.045820 -0.076308 0.428231 0.375711 -0.157662 0.359523 0.113081 0.377962 0.288714 0.467746 -0.235326 -0.213217 -0.336863 -0.374773 -0.041039 -0.287641 -0.073336 -0.005961 0.069718 -0.171238 0.195631 0.124727 0.322690 0.072904 0.181532 0.040040 0.197905 0.006939 -0.146158 0.244466 -0.299687 -0.163606 -0.004769 -0.213308 -0.156584 -0.210988 -0.185674 -0.209201 0.046145 -0.312402 -0.039854 0.344628 0.283860 -0.233898 -0.374247 -0.066353 -0.233675 -0.348053
