1.000000 0.709053 -0.032906 -0.131110 0.143787 0.296862 -0.025666 -0.217330 -0.006316 0.124322 0.248438 -0.028558 0.118626 -0.029969 0.124988 0.163952 0.250364 0.365742 0.509785 0.422329 -0.103784 -0.136458 -0.114420 -0.164452 -0.034320 -0.084542 0.255515 0.121949 0.091376 0.143992 0.004518 -0.164314 -0.047308 -0.048145 -0.084848 -0.270173 -0.235270 -0.278902 0.013851 -0.004571 -0.019559 -0.025666 -0.273539 -0.301994 -0.169968 -0.258313 -0.151502 -0.157014 -0.070441 0.059560 -0.055463 -0.108946 0.034235 -0.141241 -0.015745 0.033090 0.687832 0.585237 0.251684 0.133035 0.082064 -0.161664 0.367989 0.316790 -0.344362 -0.418124 -0.192898 -0.375305 0.162977 0.173692 -0.222883 -0.255601 -0.018530 0.000057 -0.071713 -0.077135 -0.194176 -0.168190 0.102854 0.125551 -0.050335 0.028574 -0.216649 -0.175663 -0.135842 -0.457862 -0.216770 -0.251359 -0.046774 -0.205800 -0.234061 -0.144916 -0.027263 0.058430 0.021245 0.036855 0.080434 0.183160 0.203863 0.214659 0.318531 0.206793 0.298057 0.101587 -0.126314 -0.055927 0.006205 0.058808 0.180100 -0.107104 -0.051178 0.085617 0.047057 -0.027332 -0.226002 -0.113887
0.709053 1.000000 -0.273293 -0.267922 0.064503 0.146352 -0.117931 -0.299227 -0.157716 -0.093205 0.328447 0.243041 0.106158 0.159273 0.259905 0.291581 0.490924 0.468186 0.491715 0.553792 0.004159 -0.021902 -0.238560 -0.309553 -0.150962 -0.184990 0.199408 -0.006232 0.317020 0.294841 -0.018293 -0.130501 0.060704 0.045888 -0.218251 -0.453211 -0.249805 -0.346430 -0.008255 0.015737 0.213183 0.150740 -0.196642 -0.288450 -0.128376 -0.084034 0.053304 -0.171556 -0.236187 -0.120153 -0.323653 -0.385274 0.179568 -0.057511 0.101301 -0.018074 0.761251 0.830898 0.099443 0.142415 0.055525 -0.095243 0.543656 0.551994 -0.386473 -0.605496 -0.439021 -0.595419 0.216353 0.105983 -0.059210 -0.112948 0.162368 0.170705 0.217678 0.220144 0.034703 -0.045563 0.318510 0.368839 0.334724 0.389105 0.233682 0.145736 0.074963 -0.236124 -0.159250 -0.259115 0.026342 -0.145320 -0.378894 -0.309127 -0.195803 0.031275 -0.074871 -0.101834 0.066670 0.015990 0.164911 0.018059 0.214390 0.110073 0.103102 -0.020411 -0.250460 -0.251604 -0.066560 -0.004784 -0.047745 0.063543 -0.169966 0.090758 0.045258 -0.136568 -0.268856 -0.351623
-0.032906 -0.273293 1.000000 0.801461 0.266098 0.119043 0.579316 0.465278 0.511639 0.205268 -0.459405 -0.536816 -0.109330 -0.451742 0.057815 0.051663 -0.596760 -0.560384 0.211222 -0.004562 0.015987 -0.099429 0.398962 0.210228 -0.277042 -0.294617 0.100456 -0.113622 -0.619150 -0.629847 -0.456042 -0.651466 -0.203025 -0.438806 0.319784 0.167374 -0.482667 -0.307837 0.123355 -0.175362 -0.631089 -0.532753 0.265215 0.034253 -0.205787 -0.074420 -0.051292 0.223326 0.216191 0.259181 0.285908 0.282115 0.412831 0.463879 0.204001 0.189380 -0.248482 -0.308203 0.559434 0.408534 -0.032740 -0.018157 -0.508073 -0.316401 0.065061 0.107595 0.728726 0.436198 0.181213 0.264587 -0.433328 -0.383939 -0.561028 -0.574957 -0.475060 -0.380916 -0.402828 -0.497215 -0.601507 -0.622844 -0.563925 -0.482238 -0.469484 -0.455124 -0.083072 -0.066530 -0.126012 -0.177464 0.382937 0.317600 0.560871 0.628230 0.256371 0.370535 -0.150250 -0.004213 0.161827 0.106757 0.365309 0.409383 -0.061753 0.222725 0.119393 0.091274 0.151770 0.106467 0.351604 0.294014 0.142135 0.048511 0.250690 0.116361 0.210684 0.282965 0.277786 0.404563
-0.131110 -0.267922 0.801461 1.000000 0.286170 0.244600 0.307032 0.458463 0.521490 0.340619 -0.471825 -0.353658 -0.140551 -0.302810 0.113730 0.217447 -0.639871 -0.751021 0.253385 0.045815 0.131132 0.080344 0.259046 0.296625 -0.214211 -0.161208 0.177239 0.021039 -0.666503 -0.702303 -0.292312 -0.497900 -0.362415 -0.471245 0.214058 0.244399 -0.420533 -0.249189 0.044284 -0.061084 -0.521694 -0.407796 0.410104 0.072061 -0.276466 -0.070813 -0.083942 0.097502 0.091895 0.180180 0.245237 0.291779 0.547065 0.540742 0.207932 0.207675 -0.261634 -0.275839 0.502206 0.465299 -0.091474 0.152653 -0.532421 -0.283242 0.041575 0.302936 0.625094 0.477221 0.230121 0.189269 -0.227321 -0.122442 -0.515144 -0.437710 -0.257292 -0.084230 -0.361879 -0.487614 -0.444449 -0.577480 -0.415995 -0.474406 -0.272342 -0.168905 0.243524 0.198846 -0.023820 0.032817 0.638065 0.495442 0.578571 0.476339 0.072908 0.018494 -0.252507 -0.021637 -0.108633 -0.099684 0.266825 0.221653 -0.296376 -0.036116 -0.160645 -0.264678 -0.057688 -0.067952 0.168960 0.051364 0.046491 0.116288 -0.068292 -0.085246 0.148863 0.149179 0.213681 0.309210
0.143787 0.064503 0.266098 0.286170 1.000000 0.872928 0.238924 0.280126 0.577104 0.719727 -0.182962 -0.263065 0.263387 -0.167367 0.637948 0.716696 -0.232024 -0.145740 0.166267 0.218998 0.316158 0.289913 0.199481 0.226470 0.426897 0.383684 0.805459 0.501722 -0.124322 -0.112082 0.299035 0.018924 -0.330509 -0.272558 0.171377 -0.026001 -0.349349 -0.446330 0.302861 0.224795 -0.286788 -0.257795 -0.189476 -0.356192 -0.325632 -0.337063 -0.340892 -0.267150 -0.390919 -0.225699 -0.311859 -0.256513 0.030565 -0.106109 0.020846 -0.231200 -0.006079 0.009250 0.114274 0.018655 -0.061593 0.156262 -0.217659 -0.005042 -0.118545 -0.022245 0.083539 -0.136801 0.052508 0.097279 -0.079841 -0.134286 -0.220981 -0.210915 -0.154164 -0.070520 -0.383499 -0.469379 -0.072756 -0.255983 -0.290139 -0.301424 -0.086607 -0.026297 0.024590 -0.256816 -0.045356 -0.214714 0.285796 -0.021353 0.133294 0.087597 0.067309 -0.006139 -0.166455 -0.102411 0.016471 0.003852 0.107117 -0.020859 -0.156208 -0.069865 -0.146482 -0.187535 -0.059373 -0.021067 0.003003 -0.123391 0.113182 0.057669 -0.030006 -0.039965 0.124089 0.092856 -0.062872 -0.211904
0.296862 0.146352 0.119043 0.244600 0.872928 1.000000 -0.087496 0.076643 0.385123 0.710704 -0.229224 -0.206895 0.085394 -0.196645 0.521272 0.715163 -0.167221 -0.129524 0.202641 0.203172 0.412169 0.394161 0.109833 0.227998 0.545258 0.541719 0.908775 0.692113 -0.094399 -0.077227 0.386797 0.144325 -0.392506 -0.304902 0.091870 0.026486 -0.196032 -0.313599 0.452572 0.456922 -0.113165 -0.028243 -0.142476 -0.301023 -0.216456 -0.283324 -0.283686 -0.313268 -0.368443 -0.194518 -0.248132 -0.151137 0.032744 -0.234435 0.173430 -0.063393 0.078837 0.094990 0.069000 -0.029262 -0.180424 0.059073 -0.142357 -0.005897 -0.185701 -0.047661 0.008633 -0.121540 0.055292 0.049055 0.067629 0.024370 -0.088323 -0.024968 0.019071 0.084353 -0.260031 -0.380045 0.000064 -0.210476 -0.188467 -0.289631 -0.075807 0.007697 0.077839 -0.207772 0.014501 -0.077868 0.328196 -0.088375 -0.023441 -0.196038 -0.094712 -0.225446 -0.133089 -0.027560 0.005769 0.107197 0.083482 -0.012491 -0.193091 -0.186273 -0.179229 -0.310138 -0.200121 -0.137018 -0.178849 -0.271609 0.132738 0.105479 -0.153816 -0.039289 0.103461 0.015598 -0.208383 -0.258597
-0.025666 -0.117931 0.579316 0.307032 0.238924 -0.087496 1.000000 0.745943 0.479980 0.215350 -0.178044 -0.274883 0.238295 0.085443 0.079881 0.046319 -0.303710 -0.132234 -0.004029 0.156551 -0.387356 -0.453670 0.294798 0.194660 -0.435156 -0.503409 -0.165229 -0.438658 -0.369562 -0.306825 -0.449640 -0.482702 0.020938 0.003505 0.159653 -0.113934 -0.622689 -0.469049 -0.239326 -0.402325 -0.608006 -0.724838 -0.232235 -0.308823 -0.357511 -0.319953 -0.390104 0.081352 0.069593 0.191905 0.068863 -0.020434 0.187340 0.460935 -0.170090 -0.191861 -0.077011 -0.107399 0.411412 0.377257 0.371679 0.277634 -0.222056 -0.055457 0.063013 0.090603 0.419350 0.164949 -0.038609 0.195393 -0.633955 -0.593580 -0.620732 -0.697807 -0.619012 -0.601233 -0.585273 -0.450932 -0.417802 -0.365501 -0.474178 -0.274391 -0.384191 -0.370504 -0.383425 -0.328129 -0.252966 -0.348868 -0.032535 0.112983 0.560847 0.766500 0.570502 0.643183 0.034548 -0.034885 0.128049 -0.029540 0.194567 0.275613 0.259292 0.432554 0.398034 0.431470 0.367595 0.310381 0.562218 0.532822 0.234550 -0.156854 0.376833 0.073273 -0.073088 0.235243 0.230449 0.295275
-0.217330 -0.299227 0.465278 0.458463 0.280126 0.076643 0.745943 1.000000 0.404498 0.460913 -0.321415 -0.093954 -0.016208 0.191205 -0.005761 0.084481 -0.392722 -0.291304 -0.240144 -0.008559 -0.300269 -0.309372 0.157193 0.455117 -0.210266 -0.256715 -0.076409 -0.301057 -0.330341 -0.263483 -0.164258 -0.157625 -0.265471 -0.044162 -0.008838 -0.007974 -0.626260 -0.497961 -0.297873 -0.303374 -0.607892 -0.683345 -0.156358 -0.345159 -0.294315 -0.276500 -0.483206 -0.204322 0.000802 0.211053 0.050738 0.097814 0.153124 0.360760 -0.201041 -0.221777 -0.265641 -0.308895 0.255527 0.384805 0.359443 0.607767 -0.311204 -0.036121 0.117666 0.459151 0.406757 0.378543 -0.192925 0.079004 -0.403210 -0.385545 -0.530071 -0.559391 -0.456934 -0.422923 -0.519387 -0.430854 -0.208182 -0.359195 -0.376092 -0.374306 -0.288195 -0.063278 -0.142634 -0.164556 -0.211248 -0.242204 0.191451 0.149735 0.653440 0.574393 0.551445 0.315562 0.054420 0.119396 -0.035150 -0.175997 0.177564 0.194937 0.193576 0.214815 0.212142 0.186902 0.135536 0.118844 0.280212 0.286328 0.276657 0.003942 0.116578 -0.062148 -0.048749 0.145511 0.088180 0.226730
-0.006316 -0.157716 0.511639 0.521490 0.577104 0.385123 0.479980 0.404498 1.000000 0.692517 -0.238602 -0.289721 0.337537 -0.144195 0.429462 0.406948 -0.406208 -0.314923 0.057596 0.070988 0.028105 -0.041882 0.269603 0.182285 -0.017413 -0.054267 0.228173 0.027688 -0.383192 -0.286611 -0.035392 -0.281689 -0.273487 -0.270504 0.335501 0.239871 -0.421262 -0.235237 0.027790 -0.025998 -0.557172 -0.455751 0.085613 -0.016742 -0.332808 -0.272176 -0.308993 -0.038927 -0.140412 0.030706 -0.016673 -0.024451 0.054201 0.217586 -0.169375 -0.186129 -0.029135 -0.086580 0.311378 0.295194 0.108154 0.296477 -0.469542 -0.172581 -0.057070 0.201787 0.388349 0.182999 -0.023046 -0.086083 -0.320727 -0.290306 -0.503711 -0.412963 -0.340888 -0.163980 -0.490276 -0.430885 -0.364916 -0.307793 -0.497923 -0.365802 -0.249752 -0.246417 -0.088062 -0.174153 -0.087821 -0.198655 0.104331 0.108825 0.466730 0.464832 0.212009 0.100002 -0.276383 -0.071130 -0.123431 -0.172094 0.193055 0.090327 -0.103465 0.075129 -0.078401 -0.128666 -0.027235 0.040421 0.064344 -0.020854 0.117726 -0.189189 -0.032269 -0.123006 0.060726 0.267823 0.251651 0.139891
0.124322 -0.093205 0.205268 0.340619 0.719727 0.710704 0.215350 0.460913 0.692517 1.000000 -0.246397 -0.125626 0.110301 -0.049552 0.298606 0.447455 -0.326368 -0.195003 -0.084736 0.092249 -0.012731 -0.009642 0.053061 0.382025 0.354126 0.344423 0.462016 0.208722 -0.233394 -0.089823 0.316452 0.133598 -0.417084 -0.179006 0.182968 0.171147 -0.359968 -0.322824 0.055845 0.144687 -0.369667 -0.313589 -0.179341 -0.272503 -0.329625 -0.408012 -0.453111 -0.342727 -0.228833 0.005175 -0.044098 -0.012116 0.028058 -0.004505 -0.115482 -0.114526 0.070241 -0.018062 0.122715 0.148558 0.125545 0.488806 -0.305243 -0.017019 -0.159709 0.258541 0.159082 0.093244 -0.186149 -0.067412 -0.133548 -0.130475 -0.360327 -0.225330 -0.213794 -0.052881 -0.397127 -0.336105 -0.102597 -0.236907 -0.395421 -0.423892 -0.274970 -0.051502 -0.093748 -0.294474 -0.205282 -0.225811 0.108192 -0.051853 0.319278 0.143041 0.150218 -0.157872 -0.109403 0.051131 -0.101716 -0.074357 0.158658 0.081693 0.003284 0.036914 -0.049735 -0.119490 -0.173012 -0.086150 -0.086593 -0.136174 0.278044 -0.073037 -0.105365 -0.108112 -0.005507 0.052067 -0.097922 -0.069774
0.248438 0.328447 -0.459405 -0.471825 -0.182962 -0.229224 -0.178044 -0.321415 -0.238602 -0.246397 1.000000 0.393091 0.473340 0.201703 0.287805 -0.093338 0.412541 0.569064 0.147463 0.086078 -0.142724 -0.078804 -0.071971 -0.009405 0.017897 0.039293 -0.238268 -0.228567 0.600694 0.534333 0.372937 0.308783 0.217702 0.266957 -0.137461 -0.362703 0.098025 -0.037116 -0.134309 -0.022196 0.235619 0.159646 -0.174989 -0.063869 0.015709 -0.031149 0.086558 -0.198431 -0.122433 -0.318351 -0.320833 -0.396440 -0.267695 -0.412041 -0.185572 -0.229979 0.313765 0.275883 -0.329047 -0.416875 0.119237 -0.130030 0.549105 0.409341 -0.109449 -0.324320 -0.453473 -0.451953 -0.161873 -0.211296 0.014708 -0.076393 0.250188 0.233569 0.107684 0.117966 0.065016 0.116587 0.525409 0.554758 0.271142 0.508237 0.193162 0.346210 0.090236 -0.209974 -0.156726 -0.202724 -0.271268 -0.452198 -0.375318 -0.304990 -0.179819 -0.245751 0.171831 0.104194 0.045192 0.016560 -0.085813 -0.051873 0.202402 0.162322 0.133856 0.023558 -0.043964 -0.033154 -0.176528 -0.268734 0.018028 -0.006632 -0.039953 0.072133 0.020628 0.096854 -0.108827 -0.255772
-0.028558 0.243041 -0.536816 -0.353658 -0.263065 -0.206895 -0.274883 -0.093954 -0.289721 -0.125626 0.393091 1.000000 0.200236 0.732353 -0.078992 0.093391 0.442674 0.314637 -0.102436 -0.001801 -0.162741 -0.116353 -0.353359 0.084374 -0.159936 -0.028958 -0.237602 -0.184333 0.415025 0.428625 0.268883 0.413840 -0.012036 0.283808 -0.378914 -0.213260 0.078090 0.002993 -0.179146 -0.010714 0.251633 0.229251 0.013827 0.027427 -0.088494 -0.123999 0.087346 -0.355657 -0.333748 -0.357376 -0.286029 -0.167829 -0.170606 -0.248085 -0.159846 -0.117021 0.233634 0.186514 -0.367405 -0.152095 0.241063 0.421586 0.451491 0.484135 -0.236310 0.004920 -0.546573 -0.391490 -0.246981 -0.258576 0.353462 0.285019 0.377255 0.403323 0.400616 0.402203 0.295327 0.338697 0.485662 0.413577 0.496875 0.471832 0.336380 0.536215 0.154427 0.138025 -0.069443 -0.025241 -0.145100 -0.262647 -0.247861 -0.474744 -0.011869 -0.295614 0.153120 0.073624 -0.156282 -0.192191 -0.116226 -0.168492 0.091509 -0.127308 -0.137386 -0.115892 -0.338462 -0.379570 -0.440659 -0.375899 -0.173739 0.129082 -0.329288 0.099012 -0.010748 -0.094452 -0.339337 -0.257313
0.118626 0.106158 -0.109330 -0.140551 0.263387 0.085394 0.238295 -0.016208 0.337537 0.110301 0.473340 0.200236 1.000000 0.332413 0.563824 0.428256 0.019249 0.146615 -0.012284 -0.005312 0.033641 -0.009383 0.191888 0.008137 -0.116457 0.038141 0.053838 -0.001089 0.088104 -0.002290 0.185521 -0.083560 0.147892 0.049923 0.137865 -0.143489 -0.058286 -0.212236 0.024777 -0.122295 -0.192789 -0.201713 -0.193663 -0.159876 -0.389799 -0.456472 -0.288933 -0.124750 -0.380322 -0.441345 -0.357812 -0.360665 -0.215731 -0.126598 -0.261903 -0.481067 0.223384 0.144212 0.020120 -0.177829 0.409670 0.161899 0.012622 0.113511 0.155922 -0.007089 -0.012653 -0.155741 -0.000760 -0.037894 -0.135021 -0.203413 -0.148807 -0.121150 -0.165093 -0.086284 -0.261034 -0.172867 0.063457 0.050976 -0.150873 0.026036 -0.083864 -0.047139 -0.055620 -0.141575 -0.096856 -0.244942 -0.068840 -0.172623 -0.139396 0.042307 0.051427 0.051930 -0.017954 -0.144113 -0.039483 -0.261816 -0.232778 -0.070404 -0.007627 0.027636 0.030817 0.056044 0.122755 0.127570 0.125916 -0.028306 0.067660 -0.121014 0.036986 -0.018401 -0.092089 0.299374 0.086748 -0.070501
-0.029969 0.159273 -0.451742 -0.302810 -0.167367 -0.196645 0.085443 0.191205 -0.144195 -0.049552 0.201703 0.732353 0.332413 1.000000 -0.050202 0.241888 0.343883 0.271588 -0.110203 0.137387 -0.278039 -0.220817 -0.212270 0.044566 -0.260533 -0.155113 -0.231798 -0.165271 0.225893 0.248026 0.056899 0.243079 0.142888 0.363248 -0.292937 -0.226684 -0.030444 -0.107954 -0.312253 -0.097110 0.103050 -0.030313 -0.274553 -0.249490 -0.367688 -0.416177 -0.271864 -0.369381 -0.442318 -0.277638 -0.348756 -0.264295 -0.199477 -0.071421 -0.362372 -0.364284 0.193024 0.225185 -0.212304 0.005383 0.480198 0.511774 0.355746 0.441478 -0.115699 0.103774 -0.446527 -0.322891 -0.173972 -0.098828 0.073594 0.038632 0.143531 0.090370 0.135209 0.008468 -0.019634 0.091190 0.304234 0.273321 0.294175 0.289716 0.270711 0.387751 0.003466 0.042382 -0.049152 -0.000383 -0.100897 -0.072639 -0.058961 -0.201390 0.285239 0.092686 0.201876 0.033326 -0.144052 -0.313344 -0.263305 -0.301160 0.141048 -0.124781 -0.028543 0.072217 -0.088141 -0.086724 -0.111906 -0.017991 -0.142686 -0.087001 -0.207317 -0.120541 -0.173648 -0.095827 -0.247905 -0.157459
0.124988 0.259905 0.057815 0.113730 0.637948 0.521272 0.079881 -0.005761 0.429462 0.298606 0.287805 -0.078992 0.563824 -0.050202 1.000000 0.645034 -0.066340 0.032046 0.280256 0.184267 0.329487 0.311958 0.438002 0.184527 0.312264 0.240268 0.526259 0.308045 0.096326 0.031821 0.324612 0.001069 -0.144351 -0.221894 0.167979 -0.095519 -0.242264 -0.393574 0.217372 0.106141 -0.170432 -0.125440 -0.134298 -0.300719 -0.294537 -0.277351 -0.291623 -0.283202 -0.473246 -0.355608 -0.510357 -0.493919 -0.015899 -0.156298 -0.037333 -0.328926 0.132403 0.262572 -0.095314 -0.196900 -0.076345 -0.033413 -0.095124 0.096746 0.043390 -0.130715 -0.087244 -0.278445 0.054833 -0.078233 0.051190 -0.032347 -0.049835 0.000395 0.028350 0.117035 -0.176244 -0.304701 0.137196 0.033885 -0.050530 0.006170 0.224752 0.217962 0.250391 -0.081816 0.202541 -0.094289 0.272459 -0.023242 -0.036706 -0.044594 -0.130851 -0.086962 -0.134844 -0.131802 -0.041434 -0.210877 0.001004 -0.064113 -0.172836 -0.090337 -0.157972 -0.319176 -0.139467 -0.093437 -0.062279 -0.211499 -0.017833 0.064780 -0.110025 -0.146366 0.030392 0.189340 0.027433 -0.372659
0.163952 0.291581 0.051663 0.217447 0.716696 0.715163 0.046319 0.084481 0.406948 0.447455 -0.093338 0.093391 0.428256 0.241888 0.645034 1.000000 -0.072923 -0.156387 0.219021 0.230278 0.419082 0.414764 0.122532 0.093213 0.217957 0.297995 0.713379 0.523420 -0.111868 -0.139076 0.236910 -0.035516 -0.174521 -0.211925 0.062499 -0.072008 -0.211308 -0.390912 0.407302 0.342605 -0.087056 -0.047949 -0.054286 -0.276321 -0.427953 -0.389846 -0.227099 -0.214336 -0.516933 -0.365074 -0.419689 -0.344002 0.093193 -0.050080 0.097321 -0.234125 0.180042 0.242795 0.091861 0.084083 0.000616 0.221729 -0.099282 0.118252 -0.138960 -0.084943 -0.084637 -0.265464 0.134008 0.033936 -0.005755 -0.056457 -0.126711 -0.093630 0.058790 0.102402 -0.311654 -0.494343 0.005112 -0.160480 -0.011642 -0.059606 0.135164 0.133395 0.195351 -0.036362 0.018047 -0.099327 0.404858 0.020694 -0.035217 -0.173280 -0.047585 -0.087954 -0.149022 -0.176653 -0.069066 -0.136050 -0.089549 -0.228249 -0.277780 -0.255744 -0.318441 -0.333492 -0.140522 -0.113760 -0.091712 -0.196957 -0.067526 0.012794 -0.243578 -0.178630 0.021857 0.069027 -0.203614 -0.278645
0.250364 0.490924 -0.596760 -0.639871 -0.232024 -0.167221 -0.303710 -0.392722 -0.406208 -0.326368 0.412541 0.442674 0.019249 0.343883 -0.066340 -0.072923 1.000000 0.782372 0.037231 0.140828 -0.011190 0.005286 -0.406986 -0.290359 -0.065650 -0.065439 -0.127569 -0.027662 0.757279 0.710223 0.054072 0.281043 0.087306 0.277753 -0.447699 -0.352012 0.120609 0.082885 -0.184938 0.015641 0.512036 0.443231 -0.223858 -0.107301 0.167156 0.156767 0.118301 -0.306551 -0.199154 -0.241787 -0.464445 -0.372372 -0.356942 -0.443543 -0.220653 -0.217260 0.415519 0.398994 -0.396262 -0.348466 0.078523 -0.120998 0.747745 0.404271 -0.236359 -0.289850 -0.654076 -0.526297 0.025933 -0.103793 0.178305 0.100767 0.690450 0.597142 0.494271 0.319485 0.357258 0.388116 0.718932 0.767835 0.741710 0.730198 0.380361 0.243385 0.042796 -0.013082 -0.030203 -0.028486 -0.353676 -0.388557 -0.493628 -0.570680 -0.023016 -0.007629 0.271088 0.051835 0.105738 0.081667 -0.085687 -0.292234 0.172655 -0.111467 -0.040266 -0.082294 -0.271718 -0.272748 -0.437898 -0.307328 -0.147339 0.200907 -0.215657 0.194727 0.063953 -0.088044 -0.424432 -0.398066
0.365742 0.468186 -0.560384 -0.751021 -0.145740 -0.129524 -0.132234 -0.291304 -0.314923 -0.195003 0.569064 0.314637 0.146615 0.271588 0.032046 -0.156387 0.782372 1.000000 0.002254 0.177938 -0.249724 -0.240490 -0.288418 -0.248726 0.032613 -0.036548 -0.113625 -0.112837 0.832146 0.851642 0.185970 0.355080 0.280418 0.490480 -0.401146 -0.485086 0.003618 -0.035882 -0.163459 -0.054870 0.268309 0.204287 -0.454881 -0.181553 0.245298 0.081884 -0.044322 -0.278511 -0.143848 -0.209206 -0.384166 -0.378926 -0.500215 -0.551696 -0.224630 -0.282401 0.405777 0.409649 -0.473322 -0.434326 0.167368 -0.087659 0.698141 0.502339 -0.218859 -0.407092 -0.637609 -0.516701 -0.230534 -0.156463 0.015693 -0.096277 0.452724 0.369642 0.152393 0.011593 0.113525 0.343818 0.599397 0.754655 0.383153 0.559408 0.152390 0.127246 -0.323115 -0.455156 -0.157656 -0.214246 -0.533980 -0.589012 -0.442598 -0.405175 0.152636 0.076066 0.187398 0.030362 0.171668 0.116919 0.006919 -0.070174 0.450706 0.131925 0.306071 0.188726 -0.118006 -0.106596 -0.226276 -0.079035 0.012949 0.143305 0.123321 0.192898 0.021542 0.105002 -0.231244 -0.328792
0.509785 0.491715 0.211222 0.253385 0.166267 0.202641 -0.004029 -0.240144 0.057596 -0.084736 0.147463 -0.102436 -0.012284 -0.110203 0.280256 0.219021 0.037231 0.002254 1.000000 0.761529 0.116563 0.066403 0.001029 -0.093702 -0.121178 -0.192180 0.265945 0.092763 -0.032403 -0.124526 -0.102246 -0.275180 0.105161 -0.053664 0.021678 -0.250480 -0.262580 -0.254911 0.068752 0.030130 -0.021920 0.032245 0.059141 -0.088554 -0.220342 -0.099198 0.109408 -0.009000 -0.125429 -0.072608 -0.075903 -0.118950 0.339640 0.120198 0.114033 0.112143 0.329820 0.446859 0.261401 0.207821 -0.108645 -0.355311 0.315511 0.371729 -0.447160 -0.542691 -0.094306 -0.369214 0.378122 0.364287 -0.081106 -0.026813 -0.042612 -0.047258 0.054327 0.109076 -0.056761 -0.189102 -0.009631 0.037320 0.013063 0.099202 0.104965 0.003831 0.105190 -0.115447 -0.005523 -0.024101 0.230048 0.037580 -0.100236 -0.000418 -0.150597 0.067673 -0.319814 -0.140380 -0.043425 0.003034 0.267746 0.080886 -0.075381 0.026563 0.065016 -0.129682 -0.218144 -0.218236 0.015632 0.042234 -0.153910 0.047451 -0.117879 0.030765 0.112669 -0.028078 -0.102817 -0.178013
0.422329 0.553792 -0.004562 0.045815 0.218998 0.203172 0.156551 -0.008559 0.070988 0.092249 0.086078 -0.001801 -0.005312 0.137387 0.184267 0.230278 0.140828 0.177938 0.761529 1.000000 -0.059670 -0.098528 -0.251704 -0.159840 -0.118169 -0.191848 0.219832 -0.011313 0.093057 0.053978 -0.056789 -0.090111 0.170104 0.205628 -0.039181 -0.322667 -0.338013 -0.377088 -0.116998 -0.086167 -0.003514 -0.070551 -0.203306 -0.278684 -0.283546 -0.175866 -0.038705 -0.151419 -0.242534 -0.106649 -0.184006 -0.216066 0.280485 0.104367 -0.051940 -0.103146 0.351838 0.498214 0.208626 0.283406 0.087898 -0.007742 0.357052 0.522348 -0.573819 -0.497478 -0.165825 -0.365028 0.409452 0.490317 -0.150691 -0.090704 -0.072129 -0.088566 0.040957 0.063562 -0.114747 -0.135142 0.068663 0.110689 0.046880 0.078977 0.128751 0.043120 -0.118633 -0.252930 -0.162167 -0.148238 0.007619 -0.036546 -0.116555 -0.007101 -0.009715 0.165317 -0.297441 -0.202052 -0.077463 -0.065836 0.164784 -0.030261 0.040705 0.066496 0.117770 0.049488 -0.153882 -0.190880 0.113582 0.178771 -0.121623 0.048599 -0.071122 0.013440 0.005886 -0.147735 -0.153682 -0.258492
-0.103784 0.004159 0.015987 0.131132 0.316158 0.412169 -0.387356 -0.300269 0.028105 -0.012731 -0.142724 -0.162741 0.033641 -0.278039 0.329487 0.419082 -0.011190 -0.249724 0.116563 -0.059670 1.000000 0.928723 -0.022849 -0.237798 0.326997 0.313831 0.568851 0.678572 0.007114 -0.139266 0.163354 0.024260 -0.192866 -0.330495 0.116017 0.205626 0.252117 0.072594 0.407789 0.310077 0.284890 0.384250 0.259307 0.031669 0.060564 0.178934 0.112950 -0.061832 -0.248444 -0.162372 -0.198805 -0.015101 0.036830 -0.105611 0.109772 -0.079842 -0.142680 -0.077685 0.071393 -0.081211 -0.393213 -0.245057 -0.145829 -0.240087 0.127144 -0.003284 0.109533 -0.035768 0.356549 0.063100 0.442634 0.353176 0.334118 0.333113 0.511297 0.441939 0.226360 -0.174410 0.117288 -0.120893 0.258590 0.005111 0.335535 0.074789 0.522324 0.400949 0.392549 0.238539 0.363286 0.200340 -0.295768 -0.287282 -0.478256 -0.319783 -0.265482 -0.219384 -0.264188 -0.168081 -0.161768 -0.312882 -0.534009 -0.435841 -0.592595 -0.469302 -0.200175 -0.114030 -0.371668 -0.377382 -0.263664 0.178892 -0.459373 -0.069611 0.178182 -0.168546 0.007043 -0.223689
-0.136458 -0.021902 -0.099429 0.080344 0.289913 0.394161 -0.453670 -0.309372 -0.041882 -0.009642 -0.078804 -0.116353 -0.009383 -0.220817 0.311958 0.414764 0.005286 -0.240490 0.066403 -0.098528 0.928723 1.000000 -0.076249 -0.220297 0.389481 0.397296 0.533040 0.705052 0.036358 -0.106905 0.206650 0.122946 -0.234318 -0.348516 0.016626 0.159798 0.337678 0.142036 0.347440 0.382742 0.397018 0.465633 0.241135 0.005572 0.043952 0.180251 0.138960 -0.050354 -0.299374 -0.193404 -0.218104 -0.102443 0.013145 -0.127662 0.065074 -0.067010 -0.165914 -0.072637 -0.022612 -0.128877 -0.450274 -0.209894 -0.118746 -0.223011 0.133360 0.035356 -0.007694 -0.080985 0.328164 0.031968 0.467404 0.398975 0.379147 0.371849 0.555222 0.460994 0.222066 -0.205473 0.212838 -0.041505 0.355716 0.057318 0.471240 0.220322 0.632319 0.451996 0.437331 0.322068 0.399441 0.245667 -0.278455 -0.306396 -0.498069 -0.360207 -0.259177 -0.131696 -0.320173 -0.194047 -0.221042 -0.413488 -0.584261 -0.499300 -0.641977 -0.521282 -0.219220 -0.101117 -0.378198 -0.421838 -0.231915 0.137619 -0.503458 -0.136240 0.138315 -0.199470 -0.027760 -0.232254
-0.114420 -0.238560 0.398962 0.259046 0.199481 0.109833 0.294798 0.157193 0.269603 0.053061 -0.071971 -0.353359 0.191888 -0.212270 0.438002 0.122532 -0.406986 -0.288418 0.001029 -0.251704 -0.022849 -0.076249 1.000000 0.473211 0.127300 0.041543 0.089529 0.003630 -0.390653 -0.347668 -0.025233 -0.183944 -0.067989 -0.372480 0.409042 0.217218 -0.136950 -0.117355 0.228791 0.027662 -0.327923 -0.338099 -0.029648 -0.042727 -0.152319 -0.161565 -0.259810 0.028124 0.049331 0.171874 0.061794 -0.055973 0.084531 0.159666 0.140545 0.135912 -0.173902 -0.131558 0.048321 -0.166194 -0.061313 -0.281217 -0.412464 -0.384080 0.418376 0.079896 0.195862 0.055819 -0.146205 -0.155913 -0.157786 -0.225891 -0.337048 -0.339911 -0.346160 -0.369156 -0.193220 -0.227493 -0.390864 -0.318144 -0.399479 -0.249493 -0.115717 -0.117018 -0.028944 0.020921 0.244845 0.069411 0.215568 0.221247 0.312161 0.320352 0.080867 0.224487 0.152027 0.013260 0.211221 0.052400 0.029896 0.307632 -0.020734 0.136314 0.086835 -0.000798 0.143804 0.114608 0.270338 0.197427 0.140317 -0.135657 0.276521 0.050119 -0.017293 0.277657 0.214782 0.058900
-0.164452 -0.309553 0.210228 0.296625 0.226470 0.227998 0.194660 0.455117 0.182285 0.382025 -0.009405 0.084374 0.008137 0.044566 0.184527 0.093213 -0.290359 -0.248726 -0.093702 -0.159840 -0.237798 -0.220297 0.473211 1.000000 0.215360 0.246973 0.045557 -0.170331 -0.213322 -0.121053 0.279340 0.233902 -0.376894 -0.187560 0.116434 0.163504 -0.281778 -0.232687 0.026054 0.038580 -0.376993 -0.330482 0.054108 -0.077687 -0.107369 -0.189445 -0.220031 -0.273081 0.022714 -0.021174 -0.001353 0.067440 0.072513 0.046837 0.120865 0.099506 -0.169425 -0.261615 -0.197048 -0.202644 0.189893 0.219363 -0.177562 0.020952 0.028224 0.231390 0.092257 0.165852 -0.311305 -0.135784 -0.070978 -0.060009 -0.302499 -0.215463 -0.275369 -0.200905 -0.178457 -0.108810 -0.057966 -0.170567 -0.277316 -0.270895 -0.243425 0.145463 -0.057032 -0.104238 -0.098714 -0.131458 0.183243 -0.116792 0.465462 0.168720 0.214788 -0.094926 0.204315 0.242652 0.148206 0.007187 0.236583 0.342658 0.041120 0.122165 0.143411 -0.114084 -0.066852 -0.114169 -0.052158 -0.157810 0.154794 -0.068325 0.033293 0.039524 0.014364 0.173761 -0.142084 0.030391
-0.034320 -0.150962 -0.277042 -0.214211 0.426897 0.545258 -0.435156 -0.210266 -0.017413 0.354126 0.017897 -0.159936 -0.116457 -0.260533 0.312264 0.217957 -0.065650 0.032613 -0.121178 -0.118169 0.326997 0.389481 0.127300 0.215360 1.000000 0.839806 0.541808 0.573045 0.184449 0.272545 0.671746 0.621868 -0.063760 0.064482 0.181141 0.251667 0.308174 0.095007 0.324831 0.392237 0.216972 0.231589 -0.220549 -0.133720 0.086946 -0.058532 -0.134372 -0.204858 -0.171632 -0.047638 -0.051959 -0.043461 -0.278338 -0.445628 0.011366 -0.045983 -0.140265 -0.057369 -0.438402 -0.457959 -0.302492 -0.148969 -0.119716 -0.097441 0.000469 0.031314 -0.184671 -0.112833 -0.168462 -0.215605 0.292699 0.239929 0.184672 0.219977 0.152173 0.102202 0.172143 0.035052 0.187805 0.093572 0.052791 -0.089518 0.192595 0.281452 0.121216 -0.011091 0.188594 0.177181 -0.064896 -0.177726 -0.255770 -0.370412 -0.311715 -0.420851 -0.004471 -0.018747 -0.133615 0.008150 -0.238977 -0.244484 -0.237328 -0.288288 -0.295702 -0.295059 -0.069480 0.031677 -0.289134 -0.313483 -0.091168 -0.048394 -0.162961 -0.281065 -0.083653 -0.229766 -0.231736 -0.333999
-0.084542 -0.184990 -0.294617 -0.161208 0.383684 0.541719 -0.503409 -0.256715 -0.054267 0.344423 0.039293 -0.028958 0.038141 -0.155113 0.240268 0.297995 -0.065439 -0.036548 -0.192180 -0.191848 0.313831 0.397296 0.041543 0.246973 0.839806 1.000000 0.510519 0.572235 0.165566 0.189187 0.651345 0.587214 -0.065557 -0.041488 0.135595 0.188963 0.381750 0.105705 0.349292 0.450520 0.228312 0.273711 -0.157266 -0.048513 0.049559 -0.107336 -0.004499 -0.150076 -0.218141 -0.159600 -0.100038 -0.026979 -0.250133 -0.431233 0.110054 -0.018102 -0.084618 -0.084349 -0.382152 -0.458709 -0.174193 -0.046238 -0.160285 -0.071333 -0.049505 0.027933 -0.180737 -0.056459 -0.112873 -0.139653 0.292650 0.225976 0.192301 0.248149 0.154429 0.114871 0.138124 0.064257 0.157675 0.008162 0.033613 -0.156536 0.066327 0.214969 0.064993 0.024461 0.006218 0.088756 0.009406 -0.211963 -0.279695 -0.463128 -0.273631 -0.448946 -0.014378 -0.048133 0.007160 0.050027 -0.262172 -0.224816 -0.291614 -0.305154 -0.270779 -0.262330 -0.086083 -0.042560 -0.242255 -0.334403 -0.071945 0.003013 -0.102111 -0.223184 -0.082923 -0.120046 -0.268621 -0.278332
0.255515 0.199408 0.100456 0.177239 0.805459 0.908775 -0.165229 -0.076409 0.228173 0.462016 -0.238268 -0.237602 0.053838 -0.231798 0.526259 0.713379 -0.127569 -0.113625 0.265945 0.219832 0.568851 0.533040 0.089529 0.045557 0.541808 0.510519 1.000000 0.801874 -0.030995 -0.078236 0.333886 0.102608 -0.230986 -0.254534 0.017746 -0.055239 -0.075956 -0.291905 0.502152 0.414290 0.016768 0.072841 -0.160098 -0.312985 -0.168149 -0.232814 -0.180258 -0.247424 -0.422272 -0.254325 -0.287031 -0.159334 0.012145 -0.239488 0.230673 -0.081873 -0.000812 0.104820 0.049850 -0.055249 -0.251859 -0.089023 -0.129778 0.020127 -0.117508 -0.143325 -0.008130 -0.199920 0.148146 0.132370 0.201820 0.147608 0.061568 0.071781 0.116248 0.098454 -0.134296 -0.315060 -0.010678 -0.221142 -0.093062 -0.284121 0.070066 0.037442 0.130030 -0.111079 0.150914 0.014125 0.400188 0.041073 -0.181471 -0.246843 -0.145408 -0.113359 -0.190985 -0.167851 -0.004403 0.047730 -0.011556 -0.128030 -0.295861 -0.334037 -0.275575 -0.342865 -0.119709 -0.066470 -0.131814 -0.181012 -0.039502 0.136641 -0.137971 -0.092045 0.154637 -0.097324 -0.178089 -0.316831
0.121949 -0.006232 -0.113622 0.021039 0.501722 0.692113 -0.438658 -0.301057 0.027688 0.208722 -0.228567 -0.184333 -0.001089 -0.165271 0.308045 0.523420 -0.027662 -0.112837 0.092763 -0.011313 0.678572 0.705052 0.003630 -0.170331 0.573045 0.572235 0.801874 1.000000 0.003431 -0.051928 0.261528 0.201057 -0.139956 -0.186256 0.018105 0.150549 0.373980 0.200012 0.414210 0.509467 0.314518 0.383147 -0.037253 -0.079805 -0.008616 -0.074048 -0.065107 -0.112974 -0.413485 -0.214016 -0.156120 -0.087287 -0.207894 -0.375954 0.011084 -0.135930 -0.156371 -0.049567 -0.064594 -0.196469 -0.340532 -0.207936 -0.129528 -0.200330 0.086650 0.072639 -0.039424 -0.082718 0.232458 0.072145 0.315175 0.257765 0.306579 0.285799 0.320523 0.183789 0.069800 -0.173112 0.100274 -0.099738 0.089380 -0.140760 0.239724 0.144489 0.309106 0.234870 0.421430 0.420020 0.233320 0.098592 -0.415660 -0.439371 -0.343106 -0.325446 -0.182951 -0.139990 -0.235136 -0.002531 -0.361323 -0.429901 -0.509669 -0.620858 -0.504233 -0.463226 -0.110469 -0.015277 -0.287353 -0.344687 -0.129785 0.064598 -0.292849 -0.199740 0.048030 -0.158513 -0.150302 -0.219476
0.091376 0.317020 -0.619150 -0.666503 -0.124322 -0.094399 -0.369562 -0.330341 -0.383192 -0.233394 0.600694 0.415025 0.088104 0.225893 0.096326 -0.111868 0.757279 0.832146 -0.032403 0.093057 0.007114 0.036358 -0.390653 -0.213322 0.184449 0.165566 -0.030995 0.003431 1.000000 0.901046 0.390588 0.532389 0.222719 0.441261 -0.444263 -0.428175 0.125501 0.005374 -0.124510 0.058522 0.380981 0.369046 -0.276212 -0.076295 0.305267 0.211245 0.111520 -0.353127 -0.223946 -0.337762 -0.480963 -0.347700 -0.489787 -0.649825 -0.172268 -0.307496 0.169095 0.241128 -0.597334 -0.511813 0.046368 -0.036967 0.629733 0.496102 -0.248125 -0.323342 -0.658334 -0.473079 -0.251744 -0.264549 0.315915 0.178908 0.658960 0.570120 0.423843 0.280898 0.325280 0.433737 0.759313 0.797727 0.580028 0.599508 0.388749 0.381163 -0.050818 -0.229871 -0.079765 -0.154255 -0.361852 -0.577029 -0.534500 -0.598027 -0.055817 -0.139382 0.106827 0.099352 0.084664 -0.000427 -0.077625 -0.258962 0.229978 -0.097517 0.047149 -0.056167 -0.288476 -0.261412 -0.440829 -0.317633 -0.006643 0.345475 -0.076939 0.110444 0.059550 0.003937 -0.258239 -0.418295
0.143992 0.294841 -0.629847 -0.702303 -0.112082 -0.077227 -0.306825 -0.263483 -0.286611 -0.089823 0.534333 0.428625 -0.002290 0.248026 0.031821 -0.139076 0.710223 0.851642 -0.124526 0.053978 -0.139266 -0.106905 -0.347668 -0.121053 0.272545 0.189187 -0.078236 -0.051928 0.901046 1.000000 0.413142 0.634951 0.187102 0.492692 -0.365722 -0.306686 0.084167 0.054647 -0.124188 0.086384 0.361545 0.325455 -0.315784 -0.047624 0.340816 0.201866 0.045185 -0.333599 -0.115129 -0.197195 -0.385458 -0.321855 -0.477044 -0.597274 -0.181402 -0.205813 0.240166 0.272957 -0.673879 -0.494498 0.036121 0.067627 0.548893 0.433166 -0.327959 -0.280356 -0.724154 -0.505795 -0.334968 -0.383497 0.225478 0.102727 0.547082 0.506945 0.321100 0.209173 0.290840 0.463517 0.662032 0.765293 0.501046 0.586223 0.311997 0.384275 -0.179169 -0.322667 -0.129355 -0.164589 -0.526583 -0.634922 -0.426419 -0.552178 -0.001604 -0.174952 0.182711 0.081872 0.041020 0.082973 -0.045211 -0.160755 0.356076 0.030822 0.094171 -0.005953 -0.288652 -0.247636 -0.438562 -0.291738 -0.071099 0.162232 -0.059219 0.022851 -0.019082 -0.051689 -0.284855 -0.362067
0.004518 -0.018293 -0.456042 -0.292312 0.299035 0.386797 -0.449640 -0.164258 -0.035392 0.316452 0.372937 0.268883 0.185521 0.056899 0.324612 0.236910 0.054072 0.185970 -0.102246 -0.056789 0.163354 0.206650 -0.025233 0.279340 0.671746 0.651345 0.333886 0.261528 0.390588 0.413142 1.000000 0.778337 -0.136680 0.134862 -0.120453 -0.125515 0.085950 -0.140583 0.290003 0.296503 0.068206 0.139042 -0.218695 -0.174969 0.013952 -0.113605 -0.179425 -0.477005 -0.277462 -0.325106 -0.364282 -0.226808 -0.391990 -0.584764 -0.044315 -0.236908 0.060691 0.013495 -0.455311 -0.420821 -0.025637 0.091592 0.142061 0.281236 -0.091529 -0.019365 -0.366020 -0.245579 -0.343365 -0.328687 0.408903 0.300711 0.189137 0.281799 0.163688 0.255192 0.089506 0.164949 0.373512 0.261104 0.100599 0.050733 0.156484 0.350572 0.053413 -0.210476 -0.118334 -0.172408 -0.094874 -0.403942 -0.210150 -0.418836 -0.129067 -0.474241 0.126316 0.168959 -0.026616 -0.016705 -0.062656 -0.067671 0.061541 -0.073721 -0.096382 -0.189431 -0.174168 -0.143578 -0.360155 -0.417699 0.033007 0.101790 -0.176802 -0.125353 -0.006577 -0.049459 -0.174676 -0.306194
-0.164314 -0.130501 -0.651466 -0.497900 0.018924 0.144325 -0.482702 -0.157625 -0.281689 0.133598 0.308783 0.413840 -0.083560 0.243079 0.001069 -0.035516 0.281043 0.355080 -0.275180 -0.090111 0.024260 0.122946 -0.183944 0.233902 0.621868 0.587214 0.102608 0.201057 0.532389 0.634951 0.778337 1.000000 -0.048778 0.345928 -0.262062 -0.084107 0.270210 0.106927 0.071896 0.305544 0.331646 0.283766 -0.242542 -0.080508 0.181533 0.045262 -0.103310 -0.454498 -0.228537 -0.203790 -0.284566 -0.152659 -0.429805 -0.547880 -0.122263 -0.143831 -0.055736 -0.040263 -0.673459 -0.494200 -0.066161 0.152239 0.223362 0.210000 -0.190969 0.060757 -0.562909 -0.264818 -0.365732 -0.356094 0.460132 0.386452 0.379571 0.404132 0.300141 0.221535 0.270012 0.377147 0.470695 0.443477 0.341862 0.235388 0.357441 0.538908 0.011878 -0.059790 0.045076 0.067752 -0.286414 -0.385294 -0.270472 -0.505406 -0.106709 -0.423720 0.191540 0.160600 -0.139014 -0.009486 -0.227966 -0.214007 0.046588 -0.178029 -0.135093 -0.202483 -0.247843 -0.217056 -0.470507 -0.416686 -0.085715 0.070956 -0.207085 -0.131188 -0.109737 -0.201020 -0.253539 -0.272925
-0.047308 0.060704 -0.203025 -0.362415 -0.330509 -0.392506 0.020938 -0.265471 -0.273487 -0.417084 0.217702 -0.012036 0.147892 0.142888 -0.144351 -0.174521 0.087306 0.280418 0.105161 0.170104 -0.192866 -0.234318 -0.067989 -0.376894 -0.063760 -0.065557 -0.230986 -0.139956 0.222719 0.187102 -0.136680 -0.048778 1.000000 0.685044 0.100138 -0.149419 0.263965 0.183725 -0.072105 -0.198767 0.206917 0.119294 -0.256957 0.114263 0.092759 -0.034281 0.188467 0.424779 0.069386 -0.036939 0.121773 -0.037902 -0.052929 0.036984 -0.057905 -0.009192 -0.050979 0.149193 -0.188906 -0.192762 0.209841 -0.180069 0.146858 0.144240 0.077821 -0.307075 -0.119553 -0.190107 -0.004591 0.019523 -0.191590 -0.137969 0.018130 -0.046034 -0.135841 -0.226201 0.091334 0.169094 -0.105251 0.138442 0.039181 0.178450 0.085535 -0.052893 -0.283757 -0.032902 0.059462 0.167108 -0.345459 -0.109459 -0.426903 -0.086302 -0.053884 0.218830 -0.107061 -0.395664 -0.005222 -0.034649 -0.374007 -0.239986 0.025022 -0.007865 0.140718 0.309822 0.292244 0.211655 0.306220 0.379218 -0.213750 -0.082905 0.330556 -0.102510 -0.263091 -0.099995 0.011405 -0.054281
-0.048145 0.045888 -0.438806 -0.471245 -0.272558 -0.304902 0.003505 -0.044162 -0.270504 -0.179006 0.266957 0.283808 0.049923 0.363248 -0.221894 -0.211925 0.277753 0.490480 -0.053664 0.205628 -0.330495 -0.348516 -0.372480 -0.187560 0.064482 -0.041488 -0.254534 -0.186256 0.441261 0.492692 0.134862 0.345928 0.685044 1.000000 -0.179094 -0.154915 0.105888 0.117328 -0.198664 -0.159360 0.136581 0.064037 -0.342854 -0.075185 0.193045 -0.014102 -0.028180 0.015284 0.003481 -0.072301 0.042595 0.012867 -0.278316 -0.176465 -0.272316 -0.220842 -0.054493 0.082806 -0.446348 -0.263134 0.294349 0.167439 0.369992 0.338259 -0.133546 -0.080218 -0.246523 -0.126221 -0.215282 -0.087918 -0.132721 -0.056036 0.078181 0.034207 -0.086076 -0.156057 0.038143 0.270442 0.202909 0.385121 0.160160 0.257413 0.087809 0.152778 -0.338239 -0.186449 -0.065878 0.081788 -0.517859 -0.338278 -0.328607 -0.161731 0.151469 -0.007547 0.001072 -0.200841 -0.181025 -0.145702 -0.271088 -0.302385 0.157704 -0.071497 0.131382 0.110676 0.178402 0.139501 -0.025470 0.078656 -0.161300 -0.008416 0.130872 -0.084882 -0.266390 -0.110931 -0.100388 -0.110798
-0.084848 -0.218251 0.319784 0.214058 0.171377 0.091870 0.159653 -0.008838 0.335501 0.182968 -0.137461 -0.378914 0.137865 -0.292937 0.167979 0.062499 -0.447699 -0.401146 0.021678 -0.039181 0.116017 0.016626 0.409042 0.116434 0.181141 0.135595 0.017746 0.018105 -0.444263 -0.365722 -0.120453 -0.262062 0.100138 -0.179094 1.000000 0.712960 0.084927 0.098012 0.118065 -0.041142 -0.129021 -0.113503 0.201298 0.180438 -0.099326 -0.081406 0.113231 0.367657 0.241735 0.238556 0.300888 0.063610 0.311858 0.261625 0.090547 0.218932 -0.141163 -0.138309 0.241647 0.090008 -0.144613 -0.143548 -0.480657 -0.477283 0.116609 -0.010185 0.377916 0.172294 0.181981 -0.011112 -0.238530 -0.236028 -0.348804 -0.332277 -0.245898 -0.173520 -0.132921 -0.312242 -0.494560 -0.476650 -0.403394 -0.300549 -0.262053 -0.240700 -0.039624 0.087038 0.084737 0.083794 -0.004686 0.092018 0.137652 0.264048 -0.280752 -0.038564 -0.139815 -0.219010 0.027355 0.000034 -0.018127 0.118827 -0.112066 0.208091 -0.201243 0.119187 0.233570 0.218160 0.305585 0.125709 -0.030710 -0.335936 0.112178 0.071991 0.039743 -0.066419 0.168923 0.066033
-0.270173 -0.453211 0.167374 0.244399 -0.026001 0.026486 -0.113934 -0.007974 0.239871 0.171147 -0.362703 -0.213260 -0.143489 -0.226684 -0.095519 -0.072008 -0.352012 -0.485086 -0.250480 -0.322667 0.205626 0.159798 0.217218 0.163504 0.251667 0.188963 -0.055239 0.150549 -0.428175 -0.306686 -0.125515 -0.084107 -0.149419 -0.154915 0.712960 1.000000 0.271047 0.443883 0.057821 0.116459 0.046871 0.105240 0.349851 0.261113 0.102115 0.078465 0.106557 0.194498 0.298812 0.311908 0.437204 0.326136 0.162154 0.209459 0.022537 0.226282 -0.321327 -0.372438 0.035145 0.055155 -0.273631 0.018974 -0.541642 -0.617967 0.157499 0.344352 0.374953 0.444335 0.149815 -0.136420 0.019135 0.046970 -0.097818 -0.062481 0.012334 0.016884 0.083186 -0.073010 -0.316374 -0.353777 -0.188087 -0.283956 -0.149771 -0.122188 0.145496 0.361735 0.273718 0.339948 0.039788 0.212049 0.159265 0.084618 -0.258838 -0.270310 -0.055560 -0.071292 -0.208254 -0.089893 -0.108611 -0.075617 -0.273702 -0.142533 -0.446340 -0.232640 0.073030 0.112183 -0.074386 -0.132246 -0.093771 -0.347511 -0.228396 -0.053644 0.026854 -0.145037 0.071568 0.124779
