1.000000 0.331399 0.610921 0.460602 0.442840 0.229255 0.310953 0.128733 -0.024560 0.109703 0.162336 -0.186244 -0.056443 -0.379755 0.094567 0.270868 0.301309 -0.206683 0.561730 0.452986 -0.175118 0.236693 0.210816 0.011554 0.517690 0.008126 0.319989 0.435550 -0.110055 -0.379539 -0.025387 -0.171658 0.168730 -0.104909 -0.095259 -0.085884 -0.313032 -0.493803 0.077214 -0.224321 -0.081517 -0.129991 -0.315558 -0.442028 -0.316831 -0.343332 -0.469007 -0.499268 -0.157379 -0.451265 -0.107881 -0.292186 -0.077414 -0.472267 -0.219012 -0.419009 0.529563 0.174441 0.208039 0.024821 0.072753 -0.082733 0.146817 -0.203593 0.291591 -0.145245 0.151171 -0.193099 0.310367 -0.099488 0.196312 0.085844 -0.238717 -0.463670 -0.205529 -0.436649 -0.032978 -0.143811 -0.154540 -0.132665 -0.100152 -0.238968 0.305534 0.333693 -0.036788 -0.284723 0.364094 0.019481 0.114369 0.114535 -0.271898 -0.177490 -0.080702 0.163993 -0.005469 -0.350798 -0.175999 -0.191847 -0.053601 -0.321527 -0.004191 0.119659 -0.284636 0.116576 -0.018196 0.130818 0.556760 -0.047539 -0.284049 -0.172807 -0.474847 -0.618745 -0.325344 -0.287331 -0.077452 0.152496
0.331399 1.000000 0.091610 0.308292 0.154867 -0.068651 0.070044 0.087615 -0.174831 -0.036430 -0.246472 -0.115836 -0.298430 -0.269774 -0.265691 0.177490 0.095017 -0.087356 0.314710 0.502114 -0.101098 0.142647 -0.025057 -0.091455 0.211438 -0.180422 0.206152 0.172796 -0.352672 -0.427450 -0.398302 -0.320462 0.233079 0.001369 -0.280714 -0.246065 -0.325498 -0.359671 -0.161184 -0.138758 -0.169455 -0.135997 -0.266744 -0.220564 -0.271639 -0.212206 -0.249003 -0.280092 -0.338090 -0.172417 -0.186597 -0.133467 -0.066402 -0.148139 -0.294451 -0.204837 0.523251 0.525063 0.138446 0.307613 0.247145 0.071800 0.310896 0.294330 -0.120967 0.017279 0.147099 -0.019158 0.187944 0.135289 -0.332967 -0.291319 -0.296665 -0.451167 -0.103571 -0.395182 -0.218077 -0.105567 0.038106 -0.107902 -0.038605 -0.024300 0.126738 0.316575 0.136134 0.341563 0.194867 0.021117 0.044971 0.208550 -0.080432 -0.106935 -0.145540 -0.129454 -0.128464 -0.391272 -0.328310 -0.269719 0.064036 -0.072185 -0.036392 0.061031 0.032741 -0.117353 0.140390 0.053206 0.285583 -0.020521 -0.194550 -0.148888 -0.196089 -0.161930 0.022402 -0.030568 -0.259277 -0.131125
0.610921 0.091610 1.000000 0.501792 0.576652 0.185211 0.842114 0.447884 0.011147 0.017801 0.242636 -0.384373 0.240146 -0.352750 -0.023146 0.260715 0.123988 -0.017978 0.329747 0.176763 -0.072205 -0.105146 0.620717 0.407970 0.237888 -0.127575 0.452483 0.358869 -0.004984 -0.245112 0.214170 -0.149121 0.001684 -0.097739 -0.023373 0.046077 -0.267859 -0.292322 0.093281 -0.262044 -0.097940 -0.202578 -0.019203 -0.293394 -0.106949 -0.291084 -0.150069 -0.377346 0.176978 -0.142762 -0.042906 -0.071623 0.017752 -0.309676 -0.049102 -0.155976 0.137421 -0.124848 -0.153043 -0.207721 -0.411119 -0.339604 -0.249144 -0.430670 0.025127 -0.298605 -0.111960 -0.230986 -0.070035 -0.208794 0.308246 0.179744 -0.220741 -0.294035 -0.416201 -0.319490 -0.137840 -0.291359 -0.126541 -0.042603 -0.113359 -0.395234 0.083381 0.136919 -0.229274 -0.621281 0.141881 -0.343710 0.014150 0.121184 0.049366 -0.019749 0.239276 0.415770 -0.080115 -0.019306 0.065986 -0.024034 0.118907 -0.144970 -0.062699 0.190292 -0.252453 0.209055 0.022714 0.212080 0.455229 -0.078141 0.005503 -0.112973 -0.341302 -0.386819 -0.345447 -0.029446 -0.006530 0.235938
0.460602 0.308292 0.501792 1.000000 0.309590 0.339000 0.515988 0.711414 -0.074924 0.322276 -0.162235 -0.206554 0.137887 -0.340977 -0.155868 0.366244 -0.149075 -0.288634 0.339778 0.449904 -0.298964 -0.098141 0.228943 0.521515 0.156735 -0.026106 0.289147 0.279757 -0.280182 -0.470673 -0.068927 -0.030981 -0.157460 0.066984 -0.286142 -0.039372 -0.529211 -0.395834 -0.336541 -0.340553 -0.413538 -0.378718 -0.166564 -0.202050 -0.095318 -0.012614 -0.061253 -0.267179 -0.142006 -0.061866 -0.266233 -0.002142 -0.124199 -0.254398 -0.447889 -0.109880 0.218556 -0.104810 -0.017522 -0.049018 -0.187286 0.032934 -0.235905 -0.341499 0.006342 0.297416 0.027433 0.160870 0.036332 -0.135582 0.022712 0.114567 -0.284945 -0.361525 -0.260238 -0.321503 -0.141879 -0.089972 -0.249735 -0.178615 -0.238651 -0.542197 -0.016716 0.101123 -0.361256 -0.337730 0.201291 -0.274578 -0.157454 0.230206 -0.222573 -0.085935 0.177243 0.236715 0.025971 -0.206951 -0.096042 -0.051433 -0.066558 -0.157351 0.064962 0.123352 -0.003181 0.176447 0.146168 0.244833 0.468195 -0.067698 -0.040419 -0.030375 -0.363616 -0.260217 -0.277237 -0.062834 0.019540 0.172327
0.442840 0.154867 0.576652 0.309590 1.000000 0.555222 0.476591 0.254849 0.316901 0.053661 0.237540 -0.254157 0.056206 -0.262257 0.159669 0.378114 -0.017873 0.077176 0.196000 0.207479 -0.185145 0.162760 0.348816 0.126942 0.667641 0.131921 0.500854 0.598710 -0.046942 -0.327048 -0.061228 -0.202690 0.105848 0.094203 0.137555 0.188169 -0.281037 -0.233903 0.169182 -0.001614 -0.038044 -0.241110 -0.239086 -0.320057 -0.212801 -0.330735 -0.279131 -0.337440 0.064773 -0.228797 -0.391632 -0.153097 -0.039660 -0.347785 -0.187485 -0.023788 0.178019 0.023042 0.023267 0.057574 -0.175347 -0.160392 -0.074275 -0.258384 -0.121352 -0.187618 -0.086726 -0.196993 0.103603 -0.041206 0.371595 0.337570 0.021315 -0.315011 -0.120370 -0.177895 0.117968 0.015599 -0.119761 -0.150561 -0.207977 -0.395507 0.109501 -0.019053 -0.453070 -0.577926 0.206039 -0.317004 0.077221 0.065976 -0.081583 -0.104975 0.036877 0.155208 0.063620 -0.039167 0.165763 0.135494 0.176690 0.014735 -0.344160 0.033139 -0.429689 -0.034443 -0.098733 0.194199 0.199733 -0.185707 0.108829 -0.072181 -0.307479 -0.374539 -0.254457 -0.205601 0.089255 0.367188
0.229255 -0.068651 0.185211 0.339000 0.555222 1.000000 0.101258 0.297736 0.436444 0.610493 -0.114046 -0.074046 0.001645 0.015639 0.344107 0.397778 -0.107597 -0.248027 0.062127 0.115335 -0.112531 0.189732 -0.009640 0.088726 0.485329 0.527015 0.463345 0.675429 -0.113868 -0.278262 -0.034177 0.113037 -0.038041 0.230712 -0.038672 0.198485 -0.224681 -0.127828 -0.004283 -0.035946 -0.088253 -0.057236 -0.354542 -0.291757 -0.129333 -0.119826 -0.352616 -0.306419 0.043492 -0.259774 -0.321302 -0.119024 -0.006915 -0.396939 -0.201597 -0.051314 0.047726 -0.015699 0.285256 0.240732 0.049040 0.239382 -0.257801 -0.178671 -0.061889 0.178985 -0.041675 -0.041830 0.089066 -0.104702 0.286904 0.545789 0.065847 -0.120866 0.074694 0.155347 -0.012317 -0.056228 -0.305545 -0.381141 -0.348126 -0.539566 0.029323 -0.170361 -0.524088 -0.511335 0.350863 -0.235534 0.060797 0.175822 -0.101630 -0.218732 -0.031080 0.021605 0.076467 0.154018 0.136579 0.153212 0.097234 -0.098670 -0.238929 0.298954 -0.227599 0.318160 -0.333431 0.273512 0.082149 0.021384 0.028818 0.127704 -0.281941 -0.132882 -0.069839 -0.148067 0.167518 0.260680
0.310953 0.070044 0.842114 0.515988 0.476591 0.101258 1.000000 0.612055 0.000589 -0.062469 0.199475 -0.324347 0.429708 -0.224049 -0.112893 0.180208 0.022796 0.037927 0.088689 0.006471 -0.028449 -0.216098 0.725694 0.525030 0.013467 -0.191791 0.391912 0.270917 0.023016 -0.158633 0.221338 -0.072642 -0.056983 -0.070265 -0.098229 0.056450 -0.271880 -0.174938 -0.037425 -0.291176 -0.229627 -0.285076 0.128407 -0.124824 0.100778 -0.072301 0.049758 -0.243918 0.305812 0.210199 -0.117894 0.173083 -0.012893 -0.101056 -0.138171 -0.058016 0.099695 -0.214760 -0.166171 -0.186538 -0.445951 -0.366510 -0.253483 -0.358003 -0.162553 -0.215498 -0.139785 -0.064073 -0.216241 -0.171307 0.177389 0.126843 -0.127833 -0.200273 -0.428965 -0.298030 -0.220073 -0.281945 -0.020363 -0.037303 -0.059445 -0.355369 -0.021310 0.072319 -0.285050 -0.548742 0.106962 -0.335401 -0.060256 0.018425 -0.025830 -0.035680 0.290942 0.309723 -0.144567 0.066743 0.055545 -0.019714 0.056826 -0.107902 -0.140565 -0.008618 -0.147473 0.063579 0.047412 0.185572 0.246501 -0.164323 0.082711 -0.124637 -0.277456 -0.239929 -0.301489 0.102808 0.055623 0.247353
0.128733 0.087615 0.447884 0.711414 0.254849 0.297736 0.612055 1.000000 -0.063660 0.175083 -0.118435 0.076740 0.424227 0.061305 -0.171081 0.261224 0.032510 0.014368 -0.043365 0.047642 -0.270503 -0.247494 0.447534 0.595326 -0.092162 -0.031438 0.219166 0.186088 -0.163526 -0.251122 0.057237 0.091679 -0.199381 0.119503 -0.234376 0.087936 -0.390036 -0.206655 -0.250282 -0.282504 -0.384934 -0.340400 -0.043017 -0.122016 0.059871 0.135917 -0.025636 -0.230310 0.050162 0.201618 -0.158337 0.093753 -0.232765 -0.189927 -0.462709 -0.064312 0.133089 -0.266096 -0.044446 0.009871 -0.237469 0.070900 -0.240115 -0.221015 -0.074729 0.242951 -0.242491 0.011459 -0.155626 -0.174544 -0.046866 0.156071 -0.118765 -0.106253 -0.313943 -0.170976 -0.170843 -0.158646 0.014375 -0.056877 -0.063238 -0.384318 -0.071155 -0.069224 -0.266756 -0.485047 0.227535 -0.390989 -0.231794 0.026103 -0.259403 -0.032726 0.301646 0.272247 -0.198802 0.084228 -0.158388 -0.045541 -0.108316 -0.073300 -0.060459 0.002591 -0.197331 0.051924 0.136667 0.300696 0.226401 -0.169717 0.062771 -0.090706 -0.170519 -0.168744 -0.325399 0.205149 0.065109 0.291199
-0.024560 -0.174831 0.011147 -0.074924 0.316901 0.436444 0.000589 -0.063660 1.000000 0.221326 0.060245 -0.024322 -0.040093 -0.219222 0.542871 -0.007964 -0.158740 -0.067579 -0.207642 -0.170920 0.143810 0.321251 -0.078836 -0.152353 0.333120 0.806186 0.173617 0.343065 -0.067825 -0.212662 0.159345 0.183442 0.020890 0.029628 0.133861 0.238269 -0.098436 -0.076609 -0.022954 -0.157892 0.163223 0.174047 -0.043149 -0.102310 0.155590 0.059854 -0.094384 -0.186963 0.346486 0.100600 0.043746 0.185288 -0.000864 -0.204567 0.028070 0.024986 -0.026731 0.066807 0.263084 0.181983 0.101859 0.128454 -0.103386 -0.230354 0.115557 0.128255 0.242258 0.057158 -0.105796 -0.191965 0.280437 0.418062 0.207778 -0.167822 0.199194 0.155932 0.128588 0.099593 -0.117266 -0.288054 -0.231984 -0.288226 0.157849 -0.209294 -0.339296 -0.250982 -0.004160 -0.220154 -0.097478 -0.126368 -0.212779 -0.293754 -0.107518 -0.193424 0.054283 -0.038860 0.045443 0.058483 -0.098053 -0.019788 -0.229508 -0.043659 -0.217245 0.109620 -0.122798 0.171378 -0.331066 -0.089372 -0.088466 -0.063926 0.014204 -0.002058 0.110468 -0.230318 0.030881 0.083193
0.109703 -0.036430 0.017801 0.322276 0.053661 0.610493 -0.062469 0.175083 0.221326 1.000000 -0.253107 -0.068401 0.002910 -0.059546 0.328593 0.515761 -0.166871 -0.553253 0.268685 0.202867 -0.059555 -0.024190 -0.094167 0.253148 0.195259 0.432037 0.155550 0.458232 -0.183034 -0.294876 -0.159211 0.054833 -0.154607 -0.041527 -0.031275 0.085846 -0.135497 -0.015720 -0.161019 -0.114289 -0.222282 0.038589 -0.203281 -0.140531 -0.046794 -0.075358 -0.120488 -0.031061 -0.053568 -0.221817 -0.060138 -0.074033 0.137014 -0.267366 -0.126238 -0.074848 -0.192933 0.061888 0.164042 0.112378 -0.061319 0.244500 -0.347066 -0.132961 0.102614 0.277240 0.016102 0.024876 0.216101 0.048827 -0.040671 0.209705 -0.105864 -0.028984 -0.004381 0.156432 -0.130713 0.006034 -0.374130 -0.502319 -0.359549 -0.391394 -0.080752 -0.222564 -0.262837 -0.139740 0.106691 -0.246782 0.062939 0.389512 0.079665 -0.046643 0.028575 0.043723 0.186697 0.126352 0.157490 0.228901 0.059353 0.075905 0.275928 0.458431 0.206951 0.381202 -0.367712 0.111153 0.056900 0.095427 -0.063175 0.210060 -0.099155 0.176658 0.230750 -0.099720 0.209241 0.032182
0.162336 -0.246472 0.242636 -0.162235 0.237540 -0.114046 0.199475 -0.118435 0.060245 -0.253107 1.000000 -0.011154 0.492293 0.066642 0.272359 -0.083238 0.199490 0.262009 0.089030 -0.111120 0.002971 0.133283 0.052715 -0.119532 0.208417 -0.030193 0.026464 0.050125 0.319161 0.065679 0.038018 -0.169887 0.287544 -0.054683 -0.018727 -0.167037 0.238605 -0.228460 0.328517 -0.107643 0.318807 -0.057736 0.134330 -0.139332 -0.253422 -0.391676 -0.006022 -0.203376 0.292790 -0.096098 0.052481 -0.246433 0.463362 -0.079543 0.161375 -0.170438 -0.070668 -0.040125 0.028008 -0.037631 0.047278 -0.060515 0.209165 -0.114797 0.492946 -0.085846 -0.005335 -0.368200 -0.041007 -0.128872 0.200817 0.052028 0.209400 -0.192663 0.089984 -0.210259 0.314797 -0.014618 0.236495 0.014019 0.034443 0.079360 0.081619 -0.073667 -0.109514 -0.312540 -0.133825 -0.170381 -0.085743 -0.150545 0.066604 -0.048892 -0.067528 -0.031160 -0.049198 -0.121354 0.102030 -0.157137 0.116019 0.165738 0.048825 0.074988 -0.102653 -0.100001 0.164041 -0.071912 0.061705 0.046098 -0.119023 -0.115889 -0.075827 -0.129360 0.196201 -0.056698 -0.003689 -0.103412
-0.186244 -0.115836 -0.384373 -0.206554 -0.254157 -0.074046 -0.324347 0.076740 -0.024322 -0.068401 -0.011154 1.000000 0.108843 0.621596 -0.001094 0.007274 0.283722 0.213591 -0.108746 -0.013819 -0.024694 0.083265 -0.291382 -0.249798 -0.162497 0.085573 -0.192776 -0.331301 -0.133066 0.258004 0.174363 0.487403 0.027016 0.106581 0.000052 0.012125 -0.081886 -0.043269 -0.159702 -0.029273 -0.025442 0.190020 -0.041794 0.091280 0.106427 0.248593 -0.170859 0.040297 0.039074 0.161286 0.147814 0.061834 -0.124534 0.028000 -0.225863 -0.081004 0.085204 -0.074400 0.130626 0.112263 0.188798 0.296431 0.157483 0.093528 0.190837 0.336215 -0.000536 -0.018521 0.045741 0.011103 -0.160439 -0.098090 -0.146211 0.083904 -0.091427 0.061934 -0.077197 0.031001 0.121439 0.083163 0.136949 0.311784 0.015289 0.069959 0.196981 0.140940 -0.067007 0.076676 -0.289116 -0.236264 -0.226190 0.145327 0.038661 -0.052940 -0.195136 -0.036376 -0.249797 -0.192990 -0.226676 -0.030603 0.063863 -0.225091 -0.082060 -0.165456 0.020793 -0.191799 -0.118015 0.061807 -0.192562 -0.094782 0.289570 -0.062166 0.000805 0.187131 -0.035439 -0.173865
-0.056443 -0.298430 0.240146 0.137887 0.056206 0.001645 0.429708 0.424227 -0.040093 0.002910 0.492293 0.108843 1.000000 0.278199 0.222834 0.007260 -0.055673 0.083027 0.009482 -0.145342 -0.217578 -0.336839 0.197934 0.254043 -0.245706 0.006199 -0.198429 0.073699 0.246870 0.232442 0.149592 0.028774 0.020324 -0.022862 -0.190527 -0.062994 -0.021328 0.036323 0.078138 -0.017211 -0.168657 -0.085548 0.083006 -0.005866 0.017273 0.011140 0.094209 0.006238 0.151438 0.124790 0.045138 -0.196643 0.240034 0.021607 -0.143681 -0.027095 -0.223311 -0.260684 0.099405 0.032725 -0.102312 0.097987 -0.274335 -0.133882 0.227946 0.023348 -0.126094 -0.101703 0.089880 0.112848 -0.051513 0.022679 0.204542 0.216290 -0.013204 0.087565 0.036747 -0.017461 0.066005 -0.073181 -0.189551 0.001298 -0.225987 -0.224950 -0.316362 -0.489521 -0.113094 -0.334106 -0.287734 -0.147131 0.072753 -0.025471 0.170419 0.091610 -0.291154 0.196415 0.076745 -0.130203 0.078920 0.263887 0.192037 -0.082642 -0.037471 -0.074945 -0.017344 -0.116272 0.003579 0.011858 0.021159 -0.077158 -0.019952 0.076210 -0.028201 0.264269 0.272155 0.190246
-0.379755 -0.269774 -0.352750 -0.340977 -0.262257 0.015639 -0.224049 0.061305 -0.219222 -0.059546 0.066642 0.621596 0.278199 1.000000 -0.019675 -0.122858 0.181163 0.227065 -0.136247 -0.155106 -0.061407 -0.110363 -0.161164 -0.175847 -0.334138 -0.081284 -0.212674 -0.172581 0.159397 0.478671 -0.019288 0.209996 -0.022469 0.106706 -0.014224 0.016812 0.099119 0.206132 0.020538 0.153659 -0.052738 0.074815 -0.076563 0.006414 0.011411 0.117210 -0.151931 0.088380 0.180551 0.219248 0.055285 -0.082149 0.196672 0.063935 -0.009366 -0.022394 -0.094355 -0.275071 0.116418 0.221286 0.236858 0.362101 -0.020838 0.306482 -0.010379 0.097987 -0.250051 -0.104104 -0.016540 0.011881 -0.115680 -0.005807 0.110013 0.386794 0.061007 0.333902 -0.048304 -0.006617 0.093534 -0.035854 0.052285 0.274379 -0.279324 -0.103440 0.009382 -0.027264 -0.115546 0.126513 -0.199890 0.016168 0.127938 0.135961 -0.005421 -0.120113 -0.229585 0.279550 -0.111278 -0.107587 0.075420 0.080847 0.001838 0.023743 0.117026 -0.016140 -0.147836 -0.187174 -0.103828 0.153490 0.000804 0.079982 0.164623 0.141103 0.066315 0.252229 0.063181 -0.118897
0.094567 -0.265691 -0.023146 -0.155868 0.159669 0.344107 -0.112893 -0.171081 0.542871 0.328593 0.272359 -0.001094 0.222834 -0.019675 1.000000 0.071929 -0.049891 -0.106202 0.066120 -0.075405 -0.063096 0.215265 -0.069802 -0.147664 0.186921 0.541433 -0.067771 0.367601 0.187343 -0.078002 0.008829 -0.058225 0.026618 -0.168420 -0.030847 -0.116606 -0.010470 -0.075252 0.151645 0.011532 0.265162 0.198686 -0.090042 -0.265995 -0.217088 -0.274889 0.003624 -0.173382 0.171756 -0.164295 -0.045683 -0.212136 0.331713 -0.089838 0.050960 -0.097153 -0.243666 -0.000021 0.189509 0.063327 0.192676 0.186859 -0.076677 -0.065094 0.337643 0.018057 -0.041533 -0.293544 0.090172 -0.088756 0.316575 0.382647 0.448834 0.059085 0.426938 0.352748 0.382659 0.250844 -0.138128 -0.230059 -0.290212 -0.079820 0.248561 -0.373641 -0.331145 -0.248871 0.082600 -0.223495 0.032265 0.000364 0.026015 -0.180898 -0.125262 -0.017937 0.096157 -0.072870 0.052318 -0.110115 0.088481 0.127025 0.037290 0.113529 0.004313 0.040343 -0.121464 -0.018089 -0.120069 0.046404 -0.123883 0.061056 -0.077507 0.039215 0.213535 -0.139505 0.081738 -0.090686
0.270868 0.177490 0.260715 0.366244 0.378114 0.397778 0.180208 0.261224 -0.007964 0.515761 -0.083238 0.007274 0.007260 -0.122858 0.071929 1.000000 -0.078258 -0.404213 0.395935 0.428784 -0.082475 0.071304 0.073849 0.199995 0.303451 0.040735 0.315737 0.406180 -0.241137 -0.236132 -0.129302 -0.023999 -0.069816 -0.189681 -0.127706 -0.092349 -0.137391 -0.076467 0.096380 0.034726 -0.100947 0.017494 -0.257825 -0.332688 -0.123854 -0.250074 -0.151199 -0.206887 -0.216953 -0.203240 -0.247805 -0.221960 0.000756 -0.168855 -0.166801 -0.025742 0.044375 0.217757 0.038159 -0.062412 -0.180712 0.016867 -0.052633 -0.081403 0.120774 0.156186 0.018677 -0.290307 0.222457 0.085259 -0.205854 -0.170891 -0.342679 -0.297093 -0.275222 -0.194053 -0.375709 -0.293669 -0.199986 -0.296936 -0.134426 -0.236781 0.150513 0.087187 -0.111338 -0.133910 0.161759 -0.267008 0.199628 0.518051 0.059463 0.142803 0.136635 0.222217 0.139488 0.107630 0.135204 0.250159 0.101155 0.119839 0.036899 0.226634 -0.007009 0.081660 -0.330336 0.054608 0.193310 -0.081266 -0.016166 0.217983 -0.228461 -0.061698 0.026905 -0.083006 0.285801 0.137536
0.301309 0.095017 0.123988 -0.149075 -0.017873 -0.107597 0.022796 0.032510 -0.158740 -0.166871 0.199490 0.283722 -0.055673 0.181163 -0.049891 -0.078258 1.000000 0.300324 0.003358 -0.083117 0.022252 0.057291 0.144505 -0.296789 0.139227 -0.129913 0.194539 -0.091365 0.368194 0.136878 0.057026 0.064509 0.315062 0.059715 0.019451 0.023528 0.172807 -0.148898 0.194265 -0.065829 0.043390 -0.005767 -0.030137 -0.173562 -0.214693 -0.235718 -0.418103 -0.385011 0.078346 -0.018261 0.048170 -0.080854 -0.064352 -0.324625 0.013308 -0.287923 0.471071 0.227170 0.188009 0.111900 0.197855 -0.108695 0.504492 0.140524 0.187649 -0.271990 -0.052594 -0.303145 -0.074945 -0.134340 0.106715 -0.023406 -0.109882 -0.176813 -0.308109 -0.372113 -0.142731 -0.249903 0.456945 0.302651 0.651711 0.225792 0.116480 0.404393 0.474799 -0.060060 0.292872 0.266574 0.051412 -0.254113 -0.289963 -0.243841 -0.176438 -0.013891 -0.096994 -0.195903 -0.148540 -0.173879 0.021897 -0.202878 -0.088347 0.049499 -0.253636 -0.156526 -0.039688 0.020206 0.219969 -0.041711 -0.230566 -0.222018 -0.244691 -0.468019 -0.154549 -0.033269 -0.243834 -0.040641
-0.206683 -0.087356 -0.017978 -0.288634 0.077176 -0.248027 0.037927 0.014368 -0.067579 -0.553253 0.262009 0.213591 0.083027 0.227065 -0.106202 -0.404213 0.300324 1.000000 -0.351936 -0.267180 0.060489 -0.027208 0.093967 -0.106100 -0.089271 -0.259300 0.023334 -0.328594 0.256879 0.304097 0.152100 -0.097077 0.207447 0.212349 0.069322 0.125905 0.127015 -0.148874 0.045015 0.002550 0.084614 -0.079881 0.070600 -0.062889 -0.038879 0.040701 -0.102991 -0.185550 0.077683 0.208628 0.086852 0.021366 -0.056948 0.123741 -0.157342 -0.167154 0.138853 0.041353 -0.058996 0.196810 0.145372 0.056576 0.275130 0.333216 0.064455 -0.237399 -0.203135 -0.102105 -0.279390 -0.087417 0.120819 0.002109 0.255469 0.121511 0.041088 -0.091489 0.167995 -0.032947 0.603603 0.711725 0.501564 0.541532 0.002949 -0.146820 0.162789 -0.140962 -0.144585 -0.123094 -0.032778 -0.414781 -0.145437 -0.047262 -0.221265 -0.172112 -0.227631 -0.127409 -0.145525 -0.330715 -0.109519 -0.081347 -0.098175 -0.185269 -0.124580 -0.258667 0.229769 0.010622 -0.113395 0.084276 -0.132261 -0.403171 0.013227 -0.270037 -0.029649 0.145737 -0.224980 0.024962
0.561730 0.314710 0.329747 0.339778 0.196000 0.062127 0.088689 -0.043365 -0.207642 0.268685 0.089030 -0.108746 0.009482 -0.136247 0.066120 0.395935 0.003358 -0.351936 1.000000 0.808073 -0.320069 -0.064476 -0.084601 -0.076697 0.110721 -0.155979 0.006510 0.288628 -0.070964 -0.189234 -0.317369 -0.364846 0.173386 -0.217441 -0.076442 -0.226294 -0.218815 -0.309418 0.030065 0.004307 -0.197298 -0.052157 -0.174901 -0.284408 -0.349675 -0.352641 -0.216484 -0.077865 -0.304730 -0.366403 -0.148165 -0.515437 0.239738 -0.111016 -0.177758 -0.177756 0.156289 0.049227 0.004921 -0.058391 0.014597 0.002581 -0.109493 -0.005840 0.271433 -0.131953 0.076177 -0.249703 0.551640 0.286238 -0.209035 -0.270186 -0.231175 -0.216712 -0.110050 -0.156885 -0.051768 0.028162 -0.334785 -0.277045 -0.267496 -0.092006 0.093572 0.261089 -0.015838 -0.058546 0.107078 -0.122123 -0.011602 0.433876 0.224953 0.153539 -0.019702 0.139925 -0.053771 -0.260638 -0.030831 -0.142570 0.077312 0.150885 0.357180 0.280975 0.240610 0.165158 -0.080303 -0.111181 0.542507 0.239591 -0.251570 -0.049605 -0.142679 -0.134986 -0.095358 -0.050042 0.008587 -0.161240
0.452986 0.502114 0.176763 0.449904 0.207479 0.115335 0.006471 0.047642 -0.170920 0.202867 -0.111120 -0.013819 -0.145342 -0.155106 -0.075405 0.428784 -0.083117 -0.267180 0.808073 1.000000 -0.257887 0.069342 -0.244459 -0.104260 0.164415 -0.120476 0.046864 0.283986 -0.102684 -0.198931 -0.361275 -0.227959 0.253401 -0.059302 -0.155326 -0.300244 -0.231935 -0.335489 -0.098959 -0.070921 -0.208311 -0.129418 -0.298634 -0.385654 -0.244876 -0.282255 -0.208512 -0.181214 -0.355905 -0.278756 -0.298294 -0.450635 0.084637 -0.050206 -0.283708 -0.170746 0.284224 0.184843 -0.025323 -0.027493 0.053538 0.078992 0.020920 0.102635 0.122726 0.049324 0.130169 -0.196483 0.408439 0.212573 -0.206043 -0.283690 -0.172667 -0.251210 -0.026220 -0.119782 -0.105717 0.044751 -0.237741 -0.216639 -0.170943 -0.085201 0.144506 0.261216 -0.037619 0.020276 0.136883 -0.035796 0.018061 0.468312 0.079586 0.048238 -0.054888 0.066999 0.042143 -0.337354 -0.086910 -0.091816 0.065182 0.024336 0.240866 0.105935 0.246359 0.057681 -0.093916 -0.164050 0.452030 0.028404 -0.182718 0.011883 -0.225195 -0.121777 -0.123454 -0.179962 -0.072122 -0.210880
-0.175118 -0.101098 -0.072205 -0.298964 -0.185145 -0.112531 -0.028449 -0.270503 0.143810 -0.059555 0.002971 -0.024694 -0.217578 -0.061407 -0.063096 -0.082475 0.022252 0.060489 -0.320069 -0.257887 1.000000 0.501418 0.010687 -0.102269 -0.074177 0.104058 0.295165 -0.136488 -0.044313 0.040730 0.446570 0.301925 0.167489 0.121707 0.223877 0.080725 0.344708 -0.100031 0.048055 -0.207392 0.392412 0.142538 0.213681 0.096649 0.328260 0.199723 0.057821 -0.037284 0.269832 0.266305 0.318314 0.469365 0.013248 0.105970 0.206336 -0.099956 -0.021756 0.246976 -0.068159 0.044564 -0.045589 -0.048987 0.088883 0.014919 -0.111923 0.021491 0.106384 0.152953 -0.388814 -0.251738 0.140265 -0.079278 -0.053841 -0.197664 -0.023693 -0.185222 -0.285171 -0.438688 0.299384 0.180509 0.244083 0.171660 0.121181 -0.013144 0.248756 0.242964 -0.037961 0.250793 0.305960 0.024185 0.017500 -0.134225 -0.361668 -0.386841 -0.029646 -0.049550 0.039774 -0.048492 -0.004053 -0.235068 -0.010131 -0.000339 -0.108669 -0.054920 -0.258983 -0.071118 -0.328882 -0.033044 -0.264736 -0.097995 0.061141 -0.029949 0.290868 -0.062070 -0.229333 -0.202321
0.236693 0.142647 -0.105146 -0.098141 0.162760 0.189732 -0.216098 -0.247494 0.321251 -0.024190 0.133283 0.083265 -0.336839 -0.110363 0.215265 0.071304 0.057291 -0.027208 -0.064476 0.069342 0.501418 1.000000 -0.189267 -0.250174 0.438549 0.396285 0.287379 0.243038 -0.236135 -0.280439 0.245315 0.285831 0.178254 0.149311 -0.039162 -0.081092 0.020785 -0.474031 0.046508 -0.193816 0.439756 -0.013925 -0.201495 -0.255623 -0.011576 -0.021896 -0.234687 -0.283161 0.144619 -0.106913 0.154887 0.107358 0.054606 -0.192581 -0.093427 -0.364148 0.200727 0.382718 0.224621 0.186001 0.306594 0.163447 0.285394 0.082024 0.138221 0.224016 0.221163 0.002445 -0.008902 -0.151183 0.248919 0.151404 -0.058359 -0.471957 0.198341 -0.222199 0.020073 -0.187396 0.020695 -0.069093 -0.041006 -0.041028 0.267253 -0.045743 -0.031128 0.145712 0.143626 0.271761 0.138013 -0.000883 -0.144388 -0.224473 -0.386711 -0.359497 0.040844 -0.341848 -0.189350 -0.202143 -0.070218 -0.362172 -0.133112 0.005701 -0.301396 -0.016236 -0.101624 0.028132 -0.064187 -0.094137 -0.343310 -0.073393 -0.063133 -0.253066 0.224333 -0.303223 -0.298382 -0.266318
0.210816 -0.025057 0.620717 0.228943 0.348816 -0.009640 0.725694 0.447534 -0.078836 -0.094167 0.052715 -0.291382 0.197934 -0.161164 -0.069802 0.073849 0.144505 0.093967 -0.084601 -0.244459 0.010687 -0.189267 1.000000 0.577730 -0.016492 -0.247056 0.304055 0.237847 -0.017793 -0.140486 0.181196 -0.163535 -0.103227 -0.020959 0.116461 0.151407 -0.121955 -0.016328 0.069025 -0.147369 -0.133066 -0.156616 0.081580 -0.016879 0.196734 0.034338 0.038002 0.015571 0.246743 0.198188 -0.017994 0.175806 -0.087225 0.001749 -0.013891 0.046404 0.019481 -0.319040 -0.375672 -0.268201 -0.459452 -0.465738 -0.151768 -0.232792 -0.277646 -0.340756 -0.430642 -0.108840 -0.251215 -0.238842 0.153416 0.140011 -0.040910 0.001111 -0.274826 -0.068599 -0.069754 -0.172138 0.103758 -0.032963 0.083174 -0.207648 0.138813 -0.029452 -0.048117 -0.343231 0.107757 -0.153653 0.151596 -0.014081 -0.011489 0.098176 0.261657 0.326824 -0.004019 0.184937 0.140229 0.108296 0.014959 -0.065603 -0.180029 0.012355 -0.231426 -0.036973 0.009997 0.173244 0.058113 -0.196685 0.177634 -0.027256 -0.104172 -0.133375 -0.176352 0.056944 0.067765 0.229701
0.011554 -0.091455 0.407970 0.521515 0.126942 0.088726 0.525030 0.595326 -0.152353 0.253148 -0.119532 -0.249798 0.254043 -0.175847 -0.147664 0.199995 -0.296789 -0.106100 -0.076697 -0.104260 -0.102269 -0.250174 0.577730 1.000000 -0.137236 -0.108402 0.052373 0.121266 -0.297705 -0.334719 0.097868 -0.034057 -0.523840 -0.082470 -0.098536 0.132237 -0.284008 -0.020374 -0.253837 -0.216802 -0.299456 -0.290807 0.108819 0.033102 0.157508 0.175500 0.211089 0.125719 0.065925 0.072217 0.019826 0.198073 -0.069430 0.075937 -0.159667 0.096697 -0.285204 -0.222446 -0.339150 -0.240968 -0.480833 -0.192255 -0.376514 -0.327766 -0.151479 0.145936 -0.274498 0.124343 -0.121813 -0.049759 0.011785 0.088594 -0.198364 0.034163 -0.216519 0.019017 -0.053080 -0.037296 -0.235967 -0.110164 -0.246170 -0.388042 -0.250377 -0.313888 -0.293058 -0.278769 -0.095534 -0.409186 -0.147689 0.158781 0.153990 0.242295 0.405451 0.376324 0.117976 0.152556 0.167289 0.187422 -0.047737 0.009567 0.151363 0.049223 0.022226 0.116745 0.165016 0.106161 0.214240 -0.111312 0.215135 0.055985 -0.022971 0.110073 -0.066830 0.181057 0.119793 0.187237
0.517690 0.211438 0.237888 0.156735 0.667641 0.485329 0.013467 -0.092162 0.333120 0.195259 0.208417 -0.162497 -0.245706 -0.334138 0.186921 0.303451 0.139227 -0.089271 0.110721 0.164415 -0.074177 0.438549 -0.016492 -0.137236 1.000000 0.389517 0.427837 0.432315 -0.080256 -0.370239 0.005977 0.001631 0.216795 0.149441 0.050595 0.165701 -0.211376 -0.334104 0.151906 -0.071998 0.196960 -0.167288 -0.409384 -0.375159 -0.347268 -0.410637 -0.427680 -0.422788 -0.069511 -0.481926 -0.235084 -0.161885 -0.085172 -0.486286 -0.144142 -0.281525 0.242810 0.307713 0.289070 0.157307 0.089722 -0.009576 0.169010 -0.201389 0.111410 0.058042 0.221282 -0.078861 0.131592 -0.067719 0.370114 0.336684 -0.028608 -0.446638 0.066242 -0.284304 0.072411 -0.013692 -0.149508 -0.208201 -0.078306 -0.279767 0.133764 0.052140 -0.233661 -0.257888 0.182407 -0.060058 0.112963 -0.038536 -0.214081 -0.276637 -0.232965 -0.062447 0.213666 -0.310870 -0.004565 0.073495 0.053132 -0.124560 -0.257876 0.187330 -0.408186 0.068525 -0.062944 0.194609 0.154150 -0.176077 -0.030319 -0.070073 -0.352392 -0.367650 0.016993 -0.422488 -0.116606 0.165906
0.008126 -0.180422 -0.127575 -0.026106 0.131921 0.527015 -0.191791 -0.031438 0.806186 0.432037 -0.030193 0.085573 0.006199 -0.081284 0.541433 0.040735 -0.129913 -0.259300 -0.155979 -0.120476 0.104058 0.396285 -0.247056 -0.108402 0.389517 1.000000 0.022501 0.404584 -0.110056 -0.168561 0.249137 0.380012 -0.105758 0.076853 -0.052277 0.207711 -0.153162 -0.054314 -0.030605 -0.114041 0.111824 0.149669 -0.157650 -0.140038 0.016494 0.034458 -0.176144 -0.151339 0.184412 -0.165944 0.094759 0.023797 0.032919 -0.307405 -0.059348 -0.074965 -0.144721 0.113478 0.404362 0.208699 0.130165 0.232782 -0.187280 -0.272123 0.173232 0.268088 0.276619 0.090433 0.081335 -0.068771 0.314307 0.492516 0.120552 -0.050221 0.258758 0.241245 0.060176 0.119915 -0.312111 -0.355438 -0.351268 -0.312363 -0.031766 -0.231106 -0.338876 -0.227342 0.001653 -0.110727 -0.173415 -0.124379 -0.192991 -0.414888 -0.156339 -0.251810 0.126934 -0.012974 0.037633 0.069439 -0.095281 -0.124329 -0.076362 0.095188 -0.302072 0.201011 -0.113721 0.202109 -0.196366 -0.033715 -0.056014 0.014044 0.052099 0.067066 0.091487 -0.194742 -0.049429 0.074620
0.319989 0.206152 0.452483 0.289147 0.500854 0.463345 0.391912 0.219166 0.173617 0.155550 0.026464 -0.192776 -0.198429 -0.212674 -0.067771 0.315737 0.194539 0.023334 0.006510 0.046864 0.295165 0.287379 0.304055 0.052373 0.427837 0.022501 1.000000 0.305908 -0.071087 -0.230513 0.092179 0.007644 0.213407 0.115741 0.056202 0.195712 -0.135488 -0.353180 -0.003328 -0.219747 0.049497 -0.186815 -0.204638 -0.261490 0.076574 -0.067240 -0.335790 -0.477589 0.179321 0.017201 -0.255590 0.266904 -0.130767 -0.283301 -0.051684 -0.166723 0.375118 0.166300 0.122867 0.144394 -0.085085 -0.112781 0.071690 -0.124119 -0.236962 -0.081036 0.122541 0.053744 -0.226329 -0.280527 0.238021 0.276703 -0.089657 -0.381662 -0.269517 -0.388090 -0.257319 -0.424274 0.117148 -0.029991 0.190313 -0.336881 0.154864 0.199662 -0.117029 -0.281055 0.259728 -0.098824 0.259298 0.149800 -0.157934 -0.235671 -0.202406 -0.050958 0.044617 0.014308 0.043067 0.114004 0.032461 -0.206562 -0.362667 0.239872 -0.286535 0.095852 -0.198741 0.275033 0.040532 -0.188803 -0.154343 0.014330 -0.377411 -0.369355 0.022089 -0.319647 -0.079406 0.081160
0.435550 0.172796 0.358869 0.279757 0.598710 0.675429 0.270917 0.186088 0.343065 0.458232 0.050125 -0.331301 0.073699 -0.172581 0.367601 0.406180 -0.091365 -0.328594 0.288628 0.283986 -0.136488 0.243038 0.237847 0.121266 0.432315 0.404584 0.305908 1.000000 -0.102821 -0.332539 -0.179869 -0.163608 -0.047877 -0.018177 -0.032656 -0.010483 -0.182387 -0.085904 0.216435 0.017420 -0.112468 -0.075584 -0.406591 -0.455065 -0.143229 -0.277990 -0.354323 -0.283129 0.105571 -0.360454 -0.277271 -0.286735 0.217136 -0.373793 -0.146046 -0.141313 0.096388 0.078039 0.197924 0.117895 -0.065831 0.014659 -0.193546 -0.125558 -0.092204 -0.104177 -0.018927 -0.179334 0.298043 0.016209 0.221066 0.368715 0.045704 -0.147368 0.083926 0.129590 0.053550 0.066655 -0.307298 -0.467290 -0.447257 -0.442201 0.128061 -0.054117 -0.408193 -0.427382 0.236558 -0.123146 0.213310 0.262195 0.016258 -0.210303 0.050310 0.045150 0.109538 0.139222 0.194986 0.162842 0.192902 -0.088503 -0.184807 0.249307 -0.242603 0.183224 -0.341959 0.145020 0.103040 -0.090053 0.031422 0.126257 -0.278302 -0.100876 -0.139254 -0.213612 0.199792 0.235092
-0.110055 -0.352672 -0.004984 -0.280182 -0.046942 -0.113868 0.023016 -0.163526 -0.067825 -0.183034 0.319161 -0.133066 0.246870 0.159397 0.187343 -0.241137 0.368194 0.256879 -0.070964 -0.102684 -0.044313 -0.236135 -0.017793 -0.297705 -0.080256 -0.110056 -0.071087 -0.102821 1.000000 0.589681 -0.050832 -0.144255 0.237968 -0.127517 0.094994 -0.036240 0.424638 0.201734 0.281291 0.089222 0.128268 -0.098768 0.167049 -0.098796 -0.075465 -0.256441 0.160736 -0.161672 0.143823 0.135209 -0.152525 -0.206285 0.203632 0.039668 0.283866 0.119481 -0.079513 -0.210072 0.005997 -0.163450 0.020941 -0.270998 0.086668 0.014589 0.001940 -0.491033 -0.161375 -0.336072 -0.254901 -0.142086 0.356630 0.115693 0.597133 0.382709 0.170567 0.140954 0.192725 0.103639 0.328072 0.261948 0.432094 0.289175 -0.046613 0.064372 0.034832 -0.244910 0.047602 0.130653 -0.055643 -0.075817 0.002544 -0.274095 -0.193682 0.024839 0.192635 0.026608 0.207027 0.078107 0.272120 0.136500 -0.067379 0.042761 0.128232 -0.028982 -0.115522 -0.076342 0.042360 -0.140443 0.159848 0.038621 -0.153182 -0.023480 -0.069235 -0.178598 -0.030482 0.026008
-0.379539 -0.427450 -0.245112 -0.470673 -0.327048 -0.278262 -0.158633 -0.251122 -0.212662 -0.294876 0.065679 0.258004 0.232442 0.478671 -0.078002 -0.236132 0.136878 0.304097 -0.189234 -0.198931 0.040730 -0.280439 -0.140486 -0.334719 -0.370239 -0.168561 -0.230513 -0.332539 0.589681 1.000000 0.250740 0.192992 0.077447 0.006626 0.120997 0.107891 0.349555 0.497508 0.228931 0.319712 -0.031602 0.168947 0.039940 0.040028 0.153129 0.085176 0.093544 0.142326 0.038912 0.160355 0.011038 -0.088673 0.103487 0.227712 0.221086 0.236283 -0.184989 -0.294346 0.060617 -0.040592 -0.016280 -0.106522 -0.107649 0.135964 -0.165896 -0.367125 -0.132975 -0.093524 -0.075221 0.088997 0.134208 0.004297 0.271144 0.731462 0.068485 0.384200 -0.073019 0.035255 0.218114 0.337425 0.294827 0.491386 -0.253642 0.040681 0.105709 -0.072162 -0.214624 0.218977 -0.023232 -0.108541 0.116772 -0.108550 -0.117595 -0.131984 -0.013473 0.313855 0.189960 0.094696 0.176146 0.065903 -0.056738 -0.105679 0.022391 -0.150101 -0.239821 -0.107373 -0.160475 0.060280 0.169333 0.135871 0.159348 0.114393 -0.112557 -0.059745 0.127138 0.029306
-0.025387 -0.398302 0.214170 -0.068927 -0.061228 -0.034177 0.221338 0.057237 0.159345 -0.159211 0.038018 0.174363 0.149592 -0.019288 0.008829 -0.129302 0.057026 0.152100 -0.317369 -0.361275 0.446570 0.245315 0.181196 0.097868 0.005977 0.249137 0.092179 -0.179869 -0.050832 0.250740 1.000000 0.699264 -0.020545 0.299905 0.107521 0.233801 -0.128676 -0.062580 0.017619 -0.097538 0.170552 0.065254 0.109732 0.090064 0.269410 0.270693 -0.046405 0.029830 0.164547 0.042182 0.377460 0.289638 -0.268164 0.067079 -0.094103 -0.172608 -0.241521 -0.086071 -0.054670 -0.072906 -0.215314 -0.028239 -0.263111 -0.265869 0.025982 0.014002 -0.019187 0.150203 -0.197535 -0.052177 0.384535 0.209532 -0.186406 0.073741 -0.181614 -0.059826 -0.199511 -0.284413 0.021013 0.266106 0.115892 0.041459 -0.074830 -0.044198 -0.011696 -0.237112 -0.083881 0.034695 -0.120254 -0.402844 -0.088000 -0.064968 -0.051631 -0.013589 -0.170681 0.049607 -0.085434 -0.152927 -0.249703 -0.347565 0.021539 -0.155582 -0.296452 -0.035735 -0.034119 0.108166 -0.139582 0.018447 -0.041043 -0.153605 0.103535 -0.200904 -0.120618 0.079750 -0.106044 0.027174
-0.171658 -0.320462 -0.149121 -0.030981 -0.202690 0.113037 -0.072642 0.091679 0.183442 0.054833 -0.169887 0.487403 0.028774 0.209996 -0.058225 -0.023999 0.064509 -0.097077 -0.364846 -0.227959 0.301925 0.285831 -0.163535 -0.034057 0.001631 0.380012 0.007644 -0.163608 -0.144255 0.192992 0.699264 1.000000 -0.110851 0.306061 0.017779 0.053639 -0.188392 -0.016805 -0.157949 -0.125666 -0.052047 0.024125 -0.048842 0.146813 0.319601 0.359370 -0.072579 0.097521 0.253814 0.101640 0.330075 0.330098 -0.253948 -0.090493 -0.090874 -0.106098 -0.115601 -0.041693 0.176975 0.005306 -0.024301 0.122345 -0.116598 -0.207227 0.000111 0.352650 0.180143 0.295605 -0.106427 -0.062363 0.229181 0.259387 -0.268321 0.053912 -0.220226 -0.007426 -0.218651 -0.094140 -0.109358 0.032322 0.012733 -0.099171 -0.169182 0.072390 -0.018524 -0.067721 -0.021500 0.237312 -0.170047 -0.355921 -0.235561 -0.112233 0.105025 -0.112017 -0.028564 0.067391 -0.119766 0.000727 -0.286210 -0.385213 -0.035139 -0.240864 -0.222929 -0.057036 -0.070811 -0.008432 -0.262674 -0.063657 0.106067 -0.000669 0.231806 -0.056058 -0.142042 0.103122 -0.059632 0.014762
0.168730 0.233079 0.001684 -0.157460 0.105848 -0.038041 -0.056983 -0.199381 0.020890 -0.154607 0.287544 0.027016 0.020324 -0.022469 0.026618 -0.069816 0.315062 0.207447 0.173386 0.253401 0.167489 0.178254 -0.103227 -0.523840 0.216795 -0.105758 0.213407 -0.047877 0.237968 0.077447 -0.020545 -0.110851 1.000000 0.483433 0.094014 -0.089579 0.229197 -0.308033 0.102549 -0.070660 0.217606 -0.017251 -0.075740 -0.094206 -0.141862 -0.223214 -0.271221 -0.131650 -0.071911 0.064679 -0.061275 -0.222573 0.018613 -0.084292 -0.086721 -0.333775 0.352828 0.207921 0.063133 0.194280 0.339700 0.168724 0.386021 0.375474 0.203931 -0.047039 -0.013706 -0.210633 0.033482 -0.024382 -0.121182 -0.139974 0.242655 -0.201846 0.139058 -0.192093 0.026735 -0.149555 0.499301 0.035400 0.340325 0.189965 0.323516 0.036841 0.116893 -0.020118 0.221336 0.134957 0.149865 -0.135548 -0.141556 -0.143271 -0.404222 -0.266780 -0.292740 -0.357648 -0.249921 -0.307965 -0.129200 0.025090 -0.025253 0.076369 0.038271 -0.138151 -0.163615 -0.088766 -0.118004 0.037914 -0.297809 -0.306821 -0.129671 -0.220641 0.171275 -0.177821 -0.134258 -0.275835
-0.104909 0.001369 -0.097739 0.066984 0.094203 0.230712 -0.070265 0.119503 0.029628 -0.041527 -0.054683 0.106581 -0.022862 0.106706 -0.168420 -0.189681 0.059715 0.212349 -0.217441 -0.059302 0.121707 0.149311 -0.020959 -0.082470 0.149441 0.076853 0.115741 -0.018177 -0.127517 0.006626 0.299905 0.306061 0.483433 1.000000 0.207551 0.238810 0.004283 -0.101512 -0.051141 -0.033169 -0.012157 -0.101893 -0.235825 0.023485 0.046554 0.199645 -0.327730 0.102350 -0.087391 0.063649 -0.042349 0.045427 -0.187966 -0.088524 -0.241353 -0.211737 0.079119 0.011045 -0.019227 0.212673 0.150823 0.364564 0.068693 0.258617 -0.101835 0.347304 -0.155709 0.220173 0.013288 0.056615 0.052782 0.164871 -0.003454 -0.036458 0.089685 0.031390 -0.060078 -0.145297 0.274221 0.010343 0.155277 -0.051501 -0.026159 -0.196808 -0.093086 -0.191094 0.126770 0.055760 0.028807 -0.317844 -0.182100 -0.085440 -0.193445 -0.225753 -0.287579 -0.098329 -0.164331 -0.142315 -0.328428 -0.243888 -0.085481 0.022983 -0.146212 -0.071409 -0.176163 0.051218 -0.128653 0.113626 -0.024933 -0.257317 -0.043364 -0.210436 -0.078975 -0.029583 0.041835 -0.030931
-0.095259 -0.280714 -0.023373 -0.286142 0.137555 -0.038672 -0.098229 -0.234376 0.133861 -0.031275 -0.018727 0.000052 -0.190527 -0.014224 -0.030847 -0.127706 0.019451 0.069322 -0.076442 -0.155326 0.223877 -0.039162 0.116461 -0.098536 0.050595 -0.052277 0.056202 -0.032656 0.094994 0.120997 0.107521 0.017779 0.094014 0.207551 1.000000 0.501922 0.129867 0.241879 0.060892 0.040144 0.022593 0.009010 0.084889 0.203949 0.319682 0.207832 -0.120886 0.220144 0.179500 0.199473 0.008078 0.248693 -0.026044 -0.024157 0.192750 0.076268 -0.150819 -0.184924 -0.247714 -0.168421 -0.144015 -0.028973 -0.104001 -0.100826 -0.228187 -0.088785 -0.090454 0.169202 -0.062176 -0.093450 0.266499 0.077258 0.051843 0.117832 -0.023313 0.082629 0.179484 0.168284 0.091542 -0.016018 0.127764 0.081582 -0.059126 -0.179086 0.072086 -0.093192 -0.181687 -0.017544 0.067191 -0.079879 -0.002245 0.151446 0.000648 0.045877 0.137067 0.080314 0.160858 0.284080 -0.054153 -0.009813 -0.089129 -0.083657 -0.086467 -0.192184 -0.285768 -0.137401 -0.240156 -0.072747 0.158939 -0.007439 0.199460 -0.099560 -0.102225 -0.288319 0.186837 0.011265
-0.085884 -0.246065 0.046077 -0.039372 0.188169 0.198485 0.056450 0.087936 0.238269 0.085846 -0.167037 0.012125 -0.062994 0.016812 -0.116606 -0.092349 0.023528 0.125905 -0.226294 -0.300244 0.080725 -0.081092 0.151407 0.132237 0.165701 0.207711 0.195712 -0.010483 -0.036240 0.107891 0.233801 0.053639 -0.089579 0.238810 0.501922 1.000000 -0.067174 0.168570 -0.216073 -0.020850 -0.082213 -0.093242 0.014998 0.151459 0.335717 0.440296 -0.257214 -0.016354 0.098390 0.200327 -0.041587 0.349216 -0.234822 -0.171314 -0.149161 -0.006587 -0.016017 -0.094992 0.131487 0.167677 -0.060559 0.111016 -0.172127 -0.134828 -0.289148 0.055364 0.033340 0.414486 0.017077 0.006078 0.173765 0.249524 -0.030515 0.126732 -0.078782 0.025250 -0.102301 -0.091488 0.057342 0.014425 0.063925 -0.107699 -0.328221 -0.286916 -0.172000 -0.318557 -0.182273 -0.171828 -0.068293 -0.182380 -0.144759 -0.188277 -0.174466 -0.129571 -0.116757 0.095504 0.080501 0.236145 -0.159262 -0.085259 -0.156046 0.005481 -0.329174 0.084471 -0.256103 0.247162 -0.055361 0.094257 -0.105665 -0.231309 0.039390 -0.176928 -0.141603 -0.225232 0.119580 0.274777
