1.000000 0.221432 0.103484 -0.064080 0.009309 0.000023 -0.019202 -0.200852 -0.072564 -0.143830 0.210775 -0.204980 -0.018353 -0.151411 -0.056267 -0.065763 0.211585 -0.137634 0.410914 0.301477 -0.125863 -0.144211 -0.359496 -0.420691 -0.213099 -0.387674 0.142959 0.020288 0.004272 -0.286568 -0.038270 -0.380769 0.196845 -0.074079 -0.056635 -0.260049 -0.045892 -0.042841 0.085324 0.054940 -0.060339 -0.141725 0.166896 0.225723 -0.249852 -0.212754 0.050110 0.004406 -0.021304 -0.229021 -0.003830 -0.087458 0.146993 0.229085 0.017085 0.295623 0.793106 0.114956 0.421846 0.077541 0.208176 -0.053686 0.113875 0.213460 -0.149710 -0.140526 0.239290 -0.271004 0.288479 0.287264 0.012651 -0.169801 -0.055506 -0.135846 0.063544 0.126392 0.016835 -0.132023 0.233187 0.017096 0.113052 -0.004149 0.021508 0.027675 -0.243948 0.098437 -0.009933 -0.143713 -0.063330 0.110810 -0.232634 0.073717 -0.124483 0.161776 0.218021 0.132235 0.088082 0.329891 0.049050 0.336443 -0.010527 0.040864 -0.024803 0.076313 -0.058071 -0.083886 -0.058808 0.188321 0.009582 0.039048 -0.238112 0.025003 -0.061723 -0.034022 -0.030258 -0.079268
0.221432 1.000000 -0.221000 -0.080266 -0.171356 -0.013182 -0.407186 -0.128060 -0.238740 -0.279101 -0.175605 -0.087781 -0.124811 -0.032159 -0.213298 -0.147543 -0.048095 0.112006 0.047126 0.321433 0.013684 -0.002355 -0.443188 -0.414065 -0.152012 -0.237654 0.084556 -0.058901 -0.327933 0.023574 -0.017948 -0.275021 -0.101297 -0.023794 0.148282 0.157832 -0.008244 0.241653 -0.157335 0.111242 0.018623 0.119719 0.199869 0.066074 -0.130442 -0.106000 0.087838 0.140234 -0.250010 -0.353266 0.016164 -0.183043 0.077610 0.228799 -0.066253 0.273672 0.248282 0.741893 0.049331 -0.029456 -0.121871 0.237706 -0.217425 0.215946 -0.331969 -0.034675 -0.070707 -0.251789 0.316422 0.239428 -0.072271 0.021296 -0.353262 0.091293 -0.214436 0.213187 -0.096676 0.043870 -0.008189 0.149028 0.201693 0.057804 -0.028564 -0.101762 -0.121530 0.144401 0.108995 0.120387 -0.163312 0.212387 -0.024233 0.169057 -0.079456 0.150214 0.074353 0.151845 0.051076 0.177804 0.174190 0.129495 0.093426 0.092753 -0.004136 0.183513 0.049672 0.199141 0.038379 0.094176 0.058000 0.165681 0.015624 0.147788 0.234116 0.078468 0.005964 0.005577
0.103484 -0.221000 1.000000 0.641941 0.346467 -0.016276 0.697704 0.612577 0.205010 0.182695 -0.062270 -0.050412 -0.066101 0.164545 0.115231 0.290745 -0.117613 -0.199837 0.395267 0.077307 -0.398645 -0.444750 0.561386 0.474542 -0.038224 -0.133082 0.240261 0.171792 -0.126346 -0.198116 -0.053699 -0.117323 -0.165807 -0.152117 -0.357514 -0.370751 -0.200985 -0.553429 0.203802 0.037459 -0.109504 -0.298728 -0.036551 -0.072101 -0.162227 -0.246240 -0.090155 -0.242282 0.240159 -0.151613 -0.046613 0.087532 0.249830 0.037135 0.190271 0.069668 0.087654 -0.399126 0.345048 0.360698 0.104227 -0.103755 -0.105933 -0.353443 -0.099017 -0.135105 -0.132125 -0.316185 -0.346115 0.001828 -0.212447 -0.314140 -0.021330 -0.283649 -0.123051 -0.356316 -0.300606 -0.348548 -0.234368 -0.385282 -0.310851 -0.382187 -0.224704 0.199174 -0.283080 -0.352468 -0.316073 -0.444192 0.277717 0.092252 0.022998 -0.109552 0.147022 0.128149 0.193446 0.186381 0.223405 0.117108 0.030430 -0.060958 -0.087506 0.003299 0.009122 -0.084238 0.005882 -0.281941 -0.383666 -0.117457 -0.027439 -0.062322 -0.299411 -0.132238 -0.229291 -0.176381 -0.013474 0.108971
-0.064080 -0.080266 0.641941 1.000000 0.454038 0.069922 0.244827 0.639916 0.316076 0.149780 -0.338754 0.112005 -0.357925 0.237316 0.336291 0.370616 -0.262412 -0.231938 0.369674 0.346940 -0.472596 -0.399221 0.507305 0.523723 0.045963 -0.003418 0.446563 0.335113 -0.316225 -0.328153 -0.039243 0.021688 -0.286713 -0.141609 -0.237419 -0.222395 -0.047477 -0.476846 0.273341 0.052282 -0.155838 -0.263491 0.001811 -0.200336 -0.306583 -0.351017 -0.012736 -0.262173 -0.029623 -0.390825 -0.022263 -0.116770 0.324735 -0.043551 0.289033 0.010492 -0.046570 -0.336878 0.244593 0.236170 -0.014555 -0.156867 -0.116588 -0.528546 -0.037505 -0.077768 -0.086608 -0.206889 -0.294579 0.126526 -0.435248 -0.225142 -0.287314 -0.398886 -0.334272 -0.376872 -0.415580 -0.413521 -0.273696 -0.423052 -0.339705 -0.388185 -0.153512 0.192504 -0.000669 -0.319671 -0.391616 -0.380008 0.401469 -0.034193 0.173394 -0.175950 0.302465 0.150119 0.119217 0.052040 0.239508 -0.041562 0.029407 -0.214355 -0.055653 0.149443 0.138592 -0.003630 0.163305 -0.230283 -0.464784 -0.217169 -0.260984 -0.199981 -0.317552 -0.225432 -0.291653 -0.005150 0.284888 0.193526
0.009309 -0.171356 0.346467 0.454038 1.000000 -0.024751 0.127738 0.339387 0.889999 0.537760 -0.167801 0.263996 -0.079066 0.397990 0.851676 0.882746 -0.137074 -0.245978 0.228419 0.064589 -0.516623 -0.482180 0.384233 0.342800 0.133151 0.104931 0.679758 0.482697 -0.089668 0.063952 -0.213072 0.021644 -0.021338 -0.001264 -0.101280 -0.107667 -0.103907 -0.309285 -0.078141 -0.236467 -0.250836 -0.232023 -0.058514 -0.244684 -0.323884 -0.203748 -0.245984 -0.405245 0.056921 -0.213697 0.029496 0.005742 0.057814 -0.220921 -0.096870 -0.326895 -0.122372 -0.249963 0.177502 0.324161 -0.012061 0.034798 0.007211 -0.290462 -0.083681 -0.001174 -0.009267 -0.129797 0.000447 0.152482 -0.355605 -0.143760 0.042613 -0.080184 -0.167440 -0.159290 -0.165490 0.013811 -0.107485 -0.278701 -0.331184 -0.333907 -0.390485 -0.074401 -0.360453 -0.484389 -0.669542 -0.600697 0.006401 -0.355581 -0.048877 -0.081085 0.096150 0.118837 -0.033149 -0.149030 -0.141631 -0.063056 -0.215348 -0.182157 -0.108537 0.116532 0.052258 0.030132 0.005527 -0.175437 -0.221585 -0.023496 -0.187716 -0.289220 -0.408887 -0.225009 -0.307256 -0.288967 0.000686 0.031913
0.000023 -0.013182 -0.016276 0.069922 -0.024751 1.000000 -0.141131 -0.060808 -0.201955 0.258192 -0.003295 -0.369618 -0.002017 -0.378472 0.019583 -0.198886 -0.142178 -0.397773 -0.116801 0.016497 0.080542 0.121192 -0.219199 -0.055938 0.310646 0.066678 0.365071 0.609818 -0.160540 -0.462840 0.079881 -0.300743 -0.387832 -0.400514 0.179401 0.048160 0.289493 0.041131 0.129324 0.226326 0.197776 0.155344 0.112138 0.128392 0.102690 0.009614 0.073040 0.194730 0.075289 -0.078744 0.321097 0.118478 0.199978 0.175542 -0.056754 0.119565 -0.040233 -0.085515 0.310805 0.222474 -0.023972 0.117654 -0.086538 -0.240721 0.072051 0.153026 0.076158 0.199132 -0.135488 0.038826 0.079947 -0.173908 -0.292108 -0.460831 -0.157129 -0.220415 -0.048644 -0.399212 -0.019709 -0.356251 0.153661 -0.229754 0.434476 0.344840 0.247228 0.082132 0.125816 0.036141 -0.012669 0.004546 0.022324 -0.025856 0.126175 0.166285 -0.059438 0.102510 -0.040893 -0.105190 -0.030270 -0.107417 0.093943 0.095642 0.265834 0.250189 0.285191 0.085041 0.198951 0.235985 0.043405 -0.144868 -0.056738 -0.070121 -0.018959 0.064674 0.085669 0.068906
-0.019202 -0.407186 0.697704 0.244827 0.127738 -0.141131 1.000000 0.413015 0.100451 0.081105 0.207993 -0.023526 0.128212 0.015511 0.025217 0.110771 0.053211 0.034232 0.060656 -0.269910 -0.186414 -0.230463 0.568716 0.483086 -0.268247 -0.227869 -0.060211 0.020126 0.013265 -0.039137 -0.089663 -0.029584 -0.018141 -0.093536 -0.303968 -0.351694 -0.217692 -0.446368 0.148002 0.018716 0.024064 -0.267236 -0.198442 -0.097397 -0.034408 -0.095948 -0.116329 -0.198953 0.218537 0.088038 -0.167255 0.155306 0.021413 -0.090867 0.170404 0.092416 -0.019501 -0.507142 0.061151 0.064303 0.230998 -0.142856 0.088198 -0.180599 0.183257 -0.059668 -0.302423 -0.182198 -0.327398 -0.246334 -0.115607 -0.240551 0.090480 -0.159612 -0.000024 -0.304133 -0.212908 -0.171435 -0.210761 -0.112231 -0.226480 -0.151949 -0.070274 0.100656 -0.101116 -0.119477 -0.045932 -0.211988 0.200104 0.169445 0.037210 -0.010377 0.113773 0.050286 0.116777 0.196651 0.173165 0.143291 0.015924 0.019475 -0.072295 -0.085990 -0.170060 -0.169947 -0.092399 -0.155708 -0.387719 -0.103696 0.080852 0.140029 -0.011246 0.020431 -0.136366 -0.174098 -0.090772 0.046040
-0.200852 -0.128060 0.612577 0.639916 0.339387 -0.060808 0.413015 1.000000 0.304751 0.162761 -0.199404 0.213083 -0.142240 0.505639 0.124265 0.385223 -0.107956 -0.023878 -0.127861 -0.211085 -0.203900 -0.290917 0.554409 0.468178 -0.007677 0.107247 0.316410 0.037061 -0.230941 -0.166415 -0.157724 -0.031086 -0.259180 -0.063312 -0.149414 -0.196053 -0.148295 -0.411998 0.285980 -0.023901 -0.194727 -0.378982 0.166108 -0.244997 0.103510 -0.021132 0.194051 -0.220671 0.293553 -0.005344 0.102064 0.120274 0.275550 -0.037104 0.375629 -0.005332 -0.274958 -0.448243 -0.037439 0.219797 -0.122864 0.116307 -0.302595 -0.439717 -0.216086 -0.029750 -0.339242 -0.258222 -0.465814 -0.178666 -0.353566 -0.175134 -0.208046 -0.370162 -0.297492 -0.521701 -0.469312 -0.326641 -0.096851 -0.483334 -0.154162 -0.551941 -0.399917 -0.120934 -0.268058 -0.565997 -0.361599 -0.381619 0.375839 -0.111090 0.408653 -0.243638 0.423727 -0.023402 0.130132 -0.071875 0.177308 -0.195646 0.255793 -0.249916 -0.078580 -0.002404 0.120551 -0.168744 0.073438 -0.302570 -0.489773 -0.336026 -0.262104 -0.132680 -0.206300 -0.067518 -0.125972 0.093547 0.063965 0.111604
-0.072564 -0.238740 0.205010 0.316076 0.889999 -0.201955 0.100451 0.304751 1.000000 0.574655 -0.010645 0.437884 0.013621 0.525039 0.835734 0.839842 -0.023698 -0.121504 0.179424 -0.018533 -0.385143 -0.360875 0.350886 0.232198 0.203510 0.165230 0.469136 0.219022 0.098024 0.261327 -0.082150 0.187681 0.128422 0.145319 -0.116502 -0.102341 -0.161628 -0.259895 -0.165908 -0.303146 -0.263189 -0.216464 -0.126925 -0.200447 -0.357685 -0.211247 -0.292098 -0.433727 -0.025729 -0.205057 -0.016528 -0.001660 -0.088757 -0.377996 -0.168285 -0.502525 -0.160287 -0.319663 -0.014142 0.181891 0.079372 0.083622 0.081079 -0.156871 -0.032920 0.083714 -0.078100 -0.075526 -0.044936 0.002095 -0.211841 0.018345 0.244070 0.097840 0.021434 -0.069573 -0.007564 0.162257 0.026080 -0.089130 -0.263020 -0.174658 -0.467948 -0.191649 -0.355383 -0.393902 -0.630943 -0.549962 -0.075202 -0.455675 -0.055514 -0.120468 0.083664 -0.065930 -0.113115 -0.272343 -0.211720 -0.143467 -0.272916 -0.215320 -0.147900 -0.015173 -0.004455 -0.107537 -0.076166 -0.231690 -0.182649 -0.084975 -0.183507 -0.337546 -0.367101 -0.257804 -0.345134 -0.285662 -0.084498 -0.032792
-0.143830 -0.279101 0.182695 0.149780 0.537760 0.258192 0.081105 0.162761 0.574655 1.000000 -0.023775 0.152563 0.077737 0.236631 0.445411 0.549675 -0.267128 -0.232513 0.031123 -0.109407 -0.337959 -0.376633 0.179038 0.148198 0.463714 0.092370 0.340157 0.181947 -0.107088 0.107986 0.010153 0.074755 -0.068252 0.072723 0.029607 0.094518 -0.234865 -0.172587 -0.240146 -0.247583 -0.291769 -0.124272 -0.164340 0.102139 -0.165766 0.003781 -0.295169 -0.074454 0.015096 0.049176 -0.046654 0.133078 -0.088840 -0.300805 -0.316150 -0.537806 -0.213646 -0.267932 0.198693 0.309595 0.065394 0.320739 -0.095308 -0.124057 0.035321 0.215141 -0.069932 0.120667 -0.168187 -0.012210 -0.031765 0.099004 -0.001846 0.017735 -0.108975 -0.039146 0.008628 0.091346 -0.222206 -0.081402 -0.296842 -0.068282 -0.210648 0.019208 -0.278426 -0.282756 -0.507065 -0.332798 -0.083939 -0.402866 -0.064418 0.066060 0.072545 0.032048 -0.100589 -0.201040 -0.182875 -0.142261 -0.173428 -0.084129 0.034746 -0.032520 0.105881 0.040152 0.045620 -0.219330 0.062932 0.039417 -0.052696 -0.270235 -0.278040 0.011428 -0.070257 -0.261386 -0.097936 -0.140231
0.210775 -0.175605 -0.062270 -0.338754 -0.167801 -0.003295 0.207993 -0.199404 -0.010645 -0.023775 1.000000 -0.067101 0.584762 -0.068456 -0.104073 -0.105697 0.695468 -0.074043 0.148344 -0.115782 0.233213 0.154962 -0.139043 -0.258993 -0.166936 -0.048287 -0.178676 -0.250719 0.331079 0.081162 0.309295 0.095305 0.272003 0.013621 0.006656 -0.249151 -0.099416 0.061007 -0.257707 -0.004827 0.153104 0.068715 0.024370 0.197747 -0.064217 -0.042092 -0.242852 0.069003 0.094467 0.056230 0.072048 0.146493 -0.261771 -0.039315 -0.369620 -0.054981 0.387939 -0.168358 -0.083364 -0.172995 0.502894 0.061284 0.606934 0.304155 0.262130 0.089126 -0.123976 -0.144368 0.025283 -0.142160 0.323972 0.012299 0.309775 0.129170 0.318346 0.309158 0.205144 0.124471 0.479263 0.200903 0.402469 0.231895 0.008572 0.035855 -0.065719 0.137359 0.051731 0.044547 -0.437275 -0.017372 -0.335555 -0.065608 -0.212180 -0.192484 -0.212379 0.019561 -0.329266 0.091705 -0.325540 -0.018596 -0.097487 -0.280323 -0.202828 -0.140838 -0.267580 -0.117289 0.058604 0.123321 0.058046 0.083021 -0.078866 -0.068189 -0.062559 -0.249292 -0.122737 -0.344763
-0.204980 -0.087781 -0.050412 0.112005 0.263996 -0.369618 -0.023526 0.213083 0.437884 0.152563 -0.067101 1.000000 0.054617 0.734344 0.348975 0.423767 -0.137597 0.327354 -0.157658 -0.112550 -0.128577 -0.071154 0.312611 0.138438 0.064071 0.202583 -0.125135 -0.106368 0.140439 0.483872 0.016950 0.411384 0.229690 0.351104 -0.186552 0.055100 -0.251014 -0.074179 -0.180865 -0.147299 -0.149954 0.025856 -0.319732 -0.237614 -0.159744 -0.015273 -0.301730 -0.182352 -0.120146 -0.015849 -0.134306 -0.101271 -0.269072 -0.435684 -0.217382 -0.428820 -0.322348 -0.187849 -0.264968 -0.134943 0.083811 0.091281 -0.015891 -0.038500 0.123240 0.338079 -0.200087 0.285473 -0.208180 -0.297336 -0.080000 0.314043 0.267404 0.363020 0.209073 0.007883 0.134378 0.274380 -0.044596 0.232133 -0.325869 0.139989 -0.378822 0.072534 -0.247401 -0.033647 -0.316832 -0.045041 -0.186886 -0.275201 -0.126882 -0.209433 0.191419 -0.286545 -0.459322 -0.301527 -0.312848 -0.304077 -0.287073 -0.287195 -0.055214 -0.093764 -0.138555 -0.095224 -0.219186 -0.206572 -0.003179 -0.006560 -0.255424 -0.342237 0.074023 -0.166440 -0.304501 -0.185211 -0.090910 -0.270658
-0.018353 -0.124811 -0.066101 -0.357925 -0.079066 -0.002017 0.128212 -0.142240 0.013621 0.077737 0.584762 0.054617 1.000000 0.180179 -0.018512 0.034618 0.230821 0.056466 -0.117126 -0.323103 0.003275 0.002647 -0.055549 -0.250446 -0.121467 -0.105094 -0.083826 -0.169602 0.312324 0.273957 0.191638 -0.025104 0.096707 -0.061189 0.112482 -0.145502 -0.263537 -0.039395 -0.222540 -0.090271 -0.063936 -0.116914 -0.004749 0.156525 0.286189 0.277271 -0.238773 0.007221 0.236400 0.342184 0.259094 0.203910 -0.397208 -0.170782 -0.306826 -0.031778 -0.030448 -0.115685 -0.082573 -0.007542 0.307658 0.177861 0.365598 0.230177 0.178182 0.375397 -0.176181 -0.100032 -0.123339 -0.308586 0.259705 -0.024162 0.251884 0.211322 0.133289 0.079238 0.372127 0.257871 0.288989 0.253935 0.238809 0.230311 -0.131525 -0.007420 -0.216914 0.032877 0.083158 0.120468 -0.409944 0.087758 -0.344788 -0.017639 -0.203795 -0.134916 -0.200230 -0.021722 -0.286753 0.064326 -0.326049 0.061422 -0.125145 -0.198809 -0.278515 -0.182727 -0.340287 -0.112452 0.135839 -0.184226 0.099051 -0.033839 -0.031867 0.028260 0.046374 -0.347066 -0.315906 -0.340284
-0.151411 -0.032159 0.164545 0.237316 0.397990 -0.378472 0.015511 0.505639 0.525039 0.236631 -0.068456 0.734344 0.180179 1.000000 0.294014 0.579187 -0.032527 0.209849 -0.142234 -0.210390 -0.240653 -0.281218 0.347636 0.121386 0.117746 0.130031 0.135682 -0.137283 0.096818 0.432143 -0.055333 0.239912 0.106022 0.292914 -0.178317 -0.009141 -0.262885 -0.125418 -0.123157 -0.224199 -0.225088 -0.174007 -0.058032 -0.265618 0.020530 0.100229 -0.086224 -0.263044 0.147305 0.063280 0.035364 0.015037 -0.125662 -0.319872 -0.070594 -0.331929 -0.258607 -0.191808 -0.204520 0.128996 -0.067894 0.258019 -0.128027 -0.087638 -0.286152 0.149887 -0.278442 -0.081566 -0.264253 -0.176589 -0.136854 0.144084 0.204879 0.250453 0.043552 -0.108911 0.024946 0.195242 0.090606 0.005422 -0.141230 -0.081226 -0.590353 -0.106047 -0.523487 -0.428145 -0.467952 -0.283705 -0.120822 -0.358419 0.074863 -0.201949 0.176068 -0.259523 -0.287827 -0.305907 -0.176639 -0.314920 -0.038309 -0.255120 -0.157603 -0.108916 -0.021380 -0.232998 -0.166672 -0.325164 -0.141871 -0.197412 -0.272887 -0.331539 -0.150863 -0.073731 -0.123544 -0.049840 -0.088483 -0.164843
-0.056267 -0.213298 0.115231 0.336291 0.851676 0.019583 0.025217 0.124265 0.835734 0.445411 -0.104073 0.348975 -0.018512 0.294014 1.000000 0.711104 -0.184804 -0.192277 0.181517 0.008989 -0.280582 -0.226991 0.335310 0.267580 0.237561 0.156673 0.576583 0.502343 0.040925 0.087411 -0.155410 0.017141 0.065228 -0.010848 -0.089473 -0.167135 -0.039077 -0.237728 -0.104509 -0.191148 -0.135079 -0.099287 -0.143267 -0.158200 -0.369700 -0.238741 -0.289447 -0.356646 -0.086396 -0.229785 0.010352 0.012605 -0.011080 -0.288424 -0.155067 -0.355030 -0.194117 -0.260777 0.090245 0.174535 0.079465 -0.084895 0.069450 -0.288897 0.121058 0.131290 0.028916 -0.001391 0.011845 0.011866 -0.212880 -0.127925 0.135194 -0.021246 0.011698 -0.130387 0.027264 0.023593 -0.086216 -0.111681 -0.262509 -0.161869 -0.177487 0.032247 -0.063728 -0.189741 -0.506774 -0.377428 -0.046396 -0.357156 -0.169932 -0.133175 0.081256 0.023319 -0.127271 -0.166227 -0.186996 -0.105266 -0.353483 -0.180111 -0.048964 0.069190 0.046424 0.010748 -0.001491 -0.110898 -0.051912 0.042242 -0.085153 -0.254009 -0.280298 -0.284066 -0.422540 -0.300559 0.044113 0.048322
-0.065763 -0.147543 0.290745 0.370616 0.882746 -0.198886 0.110771 0.385223 0.839842 0.549675 -0.105697 0.423767 0.034618 0.579187 0.711104 1.000000 -0.145344 -0.150355 0.127978 -0.045771 -0.508726 -0.547274 0.455114 0.328961 0.060799 0.185160 0.530837 0.318436 -0.165368 0.236940 -0.229856 0.107034 0.013982 0.098931 -0.053698 -0.016197 -0.244656 -0.304345 -0.245514 -0.266402 -0.359862 -0.243126 -0.032677 -0.196461 -0.265088 -0.081624 -0.293165 -0.260886 0.042514 -0.111027 -0.006869 -0.009075 -0.058670 -0.234624 -0.226080 -0.344991 -0.204898 -0.243993 0.056708 0.255974 0.048966 0.165388 -0.038168 -0.242483 -0.005020 0.079961 -0.106331 -0.110481 -0.028714 0.081568 -0.425932 -0.078307 0.006159 0.048490 -0.191110 -0.078037 -0.192069 0.082882 -0.137463 -0.192412 -0.365584 -0.253346 -0.546841 -0.059298 -0.423960 -0.468898 -0.710675 -0.494462 -0.103250 -0.285189 -0.055014 -0.008566 0.083308 0.068493 -0.156563 -0.152530 -0.265002 -0.060069 -0.262196 -0.153726 -0.150097 0.061241 -0.053306 -0.008859 -0.172466 -0.197729 -0.165386 -0.030910 -0.191734 -0.312537 -0.302508 -0.111713 -0.176648 -0.327171 -0.097146 -0.119431
0.211585 -0.048095 -0.117613 -0.262412 -0.137074 -0.142178 0.053211 -0.107956 -0.023698 -0.267128 0.695468 -0.137597 0.230821 -0.032527 -0.184804 -0.145344 1.000000 0.009928 0.098283 -0.073700 0.331083 0.257107 -0.222022 -0.287693 -0.203213 -0.073480 -0.147072 -0.268215 0.397653 0.121950 0.200596 0.075000 0.239418 -0.021800 -0.012983 -0.233384 0.093442 0.233246 -0.069252 0.107761 0.370449 0.159438 0.168955 -0.006516 0.034411 -0.077085 0.016439 -0.140774 0.135729 -0.056855 0.118466 0.008685 -0.126197 0.035322 -0.090559 0.053981 0.482099 -0.039505 -0.145167 -0.184632 0.159189 -0.066376 0.523240 0.302561 -0.085326 -0.197890 -0.012365 -0.270958 0.070375 -0.052792 0.276795 -0.029423 0.329184 0.050119 0.283487 0.166483 0.143879 0.060324 0.739810 0.118536 0.656752 0.143547 -0.033197 -0.088211 -0.112565 0.023264 0.099426 -0.002093 -0.353405 -0.038661 -0.117192 -0.236343 -0.174568 -0.286043 -0.082268 0.089727 -0.178593 0.054503 -0.029194 -0.056354 -0.141901 -0.116506 -0.000552 -0.085476 -0.002548 0.096455 -0.069023 0.027444 -0.003824 0.214484 -0.067232 -0.117071 -0.088042 0.037787 0.017638 -0.047434
-0.137634 0.112006 -0.199837 -0.231938 -0.245978 -0.397773 0.034232 -0.023878 -0.121504 -0.232513 -0.074043 0.327354 0.056466 0.209849 -0.192277 -0.150355 0.009928 1.000000 -0.345846 -0.208521 0.174091 0.172335 -0.063907 -0.098609 -0.186148 -0.092765 -0.439934 -0.333928 0.184979 0.457601 -0.013710 0.264420 0.112611 0.238217 -0.120575 0.023802 -0.216035 -0.034381 -0.058243 -0.034209 0.080075 -0.021654 -0.207442 -0.164488 0.037878 0.109121 -0.052092 -0.104641 -0.161999 0.261386 -0.339436 -0.154760 -0.209929 -0.279180 0.028543 -0.096392 -0.108945 0.209224 -0.398492 -0.238802 -0.058814 0.015797 -0.027892 0.397647 -0.020544 0.069735 -0.340613 -0.057036 -0.060472 -0.274020 0.210254 0.353703 0.244272 0.359728 0.177464 0.063721 0.106816 0.272624 -0.036060 0.477642 0.000036 0.430717 -0.100878 -0.064782 -0.033030 0.164390 0.103400 0.106094 0.012367 -0.006357 0.045123 -0.046540 0.109589 -0.074789 -0.147215 0.050300 0.057508 0.080056 0.037552 0.022132 0.213316 0.066315 -0.064811 -0.042206 -0.069069 0.026676 -0.004563 -0.097117 0.056670 0.164335 0.261174 0.123520 0.056004 -0.009881 -0.024269 -0.086467
0.410914 0.047126 0.395267 0.369674 0.228419 -0.116801 0.060656 -0.127861 0.179424 0.031123 0.148344 -0.157658 -0.117126 -0.142234 0.181517 0.127978 0.098283 -0.345846 1.000000 0.634911 -0.368929 -0.256050 0.004242 0.039428 0.044313 -0.118770 0.118964 0.046848 0.034468 -0.163736 0.099781 -0.026195 0.147252 -0.045179 -0.215755 -0.302751 -0.087346 -0.278147 -0.095900 0.002730 -0.105885 -0.052141 -0.069961 0.083871 -0.546106 -0.517185 -0.267241 -0.221288 -0.026467 -0.435243 -0.081000 -0.049593 0.140840 0.055084 -0.179320 -0.043675 0.473959 0.060200 0.449276 0.307437 0.238508 -0.168672 0.314281 0.055246 0.007637 -0.182987 0.331335 -0.302683 0.351524 0.439629 -0.133208 -0.217787 0.086898 -0.054887 0.048633 0.158765 -0.022049 -0.173370 0.017983 -0.109025 -0.150062 -0.035271 -0.011619 0.215798 -0.109703 0.046048 -0.279446 -0.247782 -0.087842 0.067385 -0.275089 -0.069196 -0.176305 0.129975 0.022006 0.079553 -0.070681 0.162735 -0.309959 -0.063483 -0.119029 0.043075 -0.025114 0.077796 -0.070236 -0.172656 -0.024858 0.141766 -0.021697 -0.077292 -0.433649 -0.347961 -0.340506 -0.263025 0.059244 -0.075448
0.301477 0.321433 0.077307 0.346940 0.064589 0.016497 -0.269910 -0.211085 -0.018533 -0.109407 -0.115782 -0.112550 -0.323103 -0.210390 0.008989 -0.045771 -0.073700 -0.208521 0.634911 1.000000 -0.338708 -0.184732 -0.270319 -0.126356 -0.059867 -0.129372 0.108480 0.070956 -0.191968 -0.212055 0.152844 0.089559 0.009216 0.102367 -0.095288 0.136497 0.000060 -0.013135 -0.064390 -0.021752 -0.124150 0.121517 -0.113989 0.025377 -0.504566 -0.445939 -0.196490 0.083275 -0.315352 -0.535136 -0.214272 -0.324335 0.084279 0.091820 -0.133557 -0.097311 0.365202 0.256021 0.264377 0.059283 0.096953 -0.003469 0.090881 0.079325 -0.102855 -0.094701 0.166738 -0.023397 0.401249 0.602944 -0.187085 -0.014723 -0.170906 -0.074586 -0.130722 0.267738 -0.122232 -0.054271 -0.131672 -0.044038 -0.159176 0.023745 0.120998 0.191604 -0.017688 0.085602 -0.029794 -0.059318 -0.007263 0.019611 -0.078597 0.059060 0.014761 0.187321 -0.017072 0.006246 -0.038942 0.093862 -0.114052 -0.075973 0.065246 0.200532 0.054550 0.285463 0.064045 -0.040066 -0.039184 0.168501 -0.230870 -0.147153 -0.117565 -0.113859 -0.147458 -0.083242 0.191254 0.024982
-0.125863 0.013684 -0.398645 -0.472596 -0.516623 0.080542 -0.186414 -0.203900 -0.385143 -0.337959 0.233213 -0.128577 0.003275 -0.240653 -0.280582 -0.508726 0.331083 0.174091 -0.368929 -0.338708 1.000000 0.731279 -0.280577 -0.294252 0.083715 0.212036 -0.323656 -0.231354 0.270451 0.069462 0.169281 -0.036660 0.024152 -0.057205 0.033742 0.018137 0.273518 0.301274 0.184453 0.289309 0.552972 0.317257 0.220056 0.153808 0.286348 0.181571 0.248388 0.159544 -0.031843 0.134774 0.058391 0.031632 0.007408 0.138290 0.122002 0.168362 0.018109 0.085630 -0.295942 -0.280210 -0.147690 -0.113059 -0.041417 0.205140 -0.020808 -0.102084 0.020636 0.050034 -0.096882 -0.290282 0.434373 0.093961 0.235459 0.038251 0.395487 0.080612 0.142068 -0.110743 0.357785 0.113158 0.560222 0.194244 0.373772 -0.043039 0.358568 0.244476 0.437247 0.351564 -0.020839 0.068877 0.024312 -0.209613 -0.034558 -0.262830 -0.046351 0.107090 0.024996 -0.030601 0.078163 -0.014628 0.066124 -0.133584 -0.020836 -0.035950 0.032680 0.360519 0.211363 0.048564 0.243985 0.250078 0.309827 -0.015870 0.121980 0.216228 -0.020877 0.100543
-0.144211 -0.002355 -0.444750 -0.399221 -0.482180 0.121192 -0.230463 -0.290917 -0.360875 -0.376633 0.154962 -0.071154 0.002647 -0.281218 -0.226991 -0.547274 0.257107 0.172335 -0.256050 -0.184732 0.731279 1.000000 -0.229376 -0.195246 0.150012 0.416176 -0.285006 -0.104147 0.293333 -0.041297 0.345352 0.250624 0.110963 -0.012436 -0.005989 -0.044949 0.296621 0.314799 0.193224 0.185914 0.465265 0.204782 0.076541 0.079472 0.188007 0.085064 0.164380 0.116493 -0.100426 0.119083 0.111549 0.058711 -0.061075 0.043441 0.051708 0.088316 0.002718 0.113262 -0.321384 -0.395541 -0.056033 -0.174489 0.129543 0.246140 0.112317 0.004103 -0.008298 0.097825 -0.046790 -0.325383 0.393699 0.275965 0.192759 0.053741 0.340519 0.067918 0.176233 -0.045519 0.276256 0.144999 0.388831 0.192196 0.368120 -0.124227 0.368544 0.317684 0.464897 0.406806 -0.090415 0.054784 -0.052658 -0.205294 -0.108571 -0.282760 -0.071711 -0.091466 -0.046089 -0.146557 -0.077361 -0.033641 0.007812 -0.131090 -0.070451 -0.079369 -0.041136 0.160846 0.236833 0.017199 0.090349 0.118953 0.192468 -0.170130 -0.131587 0.107734 0.044107 -0.068065
-0.359496 -0.443188 0.561386 0.507305 0.384233 -0.219199 0.568716 0.554409 0.350886 0.179038 -0.139043 0.312611 -0.055549 0.347636 0.335310 0.455114 -0.222022 -0.063907 0.004242 -0.270319 -0.280577 -0.229376 1.000000 0.835925 0.058912 0.270429 0.148765 0.149868 -0.125529 0.025847 -0.153287 0.236788 0.001650 -0.014553 -0.200753 -0.240125 -0.146859 -0.337512 0.067780 -0.184067 -0.237545 -0.221057 -0.191875 -0.271128 -0.054164 -0.061246 -0.169525 -0.181163 0.160456 0.052524 -0.060068 0.074754 -0.014100 -0.220320 0.122260 -0.115359 -0.385332 -0.498167 -0.070816 0.067519 0.015270 -0.186135 -0.025705 -0.442557 0.270118 0.007938 -0.212855 -0.044513 -0.355370 -0.278731 -0.294189 -0.089595 -0.030666 -0.043102 -0.125555 -0.311361 -0.238876 -0.080541 -0.318564 -0.213984 -0.482183 -0.271765 -0.383171 0.016774 -0.022706 -0.270692 -0.392363 -0.306428 0.231923 -0.094710 0.052656 -0.054987 0.173960 0.002500 -0.060241 -0.115479 0.015450 -0.166669 -0.169024 -0.181564 -0.139883 -0.044526 -0.085477 -0.197967 -0.102682 -0.252690 -0.284534 -0.209095 -0.148707 -0.161508 -0.071089 -0.119998 -0.221656 -0.124655 0.042293 0.011981
-0.420691 -0.414065 0.474542 0.523723 0.342800 -0.055938 0.483086 0.468178 0.232198 0.148198 -0.258993 0.138438 -0.250446 0.121386 0.267580 0.328961 -0.287693 -0.098609 0.039428 -0.126356 -0.294252 -0.195246 0.835925 1.000000 0.050035 0.286976 0.139643 0.270910 -0.213849 -0.122303 -0.233796 0.231540 -0.150196 -0.129592 -0.140268 -0.098684 -0.010097 -0.266590 0.091505 -0.162451 -0.197195 -0.168582 -0.219106 -0.351763 -0.055683 -0.127168 -0.113513 -0.052369 0.162738 -0.001272 -0.130639 0.078072 0.090681 -0.145977 0.206192 -0.079521 -0.428000 -0.416070 -0.037662 0.065314 -0.132696 -0.278751 -0.066653 -0.545558 0.237757 -0.148082 -0.166814 0.027572 -0.178187 -0.038578 -0.343213 0.000274 -0.147069 -0.157783 -0.225564 -0.310164 -0.395866 -0.163064 -0.464682 -0.375177 -0.501717 -0.428730 -0.185557 0.027022 0.136988 -0.215286 -0.269147 -0.200015 0.335949 -0.077849 0.230087 0.016951 0.242594 0.128007 -0.055693 -0.086283 0.027282 -0.204756 -0.078625 -0.276829 -0.129995 0.085905 -0.019281 -0.020045 0.012695 -0.094843 -0.317980 -0.161887 -0.193254 -0.114585 0.006936 -0.092208 -0.202670 0.012793 0.136496 0.134500
-0.213099 -0.152012 -0.038224 0.045963 0.133151 0.310646 -0.268247 -0.007677 0.203510 0.463714 -0.166936 0.064071 -0.121467 0.117746 0.237561 0.060799 -0.203213 -0.186148 0.044313 -0.059867 0.083715 0.150012 0.058912 0.050035 1.000000 0.518205 0.142119 0.086856 0.120801 0.021236 0.150501 0.133255 0.025375 0.035359 -0.002519 0.079944 -0.018829 0.047968 -0.099140 -0.157468 -0.111683 -0.026509 -0.035456 0.162980 -0.011134 0.051695 -0.010451 -0.004868 0.030264 0.042686 0.145497 0.172229 0.088436 -0.101011 -0.126425 -0.436150 -0.225003 -0.037615 0.078845 0.264830 -0.183622 0.075177 -0.192795 -0.125275 -0.103726 0.017060 0.185454 0.155940 -0.098490 -0.075938 0.164878 0.128292 0.133433 0.009208 0.162543 -0.097876 0.145632 -0.082869 0.004606 -0.073324 -0.073616 -0.014878 -0.055848 -0.010470 0.052334 -0.071308 -0.303397 -0.148913 0.011047 -0.450735 -0.019190 -0.120049 -0.006149 -0.136341 -0.092937 -0.336293 -0.115101 -0.467677 -0.128965 -0.287357 -0.065959 -0.076990 0.223344 -0.068468 0.166816 -0.118657 0.186986 0.012380 -0.034554 -0.199214 -0.210675 -0.235389 -0.177328 0.059830 -0.031590 0.052031
-0.387674 -0.237654 -0.133082 -0.003418 0.104931 0.066678 -0.227869 0.107247 0.165230 0.092370 -0.048287 0.202583 -0.105094 0.130031 0.156673 0.185160 -0.073480 -0.092765 -0.118770 -0.129372 0.212036 0.416176 0.270429 0.286976 0.518205 1.000000 0.061355 0.104814 0.081015 0.023461 0.226733 0.518587 0.087813 0.143776 -0.043777 0.071021 0.064156 0.098289 -0.082370 -0.220334 -0.088391 -0.048721 0.047583 -0.054023 0.081174 0.096012 -0.053807 0.152239 0.081356 0.127698 0.146279 0.050999 -0.033172 -0.039342 -0.160720 -0.327207 -0.386888 -0.085913 -0.277765 -0.039862 -0.110380 -0.048225 -0.045252 -0.127313 0.168363 -0.005610 0.014893 0.206252 -0.044435 -0.127962 0.023914 0.349417 0.115141 0.063574 0.134459 -0.033244 -0.092544 0.008074 0.020695 -0.135729 -0.128420 -0.141380 -0.171284 -0.163767 0.105116 -0.167999 -0.217643 -0.014216 -0.062094 -0.357571 0.036688 -0.120915 -0.006818 -0.233099 -0.269250 -0.440947 -0.361330 -0.461786 -0.267310 -0.402796 -0.114817 -0.099288 0.011666 -0.070627 -0.140941 -0.153416 0.184837 -0.023412 -0.250836 -0.323184 -0.034750 -0.327539 -0.268141 0.001053 -0.043353 -0.199135
0.142959 0.084556 0.240261 0.446563 0.679758 0.365071 -0.060211 0.316410 0.469136 0.340157 -0.178676 -0.125135 -0.083826 0.135682 0.576583 0.530837 -0.147072 -0.439934 0.118964 0.108480 -0.323656 -0.285006 0.148765 0.139643 0.142119 0.061355 1.000000 0.579191 -0.334425 -0.347062 -0.221360 -0.340889 -0.283102 -0.261428 0.034101 -0.118922 0.210869 -0.102762 0.150868 -0.122334 -0.160121 -0.160795 0.319829 0.017752 -0.193999 -0.102231 0.124719 -0.164949 0.001999 -0.192578 0.299977 0.119763 0.404054 0.191129 0.143858 0.067560 0.011921 -0.104851 0.267189 0.289786 -0.100815 0.046798 -0.165996 -0.379773 -0.211588 -0.034957 0.034092 -0.232807 -0.001143 0.202426 -0.316552 -0.306038 -0.355481 -0.301747 -0.382549 -0.171601 -0.220263 -0.153510 -0.060122 -0.391559 -0.043456 -0.416651 -0.167075 -0.129915 -0.102873 -0.429331 -0.462377 -0.457539 0.157891 -0.185078 0.053395 -0.032567 0.016488 0.209199 0.163341 -0.064586 0.134100 0.002938 -0.008423 -0.066219 -0.107999 0.059135 0.118271 -0.039541 0.095599 -0.148984 -0.147307 -0.036357 -0.189300 -0.124893 -0.402661 -0.085146 -0.097364 -0.116715 0.179045 0.086407
0.020288 -0.058901 0.171792 0.335113 0.482697 0.609818 0.020126 0.037061 0.219022 0.181947 -0.250719 -0.106368 -0.169602 -0.137283 0.502343 0.318436 -0.268215 -0.333928 0.046848 0.070956 -0.231354 -0.104147 0.149868 0.270910 0.086856 0.104814 0.579191 1.000000 -0.255430 -0.341550 -0.228098 -0.220408 -0.265649 -0.349402 -0.047669 -0.130214 0.225971 -0.130004 0.088696 0.164130 0.134580 0.105742 -0.100353 -0.170833 -0.202708 -0.242229 -0.123046 -0.057187 0.031193 -0.237964 0.154015 -0.029530 0.140935 0.003534 -0.039094 0.097084 -0.086827 -0.091323 0.339687 0.274546 0.000978 -0.064993 -0.062899 -0.407565 0.153561 0.102907 0.092072 0.100875 0.003003 0.196198 -0.316138 -0.316206 -0.252115 -0.351632 -0.223704 -0.300353 -0.227213 -0.357834 -0.237132 -0.381586 -0.217405 -0.364767 0.146523 0.357287 0.124311 -0.060996 -0.176235 -0.147548 0.030159 -0.010061 -0.037468 0.028877 0.167446 0.273610 -0.094560 0.133101 -0.043642 0.022491 -0.181893 -0.119015 -0.006193 0.265256 0.187890 0.296032 0.164532 0.090806 0.100177 0.240944 0.037430 -0.159529 -0.028974 -0.118286 -0.210252 -0.094102 0.097439 0.098272
0.004272 -0.327933 -0.126346 -0.316225 -0.089668 -0.160540 0.013265 -0.230941 0.098024 -0.107088 0.331079 0.140439 0.312324 0.096818 0.040925 -0.165368 0.397653 0.184979 0.034468 -0.191968 0.270451 0.293333 -0.125529 -0.213849 0.120801 0.081015 -0.334425 -0.255430 1.000000 0.305140 0.291257 0.312228 0.387937 0.259094 -0.155570 -0.273399 0.116504 -0.017753 0.078708 -0.067142 0.199055 0.081662 -0.165780 -0.189371 0.134186 0.017092 -0.097221 -0.389253 0.147320 0.146485 -0.041142 -0.025077 -0.209946 -0.260446 -0.054974 -0.272116 0.074690 -0.151540 -0.169749 -0.037656 0.089216 -0.155383 0.361546 0.333282 -0.026472 -0.039848 0.157622 0.029726 -0.096605 -0.258954 0.518326 0.151871 0.868504 0.193861 0.675026 0.096993 0.495846 0.156476 0.561184 0.190978 0.227147 0.215140 0.133248 0.007666 -0.090232 0.022800 0.117825 -0.005440 -0.192571 -0.272137 -0.178696 -0.330562 -0.098330 -0.365663 -0.129043 -0.197700 -0.184908 -0.253187 -0.110286 -0.151333 -0.115153 -0.137309 0.049367 -0.191380 0.013271 -0.126309 0.105629 -0.041572 -0.031190 -0.171311 -0.105241 -0.238834 -0.192647 0.020960 -0.038028 -0.092567
-0.286568 0.023574 -0.198116 -0.328153 0.063952 -0.462840 -0.039137 -0.166415 0.261327 0.107986 0.081162 0.483872 0.273957 0.432143 0.087411 0.236940 0.121950 0.457601 -0.163736 -0.212055 0.069462 -0.041297 0.025847 -0.122303 0.021236 0.023461 -0.347062 -0.341550 0.305140 1.000000 0.128236 0.367506 0.191484 0.379070 -0.085625 0.206099 -0.190360 0.037101 -0.347882 -0.087934 0.035795 0.166594 -0.182154 -0.045125 0.004032 0.216965 -0.323969 -0.215024 -0.201536 0.139802 -0.240140 -0.150794 -0.398248 -0.221015 -0.376735 -0.336381 -0.169991 0.202233 -0.399438 -0.142853 -0.123580 0.211140 0.074310 0.355431 -0.057780 0.009534 -0.164637 0.057104 0.021022 -0.228832 0.275403 0.342324 0.513391 0.734953 0.332536 0.353491 0.402772 0.560024 0.089442 0.558445 0.054334 0.529209 -0.264917 -0.035208 -0.202855 0.085857 -0.148031 -0.045814 -0.383790 -0.070640 -0.252380 -0.109988 -0.271834 -0.289351 -0.299916 -0.001354 -0.222464 0.019070 -0.269614 -0.022926 -0.146103 -0.225060 -0.325706 -0.223774 -0.344724 0.052523 0.190987 -0.007384 0.099760 -0.040523 0.031681 0.015161 0.132042 -0.184856 -0.323573 -0.179564
-0.038270 -0.017948 -0.053699 -0.039243 -0.213072 0.079881 -0.089663 -0.157724 -0.082150 0.010153 0.309295 0.016950 0.191638 -0.055333 -0.155410 -0.229856 0.200596 -0.013710 0.099781 0.152844 0.169281 0.345352 -0.153287 -0.233796 0.150501 0.226733 -0.221360 -0.228098 0.291257 0.128236 1.000000 0.544086 0.134577 0.221529 -0.004932 0.038053 -0.114981 0.084776 -0.080293 0.045361 0.142590 0.005730 0.078439 0.206971 0.064631 0.087104 -0.128483 0.044954 -0.100143 -0.085975 0.094750 -0.096567 -0.218772 -0.084738 -0.225404 -0.126186 0.161856 -0.050396 -0.195617 -0.227865 0.165982 -0.007852 0.321552 0.238612 0.119704 0.013296 -0.023332 -0.010613 -0.236130 -0.222433 0.471359 0.427164 0.243271 0.077416 0.278136 0.163463 0.289709 0.053859 0.323181 0.267531 0.227556 0.314939 0.148590 0.032896 0.012499 0.102379 0.151503 0.130596 -0.276569 -0.077447 -0.269395 -0.251240 -0.300551 -0.453602 -0.152612 -0.052679 -0.125441 -0.006915 -0.172280 -0.056246 -0.179474 -0.404375 -0.198157 -0.261141 -0.197408 -0.078441 0.115327 -0.067948 -0.159808 -0.140950 -0.174870 -0.230900 -0.201771 -0.090435 -0.044961 -0.102846
-0.380769 -0.275021 -0.117323 0.021688 0.021644 -0.300743 -0.029584 -0.031086 0.187681 0.074755 0.095305 0.411384 -0.025104 0.239912 0.017141 0.107034 0.075000 0.264420 -0.026195 0.089559 -0.036660 0.250624 0.236788 0.231540 0.133255 0.518587 -0.340889 -0.220408 0.312228 0.367506 0.544086 1.000000 0.375285 0.588948 -0.122362 0.163986 -0.183803 0.074035 -0.241031 -0.268629 -0.116649 -0.011403 -0.336401 -0.227690 -0.055905 0.042201 -0.339160 -0.042921 -0.115992 0.104309 -0.278038 -0.239161 -0.400566 -0.352585 -0.287462 -0.534191 -0.192912 -0.113763 -0.455868 -0.275816 0.110614 0.004112 0.248931 0.205510 0.240584 0.077729 -0.116237 0.263172 -0.092131 -0.147298 0.189631 0.662014 0.381226 0.356922 0.207079 0.238892 0.113460 0.350951 0.018321 0.267603 -0.260027 0.218045 -0.160345 -0.086070 -0.067122 -0.070820 -0.121304 0.025180 -0.226963 -0.363465 -0.071427 -0.175002 -0.048629 -0.382531 -0.368495 -0.364197 -0.353354 -0.339957 -0.263363 -0.319867 -0.132559 -0.175098 -0.159143 -0.186518 -0.217978 -0.252059 0.034818 -0.084176 -0.361863 -0.279473 -0.013381 -0.199157 -0.236146 -0.039948 0.035831 -0.308900
0.196845 -0.101297 -0.165807 -0.286713 -0.021338 -0.387832 -0.018141 -0.259180 0.128422 -0.068252 0.272003 0.229690 0.096707 0.106022 0.065228 0.013982 0.239418 0.112611 0.147252 0.009216 0.024152 0.110963 0.001650 -0.150196 0.025375 0.087813 -0.283102 -0.265649 0.387937 0.191484 0.134577 0.375285 1.000000 0.684971 -0.003405 -0.170532 -0.208926 0.128372 -0.260811 -0.224233 -0.184246 -0.048372 -0.267669 -0.115713 -0.089106 -0.006650 -0.247354 -0.171020 -0.005252 0.149612 -0.242711 -0.111146 -0.455946 -0.286487 -0.298495 -0.307776 0.176760 0.033721 -0.219887 -0.196238 0.355014 0.122034 0.292001 0.513780 0.255192 0.151842 0.192372 0.054562 0.196171 -0.081186 0.133334 0.123460 0.440627 0.298685 0.337896 0.244805 0.284682 0.357140 0.248741 0.284081 -0.049707 0.188451 -0.142095 -0.150218 -0.176671 0.087941 -0.110539 -0.010423 -0.339541 -0.387278 -0.300815 -0.112339 -0.135125 -0.236001 -0.122549 -0.239362 -0.304849 -0.147432 -0.260872 -0.100993 -0.076752 -0.180280 -0.040834 -0.137165 -0.206925 -0.322907 0.039677 0.154186 -0.109401 0.070514 -0.185304 -0.096004 -0.206475 -0.051477 -0.013020 -0.330910
-0.074079 -0.023794 -0.152117 -0.141609 -0.001264 -0.400514 -0.093536 -0.063312 0.145319 0.072723 0.013621 0.351104 -0.061189 0.292914 -0.010848 0.098931 -0.021800 0.238217 -0.045179 0.102367 -0.057205 -0.012436 -0.014553 -0.129592 0.035359 0.143776 -0.261428 -0.349402 0.259094 0.379070 0.221529 0.588948 0.684971 1.000000 -0.110544 0.165136 -0.192193 0.105181 -0.253544 -0.226544 -0.227369 0.039287 -0.262609 -0.198260 -0.069306 0.108328 -0.228671 -0.136918 -0.148783 0.150582 -0.417661 -0.316922 -0.269990 -0.198298 -0.281533 -0.476488 -0.020425 0.117012 -0.281521 -0.148150 0.170837 0.327171 -0.010242 0.477756 0.033016 0.121989 0.062266 0.247746 0.098910 -0.020595 0.137459 0.371074 0.372378 0.408367 0.231882 0.335586 0.266055 0.478346 0.052341 0.296429 -0.200720 0.242236 -0.143126 -0.102167 -0.210061 -0.134586 -0.177838 -0.075628 -0.239471 -0.393057 -0.089588 -0.175656 -0.090590 -0.345763 -0.164589 -0.265678 -0.250748 -0.232994 -0.078885 -0.165551 -0.051873 -0.204671 -0.068799 -0.219048 -0.221772 -0.410646 0.075757 0.049068 -0.236776 -0.104427 -0.127653 0.005991 -0.028729 -0.001994 -0.012740 -0.374090
-0.056635 0.148282 -0.357514 -0.237419 -0.101280 0.179401 -0.303968 -0.149414 -0.116502 0.029607 0.006656 -0.186552 0.112482 -0.178317 -0.089473 -0.053698 -0.012983 -0.120575 -0.215755 -0.095288 0.033742 -0.005989 -0.200753 -0.140268 -0.002519 -0.043777 0.034101 -0.047669 -0.155570 -0.085625 -0.004932 -0.122362 -0.003405 -0.110544 1.000000 0.509510 -0.072307 0.231327 -0.199536 0.004239 -0.273125 -0.156733 0.171972 0.180344 0.412099 0.453682 0.063744 0.230462 0.061318 0.198282 0.203378 0.094795 -0.266512 0.001782 -0.088988 0.096806 -0.078397 0.087314 -0.231539 -0.220150 0.005423 0.170709 0.083534 0.048851 0.182991 0.083024 0.079394 0.146644 0.062943 -0.031471 -0.100518 0.047300 -0.296508 -0.189142 -0.321091 -0.020029 0.020494 0.042472 0.033876 0.007840 0.120593 -0.112582 -0.023751 -0.124496 -0.003186 0.161063 0.114934 0.158634 -0.158485 0.009620 0.018665 0.023774 -0.095590 0.004741 -0.086705 0.057068 -0.176555 -0.042554 -0.063553 0.003023 -0.030804 0.022080 0.066167 0.091344 0.050923 0.178427 -0.009369 0.042668 -0.001180 0.091554 -0.024736 0.095897 0.165742 0.158770 -0.089096 0.124192
-0.260049 0.157832 -0.370751 -0.222395 -0.107667 0.048160 -0.351694 -0.196053 -0.102341 0.094518 -0.249151 0.055100 -0.145502 -0.009141 -0.167135 -0.016197 -0.233384 0.023802 -0.302751 0.136497 0.018137 -0.044949 -0.240125 -0.098684 0.079944 0.071021 -0.118922 -0.130214 -0.273399 0.206099 0.038053 0.163986 -0.170532 0.165136 0.509510 1.000000 -0.006926 0.345152 -0.276113 -0.147684 -0.204874 0.086521 0.025022 0.125445 0.234643 0.467568 0.015807 0.406605 -0.159785 0.185656 0.006180 -0.018718 -0.115206 0.054879 -0.164351 -0.151529 -0.241323 0.162933 -0.251825 -0.208682 -0.260570 0.141351 -0.160755 -0.002509 -0.088186 0.008563 0.002903 0.498989 0.076075 0.143830 -0.151026 0.287484 -0.244225 0.126746 -0.307500 0.146175 -0.074425 0.251237 -0.250703 0.188293 -0.068300 0.168144 0.019631 -0.039503 0.032417 0.120759 0.130207 0.074333 -0.118157 -0.086816 0.146371 0.136790 -0.009647 -0.016954 -0.224810 -0.167829 -0.226052 -0.197196 0.041055 -0.101205 0.040316 0.052656 -0.026514 0.172000 -0.060698 0.140428 0.109773 0.173166 -0.235510 -0.122427 0.188826 0.211433 0.211990 0.208251 -0.048935 0.010612
