1.000000 0.366078 0.266419 0.283558 -0.063111 0.171672 0.167749 0.106859 0.126107 0.047581 0.122660 -0.000550 -0.351386 -0.130731 0.113479 0.044708 -0.188009 -0.023602 0.528748 0.251128 0.017550 0.217345 -0.304095 0.136192 0.021680 0.177595 0.162123 0.216645 -0.091535 -0.332649 -0.175834 0.020307 0.339197 0.216181 -0.381935 -0.240976 -0.311739 -0.208620 0.032717 -0.181211 -0.017576 -0.033128 -0.286172 -0.471137 -0.200520 -0.063219 -0.447940 -0.390701 0.352037 0.164016 -0.088123 0.251112 -0.023039 -0.050851 -0.164280 -0.165742 0.572324 0.311891 0.228879 -0.029498 0.539885 0.250493 0.165928 0.348590 0.034180 0.342875 -0.230128 -0.352713 0.205733 -0.126500 -0.112514 -0.091544 -0.248068 -0.160083 -0.031754 -0.154261 -0.098813 -0.177775 -0.406108 -0.172296 -0.373951 -0.300162 0.226952 0.084536 -0.378173 -0.389130 0.220520 0.214059 0.075623 -0.016219 0.107550 0.336486 0.073690 0.194051 -0.091297 0.027410 -0.319298 -0.250219 -0.160979 -0.179063 0.074364 0.236258 -0.113060 0.070189 -0.047771 0.009141 0.044658 -0.128649 -0.042444 0.068120 -0.243455 -0.286130 -0.097069 -0.137023 -0.029138 0.030322
0.366078 1.000000 0.572596 0.374609 0.343212 0.347834 0.365941 0.467186 0.247779 0.152789 -0.218877 0.317243 0.068397 0.220213 0.151160 0.315790 0.127437 0.234069 0.418614 0.575335 0.218419 0.027142 -0.158387 -0.137712 0.108980 0.084807 0.500273 0.338139 -0.292390 -0.136018 -0.190553 -0.040043 0.228097 0.429585 -0.230090 -0.047741 -0.569415 -0.249007 -0.092040 -0.167691 -0.227227 0.141003 -0.282203 -0.397008 0.235792 0.216283 -0.535437 -0.464586 0.057080 0.243268 -0.036378 0.445727 0.111913 -0.081372 -0.463904 -0.521108 0.119727 0.441768 -0.057389 -0.073719 0.208877 0.220936 0.078629 0.418746 0.315644 0.359785 -0.146128 0.076846 -0.131507 0.008787 -0.265694 -0.274060 -0.405365 -0.282365 -0.160798 -0.256909 -0.289303 -0.194011 -0.233531 -0.242565 -0.331751 -0.057243 0.103736 -0.001528 -0.436952 -0.372550 -0.070040 0.090074 -0.240322 -0.340902 -0.023376 -0.054805 0.309077 0.139153 -0.289947 -0.203860 -0.507660 -0.459278 -0.430891 -0.431707 0.203798 0.269626 0.056797 0.064328 -0.178394 -0.082023 0.029626 -0.260350 0.188683 0.139598 -0.184239 -0.581748 -0.368384 -0.369115 -0.094787 0.219766
0.266419 0.572596 1.000000 0.327282 0.527830 0.162903 0.698644 0.416120 0.318092 0.000081 -0.187891 0.141993 0.345207 0.315467 0.124963 0.234091 0.117363 0.006196 0.550146 0.528763 -0.032338 -0.184325 0.252372 -0.017580 0.473232 0.225745 0.400275 0.164216 0.026049 0.062128 0.166629 0.122200 0.196634 0.210884 -0.099173 0.150625 -0.353138 -0.163569 -0.244305 -0.173475 -0.290316 0.190401 -0.160957 -0.378525 0.384581 0.185412 -0.343994 -0.339200 0.308968 0.222723 -0.024494 0.290074 0.034137 -0.269531 -0.287162 -0.433818 0.050080 -0.113223 -0.279219 -0.490555 -0.011693 -0.204849 -0.084109 0.134299 0.264720 -0.017861 -0.024485 -0.018725 -0.185973 -0.204807 -0.060757 -0.026715 -0.157387 0.044062 -0.087853 -0.078143 -0.277089 -0.030958 -0.103121 0.024027 -0.250114 0.015574 0.107272 -0.023111 -0.497941 -0.253892 -0.200383 0.006235 -0.432977 -0.388435 -0.144760 -0.171884 0.195492 0.314552 -0.230903 -0.333863 -0.195408 -0.226635 -0.270062 -0.182138 0.270743 0.412303 0.094409 0.060699 -0.321014 -0.243640 -0.061119 -0.010172 -0.009371 0.082678 -0.038682 -0.375681 -0.145342 -0.047886 -0.016036 -0.050209
0.283558 0.374609 0.327282 1.000000 0.309866 0.494373 0.426808 0.787592 0.249284 0.553170 0.110377 0.571872 -0.005507 0.365781 -0.274095 0.483269 -0.105121 0.251950 0.442957 0.410647 -0.195046 0.036322 0.457364 0.397097 0.240467 -0.049743 -0.241099 0.226107 -0.061271 -0.202891 -0.057963 0.427435 -0.060650 -0.042095 -0.253554 0.128846 -0.499934 -0.317581 -0.589734 -0.277499 -0.287837 -0.200487 -0.021812 -0.207986 0.425951 0.426758 -0.280161 -0.431209 0.066958 0.100267 0.026544 0.172265 -0.295730 -0.044481 -0.414382 -0.467806 0.025619 -0.100360 -0.311799 -0.457901 0.036797 -0.144968 -0.145089 -0.049066 0.388798 0.172062 -0.169007 -0.125934 -0.193869 -0.269045 -0.157774 0.077236 -0.191961 -0.298681 -0.037932 -0.084752 -0.365649 -0.132178 -0.220222 -0.036701 -0.254449 -0.190414 0.140832 0.452892 -0.236985 -0.064069 -0.054104 0.345205 -0.028685 -0.162769 -0.284195 -0.016828 0.121828 -0.102599 -0.362172 -0.254790 -0.231851 -0.382386 -0.236656 -0.363159 0.100924 0.009019 -0.007320 -0.270442 -0.569650 -0.546751 -0.058973 0.252038 -0.067089 0.120147 -0.235196 -0.424265 -0.419441 0.079131 -0.146836 -0.159951
-0.063111 0.343212 0.527830 0.309866 1.000000 0.504385 0.335202 0.415882 0.183568 0.051260 -0.416552 0.219390 0.389303 0.256133 -0.156639 0.080053 -0.025249 -0.154593 0.309802 0.588526 0.089442 -0.294240 0.428496 -0.287352 0.392863 -0.273348 0.423189 0.399799 -0.149202 0.204631 0.130377 0.015674 0.026358 0.013731 -0.083221 0.240335 -0.267988 -0.036443 -0.160874 -0.070772 -0.184421 0.238836 0.010893 -0.094699 0.317084 0.204947 -0.213048 -0.103797 0.179537 0.261875 0.001868 0.200704 -0.012077 -0.196639 -0.293081 -0.319120 -0.012357 -0.186001 -0.078426 -0.302570 0.030550 -0.230956 -0.005615 -0.106840 0.167213 0.068616 0.046270 0.130802 -0.025233 0.029456 0.014464 -0.217668 -0.049452 -0.031979 0.125734 -0.050898 -0.308788 -0.110839 -0.032734 -0.033852 -0.102653 -0.114905 0.024229 -0.029518 -0.352461 -0.227853 -0.318953 0.039834 -0.358428 -0.341099 -0.061886 -0.082192 0.129121 0.093306 -0.191047 -0.303778 -0.147952 -0.084654 -0.167610 -0.015099 0.044753 0.160825 -0.027486 -0.017942 -0.284496 -0.233194 -0.034520 0.059761 0.060450 0.004758 0.045081 -0.188604 -0.170797 -0.116726 0.085179 0.009006
0.171672 0.347834 0.162903 0.494373 0.504385 1.000000 0.177924 0.352044 0.173885 0.320126 0.006281 0.301016 -0.049256 0.087637 -0.021727 0.266314 -0.348212 -0.168184 0.391117 0.379598 0.132179 0.149409 0.088804 0.096205 0.145869 -0.045481 0.272008 0.513524 -0.272780 -0.237400 -0.251437 0.010900 0.059365 0.056284 -0.105741 0.219249 -0.311332 -0.244919 0.042393 -0.175568 0.155678 -0.143865 0.076809 0.101596 0.276472 0.398989 -0.209073 -0.196742 0.028983 0.222362 0.205374 0.314302 -0.184229 -0.104516 -0.235321 -0.174380 0.044298 -0.010262 -0.029108 -0.099902 0.027718 -0.091529 -0.185284 -0.276522 0.172040 0.176347 -0.045802 0.141164 -0.030365 0.032534 -0.131501 -0.121333 -0.327603 -0.301714 -0.030041 -0.178896 -0.411021 -0.158511 -0.303965 -0.290264 -0.365230 -0.436243 0.222032 0.263084 -0.221061 -0.190447 0.156221 0.099003 0.046494 -0.018887 -0.075445 -0.044987 0.131010 -0.057415 -0.272397 -0.098733 -0.292577 -0.215422 -0.175689 -0.256186 -0.038313 0.036489 -0.300957 -0.166325 -0.123613 -0.076435 -0.000395 -0.109488 -0.062585 -0.144749 -0.152976 -0.246890 -0.459924 -0.250776 -0.159554 -0.008377
0.167749 0.365941 0.698644 0.426808 0.335202 0.177924 1.000000 0.538972 0.411128 0.401254 0.031144 0.363672 0.321373 0.415223 0.180078 0.438897 0.127579 0.225329 0.239791 0.195271 -0.100002 -0.058374 0.327498 0.182484 0.353039 0.101326 0.018297 0.053722 0.182314 0.206020 0.175870 0.303424 -0.112836 0.052812 0.024753 0.361877 -0.359743 -0.169823 -0.483416 -0.317754 -0.389629 0.072401 -0.049152 -0.217191 0.489405 0.305792 -0.254581 -0.325239 0.020381 0.109226 -0.167850 0.242782 -0.168003 -0.234548 -0.329223 -0.390233 -0.184087 -0.308073 -0.432673 -0.516586 -0.170568 -0.356851 -0.183125 -0.085695 0.341413 0.041759 -0.114851 0.091205 -0.414983 -0.220068 -0.040653 0.094299 0.016729 0.066712 -0.232296 0.004409 -0.235943 0.203152 0.016464 0.243030 -0.113176 0.248496 0.176941 0.105545 -0.492108 -0.016846 -0.229382 0.054533 -0.438198 -0.401118 -0.384820 -0.296222 0.238503 0.189543 -0.282304 -0.509696 -0.185887 -0.283364 -0.369400 -0.236689 0.292524 0.328587 0.148921 0.024680 -0.486327 -0.380147 -0.019311 0.223271 -0.213839 -0.060997 -0.099114 -0.387548 -0.246805 -0.056288 0.030694 -0.288476
0.106859 0.467186 0.416120 0.787592 0.415882 0.352044 0.538972 1.000000 0.160085 0.653253 0.006896 0.573573 0.063373 0.324085 -0.296871 0.444204 -0.026418 0.206193 0.258184 0.310911 -0.204702 -0.178236 0.527327 0.200952 0.234749 -0.120510 -0.152961 0.167546 -0.238437 -0.173741 0.074952 0.409534 -0.094765 -0.048581 -0.101324 0.208841 -0.567796 -0.220966 -0.652571 -0.253048 -0.534007 -0.095071 -0.003083 -0.102476 0.424713 0.441503 -0.248662 -0.322422 -0.069431 0.062364 0.018615 0.238099 -0.275663 -0.114856 -0.452888 -0.490507 0.014507 -0.106429 -0.297386 -0.458638 0.019485 -0.244745 -0.114984 -0.005932 0.379484 0.169828 -0.134981 0.027379 -0.256359 -0.189936 -0.192375 -0.094441 -0.326202 -0.189470 -0.207771 -0.063807 -0.350893 0.014699 -0.052305 0.031339 -0.194652 -0.047633 0.040322 0.200839 -0.315069 0.063797 -0.232147 0.304504 -0.198654 -0.220133 -0.391402 -0.154549 0.187082 -0.077454 -0.342641 -0.417987 -0.196642 -0.336303 -0.299738 -0.304273 0.097403 -0.004347 0.074203 -0.209768 -0.567112 -0.541150 0.039779 0.327987 -0.061731 0.079913 -0.134250 -0.358285 -0.335347 0.032483 0.052811 -0.163283
0.126107 0.247779 0.318092 0.249284 0.183568 0.173885 0.411128 0.160085 1.000000 0.221596 0.088470 0.317489 0.010026 0.537241 0.621130 0.550544 0.166006 0.402735 0.063630 0.042298 -0.052176 0.368943 0.051780 0.347387 0.546677 0.470763 0.121502 0.215439 0.223118 0.089896 0.059036 0.307817 -0.434964 -0.170854 -0.230129 0.214225 -0.284037 -0.366986 -0.260287 -0.338950 0.064318 -0.164690 0.067628 -0.062733 0.389626 0.290423 -0.121743 -0.082394 0.056580 0.144647 -0.102061 0.143956 0.013377 0.167295 -0.247071 -0.274967 -0.086243 0.018477 -0.182374 -0.258651 -0.168633 -0.146271 -0.254798 0.134807 0.095537 -0.067247 -0.173528 -0.066191 -0.409378 -0.229311 0.164119 0.170390 0.016168 -0.011127 -0.004422 -0.151144 -0.204506 0.019041 -0.053805 0.176746 -0.185072 0.354708 0.267478 0.292484 -0.221885 0.003449 -0.104964 -0.034573 -0.154587 -0.065215 0.095394 -0.185372 0.428020 0.121760 -0.355608 -0.280000 -0.356829 -0.287934 -0.383378 -0.372967 0.216446 0.161638 -0.177806 -0.140742 -0.206426 -0.052273 -0.285907 -0.202906 0.017106 0.010935 0.068549 -0.351447 -0.381951 -0.290304 -0.274669 -0.078514
0.047581 0.152789 0.000081 0.553170 0.051260 0.320126 0.401254 0.653253 0.221596 1.000000 0.296424 0.537432 -0.061136 0.279928 -0.111872 0.571010 -0.070706 0.237906 -0.077609 -0.129399 -0.411031 0.127570 0.376952 0.403595 -0.002055 -0.123986 -0.498221 0.137294 -0.036155 -0.026973 0.038818 0.387299 -0.348831 -0.301899 -0.076454 0.126316 -0.210149 -0.152767 -0.624220 -0.132837 -0.430159 -0.424022 -0.025975 0.076048 0.311005 0.407186 -0.087076 -0.198815 -0.338117 -0.195044 -0.142882 0.019018 -0.443127 -0.133432 -0.270264 -0.175453 0.016035 -0.133361 -0.281283 -0.354019 -0.116890 -0.229139 -0.213925 -0.131131 0.166819 0.045342 -0.152808 0.041398 -0.235005 -0.104836 -0.168007 0.130371 -0.028140 -0.052131 -0.267862 0.017170 -0.280483 0.113806 -0.050899 0.152529 -0.076537 0.086452 0.237024 0.375018 -0.005991 0.290832 0.012677 0.452723 0.165426 0.164672 -0.396364 -0.108669 0.065107 -0.237898 -0.143464 -0.293011 -0.043773 -0.151593 -0.256988 -0.288304 0.001559 -0.193356 0.034573 -0.202164 -0.525991 -0.482928 0.104518 0.439689 -0.328022 -0.163890 -0.021395 -0.207898 -0.228679 0.083441 0.039750 -0.405022
0.122660 -0.218877 -0.187891 0.110377 -0.416552 0.006281 0.031144 0.006896 0.088470 0.296424 1.000000 0.311725 -0.033975 0.135741 0.248908 0.188690 -0.016963 0.233156 -0.084410 -0.439465 -0.341350 0.278290 0.063436 0.571752 -0.039915 0.190279 -0.382531 0.017385 0.485530 -0.122304 0.179935 0.294284 -0.406619 -0.407031 -0.121074 -0.038081 0.164541 -0.038091 -0.083747 -0.140537 0.024273 -0.470345 -0.021839 0.039938 -0.075042 -0.114507 0.135444 0.024464 -0.288967 -0.420050 -0.046025 -0.278536 -0.411042 -0.137736 0.256065 0.267583 -0.008657 -0.131880 -0.175066 -0.143979 -0.296287 -0.212169 -0.416548 -0.234631 -0.017865 -0.240531 -0.183279 -0.294374 -0.246726 -0.226923 0.052373 0.385649 0.083783 0.116474 -0.255252 0.048676 -0.033283 0.179835 -0.104361 0.223356 -0.087579 0.001386 0.331029 0.229447 0.258444 0.126162 0.264565 0.165756 0.489235 0.349898 -0.096908 -0.047576 -0.100326 -0.073689 0.225347 -0.047227 0.197762 0.159730 -0.101701 -0.160045 -0.020493 -0.237976 -0.128958 -0.087706 0.103076 0.083338 0.124861 0.247629 -0.208398 -0.307621 -0.024809 0.064636 -0.063452 0.204177 0.070123 -0.378568
-0.000550 0.317243 0.141993 0.571872 0.219390 0.301016 0.363672 0.573573 0.317489 0.537432 0.311725 1.000000 0.142678 0.640194 0.108140 0.630170 0.121604 0.616691 -0.030613 0.013930 -0.015585 0.266200 0.242211 0.240567 0.186750 -0.126347 -0.241926 0.356314 0.152821 -0.158577 -0.132125 0.324912 -0.288431 -0.146890 -0.088484 0.261749 -0.458951 -0.499063 -0.543725 -0.282950 -0.137756 -0.334574 0.102381 -0.059217 0.540474 0.437717 -0.227523 -0.384641 -0.111275 0.075904 0.173666 0.261839 -0.204861 0.016959 -0.592538 -0.569611 -0.277479 0.043753 -0.263587 -0.243333 -0.115851 -0.119493 -0.254293 -0.095785 0.457379 0.200206 -0.000827 0.105975 -0.466188 -0.193183 -0.084943 0.105635 -0.015334 -0.372944 0.004323 -0.316145 -0.432003 -0.204974 -0.119448 0.026065 -0.028753 0.094219 0.269417 0.495625 -0.015414 0.038169 -0.024565 0.353572 0.042915 -0.225454 -0.205320 -0.232950 0.305858 0.022933 -0.428099 -0.336098 -0.411354 -0.344823 -0.542306 -0.585409 -0.005561 -0.072460 -0.191120 -0.222760 -0.249520 -0.181545 0.054089 0.185335 -0.103044 -0.128781 0.040530 -0.463454 -0.489564 -0.266752 -0.016002 -0.131134
-0.351386 0.068397 0.345207 -0.005507 0.389303 -0.049256 0.321373 0.063373 0.010026 -0.061136 -0.033975 0.142678 1.000000 0.388983 -0.059278 0.092336 0.187874 0.068924 0.022470 0.262091 0.060658 -0.322581 0.408857 -0.206735 0.168719 -0.361657 0.068697 0.094694 0.380673 0.362233 0.208410 0.048290 -0.107176 -0.078887 -0.029468 0.037813 0.103924 0.189527 -0.214479 -0.019783 -0.193081 0.222126 -0.093006 -0.199787 0.098908 -0.168984 0.026439 0.050186 -0.214353 -0.162924 -0.234570 -0.137945 -0.009364 -0.276822 -0.019871 -0.101966 -0.181900 -0.326563 -0.180108 -0.168507 -0.272611 -0.254594 -0.133869 -0.288087 0.129529 -0.063015 0.074348 0.024544 -0.080362 -0.053090 0.182298 0.100256 0.303545 0.203441 0.033791 0.216187 0.005221 0.124835 0.121171 0.064611 0.133477 0.120509 0.042792 -0.028391 -0.186197 -0.097347 -0.171050 -0.026162 -0.186002 -0.267490 -0.122334 -0.005875 0.022643 0.156646 0.172583 -0.290102 0.173227 0.154848 -0.122046 0.083302 0.137137 0.004052 0.194093 0.030103 -0.209060 -0.164431 -0.044738 0.172073 0.075438 -0.056369 0.162934 -0.049235 0.088439 0.082692 0.159514 -0.072069
-0.130731 0.220213 0.315467 0.365781 0.256133 0.087637 0.415223 0.324085 0.537241 0.279928 0.135741 0.640194 0.388983 1.000000 0.281558 0.602287 0.138458 0.506097 0.081531 0.108155 -0.033911 0.267447 0.255068 0.249295 0.303406 0.090592 -0.096234 0.249449 0.494256 0.290052 0.216752 0.507350 -0.345218 -0.151089 -0.169212 0.226312 -0.144264 -0.281045 -0.539300 -0.229077 -0.050107 -0.290116 -0.020953 -0.289890 0.559047 0.291892 -0.066581 -0.191712 -0.036030 0.141828 -0.188514 0.032519 -0.253584 -0.077034 -0.400439 -0.378636 -0.187295 -0.206236 -0.292784 -0.326552 -0.280860 -0.264085 -0.449413 -0.245964 0.236964 0.024102 0.008310 0.116857 -0.328135 -0.172018 0.241531 0.495118 0.334201 -0.002899 0.037803 -0.095969 -0.284105 -0.196519 -0.180508 0.100419 -0.027977 0.282178 0.339799 0.465662 -0.263561 -0.155151 -0.137004 0.128746 -0.203504 -0.308988 -0.182505 -0.175176 0.211502 0.032345 -0.210260 -0.299491 -0.145193 -0.050352 -0.408896 -0.274323 0.111791 -0.043284 -0.117660 -0.112979 -0.268507 -0.198716 -0.099382 0.195028 -0.068646 -0.121148 0.207185 -0.208688 -0.219155 -0.036893 -0.063604 -0.176953
0.113479 0.151160 0.124963 -0.274095 -0.156639 -0.021727 0.180078 -0.296871 0.621130 -0.111872 0.248908 0.108140 -0.059278 0.281558 1.000000 0.337812 0.216150 0.348572 -0.043502 -0.177701 0.056630 0.486319 -0.421707 0.116697 0.220002 0.513298 0.325231 0.244339 0.366161 0.145294 0.046637 0.006968 -0.251734 -0.014874 -0.075646 0.173429 0.027494 -0.226489 0.244769 -0.242434 0.330806 -0.105117 0.062721 -0.003540 0.121791 0.043290 -0.009395 0.018974 0.007842 -0.036605 -0.014643 0.054274 0.101753 0.113314 0.065982 0.031328 -0.172501 0.143557 -0.068665 0.029938 -0.220086 -0.019620 -0.314895 0.097969 -0.112233 -0.116196 -0.016879 -0.002204 -0.329801 -0.073897 0.124681 0.157672 0.105517 0.139072 -0.079321 -0.116134 -0.094981 0.064248 -0.070024 0.050888 -0.104238 0.255112 0.433755 0.118148 -0.073521 -0.136109 0.100386 -0.128216 0.034156 -0.029916 0.212260 -0.305554 0.302200 0.087740 -0.117477 -0.120129 -0.238950 -0.138978 -0.268509 -0.282967 0.172056 0.123742 -0.254942 0.001988 0.333611 0.482378 -0.143703 -0.396980 -0.002333 -0.105622 0.159503 -0.141044 -0.226607 -0.285863 -0.189843 0.046166
0.044708 0.315790 0.234091 0.483269 0.080053 0.266314 0.438897 0.444204 0.550544 0.571010 0.188690 0.630170 0.092336 0.602287 0.337812 1.000000 0.068427 0.543938 0.018410 -0.035395 -0.081509 0.363940 0.058847 0.275727 0.280475 0.156602 -0.170688 0.236982 0.196254 -0.015200 -0.101348 0.323008 -0.248673 -0.133054 -0.250022 0.098104 -0.270752 -0.401805 -0.505443 -0.233067 -0.090039 -0.266536 -0.086339 -0.142210 0.446058 0.402778 -0.191544 -0.299766 -0.080233 0.039651 -0.054609 0.201941 -0.239755 -0.104572 -0.414966 -0.481066 -0.171879 0.100686 -0.152965 -0.195934 -0.024879 0.005100 -0.313890 0.019985 0.364552 0.221351 -0.073654 0.079307 -0.460252 -0.206909 -0.013841 0.232050 0.026082 -0.186190 -0.170862 -0.196950 -0.350286 -0.094794 -0.187885 -0.001694 -0.184506 0.162977 0.365025 0.545343 -0.162997 -0.010593 -0.063594 0.240413 -0.059002 -0.104571 -0.292067 -0.315560 0.280567 -0.138877 -0.331607 -0.258441 -0.325897 -0.325002 -0.456488 -0.547586 0.105386 0.026006 -0.117627 -0.247823 -0.360244 -0.229543 0.045577 0.124564 -0.134173 -0.072707 0.068437 -0.429102 -0.420675 -0.166066 -0.155231 -0.220675
-0.188009 0.127437 0.117363 -0.105121 -0.025249 -0.348212 0.127579 -0.026418 0.166006 -0.070706 -0.016963 0.121604 0.187874 0.138458 0.216150 0.068427 1.000000 0.561745 -0.186444 0.070645 -0.091461 -0.174240 -0.045987 -0.170021 0.140772 -0.022034 -0.019502 -0.275376 0.281679 0.215241 -0.024640 -0.083548 -0.174630 -0.036038 0.208273 -0.047993 0.131356 0.029126 -0.053155 0.052446 -0.179854 0.231346 -0.154227 -0.138030 0.006611 -0.203135 0.184179 0.090727 -0.100189 -0.288080 -0.170305 -0.165203 0.306448 0.006367 0.006006 -0.067086 -0.150553 -0.098362 -0.329744 -0.166257 -0.386299 -0.284624 0.220237 0.263158 -0.032374 -0.254062 0.083111 -0.016723 -0.207553 -0.119254 0.048632 -0.073384 0.266654 0.090384 0.123200 0.086174 0.248738 0.208178 0.624751 0.287337 0.628485 0.588559 -0.026211 -0.139955 0.195963 0.135240 -0.189453 -0.058354 -0.193492 -0.285346 -0.058177 -0.210920 0.067078 0.053472 0.089523 -0.194644 0.051335 -0.115760 -0.269720 -0.103957 0.163664 0.153485 0.280554 0.212032 0.004400 -0.005359 -0.038932 -0.015202 0.168172 0.101751 0.130915 -0.168982 0.012470 -0.043080 -0.026322 0.036182
-0.023602 0.234069 0.006196 0.251950 -0.154593 -0.168184 0.225329 0.206193 0.402735 0.237906 0.233156 0.616691 0.068924 0.506097 0.348572 0.543938 0.561745 1.000000 -0.121758 -0.065381 -0.004103 0.285888 -0.084040 0.162399 0.022495 0.053315 -0.205310 0.051691 0.377733 0.151548 -0.097511 0.276030 -0.376325 -0.167322 -0.121083 0.029863 -0.153330 -0.222201 -0.344680 -0.235296 -0.106439 -0.153427 -0.178871 -0.220882 0.213599 0.033098 -0.059974 -0.200104 -0.162092 -0.175405 -0.164521 0.000758 0.024762 0.094110 -0.296251 -0.308618 -0.249967 0.081715 -0.322380 -0.193453 -0.245137 -0.105364 -0.020575 0.170680 0.223862 0.073096 -0.103936 -0.063422 -0.438847 -0.309932 0.077689 0.238846 0.210126 -0.010046 0.013139 -0.007187 0.065599 0.160110 0.177763 0.258454 0.230715 0.518296 0.242850 0.411308 0.064618 0.118209 -0.023978 0.181407 -0.039741 -0.169090 -0.146854 -0.112955 0.292211 0.012262 -0.162728 -0.255941 -0.272922 -0.355911 -0.468642 -0.479647 0.243196 0.095330 0.069576 -0.027114 -0.198886 -0.099166 -0.082382 -0.050713 0.053697 -0.025059 0.070805 -0.377960 -0.301967 -0.146396 -0.111462 -0.043947
0.528748 0.418614 0.550146 0.442957 0.309802 0.391117 0.239791 0.258184 0.063630 -0.077609 -0.084410 -0.030613 0.022470 0.081531 -0.043502 0.018410 -0.186444 -0.121758 1.000000 0.648105 0.027564 -0.054561 0.019912 0.015913 0.205307 0.155957 0.330004 0.291709 -0.000537 -0.069846 0.126581 0.166188 0.344079 0.257915 -0.261245 -0.078082 -0.151395 0.040054 0.025018 -0.052961 -0.046113 0.121064 -0.083064 -0.286011 0.042427 0.007226 -0.170878 -0.149405 0.264188 0.059151 0.075167 0.107681 -0.130426 -0.171972 -0.095125 -0.145233 0.321944 -0.120683 -0.161675 -0.372220 0.150343 -0.089174 -0.090054 -0.007662 0.141139 0.030696 -0.296480 -0.323881 0.190500 -0.220894 -0.064237 0.119865 -0.177031 -0.030009 -0.058551 0.107084 -0.028645 -0.103043 -0.245463 -0.125796 -0.419790 -0.323771 0.240162 0.203043 -0.453057 -0.271718 0.037549 0.070235 -0.185033 -0.140922 -0.144048 0.137000 -0.058803 0.061017 -0.106491 0.019871 -0.058942 -0.204283 0.015358 -0.013000 0.216639 0.219237 -0.102443 -0.100859 -0.260906 -0.239423 -0.185579 -0.136371 0.043897 0.189583 -0.351616 -0.163082 -0.172339 0.213374 -0.219431 0.121468
0.251128 0.575335 0.528763 0.410647 0.588526 0.379598 0.195271 0.310911 0.042298 -0.129399 -0.439465 0.013930 0.262091 0.108155 -0.177701 -0.035395 0.070645 -0.065381 0.648105 1.000000 0.204601 -0.210789 0.085212 -0.367084 0.249654 -0.185934 0.442482 0.272522 -0.194636 0.035223 -0.038103 -0.056025 0.343017 0.346603 -0.177998 0.041596 -0.315069 0.009683 -0.042329 -0.166456 -0.161581 0.338997 -0.189282 -0.400617 0.122973 0.014359 -0.258116 -0.178315 0.105061 0.120855 -0.148295 0.137023 0.140536 0.007876 -0.249170 -0.308106 0.160487 0.001875 -0.158793 -0.243410 0.108840 -0.060516 0.172068 0.106944 0.188699 0.178089 -0.045987 -0.048708 0.141659 0.089823 -0.101869 -0.210233 -0.206355 -0.148419 0.108054 0.087101 -0.127506 -0.111454 -0.148869 -0.249379 -0.129736 -0.221222 0.026417 0.003260 -0.437349 -0.299162 -0.086160 0.049053 -0.302923 -0.362324 0.023438 0.202879 0.137048 0.195785 -0.079480 -0.130577 -0.143495 -0.224939 -0.123859 -0.054528 0.223253 0.316760 0.082869 0.000539 -0.274571 -0.216979 -0.140745 -0.165365 0.175657 0.203521 -0.021838 -0.339913 -0.135499 -0.026689 -0.105533 0.206510
0.017550 0.218419 -0.032338 -0.195046 0.089442 0.132179 -0.100002 -0.204702 -0.052176 -0.411031 -0.341350 -0.015585 0.060658 -0.033911 0.056630 -0.081509 -0.091461 -0.004103 0.027564 0.204601 1.000000 0.213402 -0.394848 -0.380085 -0.094659 -0.075828 0.533007 0.124203 -0.254149 -0.120936 -0.285248 -0.342167 0.176602 0.235181 -0.055265 -0.011010 -0.292993 -0.140824 0.349324 -0.028374 0.506901 0.435692 0.116601 -0.010652 0.020328 -0.040355 -0.085856 -0.039548 0.165089 0.394882 0.116746 0.220420 0.294457 0.172319 -0.324317 -0.273562 -0.093631 0.363219 0.354869 0.442353 0.286256 0.339869 0.029575 0.036865 0.229323 0.325942 0.025919 0.182614 -0.081615 0.080173 0.295492 -0.284037 -0.197770 -0.203038 0.192235 -0.223740 0.128628 -0.121138 -0.099840 -0.153212 -0.072255 -0.123093 -0.173621 -0.172278 -0.244709 -0.344125 -0.090882 -0.310208 -0.290656 -0.284017 0.200867 0.129043 0.267952 0.281800 -0.049756 0.167672 -0.420573 -0.194481 -0.190355 -0.134243 -0.155136 0.165871 -0.159407 0.019496 0.194859 0.263938 -0.149753 -0.538302 0.387349 0.043568 -0.021508 -0.227247 -0.204015 -0.614103 -0.022943 0.446285
0.217345 0.027142 -0.184325 0.036322 -0.294240 0.149409 -0.058374 -0.178236 0.368943 0.127570 0.278290 0.266200 -0.322581 0.267447 0.486319 0.363940 -0.174240 0.285888 -0.054561 -0.210789 0.213402 1.000000 -0.345780 0.354546 -0.069678 0.322887 -0.032038 0.437306 0.209868 -0.159146 -0.130283 0.162646 -0.131196 -0.066695 -0.182732 0.016921 -0.038124 -0.363082 0.037518 -0.135177 0.516862 -0.285664 0.081717 0.024358 0.105957 0.164010 -0.100244 -0.197756 -0.003561 0.090365 0.067864 0.119620 0.006147 0.151152 -0.335091 -0.138370 -0.101112 0.185761 0.053903 0.131043 -0.002926 0.058415 -0.270107 0.007638 0.059118 0.082866 -0.017870 -0.012788 -0.193917 -0.086752 0.143875 0.365049 0.010961 -0.171684 0.196772 -0.260781 -0.081939 -0.277002 -0.435818 -0.048964 -0.223310 -0.019152 0.422621 0.503649 0.078533 -0.053727 0.368750 0.217261 0.312029 0.199024 0.235809 -0.005061 0.363698 0.140285 -0.137330 0.153719 -0.414820 -0.181725 -0.278253 -0.426706 -0.019113 -0.064070 -0.410801 -0.151105 0.176088 0.298165 -0.059116 -0.327016 -0.125919 -0.158812 0.085658 -0.225076 -0.288217 -0.350502 -0.202086 -0.004821
-0.304095 -0.158387 0.252372 0.457364 0.428496 0.088804 0.327498 0.527327 0.051780 0.376952 0.063436 0.242211 0.408857 0.255068 -0.421707 0.058847 -0.045987 -0.084040 0.019912 0.085212 -0.394848 -0.345780 1.000000 0.306395 0.235493 -0.199680 -0.347252 -0.018325 0.083527 0.141986 0.393008 0.376201 -0.313026 -0.416776 0.011137 0.150710 -0.084874 0.071740 -0.567163 -0.056317 -0.423181 -0.084894 0.147022 0.087483 0.236779 0.070446 0.138571 0.044134 -0.140988 -0.160213 -0.044711 -0.238447 -0.290620 -0.178680 -0.046975 -0.083545 -0.066252 -0.472881 -0.323409 -0.475855 -0.294464 -0.420116 -0.186344 -0.273637 0.102949 -0.301120 0.003485 -0.144409 -0.041611 -0.151289 0.064832 0.168695 0.109096 0.211321 -0.011017 0.213812 -0.178441 0.143691 0.182382 0.291418 0.084016 0.055631 -0.141916 0.026364 -0.028701 0.173357 -0.227038 0.120837 -0.071585 -0.101453 -0.227203 -0.016678 -0.093280 -0.048321 0.026949 -0.317865 0.297069 0.140528 0.121955 0.132814 0.011660 -0.140721 0.215026 -0.112941 -0.513704 -0.520098 -0.162829 0.467098 -0.111824 -0.029112 0.054170 0.056593 0.018367 0.347007 0.141637 -0.259382
0.136192 -0.137712 -0.017580 0.397097 -0.287352 0.096205 0.182484 0.200952 0.347387 0.403595 0.571752 0.240567 -0.206735 0.249295 0.116697 0.275727 -0.170021 0.162399 0.015913 -0.367084 -0.380085 0.354546 0.306395 1.000000 0.018381 0.531512 -0.448415 -0.015872 0.260665 -0.034677 0.168529 0.537044 -0.315339 -0.285111 -0.155778 0.021257 0.014532 -0.118347 -0.261264 -0.021624 -0.009415 -0.455787 0.121130 0.098983 0.144685 0.194801 0.001559 -0.106654 -0.019542 -0.066784 0.002771 -0.033109 -0.386201 -0.056402 0.016626 0.094513 -0.008490 -0.156639 -0.215545 -0.293174 -0.229785 -0.200395 -0.372661 -0.124369 -0.097697 -0.272750 -0.177325 -0.259724 -0.188179 -0.400270 0.038961 0.471837 0.065569 0.115802 -0.207092 -0.005720 -0.110246 0.077397 -0.197554 0.234333 -0.251178 0.048762 0.138157 0.324615 0.096105 0.147956 0.249004 0.077991 0.204992 0.280399 -0.097940 -0.069032 -0.086777 -0.219953 -0.100418 0.001897 0.051672 0.012229 0.022577 -0.126154 -0.124502 -0.316114 -0.255089 -0.357520 -0.286545 -0.261156 -0.212069 0.157050 -0.200170 -0.077806 -0.055403 -0.078383 -0.170932 0.147844 -0.177807 -0.361023
0.021680 0.108980 0.473232 0.240467 0.392863 0.145869 0.353039 0.234749 0.546677 -0.002055 -0.039915 0.186750 0.168719 0.303406 0.220002 0.280475 0.140772 0.022495 0.205307 0.249654 -0.094659 -0.069678 0.235493 0.018381 1.000000 0.261744 0.204960 0.152009 0.070849 -0.093398 0.154991 0.185716 -0.069730 -0.033699 0.154723 0.319257 -0.311163 -0.313253 -0.230531 -0.327729 -0.021846 0.141657 0.192885 -0.031696 0.435929 0.261610 -0.049338 -0.137018 0.152767 0.069123 0.148887 0.055729 0.157299 -0.007866 -0.177314 -0.387980 -0.041642 -0.132234 -0.143147 -0.218170 -0.116914 -0.250645 -0.177248 0.022981 0.095465 -0.210243 0.008889 -0.023628 -0.226530 -0.147840 0.079979 0.009929 -0.113118 -0.150292 0.159324 -0.157745 -0.247142 -0.113016 0.042179 0.068060 -0.049830 0.166732 0.168071 0.048180 -0.232937 0.043252 -0.288904 0.003785 -0.322222 -0.263327 0.000291 -0.386457 0.378269 0.304560 -0.362515 -0.318644 -0.240108 -0.272573 -0.255842 -0.299851 0.309812 0.284828 -0.013384 -0.049858 -0.134722 -0.089751 0.003701 0.064332 -0.014578 0.079976 0.049607 -0.253269 -0.218756 -0.054105 -0.202367 -0.110546
0.177595 0.084807 0.225745 -0.049743 -0.273348 -0.045481 0.101326 -0.120510 0.470763 -0.123986 0.190279 -0.126347 -0.361657 0.090592 0.513298 0.156602 -0.022034 0.053315 0.155957 -0.185934 -0.075828 0.322887 -0.199680 0.531512 0.261744 1.000000 0.170555 -0.133200 0.041465 -0.028414 0.173245 0.261121 -0.100977 -0.005593 -0.026993 0.025521 -0.074745 -0.119610 0.226164 -0.117219 0.184387 -0.126324 0.069459 0.032960 0.136798 0.148418 0.016895 0.006745 0.181861 0.087611 0.141791 0.100517 -0.038932 0.108484 0.109278 0.085326 0.015343 0.073100 -0.078667 -0.128245 -0.123247 -0.010728 -0.362842 0.127061 -0.103113 -0.274011 -0.158952 -0.142121 -0.181919 -0.286888 0.003519 0.269420 -0.174077 0.115524 -0.323492 -0.128627 -0.099511 0.022204 -0.199925 0.157382 -0.326554 0.141712 0.001798 -0.018613 -0.044530 -0.036461 0.131469 -0.345394 -0.051602 0.139072 0.087488 -0.237011 0.103882 0.008296 -0.128442 0.044953 -0.056007 -0.046592 0.047831 -0.113698 0.086829 0.069418 -0.202472 -0.103939 0.125533 0.145736 -0.293095 -0.318931 0.048103 0.053554 0.045104 -0.058231 -0.106321 -0.027658 -0.298667 0.032998
0.162123 0.500273 0.400275 -0.241099 0.423189 0.272008 0.018297 -0.152961 0.121502 -0.498221 -0.382531 -0.241926 0.068697 -0.096234 0.325231 -0.170688 -0.019502 -0.205310 0.330004 0.442482 0.533007 -0.032038 -0.347252 -0.448415 0.204960 0.170555 1.000000 0.331609 -0.260749 0.024406 -0.044250 -0.337376 0.223370 0.297343 -0.036295 0.067357 -0.296276 -0.093203 0.521903 -0.120405 0.265861 0.404111 -0.014544 -0.091120 0.008008 -0.030069 -0.219882 -0.051012 0.251173 0.301667 0.121125 0.259103 0.359798 0.043089 -0.028078 -0.130719 0.095053 0.308713 0.178813 0.143586 0.158993 0.185017 0.017586 0.186337 -0.020405 0.063663 -0.071494 0.048760 -0.031362 0.030178 0.127149 -0.324995 -0.291349 0.011854 0.063835 -0.161168 -0.060657 -0.082332 -0.128184 -0.203027 -0.255822 -0.141000 -0.015906 -0.370784 -0.361643 -0.477707 -0.131812 -0.315900 -0.263817 -0.200209 0.285198 -0.064928 0.337119 0.327853 -0.052009 0.010003 -0.333157 -0.175790 -0.158119 -0.100751 0.175960 0.373740 -0.005866 0.193454 0.304798 0.353044 -0.060627 -0.564301 0.363899 0.083108 -0.073370 -0.152797 -0.154357 -0.414729 -0.024381 0.396569
0.216645 0.338139 0.164216 0.226107 0.399799 0.513524 0.053722 0.167546 0.215439 0.137294 0.017385 0.356314 0.094694 0.249449 0.244339 0.236982 -0.275376 0.051691 0.291709 0.272522 0.124203 0.437306 -0.018325 -0.015872 0.152009 -0.133200 0.331609 1.000000 0.075510 -0.154000 -0.094806 0.076706 0.060780 0.058129 -0.254488 0.078267 -0.185502 -0.328771 -0.027823 -0.184963 0.250364 -0.163802 0.169191 0.022459 0.108254 0.148840 -0.224696 -0.196860 0.101495 0.071706 0.230784 0.278325 0.003735 -0.055110 -0.343054 -0.274700 0.004934 0.101522 0.010749 -0.045748 0.034663 -0.079591 -0.097395 -0.075002 0.082969 0.100839 -0.085901 -0.084143 -0.015233 -0.026402 0.078973 0.116850 -0.071412 -0.188642 0.282800 -0.195213 -0.224595 -0.328083 -0.401872 -0.252494 -0.333261 -0.339753 0.530641 0.425711 -0.189347 -0.270882 0.170241 0.451645 0.170966 -0.034515 0.185605 -0.023753 0.321788 0.175385 -0.291103 -0.152300 -0.437708 -0.257187 -0.236037 -0.302746 0.039615 -0.017592 -0.355952 -0.148327 0.061082 0.209818 0.124021 -0.193625 -0.062367 -0.055574 -0.050392 -0.160575 -0.288918 -0.272451 -0.085543 0.079497
-0.091535 -0.292390 0.026049 -0.061271 -0.149202 -0.272780 0.182314 -0.238437 0.223118 -0.036155 0.485530 0.152821 0.380673 0.494256 0.366161 0.196254 0.281679 0.377733 -0.000537 -0.194636 -0.254149 0.209868 0.083527 0.260665 0.070849 0.041465 -0.260749 0.075510 1.000000 0.473653 0.404298 0.306348 -0.356532 -0.317185 -0.173292 -0.011701 0.488953 0.105417 -0.181808 -0.068439 0.116902 -0.176014 -0.092886 -0.221627 -0.023731 -0.244923 0.153871 0.070774 -0.118471 -0.365948 -0.278806 -0.433112 -0.149293 -0.177856 0.186310 0.183052 -0.175987 -0.391334 -0.251979 -0.266066 -0.389398 -0.345467 -0.254665 -0.210350 -0.079861 -0.332274 -0.092755 -0.275202 -0.149171 -0.261235 0.415624 0.654157 0.715782 0.413332 0.148015 0.323308 0.207747 0.095905 0.066741 0.322853 0.235937 0.326031 0.442006 0.359793 0.041571 -0.004714 0.051544 0.090029 0.108305 0.004270 -0.040861 -0.064334 -0.084740 -0.001727 0.203252 -0.170599 0.198819 0.141172 -0.129119 0.020840 0.097483 -0.072382 0.001674 0.031731 0.006049 0.038167 -0.084916 0.187225 -0.081587 -0.107908 0.085872 0.141083 0.081042 0.299253 0.016499 -0.235871
-0.332649 -0.136018 0.062128 -0.202891 0.204631 -0.237400 0.206020 -0.173741 0.089896 -0.026973 -0.122304 -0.158577 0.362233 0.290052 0.145294 -0.015200 0.215241 0.151548 -0.069846 0.035223 -0.120936 -0.159146 0.141986 -0.034677 -0.093398 -0.028414 0.024406 -0.154000 0.473653 1.000000 0.509030 0.181210 -0.347117 -0.235379 -0.048990 0.100433 0.405278 0.442706 -0.034999 0.062093 -0.172262 0.141095 -0.199521 -0.163352 0.052966 -0.154726 0.116800 0.185085 -0.109954 -0.168691 -0.495793 -0.385420 -0.145804 -0.116196 0.288820 0.302397 -0.187173 -0.354022 -0.222746 -0.226052 -0.308765 -0.245724 -0.172172 -0.206940 -0.194206 -0.276414 -0.006716 0.093879 -0.046808 0.024325 0.245753 0.313272 0.655387 0.676733 -0.141361 0.455790 0.141755 0.317878 0.168282 0.354861 0.175319 0.393647 0.079188 -0.033563 -0.111702 0.022063 -0.250220 -0.185009 -0.235246 -0.045044 -0.117958 -0.040890 -0.174408 -0.197067 0.263196 -0.078989 0.330341 0.226693 0.047075 0.278325 0.070735 -0.075301 0.146139 0.009108 -0.223794 -0.249484 -0.139190 0.226612 -0.101330 -0.107427 0.163170 0.193218 0.189300 0.287260 0.059578 -0.248101
-0.175834 -0.190553 0.166629 -0.057963 0.130377 -0.251437 0.175870 0.074952 0.059036 0.038818 0.179935 -0.132125 0.208410 0.216752 0.046637 -0.101348 -0.024640 -0.097511 0.126581 -0.038103 -0.285248 -0.130283 0.393008 0.168529 0.154991 0.173245 -0.044250 -0.094806 0.404298 0.509030 1.000000 0.539450 -0.370245 -0.321850 -0.156052 0.115801 0.271306 0.465785 -0.117989 0.032956 -0.256056 0.083170 -0.018040 -0.099683 -0.033870 -0.189296 0.264169 0.270336 -0.243740 -0.300961 -0.337600 -0.495084 -0.327009 -0.113403 0.311035 0.295695 0.012631 -0.376718 -0.259233 -0.356463 -0.244222 -0.340834 -0.370317 -0.091248 -0.184506 -0.324128 -0.251559 -0.220527 -0.065214 -0.140219 0.255110 0.466104 0.197797 0.596143 -0.252868 0.569732 0.106799 0.206262 -0.042010 0.400011 -0.086040 0.204208 -0.002599 -0.101709 -0.203797 0.007854 -0.204789 -0.191908 -0.136539 -0.001441 -0.122950 -0.002529 -0.155224 -0.075503 0.317472 -0.121849 0.450850 0.269123 0.227346 0.362993 0.171652 -0.118774 0.183319 0.015475 -0.183270 -0.246522 -0.235767 0.244077 -0.133023 -0.087151 0.095250 0.316920 0.287092 0.544841 0.052272 -0.270323
0.020307 -0.040043 0.122200 0.427435 0.015674 0.010900 0.303424 0.409534 0.307817 0.387299 0.294284 0.324912 0.048290 0.507350 0.006968 0.323008 -0.083548 0.276030 0.166188 -0.056025 -0.342167 0.162646 0.376201 0.537044 0.185716 0.261121 -0.337376 0.076706 0.306348 0.181210 0.539450 1.000000 -0.348596 -0.135141 -0.072898 0.289822 0.008216 0.065388 -0.430075 -0.139864 -0.264331 -0.220014 0.011349 -0.210409 0.331210 0.217006 0.021313 -0.069932 -0.264883 -0.143136 -0.207451 -0.154809 -0.503136 0.013232 -0.220230 -0.167364 0.037941 -0.346666 -0.286635 -0.440671 -0.195606 -0.360111 -0.406695 -0.180888 0.119366 -0.024771 -0.175488 -0.098428 -0.082930 -0.284923 0.024680 0.620424 0.065496 0.142236 -0.179571 0.332552 0.018118 0.003715 -0.193924 0.084543 -0.255608 0.150741 0.158298 0.433303 -0.133545 0.139679 -0.122724 0.078674 -0.028357 -0.024061 -0.360683 -0.081087 0.052299 -0.062385 -0.159662 -0.227545 0.101046 -0.083012 -0.118074 -0.060238 0.175373 -0.179325 -0.075824 -0.272136 -0.490513 -0.522882 -0.219587 0.241045 -0.195028 -0.029331 0.025568 0.038987 -0.082722 0.389342 -0.232588 -0.273000
0.339197 0.228097 0.196634 -0.060650 0.026358 0.059365 -0.112836 -0.094765 -0.434964 -0.348831 -0.406619 -0.288431 -0.107176 -0.345218 -0.251734 -0.248673 -0.174630 -0.376325 0.344079 0.343017 0.176602 -0.131196 -0.313026 -0.315339 -0.069730 -0.100977 0.223370 0.060780 -0.356532 -0.347117 -0.370245 -0.348596 1.000000 0.717027 0.162704 -0.246619 -0.014380 0.003351 0.181549 0.198037 0.081602 0.281499 -0.042859 -0.164513 -0.145718 0.018855 -0.223527 -0.219619 0.376512 0.349570 0.283276 0.309345 0.172482 -0.112761 -0.155789 -0.198822 0.244284 0.183479 0.230500 0.223194 0.393206 0.251737 0.403593 0.198243 0.062876 0.279968 0.212909 0.095228 0.471560 0.202442 -0.375450 -0.272446 -0.171713 -0.342524 0.200027 -0.202614 0.041033 -0.364838 -0.149790 -0.432005 -0.069410 -0.362934 -0.092528 -0.188451 -0.065047 -0.183212 0.138880 0.001367 -0.161737 -0.205019 -0.073608 0.000440 -0.254444 -0.040552 -0.098013 0.209586 -0.142227 -0.079635 0.075719 0.046500 -0.172909 0.078465 -0.158212 -0.017377 0.086740 0.038454 0.089542 -0.168426 0.022251 0.214528 -0.186750 -0.159136 0.028619 -0.050154 -0.076366 0.195184
0.216181 0.429585 0.210884 -0.042095 0.013731 0.056284 0.052812 -0.048581 -0.170854 -0.301899 -0.407031 -0.146890 -0.078887 -0.151089 -0.014874 -0.133054 -0.036038 -0.167322 0.257915 0.346603 0.235181 -0.066695 -0.416776 -0.285111 -0.033699 -0.005593 0.297343 0.058129 -0.317185 -0.235379 -0.321850 -0.135141 0.717027 1.000000 0.194956 0.075976 -0.105331 -0.019113 0.256535 0.188148 0.046786 0.329536 0.014877 -0.187541 0.015942 0.101357 -0.318766 -0.245897 0.147736 0.367254 0.175360 0.453209 0.238241 0.078487 -0.291502 -0.292662 -0.023526 0.281368 0.125264 0.225201 0.259156 0.263541 0.324223 0.294106 0.110190 0.404831 0.015820 0.187318 0.222284 0.180950 -0.452612 -0.260140 -0.204350 -0.473533 0.123510 -0.139168 0.067752 -0.377952 -0.132615 -0.530959 -0.152920 -0.144607 -0.128724 -0.147908 -0.200617 -0.211864 -0.035903 -0.109719 -0.330967 -0.384405 -0.129219 -0.145257 -0.018745 0.063101 -0.271654 0.162093 -0.262473 -0.192779 -0.080965 -0.057026 -0.014791 0.136926 -0.076089 0.006042 0.025302 0.040953 0.118928 -0.325890 0.067840 0.248180 -0.261436 -0.236353 -0.124199 -0.159042 -0.221952 0.284567
-0.381935 -0.230090 -0.099173 -0.253554 -0.083221 -0.105741 0.024753 -0.101324 -0.230129 -0.076454 -0.121074 -0.088484 -0.029468 -0.169212 -0.075646 -0.250022 0.208273 -0.121083 -0.261245 -0.177998 -0.055265 -0.182732 0.011137 -0.155778 0.154723 -0.026993 -0.036295 -0.254488 -0.173292 -0.048990 -0.156052 -0.072898 0.162704 0.194956 1.000000 0.439177 0.106603 -0.036726 0.112457 0.024934 0.021451 0.183390 0.356669 0.382799 0.305876 0.186465 0.271606 0.076616 -0.139360 -0.029474 0.266377 -0.013323 0.158065 0.003702 -0.032859 -0.039751 -0.252076 -0.309211 -0.222276 -0.013627 -0.340197 -0.277068 0.085473 -0.289779 0.004343 -0.225460 0.414516 0.428619 0.045200 0.132630 -0.228109 -0.115565 0.041796 -0.185962 0.175445 -0.076580 0.151945 0.082226 0.434542 0.027155 0.463450 0.250353 -0.092908 -0.221565 0.391694 0.499569 -0.057621 -0.083931 -0.069984 -0.107585 -0.273791 -0.544314 0.016141 0.046437 -0.221001 -0.129497 0.043585 -0.097927 -0.069176 -0.057394 0.027443 0.043294 0.007943 0.045072 0.105423 0.020398 0.032471 0.057089 -0.037651 0.030015 -0.036219 0.050015 -0.108675 0.040343 -0.219562 -0.023164
-0.240976 -0.047741 0.150625 0.128846 0.240335 0.219249 0.361877 0.208841 0.214225 0.126316 -0.038081 0.261749 0.037813 0.226312 0.173429 0.098104 -0.047993 0.029863 -0.078082 0.041596 -0.011010 0.016921 0.150710 0.021257 0.319257 0.025521 0.067357 0.078267 -0.011701 0.100433 0.115801 0.289822 -0.246619 0.075976 0.439177 1.000000 -0.201105 -0.260848 -0.063581 -0.338157 0.045633 -0.024038 0.312391 0.188271 0.600993 0.496268 -0.036818 -0.059732 -0.210783 0.161801 0.047096 0.139507 -0.059941 0.132156 -0.185705 -0.209335 -0.349648 -0.271857 -0.306036 -0.300776 -0.206744 -0.350439 -0.305728 -0.308445 0.171574 0.078717 0.219945 0.452430 -0.385503 0.020080 -0.034488 -0.040716 -0.141851 -0.121185 0.084234 0.037260 -0.202620 0.133553 0.014524 -0.141426 -0.024736 0.086244 0.003453 0.109588 -0.131218 0.240862 -0.282912 -0.154357 -0.146507 -0.245942 -0.225769 -0.400707 0.320801 0.176113 -0.383125 -0.161627 -0.170038 -0.183868 -0.349833 -0.256694 0.050145 0.018951 -0.205512 -0.243026 -0.081629 -0.048691 -0.004627 0.063159 -0.184085 -0.151949 0.161141 -0.149783 -0.344895 -0.040902 -0.198807 -0.175319
