1.000000 0.495181 -0.360900 -0.199259 -0.034249 -0.078488 0.080839 -0.019902 -0.278333 -0.000726 0.155738 0.192421 -0.123919 -0.115763 -0.141234 -0.194017 0.190227 0.285283 0.268952 0.023508 0.042716 -0.095051 -0.244611 -0.305537 -0.209776 -0.288723 0.018637 -0.138761 0.165402 0.216838 -0.428433 -0.527554 0.048933 0.153303 -0.360204 -0.077907 0.000103 -0.106849 0.002981 -0.030297 0.091393 0.158885 -0.128721 -0.148186 0.040884 0.173350 0.001240 0.104470 0.208012 0.287728 -0.140063 0.245284 0.079440 0.029274 -0.012965 -0.154785 0.548827 0.113029 0.093936 0.069868 0.263598 0.254026 0.311815 0.612784 -0.339712 -0.348491 -0.056488 -0.189908 0.324322 -0.107115 -0.129024 -0.006339 0.056429 0.057640 -0.018339 -0.035505 0.078832 0.121276 0.044495 -0.021052 0.214104 0.233263 0.047832 -0.045930 -0.053004 -0.243700 -0.059359 -0.122122 -0.165988 -0.202651 -0.070750 -0.281627 -0.299838 -0.216760 0.112443 -0.133330 0.096255 -0.000358 0.177490 0.061655 -0.238566 0.048184 0.211808 -0.116889 -0.022403 -0.019394 0.115169 0.078544 0.135785 0.093282 0.009433 -0.061839 -0.144072 -0.098997 0.078996 0.067727
0.495181 1.000000 -0.242150 -0.099087 -0.154520 -0.351709 0.243778 0.058164 -0.200035 0.036886 0.164764 0.275137 -0.027459 0.018780 -0.188749 -0.114422 0.270237 0.282311 0.183650 0.194222 -0.144554 -0.247749 -0.096826 -0.295944 -0.368952 -0.350211 -0.283132 -0.187026 0.257757 0.269896 -0.132149 -0.195222 0.236782 0.493531 -0.022992 -0.054809 0.034609 -0.260025 -0.027873 -0.232428 0.185222 0.218886 -0.206742 -0.188307 0.089296 0.107095 -0.006265 -0.163443 0.007511 0.128384 -0.281590 0.145745 0.130229 -0.084886 -0.242632 -0.034796 0.326464 0.321014 0.069773 0.039983 0.080491 0.175957 0.114436 0.470907 -0.303190 -0.311599 -0.012865 -0.164842 0.109551 -0.009559 0.031184 0.217829 0.248112 0.141753 0.191398 0.066187 -0.004936 -0.033525 0.130189 0.000460 0.437740 0.422538 -0.233894 0.066246 -0.217928 -0.298010 -0.351148 -0.273034 -0.221758 -0.286502 -0.331875 -0.239902 -0.291795 -0.385349 -0.213549 -0.177175 0.029151 0.058512 0.146693 0.072696 -0.227391 -0.143327 0.029341 -0.328403 -0.182068 -0.248713 0.195649 -0.094690 0.042256 -0.052269 -0.121047 -0.182868 -0.146203 -0.282805 -0.249923 -0.022129
-0.360900 -0.242150 1.000000 0.214433 0.249707 0.028520 0.255364 0.455274 0.429155 0.005899 0.166009 -0.117958 0.377913 0.307791 0.273157 0.088869 -0.371233 -0.292816 0.079834 0.449211 0.131009 -0.063371 0.361924 0.297836 0.215034 0.516224 -0.053878 -0.022256 0.000418 -0.155025 0.504163 0.451703 -0.328040 0.160490 0.105739 0.271228 0.048319 -0.070566 -0.049254 -0.014453 0.112204 -0.000086 -0.181129 -0.170360 -0.151661 -0.275396 -0.115222 -0.196405 -0.294389 -0.510035 0.105906 -0.436018 0.050039 -0.260366 -0.086026 -0.197190 -0.420424 -0.193168 0.311196 -0.154636 0.245440 0.026193 -0.478999 -0.572532 0.458037 0.262863 -0.060083 -0.039019 -0.256146 0.101942 0.325978 0.104319 -0.081873 -0.056482 -0.029379 0.131531 -0.038686 0.160870 -0.283081 -0.349010 -0.236888 -0.322591 -0.060524 0.024885 -0.101940 -0.155028 -0.015265 -0.149764 0.121453 0.022035 -0.088377 0.250861 0.274044 0.265894 -0.112089 -0.243129 -0.254781 -0.255844 -0.456334 -0.395370 0.133074 -0.102790 -0.230816 -0.109916 -0.195124 -0.196050 -0.164049 0.012866 -0.058407 -0.425954 -0.071857 -0.251321 -0.055329 -0.064379 0.109247 0.035853
-0.199259 -0.099087 0.214433 1.000000 0.127284 0.105951 -0.238229 0.362516 0.232279 -0.030073 -0.147771 -0.346121 -0.051077 0.169501 0.282373 0.153381 -0.146765 -0.356398 0.155811 0.229887 0.140688 0.140034 0.756666 0.832279 0.158650 0.131267 0.186935 0.287116 -0.095589 -0.341542 0.205371 0.546137 -0.239343 -0.221755 -0.208148 -0.230894 -0.307002 -0.527621 -0.252167 -0.116489 0.049070 -0.298122 -0.440454 -0.411275 -0.182160 -0.232899 -0.327895 -0.356273 -0.208324 -0.027467 -0.066030 -0.264382 0.141056 0.031495 -0.273966 -0.262475 0.024239 0.095937 0.066590 0.215564 -0.246542 0.051037 -0.371185 -0.398824 0.551992 0.475478 -0.088676 0.007318 0.044772 0.217805 0.091136 0.101197 -0.301873 -0.230807 -0.270269 -0.137736 -0.497944 -0.380431 -0.139692 -0.311985 -0.101287 -0.227628 0.380743 0.161601 0.209873 0.053353 0.389321 0.175124 0.671174 0.236127 -0.188977 0.070870 0.182290 -0.001757 0.050330 -0.216797 -0.510576 -0.085245 -0.402988 -0.234768 -0.335963 0.039651 -0.204173 -0.004411 -0.164496 -0.203145 -0.141384 -0.023613 -0.039195 -0.161769 -0.274280 -0.157160 -0.308289 -0.249363 0.008916 -0.029335
-0.034249 -0.154520 0.249707 0.127284 1.000000 0.521064 -0.029288 0.386672 0.709857 0.707003 0.170128 0.037185 0.245702 0.061409 0.365176 0.596382 0.022682 -0.293999 0.054505 -0.032383 0.459653 0.248917 0.115596 0.024593 0.226363 0.181385 0.470642 -0.128217 0.353124 0.031042 0.541215 0.249486 -0.117839 0.047307 0.000177 -0.076630 0.165575 -0.296107 0.209343 -0.165945 -0.131326 -0.059718 -0.113315 -0.100489 0.343846 0.278869 -0.072497 -0.051642 0.072489 0.048716 -0.116035 -0.261166 0.008769 -0.185911 -0.279980 -0.098056 -0.231510 -0.499368 0.383807 0.191799 0.358699 0.271624 -0.106881 -0.035060 -0.232477 -0.193490 -0.023248 -0.089551 -0.045445 -0.121927 0.449511 0.214926 0.254506 0.004279 -0.078974 0.201623 0.039884 0.010423 0.188783 -0.204018 0.051153 0.064324 -0.204528 0.168536 -0.219357 -0.350653 -0.119780 -0.409721 -0.245104 -0.349338 -0.068803 -0.047782 -0.229947 -0.129063 -0.223664 -0.213317 -0.300785 -0.179813 -0.517613 -0.395121 -0.011802 -0.132962 -0.152727 -0.254076 -0.351891 -0.305532 -0.100642 -0.061036 0.044649 -0.140595 -0.366081 -0.473791 -0.459618 -0.482509 -0.257017 -0.270375
-0.078488 -0.351709 0.028520 0.105951 0.521064 1.000000 -0.421944 0.058009 0.228068 0.447693 -0.073126 -0.107133 0.036060 0.286143 0.057597 0.545355 -0.189776 -0.218112 -0.229286 -0.157334 0.600101 0.438519 0.065558 0.186122 0.654441 0.516472 0.757005 0.470402 -0.085627 -0.134992 0.144771 0.003537 -0.032883 -0.213006 0.068314 -0.145214 -0.076333 -0.150186 0.220107 0.175033 -0.290780 -0.136178 -0.167967 -0.176452 -0.138620 -0.161252 -0.304688 -0.152027 0.063722 -0.104659 0.150713 -0.200738 0.080173 0.137333 0.140024 0.096194 -0.214309 -0.341434 0.140224 0.092492 0.140222 0.009351 -0.055361 -0.178651 0.065590 0.284991 -0.009351 -0.134302 0.109855 -0.070736 0.290622 0.030814 -0.066074 -0.241875 -0.262024 -0.289469 -0.097281 -0.152556 -0.067270 -0.088527 -0.416406 -0.302248 -0.166678 -0.113170 0.077654 0.038639 0.027313 0.081927 0.000678 0.165159 0.230049 0.141621 0.225727 0.157669 -0.065582 0.028180 -0.230241 -0.011802 -0.236379 0.023069 0.243455 0.151504 -0.042081 0.053846 -0.141948 -0.061135 -0.207282 -0.073687 0.128215 0.076015 -0.237418 -0.077723 0.027156 -0.063785 -0.077878 -0.121056
0.080839 0.243778 0.255364 -0.238229 -0.029288 -0.421944 1.000000 0.281225 -0.007975 0.156648 0.037138 0.114548 -0.095478 -0.330784 -0.201932 -0.207749 0.078004 0.364190 0.358513 0.313623 -0.086698 -0.170314 -0.357685 -0.439780 -0.322372 -0.138879 -0.565353 -0.643467 0.220512 0.366307 0.148805 -0.052566 0.115179 0.180044 -0.205164 0.215572 0.072092 0.017450 -0.045155 -0.298084 0.167909 0.133623 -0.009587 -0.032471 0.494349 0.444182 0.049916 0.002435 0.042190 0.029241 -0.085253 0.067213 -0.261556 -0.250144 -0.127619 -0.295844 0.115207 0.098612 0.069220 -0.023431 0.244991 0.290356 -0.017171 0.270240 -0.191738 -0.438791 0.036197 0.118121 -0.123316 -0.186778 0.163234 -0.139966 0.178277 0.400455 0.405008 0.343817 0.444208 0.376555 -0.120976 0.065296 0.236504 0.353953 -0.164060 0.119154 -0.531088 -0.446773 -0.163833 -0.445720 -0.336808 -0.588913 0.034814 -0.096391 -0.306062 -0.070508 0.132304 -0.203126 0.033116 -0.312755 0.088780 -0.163102 0.084736 -0.010320 0.330746 -0.045550 0.076353 -0.012964 0.082993 0.140699 -0.135825 -0.296750 -0.095064 -0.172964 -0.192782 -0.212213 -0.252843 0.111084
-0.019902 0.058164 0.455274 0.362516 0.386672 0.058009 0.281225 1.000000 0.402809 0.429498 0.122878 0.149961 0.092424 0.287645 -0.056734 -0.007184 0.106548 -0.005513 0.208431 0.255419 0.395958 0.005720 0.066033 0.108559 -0.086955 0.290333 -0.197159 -0.406114 0.343678 0.317465 0.345816 0.431499 -0.162620 0.065768 -0.204019 0.117338 -0.282256 -0.405964 -0.405068 -0.358672 -0.192085 -0.183114 -0.564914 -0.484109 0.274140 0.210093 -0.204845 -0.402544 -0.299579 -0.052263 -0.238854 -0.346403 -0.032035 -0.223221 -0.442108 -0.498238 -0.031574 -0.232348 0.417279 0.111923 0.442575 0.606866 -0.563600 -0.153992 0.117636 0.240484 -0.193219 -0.101742 -0.152614 -0.271203 0.393626 0.061450 0.101287 0.133586 0.058957 0.216501 0.044029 0.113569 -0.105053 -0.253983 0.011449 0.132747 -0.315532 -0.228884 -0.547791 -0.555167 0.092194 -0.500029 -0.062966 -0.416497 0.057754 -0.134409 0.156082 -0.043045 -0.015491 -0.143653 -0.555834 -0.460694 -0.389466 -0.420389 0.214824 -0.224379 -0.007086 -0.100678 -0.133325 -0.095368 -0.099054 -0.046648 0.025500 -0.299402 -0.472693 -0.472601 -0.281761 -0.401524 -0.095034 -0.014560
-0.278333 -0.200035 0.429155 0.232279 0.709857 0.228068 -0.007975 0.402809 1.000000 0.515958 0.391589 0.212768 0.584153 0.269157 0.668669 0.536557 -0.051076 -0.327804 -0.070501 -0.146655 0.114539 0.065490 0.379078 0.183067 -0.013990 0.163110 0.152972 -0.167846 0.383729 -0.018779 0.685117 0.465247 -0.195247 0.141992 0.202599 0.014296 0.268490 -0.207422 0.223371 -0.027620 -0.008327 -0.029879 -0.122593 -0.046882 0.206173 0.090417 0.011784 -0.219796 0.038503 -0.078720 0.086335 -0.263974 0.228677 -0.038272 -0.204730 0.038594 -0.370773 -0.490095 0.264238 0.062276 0.284809 0.252150 -0.240848 -0.218621 0.007296 0.044383 -0.238263 -0.183547 -0.363687 -0.249283 0.341685 0.193426 0.354928 0.066609 0.007339 0.317790 -0.080715 -0.105958 0.181366 -0.306552 0.026925 -0.014028 -0.103105 0.119356 -0.022317 -0.201267 -0.049302 -0.262279 -0.070622 -0.149496 -0.160857 -0.127320 -0.121437 -0.237176 -0.267442 -0.068147 -0.274315 -0.205052 -0.516513 -0.502606 0.075686 -0.296295 -0.311382 -0.454668 -0.500816 -0.458749 -0.235400 -0.114174 0.069610 -0.263503 -0.358313 -0.516413 -0.447209 -0.403410 -0.160944 -0.107228
-0.000726 0.036886 0.005899 -0.030073 0.707003 0.447693 0.156648 0.429498 0.515958 1.000000 0.270243 0.129413 0.205921 0.045108 0.169049 0.572482 0.304774 0.090622 0.028766 -0.054841 0.348595 0.124355 -0.137999 -0.278625 0.111728 0.075298 0.119754 -0.326228 0.569008 0.375452 0.507048 0.176218 0.072781 0.150462 0.049476 -0.053847 0.088908 -0.344504 0.127011 -0.317706 -0.104935 -0.003489 -0.332004 -0.330447 0.475175 0.376549 -0.072355 -0.332636 -0.075424 0.030929 -0.321624 -0.155198 -0.067978 0.017205 -0.330552 -0.047565 -0.024813 -0.343336 0.242073 0.205500 0.259633 0.362871 -0.195287 0.164584 -0.331518 -0.241910 -0.038496 -0.131884 -0.099701 -0.311749 0.495203 0.117276 0.495584 0.267238 0.257983 0.357098 0.194388 0.016647 0.275761 0.004035 0.248063 0.410664 -0.378951 0.108156 -0.428857 -0.465481 -0.329164 -0.614470 -0.472320 -0.599274 0.137066 -0.104338 -0.245884 -0.240331 -0.149105 -0.102311 -0.285429 -0.180880 -0.165065 -0.116049 0.206274 -0.130385 0.065744 -0.331322 -0.369228 -0.272416 -0.107937 -0.080363 0.129494 -0.212443 -0.526096 -0.382135 -0.264452 -0.516454 -0.386395 -0.086287
0.155738 0.164764 0.166009 -0.147771 0.170128 -0.073126 0.037138 0.122878 0.391589 0.270243 1.000000 0.359450 0.839819 0.419185 0.441506 0.287855 0.173809 0.065208 -0.276492 -0.162526 -0.150831 -0.267386 0.173774 -0.053416 0.028066 0.167314 -0.229319 -0.203148 0.389548 0.169717 0.360498 0.209584 0.052088 0.249094 0.063676 0.034642 0.257369 0.074341 0.166667 0.019691 0.229403 0.168787 -0.130923 -0.195925 0.122811 -0.046442 0.046939 -0.308078 0.113807 -0.025579 -0.105612 0.087406 0.288059 0.147141 0.050249 0.209003 -0.122839 -0.248500 0.056461 -0.155906 0.247210 0.055446 0.080402 0.091553 -0.278755 -0.050068 -0.495619 -0.445668 -0.451251 -0.399159 0.288003 0.128919 0.364439 0.216435 0.111261 0.284780 0.014806 -0.042166 0.005221 -0.028444 0.120902 0.071566 0.074783 -0.074889 0.054193 -0.086768 -0.119190 -0.243772 -0.210320 -0.017811 -0.109551 -0.089045 -0.028560 -0.190648 -0.033992 0.097471 -0.131276 0.057296 0.024053 -0.066436 0.093246 -0.261436 -0.111259 -0.433477 -0.344465 -0.263207 -0.072395 -0.082725 0.188274 -0.208883 -0.311845 -0.251877 -0.103343 -0.122854 0.026505 0.142990
0.192421 0.275137 -0.117958 -0.346121 0.037185 -0.107133 0.114548 0.149961 0.212768 0.129413 0.359450 1.000000 0.271034 0.413810 -0.006790 0.081618 -0.147510 0.158942 -0.126017 -0.132195 0.103719 -0.103404 -0.301817 -0.375643 -0.284646 -0.129212 -0.220961 -0.252989 0.074752 0.317682 -0.132984 -0.188106 0.030834 0.009838 -0.079012 0.252821 0.079267 0.125454 0.029311 -0.072754 -0.097892 0.060539 -0.021852 0.126350 0.181133 0.210186 0.021555 -0.009727 0.133393 0.161554 -0.003785 0.171829 0.016305 -0.062866 -0.031505 0.087387 -0.176036 -0.309444 0.042595 -0.180783 0.329633 0.203866 0.117815 0.265369 -0.258177 -0.020053 -0.257808 -0.120186 -0.219810 -0.332717 0.168782 0.046016 0.217045 0.051332 0.026633 0.010000 0.059793 0.292265 -0.165342 -0.083499 -0.069649 0.042636 -0.351852 -0.142582 -0.106681 0.027553 -0.231378 -0.166155 -0.429720 -0.121789 -0.012385 -0.227385 0.058879 -0.127077 -0.015443 0.144954 0.131257 -0.022953 0.067979 -0.164531 0.340273 -0.176416 0.082920 -0.177154 0.051074 -0.018435 -0.104229 -0.047142 0.142814 0.069565 -0.241650 -0.261669 -0.008950 -0.079246 -0.063792 -0.077254
-0.123919 -0.027459 0.377913 -0.051077 0.245702 0.036060 -0.095478 0.092424 0.584153 0.205921 0.839819 0.271034 1.000000 0.544854 0.582205 0.348439 -0.067276 -0.231491 -0.406286 -0.215146 -0.154761 -0.279671 0.340098 0.118833 0.084484 0.235802 -0.097982 -0.031521 0.185526 -0.118066 0.419382 0.266334 -0.082223 0.243314 0.186464 0.049241 0.264265 0.075112 0.240414 0.068833 0.185953 0.006961 -0.065043 -0.074746 -0.063019 -0.250633 0.015103 -0.312357 0.091781 -0.208794 0.109904 0.006650 0.387147 0.211580 0.124319 0.364859 -0.361505 -0.301333 0.143431 -0.112356 0.264325 0.021824 -0.044921 -0.154476 -0.057716 0.198789 -0.340170 -0.278302 -0.505574 -0.186958 0.258490 0.097093 0.205267 0.001811 0.011872 0.167717 -0.208494 -0.170906 -0.090640 -0.188772 -0.099662 -0.164236 0.031162 -0.048413 0.197200 0.140911 -0.096169 -0.085163 -0.063206 0.228330 -0.122288 0.047691 0.076291 -0.095602 -0.201626 0.112449 -0.121374 0.122945 -0.139485 -0.119233 0.155053 -0.264664 -0.246408 -0.439138 -0.445933 -0.365685 -0.136707 -0.115211 0.187127 -0.241241 -0.262395 -0.242732 -0.101901 -0.108725 -0.022175 0.095904
-0.115763 0.018780 0.307791 0.169501 0.061409 0.286143 -0.330784 0.287645 0.269157 0.045108 0.419185 0.413810 0.544854 1.000000 0.193189 0.317995 -0.389157 -0.222188 -0.318298 0.045329 0.298261 0.023647 0.289206 0.301610 0.242941 0.434637 0.100587 0.309489 -0.100635 -0.083883 0.108998 0.244778 -0.094787 0.040427 0.086661 0.075374 0.034032 -0.052111 0.021808 0.070696 0.038324 -0.081540 -0.238741 -0.157981 -0.193825 -0.315873 -0.122924 -0.330065 -0.138986 -0.187999 0.137168 -0.152128 0.204317 0.162888 0.083079 0.150839 -0.441555 -0.310522 0.017820 -0.287039 0.074052 -0.098397 -0.322199 -0.402040 0.193881 0.554488 -0.328388 -0.311836 -0.316277 -0.224919 0.256938 0.102770 -0.040481 -0.229056 -0.195288 -0.104190 -0.304102 -0.105393 -0.282747 -0.282441 -0.389345 -0.380246 -0.093789 -0.202616 0.249399 0.249120 0.006225 0.072962 0.012979 0.340668 -0.069374 0.054094 0.451534 0.004457 -0.195008 0.067140 -0.283299 -0.025739 -0.162349 -0.164221 0.382529 -0.221000 -0.261230 -0.246677 -0.245401 -0.213656 -0.216341 -0.167058 0.128359 -0.090925 -0.397660 -0.197447 0.076980 0.017196 -0.022193 -0.050466
-0.141234 -0.188749 0.273157 0.282373 0.365176 0.057597 -0.201932 -0.056734 0.668669 0.169049 0.441506 -0.006790 0.582205 0.193189 1.000000 0.539590 -0.111668 -0.345965 -0.099729 -0.014224 -0.171656 -0.177254 0.568491 0.330166 0.016708 -0.066978 0.198185 0.085858 0.325305 -0.276420 0.430861 0.297109 -0.303765 0.247753 0.223905 -0.086202 0.456370 -0.198283 0.473438 0.147393 0.372263 0.063844 -0.034420 -0.038445 -0.102564 -0.206995 0.180896 -0.113772 0.040322 -0.146717 0.161796 -0.162960 0.434416 0.202642 0.057160 0.271871 -0.350619 -0.306829 -0.023024 0.043760 -0.130135 -0.119991 -0.007467 -0.201635 0.130669 0.022159 -0.200370 -0.241504 -0.301500 0.042968 0.027878 0.010339 0.297198 -0.084296 -0.045145 0.192932 -0.198534 -0.316793 0.174603 -0.344811 0.199361 -0.057638 0.468173 0.509991 0.494916 0.196565 0.041934 -0.003084 0.141990 0.176089 -0.206404 -0.001439 -0.154896 -0.204030 -0.308732 -0.171567 -0.159340 -0.037787 -0.248987 -0.352833 -0.160099 -0.243672 -0.341935 -0.491096 -0.574416 -0.563035 -0.265448 -0.103939 -0.063803 -0.354611 -0.211549 -0.207469 -0.318224 -0.314802 -0.112681 -0.010459
-0.194017 -0.114422 0.088869 0.153381 0.596382 0.545355 -0.207749 -0.007184 0.536557 0.572482 0.287855 0.081618 0.348439 0.317995 0.539590 1.000000 -0.149753 -0.169140 -0.050159 0.065224 0.354238 0.326072 0.336554 0.185310 0.409818 0.263017 0.509988 0.317993 0.244249 -0.045713 0.532395 0.326158 -0.069993 0.167382 0.243430 0.000697 0.400230 -0.206624 0.543834 0.087392 0.092151 0.122444 -0.066005 -0.053171 0.098445 -0.065783 -0.050917 -0.162090 -0.054380 -0.051097 -0.111802 -0.223196 0.143875 0.188611 -0.011237 0.290169 -0.393490 -0.466505 -0.074303 -0.116822 -0.096353 -0.261959 -0.079633 -0.218582 -0.138637 -0.116595 -0.198842 -0.351390 -0.155056 -0.150104 0.426249 0.299936 0.353626 0.000137 -0.099708 0.105968 -0.100485 -0.108408 0.058556 -0.168691 -0.007421 -0.096487 0.015051 0.444957 0.207404 0.083020 -0.293212 -0.143294 -0.252743 -0.021625 -0.111687 0.091875 -0.105532 -0.199247 -0.351020 -0.199860 -0.236223 -0.039799 -0.174784 -0.139588 0.014124 -0.168205 -0.265645 -0.479836 -0.517370 -0.479964 -0.215697 -0.105835 -0.012092 -0.198831 -0.451328 -0.223668 -0.208422 -0.335080 -0.380654 -0.207846
0.190227 0.270237 -0.371233 -0.146765 0.022682 -0.189776 0.078004 0.106548 -0.051076 0.304774 0.173809 -0.147510 -0.067276 -0.389157 -0.111668 -0.149753 1.000000 0.458533 0.155473 -0.286008 -0.214838 -0.143218 -0.193857 -0.297946 -0.200040 -0.266720 -0.267628 -0.392689 0.563310 0.544518 0.153147 0.037699 0.323766 0.219979 0.153370 -0.199941 0.023416 -0.013011 -0.132072 -0.144889 -0.011684 0.142023 -0.063940 -0.147058 0.293569 0.242822 0.149278 -0.146126 0.037175 0.230644 -0.288677 0.108958 0.110564 0.059327 -0.209525 -0.128119 0.500976 0.146047 -0.049671 0.097064 -0.026769 0.185750 0.149517 0.475546 -0.424381 -0.369399 -0.222909 -0.290636 0.170307 -0.234251 -0.016239 -0.019591 0.541482 0.560715 0.453812 0.435508 0.409039 -0.048614 0.595138 0.442834 0.560658 0.690599 -0.130483 -0.193585 -0.349193 -0.424140 -0.129948 -0.371362 -0.297948 -0.486886 -0.088026 -0.396424 -0.369671 -0.456987 -0.008622 0.095319 -0.020309 -0.032210 0.151265 0.150257 -0.159776 -0.173265 0.130151 -0.151715 -0.115221 -0.001425 0.143670 -0.138804 -0.034814 0.026995 -0.099563 -0.137361 -0.068261 -0.114714 -0.049677 0.171695
0.285283 0.282311 -0.292816 -0.356398 -0.293999 -0.218112 0.364190 -0.005513 -0.327804 0.090622 0.065208 0.158942 -0.231491 -0.222188 -0.345965 -0.169140 0.458533 1.000000 0.276648 -0.096241 -0.046173 0.097885 -0.331761 -0.427576 -0.078981 -0.072628 -0.328702 -0.237627 0.202147 0.795325 -0.104629 -0.201206 0.341747 0.002270 -0.181245 0.211756 0.042575 0.324882 -0.002515 0.145836 0.033226 0.245600 -0.122939 -0.176073 0.034758 0.032383 -0.103898 -0.138071 -0.222971 -0.019095 -0.260219 -0.003433 -0.301898 -0.060635 0.097251 -0.180664 0.500760 0.276088 -0.414605 -0.348919 -0.058142 0.001910 0.160562 0.511099 -0.226409 -0.310976 -0.464019 -0.453675 0.274345 -0.479739 0.041354 -0.021754 0.284379 0.616302 0.377886 0.324165 0.529413 0.523209 0.091298 0.655567 0.295675 0.494545 -0.135679 -0.237623 -0.253047 -0.279764 -0.146361 -0.098609 -0.300099 -0.334761 -0.000635 -0.364060 -0.043807 -0.184419 0.334552 0.263354 0.177695 -0.048499 0.340851 0.252815 0.159256 -0.074207 0.286807 -0.012689 0.157533 0.194477 -0.045527 -0.037842 0.004487 0.086256 -0.012150 -0.009481 0.262357 0.218617 0.012561 0.290001
0.268952 0.183650 0.079834 0.155811 0.054505 -0.229286 0.358513 0.208431 -0.070501 0.028766 -0.276492 -0.126017 -0.406286 -0.318298 -0.099729 -0.050159 0.155473 0.276648 1.000000 0.392315 0.130231 0.323930 0.019480 -0.023471 -0.103244 -0.148916 -0.054349 -0.098924 0.184075 0.317701 0.089326 0.073520 0.100356 0.038114 -0.222994 0.191464 0.127482 -0.003059 0.062202 -0.034645 0.057176 0.097578 -0.028138 -0.007957 0.135115 0.153110 0.019349 0.112938 -0.154200 0.060601 -0.261691 -0.272564 -0.206535 -0.329608 -0.093426 -0.401745 0.293074 0.051500 -0.069747 -0.193614 -0.085338 -0.073738 -0.115062 0.109091 -0.043432 -0.445861 -0.066416 -0.192196 0.460821 -0.141038 0.225201 0.335455 0.154697 0.253597 0.152590 0.181895 0.286710 0.443424 -0.001596 -0.013113 0.160887 0.215411 0.084361 0.122233 -0.203627 -0.343975 0.030679 -0.144400 -0.028537 -0.395481 -0.252636 -0.394502 -0.259332 -0.341745 0.100150 -0.203809 0.072130 -0.289385 -0.130216 -0.285067 -0.341482 -0.159212 -0.098502 -0.227009 -0.025735 -0.131363 0.034012 0.011989 0.023943 0.032787 0.091716 -0.200638 -0.293923 -0.158026 -0.042339 -0.108617
0.023508 0.194222 0.449211 0.229887 -0.032383 -0.157334 0.313623 0.255419 -0.146655 -0.054841 -0.162526 -0.132195 -0.215146 0.045329 -0.014224 0.065224 -0.286008 -0.096241 0.392315 1.000000 0.131207 -0.061411 0.165583 0.203073 0.075477 0.180204 -0.043751 -0.018309 0.074186 -0.089372 0.181391 0.271465 -0.214807 0.226214 -0.106488 0.064627 -0.112650 -0.324972 -0.069868 -0.246429 0.136579 0.116790 -0.262715 -0.263416 -0.059260 -0.097220 -0.104944 -0.026630 -0.439045 -0.289783 -0.184948 -0.302717 -0.142063 -0.153077 -0.206503 -0.372923 -0.139728 0.124318 -0.047011 -0.133275 -0.216986 -0.128655 -0.438916 -0.295643 0.268740 -0.079557 0.153299 0.077098 -0.009588 0.342046 0.218212 0.100025 -0.044088 -0.088939 -0.043712 0.024464 -0.078253 0.133183 -0.177519 -0.322167 0.188973 -0.008920 0.077048 0.473978 -0.066166 -0.120923 -0.205672 -0.211169 0.008690 -0.187279 -0.008530 0.296510 0.106021 0.201048 -0.165753 -0.482504 -0.315173 -0.347074 -0.058322 -0.199762 -0.146257 0.012334 -0.128626 -0.018243 -0.080901 -0.168683 -0.063463 0.054466 -0.228532 -0.346991 -0.110602 -0.031068 -0.056504 -0.250345 -0.166429 -0.228517
0.042716 -0.144554 0.131009 0.140688 0.459653 0.600101 -0.086698 0.395958 0.114539 0.348595 -0.150831 0.103719 -0.154761 0.298261 -0.171656 0.354238 -0.214838 -0.046173 0.130231 0.131207 1.000000 0.558226 -0.082814 0.075822 0.286221 0.374930 0.451010 0.192044 -0.012823 0.162012 0.112173 0.138742 -0.033327 -0.181738 -0.080937 0.026416 -0.170574 -0.073215 -0.020663 -0.067045 -0.251116 -0.172129 -0.265785 -0.189971 0.110779 0.107381 -0.243346 -0.197761 -0.064849 0.081683 0.018848 -0.236045 -0.215020 -0.163897 -0.033777 -0.216738 -0.109334 -0.194978 0.102836 -0.023283 0.168465 0.153457 -0.349261 -0.193734 0.008326 0.165735 -0.103754 -0.059628 0.331122 -0.140109 0.326798 0.079482 -0.076581 -0.023787 -0.233383 -0.105700 0.063011 0.163983 -0.142718 -0.083348 -0.308219 -0.088692 -0.243908 -0.068100 -0.183631 -0.188417 0.085930 -0.178698 -0.107372 -0.158084 0.048131 -0.122605 0.054217 0.006039 0.020060 -0.122044 -0.344903 -0.281569 -0.277720 -0.305841 0.218463 -0.049078 -0.065960 0.007132 -0.025835 0.016868 -0.014153 0.001691 0.010104 -0.062990 -0.471426 -0.354997 -0.152748 -0.259138 -0.220662 -0.294441
-0.095051 -0.247749 -0.063371 0.140034 0.248917 0.438519 -0.170314 0.005720 0.065490 0.124355 -0.267386 -0.103404 -0.279671 0.023647 -0.177254 0.326072 -0.143218 0.097885 0.323930 -0.061411 0.558226 1.000000 0.029011 0.163553 0.352378 0.351218 0.459958 0.449582 -0.200148 0.180009 0.115166 0.167309 0.247120 -0.326540 -0.084485 0.048741 0.012045 0.287504 0.047687 0.260331 -0.208571 0.023542 0.091353 0.103941 -0.033090 -0.032790 -0.138829 0.052334 -0.069630 0.040335 -0.044764 -0.298040 -0.357482 -0.129212 0.076886 -0.178932 0.055370 -0.089156 -0.209514 -0.291302 -0.051548 -0.235945 -0.091350 -0.236187 0.031299 -0.028223 -0.192101 -0.219076 0.381762 -0.324410 0.195077 0.321861 -0.128146 0.081274 -0.141079 -0.057807 0.105063 0.330844 -0.082764 0.286577 -0.354827 -0.174502 -0.044568 -0.123272 0.024614 -0.061875 0.128987 0.247982 0.084076 -0.023325 -0.054499 -0.238973 0.056308 -0.131005 0.115697 0.086439 -0.028220 -0.119224 -0.296331 -0.176248 -0.055623 -0.125236 -0.234406 -0.030849 0.036353 0.125000 0.110621 0.051446 0.232369 0.223715 0.012758 -0.157878 -0.111855 0.063942 0.066665 -0.056786
-0.244611 -0.096826 0.361924 0.756666 0.115596 0.065558 -0.357685 0.066033 0.379078 -0.137999 0.173774 -0.301817 0.340098 0.289206 0.568491 0.336554 -0.193857 -0.331761 0.019480 0.165583 -0.082814 0.029011 1.000000 0.862517 0.294070 0.234290 0.298062 0.439951 -0.060865 -0.412774 0.387857 0.579920 -0.251380 -0.036622 0.022594 -0.174189 0.048000 -0.264267 0.096093 0.178071 0.233843 -0.077373 -0.258185 -0.261211 -0.398238 -0.516419 -0.293558 -0.322443 -0.199374 -0.220683 0.005355 -0.336756 0.265783 0.016862 -0.000994 -0.007063 -0.110969 0.077510 -0.074137 -0.044163 -0.273352 -0.231476 -0.250252 -0.423145 0.524676 0.357501 -0.284157 -0.276689 -0.060629 0.234735 0.155190 0.248667 -0.130840 -0.220923 -0.241326 -0.057058 -0.493440 -0.362355 -0.061351 -0.284521 -0.063796 -0.321449 0.460283 0.172135 0.486118 0.172584 0.232647 0.306363 0.629526 0.457130 -0.398647 0.069920 0.192034 -0.045584 -0.046000 -0.145512 -0.326468 0.005532 -0.377570 -0.224249 -0.383367 -0.038441 -0.402528 -0.224463 -0.374534 -0.384684 -0.199149 0.007579 -0.017162 -0.126698 -0.156389 -0.195892 -0.244543 -0.090386 0.129319 -0.071788
-0.305537 -0.295944 0.297836 0.832279 0.024593 0.186122 -0.439780 0.108559 0.183067 -0.278625 -0.053416 -0.375643 0.118833 0.301610 0.330166 0.185310 -0.297946 -0.427576 -0.023471 0.203073 0.075822 0.163553 0.862517 1.000000 0.407961 0.385593 0.344036 0.548725 -0.296136 -0.503486 0.216672 0.557013 -0.305071 -0.265177 -0.099736 -0.182337 -0.184164 -0.239782 -0.076169 0.159871 0.068466 -0.195819 -0.250836 -0.242576 -0.438041 -0.519133 -0.348463 -0.215279 -0.202893 -0.193038 0.098144 -0.342990 0.209763 0.079973 0.015920 -0.131225 -0.158115 0.026231 -0.092493 -0.046449 -0.300537 -0.223662 -0.272456 -0.557988 0.611607 0.569081 -0.229337 -0.127545 -0.034743 0.292352 0.075099 0.121291 -0.406897 -0.340354 -0.387222 -0.248452 -0.552285 -0.336532 -0.225450 -0.294089 -0.293176 -0.526037 0.469997 0.067311 0.496340 0.308453 0.399363 0.457729 0.756049 0.586602 -0.203079 0.184420 0.375832 0.132865 0.036227 -0.099058 -0.423866 -0.016998 -0.384196 -0.167059 -0.321195 0.023762 -0.387857 0.060138 -0.133134 -0.143944 -0.184290 -0.045512 -0.048657 -0.036256 -0.097915 -0.062028 -0.165621 0.008968 0.188699 -0.089894
-0.209776 -0.368952 0.215034 0.158650 0.226363 0.654441 -0.322372 -0.086955 -0.013990 0.111728 0.028066 -0.284646 0.084484 0.242941 0.016708 0.409818 -0.200040 -0.078981 -0.103244 0.075477 0.286221 0.352378 0.294070 0.407961 1.000000 0.722518 0.553598 0.530204 -0.185124 -0.100031 0.230462 0.259971 0.007539 -0.300080 -0.086747 -0.023511 -0.057219 0.122144 0.120780 0.351779 -0.120715 -0.021718 -0.130540 -0.172197 -0.303142 -0.426625 -0.496185 -0.179952 -0.112975 -0.372460 0.029063 -0.340009 0.016236 0.018574 0.207216 -0.086944 -0.163610 -0.155713 -0.043716 -0.180541 -0.006964 -0.292550 0.000594 -0.285126 0.281239 0.279539 -0.207619 -0.255912 0.060631 0.004322 0.278499 0.114665 -0.231046 -0.177737 -0.305625 -0.206281 -0.113393 0.034098 -0.274222 0.072633 -0.390126 -0.393555 0.116224 -0.094552 0.188359 0.165315 0.142345 0.346668 0.205664 0.316974 -0.047148 0.169176 0.386913 0.270607 0.221079 0.221121 -0.159795 0.091229 -0.229656 0.085242 0.047616 0.136272 -0.161821 0.129348 -0.033782 0.028665 -0.276772 0.052103 0.246629 0.200866 -0.046510 -0.032811 0.106820 0.176684 0.205998 0.071788
-0.288723 -0.350211 0.516224 0.131267 0.181385 0.516472 -0.138879 0.290333 0.163110 0.075298 0.167314 -0.129212 0.235802 0.434637 -0.066978 0.263017 -0.266720 -0.072628 -0.148916 0.180204 0.374930 0.351218 0.234290 0.385593 0.722518 1.000000 0.287741 0.383380 -0.128110 -0.005876 0.421109 0.481917 -0.087839 -0.066420 0.058881 0.256144 -0.119894 0.153873 -0.001540 0.317285 -0.157685 0.057608 -0.218048 -0.240257 -0.201248 -0.351776 -0.393240 -0.201676 -0.256426 -0.405416 0.069253 -0.445976 -0.043783 -0.070875 0.170491 -0.137309 -0.299064 -0.272712 0.006031 -0.326694 0.156510 -0.129127 -0.298186 -0.529577 0.281756 0.427649 -0.367060 -0.307110 -0.127243 -0.195589 0.398962 0.193643 -0.187638 -0.108448 -0.297451 -0.117987 -0.059730 0.182892 -0.306046 0.002038 -0.424583 -0.436747 -0.045614 -0.259563 -0.037373 -0.046056 0.123981 0.192641 0.141054 0.258895 0.108642 0.205901 0.509215 0.279272 0.095135 0.130989 -0.287360 -0.060511 -0.290443 -0.095105 0.226936 -0.087941 -0.304497 0.012418 -0.121353 -0.006098 -0.226890 -0.000272 0.120622 -0.095338 -0.097402 -0.157826 0.094991 0.105433 0.134922 0.010082
0.018637 -0.283132 -0.053878 0.186935 0.470642 0.757005 -0.565353 -0.197159 0.152972 0.119754 -0.229319 -0.220961 -0.097982 0.100587 0.198185 0.509988 -0.267628 -0.328702 -0.054349 -0.043751 0.451010 0.459958 0.298062 0.344036 0.553598 0.287741 1.000000 0.618336 -0.164366 -0.359290 0.088517 -0.003045 -0.035751 -0.227675 0.090042 -0.232028 0.089264 -0.071373 0.292668 0.195347 -0.172588 -0.156481 0.022287 0.006309 -0.260075 -0.229608 -0.254223 0.040147 0.115832 -0.046903 0.133832 -0.250598 0.095468 -0.005127 0.179105 0.013937 -0.187366 -0.252239 0.023131 0.070287 -0.045380 -0.215007 0.079883 -0.155711 0.073241 0.082707 0.080701 -0.102255 0.267620 0.163967 0.153458 0.074029 -0.145294 -0.380474 -0.341379 -0.330778 -0.154810 -0.181871 0.007207 -0.151285 -0.273716 -0.327794 0.095036 0.108028 0.341976 0.161381 0.151830 0.231637 0.171073 0.275932 0.003082 0.090561 0.071499 0.067807 -0.181065 -0.103982 -0.202773 -0.067661 -0.296038 -0.097288 -0.111672 0.095398 -0.232041 0.059314 -0.130327 -0.073533 -0.069703 0.057054 -0.042639 0.124070 -0.084204 -0.070813 -0.111850 -0.040919 0.059654 -0.242829
-0.138761 -0.187026 -0.022256 0.287116 -0.128217 0.470402 -0.643467 -0.406114 -0.167846 -0.326228 -0.203148 -0.252989 -0.031521 0.309489 0.085858 0.317993 -0.392689 -0.237627 -0.098924 -0.018309 0.192044 0.449582 0.439951 0.548725 0.530204 0.383380 0.618336 1.000000 -0.530891 -0.420114 -0.106031 0.063103 -0.124882 -0.125353 0.178785 0.035158 0.099625 0.128401 0.259516 0.461482 0.091537 0.066770 0.149553 0.106850 -0.575523 -0.614731 -0.090449 0.105264 -0.071812 -0.160761 0.173571 -0.184563 0.195524 0.222653 0.360885 0.322807 -0.158265 0.016174 -0.273313 -0.251203 -0.392996 -0.619423 0.018547 -0.461028 0.347852 0.383922 -0.079144 -0.189867 0.261338 0.223285 0.005880 0.223700 -0.344289 -0.366814 -0.355810 -0.467864 -0.411921 -0.133584 -0.244904 -0.027758 -0.487332 -0.607768 0.286841 0.018609 0.597061 0.516855 0.127372 0.641253 0.407592 0.692866 -0.092194 0.198182 0.368745 0.100604 -0.141064 -0.065722 0.064053 0.304240 -0.070562 0.149630 -0.143105 0.062932 -0.318935 -0.029915 -0.122027 -0.090408 -0.083467 -0.088968 0.024684 0.082134 0.190034 0.221474 0.230273 0.300228 0.122578 -0.066447
0.165402 0.257757 0.000418 -0.095589 0.353124 -0.085627 0.220512 0.343678 0.383729 0.569008 0.389548 0.074752 0.185526 -0.100635 0.325305 0.244249 0.563310 0.202147 0.184075 0.074186 -0.012823 -0.200148 -0.060865 -0.296136 -0.185124 -0.128110 -0.164366 -0.530891 1.000000 0.500348 0.499313 0.304013 0.119605 0.476183 0.235275 -0.104193 0.295156 -0.293483 0.099623 -0.163495 0.193319 0.231981 -0.313023 -0.303076 0.430844 0.344680 0.137063 -0.290540 -0.165343 0.008113 -0.366273 -0.224447 0.038110 -0.074307 -0.289736 -0.130364 0.144582 -0.124022 0.058628 0.084231 0.102522 0.316022 -0.188406 0.246775 -0.317962 -0.412525 -0.216889 -0.319739 -0.095710 -0.347950 0.228143 0.055360 0.802471 0.424584 0.419953 0.624950 0.367483 -0.103758 0.625707 -0.006472 0.696193 0.704535 -0.062467 0.213719 -0.322928 -0.534854 -0.214875 -0.612847 -0.427218 -0.617659 -0.210376 -0.365460 -0.447870 -0.449754 -0.112695 -0.043084 -0.211036 -0.231354 -0.051207 -0.284395 -0.057180 -0.327303 -0.098649 -0.506177 -0.455594 -0.408723 -0.137032 -0.092553 0.045495 -0.252056 -0.394994 -0.361360 -0.294983 -0.492524 -0.251292 -0.036813
0.216838 0.269896 -0.155025 -0.341542 0.031042 -0.134992 0.366307 0.317465 -0.018779 0.375452 0.169717 0.317682 -0.118066 -0.083883 -0.276420 -0.045713 0.544518 0.795325 0.317701 -0.089372 0.162012 0.180009 -0.412774 -0.503486 -0.100031 -0.005876 -0.359290 -0.420114 0.500348 1.000000 0.117534 0.007627 0.300868 0.105791 -0.138608 0.270970 0.106172 0.247556 -0.091115 -0.014048 -0.022578 0.251193 -0.223091 -0.201061 0.321055 0.290441 -0.011693 -0.187678 -0.225189 0.050782 -0.374134 -0.179759 -0.318493 -0.162326 -0.127525 -0.274232 0.388759 0.057513 -0.151670 -0.257122 0.155092 0.218882 -0.080136 0.397627 -0.319984 -0.331412 -0.472506 -0.420239 0.256994 -0.611239 0.207649 0.073151 0.522136 0.717091 0.470817 0.485021 0.606755 0.566659 0.225326 0.527761 0.352425 0.604853 -0.340179 -0.292378 -0.482679 -0.521487 -0.195112 -0.396619 -0.491329 -0.588473 -0.175345 -0.533555 -0.180906 -0.355821 0.234384 0.217634 0.090937 -0.184991 0.073734 -0.084398 0.184711 -0.318636 0.138390 -0.173529 0.062145 0.099463 -0.070025 -0.159119 0.110869 0.018439 -0.185982 -0.290666 0.002798 -0.090466 -0.074466 0.169333
-0.428433 -0.132149 0.504163 0.205371 0.541215 0.144771 0.148805 0.345816 0.685117 0.507048 0.360498 -0.132984 0.419382 0.108998 0.430861 0.532395 0.153147 -0.104629 0.089326 0.181391 0.112173 0.115166 0.387857 0.216672 0.230462 0.421109 0.088517 -0.106031 0.499313 0.117534 1.000000 0.757389 -0.012191 0.240935 0.349267 0.058144 0.262809 -0.082768 0.202694 -0.045870 0.081192 0.114855 -0.139922 -0.173972 0.256966 0.036172 -0.089121 -0.296266 -0.178781 -0.210245 -0.116719 -0.402946 0.075061 -0.097263 -0.210433 -0.115927 -0.303467 -0.264728 -0.026210 -0.145688 -0.039450 -0.053648 -0.403931 -0.348825 -0.014085 -0.108447 -0.298792 -0.269506 -0.266673 -0.247552 0.551430 0.346719 0.435427 0.276632 0.134842 0.511904 0.105727 0.003714 0.267505 -0.102657 0.200300 0.146303 -0.075671 0.205666 -0.159404 -0.291564 -0.166791 -0.304059 -0.131659 -0.274018 -0.178291 -0.002152 -0.126536 -0.232257 -0.240227 -0.089286 -0.368501 -0.206996 -0.331144 -0.319637 -0.033851 -0.314971 -0.407032 -0.453564 -0.522768 -0.461065 -0.261405 -0.139844 -0.051682 -0.370952 -0.348349 -0.429657 -0.301894 -0.354860 -0.207514 -0.111888
-0.527554 -0.195222 0.451703 0.546137 0.249486 0.003537 -0.052566 0.431499 0.465247 0.176218 0.209584 -0.188106 0.266334 0.244778 0.297109 0.326158 0.037699 -0.201206 0.073520 0.271465 0.138742 0.167309 0.579920 0.557013 0.259971 0.481917 -0.003045 0.063103 0.304013 0.007627 0.757389 1.000000 -0.043051 0.037460 0.207258 -0.014931 -0.036510 -0.164777 -0.132427 -0.014949 0.035134 0.003319 -0.257631 -0.220997 0.100652 -0.085820 -0.166593 -0.352349 -0.357532 -0.142850 -0.153975 -0.437992 -0.040399 -0.105702 -0.278509 -0.211199 -0.215114 -0.088945 -0.103759 -0.144112 -0.217904 -0.079521 -0.544648 -0.587448 0.320624 0.275409 -0.351199 -0.170106 -0.176639 -0.125592 0.393093 0.251197 0.167012 0.103825 -0.045180 0.294408 -0.166549 -0.147738 0.135239 -0.058861 0.077192 0.010590 0.183641 0.120935 -0.021130 -0.121638 0.130948 -0.060791 0.224018 -0.037694 -0.268898 -0.031001 0.134788 -0.127867 0.013639 -0.015439 -0.457702 -0.145569 -0.416791 -0.383825 -0.130732 -0.292535 -0.528641 -0.287429 -0.375017 -0.326832 -0.274870 -0.062215 0.004175 -0.221432 -0.354401 -0.356105 -0.241220 -0.264970 -0.115932 -0.187298
0.048933 0.236782 -0.328040 -0.239343 -0.117839 -0.032883 0.115179 -0.162620 -0.195247 0.072781 0.052088 0.030834 -0.082223 -0.094787 -0.303765 -0.069993 0.323766 0.341747 0.100356 -0.214807 -0.033327 0.247120 -0.251380 -0.305071 0.007539 -0.087839 -0.035751 -0.124882 0.119605 0.300868 -0.012191 -0.043051 1.000000 -0.109983 0.112786 -0.303606 -0.060695 0.203295 -0.130666 -0.192835 -0.216452 -0.165690 0.114972 0.060382 0.168667 0.195680 -0.083587 -0.117611 0.187847 0.122859 0.006189 0.084000 -0.305096 -0.087990 -0.029983 -0.180348 0.193291 0.131935 -0.229259 -0.153469 -0.031488 -0.104243 0.242888 0.240167 -0.267751 -0.221483 -0.006579 -0.141746 0.234681 -0.383577 0.112075 -0.055576 0.172852 0.186413 0.227476 0.097020 0.501815 0.065114 0.222443 0.436395 0.031100 0.303733 -0.107041 -0.246866 -0.106490 -0.151352 -0.033644 -0.038570 -0.180648 -0.296942 0.026746 -0.263364 -0.152476 -0.286963 0.130364 0.260655 0.053250 -0.039826 0.035076 0.121767 0.004490 -0.155953 -0.056072 -0.015605 0.166363 0.195561 0.146727 0.020869 0.097867 0.296779 -0.068725 -0.006744 0.049330 0.055705 0.054976 0.020038
0.153303 0.493531 0.160490 -0.221755 0.047307 -0.213006 0.180044 0.065768 0.141992 0.150462 0.249094 0.009838 0.243314 0.040427 0.247753 0.167382 0.219979 0.002270 0.038114 0.226214 -0.181738 -0.326540 -0.036622 -0.265177 -0.300080 -0.066420 -0.227675 -0.125353 0.476183 0.105791 0.240935 0.037460 -0.109983 1.000000 0.505106 0.226724 0.437585 -0.249385 0.367956 -0.011806 0.364136 0.429584 -0.050892 -0.064218 0.106828 0.010083 0.390319 0.037836 -0.228739 -0.104526 -0.123073 -0.136947 0.225430 0.051054 -0.073709 0.312481 -0.106518 -0.076937 0.008039 -0.175062 0.030186 -0.055903 -0.084864 -0.024366 -0.242304 -0.309557 -0.015783 -0.299444 -0.115562 0.056813 0.014332 0.156049 0.546870 0.100683 0.245858 0.288195 0.109178 -0.074519 0.367699 -0.157199 0.500896 0.289759 -0.083957 0.346415 -0.052914 -0.199914 -0.526766 -0.333601 -0.393633 -0.221064 -0.168269 0.001710 -0.356098 -0.401382 -0.590116 -0.388199 0.065867 0.064729 0.088330 -0.070439 -0.152034 -0.441292 -0.268431 -0.641281 -0.541955 -0.514205 0.097865 -0.210500 -0.214715 -0.430458 -0.058833 -0.083002 -0.103370 -0.359529 -0.369994 -0.156994
-0.360204 -0.022992 0.105739 -0.208148 0.000177 0.068314 -0.205164 -0.204019 0.202599 0.049476 0.063676 -0.079012 0.186464 0.086661 0.223905 0.243430 0.153370 -0.181245 -0.222994 -0.106488 -0.080937 -0.084485 0.022594 -0.099736 -0.086747 0.058881 0.090042 0.178785 0.235275 -0.138608 0.349267 0.207258 0.112786 0.505106 1.000000 -0.036557 0.411602 0.002465 0.286814 0.056157 0.161388 0.282216 0.316865 0.286190 -0.010709 -0.107286 0.471900 0.067047 -0.044080 -0.138703 0.233317 -0.070309 0.245000 0.118706 0.006068 0.346194 -0.404838 -0.211424 -0.158104 -0.186261 -0.254245 -0.377569 -0.101169 -0.358889 -0.060344 -0.055765 0.135983 -0.121038 -0.177343 0.004035 0.052569 0.103266 0.441001 0.015659 0.183571 0.179320 0.153904 -0.265958 0.521101 -0.101575 0.134067 0.056123 -0.093728 0.135171 0.134965 0.055256 -0.273752 -0.077199 -0.248905 -0.014872 0.009954 0.160244 -0.055734 -0.169052 -0.569935 -0.137499 0.044077 0.041319 0.040677 0.010180 0.093048 -0.227187 -0.347760 -0.394548 -0.441140 -0.323148 -0.020847 -0.066302 -0.210513 -0.242461 0.010530 0.086743 0.195331 0.074211 -0.114361 -0.066460
-0.077907 -0.054809 0.271228 -0.230894 -0.076630 -0.145214 0.215572 0.117338 0.014296 -0.053847 0.034642 0.252821 0.049241 0.075374 -0.086202 0.000697 -0.199941 0.211756 0.191464 0.064627 0.026416 0.048741 -0.174189 -0.182337 -0.023511 0.256144 -0.232028 0.035158 -0.104193 0.270970 0.058144 -0.014931 -0.303606 0.226724 -0.036557 1.000000 0.296880 0.306000 0.201749 0.210695 0.182511 0.123118 -0.007573 -0.001336 0.089749 -0.001153 0.118864 0.133326 -0.172094 -0.218593 -0.104853 -0.292025 -0.134812 -0.332976 0.287420 0.176057 -0.142987 -0.338938 0.055254 -0.299551 0.204051 -0.087839 -0.020664 -0.135659 -0.057237 -0.049089 -0.188056 -0.110833 0.066895 -0.158659 0.156596 0.228106 0.079707 0.069074 0.026001 -0.115169 0.192047 0.662415 -0.374288 0.052557 -0.115975 -0.231012 -0.090471 -0.061086 -0.159984 -0.039707 -0.092828 -0.035293 -0.178462 0.028885 -0.053752 -0.098172 0.040455 -0.092221 0.007990 -0.016974 0.353694 0.177591 0.053541 -0.107786 0.119827 -0.368984 -0.139708 -0.168180 0.084784 0.031467 0.033618 -0.178423 -0.113392 -0.298783 0.185028 -0.097445 0.022340 0.003385 -0.028611 -0.046630
