1.000000 0.566896 -0.333752 0.203244 -0.041624 -0.267345 0.163596 0.100283 -0.086334 -0.186062 0.343705 0.651027 0.273115 0.508404 0.153359 0.173247 0.545231 0.404949 0.196176 0.573741 0.036715 -0.024021 -0.249263 -0.323501 -0.596233 -0.572436 -0.399672 -0.415059 0.463761 0.618722 0.068272 0.020112 0.312000 0.302485 -0.446095 -0.593500 0.029825 -0.145786 -0.027805 -0.115041 0.130290 0.564215 -0.107017 -0.101467 -0.238686 -0.450294 -0.083144 -0.185885 -0.151051 -0.086985 -0.179490 -0.106390 0.155781 0.034248 0.053689 0.017733 0.372318 0.122184 -0.426731 -0.154079 0.121993 0.018810 0.620881 0.476184 -0.502317 -0.317479 -0.369066 -0.585832 0.109813 -0.134863 0.058963 -0.308062 0.366023 0.342284 0.255671 0.250842 0.146054 -0.238921 0.231879 0.198976 0.630686 0.563830 0.105506 0.522898 -0.363500 -0.106994 -0.001678 0.144101 -0.289418 -0.073880 0.012933 -0.129685 -0.065043 -0.027831 -0.140682 0.062906 -0.154413 -0.103856 0.132680 0.230907 -0.221060 0.457547 0.217625 -0.020095 -0.176116 -0.116000 -0.210463 0.120672 -0.263449 -0.221087 -0.498683 0.085127 0.225357 0.084733 0.301798 0.016607
0.566896 1.000000 -0.502944 0.024010 0.005826 -0.256231 -0.284358 0.034993 -0.076780 -0.102246 0.027136 0.449252 0.012649 0.249214 -0.043338 0.066970 0.380317 0.659814 -0.139824 0.585450 0.088864 -0.012312 -0.387470 -0.341500 -0.351195 -0.356625 -0.241960 -0.311464 0.231520 0.562847 -0.201569 -0.114475 0.153346 0.358515 -0.373557 -0.473834 -0.201907 -0.134382 -0.408869 -0.230048 -0.082417 0.405633 -0.075104 -0.151627 -0.087913 -0.312735 0.004227 -0.235104 -0.007211 -0.029141 -0.123211 -0.017166 0.197719 0.086416 -0.284239 -0.183438 0.699315 0.722798 -0.251048 0.215833 -0.020622 0.092220 0.456921 0.549858 -0.512906 -0.366739 -0.072420 -0.350050 0.587977 0.504466 -0.226164 -0.370838 0.047770 0.076223 0.045798 -0.029760 -0.035932 -0.282448 0.308053 0.325228 0.575797 0.666019 -0.278505 0.368505 -0.541154 -0.147725 -0.336251 -0.240001 -0.417182 -0.320456 0.314434 -0.127462 0.076612 0.120750 0.000069 -0.066718 -0.112496 0.033570 0.203146 0.201098 0.194692 0.313251 0.468405 0.197785 -0.149093 0.091839 -0.223183 -0.044168 -0.443130 -0.148307 -0.459977 0.073540 0.277671 0.163995 0.139646 0.116130
-0.333752 -0.502944 1.000000 -0.020042 0.060861 -0.016829 0.525131 0.229055 0.309741 0.002060 0.282236 -0.217749 0.278193 0.093470 0.322622 0.113552 -0.244391 -0.441033 0.304656 -0.216575 -0.031585 -0.089872 0.569711 0.466044 0.277125 0.325747 -0.028315 0.211638 -0.075385 -0.427647 0.273608 0.361129 0.033045 0.058283 0.220373 0.388956 0.080149 0.059012 0.247908 0.075750 0.090117 -0.243956 -0.180897 -0.246906 -0.296691 0.033500 -0.322312 -0.208693 -0.335509 -0.294845 -0.118457 -0.261195 -0.275037 -0.408358 -0.006184 -0.224518 -0.424109 -0.381140 0.377261 -0.199694 0.445343 0.021890 -0.162810 -0.214307 0.537150 0.239770 0.059537 0.200186 -0.187562 -0.182717 0.243432 0.078522 -0.121871 0.001965 0.077485 0.278560 0.100135 0.235096 -0.180739 -0.179989 -0.233197 -0.406470 0.439915 -0.208570 0.612248 -0.107315 0.367429 0.099682 0.469924 0.009239 -0.249940 0.225618 0.022195 0.100974 -0.072630 0.095228 0.055208 -0.023229 -0.472132 -0.336327 -0.129419 -0.160929 -0.318846 -0.178669 -0.174550 -0.264179 -0.094425 -0.093364 0.254911 0.094561 0.369062 -0.121951 -0.236885 -0.258549 -0.168462 -0.152806
0.203244 0.024010 -0.020042 1.000000 0.069021 0.039780 0.043361 0.374314 0.145813 -0.095937 0.010216 0.172175 0.049198 0.328675 0.213892 -0.002381 -0.014718 -0.141931 0.213501 0.181373 -0.027075 0.021655 0.457403 0.543624 0.062929 0.041497 -0.131943 0.178023 -0.075533 -0.168939 0.263430 0.187467 0.167625 -0.279965 -0.085904 -0.107657 -0.074753 -0.149988 0.131002 0.340641 0.018118 0.119993 -0.143917 -0.188065 -0.397073 -0.247160 -0.392184 -0.162708 -0.401127 -0.319245 -0.378135 -0.468232 -0.279053 -0.225095 -0.133663 -0.199823 -0.075240 -0.035430 -0.239181 -0.342931 0.010963 0.133109 -0.139812 -0.026504 0.444480 0.380785 -0.479162 -0.255781 0.018555 -0.141011 0.016902 -0.020404 -0.156898 0.148255 0.018904 -0.123622 -0.074862 -0.029708 0.003148 -0.073320 -0.006919 -0.105078 0.162897 0.168003 0.206865 0.464537 0.123392 0.280747 0.147718 0.233802 0.037521 -0.168958 0.382947 -0.023517 -0.392975 -0.102417 -0.244879 -0.293511 -0.173938 -0.181531 -0.383237 0.128747 -0.036654 -0.073959 -0.129789 0.007094 -0.092193 -0.024448 0.202219 -0.117462 0.001601 0.142064 0.003432 -0.085957 -0.148807 -0.313513
-0.041624 0.005826 0.060861 0.069021 1.000000 0.652052 -0.057296 0.064206 0.752015 0.698437 0.026406 -0.016252 0.131554 -0.016643 0.378854 0.704075 -0.192969 0.034791 0.015474 0.052843 -0.066768 -0.180048 0.015063 0.041953 0.477481 0.301263 0.344861 0.217545 0.077491 0.038851 0.102500 0.008713 -0.203443 -0.183781 -0.058446 0.173449 0.039726 -0.053636 0.014074 -0.206311 -0.312972 -0.218197 0.170728 0.067345 -0.092261 -0.075108 -0.032441 -0.170489 0.036721 0.054300 0.053612 -0.017024 0.058761 0.014952 0.055985 -0.081077 -0.137344 -0.068991 0.184152 0.225930 0.020014 0.194557 -0.079107 0.106440 0.089882 0.074912 0.044159 -0.004211 0.231610 0.169189 -0.327092 -0.171841 -0.060634 -0.317489 -0.074683 -0.135841 -0.171883 -0.014115 -0.122750 -0.159425 -0.196999 -0.155148 0.135055 -0.103871 -0.012666 -0.209665 0.227380 -0.028790 0.368123 0.278133 -0.112914 -0.378972 -0.098427 -0.205151 0.129473 0.030582 -0.068549 -0.015042 -0.330325 -0.347464 -0.222112 -0.258997 -0.189903 -0.254707 0.037974 0.068063 0.127442 0.117960 -0.142372 -0.132717 -0.134215 -0.226564 -0.230024 -0.122596 0.098640 -0.041811
-0.267345 -0.256231 -0.016829 0.039780 0.652052 1.000000 -0.218470 0.165452 0.331061 0.592068 -0.234985 -0.336323 0.036533 -0.240483 0.002723 0.465381 -0.449448 -0.330848 -0.141980 -0.156618 -0.098981 0.018838 -0.126606 0.050840 0.470670 0.549558 0.694211 0.610368 -0.256555 -0.284942 -0.280358 -0.264546 -0.467031 -0.322296 0.282872 0.515457 0.016131 0.172192 0.142726 0.109657 -0.318357 -0.225823 0.174090 0.031499 0.056204 0.081315 0.057249 -0.027347 0.239403 0.023462 0.306054 0.151730 0.099357 -0.018605 0.107779 0.064932 -0.226311 -0.179396 0.296364 0.202949 -0.129325 0.180656 -0.409928 -0.257588 0.135843 0.405199 0.305354 0.328033 0.119664 0.162790 -0.291985 0.020287 -0.229332 -0.502705 -0.305661 -0.351666 -0.413618 -0.010426 -0.338987 -0.383709 -0.370700 -0.434906 -0.122798 -0.315077 -0.118094 -0.301639 0.011702 -0.112377 0.315175 0.458771 0.098895 -0.229147 -0.009921 -0.293773 0.269476 0.016571 0.053267 -0.044630 -0.270046 -0.166239 -0.060541 -0.235569 -0.088118 -0.033836 0.277057 0.199316 0.194484 0.086535 0.147399 -0.133006 0.056595 -0.215470 -0.304442 -0.230382 -0.029062 -0.137625
0.163596 -0.284358 0.525131 0.043361 -0.057296 -0.218470 1.000000 0.407117 0.174218 -0.112993 0.445017 0.262587 0.290362 0.323603 0.418341 0.009486 0.180173 -0.099251 0.424898 0.099307 -0.095675 -0.166260 0.321090 0.163826 -0.098861 -0.096196 -0.307876 -0.333010 0.346269 0.013561 0.546652 0.493568 0.308030 0.323451 -0.089758 -0.119325 -0.049311 -0.367709 0.236224 0.051318 0.204985 -0.015547 -0.269666 -0.219454 -0.241790 -0.179755 -0.206005 -0.131697 -0.347838 -0.122918 -0.161410 -0.201433 -0.198365 -0.127662 0.078103 -0.116083 -0.337296 -0.382877 -0.189270 -0.194525 0.360606 0.159653 0.412106 0.285450 0.087822 -0.065743 -0.230401 -0.224226 -0.227052 -0.490914 0.274136 0.033713 0.235213 0.147135 0.195350 0.355478 0.261135 0.113170 0.010473 0.017854 0.154654 -0.017496 0.660826 0.106471 0.317739 -0.073666 0.541220 0.173390 0.273888 -0.118710 -0.488039 0.026029 -0.182843 -0.163174 -0.415236 -0.046977 -0.219894 -0.175145 -0.250538 -0.343118 -0.282298 0.042481 -0.330665 -0.386215 -0.287477 -0.365112 -0.074361 -0.069046 0.087569 -0.077464 0.068147 -0.101564 -0.221423 -0.285186 -0.180944 -0.343221
0.100283 0.034993 0.229055 0.374314 0.064206 0.165452 0.407117 1.000000 0.135295 0.047612 0.170813 0.233429 0.392878 0.354158 0.196158 0.188519 -0.072110 -0.050834 -0.067976 0.152417 -0.126822 0.125315 0.047935 0.217201 0.026725 0.323285 -0.078800 0.132651 0.159381 0.099204 0.101802 0.325529 -0.134620 0.062616 -0.009390 0.010592 -0.280649 -0.114430 0.116230 0.304932 0.144300 0.125447 -0.266052 -0.356299 -0.377302 -0.378155 -0.313357 -0.295699 -0.239549 -0.321574 -0.150089 -0.263535 -0.128297 -0.312264 -0.112505 -0.210348 -0.103901 -0.029617 -0.082285 -0.021137 0.168470 0.331954 0.031209 0.206908 0.013409 0.337978 -0.113820 -0.105953 0.005530 -0.131833 0.048660 0.012278 -0.012849 0.006440 -0.029216 -0.009761 -0.196977 -0.007747 -0.138794 -0.075311 0.117349 -0.086321 0.175063 0.143023 -0.125659 -0.230213 0.205032 0.037943 0.162523 0.062558 -0.069062 -0.094429 0.357773 -0.088559 -0.218122 -0.132091 -0.092778 -0.191707 -0.193527 -0.292621 -0.013820 0.199781 0.006414 -0.107043 -0.098285 -0.113124 -0.170893 0.112906 0.076462 -0.044560 -0.045857 -0.077097 -0.166426 -0.226232 -0.210206 -0.463712
-0.086334 -0.076780 0.309741 0.145813 0.752015 0.331061 0.174218 0.135295 1.000000 0.755749 0.200855 0.040721 0.225748 0.188879 0.494187 0.619601 -0.077344 -0.060450 0.092351 0.019902 -0.236789 -0.390574 0.281314 0.274536 0.373403 0.153271 0.015658 -0.006568 0.122938 -0.060712 0.377579 0.294882 -0.041442 -0.103269 -0.161062 0.072375 -0.062895 -0.284392 -0.056088 -0.337893 -0.227782 -0.265617 0.071972 0.036800 -0.121736 -0.207825 -0.048364 -0.238588 -0.011145 0.094218 -0.005413 -0.098369 0.021259 0.062730 -0.063197 -0.119230 -0.249755 -0.164818 0.201995 0.175416 0.179104 0.145265 0.010706 0.117457 0.200240 -0.066207 -0.046098 -0.114160 0.126843 0.084899 -0.279287 -0.146912 -0.022918 -0.205791 0.074486 -0.095852 -0.110612 -0.058718 -0.123427 -0.157238 -0.180890 -0.216127 0.310447 -0.043704 0.198703 -0.168632 0.360097 0.072650 0.379851 0.099059 -0.223728 -0.289216 -0.139989 -0.042619 -0.026092 0.027631 -0.140865 -0.134827 -0.276690 -0.470272 -0.291272 -0.038188 -0.192261 -0.215527 0.049678 0.018610 0.172740 0.175548 -0.265403 -0.191281 -0.186372 -0.314940 -0.263828 -0.081319 -0.022093 -0.075450
-0.186062 -0.102246 0.002060 -0.095937 0.698437 0.592068 -0.112993 0.047612 0.755749 1.000000 -0.060620 -0.199487 0.079530 -0.095250 0.117424 0.591116 -0.089813 -0.016939 -0.115405 -0.200378 -0.257880 -0.351720 -0.048255 -0.000639 0.504324 0.324222 0.274617 0.148125 -0.020986 -0.064446 0.034826 -0.076120 -0.183391 -0.137478 0.011362 0.248174 -0.141546 -0.147456 -0.220425 -0.476892 -0.341943 -0.262938 0.251757 0.209128 0.171844 -0.050563 0.202380 -0.142494 0.379181 0.306940 0.333142 0.281810 0.293100 0.252220 -0.013004 0.029093 -0.127238 -0.082570 0.277329 0.396927 -0.016688 0.077233 -0.063589 0.002747 -0.045058 -0.037692 0.300173 0.122336 0.133545 0.194811 -0.483756 -0.176013 -0.072842 -0.451099 -0.133507 -0.383067 -0.342603 -0.254524 -0.251050 -0.261063 -0.272691 -0.262276 -0.120583 -0.277445 -0.096089 -0.373325 0.075556 -0.126606 0.147405 0.143546 -0.051718 -0.349341 -0.138226 -0.104430 0.276180 -0.039478 -0.055932 -0.080804 -0.091053 -0.210091 -0.054101 -0.054653 -0.130805 -0.083509 0.283848 0.157744 0.255630 0.179380 -0.370743 -0.235018 -0.298537 -0.273017 -0.251831 0.049482 0.054448 0.038526
0.343705 0.027136 0.282236 0.010216 0.026406 -0.234985 0.445017 0.170813 0.200855 -0.060620 1.000000 0.710820 0.739322 0.744110 0.416099 0.226836 0.376319 -0.043753 0.081002 0.140546 -0.096473 -0.215635 0.064414 -0.003630 -0.226841 -0.331000 -0.390954 -0.258752 0.391718 0.178521 0.344544 0.299043 0.129708 0.106842 -0.340674 -0.355056 -0.176498 -0.321414 -0.202429 -0.192656 -0.177655 0.025628 0.009265 0.007530 -0.174605 -0.266907 -0.105889 -0.210010 -0.132759 0.003118 -0.147276 0.013893 -0.044871 -0.142795 -0.114453 -0.153531 -0.110462 -0.307986 0.007403 0.067937 0.274881 0.115138 0.480825 0.346828 -0.165714 -0.177021 -0.224534 -0.368546 -0.237773 -0.344065 0.258631 -0.175673 0.272488 0.244705 0.313666 0.436139 0.313261 -0.020027 0.150704 -0.156717 0.348282 0.125837 0.361252 0.034328 0.240342 -0.037467 0.122463 -0.096179 -0.051287 -0.222428 -0.143369 0.197242 -0.010557 0.141603 -0.148316 0.192470 -0.136863 0.060889 -0.100870 -0.129295 -0.182082 0.158123 -0.163021 -0.164531 -0.278581 -0.330548 -0.000921 0.140978 0.045843 0.017565 -0.228001 -0.085352 -0.008816 0.151055 0.262936 0.007312
0.651027 0.449252 -0.217749 0.172175 -0.016252 -0.336323 0.262587 0.233429 0.040721 -0.199487 0.710820 1.000000 0.564694 0.812577 0.277127 0.199878 0.544130 0.363044 0.045540 0.487855 -0.102686 -0.102219 -0.217616 -0.227227 -0.532973 -0.561279 -0.538738 -0.470937 0.495474 0.589044 0.294166 0.239784 0.238328 0.199030 -0.581625 -0.704888 -0.202428 -0.348064 -0.180213 -0.083659 -0.075888 0.343189 -0.080759 -0.047985 -0.229842 -0.415353 -0.078819 -0.121822 -0.160467 -0.020850 -0.267647 -0.073612 0.005694 -0.030537 -0.090145 -0.084594 0.165727 0.006610 -0.327893 0.002160 0.153032 0.239134 0.633674 0.611964 -0.427771 -0.278535 -0.448446 -0.586952 -0.029531 -0.223516 0.150557 -0.216233 0.316148 0.412515 0.305091 0.325431 0.294216 -0.079247 0.327167 0.183104 0.525561 0.476559 0.187861 0.409672 -0.182039 0.081279 -0.008341 -0.053297 -0.213526 -0.224753 -0.041640 0.058982 0.104140 0.093884 -0.299110 0.041285 -0.224222 -0.063302 0.126960 0.013834 -0.187508 0.297825 0.119543 -0.104548 -0.268802 -0.262706 -0.112733 0.213056 -0.141287 -0.057893 -0.354477 -0.004283 0.111124 0.155721 0.197127 -0.115352
0.273115 0.012649 0.278193 0.049198 0.131554 0.036533 0.290362 0.392878 0.225748 0.079530 0.739322 0.564694 1.000000 0.720258 0.185130 0.280007 0.275654 -0.046334 -0.065455 -0.012672 -0.289656 -0.259114 -0.105130 -0.117728 -0.249530 -0.258846 -0.234677 -0.031086 0.188371 0.112381 -0.000673 0.044155 -0.014271 0.073613 -0.314231 -0.177148 -0.264444 -0.154140 -0.120853 -0.161479 -0.249633 0.044408 0.004138 -0.052054 -0.139789 -0.177221 -0.032427 -0.233816 0.027863 0.023547 0.023433 0.093230 0.211523 -0.090156 -0.037898 -0.021961 -0.015391 -0.207882 0.254650 0.172444 0.404857 0.312841 0.228932 0.233777 -0.185247 0.155641 -0.103368 -0.271961 -0.151219 -0.272101 0.123048 -0.347253 0.152812 0.112832 0.143472 0.277568 0.113985 -0.246931 0.157167 -0.188995 0.143782 -0.065059 0.083201 -0.127013 0.003107 -0.133133 -0.020722 -0.106881 0.043870 0.037408 -0.087569 0.156427 0.180685 0.122653 -0.042830 0.189115 0.019034 0.061508 0.066804 0.063443 -0.181209 0.186086 -0.016600 -0.030378 -0.152168 -0.265497 -0.099844 0.320739 0.097530 0.059741 -0.220276 0.107133 0.052438 0.075346 0.193599 -0.026216
0.508404 0.249214 0.093470 0.328675 -0.016643 -0.240483 0.323603 0.354158 0.188879 -0.095250 0.744110 0.812577 0.720258 1.000000 0.429599 0.275532 0.406613 0.102297 0.098762 0.406254 -0.191342 -0.136872 0.115708 0.119724 -0.480402 -0.449987 -0.482766 -0.290811 0.456405 0.335417 0.317286 0.348480 0.261986 0.118297 -0.365647 -0.585845 -0.158880 -0.219785 -0.087808 -0.027098 -0.065619 0.362187 -0.111095 -0.173362 -0.373032 -0.515023 -0.215573 -0.303113 -0.306777 -0.177305 -0.351945 -0.240574 -0.151101 -0.222234 -0.147477 -0.176684 -0.039438 -0.119070 -0.249366 -0.176872 0.161336 0.105960 0.385093 0.302026 -0.135363 -0.116653 -0.488773 -0.600757 -0.051844 -0.232535 0.263105 -0.266012 0.310851 0.396393 0.388794 0.389067 0.272942 -0.116866 0.328710 -0.045049 0.445947 0.240457 0.244957 0.324699 0.073654 0.011656 0.053402 0.000356 -0.106459 -0.247135 -0.005269 0.216002 0.278867 0.275048 -0.168689 0.192805 -0.184323 -0.017278 0.003713 -0.032173 -0.231825 0.379505 0.049570 -0.025995 -0.197683 -0.205053 -0.162775 0.195484 -0.006771 0.000003 -0.318329 0.033124 0.141424 0.218732 0.179609 -0.057851
0.153359 -0.043338 0.322622 0.213892 0.378854 0.002723 0.418341 0.196158 0.494187 0.117424 0.416099 0.277127 0.185130 0.429599 1.000000 0.611766 -0.007397 -0.078783 0.295773 0.426734 0.181099 0.112121 0.395392 0.431731 -0.002714 0.003280 0.003721 -0.193272 0.349964 0.028125 0.426019 0.499066 0.080721 -0.006369 -0.231605 -0.271136 -0.030190 -0.335764 0.136314 0.133270 0.120610 0.127274 -0.363849 -0.380606 -0.602969 -0.525112 -0.492575 -0.346356 -0.493875 -0.387193 -0.488996 -0.504933 -0.500718 -0.394136 -0.181411 -0.491670 -0.260750 -0.118526 -0.120342 -0.098449 0.238368 0.201956 0.191050 0.238204 0.289441 -0.003047 -0.315483 -0.213746 -0.122779 -0.172997 0.215701 0.156597 0.046709 0.104689 0.140840 0.266922 0.025551 0.312429 -0.089640 -0.084639 0.038330 -0.079027 0.698112 0.433042 0.399562 0.026908 0.402202 0.200167 0.374265 0.070680 -0.167810 0.102998 0.101185 0.130530 -0.268799 -0.143341 -0.441548 -0.227404 -0.547399 -0.595788 -0.246269 0.078899 -0.097029 -0.126884 -0.064295 -0.004770 -0.028888 0.039779 -0.003126 -0.332890 -0.061812 -0.308196 -0.336946 -0.202881 -0.119922 -0.127128
0.173247 0.066970 0.113552 -0.002381 0.704075 0.465381 0.009486 0.188519 0.619601 0.591116 0.226836 0.199878 0.280007 0.275532 0.611766 1.000000 -0.078349 -0.044512 0.067437 0.239404 0.023291 -0.031297 -0.097098 -0.024809 0.158023 0.146880 0.195941 0.097465 0.225322 0.190287 0.030687 0.086181 -0.155173 -0.057152 -0.206874 -0.033362 -0.023362 -0.147248 0.027400 -0.120977 -0.073509 0.102127 -0.110133 -0.161279 -0.354952 -0.413752 -0.211967 -0.360939 -0.037736 -0.141047 -0.061455 -0.087953 -0.060010 -0.221105 0.017349 -0.197563 -0.105999 -0.068984 0.207361 0.242588 0.213706 0.234061 0.133345 0.209034 -0.067450 0.027997 0.111597 -0.022442 0.052541 0.062208 -0.179611 -0.063357 -0.028946 -0.143286 -0.064603 0.080561 -0.226737 -0.000786 -0.224943 -0.101392 -0.099725 -0.110403 0.272534 0.250789 -0.027705 -0.349613 0.169156 0.042472 0.367640 0.252028 -0.112944 -0.204259 0.024282 0.011543 0.069029 -0.110787 -0.227124 -0.216779 -0.456385 -0.406011 -0.126017 0.085565 0.037847 -0.019242 0.241802 0.154407 0.078875 0.301941 -0.207165 -0.382519 -0.249281 -0.430867 -0.345996 -0.143231 0.037546 -0.035061
0.545231 0.380317 -0.244391 -0.014718 -0.192969 -0.449448 0.180173 -0.072110 -0.077344 -0.089813 0.376319 0.544130 0.275654 0.406613 -0.007397 -0.078349 1.000000 0.578505 0.276809 0.341929 0.044860 -0.175739 -0.140847 -0.290506 -0.358613 -0.475675 -0.450072 -0.525294 0.582617 0.585353 0.247240 0.168259 0.360812 0.434040 -0.268122 -0.664738 -0.072900 -0.122423 -0.276496 -0.364566 0.089987 0.412531 -0.165401 -0.087141 -0.147574 -0.364225 -0.025830 -0.212574 -0.110172 -0.031543 -0.152527 -0.006017 0.130767 0.094723 -0.097722 -0.028645 0.337245 0.184259 -0.292186 0.053425 0.077994 -0.048698 0.651204 0.426296 -0.382927 -0.421101 -0.165136 -0.464959 0.127942 -0.002469 0.206754 -0.263664 0.552092 0.434838 0.424877 0.208408 0.419669 -0.387165 0.635527 0.333690 0.594232 0.606753 -0.039653 0.248587 -0.203018 0.020810 -0.070026 -0.098402 -0.420680 -0.336788 0.009166 -0.051507 -0.177292 -0.065174 -0.079113 0.065456 -0.060432 0.031977 0.301708 0.233261 -0.190502 0.345456 0.066386 -0.129116 -0.398327 -0.266105 -0.215496 0.003783 -0.417889 0.007155 -0.456202 0.042507 0.200201 0.237028 0.372244 0.215856
0.404949 0.659814 -0.441033 -0.141931 0.034791 -0.330848 -0.099251 -0.050834 -0.060450 -0.016939 -0.043753 0.363044 -0.046334 0.102297 -0.078783 -0.044512 0.578505 1.000000 -0.082409 0.410075 0.188372 0.080956 -0.260442 -0.282057 -0.203175 -0.224627 -0.266403 -0.449023 0.451846 0.726405 0.069702 0.110800 0.179362 0.280508 -0.327446 -0.521386 -0.041786 -0.049920 -0.307305 -0.295429 0.102685 0.456519 -0.171991 -0.168526 -0.077865 -0.247402 0.055278 -0.080961 -0.021811 0.004705 -0.160808 -0.075018 0.196952 0.216708 -0.200540 -0.127459 0.530401 0.574839 -0.384467 0.090402 -0.068787 0.085794 0.457088 0.616632 -0.443406 -0.426463 -0.185060 -0.364842 0.278600 0.236754 -0.045781 -0.219064 0.300982 0.289656 0.241809 -0.032040 0.178153 -0.105984 0.388046 0.415695 0.486725 0.678840 -0.302684 0.340033 -0.519105 -0.114160 -0.259316 -0.218931 -0.413374 -0.296006 0.234195 -0.042358 0.095444 0.058096 0.097544 -0.078623 -0.057596 0.078001 0.345404 0.241760 0.078651 0.154671 0.205281 -0.096689 -0.335793 -0.165271 -0.288558 -0.240614 -0.515167 -0.022914 -0.404223 0.111084 0.296991 0.264990 0.214185 0.078114
0.196176 -0.139824 0.304656 0.213501 0.015474 -0.141980 0.424898 -0.067976 0.092351 -0.115405 0.081002 0.045540 -0.065455 0.098762 0.295773 0.067437 0.276809 -0.082409 1.000000 0.310029 0.123506 -0.061137 0.251890 0.118692 -0.082431 -0.168464 -0.124919 -0.305611 0.263356 0.047275 0.383732 0.189502 0.389315 0.207134 -0.009450 -0.189782 0.356242 -0.011165 0.209117 0.024031 0.323678 0.152618 -0.166062 -0.131371 -0.290904 -0.217896 -0.175128 -0.110946 -0.378031 -0.247102 -0.233832 -0.279780 -0.188251 -0.127628 0.140830 -0.077312 -0.173463 -0.215689 -0.168556 -0.338665 0.252505 0.020572 0.181301 0.055157 0.236753 -0.142153 -0.275322 -0.231692 0.017867 -0.188231 0.184637 -0.012685 0.295370 0.299392 0.367342 0.350749 0.341475 0.033935 0.169736 0.130419 -0.070740 -0.053443 0.425256 0.153588 0.306542 0.086154 0.328514 0.149516 0.201177 0.034697 -0.165993 -0.112716 -0.172941 -0.199895 -0.251694 0.062249 -0.188349 -0.098431 -0.263289 -0.191193 -0.481353 -0.001242 -0.139753 -0.301079 -0.190054 -0.144752 -0.089773 -0.139915 0.053080 -0.163154 -0.013756 -0.241683 -0.120148 -0.103037 0.070402 0.034766
0.573741 0.585450 -0.216575 0.181373 0.052843 -0.156618 0.099307 0.152417 0.019902 -0.200378 0.140546 0.487855 -0.012672 0.406254 0.426734 0.239404 0.341929 0.410075 0.310029 1.000000 0.264531 0.228416 -0.065698 0.062728 -0.445759 -0.242875 -0.093158 -0.349026 0.472331 0.503073 0.163848 0.317225 0.283173 0.391053 -0.179182 -0.565513 0.041486 -0.143859 -0.087317 0.088636 0.222727 0.518416 -0.262450 -0.361434 -0.493017 -0.622460 -0.313375 -0.280041 -0.486899 -0.409727 -0.510909 -0.473994 -0.269616 -0.239254 -0.325240 -0.399663 0.282604 0.371281 -0.479179 -0.162728 0.011728 0.166489 0.362352 0.450507 -0.165174 -0.263719 -0.440422 -0.463423 0.362835 0.274561 0.227410 0.009311 0.273656 0.329435 0.299280 0.205899 0.066338 0.054557 0.308601 0.276360 0.488410 0.465740 0.190152 0.656956 -0.204620 -0.156007 -0.029790 -0.089121 -0.242326 -0.268796 0.287217 -0.043991 0.094651 -0.006984 -0.295913 -0.118269 -0.397826 -0.220314 -0.189688 -0.230823 -0.080516 0.334162 0.285755 0.009080 -0.173355 0.070883 -0.183545 -0.065248 -0.296398 -0.271092 -0.260770 -0.257864 -0.056815 -0.096250 0.019140 -0.049192
0.036715 0.088864 -0.031585 -0.027075 -0.066768 -0.098981 -0.095675 -0.126822 -0.236789 -0.257880 -0.096473 -0.102686 -0.289656 -0.191342 0.181099 0.023291 0.044860 0.188372 0.123506 0.264531 1.000000 0.668313 0.099116 0.161766 0.058597 0.170911 0.220909 0.150573 0.073461 0.144326 0.082490 0.257108 -0.249685 -0.034587 0.156319 -0.048939 0.106587 0.278792 -0.048042 0.134836 0.169967 0.322232 -0.220261 -0.283063 -0.376467 -0.124340 -0.329399 -0.060430 -0.395862 -0.482161 -0.445350 -0.381824 -0.324105 -0.422315 -0.269335 -0.411477 0.130361 0.124336 -0.038593 -0.094409 0.039085 -0.028351 0.044436 0.122511 0.155049 0.061634 -0.052582 0.139035 0.054794 0.169183 0.466872 0.404547 0.022307 0.261170 0.080801 0.229360 -0.003791 0.340113 -0.042113 0.023358 0.090782 0.179939 -0.095903 0.262776 0.137995 0.075127 -0.209346 -0.094476 -0.039837 0.039645 0.191141 0.106691 0.094181 0.043321 -0.047809 -0.169054 -0.167276 -0.073187 -0.277686 -0.113696 -0.030632 0.049985 -0.060913 -0.079317 -0.275444 0.004675 -0.202858 -0.452261 -0.119032 -0.096561 0.066818 -0.063361 -0.030406 0.032881 -0.046205 0.091188
-0.024021 -0.012312 -0.089872 0.021655 -0.180048 0.018838 -0.166260 0.125315 -0.390574 -0.351720 -0.215635 -0.102219 -0.259114 -0.136872 0.112121 -0.031297 -0.175739 0.080956 -0.061137 0.228416 0.668313 1.000000 0.007720 0.241024 -0.101598 0.246085 0.295738 0.234252 0.098620 0.123190 -0.069458 0.201265 -0.341972 -0.183448 0.252236 -0.016048 0.071311 0.373042 0.314009 0.610051 0.295771 0.395233 -0.295264 -0.339255 -0.372619 -0.156942 -0.377236 0.050655 -0.385428 -0.545580 -0.449383 -0.419779 -0.391178 -0.450249 -0.102084 -0.182223 -0.074950 0.029081 -0.157592 -0.230386 -0.122135 0.053149 -0.201617 -0.066279 0.145464 0.240392 -0.140216 0.131347 -0.200801 -0.048856 0.475507 0.514892 0.038308 0.272035 0.076498 0.100534 -0.017131 0.517648 -0.025324 0.010194 -0.015275 0.010801 -0.072316 0.381800 -0.085466 0.010440 -0.133524 0.102755 -0.035735 0.178308 0.233914 0.151957 0.254310 -0.020489 -0.037695 -0.060118 0.027602 0.022657 -0.185898 -0.101778 -0.097356 -0.058269 -0.012602 -0.052402 -0.155283 -0.004455 -0.186580 -0.403809 0.261933 0.091701 0.251356 -0.080733 -0.117752 -0.027116 -0.092925 0.012785
-0.249263 -0.387470 0.569711 0.457403 0.015063 -0.126606 0.321090 0.047935 0.281314 -0.048255 0.064414 -0.217616 -0.105130 0.115708 0.395392 -0.097098 -0.140847 -0.260442 0.251890 -0.065698 0.099116 0.007720 1.000000 0.852519 0.252724 0.209176 -0.100996 0.177684 0.007991 -0.408317 0.568985 0.544852 0.233917 -0.159972 0.107844 0.041832 0.172158 0.038037 0.333052 0.226405 0.153433 0.004647 -0.198199 -0.277969 -0.420069 -0.160633 -0.413338 -0.087069 -0.535664 -0.360040 -0.344943 -0.537767 -0.520122 -0.296251 -0.024155 -0.234728 -0.465340 -0.280586 -0.173025 -0.518181 -0.003296 -0.272942 -0.180432 -0.323207 0.771833 0.098799 -0.401428 -0.152417 -0.067399 -0.173035 0.329441 0.161231 -0.060875 0.203443 0.232297 0.153228 0.175409 0.298323 0.063368 -0.046847 -0.003170 -0.148621 0.461623 0.008020 0.686585 0.214793 0.457973 0.375783 0.243448 -0.063164 -0.119811 0.234111 0.142464 0.162534 -0.159344 0.076258 0.023414 -0.035760 -0.296523 -0.260214 -0.274448 -0.131293 -0.353336 -0.159165 -0.285758 -0.224514 -0.202628 -0.284962 0.200130 0.173494 0.386180 0.151640 0.006794 -0.050842 -0.127744 -0.203947
-0.323501 -0.341500 0.466044 0.543624 0.041953 0.050840 0.163826 0.217201 0.274536 -0.000639 -0.003630 -0.227227 -0.117728 0.119724 0.431731 -0.024809 -0.290506 -0.282057 0.118692 0.062728 0.161766 0.241024 0.852519 1.000000 0.276684 0.399995 0.113570 0.279691 -0.060598 -0.451441 0.433870 0.552264 0.033386 -0.288762 0.207875 0.141178 0.053485 0.023192 0.211774 0.348755 0.135144 0.015511 -0.240845 -0.383085 -0.486172 -0.238164 -0.514002 -0.199674 -0.523457 -0.480107 -0.441838 -0.606387 -0.569790 -0.414693 -0.271380 -0.429357 -0.440185 -0.178268 -0.114596 -0.423657 -0.027990 -0.081770 -0.350613 -0.291460 0.773942 0.269955 -0.341966 0.003206 -0.117185 -0.062820 0.273026 0.303564 -0.174838 0.071266 0.129566 -0.050457 -0.088344 0.341494 -0.134804 -0.242877 -0.127738 -0.285892 0.316106 0.080081 0.603193 0.228602 0.270098 0.207552 0.204508 0.033845 0.108737 0.240457 0.359868 0.196362 -0.161575 -0.056566 -0.164050 -0.166945 -0.417786 -0.428406 -0.197030 -0.046027 -0.249320 -0.079222 -0.156503 -0.013826 -0.045840 -0.296407 0.214574 0.032529 0.294416 -0.002324 -0.168839 -0.098826 -0.247538 -0.218337
-0.596233 -0.351195 0.277125 0.062929 0.477481 0.470670 -0.098861 0.026725 0.373403 0.504324 -0.226841 -0.532973 -0.249530 -0.480402 -0.002714 0.158023 -0.358613 -0.203175 -0.082431 -0.445759 0.058597 -0.101598 0.252724 0.276684 1.000000 0.790111 0.402193 0.441534 -0.318520 -0.413331 0.040188 -0.043463 -0.308585 -0.301485 0.350196 0.609484 -0.063179 0.038495 -0.084619 -0.101027 -0.166289 -0.462808 0.048373 0.004718 0.121818 0.364608 -0.107364 -0.099861 0.139982 0.076052 0.200448 0.102639 -0.034724 -0.033406 -0.118095 -0.188933 -0.139892 -0.012844 0.375375 0.248215 0.029127 0.085136 -0.350699 -0.178682 0.414121 0.319801 0.401905 0.516789 0.054363 0.206799 -0.265646 0.124305 -0.381832 -0.492445 -0.336186 -0.403507 -0.313631 0.050272 -0.381047 -0.260401 -0.439191 -0.416622 -0.051055 -0.477662 0.270921 0.017812 0.120606 -0.114411 0.350529 0.230420 -0.055047 -0.214245 0.028939 -0.191719 0.148123 -0.135637 -0.084376 -0.032774 -0.348884 -0.317505 0.055452 -0.400131 -0.280769 -0.162253 -0.010219 -0.041933 0.104563 -0.273902 0.005469 -0.050137 0.143899 -0.151336 -0.227440 -0.190595 -0.160784 -0.207763
-0.572436 -0.356625 0.325747 0.041497 0.301263 0.549558 -0.096196 0.323285 0.153271 0.324222 -0.331000 -0.561279 -0.258846 -0.449987 0.003280 0.146880 -0.475675 -0.224627 -0.168464 -0.242875 0.170911 0.246085 0.209176 0.399995 0.790111 1.000000 0.541984 0.615264 -0.285352 -0.370590 -0.059097 0.108799 -0.455454 -0.256131 0.512792 0.656467 -0.072902 0.251415 0.101585 0.213018 0.016736 -0.232503 -0.117531 -0.230492 -0.120970 0.136737 -0.239521 -0.117406 -0.039641 -0.251016 0.058506 -0.098589 -0.233168 -0.306826 -0.146986 -0.269324 -0.198834 0.010110 0.282568 0.075925 -0.062455 0.107903 -0.512466 -0.278315 0.447325 0.490157 0.362551 0.564442 0.032138 0.224826 -0.076018 0.298607 -0.380936 -0.377002 -0.304480 -0.392971 -0.394012 0.236986 -0.440361 -0.210692 -0.342829 -0.395167 -0.086529 -0.306335 0.169405 -0.167269 0.082407 -0.133054 0.294040 0.224494 0.076706 -0.116087 0.207531 -0.170122 0.225170 -0.138816 0.017628 -0.029790 -0.430671 -0.334213 0.190810 -0.309180 -0.241229 -0.144723 -0.012000 -0.002357 -0.046826 -0.278012 0.115422 0.000508 0.266215 -0.202629 -0.287685 -0.266910 -0.249468 -0.314090
-0.399672 -0.241960 -0.028315 -0.131943 0.344861 0.694211 -0.307876 -0.078800 0.015658 0.274617 -0.390954 -0.538738 -0.234677 -0.482766 0.003721 0.195941 -0.450072 -0.266403 -0.124919 -0.093158 0.220909 0.295738 -0.100996 0.113570 0.402193 0.541984 1.000000 0.606829 -0.392330 -0.415050 -0.407085 -0.315727 -0.455699 -0.300769 0.393913 0.484430 -0.000029 0.222231 0.032460 0.156216 -0.209096 -0.206621 0.078899 -0.024089 0.119263 0.222658 -0.022757 0.020756 0.216183 0.013178 0.219378 0.157781 -0.038180 -0.095611 -0.085475 -0.065555 -0.058482 0.059091 0.266929 0.215246 -0.153799 0.168494 -0.464322 -0.246189 0.213867 0.388673 0.404037 0.487044 -0.016031 0.158335 -0.070523 0.269969 -0.372610 -0.444049 -0.403565 -0.370645 -0.413056 0.097428 -0.285431 -0.249117 -0.446324 -0.441891 -0.154726 -0.292633 -0.032431 -0.129311 -0.188332 -0.188897 0.183028 0.433030 0.187728 -0.137372 -0.045901 -0.244026 0.164897 -0.188259 -0.029748 -0.136306 -0.267591 -0.163723 0.067233 -0.348335 -0.065410 0.028526 0.257024 0.280069 0.156781 -0.201024 0.165104 -0.067970 0.190545 -0.164539 -0.270855 -0.311609 -0.175686 0.050995
-0.415059 -0.311464 0.211638 0.178023 0.217545 0.610368 -0.333010 0.132651 -0.006568 0.148125 -0.258752 -0.470937 -0.031086 -0.290811 -0.193272 0.097465 -0.525294 -0.449023 -0.305611 -0.349026 0.150573 0.234252 0.177684 0.279691 0.441534 0.615264 0.606829 1.000000 -0.475303 -0.490059 -0.293538 -0.138219 -0.472103 -0.395587 0.434077 0.630191 -0.058342 0.422305 0.226205 0.304508 -0.282554 -0.162745 0.112863 -0.031750 -0.047196 0.236737 -0.137567 0.015633 0.014119 -0.162992 0.120499 0.014310 -0.103370 -0.310947 0.108256 0.048554 -0.194189 -0.143884 0.418005 0.034378 -0.128500 -0.002896 -0.602290 -0.482322 0.453385 0.623572 0.293172 0.443481 0.045695 0.154987 -0.027003 0.103372 -0.449042 -0.273995 -0.363391 -0.236063 -0.325015 0.090059 -0.255044 -0.206060 -0.315263 -0.394515 -0.223076 -0.356245 0.141501 -0.059117 -0.104490 -0.018453 0.309243 0.406353 0.082318 -0.109812 0.104673 -0.135422 0.239457 0.020863 0.297864 0.047528 -0.267989 -0.007508 0.029508 -0.326593 -0.155665 0.020609 0.075835 0.024875 -0.039728 -0.160031 0.365197 0.169295 0.391114 0.104308 -0.055483 -0.126359 -0.070915 -0.099024
0.463761 0.231520 -0.075385 -0.075533 0.077491 -0.256555 0.346269 0.159381 0.122938 -0.020986 0.391718 0.495474 0.188371 0.456405 0.349964 0.225322 0.582617 0.451846 0.263356 0.472331 0.073461 0.098620 0.007991 -0.060598 -0.318520 -0.285352 -0.392330 -0.475303 1.000000 0.730382 0.456553 0.534772 0.216888 0.295747 -0.154607 -0.651408 0.248124 0.076258 0.114850 -0.035259 0.394890 0.550652 -0.204466 -0.233576 -0.342159 -0.573716 -0.186984 -0.316287 -0.327374 -0.241491 -0.307924 -0.301404 -0.254626 -0.128930 0.129353 -0.002671 -0.170863 -0.124009 -0.577425 -0.243859 -0.192745 -0.277448 0.560314 0.272793 -0.343409 -0.596463 -0.351676 -0.574851 0.034213 -0.134980 0.304673 -0.141542 0.817573 0.519976 0.686526 0.427526 0.496374 0.014415 0.504648 0.292440 0.613389 0.605032 0.354285 0.592783 -0.145672 -0.303084 0.341906 0.156002 -0.247954 -0.402878 -0.110418 0.029741 -0.126285 -0.019117 0.096517 0.247495 0.064606 0.185468 0.014472 -0.049292 -0.152384 0.300833 -0.044112 -0.228902 -0.266756 -0.185379 -0.152619 -0.021610 -0.273859 0.190955 -0.327230 -0.133202 0.165643 0.255809 0.445544 0.177297
0.618722 0.562847 -0.427647 -0.168939 0.038851 -0.284942 0.013561 0.099204 -0.060712 -0.064446 0.178521 0.589044 0.112381 0.335417 0.028125 0.190287 0.585353 0.726405 0.047275 0.503073 0.144326 0.123190 -0.408317 -0.451441 -0.413331 -0.370590 -0.415050 -0.490059 0.730382 1.000000 0.183000 0.212279 0.194376 0.323695 -0.357522 -0.692861 0.121374 0.089101 -0.073142 -0.163015 0.302903 0.640553 -0.119448 -0.092953 -0.185386 -0.439719 -0.007261 -0.137902 -0.122511 -0.079663 -0.235274 -0.131036 0.055027 0.016086 0.060539 0.032501 0.287195 0.209831 -0.465333 -0.072419 -0.084651 -0.091876 0.573632 0.516713 -0.612408 -0.545842 -0.263118 -0.517085 0.177986 0.041669 0.077227 -0.158472 0.614147 0.479183 0.456411 0.297381 0.305451 -0.063250 0.385281 0.401820 0.590789 0.729717 -0.057514 0.594945 -0.523856 -0.307804 -0.026917 0.000631 -0.341405 -0.307046 0.026280 -0.066878 -0.030716 0.016647 0.107503 0.088752 0.032425 0.116327 0.210661 0.178366 -0.019145 0.335354 0.272764 -0.029592 -0.171012 -0.151758 -0.220091 0.069627 -0.466273 0.045017 -0.415769 -0.031999 0.293806 0.333802 0.420062 0.084477
0.068272 -0.201569 0.273608 0.263430 0.102500 -0.280358 0.546652 0.101802 0.377579 0.034826 0.344544 0.294166 -0.000673 0.317286 0.426019 0.030687 0.247240 0.069702 0.383732 0.163848 0.082490 -0.069458 0.568985 0.433870 0.040188 -0.059097 -0.407085 -0.293538 0.456553 0.183000 1.000000 0.777340 0.340236 0.079718 -0.164817 -0.308318 0.059913 -0.190169 0.183651 -0.018471 0.157521 0.141198 -0.149038 -0.089951 -0.294838 -0.266061 -0.261269 -0.079876 -0.435740 -0.175820 -0.367559 -0.370612 -0.406936 -0.165155 0.026776 -0.142727 -0.476672 -0.392317 -0.395623 -0.370942 -0.045291 -0.190852 0.263757 0.107198 0.297104 -0.288894 -0.484739 -0.323380 -0.167865 -0.301673 0.239939 0.109373 0.345824 0.312551 0.417843 0.227672 0.329146 0.243507 0.174207 0.130619 0.224886 0.195070 0.531411 0.268669 0.469056 0.156237 0.549205 0.252357 0.048621 -0.314224 -0.364917 -0.072093 -0.215711 -0.104466 -0.276395 0.066653 -0.127127 -0.034150 -0.242493 -0.402933 -0.388039 -0.007257 -0.394057 -0.404027 -0.288486 -0.262507 0.004289 -0.113569 -0.135446 0.095581 0.033745 -0.126778 -0.129444 0.075387 -0.059073 -0.262498
0.020112 -0.114475 0.361129 0.187467 0.008713 -0.264546 0.493568 0.325529 0.294882 -0.076120 0.299043 0.239784 0.044155 0.348480 0.499066 0.086181 0.168259 0.110800 0.189502 0.317225 0.257108 0.201265 0.544852 0.552264 -0.043463 0.108799 -0.315727 -0.138219 0.534772 0.212279 0.777340 1.000000 0.091280 0.194145 0.016872 -0.266196 0.019011 -0.021843 0.177304 0.129518 0.297767 0.234817 -0.373299 -0.425838 -0.560624 -0.463941 -0.479121 -0.337770 -0.627454 -0.506239 -0.543204 -0.595636 -0.560482 -0.439555 -0.136482 -0.336913 -0.402920 -0.247674 -0.300601 -0.332338 0.007086 -0.102425 0.147917 0.068434 0.335773 -0.145764 -0.402756 -0.254108 -0.053374 -0.073417 0.416932 0.167494 0.345999 0.368975 0.463985 0.320730 0.255442 0.317853 0.200433 0.096475 0.309930 0.240564 0.477599 0.449917 0.408173 -0.006849 0.445988 0.156076 0.079971 -0.327034 -0.189321 0.102467 0.005711 0.044341 -0.189757 0.065646 -0.121223 -0.046324 -0.338761 -0.454605 -0.163202 0.173970 -0.254953 -0.276539 -0.319157 -0.135555 -0.087799 -0.108924 -0.131243 0.127835 0.039905 -0.140497 -0.074628 0.052080 -0.019780 -0.145519
0.312000 0.153346 0.033045 0.167625 -0.203443 -0.467031 0.308030 -0.134620 -0.041442 -0.183391 0.129708 0.238328 -0.014271 0.261986 0.080721 -0.155173 0.360812 0.179362 0.389315 0.283173 -0.249685 -0.341972 0.233917 0.033386 -0.308585 -0.455454 -0.455699 -0.472103 0.216888 0.194376 0.340236 0.091280 1.000000 0.513890 -0.334854 -0.418666 0.018605 -0.396990 0.013635 -0.107866 0.232356 0.268809 -0.098889 -0.001512 -0.091469 -0.132280 -0.098946 -0.063270 -0.268967 0.007545 -0.191080 -0.157141 -0.107934 0.048519 0.027271 -0.029544 0.081258 0.114600 -0.375014 -0.284366 0.122781 -0.179414 0.429826 0.196840 -0.024848 -0.359566 -0.301555 -0.372261 0.115766 -0.111329 -0.091712 -0.238902 0.187201 0.206476 0.192595 0.184748 0.236979 -0.181806 0.283303 0.317266 0.230506 0.286735 0.269609 0.205924 0.135005 0.066282 0.197124 0.225872 -0.208223 -0.350756 -0.234715 -0.058726 -0.140415 0.052259 -0.354441 -0.099636 -0.164258 -0.169461 -0.020072 -0.025824 -0.218008 0.094936 0.009004 0.118329 -0.018673 -0.113807 -0.129653 0.060192 -0.142589 -0.066370 0.006539 0.159996 0.044451 0.109242 0.005377 -0.059465
0.302485 0.358515 0.058283 -0.279965 -0.183781 -0.322296 0.323451 0.062616 -0.103269 -0.137478 0.106842 0.199030 0.073613 0.118297 -0.006369 -0.057152 0.434040 0.280508 0.207134 0.391053 -0.034587 -0.183448 -0.159972 -0.288762 -0.301485 -0.256131 -0.300769 -0.395587 0.295747 0.323695 0.079718 0.194145 0.513890 1.000000 -0.069312 -0.214967 -0.151813 -0.237064 -0.149704 -0.253776 0.139169 0.189390 -0.197977 -0.202349 -0.141723 -0.161558 -0.082015 -0.353649 -0.270035 -0.220563 -0.144664 -0.101863 -0.013597 -0.136096 -0.096840 -0.139927 0.302929 0.300246 -0.070475 0.132601 0.228684 0.052092 0.501875 0.311433 -0.276970 -0.260483 0.162355 -0.072763 0.441479 0.335883 -0.044056 -0.372722 0.202078 -0.026766 0.117873 0.194013 0.086908 -0.349687 0.317568 0.265076 0.390501 0.424026 0.093853 0.177948 -0.087540 -0.267573 0.040698 -0.155762 -0.268290 -0.497652 -0.193757 -0.157449 -0.302869 -0.158049 -0.177185 -0.014522 -0.117594 -0.007219 -0.094194 -0.082722 0.074476 0.260912 0.119011 0.096252 -0.128246 0.023492 -0.138959 0.140170 -0.352228 -0.094329 -0.164998 -0.043603 -0.023801 -0.037285 0.047475 0.093980
-0.446095 -0.373557 0.220373 -0.085904 -0.058446 0.282872 -0.089758 -0.009390 -0.161062 0.011362 -0.340674 -0.581625 -0.314231 -0.365647 -0.231605 -0.206874 -0.268122 -0.327446 -0.009450 -0.179182 0.156319 0.252236 0.107844 0.207875 0.350196 0.512792 0.393913 0.434077 -0.154607 -0.357522 -0.164817 0.016872 -0.334854 -0.069312 1.000000 0.514211 0.164924 0.453584 0.103969 0.141310 -0.019615 -0.259363 0.139386 0.044657 0.109476 0.242007 -0.022351 -0.025454 -0.132870 -0.208527 -0.036307 -0.054644 -0.230425 -0.253951 -0.032938 0.022077 -0.254699 -0.152554 0.152657 -0.081369 -0.338729 -0.191770 -0.593169 -0.581761 0.319943 0.311396 0.267353 0.412368 0.070776 0.253748 0.250565 0.203816 0.058209 -0.147353 0.012564 -0.118263 0.012201 0.047478 0.012967 -0.297619 -0.196375 -0.317760 -0.202884 -0.300259 0.167573 -0.049548 -0.069070 -0.227956 0.095368 -0.053425 0.173088 -0.089383 -0.054482 -0.230209 0.279691 0.223315 0.143771 0.232651 -0.169541 -0.053848 0.153920 -0.135210 -0.257842 -0.149310 -0.004731 0.135628 0.121432 -0.236472 0.191928 0.234384 0.180062 -0.188639 -0.087075 -0.068689 0.001674 0.201595
-0.593500 -0.473834 0.388956 -0.107657 0.173449 0.515457 -0.119325 0.010592 0.072375 0.248174 -0.355056 -0.704888 -0.177148 -0.585845 -0.271136 -0.033362 -0.664738 -0.521386 -0.189782 -0.565513 -0.048939 -0.016048 0.041832 0.141178 0.609484 0.656467 0.484430 0.630191 -0.651408 -0.692861 -0.308318 -0.266196 -0.418666 -0.214967 0.514211 1.000000 0.003934 0.169283 0.059397 0.060798 -0.219291 -0.596247 0.197413 0.128501 0.289808 0.581938 0.102550 0.074328 0.253981 0.077206 0.354724 0.232480 0.127661 -0.056220 0.020192 0.034709 -0.185060 -0.177397 0.640698 0.209614 0.088402 0.120600 -0.598260 -0.440669 0.380700 0.564236 0.544122 0.752185 -0.058402 0.154478 -0.300288 0.097211 -0.536893 -0.602795 -0.477419 -0.345706 -0.419528 0.058478 -0.567854 -0.394373 -0.579487 -0.622302 -0.190667 -0.598482 0.225312 -0.015350 -0.070048 -0.173533 0.353729 0.284983 -0.070368 -0.203652 -0.083310 -0.259195 0.189078 -0.036577 0.088638 -0.017901 -0.308459 -0.189155 0.159150 -0.400642 -0.249782 -0.098348 0.182261 0.156260 0.234579 -0.108508 0.279314 -0.026310 0.307184 -0.147101 -0.346176 -0.319230 -0.293435 -0.130196
