1.000000 0.330679 0.159280 -0.235028 -0.254215 -0.503456 0.191400 -0.395652 0.022868 -0.421942 0.443043 -0.203181 0.115531 -0.160072 0.314262 0.243519 0.256539 0.193492 0.586527 0.317370 0.080296 -0.021820 0.273235 -0.043007 0.019821 -0.156432 -0.072919 0.142258 0.164394 0.117043 0.212369 0.130338 0.183942 -0.023832 0.128967 -0.137005 0.168757 -0.080442 -0.093444 -0.105992 0.258114 0.072936 -0.218597 -0.273946 -0.324441 -0.464142 -0.210010 -0.284735 -0.141497 -0.287262 -0.062764 -0.225665 -0.028235 -0.038780 0.060532 -0.026670 0.670443 0.130470 0.050833 -0.328014 0.227297 -0.248175 0.098221 0.063459 0.039437 -0.240489 -0.231521 -0.549108 -0.087940 -0.532657 0.040572 -0.095898 0.012930 0.076305 0.062409 -0.094802 -0.021010 -0.040965 -0.004736 0.006535 0.020326 -0.071249 0.384639 0.047555 0.243366 -0.080707 0.356176 0.308712 0.069688 0.224112 -0.066734 0.213576 -0.248267 0.220757 -0.181433 -0.176185 -0.043760 -0.117961 0.212849 0.381492 -0.110222 0.342407 0.218928 0.383648 0.182459 0.091485 0.082190 0.254421 -0.141076 0.178844 -0.026485 -0.031847 -0.031683 0.117017 0.073526 -0.034180
0.330679 1.000000 -0.257881 -0.305266 -0.087266 -0.370584 -0.342144 -0.175598 -0.046798 -0.159065 0.123224 -0.031344 -0.191607 0.004465 -0.148582 -0.030755 0.389103 0.190194 0.026246 0.467344 -0.086591 -0.062960 -0.224483 -0.309714 -0.163631 -0.365921 -0.068258 -0.223339 0.042737 0.078859 -0.039912 -0.194175 0.408676 0.195414 0.090867 -0.177184 0.010723 -0.018176 -0.150376 0.207588 -0.254962 0.015354 -0.178589 -0.210614 -0.171294 -0.285049 -0.143530 -0.189043 -0.110120 -0.136639 -0.129136 -0.010171 0.217235 -0.097831 -0.138301 -0.236294 0.571310 0.769196 0.059705 0.294511 -0.032923 0.115231 0.319025 0.484746 -0.422330 -0.593051 0.008369 -0.363052 0.426850 0.030828 0.119409 -0.166795 0.109585 -0.097063 -0.054020 -0.084022 0.009481 -0.199805 0.204744 -0.048262 0.276410 0.470963 -0.076948 0.215187 -0.203411 -0.398321 0.023555 0.030014 -0.172897 -0.034971 0.133425 -0.126070 -0.254153 -0.313431 -0.193165 -0.009122 -0.077131 0.017172 0.355472 0.335948 0.077947 0.135344 0.200287 0.205710 0.055117 -0.220290 -0.042043 0.108606 -0.053362 0.071564 -0.104180 0.375446 0.219961 -0.045185 -0.111072 -0.272805
0.159280 -0.257881 1.000000 0.447039 0.474531 0.156194 0.720800 0.428219 0.369634 0.174235 0.091884 -0.010331 0.201602 -0.021895 0.116719 -0.017905 -0.530243 -0.391756 0.423158 0.009872 -0.082745 0.008155 0.440551 0.319815 0.213612 -0.029212 0.159094 -0.044822 -0.060273 -0.477067 -0.029136 0.056174 -0.023713 -0.098819 -0.144435 -0.052809 -0.056996 -0.338258 0.171215 -0.314280 -0.093274 -0.063838 -0.299492 -0.208455 -0.342168 -0.404418 -0.291647 -0.227415 -0.120830 -0.319009 0.035614 -0.179200 -0.147496 -0.239819 0.155764 -0.010047 -0.187697 -0.505863 0.550654 0.014835 0.577330 0.248649 0.047983 0.025370 0.312144 0.301599 0.181142 0.146382 -0.504983 -0.223287 0.114646 -0.308565 -0.237347 0.022948 -0.098353 -0.070417 -0.242044 -0.038568 -0.421034 -0.246958 -0.523064 -0.532307 0.089846 -0.218568 -0.129976 -0.078737 0.198872 0.055791 0.391648 0.470222 0.005275 0.140860 0.056450 0.258124 -0.018912 -0.484783 -0.278215 -0.526208 -0.488801 -0.491475 0.064161 0.112613 0.140422 0.041420 -0.195540 -0.318321 0.061031 -0.135904 -0.009144 -0.293609 -0.401023 -0.527903 -0.529132 -0.368434 -0.068767 -0.044414
-0.235028 -0.305266 0.447039 1.000000 0.223025 0.333842 0.131714 0.499664 0.090620 0.268563 -0.288260 0.041855 -0.099171 0.077993 0.256758 0.180914 -0.236755 -0.289258 0.132883 0.065027 0.092639 0.061352 0.248734 0.571610 -0.052576 0.266473 0.145935 -0.055342 -0.032392 -0.234871 0.260255 0.410248 -0.365130 -0.228567 -0.464183 -0.125224 -0.096709 -0.203826 0.022624 -0.310345 0.059653 0.087197 -0.285706 -0.230214 -0.351607 -0.276600 -0.315437 -0.253174 -0.365390 -0.280164 -0.218539 -0.294881 -0.370802 -0.179850 0.152808 -0.025811 -0.303726 -0.344655 0.027761 0.074494 0.065186 0.094915 -0.035977 -0.123778 0.266975 0.310265 0.025065 0.070889 -0.291909 0.081127 0.111895 -0.084648 -0.154719 0.189932 0.097668 0.194618 -0.120168 0.091446 -0.285082 -0.306685 -0.117899 -0.205013 0.237628 0.134603 0.021923 0.316728 0.306582 0.175762 0.541975 0.326894 0.219598 -0.077060 0.524740 -0.001083 0.077091 -0.048369 -0.354240 -0.243960 -0.382953 -0.464171 0.331946 -0.011046 0.427716 -0.087756 -0.046507 -0.137149 0.048160 -0.365908 0.104009 -0.319112 -0.337351 -0.340015 -0.080988 -0.125264 0.204815 0.159532
-0.254215 -0.087266 0.474531 0.223025 1.000000 0.552493 0.358507 0.408810 0.533561 0.397872 -0.078050 -0.135236 0.099158 0.034144 -0.315921 -0.365167 -0.262208 -0.419676 -0.012413 -0.005016 -0.095896 -0.124018 0.207475 0.207553 0.537915 -0.022124 0.517286 -0.037183 -0.282482 -0.463748 -0.305249 -0.292890 -0.164391 -0.169656 -0.202906 -0.068394 -0.407937 -0.438888 0.299398 -0.039166 -0.486282 -0.148595 -0.173364 -0.149075 -0.173382 -0.127976 -0.308736 -0.165550 -0.098096 -0.233097 -0.126378 -0.133222 -0.050891 -0.341839 0.218808 -0.137863 -0.256271 -0.124602 0.536168 0.297722 0.347780 0.416756 -0.032431 -0.025095 0.225977 0.416450 0.290503 0.440854 0.057938 0.381803 0.015385 -0.332303 -0.328799 -0.174254 -0.326379 -0.240409 -0.452476 -0.363285 -0.275707 -0.262586 -0.244424 -0.078913 -0.268270 -0.229755 -0.139259 -0.200768 -0.003863 -0.191259 0.398829 0.157389 -0.113918 -0.023504 -0.023009 0.010129 0.143117 -0.216160 -0.316022 -0.255021 -0.363450 -0.431945 0.096516 -0.248558 0.046788 -0.027944 -0.036972 -0.318337 -0.070334 -0.049438 0.028988 -0.294492 -0.175730 -0.108824 -0.393382 -0.409323 -0.168173 -0.098911
-0.503456 -0.370584 0.156194 0.333842 0.552493 1.000000 0.080295 0.353702 0.258214 0.596927 -0.434637 0.041644 0.004156 0.127346 -0.277221 -0.272247 -0.343595 -0.296553 -0.206251 -0.216115 0.022192 -0.032421 0.168834 0.364360 0.519330 0.553569 0.501030 0.430427 -0.373092 -0.339556 -0.034062 0.096195 -0.340545 -0.142226 -0.308659 0.001837 -0.325707 -0.223758 -0.116137 -0.041946 -0.270980 -0.189566 0.027847 0.087344 -0.061589 0.204023 -0.078749 0.050959 0.053324 -0.023308 0.100497 0.003329 -0.087604 -0.074148 -0.008857 0.016879 -0.501663 -0.303546 0.058876 0.104278 -0.177730 0.059612 -0.429658 -0.434090 0.200483 0.663805 0.114674 0.432617 0.020269 0.292900 0.181344 0.035119 -0.290812 -0.063353 -0.188982 -0.001189 -0.295626 -0.042581 -0.059936 -0.047557 -0.098208 -0.114962 -0.213937 -0.324287 -0.041445 0.094082 0.024519 0.044391 0.178022 -0.052473 -0.180819 -0.091773 0.474898 0.084978 0.206249 -0.008711 -0.061472 -0.183264 -0.455532 -0.420146 0.293952 -0.377918 -0.003326 -0.121289 0.020491 -0.061077 -0.070402 -0.135922 0.102035 -0.256830 -0.063388 -0.215749 -0.218103 -0.023845 -0.079399 -0.090179
0.191400 -0.342144 0.720800 0.131714 0.358507 0.080295 1.000000 0.222016 0.468684 0.192665 0.298459 0.131240 0.597749 0.215223 0.315802 0.134578 -0.359048 -0.103564 0.372581 -0.082302 -0.041442 0.165803 0.609006 0.237846 0.345834 -0.062140 0.085212 0.114433 0.041112 -0.255816 0.139321 0.186540 0.027908 0.155607 0.224001 0.123855 0.054586 -0.119984 0.003134 -0.320532 0.205683 0.143571 -0.272834 -0.215495 -0.381206 -0.333871 -0.325579 -0.244975 -0.139543 -0.383494 -0.031586 -0.288054 -0.307898 -0.156138 0.098419 -0.030979 -0.179662 -0.423282 0.318564 -0.450902 0.649387 0.194194 -0.041258 -0.094956 0.619712 0.383331 -0.215846 -0.061204 -0.440361 -0.470417 0.013726 -0.182222 -0.115657 0.075827 0.051037 0.069886 -0.152355 0.040547 -0.228111 0.053356 -0.490974 -0.486336 0.174157 -0.143647 0.165714 0.135334 0.097379 0.107868 0.327027 0.266372 -0.231705 0.061242 -0.003872 0.330281 -0.049093 -0.546757 -0.328568 -0.435661 -0.566340 -0.445098 -0.152206 -0.113046 -0.110511 -0.123314 -0.221490 -0.129867 -0.025331 -0.020768 -0.114231 -0.216563 -0.261050 -0.577780 -0.610253 -0.245523 -0.000026 0.080485
-0.395652 -0.175598 0.428219 0.499664 0.408810 0.353702 0.222016 1.000000 0.321412 0.636215 -0.006265 0.266875 0.182365 0.384470 -0.199763 0.030032 -0.225076 -0.482492 -0.389169 -0.375701 -0.242841 -0.057790 -0.243360 -0.038407 -0.251167 -0.258227 0.066575 -0.442004 0.036734 -0.312985 -0.176561 -0.204015 0.038851 -0.014664 -0.397113 -0.105189 -0.172866 -0.191598 0.064063 -0.296575 -0.225509 0.014545 0.026160 0.051059 0.038347 0.055157 -0.007899 0.020964 0.080543 0.075039 0.074484 0.113868 0.112142 -0.031040 0.213056 0.123776 -0.325896 -0.315882 0.287046 0.388735 0.424403 0.751847 0.369616 0.346950 -0.126751 0.151764 0.154209 0.126523 -0.262628 0.143790 0.224725 -0.054414 -0.142950 0.049781 -0.115996 0.051535 -0.266095 -0.045033 -0.274505 -0.334166 -0.257373 -0.128906 -0.322190 0.096454 -0.483843 -0.186799 -0.153014 -0.284919 0.288102 0.261590 0.188881 -0.455601 0.164716 -0.239831 -0.203326 -0.135537 -0.318982 -0.340112 -0.439406 -0.577730 0.462069 0.101097 0.233089 -0.210388 -0.091975 -0.313857 -0.076074 -0.523357 -0.094982 -0.361958 -0.420797 -0.424762 -0.376417 -0.342430 -0.154136 -0.167296
0.022868 -0.046798 0.369634 0.090620 0.533561 0.258214 0.468684 0.321412 1.000000 0.611655 0.331242 0.039817 0.365079 0.374662 0.318340 0.346771 0.071918 -0.268662 0.035429 0.025030 0.044036 0.282509 0.224210 0.041977 0.303258 -0.223406 0.115987 -0.058386 0.051847 -0.315248 0.030356 -0.113335 -0.179183 -0.085076 -0.133119 0.114889 -0.369998 -0.316930 -0.062267 -0.282813 -0.148009 0.037847 -0.410988 -0.433335 -0.312434 -0.299073 -0.409217 -0.356737 -0.081542 -0.306467 -0.168532 -0.267587 -0.188154 -0.242899 0.043720 -0.240204 -0.014347 -0.130630 0.323611 -0.026275 0.531513 0.418599 0.086886 -0.070854 0.359613 0.361180 0.048359 0.004725 0.073845 0.011460 0.135907 -0.103702 -0.149371 -0.067959 -0.193002 -0.168162 -0.403491 -0.241733 -0.381056 -0.322699 -0.099516 -0.125698 0.230369 0.150032 0.154355 0.080480 0.240694 0.121142 0.545149 0.096059 -0.168779 -0.165924 0.026062 0.131810 -0.197292 -0.483128 -0.484790 -0.371458 -0.345512 -0.387293 0.168207 -0.127501 0.107089 -0.093119 -0.057197 -0.447338 -0.024667 -0.058918 -0.209672 -0.205489 -0.166007 -0.185770 -0.280096 -0.354588 -0.387023 -0.282431
-0.421942 -0.159065 0.174235 0.268563 0.397872 0.596927 0.192665 0.636215 0.611655 1.000000 -0.068798 0.167496 0.111645 0.345751 -0.009965 0.154345 -0.107834 -0.414862 -0.329410 -0.210259 -0.105587 0.181606 -0.060098 0.046115 0.135483 -0.030817 0.137062 -0.047054 -0.079934 -0.361705 -0.060803 -0.127148 -0.084820 -0.033703 -0.305080 -0.017251 -0.448626 -0.270647 -0.149546 -0.184569 -0.215708 -0.094321 0.019824 0.001395 0.016772 0.133702 -0.051777 0.060094 0.120053 0.125021 0.014269 0.044905 0.008166 0.141506 -0.019336 0.040761 -0.364621 -0.232854 0.104600 0.154935 0.175470 0.462930 -0.038893 -0.086794 0.055783 0.378152 -0.051476 0.035204 -0.003186 0.115229 0.289216 0.060533 -0.237941 -0.124369 -0.193743 -0.118683 -0.440370 -0.188854 -0.283561 -0.248091 -0.151131 -0.150450 -0.138962 0.021510 -0.194509 -0.033353 -0.033991 -0.100617 0.254273 -0.012926 0.140424 -0.253231 0.366993 -0.069817 -0.249462 -0.197660 -0.284939 -0.290030 -0.351538 -0.415730 0.440104 -0.124693 0.165380 -0.195963 -0.059391 -0.378138 0.003614 -0.293166 -0.193351 -0.252492 -0.222543 -0.158424 -0.196645 -0.253156 -0.243055 -0.267809
0.443043 0.123224 0.091884 -0.288260 -0.078050 -0.434637 0.298459 -0.006265 0.331242 -0.068798 1.000000 0.203473 0.546385 0.321890 0.362497 0.462687 0.502023 0.131013 0.235714 0.063788 -0.005496 0.110441 0.105819 -0.169590 -0.185319 -0.435207 -0.161522 -0.219127 0.458160 0.148265 0.157947 -0.038992 0.099557 0.161346 0.138581 0.169604 -0.113425 -0.119192 -0.038817 -0.279987 0.081032 0.077739 -0.287358 -0.331132 -0.166069 -0.406211 -0.283796 -0.375107 -0.008427 -0.130104 -0.218941 -0.215931 -0.037299 -0.211322 0.123725 -0.185665 0.230359 0.034787 0.120534 -0.240054 0.589916 0.273306 0.425343 0.313185 0.079019 -0.244721 -0.270629 -0.405843 0.019986 -0.261952 -0.259961 -0.087965 0.194623 -0.068105 -0.098491 -0.067240 -0.108896 -0.130110 -0.095731 -0.185607 0.004444 0.019818 0.337937 0.362346 0.202248 -0.165095 -0.028702 -0.062300 0.240132 0.138687 -0.213146 -0.068360 -0.339338 0.186950 -0.344603 -0.328030 -0.381389 -0.144980 -0.084246 -0.026900 -0.143733 0.203077 -0.064362 0.060540 0.203800 0.052887 0.096528 0.291444 -0.318780 0.003415 -0.259587 -0.000471 -0.227293 -0.120767 -0.178976 -0.148375
-0.203181 -0.031344 -0.010331 0.041855 -0.135236 0.041644 0.131240 0.266875 0.039817 0.167496 0.203473 1.000000 0.356469 0.606624 0.052247 0.203034 0.076290 0.364666 -0.051472 -0.099771 0.117656 0.143821 -0.042495 -0.057907 -0.106875 -0.031015 -0.163752 -0.084220 0.410786 0.460878 0.225415 0.184113 0.148321 0.268850 0.018354 0.177399 0.232641 0.434560 -0.345763 0.037929 0.249044 0.247152 -0.131500 -0.055777 -0.080671 0.006816 -0.200773 -0.105915 -0.039709 -0.045906 -0.152562 -0.198860 -0.279419 -0.241960 -0.344283 -0.219304 -0.121333 -0.066970 -0.084768 -0.214635 0.146545 0.254794 0.049054 0.064666 0.090281 0.047739 -0.280003 -0.226798 -0.024046 -0.179490 -0.028287 0.160983 0.449585 0.114584 0.295094 0.315874 0.270241 0.406089 0.286039 0.186447 0.090948 0.104837 0.048591 0.278791 0.005860 0.006081 -0.347170 -0.106962 -0.045553 -0.292811 -0.243352 -0.283278 0.049182 -0.090325 -0.209255 0.013996 -0.203224 0.003770 -0.413151 -0.297974 0.244853 -0.064996 -0.000567 -0.280608 -0.134173 -0.030910 -0.118505 -0.317927 -0.074447 -0.008760 -0.032733 -0.248836 -0.183933 0.055590 -0.030562 -0.127840
0.115531 -0.191607 0.201602 -0.099171 0.099158 0.004156 0.597749 0.182365 0.365079 0.111645 0.546385 0.356469 1.000000 0.676656 0.292303 0.324499 0.151324 0.140826 0.013840 -0.192664 -0.059306 0.079957 0.295517 0.104590 0.118577 -0.144000 -0.023983 0.018342 0.209733 -0.010191 0.224451 0.199081 0.032223 0.251775 0.186917 0.309766 0.121328 0.081743 -0.153373 -0.386223 0.237284 0.204761 -0.203345 -0.156575 -0.150042 -0.195409 -0.193503 -0.152432 0.053565 -0.213260 -0.033748 -0.126148 -0.085922 -0.078122 0.158966 0.042703 -0.102205 -0.159689 -0.060507 -0.489299 0.419874 0.180349 0.124928 -0.043902 0.304060 0.074280 -0.399426 -0.130364 -0.107590 -0.321705 -0.058163 0.043679 0.049382 0.133031 0.094656 0.133698 -0.114853 0.189758 -0.011959 0.064701 -0.204672 -0.134631 0.180376 0.133839 0.171037 0.102592 -0.085411 0.047519 0.178826 0.030137 -0.337630 -0.143630 -0.079346 0.194356 -0.140383 -0.451950 -0.274825 -0.215940 -0.329563 -0.195055 -0.183688 -0.016354 -0.228819 -0.274174 -0.028611 -0.041895 -0.176408 0.072619 -0.096987 -0.169697 -0.063118 -0.449858 -0.307929 -0.081416 -0.174387 0.028236
-0.160072 0.004465 -0.021895 0.077993 0.034144 0.127346 0.215223 0.384470 0.374662 0.345751 0.321890 0.606624 0.676656 1.000000 0.198566 0.470754 0.248074 0.187451 -0.197053 -0.182453 0.064879 0.106841 -0.062147 -0.058977 -0.122727 -0.138401 -0.077886 -0.176109 0.336807 0.111062 0.267069 0.129446 -0.017318 0.225584 -0.103477 0.264848 0.099514 0.169557 -0.208336 -0.316219 0.130297 0.188446 -0.267166 -0.244011 -0.121179 -0.081119 -0.232675 -0.258423 0.011388 -0.146687 -0.129756 -0.143858 -0.110665 -0.175215 -0.025882 -0.127176 -0.079838 -0.085057 -0.081468 -0.195132 0.298677 0.393571 0.255486 0.133062 0.073341 0.025519 -0.274839 -0.170009 0.105973 -0.077887 0.101689 0.205293 0.230624 0.053063 0.105986 0.214699 -0.064744 0.247720 0.064173 -0.064247 0.088799 0.158833 0.065072 0.410791 0.029955 0.168212 -0.247994 -0.068022 0.121626 -0.151514 -0.136827 -0.389746 0.108126 -0.003047 -0.213367 -0.340102 -0.436941 -0.226875 -0.364339 -0.335108 0.142035 -0.024358 -0.057492 -0.276306 -0.010410 -0.125748 -0.150206 -0.179412 -0.070990 -0.312112 -0.183376 -0.417541 -0.164664 -0.084721 -0.118527 -0.081779
0.314262 -0.148582 0.116719 0.256758 -0.315921 -0.277221 0.315802 -0.199763 0.318340 -0.009965 0.362497 0.052247 0.292303 0.198566 1.000000 0.772792 0.221960 0.196863 0.477527 0.259576 0.283308 0.397823 0.511122 0.365814 -0.033477 0.076276 -0.179113 0.105293 0.333453 0.059862 0.621858 0.553741 -0.289443 0.048831 0.087201 0.234072 0.026232 -0.014784 -0.214486 -0.413833 0.549422 0.222366 -0.426810 -0.412624 -0.473399 -0.483113 -0.406825 -0.443384 -0.369222 -0.393069 -0.326964 -0.454824 -0.400876 -0.132638 0.053370 -0.108786 0.055282 -0.083700 -0.276943 -0.575398 0.134970 -0.256323 -0.062741 -0.245220 0.494749 0.022682 -0.382699 -0.436290 -0.117172 -0.417488 0.056722 0.136193 0.117751 0.248873 0.305758 0.293800 0.087836 0.235369 -0.103392 -0.026170 0.073774 -0.162339 0.830219 0.362088 0.669424 0.554763 0.582211 0.546496 0.549239 0.233284 -0.054493 0.101982 0.250846 0.392416 -0.134153 -0.374056 -0.378139 -0.220004 -0.158023 -0.080504 -0.052153 0.033547 0.175461 -0.034111 0.071039 0.041445 0.075391 0.110871 -0.100510 -0.126989 -0.145327 -0.162576 0.007090 -0.007983 0.069903 0.113218
0.243519 -0.030755 -0.017905 0.180914 -0.365167 -0.272247 0.134578 0.030032 0.346771 0.154345 0.462687 0.203034 0.324499 0.470754 0.772792 1.000000 0.387262 0.076674 0.120963 -0.019082 0.075304 0.346629 0.095624 0.062634 -0.323086 -0.083405 -0.301312 -0.096115 0.428452 0.147050 0.427127 0.310122 -0.223709 0.029506 -0.161888 0.029025 -0.073919 0.051161 -0.242394 -0.359748 0.444636 0.141164 -0.352285 -0.395050 -0.261357 -0.331092 -0.277473 -0.376521 -0.123863 -0.148577 -0.200264 -0.303150 -0.174756 -0.056980 0.126053 -0.015079 0.131740 -0.065509 -0.253117 -0.385168 0.279394 0.041405 0.238090 0.056775 0.165680 -0.099260 -0.340223 -0.544378 0.055714 -0.272264 -0.008122 0.098081 0.096144 0.027419 0.125725 0.120227 -0.064119 0.070321 -0.071861 -0.135537 0.196958 0.018371 0.575009 0.562485 0.381200 0.433669 0.274754 0.315000 0.386099 0.175792 0.020376 -0.178532 0.263512 0.276728 -0.296838 -0.221553 -0.305578 -0.121461 -0.058916 -0.050716 0.147766 0.263367 0.279765 -0.027118 0.183485 0.069055 0.168365 0.043309 -0.193785 -0.030606 -0.149857 -0.190139 0.040751 0.008655 0.052834 -0.049032
0.256539 0.389103 -0.530243 -0.236755 -0.262208 -0.343595 -0.359048 -0.225076 0.071918 -0.107834 0.502023 0.076290 0.151324 0.248074 0.221960 0.387262 1.000000 0.388689 -0.099372 0.243126 0.047129 0.128884 -0.169981 -0.123365 -0.173392 -0.236168 -0.184501 -0.159730 0.419348 0.444348 0.367134 0.085520 -0.023567 0.028969 -0.010351 0.071556 -0.028023 -0.002503 -0.143643 0.021875 0.064105 0.081080 -0.275981 -0.380763 -0.088794 -0.140325 -0.258267 -0.354598 -0.231949 -0.108089 -0.409822 -0.315149 -0.134610 -0.174080 0.088240 -0.229199 0.495895 0.512870 -0.322770 -0.148119 -0.061800 -0.039377 0.372142 0.179903 -0.104743 -0.325641 -0.348556 -0.453476 0.334172 0.015818 -0.237352 -0.045390 0.288531 0.012020 -0.016128 -0.161751 -0.126293 -0.252898 0.182644 -0.183858 0.550662 0.523173 0.314819 0.534774 0.339316 0.042190 0.087629 0.067335 0.138293 -0.073360 -0.046899 -0.185655 -0.103155 -0.091949 -0.166807 0.141918 -0.285070 0.172804 0.322735 0.227588 0.056341 0.210557 0.250953 0.137027 0.433267 0.122164 0.204644 0.263487 -0.123642 0.179061 0.048848 0.447289 0.325147 0.102173 -0.047848 -0.071545
0.193492 0.190194 -0.391756 -0.289258 -0.419676 -0.296553 -0.103564 -0.482492 -0.268662 -0.414862 0.131013 0.364666 0.140826 0.187451 0.196863 0.076674 0.388689 1.000000 0.092929 0.206063 0.293620 0.131422 0.139954 -0.023745 0.060900 0.151012 0.014407 0.217411 0.255834 0.716325 0.503036 0.391732 0.130668 0.234520 0.324479 0.171722 0.369937 0.498269 -0.123147 0.256634 0.296864 0.483787 -0.152903 -0.205436 -0.219462 -0.128847 -0.202266 -0.259184 -0.317480 -0.196426 -0.277612 -0.304862 -0.321325 -0.065723 -0.298365 -0.284685 0.359735 0.366599 -0.425705 -0.485070 -0.231749 -0.341928 -0.026711 -0.009001 0.192505 -0.146115 -0.438183 -0.412099 0.254342 -0.302913 -0.199231 0.167518 0.625587 0.450257 0.492130 0.398650 0.520176 0.346270 0.590265 0.496390 0.404606 0.412965 0.245431 0.255489 0.344424 0.163551 -0.078602 0.127732 -0.196572 -0.364359 -0.383045 -0.032470 -0.186545 -0.066847 -0.062317 0.103708 -0.180255 0.199784 -0.031662 0.176604 -0.332062 -0.072765 -0.211449 -0.098927 -0.045195 0.175278 -0.188098 0.119808 0.121596 0.240008 0.124932 0.157183 0.177864 0.136912 0.070114 0.039308
0.586527 0.026246 0.423158 0.132883 -0.012413 -0.206251 0.372581 -0.389169 0.035429 -0.329410 0.235714 -0.051472 0.013840 -0.197053 0.477527 0.120963 -0.099372 0.092929 1.000000 0.514206 0.344300 0.131661 0.625213 0.309415 0.279795 0.160179 0.091392 0.281779 0.102729 -0.044204 0.374490 0.381022 -0.070922 0.015512 0.127449 0.096988 0.114366 -0.155705 -0.026791 -0.167407 0.267776 0.025240 -0.363422 -0.288703 -0.502540 -0.544812 -0.426130 -0.388101 -0.356202 -0.423024 -0.278693 -0.416495 -0.374427 -0.320196 -0.045903 -0.148926 0.133258 -0.113865 0.121825 -0.359783 0.125838 -0.385711 -0.237225 -0.274069 0.370085 0.035024 -0.137524 -0.270806 -0.216984 -0.384792 0.110920 -0.048850 0.093879 0.055666 0.187839 0.104776 0.040436 0.138966 -0.138783 -0.014485 -0.168990 -0.339727 0.554467 -0.075311 0.416021 0.042076 0.399939 0.383304 0.284857 0.253801 -0.096474 0.426540 -0.003132 0.372111 0.009688 -0.322570 -0.173745 -0.173560 -0.140401 0.058371 -0.110221 -0.026813 0.168707 0.331782 0.141965 0.123258 0.136011 0.283621 -0.025898 -0.041897 -0.145580 -0.070685 -0.123701 0.051326 0.199144 0.162869
0.317370 0.467344 0.009872 0.065027 -0.005016 -0.216115 -0.082302 -0.375701 0.025030 -0.210259 0.063788 -0.099771 -0.192664 -0.182453 0.259576 -0.019082 0.243126 0.206063 0.514206 1.000000 0.338134 0.175127 0.279585 0.303684 0.190162 0.041826 0.107186 0.123397 0.212793 0.127567 0.314537 0.290098 0.046213 0.208544 0.160171 0.183637 0.031543 -0.211090 -0.114436 0.058847 0.025873 0.063081 -0.509079 -0.494486 -0.536643 -0.445433 -0.553978 -0.446821 -0.616238 -0.491998 -0.613931 -0.520933 -0.398051 -0.374437 -0.274574 -0.529283 0.401524 0.394243 0.111028 -0.001326 -0.191343 -0.286232 -0.065776 -0.059011 0.029135 -0.210691 -0.010259 -0.223779 0.227008 -0.056828 0.001766 -0.292106 0.178480 -0.023617 0.006150 0.054757 -0.106435 -0.014945 0.083844 -0.006190 0.246638 0.182656 0.491100 0.310182 0.252943 -0.049987 0.366908 0.395271 0.096584 0.017624 0.137463 0.329979 0.072363 0.171390 0.010336 -0.261388 -0.314646 -0.264691 0.038168 0.063269 -0.043024 0.110483 0.328860 0.433965 0.148334 -0.195173 0.270570 0.230391 -0.123372 -0.124545 -0.170822 0.236066 0.099562 -0.065540 -0.088531 -0.125530
0.080296 -0.086591 -0.082745 0.092639 -0.095896 0.022192 -0.041442 -0.242841 0.044036 -0.105587 -0.005496 0.117656 -0.059306 0.064879 0.283308 0.075304 0.047129 0.293620 0.344300 0.338134 1.000000 0.489694 0.185165 0.159931 0.270757 0.358397 0.177026 0.362455 0.067798 0.166807 0.277237 0.276556 -0.218803 -0.071562 0.014442 -0.010484 0.130503 0.001790 -0.131899 -0.017375 0.234772 0.193438 -0.402483 -0.334194 -0.475062 -0.292394 -0.440709 -0.344930 -0.326804 -0.345919 -0.376488 -0.335373 -0.482376 -0.342023 -0.329189 -0.465590 0.207826 -0.002377 0.046805 -0.068003 -0.145252 -0.243182 -0.274261 -0.329732 0.186348 0.197464 0.045845 -0.000024 0.130288 0.071107 0.156136 -0.079282 0.217623 0.061008 0.142295 0.269197 0.190822 0.151381 0.055905 0.110671 0.140818 0.029306 0.298514 0.146412 0.292352 0.135046 0.127777 0.285643 0.160105 -0.109589 -0.156743 0.168118 0.271074 0.224759 0.218221 0.017812 -0.166262 -0.046415 -0.285719 -0.119272 0.038606 -0.014367 0.060302 0.285908 0.202906 0.228718 0.004605 0.223195 0.080681 0.032911 -0.005350 -0.148062 -0.149553 0.012711 -0.038331 0.087170
-0.021820 -0.062960 0.008155 0.061352 -0.124018 -0.032421 0.165803 -0.057790 0.282509 0.181606 0.110441 0.143821 0.079957 0.106841 0.397823 0.346629 0.128884 0.131422 0.131661 0.175127 0.489694 1.000000 0.132623 0.087621 0.139206 0.172079 0.073708 0.255623 0.043368 0.156371 0.230669 0.279460 -0.102326 -0.071698 -0.005280 -0.122762 -0.072891 -0.036935 -0.183725 0.017334 0.383513 0.325457 -0.418328 -0.381317 -0.431797 -0.323691 -0.364750 -0.266762 -0.164221 -0.295107 -0.179030 -0.303656 -0.411437 -0.224439 -0.167445 -0.245414 0.166671 0.070409 -0.004076 -0.140403 0.037908 -0.078600 -0.189707 -0.263637 0.266433 0.214109 -0.073303 -0.156536 0.026748 0.004725 0.222616 -0.045165 0.043981 0.073409 0.077849 0.046002 -0.015555 -0.101991 0.006815 0.161419 0.012235 -0.091217 0.337411 0.172989 0.220535 0.109629 0.133464 0.215018 0.214075 -0.001695 -0.255082 -0.113187 0.229553 0.079531 -0.021349 -0.103501 -0.021657 0.021091 -0.237671 -0.201537 0.030786 0.030426 0.114625 0.128693 0.121865 -0.060653 0.191142 0.103276 -0.174314 0.306023 0.050619 -0.101408 -0.083847 -0.215335 -0.295218 -0.252735
0.273235 -0.224483 0.440551 0.248734 0.207475 0.168834 0.609006 -0.243360 0.224210 -0.060098 0.105819 -0.042495 0.295517 -0.062147 0.511122 0.095624 -0.169981 0.139954 0.625213 0.279585 0.185165 0.132623 1.000000 0.731117 0.608009 0.476316 0.346578 0.559691 -0.041260 -0.177250 0.543789 0.650056 -0.269139 0.038589 0.219699 0.160760 -0.111964 -0.259982 -0.147289 -0.241072 0.241730 0.003822 -0.346448 -0.259435 -0.590846 -0.529494 -0.450959 -0.338288 -0.395535 -0.557247 -0.227568 -0.436548 -0.466031 -0.124839 0.047411 -0.115065 -0.126061 -0.150152 -0.126356 -0.639372 0.034110 -0.404455 -0.472414 -0.503106 0.720696 0.347766 -0.381867 -0.114939 -0.211993 -0.441092 0.023719 -0.085014 -0.135029 0.168572 0.199956 0.204422 -0.048683 0.040715 -0.079059 0.031649 -0.251558 -0.362362 0.541960 -0.236829 0.555695 0.253039 0.552495 0.529888 0.468858 0.250577 -0.200626 0.442170 0.202613 0.513726 0.184089 -0.381310 -0.319327 -0.272542 -0.337419 -0.159760 -0.213148 -0.292223 -0.079821 -0.039557 -0.126809 0.007270 -0.089732 0.190280 0.055560 -0.192705 -0.080139 -0.173632 -0.195311 -0.034481 0.135268 0.149632
-0.043007 -0.309714 0.319815 0.571610 0.207553 0.364360 0.237846 -0.038407 0.041977 0.046115 -0.169590 -0.057907 0.104590 -0.058977 0.365814 0.062634 -0.123365 -0.023745 0.309415 0.303684 0.159931 0.087621 0.731117 1.000000 0.439145 0.619121 0.424251 0.457325 -0.115851 -0.237844 0.461472 0.686910 -0.458034 -0.196263 -0.157221 0.044758 -0.166736 -0.329942 -0.055154 -0.210930 0.164407 -0.114288 -0.295687 -0.201424 -0.449619 -0.386517 -0.389916 -0.245130 -0.382112 -0.413547 -0.235934 -0.392203 -0.420901 -0.109905 0.053257 -0.152370 -0.226311 -0.155204 -0.202045 -0.381365 -0.246027 -0.453449 -0.478821 -0.546605 0.485043 0.317915 -0.263128 0.081616 -0.123586 -0.116139 0.023649 -0.130969 -0.301782 0.074888 0.060850 0.149950 -0.219269 0.027141 -0.167359 -0.163383 -0.175959 -0.293043 0.487938 -0.108069 0.395922 0.354877 0.519422 0.491872 0.461882 0.232780 0.063962 0.468049 0.558472 0.478861 0.248246 -0.207410 -0.279354 -0.235776 -0.241658 -0.184625 -0.018018 -0.090996 0.124664 0.033523 -0.037699 -0.062354 0.066044 0.072572 0.166215 -0.247493 -0.063922 -0.112168 0.004639 -0.009579 0.104212 0.114264
0.019821 -0.163631 0.213612 -0.052576 0.537915 0.519330 0.345834 -0.251167 0.303258 0.135483 -0.185319 -0.106875 0.118577 -0.122727 -0.033477 -0.323086 -0.173392 0.060900 0.279795 0.190162 0.270757 0.139206 0.608009 0.439145 1.000000 0.539381 0.550611 0.665925 -0.319404 -0.180906 0.118074 0.194509 -0.206319 -0.076718 0.175463 0.016594 -0.225756 -0.245175 0.009717 0.129569 -0.044649 -0.091932 -0.201477 -0.152176 -0.362118 -0.190113 -0.336928 -0.162607 -0.148463 -0.375924 -0.099211 -0.255414 -0.286395 -0.193914 -0.085728 -0.178626 -0.089405 -0.057231 0.107937 -0.255161 -0.137197 -0.320904 -0.611328 -0.629687 0.475109 0.535743 -0.011917 0.273154 0.059534 0.003120 0.077884 -0.160139 -0.188971 0.023291 -0.049995 -0.058848 -0.179791 -0.184400 0.051726 0.169506 -0.110505 -0.160578 0.053468 -0.413803 0.329641 0.081353 0.206617 0.243853 0.198109 -0.110216 -0.354095 0.300045 0.102639 0.315811 0.346132 -0.103872 -0.058591 -0.075732 -0.243198 -0.102888 -0.168195 -0.395737 -0.128970 -0.014405 -0.020412 -0.027063 -0.044333 0.245732 0.092793 -0.013332 0.093454 -0.009319 -0.173909 -0.074504 -0.056390 0.046238
-0.156432 -0.365921 -0.029212 0.266473 -0.022124 0.553569 -0.062140 -0.258227 -0.223406 -0.030817 -0.435207 -0.031015 -0.144000 -0.138401 0.076276 -0.083405 -0.236168 0.151012 0.160179 0.041826 0.358397 0.172079 0.476316 0.619121 0.539381 1.000000 0.463799 0.824858 -0.219937 0.025212 0.391068 0.619815 -0.442612 -0.098049 -0.067321 -0.030107 -0.055690 -0.091864 -0.093244 0.123551 0.249921 -0.107520 -0.061267 0.024648 -0.260109 -0.027701 -0.146385 -0.039754 -0.158633 -0.176149 -0.040179 -0.157438 -0.314997 0.019896 -0.153587 -0.042469 -0.213235 -0.160190 -0.330938 -0.311724 -0.560868 -0.592656 -0.690302 -0.679949 0.265988 0.461017 -0.108797 0.157870 0.023964 -0.042481 0.104145 0.057226 -0.099286 0.096911 0.150212 0.262634 0.081189 0.085214 0.232412 0.150684 0.051557 -0.120975 0.205186 -0.274474 0.311670 0.284769 0.290464 0.436088 0.042753 -0.086999 -0.166648 0.313108 0.532841 0.394095 0.415087 0.138601 0.155437 0.017448 -0.212063 -0.051184 -0.035867 -0.229835 -0.078025 0.039904 0.038441 0.356406 0.005533 0.147725 0.231280 -0.008645 0.099409 -0.099428 0.049956 0.207833 0.147518 0.091522
-0.072919 -0.068258 0.159094 0.145935 0.517286 0.501030 0.085212 0.066575 0.115987 0.137062 -0.161522 -0.163752 -0.023983 -0.077886 -0.179113 -0.301312 -0.184501 0.014407 0.091392 0.107186 0.177026 0.073708 0.346578 0.424251 0.550611 0.463799 1.000000 0.515252 -0.432217 -0.220589 0.027505 0.141242 -0.185794 -0.208141 -0.211505 -0.203823 -0.414370 -0.299462 0.333057 0.146124 -0.202717 -0.044488 -0.108610 -0.061594 -0.350805 -0.322672 -0.315725 -0.204723 -0.122347 -0.247138 -0.032494 -0.070810 -0.111041 -0.115074 0.109982 -0.122798 -0.065455 0.027441 0.061031 0.051073 -0.135074 -0.103955 -0.401964 -0.292875 0.208505 0.322329 0.039204 0.200119 0.220591 0.249768 0.222584 0.032712 -0.274352 0.143053 -0.088436 0.093505 -0.220347 -0.173025 -0.064623 0.025707 -0.194562 -0.092146 -0.093483 -0.252132 0.004441 -0.151675 0.160762 0.208096 0.227364 0.144609 -0.204883 0.156453 0.117292 0.119143 0.325977 -0.046086 -0.176516 -0.048507 -0.280164 -0.148761 -0.093381 -0.204330 -0.136287 0.067590 0.020563 -0.097633 -0.205619 0.152014 0.204091 -0.044016 -0.087197 0.000184 -0.107127 -0.272854 -0.134928 -0.180650
0.142258 -0.223339 -0.044822 -0.055342 -0.037183 0.430427 0.114433 -0.442004 -0.058386 -0.047054 -0.219127 -0.084220 0.018342 -0.176109 0.105293 -0.096115 -0.159730 0.217411 0.281779 0.123397 0.362455 0.255623 0.559691 0.457325 0.665925 0.824858 0.515252 1.000000 -0.295434 0.021576 0.303768 0.508368 -0.280598 -0.064235 0.094599 -0.102512 -0.104682 -0.092501 -0.178464 0.144360 0.219477 -0.057847 -0.106247 -0.022211 -0.339067 -0.151557 -0.184376 -0.055960 -0.079708 -0.243203 0.055084 -0.129817 -0.279246 0.066381 -0.173698 -0.066221 0.025008 -0.058149 -0.255716 -0.422188 -0.417764 -0.597336 -0.745037 -0.708930 0.346359 0.471849 -0.174201 0.026882 0.024663 -0.172936 0.149632 0.034835 -0.173052 0.080584 0.064313 0.135889 -0.011336 -0.008834 0.214290 0.323944 -0.065471 -0.184056 0.198649 -0.381418 0.356470 0.179809 0.298605 0.491406 -0.020424 -0.099065 -0.309738 0.353937 0.316155 0.373059 0.366307 0.066106 0.195823 0.040419 -0.170160 0.088752 -0.121736 -0.233773 -0.148549 0.128616 0.064931 0.284050 -0.052069 0.293094 0.136916 0.128550 0.196260 -0.087712 -0.016243 0.228920 0.077458 0.024020
0.164394 0.042737 -0.060273 -0.032392 -0.282482 -0.373092 0.041112 0.036734 0.051847 -0.079934 0.458160 0.410786 0.209733 0.336807 0.333453 0.428452 0.419348 0.255834 0.102729 0.212793 0.067798 0.043368 -0.041260 -0.115851 -0.319404 -0.219937 -0.432217 -0.295434 1.000000 0.534195 0.420832 0.171602 0.013028 0.434092 0.266528 0.441541 0.267873 0.119075 -0.170084 -0.137007 0.380324 0.020447 -0.320605 -0.365921 -0.135055 -0.022202 -0.329422 -0.397623 -0.434836 -0.199899 -0.571164 -0.449023 -0.280686 -0.287347 -0.125591 -0.300291 0.254596 0.007074 -0.006866 -0.235357 0.193871 0.194955 0.426231 0.291402 -0.070468 -0.220352 -0.216680 -0.402945 -0.109169 -0.322905 -0.301465 -0.056364 0.626910 0.009227 0.224182 0.159332 0.155438 0.087677 0.310940 -0.060279 0.446307 0.315402 0.434493 0.674888 0.224429 0.088960 -0.036773 -0.009722 0.053741 -0.069354 0.110616 -0.140293 -0.033407 0.183888 -0.118735 -0.168626 -0.379518 -0.298060 -0.091822 -0.184545 0.141965 0.266120 0.242233 0.061096 0.165840 0.208355 0.294213 -0.036209 -0.282393 -0.328266 -0.293122 -0.090002 -0.130036 0.000003 0.023986 0.039989
0.117043 0.078859 -0.477067 -0.234871 -0.463748 -0.339556 -0.255816 -0.312985 -0.315248 -0.361705 0.148265 0.460878 -0.010191 0.111062 0.059862 0.147050 0.444348 0.716325 -0.044204 0.127567 0.166807 0.156371 -0.177250 -0.237844 -0.180906 0.025212 -0.220589 0.021576 0.534195 1.000000 0.331327 0.238739 0.101042 0.316971 0.272546 0.161214 0.398831 0.584666 -0.112596 0.395796 0.440356 0.470072 -0.092120 -0.179710 -0.063979 0.065598 -0.119551 -0.183914 -0.279973 -0.082960 -0.348455 -0.336210 -0.317874 -0.133370 -0.308594 -0.233119 0.342946 0.271076 -0.301428 -0.320881 -0.171968 -0.132005 0.113835 0.102441 -0.027051 -0.157038 -0.243439 -0.436732 0.223756 -0.155892 -0.317610 0.148662 0.746943 0.314025 0.495026 0.315168 0.471800 0.255883 0.700251 0.457509 0.618731 0.537016 0.215177 0.493503 0.246799 0.084315 -0.237789 -0.054836 -0.278917 -0.483382 -0.281875 -0.244277 -0.193516 -0.176797 -0.106634 0.356162 0.012473 0.330946 0.058256 0.157109 -0.112263 0.039834 0.032951 -0.067849 0.081135 0.317455 0.048687 -0.071609 -0.001531 0.315332 0.169964 0.186843 0.228566 0.212848 0.108329 -0.007909
0.212369 -0.039912 -0.029136 0.260255 -0.305249 -0.034062 0.139321 -0.176561 0.030356 -0.060803 0.157947 0.225415 0.224451 0.267069 0.621858 0.427127 0.367134 0.503036 0.374490 0.314537 0.277237 0.230669 0.543789 0.461472 0.118074 0.391068 0.027505 0.303768 0.420832 0.331327 1.000000 0.841678 -0.241412 0.211700 0.118554 0.312522 0.177854 0.003630 -0.305480 -0.199772 0.433598 0.162881 -0.401106 -0.404293 -0.510587 -0.324663 -0.450551 -0.492632 -0.592757 -0.481100 -0.464609 -0.562020 -0.546608 -0.143078 -0.071426 -0.196997 0.123642 0.115469 -0.503477 -0.645711 -0.179118 -0.361345 -0.066208 -0.244608 0.416406 0.087252 -0.557378 -0.495606 -0.055929 -0.500007 0.049958 0.149765 0.390126 0.374577 0.442709 0.373379 0.125006 0.207448 0.235131 -0.012000 0.316426 0.084674 0.670032 0.348936 0.589201 0.393506 0.476898 0.544937 0.353034 0.062919 -0.081408 0.044806 0.283507 0.245505 0.016969 -0.189471 -0.465108 -0.153608 -0.227735 -0.133799 -0.014242 -0.092974 0.158952 0.018669 0.082197 0.168659 0.084043 0.097468 0.008028 -0.155886 -0.123782 -0.036853 0.145782 0.101540 0.154732 0.154746
0.130338 -0.194175 0.056174 0.410248 -0.292890 0.096195 0.186540 -0.204015 -0.113335 -0.127148 -0.038992 0.184113 0.199081 0.129446 0.553741 0.310122 0.085520 0.391732 0.381022 0.290098 0.276556 0.279460 0.650056 0.686910 0.194509 0.619815 0.141242 0.508368 0.171602 0.238739 0.841678 1.000000 -0.334668 0.125726 0.066299 0.192809 0.238232 0.038393 -0.272058 -0.128925 0.548231 0.255255 -0.366566 -0.294386 -0.520366 -0.354080 -0.372383 -0.339465 -0.511536 -0.481250 -0.343359 -0.489082 -0.575795 -0.061652 -0.179591 -0.180116 0.001008 0.033344 -0.505162 -0.655126 -0.309152 -0.515064 -0.340503 -0.452568 0.456580 0.191318 -0.493031 -0.334021 -0.104440 -0.452063 0.103627 0.131821 0.191845 0.367219 0.475109 0.492099 0.161789 0.315233 0.216695 0.099584 0.127590 -0.101172 0.676152 0.179629 0.528070 0.431508 0.456533 0.586302 0.260291 0.000747 -0.060575 0.211713 0.451160 0.303800 0.126432 -0.150887 -0.229946 -0.094845 -0.225995 -0.074137 -0.041229 -0.089496 0.109233 -0.003674 -0.058082 0.176861 0.005013 0.027149 0.096292 -0.073550 -0.030676 -0.156107 0.132910 0.161425 0.159282 0.135126
0.183942 0.408676 -0.023713 -0.365130 -0.164391 -0.340545 0.027908 0.038851 -0.179183 -0.084820 0.099557 0.148321 0.032223 -0.017318 -0.289443 -0.223709 -0.023567 0.130668 -0.070922 0.046213 -0.218803 -0.102326 -0.269139 -0.458034 -0.206319 -0.442612 -0.185794 -0.280598 0.013028 0.101042 -0.241412 -0.334668 1.000000 0.525818 0.431254 0.012514 0.121014 0.259559 -0.050273 0.244452 -0.046520 0.087880 0.222486 0.211668 0.155860 0.083562 0.197720 0.165504 0.144732 0.175492 0.151266 0.129745 0.214243 0.149792 -0.177026 0.055634 0.130716 0.153252 0.162119 0.168474 0.190541 0.230006 0.291853 0.501095 -0.258158 -0.401422 0.059082 -0.158907 -0.068967 -0.192540 -0.141859 0.011285 0.102454 -0.125257 -0.073505 -0.038450 0.128876 0.147162 0.124829 0.260377 -0.054991 0.162905 -0.330893 -0.032776 -0.356015 -0.389078 -0.329479 -0.168501 -0.496357 -0.117938 -0.167301 -0.219585 -0.507207 -0.337751 -0.317693 -0.018470 0.126102 -0.010698 0.036572 0.125280 -0.127737 0.119080 -0.098109 -0.055270 -0.122075 -0.203502 -0.180261 -0.245607 -0.182041 0.142859 -0.049327 -0.020887 -0.052754 0.001949 -0.042330 -0.152253
-0.023832 0.195414 -0.098819 -0.228567 -0.169656 -0.142226 0.155607 -0.014664 -0.085076 -0.033703 0.161346 0.268850 0.251775 0.225584 0.048831 0.029506 0.028969 0.234520 0.015512 0.208544 -0.071562 -0.071698 0.038589 -0.196263 -0.076718 -0.098049 -0.208141 -0.064235 0.434092 0.316971 0.211700 0.125726 0.525818 1.000000 0.697518 0.557733 0.249160 0.196314 -0.229091 0.115541 0.246001 0.156244 -0.048819 -0.035084 -0.112267 0.080722 -0.096023 -0.137931 -0.268042 -0.131426 -0.322713 -0.243597 -0.127759 -0.057742 -0.336734 -0.181407 -0.022616 0.148666 -0.025939 -0.136230 0.053076 0.151753 0.206530 0.329581 -0.045451 -0.230248 -0.025083 -0.188064 0.030866 -0.308245 -0.247898 -0.005905 0.429296 -0.018393 0.223117 0.346308 0.177268 0.284482 0.484418 0.308993 0.272876 0.375763 0.057229 0.330625 0.039218 -0.058297 -0.192140 -0.012148 -0.296510 -0.305388 -0.176872 -0.278849 -0.253775 -0.090769 -0.150025 -0.280336 -0.145300 -0.205449 -0.225906 -0.098780 -0.225697 -0.147875 -0.137075 -0.177456 -0.137200 0.100529 -0.031659 -0.166735 -0.227449 -0.289904 -0.229747 -0.134736 -0.176876 -0.013346 0.022054 0.032778
0.128967 0.090867 -0.144435 -0.464183 -0.202906 -0.308659 0.224001 -0.397113 -0.133119 -0.305080 0.138581 0.018354 0.186917 -0.103477 0.087201 -0.161888 -0.010351 0.324479 0.127449 0.160171 0.014442 -0.005280 0.219699 -0.157221 0.175463 -0.067321 -0.211505 0.094599 0.266528 0.272546 0.118554 0.066299 0.431254 0.697518 1.000000 0.521452 0.272811 0.166210 -0.142082 0.142918 0.288995 0.079325 0.028982 0.049333 -0.080398 0.061221 0.016750 -0.035791 -0.187078 -0.171741 -0.171230 -0.182382 -0.148981 -0.021049 -0.280123 -0.151001 0.063690 0.130259 -0.028351 -0.310690 -0.011429 -0.151594 -0.040788 0.065941 0.204400 -0.089041 -0.056426 -0.001456 -0.112801 -0.359217 -0.280598 0.044378 0.348234 0.034361 0.249501 0.225333 0.339384 0.162165 0.409218 0.407382 0.141217 0.167290 0.083312 -0.004242 0.275414 0.057122 -0.112632 0.021631 -0.320319 -0.323843 -0.306153 -0.025306 -0.433065 -0.011112 0.092461 -0.185102 0.066922 -0.013331 -0.021748 0.063466 -0.524107 -0.317086 -0.395209 -0.154838 -0.148789 0.181074 -0.053429 0.113263 -0.184755 -0.087897 0.059327 0.044520 -0.089955 -0.023457 0.011608 0.197952
-0.137005 -0.177184 -0.052809 -0.125224 -0.068394 0.001837 0.123855 -0.105189 0.114889 -0.017251 0.169604 0.177399 0.309766 0.264848 0.234072 0.029025 0.071556 0.171722 0.096988 0.183637 -0.010484 -0.122762 0.160760 0.044758 0.016594 -0.030107 -0.203823 -0.102512 0.441541 0.161214 0.312522 0.192809 0.012514 0.557733 0.521452 1.000000 0.250792 0.068597 -0.150073 -0.207427 0.193987 0.005417 -0.037426 0.013279 0.036642 0.204272 -0.037679 -0.065493 -0.226510 -0.096366 -0.331826 -0.236456 -0.256648 -0.167650 -0.233516 -0.138911 -0.213953 -0.147625 -0.115893 -0.243074 -0.080904 -0.088453 0.021106 -0.060764 0.147985 -0.005079 -0.060975 0.147693 -0.056714 -0.192246 -0.207658 0.285405 0.410381 0.051296 0.216407 0.269939 0.184266 0.444099 0.185266 -0.008629 0.209888 0.143477 0.326704 0.238736 0.276296 0.112872 -0.024386 -0.022853 -0.066597 -0.248532 -0.154762 -0.073856 -0.132415 0.102443 -0.000586 -0.511980 -0.193123 -0.283279 -0.179274 -0.196185 -0.354536 -0.284261 -0.318263 -0.230766 -0.116643 0.004185 -0.037109 -0.025009 -0.133547 -0.465667 -0.038676 -0.070057 -0.083624 -0.091410 -0.198237 0.067772
