1.000000 0.579512 0.094019 -0.407067 -0.059798 -0.248228 0.157974 -0.509354 -0.086277 -0.170988 0.332868 -0.421353 0.259780 -0.067099 -0.060375 -0.459458 0.282845 -0.225424 0.363218 -0.014971 -0.334090 -0.403019 -0.089253 -0.436448 -0.174309 -0.461615 -0.034633 -0.111183 -0.139274 -0.389024 -0.456650 -0.601714 0.209703 -0.034256 -0.196019 -0.278970 -0.251593 -0.383039 0.014262 -0.303817 0.039573 -0.398768 -0.185602 -0.329608 -0.371868 -0.473489 -0.168762 -0.062145 0.144622 -0.171834 0.275490 0.060989 0.503108 0.014434 -0.048997 -0.064682 0.719232 0.646635 0.653261 0.049475 0.566161 0.088963 0.327325 0.304910 0.001585 -0.463567 0.156493 -0.405839 0.572130 0.300014 -0.159062 -0.260643 0.007216 -0.449287 0.093173 -0.379066 0.026590 -0.318095 -0.176961 -0.115792 0.212985 0.116205 -0.133421 -0.494222 -0.017682 -0.377501 -0.092144 -0.482967 0.120575 -0.226365 0.245781 0.596794 -0.318983 0.327478 -0.053424 -0.010940 -0.026603 0.014192 0.208835 0.351595 -0.239590 0.257048 0.078372 0.105143 0.001239 -0.031380 -0.017331 0.349452 0.018301 0.010684 -0.256533 0.101109 0.031649 -0.358099 -0.083206 -0.019028
0.579512 1.000000 -0.074820 -0.289118 0.124424 -0.300878 0.291509 -0.358521 0.089913 -0.092548 0.205679 -0.093217 0.377668 0.290617 0.032601 -0.201854 0.151366 0.130215 0.258737 0.179273 -0.202923 -0.401893 -0.314474 -0.494619 -0.260740 -0.458824 -0.157556 -0.312344 0.055328 -0.097065 -0.418133 -0.469513 0.376813 0.257958 -0.027823 -0.177109 -0.191176 -0.365580 -0.349377 -0.523345 -0.031008 -0.045418 0.074320 0.003911 -0.331633 -0.400581 0.029670 0.034698 0.224352 -0.121856 0.135982 0.091082 0.418951 0.275198 -0.293154 -0.157855 0.171943 0.615750 0.427966 0.276995 0.426368 0.360517 0.192713 0.423657 -0.180392 -0.379289 0.123894 -0.440571 0.472134 0.216003 -0.335077 -0.408545 0.146821 -0.187599 0.217249 -0.230270 -0.065067 -0.316593 -0.251769 -0.020990 0.239157 0.154701 -0.096648 -0.181552 -0.193972 -0.450593 -0.271131 -0.509328 -0.111411 -0.250036 0.291484 0.247436 -0.158875 0.154780 -0.400827 -0.190778 -0.191460 -0.121378 0.114856 0.153449 -0.128787 0.144094 0.060092 -0.108062 0.002384 -0.103659 0.175187 0.283626 -0.083299 -0.335040 -0.320647 -0.014491 0.051722 -0.196879 0.000140 -0.040025
0.094019 -0.074820 1.000000 0.499997 0.493442 0.040952 0.581143 0.182465 0.616629 0.596220 0.250003 -0.493747 0.289271 0.087771 0.458785 0.409322 0.218667 -0.197779 0.343533 0.000697 -0.071030 -0.062917 0.645262 0.264017 0.278397 -0.079139 0.405331 0.308395 -0.239087 -0.353086 0.173360 -0.106293 -0.463826 -0.605345 -0.248272 -0.313209 -0.338841 -0.453590 0.342933 -0.012437 0.074097 -0.396547 -0.217345 -0.231119 -0.155796 -0.241800 -0.206044 -0.095032 0.124344 0.174259 0.244241 -0.119518 0.071563 -0.272833 0.397211 -0.038306 0.199114 0.057088 0.320315 -0.070024 0.368559 -0.055123 -0.060626 -0.054017 0.447184 0.064007 0.161099 -0.258944 -0.005050 0.006458 0.238335 0.172465 -0.324647 -0.147561 -0.226785 -0.089886 -0.192710 -0.149220 0.083799 -0.088001 -0.266807 -0.065777 0.352448 -0.018971 0.022884 -0.244813 0.415939 0.088408 0.503800 0.474828 -0.025293 0.110467 -0.276851 0.207387 -0.065620 -0.144617 -0.144708 -0.237877 -0.370444 -0.242164 -0.269185 -0.169939 -0.350785 -0.343079 -0.440530 -0.362935 -0.349498 -0.204818 -0.298447 -0.035659 -0.271222 -0.217132 -0.234194 -0.288696 0.070659 -0.167646
-0.407067 -0.289118 0.499997 1.000000 0.175174 0.385383 0.282459 0.428161 0.427066 0.564231 -0.223438 -0.082631 -0.308685 -0.187119 0.382673 0.604641 -0.294576 0.018317 -0.012729 0.101286 0.294495 0.408751 0.645179 0.627395 0.446368 0.281962 0.462509 0.535857 -0.418271 -0.161609 0.316833 0.296707 -0.513884 -0.475040 -0.103934 0.012442 -0.182493 -0.037337 0.332112 0.336926 0.077117 0.013207 0.069489 0.107981 0.193730 0.201571 -0.140836 -0.032093 0.017907 0.406641 -0.052102 -0.089307 -0.465718 -0.237138 0.357086 0.100698 -0.197697 -0.281342 -0.184786 0.160849 -0.284263 -0.121580 -0.265840 -0.219592 0.215973 0.339687 0.227039 0.142178 -0.251329 -0.125181 0.125516 0.393419 -0.447957 0.180909 -0.324406 0.029342 -0.214701 0.205059 -0.014686 0.076972 -0.424870 -0.173244 0.371843 0.152755 0.118053 0.191620 0.529002 0.555503 0.436987 0.622420 -0.315073 -0.578337 -0.284525 -0.310873 -0.063874 -0.174927 -0.193818 -0.206603 -0.510534 -0.471457 -0.216944 -0.598718 -0.374818 -0.387818 -0.404342 -0.405771 -0.374332 -0.383868 -0.281982 0.011982 -0.089068 -0.219721 -0.288844 -0.033977 0.135540 -0.283459
-0.059798 0.124424 0.493442 0.175174 1.000000 0.128904 0.287511 0.102724 0.585282 0.558644 0.190138 -0.252742 0.536740 0.589682 0.319091 0.552370 0.015492 -0.087279 0.334740 0.111002 0.114422 -0.013135 0.172229 0.021038 0.172826 0.136564 0.239258 0.005101 0.019007 0.013727 0.283756 0.145127 -0.173146 -0.194707 -0.117041 -0.094092 -0.239683 -0.293816 -0.138793 -0.264564 -0.163235 -0.437336 0.117005 0.153841 -0.222218 -0.362148 0.110730 -0.011412 -0.051105 0.001479 -0.139132 -0.351366 -0.063259 -0.075755 -0.023619 -0.216625 -0.054545 -0.078432 0.237101 -0.061314 0.396733 0.170417 -0.298537 -0.203502 0.280210 0.137734 -0.136644 -0.443578 0.037987 -0.125094 0.134806 0.102292 -0.202492 -0.074856 -0.284599 0.020381 -0.158368 -0.127669 0.003230 -0.053348 -0.369584 -0.229668 0.174593 0.109497 -0.232049 -0.494031 0.174922 -0.191590 0.215269 0.245211 0.142454 0.082604 0.047179 0.312348 0.030586 -0.049895 0.111353 -0.046042 -0.070462 -0.009252 -0.127192 -0.012035 -0.415816 -0.150473 -0.146104 -0.222399 -0.115668 -0.030981 -0.070579 -0.121461 -0.038162 0.014649 0.230656 0.331360 0.215270 0.043908
-0.248228 -0.300878 0.040952 0.385383 0.128904 1.000000 -0.094106 0.394079 0.051020 0.221373 0.006925 -0.000960 -0.081477 -0.055637 0.188988 0.386408 -0.560449 -0.375979 -0.222067 -0.342756 0.472378 0.476373 0.295781 0.396469 0.479810 0.691666 0.552384 0.640737 -0.632200 -0.396493 0.085657 0.222093 -0.408849 -0.222351 0.102069 0.245565 -0.424218 -0.105037 0.177181 0.428065 -0.190095 -0.126538 0.493504 0.520474 0.397221 0.392586 0.276346 0.366528 0.015099 0.343921 0.096507 0.026186 -0.320414 -0.158741 0.181928 0.184159 -0.120149 -0.303699 -0.106429 -0.152016 -0.262929 -0.261727 -0.534076 -0.511919 0.370534 0.543815 -0.188906 0.148091 -0.209677 -0.161708 -0.083036 0.123123 -0.698214 -0.267224 -0.612040 -0.147445 -0.424257 -0.019522 -0.057154 -0.270255 -0.549172 -0.507038 0.295192 -0.155474 0.251749 0.296497 0.498709 0.567731 0.402614 0.436358 -0.086380 -0.350942 -0.238826 -0.162362 0.149001 -0.111040 0.099538 -0.020052 -0.199835 -0.353483 -0.366879 -0.334308 -0.449812 -0.165067 -0.175701 -0.136146 -0.443211 -0.297401 -0.135725 0.105740 0.409988 0.012718 -0.096652 0.196446 -0.072444 -0.191876
0.157974 0.291509 0.581143 0.282459 0.287511 -0.094106 1.000000 0.202160 0.418954 0.305697 0.011464 -0.136144 0.326481 0.220979 0.260003 0.141284 0.223700 0.042356 0.372617 0.105117 -0.073772 -0.278114 0.265836 -0.027571 0.067270 -0.234518 0.274141 0.094771 -0.096176 -0.122337 0.056635 -0.167130 -0.008794 -0.224161 -0.316804 -0.336018 -0.385583 -0.387685 0.026940 -0.220259 -0.061223 -0.125259 -0.113577 -0.155260 -0.174902 -0.236704 -0.267648 -0.021230 0.162168 0.153525 0.338247 0.056873 0.127690 0.092436 0.160442 -0.060709 -0.011836 0.185626 0.158610 -0.008617 0.337438 0.265447 0.273030 0.327310 0.256260 -0.093379 0.056609 -0.469079 0.107550 0.031993 0.172068 0.061008 -0.120751 0.187600 0.058777 -0.015162 -0.052586 -0.089583 0.036803 0.007935 0.051858 0.151573 0.292851 -0.000188 -0.062169 -0.226066 0.248739 -0.084180 0.230214 0.253344 0.011048 -0.021336 -0.317973 -0.074135 -0.370193 -0.269566 -0.451298 -0.313007 -0.323812 -0.301116 -0.246998 -0.235158 -0.373973 -0.568068 -0.498423 -0.578629 -0.211896 -0.210279 -0.375647 -0.193567 -0.400294 -0.146220 -0.361177 -0.552394 -0.259372 -0.436075
-0.509354 -0.358521 0.182465 0.428161 0.102724 0.394079 0.202160 1.000000 0.202933 0.454752 -0.060217 0.435645 -0.031284 0.061804 0.174299 0.406385 -0.433122 -0.231316 -0.339029 -0.135297 0.267196 0.300826 0.187504 0.447246 0.307638 0.426546 0.132250 0.266706 -0.238152 -0.032724 0.301440 0.343751 -0.355091 -0.250698 0.143591 0.209186 -0.190978 0.029206 -0.031056 0.171382 -0.201979 0.196580 0.207566 0.299389 0.453370 0.503913 -0.040701 0.115387 0.055132 0.319068 0.108137 0.194949 -0.324347 0.014462 0.091784 0.045588 -0.437882 -0.567671 -0.311005 -0.193372 -0.300371 -0.053667 -0.167573 -0.393284 0.239715 0.713479 -0.160308 0.363236 -0.564715 -0.410948 -0.065391 0.184953 -0.357070 0.128113 -0.373735 0.212651 -0.338471 0.058755 -0.049723 -0.244249 -0.219597 -0.163119 0.362249 0.311421 0.336131 0.562991 0.291536 0.545230 0.104837 0.247217 -0.183208 -0.556075 0.134052 -0.300293 -0.207160 -0.083371 -0.259928 -0.197897 -0.248584 -0.424626 0.107387 -0.407341 -0.255667 -0.372326 -0.340024 -0.324931 -0.244588 -0.426850 -0.183797 -0.013281 0.111800 -0.239771 -0.204885 0.076142 -0.090752 -0.287168
-0.086277 0.089913 0.616629 0.427066 0.585282 0.051020 0.418954 0.202933 1.000000 0.814863 0.234861 -0.346624 0.236932 0.238076 0.767006 0.720236 -0.041380 -0.111934 0.206604 0.110502 0.067248 0.182625 0.609411 0.309769 0.581665 0.179233 0.399456 0.260223 -0.161867 -0.236272 0.280365 0.057627 -0.435207 -0.464322 -0.073169 -0.162273 -0.206957 -0.309806 0.272799 -0.131124 0.363064 -0.143204 0.042117 0.034683 -0.034888 -0.153104 -0.017562 -0.015416 0.155566 0.313055 0.102082 -0.256468 -0.033072 -0.032727 0.309657 -0.128269 0.011519 0.012999 0.217037 -0.046354 0.161515 -0.034764 -0.370710 -0.250892 0.421391 0.133632 -0.134475 -0.418905 -0.147265 -0.176181 -0.053665 0.078196 -0.375552 -0.122241 -0.323320 -0.052809 -0.279511 -0.172968 0.086075 0.090589 -0.397016 -0.127085 0.423048 0.222965 0.161089 -0.199041 0.267612 0.070564 0.516147 0.538345 -0.022992 -0.121167 -0.049496 0.163339 -0.317116 -0.472260 -0.184749 -0.423812 -0.247591 -0.250781 -0.089969 -0.290600 -0.396895 -0.441820 -0.351410 -0.223575 -0.100274 -0.159102 -0.419751 -0.388423 -0.466577 -0.382794 0.040160 0.073519 0.361679 0.006786
-0.170988 -0.092548 0.596220 0.564231 0.558644 0.221373 0.305697 0.454752 0.814863 1.000000 0.118106 -0.241382 0.201102 0.225947 0.639164 0.753951 -0.193058 -0.190575 0.172580 0.079515 0.117988 0.249325 0.526120 0.408540 0.455687 0.247542 0.283164 0.295345 -0.276151 -0.229294 0.287313 0.104915 -0.458136 -0.537544 -0.041966 -0.000728 -0.253712 -0.237230 0.182072 -0.027584 0.127369 -0.204834 0.100510 0.081785 0.083637 -0.016680 -0.078798 -0.040177 0.043888 0.295758 0.009865 -0.264154 -0.142425 -0.063146 0.285161 -0.179060 -0.016470 -0.145100 0.187718 0.011318 0.136143 0.020618 -0.307985 -0.303676 0.407393 0.371664 0.009492 -0.175821 -0.129143 -0.253598 -0.054013 0.163735 -0.470990 -0.074087 -0.443018 -0.051246 -0.327264 -0.057157 -0.020091 -0.061332 -0.423418 -0.228695 0.322271 0.148144 0.128506 -0.100095 0.346834 0.203428 0.469487 0.545695 -0.072367 -0.275544 0.016509 0.064939 -0.262914 -0.386510 -0.163000 -0.407778 -0.310724 -0.297918 -0.029096 -0.420055 -0.359070 -0.313770 -0.356275 -0.310321 -0.237552 -0.217678 -0.376462 -0.273354 -0.267298 -0.332698 -0.033062 0.184670 0.349057 -0.036785
0.332868 0.205679 0.250003 -0.223438 0.190138 0.006925 0.011464 -0.060217 0.234861 0.118106 1.000000 -0.119314 0.492243 0.240447 0.325791 0.153092 0.038172 -0.190909 0.001271 -0.240425 -0.149706 -0.186770 0.098484 -0.115665 0.193756 -0.052191 0.074067 0.070116 -0.082562 -0.271179 -0.146602 -0.376596 -0.199895 -0.157153 0.348074 0.093988 -0.188264 -0.244111 0.019937 -0.290447 0.180616 -0.244527 0.092009 -0.044043 -0.082256 -0.223527 0.096578 -0.042157 0.357950 0.067811 0.434519 0.204923 0.387174 -0.087480 0.062232 -0.085368 0.010898 -0.037956 0.381034 -0.246672 0.480933 -0.070539 -0.175512 -0.271583 0.428806 0.168731 -0.310269 -0.161568 -0.150475 -0.056046 -0.452706 -0.137160 -0.253817 -0.518906 -0.342009 -0.196739 -0.267233 -0.299095 -0.116060 -0.129835 -0.278235 -0.257908 0.185384 -0.176491 0.380169 -0.043360 -0.004276 -0.033015 0.183786 0.025856 0.092868 0.293789 0.169601 0.425532 -0.142083 -0.107753 -0.093611 -0.141856 -0.045393 -0.092597 0.043634 0.041365 -0.241262 -0.149452 -0.064812 0.073222 -0.043976 -0.000415 -0.123851 -0.158243 -0.158261 -0.237266 0.110819 0.155711 0.000838 0.046999
-0.421353 -0.093217 -0.493747 -0.082631 -0.252742 -0.000960 -0.136144 0.435645 -0.346624 -0.241382 -0.119314 1.000000 -0.212667 0.031857 -0.442521 -0.147029 -0.179840 0.300223 -0.535944 -0.013955 0.203159 0.145346 -0.447974 -0.042624 -0.283626 0.053266 -0.395706 -0.302064 0.309445 0.522886 0.167531 0.249936 0.265621 0.417204 0.157687 0.237626 0.242373 0.409125 -0.459954 -0.019535 -0.242606 0.409181 0.183405 0.287150 0.276184 0.401578 0.130643 -0.028738 -0.038030 -0.043678 -0.205435 0.298297 -0.264707 0.187370 -0.440465 -0.005656 -0.553432 -0.434272 -0.415861 0.049674 -0.357979 0.210852 0.153550 0.015622 -0.279797 0.405670 -0.116397 0.412115 -0.419971 -0.277209 -0.156556 0.093305 0.287782 0.367162 0.031841 0.228428 0.096030 0.228604 0.037111 0.088306 0.210279 0.117639 -0.169307 0.233212 -0.018322 0.460305 -0.216481 0.140586 -0.542946 -0.342638 -0.311868 -0.456625 0.282115 -0.423799 -0.051679 0.285830 -0.093939 0.083310 -0.004169 -0.037394 0.302813 -0.131122 0.148257 -0.001524 0.019986 -0.021629 0.164828 -0.140770 0.215503 0.117378 0.204708 0.106795 0.148240 0.259377 -0.169770 0.007553
0.259780 0.377668 0.289271 -0.308685 0.536740 -0.081477 0.326481 -0.031284 0.236932 0.201102 0.492243 -0.212667 1.000000 0.808026 0.127190 0.158779 0.170834 -0.095733 0.378244 -0.172323 -0.122329 -0.438266 -0.299205 -0.508267 -0.153175 -0.232851 -0.057011 -0.259845 0.062955 -0.119212 -0.203250 -0.329849 0.195959 0.049282 -0.040160 -0.091288 -0.458928 -0.387031 -0.213881 -0.399727 -0.182246 -0.384849 -0.027085 -0.008679 -0.383747 -0.505646 -0.023334 0.007232 0.121654 -0.278546 0.321249 0.011016 0.509464 -0.049973 -0.109160 -0.251046 -0.127583 0.029852 0.490701 -0.031005 0.765853 0.435450 0.090349 0.166500 0.145577 0.075643 -0.025980 -0.320062 0.214429 0.007924 0.010049 -0.068218 -0.120637 -0.164905 -0.087021 0.084271 -0.053813 -0.164673 -0.071180 -0.282540 -0.094444 -0.138536 -0.004195 -0.163352 -0.283326 -0.459309 -0.220714 -0.465269 -0.094316 -0.126056 0.499369 0.408668 0.329021 0.462608 -0.271330 -0.150263 -0.118496 -0.213185 0.018478 -0.030267 0.093127 0.204870 -0.037880 -0.020334 -0.046201 -0.160298 0.152487 0.081689 -0.161909 -0.161708 -0.033239 -0.169413 -0.016794 0.024432 -0.088793 -0.041391
-0.067099 0.290617 0.087771 -0.187119 0.589682 -0.055637 0.220979 0.061804 0.238076 0.225947 0.240447 0.031857 0.808026 1.000000 0.053774 0.301046 0.055908 0.140115 0.210718 -0.061329 0.046004 -0.284574 -0.371727 -0.460630 -0.156407 -0.117831 -0.115579 -0.338316 0.238531 0.193446 0.105974 0.006065 0.246444 0.176913 0.068822 0.051873 -0.216021 -0.156591 -0.275647 -0.248441 -0.286088 -0.164541 0.056818 0.123917 -0.367508 -0.440701 0.006794 -0.081887 0.035001 -0.315833 0.024452 -0.142656 0.194756 -0.060935 -0.194384 -0.224376 -0.396352 -0.165097 0.256777 0.119673 0.524990 0.541557 0.035807 0.218979 -0.068554 0.174548 -0.106574 -0.286568 0.065333 -0.150168 0.025906 0.017949 0.077943 0.139339 -0.019818 0.310206 0.086696 0.046668 -0.076995 -0.121823 -0.119902 -0.130371 -0.104114 0.079272 -0.459564 -0.445054 -0.221369 -0.341985 -0.180153 -0.038180 0.333806 0.144704 0.528960 0.246720 -0.306044 -0.054135 -0.133119 -0.092298 0.023966 0.007983 0.280064 0.036910 -0.011115 -0.084436 0.015351 -0.153109 0.237176 -0.000416 -0.050808 -0.136140 0.012689 -0.103493 0.095632 0.231659 -0.031132 0.056599
-0.060375 0.032601 0.458785 0.382673 0.319091 0.188988 0.260003 0.174299 0.767006 0.639164 0.325791 -0.442521 0.127190 0.053774 1.000000 0.707153 -0.361514 -0.315380 0.210154 0.059398 -0.072643 0.141501 0.684922 0.424997 0.667879 0.276437 0.539166 0.543524 -0.417930 -0.505146 0.051265 -0.096406 -0.580738 -0.475317 0.151857 0.041211 -0.197269 -0.373333 0.454069 -0.004846 0.372317 -0.126112 0.084927 -0.014668 0.115006 -0.050569 -0.074803 0.048937 0.149493 0.383096 0.206448 -0.217049 -0.050726 -0.074336 0.526505 -0.070039 -0.019222 -0.012103 0.148176 -0.111677 0.099261 -0.280762 -0.487229 -0.433086 0.599682 0.140505 -0.149904 -0.210354 -0.188072 -0.009935 -0.315042 -0.182446 -0.521254 -0.401987 -0.474837 -0.159386 -0.557283 -0.355587 -0.187668 -0.207479 -0.530440 -0.409663 0.653367 0.168254 0.456463 -0.037038 0.513617 0.359198 0.742904 0.638957 -0.030507 -0.072697 -0.153918 0.232022 -0.261549 -0.520323 -0.216521 -0.375933 -0.420767 -0.387573 -0.166752 -0.266903 -0.447963 -0.403350 -0.184905 -0.051524 -0.175464 -0.092248 -0.442230 -0.492254 -0.309314 -0.412427 -0.057729 0.022423 0.248627 -0.104870
-0.459458 -0.201854 0.409322 0.604641 0.552370 0.386408 0.141284 0.406385 0.720236 0.753951 0.153092 -0.147029 0.158779 0.301046 0.707153 1.000000 -0.416750 -0.119547 0.016917 0.013093 0.251639 0.330291 0.506866 0.459848 0.583159 0.385148 0.494351 0.448340 -0.243678 -0.145080 0.336485 0.248051 -0.500767 -0.377827 0.127410 0.121116 -0.174445 -0.136567 0.278884 0.119614 0.159974 -0.080901 0.184855 0.250066 0.187186 0.065630 -0.001608 0.042602 0.030278 0.362905 -0.074387 -0.278091 -0.326759 -0.235825 0.251351 -0.093675 -0.351642 -0.375064 -0.067879 -0.066047 -0.012797 -0.111486 -0.578200 -0.465390 0.469704 0.471914 -0.154345 -0.080616 -0.350924 -0.244066 -0.035204 0.184398 -0.484670 -0.053067 -0.508808 0.144124 -0.408559 -0.027454 -0.071321 -0.122956 -0.668944 -0.499814 0.502825 0.376428 0.163918 -0.006100 0.421270 0.443247 0.490754 0.631122 -0.133164 -0.391916 0.057612 0.009907 -0.210895 -0.325537 -0.161819 -0.344762 -0.461617 -0.458582 -0.057729 -0.440029 -0.477906 -0.332218 -0.218086 -0.100201 -0.196398 -0.214141 -0.287762 -0.240899 -0.034966 -0.328191 -0.030217 0.310848 0.266701 -0.060574
0.282845 0.151366 0.218667 -0.294576 0.015492 -0.560449 0.223700 -0.433122 -0.041380 -0.193058 0.038172 -0.179840 0.170834 0.055908 -0.361514 -0.416750 1.000000 0.476280 0.183055 0.098768 -0.331188 -0.339636 -0.176336 -0.383387 -0.491522 -0.582979 -0.422304 -0.600512 0.599926 0.389528 0.052710 -0.115753 0.484451 0.242846 -0.183782 -0.308125 0.297055 0.061555 -0.129999 -0.322964 0.126736 0.054522 -0.459481 -0.463478 -0.421065 -0.392574 -0.127615 -0.292812 0.027400 -0.307224 -0.054197 -0.083133 0.382281 0.084966 -0.111639 -0.193531 0.293303 0.395821 0.126425 0.027773 0.323646 0.287537 0.519250 0.596405 -0.345658 -0.561378 0.104810 -0.309173 0.278648 0.039286 0.329835 0.108196 0.557431 0.301842 0.582644 -0.016425 0.662930 0.245989 0.577163 0.527777 0.619713 0.743595 -0.351502 -0.034390 -0.410779 -0.426049 -0.504922 -0.605310 -0.436647 -0.344002 0.041047 0.274261 -0.017866 -0.043761 -0.079058 0.012291 -0.112195 -0.103639 0.210250 0.226489 0.076965 0.300259 0.176779 0.077646 -0.049663 0.079129 0.285231 0.181416 -0.005798 0.055665 -0.341981 0.000867 -0.042415 -0.283376 0.012081 0.165454
-0.225424 0.130215 -0.197779 0.018317 -0.087279 -0.375979 0.042356 -0.231316 -0.111934 -0.190575 -0.190909 0.300223 -0.095733 0.140115 -0.315380 -0.119547 0.476280 1.000000 -0.023161 0.277901 -0.020983 0.055686 -0.269947 -0.226841 -0.419535 -0.316957 -0.333348 -0.434149 0.578330 0.729186 0.341192 0.275169 0.577676 0.473821 0.136285 0.323785 0.361803 0.400844 -0.172912 -0.127990 0.090237 0.409996 -0.173383 -0.155702 -0.087709 -0.080827 0.101162 -0.114824 -0.096757 -0.118801 -0.428980 -0.182393 -0.065381 0.077786 -0.190560 -0.116503 -0.321633 -0.050435 -0.378438 0.055831 -0.093415 0.340243 0.223927 0.463829 -0.526487 -0.351365 -0.046596 -0.087630 -0.067157 -0.171288 0.144433 0.371435 0.487617 0.554820 0.407002 0.202667 0.658204 0.619698 0.201236 0.700118 0.252465 0.368610 -0.205070 0.288497 -0.511731 -0.299897 -0.400227 -0.289029 -0.573863 -0.319222 -0.128305 -0.338982 0.173645 -0.324645 -0.104416 -0.112863 -0.067617 -0.059079 -0.004459 -0.065288 0.221840 -0.067814 0.011578 -0.074439 -0.013152 0.119303 0.244539 -0.078012 -0.078373 -0.106185 -0.149925 -0.079101 -0.068398 -0.007316 0.092564 0.126136
0.363218 0.258737 0.343533 -0.012729 0.334740 -0.222067 0.372617 -0.339029 0.206604 0.172580 0.001271 -0.535944 0.378244 0.210718 0.210154 0.016917 0.183055 -0.023161 1.000000 0.469695 -0.296649 -0.398208 0.100406 -0.214405 -0.053911 -0.181305 0.071091 0.022087 -0.015528 -0.248243 0.014804 -0.143472 0.057259 -0.159616 -0.178111 -0.164552 -0.223782 -0.426724 -0.011826 -0.358416 -0.063685 -0.422359 -0.311632 -0.350732 -0.652941 -0.724239 -0.287902 -0.234716 -0.263930 -0.316295 0.116746 -0.263224 0.232117 -0.086351 0.094192 -0.422408 0.162640 0.253586 0.297380 -0.009272 0.472882 0.053291 0.191355 0.166426 0.128572 -0.452469 0.253030 -0.374496 0.482433 0.454634 0.258435 -0.181256 0.036344 -0.123406 0.090777 -0.117269 -0.002692 -0.136756 -0.278343 -0.076152 0.059867 -0.052902 -0.073304 -0.169969 -0.260245 -0.599170 0.025003 -0.433880 0.129662 -0.039413 0.334748 0.462094 -0.147841 0.464543 0.134284 -0.195532 -0.067097 -0.020158 -0.153019 0.103798 -0.353766 0.121479 -0.122064 0.090850 0.174036 -0.061824 -0.119843 0.175328 0.006333 -0.269262 -0.283440 0.049121 0.028239 -0.225869 0.071033 0.097072
-0.014971 0.179273 0.000697 0.101286 0.111002 -0.342756 0.105117 -0.135297 0.110502 0.079515 -0.240425 -0.013955 -0.172323 -0.061329 0.059398 0.013093 0.098768 0.277901 0.469695 1.000000 -0.235442 -0.118693 0.012956 0.111503 -0.032063 -0.072088 0.027693 -0.063825 0.306042 0.183566 0.357866 0.283188 0.153257 0.158091 0.259939 0.036065 0.349112 -0.076631 -0.065585 -0.230611 -0.072692 0.032698 -0.357850 -0.291479 -0.385222 -0.391619 -0.217898 -0.261634 -0.631787 -0.302467 -0.492136 -0.536028 -0.343699 0.090778 -0.284735 -0.374203 -0.104315 0.113216 -0.284827 -0.098654 -0.130596 -0.243698 0.195286 0.046598 -0.065104 -0.427729 0.006452 -0.095442 0.177863 0.449577 0.145718 -0.130373 0.380877 0.215651 0.295970 0.179797 0.028404 -0.001137 -0.192749 0.111892 0.290678 0.157679 0.112995 0.437861 -0.113109 -0.226638 -0.050705 -0.158771 -0.084614 -0.177485 -0.061590 0.068403 -0.096827 0.109631 0.081344 -0.059405 -0.105461 0.179593 -0.202453 0.109502 -0.076337 -0.077428 -0.010338 -0.122676 0.031933 0.028803 -0.011972 0.028190 0.109657 -0.218014 -0.211104 -0.003950 0.041728 -0.145904 0.024469 -0.037411
-0.334090 -0.202923 -0.071030 0.294495 0.114422 0.472378 -0.073772 0.267196 0.067248 0.117988 -0.149706 0.203159 -0.122329 0.046004 -0.072643 0.251639 -0.331188 -0.020983 -0.296649 -0.235442 1.000000 0.512772 0.129783 0.328917 0.302959 0.471545 0.354826 0.363745 -0.201294 0.073189 0.332065 0.358671 -0.245295 -0.166848 -0.055017 0.077050 -0.203971 0.049805 -0.017653 0.242017 -0.092416 -0.003053 0.279928 0.368081 0.248942 0.328969 0.177895 0.087449 -0.032103 0.207936 -0.060416 0.074527 -0.289424 0.058394 -0.116849 0.263628 -0.190720 -0.282685 -0.221586 -0.112394 -0.284930 -0.143431 -0.329200 -0.259359 0.178686 0.372398 -0.118142 0.053572 -0.195798 -0.260455 0.233341 0.380195 -0.341994 0.217337 -0.197167 0.178569 -0.042887 0.165589 0.011830 0.055179 -0.342373 -0.186212 -0.033289 -0.019759 0.053882 0.208077 0.171300 0.262734 0.130976 0.216181 -0.185792 -0.378816 0.072354 -0.232668 0.086520 0.160803 0.118722 0.161132 0.019447 -0.043916 -0.077286 -0.229688 -0.354657 -0.138381 -0.283377 -0.216520 -0.275605 -0.318484 0.011669 0.264044 0.242040 0.115590 0.049183 0.210100 0.207880 -0.073558
-0.403019 -0.401893 -0.062917 0.408751 -0.013135 0.476373 -0.278114 0.300826 0.182625 0.249325 -0.186770 0.145346 -0.438266 -0.284574 0.141501 0.330291 -0.339636 0.055686 -0.398208 -0.118693 0.512772 1.000000 0.300446 0.528811 0.356632 0.507201 0.332730 0.429433 -0.198524 0.067066 0.363107 0.458228 -0.257288 -0.145295 0.053801 0.255168 0.060994 0.098459 0.346356 0.442648 0.340843 0.172691 0.338763 0.377908 0.495644 0.531223 0.384775 0.292440 -0.033861 0.399265 -0.260152 -0.003460 -0.400696 -0.009474 0.226979 0.277159 -0.139794 -0.429294 -0.363066 -0.084697 -0.487545 -0.288651 -0.512980 -0.422462 -0.022007 0.273346 -0.100560 0.264720 -0.482240 -0.458901 0.045471 0.402069 -0.344932 -0.016534 -0.342642 -0.007026 -0.074458 0.263008 0.123511 0.305467 -0.401625 -0.161013 0.214732 0.275422 0.118713 0.299621 0.199212 0.422427 0.152416 0.353477 -0.273448 -0.591996 -0.059017 -0.438507 0.155832 -0.230675 0.179627 -0.111654 -0.096120 -0.298001 0.037616 -0.220388 -0.267837 -0.142781 -0.258271 0.007213 -0.181811 -0.380433 -0.248978 -0.106755 0.017603 -0.224025 -0.061418 0.244857 0.307757 0.108464
-0.089253 -0.314474 0.645262 0.645179 0.172229 0.295781 0.265836 0.187504 0.609411 0.526120 0.098484 -0.447974 -0.299205 -0.371727 0.684922 0.506866 -0.176336 -0.269947 0.100406 0.012956 0.129783 0.300446 1.000000 0.716747 0.714119 0.366653 0.638644 0.700154 -0.468265 -0.460561 0.317334 0.119637 -0.731443 -0.674543 -0.081824 -0.115922 -0.182311 -0.223633 0.535396 0.226819 0.309108 -0.179757 -0.012615 -0.105039 0.191965 0.122882 -0.077353 -0.007020 0.089632 0.496631 0.156913 -0.156815 -0.250790 -0.133875 0.562735 0.123794 0.237296 -0.016634 -0.012609 -0.213968 -0.188097 -0.481028 -0.425950 -0.429033 0.604327 0.078001 -0.140801 -0.164663 -0.223975 -0.037036 0.032506 0.137189 -0.515083 -0.238293 -0.435821 -0.275797 -0.320454 -0.136695 0.064376 0.024478 -0.482169 -0.235538 0.532872 0.025703 0.454091 0.118010 0.636878 0.464996 0.767261 0.657701 -0.275521 -0.172267 -0.434777 0.025855 0.041211 -0.208789 -0.113046 -0.162404 -0.345114 -0.261359 -0.408275 -0.384013 -0.550565 -0.396235 -0.335156 -0.132362 -0.441397 -0.218045 -0.249099 -0.077368 -0.265282 -0.142968 -0.097977 -0.122244 0.243560 -0.104795
-0.436448 -0.494619 0.264017 0.627395 0.021038 0.396469 -0.027571 0.447246 0.309769 0.408540 -0.115665 -0.042624 -0.508267 -0.460630 0.424997 0.459848 -0.383387 -0.226841 -0.214405 0.111503 0.328917 0.528811 0.716747 1.000000 0.651409 0.645141 0.475361 0.653895 -0.306944 -0.220229 0.422512 0.468083 -0.570233 -0.347132 0.178192 0.095485 0.048702 -0.083480 0.279082 0.244113 0.202767 0.082279 0.069269 0.077197 0.417832 0.452179 0.020170 0.021747 -0.156781 0.369793 -0.158386 -0.201963 -0.520166 0.003930 0.227046 0.014998 -0.066721 -0.306504 -0.412085 -0.266723 -0.539445 -0.565550 -0.432348 -0.570064 0.477286 0.278466 -0.157126 0.261561 -0.404320 -0.133394 0.035551 0.110242 -0.403635 -0.073201 -0.298567 -0.118023 -0.337759 -0.042308 0.102543 -0.038413 -0.320482 -0.212312 0.463413 0.232489 0.528490 0.459165 0.478933 0.624211 0.482467 0.466730 -0.343274 -0.425661 -0.256289 -0.256370 0.103891 -0.082092 -0.129630 -0.095954 -0.319879 -0.323495 -0.237811 -0.342934 -0.426412 -0.305114 -0.285875 -0.037444 -0.447370 -0.335195 -0.151283 -0.100865 -0.012071 -0.138885 -0.056214 0.112958 0.262594 -0.140874
-0.174309 -0.260740 0.278397 0.446368 0.172826 0.479810 0.067270 0.307638 0.581665 0.455687 0.193756 -0.283626 -0.153175 -0.156407 0.667879 0.583159 -0.491522 -0.419535 -0.053911 -0.032063 0.302959 0.356632 0.714119 0.651409 1.000000 0.712147 0.716259 0.743328 -0.496089 -0.477165 0.278721 0.259590 -0.664485 -0.498004 0.240737 0.100251 -0.197906 -0.168406 0.428188 0.230973 0.302868 -0.010718 0.144901 0.099168 0.242232 0.182712 0.051713 0.108435 -0.009504 0.393167 0.169047 -0.151577 -0.284816 -0.085756 0.345529 0.099233 0.029507 -0.181735 -0.043419 -0.283320 -0.266137 -0.526270 -0.581006 -0.638095 0.635664 0.286475 -0.326816 -0.089136 -0.276382 -0.032617 -0.114986 0.040462 -0.616019 -0.272401 -0.483812 -0.049446 -0.484383 -0.255884 -0.074387 -0.162839 -0.566299 -0.441778 0.565802 0.115897 0.621383 0.321765 0.534165 0.536401 0.729444 0.600766 -0.066466 -0.156120 -0.105969 0.098313 -0.067786 -0.328210 -0.114215 -0.151331 -0.198958 -0.295395 -0.255411 -0.425251 -0.495028 -0.443138 -0.315298 -0.120165 -0.395441 -0.323436 -0.261829 -0.170304 -0.132056 -0.273441 0.008076 0.082150 0.179169 -0.174111
-0.461615 -0.458824 -0.079139 0.281962 0.136564 0.691666 -0.234518 0.426546 0.179233 0.247542 -0.052191 0.053266 -0.232851 -0.117831 0.276437 0.385148 -0.582979 -0.316957 -0.181305 -0.072088 0.471545 0.507201 0.366653 0.645141 0.712147 1.000000 0.460112 0.622144 -0.365960 -0.242836 0.396388 0.565503 -0.445026 -0.204001 0.289125 0.292087 -0.123723 0.028302 0.069170 0.236153 -0.011770 -0.005381 0.386898 0.381653 0.372197 0.404264 0.320856 0.256702 -0.233305 0.225956 -0.054671 -0.143539 -0.451191 0.012683 0.072594 0.059535 -0.193829 -0.449950 -0.368262 -0.355757 -0.532019 -0.509298 -0.620473 -0.718945 0.412451 0.442650 -0.384312 0.164540 -0.346734 -0.184016 -0.048283 0.071664 -0.531169 -0.137650 -0.481982 0.009126 -0.326391 -0.013818 -0.002535 -0.143714 -0.482353 -0.464954 0.278617 0.079480 0.430547 0.440813 0.389023 0.510405 0.356265 0.311535 -0.009861 -0.273140 0.072390 -0.032997 0.227992 -0.107730 0.176914 0.086933 0.024578 -0.154231 -0.176415 -0.257860 -0.428404 -0.159557 -0.130321 -0.046062 -0.348718 -0.373879 -0.026745 -0.049157 0.291238 0.040846 0.200344 0.395039 0.193492 -0.036360
-0.034633 -0.157556 0.405331 0.462509 0.239258 0.552384 0.274141 0.132250 0.399456 0.283164 0.074067 -0.395706 -0.057011 -0.115579 0.539166 0.494351 -0.422304 -0.333348 0.071091 0.027693 0.354826 0.332730 0.638644 0.475361 0.716259 0.460112 1.000000 0.830689 -0.581755 -0.470494 0.174747 0.104425 -0.532185 -0.466254 0.067980 0.048773 -0.375472 -0.340146 0.572429 0.368846 0.083587 -0.255417 0.117322 0.107278 0.189552 0.075794 0.045309 0.287565 -0.088921 0.383604 0.065688 -0.229367 -0.295202 -0.188134 0.354327 0.253405 0.059606 -0.104079 0.003092 -0.304771 -0.069562 -0.516859 -0.451918 -0.408991 0.619980 0.131989 -0.228630 -0.217911 -0.148590 0.067099 0.086180 0.201647 -0.631489 -0.217889 -0.441268 0.007103 -0.445190 -0.165515 -0.214083 -0.199437 -0.636807 -0.546609 0.682688 0.093194 0.316663 0.050266 0.661642 0.480276 0.759910 0.605048 -0.038685 -0.083674 -0.364127 0.097936 0.045295 -0.251612 0.008259 0.008444 -0.365852 -0.378940 -0.443673 -0.310056 -0.612716 -0.488984 -0.420215 -0.239633 -0.515351 -0.349039 -0.351262 -0.041180 0.031550 -0.202970 -0.306511 -0.227248 -0.120406 -0.421093
-0.111183 -0.312344 0.308395 0.535857 0.005101 0.640737 0.094771 0.266706 0.260223 0.295345 0.070116 -0.302064 -0.259845 -0.338316 0.543524 0.448340 -0.600512 -0.434149 0.022087 -0.063825 0.363745 0.429433 0.700154 0.653895 0.743328 0.622144 0.830689 1.000000 -0.711989 -0.628800 0.145870 0.150055 -0.672033 -0.581542 0.115747 0.115922 -0.321145 -0.237400 0.563251 0.434774 0.116019 -0.175285 0.175101 0.104016 0.288025 0.226744 -0.009292 0.187956 -0.057268 0.397904 0.214278 -0.066471 -0.316186 -0.267808 0.432149 0.212400 0.022593 -0.246331 -0.093423 -0.293495 -0.239172 -0.611893 -0.477494 -0.564078 0.610955 0.276267 -0.098954 0.089311 -0.229659 0.039158 -0.032350 0.096818 -0.733252 -0.342536 -0.566522 -0.092999 -0.537167 -0.154987 -0.286820 -0.312731 -0.647528 -0.595439 0.544324 -0.027595 0.494700 0.308215 0.738662 0.664034 0.765180 0.602448 -0.100027 -0.160057 -0.323882 0.090900 0.183741 -0.187366 0.062937 0.075844 -0.376323 -0.361311 -0.401196 -0.340706 -0.543770 -0.347320 -0.325893 -0.190290 -0.600029 -0.376978 -0.233727 -0.022895 0.129419 -0.097296 -0.193656 -0.107711 -0.003019 -0.311088
-0.139274 0.055328 -0.239087 -0.418271 0.019007 -0.632200 -0.096176 -0.238152 -0.161867 -0.276151 -0.082562 0.309445 0.062955 0.238531 -0.417930 -0.243678 0.599926 0.578330 -0.015528 0.306042 -0.201294 -0.198524 -0.468265 -0.306944 -0.496089 -0.365960 -0.581755 -0.711989 1.000000 0.798145 0.318564 0.296960 0.596304 0.563031 0.114895 -0.044489 0.612252 0.314227 -0.372164 -0.319750 0.063324 0.337497 -0.369056 -0.249577 -0.346559 -0.262440 -0.043061 -0.357758 -0.254709 -0.495467 -0.418186 -0.206684 0.022709 0.096572 -0.394036 -0.341624 -0.191558 -0.035275 -0.294386 -0.071512 0.028479 0.297934 0.329377 0.332239 -0.412388 -0.296154 -0.135028 -0.040016 -0.041977 -0.126603 0.217597 0.033388 0.833615 0.461865 0.598508 0.362726 0.644032 0.310268 0.387998 0.406976 0.554920 0.514438 -0.348480 0.428283 -0.408168 -0.208989 -0.586632 -0.460026 -0.642802 -0.443770 -0.043220 0.078058 0.373580 -0.111816 -0.041929 0.175457 -0.108144 0.037257 0.217453 0.326932 0.340813 0.296259 0.260775 0.137298 0.174146 0.279619 0.449982 0.125785 0.266344 0.019438 -0.105098 0.098485 0.252689 0.132942 0.077017 0.279254
-0.389024 -0.097065 -0.353086 -0.161609 0.013727 -0.396493 -0.122337 -0.032724 -0.236272 -0.229294 -0.271179 0.522886 -0.119212 0.193446 -0.505146 -0.145080 0.389528 0.729186 -0.248243 0.183566 0.073189 0.067066 -0.460561 -0.220229 -0.477165 -0.242836 -0.470494 -0.628800 0.798145 1.000000 0.412508 0.430689 0.529989 0.539544 0.103972 0.249225 0.557745 0.544570 -0.379821 -0.099225 -0.054844 0.448136 -0.139056 -0.024840 -0.012889 0.068669 0.062058 -0.194468 -0.176576 -0.197416 -0.563889 -0.098007 -0.224610 0.152089 -0.314681 -0.077368 -0.343575 -0.205062 -0.457886 0.001179 -0.190557 0.364687 0.228485 0.288814 -0.458935 -0.064859 -0.182265 0.050343 -0.191462 -0.345463 0.216057 0.338199 0.679782 0.692870 0.461271 0.395898 0.659866 0.562780 0.269951 0.567172 0.345615 0.399499 -0.266156 0.471815 -0.429693 -0.112213 -0.429423 -0.229789 -0.636820 -0.313281 -0.276532 -0.314845 0.341114 -0.381874 -0.057141 0.181076 -0.020755 0.061256 0.155514 0.146877 0.366395 -0.008872 0.125328 0.026648 0.061118 0.112268 0.310272 -0.091984 0.158605 0.118882 -0.006948 0.057741 0.100184 0.217888 -0.007397 0.119842
-0.456650 -0.418133 0.173360 0.316833 0.283756 0.085657 0.056635 0.301440 0.280365 0.287313 -0.146602 0.167531 -0.203250 0.105974 0.051265 0.336485 0.052710 0.341192 0.014804 0.357866 0.332065 0.363107 0.317334 0.422512 0.278721 0.396388 0.174747 0.145870 0.318564 0.412508 1.000000 0.823879 -0.078912 -0.012396 0.279484 0.251392 0.295095 0.156022 0.045104 0.050683 -0.036989 0.131275 -0.175874 -0.066301 -0.000663 0.034061 -0.094614 -0.275550 -0.435468 -0.071398 -0.439306 -0.399846 -0.572226 -0.136105 -0.052706 -0.171425 -0.285084 -0.423333 -0.528306 -0.383465 -0.336079 -0.213496 -0.160739 -0.259364 0.130659 0.108641 -0.353414 0.016766 -0.322758 -0.268954 0.376552 0.390823 0.141175 0.392898 -0.015108 0.331937 0.288554 0.417464 0.137082 0.349096 -0.133215 0.027915 0.188918 0.508413 -0.054434 0.014165 0.180543 0.173806 0.033565 0.141952 -0.379687 -0.336894 0.105889 -0.193979 0.112032 0.088190 -0.054852 0.104129 -0.122023 0.003868 0.021472 -0.331710 -0.418374 -0.344630 -0.274945 -0.027665 -0.216835 -0.400993 0.111508 0.061125 -0.038067 -0.015002 0.125723 0.124575 0.215651 0.058896
-0.601714 -0.469513 -0.106293 0.296707 0.145127 0.222093 -0.167130 0.343751 0.057627 0.104915 -0.376596 0.249936 -0.329849 0.006065 -0.096406 0.248051 -0.115753 0.275169 -0.143472 0.283188 0.358671 0.458228 0.119637 0.468083 0.259590 0.565503 0.104425 0.150055 0.296960 0.430689 0.823879 1.000000 0.026561 0.197383 0.293763 0.343061 0.327855 0.259552 -0.062307 0.161058 -0.087575 0.287418 -0.027721 0.161071 0.111340 0.216113 0.004177 -0.131801 -0.487317 -0.135921 -0.501150 -0.366042 -0.676938 -0.147523 -0.106806 -0.154133 -0.390020 -0.505710 -0.691189 -0.332129 -0.552141 -0.189970 -0.181872 -0.295165 -0.039640 0.205956 -0.270617 0.279302 -0.314085 -0.279070 0.280990 0.311618 0.130533 0.370350 0.022124 0.400813 0.286876 0.478745 0.140697 0.224964 -0.060208 0.016416 0.090782 0.527026 -0.095344 0.173044 0.110368 0.240196 -0.096308 0.072453 -0.248891 -0.401215 0.153909 -0.272139 0.203171 0.123596 0.032512 0.179851 -0.022630 0.034300 0.000640 -0.279808 -0.242500 -0.207347 -0.146862 -0.040562 -0.174327 -0.430775 0.181431 0.102731 0.206214 0.062807 0.167273 0.264102 0.175919 -0.020612
0.209703 0.376813 -0.463826 -0.513884 -0.173146 -0.408849 -0.008794 -0.355091 -0.435207 -0.458136 -0.199895 0.265621 0.195959 0.246444 -0.580738 -0.500767 0.484451 0.577676 0.057259 0.153257 -0.245295 -0.257288 -0.731443 -0.570233 -0.664485 -0.445026 -0.532185 -0.672033 0.596304 0.529989 -0.078912 0.026561 1.000000 0.825477 0.026912 0.100991 0.181576 0.155769 -0.431986 -0.317705 -0.130006 0.244524 -0.182058 -0.100472 -0.228782 -0.176111 -0.003215 -0.036252 -0.182150 -0.460591 -0.262670 -0.079866 0.216703 0.126269 -0.474904 -0.282425 -0.092587 0.187103 -0.105884 0.087949 0.198017 0.481190 0.482000 0.626354 -0.554083 -0.417729 0.107922 -0.041336 0.359955 -0.003095 0.049578 0.023164 0.573437 0.333545 0.523416 0.158067 0.625405 0.365400 0.201718 0.266307 0.572970 0.468880 -0.379829 0.024122 -0.602112 -0.391490 -0.625279 -0.621320 -0.732783 -0.678785 0.178739 0.057225 0.144113 -0.194129 -0.200501 -0.010012 -0.152444 -0.048286 0.199075 0.183791 0.142549 0.288202 0.278896 0.200728 0.119522 0.087418 0.420949 0.230686 0.011985 -0.068431 0.047507 0.035463 -0.037635 -0.117000 -0.143102 0.047420
-0.034256 0.257958 -0.605345 -0.475040 -0.194707 -0.222351 -0.224161 -0.250698 -0.464322 -0.537544 -0.157153 0.417204 0.049282 0.176913 -0.475317 -0.377827 0.242846 0.473821 -0.159616 0.158091 -0.166848 -0.145295 -0.674543 -0.347132 -0.498004 -0.204001 -0.466254 -0.581542 0.563031 0.539544 -0.012396 0.197383 0.825477 1.000000 0.238413 0.247437 0.290016 0.118627 -0.490681 -0.332909 -0.091527 0.335526 -0.053238 0.110114 -0.083671 0.003859 0.099938 0.004600 -0.232046 -0.405342 -0.398848 -0.078875 0.008675 0.171171 -0.500494 -0.254062 -0.284689 0.089958 -0.286016 0.093416 -0.092388 0.304423 0.243514 0.348563 -0.462602 -0.235967 -0.063323 0.133492 0.145607 0.024754 -0.110635 -0.195844 0.594003 0.177128 0.459563 0.122018 0.378426 0.173949 0.169208 0.145745 0.515130 0.342984 -0.212083 0.211078 -0.374202 -0.166858 -0.522211 -0.363560 -0.656956 -0.548663 -0.001732 -0.081200 0.157042 -0.296240 -0.171981 0.069555 -0.186666 -0.048553 0.144872 0.146113 0.129386 0.201646 0.245380 0.176644 0.277894 0.307258 0.403802 0.193908 0.142984 -0.117371 0.170975 0.041001 0.118005 0.112164 -0.107135 0.057081
-0.196019 -0.027823 -0.248272 -0.103934 -0.117041 0.102069 -0.316804 0.143591 -0.073169 -0.041966 0.348074 0.157687 -0.040160 0.068822 0.151857 0.127410 -0.183782 0.136285 -0.178111 0.259939 -0.055017 0.053801 -0.081824 0.178192 0.240737 0.289125 0.067980 0.115747 0.114895 0.103972 0.279484 0.293763 0.026912 0.238413 1.000000 0.682287 0.334946 0.117473 -0.039172 -0.002675 -0.069508 0.389383 -0.064464 -0.102231 0.109521 0.081788 0.025150 -0.088743 -0.301349 -0.166049 -0.209008 -0.196179 -0.211747 -0.012039 -0.144947 -0.196308 -0.350393 -0.219509 -0.334454 -0.341965 -0.165069 -0.306581 -0.124762 -0.287874 0.156740 0.107621 -0.358178 0.289117 -0.228550 0.070976 -0.295507 -0.115275 0.061203 -0.073858 -0.015037 0.177617 -0.124552 0.042994 -0.259173 -0.033742 -0.040888 -0.142564 0.292661 0.306955 0.311763 0.164349 0.006219 0.253214 -0.009779 -0.090246 -0.056329 -0.075039 0.241839 0.053456 -0.099277 -0.132121 -0.136031 0.076768 -0.164642 -0.193674 0.125113 -0.130024 -0.124971 -0.244816 0.012392 0.290121 -0.157993 -0.252239 -0.041869 -0.230189 0.087519 -0.343638 -0.052252 0.117571 -0.097905 -0.082251
-0.278970 -0.177109 -0.313209 0.012442 -0.094092 0.245565 -0.336018 0.209186 -0.162273 -0.000728 0.093988 0.237626 -0.091288 0.051873 0.041211 0.121116 -0.308125 0.323785 -0.164552 0.036065 0.077050 0.255168 -0.115922 0.095485 0.100251 0.292087 0.048773 0.115922 -0.044489 0.249225 0.251392 0.343061 0.100991 0.247437 0.682287 1.000000 0.126532 0.263842 -0.028991 0.143027 -0.123485 0.338016 0.141261 0.106999 0.322506 0.265870 0.156242 0.109447 -0.154923 0.041663 -0.273666 -0.127188 -0.242627 -0.072485 0.074504 -0.098087 -0.375120 -0.352246 -0.325662 -0.253586 -0.193610 -0.048852 -0.165411 -0.227920 0.008812 0.211122 -0.284946 0.312018 -0.249360 -0.148556 -0.300057 0.150298 -0.091846 -0.036161 -0.198758 0.089433 0.010482 0.316298 -0.394097 0.080220 -0.230674 -0.307064 0.223463 0.181552 0.072343 0.034553 0.093463 0.241990 -0.070792 -0.044438 -0.093613 -0.327981 0.244534 -0.028197 0.011969 -0.224260 0.038722 0.010811 -0.174677 -0.306668 0.036234 -0.254800 -0.189213 -0.131292 0.065882 0.219353 -0.235132 -0.323687 -0.172641 -0.218279 0.205257 -0.311475 -0.117539 0.240950 -0.083275 -0.117883
