1.000000 0.602035 -0.135082 0.501018 -0.143342 0.153174 -0.368936 -0.030124 -0.056462 -0.084864 0.340761 0.331220 0.312320 0.140060 0.239572 0.018228 0.060464 -0.156270 0.437536 0.306414 0.004651 0.105385 0.272808 0.272787 0.161260 0.246070 0.220472 0.363247 -0.308517 -0.291055 0.093074 0.059589 0.024083 0.034061 -0.118810 -0.124465 -0.428916 -0.406394 -0.288118 -0.085892 -0.329667 -0.216511 -0.303822 -0.336751 -0.487654 -0.550500 -0.035933 -0.387468 0.097503 -0.076264 0.079928 -0.279175 0.129870 0.108343 0.169623 -0.158277 0.751497 0.483762 0.024817 -0.001254 0.128805 0.149293 -0.302559 -0.268617 0.307047 0.179482 -0.188700 -0.370440 0.572170 0.318403 -0.273067 -0.067496 -0.283819 -0.383187 -0.346294 -0.141511 -0.553773 -0.212272 -0.053208 -0.357204 -0.330799 -0.385397 0.302233 0.332459 0.300174 0.239805 0.257656 0.315185 0.409717 0.202804 -0.182364 -0.256946 0.018631 -0.085839 -0.302445 -0.225480 -0.218047 -0.118731 -0.010150 -0.152066 -0.105616 0.094478 -0.101400 -0.257046 -0.220644 -0.272539 0.042079 -0.130204 -0.341976 -0.437641 -0.283220 -0.255718 -0.148975 0.158058 -0.245083 -0.389828
0.602035 1.000000 -0.101500 0.538159 -0.117125 0.022496 -0.326290 0.233392 0.089469 0.054434 0.160393 0.433275 0.036956 0.142996 -0.005727 0.117547 0.251765 0.280314 0.693788 0.686867 -0.285665 -0.153829 -0.003470 0.016706 -0.073231 0.041278 0.125162 0.244173 -0.131143 0.033251 -0.082113 -0.265892 0.305276 0.547923 -0.105851 -0.239124 -0.420730 -0.257571 -0.348826 -0.093186 -0.413607 -0.172827 -0.284502 -0.103597 -0.544590 -0.516707 -0.246072 -0.388240 -0.261136 -0.291869 -0.135312 -0.339919 0.009726 -0.039168 -0.130615 -0.049877 0.507808 0.696752 0.046092 0.045250 0.165411 0.380848 -0.138924 0.101397 0.096541 0.251292 -0.232432 -0.396394 0.507259 0.229177 -0.419527 0.068490 -0.040772 -0.231813 -0.108159 -0.218571 -0.380515 -0.331304 0.035607 0.001831 -0.247463 -0.060673 -0.103487 0.223017 0.100982 0.242045 0.030637 0.145208 0.087626 0.012949 -0.464744 -0.518878 -0.230104 -0.363377 -0.470112 -0.032849 -0.318386 -0.039007 -0.268193 -0.339798 -0.137776 -0.217246 -0.260411 -0.516770 -0.470414 -0.463618 0.032046 -0.306398 -0.175870 -0.351045 -0.179896 -0.114620 -0.054973 -0.007679 -0.268484 -0.311097
-0.135082 -0.101500 1.000000 -0.107510 0.438473 0.279147 0.708479 0.501640 0.267049 0.388610 -0.351216 -0.188126 -0.353784 -0.303421 -0.345321 -0.064567 -0.262485 -0.142515 0.143665 0.064800 0.077662 -0.030739 0.131651 -0.258901 -0.158421 -0.513504 0.148452 -0.338407 -0.125500 -0.210185 -0.216307 -0.484196 0.069407 -0.050093 0.025519 0.023466 -0.097831 -0.133132 -0.040827 -0.043167 -0.173382 0.151056 0.087226 -0.036924 0.162437 0.320203 -0.104527 -0.104601 0.127429 0.174430 0.138029 0.258239 0.018651 -0.136134 -0.283450 -0.137328 -0.333849 -0.204298 0.169430 0.058331 -0.040757 0.028029 -0.041681 -0.126210 -0.122926 0.089370 0.008994 0.162803 0.157124 0.111949 0.126047 -0.009803 -0.204766 -0.018676 0.088143 -0.066734 0.038914 -0.019571 -0.251917 -0.298465 -0.073049 -0.281627 -0.462574 -0.425399 -0.440276 -0.532911 -0.585878 -0.695598 -0.259000 -0.246883 0.401790 0.467467 0.255872 0.375363 0.027451 0.132627 0.182539 -0.098672 0.207207 0.342786 0.391150 0.176503 0.318485 0.207289 0.092302 0.249043 -0.179685 0.169424 0.046758 0.080618 0.138235 0.195746 0.279815 0.154912 0.288754 0.137748
0.501018 0.538159 -0.107510 1.000000 -0.325918 0.190002 -0.317348 0.223413 -0.053963 -0.037861 0.279181 0.342745 0.308027 0.409332 0.307411 0.456797 -0.018539 0.003553 0.637399 0.512302 -0.223708 0.094996 0.266706 0.444185 -0.066755 0.345838 0.285318 0.510771 -0.280594 -0.129514 -0.025622 -0.016772 0.136207 0.259696 -0.161355 -0.128272 -0.459551 -0.283155 -0.300925 -0.040842 -0.366934 -0.242914 -0.465002 -0.384973 -0.644610 -0.683757 -0.293147 -0.405194 -0.106080 -0.288877 0.049269 -0.447356 0.059846 -0.010443 0.014902 -0.173851 0.431198 0.361432 -0.043319 0.045310 -0.046343 0.154409 -0.151913 -0.107083 0.233515 0.147823 -0.305365 -0.367364 0.366757 0.264163 -0.201234 0.046378 -0.339950 -0.228478 -0.277947 -0.064880 -0.423202 -0.302843 -0.069740 -0.108234 -0.286623 -0.171305 -0.008667 0.504225 0.322426 0.418912 0.185787 0.296731 0.388211 0.346440 -0.232619 -0.339156 -0.013583 -0.353489 -0.591286 -0.368018 -0.334467 -0.272291 -0.258457 -0.352321 -0.118621 -0.109174 -0.213866 -0.342253 -0.410853 -0.381339 -0.078840 -0.271266 -0.239501 -0.446251 -0.288653 -0.338298 -0.269740 -0.015417 -0.233057 -0.312758
-0.143342 -0.117125 0.438473 -0.325918 1.000000 0.473194 0.276852 0.136612 0.603877 0.540554 -0.308676 -0.207593 -0.285844 -0.504474 -0.204909 -0.172675 -0.088506 -0.104751 -0.103394 -0.189494 0.334877 0.007209 -0.126190 -0.412452 0.258411 -0.304790 0.425853 -0.242702 0.065995 0.096514 0.071110 -0.113333 -0.039247 -0.109955 0.160763 -0.012037 0.076342 -0.070113 0.118438 -0.094700 0.143483 0.453744 0.147859 0.012847 0.509973 0.525588 0.036926 -0.045845 -0.120221 0.060866 -0.091832 0.114578 -0.141081 0.116471 -0.235825 -0.042557 -0.252661 -0.070566 0.111856 0.048297 0.080136 -0.139360 0.019482 -0.070019 0.076695 0.136785 0.138544 0.283844 -0.038373 -0.075001 0.025762 -0.247840 0.021703 0.051434 0.125170 -0.075946 0.069325 -0.099470 -0.052694 -0.129898 0.068040 -0.027171 -0.143765 -0.139829 -0.181685 -0.334060 -0.496824 -0.464762 -0.234169 -0.317416 0.267309 0.457907 0.243984 0.398762 0.028339 0.072595 0.043601 -0.001295 0.264767 0.400767 0.223358 0.194811 -0.014773 0.134148 0.144603 0.329570 -0.194061 0.094991 0.031226 0.106563 -0.109096 0.325978 0.436708 0.069594 0.072482 0.155306
0.153174 0.022496 0.279147 0.190002 0.473194 1.000000 -0.061094 0.168439 0.245926 0.470008 -0.224862 -0.329129 -0.115628 -0.251391 0.118931 0.081834 -0.385541 -0.471397 0.019012 -0.089660 0.223957 0.373882 0.284846 0.201846 0.462073 0.158040 0.706175 0.418802 -0.449991 -0.338029 -0.107367 -0.087908 -0.238193 -0.299067 0.139258 0.093848 -0.175702 -0.211774 -0.034322 0.080197 -0.233673 0.088317 -0.095320 -0.112303 -0.022272 0.015489 -0.098793 -0.207896 0.108207 0.251703 0.113510 0.192729 0.098395 -0.085630 -0.132652 -0.064026 0.123545 0.051118 0.155211 0.347176 -0.165001 -0.101194 -0.309245 -0.409865 0.018522 -0.018963 0.119478 0.199917 0.301920 0.228807 0.037616 -0.402118 -0.415745 -0.196754 -0.229402 -0.149593 -0.271884 -0.231383 -0.162428 -0.366037 -0.293992 -0.351764 -0.160254 0.094968 -0.170120 -0.177544 -0.368372 -0.260111 0.101571 0.021832 0.348127 0.422254 0.514271 0.356092 -0.031370 -0.086579 0.094774 0.046958 0.275895 0.431471 0.341963 0.217030 0.057340 0.280391 0.105964 0.240120 0.024431 0.206844 -0.049380 -0.140334 -0.111365 0.008679 0.177165 0.146182 0.125071 0.008945
-0.368936 -0.326290 0.708479 -0.317348 0.276852 -0.061094 1.000000 0.438923 0.404058 0.291664 -0.188618 -0.098293 -0.148986 -0.016645 -0.128956 0.085547 -0.367438 -0.156671 -0.153747 -0.148962 0.007141 -0.070845 0.090979 -0.255481 -0.175381 -0.456501 -0.146234 -0.449142 -0.163474 -0.127435 -0.269207 -0.404188 -0.079980 -0.009064 -0.036366 0.167568 0.042217 -0.044357 0.063846 -0.122849 -0.082047 0.144742 0.086471 0.042684 0.314593 0.443796 0.014265 0.044264 0.299194 0.221181 0.343286 0.404123 0.002011 -0.051565 -0.135364 -0.126921 -0.532089 -0.457104 0.119362 -0.052326 0.128637 0.054613 -0.034875 -0.137467 0.028941 0.204609 0.046184 0.224309 -0.226258 -0.096765 0.089598 0.108844 -0.083474 0.159338 0.245419 0.194155 0.320567 0.224960 -0.171650 -0.165422 -0.081655 -0.207298 -0.375610 -0.493458 -0.414883 -0.369546 -0.274510 -0.396673 -0.063142 -0.080332 0.283850 0.293773 0.119706 0.316210 0.088676 0.108204 0.244744 -0.096002 0.068214 0.147793 0.272289 0.106651 0.236067 0.065289 -0.075654 0.053285 -0.048999 0.081128 0.101606 0.080302 0.118979 0.164015 0.360597 0.103504 0.115116 0.166820
-0.030124 0.233392 0.501640 0.223413 0.136612 0.168439 0.438923 1.000000 0.329347 0.557517 -0.228487 0.053421 -0.262731 0.128633 -0.306702 0.116705 -0.194130 -0.060460 0.165334 0.202146 -0.162858 -0.225278 -0.132111 -0.136890 -0.282238 -0.363699 -0.011815 -0.226845 -0.185551 -0.083547 -0.333569 -0.418724 -0.020484 0.129055 0.015421 -0.095414 -0.347256 -0.096155 -0.371565 -0.090658 -0.289406 0.076406 -0.274031 -0.186192 -0.165408 0.044005 -0.449384 -0.371548 0.070737 0.101388 0.171877 0.236292 0.306101 -0.143024 -0.379581 -0.326614 -0.200968 -0.084453 0.316667 0.241965 0.188132 0.401382 0.010778 -0.025820 0.001945 0.475552 -0.009588 0.158184 -0.001982 -0.037750 0.058924 -0.115423 -0.146379 0.034235 0.032256 0.023103 0.146531 -0.021297 -0.267416 -0.202049 -0.215460 -0.234106 -0.411926 -0.243223 -0.325085 -0.114623 -0.362843 -0.288538 -0.212936 -0.014366 0.179284 0.059328 0.327114 -0.013930 -0.262766 0.027233 -0.173421 0.016602 0.022471 -0.036580 0.235004 0.006466 0.108136 -0.085368 -0.148157 -0.078236 -0.217890 -0.167126 0.049264 0.026286 0.051551 0.090964 0.123801 0.122894 0.087512 0.014835
-0.056462 0.089469 0.267049 -0.053963 0.603877 0.245926 0.404058 0.329347 1.000000 0.734683 -0.041929 0.192096 0.131896 -0.099720 0.165459 0.269005 -0.353621 -0.088495 0.099683 0.016324 0.055005 -0.078205 0.093835 -0.134952 0.074601 -0.154157 0.071293 -0.223249 -0.235403 0.014590 -0.146842 -0.260261 0.005405 0.144018 0.067652 0.019571 -0.221047 -0.224690 -0.007313 -0.157827 -0.225323 0.263604 -0.200343 -0.124386 0.194849 0.270840 -0.151484 -0.113976 0.021790 0.017969 0.118914 0.044732 -0.157504 0.048329 -0.284298 -0.219499 -0.336912 -0.183476 0.041696 -0.156516 0.174664 0.020265 -0.296517 -0.296463 0.426317 0.563617 -0.085515 0.162046 -0.042327 0.124838 -0.050155 -0.113964 -0.207631 0.044429 0.057837 -0.033281 -0.046982 -0.114388 -0.169722 -0.219768 -0.290975 -0.240388 -0.147885 0.046054 -0.118868 -0.219865 -0.269689 -0.152901 0.044586 -0.207414 0.128735 0.255392 0.328377 0.338930 -0.169892 0.077915 -0.033007 -0.069020 0.050439 0.135857 0.047049 -0.070621 -0.109950 -0.105556 -0.107010 0.096110 -0.150149 -0.072829 0.062807 -0.054672 -0.031557 0.311287 0.404966 0.023939 0.011600 0.192020
-0.084864 0.054434 0.388610 -0.037861 0.540554 0.470008 0.291664 0.557517 0.734683 1.000000 -0.379996 -0.171369 -0.255512 -0.285303 -0.203535 0.228095 -0.339884 -0.104902 0.041258 -0.047957 0.021228 -0.127288 -0.125143 -0.230304 -0.076604 -0.344981 0.082420 -0.296351 -0.122713 0.084071 -0.250831 -0.305181 -0.044871 -0.092922 0.171985 -0.013744 -0.134597 -0.007980 0.009871 0.022282 -0.131350 0.314888 -0.232622 -0.236148 0.073394 0.249284 -0.210678 -0.142645 0.003537 0.201799 -0.027326 0.215445 0.144148 -0.158097 -0.265602 -0.132209 -0.273027 -0.173848 0.296577 0.176751 0.172959 0.199037 -0.180545 -0.210380 0.080576 0.457932 0.051579 0.188752 0.072039 0.099819 0.156458 -0.290462 -0.093845 -0.009856 0.041678 -0.198872 0.023840 -0.093335 -0.264503 -0.253136 -0.233256 -0.231644 -0.350142 -0.010000 -0.417424 -0.477606 -0.591560 -0.408860 -0.205223 -0.168661 0.382335 0.420813 0.458777 0.274453 -0.063514 0.238330 0.022684 0.175204 0.345752 0.409707 0.141720 0.018142 0.118943 0.161967 0.172743 0.271226 -0.195025 0.015634 0.249637 0.175871 0.145250 0.494307 0.493970 0.082428 0.243266 0.258803
0.340761 0.160393 -0.351216 0.279181 -0.308676 -0.224862 -0.188618 -0.228487 -0.041929 -0.379996 1.000000 0.594469 0.751530 0.647376 0.616134 0.350746 0.119861 -0.057893 0.186194 0.235857 -0.120070 0.122517 0.232996 0.377845 0.251124 0.438934 -0.106081 0.277774 -0.143498 -0.250369 0.020691 0.109135 -0.037806 0.155524 -0.119988 -0.130435 -0.296620 -0.395858 -0.336474 -0.326025 -0.187171 -0.316850 0.041070 0.142726 -0.241774 -0.348249 0.177522 -0.034613 0.275827 -0.205429 0.322454 -0.265810 -0.249422 0.088077 0.091857 -0.367791 0.216522 0.010959 -0.076549 -0.268693 0.089628 -0.115193 -0.082047 -0.195526 0.363292 0.200948 -0.118002 -0.184656 0.054927 0.225440 -0.254255 0.056825 -0.312196 -0.195163 -0.277715 0.147001 -0.372671 -0.220288 0.045078 -0.182679 -0.099216 -0.132932 0.514458 0.400753 0.656018 0.558478 0.566149 0.489348 0.540376 0.126567 -0.317714 -0.388592 -0.174285 0.049333 -0.186133 -0.243199 -0.096618 -0.167203 -0.437502 -0.562856 -0.197523 -0.008202 -0.227709 -0.321224 -0.359915 -0.368454 -0.029945 -0.166539 -0.262073 -0.167902 -0.125395 -0.420656 -0.357060 0.115144 -0.299198 -0.200311
0.331220 0.433275 -0.188126 0.342745 -0.207593 -0.329129 -0.098293 0.053421 0.192096 -0.171369 0.594469 1.000000 0.558162 0.573397 0.341410 0.398300 0.098762 0.241200 0.438596 0.468725 -0.338445 -0.090968 0.200826 0.283496 -0.089736 0.238565 -0.198353 0.105840 -0.033386 0.005751 -0.029168 -0.001903 0.315396 0.534741 -0.271766 -0.236384 -0.470560 -0.401011 -0.459731 -0.308151 -0.347658 -0.151798 -0.129461 0.004825 -0.340912 -0.413423 -0.194625 -0.222033 -0.038041 -0.386250 0.195781 -0.416965 -0.301742 0.054716 -0.152624 -0.295505 0.067298 0.086200 -0.201717 -0.433317 0.035310 0.000666 -0.132669 -0.061188 0.449100 0.482302 -0.328849 -0.293373 0.066605 0.180010 -0.320018 0.256644 -0.184719 -0.106191 -0.089638 -0.046664 -0.276045 -0.271914 -0.050985 -0.064024 -0.157296 -0.075710 0.338625 0.459197 0.469485 0.450941 0.321144 0.379287 0.232227 -0.123694 -0.456152 -0.490607 -0.189123 -0.162394 -0.287526 -0.144876 -0.306010 -0.227232 -0.514406 -0.580928 -0.094734 -0.225118 -0.243407 -0.444967 -0.347676 -0.358019 -0.213571 -0.313781 -0.161424 -0.256188 -0.117447 -0.194556 -0.247602 0.091748 -0.200928 -0.076452
0.312320 0.036956 -0.353784 0.308027 -0.285844 -0.115628 -0.148986 -0.262731 0.131896 -0.255512 0.751530 0.558162 1.000000 0.528089 0.847186 0.397530 -0.242831 -0.178610 0.172556 0.130207 -0.014140 0.288722 0.544818 0.607718 0.253060 0.590428 0.013509 0.433341 -0.348230 -0.286768 -0.012171 0.224229 -0.003542 0.179419 -0.212775 -0.034957 -0.332367 -0.425400 -0.241874 -0.301568 -0.226800 -0.293676 -0.142712 -0.039510 -0.226862 -0.333180 -0.045669 -0.056736 0.176070 -0.228076 0.331604 -0.303525 -0.344247 0.089601 0.030904 -0.328869 0.061972 -0.141646 -0.318804 -0.439426 -0.082468 -0.345878 -0.311255 -0.444713 0.663139 0.261301 -0.212543 -0.108147 -0.063359 0.249367 -0.285978 0.043031 -0.454614 -0.051360 -0.235018 0.151853 -0.345018 -0.181306 -0.041289 -0.236132 -0.222865 -0.238787 0.525647 0.493291 0.686000 0.456845 0.564118 0.519922 0.620934 0.090908 -0.231798 -0.156519 0.018181 0.149471 -0.115319 -0.313558 -0.090838 -0.308717 -0.422943 -0.438446 -0.186354 -0.007912 -0.201806 -0.233601 -0.281044 -0.282002 -0.013397 -0.123804 -0.308395 -0.284811 -0.235700 -0.361191 -0.277564 0.015446 -0.302953 -0.244276
0.140060 0.142996 -0.303421 0.409332 -0.504474 -0.251391 -0.016645 0.128633 -0.099720 -0.285303 0.647376 0.573397 0.528089 1.000000 0.456874 0.512074 -0.029374 -0.059133 0.085071 0.160194 -0.239508 0.085174 0.117222 0.358900 0.092669 0.380364 -0.135423 0.277931 -0.173780 -0.165554 -0.094120 0.104793 -0.063466 0.216109 -0.272789 -0.073357 -0.260699 -0.304464 -0.339154 -0.209278 -0.240336 -0.297288 -0.120556 -0.000306 -0.425760 -0.451915 -0.121909 -0.230865 0.352215 -0.069218 0.423120 -0.075426 0.129503 0.089007 0.106357 -0.324226 0.095927 -0.092829 0.090257 -0.059421 0.181724 0.203632 0.009951 -0.054843 0.265268 0.246142 -0.097760 -0.212862 -0.109058 -0.073476 -0.284090 0.117426 -0.218513 -0.125943 -0.225168 0.212431 -0.175240 -0.109049 -0.028323 -0.139483 -0.174614 -0.137273 0.320686 0.374481 0.372590 0.547513 0.556734 0.586784 0.411902 0.338884 -0.334246 -0.557194 -0.258792 -0.291917 -0.306087 -0.278172 -0.215497 -0.202558 -0.440680 -0.613613 -0.161884 -0.097687 -0.239656 -0.383611 -0.473147 -0.446169 -0.024992 -0.292301 -0.012439 -0.159499 -0.146616 -0.398384 -0.364217 0.089323 -0.156163 -0.223610
0.239572 -0.005727 -0.345321 0.307411 -0.204909 0.118931 -0.128956 -0.306702 0.165459 -0.203535 0.616134 0.341410 0.847186 0.456874 1.000000 0.481907 -0.385216 -0.385712 0.019776 -0.045402 0.073824 0.516391 0.656678 0.623136 0.432305 0.704214 0.261254 0.629208 -0.484660 -0.379327 0.008183 0.230705 -0.263433 0.066844 -0.134493 0.138056 -0.194548 -0.363664 -0.073656 -0.216730 -0.209906 -0.323811 -0.057886 0.072331 -0.117471 -0.220188 0.131920 -0.020006 0.317609 -0.071508 0.435013 -0.167318 -0.291163 0.121829 0.142956 -0.194622 0.098434 -0.146330 -0.234413 -0.239113 -0.102819 -0.332057 -0.482891 -0.610329 0.603902 0.192708 -0.145398 -0.015921 -0.055361 0.137585 -0.235365 -0.042457 -0.541708 -0.114052 -0.283283 0.212196 -0.405470 -0.207849 -0.046132 -0.285493 -0.335196 -0.305325 0.435062 0.455934 0.566504 0.435726 0.560438 0.510528 0.747683 0.214339 -0.249771 -0.133010 0.050287 0.146666 -0.082916 -0.334228 0.041576 -0.240624 -0.374059 -0.312065 -0.230581 -0.089640 -0.224312 -0.228138 -0.323502 -0.259262 0.157295 0.003382 -0.281011 -0.366602 -0.307500 -0.458951 -0.211341 -0.041325 -0.313876 -0.212767
0.018228 0.117547 -0.064567 0.456797 -0.172675 0.081834 0.085547 0.116705 0.269005 0.228095 0.350746 0.398300 0.397530 0.512074 0.481907 1.000000 -0.263297 -0.053823 0.200947 0.141424 -0.266256 0.192925 0.239948 0.345267 -0.093178 0.217287 0.042605 0.233963 -0.106683 0.063503 -0.256714 -0.068916 0.031248 0.145196 -0.117589 -0.066486 -0.014161 -0.099695 -0.097669 -0.136208 -0.101257 0.007304 -0.177832 -0.100969 -0.379879 -0.373915 -0.000335 -0.100642 0.126892 -0.173613 0.216478 -0.238210 -0.112965 -0.188234 0.110610 -0.131679 -0.039594 -0.179214 -0.060456 -0.158641 -0.036624 0.000745 -0.242091 -0.323055 0.203821 0.282008 -0.220144 -0.321468 0.043954 0.165646 -0.025401 -0.005052 -0.187659 -0.014347 -0.048811 0.061384 -0.212578 -0.322591 -0.155413 -0.129825 -0.212524 -0.091332 -0.034903 0.603137 0.173722 0.124723 0.010856 0.158382 0.386152 0.192447 -0.092830 -0.220323 -0.016367 -0.114924 -0.226438 -0.031220 0.161218 -0.062864 -0.173419 -0.142548 -0.092867 -0.096364 -0.045671 -0.205186 -0.254582 -0.234034 -0.067388 -0.218413 0.179568 -0.063086 -0.026556 0.011207 0.036804 0.104179 -0.071591 0.001976
0.060464 0.251765 -0.262485 -0.018539 -0.088506 -0.385541 -0.367438 -0.194130 -0.353621 -0.339884 0.119861 0.098762 -0.242831 -0.029374 -0.385216 -0.263297 1.000000 0.626865 0.210014 0.256315 -0.111092 -0.436666 -0.462224 -0.410316 -0.072240 -0.201218 -0.150115 -0.226971 0.731806 0.541708 0.308840 0.116953 0.302483 0.130357 0.040345 -0.359071 0.081254 0.064736 -0.205697 -0.083486 0.241870 0.045401 0.178113 0.218132 -0.012368 -0.036418 0.105404 -0.000473 -0.410329 -0.261388 -0.345829 -0.307722 -0.150889 0.044491 0.017304 0.119010 0.365406 0.569769 0.088000 0.059105 0.173738 0.102589 0.582377 0.653703 -0.333259 -0.257634 0.103862 -0.266512 0.049315 -0.064473 0.013693 -0.044240 0.631496 0.152012 0.293744 0.040875 0.126029 -0.035475 0.569256 0.497778 0.669440 0.665540 -0.065211 -0.026273 0.152015 0.158534 0.046615 -0.040508 -0.309516 -0.226151 -0.280312 -0.392757 -0.513488 -0.435851 -0.249915 -0.117449 -0.309362 -0.022736 -0.081257 -0.250020 -0.153530 -0.009392 -0.135061 -0.164804 -0.114370 -0.277847 0.002718 -0.315112 -0.140350 -0.020002 -0.060075 -0.074577 -0.094597 -0.065699 -0.321391 -0.219348
-0.156270 0.280314 -0.142515 0.003553 -0.104751 -0.471397 -0.156671 -0.060460 -0.088495 -0.104902 -0.057893 0.241200 -0.178610 -0.059133 -0.385712 -0.053823 0.626865 1.000000 0.284142 0.340455 -0.282046 -0.569364 -0.399552 -0.387562 -0.305838 -0.330178 -0.322713 -0.358045 0.643398 0.770108 0.188449 0.035352 0.455379 0.362505 -0.093753 -0.309331 -0.044905 0.167534 -0.077569 -0.009092 0.106196 0.081548 -0.032275 -0.011025 -0.111825 -0.119396 -0.201913 -0.056671 -0.616896 -0.345480 -0.554600 -0.309166 -0.181254 -0.054874 -0.207942 0.172163 0.068141 0.374073 -0.163573 -0.180130 0.065506 0.088754 0.479428 0.685429 -0.318933 -0.150617 -0.249790 -0.423227 -0.132948 -0.141221 0.057927 0.357213 0.606278 0.501746 0.482818 -0.007266 0.336045 0.143979 0.334709 0.652154 0.541233 0.665509 -0.130254 0.049876 -0.103636 -0.104994 -0.164169 -0.172969 -0.516211 -0.314772 -0.279322 -0.258507 -0.421690 -0.420162 -0.155251 0.047583 -0.370735 -0.099817 -0.220144 -0.276282 0.050478 -0.123245 -0.038519 -0.177348 -0.067916 -0.179757 -0.140540 -0.322566 -0.038044 -0.011568 -0.039995 0.079057 -0.101304 -0.216876 -0.161278 -0.041421
0.437536 0.693788 0.143665 0.637399 -0.103394 0.019012 -0.153747 0.165334 0.099683 0.041258 0.186194 0.438596 0.172556 0.085071 0.019776 0.200947 0.210014 0.284142 1.000000 0.828773 -0.229944 -0.158422 0.157489 0.130229 -0.233577 -0.026742 0.109459 0.116558 -0.084399 0.011220 -0.099200 -0.316410 0.468500 0.557134 -0.115094 -0.176954 -0.473206 -0.360927 -0.381736 -0.116374 -0.404105 0.010387 -0.404885 -0.303446 -0.457863 -0.419174 -0.427705 -0.379117 -0.266604 -0.362069 -0.155646 -0.484224 -0.183511 -0.032236 -0.317563 -0.238069 0.279800 0.541012 -0.016680 -0.115726 -0.044769 0.109794 -0.061474 0.068812 0.185808 0.225817 -0.242642 -0.351406 0.425969 0.452922 -0.289707 0.170399 -0.182108 -0.141147 -0.071889 -0.285629 -0.369222 -0.361295 -0.080890 -0.025412 -0.164628 -0.067266 -0.154279 0.260132 0.161657 0.096107 -0.076012 -0.021403 0.076506 -0.126631 -0.244304 -0.286794 -0.134638 -0.215063 -0.565758 -0.140363 -0.357629 -0.275923 -0.291006 -0.313672 0.003115 -0.143750 -0.080463 -0.327135 -0.369429 -0.332869 -0.110476 -0.220075 -0.218625 -0.394227 -0.174670 -0.109025 -0.100571 0.077387 -0.172271 -0.157397
0.306414 0.686867 0.064800 0.512302 -0.189494 -0.089660 -0.148962 0.202146 0.016324 -0.047957 0.235857 0.468725 0.130207 0.160194 -0.045402 0.141424 0.256315 0.340455 0.828773 1.000000 -0.420913 -0.150573 0.030330 0.161856 -0.275168 -0.024447 -0.014464 0.156636 -0.020845 -0.026377 -0.207732 -0.399147 0.354768 0.697491 -0.113881 -0.245157 -0.458869 -0.379293 -0.587294 -0.325852 -0.296688 -0.095607 -0.335485 -0.074078 -0.453007 -0.432059 -0.400591 -0.307114 -0.302588 -0.375295 -0.107973 -0.402431 -0.250708 -0.145932 -0.429364 -0.295951 0.227194 0.536196 0.045975 -0.046441 -0.064292 0.061797 0.022452 0.106108 0.068137 0.171255 -0.015012 -0.147795 0.455039 0.565020 -0.429029 0.095306 -0.108853 -0.186611 -0.018418 -0.397014 -0.334697 -0.414714 -0.012455 -0.000798 -0.086735 0.043697 -0.172225 0.213220 0.164914 0.206974 -0.070674 -0.006217 0.032450 -0.052541 -0.225040 -0.366921 -0.145186 -0.227872 -0.538904 -0.224135 -0.273843 -0.259953 -0.337836 -0.402096 0.074460 -0.104408 0.007390 -0.301409 -0.383338 -0.335822 -0.219752 -0.341665 -0.093271 -0.303924 -0.002361 -0.123391 -0.131627 0.127169 -0.104483 -0.048312
0.004651 -0.285665 0.077662 -0.223708 0.334877 0.223957 0.007141 -0.162858 0.055005 0.021228 -0.120070 -0.338445 -0.014140 -0.239508 0.073824 -0.266256 -0.111092 -0.282046 -0.229944 -0.420913 1.000000 0.404491 0.217315 0.003389 0.433901 0.167311 0.456082 0.123358 -0.134087 -0.110255 0.197245 0.251039 -0.113580 -0.295741 0.209987 0.077595 0.190570 0.093664 0.445532 0.351597 0.220546 0.058918 0.141558 -0.066940 0.266247 0.175050 0.151572 0.093275 -0.045464 -0.090969 -0.011767 -0.095205 -0.145531 0.317720 0.114295 0.053882 -0.059488 -0.160786 -0.305206 -0.209234 -0.173523 -0.256091 -0.252953 -0.217854 0.221042 -0.185636 -0.092467 -0.071820 -0.184826 -0.269621 0.151721 -0.019653 -0.036333 0.035819 -0.020705 0.101128 0.204431 0.250980 0.039137 -0.110681 -0.039943 -0.108117 0.157265 -0.080732 0.098980 -0.065503 -0.007986 0.068565 0.018184 -0.102990 -0.026849 0.242659 0.138506 0.302255 0.270015 0.028852 0.134453 -0.058023 0.140535 0.206819 0.028659 0.057737 -0.195404 0.108867 0.118122 0.174858 0.094352 0.283140 -0.132517 0.052712 -0.106627 0.084634 0.042182 0.192249 0.036797 -0.058572
0.105385 -0.153829 -0.030739 0.094996 0.007209 0.373882 -0.070845 -0.225278 -0.078205 -0.127288 0.122517 -0.090968 0.288722 0.085174 0.516391 0.192925 -0.436666 -0.569364 -0.158422 -0.150573 0.404491 1.000000 0.545400 0.477960 0.419829 0.530255 0.608840 0.658613 -0.407219 -0.434962 0.036009 0.175740 -0.359542 -0.117031 -0.075093 0.163696 0.154177 -0.188754 0.182807 0.069135 0.173548 -0.114672 0.109974 0.107452 -0.098668 -0.186605 0.229271 0.062997 0.207437 -0.132009 0.332907 -0.144331 -0.165887 0.147425 0.272731 0.043139 0.023387 -0.237843 -0.214616 -0.100406 -0.216697 -0.292037 -0.507512 -0.556970 0.305323 -0.099917 -0.018613 0.000654 0.026379 0.029132 -0.101199 -0.126578 -0.431626 -0.324529 -0.302883 -0.054992 -0.343014 -0.217481 -0.159044 -0.445072 -0.334697 -0.384992 0.284176 0.320019 0.301327 0.273548 0.201341 0.329881 0.570255 0.307015 -0.109807 0.087060 0.049027 0.189620 0.153435 -0.168042 0.383322 -0.062148 -0.062190 0.074253 -0.046560 0.020036 -0.160923 0.032322 -0.029862 0.049221 0.146358 0.290553 -0.145252 -0.221194 -0.084394 -0.180647 -0.091907 0.174963 0.077738 -0.066913
0.272808 -0.003470 0.131651 0.266706 -0.126190 0.284846 0.090979 -0.132111 0.093835 -0.125143 0.232996 0.200826 0.544818 0.117222 0.656678 0.239948 -0.462224 -0.399552 0.157489 0.030330 0.217315 0.545400 1.000000 0.728015 0.339605 0.617359 0.351308 0.601864 -0.607231 -0.427390 0.097466 0.203620 0.058951 0.086335 -0.226203 0.071455 -0.265805 -0.451834 -0.058928 -0.184745 -0.278640 -0.273421 -0.057564 -0.017774 -0.146822 -0.212842 0.048564 -0.066537 0.135322 -0.182293 0.384042 -0.255563 -0.415788 -0.017560 -0.021811 -0.084015 0.067430 -0.090453 -0.425106 -0.403518 -0.433622 -0.479969 -0.616004 -0.677424 0.569191 0.095214 -0.284339 -0.100525 0.061289 0.261137 -0.128055 0.022733 -0.570159 -0.132740 -0.249313 0.027231 -0.310139 -0.117710 -0.046101 -0.298713 -0.361713 -0.433209 0.121084 0.191943 0.359416 0.148574 0.259927 0.213515 0.601325 0.025686 -0.158758 0.070494 0.231365 0.346663 0.025838 -0.265740 0.132879 -0.325929 -0.330852 -0.131062 0.009050 -0.053482 -0.188021 -0.051813 -0.152036 -0.155748 0.066867 0.014458 -0.353447 -0.430922 -0.227845 -0.370366 -0.194861 0.029549 -0.185340 -0.250472
0.272787 0.016706 -0.258901 0.444185 -0.412452 0.201846 -0.255481 -0.136890 -0.134952 -0.230304 0.377845 0.283496 0.607718 0.358900 0.623136 0.345267 -0.410316 -0.387562 0.130229 0.161856 0.003389 0.477960 0.728015 1.000000 0.251424 0.804521 0.146947 0.716212 -0.524597 -0.454382 0.007153 0.321072 0.017813 0.111359 -0.207429 0.108663 -0.286113 -0.360727 -0.204017 -0.216970 -0.227965 -0.338001 -0.308657 -0.165233 -0.401523 -0.507463 -0.146282 -0.149523 0.091478 -0.204731 0.314437 -0.295956 -0.208950 -0.045284 -0.046569 -0.255150 0.144718 -0.095705 -0.431895 -0.328640 -0.532537 -0.431244 -0.509571 -0.587225 0.463770 0.056115 -0.264750 -0.088755 0.075604 0.360593 -0.169100 -0.018015 -0.479694 -0.190239 -0.360500 -0.059770 -0.318046 -0.192234 -0.128571 -0.215765 -0.383938 -0.344738 0.284814 0.414582 0.533879 0.411785 0.390128 0.489099 0.618155 0.282859 -0.100396 -0.091742 0.322096 0.160098 -0.087854 -0.322124 0.056682 -0.307669 -0.341785 -0.249430 -0.040379 -0.053122 -0.169506 -0.036849 -0.089372 -0.124065 -0.040914 -0.138173 -0.244099 -0.312998 -0.143508 -0.387021 -0.419833 0.096329 -0.096439 -0.093898
0.161260 -0.073231 -0.158421 -0.066755 0.258411 0.462073 -0.175381 -0.282238 0.074601 -0.076604 0.251124 -0.089736 0.253060 0.092669 0.432305 -0.093178 -0.072240 -0.305838 -0.233577 -0.275168 0.433901 0.419829 0.339605 0.251424 1.000000 0.546901 0.499182 0.507385 -0.307850 -0.280209 0.214711 0.365143 -0.274662 -0.243251 0.022358 0.265056 -0.150469 -0.322946 0.048587 -0.042633 -0.137846 -0.239364 0.069268 0.166339 0.142285 0.008374 0.169915 -0.079355 0.197644 0.075125 0.187409 0.059087 -0.236597 0.062046 0.025353 -0.145033 0.184387 0.057518 -0.107943 0.017842 0.005523 -0.239536 -0.245829 -0.313111 0.267677 -0.072360 0.082808 0.092759 0.024621 0.015716 -0.149487 -0.151575 -0.290277 -0.103058 -0.300775 0.239730 -0.182917 0.032584 0.226790 -0.080152 0.001140 -0.066884 0.358654 0.081826 0.329432 0.207363 0.276969 0.269963 0.393173 -0.012563 -0.161058 0.020756 0.076503 0.186639 0.007755 -0.244292 0.084420 -0.110012 -0.157716 -0.036619 -0.079367 -0.117705 -0.456672 -0.122368 -0.193870 -0.092814 0.152901 0.078965 -0.290521 -0.214754 -0.263594 -0.278867 -0.086067 -0.028277 -0.365461 -0.232595
0.246070 0.041278 -0.513504 0.345838 -0.304790 0.158040 -0.456501 -0.363699 -0.154157 -0.344981 0.438934 0.238565 0.590428 0.380364 0.704214 0.217287 -0.201218 -0.330178 -0.026742 -0.024447 0.167311 0.530255 0.617359 0.804521 0.546901 1.000000 0.277267 0.817052 -0.419846 -0.272419 0.287825 0.595532 -0.089570 0.110003 -0.199793 0.124118 -0.126813 -0.308028 -0.041821 -0.139756 -0.091324 -0.401099 -0.054974 0.049906 -0.205131 -0.403850 0.140785 -0.025431 0.075491 -0.276274 0.242040 -0.359717 -0.308315 0.076839 0.111586 -0.098828 0.231011 0.004637 -0.414760 -0.288255 -0.334794 -0.367780 -0.438656 -0.473756 0.512880 -0.008772 -0.167198 -0.095077 -0.035514 0.077033 -0.217559 0.014393 -0.401386 -0.195960 -0.370209 0.100070 -0.307539 -0.092862 0.111687 -0.084280 -0.273494 -0.174691 0.444052 0.444624 0.675604 0.599799 0.632767 0.715333 0.697512 0.277058 -0.442224 -0.291301 0.027823 -0.018271 -0.129672 -0.352487 -0.032505 -0.222880 -0.469376 -0.394817 -0.319939 -0.247141 -0.529063 -0.292072 -0.279099 -0.314267 0.096675 -0.089906 -0.323256 -0.326667 -0.312676 -0.476409 -0.452956 -0.051250 -0.324782 -0.244607
0.220472 0.125162 0.148452 0.285318 0.425853 0.706175 -0.146234 -0.011815 0.071293 0.082420 -0.106081 -0.198353 0.013509 -0.135423 0.261254 0.042605 -0.150115 -0.322713 0.109459 -0.014464 0.456082 0.608840 0.351308 0.146947 0.499182 0.277267 1.000000 0.596688 -0.257521 -0.192595 0.048274 0.065896 -0.202941 -0.126472 0.010017 -0.018765 -0.062250 -0.280054 0.021325 0.108794 -0.028315 0.086599 0.028337 -0.033748 -0.045165 -0.093794 0.017307 -0.145690 -0.070633 -0.092563 0.067964 -0.153920 -0.091896 0.179743 0.045171 0.064622 0.223517 0.192107 -0.075694 0.104873 -0.108706 -0.184993 -0.275766 -0.307788 0.187698 -0.124940 -0.009573 -0.044436 0.211793 -0.001070 -0.110423 -0.218021 -0.263414 -0.155095 -0.124454 0.026593 -0.266859 -0.215671 -0.050203 -0.266513 -0.169224 -0.168991 -0.062177 0.230390 0.145825 0.149477 -0.162470 -0.025827 0.261476 0.143579 -0.054304 0.127135 0.083593 0.071197 -0.132957 -0.281436 0.065466 -0.126810 0.079258 0.192917 0.191387 0.146478 -0.195320 0.021993 -0.151196 -0.020339 0.125144 0.117397 -0.223572 -0.344502 -0.268464 -0.141104 0.055681 0.129768 -0.114142 -0.207354
0.363247 0.244173 -0.338407 0.510771 -0.242702 0.418802 -0.449142 -0.226845 -0.223249 -0.296351 0.277774 0.105840 0.433341 0.277931 0.629208 0.233963 -0.226971 -0.358045 0.116558 0.156636 0.123358 0.658613 0.601864 0.716212 0.507385 0.817052 0.596688 1.000000 -0.489784 -0.378476 0.092151 0.285850 -0.191518 0.107507 -0.160916 0.100470 -0.161079 -0.369404 -0.150995 -0.105133 -0.128831 -0.383521 -0.110055 0.041760 -0.336692 -0.500807 0.049340 -0.141074 -0.018509 -0.240089 0.179087 -0.327503 -0.197991 0.025206 0.114380 0.000612 0.401917 0.234799 -0.270077 -0.008579 -0.285475 -0.229573 -0.420356 -0.440805 0.351517 -0.102451 -0.081277 -0.117233 0.246006 0.183476 -0.301112 -0.049021 -0.421263 -0.287087 -0.356528 -0.043564 -0.433380 -0.231099 0.054832 -0.146089 -0.341270 -0.233997 0.233946 0.421314 0.479057 0.538659 0.384134 0.497789 0.635200 0.393494 -0.356237 -0.274996 0.018301 -0.111348 -0.190045 -0.390786 0.046986 -0.154612 -0.316209 -0.220157 -0.135079 -0.118196 -0.362144 -0.243054 -0.351379 -0.326948 0.160732 -0.037555 -0.252942 -0.425886 -0.289668 -0.496413 -0.303023 -0.019327 -0.267474 -0.339226
-0.308517 -0.131143 -0.125500 -0.280594 0.065995 -0.449991 -0.163474 -0.185551 -0.235403 -0.122713 -0.143498 -0.033386 -0.348230 -0.173780 -0.484660 -0.106683 0.731806 0.643398 -0.084399 -0.020845 -0.134087 -0.407219 -0.607231 -0.524597 -0.307850 -0.419846 -0.257521 -0.489784 1.000000 0.732776 0.115735 0.121264 0.239492 -0.032820 -0.003377 -0.328143 0.335689 0.291554 -0.013150 -0.048090 0.498344 0.285470 0.251162 0.203495 0.171234 0.199537 0.098901 0.198260 -0.418460 -0.150135 -0.363533 -0.141378 -0.070711 0.078275 0.084893 0.150668 -0.026567 0.126885 0.043527 -0.030271 0.113595 -0.025363 0.664647 0.641713 -0.440120 -0.275903 0.062383 -0.193468 -0.215462 -0.251313 0.230121 -0.037491 0.790664 0.332132 0.382203 0.044586 0.310146 -0.000176 0.283993 0.478263 0.762310 0.760259 -0.093238 0.040601 -0.004094 -0.106042 -0.250887 -0.244131 -0.538618 -0.274149 0.009843 -0.069647 -0.389323 -0.347948 -0.012377 0.000304 -0.104334 0.011113 0.188795 0.044746 -0.011103 0.076025 0.114059 0.112071 0.209121 0.107918 -0.144463 -0.234417 0.096926 0.228881 0.123939 0.232989 0.073764 -0.109185 -0.016128 0.063311
-0.291055 0.033251 -0.210185 -0.129514 0.096514 -0.338029 -0.127435 -0.083547 0.014590 0.084071 -0.250369 0.005751 -0.286768 -0.165554 -0.379327 0.063503 0.541708 0.770108 0.011220 -0.026377 -0.110255 -0.434962 -0.427390 -0.454382 -0.280209 -0.272419 -0.192595 -0.378476 0.732776 1.000000 0.286944 0.280195 0.333776 0.120565 -0.070724 -0.348065 0.298334 0.330832 0.127279 0.038366 0.376746 0.339010 0.116039 0.027761 0.092837 0.094705 0.025631 0.107119 -0.536349 -0.254531 -0.454640 -0.226605 -0.110999 -0.013700 0.036828 0.298233 0.034950 0.227274 -0.099249 -0.118316 0.113707 0.031062 0.489350 0.563266 -0.253911 -0.157636 -0.105727 -0.349155 -0.356048 -0.369386 0.258676 0.109812 0.724838 0.569465 0.521371 0.160200 0.461040 0.170952 0.326935 0.638452 0.557895 0.703656 -0.212468 0.108189 -0.093506 -0.146545 -0.203498 -0.126909 -0.438711 -0.213046 -0.231333 -0.180521 -0.400090 -0.438215 -0.147601 0.085252 -0.260853 0.015919 -0.047204 -0.101281 -0.058894 -0.101475 -0.070783 -0.173392 -0.045500 -0.189764 -0.057373 -0.281080 0.091759 0.109620 -0.121092 0.220006 0.080874 -0.221920 -0.228339 -0.115542
0.093074 -0.082113 -0.216307 -0.025622 0.071110 -0.107367 -0.269207 -0.333569 -0.146842 -0.250831 0.020691 -0.029168 -0.012171 -0.094120 0.008183 -0.256714 0.308840 0.188449 -0.099200 -0.207732 0.197245 0.036009 0.097466 0.007153 0.214711 0.287825 0.048274 0.092151 0.115735 0.286944 1.000000 0.747238 0.039205 -0.048643 -0.167283 -0.012153 0.088321 -0.091737 0.222545 -0.073369 0.306421 0.027937 0.202288 -0.030524 0.178863 0.019441 0.257134 -0.046099 -0.248148 -0.177645 -0.208878 -0.289896 -0.127151 0.213580 0.112422 0.258962 0.308445 0.177058 -0.205227 -0.076172 -0.056754 -0.138650 0.098318 0.167124 0.044428 -0.291420 -0.148553 -0.163255 -0.249098 -0.284968 0.047659 0.135800 0.158943 0.203576 0.153890 0.077666 0.048407 0.204864 0.449557 0.271682 0.196134 0.102237 0.237801 0.029490 0.189208 0.134128 0.368474 0.195783 0.101420 0.053552 -0.275496 -0.168170 -0.286782 -0.148528 -0.155276 -0.120016 -0.340476 -0.154560 -0.285286 -0.269638 -0.280361 -0.074633 -0.321392 -0.161696 0.047809 -0.124487 0.038324 0.007246 -0.275127 -0.155451 -0.518984 -0.284265 -0.332895 -0.272931 -0.278106 -0.345617
0.059589 -0.265892 -0.484196 -0.016772 -0.113333 -0.087908 -0.404188 -0.418724 -0.260261 -0.305181 0.109135 -0.001903 0.224229 0.104793 0.230705 -0.068916 0.116953 0.035352 -0.316410 -0.399147 0.251039 0.175740 0.203620 0.321072 0.365143 0.595532 0.065896 0.285850 0.121264 0.280195 0.747238 1.000000 -0.079135 -0.194106 -0.211064 0.071978 0.130284 -0.029305 0.181236 -0.040267 0.297182 -0.027314 0.134265 -0.030818 0.053471 -0.112224 0.234034 0.063182 -0.152008 -0.174088 -0.070498 -0.233598 -0.123649 0.206219 0.191273 0.134120 0.247847 -0.071394 -0.396911 -0.233980 -0.209915 -0.335561 -0.029942 -0.057416 0.185898 -0.275632 -0.204750 -0.179553 -0.415601 -0.369239 0.100099 0.093705 0.143620 0.236695 0.011020 0.267865 0.156946 0.292205 0.290951 0.246476 0.164215 0.148077 0.456522 0.283502 0.430447 0.298712 0.487542 0.492914 0.261243 0.141664 -0.279427 -0.157703 -0.129700 -0.145395 -0.062883 -0.273440 -0.237300 -0.196834 -0.253824 -0.264554 -0.224363 -0.077176 -0.389890 -0.093487 0.060992 -0.117483 0.055009 -0.119054 -0.282984 -0.165467 -0.440381 -0.271073 -0.403620 -0.150492 -0.331518 -0.314755
0.024083 0.305276 0.069407 0.136207 -0.039247 -0.238193 -0.079980 -0.020484 0.005405 -0.044871 -0.037806 0.315396 -0.003542 -0.063466 -0.263433 0.031248 0.302483 0.455379 0.468500 0.354768 -0.113580 -0.359542 0.058951 0.017813 -0.274662 -0.089570 -0.202941 -0.191518 0.239492 0.333776 0.039205 -0.079135 1.000000 0.439314 -0.263676 -0.450878 -0.118252 -0.037141 -0.038746 -0.081180 -0.016647 0.097025 -0.205529 -0.185439 -0.192673 -0.206897 -0.295994 -0.105828 -0.454293 -0.407279 -0.270114 -0.472429 -0.292105 -0.070146 -0.092512 0.071713 -0.067510 0.306354 -0.298841 -0.478599 -0.226105 -0.108819 0.177443 0.287753 0.027903 0.028693 -0.332793 -0.426152 0.091910 0.179938 -0.159993 0.091502 0.201140 0.137386 0.096340 -0.233376 -0.017594 -0.236784 0.201634 0.348932 0.323581 0.381300 -0.248606 0.088655 0.142496 -0.097804 -0.193775 -0.173066 -0.294191 -0.405092 -0.201997 -0.134028 -0.184563 -0.074824 -0.014653 0.222382 -0.087634 -0.131570 -0.139266 -0.098358 -0.062081 -0.115677 -0.199135 -0.139630 0.004162 -0.094127 -0.286899 -0.318588 0.074813 0.106748 0.035584 0.207392 -0.021228 -0.130770 -0.048299 -0.080853
0.034061 0.547923 -0.050093 0.259696 -0.109955 -0.299067 -0.009064 0.129055 0.144018 -0.092922 0.155524 0.534741 0.179419 0.216109 0.066844 0.145196 0.130357 0.362505 0.557134 0.697491 -0.295741 -0.117031 0.086335 0.111359 -0.243251 0.110003 -0.126472 0.107507 -0.032820 0.120565 -0.048643 -0.194106 0.439314 1.000000 -0.265011 -0.148332 -0.197740 -0.292206 -0.374192 -0.327250 -0.058017 -0.003202 -0.212139 0.007854 -0.231283 -0.273027 -0.299903 -0.255670 -0.375418 -0.516542 -0.136090 -0.384030 -0.365933 0.060777 -0.373562 -0.083484 -0.107244 0.277772 -0.168474 -0.282306 -0.070012 0.071060 -0.037400 0.149244 0.171908 0.196193 -0.192577 -0.199875 0.001911 0.121175 -0.558416 0.313940 -0.043191 -0.056898 0.103346 -0.343468 -0.101115 -0.278114 0.127617 0.182848 -0.046630 0.141056 -0.013873 0.222053 0.225301 0.274854 0.119371 0.159787 0.014548 -0.146977 -0.540021 -0.443668 -0.274483 -0.211156 -0.353360 -0.093201 -0.272389 -0.277508 -0.578494 -0.496990 -0.090131 -0.228315 -0.260404 -0.498152 -0.489617 -0.410712 -0.191111 -0.352833 -0.110849 -0.185932 -0.259461 -0.130033 -0.186618 -0.073754 -0.103407 -0.140033
-0.118810 -0.105851 0.025519 -0.161355 0.160763 0.139258 -0.036366 0.015421 0.067652 0.171985 -0.119988 -0.271766 -0.212775 -0.272789 -0.134493 -0.117589 0.040345 -0.093753 -0.115094 -0.113881 0.209987 -0.075093 -0.226203 -0.207429 0.022358 -0.199793 0.010017 -0.160916 -0.003377 -0.070724 -0.167283 -0.211064 -0.263676 -0.265011 1.000000 0.050067 0.085310 0.362887 0.074778 0.168216 -0.008653 -0.108147 0.252354 0.282866 0.370823 0.349067 0.194820 0.159575 0.159123 0.202534 -0.018865 0.168859 0.049662 -0.388845 -0.328287 -0.194919 0.004656 0.056085 0.248581 0.182292 0.151907 0.073593 -0.006554 0.017396 -0.018157 0.150182 0.405975 0.368660 0.147397 0.104447 0.126881 -0.314883 0.043686 -0.178616 0.087924 -0.040880 0.190658 -0.009766 0.094422 -0.080774 0.018115 -0.036373 -0.053675 -0.177016 -0.151237 -0.070110 -0.083722 -0.155305 -0.164538 -0.217480 0.110995 0.052080 0.103002 0.093846 0.197632 0.231450 0.020308 0.426378 0.033922 0.063106 -0.122039 -0.156365 0.135480 0.154123 0.195531 0.193907 0.119349 0.070300 0.013175 0.145591 0.258520 0.059615 0.178993 0.210752 0.235990 0.313047
-0.124465 -0.239124 0.023466 -0.128272 -0.012037 0.093848 0.167568 -0.095414 0.019571 -0.013744 -0.130435 -0.236384 -0.034957 -0.073357 0.138056 -0.066486 -0.359071 -0.309331 -0.176954 -0.245157 0.077595 0.163696 0.071455 0.108663 0.265056 0.124118 -0.018765 0.100470 -0.328143 -0.348065 -0.012153 0.071978 -0.450878 -0.148332 0.050067 1.000000 0.081903 0.027641 0.233451 0.207490 -0.108352 -0.083773 -0.220376 -0.096605 0.087833 0.104202 -0.008301 0.127075 0.165808 0.178545 -0.121037 0.251822 0.008625 -0.022662 -0.072283 -0.008704 -0.189620 -0.336629 -0.040817 0.196514 -0.012180 0.076984 -0.266686 -0.199993 0.045061 -0.030808 -0.005989 0.218710 -0.101340 -0.118720 -0.085089 0.398291 -0.219344 -0.030693 -0.073346 0.081853 0.094766 0.474376 -0.192129 0.102902 -0.327803 -0.325336 0.167694 -0.233000 -0.222044 -0.093199 0.127398 0.186013 0.265024 0.233519 0.067226 0.057108 0.154107 0.038505 0.050563 0.027134 0.152884 0.120588 -0.058459 0.128830 -0.026927 -0.083230 -0.142169 0.029273 -0.027232 0.055819 0.131155 0.144629 0.022616 0.050699 0.053482 -0.038619 0.025355 -0.049023 0.016686 0.127472
