1.000000 0.525597 -0.374069 -0.241151 -0.192558 -0.240211 0.109940 -0.414006 -0.334038 -0.237946 0.288297 0.175684 -0.027815 -0.092292 0.175397 -0.068713 0.265000 0.340521 -0.038173 0.542343 -0.272065 -0.118473 0.106084 -0.031116 -0.076685 -0.184001 -0.224033 -0.193495 0.131055 0.139901 -0.045746 -0.030610 0.210274 0.112002 -0.089829 0.062590 -0.177997 -0.042715 -0.211782 -0.112734 -0.186771 -0.193234 -0.290382 -0.294367 -0.231260 -0.379605 -0.226459 -0.132742 -0.287970 0.125008 -0.158861 0.129175 -0.049682 0.315942 -0.029499 0.037392 0.602297 0.489013 0.157223 0.136671 -0.007468 -0.045102 0.195455 0.195837 0.010931 -0.209407 -0.079035 -0.361776 0.401464 0.438949 0.009628 0.014893 -0.141919 0.088353 -0.082691 0.007581 -0.160048 0.015212 -0.049112 0.211810 0.231432 0.345523 0.395727 0.341798 0.180297 0.132189 0.084604 0.213455 -0.074280 0.199709 0.048550 0.163783 -0.204407 0.350179 -0.311244 -0.269174 -0.265341 -0.222851 -0.042576 -0.047254 -0.216002 0.238552 -0.352960 -0.016399 -0.338271 -0.332241 -0.168320 0.137057 -0.371902 -0.149379 -0.014282 -0.211843 -0.084430 -0.145928 -0.238154 -0.340034
0.525597 1.000000 -0.329336 0.020274 0.039542 -0.010049 -0.242726 -0.390049 0.070808 -0.052663 0.251145 0.140028 -0.073014 0.045065 0.495103 0.033558 0.177764 0.363611 -0.097245 0.393303 -0.033494 -0.158911 0.024568 -0.425871 0.031975 -0.238839 0.024940 0.072941 0.052566 0.014843 -0.023754 -0.316772 -0.057151 -0.091479 -0.274860 -0.205762 -0.217049 0.059551 -0.074182 -0.145573 -0.004590 -0.134498 -0.049339 -0.273693 -0.073559 -0.386844 -0.149320 -0.227998 0.066050 0.171839 0.243424 0.272505 0.053913 0.220045 0.128797 0.085506 0.317493 0.687097 0.179558 0.176565 -0.036238 0.065579 0.093445 0.250011 -0.142029 -0.222142 0.048736 -0.406149 0.494433 0.482073 0.024572 -0.178103 0.038708 0.071843 0.000675 -0.003747 -0.193877 -0.069712 -0.016337 0.240407 0.221404 0.328970 0.171288 -0.051417 0.201016 0.013093 0.202490 0.389797 0.065307 0.107539 -0.140256 -0.066646 -0.261625 0.034663 0.017396 0.048285 0.016723 0.072523 -0.069301 0.078254 -0.192180 -0.148209 -0.177447 -0.018936 -0.258697 -0.051844 0.234359 0.057304 0.048707 -0.102216 0.096969 -0.090718 -0.135450 0.086266 -0.123095 -0.089318
-0.374069 -0.329336 1.000000 0.218055 0.498976 0.332749 0.522631 0.569652 0.417788 0.319414 0.244358 0.246239 0.580328 0.477401 0.032687 0.203086 -0.269573 -0.266659 0.350265 -0.528553 0.207489 -0.241047 0.188611 0.034111 0.045049 -0.128179 0.231217 0.112704 -0.258219 -0.187000 0.285533 -0.184016 0.175532 0.018860 0.011930 0.031826 0.068475 -0.312080 0.285813 -0.026901 0.097573 0.113622 -0.040672 0.016047 -0.254235 0.087489 -0.219495 0.111914 0.047286 -0.264698 -0.038543 -0.376426 0.115579 -0.362207 0.401390 -0.391413 -0.397421 -0.441534 0.210165 -0.108849 0.549132 0.384575 0.184931 0.024827 0.128904 0.472800 0.087347 0.452202 -0.366381 -0.338313 -0.316298 -0.160983 0.207786 -0.275316 0.060876 0.196526 -0.161613 -0.262676 -0.260733 -0.481295 -0.278579 -0.225577 -0.316345 -0.279982 -0.176919 -0.201335 -0.006233 -0.277596 0.211818 0.109123 -0.413146 -0.231383 -0.048412 -0.168115 0.163726 0.064350 0.042269 0.003513 -0.345431 -0.393692 -0.098865 -0.180565 0.136676 -0.201405 0.132109 0.027306 -0.101472 -0.213403 0.156068 0.112980 0.108383 -0.175093 -0.078993 -0.085985 0.040547 0.025622
-0.241151 0.020274 0.218055 1.000000 0.001453 0.374413 -0.124731 0.327833 -0.015006 0.022679 -0.215310 0.318412 -0.156593 -0.197815 -0.049298 0.178052 -0.445953 -0.196147 0.240569 0.171222 0.283822 -0.043185 0.417048 0.483379 0.087854 0.511934 0.352017 0.621514 -0.215161 -0.256540 0.254566 0.234232 0.015173 -0.008155 -0.106020 -0.032930 0.087860 -0.022237 0.277354 0.239832 -0.309738 0.187950 -0.140267 -0.095479 -0.146908 -0.004966 -0.244018 -0.056020 -0.073037 -0.193639 0.160416 -0.150090 -0.107216 -0.099426 0.004907 0.040875 -0.406778 -0.277609 -0.243127 -0.013231 -0.419289 -0.344803 -0.318073 -0.424149 0.153880 0.170017 -0.142090 -0.035162 0.007368 -0.112388 0.208141 -0.152328 -0.231674 0.060824 0.150440 0.075876 0.053326 -0.009602 -0.016778 -0.335594 -0.185163 -0.410160 -0.089225 0.039554 0.281790 0.404490 0.315059 0.358831 0.319907 0.291643 -0.065046 -0.278418 0.333975 -0.245376 -0.001006 -0.173553 -0.056050 -0.064895 -0.071211 -0.153716 -0.014690 -0.213554 0.080815 -0.165700 -0.009729 0.026624 0.068306 0.056549 -0.001599 -0.200486 -0.103836 -0.099166 -0.048491 -0.005111 0.020436 0.114507
-0.192558 0.039542 0.498976 0.001453 1.000000 0.680753 0.250335 0.247337 0.821952 0.694854 0.175949 -0.010342 0.132088 0.423410 0.546857 0.388489 0.035939 -0.209943 0.026282 -0.252937 0.248594 -0.118947 0.033307 -0.178097 0.296615 -0.286980 0.428541 0.096604 0.172922 -0.153191 0.441983 -0.274652 -0.309895 -0.261410 -0.352701 -0.364827 -0.364499 -0.565842 0.004290 -0.268089 0.198907 0.063882 0.021871 0.051759 -0.193120 0.006171 -0.217260 -0.130562 0.112463 0.085459 0.002246 0.078561 0.051957 0.008558 0.221670 -0.151747 -0.071035 -0.005962 0.164199 -0.050673 0.391269 0.268568 0.101357 0.192471 0.030524 0.253921 -0.186431 -0.102435 -0.096910 -0.073543 -0.427955 -0.296437 0.399349 -0.466383 -0.153398 -0.059754 -0.351804 -0.457727 -0.230511 -0.278386 -0.094667 0.023027 0.030606 -0.169126 -0.102756 -0.228099 -0.030583 0.037609 0.078357 0.013093 -0.068572 0.004387 -0.014547 0.041846 0.218915 0.073992 0.066403 0.073533 -0.088134 0.083679 0.080683 -0.145565 0.210356 0.138653 0.219977 0.180243 0.306798 -0.315820 0.311408 0.065098 -0.114222 0.093458 0.120137 0.178210 0.122704 0.162963
-0.240211 -0.010049 0.332749 0.374413 0.680753 1.000000 -0.025923 0.249046 0.607964 0.573649 -0.157242 -0.069951 -0.106748 0.166415 0.508556 0.453498 -0.085831 -0.203360 0.132681 -0.062274 0.427924 -0.017319 0.244181 -0.036676 0.343339 0.057156 0.708238 0.592318 -0.046710 -0.266399 0.451810 -0.113799 -0.307543 -0.148992 -0.554834 -0.402906 -0.222198 -0.364660 0.229792 -0.089835 0.059775 0.249260 0.076140 0.047448 -0.174817 -0.039879 -0.210034 -0.230994 0.082791 0.071077 0.091072 0.097970 0.154189 0.160391 0.114145 -0.007223 -0.092106 0.013414 -0.057915 -0.061411 0.078705 0.060466 -0.181232 -0.118747 -0.044046 0.114641 -0.348915 -0.295766 0.025179 0.026506 -0.258128 -0.282617 0.143802 -0.268256 -0.157086 -0.009084 -0.250795 -0.228212 -0.183289 -0.221834 -0.113751 -0.123275 -0.096603 -0.178132 -0.103440 -0.102488 -0.098205 0.104681 0.133031 0.168920 0.089097 -0.046923 0.100730 -0.010551 0.191969 -0.143312 0.050226 -0.028603 0.127087 0.280820 0.057680 -0.165733 0.254585 0.096091 0.188874 0.266369 0.409148 -0.224813 0.267873 -0.209028 -0.419114 0.197744 0.217770 0.161465 0.179929 0.343900
0.109940 -0.242726 0.522631 -0.124731 0.250335 -0.025923 1.000000 0.392800 0.149124 0.206321 0.439614 0.446976 0.524885 0.416584 -0.054975 0.106585 -0.075865 -0.090669 0.199012 -0.087028 -0.156079 -0.532812 0.109728 0.235528 -0.126985 -0.436171 -0.206436 -0.390643 -0.156198 0.039571 -0.116312 -0.235079 0.453404 0.308017 0.238496 0.197083 -0.105540 -0.334329 -0.026254 -0.265432 -0.212439 -0.089130 -0.421390 -0.404057 -0.336263 -0.335594 -0.283009 0.031086 -0.302666 -0.390620 -0.296324 -0.321595 0.108629 0.062799 0.217424 -0.499334 -0.196207 -0.217757 0.218090 -0.031922 0.505389 0.592690 0.088847 0.146209 0.386540 0.554344 -0.006503 0.282968 -0.438062 -0.279861 -0.217926 -0.066661 0.078237 -0.068504 0.128074 0.237372 -0.126193 -0.106630 -0.127754 -0.206283 -0.299765 -0.136056 0.098371 -0.047431 0.079519 -0.088030 0.073585 -0.352528 0.169293 0.275803 -0.120029 0.178966 0.122099 0.189370 -0.118985 -0.136205 -0.211677 -0.200985 -0.248927 -0.372013 -0.080068 0.241777 -0.101528 -0.299198 -0.010161 -0.169144 -0.301947 -0.166614 -0.195878 0.052311 0.101058 -0.291487 0.180395 -0.068490 0.058487 -0.100478
-0.414006 -0.390049 0.569652 0.327833 0.247337 0.249046 0.392800 1.000000 0.222814 0.337123 -0.094314 0.264699 0.174845 0.527771 -0.227916 0.213918 -0.277018 -0.024589 0.081613 -0.407063 0.158630 -0.297838 -0.092574 0.124756 -0.193807 -0.011358 0.023908 -0.022437 -0.244899 0.268328 0.240007 0.050997 0.155758 0.078528 -0.156322 0.290193 0.058328 -0.123175 0.195315 0.173826 0.035217 0.454641 0.048193 0.012265 -0.062633 0.010779 0.023252 0.050974 0.087609 -0.194752 -0.178853 -0.339613 0.029509 -0.211239 0.147958 -0.436001 -0.361582 -0.435050 0.043012 -0.113834 0.242790 0.310387 0.049701 0.120327 -0.033787 0.445488 -0.031726 0.384945 -0.430671 -0.567440 0.106911 0.217572 0.192773 0.203330 0.229798 0.288734 0.125841 0.129502 -0.108366 -0.172127 -0.172281 -0.158889 -0.310741 -0.000310 -0.313622 -0.211300 -0.030611 -0.225400 0.014388 0.151383 -0.185476 -0.315574 0.148452 -0.236268 -0.228547 -0.103475 -0.209822 -0.303751 -0.113756 -0.549148 0.045285 -0.059304 0.054978 -0.289285 -0.006080 -0.048134 -0.083430 -0.276521 -0.104658 -0.177656 -0.098539 -0.352314 -0.108350 -0.178900 0.067170 0.038201
-0.334038 0.070808 0.417788 -0.015006 0.821952 0.607964 0.149124 0.222814 1.000000 0.823002 0.167970 -0.042537 0.141795 0.499095 0.557538 0.501172 0.190677 -0.137425 0.100039 -0.171443 0.239666 -0.054866 -0.059265 -0.276575 0.374438 -0.205452 0.348797 0.098685 0.272617 -0.121158 0.424484 -0.222003 -0.243515 -0.230528 -0.366950 -0.283258 -0.250425 -0.399964 0.077106 -0.297598 0.378752 0.133580 0.187057 0.132455 -0.157188 -0.057442 -0.107344 -0.160808 0.013198 -0.002394 -0.116111 -0.065488 0.003310 -0.021568 0.230658 -0.097422 -0.189651 0.030125 0.069692 -0.234587 0.335963 0.347703 0.008829 0.138308 0.065149 0.246931 -0.226441 -0.066458 -0.157398 -0.057599 -0.463392 -0.280325 0.425163 -0.512323 -0.302604 -0.056110 -0.291503 -0.299757 -0.069902 -0.099665 0.009441 0.045664 0.030109 -0.349041 -0.028333 -0.282086 0.013117 0.126932 0.056249 -0.103050 -0.105072 0.045439 -0.060082 -0.048661 0.279298 0.178392 0.093949 0.156237 -0.153363 0.169758 0.010222 -0.179175 0.111983 -0.028365 0.070599 0.184269 0.416292 -0.287488 0.497352 0.034570 -0.152897 0.161719 0.083394 0.035535 0.189230 0.186897
-0.237946 -0.052663 0.319414 0.022679 0.694854 0.573649 0.206321 0.337123 0.823002 1.000000 0.236242 0.080661 0.138799 0.552510 0.369671 0.620949 0.207180 0.023660 -0.065168 -0.155188 0.074733 0.043636 -0.141580 -0.137342 0.263747 -0.197529 0.137489 -0.056571 0.204465 0.045396 0.359690 -0.214837 -0.279919 -0.344236 -0.301636 -0.083895 -0.165587 -0.297027 0.055754 -0.134651 0.335271 0.199123 0.042329 0.014605 -0.345889 -0.219295 -0.046108 -0.084245 -0.199505 -0.069524 -0.339403 -0.047750 0.012200 0.155013 0.131404 -0.060003 -0.101810 0.010861 -0.087531 -0.309099 0.202773 0.341938 -0.061465 0.103457 0.101286 0.334120 -0.426022 -0.121720 -0.242776 -0.237349 -0.399829 -0.041184 0.274294 -0.406868 -0.242894 0.052485 -0.203014 -0.205046 -0.082455 -0.007845 -0.011114 0.100392 0.068379 -0.152457 -0.032418 -0.193624 0.072595 0.185683 0.099896 0.128616 0.001317 0.140420 0.118355 -0.065323 0.140288 0.189640 0.043182 0.146874 -0.099824 0.117791 0.085690 -0.121193 0.019495 -0.148357 0.010887 0.100937 0.284349 -0.189000 0.438920 0.064679 -0.137148 0.201371 0.083600 0.032665 0.256038 0.083743
0.288297 0.251145 0.244358 -0.215310 0.175949 -0.157242 0.439614 -0.094314 0.167970 0.236242 1.000000 0.359780 0.621856 0.419502 0.182361 0.061471 0.283999 0.104997 0.017669 0.022161 -0.104142 -0.220126 -0.040181 -0.147843 0.061302 -0.374832 -0.313877 -0.354498 0.019837 0.041002 -0.074769 -0.361327 0.146904 -0.232698 0.129431 0.088370 0.023789 0.027989 -0.026965 -0.182594 0.082499 -0.039671 -0.394799 -0.421455 -0.360382 -0.462730 -0.304037 -0.147192 -0.306463 -0.301897 -0.185396 -0.017533 0.085474 0.188094 0.189290 -0.202870 0.029933 0.179276 0.128729 -0.158736 0.437700 0.371562 0.184484 0.036659 0.184733 0.263684 -0.065143 0.070263 -0.140810 -0.003840 -0.148899 0.134039 0.061769 -0.069496 0.081032 0.362882 0.122618 0.102354 0.065236 0.076755 0.014157 0.238218 0.174909 -0.171645 0.232489 -0.037142 0.192544 -0.005359 0.215748 0.139356 -0.194565 0.292590 -0.040799 0.185829 0.055749 0.159912 -0.063034 0.094607 -0.363372 -0.167250 -0.371532 -0.077802 -0.391428 -0.388622 -0.300404 -0.195631 -0.172334 0.006620 0.064695 0.190644 0.283658 -0.129533 -0.111955 0.045779 0.183134 -0.136917
0.175684 0.140028 0.246239 0.318412 -0.010342 -0.069951 0.446976 0.264699 -0.042537 0.080661 0.359780 1.000000 0.260864 0.255009 -0.130056 0.002398 0.008728 0.131924 0.085675 0.062743 -0.226758 -0.364365 -0.015215 0.215967 -0.346312 -0.271811 -0.395441 -0.129944 -0.130182 0.074848 -0.107813 -0.162201 0.243572 -0.000321 0.145556 0.287897 0.132161 0.031170 0.062144 0.017444 -0.057720 0.120697 -0.473090 -0.415590 -0.314642 -0.344097 -0.375618 -0.007646 -0.367417 -0.414338 -0.243421 -0.293043 0.001824 -0.102807 0.220518 -0.175834 -0.112391 0.006444 -0.048530 -0.061648 0.111680 0.070100 0.145323 0.032530 0.310184 0.340329 -0.088018 0.060489 -0.142684 -0.134854 -0.059694 0.105678 0.028573 0.140443 0.091026 0.360298 0.052144 0.032131 -0.171990 -0.325836 0.010168 -0.058379 0.037673 0.218996 0.273722 0.400840 0.213089 0.135267 0.250694 0.249258 -0.236690 -0.122067 0.049781 -0.216681 -0.171428 0.038222 -0.104495 -0.007374 -0.126346 -0.423187 -0.210697 -0.022441 -0.043184 -0.331479 -0.130342 -0.258507 -0.163190 0.049459 -0.087092 0.022201 0.277458 -0.214241 -0.222831 -0.201755 0.001788 -0.091910
-0.027815 -0.073014 0.580328 -0.156593 0.132088 -0.106748 0.524885 0.174845 0.141795 0.138799 0.621856 0.260864 1.000000 0.512428 -0.005346 0.027293 -0.087866 0.136612 0.133560 -0.244927 -0.208664 -0.164261 -0.017102 -0.212421 -0.093991 -0.359083 -0.202035 -0.213215 -0.335121 0.036363 -0.115580 -0.423307 0.312985 0.020398 0.309552 0.104154 0.215241 0.011349 0.244177 0.085527 0.020888 -0.069260 -0.245693 -0.381608 -0.454502 -0.325261 -0.088538 -0.109481 -0.179938 -0.386819 -0.140123 -0.320757 0.232991 -0.149101 0.369417 -0.307806 -0.118208 0.011048 0.186566 -0.168472 0.661787 0.506172 0.147470 0.005743 -0.013776 0.302552 0.155283 0.423530 -0.123073 -0.012856 -0.160541 -0.044128 -0.124411 -0.075294 0.026767 0.202303 -0.048008 -0.058757 -0.097954 -0.110842 -0.101905 0.108693 -0.233752 -0.308996 -0.097242 -0.277310 -0.128611 -0.300039 0.210058 0.165845 -0.290003 0.150562 0.082304 0.155617 0.200616 0.220759 0.063579 0.159373 -0.332458 -0.270294 -0.132855 0.012251 -0.209170 -0.450662 -0.100119 -0.088254 -0.227208 -0.036767 0.090250 0.298809 0.302907 -0.050216 0.027985 0.020454 0.133660 -0.070573
-0.092292 0.045065 0.477401 -0.197815 0.423410 0.166415 0.416584 0.527771 0.499095 0.552510 0.419502 0.255009 0.512428 1.000000 0.244289 0.329914 0.163710 0.240643 -0.071068 -0.381365 0.064747 -0.306505 -0.189274 -0.444730 -0.103508 -0.540374 -0.116711 -0.349826 -0.176716 0.421570 0.192358 -0.407560 0.128047 -0.074349 -0.109586 0.185500 -0.078760 -0.194174 0.020120 -0.098526 0.349616 0.322095 -0.042549 -0.193315 -0.232666 -0.325825 -0.103927 -0.140516 0.076278 -0.028235 -0.169926 -0.139242 0.152234 -0.082488 0.265815 -0.490336 -0.007920 0.085668 0.352401 -0.026912 0.634202 0.665630 0.205655 0.391577 -0.055921 0.381100 0.135964 0.301152 -0.187575 -0.148361 -0.102211 0.170650 0.386587 -0.052841 0.072169 0.423406 -0.119366 -0.016856 -0.222970 0.071747 0.015218 0.249844 -0.197249 -0.201218 -0.355470 -0.482674 -0.055833 -0.145390 0.001207 0.135641 -0.375975 -0.098771 -0.085825 -0.074711 -0.051174 0.136482 -0.173273 -0.102101 -0.370654 -0.376693 -0.091386 -0.219752 -0.106989 -0.315002 -0.155778 -0.075939 0.076780 -0.267025 0.132356 0.033471 -0.051634 -0.279501 -0.150172 -0.134959 0.171846 -0.040601
0.175397 0.495103 0.032687 -0.049298 0.546857 0.508556 -0.054975 -0.227916 0.557538 0.369671 0.182361 -0.130056 -0.005346 0.244289 1.000000 0.263721 0.161941 -0.005530 0.150523 0.222280 0.225171 -0.177172 0.330659 -0.405098 0.249222 -0.356581 0.534252 0.293765 0.098066 -0.223730 0.261413 -0.336977 -0.164378 -0.072174 -0.477431 -0.498130 -0.506291 -0.427403 -0.092897 -0.374003 0.119138 0.103679 0.181448 0.021290 -0.044983 -0.226846 -0.161953 -0.239071 0.131756 0.256719 0.272285 0.365329 0.122840 0.353868 0.135897 0.110793 0.211569 0.453154 0.177631 0.020797 0.165418 0.164994 -0.182837 0.051253 -0.015357 -0.080924 -0.127011 -0.424218 0.337040 0.424991 -0.329941 -0.434370 0.263819 -0.377438 -0.189174 0.004759 -0.478745 -0.381297 -0.241580 0.006460 -0.147215 0.122468 0.270172 -0.291199 0.043972 -0.184148 0.131287 0.246536 0.051369 0.029562 0.003437 0.101257 -0.156036 0.113432 0.275773 -0.003952 0.045692 0.033869 -0.028620 0.354459 -0.127522 -0.209920 0.050606 0.074534 0.024326 0.194485 0.482886 -0.202143 0.326394 -0.131725 -0.307822 0.144918 0.228088 0.186629 0.147702 0.123969
-0.068713 0.033558 0.203086 0.178052 0.388489 0.453498 0.106585 0.213918 0.501172 0.620949 0.061471 0.002398 0.027293 0.329914 0.263721 1.000000 -0.016733 0.114290 0.034636 -0.058580 0.041145 -0.064718 0.128322 0.043048 0.196936 0.049209 0.202984 0.044172 0.053418 0.098917 0.328666 -0.048838 -0.178279 -0.279173 -0.299797 -0.046316 -0.185416 -0.127867 0.128336 0.103701 0.135627 0.181905 -0.138994 -0.063769 -0.324715 -0.137996 -0.202533 -0.076710 -0.116399 -0.085913 -0.171318 -0.026358 0.002211 0.072341 0.150873 -0.021195 -0.184772 -0.134629 -0.013632 -0.142534 -0.004650 0.279862 -0.076036 0.069841 0.140671 0.395114 -0.269354 -0.055949 -0.122246 -0.121126 -0.149641 -0.002399 -0.029855 -0.136536 -0.275180 -0.011932 -0.216399 -0.105032 -0.104119 -0.047355 -0.063855 -0.070680 0.200263 -0.020674 0.148750 -0.025683 0.354282 0.336229 0.216248 0.496210 0.047684 0.071652 0.130822 0.011676 -0.020528 0.077901 -0.141796 0.002805 -0.089929 -0.003407 -0.001819 -0.055861 0.027480 -0.132157 -0.086256 0.110119 0.219884 -0.185925 0.080730 -0.165499 -0.296982 -0.013424 0.044464 -0.110294 0.136618 -0.054764
0.265000 0.177764 -0.269573 -0.445953 0.035939 -0.085831 -0.075865 -0.277018 0.190677 0.207180 0.283999 0.008728 -0.087866 0.163710 0.161941 -0.016733 1.000000 0.232355 -0.319389 0.022710 -0.222702 0.218187 -0.334560 -0.303135 0.197449 -0.152395 -0.218043 -0.237511 0.543284 0.254679 0.177951 0.025975 -0.159192 -0.198230 -0.164416 -0.001937 -0.221755 -0.056065 -0.402588 -0.402332 0.397872 0.132027 0.157299 0.234459 0.006614 0.021984 -0.058217 0.056372 -0.225796 0.158263 -0.478441 0.031019 -0.254023 0.020393 -0.130370 -0.034607 0.492222 0.354859 0.088471 -0.033966 0.182737 -0.072977 0.406041 0.399297 -0.041401 -0.369098 -0.158185 -0.138566 0.014791 0.113386 -0.336162 0.306927 0.339551 -0.244307 -0.227540 -0.070474 0.145648 0.237324 0.320484 0.402063 0.533078 0.516964 0.182270 0.275983 -0.199890 -0.170912 -0.147157 0.069794 -0.396512 -0.356743 0.029584 0.229740 -0.401598 0.081888 -0.028051 -0.069156 -0.070176 -0.048591 -0.065440 0.231829 -0.384305 -0.058376 -0.283695 -0.046375 -0.260674 -0.353466 0.011291 -0.073727 0.095186 0.001441 -0.052266 0.061155 -0.134275 -0.363813 -0.109250 -0.062708
0.340521 0.363611 -0.266659 -0.196147 -0.209943 -0.203360 -0.090669 -0.024589 -0.137425 0.023660 0.104997 0.131924 0.136612 0.240643 -0.005530 0.114290 0.232355 1.000000 -0.500541 0.016127 -0.446595 0.014611 -0.236572 -0.375509 -0.111639 -0.160957 -0.366391 -0.240250 -0.110262 0.688038 -0.078411 -0.141605 -0.041497 0.038981 -0.169719 0.188805 -0.125144 0.341873 -0.092234 0.319243 0.097586 0.116759 -0.078848 -0.163338 -0.235273 -0.315904 0.088783 -0.086472 -0.059600 0.192838 -0.138244 0.118163 0.081465 0.028102 -0.089666 0.045664 0.454481 0.541241 0.112648 0.201680 0.030013 0.193054 0.194841 0.534454 -0.180404 -0.040770 -0.065655 -0.137859 0.087786 0.013461 0.045630 0.306586 -0.072152 0.272497 0.148460 0.132210 0.045117 0.218298 -0.034193 0.444761 0.371579 0.617486 -0.092502 0.243908 -0.184777 -0.053003 -0.069843 0.145392 -0.057767 0.258973 -0.167952 -0.186812 -0.113011 -0.055797 -0.290601 0.078130 -0.203437 -0.074397 -0.101208 -0.071858 -0.294098 -0.029418 -0.401017 -0.276727 -0.453688 -0.221085 -0.125839 -0.066549 -0.130169 -0.103391 -0.056839 -0.136714 -0.130522 -0.224240 0.023216 -0.186433
-0.038173 -0.097245 0.350265 0.240569 0.026282 0.132681 0.199012 0.081613 0.100039 -0.065168 0.017669 0.085675 0.133560 -0.071068 0.150523 0.034636 -0.319389 -0.500541 1.000000 0.266769 0.245461 -0.004505 0.254516 0.161822 -0.146496 0.077955 0.289940 0.322321 -0.128703 -0.562012 -0.039353 0.025010 0.482363 0.234562 -0.143045 -0.197225 0.117926 -0.221606 0.266112 -0.217502 -0.081303 -0.180896 0.037390 0.042452 0.056096 0.064406 -0.217181 -0.043229 0.040440 -0.338588 0.008424 -0.207210 0.146839 -0.035290 0.289250 -0.042321 -0.319768 -0.369760 0.032117 -0.215110 0.136720 0.072305 -0.073339 -0.430319 0.045531 0.124436 0.085314 0.071917 0.177480 0.131693 -0.066367 -0.378908 -0.065082 -0.245306 -0.274531 -0.145923 -0.249935 -0.192521 -0.151347 -0.413003 -0.405900 -0.533130 0.071304 -0.317158 0.155316 -0.051294 0.055553 -0.171453 0.079655 -0.051574 0.020445 0.130488 0.017991 0.104132 0.182723 0.009458 0.189880 0.073819 0.058240 0.125177 0.081792 0.182228 0.307027 0.053326 0.138965 0.117782 0.131393 0.021446 0.214122 -0.083731 0.004012 0.156989 0.167752 -0.018412 -0.068391 0.016618
0.542343 0.393303 -0.528553 0.171222 -0.252937 -0.062274 -0.087028 -0.407063 -0.171443 -0.155188 0.022161 0.062743 -0.244927 -0.381365 0.222280 -0.058580 0.022710 0.016127 0.266769 1.000000 -0.072783 0.027650 0.298697 0.297439 0.104169 0.217480 0.017233 0.169703 0.163052 -0.209738 -0.040304 0.199810 0.170744 0.183376 -0.112086 -0.128439 -0.160187 -0.025846 -0.133540 -0.168096 -0.434937 -0.209563 -0.147906 -0.254709 -0.131840 -0.348995 -0.186957 -0.252452 -0.410819 -0.123352 -0.060577 0.068295 -0.167172 0.505670 -0.249057 0.193998 0.233296 0.358177 -0.319063 -0.181800 -0.458748 -0.266304 -0.381415 -0.355686 0.159125 -0.184756 -0.267514 -0.370449 0.533180 0.584816 0.198230 -0.298764 -0.346642 0.018704 -0.130983 -0.188279 -0.051802 0.033605 0.202350 0.176437 0.082012 -0.038848 0.470580 0.062147 0.503862 0.264615 0.167405 0.373454 0.041172 0.042958 0.431890 0.402370 0.282721 0.328977 -0.047640 -0.271227 -0.146110 -0.078704 0.077360 0.301460 0.010753 0.137021 -0.291823 -0.125221 -0.266939 -0.131196 0.005208 0.087112 -0.086907 -0.231830 -0.140835 0.085132 0.143761 0.001304 -0.089067 -0.091133
-0.272065 -0.033494 0.207489 0.283822 0.248594 0.427924 -0.156079 0.158630 0.239666 0.074733 -0.104142 -0.226758 -0.208664 0.064747 0.225171 0.041145 -0.222702 -0.446595 0.245461 -0.072783 1.000000 -0.101583 0.272902 0.013780 0.250879 0.176015 0.600265 0.453885 -0.042034 -0.183942 0.306262 0.121998 -0.020733 -0.178443 -0.315349 -0.208186 -0.056811 -0.067820 0.195957 -0.059870 0.158099 0.246059 0.313280 0.256183 0.290768 0.172276 0.042491 0.067199 0.305278 0.183111 0.325856 0.085947 -0.015781 0.029069 0.018070 -0.017054 -0.252192 -0.243540 -0.046854 -0.087150 -0.075102 -0.110921 -0.173409 -0.295694 0.024018 -0.018061 -0.058401 -0.128141 0.005276 -0.006533 0.179732 -0.069252 0.181406 -0.085581 -0.024837 0.153017 0.079985 0.083294 0.019796 0.006866 -0.146797 -0.183913 -0.088774 -0.327228 0.003038 -0.097199 0.127875 0.082134 0.057658 -0.111681 -0.054072 -0.173783 -0.000944 -0.161759 0.093039 -0.171459 0.015909 -0.163440 -0.021704 -0.025808 -0.035085 -0.322471 0.043527 0.013028 0.130590 0.145017 0.229935 -0.168738 0.128377 -0.153661 -0.279623 -0.128168 0.033674 0.053463 0.100571 0.138844
-0.118473 -0.158911 -0.241047 -0.043185 -0.118947 -0.017319 -0.532812 -0.297838 -0.054866 0.043636 -0.220126 -0.364365 -0.164261 -0.306505 -0.177172 -0.064718 0.218187 0.014611 -0.004505 0.027650 -0.101583 1.000000 -0.173531 0.047474 0.250701 0.486442 0.105920 0.219688 0.170180 0.022134 0.138752 0.430929 -0.295468 -0.220733 0.038915 -0.152534 0.176948 0.068055 -0.086994 0.051425 0.240618 -0.184873 0.158761 0.254360 -0.039472 0.291175 0.068875 -0.036664 -0.053013 0.128835 -0.256344 0.009682 -0.143872 -0.102878 -0.309416 0.159688 0.323184 0.044736 -0.147592 -0.082499 -0.152553 -0.389945 0.236043 -0.058039 -0.174415 -0.379706 0.037662 -0.001218 0.250400 0.101880 0.050478 0.116312 -0.265905 -0.284684 -0.386859 -0.349448 -0.018869 -0.037252 0.105245 0.174823 0.371880 0.219903 -0.041782 0.301472 -0.174573 0.063829 -0.267376 0.119921 -0.142721 -0.259006 0.115971 0.102381 -0.061323 0.081604 0.066350 0.113636 0.160139 0.212458 -0.022234 0.416036 0.052802 0.038532 -0.012551 0.217329 -0.165307 -0.097782 -0.022055 0.055635 0.285504 0.110169 -0.017192 0.516691 -0.051318 -0.136161 -0.130153 -0.051730
0.106084 0.024568 0.188611 0.417048 0.033307 0.244181 0.109728 -0.092574 -0.059265 -0.141580 -0.040181 -0.015215 -0.017102 -0.189274 0.330659 0.128322 -0.334560 -0.236572 0.254516 0.298697 0.272902 -0.173531 1.000000 0.440185 0.388255 0.256897 0.494393 0.495329 -0.278956 -0.323320 0.272539 0.172001 -0.042394 0.204559 0.041295 -0.162233 -0.243840 -0.328725 -0.023876 -0.159267 -0.412515 0.062924 -0.185752 -0.073599 -0.246041 -0.083910 -0.284761 0.016913 -0.245831 0.010878 0.254212 0.038726 -0.280381 0.182939 -0.138162 0.049991 -0.048455 0.003645 -0.150991 -0.040950 -0.270121 -0.098843 -0.405227 -0.318038 0.395774 0.180815 -0.116484 -0.050131 0.060077 0.185755 0.058931 -0.403169 -0.291033 -0.176333 0.075981 0.072144 -0.363511 -0.316701 -0.221772 -0.172523 -0.275257 -0.170204 0.245835 -0.107127 0.422155 0.292637 0.462616 0.254062 0.341343 0.303489 0.026283 0.103695 0.229566 0.163205 0.086074 -0.274341 -0.112667 -0.131356 -0.240221 0.001902 -0.146244 -0.112647 -0.182882 -0.163503 -0.072047 0.123903 -0.167313 -0.136301 -0.004557 -0.134417 -0.230058 -0.022065 0.235323 -0.022740 0.123527 0.033224
-0.031116 -0.425871 0.034111 0.483379 -0.178097 -0.036676 0.235528 0.124756 -0.276575 -0.137342 -0.147843 0.215967 -0.212421 -0.444730 -0.405098 0.043048 -0.303135 -0.375509 0.161822 0.297439 0.013780 0.047474 0.440185 1.000000 0.082775 0.555168 -0.003209 0.164226 0.030633 -0.179669 0.054397 0.593025 0.016810 0.169639 0.300967 0.193673 0.095705 -0.145592 -0.017858 0.091633 -0.466474 -0.011145 -0.341391 -0.129160 -0.198424 0.032956 -0.207754 0.096851 -0.477466 -0.381031 -0.200830 -0.296384 -0.279606 0.104495 -0.275813 -0.041522 -0.277795 -0.461280 -0.416090 -0.189273 -0.483602 -0.326020 -0.264344 -0.416264 0.523419 0.253280 -0.283486 0.082523 -0.281553 -0.272229 0.198894 -0.055476 -0.405811 0.008340 0.054655 -0.044474 0.105712 0.018330 0.116186 -0.257109 -0.095427 -0.375582 0.339026 0.396566 0.519776 0.589114 0.303300 0.194208 0.265093 0.226068 0.285564 0.137556 0.437235 0.049138 -0.206112 -0.376560 -0.253359 -0.238954 -0.041081 -0.166444 0.015394 0.113708 -0.119513 -0.183641 -0.058957 -0.127430 -0.410391 -0.010332 -0.298400 -0.116932 -0.070704 -0.068221 0.133266 -0.132721 -0.006872 -0.055340
-0.076685 0.031975 0.045049 0.087854 0.296615 0.343339 -0.126985 -0.193807 0.374438 0.263747 0.061302 -0.346312 -0.093991 -0.103508 0.249222 0.196936 0.197449 -0.111639 -0.146496 0.104169 0.250879 0.250701 0.388255 0.082775 1.000000 0.353102 0.439942 0.338312 0.161684 -0.100818 0.497516 0.220359 -0.457869 -0.240240 -0.048419 -0.273885 -0.308619 -0.137432 -0.161509 -0.217706 0.117734 -0.068916 -0.017715 0.064699 -0.282015 0.019347 -0.210588 -0.117355 -0.272528 0.137040 -0.055528 0.001378 -0.357900 0.020013 -0.248087 -0.014843 0.116031 0.173471 -0.145371 -0.151535 -0.086475 -0.115922 -0.079649 -0.069424 0.280563 0.029051 -0.185835 -0.069987 -0.006249 0.176579 -0.075777 -0.175015 0.027976 -0.281023 -0.116743 -0.068982 -0.042435 -0.116469 0.184856 0.197696 0.218993 0.249680 0.104237 -0.169645 0.210246 0.042929 0.182388 0.284391 0.221983 -0.056281 0.001579 0.226743 0.085463 0.276067 0.145323 0.018868 -0.078113 0.053027 -0.282254 0.259704 -0.141899 -0.080501 -0.290571 0.056396 -0.171049 0.057035 0.036525 -0.182803 0.256091 -0.011297 -0.197022 0.186500 0.074135 0.000790 0.056587 0.155048
-0.184001 -0.238839 -0.128179 0.511934 -0.286980 0.057156 -0.436171 -0.011358 -0.205452 -0.197529 -0.374832 -0.271811 -0.359083 -0.540374 -0.356581 0.049209 -0.152395 -0.160957 0.077955 0.217480 0.176015 0.486442 0.256897 0.555168 0.353102 1.000000 0.242266 0.516184 0.110460 -0.156329 0.339416 0.751723 -0.137531 0.054317 -0.037349 -0.008192 0.151231 0.130758 0.110266 0.268627 -0.202936 0.086052 0.024123 0.250145 0.012503 0.324752 -0.079261 -0.008557 -0.182345 -0.031693 -0.078774 -0.175593 -0.360000 -0.085551 -0.421831 0.080348 -0.133671 -0.288994 -0.322315 -0.064657 -0.557687 -0.555989 -0.099605 -0.294735 0.053869 -0.126205 -0.135162 0.074552 0.012558 -0.049980 0.306719 0.013313 -0.382363 -0.005439 -0.036689 -0.289163 0.218548 0.152394 0.340078 0.001275 0.254516 -0.105093 0.029782 0.259270 0.173538 0.345846 0.115534 0.298929 0.004533 -0.047049 0.127848 -0.053293 0.167995 -0.043574 -0.143221 -0.285482 -0.136320 -0.154758 -0.059542 0.070285 0.011963 0.010572 -0.082921 0.035225 -0.227990 -0.074913 -0.141932 0.054842 -0.116592 -0.202132 -0.202940 0.042716 -0.083071 -0.244990 -0.091437 0.071085
-0.224033 0.024940 0.231217 0.352017 0.428541 0.708238 -0.206436 0.023908 0.348797 0.137489 -0.313877 -0.395441 -0.202035 -0.116711 0.534252 0.202984 -0.218043 -0.366391 0.289940 0.017233 0.600265 0.105920 0.494393 -0.003209 0.439942 0.242266 1.000000 0.756692 -0.105867 -0.372043 0.495158 0.108345 -0.198695 -0.017132 -0.437973 -0.523931 -0.367915 -0.440916 0.072058 -0.151145 -0.032294 0.125554 0.258537 0.237039 0.084106 0.254141 -0.149029 -0.103439 0.294161 0.311857 0.375427 0.251949 -0.016725 0.144575 -0.055295 0.037609 -0.008282 -0.063017 0.104621 0.057997 -0.016033 -0.128220 -0.191562 -0.232695 -0.123616 -0.119253 -0.012594 -0.202362 0.222291 0.229276 -0.074428 -0.398167 0.010364 -0.332881 -0.203002 -0.180299 -0.332031 -0.283355 -0.173063 -0.194024 -0.253388 -0.226516 0.000548 -0.210601 -0.134437 -0.096884 0.044089 0.123733 -0.023344 0.018361 0.109175 -0.056434 -0.002417 0.100911 0.320182 -0.260306 0.020484 -0.142560 0.043235 0.331782 0.032430 -0.138579 0.223132 0.226310 0.186656 0.220120 0.274276 -0.222824 0.213737 -0.263919 -0.488550 0.147809 0.228785 0.110573 0.017540 0.232941
-0.193495 0.072941 0.112704 0.621514 0.096604 0.592318 -0.390643 -0.022437 0.098685 -0.056571 -0.354498 -0.129944 -0.213215 -0.349826 0.293765 0.044172 -0.237511 -0.240250 0.322321 0.169703 0.453885 0.219688 0.495329 0.164226 0.338312 0.516184 0.756692 1.000000 -0.205552 -0.424914 0.323975 0.234306 -0.158828 -0.015343 -0.374072 -0.393225 -0.090773 -0.118631 0.229174 0.097192 -0.117188 0.158652 0.215403 0.178455 0.026120 0.147258 -0.098343 -0.040933 0.117678 0.073145 0.328892 0.023493 -0.013008 0.023387 -0.039572 0.196891 -0.064000 0.021530 -0.149089 -0.076778 -0.219541 -0.372538 -0.222419 -0.394459 -0.032374 -0.193449 -0.133696 -0.246110 0.314779 0.232927 0.001711 -0.348899 -0.253906 -0.126336 -0.148883 -0.157271 -0.166637 -0.097518 -0.053196 -0.186869 -0.054320 -0.156199 -0.124788 -0.086687 0.038017 0.147595 0.017703 0.209132 0.110159 -0.034821 0.060524 -0.167071 0.057034 -0.066697 0.226811 -0.187036 0.167965 0.002747 0.155589 0.292727 -0.077993 -0.193395 0.155087 0.045820 0.020407 0.127498 0.168278 -0.091506 0.244903 -0.219717 -0.283647 0.275530 0.152758 -0.008798 -0.036552 0.269339
0.131055 0.052566 -0.258219 -0.215161 0.172922 -0.046710 -0.156198 -0.244899 0.272617 0.204465 0.019837 -0.130182 -0.335121 -0.176716 0.098066 0.053418 0.543284 -0.110262 -0.128703 0.163052 -0.042034 0.170180 -0.278956 0.030633 0.161684 0.110460 -0.105867 -0.205552 1.000000 -0.044658 0.299540 0.385258 -0.237994 -0.184226 -0.122202 -0.248089 -0.027620 -0.095835 -0.091135 -0.284764 0.281713 0.055706 0.288171 0.399199 0.179592 0.246201 0.078626 -0.002852 -0.192112 0.073883 -0.360066 -0.008298 -0.414151 0.009517 -0.199841 0.187210 0.060704 -0.073494 -0.126469 -0.109459 -0.196903 -0.376107 0.229115 0.119820 -0.080159 -0.359455 -0.343159 -0.311866 -0.102602 -0.001869 -0.199471 0.061447 0.484626 -0.376855 -0.229795 -0.326814 0.201224 -0.040205 0.518071 0.098492 0.410001 0.109069 0.380220 0.203115 0.104991 0.006972 -0.058991 0.215752 -0.422592 -0.477656 0.126205 0.134177 -0.306270 -0.020017 0.040596 -0.088434 -0.049515 -0.005737 0.029798 0.245048 -0.120147 0.130036 -0.106701 0.168201 0.041521 -0.040388 0.197692 -0.008116 0.042203 0.107784 -0.036017 0.016250 -0.089045 -0.167241 -0.024378 0.129439
0.139901 0.014843 -0.187000 -0.256540 -0.153191 -0.266399 0.039571 0.268328 -0.121158 0.045396 0.041002 0.074848 0.036363 0.421570 -0.223730 0.098917 0.254679 0.688038 -0.562012 -0.209738 -0.183942 0.022134 -0.323320 -0.179669 -0.100818 -0.156329 -0.372043 -0.424914 -0.044658 1.000000 0.047225 0.117929 -0.049903 -0.062498 0.029443 0.385560 -0.028944 0.248672 -0.257174 0.267931 0.240456 0.223443 -0.042482 -0.106680 -0.087439 -0.215673 0.145438 0.016797 0.028082 0.185841 -0.196309 -0.035731 -0.012956 -0.039319 -0.168992 -0.206563 0.347017 0.225585 0.127412 0.097787 0.138989 0.184052 0.277782 0.515130 -0.023277 0.071358 0.061965 0.096331 -0.131496 -0.213741 0.233326 0.545921 0.074200 0.335181 0.165163 0.389827 0.231988 0.419530 0.043712 0.513428 0.395099 0.556298 -0.079932 0.380751 -0.317604 -0.161249 -0.077603 0.020393 -0.089905 0.162021 -0.187380 -0.256481 -0.081648 -0.044169 -0.458683 -0.059970 -0.389499 -0.289450 -0.241471 -0.371220 -0.236826 -0.059824 -0.461119 -0.308219 -0.471863 -0.361778 -0.247813 -0.191758 -0.311072 -0.117677 -0.128411 -0.368502 -0.274649 -0.361922 -0.026474 -0.273232
-0.045746 -0.023754 0.285533 0.254566 0.441983 0.451810 -0.116312 0.240007 0.424484 0.359690 -0.074769 -0.107813 -0.115580 0.192358 0.261413 0.328666 0.177951 -0.078411 -0.039353 -0.040304 0.306262 0.138752 0.272539 0.054397 0.497516 0.339416 0.495158 0.323975 0.299540 0.047225 1.000000 0.429323 -0.253178 -0.134487 -0.329907 -0.174079 -0.287368 -0.409963 -0.082339 -0.084130 0.214629 0.346376 0.111454 0.310388 -0.107773 0.289316 -0.253497 -0.110409 -0.104654 0.335102 -0.126790 0.008829 -0.493526 -0.097941 -0.164278 -0.097314 0.109080 -0.047253 -0.013173 -0.100042 -0.005466 -0.243003 0.175544 0.114384 -0.130278 -0.071537 -0.150289 0.054687 -0.000597 0.084422 -0.098270 -0.016701 0.290757 -0.409273 -0.166762 -0.059392 -0.172117 -0.197938 0.030790 -0.121043 0.274521 0.128237 0.098133 0.088440 -0.145269 -0.052494 0.179304 0.382494 -0.201772 -0.039562 -0.209727 -0.128274 -0.202383 0.002296 -0.036773 -0.287284 -0.252541 -0.269961 -0.296931 -0.092137 -0.133071 -0.100140 -0.081761 0.071638 -0.104653 -0.064606 0.097830 -0.248743 0.033631 -0.207875 -0.407557 -0.184676 -0.247668 -0.350487 -0.065633 -0.003918
-0.030610 -0.316772 -0.184016 0.234232 -0.274652 -0.113799 -0.235079 0.050997 -0.222003 -0.214837 -0.361327 -0.162201 -0.423307 -0.407560 -0.336977 -0.048838 0.025975 -0.141605 0.025010 0.199810 0.121998 0.430929 0.172001 0.593025 0.220359 0.751723 0.108345 0.234306 0.385258 0.117929 0.429323 1.000000 -0.117849 0.110047 0.038042 0.023877 0.073276 -0.005844 -0.087013 0.094525 -0.037067 0.157405 0.084991 0.285572 0.130415 0.343412 -0.072102 -0.017602 -0.212272 0.071537 -0.220765 -0.176844 -0.471070 -0.040655 -0.505688 -0.042968 0.028135 -0.285380 -0.252805 -0.062118 -0.431887 -0.536343 0.130717 -0.098259 0.101213 -0.184543 -0.113128 0.063856 -0.088547 -0.098184 0.321677 0.164202 -0.095326 -0.077661 -0.091328 -0.141674 0.200014 0.139331 0.381202 0.082092 0.410007 0.027798 0.236305 0.475499 0.106488 0.322688 0.074535 0.258791 -0.183160 -0.183358 0.081624 -0.125001 -0.084015 -0.052855 -0.327072 -0.428676 -0.352384 -0.376059 -0.134341 -0.089518 -0.161955 0.119066 -0.212946 0.043077 -0.270027 -0.183287 -0.261206 -0.160775 -0.261769 -0.234365 -0.304368 -0.149253 -0.165872 -0.478942 -0.138571 -0.026842
0.210274 -0.057151 0.175532 0.015173 -0.309895 -0.307543 0.453404 0.155758 -0.243515 -0.279919 0.146904 0.243572 0.312985 0.128047 -0.164378 -0.178279 -0.159192 -0.041497 0.482363 0.170744 -0.020733 -0.295468 -0.042394 0.016810 -0.457869 -0.137531 -0.198695 -0.158828 -0.237994 -0.049903 -0.253178 -0.117849 1.000000 0.437721 0.110243 0.255391 0.149043 -0.020885 0.115889 -0.046414 -0.192875 -0.162347 -0.093189 -0.164009 0.116813 -0.142380 -0.027849 0.070206 0.060683 -0.203145 -0.040404 -0.248300 0.174169 -0.071146 0.255550 -0.232771 -0.117923 -0.214922 0.311496 0.060961 0.262610 0.208072 0.016200 -0.043696 -0.000789 0.028814 0.347865 0.220582 0.082618 0.066316 0.006918 -0.085601 -0.116343 0.053218 -0.018746 0.028581 -0.095833 0.063001 -0.075973 -0.076312 -0.277889 -0.254411 -0.076214 -0.109476 -0.111386 -0.157842 -0.063064 -0.325250 -0.079951 0.072597 -0.205661 -0.047883 -0.031628 0.107709 -0.110179 -0.132330 0.003403 -0.100774 -0.077350 -0.260703 0.081431 0.211815 0.110839 -0.120727 -0.107146 -0.254410 -0.094016 0.140926 -0.182562 -0.029376 0.178958 -0.259388 -0.007240 -0.135305 -0.163838 -0.221055
0.112002 -0.091479 0.018860 -0.008155 -0.261410 -0.148992 0.308017 0.078528 -0.230528 -0.344236 -0.232698 -0.000321 0.020398 -0.074349 -0.072174 -0.279173 -0.198230 0.038981 0.234562 0.183376 -0.178443 -0.220733 0.204559 0.169639 -0.240240 0.054317 -0.017132 -0.015343 -0.184226 -0.062498 -0.134487 0.110047 0.437721 1.000000 0.048790 0.051637 -0.003101 -0.297947 0.036740 -0.154819 -0.347977 0.064962 -0.087917 -0.032302 0.011309 -0.037317 -0.148922 -0.132470 -0.046410 0.002180 -0.018006 -0.090679 0.039799 0.076730 -0.206875 -0.234816 0.029762 -0.014698 0.291851 0.364946 0.065504 0.221974 -0.020500 0.189641 -0.089416 -0.025002 0.192080 0.104527 -0.166233 -0.011027 -0.004117 -0.159742 -0.006852 -0.054584 0.193511 -0.055475 -0.242494 -0.130032 -0.100550 -0.116436 -0.112392 -0.142266 0.098512 0.098714 -0.095849 -0.019335 -0.154452 -0.350590 -0.203157 -0.021791 -0.105314 0.000112 -0.113956 0.077908 -0.299701 -0.488881 -0.349483 -0.441682 -0.037874 -0.031636 0.094142 0.331366 0.132588 0.073496 -0.043884 -0.077441 -0.159169 0.059616 -0.387042 -0.344615 -0.288814 -0.254765 0.216521 -0.152631 -0.106374 -0.024337
-0.089829 -0.274860 0.011930 -0.106020 -0.352701 -0.554834 0.238496 -0.156322 -0.366950 -0.301636 0.129431 0.145556 0.309552 -0.109586 -0.477431 -0.299797 -0.164416 -0.169719 -0.143045 -0.112086 -0.315349 0.038915 0.041295 0.300967 -0.048419 -0.037349 -0.437973 -0.374072 -0.122202 0.029443 -0.329907 0.038042 0.110243 0.048790 1.000000 0.299352 0.398965 0.218921 0.031297 0.133564 -0.128731 -0.353221 -0.371064 -0.385402 -0.182297 -0.140100 0.107240 0.105336 -0.268491 -0.375479 -0.032519 -0.384404 -0.078717 -0.207869 0.020590 -0.111019 -0.209677 -0.154084 -0.135974 -0.127542 0.018326 0.007958 -0.047773 -0.181791 0.303241 0.156958 0.343934 0.446982 -0.189632 -0.036941 0.191596 -0.009093 -0.215504 0.141610 0.202524 0.127666 0.123853 -0.064655 0.033736 -0.133451 -0.071116 -0.133641 -0.022354 0.008246 0.249632 0.156887 0.106206 -0.097720 0.287956 0.010393 -0.201331 0.120118 0.221803 0.105408 0.056647 0.245597 0.142344 0.298225 -0.329956 -0.256735 0.180425 0.194933 -0.090807 -0.057449 0.090795 0.009678 -0.264223 0.308715 -0.141425 0.528202 0.542033 0.023139 -0.125069 0.122297 -0.038154 -0.072241
0.062590 -0.205762 0.031826 -0.032930 -0.364827 -0.402906 0.197083 0.290193 -0.283258 -0.083895 0.088370 0.287897 0.104154 0.185500 -0.498130 -0.046316 -0.001937 0.188805 -0.197225 -0.128439 -0.208186 -0.152534 -0.162233 0.193673 -0.273885 -0.008192 -0.523931 -0.393225 -0.248089 0.385560 -0.174079 0.023877 0.255391 0.051637 0.299352 1.000000 0.191166 0.309498 0.081819 0.412036 -0.033814 0.171256 -0.208331 -0.198956 -0.190588 -0.201347 0.031801 0.070335 -0.276788 -0.249402 -0.350186 -0.316260 -0.025996 -0.088578 0.049556 -0.212537 -0.021520 -0.194082 -0.055666 -0.161077 -0.019907 0.174502 0.046049 0.120945 0.246712 0.299772 0.167364 0.497908 -0.268568 -0.325127 0.088176 0.489088 -0.256381 0.294701 -0.006966 0.238430 0.160073 0.477638 -0.224898 0.154257 0.006576 0.051778 0.111358 0.284593 0.049457 0.256142 0.214682 0.098774 0.099921 0.271258 -0.139919 -0.055463 0.162278 -0.058160 -0.397661 -0.077175 -0.268071 -0.279031 -0.247360 -0.650621 0.015683 0.002265 -0.265145 -0.334191 -0.376120 -0.326694 -0.318141 0.090942 -0.412388 -0.186706 0.113142 -0.434913 -0.360991 -0.327016 -0.206728 -0.407435
