1.000000 0.423462 0.029688 0.104954 0.147052 0.029064 0.099236 -0.069131 -0.117887 -0.125864 0.118045 0.053474 0.096134 0.068540 -0.123536 -0.067555 -0.035899 0.252997 0.422399 0.217006 -0.256276 -0.208061 -0.071418 0.040799 0.161219 0.143041 0.135723 0.096068 -0.039432 -0.170512 -0.369303 -0.327242 0.222595 0.223370 0.111339 -0.105202 0.093802 0.021500 -0.131710 0.007422 -0.119994 -0.003392 -0.339800 -0.442099 -0.450308 -0.524210 -0.312407 -0.466091 -0.271209 -0.426930 -0.094450 -0.257819 0.163434 0.063126 0.260215 0.311551 0.538394 0.324435 0.424956 0.246343 0.673224 0.515769 0.388134 0.253550 0.246761 -0.065734 0.261442 -0.294528 0.248061 0.076880 -0.467328 -0.180146 -0.107907 -0.159442 -0.065010 -0.134938 -0.058647 -0.125378 0.085332 0.133223 0.041264 0.138373 0.119412 0.002343 0.058024 -0.111361 -0.119716 0.054108 0.151610 0.500252 -0.235699 -0.124602 -0.204569 0.066228 -0.062398 -0.152941 -0.348464 -0.148023 -0.302736 -0.158955 -0.368534 -0.060620 -0.049916 0.113823 -0.214189 -0.222740 -0.304507 -0.047423 -0.143536 -0.044556 -0.409461 -0.257337 -0.142694 -0.297304 0.116401 0.014643
0.423462 1.000000 -0.267559 0.057554 -0.201030 -0.083968 -0.221863 -0.230623 -0.286072 -0.197852 -0.018785 0.098515 -0.279873 -0.164563 -0.218810 -0.158810 -0.105300 0.159175 0.326160 0.522635 -0.470544 -0.260913 -0.236644 -0.054440 0.096348 -0.080200 0.130135 -0.108787 -0.313000 -0.218644 -0.466433 -0.538023 0.187894 0.218272 0.008902 -0.063281 -0.180893 -0.153873 -0.136784 0.184280 -0.022849 -0.189614 -0.118951 -0.203017 -0.251110 -0.169729 -0.235575 -0.167144 -0.110483 -0.130960 -0.269081 -0.051823 0.240381 0.161195 -0.013881 0.058795 0.221860 0.540390 0.234467 0.489680 0.162195 0.577394 0.077098 0.273508 -0.117796 0.082715 0.236223 0.066427 0.578029 0.421195 -0.457508 -0.364945 -0.353407 -0.180533 -0.361752 -0.334071 -0.288539 -0.263755 0.063722 -0.054347 0.153466 0.120619 0.291292 0.173305 0.039990 -0.108726 0.171549 0.037957 0.210486 0.140213 0.096295 0.180224 -0.083477 0.131046 -0.192843 -0.202066 -0.291346 -0.220643 -0.148864 -0.136353 -0.217641 0.230726 0.008573 0.232654 0.274258 -0.047075 -0.169609 0.184222 -0.202202 -0.193876 -0.338783 -0.241342 -0.187009 -0.395988 -0.071399 -0.126144
0.029688 -0.267559 1.000000 0.613767 0.546193 0.488821 0.877523 0.739990 0.233611 -0.070768 0.205760 -0.413318 0.249572 -0.299596 0.162407 0.126903 -0.049825 -0.202882 0.334820 0.211054 -0.251612 -0.050421 0.774666 0.747284 0.424474 0.288495 0.421094 0.381610 -0.219524 -0.274641 -0.089170 0.163477 -0.020881 0.109678 0.274944 -0.101691 -0.402956 -0.122684 0.007655 0.198198 -0.331047 -0.267469 -0.572716 -0.535919 -0.462610 -0.434468 -0.579792 -0.467089 -0.399705 -0.479796 0.173074 -0.432148 -0.095360 -0.367407 -0.060186 -0.118451 -0.269304 -0.180909 -0.174131 -0.346694 0.099306 -0.349872 -0.066929 -0.380330 0.555017 -0.013484 -0.084544 0.092631 -0.051808 0.105365 0.081412 -0.279830 -0.076367 -0.160738 -0.114304 -0.316537 -0.175122 -0.124101 -0.323857 -0.184333 -0.334621 -0.417336 -0.152193 -0.177244 0.128325 0.068126 0.237804 0.284353 0.012820 0.423183 0.021755 -0.031862 0.231001 0.135635 0.085595 -0.265798 -0.420251 -0.185292 -0.557335 -0.493551 -0.356355 0.085026 -0.354757 -0.063213 -0.419564 -0.185404 -0.490763 -0.416710 -0.091681 0.103711 -0.292987 -0.401388 -0.195896 -0.127036 -0.092417 -0.156537
0.104954 0.057554 0.613767 1.000000 0.395328 0.424608 0.706392 0.768459 0.016950 -0.007246 -0.055870 -0.247603 -0.086768 -0.291414 0.162421 0.235886 -0.166116 0.011594 0.419135 0.299506 -0.145262 -0.159495 0.654393 0.811488 0.410536 0.362587 0.345572 0.385371 -0.387537 -0.167005 -0.143454 0.078864 -0.185204 0.026066 0.105054 -0.178145 -0.347439 -0.088132 0.237707 0.337296 -0.087520 -0.267446 -0.539546 -0.483209 -0.528968 -0.344332 -0.463753 -0.376371 -0.481740 -0.528337 0.161740 -0.452913 -0.156355 -0.284583 0.199298 0.047807 -0.261279 -0.160437 -0.312799 -0.271319 -0.071207 -0.149949 -0.184034 -0.412199 0.494738 0.178353 -0.273607 -0.063211 -0.076500 -0.112579 0.094265 -0.201574 -0.131035 -0.040344 -0.072671 -0.359688 -0.225214 -0.028327 -0.369028 -0.141550 -0.299250 -0.391947 0.082908 0.016427 0.283567 0.184084 0.327186 0.468879 0.137595 0.462460 -0.074528 -0.047232 0.251765 0.002716 -0.134548 -0.437590 -0.525005 -0.313958 -0.598480 -0.595059 -0.341596 -0.132374 -0.300051 0.006560 -0.343261 -0.333648 -0.488707 -0.375856 -0.235264 0.069512 -0.224629 -0.348314 -0.298596 -0.404161 -0.091759 -0.264549
0.147052 -0.201030 0.546193 0.395328 1.000000 0.718409 0.566806 0.403760 0.788104 0.501772 -0.078340 -0.441871 -0.044129 -0.324876 0.677633 0.611402 -0.372816 -0.347035 0.152558 -0.115028 0.256953 0.355912 0.566129 0.405646 0.464462 0.420137 0.517071 0.566422 -0.188283 -0.286861 0.125985 0.033628 -0.075154 -0.065503 0.117583 -0.117112 0.012315 0.066557 0.171752 -0.066926 0.059287 0.184253 -0.308756 -0.383872 -0.350629 -0.363538 -0.342593 -0.364441 -0.198465 -0.401228 0.280501 -0.214158 -0.134528 -0.172116 0.044255 -0.060193 -0.318426 -0.307409 0.112958 -0.240830 0.259060 -0.212137 -0.199757 -0.590963 0.637140 0.080675 0.021504 0.011768 -0.018579 -0.010591 -0.173510 -0.096258 -0.105574 -0.277919 0.023686 -0.369799 -0.294739 -0.402174 -0.318192 -0.377756 -0.636583 -0.643745 -0.315579 -0.207826 0.204675 0.024960 0.077276 0.352936 0.273748 0.405832 -0.329909 -0.251692 0.032681 -0.089155 0.017099 -0.122626 -0.041438 -0.190572 -0.441690 -0.300547 -0.472056 -0.159686 -0.351263 -0.157252 -0.297232 -0.212217 -0.200426 -0.261106 -0.045141 -0.057588 -0.167252 -0.147642 -0.061734 0.060483 0.057098 -0.096548
0.029064 -0.083968 0.488821 0.424608 0.718409 1.000000 0.431537 0.418435 0.465151 0.432319 -0.157571 -0.472242 -0.239178 -0.306349 0.485278 0.492060 -0.333744 -0.388914 0.192332 0.091236 0.108491 0.252227 0.564191 0.548605 0.488796 0.511577 0.643828 0.680014 -0.318292 -0.284093 -0.128587 0.039038 -0.112036 -0.074536 0.286330 -0.100463 -0.178671 0.147955 0.232734 0.087692 0.046149 0.221132 -0.327630 -0.321549 -0.402713 -0.308011 -0.312267 -0.154955 -0.241464 -0.426303 0.156001 -0.162819 -0.110695 -0.117897 -0.038309 0.067102 -0.441929 -0.388483 -0.059322 -0.230636 -0.025885 -0.045931 -0.325987 -0.595406 0.557372 0.226120 -0.228005 0.075993 0.066052 0.071807 -0.265102 -0.285023 -0.235383 -0.277005 -0.104405 -0.389112 -0.326554 -0.379955 -0.151176 -0.265287 -0.416864 -0.494480 -0.173994 -0.154414 0.333183 0.121782 0.199797 0.367707 0.442818 0.374036 -0.165754 -0.144715 -0.043446 -0.068526 0.185424 0.013891 0.031520 -0.004453 -0.353616 -0.179773 -0.565270 -0.114461 -0.549342 -0.278606 -0.355437 -0.182252 -0.390287 -0.322653 -0.016028 0.068229 -0.229495 -0.185448 -0.077602 0.025489 0.037787 -0.120140
0.099236 -0.221863 0.877523 0.706392 0.566806 0.431537 1.000000 0.839460 0.208333 0.013771 0.200215 -0.205251 0.238176 -0.086213 0.125725 0.250662 -0.092030 0.011611 0.324052 0.163284 -0.242729 -0.149437 0.719454 0.742261 0.324398 0.216295 0.306027 0.243296 -0.262024 -0.178247 -0.132083 0.106329 0.009166 0.174695 0.175477 -0.117270 -0.408268 -0.196582 0.037112 0.120325 -0.274963 -0.276372 -0.512618 -0.513941 -0.411639 -0.399349 -0.451062 -0.437627 -0.348392 -0.411325 0.255427 -0.419694 -0.111531 -0.327133 0.083223 -0.044181 -0.335314 -0.231312 -0.191824 -0.341386 0.157273 -0.247772 -0.054690 -0.380089 0.523913 0.063502 -0.087762 0.007777 -0.125943 0.005122 0.087555 -0.263150 0.027071 -0.106992 -0.029129 -0.326559 -0.163766 -0.109651 -0.426153 -0.161263 -0.360028 -0.430188 -0.216517 -0.123849 0.079222 0.043576 0.154361 0.372224 -0.044520 0.469577 -0.109054 -0.118482 0.183971 0.040491 0.091796 -0.282805 -0.490340 -0.167126 -0.615514 -0.553847 -0.340303 -0.019798 -0.343316 -0.048937 -0.432316 -0.283589 -0.483016 -0.453161 -0.079978 0.041874 -0.179240 -0.366439 -0.211085 -0.171975 -0.012133 -0.128892
-0.069131 -0.230623 0.739990 0.768459 0.403760 0.418435 0.839460 1.000000 0.131577 0.032378 0.154706 -0.065591 0.213886 -0.038027 0.167658 0.265743 0.040010 0.036525 0.226692 0.115183 -0.186242 -0.150649 0.713923 0.771231 0.290777 0.250055 0.238237 0.223378 -0.152135 -0.015345 -0.032334 0.261585 -0.049224 0.162686 0.170118 -0.048978 -0.375150 -0.023052 0.154434 0.157953 -0.235754 -0.165455 -0.487329 -0.397604 -0.344371 -0.270548 -0.323070 -0.259488 -0.333940 -0.349525 0.272613 -0.332456 -0.189764 -0.382386 -0.028413 -0.086077 -0.435506 -0.367921 -0.493215 -0.530310 -0.108223 -0.269598 -0.078337 -0.404763 0.486310 0.281918 -0.385489 -0.104483 -0.329958 -0.233874 0.205013 -0.121428 0.134127 0.042466 0.024199 -0.219550 -0.028662 0.025339 -0.306475 -0.109029 -0.244558 -0.377334 -0.090762 -0.052698 0.231631 0.139538 0.134906 0.364078 -0.039465 0.258744 -0.094842 -0.137033 0.148956 -0.122914 0.069724 -0.163039 -0.362200 -0.011728 -0.510645 -0.465581 -0.216163 -0.169371 -0.430996 -0.236928 -0.521888 -0.224103 -0.532156 -0.443038 -0.024978 0.234673 -0.016068 -0.206430 -0.146760 -0.195340 -0.000606 -0.103922
-0.117887 -0.286072 0.233611 0.016950 0.788104 0.465151 0.208333 0.131577 1.000000 0.712365 0.076848 -0.257119 0.096200 -0.122320 0.822869 0.700601 -0.247246 -0.438420 -0.216451 -0.335558 0.377059 0.485050 0.320721 0.009005 0.056776 0.098529 0.120425 0.256508 0.122202 0.019612 0.432846 0.059515 -0.078605 -0.154253 -0.162035 -0.143142 0.158635 0.200784 0.205470 -0.258937 0.220615 0.364562 0.005358 -0.055045 -0.032070 -0.108600 -0.111775 -0.077002 0.092209 -0.066737 0.249847 0.068066 -0.296940 -0.153716 -0.153796 -0.256662 -0.361210 -0.321543 0.101277 -0.200157 0.134830 -0.286573 -0.137876 -0.445372 0.347574 -0.036324 -0.046475 -0.048194 -0.183750 -0.071752 -0.086954 0.119621 0.054814 -0.099709 0.093039 -0.193819 -0.117254 -0.347351 -0.151847 -0.335227 -0.498677 -0.419137 -0.443192 -0.088224 0.108878 -0.084423 0.034885 0.303089 0.011842 0.053151 -0.256300 -0.185095 -0.018318 -0.122504 -0.055310 0.127097 0.252161 0.045819 -0.102929 0.004573 -0.089735 -0.032114 -0.101463 -0.195924 -0.088554 -0.130129 0.102266 -0.128745 0.061534 0.055360 0.148438 0.124315 0.068834 0.225594 -0.061670 -0.026745
-0.125864 -0.197852 -0.070768 -0.007246 0.501772 0.432319 0.013771 0.032378 0.712365 1.000000 0.030769 -0.140725 -0.043376 0.030274 0.617190 0.848111 -0.361457 -0.342617 -0.309282 -0.342607 0.401011 0.422302 0.134177 -0.063358 -0.159604 -0.023349 -0.093195 0.122491 0.013214 0.122355 0.374716 -0.006450 -0.150326 -0.285548 -0.315400 -0.168626 0.114907 0.265667 0.225786 -0.375069 0.348814 0.523065 0.164539 0.149446 0.121396 0.075341 0.063993 0.117411 0.329164 0.140426 0.266165 0.300714 -0.282012 -0.062662 -0.097782 -0.191135 -0.404651 -0.384896 0.156927 -0.014261 0.008199 -0.094743 -0.146745 -0.371375 0.237718 0.048549 -0.058576 -0.027900 -0.227018 -0.129495 -0.151256 0.183129 -0.025183 -0.075883 0.094634 -0.216225 -0.156611 -0.283732 -0.238002 -0.344962 -0.526723 -0.362708 -0.439407 -0.026940 0.024252 -0.156013 -0.049945 0.298652 0.040184 -0.005705 -0.286360 -0.180144 -0.166831 -0.070264 -0.084113 0.253436 0.386788 0.164816 -0.017555 0.113607 -0.020458 -0.101002 -0.024922 -0.168539 0.029466 -0.057572 0.241216 0.024400 0.120828 0.090888 0.297736 0.139703 0.013548 0.257898 0.011423 0.000909
0.118045 -0.018785 0.205760 -0.055870 -0.078340 -0.157571 0.200215 0.154706 0.076848 0.030769 1.000000 0.377236 0.713851 0.242926 0.061181 0.149011 0.221921 0.042088 -0.070406 0.033808 -0.488488 -0.232510 0.218566 0.113399 -0.223745 -0.235772 -0.308141 -0.284641 0.281133 0.220722 0.074111 0.082483 0.039486 0.156904 -0.155394 -0.160034 -0.296735 -0.020754 -0.051827 -0.071673 -0.205990 -0.205224 -0.171757 -0.148680 -0.026292 -0.120835 -0.269513 -0.136285 0.029374 0.004027 -0.191069 -0.101040 -0.208795 -0.334673 -0.299904 -0.178770 0.011300 0.115107 -0.026356 -0.051762 0.182802 -0.127647 0.219013 0.096295 -0.015618 -0.120315 0.045641 -0.030612 -0.249008 0.083588 -0.227723 -0.080628 0.104949 -0.015200 -0.192399 -0.202524 0.133976 -0.024979 0.252162 0.229517 0.113094 0.188423 -0.079957 0.250042 0.021302 -0.057977 0.186797 0.282905 -0.308900 0.038039 -0.020846 0.020824 -0.105492 0.059307 0.086402 0.095832 -0.239191 0.182876 -0.207226 -0.123635 -0.001802 0.116333 -0.108282 -0.076554 -0.139948 -0.077838 -0.177378 0.015661 0.084864 0.288182 0.081218 -0.096216 -0.016393 0.012823 0.000119 0.138050
0.053474 0.098515 -0.413318 -0.247603 -0.441871 -0.472242 -0.205251 -0.065591 -0.257119 -0.140725 0.377236 1.000000 0.217355 0.712631 -0.139506 -0.006736 0.194123 0.530995 -0.081745 -0.129936 -0.105594 -0.213220 -0.281957 -0.234457 -0.427642 -0.268726 -0.457290 -0.488414 0.419436 0.630384 0.032549 0.218013 0.215996 0.299951 -0.220309 0.103793 0.004241 0.114652 -0.027936 0.007869 0.071564 0.103792 0.113760 0.173207 0.214282 0.145882 0.256632 0.201483 0.099399 0.265628 -0.166447 0.004486 -0.066565 -0.233713 -0.155349 0.020131 0.134367 0.056997 -0.094767 -0.071547 0.044157 0.161007 0.146866 0.234289 -0.275814 0.115451 -0.163456 -0.333515 -0.256820 -0.364535 0.019154 0.187152 0.392233 0.444469 0.091638 0.255302 0.375330 0.330059 0.250319 0.485234 0.380736 0.403045 0.118283 0.397310 0.031264 0.032504 -0.157729 0.109541 -0.205223 -0.187220 -0.115962 -0.189644 -0.099177 -0.274317 0.121546 0.208288 0.087608 0.253398 0.194784 0.138534 0.376744 -0.054211 -0.023745 -0.197552 -0.081582 0.092594 -0.010332 0.016642 0.197448 0.122772 0.232126 0.177968 0.075242 0.115934 0.174342 0.227795
0.096134 -0.279873 0.249572 -0.086768 -0.044129 -0.239178 0.238176 0.213886 0.096200 -0.043376 0.713851 0.217355 1.000000 0.315668 0.019152 -0.001832 0.361950 0.006745 -0.356227 -0.326239 -0.285205 -0.002939 0.158948 0.007992 -0.160884 -0.136159 -0.368787 -0.265080 0.445566 0.215203 0.220349 0.223303 -0.001018 0.104962 -0.053190 -0.007025 0.024537 0.051010 -0.101688 -0.268405 -0.168888 -0.094326 0.009582 0.002409 0.068009 -0.025152 -0.038441 -0.069602 0.136671 0.145601 0.210317 0.102558 -0.086116 -0.244756 -0.131031 -0.140479 0.024700 -0.088385 -0.085466 -0.164953 0.348074 -0.141239 0.348918 0.187765 0.042703 -0.067043 0.132870 -0.031916 -0.510520 -0.118037 0.054409 0.187394 0.303378 0.073167 -0.009064 0.066437 0.262640 0.116347 0.172551 0.180110 0.103951 0.252626 -0.302019 -0.021662 -0.171344 -0.139610 -0.066623 -0.065364 -0.430560 -0.077134 -0.200002 -0.148297 -0.234331 -0.110888 0.035776 0.040727 -0.129585 0.110002 -0.224878 -0.158581 0.002302 0.016714 -0.033686 -0.173445 -0.181029 0.059427 -0.091529 -0.054433 0.029673 0.183882 0.222778 -0.038845 -0.080491 0.052859 0.160460 0.224632
0.068540 -0.164563 -0.299596 -0.291414 -0.324876 -0.306349 -0.086213 -0.038027 -0.122320 0.030274 0.242926 0.712631 0.315668 1.000000 -0.146516 0.025204 0.293133 0.380717 -0.191685 -0.289025 0.016267 -0.084424 -0.247137 -0.317457 -0.517817 -0.344937 -0.482570 -0.476459 0.450351 0.582743 0.021596 0.148681 0.098103 0.120872 -0.191826 -0.036290 0.063995 0.057501 -0.181065 -0.224382 -0.001052 0.172810 0.228777 0.243813 0.290047 0.156005 0.373184 0.210606 0.211094 0.310126 0.134656 0.158105 0.011120 -0.124272 -0.047477 0.099607 0.117755 -0.108211 -0.009380 -0.057247 0.176603 0.273765 0.194231 0.292563 -0.225239 0.042650 -0.125405 -0.389231 -0.337200 -0.380103 0.178738 0.147553 0.530530 0.367968 0.267740 0.389881 0.456772 0.244433 0.296572 0.393090 0.369968 0.468226 -0.219512 0.162926 -0.109403 -0.145499 -0.329071 -0.041085 -0.379102 -0.145420 -0.174927 -0.305895 -0.228987 -0.308863 0.315427 0.377581 0.183385 0.419357 0.209090 0.224497 0.373840 -0.127894 0.016939 -0.234057 -0.096048 0.080922 0.089041 -0.021771 0.358840 0.117539 0.281269 0.156817 0.104762 0.273901 0.330549 0.402874
-0.123536 -0.218810 0.162407 0.162421 0.677633 0.485278 0.125725 0.167658 0.822869 0.617190 0.061181 -0.139506 0.019152 -0.146516 1.000000 0.723576 -0.271213 -0.315321 -0.197643 -0.284049 0.409487 0.426018 0.424915 0.129497 0.180249 0.288423 0.268603 0.392460 0.066964 0.060398 0.372229 0.183078 -0.086301 -0.073910 -0.140104 -0.058658 0.150649 0.267667 0.443748 -0.019321 0.358870 0.340465 -0.129508 -0.068141 -0.103663 -0.109783 -0.082476 0.020854 -0.049545 -0.156697 0.124696 -0.049702 -0.401606 -0.247759 -0.077159 -0.106104 -0.367229 -0.408170 -0.043976 -0.329660 -0.043892 -0.317461 -0.249132 -0.531467 0.338314 0.065545 -0.268947 -0.172570 -0.254435 -0.231434 -0.090753 0.156556 0.036730 0.008922 0.119766 -0.126450 -0.086202 -0.202405 -0.113436 -0.221574 -0.439884 -0.406569 -0.111071 0.103200 0.329191 -0.000459 0.238219 0.459808 0.169566 0.050543 -0.325349 -0.202865 -0.077675 -0.205269 -0.100991 -0.001598 0.304851 -0.014083 -0.151659 -0.017175 -0.153835 -0.110436 -0.218625 -0.325852 -0.223983 -0.127485 -0.106930 -0.208447 -0.021882 0.130162 0.187794 0.151574 0.042956 0.111878 -0.057985 -0.164620
-0.067555 -0.158810 0.126903 0.235886 0.611402 0.492060 0.250662 0.265743 0.700601 0.848111 0.149011 -0.006736 -0.001832 0.025204 0.723576 1.000000 -0.364888 -0.322973 -0.133446 -0.229577 0.204266 0.293773 0.353652 0.184788 0.053946 0.100168 0.079620 0.161016 -0.041586 0.124946 0.228328 0.030837 -0.157102 -0.203279 -0.278340 -0.113041 -0.106119 0.174032 0.265960 -0.146934 0.224903 0.328943 -0.072245 -0.076242 0.000780 -0.045474 -0.123565 -0.012286 0.179207 -0.012668 0.216765 0.033015 -0.370800 -0.258661 -0.138671 -0.120708 -0.389001 -0.453820 0.077634 -0.134531 0.042855 -0.188622 -0.202194 -0.559462 0.359230 0.066330 -0.143487 -0.059764 -0.275681 -0.163999 -0.247050 0.000331 -0.047996 -0.108628 -0.095605 -0.375538 -0.272992 -0.326427 -0.262855 -0.285249 -0.508091 -0.452814 -0.335800 0.226435 0.087556 -0.003448 0.062045 0.570906 0.111726 0.243966 -0.222542 -0.188015 -0.016514 -0.047232 -0.007711 0.080994 0.221630 0.073173 -0.199927 -0.042320 -0.091500 -0.001662 -0.099234 -0.156214 -0.087864 -0.109516 -0.038008 -0.086341 0.092126 0.101687 0.140806 0.008840 0.019978 0.141881 0.036117 -0.031112
-0.035899 -0.105300 -0.049825 -0.166116 -0.372816 -0.333744 -0.092030 0.040010 -0.247246 -0.361457 0.221921 0.194123 0.361950 0.293133 -0.271213 -0.364888 1.000000 0.189197 -0.198858 -0.141592 -0.262887 -0.218172 -0.053192 -0.095760 -0.125507 -0.194897 -0.181283 -0.234366 0.482712 0.395923 -0.034681 0.084660 -0.004197 -0.008348 0.094032 -0.007273 0.051657 0.083904 -0.229180 0.024487 -0.235484 -0.183199 0.072588 0.068277 0.008296 -0.025319 0.078924 0.121907 -0.101252 0.050718 -0.035056 -0.055837 -0.122325 -0.090420 -0.192835 -0.002679 0.233136 0.053761 -0.293386 -0.193460 -0.011493 -0.063383 0.334619 0.465447 -0.270025 -0.023736 -0.159076 -0.216598 -0.158019 -0.165833 0.388660 0.070455 0.413111 0.400114 0.147192 0.415389 0.423810 0.303997 0.527067 0.551129 0.571259 0.576145 -0.014105 -0.063796 -0.000184 0.071375 -0.082734 -0.312893 -0.283295 -0.286204 0.058333 -0.051871 -0.066716 -0.191671 0.086080 0.049821 -0.161496 0.271150 0.093207 0.088199 0.174532 0.009081 0.063542 -0.145459 -0.212923 -0.000444 -0.010330 0.092956 0.010561 0.270885 0.174013 0.183809 0.192241 -0.121566 0.075794 0.111148
0.252997 0.159175 -0.202882 0.011594 -0.347035 -0.388914 0.011611 0.036525 -0.438420 -0.342617 0.042088 0.530995 0.006745 0.380717 -0.315321 -0.322973 0.189197 1.000000 0.061053 0.099379 -0.193538 -0.377324 -0.137473 -0.063920 -0.308801 -0.215844 -0.212381 -0.279985 0.170467 0.415150 -0.203682 0.010532 0.368786 0.432109 0.085214 0.229551 0.148109 -0.044674 -0.035570 0.097956 0.083922 -0.153322 -0.082208 0.054256 0.006598 -0.090389 0.185354 0.130177 -0.204506 -0.009867 -0.195077 -0.151457 -0.037071 -0.036307 0.117149 0.162425 0.149096 0.162624 -0.146405 -0.130275 0.059151 0.246155 0.396429 0.526201 -0.091663 0.095505 -0.215447 -0.414430 -0.022048 -0.239597 0.244642 0.241526 0.378785 0.508530 0.307125 0.404381 0.410470 0.551928 -0.035570 0.563100 0.243315 0.371901 0.250426 0.189787 -0.004462 -0.197563 -0.176353 -0.169592 -0.295235 -0.140911 -0.168482 -0.156062 -0.108050 -0.245272 -0.167285 -0.109349 -0.185047 -0.064687 0.071492 -0.028544 0.118771 -0.170240 -0.076186 -0.130241 -0.288206 -0.186474 -0.208930 -0.154732 -0.114395 -0.016603 0.087929 0.067257 -0.018775 -0.218196 -0.053729 -0.126046
0.422399 0.326160 0.334820 0.419135 0.152558 0.192332 0.324052 0.226692 -0.216451 -0.309282 -0.070406 -0.081745 -0.356227 -0.191685 -0.197643 -0.133446 -0.198858 0.061053 1.000000 0.666612 -0.225836 -0.364485 0.104815 0.392173 0.255732 0.071492 0.351239 0.137563 -0.287048 -0.281659 -0.439342 -0.243161 0.116761 0.238300 0.148624 -0.051268 -0.317123 -0.159268 -0.206594 0.245405 -0.336647 -0.163550 -0.464446 -0.544956 -0.434715 -0.446603 -0.396095 -0.475618 -0.389790 -0.529107 -0.211480 -0.438646 0.135140 0.062777 0.073876 0.031275 0.174062 0.326369 0.115654 0.030717 0.065624 0.100603 -0.089921 -0.203979 0.174843 -0.081077 0.014072 -0.051734 0.490278 0.212949 -0.199867 -0.394700 -0.249071 -0.234055 -0.198729 -0.275504 -0.292394 -0.101431 -0.170161 -0.037085 0.010592 -0.151973 0.317983 -0.007828 0.111643 0.095964 0.092241 0.184430 0.186067 0.465105 0.304482 0.203052 0.289053 0.242679 0.047561 -0.251894 -0.465817 -0.379378 -0.195277 -0.367508 -0.272417 -0.082494 -0.159725 0.202000 -0.051966 -0.146133 -0.299598 -0.148151 -0.129419 -0.305367 -0.660132 -0.389975 -0.268317 -0.248063 0.031363 0.071383
0.217006 0.522635 0.211054 0.299506 -0.115028 0.091236 0.163284 0.115183 -0.335558 -0.342607 0.033808 -0.129936 -0.326239 -0.289025 -0.284049 -0.229577 -0.141592 0.099379 0.666612 1.000000 -0.473374 -0.466070 0.020307 0.380512 0.203981 -0.018240 0.327494 -0.024559 -0.482796 -0.325639 -0.516145 -0.373395 0.131615 0.347839 -0.062268 -0.025609 -0.359685 -0.415361 -0.076490 0.352164 -0.139779 -0.405256 -0.511270 -0.467892 -0.312048 -0.326612 -0.471612 -0.309834 -0.230878 -0.380279 -0.465354 -0.384736 0.090995 0.139591 -0.152107 -0.144167 0.094360 0.481841 0.082502 0.222395 -0.188392 0.142385 0.064761 0.072537 -0.080482 -0.170087 0.040665 0.206043 0.664713 0.626142 -0.282505 -0.502804 -0.477676 -0.270205 -0.412374 -0.365686 -0.450721 -0.202507 -0.109014 0.024128 0.257930 0.065745 0.536526 0.311651 -0.023000 -0.167144 0.186640 0.117488 0.064939 0.164554 0.536301 0.592638 0.215664 0.302723 -0.022562 -0.234531 -0.529588 -0.352477 -0.124128 -0.298143 -0.229091 0.187888 -0.079942 0.274664 0.115450 -0.239166 -0.421773 -0.077453 -0.164571 -0.333264 -0.695814 -0.315256 -0.280683 -0.401747 -0.203079 -0.133362
-0.256276 -0.470544 -0.251612 -0.145262 0.256953 0.108491 -0.242729 -0.186242 0.377059 0.401011 -0.488488 -0.105594 -0.285205 0.016267 0.409487 0.204266 -0.262887 -0.193538 -0.225836 -0.473374 1.000000 0.640027 -0.144418 -0.255548 0.003561 0.307639 -0.004893 0.323551 0.051756 0.026793 0.550452 0.361945 -0.144217 -0.242390 -0.187307 -0.011323 0.492686 0.266756 0.397054 -0.164016 0.515488 0.569124 0.305058 0.288484 0.197533 0.213675 0.407257 0.182944 0.132060 0.089673 0.216442 0.144017 -0.084839 0.093599 0.197773 -0.052953 -0.120037 -0.351131 0.064856 -0.200506 -0.179896 -0.252100 -0.272872 -0.323687 0.002004 0.028167 -0.050295 -0.081864 -0.211730 -0.386413 0.241107 0.428162 0.066596 0.109038 0.398127 0.343145 0.042370 -0.001881 -0.130938 -0.201575 -0.266772 -0.242929 -0.114827 -0.218778 0.114400 0.038723 -0.132219 -0.101968 0.193196 -0.287065 -0.257717 -0.160437 0.003855 -0.203112 -0.017334 0.229636 0.535430 0.091097 0.300031 0.260033 0.135226 -0.347329 0.041848 -0.214282 -0.035325 0.019501 0.437814 -0.048768 0.155259 0.006553 0.315169 0.422362 0.217233 0.387619 0.030224 0.046752
-0.208061 -0.260913 -0.050421 -0.159495 0.355912 0.252227 -0.149437 -0.150649 0.485050 0.422302 -0.232510 -0.213220 -0.002939 -0.084424 0.426018 0.293773 -0.218172 -0.377324 -0.364485 -0.466070 0.640027 1.000000 0.041876 -0.206590 0.097487 0.298798 0.083539 0.357227 0.010475 -0.128188 0.441078 0.328024 -0.115146 -0.211730 0.035679 0.050632 0.286760 0.175316 0.096102 -0.263961 0.256465 0.458790 0.369766 0.264754 0.265971 0.213440 0.258178 0.130405 0.365772 0.174611 0.376858 0.306829 -0.075820 -0.008135 -0.159970 -0.196590 -0.205301 -0.353289 0.169149 -0.111660 0.033721 -0.168505 -0.281869 -0.336833 0.155163 0.021135 0.110504 0.169882 -0.157715 -0.074624 -0.041762 0.186285 -0.083789 -0.121248 0.045512 -0.015391 -0.122426 -0.373133 -0.131488 -0.291630 -0.374529 -0.280137 -0.386137 -0.144222 0.052328 -0.009864 -0.104886 -0.172509 0.062370 -0.242954 -0.238995 -0.313792 -0.117239 -0.268989 0.126567 0.221140 0.576562 0.058953 0.157237 0.161989 -0.112141 -0.049317 -0.155746 -0.306744 -0.109743 0.095114 0.299814 0.017624 0.205465 0.019048 0.253214 0.259837 0.167099 0.410899 0.165140 0.146754
-0.071418 -0.236644 0.774666 0.654393 0.566129 0.564191 0.719454 0.713923 0.320721 0.134177 0.218566 -0.281957 0.158948 -0.247137 0.424915 0.353652 -0.053192 -0.137473 0.104815 0.020307 -0.144418 0.041876 1.000000 0.758179 0.317075 0.336309 0.356908 0.553836 -0.183509 -0.043988 -0.063869 0.266322 -0.076198 0.056416 0.283806 -0.168692 -0.412479 0.128320 0.228583 0.157582 -0.187826 -0.093941 -0.481842 -0.395702 -0.438263 -0.347107 -0.417695 -0.281795 -0.443574 -0.476832 0.208487 -0.360066 -0.213941 -0.537741 0.037090 -0.006387 -0.428339 -0.295413 -0.389250 -0.507354 -0.056957 -0.314738 -0.192509 -0.427325 0.630987 0.085461 -0.390124 -0.093610 -0.143704 -0.097001 0.040742 -0.097444 0.044967 0.030950 0.061653 -0.263956 0.035646 -0.019331 -0.192599 -0.051840 -0.434634 -0.439566 -0.211794 -0.200761 0.504848 0.175566 0.402852 0.498264 0.170871 0.362555 -0.304905 -0.322743 0.065727 -0.105229 0.094317 -0.215947 -0.215338 -0.045557 -0.572850 -0.409011 -0.329348 -0.168247 -0.510097 -0.263385 -0.571750 -0.287499 -0.472854 -0.280385 -0.070637 0.294684 0.003090 -0.280054 -0.112374 -0.046807 -0.046944 -0.231875
0.040799 -0.054440 0.747284 0.811488 0.405646 0.548605 0.742261 0.771231 0.009005 -0.063358 0.113399 -0.234457 0.007992 -0.317457 0.129497 0.184788 -0.095760 -0.063920 0.392173 0.380512 -0.255548 -0.206590 0.758179 1.000000 0.482167 0.458188 0.457117 0.486062 -0.436576 -0.186854 -0.259113 0.154206 -0.188408 0.097102 0.140517 -0.133967 -0.429335 -0.040024 0.244639 0.420851 -0.142755 -0.193580 -0.716071 -0.622122 -0.597432 -0.423420 -0.610512 -0.417635 -0.529793 -0.598412 0.007663 -0.559739 -0.082936 -0.410500 -0.016250 -0.068762 -0.234126 -0.103889 -0.271090 -0.320982 -0.095360 -0.210089 -0.119801 -0.432684 0.523540 0.102006 -0.226497 0.144893 -0.000425 0.077386 -0.037338 -0.336589 -0.216881 -0.136022 -0.205247 -0.383956 -0.276648 -0.089414 -0.233708 -0.014390 -0.157142 -0.361441 0.134066 -0.020231 0.402963 0.200422 0.366572 0.456394 0.243155 0.379190 0.020462 0.034247 0.294030 0.054792 0.080957 -0.370805 -0.512969 -0.227907 -0.589599 -0.585050 -0.427448 -0.062468 -0.493327 -0.029098 -0.467071 -0.290087 -0.629919 -0.393621 -0.186405 0.076912 -0.328929 -0.410166 -0.273410 -0.303868 -0.070379 -0.258791
0.161219 0.096348 0.424474 0.410536 0.464462 0.488796 0.324398 0.290777 0.056776 -0.159604 -0.223745 -0.427642 -0.160884 -0.517817 0.180249 0.053946 -0.125507 -0.308801 0.255732 0.203981 0.003561 0.097487 0.317075 0.482167 1.000000 0.804844 0.848139 0.554543 -0.427725 -0.609125 -0.124248 0.067867 0.026722 0.090393 0.225576 0.101049 -0.053934 -0.229227 0.199781 0.430497 0.034685 -0.222846 -0.401503 -0.411636 -0.431910 -0.289716 -0.409700 -0.323744 -0.354422 -0.443630 -0.021939 -0.431205 0.058247 0.075774 0.088475 0.185783 -0.085852 -0.137654 -0.000514 -0.069381 0.030360 -0.208988 -0.214543 -0.451457 0.338996 0.132614 0.159231 0.244038 0.175848 0.170813 -0.190475 -0.326750 -0.415307 -0.409571 -0.296861 -0.260544 -0.451340 -0.289879 -0.087796 -0.249514 -0.177712 -0.399146 0.279931 0.052379 0.061115 0.183191 0.226429 0.104014 0.515139 0.336263 0.005603 0.105819 0.091771 0.114798 0.011121 -0.353447 -0.248763 -0.295771 -0.452896 -0.336698 -0.611831 0.005530 -0.234292 0.056394 -0.206818 -0.108378 -0.367563 -0.231374 -0.211463 -0.093146 -0.425017 -0.185390 -0.016112 -0.292178 0.026948 -0.246663
0.143041 -0.080200 0.288495 0.362587 0.420137 0.511577 0.216295 0.250055 0.098529 -0.023349 -0.235772 -0.268726 -0.136159 -0.344937 0.288423 0.100168 -0.194897 -0.215844 0.071492 -0.018240 0.307639 0.298798 0.336309 0.458188 0.804844 1.000000 0.692193 0.767237 -0.320846 -0.404590 0.097858 0.412754 0.053507 0.150978 0.220241 0.085312 0.165858 0.041186 0.501022 0.442905 0.274589 0.070396 -0.390042 -0.367672 -0.448690 -0.265642 -0.328264 -0.306766 -0.412440 -0.494295 0.005059 -0.466313 -0.075039 -0.154725 0.132208 0.093774 -0.076772 -0.238949 -0.043977 -0.181661 0.021296 -0.153291 -0.228960 -0.446496 0.411410 0.236720 0.019412 0.144341 -0.024219 -0.062777 -0.183932 -0.167608 -0.267039 -0.208732 -0.063147 -0.062173 -0.225983 -0.213650 -0.012077 -0.081485 -0.155398 -0.299372 0.251510 0.020946 0.329480 0.226101 0.282511 0.200549 0.574042 0.186930 -0.257058 -0.089280 0.005846 -0.119162 0.101884 -0.141221 -0.090821 -0.156306 -0.405434 -0.245191 -0.517638 -0.209610 -0.377240 -0.169456 -0.443096 -0.188837 -0.359239 -0.250977 -0.075902 0.092468 -0.219638 -0.040511 0.005338 -0.121703 0.088259 -0.194971
0.135723 0.130135 0.421094 0.345572 0.517071 0.643828 0.306027 0.238237 0.120425 -0.093195 -0.308141 -0.457290 -0.368787 -0.482570 0.268603 0.079620 -0.181283 -0.212381 0.351239 0.327494 -0.004893 0.083539 0.356908 0.457117 0.848139 0.692193 1.000000 0.604853 -0.423206 -0.539101 -0.263138 -0.002256 0.129051 0.179531 0.302214 0.126271 -0.047464 -0.149894 0.173202 0.443909 0.035033 -0.158859 -0.486667 -0.470240 -0.492841 -0.441842 -0.398569 -0.281890 -0.427483 -0.558688 -0.158015 -0.459645 0.075612 0.090088 0.041198 0.165691 -0.146144 -0.068858 0.028200 -0.092025 -0.018787 -0.116404 -0.229315 -0.402934 0.354343 0.098143 0.020050 0.109473 0.388573 0.287234 -0.211988 -0.371542 -0.360502 -0.335153 -0.203427 -0.239864 -0.407854 -0.313232 -0.068058 -0.161989 -0.140578 -0.347753 0.324225 0.040194 0.175312 0.116608 0.210124 0.090239 0.560447 0.322780 0.030735 0.076044 0.016237 -0.013174 0.109809 -0.240629 -0.148212 -0.243872 -0.337596 -0.221550 -0.654329 -0.058162 -0.404671 -0.088947 -0.246983 -0.169149 -0.489105 -0.210229 -0.109817 -0.118243 -0.497285 -0.131017 0.024618 -0.190652 0.038801 -0.243595
0.096068 -0.108787 0.381610 0.385371 0.566422 0.680014 0.243296 0.223378 0.256508 0.122491 -0.284641 -0.488414 -0.265080 -0.476459 0.392460 0.161016 -0.234366 -0.279985 0.137563 -0.024559 0.323551 0.357227 0.553836 0.486062 0.554543 0.767237 0.604853 1.000000 -0.316319 -0.336502 -0.047199 0.258699 -0.118326 -0.041523 0.396133 -0.138603 0.071481 0.289865 0.400312 0.280889 0.157711 0.216658 -0.399879 -0.408330 -0.552582 -0.361916 -0.364815 -0.352745 -0.499247 -0.620369 0.080101 -0.387923 -0.055095 -0.305783 0.156819 0.036632 -0.092852 -0.171980 -0.019388 -0.232349 0.027355 -0.062752 -0.279073 -0.412649 0.585309 0.206683 -0.105872 0.081497 0.058686 -0.067002 -0.140395 -0.132294 -0.202461 -0.127853 0.073453 -0.121291 -0.131013 -0.226727 0.026655 -0.100522 -0.329130 -0.393388 0.028427 -0.304846 0.592423 0.256449 0.329379 0.242459 0.603110 0.234143 -0.370131 -0.225203 0.023187 -0.124701 0.110536 -0.089116 -0.039490 -0.146333 -0.399414 -0.253129 -0.521736 -0.286198 -0.509523 -0.247493 -0.445023 -0.176022 -0.258149 -0.106217 -0.096346 0.107133 -0.179892 -0.135122 -0.046206 0.017160 0.016587 -0.188846
-0.039432 -0.313000 -0.219524 -0.387537 -0.188283 -0.318292 -0.262024 -0.152135 0.122202 0.013214 0.281133 0.419436 0.445566 0.450351 0.066964 -0.041586 0.482712 0.170467 -0.287048 -0.482796 0.051756 0.010475 -0.183509 -0.436576 -0.427725 -0.320846 -0.423206 -0.316319 1.000000 0.680963 0.414423 0.315511 0.178647 0.038280 0.129940 0.079047 0.340383 0.434333 -0.197946 -0.335131 -0.066838 0.191369 0.315318 0.353412 0.269842 0.160980 0.333958 0.270438 0.064926 0.302237 -0.004833 0.239150 -0.220523 -0.125888 -0.215187 -0.080302 0.078760 -0.192229 -0.224885 -0.284179 0.122862 -0.062541 0.279512 0.338788 -0.115332 0.156551 -0.270717 -0.441091 -0.435348 -0.502084 0.322713 0.431278 0.749035 0.585400 0.420222 0.501518 0.690869 0.438820 0.412723 0.434387 0.263479 0.493920 -0.234588 -0.037160 -0.046203 0.053112 -0.218504 -0.256435 -0.364599 -0.285816 -0.227390 -0.341099 -0.303563 -0.417718 -0.012688 0.365224 0.248995 0.333282 0.259522 0.316534 0.314611 -0.223871 0.005997 -0.427773 -0.162458 0.124530 0.185002 0.009808 0.206951 0.287804 0.359958 0.339592 0.149704 0.258816 0.204498 0.370694
-0.170512 -0.218644 -0.274641 -0.167005 -0.286861 -0.284093 -0.178247 -0.015345 0.019612 0.122355 0.220722 0.630384 0.215203 0.582743 0.060398 0.124946 0.395923 0.415150 -0.281659 -0.325639 0.026793 -0.128188 -0.043988 -0.186854 -0.609125 -0.404590 -0.539101 -0.336502 0.680963 1.000000 0.212044 0.231963 0.129454 0.082214 -0.119533 0.042692 0.106842 0.493239 0.030839 -0.117059 0.167690 0.317144 0.187427 0.332062 0.180203 0.119136 0.329640 0.444693 0.029596 0.244080 -0.065074 0.132282 -0.257961 -0.284345 -0.165587 -0.031967 -0.036414 -0.192091 -0.310898 -0.305593 -0.087870 -0.002464 0.294131 0.364415 -0.179344 0.048007 -0.479876 -0.471322 -0.405926 -0.529921 0.299185 0.446006 0.635005 0.760456 0.350553 0.399096 0.585708 0.570813 0.250369 0.623656 0.272048 0.507365 -0.193213 0.082868 0.080946 -0.033476 -0.161398 0.030869 -0.379902 -0.293935 -0.194142 -0.309403 -0.135023 -0.384527 -0.052082 0.191538 0.244066 0.304780 0.283699 0.239905 0.426533 -0.157566 -0.035222 -0.360113 -0.198084 -0.043630 0.095712 -0.021555 0.095780 0.301192 0.442048 0.258613 0.080618 0.095112 -0.035687 0.066580
-0.369303 -0.466433 -0.089170 -0.143454 0.125985 -0.128587 -0.132083 -0.032334 0.432846 0.374716 0.074111 0.032549 0.220349 0.021596 0.372229 0.228328 -0.034681 -0.203682 -0.439342 -0.516145 0.550452 0.441078 -0.063869 -0.259113 -0.124248 0.097858 -0.263138 -0.047199 0.414423 0.212044 1.000000 0.615871 -0.032032 -0.148274 -0.204402 0.075776 0.334142 0.126505 0.217493 -0.341120 0.275851 0.221665 0.361070 0.418367 0.367480 0.377802 0.238976 0.227979 0.247977 0.349319 0.193704 0.252269 -0.402491 -0.081534 -0.170106 -0.342996 -0.266063 -0.413738 -0.122641 -0.257259 -0.124335 -0.436942 -0.037622 -0.166352 0.081036 0.233926 -0.025289 0.024872 -0.509745 -0.399905 0.254787 0.419471 0.349669 0.211150 0.350206 0.218177 0.184803 0.046942 -0.089533 -0.183656 -0.250882 -0.110765 -0.205366 -0.005720 -0.000637 0.038393 0.054022 -0.024595 -0.134487 -0.380028 -0.295641 -0.201692 -0.213434 -0.283186 -0.214043 0.278699 0.308462 0.151727 0.103448 0.196166 0.260143 -0.153604 0.066723 -0.294970 -0.089232 0.004654 0.354344 -0.109643 0.205271 0.283351 0.494770 0.387543 0.117937 0.301412 -0.013267 0.097470
-0.327242 -0.538023 0.163477 0.078864 0.033628 0.039038 0.106329 0.261585 0.059515 -0.006450 0.082483 0.218013 0.223303 0.148681 0.183078 0.030837 0.084660 0.010532 -0.243161 -0.373395 0.361945 0.328024 0.266322 0.154206 0.067867 0.412754 -0.002256 0.258699 0.315511 0.231963 0.615871 1.000000 0.073502 0.137754 0.213518 0.232080 0.142509 0.103562 0.208990 0.010870 0.030286 0.137247 0.029201 0.149004 0.114504 0.172422 0.092361 0.038488 -0.061621 0.042580 0.077103 -0.072306 -0.332615 -0.401147 -0.107397 -0.219577 -0.222510 -0.399444 -0.382287 -0.498432 -0.240949 -0.413440 -0.189062 -0.253678 0.198298 0.332926 -0.265616 -0.037846 -0.478336 -0.478759 0.273481 0.249827 0.400108 0.288201 0.364854 0.266568 0.360252 0.203711 0.000792 0.188041 -0.112938 -0.057494 -0.046443 0.014538 0.279016 0.198112 0.117332 0.114067 0.008534 -0.245015 -0.322794 -0.378433 -0.149051 -0.459405 0.231909 0.263403 0.140824 0.155780 -0.091290 -0.005617 0.127035 -0.324435 -0.318939 -0.509193 -0.503015 0.101244 -0.080701 -0.236262 0.283969 0.334005 0.311905 0.167325 0.067826 0.353147 0.307745 0.247395
0.222595 0.187894 -0.020881 -0.185204 -0.075154 -0.112036 0.009166 -0.049224 -0.078605 -0.150326 0.039486 0.215996 -0.001018 0.098103 -0.086301 -0.157102 -0.004197 0.368786 0.116761 0.131615 -0.144217 -0.115146 -0.076198 -0.188408 0.026722 0.053507 0.129051 -0.118326 0.178647 0.129454 -0.032032 0.073502 1.000000 0.821992 0.210758 0.439612 0.013753 -0.016407 -0.044470 0.001933 -0.045996 0.122266 0.016650 0.066800 -0.014847 -0.134540 0.103006 0.108817 -0.024746 0.000293 -0.171232 -0.023499 -0.111126 0.241349 -0.014735 -0.044590 -0.157715 0.041336 -0.071371 0.000192 0.003683 0.077930 0.212971 0.274404 -0.074342 -0.002328 -0.092272 -0.227198 0.211708 0.079534 -0.082677 0.155436 0.168811 0.235665 0.201857 0.223499 0.268176 0.284351 -0.097958 0.260500 0.002620 0.213071 0.095657 0.062823 -0.219285 -0.397522 -0.111999 -0.105219 -0.192400 -0.122457 -0.070117 -0.043226 -0.299605 -0.058931 -0.209544 -0.032732 0.018679 -0.069057 -0.009072 -0.029740 -0.074274 -0.112031 -0.008425 -0.107022 -0.239298 -0.274524 -0.139705 -0.191813 -0.212092 -0.052983 0.040644 0.067298 -0.114497 -0.281393 -0.168801 -0.190023
0.223370 0.218272 0.109678 0.026066 -0.065503 -0.074536 0.174695 0.162686 -0.154253 -0.285548 0.156904 0.299951 0.104962 0.120872 -0.073910 -0.203279 -0.008348 0.432109 0.238300 0.347839 -0.242390 -0.211730 0.056416 0.097102 0.090393 0.150978 0.179531 -0.041523 0.038280 0.082214 -0.148274 0.137754 0.821992 1.000000 0.190493 0.445880 -0.018099 -0.091296 0.029155 0.159539 0.007575 0.019680 -0.237628 -0.169979 -0.167914 -0.205936 -0.062953 -0.037060 -0.152087 -0.172251 -0.192965 -0.228254 -0.055226 0.062305 -0.023363 -0.132508 -0.153628 0.097748 -0.127282 -0.085578 0.017323 0.119631 0.174160 0.183701 0.008637 0.055899 -0.125433 -0.124611 0.167996 0.119947 -0.088227 0.048534 0.105601 0.189701 0.130887 0.123873 0.191281 0.283726 -0.049765 0.355029 0.174555 0.225500 0.275430 0.180402 -0.038283 -0.355778 0.033705 0.014448 -0.188335 -0.118490 -0.045882 0.018670 -0.280718 -0.161039 -0.112609 -0.182902 -0.196547 -0.256937 -0.195559 -0.345432 -0.232711 -0.204438 -0.227202 -0.151807 -0.354834 -0.319651 -0.392750 -0.304548 -0.238240 -0.204839 -0.109877 -0.107448 -0.347720 -0.377797 -0.058556 -0.146265
0.111339 0.008902 0.274944 0.105054 0.117583 0.286330 0.175477 0.170118 -0.162035 -0.315400 -0.155394 -0.220309 -0.053190 -0.191826 -0.140104 -0.278340 0.094032 0.085214 0.148624 -0.062268 -0.187307 0.035679 0.283806 0.140517 0.225576 0.220241 0.302214 0.396133 0.129940 -0.119533 -0.204402 0.213518 0.210758 0.190493 1.000000 0.254822 -0.011157 0.191502 -0.217819 0.044499 -0.386731 -0.033537 -0.025882 -0.030068 -0.142392 -0.057515 0.055120 -0.000149 -0.261212 -0.166099 0.029805 0.033654 0.108419 -0.083643 0.116990 0.216269 -0.093401 -0.139163 -0.316586 -0.292539 0.035059 0.121103 -0.077565 0.036005 0.234977 0.351138 -0.192294 -0.031345 0.014252 -0.157704 -0.011983 -0.077027 0.191556 0.076165 0.205619 0.038502 0.314021 0.123857 0.037207 0.098758 -0.137933 -0.046834 -0.145519 -0.380547 0.224362 0.207998 -0.003508 -0.166428 0.070975 0.093140 -0.231451 -0.392959 -0.250506 -0.321591 0.192624 0.014397 0.022018 -0.000398 -0.142685 -0.044856 -0.328140 -0.266265 -0.463189 -0.369501 -0.409407 0.118893 -0.286451 -0.201683 -0.010494 0.157773 0.030023 -0.189211 -0.047078 -0.002921 0.273317 0.127708
-0.105202 -0.063281 -0.101691 -0.178145 -0.117112 -0.100463 -0.117270 -0.048978 -0.143142 -0.168626 -0.160034 0.103793 -0.007025 -0.036290 -0.058658 -0.113041 -0.007273 0.229551 -0.051268 -0.025609 -0.011323 0.050632 -0.168692 -0.133967 0.101049 0.085312 0.126271 -0.138603 0.079047 0.042692 0.075776 0.232080 0.439612 0.445880 0.254822 1.000000 0.107146 -0.121768 -0.018230 0.005734 -0.014377 0.077330 0.223122 0.333171 0.335241 0.289835 0.264372 0.376304 0.342203 0.315262 0.069717 0.158470 -0.108591 0.097430 -0.180430 -0.176853 -0.149041 -0.248080 -0.148664 -0.106073 -0.120619 -0.125091 0.104875 0.054071 -0.149820 0.128355 -0.034267 0.253041 0.015464 0.014345 0.031760 0.306848 -0.007336 0.056463 -0.035857 0.118092 -0.013448 0.277477 -0.231341 0.233234 0.052244 0.065704 0.158040 0.225736 -0.360355 -0.309343 -0.370639 -0.283736 -0.197630 -0.284500 0.113317 -0.082261 -0.206733 -0.203849 -0.228088 -0.256539 0.161933 -0.411955 0.043157 -0.144353 -0.002894 -0.059579 -0.018356 -0.172358 -0.145671 0.163304 -0.107770 -0.160323 -0.287166 -0.357207 0.032746 -0.172874 -0.269462 -0.170907 -0.053639 -0.149915
