1.000000 0.237160 0.305784 -0.001766 -0.033084 0.211075 0.282380 -0.205729 0.131359 -0.217088 0.515818 -0.195967 0.326656 -0.240175 0.282378 0.175277 0.269510 0.286277 0.361862 0.145274 -0.228329 -0.369163 0.282490 -0.037774 -0.123696 -0.245945 0.258412 0.280425 -0.410984 -0.273969 -0.374312 -0.402477 0.092412 -0.221702 -0.077319 0.167997 0.235108 -0.106918 0.535513 -0.184168 -0.054052 -0.170479 -0.366501 -0.193312 -0.268509 -0.352944 -0.379332 0.218105 0.107527 -0.181862 -0.009346 -0.196702 -0.138764 -0.218296 0.147478 -0.098695 0.731788 0.513701 0.066142 -0.356249 0.289820 -0.252783 0.248185 0.110689 0.299299 -0.161171 -0.326520 -0.242705 0.522182 0.377776 -0.279752 -0.190069 -0.137137 0.026311 -0.027273 0.215562 0.121273 0.254223 0.203038 0.368193 0.271110 0.364193 0.534310 -0.055377 0.239921 0.008613 0.369777 0.223733 0.415270 0.268115 -0.078694 -0.014695 -0.297713 -0.147252 -0.502439 -0.564617 -0.345208 -0.443081 -0.366656 -0.393470 -0.370542 -0.158217 -0.493505 -0.072426 -0.369773 -0.277455 -0.328144 0.028835 -0.600645 -0.239531 0.098781 -0.327797 -0.550495 -0.569807 -0.469821 -0.550331
0.237160 1.000000 0.030860 0.354260 0.033991 -0.028803 0.208115 0.357866 0.070831 0.244411 0.047402 0.224672 0.239815 0.293254 -0.240044 -0.015851 0.058234 -0.061526 0.254892 0.538287 -0.313500 0.121056 -0.200798 -0.077867 -0.289786 -0.182149 -0.131957 -0.182122 0.037021 -0.064372 -0.065894 -0.118601 0.281312 0.137078 -0.274342 -0.349704 -0.277904 -0.221716 -0.156122 0.214535 -0.138899 0.235587 0.069685 -0.118700 -0.016767 -0.233566 -0.093170 -0.366341 0.268964 0.112166 0.027908 0.369504 0.355734 0.231712 0.052837 -0.151067 0.149526 0.669571 0.161689 0.313049 0.063542 0.442396 -0.075318 0.213030 -0.261533 0.064445 -0.082686 -0.308461 0.110659 0.325921 -0.271798 -0.232444 0.011614 -0.119888 0.083916 0.059979 -0.293580 -0.419250 0.056539 -0.303154 -0.063175 -0.070226 -0.235377 0.105023 -0.211571 -0.181426 0.098917 0.181073 -0.116211 0.022447 0.319544 -0.074513 -0.121954 -0.134063 0.118893 0.135512 -0.065732 -0.103658 0.080594 -0.216760 0.236369 -0.021194 0.024205 -0.122232 0.096906 -0.337976 -0.025341 0.002687 0.150258 -0.005958 -0.543718 -0.155376 0.096083 -0.091297 0.213378 0.197507
0.305784 0.030860 1.000000 0.098927 -0.149590 -0.275544 0.622326 0.034281 -0.030120 -0.293649 0.129142 -0.249853 0.094575 -0.090262 0.064396 -0.105590 -0.044091 0.069157 0.098591 0.048035 -0.178143 -0.218547 0.008981 -0.204165 -0.051732 -0.204341 -0.128312 -0.095036 -0.109272 -0.061864 -0.242529 -0.361717 0.019524 -0.283556 -0.045713 -0.121039 0.151022 0.204843 0.448872 -0.069834 0.075799 -0.187711 -0.044588 -0.093472 0.224473 -0.008240 0.004325 0.187487 0.334332 0.113648 0.364870 0.060107 -0.121243 0.090402 0.022164 0.003912 0.279697 0.048027 -0.013273 -0.346980 0.044861 -0.267945 0.002316 -0.035700 0.222873 -0.232883 -0.121036 -0.006264 0.074514 0.142224 -0.173093 -0.327868 -0.028058 0.118027 0.006977 -0.033863 -0.038883 0.113351 -0.068786 -0.001470 0.050015 0.142311 0.066437 -0.218213 0.118553 -0.045067 0.236446 0.121269 0.056109 -0.158468 0.127425 0.183743 -0.115752 0.211795 -0.307542 -0.079504 0.121440 -0.021812 0.067366 -0.047335 -0.241843 0.123825 -0.226663 0.066737 -0.075183 -0.091415 -0.412453 0.040645 -0.193705 0.162512 0.113690 0.001598 -0.175911 -0.302125 -0.332637 -0.261588
-0.001766 0.354260 0.098927 1.000000 0.232044 0.323770 0.127858 0.631898 0.228469 0.289081 -0.297330 0.389004 -0.182255 0.330246 0.007836 0.257462 -0.350605 -0.254524 -0.014580 0.146521 -0.125017 0.323091 0.286174 0.363101 0.231136 0.301236 0.198781 0.156519 -0.350853 -0.316588 0.040951 0.054080 -0.143699 0.195518 -0.372922 -0.019200 -0.539789 -0.399339 -0.191973 0.063916 -0.357384 -0.011230 -0.015200 -0.031779 -0.030078 0.243696 -0.073990 -0.306638 0.109434 0.018289 0.146367 0.029639 -0.017264 -0.252342 -0.089838 -0.158651 -0.191776 -0.002325 0.029682 0.167984 -0.181959 0.317103 -0.377076 -0.276206 0.235039 0.652608 -0.093572 0.170886 -0.184668 -0.050864 -0.185244 -0.003142 -0.361481 -0.318893 -0.313558 -0.011524 -0.516836 -0.398595 -0.407017 -0.276789 -0.509846 -0.457811 -0.330127 0.052929 -0.208067 -0.115888 -0.072297 -0.267171 0.101166 0.187055 0.273033 -0.064104 0.467887 0.086837 0.181849 0.058767 0.069684 -0.132071 -0.003955 -0.215335 0.078952 -0.231802 0.024531 -0.101482 0.017906 -0.000602 0.092460 0.141842 0.043207 -0.254268 -0.171016 -0.240440 0.202142 0.142446 0.253508 0.253644
-0.033084 0.033991 -0.149590 0.232044 1.000000 0.280187 0.072970 0.170587 0.452515 0.339350 -0.279449 0.145430 -0.165722 -0.002121 0.233536 0.205669 -0.274076 -0.093696 0.061034 -0.102463 -0.042181 0.000041 0.239262 0.142318 0.161623 0.179944 0.211230 0.120033 -0.298823 -0.117523 0.082132 0.011810 -0.220171 0.025904 0.025010 0.281968 0.034554 -0.329609 0.029279 -0.300763 0.207810 -0.043749 -0.155655 -0.089337 -0.105521 -0.125440 -0.053490 -0.089550 -0.020951 0.096337 -0.206605 -0.013690 -0.055955 -0.095936 -0.065964 -0.199087 -0.245232 -0.083125 0.022188 0.198861 0.109572 0.321096 -0.149727 -0.007659 0.290995 0.272249 0.054121 0.105631 -0.079335 -0.106809 0.064663 0.220915 -0.186480 -0.184697 -0.169794 0.061720 -0.039159 0.062778 -0.404440 0.002384 -0.373601 -0.300898 0.069564 0.150985 -0.045851 -0.346267 -0.119741 -0.546372 0.110301 -0.088070 -0.049856 -0.018628 0.039503 -0.029413 0.064608 -0.231356 -0.168188 -0.168227 -0.032935 -0.195365 -0.137429 -0.155083 0.201094 -0.161014 -0.040973 0.069886 0.334530 0.402102 -0.138602 -0.322735 0.024995 0.054332 0.286923 -0.029121 0.143477 -0.019486
0.211075 -0.028803 -0.275544 0.323770 0.280187 1.000000 -0.210371 -0.041227 0.054816 -0.026272 -0.276123 -0.188091 -0.276363 -0.246228 0.221615 0.527261 -0.088198 -0.086003 -0.225621 -0.263473 0.340423 0.242528 0.296171 0.222631 0.530722 0.526840 0.740269 0.784683 -0.530638 -0.261292 -0.163494 -0.122299 -0.367584 -0.140503 -0.251020 0.276813 -0.092718 -0.277699 -0.018228 -0.016974 -0.158567 -0.061714 -0.170240 -0.101657 -0.116222 0.149123 -0.225767 -0.188563 0.034953 -0.132846 0.140967 -0.288560 -0.013748 -0.284530 -0.037748 0.018461 0.102689 0.199270 0.169668 0.031113 -0.061196 -0.076328 0.028662 -0.187965 0.409431 0.377254 -0.098392 0.091800 0.203186 -0.077386 -0.180817 0.148179 -0.274913 -0.167233 -0.369907 -0.092280 -0.054071 -0.089134 -0.022784 0.167019 -0.154625 -0.088790 0.176173 -0.035254 -0.088663 0.148414 0.146602 -0.171929 0.457061 0.443487 -0.061855 -0.085504 0.157930 -0.140715 -0.030020 -0.261699 -0.125925 -0.102621 -0.255600 -0.133347 -0.222844 -0.291087 0.019046 -0.057459 -0.135390 0.171782 0.299662 0.251439 -0.258801 -0.438670 0.088763 -0.217995 -0.080387 0.022835 0.079597 -0.057204
0.282380 0.208115 0.622326 0.127858 0.072970 -0.210371 1.000000 0.282528 0.187285 0.089209 0.078369 0.156876 0.273486 -0.026635 0.066835 0.036408 -0.199571 -0.033672 0.250767 0.197830 -0.295088 -0.283468 0.184721 0.033217 -0.164452 -0.208762 -0.193151 -0.194060 -0.056862 0.021822 -0.026836 -0.114544 0.232228 -0.071917 0.051994 -0.094955 0.004712 0.066848 0.237879 -0.153459 0.133855 -0.062093 0.141298 0.078151 0.100924 -0.165214 -0.035560 -0.032450 0.220982 -0.037937 0.083421 -0.037717 -0.123578 0.065913 -0.019563 -0.086750 0.070917 0.158014 -0.121486 -0.320758 0.022048 -0.105948 -0.113600 -0.271786 0.290497 -0.131681 -0.283883 -0.100750 -0.181721 -0.011200 -0.026191 -0.207805 0.059312 0.107476 0.146618 0.086930 -0.005106 0.056705 -0.193387 -0.032517 -0.120059 -0.126682 -0.118896 -0.209814 -0.047858 -0.136295 0.266474 0.099232 0.038460 -0.006011 0.132777 0.039022 -0.013151 0.177503 -0.101789 -0.025494 -0.122770 -0.026444 -0.015138 -0.239033 -0.193001 -0.018190 -0.323775 -0.216175 -0.232263 -0.205874 -0.257416 0.051236 -0.092983 0.133904 -0.083685 0.079346 0.038485 -0.219900 -0.033315 -0.127329
-0.205729 0.357866 0.034281 0.631898 0.170587 -0.041227 0.282528 1.000000 0.192112 0.686614 -0.414919 0.595021 -0.171469 0.687231 -0.389488 -0.089732 -0.059915 -0.036568 -0.187214 -0.032383 -0.396164 -0.069141 -0.125401 -0.024894 -0.194874 -0.176753 -0.327411 -0.327155 -0.103575 -0.035614 0.018220 -0.045031 0.036784 0.121311 -0.141053 0.027122 -0.366018 -0.134969 -0.240082 -0.103411 -0.162811 -0.029422 0.052411 0.047153 0.184417 0.278124 -0.013403 -0.139080 0.195776 0.358840 -0.094268 0.309137 -0.037300 -0.047359 -0.149042 -0.262680 -0.193369 -0.050819 0.045793 0.297967 -0.014407 0.488025 -0.210373 -0.067543 -0.109825 0.510419 -0.012008 0.172138 -0.309185 0.015561 0.020012 0.161709 -0.333242 0.061783 -0.091057 0.068040 -0.246877 -0.076654 -0.388823 -0.137502 -0.302858 -0.290502 -0.549650 -0.167075 -0.514879 -0.474474 -0.426352 -0.379766 -0.433387 -0.167305 0.272334 -0.201889 0.278037 -0.004463 -0.053178 0.038032 -0.093028 0.046366 0.110510 -0.264056 0.155739 -0.118884 -0.045435 -0.009336 0.090083 0.263022 -0.008618 0.176121 -0.017632 0.022872 -0.214831 -0.160318 0.172335 0.098397 0.151450 0.146362
0.131359 0.070831 -0.030120 0.228469 0.452515 0.054816 0.187285 0.192112 1.000000 0.254267 -0.013437 0.286398 0.194638 0.109652 0.357091 0.067076 0.060240 0.048267 0.078400 -0.030424 -0.286471 -0.274716 0.451328 0.352943 0.169375 0.008854 0.072964 0.066153 -0.086624 0.019775 0.131859 0.033245 -0.052235 -0.228215 -0.024908 -0.036661 -0.065194 -0.016301 0.320066 -0.135710 0.164648 -0.005598 -0.033561 0.089231 -0.323158 -0.341873 0.149990 -0.028810 -0.050972 -0.052788 -0.140082 0.075440 -0.314863 -0.004466 0.248967 0.226071 -0.064666 -0.112370 -0.339083 -0.154882 -0.081844 -0.085111 -0.238573 -0.171102 0.244447 0.146490 -0.253023 -0.342383 -0.289225 -0.222002 0.404894 0.181335 0.082756 0.126370 0.141864 0.252419 0.181722 0.160246 -0.240248 0.178181 -0.205164 -0.092195 0.092206 -0.202483 -0.058406 -0.243205 0.030307 -0.290391 0.215732 0.114242 -0.155619 -0.098657 -0.030687 0.035227 -0.027947 -0.053680 0.067600 0.140198 -0.001638 0.032223 -0.064437 -0.305997 -0.070637 -0.301953 -0.092943 0.001337 0.079013 0.179535 -0.065799 0.059720 0.018388 0.257504 0.270509 0.171339 0.128853 0.046428
-0.217088 0.244411 -0.293649 0.289081 0.339350 -0.026272 0.089209 0.686614 0.254267 1.000000 -0.210793 0.642642 -0.141125 0.450878 -0.248472 0.032111 -0.005779 0.132732 0.032042 -0.015122 -0.287839 -0.117055 -0.051597 -0.062783 -0.227529 -0.186683 -0.342558 -0.396010 0.202445 0.316631 0.274875 0.273542 0.080704 0.301573 0.080769 0.128274 -0.163493 -0.136078 -0.337287 -0.052780 0.024807 0.178680 -0.134071 -0.204507 0.036222 -0.000224 -0.130532 -0.275556 -0.054435 0.261375 -0.437489 0.036840 -0.121931 -0.139020 -0.291686 -0.484655 -0.259044 -0.114197 0.118598 0.332125 0.124286 0.610581 -0.083462 0.108298 -0.070478 0.324123 0.020621 0.061183 -0.269528 -0.121315 0.016152 0.331664 -0.049117 0.171831 0.151952 -0.028505 0.040574 0.008635 -0.221661 -0.032583 -0.128664 -0.170059 -0.324750 0.222122 -0.317796 -0.522120 -0.466772 -0.369588 -0.406111 -0.283004 0.070673 -0.357792 0.119692 -0.144527 0.059740 0.010155 -0.224309 -0.089243 -0.009316 -0.245464 0.273217 -0.103678 0.091822 -0.128829 0.093648 0.101528 0.200689 0.072142 -0.022963 -0.045142 -0.279173 -0.173176 0.168011 0.158288 0.153502 0.157608
0.515818 0.047402 0.129142 -0.297330 -0.279449 -0.276123 0.078369 -0.414919 -0.013437 -0.210793 1.000000 0.009825 0.591886 -0.165314 0.133648 -0.047215 0.455104 0.506931 0.473241 0.310080 -0.039522 -0.176314 0.172003 -0.026103 -0.199105 -0.331197 -0.037870 -0.108505 0.192756 0.181225 0.003402 0.052237 0.325373 -0.047186 0.195714 -0.167514 0.303168 0.244309 0.246315 0.089902 -0.071460 0.152867 -0.104690 -0.183529 -0.231705 -0.487209 -0.262988 0.114716 -0.199041 -0.351081 -0.160310 -0.283830 -0.111901 -0.165540 0.047782 -0.086909 0.281024 0.208485 -0.198986 -0.425251 0.161556 -0.224430 0.402085 0.298212 0.070107 -0.492483 -0.279233 -0.426652 0.196434 0.154384 -0.019020 -0.039123 0.413486 0.285249 0.478634 0.230785 0.404498 0.211143 0.447238 0.226479 0.520466 0.466382 0.371725 0.122810 0.496273 0.084596 0.272553 0.374533 0.163303 0.050721 -0.206919 -0.080301 -0.225395 -0.081773 -0.241217 -0.106178 -0.139756 -0.141043 -0.191928 -0.076053 0.074727 -0.070171 -0.287791 -0.142377 -0.204556 -0.416764 -0.313992 -0.388144 -0.195919 0.135261 0.003262 -0.083549 -0.382656 -0.219076 -0.261608 -0.275424
-0.195967 0.224672 -0.249853 0.389004 0.145430 -0.188091 0.156876 0.595021 0.286398 0.642642 0.009825 1.000000 0.015511 0.560093 -0.169117 -0.000285 0.013114 0.155735 0.097690 0.136078 -0.339950 -0.060467 0.113433 0.243338 -0.260041 -0.171327 -0.388308 -0.392299 0.125145 0.196556 0.222090 0.377417 0.282445 0.424656 0.165047 0.086822 -0.325380 -0.141794 -0.362047 -0.089207 -0.173755 0.196812 0.207198 0.266351 -0.102200 0.011642 0.185030 -0.037047 -0.218910 0.075539 -0.377744 -0.032210 -0.208174 -0.063490 -0.209452 -0.194966 -0.297829 -0.105226 -0.246926 0.047460 -0.158617 0.352735 -0.218360 -0.083828 0.104565 0.361033 -0.210690 0.018442 -0.380291 -0.154985 0.006377 0.070783 -0.049962 -0.016335 0.109728 0.105512 -0.056691 -0.065284 -0.216374 0.005470 -0.165622 -0.189876 -0.370976 0.101719 -0.097465 -0.234917 -0.303019 -0.217286 -0.265531 -0.067394 -0.035147 -0.402942 0.198475 -0.146797 0.152235 0.062476 -0.079863 -0.044237 -0.062746 -0.273225 0.385752 -0.282612 -0.056627 -0.281824 -0.054312 -0.049204 0.063568 0.053675 0.066675 -0.023939 -0.177345 -0.050535 0.201731 0.062246 0.141477 0.198758
0.326656 0.239815 0.094575 -0.182255 -0.165722 -0.276363 0.273486 -0.171469 0.194638 -0.141125 0.591886 0.015511 1.000000 0.071351 0.266186 0.096746 0.268018 0.227805 0.398187 0.320855 -0.187999 -0.017263 0.125659 -0.008404 -0.295000 -0.329113 0.063520 -0.095784 0.258231 0.093520 0.054620 -0.080812 0.141680 -0.112295 -0.136486 -0.496384 0.148552 0.197419 0.195397 0.168306 0.077894 0.298502 0.115787 -0.105401 -0.332347 -0.587841 -0.096628 -0.163541 0.061359 -0.281720 0.071703 -0.046784 0.273982 0.132661 0.331112 0.128637 0.041497 0.257791 -0.117904 -0.276151 0.258881 -0.136113 0.149998 0.054928 0.120496 -0.348475 -0.267529 -0.642599 0.068414 0.111430 0.092238 -0.120750 0.525551 0.271422 0.567160 0.325986 0.188751 -0.105431 0.269733 -0.120988 0.162872 0.179830 0.255293 0.031159 0.172042 -0.031073 0.279701 0.271833 0.066401 0.033702 0.092678 0.155509 -0.178892 0.123620 0.101980 0.159737 -0.000081 -0.038186 0.029762 -0.050996 -0.038593 -0.048294 -0.186729 -0.169791 -0.043017 -0.328832 -0.100549 -0.265817 0.072642 0.239493 -0.258314 0.059474 -0.047654 -0.028949 0.079658 0.074039
-0.240175 0.293254 -0.090262 0.330246 -0.002121 -0.246228 -0.026635 0.687231 0.109652 0.450878 -0.165314 0.560093 0.071351 1.000000 -0.268963 -0.018566 0.241587 0.224125 -0.260078 -0.059068 -0.266509 0.046193 -0.268313 -0.069274 -0.273977 -0.257759 -0.286287 -0.327062 0.105268 0.131331 -0.073114 -0.064097 0.036454 0.037599 -0.067430 -0.091414 -0.224724 0.093572 -0.220761 0.000762 -0.126534 0.092763 0.303829 0.246385 0.107275 0.071323 0.183056 0.008831 0.266822 0.369251 -0.009826 0.443375 0.082310 0.150427 -0.088255 -0.037944 -0.182227 -0.024056 -0.119247 0.199414 -0.013996 0.418986 -0.146703 0.059543 -0.184114 0.382743 -0.135639 -0.121330 -0.221546 0.025659 -0.026166 0.106376 -0.234002 0.186701 0.055883 0.148033 -0.066922 -0.015474 -0.091612 -0.061831 -0.100409 0.023648 -0.381309 0.039646 -0.379112 -0.350986 -0.431280 -0.279857 -0.439749 -0.218772 0.190022 -0.242801 0.116933 -0.091852 -0.043028 0.097161 0.002286 0.137692 0.141391 -0.164019 0.319743 -0.186424 0.001775 -0.086145 0.164304 0.134280 -0.121854 -0.032062 0.064292 0.143154 -0.189060 -0.104499 0.152472 0.085462 0.055724 0.130239
0.282378 -0.240044 0.064396 0.007836 0.233536 0.221615 0.066835 -0.389488 0.357091 -0.248472 0.133648 -0.169117 0.266186 -0.268963 1.000000 0.637976 -0.235044 -0.026673 0.208240 -0.004813 0.142131 0.126570 0.647445 0.383261 0.296218 0.252599 0.590992 0.492249 -0.045358 -0.114065 0.041078 0.045387 -0.222997 0.034419 -0.236879 0.072041 0.090398 -0.283164 0.390791 -0.145333 0.288419 0.039766 0.010017 0.071883 -0.455828 -0.410654 -0.040040 -0.030901 -0.076208 -0.272630 0.106088 -0.329691 -0.128232 -0.232322 0.277705 0.084386 -0.025533 -0.108506 -0.269199 -0.431096 -0.055843 -0.408129 -0.222375 -0.382504 0.604974 -0.045809 -0.360313 -0.294930 0.103895 -0.169370 0.021814 -0.046872 0.122226 -0.048765 0.066783 0.228838 0.108235 0.016403 0.004616 0.118125 -0.167931 -0.077275 0.678220 0.321193 0.488585 0.325558 0.410810 0.097547 0.600497 0.274901 -0.106497 0.137282 -0.038902 0.203306 0.182018 -0.256453 -0.121894 -0.282823 -0.197926 -0.125123 -0.337910 -0.114676 -0.085952 -0.322911 -0.250857 -0.256932 0.167310 0.193177 -0.145107 -0.403580 0.090686 -0.111659 0.004938 0.004152 0.022489 -0.022578
0.175277 -0.015851 -0.105590 0.257462 0.205669 0.527261 0.036408 -0.089732 0.067076 0.032111 -0.047215 -0.000285 0.096746 -0.018566 0.637976 1.000000 -0.278995 -0.043949 -0.029303 -0.131646 0.271271 0.377965 0.464053 0.247335 0.359417 0.439351 0.624488 0.574100 -0.196929 -0.139796 0.039091 0.016071 -0.347559 0.077947 -0.324951 0.119992 -0.049907 -0.362862 0.032585 -0.051505 0.224701 0.188748 0.098032 -0.011748 -0.244616 -0.151446 -0.170731 -0.294481 0.110872 -0.178348 0.201064 -0.348993 0.016460 -0.244261 0.084118 -0.084823 -0.109437 0.021607 -0.037214 -0.228558 -0.084760 -0.133335 -0.202976 -0.412654 0.521985 0.227773 -0.262099 -0.177084 0.058752 -0.213377 -0.200317 -0.051630 -0.021328 -0.112281 -0.048110 0.080086 -0.024053 -0.233609 0.022612 -0.017321 -0.226757 -0.106690 0.299446 0.384217 0.160434 0.274891 0.284257 0.110729 0.399111 0.350792 0.125328 -0.006640 0.245520 0.139106 0.305644 -0.177052 -0.190918 -0.229461 -0.153659 -0.259283 -0.111529 -0.126241 -0.000940 -0.390944 -0.228459 -0.254165 0.362201 0.226452 -0.043496 -0.461116 -0.052580 -0.315072 0.078893 0.050564 0.178386 0.058809
0.269510 0.058234 -0.044091 -0.350605 -0.274076 -0.088198 -0.199571 -0.059915 0.060240 -0.005779 0.455104 0.013114 0.268018 0.241587 -0.235044 -0.278995 1.000000 0.632952 -0.087620 -0.132651 -0.146122 -0.387778 -0.166716 -0.194851 -0.200997 -0.417246 -0.177291 -0.121742 0.142998 0.288840 -0.283905 -0.216670 0.197859 -0.331649 0.220129 -0.058426 0.227807 0.414983 0.185934 0.114981 -0.056870 0.070335 -0.093177 -0.081643 -0.089054 -0.253437 0.015846 0.292210 -0.061627 0.047585 -0.200146 0.054465 -0.132173 0.076411 0.017267 0.208387 0.507750 0.255073 -0.086186 -0.179794 0.195118 -0.091299 0.537320 0.510414 -0.131170 -0.298767 -0.124020 -0.392286 0.201010 0.158650 0.071026 0.237597 0.240759 0.475151 0.340497 0.190556 0.464176 0.375849 0.540585 0.409284 0.681774 0.725037 0.134353 -0.221965 -0.036325 -0.263686 -0.098687 0.021063 -0.192236 -0.150076 -0.232060 -0.255260 -0.354332 -0.366090 -0.495423 -0.152508 -0.093825 0.124241 -0.110471 0.078948 0.174267 -0.142097 -0.278384 0.103547 0.031831 0.125556 -0.326280 -0.271113 -0.289595 0.253480 0.029257 0.034576 -0.438982 -0.191503 -0.311434 -0.298586
0.286277 -0.061526 0.069157 -0.254524 -0.093696 -0.086003 -0.033672 -0.036568 0.048267 0.132732 0.506931 0.155735 0.227805 0.224125 -0.026673 -0.043949 0.632952 1.000000 -0.004462 -0.101152 0.088274 -0.292518 -0.071105 -0.250559 -0.077460 -0.268758 -0.109000 -0.064072 0.131203 0.555548 -0.241260 -0.177832 0.151059 -0.070556 0.310457 0.282879 0.384877 0.204433 0.133407 -0.224861 0.123423 0.193132 -0.127341 0.008656 -0.162500 -0.323676 -0.046966 0.292277 -0.007547 0.047055 -0.273615 -0.069788 -0.182477 -0.151179 -0.257490 -0.189922 0.243583 0.068397 -0.175793 -0.301835 0.146455 0.051753 0.388089 0.438462 0.093166 -0.096892 -0.372497 -0.316524 0.177795 0.031448 -0.212716 0.103558 0.145979 0.569708 0.441525 0.289583 0.660906 0.524487 0.455246 0.632481 0.567943 0.663645 0.267247 0.157805 0.154284 -0.201871 -0.048570 -0.094769 -0.075873 -0.043526 -0.285516 -0.380149 -0.282104 -0.278911 -0.494690 -0.453800 -0.311790 -0.080359 -0.245332 -0.247419 0.110180 -0.159344 -0.176343 -0.195569 -0.301249 -0.145479 -0.117572 -0.069840 -0.560341 -0.092311 0.140288 -0.122642 -0.339419 -0.132125 -0.384135 -0.500319
0.361862 0.254892 0.098591 -0.014580 0.061034 -0.225621 0.250767 -0.187214 0.078400 0.032042 0.473241 0.097690 0.398187 -0.260078 0.208240 -0.029303 -0.087620 -0.004462 1.000000 0.724800 -0.154009 -0.050479 0.340303 0.212456 -0.197914 -0.207352 -0.011080 -0.128933 0.245620 0.077998 0.363828 0.276251 0.466627 0.328348 0.027903 -0.224968 0.097174 -0.115446 0.196599 0.081495 0.072702 0.218113 -0.124761 -0.232253 -0.229702 -0.534546 -0.341725 -0.071770 -0.145230 -0.276778 -0.392241 -0.359071 0.009892 0.025275 -0.017868 -0.327590 0.081786 0.250445 -0.149515 -0.178156 0.062273 -0.058619 0.004807 -0.015564 0.087244 -0.400641 -0.315284 -0.384512 0.223493 0.256332 -0.118557 -0.245763 0.260820 -0.020200 0.267897 0.125729 -0.015679 -0.077730 0.224631 -0.070837 0.110185 -0.063984 0.357003 0.337101 0.255519 -0.236940 0.264994 0.167634 0.173901 -0.032553 0.041528 0.107847 -0.278068 -0.024878 0.106207 -0.029440 -0.251405 -0.334349 -0.166022 -0.181682 -0.128935 0.032735 -0.091562 -0.094000 -0.096901 -0.461314 -0.064987 -0.063082 0.017724 -0.057063 -0.215436 -0.003955 -0.097706 -0.259706 -0.000313 0.013499
0.145274 0.538287 0.048035 0.146521 -0.102463 -0.263473 0.197830 -0.032383 -0.030424 -0.015122 0.310080 0.136078 0.320855 -0.059068 -0.004813 -0.131646 -0.132651 -0.101152 0.724800 1.000000 0.002302 0.248042 0.178917 0.288964 -0.115191 -0.068125 -0.033599 -0.130575 0.269730 0.064089 0.296335 0.314970 0.521326 0.419297 -0.028659 -0.417734 -0.108933 -0.126713 0.039033 0.420285 -0.118857 0.358964 0.180479 -0.015619 -0.143184 -0.440703 -0.092412 -0.168711 -0.059944 -0.281594 -0.146875 -0.106348 0.097238 0.076265 0.009777 -0.128720 -0.077718 0.396638 -0.263173 -0.062980 -0.199804 0.054068 -0.240233 -0.104824 -0.138882 -0.310671 -0.308819 -0.400156 0.059273 0.244606 -0.138315 -0.275401 0.145206 -0.109858 0.306100 0.127914 -0.201797 -0.298306 0.292175 -0.291667 0.012747 -0.184381 0.076592 0.303709 0.153970 -0.074258 0.318761 0.340041 0.091024 0.028896 0.102253 0.030049 -0.233028 -0.078720 0.282628 0.242562 0.052803 -0.058818 -0.049437 -0.147202 0.057918 -0.001091 -0.021281 -0.135192 0.043295 -0.466296 -0.045326 -0.125031 0.260719 0.074723 -0.307155 0.022449 0.056087 -0.090486 0.215708 0.237322
-0.228329 -0.313500 -0.178143 -0.125017 -0.042181 0.340423 -0.295088 -0.396164 -0.286471 -0.287839 -0.039522 -0.339950 -0.187999 -0.266509 0.142131 0.271271 -0.146122 0.088274 -0.154009 0.002302 1.000000 0.466028 0.046385 0.080867 0.510869 0.556761 0.454502 0.493968 -0.013571 0.143297 0.149967 0.110749 -0.202489 0.048164 -0.018204 0.046791 0.240326 -0.015449 -0.081245 0.132261 0.094134 0.244301 0.145683 0.025369 0.077075 0.023215 0.000384 -0.081442 0.025438 -0.199446 0.225121 -0.232462 -0.078067 -0.177378 -0.287178 -0.019045 -0.324810 -0.149159 -0.094854 -0.089704 -0.354378 -0.213209 -0.177550 -0.246570 0.130458 -0.026474 0.017657 0.017637 -0.015212 -0.322018 -0.029164 0.033302 -0.011169 0.086819 0.017935 0.124049 0.268746 0.043098 0.355553 -0.015892 0.077615 -0.005995 0.221801 0.321762 0.135974 0.214070 0.123357 0.033473 0.211331 0.057255 -0.092456 0.144740 0.103076 0.107750 0.227383 0.007450 0.111703 0.187522 0.004125 0.242828 0.089301 0.130499 0.358903 -0.165924 -0.039184 -0.122207 0.412318 0.037241 0.054585 -0.169024 0.247385 0.068485 0.202671 0.184574 0.154004 0.095241
-0.369163 0.121056 -0.218547 0.323091 0.000041 0.242528 -0.283468 -0.069141 -0.274716 -0.117055 -0.176314 -0.060467 -0.017263 0.046193 0.126570 0.377965 -0.387778 -0.292518 -0.050479 0.248042 0.466028 1.000000 -0.031001 0.120908 0.268031 0.443974 0.377664 0.262836 0.028045 -0.134433 0.117357 0.155152 -0.208150 0.216845 -0.370962 -0.381929 -0.278851 -0.159313 -0.405380 0.452899 -0.119675 0.268909 0.254694 -0.048621 0.065697 0.161279 0.029697 -0.514443 0.115293 -0.026968 0.393015 0.001911 0.389752 0.000795 -0.166444 0.018063 -0.508872 0.060941 0.023603 0.216529 -0.274104 0.210340 -0.397063 -0.244003 0.054250 0.242017 0.062521 -0.002059 -0.043927 -0.065278 -0.133206 -0.164099 0.054701 -0.357127 -0.127497 -0.187773 -0.356436 -0.614755 0.056066 -0.561881 -0.303866 -0.426854 -0.113878 0.329328 0.073376 0.304203 0.107815 -0.008294 0.148378 0.169976 0.240797 0.152590 0.355706 0.186215 0.613203 0.414693 0.359157 0.103005 0.159739 0.110587 0.250983 -0.020648 0.463349 0.002833 0.381728 -0.020559 0.352927 0.021108 0.462146 -0.103628 -0.279054 -0.140272 0.356961 0.447972 0.547692 0.582729
0.282490 -0.200798 0.008981 0.286174 0.239262 0.296171 0.184721 -0.125401 0.451328 -0.051597 0.172003 0.113433 0.125659 -0.268313 0.647445 0.464053 -0.166716 -0.071105 0.340303 0.178917 0.046385 -0.031001 1.000000 0.808702 0.542994 0.433282 0.471094 0.430010 -0.086697 -0.065120 0.337142 0.445409 -0.023480 0.209493 0.114908 0.225595 -0.050704 -0.240895 0.321209 -0.001579 0.006863 0.124056 0.045629 0.171533 -0.544778 -0.363703 -0.017426 0.016036 -0.408229 -0.588813 -0.192772 -0.638592 -0.400394 -0.369706 0.215366 0.083109 -0.016391 -0.183198 -0.486238 -0.583603 -0.209643 -0.434645 -0.191661 -0.493485 0.601935 -0.016117 -0.533865 -0.275218 -0.184751 -0.393746 0.131133 0.238402 0.089709 -0.037340 0.160978 0.319404 0.115270 0.097891 -0.007268 0.214866 -0.219623 -0.187182 0.338786 0.133754 0.317818 0.137705 0.421630 0.034760 0.605812 0.379131 -0.282093 -0.163294 0.013579 -0.086663 0.140193 -0.215772 -0.124335 -0.212504 -0.398091 -0.233320 -0.351961 -0.407634 -0.402982 -0.471511 -0.477582 -0.224815 0.149764 0.109265 -0.187390 -0.352406 0.168952 -0.081185 -0.094737 -0.097299 0.012024 -0.132943
-0.037774 -0.077867 -0.204165 0.363101 0.142318 0.222631 0.033217 -0.024894 0.352943 -0.062783 -0.026103 0.243338 -0.008404 -0.069274 0.383261 0.247335 -0.194851 -0.250559 0.212456 0.288964 0.080867 0.120908 0.808702 1.000000 0.554481 0.551054 0.345996 0.318310 0.012734 -0.044167 0.397464 0.627478 0.123752 0.376172 0.149551 0.106026 -0.296939 -0.200682 0.074925 0.175164 -0.188934 0.210270 0.283953 0.399481 -0.437291 -0.196162 0.159796 -0.054885 -0.442454 -0.587034 -0.207521 -0.478267 -0.311838 -0.210345 0.213045 0.303962 -0.178082 -0.220724 -0.600935 -0.411790 -0.411105 -0.311876 -0.306707 -0.547832 0.357722 0.085300 -0.493209 -0.186002 -0.407268 -0.503821 0.225666 0.354068 0.013157 -0.163717 0.119481 0.282669 -0.063593 -0.038495 -0.020329 0.039092 -0.328789 -0.351110 0.013448 0.063840 0.183938 0.229362 0.370890 0.027752 0.495704 0.418747 -0.301904 -0.278582 0.052236 -0.208314 0.321333 0.049285 0.026567 0.002950 -0.354661 -0.084838 -0.213772 -0.450186 -0.286604 -0.408159 -0.320920 -0.147644 0.107383 -0.043750 0.094509 -0.238727 0.053404 0.030844 0.085683 0.084494 0.243186 0.111903
-0.123696 -0.289786 -0.051732 0.231136 0.161623 0.530722 -0.164452 -0.194874 0.169375 -0.227529 -0.199105 -0.260041 -0.295000 -0.273977 0.296218 0.359417 -0.200997 -0.077460 -0.197914 -0.115191 0.510869 0.268031 0.542994 0.554481 1.000000 0.854759 0.623412 0.628843 -0.172073 0.000343 0.290879 0.297109 -0.414885 -0.029778 -0.020905 0.265860 -0.103427 -0.167223 0.031836 0.066241 -0.092016 0.097855 0.123259 0.200096 -0.123012 0.115454 0.121332 -0.116229 -0.060375 -0.313326 0.156952 -0.294494 -0.135091 -0.123605 0.020653 0.181103 -0.248110 -0.262596 -0.275800 -0.256981 -0.391281 -0.347341 -0.211634 -0.426427 0.324698 0.197633 -0.305785 -0.031728 -0.252690 -0.538558 0.167722 0.302953 -0.051611 -0.116635 -0.065914 0.161221 0.099183 0.029741 0.027497 0.133342 -0.253769 -0.165591 0.016994 -0.017098 0.052366 0.199215 0.383517 -0.056026 0.547568 0.454168 -0.095239 -0.039769 0.139125 0.001421 0.147064 -0.084299 0.020408 0.089328 -0.142866 0.043193 -0.227629 -0.211401 0.067671 -0.231633 -0.281324 -0.022961 0.335832 0.190323 -0.043158 -0.336658 0.154731 -0.000641 0.072550 0.229301 0.083151 -0.081353
-0.245945 -0.182149 -0.204341 0.301236 0.179944 0.526840 -0.208762 -0.176753 0.008854 -0.186683 -0.331197 -0.171327 -0.329113 -0.257759 0.252599 0.439351 -0.417246 -0.268758 -0.207352 -0.068125 0.556761 0.443974 0.433282 0.551054 0.854759 1.000000 0.562347 0.595651 -0.191403 -0.044309 0.325906 0.354174 -0.339269 0.213281 -0.063892 0.246787 -0.222735 -0.274763 -0.207356 0.073853 -0.094043 0.227988 0.171857 0.219237 -0.073512 0.236486 0.100691 -0.277196 -0.074670 -0.314696 0.145129 -0.262681 -0.012193 -0.121495 -0.030799 0.163674 -0.384244 -0.241696 -0.184678 -0.106790 -0.521310 -0.180252 -0.408136 -0.527440 0.228856 0.368493 -0.181404 0.119280 -0.309235 -0.581758 0.049894 0.250895 -0.061348 -0.299242 -0.196427 0.105501 -0.061309 -0.173396 -0.043399 -0.025378 -0.428771 -0.325089 -0.120914 0.100644 -0.021495 0.308749 0.344705 -0.050354 0.402771 0.420134 0.022989 -0.023457 0.347762 0.014429 0.422356 0.046768 0.068760 0.085677 -0.059379 0.079639 -0.114279 -0.115047 0.213634 -0.315023 -0.217320 -0.061366 0.459400 0.108565 0.158615 -0.411399 0.055218 0.023360 0.334217 0.348044 0.266497 0.072981
0.258412 -0.131957 -0.128312 0.198781 0.211230 0.740269 -0.193151 -0.327411 0.072964 -0.342558 -0.037870 -0.388308 0.063520 -0.286287 0.590992 0.624488 -0.177291 -0.109000 -0.011080 -0.033599 0.454502 0.377664 0.471094 0.345996 0.623412 0.562347 1.000000 0.906526 -0.389000 -0.321489 -0.012143 -0.086878 -0.454833 -0.171208 -0.347441 0.092383 -0.024596 -0.265463 0.208341 0.063098 -0.126743 -0.074317 -0.036494 -0.034152 -0.220023 -0.092066 -0.174121 -0.113137 0.117831 -0.304523 0.302598 -0.305419 0.083000 -0.257459 0.212580 0.110727 -0.011897 0.137591 -0.043310 -0.195779 -0.115447 -0.315367 -0.129103 -0.335657 0.477052 0.176870 -0.282709 -0.155412 0.224739 -0.088823 -0.102577 0.025375 -0.128307 -0.185303 -0.224006 0.110573 -0.054465 -0.102995 0.040923 0.067429 -0.205896 -0.130977 0.443641 0.123482 0.111039 0.263787 0.372586 0.001821 0.615276 0.442678 0.038035 0.222806 0.074565 0.079916 0.064886 -0.219961 -0.042038 -0.134037 -0.106163 -0.071766 -0.360041 -0.156779 0.074703 -0.058664 -0.122055 -0.075170 0.242531 0.234905 -0.171257 -0.396988 0.151729 -0.141380 -0.099955 0.013388 0.026719 -0.058493
0.280425 -0.182122 -0.095036 0.156519 0.120033 0.784683 -0.194060 -0.327155 0.066153 -0.396010 -0.108505 -0.392299 -0.095784 -0.327062 0.492249 0.574100 -0.121742 -0.064072 -0.128933 -0.130575 0.493968 0.262836 0.430010 0.318310 0.628843 0.595651 0.906526 1.000000 -0.471009 -0.304450 -0.054212 -0.138689 -0.389261 -0.219784 -0.231373 0.214861 0.002047 -0.174372 0.290014 0.034315 -0.080703 -0.097717 -0.048047 0.061646 -0.144669 -0.008300 -0.146681 0.012536 0.179648 -0.278046 0.290646 -0.276745 -0.093201 -0.286256 0.201451 0.236912 0.092487 0.112166 -0.095074 -0.266661 -0.232854 -0.397546 -0.174905 -0.393616 0.416495 0.192554 -0.295063 -0.080518 0.174123 -0.145386 -0.102234 -0.009835 -0.196708 -0.105202 -0.260985 0.059472 0.038035 0.029780 0.086525 0.220152 -0.175323 -0.079403 0.451252 0.016017 0.003160 0.314959 0.409437 0.069680 0.571607 0.471061 -0.034638 0.148821 0.023145 -0.025091 -0.040618 -0.274702 -0.008088 -0.043025 -0.125213 -0.080169 -0.392529 -0.200118 0.003535 -0.141449 -0.229412 -0.031263 0.166008 0.215391 -0.231457 -0.373754 0.320461 -0.123199 -0.108943 -0.042318 -0.039831 -0.146854
-0.410984 0.037021 -0.109272 -0.350853 -0.298823 -0.530638 -0.056862 -0.103575 -0.086624 0.202445 0.192756 0.125145 0.258231 0.105268 -0.045358 -0.196929 0.142998 0.131203 0.245620 0.269730 -0.013571 0.028045 -0.086697 0.012734 -0.172073 -0.191403 -0.389000 -0.471009 1.000000 0.709010 0.463441 0.530749 0.286056 0.366512 0.235784 -0.310030 -0.047976 0.222009 -0.261628 0.329254 0.213840 0.408518 0.126979 -0.085966 -0.174885 -0.361370 0.126629 -0.239467 -0.220881 -0.224892 -0.374026 -0.060767 0.050193 0.139646 -0.041308 -0.093390 -0.229886 -0.201529 -0.102214 0.034062 0.009439 0.141299 0.062752 0.177220 -0.281803 -0.379094 -0.099111 -0.349167 -0.316005 -0.222496 0.109041 0.017894 0.678041 0.303151 0.582320 -0.111731 0.206251 -0.146239 0.321114 -0.155197 0.238207 0.120908 -0.095677 0.402129 0.121539 -0.049337 -0.036631 0.243173 -0.266949 -0.304341 -0.026235 -0.133591 -0.248815 -0.063798 0.367468 0.452166 0.024230 0.068461 0.170931 0.250446 0.341153 0.143821 0.107173 -0.082309 0.178307 -0.215212 0.010033 -0.368042 0.424154 0.269045 -0.348458 0.162882 0.134994 0.272087 0.210325 0.318969
-0.273969 -0.064372 -0.061864 -0.316588 -0.117523 -0.261292 0.021822 -0.035614 0.019775 0.316631 0.181225 0.196556 0.093520 0.131331 -0.114065 -0.139796 0.288840 0.555548 0.077998 0.064089 0.143297 -0.134433 -0.065120 -0.044167 0.000343 -0.044309 -0.321489 -0.304450 0.709010 1.000000 0.324565 0.407631 0.290770 0.255623 0.487387 0.083414 0.185522 0.344647 -0.195008 0.108433 0.300399 0.425856 -0.007599 -0.023131 -0.170414 -0.332022 0.066591 -0.087995 -0.215876 -0.168658 -0.514708 -0.158764 -0.170580 0.013829 -0.337824 -0.153822 -0.132318 -0.190275 -0.178374 -0.092834 -0.057692 0.171183 0.152100 0.265956 -0.105682 -0.181681 -0.241860 -0.263464 -0.300553 -0.305853 -0.081312 0.157989 0.515994 0.501473 0.504405 -0.024779 0.535385 0.242633 0.344591 0.355354 0.359511 0.410096 -0.048860 0.359800 0.020783 -0.158586 -0.072810 -0.022057 -0.286486 -0.264180 -0.294378 -0.479262 -0.249716 -0.347247 0.013203 0.104431 -0.113486 0.154708 -0.068775 0.086642 0.270638 -0.050496 0.051941 -0.291126 -0.114853 -0.127421 0.051157 -0.272010 0.044213 0.110144 -0.146105 0.243488 0.112904 0.251224 -0.006229 -0.100000
-0.374312 -0.065894 -0.242529 0.040951 0.082132 -0.163494 -0.026836 0.018220 0.131859 0.274875 0.003402 0.222090 0.054620 -0.073114 0.041078 0.039091 -0.283905 -0.241260 0.363828 0.296335 0.149967 0.117357 0.337142 0.397464 0.290879 0.325906 -0.012143 -0.054212 0.463441 0.324565 1.000000 0.767705 0.065681 0.387550 0.142690 -0.052550 -0.081977 0.015380 -0.165951 0.200283 0.058712 0.351435 0.054033 -0.037308 -0.107610 -0.116389 -0.096167 -0.321223 -0.185599 -0.325234 -0.357742 -0.298452 -0.086059 -0.031081 0.016711 -0.150073 -0.545099 -0.419045 -0.207485 0.017183 -0.224903 -0.048636 -0.326593 -0.319445 -0.067324 -0.081108 -0.086178 -0.077066 -0.556560 -0.501082 0.317354 0.207604 0.330838 0.041693 0.247406 0.104223 0.066008 -0.050514 -0.087150 -0.160494 -0.333890 -0.348766 -0.087085 0.285397 -0.126787 -0.153714 0.096603 0.137067 -0.077323 -0.109899 0.017963 -0.031324 -0.006366 -0.057352 0.413084 0.307465 -0.021068 0.037412 0.063502 0.012313 0.019414 0.026392 0.209972 -0.297822 -0.085888 -0.196353 0.249117 -0.116489 0.379143 0.018072 -0.150379 0.116842 0.266638 0.215195 0.188797 0.240762
-0.402477 -0.118601 -0.361717 0.054080 0.011810 -0.122299 -0.114544 -0.045031 0.033245 0.273542 0.052237 0.377417 -0.080812 -0.064097 0.045387 0.016071 -0.216670 -0.177832 0.276251 0.314970 0.110749 0.155152 0.445409 0.627478 0.297109 0.354174 -0.086878 -0.138689 0.530749 0.407631 0.767705 1.000000 0.230606 0.626788 0.404562 0.073836 -0.237124 -0.024467 -0.312092 0.339859 -0.115370 0.407727 0.208997 0.189853 -0.233640 -0.120372 0.121794 -0.193085 -0.543201 -0.458488 -0.452253 -0.445077 -0.196461 -0.121663 -0.099592 -0.054102 -0.439977 -0.385617 -0.348256 -0.096203 -0.236861 0.028605 -0.173585 -0.227042 0.042446 -0.071124 -0.191800 -0.034031 -0.564305 -0.574077 0.161374 0.323829 0.317057 -0.049130 0.291624 -0.020768 0.022212 -0.084188 -0.018141 -0.083485 -0.231406 -0.315288 -0.180679 0.347549 0.118563 0.093653 0.082847 0.115681 0.070839 0.014635 -0.285399 -0.386206 -0.040410 -0.314460 0.443014 0.301052 0.027973 -0.006644 -0.187012 -0.038244 0.087454 -0.278511 -0.065216 -0.385996 -0.171566 -0.158944 0.200159 -0.212939 0.322932 -0.037542 -0.129228 0.049300 0.133892 0.187385 0.239417 0.225514
0.092412 0.281312 0.019524 -0.143699 -0.220171 -0.367584 0.232228 0.036784 -0.052235 0.080704 0.325373 0.282445 0.141680 0.036454 -0.222997 -0.347559 0.197859 0.151059 0.466627 0.521326 -0.202489 -0.208150 -0.023480 0.123752 -0.414885 -0.339269 -0.454833 -0.389261 0.286056 0.290770 0.065681 0.230606 1.000000 0.424401 0.490294 -0.108324 0.235281 0.269979 0.143321 0.121034 0.213199 0.201992 0.165979 0.144054 -0.074442 -0.266136 0.010602 0.187635 -0.331002 -0.197837 -0.482914 -0.172285 -0.256336 -0.053765 -0.157834 -0.049723 0.178659 0.205155 -0.415427 -0.223327 -0.167197 -0.019852 0.051152 0.118437 -0.224699 -0.343126 -0.179492 -0.150139 -0.077936 0.119658 -0.189024 -0.102946 0.179099 0.288650 0.294464 0.050170 0.224814 0.198701 0.343632 0.209668 0.328200 0.247718 0.005354 -0.004180 0.094393 -0.073872 -0.042496 0.122942 -0.235812 -0.279672 -0.332492 -0.383980 -0.275549 -0.371580 -0.058530 0.084254 0.006258 0.221883 -0.241585 -0.130456 0.049796 -0.224320 -0.331192 -0.248276 -0.164559 -0.341416 -0.360281 -0.342240 0.083114 0.289826 0.031227 0.222115 -0.107024 -0.256112 -0.037605 -0.045565
-0.221702 0.137078 -0.283556 0.195518 0.025904 -0.140503 -0.071917 0.121311 -0.228215 0.301573 -0.047186 0.424656 -0.112295 0.037599 0.034419 0.077947 -0.331649 -0.070556 0.328348 0.419297 0.048164 0.216845 0.209493 0.376172 -0.029778 0.213281 -0.171208 -0.219784 0.366512 0.255623 0.387550 0.626788 0.424401 1.000000 0.213293 0.244598 -0.220296 -0.432884 -0.379056 0.068473 0.031231 0.448867 0.097982 0.149726 -0.255372 -0.018121 -0.004491 -0.163798 -0.398864 -0.293877 -0.499311 -0.338237 -0.086800 -0.264155 -0.251936 -0.387803 -0.249907 -0.215727 -0.153617 0.048262 -0.172231 0.284534 -0.255641 -0.137450 -0.010353 0.140110 -0.119834 0.194928 -0.239957 -0.282220 -0.326124 0.031850 0.057383 -0.228732 0.103329 0.084413 -0.133750 -0.198513 0.047663 -0.102989 -0.156062 -0.226075 -0.123590 0.524581 0.263310 0.081420 -0.085598 0.028304 -0.093797 -0.104560 -0.109142 -0.323752 0.046368 -0.227509 0.481237 0.004896 -0.223016 -0.321820 -0.230407 -0.304404 0.119230 -0.051462 -0.023585 -0.295049 -0.218787 -0.304957 0.289785 -0.058725 0.155697 -0.388201 -0.201703 -0.199169 0.127727 0.020849 0.241958 0.179865
-0.077319 -0.274342 -0.045713 -0.372922 0.025010 -0.251020 0.051994 -0.141053 -0.024908 0.080769 0.195714 0.165047 -0.136486 -0.067430 -0.236879 -0.324951 0.220129 0.310457 0.027903 -0.028659 -0.018204 -0.370962 0.114908 0.149551 -0.020905 -0.063892 -0.347441 -0.231373 0.235784 0.487387 0.142690 0.404562 0.490294 0.213293 1.000000 0.411323 0.369248 0.448851 0.115963 0.009237 0.203993 0.009506 0.048832 0.255574 -0.184238 -0.193005 0.257160 0.432219 -0.511292 -0.341805 -0.542304 -0.285462 -0.444863 -0.127648 -0.190850 0.066692 0.072674 -0.224853 -0.373000 -0.311025 -0.069849 -0.061083 0.157114 0.177634 -0.047166 -0.225875 -0.162163 0.047436 -0.305914 -0.303050 -0.057833 0.245146 0.154759 0.354184 0.252403 -0.061174 0.509955 0.558704 0.138624 0.532877 0.230488 0.275555 -0.056568 -0.025151 0.040540 -0.002048 -0.093344 -0.135207 -0.116489 -0.238458 -0.634219 -0.526109 -0.317024 -0.561808 -0.237958 -0.086669 0.043120 0.240740 -0.234078 -0.055897 -0.115527 -0.417342 -0.414655 -0.315135 -0.389500 -0.097585 -0.228890 -0.198068 -0.142131 0.206441 0.413747 0.278238 -0.212704 -0.241350 -0.297605 -0.405548
0.167997 -0.349704 -0.121039 -0.019200 0.281968 0.276813 -0.094955 0.027122 -0.036661 0.128274 -0.167514 0.086822 -0.496384 -0.091414 0.072041 0.119992 -0.058426 0.282879 -0.224968 -0.417734 0.046791 -0.381929 0.225595 0.106026 0.265860 0.246787 0.092383 0.214861 -0.310030 0.083414 -0.052550 0.073836 -0.108324 0.244598 0.411323 1.000000 0.146270 -0.308814 0.047589 -0.560127 0.038392 -0.197733 -0.282525 0.235613 -0.177251 0.177353 -0.032618 0.414401 -0.229321 -0.065421 -0.403684 -0.247279 -0.308784 -0.355664 -0.170184 -0.281766 0.192360 -0.295878 0.019552 -0.101769 0.116807 0.015827 0.127917 0.041662 0.226718 0.296205 -0.099917 0.466297 0.003464 -0.265499 -0.279842 0.254297 -0.409928 -0.050480 -0.280853 0.114801 0.234375 0.538209 -0.232271 0.654254 -0.064372 0.138849 0.131979 0.103770 0.063063 0.013111 -0.145033 -0.247583 0.101401 0.079542 -0.368863 -0.368557 -0.075887 -0.368356 -0.401540 -0.744707 -0.503440 -0.392816 -0.411228 -0.483647 -0.315053 -0.203097 -0.254678 -0.205774 -0.634427 0.056371 0.130337 0.330842 -0.633115 -0.605510 0.449708 -0.212637 -0.319607 -0.312686 -0.466218 -0.666727
