1.000000 0.531381 0.173601 0.104013 0.372106 0.277207 0.383196 -0.036224 0.133825 -0.048785 0.404411 0.178991 0.246840 -0.159403 0.244205 -0.066845 0.385609 0.083530 0.419717 0.273752 0.049772 0.018689 0.195672 0.141379 0.128670 -0.172488 0.456224 0.181507 0.128893 -0.208734 0.083192 -0.026072 0.078071 -0.080950 -0.303306 -0.338905 0.030046 -0.371686 0.155587 -0.185612 0.023552 -0.117357 -0.496873 -0.424302 -0.341736 -0.368250 -0.482499 -0.305913 -0.080763 -0.178190 -0.319858 -0.183330 -0.064069 -0.134060 0.149610 -0.032109 0.558904 0.259769 0.197363 -0.041265 0.340965 -0.029558 0.171563 0.032569 -0.070938 -0.038498 -0.411402 -0.574248 0.059444 -0.153147 0.194438 -0.103474 0.144716 -0.207129 0.070820 0.370022 -0.068777 -0.249708 0.126478 -0.174300 0.152661 0.080069 0.450866 0.282015 0.160787 0.079165 0.327588 0.189680 0.439745 0.330210 -0.255247 -0.126171 -0.356433 -0.117045 -0.261070 -0.076191 -0.270270 -0.120493 -0.160437 0.009892 -0.200570 0.075335 -0.203125 -0.132455 -0.064046 -0.146070 -0.075343 0.353602 -0.204520 -0.119908 -0.364605 -0.323238 -0.288760 -0.297211 -0.072846 -0.065991
0.531381 1.000000 -0.158128 0.070527 0.027813 -0.005432 -0.005931 -0.193848 -0.195677 -0.211081 0.339063 0.118682 0.218310 0.006665 -0.008984 -0.090848 0.439687 -0.085559 0.065398 0.342924 -0.035879 -0.044929 -0.158260 -0.048832 -0.116822 -0.418771 0.276656 0.116135 0.222686 -0.143658 0.000874 -0.183089 -0.127934 -0.001095 -0.015906 -0.445169 0.039023 -0.189127 0.020222 0.029562 0.026561 -0.221111 -0.418304 -0.425688 -0.131434 -0.361309 -0.418004 -0.271985 0.282709 0.177796 -0.160477 0.081848 0.216748 0.064712 0.149784 0.077889 0.618420 0.531717 0.263000 0.359774 0.201164 0.249528 0.152054 0.220948 -0.399406 -0.102614 0.006573 -0.353820 0.257825 0.214426 0.032437 -0.321129 0.173663 -0.181044 0.055611 -0.136077 -0.048646 -0.165092 0.074630 -0.097106 0.282757 0.167341 0.230387 0.260691 -0.061508 0.000726 0.043573 -0.067580 0.010034 0.184932 0.069462 -0.086512 -0.288449 -0.254755 -0.107253 -0.100407 -0.186118 0.028866 0.039490 0.160299 0.027275 -0.043941 0.134420 0.062256 -0.115347 -0.185415 -0.059687 0.073751 -0.227215 0.016232 -0.308183 -0.063032 -0.179882 -0.276808 -0.067852 -0.101494
0.173601 -0.158128 1.000000 0.376135 0.523817 0.413802 0.760422 0.384905 0.523189 0.299134 -0.146561 -0.237082 0.095591 -0.020896 0.366829 0.196306 -0.093996 -0.364558 0.264371 0.072730 0.189275 0.197735 0.616848 0.443495 0.434829 0.242338 0.351005 0.333263 -0.235673 -0.349996 0.404414 0.323228 0.142793 0.195877 0.109257 -0.191930 -0.429890 -0.276562 -0.245611 -0.253220 -0.240841 -0.146853 -0.008022 -0.034673 0.076785 0.139398 -0.251289 -0.137871 -0.221824 -0.067053 0.107561 -0.255528 -0.356102 -0.334289 -0.262271 -0.209405 -0.101323 -0.019736 -0.134338 -0.126395 0.012232 -0.075192 -0.158860 -0.105436 0.340415 -0.042630 0.077422 0.047509 -0.126657 -0.163766 0.302993 -0.222208 -0.273966 -0.185574 -0.281863 0.109926 -0.156156 -0.064253 -0.070131 -0.246800 -0.161274 -0.237254 0.188872 -0.186718 0.043370 -0.159672 0.178910 -0.071234 0.349516 -0.136070 -0.259213 -0.018299 0.022051 0.067236 -0.227007 -0.272210 -0.304340 -0.238960 -0.303680 -0.409351 -0.355307 -0.130552 -0.355826 -0.231890 -0.250466 -0.264812 -0.077413 0.027321 -0.064761 -0.035203 -0.157309 -0.297816 -0.126892 -0.424044 -0.428563 -0.471454
0.104013 0.070527 0.376135 1.000000 0.218871 0.537945 0.349980 0.537655 -0.080968 0.068512 -0.249040 0.026288 0.106239 0.145633 0.209569 0.164765 -0.387747 -0.488446 -0.108683 -0.128419 0.045121 0.224708 0.336547 0.642951 0.144566 -0.073706 0.472045 0.443894 -0.342000 -0.357428 -0.045595 -0.109509 -0.094012 0.013429 0.312051 -0.196388 -0.133861 -0.110619 -0.191467 0.033924 0.083137 -0.096224 -0.041482 -0.003810 -0.023870 -0.152338 -0.334582 -0.378554 -0.070976 -0.073505 0.008367 -0.035094 -0.233588 -0.557577 0.058437 0.081348 -0.093220 -0.171868 0.030057 -0.075326 0.249784 -0.053982 -0.216693 -0.353075 0.147331 0.293738 0.168207 0.025712 -0.101373 -0.140899 -0.010331 -0.098980 -0.229592 -0.169501 -0.376800 -0.164746 -0.051449 -0.232614 -0.069886 -0.245864 -0.418667 -0.565989 0.283822 0.012879 -0.109912 0.231637 0.123687 0.028409 0.318371 0.402713 -0.175357 -0.081526 0.225407 -0.072757 -0.239961 0.070046 -0.032716 0.220581 -0.299922 -0.091948 -0.234827 -0.293266 -0.115177 -0.176986 -0.072908 -0.107263 -0.248073 0.037948 0.146159 0.199127 -0.269564 -0.327278 -0.032633 -0.179076 0.074001 -0.063547
0.372106 0.027813 0.523817 0.218871 1.000000 0.603850 0.725774 0.355457 0.613633 0.421184 0.051384 -0.014137 0.250742 0.042189 0.583203 0.308431 -0.105404 -0.142755 0.240006 0.103325 0.285751 0.001219 0.530578 0.436838 0.317235 -0.100934 0.450720 0.064825 -0.003498 -0.145590 0.126087 0.157565 0.026673 -0.024350 0.003418 -0.012255 -0.115694 -0.175899 -0.133562 -0.409397 -0.225163 0.100741 -0.300819 -0.230773 -0.302023 -0.302478 -0.233029 -0.451263 -0.295209 -0.239875 -0.182990 -0.322920 -0.268140 -0.221611 -0.047241 -0.306670 -0.016504 -0.205391 0.039211 -0.119887 0.346083 -0.160444 0.183772 -0.200902 0.353932 0.028237 -0.200112 -0.295471 -0.063821 -0.078399 0.144968 0.105300 -0.120553 -0.087095 -0.156413 0.404050 -0.028194 -0.161000 -0.062289 -0.119057 -0.071751 -0.200087 0.416342 -0.011251 0.091874 -0.242474 0.157882 0.013941 0.455106 -0.008752 -0.205053 0.062892 -0.031998 0.261373 -0.215179 -0.049319 -0.174865 -0.129457 -0.299306 -0.175394 -0.343229 0.038139 -0.403813 0.028940 0.027346 -0.196386 -0.154022 0.078633 -0.031508 -0.189387 -0.239512 -0.212981 -0.078089 -0.254109 -0.366741 -0.170633
0.277207 -0.005432 0.413802 0.537945 0.603850 1.000000 0.414025 0.315458 0.122903 0.305601 -0.239639 -0.195973 -0.207745 -0.116777 0.273356 0.371472 -0.210984 -0.241025 0.146721 -0.051178 0.434090 0.269815 0.511138 0.536265 0.298299 0.051028 0.782879 0.539696 -0.215378 -0.366971 0.138295 0.074403 -0.071370 -0.153291 -0.053522 -0.180974 -0.082656 -0.341692 -0.079476 -0.100056 -0.106209 -0.055939 -0.242354 -0.311354 -0.134460 -0.189976 -0.269954 -0.506970 -0.214680 -0.051749 -0.120931 -0.219884 -0.376426 -0.288060 0.048950 -0.095242 -0.050339 -0.164064 -0.065485 -0.035619 0.070308 -0.236915 0.068420 -0.308291 0.212630 -0.148497 -0.005377 -0.175021 0.145746 0.148318 0.353655 0.129396 -0.259882 -0.157985 -0.104285 0.197537 -0.156330 -0.226708 -0.203825 -0.213150 -0.222877 -0.342605 0.281832 0.002369 0.007236 -0.124050 0.223505 0.073016 0.487231 0.274009 -0.215816 -0.041022 0.116683 0.072703 -0.156713 -0.030457 -0.136097 -0.056380 -0.284427 -0.134609 -0.304615 -0.069871 -0.254181 0.043721 0.246183 0.053359 -0.042453 0.270931 -0.104723 -0.080136 -0.373641 -0.461508 -0.163772 -0.282073 -0.163206 -0.123585
0.383196 -0.005931 0.760422 0.349980 0.725774 0.414025 1.000000 0.532913 0.531530 0.339991 0.200032 0.109076 0.340776 0.097795 0.372244 0.148117 -0.045629 -0.204934 0.370650 0.114317 0.153136 0.026673 0.420713 0.550759 0.183524 -0.136341 0.356102 0.018364 0.010036 -0.151067 0.223553 0.284097 0.264091 0.203104 0.007812 -0.093302 -0.219975 -0.215301 -0.174719 -0.420982 -0.273839 0.034517 -0.228297 -0.046071 -0.262384 -0.207764 -0.301425 -0.272402 -0.319906 -0.325791 -0.234071 -0.387875 -0.265971 -0.276109 -0.067509 -0.330244 -0.086810 -0.190707 -0.091291 -0.163391 0.325144 0.035876 0.182079 0.021308 0.267911 0.125446 -0.156182 -0.180423 -0.183286 -0.246808 0.173628 -0.097381 -0.009744 -0.078831 -0.158628 0.287711 0.026278 -0.117698 -0.206386 -0.137856 -0.134806 -0.283048 0.311710 -0.046245 0.063123 -0.114818 0.140852 -0.100463 0.299196 0.000447 -0.301395 -0.067158 -0.140123 0.073444 -0.290130 -0.110618 -0.245723 -0.153830 -0.361599 -0.219163 -0.380290 -0.031417 -0.460415 -0.186031 -0.211525 -0.432391 -0.284384 -0.041106 0.097132 -0.154607 -0.197750 -0.238284 -0.146975 -0.348174 -0.451935 -0.290667
-0.036224 -0.193848 0.384905 0.537655 0.355457 0.315458 0.532913 1.000000 0.237717 0.392968 -0.149377 0.242990 -0.002946 0.141049 0.119446 -0.222833 -0.540736 -0.389869 0.130807 -0.000911 -0.079524 -0.066371 0.248260 0.474502 0.048981 0.019432 0.101491 0.039456 -0.199090 -0.235860 0.046845 0.244263 0.048658 -0.084534 0.045537 0.028202 -0.152068 -0.211033 -0.287416 -0.252883 -0.292740 0.043370 0.055868 0.114073 0.095884 0.122063 -0.044448 -0.117650 -0.352123 -0.133163 -0.250451 -0.160990 -0.401372 -0.329053 -0.239855 -0.375510 -0.347438 -0.358954 -0.333366 -0.219130 0.077060 0.042388 -0.108433 -0.321281 0.368986 0.666074 -0.054021 0.286589 -0.179818 -0.206157 0.054025 0.030799 -0.199350 0.122084 -0.285530 0.192142 0.009823 -0.000852 -0.140396 -0.054965 -0.409441 -0.496166 0.001697 -0.358773 0.075079 0.046379 -0.164100 -0.304796 0.139793 0.007400 0.098563 0.081634 0.395537 0.195085 -0.085269 -0.076754 -0.074022 -0.126170 0.002787 -0.105865 -0.079183 -0.149953 -0.188736 -0.092171 -0.003974 -0.254787 -0.126489 -0.172359 0.132513 -0.230382 -0.118198 -0.122687 0.142069 -0.000091 -0.216770 -0.077190
0.133825 -0.195677 0.523189 -0.080968 0.613633 0.122903 0.531530 0.237717 1.000000 0.383751 -0.062074 0.038825 0.246280 0.108512 0.709293 0.083861 -0.138728 -0.156219 0.245973 0.083575 0.252302 0.023095 0.558222 0.270441 0.368460 0.178687 -0.023600 -0.084425 -0.073249 -0.103546 0.239840 0.403820 -0.039083 0.017070 -0.010180 0.038385 -0.360169 -0.035740 -0.129808 -0.329794 -0.266491 0.186206 0.052180 0.033641 -0.098542 0.023537 0.026343 -0.090527 -0.316007 -0.170465 0.157354 -0.150348 -0.209281 -0.076355 -0.303326 -0.250271 -0.196775 -0.130257 -0.109892 -0.348214 -0.025591 -0.259745 -0.253165 -0.285627 0.557234 0.168886 -0.256410 -0.107209 -0.203251 -0.208903 0.163922 -0.122259 -0.143698 -0.001651 -0.243395 0.296355 -0.053459 -0.015361 0.159544 0.011650 -0.123066 -0.081479 0.239726 -0.242740 0.322110 -0.081467 0.153455 0.050493 0.377013 -0.232913 0.068265 0.160443 0.231217 0.341606 -0.128484 -0.124104 -0.292968 -0.238265 -0.069033 -0.282682 -0.083533 0.029208 -0.313584 -0.170511 -0.217304 -0.231709 -0.072471 -0.147088 0.068117 -0.167622 0.018637 0.003890 0.145994 -0.062971 -0.324403 -0.208020
-0.048785 -0.211081 0.299134 0.068512 0.421184 0.305601 0.339991 0.392968 0.383751 1.000000 -0.161328 -0.068031 -0.001775 0.196460 0.239845 0.476440 -0.138688 -0.013332 0.154362 -0.016248 0.037571 -0.249914 0.183577 0.201203 0.082979 -0.149038 0.087734 -0.226763 0.191145 0.093007 0.261222 0.361977 -0.094167 -0.111844 -0.237239 -0.066600 -0.133880 -0.250237 -0.509657 -0.539086 -0.330275 0.195105 -0.009302 -0.159291 0.273978 0.145277 0.097942 -0.385246 -0.129675 0.165437 -0.402102 -0.380864 -0.312169 -0.126866 -0.360653 -0.546475 -0.056351 -0.081194 -0.122049 0.113041 0.128677 0.166589 0.302570 0.044477 0.152886 -0.028164 0.084975 -0.023658 -0.095233 -0.081103 0.063888 0.051522 -0.207903 0.094850 -0.136773 0.110900 -0.115773 -0.148713 0.131515 -0.115495 0.107268 -0.105500 -0.041419 0.075604 -0.164695 -0.295774 -0.277092 -0.204309 -0.029489 -0.158898 0.221931 0.127616 0.253199 0.138131 -0.273379 0.046596 -0.409646 -0.360703 0.138840 0.100911 0.144400 0.368819 0.107059 0.202663 0.191846 0.016303 0.031892 -0.071482 0.015983 -0.162756 -0.390192 -0.033892 0.251857 0.165563 -0.305025 -0.010428
0.404411 0.339063 -0.146561 -0.249040 0.051384 -0.239639 0.200032 -0.149377 -0.062074 -0.161328 1.000000 0.445084 0.626661 0.319019 0.059035 0.001646 0.482458 0.129449 0.285076 0.434947 -0.247591 -0.379574 -0.394310 -0.239226 -0.421868 -0.491271 -0.166150 -0.326573 0.385733 0.131824 -0.300780 -0.226468 0.233319 0.059102 -0.054960 -0.145434 0.252000 -0.016197 0.343033 -0.324520 -0.187666 -0.150854 -0.334783 -0.087247 -0.406199 -0.286919 -0.353571 0.111522 0.308411 -0.104400 -0.278257 0.057959 0.400069 0.285500 0.335869 -0.102707 0.289709 -0.056340 0.291971 0.132782 0.383005 0.211941 0.434008 0.345895 -0.414890 -0.020968 -0.186801 -0.212260 0.021625 -0.106860 0.043979 -0.187174 0.453594 -0.032257 0.303118 0.094144 0.226637 0.130141 0.014396 0.145458 0.162432 0.094371 0.265242 0.243235 0.062376 0.101007 0.091052 0.018217 -0.182466 0.073226 -0.075449 0.058167 -0.468786 -0.104242 -0.209464 -0.204791 -0.110221 -0.204381 -0.245083 -0.113473 -0.111027 0.180879 -0.162121 -0.087495 -0.218159 -0.308894 -0.148880 -0.167441 -0.232638 -0.214260 -0.134486 -0.189321 -0.381351 -0.232564 -0.182898 -0.032068
0.178991 0.118682 -0.237082 0.026288 -0.014137 -0.195973 0.109076 0.242990 0.038825 -0.068031 0.445084 1.000000 0.421914 0.549403 0.177813 -0.289113 0.038894 0.181218 0.254572 0.372618 -0.377075 -0.297251 -0.289039 0.002564 -0.278917 -0.291025 -0.352979 -0.231681 0.277629 0.427172 -0.397953 -0.141201 0.128277 -0.177005 -0.167500 0.093338 0.362985 0.246250 0.245347 -0.059853 -0.043443 0.208127 -0.103139 -0.015279 -0.380129 -0.343749 -0.197081 -0.036325 -0.185009 -0.388182 -0.255390 -0.068264 0.110398 -0.080844 0.130054 -0.097068 -0.136060 -0.274789 -0.111352 -0.288722 0.085001 0.110135 -0.007383 -0.105873 -0.005505 0.450404 -0.430747 -0.240019 0.029383 -0.176314 -0.006163 -0.018754 0.474238 0.337905 0.155885 0.091865 0.240255 0.205606 0.140386 0.333190 -0.094989 -0.025687 0.186201 0.208130 0.232383 0.494330 -0.045574 -0.114064 -0.038093 0.163282 0.202382 -0.111809 0.023734 -0.191522 0.111359 -0.094546 0.107578 0.017094 0.083652 -0.045804 0.177621 -0.011773 -0.185538 -0.327824 -0.116018 -0.142983 -0.151296 -0.127286 0.011430 -0.342116 -0.162545 -0.142318 0.057782 0.051715 0.097609 0.352213
0.246840 0.218310 0.095591 0.106239 0.250742 -0.207745 0.340776 -0.002946 0.246280 -0.001775 0.626661 0.421914 1.000000 0.618937 0.437862 0.226597 0.163147 -0.219729 -0.011995 0.258968 -0.332900 -0.352181 -0.158529 0.007737 -0.330281 -0.495945 -0.191598 -0.297000 0.111848 0.080417 -0.303833 -0.259829 0.123379 0.249437 0.211032 -0.111537 0.016583 0.123393 0.033807 -0.337530 -0.138232 -0.173503 -0.175085 0.028459 -0.371619 -0.362261 -0.333715 -0.114624 0.341512 -0.077606 -0.036709 0.073836 0.273817 -0.044747 0.193562 0.042495 0.171817 -0.174026 0.476515 0.040323 0.661039 0.160922 0.138809 0.043080 -0.172742 0.130293 -0.014414 -0.246642 -0.037348 -0.207320 -0.336961 -0.262653 0.214598 -0.185010 -0.068344 -0.150163 0.031681 -0.072659 0.121111 -0.036208 -0.166706 -0.238064 0.310621 0.142785 -0.188251 0.138870 -0.001940 -0.012006 -0.112602 0.126648 -0.112824 0.072026 -0.208102 -0.015632 -0.286648 -0.088182 -0.103221 0.082921 -0.296228 -0.037238 0.001281 0.064883 -0.138671 -0.054497 -0.243583 -0.208562 -0.335234 -0.305336 0.026179 0.070492 -0.217311 -0.122527 -0.108560 -0.016495 -0.082992 -0.014727
-0.159403 0.006665 -0.020896 0.145633 0.042189 -0.116777 0.097795 0.141049 0.108512 0.196460 0.319019 0.549403 0.618937 1.000000 0.196295 0.273791 -0.086555 -0.141191 -0.081943 0.221947 -0.361545 -0.413390 -0.296228 -0.087821 -0.361985 -0.420473 -0.346140 -0.205398 0.142960 0.312924 -0.424578 -0.258267 -0.053518 0.011380 0.219192 -0.034473 0.091630 0.291556 0.010737 -0.137550 -0.321655 -0.086907 -0.006316 0.051724 -0.112984 -0.082485 -0.111548 -0.111163 0.259275 0.128905 -0.062590 0.174099 0.203777 -0.167997 0.146553 0.045537 -0.169936 -0.356073 0.245869 0.105488 0.234649 0.178459 0.047761 -0.072409 -0.190438 0.246552 0.128476 0.068259 0.133155 0.025793 -0.159692 -0.258058 0.154520 0.120171 -0.040954 -0.346473 0.143861 0.102682 0.169291 0.251566 -0.120850 -0.248493 0.020289 0.118612 -0.208122 0.086110 -0.144112 -0.014479 -0.244098 0.096821 0.149411 0.017486 0.036735 -0.066174 -0.145437 -0.157764 0.042894 0.050096 0.001089 -0.087493 0.208589 0.015862 0.069124 -0.007554 -0.045655 -0.031271 -0.262974 -0.412871 -0.033568 -0.014254 -0.194356 -0.126831 0.139224 0.035759 0.031167 0.229634
0.244205 -0.008984 0.366829 0.209569 0.583203 0.273356 0.372244 0.119446 0.709293 0.239845 0.059035 0.177813 0.437862 0.196295 1.000000 0.293783 -0.097558 -0.282414 0.125961 0.032300 0.124011 0.040587 0.626903 0.403894 0.433943 0.095793 0.132139 0.067721 -0.072259 -0.118889 0.064868 0.143876 -0.217163 -0.086025 0.108599 -0.015684 -0.035809 0.106310 0.078547 -0.213472 0.080836 0.113794 -0.066304 -0.134997 -0.189933 -0.226810 -0.277866 -0.336732 -0.206984 -0.150914 0.215508 -0.176211 -0.167045 -0.228740 -0.187875 -0.090054 -0.019040 -0.144432 0.005481 -0.446891 0.122961 -0.374194 -0.323967 -0.475186 0.539354 0.160176 -0.340441 -0.346959 -0.213617 -0.287024 0.082595 -0.009488 -0.045167 -0.128475 -0.251500 0.074306 -0.050850 -0.098871 0.193790 -0.155900 -0.199286 -0.144273 0.626636 0.013861 0.355475 0.224813 0.307426 0.070204 0.591388 -0.027953 0.082994 0.169198 0.285189 0.213073 -0.274197 -0.020687 -0.257294 -0.059786 -0.259472 -0.318776 -0.143733 -0.022761 -0.402374 -0.327932 -0.216753 -0.099771 -0.129493 -0.157978 0.013548 -0.062310 -0.226293 -0.155143 0.092005 -0.067042 -0.046338 -0.098036
-0.066845 -0.090848 0.196306 0.164765 0.308431 0.371472 0.148117 -0.222833 0.083861 0.476440 0.001646 -0.289113 0.226597 0.273791 0.293783 1.000000 0.011644 -0.068035 -0.170282 -0.170195 0.127822 -0.146611 0.107280 0.119262 0.046491 -0.255640 0.292621 -0.026337 0.020666 0.070440 -0.052206 -0.184580 -0.154622 0.022203 0.112316 -0.024379 0.004278 0.005460 -0.050348 -0.226297 0.043447 0.087620 -0.063058 -0.094744 -0.011500 -0.125136 0.021441 -0.396559 0.217993 0.198500 0.032923 -0.153920 0.068097 -0.128076 0.204050 0.025326 0.066276 -0.129361 0.314888 0.205142 0.289003 -0.018228 0.292544 0.071916 -0.091462 -0.487459 0.269560 -0.180243 0.040467 0.057478 -0.104986 0.106186 -0.160844 -0.211769 -0.039253 -0.196698 -0.068138 -0.243926 -0.018917 -0.146198 0.024538 -0.186755 0.164008 0.293821 -0.265811 -0.228565 0.118624 0.131429 0.025803 0.136489 -0.155933 -0.053729 -0.094568 -0.064328 -0.241808 0.143791 -0.083184 0.028733 -0.258842 0.039629 -0.089076 0.236795 0.040593 0.196285 0.167313 0.146782 -0.089918 0.028497 0.008875 0.125413 -0.307638 -0.171091 -0.042915 -0.007943 -0.018157 0.003952
0.385609 0.439687 -0.093996 -0.387747 -0.105404 -0.210984 -0.045629 -0.540736 -0.138728 -0.138688 0.482458 0.038894 0.163147 -0.086555 -0.097558 0.011644 1.000000 0.505305 0.315607 0.405547 -0.116635 -0.078329 -0.174741 -0.296819 0.072694 -0.169403 -0.070293 -0.150579 0.520245 0.257648 0.228350 0.054914 0.149532 0.166350 -0.178180 -0.227652 0.250915 -0.049831 0.019021 -0.146704 0.087491 -0.029703 -0.460534 -0.470528 -0.232051 -0.316478 -0.437730 -0.113730 0.163539 -0.056566 -0.290990 -0.218734 0.169347 0.269675 0.023264 -0.135401 0.666492 0.619846 0.188180 0.275559 0.148511 0.337832 0.489360 0.656140 -0.407434 -0.452937 -0.144653 -0.473003 0.099791 -0.025217 0.210068 -0.210941 0.462132 0.047078 0.435275 -0.050027 0.167061 0.056874 0.230715 0.136533 0.676750 0.714875 0.176841 0.455599 0.039614 -0.039488 0.053899 0.101684 -0.105168 -0.120730 -0.076556 -0.120700 -0.549272 -0.300412 -0.166302 -0.097478 -0.342235 -0.256906 -0.029847 0.040139 -0.107897 0.167634 -0.067956 -0.080442 -0.255399 -0.083140 0.023735 0.049155 -0.313626 -0.058312 -0.317435 -0.039118 -0.233923 -0.270492 -0.153482 -0.110241
0.083530 -0.085559 -0.364558 -0.488446 -0.142755 -0.241025 -0.204934 -0.389869 -0.156219 -0.013332 0.129449 0.181218 -0.219729 -0.141191 -0.282414 -0.068035 0.505305 1.000000 0.231968 0.048684 -0.112075 -0.125765 -0.307729 -0.382670 0.009572 -0.041308 -0.312073 -0.437141 0.520231 0.637528 -0.045131 0.035913 0.151844 -0.196242 -0.340915 0.311649 0.373962 0.216583 0.098995 -0.084774 0.144316 0.488662 -0.186618 -0.063327 -0.268715 -0.221703 0.149771 0.077911 -0.220528 -0.336602 -0.350253 -0.217914 0.250328 0.266863 0.157610 -0.179046 0.264405 0.235030 -0.091670 0.024276 -0.050852 0.221185 0.440012 0.530952 -0.191373 -0.262577 -0.356302 -0.346159 0.035704 -0.065407 0.079447 0.240402 0.364318 0.429744 0.448745 0.177633 0.396614 0.204494 0.151193 0.468427 0.561180 0.705924 -0.114796 0.366956 0.028547 -0.012907 -0.068691 0.158211 -0.157937 -0.060633 -0.036606 -0.292629 -0.422904 -0.185134 0.157384 0.137925 0.087613 -0.083456 0.201556 0.243262 -0.091300 0.222817 -0.083527 -0.000823 0.155143 0.128844 0.090384 0.286797 -0.031053 -0.292578 -0.012688 0.166545 0.086071 0.058501 0.035084 0.290092
0.419717 0.065398 0.264371 -0.108683 0.240006 0.146721 0.370650 0.130807 0.245973 0.154362 0.285076 0.254572 -0.011995 -0.081943 0.125961 -0.170282 0.315607 0.231968 1.000000 0.488109 0.091639 0.064876 0.289118 0.125395 0.260229 0.072507 0.044314 -0.100438 0.296852 -0.018228 0.312170 0.430252 0.431358 0.174566 -0.405001 -0.014277 -0.052421 -0.280681 0.035413 -0.414349 -0.065074 -0.085366 -0.178908 -0.079962 -0.203410 -0.135339 -0.259114 -0.118858 -0.305680 -0.289435 -0.247890 -0.329327 -0.010955 0.116162 -0.064846 -0.259978 0.108496 0.196874 -0.231062 -0.131276 -0.032110 0.052154 0.251948 0.215866 0.267040 -0.106979 -0.373941 -0.299427 0.042374 -0.225073 0.224991 -0.195041 0.066214 -0.155897 0.026840 0.295151 -0.095114 -0.065531 0.042613 0.156613 0.111178 0.205493 0.253874 -0.052083 0.342695 -0.086064 0.344617 0.063397 0.246861 -0.150005 -0.185543 -0.228322 -0.241413 -0.187534 -0.247325 -0.046444 -0.306117 -0.327832 -0.084175 -0.287625 -0.235086 0.138477 -0.312168 -0.415063 -0.252555 -0.135233 -0.051438 0.215224 -0.168044 -0.225782 -0.253843 -0.257804 -0.082874 -0.228513 -0.205694 -0.066299
0.273752 0.342924 0.072730 -0.128419 0.103325 -0.051178 0.114317 -0.000911 0.083575 -0.016248 0.434947 0.372618 0.258968 0.221947 0.032300 -0.170195 0.405547 0.048684 0.488109 1.000000 -0.167553 -0.288788 -0.071738 -0.092106 -0.134341 -0.187667 -0.093486 0.024858 0.191629 0.073434 -0.034664 0.007345 0.180806 0.093895 0.054811 -0.134927 0.129912 -0.019932 0.077923 -0.192171 -0.213409 -0.175947 -0.197368 -0.157442 -0.170839 -0.173488 -0.361469 0.149286 0.105139 -0.198588 -0.139536 -0.119836 0.033120 0.127160 0.078899 -0.234358 0.211358 0.300170 0.040166 0.063490 0.135572 0.181842 0.232123 0.194110 -0.107348 -0.059268 -0.067352 -0.061733 0.307208 0.137898 0.186757 -0.505454 0.246844 0.127863 0.213882 0.113942 0.061595 0.327987 0.298996 0.324236 0.144502 0.216340 0.069392 0.019298 0.092129 0.029634 0.056849 -0.158762 -0.119792 -0.158434 -0.063178 -0.038783 -0.264443 -0.183242 0.058276 -0.451291 -0.177333 -0.244657 -0.011763 -0.244664 -0.101627 -0.109680 -0.109714 -0.164351 -0.312379 -0.390636 -0.144409 -0.103819 -0.441369 -0.319466 -0.207667 -0.234707 -0.219440 -0.314058 -0.319664 -0.228410
0.049772 -0.035879 0.189275 0.045121 0.285751 0.434090 0.153136 -0.079524 0.252302 0.037571 -0.247591 -0.377075 -0.332900 -0.361545 0.124011 0.127822 -0.116635 -0.112075 0.091639 -0.167553 1.000000 0.684898 0.366566 0.384230 0.354241 0.336572 0.527318 0.382242 -0.018131 -0.204163 0.276440 0.346836 -0.061285 0.008784 -0.048443 0.048195 -0.109455 -0.093131 0.082893 0.162349 0.093471 0.154955 -0.098446 -0.074032 0.002651 0.109770 -0.046767 -0.118349 -0.102887 0.116381 0.093182 0.004521 -0.173968 -0.063995 -0.106993 0.035015 -0.254031 -0.092188 -0.063924 -0.038662 -0.258449 -0.331317 -0.137814 -0.187802 0.213939 -0.222090 0.005190 0.039211 -0.122022 0.023146 0.277849 0.204954 0.037216 -0.138294 -0.056024 0.268668 0.005215 -0.077012 -0.309134 -0.100562 -0.168107 -0.169086 0.034608 -0.155420 0.078926 -0.291264 0.170211 0.172106 0.172310 -0.054566 -0.257735 -0.025540 0.020049 0.230303 -0.011006 0.142583 -0.090867 -0.023394 -0.382265 -0.270164 -0.240135 0.138514 -0.204542 0.022432 -0.026798 -0.013000 -0.019188 0.122153 0.060139 0.088919 0.180417 -0.228993 -0.330424 -0.312254 -0.192340 -0.167108
0.018689 -0.044929 0.197735 0.224708 0.001219 0.269815 0.026673 -0.066371 0.023095 -0.249914 -0.379574 -0.297251 -0.352181 -0.413390 0.040587 -0.146611 -0.078329 -0.125765 0.064876 -0.288788 0.684898 1.000000 0.387795 0.421754 0.493951 0.529725 0.471966 0.485841 -0.026189 -0.191805 0.383611 0.381322 0.012100 0.133109 -0.049584 0.045256 -0.133225 -0.096227 -0.041847 0.317316 0.397557 0.058833 0.020263 0.012018 0.039961 0.136154 -0.188244 -0.165370 -0.268974 0.035359 0.110650 -0.035191 -0.266720 -0.233219 -0.301450 0.107771 -0.158207 0.049242 -0.176942 -0.102139 -0.261003 -0.226143 -0.339480 -0.172290 0.230870 -0.114791 -0.040228 -0.028723 -0.171952 -0.062790 0.218532 0.239683 0.022843 -0.255271 -0.225835 0.045675 -0.127389 -0.181083 -0.250621 -0.214595 -0.130176 -0.035123 0.184457 -0.045686 0.070702 -0.082739 0.100628 0.117289 0.231600 -0.101469 -0.323941 -0.232420 0.077125 -0.042234 -0.067585 0.278242 -0.061435 0.113090 -0.478156 -0.301215 -0.288289 0.005501 -0.310481 -0.256817 -0.084283 0.199023 0.122865 0.277976 0.138954 0.251322 0.222583 -0.169856 -0.262305 -0.319234 0.065172 -0.084077
0.195672 -0.158260 0.616848 0.336547 0.530578 0.511138 0.420713 0.248260 0.558222 0.183577 -0.394310 -0.289039 -0.158529 -0.296228 0.626903 0.107280 -0.174741 -0.307729 0.289118 -0.071738 0.366566 0.387795 1.000000 0.630124 0.765946 0.519436 0.386259 0.433652 -0.287614 -0.371874 0.509855 0.469752 -0.082664 0.078468 0.088107 -0.015656 -0.210251 -0.167348 -0.058265 -0.026686 0.074838 -0.045880 0.090652 -0.058066 0.079908 0.025649 -0.182125 -0.220294 -0.450001 -0.112925 0.312340 -0.254872 -0.437597 -0.284713 -0.288435 -0.063573 -0.073292 0.077021 -0.293969 -0.457340 -0.104767 -0.470864 -0.366644 -0.433178 0.778195 0.057013 -0.222903 -0.153358 -0.249530 -0.266846 0.261403 -0.059224 -0.333923 -0.188827 -0.338540 0.137081 -0.156512 -0.178127 -0.009874 -0.181988 -0.198771 -0.093320 0.410343 -0.276782 0.433163 -0.014577 0.430190 0.052625 0.741838 -0.164106 -0.200745 -0.063419 0.270193 0.133844 -0.190927 -0.022608 -0.218136 -0.080808 -0.278886 -0.433580 -0.398866 -0.298452 -0.446684 -0.383768 -0.247238 -0.116700 -0.122522 0.063638 -0.032253 0.039121 -0.065261 -0.170782 0.012863 -0.213336 -0.107171 -0.350325
0.141379 -0.048832 0.443495 0.642951 0.436838 0.536265 0.550759 0.474502 0.270441 0.201203 -0.239226 0.002564 0.007737 -0.087821 0.403894 0.119262 -0.296819 -0.382670 0.125395 -0.092106 0.384230 0.421754 0.630124 1.000000 0.371393 0.132017 0.513041 0.344400 -0.073952 -0.167040 0.279758 0.419040 -0.067468 0.090211 0.135999 -0.020459 -0.064469 -0.005985 -0.179569 0.006975 0.183789 0.154721 -0.008218 0.006814 -0.069843 -0.161772 -0.299474 -0.345866 -0.456816 -0.239265 -0.058801 -0.327719 -0.508077 -0.478437 -0.187635 -0.066403 -0.209588 -0.165389 -0.335927 -0.403424 0.113599 -0.247343 -0.130965 -0.350489 0.533545 0.230523 -0.210610 -0.130373 -0.402892 -0.325304 0.122674 0.066287 -0.000110 -0.049975 -0.292069 0.111838 -0.099437 -0.170884 -0.110704 -0.293636 -0.340627 -0.401537 0.370597 -0.001843 0.121163 0.126886 0.160977 -0.091892 0.414956 0.093435 -0.239671 -0.104993 0.211818 0.002295 -0.160845 0.218616 -0.113484 0.190715 -0.393311 -0.208780 -0.332246 -0.224331 -0.366860 -0.301452 -0.153985 -0.213685 -0.250503 -0.039677 0.273525 0.082176 -0.049743 -0.225906 -0.013163 -0.134189 -0.043663 -0.132646
0.128670 -0.116822 0.434829 0.144566 0.317235 0.298299 0.183524 0.048981 0.368460 0.082979 -0.421868 -0.278917 -0.330281 -0.361985 0.433943 0.046491 0.072694 0.009572 0.260229 -0.134341 0.354241 0.493951 0.765946 0.371393 1.000000 0.689739 0.257417 0.317810 -0.053303 -0.109723 0.574682 0.466757 -0.133470 0.030666 -0.048066 0.151591 -0.011903 -0.041051 0.026849 0.048702 0.386777 0.192788 0.036242 -0.124331 0.154361 0.156855 -0.230654 -0.232348 -0.512857 -0.034186 0.173759 -0.292606 -0.426458 -0.307770 -0.373230 -0.090693 0.035274 0.228004 -0.334852 -0.394863 -0.332835 -0.406459 -0.320251 -0.266008 0.629263 -0.027557 -0.294255 -0.157907 -0.302671 -0.320485 0.285521 0.196723 -0.145414 -0.034582 -0.130749 0.178106 -0.026245 -0.099491 0.068014 -0.171546 0.088289 0.227370 0.388972 -0.060670 0.473374 0.038473 0.347170 0.162866 0.576817 -0.300693 -0.113750 -0.119792 0.168993 0.119632 -0.144380 0.158968 -0.199208 -0.122770 -0.185198 -0.346409 -0.371807 -0.020894 -0.393446 -0.389369 -0.252766 0.002142 -0.032428 0.071296 0.025257 -0.007534 0.036477 -0.070399 -0.023499 -0.213754 0.045007 -0.120336
-0.172488 -0.418771 0.242338 -0.073706 -0.100934 0.051028 -0.136341 0.019432 0.178687 -0.149038 -0.491271 -0.291025 -0.495945 -0.420473 0.095793 -0.255640 -0.169403 -0.041308 0.072507 -0.187667 0.336572 0.529725 0.519436 0.132017 0.689739 1.000000 -0.013847 0.414146 -0.240792 -0.144502 0.473879 0.470491 -0.031062 -0.003808 -0.120469 0.277577 -0.006594 -0.046172 0.191059 0.327117 0.264144 0.115522 0.411291 0.181670 0.334312 0.506966 0.082848 0.272887 -0.374609 0.076429 0.378361 0.005245 -0.357922 -0.075399 -0.329193 0.074629 -0.310780 0.023169 -0.486102 -0.490500 -0.567987 -0.534376 -0.583484 -0.407199 0.546664 0.081686 -0.198083 0.216515 -0.181243 -0.187114 0.222036 0.181114 -0.180563 0.032713 -0.079659 0.183995 -0.070379 0.156532 -0.076777 -0.025595 -0.206515 0.110311 -0.020682 -0.403992 0.409596 0.074752 0.186942 0.034248 0.312547 -0.336579 -0.098143 -0.064310 0.305678 0.239495 0.213079 -0.001943 0.059387 -0.035532 -0.091686 -0.370254 -0.167154 -0.143209 -0.266586 -0.265556 -0.164612 0.080629 0.077285 0.014273 -0.008886 -0.045108 0.371005 0.042386 -0.067365 -0.035133 0.072914 -0.119879
0.456224 0.276656 0.351005 0.472045 0.450720 0.782879 0.356102 0.101491 -0.023600 0.087734 -0.166150 -0.352979 -0.191598 -0.346140 0.132139 0.292621 -0.070293 -0.312073 0.044314 -0.093486 0.527318 0.471966 0.386259 0.513041 0.257417 -0.013847 1.000000 0.567893 -0.163090 -0.430398 0.258409 0.048606 -0.073626 -0.028532 -0.052150 -0.298947 -0.148719 -0.449477 -0.096095 0.017191 0.150555 -0.084349 -0.301864 -0.370353 -0.056672 -0.176189 -0.308744 -0.495473 -0.112276 0.028867 -0.147873 -0.236138 -0.357418 -0.310099 0.032644 0.035523 0.112751 0.019317 0.065359 0.087324 0.132590 -0.142999 0.101125 -0.148872 0.022647 -0.246262 0.051731 -0.242966 0.022893 0.079776 0.293933 0.158020 -0.165822 -0.354659 -0.145212 0.181030 -0.298450 -0.400814 -0.253770 -0.465167 -0.080534 -0.284880 0.348499 0.181234 -0.076640 -0.118840 0.240081 0.101769 0.431814 0.356320 -0.362373 -0.094411 -0.059019 -0.030411 -0.248851 0.119073 -0.174802 0.048087 -0.331827 -0.007707 -0.309914 0.024602 -0.139168 0.030063 0.127520 0.014862 -0.038966 0.369913 -0.032640 0.121808 -0.265616 -0.346584 -0.293130 -0.348192 -0.058162 -0.164824
0.181507 0.116135 0.333263 0.443894 0.064825 0.539696 0.018364 0.039456 -0.084425 -0.226763 -0.326573 -0.231681 -0.297000 -0.205398 0.067721 -0.026337 -0.150579 -0.437141 -0.100438 0.024858 0.382242 0.485841 0.433652 0.344400 0.317810 0.414146 0.567893 1.000000 -0.355066 -0.419723 0.181219 -0.016440 -0.218336 -0.138840 0.112981 -0.326662 -0.085466 -0.269865 0.174991 0.506258 -0.001514 -0.352451 0.029676 -0.248868 0.159912 0.111485 -0.283338 -0.035197 0.011365 0.148402 0.309079 0.196814 -0.271490 -0.271792 -0.017587 0.264299 -0.119515 -0.034863 -0.069027 -0.098843 -0.275418 -0.347785 -0.462198 -0.478392 0.093626 -0.037926 0.056973 0.056618 0.090269 0.132342 0.418610 -0.156438 -0.096893 -0.166315 -0.074334 -0.038061 -0.118535 -0.048525 -0.174455 -0.223085 -0.276829 -0.230863 0.079763 -0.130053 0.129220 0.139246 0.183376 -0.022227 0.368384 0.201408 -0.194593 -0.094056 0.176945 -0.033614 0.175387 -0.302906 -0.005207 -0.003536 -0.213431 -0.343209 -0.120789 -0.390116 -0.114496 -0.134771 -0.028679 0.040552 0.087135 0.174277 -0.255922 0.086598 -0.034085 -0.414606 -0.303023 -0.374141 -0.050599 -0.289248
0.128893 0.222686 -0.235673 -0.342000 -0.003498 -0.215378 0.010036 -0.199090 -0.073249 0.191145 0.385733 0.277629 0.111848 0.142960 -0.072259 0.020666 0.520245 0.520231 0.296852 0.191629 -0.018131 -0.026189 -0.287614 -0.073952 -0.053303 -0.240792 -0.163090 -0.355066 1.000000 0.626990 0.087245 0.316596 0.122104 -0.006717 -0.259238 0.016097 0.414700 0.194511 -0.025433 -0.201697 0.128801 0.220043 -0.263139 -0.228310 -0.213283 -0.300353 -0.086593 -0.200856 -0.130277 -0.127775 -0.615103 -0.263960 0.061386 0.128744 -0.120742 -0.247463 0.232301 0.136384 -0.178354 0.131381 0.049881 0.362745 0.520590 0.442493 -0.323946 -0.176284 -0.245759 -0.363714 -0.062437 -0.077684 0.071932 0.137278 0.589956 0.127552 0.214023 -0.044984 0.212400 0.036286 0.180674 0.181855 0.503344 0.539472 0.084884 0.409273 -0.210096 -0.202541 -0.270112 -0.201641 -0.325563 -0.266211 -0.014120 -0.244829 -0.369842 -0.220834 -0.058209 0.254337 -0.094913 -0.170193 0.006437 0.185916 -0.085236 0.359761 -0.213687 -0.005831 0.040922 0.073344 0.137333 -0.016760 0.078994 -0.123350 -0.215234 0.164221 0.081057 0.011911 -0.063440 0.250819
-0.208734 -0.143658 -0.349996 -0.357428 -0.145590 -0.366971 -0.151067 -0.235860 -0.103546 0.093007 0.131824 0.427172 0.080417 0.312924 -0.118889 0.070440 0.257648 0.637528 -0.018228 0.073434 -0.204163 -0.191805 -0.371874 -0.167040 -0.109723 -0.144502 -0.430398 -0.419723 0.626990 1.000000 -0.123421 0.074243 0.120074 -0.103573 -0.062381 0.412411 0.563780 0.512074 0.145857 0.058117 0.147953 0.522070 0.022785 0.043825 -0.160655 -0.205018 0.207719 0.083978 -0.242487 -0.255227 -0.309630 -0.249435 0.091601 -0.011617 0.088513 -0.113540 -0.112038 -0.080629 -0.212663 -0.137023 -0.060437 0.200263 0.298230 0.278250 -0.155533 -0.041744 -0.280054 -0.224474 -0.151959 -0.154159 -0.039597 0.308676 0.512191 0.535735 0.248030 -0.002313 0.396406 0.251554 0.107753 0.442726 0.282169 0.429040 -0.095788 0.359662 -0.120280 0.083037 -0.347263 -0.257906 -0.404514 -0.229229 -0.056890 -0.407957 -0.303444 -0.287523 0.259747 0.164522 0.288392 0.086066 0.131760 0.116453 0.030460 0.105110 -0.110899 -0.113253 0.161737 0.172852 -0.036832 -0.026321 0.109668 -0.243248 0.043381 0.161455 0.146767 0.197715 0.131996 0.403358
0.083192 0.000874 0.404414 -0.045595 0.126087 0.138295 0.223553 0.046845 0.239840 0.261222 -0.300780 -0.397953 -0.303833 -0.424578 0.064868 -0.052206 0.228350 -0.045131 0.312170 -0.034664 0.276440 0.383611 0.509855 0.279758 0.574682 0.473879 0.258409 0.181219 0.087245 -0.123421 1.000000 0.797671 0.096380 0.294866 -0.330143 -0.099565 -0.117765 -0.429730 -0.326642 -0.124153 0.121092 0.036156 0.161171 -0.145787 0.374591 0.246894 -0.165790 -0.168105 -0.265242 0.144813 -0.043072 -0.379492 -0.379615 -0.001729 -0.501653 -0.238471 0.057632 0.424862 -0.318389 -0.113143 -0.165787 -0.037516 -0.029390 0.144672 0.324955 -0.150260 -0.059219 -0.144871 -0.350717 -0.292543 0.352686 -0.077730 -0.175518 -0.129561 -0.102921 0.172208 -0.295768 -0.186292 -0.151369 -0.262198 0.152244 0.229773 0.149879 -0.052753 0.163036 -0.143890 0.030437 -0.161763 0.188297 -0.380917 -0.066737 -0.112618 0.109681 0.119232 -0.213676 0.062925 -0.460689 -0.224317 0.051716 -0.114382 -0.169175 0.102655 -0.063395 -0.219883 -0.264083 -0.119804 0.014095 0.110869 -0.004836 0.000025 -0.048138 0.135856 -0.043108 -0.139741 -0.176027 -0.254286
-0.026072 -0.183089 0.323228 -0.109509 0.157565 0.074403 0.284097 0.244263 0.403820 0.361977 -0.226468 -0.141201 -0.259829 -0.258267 0.143876 -0.184580 0.054914 0.035913 0.430252 0.007345 0.346836 0.381322 0.469752 0.419040 0.466757 0.470491 0.048606 -0.016440 0.316596 0.074243 0.797671 1.000000 0.110425 0.150573 -0.278324 0.088291 -0.032676 -0.170800 -0.271933 -0.244985 0.021128 0.211718 0.213732 0.049004 0.256499 0.245444 -0.020658 -0.084929 -0.448353 -0.011452 -0.208223 -0.409397 -0.432236 -0.052508 -0.535888 -0.404600 -0.145212 0.176672 -0.581220 -0.293024 -0.247857 -0.071115 -0.031344 0.037735 0.454780 0.061188 -0.203227 -0.001932 -0.367754 -0.313989 0.319635 0.005240 -0.024659 0.026420 -0.205389 0.242823 -0.130976 0.069241 -0.019466 -0.018061 0.037907 0.178450 0.079444 -0.167224 0.148343 -0.204081 -0.106172 -0.260660 0.076093 -0.527265 -0.012532 -0.110476 0.151242 0.205674 -0.157157 0.120808 -0.357382 -0.261991 -0.004986 -0.238052 -0.209325 0.159174 -0.270824 -0.216046 -0.167585 -0.122111 0.014882 -0.073738 0.073291 -0.157684 0.035441 0.108900 0.052661 -0.069336 -0.267671 -0.187472
0.078071 -0.127934 0.142793 -0.094012 0.026673 -0.071370 0.264091 0.048658 -0.039083 -0.094167 0.233319 0.128277 0.123379 -0.053518 -0.217163 -0.154622 0.149532 0.151844 0.431358 0.180806 -0.061285 0.012100 -0.082664 -0.067468 -0.133470 -0.031062 -0.073626 -0.218336 0.122104 0.120074 0.096380 0.110425 1.000000 0.621145 -0.139809 0.230417 -0.057547 -0.155715 0.091060 -0.203517 -0.081101 -0.010855 0.094846 0.304397 -0.310107 -0.178186 0.064511 0.177637 -0.110248 -0.343220 -0.162355 -0.233773 0.093177 0.175656 0.233553 0.039269 -0.123205 0.019924 -0.091174 -0.044643 0.134402 0.164168 0.286594 0.279292 -0.113589 -0.242071 -0.003954 -0.152893 0.035102 -0.062490 -0.185084 -0.018333 -0.017066 -0.261893 -0.121491 0.099106 -0.117309 -0.201075 -0.227838 0.097023 -0.046781 0.008398 0.052898 -0.117208 -0.029751 -0.137354 0.216379 -0.024560 -0.106490 -0.125434 -0.456523 -0.362836 -0.462788 -0.269288 0.036497 0.133284 0.259606 -0.016524 -0.215689 0.011292 -0.290741 -0.081623 -0.280312 -0.255649 -0.228874 -0.127551 -0.228339 0.134656 0.180427 0.088840 -0.026418 0.024656 -0.222489 -0.003976 -0.022734 0.173922
-0.080950 -0.001095 0.195877 0.013429 -0.024350 -0.153291 0.203104 -0.084534 0.017070 -0.111844 0.059102 -0.177005 0.249437 0.011380 -0.086025 0.022203 0.166350 -0.196242 0.174566 0.093895 0.008784 0.133109 0.078468 0.090211 0.030666 -0.003808 -0.028532 -0.138840 -0.006717 -0.103573 0.294866 0.150573 0.621145 1.000000 0.079470 0.080570 -0.286774 -0.001389 -0.149532 -0.031524 0.128139 -0.166272 0.057811 0.193965 -0.183271 -0.147203 -0.091508 0.019416 0.050759 -0.112209 0.049928 -0.175480 0.036767 0.062300 -0.027740 0.229221 0.001233 0.211346 0.151502 0.088350 0.290862 0.205781 0.164394 0.273290 -0.035697 -0.239687 0.214974 -0.117176 -0.100438 -0.099208 -0.390521 -0.217412 -0.029906 -0.379913 -0.119103 -0.168904 -0.244974 -0.399680 -0.163127 -0.234899 -0.018124 -0.071216 0.058893 -0.097317 -0.127607 -0.211391 0.258326 0.098677 -0.036646 -0.201627 -0.326494 -0.103088 -0.225509 -0.219179 -0.266364 0.364161 -0.012395 0.240217 -0.272912 0.050182 -0.135519 -0.149179 -0.026542 -0.187528 -0.489145 -0.214258 -0.420121 -0.179759 0.362697 0.606142 0.108945 0.232975 -0.100400 -0.015160 0.103786 -0.003436
-0.303306 -0.015906 0.109257 0.312051 0.003418 -0.053522 0.007812 0.045537 -0.010180 -0.237239 -0.054960 -0.167500 0.211032 0.219192 0.108599 0.112316 -0.178180 -0.340915 -0.405001 0.054811 -0.048443 -0.049584 0.088107 0.135999 -0.048066 -0.120469 -0.052150 0.112981 -0.259238 -0.062381 -0.330143 -0.278324 -0.139809 0.079470 1.000000 0.103564 0.047479 0.446597 0.116276 0.148821 -0.106656 -0.176948 0.048667 0.264165 -0.020711 0.018904 0.043403 0.206550 0.181740 -0.035058 0.306708 0.224644 0.082411 -0.209499 0.216418 0.108696 -0.086128 -0.114627 0.154419 0.058300 0.103987 -0.011772 -0.121133 -0.131804 -0.019598 0.104133 0.348077 0.432833 0.018077 0.211472 -0.136447 -0.244934 -0.117710 -0.052415 -0.388133 -0.418154 0.336253 0.255602 0.071265 0.206639 -0.093786 -0.172866 0.045836 -0.148874 -0.126785 -0.065085 -0.036032 0.000944 -0.075930 -0.081174 -0.137830 0.067594 -0.076651 0.037718 0.003060 -0.187403 0.238748 0.050893 -0.295305 -0.304821 -0.292478 -0.384128 -0.157993 0.049900 -0.183487 -0.235412 -0.315914 -0.466673 -0.058447 0.205218 0.114207 -0.139336 -0.095172 -0.242574 -0.141174 -0.319048
-0.338905 -0.445169 -0.191930 -0.196388 -0.012255 -0.180974 -0.093302 0.028202 0.038385 -0.066600 -0.145434 0.093338 -0.111537 -0.034473 -0.015684 -0.024379 -0.227652 0.311649 -0.014277 -0.134927 0.048195 0.045256 -0.015656 -0.020459 0.151591 0.277577 -0.298947 -0.326662 0.016097 0.412411 -0.099565 0.088291 0.230417 0.080570 0.103564 1.000000 0.269695 0.429896 0.251399 0.007448 0.301912 0.450828 0.382613 0.551491 0.002154 0.145861 0.448463 0.257959 -0.247649 -0.161955 0.149283 0.021289 0.100283 0.177161 0.144358 0.118296 -0.366482 -0.214369 -0.293403 -0.461230 -0.157168 -0.256667 -0.063537 -0.134162 0.348840 0.116554 -0.290224 0.141614 -0.226070 -0.160478 -0.368094 0.564139 -0.092463 0.127578 -0.108596 0.172239 0.089640 0.135583 -0.291422 0.301792 -0.235246 0.036288 -0.176292 -0.241966 0.114650 -0.043140 -0.014824 0.009611 -0.182239 -0.279701 -0.224662 -0.262409 -0.136427 0.115239 0.260335 0.326350 0.541493 0.267048 -0.041153 -0.018077 -0.326068 -0.057466 -0.361527 -0.163627 0.140513 0.070574 -0.153787 -0.052710 0.373982 -0.128233 0.467517 0.275588 0.093553 0.174947 0.138695 0.340850
