1.000000 0.402681 0.593648 0.369885 -0.215188 0.054704 0.622808 0.258749 -0.191535 0.044703 0.625011 0.089087 0.256971 -0.127437 0.042248 0.039215 0.576622 0.071678 0.721487 0.756904 -0.495573 -0.465492 0.211639 0.230984 -0.083267 -0.058131 -0.298174 -0.272797 0.223734 -0.543109 -0.094085 -0.120543 0.672722 0.631400 0.056956 0.235891 -0.377182 -0.624494 -0.408393 -0.625865 -0.279145 -0.669511 0.148764 0.039937 0.078326 0.043649 -0.106869 -0.025485 0.091579 0.046276 0.273539 -0.100507 0.264093 -0.342813 -0.303365 -0.724158 0.535952 -0.143278 -0.125879 -0.334307 0.563068 0.308825 0.583153 -0.012561 0.552359 0.045619 -0.131936 -0.192880 -0.029713 -0.178689 -0.153863 -0.013594 -0.034733 -0.439478 -0.283860 -0.331948 0.282246 0.067647 0.335634 -0.250518 0.330030 -0.185603 -0.202162 -0.244167 0.163912 -0.451220 0.048199 -0.423656 -0.075713 -0.726915 -0.163677 -0.251334 -0.224752 -0.225039 -0.211733 -0.602109 -0.292455 -0.530580 -0.286727 -0.502439 -0.388104 -0.301132 -0.039163 -0.241222 -0.482736 -0.576631 -0.432014 -0.537435 -0.538594 -0.264532 0.169116 -0.173631 -0.248180 -0.075637 -0.192591 -0.479055
0.402681 1.000000 0.244595 0.527262 -0.084038 0.017672 0.273653 0.531339 -0.010687 0.036911 0.303202 0.477178 0.139853 0.329056 0.099699 0.130323 0.186094 0.451463 0.419943 0.528321 -0.175892 -0.363917 0.080893 0.108855 0.016579 -0.042699 -0.336732 -0.386752 0.076366 0.040776 0.144508 0.129171 0.108268 0.365807 -0.409098 0.094734 -0.448893 -0.077234 -0.254929 -0.256570 -0.145556 -0.308838 -0.459917 -0.400970 -0.409335 -0.342779 -0.363673 -0.096739 -0.363311 -0.391948 -0.265017 -0.295307 -0.051300 -0.316785 -0.215638 -0.370410 0.033569 0.451460 -0.247603 -0.159150 -0.120531 0.304912 0.051838 0.567010 -0.228114 -0.155942 -0.429960 -0.403546 0.133735 -0.204611 0.042648 0.261320 -0.008322 0.159453 -0.123622 0.018890 0.162049 0.300105 0.134298 0.211650 0.007242 0.297827 -0.245434 0.110185 -0.058936 0.058149 0.021754 -0.362878 0.138410 -0.185206 -0.049980 -0.282520 -0.151509 -0.436210 -0.236650 -0.395618 -0.223460 -0.286569 -0.174859 -0.459339 -0.387761 -0.404669 -0.056604 -0.377337 -0.434426 -0.625369 -0.222038 -0.547852 -0.506760 -0.108459 0.177104 -0.416905 -0.317936 -0.394943 -0.310598 -0.472256
0.593648 0.244595 1.000000 0.706742 0.152197 0.267035 0.832006 0.587396 0.194599 0.201621 0.529976 0.284395 0.422754 0.179607 0.212637 0.083792 0.289967 0.064917 0.658209 0.573115 -0.110178 -0.028391 0.819950 0.795902 0.310730 0.377179 0.079711 0.068585 0.077437 -0.229704 0.240264 0.255507 0.428711 0.619573 0.003851 0.106970 -0.443612 -0.453376 -0.351248 -0.456142 -0.353888 -0.335911 -0.080981 -0.045603 -0.116220 0.032634 -0.356592 -0.108575 -0.101587 -0.073514 0.017946 -0.128405 0.006469 -0.127717 -0.550079 -0.635646 0.050237 -0.224055 -0.304639 -0.300192 0.105920 0.135528 0.109105 -0.142350 0.176728 0.005289 -0.207153 -0.105016 -0.139216 -0.011320 0.245283 0.136546 -0.048701 -0.134837 -0.230377 -0.036290 -0.008740 0.034712 0.028891 -0.293705 0.073475 -0.174911 -0.076033 0.010986 -0.069208 -0.351497 -0.036146 -0.288049 -0.192620 -0.620126 -0.227632 -0.106316 -0.395861 -0.176354 -0.170894 -0.496364 -0.525312 -0.580894 -0.557593 -0.556261 -0.589231 -0.313273 -0.368610 -0.375650 -0.554928 -0.588026 -0.321432 -0.429493 -0.405206 -0.377853 -0.127972 -0.314382 -0.472004 -0.305192 -0.180623 -0.355291
0.369885 0.527262 0.706742 1.000000 0.262324 0.328949 0.598960 0.868214 0.255423 0.325863 0.336024 0.588718 0.276004 0.510862 0.238212 0.351388 0.141229 0.333584 0.687071 0.638602 0.126388 0.087500 0.732799 0.661895 0.276560 0.429559 0.077586 0.100686 0.090578 0.175140 0.545744 0.591174 0.255936 0.554178 -0.334836 -0.262067 -0.481719 -0.123977 -0.139722 -0.123610 -0.118383 -0.115218 -0.482307 -0.423449 -0.350327 -0.229124 -0.604286 -0.370670 -0.326229 -0.314091 -0.298296 -0.367976 -0.270101 -0.393758 -0.436823 -0.412962 -0.075875 -0.009080 -0.395419 -0.323237 -0.179696 -0.071036 -0.035834 0.138214 -0.138146 -0.323135 -0.480134 -0.385619 -0.222723 -0.234134 0.376454 0.470124 0.082377 0.265750 -0.044982 0.249401 -0.029310 0.152174 -0.068996 -0.095386 -0.131727 0.035948 -0.058589 0.343501 -0.260809 -0.190733 -0.152281 -0.198353 0.024522 -0.309124 -0.156360 -0.350928 -0.249454 -0.398492 -0.222428 -0.319668 -0.456993 -0.493895 -0.424914 -0.502298 -0.416426 -0.267756 -0.267364 -0.262513 -0.416478 -0.536922 -0.188004 -0.439807 -0.381780 -0.373575 -0.270302 -0.535485 -0.615511 -0.403966 -0.132700 -0.445987
-0.215188 -0.084038 0.152197 0.262324 1.000000 0.715349 0.213368 0.212190 0.808083 0.619611 -0.084966 -0.135778 0.332871 0.157849 0.766225 0.603199 -0.174211 -0.359810 -0.010491 0.014298 0.587190 0.646106 0.431767 0.436512 0.778844 0.807881 0.811522 0.679527 0.051572 0.175783 0.451566 0.327269 -0.266734 -0.216741 -0.104419 -0.302723 0.165657 -0.104369 0.423450 0.361636 0.274696 0.341870 -0.358590 -0.385566 -0.167659 -0.127416 -0.334545 -0.406695 -0.110349 -0.137528 -0.316303 -0.205471 -0.493947 -0.259432 -0.130923 -0.098195 -0.048329 0.088559 0.222125 0.329387 -0.110783 -0.014731 -0.366435 -0.273847 -0.044286 -0.042840 0.108439 0.039649 0.146624 0.279128 0.431107 -0.007180 0.120354 0.072537 0.125009 0.071976 -0.218622 -0.405345 -0.181137 -0.393829 -0.201573 -0.353723 0.425998 0.480799 -0.297600 -0.396353 -0.061785 0.082325 0.085830 -0.048020 -0.243630 -0.052743 -0.176781 -0.052517 -0.006173 0.055815 -0.310866 -0.155416 -0.292352 -0.278185 0.056579 0.200371 -0.052068 0.210246 0.134858 0.116133 0.306345 0.179483 0.096939 -0.052896 -0.464864 -0.348071 -0.204997 -0.181062 -0.092375 -0.126015
0.054704 0.017672 0.267035 0.328949 0.715349 1.000000 0.261000 0.212372 0.574658 0.874129 -0.086901 -0.226015 0.238962 0.046395 0.684096 0.734843 -0.164523 -0.344726 0.157607 0.270698 0.511200 0.427533 0.324878 0.314477 0.767946 0.819399 0.660604 0.579999 -0.078934 -0.028193 0.133028 0.053729 -0.111399 -0.188284 0.008608 -0.152815 -0.058353 -0.196336 0.168983 0.220714 0.051692 0.192476 -0.150700 -0.205632 0.000294 0.010710 -0.277585 -0.314192 0.061455 0.039199 -0.080583 -0.059461 -0.474518 -0.344877 -0.230251 -0.215987 0.190889 0.071843 0.192847 0.366194 0.103486 0.253817 -0.089693 -0.147028 0.034654 0.115663 0.146093 0.091241 0.089541 0.226408 0.156713 -0.173990 -0.130384 -0.124597 -0.190726 -0.116398 -0.388559 -0.540976 -0.238717 -0.479085 -0.247199 -0.466904 0.331413 0.379414 -0.323741 -0.417832 0.065113 -0.043518 -0.015478 -0.043964 -0.154917 0.016827 -0.158412 0.016218 -0.231116 -0.221813 -0.355645 -0.295827 -0.308289 -0.263691 -0.075667 0.202668 -0.032221 0.159910 0.009943 -0.098106 0.125569 0.095796 -0.062608 -0.099038 -0.328675 -0.270610 -0.102487 -0.312765 0.003932 -0.177851
0.622808 0.273653 0.832006 0.598960 0.213368 0.261000 1.000000 0.547676 0.174294 0.222151 0.773549 0.212567 0.684493 0.051406 0.465212 0.175681 0.558268 0.030303 0.545976 0.454255 -0.001366 0.013210 0.703908 0.713307 0.247131 0.273350 -0.013384 -0.065608 0.380050 -0.299223 0.289268 0.182099 0.269418 0.516236 -0.011168 0.120138 -0.153210 -0.516602 -0.060282 -0.386832 -0.062656 -0.381559 -0.186975 -0.242217 -0.284179 -0.214174 -0.237855 -0.193330 -0.275108 -0.264512 -0.171889 -0.350738 0.083541 -0.211888 -0.217514 -0.603814 -0.024106 -0.296813 -0.349078 -0.388326 0.119444 0.154357 0.070799 -0.196153 0.262605 -0.072213 -0.376764 -0.283711 -0.229922 -0.102209 0.390294 0.148374 0.211191 -0.219263 -0.115016 -0.146936 0.224907 0.114449 0.313184 -0.206371 0.276010 -0.241290 -0.008565 0.033128 0.196700 -0.450763 -0.227318 -0.452956 0.178394 -0.669022 -0.174543 -0.097904 -0.185182 -0.125239 -0.098801 -0.504012 -0.267473 -0.479037 -0.410696 -0.587380 -0.532844 -0.202884 -0.103774 -0.290745 -0.410816 -0.555447 -0.111938 -0.484684 -0.485644 -0.298124 -0.002428 -0.213776 -0.317222 -0.239039 -0.198530 -0.445313
0.258749 0.531339 0.587396 0.868214 0.212190 0.212372 0.547676 1.000000 0.142230 0.252755 0.366390 0.764609 0.370527 0.714058 0.235147 0.276703 0.064614 0.508363 0.431089 0.427779 0.145100 0.107769 0.662420 0.664981 0.150807 0.249853 -0.072422 -0.049685 0.074612 0.269270 0.587060 0.662176 0.000321 0.430679 -0.473564 -0.146764 -0.448788 0.008325 -0.214350 -0.121096 -0.116326 -0.057587 -0.583440 -0.527328 -0.482535 -0.302380 -0.580100 -0.233050 -0.443430 -0.426529 -0.419644 -0.433087 -0.169356 -0.313152 -0.397144 -0.334269 -0.243590 -0.064048 -0.424063 -0.391973 -0.331488 -0.082660 -0.238448 0.116881 -0.252596 -0.385884 -0.569238 -0.336440 -0.210140 -0.286755 0.447368 0.607379 0.048750 0.399856 0.011546 0.323099 -0.004144 0.257005 -0.125416 0.051650 -0.175335 0.188455 -0.176630 0.356374 -0.229649 0.009205 -0.220488 -0.275208 0.123743 -0.211371 0.025889 -0.127376 -0.166624 -0.314876 -0.215189 -0.259968 -0.395495 -0.417150 -0.349243 -0.454785 -0.382365 -0.273159 -0.191677 -0.306408 -0.352036 -0.512065 -0.068744 -0.478056 -0.427025 -0.303730 -0.213260 -0.618549 -0.685244 -0.507373 -0.130954 -0.443479
-0.191535 -0.010687 0.194599 0.255423 0.808083 0.574658 0.174294 0.142230 1.000000 0.429322 -0.115723 -0.187672 0.278762 0.131023 0.614779 0.380488 -0.117853 -0.419093 -0.029631 0.072399 0.326300 0.379364 0.399932 0.439000 0.849949 0.766206 0.663944 0.420324 -0.004496 0.092152 0.300871 0.198365 -0.171266 -0.131357 -0.010114 -0.089211 0.069801 -0.088656 0.321860 0.242590 0.102499 0.120175 -0.241264 -0.226929 -0.068400 0.023878 -0.295508 -0.243601 -0.036701 -0.047241 -0.247064 -0.075191 -0.367955 -0.194951 -0.180522 -0.158369 -0.048407 0.176267 0.139526 0.322492 -0.091128 0.138425 -0.318472 -0.161323 -0.118849 0.062537 0.089615 0.056194 0.139698 0.298282 0.372501 -0.124607 0.112176 0.032669 0.033238 0.024573 -0.156975 -0.258086 -0.058626 -0.493319 -0.140387 -0.331639 0.089161 0.266466 -0.411681 -0.492797 -0.002685 -0.040465 0.002977 -0.131917 -0.233137 -0.018198 -0.222604 -0.053110 0.133630 0.037797 -0.360249 -0.177359 -0.168701 -0.262595 0.019229 0.160109 -0.168739 0.189346 -0.036449 0.096311 0.087964 0.133100 0.121046 -0.089142 -0.334737 -0.276100 -0.190829 -0.068019 -0.024169 -0.158843
0.044703 0.036911 0.201621 0.325863 0.619611 0.874129 0.222151 0.252755 0.429322 1.000000 -0.037004 -0.161891 0.239527 0.063643 0.640409 0.780946 -0.148547 -0.247412 0.162690 0.242324 0.496220 0.407970 0.255290 0.271852 0.575404 0.614032 0.481212 0.411006 -0.022801 0.008350 0.178740 0.081757 -0.137444 -0.186151 -0.036131 -0.147572 -0.009697 -0.131528 0.178244 0.183274 0.094264 0.192308 -0.181148 -0.259542 -0.056555 -0.121085 -0.203413 -0.324801 -0.010198 -0.042954 -0.137193 -0.132637 -0.413106 -0.292755 -0.103773 -0.102607 0.059821 -0.080304 0.106081 0.211426 0.104562 0.209512 -0.074928 -0.169678 0.050957 0.074132 0.056445 0.010508 -0.003099 0.156098 0.127142 -0.050538 -0.053585 -0.093544 -0.151174 -0.108982 -0.263448 -0.419342 -0.173908 -0.350552 -0.267363 -0.447690 0.243530 0.304100 -0.281657 -0.309574 0.023493 -0.104634 0.066677 0.016564 -0.083846 0.026108 -0.070911 0.025019 -0.203119 -0.104280 -0.234690 -0.198698 -0.310855 -0.224342 -0.102010 0.168890 0.036765 0.121853 0.081112 -0.091670 0.110110 0.114055 -0.057636 -0.139068 -0.285361 -0.291093 -0.129568 -0.219353 0.025145 -0.128932
0.625011 0.303202 0.529976 0.336024 -0.084966 -0.086901 0.773549 0.366390 -0.115723 -0.037004 1.000000 0.286159 0.723542 -0.028323 0.260956 -0.078287 0.821654 0.257502 0.408269 0.315057 -0.078086 -0.076498 0.389465 0.431889 -0.089812 -0.164197 -0.366513 -0.335148 0.716602 -0.259130 0.283143 0.137958 0.264328 0.539517 -0.217065 0.103267 0.140175 -0.367002 0.034199 -0.415370 0.209229 -0.441984 -0.176634 -0.293300 -0.394900 -0.407057 -0.023088 -0.072044 -0.441253 -0.450964 -0.252034 -0.516010 0.368009 -0.204488 0.160787 -0.439043 -0.092699 -0.324789 -0.559160 -0.669525 0.049433 0.005596 0.103938 -0.164796 0.262753 -0.283979 -0.613893 -0.520691 -0.378466 -0.307736 0.386229 0.342020 0.514489 -0.138783 0.119662 -0.048668 0.569664 0.395862 0.533155 0.060643 0.631682 0.050810 -0.078817 -0.125975 0.570676 -0.259304 -0.324321 -0.614684 0.451317 -0.599840 0.010519 -0.162670 0.061256 -0.050357 0.126946 -0.430967 0.116008 -0.242932 -0.097310 -0.388435 -0.408615 -0.209741 0.099295 -0.215588 -0.369531 -0.554263 -0.188811 -0.457709 -0.475345 -0.208681 0.293560 -0.053125 -0.187656 0.016207 -0.223806 -0.430335
0.089087 0.477178 0.284395 0.588718 -0.135778 -0.226015 0.212567 0.764609 -0.187672 -0.161891 0.286159 1.000000 0.227482 0.764352 -0.156279 -0.115619 0.060069 0.822272 0.195904 0.180350 0.088179 -0.016509 0.411218 0.377490 -0.199206 -0.122392 -0.286350 -0.169829 0.180657 0.518572 0.604622 0.709389 0.054043 0.503885 -0.685660 -0.216992 -0.275244 0.358122 -0.194584 -0.040669 0.049407 0.085150 -0.626743 -0.544487 -0.562420 -0.434096 -0.551881 -0.124000 -0.583987 -0.537322 -0.468674 -0.474842 -0.037753 -0.169215 -0.181390 -0.071172 -0.382161 -0.019309 -0.475490 -0.515188 -0.527330 -0.327498 -0.191953 0.249524 -0.414372 -0.542147 -0.657633 -0.523742 -0.317332 -0.520718 0.425263 0.827592 0.212750 0.683493 0.309265 0.575324 0.257035 0.578646 -0.112087 0.488793 -0.053630 0.564336 -0.070313 0.183152 -0.022447 0.361963 -0.128510 -0.062808 0.129597 0.037887 0.094446 -0.188346 -0.070511 -0.325581 -0.174617 -0.062478 -0.130641 -0.241816 -0.138501 -0.197814 -0.165239 -0.377651 -0.104028 -0.345444 -0.259135 -0.397125 -0.038450 -0.358382 -0.324286 -0.322989 -0.102523 -0.459444 -0.582237 -0.304383 -0.186854 -0.266339
0.256971 0.139853 0.422754 0.276004 0.332871 0.238962 0.684493 0.370527 0.278762 0.239527 0.723542 0.227482 1.000000 0.252712 0.634643 0.186950 0.520063 0.032109 0.068578 0.053500 0.314589 0.318969 0.508357 0.593185 0.277194 0.192258 0.053322 -0.014857 0.573104 0.042739 0.486998 0.333219 -0.094630 0.222628 -0.252903 0.051281 0.362152 -0.162008 0.257999 -0.051892 0.344431 -0.004962 -0.384118 -0.468974 -0.524958 -0.501905 -0.199783 -0.166840 -0.527732 -0.549756 -0.530409 -0.601815 0.065843 -0.201789 0.114608 -0.258158 -0.200050 -0.270126 -0.241316 -0.336439 -0.086578 0.061168 -0.254269 -0.289744 0.045351 -0.182337 -0.477654 -0.389366 -0.353236 -0.177303 0.656825 0.350574 0.507338 0.083561 0.310753 0.101886 0.417292 0.181460 0.215899 -0.065787 0.349995 -0.106212 0.107270 0.144195 0.304799 -0.327239 -0.318426 -0.452321 0.478667 -0.354328 -0.063248 0.026545 -0.030750 0.025292 0.092574 -0.200221 0.005841 -0.212949 -0.180545 -0.391862 -0.272642 -0.043509 0.094998 -0.100246 -0.182615 -0.320027 0.047364 -0.182661 -0.203854 -0.179480 -0.086920 -0.211646 -0.181296 -0.134430 -0.315936 -0.283660
-0.127437 0.329056 0.179607 0.510862 0.157849 0.046395 0.051406 0.714058 0.131023 0.063643 -0.028323 0.764352 0.252712 1.000000 0.089106 0.216271 -0.289984 0.544998 -0.003157 0.054737 0.258112 0.231656 0.418989 0.424075 0.072915 0.178021 0.079544 0.110741 -0.078960 0.712397 0.606286 0.756948 -0.216600 0.142682 -0.585679 -0.231090 -0.234371 0.501274 -0.149285 0.127438 -0.041148 0.353624 -0.616850 -0.516319 -0.473829 -0.342475 -0.575880 -0.182017 -0.447820 -0.403549 -0.482590 -0.395438 -0.239392 -0.197628 -0.349020 -0.022603 -0.279550 0.052555 -0.138064 -0.140775 -0.452836 -0.135213 -0.369627 0.138027 -0.418637 -0.341662 -0.401651 -0.302494 -0.127441 -0.286884 0.467959 0.691797 0.084269 0.781123 0.348987 0.693255 0.040731 0.249161 -0.435041 0.211157 -0.376547 0.366679 -0.110633 0.417102 -0.363761 0.244605 -0.117139 0.102555 -0.005768 0.198747 0.010388 -0.012251 -0.192550 -0.261858 -0.105201 0.147838 -0.345969 -0.201860 -0.244750 -0.214542 -0.069011 -0.153119 -0.147812 -0.177716 -0.139987 -0.190956 0.033844 -0.162737 0.008355 -0.109451 -0.443218 -0.593431 -0.571403 -0.409655 -0.191342 -0.165110
0.042248 0.099699 0.212637 0.238212 0.766225 0.684096 0.465212 0.235147 0.614779 0.640409 0.260956 -0.156279 0.634643 0.089106 1.000000 0.673308 0.128034 -0.300669 0.022355 0.064568 0.512992 0.481014 0.359634 0.408668 0.631334 0.592182 0.499868 0.352679 0.232348 0.004669 0.323265 0.132388 -0.314687 -0.165698 -0.060008 -0.089115 0.250440 -0.230123 0.463530 0.193615 0.310587 0.143649 -0.347958 -0.424829 -0.309126 -0.336388 -0.172142 -0.318938 -0.266854 -0.324365 -0.427605 -0.398565 -0.274627 -0.246586 0.080628 -0.180814 -0.040154 -0.003711 0.123436 0.201482 -0.002900 0.126548 -0.315986 -0.319573 0.037775 -0.077121 -0.075013 -0.120326 0.080376 0.246702 0.413572 -0.023837 0.207658 -0.091399 0.077098 -0.095737 0.006710 -0.312532 -0.006228 -0.286197 -0.023962 -0.447245 0.335123 0.394880 -0.059011 -0.491039 -0.069467 -0.212720 0.391145 -0.172692 -0.153144 0.036210 -0.074091 0.048987 -0.066746 -0.113297 -0.142447 -0.155153 -0.231120 -0.337547 -0.050343 0.267673 0.243150 0.236732 0.118211 -0.081388 0.291532 0.060091 -0.086851 -0.003463 -0.227644 -0.157570 -0.020827 -0.183256 -0.202085 -0.235541
0.039215 0.130323 0.083792 0.351388 0.603199 0.734843 0.175681 0.276703 0.380488 0.780946 -0.078287 -0.115619 0.186950 0.216271 0.673308 1.000000 -0.193410 -0.179760 0.161726 0.191516 0.509695 0.441528 0.184078 0.131853 0.402464 0.561276 0.526980 0.488014 -0.048414 0.185875 0.240885 0.154163 -0.148829 -0.251937 -0.028814 -0.360036 0.001171 -0.025939 0.285852 0.310907 0.125000 0.225947 -0.266805 -0.309601 -0.056409 -0.188420 -0.209671 -0.464533 -0.000243 -0.037849 -0.198111 -0.179108 -0.492591 -0.399196 -0.096530 -0.066270 0.148264 0.057359 0.218444 0.305537 0.144026 0.201493 -0.085536 -0.045022 0.078327 0.045390 0.041865 -0.095089 0.050645 0.135958 0.134780 0.045560 0.002626 0.021862 -0.101851 -0.023312 -0.280284 -0.461939 -0.210414 -0.296448 -0.366740 -0.410093 0.209635 0.508847 -0.377632 -0.272312 -0.045884 -0.057352 0.081268 0.056291 -0.269404 -0.158502 -0.163848 -0.185753 -0.235186 -0.039411 -0.245221 -0.207810 -0.323079 -0.279026 -0.061835 0.154906 0.109740 0.178343 0.138501 0.000637 0.152353 0.074265 0.027519 0.065928 -0.424948 -0.258163 -0.036690 -0.260900 -0.096814 -0.077158
0.576622 0.186094 0.289967 0.141229 -0.174211 -0.164523 0.558268 0.064614 -0.117853 -0.148547 0.821654 0.060069 0.520063 -0.289984 0.128034 -0.193410 1.000000 0.086199 0.347151 0.316025 -0.250344 -0.224555 0.139132 0.159144 -0.150083 -0.224759 -0.368094 -0.366794 0.728309 -0.416527 0.112754 -0.055035 0.439939 0.548021 -0.047518 0.062321 0.213939 -0.460559 0.145194 -0.436825 0.250119 -0.534858 0.049323 -0.102644 -0.155944 -0.236041 0.136014 -0.040391 -0.212661 -0.245580 -0.005323 -0.319938 0.466664 -0.212082 0.288886 -0.388916 0.086282 -0.266330 -0.464866 -0.613442 0.223796 -0.044041 0.295315 -0.067486 0.340507 -0.253108 -0.483037 -0.460211 -0.422557 -0.356120 0.213329 0.139372 0.544569 -0.286751 0.160802 -0.184903 0.608187 0.351757 0.760215 0.014895 0.856319 0.057849 -0.058289 -0.227012 0.659142 -0.376151 -0.233850 -0.504057 0.424856 -0.644953 0.007941 -0.296951 0.164655 -0.091418 0.212433 -0.406562 0.212713 -0.183172 0.125208 -0.248849 -0.260830 -0.191882 0.114425 -0.025401 -0.301531 -0.425102 -0.227829 -0.335615 -0.428673 -0.227487 0.390086 0.137893 -0.064669 0.261929 -0.091427 -0.420955
0.071678 0.451463 0.064917 0.333584 -0.359810 -0.344726 0.030303 0.508363 -0.419093 -0.247412 0.257502 0.822272 0.032109 0.544998 -0.300669 -0.179760 0.086199 1.000000 0.113213 0.083012 -0.005163 -0.181471 0.131634 0.073359 -0.315545 -0.295216 -0.459427 -0.313382 0.215822 0.486777 0.352213 0.429214 0.042001 0.352836 -0.645970 -0.101423 -0.212562 0.471762 -0.201669 -0.032233 0.069695 0.070117 -0.476995 -0.381439 -0.465738 -0.433063 -0.402724 -0.058845 -0.542811 -0.468323 -0.317606 -0.417060 0.012966 -0.118934 -0.004670 0.046222 -0.383340 0.046283 -0.537803 -0.516491 -0.463580 -0.272769 -0.021423 0.376976 -0.289542 -0.480521 -0.616574 -0.513061 -0.297508 -0.513411 0.153970 0.712622 0.189231 0.648346 0.255671 0.546190 0.277418 0.601578 0.010409 0.745522 0.075546 0.781548 -0.074224 0.142998 0.162764 0.609256 -0.039617 -0.025338 0.157223 0.179414 0.104237 -0.223769 0.014326 -0.270259 -0.115620 0.004793 0.070133 -0.009083 -0.057966 -0.097142 -0.138636 -0.406585 -0.005516 -0.358987 -0.217221 -0.366754 -0.166865 -0.350299 -0.301127 -0.115079 0.146354 -0.262422 -0.384215 -0.144749 -0.081954 -0.205333
0.721487 0.419943 0.658209 0.687071 -0.010491 0.157607 0.545976 0.431089 -0.029631 0.162690 0.408269 0.195904 0.068578 -0.003157 0.022355 0.161726 0.347151 0.113213 1.000000 0.858023 -0.267107 -0.270962 0.421446 0.313553 0.073093 0.162481 -0.077602 -0.058494 0.112751 -0.257902 0.123642 0.142394 0.653085 0.684570 0.000366 -0.104126 -0.436474 -0.471786 -0.275288 -0.393907 -0.281047 -0.401303 -0.059042 -0.102447 0.027723 0.017968 -0.345674 -0.370285 0.012784 -0.011170 0.099326 -0.178029 -0.117387 -0.356761 -0.387346 -0.542288 0.320083 0.016438 -0.164968 -0.294525 0.365270 0.030313 0.402876 0.097984 0.363418 -0.077204 -0.137422 -0.202662 -0.051819 -0.009896 -0.063633 0.142847 -0.022547 -0.218472 -0.233356 -0.132516 0.082684 0.017667 0.161296 -0.181785 0.101161 -0.112184 -0.084636 0.056095 -0.072171 -0.355499 0.004571 -0.240447 -0.089120 -0.521687 -0.320351 -0.492877 -0.282245 -0.380215 -0.197313 -0.389319 -0.364397 -0.456798 -0.458987 -0.505011 -0.439891 -0.312911 -0.225936 -0.264685 -0.437740 -0.471746 -0.400319 -0.408256 -0.352297 -0.326338 -0.142068 -0.323621 -0.426731 -0.121354 -0.122599 -0.354189
0.756904 0.528321 0.573115 0.638602 0.014298 0.270698 0.454255 0.427779 0.072399 0.242324 0.315057 0.180350 0.053500 0.054737 0.064568 0.191516 0.316025 0.083012 0.858023 1.000000 -0.354384 -0.385387 0.320810 0.271756 0.159647 0.224075 -0.089637 -0.125308 0.045823 -0.293173 0.036901 0.061942 0.679927 0.698197 -0.005365 0.095875 -0.537273 -0.475859 -0.346638 -0.437679 -0.310298 -0.435786 -0.027516 -0.066019 0.098388 0.114069 -0.400346 -0.196125 0.097580 0.078314 0.155901 -0.098108 -0.088396 -0.498670 -0.490984 -0.666263 0.484827 0.132331 -0.108570 -0.224786 0.400218 0.191382 0.409184 0.127181 0.292110 -0.050571 -0.102221 -0.144885 0.045451 -0.020268 -0.147161 0.030030 -0.143295 -0.238385 -0.262931 -0.150582 0.059760 0.004451 0.084723 -0.305048 0.073511 -0.104141 -0.114169 0.089373 -0.217477 -0.484145 0.010597 -0.272658 -0.135248 -0.572320 -0.198039 -0.388010 -0.267525 -0.357774 -0.246171 -0.561520 -0.466630 -0.566174 -0.322590 -0.494786 -0.313814 -0.249958 -0.156088 -0.167802 -0.452201 -0.545724 -0.394694 -0.479908 -0.386107 -0.451122 -0.064095 -0.390701 -0.443241 -0.171510 -0.136637 -0.436299
-0.495573 -0.175892 -0.110178 0.126388 0.587190 0.511200 -0.001366 0.145100 0.326300 0.496220 -0.078086 0.088179 0.314589 0.258112 0.512992 0.509695 -0.250344 -0.005163 -0.267107 -0.354384 1.000000 0.807944 0.246094 0.174670 0.367788 0.462708 0.554432 0.592586 0.267841 0.586233 0.524452 0.414168 -0.490317 -0.384277 -0.375526 -0.543309 0.485039 0.412926 0.598658 0.621711 0.590669 0.681177 -0.540769 -0.540652 -0.474319 -0.511591 -0.215089 -0.440765 -0.438590 -0.447988 -0.608103 -0.430816 -0.502530 -0.119162 0.293741 0.394038 -0.384983 -0.026043 -0.045855 0.183282 -0.478997 -0.267158 -0.457549 -0.078971 -0.377658 -0.263240 -0.188317 -0.289621 -0.201747 -0.037498 0.535102 0.313749 0.380789 0.431076 0.375831 0.393852 -0.133478 -0.176525 -0.254940 0.095071 -0.183885 -0.063775 0.545742 0.439860 -0.008558 0.128223 -0.214423 0.181517 0.321356 0.433560 -0.051466 -0.043604 0.072073 0.083293 0.014236 0.301249 0.157471 0.150291 -0.095411 0.073309 0.174155 0.267098 0.137202 0.185502 0.289122 0.197146 0.474649 0.406701 0.211230 0.126155 -0.366974 -0.115511 0.083481 -0.156465 -0.061098 0.137080
-0.465492 -0.363917 -0.028391 0.087500 0.646106 0.427533 0.013210 0.107769 0.379364 0.407970 -0.076498 -0.016509 0.318969 0.231656 0.481014 0.441528 -0.224555 -0.181471 -0.270962 -0.385387 0.807944 1.000000 0.324796 0.314934 0.328846 0.449050 0.647918 0.720308 0.177548 0.475859 0.523217 0.470644 -0.428432 -0.372996 -0.209068 -0.553099 0.463204 0.251377 0.472119 0.474289 0.511851 0.649122 -0.321010 -0.311103 -0.320322 -0.312052 -0.085119 -0.309846 -0.245121 -0.271941 -0.401679 -0.245981 -0.371022 0.042577 0.104476 0.303066 -0.313430 -0.219729 0.049804 0.182076 -0.329391 -0.218800 -0.441535 -0.267292 -0.200192 -0.124566 -0.046818 -0.122890 -0.173700 0.021676 0.500460 0.244300 0.318039 0.318478 0.389250 0.346435 -0.139709 -0.317941 -0.334570 -0.097995 -0.176759 -0.137658 0.470050 0.442627 0.014807 0.056857 -0.319366 0.198327 0.121362 0.282821 -0.087589 0.059258 -0.009804 0.133170 0.081854 0.272268 -0.020948 0.133499 -0.171791 0.117730 0.107457 0.272085 -0.032614 0.145970 0.164825 0.166403 0.323781 0.326628 0.316745 0.070730 -0.471053 -0.165866 -0.011926 -0.129537 -0.055106 0.142507
0.211639 0.080893 0.819950 0.732799 0.431767 0.324878 0.703908 0.662420 0.399932 0.255290 0.389465 0.411218 0.508357 0.418989 0.359634 0.184078 0.139132 0.131634 0.421446 0.320810 0.246094 0.324796 1.000000 0.924635 0.450308 0.555999 0.326752 0.320025 0.148009 0.144450 0.588288 0.611961 0.167660 0.490977 -0.192688 -0.109131 -0.224718 -0.129522 -0.066576 -0.075688 -0.090707 -0.001759 -0.363359 -0.274965 -0.309299 -0.136671 -0.554369 -0.283398 -0.319556 -0.264660 -0.286966 -0.312213 -0.230451 -0.183075 -0.445076 -0.384401 -0.213778 -0.178000 -0.350958 -0.257224 -0.202491 -0.124121 -0.217551 -0.181033 -0.017129 -0.186131 -0.316550 -0.202377 -0.242148 -0.067505 0.521647 0.378226 0.123773 0.229127 0.076220 0.294714 -0.005299 0.097771 -0.093207 -0.172365 -0.002968 -0.027125 0.123597 0.299637 -0.139014 -0.238883 -0.166899 -0.135316 -0.059747 -0.384545 -0.279307 -0.170738 -0.395484 -0.237593 -0.049408 -0.202914 -0.474683 -0.459932 -0.533600 -0.485989 -0.452460 -0.259790 -0.378485 -0.290107 -0.411065 -0.409446 -0.093860 -0.275317 -0.226865 -0.392959 -0.366070 -0.433366 -0.552021 -0.341756 -0.210275 -0.316883
0.230984 0.108855 0.795902 0.661895 0.436512 0.314477 0.713307 0.664981 0.439000 0.271852 0.431889 0.377490 0.593185 0.424075 0.408668 0.131853 0.159144 0.073359 0.313553 0.271756 0.174670 0.314934 0.924635 1.000000 0.468549 0.510210 0.248436 0.235769 0.114273 0.044751 0.516053 0.549061 0.080477 0.430438 -0.167554 0.026037 -0.222931 -0.225083 -0.105819 -0.147795 -0.096931 -0.062921 -0.340343 -0.269140 -0.337602 -0.137715 -0.486584 -0.160074 -0.311719 -0.289380 -0.289954 -0.309828 -0.097153 -0.133023 -0.441736 -0.449941 -0.177417 -0.204706 -0.298942 -0.242096 -0.159638 -0.001999 -0.236902 -0.270463 0.002863 -0.120641 -0.312169 -0.142094 -0.195339 -0.038049 0.561348 0.317217 0.087690 0.158209 0.026986 0.219835 0.022605 0.084418 -0.089460 -0.251345 0.033512 -0.080572 -0.010112 0.232927 -0.106312 -0.275082 -0.218680 -0.220004 0.010258 -0.419126 -0.143864 0.006718 -0.336370 -0.110173 -0.004230 -0.299244 -0.496821 -0.470018 -0.481515 -0.510169 -0.427726 -0.180069 -0.357210 -0.234975 -0.429292 -0.455197 -0.097893 -0.272447 -0.247431 -0.384045 -0.321127 -0.447748 -0.548590 -0.366599 -0.229865 -0.403228
-0.083267 0.016579 0.310730 0.276560 0.778844 0.767946 0.247131 0.150807 0.849949 0.575404 -0.089812 -0.199206 0.277194 0.072915 0.631334 0.402464 -0.150083 -0.315545 0.073093 0.159647 0.367788 0.328846 0.450308 0.468549 1.000000 0.882348 0.655671 0.471920 -0.071512 0.029931 0.180023 0.093387 -0.161870 -0.129584 -0.035982 0.008956 -0.027809 -0.108574 0.205797 0.239815 0.008862 0.148145 -0.216662 -0.202044 -0.058677 0.040682 -0.384296 -0.244045 -0.042956 -0.022101 -0.167285 -0.093945 -0.461284 -0.282111 -0.245635 -0.212325 0.009496 0.174992 0.133602 0.344888 -0.052755 0.196146 -0.245894 -0.163721 -0.049472 0.101169 0.122399 0.103113 0.141326 0.294030 0.270186 -0.189152 -0.044495 0.005806 -0.059966 0.016640 -0.254458 -0.332695 -0.144300 -0.430527 -0.143738 -0.305594 0.221966 0.328851 -0.353003 -0.412839 0.110864 0.007000 -0.017298 -0.086983 -0.203586 0.016884 -0.219587 0.016698 0.019335 -0.057366 -0.363963 -0.212469 -0.268180 -0.320181 -0.094762 0.125009 -0.168375 0.134071 -0.040948 -0.012330 0.065952 0.086788 0.006816 -0.084963 -0.278133 -0.272102 -0.182185 -0.155726 -0.004451 -0.196124
-0.058131 -0.042699 0.377179 0.429559 0.807881 0.819399 0.273350 0.249853 0.766206 0.614032 -0.164197 -0.122392 0.192258 0.178021 0.592182 0.561276 -0.224759 -0.295216 0.162481 0.224075 0.462708 0.449050 0.555999 0.510210 0.882348 1.000000 0.808271 0.686253 -0.102572 0.136070 0.319495 0.276767 -0.044375 -0.074114 -0.022839 -0.201247 -0.108295 -0.088943 0.186726 0.266468 0.038352 0.235496 -0.230753 -0.178461 -0.022685 0.069218 -0.461306 -0.369190 0.011542 0.033160 -0.129607 -0.054628 -0.547906 -0.327096 -0.369065 -0.228721 0.093840 0.140262 0.142586 0.367641 -0.045205 0.091547 -0.140211 -0.105559 -0.034364 0.057368 0.143970 0.046633 0.061701 0.192080 0.294183 -0.098137 -0.070299 0.085101 -0.040882 0.118024 -0.352387 -0.419586 -0.264210 -0.456614 -0.239842 -0.310962 0.363304 0.438675 -0.414184 -0.397300 0.053173 0.150820 -0.163328 -0.106265 -0.331177 -0.135625 -0.344856 -0.132523 -0.166691 -0.079195 -0.485005 -0.369268 -0.377625 -0.358887 -0.076426 0.092694 -0.231607 0.092921 -0.093353 -0.051130 0.056317 0.062791 0.011313 -0.116488 -0.465194 -0.349384 -0.251017 -0.267286 -0.054058 -0.189369
-0.298174 -0.336732 0.079711 0.077586 0.811522 0.660604 -0.013384 -0.072422 0.663944 0.481212 -0.366513 -0.286350 0.053322 0.079544 0.499868 0.526980 -0.368094 -0.459427 -0.077602 -0.089637 0.554432 0.647918 0.326752 0.248436 0.655671 0.808271 1.000000 0.907319 -0.133675 0.221828 0.264870 0.215172 -0.104000 -0.278720 0.037483 -0.390270 0.151281 -0.000341 0.282877 0.386007 0.137865 0.422469 -0.132278 -0.093875 0.070529 0.090818 -0.258490 -0.379129 0.147510 0.121597 -0.050124 0.096412 -0.502203 -0.066278 -0.249423 -0.008211 0.097204 0.114460 0.406832 0.531824 -0.004763 -0.027600 -0.176657 -0.202478 0.007497 0.167245 0.407022 0.179009 0.209082 0.334655 0.207349 -0.167033 -0.022578 0.060799 0.076303 0.083225 -0.350884 -0.574047 -0.346870 -0.411647 -0.318161 -0.363923 0.494900 0.345341 -0.353066 -0.295141 0.082983 0.341545 -0.245725 0.061268 -0.351182 -0.055434 -0.308173 -0.027255 -0.102072 0.166603 -0.395738 -0.188600 -0.342533 -0.100053 0.178416 0.225580 -0.163639 0.190509 0.126745 0.275262 0.205420 0.385773 0.300281 0.054190 -0.624821 -0.216378 -0.034253 -0.125841 -0.088261 0.116944
-0.272797 -0.386752 0.068585 0.100686 0.679527 0.579999 -0.065608 -0.049685 0.420324 0.411006 -0.335148 -0.169829 -0.014857 0.110741 0.352679 0.488014 -0.366794 -0.313382 -0.058494 -0.125308 0.592586 0.720308 0.320025 0.235769 0.471920 0.686253 0.907319 1.000000 -0.111803 0.272672 0.313024 0.305913 -0.063970 -0.241482 -0.024471 -0.538451 0.144029 0.066446 0.260113 0.412328 0.190291 0.464749 -0.120983 -0.078507 0.033573 0.031029 -0.215006 -0.350902 0.105212 0.086120 -0.012552 0.063044 -0.436102 -0.063701 -0.205888 0.071144 0.085259 0.015399 0.314736 0.419640 -0.047868 -0.159745 -0.113814 -0.253925 0.027509 0.047278 0.309070 0.090210 0.109029 0.198139 0.214493 -0.025188 0.006730 0.140541 0.138322 0.189919 -0.349955 -0.548489 -0.400328 -0.296539 -0.299486 -0.289519 0.541469 0.337245 -0.225689 -0.143097 0.052155 0.419101 -0.245012 0.142311 -0.271699 -0.080079 -0.239920 -0.011856 -0.108905 0.145961 -0.319144 -0.142453 -0.323021 0.001934 0.194899 0.216164 -0.136292 0.214371 0.135390 0.229234 0.190482 0.386224 0.285345 0.013117 -0.600931 -0.163645 -0.014619 -0.107719 -0.064025 0.113035
0.223734 0.076366 0.077437 0.090578 0.051572 -0.078934 0.380050 0.074612 -0.004496 -0.022801 0.716602 0.180657 0.573104 -0.078960 0.232348 -0.048414 0.728309 0.215822 0.112751 0.045823 0.267841 0.177548 0.148009 0.114273 -0.071512 -0.102572 -0.133675 -0.111803 1.000000 0.103630 0.516339 0.283889 0.145678 0.299117 -0.401552 -0.231574 0.566362 0.028465 0.453775 -0.056895 0.682448 -0.082159 -0.306499 -0.420076 -0.466522 -0.592374 -0.008811 -0.259432 -0.540138 -0.557897 -0.375528 -0.570987 0.148961 -0.219385 0.506157 -0.004231 -0.234420 -0.261689 -0.559549 -0.566076 -0.161392 -0.262257 0.046316 -0.072898 0.100473 -0.470984 -0.621385 -0.752088 -0.495932 -0.453532 0.470272 0.468130 0.888388 0.123564 0.531978 0.211590 0.677436 0.438841 0.583575 0.232335 0.665460 0.191948 0.169268 -0.115590 0.639864 -0.157206 -0.344030 -0.339608 0.514688 -0.293249 -0.070555 -0.362783 0.163590 -0.076684 0.284261 -0.043834 0.413725 0.014051 0.106241 -0.062793 -0.018194 -0.026433 0.314681 0.025684 -0.111135 -0.223438 -0.003669 -0.144746 -0.208812 -0.196964 0.210632 -0.041615 -0.106334 0.298120 -0.131017 -0.225173
-0.543109 0.040776 -0.229704 0.175140 0.175783 -0.028193 -0.299223 0.269270 0.092152 0.008350 -0.259130 0.518572 0.042739 0.712397 0.004669 0.185875 -0.416527 0.486777 -0.257902 -0.293173 0.586233 0.475859 0.144450 0.044751 0.029931 0.136070 0.221828 0.272672 0.103630 1.000000 0.593726 0.662139 -0.373632 -0.166785 -0.552626 -0.476689 0.228748 0.864045 0.275116 0.524154 0.355467 0.724606 -0.624917 -0.501781 -0.480568 -0.485859 -0.416974 -0.320468 -0.500702 -0.439918 -0.567560 -0.415947 -0.451169 -0.081938 0.079831 0.471115 -0.489607 0.076701 -0.122837 -0.006054 -0.620614 -0.375728 -0.411528 0.207504 -0.531438 -0.400283 -0.322174 -0.429041 -0.244063 -0.288430 0.430404 0.653242 0.353453 0.917862 0.621374 0.850707 0.085879 0.253779 -0.392068 0.461323 -0.336024 0.471984 0.212204 0.445318 -0.199000 0.473156 -0.138921 0.390007 0.067206 0.595440 -0.081181 -0.143755 -0.049315 -0.167943 0.058987 0.530156 0.080294 0.206228 -0.051779 0.147712 0.199455 0.028214 0.020927 -0.032687 0.132338 0.157743 0.216095 0.176355 0.372764 0.077566 -0.397531 -0.311338 -0.229859 -0.098881 -0.079499 0.223226
-0.094085 0.144508 0.240264 0.545744 0.451566 0.133028 0.289268 0.587060 0.300871 0.178740 0.283143 0.604622 0.486998 0.606286 0.323265 0.240885 0.112754 0.352213 0.123642 0.036901 0.524452 0.523217 0.588288 0.516053 0.180023 0.319495 0.264870 0.313024 0.516339 0.593726 1.000000 0.923983 -0.075139 0.258665 -0.619580 -0.504429 0.182496 0.311792 0.286762 0.220089 0.479734 0.307521 -0.692516 -0.646463 -0.620101 -0.588726 -0.526358 -0.452694 -0.635064 -0.628739 -0.610930 -0.586497 -0.306542 -0.263287 0.005810 0.085165 -0.424041 -0.095517 -0.405104 -0.327165 -0.489180 -0.400921 -0.307754 -0.033124 -0.245137 -0.543154 -0.575750 -0.610822 -0.378673 -0.399745 0.684627 0.808170 0.607794 0.612776 0.564789 0.582219 0.285738 0.298317 -0.021096 0.196035 0.004140 0.247724 0.198082 0.304870 0.025801 0.019763 -0.262118 -0.013070 0.210645 -0.029745 -0.222824 -0.376705 -0.168042 -0.340400 0.015207 0.175913 -0.071119 -0.149684 -0.261060 -0.210547 -0.039324 -0.142349 0.009408 -0.099531 -0.112788 -0.154747 0.077551 -0.148573 -0.099712 -0.334919 -0.377497 -0.570802 -0.590488 -0.134067 -0.163293 -0.238097
-0.120543 0.129171 0.255507 0.591174 0.327269 0.053729 0.182099 0.662176 0.198365 0.081757 0.137958 0.709389 0.333219 0.756948 0.132388 0.154163 -0.055035 0.429214 0.142394 0.061942 0.414168 0.470644 0.611961 0.549061 0.093387 0.276767 0.215172 0.305913 0.283889 0.662139 0.923983 1.000000 -0.067126 0.298641 -0.568750 -0.467501 0.003550 0.380564 0.091320 0.191776 0.286127 0.336174 -0.649993 -0.554290 -0.535765 -0.436162 -0.597073 -0.398269 -0.533124 -0.522260 -0.520795 -0.485066 -0.302873 -0.228119 -0.178817 0.036925 -0.363897 -0.088113 -0.338883 -0.288921 -0.470530 -0.425591 -0.292043 0.025511 -0.272947 -0.514843 -0.494052 -0.483065 -0.346788 -0.396352 0.605313 0.831499 0.405843 0.712091 0.526066 0.686058 0.176795 0.303343 -0.198653 0.195052 -0.125142 0.324935 0.100497 0.348627 -0.100467 0.139094 -0.256201 0.098842 0.043884 0.030851 -0.193752 -0.337282 -0.244472 -0.388954 -0.048534 0.178759 -0.223165 -0.213163 -0.310127 -0.216276 -0.060098 -0.198870 -0.146591 -0.175497 -0.183672 -0.177582 0.027182 -0.155697 -0.057739 -0.333456 -0.478359 -0.630503 -0.669692 -0.272204 -0.184990 -0.235104
0.672722 0.108268 0.428711 0.255936 -0.266734 -0.111399 0.269418 0.000321 -0.171266 -0.137444 0.264328 0.054043 -0.094630 -0.216600 -0.314687 -0.148829 0.439939 0.042001 0.653085 0.679927 -0.490317 -0.428432 0.167660 0.080477 -0.161870 -0.044375 -0.104000 -0.063970 0.145678 -0.373632 -0.075139 -0.067126 1.000000 0.774330 0.131482 0.058180 -0.352849 -0.463319 -0.374601 -0.497366 -0.261326 -0.488647 0.316703 0.285013 0.392625 0.308606 -0.156388 -0.086428 0.348139 0.315827 0.468978 0.203667 0.103447 -0.186147 -0.373739 -0.494815 0.515081 -0.053644 -0.049016 -0.272789 0.519118 0.049491 0.659268 0.098641 0.502189 0.115923 0.085150 -0.083823 -0.111934 -0.138743 -0.294884 -0.020218 -0.038918 -0.323178 -0.212066 -0.211516 0.128804 0.019377 0.248340 -0.186547 0.322744 -0.010219 -0.082783 -0.282502 0.024829 -0.356028 0.057518 -0.162912 -0.335214 -0.622447 -0.346584 -0.488538 -0.354695 -0.337186 -0.209362 -0.403841 -0.308406 -0.521869 -0.244829 -0.261479 -0.153641 -0.345640 -0.196719 -0.177054 -0.432831 -0.355192 -0.542634 -0.248410 -0.286969 -0.439704 -0.049859 -0.118212 -0.235277 0.121987 -0.123789 -0.186824
0.631400 0.365807 0.619573 0.554178 -0.216741 -0.188284 0.516236 0.430679 -0.131357 -0.186151 0.539517 0.503885 0.222628 0.142682 -0.165698 -0.251937 0.548021 0.352836 0.684570 0.698197 -0.384277 -0.372996 0.490977 0.430438 -0.129584 -0.074114 -0.278720 -0.241482 0.299117 -0.166785 0.258665 0.298641 0.774330 1.000000 -0.149413 0.100988 -0.375696 -0.342681 -0.336512 -0.522593 -0.198063 -0.458476 -0.083328 -0.069228 -0.050069 -0.011163 -0.383464 -0.094383 -0.127462 -0.119699 0.043393 -0.189923 0.135069 -0.238811 -0.354714 -0.567313 0.154527 -0.075881 -0.384794 -0.565591 0.138481 -0.141531 0.333952 0.066035 0.214638 -0.231122 -0.336270 -0.330135 -0.221407 -0.257383 0.080118 0.357064 0.136516 -0.006210 0.025157 0.080966 0.369509 0.402572 0.262251 0.037622 0.382732 0.207290 -0.099377 -0.127151 0.119836 -0.263712 -0.061035 -0.284774 -0.035811 -0.642489 -0.203021 -0.445314 -0.284310 -0.391187 -0.119026 -0.451158 -0.302992 -0.534167 -0.258023 -0.400756 -0.319361 -0.437557 -0.206353 -0.304452 -0.517732 -0.566855 -0.399740 -0.444658 -0.464900 -0.576995 0.003673 -0.282135 -0.509893 -0.050049 -0.229809 -0.403896
0.056956 -0.409098 0.003851 -0.334836 -0.104419 0.008608 -0.011168 -0.473564 -0.010114 -0.036131 -0.217065 -0.685660 -0.252903 -0.585679 -0.060008 -0.028814 -0.047518 -0.645970 0.000366 -0.005365 -0.375526 -0.209068 -0.192688 -0.167554 -0.035982 -0.022839 0.037483 -0.024471 -0.401552 -0.552626 -0.619580 -0.568750 0.131482 -0.149413 1.000000 0.379873 -0.053582 -0.430663 -0.066902 -0.147482 -0.426686 -0.258777 0.658920 0.659073 0.662518 0.619349 0.437697 0.188784 0.654908 0.659161 0.541353 0.531554 0.125379 0.159350 -0.095088 -0.137128 0.331144 -0.121404 0.398563 0.297697 0.597589 0.238762 0.286179 -0.290748 0.453054 0.517449 0.591332 0.611920 0.194673 0.500626 -0.417175 -0.715354 -0.397195 -0.633670 -0.393005 -0.557371 -0.258122 -0.407897 0.120215 -0.452597 0.005948 -0.538384 -0.130548 -0.140086 -0.089191 -0.329741 0.128955 0.116007 -0.300023 -0.223375 -0.112522 0.190236 -0.058173 0.125218 -0.006562 -0.114014 -0.058471 0.041670 0.031455 0.051124 -0.060806 0.178743 -0.112442 0.135808 0.097594 0.248201 -0.026425 0.129393 0.195599 0.098388 0.065784 0.441899 0.405905 0.151076 0.244168 0.257427
0.235891 0.094734 0.106970 -0.262067 -0.302723 -0.152815 0.120138 -0.146764 -0.089211 -0.147572 0.103267 -0.216992 0.051281 -0.231090 -0.089115 -0.360036 0.062321 -0.101423 -0.104126 0.095875 -0.543309 -0.553099 -0.109131 0.026037 0.008956 -0.201247 -0.390270 -0.538451 -0.231574 -0.476689 -0.504429 -0.467501 0.058180 0.100988 0.379873 1.000000 -0.246402 -0.265245 -0.410645 -0.376429 -0.446238 -0.410069 0.367613 0.419249 0.290457 0.406901 0.146582 0.552257 0.229917 0.277012 0.237646 0.262353 0.217590 0.133227 -0.181895 -0.270294 0.189524 0.023426 0.125043 0.033455 0.234145 0.409707 0.075696 -0.116420 0.143415 0.364185 0.203600 0.420551 0.213101 0.171920 -0.337597 -0.421821 -0.425216 -0.368272 -0.327350 -0.355629 -0.005668 0.040469 0.063504 -0.171904 0.095727 -0.058175 -0.341354 -0.290559 -0.027778 -0.134316 0.112990 -0.239800 -0.078019 -0.264249 0.102743 0.339420 -0.101710 0.160554 -0.084569 -0.241021 -0.075112 -0.085889 0.107709 -0.084131 -0.104522 -0.063297 0.028530 -0.180132 -0.176635 -0.169371 -0.236710 -0.227440 -0.202974 -0.053154 0.361738 0.068142 0.068365 -0.091837 -0.038587 -0.081778
