1.000000 0.550285 0.038637 0.134780 -0.285053 -0.168272 -0.155540 0.113721 -0.221997 -0.202645 0.019922 0.382074 0.058935 0.307546 0.138714 0.264513 0.192558 0.032631 0.267793 0.351956 -0.252594 -0.013561 -0.192644 -0.268311 -0.507754 -0.435020 -0.109649 -0.013042 0.025228 -0.031290 -0.303562 -0.299037 0.068197 -0.182629 -0.174224 -0.298713 -0.077505 -0.110001 -0.003266 -0.142999 -0.050895 0.066470 -0.224649 -0.161599 -0.435711 -0.382346 -0.233957 -0.227049 -0.217243 -0.092074 -0.282132 -0.024302 -0.011167 -0.144773 0.068634 -0.133448 0.224299 0.270868 0.264804 0.265455 0.436255 0.417903 0.316579 0.418192 -0.374473 0.226135 -0.186352 -0.372080 0.158021 -0.101815 -0.127509 -0.164930 -0.192751 -0.124352 -0.163079 -0.104121 0.000904 -0.189578 0.166052 0.180756 0.075841 0.000900 -0.012839 -0.101033 0.093017 0.074908 0.144554 -0.012001 0.326449 0.474104 -0.067302 -0.020611 -0.024417 -0.011667 -0.137573 -0.030113 -0.197553 -0.252260 0.029808 -0.051491 0.122791 0.237827 0.195711 0.245905 -0.117393 -0.223046 0.084992 0.001584 -0.319504 -0.162257 -0.269550 -0.076441 -0.014730 -0.113504 0.118180 -0.055543
0.550285 1.000000 -0.070775 0.073804 -0.539140 -0.156840 -0.453067 -0.213916 -0.452492 -0.553498 -0.180672 0.205079 -0.241857 0.038978 -0.164632 0.087884 -0.014524 0.084810 0.293124 0.285038 -0.227313 -0.155095 -0.364455 -0.471099 -0.512195 -0.239645 0.019382 0.309180 -0.280141 -0.312863 -0.500655 -0.529121 0.247362 -0.144262 -0.107641 -0.299471 -0.084287 -0.117256 -0.103251 -0.186936 -0.091783 -0.173613 -0.226357 -0.177904 -0.340500 -0.315866 -0.375124 -0.319402 -0.335328 -0.289397 -0.191643 -0.139121 -0.084742 -0.236573 0.049891 -0.323887 0.239721 0.628669 0.263924 0.623352 0.353036 0.410626 0.327299 0.725607 -0.134405 0.274573 0.197457 -0.073693 0.441585 0.043206 -0.192689 -0.022528 -0.418295 -0.097920 -0.201806 -0.014450 -0.010513 -0.063358 -0.069426 0.021111 -0.078569 -0.084860 -0.062130 -0.253456 0.305301 0.241954 0.354816 0.188039 0.413310 0.327855 -0.037145 -0.083215 0.123515 0.146248 -0.008768 -0.034634 -0.054429 -0.038494 0.061173 0.172768 0.422890 0.104409 0.499791 0.246241 0.209401 -0.038789 0.174956 -0.182937 -0.092969 0.087343 -0.229702 0.089871 0.215393 0.042629 0.126151 -0.271397
0.038637 -0.070775 1.000000 0.255485 0.134269 0.027654 0.671792 0.578247 0.027498 0.035071 0.164720 -0.042468 0.318772 0.129790 0.028330 -0.035246 -0.154632 -0.380921 0.456239 -0.172434 0.253594 0.117331 0.380104 0.132911 0.096492 0.240404 0.024912 0.125079 0.050721 -0.291786 0.147494 0.132326 0.144730 0.043500 0.281672 -0.067007 -0.349231 -0.379688 -0.123257 -0.229244 0.023043 -0.189862 -0.039455 -0.004987 -0.100716 -0.232870 -0.039426 -0.230410 -0.105583 -0.198019 0.097237 0.018559 -0.003069 -0.095295 0.067772 -0.001517 -0.561929 -0.449860 0.027691 0.116290 0.053930 0.146118 -0.070503 -0.071721 -0.013833 0.024322 0.460073 0.012814 -0.173348 -0.258515 0.420074 0.351139 0.021892 0.292798 0.334414 0.122870 -0.024839 -0.011980 -0.200584 -0.343113 -0.518938 -0.490021 -0.070782 -0.421807 -0.170574 -0.190875 -0.238066 -0.154712 0.045227 0.148383 0.007678 0.103134 -0.099465 0.093935 -0.190486 -0.229531 -0.083043 -0.294617 -0.344643 -0.291353 -0.107782 0.166952 0.022592 0.319138 0.018454 -0.150144 -0.150089 -0.161588 -0.232004 -0.390898 -0.022210 -0.279287 -0.189969 -0.096921 0.019950 -0.132266
0.134780 0.073804 0.255485 1.000000 0.049663 0.238943 0.237163 0.339357 0.098807 0.125844 0.037524 0.366945 -0.296080 -0.224929 0.379718 0.236755 -0.073036 0.020283 0.204977 0.091332 0.242607 0.139606 0.518673 0.547111 -0.047714 0.130698 0.079610 0.412178 0.095189 -0.311744 0.250854 0.240875 -0.134648 0.005132 0.091668 0.022569 -0.477696 -0.221085 -0.371295 -0.351919 0.050698 -0.153175 -0.026424 -0.003231 -0.282984 -0.139683 -0.230646 -0.025223 -0.402947 -0.267150 -0.340816 -0.293707 -0.411140 -0.098132 -0.432024 -0.327384 0.015184 -0.143997 -0.186657 -0.226963 0.055844 -0.031890 -0.097874 -0.122356 0.413535 0.301407 -0.371585 -0.268809 -0.059606 -0.373550 0.108985 0.355813 -0.333713 0.142234 0.004777 0.044428 -0.236443 -0.019049 0.039320 -0.227052 -0.224929 -0.248084 -0.009762 -0.173712 0.310884 0.273607 0.015694 0.136198 0.355476 0.159600 0.107015 0.120992 0.362548 0.230009 -0.330854 -0.170394 -0.262824 -0.481245 -0.143271 -0.150667 0.238588 -0.043277 0.184283 0.312758 -0.106956 -0.114629 -0.012392 0.073158 -0.212758 -0.073457 -0.118740 -0.154251 -0.075119 -0.058735 -0.099491 -0.244419
-0.285053 -0.539140 0.134269 0.049663 1.000000 0.574172 0.471149 0.143822 0.690756 0.660902 0.111417 -0.071860 0.147062 0.123141 0.472648 0.228717 0.068885 -0.046314 -0.158179 -0.317009 0.397253 0.212473 0.375001 0.376583 0.631493 0.376499 0.296321 0.035328 0.324149 0.178748 0.396394 0.426240 -0.384320 -0.012251 0.155406 0.181511 0.042421 0.057899 0.119624 0.126048 0.135273 0.214596 0.015326 -0.162051 0.081367 0.001012 0.079221 -0.013034 -0.012172 -0.091910 -0.170588 -0.149013 -0.029694 0.025356 -0.106826 0.001386 -0.277739 -0.468282 0.028713 -0.267112 -0.023768 -0.106970 -0.196530 -0.375932 0.165217 -0.183851 -0.035299 -0.122798 -0.512208 -0.081671 0.383144 0.378685 0.348802 0.144248 0.147638 0.109176 -0.028677 0.196383 0.109386 -0.173011 -0.078651 -0.120218 0.083387 0.211623 -0.349998 -0.400491 -0.256861 -0.137533 -0.040195 -0.174716 -0.002452 0.111324 -0.170648 0.001941 -0.065370 0.066610 -0.139364 -0.081552 -0.244158 -0.213311 -0.315745 -0.263906 -0.408329 -0.210472 -0.337893 -0.158500 -0.138807 0.074583 0.130811 -0.023445 -0.037285 -0.061696 -0.092575 0.110202 -0.210384 0.271402
-0.168272 -0.156840 0.027654 0.238943 0.574172 1.000000 0.333308 0.180234 0.592907 0.585271 0.293567 0.067093 0.126205 -0.069519 0.445238 0.242715 -0.014236 -0.061203 -0.197615 -0.266266 0.457885 0.201641 0.380309 0.358491 0.471581 0.450166 0.595907 0.410377 0.147515 -0.148829 0.214585 0.224316 -0.298402 -0.177741 0.201092 0.348733 -0.035232 -0.150808 0.031302 -0.051933 0.210480 0.082496 0.080719 -0.052003 0.039723 0.109658 0.060043 -0.062285 -0.164803 -0.100711 -0.240981 -0.121221 -0.017889 0.179959 0.012862 -0.053260 -0.271272 -0.245454 -0.130153 -0.052518 -0.024187 -0.091461 -0.138210 -0.135335 0.277866 -0.063696 -0.050550 0.048881 -0.236313 -0.136070 0.223809 0.324122 0.010429 0.088890 -0.036241 -0.052256 -0.226415 -0.022014 -0.082462 -0.293583 -0.156566 -0.359758 0.252916 0.231598 0.005528 -0.102353 0.029730 -0.091010 0.208531 -0.038280 0.172124 0.091543 0.149749 0.063327 -0.167767 -0.023247 -0.106304 -0.130566 -0.031601 -0.088781 -0.096872 -0.239887 -0.038640 -0.029008 -0.347040 -0.357091 -0.078190 -0.105574 0.155081 0.028558 -0.054738 0.080554 -0.041345 0.024817 -0.227491 -0.105855
-0.155540 -0.453067 0.671792 0.237163 0.471149 0.333308 1.000000 0.647466 0.432364 0.538844 0.295257 -0.074059 0.486453 0.123806 0.341523 0.004403 0.005119 -0.200826 0.255715 -0.129171 0.360887 0.248904 0.561517 0.262017 0.221711 0.168410 0.034451 -0.133565 0.384965 0.069872 0.292838 0.306002 0.010408 0.180857 0.304007 0.119776 -0.221845 -0.180030 0.039273 -0.015802 0.253378 0.030941 -0.087484 -0.193392 -0.117543 -0.222617 -0.032785 -0.187620 -0.139674 -0.233210 -0.100079 -0.145293 -0.030154 0.036161 -0.049767 0.023824 -0.521752 -0.623093 -0.106116 -0.254639 0.097442 0.064434 -0.094787 -0.259952 0.173847 -0.094946 0.091455 -0.160816 -0.446829 -0.412794 0.480529 0.377031 0.371242 0.368006 0.422174 0.118992 -0.082385 -0.041873 -0.048607 -0.415823 -0.244402 -0.275728 0.083247 -0.134004 -0.251051 -0.413041 -0.324840 -0.293542 -0.051839 0.056791 0.130279 0.274230 -0.032132 0.121198 -0.258876 -0.123287 -0.337450 -0.406908 -0.269536 -0.397544 -0.184772 0.082944 -0.206284 0.107981 -0.202799 -0.132680 -0.204006 -0.039262 -0.156324 -0.273757 -0.081217 -0.260698 -0.204930 -0.183335 -0.003745 0.033940
0.113721 -0.213916 0.578247 0.339357 0.143822 0.180234 0.647466 1.000000 0.292222 0.316208 0.088095 0.145704 0.448856 0.353581 0.194488 0.149530 -0.118062 -0.506597 0.393662 -0.055002 0.195235 0.282055 0.397520 0.037164 -0.030398 0.098739 0.058612 -0.050966 0.069129 -0.004495 0.012548 0.167008 0.097480 0.197379 0.008957 0.172104 -0.235827 -0.321697 -0.195331 -0.187965 -0.028682 0.141587 -0.071600 -0.063308 -0.121336 -0.135258 -0.069139 -0.395290 0.005006 0.022727 -0.023020 0.008330 -0.022568 -0.060553 0.141386 -0.018835 -0.381323 -0.617345 -0.078190 -0.053831 0.326526 0.339009 -0.078849 -0.138629 -0.046035 0.155482 0.050300 -0.075681 -0.259068 -0.300460 0.308609 0.201257 0.138149 0.140781 0.335004 0.062967 -0.064783 -0.123599 -0.207672 -0.355923 -0.387579 -0.402509 -0.027262 -0.144132 -0.338639 -0.336350 -0.235277 -0.183100 0.103248 0.229817 0.106912 0.065984 0.141839 0.103522 0.042713 -0.396987 -0.144020 -0.475696 -0.267131 -0.356694 0.113991 0.250003 0.013992 0.199772 -0.247492 -0.246365 -0.085837 0.105388 -0.351713 -0.465714 -0.330402 -0.154265 -0.179160 -0.063718 0.073907 -0.077882
-0.221997 -0.452492 0.027498 0.098807 0.690756 0.592907 0.432364 0.292222 1.000000 0.811497 0.349806 0.140679 0.267931 0.212218 0.656495 0.158941 0.095695 -0.018811 -0.204780 -0.198029 0.268852 0.149911 0.404706 0.292874 0.617447 0.302105 0.346505 -0.072085 0.237265 0.256907 0.287305 0.320200 -0.246681 0.111620 0.087501 0.420147 -0.006587 0.019697 0.071910 0.076778 0.140480 0.161468 -0.155760 -0.240112 -0.031010 0.044146 -0.070192 -0.152455 -0.101151 -0.112028 -0.216482 -0.181514 -0.037865 0.056987 -0.092118 -0.033074 -0.161932 -0.328209 0.060403 -0.221913 0.035545 -0.047057 -0.176538 -0.251558 0.255696 -0.053480 -0.124643 0.014805 -0.432021 -0.173051 0.255663 0.196832 0.314449 0.139956 0.087668 0.206426 -0.029446 0.095860 0.062028 -0.231368 0.068938 -0.070345 0.242478 0.293589 -0.238448 -0.303395 0.026164 -0.015074 0.046404 -0.108306 0.079605 0.069599 -0.006610 0.059004 -0.101731 -0.061600 -0.271787 -0.154160 -0.183981 -0.151207 -0.205244 -0.071780 -0.288527 -0.085592 -0.311175 -0.157927 0.006908 -0.013626 0.102699 -0.064017 -0.120579 -0.194415 -0.281715 -0.036878 -0.170085 0.167887
-0.202645 -0.553498 0.035071 0.125844 0.660902 0.585271 0.538844 0.316208 0.811497 1.000000 0.241782 -0.046944 0.323467 0.031280 0.597534 0.035935 -0.018427 -0.076646 -0.211652 -0.150336 0.284496 0.101324 0.287357 0.298501 0.501423 0.158044 0.029888 -0.311891 0.314989 0.240892 0.257322 0.277653 -0.265544 0.086255 0.114714 0.449725 -0.021001 0.119467 0.204048 0.178998 0.332145 0.240024 -0.040345 -0.195301 0.034228 0.076524 0.045937 -0.012108 0.006534 -0.019751 -0.147104 -0.090119 -0.041011 0.138666 -0.181915 0.059072 -0.261127 -0.459806 0.017795 -0.313950 0.069749 -0.032571 -0.067021 -0.318592 0.213827 -0.138749 -0.203162 -0.020085 -0.392451 -0.238213 0.185090 0.089767 0.304718 0.106368 0.111209 -0.077763 -0.129112 0.050286 -0.038250 -0.387802 0.075334 -0.143062 0.277384 0.227218 -0.272766 -0.333717 -0.196051 -0.212724 -0.150400 -0.120088 0.036651 0.183693 -0.118611 -0.002468 -0.194586 0.128426 -0.285998 -0.129026 -0.138208 -0.184333 -0.362257 -0.025878 -0.348990 -0.077121 -0.398660 -0.202011 0.016865 0.019520 0.212387 0.106248 0.046624 -0.132132 -0.218417 -0.088278 -0.194557 0.253264
0.019922 -0.180672 0.164720 0.037524 0.111417 0.293567 0.295257 0.088095 0.349806 0.241782 1.000000 0.443898 0.389873 0.188259 0.468102 0.338085 0.165838 -0.140349 -0.240186 -0.238200 0.000148 -0.077979 0.476935 0.353508 0.135043 -0.020126 0.147934 0.025144 0.271118 -0.008892 0.263336 0.131468 0.000464 -0.036842 0.204769 0.150758 0.061992 -0.183589 0.040638 -0.103877 -0.104486 -0.171315 -0.043494 -0.023903 -0.100388 -0.025405 -0.002956 -0.002849 -0.179300 -0.077653 0.021014 -0.072798 -0.051938 0.120654 0.080309 0.135567 -0.267956 -0.227771 0.032303 -0.117784 -0.023661 -0.047916 -0.198648 -0.127284 0.175039 0.131907 -0.093806 -0.091720 -0.191045 -0.078888 0.225419 0.018335 0.045556 -0.000778 -0.027092 0.082108 0.123517 -0.067762 -0.003303 -0.060773 0.038070 -0.112520 0.258233 0.104517 0.231877 -0.000663 0.198767 0.062442 0.021934 0.092479 0.015388 0.148866 -0.033591 0.070114 -0.251899 0.046272 -0.138130 -0.133296 -0.200376 -0.297650 -0.133856 -0.203793 -0.075751 -0.008868 -0.234197 -0.303761 -0.323399 -0.196299 -0.144510 -0.080501 0.033873 -0.059889 -0.238457 -0.181283 -0.119038 0.008131
0.382074 0.205079 -0.042468 0.366945 -0.071860 0.067093 -0.074059 0.145704 0.140679 -0.046944 0.443898 1.000000 -0.084625 0.252373 0.405025 0.600000 0.123657 -0.005104 -0.071149 -0.100033 -0.156951 0.017994 0.315027 0.156828 -0.271901 -0.208535 0.033162 0.237088 0.049202 -0.053396 -0.018481 0.059175 0.057375 0.073245 -0.025666 0.053342 -0.076892 -0.045185 -0.225786 -0.262185 -0.255478 -0.049860 -0.188016 -0.043836 -0.196386 -0.033746 -0.221446 -0.163496 -0.173257 0.064384 -0.242345 -0.141130 -0.362948 -0.160299 -0.127524 -0.207954 0.138075 0.019174 0.215707 -0.127329 0.250667 0.201003 -0.269855 -0.035683 0.238795 0.622287 -0.306334 -0.232975 -0.094992 -0.226813 -0.081862 0.159266 -0.188360 -0.123569 -0.149597 0.189824 0.150542 0.105453 0.042726 0.210883 0.039792 0.025357 -0.021303 -0.067834 0.229429 0.084610 0.267799 0.242213 0.299776 0.262821 -0.050590 -0.030255 0.332491 0.170754 -0.183237 -0.147752 -0.160932 -0.331194 -0.143938 -0.151590 0.331229 -0.102750 -0.005937 0.006306 -0.314223 -0.300014 -0.231303 0.024003 -0.356018 -0.132024 -0.226256 -0.037709 0.011243 -0.077262 -0.083726 -0.143653
0.058935 -0.241857 0.318772 -0.296080 0.147062 0.126205 0.486453 0.448856 0.267931 0.323467 0.389873 -0.084625 1.000000 0.515435 0.243886 0.099068 0.331317 -0.291505 0.076723 0.038105 -0.078641 0.178737 0.076647 -0.231201 -0.000506 -0.084243 -0.094032 -0.299105 0.293100 0.279746 -0.067895 -0.078830 0.233583 0.092318 0.070150 0.045092 0.206870 -0.198691 0.227970 0.187964 0.029426 0.125434 -0.118943 -0.096498 -0.138104 -0.214359 0.028303 -0.170280 0.051356 -0.047765 -0.070983 0.020789 0.281042 0.136254 0.390364 0.251749 -0.303872 -0.313581 -0.009181 -0.030775 0.261408 0.323002 0.039094 -0.020687 -0.400308 -0.180275 0.097995 -0.112859 -0.079202 0.003620 0.066352 -0.153989 0.410493 -0.102148 0.108783 -0.080491 0.004927 -0.130030 -0.033550 -0.144925 0.065331 -0.002437 0.238164 0.069332 -0.348016 -0.435403 -0.145496 -0.357117 -0.224802 0.050244 0.034001 0.233559 -0.408138 -0.121689 0.182868 -0.143805 0.042422 0.045964 -0.145287 -0.225639 -0.320556 0.115036 -0.162494 -0.000710 -0.214087 -0.157699 -0.052477 -0.137778 -0.064536 -0.225794 0.035108 0.000782 -0.079339 -0.126913 0.229075 0.150831
0.307546 0.038978 0.129790 -0.224929 0.123141 -0.069519 0.123806 0.353581 0.212218 0.031280 0.188259 0.252373 0.515435 1.000000 0.157769 0.467116 0.298181 -0.089715 -0.019023 -0.071186 -0.235608 0.130687 0.107025 -0.333704 -0.231544 -0.332950 0.082757 -0.140039 0.154584 0.441449 -0.119221 -0.013895 0.216751 0.134609 -0.205689 -0.156535 0.089287 -0.157914 -0.050112 -0.005825 -0.228202 0.116722 -0.203281 -0.193675 -0.236471 -0.355189 -0.024971 -0.377619 -0.008986 -0.035343 -0.108988 -0.007132 0.307171 -0.010370 0.202629 -0.021300 -0.005351 -0.093948 0.259159 0.107635 0.395216 0.596355 -0.010815 0.220234 -0.347507 0.117737 -0.033967 -0.335924 -0.034947 -0.083870 0.162980 0.015122 0.282337 -0.048855 0.092343 0.246356 0.172059 -0.084770 0.034361 0.133466 0.174223 0.235034 -0.090685 0.043869 -0.356812 -0.320765 -0.065398 -0.030714 -0.104689 0.140997 -0.028440 0.156422 -0.227058 -0.104007 0.307379 -0.129215 0.100011 0.058931 -0.214953 -0.050788 0.068340 0.134487 -0.075893 -0.162328 -0.124336 -0.129936 -0.131780 -0.119441 -0.078352 -0.274497 -0.332720 -0.027481 -0.133956 -0.050605 0.152617 -0.021377
0.138714 -0.164632 0.028330 0.379718 0.472648 0.445238 0.341523 0.194488 0.656495 0.597534 0.468102 0.405025 0.243886 0.157769 1.000000 0.342174 0.250472 0.067864 -0.230737 0.036829 0.223545 0.139705 0.477228 0.383845 0.240616 0.070446 0.015230 0.040387 0.368926 0.114825 0.228597 0.217161 -0.119286 0.036690 0.101968 0.291598 -0.143617 -0.068776 -0.109775 -0.129137 0.051244 0.013570 -0.143651 -0.137298 -0.169535 -0.031072 -0.282640 -0.039378 -0.227807 -0.173608 -0.415224 -0.305411 -0.364543 -0.117144 -0.365042 -0.277998 0.052476 -0.195986 0.120253 -0.357459 0.143196 -0.026551 -0.239624 -0.241265 0.204520 0.132663 -0.395475 -0.198733 -0.319939 -0.105333 0.091302 0.241597 0.107821 -0.005572 -0.020014 0.056423 -0.139036 0.109740 0.066199 -0.152169 0.108797 0.033349 0.250456 0.108560 -0.015980 -0.221606 0.041601 0.057169 0.126654 -0.138170 -0.027811 0.122850 -0.094140 0.112831 -0.262708 -0.112820 -0.385007 -0.280938 -0.199845 -0.215146 -0.101596 0.038430 -0.050928 0.168643 -0.258473 -0.210051 0.093240 -0.017552 -0.002939 0.128754 -0.021886 -0.279482 -0.226303 -0.154445 -0.159826 0.094085
0.264513 0.087884 -0.035246 0.236755 0.228717 0.242715 0.004403 0.149530 0.158941 0.035935 0.338085 0.600000 0.099068 0.467116 0.342174 1.000000 0.188601 0.076756 -0.055549 -0.217628 0.009270 0.091024 0.383519 0.114919 -0.179423 -0.169626 0.283247 0.399341 0.192971 0.092529 -0.018634 0.032361 0.010191 -0.103299 -0.040344 -0.173919 0.026744 -0.042220 -0.139685 -0.184014 -0.234109 0.068597 -0.124567 -0.061965 -0.278299 -0.232591 -0.081291 -0.062378 -0.206891 -0.077057 -0.287192 -0.210795 -0.131679 -0.151082 -0.022154 -0.217570 0.105122 -0.027218 0.146171 -0.038528 0.200439 0.328263 -0.158137 -0.060306 0.000754 0.423837 -0.233202 -0.381961 -0.076968 -0.185150 0.046027 0.160716 -0.084347 -0.189770 -0.104187 0.161386 0.008000 -0.060417 0.044586 0.054344 0.044512 0.017237 -0.171268 0.059595 0.005516 -0.123621 0.024375 -0.011700 0.233334 0.250438 0.131338 0.168836 0.184473 0.158985 -0.051655 -0.044984 0.036673 -0.133725 -0.043410 -0.112320 0.170356 -0.146124 0.087671 0.030003 -0.294505 -0.377406 -0.405210 -0.184989 -0.064589 0.003343 -0.060817 0.053203 0.069321 0.006500 -0.112234 -0.134428
0.192558 -0.014524 -0.154632 -0.073036 0.068885 -0.014236 0.005119 -0.118062 0.095695 -0.018427 0.165838 0.123657 0.331317 0.298181 0.250472 0.188601 1.000000 0.323748 0.059765 0.354013 -0.134590 0.072567 -0.052945 -0.070304 -0.068328 -0.127886 0.062456 -0.065464 0.385769 0.473672 0.077050 0.041854 -0.013569 -0.012151 -0.114598 -0.404858 0.326424 -0.150999 0.102395 0.119979 -0.049105 0.046356 -0.319389 -0.229271 -0.463125 -0.343939 -0.169639 0.085769 -0.263167 -0.228508 -0.284613 -0.130457 0.099869 0.001144 0.071582 0.049512 0.372841 0.186422 -0.243057 -0.136717 0.091288 0.071798 0.267222 0.137685 -0.318012 -0.187711 -0.357176 -0.435374 -0.063280 0.017730 -0.062950 -0.040272 0.341687 -0.039947 0.006142 0.184410 0.128045 -0.083094 0.596020 0.253165 0.518828 0.560935 0.168821 0.286075 0.070854 -0.162279 0.060175 -0.076592 0.191880 0.106381 0.163273 0.256584 -0.165755 0.067876 0.021423 -0.067657 -0.117761 0.017465 0.207670 0.019448 0.031043 -0.079281 -0.029285 -0.041017 -0.114609 0.095461 -0.126363 -0.121247 -0.059345 -0.140639 -0.132560 -0.007296 -0.040608 -0.103427 0.205957 -0.048267
0.032631 0.084810 -0.380921 0.020283 -0.046314 -0.061203 -0.200826 -0.506597 -0.018811 -0.076646 -0.140349 -0.005104 -0.291505 -0.089715 0.067864 0.076756 0.323748 1.000000 -0.220895 0.289386 0.074560 0.031407 -0.041903 0.099473 -0.110732 -0.244260 0.023350 0.141259 0.285558 0.305835 0.117574 0.066438 0.019298 0.071861 -0.118723 -0.287710 -0.087481 0.186828 0.020320 0.088102 0.271299 -0.196149 0.011403 0.006650 -0.103445 -0.050297 -0.046488 0.295164 -0.251581 -0.229904 -0.405403 -0.317006 -0.093924 -0.104214 -0.366825 -0.285416 0.612581 0.579416 -0.198845 -0.287601 -0.249961 -0.266619 0.156062 0.101399 0.088336 -0.141131 -0.363494 -0.148876 0.030711 -0.155793 -0.148905 0.133391 0.122885 0.103513 -0.059119 0.116144 -0.182201 -0.165751 0.483375 0.369024 0.565026 0.576279 -0.095833 0.094742 0.204382 0.026084 0.109636 0.032703 -0.051615 -0.110184 0.338003 0.217326 0.117325 0.078746 -0.377869 0.048371 -0.126312 -0.018153 0.325538 0.312791 0.105335 0.120742 0.134733 0.124732 0.191254 0.196432 0.036208 -0.311904 0.332327 0.197007 0.166791 -0.075366 0.005312 -0.114362 -0.100502 -0.305902
0.267793 0.293124 0.456239 0.204977 -0.158179 -0.197615 0.255715 0.393662 -0.204780 -0.211652 -0.240186 -0.071149 0.076723 -0.019023 -0.230737 -0.055549 0.059765 -0.220895 1.000000 0.315794 0.031447 0.145337 -0.133746 -0.234378 -0.168513 0.039927 -0.007191 0.018871 0.049916 -0.063479 -0.093937 -0.103082 0.277782 0.117892 0.042039 -0.372000 -0.136789 -0.186474 -0.078344 -0.198025 0.016188 0.057147 -0.342457 -0.239290 -0.461576 -0.540594 -0.296372 -0.261540 -0.276019 -0.341036 -0.139082 -0.096082 -0.004613 -0.254485 0.177497 -0.085339 -0.171857 -0.006675 -0.100098 0.324963 0.246506 0.286636 0.315995 0.338489 -0.223912 -0.060860 0.300328 -0.259258 0.160462 -0.224774 0.181291 0.075665 0.069048 0.245464 0.232516 0.093554 0.132160 0.058238 0.026693 -0.215951 -0.321692 -0.253571 0.082877 -0.142854 -0.047443 -0.091704 0.018068 -0.070379 0.402820 0.376599 0.128940 0.057582 0.071301 0.091352 -0.075216 -0.214207 -0.027479 -0.330097 -0.018234 -0.256876 0.081307 0.102746 0.185394 0.270870 0.011440 -0.005972 -0.021430 -0.000679 -0.326930 -0.314358 -0.181386 -0.090030 0.054062 -0.119921 0.274263 -0.071411
0.351956 0.285038 -0.172434 0.091332 -0.317009 -0.266266 -0.129171 -0.055002 -0.198029 -0.150336 -0.238200 -0.100033 0.038105 -0.071186 0.036829 -0.217628 0.354013 0.289386 0.315794 1.000000 -0.019837 -0.004505 -0.415983 -0.168086 -0.244044 -0.197235 -0.264022 -0.133853 0.187855 0.220381 -0.118482 -0.154503 0.126661 0.103208 -0.258270 -0.352742 -0.222204 -0.313589 -0.222966 -0.108377 -0.053754 0.028728 -0.183381 -0.162988 -0.287474 -0.232067 -0.193183 0.081801 -0.066861 -0.124002 -0.166340 -0.093828 0.117489 -0.015134 -0.135333 -0.261153 0.433073 0.442724 -0.185849 -0.040293 0.009368 -0.016576 0.344349 0.286913 -0.345724 -0.292097 -0.272531 -0.162693 0.264241 0.145902 -0.154369 -0.054893 0.122348 0.010279 -0.068545 -0.135317 -0.251576 -0.212628 0.297070 0.103858 0.331007 0.264665 0.243464 0.080067 0.030780 0.006321 0.088285 -0.144955 0.141855 -0.084077 0.207576 0.168627 -0.137675 0.062892 -0.059332 -0.199835 -0.181912 -0.151112 0.197934 0.015890 0.063980 0.319770 0.311466 0.314897 0.169976 0.153371 0.334977 -0.098068 -0.108416 0.011671 -0.055688 -0.229995 -0.043348 -0.258033 0.318847 -0.049261
-0.252594 -0.227313 0.253594 0.242607 0.397253 0.457885 0.360887 0.195235 0.268852 0.284496 0.000148 -0.156951 -0.078641 -0.235608 0.223545 0.009270 -0.134590 0.074560 0.031447 -0.019837 1.000000 0.284142 0.368270 0.370894 0.425923 0.555714 0.342489 0.369239 0.244092 -0.040557 0.557665 0.581302 -0.010936 0.153324 0.017444 0.177482 -0.296520 -0.309220 -0.300022 -0.274961 0.046322 -0.061975 0.266662 0.183029 0.332639 0.222880 0.172501 -0.040811 0.133910 0.080868 -0.008220 0.013001 -0.016772 0.112672 -0.256432 -0.250990 -0.239510 -0.256636 -0.163816 -0.224700 -0.262801 -0.290839 -0.174126 -0.175398 0.178784 -0.276182 0.116998 0.092709 -0.124970 -0.025417 0.472627 0.621413 0.238348 0.429866 0.458327 0.282064 -0.107312 0.023112 -0.054620 -0.130142 -0.299920 -0.221847 0.042055 -0.111812 -0.153260 -0.304195 -0.097855 -0.139564 0.006862 -0.331623 0.003315 -0.033120 0.006571 0.005873 -0.290723 -0.223422 -0.070085 -0.327975 -0.093287 -0.035581 -0.076122 0.023825 0.063039 0.138704 -0.056351 -0.320726 -0.032487 -0.202610 0.032177 0.032556 -0.001837 -0.117268 -0.156436 -0.128168 -0.394356 -0.156491
-0.013561 -0.155095 0.117331 0.139606 0.212473 0.201641 0.248904 0.282055 0.149911 0.101324 -0.077979 0.017994 0.178737 0.130687 0.139705 0.091024 0.072567 0.031407 0.145337 -0.004505 0.284142 1.000000 0.158067 0.062062 -0.030356 0.206734 0.092356 0.111224 0.460951 0.190331 0.321176 0.447049 0.106007 0.178268 0.047034 0.150314 -0.213837 -0.108984 -0.232579 -0.125302 0.207979 0.264656 0.199245 0.272406 0.176931 0.134746 0.201870 0.099195 0.055998 0.181704 -0.270295 0.113703 0.065894 0.197765 -0.027210 -0.014384 -0.113230 -0.149654 -0.231577 -0.154900 -0.068080 -0.126895 -0.178541 -0.142019 -0.091252 -0.300330 -0.138944 -0.213247 -0.018609 -0.116603 -0.073434 0.120917 0.183142 0.075419 -0.038768 0.038450 -0.247177 0.092692 0.129474 0.215425 -0.050215 0.150375 0.165389 0.161715 -0.027261 -0.074223 0.154273 0.004660 -0.126997 -0.054926 -0.087645 -0.013883 -0.061791 -0.332299 0.001533 -0.352685 0.166309 -0.237668 0.001432 -0.201842 -0.179837 0.040634 -0.157011 0.025320 -0.079045 -0.197460 0.006929 0.158272 -0.163453 -0.190073 -0.008909 -0.076433 -0.156759 -0.440231 -0.129875 -0.159821
-0.192644 -0.364455 0.380104 0.518673 0.375001 0.380309 0.561517 0.397520 0.404706 0.287357 0.476935 0.315027 0.076647 0.107025 0.477228 0.383519 -0.052945 -0.041903 -0.133746 -0.415983 0.368270 0.158067 1.000000 0.626052 0.148868 0.142851 0.269209 0.369559 0.269408 -0.102380 0.430188 0.445106 -0.029000 0.030657 0.232345 0.139174 -0.307378 -0.119031 -0.246430 -0.248903 -0.060106 -0.143705 0.089906 0.067478 -0.039723 -0.012324 -0.017896 -0.024646 -0.141048 -0.072533 -0.162603 -0.140263 -0.241999 0.057911 -0.296234 -0.091000 -0.213600 -0.463184 -0.079175 -0.370164 -0.030003 -0.078669 -0.392382 -0.371935 0.403294 0.203540 -0.177721 -0.244114 -0.321793 -0.320934 0.382973 0.502494 0.006174 0.090453 0.214652 0.247520 -0.117967 -0.118937 -0.041942 -0.145405 -0.208662 -0.145434 -0.129998 -0.040240 0.004411 -0.113831 -0.137426 0.023179 0.003139 0.005068 0.024495 0.214127 0.235612 0.190817 -0.296865 -0.107241 -0.204941 -0.376713 -0.308829 -0.174429 0.115738 -0.134963 -0.016793 0.102928 -0.179127 -0.257062 -0.369028 0.004412 -0.122550 -0.077884 -0.049151 -0.131050 -0.231660 -0.040743 -0.279870 -0.161806
-0.268311 -0.471099 0.132911 0.547111 0.376583 0.358491 0.262017 0.037164 0.292874 0.298501 0.353508 0.156828 -0.231201 -0.333704 0.383845 0.114919 -0.070304 0.099473 -0.234378 -0.168086 0.370894 0.062062 0.626052 1.000000 0.448270 0.364807 0.138358 0.293597 0.251270 -0.132292 0.665396 0.614337 -0.279972 0.007710 0.248050 0.192971 -0.251705 0.035448 -0.152319 -0.148261 0.031304 -0.090719 0.095098 0.140718 0.111955 0.212764 0.053712 0.319871 -0.126438 -0.038052 -0.099471 -0.124390 -0.315699 0.042008 -0.378150 -0.018553 -0.145561 -0.369336 -0.356452 -0.466404 -0.345833 -0.509896 -0.252992 -0.485880 0.443914 -0.039193 -0.314362 -0.001168 -0.323643 -0.141416 0.268723 0.307000 -0.086708 0.184179 0.054438 0.072604 -0.109542 0.098539 0.071685 -0.021163 -0.056552 -0.152647 0.172643 0.186364 0.148029 0.203082 -0.008970 -0.003651 -0.026246 -0.094765 -0.031496 0.030858 0.108639 0.043728 -0.372746 0.051644 -0.170489 -0.240973 -0.211357 -0.165146 -0.184157 -0.236663 -0.158044 0.082855 -0.160597 -0.106513 -0.241983 0.003244 0.060722 -0.008157 0.226519 -0.158114 -0.256016 -0.131809 -0.367329 -0.038433
-0.507754 -0.512195 0.096492 -0.047714 0.631493 0.471581 0.221711 -0.030398 0.617447 0.501423 0.135043 -0.271901 -0.000506 -0.231544 0.240616 -0.179423 -0.068328 -0.110732 -0.168513 -0.244044 0.425923 -0.030356 0.148868 0.448270 1.000000 0.731505 0.378754 0.037763 -0.035596 -0.025994 0.420275 0.355943 -0.372328 0.014302 0.121001 0.362508 0.075056 0.000963 0.152828 0.150350 0.039175 0.070754 -0.035902 -0.081087 0.212742 0.217729 0.072421 -0.006820 0.036335 -0.092774 0.171951 -0.047156 0.057838 0.088219 0.043292 0.141603 -0.328273 -0.355110 -0.109405 -0.118294 -0.383763 -0.472208 -0.138458 -0.410860 0.242456 -0.356034 0.213339 0.377740 -0.303966 0.160021 0.341740 0.145500 0.194641 0.282967 0.203626 0.168120 0.110166 0.225917 -0.000542 -0.129638 -0.167266 -0.244954 0.277210 0.259593 -0.153113 -0.088286 0.001272 -0.027626 0.029636 -0.259014 -0.022631 -0.148825 -0.115079 0.016566 -0.001349 0.071783 -0.073286 0.060426 -0.112609 -0.051914 -0.366993 -0.166752 -0.280158 -0.116308 -0.068199 0.061127 0.063905 0.091049 0.162638 -0.033927 0.056783 -0.119461 -0.218368 0.073780 -0.206238 0.253348
-0.435020 -0.239645 0.240404 0.130698 0.376499 0.450166 0.168410 0.098739 0.302105 0.158044 -0.020126 -0.208535 -0.084243 -0.332950 0.070446 -0.169626 -0.127886 -0.244260 0.039927 -0.197235 0.555714 0.206734 0.142851 0.364807 0.731505 1.000000 0.412815 0.341306 -0.157170 -0.215034 0.405561 0.423843 -0.267000 0.106421 0.128818 0.403109 -0.002287 -0.178802 -0.165558 -0.122266 -0.106110 0.112784 0.066002 0.096652 0.303671 0.304612 0.025478 -0.096291 0.040640 -0.014792 0.189805 0.010169 -0.031945 0.106548 0.073047 -0.019483 -0.349284 -0.302126 -0.198877 -0.051471 -0.257463 -0.398226 -0.162296 -0.282217 0.259510 -0.216363 0.274702 0.413579 -0.173875 0.236901 0.354937 0.232634 0.058498 0.305665 0.206864 0.249613 0.093093 0.312092 -0.149442 -0.120063 -0.419588 -0.338219 0.168606 0.095714 0.040555 0.027390 0.129276 0.142800 0.173916 -0.223657 -0.125629 -0.281982 0.051117 0.082430 0.143274 -0.224499 0.067519 -0.091504 -0.093556 -0.192958 -0.112956 -0.272938 -0.102264 -0.088640 -0.144572 -0.143028 -0.037707 0.164919 -0.070841 -0.121202 -0.112081 -0.074191 -0.157236 0.020241 -0.268062 0.058940
-0.109649 0.019382 0.024912 0.079610 0.296321 0.595907 0.034451 0.058612 0.346505 0.029888 0.147934 0.033162 -0.094032 0.082757 0.015230 0.283247 0.062456 0.023350 -0.007191 -0.264022 0.342489 0.092356 0.269209 0.138358 0.378754 0.412815 1.000000 0.605965 -0.149517 -0.218853 0.118267 0.128294 -0.228176 -0.249725 0.017697 -0.055775 0.063275 -0.258809 -0.047190 -0.083779 -0.009022 -0.127814 0.063717 -0.010284 -0.085737 -0.057938 0.070879 -0.195028 -0.324571 -0.217985 -0.154866 -0.134133 0.121364 -0.000406 0.300189 -0.061860 -0.052737 0.064278 -0.222866 0.186264 -0.121279 0.004259 0.046448 0.106803 0.132210 -0.009188 0.088495 0.023757 -0.172603 -0.088633 0.300371 0.309212 -0.065042 0.192320 0.081765 0.201001 0.050040 -0.040220 0.114715 -0.048851 -0.203690 -0.234221 -0.020776 0.100496 0.142405 0.037058 0.166825 0.032307 0.468599 0.156656 0.341217 -0.008579 0.387953 0.098681 -0.034544 -0.090862 0.054440 -0.079420 0.148510 0.084558 0.158438 -0.170941 0.160534 0.044147 -0.024971 -0.111717 -0.139878 -0.131664 -0.011429 -0.181464 -0.195686 0.222822 0.064461 0.203098 -0.036282 -0.310889
-0.013042 0.309180 0.125079 0.412178 0.035328 0.410377 -0.133565 -0.050966 -0.072085 -0.311891 0.025144 0.237088 -0.299105 -0.140039 0.040387 0.399341 -0.065464 0.141259 0.018871 -0.133853 0.369239 0.111224 0.369559 0.293597 0.037763 0.341306 0.605965 1.000000 -0.063106 -0.424726 0.130733 0.134504 0.028154 -0.227584 0.054828 -0.132852 -0.243567 -0.248842 -0.332566 -0.326903 -0.097683 -0.226317 0.101625 0.168553 -0.019331 0.023840 -0.032186 -0.011154 -0.169930 -0.068948 -0.182796 -0.069976 -0.128097 -0.018644 -0.033235 -0.249381 0.061246 0.179003 -0.159565 0.096321 -0.182144 -0.125236 -0.161426 0.035180 0.134389 0.187043 0.061646 -0.022890 0.096422 -0.092410 0.148325 0.461062 -0.262111 0.012083 -0.035752 0.175742 -0.197346 -0.080067 -0.032788 0.027042 -0.246919 -0.208405 -0.212444 -0.096313 0.243953 0.244682 0.119004 0.107069 0.321542 0.006993 0.114474 -0.070829 0.293767 0.066043 -0.164682 -0.211755 0.092141 -0.169738 0.026696 0.085061 0.258048 -0.215709 0.294638 0.246131 0.042399 -0.242710 -0.140722 -0.257104 0.045745 0.024061 -0.002835 0.042731 0.042193 0.160847 -0.209678 -0.504271
0.025228 -0.280141 0.050721 0.095189 0.324149 0.147515 0.384965 0.069129 0.237265 0.314989 0.271118 0.049202 0.293100 0.154584 0.368926 0.192971 0.385769 0.285558 0.049916 0.187855 0.244092 0.460951 0.269408 0.251270 -0.035596 -0.157170 -0.149517 -0.063106 1.000000 0.585835 0.516852 0.499468 0.134798 0.127880 0.019967 -0.190153 -0.049683 0.057948 0.095869 0.124596 0.361382 0.151100 -0.001192 0.000763 -0.078282 -0.159892 0.229597 0.236524 0.017109 0.077804 -0.353486 0.086123 0.154186 0.324728 -0.163255 0.195755 -0.132449 -0.215189 -0.255181 -0.298562 -0.213895 -0.168759 -0.065745 -0.079128 -0.274192 -0.451511 -0.303617 -0.599869 -0.182239 -0.409726 0.129375 0.162302 0.487964 0.189609 0.132236 0.141755 -0.176655 -0.082537 0.433026 0.009804 0.322640 0.349728 0.280294 0.344215 -0.134366 -0.210613 -0.103551 -0.286399 -0.235147 -0.016995 -0.057971 0.229590 -0.311996 -0.293824 -0.432563 0.052228 -0.135884 -0.289448 0.003604 -0.160986 -0.323737 -0.169866 -0.350448 -0.006405 -0.302154 -0.323259 -0.243261 -0.187272 0.066491 0.042531 0.172722 -0.156177 -0.263805 -0.418973 -0.208479 -0.100799
-0.031290 -0.312863 -0.291786 -0.311744 0.178748 -0.148829 0.069872 -0.004495 0.256907 0.240892 -0.008892 -0.053396 0.279746 0.441449 0.114825 0.092529 0.473672 0.305835 -0.063479 0.220381 -0.040557 0.190331 -0.102380 -0.132292 -0.025994 -0.215034 -0.218853 -0.424726 0.585835 1.000000 0.250662 0.353521 0.147557 0.407350 -0.338243 -0.119639 0.287099 0.212042 0.145846 0.272904 0.002499 0.385765 -0.116870 -0.121985 -0.002926 -0.085328 0.188371 0.071800 0.221322 0.162627 -0.131299 0.075519 0.257644 0.181160 -0.034087 0.183520 0.129828 -0.087606 -0.154593 -0.290424 -0.048100 0.033206 0.027115 0.015599 -0.316661 -0.355676 -0.335527 -0.356536 -0.109123 -0.137798 0.085972 -0.085099 0.726270 0.219565 0.306989 0.361148 0.171365 -0.006559 0.349702 0.225898 0.564569 0.652205 0.113059 0.450635 -0.369655 -0.395715 -0.151221 -0.118415 -0.346487 -0.144543 -0.117851 0.077414 -0.316957 -0.229916 0.130550 0.071686 0.065473 0.032381 0.119982 0.009644 -0.127414 -0.083433 -0.357275 -0.365646 -0.285405 -0.090123 -0.152095 -0.066274 0.136975 -0.026238 -0.083124 -0.086179 -0.173655 -0.192517 -0.043421 0.175012
-0.303562 -0.500655 0.147494 0.250854 0.396394 0.214585 0.292838 0.012548 0.287305 0.257322 0.263336 -0.018481 -0.067895 -0.119221 0.228597 -0.018634 0.077050 0.117574 -0.093937 -0.118482 0.557665 0.321176 0.430188 0.665396 0.420275 0.405561 0.118267 0.130733 0.516852 0.250662 1.000000 0.862447 -0.008350 0.231594 0.038665 0.174576 -0.127739 -0.104703 -0.196501 -0.190720 0.062742 0.023080 0.171690 0.207468 0.308457 0.196617 0.245019 0.168126 0.071831 0.144758 -0.028638 0.077453 0.016197 0.256140 -0.238970 0.062972 -0.261983 -0.338467 -0.357852 -0.495136 -0.378592 -0.417846 -0.204000 -0.226815 0.189981 -0.355782 -0.238598 -0.157126 -0.229703 -0.134007 0.509680 0.397478 0.393075 0.534134 0.375795 0.461196 0.195680 0.218937 0.155303 0.051685 0.029544 0.107364 0.187717 0.185736 0.041844 -0.025634 0.013367 0.105932 -0.134353 -0.296688 -0.258501 -0.124938 -0.150766 -0.274418 -0.284230 -0.005375 -0.029760 -0.161257 -0.173868 -0.130405 -0.292238 -0.207724 -0.346418 -0.182656 -0.209777 -0.230431 -0.320419 -0.076446 0.008724 0.010163 0.098230 -0.119562 -0.367655 -0.199407 -0.352732 -0.050564
-0.299037 -0.529121 0.132326 0.240875 0.426240 0.224316 0.306002 0.167008 0.320200 0.277653 0.131468 0.059175 -0.078830 -0.013895 0.217161 0.032361 0.041854 0.066438 -0.103082 -0.154503 0.581302 0.447049 0.445106 0.614337 0.355943 0.423843 0.128294 0.134504 0.499468 0.353521 0.862447 1.000000 -0.044903 0.416020 -0.105737 0.219994 -0.171929 -0.021127 -0.262719 -0.120949 -0.034024 0.193715 0.232969 0.243606 0.371078 0.279609 0.295017 0.097281 0.168510 0.252762 -0.036816 0.099490 -0.006343 0.227472 -0.273959 0.044726 -0.276058 -0.458898 -0.374783 -0.512509 -0.251025 -0.331719 -0.307933 -0.294738 0.181744 -0.294635 -0.261985 -0.166852 -0.287614 -0.186633 0.452467 0.444416 0.405961 0.508703 0.408931 0.471974 0.156083 0.270866 0.156666 0.159809 -0.013347 0.181672 0.093266 0.246577 -0.150761 -0.120550 -0.137867 0.009027 -0.261140 -0.268781 -0.296620 -0.134559 -0.060031 -0.275503 -0.134051 -0.104459 0.024157 -0.279845 -0.228811 -0.196099 -0.163246 -0.294992 -0.439724 -0.286860 -0.330264 -0.283246 -0.314206 0.093970 -0.048086 -0.096336 0.003689 -0.113770 -0.325921 -0.228752 -0.454617 -0.127162
0.068197 0.247362 0.144730 -0.134648 -0.384320 -0.298402 0.010408 0.097480 -0.246681 -0.265544 0.000464 0.057375 0.233583 0.216751 -0.119286 0.010191 -0.013569 0.019298 0.277782 0.126661 -0.010936 0.106007 -0.029000 -0.279972 -0.372328 -0.267000 -0.228176 0.028154 0.134798 0.147557 -0.008350 -0.044903 1.000000 0.476660 0.133159 -0.008117 -0.137003 -0.063178 -0.159920 -0.170479 -0.132702 -0.147544 -0.206177 -0.075674 -0.040164 -0.169747 -0.264737 -0.213560 0.100413 0.007882 -0.023813 0.000930 0.046706 -0.192937 0.097420 -0.207746 -0.055211 0.100536 0.046382 0.038396 0.165299 0.237287 -0.008074 0.376871 -0.131779 0.092101 0.200315 0.028820 0.317078 -0.125454 -0.024978 0.093803 0.299248 0.131815 0.267458 0.292788 0.218480 0.087251 -0.238506 -0.024329 0.059098 0.163082 -0.045317 -0.268046 -0.118914 -0.141709 -0.023799 -0.028677 -0.131017 -0.064929 -0.126624 -0.055546 -0.205604 -0.279453 0.073363 -0.174571 0.196627 0.081357 -0.227704 -0.016152 0.139953 0.174113 0.191698 0.091454 0.251791 0.064344 -0.004937 -0.394362 0.007385 -0.069592 0.082608 -0.088311 -0.123513 -0.017194 0.197839 -0.180376
-0.182629 -0.144262 0.043500 0.005132 -0.012251 -0.177741 0.180857 0.197379 0.111620 0.086255 -0.036842 0.073245 0.092318 0.134609 0.036690 -0.103299 -0.012151 0.071861 0.117892 0.103208 0.153324 0.178268 0.030657 0.007710 0.014302 0.106421 -0.249725 -0.227584 0.127880 0.407350 0.231594 0.416020 0.476660 1.000000 -0.078135 0.297939 -0.112868 0.057271 -0.236366 -0.008846 -0.288460 0.058608 -0.141478 -0.144123 0.065727 -0.010941 -0.265058 -0.252246 0.036486 -0.083775 0.033606 -0.249580 -0.117352 -0.181902 -0.188637 -0.302147 -0.128918 -0.196000 -0.087727 -0.400434 0.204700 0.054170 -0.151780 0.043900 0.227785 0.040125 -0.076825 0.110590 0.095110 -0.025956 0.190189 0.253702 0.458852 0.388015 0.393028 0.437271 0.337897 0.376767 -0.027827 0.135121 0.152017 0.322903 -0.022053 -0.072801 -0.159396 -0.236821 -0.115570 0.128975 -0.223134 -0.219212 -0.139535 -0.095682 -0.017359 -0.069185 0.247422 -0.215591 0.039041 -0.121512 -0.420152 -0.282605 0.168453 -0.082581 -0.131676 -0.318984 -0.015227 0.098244 0.030953 0.093221 -0.152100 -0.162280 -0.146022 -0.165450 -0.202421 -0.106777 0.014980 0.037063
-0.174224 -0.107641 0.281672 0.091668 0.155406 0.201092 0.304007 0.008957 0.087501 0.114714 0.204769 -0.025666 0.070150 -0.205689 0.101968 -0.040344 -0.114598 -0.118723 0.042039 -0.258270 0.017444 0.047034 0.232345 0.248050 0.121001 0.128818 0.017697 0.054828 0.019967 -0.338243 0.038665 -0.105737 0.133159 -0.078135 1.000000 0.218306 -0.091971 0.130744 0.074841 0.007552 0.229717 -0.394905 -0.231353 -0.202148 -0.167967 -0.115302 -0.244460 0.162443 -0.145639 -0.241815 -0.037576 -0.068493 -0.141660 -0.088069 -0.096893 -0.115922 -0.318835 -0.228924 0.160138 0.066561 -0.046077 -0.101298 -0.103790 -0.173359 0.276664 0.227923 0.308019 0.220811 -0.157639 -0.156279 -0.096989 0.012245 -0.143538 -0.107989 -0.250575 -0.189159 -0.066029 0.315571 -0.316682 -0.250640 -0.190145 -0.348149 0.048868 -0.237244 0.078940 0.069625 0.158193 -0.057367 0.059014 0.025100 0.118636 0.091248 -0.005630 0.006540 -0.249626 0.091178 -0.163420 0.076677 -0.182381 -0.214618 -0.225469 -0.056194 0.029551 0.248478 0.195842 0.122618 0.000142 -0.191726 0.138877 0.017505 0.312617 -0.071483 -0.130797 -0.110451 0.052528 0.231206
-0.298713 -0.299471 -0.067007 0.022569 0.181511 0.348733 0.119776 0.172104 0.420147 0.449725 0.150758 0.053342 0.045092 -0.156535 0.291598 -0.173919 -0.404858 -0.287710 -0.372000 -0.352742 0.177482 0.150314 0.139174 0.192971 0.362508 0.403109 -0.055775 -0.132852 -0.190153 -0.119639 0.174576 0.219994 -0.008117 0.297939 0.218306 1.000000 -0.048010 0.094888 -0.162402 -0.160358 -0.040490 0.126995 0.114829 0.131067 0.495372 0.592831 -0.054436 -0.079459 0.217974 0.240828 0.159876 -0.056924 -0.236855 0.090512 -0.151831 -0.134583 -0.278976 -0.357404 0.133984 -0.299233 0.094427 -0.162755 -0.426738 -0.316267 0.511638 0.189309 0.011678 0.559488 -0.171052 0.119931 -0.039937 -0.062278 -0.007200 -0.011281 -0.047541 -0.003454 0.030164 0.356044 -0.484628 -0.172125 -0.100451 -0.178720 0.198417 0.075149 0.038524 -0.013737 0.116852 0.221447 -0.177257 -0.320332 -0.208100 -0.259887 0.013322 -0.070534 0.152328 -0.200579 -0.097199 0.021281 -0.260668 -0.228636 -0.093962 -0.037674 -0.143153 -0.209274 -0.151331 -0.109391 0.095073 0.207604 -0.008529 0.072312 0.013274 -0.141552 -0.183319 0.010572 -0.210512 0.177696
