1.000000 0.277972 0.408862 0.104588 0.152205 0.159298 0.440287 0.264881 -0.060451 -0.009815 0.235051 -0.021582 0.014371 0.130386 -0.135283 0.114220 0.077547 0.186383 0.521773 0.535466 0.181078 0.076460 0.030919 0.021627 -0.170106 -0.112432 0.346634 -0.064996 -0.079859 -0.145601 0.031648 0.057183 0.334527 0.257414 -0.021275 -0.030645 -0.356663 -0.397490 -0.378593 -0.333678 -0.167009 -0.273739 0.047909 -0.074103 -0.235264 -0.110206 -0.195597 -0.172950 -0.282369 -0.276547 0.084187 -0.172663 0.109088 0.042765 -0.267118 -0.375899 0.264314 -0.040467 -0.050245 -0.095081 0.324120 0.102648 0.122234 0.029521 0.122330 -0.005046 -0.060509 -0.027894 0.165865 -0.079379 -0.125250 -0.058161 -0.055546 -0.026296 -0.032536 0.165841 -0.078411 -0.187439 -0.268650 -0.178628 -0.118302 -0.133226 -0.409612 -0.037166 -0.120152 -0.223275 -0.035772 0.012545 -0.132178 -0.199034 0.100318 0.055033 0.194591 0.179309 -0.217486 -0.337865 -0.284584 -0.257048 -0.342722 -0.146540 0.149583 0.008139 -0.082185 -0.155729 -0.155405 -0.117843 -0.232873 -0.131214 -0.237724 -0.038957 -0.366090 -0.229317 0.211154 0.150801 0.070855 -0.152683
0.277972 1.000000 -0.014760 0.222550 0.291005 0.260265 -0.069519 0.160116 -0.303635 0.029040 -0.274790 0.164207 -0.408885 0.044204 -0.062841 0.054600 -0.304683 0.224889 0.145389 0.580503 -0.270512 -0.137719 -0.299491 -0.099986 -0.327291 -0.420946 0.282707 0.007929 -0.389858 0.008510 -0.350209 -0.341044 0.153520 0.160696 -0.116641 0.051330 -0.425545 -0.184959 -0.330216 0.064853 -0.283606 -0.139561 0.279375 0.071659 0.073757 0.218679 0.061898 0.124952 0.130668 0.207998 0.131978 0.110932 0.122244 0.252573 -0.385508 -0.274732 -0.020078 0.409325 0.229169 0.291155 0.040310 0.335277 -0.209251 0.303329 -0.205631 0.145703 0.067383 -0.064464 0.285713 0.382325 -0.287354 -0.106319 -0.453158 0.008392 -0.326214 -0.142702 -0.206692 0.024561 -0.385751 0.155710 -0.427216 -0.004238 -0.266141 0.057098 -0.421988 -0.129120 -0.210078 -0.057538 -0.152051 -0.325815 0.110087 -0.043735 0.039263 -0.131617 -0.088953 -0.225198 -0.070028 -0.110217 -0.089264 -0.166898 0.076088 -0.116866 0.000313 0.002584 0.071517 0.005448 -0.106420 -0.074373 -0.310315 -0.099441 -0.002721 -0.048272 -0.008464 -0.118086 0.104581 0.084213
0.408862 -0.014760 1.000000 0.701374 0.496329 0.175721 0.811984 0.733696 0.384386 0.202982 0.360243 0.437967 0.498187 0.564276 0.037175 0.266074 -0.067419 -0.346686 0.427185 0.225283 0.251918 0.110319 0.692263 0.631761 0.436555 0.326674 0.123531 -0.024738 -0.176388 -0.328546 0.506879 0.478273 0.098859 0.295934 -0.432913 -0.330281 -0.535089 -0.596790 -0.430159 -0.549995 -0.345378 -0.257340 0.229551 -0.104019 -0.506599 -0.257076 0.013193 0.083413 -0.513472 -0.466192 0.171295 -0.232841 0.574490 0.464075 -0.304050 -0.523365 0.003990 -0.239451 -0.268376 -0.296091 0.066931 -0.013022 -0.165615 -0.328839 0.252084 -0.115277 -0.408554 -0.260065 -0.112846 -0.336671 0.180666 0.037828 -0.196912 -0.282610 -0.254065 -0.016123 -0.421692 -0.426798 -0.311562 -0.653952 -0.231978 -0.527629 -0.308022 -0.170663 -0.031633 -0.470064 0.177091 0.245735 -0.179754 -0.305343 0.315832 0.297387 0.356084 0.325769 -0.076054 -0.272088 -0.185043 -0.042849 0.085864 0.027480 -0.146786 0.088460 -0.411395 -0.316442 -0.501245 -0.400666 -0.396004 -0.343897 0.004239 -0.189760 -0.298899 -0.047122 0.094669 -0.175624 -0.191091 -0.335774
0.104588 0.222550 0.701374 1.000000 0.473183 0.286185 0.618907 0.814464 0.396124 0.480199 -0.068788 0.684927 0.301391 0.676752 0.175837 0.522752 -0.186489 -0.278136 0.246407 0.211529 0.091786 0.026324 0.556998 0.722078 0.332731 0.153757 0.049080 0.189585 -0.256578 -0.110308 0.356309 0.397790 0.148942 0.280734 -0.329139 -0.442722 -0.575339 -0.519422 -0.451873 -0.474902 -0.305503 -0.205349 0.316623 -0.028546 -0.476987 -0.173658 0.245776 0.330731 -0.333649 -0.262555 0.321711 -0.092172 0.683813 0.631308 -0.477875 -0.515092 -0.114814 -0.196384 -0.374441 -0.303094 -0.031230 0.104983 -0.013599 -0.110195 0.091431 -0.083272 -0.565527 -0.499369 -0.219836 -0.202772 0.064756 0.104572 -0.376643 -0.216307 -0.316251 -0.135526 -0.504921 -0.321169 -0.222562 -0.459062 -0.290471 -0.482689 -0.282174 0.181791 -0.158151 -0.316459 0.100345 0.342606 -0.293041 -0.397561 0.394576 0.226046 0.238106 0.104871 -0.216658 -0.346080 -0.213789 -0.076855 0.205139 0.074360 -0.267788 -0.071030 -0.599655 -0.439151 -0.616926 -0.584797 -0.286356 -0.412176 -0.097138 -0.350460 -0.180603 0.146454 0.062205 -0.439858 -0.269620 -0.342226
0.152205 0.291005 0.496329 0.473183 1.000000 0.577304 0.429205 0.546651 0.074624 0.285042 0.240126 0.461374 0.206798 0.538450 0.410386 0.481843 0.050335 -0.013745 -0.082416 0.194034 0.260244 0.283543 0.196561 0.295425 -0.090935 0.026028 0.599132 0.245124 -0.109032 0.070161 0.219211 0.123675 0.004691 0.067236 -0.397020 -0.195292 -0.532713 -0.461261 -0.284721 -0.178522 -0.141240 0.167484 0.046546 -0.337694 -0.422223 -0.341952 -0.201989 0.032792 -0.288824 -0.270533 -0.135429 -0.349399 0.254200 0.395961 -0.576103 -0.452185 0.120979 0.363356 0.078755 0.064917 0.039638 -0.001049 -0.218519 -0.311052 -0.098515 -0.217095 -0.194554 -0.241684 0.370283 0.154761 0.090667 0.132701 -0.078309 0.105074 -0.089452 0.189818 -0.191826 -0.013670 -0.265367 -0.273475 -0.165911 -0.188086 -0.260094 0.129936 -0.404469 -0.465143 -0.172162 0.017297 -0.247962 -0.298088 0.155300 0.369455 0.225782 0.092352 -0.104109 -0.386779 -0.198934 0.018831 0.049552 0.133174 -0.130864 0.004727 -0.279187 -0.081088 -0.265324 -0.254205 -0.311377 0.026437 -0.178246 -0.158840 -0.114811 -0.095731 0.260254 -0.239003 -0.020480 0.006993
0.159298 0.260265 0.175721 0.286185 0.577304 1.000000 0.096985 0.198941 0.005841 0.389782 -0.057729 0.247969 0.032416 0.230616 0.536119 0.443518 -0.014308 -0.115773 0.012926 0.255476 0.268404 0.296301 0.035892 0.115497 -0.001511 0.098140 0.733879 0.614561 -0.095027 0.025858 0.083779 -0.104286 0.127290 -0.045119 -0.428972 -0.293645 -0.506697 -0.411432 -0.195910 -0.054020 -0.184573 0.013519 0.015758 -0.376628 -0.046965 -0.042907 -0.171384 -0.092113 -0.049791 0.092459 0.003309 -0.087250 0.126749 0.239907 -0.350107 -0.458937 0.120345 0.482090 0.055288 0.053310 0.081477 0.101181 -0.193029 -0.150839 -0.057136 -0.075763 -0.082695 -0.234365 0.359374 0.335936 -0.127449 -0.016820 -0.181722 -0.091176 -0.202758 -0.259099 -0.365404 -0.191586 -0.147549 -0.189786 -0.105856 -0.208021 -0.201628 -0.013772 -0.305589 -0.301227 0.066624 -0.155542 -0.108204 -0.291165 0.100433 0.192389 0.136042 0.015830 -0.208795 -0.381007 -0.241963 -0.170866 -0.002653 -0.042930 -0.134238 0.107570 -0.175710 0.050914 -0.155300 -0.152058 -0.181526 0.031757 -0.274222 -0.096152 -0.191851 0.020120 -0.069213 -0.115880 0.148421 -0.026664
0.440287 -0.069519 0.811984 0.618907 0.429205 0.096985 1.000000 0.763809 0.333318 0.248441 0.418656 0.586693 0.505032 0.678827 0.025837 0.371100 0.156912 -0.150625 0.232032 0.055393 0.390676 0.167157 0.521831 0.456905 0.152558 0.118519 0.125889 -0.013292 0.030668 -0.018996 0.615094 0.620733 0.050748 0.226860 -0.274180 -0.406022 -0.409362 -0.534441 -0.369739 -0.577009 -0.244153 -0.193476 0.035746 -0.158463 -0.622796 -0.359359 -0.159097 -0.007259 -0.596462 -0.466209 0.027001 -0.262945 0.422462 0.314909 -0.356922 -0.521587 -0.063549 -0.371322 -0.308310 -0.231493 0.100784 0.009924 0.229665 -0.131917 0.143304 -0.120638 -0.410515 -0.382873 -0.246969 -0.411887 0.331697 0.241405 -0.008228 -0.007853 -0.087566 0.096101 -0.321771 -0.307090 -0.146906 -0.512243 -0.046260 -0.321020 -0.301272 0.120376 -0.013494 -0.278453 0.150752 0.180294 -0.333721 -0.327985 0.197825 0.297030 0.293011 0.317617 -0.312358 -0.324777 -0.467661 -0.202012 -0.155760 0.061196 -0.104953 -0.048206 -0.424930 -0.350562 -0.494225 -0.420609 -0.255136 -0.324435 -0.191447 -0.305883 -0.472371 -0.073275 0.126442 -0.052443 -0.067642 -0.335894
0.264881 0.160116 0.733696 0.814464 0.546651 0.198941 0.763809 1.000000 0.334994 0.419925 0.165655 0.714125 0.405133 0.813683 0.062754 0.484094 -0.083849 -0.143109 0.092044 0.120423 0.252721 0.091110 0.562375 0.664356 0.136817 0.051118 0.134216 0.018026 -0.230908 -0.049281 0.450530 0.555232 0.212957 0.367785 -0.217730 -0.230554 -0.585822 -0.508229 -0.564348 -0.641655 -0.201627 -0.182605 0.278966 -0.047277 -0.517794 -0.253002 0.072547 0.215246 -0.527739 -0.332703 0.186819 -0.170630 0.682300 0.567997 -0.666514 -0.639638 -0.077565 -0.209584 -0.323048 -0.232626 0.004661 0.151385 0.096600 -0.132595 0.134814 0.013801 -0.458517 -0.283341 -0.117259 -0.251490 0.113792 0.160784 -0.246708 -0.031444 -0.268786 -0.011728 -0.403375 -0.123770 -0.247731 -0.469718 -0.175281 -0.374966 -0.429030 0.250848 -0.162207 -0.359047 -0.048916 0.344609 -0.446045 -0.477446 0.273980 0.287500 0.233094 0.184992 -0.272353 -0.424713 -0.414793 -0.173225 -0.015117 0.038378 -0.366762 -0.230280 -0.639225 -0.501348 -0.646577 -0.631763 -0.260611 -0.283900 -0.141220 -0.355106 -0.285655 -0.056982 0.287451 -0.325518 -0.248296 -0.357646
-0.060451 -0.303635 0.384386 0.396124 0.074624 0.005841 0.333318 0.334994 1.000000 0.686225 0.025805 0.212798 0.300099 0.211325 0.000202 0.536008 -0.174798 -0.509834 0.063285 0.016619 0.014207 -0.106247 0.353313 0.316373 0.595069 0.301182 -0.411158 -0.184655 -0.346974 -0.381901 0.186216 0.293740 0.049145 0.265179 0.008459 -0.103531 -0.233040 -0.276290 -0.254035 -0.395068 -0.197630 -0.291594 0.298993 0.226851 -0.077206 0.082373 0.185142 0.307657 -0.154037 -0.042252 0.380677 0.161082 0.446016 0.280152 -0.097189 -0.283456 -0.151306 -0.355396 -0.389237 -0.323187 0.194571 0.233523 0.001259 -0.073621 0.498638 0.224274 -0.267166 -0.181794 -0.344846 -0.194697 -0.043755 -0.078195 -0.306026 -0.415520 -0.248097 -0.277496 -0.186279 -0.252531 0.052379 -0.382850 -0.114460 -0.556755 0.060649 0.040175 0.155969 -0.132510 0.254082 0.140802 -0.064958 -0.120621 0.146911 0.173608 0.010462 0.052413 0.073186 -0.092475 -0.107047 -0.021846 0.073530 -0.021892 -0.300647 0.156939 -0.342978 -0.294046 -0.340057 -0.346715 0.036110 -0.309813 0.130853 -0.103489 -0.139288 0.111200 0.019562 -0.267581 -0.234786 -0.305630
-0.009815 0.029040 0.202982 0.480199 0.285042 0.389782 0.248441 0.419925 0.686225 1.000000 -0.210172 0.326725 0.095504 0.373607 0.107194 0.739611 -0.217029 -0.253236 -0.097943 0.162617 -0.100630 -0.121868 0.081243 0.189382 0.183316 -0.053334 -0.060315 -0.018998 -0.449054 -0.135817 -0.045794 0.063134 0.182254 0.137136 0.166063 -0.022137 -0.528988 -0.414046 -0.472203 -0.304640 -0.198487 -0.344116 0.354134 0.227020 0.045080 0.190966 0.151187 0.229724 0.031326 0.196320 0.355220 0.297677 0.431282 0.386189 -0.441778 -0.360425 -0.057792 -0.079913 -0.160342 -0.023169 0.263076 0.498868 0.131335 0.192187 0.185912 0.348069 -0.113479 -0.226983 -0.081490 0.039858 -0.282372 -0.079179 -0.477113 -0.330757 -0.400693 -0.319788 -0.283427 -0.093789 -0.127965 -0.251046 -0.219696 -0.454616 -0.263573 0.186334 -0.164009 -0.177622 -0.054745 -0.034193 -0.218964 -0.278841 0.222547 0.109842 0.100500 -0.027421 -0.166522 -0.357024 -0.177773 -0.144393 0.031690 -0.057259 -0.262495 0.060705 -0.424990 -0.273435 -0.411196 -0.405352 -0.153367 -0.183682 -0.078778 -0.091981 -0.146737 0.075702 0.038518 -0.479511 -0.213235 -0.285019
0.235051 -0.274790 0.360243 -0.068788 0.240126 -0.057729 0.418656 0.165655 0.025805 -0.210172 1.000000 0.057120 0.539793 0.169270 0.017764 0.049933 0.515738 -0.068976 -0.150577 -0.132184 0.348066 0.429109 0.285157 0.099020 0.057243 0.328113 0.188471 -0.111274 0.340102 -0.076818 0.435447 0.361598 -0.115508 0.116849 -0.216039 -0.097175 0.045214 -0.104372 0.061639 -0.210663 0.249402 0.103113 -0.098213 -0.181197 -0.365409 -0.339857 -0.294117 -0.148660 -0.475788 -0.445832 -0.267594 -0.374267 -0.020417 -0.050887 0.034879 -0.184545 -0.094879 -0.183971 -0.190458 -0.318499 -0.045117 -0.294831 -0.043295 -0.416996 0.047096 -0.218240 -0.228008 -0.147948 -0.140027 -0.245966 0.329273 0.271448 0.384863 0.028316 0.171753 0.299193 0.162578 0.076589 0.150113 -0.260283 0.282508 -0.070626 0.074280 -0.084164 0.184552 -0.113675 0.188839 -0.022106 -0.067346 0.089671 -0.086905 0.227117 0.085057 0.249724 0.023458 -0.056222 -0.201656 -0.058497 -0.096339 0.064623 -0.080804 -0.053013 0.003496 0.033185 -0.021898 0.084515 -0.086465 0.148119 -0.022842 0.047909 -0.084556 -0.177444 0.228604 0.290985 0.084266 0.099589
-0.021582 0.164207 0.437967 0.684927 0.461374 0.247969 0.586693 0.714125 0.212798 0.326725 0.057120 1.000000 0.287838 0.798789 0.157858 0.414325 -0.030023 -0.048144 -0.046097 0.024259 0.297113 0.082946 0.511283 0.587580 0.131012 0.082023 0.176372 0.336205 -0.030434 0.285712 0.516578 0.514921 0.160676 0.231579 -0.252011 -0.411412 -0.303102 -0.189838 -0.362173 -0.486319 -0.256554 0.028526 0.229270 -0.042062 -0.451535 -0.209622 0.290862 0.320907 -0.403488 -0.197988 0.144946 -0.108722 0.564031 0.572862 -0.555373 -0.442517 -0.124479 -0.203718 -0.359683 -0.221546 -0.277200 -0.033670 0.208134 -0.026901 -0.123020 -0.164066 -0.507913 -0.536907 -0.170201 -0.312451 0.387178 0.294754 -0.106257 0.187805 -0.059351 0.020546 -0.319068 -0.102855 -0.106730 -0.202425 -0.026551 -0.103401 -0.218705 0.435416 -0.134440 -0.225615 0.094520 0.341911 -0.524384 -0.622397 0.245823 0.355176 0.085899 0.024070 -0.354645 -0.257136 -0.331819 -0.159186 0.172241 0.200315 -0.422432 -0.236997 -0.634425 -0.546683 -0.642969 -0.685709 -0.343412 -0.341954 -0.198688 -0.228575 -0.168824 0.270477 -0.004236 -0.444699 -0.291414 -0.239475
0.014371 -0.408885 0.498187 0.301391 0.206798 0.032416 0.505032 0.405133 0.300099 0.095504 0.539793 0.287838 1.000000 0.562399 0.169048 0.139617 0.178309 -0.440216 -0.146299 -0.209251 0.310478 0.194125 0.560061 0.390153 0.386191 0.446800 -0.005696 0.034525 0.180996 -0.151064 0.578243 0.485814 -0.067980 0.083144 -0.213219 -0.209400 -0.082412 -0.231787 -0.041533 -0.343024 0.115548 -0.188265 -0.049392 -0.140328 -0.374727 -0.265460 -0.141482 -0.118517 -0.354269 -0.399841 -0.095444 -0.324701 0.273440 0.112818 -0.039246 -0.316630 -0.168668 -0.345773 -0.121809 -0.204552 0.087587 -0.104670 -0.003076 -0.483994 -0.027258 -0.164286 -0.201489 -0.132042 -0.151669 -0.208840 0.365219 0.165348 0.159636 -0.234914 -0.002979 -0.033716 -0.315748 -0.304752 0.028711 -0.619087 0.165450 -0.381790 -0.012293 -0.077022 0.077213 -0.291621 0.241269 0.140382 -0.220106 -0.076717 0.056561 0.126462 0.051916 0.182665 -0.000858 -0.061228 -0.182241 -0.041348 -0.020674 0.038189 -0.271819 -0.068759 -0.323783 -0.180573 -0.345126 -0.160988 -0.006314 -0.098881 0.166879 0.039284 -0.161231 -0.100544 -0.001991 -0.088093 -0.115250 -0.179708
0.130386 0.044204 0.564276 0.676752 0.538450 0.230616 0.678827 0.813683 0.211325 0.373607 0.169270 0.798789 0.562399 1.000000 0.114454 0.478392 0.017794 -0.050116 -0.059399 0.024182 0.313818 0.115302 0.523234 0.589327 0.039852 0.035284 0.194820 0.168762 -0.070457 0.195774 0.488109 0.510131 0.186839 0.135358 -0.127006 -0.314595 -0.387810 -0.324157 -0.429585 -0.533948 -0.147956 -0.042612 0.237284 -0.042600 -0.480036 -0.276707 0.101369 0.119513 -0.397855 -0.314798 0.140333 -0.187219 0.617988 0.521806 -0.586069 -0.477846 -0.007259 -0.155974 -0.168856 -0.082909 -0.017676 0.091455 0.204802 -0.112208 -0.192747 -0.110047 -0.323870 -0.373853 0.004347 -0.234324 0.317305 0.250084 -0.090854 0.121654 -0.072900 0.070916 -0.394733 -0.150073 -0.202713 -0.395033 -0.028912 -0.189203 -0.354292 0.403144 -0.280710 -0.388241 -0.074657 0.251536 -0.561223 -0.512815 0.227743 0.242749 0.107920 0.080090 -0.315666 -0.367228 -0.351880 -0.148653 -0.012976 0.115345 -0.359906 -0.261442 -0.684023 -0.573519 -0.692919 -0.634283 -0.307086 -0.173431 -0.105198 -0.219372 -0.257092 0.015963 0.045095 -0.444156 -0.256066 -0.271980
-0.135283 -0.062841 0.037175 0.175837 0.410386 0.536119 0.025837 0.062754 0.000202 0.107194 0.017764 0.157858 0.169048 0.114454 1.000000 0.313868 0.058612 -0.234181 -0.251784 -0.090952 0.459981 0.512001 0.049196 0.099834 0.043540 0.202080 0.476681 0.571225 0.255367 0.140212 0.255138 0.123157 -0.264585 -0.111433 -0.422771 -0.280126 -0.171245 -0.206795 0.419112 0.308061 0.223529 0.151737 -0.470240 -0.611011 -0.430605 -0.486182 -0.255808 -0.188912 -0.204309 -0.340570 -0.499764 -0.580995 -0.172967 -0.237474 -0.031067 -0.212440 -0.124422 0.087300 0.029025 0.008203 -0.104601 -0.208794 -0.196262 -0.489017 0.057758 -0.404279 -0.163642 -0.223539 0.085437 0.080892 0.199425 0.236265 0.201338 -0.023941 0.205984 0.066204 -0.275438 -0.149549 0.100241 -0.308937 0.115737 -0.199115 0.348844 0.195053 0.015468 -0.164606 0.369085 0.062339 0.300676 0.108916 -0.012272 0.118565 0.183243 0.053432 0.020554 -0.039308 0.045717 0.079803 0.073753 0.208366 -0.108076 0.181929 0.032905 0.318413 0.067188 -0.067645 0.217853 -0.040775 0.064796 -0.031526 0.027136 0.123019 0.080076 0.094091 0.224716 0.170155
0.114220 0.054600 0.266074 0.522752 0.481843 0.443518 0.371100 0.484094 0.536008 0.739611 0.049933 0.414325 0.139617 0.478392 0.313868 1.000000 0.031132 -0.182852 -0.131441 0.087467 0.112271 0.071114 0.093389 0.282324 0.047095 0.062812 0.164640 0.167381 -0.283061 -0.023839 0.030091 0.149145 0.010496 0.131523 0.026861 -0.154992 -0.499958 -0.351649 -0.309092 -0.288548 -0.043361 -0.020087 0.188399 -0.011909 -0.303305 -0.177813 -0.056783 0.148738 -0.231747 -0.145731 0.219148 -0.040287 0.339972 0.383456 -0.366279 -0.423361 -0.094218 -0.037604 -0.195171 -0.195135 0.233053 0.277084 0.107634 -0.038496 0.235802 0.167026 -0.254572 -0.287674 -0.099112 -0.057299 -0.130237 0.037192 -0.277706 -0.148024 -0.109804 -0.084038 -0.118123 0.056158 -0.006253 -0.249557 -0.089746 -0.359789 -0.086969 0.500681 -0.061438 -0.037312 0.063840 0.028597 -0.067106 -0.088321 0.141505 0.192325 0.025143 -0.033976 -0.213930 -0.358225 -0.345628 -0.216896 -0.094228 -0.058388 -0.319706 -0.031184 -0.472788 -0.239450 -0.375997 -0.398481 -0.003231 -0.138548 -0.287757 -0.186153 -0.229476 -0.121735 0.173249 -0.317109 -0.181588 -0.274669
0.077547 -0.304683 -0.067419 -0.186489 0.050335 -0.014308 0.156912 -0.083849 -0.174798 -0.217029 0.515738 -0.030023 0.178309 0.017794 0.058612 0.031132 1.000000 0.274312 -0.253557 -0.359277 0.408918 0.357177 0.064688 -0.009754 -0.210591 0.090860 0.280248 0.127281 0.690116 0.264796 0.301217 0.201204 -0.082529 -0.190566 -0.070014 -0.217486 0.306817 0.055294 0.246039 0.022191 0.348465 0.329429 -0.356853 -0.278246 -0.269765 -0.347263 -0.292091 -0.290528 -0.197914 -0.158306 -0.379679 -0.288764 -0.194848 -0.154053 0.061709 0.115928 0.369623 0.101784 -0.221301 -0.203536 -0.268662 -0.488432 0.279813 -0.241878 -0.224433 -0.403029 -0.274108 -0.301447 0.055594 -0.086866 0.415332 0.454802 0.692928 0.382410 0.590876 0.397824 0.443925 0.204134 0.628152 0.221913 0.766263 0.399693 0.160137 0.131221 0.087983 0.090002 0.156892 -0.060300 -0.067644 0.167771 -0.382452 0.125072 -0.069961 0.140816 -0.069747 -0.106124 -0.304788 -0.078381 -0.117688 0.229344 -0.012413 -0.076193 0.069589 0.145294 0.029727 0.097493 -0.052849 0.352841 -0.156206 0.029647 -0.153009 -0.003001 0.245533 0.244287 0.108622 0.077504
0.186383 0.224889 -0.346686 -0.278136 -0.013745 -0.115773 -0.150625 -0.143109 -0.509834 -0.253236 -0.068976 -0.048144 -0.440216 -0.050116 -0.234181 -0.182852 0.274312 1.000000 0.050889 0.037284 0.088008 0.039338 -0.340790 -0.298025 -0.651029 -0.474286 0.230241 0.005087 0.238008 0.628666 -0.248556 -0.139975 0.133153 -0.039796 0.359005 0.090539 0.087583 0.269499 -0.084872 0.100100 0.147518 0.242002 0.036681 0.170667 0.077468 0.035332 -0.080407 -0.096550 0.003894 0.121854 -0.067444 0.117339 -0.187797 -0.092665 -0.217829 0.270819 0.249810 0.353813 -0.043730 0.042745 -0.123058 -0.081043 0.320085 0.356384 -0.327282 0.011269 0.004513 -0.080323 0.108563 0.052413 -0.117983 0.344873 0.250805 0.573652 0.225987 0.451891 0.349256 0.388476 0.094231 0.696049 0.161440 0.750210 -0.158931 0.262545 -0.132311 0.263717 -0.503664 -0.220149 -0.255001 -0.035764 -0.211724 -0.211882 -0.085336 -0.135414 -0.181757 -0.099881 -0.104642 -0.093218 -0.309762 -0.034003 0.198161 -0.374247 -0.024262 -0.220611 -0.026605 0.033314 -0.212716 0.286697 -0.291841 -0.068522 -0.035906 -0.008941 0.041795 0.200724 0.135275 0.117727
0.521773 0.145389 0.427185 0.246407 -0.082416 0.012926 0.232032 0.092044 0.063285 -0.097943 -0.150577 -0.046097 -0.146299 -0.059399 -0.251784 -0.131441 -0.253557 0.050889 1.000000 0.537524 0.002887 -0.098307 0.162043 0.101563 0.193759 0.027795 -0.009066 -0.007236 -0.164965 -0.116816 -0.003143 0.014565 0.215043 0.184860 -0.157965 -0.204448 -0.227567 -0.204481 -0.348071 -0.292622 -0.343310 -0.190883 0.182724 0.113256 -0.088418 0.042339 0.068552 -0.022132 -0.048222 -0.130468 0.369937 0.151714 0.182820 0.139288 0.071585 -0.115646 0.054863 -0.135105 -0.149914 -0.151722 0.177687 0.037206 -0.069377 0.104963 0.234632 0.048559 -0.154830 -0.111780 -0.054526 -0.186532 -0.183208 -0.139034 -0.214619 -0.104551 -0.187630 -0.002696 -0.138106 -0.381336 -0.398121 -0.057847 -0.374026 -0.175872 -0.188983 -0.188974 -0.005174 -0.052564 0.016891 0.050030 0.023817 -0.126382 0.287533 -0.003140 0.248849 0.192820 -0.080484 -0.217387 -0.008648 -0.076354 -0.074025 -0.203589 0.250310 0.112554 -0.015391 -0.257216 -0.136390 -0.091602 -0.281899 -0.327209 -0.138701 -0.135446 -0.197281 0.037368 -0.144478 0.118887 -0.030426 -0.284262
0.535466 0.580503 0.225283 0.211529 0.194034 0.255476 0.055393 0.120423 0.016619 0.162617 -0.132184 0.024259 -0.209251 0.024182 -0.090952 0.087467 -0.359277 0.037284 0.537524 1.000000 -0.214238 -0.088052 -0.140299 -0.055594 -0.076948 -0.151008 0.175992 -0.081371 -0.362702 -0.182737 -0.283061 -0.241665 0.388205 0.312219 -0.095755 0.113518 -0.440791 -0.295409 -0.350115 -0.112778 -0.296570 -0.232653 0.339883 0.076045 0.007054 0.138148 0.061463 0.160027 0.136755 0.034631 0.295809 0.112843 0.221204 0.207308 -0.241886 -0.417730 0.018010 0.134762 0.163398 0.137094 0.279498 0.245943 -0.244948 0.101980 -0.038463 0.086590 0.073568 -0.044309 0.308203 0.246159 -0.347206 -0.228850 -0.325379 -0.134618 -0.293731 -0.058026 -0.195950 -0.224419 -0.571025 -0.066322 -0.513337 -0.262278 -0.262932 -0.044408 -0.432706 -0.365213 -0.158132 -0.095234 -0.023449 -0.385849 0.344712 0.023230 0.120223 0.001081 -0.029736 -0.402783 -0.000227 -0.100266 -0.109901 -0.266808 0.091294 0.083821 -0.017051 -0.120639 -0.083649 -0.139386 -0.177586 -0.120936 -0.251795 0.013995 -0.045440 -0.059670 0.090331 -0.148558 0.037755 -0.119284
0.181078 -0.270512 0.251918 0.091786 0.260244 0.268404 0.390676 0.252721 0.014207 -0.100630 0.348066 0.297113 0.310478 0.313818 0.459981 0.112271 0.408918 0.088008 0.002887 -0.214238 1.000000 0.672768 0.364114 0.220544 0.056951 0.282967 0.486204 0.507790 0.582239 0.457699 0.712665 0.646739 0.094066 0.086128 -0.289543 -0.440900 0.082234 -0.032576 0.194489 -0.200919 0.297388 0.288664 -0.316837 -0.428275 -0.472442 -0.497401 -0.253216 -0.272289 -0.595161 -0.370464 -0.368350 -0.413906 0.129590 -0.105748 -0.190685 -0.302866 0.136404 -0.062687 -0.377530 -0.287074 -0.269874 -0.445373 0.211519 -0.372713 -0.023965 -0.422240 -0.464243 -0.433262 -0.052491 -0.290465 0.473795 0.632539 0.521602 0.385691 0.351189 0.315859 -0.077743 -0.087539 0.305247 -0.141677 0.472756 0.104012 0.071204 0.237921 0.158553 -0.201551 0.407048 0.240540 -0.217300 -0.197015 -0.239121 0.207871 0.132781 0.217348 -0.201436 -0.239516 -0.455766 -0.235109 -0.183879 0.276000 -0.194068 -0.075842 -0.208501 -0.096768 -0.215593 -0.243639 -0.076151 0.035675 -0.142217 -0.310000 -0.365920 0.126920 0.260053 0.269898 0.132234 -0.088337
0.076460 -0.137719 0.110319 0.026324 0.283543 0.296301 0.167157 0.091110 -0.106247 -0.121868 0.429109 0.082946 0.194125 0.115302 0.512001 0.071114 0.357177 0.039338 -0.098307 -0.088052 0.672768 1.000000 0.178369 0.102964 0.005033 0.292679 0.499309 0.449169 0.537332 0.346854 0.476849 0.409835 0.098683 0.041910 -0.395634 -0.462402 -0.005517 0.024964 0.324246 0.040120 0.564030 0.336443 -0.310825 -0.534000 -0.424119 -0.555491 -0.306636 -0.238409 -0.477394 -0.434261 -0.443571 -0.525711 -0.002538 -0.174625 -0.128712 -0.214915 -0.019893 0.110317 -0.277850 -0.222492 -0.206057 -0.457693 -0.027752 -0.462709 -0.099828 -0.557375 -0.347687 -0.420287 0.070173 0.032698 0.293538 0.560474 0.544413 0.318824 0.287452 0.318198 -0.015541 0.021224 0.293320 -0.081149 0.287628 0.073475 0.175132 0.109317 0.046775 -0.260615 0.226325 0.157061 -0.039958 -0.006157 -0.177545 0.241925 0.109955 0.202354 -0.067701 -0.274340 -0.293998 -0.065140 -0.117116 0.248803 -0.167929 0.031760 -0.012889 0.116716 -0.008192 -0.038119 -0.016695 0.167698 -0.007466 -0.225556 -0.062875 0.062461 0.268720 0.374208 0.268250 0.171857
0.030919 -0.299491 0.692263 0.556998 0.196561 0.035892 0.521831 0.562375 0.353313 0.081243 0.285157 0.511283 0.560061 0.523234 0.049196 0.093389 0.064688 -0.340790 0.162043 -0.140299 0.364114 0.178369 1.000000 0.879489 0.664963 0.580464 0.049853 0.267799 0.173819 -0.149937 0.711986 0.675066 0.242390 0.303979 -0.286624 -0.445328 -0.129363 -0.189605 -0.155384 -0.579636 -0.116518 -0.066116 0.215798 -0.080883 -0.372713 -0.250080 0.277465 0.186423 -0.459097 -0.372761 0.235404 -0.211246 0.607566 0.451077 -0.174001 -0.341731 -0.033796 -0.298548 -0.552683 -0.536639 -0.407721 -0.379637 -0.074973 -0.443889 0.110278 -0.374741 -0.539015 -0.349689 -0.168315 -0.342874 0.485479 0.243427 0.090748 -0.131037 0.063649 -0.027611 -0.240050 -0.268190 0.084782 -0.498169 0.065305 -0.361244 -0.170858 -0.039665 0.259665 -0.396523 0.314811 0.492899 -0.250983 -0.301077 0.088757 0.152270 0.084301 0.068955 -0.033831 -0.044785 -0.058416 0.032645 0.360348 0.152978 -0.423480 -0.113252 -0.546946 -0.437765 -0.628738 -0.492572 -0.380129 -0.328666 0.267023 -0.012070 -0.053263 0.241406 0.072392 -0.281428 -0.302767 -0.264436
0.021627 -0.099986 0.631761 0.722078 0.295425 0.115497 0.456905 0.664356 0.316373 0.189382 0.099020 0.587580 0.390153 0.589327 0.099834 0.282324 -0.009754 -0.298025 0.101563 -0.055594 0.220544 0.102964 0.879489 1.000000 0.568098 0.504638 0.072073 0.330201 0.028810 -0.144042 0.558879 0.572617 0.242907 0.316882 -0.271927 -0.430380 -0.215222 -0.176727 -0.208505 -0.493674 -0.149814 0.038136 0.254582 -0.089330 -0.448063 -0.303492 0.379954 0.342456 -0.419938 -0.389400 0.272494 -0.239602 0.691722 0.552158 -0.329169 -0.344836 0.045300 -0.224422 -0.503223 -0.523001 -0.412209 -0.336154 -0.060255 -0.353600 0.030950 -0.377492 -0.591146 -0.375259 -0.149476 -0.315192 0.344575 0.146288 -0.067291 -0.108180 0.018234 -0.024772 -0.247153 -0.207128 0.042824 -0.469290 0.016459 -0.336748 -0.239920 0.172021 0.113502 -0.376387 0.247712 0.598651 -0.230757 -0.289430 0.184230 0.166686 0.078228 -0.004025 -0.041757 -0.110430 -0.064924 0.046385 0.424525 0.185107 -0.459362 -0.138910 -0.603359 -0.466564 -0.654427 -0.609530 -0.328242 -0.283964 0.233270 -0.097555 0.002451 0.241940 0.164380 -0.477479 -0.338036 -0.244312
-0.170106 -0.327291 0.436555 0.332731 -0.090935 -0.001511 0.152558 0.136817 0.595069 0.183316 0.057243 0.131012 0.386191 0.039852 0.043540 0.047095 -0.210591 -0.651029 0.193759 -0.076948 0.056951 0.005033 0.664963 0.568098 1.000000 0.779430 -0.265828 0.165663 -0.112220 -0.421309 0.411163 0.359940 0.048521 0.276732 -0.286146 -0.346634 0.004420 -0.023817 0.029634 -0.271789 -0.154298 -0.139388 0.242578 0.107619 -0.025132 0.054237 0.385024 0.291046 -0.152634 -0.170420 0.303783 -0.023505 0.405537 0.222432 0.189703 -0.167655 -0.115865 -0.344731 -0.377731 -0.475864 -0.134658 -0.166317 -0.245387 -0.316689 0.350017 -0.132963 -0.345100 -0.124875 -0.330306 -0.240347 0.216863 -0.103858 -0.179118 -0.441567 -0.187203 -0.327933 -0.247738 -0.431132 0.082101 -0.466916 -0.058218 -0.492867 0.143318 -0.262687 0.338748 -0.198204 0.481460 0.409473 0.065944 -0.044296 0.112098 0.050486 -0.021861 -0.006189 0.186082 0.188011 0.123648 0.024332 0.365005 -0.033073 -0.292433 0.141783 -0.254709 -0.181046 -0.288523 -0.230041 -0.119969 -0.378302 0.365313 0.030225 0.004631 0.158251 -0.163918 -0.180700 -0.236046 -0.161417
-0.112432 -0.420946 0.326674 0.153757 0.026028 0.098140 0.118519 0.051118 0.301182 -0.053334 0.328113 0.082023 0.446800 0.035284 0.202080 0.062812 0.090860 -0.474286 0.027795 -0.151008 0.282967 0.292679 0.580464 0.504638 0.779430 1.000000 0.047122 0.360331 0.168561 -0.218048 0.515399 0.433760 0.084587 0.350914 -0.288097 -0.307616 0.149348 0.147262 0.269172 -0.138466 0.141332 0.190477 0.056204 -0.124783 -0.200985 -0.234496 0.181863 0.178366 -0.348263 -0.419358 0.045028 -0.337258 0.246153 0.059215 0.161483 -0.148758 0.001743 -0.226572 -0.397389 -0.613893 -0.144705 -0.468261 -0.211365 -0.541599 0.216442 -0.358323 -0.414674 -0.126109 -0.207469 -0.251304 0.347682 0.079040 0.144378 -0.139952 0.104651 -0.044247 0.030198 -0.200240 0.262513 -0.382277 0.227483 -0.247431 0.205203 -0.133977 0.345047 -0.188050 0.467722 0.464927 0.085301 0.077151 -0.018016 0.086700 -0.165723 -0.077001 0.207299 0.185881 -0.014432 -0.037881 0.230694 -0.010041 -0.395760 0.030428 -0.246654 -0.096102 -0.205688 -0.141359 -0.098168 -0.071141 0.257567 0.035004 0.009621 0.002373 0.000819 -0.069644 -0.243718 0.012398
0.346634 0.282707 0.123531 0.049080 0.599132 0.733879 0.125889 0.134216 -0.411158 -0.060315 0.188471 0.176372 -0.005696 0.194820 0.476681 0.164640 0.280248 0.230241 -0.009066 0.175992 0.486204 0.499309 0.049853 0.072073 -0.265828 0.047122 1.000000 0.661806 0.278835 0.289291 0.208158 0.030774 0.189594 -0.040590 -0.326052 -0.253234 -0.255023 -0.212940 -0.004034 -0.018249 0.089653 0.264973 -0.214069 -0.523252 -0.224575 -0.315298 -0.346162 -0.332190 -0.226853 -0.161746 -0.268665 -0.399527 -0.068163 0.019048 -0.369077 -0.353656 0.281085 0.506872 0.064598 0.035420 -0.107331 -0.248475 -0.119352 -0.293370 -0.260682 -0.376015 -0.063806 -0.215292 0.526631 0.263230 0.142898 0.258907 0.244866 0.278814 0.203081 0.163012 -0.064490 0.070270 0.003309 -0.021942 0.098582 0.113071 -0.290871 0.080954 -0.232442 -0.329309 -0.010469 -0.061626 -0.103180 -0.216484 -0.167456 0.094778 0.091052 -0.043561 -0.206733 -0.337488 -0.254690 -0.161369 -0.126437 0.048801 -0.056146 -0.096685 -0.068532 0.119788 -0.047533 -0.003806 -0.245616 0.226982 -0.245507 -0.005854 -0.155616 -0.070589 0.208499 0.063873 0.231082 0.153960
-0.064996 0.007929 -0.024738 0.189585 0.245124 0.614561 -0.013292 0.018026 -0.184655 -0.018998 -0.111274 0.336205 0.034525 0.168762 0.571225 0.167381 0.127281 0.005087 -0.007236 -0.081371 0.507790 0.449169 0.267799 0.330201 0.165663 0.360331 0.661806 1.000000 0.361487 0.407422 0.351742 0.207651 0.166422 -0.012224 -0.311837 -0.556174 0.033657 0.121696 0.242469 -0.048374 0.139569 0.390771 -0.172227 -0.431662 -0.209321 -0.312635 0.039918 -0.071274 -0.199625 -0.165849 -0.073887 -0.303315 0.085883 0.070403 -0.095820 -0.200608 0.041447 0.193487 -0.221717 -0.237634 -0.341752 -0.447261 0.026023 -0.275180 -0.221798 -0.481622 -0.287436 -0.385027 0.099925 0.057058 0.272986 0.350363 0.231022 0.243508 0.232425 0.033084 -0.136695 -0.051824 0.245660 0.004091 0.180305 0.096060 -0.016743 0.288037 0.059156 -0.146730 0.301468 0.226759 -0.050954 -0.204263 -0.149230 -0.001495 -0.089521 -0.193503 -0.171467 -0.128572 -0.167573 -0.143643 0.122288 0.105004 -0.253077 -0.122690 -0.232323 -0.071698 -0.198791 -0.184832 -0.126195 -0.024232 -0.081482 -0.068957 -0.049752 0.218482 -0.076168 -0.090895 0.062627 0.064808
-0.079859 -0.389858 -0.176388 -0.256578 -0.109032 -0.095027 0.030668 -0.230908 -0.346974 -0.449054 0.340102 -0.030434 0.180996 -0.070457 0.255367 -0.283061 0.690116 0.238008 -0.164965 -0.362702 0.582239 0.537332 0.173819 0.028810 -0.112220 0.168561 0.278835 0.361487 1.000000 0.491012 0.497029 0.368500 -0.077749 -0.219364 -0.166458 -0.356256 0.513386 0.288923 0.568616 0.196348 0.523237 0.393282 -0.569408 -0.472948 -0.334119 -0.484424 -0.320057 -0.392463 -0.191095 -0.234935 -0.523091 -0.403068 -0.337123 -0.387065 0.231515 0.151005 0.123132 0.002121 -0.186876 -0.141235 -0.465317 -0.694104 0.214313 -0.335645 -0.297040 -0.635610 -0.235099 -0.350833 0.015481 -0.105340 0.588999 0.610926 0.898531 0.481646 0.717517 0.474048 0.331117 0.088547 0.573130 0.144979 0.652059 0.376688 0.286745 0.130662 0.300351 0.022370 0.294107 0.080192 0.061652 0.157037 -0.396417 -0.023317 -0.036473 0.067935 -0.048364 -0.008241 -0.148334 0.036913 -0.029145 0.287082 0.020289 -0.067804 0.146118 0.188595 0.086713 0.131068 0.009495 0.216420 0.011250 0.008883 -0.041782 0.167183 0.205172 0.353376 0.265530 0.114745
-0.145601 0.008510 -0.328546 -0.110308 0.070161 0.025858 -0.018996 -0.049281 -0.381901 -0.135817 -0.076818 0.285712 -0.151064 0.195774 0.140212 -0.023839 0.264796 0.628666 -0.116816 -0.182737 0.457699 0.346854 -0.149937 -0.144042 -0.421309 -0.218048 0.289291 0.407422 0.491012 1.000000 0.170924 0.206619 0.004190 -0.132048 0.112241 -0.243820 0.257193 0.423162 0.159274 0.080734 0.401810 0.501123 -0.203315 -0.087345 -0.154772 -0.231572 -0.061040 -0.179221 -0.128129 -0.041201 -0.259654 -0.039068 -0.132382 -0.095833 -0.146328 0.124901 -0.071552 0.084793 -0.088634 0.037948 -0.261452 -0.267969 0.391801 0.136094 -0.398432 -0.214627 -0.164160 -0.294914 -0.014581 -0.067912 0.234629 0.584487 0.444944 0.767344 0.352586 0.480992 0.189817 0.294462 0.234331 0.512884 0.311839 0.647591 0.033134 0.538864 0.011454 0.212015 -0.156347 -0.031725 -0.224321 -0.146248 -0.245470 -0.079914 -0.110195 -0.106526 -0.298407 -0.157821 -0.281322 -0.275226 -0.206036 0.105974 -0.077002 -0.392573 -0.105363 -0.181569 -0.074533 -0.091549 -0.108289 0.195169 -0.379338 -0.253363 -0.183142 0.157579 -0.004457 0.143858 0.083553 -0.015250
0.031648 -0.350209 0.506879 0.356309 0.219211 0.083779 0.615094 0.450530 0.186216 -0.045794 0.435447 0.516578 0.578243 0.488109 0.255138 0.030091 0.301217 -0.248556 -0.003143 -0.283061 0.712665 0.476849 0.711986 0.558879 0.411163 0.515399 0.208158 0.351742 0.497029 0.170924 1.000000 0.878722 0.055069 0.193640 -0.430065 -0.554454 0.069311 -0.115807 0.092837 -0.366755 0.047676 0.124562 -0.232074 -0.360503 -0.570998 -0.469018 -0.071028 -0.066248 -0.630226 -0.487226 -0.211359 -0.436184 0.323258 0.075984 -0.154738 -0.366104 0.007071 -0.321344 -0.467031 -0.399275 -0.341346 -0.460157 0.165837 -0.385944 0.024582 -0.477483 -0.570956 -0.471301 -0.213307 -0.424666 0.709981 0.443024 0.369245 0.173301 0.208721 0.079305 -0.233672 -0.299349 0.241269 -0.443941 0.351535 -0.152267 -0.060198 0.056533 0.232747 -0.274320 0.501838 0.454851 -0.275339 -0.235962 -0.035521 0.278395 0.179578 0.194677 -0.180137 -0.106273 -0.349252 -0.084571 0.094307 0.278153 -0.239982 -0.069047 -0.308302 -0.252626 -0.404160 -0.353852 -0.217729 -0.231741 0.126264 -0.168218 -0.248976 0.190552 0.148697 0.037977 -0.012899 -0.135457
0.057183 -0.341044 0.478273 0.397790 0.123675 -0.104286 0.620733 0.555232 0.293740 0.063134 0.361598 0.514921 0.485814 0.510131 0.123157 0.149145 0.201204 -0.139975 0.014565 -0.241665 0.646739 0.409835 0.675066 0.572617 0.359940 0.433760 0.030774 0.207651 0.368500 0.206619 0.878722 1.000000 0.167320 0.422887 -0.155628 -0.403601 0.016596 -0.017188 0.005645 -0.485992 0.145834 0.147542 -0.059689 -0.143090 -0.538555 -0.427990 0.031434 0.087058 -0.679246 -0.495952 -0.055236 -0.343234 0.447605 0.126750 -0.228790 -0.412803 -0.105666 -0.447254 -0.569352 -0.491903 -0.264490 -0.371549 0.305662 -0.309469 0.174811 -0.293952 -0.576634 -0.380941 -0.367451 -0.500381 0.584640 0.512458 0.286694 0.227887 0.158652 0.140070 -0.098655 -0.073811 0.211967 -0.383406 0.249773 -0.164342 -0.130833 0.267269 0.315164 -0.186386 0.396118 0.537377 -0.258052 -0.216520 -0.034956 0.163741 0.074086 0.100367 -0.192929 -0.198577 -0.428782 -0.207823 -0.049634 0.113793 -0.375767 -0.273780 -0.471427 -0.455565 -0.530758 -0.462145 -0.184795 -0.281066 0.060225 -0.268459 -0.243493 0.062092 0.278458 -0.035507 -0.128305 -0.225478
0.334527 0.153520 0.098859 0.148942 0.004691 0.127290 0.050748 0.212957 0.049145 0.182254 -0.115508 0.160676 -0.067980 0.186839 -0.264585 0.010496 -0.082529 0.133153 0.215043 0.388205 0.094066 0.098683 0.242390 0.242907 0.048521 0.084587 0.189594 0.166422 -0.077749 0.004190 0.055069 0.167320 1.000000 0.560809 0.259718 0.033083 -0.106176 0.037824 -0.288512 -0.462126 -0.032917 -0.017416 0.499283 0.196198 0.139431 0.107671 0.332848 0.326417 -0.107035 0.061159 0.472888 0.128886 0.495782 0.302318 -0.441500 -0.319360 0.239549 0.085986 -0.304604 -0.227299 0.023323 -0.092668 0.229638 0.110760 -0.156708 -0.100486 -0.092786 -0.171992 0.229731 0.142411 -0.119156 0.049180 -0.012324 0.104389 0.023624 -0.019290 0.074895 0.066086 -0.070628 0.081366 -0.114840 -0.045253 -0.492507 0.046471 -0.216177 -0.486415 -0.137164 0.313103 -0.467143 -0.523254 -0.047165 -0.033493 -0.275014 -0.237921 -0.069198 -0.344303 -0.193055 -0.130244 -0.050972 -0.129205 -0.352738 -0.175581 -0.446889 -0.387983 -0.469121 -0.372063 -0.305992 -0.064388 -0.072126 -0.047357 0.064962 0.084695 0.215385 -0.285304 -0.219463 -0.005223
0.257414 0.160696 0.295934 0.280734 0.067236 -0.045119 0.226860 0.367785 0.265179 0.137136 0.116849 0.231579 0.083144 0.135358 -0.111433 0.131523 -0.190566 -0.039796 0.184860 0.312219 0.086128 0.041910 0.303979 0.316882 0.276732 0.350914 -0.040590 -0.012224 -0.219364 -0.132048 0.193640 0.422887 0.560809 1.000000 0.147008 0.180370 -0.227638 0.043105 -0.190995 -0.408643 0.001696 -0.060755 0.461853 0.228822 -0.137241 -0.007001 0.312761 0.541523 -0.414794 -0.265367 0.323945 -0.105521 0.481466 0.246592 -0.344141 -0.433723 -0.190164 -0.233278 -0.442912 -0.510522 0.108220 -0.094615 0.005902 -0.138977 0.310559 0.011131 -0.337058 -0.071345 -0.226549 -0.136562 -0.057447 0.081188 -0.181703 0.005111 -0.119469 -0.047044 0.113118 0.130446 -0.107898 -0.129262 -0.214521 -0.260802 -0.234136 0.130494 0.065535 -0.253687 0.082088 0.471422 -0.183880 -0.279036 0.089406 0.010721 -0.228957 -0.228878 0.100303 -0.216357 -0.228843 -0.198111 -0.094135 -0.300263 -0.455065 -0.330467 -0.417373 -0.445875 -0.428225 -0.404850 -0.120533 -0.279276 -0.099644 -0.070382 0.088217 -0.063217 0.241963 -0.168076 -0.310067 -0.022609
-0.021275 -0.116641 -0.432913 -0.329139 -0.397020 -0.428972 -0.274180 -0.217730 0.008459 0.166063 -0.216039 -0.252011 -0.213219 -0.127006 -0.422771 0.026861 -0.070014 0.359005 -0.157965 -0.095755 -0.289543 -0.395634 -0.286624 -0.271927 -0.286146 -0.288097 -0.326052 -0.311837 -0.166458 0.112241 -0.430065 -0.155628 0.259718 0.147008 1.000000 0.507915 0.184857 0.285992 -0.087245 -0.045314 0.149105 -0.130444 0.259894 0.551916 0.418470 0.338784 0.197514 0.100337 0.259659 0.298807 0.290982 0.365787 -0.040726 -0.105656 0.031083 0.356596 0.044772 -0.127793 0.024741 0.048699 0.177402 0.198648 0.404808 0.383756 -0.093073 0.343024 0.335919 0.296023 -0.051124 -0.014801 -0.320251 -0.010492 -0.112490 0.038556 0.006051 0.133607 0.394659 0.491384 0.015454 0.366803 0.016946 0.211631 -0.202954 0.262209 0.052909 0.191126 -0.343143 -0.081865 -0.085004 0.086481 -0.186528 -0.455028 -0.331612 -0.373386 0.020968 0.167127 0.170458 -0.053430 -0.120201 -0.135548 0.022465 -0.241808 -0.100300 -0.200417 -0.076069 0.034295 -0.008429 0.050598 0.087065 0.171397 0.166155 -0.057633 0.028742 -0.237974 -0.258626 0.060122
-0.030645 0.051330 -0.330281 -0.442722 -0.195292 -0.293645 -0.406022 -0.230554 -0.103531 -0.022137 -0.097175 -0.411412 -0.209400 -0.314595 -0.280126 -0.154992 -0.217486 0.090539 -0.204448 0.113518 -0.440900 -0.462402 -0.445328 -0.430380 -0.346634 -0.307616 -0.253234 -0.556174 -0.356256 -0.243820 -0.554454 -0.403601 0.033083 0.180370 0.507915 1.000000 0.025921 0.137176 -0.066263 0.216554 0.091291 -0.147328 0.132628 0.316742 0.409919 0.350220 -0.034268 0.050069 0.349134 0.295385 -0.004751 0.265733 -0.224816 -0.190813 0.015826 0.162050 -0.053125 0.005375 0.412523 0.308404 0.351299 0.365289 -0.199332 0.128485 0.090786 0.487543 0.515188 0.638680 0.188904 0.150121 -0.393409 -0.393308 -0.209113 -0.114425 -0.109552 -0.067448 0.323229 0.414686 -0.240780 0.180749 -0.165540 0.010077 -0.060131 -0.121055 -0.136544 0.114867 -0.319173 -0.213780 0.196573 0.167516 0.022691 -0.137342 -0.125894 -0.140523 0.169059 0.057048 0.201073 0.002783 -0.132128 -0.231286 0.056685 -0.069981 0.320552 0.141161 0.194675 0.152149 0.209793 0.136913 -0.032518 0.307670 0.245388 -0.239811 0.183529 -0.117860 -0.230900 0.056743
