1.000000 0.614446 -0.113228 -0.269381 0.227746 -0.356080 -0.008146 -0.017376 0.241420 0.140197 0.217351 0.155969 0.266756 0.257526 -0.165832 -0.258776 0.613114 0.397977 0.172674 0.173919 0.079598 -0.349582 -0.439848 -0.487471 -0.077632 -0.574172 -0.163749 -0.536574 0.294053 0.339283 -0.071860 -0.237481 0.341487 -0.142663 -0.289052 -0.341713 -0.008070 -0.172623 0.039515 -0.007987 0.106507 0.141831 -0.340264 -0.066540 -0.145699 -0.146420 -0.385095 -0.171005 -0.126090 0.049788 0.028899 -0.068339 0.213166 -0.083960 0.145239 0.032542 0.493451 -0.049539 0.653403 0.438434 0.630117 0.462520 0.638412 0.454373 -0.588233 0.000099 0.379588 -0.379002 0.248954 0.063761 0.137204 -0.098699 0.341808 0.331659 0.312735 0.286089 0.291382 -0.075964 0.243804 0.236348 0.370315 0.147186 -0.412268 -0.229702 -0.264712 -0.454091 -0.342935 -0.413643 0.136718 0.144734 0.040649 -0.025396 -0.404879 -0.195096 -0.233867 -0.290974 -0.214782 -0.268621 0.212862 0.087294 0.187230 0.431932 -0.040761 0.126139 -0.148447 -0.019295 -0.106342 -0.150516 -0.147376 -0.347018 -0.350495 -0.129596 -0.132102 -0.446694 -0.133177 -0.202782
0.614446 1.000000 -0.395123 -0.459626 0.094544 -0.429408 -0.270029 -0.050169 0.136241 0.021624 -0.171932 0.181868 0.103182 0.298311 -0.193575 0.068052 0.492959 0.542100 0.218938 0.321612 -0.027769 -0.045341 -0.770109 -0.671451 -0.171886 -0.501989 0.105918 -0.371386 0.452790 0.580251 0.205399 -0.008123 0.529504 0.155211 -0.431032 -0.364123 -0.395492 -0.436762 -0.279951 -0.326129 -0.034969 0.409096 -0.395870 -0.146074 -0.160741 -0.140994 -0.302938 -0.390144 -0.187819 -0.038809 0.140563 -0.044777 0.288750 -0.006109 -0.184776 -0.267570 0.372254 0.408257 0.435412 0.350066 0.558415 0.557255 0.657894 0.662110 -0.463809 0.030948 0.296341 -0.463626 0.282073 0.165508 0.350105 0.232069 0.523178 0.573005 0.478868 0.482610 0.267177 0.057470 0.294706 0.500985 0.537175 0.444434 -0.276708 -0.014943 -0.087611 -0.214568 -0.171220 -0.236622 -0.094161 -0.039937 -0.174892 -0.334439 -0.467209 -0.429985 -0.365833 -0.485640 -0.334618 -0.296322 0.434135 0.000609 0.071106 0.461983 -0.060670 0.316775 -0.152314 -0.016729 0.243253 -0.006772 -0.360340 -0.295070 -0.444434 0.066544 0.094137 -0.348960 -0.203885 -0.182067
-0.113228 -0.395123 1.000000 0.466896 0.397255 0.090957 0.791536 0.503785 0.152920 0.118840 0.540654 0.183728 0.544000 0.218242 0.117168 0.012524 -0.049253 -0.087008 0.170890 -0.353664 -0.072761 -0.233465 0.622700 0.352184 0.141539 0.000609 -0.227212 -0.058943 -0.189496 -0.268058 -0.089212 -0.102964 -0.300751 -0.194188 0.360560 0.339114 0.013339 -0.056976 0.032989 0.009094 0.116351 -0.314137 0.133396 0.149331 0.287345 0.337823 -0.145932 -0.069029 0.341333 0.192911 -0.001564 0.079591 -0.116865 -0.071002 0.103281 0.037980 -0.136292 -0.267416 -0.111801 -0.164329 -0.003304 -0.156755 -0.482255 -0.371721 0.217802 0.229579 -0.119985 0.293438 -0.374920 -0.345679 -0.056653 -0.299723 -0.217758 -0.304858 -0.246476 -0.211942 -0.233434 -0.351653 -0.261516 -0.462652 -0.411376 -0.381851 -0.038602 -0.063642 -0.114390 -0.071118 -0.184670 -0.217140 0.183551 0.069349 0.017211 0.157569 0.064686 0.187861 0.007033 -0.012861 0.000295 -0.228816 -0.358344 -0.371185 -0.104496 -0.234567 -0.002804 -0.359178 -0.169225 -0.183923 -0.124712 -0.203463 0.036968 -0.148418 -0.170321 -0.296473 -0.167706 -0.192128 -0.337278 -0.291572
-0.269381 -0.459626 0.466896 1.000000 -0.002967 0.220862 0.228375 0.615315 -0.214761 0.135025 0.212766 0.354664 0.138653 0.117419 0.369637 0.271325 -0.299025 -0.223106 0.175029 -0.073561 0.145229 -0.100747 0.660878 0.606787 0.059855 0.392382 0.130935 0.435990 -0.343629 -0.482200 -0.244267 -0.054264 -0.411606 -0.191782 0.217747 0.250689 -0.062711 -0.061284 -0.151918 -0.104349 -0.242708 -0.344895 0.096311 0.179194 -0.049183 0.201185 -0.258178 0.110868 -0.094283 -0.087899 -0.404760 -0.250183 -0.454811 -0.215092 -0.199216 -0.209751 -0.185461 -0.463407 -0.323823 -0.332630 -0.325641 -0.251045 -0.464119 -0.550631 0.427733 0.445922 -0.272448 0.533679 -0.288517 -0.186431 -0.017966 -0.111506 -0.345920 -0.207435 -0.170749 -0.134008 -0.301412 -0.198204 -0.413018 -0.582368 -0.339615 -0.467278 0.140795 0.155514 0.240605 0.171715 -0.099514 0.245293 0.109876 -0.091821 0.208693 0.400960 0.677737 0.468801 0.061466 0.041381 0.053691 -0.052938 -0.411532 -0.079389 -0.005697 -0.102852 0.031139 -0.107795 -0.095833 -0.054563 -0.059610 -0.084498 0.038927 -0.013218 0.188047 -0.237095 -0.043209 0.217504 0.038185 -0.150661
0.227746 0.094544 0.397255 -0.002967 1.000000 0.244205 0.376277 0.069694 0.782692 0.662114 0.156337 -0.025011 0.287805 0.129368 -0.341777 -0.429670 0.128813 0.239381 -0.228268 -0.361429 -0.016186 -0.266439 0.015957 -0.130076 0.477855 -0.367652 0.079355 -0.525863 -0.268275 -0.219766 -0.270706 -0.448000 -0.152830 -0.502683 -0.067066 -0.182325 0.254781 0.163376 0.377577 0.321166 -0.157294 -0.125543 -0.035777 0.127265 0.130784 0.170637 -0.101638 -0.156135 0.060036 0.194347 -0.049486 -0.010032 -0.005838 -0.314531 0.393070 0.287178 -0.003917 -0.065353 0.321995 0.410710 0.260082 0.394735 0.029926 0.228146 -0.366302 0.121419 0.195934 -0.034783 -0.135504 -0.112754 -0.125668 -0.343453 -0.288588 -0.225792 -0.158518 -0.202705 -0.188444 -0.345162 0.025301 0.108018 0.047855 -0.160946 -0.607210 -0.526837 -0.343051 -0.510047 -0.237605 -0.419534 0.414355 0.322060 0.054555 0.048760 -0.311911 -0.149612 0.184925 0.128379 0.060405 -0.109948 0.068156 -0.118425 0.146113 0.230421 0.011604 -0.110510 0.166703 0.208255 -0.155583 -0.155613 0.250768 -0.209856 -0.266421 -0.104516 0.039705 -0.088835 -0.063767 -0.109973
-0.356080 -0.429408 0.090957 0.220862 0.244205 1.000000 0.124089 -0.073389 0.327046 0.460752 -0.037196 -0.143470 -0.192134 -0.254114 0.158228 -0.022803 -0.264505 -0.099232 -0.354742 -0.188876 0.045808 0.017256 0.328352 0.372839 0.217256 0.286021 0.122516 0.208636 -0.327148 -0.397259 -0.146654 -0.087617 -0.358848 -0.287582 -0.006745 -0.093717 0.248321 0.291617 0.120114 0.169158 -0.224881 -0.054141 0.041555 -0.002139 -0.027859 0.009911 0.108423 0.159696 -0.058686 0.075186 -0.129152 -0.008871 -0.157186 -0.168952 -0.021348 0.126078 -0.166836 -0.169118 -0.296178 -0.093782 -0.366498 -0.247507 -0.281709 -0.219488 0.168165 -0.143406 -0.185302 0.101056 -0.127543 -0.135649 -0.231140 -0.116019 -0.382251 -0.288790 -0.358975 -0.282536 -0.307844 -0.072517 -0.029957 -0.168718 -0.095861 -0.126536 -0.044575 -0.069320 0.198185 0.097511 -0.065868 0.061045 0.047254 0.105963 0.212479 0.315063 0.311227 0.383038 0.184476 0.252556 0.033926 0.177422 -0.213087 0.113453 0.081747 -0.052204 -0.030055 0.142242 0.397646 0.282051 -0.018385 0.265303 0.207452 0.084413 0.123436 -0.099512 0.193193 0.350950 0.289671 0.206343
-0.008146 -0.270029 0.791536 0.228375 0.376277 0.124089 1.000000 0.544575 0.243641 0.122116 0.440498 0.165338 0.534562 0.215208 0.129087 -0.033096 0.068619 -0.016684 0.178324 -0.323941 0.060758 -0.077526 0.513839 0.233711 0.179611 -0.045931 -0.148207 -0.146455 0.025823 -0.082216 0.119005 0.083352 0.014578 0.025525 0.375563 0.239009 0.003209 -0.111361 0.047681 -0.007010 0.179114 -0.171807 -0.063689 -0.086754 0.207590 0.161815 -0.212450 -0.304561 0.240776 0.116151 0.195031 0.097188 0.009029 -0.064871 0.065846 -0.018940 -0.235260 -0.281901 -0.049264 -0.063616 0.205014 -0.029117 -0.251784 -0.173875 0.219563 0.247775 0.085351 0.194651 -0.301302 -0.315164 -0.168302 -0.273274 0.003759 -0.170736 -0.158629 -0.146568 -0.100428 -0.339653 -0.059342 -0.196941 -0.331520 -0.249166 -0.033297 -0.085242 -0.026788 -0.072239 -0.066379 -0.222265 0.077804 -0.044797 -0.149261 -0.036721 -0.134623 0.025338 -0.133393 -0.033862 -0.147104 -0.375758 -0.318619 -0.518773 -0.225891 -0.221704 -0.145566 -0.368404 -0.239281 -0.254875 -0.197777 -0.417939 -0.047907 -0.103828 -0.310043 -0.441130 -0.312864 -0.263302 -0.231414 -0.252018
-0.017376 -0.050169 0.503785 0.615315 0.069694 -0.073389 0.544575 1.000000 -0.095196 0.096204 0.288072 0.618566 0.370359 0.510729 0.262200 0.327529 -0.009164 0.069613 0.311076 0.067776 0.022881 -0.073591 0.318411 0.217137 -0.098768 -0.005026 0.033030 0.133259 0.130170 0.078105 0.126170 0.175547 0.062497 0.155747 0.170902 0.270743 -0.411837 -0.434980 -0.390817 -0.410209 -0.231461 -0.152256 -0.204774 -0.064717 -0.046729 0.114100 -0.504658 -0.251975 -0.087303 -0.130465 -0.096948 -0.203781 -0.180023 -0.130193 -0.331571 -0.383596 -0.218858 -0.330387 -0.074129 -0.181427 0.149168 0.083530 -0.215345 -0.266435 0.236041 0.501416 -0.002101 0.350278 -0.304970 -0.191363 0.211898 0.059725 0.151745 0.164918 0.067804 0.205954 -0.059175 -0.173873 -0.293037 -0.337266 -0.246238 -0.243090 0.068789 0.226276 0.084582 0.117825 -0.076625 0.041454 -0.139314 -0.244656 -0.038210 0.084322 0.271267 0.078046 -0.230080 -0.306014 -0.171813 -0.373460 -0.204323 -0.299120 -0.134043 -0.108656 -0.061762 -0.192109 -0.458165 -0.388012 0.053247 -0.203649 -0.245901 -0.205707 -0.125753 -0.289381 -0.227703 -0.007378 -0.199295 -0.443978
0.241420 0.136241 0.152920 -0.214761 0.782692 0.327046 0.243641 -0.095196 1.000000 0.776214 0.058372 -0.166857 0.108473 -0.026836 -0.266301 -0.393211 0.233773 0.202445 -0.300145 -0.270229 -0.095706 -0.231980 -0.211318 -0.301851 0.317206 -0.359435 0.093216 -0.486152 -0.178971 -0.089101 -0.239029 -0.416985 0.040719 -0.412325 -0.304435 -0.361992 0.309563 0.199619 0.361361 0.308352 0.015616 0.033071 -0.230550 -0.092251 -0.097803 -0.031019 -0.233008 -0.201414 -0.196418 0.024426 -0.062034 -0.182770 0.021449 -0.372097 0.403875 0.289471 0.101511 -0.043065 0.417396 0.442973 0.303802 0.426724 0.072539 0.352098 -0.397941 0.051900 0.292986 -0.060513 0.096246 -0.014809 -0.177346 -0.236978 -0.177065 -0.139215 -0.138856 -0.202090 -0.063049 -0.145180 0.083570 0.205903 0.101652 -0.050963 -0.406677 -0.484111 -0.154028 -0.450354 -0.178567 -0.443896 0.465363 0.365551 0.036760 -0.056746 -0.333684 -0.168895 0.209369 0.171082 -0.072271 0.046125 0.089817 0.118824 0.199431 0.207857 0.006525 0.127092 0.336933 0.184510 -0.037688 -0.005453 0.351545 -0.080685 -0.183612 -0.099363 -0.052437 -0.014866 0.113009 0.054264
0.140197 0.021624 0.118840 0.135025 0.662114 0.460752 0.122116 0.096204 0.776214 1.000000 0.171335 0.111194 0.094625 0.139395 -0.149416 -0.226124 0.203019 0.218098 -0.350696 -0.244797 -0.156422 -0.342501 -0.109801 -0.154565 0.300156 -0.197302 0.025819 -0.298578 -0.327331 -0.191898 -0.450959 -0.520603 -0.175175 -0.535633 -0.247883 -0.198963 0.253813 0.144202 0.178666 0.151060 -0.291647 0.046589 -0.123134 0.028505 -0.126937 0.079791 -0.300938 -0.090202 -0.185265 0.008560 -0.211286 -0.217508 -0.083267 -0.356109 0.136756 0.157955 0.125468 -0.197088 0.370389 0.387175 0.117124 0.439307 -0.052451 0.119817 -0.301082 0.292607 0.230382 0.100211 0.121975 -0.002978 -0.171841 -0.271692 -0.301025 -0.035940 -0.073394 -0.134485 -0.067886 -0.164996 0.092121 0.117160 0.170975 -0.082242 -0.393998 -0.367126 -0.075765 -0.339032 -0.301282 -0.264777 0.360436 0.370420 0.206770 0.087604 0.017006 -0.022043 0.152746 0.104807 -0.122892 0.020622 -0.040671 0.169411 0.271916 0.270878 0.065690 0.170881 0.310285 0.121759 -0.046340 -0.004134 0.209111 -0.136309 -0.117106 -0.194501 0.045707 0.155432 0.143567 -0.070978
0.217351 -0.171932 0.540654 0.212766 0.156337 -0.037196 0.440498 0.288072 0.058372 0.171335 1.000000 0.545117 0.684311 0.506846 0.086092 0.007866 0.513396 0.308350 -0.064030 -0.215301 -0.240980 -0.424060 0.245998 -0.021319 -0.186124 -0.275999 -0.550474 -0.230485 0.042425 0.091270 -0.345601 -0.396058 -0.120783 -0.337289 0.129946 0.100895 0.064755 0.034627 -0.047437 -0.083294 0.089892 0.027335 -0.025828 0.010067 0.072898 0.089350 -0.203508 -0.063985 0.276268 0.152826 -0.012687 0.149158 0.173533 0.074669 -0.020920 -0.019075 0.175336 -0.098799 0.266736 0.089860 0.148540 0.140607 -0.147485 -0.244040 -0.091035 0.291778 -0.011799 0.066010 -0.172226 -0.122030 -0.055317 -0.449431 0.059580 -0.022714 0.050842 0.010659 0.091499 -0.250847 0.070402 -0.204148 -0.080325 -0.083942 -0.076717 -0.010555 -0.183436 -0.106690 -0.329598 -0.227956 0.231370 0.304773 0.190200 0.249058 0.006990 0.179945 -0.297946 -0.165508 -0.249813 -0.210472 -0.319602 -0.183541 -0.027592 0.089668 0.078298 -0.168853 -0.213149 -0.325883 -0.138474 -0.288836 -0.182622 -0.262209 -0.235082 -0.220754 -0.201950 -0.293920 -0.199073 -0.263489
0.155969 0.181868 0.183728 0.354664 -0.025011 -0.143470 0.165338 0.618566 -0.166857 0.111194 0.545117 1.000000 0.520217 0.757522 0.171808 0.407108 0.309335 0.472480 0.024398 0.183531 -0.176651 -0.265645 0.011162 -0.093949 -0.335679 -0.274571 -0.145400 -0.039492 0.256098 0.333191 -0.081614 -0.142942 0.096989 -0.084225 -0.069033 0.093120 -0.403200 -0.317903 -0.428963 -0.461605 -0.340937 0.166335 -0.195495 -0.092439 -0.081437 0.009900 -0.455381 -0.261056 0.067088 -0.035997 -0.081148 0.044086 0.076777 0.048009 -0.349324 -0.354753 0.086818 -0.004329 0.139616 -0.076268 0.209103 0.249297 -0.052346 -0.174526 -0.013699 0.506008 -0.094327 0.018276 -0.135180 0.068616 0.252211 -0.099259 0.320240 0.360491 0.264410 0.378114 0.108588 -0.201240 -0.069360 -0.157665 0.001762 0.029494 -0.081481 0.273706 -0.057856 0.101420 -0.228517 0.065864 0.044268 0.075294 0.112925 0.111693 0.206226 0.062671 -0.469661 -0.475429 -0.379900 -0.335875 -0.180980 -0.146337 -0.070835 0.182083 0.022656 -0.026474 -0.425454 -0.346370 0.044121 -0.170445 -0.481971 -0.399090 -0.351834 -0.171652 -0.066094 -0.103953 -0.176699 -0.432045
0.266756 0.103182 0.544000 0.138653 0.287805 -0.192134 0.534562 0.370359 0.108473 0.094625 0.684311 0.520217 1.000000 0.706355 0.120791 0.171677 0.461798 0.396933 0.201903 -0.173362 -0.215715 -0.348669 0.090446 -0.136464 -0.275174 -0.470957 -0.265787 -0.337462 0.279371 0.268220 -0.088273 -0.230897 0.057978 -0.136890 0.023146 0.231481 -0.208451 -0.230193 -0.210643 -0.249087 0.051210 0.099197 0.033938 0.072910 0.144583 0.163517 -0.220242 -0.143615 0.251322 0.179482 0.015589 0.209863 0.126426 0.046641 -0.107802 -0.117319 0.112384 0.002805 0.253300 0.006028 0.474124 0.273802 -0.092775 -0.071017 -0.125567 0.310581 -0.064318 -0.125476 -0.246529 -0.151830 0.057533 -0.272446 0.227186 0.100152 0.197282 0.151873 0.059860 -0.331760 0.074584 -0.078570 -0.077261 -0.048152 -0.189503 -0.012728 -0.275334 -0.313826 -0.334210 -0.433379 0.170540 0.077765 0.156626 0.042461 -0.113729 0.009846 -0.444218 -0.375163 -0.309562 -0.480558 -0.072076 -0.331093 0.004831 0.062807 -0.070507 -0.125070 -0.311433 -0.368180 -0.036068 -0.317769 -0.280463 -0.374916 -0.387394 -0.126881 -0.289484 -0.371304 -0.351906 -0.420441
0.257526 0.298311 0.218242 0.117419 0.129368 -0.254114 0.215208 0.510729 -0.026836 0.139395 0.506846 0.757522 0.706355 1.000000 0.093177 0.349826 0.444426 0.562152 0.077924 0.125039 -0.319421 -0.336036 -0.182121 -0.241141 -0.450436 -0.532671 -0.260868 -0.255116 0.461483 0.542060 -0.024185 -0.097516 0.192909 0.033540 -0.124716 0.141571 -0.411035 -0.381430 -0.452194 -0.483646 -0.183086 0.231362 -0.138894 -0.053051 -0.049883 -0.019746 -0.336955 -0.206108 0.075338 -0.050136 0.013417 0.044378 0.200824 -0.001309 -0.336024 -0.366768 0.109859 0.138216 0.306405 0.077305 0.479830 0.430722 -0.014754 -0.037658 -0.253652 0.313470 -0.080457 -0.197513 -0.141105 0.046409 0.388002 0.037644 0.467607 0.431370 0.433756 0.422220 0.127306 -0.124039 0.064004 0.041471 0.124741 0.178498 -0.107735 0.217281 -0.254796 -0.169260 -0.214448 -0.163892 0.029643 0.032014 0.180283 0.011739 -0.048517 -0.088802 -0.465441 -0.530910 -0.376673 -0.427943 0.045425 -0.198475 0.076420 0.158109 0.064308 -0.003202 -0.408643 -0.454492 0.120379 -0.118979 -0.399654 -0.490504 -0.332745 0.016356 -0.071324 -0.194040 -0.351058 -0.541330
-0.165832 -0.193575 0.117168 0.369637 -0.341777 0.158228 0.129087 0.262200 -0.266301 -0.149416 0.086092 0.171808 0.120791 0.093177 1.000000 0.769337 -0.101827 -0.216739 0.397033 0.181041 0.222445 0.305651 0.396777 0.421473 -0.261479 0.389796 0.212011 0.601161 0.366004 0.054411 0.402880 0.524004 0.002498 0.327487 0.179784 0.198735 -0.319345 -0.345695 -0.541864 -0.481454 0.032689 0.178375 -0.024897 -0.052013 -0.044475 -0.014933 -0.273350 0.070405 0.179806 -0.094164 0.027092 0.106679 -0.101973 0.093971 -0.517839 -0.489065 -0.034653 -0.214567 -0.431212 -0.556052 -0.097901 -0.434568 -0.226025 -0.447655 0.478957 0.150784 -0.230189 0.118615 -0.048729 -0.129119 0.185885 0.372566 0.210543 0.134653 0.108528 0.118058 -0.020896 0.026548 -0.217397 -0.365540 -0.224192 -0.154406 0.652087 0.700255 0.596019 0.380529 0.045208 0.352757 -0.147499 -0.341516 -0.056018 -0.011429 0.372093 0.291789 -0.381697 -0.462929 -0.221097 -0.309377 -0.297295 -0.165802 -0.274892 -0.318396 -0.136137 -0.033868 -0.289629 -0.340212 0.294523 0.089010 -0.405643 -0.174842 -0.016785 -0.357129 -0.316358 -0.101403 -0.318120 -0.358934
-0.258776 0.068052 0.012524 0.271325 -0.429670 -0.022803 -0.033096 0.327529 -0.393211 -0.226124 0.007866 0.407108 0.171677 0.349826 0.769337 1.000000 -0.084348 -0.003351 0.381591 0.235042 0.081530 0.308768 0.140381 0.184760 -0.372554 0.304946 0.247784 0.623559 0.413746 0.277568 0.414499 0.483618 0.162424 0.397281 0.088821 0.219284 -0.569589 -0.482546 -0.722525 -0.684037 -0.041934 0.306656 -0.034980 -0.028076 -0.018890 0.023508 -0.283751 -0.117809 0.139604 -0.053311 0.034780 0.146129 -0.026344 0.165588 -0.639375 -0.603722 0.013347 0.114612 -0.353084 -0.540660 -0.007781 -0.218412 -0.254472 -0.311878 0.472045 0.305193 -0.266628 -0.006911 -0.018687 -0.091282 0.331388 0.459303 0.390049 0.403127 0.314605 0.329697 0.069821 0.048816 -0.240048 -0.212248 -0.139512 0.046769 0.614573 0.754484 0.498373 0.501636 0.096181 0.353816 -0.210716 -0.337835 -0.195401 -0.229662 0.315933 0.064610 -0.496278 -0.593359 -0.344796 -0.335696 -0.160455 -0.193164 -0.322768 -0.335749 -0.184421 -0.043448 -0.461986 -0.447455 0.385577 0.199325 -0.533448 -0.188885 -0.174219 -0.196891 -0.129843 -0.057164 -0.376762 -0.408513
0.613114 0.492959 -0.049253 -0.299025 0.128813 -0.264505 0.068619 -0.009164 0.233773 0.203019 0.513396 0.309335 0.461798 0.444426 -0.101827 -0.084348 1.000000 0.712759 0.130380 0.097936 -0.163042 -0.259299 -0.473170 -0.567418 -0.252533 -0.585840 -0.260575 -0.477229 0.428891 0.534598 -0.081627 -0.314495 0.280297 -0.154104 -0.210114 -0.212409 -0.027825 -0.105551 -0.098956 -0.128518 0.106914 0.390262 -0.369753 -0.156750 -0.013496 -0.093528 -0.262750 -0.313471 -0.032837 0.112850 0.096354 0.084661 0.287813 -0.001095 -0.061380 -0.062777 0.623653 0.356633 0.452343 0.261767 0.513806 0.419993 0.532341 0.409827 -0.483099 0.075557 0.215160 -0.448083 0.046738 -0.137283 0.030014 -0.180974 0.472682 0.464367 0.490184 0.361939 0.467795 -0.004774 0.577863 0.381612 0.469538 0.448262 -0.269187 -0.122199 -0.137036 -0.279128 -0.476127 -0.405358 0.064818 0.173844 0.069141 -0.181318 -0.393289 -0.296013 -0.329317 -0.299555 -0.330091 -0.219420 0.244395 -0.052203 0.040223 0.329376 -0.123482 0.039671 -0.155818 -0.097301 -0.053181 -0.261060 -0.298517 -0.274865 -0.423720 -0.095417 -0.127947 -0.463843 -0.135554 -0.141481
0.397977 0.542100 -0.087008 -0.223106 0.239381 -0.099232 -0.016684 0.069613 0.202445 0.218098 0.308350 0.472480 0.396933 0.562152 -0.216739 -0.003351 0.712759 1.000000 0.003713 0.230401 -0.252193 -0.243984 -0.475496 -0.476919 -0.334638 -0.636387 -0.144580 -0.458613 0.401480 0.542432 -0.107938 -0.311610 0.268113 -0.124308 -0.214635 -0.189221 -0.190026 -0.155227 -0.163975 -0.231656 -0.130212 0.389499 -0.370520 -0.127350 0.047521 -0.024708 -0.170964 -0.334848 -0.052764 0.163964 0.029107 0.108212 0.181824 -0.054189 -0.147188 -0.076713 0.440435 0.528110 0.267742 0.249685 0.388023 0.441700 0.476313 0.497668 -0.531374 -0.024365 0.014311 -0.476629 -0.066835 -0.032910 0.142659 -0.120826 0.403363 0.478245 0.422106 0.431867 0.315083 -0.153557 0.441653 0.425202 0.488390 0.514313 -0.407760 -0.052990 -0.229778 -0.255525 -0.396368 -0.220509 0.067739 0.159331 0.170115 -0.073699 -0.366493 -0.294959 -0.370671 -0.317031 -0.363244 -0.272595 0.381310 -0.080645 0.077964 0.442875 0.028894 0.102812 -0.141796 -0.051087 -0.088199 -0.241772 -0.343558 -0.355614 -0.529145 0.091298 0.227759 -0.274656 -0.111956 -0.163155
0.172674 0.218938 0.170890 0.175029 -0.228268 -0.354742 0.178324 0.311076 -0.300145 -0.350696 -0.064030 0.024398 0.201903 0.077924 0.397033 0.381591 0.130380 0.003713 1.000000 0.175830 0.276539 0.307912 0.066644 -0.039211 -0.170660 0.074971 0.203897 0.274868 0.281567 0.223394 0.390697 0.379788 0.271960 0.458215 0.190755 0.291479 -0.334391 -0.448622 -0.354116 -0.318117 0.270403 0.124820 -0.050959 0.087387 0.078334 0.192222 -0.255473 -0.172807 -0.061241 0.015641 0.012801 -0.083012 -0.194443 -0.006814 -0.314646 -0.329396 0.075696 -0.052867 -0.178489 -0.356045 0.253424 -0.180416 0.085214 0.012762 0.278592 0.144856 0.002668 0.061073 -0.001698 -0.327276 0.240740 0.375849 0.352532 0.307299 0.265755 0.308495 0.271288 0.153156 -0.105415 -0.109242 -0.144943 -0.014528 0.355048 0.307624 0.227734 0.019598 -0.049855 0.090501 -0.120051 -0.427495 -0.325360 -0.233717 -0.068924 -0.155029 -0.313046 -0.307071 -0.171998 -0.405399 0.064278 -0.416533 -0.247660 -0.158410 -0.283178 -0.114392 -0.447347 -0.251465 0.140588 -0.123058 -0.330240 -0.153812 -0.185912 -0.265147 -0.265789 -0.392777 -0.393940 -0.307390
0.173919 0.321612 -0.353664 -0.073561 -0.361429 -0.188876 -0.323941 0.067776 -0.270229 -0.244797 -0.215301 0.183531 -0.173362 0.125039 0.181041 0.235042 0.097936 0.230401 0.175830 1.000000 -0.143719 0.105547 -0.197292 0.091456 -0.330180 -0.016907 0.067778 0.158164 0.449464 0.429486 0.227557 0.291831 0.130101 0.315116 -0.285175 -0.043640 -0.508168 -0.383361 -0.454329 -0.439078 -0.274221 0.255887 -0.210027 -0.220983 -0.236125 -0.304865 -0.090369 0.056138 -0.212032 -0.212846 0.099102 -0.013256 0.130439 0.238221 -0.422026 -0.346462 0.117660 0.215099 -0.151117 -0.240754 -0.126289 -0.142811 0.209498 -0.031702 -0.152069 -0.309464 -0.364959 -0.406900 0.072625 0.310100 0.287847 0.347927 0.384032 0.435510 0.260155 0.416824 0.202841 0.245530 -0.023377 -0.083662 0.130324 0.087157 0.167603 0.457195 0.091463 0.178903 0.065137 0.196478 -0.215526 -0.121638 0.166539 0.028420 0.096033 -0.033886 -0.204990 -0.380974 -0.148759 -0.028799 0.255492 0.202851 0.080304 0.233603 0.115281 0.353917 -0.030898 0.017008 0.201190 0.057676 -0.258960 -0.194921 0.049478 0.239618 0.115829 0.118845 0.032855 -0.117767
0.079598 -0.027769 -0.072761 0.145229 -0.016186 0.045808 0.060758 0.022881 -0.095706 -0.156422 -0.240980 -0.176651 -0.215715 -0.319421 0.222445 0.081530 -0.163042 -0.252193 0.276539 -0.143719 1.000000 0.542122 0.200779 0.150775 0.346187 0.396915 0.520914 0.287254 -0.124236 -0.211186 0.344212 0.293509 -0.021772 0.142061 0.145384 -0.168199 0.089422 0.025168 0.189655 0.229851 0.099179 -0.067950 -0.071017 0.099429 -0.000859 0.037765 -0.108580 -0.090754 -0.045694 0.050620 0.008298 -0.072302 -0.188758 -0.141665 0.072338 0.037486 -0.138741 -0.212845 -0.195045 -0.143591 -0.002747 -0.246111 0.157494 -0.051261 0.277616 0.126401 0.247118 0.189446 -0.023578 -0.097263 0.022408 0.089476 -0.068096 -0.030843 -0.100892 -0.039798 -0.017665 0.033971 -0.014684 0.089732 -0.106374 -0.151182 0.083928 0.094699 0.235340 0.058552 0.039126 0.228754 -0.159650 -0.351789 -0.381272 -0.167071 -0.004309 -0.018559 0.039185 0.037996 0.225301 -0.051896 -0.168715 -0.258453 -0.318714 -0.135217 -0.383314 -0.308867 -0.167201 0.055040 -0.202254 -0.122325 -0.032875 0.177511 -0.079209 -0.348988 -0.241698 -0.259005 0.020851 -0.073989
-0.349582 -0.045341 -0.233465 -0.100747 -0.266439 0.017256 -0.077526 -0.073591 -0.231980 -0.342501 -0.424060 -0.265645 -0.348669 -0.336036 0.305651 0.308768 -0.259299 -0.243984 0.307912 0.105547 0.542122 1.000000 0.112637 0.163878 0.129755 0.500680 0.466215 0.489536 0.145303 0.102909 0.639538 0.646180 0.143564 0.461864 0.236151 0.019866 -0.088288 -0.055343 -0.048639 -0.020241 0.194088 0.183962 0.069157 -0.011460 0.159815 0.006593 0.151751 -0.153892 0.089202 0.062120 0.272015 0.163665 -0.134117 0.032669 -0.128606 -0.086697 -0.295038 0.139806 -0.479943 -0.429370 -0.157702 -0.447110 -0.045189 -0.113142 0.387560 -0.074895 0.024741 -0.049523 -0.176839 -0.236727 0.105586 0.439491 0.186386 0.144382 0.061359 0.104400 0.085929 0.338968 -0.123383 0.064444 -0.216340 -0.008861 0.454739 0.383185 0.382557 0.310273 0.364163 0.413821 -0.357180 -0.524726 -0.461128 -0.410795 -0.008180 -0.191232 -0.003138 0.015537 0.244076 -0.029614 0.120216 -0.250273 -0.441733 -0.363366 -0.370147 -0.191576 -0.101421 -0.005858 0.077388 -0.042576 -0.085377 0.268996 -0.083078 -0.062991 -0.052474 0.010407 -0.014620 0.014968
-0.439848 -0.770109 0.622700 0.660878 0.015957 0.328352 0.513839 0.318411 -0.211318 -0.109801 0.245998 0.011162 0.090446 -0.182121 0.396777 0.140381 -0.473170 -0.475496 0.066644 -0.197292 0.200779 0.112637 1.000000 0.848796 0.256206 0.569058 0.034611 0.468759 -0.325270 -0.559370 -0.006172 0.194021 -0.448271 -0.044437 0.539802 0.394729 0.101101 0.130750 0.068762 0.091119 -0.008709 -0.422932 0.288926 0.145099 0.175947 0.182766 0.046513 0.184132 0.275743 0.065050 -0.075909 0.075683 -0.287454 -0.017032 -0.024679 -0.009113 -0.383517 -0.491001 -0.494732 -0.427916 -0.452761 -0.583561 -0.585703 -0.674468 0.590033 0.138788 -0.307552 0.450411 -0.322315 -0.222229 -0.254912 -0.225479 -0.415608 -0.513772 -0.426965 -0.411916 -0.369467 -0.291989 -0.439348 -0.650696 -0.589672 -0.609869 0.267230 0.176140 0.214993 0.250731 0.161769 0.281977 0.056379 -0.094102 0.044626 0.328087 0.456289 0.477092 0.111256 0.178608 0.153477 -0.055999 -0.540179 -0.230351 -0.201875 -0.368640 0.021968 -0.313427 -0.037243 -0.051509 -0.150893 -0.185221 0.118941 0.043967 0.191886 -0.301141 -0.157847 0.135004 -0.024589 -0.075089
-0.487471 -0.671451 0.352184 0.606787 -0.130076 0.372839 0.233711 0.217137 -0.301851 -0.154565 -0.021319 -0.093949 -0.136464 -0.241141 0.421473 0.184760 -0.567418 -0.476919 -0.039211 0.091456 0.150775 0.163878 0.848796 1.000000 0.181897 0.680737 0.137315 0.578227 -0.222889 -0.481545 0.041490 0.360743 -0.453301 0.088857 0.395337 0.348395 0.017978 0.093644 -0.064183 -0.019824 -0.139859 -0.264658 0.155232 -0.012026 0.013030 -0.039017 0.064941 0.226917 0.183281 -0.091138 0.014795 0.092343 -0.207755 0.042823 -0.143921 -0.109993 -0.399682 -0.376664 -0.573525 -0.449128 -0.591397 -0.580262 -0.500781 -0.628202 0.557073 -0.060014 -0.439146 0.266987 -0.287186 -0.067884 -0.202190 -0.011869 -0.336411 -0.427998 -0.300481 -0.259819 -0.337749 -0.219004 -0.407510 -0.573975 -0.453423 -0.498894 0.322371 0.330388 0.330486 0.413130 0.261876 0.345298 -0.074722 -0.127314 0.132357 0.297042 0.532819 0.456866 0.127021 0.110447 0.146986 0.011148 -0.381301 -0.081293 -0.186692 -0.357631 0.036657 -0.140549 0.014506 -0.018996 -0.110564 -0.007051 0.061846 0.090455 0.337265 -0.145428 -0.057124 0.272013 0.052064 -0.010567
-0.077632 -0.171886 0.141539 0.059855 0.477855 0.217256 0.179611 -0.098768 0.317206 0.300156 -0.186124 -0.335679 -0.275174 -0.450436 -0.261479 -0.372554 -0.252533 -0.334638 -0.170660 -0.330180 0.346187 0.129755 0.256206 0.181897 1.000000 0.396886 0.311311 0.050976 -0.466610 -0.465639 -0.001694 -0.039796 -0.234174 -0.185589 0.270029 0.083691 0.245191 0.168289 0.365349 0.348981 -0.050593 -0.291567 0.211476 0.302950 0.247977 0.311933 0.103964 0.052392 0.078392 0.244965 0.047530 0.062819 -0.172303 -0.140577 0.258899 0.237385 -0.211195 -0.262690 -0.076235 0.048386 -0.195420 -0.042440 -0.019225 0.020414 0.221835 0.144765 0.161410 0.225565 0.033344 -0.049713 -0.252670 -0.130423 -0.390111 -0.252896 -0.194077 -0.187462 -0.113211 -0.188946 -0.068536 0.078777 0.020109 -0.224548 -0.220474 -0.349487 0.111603 -0.047706 0.117246 0.019864 0.040665 -0.035177 -0.333952 -0.158644 -0.180772 -0.152292 0.315834 0.255020 0.338241 0.102994 -0.069334 -0.071355 -0.286604 -0.150611 -0.356226 -0.366143 0.065436 0.286001 -0.239845 -0.146787 0.174575 0.148389 0.089714 -0.173271 -0.031881 0.131225 0.078951 0.092609
-0.574172 -0.501989 0.000609 0.392382 -0.367652 0.286021 -0.045931 -0.005026 -0.359435 -0.197302 -0.275999 -0.274571 -0.470957 -0.532671 0.389796 0.304946 -0.585840 -0.636387 0.074971 -0.016907 0.396915 0.500680 0.569058 0.680737 0.396886 1.000000 0.391328 0.838525 -0.332203 -0.458119 0.199466 0.458720 -0.251232 0.226680 0.299143 0.237220 -0.002931 0.034157 -0.068374 -0.036057 0.027213 -0.143349 0.228973 0.103645 0.034904 0.063141 0.104361 0.183536 0.079615 -0.038102 -0.013093 0.018296 -0.321071 0.004272 -0.204855 -0.122296 -0.373596 -0.238872 -0.601964 -0.467739 -0.620297 -0.567225 -0.362198 -0.444824 0.756348 0.115651 -0.186380 0.384133 -0.032627 -0.052965 -0.206565 0.173009 -0.295223 -0.207164 -0.199929 -0.185527 -0.165475 -0.008560 -0.279914 -0.251897 -0.309097 -0.311242 0.513003 0.307663 0.607041 0.556516 0.344722 0.479487 -0.198651 -0.301390 -0.260823 -0.117568 0.461108 0.220626 0.166723 0.133121 0.222866 0.148561 -0.320184 -0.076828 -0.430289 -0.491639 -0.230086 -0.229166 -0.044111 0.037163 -0.076170 0.081725 -0.016909 0.309024 0.338633 -0.174657 -0.074406 0.308642 0.115715 0.121436
-0.163749 0.105918 -0.227212 0.130935 0.079355 0.122516 -0.148207 0.033030 0.093216 0.025819 -0.550474 -0.145400 -0.265787 -0.260868 0.212011 0.247784 -0.260575 -0.144580 0.203897 0.067778 0.520914 0.466215 0.034611 0.137315 0.311311 0.391328 1.000000 0.420981 -0.045471 -0.149104 0.396440 0.327230 0.030342 0.224677 -0.038917 -0.018263 -0.185353 -0.159707 -0.056416 -0.032597 -0.204708 0.156777 -0.088009 0.089213 -0.008986 0.054409 -0.120042 -0.076217 -0.171543 -0.006775 -0.156250 -0.104297 -0.307035 -0.269084 -0.088490 -0.112277 -0.126238 0.054928 -0.355217 -0.258680 -0.061508 -0.110751 0.081982 0.097629 0.282084 0.170000 -0.061290 0.069984 -0.031311 -0.001818 0.067986 0.315965 -0.051048 0.038099 0.027068 0.011159 -0.051953 0.019372 -0.086101 0.149346 -0.062817 -0.129051 0.117440 0.062472 0.306641 0.011482 0.190751 0.159753 -0.136574 -0.335782 -0.337915 -0.319208 0.087144 -0.194632 0.091194 -0.087419 0.077682 -0.033344 0.119236 -0.089553 -0.299974 -0.219772 -0.322118 -0.120959 -0.068732 0.102664 0.074709 0.107046 -0.023189 0.022951 0.042529 -0.029506 -0.166958 0.067960 -0.003838 -0.108139
-0.536574 -0.371386 -0.058943 0.435990 -0.525863 0.208636 -0.146455 0.133259 -0.486152 -0.298578 -0.230485 -0.039492 -0.337462 -0.255116 0.601161 0.623559 -0.477229 -0.458613 0.274868 0.158164 0.287254 0.489536 0.468759 0.578227 0.050976 0.838525 0.420981 1.000000 -0.071808 -0.208347 0.289492 0.543603 -0.164023 0.370945 0.258161 0.329550 -0.321497 -0.177346 -0.447312 -0.390471 -0.059522 -0.015933 0.162503 0.053333 -0.056255 0.016114 0.000383 0.217239 0.003809 -0.136667 -0.064049 -0.046587 -0.308853 0.036338 -0.503542 -0.432241 -0.246610 -0.117245 -0.616125 -0.592742 -0.482454 -0.530187 -0.364907 -0.461494 0.763484 0.158191 -0.304793 0.352282 -0.006281 -0.099647 0.081325 0.436208 -0.064345 0.042818 -0.037197 0.031296 -0.134902 0.105644 -0.375718 -0.307798 -0.256582 -0.168009 0.673166 0.586697 0.652376 0.637265 0.314967 0.582452 -0.311861 -0.379242 -0.141491 -0.022023 0.573254 0.288604 -0.082835 -0.179522 0.016015 -0.021967 -0.246702 -0.024607 -0.346242 -0.428137 -0.125308 -0.087625 -0.200273 -0.190932 0.189151 0.163246 -0.213975 0.093059 0.352346 -0.072917 -0.099904 0.284769 -0.103241 -0.112086
0.294053 0.452790 -0.189496 -0.343629 -0.268275 -0.327148 0.025823 0.130170 -0.178971 -0.327331 0.042425 0.256098 0.279371 0.461483 0.366004 0.413746 0.428891 0.401480 0.281567 0.449464 -0.124236 0.145303 -0.325270 -0.222889 -0.466610 -0.332203 -0.045471 -0.071808 1.000000 0.806018 0.582015 0.500185 0.553417 0.522885 -0.105229 0.013071 -0.496059 -0.458220 -0.549191 -0.543858 0.131795 0.402955 -0.253776 -0.195849 0.085326 -0.153091 -0.127250 -0.118174 0.107369 0.045587 0.331253 0.281858 0.227865 0.173400 -0.414966 -0.394434 0.164540 0.300462 -0.064575 -0.183975 0.358572 -0.013715 0.347490 0.175125 -0.205783 -0.218377 -0.042626 -0.510849 -0.049765 -0.047584 0.374518 0.475557 0.803597 0.574828 0.500471 0.533009 0.353752 0.162391 0.197808 0.158983 0.277984 0.431702 0.234013 0.530669 0.164974 0.100977 -0.013268 -0.022047 -0.326243 -0.371825 -0.125627 -0.287162 -0.316683 -0.254743 -0.586026 -0.642497 -0.292514 -0.474015 0.340859 -0.097674 -0.135257 -0.006251 -0.193977 0.045241 -0.406398 -0.373264 0.278817 -0.004736 -0.530799 -0.346013 -0.256161 0.070887 -0.160539 -0.320902 -0.410546 -0.341289
0.339283 0.580251 -0.268058 -0.482200 -0.219766 -0.397259 -0.082216 0.078105 -0.089101 -0.191898 0.091270 0.333191 0.268220 0.542060 0.054411 0.277568 0.534598 0.542432 0.223394 0.429486 -0.211186 0.102909 -0.559370 -0.481545 -0.465639 -0.458119 -0.149104 -0.208347 0.806018 1.000000 0.435780 0.292047 0.619164 0.460632 -0.166763 -0.023773 -0.394926 -0.345801 -0.430336 -0.464939 0.147019 0.565092 -0.341831 -0.275721 -0.042223 -0.207427 -0.187623 -0.279011 0.012382 -0.010253 0.375941 0.185666 0.317529 0.112030 -0.301014 -0.297565 0.138606 0.378255 0.216219 0.057456 0.452617 0.259172 0.348949 0.307364 -0.351860 -0.110232 0.107235 -0.540836 0.024650 0.025236 0.366125 0.424780 0.860340 0.713550 0.619921 0.637874 0.517710 0.299711 0.242775 0.291937 0.302125 0.477358 0.135243 0.342394 -0.071717 -0.038606 -0.036822 -0.093675 -0.295029 -0.242150 -0.157961 -0.329810 -0.440504 -0.391731 -0.490113 -0.525055 -0.210134 -0.283934 0.486509 -0.044384 -0.047659 0.109008 -0.076073 0.098680 -0.362683 -0.419825 0.209102 -0.079195 -0.413108 -0.264792 -0.351277 0.139698 -0.018087 -0.321549 -0.324603 -0.243124
-0.071860 0.205399 -0.089212 -0.244267 -0.270706 -0.146654 0.119005 0.126170 -0.239029 -0.450959 -0.345601 -0.081614 -0.088273 -0.024185 0.402880 0.414499 -0.081627 -0.107938 0.390697 0.227557 0.344212 0.639538 -0.006172 0.041490 -0.001694 0.199466 0.396440 0.289492 0.582015 0.435780 1.000000 0.866738 0.339187 0.746664 0.215409 0.214045 -0.424572 -0.414728 -0.351082 -0.344386 0.138195 0.174924 -0.090940 -0.096644 0.171561 0.023497 -0.061773 -0.125259 0.139469 0.005233 0.376426 0.213836 0.040612 0.149036 -0.327098 -0.339031 -0.180431 0.114409 -0.395046 -0.431882 0.183176 -0.311569 0.158013 0.018520 0.277041 -0.141153 -0.007813 -0.211863 -0.148291 -0.147326 0.364073 0.609099 0.520837 0.304715 0.216078 0.327650 0.097141 0.229655 0.033380 0.075749 0.001123 0.162987 0.366364 0.445551 0.321516 0.184229 0.257249 0.183437 -0.573495 -0.683815 -0.457011 -0.456709 -0.224424 -0.223769 -0.238727 -0.384912 0.033119 -0.244311 0.148978 -0.321051 -0.454619 -0.357974 -0.379629 -0.163058 -0.311935 -0.171566 0.278553 0.040515 -0.385449 -0.037014 -0.158684 -0.057250 -0.252752 -0.175366 -0.286104 -0.282909
-0.237481 -0.008123 -0.102964 -0.054264 -0.448000 -0.087617 0.083352 0.175547 -0.416985 -0.520603 -0.396058 -0.142942 -0.230897 -0.097516 0.524004 0.483618 -0.314495 -0.311610 0.379788 0.291831 0.293509 0.646180 0.194021 0.360743 -0.039796 0.458720 0.327230 0.543603 0.500185 0.292047 0.866738 1.000000 0.290212 0.814930 0.279985 0.313131 -0.416528 -0.371263 -0.429376 -0.396966 0.140229 0.103619 -0.078871 -0.176088 0.026035 -0.107578 -0.048240 -0.028898 0.090698 -0.139267 0.356621 0.141963 -0.020407 0.140671 -0.417628 -0.430380 -0.322704 -0.034992 -0.497870 -0.484784 -0.031310 -0.416271 -0.017875 -0.165040 0.468675 -0.133945 -0.130695 -0.055722 -0.104250 -0.129424 0.267616 0.647830 0.431372 0.217849 0.164470 0.285752 0.043250 0.206128 -0.176491 -0.098527 -0.138892 0.041798 0.593113 0.624162 0.503612 0.440802 0.435106 0.371929 -0.566290 -0.644946 -0.357933 -0.322915 0.012332 -0.059433 -0.238593 -0.318179 -0.004906 -0.262154 0.036491 -0.263180 -0.430462 -0.469032 -0.270738 -0.124211 -0.350129 -0.311134 0.210817 0.043126 -0.336594 0.034760 0.054270 -0.069388 -0.251109 -0.023062 -0.238519 -0.237761
0.341487 0.529504 -0.300751 -0.411606 -0.152830 -0.358848 0.014578 0.062497 0.040719 -0.175175 -0.120783 0.096989 0.057978 0.192909 0.002498 0.162424 0.280297 0.268113 0.271960 0.130101 -0.021772 0.143564 -0.448271 -0.453301 -0.234174 -0.251232 0.030342 -0.164023 0.553417 0.619164 0.339187 0.290212 1.000000 0.524802 -0.129096 -0.190159 -0.221802 -0.324096 -0.179220 -0.254933 0.291802 0.288610 -0.370843 -0.224880 -0.060094 -0.150563 -0.273027 -0.386280 -0.232671 -0.025707 0.163353 -0.091364 0.035433 -0.218839 -0.094064 -0.201652 0.061952 0.119381 0.258996 0.228816 0.521654 0.333113 0.471236 0.532451 -0.177374 0.061396 0.361346 -0.212475 0.232110 -0.043115 0.087052 0.282196 0.635785 0.447726 0.425175 0.331661 0.408737 0.051459 0.118061 0.303140 0.241506 0.321290 0.152703 0.101746 0.183384 -0.033646 0.165169 -0.109328 -0.025683 -0.278613 -0.439097 -0.498738 -0.452064 -0.473763 -0.407793 -0.274218 -0.200853 -0.307996 0.309540 -0.141132 -0.163759 -0.061206 -0.126736 0.068878 -0.352567 -0.324475 0.100731 -0.145052 -0.226640 -0.095100 -0.328504 -0.089682 -0.110769 -0.301460 -0.146714 -0.022106
-0.142663 0.155211 -0.194188 -0.191782 -0.502683 -0.287582 0.025525 0.155747 -0.412325 -0.535633 -0.337289 -0.084225 -0.136890 0.033540 0.327487 0.397281 -0.154104 -0.124308 0.458215 0.315116 0.142061 0.461864 -0.044437 0.088857 -0.185589 0.226680 0.224677 0.370945 0.522885 0.460632 0.746664 0.814930 0.524802 1.000000 0.268905 0.398574 -0.491409 -0.494695 -0.448842 -0.464588 0.118534 0.181652 -0.145854 -0.196942 -0.046736 -0.067448 -0.087085 -0.078336 -0.137914 -0.252722 0.259102 -0.080266 -0.002302 0.068591 -0.479040 -0.492813 -0.298739 0.038762 -0.311169 -0.307488 0.162530 -0.150572 0.163933 0.110793 0.342619 -0.119648 -0.038054 0.005783 0.051531 0.030503 0.336574 0.638922 0.506655 0.316916 0.293590 0.320350 0.227256 0.284424 0.008570 0.119614 0.056203 0.227676 0.486547 0.462825 0.326993 0.227667 0.362307 0.233590 -0.530423 -0.663026 -0.373052 -0.403386 -0.150239 -0.235520 -0.306931 -0.351527 -0.089770 -0.232218 0.072742 -0.356131 -0.405559 -0.351462 -0.141412 -0.007953 -0.363533 -0.358302 0.288301 -0.021084 -0.385518 0.009773 0.081866 0.011165 -0.228514 -0.119210 -0.245748 -0.218079
-0.289052 -0.431032 0.360560 0.217747 -0.067066 -0.006745 0.375563 0.170902 -0.304435 -0.247883 0.129946 -0.069033 0.023146 -0.124716 0.179784 0.088821 -0.210114 -0.214635 0.190755 -0.285175 0.145384 0.236151 0.539802 0.395337 0.270029 0.299143 -0.038917 0.258161 -0.105229 -0.166763 0.215409 0.279985 -0.129096 0.268905 1.000000 0.585250 0.129128 0.137040 0.023614 0.036420 0.143194 -0.099578 0.212002 0.187427 0.363509 0.364717 0.083971 -0.046259 0.292338 0.216203 0.114508 0.243344 -0.100119 0.151577 -0.032632 0.003477 -0.214709 -0.178730 -0.377119 -0.345281 -0.160628 -0.332792 -0.235074 -0.235766 0.477010 0.159869 -0.084142 0.226384 -0.292425 -0.445421 -0.069935 0.058197 -0.019461 -0.043937 0.132521 0.000347 0.130482 0.042654 -0.182075 -0.201344 -0.276059 -0.149333 0.243453 0.063090 0.134422 0.214305 0.165873 0.267558 -0.270759 -0.280698 -0.268611 -0.032251 -0.019018 -0.031635 0.018273 0.110805 0.234794 -0.083559 -0.148311 -0.369738 -0.394914 -0.432115 -0.148940 -0.520715 -0.294307 -0.215602 -0.056187 -0.398211 -0.103620 0.207280 0.005191 -0.186707 -0.016003 -0.092397 -0.181531 -0.162475
-0.341713 -0.364123 0.339114 0.250689 -0.182325 -0.093717 0.239009 0.270743 -0.361992 -0.198963 0.100895 0.093120 0.231481 0.141571 0.198735 0.219284 -0.212409 -0.189221 0.291479 -0.043640 -0.168199 0.019866 0.394729 0.348395 0.083691 0.237220 -0.018263 0.329550 0.013071 -0.023773 0.214045 0.313131 -0.190159 0.398574 0.585250 1.000000 -0.266766 -0.200561 -0.324704 -0.320547 -0.157994 -0.075774 0.381823 0.297026 0.273939 0.439316 0.023544 0.271186 0.128081 0.096137 -0.083050 0.071548 -0.252066 0.071830 -0.360016 -0.206589 -0.204124 -0.204549 -0.347611 -0.439011 -0.061264 -0.215137 -0.326971 -0.277217 0.501571 0.191386 -0.360134 0.282491 -0.149796 -0.225094 0.091647 0.183615 0.007645 0.015301 0.149313 0.148393 0.129365 0.009007 -0.184852 -0.206029 -0.159503 -0.125489 0.231160 0.177113 0.123721 0.130567 0.035874 0.148329 -0.359885 -0.375985 -0.058530 -0.024757 0.149188 0.004176 -0.158855 -0.166567 0.016292 -0.189174 -0.114606 -0.194755 -0.299418 -0.411054 -0.119461 -0.309054 -0.330990 -0.328544 0.067258 -0.181577 -0.242898 -0.130191 0.259131 0.042558 -0.201508 0.078533 -0.266661 -0.380343
