1.000000 0.631182 -0.323798 -0.147957 0.079606 -0.155541 -0.201806 -0.315035 0.040734 0.066632 0.690069 0.517043 0.121867 0.087766 0.046477 -0.138294 0.167055 0.214319 0.160426 0.246542 -0.396064 -0.151951 -0.099877 -0.256104 -0.000329 -0.404330 -0.068581 -0.320730 0.313728 0.028027 -0.433590 -0.331605 0.018096 -0.106703 0.131812 0.003849 0.206456 0.068197 0.165126 0.024841 -0.008111 0.067442 -0.227533 -0.182546 -0.048562 -0.158816 0.165152 -0.310649 0.087360 0.025565 -0.076588 0.145461 0.134983 0.012804 0.269766 0.212707 0.303786 0.364062 0.117418 -0.049766 0.187744 0.140009 -0.136220 0.174322 0.269019 0.029619 -0.265263 -0.359016 -0.035426 -0.034583 -0.033314 -0.180656 0.049737 -0.137215 0.050238 0.216657 0.144716 0.044732 0.022644 -0.162913 0.007071 0.136303 0.345579 0.243031 0.160774 0.189723 0.065258 -0.048475 0.197323 0.280609 -0.198550 -0.091526 -0.340859 -0.162258 -0.139326 -0.263096 -0.047252 -0.247014 0.038386 -0.026983 -0.218367 -0.143915 -0.414509 -0.166819 -0.046915 -0.166457 -0.234896 -0.122855 -0.237075 -0.157380 -0.337114 -0.223778 -0.218653 -0.226887 -0.176148 -0.209810
0.631182 1.000000 -0.250627 0.056984 -0.078016 -0.037180 -0.398865 -0.177764 0.064667 0.125686 0.555078 0.599559 0.188369 0.306326 0.122854 -0.188512 -0.029976 0.249613 0.030453 0.148441 -0.446112 -0.217591 -0.090355 -0.152456 0.042643 -0.228173 -0.130109 -0.269631 0.015761 0.064658 -0.319500 -0.322728 0.062774 -0.141008 0.102156 -0.037525 0.121003 0.203287 -0.041086 0.109263 -0.043639 0.146670 -0.354771 -0.336757 -0.261905 -0.275936 -0.116286 -0.489176 -0.051332 -0.138619 -0.237148 -0.006628 0.134313 -0.039041 0.164070 0.199895 0.227773 0.421235 0.196737 0.144985 0.253219 0.441556 -0.085171 0.291681 0.043359 0.106873 -0.194512 -0.364007 0.119608 0.139844 0.117581 0.021001 -0.100148 -0.048872 -0.155562 0.161080 0.077226 0.000532 0.026850 0.093717 0.083616 0.165915 -0.006280 0.161518 0.150086 0.085785 -0.155002 -0.071744 0.178187 0.376596 -0.027808 -0.267697 -0.114444 -0.207595 -0.153605 -0.131406 0.052552 -0.151062 -0.170129 -0.306245 0.041354 -0.340379 -0.455887 -0.019777 0.221815 -0.084317 -0.389299 -0.316013 -0.244171 0.012626 -0.276618 -0.445471 -0.379195 -0.184195 -0.392808 -0.312393
-0.323798 -0.250627 1.000000 0.138380 0.001454 0.084158 0.589341 0.391514 -0.031153 -0.100698 -0.261031 -0.197838 0.162502 -0.137740 0.123003 -0.174486 -0.182542 -0.274624 0.389246 -0.186420 0.292431 0.241013 0.477812 0.595468 0.059460 0.371701 0.071770 0.164634 -0.341728 -0.192119 0.554681 0.569349 -0.015403 0.145118 0.088609 0.144717 -0.279563 -0.204807 -0.200373 -0.311007 -0.214149 -0.148832 -0.027755 -0.024502 -0.253001 -0.112914 -0.293586 0.015903 -0.049350 -0.229270 0.058995 -0.315769 -0.026594 -0.124281 -0.110111 -0.290570 -0.289798 0.053827 -0.121246 -0.234083 -0.184615 -0.213262 -0.505278 -0.353617 -0.065700 0.025624 0.220073 0.148235 0.028256 0.057026 0.256008 0.203166 -0.232387 -0.185228 0.079221 -0.117612 -0.131404 0.019188 -0.222015 -0.080961 -0.321869 -0.159819 -0.285468 -0.382800 -0.084264 -0.183928 0.130492 -0.076472 -0.124163 -0.103641 0.144924 0.193378 0.244499 0.456532 0.059600 -0.035081 -0.173179 -0.085615 -0.313526 -0.318881 -0.122919 0.119127 0.035460 0.039120 0.026575 0.111816 0.279543 0.252648 0.139573 -0.082226 0.397538 -0.012372 -0.020567 0.114621 0.062239 0.211750
-0.147957 0.056984 0.138380 1.000000 -0.080194 0.159948 -0.127748 0.582335 -0.203059 -0.095540 -0.107663 0.047444 -0.177813 -0.108002 0.034892 -0.034022 -0.329786 -0.486093 0.268317 0.200953 -0.095793 0.169800 0.320509 0.451728 -0.066723 0.236243 0.063263 0.307042 -0.223770 -0.280871 0.190450 0.036951 -0.349524 -0.055633 0.023732 0.190015 -0.193907 -0.231776 0.165597 0.273011 -0.353379 -0.208063 0.193069 0.272642 -0.027352 0.171276 -0.394285 -0.069760 -0.477587 -0.276798 -0.005996 -0.360453 -0.502941 -0.499100 -0.147711 -0.529685 0.017186 -0.029793 -0.400741 -0.346995 -0.165503 -0.252784 -0.174626 -0.265669 0.362593 0.198940 -0.219774 0.055511 0.055279 -0.227801 0.056180 0.131154 -0.362603 -0.006751 -0.174136 0.079510 0.182629 0.285386 -0.172894 -0.066523 -0.119447 -0.317070 0.192937 0.026526 0.292501 0.307013 -0.039337 0.205114 0.286227 0.086068 0.117578 -0.150625 0.393144 0.171698 0.187541 0.512458 -0.018656 0.247922 -0.299595 -0.125638 -0.250503 -0.181217 0.126528 -0.171877 -0.212519 -0.254271 -0.216383 0.039417 0.310932 0.216840 0.402953 0.293688 0.287311 0.463249 0.286098 0.284434
0.079606 -0.078016 0.001454 -0.080194 1.000000 0.362733 0.127250 -0.275461 0.711727 0.433937 -0.035681 0.073489 0.078421 -0.148014 0.379220 0.310641 -0.151767 -0.292323 0.181808 0.177740 -0.285375 -0.086678 -0.090527 -0.116727 0.430056 -0.006319 0.144312 -0.152455 0.208253 0.127463 -0.089539 -0.071858 0.008568 0.172630 -0.139264 0.031432 0.224494 -0.026005 0.439594 0.290443 0.202902 0.350843 -0.226556 -0.123105 -0.185067 -0.110169 0.076635 0.240015 -0.253766 -0.252642 -0.169784 -0.087096 -0.130679 0.236127 0.162032 0.122756 -0.223649 -0.197407 -0.392179 -0.397891 0.174615 -0.015380 -0.220118 -0.057836 0.183048 -0.024093 -0.467276 -0.141047 0.086331 -0.061935 -0.016480 -0.107559 0.102222 0.096125 0.193538 0.086469 0.398514 0.239308 -0.144912 -0.254516 -0.055441 -0.232131 0.426066 0.510956 0.134072 0.022140 -0.042667 -0.281022 0.450995 0.353354 0.187829 0.351334 0.121377 0.183362 0.021627 0.081512 0.106694 0.161178 0.044670 0.014702 -0.250543 -0.082019 -0.102085 -0.483248 -0.441000 -0.211371 0.009772 -0.082730 0.361567 0.000715 0.008459 0.047125 -0.150586 -0.031356 0.122302 -0.161382
-0.155541 -0.037180 0.084158 0.159948 0.362733 1.000000 -0.133464 -0.040941 0.158485 0.233385 -0.216818 0.139457 -0.191756 -0.211697 -0.001605 0.242388 -0.006414 -0.376361 -0.061718 -0.262164 -0.104247 0.174773 0.340001 0.403267 0.391836 0.526474 0.400247 0.566602 -0.146764 -0.193788 0.257452 0.006410 -0.401663 -0.369682 -0.115545 0.017129 -0.048178 -0.167730 0.233576 0.498720 -0.151582 0.092284 0.012791 0.199710 -0.121702 0.022262 -0.140113 0.088966 -0.346630 -0.188830 0.068900 -0.057048 -0.231030 -0.008463 0.152505 -0.142581 0.150460 -0.035042 -0.240780 -0.219737 0.134111 -0.094443 -0.070360 -0.024401 0.241749 0.074786 -0.473144 -0.113756 -0.256476 -0.071170 0.317188 0.047498 -0.423344 0.096205 -0.042695 -0.032292 0.043527 -0.100435 -0.085188 -0.116705 -0.096231 -0.207893 0.320232 0.127475 0.380393 0.437384 -0.179475 0.320559 0.459722 0.263408 0.117865 0.015701 0.349198 0.285958 -0.031548 0.360585 0.079005 0.174536 -0.255795 -0.232322 -0.256655 0.080223 -0.005266 -0.283493 -0.428068 -0.348106 -0.330635 0.063945 0.441720 0.142786 0.154987 0.065931 0.034387 0.257304 0.259502 0.205725
-0.201806 -0.398865 0.589341 -0.127748 0.127250 -0.133464 1.000000 0.298718 0.213925 0.000763 -0.347560 -0.101553 0.147224 -0.103170 -0.167192 0.144867 -0.048588 0.037923 0.273875 0.012933 0.167827 0.109107 0.076356 0.129103 -0.257211 -0.002740 -0.133208 -0.154263 0.101611 0.185879 0.317750 0.503981 0.134364 0.304330 0.000294 -0.017043 -0.089841 -0.045016 -0.148765 -0.316249 0.098843 0.071923 0.000931 -0.035144 -0.049219 0.005301 -0.028285 -0.004354 0.048276 -0.113558 -0.100959 -0.214072 -0.055128 0.001328 -0.152872 -0.204273 -0.327078 -0.237522 -0.128235 -0.315077 -0.190324 -0.247425 -0.194837 -0.149528 -0.054442 -0.121372 0.253917 0.216704 -0.035134 -0.075515 -0.003590 0.133771 0.230918 0.065033 0.286175 -0.137206 -0.028366 -0.012428 -0.112005 -0.153708 -0.139225 -0.067806 -0.187974 -0.110744 -0.258890 -0.174283 -0.089422 -0.104875 -0.326896 -0.333313 0.093340 0.232835 0.016429 0.374143 -0.202891 -0.219601 -0.310868 -0.184035 0.120164 -0.169663 -0.064426 0.284624 0.112023 0.103223 -0.057708 0.131575 0.267528 0.128139 -0.027113 -0.233532 -0.089088 0.088713 0.103661 -0.110815 -0.006733 0.080940
-0.315035 -0.177764 0.391514 0.582335 -0.275461 -0.040941 0.298718 1.000000 -0.186363 -0.130574 -0.159299 -0.058482 0.169006 0.217679 -0.038255 0.027432 -0.380200 -0.326795 -0.041215 -0.053575 0.129884 0.209966 0.239562 0.462029 -0.302752 0.322201 -0.040479 0.170563 -0.338870 -0.212036 0.323372 0.290255 -0.108027 0.104936 0.254346 0.380174 -0.210547 -0.149141 0.041131 0.005362 -0.200643 -0.243536 0.155485 0.208154 0.024985 0.288071 -0.331275 0.037044 -0.204696 -0.098155 0.020296 -0.293105 -0.351335 -0.454048 -0.148343 -0.379651 -0.279413 -0.321114 -0.136397 -0.303670 -0.243784 -0.075986 -0.354687 -0.368447 0.108751 0.391873 0.134851 0.370181 -0.051769 -0.204748 -0.030109 0.080883 -0.252232 0.050960 -0.088137 -0.211741 0.034475 0.224149 -0.157390 -0.164039 -0.127928 -0.225804 -0.182174 -0.333988 0.020733 -0.048180 -0.113132 0.148987 -0.047431 -0.192493 0.179065 -0.090979 0.428861 0.266809 -0.112954 0.196153 -0.106086 -0.057952 -0.249588 -0.163640 -0.017325 -0.008412 0.082877 -0.100787 -0.108198 -0.125604 0.064872 -0.044835 -0.007325 -0.043047 0.433251 0.189573 0.251987 0.157695 0.073172 0.117423
0.040734 0.064667 -0.031153 -0.203059 0.711727 0.158485 0.213925 -0.186363 1.000000 0.637483 -0.035010 0.160179 0.350684 0.257918 0.492988 0.485424 -0.286372 -0.096299 0.012879 0.134997 -0.160363 -0.100481 -0.403039 -0.301592 0.263753 -0.043765 0.017525 -0.404710 0.248172 0.298269 -0.168756 0.023735 0.142644 0.291072 -0.069177 0.038316 0.212045 -0.022034 0.287610 -0.007851 0.353317 0.347258 -0.327583 -0.289817 -0.226652 -0.182516 0.025481 0.048477 -0.179060 -0.261215 -0.392263 -0.184160 -0.029522 0.347548 -0.095575 0.177269 -0.445829 -0.310718 -0.089173 -0.329660 0.258206 0.212532 -0.212945 0.014392 -0.045028 0.077926 -0.388970 -0.066608 0.070059 0.013042 -0.084330 -0.019955 0.188160 0.022229 0.081371 0.035095 0.294274 0.122003 -0.041079 -0.190459 0.008763 -0.075379 0.103703 0.482819 -0.029091 -0.180713 -0.045926 -0.374544 0.199075 0.184551 0.306736 0.196725 0.192349 0.024329 -0.059259 -0.064625 0.001975 0.020727 0.079674 -0.167428 0.059177 -0.149929 -0.187449 -0.241988 -0.064075 0.087034 0.106822 -0.200172 0.120752 -0.040053 -0.109635 -0.138742 -0.312009 -0.280126 -0.090632 -0.397774
0.066632 0.125686 -0.100698 -0.095540 0.433937 0.233385 0.000763 -0.130574 0.637483 1.000000 0.102663 0.454749 0.319271 0.280914 0.347013 0.450552 -0.296832 -0.173449 -0.071902 0.007988 0.157794 0.080096 -0.222779 -0.127508 0.344571 -0.058331 0.024514 -0.227083 0.149673 0.166017 0.032508 0.090151 0.035404 0.017640 -0.065216 -0.101901 0.169269 -0.005492 0.350916 -0.047507 0.200312 0.294318 -0.329522 -0.329325 -0.374020 -0.221149 -0.035589 -0.177598 -0.247275 -0.292932 -0.339635 -0.170394 0.120543 0.342217 -0.170916 0.181107 -0.300075 -0.091557 -0.087341 -0.285927 0.192759 0.196249 -0.261820 -0.108171 0.011905 0.082590 -0.371853 -0.170071 0.041090 -0.002401 0.045001 -0.009446 -0.021847 0.169105 -0.064945 0.194579 0.228972 0.047201 -0.105388 -0.135439 -0.119235 -0.126855 0.178901 0.461378 0.131847 0.076687 0.222186 -0.166199 0.203970 0.334973 0.434827 0.050543 0.436460 -0.099066 -0.206344 -0.164457 -0.144763 -0.073460 0.006089 -0.194105 0.270453 -0.202115 -0.244469 -0.247424 0.056086 0.123679 0.145992 -0.091327 0.008559 -0.182828 -0.171897 -0.138186 -0.302977 -0.239463 -0.064471 -0.349640
0.690069 0.555078 -0.261031 -0.107663 -0.035681 -0.216818 -0.347560 -0.159299 -0.035010 0.102663 1.000000 0.479268 0.362912 0.285906 0.236704 -0.122501 0.053636 0.191241 -0.084659 0.018978 -0.289951 -0.047556 -0.103373 -0.269320 0.090927 -0.240384 0.053166 -0.236927 0.214055 -0.027973 -0.388543 -0.277436 -0.065128 -0.239694 0.067811 0.006239 0.187979 0.274072 0.086986 -0.000904 -0.001919 0.097492 -0.108400 -0.109549 -0.023464 -0.117119 0.198612 -0.191820 0.152397 0.067691 -0.142630 0.137439 0.176405 -0.005643 0.370014 0.429241 0.007077 0.224456 0.276222 0.174535 0.228551 0.276032 -0.239823 -0.007246 0.156758 0.085495 -0.074027 -0.142905 -0.043731 0.045560 0.035652 -0.089691 -0.001276 0.007583 0.074663 0.141463 0.221351 0.072027 -0.202843 -0.201607 -0.123354 -0.016149 0.171025 0.118244 0.242851 0.095908 0.044364 0.048335 0.230107 0.372062 -0.135856 -0.201310 -0.203693 -0.255608 -0.234576 -0.338758 0.089316 -0.293954 -0.033845 -0.022492 -0.124443 -0.237634 -0.434164 -0.072748 0.086888 -0.202577 -0.226222 -0.065388 -0.258960 -0.107835 -0.178203 -0.358416 -0.418286 -0.298691 -0.402301 -0.425798
0.517043 0.599559 -0.197838 0.047444 0.073489 0.139457 -0.101553 -0.058482 0.160179 0.454749 0.479268 1.000000 0.267518 0.292392 0.009367 0.157158 0.008182 0.191348 0.069719 0.207458 -0.270526 0.080325 0.021369 -0.022001 -0.002756 -0.348930 -0.172527 -0.211287 0.248739 0.135546 -0.073650 0.007301 -0.052046 -0.138357 -0.073259 -0.133854 0.140391 0.060544 0.149566 0.121815 0.009737 0.246603 -0.294568 -0.250166 -0.326194 -0.243012 -0.115916 -0.482116 -0.208535 -0.334874 -0.326140 -0.124117 0.006804 0.024416 0.002507 0.077314 0.128731 0.220334 -0.013641 -0.202610 0.187526 0.201221 -0.225525 -0.066363 0.230966 0.051726 -0.332873 -0.290659 0.084757 0.050655 0.103305 0.194427 -0.030666 0.239269 0.055551 0.316634 0.296721 0.034356 -0.069091 -0.098650 -0.089679 -0.001437 0.186806 0.350261 0.191123 0.330884 -0.111417 0.101963 0.166400 0.274265 -0.005433 -0.183782 0.079842 -0.147534 -0.287711 -0.091914 -0.140755 -0.087317 -0.133527 -0.239485 -0.103700 -0.218014 -0.407285 -0.114265 0.056130 -0.073794 -0.210530 -0.176161 -0.099197 -0.071542 -0.372312 -0.171804 -0.176904 -0.076425 -0.199280 -0.170078
0.121867 0.188369 0.162502 -0.177813 0.078421 -0.191756 0.147224 0.169006 0.350684 0.319271 0.362912 0.267518 1.000000 0.702489 0.566802 0.266929 -0.178245 0.000948 -0.241313 -0.138836 0.080450 -0.000159 -0.278027 -0.271270 -0.140978 -0.056939 -0.281928 -0.422282 -0.030996 0.120507 0.024070 0.091844 0.049894 0.119088 -0.020677 0.103080 -0.102063 0.153768 -0.086946 -0.264254 -0.042408 0.073423 -0.023700 -0.097715 -0.034028 -0.043810 0.069654 -0.083953 0.109497 0.044184 -0.224502 -0.064760 0.276457 0.164025 -0.021265 0.262231 -0.360727 -0.220948 0.465393 -0.044189 0.311763 0.420329 -0.492950 -0.267126 -0.239790 0.372226 -0.086801 -0.080586 -0.058863 -0.002273 0.123870 0.124961 0.064958 0.137752 0.023240 0.158848 0.065941 0.138566 -0.055675 -0.170625 -0.145583 -0.061180 -0.292791 -0.088286 -0.310652 -0.420056 -0.050347 -0.236959 -0.202958 0.025333 0.189576 0.056530 0.154827 -0.199465 -0.168003 -0.252156 0.038734 -0.147971 0.010690 -0.206408 0.278070 -0.129211 -0.182054 -0.109622 0.174333 0.147126 0.164052 0.009103 -0.238066 -0.101231 0.010130 -0.236283 -0.313845 -0.332661 -0.304182 -0.444784
0.087766 0.306326 -0.137740 -0.108002 -0.148014 -0.211697 -0.103170 0.217679 0.257918 0.280914 0.285906 0.292392 0.702489 1.000000 0.366518 0.484719 -0.123107 0.160490 -0.436008 -0.075615 0.038578 -0.117267 -0.420356 -0.306521 -0.306471 -0.130791 -0.314265 -0.388136 0.066457 0.277484 -0.058710 -0.027404 0.141366 0.117957 -0.136079 0.130053 -0.085765 0.060244 -0.134387 -0.048540 0.054947 0.006018 -0.194336 -0.233589 -0.008979 -0.097316 -0.017580 -0.229462 0.048566 0.013149 -0.374033 -0.107815 0.220439 -0.010152 -0.064742 0.163451 -0.112647 -0.179908 0.477112 0.138020 0.348570 0.708258 -0.148282 0.025060 -0.284035 0.489313 -0.104814 -0.106060 -0.000001 0.187284 0.046572 0.048119 0.170222 0.072315 -0.132895 0.219983 -0.062367 -0.013668 0.153661 -0.028310 0.125794 0.114411 -0.274492 0.075985 -0.278603 -0.283346 -0.177480 -0.214666 -0.259708 0.032776 0.122787 -0.228734 0.240707 -0.282203 -0.202063 -0.111838 -0.044495 -0.045203 -0.035017 -0.080014 0.409741 -0.134816 -0.211434 -0.076648 0.075831 0.076882 -0.045551 -0.191271 -0.196475 -0.083448 -0.134050 -0.245357 -0.263110 -0.211348 -0.253434 -0.393740
0.046477 0.122854 0.123003 0.034892 0.379220 -0.001605 -0.167192 -0.038255 0.492988 0.347013 0.236704 0.009367 0.566802 0.366518 1.000000 0.304046 -0.295595 -0.321762 -0.004825 -0.019972 0.035308 -0.095524 -0.151868 -0.100498 0.191560 0.053007 -0.025504 -0.190388 0.015910 -0.049179 -0.064841 -0.050281 -0.065594 0.128786 -0.003117 0.196290 0.045844 0.053771 0.264683 -0.069400 -0.002398 -0.007834 -0.059716 -0.063902 -0.047616 -0.102325 -0.020430 0.138260 -0.010003 -0.066962 -0.079376 -0.158246 0.076739 0.074449 0.062482 0.109181 -0.327624 -0.087494 0.113446 -0.137169 0.257888 0.142212 -0.456251 -0.348926 -0.116651 0.171309 -0.281403 -0.077582 0.060612 -0.033370 0.109305 0.117520 -0.034330 -0.029018 -0.056958 0.144249 0.187722 0.208651 -0.223032 -0.231904 -0.209833 -0.248750 0.110918 0.117136 -0.005246 -0.352142 0.211909 -0.323290 0.201128 0.185938 0.259074 0.140241 0.261192 -0.028714 0.214762 -0.091058 0.143485 0.064607 -0.146959 -0.108038 0.119306 -0.141264 -0.064058 -0.239967 -0.027439 0.010125 0.182712 0.096396 0.040582 -0.110051 0.327449 -0.145005 -0.295998 -0.021581 0.059594 -0.262989
-0.138294 -0.188512 -0.174486 -0.034022 0.310641 0.242388 0.144867 0.027432 0.485424 0.450552 -0.122501 0.157158 0.266929 0.484719 0.304046 1.000000 -0.052489 -0.082110 -0.273229 0.034932 0.107466 0.064506 -0.304928 -0.186032 -0.114921 0.051395 -0.084734 -0.066749 0.397316 0.422029 0.128546 0.094068 -0.047964 0.093658 -0.388101 -0.052618 0.081668 -0.040154 0.161893 0.243713 0.081342 0.199542 -0.100825 -0.084203 0.068690 -0.090596 0.105554 0.019621 -0.056433 -0.092945 -0.244840 -0.065563 0.030844 0.103440 0.014027 -0.012624 -0.083554 -0.328496 -0.058147 -0.234702 0.177298 0.111658 -0.006749 -0.049434 -0.091494 0.050021 -0.377880 -0.163657 -0.039262 0.076338 0.102993 0.100072 0.323855 0.312973 0.209145 0.262818 0.154678 -0.042698 0.069920 -0.183943 0.067316 -0.104831 0.211450 0.442115 -0.112014 -0.024505 -0.231202 0.009261 -0.077296 -0.040854 0.232134 0.068566 0.367386 0.145583 -0.138642 0.096829 -0.066136 0.152516 0.206703 0.139650 0.192218 0.178686 0.195336 -0.189477 -0.393876 -0.172583 -0.131941 -0.049897 0.237941 -0.093073 -0.170757 0.164881 0.092200 0.052696 0.144860 -0.096204
0.167055 -0.029976 -0.182542 -0.329786 -0.151767 -0.006414 -0.048588 -0.380200 -0.286372 -0.296832 0.053636 0.008182 -0.178245 -0.123107 -0.295595 -0.052489 1.000000 0.405943 -0.030085 0.134171 -0.106490 -0.108627 -0.024404 -0.183952 -0.191327 -0.284007 -0.070431 -0.005230 0.224849 0.151862 -0.098462 -0.074324 0.226835 -0.021176 -0.314937 -0.369556 0.036365 -0.005878 -0.231017 0.007572 -0.005764 0.048137 -0.114285 -0.027033 0.083400 -0.161378 0.296555 -0.026722 0.208114 0.124090 -0.123766 0.151082 0.237388 0.072079 0.267523 0.225041 0.667532 0.454169 0.168040 0.336185 0.021845 -0.041688 0.483869 0.268579 -0.194350 -0.334610 0.170950 -0.229023 0.065470 0.354928 0.097244 -0.092766 0.257839 0.013236 0.148227 0.121348 -0.223806 -0.306741 0.359323 0.275470 0.333039 0.407758 -0.029833 -0.029784 -0.218447 0.070834 -0.177472 0.080630 -0.175277 -0.093193 -0.229796 -0.182832 -0.410401 -0.183845 -0.088536 -0.124186 -0.103774 0.019337 0.138884 0.158646 -0.070796 0.193884 0.028619 0.002354 0.005329 -0.002485 -0.038842 0.071572 -0.196439 -0.012221 -0.458690 -0.026972 0.038490 -0.118767 -0.129579 0.009335
0.214319 0.249613 -0.274624 -0.486093 -0.292323 -0.376361 0.037923 -0.326795 -0.096299 -0.173449 0.191241 0.191348 0.000948 0.160490 -0.321762 -0.082110 0.405943 1.000000 -0.228324 0.016595 0.043636 -0.269698 -0.298705 -0.448063 -0.260730 -0.465231 -0.251917 -0.373617 0.346805 0.491875 -0.154799 -0.103146 0.402222 0.141952 -0.168749 -0.382972 0.183765 0.110501 -0.314643 -0.288739 0.414821 0.119950 -0.235962 -0.387548 -0.071207 -0.352790 0.257337 -0.292787 0.257482 0.003818 -0.194473 0.145206 0.411206 0.342571 0.030612 0.349024 0.238140 0.292109 0.222298 0.360403 0.108719 0.276444 0.486101 0.510829 -0.342437 -0.346156 0.206973 -0.187225 0.139173 0.348612 -0.135250 -0.035645 0.521402 0.127299 0.207636 0.000631 -0.203077 -0.361678 0.367724 0.314725 0.279071 0.584599 -0.363276 0.013790 -0.299677 -0.189186 -0.279391 -0.151885 -0.401216 -0.234565 -0.355209 -0.238563 -0.573515 -0.213468 -0.027564 -0.220708 -0.051687 -0.046623 0.286599 0.212710 0.139866 0.138744 -0.137781 0.391093 0.461846 0.393895 -0.046342 -0.182058 -0.207306 0.032018 -0.557726 -0.300664 -0.178996 -0.272772 -0.324634 -0.183337
0.160426 0.030453 0.389246 0.268317 0.181808 -0.061718 0.273875 -0.041215 0.012879 -0.071902 -0.084659 0.069719 -0.241313 -0.436008 -0.004825 -0.273229 -0.030085 -0.228324 1.000000 0.548279 -0.254050 -0.125292 0.243819 0.263425 0.111002 -0.190481 0.024908 -0.006708 0.157726 -0.097299 0.135916 0.131046 -0.059361 0.099551 0.024879 -0.173702 0.000287 -0.063960 0.082198 0.027958 -0.229038 0.154336 -0.161836 -0.126495 -0.316586 -0.306583 -0.291853 -0.197567 -0.178656 -0.356236 -0.004043 -0.216531 -0.179225 -0.064546 -0.057125 -0.334215 0.032996 0.196193 -0.470042 -0.412384 -0.277502 -0.480588 -0.235604 -0.229608 0.255881 -0.258688 -0.070287 -0.128943 0.317485 -0.108967 0.000385 0.083727 -0.028722 -0.154155 0.219557 0.186973 0.241381 0.245271 -0.256806 -0.097550 -0.208370 -0.167719 0.303262 0.114711 0.236769 0.153901 0.260092 -0.147368 0.252813 0.096889 0.189746 0.347173 0.005283 0.361879 0.186961 0.077545 -0.108095 0.064946 -0.151165 -0.152410 -0.272114 0.029458 -0.053545 0.062897 -0.027711 0.038833 0.158472 0.086869 0.186420 -0.140728 0.030413 0.071194 0.013005 0.141761 0.142044 0.320740
0.246542 0.148441 -0.186420 0.200953 0.177740 -0.262164 0.012933 -0.053575 0.134997 0.007988 0.018978 0.207458 -0.138836 -0.075615 -0.019972 0.034932 0.134171 0.016595 0.548279 1.000000 -0.471589 -0.223968 -0.275496 -0.218906 -0.173164 -0.554445 -0.270620 -0.408969 0.309212 0.340284 -0.137852 -0.095708 0.395308 0.501834 -0.117552 -0.134200 0.152285 0.054407 0.105147 0.206561 -0.027390 0.387072 -0.305364 -0.318102 -0.225142 -0.305819 -0.098397 -0.234427 -0.222656 -0.419868 -0.385898 -0.264144 -0.151381 -0.032340 -0.030829 -0.111926 0.224654 0.151593 -0.285151 -0.324754 -0.277220 -0.215022 0.066741 0.017947 -0.023500 -0.210382 -0.068417 -0.174085 0.605783 0.265213 -0.149347 0.025374 0.363733 0.114360 0.250180 0.376759 0.307112 0.386193 0.256492 0.046735 0.411683 0.240766 0.279901 0.412003 -0.024488 -0.034758 -0.069918 -0.371905 0.147602 0.043236 0.160872 0.175157 -0.138159 0.028684 0.063113 0.150500 -0.084805 0.155964 0.081262 0.144871 -0.144035 -0.072073 -0.057010 0.009339 0.016930 -0.017314 -0.018192 -0.414491 0.127573 -0.076567 -0.273313 0.051986 0.017485 -0.069323 -0.032081 0.031848
-0.396064 -0.446112 0.292431 -0.095793 -0.285375 -0.104247 0.167827 0.129884 -0.160363 0.157794 -0.289951 -0.270526 0.080450 0.038578 0.035308 0.107466 -0.106490 0.043636 -0.254050 -0.471589 1.000000 0.318074 0.102616 0.120743 0.018363 0.270609 0.034856 0.157961 -0.098713 -0.019484 0.498130 0.467501 -0.067329 0.043468 -0.026321 0.011761 -0.091138 -0.245211 -0.049712 -0.501925 0.097803 -0.369631 0.198136 0.099975 0.078386 0.139272 -0.077427 -0.023375 0.072822 0.121182 0.106267 -0.092721 0.158592 0.095311 -0.382849 -0.134136 -0.183655 -0.063259 0.042264 0.010967 -0.000971 -0.116012 -0.053141 -0.192416 -0.072033 -0.022300 0.195992 0.018874 -0.142138 -0.040780 0.135043 0.243333 -0.007047 0.039400 -0.029843 -0.003085 -0.253252 -0.249847 0.116016 0.142056 -0.185912 0.018506 -0.311094 -0.307805 -0.273442 -0.172773 0.283485 0.150350 -0.419728 -0.343792 -0.092402 -0.107487 0.158055 -0.027263 0.255175 0.018029 -0.106131 0.105087 -0.139786 0.071965 0.313154 0.181039 0.342073 0.102988 0.222758 0.386456 0.427786 0.375869 0.012343 0.175082 0.229180 0.216456 0.184391 0.175819 0.284621 0.148945
-0.151951 -0.217591 0.241013 0.169800 -0.086678 0.174773 0.109107 0.209966 -0.100481 0.080096 -0.047556 0.080325 -0.000159 -0.117267 -0.095524 0.064506 -0.108627 -0.269698 -0.125292 -0.223968 0.318074 1.000000 0.251895 0.243272 0.132610 0.395725 0.195179 0.272438 -0.155617 -0.148062 0.157945 0.316804 -0.185081 -0.046711 0.142103 0.326701 -0.163954 -0.139958 0.161654 0.029636 0.012990 -0.025656 0.143389 0.238973 0.079144 0.295032 -0.012494 0.021001 -0.099201 -0.166895 0.028558 -0.211098 -0.143390 -0.183390 -0.197726 -0.129035 -0.078631 0.029201 0.019465 -0.254722 0.120503 -0.207800 -0.280981 -0.152764 0.249816 0.061018 -0.012142 0.128974 -0.147125 -0.150961 0.171429 0.112791 -0.156569 -0.067122 -0.212983 0.045458 0.002980 0.017373 -0.072387 0.083566 -0.143474 -0.086396 -0.053791 -0.109008 -0.053146 0.088138 0.049188 0.288024 -0.026544 -0.131728 -0.248603 -0.236784 0.134013 -0.015278 -0.093106 0.138677 0.105501 -0.074011 -0.143858 0.064182 -0.194354 -0.030751 0.017493 -0.084903 -0.085819 -0.105711 -0.049158 0.108843 0.089962 0.210707 0.242654 0.261455 0.288179 0.160039 0.099435 0.157127
-0.099877 -0.090355 0.477812 0.320509 -0.090527 0.340001 0.076356 0.239562 -0.403039 -0.222779 -0.103373 0.021369 -0.278027 -0.420356 -0.151868 -0.304928 -0.024404 -0.298705 0.243819 -0.275496 0.102616 0.251895 1.000000 0.776839 0.095215 0.285462 0.082221 0.578621 -0.121916 -0.314757 0.531427 0.383571 -0.451857 -0.377540 0.074138 0.011759 -0.209871 -0.121078 -0.029519 -0.012065 -0.323822 -0.262006 0.089703 0.116295 -0.190548 0.000080 -0.354370 -0.048649 -0.171797 -0.113924 0.235163 -0.060793 -0.205425 -0.275386 -0.037520 -0.363175 0.062580 0.177294 -0.371899 -0.124028 -0.236020 -0.373105 -0.309092 -0.261190 0.320242 -0.071999 -0.041855 0.059108 -0.230730 -0.235844 0.343124 0.349210 -0.391148 0.043722 -0.017811 -0.017463 -0.014716 0.013627 -0.276229 -0.128808 -0.484917 -0.338393 0.118102 -0.196119 0.435697 0.472505 0.101692 0.437549 0.245523 0.154054 -0.034899 0.043727 0.206464 0.290771 0.065848 0.150485 -0.225928 0.007688 -0.407674 -0.256462 -0.172984 -0.092508 0.216065 -0.077536 -0.193715 -0.085595 -0.017268 0.368691 0.167141 0.042763 0.263926 0.043503 0.184683 0.452238 0.314776 0.495812
-0.256104 -0.152456 0.595468 0.451728 -0.116727 0.403267 0.129103 0.462029 -0.301592 -0.127508 -0.269320 -0.022001 -0.271270 -0.306521 -0.100498 -0.186032 -0.183952 -0.448063 0.263425 -0.218906 0.120743 0.243272 0.776839 1.000000 0.033802 0.423675 0.109863 0.553300 -0.320813 -0.390746 0.509659 0.420319 -0.348652 -0.215865 0.249028 0.284991 -0.142909 -0.164413 0.030913 0.061234 -0.282621 -0.202237 0.050050 0.177704 -0.169765 0.081562 -0.416865 0.038528 -0.267213 -0.211528 0.208115 -0.241444 -0.264590 -0.390225 -0.119591 -0.493102 -0.072631 0.011003 -0.345137 -0.282323 -0.226231 -0.329030 -0.319440 -0.307551 0.275325 0.093522 -0.041048 0.261816 -0.226152 -0.206041 0.210944 0.215747 -0.476184 -0.055775 -0.084187 -0.091821 -0.063676 0.022158 -0.315053 -0.218344 -0.369968 -0.344469 0.132781 -0.229859 0.401138 0.302383 0.122095 0.280171 0.232586 0.084570 0.181461 0.074790 0.506603 0.441102 0.027276 0.167122 -0.265089 -0.082714 -0.411815 -0.341820 -0.208773 -0.057627 0.088746 -0.102131 -0.237344 -0.182916 -0.076237 0.165080 0.251691 -0.065331 0.468832 0.026090 0.142124 0.409737 0.253142 0.391750
-0.000329 0.042643 0.059460 -0.066723 0.430056 0.391836 -0.257211 -0.302752 0.263753 0.344571 0.090927 -0.002756 -0.140978 -0.306471 0.191560 -0.114921 -0.191327 -0.260730 0.111002 -0.173164 0.018363 0.132610 0.095215 0.033802 1.000000 0.439941 0.688414 0.287362 -0.085881 -0.240350 -0.003693 -0.120433 -0.156081 -0.188306 0.091833 -0.089686 0.162067 -0.130962 0.356434 0.162862 0.007391 0.084025 -0.087995 0.041409 -0.147153 -0.046922 -0.017875 0.119559 -0.138037 -0.083891 0.173050 -0.011800 -0.096613 0.197682 0.123835 0.175593 -0.076256 0.063612 -0.215721 -0.118569 0.014147 -0.141418 -0.136457 -0.033086 0.150384 -0.133354 -0.238671 -0.174900 -0.003810 -0.023698 0.045420 -0.228362 -0.287244 -0.140522 -0.097664 -0.093001 0.170290 -0.032274 -0.205785 -0.000539 -0.092956 -0.103774 0.290905 0.091538 0.302294 0.141148 0.299013 0.089717 0.372763 0.193054 0.046605 0.132501 0.092060 0.182737 0.116494 0.024578 0.233833 0.011662 -0.200424 -0.064038 -0.116026 -0.044744 -0.163245 -0.147173 -0.036907 -0.057799 0.038768 0.090441 0.162843 0.012744 0.175894 -0.053123 -0.288734 -0.069342 0.066616 -0.113040
-0.404330 -0.228173 0.371701 0.236243 -0.006319 0.526474 -0.002740 0.322201 -0.043765 -0.058331 -0.240384 -0.348930 -0.056939 -0.130791 0.053007 0.051395 -0.284007 -0.465231 -0.190481 -0.554445 0.270609 0.395725 0.285462 0.423675 0.439941 1.000000 0.613448 0.661394 -0.439013 -0.394372 0.281640 0.122195 -0.377516 -0.272326 0.099791 0.222589 -0.257531 -0.220612 0.087641 0.177456 -0.284068 -0.264167 0.314249 0.410251 0.136055 0.255384 -0.098243 0.330573 -0.014976 0.102959 0.365671 0.008317 -0.212523 -0.136346 0.121729 -0.120008 -0.182824 -0.242404 -0.114326 -0.143889 -0.007236 -0.165362 -0.170326 -0.176356 0.141826 0.166217 -0.059919 0.056179 -0.247279 -0.162771 0.242678 -0.066885 -0.472166 -0.128408 -0.258232 -0.250834 -0.060109 -0.022235 -0.217101 0.040066 -0.208749 -0.283589 -0.021529 -0.372752 0.135883 0.077264 -0.001766 0.433701 0.155457 -0.009110 0.079898 0.015598 0.380096 0.403391 0.088284 0.259870 0.267642 0.102317 -0.241666 -0.103073 -0.116018 0.066764 0.130948 -0.147646 -0.273433 -0.258064 -0.119637 0.208878 0.255380 0.237544 0.555840 0.226933 0.148602 0.217516 0.157676 0.198798
-0.068581 -0.130109 0.071770 0.063263 0.144312 0.400247 -0.133208 -0.040479 0.017525 0.024514 0.053166 -0.172527 -0.281928 -0.314265 -0.025504 -0.084734 -0.070431 -0.251917 0.024908 -0.270620 0.034856 0.195179 0.082221 0.109863 0.688414 0.613448 1.000000 0.545940 -0.132449 -0.352128 -0.020210 -0.140352 -0.292975 -0.330670 0.021675 -0.045006 0.140182 -0.179859 0.208030 0.173554 -0.054793 -0.176951 0.164927 0.321392 0.144746 0.129923 0.061452 0.255321 0.005832 0.076930 0.324778 0.009233 -0.266758 -0.121526 0.265382 0.032482 -0.000014 0.041963 -0.187303 -0.113789 -0.212841 -0.279379 0.016653 -0.106000 0.207697 -0.069567 -0.073190 -0.019000 -0.096029 0.003092 -0.019830 -0.232747 -0.259236 -0.234602 -0.133003 -0.283572 0.019209 -0.112786 -0.149757 -0.037908 0.027105 -0.092595 0.303784 -0.174788 0.307822 0.203024 0.320118 0.380832 0.317255 0.020737 -0.023898 -0.008753 0.124679 0.359772 0.095719 0.027282 0.230806 0.019103 -0.155974 0.000520 -0.236521 0.198666 -0.054545 -0.014090 -0.214749 -0.212245 -0.070610 0.168843 0.148946 0.028462 0.273694 0.138776 -0.087624 0.063602 0.115109 0.079182
-0.320730 -0.269631 0.164634 0.307042 -0.152455 0.566602 -0.154263 0.170563 -0.404710 -0.227083 -0.236927 -0.211287 -0.422282 -0.388136 -0.190388 -0.066749 -0.005230 -0.373617 -0.006708 -0.408969 0.157961 0.272438 0.578621 0.553300 0.287362 0.661394 0.545940 1.000000 -0.249095 -0.518832 0.400704 0.048817 -0.610480 -0.601776 -0.051113 -0.007752 -0.234742 -0.193102 0.072024 0.312487 -0.361213 -0.368429 0.434651 0.454351 0.131810 0.223309 -0.157468 0.137958 -0.073227 0.116758 0.470024 0.106889 -0.252040 -0.286592 0.152209 -0.338886 0.184666 0.000615 -0.259030 -0.083613 -0.197605 -0.432353 0.003685 -0.243591 0.309550 -0.007622 -0.087910 0.061024 -0.281442 -0.245731 0.281278 0.062132 -0.460474 -0.082864 -0.187248 -0.215344 -0.195656 -0.240322 -0.229666 0.037566 -0.248179 -0.318035 0.281006 -0.353787 0.433010 0.506552 0.206243 0.677534 0.232427 0.035327 -0.027557 -0.005720 0.326117 0.386233 0.150748 0.341500 0.105060 0.155129 -0.278929 -0.004372 -0.104012 0.149661 0.306411 0.016747 -0.336839 -0.257208 -0.113158 0.438949 0.295186 0.210952 0.337504 0.361865 0.379203 0.551974 0.390534 0.528664
0.313728 0.015761 -0.341728 -0.223770 0.208253 -0.146764 0.101611 -0.338870 0.248172 0.149673 0.214055 0.248739 -0.030996 0.066457 0.015910 0.397316 0.224849 0.346805 0.157726 0.309212 -0.098713 -0.155617 -0.121916 -0.320813 -0.085881 -0.439013 -0.132449 -0.249095 1.000000 0.593824 -0.025905 0.095642 0.088161 0.133880 -0.328259 -0.351995 0.280558 0.020078 0.046490 -0.013694 0.395327 0.218048 -0.294181 -0.266406 -0.154127 -0.329565 0.040239 -0.288743 -0.127157 -0.199832 -0.421434 -0.071945 -0.027042 0.202694 -0.098164 0.059408 0.123642 -0.013386 -0.254611 -0.142780 0.007440 -0.144292 0.216853 0.193646 0.167336 -0.259457 -0.250147 -0.278404 0.120706 0.034026 -0.216341 0.029360 0.694719 0.220077 0.435220 0.279095 0.321034 -0.048874 0.141214 -0.017871 0.096669 0.181748 0.419047 0.639494 0.196661 0.178315 -0.124680 0.005457 0.097079 -0.016341 -0.146111 -0.020619 -0.243324 -0.076435 -0.127344 -0.153640 -0.297963 -0.001094 0.100660 0.108665 -0.066705 -0.051596 0.034702 0.011216 -0.103036 0.077763 -0.115574 -0.091754 0.118480 -0.128909 -0.521977 -0.095171 -0.157034 -0.120133 -0.019412 -0.088024
0.028027 0.064658 -0.192119 -0.280871 0.127463 -0.193788 0.185879 -0.212036 0.298269 0.166017 -0.027973 0.135546 0.120507 0.277484 -0.049179 0.422029 0.151862 0.491875 -0.097299 0.340284 -0.019484 -0.148062 -0.314757 -0.390746 -0.240350 -0.394372 -0.352128 -0.518832 0.593824 1.000000 0.110632 0.263372 0.510318 0.524430 -0.308357 -0.261415 0.251226 0.127443 -0.175283 -0.142179 0.480795 0.365071 -0.458992 -0.491858 -0.288978 -0.459223 0.134168 -0.194542 -0.129221 -0.366853 -0.564021 -0.197247 0.185599 0.276502 -0.126673 0.201606 0.066316 -0.022139 -0.076290 -0.054242 0.021739 0.183635 0.257113 0.412707 -0.279623 -0.205597 -0.117891 -0.275999 0.348229 0.375347 -0.089375 0.123573 0.832692 0.293573 0.438210 0.291038 0.220639 0.019081 0.442335 0.120054 0.395521 0.463524 -0.065903 0.489781 -0.231781 -0.284483 -0.348887 -0.288705 -0.176607 -0.147639 -0.064156 -0.001639 -0.266556 -0.146925 -0.081156 -0.133766 -0.162902 0.079442 0.235675 0.141317 0.156202 -0.046085 0.086661 0.169884 0.151962 0.197979 -0.157245 -0.358631 0.100333 -0.109537 -0.456004 -0.287444 -0.245669 -0.337534 -0.197208 -0.253755
-0.433590 -0.319500 0.554681 0.190450 -0.089539 0.257452 0.317750 0.323372 -0.168756 0.032508 -0.388543 -0.073650 0.024070 -0.058710 -0.064841 0.128546 -0.098462 -0.154799 0.135916 -0.137852 0.498130 0.157945 0.531427 0.509659 -0.003693 0.281640 -0.020210 0.400704 -0.025905 0.110632 1.000000 0.655893 -0.214282 0.028438 -0.085293 -0.054754 -0.202118 -0.171449 -0.165073 -0.139543 -0.124271 -0.185155 0.018210 -0.035269 -0.251096 -0.086326 -0.454996 -0.224650 -0.355408 -0.284477 -0.094898 -0.351331 -0.173569 -0.163312 -0.318185 -0.442834 -0.057026 -0.062368 -0.279075 -0.270557 -0.258052 -0.283803 -0.250910 -0.260179 0.087981 0.052523 -0.028060 -0.002689 0.020443 0.019431 0.280113 0.467003 -0.030580 0.186879 0.136156 0.091824 -0.166814 -0.115066 0.052629 0.021552 -0.153587 -0.089338 -0.020182 -0.155073 0.101375 0.126152 0.123134 0.231500 -0.129307 -0.184448 0.117632 0.086224 0.339252 0.306981 0.137987 0.237034 -0.302446 0.117881 -0.406113 -0.237488 0.185191 0.030272 0.445814 0.094435 -0.015529 0.202797 0.154856 0.215854 0.357899 0.058533 0.191185 0.112672 0.198235 0.362333 0.284420 0.418859
-0.331605 -0.322728 0.569349 0.036951 -0.071858 0.006410 0.503981 0.290255 0.023735 0.090151 -0.277436 0.007301 0.091844 -0.027404 -0.050281 0.094068 -0.074324 -0.103146 0.131046 -0.095708 0.467501 0.316804 0.383571 0.420319 -0.120433 0.122195 -0.140352 0.048817 0.095642 0.263372 0.655893 1.000000 -0.004710 0.258533 -0.063968 0.030298 -0.111334 -0.125735 -0.181471 -0.424176 0.104012 -0.010227 -0.006341 -0.008644 -0.263995 -0.088784 -0.222242 -0.109062 -0.206168 -0.259825 -0.302793 -0.343932 -0.094097 -0.100279 -0.409908 -0.216929 -0.274214 -0.167399 -0.158635 -0.233500 -0.167265 -0.191862 -0.281729 -0.278258 0.090474 -0.022336 0.095932 0.108603 0.020524 -0.008424 0.086221 0.476863 0.144024 0.060644 0.261470 0.130861 0.079617 0.001671 -0.042438 -0.179343 -0.208641 -0.097390 -0.205065 -0.092697 -0.064998 -0.051371 0.095507 0.112912 -0.152696 -0.159332 0.019025 0.001078 0.124798 0.002965 -0.091674 -0.073848 -0.313457 -0.089581 -0.236796 -0.270601 0.039309 -0.032319 0.269013 0.141780 0.154210 0.188848 0.303101 0.204688 0.119463 -0.058831 0.100631 -0.024398 -0.019115 -0.002028 0.005089 0.102792
0.018096 0.062774 -0.015403 -0.349524 0.008568 -0.401663 0.134364 -0.108027 0.142644 0.035404 -0.065128 -0.052046 0.049894 0.141366 -0.065594 -0.047964 0.226835 0.402222 -0.059361 0.395308 -0.067329 -0.185081 -0.451857 -0.348652 -0.156081 -0.377516 -0.292975 -0.610480 0.088161 0.510318 -0.214282 -0.004710 1.000000 0.742351 0.002214 -0.062859 0.166218 0.021860 -0.209390 -0.243970 0.349069 0.158055 -0.487062 -0.505045 -0.333767 -0.380674 0.177774 0.002765 0.081176 -0.270585 -0.382910 -0.140703 0.297040 0.326959 0.039828 0.307575 0.071613 0.257686 0.064347 0.111147 -0.148257 0.182686 0.244112 0.300688 -0.534760 -0.160266 0.390454 -0.051017 0.612695 0.649725 -0.209778 -0.240237 0.537536 -0.047017 0.189022 -0.053639 0.040109 0.073345 0.508070 0.376769 0.599898 0.687065 -0.329439 0.120308 -0.467853 -0.536818 -0.182854 -0.515857 -0.327183 -0.165445 -0.088670 -0.007585 -0.357612 -0.142825 -0.128960 -0.321634 -0.112819 -0.030918 0.226008 0.173967 0.016721 -0.103504 -0.277598 0.045635 0.315437 0.241140 0.127086 -0.457478 -0.268883 -0.182101 -0.259088 -0.202888 -0.222931 -0.465762 -0.336931 -0.340801
-0.106703 -0.141008 0.145118 -0.055633 0.172630 -0.369682 0.304330 0.104936 0.291072 0.017640 -0.239694 -0.138357 0.119088 0.117957 0.128786 0.093658 -0.021176 0.141952 0.099551 0.501834 0.043468 -0.046711 -0.377540 -0.215865 -0.188306 -0.272326 -0.330670 -0.601776 0.133880 0.524430 0.028438 0.258533 0.742351 1.000000 0.099023 0.200343 0.085269 -0.123629 0.033760 -0.176272 0.363661 0.167738 -0.363072 -0.309595 -0.274371 -0.198416 -0.071225 0.017024 -0.257253 -0.467182 -0.447341 -0.454754 -0.114219 0.060682 -0.212646 -0.020972 -0.103823 -0.027989 -0.076855 -0.253474 -0.007011 0.037971 0.035668 0.163233 -0.230828 0.034161 0.168900 0.036562 0.579141 0.355980 -0.280858 -0.043342 0.507984 -0.024027 0.210358 0.147592 0.214640 0.333981 0.366922 0.150987 0.480154 0.434391 -0.190188 0.187909 -0.400986 -0.531815 -0.163207 -0.604890 -0.207711 -0.278175 -0.117374 -0.030970 -0.216785 -0.109596 0.061002 -0.034380 -0.076140 0.123196 0.008079 0.071711 -0.159835 -0.110768 -0.144066 -0.116323 0.150723 0.161705 0.224555 -0.401579 0.036147 -0.023609 0.044360 -0.083997 -0.106993 -0.266067 -0.069511 -0.227738
0.131812 0.102156 0.088609 0.023732 -0.139264 -0.115545 0.000294 0.254346 -0.069177 -0.065216 0.067811 -0.073259 -0.020677 -0.136079 -0.003117 -0.388101 -0.314937 -0.168749 0.024879 -0.117552 -0.026321 0.142103 0.074138 0.249028 0.091833 0.099791 0.021675 -0.051113 -0.328259 -0.308357 -0.085293 -0.063968 0.002214 0.099023 1.000000 0.653515 0.211448 0.294042 0.295198 -0.000235 0.128024 0.009603 0.005251 0.164761 0.101289 0.408360 -0.195142 0.069243 -0.155217 -0.018073 0.224740 -0.198622 -0.268090 -0.317816 -0.146822 -0.164436 -0.308366 -0.090687 0.124736 -0.163995 0.022000 -0.026264 -0.313855 0.017661 0.284187 0.278776 0.134710 0.485993 -0.174419 -0.373622 -0.148677 -0.081748 -0.300644 -0.117757 -0.185761 -0.238382 -0.027253 0.216814 -0.259991 -0.203287 -0.124171 -0.096604 0.036741 -0.278111 0.165193 -0.180360 0.242254 -0.078321 0.041913 -0.159057 -0.061121 -0.012712 0.064069 0.060653 -0.052358 -0.134347 0.018029 -0.449751 -0.189044 -0.292363 -0.102308 -0.236899 -0.273613 -0.055701 0.092213 -0.089228 -0.007162 -0.272846 -0.261936 -0.166517 0.429820 -0.220162 -0.024432 -0.095144 -0.051675 -0.108114
0.003849 -0.037525 0.144717 0.190015 0.031432 0.017129 -0.017043 0.380174 0.038316 -0.101901 0.006239 -0.133854 0.103080 0.130053 0.196290 -0.052618 -0.369556 -0.382972 -0.173702 -0.134200 0.011761 0.326701 0.011759 0.284991 -0.089686 0.222589 -0.045006 -0.007752 -0.351995 -0.261415 -0.054754 0.030298 -0.062859 0.200343 0.653515 1.000000 0.002501 0.072373 0.265832 0.153811 0.062242 -0.063767 0.081403 0.350288 0.282168 0.614580 -0.128037 0.250057 -0.274707 -0.029056 0.069382 -0.296778 -0.331429 -0.498582 -0.080126 -0.206626 -0.227148 -0.206114 0.150473 -0.267980 0.169686 0.112062 -0.393732 -0.088486 0.293817 0.603651 -0.031270 0.485815 -0.205591 -0.237473 -0.071078 0.008137 -0.251237 -0.223252 -0.261032 -0.117707 -0.110381 0.197071 -0.092404 -0.252582 0.029708 -0.106761 0.064832 -0.152845 0.035901 -0.179831 0.046409 -0.113411 0.041677 -0.095722 -0.181956 -0.190099 0.208994 -0.033499 -0.045770 0.065541 0.056220 -0.243862 -0.296849 -0.181152 -0.251266 -0.296551 -0.171843 -0.376978 -0.327708 -0.397032 -0.172116 -0.249573 0.026933 0.034911 0.581852 -0.078933 0.076553 0.140408 0.056448 -0.085676
