1.000000 0.325187 -0.000423 -0.129205 0.118539 -0.183850 0.075227 -0.057270 0.011395 0.034665 0.509278 0.346799 0.376662 0.296926 0.073411 0.123892 0.023412 -0.020777 0.524289 0.113212 -0.027950 -0.199020 -0.159561 -0.374913 -0.294236 -0.466166 -0.266135 -0.316088 0.425481 0.247278 -0.075268 -0.134183 0.136027 -0.098333 -0.215136 -0.315047 0.115790 -0.258253 -0.230166 -0.055060 -0.011475 -0.288874 -0.251809 -0.252558 -0.144139 -0.221474 -0.252839 -0.211925 -0.393073 -0.151247 -0.212113 -0.191318 -0.269311 -0.248339 -0.274443 0.036630 0.096085 -0.080967 0.048193 -0.060511 0.252293 0.077016 0.132118 0.042784 0.128336 0.110851 -0.009868 -0.416846 0.197621 -0.187788 -0.014551 0.061321 0.300970 0.019582 0.125427 0.248609 0.325533 0.112550 0.190332 -0.141028 0.172741 0.029359 0.206862 0.126273 0.063090 0.033773 0.085720 0.013059 -0.129656 -0.165609 -0.140595 0.338739 -0.115507 0.164897 0.242690 -0.069870 -0.137815 0.215342 -0.088106 0.300490 0.140387 0.241329 -0.011792 -0.071821 0.029628 0.053397 0.201628 0.213688 0.022137 -0.010723 -0.128928 -0.053491 -0.006768 0.106720 -0.114335 -0.271644
0.325187 1.000000 -0.421325 -0.057499 0.056072 -0.427448 -0.346752 -0.267005 -0.066245 -0.009922 0.412113 0.446417 0.475267 0.445860 0.172688 0.357002 0.346818 0.302664 -0.059469 -0.020062 -0.289885 -0.128550 -0.411203 -0.481279 -0.418978 -0.574657 -0.351509 -0.366151 0.191960 0.250630 -0.343137 -0.385136 0.233051 -0.055525 -0.451939 -0.470770 0.169291 0.075746 -0.178948 0.009015 -0.042196 0.106285 -0.199163 -0.236009 -0.481511 -0.475904 -0.184877 -0.229852 -0.233909 -0.238257 -0.309564 0.049241 0.210215 -0.198954 0.236952 -0.135047 0.230395 0.143749 0.310664 0.489825 0.298003 0.558165 0.307383 0.520194 -0.205880 0.330822 0.261096 -0.312825 0.386476 0.179003 -0.146162 -0.089943 -0.006113 0.265794 0.154716 0.142128 0.191239 0.111507 -0.084370 0.000902 0.114252 0.029364 0.129118 0.376968 -0.060726 -0.019609 0.347588 0.156709 0.054154 0.142183 0.006230 0.115743 0.109879 -0.036196 -0.025370 -0.164350 -0.040176 -0.134453 -0.110395 0.095827 0.121107 -0.001814 0.007802 -0.034578 0.113022 -0.365869 0.138460 0.138579 -0.080747 0.017849 -0.211537 0.003313 0.078711 0.121507 -0.257795 -0.111835
-0.000423 -0.421325 1.000000 0.304218 0.421859 0.317002 0.684307 0.528450 0.600738 0.374543 0.081556 -0.124944 -0.115569 -0.141059 0.369229 0.121457 -0.455574 -0.307550 0.089948 0.106664 0.418612 0.274266 0.678818 0.577328 0.422310 0.336518 0.458359 0.162765 -0.208629 -0.220325 0.499226 0.512376 -0.360526 0.230001 0.470099 0.438510 -0.230856 -0.309949 0.103666 -0.183274 -0.026289 0.170334 -0.298557 -0.279614 -0.018752 -0.011017 -0.242198 -0.171152 0.109024 -0.194239 0.325038 -0.301014 -0.182089 -0.084402 -0.166243 -0.274096 -0.370972 -0.265758 -0.106585 -0.535711 0.231695 -0.349784 -0.460923 -0.457090 0.689463 0.038127 -0.328767 0.070321 -0.551601 -0.322594 0.259626 0.189099 -0.024475 -0.069450 -0.101774 -0.087732 -0.187750 -0.092040 -0.098809 -0.340819 -0.531893 -0.416465 -0.012927 -0.042438 0.338391 -0.197583 -0.358783 -0.445964 0.309393 -0.206022 -0.114750 0.111100 0.047934 0.249121 0.009965 0.141571 -0.331399 -0.135093 -0.351830 -0.203591 -0.213700 -0.107996 -0.210932 0.110287 -0.396578 0.114424 0.088402 -0.247798 0.124474 0.057422 0.098560 -0.052729 0.013855 -0.110198 0.025682 0.111369
-0.129205 -0.057499 0.304218 1.000000 -0.078199 0.568030 0.142581 0.545617 0.099202 0.170241 -0.096807 -0.118034 -0.273939 -0.165067 0.085893 0.244981 0.145795 -0.113133 -0.119613 0.095529 0.091324 0.364124 0.457923 0.650926 0.215081 0.392291 0.330502 0.450626 -0.275438 -0.204951 0.219572 0.294956 -0.083928 0.189929 0.335558 0.243273 -0.063197 0.053360 0.158483 -0.037387 0.045351 0.276621 -0.347534 -0.328804 -0.218479 -0.118126 -0.394962 -0.319773 -0.163282 -0.371196 0.238146 -0.247700 -0.093942 -0.072596 -0.132698 -0.393264 0.068971 -0.007114 -0.133783 -0.328288 -0.038224 -0.069445 -0.098036 -0.093352 0.437595 0.316207 -0.336586 0.084257 -0.180406 -0.061678 -0.003599 -0.146348 -0.138910 -0.122571 0.104028 -0.248670 -0.184281 -0.225668 -0.042407 -0.209630 -0.158278 0.017959 -0.162214 0.271132 0.454055 0.261795 -0.086971 -0.025833 0.366333 0.329830 -0.268170 -0.273852 0.123148 -0.182905 -0.184109 0.042600 -0.464560 -0.278646 -0.468716 -0.487792 -0.059149 -0.206414 -0.443388 -0.197951 -0.313930 -0.059925 0.000364 -0.109549 0.170852 -0.051081 -0.130750 -0.323033 -0.253364 -0.059571 -0.220396 -0.050084
0.118539 0.056072 0.421859 -0.078199 1.000000 -0.119914 0.460243 0.219606 0.644491 0.569317 0.386012 0.436979 0.401394 0.491744 0.520764 0.432268 -0.176543 0.188345 0.098531 0.035398 0.164816 -0.132383 -0.027336 0.052202 -0.096537 -0.362914 0.101796 -0.456436 0.181203 0.182876 0.014154 0.029776 -0.437742 0.149977 -0.133974 -0.038190 -0.094860 -0.303212 0.029578 -0.086084 -0.166094 0.169742 -0.152670 -0.162643 -0.173319 -0.300906 -0.005160 -0.244542 -0.004033 -0.147412 -0.303781 -0.159471 0.219238 -0.280257 0.082056 -0.119687 -0.443342 -0.395816 0.384809 0.056730 0.611038 0.242507 -0.190709 -0.063982 0.258777 0.214972 0.094118 -0.224302 -0.240227 -0.186473 0.317738 0.056657 0.217816 -0.016796 0.043678 0.306394 0.196403 0.039043 -0.438054 -0.355919 -0.413757 -0.508224 0.346181 0.289034 -0.212116 -0.436815 -0.184790 -0.506985 -0.040083 -0.156899 0.189173 0.406106 0.113354 0.417376 -0.011060 -0.026553 -0.274690 -0.258433 -0.232015 -0.036783 -0.204757 0.137542 -0.033779 0.283379 -0.059568 -0.098076 -0.080921 -0.121590 0.194887 -0.030088 -0.233102 -0.111369 0.138662 -0.083834 0.123016 -0.022217
-0.183850 -0.427448 0.317002 0.568030 -0.119914 1.000000 0.168338 0.281403 -0.024358 0.007362 -0.452405 -0.360859 -0.621385 -0.496319 -0.277207 -0.314488 -0.021540 -0.284053 0.063728 0.157717 0.354484 0.412058 0.534860 0.606119 0.634491 0.754952 0.412211 0.712677 -0.262769 -0.357355 0.410910 0.498917 -0.176623 0.080150 0.334047 0.472365 -0.168262 -0.071426 0.266141 0.071303 0.028599 0.036248 -0.181073 -0.077906 0.111409 0.325236 -0.191149 -0.043659 -0.117179 -0.203131 0.246403 -0.230012 -0.289723 0.081656 -0.166254 -0.160639 -0.013601 0.098714 -0.424314 -0.545017 -0.385337 -0.454341 -0.304263 -0.368534 0.296303 -0.004298 -0.497324 0.404699 -0.259963 -0.050205 0.204748 -0.037006 -0.134851 -0.338556 -0.159078 -0.351909 -0.375893 -0.310554 0.139973 -0.045810 -0.097777 0.112036 -0.419674 -0.174335 0.388480 0.214219 -0.210947 0.096380 0.227578 0.074732 -0.052570 0.006484 0.083523 0.030297 -0.133267 -0.076972 -0.162425 -0.015838 -0.174209 -0.301255 0.105893 0.021995 -0.259665 -0.125420 0.017643 0.357704 0.107461 0.146299 0.019213 -0.138599 0.070795 -0.228965 -0.185037 0.123002 -0.051853 0.046397
0.075227 -0.346752 0.684307 0.142581 0.460243 0.168338 1.000000 0.613278 0.688155 0.640836 0.104569 0.090113 0.069572 0.151735 0.295917 0.195818 -0.377047 -0.140648 0.279198 0.241799 0.213124 0.007600 0.280357 0.340339 0.134097 0.112882 0.173655 -0.116192 0.075659 0.058966 0.373206 0.498094 -0.308029 0.332753 0.278317 0.308348 -0.138345 -0.211587 -0.002864 -0.194828 0.047895 0.253880 -0.349959 -0.306640 0.034601 -0.100156 -0.207067 -0.297016 -0.093057 -0.095864 -0.030575 -0.238364 -0.136481 -0.069914 -0.384750 -0.255175 -0.257866 -0.220523 0.029597 -0.430146 0.252136 -0.205157 -0.408273 -0.432132 0.469199 0.128412 -0.300375 -0.232875 -0.403148 -0.445907 0.309143 0.246577 0.285198 0.116174 0.095425 0.101166 0.071709 -0.019220 -0.238511 -0.307135 -0.476029 -0.474893 0.135046 -0.054516 -0.042069 -0.289503 -0.503153 -0.639334 -0.056081 -0.380351 -0.066004 0.286947 0.093353 0.386443 -0.095530 0.229912 -0.491597 -0.276537 -0.326299 -0.126371 -0.089440 0.148807 0.006108 0.321649 -0.253489 0.096720 0.054037 -0.250170 0.091523 0.066787 -0.162318 -0.046677 0.102865 -0.014608 0.066378 0.154707
-0.057270 -0.267005 0.528450 0.545617 0.219606 0.281403 0.613278 1.000000 0.366512 0.678537 -0.006702 0.086743 -0.083991 0.200816 0.210633 0.390734 -0.201671 -0.111992 0.043308 0.156202 0.089943 0.079512 0.238598 0.571047 0.046197 0.174279 0.176708 0.024719 -0.208328 0.104567 0.208045 0.470198 -0.065966 0.452965 0.260833 0.295890 -0.199806 -0.062353 0.019444 -0.074713 -0.083990 0.322365 -0.415108 -0.447240 -0.121549 -0.161580 -0.335353 -0.425388 -0.018947 -0.149556 0.199448 -0.121848 -0.084027 -0.066811 -0.372941 -0.207839 -0.158677 -0.321383 0.015515 -0.331278 0.249731 0.026928 -0.222859 -0.181644 0.560111 0.499629 -0.407809 -0.182699 -0.307855 -0.260595 0.029898 0.030793 0.034175 -0.052584 0.054555 -0.152253 -0.074128 -0.293133 -0.211299 -0.331222 -0.435006 -0.344654 -0.074686 0.152311 0.004205 -0.035516 -0.462801 -0.520740 0.085225 0.112029 -0.204535 -0.042324 0.185374 0.098872 -0.242893 0.055781 -0.590446 -0.247769 -0.377314 -0.236506 -0.161068 -0.011622 -0.206048 0.021812 -0.272056 -0.020754 -0.085204 -0.248101 0.136739 -0.110129 -0.263181 -0.240304 0.034142 -0.017999 -0.083649 -0.131914
0.011395 -0.066245 0.600738 0.099202 0.644491 -0.024358 0.688155 0.366512 1.000000 0.699109 0.418969 0.264450 0.354083 0.364533 0.496403 0.476109 -0.251239 0.141495 0.022685 0.120807 0.008644 -0.011830 0.132075 0.180713 0.000130 -0.146232 0.057065 -0.312048 0.132746 0.052204 0.157127 0.211800 -0.563948 0.203447 0.185240 0.227231 -0.070818 -0.228654 0.031193 -0.057672 -0.055261 0.222686 -0.192517 -0.171257 -0.162867 -0.361384 -0.058513 -0.179736 -0.098304 -0.167926 -0.150432 -0.248344 -0.022061 -0.295577 -0.155091 -0.210554 -0.292355 -0.164176 0.247542 -0.096616 0.583289 0.096609 -0.360323 -0.185600 0.499976 0.314327 -0.130140 -0.414144 -0.414875 -0.464420 0.237284 0.262299 0.124724 0.175746 0.000872 0.223722 0.080011 0.040816 -0.177378 -0.269944 -0.422162 -0.418173 0.197763 0.162258 -0.038709 -0.499729 -0.428052 -0.613325 0.049669 -0.341659 0.095005 0.237925 0.136712 0.316540 0.072163 0.081782 -0.316713 -0.191250 -0.359186 -0.033390 -0.250231 -0.028358 -0.138466 0.168186 -0.281807 -0.045909 -0.048298 -0.296039 0.108983 0.013713 -0.155128 0.045635 0.251022 -0.145682 0.123694 0.105772
0.034665 -0.009922 0.374543 0.170241 0.569317 0.007362 0.640836 0.678537 0.699109 1.000000 0.278994 0.301019 0.265058 0.567531 0.311978 0.596775 -0.214091 0.114272 0.032896 0.212485 -0.076188 -0.283970 -0.150387 0.172645 -0.207659 -0.214450 -0.062273 -0.385100 0.083052 0.245662 0.009577 0.171000 -0.332292 0.411822 -0.004982 0.105899 -0.155054 -0.158597 -0.072365 -0.134654 -0.210988 0.355880 -0.241065 -0.283913 -0.145488 -0.367220 -0.100845 -0.331115 -0.039923 -0.043310 -0.172354 -0.029096 0.113582 -0.154453 -0.280526 -0.138016 -0.158020 -0.203846 0.291231 0.017114 0.505590 0.316718 -0.259574 -0.042641 0.358418 0.525402 -0.220161 -0.496543 -0.284458 -0.312340 0.226696 0.158986 0.127798 0.159191 0.097934 0.201490 0.116368 -0.143011 -0.269888 -0.279651 -0.411939 -0.476777 0.069992 0.173069 -0.363156 -0.436175 -0.495479 -0.646470 -0.120069 -0.093933 0.032700 0.193141 0.257443 0.332092 -0.174532 0.027397 -0.480738 -0.261247 -0.307072 -0.029107 -0.153862 0.179307 -0.092492 0.189768 -0.169530 -0.077523 0.003738 -0.188579 0.155074 -0.062290 -0.416881 -0.113177 0.306076 -0.029293 0.107880 -0.187128
0.509278 0.412113 0.081556 -0.096807 0.386012 -0.452405 0.104569 -0.006702 0.418969 0.278994 1.000000 0.651367 0.797559 0.632042 0.528753 0.590320 -0.029064 0.258682 0.049838 -0.058020 -0.231221 -0.127888 -0.168666 -0.283633 -0.471855 -0.627267 -0.325080 -0.533574 0.435627 0.367384 -0.133148 -0.193884 -0.176414 0.005837 -0.325013 -0.355784 0.144955 -0.124575 -0.230973 0.023739 -0.152597 -0.051683 -0.202556 -0.259862 -0.459211 -0.564881 -0.238209 -0.346044 -0.258273 -0.240309 -0.362789 -0.197209 -0.040075 -0.375304 -0.011807 -0.083204 -0.145066 -0.193448 0.231117 0.156596 0.598303 0.318703 0.032667 0.107947 0.232180 0.306179 0.128498 -0.635871 -0.017078 -0.280478 0.101377 0.228154 0.207285 0.215041 0.146135 0.529890 0.458712 0.387078 -0.120571 -0.280290 0.005971 -0.152928 0.402190 0.385196 -0.037587 -0.295690 0.094983 -0.304410 -0.052000 -0.137953 -0.074928 0.065304 0.077947 0.180031 0.278693 0.015179 -0.087659 0.078692 -0.311585 0.142772 -0.183772 0.015634 -0.140271 -0.043296 -0.033206 -0.143465 0.094655 0.093945 -0.013071 0.134745 -0.162101 0.023958 0.137482 0.013797 0.097090 -0.210854
0.346799 0.446417 -0.124944 -0.118034 0.436979 -0.360859 0.090113 0.086743 0.264450 0.301019 0.651367 1.000000 0.667017 0.765955 0.295719 0.606245 -0.031253 0.344454 0.185780 -0.083448 -0.183575 -0.094882 -0.336462 -0.304720 -0.461859 -0.595929 -0.379816 -0.578093 0.394971 0.536841 -0.192843 -0.115948 -0.141688 0.024084 -0.441684 -0.303809 0.141146 0.025651 -0.159730 0.042280 0.096280 0.059695 -0.199276 -0.264474 -0.387628 -0.514888 -0.085158 -0.370308 -0.221519 -0.211536 -0.348965 -0.123269 0.070194 -0.208074 -0.067222 0.067192 -0.278226 -0.278240 0.261697 0.082821 0.473023 0.367851 -0.089307 0.047581 0.079555 0.444550 0.030524 -0.570702 0.172466 -0.115302 0.115793 0.008800 0.246583 0.173715 0.233439 0.440330 0.485521 0.272626 -0.251491 -0.212028 0.006134 -0.230444 0.376866 0.445024 -0.286301 -0.109115 0.036919 -0.277830 -0.359741 -0.125805 0.043828 0.262858 0.210961 0.168541 0.143114 0.006844 -0.158128 -0.059051 -0.210255 0.177670 -0.168562 -0.021418 -0.144576 -0.074942 -0.027067 -0.264434 -0.098592 0.107434 -0.131240 0.130556 -0.132161 0.003062 0.209201 0.091474 -0.049752 0.021880
0.376662 0.475267 -0.115569 -0.273939 0.401394 -0.621385 0.069572 -0.083991 0.354083 0.265058 0.797559 0.667017 1.000000 0.768163 0.575511 0.647500 0.008458 0.324596 -0.015081 -0.225730 -0.274303 -0.205051 -0.383375 -0.384911 -0.679587 -0.737534 -0.521200 -0.601471 0.390395 0.394403 -0.269010 -0.322059 -0.067101 -0.013328 -0.334177 -0.347180 0.097017 0.052596 -0.136076 0.027725 -0.061115 0.048327 -0.029076 -0.103784 -0.412286 -0.523961 -0.002864 -0.159858 -0.160898 -0.113481 -0.356679 -0.071419 0.135812 -0.288637 0.038238 -0.061682 -0.172120 -0.192400 0.446045 0.385829 0.538753 0.477923 0.005896 0.207214 -0.043746 0.299858 0.278893 -0.610827 0.152595 -0.054119 0.032129 0.050101 0.174619 0.220974 0.143664 0.480040 0.489379 0.380411 -0.227611 -0.112487 0.111111 -0.196138 0.594329 0.331053 -0.341397 -0.269969 0.146953 -0.332878 -0.194218 -0.122935 -0.061760 0.094331 0.001254 0.054588 0.118843 -0.003891 -0.020855 -0.070354 -0.173905 0.101066 -0.273624 -0.021920 -0.053678 0.020535 -0.069019 -0.369811 -0.054771 -0.009752 0.052644 0.092665 -0.101685 0.155550 0.201601 -0.107139 -0.065981 -0.156764
0.296926 0.445860 -0.141059 -0.165067 0.491744 -0.496319 0.151735 0.200816 0.364533 0.567531 0.632042 0.765955 0.768163 1.000000 0.440041 0.792069 0.008055 0.490260 0.025367 -0.140422 -0.316604 -0.378767 -0.528418 -0.308871 -0.608665 -0.698668 -0.453337 -0.696582 0.404312 0.608160 -0.296383 -0.249731 -0.080615 0.155073 -0.474444 -0.419139 0.080253 -0.048539 -0.184020 -0.064070 -0.057934 0.124854 -0.048914 -0.149013 -0.396846 -0.568925 0.048502 -0.315125 -0.124540 -0.015996 -0.380392 0.066923 0.187800 -0.186021 -0.064292 0.134294 -0.153138 -0.252746 0.367622 0.402062 0.544301 0.648040 0.029661 0.315469 -0.000146 0.517837 0.098156 -0.697621 0.088649 -0.116255 0.043054 0.027927 0.222417 0.176022 0.228007 0.434767 0.449140 0.130835 -0.324511 -0.149639 -0.017795 -0.255532 0.373389 0.481520 -0.516925 -0.382224 -0.101907 -0.469766 -0.310059 -0.070404 0.023759 0.178893 0.202223 0.101511 -0.123184 -0.040473 -0.165007 -0.180263 -0.099538 0.226674 -0.252889 0.039383 -0.098540 0.018152 -0.077199 -0.326508 -0.159061 -0.021467 -0.093281 0.077472 -0.322633 -0.006536 0.321210 -0.035018 -0.001008 -0.164460
0.073411 0.172688 0.369229 0.085893 0.520764 -0.277207 0.295917 0.210633 0.496403 0.311978 0.528753 0.295719 0.575511 0.440041 1.000000 0.624825 -0.155165 0.096912 -0.101270 -0.256062 0.100854 0.076196 0.201722 0.158916 -0.154797 -0.237928 0.122906 -0.211118 0.096579 0.177977 0.029267 0.019937 -0.087812 0.128163 0.026612 -0.092388 -0.052280 0.056649 0.073138 0.045634 -0.074581 0.351142 -0.203956 -0.232325 -0.296045 -0.343214 -0.164068 -0.309748 -0.049049 -0.267787 0.024393 -0.163406 0.081434 -0.266427 0.175902 -0.188066 -0.258618 -0.309561 0.310308 0.063556 0.511481 0.262462 -0.032030 0.052626 0.395753 0.246196 0.078166 -0.284725 -0.162327 -0.148196 0.052087 0.209357 0.119685 0.146256 0.117183 0.285116 0.245430 0.188831 -0.444601 -0.226126 -0.280564 -0.296244 0.563741 0.441678 0.090541 -0.275630 0.023935 -0.409267 0.322208 0.032465 -0.255276 -0.058027 -0.040477 0.035002 -0.065688 -0.105325 -0.154536 -0.312582 -0.366319 -0.282201 -0.312612 -0.249061 -0.207635 0.049639 -0.206046 -0.341926 -0.189908 -0.145263 0.133894 0.005729 -0.027698 -0.178153 0.037828 -0.167229 -0.018126 -0.225631
0.123892 0.357002 0.121457 0.244981 0.432268 -0.314488 0.195818 0.390734 0.476109 0.596775 0.590320 0.606245 0.647500 0.792069 0.624825 1.000000 -0.011388 0.339428 -0.181367 -0.162886 -0.193984 -0.102508 -0.194995 0.060015 -0.517377 -0.455414 -0.231815 -0.454984 0.126694 0.436041 -0.126213 -0.061995 -0.156527 0.273836 -0.152504 -0.250701 0.047871 0.030417 -0.074923 -0.066095 -0.145718 0.302572 -0.183885 -0.292504 -0.523406 -0.667212 -0.147243 -0.413792 -0.069964 -0.255052 -0.082836 -0.060068 0.186862 -0.223944 0.011110 -0.143910 -0.175559 -0.289288 0.369030 0.247012 0.572389 0.549049 -0.041917 0.226550 0.267298 0.572154 0.008838 -0.651030 0.026141 -0.078423 -0.001174 0.096203 0.057542 0.198473 0.203896 0.297732 0.360388 0.112722 -0.357014 -0.164744 -0.136443 -0.291162 0.308663 0.532054 -0.260033 -0.333068 -0.096889 -0.519724 0.031397 0.109475 -0.158744 -0.085918 0.186288 0.063138 -0.097846 -0.047880 -0.274768 -0.251333 -0.348005 -0.059841 -0.361924 -0.205995 -0.287451 0.006936 -0.216532 -0.339111 -0.157895 -0.079938 -0.019694 0.043100 -0.186880 -0.053670 0.218207 -0.158027 -0.067972 -0.181173
0.023412 0.346818 -0.455574 0.145795 -0.176543 -0.021540 -0.377047 -0.201671 -0.251239 -0.214091 -0.029064 -0.031253 0.008458 0.008055 -0.155165 -0.011388 1.000000 0.399234 -0.020349 0.175052 -0.235006 -0.119516 -0.427378 -0.207124 -0.134160 -0.188662 -0.330927 -0.089646 0.285296 0.077467 -0.277250 -0.317153 0.211966 -0.107377 -0.441541 -0.435690 0.351256 0.190776 0.191622 0.287041 0.013443 -0.050179 -0.102899 -0.136838 -0.306965 -0.293465 -0.148682 -0.164527 -0.275577 -0.110105 -0.412247 0.054672 0.218086 -0.029379 0.168241 -0.001468 0.566048 0.416403 -0.000896 0.356008 -0.105867 0.250009 0.519848 0.504333 -0.433747 -0.007577 0.177501 -0.074245 0.323845 0.275509 -0.114205 -0.266658 0.144795 0.010654 0.184016 -0.112852 0.146939 -0.008704 0.267730 0.384213 0.601966 0.617832 -0.197330 0.283626 -0.061239 0.013130 0.146525 0.382595 -0.086578 0.088700 0.165518 -0.006560 0.188511 -0.042389 -0.241600 -0.084006 -0.003367 -0.052526 0.154801 0.138504 0.308578 0.210357 0.149419 -0.090704 0.274842 -0.187065 -0.015024 0.117609 0.016734 -0.124369 -0.227850 -0.042276 -0.099845 -0.007318 0.084559 -0.125824
-0.020777 0.302664 -0.307550 -0.113133 0.188345 -0.284053 -0.140648 -0.111992 0.141495 0.114272 0.258682 0.344454 0.324596 0.490260 0.096912 0.339428 0.399234 1.000000 -0.166312 -0.120002 -0.256873 -0.166981 -0.456056 -0.304994 -0.261847 -0.389149 -0.339295 -0.347334 0.355505 0.479593 -0.196194 -0.299179 -0.235924 -0.000448 -0.458439 -0.404983 0.335762 0.022730 0.112318 0.029754 -0.040666 -0.057005 0.106014 0.005407 -0.493961 -0.576519 0.030156 -0.155900 -0.119982 -0.075484 -0.453242 0.153617 0.274692 0.013342 0.244213 0.240200 0.035847 0.135633 0.114148 0.524337 0.247637 0.540576 0.330925 0.627443 -0.298053 0.121905 0.126983 -0.384150 -0.016042 0.095512 -0.017338 0.034398 0.143108 0.220930 0.207362 0.203065 0.280375 0.102229 -0.203922 0.239439 0.102770 0.194194 -0.018393 0.382125 -0.331634 -0.423175 -0.012780 -0.214305 -0.134568 0.031127 0.167240 -0.072396 0.231195 0.086467 -0.156778 0.004941 0.027031 -0.109497 0.098381 0.222359 -0.089983 0.106315 0.130334 -0.009223 0.158445 -0.053967 -0.215223 0.043374 -0.152506 0.086561 -0.126702 0.009924 0.188836 -0.071192 0.131779 -0.090931
0.524289 -0.059469 0.089948 -0.119613 0.098531 0.063728 0.279198 0.043308 0.022685 0.032896 0.049838 0.185780 -0.015081 0.025367 -0.101270 -0.181367 -0.020349 -0.166312 1.000000 0.356596 0.314360 -0.054706 -0.094030 -0.238802 0.073231 -0.068746 -0.131103 -0.150358 0.472702 0.273847 0.060728 0.202142 0.078519 0.114302 -0.100286 -0.020867 0.247782 -0.138894 0.092462 0.165364 0.399039 -0.031427 -0.323124 -0.269109 0.024428 0.015136 -0.159852 -0.166033 -0.499452 -0.208828 -0.153058 -0.359764 -0.308593 -0.091134 -0.300645 0.051366 0.054415 -0.013160 -0.183530 -0.411994 -0.075252 -0.416000 -0.132911 -0.352784 0.005109 -0.175712 -0.180588 -0.183979 0.171051 -0.199587 0.038402 0.151891 0.510915 0.199513 0.210818 0.294581 0.352647 0.282590 0.190318 -0.037253 0.029014 0.031856 0.093828 0.059507 0.089245 0.018186 -0.090027 0.106603 -0.246867 -0.422458 -0.110480 0.427048 -0.102563 0.339994 0.299725 0.164722 -0.074540 0.241144 0.011782 0.282716 0.320635 0.218918 0.123921 0.055854 -0.004424 0.114110 0.095428 0.050046 -0.048106 0.286959 -0.012025 -0.163718 -0.054331 0.188126 0.081609 0.047819
0.113212 -0.020062 0.106664 0.095529 0.035398 0.157717 0.241799 0.156202 0.120807 0.212485 -0.058020 -0.083448 -0.225730 -0.140422 -0.256062 -0.162886 0.175052 -0.120002 0.356596 1.000000 -0.012747 -0.076399 -0.079299 0.027635 0.164857 0.022827 -0.031917 -0.088260 0.248961 0.059062 0.067316 0.198639 -0.237663 0.362138 -0.007350 0.153437 0.286202 -0.092194 0.127157 0.099730 0.030260 0.300804 -0.353064 -0.339434 -0.082887 -0.148334 -0.424172 -0.269661 -0.294768 -0.265885 -0.201884 -0.297323 -0.110571 -0.156954 -0.295666 -0.332235 0.124028 0.189119 -0.186627 -0.250512 -0.017779 -0.177869 -0.044401 -0.135704 0.096843 -0.071946 -0.336303 -0.099942 -0.137394 -0.192847 0.301486 0.103862 0.305604 0.362841 0.257837 0.225913 0.101660 0.088023 0.181156 -0.090575 0.074493 0.047334 -0.125016 0.004353 -0.016594 -0.089746 -0.210288 0.049518 -0.074315 -0.229319 0.311010 0.289908 0.316343 0.362375 0.129944 0.168579 -0.320250 0.054721 -0.147598 0.037101 0.399251 0.368810 0.288599 0.309400 0.120294 0.266581 0.218603 -0.066020 0.178687 0.049983 -0.199072 -0.088932 -0.130146 0.092242 0.143682 0.065589
-0.027950 -0.289885 0.418612 0.091324 0.164816 0.354484 0.213124 0.089943 0.008644 -0.076188 -0.231221 -0.183575 -0.274303 -0.316604 0.100854 -0.193984 -0.235006 -0.256873 0.314360 -0.012747 1.000000 0.302741 0.479989 0.318437 0.544869 0.447581 0.572037 0.358799 -0.092208 -0.035695 0.509230 0.431106 -0.040399 0.057057 0.292464 0.254306 -0.077177 -0.149294 0.179063 -0.050472 0.228480 0.220146 -0.139503 -0.103618 0.017535 0.174083 -0.087190 0.008223 -0.066081 -0.199830 0.206174 -0.203847 -0.182517 0.205704 -0.017004 -0.054184 -0.271060 0.017954 -0.253531 -0.369717 -0.254448 -0.384673 -0.240834 -0.312591 0.117607 -0.353580 -0.241919 0.220698 -0.090256 0.025595 0.168583 0.094747 0.024069 -0.019394 -0.071642 0.023428 -0.061671 0.210793 -0.158134 0.030520 -0.184158 -0.060069 -0.075053 -0.034289 0.250817 -0.064663 -0.023851 0.001510 0.119521 -0.200708 -0.152269 0.157680 -0.042203 0.233180 -0.040430 0.090128 -0.071072 -0.136261 -0.015795 -0.092798 0.124657 0.006646 -0.044433 0.033529 -0.114115 0.095908 0.116715 0.018794 -0.007271 0.217403 0.157247 -0.204344 -0.213075 -0.157531 -0.215603 0.120162
-0.199020 -0.128550 0.274266 0.364124 -0.132383 0.412058 0.007600 0.079512 -0.011830 -0.283970 -0.127888 -0.094882 -0.205051 -0.378767 0.076196 -0.102508 -0.119516 -0.166981 -0.054706 -0.076399 0.302741 1.000000 0.604441 0.370888 0.381058 0.479063 0.310900 0.508526 -0.285813 -0.116426 0.497048 0.458142 -0.195621 -0.110732 0.376134 0.363817 0.049175 0.131368 0.260113 0.034187 0.344308 0.117453 -0.223688 -0.198459 -0.102801 0.068203 -0.291835 -0.128111 -0.122820 -0.348049 0.327107 -0.179175 -0.205741 0.252129 0.076032 -0.212955 -0.176137 0.035947 -0.073449 -0.443475 -0.106417 -0.353535 -0.262609 -0.233527 0.306295 -0.008211 -0.252408 0.175307 -0.146501 -0.120903 0.239656 0.096648 -0.067853 0.047094 0.125333 -0.124686 -0.149829 0.105361 0.034605 0.035123 -0.217675 0.086099 -0.079565 0.078496 0.510024 0.245248 0.155896 0.049129 0.346346 0.091717 -0.204100 -0.207836 -0.053262 -0.167414 0.266313 -0.033445 -0.063988 -0.041450 -0.370678 -0.424261 0.106261 -0.359446 -0.397132 -0.302937 -0.220209 0.023005 -0.095740 0.050803 -0.148556 0.097684 0.158856 -0.162934 -0.352255 -0.121913 -0.253953 0.183749
-0.159561 -0.411203 0.678818 0.457923 -0.027336 0.534860 0.280357 0.238598 0.132075 -0.150387 -0.168666 -0.336462 -0.383375 -0.528418 0.201722 -0.194995 -0.427378 -0.456056 -0.094030 -0.079299 0.479989 0.604441 1.000000 0.670667 0.634011 0.680659 0.697633 0.685684 -0.417155 -0.450891 0.624059 0.519666 -0.169266 -0.018444 0.622322 0.538222 -0.310330 -0.111426 0.044377 -0.178021 0.138975 0.062273 -0.152015 -0.057856 0.139372 0.319114 -0.211484 0.005177 0.085084 -0.189568 0.535479 -0.287248 -0.353500 0.085693 -0.093180 -0.264119 -0.318416 -0.104335 -0.359966 -0.622635 -0.192316 -0.512375 -0.372662 -0.464433 0.587109 -0.170164 -0.410751 0.399299 -0.454950 -0.215787 0.141845 0.158902 -0.230889 -0.198133 -0.112969 -0.220947 -0.320215 -0.102213 -0.014015 -0.276312 -0.370568 -0.150715 -0.096973 -0.128477 0.683190 0.210273 -0.066693 -0.080341 0.423172 0.053267 -0.280705 -0.121597 -0.104361 -0.046999 0.082635 0.057128 -0.119977 -0.085333 -0.322753 -0.423572 -0.094768 -0.267005 -0.341234 -0.133235 -0.373606 0.127213 0.045147 -0.145730 0.087175 0.002091 0.277601 -0.109526 -0.271061 -0.016077 -0.157973 0.114180
-0.374913 -0.481279 0.577328 0.650926 0.052202 0.606119 0.340339 0.571047 0.180713 0.172645 -0.283633 -0.304720 -0.384911 -0.308871 0.158916 0.060015 -0.207124 -0.304994 -0.238802 0.027635 0.318437 0.370888 0.670667 1.000000 0.522444 0.685589 0.535829 0.546321 -0.441560 -0.400876 0.432373 0.550019 -0.183745 0.289842 0.483616 0.496838 -0.257886 -0.084941 0.151034 -0.115684 -0.004339 0.209437 -0.088927 -0.064930 0.095715 0.176705 -0.103713 0.031843 0.191788 -0.146944 0.409684 -0.173145 -0.118646 -0.015592 -0.169927 -0.297844 -0.229753 -0.160306 -0.210126 -0.458963 -0.164572 -0.231944 -0.291858 -0.270020 0.465922 0.107572 -0.369406 0.369061 -0.409799 -0.054512 0.071515 -0.060810 -0.213934 -0.331883 -0.198317 -0.348520 -0.363832 -0.292096 -0.153365 -0.323086 -0.317569 -0.217509 -0.142418 -0.018960 0.298843 0.059312 -0.263572 -0.277843 0.229607 0.039332 -0.224227 -0.177344 0.058327 -0.088138 -0.265054 0.036130 -0.301037 -0.274919 -0.306611 -0.423646 -0.329975 -0.297056 -0.407524 -0.082063 -0.282501 0.091291 -0.097417 -0.210440 0.227428 -0.178765 0.178528 -0.055647 -0.092302 -0.021042 -0.092380 0.063787
-0.294236 -0.418978 0.422310 0.215081 -0.096537 0.634491 0.134097 0.046197 0.000130 -0.207659 -0.471855 -0.461859 -0.679587 -0.608665 -0.154797 -0.517377 -0.134160 -0.261847 0.073231 0.164857 0.544869 0.381058 0.634011 0.522444 1.000000 0.800419 0.597518 0.604306 -0.290272 -0.437283 0.531477 0.454291 -0.154438 0.040382 0.358213 0.476539 -0.129301 -0.084140 0.160746 0.008481 0.189853 0.075361 -0.003097 0.105529 0.231648 0.413094 -0.070422 0.145742 0.073732 -0.116003 0.285339 -0.199630 -0.206048 0.125701 -0.062552 -0.050977 -0.070416 0.266786 -0.448300 -0.486699 -0.404676 -0.461059 -0.272334 -0.233030 0.231993 -0.309890 -0.332353 0.543527 -0.321523 -0.044713 0.167628 0.033896 -0.153250 -0.218556 -0.228688 -0.329377 -0.486726 -0.161275 0.083098 -0.098564 -0.216848 0.066815 -0.377878 -0.199261 0.432896 0.046721 -0.210086 0.103684 0.204837 -0.181647 0.013039 0.039649 0.064301 0.021764 -0.144137 0.054812 -0.050375 -0.152837 -0.059901 -0.208831 0.163009 -0.091464 -0.085991 -0.086253 -0.134455 0.230612 0.079809 -0.107988 -0.051962 0.052669 0.210116 -0.114909 -0.177642 0.031790 0.019935 0.275111
-0.466166 -0.574657 0.336518 0.392291 -0.362914 0.754952 0.112882 0.174279 -0.146232 -0.214450 -0.627267 -0.595929 -0.737534 -0.698668 -0.237928 -0.455414 -0.188662 -0.389149 -0.068746 0.022827 0.447581 0.479063 0.680659 0.685589 0.800419 1.000000 0.580783 0.841089 -0.484840 -0.490142 0.581244 0.587708 -0.054405 0.075728 0.545584 0.581671 -0.237482 0.042063 0.229102 -0.083080 0.208964 0.070749 0.059740 0.146407 0.307860 0.517124 -0.003476 0.216691 0.099680 -0.057808 0.455729 -0.151056 -0.235120 0.217342 -0.091425 -0.080955 -0.036546 0.184292 -0.484435 -0.515031 -0.555854 -0.553849 -0.297941 -0.369510 0.220137 -0.257197 -0.373700 0.584044 -0.274650 0.019609 0.088178 0.051108 -0.297198 -0.285417 -0.199536 -0.458898 -0.475808 -0.181572 0.062876 -0.015269 -0.165967 0.042548 -0.369127 -0.330126 0.450224 0.195986 -0.138397 0.143236 0.192775 -0.053737 -0.175653 -0.188647 -0.042113 -0.100079 -0.157263 0.161298 -0.011445 -0.104556 -0.024281 -0.313342 0.049828 -0.192843 -0.168019 -0.125998 -0.189443 0.199279 0.022179 -0.128355 -0.013559 0.052261 0.301343 -0.080748 -0.141992 -0.028975 -0.026153 0.237227
-0.266135 -0.351509 0.458359 0.330502 0.101796 0.412211 0.173655 0.176708 0.057065 -0.062273 -0.325080 -0.379816 -0.521200 -0.453337 0.122906 -0.231815 -0.330927 -0.339295 -0.131103 -0.031917 0.572037 0.310900 0.697633 0.535829 0.597518 0.580783 1.000000 0.513578 -0.403456 -0.356372 0.391920 0.359468 -0.150985 -0.021833 0.476679 0.382616 -0.293208 -0.132984 0.043504 -0.234846 0.039307 0.110557 -0.051537 0.001023 0.300707 0.382172 -0.022129 0.081483 0.191105 0.050858 0.360378 -0.029275 -0.093554 0.187975 -0.014711 -0.045720 -0.300943 -0.125921 -0.271694 -0.349403 -0.176868 -0.321304 -0.102732 -0.288432 0.393424 -0.186952 -0.251096 0.477113 -0.388588 -0.109137 0.101332 0.049402 -0.226138 -0.259436 -0.172566 -0.225607 -0.354444 -0.175074 -0.207647 -0.188337 -0.337680 -0.144189 -0.142505 -0.057820 0.484482 0.047612 -0.080078 0.086206 0.269035 0.038241 -0.009887 0.049746 0.038730 0.065251 -0.130911 -0.038446 -0.136274 -0.202190 -0.051211 -0.260609 0.063735 -0.102570 -0.130900 0.004232 -0.281682 0.024401 -0.039699 -0.287688 0.157583 -0.083285 0.051691 -0.180170 -0.211963 -0.080715 -0.096182 0.111334
-0.316088 -0.366151 0.162765 0.450626 -0.456436 0.712677 -0.116192 0.024719 -0.312048 -0.385100 -0.533574 -0.578093 -0.601471 -0.696582 -0.211118 -0.454984 -0.089646 -0.347334 -0.150358 -0.088260 0.358799 0.508526 0.685684 0.546321 0.604306 0.841089 0.513578 1.000000 -0.410980 -0.513725 0.480678 0.414311 0.041801 -0.107472 0.493461 0.459171 -0.188546 0.091313 0.180436 -0.076792 0.210823 -0.010876 0.015394 0.111658 0.186706 0.449645 -0.069197 0.180585 0.003199 -0.129384 0.397839 -0.128152 -0.341955 0.195528 -0.038619 -0.124725 0.059606 0.175831 -0.483223 -0.416869 -0.548772 -0.464789 -0.104389 -0.233775 0.156875 -0.229045 -0.331216 0.550667 -0.175553 0.105851 0.013224 -0.050427 -0.301533 -0.283394 -0.164597 -0.436324 -0.411764 -0.211069 0.119534 0.023415 0.022461 0.137034 -0.308667 -0.241943 0.567241 0.371986 0.100735 0.298034 0.307852 0.176936 -0.229424 -0.232667 -0.066727 -0.189864 -0.102617 -0.008172 0.072314 0.011096 -0.024945 -0.325861 0.095241 -0.142929 -0.253767 -0.182097 -0.140574 0.144590 0.086891 0.011774 -0.007161 -0.049670 0.247088 -0.077606 -0.193285 -0.009281 -0.124791 0.046031
0.425481 0.191960 -0.208629 -0.275438 0.181203 -0.262769 0.075659 -0.208328 0.132746 0.083052 0.435627 0.394971 0.390395 0.404312 0.096579 0.126694 0.285296 0.355505 0.472702 0.248961 -0.092208 -0.285813 -0.417155 -0.441560 -0.290272 -0.484840 -0.403456 -0.410980 1.000000 0.617233 -0.067473 -0.117081 -0.079152 0.030528 -0.547804 -0.363312 0.476212 -0.184935 -0.156663 0.052290 0.251277 -0.018193 -0.179453 -0.192600 -0.137583 -0.313123 -0.090318 -0.219144 -0.495424 -0.127841 -0.547379 -0.190294 -0.226955 -0.148706 -0.244927 0.064324 0.077373 0.014771 -0.082524 -0.028508 0.116819 0.045652 0.244586 0.035479 -0.131863 -0.045705 -0.087462 -0.504503 0.123297 -0.255889 0.225340 0.207435 0.789675 0.429495 0.448383 0.585174 0.688981 0.471629 0.175055 0.249734 0.394755 0.219335 0.349278 0.394706 -0.140048 -0.178361 0.096166 -0.068669 -0.318416 -0.326148 0.074907 0.331688 0.039534 0.200887 0.223909 -0.002475 0.011412 0.234739 -0.009665 0.397496 0.133257 0.264876 -0.014228 -0.027234 0.219893 0.016162 0.007463 0.271149 -0.084698 0.203015 -0.113598 -0.028118 0.098378 0.231608 0.257691 -0.238763
0.247278 0.250630 -0.220325 -0.204951 0.182876 -0.357355 0.058966 0.104567 0.052204 0.245662 0.367384 0.536841 0.394403 0.608160 0.177977 0.436041 0.077467 0.479593 0.273847 0.059062 -0.035695 -0.116426 -0.450891 -0.400876 -0.437283 -0.490142 -0.356372 -0.513725 0.617233 1.000000 -0.051835 0.007752 -0.045996 0.099870 -0.515916 -0.398644 0.431363 -0.073784 -0.050917 0.035556 0.118693 0.160104 -0.224471 -0.327968 -0.312543 -0.464122 -0.161409 -0.464643 -0.299017 -0.106823 -0.279706 0.043891 0.027154 0.086233 -0.033449 0.189920 -0.101990 -0.246752 0.119288 0.119990 0.239733 0.222333 0.223068 0.172391 -0.077655 0.114921 -0.120573 -0.658666 0.153876 -0.203961 0.086725 0.397031 0.573939 0.528343 0.501102 0.513748 0.637289 0.414618 -0.143219 0.253106 0.105104 0.118396 0.259925 0.478970 -0.303385 -0.235327 0.075941 -0.257603 -0.189590 -0.044398 -0.064648 0.075815 0.090158 0.173719 0.168301 -0.056016 -0.075613 0.114697 0.011977 0.328849 0.041871 0.113587 0.011652 -0.017718 0.153534 -0.091299 -0.181376 0.195961 -0.293755 0.253678 -0.158449 -0.254967 0.075340 0.038583 0.035036 -0.235256
-0.075268 -0.343137 0.499226 0.219572 0.014154 0.410910 0.373206 0.208045 0.157127 0.009577 -0.133148 -0.192843 -0.269010 -0.296383 0.029267 -0.126213 -0.277250 -0.196194 0.060728 0.067316 0.509230 0.497048 0.624059 0.432373 0.531477 0.581244 0.391920 0.480678 -0.067473 -0.051835 1.000000 0.768739 -0.221554 0.180625 0.390924 0.358947 -0.205383 -0.190265 -0.012606 -0.437273 0.264270 0.123332 -0.116031 -0.100537 0.092831 0.155308 -0.190051 -0.108227 -0.071758 -0.214732 0.126279 -0.335532 -0.412358 0.124410 -0.266425 -0.237660 -0.319080 0.062092 -0.350439 -0.551277 -0.189455 -0.400585 -0.326692 -0.344562 0.424562 -0.198849 -0.465459 0.040577 -0.283412 -0.238473 0.350939 0.154158 0.018590 -0.080826 0.062759 -0.109322 -0.094709 0.137233 0.028545 0.008589 -0.206468 -0.108015 -0.098095 -0.037754 0.452192 -0.006364 -0.076705 -0.290671 0.104309 -0.233373 -0.173292 0.068088 -0.119046 0.071624 0.078246 0.321329 -0.165044 -0.104693 -0.168229 -0.159300 0.067151 -0.032212 -0.254733 -0.095913 -0.200455 0.124859 0.236529 0.031336 0.038707 0.273942 0.074225 -0.017078 0.050754 0.007888 -0.097256 0.086543
-0.134183 -0.385136 0.512376 0.294956 0.029776 0.498917 0.498094 0.470198 0.211800 0.171000 -0.193884 -0.115948 -0.322059 -0.249731 0.019937 -0.061995 -0.317153 -0.299179 0.202142 0.198639 0.431106 0.458142 0.519666 0.550019 0.454291 0.587708 0.359468 0.414311 -0.117081 0.007752 0.768739 1.000000 -0.161641 0.439658 0.299877 0.376077 -0.119958 -0.196857 0.163389 -0.246644 0.263812 0.216023 -0.210907 -0.195856 0.105298 0.157776 -0.174516 -0.140241 -0.122644 -0.229853 0.171616 -0.374420 -0.428336 0.079647 -0.338683 -0.238768 -0.313190 -0.082420 -0.420584 -0.656259 -0.195733 -0.526544 -0.450042 -0.548497 0.522626 -0.050641 -0.494994 0.011781 -0.236380 -0.299483 0.263131 0.222678 0.129252 -0.076194 -0.039805 -0.174185 -0.083140 0.113283 0.014404 -0.035664 -0.285476 -0.171682 -0.123960 -0.013772 0.412420 -0.043450 -0.229294 -0.385512 0.115197 -0.317514 -0.144884 0.062781 -0.163485 0.100509 0.094786 0.216167 -0.149711 0.019065 -0.163713 -0.073727 -0.102167 -0.183708 -0.282057 -0.106178 -0.107243 0.129428 0.144581 -0.027653 0.023694 0.163350 0.090360 0.013170 0.102997 0.060610 -0.140372 0.143528
0.136027 0.233051 -0.360526 -0.083928 -0.437742 -0.176623 -0.308029 -0.065966 -0.563948 -0.332292 -0.176414 -0.141688 -0.067101 -0.080615 -0.087812 -0.156527 0.211966 -0.235924 0.078519 -0.237663 -0.040399 -0.195621 -0.169266 -0.183745 -0.154438 -0.054405 -0.150985 0.041801 -0.079152 -0.045996 -0.221554 -0.161641 1.000000 -0.028232 -0.141059 -0.381511 -0.148760 0.095527 -0.192078 0.050883 0.079478 -0.098244 -0.115958 -0.096572 0.033903 0.146600 -0.053316 -0.045959 0.042057 0.070995 0.184291 0.137890 0.065033 -0.019188 0.162174 -0.033130 0.384470 0.030319 -0.020425 0.117726 -0.215525 0.081105 0.370463 0.136528 -0.240017 -0.015588 0.283585 0.139562 0.575936 0.442294 -0.425340 -0.087524 -0.069976 -0.169705 -0.039331 -0.194170 -0.057067 -0.082710 0.074820 0.178525 0.210652 0.217514 -0.041162 0.031221 0.029472 0.340434 0.238133 0.314871 0.116194 0.243446 -0.360905 -0.092431 -0.133747 -0.329036 -0.177288 -0.097769 0.094585 0.124039 0.213094 0.010030 0.142098 -0.036842 0.139891 -0.022366 0.185827 -0.183099 0.083182 0.104743 -0.046520 -0.065983 -0.080521 -0.017559 -0.123460 0.085003 -0.306605 -0.200805
-0.098333 -0.055525 0.230001 0.189929 0.149977 0.080150 0.332753 0.452965 0.203447 0.411822 0.005837 0.024084 -0.013328 0.155073 0.128163 0.273836 -0.107377 -0.000448 0.114302 0.362138 0.057057 -0.110732 -0.018444 0.289842 0.040382 0.075728 -0.021833 -0.107472 0.030528 0.099870 0.180625 0.439658 -0.028232 1.000000 -0.015832 0.105662 0.058119 -0.145907 0.105000 -0.065402 -0.133862 0.400160 -0.113074 -0.160921 -0.152212 -0.162345 -0.171743 -0.155341 -0.079205 -0.219573 -0.022083 -0.311194 -0.081170 -0.177287 -0.248521 -0.297219 -0.158185 -0.059259 -0.190719 -0.113403 0.009004 -0.030993 -0.240751 -0.123756 0.205090 0.061153 -0.155239 -0.116273 -0.131664 -0.056496 0.201298 0.041068 0.141401 0.112680 0.058558 0.118908 0.057183 -0.017881 -0.154521 -0.134415 -0.196355 -0.204879 -0.039951 0.027419 -0.131480 -0.326190 -0.355363 -0.504855 -0.006321 -0.120353 0.057095 -0.053440 -0.058726 0.183716 -0.116411 0.057029 -0.181893 -0.072703 -0.292575 -0.186252 -0.145379 0.004070 0.046979 0.198256 0.199391 0.200868 0.183863 0.019655 0.242998 -0.036845 -0.045696 0.006174 0.080442 0.167212 0.018387 -0.080956
-0.215136 -0.451939 0.470099 0.335558 -0.133974 0.334047 0.278317 0.260833 0.185240 -0.004982 -0.325013 -0.441684 -0.334177 -0.474444 0.026612 -0.152504 -0.441541 -0.458439 -0.100286 -0.007350 0.292464 0.376134 0.622322 0.483616 0.358213 0.545584 0.476679 0.493461 -0.547804 -0.515916 0.390924 0.299877 -0.141059 -0.015832 1.000000 0.720244 -0.386188 0.079887 0.171582 -0.037735 0.067174 0.153694 -0.082297 0.006438 0.214554 0.328318 -0.108837 0.179640 0.121796 -0.105866 0.507720 -0.148846 -0.197514 -0.003295 -0.146330 -0.289936 -0.171888 0.033817 -0.027715 -0.374622 -0.055199 -0.331889 -0.445325 -0.395521 0.427621 0.000490 -0.243580 0.324912 -0.371879 -0.123749 -0.052648 -0.048788 -0.320474 -0.107808 -0.194950 -0.286439 -0.469780 -0.205186 -0.063087 -0.182138 -0.384344 -0.304558 0.006041 -0.402936 0.403263 0.196557 -0.210503 -0.036035 0.356953 0.014258 -0.134544 -0.100151 -0.032456 -0.022851 0.086440 0.262004 -0.197686 -0.103221 -0.193091 -0.435938 -0.029801 -0.172117 -0.027847 0.135112 -0.416074 0.136992 0.069682 -0.372202 0.252440 0.035810 0.217896 -0.023885 -0.165518 -0.260742 -0.070245 0.303873
-0.315047 -0.470770 0.438510 0.243273 -0.038190 0.472365 0.308348 0.295890 0.227231 0.105899 -0.355784 -0.303809 -0.347180 -0.419139 -0.092388 -0.250701 -0.435690 -0.404983 -0.020867 0.153437 0.254306 0.363817 0.538222 0.496838 0.476539 0.581671 0.382616 0.459171 -0.363312 -0.398644 0.358947 0.376077 -0.381511 0.105662 0.720244 1.000000 -0.246954 -0.013563 0.077799 0.034512 0.016349 0.176313 -0.060829 0.041840 0.294091 0.407236 -0.056989 0.227939 0.015411 -0.082627 0.286831 -0.272430 -0.205476 -0.026452 -0.333562 -0.291467 -0.296014 0.025052 -0.063984 -0.398889 -0.073058 -0.348852 -0.481481 -0.442832 0.345970 -0.020973 -0.322592 0.415421 -0.496612 -0.215117 0.134578 -0.000533 -0.168433 -0.044586 -0.178307 -0.275590 -0.377768 -0.180324 0.005251 -0.205910 -0.400594 -0.345404 -0.040453 -0.452370 0.213056 0.119671 -0.364282 -0.088961 0.053663 -0.145346 0.023041 -0.026879 0.048182 0.075008 0.045731 0.110740 -0.274225 -0.168378 -0.306544 -0.396620 -0.026999 -0.039913 -0.094426 0.070922 -0.322194 0.233004 0.029693 -0.331217 0.160596 -0.075717 0.333106 -0.092694 -0.105000 -0.102040 0.101961 0.304576
