1.000000 0.099100 0.133803 -0.048261 -0.221079 -0.352252 0.286526 0.412908 -0.381358 -0.415924 0.180259 0.256236 -0.246978 0.259778 -0.291663 -0.182122 0.151844 0.547952 0.343655 0.137221 0.062948 -0.027994 0.011423 -0.183701 -0.263810 -0.179503 -0.203123 0.053376 0.199588 0.177339 0.255071 0.194257 0.306071 0.395216 -0.217792 -0.173479 -0.202504 -0.088449 -0.132054 -0.085184 -0.034843 -0.080448 0.050890 0.038223 0.040708 0.144089 -0.166611 -0.005192 0.033135 0.102759 0.118694 0.086922 -0.069537 0.272650 -0.207494 -0.018067 0.563984 -0.419414 -0.046499 -0.429937 0.504346 -0.184669 0.571297 0.272354 -0.042061 -0.295467 -0.370031 -0.305084 -0.314529 -0.333501 0.049442 0.104553 0.352043 0.058406 0.236718 -0.079676 0.053828 -0.184675 0.240964 0.211103 -0.033080 0.199652 -0.277393 -0.231517 -0.110762 -0.045864 -0.224413 -0.121069 -0.075791 -0.003272 -0.095108 -0.087529 -0.344825 0.115785 -0.527093 -0.063438 -0.280697 -0.190467 -0.219936 -0.093278 -0.147299 0.309643 -0.270242 0.345829 -0.485365 -0.333394 -0.288123 -0.153204 -0.071455 -0.169257 -0.200074 -0.077243 -0.413237 -0.210656 -0.209654 -0.037394
0.099100 1.000000 -0.687069 -0.302028 -0.171403 0.152210 -0.616389 0.102934 -0.215866 0.145883 -0.507927 0.256865 -0.336129 0.152295 -0.087558 0.070176 -0.391561 -0.026730 -0.159556 0.365110 0.132786 0.170484 -0.614679 -0.448787 0.024360 0.056289 0.192000 0.152690 -0.059892 -0.272347 0.026681 -0.127162 -0.180962 0.081796 -0.397737 0.013579 -0.115732 -0.129285 -0.209814 -0.064670 0.096026 0.019550 -0.211484 -0.226678 -0.055068 0.005676 -0.040711 -0.011431 -0.085460 0.040772 -0.165228 0.231862 0.163292 0.012608 -0.098703 0.006547 -0.040514 0.443056 0.224307 0.314686 0.045145 0.435874 -0.069097 0.352061 -0.423743 0.254171 -0.024674 0.079883 0.423370 0.306657 -0.141507 -0.006042 -0.236007 -0.236175 -0.265186 -0.259940 -0.380428 -0.414312 -0.120538 -0.142605 -0.017955 -0.013259 0.022509 -0.028716 -0.262125 -0.307895 -0.258426 -0.162415 -0.090286 0.028858 0.369725 -0.016629 0.303571 0.074942 0.050560 -0.126270 -0.005627 -0.024450 0.122717 -0.107205 0.178786 0.044850 0.484783 0.181136 0.317536 -0.108249 0.414283 0.181525 -0.061210 0.103341 0.013701 -0.358212 -0.108400 -0.097320 -0.048444 -0.095226
0.133803 -0.687069 1.000000 0.274645 0.390070 -0.055689 0.764638 0.099891 0.253079 -0.145242 0.305758 -0.376882 0.229283 -0.263182 0.147610 -0.132650 0.132906 0.121839 0.339912 -0.058601 -0.054606 -0.064883 0.587791 0.346244 -0.004487 -0.174433 -0.226697 -0.006555 -0.055300 0.110556 -0.002811 0.033474 0.193526 -0.013420 0.283276 0.050364 0.040364 -0.064557 0.366656 0.208933 0.083873 -0.199620 -0.122703 -0.075742 -0.096513 -0.115747 -0.311357 0.003286 0.018008 -0.171832 0.366615 -0.224011 -0.132510 -0.117553 0.070745 0.075274 0.023883 -0.432666 -0.148215 -0.268492 0.099289 -0.430313 0.103483 -0.242545 0.304770 -0.435510 0.024442 0.030287 -0.424772 -0.125698 0.185282 0.008900 0.192343 0.086853 0.111039 0.041838 0.095941 0.340587 -0.107522 0.120514 -0.170159 -0.098881 -0.060143 0.009753 0.068965 0.105574 0.216883 0.016840 0.165653 0.001321 -0.365822 0.170341 -0.467839 0.186250 -0.218322 0.126637 0.105258 0.174853 -0.148812 0.072300 -0.023354 0.299450 -0.510664 0.158264 -0.438412 -0.031747 -0.346112 -0.166508 0.173549 -0.140121 0.120721 0.330058 -0.025989 0.068782 -0.043772 0.024866
-0.048261 -0.302028 0.274645 1.000000 0.129702 -0.002274 0.157834 0.123818 0.156150 -0.076167 0.217022 -0.325434 -0.226957 -0.318277 -0.022332 0.204736 -0.216160 -0.270376 0.429092 0.107085 -0.077609 0.043341 0.533921 0.491700 0.038033 0.047747 -0.103200 0.083505 -0.410895 -0.281646 -0.081672 0.011465 -0.142016 -0.310086 0.161237 -0.029300 0.336985 0.004085 0.352266 0.146158 0.220738 0.150911 -0.044151 -0.024253 -0.097614 -0.184029 0.014189 0.095348 0.066740 -0.082505 -0.014809 -0.136045 -0.201282 -0.221048 -0.248757 0.358489 -0.060295 -0.033880 -0.301176 -0.254855 -0.227694 -0.199676 -0.113863 -0.383416 0.271425 -0.164459 -0.008579 -0.111989 -0.032770 0.106609 -0.009131 -0.156262 -0.228113 -0.167936 0.020891 0.100295 0.076373 0.117524 -0.309439 -0.296602 -0.348285 -0.413432 0.023000 0.129197 0.138402 0.123015 0.362733 0.224784 0.386862 0.359699 -0.122944 0.107886 0.029811 0.279956 -0.088854 0.163529 0.309127 0.170172 0.242124 0.324141 0.083878 0.267771 -0.115741 -0.063213 -0.082715 0.024412 -0.123464 -0.313654 0.331777 -0.131319 -0.030703 0.413303 -0.203183 -0.112051 -0.025241 0.046773
-0.221079 -0.171403 0.390070 0.129702 1.000000 0.458187 0.388322 -0.074164 0.470248 0.228524 0.063808 -0.163794 0.252531 -0.145682 0.462558 0.320188 -0.343432 -0.232426 0.113705 -0.007105 0.096797 0.102775 0.222653 0.322820 0.441924 0.076754 0.216588 0.072771 -0.148402 -0.165728 -0.117761 -0.118993 0.044591 -0.154742 -0.040994 0.086533 -0.071584 -0.271004 0.378487 0.201758 0.085512 -0.175942 -0.257479 -0.285163 -0.148688 -0.235793 -0.246549 -0.212068 -0.064073 -0.221587 -0.083840 -0.155079 -0.190989 -0.359438 -0.084662 -0.167268 -0.331731 -0.097858 0.170116 0.221560 0.100394 0.013476 -0.118483 -0.056671 0.091373 -0.114607 0.146797 0.217297 -0.003184 0.052845 0.005255 -0.201214 -0.202726 -0.119906 -0.221821 0.009946 -0.251375 0.007774 -0.385952 0.023027 -0.256757 -0.186107 0.142326 0.050777 0.010491 0.085713 0.127508 -0.123219 0.135611 0.028646 -0.064751 0.290638 0.070988 0.104893 0.045475 -0.014683 0.098725 0.052484 -0.069243 0.206063 0.349100 0.071563 0.077903 -0.028194 -0.084230 -0.002909 -0.109343 0.025861 -0.071358 -0.091248 -0.019377 0.093535 0.221937 0.074780 0.107605 0.068817
-0.352252 0.152210 -0.055689 -0.002274 0.458187 1.000000 -0.091313 -0.250154 0.651203 0.809871 -0.347792 -0.217463 0.188560 -0.402973 0.696571 0.383759 -0.258733 -0.394130 -0.191423 0.215706 -0.279944 -0.076423 -0.135016 0.264931 0.165524 -0.150664 0.133125 -0.121317 -0.222256 -0.181429 -0.506829 -0.504767 -0.078856 -0.222433 0.069287 0.180742 0.274073 -0.036277 0.293388 0.391731 0.192868 0.088637 -0.402750 -0.382745 -0.247047 -0.288756 -0.081053 -0.055900 -0.395804 -0.204009 -0.277447 -0.267970 -0.155023 -0.412948 -0.186633 0.275826 -0.209180 0.009044 0.207385 0.394979 -0.098346 0.524654 -0.292919 -0.009006 -0.380976 0.344815 0.091706 0.044355 0.353769 0.319088 -0.309791 -0.403522 -0.239913 -0.044092 -0.224396 0.184067 -0.122942 -0.010221 -0.227700 -0.255871 -0.105321 -0.444583 -0.087265 0.296569 -0.358330 -0.416809 -0.062053 -0.399330 0.217922 0.393568 0.398485 0.291733 0.541025 0.390499 0.179515 0.226916 0.231863 0.085773 0.478107 0.271726 0.269736 0.169986 0.310587 0.123487 0.071271 0.331285 0.182439 -0.002364 0.254834 -0.187654 0.127430 0.408654 0.174935 -0.056495 0.023496 0.359349
0.286526 -0.616389 0.764638 0.157834 0.388322 -0.091313 1.000000 0.262670 0.092063 -0.210553 0.536557 -0.056508 0.423289 0.079679 0.004025 0.039328 0.186795 0.327507 0.173617 -0.270144 0.069961 -0.079410 0.511819 0.312947 0.124919 -0.127638 -0.023527 -0.014795 0.089747 0.233223 0.094501 0.038165 0.180356 -0.001769 0.099519 -0.028342 -0.190025 -0.092318 0.190836 0.174129 -0.030462 -0.215705 0.156380 0.188688 -0.042454 0.052110 -0.202898 0.041180 0.114603 -0.000910 0.236111 -0.040506 -0.168316 0.105811 0.012084 -0.027846 0.070404 -0.440934 -0.205249 -0.286149 0.109499 -0.340896 0.132049 -0.195266 0.204367 -0.293200 -0.253149 -0.069173 -0.630841 -0.338922 0.260292 0.127639 0.306105 0.215212 0.156624 0.038811 0.073056 0.219041 -0.134227 0.245821 -0.319348 -0.056479 -0.290528 -0.247353 -0.050486 0.022590 0.020554 -0.121804 -0.005853 -0.007010 -0.405121 0.113008 -0.394737 0.140681 -0.322564 0.105431 -0.080378 0.067683 -0.228792 -0.080995 -0.047291 0.282856 -0.535608 0.098800 -0.565015 -0.124624 -0.363090 -0.113414 0.116426 -0.176731 0.031363 0.186502 -0.238531 0.067151 -0.032344 -0.019243
0.412908 0.102934 0.099891 0.123818 -0.074164 -0.250154 0.262670 1.000000 -0.404083 -0.226966 0.039098 0.574571 -0.312626 0.450835 -0.435972 0.019333 -0.037389 0.428747 0.054321 -0.031492 0.213540 0.195368 -0.230947 -0.217853 -0.090182 0.039419 -0.127906 -0.048308 0.116497 0.218378 0.390871 0.376634 0.220548 0.233823 -0.218764 0.052604 -0.198019 -0.059788 -0.275122 -0.040381 0.022248 0.014488 0.115758 0.054834 -0.047962 0.051873 -0.086773 -0.029788 0.103955 -0.000963 0.144659 0.167044 -0.152499 0.196597 -0.072693 0.066012 0.097279 -0.123771 -0.308784 -0.401411 0.286184 0.035863 0.279137 0.206520 -0.069074 0.074706 -0.440970 -0.235800 -0.480048 -0.303618 0.089924 0.427834 0.314742 0.155065 0.205595 0.040298 -0.034263 -0.020852 -0.134640 0.164783 -0.324733 0.034170 -0.397050 -0.201098 -0.239706 0.016482 -0.429622 -0.079290 -0.160630 -0.139889 0.003568 -0.307879 0.022775 -0.097252 -0.401822 -0.133104 -0.255342 -0.137787 -0.336387 -0.298933 0.106130 0.097604 -0.300272 0.041141 -0.193859 -0.254230 -0.124851 -0.235913 -0.007700 -0.143383 -0.279405 -0.305550 -0.378091 -0.066973 -0.052793 -0.228522
-0.381358 -0.215866 0.253079 0.156150 0.470248 0.651203 0.092063 -0.404083 1.000000 0.699966 -0.152210 -0.361269 0.188858 -0.618623 0.664980 -0.118842 -0.022639 -0.192764 -0.128318 0.147417 -0.332492 -0.219235 0.212166 0.397806 0.039833 -0.379342 -0.172149 -0.311124 -0.125287 -0.007579 -0.493971 -0.377231 0.112790 -0.201806 0.230557 -0.035017 0.253901 -0.083055 0.249409 0.165857 0.165791 0.000667 -0.339045 -0.415689 -0.156368 -0.306038 -0.198681 -0.230245 -0.280155 -0.213641 -0.121188 -0.357149 -0.141725 -0.464796 -0.164230 0.054828 -0.235018 -0.233152 0.027225 0.204248 -0.030329 0.227083 -0.082221 0.060947 -0.079341 0.072062 0.090937 0.074661 0.106786 0.236226 -0.192731 -0.332874 -0.135795 0.109210 -0.027914 0.180594 -0.039185 0.109750 -0.015601 -0.016011 0.051936 -0.193518 0.060637 0.418067 -0.025094 0.042621 0.124076 -0.152391 0.348212 0.365833 0.233035 0.336748 0.210776 0.270803 0.239684 0.194776 -0.028611 0.051411 0.281046 0.351800 0.163347 0.102556 0.034004 0.012679 0.001745 0.358188 0.194454 0.115445 0.201113 -0.156068 0.037044 0.572118 0.244665 -0.252850 -0.001377 0.295458
-0.415924 0.145883 -0.145242 -0.076167 0.228524 0.809871 -0.210553 -0.226966 0.699966 1.000000 -0.299436 -0.129523 0.193162 -0.427625 0.679514 0.199512 -0.095852 -0.283121 -0.393087 0.143620 -0.477158 -0.157159 -0.256191 0.151290 -0.077404 -0.370557 -0.053869 -0.269218 -0.084723 -0.034707 -0.662075 -0.545372 -0.102066 -0.279406 -0.033017 0.135376 0.177887 -0.067748 0.094949 0.285906 0.164985 0.068490 -0.396569 -0.443621 -0.334197 -0.301694 -0.107947 -0.179604 -0.443873 -0.285709 -0.283585 -0.299346 -0.012238 -0.384992 -0.153018 0.149495 -0.272751 -0.016948 0.198133 0.415046 0.006560 0.619566 -0.239740 0.206789 -0.325633 0.540543 0.085459 0.069100 0.282304 0.273874 -0.414727 -0.448613 -0.175251 -0.009619 -0.095396 0.134350 -0.108998 0.066136 -0.068358 -0.191492 0.012590 -0.309051 -0.069034 0.432409 -0.243323 -0.323034 -0.182641 -0.274133 0.275416 0.417402 0.541981 0.242337 0.658733 0.302526 0.285208 0.252772 0.138579 0.081413 0.474294 0.270796 0.258494 0.108276 0.288052 0.167821 0.110191 0.444142 0.278382 0.064190 0.242733 -0.075348 0.118569 0.349567 0.284423 -0.078505 0.007620 0.411988
0.180259 -0.507927 0.305758 0.217022 0.063808 -0.347792 0.536557 0.039098 -0.152210 -0.299436 1.000000 0.145276 0.415315 0.354496 -0.113043 0.226764 0.282120 0.177578 0.198400 -0.361749 0.077241 -0.140416 0.579056 0.389518 0.119817 0.154717 0.084147 0.085559 0.112217 0.175061 0.209344 0.207884 -0.051094 -0.019478 0.140347 0.082634 -0.161143 0.322746 0.118914 0.121086 -0.118898 -0.142953 0.301310 0.391635 -0.004257 0.182064 -0.131863 0.224352 0.164546 0.015840 0.007606 -0.002205 -0.021912 0.234631 0.040535 -0.224724 0.027982 -0.282457 -0.217080 -0.307097 -0.088353 -0.443868 -0.011139 -0.268461 0.462853 -0.205664 -0.188051 -0.026856 -0.523551 -0.383238 0.208503 0.116563 0.183008 0.136837 0.224925 0.106700 0.252913 0.276727 -0.141615 0.174705 -0.288698 -0.062616 -0.024538 -0.159452 0.280664 0.187439 0.094645 0.238569 -0.153609 -0.217873 -0.347547 0.035815 -0.233191 -0.159789 -0.077475 0.153705 -0.073537 0.053286 -0.393951 -0.191776 -0.269197 -0.046322 -0.368369 -0.151468 -0.397835 -0.118619 -0.343590 -0.101737 0.061401 -0.002359 0.063282 -0.130065 -0.072245 0.269962 0.101048 0.173862
0.256236 0.256865 -0.376882 -0.325434 -0.163794 -0.217463 -0.056508 0.574571 -0.361269 -0.129523 0.145276 1.000000 -0.022526 0.801487 -0.324195 0.015694 0.184724 0.449492 -0.154045 -0.190645 0.340850 0.106688 -0.416856 -0.289628 0.044018 0.129396 0.110336 -0.125842 0.366894 0.414318 0.423992 0.419848 0.264533 0.411630 -0.194018 0.076240 -0.361062 0.146080 -0.470166 -0.203852 -0.270117 0.011310 0.311180 0.198269 0.080527 0.101021 0.081075 -0.126532 0.143971 0.029027 -0.035667 0.184683 0.023200 0.318125 0.056832 -0.322759 -0.062221 -0.134610 -0.129302 -0.246971 0.298549 0.172542 0.294899 0.386134 -0.137390 0.259486 -0.397045 -0.359749 -0.304610 -0.450619 -0.003427 0.519137 0.334870 0.247428 0.206112 0.210323 0.099401 -0.069784 0.102975 0.355481 -0.054150 0.216918 -0.231172 -0.174986 -0.153541 0.170510 -0.476048 0.037021 -0.412819 -0.375228 0.030526 -0.359222 0.189912 -0.438733 -0.219051 -0.246330 -0.470945 -0.292660 -0.498352 -0.475024 -0.084437 -0.357940 -0.127364 -0.233620 -0.003124 -0.197226 0.013341 0.098926 -0.311123 0.030005 -0.328603 -0.470364 -0.071427 0.053993 0.158180 -0.208840
-0.246978 -0.336129 0.229283 -0.226957 0.252531 0.188560 0.423289 -0.312626 0.188858 0.193162 0.415315 -0.022526 1.000000 0.132320 0.433447 0.246343 0.270238 -0.087952 -0.277612 -0.406160 -0.093375 -0.196534 0.121502 0.151362 0.159188 -0.149743 0.184144 -0.002807 0.234583 0.267590 -0.179497 -0.262301 -0.061324 -0.119314 0.005991 0.114030 -0.088670 0.155191 0.159617 0.243552 -0.137418 -0.057174 0.049481 0.083517 -0.029644 -0.017875 -0.119392 0.002768 0.019031 -0.076735 -0.021367 -0.045016 0.256756 0.011087 0.303997 -0.153441 -0.255103 -0.154827 0.278917 0.326333 -0.086726 -0.070741 -0.285309 -0.124696 -0.070900 0.068858 0.144334 0.145412 -0.287615 -0.184672 0.043851 -0.055138 0.087372 0.258571 0.016761 0.145531 0.116710 0.217966 -0.113668 0.120147 -0.044851 -0.094476 0.042761 0.064269 -0.002056 -0.103551 0.051912 0.014285 -0.076860 -0.053840 -0.238325 0.157437 -0.010959 -0.064575 -0.057836 0.190621 0.029834 0.123496 0.027895 -0.085589 0.023756 -0.083868 -0.083552 -0.064488 -0.192214 0.022222 -0.144045 0.101387 -0.023226 0.080020 0.183382 0.091967 0.181422 0.373325 -0.002476 0.121095
0.259778 0.152295 -0.263182 -0.318277 -0.145682 -0.402973 0.079679 0.450835 -0.618623 -0.427625 0.354496 0.801487 0.132320 1.000000 -0.428348 0.141991 0.189631 0.367314 -0.007280 -0.388433 0.491547 0.055429 -0.224668 -0.251118 0.219084 0.345113 0.311017 0.164457 0.297398 0.296308 0.570459 0.482568 0.119857 0.336558 -0.175539 0.017038 -0.472217 0.239210 -0.380959 -0.224338 -0.383805 -0.015972 0.442436 0.362974 0.114226 0.158646 0.127340 -0.089813 0.295735 0.072121 0.113931 0.265298 0.180598 0.470182 0.158834 -0.438290 0.061629 -0.023794 -0.108755 -0.187891 0.148446 -0.108721 0.172369 0.174448 0.045956 0.034461 -0.229073 -0.223574 -0.317871 -0.481052 0.073442 0.525725 0.283299 0.168483 0.181326 0.090447 0.104650 -0.103627 0.075934 0.361979 -0.105143 0.280471 -0.160512 -0.418004 -0.026760 0.143619 -0.317870 0.060977 -0.501167 -0.548886 -0.210534 -0.316954 -0.062175 -0.543159 -0.261540 -0.302160 -0.408090 -0.285765 -0.571742 -0.527809 -0.077692 -0.400636 -0.198458 -0.287835 -0.008025 -0.287819 -0.081059 0.143023 -0.405906 0.060673 -0.274011 -0.584612 -0.058195 0.272566 0.193838 -0.267711
-0.291663 -0.087558 0.147610 -0.022332 0.462558 0.696571 0.004025 -0.435972 0.664980 0.679514 -0.113043 -0.324195 0.433447 -0.428348 1.000000 0.287356 -0.019372 -0.345163 -0.105861 0.185624 -0.383489 -0.200067 0.042984 0.300386 0.018595 -0.260283 -0.064396 -0.148443 0.070525 0.033263 -0.508710 -0.418486 -0.032915 -0.135642 -0.051683 0.083944 0.266498 -0.010890 0.339944 0.332759 0.133136 0.149345 -0.485134 -0.500824 -0.258704 -0.358042 -0.227397 -0.096268 -0.402758 -0.321396 -0.312766 -0.373616 -0.038939 -0.381402 -0.069330 0.073475 -0.157086 -0.126755 0.300865 0.370633 0.009005 0.184601 -0.215473 0.068869 -0.181349 0.079803 0.157844 0.080505 0.234011 0.238623 -0.227682 -0.502596 -0.073696 0.109442 -0.080261 0.190818 0.035313 0.123162 -0.111184 -0.208267 0.018452 -0.246451 0.242184 0.485942 -0.034501 -0.241198 0.052001 -0.156365 0.285896 0.239336 0.305249 0.306101 0.339566 0.258690 0.120553 0.309251 0.170422 0.068884 0.380560 0.308922 0.234225 0.060002 0.251726 0.151079 -0.066924 0.218842 0.011230 -0.105398 0.151685 -0.136483 0.179725 0.400386 0.415867 0.075802 -0.042739 0.262713
-0.182122 0.070176 -0.132650 0.204736 0.320188 0.383759 0.039328 0.019333 -0.118842 0.199512 0.226764 0.015694 0.246343 0.141991 0.287356 1.000000 -0.329557 -0.444566 0.056022 0.046025 -0.060629 0.105248 0.084243 0.314582 0.307271 0.399150 0.391518 0.171686 -0.174095 -0.320283 -0.175522 -0.163187 -0.403337 -0.287247 -0.168699 0.256460 0.140330 0.034461 0.410253 0.438888 0.095996 0.124758 -0.083280 0.029194 -0.281487 -0.145844 -0.021858 0.274707 -0.196263 -0.213164 -0.369042 -0.145778 -0.059359 -0.162289 -0.131565 0.175425 -0.101683 0.223534 0.147052 0.161247 -0.143955 0.169042 -0.390064 -0.310383 -0.041601 0.214764 -0.009564 0.043338 0.180610 0.110574 -0.040429 -0.258661 -0.207899 -0.202070 -0.186595 0.019215 -0.070897 0.050244 -0.555899 -0.485200 -0.556508 -0.583147 -0.003147 0.015024 -0.043013 -0.337631 0.000713 -0.242895 0.105560 0.174768 0.177955 0.142866 0.463469 0.220090 -0.037877 0.267017 0.404536 0.045687 0.257518 0.029416 0.104354 0.110072 0.342289 -0.019283 -0.070157 -0.092331 -0.227505 -0.309335 0.236082 -0.071202 0.226720 -0.013324 0.033403 0.300004 -0.002964 0.241247
0.151844 -0.391561 0.132906 -0.216160 -0.343432 -0.258733 0.186795 -0.037389 -0.022639 -0.095852 0.282120 0.184724 0.270238 0.189631 -0.019372 -0.329557 1.000000 0.400299 -0.089670 -0.315112 -0.206284 -0.122839 -0.004822 -0.016091 -0.386297 -0.291740 -0.302400 -0.201586 0.602303 0.520770 -0.090761 -0.042483 0.282621 -0.001846 0.048376 -0.232303 0.171487 0.346363 -0.224508 0.046964 -0.153946 0.064345 0.276740 0.267908 0.145263 0.062106 0.102002 0.004021 0.103744 0.059521 0.065300 -0.051126 -0.026929 0.246409 0.169927 -0.064271 0.151110 -0.382394 -0.100934 -0.068596 0.111915 -0.225774 0.302039 0.103361 0.000523 -0.074386 0.017069 -0.273485 -0.315089 -0.298939 0.119964 0.063067 0.591910 0.384016 0.419570 0.250099 0.541312 0.233654 0.553731 0.337004 0.382490 0.283912 -0.076186 0.090791 -0.095001 0.123007 0.082397 0.337162 -0.268936 -0.084560 -0.141832 -0.237923 -0.147403 -0.330426 -0.149307 0.173269 -0.333040 -0.019447 -0.135738 0.020537 -0.350405 -0.289530 -0.251274 -0.272358 -0.198779 0.037489 -0.256076 -0.088800 0.090866 -0.021928 -0.229627 0.123589 0.159752 0.081415 0.048509 -0.040318
0.547952 -0.026730 0.121839 -0.270376 -0.232426 -0.394130 0.327507 0.428747 -0.192764 -0.283121 0.177578 0.449492 -0.087952 0.367314 -0.345163 -0.444566 0.400299 1.000000 -0.123903 -0.266560 0.198832 -0.020886 -0.034221 -0.241486 -0.136168 -0.156332 -0.194016 -0.189020 0.527784 0.572690 0.343767 0.261217 0.451686 0.398789 -0.088911 -0.072251 -0.335193 0.018569 -0.294371 -0.154020 -0.102077 -0.032459 0.183138 0.095808 0.258939 0.137258 -0.083356 -0.158051 0.285107 0.193926 0.205672 0.247787 0.051845 0.367740 0.167232 -0.200934 0.319975 -0.317230 -0.089080 -0.296688 0.376162 -0.186798 0.557080 0.430473 -0.013921 -0.148711 -0.340472 -0.338642 -0.492356 -0.528010 0.235654 0.360236 0.617411 0.457424 0.439912 0.101625 0.139413 0.038182 0.251346 0.601147 0.000621 0.466675 -0.368933 -0.250936 -0.172180 0.128801 -0.452909 -0.065723 -0.336319 -0.314917 -0.246791 -0.366924 -0.317668 -0.329065 -0.351664 -0.081429 -0.561021 -0.228048 -0.387448 -0.316089 -0.021298 -0.080274 -0.401245 0.056015 -0.283900 -0.192407 -0.027286 0.045126 -0.095363 -0.074166 -0.297980 -0.246170 -0.140086 -0.091564 -0.142307 -0.129714
0.343655 -0.159556 0.339912 0.429092 0.113705 -0.191423 0.173617 0.054321 -0.128318 -0.393087 0.198400 -0.154045 -0.277612 -0.007280 -0.105861 0.056022 -0.089670 -0.123903 1.000000 0.434550 0.090783 -0.190793 0.408433 0.315673 -0.020090 0.068088 -0.074690 0.077517 -0.368768 -0.208969 0.180769 0.260935 -0.155390 0.090727 0.061266 -0.028953 0.178307 0.148246 0.220741 -0.124724 -0.005891 0.210487 0.084101 0.054139 -0.065493 0.084079 -0.032254 0.188361 -0.037543 -0.090689 0.092802 -0.256773 -0.310641 0.083227 -0.460001 0.046947 0.114007 -0.155241 -0.371092 -0.512517 0.057714 -0.496485 0.229389 -0.383665 0.205109 -0.595334 -0.234059 -0.155286 0.061508 0.122343 0.006252 0.043951 -0.088595 -0.232484 0.096497 0.077711 0.072678 0.087442 -0.095921 -0.093128 -0.106865 -0.056108 0.174578 0.002941 0.121952 0.048345 0.295196 0.083655 0.081724 0.025481 -0.150404 0.247984 -0.258975 0.272427 -0.170975 -0.039528 0.142921 0.037782 -0.105700 0.164404 -0.140548 0.290063 -0.193909 0.067386 -0.160717 -0.014068 -0.352559 -0.251740 -0.023615 -0.087237 0.046253 0.268035 -0.223415 -0.045469 0.124335 -0.140625
0.137221 0.365110 -0.058601 0.107085 -0.007105 0.215706 -0.270144 -0.031492 0.147417 0.143620 -0.361749 -0.190645 -0.406160 -0.388433 0.185624 0.046025 -0.315112 -0.266560 0.434550 1.000000 -0.177893 0.041856 -0.067309 0.088217 -0.210754 -0.096626 -0.097491 -0.026572 -0.246008 -0.311618 -0.163329 -0.086496 -0.278991 0.052090 -0.213639 0.018548 0.268076 -0.250891 0.225843 0.006056 0.332076 0.153960 -0.388979 -0.360778 -0.281108 -0.027495 -0.416344 0.210948 -0.488127 -0.128730 -0.303681 -0.272568 -0.186064 -0.232041 -0.389487 0.183678 0.078324 0.021294 -0.131122 -0.228959 0.005934 0.035812 0.129110 -0.022858 -0.331755 -0.197602 -0.228219 0.084217 0.426269 0.618672 -0.041329 -0.121058 -0.243491 -0.235609 -0.057586 -0.177415 -0.270291 -0.038313 -0.140890 -0.505308 -0.012683 -0.285632 0.271845 0.372090 -0.024073 -0.187796 0.055653 -0.124693 0.357039 0.391938 0.493795 0.381599 0.101384 0.553535 -0.014060 0.028707 0.194588 0.050459 0.183994 0.123564 0.067410 0.448309 0.284210 0.430332 -0.032972 0.009815 0.084414 -0.203136 0.105602 -0.211787 0.230279 0.212362 -0.198008 -0.291594 -0.121833 0.005693
0.062948 0.132786 -0.054606 -0.077609 0.096797 -0.279944 0.069961 0.213540 -0.332492 -0.477158 0.077241 0.340850 -0.093375 0.491547 -0.383489 -0.060629 -0.206284 0.198832 0.090783 -0.177893 1.000000 0.331004 0.133152 0.002141 0.589699 0.593281 0.501078 0.404838 -0.003479 -0.030788 0.724559 0.530366 0.114016 0.324366 0.069617 0.039528 -0.422887 0.041228 -0.100192 -0.150930 -0.154192 0.007150 0.342586 0.298210 0.296797 0.105373 0.045226 -0.003211 0.469284 0.258209 0.079687 0.376678 0.134461 0.358057 0.230182 -0.348861 0.000482 0.203427 -0.233706 -0.203691 -0.185009 -0.253633 -0.010469 -0.056164 0.129362 -0.145716 -0.181057 -0.121383 -0.103313 -0.203216 0.379322 0.541473 -0.097387 0.099374 -0.065152 -0.056170 -0.269489 -0.217928 -0.135584 0.186462 -0.184759 0.213447 0.002141 -0.471952 -0.039170 0.181210 -0.204904 0.006021 -0.329155 -0.535766 -0.271269 -0.162900 -0.244287 -0.432950 -0.180684 -0.403472 -0.234185 -0.131361 -0.537879 -0.493281 0.145648 -0.282531 -0.062988 -0.242023 0.051172 -0.367243 0.090350 0.213681 -0.403642 -0.067306 -0.153213 -0.512115 -0.210948 0.208111 0.124552 -0.350354
-0.027994 0.170484 -0.064883 0.043341 0.102775 -0.076423 -0.079410 0.195368 -0.219235 -0.157159 -0.140416 0.106688 -0.196534 0.055429 -0.200067 0.105248 -0.122839 -0.020886 -0.190793 0.041856 0.331004 1.000000 -0.109976 -0.102534 0.255919 0.254091 0.316885 0.454691 0.164932 -0.171136 0.152540 0.025030 -0.150340 -0.236292 -0.255466 -0.158992 -0.131960 -0.458949 0.288007 0.326101 -0.017308 -0.318043 -0.239511 -0.082509 -0.239865 -0.269295 -0.289391 -0.088573 0.013897 -0.079401 -0.013460 0.186334 0.166337 -0.081291 0.351159 0.053521 -0.003796 0.148461 0.164719 0.121766 0.007290 0.120590 -0.006842 0.127930 -0.000634 0.175901 0.236777 0.102814 0.105446 -0.015048 0.235642 0.090009 -0.111065 -0.157639 -0.286843 -0.436315 -0.378711 -0.280375 -0.195606 -0.117301 -0.114936 -0.121471 0.212228 0.030648 0.031420 0.196191 0.141920 0.282388 0.149947 0.064015 0.078345 -0.044488 0.140453 -0.085118 -0.128041 -0.148955 0.097102 0.105308 -0.111164 -0.235462 0.160155 -0.004998 0.355869 0.036701 -0.005100 -0.300024 0.098947 -0.147580 0.037006 -0.031374 -0.145335 -0.393588 0.110100 0.108852 -0.185048 -0.241842
0.011423 -0.614679 0.587791 0.533921 0.222653 -0.135016 0.511819 -0.230947 0.212166 -0.256191 0.579056 -0.416856 0.121502 -0.224668 0.042984 0.084243 -0.004822 -0.034221 0.408433 -0.067309 0.133152 -0.109976 1.000000 0.761237 0.217572 0.257090 0.017837 0.136534 -0.255265 -0.126262 0.142126 0.139615 -0.006833 -0.081477 0.403590 0.115133 0.088182 0.130420 0.415655 0.214178 0.153688 -0.092669 0.044246 0.152244 0.012277 0.038448 -0.183359 0.277391 0.145985 0.036877 0.022305 -0.128303 -0.107400 -0.053286 0.001267 0.027781 0.133593 -0.198460 -0.345900 -0.349274 -0.309836 -0.533201 -0.118562 -0.490594 0.524235 -0.442978 -0.117906 0.068698 -0.241710 0.000631 0.258041 -0.047324 -0.087485 0.071407 0.107077 0.084715 0.092372 0.305714 -0.244905 -0.037486 -0.322666 -0.258086 0.060325 -0.126281 0.323553 0.188103 0.317852 0.115392 0.231347 0.040659 -0.353521 0.246375 -0.399088 0.160195 -0.101331 0.181699 0.121635 0.143426 -0.136416 0.056457 -0.204273 0.206589 -0.338715 -0.065447 -0.417353 -0.153930 -0.310773 -0.157655 0.133102 -0.221943 0.267046 0.251573 -0.098483 0.088261 -0.017610 0.117076
-0.183701 -0.448787 0.346244 0.491700 0.322820 0.264931 0.312947 -0.217853 0.397806 0.151290 0.389518 -0.289628 0.151362 -0.251118 0.300386 0.314582 -0.016091 -0.241486 0.315673 0.088217 0.002141 -0.102534 0.761237 1.000000 0.137345 0.265155 -0.005267 0.010345 -0.303544 -0.156239 -0.082212 0.000526 -0.006893 -0.183452 0.333104 0.201047 0.273419 0.215907 0.373338 0.302608 0.218669 0.097385 -0.109086 -0.038120 -0.101342 -0.050218 -0.186835 0.276316 -0.015697 -0.086213 -0.163235 -0.273798 -0.277422 -0.233605 -0.143262 0.150769 0.011099 -0.167178 -0.323724 -0.195524 -0.337822 -0.231105 -0.252930 -0.515397 0.335065 -0.171043 -0.176961 0.098285 -0.060141 0.178091 0.009710 -0.176160 -0.182006 0.034429 0.042085 0.158235 0.077251 0.311457 -0.335608 -0.159480 -0.304080 -0.472611 0.061007 0.139732 0.122455 0.049276 0.194978 0.102610 0.230731 0.264123 -0.043569 0.318754 0.039558 0.271210 0.044848 0.253110 0.175987 0.159079 0.025798 0.139081 -0.101872 0.220289 -0.158590 -0.092420 -0.390651 -0.027820 -0.285282 -0.196037 0.175348 -0.320176 0.360829 0.305620 0.016675 0.061924 0.058372 0.131049
-0.263810 0.024360 -0.004487 0.038033 0.441924 0.165524 0.124919 -0.090182 0.039833 -0.077404 0.119817 0.044018 0.159188 0.219084 0.018595 0.307271 -0.386297 -0.136168 -0.020090 -0.210754 0.589699 0.255919 0.217572 0.137345 1.000000 0.584049 0.774236 0.494937 -0.225430 -0.312157 0.310925 0.134956 -0.263351 -0.099884 0.060368 0.023684 -0.401295 -0.134372 0.202406 0.034300 -0.296327 -0.175670 0.133868 0.155383 0.053643 -0.059188 0.049441 -0.088680 0.219087 0.099811 -0.054382 0.245097 0.155168 0.120314 0.130081 -0.221559 -0.100867 0.281354 0.042324 0.120748 -0.200867 0.029656 -0.238684 -0.184899 0.230229 0.045457 0.051366 0.086154 0.021022 -0.124853 0.165050 0.111430 -0.329852 -0.066095 -0.330879 -0.166703 -0.383927 -0.375675 -0.217944 -0.030778 -0.263483 0.013796 0.040379 -0.358523 0.118687 0.072724 0.090589 -0.117051 -0.048713 -0.240836 -0.247710 0.086372 -0.045067 -0.237199 -0.041176 -0.398205 -0.133711 -0.269399 -0.211124 -0.258152 0.178094 -0.296599 0.197470 -0.238898 0.196262 -0.239258 0.167206 0.152913 -0.277880 -0.169909 -0.155708 -0.261393 -0.040834 0.139805 -0.027135 -0.088776
-0.179503 0.056289 -0.174433 0.047747 0.076754 -0.150664 -0.127638 0.039419 -0.379342 -0.370557 0.154717 0.129396 -0.149743 0.345113 -0.260283 0.399150 -0.291740 -0.156332 0.068088 -0.096626 0.593281 0.254091 0.257090 0.265155 0.584049 1.000000 0.503442 0.411818 -0.163733 -0.288967 0.534679 0.445706 -0.094632 0.080887 0.174354 0.213017 -0.135797 0.187409 0.092344 0.067269 0.021604 0.058756 0.231561 0.336126 0.134880 0.137335 0.122901 0.321609 0.227723 0.131960 -0.139862 0.186751 0.017938 0.111705 0.102823 -0.054714 0.066751 0.461427 -0.191892 -0.106215 -0.403992 -0.173232 -0.340482 -0.378329 0.361612 -0.046542 -0.028872 0.115882 0.090810 0.007203 0.232381 0.248771 -0.217290 -0.064110 -0.167885 -0.080661 -0.103790 -0.060954 -0.283761 -0.175840 -0.291132 -0.103427 0.108601 -0.388736 0.179189 0.108948 -0.035785 0.051542 -0.268957 -0.393563 -0.210121 -0.122267 -0.078539 -0.345454 -0.000847 -0.190089 0.059003 -0.108914 -0.341772 -0.357004 -0.042423 -0.342416 0.202870 -0.347284 0.142126 -0.434029 -0.103963 0.008142 -0.214621 -0.172613 0.148595 -0.516156 -0.086407 0.270448 0.032220 -0.142991
-0.203123 0.192000 -0.226697 -0.103200 0.216588 0.133125 -0.023527 -0.127906 -0.172149 -0.053869 0.084147 0.110336 0.184144 0.311017 -0.064396 0.391518 -0.302400 -0.194016 -0.074690 -0.097491 0.501078 0.316885 0.017837 -0.005267 0.774236 0.503442 1.000000 0.663488 -0.226977 -0.360356 0.158314 -0.054275 -0.456629 -0.244675 -0.153468 -0.072183 -0.411660 -0.233029 0.166394 0.022121 -0.266956 -0.240307 0.178406 0.257071 -0.091001 0.008306 -0.001288 0.030013 0.108893 0.096872 -0.130331 0.260180 0.263328 0.175783 0.114900 -0.253329 -0.096774 0.355124 0.079178 0.134862 -0.277179 0.047977 -0.217386 -0.177985 0.019032 0.184471 0.086013 0.084227 0.187610 -0.018392 0.165867 0.047246 -0.361359 -0.220977 -0.353206 -0.273868 -0.469683 -0.419980 -0.226711 -0.178367 -0.240157 -0.063273 0.051886 -0.328727 -0.061863 -0.067278 0.037737 -0.159283 -0.059366 -0.147029 -0.016915 0.221946 0.086411 -0.097069 0.047629 -0.292529 0.016352 -0.121772 -0.075584 -0.253536 0.144408 -0.114324 0.393293 -0.092204 0.245653 -0.119452 0.278445 0.241721 -0.238780 -0.041952 -0.088849 -0.288082 -0.091935 0.289175 0.149694 0.082477
0.053376 0.152690 -0.006555 0.083505 0.072771 -0.121317 -0.014795 -0.048308 -0.311124 -0.269218 0.085559 -0.125842 -0.002807 0.164457 -0.148443 0.171686 -0.201586 -0.189020 0.077517 -0.026572 0.404838 0.454691 0.136534 0.010345 0.494937 0.411818 0.663488 1.000000 -0.177417 -0.505665 0.127918 -0.108929 -0.363446 -0.296463 -0.209375 -0.220927 -0.357313 -0.264478 0.271714 0.175695 -0.195539 -0.371043 -0.026552 0.130578 -0.238445 -0.056278 -0.206867 0.020407 0.115682 0.009905 0.056589 0.217604 0.272240 0.074434 0.200821 -0.131340 0.023137 0.294379 0.101367 0.108552 -0.269000 -0.183269 -0.136630 -0.189489 0.233270 0.033231 0.257730 0.242157 0.138624 0.073382 0.133225 -0.059116 -0.355404 -0.378465 -0.367008 -0.460684 -0.492000 -0.532382 -0.108701 -0.188352 -0.115525 -0.026632 0.218675 -0.274622 0.111165 0.068729 0.305097 0.160597 0.112297 -0.028943 -0.122841 0.122083 -0.178561 -0.068155 -0.047701 -0.255853 0.116106 0.047777 -0.090543 -0.235208 -0.006988 -0.006199 0.219567 0.034775 0.004834 -0.283324 0.108598 0.085595 -0.174814 -0.038902 -0.002069 -0.401345 -0.072715 0.144678 0.004143 -0.100954
0.199588 -0.059892 -0.055300 -0.410895 -0.148402 -0.222256 0.089747 0.116497 -0.125287 -0.084723 0.112217 0.366894 0.234583 0.297398 0.070525 -0.174095 0.602303 0.527784 -0.368768 -0.246008 -0.003479 0.164932 -0.255265 -0.303544 -0.225430 -0.163733 -0.226977 -0.177417 1.000000 0.678657 0.116495 0.053324 0.398454 0.223663 -0.247348 -0.137911 0.003735 0.092149 -0.093645 0.168799 0.069093 0.127851 0.007227 -0.047499 0.149524 -0.074315 -0.104091 -0.148763 0.090193 -0.009706 -0.141352 0.111669 0.072680 0.153616 0.384578 -0.126031 0.129711 -0.209883 0.162691 0.086877 0.241520 -0.083093 0.296088 0.464815 -0.230825 0.020252 -0.019558 -0.216843 -0.188886 -0.363748 0.296256 0.100943 0.766352 0.555704 0.513596 0.224619 0.359562 0.164157 0.315376 0.308913 0.172947 0.310312 -0.026027 0.121105 -0.116417 0.081799 -0.244597 0.156018 -0.287747 -0.215621 -0.085038 -0.499028 -0.045766 -0.434227 -0.242014 0.203397 -0.291348 -0.040778 -0.224852 -0.167488 -0.040282 -0.347625 -0.026514 -0.101575 -0.310638 -0.216625 -0.191769 -0.103757 0.025998 0.073837 -0.190671 -0.232877 0.212665 0.120668 -0.211439 -0.046939
0.177339 -0.272347 0.110556 -0.281646 -0.165728 -0.181429 0.233223 0.218378 -0.007579 -0.034707 0.175061 0.414318 0.267590 0.296308 0.033263 -0.320283 0.520770 0.572690 -0.208969 -0.311618 -0.030788 -0.171136 -0.126262 -0.156239 -0.312157 -0.288967 -0.360356 -0.505665 0.678657 1.000000 0.221749 0.243435 0.576551 0.385611 0.005188 0.038594 -0.039848 0.280827 -0.294817 -0.043259 0.088096 0.271301 0.048795 -0.089794 0.274490 0.053641 -0.015264 -0.181629 0.150946 0.065432 0.051675 0.069232 0.092593 0.311979 0.257443 -0.108257 0.062934 -0.438543 -0.094266 -0.147737 0.246678 -0.108323 0.388240 0.449236 -0.243187 -0.134874 -0.247203 -0.339046 -0.473418 -0.542090 0.014460 0.235963 0.726929 0.683825 0.556538 0.500895 0.465021 0.380384 0.222232 0.553112 0.155776 0.343321 -0.161634 0.200269 -0.110616 0.122285 -0.470429 0.049321 -0.304360 -0.268650 -0.136187 -0.329757 -0.094798 -0.335556 -0.230190 0.140337 -0.393641 -0.037991 -0.263487 -0.112796 0.050793 -0.187379 -0.304623 -0.012144 -0.307218 -0.036366 -0.047459 -0.060698 -0.022243 0.070419 -0.197745 -0.011602 0.100027 0.151679 -0.058177 0.044693
0.255071 0.026681 -0.002811 -0.081672 -0.117761 -0.506829 0.094501 0.390871 -0.493971 -0.662075 0.209344 0.423992 -0.179497 0.570459 -0.508710 -0.175522 -0.090761 0.343767 0.180769 -0.163329 0.724559 0.152540 0.142126 -0.082212 0.310925 0.534679 0.158314 0.127918 0.116495 0.221749 1.000000 0.819616 0.286379 0.566975 0.170978 0.131155 -0.229609 0.250694 -0.207282 -0.247193 -0.032965 0.066558 0.321026 0.276926 0.279659 0.214573 0.044110 0.104713 0.346141 0.158450 0.164620 0.279865 0.053630 0.406211 0.171427 -0.263125 0.255230 0.071212 -0.382470 -0.450272 -0.018165 -0.345141 0.139879 -0.038334 0.279181 -0.301813 -0.335189 -0.135046 -0.315244 -0.373947 0.369898 0.735601 0.194920 0.337401 0.210125 0.149658 0.072482 0.015852 -0.058559 0.384948 -0.059054 0.328742 -0.001559 -0.394755 0.139879 0.292952 -0.265328 0.101213 -0.380776 -0.615811 -0.403924 -0.317279 -0.448281 -0.501493 -0.306459 -0.382776 -0.363941 -0.117930 -0.765459 -0.557283 -0.059614 -0.344262 -0.241022 -0.275813 -0.094870 -0.527167 -0.114547 0.029506 -0.404054 -0.034746 -0.120015 -0.540269 -0.293138 0.222185 -0.071655 -0.356764
0.194257 -0.127162 0.033474 0.011465 -0.118993 -0.504767 0.038165 0.376634 -0.377231 -0.545372 0.207884 0.419848 -0.262301 0.482568 -0.418486 -0.163187 -0.042483 0.261217 0.260935 -0.086496 0.530366 0.025030 0.139615 0.000526 0.134956 0.445706 -0.054275 -0.108929 0.053324 0.243435 0.819616 1.000000 0.306211 0.682021 0.274628 0.188594 -0.236586 0.206938 -0.279514 -0.357914 -0.153379 0.241439 0.284770 0.184049 0.189202 0.126440 0.068964 -0.032994 0.122698 0.017653 0.108982 -0.015224 -0.058814 0.250341 0.039859 -0.278625 0.136954 -0.093990 -0.324949 -0.502718 0.173866 -0.296106 0.234972 -0.051478 0.354462 -0.265228 -0.256055 -0.144209 -0.297385 -0.328164 0.100976 0.691225 0.162014 0.177403 0.226898 0.115842 0.145824 0.098302 0.072844 0.212174 0.051563 0.321481 0.115665 -0.159673 0.325574 0.410953 -0.252451 0.130978 -0.255591 -0.560314 -0.321609 -0.277100 -0.346204 -0.445095 -0.243491 -0.461410 -0.323646 -0.294600 -0.708441 -0.420195 -0.099654 -0.336657 -0.267962 -0.228921 -0.042976 -0.350048 -0.229889 -0.053484 -0.497345 -0.149928 -0.145120 -0.402608 -0.178574 0.001890 0.016464 -0.370497
0.306071 -0.180962 0.193526 -0.142016 0.044591 -0.078856 0.180356 0.220548 0.112790 -0.102066 -0.051094 0.264533 -0.061324 0.119857 -0.032915 -0.403337 0.282621 0.451686 -0.155390 -0.278991 0.114016 -0.150340 -0.006833 -0.006893 -0.263351 -0.094632 -0.456629 -0.363446 0.398454 0.576551 0.286379 0.306211 1.000000 0.550976 0.336535 0.100853 0.063869 0.236979 -0.237285 -0.062491 0.163859 0.067497 0.034028 -0.060826 0.380094 0.038601 0.076451 -0.147520 0.261708 0.046298 0.164413 0.009770 -0.126348 0.006793 0.135769 -0.009553 0.152874 -0.420482 -0.081626 -0.121983 0.249461 -0.031411 0.269601 0.302707 0.018399 -0.097037 -0.121907 -0.237871 -0.329968 -0.356806 0.007961 0.242166 0.541686 0.452664 0.396298 0.464058 0.444921 0.267417 0.292506 0.498826 0.131474 0.218143 -0.290011 -0.045921 -0.217545 0.186856 -0.348864 -0.032261 -0.275639 -0.254762 -0.262323 -0.494920 -0.271926 -0.371282 -0.208648 -0.047084 -0.316377 -0.028587 -0.333276 -0.033839 -0.044724 -0.243171 -0.360201 -0.207029 -0.300745 -0.192521 -0.156436 0.089445 -0.091337 -0.098840 -0.103340 -0.021357 0.021099 -0.081614 0.027878 -0.072936
0.395216 0.081796 -0.013420 -0.310086 -0.154742 -0.222433 -0.001769 0.233823 -0.201806 -0.279406 -0.019478 0.411630 -0.119314 0.336558 -0.135642 -0.287247 -0.001846 0.398789 0.090727 0.052090 0.324366 -0.236292 -0.081477 -0.183452 -0.099884 0.080887 -0.244675 -0.296463 0.223663 0.385611 0.566975 0.682021 0.550976 1.000000 0.282968 0.415024 -0.241809 0.176449 -0.344941 -0.346031 -0.041494 0.195305 0.137785 0.031798 0.302475 0.242138 -0.013336 0.021500 0.025154 0.065185 0.035235 -0.053988 -0.073431 0.190624 -0.021240 -0.283856 0.218979 -0.329270 -0.087546 -0.392819 0.347514 -0.062183 0.263525 0.228741 0.002176 -0.133888 -0.373906 -0.247004 -0.166274 -0.247566 0.041798 0.510984 0.341132 0.303949 0.330465 0.273118 0.262648 0.172166 0.248900 0.298172 0.150193 0.281095 -0.062605 -0.166651 -0.013161 0.019107 -0.426282 -0.161558 -0.229091 -0.489889 -0.152379 -0.338796 -0.321235 -0.287540 -0.256214 -0.328746 -0.316409 -0.243379 -0.489536 -0.339131 -0.025355 -0.198602 -0.272560 0.049674 -0.158874 -0.214378 -0.136813 0.192089 -0.479785 -0.111084 0.057443 -0.216221 -0.227911 -0.159241 0.002869 -0.207875
-0.217792 -0.397737 0.283276 0.161237 -0.040994 0.069287 0.099519 -0.218764 0.230557 -0.033017 0.140347 -0.194018 0.005991 -0.175539 -0.051683 -0.168699 0.048376 -0.088911 0.061266 -0.213639 0.069617 -0.255466 0.403590 0.333104 0.060368 0.174354 -0.153468 -0.209375 -0.247348 0.005188 0.170978 0.274628 0.336535 0.282968 1.000000 0.352072 0.193460 0.418829 0.059228 -0.002191 -0.002811 0.031730 0.225244 0.240591 0.201986 0.092009 0.277842 0.235212 0.054145 -0.082647 0.251012 -0.262389 -0.238166 -0.107674 0.012160 0.165944 0.001606 -0.142767 -0.281036 -0.217341 -0.244136 -0.047034 -0.257107 -0.402910 0.376742 -0.013078 0.051684 -0.028054 -0.044985 -0.039777 0.064414 0.264975 -0.015939 0.076483 0.048078 0.264410 0.428622 0.424274 0.095344 0.099465 0.060679 -0.111697 -0.143876 -0.099773 -0.018769 0.076351 0.083686 -0.004651 -0.150867 -0.203382 -0.350612 -0.127438 -0.202526 -0.105548 0.216632 -0.004083 0.145693 0.154228 -0.179641 -0.081786 -0.249886 -0.195478 -0.305036 -0.276573 0.016653 0.180364 -0.120335 0.189512 0.048577 -0.023592 0.284754 0.242155 -0.034421 -0.077402 0.244192 0.053844
-0.173479 0.013579 0.050364 -0.029300 0.086533 0.180742 -0.028342 0.052604 -0.035017 0.135376 0.082634 0.076240 0.114030 0.017038 0.083944 0.256460 -0.232303 -0.072251 -0.028953 0.018548 0.039528 -0.158992 0.115133 0.201047 0.023684 0.213017 -0.072183 -0.220927 -0.137911 0.038594 0.131155 0.188594 0.100853 0.415024 0.352072 1.000000 -0.000577 0.250431 -0.056679 0.164192 0.233847 0.107563 0.020999 0.081365 0.216634 0.345335 0.001662 0.456549 -0.000686 0.088245 -0.157850 -0.002388 -0.106763 -0.046998 0.023515 0.079728 -0.145518 -0.077203 -0.020325 -0.085747 -0.129015 0.114590 -0.427622 -0.219497 0.021439 0.234759 -0.196914 0.193765 0.010391 0.129858 -0.067116 0.047241 -0.037765 -0.005657 0.037239 0.232223 0.133818 0.441144 -0.316066 -0.005059 -0.270744 -0.382258 -0.144284 -0.035717 -0.175538 -0.344876 -0.292917 -0.166321 -0.082466 -0.209580 -0.030242 -0.100480 0.059368 0.028354 -0.047232 0.117054 0.215552 0.171487 -0.056674 -0.131333 0.016236 0.049036 -0.080326 0.062685 -0.174233 -0.125141 -0.195944 0.054249 0.044479 -0.016009 0.547610 -0.045547 -0.072597 0.126817 0.026187 0.071551
