1.000000 0.602304 0.149372 -0.130862 0.218535 0.056482 0.111641 -0.014323 0.158352 0.107092 0.397150 0.208112 0.239596 -0.041806 0.273464 0.052603 0.088808 -0.113749 0.289224 0.532794 0.148457 0.019994 0.056977 -0.189923 0.209127 -0.083477 0.039686 0.035035 -0.139834 -0.174838 -0.045984 -0.222018 0.094375 0.199182 0.000614 -0.099062 -0.252823 -0.330085 -0.266391 -0.310514 -0.217690 -0.041110 -0.126344 -0.169296 -0.298650 -0.211230 -0.226464 -0.186230 -0.020438 -0.145804 0.108239 -0.163809 0.195376 -0.162997 -0.061512 -0.371699 0.352338 0.256909 0.116592 0.032657 0.197393 0.055630 0.018168 0.231252 -0.051820 -0.132195 -0.133793 -0.138950 0.211575 0.048149 0.097621 -0.017524 -0.121435 -0.097296 -0.073162 -0.079141 0.023878 -0.360755 -0.216169 -0.062937 -0.141978 -0.381799 0.012112 -0.203328 0.191964 -0.334775 -0.052536 -0.103566 0.070515 -0.207012 -0.029360 -0.040705 -0.097940 0.161399 -0.447167 -0.366646 -0.151048 -0.171014 -0.072840 -0.164246 -0.125997 0.149377 -0.063085 0.011559 -0.014311 -0.211537 -0.169631 -0.039454 -0.346080 -0.139919 -0.184379 0.084819 0.042814 -0.179924 -0.076063 -0.025542
0.602304 1.000000 0.012937 -0.204067 0.004128 -0.025176 -0.139755 -0.124892 0.055445 0.039547 0.149833 0.117186 0.203760 -0.146825 0.315589 0.120872 0.037131 0.000958 0.212336 0.548644 0.064560 -0.035072 -0.151571 -0.303214 0.081873 -0.033419 -0.072021 -0.037493 -0.221893 -0.231261 -0.191626 -0.252208 -0.103273 0.173862 -0.296003 0.006973 -0.121893 -0.344539 -0.026272 -0.149906 -0.155912 -0.142321 -0.277567 -0.339222 -0.421551 -0.271210 -0.328757 -0.235254 -0.165819 -0.236312 0.114554 -0.133220 0.344157 -0.307460 0.143096 -0.240383 0.319394 0.577009 0.242680 0.423163 0.070504 0.251967 0.056899 0.497131 -0.328158 -0.182965 0.095496 -0.002442 0.330023 0.133446 -0.151621 -0.253789 -0.210413 -0.378245 -0.322679 -0.296159 -0.199452 -0.541389 -0.158754 0.024513 -0.093868 -0.200008 -0.065041 -0.298436 0.018773 -0.515298 -0.168111 -0.133794 0.027476 -0.252141 0.183984 -0.055392 0.102401 0.331973 -0.180099 -0.333705 0.016972 -0.103481 0.163071 -0.218519 0.121077 0.294550 0.108778 0.234615 0.135009 -0.155503 -0.054434 0.118095 -0.112805 -0.167695 -0.144111 0.036242 0.097514 0.068384 0.184918 0.047838
0.149372 0.012937 1.000000 0.346854 0.639986 0.341436 0.687190 0.205505 0.722013 -0.053422 0.056323 -0.058841 0.215356 -0.122093 0.252986 -0.233739 0.026755 -0.328286 -0.119176 -0.098490 0.196849 -0.151865 0.631653 0.537663 0.519270 -0.122205 0.383542 0.210157 -0.171626 -0.172665 -0.255836 -0.349537 0.004417 0.033452 0.226302 0.209253 -0.055348 0.083492 -0.011031 0.050400 -0.139016 0.070728 -0.245024 -0.081716 -0.122391 -0.044161 -0.330353 -0.253254 -0.074506 0.095815 0.010936 -0.003789 -0.039110 0.034499 -0.163213 0.006837 0.000228 -0.034326 0.155823 0.018761 0.019523 0.197386 -0.246577 -0.046530 0.112795 0.454440 -0.023010 0.167616 0.020529 0.009784 0.384515 -0.159270 -0.059572 0.055281 0.021453 -0.000096 0.101784 0.196168 0.252854 0.119711 -0.163321 -0.010440 0.231634 -0.150723 -0.209740 0.092839 0.269338 -0.128524 0.120832 0.296153 -0.051098 0.101022 -0.049321 0.031182 0.050119 0.060467 -0.017545 0.302491 -0.207251 0.022596 -0.682644 0.172595 -0.605971 -0.136105 -0.369978 0.010465 0.062913 -0.069511 -0.041182 0.189898 -0.103513 -0.490687 -0.548637 -0.526958 -0.155970 -0.116678
-0.130862 -0.204067 0.346854 1.000000 0.455602 0.422176 0.327050 0.585557 0.267250 0.248123 -0.029406 0.118163 0.059659 0.179659 0.008625 0.295597 0.158424 0.115308 -0.033786 0.082182 0.419215 0.373457 0.672668 0.852436 0.116716 0.277126 0.496426 0.526754 -0.127369 0.246005 0.169672 0.303058 -0.042872 0.248523 0.106139 0.127955 -0.319151 0.026501 -0.361162 -0.264061 -0.301411 0.087202 0.008025 0.274728 0.128142 0.244767 -0.092395 0.016624 -0.108233 0.364787 -0.207471 -0.095582 -0.273627 -0.063648 -0.448209 -0.265606 -0.030064 -0.171329 -0.410114 -0.095446 -0.481168 -0.068415 0.034465 -0.083613 -0.106781 0.340476 -0.421658 -0.106462 -0.343484 -0.195711 0.559334 0.329890 -0.125176 0.376608 -0.036659 0.363222 -0.105829 0.073525 0.156027 0.139111 0.216536 0.252817 0.212967 0.555047 -0.077426 0.240844 0.353434 0.247987 -0.002034 0.124126 -0.129486 -0.296818 -0.120088 -0.406376 0.172345 -0.229082 -0.282406 -0.070868 -0.323928 -0.349852 -0.410726 -0.138937 -0.416101 -0.475230 -0.454822 -0.070775 -0.005467 -0.173395 -0.224784 0.135620 -0.138605 -0.454644 -0.555738 -0.472809 0.002407 -0.184980
0.218535 0.004128 0.639986 0.455602 1.000000 0.656827 0.718872 0.454073 0.754265 0.503998 0.138086 0.111797 0.222658 0.164668 0.147012 0.178669 -0.078089 -0.258902 -0.027692 0.015153 0.431870 0.165069 0.564648 0.498687 0.535580 0.095914 0.637102 0.373620 -0.081256 0.068729 0.080200 -0.060976 -0.034273 0.078878 0.110167 0.199840 -0.341588 -0.012054 -0.339132 -0.218817 -0.292926 0.141337 -0.199709 0.004934 -0.084714 0.119801 -0.336677 -0.077281 -0.159372 0.252660 -0.210402 -0.054987 -0.079537 0.124298 -0.393728 -0.332830 -0.031360 -0.104054 -0.125916 -0.046491 -0.189176 0.050895 -0.138163 -0.106015 -0.158848 0.317655 -0.370227 0.007521 0.070029 0.059470 0.507659 -0.006328 -0.088463 0.220299 -0.007925 0.104792 -0.063288 0.053375 0.017861 0.118441 -0.120989 0.013248 0.322644 0.309343 -0.265435 -0.060610 0.527154 0.094928 0.105033 -0.078583 -0.065617 0.083849 -0.075947 -0.137787 -0.156257 -0.039384 -0.260774 0.152525 -0.250037 -0.039845 -0.528282 0.099184 -0.579630 -0.208639 -0.331845 -0.230402 -0.006724 -0.149367 -0.013791 0.254678 -0.025606 -0.230341 -0.406926 -0.651421 -0.227571 -0.032026
0.056482 -0.025176 0.341436 0.422176 0.656827 1.000000 0.414235 0.423165 0.537787 0.590036 0.127463 0.001845 0.201219 0.229943 0.197716 0.475326 0.039710 -0.018205 -0.058194 0.110899 0.572910 0.309797 0.393112 0.449599 0.522174 0.460683 0.716947 0.669636 -0.096527 0.262317 0.175088 0.121755 -0.112650 -0.038293 -0.017051 -0.111499 -0.309703 -0.138388 -0.313101 -0.293010 -0.255159 0.243130 -0.120989 -0.070421 -0.028947 0.119916 -0.156986 -0.142579 -0.136561 0.223143 -0.244875 -0.216431 -0.206967 -0.022955 -0.391993 -0.359000 0.012443 -0.005731 -0.124414 0.007846 -0.283844 -0.034445 -0.009707 -0.082837 -0.148711 0.139708 -0.229308 -0.076705 0.071728 0.060567 0.497753 0.113443 -0.027076 0.295455 -0.011883 0.092424 -0.252272 -0.109315 0.296993 0.106091 0.134215 0.113160 0.122276 0.423063 -0.125689 -0.102118 0.321889 0.095078 0.138063 -0.200747 -0.046054 0.003941 0.016198 -0.217257 -0.063142 -0.128370 -0.266593 0.007782 -0.149448 -0.100000 -0.332971 0.145198 -0.321091 -0.166396 -0.350311 -0.070495 0.119484 -0.050276 -0.110332 0.153530 -0.186219 -0.314379 -0.385585 -0.501364 -0.249447 -0.045105
0.111641 -0.139755 0.687190 0.327050 0.718872 0.414235 1.000000 0.576237 0.645324 0.386290 0.366428 0.220056 0.426417 0.326478 0.256310 0.146044 0.057790 -0.353839 0.057571 -0.179823 0.298173 0.003261 0.544492 0.430925 0.484153 -0.042239 0.420251 0.193363 0.180087 0.044975 0.221691 0.048503 0.085495 0.156810 0.098884 0.106302 -0.215121 -0.137826 -0.266768 -0.256792 -0.107012 0.002631 -0.170664 -0.128858 -0.110581 -0.044644 -0.331698 -0.181764 -0.221102 -0.011726 -0.195773 -0.204463 -0.140380 0.078885 -0.342698 -0.288027 -0.215002 -0.291095 -0.079441 -0.224015 0.066087 0.191081 -0.189840 -0.098953 0.182156 0.347124 -0.358676 -0.029216 -0.120066 -0.004694 0.477319 0.109808 0.066563 0.214712 0.159803 0.143015 -0.047105 0.035148 0.003700 0.050696 -0.110286 -0.097660 0.349945 0.102504 -0.111295 0.067205 0.414240 -0.060427 0.187286 0.006043 -0.097436 -0.028402 -0.092374 -0.189134 -0.147144 -0.129266 -0.373924 0.001395 -0.452432 -0.160461 -0.478239 -0.207778 -0.516145 -0.428616 -0.338203 -0.164917 0.028886 -0.194279 -0.000379 0.009890 -0.232950 -0.325805 -0.330972 -0.508558 -0.219349 -0.091779
-0.014323 -0.124892 0.205505 0.585557 0.454073 0.423165 0.576237 1.000000 0.197438 0.619339 0.179607 0.444274 0.223672 0.600775 0.165445 0.582314 -0.020447 -0.087149 0.064133 -0.064633 0.481895 0.292209 0.407541 0.447027 0.147924 0.275669 0.427019 0.309634 0.093033 0.282835 0.476783 0.465393 -0.017456 0.305291 -0.131800 -0.070668 -0.443251 -0.242314 -0.481507 -0.468924 -0.310895 -0.026304 -0.076033 -0.059000 -0.076360 0.007229 -0.319401 -0.053747 -0.300831 -0.029035 -0.234593 -0.287128 -0.211019 -0.106449 -0.424803 -0.506582 -0.271330 -0.352804 -0.248536 -0.322783 -0.170378 0.122908 -0.023010 -0.025065 0.034820 0.285775 -0.548204 -0.109184 -0.241511 -0.173295 0.482993 0.396093 -0.122114 0.239782 -0.052471 0.265136 -0.358026 -0.211367 -0.117578 -0.065973 0.020175 -0.040587 0.190189 0.494956 -0.038782 -0.026476 0.285630 0.104960 0.171228 -0.123855 -0.032645 -0.215663 0.099309 -0.217256 -0.104237 -0.361980 -0.586130 -0.341121 -0.541015 -0.409747 -0.138834 -0.378990 -0.318952 -0.482220 -0.169289 -0.098585 -0.086322 -0.258510 -0.187423 -0.059491 -0.379934 -0.296978 -0.235190 -0.302657 -0.065512 -0.106917
0.158352 0.055445 0.722013 0.267250 0.754265 0.537787 0.645324 0.197438 1.000000 0.221373 0.087416 0.008388 0.174733 -0.005627 0.292052 0.010170 -0.114680 -0.380251 -0.098802 0.018680 0.124809 -0.157188 0.402919 0.383846 0.606574 0.032726 0.432361 0.245892 -0.122052 -0.053960 -0.209192 -0.328099 -0.179508 -0.210359 -0.040885 0.042412 -0.121654 0.093194 -0.086872 0.046626 -0.126688 0.087351 -0.226257 -0.078770 -0.178510 -0.037419 -0.310197 -0.080009 -0.135726 0.106423 -0.176854 -0.037989 -0.057282 0.080302 -0.104044 -0.050459 -0.103072 -0.086851 0.077838 0.050532 0.006296 0.248067 -0.257013 -0.006186 -0.150879 0.367115 -0.195930 0.057500 0.109871 0.151919 0.351037 -0.136362 -0.029314 0.055603 -0.005281 0.029467 -0.015687 0.174426 0.209217 0.133719 -0.146498 -0.049210 0.278753 0.015708 -0.313202 0.013220 0.391166 -0.112533 0.062524 0.194113 0.070306 0.298685 0.039488 0.041055 0.067456 0.139236 0.014360 0.381087 -0.044750 0.099052 -0.578911 0.173667 -0.574936 -0.065523 -0.328131 0.063413 0.185052 0.058578 -0.004549 0.405268 0.016105 -0.233506 -0.366834 -0.487571 -0.099036 0.094581
0.107092 0.039547 -0.053422 0.248123 0.503998 0.590036 0.386290 0.619339 0.221373 1.000000 0.149200 0.313553 0.150726 0.468737 0.087764 0.682133 -0.162498 -0.118586 -0.007229 -0.022767 0.560916 0.297502 0.155013 0.178417 0.129092 0.471255 0.413448 0.261714 0.053712 0.238970 0.435940 0.328405 -0.084312 0.179383 -0.291865 -0.062261 -0.524717 -0.287093 -0.501697 -0.375394 -0.330505 0.053000 -0.261160 -0.223797 -0.179880 0.027319 -0.442105 -0.105959 -0.242540 -0.023550 -0.281284 -0.196827 -0.123031 -0.038468 -0.431309 -0.520824 -0.236836 -0.125877 -0.018837 -0.049762 -0.059787 0.156531 -0.076158 -0.118560 -0.144822 0.187631 -0.399416 -0.041342 0.024759 0.191944 0.328466 0.186123 -0.106220 0.137102 -0.122632 0.042898 -0.422009 -0.416672 -0.149278 -0.020519 -0.018920 -0.016656 -0.024428 0.460763 -0.187267 -0.226812 0.243108 0.192280 0.085487 -0.250708 -0.036191 0.032445 0.016504 -0.130880 -0.233919 -0.323561 -0.608720 -0.335493 -0.310014 -0.288031 0.033562 -0.217596 -0.153511 -0.167979 -0.089280 -0.233259 0.053652 0.084219 -0.152269 -0.064948 -0.278717 -0.098632 -0.137675 -0.305189 -0.137816 0.084251
0.397150 0.149833 0.056323 -0.029406 0.138086 0.127463 0.366428 0.179607 0.087416 0.149200 1.000000 0.458978 0.754589 0.398838 0.437982 0.322594 0.508218 0.150061 0.253250 0.167534 0.309227 0.224111 0.274061 0.050745 0.289502 0.051945 0.187076 0.300590 0.339266 0.110741 0.317320 0.186677 -0.091924 -0.033578 -0.096942 -0.195094 -0.080333 -0.310897 -0.128225 -0.386634 0.065762 0.007874 0.023014 -0.186991 -0.300279 -0.366158 0.005902 -0.230084 -0.114684 -0.351252 0.040756 -0.281346 0.242408 -0.138851 -0.003549 -0.365398 -0.088982 -0.185831 -0.231101 -0.352317 -0.006968 -0.146377 -0.087935 0.105374 0.172920 -0.231295 -0.381864 -0.342876 -0.333772 -0.137512 0.311618 0.147818 0.185710 0.197260 0.175744 0.117931 -0.058032 -0.116725 -0.024351 -0.155363 0.202353 -0.127609 0.326146 0.038623 0.548201 -0.037247 0.175501 0.005949 0.171018 -0.209785 0.059573 -0.143469 -0.095371 -0.176684 -0.251011 -0.273668 -0.298882 -0.191685 -0.247429 -0.259400 -0.082100 -0.281761 -0.002723 -0.442539 -0.156125 -0.148665 -0.054836 -0.155510 -0.116605 -0.167440 -0.196078 -0.100483 -0.005861 -0.091355 0.080767 -0.071244
0.208112 0.117186 -0.058841 0.118163 0.111797 0.001845 0.220056 0.444274 0.008388 0.313553 0.458978 1.000000 0.525589 0.791513 0.077878 0.489521 0.110749 0.266690 0.039704 -0.120062 0.279377 0.224909 0.253604 0.193750 0.039473 0.162488 0.127440 0.107391 0.178595 0.429734 0.338356 0.232566 -0.032885 0.120342 -0.099962 -0.245208 -0.123550 -0.012040 -0.319815 -0.356188 -0.172946 0.116287 -0.215392 -0.244200 -0.324419 -0.330302 -0.178939 -0.193073 0.003494 -0.218411 0.166183 -0.046219 0.235117 -0.138060 -0.010886 -0.374475 -0.253647 -0.343469 -0.231488 -0.289928 0.073323 0.028242 -0.127532 0.180779 -0.042603 -0.061646 -0.295007 -0.323419 -0.416870 -0.391803 0.283317 0.420770 0.059060 0.269385 -0.049979 0.261787 -0.197890 -0.175350 -0.165049 -0.117297 -0.021802 0.026890 -0.107455 0.198041 0.237480 0.177364 -0.028259 0.148785 -0.059236 -0.114380 0.004903 -0.219239 -0.102316 -0.355073 -0.030309 -0.202397 -0.376606 -0.152169 -0.232093 -0.236829 -0.065025 -0.381658 -0.164840 -0.424852 -0.256622 0.000302 -0.153803 -0.137621 -0.157644 0.095185 -0.047910 -0.004106 -0.053701 -0.133232 0.272758 -0.052341
0.239596 0.203760 0.215356 0.059659 0.222658 0.201219 0.426417 0.223672 0.174733 0.150726 0.754589 0.525589 1.000000 0.537679 0.564505 0.412801 0.418159 0.178631 0.103006 0.028719 0.329261 0.214064 0.415783 0.198611 0.189520 0.026407 0.306433 0.213637 0.328351 0.260923 0.312825 0.132674 -0.048800 0.027745 -0.040768 -0.123869 -0.011093 -0.010338 0.039502 -0.170310 0.130900 0.146647 -0.161376 -0.258989 -0.383453 -0.420725 -0.149213 -0.315417 -0.241752 -0.242157 0.012173 -0.242560 0.138349 -0.223537 0.057270 -0.166939 0.000666 -0.061274 -0.245001 -0.177908 -0.124833 -0.074551 -0.243106 0.153440 -0.050935 -0.232140 -0.235838 -0.374860 -0.279619 -0.270060 0.337429 0.247814 0.222398 0.235241 0.188894 0.094176 -0.170294 -0.135627 -0.077613 -0.040446 0.041072 -0.002468 0.244187 -0.032985 0.249580 0.022811 0.134972 -0.041270 -0.010282 -0.144529 -0.016557 -0.189070 -0.177301 -0.251698 -0.039177 -0.087546 -0.222824 0.049741 -0.268189 -0.109864 -0.251184 -0.186762 -0.249269 -0.450607 -0.271033 -0.057288 -0.038368 -0.136017 0.180609 -0.096463 -0.162824 -0.224905 -0.028352 -0.119360 0.111286 -0.124056
-0.041806 -0.146825 -0.122093 0.179659 0.164668 0.229943 0.326478 0.600775 -0.005627 0.468737 0.398838 0.791513 0.537679 1.000000 0.162021 0.717285 0.163375 0.262373 0.068125 -0.196906 0.421701 0.440232 0.300549 0.248044 0.081079 0.317867 0.296729 0.219264 0.392874 0.654098 0.671401 0.533606 0.041906 0.104401 -0.112659 -0.264764 -0.100857 -0.005828 -0.298271 -0.361581 -0.063677 0.259381 -0.136812 -0.179699 -0.158260 -0.198677 -0.131694 -0.156522 -0.161200 -0.199381 -0.085418 -0.210612 -0.033696 -0.052561 -0.073691 -0.360771 -0.281215 -0.403848 -0.359886 -0.484750 -0.050885 -0.164534 0.008096 0.037566 -0.018882 -0.232214 -0.466123 -0.437580 -0.448092 -0.398872 0.413169 0.631118 0.246502 0.486215 0.141669 0.427106 -0.247065 -0.180765 -0.230671 -0.092644 0.087390 0.107229 0.128708 0.460880 0.236772 0.179081 0.189916 0.214109 0.019910 -0.278293 -0.114752 -0.310305 -0.116729 -0.497778 -0.111676 -0.175178 -0.431152 -0.213446 -0.293841 -0.154381 0.031550 -0.507777 -0.120803 -0.564551 -0.241639 -0.058363 -0.067691 -0.244053 -0.035027 -0.044451 -0.128331 0.001773 0.083466 -0.048885 0.214241 -0.061586
0.273464 0.315589 0.252986 0.008625 0.147012 0.197716 0.256310 0.165445 0.292052 0.087764 0.437982 0.077878 0.564505 0.162021 1.000000 0.351112 0.214982 -0.261269 0.047957 0.150914 0.204004 -0.011817 0.296725 0.016480 0.147860 -0.010318 0.294350 0.189699 0.127892 -0.135607 0.099961 -0.049788 -0.213622 -0.102918 -0.230710 -0.003315 -0.016098 -0.138406 0.160097 -0.092149 0.213034 0.049259 -0.178970 -0.393837 -0.373690 -0.438224 -0.287895 -0.238289 -0.273808 -0.391064 0.007738 -0.261626 0.156949 -0.137991 0.202970 -0.182153 0.087984 0.109366 0.213673 0.068617 0.034667 0.060492 -0.177928 0.082479 0.034931 -0.158845 -0.148580 -0.161539 0.009921 0.058202 0.256662 -0.004524 0.023447 -0.100098 0.113938 -0.047575 -0.195613 -0.214394 -0.159230 -0.156353 -0.031018 -0.312275 0.522204 -0.091446 0.146608 -0.339381 0.321863 -0.296942 0.309749 -0.019166 0.144866 0.024568 0.154923 0.215059 -0.068324 -0.215085 -0.067423 0.037293 -0.063066 -0.114393 -0.051778 -0.132097 -0.081811 -0.121600 0.047052 0.100898 0.143364 -0.159590 0.030494 -0.259992 -0.316334 -0.244327 0.135412 0.150867 0.073525 0.025402
0.052603 0.120872 -0.233739 0.295597 0.178669 0.475326 0.146044 0.582314 0.010170 0.682133 0.322594 0.489521 0.412801 0.717285 0.351112 1.000000 0.157202 0.211362 0.048999 0.073466 0.593818 0.570759 0.211451 0.217523 0.153288 0.595099 0.515847 0.463195 0.230566 0.483689 0.600923 0.567422 -0.186859 0.059671 -0.339098 -0.261304 -0.247567 -0.215579 -0.269235 -0.366457 -0.129102 0.223441 -0.191430 -0.246347 -0.294774 -0.241448 -0.204330 -0.176925 -0.326030 -0.235723 -0.266449 -0.357246 -0.112655 -0.188255 -0.117952 -0.455069 -0.120037 -0.138844 -0.265513 -0.221657 -0.249742 -0.091584 -0.059731 0.021342 -0.179972 -0.185558 -0.502886 -0.424355 -0.227130 -0.177499 0.383609 0.464025 0.066129 0.303910 -0.053400 0.250307 -0.490559 -0.379793 -0.133898 -0.106701 0.187489 0.061503 0.145251 0.533313 0.115527 -0.135519 0.163328 0.208362 0.107808 -0.338739 -0.015557 -0.241226 0.044970 -0.255103 -0.071296 -0.340497 -0.431768 -0.317462 -0.290890 -0.266573 0.168361 -0.298525 0.022931 -0.363290 -0.069881 -0.072198 0.046259 -0.143018 -0.052215 -0.131532 -0.295468 -0.068980 0.076747 0.009801 0.151309 -0.022691
0.088808 0.037131 0.026755 0.158424 -0.078089 0.039710 0.057790 -0.020447 -0.114680 -0.162498 0.508218 0.110749 0.418159 0.163375 0.214982 0.157202 1.000000 0.574131 0.062317 0.174096 0.230810 0.317675 0.326954 0.214576 0.325474 0.098678 0.216095 0.324567 0.334307 0.236176 0.295299 0.233846 0.129286 0.095429 0.158504 -0.133338 0.305737 -0.059762 0.142392 -0.208491 0.196795 0.227718 0.113850 0.001719 0.077277 -0.088792 0.266707 -0.326243 -0.012495 -0.079928 -0.027948 -0.136012 -0.017478 -0.120996 0.075884 -0.105140 0.386798 0.132445 -0.439409 -0.312661 -0.357564 -0.369812 0.191255 0.115689 0.095121 -0.288594 -0.300872 -0.539536 -0.305719 -0.411105 0.285067 0.165956 0.400464 0.387321 0.362680 0.248418 0.301762 0.028986 0.328680 0.194145 0.742846 0.282674 0.219541 0.022330 0.423276 0.058840 0.135523 -0.056939 0.051221 -0.193544 -0.155462 -0.475520 -0.224040 -0.475676 -0.092433 -0.067160 0.024667 -0.087244 0.027084 -0.079541 -0.114184 -0.115226 0.052400 -0.420336 -0.240831 -0.172209 -0.032819 -0.215095 -0.038646 -0.143627 -0.082697 -0.096342 -0.020386 0.077666 0.045162 -0.257908
-0.113749 0.000958 -0.328286 0.115308 -0.258902 -0.018205 -0.353839 -0.087149 -0.380251 -0.118586 0.150061 0.266690 0.178631 0.262373 -0.261269 0.211362 0.574131 1.000000 0.031730 0.137698 0.188748 0.343166 0.088502 0.145164 0.042222 0.266572 0.114194 0.244943 0.197981 0.548516 0.364343 0.411073 0.125760 0.141185 0.021825 -0.228706 0.179607 0.181561 -0.010576 -0.073625 -0.015516 0.254337 0.054893 0.130016 0.108772 0.075293 0.323599 -0.228210 0.080470 0.173060 -0.085110 -0.015877 -0.087276 -0.135603 0.019036 0.081936 0.212897 0.072220 -0.561090 -0.290745 -0.438134 -0.341299 0.255614 0.224088 -0.193268 -0.355630 -0.206281 -0.485095 -0.340449 -0.523577 0.109467 0.308363 0.367376 0.433452 0.177974 0.293881 0.163368 0.000065 0.248980 0.362451 0.515989 0.654709 -0.228476 0.180107 0.213216 0.324691 -0.145371 0.150218 -0.317564 -0.137734 -0.304138 -0.437997 -0.396789 -0.567806 0.038962 0.010418 -0.085681 -0.139428 0.079861 0.037694 -0.001474 0.008968 0.044685 -0.276689 -0.257377 -0.181339 -0.270001 -0.117347 -0.026188 -0.007334 0.026835 0.096414 0.017129 0.088795 0.191741 -0.152468
0.289224 0.212336 -0.119176 -0.033786 -0.027692 -0.058194 0.057571 0.064133 -0.098802 -0.007229 0.253250 0.039704 0.103006 0.068125 0.047957 0.048999 0.062317 0.031730 1.000000 0.690215 0.081730 0.025351 -0.016576 -0.178748 -0.016776 -0.034957 -0.031764 0.016329 0.300991 0.135265 0.387866 0.305356 0.442816 0.445212 -0.209727 -0.232634 -0.206748 -0.442869 -0.220436 -0.350506 -0.047428 0.079402 0.104757 -0.089452 -0.016303 0.028512 -0.076469 -0.158122 -0.049912 -0.095320 -0.053814 -0.448187 -0.162745 -0.131319 -0.181381 -0.170109 -0.029963 0.063184 -0.158621 -0.024283 0.272441 0.049142 0.477873 0.348699 0.234600 -0.329239 -0.071269 -0.215244 -0.084743 0.035095 0.058136 0.112244 0.280652 0.178235 0.346696 0.143798 0.090173 -0.313279 -0.305784 0.016989 -0.164701 -0.190751 0.094535 0.023054 0.345454 -0.082543 -0.056935 -0.162862 -0.173561 -0.215572 -0.379020 -0.349370 -0.358983 -0.081028 -0.446283 -0.288215 -0.453807 -0.571167 -0.303593 -0.245022 0.138980 -0.007672 0.060270 -0.309465 -0.103875 -0.483318 -0.468109 -0.201758 -0.192383 -0.392515 -0.431223 0.065557 0.184836 0.021957 -0.072934 -0.308649
0.532794 0.548644 -0.098490 0.082182 0.015153 0.110899 -0.179823 -0.064633 0.018680 -0.022767 0.167534 -0.120062 0.028719 -0.196906 0.150914 0.073466 0.174096 0.137698 0.690215 1.000000 0.062894 0.038522 -0.094071 -0.155107 0.021326 0.046656 -0.005193 0.185184 -0.046827 -0.057512 0.064385 0.068688 0.103066 0.257278 -0.354216 -0.226891 -0.318737 -0.386515 -0.189872 -0.254462 -0.150527 -0.015477 0.080907 -0.044258 -0.094064 0.012274 -0.102801 -0.121090 -0.120994 0.014495 -0.067094 -0.362753 -0.020710 -0.252702 -0.183799 -0.214377 0.282067 0.400715 -0.175958 0.161664 -0.035695 -0.022089 0.385116 0.383607 -0.104391 -0.278102 -0.139272 -0.171829 0.158289 0.155057 0.029953 -0.027532 -0.022421 -0.053898 0.010924 -0.037315 -0.003894 -0.338973 -0.140313 0.058873 0.066579 -0.114282 0.029453 0.002434 0.218955 -0.285755 -0.079226 -0.056741 -0.147318 -0.209785 -0.102365 -0.175469 -0.159030 0.079127 -0.327468 -0.288242 -0.239791 -0.354630 -0.063610 -0.291351 0.063440 0.255270 0.022488 -0.106429 -0.063661 -0.265924 -0.270759 -0.000061 -0.280351 -0.176537 -0.362448 0.000375 0.036071 -0.031924 0.023728 -0.107411
0.148457 0.064560 0.196849 0.419215 0.431870 0.572910 0.298173 0.481895 0.124809 0.560916 0.309227 0.279377 0.329261 0.421701 0.204004 0.593818 0.230810 0.188748 0.081730 0.062894 1.000000 0.614068 0.522779 0.449472 0.366177 0.527915 0.650773 0.656672 0.057018 0.373867 0.563044 0.478438 0.066425 0.314586 0.015308 -0.045228 -0.242788 -0.228579 -0.381181 -0.460603 -0.244521 0.283181 -0.168314 -0.019647 -0.123210 -0.011051 -0.220451 -0.303415 -0.169796 -0.025774 -0.132173 -0.245083 -0.166032 -0.214732 -0.230233 -0.474912 -0.022796 -0.091265 -0.194060 -0.202462 -0.261035 -0.127773 -0.018030 -0.008525 -0.128123 -0.037972 -0.364604 -0.290614 -0.208204 -0.245217 0.712255 0.396741 0.145611 0.503271 0.109959 0.359181 -0.163452 -0.237486 0.102456 0.041359 0.175033 0.066670 0.151917 0.418372 0.084498 -0.081207 0.180669 0.120855 0.080795 -0.234234 -0.220071 -0.309103 -0.097639 -0.321776 -0.255088 -0.472362 -0.425400 -0.286744 -0.320380 -0.344220 -0.166968 -0.164137 -0.189965 -0.435995 -0.377667 -0.411506 0.006342 -0.112200 -0.328046 -0.177224 -0.297026 -0.320379 -0.233288 -0.305100 0.006486 -0.153445
0.019994 -0.035072 -0.151865 0.373457 0.165069 0.309797 0.003261 0.292209 -0.157188 0.297502 0.224111 0.224909 0.214064 0.440232 -0.011817 0.570759 0.317675 0.343166 0.025351 0.038522 0.614068 1.000000 0.293980 0.313544 0.202088 0.626632 0.490274 0.532297 0.166426 0.419805 0.541137 0.606823 -0.024275 0.184003 0.159560 -0.006819 -0.110921 -0.118923 -0.212912 -0.357289 -0.150856 0.256922 0.017087 0.148984 0.025872 0.057453 0.164451 -0.023223 -0.151874 -0.058266 -0.241066 -0.237337 -0.209712 -0.113220 -0.127860 -0.308931 0.136469 -0.073254 -0.411511 -0.296473 -0.383558 -0.341861 0.018098 -0.043623 -0.104863 -0.311844 -0.455394 -0.379063 -0.321575 -0.368722 0.411925 0.476272 0.122982 0.430348 0.005207 0.305322 -0.142278 -0.142434 0.012045 0.022925 0.318016 0.150270 0.153137 0.509949 0.214483 -0.020026 0.075756 0.337257 0.152119 -0.396548 -0.165580 -0.391980 -0.075577 -0.354649 -0.150155 -0.263244 -0.101706 -0.208578 -0.129348 -0.171335 0.147844 -0.156824 0.163087 -0.355199 -0.179205 -0.242210 -0.078883 -0.222360 -0.046910 -0.124068 0.002127 0.022140 0.020887 -0.000381 0.057831 -0.163185
0.056977 -0.151571 0.631653 0.672668 0.564648 0.393112 0.544492 0.407541 0.402919 0.155013 0.274061 0.253604 0.415783 0.300549 0.296725 0.211451 0.326954 0.088502 -0.016576 -0.094071 0.522779 0.293980 1.000000 0.847681 0.425496 0.193082 0.645407 0.561913 -0.001808 0.228802 0.254380 0.134127 0.075734 0.164306 0.217936 0.142237 -0.105063 0.139806 -0.232803 -0.181699 -0.267008 0.267163 -0.118217 0.045117 -0.049899 -0.052248 -0.172861 -0.222052 -0.080234 0.149246 -0.098538 -0.080635 -0.157303 0.066931 -0.291338 -0.167564 0.030534 -0.198662 -0.300556 -0.220543 -0.323445 -0.137600 -0.117134 -0.093511 0.005645 0.151281 -0.342152 -0.268252 -0.384046 -0.308002 0.634456 0.227279 0.104063 0.453991 0.188232 0.323011 0.068103 0.119601 0.163317 0.215310 0.081359 0.140848 0.347996 0.227395 0.002500 0.253338 0.413015 -0.001434 -0.049668 0.100614 -0.291646 -0.236975 -0.289410 -0.396578 -0.025770 -0.135377 -0.218058 0.097932 -0.262161 -0.041738 -0.523371 -0.180425 -0.533691 -0.526152 -0.492844 -0.128391 -0.048826 -0.219262 -0.207294 0.112828 -0.056958 -0.358706 -0.397328 -0.419371 0.011358 -0.215051
-0.189923 -0.303214 0.537663 0.852436 0.498687 0.449599 0.430925 0.447027 0.383846 0.178417 0.050745 0.193750 0.198611 0.248044 0.016480 0.217523 0.214576 0.145164 -0.178748 -0.155107 0.449472 0.313544 0.847681 1.000000 0.314208 0.307575 0.531890 0.575039 -0.076004 0.288546 0.133515 0.211334 -0.025914 0.112045 0.198186 0.134154 -0.192202 0.180742 -0.299768 -0.139801 -0.330203 0.204203 -0.068685 0.197795 0.070485 0.131279 -0.107936 -0.045994 -0.085217 0.333657 -0.184272 -0.027389 -0.249648 0.015968 -0.424714 -0.161823 -0.041637 -0.224541 -0.343078 -0.158678 -0.443759 -0.061340 -0.147297 -0.139267 -0.054313 0.370325 -0.316491 -0.130208 -0.358887 -0.234624 0.634678 0.312643 -0.012850 0.460290 0.034101 0.370280 -0.028514 0.266351 0.311020 0.230984 0.194444 0.339040 0.196827 0.432873 -0.100068 0.387317 0.280415 0.196617 -0.078427 0.180297 -0.168531 -0.199245 -0.172562 -0.473330 0.210091 -0.059749 -0.156749 0.136029 -0.244803 -0.152469 -0.551752 -0.171927 -0.537530 -0.522329 -0.595649 -0.002067 0.035047 -0.083465 -0.127680 0.285725 -0.001607 -0.477592 -0.603606 -0.520364 0.021379 -0.148934
0.209127 0.081873 0.519270 0.116716 0.535580 0.522174 0.484153 0.147924 0.606574 0.129092 0.289502 0.039473 0.189520 0.081079 0.147860 0.153288 0.325474 0.042222 -0.016776 0.021326 0.366177 0.202088 0.425496 0.314208 1.000000 0.294363 0.622265 0.561278 0.034418 0.085592 0.118083 0.010815 -0.036958 -0.115807 0.160352 -0.021047 0.083973 -0.061126 -0.066707 -0.114793 -0.243138 0.206898 -0.020138 0.001051 -0.100600 -0.064706 -0.024892 -0.177717 -0.131570 -0.031344 -0.231101 -0.160771 -0.184732 0.101524 -0.075361 -0.139382 0.140833 -0.068140 -0.138977 -0.211069 -0.113476 -0.024586 -0.143094 0.011866 -0.058526 0.071894 -0.314906 -0.233733 0.021740 -0.160699 0.351904 -0.043328 0.190400 0.232697 0.108123 0.098249 0.093834 0.114288 0.372005 0.149183 0.208243 0.009822 0.288724 0.031202 -0.071299 -0.061228 0.194684 -0.084913 0.094649 -0.151621 -0.095217 -0.039602 -0.006998 -0.151501 -0.175763 -0.008439 0.050067 0.133098 -0.042745 0.098007 -0.364432 0.147801 -0.234551 -0.140840 -0.175670 -0.167207 0.046520 -0.143116 -0.058938 0.187331 -0.002518 -0.062661 -0.164824 -0.291810 -0.139872 -0.025532
-0.083477 -0.033419 -0.122205 0.277126 0.095914 0.460683 -0.042239 0.275669 0.032726 0.471255 0.051945 0.162488 0.026407 0.317867 -0.010318 0.595099 0.098678 0.266572 -0.034957 0.046656 0.527915 0.626632 0.193082 0.307575 0.294363 1.000000 0.443144 0.569455 0.032672 0.248712 0.416430 0.535066 -0.269180 0.067886 -0.205834 -0.147770 -0.284075 -0.254283 -0.298596 -0.254704 -0.339856 0.023488 -0.131937 -0.022179 -0.102019 -0.007409 -0.080468 -0.034237 -0.127660 -0.058630 -0.289276 -0.186183 -0.221828 -0.116862 -0.213950 -0.247024 -0.174734 -0.165036 -0.131919 -0.147480 -0.244911 -0.118219 -0.176818 -0.132066 -0.173228 -0.058322 -0.340112 -0.110552 -0.244532 -0.059271 0.316353 0.325898 -0.021340 0.172297 -0.160413 0.151962 -0.415501 -0.177986 0.253894 0.020152 0.215484 0.159045 -0.140751 0.337532 -0.043393 -0.046963 -0.053763 0.196206 0.023356 -0.167904 -0.052807 -0.042999 0.089381 -0.125573 0.080473 -0.222785 -0.241163 -0.317306 -0.195965 -0.213262 0.065972 -0.140421 0.097647 -0.236368 -0.118698 0.005917 0.015782 0.147969 -0.179077 0.082459 -0.132952 -0.118628 -0.058106 -0.000756 0.072488 -0.046387
0.039686 -0.072021 0.383542 0.496426 0.637102 0.716947 0.420251 0.427019 0.432361 0.413448 0.187076 0.127440 0.306433 0.296729 0.294350 0.515847 0.216095 0.114194 -0.031764 -0.005193 0.650773 0.490274 0.645407 0.531890 0.622265 0.443144 1.000000 0.741815 -0.000600 0.289481 0.336788 0.210050 -0.052590 0.050066 0.151317 0.009516 -0.080553 0.054154 -0.068312 -0.178953 -0.160344 0.430194 -0.168586 -0.077157 -0.095285 -0.039950 -0.138169 -0.267541 -0.159912 0.047152 -0.310129 -0.242484 -0.340914 0.043482 -0.109341 -0.158520 0.100729 -0.108906 -0.300306 -0.175651 -0.384441 -0.146733 -0.110148 -0.050366 -0.074900 0.067452 -0.426684 -0.373272 -0.213119 -0.283292 0.498025 0.132921 0.108983 0.395134 0.146407 0.137319 -0.099584 -0.008378 0.205266 0.204988 0.125126 0.101109 0.282964 0.328181 -0.070629 0.013802 0.412216 0.012258 0.119571 -0.062558 -0.302669 -0.211461 -0.179665 -0.323852 -0.085004 -0.081224 -0.197331 0.046156 -0.229239 0.060181 -0.260387 0.018578 -0.270541 -0.277014 -0.270896 -0.185668 -0.004761 -0.286050 -0.065687 0.064830 -0.102727 -0.160220 -0.183511 -0.287404 -0.088714 -0.162223
0.035035 -0.037493 0.210157 0.526754 0.373620 0.669636 0.193363 0.309634 0.245892 0.261714 0.300590 0.107391 0.213637 0.219264 0.189699 0.463195 0.324567 0.244943 0.016329 0.185184 0.656672 0.532297 0.561913 0.575039 0.561278 0.569455 0.741815 1.000000 -0.029857 0.255242 0.310565 0.355746 -0.094209 -0.001980 0.022778 -0.128724 -0.157178 -0.087187 -0.206395 -0.295805 -0.219888 0.260496 0.030834 0.064364 -0.076350 -0.093182 0.046793 -0.154548 -0.128496 0.029382 -0.193463 -0.284648 -0.204707 -0.068384 -0.231007 -0.292069 0.052084 -0.146467 -0.367375 -0.212526 -0.415452 -0.234934 -0.013036 -0.045758 -0.077142 0.023766 -0.359998 -0.353491 -0.239435 -0.235444 0.538440 0.234176 0.084357 0.373522 0.056085 0.255900 -0.125570 0.083706 0.339520 0.084470 0.342190 0.128474 0.237983 0.365776 0.118201 0.042153 0.258445 0.161043 0.084224 -0.144867 -0.140313 -0.260031 -0.069420 -0.370757 -0.081685 -0.228529 -0.150772 -0.077246 -0.173196 -0.216007 -0.244629 -0.114581 -0.163574 -0.414750 -0.320759 -0.101318 0.059629 -0.184692 -0.247672 0.086749 -0.134033 -0.253942 -0.285794 -0.291013 0.007581 -0.093508
-0.139834 -0.221893 -0.171626 -0.127369 -0.081256 -0.096527 0.180087 0.093033 -0.122052 0.053712 0.339266 0.178595 0.328351 0.392874 0.127892 0.230566 0.334307 0.197981 0.300991 -0.046827 0.057018 0.166426 -0.001808 -0.076004 0.034418 0.032672 -0.000600 -0.029857 1.000000 0.397156 0.550906 0.456160 0.372212 0.166005 -0.114359 -0.324188 0.185289 -0.063870 0.099584 -0.164484 0.467061 0.197045 0.029226 -0.203130 -0.173105 -0.230590 0.027691 -0.230087 -0.225531 -0.264937 -0.134238 -0.305773 -0.124167 0.159646 0.014029 -0.072265 -0.143641 -0.216317 -0.181494 -0.185663 0.154420 0.019930 0.301004 0.170525 0.312281 -0.203333 -0.146377 -0.443087 -0.074448 -0.213522 0.139759 0.278951 0.708924 0.356569 0.560419 0.345055 0.086406 -0.021451 -0.021789 0.111289 0.295825 0.202615 0.350419 0.148719 0.328227 0.101563 0.210465 -0.026333 0.146736 -0.297683 -0.336154 -0.339740 -0.329000 -0.363001 -0.012558 0.127424 -0.223387 -0.194265 -0.251963 -0.000282 -0.035454 -0.375072 0.055362 -0.405000 -0.091482 -0.222184 -0.301932 -0.322565 0.263709 -0.182323 -0.311348 0.005244 0.224751 0.069832 0.091351 -0.163528
-0.174838 -0.231261 -0.172665 0.246005 0.068729 0.262317 0.044975 0.282835 -0.053960 0.238970 0.110741 0.429734 0.260923 0.654098 -0.135607 0.483689 0.236176 0.548516 0.135265 -0.057512 0.373867 0.419805 0.228802 0.288546 0.085592 0.248712 0.289481 0.255242 0.397156 1.000000 0.596031 0.524569 0.401380 0.231748 0.084899 -0.400942 0.099076 0.333239 -0.180805 -0.157647 0.018441 0.637122 -0.080151 0.061079 -0.012420 0.023881 0.055784 -0.312903 -0.171081 0.098014 -0.278447 -0.261213 -0.344350 -0.118284 -0.118889 0.007597 0.034033 -0.146402 -0.490450 -0.307174 -0.278226 -0.077355 0.275634 0.193502 -0.083573 -0.184285 -0.302292 -0.648062 -0.317740 -0.616275 0.397300 0.582647 0.580664 0.804417 0.440859 0.688174 0.157219 -0.047067 0.008095 0.356753 0.180303 0.515630 -0.025922 0.508013 0.094450 0.538074 0.090158 0.230273 -0.333014 -0.054268 -0.544893 -0.544517 -0.518251 -0.707250 -0.066899 0.027396 -0.260343 -0.059142 -0.157955 0.077920 -0.132186 -0.140360 -0.257950 -0.412424 -0.401677 -0.277620 -0.211671 -0.190664 0.034688 -0.028507 -0.056933 0.035912 -0.072904 -0.161429 0.122039 -0.285324
-0.045984 -0.191626 -0.255836 0.169672 0.080200 0.175088 0.221691 0.476783 -0.209192 0.435940 0.317320 0.338356 0.312825 0.671401 0.099961 0.600923 0.295299 0.364343 0.387866 0.064385 0.563044 0.541137 0.254380 0.133515 0.118083 0.416430 0.336788 0.310565 0.550906 0.596031 1.000000 0.879757 0.353553 0.446057 -0.101545 -0.133548 -0.171359 -0.164556 -0.341244 -0.404172 -0.029710 0.271233 0.059719 0.050128 0.040955 0.048252 -0.063888 -0.148702 -0.258045 -0.092879 -0.342183 -0.379242 -0.378172 -0.009175 -0.262219 -0.305264 -0.084592 -0.249152 -0.442471 -0.464947 -0.120538 -0.176130 0.230051 0.039352 0.027061 -0.350896 -0.523042 -0.513985 -0.364656 -0.368129 0.427937 0.598678 0.471573 0.551452 0.428605 0.528323 -0.068551 -0.278298 -0.279415 0.101139 0.154544 0.123109 0.227742 0.431938 0.155926 0.071135 0.183710 0.078704 -0.115373 -0.386939 -0.478040 -0.479280 -0.352558 -0.479170 -0.339498 -0.352846 -0.533947 -0.515611 -0.399968 -0.213182 0.135628 -0.439234 0.003703 -0.592698 -0.145705 -0.418125 -0.242252 -0.314680 -0.049392 -0.438092 -0.345387 0.063144 0.268217 0.083509 0.029691 -0.164787
-0.222018 -0.252208 -0.349537 0.303058 -0.060976 0.121755 0.048503 0.465393 -0.328099 0.328405 0.186677 0.232566 0.132674 0.533606 -0.049788 0.567422 0.233846 0.411073 0.305356 0.068688 0.478438 0.606823 0.134127 0.211334 0.010815 0.535066 0.210050 0.355746 0.456160 0.524569 0.879757 1.000000 0.195161 0.438615 -0.125430 -0.073357 -0.252533 -0.221292 -0.383436 -0.399234 -0.101839 0.101585 0.118674 0.166537 0.076333 0.118332 0.067822 0.016383 -0.272369 -0.038942 -0.343623 -0.374336 -0.341745 -0.094707 -0.367410 -0.319597 -0.137515 -0.253775 -0.460463 -0.430646 -0.215222 -0.170162 0.177617 -0.009030 0.028980 -0.242694 -0.510826 -0.348368 -0.370690 -0.303038 0.373204 0.641688 0.309149 0.447817 0.238954 0.506480 -0.175309 -0.149479 -0.189853 0.011587 0.214803 0.220112 0.133834 0.553536 0.158336 0.109717 0.007334 0.232163 -0.080858 -0.335388 -0.297616 -0.445263 -0.183095 -0.412523 -0.150924 -0.381944 -0.471570 -0.556705 -0.399085 -0.368440 0.179382 -0.431925 0.081038 -0.592138 -0.137045 -0.309565 -0.232155 -0.252844 0.006214 -0.378568 -0.321046 -0.036660 0.148907 0.101440 0.026267 -0.129277
0.094375 -0.103273 0.004417 -0.042872 -0.034273 -0.112650 0.085495 -0.017456 -0.179508 -0.084312 -0.091924 -0.032885 -0.048800 0.041906 -0.213622 -0.186859 0.129286 0.125760 0.442816 0.103066 0.066425 -0.024275 0.075734 -0.025914 -0.036958 -0.269180 -0.052590 -0.094209 0.372212 0.401380 0.353553 0.195161 1.000000 0.630383 0.394935 -0.087574 0.157970 0.111833 0.000667 -0.061581 0.242925 0.470704 -0.038922 0.005729 0.133101 0.178618 -0.081155 -0.354046 -0.080741 0.092781 -0.214827 -0.289920 -0.472292 -0.068428 -0.157231 0.102749 0.314336 0.132187 -0.087093 -0.028263 0.195729 0.225320 0.512461 0.350858 0.304378 0.014865 0.175695 -0.364604 0.127183 -0.310236 0.040833 0.194292 0.552925 0.450722 0.624657 0.418476 0.483334 -0.063590 -0.068796 0.395393 -0.019157 0.157884 -0.053928 -0.038305 -0.017103 0.238281 -0.047578 -0.117120 -0.260045 -0.077638 -0.785640 -0.612185 -0.692241 -0.448133 -0.404632 0.025156 -0.148094 -0.214822 -0.235628 0.033012 -0.166949 -0.015893 -0.184006 -0.216619 -0.228378 -0.493376 -0.423130 -0.236054 -0.019847 -0.366826 -0.254578 -0.006048 0.009971 -0.148559 -0.271493 -0.429670
0.199182 0.173862 0.033452 0.248523 0.078878 -0.038293 0.156810 0.305291 -0.210359 0.179383 -0.033578 0.120342 0.027745 0.104401 -0.102918 0.059671 0.095429 0.141185 0.445212 0.257278 0.314586 0.184003 0.164306 0.112045 -0.115807 0.067886 0.050066 -0.001980 0.166005 0.231748 0.446057 0.438615 0.630383 1.000000 0.208230 0.172021 -0.304586 -0.287516 -0.382868 -0.430593 -0.144356 0.108128 -0.217232 -0.059885 -0.010579 0.216714 -0.264850 -0.279960 -0.174061 0.077639 -0.125996 -0.330751 -0.210544 -0.207736 -0.412341 -0.298448 0.181450 0.187830 -0.134736 -0.002007 0.065707 0.190566 0.365760 0.368816 0.188393 0.091871 -0.163555 -0.130906 -0.043235 -0.228924 0.164654 0.315705 0.105186 0.238906 0.203058 0.252182 0.085957 -0.370170 -0.198785 0.290663 -0.080090 0.140583 -0.154494 0.108975 0.052314 0.079639 -0.103454 -0.041726 -0.113288 -0.137738 -0.529721 -0.555764 -0.493345 -0.301548 -0.316463 -0.468612 -0.463352 -0.496786 -0.379494 -0.410393 -0.062608 -0.136551 -0.137004 -0.401342 -0.315524 -0.546000 -0.363898 -0.194833 -0.190024 -0.503755 -0.372080 -0.158042 -0.076725 -0.178108 -0.172200 -0.377893
0.000614 -0.296003 0.226302 0.106139 0.110167 -0.017051 0.098884 -0.131800 -0.040885 -0.291865 -0.096942 -0.099962 -0.040768 -0.112659 -0.230710 -0.339098 0.158504 0.021825 -0.209727 -0.354216 0.015308 0.159560 0.217936 0.198186 0.160352 -0.205834 0.151317 0.022778 -0.114359 0.084899 -0.101545 -0.125430 0.394935 0.208230 1.000000 0.390460 0.323452 0.292539 0.157525 0.081003 0.090237 0.250282 0.065747 0.265802 0.360232 0.313734 0.269483 -0.012786 0.170083 0.251601 -0.001778 0.092779 -0.208305 -0.006557 0.033995 0.116796 0.373484 0.044704 -0.065400 -0.108617 -0.029138 -0.150155 -0.036341 -0.023651 0.222048 0.099810 0.116189 -0.024434 -0.073954 -0.359629 0.080872 0.080009 0.050618 0.236790 0.185234 0.112875 0.364998 0.276970 0.145934 0.077527 0.081738 0.091740 0.005827 0.038008 0.003476 0.266735 -0.040602 0.098844 0.056246 0.034706 -0.278346 -0.330416 -0.259650 -0.346952 -0.103958 0.083366 0.313331 0.202762 0.011526 0.107726 -0.253324 0.107067 -0.043123 -0.005965 -0.133161 -0.148077 0.038648 -0.202371 0.058001 -0.100977 0.291134 -0.016408 -0.157060 -0.180008 -0.359871 -0.291337
-0.099062 0.006973 0.209253 0.127955 0.199840 -0.111499 0.106302 -0.070668 0.042412 -0.062261 -0.195094 -0.245208 -0.123869 -0.264764 -0.003315 -0.261304 -0.133338 -0.228706 -0.232634 -0.226891 -0.045228 -0.006819 0.142237 0.134154 -0.021047 -0.147770 0.009516 -0.128724 -0.324188 -0.400942 -0.133548 -0.073357 -0.087574 0.172021 0.390460 1.000000 -0.067627 0.075328 0.041412 0.210536 -0.144588 -0.203425 -0.097937 0.181818 0.235240 0.400138 -0.087798 0.288504 -0.053064 0.163933 -0.091094 0.169205 0.032666 0.098542 -0.094703 0.006682 0.081810 0.153553 0.128199 0.079130 -0.081649 -0.023422 -0.212238 -0.181424 -0.080814 0.153534 -0.048278 0.495059 0.037141 0.254730 -0.125311 -0.216164 -0.401794 -0.324705 -0.225250 -0.238944 -0.003833 -0.018390 -0.224830 -0.065517 -0.161454 -0.065419 0.151233 0.031578 -0.236780 -0.146997 0.104172 0.066099 0.061765 -0.013985 0.138238 0.144165 0.074376 0.147252 0.037673 -0.113426 0.141501 0.124710 0.066503 -0.094958 0.013709 0.006519 -0.018707 0.121250 0.090267 -0.003634 0.169937 0.094336 0.183578 -0.223681 0.288910 -0.060120 0.005994 0.024356 -0.134939 0.211141
