1.000000 0.099075 0.119628 -0.118000 -0.007977 0.036839 -0.165223 -0.149657 -0.090806 -0.081331 0.016097 -0.011820 -0.067416 0.030897 0.088237 0.120637 0.221198 -0.060061 -0.038170 -0.117572 0.034099 0.012711 0.130118 0.030544 -0.068134 -0.047965 0.153439 0.234987 -0.200518 0.003421 -0.222939 -0.207291 -0.021815 -0.326008 0.074999 -0.067092 0.177647 0.005360 0.176435 -0.161036 0.198107 -0.062254 -0.209048 -0.238625 -0.115191 -0.269750 -0.164814 -0.211781 0.255186 -0.385211 0.152984 0.106174 0.103117 0.065517 0.318992 0.180731 0.683640 -0.209325 0.248436 -0.325653 0.342670 0.056633 0.056059 0.064722 0.044702 0.113987 -0.134962 -0.209685 -0.055187 -0.225065 -0.154418 -0.198344 -0.198418 -0.322311 0.007387 0.004809 0.132735 -0.312232 0.094899 -0.109918 0.134193 -0.038976 -0.152023 -0.116702 0.107500 -0.018572 -0.043188 -0.065056 0.232171 0.326451 -0.108069 0.294512 -0.052162 0.341350 -0.141681 -0.178656 -0.135481 -0.271724 0.149733 0.537290 0.035310 0.230454 -0.048432 0.210327 -0.354724 -0.262384 -0.181045 -0.073247 -0.196952 -0.217570 -0.140399 -0.162250 -0.128211 -0.038638 0.050322 -0.064598
0.099075 1.000000 -0.648325 -0.355130 -0.656250 -0.546132 -0.382382 -0.624143 -0.611802 -0.614415 -0.162088 -0.285806 -0.111307 -0.094440 -0.217826 -0.471183 0.429317 0.623387 0.272907 0.710464 -0.408805 -0.240758 -0.388599 -0.446182 -0.508092 -0.627120 -0.436523 -0.260488 0.404571 0.228349 -0.431377 -0.609834 0.574413 0.274403 -0.365056 -0.197301 0.416470 0.442934 0.010685 0.077514 0.524205 0.105386 -0.131552 -0.147703 -0.270142 -0.142988 0.132469 0.009185 -0.387516 -0.152217 -0.363144 0.112753 0.216252 0.507969 0.362892 0.296367 0.266884 0.553912 -0.157225 0.394889 -0.263789 0.023529 0.518533 0.544072 -0.564348 -0.486602 -0.272158 -0.253281 0.553833 0.299768 -0.241682 -0.230480 0.291619 0.259639 0.224894 -0.179612 0.038898 0.124871 0.547313 0.512804 0.511311 0.639852 -0.055338 0.029748 -0.215404 0.066685 0.118796 0.328438 -0.459554 0.112114 -0.273053 0.024801 -0.207545 -0.427039 -0.024422 -0.021792 -0.021304 0.265285 0.447263 0.239816 0.296482 0.326266 0.423483 0.372608 0.178099 -0.074961 0.013780 0.022138 -0.134998 0.049564 -0.156461 0.288605 0.139228 0.199425 0.079675 0.149153
0.119628 -0.648325 1.000000 0.595346 0.827417 0.574216 0.681930 0.607992 0.721658 0.426771 0.289513 0.383454 0.204863 0.162216 0.575509 0.572351 -0.446594 -0.589816 0.082795 -0.639738 0.393961 0.143481 0.781407 0.612324 0.638523 0.589041 0.584766 0.408603 -0.404834 -0.251640 0.531505 0.542767 -0.598585 -0.336832 0.249475 -0.086388 -0.518921 -0.470375 -0.086477 -0.199982 -0.463648 -0.168605 -0.128220 -0.115409 -0.008826 -0.080812 -0.304189 -0.276406 0.259269 -0.230523 0.420044 -0.143849 -0.320236 -0.442811 -0.105421 -0.021225 -0.342016 -0.555755 -0.022844 -0.637320 0.178954 -0.162055 -0.628594 -0.590162 0.663011 0.228145 0.107160 0.036683 -0.524451 -0.356656 0.303385 0.208338 -0.326734 -0.189115 -0.133786 0.129545 -0.177375 -0.254472 -0.473020 -0.386214 -0.442968 -0.468971 0.236889 0.172955 0.405284 0.003951 0.137415 -0.196039 0.691423 -0.074270 0.310770 0.182938 0.127351 0.511126 -0.145127 0.031863 -0.196235 -0.489147 -0.459003 -0.315737 -0.245740 -0.250745 -0.299839 -0.508978 -0.417943 -0.127027 -0.342289 -0.289684 -0.019923 -0.162094 -0.100063 -0.467034 -0.381996 -0.294168 -0.083887 -0.109783
-0.118000 -0.355130 0.595346 1.000000 0.629093 0.540587 0.517799 0.743789 0.533598 0.439018 0.228774 0.525990 0.004896 -0.085012 0.446177 0.484824 -0.224296 -0.569129 0.194149 -0.361555 0.449470 0.276198 0.517949 0.703778 0.363453 0.505683 0.344741 0.295542 -0.192647 -0.008593 0.599359 0.620651 -0.461213 -0.145119 0.005986 -0.092179 -0.314576 -0.323696 -0.058338 -0.218640 -0.214941 0.083923 -0.202977 -0.128020 -0.097366 0.013085 -0.390000 -0.229783 -0.094343 -0.053687 0.167304 -0.256531 -0.506717 -0.367829 -0.254102 -0.220770 -0.308328 -0.455813 -0.370509 -0.381202 -0.151610 -0.368110 -0.466554 -0.437755 0.521046 0.013400 -0.192759 0.100888 -0.446155 -0.360715 0.291644 0.411875 -0.165096 0.129038 -0.038783 0.288108 -0.097555 -0.063459 -0.343389 -0.268605 -0.189996 -0.245134 0.468578 0.581663 0.458750 0.227576 0.341500 0.128937 0.486819 -0.289675 0.070833 -0.083422 0.367050 0.110679 -0.129151 0.179135 -0.302861 -0.384820 -0.571547 -0.451146 -0.268848 -0.266507 -0.241727 -0.547295 -0.358103 -0.249746 -0.295718 -0.243740 -0.159970 -0.280362 -0.270491 -0.398001 -0.361099 -0.227700 0.097128 -0.003857
-0.007977 -0.656250 0.827417 0.629093 1.000000 0.742265 0.641088 0.636193 0.785892 0.593853 0.309821 0.447232 0.208137 0.229287 0.547489 0.605578 -0.588155 -0.644623 -0.026982 -0.588017 0.495352 0.296650 0.715588 0.638173 0.726450 0.667549 0.660092 0.457618 -0.481155 -0.193460 0.603517 0.597344 -0.602013 -0.232072 0.172834 0.041354 -0.523479 -0.497390 -0.060416 -0.247079 -0.516754 -0.101745 -0.069522 -0.104736 0.047368 -0.062972 -0.278300 -0.199484 0.307428 -0.091297 0.346541 -0.208942 -0.383902 -0.456453 -0.198158 -0.127552 -0.395153 -0.479491 -0.012584 -0.602779 0.136607 -0.094245 -0.658060 -0.586627 0.698746 0.294360 0.134388 0.180024 -0.455100 -0.235809 0.284190 0.230846 -0.414830 -0.222090 -0.223501 0.149298 -0.151122 -0.342688 -0.584689 -0.384833 -0.484499 -0.522203 0.243151 0.180143 0.359750 -0.127235 0.189937 -0.049725 0.638058 -0.158096 0.224278 0.059620 0.325471 0.473307 -0.058714 0.095355 -0.225688 -0.472345 -0.461308 -0.337237 -0.407044 -0.262035 -0.436943 -0.521174 -0.332811 -0.227528 -0.127004 -0.252378 0.021673 -0.179122 -0.044375 -0.431894 -0.456044 -0.262493 -0.078295 -0.131105
0.036839 -0.546132 0.574216 0.540587 0.742265 1.000000 0.424882 0.621134 0.592941 0.777319 0.285354 0.465595 0.176321 0.253961 0.319909 0.539023 -0.380394 -0.581002 -0.158322 -0.443773 0.522380 0.306685 0.383948 0.668455 0.638868 0.782418 0.633347 0.500643 -0.542364 -0.102793 0.422953 0.516844 -0.499823 -0.151254 0.089456 -0.012374 -0.391664 -0.471310 0.016958 -0.239700 -0.423163 -0.123761 -0.027902 -0.082008 0.091103 -0.047277 -0.147331 -0.108069 0.300409 0.071293 0.189495 -0.049326 -0.364658 -0.506383 -0.230831 -0.139072 -0.255718 -0.427398 0.078696 -0.399903 0.166012 0.012299 -0.517280 -0.418335 0.408818 0.382011 -0.033175 0.082663 -0.406728 -0.243336 0.239070 0.228001 -0.398560 -0.196409 -0.304200 0.138198 -0.238448 -0.381826 -0.511219 -0.295534 -0.202570 -0.365728 0.000281 0.096685 0.148425 -0.145566 0.084635 -0.051820 0.397521 -0.113456 0.005933 0.091581 0.353524 0.340241 0.012969 -0.015389 -0.273600 -0.422121 -0.381264 -0.287751 -0.215661 -0.294862 -0.213816 -0.297706 -0.282068 -0.262461 0.031705 -0.245580 -0.000210 -0.203209 -0.085160 -0.391780 -0.484539 -0.247417 0.042701 0.029788
-0.165223 -0.382382 0.681930 0.517799 0.641088 0.424882 1.000000 0.507057 0.684672 0.345428 0.204509 0.167548 0.463060 0.045815 0.507345 0.391903 -0.300344 -0.259643 0.340459 -0.226335 0.256740 0.076828 0.516347 0.368307 0.365769 0.290529 0.186487 0.004352 0.037899 0.174137 0.653582 0.502268 -0.163757 0.105764 -0.054987 -0.215702 -0.405689 -0.496601 -0.131007 -0.290797 -0.348815 -0.090870 -0.317110 -0.289545 -0.293668 -0.392535 -0.333439 -0.364073 -0.014907 -0.241544 -0.083438 -0.389825 -0.216551 -0.418590 0.014521 -0.069562 -0.526673 -0.373422 -0.122861 -0.242106 0.244390 -0.082791 -0.199341 -0.163343 0.471020 -0.049207 0.277938 -0.015994 -0.165373 -0.110066 0.354838 0.149395 0.120876 0.143985 0.087848 0.284096 -0.024412 -0.244012 -0.319081 -0.115106 -0.366012 -0.296467 0.134482 0.163132 0.142905 -0.127449 0.093290 -0.173539 0.335456 -0.124588 0.134782 0.050565 0.108541 0.233923 -0.265001 0.007193 -0.388351 -0.532693 -0.323553 -0.488860 -0.127420 0.033750 -0.159210 -0.412183 -0.183091 -0.215429 -0.215926 -0.112932 -0.095667 -0.300259 -0.308745 -0.391816 -0.351797 -0.346732 -0.059301 -0.089360
-0.149657 -0.624143 0.607992 0.743789 0.636193 0.621134 0.507057 1.000000 0.701206 0.735234 0.101056 0.558951 0.110037 0.153757 0.222223 0.562349 -0.404587 -0.606122 -0.241121 -0.555188 0.436186 0.238376 0.295701 0.603971 0.333825 0.626368 0.317578 0.223637 -0.418694 -0.018760 0.557213 0.744383 -0.525237 -0.110309 0.222871 0.027639 -0.451254 -0.516440 -0.220568 -0.168319 -0.366032 -0.122018 -0.055326 -0.054639 0.066709 0.076191 -0.223470 -0.153847 0.038823 0.120875 0.234342 -0.168299 -0.388925 -0.380680 -0.479988 -0.363303 -0.356202 -0.632380 -0.064317 -0.283385 0.154574 -0.026638 -0.525150 -0.435587 0.489753 0.401099 0.026715 0.175222 -0.560286 -0.392157 0.268251 0.256202 -0.180852 -0.123251 -0.203767 0.181732 -0.185877 -0.088735 -0.368237 -0.327437 -0.250349 -0.404407 0.110043 0.235793 0.241873 0.022466 -0.073229 -0.153719 0.392227 -0.262091 0.187801 -0.187290 0.361273 0.264341 -0.051674 0.050623 -0.247345 -0.384600 -0.725379 -0.466073 -0.278460 -0.411416 -0.315613 -0.491970 -0.194060 -0.146944 -0.080683 -0.206611 0.032670 -0.276141 -0.089254 -0.394422 -0.292454 -0.326736 -0.000318 -0.190960
-0.090806 -0.611802 0.721658 0.533598 0.785892 0.592941 0.684672 0.701206 1.000000 0.570911 0.298232 0.526603 0.401446 0.344124 0.509746 0.689943 -0.555381 -0.558435 -0.061404 -0.441367 0.254147 0.138632 0.408240 0.469060 0.422536 0.415004 0.311532 0.218266 -0.403338 -0.058091 0.475168 0.528312 -0.512106 -0.240092 0.117069 -0.040794 -0.652149 -0.572645 -0.155036 -0.212012 -0.492673 -0.346960 0.076779 -0.004255 0.039758 -0.113855 -0.107558 -0.117335 0.324889 0.014092 0.215919 -0.067901 -0.256397 -0.339840 -0.224089 -0.257041 -0.468761 -0.600568 0.058703 -0.460088 0.321215 0.058809 -0.555766 -0.493936 0.549457 0.306655 0.119016 0.023087 -0.407825 -0.336997 0.356092 0.238671 -0.236822 -0.210070 -0.239011 0.173842 -0.266483 -0.215363 -0.539405 -0.448501 -0.447023 -0.545084 0.101030 0.111816 0.174365 -0.183917 -0.016094 -0.174739 0.428081 -0.135772 0.318826 -0.001407 0.229281 0.324002 -0.082464 0.045724 -0.176325 -0.421785 -0.521061 -0.435180 -0.433860 -0.322489 -0.385938 -0.410365 -0.172671 -0.108513 -0.023631 -0.220236 0.166867 -0.155539 -0.121712 -0.338577 -0.290512 -0.298945 -0.018836 -0.110190
-0.081331 -0.614415 0.426771 0.439018 0.593853 0.777319 0.345428 0.735234 0.570911 1.000000 0.122810 0.319097 0.170554 0.198370 0.079261 0.485720 -0.477355 -0.517376 -0.329331 -0.471893 0.517924 0.321439 0.166676 0.390907 0.353743 0.637204 0.283074 0.090430 -0.543402 -0.111219 0.405520 0.642780 -0.423370 0.049978 0.325189 0.254681 -0.424161 -0.562884 -0.197184 -0.335183 -0.416254 -0.205266 -0.046288 -0.098329 0.222578 0.005611 -0.180347 -0.151031 0.252243 0.247841 0.194143 -0.071902 -0.240414 -0.495283 -0.390902 -0.385843 -0.297590 -0.419087 0.165972 -0.106099 0.326807 0.285358 -0.379529 -0.287915 0.428328 0.567541 0.241020 0.296181 -0.385223 -0.131180 0.177518 0.106120 -0.323352 -0.235147 -0.362772 0.065372 -0.142711 -0.362277 -0.400614 -0.349600 -0.295099 -0.435651 -0.140801 -0.042978 0.079287 -0.304594 -0.239275 -0.376877 0.291976 -0.080067 0.008614 -0.041622 0.314245 0.390895 0.065977 -0.058392 -0.324231 -0.337424 -0.532297 -0.414388 -0.078017 -0.186090 -0.092055 -0.262994 -0.109244 -0.145436 0.173870 -0.238456 0.047773 -0.270757 0.131616 -0.401056 -0.397808 -0.313459 -0.075957 -0.079694
0.016097 -0.162088 0.289513 0.228774 0.309821 0.285354 0.204509 0.101056 0.298232 0.122810 1.000000 0.483732 0.469490 0.428246 0.665395 0.467456 -0.082362 -0.313536 0.256423 -0.173570 -0.028450 -0.033347 0.287977 0.267494 0.055341 0.088574 0.155595 0.065170 -0.059080 -0.018897 -0.096793 0.062041 -0.363434 -0.148702 -0.082810 0.095573 -0.337521 -0.325512 -0.131112 -0.343435 -0.302056 -0.091459 -0.177468 -0.252519 -0.147062 -0.197045 -0.114254 -0.341813 0.288464 -0.251666 0.237863 -0.080457 0.059490 -0.374483 0.162424 -0.148254 -0.289469 0.032296 -0.019175 -0.372058 0.217894 -0.089577 -0.299786 -0.384346 0.402294 0.141779 -0.102214 -0.024453 -0.033623 -0.072814 0.160482 0.139446 -0.102119 0.003008 0.051991 0.212193 0.083267 -0.199061 -0.512573 -0.246790 -0.274699 -0.187121 0.271171 0.261911 0.589303 0.155056 0.092572 -0.024085 0.308119 0.067330 0.184289 0.235229 0.130598 0.062943 -0.028399 0.021536 -0.253488 -0.284201 -0.163440 -0.343616 0.009185 -0.010211 -0.089511 -0.277538 -0.113964 -0.234297 -0.015297 -0.084658 -0.109295 -0.120870 -0.159905 -0.183628 -0.263447 -0.201879 -0.220892 -0.031976
-0.011820 -0.285806 0.383454 0.525990 0.447232 0.465595 0.167548 0.558951 0.526603 0.319097 0.483732 1.000000 0.069389 0.387030 0.391477 0.646879 -0.218276 -0.439484 -0.056274 -0.337044 0.060438 -0.144262 0.181036 0.548572 0.202246 0.334568 0.278838 0.423188 -0.342008 0.023838 0.023640 0.200868 -0.497267 -0.437295 -0.074429 -0.132630 -0.329169 -0.258435 -0.201038 -0.083309 -0.185982 -0.100962 0.009124 -0.076503 -0.080202 0.055117 -0.160499 -0.133953 0.082167 -0.101665 0.242662 -0.074947 -0.318747 -0.192754 -0.357067 -0.304378 -0.168812 -0.366569 -0.097005 -0.461812 0.079727 -0.144227 -0.459965 -0.465667 0.398782 0.341332 -0.306009 -0.102063 -0.269655 -0.321670 0.216435 0.223342 -0.240545 -0.080661 -0.081970 0.160710 -0.166592 -0.062361 -0.480760 -0.303671 -0.015489 -0.230107 0.237131 0.460401 0.424599 0.386573 0.168570 0.181974 0.339244 -0.013820 0.175810 0.115339 0.480106 0.133398 0.039221 0.116246 -0.195306 -0.276758 -0.480595 -0.346883 -0.312183 -0.360223 -0.298288 -0.304657 -0.080981 -0.178584 -0.034644 -0.347298 0.054270 -0.189074 -0.327118 -0.231976 -0.153405 -0.221761 -0.010349 -0.070779
-0.067416 -0.111307 0.204863 0.004896 0.208137 0.176321 0.463060 0.110037 0.401446 0.170554 0.469490 0.069389 1.000000 0.539130 0.423730 0.258380 -0.000607 0.128908 0.107163 -0.023903 -0.089759 -0.145765 0.040083 -0.056036 -0.082681 -0.101399 -0.100872 -0.328154 0.073439 0.248119 -0.042498 -0.002260 -0.103545 0.044113 -0.148671 -0.116802 -0.237252 -0.429426 -0.030691 -0.289937 -0.232818 -0.362466 -0.331494 -0.323210 -0.323807 -0.527579 -0.148074 -0.429304 0.337902 -0.226018 -0.086631 -0.064642 0.456607 -0.393211 0.461971 -0.144184 -0.390144 0.052991 0.331330 0.048726 0.645975 0.339720 0.114251 0.108514 0.158104 0.099012 0.247056 -0.049033 0.160054 0.155935 0.093420 -0.151406 0.215818 -0.006845 0.034939 0.072593 -0.068412 -0.261887 -0.254868 0.029225 -0.298552 -0.111823 -0.088232 -0.114948 -0.086377 -0.384027 -0.323787 -0.192611 0.024341 0.166062 0.304268 0.197211 -0.161801 0.087020 -0.162483 -0.222979 -0.297284 -0.320575 0.008001 -0.337020 0.153783 0.173043 0.110762 -0.087278 0.035628 -0.237720 0.002646 -0.093891 -0.054235 -0.205023 -0.097334 -0.094062 -0.153463 0.004095 -0.276940 -0.129910
0.030897 -0.094440 0.162216 -0.085012 0.229287 0.253961 0.045815 0.153757 0.344124 0.198370 0.428246 0.387030 0.539130 1.000000 0.254778 0.384133 -0.303289 -0.051408 -0.323819 -0.183539 -0.042709 -0.153998 0.043813 0.109957 0.157263 0.132296 0.129122 0.127806 -0.275446 0.027172 -0.191711 -0.064283 -0.215548 -0.135707 0.000264 0.072457 -0.240643 -0.189379 -0.020338 -0.185203 -0.212962 -0.330292 0.049222 0.023913 0.029353 -0.057625 0.046163 -0.093825 0.416650 -0.008924 0.214540 0.224464 0.222078 -0.106946 0.186485 0.040697 -0.227739 0.003703 0.316744 -0.247548 0.327854 0.299704 -0.263683 -0.219678 0.067940 0.425479 -0.011487 0.041932 0.055918 0.028997 -0.146784 -0.189990 -0.209453 -0.256515 -0.216644 -0.204578 -0.308030 -0.191494 -0.271055 -0.146091 -0.187997 -0.175783 -0.278401 -0.170028 -0.029330 -0.202518 -0.181105 -0.064878 0.090736 0.175505 0.275193 0.169638 0.015600 0.136163 -0.026055 -0.133635 0.045747 -0.037521 -0.136277 -0.140921 0.029680 -0.201188 -0.012529 -0.204774 -0.123659 -0.115816 0.204816 -0.174258 0.046063 0.043325 0.020178 0.051421 0.021859 -0.096123 -0.245323 -0.106382
0.088237 -0.217826 0.575509 0.446177 0.547489 0.319909 0.507345 0.222223 0.509746 0.079261 0.665395 0.391477 0.423730 0.254778 1.000000 0.607564 -0.241632 -0.338389 0.333012 -0.258582 0.093988 -0.029954 0.624180 0.398966 0.266653 0.117463 0.413850 0.289166 0.068736 0.032177 0.202247 0.165399 -0.355426 -0.308398 -0.227971 -0.261393 -0.395530 -0.241809 0.038050 -0.251580 -0.207157 -0.233719 -0.117144 -0.172371 -0.176249 -0.280141 -0.228335 -0.336682 0.302152 -0.407936 0.358354 -0.085474 -0.061659 -0.293072 0.187948 0.028270 -0.283029 -0.196881 -0.224089 -0.574774 0.108868 -0.317619 -0.339903 -0.409990 0.488195 -0.199624 -0.221720 -0.260856 -0.177594 -0.249804 0.198713 0.186813 -0.052240 -0.024234 0.071413 0.160384 0.015718 -0.227463 -0.429019 -0.185937 -0.269343 -0.153471 0.539357 0.486370 0.434484 0.101315 0.202679 0.133860 0.446641 0.001398 0.224862 0.205220 0.046534 0.193860 -0.097306 0.070864 -0.283604 -0.390086 -0.185000 -0.279649 -0.150781 0.040823 -0.122450 -0.385463 -0.262214 -0.345515 -0.182520 -0.180830 -0.182228 -0.313360 -0.383640 -0.276048 -0.372976 -0.110719 -0.078010 -0.047741
0.120637 -0.471183 0.572351 0.484824 0.605578 0.539023 0.391903 0.562349 0.689943 0.485720 0.467456 0.646879 0.258380 0.384133 0.607564 1.000000 -0.491257 -0.578040 -0.053916 -0.480184 0.231565 0.015956 0.328244 0.462283 0.152098 0.293226 0.300362 0.238536 -0.286594 0.048472 0.204277 0.393927 -0.473923 -0.349796 0.010908 -0.124764 -0.475290 -0.445517 -0.140078 -0.295354 -0.228276 -0.332996 -0.026123 -0.101729 0.038151 -0.166657 -0.112808 -0.231192 0.333354 -0.079821 0.458399 0.128781 -0.163679 -0.284608 -0.249675 -0.151204 -0.253371 -0.468276 -0.061071 -0.531255 0.227372 -0.074712 -0.521973 -0.540227 0.616414 0.307931 -0.127108 -0.058387 -0.330710 -0.298539 0.141690 0.132845 -0.297205 -0.296141 -0.240638 0.011358 -0.118148 -0.241050 -0.437960 -0.409702 -0.200149 -0.321948 0.314658 0.402207 0.370604 -0.025321 0.053633 -0.057416 0.457884 -0.072146 0.253496 0.167627 0.199108 0.284900 -0.025072 -0.015429 -0.162465 -0.336688 -0.480244 -0.299293 -0.386826 -0.271502 -0.423979 -0.316265 -0.241409 -0.317141 -0.032141 -0.170945 0.048898 -0.267039 -0.226376 -0.321283 -0.252672 -0.242851 -0.045614 -0.150134
0.221198 0.429317 -0.446594 -0.224296 -0.588155 -0.380394 -0.300344 -0.404587 -0.555381 -0.477355 -0.082362 -0.218276 -0.000607 -0.303289 -0.241632 -0.491257 1.000000 0.560548 0.207946 0.365299 -0.232651 -0.165464 -0.411383 -0.248952 -0.417727 -0.362865 -0.254388 -0.182187 0.499318 0.306053 -0.354729 -0.421131 0.286806 0.024723 -0.285382 -0.240827 0.587429 0.180294 0.102284 0.075429 0.329141 0.288801 -0.133947 -0.152503 -0.249281 -0.200699 0.056914 -0.126591 -0.179921 -0.154169 -0.349983 -0.075038 0.339711 0.128569 0.380155 0.000800 0.525229 0.140743 0.084926 0.310673 0.066511 -0.072856 0.658938 0.522864 -0.502932 -0.362484 -0.216310 -0.361738 0.185961 -0.022123 -0.086409 -0.079717 0.499691 0.368469 0.542190 0.237217 0.306192 0.071375 0.457229 0.432905 0.481732 0.417447 -0.099729 0.032829 -0.177310 0.250094 -0.075873 0.213209 -0.423543 0.210528 -0.132510 0.042170 -0.123097 -0.397833 -0.149888 -0.193496 -0.093857 -0.071528 0.483807 0.345436 0.201641 0.270422 0.179997 0.242841 0.085934 -0.120567 -0.168197 0.052852 -0.273994 -0.106747 -0.297807 0.138798 0.198121 0.234913 -0.010354 -0.049915
-0.060061 0.623387 -0.589816 -0.569129 -0.644623 -0.581002 -0.259643 -0.606122 -0.558435 -0.517376 -0.313536 -0.439484 0.128908 -0.051408 -0.338389 -0.578040 0.560548 1.000000 0.200443 0.591916 -0.358189 -0.350002 -0.531003 -0.669751 -0.440526 -0.579004 -0.471120 -0.415149 0.596236 0.429106 -0.359297 -0.518661 0.621342 0.340233 -0.405103 -0.266094 0.490727 0.219492 0.023389 0.101488 0.451445 -0.011758 -0.033292 -0.077787 -0.204154 -0.236428 0.157463 0.030162 -0.313006 -0.152536 -0.444530 -0.025646 0.404577 0.277128 0.285541 0.106258 0.199240 0.506304 0.018679 0.507782 0.006200 0.185186 0.760536 0.734046 -0.592784 -0.433473 0.057600 -0.338950 0.633977 0.436921 -0.307456 -0.304407 0.593478 0.208167 0.243206 -0.088832 0.093130 0.167747 0.574284 0.633694 0.495200 0.634747 -0.248394 -0.255161 -0.543742 -0.155649 -0.250547 0.086964 -0.604794 0.122566 -0.178834 -0.093592 -0.250394 -0.354007 -0.084885 -0.161189 -0.018809 0.219691 0.456858 0.234031 0.398910 0.362446 0.463640 0.427018 0.342084 0.015363 0.168370 0.042802 -0.057827 0.070956 -0.059364 0.438856 0.256471 0.246950 -0.078692 0.001039
-0.038170 0.272907 0.082795 0.194149 -0.026982 -0.158322 0.340459 -0.241121 -0.061404 -0.329331 0.256423 -0.056274 0.107163 -0.323819 0.333012 -0.053916 0.207946 0.200443 1.000000 0.349665 -0.069114 -0.029425 0.241677 -0.090287 -0.121472 -0.319730 -0.142214 -0.172123 0.487985 0.180758 0.184690 0.016162 0.268151 0.249434 -0.264967 -0.205797 -0.078130 -0.149881 -0.015126 -0.182687 0.028371 0.069656 -0.244917 -0.188072 -0.410903 -0.367306 -0.125916 -0.178607 -0.407424 -0.398462 -0.290734 -0.215481 -0.110141 -0.061067 0.261595 0.144444 -0.150689 0.149374 -0.407103 -0.064460 -0.140563 -0.149524 0.212166 0.150483 0.179367 -0.448552 -0.126063 -0.329828 0.297143 0.106180 -0.028543 0.089684 0.264483 0.306772 0.223008 0.266697 0.191352 0.155968 0.138366 0.083470 0.003577 0.177867 0.447989 0.295838 0.284854 0.091942 0.233050 0.087554 0.115481 -0.058490 -0.163959 0.036717 -0.213781 -0.240094 -0.154852 0.140178 -0.257612 -0.090579 0.083584 -0.152058 0.018638 0.301069 0.162495 -0.076536 -0.172568 -0.132545 -0.398555 -0.118524 -0.174094 -0.042761 -0.234291 0.006636 -0.043010 0.033324 0.009885 0.079457
-0.117572 0.710464 -0.639738 -0.361555 -0.588017 -0.443773 -0.226335 -0.555188 -0.441367 -0.471893 -0.173570 -0.337044 -0.023903 -0.183539 -0.258582 -0.480184 0.365299 0.591916 0.349665 1.000000 -0.424724 -0.194902 -0.552482 -0.444087 -0.448047 -0.661549 -0.470004 -0.391269 0.570203 0.354042 -0.289273 -0.470733 0.710519 0.474684 -0.385634 -0.168998 0.301777 0.326983 0.122434 0.159968 0.395864 0.032204 -0.014325 -0.040904 -0.271658 -0.210624 0.220700 0.185788 -0.406396 -0.054024 -0.660204 -0.001501 0.112162 0.297224 0.184808 0.178783 0.110138 0.550733 -0.255190 0.418070 -0.275476 0.016876 0.523133 0.505711 -0.653655 -0.526739 -0.187731 -0.293868 0.693244 0.494538 -0.097630 -0.022646 0.455979 0.237124 0.179704 0.014278 0.009952 0.333832 0.373859 0.382027 0.467986 0.506663 -0.065729 -0.070509 -0.448157 -0.149403 -0.043916 0.136077 -0.619249 -0.144007 -0.419202 -0.153291 -0.171541 -0.511728 0.088093 0.289150 -0.009038 0.411993 0.367775 0.173952 0.174296 0.237518 0.349143 0.489012 0.308531 0.157689 0.131251 0.072600 0.116757 0.333002 0.094501 0.388433 0.116538 0.266039 0.205091 0.357782
0.034099 -0.408805 0.393961 0.449470 0.495352 0.522380 0.256740 0.436186 0.254147 0.517924 -0.028450 0.060438 -0.089759 -0.042709 0.093988 0.231565 -0.232651 -0.358189 -0.069114 -0.424724 1.000000 0.522287 0.384264 0.359632 0.537125 0.633318 0.511640 0.279932 -0.298261 0.018165 0.612178 0.682639 -0.311334 -0.017508 0.275658 0.078005 -0.188083 -0.273028 -0.110552 -0.368997 -0.392571 0.228582 0.018972 0.056525 0.181607 0.088888 -0.110173 -0.056780 0.065344 0.030406 0.188375 -0.172204 -0.299450 -0.297071 -0.280241 -0.092286 -0.073008 -0.407874 0.013804 -0.190788 0.027468 0.069675 -0.241765 -0.143724 0.390261 0.185567 0.063324 0.030351 -0.381262 -0.257744 0.106625 0.168088 -0.237898 0.083257 -0.174273 0.302143 -0.026062 -0.274388 -0.087337 -0.220985 -0.269935 -0.309042 0.008708 0.065237 0.079972 -0.180801 0.080324 -0.234796 0.369176 -0.094561 0.057017 0.040990 0.210167 0.277968 -0.158767 0.000156 -0.290282 -0.277039 -0.242744 -0.088786 -0.102456 -0.023513 -0.160219 -0.362258 -0.318455 -0.231225 -0.046422 -0.010899 -0.033240 -0.246094 0.006130 -0.387057 -0.284866 -0.230075 -0.179298 -0.262562
0.012711 -0.240758 0.143481 0.276198 0.296650 0.306685 0.076828 0.238376 0.138632 0.321439 -0.033347 -0.144262 -0.145765 -0.153998 -0.029954 0.015956 -0.165464 -0.350002 -0.029425 -0.194902 0.522287 1.000000 0.204542 0.101330 0.259260 0.330098 0.268188 0.127399 -0.318648 -0.096122 0.481615 0.558782 -0.163585 0.211261 0.253720 0.319315 -0.158882 -0.254662 0.140003 -0.152264 -0.182840 0.118466 0.240347 0.270521 0.329365 0.191905 0.120724 0.258793 0.112423 0.320487 0.132757 0.174710 -0.304431 -0.183468 -0.124603 0.139415 -0.045093 -0.323561 0.033808 -0.122404 -0.124809 0.045035 -0.285272 -0.267767 0.176142 0.105435 -0.031313 0.153180 -0.345883 -0.259001 0.189191 0.244347 -0.343721 0.003820 -0.275280 0.246750 -0.035092 0.031964 0.028352 -0.368769 -0.258608 -0.342743 0.010537 -0.109860 0.038699 -0.331167 -0.026145 -0.182162 0.108540 -0.282354 -0.041522 -0.305054 -0.205995 -0.047982 -0.184232 -0.042481 0.095664 -0.013717 -0.084414 0.125532 -0.260174 -0.225198 -0.207667 -0.380478 -0.362443 -0.025885 -0.009680 0.150392 -0.131659 0.002860 0.286506 -0.199521 -0.092829 -0.182428 -0.007398 -0.102245
0.130118 -0.388599 0.781407 0.517949 0.715588 0.383948 0.516347 0.295701 0.408240 0.166676 0.287977 0.181036 0.040083 0.043813 0.624180 0.328244 -0.411383 -0.531003 0.241677 -0.552482 0.384264 0.204542 1.000000 0.584525 0.623869 0.483849 0.585440 0.462750 -0.259489 -0.315644 0.461003 0.370270 -0.443868 -0.285915 0.155836 -0.035648 -0.343688 -0.176790 0.079359 -0.173763 -0.372925 0.042403 -0.149417 -0.038115 0.016842 0.037955 -0.330742 -0.222393 0.167178 -0.254070 0.455573 -0.195311 -0.363132 -0.276934 0.136849 0.215344 -0.247354 -0.356968 -0.177450 -0.618825 -0.077312 -0.327269 -0.530983 -0.542569 0.667077 0.010340 0.006678 0.110588 -0.395385 -0.293011 0.145604 0.117976 -0.380952 -0.055291 -0.011069 0.088442 -0.004758 -0.295744 -0.385327 -0.271405 -0.528343 -0.367541 0.422098 0.261693 0.544375 0.139301 0.407351 0.053141 0.781949 0.038141 0.195834 0.212201 0.037126 0.425391 -0.154200 0.017037 -0.118638 -0.393410 -0.240863 -0.180802 -0.187204 -0.054810 -0.148009 -0.564442 -0.544575 -0.217954 -0.405427 -0.152395 -0.200677 -0.212405 -0.176386 -0.356231 -0.301380 -0.156854 -0.113693 -0.137455
0.030544 -0.446182 0.612324 0.703778 0.638173 0.668455 0.368307 0.603971 0.469060 0.390907 0.267494 0.548572 -0.056036 0.109957 0.398966 0.462283 -0.248952 -0.669751 -0.090287 -0.444087 0.359632 0.101330 0.584525 1.000000 0.579837 0.702298 0.601459 0.611478 -0.399631 -0.119625 0.356155 0.364778 -0.549997 -0.382015 0.053684 -0.081295 -0.206708 -0.145574 0.143623 -0.028684 -0.318114 0.154987 -0.088990 -0.061141 0.010530 0.164702 -0.302809 -0.156050 0.098766 -0.058303 0.281625 -0.229249 -0.461074 -0.326920 -0.165920 -0.030781 -0.198671 -0.471540 -0.216492 -0.591714 -0.150896 -0.498156 -0.600309 -0.574144 0.360872 0.092360 -0.176378 0.154446 -0.503517 -0.316717 0.228770 0.271964 -0.303895 -0.050021 0.017396 0.190930 -0.228465 -0.237363 -0.561041 -0.278611 -0.282300 -0.376801 0.272270 0.412844 0.437574 0.407799 0.362211 0.249318 0.519236 -0.069999 0.113074 0.165467 0.425819 0.244278 0.014999 0.203125 -0.064314 -0.370383 -0.442341 -0.304141 -0.331688 -0.383106 -0.359298 -0.408994 -0.374563 -0.153588 -0.217045 -0.062685 0.005357 -0.079403 -0.244720 -0.368357 -0.395393 -0.146344 0.060748 0.044634
-0.068134 -0.508092 0.638523 0.363453 0.726450 0.638868 0.365769 0.333825 0.422536 0.353743 0.055341 0.202246 -0.082681 0.157263 0.266653 0.152098 -0.417727 -0.440526 -0.121472 -0.448047 0.537125 0.259260 0.623869 0.579837 1.000000 0.786258 0.807727 0.669274 -0.425184 -0.284533 0.566638 0.428649 -0.469058 -0.198430 0.216643 0.028703 -0.302999 -0.119621 0.085288 -0.051728 -0.451640 0.113912 0.120849 0.104678 0.124708 0.204594 -0.145268 0.049130 0.197311 -0.022808 0.227434 -0.162691 -0.367344 -0.261648 -0.183179 0.037331 -0.227953 -0.279261 -0.020167 -0.537043 -0.119722 -0.176303 -0.570850 -0.444448 0.300924 0.137775 0.031095 0.089232 -0.385380 -0.207592 0.259657 0.284138 -0.373556 -0.081489 -0.179818 0.118283 -0.229620 -0.180041 -0.426093 -0.187873 -0.326386 -0.395049 0.051245 -0.005022 0.119339 -0.008690 0.239932 0.001991 0.432030 -0.111898 0.174358 0.099780 0.272155 0.398465 -0.040941 0.199670 -0.035314 -0.173791 -0.217994 -0.110089 -0.211614 -0.260202 -0.241311 -0.411270 -0.311306 0.020963 -0.099948 -0.171608 0.004508 0.069730 0.046267 -0.263572 -0.306644 -0.186270 -0.029784 -0.010984
-0.047965 -0.627120 0.589041 0.505683 0.667549 0.782418 0.290529 0.626368 0.415004 0.637204 0.088574 0.334568 -0.101399 0.132296 0.117463 0.293226 -0.362865 -0.579004 -0.319730 -0.661549 0.633318 0.330098 0.483849 0.702298 0.786258 1.000000 0.698696 0.589162 -0.584671 -0.209109 0.520350 0.629285 -0.547415 -0.167760 0.247810 0.090121 -0.246487 -0.280402 -0.047055 -0.141524 -0.469564 0.168836 0.042218 0.027696 0.169478 0.248484 -0.187557 -0.036300 0.184874 0.073719 0.348804 -0.198403 -0.405383 -0.422576 -0.357196 -0.212045 -0.198592 -0.438843 -0.002956 -0.402863 -0.005620 -0.185229 -0.569178 -0.455607 0.419972 0.360200 0.082882 0.245968 -0.504663 -0.285423 0.243421 0.255988 -0.383639 -0.058960 -0.175070 0.200176 -0.125561 -0.268459 -0.433040 -0.209657 -0.299596 -0.428745 -0.007249 0.053264 0.273102 0.078082 0.143939 -0.038058 0.508821 -0.086006 0.206054 0.034526 0.432536 0.434541 -0.060154 0.015206 -0.128179 -0.329763 -0.457088 -0.254192 -0.139584 -0.314938 -0.257317 -0.393054 -0.258709 -0.124883 -0.046262 -0.069848 -0.041868 -0.148239 -0.009611 -0.360865 -0.375560 -0.280431 -0.073952 -0.127623
0.153439 -0.436523 0.584766 0.344741 0.660092 0.633347 0.186487 0.317578 0.311532 0.283074 0.155595 0.278838 -0.100872 0.129122 0.413850 0.300362 -0.254388 -0.471120 -0.142214 -0.470004 0.511640 0.268188 0.585440 0.601459 0.807727 0.698696 1.000000 0.773992 -0.389590 -0.169460 0.357631 0.332235 -0.509167 -0.357746 0.086119 -0.166190 -0.208291 -0.066373 0.088045 -0.005188 -0.366754 0.067675 0.145788 0.093533 0.102509 0.144292 -0.026794 0.041844 0.261855 -0.118103 0.383725 -0.001421 -0.283708 -0.211458 -0.166436 0.067076 0.008582 -0.344293 -0.074192 -0.642151 -0.138347 -0.264094 -0.568768 -0.512125 0.279946 0.067854 -0.302645 -0.158496 -0.447877 -0.361169 0.206080 0.292882 -0.310684 -0.104855 -0.058421 0.158556 -0.121874 -0.131023 -0.360303 -0.097025 -0.138349 -0.241414 0.204836 0.160808 0.171758 0.040612 0.184949 0.158140 0.420881 -0.110968 0.147705 0.141551 0.195128 0.380274 0.046333 0.167359 -0.063613 -0.200761 -0.135199 0.071236 -0.293126 -0.278428 -0.343862 -0.321047 -0.309580 -0.160609 -0.212513 -0.185652 -0.039620 -0.034781 0.005162 -0.244676 -0.330922 0.038557 0.069574 -0.066256
0.234987 -0.260488 0.408603 0.295542 0.457618 0.500643 0.004352 0.223637 0.218266 0.090430 0.065170 0.423188 -0.328154 0.127806 0.289166 0.238536 -0.182187 -0.415149 -0.172123 -0.391269 0.279932 0.127399 0.462750 0.611478 0.669274 0.589162 0.773992 1.000000 -0.405578 -0.225945 0.166365 0.107243 -0.505779 -0.522377 -0.052711 -0.162771 -0.033117 0.222785 0.221968 0.169481 -0.131060 0.195210 0.200101 0.122027 0.131004 0.257380 -0.025796 0.131263 0.181304 -0.183144 0.350556 0.020852 -0.421518 -0.018737 -0.139079 0.188073 0.171230 -0.328876 -0.101259 -0.684961 -0.247702 -0.381121 -0.577088 -0.485135 0.154907 0.078771 -0.409872 -0.184435 -0.378344 -0.417872 0.149444 0.255894 -0.454301 -0.110675 -0.050638 0.113424 -0.125659 -0.027183 -0.234137 -0.171498 0.006231 -0.200981 0.169362 0.298894 0.216852 0.345751 0.348888 0.377657 0.403804 0.009578 0.053980 0.172466 0.330581 0.267150 0.005334 0.114689 0.135813 -0.149102 -0.055218 0.211627 -0.309031 -0.346273 -0.272147 -0.249876 -0.358677 -0.115585 -0.061636 -0.093881 0.020737 -0.021784 -0.172540 -0.156257 -0.179472 -0.059479 0.059599 0.019216
-0.200518 0.404571 -0.404834 -0.192647 -0.481155 -0.542364 0.037899 -0.418694 -0.403338 -0.543402 -0.059080 -0.342008 0.073439 -0.275446 0.068736 -0.286594 0.499318 0.596236 0.487985 0.570203 -0.298261 -0.318648 -0.259489 -0.399631 -0.425184 -0.584671 -0.389590 -0.405578 1.000000 0.530433 -0.048048 -0.252326 0.572527 0.356158 -0.485388 -0.382968 0.348483 0.223547 0.042636 -0.012612 0.409542 0.093998 -0.087329 -0.071325 -0.299195 -0.298645 0.117180 -0.037223 -0.408259 -0.173944 -0.406756 -0.151618 0.235512 0.253036 0.240315 0.100083 0.100709 0.340948 -0.402091 0.302750 -0.204838 -0.211910 0.612798 0.446249 -0.322388 -0.639876 -0.176324 -0.421563 0.453494 0.208698 -0.118407 0.020125 0.744791 0.393815 0.428641 0.145002 0.389422 0.266912 0.426908 0.490824 0.373794 0.540994 0.215214 0.152431 -0.203007 0.087022 0.039159 0.165114 -0.421237 -0.038815 -0.243948 -0.113532 -0.181429 -0.474723 -0.059454 0.066968 -0.131781 0.144258 0.286853 0.062337 0.189618 0.320744 0.216675 0.127054 0.154343 -0.099917 -0.122075 0.073909 -0.229331 -0.047517 -0.279778 0.294520 0.289276 0.147367 0.054921 0.031435
0.003421 0.228349 -0.251640 -0.008593 -0.193460 -0.102793 0.174137 -0.018760 -0.058091 -0.111219 -0.018897 0.023838 0.248119 0.027172 0.032177 0.048472 0.306053 0.429106 0.180758 0.354042 0.018165 -0.096122 -0.315644 -0.119625 -0.284533 -0.209109 -0.169460 -0.225945 0.530433 1.000000 0.106397 0.042860 0.426265 0.307483 -0.377691 -0.442488 0.337206 -0.033685 -0.060160 -0.262811 0.360257 0.044797 -0.110873 -0.158693 -0.391068 -0.426101 0.008469 -0.022639 -0.307809 -0.217362 -0.399095 -0.154868 0.069760 0.109193 -0.037460 -0.142387 0.095609 0.046615 -0.243232 0.124608 0.039910 -0.098596 0.412786 0.385702 -0.230429 -0.369765 -0.164221 -0.420859 0.403881 0.167208 0.062481 0.089661 0.717581 0.360651 0.307009 0.436624 0.240847 0.085596 0.113575 0.371219 0.320992 0.348512 -0.052768 0.005656 -0.300924 -0.106253 -0.100440 0.070206 -0.317361 -0.053871 -0.194201 -0.101287 0.116636 -0.165798 -0.245196 -0.036185 -0.376152 -0.105834 -0.073511 -0.003045 0.137345 0.172840 0.068013 0.159309 0.177649 -0.413190 -0.005340 0.108583 -0.245763 -0.226337 -0.321702 0.198418 0.128823 0.006363 0.048947 -0.101513
-0.222939 -0.431377 0.531505 0.599359 0.603517 0.422953 0.653582 0.557213 0.475168 0.405520 -0.096793 0.023640 -0.042498 -0.191711 0.202247 0.204277 -0.354729 -0.359297 0.184690 -0.289273 0.612178 0.481615 0.461003 0.356155 0.566638 0.520350 0.357631 0.166365 -0.048048 0.106397 1.000000 0.810170 -0.151190 0.273892 0.235228 0.014824 -0.303354 -0.391522 -0.095662 -0.259377 -0.264009 0.151612 -0.049624 -0.014964 -0.060143 -0.076266 -0.193164 -0.042080 -0.217610 -0.002342 -0.044239 -0.325534 -0.431119 -0.271933 -0.324178 -0.081477 -0.354747 -0.366010 -0.274463 -0.246002 -0.110764 -0.147430 -0.325060 -0.197934 0.422608 -0.012824 0.132777 0.068451 -0.285576 -0.220265 0.345121 0.372101 -0.009567 0.143349 -0.100027 0.289031 0.026348 0.011425 -0.113392 -0.159342 -0.288081 -0.290233 0.179987 0.090594 0.134470 -0.161867 0.139169 -0.157481 0.350272 -0.331245 0.021216 -0.252173 0.172502 0.152616 -0.261154 0.166028 -0.230868 -0.246701 -0.462396 -0.304699 -0.211810 -0.174395 -0.226880 -0.500648 -0.321498 -0.134519 -0.162817 -0.040531 -0.154774 -0.167885 -0.084244 -0.295783 -0.236617 -0.353759 0.050815 -0.127791
-0.207291 -0.609834 0.542767 0.620651 0.597344 0.516844 0.502268 0.744383 0.528312 0.642780 0.062041 0.200868 -0.002260 -0.064283 0.165399 0.393927 -0.421131 -0.518661 0.016162 -0.470733 0.682639 0.558782 0.370270 0.364778 0.428649 0.629285 0.332235 0.107243 -0.252326 0.042860 0.810170 1.000000 -0.337879 0.196250 0.303102 0.162099 -0.450950 -0.550571 -0.207676 -0.377183 -0.367141 0.013825 0.046035 0.064313 0.146116 0.067888 -0.068564 0.001221 -0.048759 0.138143 0.215036 -0.205012 -0.415744 -0.394095 -0.471646 -0.248723 -0.381281 -0.487995 -0.128565 -0.232059 0.009149 -0.005725 -0.440519 -0.330746 0.557211 0.227218 0.137249 0.148392 -0.419452 -0.284633 0.281111 0.353460 -0.183634 -0.008434 -0.288062 0.313308 -0.025094 -0.016083 -0.186674 -0.290208 -0.339200 -0.377454 0.219219 0.120237 0.251760 -0.191279 -0.003077 -0.293762 0.417717 -0.381701 0.087720 -0.350768 0.142643 0.172853 -0.183914 0.054100 -0.271756 -0.241043 -0.607925 -0.378393 -0.234823 -0.273945 -0.282191 -0.554770 -0.280177 -0.151956 -0.114801 -0.078981 -0.107603 -0.211030 0.062126 -0.309914 -0.262875 -0.382171 -0.109823 -0.245592
-0.021815 0.574413 -0.598585 -0.461213 -0.602013 -0.499823 -0.163757 -0.525237 -0.512106 -0.423370 -0.363434 -0.497267 -0.103545 -0.215548 -0.355426 -0.473923 0.286806 0.621342 0.268151 0.710519 -0.311334 -0.163585 -0.443868 -0.549997 -0.469058 -0.547415 -0.509167 -0.505779 0.572527 0.426265 -0.151190 -0.337879 1.000000 0.658492 -0.191152 -0.139656 0.450475 0.199293 0.096133 0.051071 0.377832 0.064971 -0.027091 0.035365 -0.232982 -0.238664 0.108863 0.135858 -0.410446 -0.002730 -0.539078 -0.023913 0.165745 0.336980 0.107942 0.171597 0.151979 0.471672 -0.201898 0.502466 -0.205925 0.036744 0.640027 0.613794 -0.495458 -0.401240 0.007402 -0.164270 0.684886 0.479440 -0.267154 -0.253081 0.536425 0.263709 0.224626 -0.083447 0.182871 0.172716 0.443212 0.473549 0.355139 0.466750 -0.213213 -0.245450 -0.446054 -0.156191 -0.076987 0.016981 -0.476440 -0.033091 -0.355775 -0.228343 -0.252007 -0.347762 -0.057243 0.003617 -0.046916 0.298308 0.206356 0.152767 0.288088 0.351463 0.310249 0.438917 0.305433 0.068713 0.053741 0.212834 -0.068266 0.055734 -0.065097 0.327451 0.191634 0.119731 0.136067 0.062338
-0.326008 0.274403 -0.336832 -0.145119 -0.232072 -0.151254 0.105764 -0.110309 -0.240092 0.049978 -0.148702 -0.437295 0.044113 -0.135707 -0.308398 -0.349796 0.024723 0.340233 0.249434 0.474684 -0.017508 0.211261 -0.285915 -0.382015 -0.198430 -0.167760 -0.357746 -0.522377 0.356158 0.307483 0.273892 0.196250 0.658492 1.000000 0.015492 0.182246 0.192663 -0.185825 -0.033476 -0.120112 0.107758 0.130226 -0.089149 -0.035388 -0.114923 -0.145096 0.076710 0.043866 -0.463225 0.170778 -0.478050 -0.187171 -0.051131 0.019814 -0.082857 -0.010973 -0.247218 0.371133 -0.221048 0.420190 -0.181203 0.150087 0.287407 0.371767 -0.230718 -0.159411 0.184883 0.129043 0.442684 0.435508 -0.131551 -0.066119 0.399886 0.203960 0.028749 -0.001550 0.084055 0.111595 0.320034 0.320063 0.135241 0.276992 -0.158907 -0.304214 -0.231614 -0.371739 -0.210099 -0.209510 -0.324697 -0.315805 -0.368108 -0.447635 -0.205709 -0.331454 -0.040907 0.071276 -0.130326 0.218133 -0.070641 -0.156014 0.222434 0.076520 0.217799 0.057309 0.207421 0.081076 0.073279 0.149693 -0.106668 0.018961 0.197802 0.149876 -0.014778 -0.089840 0.034294 0.024732
0.074999 -0.365056 0.249475 0.005986 0.172834 0.089456 -0.054987 0.222871 0.117069 0.325189 -0.082810 -0.074429 -0.148671 0.000264 -0.227971 0.010908 -0.285382 -0.405103 -0.264967 -0.385634 0.275658 0.253720 0.155836 0.053684 0.216643 0.247810 0.086119 -0.052711 -0.485388 -0.377691 0.235228 0.303102 -0.191152 0.015492 1.000000 0.601290 -0.171641 -0.173425 -0.152955 -0.214111 -0.294258 0.063760 0.027968 0.108118 0.266202 0.213888 -0.096226 0.061883 0.134588 0.240309 0.168562 0.107977 -0.038237 -0.110108 -0.203116 -0.055294 -0.036516 -0.165970 0.384044 -0.044845 0.170415 0.311372 -0.315410 -0.169269 0.202969 0.532291 0.314337 0.466940 -0.359334 -0.127080 0.022974 0.002543 -0.340360 -0.211645 -0.211206 -0.142237 -0.143080 -0.073373 -0.094710 -0.372757 -0.452199 -0.503916 -0.253481 -0.276388 0.126685 -0.115133 -0.106663 -0.450261 0.273229 0.019476 0.154825 -0.004343 -0.046751 0.271493 -0.054858 0.028457 0.058742 0.113456 -0.254640 -0.043551 0.054767 -0.136902 -0.090786 -0.232131 -0.232719 0.215637 -0.235495 -0.059240 -0.004507 0.112235 0.394456 -0.178231 0.033912 -0.254057 -0.111279 -0.135107
-0.067092 -0.197301 -0.086388 -0.092179 0.041354 -0.012374 -0.215702 0.027639 -0.040794 0.254681 0.095573 -0.132630 -0.116802 0.072457 -0.261393 -0.124764 -0.240827 -0.266094 -0.205797 -0.168998 0.078005 0.319315 -0.035648 -0.081295 0.028703 0.090121 -0.166190 -0.162771 -0.382968 -0.442488 0.014824 0.162099 -0.139656 0.182246 0.601290 1.000000 -0.181157 -0.119262 -0.021001 -0.203278 -0.185444 0.063395 0.017028 0.128015 0.379695 0.345663 -0.031019 0.156655 0.209747 0.347392 0.144160 0.061030 -0.010806 -0.214185 -0.066501 -0.074809 -0.129465 0.122513 0.351739 0.130089 0.054483 0.282383 -0.249461 -0.146392 0.053786 0.455504 0.431068 0.762127 -0.204464 0.116103 -0.161706 0.011008 -0.397302 -0.205890 -0.245199 -0.132373 -0.106973 -0.029041 -0.137351 -0.432651 -0.465645 -0.451254 -0.192136 -0.197679 0.245266 -0.124290 -0.035852 -0.255482 0.037863 -0.036099 -0.100465 -0.172504 -0.032779 0.005664 0.111395 0.023854 0.165441 0.146703 -0.108252 -0.112432 0.078143 -0.101812 -0.069065 -0.185273 -0.169001 0.272437 0.139243 0.055827 0.037560 0.220640 0.552564 -0.047387 -0.054410 -0.153548 -0.092438 0.133525
