1.000000 0.196321 0.292683 -0.052965 0.370643 0.105200 0.218859 0.219959 0.343126 0.356881 0.463156 0.132924 0.137829 0.122863 0.378267 0.216214 -0.064388 -0.300854 0.304307 0.095633 -0.058866 0.019438 0.026119 -0.201206 0.130047 -0.203850 0.127214 -0.127005 0.094444 -0.069826 -0.158566 -0.240715 -0.249055 -0.109244 -0.338807 -0.179035 -0.317854 -0.461684 -0.047078 -0.020658 -0.275882 -0.478942 -0.010679 -0.098834 -0.200367 -0.343794 0.038905 -0.214838 0.286185 -0.171857 0.126191 0.120189 0.391990 0.189931 -0.010728 -0.176187 -0.030342 -0.138438 0.266163 -0.055298 0.188910 0.456643 -0.248270 -0.008327 -0.155747 0.149166 -0.108551 -0.474525 -0.166034 -0.309008 0.087017 -0.217261 -0.052425 -0.116477 0.029222 0.067800 0.067013 -0.108805 -0.111118 -0.123241 -0.297945 -0.315103 -0.005505 -0.070599 0.077035 -0.376964 0.002549 -0.010473 0.314393 -0.136329 0.068514 -0.050740 0.071676 0.103307 -0.224378 0.272908 -0.344084 0.006322 -0.083503 0.186415 -0.120376 -0.102040 0.033087 -0.137916 -0.132863 0.051322 -0.029040 0.159030 -0.105801 0.355841 -0.117883 -0.047698 -0.000825 -0.138375 0.285998 0.072744
0.196321 1.000000 -0.188407 0.098492 0.027422 0.090515 -0.276555 0.025156 0.020684 -0.017799 -0.175168 0.056330 -0.084000 0.140567 -0.073398 0.068708 -0.230528 -0.172934 0.318197 0.491818 -0.093617 -0.089676 -0.256860 -0.433606 -0.072181 -0.126360 0.056799 0.028945 -0.302222 -0.142923 -0.433246 -0.578317 -0.206814 -0.248234 -0.086637 0.095490 -0.000008 0.187159 0.172257 0.236225 -0.091910 0.057272 -0.112315 -0.151538 -0.280906 -0.372137 0.035282 -0.067940 0.247710 -0.250746 -0.211897 -0.020288 0.402731 0.213945 0.126928 0.144924 0.062622 0.200349 0.285298 0.424512 -0.077000 0.292229 -0.140406 0.157147 -0.539015 0.000612 0.079687 -0.049239 0.370214 0.370495 0.122499 -0.051234 -0.273734 0.166120 0.013851 -0.154557 -0.021383 0.008074 -0.045632 -0.050704 0.032639 -0.131232 -0.043821 -0.088873 -0.306255 -0.183110 0.035669 0.054353 0.099325 0.376860 0.068087 -0.057514 -0.031047 0.213565 -0.065597 -0.030420 -0.090935 0.124832 0.143977 0.282035 0.130112 0.327716 0.290821 0.292665 0.313094 0.375488 0.258364 0.269744 -0.000820 0.097929 0.109656 0.221062 0.238230 -0.149872 0.081453 0.005271
0.292683 -0.188407 1.000000 0.281548 0.320254 0.049573 0.652639 0.511070 0.623018 0.390231 0.160922 0.037522 0.187087 -0.045857 0.100885 0.066095 -0.395777 -0.408634 -0.099579 -0.141015 0.168526 0.073675 0.414687 0.153079 0.296269 0.218778 0.134719 0.034288 -0.118761 -0.083137 0.300307 0.157838 -0.379223 -0.058201 -0.175973 0.143320 -0.410445 -0.484046 -0.109916 -0.107188 -0.204527 -0.358952 -0.063281 -0.079974 -0.149346 -0.052728 -0.051125 -0.148567 0.201404 -0.119773 0.510556 0.070200 0.049022 -0.057803 -0.235907 -0.361301 -0.419384 -0.483156 0.065209 -0.196630 0.154830 0.154922 -0.461993 -0.312869 0.283198 0.170709 -0.160725 -0.024195 -0.423970 -0.343888 -0.009544 0.039219 -0.273343 -0.162798 -0.185230 0.033505 -0.161794 -0.169915 -0.497973 -0.264576 -0.562943 -0.547329 -0.114174 -0.071884 -0.062240 -0.379898 -0.060439 0.067351 0.103123 -0.215912 0.017563 0.086061 0.138037 0.215300 -0.051554 0.131603 -0.208328 -0.068655 -0.295431 -0.073532 0.091194 -0.098434 -0.173387 0.025794 -0.099687 0.008940 -0.266174 -0.101464 0.062833 0.293339 0.135037 -0.070857 -0.050219 0.017702 0.310517 0.228968
-0.052965 0.098492 0.281548 1.000000 -0.310887 0.255587 -0.057456 0.268705 -0.122028 0.028051 -0.191570 0.079900 -0.049598 -0.163405 0.101001 0.179753 -0.417623 -0.084465 0.303223 0.405684 0.431919 0.043743 0.573259 0.622420 0.163676 0.471757 0.380421 0.490448 -0.233646 -0.078609 0.188469 0.055480 -0.357783 -0.255777 0.153406 0.051629 -0.187023 0.073235 0.215817 -0.004881 -0.090890 -0.007310 -0.163674 -0.168675 -0.319620 -0.210169 -0.148084 -0.126159 -0.223146 -0.223293 -0.037146 -0.069904 -0.111226 0.034304 0.186399 -0.126604 -0.130348 -0.296476 -0.250731 -0.207715 -0.092370 -0.192756 -0.163976 -0.049873 0.155067 -0.041822 -0.368912 -0.112782 -0.122541 -0.111659 0.061648 0.283763 -0.327735 0.032815 -0.118181 -0.055245 -0.220133 0.233084 -0.517607 -0.108518 -0.332708 -0.354987 0.120389 0.106297 -0.002648 0.029123 0.278924 0.125064 0.118185 0.216648 -0.122896 -0.152984 0.237874 -0.112676 0.035344 -0.159798 -0.154096 -0.110265 -0.125640 -0.113115 0.002008 0.012257 0.047347 -0.065411 -0.038178 0.040603 -0.164094 -0.107501 -0.066251 -0.040799 0.069727 -0.055106 0.112925 0.149290 0.091436 -0.022908
0.370643 0.027422 0.320254 -0.310887 1.000000 0.373560 0.348729 0.248592 0.618381 0.325146 0.322964 -0.040323 -0.019032 0.197849 0.216514 0.154124 -0.108345 -0.262920 -0.196721 -0.263026 -0.151632 0.237028 -0.028090 -0.210834 0.385336 -0.184710 -0.076149 -0.223011 0.107328 0.100042 0.172127 0.038298 -0.208954 0.046386 -0.314458 -0.001258 -0.140055 -0.301181 -0.329151 0.030248 -0.045325 -0.122019 0.129916 0.084426 0.064416 -0.067196 0.224159 0.075025 0.257411 0.090197 0.306544 0.228895 0.464252 0.153250 -0.322889 0.077731 -0.288938 -0.140709 0.056973 -0.070275 0.014471 0.281751 -0.296782 -0.170004 -0.094441 0.104938 -0.100878 -0.322796 -0.277876 -0.223220 0.245546 0.039581 0.085262 0.209703 0.200517 0.231048 0.199319 -0.117190 -0.046620 -0.088332 -0.080645 -0.100535 0.169275 0.010496 -0.075497 -0.242510 -0.191165 -0.180849 -0.045579 -0.194850 0.058411 -0.013607 -0.127620 0.072842 -0.145071 0.147051 0.077494 0.009405 -0.154004 0.230528 0.020432 -0.183922 -0.178030 0.059011 -0.170359 -0.005199 -0.018715 -0.048303 -0.011371 0.235062 0.109390 0.148486 -0.047644 -0.051673 -0.035608 -0.019232
0.105200 0.090515 0.049573 0.255587 0.373560 1.000000 -0.352808 0.023182 0.251837 -0.120008 -0.032184 -0.038523 -0.106804 -0.043907 0.203232 0.102630 -0.350957 -0.338547 -0.011180 -0.044927 0.262084 0.375678 0.372857 0.059682 0.735922 0.576749 0.560417 0.671079 -0.385694 -0.289743 -0.044842 -0.267457 -0.547239 -0.384251 0.000420 0.224282 -0.045241 0.078693 0.100548 0.165967 -0.182450 -0.129496 -0.022856 0.123795 -0.343039 -0.215244 0.096220 0.143533 0.193562 -0.278417 0.252000 0.143603 0.368036 0.252363 0.159393 0.302129 -0.322810 -0.155994 0.083550 0.083511 -0.189693 -0.071188 -0.394530 -0.161665 0.074445 0.162227 -0.079472 -0.194052 -0.174569 -0.089651 0.051482 0.131854 -0.391177 0.164804 -0.038397 -0.022652 0.111170 0.074641 -0.247661 -0.082322 -0.328853 -0.228495 0.281967 -0.331016 0.176822 0.026464 0.349078 0.157304 0.357411 0.319464 -0.081133 -0.138365 -0.192719 -0.068712 -0.078549 0.134170 0.249733 0.094937 -0.171333 0.045556 -0.129179 -0.267097 -0.174485 0.003406 0.014471 0.085762 -0.152469 -0.151449 -0.075246 0.309822 0.356847 0.003808 -0.068481 0.013957 0.007603 0.132418
0.218859 -0.276555 0.652639 -0.057456 0.348729 -0.352808 1.000000 0.610139 0.516526 0.517275 0.255014 0.214027 0.468942 0.326179 -0.040453 0.159494 -0.013047 -0.050572 -0.385559 -0.285052 0.092195 -0.080664 -0.107770 -0.001997 -0.207264 -0.269738 -0.271393 -0.490223 0.268703 0.196517 0.290171 0.372913 0.044891 0.350888 -0.382722 -0.032356 -0.214960 -0.460624 -0.156536 -0.082398 0.116928 -0.120784 -0.106356 -0.163771 0.157972 0.105225 -0.174244 -0.250874 0.111451 0.103275 0.329093 -0.054588 0.027881 -0.187216 -0.284370 -0.361833 -0.207834 -0.357531 -0.000952 -0.340817 0.344464 0.294151 -0.223106 -0.294060 0.094991 0.295864 -0.261321 -0.077916 -0.386381 -0.296444 0.040830 0.079086 0.113072 -0.105945 -0.061594 0.205790 -0.141336 -0.253333 -0.092647 -0.111931 -0.272854 -0.151603 -0.355070 0.094470 -0.271688 -0.276107 -0.458816 -0.112448 -0.117093 -0.346717 0.114381 -0.013888 0.186341 0.008207 0.043164 0.154816 -0.251109 -0.179082 -0.268223 -0.157948 -0.017015 -0.284482 -0.119465 -0.060013 -0.114663 -0.148777 -0.069013 0.055161 0.148498 0.128124 -0.149241 -0.122422 -0.166929 0.171678 0.124440 0.112086
0.219959 0.025156 0.511070 0.268705 0.248592 0.023182 0.610139 1.000000 0.428168 0.427929 0.086254 0.440540 0.379536 0.435345 0.058013 0.331127 -0.167525 -0.069889 -0.260052 -0.137996 0.211957 0.104826 0.012132 0.087076 -0.092122 -0.042400 0.097033 -0.030106 -0.097097 0.137016 0.114122 0.132167 -0.185217 0.213638 -0.293451 0.049579 -0.318711 -0.316751 0.037528 -0.049749 -0.162268 -0.159947 -0.333130 -0.323039 -0.240781 -0.184362 -0.266132 -0.347577 0.071087 -0.259943 0.221192 -0.194380 0.100334 -0.120179 -0.089752 -0.373279 -0.288010 -0.339660 0.015454 -0.254798 0.229430 0.421184 -0.382160 -0.262557 0.017344 0.485648 -0.374253 -0.139987 -0.400779 -0.292654 -0.032790 0.234005 -0.143719 -0.021100 -0.151378 -0.006269 -0.163660 -0.024699 -0.240515 -0.130372 -0.389423 -0.337989 -0.266661 -0.026720 -0.276644 -0.275596 -0.365459 -0.189115 0.019720 -0.102229 -0.013327 -0.000782 0.291089 0.065119 -0.121860 0.042181 -0.274224 -0.139494 -0.253736 0.154008 -0.053120 -0.274156 -0.119264 -0.204802 -0.129862 -0.052699 -0.158616 -0.052254 -0.124915 0.260730 -0.058293 0.106947 0.164849 0.112102 0.108448 0.163487
0.343126 0.020684 0.623018 -0.122028 0.618381 0.251837 0.516526 0.428168 1.000000 0.467877 0.145866 0.113737 0.329653 0.293638 0.227984 0.335086 -0.198240 -0.441339 -0.395971 -0.345511 0.145867 0.228029 0.058504 -0.275615 0.373601 0.178355 0.171693 0.015794 -0.023960 0.000712 0.080278 0.000623 -0.382131 0.115329 -0.423852 0.185717 -0.215840 -0.295107 -0.031653 0.119956 -0.035667 -0.196541 0.000079 -0.002801 -0.171887 -0.154288 0.081261 -0.045867 0.286051 -0.193942 0.501114 -0.004003 0.429297 0.033150 -0.209822 -0.032223 -0.320464 -0.251522 0.193099 -0.124494 0.216222 0.367074 -0.646820 -0.371131 -0.009201 0.398413 -0.217350 -0.236717 -0.335070 -0.300898 0.096863 0.003279 -0.215785 -0.028695 -0.123118 0.172404 0.114346 -0.235956 -0.267089 -0.117865 -0.535853 -0.385263 -0.068802 -0.074082 -0.170892 -0.338569 -0.147892 0.080368 0.179229 -0.002445 0.103477 0.066888 -0.100807 0.201955 -0.090997 0.177443 -0.102723 -0.075688 -0.264727 0.185651 -0.064318 -0.286826 -0.273304 -0.006701 -0.061779 0.032337 0.066977 -0.001453 0.036871 0.262250 0.117063 0.111378 0.027019 0.007864 0.174008 0.121828
0.356881 -0.017799 0.390231 0.028051 0.325146 -0.120008 0.517275 0.427929 0.467877 1.000000 0.205720 -0.006024 0.194074 0.174945 0.175424 0.537180 -0.187680 -0.236771 -0.039773 0.019028 0.228072 -0.092734 -0.050723 0.010257 0.101342 -0.182708 0.078450 -0.318505 0.157873 0.081674 0.123589 0.181552 -0.104577 0.042550 -0.184792 -0.151025 -0.124878 -0.411510 0.172566 -0.065843 0.140949 -0.098002 -0.227075 -0.281250 0.027643 -0.081903 -0.138412 -0.348030 0.093319 0.105489 0.077711 0.026730 0.124068 -0.080829 -0.091626 -0.526019 -0.162720 -0.246020 0.040317 -0.205376 0.274114 0.301316 -0.135442 -0.197091 -0.015906 0.039205 -0.059799 -0.050249 -0.102543 -0.099470 0.130040 0.024452 -0.006686 -0.027656 -0.141083 0.091583 -0.146651 -0.224024 -0.392249 -0.297736 -0.321127 -0.272297 -0.078631 0.453484 -0.166276 -0.127140 -0.377406 -0.105909 0.086656 -0.210166 0.084083 -0.297225 0.236172 0.031068 -0.214714 -0.089082 -0.524072 -0.450998 -0.230076 -0.097138 0.021597 -0.083396 0.168778 -0.188401 -0.139935 0.027622 -0.020207 0.217983 0.129081 -0.032645 -0.325706 -0.163805 0.079638 -0.121532 0.039212 0.120070
0.463156 -0.175168 0.160922 -0.191570 0.322964 -0.032184 0.255014 0.086254 0.145866 0.205720 1.000000 0.358573 0.196224 0.337797 0.670436 0.287148 0.003594 -0.053339 -0.044231 -0.247784 -0.224725 -0.015910 0.219470 0.126344 0.110348 -0.219275 -0.193065 -0.221344 0.383032 -0.069676 0.219367 0.121477 -0.134727 -0.049774 -0.126978 -0.190933 -0.288539 -0.304083 -0.264655 -0.249714 -0.187081 -0.281441 0.025169 -0.126309 -0.082706 -0.149882 -0.025613 -0.086156 -0.071173 -0.140241 0.095019 0.006916 0.109454 0.120021 -0.097539 -0.194471 -0.142860 -0.227774 -0.091731 -0.284103 -0.057119 0.119127 -0.105924 -0.143457 0.173816 0.112197 -0.148763 -0.226610 -0.369391 -0.361481 0.114929 -0.104232 0.071989 -0.041949 0.190935 0.341044 0.046653 -0.010610 -0.102141 -0.063186 -0.016252 -0.178074 0.286794 0.067855 0.455852 0.120277 0.002492 -0.062350 -0.064133 -0.253585 0.054079 0.073896 0.114290 0.083698 -0.143836 0.114361 -0.196515 -0.033899 -0.219530 0.129439 -0.121078 -0.182446 -0.171708 -0.251764 -0.253029 -0.120044 -0.143143 0.008607 -0.068200 0.060409 -0.148023 0.135006 0.024455 -0.062792 -0.012825 0.064554
0.132924 0.056330 0.037522 0.079900 -0.040323 -0.038523 0.214027 0.440540 0.113737 -0.006024 0.358573 1.000000 0.630718 0.824662 0.346317 0.523912 0.177686 0.249389 -0.203884 -0.250943 0.019186 -0.172993 -0.095169 0.048877 -0.194853 -0.088106 -0.089880 -0.053113 0.134675 0.200114 -0.097884 -0.034707 -0.119834 -0.084641 -0.235847 -0.178286 0.045249 0.007279 -0.005991 -0.191561 -0.103744 -0.054460 -0.138646 -0.180697 -0.294612 -0.250649 -0.289543 -0.285082 -0.025381 -0.372639 -0.064129 -0.420676 0.083054 -0.142869 0.277439 -0.074033 -0.091867 -0.166806 -0.043896 -0.217388 0.003322 0.191165 -0.154451 -0.198127 -0.198714 0.434636 -0.286465 -0.209611 -0.306054 -0.249439 0.068415 0.164227 0.050535 0.195226 0.140628 0.234802 0.041876 0.014797 -0.000113 0.133660 -0.094023 -0.152211 -0.153008 -0.111057 -0.054544 0.335630 -0.053495 -0.018928 0.081797 0.277924 0.055403 0.039388 0.280492 0.012922 -0.066472 0.132550 -0.145383 -0.038838 -0.191217 0.258279 -0.224586 -0.222812 -0.263741 -0.300051 0.059026 -0.097675 0.086106 0.026003 -0.103241 0.131216 -0.217806 0.303318 0.263203 0.086848 0.067912 -0.003450
0.137829 -0.084000 0.187087 -0.049598 -0.019032 -0.106804 0.468942 0.379536 0.329653 0.194074 0.196224 0.630718 1.000000 0.690621 0.167594 0.473038 0.033983 -0.065914 -0.372302 -0.289896 0.177558 -0.207186 -0.250998 -0.189338 -0.257376 -0.074231 0.001770 -0.101838 0.131874 0.034075 -0.194996 -0.036914 -0.113289 0.062272 -0.382495 -0.068074 0.042226 -0.116052 0.214667 0.017180 0.106822 0.081705 -0.258297 -0.218500 -0.234187 -0.135238 -0.428474 -0.343257 0.182302 -0.292649 0.146273 -0.342556 0.095071 -0.367881 0.342537 -0.143664 -0.137458 -0.215337 0.130862 -0.183105 0.366085 0.202416 -0.269128 -0.401445 -0.133016 0.527961 -0.186468 0.024154 -0.208816 -0.126512 0.019980 0.099038 -0.060760 -0.016532 -0.080643 0.138373 -0.158238 -0.250860 -0.053503 -0.081363 -0.274864 -0.193481 -0.410240 -0.085839 -0.171903 0.131451 -0.189724 0.069210 0.145092 0.271283 0.207098 0.035241 0.270502 0.081805 0.124955 0.111367 -0.204449 -0.035074 -0.241829 -0.080256 -0.248207 -0.376420 -0.156465 -0.161401 0.129085 -0.141338 0.251567 0.145475 0.209975 0.059672 -0.095339 -0.143878 -0.117841 0.282973 0.067370 0.078842
0.122863 0.140567 -0.045857 -0.163405 0.197849 -0.043907 0.326179 0.435345 0.293638 0.174945 0.337797 0.824662 0.690621 1.000000 0.291798 0.580190 0.123088 0.147286 -0.398136 -0.329522 0.105001 -0.126778 -0.307039 -0.145007 -0.178655 -0.233887 -0.089049 -0.230185 0.187365 0.184113 -0.134181 0.007076 -0.083601 0.081452 -0.439208 -0.131396 0.121314 -0.001550 0.074520 -0.034798 0.088101 0.126341 -0.111585 -0.179862 -0.173578 -0.227459 -0.235115 -0.228743 0.137025 -0.257864 0.016650 -0.319318 0.301681 -0.116790 0.220951 -0.000438 -0.140123 -0.109821 0.067798 -0.197709 0.158807 0.294298 -0.172403 -0.248481 -0.335936 0.445611 -0.221235 -0.235366 -0.246489 -0.137608 0.169632 0.187992 0.090344 0.256618 0.200800 0.351596 0.006921 -0.090203 0.066377 0.047281 -0.094986 -0.081962 -0.256511 -0.054727 -0.266207 0.234745 -0.268952 -0.085340 0.008342 0.270011 0.133812 -0.002159 0.194894 -0.008854 -0.032492 0.113834 -0.137670 -0.075951 -0.173055 0.242550 -0.200291 -0.353451 -0.153957 -0.184880 0.065240 -0.124910 0.194262 0.139930 0.048070 -0.016543 -0.216783 0.270474 0.134786 0.169883 -0.000882 -0.052591
0.378267 -0.073398 0.100885 0.101001 0.216514 0.203232 -0.040453 0.058013 0.227984 0.175424 0.670436 0.346317 0.167594 0.291798 1.000000 0.588615 -0.074237 -0.156206 0.066751 -0.128395 0.048525 0.143534 0.395851 0.256314 0.213345 0.061348 0.095722 0.129944 0.386529 0.112747 0.277895 0.162318 -0.347855 -0.169337 -0.097298 -0.179001 -0.273566 -0.209019 -0.103774 -0.228199 -0.175513 -0.161814 0.058224 -0.078760 -0.330233 -0.341502 0.092505 0.008514 -0.299189 -0.311610 -0.057841 -0.159678 0.124654 0.152583 -0.018988 -0.191554 -0.094961 -0.100798 -0.155795 -0.288327 -0.132981 -0.025211 -0.240958 -0.198193 0.118349 -0.019437 -0.323891 -0.361162 -0.315860 -0.413189 0.193196 0.142871 0.023697 0.130771 0.108903 0.351769 0.033510 0.094698 -0.332605 -0.076428 -0.041184 -0.288987 0.591594 0.267763 0.414204 0.050802 0.200799 0.102514 -0.009697 -0.089708 0.019563 0.084292 0.137287 0.213933 -0.132985 0.040171 -0.135690 -0.051057 -0.137454 0.263454 -0.045096 -0.052170 -0.076890 -0.331955 -0.226471 -0.059069 -0.016640 -0.029201 -0.179802 -0.027624 -0.053938 0.284867 0.179269 -0.006160 0.015145 0.020088
0.216214 0.068708 0.066095 0.179753 0.154124 0.102630 0.159494 0.331127 0.335086 0.537180 0.287148 0.523912 0.473038 0.580190 0.588615 1.000000 -0.062142 -0.010443 -0.106554 -0.086495 0.331047 -0.070800 0.114207 0.124568 0.124914 0.005071 0.173838 0.001336 0.282145 0.285271 0.114096 0.130985 -0.207909 -0.142525 -0.237865 -0.236742 -0.000585 -0.121970 0.294325 -0.083048 0.179906 0.052301 -0.133715 -0.176438 -0.277709 -0.314649 -0.095220 -0.239759 -0.043203 -0.186583 -0.144128 -0.210781 0.176603 -0.100761 0.186136 -0.227969 -0.076896 -0.172525 -0.051855 -0.204717 0.051337 0.123333 -0.208509 -0.249389 -0.202684 0.152694 -0.292885 -0.294449 -0.207685 -0.199293 0.278601 0.277593 0.047932 0.199692 -0.003459 0.220697 -0.069353 -0.156069 -0.373890 -0.022861 -0.175319 -0.283758 0.096495 0.364170 -0.131175 0.209202 -0.131789 -0.052983 0.038616 0.173406 -0.107144 -0.251960 0.156975 -0.054412 -0.196439 -0.168645 -0.319825 -0.357052 -0.194656 0.081657 -0.163228 -0.172403 -0.001530 -0.370381 -0.105279 -0.089134 0.195511 0.180158 -0.083707 -0.147890 -0.361273 0.085225 0.286862 0.055296 -0.175865 -0.090008
-0.064388 -0.230528 -0.395777 -0.417623 -0.108345 -0.350957 -0.013047 -0.167525 -0.198240 -0.187680 0.003594 0.177686 0.033983 0.123088 -0.074237 -0.062142 1.000000 0.675067 -0.189900 -0.263036 -0.379560 0.145208 -0.382874 -0.092804 -0.306053 -0.377529 -0.461457 -0.398738 0.517707 0.537440 0.006475 0.217195 0.595056 0.274879 -0.086942 -0.298605 0.196420 0.042847 -0.254278 -0.261405 0.025578 0.047317 0.374391 0.273867 0.361990 0.221251 0.226221 0.104445 -0.198954 0.320740 -0.221987 -0.081757 -0.315405 -0.082699 -0.160115 0.106035 0.409766 0.383962 -0.190940 -0.090192 -0.011012 -0.112940 0.488211 0.302901 -0.103734 -0.126863 -0.017050 -0.302770 0.057133 -0.183834 -0.143013 -0.026214 0.689209 0.120005 0.226155 0.175102 0.362995 -0.035348 0.634597 0.528457 0.476600 0.543130 0.036754 0.076107 -0.019279 0.111869 -0.090763 -0.191579 -0.197515 -0.305504 -0.055784 0.084366 -0.132151 -0.139610 -0.087517 0.208851 0.083586 0.038239 0.214241 0.066141 -0.078922 -0.072327 -0.091040 -0.290532 -0.231656 -0.317002 0.094068 0.064534 -0.130157 0.105332 -0.231195 0.102874 -0.035726 -0.004679 -0.156919 -0.210386
-0.300854 -0.172934 -0.408634 -0.084465 -0.262920 -0.338547 -0.050572 -0.069889 -0.441339 -0.236771 -0.053339 0.249389 -0.065914 0.147286 -0.156206 -0.010443 0.675067 1.000000 -0.106965 -0.138538 -0.076788 0.060760 -0.197966 0.190215 -0.284769 -0.268927 -0.281119 -0.322712 0.361121 0.589242 0.118627 0.282951 0.558010 0.275527 0.096158 -0.195262 0.263904 0.255485 -0.019443 -0.240988 0.245824 0.244769 0.159632 0.083322 0.236777 0.119246 0.100505 -0.039522 -0.375487 0.232201 -0.315822 -0.095816 -0.371874 -0.040994 0.024900 0.143669 0.342964 0.210197 -0.363218 -0.187444 -0.180674 -0.215354 0.572453 0.447551 -0.046936 -0.128974 -0.212542 -0.310223 -0.073081 -0.218481 -0.072291 0.211035 0.499523 0.200771 0.309038 0.244809 0.252112 0.224264 0.430257 0.666277 0.435144 0.535178 -0.101509 0.003779 -0.089238 0.278904 -0.320983 -0.427322 -0.270668 -0.166973 -0.245964 -0.109734 -0.022072 -0.403943 -0.019354 -0.031843 0.077590 -0.064951 0.172822 0.010659 -0.127816 -0.081876 -0.067793 -0.338303 -0.116849 -0.183116 -0.078704 0.002623 -0.133152 -0.140561 -0.403473 0.119505 0.013976 0.188921 -0.183517 -0.258259
0.304307 0.318197 -0.099579 0.303223 -0.196721 -0.011180 -0.385559 -0.260052 -0.395971 -0.039773 -0.044231 -0.203884 -0.372302 -0.398136 0.066751 -0.106554 -0.189900 -0.106965 1.000000 0.575135 -0.123732 -0.103147 0.197970 0.079385 -0.044183 -0.134106 -0.022228 -0.020230 -0.053440 -0.067128 -0.082681 -0.173692 -0.094669 -0.378517 0.188338 -0.097201 -0.006315 -0.028036 0.023572 -0.092724 -0.093000 -0.136730 0.031347 -0.014425 -0.056296 -0.157237 0.106422 0.002231 0.040310 0.031250 -0.346595 0.277294 0.135371 0.259216 0.025733 -0.088322 -0.054642 -0.003525 0.093690 0.340927 -0.099611 0.038659 0.302535 0.424587 -0.197907 -0.460989 0.268293 0.006437 0.198151 0.068414 0.120076 -0.098610 -0.016318 0.065519 0.058470 -0.155954 -0.006870 0.152362 -0.208680 -0.067235 0.079813 -0.115864 0.206608 0.188720 0.090147 -0.155001 0.295416 0.122824 0.111822 -0.034437 -0.040584 -0.225206 0.029437 0.081870 -0.212091 -0.087789 -0.204165 -0.044897 0.123877 0.015054 0.129054 0.422554 0.174246 0.136985 -0.000683 0.122431 -0.051278 0.094670 -0.165153 0.039832 -0.130998 -0.076631 0.168419 -0.291095 -0.022246 -0.139202
0.095633 0.491818 -0.141015 0.405684 -0.263026 -0.044927 -0.285052 -0.137996 -0.345511 0.019028 -0.247784 -0.250943 -0.289896 -0.329522 -0.128395 -0.086495 -0.263036 -0.138538 0.575135 1.000000 -0.022306 -0.165951 -0.021375 0.023546 -0.248414 -0.100799 -0.033771 0.019462 -0.158496 -0.094275 -0.144322 -0.227367 0.002128 -0.188799 0.178867 0.118152 -0.048002 0.174533 0.187426 0.169772 0.084326 0.229217 -0.081597 -0.152956 -0.015797 -0.072665 0.003920 0.018326 0.006464 0.010781 -0.519051 0.003901 0.112329 0.017996 0.097328 -0.034114 0.118982 0.032483 -0.003429 0.103471 -0.259999 -0.153453 0.015614 0.017048 -0.389441 -0.396863 -0.001433 0.088999 0.481791 0.458899 0.169904 0.063634 -0.090328 0.095194 0.072243 -0.244224 -0.231745 0.033194 -0.177501 -0.146080 0.171478 -0.148559 0.192009 0.337076 -0.188344 -0.201942 0.021724 0.035302 0.067744 0.114739 0.071042 0.002324 0.163827 0.190495 0.139917 -0.267138 -0.011576 0.042552 0.174429 0.159517 0.169294 0.471266 0.345630 0.244231 0.181699 0.335701 0.144759 0.226454 0.111687 -0.120789 0.232044 0.068068 0.197995 -0.186458 0.089715 -0.099135
-0.058866 -0.093617 0.168526 0.431919 -0.151632 0.262084 0.092195 0.211957 0.145867 0.228072 -0.224725 0.019186 0.177558 0.105001 0.048525 0.331047 -0.379560 -0.076788 -0.123732 -0.022306 1.000000 0.002990 0.272823 0.273733 0.257999 0.446426 0.610140 0.359830 -0.096026 0.014189 0.160411 0.195957 -0.257756 -0.073687 -0.079248 0.198348 -0.002979 0.090235 0.449875 0.155857 0.187741 0.134953 -0.270406 -0.152173 -0.192447 -0.107117 -0.219870 -0.168722 -0.040111 -0.155499 0.132783 -0.066903 0.095616 0.042337 0.254056 -0.054800 -0.075401 -0.130161 -0.030976 -0.129355 -0.025043 -0.156034 -0.222901 -0.134023 0.037689 0.097361 -0.268776 -0.056674 -0.188977 -0.070412 0.029403 0.379248 -0.272980 0.013018 -0.197578 0.012775 -0.206322 -0.108955 -0.338803 -0.053942 -0.416418 -0.071704 -0.192574 -0.091658 -0.278756 0.015046 -0.176290 0.059739 0.148841 0.199695 -0.089053 -0.289649 0.068162 -0.230306 0.154341 -0.033784 -0.072877 -0.170028 -0.140914 -0.218807 0.014513 -0.245860 0.025592 -0.188970 0.149793 -0.068263 -0.120774 -0.084374 0.172347 -0.157007 -0.109325 -0.190850 -0.090643 0.290234 0.083405 0.120495
0.019438 -0.089676 0.073675 0.043743 0.237028 0.375678 -0.080664 0.104826 0.228029 -0.092734 -0.015910 -0.172993 -0.207186 -0.126778 0.143534 -0.070800 0.145208 0.060760 -0.103147 -0.165951 0.002990 1.000000 0.289002 0.089977 0.268556 0.290182 0.061648 0.287222 0.215969 0.284062 0.300199 0.283707 -0.239094 0.136046 0.168681 0.275250 -0.043590 0.247662 -0.055695 0.100105 -0.148296 0.126974 0.105653 0.056329 -0.063031 -0.067823 0.171684 0.082025 -0.181600 -0.162908 0.004792 0.001310 -0.027896 0.102095 -0.448457 0.044431 -0.042966 0.019664 0.056021 -0.052452 0.053912 -0.118383 -0.150733 -0.082687 0.244983 -0.049657 -0.074308 -0.286470 -0.102894 -0.258315 0.086488 0.355649 0.128582 0.163160 0.175808 0.179949 0.132918 0.102268 -0.002036 0.252630 0.003919 0.109465 0.354459 -0.021304 0.164828 -0.297744 0.198566 0.073144 -0.063068 -0.234245 -0.213249 0.033270 -0.308791 0.054187 0.072877 0.179202 0.094189 0.155314 -0.216854 0.060705 -0.007642 -0.275816 -0.224323 -0.062745 -0.295624 0.022266 -0.035063 -0.174568 -0.086456 0.180134 0.037200 0.045250 -0.251943 0.270296 0.046974 0.029232
0.026119 -0.256860 0.414687 0.573259 -0.028090 0.372857 -0.107770 0.012132 0.058504 -0.050723 0.219470 -0.095169 -0.250998 -0.307039 0.395851 0.114207 -0.382874 -0.197966 0.197970 -0.021375 0.272823 0.289002 1.000000 0.637880 0.553237 0.542502 0.349321 0.544961 -0.019296 -0.119638 0.471352 0.226825 -0.370469 -0.247552 0.264329 0.154099 -0.289506 -0.045048 0.004473 -0.111596 -0.269585 -0.247415 -0.032232 -0.064561 -0.308224 -0.173799 0.002652 -0.016232 -0.174163 -0.233582 0.095851 0.049135 -0.067998 0.085025 -0.154859 -0.181830 -0.206558 -0.240835 -0.154201 -0.157721 -0.123306 -0.272126 -0.222957 -0.085867 0.439254 -0.144385 -0.182029 -0.126822 -0.279850 -0.248029 0.043673 0.185044 -0.191119 -0.022833 0.009610 0.052573 -0.035673 0.152540 -0.526348 -0.074790 -0.346785 -0.334136 0.365678 -0.027989 0.368025 -0.049566 0.415038 0.077390 0.035993 -0.063161 -0.236371 -0.074814 -0.038241 -0.021685 -0.047863 -0.061974 -0.081562 -0.054128 -0.260674 -0.141700 0.071628 -0.018328 -0.156983 -0.036358 -0.195246 -0.071442 -0.298198 -0.272535 -0.101405 -0.009344 0.027311 -0.045153 0.016958 0.086691 -0.035897 0.101756
-0.201206 -0.433606 0.153079 0.622420 -0.210834 0.059682 -0.001997 0.087076 -0.275615 0.010257 0.126344 0.048877 -0.189338 -0.145007 0.256314 0.124568 -0.092804 0.190215 0.079385 0.023546 0.273733 0.089977 0.637880 1.000000 0.176678 0.240202 0.117661 0.242588 0.126340 0.117427 0.496279 0.461859 0.011258 -0.139600 0.192970 -0.205252 -0.080048 -0.002517 -0.137090 -0.232668 -0.024315 -0.034321 0.020532 -0.072067 0.008761 0.041992 -0.060796 -0.014999 -0.435890 0.086717 -0.078418 0.013471 -0.386938 -0.053083 0.016961 -0.209549 -0.090676 -0.172090 -0.585737 -0.494297 -0.108031 -0.386597 0.166013 0.023763 0.432295 -0.267201 -0.371314 -0.133644 -0.320181 -0.300606 0.003724 0.299566 0.067733 0.057462 0.050825 0.221173 -0.198676 0.223304 -0.374866 -0.032578 -0.057083 -0.103337 0.317933 0.324676 0.292157 0.310648 0.185584 -0.011629 -0.158289 -0.136344 -0.113800 -0.091653 0.277516 -0.159949 0.015923 -0.086375 -0.021765 -0.184132 -0.077984 -0.124670 0.067013 -0.057484 -0.000280 -0.209173 -0.391407 -0.242660 -0.284285 -0.190571 -0.049612 -0.302688 -0.082921 0.085387 0.033974 0.228362 -0.072134 -0.119416
0.130047 -0.072181 0.296269 0.163676 0.385336 0.735922 -0.207264 -0.092122 0.373601 0.101342 0.110348 -0.194853 -0.257376 -0.178655 0.213345 0.124914 -0.306053 -0.284769 -0.044183 -0.248414 0.257999 0.268556 0.553237 0.176678 1.000000 0.575591 0.563571 0.505057 -0.276930 -0.291788 0.104201 -0.132482 -0.430102 -0.396430 0.084752 0.137136 -0.091938 -0.144657 0.117914 0.027514 -0.113531 -0.327566 0.096381 0.166863 -0.190054 -0.128365 0.216847 0.087918 0.223723 -0.083658 0.444149 0.321823 0.236890 0.282563 0.047545 0.150352 -0.301785 -0.205342 0.031027 0.031873 -0.216643 -0.093713 -0.266977 -0.025010 0.269660 0.037499 0.017980 -0.201051 -0.251897 -0.177061 -0.063482 -0.045888 -0.349833 -0.038057 -0.114872 0.062924 0.105421 -0.021693 -0.346711 -0.090526 -0.430822 -0.228364 0.214224 -0.276404 0.215376 0.006430 0.282992 0.021680 0.274129 0.063635 -0.147538 -0.172569 -0.216968 -0.128331 -0.178421 0.090018 0.064374 -0.023444 -0.156552 -0.075580 -0.084369 -0.216070 -0.134689 -0.040848 -0.099254 0.009991 -0.324954 -0.172356 -0.080171 0.222254 0.146498 -0.103279 -0.110467 -0.045355 0.050034 0.176585
-0.203850 -0.126360 0.218778 0.471757 -0.184710 0.576749 -0.269738 -0.042400 0.178355 -0.182708 -0.219275 -0.088106 -0.074231 -0.233887 0.061348 0.005071 -0.377529 -0.268927 -0.134106 -0.100799 0.446426 0.290182 0.542502 0.240202 0.575591 1.000000 0.576904 0.839858 -0.383812 -0.298466 0.111747 -0.051018 -0.517494 -0.184765 0.262062 0.415166 0.031626 0.224286 0.338902 0.164230 -0.115560 -0.047623 -0.232801 -0.076045 -0.445143 -0.177235 -0.163517 -0.065906 -0.140385 -0.424199 0.252917 -0.163312 -0.025968 -0.039133 0.130544 0.109942 -0.038165 -0.106978 0.019904 -0.034065 -0.054466 -0.266202 -0.474332 -0.307103 0.443604 0.228567 -0.100821 0.051137 -0.095590 -0.042070 -0.153429 0.076130 -0.508379 -0.156572 -0.287341 -0.120111 0.039727 0.110550 -0.312374 -0.024896 -0.401209 -0.267975 0.130850 -0.309535 0.280390 0.153114 0.482583 0.401122 0.366090 0.382662 -0.118771 0.056402 -0.104026 -0.024174 0.125736 -0.041973 0.100012 -0.003725 -0.351542 -0.147724 -0.133135 -0.162213 -0.295092 -0.057194 0.045198 0.005946 -0.279674 -0.316704 0.043241 0.164007 0.218770 -0.214064 -0.175224 0.121166 0.048505 0.225557
0.127214 0.056799 0.134719 0.380421 -0.076149 0.560417 -0.271393 0.097033 0.171693 0.078450 -0.193065 -0.089880 0.001770 -0.089049 0.095722 0.173838 -0.461457 -0.281119 -0.022228 -0.033771 0.610140 0.061648 0.349321 0.117661 0.563571 0.576904 1.000000 0.708612 -0.510497 -0.400205 -0.263430 -0.317592 -0.375432 -0.308586 0.083213 0.132548 -0.051521 0.013553 0.519660 0.304991 -0.125968 -0.262955 -0.257262 -0.144007 -0.491764 -0.339650 -0.112918 -0.146778 0.092827 -0.392406 0.325518 0.021765 0.197094 0.168009 0.519307 0.057804 -0.114748 -0.166090 0.045306 -0.032079 0.005359 0.026915 -0.299424 -0.056156 0.183210 0.295988 -0.132097 -0.074369 -0.102356 -0.059947 -0.142926 -0.088943 -0.588703 -0.186102 -0.274261 -0.134555 -0.085229 0.061815 -0.377487 -0.204884 -0.604911 -0.358671 -0.119844 -0.378779 0.073895 -0.000106 0.073221 0.024547 0.531593 0.403119 0.038116 -0.091597 0.088626 -0.173828 0.030847 0.089449 -0.104995 0.077838 -0.061806 -0.088648 -0.060948 -0.265245 0.044390 -0.171447 0.102607 -0.004850 -0.088613 -0.094689 -0.003762 0.035000 0.082312 -0.175386 0.026197 0.115202 0.219807 0.157998
-0.127005 0.028945 0.034288 0.490448 -0.223011 0.671079 -0.490223 -0.030106 0.015794 -0.318505 -0.221344 -0.053113 -0.101838 -0.230185 0.129944 0.001336 -0.398738 -0.322712 -0.020230 0.019462 0.359830 0.287222 0.544961 0.242588 0.505057 0.839858 0.708612 1.000000 -0.499946 -0.397213 -0.108390 -0.274382 -0.487959 -0.357356 0.286407 0.273130 -0.068916 0.261634 0.288101 0.219004 -0.292177 -0.147327 -0.237656 -0.083745 -0.530989 -0.228754 -0.165153 -0.003702 -0.068601 -0.488237 0.125508 -0.132908 -0.015167 0.036369 0.266222 0.087322 -0.039626 -0.053374 0.028079 0.061954 -0.062854 -0.179953 -0.405738 -0.218391 0.338613 0.224995 -0.078097 0.079723 0.006460 0.042771 -0.189939 0.022279 -0.541098 -0.149576 -0.249350 -0.242173 -0.032421 0.156431 -0.340123 -0.129295 -0.374867 -0.343312 0.201909 -0.342503 0.331646 0.136779 0.524851 0.318129 0.381684 0.452075 -0.072894 0.110688 -0.037673 0.021950 0.107707 0.000002 0.112053 0.137524 -0.204489 -0.070125 -0.040174 -0.119489 -0.164102 -0.004450 0.041344 0.041833 -0.071648 -0.226006 -0.023428 0.096450 0.298369 -0.097626 0.014540 0.136103 0.087512 0.168944
0.094444 -0.302222 -0.118761 -0.233646 0.107328 -0.385694 0.268703 -0.097097 -0.023960 0.157873 0.383032 0.134675 0.131874 0.187365 0.386529 0.282145 0.517707 0.361121 -0.053440 -0.158496 -0.096026 0.215969 -0.019296 0.126340 -0.276930 -0.383812 -0.510497 -0.499946 1.000000 0.598839 0.495953 0.597095 0.244164 0.319167 -0.023119 -0.166716 0.125620 0.020203 -0.184210 -0.204802 0.247030 0.247725 0.151402 -0.061144 0.233005 -0.010313 0.066957 -0.089035 -0.375798 0.126994 -0.318912 -0.174152 -0.127564 -0.114824 -0.380993 -0.157130 0.259631 0.173463 -0.225519 -0.308964 0.001216 -0.124856 0.231524 -0.016332 -0.029107 -0.242821 -0.194534 -0.335141 -0.069191 -0.241141 0.274024 0.264247 0.754141 0.230694 0.451242 0.427252 0.192292 -0.095225 0.267736 0.194791 0.468519 0.391530 0.338771 0.515610 0.068586 -0.046450 -0.120514 -0.104601 -0.413085 -0.498619 -0.043681 -0.103595 -0.051424 -0.070269 0.042266 0.034038 -0.114029 -0.041121 -0.119068 -0.009105 -0.060281 -0.082066 -0.114267 -0.245486 -0.207945 -0.136394 0.176401 0.024595 0.044095 -0.135033 -0.346034 0.035574 -0.156706 0.064607 -0.124642 -0.127417
-0.069826 -0.142923 -0.083137 -0.078609 0.100042 -0.289743 0.196517 0.137016 0.000712 0.081674 -0.069676 0.200114 0.034075 0.184113 0.112747 0.285271 0.537440 0.589242 -0.067128 -0.094275 0.014189 0.284062 -0.119638 0.117427 -0.291788 -0.298466 -0.400205 -0.397213 0.598839 1.000000 0.388974 0.503871 0.316901 0.306771 -0.134256 -0.198811 0.125555 0.184271 -0.203973 -0.124827 0.271343 0.305309 0.210619 0.085088 0.235755 0.046758 0.181204 -0.028130 -0.285937 0.217246 -0.304891 -0.116916 -0.088883 -0.076341 -0.329426 -0.049088 0.213762 0.211827 -0.236121 -0.147242 -0.103536 -0.185538 0.287207 0.142261 -0.219640 -0.297488 -0.290437 -0.449292 -0.109552 -0.335403 0.269922 0.486129 0.701192 0.512853 0.346526 0.450885 0.240239 0.046941 0.197744 0.625605 0.395444 0.415548 0.049056 0.381483 -0.277192 -0.025249 -0.258962 -0.146073 -0.433957 -0.300858 -0.238842 -0.071705 -0.121731 -0.062738 -0.011060 0.069406 0.048710 -0.102733 0.110078 0.157105 0.010290 0.064197 -0.148276 -0.228197 -0.327646 -0.215253 0.161414 0.046463 -0.037102 -0.078417 -0.400109 0.223242 0.055756 0.219208 -0.074994 -0.315810
-0.158566 -0.433246 0.300307 0.188469 0.172127 -0.044842 0.290171 0.114122 0.080278 0.123589 0.219367 -0.097884 -0.194996 -0.134181 0.277895 0.114096 0.006475 0.118627 -0.082681 -0.144322 0.160411 0.300199 0.471352 0.496279 0.104201 0.111747 -0.263430 -0.108390 0.495953 0.388974 1.000000 0.836695 -0.042232 0.306819 0.027697 0.122299 -0.054225 -0.060741 -0.187645 -0.207432 0.144620 0.105896 0.086630 -0.015775 0.199587 0.127896 0.099951 0.046039 -0.457618 0.123341 -0.030027 -0.047555 -0.275864 0.040452 -0.571682 -0.128190 -0.085690 -0.085530 -0.343379 -0.436331 -0.130313 -0.293992 -0.082803 -0.156472 0.324688 -0.261999 -0.294682 -0.162900 -0.256387 -0.361020 0.228536 0.438206 0.352894 0.181028 0.276375 0.236460 0.056350 0.119850 -0.103043 0.064977 0.148878 0.124320 0.388782 0.377565 0.054573 -0.096004 -0.047949 0.039204 -0.462468 -0.530855 -0.389211 -0.131972 -0.113641 -0.096110 -0.040296 -0.098715 0.160438 -0.165871 -0.220878 -0.004155 -0.072480 -0.102752 -0.104642 -0.236047 -0.258382 -0.090373 -0.264047 -0.154628 -0.167960 -0.102021 -0.090979 0.152801 -0.026297 0.019319 -0.239013 -0.001900
-0.240715 -0.578317 0.157838 0.055480 0.038298 -0.267457 0.372913 0.132167 0.000623 0.181552 0.121477 -0.034707 -0.036914 0.007076 0.162318 0.130985 0.217195 0.282951 -0.173692 -0.227367 0.195957 0.283707 0.226825 0.461859 -0.132482 -0.051018 -0.317592 -0.274382 0.597095 0.503871 0.836695 1.000000 0.160607 0.435544 0.036119 0.028408 0.036318 -0.057471 -0.147635 -0.309791 0.227137 0.274385 0.096625 -0.013089 0.358314 0.281027 0.004678 0.014856 -0.534575 0.246330 -0.071000 -0.120323 -0.390888 -0.100779 -0.534079 -0.228175 0.034600 -0.026983 -0.342571 -0.515213 0.017228 -0.323736 0.102547 -0.165639 0.361933 -0.229937 -0.246759 -0.079687 -0.176279 -0.286148 0.146962 0.452128 0.445360 0.114564 0.228168 0.288559 -0.032765 0.038173 0.011089 0.139708 0.212753 0.297600 0.239982 0.464285 -0.031565 -0.030816 -0.190379 -0.011644 -0.472950 -0.569438 -0.272750 -0.095949 -0.005673 -0.083662 0.007257 -0.109242 0.061453 -0.243494 -0.173465 -0.083582 -0.014579 -0.187456 -0.050613 -0.244103 -0.263199 -0.179198 -0.200761 -0.184587 -0.099586 -0.224587 -0.208006 0.066488 -0.096958 0.213668 -0.311552 -0.142179
-0.249055 -0.206814 -0.379223 -0.357783 -0.208954 -0.547239 0.044891 -0.185217 -0.382131 -0.104577 -0.134727 -0.119834 -0.113289 -0.083601 -0.347855 -0.207909 0.595056 0.558010 -0.094669 0.002128 -0.257756 -0.239094 -0.370469 0.011258 -0.430102 -0.517494 -0.375432 -0.487959 0.244164 0.316901 -0.042232 0.160607 1.000000 0.428503 -0.030656 -0.120379 0.133574 0.018379 -0.187096 -0.096144 0.245144 0.166617 0.179243 0.157907 0.516646 0.389404 0.096385 0.086007 -0.128370 0.503241 -0.202324 0.040843 -0.269433 -0.091976 -0.014398 0.098763 0.373154 0.384135 -0.318849 -0.058118 -0.019065 -0.115689 0.561213 0.422049 -0.132625 -0.182790 -0.018888 0.021209 0.161518 0.118597 -0.221797 -0.093949 0.473380 -0.110534 0.134386 -0.037974 0.006950 -0.081951 0.500862 0.378264 0.435835 0.493374 -0.216394 0.162658 -0.165691 0.070906 -0.404462 -0.454056 -0.306158 -0.305298 -0.056994 0.044149 -0.033068 -0.193710 -0.012459 -0.092448 0.183170 -0.058439 0.499551 0.044198 0.090448 0.095837 0.059171 -0.104042 -0.182428 -0.328869 0.065844 0.014758 -0.026918 -0.267833 -0.180946 0.005371 0.068465 0.024101 -0.226782 -0.331666
-0.109244 -0.248234 -0.058201 -0.255777 0.046386 -0.384251 0.350888 0.213638 0.115329 0.042550 -0.049774 -0.084641 0.062272 0.081452 -0.169337 -0.142525 0.274879 0.275527 -0.378517 -0.188799 -0.073687 0.136046 -0.247552 -0.139600 -0.396430 -0.184765 -0.308586 -0.357356 0.319167 0.306771 0.306819 0.435544 0.428503 1.000000 -0.155052 0.321074 -0.012858 0.065101 -0.049998 0.047107 0.255015 0.322374 -0.108498 -0.130226 0.198203 0.120391 -0.129918 -0.122740 -0.301541 0.052651 0.021249 -0.291847 -0.064764 -0.165467 -0.350086 0.067219 0.288525 0.238348 -0.102283 -0.331168 0.231835 0.112360 -0.096554 -0.064971 0.081656 0.272006 -0.314477 -0.173866 0.012302 -0.116281 0.001803 0.119204 0.323486 -0.054320 0.249662 0.128026 0.191273 0.155272 0.449980 0.282373 0.173733 0.352556 -0.189802 0.080072 -0.163523 -0.260905 -0.427995 -0.276657 -0.271441 -0.318719 -0.137557 0.086516 -0.119388 -0.146462 0.019817 -0.169912 0.119479 -0.076643 0.058716 0.181364 -0.187061 -0.226604 -0.151982 -0.158114 -0.055837 -0.084223 -0.057559 -0.191991 -0.123933 -0.063872 -0.097218 0.068560 -0.091567 0.133267 -0.160923 -0.135751
-0.338807 -0.086637 -0.175973 0.153406 -0.314458 0.000420 -0.382722 -0.293451 -0.423852 -0.184792 -0.126978 -0.235847 -0.382495 -0.439208 -0.097298 -0.237865 -0.086942 0.096158 0.188338 0.178867 -0.079248 0.168681 0.264329 0.192970 0.084752 0.262062 0.083213 0.286407 -0.023119 -0.134256 0.027697 0.036119 -0.030656 -0.155052 1.000000 0.311324 0.262410 0.370596 0.269968 0.077834 -0.035899 0.169076 -0.300632 -0.267112 -0.104310 0.003459 -0.250921 -0.226151 -0.399174 -0.210147 -0.316057 -0.289455 -0.365373 -0.221659 0.031103 -0.146214 0.215012 0.027949 -0.038587 0.009449 -0.151004 -0.290767 0.107663 -0.073641 0.386586 -0.121212 0.210667 0.362474 0.312590 0.346353 -0.143037 -0.064313 -0.073166 -0.147239 -0.015457 -0.239867 -0.194629 0.051727 -0.082499 -0.076717 0.230673 0.194212 0.289137 0.087028 0.405386 0.123197 0.218417 0.014266 0.083511 -0.031266 -0.022004 0.024851 -0.004708 0.043914 0.408488 -0.202422 -0.042034 0.069169 -0.192296 -0.205490 0.109946 0.158935 -0.010025 0.085254 0.167029 0.270963 0.008516 -0.226332 0.148233 -0.242886 -0.025253 -0.320166 -0.224747 0.051060 -0.034930 0.208893
-0.179035 0.095490 0.143320 0.051629 -0.001258 0.224282 -0.032356 0.049579 0.185717 -0.151025 -0.190933 -0.178286 -0.068074 -0.131396 -0.179001 -0.236742 -0.298605 -0.195262 -0.097201 0.118152 0.198348 0.275250 0.154099 -0.205252 0.137136 0.415166 0.132548 0.273130 -0.166716 -0.198811 0.122299 0.028408 -0.120379 0.321074 0.311324 1.000000 0.021881 0.272703 0.242704 0.277349 0.074592 0.195541 -0.294856 -0.169807 -0.105289 0.059709 -0.222519 -0.092969 -0.097888 -0.338572 0.069468 -0.302880 0.173214 -0.083746 -0.184309 0.133874 0.040217 0.093756 0.142395 -0.019678 -0.118036 -0.078753 -0.484529 -0.279594 0.071750 0.281108 -0.047993 0.145286 0.182296 0.203881 -0.006585 0.231546 -0.275556 -0.097670 -0.034979 -0.134795 -0.018648 0.032123 0.032503 0.027200 -0.144684 0.014094 -0.001546 -0.248075 -0.105299 -0.336045 -0.085009 0.076723 0.081647 0.002103 -0.052103 0.117297 -0.144897 0.148676 0.318678 -0.063191 0.270116 0.187024 -0.167721 0.092449 -0.005000 -0.091152 -0.262076 0.126935 0.286880 0.230268 -0.051591 -0.247254 0.166574 0.120410 0.315999 -0.159161 -0.228697 0.138631 0.021502 0.168250
