1.000000 0.402147 0.158877 -0.394590 0.131181 -0.282678 0.277664 0.086565 0.118350 0.225678 0.169810 0.108419 0.199238 0.310093 0.151693 0.117472 0.300883 0.352240 0.259545 0.284789 -0.058571 -0.060697 -0.258620 -0.353057 0.011871 -0.222540 -0.175454 -0.424437 0.373176 0.359387 -0.187387 -0.328116 0.532914 0.370792 -0.046277 -0.205005 0.049382 0.102742 0.115917 0.133776 -0.097235 0.101850 -0.187030 -0.081987 -0.377185 -0.364635 -0.098321 -0.109082 -0.127654 -0.334353 -0.432170 -0.271790 0.181577 -0.156700 -0.114677 -0.106764 0.380058 0.171324 0.405847 0.014976 0.602042 0.420696 0.343189 0.636336 0.029674 -0.166148 -0.078063 -0.453807 0.048033 -0.005207 -0.085889 -0.094944 0.434638 0.074963 0.350434 0.224846 0.144115 -0.084070 0.189000 0.175977 0.318762 0.221054 0.010455 0.229990 -0.306469 -0.299984 -0.336058 -0.407376 -0.279059 -0.276906 -0.262217 -0.104828 -0.298885 -0.207642 -0.212300 -0.162091 -0.062453 -0.168149 -0.065810 -0.213270 -0.141817 0.036170 -0.226184 -0.113537 -0.214782 -0.201714 0.029148 0.118812 -0.249920 -0.126879 -0.301306 -0.279640 -0.275079 -0.113294 -0.190637 -0.180360
0.402147 1.000000 -0.066583 -0.034116 0.083933 -0.290429 -0.022216 0.050209 -0.131641 0.054760 0.166245 0.118087 0.262947 0.349732 0.000976 0.116960 0.394462 0.294695 0.248284 0.447481 -0.401486 -0.125496 -0.373126 -0.483780 -0.185122 -0.381367 -0.239467 -0.252496 0.324482 0.328098 -0.336652 -0.389896 0.384436 0.246808 0.022132 -0.262156 0.012384 0.016422 0.207352 0.025124 0.007597 0.004796 -0.308414 -0.291237 -0.526841 -0.496148 -0.275011 -0.390730 -0.229963 -0.425481 -0.273691 -0.191192 0.345332 -0.220345 -0.012170 -0.150134 0.056372 0.468066 0.499567 0.558084 0.442783 0.438325 0.343459 0.559117 -0.153890 -0.206679 0.166010 -0.438672 0.077874 0.232121 -0.171008 -0.162912 0.372745 0.103166 0.308326 0.104274 -0.010575 -0.255159 -0.061177 0.171173 0.234202 0.211901 0.057746 0.395775 -0.020627 0.222158 -0.234707 -0.296408 -0.150375 0.107386 0.158862 0.101803 -0.310733 -0.376979 -0.247327 -0.317256 -0.116857 -0.289176 0.244682 -0.493069 0.015621 -0.065865 0.330660 -0.129134 -0.274480 -0.345205 0.138722 0.186365 -0.400273 -0.230246 -0.333931 -0.145377 -0.308971 -0.225641 -0.117842 -0.043482
0.158877 -0.066583 1.000000 0.300420 0.450025 0.086050 0.714743 0.150863 0.290041 0.106349 0.314170 -0.024768 0.155724 -0.099987 0.278931 -0.053032 0.179166 -0.123146 0.478470 0.027140 0.189496 -0.156336 0.466650 0.268151 0.340083 0.159623 0.404647 -0.054643 0.131620 -0.126602 0.338490 0.239123 -0.057021 0.174231 -0.210324 -0.038328 -0.327253 -0.528751 -0.359730 -0.378773 -0.117984 -0.108003 -0.347453 -0.264682 -0.209100 -0.000264 -0.395215 -0.256077 -0.203987 -0.111830 -0.176885 -0.349067 -0.233958 -0.187223 -0.432374 -0.359526 -0.366500 -0.085014 0.100947 -0.069660 0.111729 -0.136803 0.032128 -0.027743 0.448418 -0.111054 -0.004305 0.085658 -0.077253 -0.011247 -0.095760 0.064232 -0.094351 -0.333901 -0.262691 -0.223085 -0.341832 -0.167731 -0.026612 -0.144595 0.080654 0.120074 0.364670 0.089638 0.055624 -0.131811 0.133700 -0.119064 0.065268 -0.118216 -0.308949 -0.253783 -0.224415 -0.095953 -0.119250 -0.310510 -0.330110 -0.074115 -0.419453 -0.433736 -0.389326 -0.234300 -0.257955 -0.190361 -0.008472 0.183428 0.198656 0.055634 -0.206621 -0.140306 -0.109612 -0.043209 -0.175360 -0.287164 0.222273 -0.023602
-0.394590 -0.034116 0.300420 1.000000 0.328548 0.418455 -0.032456 0.314156 0.119423 0.215691 -0.065466 0.229258 -0.282047 -0.311915 0.122482 0.082858 -0.297690 -0.615344 0.220988 -0.222324 0.217008 0.147139 0.424199 0.594794 0.254290 0.473537 0.343861 0.347437 -0.387629 -0.457729 0.278910 0.498523 -0.302781 -0.026738 -0.154394 0.081891 -0.357778 -0.374778 -0.158899 -0.067329 0.120198 -0.028208 -0.069226 -0.021771 0.137410 0.269800 -0.204383 -0.163091 -0.110377 0.088635 0.380427 -0.034235 -0.318021 -0.008278 -0.331627 -0.222432 -0.458683 -0.281495 -0.246296 -0.132375 -0.377021 -0.237019 -0.281414 -0.458977 0.373674 0.188796 -0.163513 0.330050 -0.182647 -0.144148 0.077934 0.196930 -0.533476 -0.187957 -0.339773 0.005135 -0.194313 -0.075859 -0.181044 -0.415663 -0.430715 -0.333724 0.202275 0.198513 0.376105 0.240226 0.484759 0.320614 0.400895 0.156226 -0.121317 -0.168828 0.439766 0.052194 -0.086547 -0.073080 -0.258174 -0.007540 -0.387309 -0.326992 -0.250248 -0.493286 -0.156756 -0.217409 -0.131041 0.017075 -0.122544 -0.161283 -0.017864 0.036925 0.003515 -0.248903 -0.242728 -0.186170 0.210677 -0.064368
0.131181 0.083933 0.450025 0.328548 1.000000 0.454166 0.328350 0.245794 0.348403 0.311745 -0.103949 -0.014428 -0.094479 -0.284334 0.229937 0.103808 -0.094296 -0.268231 0.205014 0.107170 0.196249 0.036593 0.125183 0.190182 0.473157 0.231608 0.271318 0.074780 -0.012299 -0.219483 0.225539 0.240283 -0.031729 0.071402 -0.067207 0.129302 -0.344397 -0.411430 -0.057633 0.011973 0.047559 -0.042804 -0.121811 -0.083767 0.014774 0.094712 -0.386625 -0.145145 0.018792 0.075904 -0.076500 -0.364450 -0.182756 -0.309156 -0.515306 -0.500564 -0.121104 -0.183851 0.286528 0.119185 0.022663 0.036546 -0.123464 -0.006870 0.379137 0.049746 0.204487 0.190842 0.133412 0.077741 -0.044004 0.081332 -0.103115 -0.281794 -0.331336 0.006252 -0.308988 -0.209887 -0.212594 -0.344507 -0.086228 -0.168203 0.298108 0.271788 0.002405 -0.144632 0.286644 0.058236 0.071862 -0.020889 -0.107428 -0.012826 0.079418 -0.183716 -0.032944 -0.314203 -0.291730 -0.115327 -0.277920 -0.320498 -0.191049 -0.296067 -0.129832 -0.091396 -0.135918 -0.053224 0.177836 -0.006119 -0.188191 -0.208151 -0.122687 -0.198854 -0.322258 -0.426175 0.098302 -0.066532
-0.282678 -0.290429 0.086050 0.418455 0.454166 1.000000 -0.137301 0.182484 0.409083 0.341033 -0.256276 0.176191 -0.302217 -0.279638 0.345277 0.350126 -0.401697 -0.296762 -0.162857 -0.160482 0.366418 0.258480 0.389065 0.507952 0.352784 0.504434 0.447668 0.363363 -0.380576 -0.320075 0.323193 0.366435 -0.225585 -0.158548 -0.115894 0.183702 -0.222454 -0.124416 -0.097569 0.154564 -0.016965 0.182990 0.140945 0.101328 0.344612 0.296712 -0.061512 0.046642 0.155567 0.313347 0.390168 0.167393 -0.340753 0.064552 -0.274764 -0.174713 -0.012087 -0.272293 -0.184036 -0.175284 -0.411069 -0.120072 -0.303799 -0.396977 0.161774 0.276077 0.017800 0.323825 -0.019853 -0.030835 0.359061 0.179140 -0.346294 0.014917 -0.263841 0.120772 -0.115273 -0.077387 -0.149780 -0.231095 -0.190158 -0.194724 0.156701 0.050055 0.036531 -0.251207 0.453700 0.416428 0.203938 -0.037229 -0.060630 -0.142878 0.359745 0.163662 0.105238 -0.114149 -0.087859 0.013468 -0.263229 -0.038392 -0.021219 -0.092019 -0.195913 -0.018892 -0.061971 -0.057196 -0.109245 -0.182875 0.028513 -0.134013 0.077003 -0.210348 -0.051860 -0.297491 -0.012375 -0.035133
0.277664 -0.022216 0.714743 -0.032456 0.328350 -0.137301 1.000000 0.292370 0.321021 0.131965 0.458695 0.042795 0.378098 0.146154 0.178239 -0.011334 0.291763 0.014251 0.392658 0.114500 -0.070392 -0.176409 -0.019481 -0.136870 -0.061750 -0.209694 0.146613 -0.314938 0.280273 0.112044 -0.021703 -0.091054 -0.116173 -0.003792 -0.236115 0.032581 -0.186831 -0.348117 -0.258510 -0.206387 0.015352 0.016605 -0.267184 -0.295895 -0.181800 -0.140493 -0.274994 -0.084295 -0.124244 -0.036960 -0.520262 -0.333385 -0.084988 -0.125722 -0.318312 -0.343634 -0.421958 -0.217404 0.263012 0.105354 0.258330 0.145726 0.025112 0.086314 0.407694 0.007326 -0.038767 -0.131527 -0.250945 -0.099814 -0.133072 -0.005526 0.096121 -0.256366 -0.003079 -0.026515 -0.199593 -0.075739 -0.113796 -0.170551 -0.033741 -0.040220 0.196562 0.152246 -0.050503 -0.122255 -0.209911 -0.135513 -0.110394 -0.148217 -0.034237 0.122198 -0.161865 0.053577 -0.179729 -0.184835 -0.308280 -0.056071 -0.193441 -0.384431 -0.109244 0.159327 -0.014704 -0.126067 -0.035513 0.022618 0.210373 0.103747 -0.174346 -0.089564 -0.139477 0.043702 -0.203441 -0.113072 0.133506 -0.130357
0.086565 0.050209 0.150863 0.314156 0.245794 0.182484 0.292370 1.000000 0.190772 0.384537 0.113541 0.410335 0.038850 0.118918 -0.023185 0.143652 -0.101733 -0.175457 0.183294 0.238677 -0.042798 0.190609 -0.323354 -0.096957 -0.159566 -0.107663 -0.128563 -0.324507 0.053628 0.170074 -0.136414 0.008247 0.050349 0.082986 -0.041675 0.026055 -0.081859 -0.088894 -0.222698 0.058708 0.323861 0.256996 0.069600 -0.027227 0.082123 -0.093019 0.006904 0.020644 0.143702 0.194127 -0.235620 0.003837 -0.119641 -0.120807 -0.303785 -0.163443 -0.157055 -0.391619 -0.131933 0.018318 -0.026318 0.399368 -0.244713 0.004866 0.188316 0.461150 -0.085867 -0.116241 -0.260747 -0.318014 0.093715 -0.059578 0.008691 -0.000964 -0.032656 0.358427 0.013023 0.065886 -0.015023 -0.273572 -0.244989 -0.253875 -0.103538 0.229372 -0.034751 -0.246361 -0.192158 -0.017377 -0.164444 -0.166187 -0.223596 -0.255583 0.221115 -0.157167 -0.016468 0.067712 -0.029986 0.032794 -0.254643 -0.241570 0.098969 0.102297 0.097523 -0.128899 -0.295785 -0.184059 -0.074475 -0.103016 -0.000423 0.011063 -0.033228 -0.283786 -0.332613 0.072262 0.092296 -0.038329
0.118350 -0.131641 0.290041 0.119423 0.348403 0.409083 0.321021 0.190772 1.000000 0.481066 -0.011919 0.157399 0.062249 0.113529 0.547280 0.578507 0.004576 0.095825 0.095530 0.012107 0.205814 -0.186966 0.195782 0.148338 -0.003406 0.104438 0.182309 0.094327 -0.065406 -0.121761 0.199014 0.059512 -0.084627 -0.087984 -0.396477 -0.163347 -0.180551 -0.282191 -0.208002 -0.012548 -0.041894 0.078710 -0.231842 -0.325015 -0.167356 -0.189373 -0.252270 -0.127825 0.143133 -0.105795 0.037194 -0.025361 0.087841 0.289363 -0.280377 -0.355563 -0.117679 -0.300588 0.014448 -0.010416 0.082519 0.144131 0.069974 0.156758 0.283675 0.106898 -0.051397 0.026111 -0.067383 0.128538 0.157465 -0.031465 -0.113706 -0.088552 -0.064838 0.109263 -0.248237 -0.448507 -0.194197 -0.071157 -0.059827 -0.096950 0.379288 0.317249 0.164998 -0.120113 0.111648 0.036275 0.166796 0.136947 0.101053 0.137673 0.153581 0.224550 -0.185518 -0.104316 -0.279573 -0.247231 -0.293687 -0.224805 0.093657 0.004824 -0.031924 -0.147786 -0.127893 -0.191470 0.008887 -0.028080 -0.012078 -0.013494 -0.104041 -0.231538 -0.295326 -0.215360 -0.201095 -0.220946
0.225678 0.054760 0.106349 0.215691 0.311745 0.341033 0.131965 0.384537 0.481066 1.000000 0.004375 0.423987 -0.253172 0.018528 0.263977 0.346622 -0.221359 -0.159487 0.083917 0.105323 0.084957 -0.021439 -0.095072 0.152666 -0.027903 0.063283 0.011101 -0.110140 -0.276283 -0.201871 -0.137127 -0.068454 -0.132932 -0.029959 -0.197685 0.175916 -0.335327 -0.132129 -0.156007 0.298816 0.055595 -0.002951 0.088992 0.100010 0.097635 0.048094 0.036179 0.124598 -0.011692 0.104314 -0.086617 0.072827 -0.178351 0.066070 -0.154743 -0.026987 -0.149023 -0.335836 -0.184279 -0.149514 -0.085425 0.335709 -0.245093 0.070905 0.164993 0.435686 -0.354954 -0.114961 -0.300112 -0.115329 0.053547 0.011415 -0.251949 -0.214807 -0.208045 0.218441 -0.074171 0.029251 -0.222527 -0.317583 -0.274106 -0.402704 0.062902 0.066962 0.059491 -0.195260 -0.121360 -0.249416 0.147526 0.128606 -0.042886 0.031933 0.392955 0.013133 0.086307 0.087065 -0.014195 0.192385 -0.298524 -0.066264 0.210059 -0.050298 -0.188414 -0.150110 0.064374 0.048639 0.058331 0.003742 0.069631 0.024004 0.140307 -0.149343 -0.115972 0.036127 0.099803 -0.011306
0.169810 0.166245 0.314170 -0.065466 -0.103949 -0.256276 0.458695 0.113541 -0.011919 0.004375 1.000000 0.460479 0.540417 0.454064 0.363241 0.131057 0.400254 0.080927 0.128047 -0.007171 -0.168434 -0.157757 0.058998 -0.151203 -0.102529 -0.234466 0.158037 -0.246743 0.331282 0.200839 -0.220400 -0.250235 -0.130879 -0.088972 0.009490 0.026295 0.113623 -0.096098 -0.141644 -0.160256 0.118874 0.064173 -0.095722 -0.068294 -0.117957 -0.097856 -0.045470 -0.093277 -0.096598 -0.052486 -0.339527 -0.150173 0.019455 -0.103313 -0.060821 -0.090897 -0.326122 -0.047486 0.113650 0.157753 0.127549 0.171156 -0.025916 -0.060949 0.044914 0.063662 -0.007049 -0.147241 -0.423284 -0.080395 -0.165111 0.031659 0.052167 -0.076247 0.205288 0.108886 -0.084378 -0.036883 -0.118395 0.016455 0.017691 0.121107 0.190146 0.172338 0.195707 0.126970 -0.171421 -0.079390 0.005013 -0.039105 0.015517 0.047433 -0.163797 0.080940 -0.250080 -0.256246 -0.230884 -0.273138 -0.133622 -0.409756 0.027392 0.095224 -0.057911 -0.222909 -0.092887 -0.040365 0.065306 0.085275 -0.213692 -0.319548 -0.281241 -0.160348 0.005689 -0.092673 0.016316 -0.241808
0.108419 0.118087 -0.024768 0.229258 -0.014428 0.176191 0.042795 0.410335 0.157399 0.423987 0.460479 1.000000 0.082013 0.453880 0.262205 0.384357 -0.076637 -0.149754 -0.062315 0.010620 -0.032894 0.104767 -0.043851 0.085996 -0.062967 -0.070184 -0.023023 -0.188615 -0.006885 0.109563 -0.128359 -0.088554 -0.168014 -0.056935 -0.025465 0.221785 0.133786 -0.050906 -0.092504 0.005837 0.312436 0.214829 0.290702 0.263007 0.266532 0.166628 0.172963 0.155777 0.030506 0.200473 -0.057524 0.169286 -0.194949 -0.051682 -0.148501 -0.036465 -0.123331 -0.424892 -0.235270 -0.127626 -0.122888 0.321886 -0.228129 -0.126615 0.090460 0.453737 -0.217315 0.053994 -0.531088 -0.138889 -0.058652 0.163501 -0.149539 0.039034 -0.033271 0.212786 -0.124708 -0.085796 -0.153948 -0.111391 -0.103457 -0.141664 0.030282 0.299684 0.350981 0.181428 -0.004552 -0.053293 0.027236 -0.076616 -0.140324 -0.161836 0.136885 -0.086874 -0.174830 -0.087507 -0.182334 -0.282248 -0.314061 -0.337471 0.037806 -0.065467 -0.158726 -0.362230 -0.329850 -0.259244 -0.171034 -0.181771 -0.131264 -0.179042 -0.203567 -0.419564 -0.223504 -0.169182 -0.005894 -0.221410
0.199238 0.262947 0.155724 -0.282047 -0.094479 -0.302217 0.378098 0.038850 0.062249 -0.253172 0.540417 0.082013 1.000000 0.622458 0.190471 0.289230 0.540403 0.277083 -0.022051 0.108463 -0.057380 -0.059469 -0.109449 -0.312679 -0.219802 -0.244394 0.081482 -0.223247 0.614434 0.473323 -0.100663 -0.169140 0.146567 0.118071 0.010999 -0.143766 0.364468 0.257711 0.285142 0.005061 0.143529 0.318824 -0.227364 -0.283699 -0.347755 -0.433586 -0.174755 -0.238257 0.029458 -0.214322 -0.317122 -0.299902 0.556625 -0.033707 -0.028499 -0.267247 -0.031187 0.187039 0.397987 0.142525 0.431412 -0.054836 0.537450 0.221093 -0.185034 -0.403011 0.125174 -0.334793 -0.040485 0.103641 -0.033137 -0.033145 0.483676 0.186619 0.442625 0.200615 -0.026039 -0.204427 0.114353 0.287932 0.423205 0.422114 0.161026 0.481963 -0.122832 0.110839 -0.298891 -0.117819 -0.454252 -0.182517 0.171861 0.137884 -0.366952 -0.053829 -0.191291 -0.287643 -0.211608 -0.416117 0.174262 -0.340800 -0.131746 0.147695 0.072832 -0.243051 -0.324777 -0.391772 0.028905 -0.151738 -0.320245 -0.254535 -0.226546 -0.077884 -0.235997 -0.145981 -0.223919 -0.131580
0.310093 0.349732 -0.099987 -0.311915 -0.284334 -0.279638 0.146154 0.118918 0.113529 0.018528 0.454064 0.453880 0.622458 1.000000 0.183308 0.499790 0.416994 0.479447 0.068722 0.215775 -0.288878 -0.079604 -0.279840 -0.432988 -0.434539 -0.472516 -0.092554 -0.268267 0.414328 0.510295 -0.256620 -0.475203 0.260827 0.123104 -0.078105 -0.006002 0.323390 0.278324 0.214765 0.038308 0.090283 0.255476 -0.029240 -0.098915 -0.254932 -0.433422 0.099863 -0.047369 -0.019706 -0.201878 -0.304914 0.028760 0.502638 0.238417 0.130360 0.040236 0.068150 0.012278 0.191395 0.087213 0.425786 0.342798 0.394277 0.388113 -0.132450 -0.074371 -0.033723 -0.517722 -0.154251 0.039768 -0.058399 -0.140277 0.429520 0.362508 0.511489 0.206310 0.097252 -0.190669 0.020924 0.308816 0.290716 0.283226 -0.088877 0.340858 -0.065469 0.115067 -0.397388 -0.157928 -0.351921 -0.020169 0.165674 0.101929 -0.290973 -0.172177 -0.300928 -0.197146 -0.128882 -0.407862 0.249691 -0.289534 0.045009 0.127100 0.079259 -0.307752 -0.383843 -0.465153 -0.138624 -0.085498 -0.340992 -0.193326 -0.302921 -0.079446 -0.184616 -0.054050 -0.301586 -0.172448
0.151693 0.000976 0.278931 0.122482 0.229937 0.345277 0.178239 -0.023185 0.547280 0.263977 0.363241 0.262205 0.190471 0.183308 1.000000 0.505097 0.085568 0.078837 -0.122403 -0.059565 0.277741 -0.065760 0.470541 0.364215 0.303287 0.255341 0.455752 0.240881 -0.018237 -0.179907 0.209719 0.087656 -0.165495 -0.124697 -0.208435 0.034505 -0.185209 -0.092179 -0.071094 0.119501 -0.087737 0.107213 -0.163774 -0.142694 -0.069759 -0.038663 -0.185038 -0.012814 0.082178 -0.116292 0.182812 0.005084 -0.012057 0.179593 -0.299289 -0.364858 -0.100165 -0.145300 0.066093 0.039390 -0.039654 0.063298 -0.082292 -0.027971 0.098678 0.071998 -0.056071 0.077027 -0.169275 0.164236 0.100375 -0.113126 -0.108163 -0.221770 0.006491 0.006985 -0.257821 -0.351641 -0.327402 -0.066157 -0.074017 -0.046117 0.548189 0.406721 0.097474 -0.183888 0.288296 0.023562 0.289895 -0.005582 0.048985 0.021201 -0.031267 0.188374 -0.150625 -0.138309 -0.375751 -0.209481 -0.372050 -0.455767 -0.037981 -0.196222 -0.224998 -0.275724 -0.232379 -0.199643 0.146684 0.011258 -0.082023 -0.140474 -0.036249 -0.218860 -0.114446 -0.206809 0.037067 -0.152961
0.117472 0.116960 -0.053032 0.082858 0.103808 0.350126 -0.011334 0.143652 0.578507 0.346622 0.131057 0.384357 0.289230 0.499790 0.505097 1.000000 0.022592 0.191982 -0.047773 0.066743 -0.028126 0.087993 0.045370 0.041118 -0.205293 -0.014759 0.105523 0.126476 -0.018841 0.068847 -0.023840 -0.150696 0.065670 -0.029101 -0.273902 -0.074594 -0.007652 0.207029 0.350884 0.243771 0.148948 0.386226 -0.046996 -0.168553 -0.165567 -0.274589 -0.033957 -0.134132 0.167067 -0.104675 0.119598 0.130322 0.337784 0.378076 0.026547 -0.073982 -0.036024 -0.258454 0.006474 -0.049566 0.121439 0.128946 0.195541 0.123503 0.018878 0.052624 -0.107363 -0.212938 -0.114689 0.120707 0.168135 -0.124624 0.061497 0.169000 0.276306 0.248242 -0.024882 -0.361395 -0.043171 0.216721 0.050628 0.017716 0.195798 0.508711 -0.041697 0.059823 -0.034671 0.150760 0.057550 0.227376 0.195332 0.071785 0.074317 0.049785 -0.082591 -0.098102 -0.156774 -0.226569 -0.089119 -0.257941 0.010095 0.015459 -0.047492 -0.268117 -0.358177 -0.537796 -0.112274 -0.162228 -0.137720 -0.076943 -0.086651 -0.361197 -0.270745 -0.037788 -0.168806 -0.059590
0.300883 0.394462 0.179166 -0.297690 -0.094296 -0.401697 0.291763 -0.101733 0.004576 -0.221359 0.400254 -0.076637 0.540403 0.416994 0.085568 0.022592 1.000000 0.495732 0.361489 0.437571 -0.159217 -0.243289 -0.193055 -0.518771 -0.188583 -0.461949 -0.144458 -0.365555 0.759136 0.469695 -0.181339 -0.341316 0.209034 0.202693 -0.200689 -0.318542 0.357836 -0.000235 0.113646 -0.189487 0.051099 0.012671 -0.332913 -0.368149 -0.540155 -0.535046 -0.109450 -0.228167 -0.228970 -0.303349 -0.338407 -0.260000 0.423640 -0.050707 -0.107541 -0.195555 0.133403 0.392541 0.355437 0.333957 0.535836 0.245225 0.572433 0.490842 0.041238 -0.431422 0.054122 -0.539960 0.033901 0.110550 -0.097140 -0.136314 0.578605 0.220633 0.376493 0.086203 0.108168 -0.050050 0.078312 0.239989 0.463222 0.452499 0.304635 0.351123 -0.059629 -0.116089 -0.305887 -0.259321 -0.310942 -0.095583 0.227381 0.112304 -0.526645 -0.127440 -0.386674 -0.369216 -0.306745 -0.378212 0.214802 -0.206026 -0.046233 0.195093 0.139091 -0.160808 -0.220504 -0.275085 0.160351 -0.009985 -0.356107 -0.281444 -0.459050 0.043505 -0.135837 -0.206364 -0.263605 -0.179703
0.352240 0.294695 -0.123146 -0.615344 -0.268231 -0.296762 0.014251 -0.175457 0.095825 -0.159487 0.080927 -0.149754 0.277083 0.479447 0.078837 0.191982 0.495732 1.000000 0.080350 0.354234 -0.298960 -0.164919 -0.258975 -0.576611 -0.373071 -0.536465 -0.293808 -0.347402 0.388556 0.559867 -0.184411 -0.532317 0.381150 0.077408 0.063998 -0.310684 0.138083 0.324446 0.097647 -0.019906 -0.129201 0.094365 -0.172601 -0.308524 -0.412638 -0.538511 -0.031314 -0.068207 -0.090133 -0.285293 -0.298355 -0.001641 0.427224 0.200680 0.213107 0.251935 0.361983 0.348839 0.284025 0.280382 0.483490 0.390296 0.426095 0.653319 -0.183204 -0.284696 0.081797 -0.556380 0.089651 0.043869 -0.002123 -0.271452 0.590562 0.424166 0.456018 0.030462 0.146417 -0.105795 0.192254 0.518945 0.414895 0.469791 -0.082438 0.049231 -0.312398 -0.207969 -0.428376 -0.258977 -0.242372 0.057839 0.205180 0.176520 -0.511186 -0.129049 -0.157235 -0.058154 -0.034540 -0.224322 0.373931 0.059607 0.317628 0.335448 0.294509 0.000037 -0.048082 -0.196307 0.088061 0.071164 -0.092201 -0.095627 -0.282026 0.080082 0.142061 0.046849 -0.226963 0.053654
0.259545 0.248284 0.478470 0.220988 0.205014 -0.162857 0.392658 0.183294 0.095530 0.083917 0.128047 -0.062315 -0.022051 0.068722 -0.122403 -0.047773 0.361489 0.080350 1.000000 0.317452 -0.144252 -0.056280 -0.016438 -0.314220 -0.119310 -0.297117 -0.108158 -0.341901 0.264660 0.177175 0.025492 -0.106247 0.207560 0.242520 -0.292540 -0.105549 -0.184530 -0.304736 -0.158960 -0.146415 0.063247 -0.038362 -0.338359 -0.383191 -0.422797 -0.392184 -0.084647 -0.217530 -0.384224 -0.232072 -0.330613 -0.226014 -0.004705 0.066946 -0.216012 -0.082422 -0.300764 -0.055451 0.114083 0.099898 0.301854 0.241691 0.178057 0.264329 0.435784 -0.115586 -0.132922 -0.447700 0.017379 -0.243857 -0.052031 -0.058388 0.165139 0.032583 0.164563 0.066993 0.129317 0.000824 0.082962 -0.007254 0.057621 0.006379 0.164944 0.066217 -0.005695 -0.068362 -0.017861 -0.129130 -0.075495 0.025928 -0.104505 0.085122 -0.213714 -0.122279 -0.153115 -0.261785 -0.127472 -0.033378 -0.000460 -0.159662 -0.263071 -0.052982 -0.022885 -0.033605 -0.075658 -0.027110 0.146586 0.195440 -0.291864 -0.000008 -0.271847 0.122867 -0.019609 0.001604 -0.027550 -0.051947
0.284789 0.447481 0.027140 -0.222324 0.107170 -0.160482 0.114500 0.238677 0.012107 0.105323 -0.007171 0.010620 0.108463 0.215775 -0.059565 0.066743 0.437571 0.354234 0.317452 1.000000 -0.287625 -0.250258 -0.500878 -0.518166 -0.106438 -0.491618 -0.306172 -0.480611 0.435422 0.446166 -0.293318 -0.442930 0.338974 0.301040 -0.207122 -0.220490 0.164918 -0.118536 0.097171 0.081110 0.215151 0.086619 0.072180 -0.147310 -0.256431 -0.312515 0.035052 -0.056674 -0.081466 0.018502 -0.403799 -0.033706 0.181690 -0.191604 -0.180564 -0.167438 0.260955 0.210482 0.065948 0.304842 0.252221 0.391545 0.173568 0.486931 -0.236214 -0.126260 -0.008047 -0.507971 0.339510 0.272817 -0.040621 -0.272327 0.458488 0.163983 0.136493 0.059615 0.005322 -0.051540 0.020143 0.093279 0.365279 0.181625 0.129884 0.325566 -0.284113 -0.226023 -0.300368 -0.287987 -0.466627 -0.202992 0.161327 -0.079854 -0.453374 -0.441863 0.094742 -0.010524 -0.066743 -0.061603 0.089944 -0.047517 0.155201 0.111822 0.313558 -0.014054 -0.167104 -0.161485 0.144406 -0.028064 -0.101597 -0.016697 -0.209400 0.094524 -0.045367 -0.014533 0.059971 0.095501
-0.058571 -0.401486 0.189496 0.217008 0.196249 0.366418 -0.070392 -0.042798 0.205814 0.084957 -0.168434 -0.032894 -0.057380 -0.288878 0.277741 -0.028126 -0.159217 -0.298960 -0.144252 -0.287625 1.000000 0.172802 0.539664 0.583992 0.543033 0.692584 0.503554 0.339665 0.000190 -0.132670 0.759511 0.774255 -0.071131 0.335949 0.061424 0.124011 0.060377 0.009017 0.043347 0.102422 0.100958 0.229211 0.079845 0.161137 0.215597 0.282496 0.010868 0.056276 -0.245406 0.109821 0.345540 -0.238698 -0.303171 -0.085833 -0.369234 -0.309403 0.081635 -0.110387 -0.307666 -0.563719 -0.344956 -0.541474 0.061873 -0.322894 0.179177 -0.303881 -0.212904 0.338301 0.023862 -0.062859 0.343412 0.407169 -0.102328 -0.090919 -0.222603 0.057436 -0.202013 -0.012370 0.163162 -0.112572 0.151790 0.162330 0.464761 0.199198 0.176600 -0.157324 0.533699 0.044225 -0.096803 -0.406776 -0.367197 -0.272870 0.128388 0.058405 0.075344 -0.095495 -0.244349 -0.101214 -0.357242 -0.019917 -0.352219 -0.429866 -0.560516 -0.234027 -0.137897 0.074143 0.017129 -0.241670 0.020084 -0.156673 -0.031327 -0.219144 -0.199183 -0.272180 0.005238 -0.123014
-0.060697 -0.125496 -0.156336 0.147139 0.036593 0.258480 -0.176409 0.190609 -0.186966 -0.021439 -0.157757 0.104767 -0.059469 -0.079604 -0.065760 0.087993 -0.243289 -0.164919 -0.056280 -0.250258 0.172802 1.000000 0.050884 0.154161 -0.100194 0.176805 0.057510 0.104656 -0.086679 0.032073 0.046263 0.330322 -0.006754 0.138657 0.133008 0.133589 -0.102248 0.408960 0.186684 0.253928 0.279491 0.363956 -0.025142 -0.046141 0.069032 -0.054481 0.098359 -0.062819 0.045096 -0.003355 0.218956 0.168775 -0.100881 0.269402 0.146342 0.186550 -0.061839 -0.147551 -0.001311 -0.233906 -0.105752 0.013212 -0.107434 -0.194462 0.173863 0.123250 -0.135803 -0.028668 -0.182857 -0.342334 0.057609 0.128726 -0.051089 0.070598 0.045370 0.341761 0.081245 0.031207 0.135023 0.148555 -0.108942 -0.122434 -0.168913 0.075143 -0.130725 -0.020285 0.083929 0.334301 0.050496 0.010870 -0.195024 -0.154061 0.227310 -0.014765 0.014646 -0.083025 0.060115 0.051348 -0.042367 0.020973 -0.234431 -0.036978 -0.289792 -0.148674 -0.124090 -0.117008 -0.095743 -0.050830 -0.334557 -0.122094 -0.067172 -0.164458 -0.013121 0.105364 -0.201847 0.082834
-0.258620 -0.373126 0.466650 0.424199 0.125183 0.389065 -0.019481 -0.323354 0.195782 -0.095072 0.058998 -0.043851 -0.109449 -0.279840 0.470541 0.045370 -0.193055 -0.258975 -0.016438 -0.500878 0.539664 0.050884 1.000000 0.767586 0.607761 0.694022 0.714467 0.540696 -0.238226 -0.463606 0.707806 0.652242 -0.204766 0.012320 -0.028325 0.071769 -0.317998 -0.223604 -0.220994 -0.180200 -0.206112 -0.089609 -0.163912 -0.043257 0.090406 0.350872 -0.222005 -0.154768 -0.123602 0.000824 0.488987 -0.003278 -0.373223 0.149865 -0.275014 -0.193785 -0.195199 -0.077390 -0.215289 -0.341555 -0.323117 -0.501353 -0.101149 -0.415079 0.310342 -0.115615 -0.072480 0.478144 -0.057509 0.050362 0.169953 0.123851 -0.428793 -0.257224 -0.315670 -0.286256 -0.246635 -0.196463 -0.155744 -0.028155 -0.057421 -0.001455 0.433952 -0.022626 0.317606 0.055299 0.656493 0.176813 0.455057 0.024847 -0.297667 -0.194576 0.073939 0.213134 -0.138290 -0.205917 -0.272647 -0.138336 -0.422952 -0.212455 -0.413781 -0.483814 -0.496070 -0.265976 -0.007245 0.149702 -0.070397 -0.019765 -0.030131 -0.036938 0.027566 -0.101774 0.038132 -0.314443 0.049679 -0.163767
-0.353057 -0.483780 0.268151 0.594794 0.190182 0.507952 -0.136870 -0.096957 0.148338 0.152666 -0.151203 0.085996 -0.312679 -0.432988 0.364215 0.041118 -0.518771 -0.576611 -0.314220 -0.518166 0.583992 0.154161 0.767586 1.000000 0.576478 0.805699 0.627834 0.601362 -0.478281 -0.593600 0.553210 0.718965 -0.438873 -0.089024 -0.050035 0.183801 -0.315014 -0.228289 -0.108166 0.008160 -0.046491 -0.037500 0.099035 0.225619 0.365390 0.590629 -0.103246 0.040530 0.021725 0.173762 0.527510 0.067730 -0.462161 0.018524 -0.222603 -0.163006 -0.207008 -0.280289 -0.381194 -0.498812 -0.555137 -0.555304 -0.337753 -0.624517 0.182348 0.120940 -0.199698 0.622711 -0.088627 0.040407 0.205134 0.202797 -0.583988 -0.334632 -0.478843 -0.161605 -0.309430 -0.082510 -0.158577 -0.280090 -0.262082 -0.252580 0.271127 -0.015980 0.286242 0.060109 0.586063 0.261195 0.420291 0.028695 -0.258335 -0.253420 0.434095 0.217690 0.060725 0.052616 -0.166581 0.075916 -0.482342 -0.062478 -0.313118 -0.505599 -0.482935 -0.167716 0.046244 0.234092 -0.109097 -0.191646 0.162150 0.069092 0.270841 -0.202960 -0.040488 -0.216253 0.240792 -0.025875
0.011871 -0.185122 0.340083 0.254290 0.473157 0.352784 -0.061750 -0.159566 -0.003406 -0.027903 -0.102529 -0.062967 -0.219802 -0.434539 0.303287 -0.205293 -0.188583 -0.373071 -0.119310 -0.106438 0.543033 -0.100194 0.607761 0.576478 1.000000 0.651378 0.564232 0.359131 -0.083362 -0.377417 0.626597 0.573253 -0.025001 0.101078 0.059923 0.106280 -0.169299 -0.331097 -0.090975 -0.074857 -0.189759 -0.166777 0.101535 0.259014 0.248275 0.492328 -0.111971 -0.014058 -0.063559 0.170137 0.312565 -0.168020 -0.460157 -0.381080 -0.514510 -0.411803 0.165106 -0.005082 -0.122633 -0.240449 -0.305370 -0.392001 -0.169393 -0.278697 0.129583 -0.131879 0.061597 0.476482 0.182275 0.171885 0.191849 0.098870 -0.225198 -0.305957 -0.445033 -0.233209 -0.259938 -0.064102 -0.147935 -0.229709 0.090825 0.032262 0.426680 0.073487 0.145695 -0.157196 0.620409 -0.046115 0.118344 -0.367033 -0.359336 -0.310750 -0.013004 -0.097282 -0.000745 -0.163851 -0.287875 -0.086478 -0.436629 -0.174803 -0.398021 -0.516454 -0.419623 -0.163371 -0.081824 0.144376 -0.001293 -0.008284 0.043964 -0.075464 -0.031318 -0.120865 -0.092669 -0.445538 0.197284 -0.145398
-0.222540 -0.381367 0.159623 0.473537 0.231608 0.504434 -0.209694 -0.107663 0.104438 0.063283 -0.234466 -0.070184 -0.244394 -0.472516 0.255341 -0.014759 -0.461949 -0.536465 -0.297117 -0.491618 0.692584 0.176805 0.694022 0.805699 0.651378 1.000000 0.676789 0.533823 -0.338085 -0.460707 0.643318 0.804020 -0.149539 0.194279 0.092451 0.206202 -0.195800 -0.050994 0.016884 0.136426 -0.042605 0.051370 0.023345 0.155070 0.348608 0.511688 -0.168942 -0.149116 -0.069963 0.102155 0.554383 -0.076159 -0.390967 -0.027220 -0.216756 -0.210124 0.013909 -0.100024 -0.280913 -0.446831 -0.450744 -0.591959 -0.210666 -0.506494 0.139305 -0.048175 -0.040384 0.555804 0.035211 -0.036328 0.193611 0.336392 -0.444724 -0.191425 -0.356955 -0.056035 -0.178125 -0.062687 0.016157 -0.166007 -0.095107 -0.081739 0.277166 0.025104 0.202480 -0.006836 0.540898 0.163461 0.276191 -0.128973 -0.376061 -0.370303 0.291370 0.132872 0.049392 0.080341 -0.090863 -0.000060 -0.415617 -0.076733 -0.337048 -0.455385 -0.517244 -0.126543 -0.026247 0.126413 -0.199380 -0.144016 0.200843 0.016249 0.153937 -0.290734 -0.156974 -0.205783 0.038784 -0.103609
-0.175454 -0.239467 0.404647 0.343861 0.271318 0.447668 0.146613 -0.128563 0.182309 0.011101 0.158037 -0.023023 0.081482 -0.092554 0.455752 0.105523 -0.144458 -0.293808 -0.108158 -0.306172 0.503554 0.057510 0.714467 0.627834 0.564232 0.676789 1.000000 0.533949 -0.096656 -0.269617 0.537400 0.534539 -0.176259 0.120157 -0.001644 0.139646 -0.260331 -0.240088 -0.101301 0.001393 -0.136487 -0.047244 -0.057801 0.035482 0.158490 0.353661 -0.176062 -0.175088 -0.137603 0.088027 0.285372 -0.013574 -0.309519 0.082761 -0.227705 -0.264309 -0.173180 -0.066472 -0.054231 -0.246355 -0.369608 -0.419841 -0.178013 -0.423915 0.158825 -0.095047 0.008830 0.332691 -0.025179 0.083003 0.228831 0.203534 -0.262520 -0.188078 -0.208719 -0.040233 -0.259668 -0.204197 -0.123191 -0.048692 -0.006749 0.007138 0.350698 0.082238 0.149807 0.020913 0.507587 0.298946 0.181884 -0.034160 -0.149025 -0.234010 0.081352 0.023759 -0.141964 -0.321390 -0.345548 -0.246080 -0.303426 -0.276628 -0.308903 -0.434776 -0.401053 -0.218267 -0.042233 0.119040 -0.167155 -0.067505 -0.085593 -0.310958 -0.104786 -0.130899 -0.130178 -0.409442 -0.001104 -0.315287
-0.424437 -0.252496 -0.054643 0.347437 0.074780 0.363363 -0.314938 -0.324507 0.094327 -0.110140 -0.246743 -0.188615 -0.223247 -0.268267 0.240881 0.126476 -0.365555 -0.347402 -0.341901 -0.480611 0.339665 0.104656 0.540696 0.601362 0.359131 0.533823 0.533949 1.000000 -0.457803 -0.563985 0.406167 0.445600 -0.177859 -0.137098 0.055762 0.067218 -0.236841 -0.131854 0.032883 -0.129395 -0.182446 -0.220850 -0.067673 0.084959 0.106432 0.285892 -0.133638 -0.130414 0.127819 -0.030780 0.615280 0.183805 -0.073867 0.274601 0.021869 -0.087488 -0.025952 -0.005571 -0.072618 -0.102959 -0.432147 -0.528127 -0.126403 -0.402634 0.011871 -0.084303 0.204105 0.478104 0.162323 0.200678 0.179186 0.092438 -0.441376 -0.340373 -0.209745 -0.193405 -0.254418 -0.297887 -0.134223 -0.031454 -0.154493 -0.074529 0.122724 -0.039820 0.198460 0.261538 0.482012 0.420088 0.435119 0.168315 0.076729 -0.078074 0.283874 0.097098 -0.009631 -0.111901 -0.088070 -0.068378 -0.068283 -0.027447 -0.171444 -0.411884 -0.183273 -0.052739 0.118186 0.111770 -0.066364 0.079746 0.028492 -0.086599 0.057260 -0.044549 -0.080518 -0.130655 0.137249 -0.108594
0.373176 0.324482 0.131620 -0.387629 -0.012299 -0.380576 0.280273 0.053628 -0.065406 -0.276283 0.331282 -0.006885 0.614434 0.414328 -0.018237 -0.018841 0.759136 0.388556 0.264660 0.435422 0.000190 -0.086679 -0.238226 -0.478281 -0.083362 -0.338085 -0.096656 -0.457803 1.000000 0.744255 -0.000151 -0.101165 0.264394 0.401710 0.040698 -0.184686 0.518890 0.131111 0.235185 -0.024047 0.323378 0.289609 -0.177472 -0.253659 -0.418484 -0.425170 -0.082787 -0.169436 -0.308029 -0.192549 -0.501454 -0.369175 0.305087 -0.225473 -0.207958 -0.286583 0.185860 0.239344 0.312543 0.156335 0.467474 0.193052 0.555352 0.442004 0.028247 -0.473929 0.012163 -0.445715 0.055179 0.093977 0.053370 -0.048146 0.777283 0.302692 0.388003 0.219587 0.064550 -0.057403 0.228843 0.288974 0.611388 0.456511 0.334955 0.513820 -0.048623 -0.108005 -0.279581 -0.254284 -0.539133 -0.323601 0.029898 0.037000 -0.567653 -0.226515 -0.383541 -0.409795 -0.251845 -0.523228 0.164131 -0.247169 -0.185701 0.163364 0.079223 -0.180644 -0.435621 -0.375266 0.113438 -0.064977 -0.400524 -0.313815 -0.423819 -0.099381 -0.273481 -0.263274 -0.315388 -0.281839
0.359387 0.328098 -0.126602 -0.457729 -0.219483 -0.320075 0.112044 0.170074 -0.121761 -0.201871 0.200839 0.109563 0.473323 0.510295 -0.179907 0.068847 0.469695 0.559867 0.177175 0.446166 -0.132670 0.032073 -0.463606 -0.593600 -0.377417 -0.460707 -0.269617 -0.563985 0.744255 1.000000 -0.149085 -0.306220 0.259492 0.361550 0.119398 -0.166069 0.503786 0.348980 0.322350 0.163787 0.278516 0.492299 0.023004 -0.105208 -0.268850 -0.452190 0.114028 -0.054186 -0.226281 -0.109007 -0.486916 -0.159642 0.350290 -0.089336 0.105355 0.097217 0.253192 0.247222 0.176508 0.081037 0.347683 0.296849 0.405660 0.419423 -0.175859 -0.326648 -0.071402 -0.578983 -0.010451 -0.065306 0.097365 0.062756 0.845129 0.585306 0.542194 0.400015 0.298411 0.056146 0.408336 0.472703 0.544982 0.453514 -0.056252 0.344032 -0.198808 -0.116190 -0.404490 -0.125828 -0.608355 -0.258247 0.044662 0.010716 -0.509893 -0.280604 -0.148842 -0.174241 0.050799 -0.353355 0.399313 -0.028580 0.045921 0.333528 0.208637 0.015164 -0.379611 -0.387218 0.015412 -0.093230 -0.270109 -0.274001 -0.288120 -0.060929 -0.120807 -0.016694 -0.240222 -0.101140
-0.187387 -0.336652 0.338490 0.278910 0.225539 0.323193 -0.021703 -0.136414 0.199014 -0.137127 -0.220400 -0.128359 -0.100663 -0.256620 0.209719 -0.023840 -0.181339 -0.184411 0.025492 -0.293318 0.759511 0.046263 0.707806 0.553210 0.626597 0.643318 0.537400 0.406167 -0.000151 -0.149085 1.000000 0.817704 -0.012081 0.272216 0.004350 0.060991 -0.074558 -0.047784 -0.044231 -0.100239 -0.000668 0.151863 -0.075244 -0.024846 0.090431 0.286946 -0.187321 -0.096775 -0.363984 0.040032 0.338329 -0.249297 -0.361304 -0.028661 -0.429102 -0.303367 -0.004811 -0.154546 -0.307033 -0.425100 -0.287797 -0.532498 0.094510 -0.254186 0.337629 -0.333352 -0.101597 0.399872 0.061004 0.008151 0.380649 0.320574 -0.102733 -0.026760 -0.214070 -0.115551 -0.237746 -0.057333 0.065996 -0.053592 0.139631 0.139748 0.461823 0.147260 0.319047 0.027364 0.613412 0.029022 0.063224 -0.255592 -0.440704 -0.239521 -0.011292 0.007824 -0.017854 -0.188458 -0.353574 -0.177959 -0.384129 -0.149892 -0.488021 -0.491900 -0.447916 -0.326441 -0.201537 -0.000720 0.043752 -0.026860 -0.055702 -0.080626 -0.129218 -0.157485 -0.169635 -0.332329 0.051818 -0.065018
-0.328116 -0.389896 0.239123 0.498523 0.240283 0.366435 -0.091054 0.008247 0.059512 -0.068454 -0.250235 -0.088554 -0.169140 -0.475203 0.087656 -0.150696 -0.341316 -0.532317 -0.106247 -0.442930 0.774255 0.330322 0.652242 0.718965 0.573253 0.804020 0.534539 0.445600 -0.101165 -0.306220 0.817704 1.000000 -0.174330 0.263153 0.099629 0.138523 -0.120685 -0.054864 -0.035965 -0.006315 0.146758 0.132551 -0.033904 0.018664 0.217008 0.402056 -0.178309 -0.111908 -0.256101 0.094081 0.407059 -0.204677 -0.450418 -0.072524 -0.358550 -0.298378 -0.139880 -0.206242 -0.350181 -0.493809 -0.424800 -0.593259 -0.073404 -0.479285 0.354553 -0.160801 -0.168859 0.539057 -0.030079 -0.106165 0.301671 0.350562 -0.303581 -0.188854 -0.368265 -0.026363 -0.290555 -0.046277 0.029186 -0.226517 -0.060279 -0.079132 0.395012 0.137560 0.354128 0.107289 0.594029 0.169456 0.168175 -0.211966 -0.407072 -0.264644 0.274815 0.085460 -0.047215 -0.096107 -0.263061 -0.112996 -0.441610 -0.133625 -0.487417 -0.498858 -0.479948 -0.291185 -0.108719 0.095363 -0.027622 -0.091676 -0.019283 -0.044934 -0.005000 -0.264117 -0.224279 -0.285372 0.014567 -0.108869
0.532914 0.384436 -0.057021 -0.302781 -0.031729 -0.225585 -0.116173 0.050349 -0.084627 -0.132932 -0.130879 -0.168014 0.146567 0.260827 -0.165495 0.065670 0.209034 0.381150 0.207560 0.338974 -0.071131 -0.006754 -0.204766 -0.438873 -0.025001 -0.149539 -0.176259 -0.177859 0.264394 0.259492 -0.012081 -0.174330 1.000000 0.592741 0.059701 -0.367292 0.146419 0.301625 0.176315 0.042132 -0.003119 0.150635 -0.144875 -0.168019 -0.389065 -0.439526 -0.083034 -0.284598 -0.093854 -0.284199 -0.172982 -0.123088 0.277219 -0.021094 0.051062 0.076681 0.503161 0.331325 0.236729 0.122161 0.493776 0.173506 0.481319 0.643243 -0.179818 -0.332623 0.252439 -0.381792 0.376430 0.040672 -0.111508 -0.167389 0.364321 0.243954 0.432183 0.054613 0.164185 -0.116252 0.350684 0.315204 0.400858 0.408710 -0.169414 0.115728 -0.417550 -0.089127 -0.251883 -0.303487 -0.342469 -0.242578 -0.360748 -0.296064 -0.441664 -0.466885 -0.075637 -0.032098 0.072890 -0.128170 0.051632 -0.085519 -0.112177 -0.133579 -0.034804 -0.117024 -0.170573 -0.252083 -0.134929 0.082381 -0.144308 -0.053873 -0.346611 -0.200675 -0.262902 0.012390 -0.205277 0.047593
0.370792 0.246808 0.174231 -0.026738 0.071402 -0.158548 -0.003792 0.082986 -0.087984 -0.029959 -0.088972 -0.056935 0.118071 0.123104 -0.124697 -0.029101 0.202693 0.077408 0.242520 0.301040 0.335949 0.138657 0.012320 -0.089024 0.101078 0.194279 0.120157 -0.137098 0.401710 0.361550 0.272216 0.263153 0.592741 1.000000 0.094328 -0.102561 0.287375 0.120258 0.238374 0.056421 0.241863 0.212593 -0.128056 -0.104886 -0.238035 -0.202252 -0.122213 -0.377760 -0.444419 -0.253736 -0.125199 -0.333026 0.054081 -0.046441 -0.069023 -0.034149 0.285513 0.295812 0.001924 -0.268539 0.268294 -0.125689 0.420522 0.339284 0.045784 -0.430144 -0.045009 -0.229367 0.251975 0.035954 -0.123521 0.275832 0.367015 0.129337 0.166997 0.131768 -0.036592 -0.133458 0.370201 0.235338 0.435387 0.387404 0.088314 0.271772 -0.127388 0.042335 -0.099267 -0.279882 -0.276628 -0.266722 -0.488404 -0.520159 -0.432228 -0.600760 -0.137980 -0.116640 -0.013698 -0.234322 -0.066050 -0.154254 -0.421259 -0.404795 -0.367471 -0.281041 -0.268128 -0.128277 -0.120755 -0.088388 -0.239870 -0.274727 -0.313220 -0.274195 -0.394392 -0.194394 -0.203539 -0.118465
-0.046277 0.022132 -0.210324 -0.154394 -0.067207 -0.115894 -0.236115 -0.041675 -0.396477 -0.197685 0.009490 -0.025465 0.010999 -0.078105 -0.208435 -0.273902 -0.200689 0.063998 -0.292540 -0.207122 0.061424 0.133008 -0.028325 -0.050035 0.059923 0.092451 -0.001644 0.055762 0.040698 0.119398 0.004350 0.099629 0.059701 0.094328 1.000000 0.390331 0.057649 0.183797 0.019608 -0.028521 -0.052061 -0.051344 0.186632 0.285936 0.310734 0.253326 0.065380 0.113673 -0.059935 0.106167 -0.065535 -0.134609 -0.136388 -0.263536 0.057006 0.196921 0.197379 0.129620 0.174914 0.002139 -0.216871 -0.121865 -0.150972 -0.196841 -0.098483 0.002224 0.270488 0.253919 0.060699 -0.158801 0.090939 0.069893 -0.042974 0.108046 -0.085442 -0.091301 0.002184 0.132218 0.069775 -0.033743 0.124663 0.129878 -0.106639 -0.165721 0.024231 0.013090 0.029276 -0.083835 -0.022853 -0.132711 -0.096401 -0.114228 -0.139070 -0.148486 0.054613 -0.045205 0.299508 -0.144157 0.222950 0.044365 0.155611 -0.008651 0.032068 0.132901 0.056258 0.121436 -0.149821 -0.025330 0.091483 -0.223831 0.108917 -0.061490 0.067414 -0.072631 -0.058672 -0.130640
-0.205005 -0.262156 -0.038328 0.081891 0.129302 0.183702 0.032581 0.026055 -0.163347 0.175916 0.026295 0.221785 -0.143766 -0.006002 0.034505 -0.074594 -0.318542 -0.310684 -0.105549 -0.220490 0.124011 0.133589 0.071769 0.183801 0.106280 0.206202 0.139646 0.067218 -0.184686 -0.166069 0.060991 0.138523 -0.367292 -0.102561 0.390331 1.000000 -0.093505 0.086832 -0.035514 0.065354 0.030628 0.086096 0.370963 0.436865 0.644806 0.508086 0.226423 0.437784 -0.036500 0.496347 0.026037 0.081148 -0.351631 0.003318 -0.198297 -0.037876 -0.115491 -0.366401 -0.149246 -0.267826 -0.361206 -0.111179 -0.457471 -0.469082 0.191219 0.296073 -0.150087 0.242849 -0.223274 -0.280705 0.039738 0.143394 -0.304412 -0.061620 -0.197119 -0.079560 0.027959 0.262452 -0.372211 -0.406758 -0.299715 -0.344735 0.046966 -0.134993 0.136668 -0.085681 0.173227 -0.031404 0.067875 -0.196408 -0.030662 0.067200 0.175318 0.129708 0.193692 0.024190 0.020291 0.128770 -0.035529 -0.009659 0.022107 -0.038709 -0.273342 -0.018817 -0.046508 0.061673 -0.043341 -0.103919 -0.012645 0.027622 0.355876 0.176177 0.197213 0.059749 0.114090 0.056056
