1.000000 0.484362 0.096352 0.230039 0.078407 -0.370737 0.330835 0.135089 0.058900 0.302007 0.357621 0.398836 0.202690 0.227045 0.000361 -0.090763 0.179257 0.042542 0.452375 0.142175 -0.552708 -0.368837 -0.180686 -0.190336 -0.472838 -0.559530 -0.286102 -0.476219 0.016929 0.044933 -0.255533 -0.288179 0.189246 -0.002451 -0.048165 -0.048822 -0.252200 -0.116480 -0.174379 0.125465 -0.275324 -0.188215 -0.141124 -0.269204 -0.159873 -0.250952 0.051627 -0.065199 -0.006443 -0.094945 -0.264799 -0.100457 0.058305 -0.279046 0.116703 0.359412 -0.152705 -0.260273 0.247958 0.165521 0.252554 0.216281 0.169698 -0.106709 -0.287137 0.002733 -0.121733 -0.290680 -0.037684 0.016863 0.086983 -0.274444 0.121344 0.164198 0.068636 -0.057389 -0.044648 0.095779 0.002130 -0.105209 -0.043776 -0.168497 -0.216663 -0.087253 -0.103834 -0.123085 -0.122302 -0.351696 -0.092321 0.107925 -0.029143 0.083134 0.027898 0.155272 -0.143282 -0.250544 -0.223896 -0.234130 0.052953 -0.241122 0.060534 0.314305 0.052656 0.181523 -0.128987 -0.072046 0.001933 -0.034950 -0.061913 -0.026040 -0.315035 -0.223091 -0.282637 0.006906 -0.048292 -0.125141
0.484362 1.000000 -0.385808 0.137975 -0.107654 -0.124556 -0.117959 0.045017 -0.152154 0.305638 0.215011 0.435378 0.197641 0.341162 0.087845 0.092229 0.024387 0.166156 -0.009743 0.054907 -0.416531 -0.277322 -0.431348 -0.415962 -0.418343 -0.406309 -0.259952 -0.161034 0.045917 0.168417 -0.355505 -0.435687 0.109145 -0.201652 -0.321637 -0.244702 -0.099224 0.077756 -0.168599 -0.034860 -0.175811 -0.089229 -0.269608 -0.325424 -0.148478 -0.339722 0.118710 -0.165324 0.302107 -0.073049 0.267470 0.400323 0.503759 0.203354 0.190299 0.103186 0.115533 0.063577 0.349941 0.268490 -0.068760 0.236428 0.047341 -0.062749 -0.387471 0.100753 -0.331681 -0.386994 0.035960 0.026555 -0.035212 -0.394674 0.065500 0.264789 0.060289 0.074387 0.092075 0.028069 -0.016919 0.121450 -0.022311 -0.046964 -0.029459 0.096101 -0.062403 -0.053769 0.052107 -0.112231 -0.236040 0.250626 0.187952 -0.085005 0.095493 -0.046140 0.013687 -0.098119 -0.180790 0.054820 0.101259 0.111228 -0.045221 -0.078740 -0.040771 -0.036249 -0.094769 -0.161364 0.103778 -0.032467 -0.020011 0.184688 -0.143430 0.042128 0.145382 0.174417 0.105850 -0.023209
0.096352 -0.385808 1.000000 0.255238 0.202760 -0.061518 0.592980 0.425671 0.178951 -0.067656 0.012833 -0.083864 0.085292 -0.067047 0.052958 -0.103061 0.029860 -0.406518 0.277870 -0.151559 -0.071571 0.211417 0.302025 0.136281 0.209621 0.131584 0.017660 0.025511 -0.359040 -0.399528 -0.001420 0.010519 -0.333975 -0.081040 0.138693 0.172522 -0.109361 -0.099578 -0.034670 0.084614 0.151479 0.019270 -0.047798 0.020513 -0.285345 -0.104066 -0.257347 0.033566 -0.433434 -0.232115 -0.421128 -0.388502 -0.494489 -0.578849 -0.002420 0.048088 -0.326907 -0.308435 -0.121253 -0.075705 0.324243 0.052840 0.215907 0.053172 0.139903 0.190003 0.101207 0.237210 -0.369281 -0.177037 0.191185 0.169364 -0.231075 -0.179366 0.039141 -0.117110 -0.095733 0.220771 -0.135398 -0.300257 0.050942 -0.215125 -0.216653 -0.289751 -0.127228 -0.049482 -0.200125 -0.095693 0.172643 0.075308 -0.079702 0.255587 0.223162 0.291283 -0.036824 -0.113895 0.217816 -0.162767 -0.138299 -0.297861 0.187500 0.376026 0.173254 0.317968 0.165511 0.136840 0.014302 0.059323 -0.086135 -0.071628 0.176808 -0.312829 -0.401510 -0.066385 -0.161327 -0.198161
0.230039 0.137975 0.255238 1.000000 0.002839 0.199132 0.080010 0.448269 0.035842 0.135414 -0.136571 0.072836 -0.133036 0.046813 -0.037123 0.076392 -0.113416 -0.169042 0.057329 0.009454 -0.179246 0.065353 0.163560 0.264085 -0.124069 -0.051538 -0.020971 -0.012563 -0.198172 -0.163641 -0.120670 0.061173 -0.208281 -0.071899 0.263274 0.402284 0.009247 0.090148 -0.002858 0.344082 0.133725 0.243865 -0.254149 -0.381171 -0.271744 -0.239428 -0.182849 -0.031529 -0.122565 -0.237893 -0.143357 -0.142382 -0.070885 -0.201451 0.055579 0.090199 -0.242376 -0.305824 0.058596 -0.146842 -0.014165 0.171895 -0.053147 -0.232402 0.057867 0.372354 -0.304116 0.012254 -0.255702 -0.030977 0.248768 0.257951 -0.300058 0.123311 -0.027919 0.142472 -0.071564 0.519586 -0.207807 -0.061364 -0.005863 -0.297021 -0.201178 0.066001 0.185763 0.013864 -0.304021 -0.098879 0.371785 0.086757 0.099518 0.058337 0.379569 0.199036 -0.201130 0.023247 -0.170348 -0.196747 -0.246919 -0.247076 -0.031021 0.165692 -0.071301 0.220605 -0.125061 -0.085019 0.122035 -0.203491 0.333779 0.392169 0.190135 -0.253729 -0.130558 0.045232 -0.220295 -0.231516
0.078407 -0.107654 0.202760 0.002839 1.000000 0.052425 0.445444 0.294682 0.795360 0.657796 0.029428 0.300106 0.200437 0.178631 0.368170 0.349296 -0.178734 -0.407937 -0.197530 -0.071219 0.027556 -0.273377 0.059096 0.014870 -0.097982 -0.235387 0.351413 -0.412249 -0.349815 -0.149221 -0.074355 -0.021634 -0.377030 0.006400 0.083537 0.312426 -0.230859 -0.215031 -0.056990 0.041860 -0.144371 -0.131626 -0.049066 -0.010737 0.118663 0.132766 -0.161829 -0.026293 0.007484 0.100930 -0.122995 -0.107484 -0.204859 -0.229570 -0.296008 -0.038190 -0.191850 -0.201044 0.218471 -0.064672 0.240536 0.045561 -0.079508 -0.062206 0.269475 0.244277 -0.087727 0.012936 -0.273710 -0.078138 0.065647 -0.055672 -0.180679 -0.156738 -0.113637 0.037315 -0.199294 -0.062827 -0.223487 -0.405649 -0.230938 -0.328512 -0.202905 -0.239664 -0.375459 -0.332250 -0.275568 -0.330912 -0.058261 -0.143831 0.241672 0.192370 0.403047 0.281322 0.103011 0.053684 -0.113144 -0.005203 -0.149949 0.010471 0.075506 -0.056572 -0.082302 0.028884 -0.138394 -0.144134 -0.023801 0.112663 0.136829 -0.113670 -0.041344 -0.054108 0.016563 0.157939 0.102070 0.180955
-0.370737 -0.124556 -0.061518 0.199132 0.052425 1.000000 -0.206982 -0.041664 -0.025965 0.144765 -0.046404 -0.055834 -0.357231 -0.270159 -0.049879 -0.120776 -0.403250 -0.173426 -0.448339 -0.279046 0.349464 0.497627 0.342922 0.208760 0.440287 0.514633 0.543747 0.559695 -0.166045 -0.186973 0.106065 0.183616 -0.314685 -0.132804 0.093436 0.137850 0.011318 0.267242 0.328405 0.005353 0.211885 0.355874 0.090973 0.011525 0.084909 0.125206 0.117841 0.122975 0.244480 0.125906 0.356460 0.197525 -0.026881 0.266350 -0.051331 0.054772 0.099306 0.047059 0.109331 -0.003016 -0.439279 0.050755 -0.401689 -0.165800 0.122654 0.084124 0.059565 0.133305 -0.178969 -0.089205 -0.051140 0.185097 -0.271964 0.052447 0.036512 0.005179 0.075567 0.196042 -0.229259 0.029405 -0.048806 -0.060802 -0.024365 -0.059428 0.154430 -0.108764 0.120185 0.225596 0.186519 -0.252443 0.004170 -0.074802 0.058501 0.003451 -0.174459 0.026230 0.204831 -0.095712 -0.049046 0.172639 -0.359981 -0.395896 -0.306169 -0.254418 -0.142658 -0.178635 0.131716 -0.324218 0.042778 0.233970 0.330924 0.086898 0.184573 -0.083568 -0.230263 -0.126521
0.330835 -0.117959 0.592980 0.080010 0.445444 -0.206982 1.000000 0.588668 0.424403 0.307446 0.231797 0.347461 0.598943 0.311746 0.168184 0.366196 0.146294 -0.233016 0.354006 0.025953 -0.386055 -0.292033 -0.045120 0.048058 -0.346858 -0.388351 -0.225310 -0.551206 -0.094091 -0.036253 -0.129347 -0.064861 -0.255541 0.052169 -0.209945 0.016831 -0.234998 -0.402432 -0.350852 -0.323755 -0.014677 -0.161927 -0.045475 -0.023467 0.009344 0.053485 -0.118917 -0.024346 -0.080373 0.017653 -0.215365 -0.152972 -0.286423 -0.531511 -0.245255 -0.163240 -0.471915 -0.535402 -0.107413 -0.306438 0.394889 -0.185731 0.113208 -0.131073 0.192107 0.268350 -0.195274 0.032999 -0.473430 -0.236564 0.028613 -0.142247 0.053582 -0.153380 0.126050 -0.115611 -0.128287 -0.048151 -0.012722 -0.431993 0.009630 -0.190599 -0.057271 0.075395 -0.250145 0.066036 -0.236049 -0.099832 -0.175487 -0.072520 0.031076 0.187274 0.291611 0.312585 0.064776 -0.049559 -0.021502 -0.120122 -0.152079 -0.228900 0.192459 0.214382 0.171629 -0.034667 0.107530 -0.127526 -0.138493 0.120966 -0.166261 -0.248041 -0.096469 -0.006719 -0.173270 -0.018827 0.005693 -0.179972
0.135089 0.045017 0.425671 0.448269 0.294682 -0.041664 0.588668 1.000000 0.200541 0.292443 0.118266 0.500266 0.379012 0.375894 0.099202 0.306319 0.082469 -0.246708 0.107228 -0.104474 -0.473460 -0.217581 -0.354310 -0.196326 -0.316604 -0.177014 -0.202380 -0.312115 -0.244231 0.012293 -0.350805 -0.103281 -0.366702 -0.160176 -0.146022 0.096553 -0.130437 -0.213640 -0.384821 -0.154147 -0.055208 0.021408 -0.112373 -0.049066 -0.051242 0.107781 -0.100722 0.052845 0.011832 0.012189 -0.090481 -0.039688 -0.313542 -0.537125 -0.095088 -0.147372 -0.393274 -0.531965 -0.093835 -0.425003 0.098540 -0.274895 -0.052998 -0.314113 -0.039085 0.560230 -0.182417 0.218508 -0.443972 -0.195734 0.198333 0.068822 -0.137850 -0.135897 0.037210 0.015016 -0.191075 0.146918 -0.088176 -0.287126 0.149014 -0.212219 -0.099810 -0.025645 -0.132224 0.173011 -0.454198 -0.029623 -0.124482 -0.208622 0.005532 0.098622 0.500486 0.388475 0.073650 0.142030 0.044290 -0.028891 -0.101606 -0.106241 0.108879 0.115618 0.089850 0.035516 0.117958 0.004348 -0.016437 0.100585 0.078649 0.117262 0.190902 0.038517 -0.020267 0.075523 0.043865 -0.112091
0.058900 -0.152154 0.178951 0.035842 0.795360 -0.025965 0.424403 0.200541 1.000000 0.613110 -0.078060 0.231112 0.188002 0.167353 0.406385 0.463244 -0.098642 -0.308376 -0.027951 0.113877 -0.003911 -0.217324 0.097415 0.124782 -0.119388 -0.295962 0.202085 -0.396846 -0.342817 -0.061185 -0.083560 -0.023440 -0.329904 0.082737 0.018066 0.226470 -0.177518 -0.229537 -0.151141 0.017171 -0.265760 -0.203211 -0.081208 -0.004446 0.008243 0.014659 -0.258475 -0.156617 -0.129173 -0.046390 -0.126479 -0.188860 -0.160599 -0.186191 -0.353731 -0.202744 -0.219683 -0.144571 0.049645 -0.137458 0.321936 0.039355 -0.015813 0.032679 0.349972 0.198263 -0.231419 -0.107644 -0.168247 -0.038264 0.073088 0.015386 -0.139846 -0.186573 -0.114466 0.099062 -0.187127 -0.102898 -0.180520 -0.314222 -0.314309 -0.273563 -0.155085 -0.088341 -0.376124 -0.228456 -0.225499 -0.403111 0.009634 -0.086804 0.282403 0.247217 0.479120 0.331103 0.279942 0.180916 -0.179611 0.169031 -0.337103 0.047043 0.240833 0.105024 0.060113 0.145625 -0.074783 0.049624 0.104376 0.194749 0.142843 -0.045605 -0.078929 0.042764 0.086819 0.265825 0.291003 0.327848
0.302007 0.305638 -0.067656 0.135414 0.657796 0.144765 0.307446 0.292443 0.613110 1.000000 0.299035 0.581974 0.232676 0.365502 0.364997 0.310942 0.079476 -0.132645 -0.165372 -0.133472 -0.236112 -0.307293 -0.286657 -0.295501 -0.328357 -0.449145 0.213509 -0.428419 -0.236463 0.041884 -0.321001 -0.311091 -0.230534 -0.174476 -0.069694 0.090221 -0.123042 -0.095134 -0.086812 0.030108 -0.186096 0.031824 -0.161962 -0.218570 -0.015284 -0.044663 -0.093464 -0.105158 0.153108 0.019671 0.043096 0.020610 -0.040170 -0.227863 -0.137440 0.061849 0.010593 -0.105934 0.249808 0.008243 0.080384 0.090506 0.009963 -0.087121 -0.015550 0.292297 -0.214124 -0.052331 -0.190161 -0.032577 0.079285 -0.255885 -0.027844 0.083073 0.119067 0.132991 -0.071213 -0.012738 -0.137115 -0.072101 0.048677 -0.063725 -0.225206 -0.132621 -0.156912 -0.233964 -0.200117 -0.375291 -0.206502 -0.133661 0.168479 -0.004137 0.336675 0.196054 -0.005483 -0.042462 -0.170110 -0.082240 -0.116589 0.016790 -0.017597 -0.104558 -0.135304 0.011457 -0.295161 -0.233281 0.015926 0.017682 0.120537 -0.020338 -0.162890 -0.102936 0.010618 0.199534 0.063720 0.081213
0.357621 0.215011 0.012833 -0.136571 0.029428 -0.046404 0.231797 0.118266 -0.078060 0.299035 1.000000 0.380541 0.293000 0.013962 0.307627 -0.075758 0.128971 0.038476 0.018461 -0.159629 -0.407830 -0.193640 -0.209345 -0.354067 -0.234488 -0.209512 0.016222 -0.154298 0.221589 0.108645 -0.259110 -0.370430 0.056194 -0.121840 -0.289137 -0.251778 0.133196 0.141833 0.159769 -0.009422 -0.069036 0.096096 0.079020 -0.017570 -0.101116 -0.018227 0.140452 0.015281 0.059007 -0.072702 -0.044288 -0.095572 -0.078690 -0.205722 0.190259 0.210135 -0.037866 -0.050430 0.010444 -0.133085 -0.099362 -0.076685 -0.070585 -0.276151 -0.245025 0.010483 -0.075997 -0.026199 0.011738 0.055175 0.051316 -0.272285 0.124373 0.330068 0.317084 0.037737 0.312844 0.124620 0.199317 -0.027347 0.229419 0.181843 0.056486 -0.012924 0.146236 0.166284 0.133244 0.202819 -0.296200 -0.093534 -0.147324 -0.002897 -0.100865 0.129225 -0.183776 -0.238531 0.098569 -0.200614 0.194726 0.002904 -0.334226 -0.172028 -0.007671 -0.188950 -0.039536 -0.121456 -0.119290 -0.275758 -0.124461 -0.103247 -0.162446 -0.049018 -0.158122 -0.010351 -0.146406 -0.111991
0.398836 0.435378 -0.083864 0.072836 0.300106 -0.055834 0.347461 0.500266 0.231112 0.581974 0.380541 1.000000 0.522844 0.646906 0.016344 0.341151 0.156828 0.116045 -0.086699 -0.182717 -0.404015 -0.316978 -0.525778 -0.387531 -0.488799 -0.412022 -0.077819 -0.493799 -0.185694 0.319013 -0.445114 -0.297488 -0.121911 -0.138532 -0.211166 -0.134991 -0.260920 -0.115518 -0.300224 -0.193125 -0.218762 -0.028271 -0.108067 -0.194878 0.035922 0.034316 0.008475 -0.150227 0.261410 0.128393 0.162496 0.149466 0.041667 -0.298745 -0.025176 -0.002020 -0.096803 -0.334767 0.152981 -0.063424 0.183073 0.026355 0.043784 -0.163194 -0.100602 0.474687 -0.196422 -0.037333 -0.231195 -0.186254 0.121810 -0.180573 0.190016 0.196814 0.175211 0.282431 0.116824 0.057781 -0.107658 -0.135509 -0.028889 -0.176519 -0.232415 -0.139764 -0.312025 -0.090447 -0.326824 -0.185702 -0.482191 -0.207115 0.155024 -0.111495 0.265611 0.131897 0.153203 0.151213 -0.061721 0.039894 -0.114996 -0.004402 -0.078323 -0.169989 -0.041083 -0.150363 -0.057195 0.029950 0.010454 -0.042728 -0.041895 0.015699 -0.162139 0.078108 0.166579 0.148831 0.217929 0.060569
0.202690 0.197641 0.085292 -0.133036 0.200437 -0.357231 0.598943 0.379012 0.188002 0.232676 0.293000 0.522844 1.000000 0.706222 0.311403 0.555697 0.369033 0.142442 0.255260 0.091529 -0.468732 -0.389126 -0.496653 -0.341515 -0.580689 -0.504540 -0.414662 -0.518230 0.107017 0.219781 -0.419702 -0.389347 -0.065727 -0.025237 -0.390139 -0.248503 0.024926 -0.339889 -0.303234 -0.366812 0.004729 -0.250036 -0.130024 -0.124817 -0.024449 -0.060984 -0.065287 -0.179195 0.105297 0.047165 0.084177 0.164089 0.176334 -0.303268 0.020593 -0.238066 -0.356894 -0.378671 -0.135678 -0.292673 0.453008 -0.188894 0.306046 -0.019826 -0.099872 0.223496 -0.339917 -0.075173 -0.203072 -0.115000 0.047799 -0.228508 0.298406 0.040318 0.170411 0.072350 0.013613 -0.021185 -0.031306 -0.250544 -0.006721 -0.059782 0.014509 0.235812 -0.303728 0.089406 -0.171424 -0.126055 -0.416519 0.118468 0.283377 -0.040007 0.221258 0.160322 0.112701 0.069001 0.034954 0.090183 -0.077072 -0.134085 0.189225 0.120372 0.242180 -0.042981 0.203079 -0.091538 -0.085334 0.064894 -0.134540 -0.020044 -0.145876 0.049926 0.050282 0.108889 0.178885 -0.036933
0.227045 0.341162 -0.067047 0.046813 0.178631 -0.270159 0.311746 0.375894 0.167353 0.365502 0.013962 0.646906 0.706222 1.000000 0.123661 0.556592 0.395683 0.291246 0.043812 -0.046612 -0.274665 -0.251716 -0.534107 -0.331586 -0.432357 -0.363608 -0.196565 -0.500659 0.010039 0.259445 -0.348288 -0.258375 -0.023166 -0.062340 -0.263837 -0.153368 -0.156348 -0.372746 -0.393563 -0.236072 0.050620 -0.181838 -0.199562 -0.240120 -0.067763 -0.175292 -0.087494 -0.165112 0.074652 0.016403 0.102846 0.085626 0.191142 -0.280846 -0.105332 -0.198639 -0.159049 -0.319984 0.004147 0.087666 0.375636 0.147407 0.358953 0.268546 -0.138974 0.253296 -0.343438 -0.170284 -0.190439 -0.194026 0.089057 -0.033954 0.293144 0.066384 0.128889 0.205504 0.049619 0.027203 -0.121220 -0.038021 0.078732 -0.027489 -0.156585 0.049779 -0.388172 -0.222074 -0.401247 -0.364916 -0.390323 -0.009812 0.373833 -0.158660 0.251467 -0.019998 0.083836 0.075483 -0.163544 0.049536 -0.165595 -0.182433 0.222423 0.014142 0.208424 -0.044771 0.004026 -0.120451 -0.079590 0.095785 -0.118199 0.037939 -0.208984 -0.056245 -0.004158 0.122010 0.195609 -0.080478
0.000361 0.087845 0.052958 -0.037123 0.368170 -0.049879 0.168184 0.099202 0.406385 0.364997 0.307627 0.016344 0.311403 0.123661 1.000000 0.385669 -0.104359 -0.333334 0.026364 0.072440 -0.172259 -0.244245 -0.123009 -0.186808 -0.120101 -0.167512 0.106736 -0.114057 -0.000161 -0.081069 -0.214316 -0.274910 -0.151323 0.026523 -0.251643 0.002915 0.222632 0.095514 0.229435 0.218919 -0.010776 0.004089 -0.156556 -0.079950 -0.229073 -0.209319 -0.189843 -0.114721 -0.162574 -0.219568 -0.138839 -0.020387 0.052157 0.014172 0.077205 -0.089984 -0.100416 0.045291 -0.082097 -0.133626 0.032563 -0.067707 -0.079833 -0.130152 -0.115358 -0.036941 -0.237301 -0.133896 -0.010235 0.123998 0.152056 -0.110472 -0.060638 0.059217 0.084070 0.078672 0.025840 0.112474 -0.090395 -0.205309 -0.160364 -0.045136 0.175792 0.147948 -0.158884 -0.146037 0.026380 -0.054313 -0.014109 0.214880 0.268089 0.184556 0.313798 0.266037 0.122380 0.012213 0.028396 0.162875 -0.081780 0.023466 0.119870 0.067467 0.139694 0.158417 0.105986 0.011388 0.146412 0.243524 0.103030 0.144836 0.030631 -0.008406 -0.107971 0.098555 0.194209 0.151702
-0.090763 0.092229 -0.103061 0.076392 0.349296 -0.120776 0.366196 0.306319 0.463244 0.310942 -0.075758 0.341151 0.555697 0.556592 0.385669 1.000000 -0.057110 -0.024081 -0.101901 0.217628 -0.095301 -0.286009 -0.231813 0.100604 -0.264360 -0.240164 -0.089070 -0.469426 0.015118 0.257456 -0.109818 -0.012223 -0.047919 0.251661 -0.221635 0.088533 -0.074529 -0.281353 -0.271099 -0.251013 -0.009141 -0.226072 -0.231254 -0.197638 0.002370 -0.041904 -0.237770 -0.313309 -0.079225 -0.090038 0.162666 -0.081339 0.131291 -0.050859 -0.304595 -0.582030 -0.158072 -0.191965 -0.188212 -0.330216 0.274265 -0.106338 -0.102193 -0.055086 0.368148 0.330772 -0.361484 -0.043597 -0.014167 0.057526 -0.011093 0.044669 0.096945 -0.118559 -0.040340 0.110500 -0.006981 -0.009622 -0.125943 -0.241430 -0.256067 -0.195384 0.074716 0.501804 -0.244195 -0.015496 -0.324119 -0.066953 -0.164339 -0.006959 0.387109 0.028619 0.379741 0.015538 0.267087 0.252913 -0.235265 0.189015 -0.346420 -0.108304 0.190139 -0.081950 0.250789 -0.173937 0.013674 -0.159180 -0.109278 0.273362 0.065999 0.044501 -0.093426 0.157302 0.175432 0.247567 0.378439 0.108970
0.179257 0.024387 0.029860 -0.113416 -0.178734 -0.403250 0.146294 0.082469 -0.098642 0.079476 0.128971 0.156828 0.369033 0.395683 -0.104359 -0.057110 1.000000 0.610334 0.277397 -0.015031 -0.206695 -0.210391 -0.408448 -0.333053 -0.273584 -0.313222 -0.344441 -0.304301 0.277942 0.203917 -0.147172 -0.213388 0.208813 -0.058358 -0.176406 -0.354895 0.061306 -0.250048 -0.292728 -0.153761 0.049835 -0.212783 -0.081177 -0.076928 -0.164091 -0.220254 -0.076349 -0.030703 -0.185546 -0.154929 -0.189892 -0.134693 0.054891 -0.319571 -0.030348 0.044201 0.099156 0.062555 -0.271223 0.085273 0.319052 -0.029528 0.746248 0.430189 -0.259804 -0.176513 -0.145636 -0.185707 0.040534 -0.102506 0.117652 -0.136795 0.416623 0.054195 0.234264 0.064921 -0.034242 -0.169258 0.403252 0.415782 0.588655 0.602840 -0.040424 0.058133 0.019339 0.186466 -0.090892 -0.196587 -0.298862 0.049302 -0.108405 -0.223614 -0.148637 -0.100026 -0.105584 -0.128721 -0.153113 -0.083407 -0.077512 -0.148500 0.286627 0.181741 0.181495 0.151185 -0.022485 -0.001688 -0.084192 -0.098731 -0.164508 -0.261998 -0.330436 -0.227487 -0.181089 0.127221 -0.042235 -0.098371
0.042542 0.166156 -0.406518 -0.169042 -0.407937 -0.173426 -0.233016 -0.246708 -0.308376 -0.132645 0.038476 0.116045 0.142442 0.291246 -0.333334 -0.024081 0.610334 1.000000 -0.007747 0.142133 0.023310 -0.025269 -0.240618 -0.079411 -0.144004 -0.089118 -0.220910 -0.148051 0.523033 0.550321 0.035545 -0.000645 0.400015 0.157744 -0.151418 -0.297864 0.160450 0.037846 -0.222689 -0.207647 0.038146 -0.020519 -0.039786 -0.083451 -0.079317 -0.181913 0.067506 -0.118191 0.003028 -0.105570 0.188523 0.088136 0.382172 0.213880 0.006356 -0.120573 0.259323 0.153084 -0.247357 0.131924 0.069936 0.087075 0.423285 0.362434 -0.224042 -0.300887 -0.282490 -0.329639 0.115927 -0.095640 -0.059522 0.054442 0.608327 0.337653 0.317482 0.259803 0.301846 -0.018224 0.300215 0.694856 0.222349 0.498006 0.080397 0.250144 -0.017350 0.036291 -0.013946 0.023725 -0.398555 -0.127295 0.027707 -0.290300 -0.313523 -0.344614 -0.064296 0.087643 -0.154818 0.048831 -0.057665 0.073093 0.022761 -0.127468 0.006011 -0.206297 -0.067042 -0.025876 -0.055033 -0.207334 -0.159629 -0.013234 -0.172086 0.102170 0.176059 0.152399 0.102248 0.016128
0.452375 -0.009743 0.277870 0.057329 -0.197530 -0.448339 0.354006 0.107228 -0.027951 -0.165372 0.018461 -0.086699 0.255260 0.043812 0.026364 -0.101901 0.277397 -0.007747 1.000000 0.428480 -0.409003 -0.287754 -0.068591 -0.037830 -0.286776 -0.343121 -0.503028 -0.265699 0.226063 0.120226 0.024885 0.060222 0.281222 0.256294 -0.143546 -0.053197 -0.042823 -0.207216 -0.096644 -0.051458 0.065102 -0.022980 -0.007716 -0.038902 -0.133038 -0.168107 0.004859 -0.010627 -0.268938 -0.123119 -0.450612 -0.226056 -0.176486 -0.228196 0.058226 0.173190 -0.321676 -0.225788 -0.329777 -0.135635 0.186416 -0.225036 0.252060 0.010365 -0.215965 -0.278847 -0.195034 -0.177145 -0.056444 -0.077948 0.193845 -0.081317 0.267660 -0.014820 0.106211 -0.167128 -0.278377 -0.022704 0.073617 -0.079879 0.014113 0.050218 0.143424 0.215930 -0.047874 0.126205 0.037114 -0.191158 0.081875 0.236111 -0.138262 0.040078 -0.108560 0.035132 -0.052990 0.036070 -0.001971 -0.050500 0.005247 -0.149519 0.292106 0.445607 0.336147 0.265423 0.250679 0.201458 -0.030646 0.066977 0.046386 0.018877 -0.088740 -0.040865 -0.211523 -0.093184 0.079326 -0.065039
0.142175 0.054907 -0.151559 0.009454 -0.071219 -0.279046 0.025953 -0.104474 0.113877 -0.133472 -0.159629 -0.182717 0.091529 -0.046612 0.072440 0.217628 -0.015031 0.142133 0.428480 1.000000 -0.010995 -0.196874 -0.003023 0.108711 -0.120848 -0.200353 -0.318019 -0.166128 0.331477 0.440043 0.182599 0.058471 0.439469 0.500758 -0.166564 0.136549 0.102007 -0.121458 -0.215701 -0.067987 -0.216446 -0.136551 0.038330 0.097117 0.067658 0.021662 -0.066969 -0.025301 -0.102459 -0.036084 -0.150765 -0.158556 0.064359 0.233616 -0.285795 -0.339158 -0.249446 -0.224674 -0.322854 -0.362140 -0.048332 -0.320718 -0.060344 -0.081418 -0.019892 -0.335098 -0.399808 -0.344542 0.015176 0.016533 0.129697 -0.030668 0.375817 0.150550 0.237727 -0.016750 -0.051916 -0.044360 -0.078145 0.097215 -0.248823 0.037021 0.342350 0.341731 -0.314319 -0.186953 0.017801 -0.167122 -0.203413 -0.101376 0.184035 0.040436 0.033020 -0.101743 0.391723 0.438230 -0.004598 0.497004 -0.076833 0.286863 0.266398 0.098546 0.217603 0.071468 0.224009 0.279101 0.302500 0.367020 0.319981 0.385838 0.247436 0.501642 0.352254 0.349770 0.481168 0.441744
-0.552708 -0.416531 -0.071571 -0.179246 0.027556 0.349464 -0.386055 -0.473460 -0.003911 -0.236112 -0.407830 -0.404015 -0.468732 -0.274665 -0.172259 -0.095301 -0.206695 0.023310 -0.409003 -0.010995 1.000000 0.436577 0.576182 0.437700 0.736005 0.684777 0.584905 0.352123 0.052577 0.112486 0.691570 0.548451 0.082206 0.371290 0.402547 0.343322 0.126427 0.205447 0.292387 0.008871 0.254123 0.212057 0.222695 0.209134 0.150037 0.128723 -0.005075 0.140561 -0.062312 0.056134 0.053192 -0.074984 -0.071362 0.369420 -0.399576 -0.140226 0.044733 0.131485 -0.148103 0.142381 -0.324917 0.079767 -0.215665 0.218602 0.263223 -0.307714 0.099286 -0.020879 0.073216 -0.144610 -0.014138 0.454455 0.128057 0.084846 0.094873 0.280294 0.287040 0.023594 -0.015599 0.167646 -0.082598 0.125886 0.074691 -0.151173 -0.166124 -0.411436 0.112541 0.022357 0.002758 -0.237475 0.024201 -0.029178 -0.248364 -0.322136 0.025251 0.114281 0.048083 0.092451 -0.088394 0.084914 -0.082952 -0.371961 -0.200232 -0.181866 -0.050372 0.043362 0.019716 -0.002871 0.101914 -0.052216 0.148542 0.057765 0.076479 0.029119 0.076767 0.074182
-0.368837 -0.277322 0.211417 0.065353 -0.273377 0.497627 -0.292033 -0.217581 -0.217324 -0.307293 -0.193640 -0.316978 -0.389126 -0.251716 -0.244245 -0.286009 -0.210391 -0.025269 -0.287754 -0.196874 0.436577 1.000000 0.405160 0.200426 0.596357 0.606989 0.343286 0.723382 -0.205993 -0.310281 0.167402 0.058750 -0.214696 -0.222539 0.153676 0.119413 0.098536 0.212869 0.250909 0.108910 0.292481 0.174823 0.066555 0.134289 -0.133495 0.021558 -0.039531 0.182925 -0.022289 -0.070833 0.208246 -0.064065 -0.116439 0.118087 0.082259 -0.049705 0.135301 0.087474 0.108825 0.148054 -0.095171 0.273839 -0.089002 0.181625 0.173665 0.108539 0.233103 0.184869 -0.068775 -0.001091 -0.225999 0.391354 -0.252367 -0.045788 -0.021660 -0.124830 0.132832 0.149440 -0.407015 0.199928 0.012727 -0.050261 -0.087807 -0.225481 0.206057 -0.137489 0.070017 0.255477 0.284957 -0.080101 -0.095599 -0.117850 -0.157646 -0.181280 -0.117237 0.039328 0.449163 0.002632 -0.048223 0.038386 -0.242197 -0.104476 -0.241739 -0.071427 -0.102287 0.016670 0.120928 -0.141188 -0.119415 0.137293 0.505662 -0.033893 0.015678 -0.128971 -0.238484 -0.230331
-0.180686 -0.431348 0.302025 0.163560 0.059096 0.342922 -0.045120 -0.354310 0.097415 -0.286657 -0.209345 -0.525778 -0.496653 -0.534107 -0.123009 -0.231813 -0.408448 -0.240618 -0.068591 -0.003023 0.576182 0.405160 1.000000 0.761212 0.658101 0.538879 0.540555 0.324163 0.015670 -0.275070 0.610559 0.532701 -0.061462 0.264349 0.425259 0.403101 -0.008535 0.155034 0.341000 0.160606 0.261166 0.159096 0.130513 0.106751 0.013679 0.005335 0.038101 0.102965 -0.166156 -0.049123 -0.090272 -0.166830 -0.170327 0.215266 -0.277406 0.124172 -0.115004 0.026928 -0.026520 0.060219 -0.193186 0.149457 -0.288881 -0.041046 0.422014 -0.254070 0.046806 -0.058630 -0.029442 -0.048793 -0.078341 0.357547 -0.127800 -0.002093 -0.059304 -0.000545 0.105311 0.137411 -0.056553 -0.085075 -0.215156 -0.166082 -0.046277 -0.118803 0.067525 -0.272543 0.172757 0.129147 0.442445 -0.067901 -0.108994 0.158962 -0.156951 -0.082850 -0.220931 -0.119204 0.013340 -0.184099 -0.115128 -0.094097 -0.211729 -0.104183 -0.200617 -0.046088 -0.080973 -0.062294 -0.033834 -0.227939 0.045098 0.009228 0.120483 -0.119922 -0.193248 -0.129197 -0.227368 -0.110963
-0.190336 -0.415962 0.136281 0.264085 0.014870 0.208760 0.048058 -0.196326 0.124782 -0.295501 -0.354067 -0.387531 -0.341515 -0.331586 -0.186808 0.100604 -0.333053 -0.079411 -0.037830 0.108711 0.437700 0.200426 0.761212 1.000000 0.375509 0.301327 0.245821 0.019047 0.096068 -0.039614 0.626596 0.718446 0.067583 0.458340 0.350090 0.387371 -0.028568 -0.002673 0.100365 -0.017767 0.193051 0.156470 -0.075351 -0.097318 0.021378 -0.044829 -0.157550 -0.165336 -0.247044 -0.108033 -0.121137 -0.211107 -0.139023 0.110462 -0.338536 -0.179231 -0.045713 0.063221 -0.188521 -0.053143 -0.006223 0.132021 -0.276405 0.029900 0.617331 -0.141737 -0.047023 0.001191 0.056855 0.076011 -0.093513 0.340331 -0.022065 -0.033983 -0.105302 0.075078 0.066106 0.125233 -0.029366 -0.059319 -0.329931 -0.195700 0.145590 0.234917 0.145023 -0.067645 0.119763 0.160602 0.396336 -0.007334 -0.082334 0.039765 -0.088966 -0.147324 -0.052099 0.002500 -0.215570 -0.061784 -0.377704 -0.182128 -0.005021 -0.043605 -0.007022 -0.181191 -0.073931 -0.074792 -0.179884 -0.118693 0.023803 -0.031892 0.016910 -0.004976 -0.086048 -0.100478 -0.017691 -0.062959
-0.472838 -0.418343 0.209621 -0.124069 -0.097982 0.440287 -0.346858 -0.316604 -0.119388 -0.328357 -0.234488 -0.488799 -0.580689 -0.432357 -0.120101 -0.264360 -0.273584 -0.144004 -0.286776 -0.120848 0.736005 0.596357 0.658101 0.375509 1.000000 0.902265 0.651617 0.628835 0.002555 -0.131449 0.567248 0.426891 0.012527 0.135247 0.288157 0.229334 0.089153 0.198217 0.333830 0.054196 0.295829 0.160072 0.269474 0.331445 0.058317 0.139261 0.144367 0.221776 -0.155193 0.026391 0.022451 -0.171388 -0.243918 0.223839 -0.233769 0.032414 0.092086 0.191880 -0.140306 0.146896 -0.378348 0.074424 -0.244486 0.100943 0.204618 -0.279053 0.208067 0.106047 0.099793 -0.055878 -0.129736 0.409488 -0.035923 -0.068375 0.003147 -0.067116 0.090732 -0.040462 0.009020 0.062843 0.064691 0.140689 0.007497 -0.213573 -0.004455 -0.293947 0.114557 0.121279 0.214928 -0.182843 -0.245534 -0.016190 -0.297892 -0.250336 -0.181739 -0.105180 0.234727 -0.100024 0.044816 -0.063749 -0.129080 -0.306666 -0.170183 -0.136008 -0.065373 0.032476 -0.095283 -0.032561 -0.093941 -0.021546 0.232680 -0.098005 -0.209057 -0.147232 -0.099056 -0.091440
-0.559530 -0.406309 0.131584 -0.051538 -0.235387 0.514633 -0.388351 -0.177014 -0.295962 -0.449145 -0.209512 -0.412022 -0.504540 -0.363608 -0.167512 -0.240164 -0.313222 -0.089118 -0.343121 -0.200353 0.684777 0.606989 0.538879 0.301327 0.902265 1.000000 0.574696 0.676928 0.055428 -0.041147 0.489687 0.456876 -0.039736 0.145280 0.301259 0.229651 0.174244 0.313754 0.366782 0.049465 0.372675 0.275530 0.287994 0.320301 0.077353 0.199518 0.170342 0.278595 -0.052493 0.065659 0.107212 -0.055603 -0.199719 0.272718 -0.113998 0.028848 0.019494 0.089617 -0.186786 0.019659 -0.497700 -0.014212 -0.356255 -0.038574 0.060209 -0.213741 0.189198 0.169562 0.017765 -0.131932 -0.073022 0.552081 -0.025442 0.016808 0.068132 0.045960 0.231092 0.129131 -0.018965 0.031130 0.056082 0.098149 0.049543 -0.154569 0.011885 -0.198753 0.077847 0.273999 0.140770 -0.258408 -0.174802 0.013638 -0.239037 -0.208926 -0.202303 -0.021781 0.292347 -0.118715 0.097030 0.002530 -0.230376 -0.373584 -0.170718 -0.262507 -0.014888 0.021215 -0.101665 -0.132871 -0.072915 0.054161 0.315671 -0.032989 -0.140942 -0.208036 -0.133006 -0.162819
-0.286102 -0.259952 0.017660 -0.020971 0.351413 0.543747 -0.225310 -0.202380 0.202085 0.213509 0.016222 -0.077819 -0.414662 -0.196565 0.106736 -0.089070 -0.344441 -0.220910 -0.503028 -0.318019 0.584905 0.343286 0.540555 0.245821 0.651617 0.574696 1.000000 0.317214 -0.121185 -0.208964 0.358295 0.292395 -0.188475 0.033350 0.287277 0.314821 -0.046268 0.144055 0.386654 0.216477 0.170776 0.159655 0.188548 0.154569 0.129705 0.171918 0.162973 0.231786 0.030411 0.143111 0.085583 -0.045962 -0.147213 0.163052 -0.300179 0.198108 0.078879 0.138221 0.133855 0.185716 -0.326415 0.188815 -0.331469 -0.047934 0.244185 -0.103527 0.118157 0.081350 -0.001024 -0.074221 -0.109193 0.288050 -0.111863 -0.001124 -0.016745 0.063319 0.162125 0.031944 -0.059311 -0.055099 -0.002729 -0.065724 -0.258162 -0.318034 -0.084301 -0.487661 -0.160500 -0.065051 0.175567 -0.255239 0.028751 0.042272 -0.037186 -0.073578 -0.295930 -0.202425 0.039860 -0.255008 0.041555 -0.099702 -0.313413 -0.440902 -0.354214 -0.170129 -0.273660 -0.174085 -0.080809 -0.221083 0.074360 -0.019420 0.033288 -0.167739 -0.181794 -0.152680 -0.212833 -0.064690
-0.476219 -0.161034 0.025511 -0.012563 -0.412249 0.559695 -0.551206 -0.312115 -0.396846 -0.428419 -0.154298 -0.493799 -0.518230 -0.500659 -0.114057 -0.469426 -0.304301 -0.148051 -0.265699 -0.166128 0.352123 0.723382 0.324163 0.019047 0.628835 0.676928 0.317214 1.000000 -0.181914 -0.359612 0.077544 -0.056792 -0.150908 -0.294204 0.026705 -0.068855 0.234842 0.405216 0.370195 0.176887 0.219927 0.156452 0.163467 0.225967 -0.084610 0.051484 0.157544 0.242230 0.052775 -0.028552 0.247601 0.097247 0.028158 0.345021 0.281705 0.092466 0.210814 0.267635 0.055611 0.107774 -0.356173 0.064282 -0.170443 0.060849 -0.082722 -0.073150 0.275887 0.192699 0.093304 0.077511 -0.203120 0.210470 -0.324419 -0.056722 -0.078681 -0.204321 0.064655 0.086595 -0.196076 0.124080 0.026527 0.045246 0.004498 -0.182930 0.241936 0.038295 0.223752 0.326160 0.365381 0.048976 -0.083683 0.019697 -0.165338 -0.055021 -0.162212 -0.008867 0.436092 0.003244 0.214286 0.167409 -0.204650 -0.132567 -0.171639 0.005716 0.045392 0.062919 0.189728 -0.110660 -0.112538 0.196079 0.434589 0.019832 0.023672 -0.135170 -0.208753 -0.115409
0.016929 0.045917 -0.359040 -0.198172 -0.349815 -0.166045 -0.094091 -0.244231 -0.342817 -0.236463 0.221589 -0.185694 0.107017 0.010039 -0.000161 0.015118 0.277942 0.523033 0.226063 0.331477 0.052577 -0.205993 0.015670 0.096068 0.002555 0.055428 -0.121185 -0.181914 1.000000 0.582901 0.421173 0.295228 0.563503 0.492565 -0.158049 -0.128854 0.343205 -0.113752 0.071330 -0.237914 0.219780 0.121414 0.105732 0.022490 0.137279 -0.025214 0.206232 0.041405 0.037393 0.030084 0.031242 0.020842 0.144162 0.279427 -0.233262 -0.086364 -0.075816 -0.001558 -0.437483 -0.129793 -0.351178 -0.206512 -0.063583 -0.079163 -0.197529 -0.580256 -0.317974 -0.310400 0.168646 -0.011063 -0.021767 0.071589 0.715661 0.381148 0.424788 0.088323 0.223844 -0.016006 0.399507 0.303155 0.281573 0.543689 0.444010 0.513309 0.180182 0.082241 0.201044 0.158372 -0.298204 -0.149752 -0.214486 -0.237152 -0.457924 -0.346159 -0.229004 -0.102084 -0.116026 -0.064980 0.092863 -0.034378 -0.156847 -0.290045 -0.031806 -0.433107 -0.033480 -0.197376 -0.299399 -0.145875 0.078749 0.029104 -0.150241 0.158269 0.007653 -0.064312 -0.057416 -0.143601
0.044933 0.168417 -0.399528 -0.163641 -0.149221 -0.186973 -0.036253 0.012293 -0.061185 0.041884 0.108645 0.319013 0.219781 0.259445 -0.081069 0.257456 0.203917 0.550321 0.120226 0.440043 0.112486 -0.310281 -0.275070 -0.039614 -0.131449 -0.041147 -0.208964 -0.359612 0.582901 1.000000 0.269157 0.254492 0.510451 0.597742 -0.140005 -0.011850 0.248647 0.056999 -0.171525 -0.339621 -0.011374 0.192003 0.137354 0.073993 0.180826 0.120057 0.115434 -0.073977 0.113024 0.072361 0.070757 0.016108 0.072195 0.189844 -0.275298 -0.307319 -0.131809 -0.209004 -0.504729 -0.296853 -0.283110 -0.271022 -0.142555 -0.109943 -0.212568 -0.263299 -0.454393 -0.284460 0.002232 -0.204622 0.168586 0.127434 0.823144 0.491205 0.508074 0.511869 0.379884 0.048513 0.195561 0.294293 -0.000372 0.317412 0.387138 0.332496 -0.268104 -0.098652 -0.008240 -0.027778 -0.673293 -0.390204 0.011301 -0.150288 -0.185679 -0.244386 0.197939 0.361340 -0.056360 0.258573 -0.006122 0.220696 0.029748 -0.328015 0.020381 -0.416145 0.045735 0.157770 -0.103546 0.089370 0.115562 0.096524 -0.042441 0.445583 0.342278 0.232180 0.496030 0.221717
-0.255533 -0.355505 -0.001420 -0.120670 -0.074355 0.106065 -0.129347 -0.350805 -0.083560 -0.321001 -0.259110 -0.445114 -0.419702 -0.348288 -0.214316 -0.109818 -0.147172 0.035545 0.024885 0.182599 0.691570 0.167402 0.610559 0.626596 0.567248 0.489687 0.358295 0.077544 0.421173 0.269157 1.000000 0.807259 0.376779 0.647929 0.227424 0.300262 0.035001 -0.014093 0.244116 -0.060216 0.280116 0.269843 0.244780 0.221242 0.271308 0.172031 0.113117 0.158890 -0.117381 0.126623 -0.180582 -0.219993 -0.266501 0.185849 -0.508944 -0.040205 -0.110421 0.087023 -0.317149 0.065019 -0.374409 -0.017587 -0.353114 0.053025 0.251653 -0.517526 0.028953 -0.102341 0.112473 -0.069962 -0.085982 0.350125 0.383524 0.183637 0.217593 0.123874 0.205347 -0.084333 0.173559 0.127844 0.008040 0.183024 0.320284 0.133611 -0.021323 -0.287148 0.200969 0.048473 0.010778 -0.241319 -0.287153 -0.142044 -0.473739 -0.469681 -0.121470 -0.120779 -0.048178 -0.047610 -0.016207 -0.063305 -0.094413 -0.363757 -0.209556 -0.336925 -0.157981 -0.093671 -0.230570 -0.058674 0.020940 -0.147607 0.006324 0.055305 -0.114070 -0.190375 -0.012824 -0.030869
-0.288179 -0.435687 0.010519 0.061173 -0.021634 0.183616 -0.064861 -0.103281 -0.023440 -0.311091 -0.370430 -0.297488 -0.389347 -0.258375 -0.274910 -0.012223 -0.213388 -0.000645 0.060222 0.058471 0.548451 0.058750 0.532701 0.718446 0.426891 0.456876 0.292395 -0.056792 0.295228 0.254492 0.807259 1.000000 0.224695 0.635710 0.318551 0.318269 -0.004221 -0.013882 0.191149 -0.065258 0.330903 0.374105 0.135664 0.089872 0.236448 0.150244 0.008039 -0.015915 -0.164369 0.083906 -0.218991 -0.167158 -0.292279 0.081066 -0.395859 -0.060795 -0.133549 0.020104 -0.357621 -0.018410 -0.325360 -0.048640 -0.370938 -0.040323 0.287242 -0.361380 -0.028649 -0.013201 0.010961 -0.187086 0.061846 0.446841 0.247623 0.071340 0.080226 0.242653 0.104189 0.018310 0.192635 0.023857 -0.075003 0.058757 0.238476 0.201418 0.052211 -0.113904 0.106676 0.128157 0.121014 -0.205049 -0.277283 -0.101102 -0.286375 -0.328138 -0.080714 0.042673 -0.140829 -0.095029 -0.164912 -0.108503 -0.059815 -0.265948 -0.041895 -0.337590 -0.070785 0.006579 -0.283285 -0.166922 0.166251 -0.151675 -0.066639 0.075790 -0.034720 -0.198173 0.005485 -0.040264
0.189246 0.109145 -0.333975 -0.208281 -0.377030 -0.314685 -0.255541 -0.366702 -0.329904 -0.230534 0.056194 -0.121911 -0.065727 -0.023166 -0.151323 -0.047919 0.208813 0.400015 0.281222 0.439469 0.082206 -0.214696 -0.061462 0.067583 0.012527 -0.039736 -0.188475 -0.150908 0.563503 0.510451 0.376779 0.224695 1.000000 0.599727 -0.000836 0.034817 0.161089 0.002375 0.065931 0.008102 0.029721 -0.037185 -0.090957 -0.108861 -0.057971 -0.168858 0.032380 -0.107663 -0.211720 -0.117144 -0.239853 -0.190024 0.082065 0.248423 -0.071625 -0.015578 0.103561 0.293229 -0.320230 0.098399 -0.131338 0.016427 0.047782 0.123375 -0.148759 -0.437037 0.059393 -0.117242 0.558442 0.324432 -0.053912 0.017800 0.617305 0.253298 0.248392 0.077914 0.118181 -0.027204 0.282686 0.370976 0.066370 0.350991 0.162407 0.317910 -0.029914 -0.101732 0.049031 -0.038227 -0.212964 0.024777 -0.268249 -0.255620 -0.497644 -0.503050 -0.112385 -0.085450 -0.174551 -0.000071 -0.057796 -0.128601 -0.031416 -0.099349 0.075757 -0.151823 -0.196316 -0.081718 -0.225168 -0.081298 0.069723 0.045110 -0.185938 0.002676 -0.033336 -0.003307 0.116991 0.060289
-0.002451 -0.201652 -0.081040 -0.071899 0.006400 -0.132804 0.052169 -0.160176 0.082737 -0.174476 -0.121840 -0.138532 -0.025237 -0.062340 0.026523 0.251661 -0.058358 0.157744 0.256294 0.500758 0.371290 -0.222539 0.264349 0.458340 0.135247 0.145280 0.033350 -0.294204 0.492565 0.597742 0.647929 0.635710 0.599727 1.000000 0.191718 0.377656 0.086032 -0.015249 0.091830 -0.093989 0.116941 0.154361 -0.055658 -0.100772 0.041512 -0.019516 -0.172970 -0.164980 -0.317417 -0.123673 -0.351337 -0.313276 -0.112436 0.211133 -0.432771 -0.265445 -0.210086 -0.029575 -0.514452 -0.161641 -0.166102 -0.090943 -0.262641 0.004497 0.142838 -0.459668 -0.176567 -0.090083 0.195578 0.076686 0.114386 0.312251 0.564608 0.274699 0.275050 0.325033 0.223485 0.169101 0.143077 0.059519 -0.282028 0.070838 0.363105 0.394206 -0.242922 -0.253599 0.001698 -0.029624 -0.182057 -0.190531 0.004095 0.049925 -0.198253 -0.283381 0.053642 0.170219 -0.279753 0.082731 -0.273082 -0.024433 0.128104 -0.113091 0.180132 -0.313139 -0.085928 -0.018306 -0.216743 -0.038711 0.240557 0.073314 -0.071518 0.180532 0.079854 0.051563 0.278288 0.147328
-0.048165 -0.321637 0.138693 0.263274 0.083537 0.093436 -0.209945 -0.146022 0.018066 -0.069694 -0.289137 -0.211166 -0.390139 -0.263837 -0.251643 -0.221635 -0.176406 -0.151418 -0.143546 -0.166564 0.402547 0.153676 0.425259 0.350090 0.288157 0.301259 0.287277 0.026705 -0.158049 -0.140005 0.227424 0.318551 -0.000836 0.191718 1.000000 0.697316 -0.047777 0.197773 0.202841 0.325131 -0.023130 0.207585 -0.204136 -0.301011 -0.118871 -0.052004 -0.320557 -0.158854 -0.213643 -0.089329 -0.239252 -0.146191 -0.102529 0.081896 -0.016261 0.189252 -0.022333 0.040421 0.150336 0.095270 -0.012197 0.205081 -0.069079 -0.042377 0.212105 0.049272 0.353130 0.346388 0.192995 0.191198 0.184545 0.370521 -0.180621 0.002846 -0.190050 0.215963 -0.012997 0.344923 0.020653 -0.160561 -0.139722 -0.269567 -0.289265 -0.312566 0.119924 -0.231444 -0.091287 -0.186430 0.360005 -0.002827 0.030370 0.208079 0.063028 0.072471 -0.135909 -0.045666 -0.305145 -0.253173 -0.295579 -0.237665 0.068534 0.245593 -0.083637 0.196930 -0.202230 0.025126 -0.121877 -0.209717 0.269494 0.068847 -0.079071 -0.438965 -0.200179 -0.157719 -0.154729 -0.038776
-0.048822 -0.244702 0.172522 0.402284 0.312426 0.137850 0.016831 0.096553 0.226470 0.090221 -0.251778 -0.134991 -0.248503 -0.153368 0.002915 0.088533 -0.354895 -0.297864 -0.053197 0.136549 0.343322 0.119413 0.403101 0.387371 0.229334 0.229651 0.314821 -0.068855 -0.128854 -0.011850 0.300262 0.318269 0.034817 0.377656 0.697316 1.000000 -0.169230 0.113150 0.185258 0.342843 0.025547 0.189063 -0.181299 -0.220628 -0.081764 0.063784 -0.297456 0.059017 -0.255549 -0.036717 -0.345377 -0.314167 -0.317136 0.108426 -0.244705 0.032743 -0.148777 -0.107936 0.014001 -0.127978 -0.058797 0.121961 -0.312499 -0.153998 0.354997 0.165508 0.058881 0.269011 -0.019302 0.198603 0.121861 0.384141 -0.126556 0.021612 -0.144796 0.099740 -0.159263 0.360941 -0.248929 -0.218851 -0.299949 -0.418222 -0.092769 -0.113588 -0.079931 -0.411512 -0.279296 -0.205424 0.301503 -0.133876 0.159262 0.230320 0.223646 0.083180 -0.108868 0.086222 -0.251477 -0.153558 -0.286530 -0.077418 0.037866 0.072540 -0.127531 0.123883 -0.208579 -0.134610 -0.079489 -0.036629 0.307500 0.267534 0.254638 -0.219286 -0.153755 -0.081224 -0.077827 -0.050799
