1.000000 0.392878 -0.019155 -0.083281 -0.155552 -0.171535 0.202883 0.054386 -0.104561 0.014464 0.236981 0.295296 0.353516 0.225043 -0.031725 0.014288 0.187754 -0.093669 0.194169 0.216738 -0.378083 -0.238680 -0.134704 -0.359899 -0.306414 -0.239086 -0.048676 -0.085018 0.040277 0.111862 -0.133343 -0.289452 0.238553 -0.041941 -0.240090 -0.192991 -0.214620 -0.132001 -0.204321 -0.071770 -0.179740 -0.197155 -0.109210 -0.072224 -0.184700 -0.229872 -0.027387 -0.190876 -0.106721 -0.060122 -0.208655 0.048241 0.108602 -0.075319 0.068319 0.177929 0.243844 -0.309583 0.384623 0.204049 0.468683 0.405996 0.499746 0.128088 0.183038 0.078242 0.088339 -0.217131 -0.013811 -0.281390 -0.234051 -0.288881 0.106765 0.056459 0.211018 -0.004777 0.160235 0.058829 -0.176998 -0.044431 -0.018539 -0.091013 0.044266 0.002324 0.132902 0.220028 0.238101 0.274120 -0.104920 0.182717 -0.131730 -0.046278 -0.143594 -0.014954 -0.192494 -0.151944 -0.049912 -0.061840 -0.062680 0.169361 -0.003360 0.072691 0.035699 0.170523 -0.149400 -0.105556 -0.181181 -0.101440 -0.262288 0.072928 -0.151018 -0.261084 -0.038093 -0.168557 -0.019960 -0.088586
0.392878 1.000000 -0.349824 0.259043 -0.323952 0.007913 -0.363575 0.196557 -0.286257 0.001131 0.018172 0.368507 0.253469 0.389788 -0.090726 0.189176 0.068927 -0.063202 -0.112941 0.071861 -0.434906 -0.167046 -0.168556 -0.160882 -0.401067 -0.090519 -0.154580 0.068334 -0.210927 -0.073441 -0.275512 -0.377185 0.001097 -0.160592 -0.254090 -0.312464 -0.297519 -0.064901 -0.203020 0.003604 -0.134315 -0.089229 -0.214569 -0.173252 -0.122271 -0.114642 -0.193656 -0.277832 -0.028221 0.033683 -0.260144 0.094795 -0.039897 -0.247481 0.372499 0.140874 -0.044216 0.256233 0.170215 0.652768 0.191135 0.557844 0.222538 0.341119 -0.079698 0.195432 0.026355 0.012388 0.122896 0.058926 -0.242707 -0.300234 -0.249815 -0.076317 -0.160916 -0.311737 -0.112925 0.028447 -0.438580 -0.317651 -0.126985 -0.244930 -0.046193 0.090660 0.135043 0.377570 0.015604 0.242700 0.060720 0.363858 0.015923 -0.368596 0.060508 -0.207206 -0.280600 -0.331457 0.011604 -0.244324 0.220893 -0.154935 0.049269 -0.199457 0.353816 0.133385 -0.031963 -0.205652 0.001660 -0.135019 -0.264266 -0.145618 -0.219772 -0.088221 0.003855 -0.075715 -0.196712 0.000474
-0.019155 -0.349824 1.000000 -0.044992 0.580436 0.005678 0.511500 0.099354 0.464530 0.087955 0.088638 -0.132623 -0.004828 -0.106260 0.141226 0.054114 -0.295108 0.039557 0.322041 0.156262 0.320383 0.101823 0.085560 0.190248 0.254879 0.213220 0.417088 0.167407 -0.036083 -0.022334 0.432616 0.393133 -0.108148 0.390172 0.056917 0.348934 -0.181069 -0.092321 0.123087 -0.044097 -0.141695 -0.118481 -0.104358 -0.157846 -0.297560 -0.257823 -0.024602 0.005078 -0.070975 -0.380286 0.033465 -0.251456 0.054491 0.197408 -0.270356 -0.365931 -0.391704 0.012862 -0.115116 -0.404655 0.145947 -0.129976 -0.125542 -0.051453 0.160972 0.030769 -0.228467 -0.090564 -0.350922 -0.154998 0.214667 0.154840 -0.013884 0.025341 0.102381 0.257424 0.052454 0.084394 0.024288 0.117144 -0.295939 -0.021359 -0.129741 -0.258376 -0.418034 -0.502741 -0.117531 -0.253795 -0.097399 -0.175319 0.125234 0.475177 0.099635 0.320412 0.317526 0.293612 -0.203012 0.133787 -0.375097 -0.117161 0.012746 -0.020315 -0.177615 -0.111502 0.137831 0.337063 -0.015129 0.158422 0.042449 -0.026441 0.069942 0.047782 -0.010414 0.166631 0.288693 0.076374
-0.083281 0.259043 -0.044992 1.000000 0.069618 0.431433 0.033735 0.609085 0.185746 0.437845 0.044475 0.240376 0.012213 0.165626 0.185991 0.344342 -0.009600 -0.339552 -0.011535 -0.085371 -0.189128 -0.075686 0.076547 0.438650 -0.042881 -0.046213 0.027427 0.082071 -0.335906 -0.330287 -0.305218 -0.183103 -0.206598 -0.195949 -0.230277 -0.064168 -0.335927 -0.431702 -0.344900 -0.397468 -0.258383 -0.254353 -0.175750 -0.204651 -0.095916 -0.069831 -0.168210 -0.050943 0.191920 -0.045887 0.257963 0.172546 0.057764 0.009424 0.057981 -0.239204 -0.374609 0.053648 0.071450 0.258076 0.079958 0.127998 -0.064833 -0.139422 0.085303 0.352174 0.051688 0.359742 -0.135521 0.049785 -0.159399 -0.229330 -0.313460 -0.248909 -0.360222 -0.367496 -0.389626 -0.338136 -0.525759 -0.456593 -0.227644 -0.369225 -0.118201 -0.046066 0.071987 0.234051 0.146123 0.128067 0.374184 0.273608 0.405100 0.136206 0.571550 0.172055 -0.174011 -0.318946 -0.328210 -0.281422 -0.120330 -0.303611 0.125599 -0.278143 0.010508 -0.049993 0.140653 -0.066658 0.173388 0.043055 -0.164533 -0.334245 -0.138918 -0.094465 -0.099923 -0.061215 -0.260209 0.019363
-0.155552 -0.323952 0.580436 0.069618 1.000000 0.111400 0.535290 0.175047 0.775410 0.377110 -0.089953 -0.142060 -0.077375 -0.238526 0.030607 0.007101 -0.223122 -0.042538 0.195607 0.229094 0.129120 -0.329293 -0.152447 0.151261 0.345172 -0.039371 0.341461 -0.167625 0.047001 0.036933 0.301915 0.263491 -0.123574 0.250172 -0.099045 0.083068 -0.246258 -0.292037 0.031746 -0.255285 -0.324086 -0.086575 0.021541 0.002884 -0.081146 -0.041612 0.236437 0.102449 -0.072946 -0.109932 0.075352 -0.238526 0.125143 0.037767 -0.157116 -0.125397 -0.328775 0.096600 0.162678 -0.126990 0.254209 -0.094281 0.030848 0.026593 0.130680 -0.034545 -0.167559 -0.121238 -0.243564 0.125014 0.153231 0.065106 0.014296 -0.084807 -0.205950 0.039840 -0.097166 0.014146 0.087929 0.111602 -0.113187 0.121329 -0.194712 -0.062094 -0.494206 -0.527460 -0.171733 -0.252224 -0.172460 -0.277820 0.274372 0.448979 0.179808 0.326796 0.096824 0.397756 -0.003370 0.098762 -0.138579 0.003342 0.139763 0.044253 -0.088025 -0.234334 -0.014977 0.076272 -0.283087 0.010941 0.234576 0.208473 -0.046758 0.219541 0.009939 -0.021175 -0.040418 0.040291
-0.171535 0.007913 0.005678 0.431433 0.111400 1.000000 0.022393 0.436007 0.375734 0.489574 -0.046401 0.320948 -0.368946 -0.066759 0.201062 0.266106 -0.184927 -0.351478 -0.450051 -0.524792 0.158859 0.178810 0.099431 0.515387 0.377041 0.465996 0.488064 0.447917 -0.679717 -0.612760 -0.303952 -0.097844 -0.401772 -0.310088 0.117123 0.208777 -0.473913 -0.443669 -0.300411 -0.254075 -0.314657 -0.384091 -0.193565 -0.241904 -0.098697 0.074157 -0.192639 -0.092002 0.008236 -0.161963 0.205926 -0.144986 -0.137492 -0.153476 -0.227367 -0.260729 -0.064644 0.160997 0.260167 0.233952 0.025210 0.092285 -0.272173 -0.258003 -0.154298 0.612677 0.142929 0.485207 -0.101760 0.144352 -0.156338 -0.300068 -0.701415 -0.523102 -0.407185 -0.323001 -0.513329 -0.438860 -0.135774 -0.211685 -0.106060 -0.250472 -0.239389 -0.423751 0.092653 0.087798 0.346633 0.170806 0.384449 0.371624 0.282841 0.235783 0.686621 0.329041 -0.017363 -0.071042 -0.226768 0.006142 -0.277375 -0.194604 -0.035742 -0.192698 -0.056740 0.012025 0.178495 0.236437 0.068037 0.298737 -0.021033 -0.042944 0.051698 -0.196515 -0.103231 -0.022322 0.010959 0.105234
0.202883 -0.363575 0.511500 0.033735 0.535290 0.022393 1.000000 0.395216 0.593412 0.484228 0.083928 0.137459 0.130623 0.003406 0.096095 0.167237 0.080746 -0.025525 0.322285 0.182654 0.061744 -0.334030 -0.205811 -0.146981 0.047275 -0.220417 0.172138 -0.336406 0.274148 0.198711 0.152735 0.155735 0.291452 0.366912 -0.062988 0.117382 -0.183665 -0.343636 -0.064347 -0.204511 -0.280357 -0.102650 -0.207558 -0.198182 -0.184411 -0.175682 0.065789 -0.136148 -0.226172 -0.213542 -0.106009 -0.095711 0.016281 0.279278 -0.402665 -0.183336 -0.224471 -0.298719 0.223044 -0.179912 0.433019 0.124385 0.151241 -0.070232 0.285187 0.169744 -0.039796 -0.178484 -0.308825 -0.302212 0.094710 -0.074474 0.287155 -0.011867 0.071359 0.234597 0.151012 -0.014998 0.232966 0.122790 0.011018 0.031273 -0.184140 0.004012 -0.318249 -0.440662 -0.119359 -0.196979 -0.088701 -0.288004 0.209145 0.526115 0.232752 0.244284 0.048163 0.170617 -0.157789 -0.057791 -0.305839 0.073130 0.085023 0.081000 -0.319189 -0.118891 -0.068686 0.124876 -0.057775 0.013867 0.078319 0.100721 -0.141412 -0.034522 -0.080715 -0.071097 0.077519 0.176505
0.054386 0.196557 0.099354 0.609085 0.175047 0.436007 0.395216 1.000000 0.214132 0.683080 -0.023456 0.633864 0.141504 0.451745 -0.049168 0.477190 -0.007418 -0.208903 -0.082231 -0.057402 -0.263767 -0.254491 -0.366913 0.086579 -0.175686 -0.125346 0.044392 -0.023380 -0.295949 -0.117386 -0.277230 -0.179240 -0.048353 0.013235 -0.234204 0.147886 -0.407403 -0.466320 -0.411522 -0.234699 -0.464826 -0.276615 -0.433938 -0.412467 -0.299255 -0.116835 -0.259480 -0.193566 -0.019096 -0.304178 -0.202821 -0.062514 -0.125066 -0.107236 -0.217352 -0.347446 -0.385718 -0.241416 0.348281 0.292968 0.466294 0.616429 -0.072886 -0.135068 -0.065638 0.730129 0.092197 0.386240 -0.183045 -0.134783 -0.044744 -0.194430 -0.196543 -0.059233 -0.111892 0.040133 -0.035207 -0.105081 -0.145403 -0.227164 -0.261263 -0.365999 -0.425462 -0.126745 -0.260193 -0.201568 0.012060 0.007139 0.159141 0.126815 0.524441 0.325206 0.766364 0.337433 -0.130198 -0.099412 -0.299608 -0.171005 -0.279866 -0.030350 0.211593 -0.112265 -0.113690 -0.012222 0.006992 0.118599 0.139369 0.019683 0.020564 -0.031984 -0.207173 -0.062861 -0.044237 0.062726 -0.021222 0.074714
-0.104561 -0.286257 0.464530 0.185746 0.775410 0.375734 0.593412 0.214132 1.000000 0.472907 0.173770 0.025130 -0.084427 -0.210950 0.341485 0.209541 -0.098752 -0.128173 0.016937 -0.037680 0.154944 -0.229538 0.087542 0.333866 0.287393 -0.000095 0.490536 -0.104088 -0.049798 -0.173084 0.093094 0.205838 -0.165553 0.053520 -0.040339 0.050900 -0.366534 -0.396626 -0.036532 -0.324666 -0.288465 -0.090807 -0.116384 -0.132432 -0.098706 -0.061733 0.152001 -0.031065 0.012286 -0.069289 0.230259 -0.033379 0.198689 0.282022 -0.127602 -0.182053 -0.252744 0.196359 0.240218 -0.108250 0.333489 -0.054043 -0.079698 -0.126460 0.301506 0.208477 -0.163537 -0.133760 -0.167037 0.141613 -0.022475 -0.179408 -0.179883 -0.370507 -0.401365 -0.121379 -0.282334 -0.239413 0.062551 -0.053264 -0.043037 0.058457 -0.030783 -0.046688 -0.210006 -0.308450 0.053836 0.019893 0.170628 -0.036000 0.133646 0.423411 0.253006 0.187732 -0.022514 0.182180 -0.140740 -0.001782 -0.250909 -0.324897 -0.088219 -0.229459 -0.311202 -0.329105 -0.067771 0.135266 -0.186123 0.100780 0.132868 0.051500 -0.028948 -0.065398 -0.210553 -0.033797 -0.080046 0.069219
0.014464 0.001131 0.087955 0.437845 0.377110 0.489574 0.484228 0.683080 0.472907 1.000000 -0.103371 0.292706 -0.092454 0.068343 0.073676 0.289444 0.026946 -0.237160 -0.004963 -0.017139 -0.095841 -0.311112 -0.330816 0.145178 0.217287 -0.078658 0.000963 -0.276768 -0.140025 -0.084071 -0.014025 0.029868 -0.069737 0.018200 -0.131578 0.018025 -0.380628 -0.677052 -0.429753 -0.422902 -0.427811 -0.381214 -0.225253 -0.286486 -0.042991 0.026542 0.011817 -0.246465 0.015752 -0.041664 -0.102803 -0.053364 0.069564 -0.010877 -0.230385 -0.264677 -0.203347 -0.162291 0.449635 0.261420 0.393494 0.356417 -0.032262 -0.229855 0.083578 0.432770 0.217768 0.161488 -0.277160 -0.048300 -0.015058 -0.348812 -0.095043 -0.214756 -0.147530 -0.072143 -0.155319 -0.284179 -0.087850 -0.086993 0.011955 -0.115301 -0.311314 -0.156112 -0.253355 -0.324736 0.091006 -0.149485 0.178673 -0.054635 0.496726 0.316382 0.655962 0.271325 -0.007078 0.082134 -0.256054 -0.010213 -0.190562 -0.009602 0.166936 -0.137408 -0.210950 -0.165742 -0.004550 0.198558 -0.070154 0.124650 0.093808 0.109104 -0.421862 -0.063107 -0.005151 -0.066946 0.003201 0.275122
0.236981 0.018172 0.088638 0.044475 -0.089953 -0.046401 0.083928 -0.023456 0.173770 -0.103371 1.000000 0.285327 0.500782 0.291744 0.762910 0.540957 0.081736 -0.019248 0.025603 0.126957 -0.010104 0.020159 0.454128 0.241983 -0.308890 -0.129897 0.320150 0.157004 0.188270 -0.064513 -0.167601 -0.058526 -0.199596 -0.097004 -0.171876 0.052604 -0.039204 0.182472 0.235911 0.013434 0.199386 0.224964 -0.325979 -0.334413 -0.443991 -0.447027 -0.215872 -0.237843 -0.193179 -0.410351 -0.101716 -0.084355 0.125208 0.246748 0.138079 -0.196029 -0.027181 0.021053 -0.045474 -0.290415 0.344259 0.121423 -0.076226 -0.158817 0.490010 0.172678 -0.421625 -0.289890 -0.097082 -0.088249 -0.322768 -0.265605 -0.003280 -0.175575 -0.065216 0.061020 0.002188 0.043963 -0.131306 -0.069724 -0.165681 -0.229974 0.583395 0.263531 0.470984 0.243245 0.349924 0.506275 0.456741 0.427162 -0.158730 0.183939 -0.018037 -0.073785 -0.027083 -0.081703 -0.269202 -0.031602 -0.402249 -0.334628 -0.368284 -0.244854 -0.370367 0.064398 -0.088190 0.214034 0.027162 0.043947 -0.155932 -0.172571 0.108558 -0.274572 -0.413260 0.004901 -0.014792 0.166866
0.295296 0.368507 -0.132623 0.240376 -0.142060 0.320948 0.137459 0.633864 0.025130 0.292706 0.285327 1.000000 0.347014 0.719528 0.067425 0.702729 0.023691 -0.162709 -0.307354 -0.177171 -0.255882 -0.101013 -0.166019 0.111034 -0.360980 -0.135265 0.078208 0.036916 -0.192569 0.001225 -0.342680 -0.193123 -0.128115 -0.219945 -0.316452 -0.051751 -0.355335 -0.162809 -0.208150 -0.008345 -0.187394 -0.048294 -0.410824 -0.363168 -0.293992 -0.107828 -0.232900 -0.250926 0.049736 -0.222373 -0.335386 -0.076657 0.033544 -0.110010 -0.115191 -0.198888 -0.182140 -0.287885 0.301801 0.235158 0.475483 0.685777 -0.112716 -0.191965 -0.064337 0.718924 -0.070428 0.126734 -0.065470 -0.150056 -0.181431 -0.268613 -0.230316 -0.052186 -0.026317 0.121734 0.063371 -0.016668 -0.073865 -0.135087 -0.253004 -0.347820 -0.088166 0.113127 0.012767 0.138836 0.300116 0.473082 0.084515 0.366639 0.120498 0.029747 0.409042 0.084135 -0.154334 -0.083328 -0.146987 -0.039952 -0.202078 -0.028682 -0.048103 -0.201092 -0.219002 0.014484 -0.123589 0.137213 0.175260 0.057383 -0.030975 0.100471 -0.127777 -0.214548 -0.085397 0.143778 0.102437 -0.000503
0.353516 0.253469 -0.004828 0.012213 -0.077375 -0.368946 0.130623 0.141504 -0.084427 -0.092454 0.500782 0.347014 1.000000 0.703640 0.142997 0.324096 0.145061 0.022844 0.293398 0.347505 -0.357202 -0.436797 -0.131015 -0.241835 -0.530290 -0.494821 -0.209329 -0.285681 0.321453 0.191408 -0.178738 -0.228584 0.220835 0.176687 -0.478260 -0.229728 0.110983 0.233164 0.123487 0.090600 0.058689 0.224501 -0.334945 -0.280960 -0.407887 -0.451521 -0.219593 -0.241961 -0.070845 -0.266369 -0.334224 -0.000514 0.079380 -0.090402 0.327028 -0.152455 -0.111771 -0.266408 -0.059038 -0.006011 0.612630 0.406769 0.313079 -0.017492 0.266908 0.068313 -0.216500 -0.251771 0.134485 -0.137996 -0.056135 -0.129816 0.319337 0.179337 0.220731 0.090125 0.329339 0.258261 -0.119240 -0.038622 -0.040221 -0.191108 0.250354 0.292992 0.058117 0.189032 0.024567 0.194431 0.029224 0.250878 -0.066599 -0.065262 -0.124614 -0.052447 -0.045851 -0.080146 -0.183588 -0.043214 -0.298462 0.026057 0.035387 0.071917 -0.174345 0.121564 -0.049244 -0.015100 -0.132845 -0.102891 -0.182022 -0.062433 -0.065409 0.151741 -0.143106 0.030221 -0.059642 0.257520
0.225043 0.389788 -0.106260 0.165626 -0.238526 -0.066759 0.003406 0.451745 -0.210950 0.068343 0.291744 0.719528 0.703640 1.000000 0.055606 0.557816 0.050709 -0.063722 -0.076398 0.183298 -0.280648 -0.159723 -0.161213 0.039761 -0.467445 -0.222277 -0.133099 -0.068145 -0.005194 0.089215 -0.221417 -0.119476 0.018312 0.061035 -0.367865 -0.043351 -0.031197 0.145174 0.033767 0.196169 0.032021 0.097914 -0.409779 -0.370672 -0.439489 -0.338243 -0.348664 -0.239411 0.032182 -0.311123 -0.418271 -0.081335 0.027675 -0.172348 0.161132 -0.272478 -0.155069 -0.376836 0.065841 0.167371 0.464488 0.605082 -0.061908 -0.224570 -0.112176 0.383908 -0.047213 0.012114 0.164774 -0.091742 0.014620 -0.092779 -0.020116 0.235463 0.264089 0.127322 0.287027 0.206337 -0.125759 -0.170055 -0.210267 -0.346958 0.032642 0.141094 -0.013829 0.153143 0.160368 0.278078 0.104480 0.351732 0.063610 -0.112538 0.166526 -0.025205 -0.107397 -0.171584 -0.251030 -0.094816 -0.290224 0.014435 -0.069307 -0.099890 -0.212935 0.000772 -0.063470 0.064379 0.020387 -0.024291 -0.096590 -0.053022 -0.102875 0.018018 -0.099564 0.147202 0.052179 0.140729
-0.031725 -0.090726 0.141226 0.185991 0.030607 0.201062 0.096095 -0.049168 0.341485 0.073676 0.762910 0.067425 0.142997 0.055606 1.000000 0.557793 -0.060040 -0.135043 -0.057873 0.119127 0.163042 0.138246 0.679091 0.502499 0.101859 0.139756 0.524820 0.272873 0.024142 -0.282928 -0.123547 0.032534 -0.335186 -0.124691 0.000704 0.144295 -0.127369 0.074011 0.297542 0.006909 0.108523 0.206680 -0.367686 -0.415614 -0.421079 -0.423341 -0.312024 -0.298839 -0.165294 -0.374858 0.125539 -0.084284 0.108767 0.204519 -0.024773 -0.241168 -0.062388 0.205456 0.030907 -0.156593 0.157235 -0.052446 -0.250132 -0.230948 0.426546 0.114219 -0.220629 -0.118656 -0.061024 0.158136 -0.238320 -0.282536 -0.234129 -0.308709 -0.259911 -0.091069 -0.204682 -0.076471 -0.213719 -0.208619 -0.187090 -0.248372 0.645439 0.221267 0.507706 0.125600 0.304173 0.377528 0.683848 0.439592 -0.094710 0.249723 0.072633 0.032559 0.048225 -0.014415 -0.279963 0.066350 -0.473783 -0.338432 -0.420480 -0.251813 -0.378479 -0.033345 -0.123334 0.085623 -0.081531 -0.011746 0.008319 -0.190894 0.143844 -0.264187 -0.399950 -0.037006 -0.117492 0.164278
0.014288 0.189176 0.054114 0.344342 0.007101 0.266106 0.167237 0.477190 0.209541 0.289444 0.540957 0.702729 0.324096 0.557816 0.557793 1.000000 -0.003458 -0.116612 -0.125185 0.053228 0.002394 0.060136 0.224393 0.433375 -0.219569 -0.041627 0.328834 0.134108 0.001893 -0.008078 -0.147528 0.054147 -0.205445 -0.066826 -0.304994 0.012865 -0.282708 -0.036110 0.108508 0.046327 -0.016925 0.165198 -0.598740 -0.592118 -0.523329 -0.428297 -0.382102 -0.384462 -0.114409 -0.424539 -0.242231 -0.223744 0.022566 0.002322 -0.170198 -0.363152 -0.247900 -0.004745 0.124845 0.044873 0.399604 0.403056 -0.239746 -0.268599 0.231560 0.540969 -0.212872 -0.043898 -0.165973 0.023094 -0.252450 -0.297920 -0.196349 -0.203959 -0.196115 0.081763 -0.038255 0.014053 -0.128829 -0.179489 -0.311731 -0.329894 0.218276 0.351314 0.145156 0.050802 0.203195 0.398122 0.383891 0.426792 0.113551 0.186277 0.369008 0.110193 -0.020446 -0.038213 -0.291996 -0.026934 -0.427115 -0.268745 -0.172513 -0.274295 -0.350231 -0.038961 -0.141430 0.229498 0.155386 0.031530 -0.034657 -0.061676 -0.131683 -0.244466 -0.229228 0.107843 0.057667 0.056482
0.187754 0.068927 -0.295108 -0.009600 -0.223122 -0.184927 0.080746 -0.007418 -0.098752 0.026946 0.081736 0.023691 0.145061 0.050709 -0.060040 -0.003458 1.000000 0.372801 0.216265 -0.056375 -0.170060 -0.166847 -0.057594 -0.156783 -0.376306 -0.330777 -0.324411 -0.374896 0.315181 0.249979 -0.097060 -0.088327 0.339903 -0.004366 -0.008579 -0.244365 0.117182 -0.171286 -0.153995 -0.101479 0.110026 -0.030818 -0.163782 -0.108238 0.000099 -0.137487 0.060024 -0.205286 0.075535 0.086521 0.003861 0.172223 0.013969 0.153853 0.042793 0.108466 0.403529 -0.095791 0.032771 0.033838 0.216369 0.114972 0.273788 0.105024 0.212526 -0.088458 0.109961 -0.163047 0.253187 0.009762 -0.193987 -0.111511 0.394851 -0.102112 0.100926 -0.087307 -0.034146 -0.184185 0.263156 0.179626 0.637533 0.386468 0.005177 0.152797 0.222253 0.213815 0.059658 -0.151074 0.173692 -0.052076 -0.310961 -0.293165 -0.209830 -0.466007 -0.279282 -0.354574 -0.184819 -0.328067 -0.000451 -0.216887 -0.237394 -0.230640 -0.214535 -0.185049 -0.199644 -0.076948 0.078603 -0.081826 -0.158925 -0.210925 -0.183454 -0.422826 -0.331227 -0.517290 -0.174454 -0.132065
-0.093669 -0.063202 0.039557 -0.339552 -0.042538 -0.351478 -0.025525 -0.208903 -0.128173 -0.237160 -0.019248 -0.162709 0.022844 -0.063722 -0.135043 -0.116612 0.372801 1.000000 0.014806 -0.072369 0.078418 0.097604 -0.047971 -0.242234 -0.227493 -0.030286 -0.061926 -0.046740 0.288094 0.477243 0.186055 0.269113 0.132699 0.235637 0.136523 0.062224 0.269248 0.331065 0.196993 0.314443 0.207404 0.093654 -0.114779 -0.085513 -0.120450 -0.176500 -0.084117 -0.247139 -0.232273 -0.170648 -0.213946 -0.207283 -0.242605 -0.017717 0.001722 0.054059 0.060108 0.225440 -0.401909 -0.224974 0.074967 0.024522 0.316272 0.523572 0.040383 -0.158742 -0.341577 -0.377077 -0.109328 -0.219234 -0.024220 0.118762 0.312798 0.200323 0.088928 0.269659 0.157421 0.218870 0.623174 0.665123 0.272011 0.649859 -0.130585 -0.001497 -0.004304 -0.087607 -0.219607 -0.208431 -0.111864 -0.042697 -0.328096 -0.223247 -0.254349 -0.262986 0.042392 -0.111431 -0.071698 -0.099318 -0.022519 -0.195042 -0.121712 0.031746 -0.076329 -0.081173 -0.062203 0.064704 0.114717 -0.044645 -0.011463 -0.286452 -0.194026 -0.070789 -0.152115 -0.026545 0.059040 -0.127847
0.194169 -0.112941 0.322041 -0.011535 0.195607 -0.450051 0.322285 -0.082231 0.016937 -0.004963 0.025603 -0.307354 0.293398 -0.076398 -0.057873 -0.125185 0.216265 0.014806 1.000000 0.613080 -0.102182 -0.321342 -0.142560 -0.240656 -0.187121 -0.384392 -0.293531 -0.362995 0.389540 0.294103 0.253834 0.014683 0.438467 0.460746 -0.334997 -0.224492 0.227047 -0.118732 -0.074804 -0.179157 0.000614 -0.017947 -0.174760 -0.175184 -0.241707 -0.438680 -0.099636 -0.129162 -0.162985 -0.217853 -0.118906 -0.127351 -0.166254 -0.088375 -0.082507 -0.130717 0.040473 -0.239571 0.012262 0.008626 0.126893 -0.159194 0.446071 0.086117 0.304232 -0.487416 0.261912 -0.020719 0.004979 -0.017181 0.197095 0.060692 0.559726 0.256762 0.296962 0.232936 0.391734 0.221985 -0.146344 -0.028336 0.162552 0.016550 0.054034 0.043825 -0.221632 -0.202036 -0.216903 -0.440922 -0.136734 -0.325863 0.174460 0.266146 -0.203317 0.196462 0.165930 0.109774 -0.225397 0.117347 -0.220906 0.219499 0.291873 0.354762 0.078086 0.294086 0.212188 0.066285 -0.063795 0.111944 -0.095936 -0.032615 -0.269888 0.018794 -0.044474 -0.118177 0.068351 0.264692
0.216738 0.071861 0.156262 -0.085371 0.229094 -0.524792 0.182654 -0.057402 -0.037680 -0.017139 0.126957 -0.177171 0.347505 0.183298 0.119127 0.053228 -0.056375 -0.072369 0.613080 1.000000 -0.107486 -0.332285 -0.043689 -0.147055 -0.083289 -0.261545 -0.136903 -0.238180 0.386463 0.306238 0.335618 0.065317 0.242047 0.415150 -0.254611 -0.122068 0.140820 0.075298 0.175954 0.004302 -0.043180 0.178350 -0.171572 -0.195922 -0.338629 -0.440486 -0.194849 -0.149176 -0.265373 -0.250947 -0.319711 -0.266856 -0.109668 -0.223434 -0.075389 -0.121735 -0.035320 -0.238881 0.142287 0.109903 0.169947 0.009895 0.265978 -0.033892 0.126539 -0.452698 0.126605 -0.112455 0.146822 0.221991 0.269556 0.088327 0.363260 0.465367 0.336352 0.223443 0.437740 0.395306 -0.229624 -0.106343 -0.117989 -0.126199 0.221006 0.266189 -0.210471 -0.311341 -0.177492 -0.220146 -0.135372 -0.254211 0.253091 0.269606 -0.194345 0.212431 0.117657 0.162846 -0.155874 0.160251 -0.188875 0.288826 0.216747 0.369681 0.110002 0.093540 -0.020051 -0.155641 -0.307778 -0.097217 0.066006 0.084233 -0.187777 0.069237 -0.053253 0.023826 -0.123599 0.196307
-0.378083 -0.434906 0.320383 -0.189128 0.129120 0.158859 0.061744 -0.263767 0.154944 -0.095841 -0.010104 -0.255882 -0.357202 -0.280648 0.163042 0.002394 -0.170060 0.078418 -0.102182 -0.107486 1.000000 0.635262 0.366038 0.334461 0.513594 0.605512 0.363027 0.243388 0.128322 0.114708 0.680687 0.735760 -0.074924 0.226253 0.388382 0.280333 0.300730 0.170871 0.501284 0.285770 0.399694 0.041543 0.090843 0.007789 -0.022217 -0.054213 -0.053425 0.051252 -0.131209 -0.161289 0.040201 -0.243665 -0.219176 0.172780 -0.296045 -0.173014 -0.159745 0.183685 -0.423442 -0.351462 -0.390297 -0.507368 -0.363094 -0.239946 -0.010259 -0.115346 -0.130868 -0.133458 -0.246979 -0.089094 0.237514 0.280620 0.060605 0.081610 0.075572 0.231194 0.052420 0.170594 0.304296 0.205642 -0.031814 0.225657 0.024424 0.020343 -0.039627 -0.172387 -0.110846 -0.029745 0.002425 -0.168278 -0.139579 0.086844 0.001927 0.041401 0.112904 0.182491 -0.000655 0.024085 -0.091176 -0.147483 -0.203832 0.038633 -0.031123 -0.312540 -0.017418 0.085611 0.069831 0.160698 -0.039349 -0.012556 0.314855 0.081668 0.094751 0.133801 0.097620 -0.149875
-0.238680 -0.167046 0.101823 -0.075686 -0.329293 0.178810 -0.334030 -0.254491 -0.229538 -0.311112 0.020159 -0.101013 -0.436797 -0.159723 0.138246 0.060136 -0.166847 0.097604 -0.321342 -0.332285 0.635262 1.000000 0.527506 0.437990 0.340189 0.716764 0.349641 0.577266 -0.144747 -0.106666 0.316834 0.433286 -0.117627 -0.002294 0.486042 0.403732 0.186262 0.306809 0.401817 0.346805 0.520277 0.116932 0.072984 0.024955 0.035423 0.073686 -0.207886 0.073497 -0.027561 -0.107626 0.094046 -0.127573 -0.177788 0.079441 -0.203026 -0.110486 0.118201 0.209384 -0.423865 -0.339049 -0.461648 -0.328152 -0.425004 -0.133623 -0.110347 0.051044 -0.063402 0.002638 -0.021062 0.010665 -0.034965 0.190560 -0.231225 -0.073546 0.018261 0.010534 -0.110820 0.005983 0.086144 -0.002679 -0.203496 -0.029752 0.132947 -0.041151 0.251682 0.156512 0.173588 0.260189 0.137628 0.179602 -0.332577 -0.198745 -0.024165 -0.125186 -0.120865 -0.200848 -0.051664 -0.191733 -0.069180 -0.224014 -0.268605 -0.161057 -0.059452 -0.122968 -0.107787 0.081850 0.272886 0.063029 -0.209556 -0.227761 0.311259 -0.033302 0.133561 0.184821 -0.002778 -0.355858
-0.134704 -0.168556 0.085560 0.076547 -0.152447 0.099431 -0.205811 -0.366913 0.087542 -0.330816 0.454128 -0.166019 -0.131015 -0.161213 0.679091 0.224393 -0.057594 -0.047971 -0.142560 -0.043689 0.366038 0.527506 1.000000 0.627876 0.228273 0.351990 0.489105 0.422278 -0.004808 -0.271597 -0.001244 0.118831 -0.291742 -0.298315 0.284507 0.064371 0.051661 0.223205 0.388529 0.096794 0.399198 0.251743 -0.045759 -0.063931 -0.125254 -0.173879 -0.237824 -0.031147 0.011669 -0.092732 0.428965 0.115340 0.141950 0.272817 -0.038714 -0.117728 0.065504 0.270998 -0.269767 -0.317883 -0.196427 -0.376539 -0.331349 -0.201121 0.341492 -0.104540 -0.202091 -0.123448 0.090357 0.198811 -0.277248 -0.143170 -0.229519 -0.267433 -0.226996 -0.172432 -0.287922 -0.181237 -0.123955 -0.213619 -0.177669 -0.088313 0.606421 0.248253 0.555598 0.352753 0.288168 0.386694 0.478902 0.362104 -0.397293 -0.000022 -0.177507 -0.129563 -0.187669 -0.181628 -0.172607 -0.145958 -0.248538 -0.360272 -0.490410 -0.216389 -0.233511 -0.135527 -0.205987 -0.086472 0.088683 -0.004774 -0.195334 -0.305230 0.293448 -0.238197 -0.328293 0.033401 -0.188460 -0.220693
-0.359899 -0.160882 0.190248 0.438650 0.151261 0.515387 -0.146981 0.086579 0.333866 0.145178 0.241983 0.111034 -0.241835 0.039761 0.502499 0.433375 -0.156783 -0.242234 -0.240656 -0.147055 0.334461 0.437990 0.627876 1.000000 0.357757 0.420231 0.524946 0.397559 -0.357862 -0.447625 0.020349 0.274096 -0.564651 -0.249108 0.165491 0.196573 -0.199744 -0.115119 0.136008 -0.132143 0.144996 0.024288 -0.098491 -0.161045 -0.137919 -0.062564 -0.179965 0.059031 0.141470 -0.147657 0.279127 -0.131403 0.107548 0.105963 -0.144170 -0.354667 -0.122847 0.136680 -0.131222 -0.197643 -0.149739 -0.248580 -0.561968 -0.484924 0.075962 0.191109 -0.165942 0.176870 -0.040017 0.302541 -0.107478 -0.103799 -0.532304 -0.327943 -0.272071 -0.170740 -0.411655 -0.306901 -0.225464 -0.307439 -0.273311 -0.227942 0.243786 -0.048459 0.181913 0.133880 0.435831 0.233215 0.468743 0.342077 0.087022 0.196579 0.312707 0.129964 -0.023782 -0.113141 -0.384060 -0.085182 -0.328111 -0.373443 -0.270743 -0.379659 -0.299325 -0.238967 -0.014860 0.233207 0.160880 0.223551 0.004865 -0.270826 0.080760 -0.154022 -0.228226 0.124863 -0.018737 -0.031310
-0.306414 -0.401067 0.254879 -0.042881 0.345172 0.377041 0.047275 -0.175686 0.287393 0.217287 -0.308890 -0.360980 -0.530290 -0.467445 0.101859 -0.219569 -0.376306 -0.227493 -0.187121 -0.083289 0.513594 0.340189 0.228273 0.357757 1.000000 0.664592 0.338746 0.247072 -0.158743 -0.272320 0.402691 0.386397 -0.139360 0.112029 0.346746 0.253101 0.002478 -0.161261 0.237751 -0.076520 0.017781 -0.094537 0.256455 0.186704 0.269972 0.284650 0.076371 0.120810 0.001929 0.145217 0.212118 -0.164703 -0.051579 -0.104223 -0.274893 -0.003671 0.061349 0.146013 -0.045575 -0.125991 -0.305593 -0.419313 -0.245736 -0.166154 -0.145894 -0.137562 0.094410 0.072056 -0.127721 0.206316 0.089907 -0.005654 -0.243027 -0.166844 -0.076126 -0.171122 -0.288940 -0.220449 0.107086 0.026279 0.002203 0.064364 0.010279 -0.199707 -0.066503 -0.253932 -0.010626 -0.116433 0.009183 -0.173746 0.044473 0.081078 0.100694 0.149821 0.106482 0.222047 0.086147 0.107428 0.011767 0.078206 -0.079497 0.010789 -0.039786 -0.319102 -0.108935 -0.116619 -0.294674 -0.035024 0.238759 0.164725 0.184225 0.119630 0.131736 -0.012912 -0.122448 -0.046862
-0.239086 -0.090519 0.213220 -0.046213 -0.039371 0.465996 -0.220417 -0.125346 -0.000095 -0.078658 -0.129897 -0.135265 -0.494821 -0.222277 0.139756 -0.041627 -0.330777 -0.030286 -0.384392 -0.261545 0.605512 0.716764 0.351990 0.420231 0.664592 1.000000 0.512113 0.759762 -0.420892 -0.363049 0.321341 0.339194 -0.216461 0.072089 0.461283 0.432578 0.056640 0.134856 0.375521 0.277488 0.165720 -0.039344 0.064256 -0.008226 -0.048440 0.047157 -0.230741 0.002364 -0.186204 -0.172464 0.120489 -0.333188 -0.319025 -0.184551 -0.225535 -0.123222 0.105736 0.318800 -0.219889 -0.131915 -0.362621 -0.252609 -0.335843 -0.114204 -0.236061 0.111946 -0.050943 0.130806 -0.049562 0.147856 -0.030892 -0.024276 -0.486417 -0.188856 -0.088316 -0.121951 -0.333519 -0.095081 0.055471 -0.044795 -0.107399 -0.029153 -0.033360 -0.296834 0.143785 0.031937 0.086861 0.124559 0.124412 0.147548 -0.092114 -0.085736 0.138921 0.033004 0.051581 -0.002375 0.031013 0.001848 -0.150675 -0.170283 -0.244826 -0.072007 0.063197 -0.194632 -0.066345 -0.013930 -0.061718 0.051470 -0.009221 -0.091923 0.371353 -0.012725 0.072992 0.168358 -0.012886 -0.108920
-0.048676 -0.154580 0.417088 0.027427 0.341461 0.488064 0.172138 0.044392 0.490536 0.000963 0.320150 0.078208 -0.209329 -0.133099 0.524820 0.328834 -0.324411 -0.061926 -0.293531 -0.136903 0.363027 0.349641 0.489105 0.524946 0.338746 0.512113 1.000000 0.605473 -0.342075 -0.416752 -0.028438 0.115395 -0.393755 -0.105917 0.230468 0.365336 -0.271889 0.123439 0.347904 0.193931 -0.030706 0.115985 -0.306872 -0.282482 -0.423231 -0.277043 -0.276776 -0.065698 -0.320452 -0.441343 0.120544 -0.360747 -0.111310 0.020623 -0.180719 -0.136521 -0.109634 0.342626 0.088939 -0.158404 0.068138 -0.063025 -0.314421 -0.094520 0.049116 0.327667 -0.304119 -0.039339 -0.091422 0.149166 -0.192195 -0.118415 -0.548013 -0.374965 -0.372593 -0.093192 -0.302938 -0.053247 0.046904 -0.023451 -0.356014 -0.136779 0.078618 -0.140898 0.084384 -0.105192 0.120292 0.223669 0.317083 0.325632 0.018238 0.428809 0.298671 0.341265 0.015873 0.096214 -0.104053 -0.038792 -0.410547 -0.202382 -0.279601 -0.121923 -0.147662 -0.010282 -0.056832 0.185016 -0.065592 0.065817 0.071449 -0.078271 0.284247 -0.123717 -0.184284 0.078495 -0.030871 -0.133812
-0.085018 0.068334 0.167407 0.082071 -0.167625 0.447917 -0.336406 -0.023380 -0.104088 -0.276768 0.157004 0.036916 -0.285681 -0.068145 0.272873 0.134108 -0.374896 -0.046740 -0.362995 -0.238180 0.243388 0.577266 0.422278 0.397559 0.247072 0.759762 0.605473 1.000000 -0.609207 -0.505483 -0.105813 -0.053020 -0.406779 -0.173570 0.186757 0.345507 -0.138730 0.209397 0.197522 0.193674 0.010381 -0.075087 -0.124490 -0.168602 -0.308594 -0.170052 -0.401739 -0.019464 -0.205629 -0.359360 0.187782 -0.290274 -0.261086 -0.202510 -0.111991 -0.198799 0.018435 0.301940 -0.063378 -0.063102 -0.246714 -0.089706 -0.283750 -0.033553 -0.251576 0.248344 -0.178476 0.223212 -0.032629 0.128394 -0.199684 -0.069006 -0.629480 -0.206482 -0.165738 -0.100436 -0.323494 -0.083103 -0.165508 -0.146077 -0.304445 -0.250793 -0.006188 -0.371589 0.277633 0.192795 0.186658 0.266383 0.261910 0.473924 -0.019815 0.071087 0.197683 0.204174 0.110469 -0.078223 -0.086793 0.054916 -0.306152 -0.215943 -0.153764 -0.035597 0.193582 0.151799 0.142133 0.137159 0.099348 0.168384 -0.116026 -0.204343 0.338435 -0.146455 -0.096467 0.215737 0.109541 -0.086279
0.040277 -0.210927 -0.036083 -0.335906 0.047001 -0.679717 0.274148 -0.295949 -0.049798 -0.140025 0.188270 -0.192569 0.321453 -0.005194 0.024142 0.001893 0.315181 0.288094 0.389540 0.386463 0.128322 -0.144747 -0.004808 -0.357862 -0.158743 -0.420892 -0.342075 -0.609207 1.000000 0.740735 0.418200 0.317088 0.572793 0.382192 -0.017783 -0.176544 0.449457 0.294181 0.404737 0.242491 0.472203 0.492133 0.076807 0.115053 0.121997 -0.075515 0.229438 -0.071815 -0.144488 0.117405 -0.278180 0.078798 0.061037 0.236544 -0.003210 0.236027 0.030776 -0.158369 -0.315857 -0.303152 0.072925 -0.145657 0.193335 0.109787 0.422935 -0.449537 -0.099097 -0.568478 -0.024716 -0.146992 0.053796 0.185344 0.858838 0.226838 0.274408 0.196594 0.408147 0.320499 0.367313 0.273753 0.226272 0.311078 0.366986 0.668181 -0.018282 -0.125216 -0.329825 -0.135149 -0.259680 -0.415410 -0.324965 -0.170132 -0.489665 -0.353410 -0.169749 0.053732 0.181189 -0.123659 0.133414 0.011249 -0.071095 0.080002 -0.214777 -0.203544 -0.365592 -0.233499 -0.081857 -0.344457 0.035529 0.153413 -0.035062 0.130622 0.097504 -0.127126 -0.161482 -0.058854
0.111862 -0.073441 -0.022334 -0.330287 0.036933 -0.612760 0.198711 -0.117386 -0.173084 -0.084071 -0.064513 0.001225 0.191408 0.089215 -0.282928 -0.008078 0.249979 0.477243 0.294103 0.306238 0.114708 -0.106666 -0.271597 -0.447625 -0.272320 -0.363049 -0.416752 -0.505483 0.740735 1.000000 0.497715 0.398192 0.463972 0.426281 -0.159238 -0.242692 0.328292 0.204736 0.168557 0.240924 0.308315 0.227112 0.063314 0.086529 0.087832 -0.068154 0.251840 -0.070553 -0.111449 0.091672 -0.413701 -0.050201 -0.028543 0.060317 -0.093279 0.183760 -0.123568 -0.254657 -0.244828 -0.131852 0.060318 0.043041 0.314705 0.230432 0.118445 -0.335915 -0.114090 -0.523618 -0.208938 -0.367494 0.267193 0.318483 0.792834 0.572772 0.395746 0.433156 0.570544 0.493940 0.376976 0.495340 0.140151 0.420853 0.017294 0.432869 -0.218121 -0.217410 -0.296962 -0.133102 -0.467488 -0.436128 -0.235487 -0.124198 -0.354534 -0.187246 -0.091151 0.121318 0.229409 -0.001565 0.243339 0.163719 0.141093 0.151321 -0.024298 -0.186411 -0.202229 -0.108296 0.094227 -0.144190 -0.007788 0.197408 -0.194735 0.136127 0.253048 0.010205 0.021500 -0.128666
-0.133343 -0.275512 0.432616 -0.305218 0.301915 -0.303952 0.152735 -0.277230 0.093094 -0.014025 -0.167601 -0.342680 -0.178738 -0.221417 -0.123547 -0.147528 -0.097060 0.186055 0.253834 0.335618 0.680687 0.316834 -0.001244 0.020349 0.402691 0.321341 -0.028438 -0.105813 0.418200 0.497715 1.000000 0.840377 0.183360 0.557227 0.197418 0.100409 0.301988 0.080592 0.409662 0.160563 0.314927 0.070516 0.173208 0.072712 0.064167 -0.051385 0.144159 0.018435 -0.119721 -0.019546 -0.214483 -0.284763 -0.105705 0.079967 -0.288587 -0.123359 -0.116767 0.010254 -0.370562 -0.359024 -0.235907 -0.388860 -0.055677 -0.119125 0.102437 -0.393211 -0.114677 -0.335778 -0.200527 -0.029149 0.423260 0.394449 0.418848 0.368557 0.310499 0.351298 0.276916 0.360536 0.234479 0.279437 0.089784 0.381356 0.014213 0.134259 -0.304046 -0.392410 -0.231030 -0.228793 -0.377456 -0.485168 -0.102142 -0.012713 -0.266149 -0.068095 0.115453 0.281733 0.064440 0.105440 0.038382 -0.025549 0.030887 0.070210 0.001445 -0.410150 -0.132637 0.025193 -0.122163 0.042062 0.036678 0.185496 0.046440 0.176089 0.272630 0.171288 0.082701 -0.068801
-0.289452 -0.377185 0.393133 -0.183103 0.263491 -0.097844 0.155735 -0.179240 0.205838 0.029868 -0.058526 -0.193123 -0.228584 -0.119476 0.032534 0.054147 -0.088327 0.269113 0.014683 0.065317 0.735760 0.433286 0.118831 0.274096 0.386397 0.339194 0.115395 -0.053020 0.317088 0.398192 0.840377 1.000000 0.029468 0.486989 0.279100 0.242381 0.163981 0.051789 0.392496 0.160718 0.369481 0.025168 0.127065 0.031587 0.071125 -0.012469 0.106075 0.036009 -0.088637 -0.064694 -0.187864 -0.310827 -0.120342 0.178220 -0.336531 -0.194462 -0.157031 0.033353 -0.480695 -0.464799 -0.262066 -0.365540 -0.231621 -0.192356 0.107947 -0.180384 -0.245141 -0.319364 -0.303412 -0.108807 0.295689 0.377040 0.260061 0.223061 0.173290 0.380363 0.138500 0.269371 0.370697 0.299118 0.083043 0.398167 0.061891 0.112409 -0.125448 -0.314376 -0.033644 -0.098596 -0.122845 -0.247640 -0.208270 -0.010056 -0.168432 -0.139428 0.088975 0.119216 -0.090423 0.023042 -0.042954 -0.219304 -0.124524 -0.174831 -0.249649 -0.484823 -0.182421 0.175388 0.040359 0.044800 0.057372 0.041680 0.036849 0.112542 0.205428 0.170746 0.169452 -0.100158
0.238553 0.001097 -0.108148 -0.206598 -0.123574 -0.401772 0.291452 -0.048353 -0.165553 -0.069737 -0.199596 -0.128115 0.220835 0.018312 -0.335186 -0.205445 0.339903 0.132699 0.438467 0.242047 -0.074924 -0.117627 -0.291742 -0.564651 -0.139360 -0.216461 -0.393755 -0.406779 0.572793 0.463972 0.183360 0.029468 1.000000 0.564012 -0.004239 -0.076889 0.318398 0.057100 0.114924 0.128863 0.172973 0.170697 -0.047846 0.006419 0.117479 -0.069927 -0.002794 -0.150620 -0.117557 0.086097 -0.165790 0.131923 -0.226025 -0.073872 -0.013906 0.186037 0.293880 -0.216992 -0.100046 0.045254 0.169443 0.059333 0.480898 0.225342 0.198225 -0.245965 0.366934 -0.137506 0.273355 -0.073380 0.038593 0.039409 0.617011 0.135708 0.300832 -0.045774 0.314181 0.159321 0.216243 0.105512 0.319345 0.157612 -0.010758 0.311080 -0.078013 0.003722 -0.333023 -0.165192 -0.270520 -0.352775 -0.292330 -0.256621 -0.342351 -0.249371 -0.363256 -0.269999 0.146262 -0.292199 0.054904 0.149277 0.062422 0.238363 0.019191 -0.024442 -0.240495 -0.408767 -0.135940 -0.390456 -0.210445 0.061906 0.037205 0.054330 0.225966 -0.195792 -0.334655 -0.114924
-0.041941 -0.160592 0.390172 -0.195949 0.250172 -0.310088 0.366912 0.013235 0.053520 0.018200 -0.097004 -0.219945 0.176687 0.061035 -0.124691 -0.066826 -0.004366 0.235637 0.460746 0.415150 0.226253 -0.002294 -0.298315 -0.249108 0.112029 0.072089 -0.105917 -0.173570 0.382192 0.426281 0.557227 0.486989 0.564012 1.000000 -0.012425 0.263691 0.216578 0.129775 0.299569 0.172012 0.077190 0.111606 -0.137522 -0.163418 -0.229077 -0.314282 -0.124081 -0.079939 -0.409639 -0.353673 -0.433813 -0.381171 -0.439729 -0.140884 -0.201955 -0.167035 0.016042 -0.130276 -0.326213 -0.198501 0.134490 -0.025475 0.311734 0.197947 0.111938 -0.250064 0.000176 -0.155750 -0.057987 -0.097909 0.399249 0.362402 0.419755 0.325188 0.281986 0.248393 0.398144 0.507467 0.205695 0.255746 0.074991 0.114880 -0.024878 -0.002074 -0.266091 -0.426960 -0.294408 -0.288436 -0.219335 -0.349284 0.014268 0.104809 -0.156679 0.052552 0.092241 0.056804 -0.088941 0.000844 -0.178588 0.122752 0.208093 0.185568 -0.066188 -0.099588 0.003302 -0.014076 -0.188844 -0.148553 0.075248 0.010794 0.041702 0.255782 0.204950 0.018699 -0.033215 0.218250
-0.240090 -0.254090 0.056917 -0.230277 -0.099045 0.117123 -0.062988 -0.234204 -0.040339 -0.131578 -0.171876 -0.316452 -0.478260 -0.367865 0.000704 -0.304994 -0.008579 0.136523 -0.334997 -0.254611 0.388382 0.486042 0.284507 0.165491 0.346746 0.461283 0.230468 0.186757 -0.017783 -0.159238 0.197418 0.279100 -0.004239 -0.012425 1.000000 0.648520 0.011168 0.180297 0.215226 0.201596 0.356631 0.131476 0.256264 0.218812 0.261405 0.344299 0.005409 0.157724 -0.136269 0.049965 0.024089 -0.072349 -0.202398 0.109164 -0.290085 0.121881 0.204631 0.167496 -0.254791 -0.265250 -0.320316 -0.251723 -0.354549 -0.040237 0.017267 0.021739 0.022638 0.067530 0.112811 0.077400 -0.030481 0.147110 -0.151780 -0.153732 0.059317 -0.010656 -0.201615 -0.149846 0.273591 0.003518 -0.033740 0.160073 0.087560 -0.045357 0.169042 -0.049484 0.154335 -0.037347 0.133668 -0.078079 -0.264945 -0.120187 -0.061646 -0.220619 -0.153862 -0.236974 -0.044156 -0.261087 0.005796 -0.165729 -0.288837 -0.081940 -0.191484 -0.090133 -0.288724 -0.113547 0.185447 -0.105464 0.016485 -0.228326 0.234198 -0.050337 0.061010 -0.131992 -0.174627 -0.297558
-0.192991 -0.312464 0.348934 -0.064168 0.083068 0.208777 0.117382 0.147886 0.050900 0.018025 0.052604 -0.051751 -0.229728 -0.043351 0.144295 0.012865 -0.244365 0.062224 -0.224492 -0.122068 0.280333 0.403732 0.064371 0.196573 0.253101 0.432578 0.365336 0.345507 -0.176544 -0.242692 0.100409 0.242381 -0.076889 0.263691 0.648520 1.000000 -0.072130 0.180120 0.200161 0.226264 0.089859 0.067218 -0.026564 -0.059323 -0.164589 0.050611 -0.244268 0.134635 -0.236145 -0.432304 -0.168316 -0.335640 -0.360580 -0.054582 -0.311885 -0.103989 -0.024381 -0.047523 -0.139781 -0.277873 -0.019757 0.002556 -0.345277 -0.051915 -0.092192 0.306655 -0.026687 0.280175 -0.085199 -0.066181 0.032418 0.253856 -0.261019 -0.049663 0.139945 0.180377 -0.027719 0.080918 0.166345 -0.021158 -0.349379 -0.174387 -0.026653 -0.248359 -0.053892 -0.321983 0.122439 -0.046803 0.264798 0.070587 0.057882 0.182290 0.218684 0.157815 0.091550 -0.122720 -0.250997 -0.104680 -0.319261 -0.030028 -0.154618 0.040850 -0.219916 0.078345 -0.124654 0.052754 0.023077 -0.115808 0.151393 -0.240800 0.282499 0.027446 0.030181 -0.037234 -0.057883 -0.162326
