1.000000 0.407442 -0.215556 -0.232131 -0.323581 -0.293302 -0.067482 -0.216452 -0.107813 -0.245831 0.637439 0.250300 0.270436 0.025759 0.416289 0.181329 0.216548 0.214207 0.254460 0.624386 -0.211762 -0.430763 -0.285502 -0.303024 -0.327169 -0.445067 -0.064539 -0.299231 0.522531 0.204034 0.039543 -0.183818 0.078701 -0.028093 -0.104436 -0.267309 0.129747 -0.029338 0.085210 0.016240 0.352862 0.000867 -0.339904 -0.319832 -0.451075 -0.525192 -0.176516 -0.396332 0.040028 -0.393911 -0.269536 -0.302852 0.179378 -0.207967 0.395488 -0.125520 0.260181 -0.014356 0.475574 0.165202 0.333169 0.322587 0.036591 0.317022 -0.117418 -0.197798 -0.075279 -0.416745 0.166710 0.017185 -0.125490 -0.200939 0.391795 -0.024086 0.090785 -0.016275 0.174441 0.082736 -0.094343 -0.084172 0.200760 -0.021415 0.555528 0.352227 0.381790 -0.031797 0.232826 -0.074823 0.121029 0.212880 0.125612 0.110330 -0.218360 -0.015714 -0.275212 -0.103269 -0.067557 -0.280364 -0.079068 0.052717 -0.127965 0.378720 0.113605 0.219293 -0.284577 -0.208644 0.019054 -0.387870 -0.079163 -0.128574 -0.368649 -0.243404 0.133860 -0.000641 -0.254155 -0.171061
0.407442 1.000000 -0.320610 -0.174528 -0.106049 0.049009 -0.241300 -0.239867 -0.072462 0.058213 0.344650 0.417003 0.104769 0.096710 0.177280 0.213643 -0.147249 0.142294 -0.329725 0.514886 -0.425918 -0.456031 -0.458371 -0.287903 -0.147053 -0.408749 0.194395 -0.266336 0.001167 0.119864 -0.187618 -0.447475 0.030123 0.020675 -0.143778 -0.231178 -0.118169 -0.222014 -0.389830 -0.231669 -0.202804 -0.176256 -0.187992 -0.303400 -0.254685 -0.278924 0.045695 -0.303578 0.174126 0.003690 0.003718 0.131730 0.239847 0.175024 0.164909 -0.068812 0.054629 0.333983 0.296973 0.497004 0.121638 0.473835 0.048321 0.512773 -0.226588 0.002073 -0.034486 -0.257681 0.278359 0.019068 -0.200514 -0.260022 -0.077537 -0.048900 0.076326 -0.057838 0.033794 -0.046604 -0.145934 0.177785 -0.119659 -0.037841 0.113817 0.135390 0.115488 -0.011601 0.068800 0.115012 0.083469 0.329069 0.229700 0.035237 0.007419 -0.107386 -0.346242 -0.138268 -0.234770 -0.117549 0.102681 -0.075455 -0.015229 -0.000555 0.310303 0.088526 -0.021300 -0.443160 -0.106944 -0.317423 -0.056776 -0.029435 -0.517622 -0.104322 0.235362 -0.138696 -0.123724 -0.216351
-0.215556 -0.320610 1.000000 0.491311 0.502191 0.338543 0.889174 0.687663 0.496384 0.455180 0.112341 0.100304 0.150270 0.251447 0.147818 0.222217 -0.508990 -0.391431 0.301939 -0.375151 0.201732 0.126971 0.544187 0.357428 0.248450 0.044656 0.234299 0.065542 -0.203009 -0.106065 0.085229 0.190750 -0.357871 -0.046925 -0.028892 0.164069 -0.451439 -0.330018 -0.279245 -0.450709 -0.235154 0.039128 -0.113291 0.011901 -0.098113 0.185546 -0.348310 -0.114301 -0.033020 -0.044231 0.146371 -0.019077 -0.170488 -0.200451 -0.411678 -0.405059 -0.526122 -0.319275 -0.215825 -0.298354 0.284847 0.054202 -0.323593 -0.555713 0.535666 0.491457 -0.022625 0.405457 -0.460872 0.037110 0.398590 0.083442 -0.254585 -0.037377 -0.034479 0.028277 -0.208767 -0.241709 -0.246197 -0.496207 -0.593728 -0.602263 -0.217761 0.126256 0.045320 0.204377 -0.012346 -0.045530 0.296882 0.001074 -0.182201 0.044612 0.412501 0.473656 0.174827 -0.205952 -0.266841 -0.110036 -0.492802 -0.430599 0.104834 0.114631 -0.261851 -0.311879 -0.159417 0.009512 0.112050 0.220109 -0.192489 -0.196394 -0.087717 -0.018564 -0.357343 0.005583 0.087821 0.089441
-0.232131 -0.174528 0.491311 1.000000 0.461206 0.425362 0.434039 0.828723 0.323718 0.694085 -0.070423 0.133966 0.271569 0.557030 -0.171125 0.358539 -0.079817 -0.132937 0.242548 -0.486673 -0.083833 -0.049616 0.034481 0.064476 0.143436 -0.198976 0.110919 -0.234411 -0.240712 0.084632 -0.334371 -0.137960 -0.181052 -0.184590 -0.121533 0.165220 -0.327926 -0.287750 -0.331562 -0.165650 -0.240537 -0.259447 0.096303 0.040541 0.155480 0.288029 0.035347 -0.012057 0.049904 0.212644 0.121725 0.220944 0.072070 -0.011692 -0.215288 -0.090238 -0.393345 -0.507112 -0.295151 -0.316853 0.213328 -0.045816 -0.007176 -0.418826 0.019402 0.606740 -0.291898 0.295755 -0.416324 -0.287400 0.158134 -0.200210 -0.154748 -0.196395 -0.238808 -0.157675 -0.303348 -0.374710 -0.087050 -0.377813 -0.314031 -0.285664 -0.541025 -0.022155 -0.312894 0.043605 -0.390981 -0.170540 -0.135423 0.067865 0.188406 0.126236 0.676196 0.267673 0.083757 -0.029774 -0.284702 -0.085750 -0.022286 -0.100855 0.241756 0.013696 -0.156456 -0.205721 -0.027679 0.289571 0.300435 0.231777 -0.006658 -0.142722 -0.207184 0.039244 -0.138932 0.069364 0.215879 0.037360
-0.323581 -0.106049 0.502191 0.461206 1.000000 0.452500 0.365152 0.474689 0.609954 0.641488 -0.137506 -0.113341 0.114123 0.233735 -0.071392 0.106995 -0.295299 -0.324175 0.016669 -0.292586 0.035698 -0.037070 0.123961 0.105089 0.429323 -0.082301 0.533543 0.087766 -0.310163 -0.112384 -0.239571 -0.129001 -0.398255 -0.177647 -0.154112 0.228175 -0.333944 -0.208434 -0.241905 -0.147790 -0.307808 -0.036240 0.126719 -0.068840 -0.137394 -0.008447 -0.025273 -0.081768 0.002887 0.009192 0.009662 0.242604 0.101887 0.311443 -0.231113 -0.223019 -0.249542 -0.119922 -0.057137 0.002222 0.132681 0.087130 -0.150175 -0.199099 0.080152 0.380457 -0.037901 0.164870 -0.096304 0.041392 0.081678 -0.185641 -0.253196 -0.313944 -0.138036 -0.287773 -0.363371 -0.406208 -0.131646 -0.291475 -0.431326 -0.296127 -0.323755 -0.170408 -0.234109 -0.041268 -0.171795 -0.027161 0.068374 0.147941 0.156297 0.258084 0.431604 0.330119 0.101396 0.025992 -0.372108 0.088960 -0.208980 -0.111322 0.164788 -0.003358 -0.055745 -0.069245 0.061457 -0.022563 0.105373 0.215791 -0.135696 0.107731 -0.276309 0.258610 -0.126994 -0.005249 0.229429 0.184721
-0.293302 0.049009 0.338543 0.425362 0.452500 1.000000 0.182790 0.400902 0.287270 0.693869 -0.112044 0.110503 0.054650 0.149427 -0.056390 0.286100 -0.165355 -0.260589 -0.271778 -0.298724 -0.096712 -0.065846 0.134046 0.251353 0.426758 0.220518 0.491738 0.200753 -0.444211 -0.262857 -0.277788 -0.250688 -0.428607 -0.319771 -0.247089 -0.051171 -0.348423 -0.382284 -0.463390 -0.291386 -0.552901 -0.241604 0.143007 0.036672 -0.128010 0.211430 -0.004882 -0.004741 0.183490 0.078133 0.235222 0.343093 0.079055 0.099364 -0.130222 -0.184055 -0.295293 -0.092613 -0.129513 0.036215 -0.001846 0.186930 -0.411913 -0.338392 0.110014 0.575841 -0.104957 0.310227 -0.230694 -0.010003 0.208522 -0.103245 -0.352686 -0.085055 -0.074405 -0.049935 -0.206835 -0.117223 -0.099745 -0.191815 -0.454424 -0.371465 -0.358418 -0.157654 -0.092282 -0.048817 -0.235383 0.054296 0.189784 0.245105 0.079173 -0.090279 0.330429 0.191846 0.170246 -0.067905 -0.150321 0.146725 -0.121695 -0.207668 0.139290 -0.335150 -0.000103 -0.216499 0.070881 -0.121114 -0.130208 0.084711 0.070893 -0.023856 -0.118121 0.059691 -0.047266 -0.205162 0.172611 0.250851
-0.067482 -0.241300 0.889174 0.434039 0.365152 0.182790 1.000000 0.693901 0.425674 0.381495 0.298698 0.223066 0.234812 0.346485 0.297122 0.339443 -0.442123 -0.265832 0.323370 -0.289512 0.145373 0.041023 0.459987 0.331962 0.129923 -0.108680 0.137424 -0.036089 0.002536 0.038779 0.235697 0.335496 -0.308467 -0.088983 -0.013604 0.037688 -0.347324 -0.343554 -0.276557 -0.457756 -0.164570 0.029644 -0.264134 -0.109707 -0.223647 0.032492 -0.434142 -0.272988 -0.139080 -0.214308 -0.008084 -0.188521 -0.138310 -0.303896 -0.433017 -0.468445 -0.533204 -0.243132 -0.206879 -0.287155 0.316623 0.039690 -0.285616 -0.478436 0.623685 0.406702 -0.028300 0.293122 -0.525848 -0.011793 0.405681 0.113164 -0.106472 0.021097 0.056743 0.044658 -0.073189 -0.216170 -0.108392 -0.459495 -0.521640 -0.544582 -0.061848 0.324598 0.218967 0.313349 0.105986 -0.051363 0.368648 0.010994 -0.182094 0.052964 0.344204 0.401146 0.148083 -0.236065 -0.393448 -0.200760 -0.559313 -0.508403 0.060855 0.141048 -0.336550 -0.327434 -0.210518 0.040713 0.126002 0.228496 -0.284557 -0.262985 -0.246119 -0.197983 -0.456084 -0.050601 0.010454 0.007559
-0.216452 -0.239867 0.687663 0.828723 0.474689 0.400902 0.693901 1.000000 0.289658 0.711921 -0.011659 0.159792 0.243455 0.517744 -0.125329 0.219399 -0.138982 -0.277148 0.233854 -0.530434 -0.034299 -0.031408 0.119581 0.034402 0.074624 -0.212743 0.073759 -0.219933 -0.213230 0.101738 -0.205363 -0.013809 -0.165313 -0.197271 0.034813 0.210036 -0.419319 -0.363636 -0.422374 -0.348898 -0.237094 -0.116397 0.000843 0.049868 0.100469 0.315076 -0.185671 -0.081602 0.021922 0.177122 0.079615 0.151364 -0.083384 -0.207087 -0.411022 -0.259691 -0.440274 -0.482249 -0.306506 -0.300690 0.184433 -0.061042 -0.091516 -0.534122 0.199112 0.620992 -0.135524 0.470343 -0.493676 -0.208087 0.298284 -0.111609 -0.133357 -0.073870 -0.077198 -0.037679 -0.149061 -0.293078 -0.103181 -0.506730 -0.358730 -0.407212 -0.489012 0.027675 -0.179356 0.148462 -0.347764 -0.247488 -0.067881 -0.027627 0.045518 0.104830 0.612974 0.311623 0.066537 -0.029330 -0.394791 -0.150279 -0.288047 -0.242193 0.240482 0.092665 -0.197062 -0.237103 -0.023996 0.241318 0.390245 0.232781 -0.137449 -0.127708 -0.239985 -0.021710 -0.285812 0.034031 0.041160 0.022988
-0.107813 -0.072462 0.496384 0.323718 0.609954 0.287270 0.425674 0.289658 1.000000 0.368887 0.145668 -0.056681 0.251303 0.276516 0.313643 0.274531 -0.366157 -0.184136 0.269633 -0.050183 0.076625 -0.119651 0.070589 0.153392 0.213420 -0.153784 0.503548 -0.012987 -0.110037 -0.010966 -0.140656 -0.066033 -0.289697 0.061111 -0.192401 0.098734 -0.410541 -0.259981 -0.249815 -0.190376 -0.251104 -0.233372 -0.095749 -0.236471 -0.267338 -0.184195 -0.253407 -0.214231 -0.074912 -0.207169 -0.190526 -0.011657 -0.141557 -0.019237 -0.320635 -0.365141 -0.265025 -0.183237 0.080536 0.072632 0.390125 0.250564 -0.255414 -0.217664 0.329261 0.412779 0.054377 0.072222 -0.080124 0.239982 -0.058961 -0.091797 -0.132761 -0.285737 -0.343276 -0.203387 -0.312720 -0.215017 -0.178477 -0.196810 -0.449034 -0.377142 -0.040699 0.081463 0.003001 -0.055018 0.045241 -0.108405 0.409196 0.189445 0.042536 0.156722 0.350436 0.607293 0.106702 -0.166035 -0.396626 -0.102441 -0.323654 -0.228959 0.311905 0.236846 0.014896 0.114154 -0.131679 -0.079586 -0.003106 0.082171 -0.088213 -0.117762 -0.216962 0.069875 -0.041179 -0.072295 -0.015186 0.098464
-0.245831 0.058213 0.455180 0.694085 0.641488 0.693869 0.381495 0.711921 0.368887 1.000000 0.012794 0.213891 0.250560 0.553952 -0.107335 0.380648 -0.139089 -0.003624 -0.112255 -0.393905 -0.183660 -0.259813 -0.119486 -0.022204 0.133252 -0.248940 0.407466 -0.225456 -0.341266 0.087296 -0.383847 -0.265365 -0.189610 -0.182643 -0.178206 0.024071 -0.421040 -0.288813 -0.537192 -0.213187 -0.405414 -0.291226 0.037919 -0.054393 -0.088729 0.163722 -0.029227 -0.133548 0.147777 0.198685 0.068713 0.314574 0.103050 0.112877 -0.272811 -0.211172 -0.392696 -0.232427 -0.264571 -0.053712 0.279283 0.199610 -0.132709 -0.205314 0.058175 0.730351 -0.287192 0.200699 -0.350570 -0.243103 0.165005 -0.118592 -0.180807 -0.099653 -0.096659 -0.044236 -0.153597 -0.197833 -0.068185 -0.145389 -0.347594 -0.273824 -0.465341 -0.064714 -0.281261 -0.191762 -0.443961 -0.142285 0.014390 0.122948 0.240203 0.087012 0.461418 0.150332 0.027126 0.136177 -0.342712 0.100537 -0.068697 -0.190220 0.260052 -0.155584 -0.037963 -0.215445 0.177558 0.054215 0.182190 0.030317 -0.123367 0.046339 -0.360819 0.057400 -0.026242 0.069133 0.141414 0.131299
0.637439 0.344650 0.112341 -0.070423 -0.137506 -0.112044 0.298698 -0.011659 0.145668 0.012794 1.000000 0.650110 0.655370 0.367169 0.791143 0.635908 -0.088295 0.298620 0.092988 0.305807 -0.163283 -0.518977 -0.011391 0.079677 -0.181532 -0.450376 0.198474 -0.176165 0.504995 0.275362 0.224307 0.083245 -0.168105 -0.138838 -0.230316 -0.426561 0.028750 -0.143344 -0.063683 -0.127486 0.180484 -0.116351 -0.378103 -0.402043 -0.611878 -0.533371 -0.348022 -0.498054 0.031697 -0.457813 -0.141938 -0.196602 0.172900 -0.143970 0.143791 -0.245559 -0.292340 -0.091172 0.056106 -0.073961 0.490434 0.441064 -0.191410 0.082940 0.337716 0.146998 -0.311342 -0.387508 -0.331510 -0.004466 -0.005644 -0.051501 0.345764 0.008132 0.137678 0.082173 0.217836 0.073070 -0.004229 -0.174102 -0.101361 -0.225661 0.513637 0.654503 0.590684 0.132760 0.279064 0.109221 0.463056 0.284721 -0.016960 -0.061769 -0.082947 0.073791 -0.105526 -0.217924 -0.178559 -0.301000 -0.166892 -0.359914 -0.185136 0.038346 -0.212328 -0.204173 -0.258231 -0.168227 -0.099648 -0.165030 -0.264885 -0.297276 -0.523391 -0.455719 -0.165894 0.068540 -0.009347 0.007546
0.250300 0.417003 0.100304 0.133966 -0.113341 0.110503 0.223066 0.159792 -0.056681 0.213891 0.650110 1.000000 0.551488 0.541608 0.482685 0.649430 -0.238839 0.260905 -0.078674 0.098930 -0.281326 -0.540924 -0.152602 0.046271 -0.247336 -0.437039 0.038232 -0.234489 0.106328 0.190513 -0.031103 -0.089749 -0.301234 -0.212226 -0.352405 -0.365636 -0.062910 -0.203680 -0.273786 -0.326621 -0.142313 -0.047427 -0.139357 -0.321065 -0.335552 -0.199682 -0.030717 -0.340793 0.259733 -0.036288 0.226493 0.160241 0.398892 0.115537 -0.012702 -0.110099 -0.494702 -0.239035 -0.229636 -0.187115 0.362591 0.333745 -0.019220 0.059935 0.118993 0.329565 -0.464977 -0.237859 -0.528715 -0.290211 0.201849 -0.043192 0.090097 0.140262 0.182270 0.165187 0.176172 0.075416 -0.086143 -0.191155 -0.167528 -0.224455 0.108451 0.513496 0.356937 0.252807 -0.007299 0.214455 0.221158 0.262744 0.207243 0.075909 0.253779 0.029168 -0.390073 -0.129916 -0.263135 -0.239352 0.018867 -0.279681 0.020108 -0.098879 -0.161439 -0.320645 -0.168377 -0.291309 -0.052064 -0.148587 -0.100422 -0.071478 -0.532598 -0.253868 -0.067435 0.117725 0.010350 -0.094156
0.270436 0.104769 0.150270 0.271569 0.114123 0.054650 0.234812 0.243455 0.251303 0.250560 0.655370 0.551488 1.000000 0.561873 0.415427 0.579201 0.007349 0.202990 0.140541 -0.239516 -0.031508 -0.489621 -0.137223 -0.109293 -0.252626 -0.443858 0.064565 -0.282102 0.242942 0.260673 -0.188803 -0.126539 -0.158449 -0.127003 -0.312351 -0.123245 -0.078789 -0.093471 -0.026226 0.070415 0.156418 -0.129317 -0.168068 -0.241566 -0.271454 -0.218813 -0.171764 -0.260833 0.368764 -0.053993 0.010038 0.201474 0.391432 -0.066242 0.286949 0.017569 -0.415243 -0.419121 0.011742 -0.083892 0.660277 0.471290 -0.062793 -0.050134 0.039948 0.484940 -0.342557 -0.195941 -0.504543 -0.140061 0.050519 -0.215910 0.288693 -0.082135 -0.096698 -0.014720 -0.036767 -0.087586 -0.178607 -0.335990 -0.100547 -0.301223 0.035574 0.307752 0.091235 -0.210644 -0.140705 -0.253361 0.135072 0.302240 0.105263 0.021039 0.125226 0.173808 0.031345 -0.065519 -0.021058 -0.248645 0.112565 -0.197910 0.065867 0.171217 -0.168934 -0.046077 -0.037653 0.149397 0.177909 0.003728 -0.170040 -0.228934 -0.419709 -0.383840 -0.269950 0.169984 -0.010818 0.079374
0.025759 0.096710 0.251447 0.557030 0.233735 0.149427 0.346485 0.517744 0.276516 0.553952 0.367169 0.541608 0.561873 1.000000 0.208154 0.578119 -0.157133 0.288770 0.060514 -0.291620 -0.111747 -0.302316 -0.299110 -0.117677 -0.228454 -0.506449 0.049563 -0.394006 0.019533 0.333408 -0.221850 -0.104504 -0.186555 -0.107943 -0.342264 -0.113833 -0.267894 -0.207351 -0.350759 -0.155312 -0.150290 -0.315943 -0.207529 -0.386981 -0.208232 -0.173686 -0.133795 -0.429002 0.192042 0.117092 0.055042 0.198629 0.311411 0.045975 -0.121772 -0.106737 -0.484433 -0.482495 -0.181020 -0.139502 0.544516 0.289268 0.254427 0.082948 -0.014812 0.503058 -0.361035 -0.087467 -0.524588 -0.453446 0.009523 -0.120077 0.132419 -0.102005 -0.095130 0.018305 -0.106521 -0.188110 -0.025448 -0.132447 -0.189192 -0.165561 -0.137372 0.274264 -0.030117 -0.043234 -0.214309 -0.126012 -0.000726 0.126112 0.311618 0.130140 0.367081 0.158138 -0.070021 0.082102 -0.388429 -0.003265 0.084003 -0.221851 0.380843 0.075548 0.011263 -0.081909 0.126621 0.108771 0.198860 -0.001609 -0.026285 -0.099598 -0.508562 -0.210161 -0.046999 0.216261 0.149338 0.209368
0.416289 0.177280 0.147818 -0.171125 -0.071392 -0.056390 0.297122 -0.125329 0.313643 -0.107335 0.791143 0.482685 0.415427 0.208154 1.000000 0.584077 -0.197223 0.159763 0.107554 0.389453 0.005822 -0.202338 0.240729 0.473405 0.057980 -0.110633 0.354847 0.231860 0.495040 0.115631 0.497887 0.322541 -0.321106 -0.089207 -0.272839 -0.517510 0.015944 -0.153900 0.054602 -0.202009 0.048142 -0.131475 -0.432700 -0.559769 -0.747373 -0.661501 -0.362107 -0.541917 -0.183455 -0.627503 -0.170881 -0.308547 0.080294 -0.006207 0.019310 -0.401593 -0.302113 0.034501 -0.015473 -0.141478 0.278104 0.259440 -0.230203 0.022786 0.549159 -0.021633 -0.235991 -0.455050 -0.225179 0.111159 0.016898 0.008246 0.262847 -0.096779 0.106063 0.000791 0.123673 0.120857 0.050563 -0.051884 -0.208114 -0.228933 0.717232 0.647969 0.785245 0.357680 0.618876 0.416068 0.771468 0.236072 -0.118863 0.004692 -0.135571 0.230031 -0.082597 -0.285912 -0.319349 -0.306103 -0.296301 -0.429175 -0.236785 -0.130267 -0.286013 -0.260771 -0.307181 -0.313517 -0.359368 -0.110581 -0.105490 -0.229639 -0.404100 -0.365648 -0.194652 -0.000557 0.130900 0.042539
0.181329 0.213643 0.222217 0.358539 0.106995 0.286100 0.339443 0.219399 0.274531 0.380648 0.635908 0.649430 0.579201 0.578119 0.584077 1.000000 -0.216280 0.205404 0.094940 -0.068765 -0.062361 -0.401821 0.064898 0.313755 0.033552 -0.238001 0.285863 -0.059869 0.159455 0.187689 0.095125 0.125088 -0.372435 -0.269642 -0.381905 -0.382054 -0.014504 -0.201195 -0.146579 -0.088122 -0.088074 -0.270426 -0.302170 -0.392063 -0.475025 -0.295804 -0.177377 -0.450411 0.054161 -0.254181 0.002478 0.018648 0.319015 0.021742 0.021413 -0.109829 -0.480749 -0.189941 -0.182745 -0.201206 0.430514 0.307018 -0.229212 -0.092522 0.323648 0.427376 -0.455404 -0.283015 -0.506444 -0.218609 0.052915 -0.088851 0.048728 -0.101262 -0.031872 -0.058497 -0.057963 -0.108455 0.044290 -0.145947 -0.254733 -0.308124 0.167400 0.591487 0.336783 0.171059 0.091174 0.116394 0.501495 0.432817 0.099911 0.031392 0.265534 0.208069 -0.054585 -0.171340 -0.285259 -0.208335 -0.078572 -0.370282 -0.023964 -0.172334 -0.292627 -0.321650 -0.165413 -0.041801 -0.132541 -0.067520 -0.008370 -0.351596 -0.508564 -0.434711 -0.263576 0.002512 0.145351 -0.005041
0.216548 -0.147249 -0.508990 -0.079817 -0.295299 -0.165355 -0.442123 -0.138982 -0.366157 -0.139089 -0.088295 -0.238839 0.007349 -0.157133 -0.197223 -0.216280 1.000000 0.423998 -0.069172 0.011474 -0.029626 0.020013 -0.244683 -0.254189 -0.137199 0.039337 -0.337904 -0.079565 0.431076 0.239840 0.011878 0.017815 0.466866 0.055667 0.155260 -0.075481 0.498763 0.222572 0.216454 0.384642 0.346356 0.020546 0.067301 0.179965 0.090169 -0.011244 0.125468 0.136307 -0.283571 -0.098026 -0.345271 -0.280097 -0.184834 -0.238540 0.213505 0.147018 0.484262 0.167646 -0.033576 -0.111716 -0.189812 -0.259590 0.229688 0.030898 -0.197155 -0.194812 -0.092407 -0.203800 0.239090 -0.047642 -0.170807 0.040029 0.568058 0.099815 0.069582 0.010316 0.292182 0.218164 0.511399 0.355331 0.773283 0.574586 0.090738 -0.113900 -0.030524 -0.164440 -0.232236 -0.272251 -0.325144 -0.273302 -0.158574 -0.338641 -0.290179 -0.443542 0.033666 0.134337 0.306025 -0.011823 0.177172 0.332942 -0.175278 -0.108332 -0.077898 0.099058 0.061987 0.359681 0.029061 -0.127894 -0.097453 0.079827 0.184348 -0.029350 0.135385 0.010447 -0.193377 0.077531
0.214207 0.142294 -0.391431 -0.132937 -0.324175 -0.260589 -0.265832 -0.277148 -0.184136 -0.003624 0.298620 0.260905 0.202990 0.288770 0.159763 0.205404 0.423998 1.000000 -0.096627 0.209831 -0.055810 -0.330963 -0.329532 -0.126406 -0.396957 -0.284307 -0.154484 -0.289758 0.450921 0.465728 0.090607 0.090961 0.335612 0.278799 -0.178991 -0.349635 0.395140 0.171978 0.093984 0.306218 0.155380 -0.151545 -0.256033 -0.249379 -0.270507 -0.371745 0.013419 -0.220850 -0.154705 -0.196155 -0.328923 -0.261396 0.079576 0.003390 0.155495 0.129545 0.058197 0.164112 -0.171172 -0.106078 0.207038 0.158448 0.244258 0.401607 -0.039783 0.000158 -0.350559 -0.586524 -0.005177 -0.194652 -0.139834 0.189715 0.578058 0.180747 0.036164 0.224705 0.292439 0.300712 0.413651 0.641970 0.493547 0.539803 0.238676 0.254096 0.141857 -0.269805 -0.090071 -0.007308 0.030450 -0.076760 0.079113 -0.214394 -0.303335 -0.366105 -0.071982 0.336534 0.128545 0.104050 0.204044 0.089501 -0.058684 -0.119728 -0.087508 -0.099171 0.069715 0.077520 -0.079892 -0.278673 0.040891 0.067845 -0.083828 -0.125931 0.215637 0.298732 0.049529 -0.031828
0.254460 -0.329725 0.301939 0.242548 0.016669 -0.271778 0.323370 0.233854 0.269633 -0.112255 0.092988 -0.078674 0.140541 0.060514 0.107554 0.094940 -0.069172 -0.096627 1.000000 0.031701 0.146272 -0.004479 0.067549 -0.030773 -0.132172 -0.145029 -0.079327 -0.213431 0.245461 0.113459 0.112340 0.199932 -0.053151 0.098903 0.081450 0.080617 -0.017629 -0.047041 0.144221 0.022830 0.309697 0.062048 -0.046972 -0.047255 -0.000263 -0.103202 0.000725 0.028338 -0.130626 -0.153799 -0.198097 -0.219207 -0.014030 -0.130031 0.017828 0.127340 0.031264 -0.422292 -0.049604 -0.299755 0.364423 -0.138226 0.065262 -0.184039 0.104034 -0.054315 -0.130233 -0.078584 -0.173674 -0.076688 0.064062 0.041591 0.179901 0.013491 -0.062961 -0.062686 0.033298 0.031835 -0.189718 -0.323471 -0.133941 -0.240879 0.074203 0.196310 -0.057519 0.038531 -0.000563 -0.254164 0.023498 0.064660 0.108617 0.345303 0.180596 0.340602 -0.159429 -0.024517 -0.016452 -0.246360 -0.117054 0.193111 0.103968 0.483464 -0.106063 0.018327 -0.326558 0.054155 0.156064 -0.033421 -0.000359 -0.108748 -0.012112 0.015371 -0.092204 0.181915 -0.182836 -0.284237
0.624386 0.514886 -0.375151 -0.486673 -0.292586 -0.298724 -0.289512 -0.530434 -0.050183 -0.393905 0.305807 0.098930 -0.239516 -0.291620 0.389453 -0.068765 0.011474 0.209831 0.031701 1.000000 -0.234255 -0.290622 -0.244388 -0.092714 -0.190732 -0.187653 0.056162 -0.073683 0.418234 0.113537 0.194029 -0.090131 0.090283 0.254635 0.006114 -0.223010 0.170592 0.058151 0.081546 -0.028291 0.154278 0.037827 -0.263799 -0.384483 -0.448367 -0.579802 -0.116843 -0.325429 -0.249385 -0.423995 -0.385384 -0.407914 -0.065002 0.093074 0.125015 -0.252670 0.355939 0.367197 0.292799 0.261754 -0.082933 0.103290 0.035489 0.416377 -0.073905 -0.498005 -0.009443 -0.497287 0.474240 0.230879 -0.086121 0.015112 0.223415 0.091758 0.173713 0.047919 0.266737 0.311179 -0.066009 0.305903 0.097077 0.172129 0.658852 0.329011 0.424344 0.114065 0.453272 0.339185 0.247101 0.108863 0.172536 0.210022 -0.243869 -0.053882 -0.381020 -0.067144 -0.258157 -0.165787 -0.196244 0.080648 -0.131564 0.099387 0.236312 0.176656 -0.186311 -0.444124 -0.348994 -0.461319 0.110326 0.122078 -0.270448 0.046354 0.326823 -0.051831 -0.112175 -0.239323
-0.211762 -0.425918 0.201732 -0.083833 0.035698 -0.096712 0.145373 -0.034299 0.076625 -0.183660 -0.163283 -0.281326 -0.031508 -0.111747 0.005822 -0.062361 -0.029626 -0.055810 0.146272 -0.234255 1.000000 0.512050 0.497444 0.304288 0.280211 0.518116 0.013153 0.446689 0.175771 0.067635 0.383166 0.468940 0.056724 0.142641 0.086971 0.136215 0.246641 0.167041 0.527723 0.319596 0.293867 0.237600 -0.370225 -0.094272 -0.039601 -0.020787 -0.261073 -0.021926 -0.105534 -0.200969 -0.057352 -0.219104 -0.058204 -0.052645 0.054810 -0.041687 -0.035010 -0.050331 0.111427 -0.066763 -0.051584 -0.079483 -0.198999 -0.229507 0.246244 -0.075630 0.234565 0.110018 -0.003246 0.190844 0.053347 0.199537 0.182361 0.146453 0.027602 0.081121 -0.115366 -0.024898 0.061396 0.064418 -0.094106 -0.114009 0.107677 0.035336 -0.003010 -0.049696 0.215817 -0.019070 0.156816 -0.350075 -0.287799 -0.127383 -0.174686 -0.020915 0.386859 -0.065712 0.127143 -0.128526 -0.223066 -0.211227 -0.158242 -0.020303 -0.110894 0.022561 0.006649 0.205774 0.144846 0.205012 0.141183 -0.290728 0.353261 -0.336345 -0.308913 0.034008 0.203780 -0.012314
-0.430763 -0.456031 0.126971 -0.049616 -0.037070 -0.065846 0.041023 -0.031408 -0.119651 -0.259813 -0.518977 -0.540924 -0.489621 -0.302316 -0.202338 -0.401821 0.020013 -0.330963 -0.004479 -0.290622 0.512050 1.000000 0.482596 0.345368 0.453814 0.712039 -0.139305 0.509381 -0.089097 -0.221303 0.411874 0.470670 -0.017307 0.063319 0.249552 0.103946 0.044963 0.038140 0.235249 -0.021741 0.022753 0.116779 0.002334 0.136319 0.228871 0.188508 0.060200 0.242697 -0.273938 0.013977 0.154723 -0.145567 -0.205521 0.005588 -0.102892 -0.002374 0.156915 0.093786 -0.019937 -0.103647 -0.425336 -0.477589 0.095116 -0.164950 0.147761 -0.363420 0.324006 0.273243 0.154933 0.025840 0.012481 0.271135 -0.162848 0.016459 0.071195 0.049674 -0.156049 -0.087889 0.198057 0.082754 -0.057421 0.058721 -0.025763 -0.241492 -0.033266 0.229465 0.287563 0.143037 -0.069825 -0.460433 -0.343443 -0.243186 -0.209759 -0.154629 0.260086 -0.129814 0.224271 0.187402 -0.010523 -0.016695 -0.225490 -0.208102 -0.000733 -0.077763 0.055824 0.028101 -0.092189 0.232203 -0.005205 0.022528 0.509421 0.075276 -0.070467 -0.117240 0.170044 0.079268
-0.285502 -0.458371 0.544187 0.034481 0.123961 0.134046 0.459987 0.119581 0.070589 -0.119486 -0.011391 -0.152602 -0.137223 -0.299110 0.240729 0.064898 -0.244683 -0.329532 0.067549 -0.244388 0.497444 0.482596 1.000000 0.804477 0.581388 0.657842 0.119709 0.716424 0.047425 -0.224387 0.588399 0.581100 -0.209161 -0.105000 0.139653 -0.073649 0.083964 -0.088023 0.313922 -0.118651 -0.026282 0.196939 -0.182199 0.081343 -0.127183 0.098599 -0.283126 0.031344 -0.281954 -0.326325 0.136471 -0.242785 -0.211391 -0.091034 -0.115589 -0.249744 -0.316826 0.060385 -0.172429 -0.370689 -0.227402 -0.187037 -0.359982 -0.531877 0.646784 -0.045319 0.083368 0.193853 -0.214337 0.220894 0.265625 0.213336 -0.097176 0.025549 0.090539 0.046258 -0.092230 -0.077576 0.096374 -0.210734 -0.276841 -0.289914 0.119813 0.120126 0.348064 0.424369 0.411773 0.348710 0.453700 -0.117084 -0.555932 -0.206568 -0.015495 0.143532 0.363828 -0.326844 0.046011 -0.179495 -0.379808 -0.461463 -0.437550 -0.294534 -0.550168 -0.468766 -0.314501 -0.001972 -0.162293 0.425481 -0.036108 -0.326053 0.320519 -0.117305 -0.470400 -0.078837 0.320092 0.104245
-0.303024 -0.287903 0.357428 0.064476 0.105089 0.251353 0.331962 0.034402 0.153392 -0.022204 0.079677 0.046271 -0.109293 -0.117677 0.473405 0.313755 -0.254189 -0.126406 -0.030773 -0.092714 0.304288 0.345368 0.804477 1.000000 0.510018 0.541459 0.309472 0.725491 0.064891 -0.207969 0.594920 0.617450 -0.338499 -0.071897 -0.076137 -0.364543 0.130556 -0.091338 0.225462 -0.156079 -0.216432 0.027125 -0.256451 -0.210754 -0.367644 -0.169200 -0.267000 -0.132273 -0.420438 -0.461136 0.034847 -0.272945 -0.113873 0.068491 -0.142294 -0.273619 -0.404424 0.182433 -0.328317 -0.345286 -0.262902 -0.189019 -0.363401 -0.435810 0.681089 -0.038020 -0.056232 -0.081500 -0.193125 0.150257 0.158204 0.207189 -0.129734 -0.008407 0.097613 0.004900 -0.048853 0.036792 0.261667 -0.022686 -0.282280 -0.180641 0.257026 0.280686 0.491663 0.490230 0.496963 0.568284 0.664402 0.056292 -0.413360 -0.130764 0.063181 0.214505 0.263778 -0.250362 -0.131052 -0.074207 -0.292121 -0.448892 -0.371181 -0.484252 -0.491993 -0.482403 -0.245586 -0.141469 -0.369037 0.327484 0.053903 -0.212083 0.127186 -0.132898 -0.361081 -0.020703 0.399677 0.084045
-0.327169 -0.147053 0.248450 0.143436 0.429323 0.426758 0.129923 0.074624 0.213420 0.133252 -0.181532 -0.247336 -0.252626 -0.228454 0.057980 0.033552 -0.137199 -0.396957 -0.132172 -0.190732 0.280211 0.453814 0.581388 0.510018 1.000000 0.522255 0.464838 0.582022 -0.156177 -0.245677 0.298966 0.244046 -0.383300 -0.343101 -0.048770 -0.054912 -0.044812 -0.201497 -0.032157 -0.125420 -0.220589 -0.005075 0.082036 0.042407 -0.076731 0.041589 0.071811 0.009606 -0.175617 -0.196514 0.150811 -0.022287 0.029479 0.207028 -0.132542 -0.166732 -0.019135 0.155790 0.030036 -0.108092 -0.327927 -0.168093 -0.318216 -0.278837 0.270859 -0.090631 0.050449 0.197824 0.089923 0.183226 -0.045998 0.126387 -0.232267 -0.145457 0.013301 -0.125344 -0.314272 -0.295322 0.182523 -0.192015 -0.312708 -0.198048 -0.035236 -0.086851 0.149059 0.288874 0.282965 0.299876 0.305717 -0.041194 -0.180375 -0.123331 0.121242 0.118313 0.290035 -0.364098 -0.116197 -0.035297 -0.121764 -0.241506 -0.270365 -0.346342 -0.211401 -0.294901 -0.200096 -0.059873 -0.295352 0.320843 -0.076718 -0.210981 0.089001 0.059985 -0.115313 -0.357390 0.313032 0.174153
-0.445067 -0.408749 0.044656 -0.198976 -0.082301 0.220518 -0.108680 -0.212743 -0.153784 -0.248940 -0.450376 -0.437039 -0.443858 -0.506449 -0.110633 -0.238001 0.039337 -0.284307 -0.145029 -0.187653 0.518116 0.712039 0.657842 0.541459 0.522255 1.000000 0.000897 0.775826 -0.071108 -0.333129 0.445096 0.424978 -0.044205 0.039201 0.233174 0.069917 0.142629 0.023558 0.334009 0.076245 -0.052339 0.104759 0.009482 0.183974 0.077887 0.216561 -0.038454 0.293515 -0.237348 -0.109557 0.163517 -0.106389 -0.238519 0.048281 0.022413 0.003753 0.061703 0.201790 -0.090692 -0.123637 -0.512807 -0.345113 -0.172589 -0.319470 0.227759 -0.237198 0.219801 0.242449 0.102298 0.246073 0.145643 0.303514 -0.166626 0.088007 0.047572 0.071549 -0.029507 0.123325 0.148494 0.175599 -0.062571 -0.005837 0.045063 -0.190712 0.037973 0.174611 0.248602 0.277751 0.104384 -0.298350 -0.440053 -0.330507 -0.283688 -0.185187 0.296108 -0.117287 0.296581 0.104441 -0.141603 -0.074552 -0.313381 -0.435893 -0.181302 -0.194732 0.066633 -0.023177 -0.237722 0.270748 0.174624 -0.026001 0.600839 0.060343 -0.165823 -0.099334 0.184076 0.193761
-0.064539 0.194395 0.234299 0.110919 0.533543 0.491738 0.137424 0.073759 0.503548 0.407466 0.198474 0.038232 0.064565 0.049563 0.354847 0.285863 -0.337904 -0.154484 -0.079327 0.056162 0.013153 -0.139305 0.119709 0.309472 0.464838 0.000897 1.000000 0.293498 -0.186133 -0.218787 -0.017914 -0.076072 -0.363726 -0.210692 -0.288568 -0.180253 -0.362658 -0.256187 -0.226560 -0.164917 -0.389731 -0.179296 -0.004536 -0.157210 -0.400712 -0.205948 -0.049549 -0.171058 0.060054 -0.263623 0.074380 0.167776 0.124932 0.248684 -0.099834 -0.140432 -0.190300 0.087229 0.043947 0.177902 0.098889 0.289210 -0.506355 -0.118153 0.277435 0.281874 -0.035891 -0.002927 0.026297 0.210493 -0.193428 -0.213091 -0.233983 -0.318028 -0.106823 -0.259774 -0.252654 -0.240319 -0.020857 -0.092717 -0.503069 -0.357339 0.042446 -0.032138 0.064682 -0.027340 0.113807 0.267169 0.466689 0.347414 0.174231 0.125904 0.107025 0.294703 0.182263 -0.203225 -0.217399 0.020507 -0.138226 -0.201142 0.048430 -0.233733 0.014004 -0.087367 -0.028983 -0.272980 -0.186823 0.068398 -0.119582 -0.123446 -0.254252 -0.008209 -0.014568 -0.152474 0.266670 0.142551
-0.299231 -0.266336 0.065542 -0.234411 0.087766 0.200753 -0.036089 -0.219933 -0.012987 -0.225456 -0.176165 -0.234489 -0.282102 -0.394006 0.231860 -0.059869 -0.079565 -0.289758 -0.213431 -0.073683 0.446689 0.509381 0.716424 0.725491 0.582022 0.775826 0.293498 1.000000 -0.000797 -0.396270 0.483252 0.370422 -0.192527 -0.220709 0.007266 -0.204970 0.099094 -0.038676 0.410152 -0.006078 -0.182913 0.078888 -0.063493 0.011614 -0.182748 -0.019120 -0.072014 0.061082 -0.166716 -0.287397 0.217247 -0.030333 -0.097256 0.176053 0.071965 -0.161421 -0.124923 0.218603 -0.022450 -0.041306 -0.429153 -0.158474 -0.240189 -0.261065 0.402452 -0.201503 0.244494 0.060466 0.050998 0.246051 -0.031924 -0.016035 -0.113829 -0.161996 -0.029529 -0.133443 -0.147476 -0.055408 0.174705 0.051596 -0.140658 -0.102220 0.247130 -0.117842 0.340536 0.393185 0.466977 0.580142 0.423501 -0.077363 -0.443451 -0.192100 -0.241588 -0.052766 0.335787 -0.199799 0.121631 -0.033307 -0.205189 -0.301028 -0.397071 -0.523842 -0.310552 -0.277668 -0.168554 -0.223487 -0.289230 0.360379 0.139225 -0.120832 0.370720 -0.011345 -0.294313 -0.108445 0.388679 0.224739
0.522531 0.001167 -0.203009 -0.240712 -0.310163 -0.444211 0.002536 -0.213230 -0.110037 -0.341266 0.504995 0.106328 0.242942 0.019533 0.495040 0.159455 0.431076 0.450921 0.245461 0.418234 0.175771 -0.089097 0.047425 0.064891 -0.156177 -0.071108 -0.186133 -0.000797 1.000000 0.627581 0.581057 0.454878 0.294631 0.225502 0.146641 -0.224633 0.519807 0.189286 0.355867 0.284262 0.524665 0.095437 -0.455926 -0.386404 -0.464180 -0.594696 -0.316329 -0.317987 -0.446048 -0.624857 -0.587252 -0.651178 -0.103331 -0.198755 0.173916 -0.140037 0.053021 0.055577 0.004841 -0.168869 0.047321 -0.065613 0.137501 0.107520 0.236251 -0.358575 -0.251488 -0.495778 0.006519 0.088415 0.020356 0.221965 0.833779 0.211147 0.257387 0.183015 0.403167 0.341103 0.237501 0.237518 0.396165 0.288882 0.686947 0.600424 0.537539 0.193610 0.385443 0.004132 0.225751 -0.209260 -0.173635 -0.143092 -0.328002 -0.232745 0.014724 -0.065454 -0.047843 -0.378700 -0.210747 -0.056942 -0.360241 0.018650 -0.276184 -0.101198 -0.135872 0.080776 -0.129286 -0.224620 -0.123422 -0.225800 -0.167208 -0.338775 -0.173002 0.182695 -0.054351 -0.110383
0.204034 0.119864 -0.106065 0.084632 -0.112384 -0.262857 0.038779 0.101738 -0.010966 0.087296 0.275362 0.190513 0.260673 0.333408 0.115631 0.187689 0.239840 0.465728 0.113459 0.113537 0.067635 -0.221303 -0.224387 -0.207969 -0.245677 -0.333129 -0.218787 -0.396270 0.627581 1.000000 0.207009 0.233614 0.426283 0.305963 0.251730 0.020439 0.358632 0.255379 0.030792 0.259222 0.377798 0.159847 -0.385689 -0.313241 -0.158839 -0.310496 -0.218067 -0.248705 -0.267355 -0.199569 -0.485116 -0.380556 -0.021738 -0.094709 -0.183821 -0.088211 -0.161854 -0.132422 -0.129027 -0.166917 0.129087 0.036576 0.223858 0.135064 0.051921 0.030456 -0.446625 -0.309394 -0.154830 -0.165341 0.109362 0.243320 0.716566 0.396229 0.340530 0.386077 0.357116 0.269557 0.114144 0.197873 0.356405 0.324755 0.181762 0.525676 0.113527 0.016174 -0.094886 -0.339259 -0.073125 -0.334463 0.080866 -0.050316 0.058772 -0.098899 -0.012345 0.035683 -0.259162 -0.273737 -0.037167 -0.043532 -0.074418 0.133129 -0.170144 -0.124087 0.034671 0.183047 0.115490 -0.329089 -0.092133 -0.158304 -0.281328 -0.217415 -0.015552 0.198408 -0.030120 -0.171428
0.039543 -0.187618 0.085229 -0.334371 -0.239571 -0.277788 0.235697 -0.205363 -0.140656 -0.383847 0.224307 -0.031103 -0.188803 -0.221850 0.497887 0.095125 0.011878 0.090607 0.112340 0.194029 0.383166 0.411874 0.588399 0.594920 0.298966 0.445096 -0.017914 0.483252 0.581057 0.207009 1.000000 0.854009 0.044737 0.117322 0.203816 -0.327735 0.379591 0.046761 0.303388 -0.029354 0.228525 0.215223 -0.397322 -0.217519 -0.367052 -0.346999 -0.277346 -0.166243 -0.559487 -0.552334 -0.280575 -0.592452 -0.217426 -0.145074 -0.120987 -0.207692 -0.126057 0.273392 -0.203682 -0.282000 -0.272196 -0.297561 -0.092425 -0.079514 0.592053 -0.460370 -0.071125 -0.195092 -0.100907 0.155168 0.087478 0.463746 0.313486 0.226341 0.336410 0.185777 0.287368 0.212149 0.353981 0.185176 0.093859 0.146996 0.626201 0.519178 0.619770 0.494398 0.606322 0.393837 0.483261 -0.273394 -0.464844 -0.251222 -0.373256 -0.216683 0.079866 -0.233849 -0.091775 -0.220335 -0.364868 -0.319478 -0.534849 -0.336945 -0.415817 -0.443479 -0.174060 -0.138841 -0.292041 0.063094 -0.109062 -0.228933 0.085081 -0.261790 -0.300490 -0.076322 0.085194 -0.118921
-0.183818 -0.447475 0.190750 -0.137960 -0.129001 -0.250688 0.335496 -0.013809 -0.066033 -0.265365 0.083245 -0.089749 -0.126539 -0.104504 0.322541 0.125088 0.017815 0.090961 0.199932 -0.090131 0.468940 0.470670 0.581100 0.617450 0.244046 0.424978 -0.076072 0.370422 0.454878 0.233614 0.854009 1.000000 -0.039034 0.160081 0.195800 -0.224201 0.371607 0.060980 0.290529 0.028706 0.201606 0.206776 -0.339407 -0.141198 -0.245265 -0.243725 -0.273150 -0.075331 -0.615909 -0.477108 -0.298657 -0.569001 -0.203147 -0.155170 -0.247451 -0.063895 -0.178922 0.163181 -0.343738 -0.374573 -0.290615 -0.417938 -0.126302 -0.294827 0.584616 -0.344694 -0.084210 -0.137302 -0.195273 0.038321 0.110493 0.492453 0.243725 0.236571 0.299878 0.193849 0.204233 0.144695 0.479459 0.098153 0.102602 0.151255 0.397030 0.521937 0.416375 0.419324 0.424076 0.194743 0.360022 -0.241159 -0.390699 -0.190880 -0.181744 -0.084810 0.196470 -0.172914 -0.046717 -0.084111 -0.295299 -0.233401 -0.396044 -0.251459 -0.436889 -0.366097 -0.076741 0.089983 -0.222106 0.107391 -0.152386 -0.182424 0.128499 -0.251038 -0.394999 -0.024119 0.121453 -0.106362
0.078701 0.030123 -0.357871 -0.181052 -0.398255 -0.428607 -0.308467 -0.165313 -0.289697 -0.189610 -0.168105 -0.301234 -0.158449 -0.186555 -0.321106 -0.372435 0.466866 0.335612 -0.053151 0.090283 0.056724 -0.017307 -0.209161 -0.338499 -0.383300 -0.044205 -0.363726 -0.192527 0.294631 0.426283 0.044737 -0.039034 1.000000 0.477754 0.525933 0.220704 0.343023 0.466397 0.280149 0.442187 0.395485 0.234909 -0.183891 0.138695 0.306860 0.157982 -0.126430 0.171155 -0.152864 0.093233 -0.370217 -0.304707 -0.441057 -0.396132 0.020546 0.138918 0.179457 0.154354 -0.003355 0.095576 -0.141880 -0.130010 0.257274 0.118674 -0.120610 -0.123159 0.158766 0.066407 0.250554 0.169883 -0.137548 0.106419 0.422860 0.307104 0.072457 0.239139 0.316340 0.267272 0.119508 0.454794 0.551276 0.448663 -0.056619 -0.144430 -0.193169 -0.217496 -0.232158 -0.352988 -0.314588 -0.480151 -0.251837 -0.254353 -0.302151 -0.354473 0.057340 0.125947 0.199613 -0.157339 0.058628 0.079220 -0.064839 0.073429 -0.001298 0.163366 0.179892 0.260044 0.337204 -0.010842 -0.075518 -0.090046 0.282764 -0.103925 0.037436 0.159308 -0.260117 -0.222892
-0.028093 0.020675 -0.046925 -0.184590 -0.177647 -0.319771 -0.088983 -0.197271 0.061111 -0.182643 -0.138838 -0.212226 -0.127003 -0.107943 -0.089207 -0.269642 0.055667 0.278799 0.098903 0.254635 0.142641 0.063319 -0.105000 -0.071897 -0.343101 0.039201 -0.210692 -0.220709 0.225502 0.305963 0.117322 0.160081 0.477754 1.000000 0.377025 0.372692 0.065086 0.209688 0.097631 0.046863 0.127793 0.148759 -0.351810 -0.241568 0.015736 -0.159269 -0.312491 -0.019900 -0.289898 -0.091571 -0.455351 -0.369964 -0.340592 -0.159955 -0.090801 -0.082690 0.097228 0.181239 0.027232 0.103118 0.014715 -0.067837 0.212084 0.091215 0.002646 -0.125392 0.178379 -0.091988 0.317196 0.294475 -0.016505 0.418067 0.220026 0.331084 0.032101 0.259452 0.210557 0.337071 -0.049851 0.483806 0.110949 0.215773 0.156235 0.081561 -0.220833 -0.315457 0.003429 -0.203384 -0.130596 -0.331467 -0.069581 -0.038147 -0.219697 -0.003526 -0.090886 0.009364 -0.012054 -0.052099 -0.111807 0.080136 0.050030 0.177659 0.152782 0.224328 0.257185 0.000916 0.027545 -0.161624 -0.098755 0.067236 0.165390 0.048219 0.042105 0.112232 -0.277692 -0.134269
-0.104436 -0.143778 -0.028892 -0.121533 -0.154112 -0.247089 -0.013604 0.034813 -0.192401 -0.178206 -0.230316 -0.352405 -0.312351 -0.342264 -0.272839 -0.381905 0.155260 -0.178991 0.081450 0.006114 0.086971 0.249552 0.139653 -0.076137 -0.048770 0.233174 -0.288568 0.007266 0.146641 0.251730 0.203816 0.195800 0.525933 0.377025 1.000000 0.492773 0.180745 0.351151 0.193983 0.098670 0.269983 0.423721 -0.041016 0.210577 0.321775 0.292717 -0.180236 0.278397 -0.301051 -0.013199 -0.129605 -0.291724 -0.494143 -0.229694 -0.237217 -0.078554 0.133038 0.057529 -0.076074 -0.182977 -0.295764 -0.363874 0.131887 -0.125314 0.179327 -0.190306 0.185346 0.281847 0.073205 0.153350 0.087046 0.241533 0.135681 0.487192 0.364848 0.353729 0.465239 0.416869 -0.115498 0.070352 0.163534 0.151522 -0.026414 0.041024 -0.138409 0.055440 -0.145317 -0.235587 -0.239894 -0.526478 -0.338743 -0.245059 -0.117015 -0.234471 -0.112133 -0.018236 0.085318 -0.175134 -0.230840 0.007890 -0.234956 -0.103454 -0.120446 -0.151569 0.002750 0.021128 0.041577 -0.019615 -0.134536 0.046765 0.410708 0.009348 -0.105922 0.112048 -0.192038 -0.092836
-0.267309 -0.231178 0.164069 0.165220 0.228175 -0.051171 0.037688 0.210036 0.098734 0.024071 -0.426561 -0.365636 -0.123245 -0.113833 -0.517510 -0.382054 -0.075481 -0.349635 0.080617 -0.223010 0.136215 0.103946 -0.073649 -0.364543 -0.054912 0.069917 -0.180253 -0.204970 -0.224633 0.020439 -0.327735 -0.224201 0.220704 0.372692 0.492773 1.000000 -0.222855 0.240095 0.012373 0.090326 0.105402 0.246170 0.144867 0.197863 0.499909 0.436242 -0.109867 0.250640 0.154431 0.328249 -0.034847 0.116676 -0.241207 -0.106784 -0.215067 -0.009998 0.106225 -0.291126 0.110235 -0.062332 -0.043442 -0.153332 0.049812 -0.211054 -0.245215 0.165760 0.270491 0.552057 0.074767 0.302064 0.164573 0.075598 -0.122563 0.131207 -0.110033 0.110485 -0.034326 0.006293 -0.467209 -0.113949 -0.114618 -0.158937 -0.374532 -0.280642 -0.555427 -0.247619 -0.364282 -0.431174 -0.491425 -0.365972 0.122434 0.102995 0.162189 0.116601 0.030588 0.070131 -0.034366 -0.081141 -0.179430 0.183521 0.314299 0.271027 0.156151 0.257162 0.231435 0.265609 0.252481 0.140154 0.029381 0.085627 0.285332 0.219695 -0.088317 -0.030151 -0.204669 0.091370
