1.000000 0.701521 0.171019 0.228646 0.168042 0.118514 0.160302 -0.011849 0.187693 0.205169 -0.235870 -0.143968 0.011260 -0.015203 0.162985 0.117741 -0.136298 -0.027796 0.560496 0.384384 -0.093687 -0.003473 -0.026839 -0.103260 -0.002550 -0.176176 0.093223 0.007373 -0.135056 -0.147065 -0.270501 -0.291566 -0.000128 -0.089927 -0.332185 -0.203266 -0.303378 -0.204986 -0.222098 -0.174709 0.013035 -0.184112 -0.216241 -0.153912 0.010725 0.014765 -0.330293 -0.268459 0.317771 0.280089 0.371968 0.312336 -0.019047 -0.126502 -0.135193 -0.213225 0.464483 0.381066 0.344798 0.336300 0.356140 0.527065 0.137050 0.172084 0.033696 0.117076 0.204454 -0.057845 0.192054 0.250743 -0.169226 -0.162254 -0.207174 -0.160801 0.013109 -0.223718 -0.205806 -0.117842 -0.310950 -0.327160 -0.065742 -0.186546 -0.162885 0.171174 -0.294667 -0.333484 -0.124943 -0.331513 -0.079977 0.024898 0.066118 0.087810 -0.067717 0.096014 -0.103380 -0.245942 -0.275057 -0.294405 -0.055846 -0.009763 0.093435 0.306672 0.241705 0.339593 -0.071689 -0.152172 -0.130404 -0.088617 -0.264798 -0.095828 -0.273655 -0.226747 -0.178548 -0.337212 -0.171852 -0.117811
0.701521 1.000000 -0.217781 -0.060419 -0.103625 -0.136280 -0.222569 -0.196967 0.021152 -0.020388 -0.105177 0.069438 0.073282 0.130929 -0.020334 -0.009218 0.161314 0.404840 0.378515 0.450083 -0.268291 -0.137614 -0.330169 -0.327716 -0.332564 -0.368854 -0.064231 -0.138467 0.131407 0.139707 -0.227088 -0.176466 0.193080 0.177497 -0.321062 -0.047271 -0.237835 -0.199383 -0.368532 -0.321661 -0.021293 -0.084073 -0.137249 -0.137577 -0.037118 0.006153 -0.257689 -0.184648 0.082762 0.115022 0.127738 0.104745 -0.061553 -0.154901 -0.255968 -0.164041 0.387057 0.551109 0.135982 0.417861 0.084386 0.392956 0.433051 0.494362 -0.348570 -0.114266 0.180143 -0.077140 0.305126 0.220437 -0.171504 -0.030340 0.008652 0.047009 0.180644 -0.093166 0.065317 0.138125 0.031363 -0.007453 0.331593 0.303962 -0.085043 0.232334 -0.175812 -0.214737 -0.079917 -0.209304 -0.268188 -0.097845 0.004633 -0.154319 -0.262279 -0.182292 -0.189171 -0.339525 -0.256660 -0.327947 0.082264 0.038141 0.049240 0.155503 0.115485 0.043993 -0.349385 -0.111691 -0.073353 -0.088762 -0.175811 -0.087154 -0.289203 -0.054079 0.028255 -0.315747 -0.090266 -0.244303
0.171019 -0.217781 1.000000 0.655580 0.507901 0.576850 0.818251 0.715291 0.172166 0.332866 0.062212 -0.001679 0.334482 0.119039 0.451155 0.391054 -0.543727 -0.575307 0.330471 -0.202403 0.490283 0.402438 0.807409 0.562927 0.637618 0.522521 0.458997 0.444418 -0.327103 -0.175886 0.301609 0.228691 -0.048472 -0.108955 0.029177 -0.136720 -0.256004 -0.220658 0.052290 -0.069806 -0.014083 0.103078 -0.396979 -0.196920 -0.215618 -0.251823 -0.315546 -0.335845 0.141284 -0.175842 0.169086 -0.074560 -0.119019 -0.216900 0.011567 -0.201401 -0.203762 -0.412609 0.412746 -0.105719 0.659889 0.258525 -0.369279 -0.384670 0.681368 0.485135 0.010743 0.040945 -0.132966 0.245582 0.250771 0.110591 -0.121974 -0.002701 -0.019648 -0.012253 -0.325148 -0.350648 -0.395384 -0.359546 -0.607423 -0.471352 0.005385 -0.115100 -0.161100 -0.164581 0.053628 0.155436 0.286794 0.214398 -0.276178 -0.080940 0.031979 0.136174 0.045048 -0.239815 -0.178489 -0.227288 -0.528574 -0.427215 -0.211243 -0.187706 0.143365 0.169448 0.247542 -0.236357 -0.399542 -0.306143 -0.210501 -0.145124 -0.152507 -0.429456 -0.346461 -0.086044 -0.192337 0.056725
0.228646 -0.060419 0.655580 1.000000 0.298373 0.570524 0.668419 0.607632 0.064608 0.144643 0.005519 0.099817 0.266142 0.063969 0.641821 0.408549 -0.446665 -0.400081 0.475942 0.018092 0.488773 0.490039 0.714114 0.654445 0.414367 0.483661 0.482918 0.503509 -0.025507 -0.068345 0.515074 0.519960 -0.088988 0.033778 -0.169113 -0.247854 -0.195029 -0.290521 0.238483 0.070341 0.048370 0.154267 -0.424066 -0.263314 -0.316117 -0.336870 -0.322347 -0.496809 -0.074620 -0.289452 0.031857 -0.217227 -0.147238 -0.327478 0.006104 -0.320298 -0.113020 -0.244433 0.134835 -0.046247 0.448714 0.051464 -0.266406 -0.368670 0.635069 0.214689 0.038855 -0.100739 -0.034627 0.131402 0.330438 0.239209 -0.006747 0.036310 0.001949 -0.019312 -0.338804 -0.405887 -0.264417 -0.296749 -0.505148 -0.345002 0.173654 0.170838 -0.025755 0.081553 0.210926 0.150721 0.286028 0.362433 -0.395219 -0.377760 -0.184395 -0.166651 -0.053921 -0.249815 -0.371164 -0.421893 -0.628249 -0.588801 -0.267501 -0.160185 0.076437 0.045313 0.120452 -0.192969 -0.199839 -0.345100 -0.204891 -0.094756 -0.321362 -0.582816 -0.490471 -0.373020 -0.289618 -0.039727
0.168042 -0.103625 0.507901 0.298373 1.000000 0.534166 0.288637 0.243592 0.693852 0.822204 -0.426244 -0.485852 -0.279403 -0.307533 0.299331 0.313062 -0.491180 -0.436426 0.221618 0.251058 0.132558 0.023417 0.197185 0.364281 0.722798 0.412883 0.313780 0.058721 -0.365677 -0.238359 -0.133395 -0.062736 -0.255415 -0.026502 0.003728 0.265625 -0.444670 -0.140952 0.037728 0.206733 -0.114083 0.183199 -0.527191 -0.461420 -0.008807 0.140271 -0.593265 -0.432179 0.253354 0.177235 -0.007026 0.020482 -0.356902 -0.400525 -0.255458 -0.295326 0.192174 0.096922 0.519848 0.356857 0.297080 0.270741 -0.362695 -0.382565 0.216026 0.230228 0.393005 0.372305 0.357903 0.495383 0.043949 -0.222221 -0.368480 -0.122567 -0.163470 0.072958 -0.379240 -0.111936 -0.444576 -0.469757 -0.525806 -0.446926 0.046847 0.225023 -0.587568 -0.479043 0.209211 0.000815 0.035525 0.239522 0.067166 0.162200 0.029842 0.326242 -0.091291 -0.094930 -0.280159 -0.031992 -0.361909 -0.198239 0.064106 0.294213 0.429619 0.485378 0.324857 0.130978 0.093103 0.092800 -0.054760 -0.187164 -0.063925 -0.387931 -0.456774 -0.281698 0.113508 0.209985
0.118514 -0.136280 0.576850 0.570524 0.534166 1.000000 0.524105 0.316649 0.158295 0.290777 -0.044401 -0.054667 0.210933 0.020194 0.649338 0.648608 -0.360691 -0.433612 0.275197 -0.109465 0.582959 0.581889 0.536541 0.463742 0.610918 0.597157 0.797168 0.755533 -0.132258 -0.084112 0.255122 0.193918 -0.302650 -0.268200 -0.289100 -0.267364 -0.083099 -0.141785 0.235086 0.209721 0.003249 0.154054 -0.450793 -0.355539 -0.303741 -0.312399 -0.287024 -0.402832 0.058321 -0.169468 0.077388 -0.083225 -0.013121 -0.149556 0.175187 -0.132666 -0.099807 -0.208026 0.292046 0.151700 0.391265 0.140624 -0.270674 -0.288514 0.389723 0.188872 0.036792 -0.041529 0.004664 0.156542 0.263993 0.014124 -0.142867 -0.036256 -0.008638 -0.006829 -0.405749 -0.496671 -0.447827 -0.379678 -0.449031 -0.438853 0.232862 0.146687 -0.138204 -0.067294 0.413706 0.283532 0.342796 0.401585 -0.168708 -0.204188 -0.164149 0.003501 0.010147 -0.209506 -0.186737 -0.278788 -0.444976 -0.431972 -0.123146 -0.101619 0.156810 0.197676 0.279906 -0.139991 -0.077103 -0.287959 -0.138043 -0.201106 -0.262866 -0.529923 -0.474792 -0.274555 -0.147968 0.092436
0.160302 -0.222569 0.818251 0.668419 0.288637 0.524105 1.000000 0.764586 -0.070881 0.088678 0.227535 0.185274 0.434327 0.224360 0.494715 0.351178 -0.390559 -0.510601 0.307532 -0.228650 0.476662 0.486150 0.754707 0.525303 0.476999 0.482647 0.450443 0.459941 -0.154281 -0.132503 0.478897 0.344061 0.016484 -0.067427 -0.010580 -0.281259 -0.037868 -0.196254 0.098897 -0.114001 0.099272 0.017680 -0.284841 -0.113717 -0.258918 -0.276333 -0.159986 -0.308339 0.056596 -0.227672 0.260854 -0.067282 0.107455 -0.060428 0.133614 -0.294682 -0.311986 -0.519104 0.189290 -0.199344 0.526389 0.081688 -0.213278 -0.265845 0.549431 0.325009 -0.114386 -0.105043 -0.338544 0.012806 0.371292 0.313236 0.006456 0.061314 -0.001299 -0.080579 -0.246699 -0.400687 -0.368916 -0.320930 -0.527508 -0.489604 0.016936 -0.073247 0.000357 0.019869 0.036188 0.109633 0.288051 0.154292 -0.317807 -0.164342 -0.014452 0.015397 0.037035 -0.186249 -0.253742 -0.298780 -0.526651 -0.566245 -0.241925 -0.283595 0.067574 0.058148 0.182440 -0.339907 -0.311981 -0.346627 -0.396959 -0.174761 -0.246814 -0.438374 -0.335905 -0.121034 -0.351162 -0.064522
-0.011849 -0.196967 0.715291 0.607632 0.243592 0.316649 0.764586 1.000000 -0.078650 0.119857 0.347692 0.414087 0.501484 0.466627 0.369189 0.240921 -0.314115 -0.268450 0.128154 -0.255686 0.448129 0.424930 0.656054 0.487959 0.391178 0.475009 0.226845 0.253049 0.040677 0.107886 0.597999 0.544326 0.180117 0.193195 0.052807 -0.173435 -0.105244 -0.139353 -0.033881 -0.227725 0.004100 0.208284 -0.299879 -0.056253 -0.201743 -0.193756 -0.190761 -0.287930 -0.098026 -0.374050 0.101053 -0.281090 -0.096960 -0.200834 -0.057993 -0.298474 -0.335565 -0.532676 0.188375 -0.217365 0.493460 0.135386 -0.098305 -0.160370 0.439223 0.342569 -0.171507 -0.081225 -0.241831 0.009704 0.497616 0.489789 0.176902 0.259815 0.133831 0.129093 -0.030219 -0.230445 -0.121236 -0.087030 -0.394421 -0.182423 0.115866 -0.030929 0.064766 0.159851 0.097046 0.322434 0.158305 0.102672 -0.504820 -0.380284 -0.123174 -0.240863 -0.082460 -0.331915 -0.202619 -0.423587 -0.556139 -0.617042 -0.380209 -0.478420 0.054716 -0.142211 0.062440 -0.463136 -0.409462 -0.396948 -0.308772 -0.269243 -0.273161 -0.446832 -0.272911 -0.220529 -0.428851 -0.276652
0.187693 0.021152 0.172166 0.064608 0.693852 0.158295 -0.070881 -0.078650 1.000000 0.900106 -0.594501 -0.607286 -0.542595 -0.562619 -0.028177 -0.110222 -0.378634 -0.220241 0.119801 0.504236 -0.350482 -0.409398 -0.027919 0.293611 0.302917 0.168617 -0.190052 -0.317997 -0.436605 -0.342659 -0.475013 -0.167230 -0.042421 0.249781 0.129368 0.509133 -0.495844 -0.253980 -0.080810 0.236358 -0.088005 -0.043856 -0.269301 -0.298428 0.149297 0.296368 -0.477498 -0.198709 0.195168 0.313967 -0.111725 0.110527 -0.417659 -0.338303 -0.466953 -0.193613 0.269754 0.290210 0.278895 0.305625 0.127787 0.250547 -0.297940 -0.305274 0.164096 0.249885 0.560579 0.505927 0.471658 0.596817 -0.329822 -0.503544 -0.469473 -0.244004 -0.120416 0.088592 -0.259666 0.192889 -0.210758 -0.347515 -0.263004 -0.246134 -0.106085 0.131091 -0.461784 -0.421834 -0.047407 -0.202685 -0.217431 -0.080173 0.123818 0.272110 -0.049534 0.272089 -0.074451 0.093355 -0.229714 0.163053 -0.227141 0.050122 0.014930 0.486832 0.146471 0.457889 0.207834 0.335842 0.230666 0.252057 0.113901 0.051275 0.195045 -0.170638 -0.326156 -0.282832 0.306514 0.304744
0.205169 -0.020388 0.332866 0.144643 0.822204 0.290777 0.088678 0.119857 0.900106 1.000000 -0.501036 -0.509637 -0.392888 -0.434282 0.061540 0.045135 -0.447236 -0.268683 0.141055 0.434624 -0.227137 -0.312689 0.088656 0.364581 0.456036 0.287444 -0.085385 -0.264327 -0.417112 -0.253633 -0.366457 -0.118667 -0.088924 0.188212 0.141665 0.485637 -0.506417 -0.172870 -0.067297 0.194316 -0.121831 0.065061 -0.340151 -0.323625 0.114603 0.276876 -0.523646 -0.259947 0.235139 0.303789 -0.032437 0.111997 -0.416213 -0.355625 -0.435316 -0.238068 0.190248 0.151315 0.390056 0.315742 0.190570 0.284338 -0.333836 -0.335901 0.180528 0.223343 0.498480 0.451993 0.446245 0.614954 -0.182966 -0.368170 -0.418732 -0.156246 -0.069874 0.151739 -0.259558 0.110843 -0.355337 -0.365184 -0.397721 -0.303491 -0.097909 0.138607 -0.531007 -0.456816 0.051825 -0.073719 -0.162326 0.014302 0.075404 0.195842 -0.056355 0.239943 -0.093606 -0.010590 -0.272471 0.064199 -0.309901 -0.079779 -0.068005 0.364375 0.245770 0.447250 0.212961 0.162622 0.146647 0.138440 0.064605 -0.096954 0.121576 -0.268034 -0.413522 -0.288150 0.159233 0.249908
-0.235870 -0.105177 0.062212 0.005519 -0.426244 -0.044401 0.227535 0.347692 -0.594501 -0.501036 1.000000 0.796254 0.727183 0.632184 0.261187 0.169210 0.313932 0.158448 -0.209840 -0.466604 0.185378 0.230675 0.283260 -0.046007 -0.146223 0.074946 0.083492 0.251221 0.366226 0.227646 0.531825 0.290046 0.175495 0.023714 0.084946 -0.307658 0.426789 0.041463 0.067117 -0.239007 -0.001246 0.144357 0.111083 0.171276 -0.218391 -0.371714 0.321584 0.087119 -0.235011 -0.394529 -0.009179 -0.205511 0.272896 0.191660 0.358898 0.048252 -0.314924 -0.385677 -0.131413 -0.439846 0.188036 -0.212269 0.122099 0.185649 0.083822 -0.118640 -0.584786 -0.391391 -0.426959 -0.373435 0.292328 0.542387 0.397258 0.280783 0.220928 0.105974 0.334100 -0.131438 -0.004327 0.404186 0.113204 0.238152 0.334858 -0.053186 0.630480 0.498681 0.090518 0.254461 0.472557 0.056828 -0.284260 -0.433011 -0.141930 -0.385661 -0.178604 -0.245789 0.190812 -0.264086 -0.039656 -0.262686 -0.245410 -0.589473 -0.219293 -0.463316 -0.167446 -0.377601 -0.369115 -0.283466 -0.226262 -0.240658 -0.111507 -0.075017 0.183007 0.057891 -0.359876 -0.471555
-0.143968 0.069438 -0.001679 0.099817 -0.485852 -0.054667 0.185274 0.414087 -0.607286 -0.509637 0.796254 1.000000 0.751817 0.805582 0.210667 0.175480 0.303607 0.391087 -0.020773 -0.333023 0.253714 0.375591 0.216045 -0.040508 -0.284889 0.059573 0.092719 0.219912 0.599023 0.567252 0.630912 0.467330 0.371398 0.173103 -0.029906 -0.384434 0.427346 0.066578 -0.027126 -0.341926 0.143349 0.202340 0.079069 0.137172 -0.227334 -0.425967 0.286175 -0.046762 -0.319755 -0.497103 -0.023720 -0.279439 0.198868 0.153545 0.242201 0.064628 -0.381308 -0.397473 -0.270682 -0.413139 0.137076 -0.076971 0.267207 0.356662 0.002159 -0.162294 -0.583608 -0.534289 -0.419987 -0.436479 0.441857 0.661209 0.625053 0.503292 0.460909 0.220674 0.413409 -0.025511 0.218436 0.494514 0.210186 0.422309 0.193863 -0.034634 0.597190 0.594306 0.057539 0.298553 0.248230 0.032021 -0.527424 -0.608544 -0.306801 -0.599588 -0.158676 -0.297327 0.001796 -0.421054 -0.184095 -0.388100 -0.439689 -0.686136 -0.334633 -0.599499 -0.363738 -0.556708 -0.411916 -0.438549 -0.312253 -0.153182 -0.352231 -0.104945 0.132670 -0.074305 -0.500092 -0.579697
0.011260 0.073282 0.334482 0.266142 -0.279403 0.210933 0.434327 0.501484 -0.542595 -0.392888 0.727183 0.751817 1.000000 0.767837 0.478220 0.366677 0.124907 0.070575 0.164041 -0.406563 0.484248 0.555146 0.498061 0.060017 0.023349 0.176008 0.310356 0.456878 0.446412 0.412093 0.643371 0.366977 0.231542 -0.045933 -0.142757 -0.492626 0.410073 0.094583 0.158234 -0.298517 0.156861 0.304948 -0.105031 0.007167 -0.371909 -0.525672 0.173034 -0.196946 -0.225758 -0.475614 0.122810 -0.195809 0.231384 0.104178 0.416922 0.067169 -0.343928 -0.378960 -0.090623 -0.311719 0.319197 0.063726 0.137969 0.203925 0.206040 0.038802 -0.584278 -0.569020 -0.451789 -0.298753 0.532947 0.606877 0.526866 0.500767 0.455375 0.131295 0.242775 -0.253267 -0.078896 0.271854 0.011850 0.134177 0.260441 -0.126226 0.470688 0.384850 0.139769 0.285812 0.485782 0.215047 -0.448029 -0.552430 -0.213340 -0.471110 -0.148778 -0.294040 0.031429 -0.455494 -0.177243 -0.381831 -0.334033 -0.638515 -0.138537 -0.479821 -0.165903 -0.572753 -0.473022 -0.491629 -0.353256 -0.226852 -0.430547 -0.234569 0.019764 0.076776 -0.561317 -0.406330
-0.015203 0.130929 0.119039 0.063969 -0.307533 0.020194 0.224360 0.466627 -0.562619 -0.434282 0.632184 0.805582 0.767837 1.000000 0.176302 0.254035 0.214238 0.311286 0.018021 -0.320039 0.420808 0.479204 0.185784 -0.113060 -0.118966 0.062982 0.171340 0.262072 0.526043 0.554360 0.508632 0.309294 0.231125 0.015156 -0.173442 -0.423794 0.404415 0.285323 -0.049179 -0.365606 0.121205 0.362151 -0.069363 0.000132 -0.335751 -0.420969 0.163429 -0.151999 -0.219610 -0.462490 0.158077 -0.182325 0.261598 0.140134 0.269173 0.113140 -0.346417 -0.347614 -0.114011 -0.241114 0.201402 0.105051 0.323846 0.416565 -0.107623 -0.062119 -0.593794 -0.554237 -0.371370 -0.389130 0.543778 0.664084 0.536217 0.502194 0.434818 0.176615 0.413093 0.023009 0.128590 0.321608 0.202876 0.302379 0.244402 0.024594 0.380077 0.423521 0.182003 0.404854 0.228328 0.206429 -0.361639 -0.407040 -0.096254 -0.392539 -0.067512 -0.316033 0.086545 -0.448821 -0.057284 -0.259757 -0.197143 -0.593614 -0.034961 -0.488877 -0.251806 -0.614962 -0.566189 -0.478976 -0.232614 -0.165260 -0.445723 -0.052858 0.132530 0.018399 -0.569208 -0.473953
0.162985 -0.020334 0.451155 0.641821 0.299331 0.649338 0.494715 0.369189 -0.028177 0.061540 0.261187 0.210667 0.478220 0.176302 1.000000 0.704076 -0.224999 -0.381024 0.344098 -0.110294 0.553689 0.557710 0.576185 0.375094 0.492794 0.472059 0.653004 0.650326 0.141476 0.000391 0.527836 0.327835 -0.214296 -0.222950 -0.336490 -0.402537 0.089030 -0.226496 0.500815 0.126578 0.056196 0.266584 -0.532156 -0.458362 -0.516220 -0.520389 -0.288488 -0.606886 -0.085425 -0.352452 -0.022722 -0.217379 -0.025782 -0.216147 0.342054 -0.240411 -0.054020 -0.075780 0.190822 0.065256 0.398800 0.026502 -0.241835 -0.243497 0.372379 0.046746 -0.180851 -0.254100 -0.059943 0.076697 0.451327 0.237000 0.086562 0.090909 0.117037 -0.032207 -0.297574 -0.538922 -0.421746 -0.264791 -0.441905 -0.384090 0.419576 0.268147 0.055536 0.080837 0.444589 0.267748 0.582027 0.501814 -0.185102 -0.370460 -0.084685 -0.111281 -0.181176 -0.274202 -0.274298 -0.434647 -0.490185 -0.559686 -0.029669 -0.192855 0.169202 -0.021939 0.325241 -0.120212 -0.057896 -0.236595 -0.395368 -0.275821 -0.478046 -0.635719 -0.392332 -0.353610 -0.277242 -0.071883
0.117741 -0.009218 0.391054 0.408549 0.313062 0.648608 0.351178 0.240921 -0.110222 0.045135 0.169210 0.175480 0.366677 0.254035 0.704076 1.000000 -0.195646 -0.235462 0.299108 -0.250246 0.538291 0.547518 0.326034 0.062132 0.375279 0.179974 0.757319 0.614597 0.080357 0.200810 0.328935 0.036903 -0.216044 -0.437000 -0.202083 -0.443725 0.065385 0.030566 0.365550 0.263612 0.015445 0.348290 -0.414994 -0.398999 -0.377387 -0.432712 -0.198859 -0.554388 -0.047499 -0.286261 0.002350 -0.197444 -0.045543 -0.165872 0.329080 0.077148 -0.086318 -0.142636 0.268683 0.157590 0.411931 0.199153 -0.109594 -0.089109 0.211205 0.007078 -0.163123 -0.283806 -0.029726 -0.082816 0.321508 0.123913 0.100383 0.094727 0.156195 -0.017775 -0.284072 -0.522163 -0.363112 -0.264585 -0.351127 -0.296843 0.168418 0.132340 -0.113532 -0.059044 0.274648 0.314595 0.397033 0.556588 -0.237155 -0.257768 -0.084773 0.020464 -0.131280 -0.152545 -0.248619 -0.336546 -0.345354 -0.348001 0.042190 -0.099898 0.226854 0.131824 0.275427 -0.153999 -0.185005 -0.205003 -0.238815 -0.156961 -0.481623 -0.319029 -0.278186 -0.077679 -0.197297 -0.022047
-0.136298 0.161314 -0.543727 -0.446665 -0.491180 -0.360691 -0.390559 -0.314115 -0.378634 -0.447236 0.313932 0.303607 0.124907 0.214238 -0.224999 -0.195646 1.000000 0.759244 -0.283571 -0.075357 -0.085455 -0.034004 -0.345809 -0.385419 -0.448620 -0.294875 -0.116004 -0.083392 0.586770 0.417934 0.095127 0.020285 0.228270 0.132877 0.022243 -0.128640 0.504823 0.321008 0.018391 -0.012070 0.215982 0.153124 0.183344 0.085152 -0.138331 -0.166308 0.247468 0.110255 -0.469466 -0.294542 -0.194492 -0.197082 0.101151 0.133310 0.109612 0.137979 0.251008 0.310012 -0.368911 -0.107733 -0.354652 -0.276073 0.607610 0.626568 -0.504518 -0.483133 -0.170970 -0.357298 -0.087091 -0.430288 0.097271 0.290395 0.510213 0.362532 0.305112 0.233488 0.616196 0.374252 0.525643 0.740958 0.701626 0.701711 0.050590 -0.077233 0.317482 0.197780 -0.022867 -0.014994 -0.119822 -0.247568 -0.168820 -0.329798 -0.238229 -0.416058 -0.072508 0.074943 0.177527 0.006985 0.321740 0.151519 0.034340 -0.153015 -0.116566 -0.289802 -0.159040 -0.086157 -0.014879 0.089327 0.002944 -0.089487 -0.113376 0.235985 0.233816 -0.000715 -0.127201 -0.212672
-0.027796 0.404840 -0.575307 -0.400081 -0.436426 -0.433612 -0.510601 -0.268450 -0.220241 -0.268683 0.158448 0.391087 0.070575 0.311286 -0.381024 -0.235462 0.759244 1.000000 -0.162830 0.188761 -0.259372 -0.184992 -0.477073 -0.379100 -0.563564 -0.360223 -0.279503 -0.305205 0.646350 0.643758 -0.031685 0.067138 0.356049 0.355637 0.015994 0.060470 0.272431 0.312986 -0.216740 -0.153760 0.086991 0.225299 0.131418 -0.014045 -0.053609 -0.081767 0.095463 0.018856 -0.453835 -0.252651 -0.264663 -0.263109 -0.086218 -0.002067 -0.229589 0.080467 0.191655 0.342575 -0.342683 -0.038518 -0.339225 -0.073251 0.619425 0.662771 -0.556340 -0.536353 -0.074156 -0.281362 0.149153 -0.225879 0.071478 0.203474 0.556512 0.524020 0.515358 0.469622 0.666358 0.546165 0.575176 0.734976 0.765392 0.897127 -0.014003 0.080870 0.198053 0.164483 -0.089550 -0.023271 -0.369997 -0.325810 -0.228257 -0.343356 -0.361615 -0.482732 -0.064270 0.011476 -0.009230 -0.066824 0.238094 0.153896 -0.080381 -0.069699 -0.086785 -0.278376 -0.374779 -0.158319 -0.051378 0.040704 0.084047 0.032714 -0.134309 0.264225 0.202372 -0.061444 -0.055469 -0.267332
0.560496 0.378515 0.330471 0.475942 0.221618 0.275197 0.307532 0.128154 0.119801 0.141055 -0.209840 -0.020773 0.164041 0.018021 0.344098 0.299108 -0.283571 -0.162830 1.000000 0.344853 0.143435 0.239481 0.181542 0.073834 -0.002763 -0.037415 0.315345 0.187264 0.049096 0.080612 0.174637 0.120165 0.235609 0.097920 -0.207449 -0.336789 -0.189336 -0.177104 -0.096979 -0.190059 0.093152 0.001103 -0.296954 -0.266290 -0.117906 -0.204500 -0.272699 -0.495630 0.052162 -0.011408 0.186986 0.022638 -0.012041 -0.131126 0.024931 -0.249875 0.051248 -0.004816 0.123786 0.108849 0.494427 0.339506 0.128549 0.144480 0.207156 0.096714 -0.008642 -0.188324 -0.039572 0.100374 0.085232 0.058265 0.104279 0.105992 0.223865 -0.101991 -0.244155 -0.250423 -0.296041 -0.267541 -0.231715 -0.236775 -0.182282 0.012281 -0.310985 -0.320529 -0.186749 -0.347217 0.072810 0.092446 -0.149529 -0.085048 -0.038640 -0.011738 -0.077356 -0.257574 -0.359822 -0.399512 -0.229468 -0.195328 -0.112815 0.025619 0.081044 0.110237 -0.097486 -0.171471 -0.118207 -0.302322 -0.310952 0.031184 -0.428606 -0.268850 -0.167439 -0.287154 -0.149000 -0.055367
0.384384 0.450083 -0.202403 0.018092 0.251058 -0.109465 -0.228650 -0.255686 0.504236 0.434624 -0.466604 -0.333023 -0.406563 -0.320039 -0.110294 -0.250246 -0.075357 0.188761 0.344853 1.000000 -0.445270 -0.411033 -0.261235 0.204892 -0.002912 0.070078 -0.227775 -0.383350 0.028870 0.020780 -0.317040 0.023365 0.137261 0.471847 -0.177942 0.319048 -0.385818 -0.247912 -0.197418 0.025308 -0.016908 -0.040792 -0.324504 -0.385282 0.094086 0.263203 -0.584222 -0.213863 0.024836 0.256485 -0.214087 0.012328 -0.400471 -0.442755 -0.637841 -0.411402 0.211466 0.447604 0.085836 0.357387 -0.104238 0.102285 0.162832 0.073356 -0.298712 -0.201342 0.476794 0.378244 0.671469 0.574723 -0.254019 -0.329372 -0.123816 -0.030348 0.056603 0.175552 0.012743 0.299963 -0.084577 -0.245014 0.227984 0.086010 0.120399 0.531349 -0.447190 -0.481140 0.108279 -0.312991 -0.486865 -0.393037 0.281959 0.085736 -0.238691 0.031778 0.003692 0.008565 -0.461310 0.011337 -0.140721 -0.100755 0.123993 0.513026 0.219905 0.307457 0.033134 0.334708 0.326096 0.184822 0.050996 -0.084884 -0.031931 -0.218944 -0.398012 -0.430032 0.304078 0.233083
-0.093687 -0.268291 0.490283 0.488773 0.132558 0.582959 0.476662 0.448129 -0.350482 -0.227137 0.185378 0.253714 0.484248 0.420808 0.553689 0.538291 -0.085455 -0.259372 0.143435 -0.445270 1.000000 0.858323 0.567438 0.313489 0.466211 0.489289 0.698617 0.821554 0.221133 0.216994 0.615518 0.387615 -0.157041 -0.321555 -0.272139 -0.488709 0.211163 0.092794 0.356826 0.088578 0.088880 0.306169 -0.319592 -0.231043 -0.456987 -0.534589 -0.045608 -0.415784 -0.187508 -0.492715 0.054987 -0.264169 0.117023 -0.037019 0.448525 0.064691 -0.204733 -0.356403 0.066398 -0.084736 0.277364 -0.014321 -0.005749 -0.053871 0.315814 0.076737 -0.290989 -0.398879 -0.311871 -0.226130 0.619955 0.381371 0.294233 0.271027 0.177202 0.048861 -0.101758 -0.422576 -0.091541 -0.106832 -0.294651 -0.217597 0.261973 0.036374 0.100892 0.258452 0.422803 0.470261 0.464534 0.544076 -0.312973 -0.360422 -0.041713 -0.164663 0.064846 -0.052302 0.028017 -0.269875 -0.272376 -0.344760 -0.064704 -0.418447 0.155173 -0.110411 0.259386 -0.302774 -0.372239 -0.314894 -0.199113 -0.067107 -0.489003 -0.352360 -0.216131 0.021101 -0.335204 -0.043333
-0.003473 -0.137614 0.402438 0.490039 0.023417 0.581889 0.486150 0.424930 -0.409398 -0.312689 0.230675 0.375591 0.555146 0.479204 0.557710 0.547518 -0.034004 -0.184992 0.239481 -0.411033 0.858323 1.000000 0.519019 0.239770 0.371395 0.418970 0.727533 0.808761 0.303825 0.333296 0.630351 0.405761 -0.093180 -0.273622 -0.255608 -0.556354 0.337497 0.150751 0.351755 0.084058 0.380820 0.310936 -0.266327 -0.160542 -0.347706 -0.505545 0.059902 -0.358244 -0.167152 -0.474948 0.154934 -0.197998 0.238623 0.082610 0.475501 0.130306 -0.247047 -0.347162 -0.064646 -0.170014 0.234463 -0.008299 0.019291 0.001874 0.245639 0.021053 -0.390469 -0.492089 -0.366656 -0.300327 0.594347 0.446375 0.359671 0.336965 0.261777 -0.037856 -0.146166 -0.464551 -0.046304 -0.054647 -0.200682 -0.159290 0.131564 0.006453 0.173095 0.295763 0.316805 0.361723 0.379901 0.454753 -0.417641 -0.401455 -0.161773 -0.286539 0.059519 -0.108185 -0.074014 -0.292577 -0.291935 -0.405342 -0.215241 -0.441787 -0.065011 -0.208196 0.124162 -0.406823 -0.295323 -0.384077 -0.376352 -0.160014 -0.472215 -0.321260 -0.164077 -0.014317 -0.415503 -0.117609
-0.026839 -0.330169 0.807409 0.714114 0.197185 0.536541 0.754707 0.656054 -0.027919 0.088656 0.283260 0.216045 0.498061 0.185784 0.576185 0.326034 -0.345809 -0.477073 0.181542 -0.261235 0.567438 0.519019 1.000000 0.735075 0.520657 0.649149 0.406349 0.584805 -0.081257 -0.055521 0.543001 0.496719 0.053938 0.012685 0.072558 -0.190807 0.030516 -0.156557 0.291106 0.049120 0.119465 0.119576 -0.274356 -0.119999 -0.302447 -0.422205 -0.146612 -0.269565 -0.068040 -0.319943 0.047283 -0.166528 -0.008881 -0.155565 0.149167 -0.146251 -0.262256 -0.419622 0.104749 -0.309422 0.431427 -0.046710 -0.318817 -0.380663 0.725846 0.268395 -0.168787 -0.143844 -0.246170 0.097553 0.348941 0.286100 0.082394 0.124350 0.056694 0.095422 -0.177988 -0.369935 -0.247928 -0.125910 -0.453533 -0.325770 0.152061 -0.119013 0.187592 0.162948 0.165064 0.293557 0.411887 0.259741 -0.433233 -0.331583 -0.192287 -0.153326 -0.058831 -0.188536 -0.185533 -0.267812 -0.577009 -0.540334 -0.396857 -0.387393 -0.106141 -0.108367 0.150285 -0.286383 -0.395848 -0.351943 -0.305606 -0.221457 -0.158594 -0.466739 -0.383612 -0.145717 -0.336772 -0.073771
-0.103260 -0.327716 0.562927 0.654445 0.364281 0.463742 0.525303 0.487959 0.293611 0.364581 -0.046007 -0.040508 0.060017 -0.113060 0.375094 0.062132 -0.385419 -0.379100 0.073834 0.204892 0.313489 0.239770 0.735075 1.000000 0.544313 0.835168 0.204603 0.301253 -0.102724 -0.088444 0.370681 0.637111 0.103868 0.366075 0.081533 0.223993 -0.194834 -0.238336 0.246220 0.258013 0.134212 0.099864 -0.428528 -0.306891 -0.195879 -0.140439 -0.458838 -0.282611 -0.129366 -0.201283 -0.211740 -0.220204 -0.308919 -0.409760 -0.293023 -0.359911 -0.221469 -0.267443 0.099410 -0.113823 0.261596 -0.089441 -0.257361 -0.437262 0.570070 0.189598 0.216473 0.233619 0.143294 0.398782 0.207181 0.037869 -0.034467 0.099359 0.057331 0.258728 -0.141421 -0.156052 -0.221036 -0.224179 -0.396663 -0.285022 0.254033 0.218087 -0.054678 0.021041 0.332604 0.257994 0.025258 0.004428 -0.288230 -0.275570 -0.324367 -0.181081 0.005667 -0.027330 -0.355336 -0.110590 -0.724466 -0.589170 -0.417040 -0.144488 -0.118303 -0.006376 0.225776 0.003745 -0.097757 -0.164362 -0.097913 -0.240431 -0.037560 -0.613342 -0.666476 -0.325346 -0.061205 0.188985
-0.002550 -0.332564 0.637618 0.414367 0.722798 0.610918 0.476999 0.391178 0.302917 0.456036 -0.146223 -0.284889 0.023349 -0.118966 0.492794 0.375279 -0.448620 -0.563564 -0.002763 -0.002912 0.466211 0.371395 0.520657 0.544313 1.000000 0.699088 0.471626 0.395506 -0.267000 -0.175426 0.165063 0.132442 -0.451958 -0.239600 -0.161765 0.048660 -0.235500 -0.100202 0.349892 0.330564 -0.043891 0.281896 -0.521802 -0.391383 -0.118546 -0.026372 -0.491776 -0.332374 0.190101 -0.034313 -0.080391 -0.125596 -0.289797 -0.386052 -0.018468 -0.194028 -0.001916 -0.088572 0.482856 0.154956 0.196399 0.016857 -0.502074 -0.564107 0.295919 0.158150 0.197658 0.253039 0.283906 0.420572 0.324521 -0.029672 -0.210759 -0.029902 -0.157837 0.112666 -0.384535 -0.308245 -0.449861 -0.471637 -0.557008 -0.537273 0.337723 0.316220 -0.345750 -0.300125 0.473295 0.320206 0.254688 0.262467 0.103961 0.030446 0.005899 0.259434 0.101862 -0.061903 -0.196082 0.032480 -0.402090 -0.382912 0.169974 0.145743 0.414648 0.386573 0.601692 0.176527 0.081782 0.110407 -0.088932 -0.366811 -0.068825 -0.504859 -0.497479 -0.128570 0.070174 0.349783
-0.176176 -0.368854 0.522521 0.483661 0.412883 0.597157 0.482647 0.475009 0.168617 0.287444 0.074946 0.059573 0.176008 0.062982 0.472059 0.179974 -0.294875 -0.360223 -0.037415 0.070078 0.489289 0.418970 0.649149 0.835168 0.699088 1.000000 0.377929 0.472620 0.008073 0.014295 0.454289 0.619393 -0.096362 0.159983 -0.158066 0.049649 -0.052015 -0.184347 0.336518 0.228930 0.068441 0.255160 -0.489450 -0.376728 -0.255768 -0.194403 -0.445177 -0.310425 -0.149111 -0.296161 -0.254558 -0.281929 -0.289805 -0.386385 -0.152306 -0.343487 -0.245025 -0.300726 0.187131 -0.069805 0.260159 -0.122261 -0.233575 -0.384691 0.395832 0.120013 0.086921 0.176120 0.151528 0.286186 0.364748 0.116708 0.064476 0.140758 0.074566 0.267573 -0.151389 -0.229761 -0.292027 -0.244094 -0.350144 -0.283949 0.488747 0.362585 0.028815 0.039271 0.578682 0.402273 0.200718 0.074384 -0.155983 -0.304917 -0.257994 -0.170183 0.152093 -0.066027 -0.213331 -0.071295 -0.625864 -0.615065 -0.234321 -0.227790 0.045945 0.008723 0.369726 0.034215 -0.023977 -0.094507 -0.052031 -0.261757 -0.155033 -0.684689 -0.626906 -0.300425 -0.008258 0.178765
0.093223 -0.064231 0.458997 0.482918 0.313780 0.797168 0.450443 0.226845 -0.190052 -0.085385 0.083492 0.092719 0.310356 0.171340 0.653004 0.757319 -0.116004 -0.279503 0.315345 -0.227775 0.698617 0.727533 0.406349 0.204603 0.471626 0.377929 1.000000 0.859017 0.026106 0.060833 0.352138 0.109036 -0.286145 -0.429468 -0.336709 -0.513309 0.032676 -0.129002 0.212642 0.099301 0.153068 0.132374 -0.394220 -0.338697 -0.340600 -0.417231 -0.148068 -0.443486 0.020414 -0.244141 0.104263 -0.113772 0.078798 -0.073741 0.319858 -0.040582 -0.105656 -0.169881 0.197962 0.123840 0.364346 0.108606 -0.053760 -0.033710 0.207979 0.066815 -0.110135 -0.237856 -0.117011 -0.100533 0.322549 0.086751 0.045262 0.047718 0.055625 -0.154438 -0.322939 -0.521451 -0.269652 -0.259575 -0.302604 -0.287891 0.155411 0.091293 -0.140566 -0.049887 0.356327 0.236111 0.329113 0.428748 -0.161206 -0.276197 -0.087263 -0.047769 0.059987 -0.154692 -0.214034 -0.293403 -0.344921 -0.398887 -0.000812 -0.198634 0.134103 0.084482 0.284333 -0.125258 -0.112728 -0.286492 -0.234583 -0.137857 -0.423103 -0.401315 -0.291668 -0.177932 -0.156735 0.069772
0.007373 -0.138467 0.444418 0.503509 0.058721 0.755533 0.459941 0.253049 -0.317997 -0.264327 0.251221 0.219912 0.456878 0.262072 0.650326 0.614597 -0.083392 -0.305205 0.187264 -0.383350 0.821554 0.808761 0.584805 0.301253 0.395506 0.472620 0.859017 1.000000 0.086217 0.025443 0.465349 0.244087 -0.249395 -0.401822 -0.347516 -0.565717 0.191519 -0.101120 0.321298 0.119017 0.081756 0.118355 -0.274587 -0.209077 -0.429557 -0.553478 0.003778 -0.339496 -0.087640 -0.363928 0.098836 -0.135581 0.194617 0.026736 0.465757 0.066148 -0.171878 -0.254867 0.040896 -0.061101 0.311179 -0.016030 -0.070256 -0.077825 0.366617 0.082015 -0.253530 -0.355381 -0.274457 -0.192468 0.356960 0.184095 0.109416 0.046122 0.060771 -0.139338 -0.240440 -0.537960 -0.207584 -0.163966 -0.266520 -0.259690 0.274999 0.054949 0.187253 0.254317 0.389601 0.339207 0.524346 0.487539 -0.234591 -0.368393 -0.144719 -0.157340 0.105311 -0.109488 0.007520 -0.237911 -0.282847 -0.359408 -0.079703 -0.347803 -0.004121 -0.061439 0.243811 -0.175080 -0.264686 -0.326491 -0.186720 -0.081582 -0.396461 -0.400365 -0.234300 -0.083740 -0.250411 0.005751
-0.135056 0.131407 -0.327103 -0.025507 -0.365677 -0.132258 -0.154281 0.040677 -0.436605 -0.417112 0.366226 0.599023 0.446412 0.526043 0.141476 0.080357 0.586770 0.646350 0.049096 0.028870 0.221133 0.303825 -0.081257 -0.102724 -0.267000 0.008073 0.026106 0.086217 1.000000 0.809507 0.510607 0.473994 0.301287 0.237052 -0.174478 -0.322336 0.563356 0.352625 0.204826 -0.061025 0.201934 0.543136 -0.110850 -0.218282 -0.355498 -0.410956 0.091588 -0.256753 -0.636409 -0.591266 -0.348581 -0.475872 0.009400 0.016937 0.162559 0.017939 -0.123392 0.006032 -0.502118 -0.337145 -0.256182 -0.314270 0.474154 0.443487 -0.326762 -0.628412 -0.468315 -0.541829 -0.087776 -0.473094 0.548280 0.558742 0.877601 0.689270 0.610357 0.449052 0.514166 0.191458 0.330021 0.564527 0.534819 0.616921 0.380704 0.271652 0.382547 0.337458 0.152276 0.060982 0.066633 -0.086982 -0.309589 -0.488411 -0.289336 -0.499174 -0.055816 0.032683 0.037227 -0.147831 0.063109 -0.130080 -0.122561 -0.288528 -0.061496 -0.478084 -0.212519 -0.261279 -0.078213 -0.049263 -0.124643 -0.120931 -0.413786 0.016610 0.059700 -0.011994 -0.214178 -0.293691
-0.147065 0.139707 -0.175886 -0.068345 -0.238359 -0.084112 -0.132503 0.107886 -0.342659 -0.253633 0.227646 0.567252 0.412093 0.554360 0.000391 0.200810 0.417934 0.643758 0.080612 0.020780 0.216994 0.333296 -0.055521 -0.088444 -0.175426 0.014295 0.060833 0.025443 0.809507 1.000000 0.413987 0.412442 0.357699 0.210911 -0.086439 -0.231084 0.434514 0.445132 0.164444 -0.004908 0.289627 0.562518 -0.182798 -0.281662 -0.250616 -0.368250 -0.009996 -0.299831 -0.572664 -0.566402 -0.341518 -0.435667 -0.089159 -0.029217 -0.000991 0.176563 -0.193214 -0.089022 -0.304562 -0.223538 -0.114361 -0.067522 0.458251 0.461227 -0.322543 -0.480898 -0.360341 -0.455282 0.027517 -0.259360 0.476779 0.477094 0.870871 0.753646 0.718200 0.542980 0.457332 0.208551 0.381621 0.498734 0.498492 0.625059 0.103775 0.136298 0.154122 0.139561 0.045286 0.159635 -0.161834 -0.103817 -0.418616 -0.473168 -0.380865 -0.483596 0.018727 0.039723 -0.188185 -0.100979 -0.075159 -0.162374 -0.203248 -0.254576 -0.081875 -0.318348 -0.166755 -0.274690 -0.158948 -0.080785 -0.129108 -0.116199 -0.430235 0.047698 -0.011445 0.065030 -0.168661 -0.262058
-0.270501 -0.227088 0.301609 0.515074 -0.133395 0.255122 0.478897 0.597999 -0.475013 -0.366457 0.531825 0.630912 0.643371 0.508632 0.527836 0.328935 0.095127 -0.031685 0.174637 -0.317040 0.615518 0.630351 0.543001 0.370681 0.165063 0.454289 0.352138 0.465349 0.510607 0.413987 1.000000 0.817206 0.228926 0.180204 -0.110966 -0.405786 0.348125 -0.001112 0.349116 -0.009489 0.193194 0.372145 -0.283627 -0.128634 -0.416512 -0.529078 -0.025036 -0.353705 -0.487978 -0.701998 -0.258409 -0.564471 -0.021970 -0.161757 0.223698 -0.209678 -0.338296 -0.450524 -0.104226 -0.278228 0.253112 -0.236686 0.083779 -0.005119 0.276229 -0.075620 -0.339862 -0.393646 -0.285100 -0.319197 0.727933 0.742729 0.616288 0.514022 0.328732 0.264587 0.169729 -0.269662 0.075316 0.237692 -0.112186 0.059976 0.357167 0.023005 0.373146 0.394932 0.278765 0.394508 0.365656 0.187745 -0.590831 -0.641549 -0.254116 -0.500021 -0.127115 -0.211757 -0.181890 -0.415274 -0.478537 -0.636787 -0.366456 -0.623377 -0.154632 -0.438368 -0.004426 -0.343778 -0.254246 -0.343487 -0.300472 -0.202081 -0.478652 -0.436390 -0.195856 -0.149392 -0.391677 -0.289438
-0.291566 -0.176466 0.228691 0.519960 -0.062736 0.193918 0.344061 0.544326 -0.167230 -0.118667 0.290046 0.467330 0.366977 0.309294 0.327835 0.036903 0.020285 0.067138 0.120165 0.023365 0.387615 0.405761 0.496719 0.637111 0.132442 0.619393 0.109036 0.244087 0.473994 0.412442 0.817206 1.000000 0.383515 0.558207 -0.035909 -0.055452 0.139953 -0.080241 0.218510 0.024857 0.168984 0.348543 -0.323794 -0.209808 -0.303543 -0.338054 -0.246930 -0.333531 -0.581878 -0.637073 -0.440724 -0.598354 -0.266375 -0.326102 -0.169284 -0.352975 -0.295799 -0.331453 -0.183906 -0.292308 0.181084 -0.252970 0.161033 -0.029770 0.286299 -0.100938 -0.100719 -0.107560 -0.029523 -0.052406 0.572536 0.545437 0.544544 0.521095 0.377808 0.451425 0.185225 -0.048803 0.111734 0.200886 0.007643 0.193800 0.361309 0.185042 0.296797 0.318121 0.255862 0.295046 0.051196 -0.071686 -0.561798 -0.623551 -0.435910 -0.572935 -0.044856 -0.161674 -0.284209 -0.309770 -0.605668 -0.636590 -0.472901 -0.473208 -0.210805 -0.392561 -0.043373 -0.220574 -0.139238 -0.247841 -0.143619 -0.191951 -0.300677 -0.527083 -0.396905 -0.294531 -0.167043 -0.167367
-0.000128 0.193080 -0.048472 -0.088988 -0.255415 -0.302650 0.016484 0.180117 -0.042421 -0.088924 0.175495 0.371398 0.231542 0.231125 -0.214296 -0.216044 0.228270 0.356049 0.235609 0.137261 -0.157041 -0.093180 0.053938 0.103868 -0.451958 -0.096362 -0.286145 -0.249395 0.301287 0.357699 0.228926 0.383515 1.000000 0.743694 0.390422 0.083630 0.085892 0.049783 -0.286788 -0.265120 0.201001 -0.031820 0.124419 0.130530 0.074315 -0.066986 -0.039051 -0.054338 -0.277015 -0.153564 -0.077682 -0.144643 -0.096094 -0.072547 -0.237831 -0.093524 -0.095459 -0.116630 -0.280346 -0.255371 0.187070 0.187093 0.555900 0.479223 0.038590 0.058574 -0.074491 -0.151367 -0.208200 -0.089453 0.017397 0.172430 0.425063 0.456585 0.490188 0.288395 0.411186 0.208178 0.298428 0.401174 0.251775 0.341842 -0.293688 -0.336130 0.159997 0.081574 -0.392516 -0.178548 -0.260634 -0.380289 -0.531518 -0.348813 -0.403907 -0.483015 -0.317984 -0.070772 -0.200180 -0.322277 -0.229792 -0.140399 -0.535699 -0.322973 -0.373050 -0.369037 -0.382420 -0.382893 -0.367376 -0.219588 -0.350707 -0.045359 -0.209236 -0.009944 -0.035948 -0.107041 -0.233712 -0.362719
-0.089927 0.177497 -0.108955 0.033778 -0.026502 -0.268200 -0.067427 0.193195 0.249781 0.188212 0.023714 0.173103 -0.045933 0.015156 -0.222950 -0.437000 0.132877 0.355637 0.097920 0.471847 -0.321555 -0.273622 0.012685 0.366075 -0.239600 0.159983 -0.429468 -0.401822 0.237052 0.210911 0.180204 0.558207 0.743694 1.000000 0.342905 0.466949 -0.151504 -0.100013 -0.280274 -0.155424 0.076557 0.061927 -0.058516 -0.015587 0.129586 0.165639 -0.310730 -0.052083 -0.327596 -0.124260 -0.295644 -0.295313 -0.384090 -0.365887 -0.597610 -0.423254 -0.020915 0.045107 -0.237198 -0.131768 0.021116 0.018106 0.371462 0.236870 -0.003103 -0.009505 0.195183 0.227180 0.176880 0.244015 0.006839 0.123417 0.226437 0.371540 0.321628 0.454885 0.381002 0.386210 0.233744 0.304117 0.241494 0.376863 -0.033556 0.049064 0.033036 0.020452 -0.157075 -0.141885 -0.414450 -0.487839 -0.365668 -0.365338 -0.480531 -0.497835 -0.284785 -0.133507 -0.289947 -0.224179 -0.353617 -0.299308 -0.487219 -0.177472 -0.261720 -0.290221 -0.304089 -0.128244 -0.068689 -0.087258 -0.128667 -0.152768 0.020059 -0.211927 -0.260169 -0.371458 -0.038695 -0.178705
-0.332185 -0.321062 0.029177 -0.169113 0.003728 -0.289100 -0.010580 0.052807 0.129368 0.141665 0.084946 -0.029906 -0.142757 -0.173442 -0.336490 -0.202083 0.022243 0.015994 -0.207449 -0.177942 -0.272139 -0.255608 0.072558 0.081533 -0.161765 -0.158066 -0.336709 -0.347516 -0.174478 -0.086439 -0.110966 -0.035909 0.390422 0.342905 1.000000 0.585503 0.066726 0.233393 -0.080344 0.055763 0.086271 -0.013660 0.346311 0.334859 0.305411 0.246093 0.184345 0.301718 0.007569 0.121827 0.045623 0.009082 -0.039625 0.043620 -0.069071 0.093554 -0.019327 -0.177994 -0.222296 -0.387799 -0.102191 -0.117690 -0.109333 -0.110381 0.174413 0.087232 -0.030868 0.144121 -0.298144 -0.064934 -0.232319 -0.036107 -0.092971 0.032275 -0.027382 0.098682 0.145739 0.133203 0.132780 0.239191 -0.147809 0.055562 -0.479629 -0.437776 -0.000983 0.051477 -0.395566 -0.150357 -0.122170 -0.134008 -0.237986 0.078133 0.000861 0.012340 -0.249441 0.044572 0.118863 0.143679 -0.010102 0.167037 -0.403458 -0.119077 -0.291974 -0.140913 -0.250262 -0.127920 -0.099327 0.037127 -0.075352 -0.026600 0.461866 0.360853 0.185864 0.218196 -0.057109 -0.071607
-0.203266 -0.047271 -0.136720 -0.247854 0.265625 -0.267364 -0.281259 -0.173435 0.509133 0.485637 -0.307658 -0.384434 -0.492626 -0.423794 -0.402537 -0.443725 -0.128640 0.060470 -0.336789 0.319048 -0.488709 -0.556354 -0.190807 0.223993 0.048660 0.049649 -0.513309 -0.565717 -0.322336 -0.231084 -0.405786 -0.055452 0.083630 0.466949 0.585503 1.000000 -0.305547 -0.008160 -0.142727 0.111286 -0.068273 -0.042451 0.030947 0.022732 0.328774 0.508529 -0.232753 0.274779 0.070486 0.277806 -0.219515 -0.013510 -0.374513 -0.249382 -0.517625 -0.204104 0.152538 0.220199 0.070003 0.073475 -0.239287 -0.029868 -0.186450 -0.247786 -0.037922 0.073190 0.422121 0.606050 0.315785 0.467339 -0.312656 -0.312184 -0.366262 -0.088822 -0.115479 0.248756 0.081450 0.400292 -0.028036 -0.006977 -0.047554 0.077911 -0.185399 0.050964 -0.283392 -0.195562 -0.066115 -0.088919 -0.411802 -0.269387 0.130599 0.228212 -0.024598 0.122454 -0.088925 0.037562 -0.011564 0.271435 -0.054114 0.138764 -0.152094 0.209250 -0.074246 0.036188 -0.136964 0.246726 0.270653 0.190674 0.248787 -0.068687 0.598074 0.129333 -0.076519 -0.006308 0.307400 0.234159
