1.000000 0.648708 0.041617 0.422122 0.218517 -0.010028 0.198131 0.160266 -0.095230 -0.382416 0.069999 0.038906 -0.101761 -0.127629 0.163071 0.105764 -0.117695 0.021138 0.575738 0.470868 -0.349125 -0.473023 -0.041061 -0.312510 -0.503659 -0.549255 -0.128277 -0.253559 -0.088765 -0.265585 -0.165770 -0.391359 0.106720 0.047297 -0.351067 -0.504437 -0.482171 -0.286052 -0.094320 -0.017786 -0.159812 0.024570 -0.073094 -0.079759 -0.203261 -0.012892 -0.181128 -0.032436 -0.269923 -0.100609 -0.393657 -0.370721 -0.216073 -0.414953 -0.364198 -0.260233 0.607932 -0.019764 -0.036930 0.128776 0.360177 0.076677 0.167321 0.604560 -0.062613 0.006864 -0.245277 -0.242948 0.277488 0.186893 -0.087407 -0.225445 -0.218578 -0.200850 0.052991 -0.002306 0.254087 -0.333523 -0.384485 0.007424 -0.053067 -0.347251 0.191892 -0.067533 -0.175608 -0.097443 0.195611 -0.125940 -0.086667 0.120372 0.031215 -0.112228 0.038861 -0.126812 -0.098172 -0.185436 -0.366103 -0.177766 -0.177923 0.061482 0.131737 0.289316 0.339822 0.421482 0.084291 -0.328688 0.044669 -0.030776 -0.428776 -0.305495 -0.296706 -0.266159 -0.284471 -0.544182 -0.254221 -0.016649
0.648708 1.000000 -0.231246 0.527564 0.077891 0.041119 -0.015313 0.263238 -0.212467 -0.209209 -0.061634 0.371587 -0.198999 0.212109 -0.069490 0.330991 -0.168771 0.060067 0.288074 0.527291 -0.418719 -0.506206 -0.300578 -0.460599 -0.487480 -0.647009 -0.179821 -0.214368 -0.275650 -0.010112 -0.419802 -0.501756 0.230511 0.063482 -0.001660 -0.311350 -0.430661 -0.132117 -0.102163 0.061122 0.051654 0.178386 0.261793 0.217090 0.112870 0.231705 -0.093415 0.085338 0.059429 0.098141 -0.206900 -0.141991 -0.208163 -0.286614 -0.406299 -0.002908 0.718733 0.164265 -0.070624 -0.003641 0.177825 0.228268 -0.108580 0.409431 -0.265133 0.077651 -0.400457 -0.378302 0.359418 0.201605 -0.223070 -0.045623 -0.296048 -0.250160 -0.083420 -0.105873 0.085602 -0.187826 -0.252974 -0.006082 -0.155152 -0.203675 -0.145340 0.169089 -0.442950 0.277812 0.038315 -0.064077 -0.212549 0.239574 -0.021185 -0.425820 0.143639 -0.310551 -0.305839 -0.221523 -0.140417 -0.357982 -0.017067 -0.034090 0.112660 0.159938 0.326069 0.234367 0.203299 -0.359470 -0.131503 -0.031572 -0.505549 -0.223996 -0.198143 -0.138212 -0.025583 -0.448011 -0.363273 -0.147916
0.041617 -0.231246 1.000000 0.050454 0.462725 0.128212 0.798329 0.317860 0.331694 0.082022 0.024216 -0.222272 0.239822 -0.278835 -0.052655 -0.244812 -0.234119 -0.012546 0.353652 -0.064844 0.098997 0.044407 0.277070 0.208646 0.264260 0.086686 0.209671 -0.167317 -0.038271 -0.235013 0.045504 0.034273 0.186088 0.275858 -0.195092 0.083500 -0.232506 -0.127801 0.239240 0.016408 -0.252472 -0.117599 -0.347689 -0.392256 -0.169061 -0.157859 -0.177081 -0.147885 -0.245563 -0.222939 -0.102113 -0.143431 -0.259024 -0.137417 -0.042682 -0.200021 -0.231795 -0.137005 -0.132184 -0.165689 0.332328 -0.050609 0.196108 -0.006778 0.325641 -0.036716 0.193078 0.329416 -0.232198 -0.196530 -0.183086 -0.199151 -0.070563 -0.145443 -0.076122 -0.302801 -0.195136 -0.062330 -0.099799 -0.285120 -0.315279 -0.333076 0.007217 -0.235108 0.020618 -0.576197 -0.038490 0.031842 0.170851 0.050482 0.128364 0.202364 -0.105503 0.234743 0.094139 -0.202582 -0.196447 0.118654 -0.359086 -0.158484 0.041497 0.350327 0.060879 0.216674 -0.178190 -0.069034 0.099380 -0.329794 0.015938 -0.148778 -0.063717 -0.239044 -0.287605 -0.284544 0.113382 -0.081401
0.422122 0.527564 0.050454 1.000000 0.102169 0.414124 0.168624 0.460363 -0.060160 0.040665 -0.254738 0.118899 -0.167836 0.165322 -0.072741 0.131511 -0.354562 -0.149854 0.315388 0.388288 -0.186859 -0.312392 -0.077108 -0.089998 -0.182005 -0.282283 0.141826 0.155687 -0.359065 -0.119220 -0.364195 -0.308325 0.224306 0.049697 -0.153708 -0.298515 -0.356245 -0.204504 0.176459 0.059891 -0.169930 0.028442 0.121147 0.094998 0.074494 0.173596 -0.112612 -0.063835 0.099071 0.087943 -0.051314 -0.099695 -0.265255 -0.319572 -0.098770 -0.105289 0.254438 0.020700 -0.085607 0.148537 0.144887 0.095242 -0.193983 0.117203 -0.172303 0.103495 -0.207499 -0.105210 0.109151 0.079357 -0.167132 -0.181472 -0.285451 -0.248587 -0.087054 -0.149719 -0.093120 -0.302432 -0.181585 0.038278 -0.243008 -0.354779 -0.112366 -0.035857 -0.316022 -0.067292 0.084026 0.133774 0.034286 0.482892 -0.020747 -0.470104 0.140008 -0.286942 -0.340069 -0.225619 -0.325118 -0.333627 -0.135855 -0.411243 -0.020432 0.126582 0.305099 0.419528 0.298184 -0.019796 -0.036897 -0.079212 -0.355300 -0.364568 -0.284955 -0.264874 -0.297904 -0.376924 -0.158228 -0.113985
0.218517 0.077891 0.462725 0.102169 1.000000 0.178429 0.414236 0.162097 0.661731 0.378309 0.329179 -0.072249 0.267227 -0.291863 0.282197 -0.373837 -0.179016 -0.092739 0.373901 0.157671 0.270829 0.002946 0.162077 -0.017339 0.378015 -0.126128 0.517811 -0.096288 0.082225 -0.242279 -0.054288 -0.111085 0.004867 -0.076274 -0.199925 -0.054546 -0.241392 -0.358380 0.111542 -0.081596 -0.210910 -0.299722 -0.331635 -0.332286 -0.352775 -0.295186 -0.006518 -0.070097 -0.344922 -0.271887 -0.314275 -0.261209 -0.164323 0.038967 -0.187323 -0.110717 0.050288 -0.084483 -0.119412 0.128769 0.242687 0.029083 0.161248 0.175290 0.318863 -0.281363 -0.161801 -0.138304 -0.016488 -0.044045 -0.038851 -0.268356 -0.065996 -0.037064 -0.127529 -0.254543 -0.007519 -0.119303 0.085512 -0.147533 -0.242331 -0.134792 0.134217 -0.303989 0.216255 -0.421971 0.006504 -0.148648 0.273855 0.232124 0.133286 0.214270 0.314886 0.326212 -0.057732 -0.079971 -0.360716 -0.109901 -0.195547 0.099668 0.194220 0.295295 0.266208 0.109958 -0.147685 -0.252308 0.145203 -0.019577 -0.006471 -0.049597 -0.243206 -0.110485 -0.302210 -0.139329 -0.128880 -0.120734
-0.010028 0.041119 0.128212 0.414124 0.178429 1.000000 0.087418 0.219273 0.241763 0.263921 -0.142667 -0.126496 -0.275316 0.005414 0.162737 0.099499 -0.433611 -0.236624 0.133016 0.071067 -0.000376 0.017341 0.006211 0.146462 0.261258 0.303136 0.308071 0.463967 -0.456873 -0.260024 -0.133596 -0.001502 -0.013909 -0.139203 -0.045607 -0.013524 -0.185944 -0.036071 0.389282 0.213638 -0.172288 -0.052067 0.077501 0.162429 -0.007521 0.049268 0.000806 0.200550 0.080927 -0.021556 -0.123931 -0.069338 -0.293560 -0.168130 -0.026266 0.190843 -0.096037 0.059847 0.237076 -0.070173 0.215918 0.082202 -0.300171 -0.390685 0.159969 0.022297 -0.136872 0.031787 0.065490 0.012345 -0.156547 -0.078442 -0.320349 -0.272889 -0.241252 -0.010497 -0.309371 -0.124682 -0.223925 -0.098049 -0.429731 -0.256452 0.034499 -0.060415 -0.090046 -0.231065 0.116748 0.424634 0.328391 0.337368 0.056839 -0.145227 0.167099 0.040851 0.031089 -0.127768 -0.077731 -0.056728 -0.241783 -0.393521 0.257444 0.246721 0.039917 0.189523 0.087125 0.132422 0.030813 -0.114602 0.036682 -0.143053 0.070813 -0.023777 -0.395206 -0.217307 -0.141371 -0.010701
0.198131 -0.015313 0.798329 0.168624 0.414236 0.087418 1.000000 0.451484 0.294691 0.119709 0.162774 -0.027827 0.208518 -0.156813 -0.075412 -0.075497 -0.032622 0.215361 0.383932 0.007308 0.048565 -0.049289 0.140699 0.160046 0.048043 -0.160674 0.102815 -0.276543 0.070316 -0.075987 0.051004 0.054278 0.279202 0.352345 -0.375675 -0.144229 -0.248665 -0.110344 0.162343 -0.000767 -0.243840 0.018036 -0.324285 -0.427659 -0.187440 -0.223518 -0.240028 -0.272568 -0.277644 -0.218962 -0.192775 -0.252754 -0.308495 -0.216541 -0.238404 -0.308970 -0.067769 -0.096940 -0.288597 -0.126799 0.398523 -0.021576 0.313927 0.227005 0.267936 -0.130453 -0.038662 0.124427 -0.218272 -0.236558 -0.168120 -0.063986 0.055527 -0.025920 0.066343 -0.235238 0.045928 -0.034583 -0.066252 0.033629 -0.263218 -0.290076 -0.092627 -0.106529 -0.014636 -0.464944 -0.074036 -0.081416 0.010290 0.046620 0.040395 0.096395 -0.089240 0.063686 0.109923 -0.067229 -0.321517 0.173532 -0.448985 -0.239649 -0.024521 0.322535 0.113868 0.109077 -0.029030 -0.099617 0.024282 -0.232595 -0.086456 -0.123223 -0.197604 -0.254831 -0.190419 -0.366150 0.149230 -0.000470
0.160266 0.263238 0.317860 0.460363 0.162097 0.219273 0.451484 1.000000 -0.145373 0.424884 -0.119970 0.541521 -0.140808 0.535899 -0.443092 0.307190 -0.262426 0.178007 0.140781 0.024207 0.027080 -0.170817 -0.581500 -0.340584 -0.170878 -0.434402 -0.050210 -0.505774 -0.243438 0.274219 -0.031712 0.089704 0.278672 0.242616 -0.459403 -0.206423 -0.255416 0.082774 0.030190 0.118409 -0.314833 0.244862 -0.110235 -0.238479 0.043220 0.108588 -0.485699 -0.309282 0.062803 0.009832 -0.314182 -0.000725 -0.046770 -0.412994 -0.277930 -0.063464 0.068697 -0.334775 -0.189484 -0.069422 0.300627 0.600514 -0.102976 0.223365 -0.385982 0.414512 -0.154179 0.139081 -0.215444 -0.322718 -0.101292 0.010871 -0.091698 -0.195723 0.008360 -0.096829 -0.080484 -0.052200 -0.196821 -0.156874 -0.182047 -0.267900 -0.552592 0.266709 -0.555294 -0.026725 -0.436099 0.049246 -0.451367 0.279498 0.280580 -0.415168 0.359990 -0.294579 0.064359 -0.054701 -0.313197 -0.007520 -0.552477 -0.332125 0.241234 0.161503 0.268404 0.190313 0.282219 -0.059602 0.083422 -0.130590 -0.238017 -0.180643 -0.411048 -0.437705 -0.176612 -0.379007 -0.084987 0.024580
-0.095230 -0.212467 0.331694 -0.060160 0.661731 0.241763 0.294691 -0.145373 1.000000 0.437085 0.457604 -0.206290 0.448338 -0.326499 0.634608 -0.437334 -0.123267 -0.259948 0.266208 -0.032154 0.413506 0.262924 0.433696 0.253054 0.592253 0.212439 0.478362 0.242011 0.190855 -0.244771 -0.007844 0.113532 -0.098960 -0.100325 -0.064246 -0.085764 -0.022619 -0.297056 0.286455 0.015742 -0.211484 -0.267037 -0.340797 -0.272627 -0.355943 -0.421328 0.141583 -0.064530 -0.352159 -0.230470 0.007162 -0.110138 -0.156367 0.274123 0.106537 0.013669 -0.185386 -0.029568 -0.091163 0.065379 0.167975 -0.244300 0.365913 -0.164673 0.588562 -0.377966 -0.151282 -0.109220 0.044522 -0.045136 -0.121800 -0.275412 0.032103 0.051536 -0.250625 -0.203489 -0.025822 0.021814 0.157760 -0.032840 -0.336585 -0.094595 0.422853 -0.305687 0.533245 -0.476620 0.227823 -0.151344 0.524889 0.148829 -0.187183 0.339749 0.053771 0.440773 0.141265 0.127841 -0.144860 0.122379 -0.195469 0.081735 0.094732 0.140638 -0.086973 -0.139434 -0.206032 -0.142516 0.061918 -0.116099 0.357045 0.154266 -0.131807 -0.064234 -0.174703 0.111876 0.269875 -0.117392
-0.382416 -0.209209 0.082022 0.040665 0.378309 0.263921 0.119709 0.424884 0.437085 1.000000 0.202863 0.329700 0.139147 0.366001 -0.048431 -0.002092 -0.025966 -0.018512 -0.119528 -0.241918 0.528481 0.298099 -0.288170 -0.083677 0.507737 0.093672 0.331960 -0.046427 0.058043 0.286261 0.110245 0.376667 -0.111959 -0.074835 -0.208548 0.131185 0.079981 0.102312 0.095334 0.079346 -0.167660 0.012601 -0.311764 -0.328535 -0.178239 -0.218014 -0.083429 -0.230193 -0.042010 -0.178239 -0.091270 0.082645 0.210292 0.160662 0.025986 0.181835 -0.305949 -0.323981 -0.019055 0.041703 0.014476 0.359469 -0.101243 -0.116925 -0.101295 0.011017 -0.175186 -0.027464 -0.279283 -0.198612 0.050770 0.017045 0.131580 0.120430 -0.121640 -0.025721 -0.021204 0.215330 0.302125 0.090345 0.043405 0.100316 -0.280746 0.160950 -0.015762 -0.081525 -0.353756 0.012626 -0.070409 0.185239 0.208433 -0.106784 0.465013 0.071209 0.106270 0.216323 0.033797 0.162535 -0.266550 0.021653 0.200323 -0.002358 -0.083075 -0.307778 -0.040694 -0.046931 0.074744 0.012512 0.257820 0.217821 -0.101294 -0.127700 -0.044106 0.201552 0.138678 0.121196
0.069999 -0.061634 0.024216 -0.254738 0.329179 -0.142667 0.162774 -0.119970 0.457604 0.202863 1.000000 0.234919 0.544823 0.101626 0.524028 -0.254197 0.375034 0.015232 0.210666 -0.219433 0.208696 0.151518 0.216468 0.172014 0.203031 -0.080794 0.133441 -0.034886 0.472219 0.143039 0.285588 0.186901 -0.212638 -0.101725 0.051948 -0.093054 0.085802 -0.095805 0.013927 0.029253 -0.184577 -0.163005 -0.442660 -0.339442 -0.464889 -0.379826 0.044637 -0.306839 -0.428680 -0.469536 -0.129326 -0.322279 0.130960 0.024046 -0.007783 -0.009123 -0.090681 -0.414193 0.106184 -0.078716 0.294345 0.097208 0.302006 0.156428 0.385356 -0.124664 -0.290404 -0.291057 -0.177077 -0.134799 0.181419 0.130701 0.331911 0.261542 0.296151 0.180759 0.496818 0.063668 0.363936 0.147302 0.072673 -0.055547 0.181979 -0.165907 0.495932 -0.199982 0.031555 -0.148452 0.312962 0.048074 -0.362307 0.235139 0.043747 0.186216 -0.029301 0.130688 -0.072422 0.039262 -0.150584 0.253627 0.042610 -0.231395 -0.034253 -0.314173 0.005827 -0.152515 0.054505 0.194704 0.092386 0.263634 -0.248564 -0.063491 -0.040872 0.034959 0.217556 0.015266
0.038906 0.371587 -0.222272 0.118899 -0.072249 -0.126496 -0.027827 0.541521 -0.206290 0.329700 0.234919 1.000000 0.052036 0.782349 -0.238019 0.368121 0.147158 0.303556 -0.048746 -0.052205 0.096677 -0.106742 -0.614554 -0.378247 -0.219613 -0.567978 -0.140128 -0.447405 0.164598 0.591179 0.094490 0.097763 0.196734 0.151501 -0.083696 -0.191735 -0.008492 0.202619 -0.122902 0.094903 -0.022790 0.237220 -0.089936 -0.200253 -0.051464 -0.049145 -0.365111 -0.358112 0.092138 -0.168144 -0.154834 -0.083449 0.297450 -0.260241 -0.099409 0.143315 0.213729 -0.365118 -0.162675 -0.304479 0.126962 0.572628 0.017092 0.228456 -0.532022 0.379997 -0.390081 -0.309381 -0.162959 -0.251704 0.110188 0.302209 0.279005 0.098840 0.183247 0.198376 0.201257 0.172880 0.100123 -0.062587 0.081096 -0.038485 -0.462253 0.435930 -0.382848 0.502280 -0.372355 -0.068290 -0.462234 0.199776 -0.036461 -0.451944 0.363908 -0.338557 -0.020492 -0.006089 0.015404 0.033595 -0.263224 0.073312 0.275251 -0.100703 0.118426 -0.115200 0.309569 -0.073516 -0.032232 0.103952 -0.204232 0.134476 -0.297578 -0.163072 0.166021 -0.105360 -0.037543 0.017545
-0.101761 -0.198999 0.239822 -0.167836 0.267227 -0.275316 0.208518 -0.140808 0.448338 0.139147 0.544823 0.052036 1.000000 0.005150 0.477383 -0.546127 0.129183 -0.247350 0.026944 -0.252786 0.313735 0.079454 0.379497 0.235834 0.316788 0.005473 0.220322 -0.028139 0.396533 0.135175 0.073671 -0.002360 -0.075986 0.076275 -0.070963 0.139496 0.142831 -0.250896 0.042152 -0.265699 -0.084878 -0.340287 -0.305342 -0.240170 -0.212851 -0.158044 0.130356 -0.250596 -0.230451 -0.289241 0.187039 -0.095746 0.000500 0.160719 0.400437 -0.085215 -0.184354 -0.156356 -0.076566 -0.171659 0.029553 -0.079853 0.291137 0.003189 0.360562 -0.019956 -0.051201 -0.000163 -0.206048 -0.280843 0.093253 -0.259691 0.329257 0.322432 0.159558 -0.145261 0.213810 0.022869 0.393992 -0.006548 -0.135900 -0.133230 0.302604 -0.408806 0.475135 -0.348879 0.304833 -0.117431 0.380288 0.030561 -0.245360 0.171596 -0.149425 0.149799 -0.099011 -0.160699 -0.075231 -0.001025 0.049510 0.133706 0.097294 -0.265451 -0.252113 -0.242836 -0.258603 0.013750 0.119405 -0.131949 0.199727 0.091155 -0.160945 -0.013099 0.022116 0.118018 0.276965 -0.201678
-0.127629 0.212109 -0.278835 0.165322 -0.291863 0.005414 -0.156813 0.535899 -0.326499 0.366001 0.101626 0.782349 0.005150 1.000000 -0.309148 0.487523 0.110950 0.209208 -0.272607 -0.242107 -0.000726 -0.113968 -0.611928 -0.278990 -0.159590 -0.359914 -0.279445 -0.304431 -0.055203 0.624008 0.045852 0.110132 0.070859 0.040811 -0.087879 0.001498 0.032185 0.311791 -0.130331 0.093840 -0.109592 0.199679 0.038600 0.055028 0.189743 0.216073 -0.216534 -0.264277 0.324749 0.010300 0.059874 0.173031 0.291583 -0.190338 0.011029 0.175796 -0.027403 -0.458350 0.072362 -0.298476 0.078437 0.635462 -0.259496 0.003888 -0.495522 0.540579 -0.272455 -0.160589 -0.164584 -0.377324 0.078539 0.221572 0.192325 0.118217 0.239056 0.245627 0.185871 0.139318 0.133497 0.116465 0.138906 -0.008708 -0.591679 0.375029 -0.424425 0.446093 -0.432931 0.038015 -0.328466 0.194119 -0.084434 -0.571576 0.235494 -0.391795 -0.060331 -0.106831 0.152711 0.003561 -0.203699 -0.091376 0.141729 -0.282572 -0.115999 -0.243063 0.219458 0.045423 -0.054562 0.035981 -0.230535 0.102394 -0.146479 -0.131325 0.075587 0.087846 0.070219 0.113495
0.163071 -0.069490 -0.052655 -0.072741 0.282197 0.162737 -0.075412 -0.443092 0.634608 -0.048431 0.524028 -0.238019 0.477383 -0.309148 1.000000 -0.451934 -0.119234 -0.366826 0.173272 0.017924 0.039353 0.008754 0.611440 0.365784 0.285099 0.146682 0.305593 0.407561 0.165907 -0.335028 -0.033593 -0.112001 -0.329518 -0.280923 0.040461 -0.131368 -0.015777 -0.294431 0.262442 0.039819 -0.025131 -0.284411 -0.176978 -0.036827 -0.349732 -0.283992 0.302027 0.101872 -0.330422 -0.256285 0.028385 -0.153845 -0.166606 0.170793 0.220224 0.051141 -0.002701 0.045962 0.091369 0.041774 0.093852 -0.310293 0.278884 -0.088550 0.640717 -0.245700 -0.294199 -0.206699 0.152939 0.075957 -0.134899 -0.255852 -0.039739 0.111785 -0.146777 -0.045045 0.194609 -0.142736 0.020974 -0.036109 -0.318295 -0.156829 0.744349 -0.410221 0.641546 -0.331969 0.558717 -0.003324 0.684225 0.061062 -0.335309 0.299556 -0.092569 0.343977 -0.000138 -0.062298 -0.132062 -0.001777 0.035365 0.152433 0.104052 -0.081998 -0.195338 -0.031136 -0.239469 -0.084838 0.155534 0.085950 0.217170 0.050775 -0.042197 0.099624 -0.087681 0.050554 0.055690 -0.111181
0.105764 0.330991 -0.244812 0.131511 -0.373837 0.099499 -0.075497 0.307190 -0.437334 -0.002092 -0.254197 0.368121 -0.546127 0.487523 -0.451934 1.000000 -0.043055 0.234054 -0.010564 0.109002 -0.342003 -0.129785 -0.547384 -0.381616 -0.519492 -0.294251 -0.410918 -0.194781 -0.196379 0.301211 0.060914 0.046716 0.129737 0.001977 -0.061548 -0.107688 -0.095372 0.382503 -0.095140 0.293337 0.081488 0.616563 0.059495 0.030651 0.069262 0.074158 -0.303235 -0.108942 0.201662 0.007451 -0.124127 0.010387 0.154380 -0.277046 -0.261147 0.172833 0.207152 -0.124871 0.100340 -0.074593 0.151844 0.341896 -0.199399 0.071313 -0.422851 0.212439 -0.143641 -0.142367 0.213362 0.024414 -0.040090 0.268830 -0.066399 -0.082313 -0.045088 0.277834 0.001605 -0.007390 -0.333065 0.054363 0.093773 -0.042786 -0.601637 0.708803 -0.567516 0.480009 -0.476287 -0.012015 -0.434485 0.169226 0.082483 -0.319211 0.179630 -0.250488 0.142712 0.111864 0.197125 0.138218 -0.189717 0.060364 -0.157829 0.112657 0.079521 0.058916 0.146351 -0.088806 -0.207777 0.005144 -0.360718 0.067930 -0.023174 -0.177494 0.138986 -0.055580 -0.109683 0.350667
-0.117695 -0.168771 -0.234119 -0.354562 -0.179016 -0.433611 -0.032622 -0.262426 -0.123267 -0.025966 0.375034 0.147158 0.129183 0.110950 -0.119234 -0.043055 1.000000 0.550855 -0.163084 -0.325103 0.251118 0.329432 -0.045600 0.058867 0.053392 0.074894 -0.057813 -0.074455 0.577754 0.437313 0.345596 0.370958 0.054064 0.224720 0.165389 0.074037 0.342367 0.159767 -0.231403 -0.096648 0.048697 0.077769 -0.148598 -0.141761 -0.187375 -0.259072 0.034025 -0.268015 -0.186207 -0.276238 0.020102 -0.244796 0.374799 0.049295 -0.034345 -0.188521 0.080957 0.004400 -0.102449 -0.173087 -0.115752 -0.078464 0.256966 0.220389 -0.087069 -0.131591 -0.004426 -0.249379 -0.193337 -0.058447 0.461302 0.458481 0.602231 0.398854 0.341454 0.242449 0.415452 0.278300 0.621691 0.487112 0.649461 0.435821 -0.149309 0.028430 0.251601 0.209768 -0.137572 -0.144957 -0.130164 -0.324936 -0.309064 -0.009402 -0.233258 -0.194584 0.013007 0.198313 0.090609 0.075839 0.038535 0.105022 -0.174965 -0.372304 -0.105921 -0.456206 0.067911 0.092519 -0.086913 0.150999 0.070473 0.299218 0.049155 0.034396 0.167393 0.093750 0.187062 0.165332
0.021138 0.060067 -0.012546 -0.149854 -0.092739 -0.236624 0.215361 0.178007 -0.259948 -0.018512 0.015232 0.303556 -0.247350 0.209208 -0.366826 0.234054 0.550855 1.000000 -0.173936 -0.168812 -0.051094 0.006621 -0.293769 -0.103111 -0.193120 -0.275620 -0.072871 -0.334036 0.326334 0.362941 0.178361 0.265891 0.353870 0.264252 0.037125 -0.038412 0.134516 0.291940 -0.014679 0.184282 0.109619 0.337272 -0.001510 -0.115651 -0.011313 -0.153608 -0.212304 -0.095849 -0.063090 -0.096603 -0.224451 -0.187708 0.153121 -0.155739 -0.205837 -0.035872 0.218097 0.053310 -0.263164 -0.202851 -0.056554 0.012462 0.208426 0.430722 -0.344987 -0.054295 -0.061982 -0.230653 -0.178332 -0.087156 0.150480 0.487986 0.338956 0.210300 0.156873 0.089680 0.285417 0.392355 0.207326 0.424137 0.384398 0.315340 -0.366794 0.269769 -0.126133 0.237864 -0.337227 -0.125073 -0.441117 -0.183503 -0.140275 -0.215977 -0.053750 -0.284611 -0.032072 0.125800 0.012873 0.008181 -0.246534 -0.089265 -0.123259 0.087076 0.022198 -0.170896 0.043228 -0.038574 -0.080542 0.239846 -0.168360 0.135133 0.085251 0.024584 0.061184 -0.140135 -0.186911 0.001891
0.575738 0.288074 0.353652 0.315388 0.373901 0.133016 0.383932 0.140781 0.266208 -0.119528 0.210666 -0.048746 0.026944 -0.272607 0.173272 -0.010564 -0.163084 -0.173936 1.000000 0.509380 -0.005457 0.018756 0.080735 -0.278162 -0.114538 -0.215936 0.083337 -0.128211 0.145383 -0.160935 0.160554 0.020279 0.231767 0.216780 -0.252935 -0.446639 -0.353630 -0.375585 0.049110 0.006452 -0.201837 -0.037265 -0.457832 -0.451085 -0.374902 -0.301952 -0.338220 -0.422499 -0.411489 -0.249128 -0.313791 -0.422309 -0.119243 -0.379323 -0.161654 -0.212318 0.111317 -0.093518 -0.049923 0.247890 0.601067 -0.058487 0.436945 0.311250 0.200629 -0.107030 0.032095 -0.061304 0.217264 0.191788 -0.226711 -0.202785 0.051865 -0.230772 -0.028887 -0.004447 -0.019780 -0.410559 -0.322111 -0.166319 -0.126858 -0.310354 0.160761 0.031429 0.066930 -0.341545 0.019633 -0.027697 0.031952 0.197687 -0.136125 0.029110 -0.070340 -0.017010 -0.035625 -0.080936 -0.232921 0.012480 -0.391493 0.045434 0.107193 0.308646 0.366856 0.329805 0.027376 -0.224555 -0.121130 -0.176717 -0.257960 -0.106155 -0.440794 -0.390339 -0.081921 -0.377374 0.036252 0.064148
0.470868 0.527291 -0.064844 0.388288 0.157671 0.071067 0.007308 0.024207 -0.032154 -0.241918 -0.219433 -0.052205 -0.252786 -0.242107 0.017924 0.109002 -0.325103 -0.168812 0.509380 1.000000 -0.236203 -0.337491 -0.122191 -0.415079 -0.407529 -0.403266 -0.019898 -0.126455 -0.179528 -0.230023 -0.300399 -0.469406 0.207570 0.085584 -0.173735 -0.343124 -0.523738 -0.435988 -0.295988 -0.263183 -0.017331 -0.052339 0.107956 -0.016314 0.144481 0.092411 -0.214191 -0.049485 0.084528 0.274829 -0.162194 0.050713 -0.260781 -0.172521 -0.293671 -0.225781 0.395662 0.388692 -0.285054 0.271320 0.141615 -0.094471 0.085438 0.271142 -0.093483 -0.115502 -0.003505 -0.072414 0.501831 0.393944 -0.220197 -0.280396 -0.282699 -0.165487 -0.116638 -0.033848 -0.209884 -0.517578 -0.478349 -0.204759 -0.278952 -0.246793 0.145605 0.068680 -0.324876 0.058548 0.165940 -0.009222 -0.189333 0.077217 0.195958 -0.057301 0.093271 -0.007305 -0.247170 -0.255476 -0.362193 -0.254840 -0.001393 0.062599 0.079886 0.396545 0.371333 0.474884 0.059202 -0.238951 -0.125042 -0.079507 -0.418691 -0.377214 -0.280252 -0.071614 -0.021538 -0.227556 -0.311209 -0.126564
-0.349125 -0.418719 0.098997 -0.186859 0.270829 -0.000376 0.048565 0.027080 0.413506 0.528481 0.208696 0.096677 0.313735 -0.000726 0.039353 -0.342003 0.251118 -0.051094 -0.005457 -0.236203 1.000000 0.599751 -0.094390 0.041049 0.553049 0.343586 0.319906 -0.012238 0.379226 0.278273 0.401987 0.549080 -0.081119 0.038612 -0.145678 0.066680 0.280161 -0.126357 -0.061505 -0.224589 0.020207 -0.218922 -0.353583 -0.419324 -0.255817 -0.380347 0.023684 -0.302536 -0.200271 -0.225998 -0.114118 -0.088098 0.342540 0.177993 0.135567 -0.159681 -0.321981 -0.138565 -0.179688 0.017395 -0.069018 0.053638 0.161336 -0.165029 -0.009209 -0.155434 -0.027112 -0.045012 -0.334795 -0.110244 0.325392 0.149748 0.466043 0.204468 0.065652 -0.002715 -0.161297 0.224634 0.451915 0.049217 0.082984 0.086384 0.045270 -0.025374 0.230759 -0.189029 -0.128966 -0.067402 0.014977 -0.055972 0.151989 0.220445 0.255379 0.238363 0.298825 0.171985 -0.001161 0.258022 -0.068612 0.131752 0.369309 -0.110657 0.021887 -0.351500 0.065385 0.080406 0.266513 -0.010354 0.384867 0.261950 -0.191490 -0.080875 -0.079049 0.280562 0.203960 0.107373
-0.473023 -0.506206 0.044407 -0.312392 0.002946 0.017341 -0.049289 -0.170817 0.262924 0.298099 0.151518 -0.106742 0.079454 -0.113968 0.008754 -0.129785 0.329432 0.006621 0.018756 -0.337491 0.599751 1.000000 0.053723 0.075409 0.499095 0.544676 0.272649 0.245561 0.469210 0.289511 0.612289 0.753208 -0.096950 0.017680 0.126194 0.146935 0.482812 0.022612 0.131662 0.056978 0.136463 0.027157 -0.354492 -0.329500 -0.284822 -0.337423 0.002835 -0.275979 -0.237367 -0.313735 -0.044275 -0.248144 0.394283 0.100479 0.238112 0.017442 -0.402630 -0.167808 0.084505 -0.042116 0.070644 -0.184544 0.239421 -0.263378 0.078097 -0.247542 0.093682 0.004987 -0.334266 -0.045688 0.312245 0.476315 0.556303 0.257411 0.104747 0.095996 -0.106199 0.301757 0.422770 0.021131 0.272554 0.190099 -0.029534 0.204260 0.301463 -0.211922 -0.253911 0.001164 0.090329 -0.045759 -0.135259 0.165465 -0.080705 0.055293 0.296988 0.390404 0.298712 0.295297 -0.038639 0.147575 -0.072320 -0.249282 0.012794 -0.317809 0.026734 0.035058 -0.014300 0.134970 0.463656 0.485951 0.044352 -0.051402 0.232186 0.253917 0.282591 0.146237
-0.041061 -0.300578 0.277070 -0.077108 0.162077 0.006211 0.140699 -0.581500 0.433696 -0.288170 0.216468 -0.614554 0.379497 -0.611928 0.611440 -0.547384 -0.045600 -0.293769 0.080735 -0.122191 -0.094390 0.053723 1.000000 0.694848 0.386999 0.474784 0.327602 0.609769 0.086901 -0.533566 -0.051438 -0.112496 -0.272511 -0.194444 0.210525 0.073254 0.031311 -0.219440 0.282320 -0.033970 -0.004548 -0.272289 -0.058832 0.083549 -0.167416 -0.091160 0.372006 0.215421 -0.264355 -0.114741 0.285252 -0.113314 -0.339127 0.172179 0.202043 -0.048663 -0.153150 0.192061 0.018954 0.011879 -0.125186 -0.639729 0.120675 -0.285605 0.700778 -0.389260 0.083913 0.106606 0.058662 0.171926 -0.119957 -0.246645 -0.130348 -0.010144 -0.085976 -0.222394 0.106682 -0.105609 0.063211 -0.012864 -0.159684 -0.137546 0.634139 -0.575694 0.672007 -0.466709 0.591903 -0.044727 0.689059 -0.098778 -0.289334 0.464345 -0.352412 0.409635 -0.042652 0.000562 0.015695 0.044174 0.271328 0.043955 -0.272507 -0.025468 -0.184838 0.115897 -0.226549 0.072222 0.042388 -0.082755 0.199244 0.032231 0.268603 0.283968 -0.028831 0.078852 0.138246 -0.083987
-0.312510 -0.460599 0.208646 -0.089998 -0.017339 0.146462 0.160046 -0.340584 0.253054 -0.083677 0.172014 -0.378247 0.235834 -0.278990 0.365784 -0.381616 0.058867 -0.103111 -0.278162 -0.415079 0.041049 0.075409 0.694848 1.000000 0.409734 0.463076 0.329003 0.565425 -0.007712 -0.323227 -0.023980 0.047768 -0.196502 -0.136716 0.220859 0.108699 0.128779 0.049093 0.277261 -0.015431 -0.036136 -0.244399 0.090194 0.145744 -0.030541 -0.083354 0.347648 0.231025 -0.046776 -0.042641 0.309235 0.041961 -0.178064 0.139456 0.208791 -0.051235 -0.331571 0.081153 0.093235 -0.175921 -0.172979 -0.376551 -0.042536 -0.410336 0.508024 -0.152578 0.089322 0.091816 -0.277751 -0.088907 0.051498 0.032097 -0.032064 -0.000185 0.058446 -0.061480 -0.031584 0.079767 0.196482 0.063289 -0.144216 -0.085613 0.352765 -0.496284 0.459152 -0.263702 0.418508 0.169225 0.554551 -0.052262 -0.226123 0.332931 -0.242214 0.217191 -0.045768 0.007455 -0.046138 0.015759 0.120126 -0.202191 -0.166074 -0.110894 -0.340259 -0.021304 -0.014828 0.249343 0.056242 0.017252 0.287178 -0.102559 0.237365 0.323238 -0.007535 0.142742 0.223294 -0.167794
-0.503659 -0.487480 0.264260 -0.182005 0.378015 0.261258 0.048043 -0.170878 0.592253 0.507737 0.203031 -0.219613 0.316788 -0.159590 0.285099 -0.519492 0.053392 -0.193120 -0.114538 -0.407529 0.553049 0.499095 0.386999 0.409734 1.000000 0.632371 0.587518 0.418948 0.099853 -0.089109 0.066761 0.287275 -0.204079 -0.167920 0.240454 0.276197 0.307150 0.041038 0.367912 0.090001 0.043412 -0.301721 -0.206994 -0.075877 -0.120731 -0.179915 0.259951 0.047976 -0.140622 -0.195633 0.172306 -0.021235 0.011871 0.271748 0.215246 0.172417 -0.382748 -0.061860 0.062693 -0.102532 -0.025719 -0.148335 -0.020676 -0.433549 0.384035 -0.240485 0.035117 0.053426 -0.277748 -0.151125 0.019115 -0.038796 0.141979 0.080545 -0.102800 -0.247555 -0.078871 0.242367 0.407410 -0.001916 -0.093491 0.111636 0.172248 -0.327232 0.473371 -0.423735 -0.007089 0.139207 0.415919 0.016507 -0.089932 0.120487 -0.018456 0.253740 0.161645 0.080816 0.152474 0.125038 -0.019858 -0.033717 0.062688 -0.107314 -0.222955 -0.344056 -0.187150 0.195729 0.062093 0.001165 0.426641 0.255556 0.210989 0.260679 -0.063593 0.305195 0.245609 -0.038682
-0.549255 -0.647009 0.086686 -0.282283 -0.126128 0.303136 -0.160674 -0.434402 0.212439 0.093672 -0.080794 -0.567978 0.005473 -0.359914 0.146682 -0.294251 0.074894 -0.275620 -0.215936 -0.403266 0.343586 0.544676 0.474784 0.463076 0.632371 1.000000 0.217474 0.652821 -0.056939 -0.194099 0.210918 0.394281 -0.336704 -0.138508 0.251665 0.388310 0.345358 0.050762 0.240898 0.060628 0.038901 -0.104343 -0.057208 0.075691 -0.019267 -0.028259 0.276708 0.154343 -0.099561 -0.069646 0.240148 0.030005 -0.045122 0.248661 0.185646 0.085748 -0.453803 0.139481 0.183653 -0.022826 -0.209947 -0.296453 -0.190735 -0.601372 0.431550 -0.142813 0.243451 0.323421 -0.095560 0.070201 0.082889 0.042696 0.008951 0.027009 -0.102126 -0.005924 -0.215338 0.110454 0.250618 0.036009 0.019822 0.047703 0.212625 -0.242629 0.440930 -0.365710 0.153233 0.155494 0.446154 -0.236060 -0.018947 0.336416 -0.189460 0.305451 0.215481 0.233409 0.297038 0.203038 0.201056 -0.014696 -0.100978 -0.138146 -0.267546 -0.218865 -0.125748 0.329714 0.146647 0.029618 0.496465 0.235531 0.370705 0.236571 -0.045633 0.293620 0.186486 0.148356
-0.128277 -0.179821 0.209671 0.141826 0.517811 0.308071 0.102815 -0.050210 0.478362 0.331960 0.133441 -0.140128 0.220322 -0.279445 0.305593 -0.410918 -0.057813 -0.072871 0.083337 -0.019898 0.319906 0.272649 0.327602 0.329003 0.587518 0.217474 1.000000 0.407529 0.077296 -0.282892 -0.063298 0.052341 -0.028232 -0.125247 0.071821 0.006544 0.091252 -0.262489 0.311599 -0.040454 0.062942 -0.261934 -0.130315 -0.139069 -0.233026 -0.263641 0.013908 -0.020702 -0.068228 -0.193058 0.023226 -0.143918 0.163074 0.027387 0.276343 -0.009527 -0.060962 0.149872 0.073173 0.037953 0.083702 -0.240224 0.103194 -0.092159 0.211845 -0.258749 0.120838 -0.091916 -0.089482 0.197463 0.136070 -0.027336 0.045021 -0.058982 -0.238889 -0.406034 -0.045981 -0.012692 0.235271 -0.078398 -0.098867 -0.083216 0.211067 -0.345825 0.351874 -0.391442 0.230111 0.176891 0.358820 0.218973 -0.134120 -0.008859 0.051935 0.089403 -0.104504 -0.011474 -0.177714 -0.126451 -0.165653 -0.187192 -0.097847 0.143089 -0.010681 0.139998 -0.139011 -0.151159 -0.132258 0.028053 0.247695 0.010114 0.042462 0.090914 -0.177026 -0.016309 -0.138363 -0.255988
-0.253559 -0.214368 -0.167317 0.155687 -0.096288 0.463967 -0.276543 -0.505774 0.242011 -0.046427 -0.034886 -0.447405 -0.028139 -0.304431 0.407561 -0.194781 -0.074455 -0.334036 -0.128211 -0.126455 -0.012238 0.245561 0.609769 0.565425 0.418948 0.652821 0.407529 1.000000 -0.089345 -0.303706 -0.004807 0.008510 -0.311600 -0.268618 0.361859 0.129236 0.126539 -0.085678 0.287262 0.001959 0.069224 -0.135657 0.176003 0.339453 -0.011583 0.073114 0.363853 0.259983 -0.010983 -0.001327 0.367589 -0.046065 -0.116044 0.187071 0.242772 0.118468 -0.225584 0.231405 0.259118 0.008813 -0.206294 -0.493917 -0.167652 -0.516821 0.408881 -0.290743 0.052262 -0.021627 0.128240 0.170819 -0.012405 0.031650 -0.088928 -0.009116 -0.096095 0.035061 -0.069894 -0.069203 0.139874 0.147433 -0.058921 -0.045707 0.394910 -0.314619 0.464863 -0.155696 0.440365 0.179985 0.619127 0.046945 -0.302100 0.074785 -0.198395 0.109076 -0.108474 0.048020 0.194852 -0.009573 0.324957 -0.132287 -0.207418 -0.154568 -0.237090 0.074579 0.054879 0.206761 -0.024663 0.002174 0.280869 0.038220 0.324265 0.356929 -0.042319 0.193225 0.039228 -0.101814
-0.088765 -0.275650 -0.038271 -0.359065 0.082225 -0.456873 0.070316 -0.243438 0.190855 0.058043 0.472219 0.164598 0.396533 -0.055203 0.165907 -0.196379 0.577754 0.326334 0.145383 -0.179528 0.379226 0.469210 0.086901 -0.007712 0.099853 -0.056939 0.077296 -0.089345 1.000000 0.523303 0.653051 0.502471 0.140021 0.196522 -0.046640 -0.120404 0.451834 -0.012668 -0.017017 -0.052337 0.190185 0.101204 -0.535717 -0.518965 -0.525551 -0.592943 -0.121160 -0.501978 -0.504565 -0.493358 -0.084809 -0.461562 0.329992 0.065696 0.227809 -0.096924 -0.135795 -0.200528 -0.210521 -0.062392 0.021621 -0.240919 0.648297 0.279524 -0.010008 -0.358924 -0.080846 -0.349266 -0.293220 -0.196191 0.359654 0.413136 0.855288 0.598591 0.411191 0.316203 0.396624 0.318981 0.446056 0.272901 0.410369 0.349319 0.189760 0.183557 0.513489 -0.018312 -0.096983 -0.251479 -0.052172 -0.144869 -0.294419 0.153514 -0.126010 -0.008800 0.123784 0.191967 0.070097 0.310869 -0.082155 0.294952 -0.039894 -0.212822 -0.023268 -0.252667 0.002436 0.004292 0.010573 0.090302 0.148547 0.416110 -0.172600 -0.086882 0.165321 0.207549 0.314248 0.011932
-0.265585 -0.010112 -0.235013 -0.119220 -0.242279 -0.260024 -0.075987 0.274219 -0.244771 0.286261 0.143039 0.591179 0.135175 0.624008 -0.335028 0.301211 0.437313 0.362941 -0.160935 -0.230023 0.278273 0.289511 -0.533566 -0.323227 -0.089109 -0.194099 -0.282892 -0.303706 0.523303 1.000000 0.442859 0.432093 0.186144 0.267676 -0.061745 -0.000805 0.392312 0.305933 -0.088151 0.039714 0.104760 0.362151 -0.218879 -0.259070 -0.115717 -0.165736 -0.266862 -0.511772 -0.042472 -0.229041 -0.011912 -0.122138 0.407680 -0.041754 0.129885 0.085374 -0.113195 -0.290463 -0.160227 -0.299183 -0.051059 0.291109 0.136201 0.099339 -0.479121 0.121856 -0.183670 -0.270052 -0.244222 -0.399022 0.319844 0.452104 0.706528 0.551027 0.435583 0.457222 0.206504 0.367805 0.392638 0.262152 0.326076 0.311462 -0.400403 0.513409 -0.110852 0.376973 -0.480721 -0.108739 -0.401684 0.006684 -0.081255 -0.373914 0.074516 -0.362528 0.006847 0.072772 0.239199 0.191610 -0.157086 0.121216 0.134775 -0.317129 -0.112853 -0.317669 0.255732 0.196965 0.044562 0.036958 0.017490 0.294492 -0.194054 -0.102548 0.202091 0.239485 0.245267 0.043581
-0.165770 -0.419802 0.045504 -0.364195 -0.054288 -0.133596 0.051004 -0.031712 -0.007844 0.110245 0.285588 0.094490 0.073671 0.045852 -0.033593 0.060914 0.345596 0.178361 0.160554 -0.300399 0.401987 0.612289 -0.051438 -0.023980 0.066761 0.210918 -0.063298 -0.004807 0.653051 0.442859 1.000000 0.747101 -0.017875 0.109038 -0.139673 0.023588 0.268832 0.086204 -0.130446 -0.036809 -0.014070 0.156919 -0.455869 -0.465424 -0.393830 -0.331043 -0.224462 -0.499041 -0.384986 -0.405591 -0.201329 -0.382079 0.352282 -0.223440 0.109283 -0.079408 -0.421545 -0.396173 0.075348 -0.031409 0.199271 -0.030752 0.357524 0.033046 -0.024768 -0.103497 0.074483 -0.002705 -0.282839 -0.237852 0.321399 0.535017 0.707367 0.336512 0.390989 0.431653 0.175710 0.152258 0.168065 0.172347 0.374146 0.092219 -0.092122 0.253567 0.286590 -0.046477 -0.308652 -0.169932 -0.115966 -0.172881 -0.138729 0.175448 0.007170 -0.019375 0.304830 0.248482 0.264725 0.481742 -0.135113 0.231307 0.078935 -0.324555 0.030085 -0.174808 0.177887 0.067252 0.211333 0.097457 0.112999 0.360674 -0.162427 -0.129720 0.210785 0.182374 0.218753 0.245825
-0.391359 -0.501756 0.034273 -0.308325 -0.111085 -0.001502 0.054278 0.089704 0.113532 0.376667 0.186901 0.097763 -0.002360 0.110132 -0.112001 0.046716 0.370958 0.265891 0.020279 -0.469406 0.549080 0.753208 -0.112496 0.047768 0.287275 0.394281 0.052341 0.008510 0.502471 0.432093 0.747101 1.000000 0.084021 0.178383 -0.110442 -0.031025 0.415080 0.149453 0.092507 0.191827 0.003098 0.241061 -0.474103 -0.485863 -0.325451 -0.448296 -0.202599 -0.441983 -0.321845 -0.323589 -0.164409 -0.235661 0.391269 -0.027819 0.097043 0.023602 -0.409393 -0.263010 -0.012668 -0.008764 0.079812 0.027314 0.292848 -0.105036 -0.038137 -0.060057 0.050343 0.004424 -0.380176 -0.169622 0.227024 0.532570 0.566652 0.218015 0.121279 0.192139 0.023283 0.401343 0.342519 0.170696 0.339627 0.224886 -0.161684 0.316859 0.273980 -0.132849 -0.360674 -0.033530 -0.135301 -0.140313 -0.130298 0.109381 0.044870 -0.017445 0.347408 0.412538 0.218023 0.358838 -0.318560 0.017271 0.026459 -0.220635 -0.014738 -0.387189 0.119156 0.118123 0.129183 0.203233 0.286873 0.398694 -0.104179 -0.229310 0.137830 0.178743 0.250359 0.236134
0.106720 0.230511 0.186088 0.224306 0.004867 -0.013909 0.279202 0.278672 -0.098960 -0.111959 -0.212638 0.196734 -0.075986 0.070859 -0.329518 0.129737 0.054064 0.353870 0.231767 0.207570 -0.081119 -0.096950 -0.272511 -0.196502 -0.204079 -0.336704 -0.028232 -0.311600 0.140021 0.186144 -0.017875 0.084021 1.000000 0.699138 0.000512 -0.101129 -0.056507 -0.028262 -0.055377 -0.003935 0.081877 0.112957 0.029135 -0.086150 0.089835 -0.119722 -0.383441 -0.245363 -0.029891 0.004183 -0.072826 -0.117480 -0.053023 -0.190287 -0.110119 -0.202755 0.123399 0.118682 -0.243250 0.041454 0.165225 0.079234 0.427042 0.370434 -0.229728 0.131091 0.185194 -0.024821 -0.134291 -0.233653 -0.236852 0.223082 0.250140 -0.126288 -0.048053 -0.136505 -0.085238 0.112799 -0.003227 0.076319 -0.060809 0.096954 -0.251751 0.116027 -0.155053 0.026109 -0.236870 -0.080937 -0.347193 -0.104497 -0.235664 -0.414746 -0.290938 -0.511864 -0.091381 -0.301198 -0.222306 -0.111630 -0.432683 -0.411845 -0.048390 0.130248 0.171702 0.007047 0.082320 0.106661 -0.295100 -0.053624 -0.331517 -0.284452 -0.175857 -0.259267 -0.033549 -0.249152 0.112254 -0.235835
0.047297 0.063482 0.275858 0.049697 -0.076274 -0.139203 0.352345 0.242616 -0.100325 -0.074835 -0.101725 0.151501 0.076275 0.040811 -0.280923 0.001977 0.224720 0.264252 0.216780 0.085584 0.038612 0.017680 -0.194444 -0.136716 -0.167920 -0.138508 -0.125247 -0.268618 0.196522 0.267676 0.109038 0.178383 0.699138 1.000000 -0.119567 -0.060543 -0.131418 -0.158245 -0.232880 -0.266023 -0.208060 0.094990 -0.094954 -0.204819 0.148511 0.002730 -0.391799 -0.425600 -0.123628 0.045348 0.091837 -0.055702 0.028992 -0.068949 -0.131001 -0.447689 -0.000806 0.135004 -0.279191 -0.083667 0.166765 -0.002512 0.468751 0.372493 -0.047443 0.218507 0.307733 0.238883 -0.072449 -0.258079 -0.181750 0.124949 0.361152 -0.093299 0.008101 -0.010572 -0.072056 -0.049657 0.135213 0.097275 0.173740 0.151959 -0.193035 -0.045547 -0.068839 -0.038517 -0.098962 -0.206950 -0.267726 -0.494607 -0.224256 -0.368794 -0.500530 -0.524871 -0.065371 -0.223473 -0.193537 -0.001162 -0.393464 -0.266785 -0.006464 -0.031789 -0.072021 -0.055287 0.061834 0.125430 -0.128255 -0.178121 -0.020682 -0.223203 -0.208642 -0.233115 0.042181 -0.285787 0.231305 -0.251513
-0.351067 -0.001660 -0.195092 -0.153708 -0.199925 -0.045607 -0.375675 -0.459403 -0.064246 -0.208548 0.051948 -0.083696 -0.070963 -0.087879 0.040461 -0.061548 0.165389 0.037125 -0.252935 -0.173735 -0.145678 0.126194 0.210525 0.220859 0.240454 0.251665 0.071821 0.361859 -0.046640 -0.061745 -0.139673 -0.110442 0.000512 -0.119567 1.000000 0.413910 0.270025 0.313509 0.184747 0.139980 0.304821 -0.112003 0.243708 0.341407 0.163235 0.125199 0.313625 0.319198 0.101619 0.004188 0.250245 0.080363 0.066953 0.262884 0.128608 0.275685 0.001499 0.161172 0.193204 -0.129531 -0.201937 -0.184809 -0.108683 -0.247104 0.088693 -0.112469 0.108922 -0.077674 -0.055668 0.114679 0.020239 0.290346 -0.028187 -0.055382 -0.103814 -0.129870 -0.091785 0.213647 0.242547 0.000639 0.087205 0.248610 0.001432 -0.093344 0.191758 0.217957 -0.041154 0.035505 0.153807 -0.001931 -0.301277 -0.075791 -0.264225 -0.089192 -0.359747 -0.054169 0.316617 -0.324238 0.350972 -0.012101 -0.197358 -0.240366 -0.120683 -0.199672 -0.088687 0.163532 -0.208448 0.206516 0.054021 0.035898 0.364703 0.346601 0.165155 0.162116 -0.050597 -0.229936
-0.504437 -0.311350 0.083500 -0.298515 -0.054546 -0.013524 -0.144229 -0.206423 -0.085764 0.131185 -0.093054 -0.191735 0.139496 0.001498 -0.131368 -0.107688 0.074037 -0.038412 -0.446639 -0.343124 0.066680 0.146935 0.073254 0.108699 0.276197 0.388310 0.006544 0.129236 -0.120404 -0.000805 0.023588 -0.031025 -0.101129 -0.060543 0.413910 1.000000 0.158537 0.287580 -0.057158 -0.079757 0.220180 -0.162036 0.135631 0.174480 0.149616 0.226009 0.251236 0.248011 0.196510 -0.109414 0.178448 0.174447 0.039297 0.250558 0.157844 0.111369 -0.277567 0.001049 0.262168 -0.029888 -0.211692 0.096806 -0.327262 -0.226304 0.108210 0.121173 0.231574 0.326589 -0.292568 -0.154303 0.113512 0.096969 -0.014750 0.160285 -0.049086 -0.061449 -0.034646 0.178477 0.270731 -0.024632 0.089934 0.102637 -0.190278 -0.136803 0.053573 -0.005100 -0.134571 -0.018951 0.120646 -0.188830 0.149076 0.029397 -0.090874 -0.004769 -0.119499 -0.154321 0.335314 0.014998 0.286190 0.025259 -0.016220 -0.239964 -0.277480 -0.286794 -0.436883 0.060641 -0.065550 -0.056101 0.134903 0.105525 0.490748 0.159157 0.127292 0.195377 -0.077515 0.101038
