1.000000 -0.281517 0.509329 -0.362470 0.174634 0.022236 0.413072 -0.189676 0.104203 0.069051 -0.421368 -0.537399 -0.437952 -0.473317 -0.053515 -0.340948 0.037807 -0.567834 0.487433 0.178104 -0.398690 -0.110142 -0.314096 -0.065790 0.019104 0.066322 0.086887 0.137246 -0.232441 -0.658031 -0.631743 -0.571489 0.325354 -0.033906 -0.268823 -0.084624 -0.457935 -0.735424 -0.058199 -0.426196 -0.143003 -0.738210 0.196185 0.060574 0.023864 -0.345272 -0.151143 0.266073 0.371608 -0.270218 0.760811 0.027775 0.493386 0.186395 0.001892 -0.420558 0.792947 -0.145453 0.264408 0.127847 0.848056 -0.052910 0.709972 -0.074147 0.709686 -0.214479 -0.195863 -0.030086 0.218593 0.085571 -0.599222 -0.692868 -0.391732 -0.722579 -0.451230 -0.632683 -0.495579 -0.535474 -0.038110 -0.541600 -0.151059 -0.309950 -0.197775 -0.475897 0.120127 -0.047942 0.218516 -0.278771 0.158254 0.051892 0.248015 0.369377 0.154899 0.154788 -0.025237 -0.387581 -0.439232 -0.411367 -0.362261 -0.208816 0.228742 0.091090 0.214978 0.066747 0.013446 -0.190637 -0.037661 -0.189920 -0.246220 -0.271987 0.055350 -0.506968 -0.315700 -0.171390 -0.326578 -0.465919
-0.281517 1.000000 -0.078817 -0.018393 0.111406 0.140175 -0.102132 0.270520 0.018008 0.052511 -0.069294 0.163917 0.012890 0.136032 0.202594 -0.090150 -0.327770 -0.136806 -0.089902 0.441346 -0.052440 -0.004491 -0.143390 0.091773 0.023630 0.028640 -0.136473 -0.108307 -0.264813 -0.129927 -0.124548 -0.175768 0.059146 0.128513 -0.059305 0.404497 -0.141060 0.004074 0.152471 0.048111 -0.253538 0.100656 0.052842 -0.046754 0.119272 0.166141 0.066817 -0.072707 0.172890 -0.031433 0.061570 -0.082982 0.113231 -0.393689 -0.086824 -0.141946 -0.114220 0.032484 -0.126566 0.167150 -0.288617 0.099843 -0.240312 -0.081967 -0.277246 -0.205847 0.161204 0.146020 0.284064 0.403413 -0.073163 -0.102339 -0.303083 -0.009684 -0.207745 -0.055123 -0.089694 0.218413 -0.022815 -0.053590 -0.175969 -0.157633 0.117545 0.131104 -0.149201 -0.502290 0.126122 0.065345 0.216451 -0.390726 0.229438 0.276443 0.276236 0.287764 0.185749 0.095400 0.118846 0.129124 0.258668 -0.046143 0.145426 0.134783 0.233657 0.203880 0.166586 0.093077 -0.024539 0.196939 0.147132 0.158898 0.274241 0.201742 0.175151 0.233643 -0.026847 0.169416
0.509329 -0.078817 1.000000 -0.060919 0.495452 0.385199 0.817990 0.366128 0.606860 0.431817 -0.352260 -0.496671 -0.134467 -0.235683 0.128105 -0.110122 -0.302249 -0.669858 0.237576 0.047201 -0.049230 -0.061782 0.156408 0.440022 0.399779 0.409955 0.309314 0.138418 -0.453646 -0.604604 -0.271126 -0.298941 0.073138 -0.056413 -0.171920 0.414294 -0.556047 -0.620061 0.071863 -0.128686 -0.277086 -0.406901 0.051662 -0.095224 0.091900 -0.122761 -0.302017 0.018427 0.478414 -0.358390 0.552398 -0.223292 0.233588 -0.218557 -0.045678 -0.459674 0.312944 -0.447637 0.189851 0.170189 0.354068 -0.144045 0.236742 -0.389269 0.323615 -0.355320 0.071308 0.450907 0.329499 0.398047 -0.285570 -0.447696 -0.393639 -0.533677 -0.409097 -0.538590 -0.602753 -0.572192 -0.344276 -0.593626 -0.441897 -0.594899 -0.210876 -0.329857 -0.059954 -0.268624 -0.032771 -0.353590 0.202990 -0.118304 0.347731 0.577362 0.476444 0.485122 -0.066439 -0.291299 -0.422075 -0.530670 -0.120392 -0.409654 0.451001 0.281549 0.415337 0.365063 0.277159 -0.032832 0.117813 -0.149815 -0.185429 -0.434746 0.193988 -0.285706 -0.262469 -0.045149 -0.228292 -0.582296
-0.362470 -0.018393 -0.060919 1.000000 0.030286 0.124776 -0.110560 0.307488 0.120818 0.199783 0.351739 0.429725 0.492227 0.438812 0.399638 0.539955 0.025568 0.272506 0.141653 -0.111432 0.318569 0.281848 0.750056 0.411363 -0.040568 0.174385 0.123627 0.294580 0.305811 0.438888 0.490198 0.337265 -0.218051 -0.059525 0.152130 -0.085268 0.469973 0.419253 0.451789 0.455486 0.286133 0.546570 -0.351039 -0.304810 -0.473526 -0.309327 -0.196250 -0.425659 -0.289351 -0.282371 -0.303585 -0.416255 -0.225757 -0.306042 0.323180 0.234005 -0.304173 -0.013071 -0.034093 -0.390531 -0.326825 -0.264932 -0.389012 -0.144646 -0.038264 -0.032864 0.144230 -0.215323 -0.162399 -0.268993 0.410266 0.480365 0.323077 0.457819 0.428054 0.446910 0.221495 0.263280 0.047135 0.303780 -0.057912 0.081786 0.146876 0.258305 -0.004800 -0.040442 -0.162673 0.306829 0.153033 0.002555 0.163740 -0.390792 -0.110224 -0.250271 0.200009 0.355847 0.199064 0.129254 0.076656 -0.127796 -0.210119 -0.245264 -0.231648 0.003494 0.082790 0.202384 0.190453 0.183167 0.142039 0.076014 -0.130584 -0.040823 -0.181198 0.245219 0.479118 0.286323
0.174634 0.111406 0.495452 0.030286 1.000000 0.750156 0.351205 0.360726 0.788349 0.595537 -0.289333 -0.291715 -0.158787 -0.110326 0.532890 0.005773 -0.320843 -0.525326 0.022968 0.264601 0.133398 0.127255 -0.034107 0.347988 0.661793 0.334572 0.585273 0.320250 -0.473363 -0.465334 -0.198067 -0.311684 -0.323324 -0.371218 -0.216259 0.191701 -0.297159 -0.376886 0.192225 0.039455 -0.151690 -0.218074 -0.248123 -0.358955 -0.065506 -0.123880 -0.398291 -0.251223 0.354861 -0.336307 0.306324 -0.163732 0.050599 -0.529309 0.140655 -0.362344 0.161188 -0.087995 0.454674 0.292336 0.169633 -0.119993 -0.073686 -0.341536 0.107171 -0.170584 0.252583 0.493142 0.343938 0.405953 -0.080872 -0.163175 -0.455580 -0.379772 -0.442391 -0.362273 -0.566883 -0.437601 -0.509822 -0.518991 -0.344059 -0.492098 0.037186 -0.083164 -0.041246 -0.369363 0.286341 0.096031 0.359538 -0.005673 0.440273 0.360754 0.445876 0.455085 -0.114481 -0.319900 -0.204455 -0.487392 -0.050276 -0.538640 0.472997 0.402042 0.458846 0.444524 0.346231 0.001237 0.271367 -0.074798 -0.224497 -0.452945 0.001793 -0.312087 -0.313374 -0.248871 -0.312896 -0.551038
0.022236 0.140175 0.385199 0.124776 0.750156 1.000000 0.176596 0.490748 0.639435 0.673430 -0.337853 -0.225173 -0.258166 -0.044433 0.496935 0.339772 -0.409653 -0.458925 -0.064582 0.153969 0.111956 0.132741 0.050522 0.403986 0.663883 0.534999 0.498387 0.372432 -0.504449 -0.370385 -0.167358 -0.231679 -0.256521 -0.236920 -0.101972 0.275272 -0.292912 -0.218295 0.252234 0.192686 -0.071667 -0.130676 -0.299415 -0.486839 -0.120520 -0.109781 -0.401608 -0.284210 0.333995 -0.408750 0.221235 -0.301302 -0.007517 -0.627510 0.013842 -0.322356 0.152529 -0.205045 0.479148 0.318814 0.059207 -0.012390 -0.237733 -0.448955 0.083521 -0.115895 0.354553 0.554050 0.476407 0.490786 -0.058152 -0.095709 -0.437398 -0.316549 -0.433909 -0.423850 -0.473868 -0.316912 -0.437167 -0.383075 -0.362777 -0.562739 0.248331 0.067099 -0.191395 -0.323554 0.184663 0.070849 0.221095 0.051374 0.484349 0.320289 0.463787 0.465818 -0.010115 -0.173397 -0.100758 -0.326869 -0.072254 -0.518855 0.476756 0.321090 0.383494 0.470567 0.346086 0.044091 0.307180 0.120858 -0.069265 -0.307136 0.141246 -0.245427 -0.283687 -0.110926 -0.215968 -0.396163
0.413072 -0.102132 0.817990 -0.110560 0.351205 0.176596 1.000000 0.354246 0.352576 0.349459 -0.137797 -0.366526 0.016513 -0.166000 0.024534 -0.137301 -0.045138 -0.404009 0.249530 0.025910 -0.085568 -0.176059 0.154787 0.405456 0.239155 0.035589 0.014849 -0.198040 -0.128328 -0.348291 -0.118773 -0.072686 0.056758 0.075682 -0.096911 0.292547 -0.385701 -0.502580 -0.177819 -0.275591 -0.321614 -0.296214 0.039118 -0.049171 0.212610 0.037070 -0.176932 0.078758 0.234083 -0.244320 0.348517 -0.183398 0.113664 0.036492 -0.255162 -0.498539 0.129672 -0.433182 -0.065977 0.000292 0.265822 -0.128604 0.288503 -0.149505 0.254845 -0.341836 -0.150461 0.314221 0.101935 0.270116 -0.104428 -0.297280 -0.108267 -0.309623 -0.182895 -0.318667 -0.279211 -0.382289 -0.157496 -0.374720 -0.164224 -0.300407 -0.185312 -0.323214 0.090324 -0.160558 -0.206574 -0.519412 -0.012578 -0.251715 0.118868 0.432823 0.319312 0.313662 -0.233279 -0.349533 -0.445228 -0.480520 -0.154786 -0.364348 0.253687 0.179325 0.243081 0.114454 0.003496 -0.145501 0.126001 -0.261752 -0.276583 -0.416615 0.074505 -0.198002 -0.146845 -0.073058 -0.178850 -0.536845
-0.189676 0.270520 0.366128 0.307488 0.360726 0.490748 0.354246 1.000000 0.257221 0.618529 -0.145469 0.141980 -0.049907 0.257786 0.274256 0.193366 -0.369933 -0.290623 0.049216 -0.037058 -0.019301 -0.047043 0.119540 0.515786 0.202346 0.162830 0.020297 -0.092023 -0.301612 -0.095538 0.026554 0.114632 -0.003398 0.117069 0.082892 0.500309 -0.240746 -0.073721 0.040178 0.207270 -0.074541 0.043228 -0.250106 -0.305473 0.072286 0.147871 -0.376648 -0.237291 0.232354 -0.288410 0.056806 -0.226570 -0.163728 -0.494209 -0.114499 -0.149474 -0.227313 -0.308662 0.068860 0.178541 -0.324998 0.001847 -0.433751 -0.431779 -0.114610 -0.100042 0.198261 0.519645 0.210966 0.227692 0.074107 -0.013718 -0.221298 0.001888 -0.147457 -0.109081 -0.245481 -0.205244 -0.248203 -0.171571 -0.370655 -0.326415 -0.012121 0.175907 -0.294341 -0.237600 0.010032 -0.006398 0.087464 -0.108437 0.319199 0.248821 0.351940 0.367890 -0.051833 0.071609 -0.241785 -0.251127 -0.013460 -0.388577 0.362909 0.235205 0.191660 0.359791 0.145256 0.146997 -0.057557 0.080009 0.047476 -0.180810 -0.007979 -0.158576 -0.301539 0.086015 -0.075532 -0.203928
0.104203 0.018008 0.606860 0.120818 0.788349 0.639435 0.352576 0.257221 1.000000 0.464599 -0.207126 -0.329892 -0.067635 -0.068693 0.516115 0.078425 -0.442077 -0.496981 0.011283 0.167234 0.162566 -0.014060 0.246639 0.498425 0.648689 0.453340 0.620160 0.408822 -0.503094 -0.442817 -0.157817 -0.284952 -0.299615 -0.376993 -0.021887 0.334070 -0.299052 -0.245781 0.219106 0.237230 -0.306307 -0.096381 -0.173799 -0.331472 -0.168695 -0.234119 -0.323112 -0.275419 0.267909 -0.385002 0.216580 -0.323067 0.089642 -0.539995 0.271186 -0.170907 0.124312 -0.127294 0.353515 0.168899 0.046067 -0.241254 -0.134722 -0.459062 0.125297 -0.220709 0.304393 0.472396 0.457266 0.386083 -0.067928 -0.121866 -0.431931 -0.293547 -0.365591 -0.322578 -0.527244 -0.367455 -0.490876 -0.453172 -0.393653 -0.550591 0.036305 -0.162018 0.008876 -0.336461 0.131746 0.069053 0.285898 0.037453 0.411092 0.388719 0.500314 0.475952 0.014400 -0.163109 -0.010589 -0.383170 0.091667 -0.468491 0.408263 0.377496 0.393242 0.477792 0.497712 0.231834 0.301503 -0.087214 -0.196255 -0.382577 0.196300 -0.079851 -0.204952 -0.111056 -0.045344 -0.408483
0.069051 0.052511 0.431817 0.199783 0.595537 0.673430 0.349459 0.618529 0.464599 1.000000 -0.126602 -0.034512 -0.050813 0.116529 0.302797 0.370141 -0.182578 -0.378350 -0.090346 -0.053141 -0.104498 -0.101077 0.048409 0.469376 0.328490 0.203663 0.155705 0.042510 -0.334723 -0.211240 -0.149250 -0.095369 -0.243132 -0.181160 -0.066786 0.264507 -0.350449 -0.142540 0.031656 0.247528 -0.089574 -0.096153 -0.356530 -0.422862 -0.157286 -0.119183 -0.515253 -0.173014 0.296132 -0.469786 0.141544 -0.277063 -0.097069 -0.391928 0.000164 -0.109715 0.038647 -0.359436 0.325412 0.166138 -0.058476 -0.100629 -0.188510 -0.473111 0.033026 -0.164650 0.234875 0.495550 0.309877 0.354518 0.007812 -0.060919 -0.323793 -0.260098 -0.324207 -0.324066 -0.407115 -0.355773 -0.315953 -0.285604 -0.274075 -0.379099 0.024293 0.141785 -0.111093 -0.043088 0.010114 0.200723 0.067833 0.232827 0.324051 0.282724 0.353945 0.370978 0.130476 0.040769 -0.174752 -0.177908 -0.234062 -0.444776 0.387061 0.259302 0.205363 0.521869 0.236747 0.208127 0.133284 0.224289 0.034589 -0.194272 0.085109 -0.399450 -0.421054 -0.026621 0.003073 -0.239074
-0.421368 -0.069294 -0.352260 0.351739 -0.289333 -0.337853 -0.137797 -0.145469 -0.207126 -0.126602 1.000000 0.547310 0.755519 0.512292 0.042157 0.405240 0.476542 0.598910 -0.196551 -0.207044 0.227967 0.193369 0.488508 -0.032765 -0.281794 -0.263462 -0.082691 -0.047953 0.507992 0.632415 0.523547 0.450596 -0.398457 -0.016987 0.106962 -0.184611 0.444503 0.485672 0.017278 0.252912 0.030832 0.506559 -0.252883 -0.079548 -0.400854 -0.210351 0.032232 -0.211738 -0.405871 -0.018268 -0.486623 -0.119071 -0.091168 0.226231 0.193950 0.433389 -0.399533 0.156081 -0.281323 -0.511676 -0.429184 -0.272925 -0.266967 0.176012 -0.282456 -0.043528 -0.251720 -0.367744 -0.422505 -0.298113 0.587949 0.626527 0.549471 0.555396 0.462662 0.485371 0.434323 0.383638 0.298355 0.587615 0.346420 0.565407 0.073113 0.190836 0.221257 0.231923 -0.275956 0.223124 -0.114187 0.133091 -0.354877 -0.404158 -0.442304 -0.405225 0.148107 0.290186 0.237124 0.361720 -0.068537 0.202228 -0.391204 -0.301423 -0.367962 -0.135247 -0.135212 0.220217 -0.043539 0.252292 0.089148 0.235609 -0.165078 0.072940 0.069136 0.185310 0.661629 0.416582
-0.537399 0.163917 -0.496671 0.429725 -0.291715 -0.225173 -0.366526 0.141980 -0.329892 -0.034512 0.547310 1.000000 0.424715 0.708237 -0.013834 0.256155 0.114402 0.648703 -0.269334 -0.262304 0.086330 0.161775 0.226156 0.061049 -0.227346 -0.267259 -0.130138 -0.162598 0.303864 0.648444 0.403351 0.401029 -0.166214 0.137461 0.227378 -0.098156 0.268737 0.464191 -0.077648 0.127394 0.103001 0.390605 -0.223571 -0.113177 -0.241556 -0.003426 0.087275 -0.225037 -0.398537 0.123754 -0.493802 0.116592 -0.176827 0.081371 -0.010934 0.332858 -0.525568 0.227324 -0.229310 -0.302303 -0.490484 0.129325 -0.400703 0.260625 -0.202007 0.397010 -0.099236 -0.396866 -0.413942 -0.469914 0.372646 0.508756 0.444391 0.605268 0.503910 0.639905 0.527400 0.527324 0.256533 0.619071 0.099818 0.508874 -0.074124 0.309760 -0.069479 0.287732 -0.111481 0.379413 -0.079573 0.051064 -0.250829 -0.427693 -0.364689 -0.330500 0.094428 0.372777 0.178305 0.400883 -0.054715 0.194900 -0.420569 -0.277039 -0.522013 -0.304389 -0.361194 -0.060876 -0.244149 0.213572 0.154509 0.363344 -0.261256 0.159032 -0.016417 0.270570 0.380500 0.420511
-0.437952 0.012890 -0.134467 0.492227 -0.158787 -0.258166 0.016513 -0.049907 -0.067635 -0.050813 0.755519 0.424715 1.000000 0.581882 0.184650 0.387696 0.299913 0.428318 -0.180972 -0.248142 0.446831 0.281946 0.591901 0.025845 -0.340673 -0.088358 -0.028228 0.020525 0.525343 0.557458 0.659474 0.522687 -0.310591 -0.151184 0.019209 -0.165499 0.476435 0.445773 0.105091 0.276396 0.165288 0.682737 -0.172408 -0.068013 -0.324391 -0.121330 -0.048493 -0.272827 -0.269857 -0.063412 -0.480465 -0.235356 -0.215020 0.034708 0.124712 0.260624 -0.464207 0.056423 -0.198304 -0.383151 -0.354633 -0.274616 -0.320382 0.061179 -0.277281 -0.164964 -0.040296 -0.306488 -0.395236 -0.257897 0.654070 0.641691 0.590248 0.593219 0.578213 0.582943 0.323889 0.360244 0.125798 0.391241 0.143236 0.340006 0.090696 0.381749 0.007342 0.016538 -0.309427 0.265005 -0.086626 0.018413 -0.258876 -0.330326 -0.308995 -0.311395 0.050824 0.198890 0.201104 0.240231 0.069931 0.164556 -0.182696 -0.236423 -0.150051 -0.046197 0.032231 0.183549 0.168906 0.300012 0.149102 0.112288 -0.208626 0.038868 0.101528 0.188650 0.524071 0.368266
-0.473317 0.136032 -0.235683 0.438812 -0.110326 -0.044433 -0.166000 0.257786 -0.068693 0.116529 0.512292 0.708237 0.581882 1.000000 0.155743 0.432980 -0.015777 0.483587 -0.164372 -0.375717 0.157920 0.151853 0.310793 0.034606 -0.169878 -0.241518 -0.050993 -0.123729 0.255634 0.560135 0.412650 0.349253 -0.182783 -0.032844 0.182353 -0.018113 0.231302 0.418718 -0.076030 0.279396 0.168764 0.488097 -0.295570 -0.238679 -0.247323 -0.043889 -0.118423 -0.457426 -0.287190 0.018180 -0.497230 0.009983 -0.260868 -0.188437 -0.081902 0.268383 -0.595236 0.149752 0.038334 0.009004 -0.384098 0.270074 -0.443036 0.139306 -0.198356 0.306583 0.190533 -0.207869 -0.240898 -0.401852 0.439267 0.562328 0.430236 0.610701 0.441236 0.567821 0.299349 0.309098 0.005704 0.530998 -0.125136 0.296204 -0.023931 0.452204 -0.318579 0.018616 -0.168176 0.279108 -0.162926 0.157438 -0.278352 -0.268174 -0.176750 -0.062948 0.023912 0.279272 -0.001369 0.231518 -0.152587 0.021623 -0.114130 -0.008456 -0.292678 -0.040513 -0.228114 0.050832 -0.227834 0.300415 0.172552 0.176613 -0.399403 -0.026108 -0.047014 0.114874 0.276741 0.441448
-0.053515 0.202594 0.128105 0.399638 0.532890 0.496935 0.024534 0.274256 0.516115 0.302797 0.042157 -0.013834 0.184650 0.155743 1.000000 0.291678 -0.206114 -0.316703 0.225436 0.410185 0.110569 0.185394 0.239269 0.385193 0.329122 0.282952 0.377985 0.393274 -0.159428 -0.236586 -0.029328 -0.176786 -0.297709 -0.287184 0.032501 0.125024 0.166267 -0.075822 0.479692 0.267392 -0.024264 0.133571 -0.471066 -0.523253 -0.414566 -0.372528 -0.473536 -0.470208 0.069480 -0.455712 0.150366 -0.465298 0.073126 -0.603526 0.330634 -0.232077 0.115003 -0.023237 0.324034 0.028340 0.069636 -0.225048 -0.190081 -0.422034 0.292289 -0.176809 0.255058 0.155166 0.456475 0.265489 0.065106 0.013368 -0.316260 -0.122079 -0.227294 -0.149095 -0.361093 -0.133032 -0.307738 -0.315850 -0.186370 -0.323379 0.444450 0.056849 0.193169 -0.447390 0.430645 0.263147 0.512819 -0.069723 0.382688 0.148791 0.297774 0.228916 -0.043855 -0.197727 0.063214 -0.293757 0.044376 -0.562937 0.202447 0.251215 0.266576 0.475073 0.376016 0.152032 0.364689 0.152517 -0.142816 -0.280875 -0.044426 -0.317908 -0.305230 -0.126640 0.046838 -0.181230
-0.340948 -0.090150 -0.110122 0.539955 0.005773 0.339772 -0.137301 0.193366 0.078425 0.370141 0.405240 0.256155 0.387696 0.432980 0.291678 1.000000 0.109336 0.173371 -0.176383 -0.222760 0.296401 0.390204 0.524672 0.248665 0.013780 0.200087 0.075641 0.252986 0.188825 0.450208 0.457820 0.394815 -0.305590 -0.075800 0.179637 -0.024204 0.285491 0.469452 0.197694 0.455156 0.275310 0.499369 -0.435982 -0.471797 -0.513726 -0.290364 -0.331758 -0.416096 -0.198047 -0.331209 -0.301013 -0.376778 -0.229835 -0.261615 0.033205 0.140934 -0.262320 -0.183877 0.082701 -0.260280 -0.287730 -0.127242 -0.327662 -0.228974 -0.101656 0.012122 0.092057 -0.064931 -0.004455 -0.078932 0.538688 0.571841 0.297935 0.375504 0.273947 0.235402 0.172717 0.213461 -0.055287 0.296810 0.043317 0.019076 0.420196 0.518468 0.080158 0.188449 -0.321179 0.158857 -0.205738 0.244388 0.002299 -0.280786 -0.046568 -0.064084 0.205911 0.223280 0.216037 0.276068 -0.090456 -0.160958 -0.016776 -0.086210 -0.115179 0.154829 -0.012130 0.116938 0.224542 0.352375 0.202429 0.155941 -0.061403 -0.132852 -0.114160 0.235903 0.447122 0.257590
0.037807 -0.327770 -0.302249 0.025568 -0.320843 -0.409653 -0.045138 -0.369933 -0.442077 -0.182578 0.476542 0.114402 0.299913 -0.015777 -0.206114 0.109336 1.000000 0.508748 -0.028578 -0.063882 0.040645 -0.107262 0.066061 -0.294502 -0.228689 -0.330857 -0.262380 -0.221343 0.733963 0.477209 0.293088 0.308956 0.055559 0.144411 -0.031903 -0.566956 0.426121 0.164476 -0.037529 -0.025641 0.176807 0.166271 -0.045075 0.137483 -0.156956 -0.113109 0.188222 0.154541 -0.468375 0.074582 -0.296317 -0.049551 -0.193863 0.457204 0.036700 0.218685 0.137603 0.271776 -0.292193 -0.460202 0.107390 -0.200408 0.341276 0.531944 -0.072714 -0.129132 -0.377929 -0.526643 -0.436063 -0.385852 0.202145 0.216867 0.575522 0.286751 0.440082 0.274187 0.461582 0.179696 0.650112 0.416241 0.792697 0.678962 0.062921 -0.081505 0.444254 0.262829 -0.261052 0.041935 -0.185389 -0.049596 -0.442662 -0.605557 -0.658937 -0.719324 -0.051775 0.075962 0.096890 0.194846 -0.061079 0.327451 -0.534943 -0.544596 -0.516008 -0.409426 -0.295412 -0.041227 -0.006527 -0.076098 -0.146648 0.117059 -0.238599 -0.024067 0.050175 -0.142224 0.272170 0.186827
-0.567834 -0.136806 -0.669858 0.272506 -0.525326 -0.458925 -0.404009 -0.290623 -0.496981 -0.378350 0.598910 0.648703 0.428318 0.483587 -0.316703 0.173371 0.508748 1.000000 -0.247405 -0.374178 0.166345 0.015774 0.274914 -0.249005 -0.252476 -0.441859 -0.286594 -0.278083 0.722145 0.875857 0.552320 0.562589 -0.070512 0.154926 0.226302 -0.420915 0.551812 0.659103 -0.148078 0.153635 0.212265 0.536554 -0.002720 0.192436 -0.056612 0.147772 0.440894 -0.024337 -0.658814 0.403806 -0.765275 0.153092 -0.398937 0.362163 -0.072479 0.501598 -0.525598 0.427240 -0.366673 -0.367563 -0.454279 0.133246 -0.232979 0.616778 -0.416354 0.306274 -0.152606 -0.564385 -0.625577 -0.627358 0.464748 0.640400 0.803328 0.780492 0.743809 0.792694 0.830958 0.600830 0.504897 0.864568 0.473189 0.791450 -0.090912 0.198059 -0.028907 0.319143 -0.352848 0.189784 -0.349743 0.021356 -0.593135 -0.731332 -0.651552 -0.625575 -0.079244 0.370146 0.313511 0.438377 0.112340 0.541105 -0.688999 -0.474187 -0.712093 -0.605795 -0.486909 -0.052239 -0.170344 -0.069640 0.101631 0.345733 -0.320659 0.436701 0.322160 0.070717 0.381427 0.563426
0.487433 -0.089902 0.237576 0.141653 0.022968 -0.064582 0.249530 0.049216 0.011283 -0.090346 -0.196551 -0.269334 -0.180972 -0.164372 0.225436 -0.176383 -0.028578 -0.247405 1.000000 0.288189 -0.283622 -0.049584 0.108012 0.139832 -0.119821 0.002955 -0.070843 0.092256 0.055490 -0.309829 -0.244413 -0.174401 0.373576 0.185558 -0.124289 0.090628 0.099858 -0.280888 0.242942 -0.040720 0.028517 -0.192807 0.020395 0.049463 0.007960 -0.224744 -0.117182 0.085430 0.071638 -0.201669 0.357470 -0.220174 0.161498 0.019772 0.057085 -0.207389 0.312656 -0.146402 0.071375 -0.065780 0.403464 -0.200696 0.317218 -0.170305 0.520284 -0.302629 -0.128794 -0.116154 0.233990 0.017110 -0.319586 -0.369783 -0.104018 -0.233887 -0.059941 -0.185178 -0.071631 -0.140118 -0.025726 -0.238546 -0.064663 -0.132666 0.114925 -0.238225 0.115873 -0.294369 0.176405 -0.294876 0.182089 -0.169291 0.217209 0.163441 0.054831 -0.009987 -0.067210 -0.105567 -0.162591 -0.346323 -0.038771 -0.215187 -0.068592 -0.095736 0.037403 -0.083645 -0.072198 -0.181945 -0.079864 -0.289465 -0.039798 -0.271386 -0.010924 -0.285699 -0.213837 -0.139273 -0.107856 -0.260692
0.178104 0.441346 0.047201 -0.111432 0.264601 0.153969 0.025910 -0.037058 0.167234 -0.053141 -0.207044 -0.262304 -0.248142 -0.375717 0.410185 -0.222760 -0.063882 -0.374178 0.288189 1.000000 -0.109182 -0.108243 -0.215854 0.246202 0.077520 0.228100 0.074373 0.247779 -0.166591 -0.435292 -0.396668 -0.436062 0.090699 0.193726 -0.004424 0.286205 0.073983 -0.283449 0.358787 -0.040631 -0.049030 -0.173692 -0.223434 -0.351189 -0.243072 -0.305573 -0.180317 -0.182933 -0.025251 -0.427588 0.407868 -0.359777 0.388669 -0.238339 0.290752 -0.258764 0.420625 0.036010 -0.083865 -0.099683 0.175325 -0.324566 0.301149 -0.172549 0.250375 -0.371534 -0.062283 0.064308 0.478245 0.471013 -0.383797 -0.384686 -0.481022 -0.398475 -0.393566 -0.366030 -0.240060 0.073594 0.131733 -0.401888 0.172316 -0.127766 0.282696 -0.165294 0.358965 -0.444471 0.397286 0.035546 0.436633 -0.369441 0.343049 0.259471 0.239565 0.127826 0.260293 -0.008597 0.136033 0.002292 -0.059414 -0.357078 -0.003530 -0.020007 0.254820 0.109424 0.213744 -0.014736 0.158837 0.051073 -0.040744 0.058906 0.461834 -0.169862 -0.282633 -0.153623 -0.151183 -0.278983
-0.398690 -0.052440 -0.049230 0.318569 0.133398 0.111956 -0.085568 -0.019301 0.162566 -0.104498 0.227967 0.086330 0.446831 0.157920 0.110569 0.296401 0.040645 0.166345 -0.283622 -0.109182 1.000000 0.569993 0.378332 0.063936 0.032929 0.371552 0.475571 0.326333 0.181147 0.319239 0.732641 0.485113 -0.368585 -0.282132 -0.135805 -0.180703 0.374993 0.323539 0.182020 0.097180 0.135193 0.555150 -0.148196 -0.176935 -0.157582 0.074252 -0.075122 -0.352325 -0.217414 0.003811 -0.411708 -0.175407 -0.394242 -0.243156 -0.047394 -0.038417 -0.251069 -0.075138 0.016474 -0.122310 -0.277133 -0.066532 -0.219440 0.070869 -0.400226 -0.026161 0.052242 -0.008440 -0.084685 -0.116975 0.653598 0.594915 0.379517 0.464434 0.366662 0.434073 0.185041 0.256921 -0.054476 0.190503 0.026418 0.082625 0.132060 0.421630 -0.041727 -0.053803 -0.197693 0.126323 -0.094332 -0.169996 -0.064500 -0.204106 -0.052560 -0.111853 -0.078567 -0.026648 0.052974 0.092589 0.216045 0.047920 0.196765 0.008037 0.172210 0.052972 0.203174 -0.003564 0.327201 0.223002 -0.031191 0.039002 -0.217369 0.150622 0.200963 0.045513 0.071785 -0.000360
-0.110142 -0.004491 -0.061782 0.281848 0.127255 0.132741 -0.176059 -0.047043 -0.014060 -0.101077 0.193369 0.161775 0.281946 0.151853 0.185394 0.390204 -0.107262 0.015774 -0.049584 -0.108243 0.569993 1.000000 0.276813 -0.043715 0.038193 0.318025 0.418407 0.477440 -0.019394 0.160723 0.426362 0.230148 -0.301314 -0.265818 -0.341460 -0.215683 0.211679 0.169565 0.288327 0.000365 0.292396 0.287173 -0.149971 -0.096856 -0.230421 -0.076613 -0.151675 -0.196311 0.075483 0.030475 -0.061414 0.084218 -0.062390 -0.093160 0.024414 -0.147292 -0.147105 -0.091442 0.177417 -0.058644 -0.035676 0.028223 -0.245909 -0.096583 -0.096945 0.105390 -0.088924 -0.125986 -0.151592 -0.101942 0.481424 0.358271 0.187504 0.201759 0.202287 0.215320 0.012743 0.095982 -0.310574 0.037366 -0.252782 -0.122324 0.229509 0.426215 -0.106813 0.081721 0.071566 0.136879 0.117660 0.126121 0.095400 -0.058681 -0.021346 0.020509 -0.074871 -0.194980 -0.067807 -0.024769 0.005942 -0.011361 0.204905 0.099902 0.189341 0.071910 -0.029903 -0.277563 0.165451 0.110221 0.047173 0.001664 -0.311645 -0.246044 -0.020314 0.243410 -0.052649 -0.063983
-0.314096 -0.143390 0.156408 0.750056 -0.034107 0.050522 0.154787 0.119540 0.246639 0.048409 0.488508 0.226156 0.591901 0.310793 0.239269 0.524672 0.066061 0.274914 0.108012 -0.215854 0.378332 0.276813 1.000000 0.425410 0.041803 0.215521 0.204571 0.299031 0.316174 0.387030 0.573876 0.446163 -0.261774 -0.067563 0.108303 0.012896 0.356677 0.366338 0.309020 0.373813 0.046995 0.546047 -0.194274 -0.178366 -0.377128 -0.249872 -0.080338 -0.291529 -0.289959 -0.183080 -0.325797 -0.405805 -0.201535 -0.085345 0.175872 0.178412 -0.306526 -0.133457 -0.182795 -0.497392 -0.365030 -0.400349 -0.324595 -0.176952 -0.095871 -0.171844 -0.051016 -0.150953 -0.164738 -0.178586 0.530522 0.558020 0.428468 0.425713 0.453002 0.404073 0.240692 0.244848 -0.008109 0.283454 -0.012089 0.036474 0.168838 0.152326 0.112113 0.066927 -0.361926 0.042238 -0.013795 -0.010269 -0.024316 -0.270076 -0.083993 -0.162267 0.116532 0.195760 0.232963 0.064224 0.120559 -0.035879 -0.216050 -0.190295 -0.172370 -0.038412 0.028629 0.153133 0.319579 0.041825 0.121844 -0.069357 0.030274 0.111151 0.020916 0.234176 0.547096 0.127708
-0.065790 0.091773 0.440022 0.411363 0.347988 0.403986 0.405456 0.515786 0.498425 0.469376 -0.032765 0.061049 0.025845 0.034606 0.385193 0.248665 -0.294502 -0.249005 0.139832 0.246202 0.063936 -0.043715 0.425410 1.000000 0.322555 0.448864 0.161794 0.187873 -0.132703 -0.129688 0.034528 0.096321 -0.052916 0.257428 0.125599 0.497444 -0.154703 -0.087183 0.214803 0.221063 -0.158781 0.070978 -0.360442 -0.477895 -0.271898 -0.282344 -0.427136 -0.303686 -0.072696 -0.585361 0.093093 -0.600063 0.032904 -0.392813 0.166263 -0.168141 -0.043013 -0.246728 -0.122368 -0.242296 -0.228949 -0.386621 -0.174907 -0.483224 0.175834 -0.309843 0.032750 0.253854 0.386029 0.267266 -0.060905 -0.083706 -0.195879 -0.068946 -0.058481 -0.098239 -0.138643 -0.049626 -0.033922 -0.172975 -0.206691 -0.240465 0.082086 0.007569 0.169434 -0.144836 -0.042186 0.024450 0.224374 -0.155245 0.339111 0.262804 0.316429 0.270930 0.218063 0.174612 -0.049495 -0.077408 -0.136463 -0.483692 0.050676 0.026657 0.078880 0.191605 0.187681 0.141102 0.140335 0.049627 0.043182 -0.075150 0.384993 -0.096147 -0.395288 0.244509 0.149496 -0.251682
0.019104 0.023630 0.399779 -0.040568 0.661793 0.663883 0.239155 0.202346 0.648689 0.328490 -0.281794 -0.227346 -0.340673 -0.169878 0.329122 0.013780 -0.228689 -0.252476 -0.119821 0.077520 0.032929 0.038193 0.041803 0.322555 1.000000 0.382229 0.523204 0.189370 -0.444016 -0.312696 -0.124238 -0.233913 -0.216209 -0.199147 -0.051124 0.134945 -0.308370 -0.300097 0.260591 0.077857 -0.312852 -0.221982 -0.152174 -0.152666 0.097690 0.050731 -0.105689 -0.087328 0.180732 -0.045054 0.133237 -0.045283 0.009333 -0.416319 0.121267 -0.259158 0.109417 0.067700 0.275439 0.260539 0.085973 0.116243 -0.113158 -0.085211 0.010520 0.061187 0.217299 0.404563 0.254736 0.292246 -0.169687 -0.216908 -0.349111 -0.256334 -0.332908 -0.328421 -0.354457 -0.394871 -0.330982 -0.291631 -0.229720 -0.353371 -0.033287 -0.262254 0.054203 -0.261702 0.138131 -0.079599 0.361903 -0.073049 0.248453 0.191125 0.265749 0.288807 -0.282812 -0.294036 -0.089886 -0.455891 0.155988 -0.316984 0.136087 0.272366 0.111946 0.189087 0.141176 -0.102649 0.228658 -0.248055 -0.331248 -0.386221 0.012451 0.052590 -0.037933 -0.184957 -0.335001 -0.407992
0.066322 0.028640 0.409955 0.174385 0.334572 0.534999 0.035589 0.162830 0.453340 0.203663 -0.263462 -0.267259 -0.088358 -0.241518 0.282952 0.200087 -0.330857 -0.441859 0.002955 0.228100 0.371552 0.318025 0.215521 0.448864 0.382229 1.000000 0.528555 0.649035 -0.339540 -0.364679 0.008861 -0.046836 0.015326 0.015405 -0.187793 0.303494 -0.134894 -0.243149 0.513798 0.136135 0.085891 -0.031834 -0.079153 -0.255619 -0.185868 -0.216406 -0.299339 -0.142207 0.275681 -0.453675 0.281662 -0.454244 0.148643 -0.425576 0.247320 -0.213707 0.238116 -0.211971 0.227863 0.004538 0.105349 -0.286323 -0.048710 -0.427988 0.157775 -0.308984 0.212859 0.269663 0.353142 0.325799 -0.121580 -0.159794 -0.294063 -0.266642 -0.208660 -0.312569 -0.366397 -0.109747 -0.153803 -0.395780 -0.251942 -0.448158 0.208651 0.108508 -0.016005 -0.261393 0.164127 0.076448 0.343196 -0.111604 0.494614 0.241183 0.198533 0.162333 0.218072 0.045605 0.059412 -0.108761 0.049701 -0.231161 0.287715 -0.049805 0.318534 0.208743 0.438633 0.004742 0.192007 0.174337 0.057966 -0.028178 0.378101 -0.143904 -0.199669 0.103929 -0.125575 -0.266218
0.086887 -0.136473 0.309314 0.123627 0.585273 0.498387 0.014849 0.020297 0.620160 0.155705 -0.082691 -0.130138 -0.028228 -0.050993 0.377985 0.075641 -0.262380 -0.286594 -0.070843 0.074373 0.475571 0.418407 0.204571 0.161794 0.523204 0.528555 1.000000 0.714369 -0.401844 -0.308783 0.088364 -0.157696 -0.353508 -0.468176 -0.195493 -0.058070 -0.100817 -0.230171 0.320409 -0.035904 -0.038333 -0.100189 -0.181628 -0.255061 -0.231690 -0.235747 -0.212403 -0.262605 0.110219 -0.171055 0.134199 -0.087433 -0.025185 -0.419537 0.218066 -0.228180 0.199641 -0.002852 0.432197 0.172232 0.154829 -0.065519 -0.070835 -0.181253 0.053264 0.034355 0.200501 0.182575 0.241508 0.085020 0.175489 0.089419 -0.199920 -0.180636 -0.193784 -0.153615 -0.347600 -0.166897 -0.437708 -0.300059 -0.302785 -0.399846 0.053027 -0.100946 -0.043817 -0.201484 0.371618 0.176436 0.371452 -0.017970 0.324455 0.142958 0.200528 0.241931 -0.079964 -0.291163 -0.045517 -0.260888 -0.001342 -0.309327 0.378995 0.304327 0.336440 0.297391 0.302283 -0.121524 0.273614 0.094650 -0.263535 -0.268497 -0.034105 -0.197373 -0.219467 -0.223267 -0.184897 -0.412664
0.137246 -0.108307 0.138418 0.294580 0.320250 0.372432 -0.198040 -0.092023 0.408822 0.042510 -0.047953 -0.162598 0.020525 -0.123729 0.393274 0.252986 -0.221343 -0.278083 0.092256 0.247779 0.326333 0.477440 0.299031 0.187873 0.189370 0.649035 0.714369 1.000000 -0.245418 -0.280562 -0.014895 -0.200106 -0.147780 -0.253303 -0.227848 -0.085227 0.065203 -0.092199 0.482818 0.126946 0.246623 0.000955 -0.140512 -0.284652 -0.471038 -0.538231 -0.190701 -0.246922 0.143679 -0.380239 0.280079 -0.297164 0.255735 -0.328880 0.413786 -0.120152 0.288362 -0.003779 0.269199 -0.141362 0.176426 -0.350187 -0.043150 -0.325862 0.237348 -0.144104 0.081161 -0.095497 0.188772 0.046668 0.090283 0.063259 -0.214867 -0.193391 -0.115319 -0.156055 -0.257734 0.032786 -0.200931 -0.235517 -0.236454 -0.362168 0.228363 -0.027790 0.012708 -0.155216 0.313566 0.212563 0.405158 0.058577 0.369567 0.047980 0.154197 0.115747 0.271575 -0.030136 0.186844 -0.020835 -0.055526 -0.285652 0.250856 -0.011368 0.301547 0.177160 0.339980 -0.013373 0.242843 0.142310 -0.006009 0.033177 0.219884 -0.297433 -0.305087 0.003372 0.066118 -0.122711
-0.232441 -0.264813 -0.453646 0.305811 -0.473363 -0.504449 -0.128328 -0.301612 -0.503094 -0.334723 0.507992 0.303864 0.525343 0.255634 -0.159428 0.188825 0.733963 0.722145 0.055490 -0.166591 0.181147 -0.019394 0.316174 -0.132703 -0.444016 -0.339540 -0.401844 -0.245418 1.000000 0.741983 0.551410 0.621161 0.152164 0.286061 0.141739 -0.475268 0.653535 0.457975 -0.031712 0.098114 0.361883 0.505603 -0.050596 0.068517 -0.142395 -0.035827 0.170178 -0.056212 -0.644299 0.069245 -0.542133 -0.193038 -0.358312 0.363194 -0.030740 0.284455 -0.246925 0.275527 -0.376893 -0.524288 -0.119901 -0.169441 0.092352 0.498494 -0.101987 -0.069453 -0.220039 -0.616101 -0.507598 -0.541147 0.374604 0.464909 0.830628 0.587400 0.733511 0.635892 0.688846 0.415370 0.642124 0.597429 0.602434 0.742103 0.066278 0.229100 0.177358 0.240160 -0.393578 0.052629 -0.292091 -0.093337 -0.515223 -0.731736 -0.692198 -0.744968 -0.036187 0.278074 0.169338 0.324252 -0.041266 0.381500 -0.629979 -0.615940 -0.562389 -0.553722 -0.385375 0.003495 0.007422 -0.061603 0.085736 0.208675 -0.287767 0.115671 0.092142 -0.000143 0.385946 0.423743
-0.658031 -0.129927 -0.604604 0.438888 -0.465334 -0.370385 -0.348291 -0.095538 -0.442817 -0.211240 0.632415 0.648444 0.557458 0.560135 -0.236586 0.450208 0.477209 0.875857 -0.309829 -0.435292 0.319239 0.160723 0.387030 -0.129688 -0.312696 -0.364679 -0.308783 -0.280562 0.741983 1.000000 0.744499 0.744415 -0.114329 0.172689 0.329550 -0.329185 0.622505 0.773756 -0.098270 0.303899 0.324879 0.725288 -0.110375 0.051201 -0.123321 0.173878 0.245742 -0.150110 -0.648287 0.273594 -0.817621 0.009194 -0.496772 0.213131 -0.075556 0.493708 -0.647452 0.222763 -0.356999 -0.407740 -0.543639 0.071394 -0.347243 0.433539 -0.467664 0.272007 -0.087904 -0.464539 -0.609905 -0.605415 0.634471 0.758177 0.857685 0.892283 0.824199 0.844635 0.810220 0.597874 0.412014 0.843350 0.436044 0.697425 0.068761 0.470925 0.004971 0.374631 -0.504078 0.181363 -0.437041 0.051233 -0.505738 -0.779464 -0.611659 -0.614746 -0.014174 0.427408 0.301539 0.468915 0.094675 0.405965 -0.563038 -0.439030 -0.599116 -0.469592 -0.420332 0.017078 -0.057618 0.058229 0.162410 0.364622 -0.346104 0.353205 0.232565 0.194133 0.488521 0.564333
-0.631743 -0.124548 -0.271126 0.490198 -0.198067 -0.167358 -0.118773 0.026554 -0.157817 -0.149250 0.523547 0.403351 0.659474 0.412650 -0.029328 0.457820 0.293088 0.552320 -0.244413 -0.396668 0.732641 0.426362 0.573876 0.034528 -0.124238 0.008861 0.088364 -0.014895 0.551410 0.744499 1.000000 0.850061 -0.276212 -0.039307 0.018580 -0.242215 0.534248 0.567279 0.068776 0.214137 0.194914 0.768193 -0.135781 0.011211 -0.076963 0.232689 0.047495 -0.241603 -0.463359 0.215551 -0.721937 -0.105062 -0.589616 -0.013251 -0.137175 0.196246 -0.574926 0.000205 -0.253854 -0.334834 -0.478104 -0.057804 -0.357341 0.234228 -0.509770 0.080244 -0.071313 -0.254480 -0.428522 -0.400235 0.826509 0.802872 0.750188 0.792297 0.717023 0.730311 0.556245 0.416190 0.117968 0.530386 0.222924 0.404514 0.137939 0.487473 0.017834 0.171213 -0.437319 0.059542 -0.288183 -0.133957 -0.362061 -0.539089 -0.376569 -0.398718 -0.161876 0.147893 0.154601 0.228216 0.249776 0.227801 -0.204384 -0.216087 -0.237855 -0.216880 -0.174333 -0.035958 0.204271 0.108271 0.022946 0.115672 -0.361162 0.267519 0.274154 0.166811 0.327168 0.299965
-0.571489 -0.175768 -0.298941 0.337265 -0.311684 -0.231679 -0.072686 0.114632 -0.284952 -0.095369 0.450596 0.401029 0.522687 0.349253 -0.176786 0.394815 0.308956 0.562589 -0.174401 -0.436062 0.485113 0.230148 0.446163 0.096321 -0.233913 -0.046836 -0.157696 -0.200106 0.621161 0.744415 0.850061 1.000000 -0.014646 0.229092 0.123415 -0.135381 0.481024 0.543572 -0.078562 0.240345 0.263399 0.686036 -0.064168 0.043729 0.085140 0.348285 0.039571 -0.114592 -0.449379 0.191541 -0.717360 -0.151817 -0.574473 0.122006 -0.212177 0.257269 -0.590078 -0.022243 -0.330398 -0.379078 -0.469211 -0.047952 -0.327995 0.175106 -0.384238 0.086592 -0.124340 -0.232043 -0.424887 -0.433774 0.681818 0.689533 0.741620 0.739943 0.724391 0.690126 0.627873 0.417908 0.230124 0.507109 0.336212 0.446741 0.169717 0.542441 0.015620 0.272972 -0.466546 -0.012436 -0.389298 -0.080331 -0.431135 -0.552052 -0.505538 -0.475907 -0.157432 0.251118 0.194732 0.240668 0.205122 0.278765 -0.315450 -0.329790 -0.352286 -0.335500 -0.319353 -0.049341 0.000835 -0.028493 0.144071 0.133575 -0.259817 0.252574 0.210565 0.146319 0.325020 0.253146
0.325354 0.059146 0.073138 -0.218051 -0.323324 -0.256521 0.056758 -0.003398 -0.299615 -0.243132 -0.398457 -0.166214 -0.310591 -0.182783 -0.297709 -0.305590 0.055559 -0.070512 0.373576 0.090699 -0.368585 -0.301314 -0.261774 -0.052916 -0.216209 0.015326 -0.353508 -0.147780 0.152164 -0.114329 -0.276212 -0.014646 1.000000 0.695497 0.185632 0.113878 -0.070737 -0.225716 0.007102 -0.034157 0.101403 -0.242338 0.473909 0.341930 0.344613 0.083956 0.329896 0.402991 0.109116 -0.001082 0.284422 -0.116525 0.203603 0.061038 -0.041380 -0.080274 0.223862 -0.023228 -0.186634 -0.055374 0.302121 0.106315 0.304440 0.115687 0.268289 -0.170660 0.020971 -0.206579 0.001371 -0.136752 -0.497736 -0.457992 0.012185 -0.152967 0.052413 -0.162022 0.141091 -0.002846 0.305092 -0.053986 0.033703 -0.029665 -0.177843 -0.169554 -0.174823 -0.236129 -0.103427 -0.289311 -0.020481 -0.341912 -0.045845 -0.137507 -0.295811 -0.275876 -0.004579 0.148255 0.064367 -0.035874 0.066225 0.124126 -0.210651 -0.382274 -0.115709 -0.331332 -0.192924 -0.175331 -0.262387 -0.272120 0.074617 0.026094 0.187311 0.066010 -0.117257 -0.106407 -0.087687 -0.012880
-0.033906 0.128513 -0.056413 -0.059525 -0.371218 -0.236920 0.075682 0.117069 -0.376993 -0.181160 -0.016987 0.137461 -0.151184 -0.032844 -0.287184 -0.075800 0.144411 0.154926 0.185558 0.193726 -0.282132 -0.265818 -0.067563 0.257428 -0.199147 0.015405 -0.468176 -0.253303 0.286061 0.172689 -0.039307 0.229092 0.695497 1.000000 0.336448 0.315932 0.064442 -0.018046 -0.028101 0.043635 0.105384 -0.034965 0.153295 0.066044 0.151277 0.059243 0.204552 0.165087 -0.208722 -0.099980 0.080837 -0.239593 0.206561 0.129172 -0.058855 -0.015471 -0.069024 -0.068967 -0.534364 -0.371305 -0.077116 -0.043622 0.142141 0.126591 0.123934 -0.110654 -0.214605 -0.203369 -0.104244 -0.072471 -0.321002 -0.191299 0.148552 0.093092 0.169806 0.019207 0.387719 0.273502 0.502127 0.208630 0.254243 0.250887 -0.037543 -0.067400 0.068318 -0.042248 -0.276345 -0.324000 -0.097448 -0.395988 -0.131116 -0.201854 -0.328101 -0.319752 0.198126 0.368202 0.103078 0.209626 -0.148986 -0.014538 -0.441604 -0.503565 -0.290570 -0.446639 -0.355179 -0.182273 -0.363208 -0.126861 0.163198 0.236547 0.355775 0.141938 -0.101859 0.085833 0.151535 0.100203
-0.268823 -0.059305 -0.171920 0.152130 -0.216259 -0.101972 -0.096911 0.082892 -0.021887 -0.066786 0.106962 0.227378 0.019209 0.182353 0.032501 0.179637 -0.031903 0.226302 -0.124289 -0.004424 -0.135805 -0.341460 0.108303 0.125599 -0.051124 -0.187793 -0.195493 -0.227848 0.141739 0.329550 0.018580 0.123415 0.185632 0.336448 1.000000 0.326579 0.251665 0.344176 0.058638 0.372320 0.017049 0.237928 -0.037846 -0.203295 -0.104186 -0.035010 0.131265 -0.205262 -0.322002 -0.135854 -0.152700 -0.271320 0.035535 -0.179161 0.173965 0.250206 -0.225487 -0.052214 -0.226943 -0.200899 -0.275226 0.067529 -0.123963 -0.001014 -0.014402 0.187251 0.175249 0.028032 -0.038151 -0.194034 -0.035700 0.129622 0.140423 0.282928 0.178500 0.164424 0.302201 0.265692 0.163021 0.279330 0.110644 0.125916 -0.047633 0.102964 0.107464 0.017116 -0.276440 -0.069157 -0.139418 -0.167544 -0.026092 -0.348095 -0.150024 -0.208135 0.065481 0.359763 0.336933 0.148504 0.050102 -0.123759 -0.334607 -0.182065 -0.204699 -0.154922 -0.077421 0.149169 0.090713 0.058827 0.109212 0.089520 0.132589 0.342829 -0.042277 -0.161288 0.352029 0.118513
-0.084624 0.404497 0.414294 -0.085268 0.191701 0.275272 0.292547 0.500309 0.334070 0.264507 -0.184611 -0.098156 -0.165499 -0.018113 0.125024 -0.024204 -0.566956 -0.420915 0.090628 0.286205 -0.180703 -0.215683 0.012896 0.497444 0.134945 0.303494 -0.058070 -0.085227 -0.475268 -0.329185 -0.242215 -0.135381 0.113878 0.315932 0.326579 1.000000 -0.364986 -0.161482 0.086721 0.183387 -0.309931 -0.079091 0.037421 -0.157290 0.121823 0.092972 -0.171506 -0.062138 0.284448 -0.316259 0.269816 -0.330364 0.243996 -0.398899 -0.031286 -0.136128 -0.106913 -0.415800 -0.134508 0.093363 -0.257856 -0.084436 -0.181125 -0.518870 -0.012181 -0.273570 0.088515 0.533662 0.407199 0.493331 -0.261926 -0.269588 -0.430088 -0.195695 -0.344040 -0.338951 -0.303849 -0.093162 -0.236562 -0.276311 -0.340841 -0.409921 0.010369 0.038329 -0.111267 -0.358279 -0.029542 -0.232075 0.051510 -0.294330 0.404587 0.486738 0.484287 0.493436 0.254707 0.230225 0.011228 -0.091529 0.039244 -0.373619 0.245381 0.172466 0.330815 0.285786 0.266470 0.195058 -0.019488 0.119519 0.278929 -0.070018 0.534561 0.094190 -0.133333 0.099834 0.001875 -0.227000
