1.000000 0.123556 0.251147 -0.120460 0.473082 0.021906 0.203553 -0.288295 0.413366 0.076751 0.450835 -0.159626 0.100998 -0.123649 0.604702 -0.013213 0.276236 -0.118129 0.353872 0.166321 -0.145759 -0.600765 0.241549 -0.054877 0.104044 -0.475456 0.369019 0.068469 -0.178661 -0.357279 -0.144561 -0.478420 -0.107065 -0.231822 -0.148155 -0.361686 -0.153864 -0.369466 -0.047264 -0.136523 -0.163209 -0.147563 -0.312608 -0.333236 -0.292317 -0.209117 -0.205506 -0.374036 -0.228566 -0.181651 0.225884 -0.141240 -0.077609 -0.156348 0.043370 0.079115 0.546153 0.023493 0.257867 0.095103 0.390059 -0.160633 0.157349 0.057037 0.363874 -0.093509 -0.063813 -0.061219 0.202468 0.176008 0.009813 0.148161 -0.151786 -0.035367 -0.066345 -0.097117 0.127966 0.161553 0.233160 0.166896 0.034830 0.011973 0.235899 -0.109997 0.372715 0.128863 0.380555 0.224007 0.368952 0.210367 -0.172404 0.160153 -0.163616 0.239292 -0.336734 -0.225850 -0.233722 -0.362527 0.084384 0.050703 -0.110727 0.251410 -0.121934 0.373145 -0.313115 -0.005798 0.209124 0.051817 -0.050397 -0.149958 -0.315965 -0.177394 -0.290128 -0.158634 -0.051864 -0.094892
0.123556 1.000000 -0.363805 0.017735 -0.049644 -0.016411 -0.075683 -0.056795 -0.099806 0.051536 0.107418 0.294849 0.010940 0.282335 0.092994 0.326514 0.065914 0.114845 0.051082 0.436776 -0.186609 -0.161743 -0.371846 -0.107391 -0.217918 -0.243931 -0.260654 -0.284632 -0.142996 0.221145 -0.376020 -0.251647 -0.083632 -0.018798 -0.079443 -0.116608 0.020508 -0.213491 -0.123977 -0.146060 0.031407 -0.059315 -0.310286 -0.339591 -0.040773 -0.047572 -0.171833 -0.333371 -0.019438 -0.019959 -0.205518 0.123316 -0.087889 0.003600 -0.009295 -0.137635 0.320614 0.235886 0.124586 0.310498 0.334936 0.316923 0.270143 0.412005 -0.224181 0.015564 -0.041167 -0.146297 0.274450 0.084137 -0.244727 -0.304385 0.013486 0.111374 0.242184 0.038603 -0.051921 0.128071 -0.056590 0.064229 0.110923 0.125944 -0.071019 0.157051 -0.151352 0.391753 -0.246162 -0.042911 0.103048 0.099808 -0.164142 -0.355457 -0.069747 -0.296953 0.079848 0.073228 -0.202730 0.189334 -0.137005 -0.128381 -0.008294 -0.021004 0.246432 0.073479 -0.120166 -0.008630 0.208502 -0.095155 -0.075134 -0.081165 -0.410180 -0.071140 -0.195358 0.030082 0.106513 -0.056650
0.251147 -0.363805 1.000000 0.091061 0.445309 0.194376 0.484163 0.046048 0.440646 0.035513 0.156090 -0.049577 0.183311 -0.292143 0.313186 -0.238717 -0.202631 -0.354358 0.329158 -0.307485 0.104240 -0.048370 0.589252 -0.050726 0.367376 0.069494 0.418061 0.440527 -0.326520 -0.423566 0.331625 0.026108 0.176469 0.061295 0.138458 0.040154 -0.061125 -0.196604 0.047019 -0.149559 0.029664 -0.235107 -0.020140 0.129228 -0.147939 0.065033 -0.113001 -0.292556 -0.103130 -0.161330 0.334804 -0.179470 -0.017667 -0.248153 0.147311 0.067607 0.031794 -0.040326 0.030336 -0.417004 0.120410 -0.187068 -0.264660 -0.221023 0.482930 0.331107 0.087546 0.253285 -0.145371 -0.011995 0.061305 -0.112509 -0.169376 -0.203389 -0.101498 -0.198441 0.101226 -0.050821 -0.208485 -0.174817 -0.323649 -0.357968 0.082604 -0.285023 0.240479 -0.184162 0.312303 0.071546 0.263609 -0.009693 -0.119038 0.133995 0.009141 0.242683 -0.291485 -0.037495 0.058425 -0.313842 -0.135424 -0.013383 -0.290717 -0.015120 -0.065805 -0.061454 -0.164982 -0.177128 -0.088884 -0.090310 -0.327497 -0.128162 -0.074059 -0.257712 -0.151460 -0.163740 -0.106597 -0.396966
-0.120460 0.017735 0.091061 1.000000 -0.142515 0.342087 0.031647 0.586052 0.002893 0.319421 -0.437195 -0.269193 -0.161743 -0.061760 -0.053785 0.141251 0.067843 0.038282 0.066122 -0.050822 -0.020496 0.135082 0.413016 0.538818 0.191830 0.305561 0.248680 0.406941 -0.144623 -0.147002 0.045524 0.074929 -0.257490 -0.063779 -0.186927 -0.355191 -0.015413 -0.175030 0.145341 -0.006722 0.000996 -0.230431 -0.258102 -0.247960 -0.292115 -0.338481 -0.248996 -0.254087 -0.106141 -0.015149 0.208967 0.098522 -0.022785 0.167739 0.145046 -0.177832 0.122355 0.056089 -0.223693 -0.015646 -0.099167 0.246018 0.136620 0.308779 0.386617 0.230026 -0.433233 -0.235180 -0.196755 -0.120909 -0.350402 -0.157502 -0.341624 -0.226665 -0.111989 -0.306764 -0.226485 -0.264456 -0.145447 -0.148268 -0.076248 -0.191862 0.065801 -0.035856 0.242487 0.012792 0.203448 0.278086 0.616412 0.419152 0.071623 0.009841 0.497705 -0.083334 -0.298583 0.233235 -0.213924 -0.275660 0.100334 -0.251137 0.218946 0.252252 0.235296 -0.008959 0.022958 -0.199448 0.110455 -0.281593 -0.101652 0.045793 -0.338239 -0.020265 -0.018869 0.105560 -0.366919 -0.280177
0.473082 -0.049644 0.445309 -0.142515 1.000000 0.255516 0.408966 -0.221397 0.462608 0.244707 0.368292 -0.093656 0.283664 -0.083226 0.558255 0.106877 -0.089567 -0.281692 0.387153 0.010348 0.027841 -0.327227 0.257755 0.000302 0.080656 -0.116987 0.513189 0.251307 -0.055668 -0.218306 0.108490 -0.194017 -0.240783 -0.154400 -0.044981 -0.086664 -0.207197 -0.360044 0.063547 -0.009686 -0.064714 -0.134297 -0.128254 -0.062873 -0.057290 -0.014926 -0.146880 -0.288779 -0.070209 -0.046863 0.099442 -0.111386 -0.008661 -0.318509 -0.072342 0.068715 0.062334 -0.211318 0.265047 -0.041897 0.419474 -0.089823 -0.038526 -0.145521 0.240397 -0.025231 0.006619 0.074154 0.038394 0.085297 0.150582 0.075421 0.025318 -0.037507 -0.053016 -0.023217 0.056005 0.086862 -0.107260 -0.108520 -0.319262 -0.137764 0.423167 0.071132 0.102676 -0.105775 0.300030 0.120418 0.161523 0.117752 -0.266892 0.143289 -0.132984 0.290167 -0.033816 -0.190057 -0.261397 -0.241422 -0.194194 0.007227 -0.231413 -0.122079 -0.041323 -0.021634 -0.082302 -0.104571 -0.011162 0.003456 0.095832 -0.184239 -0.137645 -0.302443 -0.196637 -0.165304 -0.168884 -0.073311
0.021906 -0.016411 0.194376 0.342087 0.255516 1.000000 -0.051515 0.288427 0.285808 0.598088 -0.239781 -0.145072 -0.231903 -0.010958 -0.040381 0.216261 -0.067504 -0.081586 0.248040 0.030989 0.033090 -0.113896 0.168147 0.112470 0.056194 0.240996 0.288548 0.228589 0.097072 -0.237082 -0.045943 -0.088727 -0.300195 -0.020422 -0.262283 -0.172610 -0.158722 -0.173524 -0.011738 0.297086 0.145731 0.071005 -0.116324 -0.192839 -0.312877 -0.225286 -0.214823 -0.187145 -0.298910 -0.277418 -0.077830 -0.105237 -0.138574 -0.214608 -0.196841 -0.178496 0.123296 0.318096 -0.052194 0.086415 0.076111 0.324920 0.086344 0.151477 0.205160 0.156762 -0.122811 -0.039734 0.294941 0.261258 0.021349 -0.187316 -0.242972 -0.007795 -0.029202 -0.070516 -0.236370 -0.009913 0.060236 -0.073494 0.055795 -0.000702 0.235662 0.220944 0.081561 -0.116959 -0.033861 0.197408 0.237352 0.196423 -0.159787 -0.116674 0.069212 -0.042050 -0.032470 -0.086579 -0.265029 -0.129955 -0.117602 -0.272677 -0.098887 0.065555 0.214167 -0.094280 0.218434 0.017396 0.115373 -0.239695 0.108020 -0.258474 -0.392533 -0.243412 -0.241116 0.018349 -0.244546 -0.106376
0.203553 -0.075683 0.484163 0.031647 0.408966 -0.051515 1.000000 0.378954 0.209020 0.057912 -0.036773 0.007719 0.495626 0.224116 0.207068 0.128557 0.213531 0.055601 0.250698 0.071638 -0.258234 0.032536 0.021814 -0.059224 -0.155813 -0.279838 0.172331 -0.158602 -0.044600 -0.074674 -0.019119 -0.050823 0.296275 0.136170 -0.014923 -0.059202 -0.211246 -0.394026 -0.173484 -0.366319 -0.166588 -0.187982 -0.342354 -0.265879 -0.163466 -0.203458 -0.298085 -0.448959 0.094401 -0.092245 -0.001019 -0.149780 -0.029088 -0.345455 0.071674 -0.123155 0.023433 -0.424940 0.219019 -0.241701 0.539066 0.144304 0.182766 0.202892 0.340718 0.152293 0.168353 0.190497 -0.345563 0.097028 -0.066294 -0.049560 0.033344 -0.183362 -0.086409 -0.187697 -0.025377 -0.101062 -0.162427 -0.184222 -0.271123 -0.289879 -0.074946 -0.079632 -0.170354 -0.073604 -0.059297 -0.276817 0.319545 0.185001 -0.019410 0.111588 0.147782 0.071484 -0.105232 -0.107147 -0.208426 -0.333324 -0.110292 -0.068670 0.081033 0.005102 0.066199 0.013343 -0.021493 -0.231340 -0.123839 0.022514 -0.191765 -0.262705 -0.194009 -0.312984 -0.245426 -0.239896 -0.116955 -0.088734
-0.288295 -0.056795 0.046048 0.586052 -0.221397 0.288427 0.378954 1.000000 0.037266 0.425247 -0.674496 -0.055054 -0.024022 0.431158 -0.395925 0.264303 0.230873 0.311877 0.038310 -0.074902 -0.222107 0.154043 -0.111099 0.054074 -0.264919 0.031170 -0.163561 -0.216644 0.135298 0.064933 -0.113988 0.068886 0.164407 0.160468 -0.355838 -0.270239 -0.124509 -0.128274 -0.223871 -0.133057 -0.011798 -0.115279 -0.313766 -0.363549 -0.380582 -0.463723 -0.226951 -0.287756 -0.034218 -0.123694 -0.123294 -0.063295 0.046150 0.018387 -0.070562 -0.218257 -0.000990 -0.140513 -0.026423 -0.032740 0.023255 0.571143 0.186906 0.355778 0.174231 0.344177 -0.153949 -0.143817 -0.129203 0.077176 -0.269749 -0.032888 -0.042775 -0.123666 -0.135652 -0.053073 -0.256815 -0.241026 -0.040124 -0.058947 0.011251 -0.086244 -0.244450 -0.121996 -0.239569 -0.275141 -0.320413 -0.297475 0.388922 0.226630 0.260047 0.123655 0.537608 -0.033232 -0.080073 0.028117 -0.261514 -0.142149 0.090291 -0.155937 0.366271 0.162137 0.220609 -0.078179 0.218139 -0.134712 -0.052821 -0.166016 -0.028439 -0.127475 -0.396068 -0.095474 -0.035996 -0.060780 -0.174853 -0.101972
0.413366 -0.099806 0.440646 0.002893 0.462608 0.285808 0.209020 0.037266 1.000000 0.434720 0.096146 -0.122013 0.007016 -0.018331 0.405411 0.154989 -0.048222 -0.243626 0.335719 -0.077894 0.036907 -0.293057 0.313997 -0.268022 0.150842 -0.315955 0.149979 0.105631 -0.164335 -0.296371 -0.034921 -0.337148 -0.132195 -0.172105 -0.083112 -0.114453 -0.043105 0.016216 0.089057 0.094419 -0.029216 0.152525 0.033327 -0.047042 -0.146563 -0.137319 0.134820 -0.163618 -0.279800 -0.051574 0.137440 -0.027061 0.023481 -0.118001 -0.078322 0.209620 0.329252 0.162724 0.234829 0.053056 0.232088 0.127491 -0.180201 0.003706 0.362746 0.121887 -0.200912 -0.099548 0.222664 0.054472 0.098855 -0.013605 -0.157093 0.159987 0.071542 0.133006 0.184784 0.121071 -0.088266 -0.004637 -0.128412 -0.123791 0.231816 0.001927 0.110527 -0.264651 0.237041 0.185003 0.371628 0.266281 -0.065752 0.201029 -0.080628 0.162377 -0.111256 -0.131458 -0.034842 -0.177361 0.090958 0.093302 -0.151757 0.079218 0.095183 0.097267 -0.288494 -0.215904 -0.005203 -0.153135 -0.085895 -0.231885 -0.407215 -0.052186 -0.099355 -0.074705 -0.175265 -0.265052
0.076751 0.051536 0.035513 0.319421 0.244707 0.598088 0.057912 0.425247 0.434720 1.000000 -0.367268 -0.114315 -0.251572 0.189658 -0.076085 0.226608 0.044722 -0.085385 0.183107 0.113203 -0.293001 -0.241908 -0.063661 -0.041627 -0.249327 -0.195458 0.034275 -0.068739 -0.034482 -0.313154 -0.353898 -0.428558 -0.278394 -0.173158 -0.441538 -0.249078 -0.107131 -0.174709 -0.108942 0.287477 -0.077881 -0.046954 -0.166639 -0.377942 -0.397763 -0.350967 -0.106797 -0.195835 -0.208504 -0.212061 -0.151032 -0.028091 0.048618 -0.124253 -0.100746 -0.047272 0.249937 0.110174 0.171159 0.255584 0.166916 0.616106 0.173340 0.266146 0.179508 0.321932 -0.185758 -0.079111 0.336549 0.282597 -0.132813 -0.134257 -0.339036 0.041385 0.065060 0.015514 -0.079946 -0.131781 -0.140537 -0.150940 0.097309 -0.022002 0.052160 -0.015259 0.011586 -0.221010 -0.171255 -0.003703 0.317352 0.316950 0.062960 0.150784 0.259139 0.061713 0.116358 0.061284 -0.115252 0.030987 -0.033953 -0.087381 0.254549 0.239342 0.327482 0.114866 0.046014 -0.069721 0.313764 -0.121287 0.226185 -0.091334 -0.413544 -0.157236 -0.062674 0.076568 -0.287895 0.058277
0.450835 0.107418 0.156090 -0.437195 0.368292 -0.239781 -0.036773 -0.674496 0.096146 -0.367268 1.000000 0.222231 0.448336 -0.029957 0.615290 0.075544 -0.060254 -0.282276 0.082294 -0.005379 0.160400 -0.277283 0.128294 -0.100597 0.054020 -0.213693 0.188268 0.073300 -0.123601 -0.042526 0.121949 -0.120841 -0.140821 -0.139699 0.160839 0.188458 0.076785 0.044489 0.030661 -0.025516 0.072801 0.098731 0.138077 0.177465 0.165965 0.266928 0.055748 -0.037674 -0.079219 0.005149 0.105903 -0.127302 0.009107 -0.194335 0.052025 0.011413 0.079987 0.036506 0.112238 -0.103934 0.280740 -0.454625 -0.110885 -0.233302 -0.043439 -0.286216 0.029480 0.013027 0.044446 -0.061634 0.284743 0.073645 0.106148 0.205016 0.177338 0.120275 0.368943 0.344940 0.000534 0.062224 -0.260358 -0.023850 0.290676 0.071452 0.187189 0.241877 0.322047 0.124654 -0.260361 -0.212326 -0.298693 0.007255 -0.366829 0.187454 0.046165 -0.032837 0.127619 -0.067022 -0.157499 0.172291 -0.469256 -0.237126 -0.195655 0.083792 -0.151003 -0.077346 -0.124835 0.125217 -0.106422 0.177186 0.226462 -0.033878 -0.115340 0.015366 0.153705 -0.126480
-0.159626 0.294849 -0.049577 -0.269193 -0.093656 -0.145072 0.007719 -0.055054 -0.122013 -0.114315 0.222231 1.000000 0.023890 0.420256 -0.184313 0.212160 -0.028485 0.082005 -0.109842 -0.059934 0.269840 0.015904 -0.311156 -0.242029 -0.138309 -0.091290 -0.239223 -0.315449 0.052178 0.294187 0.144434 0.242953 0.096051 0.099505 0.027335 0.303859 0.023835 0.050002 -0.123855 -0.053432 0.057613 -0.016769 0.067468 0.119414 0.163685 0.259775 -0.007905 -0.117061 0.049860 0.133579 -0.332017 -0.053343 -0.136459 -0.091832 -0.014727 -0.207490 -0.020225 0.094731 -0.056274 -0.153955 0.105793 0.156023 -0.041631 -0.011364 -0.199280 0.163302 0.091869 0.095566 -0.021683 -0.067977 -0.000900 -0.187990 0.275700 0.162971 0.173085 0.075070 0.052152 -0.046035 -0.000885 0.157422 0.087926 0.028997 -0.260287 -0.041639 -0.123444 0.247601 -0.008795 -0.216250 -0.300094 -0.140007 -0.220422 -0.282686 -0.058793 -0.233284 0.144155 -0.163123 0.088972 -0.005520 -0.236132 -0.062988 -0.173401 0.074989 -0.011447 -0.059998 0.069041 -0.122449 -0.248119 0.042672 -0.306411 0.012186 -0.110031 -0.158602 0.010042 -0.074099 0.198567 -0.082574
0.100998 0.010940 0.183311 -0.161743 0.283664 -0.231903 0.495626 -0.024022 0.007016 -0.251572 0.448336 0.023890 1.000000 0.355995 0.522395 0.112688 0.147350 0.050128 0.059120 -0.009116 -0.160972 0.006270 -0.071851 -0.153347 -0.291896 -0.144753 -0.009921 -0.148920 -0.167615 0.127958 -0.172110 -0.149431 0.006013 -0.193435 -0.010252 0.052321 -0.026986 0.043823 -0.085959 -0.392521 -0.002531 0.053562 -0.119316 -0.015338 -0.047546 -0.064419 -0.049243 -0.122827 -0.010732 -0.111310 -0.105725 -0.281945 0.078021 -0.291437 0.129044 -0.082217 -0.248730 -0.282850 0.293466 -0.105664 0.501356 -0.090545 0.117675 0.035030 -0.125023 -0.130384 0.073387 0.039539 -0.214184 -0.102077 0.163631 -0.007653 0.149299 0.047240 0.086215 0.038663 0.333469 0.394250 0.033925 0.058860 -0.291829 -0.002960 0.064687 -0.039940 -0.222057 0.006671 -0.090726 -0.270958 -0.036291 -0.027289 -0.095226 0.289274 -0.021743 0.289705 0.139794 0.143680 0.058933 0.043489 -0.019832 0.343362 -0.167155 -0.487485 0.038961 -0.102654 0.110700 -0.189621 -0.264200 0.109775 -0.128727 0.065198 0.146486 0.189509 0.013826 0.026902 0.139840 0.051843
-0.123649 0.282335 -0.292143 -0.061760 -0.083226 -0.010958 0.224116 0.431158 -0.018331 0.189658 -0.029957 0.420256 0.355995 1.000000 -0.087054 0.508451 0.158541 0.297037 -0.018220 0.064658 -0.092384 -0.124798 -0.562995 -0.328824 -0.483937 -0.272588 -0.305276 -0.542298 0.214058 0.322939 -0.302954 -0.082058 -0.027618 -0.034353 -0.243848 0.070411 -0.084642 -0.025346 -0.344799 -0.070346 0.105525 0.089092 -0.072868 -0.221833 -0.062646 -0.208997 -0.057717 -0.131247 0.001139 -0.100460 -0.376437 -0.161943 -0.053414 -0.134429 -0.129833 -0.146074 -0.009580 -0.124148 0.085541 -0.028135 0.215126 0.466480 0.111043 0.130155 -0.265978 0.121077 -0.123252 -0.115246 -0.040427 0.059164 0.046003 -0.055735 0.221881 0.096373 0.057146 0.281146 -0.026277 0.228605 0.100178 0.103061 0.109275 0.119649 -0.223826 0.122687 -0.372038 -0.075750 -0.401806 -0.440716 -0.110482 -0.004905 0.007112 0.105534 0.294294 -0.032744 0.184358 0.042524 -0.085082 0.074005 -0.043352 0.075983 0.214074 -0.121703 0.214372 -0.059100 0.194952 0.020927 -0.189631 0.090823 0.014674 -0.006280 -0.213043 0.077269 -0.013448 0.050215 0.145616 0.103929
0.604702 0.092994 0.313186 -0.053785 0.558255 -0.040381 0.207068 -0.395925 0.405411 -0.076085 0.615290 -0.184313 0.522395 -0.087054 1.000000 0.050716 0.078495 -0.171403 0.363590 0.116857 -0.023999 -0.349950 0.406109 0.103571 0.224646 -0.228520 0.359001 0.270830 -0.321699 -0.117470 -0.053049 -0.330690 -0.389293 -0.331434 -0.084954 -0.230843 0.026283 -0.124760 0.213795 -0.199548 0.014095 0.004797 -0.048776 -0.042335 -0.098461 -0.174994 0.054855 -0.142425 -0.215985 -0.068476 0.220161 -0.167195 -0.019871 -0.169034 0.210785 0.179282 0.173460 0.024693 0.134745 -0.013396 0.348249 -0.332413 0.084776 0.007305 0.185709 -0.258358 -0.221821 -0.247518 0.078520 -0.091863 0.247248 0.075789 -0.043669 0.089712 0.091998 0.023479 0.404293 0.431120 0.013845 0.081970 -0.231801 0.019073 0.453359 0.061458 0.268886 0.089625 0.450105 0.301662 0.252273 0.220836 -0.241884 0.248236 -0.234570 0.253323 -0.184000 0.116559 -0.071312 -0.090465 0.104381 0.254156 -0.336040 -0.122690 0.027286 0.151913 -0.266751 -0.197532 0.022208 -0.038856 -0.241682 0.133035 -0.113977 0.210134 0.006016 0.060754 -0.045095 -0.134112
-0.013213 0.326514 -0.238717 0.141251 0.106877 0.216261 0.128557 0.264303 0.154989 0.226608 0.075544 0.212160 0.112688 0.508451 0.050716 1.000000 -0.061282 -0.022208 0.048982 0.110523 0.094984 -0.129195 -0.286134 -0.000238 -0.293090 -0.218241 -0.081585 -0.221664 0.297943 0.185142 -0.136500 0.002297 -0.187069 0.070334 -0.184501 0.055002 0.084293 0.052784 0.000529 0.309838 0.163704 0.397616 -0.257552 -0.364451 -0.166163 -0.236767 -0.259372 -0.347540 -0.154039 -0.247073 -0.299662 -0.102889 -0.053469 -0.129819 -0.342759 -0.428084 0.071269 0.056918 0.079075 0.047758 0.356310 0.297870 0.176174 0.179537 -0.039566 -0.040243 -0.228557 -0.158277 0.061130 0.195568 0.167356 0.040197 0.053437 0.387869 0.299234 0.312274 -0.188090 0.096782 -0.115341 -0.104503 0.010837 0.147128 0.127799 0.519155 -0.154247 0.153487 -0.171970 0.055939 0.032684 0.119714 -0.150605 -0.174020 0.190735 -0.059590 0.190318 -0.020283 -0.290503 -0.115033 -0.323287 -0.349409 -0.045349 0.045112 -0.117975 -0.005119 0.020819 -0.187239 0.071436 -0.148012 0.112130 -0.052440 -0.311588 -0.280203 -0.228913 0.030827 -0.272109 -0.110455
0.276236 0.065914 -0.202631 0.067843 -0.089567 -0.067504 0.213531 0.230873 -0.048222 0.044722 -0.060254 -0.028485 0.147350 0.158541 0.078495 -0.061282 1.000000 0.676963 0.209313 0.447502 -0.457760 -0.178195 -0.015545 0.095021 -0.295885 -0.363047 -0.035162 -0.446689 0.182817 0.243995 -0.227202 -0.233498 0.104622 0.097732 -0.233428 -0.387969 -0.094353 -0.068610 -0.144073 -0.351689 -0.245468 -0.073179 -0.191800 -0.280219 -0.301901 -0.491941 -0.134179 -0.147912 -0.222425 -0.001572 -0.314921 -0.289645 -0.311841 -0.247044 0.327323 -0.062917 0.288394 0.190089 -0.122905 0.114084 0.200349 0.148032 0.661896 0.571376 0.094407 -0.362364 -0.051139 -0.368690 0.097616 0.083974 -0.221822 -0.004910 0.241256 0.024896 -0.064151 -0.118325 0.075512 -0.096982 0.290346 0.345642 0.386489 0.390424 -0.063962 -0.120934 -0.053181 -0.173854 0.045653 -0.207609 0.338457 0.303102 0.209785 0.102354 -0.164523 -0.125129 -0.163114 -0.043956 -0.389384 -0.033554 0.290468 0.166403 0.219870 0.224899 0.159445 0.224995 -0.075360 -0.020385 0.006052 -0.138709 -0.091690 -0.179970 -0.209132 0.184667 0.055517 -0.148675 0.079358 0.115283
-0.118129 0.114845 -0.354358 0.038282 -0.281692 -0.081586 0.055601 0.311877 -0.243626 -0.085385 -0.282276 0.082005 0.050128 0.297037 -0.171403 -0.022208 0.676963 1.000000 -0.045560 0.283308 -0.249781 0.089502 -0.197811 0.019323 -0.308344 -0.019125 -0.257373 -0.514564 0.254882 0.480223 -0.169079 0.081055 0.151070 0.292897 -0.035868 -0.134633 -0.124155 0.046641 -0.090700 -0.258160 -0.228709 -0.062401 -0.166619 -0.160026 -0.107308 -0.360976 -0.085427 0.028462 -0.097202 0.046648 -0.354947 -0.199869 -0.312598 -0.055911 0.259024 -0.104020 0.049248 0.122552 -0.303340 -0.002157 -0.114720 0.141839 0.491079 0.497265 -0.171879 -0.372831 -0.072086 -0.428561 0.044136 -0.140621 -0.191695 0.095697 0.366202 0.031475 -0.022743 0.007592 0.027178 0.081999 0.326019 0.471965 0.475525 0.572968 -0.180701 -0.073414 -0.228953 -0.220766 -0.154525 -0.274194 0.199333 0.051541 0.151356 -0.077744 0.029704 -0.207148 -0.026102 -0.042585 -0.266764 0.068428 0.241799 0.177675 0.211501 0.012790 0.166347 -0.049324 0.257542 0.107303 -0.116947 -0.095787 -0.058146 -0.150449 -0.064696 0.265204 0.089971 -0.035512 0.315466 0.172057
0.353872 0.051082 0.329158 0.066122 0.387153 0.248040 0.250698 0.038310 0.335719 0.183107 0.082294 -0.109842 0.059120 -0.018220 0.363590 0.048982 0.209313 -0.045560 1.000000 0.352830 -0.102325 -0.263176 0.305719 0.220185 0.118109 -0.063443 0.253010 0.131316 0.087296 0.036615 0.128617 -0.089985 -0.064686 0.054435 -0.184909 -0.217403 -0.042111 -0.362068 -0.052901 -0.115888 0.030999 -0.016244 -0.162283 -0.119411 -0.193935 -0.216846 -0.093037 -0.158767 -0.127873 -0.070434 -0.111223 -0.110772 -0.176427 -0.206082 0.045798 -0.035504 0.146908 0.258376 -0.149302 -0.078290 0.143863 -0.051644 0.114229 0.016244 0.238160 0.004884 -0.100132 0.014915 0.093189 0.189670 -0.025792 -0.209512 0.045297 0.060769 -0.034088 -0.126214 0.042746 0.075858 -0.130883 -0.099799 -0.094292 -0.096193 0.286794 0.105943 0.266612 -0.053913 0.262363 0.095042 0.215480 0.283736 0.009029 0.059148 -0.289042 0.030620 -0.280288 0.109242 -0.192828 -0.171862 -0.068200 -0.130856 -0.196685 0.168357 0.055150 -0.072480 -0.436030 -0.187124 0.021795 -0.341655 -0.247833 -0.153249 -0.304885 -0.094600 -0.185640 -0.118682 -0.276810 -0.185957
0.166321 0.436776 -0.307485 -0.050822 0.010348 0.030989 0.071638 -0.074902 -0.077894 0.113203 -0.005379 -0.059934 -0.009116 0.064658 0.116857 0.110523 0.447502 0.283308 0.352830 1.000000 -0.377597 -0.011938 -0.171261 0.077779 -0.264538 -0.340395 -0.040092 -0.290888 0.136345 0.286533 -0.229861 -0.253238 -0.050347 0.229728 -0.094597 -0.093203 0.101317 -0.036025 0.044848 -0.042263 0.020964 0.167597 -0.167621 -0.266941 0.058425 -0.159096 -0.065976 -0.049902 -0.022679 0.082763 -0.396753 -0.065673 -0.288469 -0.229080 0.185168 -0.057793 0.213232 0.257121 -0.184269 0.109150 0.184231 0.099410 0.446043 0.438497 -0.163373 -0.330221 -0.027086 -0.151382 0.301883 0.287383 -0.127543 -0.115944 0.049707 0.090134 0.078334 -0.075404 0.093608 0.095561 -0.219026 -0.069445 0.153911 0.148644 0.200098 0.313262 -0.210058 -0.064152 -0.082988 0.005783 0.170238 0.228746 0.105641 -0.162664 -0.374629 -0.327765 0.002123 0.118309 -0.191235 0.014873 -0.021010 -0.174892 0.010471 0.066474 0.205829 0.319173 -0.166822 -0.008743 0.275688 -0.220102 -0.088879 -0.133056 -0.072543 0.033700 -0.148798 -0.078347 -0.016147 0.261388
-0.145759 -0.186609 0.104240 -0.020496 0.027841 0.033090 -0.258234 -0.222107 0.036907 -0.293001 0.160400 0.269840 -0.160972 -0.092384 -0.023999 0.094984 -0.457760 -0.249781 -0.102325 -0.377597 1.000000 0.100949 0.227945 0.115030 0.367378 0.457504 0.266825 0.430899 0.086423 0.109765 0.543942 0.505146 -0.054676 0.031897 0.314086 0.373570 0.075905 0.121094 0.250846 0.324716 0.216555 0.078872 0.223251 0.361287 0.320165 0.406228 0.135415 0.155905 0.076804 0.152997 0.097846 0.036997 0.006858 0.193112 -0.127319 -0.027599 -0.151365 0.034762 -0.237956 -0.354908 -0.315877 -0.361638 -0.459589 -0.469242 -0.067354 0.005297 -0.099807 0.049917 -0.281574 -0.355658 0.272360 0.074544 0.239477 0.008990 -0.000121 0.146450 -0.113389 0.114560 0.152629 0.127526 0.003434 -0.136155 0.036643 0.146513 0.225226 0.099006 0.367071 0.271524 -0.289821 -0.313152 -0.189286 -0.179398 -0.052239 -0.085014 -0.181651 -0.143544 0.110137 -0.194498 -0.156582 -0.152451 -0.276443 -0.128325 -0.289150 -0.374601 -0.100665 0.093968 -0.281096 -0.099226 -0.135748 0.011035 0.082817 -0.060131 0.022552 -0.039053 0.003316 -0.430765
-0.600765 -0.161743 -0.048370 0.135082 -0.327227 -0.113896 0.032536 0.154043 -0.293057 -0.241908 -0.277283 0.015904 0.006270 -0.124798 -0.349950 -0.129195 -0.178195 0.089502 -0.263176 -0.011938 0.100949 1.000000 0.048709 0.194941 -0.026648 0.416688 -0.247890 0.092749 0.197542 0.254632 0.300015 0.530997 0.177176 0.203261 0.234946 0.301413 0.103645 0.329389 0.202937 0.088001 0.111412 0.211691 0.276872 0.407794 0.427984 0.214240 0.206656 0.358345 0.248538 0.279647 -0.036681 0.234328 -0.040817 0.208789 0.040546 -0.109147 -0.321329 -0.155010 -0.238750 -0.218433 -0.252463 -0.070092 -0.098376 0.062343 -0.227383 -0.043528 -0.095742 -0.003582 -0.399847 -0.172413 -0.036573 -0.197564 0.034244 -0.078267 0.007612 -0.131679 -0.033645 -0.195920 -0.365553 -0.277996 -0.211993 -0.257562 -0.019226 0.283496 -0.247436 -0.174374 -0.200563 -0.097485 -0.106161 -0.171555 0.092648 -0.151762 0.010173 -0.253678 0.287647 0.258071 0.372658 -0.038804 -0.088308 -0.180280 -0.127512 -0.264566 0.045947 -0.187181 0.256340 -0.113752 -0.100318 -0.037994 -0.257472 0.015941 0.347804 0.048135 0.077391 0.095718 -0.115905 0.175239
0.241549 -0.371846 0.589252 0.413016 0.257755 0.168147 0.021814 -0.111099 0.313997 -0.063661 0.128294 -0.311156 -0.071851 -0.562995 0.406109 -0.286134 -0.015545 -0.197811 0.305719 -0.171261 0.227945 0.048709 1.000000 0.528691 0.636751 0.246342 0.633163 0.726121 -0.240558 -0.251419 0.481713 0.147338 -0.136456 0.020722 0.093120 -0.185502 0.045368 -0.041198 0.448357 -0.043047 -0.001507 -0.206277 0.151388 0.241978 -0.035234 -0.050502 0.094079 -0.013682 -0.177558 0.136911 0.392508 0.023629 -0.183960 0.068684 0.388022 0.159086 0.130387 0.185536 -0.347119 -0.262250 -0.220577 -0.446205 -0.069944 -0.013950 0.477177 -0.169639 -0.339726 -0.263940 -0.228535 -0.314283 0.056249 0.050520 -0.143221 -0.149723 -0.067301 -0.282986 0.113708 -0.082918 -0.113572 0.016667 -0.189609 -0.179225 0.385126 -0.117300 0.556185 -0.172233 0.709402 0.510571 0.465083 0.203861 -0.086601 0.050532 -0.143425 -0.003296 -0.423544 0.140185 0.000386 -0.352590 0.192446 -0.015700 -0.246156 0.132189 0.021446 0.033662 -0.210865 -0.290892 -0.092018 -0.306566 -0.338695 0.125177 -0.005186 0.058002 0.093055 0.040837 -0.219506 -0.393359
-0.054877 -0.107391 -0.050726 0.538818 0.000302 0.112470 -0.059224 0.054074 -0.268022 -0.041627 -0.100597 -0.242029 -0.153347 -0.328824 0.103571 -0.000238 0.095021 0.019323 0.220185 0.077779 0.115030 0.194941 0.528691 1.000000 0.234215 0.393762 0.434830 0.481033 0.086500 0.038707 0.300858 0.340258 -0.237954 0.047697 -0.024910 -0.194483 -0.017232 -0.220550 0.281442 0.049221 -0.044286 -0.190275 -0.005052 -0.035972 -0.058803 -0.200926 -0.171240 0.074502 -0.070931 0.070310 0.047528 0.008473 -0.141198 0.097215 0.227823 -0.174463 0.086530 0.062707 -0.406537 -0.106815 -0.140936 -0.322615 0.326653 0.135344 0.199703 -0.309397 -0.303835 -0.282549 -0.287779 -0.129332 -0.062985 -0.059830 -0.077727 -0.151284 -0.066162 -0.292754 -0.159195 -0.236507 -0.061398 -0.099493 -0.038804 -0.085745 0.259443 0.228945 0.407813 0.166943 0.441598 0.424848 0.215598 0.294248 -0.037290 -0.033550 -0.040024 -0.168170 -0.194553 0.288904 -0.122733 -0.229320 0.011760 -0.153785 -0.086068 0.207145 0.003310 -0.010171 -0.042434 -0.190098 0.078785 -0.148072 -0.093158 0.239975 0.070927 0.040684 0.095096 0.113811 -0.382379 -0.070182
0.104044 -0.217918 0.367376 0.191830 0.080656 0.056194 -0.155813 -0.264919 0.150842 -0.249327 0.054020 -0.138309 -0.291896 -0.483937 0.224646 -0.293090 -0.295885 -0.308344 0.118109 -0.264538 0.367378 -0.026648 0.636751 0.234215 1.000000 0.369935 0.485638 0.669572 -0.295021 -0.250152 0.333895 0.075767 -0.109465 -0.143444 0.269152 -0.081523 -0.095738 -0.157738 0.383071 -0.047644 -0.101803 -0.259039 0.308258 0.321110 0.183463 0.237612 0.221876 0.048293 -0.014918 0.126252 0.564095 0.170092 -0.088441 0.131791 0.291357 0.300823 0.074266 0.203660 -0.267755 -0.138798 -0.384729 -0.428606 -0.291798 -0.212446 0.268793 0.045803 -0.131649 0.031771 -0.107393 -0.254381 0.058740 -0.032461 -0.218215 -0.262226 -0.236545 -0.238294 -0.018549 0.014677 -0.004783 0.008961 -0.076488 -0.150227 0.094333 -0.142371 0.432208 0.117672 0.487733 0.546949 0.148757 0.202235 -0.074184 -0.195976 -0.016538 -0.044763 -0.389851 0.017446 0.025253 -0.253738 0.141784 -0.194031 -0.134752 0.174834 -0.077776 0.119879 -0.273998 -0.013204 0.049604 -0.093217 -0.321082 0.056268 -0.085292 -0.003303 0.056570 -0.090319 -0.055347 -0.298786
-0.475456 -0.243931 0.069494 0.305561 -0.116987 0.240996 -0.279838 0.031170 -0.315955 -0.195458 -0.213693 -0.091290 -0.144753 -0.272588 -0.228520 -0.218241 -0.363047 -0.019125 -0.063443 -0.340395 0.457504 0.416688 0.246342 0.393762 0.369935 1.000000 0.217177 0.547045 -0.049616 0.060367 0.406986 0.553101 -0.060998 0.080320 0.245868 0.112172 -0.086801 -0.004957 0.199888 0.017790 0.110554 -0.162218 0.246086 0.387613 0.235087 0.279508 0.170560 0.268448 0.071193 0.057267 0.194492 0.107553 0.019246 0.231026 0.008802 -0.067208 -0.323708 0.031993 -0.289114 -0.229960 -0.457098 -0.232494 -0.249202 -0.265905 -0.106363 0.053796 -0.050687 0.065601 -0.216504 -0.302207 0.059902 -0.122373 -0.056110 -0.295271 -0.155260 -0.175304 -0.034696 0.022152 0.066070 0.037480 -0.052500 -0.094698 -0.015657 0.076883 0.061910 0.064810 0.077715 0.216790 -0.169722 -0.136700 -0.021155 -0.176090 0.191895 -0.054023 -0.047803 0.180280 0.205078 -0.009483 -0.121166 -0.061239 -0.143502 -0.252038 -0.133361 -0.412180 0.149808 0.096065 -0.123396 -0.054124 -0.100387 0.048995 0.175770 0.139807 0.074998 0.023921 -0.067494 -0.121587
0.369019 -0.260654 0.418061 0.248680 0.513189 0.288548 0.172331 -0.163561 0.149979 0.034275 0.188268 -0.239223 -0.009921 -0.305276 0.359001 -0.081585 -0.035162 -0.257373 0.253010 -0.040092 0.266825 -0.247890 0.633163 0.434830 0.485638 0.217177 1.000000 0.648552 -0.090086 -0.300880 0.351874 0.006986 -0.187773 -0.072733 0.154928 -0.115137 -0.251103 -0.375375 0.236519 0.065315 -0.105242 -0.387884 0.107074 0.134269 0.025270 0.078321 -0.076655 -0.113184 -0.011109 0.055036 0.334321 -0.006505 -0.141768 -0.130440 0.186150 0.134159 0.112172 -0.046832 -0.126545 -0.156021 -0.007844 -0.351794 0.018950 -0.065791 0.347903 -0.177974 -0.107302 0.012590 -0.266991 -0.161971 0.090956 0.062645 -0.177844 -0.358411 -0.288513 -0.293704 -0.069614 -0.000517 0.016542 -0.030795 -0.193763 -0.198506 0.325884 0.012480 0.308986 -0.046752 0.516875 0.365930 0.287240 0.185649 -0.174590 -0.017103 -0.032341 0.011739 -0.354535 -0.112898 -0.153367 -0.395432 -0.003493 -0.109930 -0.033651 0.138184 -0.046787 0.047626 -0.085660 -0.114719 -0.017762 -0.090946 -0.019537 -0.081984 -0.013938 -0.190620 -0.059732 -0.149999 -0.180182 -0.242872
0.068469 -0.284632 0.440527 0.406941 0.251307 0.228589 -0.158602 -0.216644 0.105631 -0.068739 0.073300 -0.315449 -0.148920 -0.542298 0.270830 -0.221664 -0.446689 -0.514564 0.131316 -0.290888 0.430899 0.092749 0.726121 0.481033 0.669572 0.547045 0.648552 1.000000 -0.279841 -0.401083 0.449489 0.173748 -0.233022 -0.104030 0.151602 -0.051415 0.027706 -0.106483 0.402105 0.090846 0.141193 -0.211380 0.270957 0.366453 0.095405 0.192542 0.163778 0.115955 0.013035 0.096705 0.473445 0.166962 0.029714 0.201792 0.070948 0.136334 -0.100128 -0.009638 -0.157730 -0.204124 -0.265656 -0.410727 -0.277781 -0.293347 0.293185 0.080403 -0.261093 0.015477 -0.250603 -0.258981 0.088933 -0.055435 -0.297629 -0.310014 -0.148289 -0.270681 -0.003688 -0.026107 -0.192747 -0.200465 -0.286296 -0.362893 0.353350 -0.003720 0.474058 0.014831 0.554702 0.610773 0.197264 0.034514 -0.040376 -0.004670 0.014299 0.002937 -0.372081 0.180418 0.148591 -0.249936 -0.025697 -0.121258 -0.211471 -0.034186 -0.105700 -0.169769 -0.234233 -0.097066 0.005968 -0.149859 -0.212842 0.189656 0.080339 -0.028231 0.067595 0.040330 -0.278330 -0.298688
-0.178661 -0.142996 -0.326520 -0.144623 -0.055668 0.097072 -0.044600 0.135298 -0.164335 -0.034482 -0.123601 0.052178 -0.167615 0.214058 -0.321699 0.297943 0.182817 0.254882 0.087296 0.136345 0.086423 0.197542 -0.240558 0.086500 -0.295021 -0.049616 -0.090086 -0.279841 1.000000 0.403261 0.187562 0.373509 0.184844 0.262084 0.047443 0.116553 -0.037405 0.159967 0.031642 0.356885 0.031506 0.458647 0.038247 0.032700 0.022877 -0.208877 -0.206003 0.093337 -0.071956 -0.036936 -0.419479 -0.137520 -0.326622 -0.147555 -0.300114 -0.276496 -0.185334 0.060454 -0.230012 -0.033826 -0.112800 0.029689 0.094169 -0.048619 -0.090225 -0.250910 -0.093769 -0.100716 -0.024414 0.272136 0.134841 0.192495 0.505812 0.298282 0.000545 0.250261 -0.340169 -0.183936 -0.004538 -0.030450 0.176518 0.121156 0.096002 0.545172 -0.114098 -0.249004 -0.194810 -0.216323 -0.240656 -0.081696 0.022889 -0.108603 -0.091689 -0.097204 0.224839 -0.042558 -0.102172 -0.122764 -0.181432 -0.233396 0.071521 0.036863 -0.023036 -0.202559 0.225127 -0.018241 -0.130210 0.029270 0.195540 -0.100364 0.077806 -0.206791 0.178823 0.029707 -0.317832 0.149011
-0.357279 0.221145 -0.423566 -0.147002 -0.218306 -0.237082 -0.074674 0.064933 -0.296371 -0.313154 -0.042526 0.294187 0.127958 0.322939 -0.117470 0.185142 0.243995 0.480223 0.036615 0.286533 0.109765 0.254632 -0.251419 0.038707 -0.250152 0.060367 -0.300880 -0.401083 0.403261 1.000000 0.229778 0.474948 0.088588 0.250799 0.009918 0.130075 0.250283 0.302729 0.085055 -0.118910 0.196303 0.251797 0.002668 0.082271 0.280549 -0.091350 0.145554 0.136794 0.053876 0.337682 -0.437725 0.006503 -0.219147 0.161232 -0.047935 -0.078582 -0.281038 0.009660 -0.352939 -0.059981 -0.144589 -0.056558 0.059040 0.134995 -0.387855 -0.459712 -0.148729 -0.360658 -0.092513 -0.268069 0.114519 0.205422 0.694028 0.371566 0.157012 0.348619 0.095404 0.228511 0.066113 0.280471 0.151921 0.292399 0.023105 0.346678 -0.397920 -0.151117 -0.184123 -0.222157 -0.327769 -0.005351 -0.110326 -0.213430 -0.148304 -0.260870 -0.006747 0.205258 -0.132677 0.096987 0.025819 0.085505 0.119998 -0.051845 0.110966 -0.137746 0.092250 -0.163181 -0.374108 -0.169184 -0.155191 0.154817 0.087362 0.291694 0.168824 0.114155 0.060539 0.003139
-0.144561 -0.376020 0.331625 0.045524 0.108490 -0.045943 -0.019119 -0.113988 -0.034921 -0.353898 0.121949 0.144434 -0.172110 -0.302954 -0.053049 -0.136500 -0.227202 -0.169079 0.128617 -0.229861 0.543942 0.300015 0.481713 0.300858 0.333895 0.406986 0.351874 0.449489 0.187562 0.229778 1.000000 0.771542 0.100807 0.373286 0.256867 0.257536 0.164702 0.183013 0.306012 0.124844 0.298835 -0.038124 0.284584 0.490779 0.322554 0.268871 0.218745 0.192774 0.095699 0.366744 0.076861 0.150112 -0.160729 0.220763 -0.017889 0.106227 -0.245967 -0.129382 -0.438329 -0.492663 -0.343027 -0.439867 -0.402401 -0.311467 0.162236 -0.116595 -0.210781 -0.057952 -0.423711 -0.376519 0.213319 0.255396 0.304244 -0.057395 -0.088771 -0.003058 0.040340 -0.086919 -0.170444 0.031690 -0.343758 -0.334175 0.275263 0.149697 0.123593 -0.168644 0.445956 0.142521 -0.112156 -0.215843 -0.115928 -0.107762 -0.117238 -0.169059 -0.246429 -0.028832 0.141192 -0.355245 0.023990 -0.063303 -0.235250 0.083001 -0.234870 -0.264150 -0.101876 -0.296816 -0.402890 -0.215948 -0.306821 0.160089 0.226989 -0.060682 -0.000908 -0.060921 -0.144505 -0.359641
-0.478420 -0.251647 0.026108 0.074929 -0.194017 -0.088727 -0.050823 0.068886 -0.337148 -0.428558 -0.120841 0.242953 -0.149431 -0.082058 -0.330690 0.002297 -0.233498 0.081055 -0.089985 -0.253238 0.505146 0.530997 0.147338 0.340258 0.075767 0.553101 0.006986 0.173748 0.373509 0.474948 0.771542 1.000000 0.165316 0.472198 0.215866 0.302361 0.137285 0.234261 0.217767 0.079684 0.288553 0.104411 0.123405 0.318370 0.350672 0.196278 0.078479 0.193345 0.065317 0.211518 -0.108737 0.054338 -0.187253 0.228746 -0.134191 -0.156644 -0.336061 -0.133591 -0.451750 -0.488020 -0.402135 -0.311784 -0.303628 -0.291445 -0.060966 -0.121139 -0.126680 -0.071461 -0.429628 -0.299284 0.209602 0.219035 0.439994 0.050182 0.011874 0.049197 -0.081006 -0.164248 0.004854 0.112141 -0.123791 -0.136053 0.030007 0.291318 -0.032031 -0.035523 0.120609 -0.020988 -0.259371 -0.285640 -0.169949 -0.185495 0.059477 -0.162654 -0.005495 0.037497 0.180023 -0.166203 -0.090517 -0.061759 -0.141272 -0.046525 -0.226373 -0.343857 0.189405 -0.174319 -0.447811 -0.018815 -0.166167 0.139242 0.297154 0.049854 0.097602 0.016123 -0.119261 -0.156889
-0.107065 -0.083632 0.176469 -0.257490 -0.240783 -0.300195 0.296275 0.164407 -0.132195 -0.278394 -0.140821 0.096051 0.006013 -0.027618 -0.389293 -0.187069 0.104622 0.151070 -0.064686 -0.050347 -0.054676 0.177176 -0.136456 -0.237954 -0.109465 -0.060998 -0.187773 -0.233022 0.184844 0.088588 0.100807 0.165316 1.000000 0.524396 0.375127 0.266351 -0.023478 -0.047426 -0.135196 -0.331238 -0.153548 -0.145802 0.001323 0.151028 0.086905 0.161900 -0.057545 -0.231868 0.260856 0.067015 0.059057 0.073645 -0.025276 -0.102740 -0.008117 -0.165824 -0.146900 -0.104827 0.010829 -0.140805 0.049103 -0.054639 0.016735 0.070616 0.107967 0.113753 0.378372 0.242185 -0.175580 0.007689 -0.267009 0.034987 0.245808 -0.121807 -0.063601 -0.103569 -0.095518 -0.272647 -0.137808 -0.054812 0.018514 -0.130637 -0.417323 -0.216946 -0.207752 -0.097237 -0.327329 -0.314528 -0.145692 -0.270703 0.202977 -0.253856 -0.087270 -0.121963 -0.101328 -0.038778 0.097120 -0.159143 -0.101317 -0.050226 0.108939 -0.036950 -0.173680 -0.110456 -0.039518 -0.207896 -0.140766 0.016514 -0.201200 -0.146577 0.062729 -0.203149 0.033802 -0.087243 -0.083199 -0.186698
-0.231822 -0.018798 0.061295 -0.063779 -0.154400 -0.020422 0.136170 0.160468 -0.172105 -0.173158 -0.139699 0.099505 -0.193435 -0.034353 -0.331434 0.070334 0.097732 0.292897 0.054435 0.229728 0.031897 0.203261 0.020722 0.047697 -0.143444 0.080320 -0.072733 -0.104030 0.262084 0.250799 0.373286 0.472198 0.524396 1.000000 0.172548 0.294650 0.117495 0.103103 0.040930 -0.129976 0.161187 0.047402 -0.034511 0.037300 0.185142 0.100513 0.001592 -0.063404 0.071435 0.136958 -0.208392 0.031299 -0.298074 -0.005649 -0.057688 -0.286520 -0.115971 0.038468 -0.382478 -0.363258 -0.217619 -0.104234 0.072573 0.137519 -0.002468 -0.190413 0.051953 -0.143626 -0.084316 -0.049253 0.001518 0.221186 0.309294 0.073319 0.163046 0.023782 -0.031348 -0.210656 -0.158290 0.093656 0.093139 0.146446 -0.053381 0.056237 -0.125688 -0.200765 -0.098111 -0.093094 0.006713 -0.417302 0.152829 -0.388177 -0.155545 -0.354481 -0.067891 -0.062517 -0.029818 -0.111168 -0.081848 -0.206212 0.033543 -0.005456 -0.209309 -0.123780 0.051439 -0.192449 -0.204305 -0.153868 -0.166320 -0.009005 0.130920 -0.068492 -0.148280 -0.046499 -0.008739 -0.073267
-0.148155 -0.079443 0.138458 -0.186927 -0.044981 -0.262283 -0.014923 -0.355838 -0.083112 -0.441538 0.160839 0.027335 -0.010252 -0.243848 -0.084954 -0.184501 -0.233428 -0.035868 -0.184909 -0.094597 0.314086 0.234946 0.093120 -0.024910 0.269152 0.245868 0.154928 0.151602 0.047443 0.009918 0.256867 0.215866 0.375127 0.172548 1.000000 0.600001 -0.137118 -0.011314 0.022136 0.045441 -0.231106 -0.061240 0.312483 0.468938 0.414813 0.586455 0.019319 0.168267 0.184925 0.182709 0.184029 0.139858 -0.092186 -0.056877 0.179349 0.068476 -0.107218 0.013631 -0.248501 -0.311794 -0.141734 -0.350992 -0.286217 -0.204257 0.074269 -0.010264 0.181248 0.354024 -0.253155 -0.178703 -0.033809 -0.145352 0.010871 -0.173169 -0.078132 -0.091631 -0.007476 -0.005395 -0.142203 -0.102659 -0.020241 -0.175890 -0.304009 0.061263 -0.006221 0.151617 -0.019492 -0.089493 -0.248947 -0.261532 -0.059067 -0.309017 -0.116548 -0.119406 -0.072789 -0.015362 0.203763 -0.154913 -0.134430 -0.103836 -0.224315 -0.170798 -0.258320 -0.165616 -0.114088 -0.025956 -0.052250 0.089274 -0.158579 -0.157879 0.337936 -0.108718 -0.044302 -0.042273 0.025400 -0.184217
-0.361686 -0.116608 0.040154 -0.355191 -0.086664 -0.172610 -0.059202 -0.270239 -0.114453 -0.249078 0.188458 0.303859 0.052321 0.070411 -0.230843 0.055002 -0.387969 -0.134633 -0.217403 -0.093203 0.373570 0.301413 -0.185502 -0.194483 -0.081523 0.112172 -0.115137 -0.051415 0.116553 0.130075 0.257536 0.302361 0.266351 0.294650 0.600001 1.000000 -0.056311 0.219948 -0.129992 0.250449 -0.029892 0.149492 0.311714 0.447351 0.581397 0.690977 0.014659 0.245024 0.245344 0.197140 -0.126299 0.039252 -0.126756 -0.181386 -0.171743 -0.096446 -0.337253 -0.132028 -0.111044 -0.306521 -0.106332 -0.297102 -0.269003 -0.338489 -0.248632 0.009525 0.284808 0.443887 -0.286132 -0.123518 0.041935 -0.148933 0.063138 0.095995 0.089424 0.121184 -0.116754 0.004599 -0.182981 -0.216393 -0.079701 -0.123055 -0.276652 0.108323 -0.186187 0.123801 -0.208242 -0.157327 -0.593997 -0.587849 -0.190002 -0.265840 -0.114464 0.001870 0.201390 0.037463 0.359445 -0.030184 -0.340779 -0.121206 -0.183858 -0.130802 -0.249050 -0.202153 0.081862 -0.029944 -0.123569 0.198574 -0.076658 0.007566 0.431613 -0.068972 -0.211281 0.195602 0.132776 0.042909
