1.000000 0.581246 0.138184 0.394714 -0.132538 -0.241056 0.117132 0.301611 -0.030033 -0.017078 0.447648 0.323415 0.483971 0.539937 0.357962 0.354359 0.285494 -0.152172 0.069338 -0.215970 -0.115405 -0.078029 0.019244 -0.206293 -0.230714 -0.156750 -0.361525 -0.284665 -0.000752 0.008210 -0.124246 -0.063296 0.223313 0.018382 -0.165599 -0.387433 -0.019436 -0.063626 -0.180501 -0.270968 0.356807 0.277515 -0.355468 -0.376533 -0.508740 -0.561138 -0.298220 -0.352547 -0.363285 -0.518460 -0.119338 -0.013109 0.364020 -0.119958 0.062938 -0.027136 0.399741 0.135655 0.355269 0.258179 0.717462 0.539332 0.585879 0.321379 0.057103 0.242341 0.044578 -0.404373 -0.286838 -0.348465 -0.166810 -0.005519 0.102841 0.367361 0.396616 0.493879 0.239680 0.286982 0.124428 -0.240574 0.124075 -0.006018 -0.067965 0.050117 0.121042 0.017375 0.137904 0.290874 0.217720 0.385047 -0.571729 -0.487526 -0.424813 -0.353074 -0.143494 -0.299099 -0.086046 -0.312518 -0.195341 -0.028442 -0.309146 -0.176895 -0.232317 -0.472176 -0.140365 -0.198791 -0.025989 -0.285552 -0.326951 -0.204253 -0.276087 -0.171794 -0.111472 -0.037371 -0.072566 -0.197713
0.581246 1.000000 0.086149 0.419339 -0.336450 0.051320 -0.001340 0.456122 -0.182787 0.242679 0.295261 0.376776 0.159873 0.529824 0.150775 0.391664 0.085882 -0.055934 0.157868 -0.029877 -0.088538 -0.025550 -0.048210 -0.127396 -0.031854 0.052236 -0.269560 -0.094438 -0.175706 0.065824 0.028194 -0.057561 0.328525 0.142232 -0.393656 -0.449580 -0.042408 0.073888 -0.346852 -0.264678 0.361660 0.307744 -0.255252 -0.381056 -0.368537 -0.380674 -0.309116 -0.321574 -0.325874 -0.421624 -0.183826 -0.002143 0.063407 -0.223684 -0.204023 -0.264735 0.551371 0.338743 0.169273 0.320089 0.516260 0.638975 0.395611 0.460486 0.278536 0.473729 -0.215318 -0.164406 -0.010617 -0.246845 -0.297441 -0.093700 -0.041179 0.301873 0.315233 0.601456 0.211947 0.229634 0.176317 -0.150568 0.172831 -0.021018 -0.000242 0.173429 0.254030 0.188060 -0.045234 0.329153 0.007914 0.197969 -0.444848 -0.625918 -0.156016 -0.413748 -0.015447 -0.340287 -0.251571 -0.364663 -0.241161 -0.020726 -0.323623 -0.260563 0.004891 -0.528331 -0.001609 -0.386748 -0.122888 -0.015039 -0.137911 -0.283582 -0.289250 -0.098833 -0.006568 -0.145899 -0.143279 -0.371098
0.138184 0.086149 1.000000 0.192571 -0.164677 0.342308 0.444776 0.241717 -0.010384 0.134917 -0.138524 -0.227341 0.043598 0.015584 0.042288 0.099607 -0.237305 -0.288360 0.320721 0.090743 0.066883 0.236743 0.475230 0.117236 0.310677 0.522795 0.290510 0.357119 -0.241604 -0.290900 0.314403 0.236087 0.023517 0.056188 0.070095 0.019586 -0.428104 -0.354750 -0.157359 -0.080146 -0.067860 -0.016675 -0.068389 -0.152825 -0.191790 -0.134990 -0.126429 -0.182770 -0.106280 -0.126632 -0.019985 -0.270574 -0.094568 0.015413 -0.275646 -0.221011 0.016534 0.049103 0.096372 -0.000330 0.266288 0.197580 -0.189423 0.080275 0.355374 -0.042468 -0.102951 0.020096 0.046793 0.260094 0.030096 0.096082 -0.233972 -0.033514 -0.050006 0.022484 -0.370120 -0.284987 -0.434105 -0.164120 -0.186215 -0.295643 0.047487 0.006226 0.312832 -0.014492 -0.166889 0.173034 -0.081016 -0.204579 -0.042391 -0.015820 -0.002530 0.025370 0.002499 -0.261599 -0.227444 -0.069721 -0.204703 -0.174256 -0.223751 -0.081355 0.121089 -0.046751 0.117559 -0.268364 -0.046076 0.089226 0.002655 -0.040131 -0.088601 -0.172213 -0.101216 -0.165002 -0.338273 -0.323873
0.394714 0.419339 0.192571 1.000000 -0.244577 -0.060986 0.011218 0.665627 -0.174862 0.216224 0.077805 0.363711 -0.090582 0.475838 0.188050 0.605455 -0.193810 -0.162169 0.302152 -0.167643 -0.069798 -0.055955 0.044042 0.135691 -0.257409 -0.006153 -0.251158 -0.037970 -0.134581 -0.033135 0.067511 0.117161 0.181249 -0.032551 -0.342058 -0.438134 -0.199734 -0.103429 -0.413441 -0.328121 0.051791 0.164544 -0.510356 -0.645584 -0.647262 -0.604708 -0.468737 -0.388533 -0.403523 -0.570331 -0.038218 0.029967 0.028719 0.091614 -0.098644 -0.288096 0.173550 0.062194 -0.188715 0.496901 0.161001 0.532882 0.158127 0.312641 0.334369 0.468404 0.108722 -0.054290 -0.128905 -0.184878 0.013838 -0.092502 -0.212485 0.157001 0.005010 0.094555 0.035380 0.053915 -0.018184 -0.065558 -0.138226 -0.237950 0.235075 0.434746 0.340184 0.504411 -0.004168 0.409919 0.024692 0.339833 -0.280641 -0.325707 0.034510 -0.183298 -0.149301 -0.330684 -0.399289 -0.268907 -0.298293 -0.124734 -0.139601 -0.029576 0.055016 -0.111713 -0.100505 -0.262392 0.187567 -0.138133 -0.265315 -0.368905 -0.477341 -0.294633 -0.115465 0.069391 -0.050406 -0.297554
-0.132538 -0.336450 -0.164677 -0.244577 1.000000 -0.291029 0.186640 -0.084419 0.909873 -0.054789 0.313023 0.056950 0.199016 -0.035876 0.603140 0.003555 0.238509 0.117979 -0.477099 -0.358045 -0.080907 0.024310 0.138134 -0.106543 -0.440231 -0.386257 0.043001 -0.252231 0.057239 -0.011838 -0.156648 -0.017559 -0.133645 -0.211246 0.129238 0.249551 -0.070317 -0.180194 0.137720 -0.255499 -0.330629 -0.162396 0.192074 0.134817 0.241721 0.212753 0.086625 -0.057297 0.290129 0.332326 0.044516 0.075882 0.129819 0.275916 0.559458 0.127038 -0.223562 -0.374418 0.166626 -0.213451 0.006957 -0.094053 -0.030344 -0.191333 0.073428 -0.017706 -0.023057 -0.045455 -0.113754 -0.199812 0.071059 0.000264 0.164898 0.085511 0.133176 -0.033316 0.043455 -0.151470 -0.014998 -0.228234 -0.122023 -0.036740 0.322053 -0.360380 -0.005788 -0.265379 0.825156 0.034002 0.757934 0.102615 0.020656 0.087291 0.059359 -0.010954 0.117024 -0.085253 -0.039546 -0.168648 -0.198492 -0.206443 0.086256 -0.206131 -0.741174 -0.145705 -0.549847 0.010832 -0.112162 -0.172725 -0.041704 -0.068185 -0.173083 -0.287457 -0.085887 0.074469 0.106340 0.051071
-0.241056 0.051320 0.342308 -0.060986 -0.291029 1.000000 -0.010360 -0.088142 -0.253966 0.394723 -0.128973 -0.422769 -0.106706 -0.180797 -0.256041 -0.061764 -0.424657 -0.282695 0.107355 0.292460 0.173081 0.339356 -0.018480 0.012279 0.695638 0.636213 0.487267 0.620758 -0.243903 -0.136388 0.290551 0.035813 0.154936 0.216214 -0.036213 0.329260 -0.253912 -0.311895 -0.157783 -0.040588 -0.238356 -0.141181 0.183832 0.253477 0.189664 0.422542 0.004418 0.161990 0.044454 0.281362 0.103392 -0.179349 -0.350087 -0.246679 -0.539863 -0.443043 -0.019740 0.202557 0.156010 -0.054570 0.070866 -0.143881 -0.422409 -0.286127 0.091900 0.012436 -0.055203 0.433435 0.362030 0.599375 0.189995 -0.051209 -0.321112 -0.217272 -0.337148 -0.109810 -0.341116 -0.295134 -0.423930 -0.109384 -0.110694 -0.230205 -0.005714 -0.049826 -0.029615 -0.151798 -0.469283 -0.080311 -0.487361 -0.535622 0.259029 0.091972 0.155535 0.114808 0.183366 -0.221378 -0.118282 0.036409 -0.102534 -0.108043 -0.114220 0.007120 0.556773 0.038471 0.442412 -0.100817 0.051355 0.371546 0.254892 0.089151 0.306554 0.091245 -0.050747 -0.182808 -0.136785 -0.119374
0.117132 -0.001340 0.444776 0.011218 0.186640 -0.010360 1.000000 0.387238 0.231732 0.161607 0.324307 0.192213 0.468044 0.251995 0.337977 0.236345 0.291798 -0.082990 -0.115348 -0.323159 -0.009087 -0.100009 0.339890 0.009400 -0.132555 -0.115537 0.036468 -0.194468 0.278234 0.048262 0.036016 0.205648 -0.049215 0.043004 -0.201471 0.030799 0.011947 -0.284258 -0.034311 -0.270471 -0.042752 0.032913 0.174738 0.080912 0.079764 0.045993 0.125302 -0.144762 0.165564 0.177101 -0.108255 -0.014627 0.107048 0.142044 0.027049 0.081652 -0.262821 -0.417741 0.058966 -0.418173 0.381420 0.181001 0.153224 -0.024262 0.270158 0.094946 -0.387967 -0.360627 -0.251996 -0.070804 -0.009788 0.098560 0.221994 0.202499 0.262502 0.121370 -0.010695 -0.115920 -0.107971 -0.066149 0.020968 -0.040062 0.139367 -0.162918 0.139878 -0.411107 0.149525 0.111172 0.311202 -0.090650 -0.138494 -0.086745 -0.100309 0.130011 -0.013536 -0.041329 -0.109191 -0.140995 -0.078988 -0.172526 -0.204264 -0.248972 -0.253934 -0.181228 -0.275157 -0.015945 -0.048815 -0.174708 -0.092116 0.012647 -0.116757 -0.196182 -0.121770 -0.122002 -0.247746 -0.076099
0.301611 0.456122 0.241717 0.665627 -0.084419 -0.088142 0.387238 1.000000 -0.058415 0.531842 0.184293 0.566075 0.076886 0.714159 0.235488 0.687736 0.082623 -0.198406 0.062442 -0.509617 0.026590 -0.162762 0.030981 0.045348 -0.270370 -0.023888 -0.300136 -0.205857 -0.079403 0.195301 0.116027 0.358960 0.166213 0.084473 -0.440921 -0.451662 -0.117089 -0.032460 -0.361942 -0.354047 0.141749 0.279968 -0.386457 -0.599084 -0.500611 -0.447498 -0.464000 -0.543561 -0.305480 -0.378144 -0.189514 0.071636 -0.041968 -0.054010 -0.116566 -0.194847 0.183618 -0.193047 -0.171327 0.321092 0.360573 0.737098 0.225118 0.374761 0.449055 0.751027 -0.138290 -0.200156 -0.381368 -0.423187 -0.045705 0.060431 0.014496 0.450665 0.326131 0.345578 0.161772 0.007345 0.048957 -0.203080 0.033581 -0.236191 0.268501 0.296157 0.431059 0.218167 0.102148 0.392575 0.197052 0.264393 -0.443953 -0.501040 0.097908 -0.348945 -0.099627 -0.202548 -0.377747 -0.282131 -0.360302 -0.213158 -0.203428 -0.280550 -0.116970 -0.387312 -0.273595 -0.278904 0.110393 -0.209531 -0.252629 -0.344612 -0.594186 -0.421323 -0.136196 -0.147355 -0.245695 -0.218109
-0.030033 -0.182787 -0.010384 -0.174862 0.909873 -0.253966 0.231732 -0.058415 1.000000 -0.008469 0.280515 0.035631 0.204300 0.005163 0.660861 -0.022710 0.153266 0.116782 -0.472354 -0.316133 -0.114227 0.083793 0.217526 -0.007619 -0.418237 -0.337441 -0.044197 -0.243603 -0.060391 -0.190006 -0.189102 -0.112364 -0.135112 -0.333949 0.157775 0.187983 -0.159143 -0.234683 0.099539 -0.230352 -0.318120 -0.203569 0.096066 0.045472 0.127266 0.115665 0.042475 -0.129589 0.207492 0.232705 -0.003302 0.018782 0.145702 0.281259 0.517032 0.108028 -0.122511 -0.246530 0.231314 -0.129811 0.072229 0.050851 0.000745 -0.097866 0.109168 0.021056 -0.032098 -0.033078 -0.084238 -0.211662 -0.032753 -0.170710 0.023919 -0.015050 0.053076 -0.033070 -0.052702 -0.178670 -0.006486 -0.242469 -0.153082 -0.057752 0.293590 -0.403398 0.028428 -0.228471 0.810892 0.081620 0.761596 0.207709 -0.026054 0.053810 0.113031 -0.094005 0.081713 -0.180261 -0.099094 -0.180962 -0.232102 -0.252879 0.105584 -0.223440 -0.720632 -0.205367 -0.548264 -0.005412 -0.044723 -0.143898 -0.149356 -0.137968 -0.230428 -0.314360 -0.055624 0.115460 0.078190 -0.005255
-0.017078 0.242679 0.134917 0.216224 -0.054789 0.394723 0.161607 0.531842 -0.008469 1.000000 0.020140 0.153519 -0.040172 0.334942 0.113303 0.422186 -0.111810 -0.263618 -0.065824 -0.232819 0.100986 0.042057 -0.053236 0.003823 0.202611 0.268202 -0.014299 0.155840 -0.121143 0.035616 0.213633 0.240367 0.052664 0.077031 -0.315662 -0.052675 -0.237065 -0.244954 -0.305279 -0.313183 -0.045956 0.074697 -0.022033 -0.098641 -0.060990 0.095673 -0.175957 -0.152991 0.030605 0.127250 -0.171365 -0.005580 -0.115278 -0.213667 -0.419511 -0.438019 0.090962 -0.056534 -0.040235 0.067324 0.284569 0.384328 -0.177168 0.047156 0.262103 0.595898 -0.280810 0.087177 -0.154094 -0.020978 0.047489 -0.069830 -0.157995 0.039479 -0.004103 0.145109 -0.076302 -0.148463 -0.056755 -0.343912 0.104033 -0.141600 0.237003 0.054635 0.264059 -0.119387 -0.044019 0.221069 -0.015497 -0.114452 -0.079203 -0.186505 0.335900 -0.255402 0.101795 -0.250943 -0.266370 -0.110308 -0.424988 -0.234172 -0.070691 -0.203900 0.175010 -0.370007 0.028631 -0.154293 0.123907 0.072491 -0.103668 -0.158089 -0.217694 -0.241524 -0.285218 -0.139551 -0.056992 0.004983
0.447648 0.295261 -0.138524 0.077805 0.313023 -0.128973 0.324307 0.184293 0.280515 0.020140 1.000000 0.479764 0.681250 0.482502 0.660891 0.503025 0.533644 -0.018741 -0.408907 -0.355875 -0.237709 -0.158251 0.076786 -0.024561 -0.419536 -0.449836 -0.313727 -0.293862 0.154434 0.091252 -0.185207 -0.059001 0.162410 -0.094454 -0.184543 -0.152032 0.073347 -0.082096 -0.117837 -0.397850 0.111017 0.158887 0.023015 -0.066016 -0.116883 -0.135117 -0.132050 -0.291041 -0.020617 -0.132309 0.121292 0.133260 0.337821 0.076049 0.310275 0.110123 0.151223 -0.110559 0.295848 -0.121372 0.481081 0.286386 0.402457 0.125132 0.255139 0.318761 -0.195313 -0.323781 -0.136378 -0.227156 -0.280743 -0.091720 0.255565 0.313458 0.517849 0.435223 0.334237 0.133461 0.122011 -0.017787 0.142904 0.065686 0.277197 -0.081730 0.200942 -0.131989 0.438846 0.429742 0.471159 0.285939 -0.427108 -0.471229 -0.417774 -0.140852 0.088678 -0.143225 -0.134328 -0.338976 -0.253422 -0.208987 -0.352278 -0.218565 -0.448692 -0.453748 -0.250332 -0.245447 -0.185859 -0.085148 0.022108 -0.156143 -0.267308 -0.348346 -0.087894 0.012205 -0.091527 -0.231596
0.323415 0.376776 -0.227341 0.363711 0.056950 -0.422769 0.192213 0.566075 0.035631 0.153519 0.479764 1.000000 0.227277 0.685377 0.312315 0.647212 0.451815 0.120635 -0.230521 -0.518011 -0.115173 -0.277989 -0.021601 0.072652 -0.545829 -0.391939 -0.482696 -0.433686 0.246700 0.368537 -0.222563 0.167717 0.021692 -0.106281 -0.421528 -0.498383 0.076814 0.117640 -0.115678 -0.249894 0.348814 0.355001 -0.163839 -0.358028 -0.294842 -0.436785 -0.258219 -0.423175 -0.086025 -0.311545 0.011855 0.272608 0.261575 0.124633 0.242238 0.156193 0.145544 -0.225742 -0.088811 0.128369 0.150732 0.479369 0.431518 0.212956 0.234017 0.537133 -0.117257 -0.385282 -0.276667 -0.565413 -0.107817 -0.007587 0.402571 0.481471 0.498629 0.456806 0.392720 0.208579 0.383300 -0.020768 0.197529 0.098187 0.256866 0.385657 0.298516 0.182121 0.325471 0.368804 0.390796 0.474221 -0.475778 -0.487141 -0.126292 -0.371417 -0.106956 0.043369 -0.157824 -0.222383 -0.201529 -0.141586 -0.059860 -0.348121 -0.401300 -0.413477 -0.352063 -0.183400 -0.031310 -0.204661 -0.128656 -0.197861 -0.529993 -0.405722 -0.058375 0.060031 -0.046045 -0.100981
0.483971 0.159873 0.043598 -0.090582 0.199016 -0.106706 0.468044 0.076886 0.204300 -0.040172 0.681250 0.227277 1.000000 0.475160 0.513177 0.217065 0.458358 -0.056420 -0.378905 -0.377483 -0.175036 -0.250149 0.038081 -0.105457 -0.140570 -0.229591 -0.120896 -0.387513 0.247852 0.067536 -0.160102 -0.062130 -0.078235 -0.018001 -0.155003 -0.082553 0.187426 -0.120975 0.042314 -0.124323 0.160187 0.112637 0.026165 0.036212 -0.118007 -0.135247 -0.001027 -0.152675 -0.084254 -0.149145 0.000911 -0.107504 0.316160 -0.063935 0.239864 0.194468 0.038350 -0.131527 0.317587 -0.227544 0.627366 0.189944 0.452463 0.045309 -0.088316 0.015754 -0.287590 -0.458527 -0.239835 -0.132505 -0.177924 -0.013032 0.366410 0.259879 0.337737 0.308118 0.166102 0.145713 0.055570 -0.116535 0.154195 0.124739 0.007589 -0.314584 -0.126205 -0.428029 0.235457 0.135617 0.325800 0.183923 -0.299555 -0.125561 -0.314362 0.118386 0.062555 0.050938 0.138640 -0.088363 -0.065122 -0.019358 -0.279315 -0.113041 -0.367089 -0.267181 -0.158663 0.076866 -0.069545 0.008941 0.025938 0.090644 0.003736 -0.117258 -0.032434 -0.140257 -0.110868 0.028836
0.539937 0.529824 0.015584 0.475838 -0.035876 -0.180797 0.251995 0.714159 0.005163 0.334942 0.482502 0.685377 0.475160 1.000000 0.406813 0.645336 0.355872 -0.067150 -0.098380 -0.570965 -0.101775 -0.199848 -0.123309 -0.047711 -0.281604 -0.129359 -0.376009 -0.411505 0.025825 0.305132 -0.127581 0.113377 0.132974 0.063749 -0.523876 -0.540153 0.104644 0.071180 -0.315138 -0.278858 0.331569 0.282639 -0.401274 -0.544922 -0.555669 -0.554563 -0.476924 -0.463720 -0.464179 -0.566211 -0.034304 0.026413 0.180064 -0.058161 0.098251 0.001121 0.374346 -0.077144 0.010382 0.271608 0.514520 0.710669 0.438433 0.316232 0.265878 0.638105 -0.214531 -0.361957 -0.421460 -0.554426 -0.072045 0.101402 0.274412 0.595612 0.495217 0.565220 0.425727 0.309292 0.190417 -0.090002 0.069690 -0.067134 0.100492 0.131327 0.215639 0.109642 0.194934 0.328966 0.258560 0.469285 -0.598344 -0.508657 -0.136116 -0.296756 -0.132939 -0.151782 -0.216142 -0.276351 -0.273459 -0.134573 -0.289541 -0.360910 -0.325164 -0.498858 -0.346399 -0.148140 0.072346 -0.213502 -0.185263 -0.249265 -0.397000 -0.342081 -0.066874 -0.178712 -0.169757 -0.084800
0.357962 0.150775 0.042288 0.188050 0.603140 -0.256041 0.337977 0.235488 0.660861 0.113303 0.660891 0.312315 0.513177 0.406813 1.000000 0.490995 0.284894 -0.050805 -0.463844 -0.522976 -0.158135 -0.040987 0.352282 0.165423 -0.520863 -0.326269 -0.232770 -0.197037 -0.126399 -0.261938 -0.174084 -0.079828 -0.142201 -0.357021 -0.122891 -0.166770 -0.217420 -0.218860 -0.041252 -0.321188 -0.032582 0.002275 -0.162318 -0.237684 -0.225247 -0.247509 -0.167418 -0.421210 -0.003742 -0.153336 0.102707 0.136008 0.345838 0.364542 0.482714 0.008012 0.105278 -0.156197 0.239081 0.002116 0.403645 0.371397 0.135526 0.038544 0.292380 0.329162 -0.147909 -0.160587 -0.199851 -0.280220 -0.228812 -0.157284 -0.007359 0.093798 0.248194 0.129608 -0.012450 -0.082648 -0.071805 -0.305230 -0.154473 -0.194607 0.478231 -0.197508 0.341418 -0.076143 0.708806 0.375447 0.758285 0.479781 -0.407803 -0.275421 -0.070810 -0.230626 0.015077 -0.220609 -0.209391 -0.253782 -0.508636 -0.439547 -0.240672 -0.368592 -0.689022 -0.447375 -0.474624 -0.156475 -0.027934 -0.210427 -0.229927 -0.127943 -0.401990 -0.542356 -0.276253 0.024981 -0.001518 -0.026184
0.354359 0.391664 0.099607 0.605455 0.003555 -0.061764 0.236345 0.687736 -0.022710 0.422186 0.503025 0.647212 0.217065 0.645336 0.490995 1.000000 0.166287 -0.034177 -0.148691 -0.428473 0.095547 -0.081613 0.228943 0.261443 -0.360728 -0.145145 -0.297929 -0.133895 0.097686 0.180606 0.198409 0.294324 0.149297 -0.010725 -0.308128 -0.399991 -0.087504 -0.053534 -0.242867 -0.449606 0.276217 0.485761 -0.272719 -0.451748 -0.431889 -0.463290 -0.286566 -0.548704 -0.193097 -0.315339 -0.009183 0.116604 0.204685 0.163731 0.080003 -0.116640 0.171260 -0.122418 0.033291 0.099278 0.353380 0.543153 0.181778 0.188155 0.465379 0.673450 -0.181755 -0.306153 -0.166694 -0.299016 -0.136210 0.021829 0.141966 0.358711 0.505580 0.358693 0.251134 0.008594 0.056456 -0.093493 0.028502 -0.107671 0.493986 0.484615 0.519654 0.216553 0.225458 0.539696 0.333764 0.374956 -0.539875 -0.525179 -0.047978 -0.310868 -0.181679 -0.169860 -0.414180 -0.389962 -0.475179 -0.298267 -0.271113 -0.348387 -0.236095 -0.467335 -0.180942 -0.503563 0.000634 -0.087292 -0.066803 -0.277991 -0.595893 -0.469992 -0.157039 0.119147 -0.208953 -0.333248
0.285494 0.085882 -0.237305 -0.193810 0.238509 -0.424657 0.291798 0.082623 0.153266 -0.111810 0.533644 0.451815 0.458358 0.355872 0.284894 0.166287 1.000000 0.303753 -0.232615 -0.245175 -0.251620 -0.208391 0.021267 -0.186555 -0.433040 -0.433290 -0.353724 -0.488914 0.425405 0.327435 -0.212011 0.109576 0.075171 0.150666 -0.096553 -0.066366 0.355149 -0.016681 0.055622 -0.317963 0.275097 0.092410 0.043594 -0.128244 -0.039079 -0.147949 -0.103889 -0.209214 -0.065822 -0.096575 -0.200011 -0.066795 0.265028 -0.026123 0.225162 0.125073 0.213894 -0.124880 0.115689 -0.334694 0.339852 0.200507 0.521470 0.204642 0.153308 0.128966 -0.280242 -0.464858 -0.195079 -0.318291 -0.186300 0.172180 0.554168 0.450215 0.529472 0.376220 0.465567 0.279893 0.470663 0.081187 0.503731 0.401977 -0.038280 -0.109095 0.050301 -0.259314 0.313506 0.004326 0.420222 0.181492 -0.359902 -0.276406 -0.281966 -0.041606 -0.196132 0.165936 -0.174429 -0.225309 -0.038220 0.038829 -0.050770 -0.214995 -0.439128 -0.359292 -0.325275 0.028736 -0.147860 -0.242769 -0.060342 -0.035582 -0.249063 -0.089472 0.054328 -0.066630 -0.120072 0.097577
-0.152172 -0.055934 -0.288360 -0.162169 0.117979 -0.282695 -0.082990 -0.198406 0.116782 -0.263618 -0.018741 0.120635 -0.056420 -0.067150 -0.050805 -0.034177 0.303753 1.000000 -0.160411 0.082185 0.016931 -0.018220 -0.012837 0.038719 -0.209874 -0.299180 -0.156516 -0.266109 0.368640 0.380295 0.034539 0.069340 -0.055259 -0.047090 0.033165 0.035775 0.259935 0.177555 -0.012624 -0.034059 0.095417 0.264974 0.087811 -0.004988 0.086934 -0.104973 0.124781 0.127556 0.028605 0.062837 -0.253947 -0.207192 -0.085234 0.121721 0.178410 0.159890 0.063998 0.148605 0.030446 -0.334954 -0.152095 -0.124616 0.195523 0.165289 0.038053 -0.187492 -0.283092 -0.311545 0.112479 -0.088563 -0.206287 0.074890 0.335878 0.084282 0.116046 0.026105 0.248647 0.164557 0.448665 0.336391 0.355752 0.486243 0.145917 0.120666 -0.119609 0.097666 0.098241 -0.199044 0.088727 0.043096 0.150714 0.147225 0.082251 0.152146 -0.150553 0.186702 -0.230544 -0.083568 0.327897 0.245067 0.198337 -0.014524 -0.101519 0.047886 -0.087073 -0.120551 0.023089 0.059200 0.115710 -0.044389 -0.014094 0.280471 0.178037 0.237658 0.002585 -0.115695
0.069338 0.157868 0.320721 0.302152 -0.477099 0.107355 -0.115348 0.062442 -0.472354 -0.065824 -0.408907 -0.230521 -0.378905 -0.098380 -0.463844 -0.148691 -0.232615 -0.160411 1.000000 0.549869 -0.014030 0.028388 -0.039086 -0.090290 0.241386 0.268172 0.202599 0.258723 0.064239 0.044168 0.328410 0.120128 0.436919 0.464797 0.077132 -0.073545 -0.058447 -0.106008 -0.225379 0.070190 0.104461 -0.064344 -0.070227 -0.154266 -0.178308 -0.138168 -0.012210 0.154402 -0.325087 -0.279054 -0.144306 -0.323220 -0.215882 -0.136902 -0.334518 -0.154099 -0.001645 0.093135 -0.323533 0.146563 -0.055654 -0.050457 -0.039558 0.160415 0.148356 -0.154279 0.065089 0.082880 0.042420 0.169709 0.109209 0.266762 -0.078873 0.013927 -0.136246 -0.032134 -0.099371 0.070180 -0.137847 0.142204 -0.130611 -0.046803 -0.247273 0.241443 0.056954 0.288585 -0.425560 -0.046429 -0.452352 -0.147081 0.011966 -0.159037 -0.162657 0.120293 0.095245 -0.116152 -0.025787 -0.001634 0.099401 0.145370 -0.225399 0.302869 0.405649 0.229883 0.229325 -0.056585 0.091174 0.065732 0.111814 -0.113946 0.221932 0.200731 0.122787 -0.056610 0.022421 -0.244243
-0.215970 -0.029877 0.090743 -0.167643 -0.358045 0.292460 -0.323159 -0.509617 -0.316133 -0.232819 -0.355875 -0.518011 -0.377483 -0.570965 -0.522976 -0.428473 -0.245175 0.082185 0.549869 1.000000 -0.068786 0.289326 -0.104154 0.010310 0.374069 0.165812 0.282276 0.335604 0.104931 -0.004619 0.162076 -0.155597 0.366251 0.374671 0.355942 0.342535 0.050381 -0.058733 -0.008823 0.070072 -0.132314 -0.044149 0.269210 0.272220 0.177131 0.207950 0.306036 0.393832 -0.023030 0.091578 -0.128438 -0.345484 -0.261809 -0.145254 -0.346359 -0.130394 -0.106931 0.281728 -0.079006 -0.116642 -0.237740 -0.401489 -0.174131 0.070227 -0.152070 -0.501139 0.066086 0.135467 0.572801 0.585821 0.041250 -0.077667 -0.141706 -0.236134 -0.262923 -0.176400 -0.167882 -0.056446 -0.011492 0.268732 0.085363 0.324411 -0.230092 0.169913 -0.203716 0.075439 -0.449634 -0.133483 -0.535903 -0.368868 0.366593 0.131610 -0.099483 0.250966 0.131205 -0.116185 -0.019205 0.055015 0.227406 0.257074 0.152354 0.408675 0.557312 0.425703 0.545758 -0.062307 -0.036567 0.382894 0.235495 0.017147 0.316861 0.391566 0.243794 0.081407 0.017796 -0.221332
-0.115405 -0.088538 0.066883 -0.069798 -0.080907 0.173081 -0.009087 0.026590 -0.114227 0.100986 -0.237709 -0.115173 -0.175036 -0.101775 -0.158135 0.095547 -0.251620 0.016931 -0.014030 -0.068786 1.000000 0.026761 0.075359 -0.087371 0.321153 0.183211 0.042960 0.043955 0.064806 0.279477 0.306211 0.314159 -0.105124 0.074006 -0.066408 -0.015973 -0.092525 0.093625 0.035546 0.076187 0.128551 0.206663 0.122538 0.240254 0.185863 0.107056 0.119412 0.106280 0.231661 0.268751 0.170341 0.055169 0.009322 0.113115 -0.080547 -0.060697 -0.059712 -0.096329 0.014476 -0.173688 -0.138813 -0.090688 -0.163984 -0.217907 -0.061584 -0.085639 -0.023764 -0.041531 0.117589 0.016804 0.044095 0.327595 0.025722 0.027346 0.072132 0.044386 0.044957 0.063934 -0.140422 -0.045833 -0.154486 -0.137677 0.153467 0.114695 0.025535 0.008417 -0.118528 -0.174650 -0.146467 -0.261523 0.046641 0.076469 0.103652 -0.040099 -0.240989 0.024618 0.002990 -0.116106 0.097535 0.019529 -0.044120 -0.124203 0.129679 -0.124029 0.023826 -0.149504 0.065884 -0.083925 -0.141737 0.035921 0.026215 0.060112 0.024468 0.067821 0.014686 0.134765
-0.078029 -0.025550 0.236743 -0.055955 0.024310 0.339356 -0.100009 -0.162762 0.083793 0.042057 -0.158251 -0.277989 -0.250149 -0.199848 -0.040987 -0.081613 -0.208391 -0.018220 0.028388 0.289326 0.026761 1.000000 -0.040891 0.220659 0.165104 0.338360 0.157843 0.347186 -0.230116 -0.128915 0.080532 -0.056845 -0.043118 -0.120400 0.133414 0.101838 -0.003391 -0.081236 0.249459 0.148643 0.040401 0.110682 0.080741 0.069362 0.061950 0.007555 0.103268 0.008007 0.037323 0.012143 -0.031678 -0.239774 -0.198716 -0.146603 0.002991 -0.040283 0.097463 0.145264 0.095713 -0.046821 -0.129741 -0.129387 -0.380403 -0.157864 0.086098 -0.094386 0.141961 0.062706 0.210658 0.282055 0.250677 -0.087923 -0.191433 -0.088483 -0.233638 -0.038143 -0.100337 -0.083029 -0.219780 0.035735 -0.143484 -0.106104 0.011721 -0.041874 0.018456 0.050200 -0.040361 -0.016439 -0.043418 -0.050533 0.104320 0.063064 0.072347 -0.027797 0.030065 -0.138747 -0.076275 -0.033972 -0.094870 0.099231 -0.084253 0.085530 0.080819 -0.053565 0.175617 -0.281073 -0.189936 0.299196 0.250641 0.020052 0.080974 0.144718 0.085504 0.057515 -0.282314 -0.234724
0.019244 -0.048210 0.475230 0.044042 0.138134 -0.018480 0.339890 0.030981 0.217526 -0.053236 0.076786 -0.021601 0.038081 -0.123309 0.352282 0.228943 0.021267 -0.012837 -0.039086 -0.104154 0.075359 -0.040891 1.000000 0.454733 -0.067936 0.201021 0.201671 0.296267 -0.054440 -0.407849 0.365320 0.330300 -0.140146 -0.068581 0.273961 0.162710 -0.336248 -0.126781 0.045848 -0.227501 -0.037881 0.130775 -0.055127 -0.078918 -0.053469 -0.097416 0.005086 -0.332628 0.149286 0.075098 0.117161 -0.035576 0.249617 0.390217 0.014374 -0.099822 -0.000605 0.051195 0.084150 -0.198811 0.062727 0.008522 -0.201297 -0.169999 0.457339 0.017744 -0.164314 0.123363 0.019598 0.120001 -0.319733 -0.023913 -0.100547 -0.121172 0.108196 -0.017249 -0.316793 -0.275058 -0.374515 -0.098911 -0.168712 -0.267461 0.328885 0.012503 0.489544 -0.042185 0.162203 0.164971 0.368264 0.079109 -0.120210 -0.149031 -0.110890 -0.180200 -0.052191 -0.098051 -0.147118 -0.136257 -0.259697 -0.496400 -0.280567 -0.283506 -0.215143 -0.168863 -0.091812 -0.301162 -0.132403 -0.035077 -0.131754 0.131092 -0.234427 -0.333581 -0.312541 0.098166 -0.224083 -0.136871
-0.206293 -0.127396 0.117236 0.135691 -0.106543 0.012279 0.009400 0.045348 -0.007619 0.003823 -0.024561 0.072652 -0.105457 -0.047711 0.165423 0.261443 -0.186555 0.038719 -0.090290 0.010310 -0.087371 0.220659 0.454733 1.000000 -0.160135 0.164269 -0.020875 0.306870 -0.107096 -0.339201 0.149128 0.111694 -0.293109 -0.293762 0.339893 -0.078665 -0.082709 0.051635 0.251137 0.156577 0.078552 0.088375 -0.023544 -0.125522 -0.110228 -0.158048 0.104280 -0.204236 0.010812 -0.134333 0.096138 -0.064651 0.058502 0.294801 0.161839 0.280449 -0.111876 -0.018620 -0.289689 -0.035753 -0.335700 -0.085502 -0.363992 -0.252200 0.206445 0.132843 -0.043326 0.176166 0.069152 0.133626 -0.150161 -0.307063 -0.189540 -0.256933 -0.096372 -0.202259 -0.284800 -0.190909 -0.309862 0.225009 -0.296856 -0.239164 0.301947 0.234866 0.386839 0.280098 0.006972 0.281053 0.147626 0.441254 -0.057957 -0.078326 0.129639 -0.113501 0.016067 0.254876 0.033201 0.198317 -0.194512 -0.298198 -0.154691 -0.123433 -0.017851 0.117221 -0.020386 -0.091474 0.135836 0.250531 0.143979 0.154601 -0.057211 -0.277847 -0.064314 0.282482 -0.236635 -0.076350
-0.230714 -0.031854 0.310677 -0.257409 -0.440231 0.695638 -0.132555 -0.270370 -0.418237 0.202611 -0.419536 -0.545829 -0.140570 -0.281604 -0.520863 -0.360728 -0.433040 -0.209874 0.241386 0.374069 0.321153 0.165104 -0.067936 -0.160135 1.000000 0.725578 0.555295 0.462408 -0.145460 -0.000613 0.228089 0.057625 0.074435 0.331756 0.042529 0.295269 -0.075683 -0.067946 -0.099551 0.193297 -0.108679 -0.136146 0.180228 0.382043 0.205145 0.370898 0.142371 0.455328 0.058183 0.279286 0.123605 -0.176650 -0.219130 -0.241219 -0.516464 -0.250309 -0.028403 0.221405 0.108264 -0.096048 0.024388 -0.265065 -0.320079 -0.214087 -0.176144 -0.300962 -0.060079 0.265244 0.192445 0.439701 0.096502 0.289824 -0.139771 -0.198431 -0.330440 -0.040385 -0.252367 -0.001466 -0.255274 -0.158980 -0.150509 -0.161110 -0.377807 -0.181040 -0.340768 -0.234778 -0.652197 -0.273448 -0.661805 -0.597530 0.402063 0.317230 0.197352 0.316420 0.121004 -0.137455 0.097608 0.068355 0.236710 0.146808 0.021729 0.173924 0.663721 0.077996 0.493924 0.130333 0.072209 0.229713 0.170935 0.076974 0.521826 0.349263 0.024408 -0.205376 0.066708 0.043123
-0.156750 0.052236 0.522795 -0.006153 -0.386257 0.636213 -0.115537 -0.023888 -0.337441 0.268202 -0.449836 -0.391939 -0.229591 -0.129359 -0.326269 -0.145145 -0.433290 -0.299180 0.268172 0.165812 0.183211 0.338360 0.201021 0.164269 0.725578 1.000000 0.534007 0.668974 -0.396106 -0.238703 0.282622 0.231149 -0.168675 0.136502 0.086719 0.109339 -0.259672 -0.084306 -0.068656 0.144408 -0.069084 -0.152508 0.079916 0.104117 0.019117 0.152603 -0.026636 0.193506 -0.016316 0.055852 0.112007 -0.215815 -0.236903 -0.208547 -0.445873 -0.276868 0.115594 0.173998 -0.049394 0.040720 -0.050015 -0.126435 -0.452673 -0.288956 0.107856 -0.065333 -0.103266 0.400137 0.104298 0.344997 0.154811 0.190702 -0.302135 -0.198238 -0.374746 0.013557 -0.438772 -0.110985 -0.469534 -0.231410 -0.303323 -0.434176 -0.185564 -0.082126 0.071545 0.008801 -0.476247 -0.097507 -0.426443 -0.321683 0.203833 0.128327 0.210512 0.014127 0.157015 -0.142845 0.056025 0.100866 -0.070284 -0.088291 -0.213008 -0.113616 0.450729 -0.037427 0.319095 0.007206 0.028058 0.216905 0.140900 0.137245 0.356724 0.056409 -0.184677 -0.205081 -0.091580 0.001539
-0.361525 -0.269560 0.290510 -0.251158 0.043001 0.487267 0.036468 -0.300136 -0.044197 -0.014299 -0.313727 -0.482696 -0.120896 -0.376009 -0.232770 -0.297929 -0.353724 -0.156516 0.202599 0.282276 0.042960 0.157843 0.201671 -0.020875 0.555295 0.534007 1.000000 0.525990 0.015633 -0.085966 0.251569 0.077842 0.029268 0.307927 0.169753 0.415275 -0.032739 -0.061277 -0.037557 0.070350 -0.296222 -0.214699 0.274407 0.334627 0.310723 0.414384 0.226017 0.387551 0.140385 0.349728 0.087003 -0.136630 -0.146043 -0.057603 -0.099799 -0.045677 -0.239519 -0.031701 -0.090208 -0.319084 0.001802 -0.463843 -0.384735 -0.391547 0.029032 -0.357493 -0.149123 0.286763 0.117869 0.386305 0.201428 0.357496 0.077385 -0.116914 -0.220242 -0.148859 -0.314639 -0.059123 -0.316503 -0.082693 -0.294076 -0.217969 -0.180479 -0.266998 -0.282162 -0.328551 -0.254596 -0.134661 -0.176141 -0.433189 0.400919 0.386283 0.006256 0.367275 0.371715 -0.056817 0.137296 0.125711 0.150099 0.110424 -0.108475 0.078037 0.261187 0.154241 0.121774 0.115528 0.018098 0.140773 0.366280 0.120936 0.436722 0.210047 -0.038146 0.012400 0.187811 -0.071023
-0.284665 -0.094438 0.357119 -0.037970 -0.252231 0.620758 -0.194468 -0.205857 -0.243603 0.155840 -0.293862 -0.433686 -0.387513 -0.411505 -0.197037 -0.133895 -0.488914 -0.266109 0.258723 0.335604 0.043955 0.347186 0.296267 0.306870 0.462408 0.668974 0.525990 1.000000 -0.419488 -0.377002 0.276582 0.127544 -0.042335 -0.017066 0.137148 0.142263 -0.380359 -0.180248 -0.079314 0.097497 -0.153137 -0.130137 0.056934 0.111361 0.117723 0.233315 0.088196 0.107517 0.105953 0.116454 0.171130 -0.134527 -0.275646 -0.092488 -0.292638 -0.283554 0.062552 0.237274 -0.139011 -0.007090 -0.207076 -0.282036 -0.608850 -0.245297 0.314074 -0.077127 0.039108 0.594881 0.439024 0.605947 0.113054 -0.061921 -0.515623 -0.404394 -0.425044 -0.255344 -0.567405 -0.370218 -0.549891 -0.068183 -0.254714 -0.373491 0.059424 0.021182 0.288261 0.180872 -0.308938 0.067291 -0.275078 -0.224881 0.186659 0.072001 0.105234 -0.067467 0.233081 -0.090426 0.036453 0.206488 -0.159285 -0.182210 -0.297749 -0.060162 0.391561 0.101783 0.445012 -0.178427 -0.121961 0.352262 0.314627 0.274909 0.253490 0.041638 -0.190438 -0.165893 -0.093039 -0.138691
-0.000752 -0.175706 -0.241604 -0.134581 0.057239 -0.243903 0.278234 -0.079403 -0.060391 -0.121143 0.154434 0.246700 0.247852 0.025825 -0.126399 0.097686 0.425405 0.368640 0.064239 0.104931 0.064806 -0.230116 -0.054440 -0.107096 -0.145460 -0.396106 0.015633 -0.419488 1.000000 0.554310 0.191707 0.220542 0.185977 0.374756 0.069217 0.173335 0.495075 0.008737 0.059270 -0.144629 0.173777 0.215693 0.233252 0.176742 0.134503 0.084986 0.263715 0.202664 0.010726 0.156314 -0.220125 -0.192608 0.139134 -0.081581 0.122424 0.250018 -0.358212 -0.346701 -0.181012 -0.535631 0.097244 -0.228977 0.412473 -0.078020 -0.023585 -0.188966 -0.296414 -0.504546 -0.167721 -0.171507 0.060114 0.256086 0.694859 0.235629 0.351824 -0.001562 0.393022 0.325472 0.399034 0.187822 0.280438 0.531210 -0.006021 0.186798 -0.271669 -0.243517 0.012442 -0.042554 0.039750 -0.090119 0.010401 0.045060 -0.268371 0.347994 -0.017548 0.176236 0.018668 -0.123806 0.250376 0.231346 0.089971 0.139645 -0.086313 0.042288 -0.119264 0.126240 0.059550 -0.125310 0.088440 -0.144243 0.082890 0.313527 0.160026 0.315699 0.182191 -0.023319
0.008210 0.065824 -0.290900 -0.033135 -0.011838 -0.136388 0.048262 0.195301 -0.190006 0.035616 0.091252 0.368537 0.067536 0.305132 -0.261938 0.180606 0.327435 0.380295 0.044168 -0.004619 0.279477 -0.128915 -0.407849 -0.339201 -0.000613 -0.238703 -0.085966 -0.377002 0.554310 1.000000 0.093073 0.336897 0.268846 0.373003 -0.322809 -0.172688 0.472791 0.284776 -0.163517 -0.157832 0.191816 0.421729 0.213804 0.101310 0.126589 -0.053744 0.029180 0.164800 0.024917 0.087683 -0.166584 -0.022143 -0.082975 -0.132164 0.021180 0.113198 0.035210 -0.189782 -0.134798 -0.225575 0.050649 0.007266 0.333568 0.155787 -0.046183 -0.025577 -0.290243 -0.479689 -0.022955 -0.226356 0.018341 0.459877 0.643845 0.598415 0.469407 0.392307 0.552117 0.312232 0.407356 0.242245 0.373355 0.483298 -0.012339 0.284776 -0.173049 -0.012548 -0.036305 -0.071560 -0.093759 -0.167814 -0.103670 -0.168011 -0.123380 0.068593 -0.057750 0.079635 -0.060689 -0.221875 0.278731 0.352311 0.053084 -0.089364 -0.025143 -0.128881 -0.077061 -0.128880 -0.044287 -0.028155 0.181359 -0.137637 -0.061278 0.173454 0.214376 -0.037509 -0.017063 -0.125599
-0.124246 0.028194 0.314403 0.067511 -0.156648 0.290551 0.036016 0.116027 -0.189102 0.213633 -0.185207 -0.222563 -0.160102 -0.127581 -0.174084 0.198409 -0.212011 0.034539 0.328410 0.162076 0.306211 0.080532 0.365320 0.149128 0.228089 0.282622 0.251569 0.276582 0.191707 0.093073 1.000000 0.651096 0.201027 0.238562 0.193602 0.093864 -0.027127 -0.116501 -0.159493 -0.117183 0.168436 0.260859 0.044885 0.012061 0.084392 0.087966 0.081406 -0.033289 0.044477 0.179788 -0.086216 -0.195136 -0.117006 -0.052245 -0.311839 -0.265126 -0.049590 0.058552 -0.008257 -0.170800 0.078049 -0.045123 -0.102050 -0.031123 0.435509 0.017965 -0.206403 -0.049934 0.022212 0.141945 -0.104152 0.219700 0.024063 -0.025945 0.056806 0.025998 -0.101463 -0.173981 -0.250766 0.011370 0.035582 0.026090 0.134089 0.242497 0.324566 0.114708 -0.218643 0.082975 -0.161476 -0.300696 -0.087825 -0.173057 -0.077789 -0.041298 0.033491 -0.028952 -0.109907 -0.066725 -0.099965 -0.024949 -0.275420 0.001541 0.145319 -0.067064 0.120201 -0.422113 0.058781 0.145588 0.203878 -0.078033 -0.030633 0.091224 0.070250 0.059486 -0.303810 -0.342267
-0.063296 -0.057561 0.236087 0.117161 -0.017559 0.035813 0.205648 0.358960 -0.112364 0.240367 -0.059001 0.167717 -0.062130 0.113377 -0.079828 0.294324 0.109576 0.069340 0.120128 -0.155597 0.314159 -0.056845 0.330300 0.111694 0.057625 0.231149 0.077842 0.127544 0.220542 0.336897 0.651096 1.000000 -0.031977 0.175147 -0.029427 -0.142110 -0.011529 -0.074417 -0.192863 -0.208546 0.142187 0.273377 0.107128 -0.032085 0.062332 -0.092906 0.000816 -0.060120 0.197656 0.134835 -0.090501 -0.094182 -0.044416 0.046561 -0.123616 -0.112033 0.027967 -0.157749 -0.201153 -0.226405 0.035390 0.054997 -0.008361 0.071254 0.475489 0.090745 -0.337083 -0.285262 -0.066610 -0.038330 -0.125268 0.354317 0.218078 0.166547 0.177001 0.196726 -0.098268 -0.125100 -0.109780 -0.058520 0.164445 0.018936 0.264083 0.289523 0.406294 0.176224 0.046432 0.300454 0.093933 -0.152375 -0.200859 -0.268337 -0.110110 -0.203636 -0.022086 0.132774 -0.066928 -0.068606 -0.049650 -0.049675 -0.294439 -0.223447 -0.077692 -0.274827 -0.058205 -0.291233 -0.066161 -0.005285 0.097740 0.014796 -0.217132 -0.146710 -0.078896 -0.144318 -0.355755 -0.200243
0.223313 0.328525 0.023517 0.181249 -0.133645 0.154936 -0.049215 0.166213 -0.135112 0.052664 0.162410 0.021692 -0.078235 0.132974 -0.142201 0.149297 0.075171 -0.055259 0.436919 0.366251 -0.105124 -0.043118 -0.140146 -0.293109 0.074435 -0.168675 0.029268 -0.042335 0.185977 0.268846 0.201027 -0.031977 1.000000 0.546919 0.103992 0.181232 0.171687 -0.043431 -0.254486 -0.293116 0.007113 0.189711 -0.111555 -0.161400 -0.169851 -0.011559 -0.111490 -0.101968 -0.411548 -0.133661 -0.263405 -0.242485 -0.150302 -0.276289 -0.210189 -0.177939 0.072685 0.094992 0.111601 0.100311 0.313542 0.205978 0.252165 0.288279 0.179674 0.182767 0.081480 -0.088206 0.104231 -0.025144 -0.051250 0.158115 0.175054 0.330654 0.343027 0.290323 0.301841 0.066460 0.112294 0.043433 0.095832 0.090519 -0.229127 0.136388 -0.074349 -0.036037 -0.203173 0.025887 -0.183653 -0.120074 -0.202502 -0.390157 -0.149766 -0.043838 0.093186 -0.350220 -0.290178 -0.337606 -0.046033 -0.042757 0.008007 0.196180 0.237704 -0.084127 0.186323 -0.284988 -0.030179 -0.044872 0.062032 -0.360004 -0.120828 0.032273 0.150057 -0.071400 -0.061807 -0.389037
0.018382 0.142232 0.056188 -0.032551 -0.211246 0.216214 0.043004 0.084473 -0.333949 0.077031 -0.094454 -0.106281 -0.018001 0.063749 -0.357021 -0.010725 0.150666 -0.047090 0.464797 0.374671 0.074006 -0.120400 -0.068581 -0.293762 0.331756 0.136502 0.307927 -0.017066 0.374756 0.373003 0.238562 0.175147 0.546919 1.000000 0.103218 0.362278 0.210739 0.006058 -0.134638 -0.242817 -0.085179 0.169274 0.030010 0.004754 -0.048412 0.087421 -0.024315 0.145557 -0.289625 0.018837 -0.333356 -0.392457 -0.175985 -0.249718 -0.432045 -0.243409 0.031196 0.027488 -0.053514 -0.148761 0.245321 -0.027965 0.025419 0.024731 0.027896 -0.012352 -0.126930 -0.008592 0.050841 0.207242 0.054197 0.340412 0.388202 0.385200 0.260893 0.179958 0.249321 0.175883 -0.003597 0.059481 0.218630 0.135719 -0.209604 0.171598 -0.234488 -0.286053 -0.328200 -0.124200 -0.291175 -0.400428 0.034478 -0.118560 -0.134824 0.145763 0.013271 -0.072532 -0.175710 -0.200200 0.072014 0.033913 -0.118447 0.165393 0.321566 0.035824 0.232052 -0.082236 0.003248 0.031895 0.118554 -0.045445 0.132967 0.211180 0.028078 -0.181192 -0.033129 -0.097826
-0.165599 -0.393656 0.070095 -0.342058 0.129238 -0.036213 -0.201471 -0.440921 0.157775 -0.315662 -0.184543 -0.421528 -0.155003 -0.523876 -0.122891 -0.308128 -0.096553 0.033165 0.077132 0.355942 -0.066408 0.133414 0.273961 0.339893 0.042529 0.086719 0.169753 0.137148 0.069217 -0.322809 0.193602 -0.029427 0.103992 0.103218 1.000000 0.517534 0.070154 0.076645 0.472323 0.180932 -0.239371 -0.113142 0.126588 0.192016 0.127424 0.194559 0.259560 0.134770 0.017959 0.199180 -0.070196 -0.220926 0.016465 0.024037 0.114847 0.300044 -0.232699 -0.032299 0.110203 -0.202991 -0.210164 -0.433437 -0.223284 -0.267696 -0.146224 -0.356146 0.196687 0.167931 0.072998 0.171683 -0.125235 -0.045476 0.039568 -0.273474 -0.076239 -0.274305 -0.180736 -0.204887 -0.164627 0.075711 -0.150443 -0.038210 -0.143913 -0.137188 -0.082077 -0.137365 0.006551 -0.159927 0.038321 0.036750 0.151334 0.123753 0.052921 0.036420 0.119872 0.124759 0.109620 0.059667 0.048776 -0.114075 0.119510 0.229654 0.029780 0.297161 0.132910 0.035389 0.026975 0.144907 0.173284 0.073239 0.229568 0.022884 0.021913 0.243677 0.007512 -0.014682
-0.387433 -0.449580 0.019586 -0.438134 0.249551 0.329260 0.030799 -0.451662 0.187983 -0.052675 -0.152032 -0.498383 -0.082553 -0.540153 -0.166770 -0.399991 -0.066366 0.035775 -0.073545 0.342535 -0.015973 0.101838 0.162710 -0.078665 0.295269 0.109339 0.415275 0.142263 0.173335 -0.172688 0.093864 -0.142110 0.181232 0.362278 0.517534 1.000000 -0.079702 -0.210870 0.250387 -0.041542 -0.538841 -0.201985 0.343591 0.446942 0.442884 0.675371 0.231545 0.316494 0.209510 0.565850 -0.095453 -0.259734 -0.106230 -0.027865 -0.264639 -0.181909 -0.449683 -0.150206 0.181762 -0.361874 -0.137527 -0.483359 -0.377392 -0.475570 -0.250388 -0.301512 0.090034 0.366428 0.192884 0.452683 0.191143 -0.071190 0.014274 -0.166165 -0.242665 -0.334065 -0.127933 -0.203722 -0.239946 -0.012377 -0.049854 -0.029555 -0.153502 -0.272240 -0.389867 -0.557378 -0.165344 -0.493766 -0.135175 -0.565792 0.503047 0.424936 0.150351 0.315085 0.228854 -0.017797 0.052728 0.126699 0.005791 -0.189437 0.267484 0.255532 0.243834 0.354885 0.224182 0.188989 0.005578 0.126193 0.027226 0.185227 0.358832 0.185899 -0.120194 0.017917 0.070370 0.185363
