1.000000 0.243626 0.117793 0.061518 0.168464 -0.061654 0.036052 -0.057988 0.179289 0.068045 0.417452 -0.139097 0.226048 0.101914 0.205060 -0.021352 0.242118 0.027159 0.090940 0.236486 -0.141850 -0.353880 0.063389 0.136345 -0.124982 0.109851 -0.259108 -0.147391 0.163572 -0.259948 -0.121332 0.003506 -0.088349 0.109307 -0.221380 0.019353 -0.257159 -0.276108 -0.440144 -0.297984 -0.203426 -0.423337 -0.343600 -0.396637 -0.059203 -0.104627 -0.517684 -0.384253 0.102751 0.019773 0.186376 -0.024663 0.177502 -0.160176 -0.506393 -0.556668 0.400018 0.051925 0.556216 0.243153 0.491744 0.430980 0.435443 0.303118 0.089070 0.244804 0.187759 0.110757 0.419406 0.070939 -0.212987 -0.372385 -0.199153 -0.413400 -0.300916 -0.106898 0.111055 -0.029798 -0.048008 -0.101815 0.387429 0.221972 0.658604 0.379149 0.158903 -0.034032 -0.404533 0.016052 -0.155978 -0.170833 0.415582 0.194465 -0.220951 -0.095450 -0.393486 -0.333126 -0.473719 -0.448420 -0.176561 0.009242 -0.202800 -0.087466 0.091383 0.019633 -0.059065 -0.219160 0.048347 -0.106949 -0.248329 -0.398542 -0.364829 -0.121486 -0.113561 -0.191144 -0.221627 -0.042209
0.243626 1.000000 -0.524852 -0.281425 -0.441368 -0.497461 -0.386725 -0.338869 -0.206646 -0.351867 0.037494 0.052535 0.079469 0.052109 0.030688 0.189239 0.367825 0.547510 0.115340 0.429999 -0.305258 -0.154408 -0.401868 -0.339358 -0.485786 -0.508082 -0.285112 -0.454003 0.236357 0.367626 -0.383741 -0.360303 0.227553 0.190354 -0.232644 -0.169178 0.192386 0.283048 0.053906 0.170161 0.031242 0.319711 -0.457264 -0.376274 -0.309084 -0.502434 -0.350304 -0.278914 -0.225273 -0.192155 -0.283160 -0.238954 0.159612 -0.007611 0.164051 0.232212 0.414914 0.594910 0.049696 0.289657 -0.058537 0.365571 0.123966 0.399676 -0.431015 -0.000389 -0.075595 -0.331663 0.345896 0.214923 -0.312188 -0.114782 0.186072 0.153867 0.177744 0.066698 0.113298 0.035662 0.130598 0.252680 0.173661 0.402205 0.028361 0.450912 -0.032101 0.292953 0.134506 -0.051545 0.072986 0.310302 0.169790 0.129927 -0.105117 -0.043896 0.040946 0.035331 -0.019043 0.242536 0.269150 0.176543 -0.003143 0.114917 0.058351 0.171168 0.257283 0.243263 -0.041055 0.287335 0.012192 0.028602 -0.034192 0.171009 0.043293 0.098093 0.087379 0.161148
0.117793 -0.524852 1.000000 0.650615 0.641641 0.730733 0.732705 0.599185 0.404331 0.580206 0.401362 0.201640 0.390369 0.283832 0.162305 -0.129139 -0.427049 -0.603327 -0.040907 -0.407814 0.316849 0.078552 0.689903 0.606766 0.664240 0.662989 0.408326 0.568554 -0.367816 -0.755053 0.430878 0.370389 -0.497603 -0.433547 -0.202916 -0.144462 -0.549593 -0.682328 -0.182112 -0.455742 -0.249227 -0.485311 0.136753 0.004987 0.092182 0.225772 0.050724 -0.162667 0.350304 0.092830 0.551108 0.390153 0.340022 0.163006 -0.176592 -0.397528 -0.507212 -0.672912 0.027390 -0.357248 0.152955 -0.305352 -0.077287 -0.488219 0.363023 0.023511 -0.137684 0.219648 -0.448510 -0.237526 0.494055 0.055481 -0.474880 -0.349828 -0.441048 -0.151484 -0.425672 -0.398030 -0.447179 -0.627745 -0.366552 -0.720406 0.122383 -0.384945 -0.054088 -0.280685 -0.175579 0.128440 0.063694 -0.147156 0.097709 0.159194 0.331888 0.275659 -0.410553 -0.411083 -0.367190 -0.529053 -0.464532 -0.392539 0.026502 0.062614 -0.197121 -0.327356 -0.533898 -0.477389 0.032267 -0.350409 -0.353059 -0.378795 -0.388928 -0.322627 -0.290309 -0.354289 -0.310147 -0.189649
0.061518 -0.281425 0.650615 1.000000 0.463345 0.681839 0.675314 0.880299 0.143895 0.316816 0.275441 0.353766 0.184668 0.203836 0.038981 -0.304022 -0.056289 -0.590857 0.142957 -0.125322 0.293810 0.415512 0.797708 0.908931 0.524918 0.683800 0.412510 0.639520 -0.094909 -0.520537 0.632558 0.681450 -0.337280 -0.156725 -0.487751 -0.424346 -0.313739 -0.705029 -0.085000 -0.358889 -0.020636 -0.386671 0.047605 -0.211232 -0.248574 -0.221488 -0.091715 -0.316103 -0.133601 -0.323953 0.180959 -0.072289 0.131685 0.042942 -0.216301 -0.442051 -0.197830 -0.492537 -0.213364 -0.451607 -0.023369 -0.477780 0.017661 -0.541406 0.168224 -0.233398 -0.353301 -0.201516 -0.341681 -0.406062 0.627001 0.363025 -0.238046 -0.121339 -0.139078 0.071945 -0.379833 -0.302607 -0.085063 -0.675427 -0.109010 -0.501247 0.017896 -0.172887 0.048550 -0.152195 -0.093001 0.594293 0.151107 -0.134828 0.012824 -0.085497 0.553122 -0.029898 -0.234361 -0.434240 -0.429376 -0.432195 -0.608882 -0.470076 0.101595 -0.203343 -0.284704 -0.459081 -0.537984 -0.497497 -0.143035 -0.433421 -0.370561 -0.295088 -0.390183 -0.168145 -0.279404 -0.269299 -0.163331 -0.401112
0.168464 -0.441368 0.641641 0.463345 1.000000 0.785510 0.349960 0.429970 0.658249 0.681345 0.189662 -0.058022 0.222714 0.197986 0.390129 -0.049993 -0.102589 -0.420626 -0.181109 -0.240870 0.492993 0.101872 0.384116 0.391317 0.683962 0.712537 0.623754 0.682487 -0.042492 -0.463218 0.349600 0.320279 -0.376295 -0.230095 -0.108345 0.015752 -0.194877 -0.517405 0.015584 -0.157269 -0.079600 -0.366881 0.056151 0.020895 0.248668 0.299952 0.032024 -0.012665 0.328497 0.193901 0.302777 0.099016 0.025713 -0.126712 -0.291642 -0.499900 -0.198856 -0.531744 0.190828 -0.089765 0.219836 -0.045635 0.137171 -0.235131 0.234453 0.106115 -0.038081 0.261102 -0.161245 -0.035896 0.497970 -0.059363 -0.099749 -0.189818 -0.203939 -0.033750 -0.112687 -0.343605 -0.112340 -0.450381 0.060694 -0.329566 0.309260 -0.094358 -0.055340 -0.476988 -0.154398 0.231184 0.174254 -0.295604 0.210081 -0.142136 0.061201 -0.203123 -0.327400 -0.380551 -0.301932 -0.658269 -0.419136 -0.484822 0.010753 -0.355675 -0.039711 -0.404004 -0.508882 -0.563332 0.009916 -0.429157 -0.440250 -0.392432 -0.419596 -0.477073 -0.411384 -0.494413 -0.324738 -0.133145
-0.061654 -0.497461 0.730733 0.681839 0.785510 1.000000 0.551133 0.590016 0.375733 0.634868 0.118740 0.164155 0.142785 0.272197 0.133696 -0.237332 -0.257246 -0.491538 0.040423 -0.303149 0.531513 0.272269 0.658770 0.614120 0.890979 0.811277 0.710567 0.788950 -0.214255 -0.495293 0.581882 0.541933 -0.374271 -0.299525 -0.163486 -0.228067 -0.219958 -0.511123 0.083154 -0.248249 -0.037937 -0.233988 0.306578 0.184292 0.215586 0.218501 0.286849 0.090624 0.201144 0.153757 0.267479 0.175299 0.076538 0.209184 -0.138487 -0.280832 -0.432347 -0.647342 -0.171929 -0.337563 -0.100710 -0.391925 -0.076639 -0.561630 0.046792 -0.270572 -0.308189 -0.021865 -0.492289 -0.378196 0.757298 0.295395 -0.151457 0.010821 -0.132877 0.075354 -0.237666 -0.283806 -0.170050 -0.572379 -0.198830 -0.612947 -0.047473 -0.396384 -0.297155 -0.515324 0.061068 0.244457 0.012393 -0.270642 -0.081323 -0.118570 0.279443 -0.032444 -0.220034 -0.306408 -0.263806 -0.503858 -0.414412 -0.449406 0.050739 -0.289088 -0.325678 -0.514747 -0.627896 -0.521694 -0.059987 -0.486730 -0.361344 -0.231742 -0.405815 -0.250105 -0.170896 -0.414665 -0.154634 -0.220684
0.036052 -0.386725 0.732705 0.675314 0.349960 0.551133 1.000000 0.646008 0.219379 0.477781 0.358808 0.513043 0.351258 0.465329 -0.018075 -0.083036 -0.345680 -0.501114 0.231144 -0.228966 0.297601 0.076580 0.797134 0.710689 0.524919 0.551195 0.291333 0.330773 -0.220687 -0.425340 0.698637 0.609592 -0.192520 -0.095740 -0.273108 -0.306611 -0.542402 -0.607539 -0.265652 -0.532423 -0.079001 -0.355601 0.347158 0.047584 0.000373 0.095478 0.099034 -0.166341 -0.010451 0.010296 0.239120 0.298120 0.147762 0.425563 -0.289611 -0.253599 -0.385443 -0.665399 -0.379837 -0.625455 -0.168573 -0.542499 -0.218500 -0.608650 0.231959 -0.284374 -0.468030 -0.252046 -0.545467 -0.514632 0.466223 0.401942 -0.276160 -0.183420 -0.251604 0.003426 -0.434729 -0.314907 -0.379807 -0.617280 -0.360826 -0.641229 -0.128052 -0.436978 -0.200728 -0.239163 -0.206031 0.031619 -0.265900 -0.169157 -0.284750 0.112452 0.409233 0.375007 -0.394996 -0.284472 -0.545227 -0.367103 -0.556979 -0.221145 0.067118 0.051480 -0.354537 -0.347753 -0.542508 -0.287751 -0.150741 -0.275673 -0.425290 -0.391257 -0.462262 -0.032898 -0.030727 -0.154888 -0.059469 -0.187571
-0.057988 -0.338869 0.599185 0.880299 0.429970 0.590016 0.646008 1.000000 0.216541 0.450390 0.309314 0.460468 0.191937 0.342119 0.036310 -0.167967 -0.129139 -0.540283 -0.046933 -0.313695 0.327060 0.351089 0.642040 0.790230 0.479144 0.644120 0.330955 0.564344 -0.178080 -0.428021 0.574255 0.604118 -0.366664 -0.206439 -0.369569 -0.293580 -0.321712 -0.650109 -0.076383 -0.289664 -0.013736 -0.309748 0.025495 -0.162931 -0.212138 -0.091973 -0.048093 -0.258138 -0.097387 -0.249587 0.217391 0.007439 0.125899 0.022157 -0.232521 -0.380435 -0.294160 -0.658778 -0.201823 -0.484796 -0.009773 -0.438582 -0.040183 -0.587034 0.320780 0.013508 -0.241994 -0.018547 -0.372523 -0.346983 0.598219 0.358414 -0.218450 -0.008169 -0.099672 0.126498 -0.370204 -0.243944 -0.134384 -0.701572 -0.178044 -0.542183 -0.025542 -0.126305 0.160532 0.005026 -0.058610 0.606315 0.181330 -0.084214 0.020597 -0.138710 0.482547 -0.046775 -0.198435 -0.347654 -0.442629 -0.428019 -0.705675 -0.608183 0.072427 -0.275674 -0.385383 -0.553218 -0.594407 -0.548208 -0.255378 -0.333965 -0.370895 -0.282145 -0.383314 -0.329873 -0.409449 -0.361726 -0.225476 -0.437801
0.179289 -0.206646 0.404331 0.143895 0.658249 0.375733 0.219379 0.216541 1.000000 0.547877 0.148080 -0.052131 0.246501 0.230783 0.819780 0.371782 -0.124648 -0.255576 -0.223662 -0.229919 0.517673 0.178754 0.074513 0.090628 0.216504 0.387905 0.479877 0.460238 0.071281 -0.175677 0.177261 0.081118 -0.473244 -0.319201 -0.122576 0.238641 -0.125620 -0.256762 0.184760 0.048299 0.100412 -0.045771 -0.288873 -0.247606 -0.011353 0.113336 -0.276499 -0.219828 0.154731 -0.015439 0.069658 -0.002796 -0.017562 -0.231344 -0.189914 -0.348710 -0.090229 -0.335949 0.266110 -0.065050 0.336483 0.116035 0.101160 -0.044570 0.293774 0.284972 -0.048924 0.177390 -0.061714 0.015962 0.356656 -0.086175 -0.003286 -0.006203 -0.156058 -0.048768 -0.129878 -0.286459 -0.251742 -0.306212 0.009889 -0.195201 0.340240 0.214423 0.114103 -0.131823 -0.086680 0.106207 0.221382 0.009905 0.183535 -0.049299 0.054137 0.038487 -0.148956 -0.309607 -0.312133 -0.475368 -0.358738 -0.425476 0.127921 -0.054717 0.071533 -0.168451 -0.331502 -0.334755 0.012261 -0.344928 -0.331669 -0.432268 -0.316118 -0.449717 -0.432071 -0.325502 -0.282548 -0.135469
0.068045 -0.351867 0.580206 0.316816 0.681345 0.634868 0.477781 0.450390 0.547877 1.000000 0.388024 0.362605 0.348663 0.616955 0.300422 0.360586 -0.363569 -0.322099 -0.186816 -0.487340 0.530609 -0.008530 0.357192 0.351747 0.703244 0.682418 0.433224 0.458608 -0.294108 -0.340876 0.342370 0.259241 -0.510602 -0.434180 -0.015346 -0.012959 -0.439630 -0.387800 -0.141958 -0.171403 -0.275146 -0.298703 0.148864 0.180977 0.245497 0.350007 0.075834 0.002948 0.274973 0.290332 0.336259 0.408789 0.162682 0.239321 -0.369794 -0.257720 -0.378691 -0.705852 0.023470 -0.322184 0.118909 -0.154329 -0.090385 -0.362433 0.223344 0.195256 -0.217351 0.151786 -0.369186 -0.181589 0.395982 0.088374 -0.355458 -0.071752 -0.460228 0.003432 -0.359272 -0.341600 -0.434211 -0.563365 -0.221283 -0.513218 0.202360 -0.035215 -0.156133 -0.137307 -0.081011 -0.047572 -0.061541 -0.102222 0.085945 0.106581 0.083602 0.101489 -0.325610 -0.242307 -0.514564 -0.556688 -0.556264 -0.492535 -0.125153 -0.237076 -0.374176 -0.478962 -0.654712 -0.465886 -0.162619 -0.270636 -0.312480 -0.402266 -0.616618 -0.548184 -0.375271 -0.548319 -0.373526 -0.189779
0.417452 0.037494 0.401362 0.275441 0.189662 0.118740 0.358808 0.309314 0.148080 0.388024 1.000000 0.417152 0.679852 0.403087 0.246668 0.170093 -0.045721 -0.186807 -0.228927 -0.237708 0.035239 -0.140618 0.373267 0.380897 0.186522 0.285638 0.009323 0.093049 0.189610 -0.279426 0.259958 0.209431 -0.227015 -0.165010 -0.173102 -0.053733 -0.322284 -0.307113 -0.318298 -0.402483 -0.114174 -0.313191 -0.267427 -0.302737 -0.137175 -0.117732 -0.374410 -0.412385 0.128616 -0.044971 0.311651 0.203806 0.369973 0.136103 -0.289279 -0.385849 -0.183881 -0.333523 0.207125 -0.187105 0.151901 -0.058921 0.050832 -0.219141 0.231080 0.149476 -0.135884 0.053086 -0.106682 -0.056061 0.039078 0.115259 -0.238339 -0.178793 -0.403813 0.113912 -0.134596 -0.051770 -0.182179 -0.351973 0.008481 -0.221778 0.447022 0.212966 0.263247 0.163869 -0.182661 0.126978 0.042656 -0.111096 0.233432 0.189454 0.022344 0.044898 -0.360193 -0.390884 -0.544473 -0.426959 -0.467024 -0.444961 -0.389009 -0.139347 -0.525956 -0.477037 -0.483885 -0.422250 -0.361399 -0.100821 -0.360708 -0.292904 -0.419665 -0.363146 -0.363184 -0.387827 -0.372141 -0.083839
-0.139097 0.052535 0.201640 0.353766 -0.058022 0.164155 0.513043 0.460468 -0.052131 0.362605 0.417152 1.000000 0.499062 0.747258 -0.006778 0.303885 -0.269969 0.033514 -0.083034 -0.449849 0.231179 0.074695 0.307035 0.342393 0.174922 0.122076 0.125957 0.124717 -0.142201 0.114376 0.389660 0.286402 -0.090299 -0.188901 -0.319963 -0.309698 -0.246590 -0.099017 -0.067391 -0.164727 -0.131084 0.096883 0.190538 0.075438 -0.148379 -0.127644 0.124748 -0.031222 -0.064255 -0.023569 0.037368 0.303609 0.304081 0.584657 0.007320 0.184794 -0.237555 -0.513274 -0.408078 -0.577625 -0.382816 -0.439881 -0.356900 -0.550289 -0.243568 -0.156570 -0.627455 -0.390706 -0.529754 -0.389216 0.312992 0.589648 -0.103262 0.218509 0.022667 0.398652 -0.259162 -0.050115 -0.257423 -0.430051 -0.443357 -0.536825 -0.296527 -0.065291 -0.344100 0.249451 0.064572 0.167343 -0.200041 0.259145 -0.221134 0.137926 0.330085 0.220297 -0.155563 0.041939 -0.393885 -0.018220 -0.378224 -0.173754 -0.084352 -0.035337 -0.617276 -0.414128 -0.450847 -0.203778 -0.406898 -0.003510 -0.156016 -0.059310 -0.355377 -0.142715 -0.011106 -0.063063 -0.028046 -0.061745
0.226048 0.079469 0.390369 0.184668 0.222714 0.142785 0.351258 0.191937 0.246501 0.348663 0.679852 0.499062 1.000000 0.548004 0.320582 0.314350 -0.111417 0.088108 -0.333971 -0.319267 -0.069179 -0.233120 0.135655 0.126338 0.170454 0.033386 0.078499 0.068995 0.034121 -0.226974 0.090936 -0.096709 -0.137507 -0.281674 -0.318459 -0.231191 -0.377875 -0.256881 -0.076578 -0.266572 -0.304855 -0.089685 -0.126450 -0.227694 -0.072774 -0.089298 -0.180345 -0.389777 0.452630 0.120048 0.489372 0.452502 0.657114 0.350544 0.080781 -0.034199 -0.218592 -0.377030 0.131188 -0.175539 0.155410 -0.005154 -0.074551 -0.170383 -0.024726 0.098854 -0.252881 -0.006622 -0.283822 -0.001409 0.075548 0.018513 -0.126077 -0.206873 -0.203253 -0.053763 -0.305435 -0.400322 -0.382450 -0.302725 -0.357153 -0.411106 0.096311 -0.007041 -0.139717 0.084111 -0.018323 0.048623 0.083614 0.164209 0.286593 0.369345 0.206890 0.278593 -0.409148 -0.295810 -0.468105 -0.346655 -0.263597 -0.251004 0.003632 0.075829 -0.336289 -0.305887 -0.351854 -0.307307 -0.191846 -0.050382 -0.214577 -0.311681 -0.517181 -0.364268 -0.287928 -0.266538 -0.273280 0.049818
0.101914 0.052109 0.283832 0.203836 0.197986 0.272197 0.465329 0.342119 0.230783 0.616955 0.403087 0.747258 0.548004 1.000000 0.129264 0.429875 -0.219010 0.197632 -0.192201 -0.452534 0.367786 -0.167707 0.229773 0.227295 0.315663 0.290167 0.133194 0.119467 -0.189123 0.041578 0.273240 0.198015 -0.149157 -0.189457 -0.287959 -0.162671 -0.347096 -0.172524 -0.210289 -0.186814 -0.239900 0.000940 0.179119 0.128491 0.155582 0.162599 0.132791 -0.017005 0.193097 0.341373 0.261074 0.479308 0.374316 0.550626 -0.238667 -0.021544 -0.186248 -0.601776 -0.163610 -0.384108 -0.131193 -0.052912 -0.121108 -0.243565 -0.215748 0.074080 -0.505819 -0.183542 -0.434054 -0.275500 0.264533 0.294870 -0.164511 0.094495 -0.138570 0.269860 -0.283981 -0.223125 -0.399940 -0.347497 -0.276660 -0.425622 -0.003024 0.043872 -0.432968 -0.011390 -0.139422 -0.031937 -0.366144 0.085940 0.006257 0.218648 0.007695 0.127960 -0.419824 -0.082612 -0.541688 -0.379282 -0.371870 -0.220919 -0.241824 -0.137062 -0.599673 -0.473080 -0.555608 -0.353178 -0.389595 -0.090193 -0.306329 -0.302341 -0.627625 -0.338092 -0.144333 -0.338438 -0.178731 -0.097461
0.205060 0.030688 0.162305 0.038981 0.390129 0.133696 -0.018075 0.036310 0.819780 0.300422 0.246668 -0.006778 0.320582 0.129264 1.000000 0.541134 0.009740 -0.101335 -0.151470 -0.123608 0.454267 0.294707 -0.063781 -0.011822 -0.034986 0.151042 0.454324 0.427533 0.298513 0.057314 0.049035 -0.032669 -0.449102 -0.334191 -0.146676 0.128276 0.110555 0.012637 0.331884 0.233883 0.266064 0.181695 -0.492692 -0.418748 -0.264145 -0.209763 -0.457067 -0.386063 0.019133 -0.243471 -0.059105 -0.147341 0.031689 -0.228689 0.018983 -0.202925 0.001767 -0.106154 0.223173 -0.040734 0.260780 0.087554 0.152927 0.009325 0.083315 0.168894 -0.136952 -0.012293 -0.017662 0.036405 0.280735 0.030884 0.098901 0.169004 -0.069941 0.102881 -0.046815 -0.134845 -0.168428 -0.169921 0.060023 -0.090469 0.393058 0.496605 0.171961 0.105881 0.074847 0.169638 0.294691 0.212099 0.162426 -0.039061 0.135006 0.006695 0.062725 -0.194888 -0.220982 -0.270807 -0.261156 -0.405330 0.125313 0.031918 0.045626 -0.104933 -0.178114 -0.181168 -0.059710 -0.320101 -0.081251 -0.208410 -0.273421 -0.427162 -0.403554 -0.159267 -0.172034 -0.058564
-0.021352 0.189239 -0.129139 -0.304022 -0.049993 -0.237332 -0.083036 -0.167967 0.371782 0.360586 0.170093 0.303885 0.314350 0.429875 0.541134 1.000000 -0.201319 0.203713 -0.101186 -0.222220 0.310947 0.005359 -0.275333 -0.265718 -0.142206 -0.147080 0.085762 -0.047982 -0.057109 0.327104 -0.204876 -0.313897 -0.310920 -0.339026 0.018208 0.112789 -0.050619 0.262446 0.153347 0.349783 -0.063601 0.280387 -0.211271 -0.080395 -0.089211 -0.035895 -0.216538 -0.131811 0.043349 0.041420 -0.077466 0.200756 0.099774 0.135725 0.079730 0.208242 0.017888 -0.089004 0.021952 -0.147831 0.035047 0.086206 -0.164380 0.027189 -0.091929 0.262540 -0.220221 -0.094661 -0.104660 0.032867 -0.088873 0.026559 -0.121433 0.186686 -0.164831 0.101952 -0.168954 -0.101874 -0.406310 -0.089991 -0.223116 -0.119244 0.119552 0.487770 -0.088052 0.387860 0.170809 -0.172754 0.004756 0.442026 0.049111 0.249321 0.054626 0.246780 0.028584 0.158098 -0.155151 0.060343 -0.107922 -0.053751 0.016359 0.236211 -0.089281 0.067997 -0.031150 0.098972 -0.225079 0.020143 0.152783 -0.092508 -0.286878 -0.314215 -0.156993 0.049137 -0.190314 0.037733
0.242118 0.367825 -0.427049 -0.056289 -0.102589 -0.257246 -0.345680 -0.129139 -0.124648 -0.363569 -0.045721 -0.269969 -0.111417 -0.219010 0.009740 -0.201319 1.000000 0.395097 0.152925 0.613611 -0.120607 0.013112 -0.186947 0.001010 -0.318878 -0.147861 -0.143134 -0.186872 0.706449 0.326286 -0.073485 0.035399 0.494777 0.636416 -0.059584 -0.057440 0.476996 0.040154 -0.078672 0.014572 0.257370 -0.040900 -0.300464 -0.339730 -0.181684 -0.306956 -0.316603 -0.248034 -0.326797 -0.238679 -0.285677 -0.552993 -0.229639 -0.407096 -0.171989 -0.311376 0.563637 0.446493 0.116517 0.261573 0.120564 0.242902 0.680510 0.428211 -0.214853 -0.111745 0.125455 -0.152125 0.459052 0.093803 -0.201351 -0.043223 0.598931 0.097989 0.463466 0.236158 0.448070 0.232553 0.689194 0.348612 0.746727 0.679464 0.201019 0.336678 0.225570 -0.150473 -0.110416 0.135535 -0.076075 -0.420792 0.098190 -0.300452 -0.228864 -0.516267 0.011252 -0.238570 -0.071072 -0.098371 0.078429 -0.127143 -0.057103 -0.355485 0.104537 -0.100240 0.023669 -0.096953 -0.100796 -0.177588 -0.079113 0.129177 0.059640 0.082544 -0.037760 -0.184228 0.043161 0.005722
0.027159 0.547510 -0.603327 -0.590857 -0.420626 -0.491538 -0.501114 -0.540283 -0.255576 -0.322099 -0.186807 0.033514 0.088108 0.197632 -0.101335 0.203713 0.395097 1.000000 -0.076184 0.172519 -0.262004 -0.379814 -0.591068 -0.572851 -0.447897 -0.574013 -0.301688 -0.497422 0.237793 0.596568 -0.478489 -0.495980 0.540343 0.311169 0.074334 0.067676 0.354207 0.545322 0.141735 0.322807 -0.024095 0.435520 -0.091231 -0.010521 0.078162 -0.090850 0.040719 0.078542 0.077524 0.234277 -0.152881 0.027109 0.129932 0.169739 0.267019 0.402629 0.342875 0.350390 -0.046512 0.193202 -0.123288 0.444210 0.111978 0.457503 -0.571674 0.015633 -0.083860 -0.177595 0.195238 0.170499 -0.396879 -0.056387 0.439356 0.222706 0.459109 0.193283 0.337410 0.206803 0.200618 0.561129 0.118741 0.385669 -0.190908 0.206398 -0.283763 0.075970 0.103789 -0.284167 -0.239623 0.114386 0.053187 0.083732 -0.351112 -0.152243 0.037485 0.295318 0.161521 0.254441 0.475498 0.311521 -0.045600 -0.000201 0.016375 0.152383 0.289368 0.258086 -0.041859 0.280747 0.190563 0.224887 0.074965 0.149811 0.176598 0.135310 0.147967 0.289120
0.090940 0.115340 -0.040907 0.142957 -0.181109 0.040423 0.231144 -0.046933 -0.223662 -0.186816 -0.228927 -0.083034 -0.333971 -0.192201 -0.151470 -0.101186 0.152925 -0.076184 1.000000 0.634444 0.180530 0.202064 0.297803 0.234301 0.063097 0.044239 0.089443 -0.002985 0.101655 0.141020 0.226747 0.295343 0.135232 0.264446 -0.202507 -0.418241 0.064725 -0.006120 0.023252 -0.101251 0.308802 0.078474 0.162465 -0.097726 -0.200474 -0.248897 -0.071167 -0.130390 -0.487744 -0.231030 -0.360903 -0.218164 -0.288143 0.176250 -0.065066 0.048294 0.168539 0.131127 -0.474507 -0.235083 -0.406904 -0.358475 -0.022128 -0.212263 -0.277846 -0.587982 -0.231337 -0.530576 0.024209 -0.252568 0.125777 0.284251 0.131115 0.151827 0.130320 0.098551 0.015200 0.103727 0.012677 -0.032433 0.028861 -0.020216 -0.185207 -0.109721 -0.234205 -0.234279 0.180464 -0.237908 -0.380868 -0.077383 -0.464361 0.097571 0.278938 0.224927 0.187948 0.031521 -0.162090 0.172065 0.011846 0.279736 0.250038 0.234534 0.106357 0.234270 0.081706 0.251849 0.134476 -0.148043 0.008897 0.034163 -0.091415 0.491799 0.452547 0.271077 0.239919 0.042715
0.236486 0.429999 -0.407814 -0.125322 -0.240870 -0.303149 -0.228966 -0.313695 -0.229919 -0.487340 -0.237708 -0.449849 -0.319267 -0.452534 -0.123608 -0.222220 0.613611 0.172519 0.634444 1.000000 -0.173705 0.038701 -0.129559 -0.082307 -0.284019 -0.265507 -0.168888 -0.277613 0.463703 0.258315 -0.088677 0.013405 0.413389 0.602042 -0.191261 -0.181349 0.257832 0.040833 -0.069002 -0.051676 0.331231 0.032735 -0.140828 -0.253911 -0.122302 -0.235101 -0.284509 -0.203053 -0.411167 -0.232606 -0.384791 -0.519769 -0.354934 -0.308852 -0.174968 -0.143520 0.491297 0.554570 -0.080127 0.281422 -0.104794 0.080753 0.269524 0.299896 -0.218743 -0.341667 0.156864 -0.248246 0.520874 0.191835 -0.229966 -0.127678 0.401636 -0.017607 0.238611 -0.077584 0.219780 0.098857 0.347517 0.305043 0.520835 0.597012 0.086425 0.212057 0.073190 -0.216113 0.033435 -0.156142 -0.128086 -0.269161 -0.063396 -0.036224 -0.087566 -0.124866 0.193596 -0.154232 -0.061807 0.050801 0.191615 0.199533 0.102229 0.073178 0.301258 0.285655 0.250046 0.172161 0.202886 -0.049479 -0.137919 -0.015704 0.066355 0.373414 0.206600 0.035812 0.086271 0.074528
-0.141850 -0.305258 0.316849 0.293810 0.492993 0.531513 0.297601 0.327060 0.517673 0.530609 0.035239 0.231179 -0.069179 0.367786 0.454267 0.310947 -0.120607 -0.262004 0.180530 -0.173705 1.000000 0.519024 0.362377 0.344560 0.474347 0.612385 0.673771 0.645687 0.073857 0.118304 0.555005 0.542326 -0.348074 -0.149109 -0.066346 0.000360 0.136823 -0.109133 0.142757 0.045924 0.373313 0.053774 0.146437 0.128758 0.120837 0.205198 0.138747 0.059554 -0.162649 0.046467 -0.151867 0.008752 -0.258895 0.113584 -0.253740 -0.227695 -0.094352 -0.468414 -0.284860 -0.412878 -0.254511 -0.343665 -0.046258 -0.397195 -0.082592 -0.131795 -0.369849 -0.179179 -0.400116 -0.335929 0.608470 0.481450 0.113736 0.386286 0.044613 0.399104 -0.012675 0.045407 -0.052835 -0.286055 0.042572 -0.328859 0.071180 0.061023 -0.199564 -0.286380 0.052231 0.062515 -0.197381 -0.129310 -0.341624 -0.258042 0.110479 -0.107232 -0.007736 -0.193551 -0.245028 -0.365282 -0.330828 -0.401150 -0.044605 -0.183232 -0.323041 -0.424090 -0.536249 -0.393022 -0.285861 -0.511691 -0.258968 -0.153680 -0.357117 -0.281161 -0.117114 -0.252748 -0.232667 -0.295879
-0.353880 -0.154408 0.078552 0.415512 0.101872 0.272269 0.076580 0.351089 0.178754 -0.008530 -0.140618 0.074695 -0.233120 -0.167707 0.294707 0.005359 0.013112 -0.379814 0.202064 0.038701 0.519024 1.000000 0.298911 0.331205 0.173025 0.326784 0.487836 0.605390 0.227147 0.079344 0.484349 0.497015 -0.217025 -0.096574 -0.177311 -0.175753 0.234237 -0.126535 0.337587 0.091328 0.488330 0.167260 -0.050565 -0.048762 -0.254640 -0.196307 0.022740 -0.115663 -0.428084 -0.462881 -0.325731 -0.446786 -0.275598 -0.194511 0.073039 -0.095127 -0.066080 -0.077634 -0.331229 -0.203589 -0.224697 -0.439251 -0.064256 -0.262843 -0.064654 -0.284055 -0.192851 -0.244947 -0.229894 -0.173404 0.503165 0.499525 0.188907 0.379023 0.203772 0.237257 -0.144242 0.038518 0.179593 -0.182872 0.028115 -0.143554 -0.087856 0.048380 0.178787 -0.015311 0.283111 0.410277 0.200583 0.008496 -0.299228 -0.377244 0.368500 -0.141685 0.324419 -0.259131 0.063185 -0.039137 -0.256051 -0.424939 0.179477 -0.120544 -0.126707 -0.307819 -0.229791 -0.182223 -0.089479 -0.394023 0.053342 0.120804 0.026796 -0.157211 -0.165185 -0.009269 -0.086821 -0.398631
0.063389 -0.401868 0.689903 0.797708 0.384116 0.658770 0.797134 0.642040 0.074513 0.357192 0.373267 0.307035 0.135655 0.229773 -0.063781 -0.275333 -0.186947 -0.591068 0.297803 -0.129559 0.362377 0.298911 1.000000 0.894347 0.632027 0.755035 0.391192 0.529501 -0.055065 -0.467640 0.766672 0.784531 -0.277007 -0.131367 -0.275523 -0.350992 -0.391219 -0.601378 -0.168989 -0.529998 0.022202 -0.391911 0.304429 0.048829 -0.021992 -0.005266 0.084180 -0.110090 -0.135635 -0.078311 0.148608 0.113062 0.058368 0.319891 -0.307567 -0.395684 -0.287299 -0.528140 -0.313683 -0.574553 -0.203500 -0.554744 -0.089364 -0.582027 0.171014 -0.373909 -0.477394 -0.306245 -0.458294 -0.534613 0.526414 0.433706 -0.253509 -0.132493 -0.280085 0.094550 -0.322139 -0.199423 -0.167361 -0.602888 -0.154778 -0.501413 0.047192 -0.320993 -0.043551 -0.328785 -0.186212 0.239304 -0.172048 -0.298284 -0.186439 0.043325 0.395299 0.114838 -0.342681 -0.406689 -0.454181 -0.404687 -0.498526 -0.283223 -0.024050 -0.140288 -0.403402 -0.484379 -0.601059 -0.413522 -0.186194 -0.380933 -0.385972 -0.257980 -0.348812 0.035458 -0.007643 -0.196012 -0.137537 -0.280750
0.136345 -0.339358 0.606766 0.908931 0.391317 0.614120 0.710689 0.790230 0.090628 0.351747 0.380897 0.342393 0.126338 0.227295 -0.011822 -0.265718 0.001010 -0.572851 0.234301 -0.082307 0.344560 0.331205 0.894347 1.000000 0.518480 0.755091 0.307708 0.527104 0.013224 -0.426893 0.698959 0.788472 -0.283598 -0.049180 -0.349572 -0.389767 -0.297496 -0.629904 -0.223827 -0.460224 0.016200 -0.435066 0.127371 -0.160738 -0.202231 -0.171368 -0.120869 -0.284258 -0.219066 -0.261718 0.114472 -0.019994 0.020786 0.129829 -0.391049 -0.535189 -0.111348 -0.501859 -0.219238 -0.531577 -0.051375 -0.482728 0.069846 -0.525521 0.208324 -0.243675 -0.402404 -0.274880 -0.341982 -0.528874 0.502704 0.404853 -0.221947 -0.107717 -0.208894 0.178528 -0.262539 -0.154153 -0.025988 -0.589673 0.003950 -0.404984 0.119733 -0.110613 0.067533 -0.178723 -0.234063 0.419040 -0.075043 -0.284759 -0.072663 -0.031652 0.459046 -0.020035 -0.324802 -0.459202 -0.541054 -0.461935 -0.624159 -0.405136 -0.003906 -0.208741 -0.352491 -0.486910 -0.628552 -0.505728 -0.236550 -0.472501 -0.380003 -0.285402 -0.402201 -0.072017 -0.168134 -0.291263 -0.142304 -0.389290
-0.124982 -0.485786 0.664240 0.524918 0.683962 0.890979 0.524919 0.479144 0.216504 0.703244 0.186522 0.174922 0.170454 0.315663 -0.034986 -0.142206 -0.318878 -0.447897 0.063097 -0.284019 0.474347 0.173025 0.632027 0.518480 1.000000 0.789704 0.610079 0.665618 -0.272785 -0.462505 0.537801 0.476663 -0.342176 -0.291874 -0.092199 -0.205556 -0.300809 -0.437225 0.021335 -0.302239 -0.116541 -0.243893 0.437068 0.348806 0.356196 0.377672 0.393999 0.195590 0.250937 0.311372 0.321166 0.316450 0.091543 0.325863 -0.186530 -0.187026 -0.504782 -0.683985 -0.203139 -0.361317 -0.163988 -0.421615 -0.188529 -0.560796 0.050968 -0.256921 -0.281873 0.034730 -0.501737 -0.306134 0.597111 0.240624 -0.210123 -0.050948 -0.292548 0.006157 -0.318271 -0.315830 -0.252467 -0.529259 -0.268625 -0.588428 -0.029542 -0.409540 -0.308473 -0.514982 0.141028 0.041326 -0.053862 -0.290876 -0.055802 0.030172 0.199957 0.022201 -0.213299 -0.261614 -0.278330 -0.482857 -0.357575 -0.401225 -0.025764 -0.311701 -0.390893 -0.525917 -0.618722 -0.471886 -0.099102 -0.345764 -0.314472 -0.234374 -0.443283 -0.220574 -0.112155 -0.458413 -0.236491 -0.140863
0.109851 -0.508082 0.662989 0.683800 0.712537 0.811277 0.551195 0.644120 0.387905 0.682418 0.285638 0.122076 0.033386 0.290167 0.151042 -0.147080 -0.147861 -0.574013 0.044239 -0.265507 0.612385 0.326784 0.755035 0.755091 0.789704 1.000000 0.498587 0.694851 -0.075028 -0.470303 0.657205 0.716667 -0.435154 -0.199386 -0.111906 -0.096125 -0.259044 -0.586425 -0.167822 -0.322366 -0.012751 -0.448232 0.203629 0.073222 0.165003 0.234870 0.061416 -0.070956 0.044077 0.081831 0.236693 0.109866 -0.044048 0.062717 -0.502966 -0.594371 -0.215927 -0.617584 -0.033712 -0.395900 0.078722 -0.310153 0.096889 -0.408929 0.287175 -0.044175 -0.221682 0.037348 -0.321731 -0.380321 0.566495 0.230118 -0.248169 -0.085704 -0.331056 0.103708 -0.210592 -0.220030 -0.125537 -0.564395 0.063977 -0.395349 0.309063 -0.124638 0.030734 -0.386162 -0.243186 0.232234 -0.070868 -0.402869 0.014626 -0.122931 0.168468 -0.201258 -0.309670 -0.458007 -0.456714 -0.678465 -0.553709 -0.548457 -0.097725 -0.458236 -0.336644 -0.635369 -0.701734 -0.614598 -0.178269 -0.558741 -0.395782 -0.343675 -0.513098 -0.359913 -0.306247 -0.507791 -0.296137 -0.404055
-0.259108 -0.285112 0.408326 0.412510 0.623754 0.710567 0.291333 0.330955 0.479877 0.433224 0.009323 0.125957 0.078499 0.133194 0.454324 0.085762 -0.143134 -0.301688 0.089443 -0.168888 0.673771 0.487836 0.391192 0.307708 0.610079 0.498587 1.000000 0.818413 0.111233 -0.038498 0.528679 0.414424 -0.254544 -0.232543 -0.126682 -0.069605 0.172371 -0.104638 0.482866 0.114571 0.359911 0.207216 0.088725 0.045150 0.023452 0.002549 0.211507 0.074430 -0.058536 -0.064313 -0.137028 -0.088648 -0.105973 0.136787 0.155819 -0.006852 -0.330686 -0.381058 -0.378320 -0.340171 -0.358181 -0.453975 -0.206102 -0.526290 -0.188776 -0.406939 -0.445191 -0.238303 -0.431394 -0.226401 0.782276 0.500865 0.221770 0.380445 0.157721 0.241893 -0.090121 -0.124055 0.017054 -0.375098 -0.141124 -0.438982 -0.162140 -0.156828 -0.255542 -0.429627 0.370625 0.236820 0.183118 -0.081413 -0.233490 -0.264060 0.256895 -0.104300 0.102911 -0.054714 -0.042454 -0.222406 -0.228087 -0.429164 0.119720 -0.231943 -0.246034 -0.381046 -0.373043 -0.284845 -0.110111 -0.324240 -0.274522 -0.109718 -0.181304 -0.177850 -0.171706 -0.195054 -0.061891 -0.041555
-0.147391 -0.454003 0.568554 0.639520 0.682487 0.788950 0.330773 0.564344 0.460238 0.458608 0.093049 0.124717 0.068995 0.119467 0.427533 -0.047982 -0.186872 -0.497422 -0.002985 -0.277613 0.645687 0.605390 0.529501 0.527104 0.665618 0.694851 0.818413 1.000000 -0.005307 -0.313975 0.535893 0.519704 -0.456432 -0.350301 -0.268040 -0.155378 0.002980 -0.323639 0.365962 -0.023522 0.184122 -0.035119 0.054931 0.008874 -0.060513 0.010625 0.100127 -0.032363 0.015791 -0.178515 0.076141 -0.080547 -0.039390 -0.024680 0.002617 -0.265677 -0.361297 -0.517588 -0.162483 -0.319535 -0.114612 -0.422703 -0.099641 -0.512295 0.011782 -0.220729 -0.295788 -0.026415 -0.372320 -0.221888 0.783981 0.380257 -0.037216 0.164523 -0.060255 0.165857 -0.232938 -0.208590 -0.068152 -0.482725 -0.121307 -0.479817 0.072053 -0.071001 -0.074986 -0.295859 0.190288 0.449608 0.261515 -0.073463 -0.029642 -0.275914 0.352390 -0.211098 0.019641 -0.258295 -0.146177 -0.422162 -0.452117 -0.585954 0.079946 -0.328737 -0.247084 -0.463544 -0.486924 -0.482979 -0.081780 -0.483371 -0.232386 -0.140381 -0.261683 -0.374891 -0.324445 -0.283417 -0.189817 -0.249434
0.163572 0.236357 -0.367816 -0.094909 -0.042492 -0.214255 -0.220687 -0.178080 0.071281 -0.294108 0.189610 -0.142201 0.034121 -0.189123 0.298513 -0.057109 0.706449 0.237793 0.101655 0.463703 0.073857 0.227147 -0.055065 0.013224 -0.272785 -0.075028 0.111233 -0.005307 1.000000 0.479930 0.250801 0.254970 0.457801 0.562999 0.003294 0.057452 0.547458 0.138719 0.092761 -0.067023 0.575272 0.126103 -0.314272 -0.351314 -0.219469 -0.310361 -0.325202 -0.265140 -0.421750 -0.275836 -0.450732 -0.558319 -0.350045 -0.280128 -0.159181 -0.304508 0.383246 0.328929 0.002227 0.172282 -0.064236 0.101410 0.412695 0.270033 -0.196546 -0.235694 -0.030565 -0.302323 0.302222 0.015594 -0.067035 0.257103 0.748684 0.299007 0.445603 0.422702 0.483307 0.350155 0.634907 0.348270 0.625158 0.550279 0.230803 0.335242 0.261549 -0.203272 -0.075158 0.099393 -0.051044 -0.414228 -0.146906 -0.410249 -0.186053 -0.449672 0.077153 -0.263969 -0.126056 -0.130367 -0.047246 -0.257788 -0.086333 -0.350163 -0.055690 -0.250000 -0.085164 -0.120497 -0.193886 -0.186324 -0.166469 0.119284 0.069602 0.044357 -0.066144 -0.083197 0.095567 0.075134
-0.259948 0.367626 -0.755053 -0.520537 -0.463218 -0.495293 -0.425340 -0.428021 -0.175677 -0.340876 -0.279426 0.114376 -0.226974 0.041578 0.057314 0.327104 0.326286 0.596568 0.141020 0.258315 0.118304 0.079344 -0.467640 -0.426893 -0.462505 -0.470303 -0.038498 -0.313975 0.479930 1.000000 -0.097018 -0.106735 0.466030 0.418386 0.165364 0.098056 0.658384 0.717750 0.300592 0.392173 0.494502 0.672331 -0.018664 0.039444 -0.078876 -0.172770 0.061255 0.184760 -0.409867 -0.046203 -0.626760 -0.296173 -0.409376 0.087075 0.184265 0.394423 0.344884 0.323325 -0.368983 -0.019581 -0.439611 0.032005 -0.015358 0.171740 -0.475900 -0.182047 -0.225303 -0.437128 0.042561 -0.057082 -0.148833 0.354411 0.677619 0.698255 0.617449 0.551402 0.523214 0.541902 0.353249 0.556835 0.201538 0.418122 -0.280127 0.331784 -0.198803 0.133788 0.225774 -0.186880 -0.251639 0.107946 -0.410826 -0.225720 -0.216195 -0.193892 0.335597 0.415110 0.233004 0.395009 0.341063 0.239893 -0.030570 -0.056808 -0.048016 0.080501 0.222878 0.277874 -0.244553 0.160511 0.179586 0.357996 0.217154 0.288350 0.334041 0.286535 0.287991 0.209666
-0.121332 -0.383741 0.430878 0.632558 0.349600 0.581882 0.698637 0.574255 0.177261 0.342370 0.259958 0.389660 0.090936 0.273240 0.049035 -0.204876 -0.073485 -0.478489 0.226747 -0.088677 0.555005 0.484349 0.766672 0.698959 0.537801 0.657205 0.528679 0.535893 0.250801 -0.097018 1.000000 0.923063 -0.075787 0.099885 -0.164121 -0.228735 -0.109642 -0.456656 -0.106730 -0.481744 0.347917 -0.187932 0.360077 0.121068 0.026634 0.070398 0.199615 -0.040739 -0.312213 -0.081396 -0.114586 -0.059123 -0.183768 0.295887 -0.365405 -0.331630 -0.214567 -0.513792 -0.459270 -0.483026 -0.372465 -0.581619 -0.138851 -0.547645 0.025400 -0.488105 -0.455913 -0.401948 -0.473341 -0.588498 0.635858 0.713708 0.158358 0.218446 0.049844 0.317909 -0.144222 -0.019582 0.075285 -0.438755 -0.014178 -0.362074 -0.120689 -0.337035 -0.077756 -0.410274 -0.111977 0.172324 -0.252037 -0.404393 -0.500602 -0.335936 0.265635 -0.022488 -0.189070 -0.385701 -0.417237 -0.379336 -0.522862 -0.412165 -0.048600 -0.287587 -0.488420 -0.616519 -0.664446 -0.420231 -0.295338 -0.450342 -0.475319 -0.169851 -0.315789 -0.024445 0.017630 -0.221446 -0.042261 -0.314761
0.003506 -0.360303 0.370389 0.681450 0.320279 0.541933 0.609592 0.604118 0.081118 0.259241 0.209431 0.286402 -0.096709 0.198015 -0.032669 -0.313897 0.035399 -0.495980 0.295343 0.013405 0.542326 0.497015 0.784531 0.788472 0.476663 0.716667 0.414424 0.519704 0.254970 -0.106735 0.923063 1.000000 -0.077432 0.192171 -0.217944 -0.235231 -0.090915 -0.475126 -0.231288 -0.493224 0.342391 -0.260580 0.310821 0.075148 0.006214 0.045470 0.111064 -0.053367 -0.395094 -0.130726 -0.150299 -0.161264 -0.257265 0.165094 -0.515710 -0.474661 -0.076538 -0.438153 -0.384892 -0.417649 -0.300394 -0.479415 0.003466 -0.458553 0.057796 -0.392928 -0.381213 -0.352127 -0.328471 -0.524115 0.580256 0.632856 0.099002 0.180511 0.021031 0.353112 -0.077952 0.058933 0.182140 -0.383216 0.164368 -0.219137 0.033272 -0.190694 0.011597 -0.386906 -0.235569 0.239302 -0.273119 -0.452351 -0.411559 -0.336367 0.181049 -0.172085 -0.192491 -0.428841 -0.457236 -0.441205 -0.533168 -0.387290 -0.121064 -0.354324 -0.436842 -0.593731 -0.635722 -0.474352 -0.254141 -0.486111 -0.478998 -0.180249 -0.295318 -0.029302 -0.030710 -0.271533 -0.039562 -0.399150
-0.088349 0.227553 -0.497603 -0.337280 -0.376295 -0.374271 -0.192520 -0.366664 -0.473244 -0.510602 -0.227015 -0.090299 -0.137507 -0.149157 -0.449102 -0.310920 0.494777 0.540343 0.135232 0.413389 -0.348074 -0.217025 -0.277007 -0.283598 -0.342176 -0.435154 -0.254544 -0.456432 0.457801 0.466030 -0.075787 -0.077432 1.000000 0.832435 0.238304 0.054969 0.446380 0.330279 -0.089191 0.013849 0.217277 0.150642 0.148067 0.082487 0.103243 -0.015207 0.183219 0.141224 -0.184146 0.098355 -0.280826 -0.220304 -0.292395 0.008839 0.054623 0.150092 0.303009 0.398382 -0.272293 0.192302 -0.246382 0.128571 0.165957 0.324637 -0.338216 -0.299522 0.063428 -0.199619 0.212198 0.091966 -0.394063 0.093208 0.599381 0.104849 0.588702 0.221131 0.493282 0.364009 0.596192 0.602094 0.382284 0.525501 -0.309942 -0.210918 -0.194260 -0.292296 -0.037155 -0.252313 -0.409488 -0.437302 -0.315097 -0.307624 -0.376240 -0.308712 0.089490 0.210511 0.234454 0.231808 0.316807 0.262862 -0.101112 -0.209416 0.022737 0.059497 0.314455 0.317438 -0.062366 0.277108 0.062113 0.229934 0.299313 0.338236 0.279670 0.221976 0.392758 0.298849
0.109307 0.190354 -0.433547 -0.156725 -0.230095 -0.299525 -0.095740 -0.206439 -0.319201 -0.434180 -0.165010 -0.188901 -0.281674 -0.189457 -0.334191 -0.339026 0.636416 0.311169 0.264446 0.602042 -0.149109 -0.096574 -0.131367 -0.049180 -0.291874 -0.199386 -0.232543 -0.350301 0.562999 0.418386 0.099885 0.192171 0.832435 1.000000 0.171753 0.154480 0.415603 0.154031 -0.254954 -0.071151 0.381956 -0.032541 0.095166 -0.011409 0.103747 0.017713 -0.014707 0.066938 -0.374006 0.001446 -0.374604 -0.415751 -0.519849 -0.233277 -0.310749 -0.217408 0.409461 0.337800 -0.175054 0.185478 -0.107371 0.123828 0.349465 0.320289 -0.119187 -0.252604 0.114735 -0.179232 0.313611 -0.043234 -0.298790 0.084985 0.572930 0.085491 0.509717 0.278184 0.545958 0.436560 0.606431 0.482042 0.649051 0.630347 -0.039552 0.000902 0.014962 -0.354360 -0.246890 -0.164794 -0.400589 -0.599316 -0.305473 -0.448781 -0.412136 -0.433374 0.024368 -0.026651 0.034934 -0.014400 0.118818 0.113107 -0.223153 -0.306905 0.038329 -0.028497 0.134751 0.084690 -0.129534 0.000389 -0.160727 0.052451 0.185594 0.313604 0.208483 0.047684 0.244948 0.075894
-0.221380 -0.232644 -0.202916 -0.487751 -0.108345 -0.163486 -0.273108 -0.369569 -0.122576 -0.015346 -0.173102 -0.319963 -0.318459 -0.287959 -0.146676 0.018208 -0.059584 0.074334 -0.202507 -0.191261 -0.066346 -0.177311 -0.275523 -0.349572 -0.092199 -0.111906 -0.126682 -0.268040 0.003294 0.165364 -0.164121 -0.217944 0.238304 0.171753 1.000000 0.473221 0.281210 0.384905 -0.027578 0.233491 0.117781 0.009035 0.123131 0.377888 0.315713 0.334997 0.273462 0.349205 0.065653 0.286160 -0.064503 0.079075 -0.349558 -0.089783 0.065943 0.143618 -0.100627 0.164599 0.014531 0.138329 0.105361 0.118088 0.078528 0.201636 0.265233 0.144401 0.326622 0.268590 -0.097809 -0.108382 -0.366721 -0.119520 0.089632 0.080043 0.087171 0.054238 0.418870 0.437795 0.215281 0.399947 0.142488 0.178866 -0.088527 -0.199050 0.127153 -0.025095 -0.105872 -0.399817 -0.190017 -0.258306 -0.319310 -0.384301 -0.349425 -0.096748 0.076345 0.263174 0.483838 0.234103 0.272325 0.073427 -0.118378 -0.042690 0.108426 0.062310 0.196208 0.289988 -0.111542 0.145250 0.423264 0.336039 0.361105 0.086829 0.165625 0.169996 0.140638 0.105804
0.019353 -0.169178 -0.144462 -0.424346 0.015752 -0.228067 -0.306611 -0.293580 0.238641 -0.012959 -0.053733 -0.309698 -0.231191 -0.162671 0.128276 0.112789 -0.057440 0.067676 -0.418241 -0.181349 0.000360 -0.175753 -0.350992 -0.389767 -0.205556 -0.096125 -0.069605 -0.155378 0.057452 0.098056 -0.228735 -0.235231 0.054969 0.154480 0.473221 1.000000 0.148086 0.241369 -0.013995 0.280747 0.164417 -0.040591 -0.143158 0.140478 0.291793 0.393001 -0.020166 0.339437 0.042482 0.165424 -0.150165 -0.086947 -0.382075 -0.452767 -0.133389 -0.153357 0.034363 0.116025 0.344376 0.193588 0.335946 0.375089 0.025391 0.286148 0.386070 0.446225 0.331280 0.452426 0.206677 0.164055 -0.298996 -0.262890 0.020719 -0.079875 0.042033 -0.007239 0.380054 0.379243 0.051705 0.266898 0.239047 0.276326 0.249672 0.172706 0.321822 0.031728 -0.179958 -0.122451 0.192051 -0.156570 0.121167 -0.235411 -0.462400 -0.250343 0.171608 0.179261 0.307329 -0.020483 0.217458 0.004856 -0.323085 -0.150950 0.155441 0.069734 0.185131 0.000315 -0.071840 0.066417 0.026095 0.033258 0.427651 -0.068713 -0.115076 -0.006832 -0.123127 0.065317
