1.000000 0.554487 -0.204414 -0.280651 -0.369485 -0.152059 -0.209904 -0.313431 -0.204068 -0.391115 0.447709 0.203767 0.329867 -0.072080 0.150118 0.015343 0.221988 0.077540 0.001799 -0.172146 -0.436660 -0.012639 -0.141291 -0.447995 -0.513944 -0.444265 -0.116638 0.016325 0.024510 -0.237750 -0.610899 -0.552223 -0.060971 -0.283145 -0.437529 -0.322000 -0.076565 -0.066595 -0.113535 -0.037141 -0.088678 -0.225322 -0.100891 -0.049050 -0.131986 -0.239691 0.191500 -0.001362 0.078989 -0.164919 0.124338 0.144818 0.608953 0.212756 0.291456 0.115791 0.536902 0.320619 0.467405 0.335252 0.451658 0.058747 0.281425 0.392774 -0.568205 -0.262207 0.108050 -0.311777 0.421608 0.250581 -0.208101 -0.256605 -0.072650 -0.101257 -0.231966 -0.038835 -0.197510 -0.250760 0.100675 -0.052448 0.165615 0.096067 0.151958 -0.359517 -0.128926 -0.034157 0.142323 0.079704 -0.125936 0.220223 0.071889 0.269207 -0.286271 0.170368 -0.180173 -0.256992 0.143734 -0.190991 0.316368 0.303696 0.110745 0.300736 0.152858 0.241856 0.091379 -0.272997 0.033978 -0.088520 0.077300 -0.083622 0.068724 0.044082 0.215342 -0.127373 -0.367116 -0.294657
0.554487 1.000000 -0.330070 -0.332811 -0.008376 0.010008 -0.028547 -0.039070 0.003415 -0.038036 0.434404 0.463517 0.313204 0.076670 0.312113 0.240417 -0.207623 -0.203202 -0.248064 -0.259208 -0.163762 -0.018809 -0.047875 -0.154419 -0.237049 -0.181021 0.049374 0.079014 -0.116956 -0.084141 -0.451029 -0.288841 -0.177473 -0.061161 -0.118590 0.088053 -0.077348 0.026042 0.115909 0.103850 -0.169746 -0.028281 -0.174903 -0.089982 -0.137704 -0.050970 0.001041 -0.057768 0.056103 -0.133303 0.206952 0.357796 0.453824 0.398819 -0.033016 -0.131979 0.161497 0.334458 0.628078 0.477879 0.036909 0.548972 -0.142660 0.232210 -0.370470 0.091664 0.292634 -0.204943 0.391531 0.508141 -0.105877 -0.017477 -0.079573 -0.053036 -0.161488 0.144021 -0.214461 -0.165112 -0.140045 -0.214145 -0.326590 -0.269798 0.216114 -0.115187 -0.209986 -0.205043 0.174003 -0.099943 0.014863 0.238066 -0.020157 -0.012247 -0.167526 -0.067932 -0.216392 -0.216465 -0.012729 -0.273068 0.045425 -0.047846 0.288749 0.075539 0.108315 -0.139528 -0.041130 -0.398162 0.122013 -0.190711 -0.020100 -0.046654 -0.044949 -0.259645 0.114688 -0.163958 -0.288266 -0.343615
-0.204414 -0.330070 1.000000 0.376109 0.370834 0.128922 0.584781 0.392987 0.241232 0.291061 -0.288021 -0.161971 -0.202255 0.036912 -0.136780 -0.232195 -0.088524 -0.022032 0.122678 0.070273 0.008352 -0.039223 0.055150 0.211709 0.266438 0.107904 -0.211898 -0.194286 0.079337 -0.037255 0.369121 0.126627 0.219679 0.159952 0.189564 0.019895 -0.193820 -0.266292 -0.226868 -0.303498 0.075288 -0.206853 -0.205140 -0.241608 0.018159 -0.003285 -0.279645 -0.274071 0.008540 0.013676 -0.159762 -0.288089 -0.405149 -0.320620 -0.246343 -0.263983 -0.331586 -0.312647 -0.257882 -0.159053 -0.039047 -0.135104 -0.096932 -0.156875 0.304263 0.108699 -0.013091 0.311292 -0.203081 0.034481 0.127699 0.119363 0.136125 -0.086531 0.020025 -0.175073 0.160885 -0.030999 -0.123028 -0.147525 -0.112366 -0.090410 -0.048611 0.082923 -0.130471 -0.163347 -0.038178 -0.194981 0.070920 -0.138484 0.122071 0.296777 0.388088 0.342267 -0.152282 -0.191125 -0.257518 -0.235270 -0.035126 -0.204976 0.166338 0.104369 0.266529 0.113842 -0.012462 0.084668 -0.101670 -0.124484 -0.189230 -0.113479 -0.132680 -0.038221 -0.178516 -0.243050 -0.387313 -0.106572
-0.280651 -0.332811 0.376109 1.000000 0.230657 0.306770 0.122502 0.533732 0.154511 0.410616 -0.226459 0.062942 -0.128328 0.086140 -0.093625 -0.021380 -0.340968 -0.301161 0.234583 -0.131840 0.032410 0.036921 0.236278 0.701137 0.294354 0.458393 -0.194156 0.095767 -0.423863 -0.128463 0.336427 0.275970 -0.097052 -0.128216 0.173830 0.081969 -0.203559 -0.155454 -0.362903 -0.237027 0.166325 -0.000104 -0.389178 -0.464668 -0.372100 -0.090714 -0.352598 -0.433030 -0.356684 -0.400090 -0.033668 -0.246138 -0.288444 -0.250206 -0.191520 -0.465512 -0.223818 -0.408560 -0.333434 -0.258028 -0.035960 -0.036224 -0.231211 -0.309571 0.613238 0.422697 -0.217292 0.159699 -0.379833 -0.210247 0.238988 0.318670 -0.270565 0.139630 0.149063 0.044298 0.145673 0.067693 -0.450288 -0.115361 -0.402561 -0.490260 0.005410 0.227786 0.062233 0.393371 0.091770 0.251322 0.467511 0.314210 0.202249 0.198645 0.707290 0.201407 0.027682 -0.062535 -0.539517 -0.153321 -0.121396 -0.318071 0.315585 -0.115989 0.249655 0.097650 0.039207 0.028378 0.212459 0.121030 0.093563 -0.096670 -0.283941 -0.040486 -0.216235 0.006922 -0.131013 -0.018098
-0.369485 -0.008376 0.370834 0.230657 1.000000 0.131751 0.682513 0.560298 0.836606 0.650782 -0.016686 -0.007167 0.232105 0.325773 0.158998 0.193153 -0.244613 -0.290563 0.060959 -0.058954 0.190596 0.150864 0.032722 0.387913 0.366410 0.013648 -0.052458 -0.260129 0.076933 0.175887 0.232005 0.170902 0.015826 0.342058 0.339605 0.339816 -0.159464 -0.077488 -0.195836 -0.172783 -0.046323 0.240829 -0.278318 -0.387940 -0.148463 -0.087707 -0.395110 -0.438249 -0.116964 -0.120162 -0.320632 -0.122372 -0.181687 -0.127541 -0.563803 -0.551422 -0.322411 -0.368341 0.125822 -0.030993 -0.079020 0.385811 -0.305187 -0.047351 0.200791 0.403718 0.003420 0.065705 -0.387218 -0.004793 0.312888 0.379313 0.253134 0.232785 0.229261 0.289271 0.317279 0.128130 -0.288795 -0.113732 -0.496889 -0.301557 -0.021176 0.301771 -0.405921 -0.485342 -0.262333 -0.447455 -0.028095 -0.086400 0.403908 0.136310 0.536363 0.320457 -0.034745 0.126862 -0.438143 -0.086100 -0.291034 -0.433915 0.430473 0.023497 0.264932 -0.200567 -0.086095 -0.062137 0.063280 0.014669 -0.226392 0.006274 -0.344611 -0.461129 -0.220337 -0.334021 -0.219406 -0.126260
-0.152059 0.010008 0.128922 0.306770 0.131751 1.000000 0.044440 0.179108 0.008446 0.389840 0.055981 0.208017 0.027099 0.267509 0.157069 0.316466 -0.307705 -0.296040 -0.048051 -0.133870 0.140475 0.150170 0.199598 0.372808 0.217769 0.326178 0.454614 0.470272 -0.286316 -0.174017 -0.004993 -0.124370 -0.306231 -0.158285 0.092136 0.197049 -0.123778 -0.261749 0.110935 -0.037063 -0.255128 0.238087 -0.011126 -0.038456 0.023715 0.270675 -0.102303 -0.055664 0.065629 0.067307 0.119620 0.010904 -0.050224 0.049436 0.168019 -0.019826 -0.148774 -0.060708 -0.157531 -0.338009 -0.236382 0.014385 -0.221791 -0.269377 0.256219 0.142910 -0.102579 0.094967 -0.068447 0.105486 0.126693 0.051513 -0.316705 0.030108 -0.069747 0.019982 -0.148909 -0.273007 -0.299423 -0.308394 -0.271103 -0.425717 0.122512 0.147716 0.378554 0.184627 0.207307 0.252445 0.416987 0.305356 0.061115 -0.042030 0.212602 0.030702 0.101281 -0.167872 -0.133803 -0.051140 -0.097356 -0.237178 0.048264 -0.118572 0.009585 -0.129233 0.101928 0.066040 0.073338 -0.043721 0.044509 -0.339400 -0.256655 -0.294376 -0.449528 -0.009525 -0.068134 -0.148186
-0.209904 -0.028547 0.584781 0.122502 0.682513 0.044440 1.000000 0.627127 0.570910 0.502881 0.212211 0.210031 0.296553 0.412613 0.170784 0.146843 -0.130894 -0.271116 0.038667 -0.116562 0.066908 -0.013668 -0.038618 0.173684 0.171980 -0.115626 -0.220617 -0.267493 0.148594 0.102508 0.158470 0.059879 0.115152 0.462192 0.379477 0.410576 -0.225030 -0.157774 -0.243325 -0.334737 0.011558 0.024832 -0.238553 -0.291331 0.057310 0.197951 -0.366148 -0.343011 -0.028265 -0.012628 -0.340198 -0.163872 -0.188974 -0.216218 -0.427249 -0.431313 -0.539978 -0.548119 0.193947 -0.060232 -0.176043 0.264654 -0.326844 -0.238674 0.067994 0.326018 -0.027020 0.218347 -0.461910 -0.023714 0.239268 0.292304 0.320618 0.119086 0.226237 0.230124 0.368265 0.054898 -0.118041 -0.231220 -0.405726 -0.269783 0.127068 0.155414 -0.440173 -0.422979 -0.160083 -0.428681 -0.125969 -0.159779 0.305263 0.255130 0.465798 0.469222 -0.164447 -0.034585 -0.288945 -0.223512 -0.106776 -0.296180 0.352690 0.099232 0.262632 -0.068103 -0.060954 -0.088398 -0.020065 -0.127347 -0.270799 -0.029069 -0.178020 -0.233384 -0.088342 -0.145938 -0.231573 -0.150851
-0.313431 -0.039070 0.392987 0.533732 0.560298 0.179108 0.627127 1.000000 0.438545 0.793093 0.082691 0.346573 0.135593 0.502853 0.040620 0.320338 -0.305879 -0.476624 0.101114 -0.219881 0.155955 0.177880 -0.020204 0.535224 0.191190 0.242166 -0.284053 -0.185354 -0.176268 0.202562 0.369075 0.449694 -0.098924 0.362039 0.290099 0.486995 -0.347254 -0.072037 -0.318899 -0.144272 0.087943 0.226311 -0.349762 -0.430299 -0.222765 0.107404 -0.509628 -0.455932 -0.420947 -0.187638 -0.375854 -0.204722 -0.309982 -0.273252 -0.574389 -0.659012 -0.529663 -0.703540 -0.016905 -0.207442 -0.286476 0.455628 -0.463859 -0.440739 0.401423 0.738321 -0.312606 0.135579 -0.615333 -0.263152 0.219429 0.461938 -0.011733 0.242849 0.238019 0.288437 0.242462 0.161900 -0.364133 -0.259368 -0.577142 -0.530185 0.031864 0.403246 -0.317692 -0.128469 -0.270056 -0.198760 0.125511 0.118377 0.257160 0.181388 0.822649 0.219534 0.088234 0.110108 -0.569227 -0.176988 -0.247340 -0.517080 0.536795 -0.008335 0.384775 -0.071113 0.174311 0.080738 0.164664 -0.151144 -0.137679 0.018145 -0.282504 -0.326925 -0.241694 -0.057628 -0.094115 -0.013175
-0.204068 0.003415 0.241232 0.154511 0.836606 0.008446 0.570910 0.438545 1.000000 0.477190 0.140108 0.020879 0.430144 0.309950 0.291844 0.189089 -0.245369 -0.301494 -0.023529 -0.258707 0.167687 0.222204 0.131085 0.326117 0.166711 0.014622 -0.074037 -0.164379 0.077459 0.157780 0.081144 0.056763 0.023354 0.244502 0.326102 0.199884 -0.068040 0.075682 -0.067375 -0.051903 -0.048426 0.190889 -0.276874 -0.339244 -0.289285 -0.213463 -0.365949 -0.430758 -0.074281 -0.298235 -0.238351 -0.129385 -0.028820 -0.121245 -0.357707 -0.444748 -0.259490 -0.361279 0.208805 -0.008144 0.033604 0.261295 -0.265859 -0.047000 0.040880 0.350713 0.056831 0.019062 -0.386776 -0.075212 0.256086 0.447703 0.246940 0.300136 0.188732 0.308294 0.405417 0.265865 -0.239389 -0.049761 -0.433194 -0.210232 -0.076711 0.192052 -0.360335 -0.446305 -0.346179 -0.469091 0.006975 0.017318 0.412424 0.145626 0.452884 0.303133 -0.143544 0.176628 -0.331441 -0.087852 -0.245212 -0.284846 0.329823 -0.114623 0.195011 -0.196086 -0.167480 -0.097982 0.059744 0.100291 -0.193290 0.046669 -0.201570 -0.397496 -0.115505 -0.349661 -0.238554 -0.086569
-0.391115 -0.038036 0.291061 0.410616 0.650782 0.389840 0.502881 0.793093 0.477190 1.000000 -0.014702 0.204628 0.083989 0.500317 0.038891 0.367062 -0.259628 -0.315066 0.059759 -0.113635 0.293070 0.135067 0.039593 0.558634 0.328508 0.186309 0.027095 -0.191383 -0.087905 0.296061 0.412783 0.414304 -0.181099 0.330487 0.321447 0.482209 -0.268680 -0.175178 -0.241577 -0.157909 -0.107371 0.383477 -0.174665 -0.294578 -0.064986 0.110349 -0.434626 -0.482054 -0.426521 -0.013567 -0.317784 -0.172711 -0.213217 -0.186010 -0.479114 -0.556297 -0.386442 -0.521284 -0.055926 -0.279571 -0.153010 0.464670 -0.306846 -0.231650 0.434190 0.612694 -0.317300 -0.008892 -0.506172 -0.180296 0.206922 0.313321 0.034235 0.242402 0.277265 0.303018 0.176005 -0.059091 -0.282528 -0.064494 -0.462493 -0.432099 -0.050305 0.486765 -0.140616 -0.280362 -0.251269 -0.216008 0.214359 0.001813 0.302320 0.049222 0.703506 0.089938 0.208521 0.076908 -0.542743 -0.128952 -0.230220 -0.487142 0.412607 -0.013141 0.217805 -0.250269 0.009552 0.127923 0.084077 -0.104050 -0.294717 -0.084139 -0.516501 -0.459996 -0.386456 -0.137669 -0.073274 0.018794
0.447709 0.434404 -0.288021 -0.226459 -0.016686 0.055981 0.212211 0.082691 0.140108 -0.014702 1.000000 0.569582 0.782683 0.503451 0.517028 0.538186 0.084677 -0.056979 0.205512 -0.148356 -0.256131 0.098465 -0.000235 -0.123029 -0.388187 -0.336976 0.002916 0.096635 0.245239 0.043332 -0.486801 -0.257528 -0.093677 0.210820 -0.066604 0.165809 0.001268 -0.043120 -0.112670 -0.131577 0.036861 0.025270 -0.047643 -0.012242 -0.091481 0.004708 0.002652 -0.100844 -0.023235 -0.074081 -0.150595 0.073045 0.474554 0.078741 0.080934 -0.068844 -0.085668 -0.137379 0.467795 -0.028474 -0.018889 0.118205 -0.078137 -0.143253 -0.428923 -0.027468 -0.174300 -0.329717 0.061149 0.152701 -0.090323 0.065852 0.140756 0.004292 -0.026425 0.318656 0.006737 -0.077826 0.038600 -0.185625 -0.094814 0.012141 0.312377 0.098971 0.043868 -0.195076 -0.033105 -0.223032 -0.174525 0.038537 0.158929 0.123005 -0.092489 0.163918 -0.129020 -0.216670 0.002571 -0.085930 -0.083105 -0.037124 0.052452 0.083555 -0.004962 -0.068344 -0.130703 -0.312995 0.049269 -0.181225 -0.062210 -0.176390 0.027854 -0.120728 0.102488 0.064427 -0.231079 -0.183491
0.203767 0.463517 -0.161971 0.062942 -0.007167 0.208017 0.210031 0.346573 0.020879 0.204628 0.569582 1.000000 0.533961 0.637266 0.394931 0.607138 -0.265934 -0.329536 -0.070377 -0.259479 -0.072107 0.043052 0.156352 0.215255 -0.368826 -0.028011 0.072975 0.202033 -0.114204 0.082843 -0.279634 -0.066215 -0.314203 0.056251 -0.147889 0.097898 -0.145086 0.100485 -0.032189 0.069907 0.086506 0.215661 -0.308593 -0.231595 -0.378163 -0.076005 -0.332284 -0.188808 -0.085430 -0.310378 0.124425 0.253913 0.172723 0.190974 -0.003848 -0.265047 -0.301559 -0.327050 0.208675 0.002302 -0.321862 0.251813 -0.419479 -0.386913 -0.145818 0.321591 -0.131969 -0.222451 -0.097350 0.034903 0.093975 0.204353 -0.026098 0.109664 0.062067 0.317660 0.061572 -0.063800 -0.324291 -0.351069 -0.349746 -0.462374 0.341250 0.321360 0.006489 0.094726 0.099804 0.040878 0.113392 0.344610 0.061704 0.127084 0.210755 0.122072 0.004078 -0.125434 -0.064413 -0.020836 0.004195 -0.128397 0.201638 -0.030960 0.220492 -0.145551 0.087101 -0.255831 0.220538 -0.061311 0.081640 0.012034 -0.065755 -0.128385 0.132677 0.150829 -0.000639 -0.170493
0.329867 0.313204 -0.202255 -0.128328 0.232105 0.027099 0.296553 0.135593 0.430144 0.083989 0.782683 0.533961 1.000000 0.652285 0.628082 0.523922 -0.041467 -0.204896 0.149309 -0.293188 -0.275131 0.088922 0.310293 0.093075 -0.257019 -0.286085 -0.006994 0.074447 0.172452 0.023232 -0.508784 -0.229746 -0.212209 0.141649 -0.064229 0.028941 0.047936 0.054978 -0.030637 -0.141563 0.050779 0.113518 -0.089834 -0.073364 -0.250010 -0.192400 -0.110195 -0.196092 0.027413 -0.324839 -0.103628 -0.054990 0.338334 -0.025165 0.122689 -0.098997 -0.104358 -0.205844 0.368828 -0.152236 0.028647 0.079616 -0.191364 -0.164525 -0.266563 0.058199 -0.209025 -0.304894 -0.104783 -0.045640 -0.020302 0.125419 0.131814 0.143652 -0.008728 0.291018 0.208413 -0.046032 -0.140573 -0.048830 -0.173268 -0.057386 0.329945 0.112164 0.010086 -0.166761 -0.090463 -0.231301 -0.009428 0.130110 0.192629 0.127285 0.032652 0.235827 -0.189347 -0.070977 0.081473 -0.126188 -0.011135 0.058379 -0.052885 -0.131987 -0.004966 -0.106071 -0.190493 -0.271655 -0.016892 -0.031552 -0.019089 -0.106250 0.045194 -0.078215 0.067420 -0.082461 -0.179079 -0.087431
-0.072080 0.076670 0.036912 0.086140 0.325773 0.267509 0.412613 0.502853 0.309950 0.500317 0.503451 0.637266 0.652285 1.000000 0.309918 0.687789 -0.115707 -0.210723 0.064365 -0.146891 -0.014767 0.136052 0.190447 0.322718 -0.169543 -0.129872 0.076717 -0.037539 0.213786 0.282411 -0.008926 0.150567 -0.156858 0.292254 0.091875 0.289690 -0.117020 -0.074021 -0.221068 -0.119661 0.002821 0.288561 -0.114462 -0.140002 -0.087413 -0.011784 -0.330897 -0.284309 -0.142232 -0.076911 -0.235179 -0.121133 0.017180 -0.129318 -0.118078 -0.263696 -0.386561 -0.507744 0.012784 -0.381995 -0.168461 0.211224 -0.294985 -0.389676 0.059631 0.343786 -0.458159 -0.244445 -0.360162 -0.186427 0.023639 0.234610 0.131643 0.228195 0.170611 0.374623 0.221357 -0.129598 -0.162071 -0.229820 -0.234077 -0.254399 0.247747 0.520743 0.067269 -0.204054 -0.189079 -0.248043 0.078016 0.124135 0.141557 0.134583 0.379436 0.132645 0.038663 -0.024778 -0.115005 -0.051471 -0.032533 -0.205937 0.054206 -0.106448 0.054619 -0.219287 -0.092135 -0.124166 -0.118083 -0.016585 -0.179278 0.007630 -0.209999 -0.116489 -0.126162 -0.022596 0.026898 0.104138
0.150118 0.312113 -0.136780 -0.093625 0.158998 0.157069 0.170784 0.040620 0.291844 0.038891 0.517028 0.394931 0.628082 0.309918 1.000000 0.501833 -0.269830 -0.252885 0.102265 -0.369412 -0.078314 0.219374 0.435970 0.279172 -0.075790 -0.072639 0.151705 0.306841 0.053421 -0.060701 -0.369651 -0.221311 -0.382829 -0.104025 -0.030077 0.032163 0.163401 0.177786 0.126949 0.054110 -0.131352 0.202303 -0.214352 -0.145960 -0.216848 -0.134641 -0.222661 -0.279188 0.082885 -0.086605 0.202818 0.172141 0.263389 0.139411 -0.093430 -0.198190 -0.176742 -0.034610 0.341526 0.049314 -0.051495 0.147539 -0.270253 -0.119635 -0.125969 0.047742 0.106503 -0.246815 0.047106 0.161496 0.066619 0.135265 0.125797 0.154790 0.001724 0.250807 0.238252 0.125376 -0.303114 -0.026233 -0.338067 -0.187092 0.546240 0.121442 -0.025247 -0.054220 0.222798 -0.061951 0.104816 0.181723 0.253571 -0.070881 -0.039934 0.117201 -0.143365 -0.044164 -0.063436 -0.117206 -0.268256 -0.123591 -0.001493 -0.126723 -0.004380 -0.031408 -0.086311 -0.261525 0.151928 -0.192688 -0.075615 -0.153303 0.014929 -0.334629 -0.186616 -0.068010 -0.270218 -0.232066
0.015343 0.240417 -0.232195 -0.021380 0.193153 0.316466 0.146843 0.320338 0.189089 0.367062 0.538186 0.607138 0.523922 0.687789 0.501833 1.000000 -0.096340 -0.236315 0.022900 -0.169534 0.044058 0.226720 0.118132 0.258687 -0.244624 0.016685 0.312369 0.195547 0.103956 0.332874 -0.195712 0.066476 -0.372717 0.162632 -0.108782 0.165977 -0.042741 0.098896 -0.111796 0.165338 -0.065884 0.494344 -0.211059 -0.160612 -0.243269 -0.139034 -0.262675 -0.216495 -0.196255 -0.025278 -0.073548 0.165907 0.207873 0.043217 -0.158825 -0.218582 -0.159487 -0.304262 0.076692 -0.130290 -0.201988 0.202836 -0.295910 -0.259985 -0.239077 0.210002 -0.283059 -0.319219 -0.223505 -0.094646 0.053448 0.147740 0.055694 0.231002 0.141053 0.399653 0.050731 -0.030490 -0.170378 -0.283027 -0.202716 -0.268774 0.290798 0.495073 -0.013808 -0.160123 -0.126736 -0.052434 -0.035281 0.217117 0.215599 0.082693 0.233553 0.134368 0.176871 0.072041 -0.099462 0.088428 -0.041240 -0.175779 0.136673 0.059785 0.125589 -0.113929 0.034941 -0.095676 0.165464 -0.212010 -0.095993 0.050037 -0.135160 -0.316420 -0.011751 0.047989 0.077266 -0.119327
0.221988 -0.207623 -0.088524 -0.340968 -0.244613 -0.307705 -0.130894 -0.305879 -0.245369 -0.259628 0.084677 -0.265934 -0.041467 -0.115707 -0.269830 -0.096340 1.000000 0.626778 0.402933 0.498874 -0.235756 -0.036512 -0.301708 -0.521319 -0.225931 -0.463264 -0.067807 -0.343673 0.509761 0.162523 -0.047176 -0.079899 0.210528 0.136321 -0.321773 -0.253613 -0.019690 -0.134228 -0.336162 -0.106237 -0.002670 -0.132311 0.268624 0.177347 0.285133 -0.145193 0.239114 0.172205 -0.057214 0.249434 -0.287455 -0.176540 0.112485 -0.148913 0.070892 0.277043 0.382767 0.181839 -0.114031 -0.091026 0.386964 -0.330020 0.611240 0.439937 -0.261005 -0.464983 -0.233151 -0.291509 0.063973 -0.173606 -0.064588 -0.221826 0.273157 -0.061757 0.118335 -0.015193 -0.085014 -0.152982 0.560670 0.271784 0.668653 0.601396 -0.091993 -0.121295 0.103957 -0.195929 -0.109718 -0.142582 -0.390398 -0.442588 0.105024 0.233437 -0.283126 0.171678 0.047225 -0.022298 0.208804 0.028697 0.233889 0.280278 -0.232589 0.332706 -0.036044 0.053333 -0.175113 -0.117568 -0.197137 -0.022170 -0.174322 0.135396 -0.034363 0.211968 0.234279 0.095890 0.040093 0.064141
0.077540 -0.203202 -0.022032 -0.301161 -0.290563 -0.296040 -0.271116 -0.476624 -0.301494 -0.315066 -0.056979 -0.329536 -0.204896 -0.210723 -0.252885 -0.236315 0.626778 1.000000 0.273707 0.635407 0.026429 -0.029770 -0.306498 -0.452080 -0.160580 -0.419896 0.035599 -0.459518 0.649280 0.393949 0.140217 0.026890 0.433499 0.084442 -0.302510 -0.298263 0.272999 -0.135750 -0.133078 -0.182650 0.000916 -0.116732 0.207553 0.152538 0.260964 -0.206182 0.269373 0.093724 -0.031889 0.384181 -0.193743 0.022893 0.155475 0.078047 0.139653 0.261536 0.287508 0.276328 -0.251819 -0.005319 0.403628 -0.345434 0.599791 0.528984 -0.210496 -0.625281 -0.105786 -0.332889 0.166797 0.008105 -0.102020 -0.257050 0.468469 -0.043107 0.171084 -0.059383 0.048733 -0.157179 0.557281 0.467449 0.610461 0.706827 -0.260104 0.076603 0.196274 -0.276504 -0.052908 -0.247843 -0.303599 -0.472894 0.097267 0.065749 -0.439524 -0.101257 -0.033144 -0.061427 0.149901 0.033853 0.151737 0.196542 -0.288440 0.197265 -0.096683 -0.029210 -0.241252 -0.103345 -0.199949 0.056674 -0.158594 0.084823 -0.094508 0.211569 0.160369 0.088758 -0.112292 0.153826
0.001799 -0.248064 0.122678 0.234583 0.060959 -0.048051 0.038667 0.101114 -0.023529 0.059759 0.205512 -0.070377 0.149309 0.064365 0.102265 0.022900 0.402933 0.273707 1.000000 0.482538 -0.029501 0.141164 0.030853 0.064596 0.078211 -0.120863 -0.053044 -0.255920 0.268035 0.027870 0.153994 0.340857 0.064433 0.168194 -0.134166 -0.162983 -0.236700 -0.335400 -0.428236 -0.429702 0.104596 -0.231864 0.125368 -0.003692 -0.037927 -0.175268 0.090900 -0.229798 -0.135798 0.063274 -0.289676 -0.276435 0.075170 -0.273514 -0.126643 -0.130861 0.057102 -0.101673 -0.211957 -0.192132 0.179220 -0.268447 0.317821 0.079475 0.220577 -0.171901 -0.262521 -0.246667 0.110278 -0.122054 -0.057636 -0.089954 0.114202 -0.226912 -0.025871 -0.029843 -0.132289 -0.129582 0.047731 0.225486 0.152612 0.230271 0.035464 0.135222 0.184380 -0.041422 0.014774 -0.058332 -0.109670 -0.386148 0.400193 0.120637 0.072820 0.158293 0.080415 -0.027757 -0.201277 -0.141596 -0.169339 -0.124973 -0.035195 0.238595 0.048593 0.242493 -0.185566 -0.169571 0.065642 -0.204496 -0.100521 -0.250560 -0.166160 -0.071812 -0.083240 0.105683 -0.200409 -0.208093
-0.172146 -0.259208 0.070273 -0.131840 -0.058954 -0.133870 -0.116562 -0.219881 -0.258707 -0.113635 -0.148356 -0.259479 -0.293188 -0.146891 -0.369412 -0.169534 0.498874 0.635407 0.482538 1.000000 0.123325 0.030390 -0.318401 -0.303322 0.007973 -0.234625 0.063427 -0.472513 0.493977 0.305321 0.278588 0.324489 0.416375 0.394717 -0.152125 -0.090370 -0.107082 -0.341554 -0.313523 -0.287928 0.074358 -0.138469 0.217876 0.134211 0.286611 -0.006595 0.227900 0.096475 -0.023193 0.393189 -0.251443 -0.020510 -0.077490 -0.057609 -0.100485 0.034490 0.124452 0.099055 -0.338314 -0.108740 0.101293 -0.248353 0.472442 0.291867 0.037055 -0.409433 -0.147722 -0.159999 0.145929 -0.030376 -0.002165 -0.173925 0.302833 -0.207766 -0.033344 -0.092338 -0.247072 -0.165946 0.199353 0.304697 0.348120 0.432929 -0.174182 0.240719 0.148838 -0.140997 -0.058173 -0.110480 -0.359646 -0.577042 0.018275 -0.096498 -0.303131 -0.074436 0.128018 0.027814 0.002418 0.110110 -0.086563 -0.088877 -0.162910 0.183147 -0.062624 -0.051433 -0.157179 -0.009046 -0.067929 -0.034778 -0.129536 0.092992 -0.247394 0.022807 0.099757 0.107386 0.034847 -0.069332
-0.436660 -0.163762 0.008352 0.032410 0.190596 0.140475 0.066908 0.155955 0.167687 0.293070 -0.256131 -0.072107 -0.275131 -0.014767 -0.078314 0.044058 -0.235756 0.026429 -0.029501 0.123325 1.000000 0.276908 0.006759 0.213521 0.326089 0.245323 0.398751 -0.074699 0.058023 0.325545 0.372509 0.386980 -0.000445 0.011215 0.155082 0.037232 0.068526 0.068642 0.237267 0.056986 -0.126869 0.267051 0.005534 -0.004041 -0.072669 -0.019396 -0.097614 -0.149122 -0.166174 0.086640 0.059205 0.137644 -0.008821 0.175203 -0.107140 -0.136364 -0.187425 -0.124950 -0.303977 -0.069997 -0.300257 0.088389 -0.204360 -0.032093 0.224829 0.126410 0.104723 -0.071722 -0.155643 -0.164116 0.326901 0.139367 0.163950 0.135681 0.275511 0.127347 0.153783 0.216940 0.063550 0.133965 -0.205611 -0.081652 -0.302197 0.341329 -0.025651 -0.124672 -0.036784 0.004437 0.166620 -0.034656 0.201451 -0.132693 0.169942 -0.106634 0.073264 0.227685 -0.181793 -0.058237 -0.089203 -0.207253 0.203602 0.133612 -0.046138 -0.052274 -0.091424 0.073448 0.167791 -0.219298 -0.113297 -0.153040 -0.206998 -0.253472 -0.087368 0.160590 0.127303 -0.113881
-0.012639 -0.018809 -0.039223 0.036921 0.150864 0.150170 -0.013668 0.177880 0.222204 0.135067 0.098465 0.043052 0.088922 0.136052 0.219374 0.226720 -0.036512 -0.029770 0.141164 0.030390 0.276908 1.000000 -0.015255 0.169379 -0.096031 -0.084004 -0.017341 -0.052441 0.096483 0.098372 -0.066978 0.036227 -0.198440 -0.088030 0.083084 -0.118622 0.125486 0.123593 0.021440 0.210604 -0.230287 0.238214 -0.390527 -0.447982 -0.354215 -0.313242 -0.325694 -0.319896 -0.185500 -0.167450 -0.084951 -0.105382 0.119049 -0.132052 -0.052406 -0.094408 0.064577 0.035783 -0.206681 -0.094784 0.053620 0.046745 -0.141405 -0.017496 -0.070350 0.018475 -0.125308 -0.217544 0.028415 0.084607 0.457675 0.342328 -0.007103 0.324471 0.215481 0.421624 0.265842 0.482083 -0.070713 -0.043960 -0.158771 -0.146434 0.166863 0.091904 0.111323 -0.044029 -0.091494 -0.064660 0.016600 0.262542 0.494924 0.293808 0.262083 0.279102 0.005533 0.461624 -0.131506 -0.004120 -0.236033 -0.112040 0.198127 0.234542 0.152441 0.214225 -0.004740 -0.095240 0.120913 -0.326824 0.222924 -0.036600 -0.029350 -0.405962 -0.026366 -0.065159 -0.240015 -0.002367
-0.141291 -0.047875 0.055150 0.236278 0.032722 0.199598 -0.038618 -0.020204 0.131085 0.039593 -0.000235 0.156352 0.310293 0.190447 0.435970 0.118132 -0.301708 -0.306498 0.030853 -0.318401 0.006759 -0.015255 1.000000 0.613162 0.230302 0.424988 0.310326 0.470997 -0.236340 -0.156097 -0.244141 0.005564 -0.379918 -0.249177 0.086032 -0.207433 0.090462 0.135442 0.198860 0.140753 0.111401 0.073511 -0.007506 0.026308 -0.287429 -0.255379 -0.127504 -0.143543 0.024045 -0.318473 0.537918 -0.017923 0.031622 0.014063 0.154897 -0.012697 -0.072166 0.011585 -0.126978 -0.327349 -0.290456 -0.153773 -0.394533 -0.299413 0.302406 0.131920 0.042665 -0.208399 0.009834 -0.154194 0.004179 -0.059802 -0.230232 -0.025055 -0.141736 0.038057 0.140509 0.051526 -0.250911 0.117074 -0.107700 -0.082758 0.269486 0.054889 0.292839 0.313912 0.346786 0.167776 0.578625 0.326913 -0.066472 -0.196257 0.042507 -0.103389 -0.194118 -0.094179 0.103585 -0.193902 -0.108966 0.024524 -0.194230 -0.381783 -0.176436 -0.117792 -0.307043 -0.174981 0.003586 -0.126818 -0.034916 -0.031468 0.035915 0.088599 -0.044343 0.190733 0.065238 -0.041655
-0.447995 -0.154419 0.211709 0.701137 0.387913 0.372808 0.173684 0.535224 0.326117 0.558634 -0.123029 0.215255 0.093075 0.322718 0.279172 0.258687 -0.521319 -0.452080 0.064596 -0.303322 0.213521 0.169379 0.613162 1.000000 0.388271 0.559236 0.100699 0.292991 -0.329077 0.029403 0.206124 0.347932 -0.435806 -0.083187 0.276580 0.188618 -0.104299 0.032707 -0.084559 0.063155 0.102109 0.243370 -0.336289 -0.364651 -0.403297 -0.124157 -0.474272 -0.452922 -0.364253 -0.334773 0.121627 -0.124592 -0.242373 -0.123218 -0.284452 -0.471969 -0.333724 -0.352322 -0.202660 -0.323646 -0.271444 0.191590 -0.498423 -0.395794 0.567065 0.526407 -0.183733 -0.083841 -0.385190 -0.203795 0.295874 0.323449 -0.202103 0.213307 0.160800 0.266611 0.240507 0.179880 -0.500579 -0.096539 -0.447813 -0.476493 0.242504 0.417467 0.077755 0.261469 0.146421 0.151164 0.548594 0.377099 0.151113 -0.008609 0.634898 0.022023 -0.044512 -0.044039 -0.462804 -0.195403 -0.327722 -0.450702 0.211728 -0.240988 0.104716 -0.176527 -0.134287 -0.057811 0.137457 -0.083562 -0.012158 -0.047146 -0.268554 -0.249351 -0.262569 0.086527 -0.035484 0.035241
-0.513944 -0.237049 0.266438 0.294354 0.366410 0.217769 0.171980 0.191190 0.166711 0.328508 -0.388187 -0.368826 -0.257019 -0.169543 -0.075790 -0.244624 -0.225931 -0.160580 0.078211 0.007973 0.326089 -0.096031 0.230302 0.388271 1.000000 0.500109 0.074096 0.037913 -0.116819 -0.055816 0.421617 0.358075 -0.153744 0.055852 0.342819 0.214613 0.000098 -0.078758 0.199411 -0.206773 -0.007787 0.013623 0.115627 0.015842 0.084833 0.230072 -0.098964 -0.034215 -0.091660 0.040903 -0.068186 -0.210482 -0.235161 0.010941 -0.253885 -0.195540 -0.199615 0.023937 -0.210406 -0.210794 -0.243811 0.101768 -0.220899 -0.145620 0.552013 0.175978 0.054498 0.287161 -0.132514 -0.077191 0.085907 -0.044652 -0.057025 -0.111329 0.010032 -0.169782 -0.051477 0.006977 -0.153711 0.173655 -0.226419 -0.091854 -0.082478 0.003633 -0.068661 -0.049539 0.043666 -0.085733 0.124265 -0.181937 -0.003335 -0.171206 0.216910 0.005810 0.020674 -0.026452 -0.292435 -0.203902 -0.286747 -0.275168 0.149227 -0.122180 -0.214821 -0.019724 -0.265513 0.159613 0.137785 -0.108991 -0.204618 -0.262762 -0.259054 -0.147958 -0.310462 0.049333 0.042969 0.044472
-0.444265 -0.181021 0.107904 0.458393 0.013648 0.326178 -0.115626 0.242166 0.014622 0.186309 -0.336976 -0.028011 -0.286085 -0.129872 -0.072639 0.016685 -0.463264 -0.419896 -0.120863 -0.234625 0.245323 -0.084004 0.424988 0.559236 0.500109 1.000000 0.331906 0.543990 -0.568558 -0.171343 0.223668 0.374394 -0.176610 -0.062887 0.206135 0.078583 -0.252812 -0.035147 0.260529 0.189727 0.053901 -0.041286 0.040855 0.081976 -0.190786 0.152329 -0.017941 0.079976 -0.067665 -0.146345 0.256040 -0.042908 -0.307283 -0.049645 -0.087790 -0.113007 -0.107423 -0.100907 -0.283416 -0.264361 -0.455665 0.007987 -0.440120 -0.383313 0.473067 0.410761 -0.075978 0.255593 -0.158024 -0.263912 -0.050771 -0.030323 -0.484002 -0.218047 -0.240123 -0.316210 -0.214313 0.102706 -0.338631 -0.130226 -0.246930 -0.283034 -0.173437 0.011475 0.110848 0.370169 -0.013188 0.188717 0.408719 0.257177 -0.262004 -0.336130 0.282810 -0.211661 0.155145 0.104308 -0.087037 0.013748 -0.245024 -0.271956 0.079673 -0.408941 -0.146351 -0.076100 0.029984 0.279412 0.282601 0.030099 0.088781 0.015932 0.052331 0.016753 -0.110125 0.247661 0.323064 0.037982
-0.116638 0.049374 -0.211898 -0.194156 -0.052458 0.454614 -0.220617 -0.284053 -0.074037 0.027095 0.002916 0.072975 -0.006994 0.076717 0.151705 0.312369 -0.067807 0.035599 -0.053044 0.063427 0.398751 -0.017341 0.310326 0.100699 0.074096 0.331906 1.000000 0.517164 -0.025914 0.045648 -0.111026 0.021114 -0.134014 -0.053866 -0.079756 -0.120615 -0.025306 -0.114944 0.291213 0.168796 -0.160191 0.182400 0.268439 0.341572 0.066819 0.014472 0.263977 0.148490 0.116184 0.221227 0.348120 0.257813 0.173676 0.284185 0.257333 0.278720 0.180351 0.196562 -0.152768 -0.257882 -0.214150 -0.114746 -0.099419 0.074887 -0.030648 -0.149677 -0.022862 -0.293785 0.157160 -0.025856 -0.017033 -0.203157 -0.097020 -0.117549 -0.228507 -0.075883 -0.237724 -0.236181 0.025553 0.008690 0.097594 0.039332 -0.171267 0.099383 0.299532 -0.030279 0.069597 0.140987 0.223613 0.112563 -0.096078 -0.339003 -0.246635 -0.268216 0.105377 -0.081816 0.277286 0.061110 0.033323 -0.034873 -0.216621 -0.173494 -0.353187 -0.304183 -0.147931 -0.020551 -0.034520 -0.007678 -0.083700 -0.066906 -0.095843 -0.148848 -0.043007 0.196566 0.261885 -0.144481
0.016325 0.079014 -0.194286 0.095767 -0.260129 0.470272 -0.267493 -0.185354 -0.164379 -0.191383 0.096635 0.202033 0.074447 -0.037539 0.306841 0.195547 -0.343673 -0.459518 -0.255920 -0.472513 -0.074699 -0.052441 0.470997 0.292991 0.037913 0.543990 0.517164 1.000000 -0.499899 -0.404272 -0.316573 -0.259911 -0.307820 -0.320457 -0.006551 -0.105533 0.020326 0.118964 0.406792 0.347266 0.018756 0.003685 0.021557 0.190451 -0.192677 0.097783 0.041264 0.243580 0.190055 -0.153449 0.481736 0.128495 -0.002153 0.089646 0.353141 0.259222 0.031713 0.180343 0.006333 -0.191302 -0.332144 -0.114939 -0.371956 -0.300514 0.036693 0.101447 0.006838 0.068481 0.171310 0.034099 0.042286 -0.035742 -0.481879 -0.096181 -0.312529 -0.145047 -0.206881 0.032577 -0.238953 -0.272780 -0.152066 -0.298476 0.192298 -0.292386 0.248370 0.447580 0.269441 0.410089 0.436658 0.546636 -0.271544 -0.210627 -0.097540 -0.098469 0.098114 -0.136867 0.275724 0.108646 -0.130196 -0.030464 -0.150761 -0.336383 -0.229215 -0.020795 0.123317 0.068041 0.193967 0.077450 0.263843 -0.134350 0.203657 -0.054550 -0.095041 0.145981 0.220069 -0.100206
0.024510 -0.116956 0.079337 -0.423863 0.076933 -0.286316 0.148594 -0.176268 0.077459 -0.087905 0.245239 -0.114204 0.172452 0.213786 0.053421 0.103956 0.509761 0.649280 0.268035 0.493977 0.058023 0.096483 -0.236340 -0.329077 -0.116819 -0.568558 -0.025914 -0.499899 1.000000 0.594520 0.158275 0.085684 0.199336 0.268994 -0.121645 0.015124 0.264572 -0.061187 -0.122340 -0.172260 0.056950 0.103095 0.111632 0.059802 0.242516 -0.121646 -0.061202 -0.033635 -0.133165 0.334156 -0.438210 -0.166612 0.151028 0.005386 -0.094617 0.041344 -0.071146 -0.045639 -0.025058 -0.093032 0.242267 -0.092227 0.404304 0.254570 -0.345695 -0.453287 -0.144096 -0.322971 -0.031884 -0.017531 0.015106 -0.034270 0.822426 0.127560 0.223308 0.243153 0.131034 -0.077066 0.320030 0.232921 0.418030 0.552685 0.115766 0.343126 0.004294 -0.538598 -0.148520 -0.402550 -0.480642 -0.533092 0.227908 0.204254 -0.229764 0.136863 -0.179436 -0.068476 0.025426 0.001911 0.062792 0.111041 -0.135680 0.258760 -0.069531 -0.075845 -0.271947 -0.206103 -0.298592 -0.073993 -0.347258 0.075261 -0.235338 -0.028611 0.067044 0.037367 -0.205510 0.035877
-0.237750 -0.084141 -0.037255 -0.128463 0.175887 -0.174017 0.102508 0.202562 0.157780 0.296061 0.043332 0.082843 0.023232 0.282411 -0.060701 0.332874 0.162523 0.393949 0.027870 0.305321 0.325545 0.098372 -0.156097 0.029403 -0.055816 -0.171343 0.045648 -0.404272 0.594520 1.000000 0.376844 0.432420 0.151827 0.388837 -0.120324 0.157018 0.271580 0.287830 -0.080571 0.109614 0.142578 0.475539 -0.071857 -0.048902 -0.059963 -0.192804 -0.299887 -0.067882 -0.426161 0.180336 -0.381152 0.052771 -0.038304 0.083973 -0.322499 -0.233077 -0.201873 -0.301892 -0.195082 -0.144162 -0.121103 0.166320 -0.019651 0.048466 -0.155744 -0.012964 -0.290214 -0.344138 -0.312472 -0.280563 0.088586 0.221170 0.679075 0.373184 0.413051 0.458362 0.255423 0.146387 0.175829 0.347367 0.112118 0.256565 -0.055942 0.575198 -0.130565 -0.439332 -0.294469 -0.280455 -0.284718 -0.261734 0.126699 -0.006372 0.083964 -0.125345 -0.025806 0.098465 -0.213209 0.060687 -0.046013 -0.153280 0.162205 0.048335 0.126836 -0.190940 -0.045115 0.025429 0.009009 -0.055859 -0.357037 0.204583 -0.364558 -0.190374 0.093398 0.090614 0.093455 0.037323
-0.610899 -0.451029 0.369121 0.336427 0.232005 -0.004993 0.158470 0.369075 0.081144 0.412783 -0.486801 -0.279634 -0.508784 -0.008926 -0.369651 -0.195712 -0.047176 0.140217 0.153994 0.278588 0.372509 -0.066978 -0.244141 0.206124 0.421617 0.223668 -0.111026 -0.316573 0.158275 0.376844 1.000000 0.736139 0.294037 0.324274 0.320496 0.317207 -0.065238 -0.061721 -0.168320 -0.231994 0.098512 0.077363 -0.003520 -0.057598 0.159535 0.219962 -0.251505 -0.163380 -0.299053 0.214784 -0.375463 -0.290542 -0.508562 -0.200535 -0.433248 -0.278533 -0.414363 -0.341443 -0.395055 -0.161063 -0.066962 0.093222 0.052049 -0.054054 0.527051 0.205220 -0.189917 0.312702 -0.356706 -0.220779 0.068328 0.285148 0.262148 0.119818 0.210727 -0.023425 0.095633 0.072789 -0.037216 0.143027 -0.112127 -0.078137 -0.317722 0.318141 -0.106308 -0.146595 -0.253232 -0.153433 -0.032723 -0.373950 0.004693 -0.090368 0.404579 -0.088631 0.165330 0.052540 -0.408168 -0.079433 -0.204587 -0.367950 0.185458 -0.046449 0.018206 -0.052661 -0.001818 0.197817 -0.036398 0.121924 -0.301751 0.005270 -0.394755 -0.160587 -0.164082 -0.132038 0.105929 0.113682
-0.552223 -0.288841 0.126627 0.275970 0.170902 -0.124370 0.059879 0.449694 0.056763 0.414304 -0.257528 -0.066215 -0.229746 0.150567 -0.221311 0.066476 -0.079899 0.026890 0.340857 0.324489 0.386980 0.036227 0.005564 0.347932 0.358075 0.374394 0.021114 -0.259911 0.085684 0.432420 0.736139 1.000000 0.122901 0.531325 0.229627 0.268212 -0.208425 -0.036706 -0.133688 -0.111581 0.251149 0.088884 0.067883 0.018571 0.002489 0.097752 -0.163104 -0.159344 -0.416159 0.067807 -0.340179 -0.260383 -0.410226 -0.216574 -0.419193 -0.292365 -0.345397 -0.391254 -0.383952 -0.284511 -0.231251 0.145538 -0.095858 -0.174005 0.526948 0.349768 -0.377421 0.034004 -0.337105 -0.417537 -0.024803 0.218801 0.095779 0.007514 0.029229 -0.012053 -0.066758 0.137666 -0.088052 0.171672 -0.087621 -0.002541 -0.302283 0.444193 -0.046087 -0.076443 -0.288574 -0.130580 -0.033280 -0.327417 -0.074159 -0.290437 0.317263 -0.281498 0.131449 0.151671 -0.315625 -0.119356 -0.292604 -0.414645 0.086685 -0.171811 -0.111673 -0.126640 -0.089650 0.134504 -0.016703 -0.102923 -0.213566 0.086518 -0.257652 -0.139828 -0.012219 0.061792 0.221124 0.081059
-0.060971 -0.177473 0.219679 -0.097052 0.015826 -0.306231 0.115152 -0.098924 0.023354 -0.181099 -0.093677 -0.314203 -0.212209 -0.156858 -0.382829 -0.372717 0.210528 0.433499 0.064433 0.416375 -0.000445 -0.198440 -0.379918 -0.435806 -0.153744 -0.176610 -0.134014 -0.307820 0.199336 0.151827 0.294037 0.122901 1.000000 0.427033 0.098525 -0.026334 -0.019655 -0.125749 -0.126634 -0.199981 0.160301 -0.348083 0.051470 0.092899 0.267489 0.031959 0.210379 0.075937 0.174095 0.284626 -0.231448 -0.028236 -0.233777 -0.180679 -0.010932 0.076006 -0.022321 -0.008489 -0.122961 0.012254 0.157194 -0.135127 0.238824 0.255657 0.038858 -0.134360 -0.068503 0.105818 0.086178 -0.030322 -0.179529 0.021156 0.194704 -0.161275 -0.078204 -0.248854 -0.020410 0.017879 0.300138 0.267220 0.041485 0.342931 -0.507383 -0.156436 -0.121426 -0.244677 -0.318192 -0.354579 -0.187045 -0.311439 -0.155339 -0.216817 -0.225510 -0.161632 0.054466 0.055396 0.096732 0.147343 -0.059277 -0.067512 -0.093911 -0.158736 -0.058194 -0.021585 0.040744 0.158295 -0.095771 0.321621 -0.087884 0.108904 -0.021460 0.197677 0.111346 -0.225175 -0.014221 0.072125
-0.283145 -0.061161 0.159952 -0.128216 0.342058 -0.158285 0.462192 0.362039 0.244502 0.330487 0.210820 0.056251 0.141649 0.292254 -0.104025 0.162632 0.136321 0.084442 0.168194 0.394717 0.011215 -0.088030 -0.249177 -0.083187 0.055852 -0.062887 -0.053866 -0.320457 0.268994 0.388837 0.324274 0.531325 0.427033 1.000000 0.302652 0.486268 -0.280720 -0.176137 -0.264909 -0.233510 0.161518 0.009793 0.121182 0.116734 0.279086 0.338445 -0.040253 0.005142 -0.110894 0.232579 -0.494570 -0.202634 -0.272750 -0.274399 -0.396000 -0.234062 -0.373976 -0.424332 0.061437 -0.262815 -0.189028 0.237249 -0.084630 -0.108724 0.109156 0.239993 -0.401078 0.068148 -0.306357 -0.211120 0.011752 0.183395 0.276275 -0.038196 -0.014692 0.067841 -0.061675 0.038818 0.080003 0.081998 -0.094390 0.106836 -0.178722 0.268708 -0.207525 -0.432036 -0.396248 -0.462255 -0.383396 -0.499868 -0.147654 -0.239483 0.033080 -0.101923 0.078288 0.039300 -0.109689 -0.012862 -0.320135 -0.427109 0.018874 -0.163846 -0.143059 -0.300709 -0.073603 0.128717 -0.069357 -0.050439 -0.294507 0.194809 -0.136599 -0.183012 0.080354 -0.095730 0.125623 -0.017493
-0.437529 -0.118590 0.189564 0.173830 0.339605 0.092136 0.379477 0.290099 0.326102 0.321447 -0.066604 -0.147889 -0.064229 0.091875 -0.030077 -0.108782 -0.321773 -0.302510 -0.134166 -0.152125 0.155082 0.083084 0.086032 0.276580 0.342819 0.206135 -0.079756 -0.006551 -0.121645 -0.120324 0.320496 0.229627 0.098525 0.302652 1.000000 0.558856 0.035674 -0.037302 0.008716 -0.169179 -0.000953 -0.112664 -0.098988 -0.089600 0.219703 0.364577 -0.138381 -0.185730 0.003099 -0.030463 -0.121118 -0.293787 -0.228029 -0.263673 -0.102633 -0.054737 -0.435461 -0.238821 0.070626 -0.192646 -0.200857 0.194254 -0.312214 -0.257256 0.368882 0.327490 0.030574 0.393356 -0.230480 -0.056079 0.066357 0.227702 -0.044969 -0.012451 -0.012156 0.091228 0.183099 0.214581 -0.054403 -0.132248 -0.299183 -0.210241 -0.069792 -0.100882 0.022694 -0.082026 -0.149887 -0.239130 0.176897 -0.045848 -0.059261 -0.137119 0.293632 0.036172 -0.162221 0.098549 -0.195777 -0.170976 -0.159030 -0.165829 0.049973 -0.250934 -0.288329 -0.115661 -0.220195 0.126472 -0.125928 -0.060541 -0.266512 -0.062090 -0.060802 -0.050279 -0.051990 -0.138710 -0.072292 0.187305
-0.322000 0.088053 0.019895 0.081969 0.339816 0.197049 0.410576 0.486995 0.199884 0.482209 0.165809 0.097898 0.028941 0.289690 0.032163 0.165977 -0.253613 -0.298263 -0.162983 -0.090370 0.037232 -0.118622 -0.207433 0.188618 0.214613 0.078583 -0.120615 -0.105533 0.015124 0.157018 0.317207 0.268212 -0.026334 0.486268 0.558856 1.000000 -0.103526 -0.101141 -0.177874 -0.169698 -0.002859 0.158463 -0.002620 0.004682 0.398258 0.696233 -0.170547 -0.047227 -0.166360 0.150892 -0.339824 -0.152984 -0.197228 -0.078621 -0.437441 -0.339916 -0.503775 -0.454152 0.329161 -0.174299 -0.246328 0.572012 -0.205280 -0.263736 0.204495 0.478963 -0.198520 0.266339 -0.466405 -0.050982 -0.010956 0.277432 0.127410 0.182033 0.124567 0.218113 0.023346 -0.025515 -0.146398 -0.306237 -0.331941 -0.304165 0.106296 0.269619 -0.142451 -0.272288 -0.237673 -0.239530 -0.141963 -0.201418 -0.131603 -0.177753 0.304968 -0.116807 -0.062385 -0.090147 -0.411961 -0.097369 -0.286606 -0.448315 0.237715 -0.214924 -0.134531 -0.371726 0.105360 0.179609 -0.189373 0.075792 -0.296358 0.024524 -0.177132 -0.272134 -0.311116 -0.008021 0.046279 0.055724
