1.000000 0.593633 -0.133526 -0.486746 0.026405 -0.271476 -0.050747 -0.245006 0.158937 -0.023363 0.479303 0.230112 0.252290 0.230111 -0.141537 0.216280 0.550053 0.407275 -0.246064 -0.080053 0.215292 0.295059 -0.296762 -0.201339 -0.188299 -0.085653 -0.309896 -0.204486 0.383588 0.264405 -0.103724 -0.042259 0.496006 0.432991 -0.375150 0.014961 0.474218 0.254922 0.117048 0.177044 0.238141 0.309003 -0.601294 -0.362608 -0.563152 -0.256849 -0.537418 -0.082710 -0.549308 -0.494519 -0.581040 -0.482275 -0.416518 -0.399891 -0.173479 -0.219295 0.778755 0.264051 -0.050446 0.167559 0.109338 0.375010 0.382879 0.542003 -0.322741 -0.212942 -0.182530 -0.300225 0.387520 0.194105 0.087809 -0.184074 0.316946 0.248795 0.258732 0.245753 0.697027 0.352983 0.581845 0.436310 0.507595 0.580976 0.626136 0.524480 -0.018390 -0.241648 0.449825 0.366020 0.103684 0.045544 -0.071655 0.100891 -0.161140 -0.087632 -0.003395 0.110544 0.201074 -0.170957 0.033324 0.054232 -0.423912 -0.019834 -0.006666 -0.063710 0.045014 -0.211433 0.361053 0.145943 -0.105104 -0.118449 -0.259363 -0.302064 -0.488177 -0.003597 -0.135269 0.168749
0.593633 1.000000 -0.401754 -0.426731 -0.144724 -0.235032 -0.435415 -0.172154 -0.004130 -0.006313 0.106803 0.356219 -0.214826 0.216228 -0.258910 -0.047947 0.406940 0.604716 -0.100915 0.198211 0.262574 0.124680 -0.616246 -0.213965 -0.216772 0.061426 -0.359923 -0.194004 0.238614 0.321627 -0.341758 -0.264526 0.453385 0.482010 -0.276531 0.162155 0.634883 0.478777 0.346657 0.405939 0.422989 0.438135 -0.753443 -0.602767 -0.569445 -0.297356 -0.676536 -0.341029 -0.563421 -0.637770 -0.523667 -0.676074 -0.305212 -0.667834 0.052655 -0.120229 0.566245 0.590267 0.066554 0.104431 0.251103 0.238771 0.371816 0.494068 0.014559 -0.343967 -0.127835 -0.070344 0.171809 0.424605 -0.181224 -0.294330 0.203892 0.244946 0.243812 0.311333 0.664201 0.486406 0.432040 0.593955 0.474139 0.608947 0.566728 0.614767 0.324587 -0.241679 0.418333 0.574556 0.424985 0.084708 0.064413 0.145363 -0.155615 -0.074804 0.212547 0.341299 0.334184 -0.043844 0.191392 -0.186825 -0.228854 -0.055625 0.162083 -0.089677 0.129332 0.046314 0.646359 0.061830 0.168462 0.106442 -0.126161 -0.357139 -0.508641 -0.101173 0.031349 0.085679
-0.133526 -0.401754 1.000000 0.610088 0.424788 0.318779 0.860180 0.527437 0.298638 0.225626 0.301678 -0.046582 0.447780 0.130271 0.401776 0.407906 -0.136375 -0.324771 0.465548 0.243278 0.232017 0.121055 0.859676 0.723265 0.113005 0.037948 0.445043 0.370504 0.131356 0.104212 0.578685 0.554651 0.079725 0.097061 -0.273113 -0.415393 -0.339828 -0.231341 -0.226620 -0.197922 -0.117713 0.074843 0.033081 -0.081613 -0.025935 -0.136629 -0.008311 0.014381 0.009711 0.072013 -0.071906 0.057806 0.077136 0.208999 -0.193241 -0.060845 -0.427376 -0.415869 -0.500002 -0.225816 -0.499973 -0.349484 -0.398278 -0.460812 -0.244232 -0.156772 -0.390843 -0.225382 -0.046404 -0.111037 0.473190 0.407356 0.195183 0.257126 0.186636 0.172431 -0.180729 -0.141804 -0.317791 -0.397425 -0.409152 -0.480001 -0.211853 -0.140742 -0.402781 -0.112459 -0.231969 -0.420484 -0.293840 0.036083 -0.175938 -0.061865 -0.127965 -0.062651 -0.257146 -0.357602 -0.461569 -0.228422 -0.413320 -0.131534 -0.254069 -0.024697 -0.450539 -0.037893 -0.267951 0.003857 -0.486384 -0.011850 -0.223697 -0.208165 -0.174227 -0.155935 -0.021883 -0.111861 -0.098203 -0.149288
-0.486746 -0.426731 0.610088 1.000000 0.296207 0.433379 0.387740 0.752291 0.241131 0.364729 -0.184469 0.064217 -0.061040 0.214696 0.392595 0.370560 -0.396929 -0.484827 0.671031 0.497958 0.278255 0.005621 0.687718 0.725639 0.182002 0.195733 0.465203 0.513962 -0.017962 0.084159 0.564197 0.559593 -0.027399 0.071468 -0.278326 -0.542901 -0.425070 -0.397336 -0.221091 -0.245638 -0.064176 0.010239 0.259445 -0.003099 0.371177 0.057190 0.146780 -0.126754 0.370430 0.266791 0.300126 0.117675 0.214090 0.064955 -0.144850 -0.187685 -0.515658 -0.519167 -0.264939 -0.360223 -0.271094 -0.657288 -0.476933 -0.787699 0.156045 -0.262332 -0.198855 -0.126148 -0.036581 -0.123895 0.407000 0.514089 0.073851 0.188628 0.110925 0.139955 -0.388823 -0.261528 -0.490117 -0.513729 -0.470975 -0.655597 -0.492108 -0.067847 -0.259649 -0.294334 -0.391225 -0.355885 -0.155841 -0.307835 0.043612 -0.251977 0.052665 -0.051350 -0.264268 -0.420454 -0.500878 -0.257835 -0.322785 -0.282760 0.067812 0.001198 -0.206313 -0.053536 -0.268754 -0.028628 -0.491537 -0.276621 -0.059541 -0.229949 -0.206449 -0.165076 0.043557 -0.088982 0.074407 -0.182960
0.026405 -0.144724 0.424788 0.296207 1.000000 0.628134 0.447542 0.194387 0.577188 0.501137 -0.020632 -0.304944 0.066087 -0.125613 0.180437 0.333157 -0.049663 -0.290760 0.230071 0.090492 0.213571 0.258334 0.309073 0.366496 0.687440 0.525508 0.721663 0.401918 -0.129985 0.016811 0.113976 0.017958 0.119366 -0.024293 -0.160673 0.037913 -0.100754 0.083069 0.018130 0.086354 -0.194557 0.194057 -0.202243 -0.146513 -0.099846 -0.110783 -0.039471 -0.049097 0.015866 -0.028892 -0.134695 -0.058484 0.008489 0.072335 -0.069137 -0.026864 -0.039587 -0.021881 -0.286873 -0.109482 -0.369119 -0.122705 -0.368033 -0.293583 -0.332849 -0.198831 -0.355764 -0.177208 0.150088 -0.002830 0.087278 -0.070780 -0.047093 0.020940 -0.052186 0.067680 0.017468 -0.065703 -0.156165 -0.184278 -0.283067 -0.265912 0.028233 0.005193 -0.450572 -0.316102 -0.094624 -0.113156 -0.226103 -0.031998 0.112994 0.324630 0.217148 0.337696 0.121159 -0.014947 0.058834 0.007511 0.098745 0.175401 0.069872 0.263869 -0.110488 0.373134 0.271840 0.281309 -0.048826 -0.050923 0.126824 -0.067464 0.130302 0.257354 0.186637 0.134046 0.298470 0.077593
-0.271476 -0.235032 0.318779 0.433379 0.628134 1.000000 0.253227 0.155696 0.527934 0.738725 -0.241171 -0.228076 -0.057087 -0.092977 -0.000476 0.241687 -0.163650 -0.178956 0.417657 0.271100 0.232315 0.267647 0.322045 0.263117 0.726925 0.663436 0.806193 0.699845 -0.152215 0.096737 0.167459 0.024900 -0.045501 -0.230039 -0.114212 -0.123805 -0.148569 0.087496 0.016103 0.165213 -0.189599 0.158488 -0.062814 -0.143330 -0.065871 -0.282913 0.110756 -0.103081 0.068584 -0.017512 -0.086596 -0.065660 0.068718 0.139222 0.139657 0.228438 -0.148559 -0.256162 -0.381685 -0.189316 -0.436917 -0.477619 -0.398724 -0.580074 -0.301457 -0.369799 -0.285583 -0.307439 0.063598 -0.233271 0.060587 0.125172 -0.078133 0.092345 -0.042247 0.088364 -0.133885 -0.003686 -0.087603 -0.209915 -0.283600 -0.385485 -0.360901 -0.088869 -0.348332 -0.203770 -0.174512 -0.094305 -0.252635 0.029653 0.087711 0.292822 0.355127 0.443515 0.196681 0.100152 0.020087 0.174247 0.134653 0.277334 0.440518 0.479094 0.195705 0.512933 0.348331 0.434280 -0.202119 -0.035664 0.263738 0.044254 0.143033 0.261256 0.473688 0.375801 0.386308 0.068496
-0.050747 -0.435415 0.860180 0.387740 0.447542 0.253227 1.000000 0.364088 0.323502 0.128593 0.343583 -0.015153 0.587271 0.132496 0.322854 0.346882 -0.097661 -0.243487 0.330065 0.057721 0.175604 0.122387 0.777466 0.512738 0.134108 -0.034480 0.447176 0.313864 0.113166 0.058926 0.540064 0.478849 0.050924 0.063942 -0.159003 -0.330353 -0.384188 -0.238280 -0.325903 -0.290657 -0.243978 0.005831 0.104503 0.015900 -0.039216 -0.159475 0.102113 0.065754 -0.055199 0.065088 -0.146198 0.096272 -0.080232 0.289856 -0.277259 -0.043135 -0.277954 -0.446151 -0.461531 -0.294728 -0.424158 -0.214329 -0.318506 -0.320541 -0.251458 -0.050240 -0.434790 -0.320769 -0.139400 -0.287530 0.428426 0.328624 0.131976 0.197154 0.121857 0.124517 -0.183543 -0.185736 -0.186608 -0.321576 -0.288059 -0.384415 -0.175939 -0.225067 -0.466008 -0.028657 -0.271519 -0.476862 -0.473846 0.003410 -0.308310 0.057906 0.027528 0.108199 -0.307416 -0.369728 -0.455665 -0.232744 -0.346977 0.003251 -0.196304 0.103378 -0.275503 0.016658 -0.201058 -0.063474 -0.494241 -0.024974 -0.327582 -0.275232 -0.144543 -0.079512 0.124842 0.092858 -0.125567 -0.211386
-0.245006 -0.172154 0.527437 0.752291 0.194387 0.155696 0.364088 1.000000 0.310757 0.460607 0.021228 0.335746 0.031330 0.522989 0.352372 0.370525 -0.168769 -0.209687 0.411169 0.287464 0.128251 -0.250064 0.571459 0.645154 -0.104778 -0.092999 0.129695 0.237451 0.050862 0.078875 0.482777 0.556753 0.125902 0.278683 -0.362057 -0.375091 -0.251548 -0.411436 -0.131981 -0.247215 0.081097 0.070249 0.057684 -0.210447 0.208522 0.010760 -0.129420 -0.350338 0.282247 0.061101 0.286225 -0.069837 0.254924 -0.170334 -0.148538 -0.408831 -0.334887 -0.426924 -0.091218 -0.388945 -0.039305 -0.488911 -0.385683 -0.532508 0.317253 -0.257537 -0.190880 -0.114946 -0.010614 -0.083921 0.312653 0.377153 0.120967 0.140943 0.173112 0.109922 -0.229300 -0.212840 -0.396168 -0.467852 -0.300753 -0.472178 -0.193151 0.100569 0.012983 -0.429747 -0.247180 -0.275093 0.054724 -0.461461 0.208045 -0.202856 0.054108 -0.037720 -0.375984 -0.465925 -0.504483 -0.522830 -0.259335 -0.401094 0.004076 -0.022981 -0.176769 -0.149538 -0.294083 -0.152435 -0.342175 -0.409986 -0.215736 -0.265036 -0.421090 -0.373566 -0.219770 -0.249561 -0.070393 -0.169973
0.158937 -0.004130 0.298638 0.241131 0.577188 0.527934 0.323502 0.310757 1.000000 0.686453 0.010492 0.098061 0.170052 0.380016 0.133942 0.407511 0.113045 -0.052073 0.253880 0.090823 0.403995 -0.003614 0.272196 0.172155 0.392158 0.330136 0.359857 0.477506 0.218744 0.417505 0.366855 0.316061 0.342994 0.204425 -0.430062 -0.162563 0.058293 0.042513 -0.031964 0.088899 0.058683 0.379250 -0.336803 -0.394699 -0.221200 -0.314754 -0.151827 -0.273776 -0.160877 -0.240076 -0.329321 -0.386886 -0.181510 -0.289527 -0.097148 -0.200841 0.095125 -0.237863 -0.214509 -0.211820 -0.182246 -0.379037 -0.243379 -0.321581 -0.250030 -0.534429 -0.367110 -0.465271 0.245041 -0.182860 0.325973 0.227772 0.318400 0.426345 0.297067 0.385738 0.152911 0.151035 -0.004969 -0.096644 -0.037326 -0.105527 0.068703 0.273286 -0.349534 -0.513130 -0.024803 -0.157615 -0.268829 -0.348692 0.070816 0.111276 0.319547 0.317211 0.067923 -0.003871 -0.026840 -0.198092 0.055378 0.051535 0.050611 0.419673 0.253314 0.322278 0.334383 0.153903 -0.139173 -0.157333 0.194058 -0.102470 -0.223626 -0.012766 -0.078354 0.456862 0.016884 0.092487
-0.023363 -0.006313 0.225626 0.364729 0.501137 0.738725 0.128593 0.460607 0.686453 1.000000 -0.095707 0.061153 -0.077980 0.227215 0.003010 0.308874 0.012299 -0.103307 0.245471 0.199588 0.116776 -0.017975 0.223783 0.261297 0.456567 0.381750 0.439317 0.440754 -0.069943 0.090629 0.116802 0.068635 0.121400 -0.025053 -0.272954 -0.044818 -0.013167 0.003823 0.098832 0.164414 -0.029554 0.233509 -0.222900 -0.315250 -0.159034 -0.256011 -0.146839 -0.318836 0.011910 -0.216460 -0.059271 -0.306178 0.115281 -0.165030 0.083257 -0.054166 0.033319 -0.211029 -0.215014 -0.243511 -0.228536 -0.502882 -0.384672 -0.513640 -0.124811 -0.502192 -0.208984 -0.285485 0.206098 -0.087303 0.006503 0.025451 -0.013250 0.059742 0.019607 0.086838 0.030119 0.003644 -0.107243 -0.276919 -0.160015 -0.299756 -0.072541 0.209848 -0.138082 -0.462034 -0.077852 0.023520 -0.051367 -0.220524 0.397119 0.347147 0.475371 0.531036 0.114367 -0.006215 -0.002216 -0.115792 0.256491 0.178697 0.411114 0.553610 0.299180 0.470708 0.324233 0.334192 0.000447 -0.168874 0.128903 -0.003325 -0.064531 0.081277 0.180089 0.289525 0.324122 0.107415
0.479303 0.106803 0.301678 -0.184469 -0.020632 -0.241171 0.343583 0.021228 0.010492 -0.095707 1.000000 0.183053 0.759643 0.215578 0.236476 0.146879 0.656550 0.305622 -0.157296 -0.088045 0.036376 -0.016485 0.212329 0.138179 -0.256511 -0.281286 -0.162784 -0.149495 0.616651 0.092751 0.258868 0.280405 0.195637 0.240414 -0.422821 -0.185928 0.270304 -0.008104 0.044746 -0.100958 0.263308 0.159520 -0.293530 -0.154428 -0.367177 -0.227024 -0.223129 0.247709 -0.430564 -0.298388 -0.375767 -0.193716 -0.130611 -0.037787 -0.044731 -0.044002 0.088891 -0.083287 -0.240837 -0.051509 -0.171050 0.137919 0.240222 0.290205 -0.230227 -0.028277 -0.366581 -0.296828 0.072141 0.058564 0.359737 0.063391 0.516675 0.172624 0.405291 0.183693 0.416417 0.174681 0.400965 0.196164 0.341408 0.280599 0.436603 0.106882 0.230297 0.036661 0.180489 -0.019237 0.218760 0.091900 -0.153193 -0.125138 -0.428190 -0.289353 -0.165361 -0.084970 -0.041530 -0.174803 -0.237403 -0.051365 -0.415521 -0.254066 -0.279166 -0.270646 -0.376844 -0.357863 -0.092983 0.124299 -0.464140 -0.114180 -0.193400 -0.261118 -0.317866 -0.261541 -0.325476 0.018146
0.230112 0.356219 -0.046582 0.064217 -0.304944 -0.228076 -0.015153 0.335746 0.098061 0.061153 0.183053 1.000000 0.089627 0.797996 0.069946 0.395726 0.098785 0.449697 0.244142 0.122588 0.306746 0.005976 -0.050852 0.095739 -0.349087 -0.045852 -0.220660 0.191944 0.328475 0.495111 0.346577 0.457119 0.388156 0.585809 -0.415790 -0.338779 0.100286 -0.178511 -0.241743 -0.295790 0.175033 0.186186 -0.230696 -0.364001 -0.153357 -0.205376 -0.317069 -0.390305 -0.323671 -0.423413 -0.180489 -0.479415 -0.237027 -0.469462 -0.446244 -0.487165 0.165383 -0.287447 0.122615 -0.584975 0.506175 -0.250822 0.271666 0.020041 0.542489 -0.294472 -0.306026 -0.355056 -0.156358 -0.245792 0.368879 0.433138 0.349064 0.504082 0.465379 0.463885 0.146161 0.206407 0.169547 0.168877 0.183555 0.205104 0.127342 0.420788 0.397451 -0.114748 0.020251 0.085863 0.152365 -0.390061 -0.164614 -0.352687 -0.058471 -0.209978 -0.447056 -0.269779 -0.379808 -0.596732 -0.279643 -0.578536 -0.134266 -0.207989 0.316080 -0.416083 -0.294469 -0.541239 -0.048544 -0.182119 -0.366223 -0.286666 -0.638744 -0.592149 -0.387606 -0.069970 -0.414927 -0.310988
0.252290 -0.214826 0.447780 -0.061040 0.066087 -0.057087 0.587271 0.031330 0.170052 -0.077980 0.759643 0.089627 1.000000 0.269978 0.285433 0.226815 0.441607 0.209381 -0.081185 -0.168812 0.056529 0.050143 0.419676 0.130393 -0.092161 -0.171111 0.053378 0.022201 0.521436 0.136499 0.486173 0.434677 0.035177 0.051092 -0.307097 -0.280349 0.008327 -0.138043 -0.166822 -0.243027 0.040867 0.045834 -0.014154 0.018296 -0.203774 -0.228282 0.078055 0.305023 -0.305728 -0.095227 -0.298353 -0.013384 -0.098519 0.192701 -0.014669 0.048170 0.010832 -0.368631 -0.292542 -0.206847 -0.211815 -0.016556 0.144104 0.109515 -0.300997 -0.039445 -0.467560 -0.497293 -0.037670 -0.264284 0.468139 0.268875 0.458095 0.247147 0.346662 0.200423 0.200520 0.105693 0.335458 0.030584 0.226465 0.111389 0.146868 -0.115603 -0.038935 0.053621 -0.027423 -0.326585 -0.141833 0.024726 -0.308266 -0.117492 -0.213993 -0.158036 -0.203974 -0.141175 -0.171858 -0.148296 -0.247442 0.087241 -0.253693 -0.131905 -0.242530 -0.246059 -0.372633 -0.355151 -0.383322 0.079489 -0.396776 -0.214215 -0.205296 -0.093071 -0.008504 -0.001179 -0.344972 -0.228103
0.230111 0.216228 0.130271 0.214696 -0.125613 -0.092977 0.132496 0.522989 0.380016 0.227215 0.215578 0.797996 0.269978 1.000000 0.187490 0.542928 0.162232 0.365451 0.189720 0.099918 0.347771 -0.008846 0.190892 0.234332 -0.339097 -0.060448 -0.123763 0.282799 0.446884 0.551280 0.573854 0.653105 0.296644 0.458804 -0.614882 -0.546017 0.063413 -0.294204 -0.248328 -0.305751 0.253022 0.181504 -0.219008 -0.408537 -0.152405 -0.323527 -0.292660 -0.348050 -0.240825 -0.312119 -0.157016 -0.400694 -0.135778 -0.447529 -0.321999 -0.519390 0.142918 -0.466120 0.048055 -0.427679 0.332549 -0.267556 0.198745 -0.020198 0.286808 -0.374270 -0.358290 -0.556452 0.024244 -0.300737 0.492800 0.572597 0.486296 0.570322 0.520764 0.519096 0.097104 0.128393 0.164928 -0.014752 0.205708 0.133013 0.081040 0.391891 0.182171 -0.297639 0.048902 -0.079978 0.043353 -0.534416 -0.099124 -0.396791 -0.049203 -0.217941 -0.399909 -0.286230 -0.446384 -0.588466 -0.270672 -0.484141 -0.120149 -0.123384 0.212889 -0.322384 -0.240246 -0.485217 -0.267976 -0.206525 -0.263469 -0.304027 -0.703205 -0.533546 -0.384794 -0.040922 -0.402938 -0.265654
-0.141537 -0.258910 0.401776 0.392595 0.180437 -0.000476 0.322854 0.352372 0.133942 0.003010 0.236476 0.069946 0.285433 0.187490 1.000000 0.355976 0.079034 -0.170417 0.327286 0.171168 0.307426 -0.151138 0.395830 0.440819 -0.137926 0.023453 0.151197 0.166484 0.415365 0.269333 0.374395 0.359250 -0.021182 0.067632 -0.314610 -0.347316 -0.023886 -0.136078 0.000113 -0.120174 0.324801 0.196617 -0.081882 -0.170238 0.071600 -0.112006 -0.160718 -0.075562 -0.070359 -0.057774 -0.090435 -0.098698 -0.169335 -0.066279 -0.282332 -0.069373 -0.317475 -0.198774 -0.212445 -0.293686 -0.083125 -0.220139 -0.208804 -0.182649 0.138953 -0.007472 -0.370463 -0.120239 -0.190344 -0.105924 0.365560 0.321148 0.421847 0.277347 0.364148 0.296359 -0.089713 -0.031327 -0.195490 -0.064114 -0.080176 -0.000352 0.054952 0.144685 -0.020308 -0.069965 -0.013417 -0.322748 0.127334 -0.134602 -0.031858 -0.221147 -0.180841 -0.155573 -0.166574 -0.114027 -0.284657 -0.212090 -0.307537 -0.225377 -0.220525 -0.174203 -0.233130 -0.161131 -0.397864 -0.211621 -0.285130 0.082143 -0.297264 -0.056432 -0.341362 -0.234711 -0.186115 -0.080084 -0.282255 -0.002603
0.216280 -0.047947 0.407906 0.370560 0.333157 0.241687 0.346882 0.370525 0.407511 0.308874 0.146879 0.395726 0.226815 0.542928 0.355976 1.000000 -0.031543 0.018390 0.390270 0.168598 0.547484 0.365028 0.395344 0.375185 0.016640 0.305047 0.425611 0.550288 0.306977 0.597878 0.561460 0.579089 0.288311 0.391403 -0.509620 -0.407772 -0.135915 -0.247404 -0.308783 -0.320248 -0.000272 0.182803 -0.171884 -0.223346 -0.034176 -0.144799 -0.163033 -0.184423 -0.159380 -0.119573 -0.219751 -0.252489 -0.185850 -0.215897 -0.398758 -0.439245 0.036291 -0.376745 -0.215196 -0.423626 0.037994 -0.290306 0.039597 -0.224976 0.046018 -0.309634 -0.547729 -0.611134 0.016533 -0.259931 0.506331 0.607293 0.374854 0.524905 0.335645 0.523960 0.041384 0.178372 -0.013272 -0.087399 -0.045752 0.036316 -0.077581 0.421058 -0.248011 -0.278463 -0.152273 -0.175037 -0.220806 -0.362999 -0.222445 -0.288128 -0.125687 -0.144844 -0.301082 -0.263772 -0.474497 -0.427431 -0.486979 -0.348350 -0.192177 -0.041831 0.093401 -0.025634 -0.118157 -0.327102 -0.322428 0.169631 -0.237733 -0.343726 -0.582924 -0.375418 -0.231703 0.114829 -0.284275 -0.261826
0.550053 0.406940 -0.136375 -0.396929 -0.049663 -0.163650 -0.097661 -0.168769 0.113045 0.012299 0.656550 0.098785 0.441607 0.162232 0.079034 -0.031543 1.000000 0.518404 -0.237380 0.071304 0.097493 -0.045123 -0.225382 -0.128068 -0.116702 -0.096534 -0.273943 -0.197755 0.710151 0.236244 0.042307 0.022474 0.253179 0.240360 -0.418612 0.016106 0.718158 0.269073 0.406302 0.240407 0.580739 0.422300 -0.544917 -0.404171 -0.478677 -0.332425 -0.382325 0.054248 -0.584206 -0.550389 -0.581503 -0.540400 -0.300873 -0.434979 0.217044 -0.054671 0.441745 0.222155 -0.182575 0.031769 0.026604 0.038362 0.445690 0.376168 -0.221292 -0.410204 -0.272374 -0.322511 0.151812 0.160943 0.201239 -0.103332 0.613857 0.212699 0.467466 0.222952 0.720676 0.385857 0.700207 0.396461 0.755535 0.541072 0.675408 0.402963 0.350813 -0.365088 0.443564 0.264970 0.457042 -0.034080 0.033066 0.000681 -0.242933 -0.136728 0.051836 0.200731 0.336752 -0.106434 0.176318 -0.038109 -0.173458 -0.108523 0.043863 -0.146171 -0.032617 -0.149632 0.188938 0.056793 -0.144774 0.069312 -0.079417 -0.187089 -0.312282 -0.118313 -0.238836 0.284944
0.407275 0.604716 -0.324771 -0.484827 -0.290760 -0.178956 -0.243487 -0.209687 -0.052073 -0.103307 0.305622 0.449697 0.209381 0.365451 -0.170417 0.018390 0.518404 1.000000 -0.130909 -0.039039 0.164906 0.111639 -0.442238 -0.326144 -0.229744 0.042913 -0.259241 -0.107281 0.426403 0.476405 -0.097363 -0.064411 0.122413 0.232159 -0.241640 0.081246 0.585389 0.434496 0.244863 0.248196 0.408585 0.376064 -0.530983 -0.469398 -0.529648 -0.468848 -0.379403 -0.090108 -0.595537 -0.597354 -0.487644 -0.515805 -0.254593 -0.353096 0.169608 0.140596 0.387002 0.204720 0.013897 -0.210013 0.295549 0.127676 0.474201 0.512837 0.085329 -0.258629 -0.393793 -0.400493 -0.131507 -0.077835 0.031719 -0.018264 0.387288 0.391473 0.424185 0.405655 0.581920 0.635956 0.583910 0.716143 0.570928 0.697413 0.392169 0.382096 0.502274 0.015570 0.335657 0.355862 0.406202 0.208679 -0.181888 -0.018586 -0.310185 -0.192982 0.109934 0.350237 0.227399 -0.000214 0.079906 -0.142418 -0.141064 -0.195126 0.162943 -0.221717 -0.036143 -0.212118 0.202759 0.108203 0.062340 0.186873 -0.148501 -0.313791 -0.220218 -0.109518 -0.185388 -0.045004
-0.246064 -0.100915 0.465548 0.671031 0.230071 0.417657 0.330065 0.411169 0.253880 0.245471 -0.157296 0.244142 -0.081185 0.189720 0.327286 0.390270 -0.237380 -0.130909 1.000000 0.771788 0.547790 0.177418 0.346865 0.386885 0.192958 0.281056 0.454002 0.637262 0.165103 0.442146 0.465885 0.430085 0.265739 0.344777 -0.296624 -0.463810 -0.145772 -0.088227 -0.186895 -0.071567 0.065632 0.233832 -0.090650 -0.249989 -0.015293 -0.248820 -0.103488 -0.273870 -0.110950 -0.144933 -0.203198 -0.243597 -0.155252 -0.146927 -0.301451 -0.095224 -0.327953 -0.346114 -0.409654 -0.516437 -0.171942 -0.564161 -0.274770 -0.613189 0.128569 -0.424452 -0.424398 -0.263626 -0.080319 -0.164919 0.550023 0.581563 0.236035 0.470307 0.279081 0.430192 -0.084981 0.148304 -0.188548 -0.120483 -0.254550 -0.335841 -0.325488 0.198451 -0.175809 -0.276257 -0.274538 -0.184093 -0.097430 -0.133673 -0.167708 -0.200704 -0.050603 -0.040046 -0.105833 -0.149116 -0.339423 -0.145578 -0.335665 -0.332322 0.015463 0.008395 0.083736 0.030073 -0.071296 0.010377 -0.221348 -0.091392 0.089649 -0.126122 -0.302827 -0.330787 -0.009247 0.092259 -0.081513 -0.223308
-0.080053 0.198211 0.243278 0.497958 0.090492 0.271100 0.057721 0.287464 0.090823 0.199588 -0.088045 0.122588 -0.168812 0.099918 0.171168 0.168598 0.071304 -0.039039 0.771788 1.000000 0.474327 0.162082 0.100470 0.377977 0.044187 0.163703 0.203423 0.453233 0.273708 0.309751 0.264017 0.245553 0.282028 0.370675 -0.282329 -0.376039 0.159218 0.007189 0.066425 0.098750 0.290418 0.279607 -0.277030 -0.410750 -0.170886 -0.326045 -0.327195 -0.311376 -0.239096 -0.307488 -0.317097 -0.409998 -0.252138 -0.413345 -0.086357 -0.126852 -0.136992 -0.122622 -0.288157 -0.244526 -0.138839 -0.488260 -0.029828 -0.395307 0.074296 -0.552661 -0.197349 -0.123445 0.063734 0.211344 0.387260 0.333567 0.255886 0.331643 0.252809 0.306580 0.140114 0.187933 0.085113 -0.040773 0.112531 -0.134799 -0.046747 0.354640 -0.037305 -0.430453 -0.084757 0.033995 0.122509 -0.098937 -0.109853 -0.140390 -0.188078 -0.109780 0.049287 -0.013802 -0.120932 -0.040696 -0.160098 -0.332037 -0.011339 -0.045395 0.029327 0.046741 0.006628 0.152611 0.113295 -0.023349 0.133170 0.052029 -0.100008 -0.326267 -0.157238 -0.082338 0.047780 -0.052961
0.215292 0.262574 0.232017 0.278255 0.213571 0.232315 0.175604 0.128251 0.403995 0.116776 0.036376 0.306746 0.056529 0.347771 0.307426 0.547484 0.097493 0.164906 0.547790 0.474327 1.000000 0.490145 0.121230 0.256231 0.127505 0.447586 0.307491 0.609809 0.461252 0.714402 0.456468 0.463667 0.445556 0.545483 -0.524982 -0.408021 0.168803 0.049716 -0.104679 -0.043839 0.248272 0.378053 -0.428996 -0.512638 -0.260089 -0.368293 -0.340053 -0.287639 -0.395052 -0.350359 -0.495574 -0.512202 -0.459849 -0.441775 -0.265269 -0.270674 0.168041 -0.083272 -0.301308 -0.308356 0.003125 -0.365169 0.143297 -0.157836 0.007243 -0.586387 -0.531099 -0.500855 0.027975 -0.075584 0.509454 0.497906 0.501200 0.686160 0.458758 0.587757 0.263464 0.320717 0.129332 0.236212 0.180858 0.192468 0.063972 0.505159 -0.127375 -0.389522 0.073099 0.015847 -0.065767 -0.196903 -0.327399 -0.222414 -0.133084 -0.136688 -0.132357 -0.143250 -0.209121 -0.303606 -0.364628 -0.379439 -0.231724 0.013086 0.145309 -0.058187 -0.001489 -0.103405 -0.001598 -0.040592 -0.008666 -0.256273 -0.475530 -0.434855 -0.389525 0.183563 -0.280190 -0.153406
0.295059 0.124680 0.121055 0.005621 0.258334 0.267647 0.122387 -0.250064 -0.003614 -0.017975 -0.016485 0.005976 0.050143 -0.008846 -0.151138 0.365028 -0.045123 0.111639 0.177418 0.162082 0.490145 1.000000 -0.033304 0.061280 0.331322 0.526761 0.457082 0.464739 -0.060944 0.151505 0.090334 0.068718 0.088649 0.070994 -0.186217 -0.155708 -0.097922 0.013197 -0.190790 -0.035862 -0.244703 -0.083560 -0.177801 -0.105441 -0.269496 -0.250063 -0.085626 0.013530 -0.226175 -0.172433 -0.245421 -0.079032 -0.085343 0.078172 -0.076787 0.049872 0.327036 -0.013945 -0.111468 -0.032995 -0.041025 0.020065 0.168533 -0.005069 -0.242509 -0.202678 -0.241166 -0.275030 0.028464 0.056211 0.124368 0.163053 -0.076675 0.136638 -0.103355 0.113294 0.125198 0.059236 0.186426 0.107368 0.014362 0.040895 0.008165 0.153386 -0.252151 -0.016516 0.122649 0.257355 -0.204034 0.258820 -0.199103 0.175979 -0.040448 0.087933 -0.053353 -0.077121 -0.070310 0.061126 -0.117383 0.083879 -0.006966 0.128414 0.082597 0.221098 0.203367 0.056691 0.085992 0.264477 -0.000797 -0.113800 -0.108429 -0.141089 0.069063 0.105247 0.018737 -0.193628
-0.296762 -0.616246 0.859676 0.687718 0.309073 0.322045 0.777466 0.571459 0.272196 0.223783 0.212329 -0.050852 0.419676 0.190892 0.395830 0.395344 -0.225382 -0.442238 0.346865 0.100470 0.121230 -0.033304 1.000000 0.717702 0.046456 -0.074690 0.440168 0.399487 0.115558 0.028964 0.703890 0.668719 -0.097692 -0.068382 -0.204442 -0.544149 -0.488358 -0.445807 -0.331446 -0.376709 -0.145450 -0.075058 0.309148 0.108220 0.224999 -0.018182 0.191427 0.059937 0.213939 0.318916 0.160320 0.264082 0.151354 0.331898 -0.194550 -0.148137 -0.485835 -0.576106 -0.401287 -0.218333 -0.431830 -0.416677 -0.375252 -0.531300 -0.142730 -0.040561 -0.270650 -0.255614 -0.100550 -0.329064 0.471599 0.529903 0.174115 0.174957 0.156337 0.074037 -0.398175 -0.343058 -0.336888 -0.540571 -0.389930 -0.557133 -0.405258 -0.308388 -0.428063 -0.054592 -0.369035 -0.572196 -0.393863 -0.190742 -0.184914 -0.210617 -0.007983 -0.067126 -0.429316 -0.542321 -0.604182 -0.333699 -0.439884 -0.134616 -0.104406 -0.003375 -0.343774 -0.079118 -0.351362 -0.104280 -0.714963 -0.165099 -0.363974 -0.315962 -0.209910 -0.090250 0.104124 -0.055259 -0.151300 -0.219359
-0.201339 -0.213965 0.723265 0.725639 0.366496 0.263117 0.512738 0.645154 0.172155 0.261297 0.138179 0.095739 0.130393 0.234332 0.440819 0.375185 -0.128068 -0.326144 0.386885 0.377977 0.256231 0.061280 0.717702 1.000000 0.072499 0.168568 0.354855 0.354391 0.137516 0.134907 0.497349 0.531429 -0.025263 0.100509 -0.339160 -0.428301 -0.155195 -0.183176 -0.027625 -0.110982 0.112705 0.233388 -0.051884 -0.233495 0.058011 -0.057754 -0.172975 -0.162086 0.031646 0.020442 0.031180 -0.065109 0.045828 -0.040067 -0.152337 -0.221789 -0.389360 -0.332412 -0.343732 -0.258200 -0.336663 -0.507295 -0.380856 -0.524567 0.025939 -0.276553 -0.304578 -0.099641 -0.038424 0.088710 0.347170 0.353336 0.212847 0.274504 0.286562 0.240409 -0.140655 -0.160656 -0.344582 -0.364434 -0.325876 -0.406830 -0.069527 0.094131 -0.194650 -0.236965 -0.114010 -0.221141 -0.028070 -0.134682 0.019278 -0.157022 -0.106333 -0.153919 -0.261562 -0.388512 -0.416895 -0.305172 -0.313144 -0.349320 -0.223365 -0.158152 -0.416861 -0.204892 -0.338433 -0.047999 -0.311608 -0.177072 -0.249950 -0.141513 -0.133053 -0.202435 -0.173858 -0.345501 -0.002778 -0.091243
-0.188299 -0.216772 0.113005 0.182002 0.687440 0.726925 0.134108 -0.104778 0.392158 0.456567 -0.256511 -0.349087 -0.092161 -0.339097 -0.137926 0.016640 -0.116702 -0.229744 0.192958 0.044187 0.127505 0.331322 0.046456 0.072499 1.000000 0.781589 0.697958 0.434367 -0.337172 -0.107661 -0.055408 -0.199766 -0.082301 -0.286394 0.116206 0.158054 -0.111442 0.169285 0.066609 0.229603 -0.341202 0.072039 -0.007545 0.012726 -0.036011 -0.076275 0.232497 0.001515 0.090651 0.013610 0.020701 0.033324 0.167051 0.259155 0.188003 0.258090 -0.031247 -0.038729 -0.217652 -0.110586 -0.241352 -0.267303 -0.256013 -0.399696 -0.219036 -0.266333 -0.166746 -0.060130 0.043985 -0.077532 -0.101194 -0.152892 -0.275551 -0.125077 -0.273011 -0.110459 -0.084448 -0.075739 -0.088522 -0.175857 -0.243652 -0.341478 -0.183137 -0.092703 -0.239449 -0.211653 -0.060884 0.075871 -0.207230 0.155110 0.192891 0.387965 0.398084 0.473233 0.310746 0.112203 0.308758 0.264439 0.327350 0.317111 0.444479 0.341311 0.147329 0.389735 0.431328 0.401445 0.065697 -0.075077 0.332858 0.064218 0.375828 0.455377 0.523068 0.258205 0.373351 0.129755
-0.085653 0.061426 0.037948 0.195733 0.525508 0.663436 -0.034480 -0.092999 0.330136 0.381750 -0.281286 -0.045852 -0.171111 -0.060448 0.023453 0.305047 -0.096534 0.042913 0.281056 0.163703 0.447586 0.526761 -0.074690 0.168568 0.781589 1.000000 0.641993 0.594342 -0.115162 0.284104 0.040064 -0.063402 0.051577 -0.042568 -0.117028 -0.016969 0.036973 0.233260 0.057097 0.224810 -0.133003 0.246292 -0.247541 -0.269708 -0.146024 -0.248520 -0.025596 -0.169833 -0.115746 -0.177122 -0.159121 -0.221260 -0.036898 -0.033095 0.067770 0.133109 0.082771 -0.027460 -0.181800 -0.223090 -0.058304 -0.315769 -0.078192 -0.286335 -0.064029 -0.386816 -0.336904 -0.260176 0.000857 -0.071195 0.008060 0.054013 -0.046908 0.215829 -0.006905 0.230450 0.057945 0.170969 0.010309 0.066557 -0.127179 -0.060448 -0.100257 0.208483 -0.126875 -0.233600 0.059790 0.196903 -0.078794 0.119504 0.047827 0.179024 0.192129 0.241921 0.241442 0.153572 0.175204 0.153393 0.117536 0.072053 0.289055 0.205930 0.216686 0.258289 0.342251 0.259879 0.122418 0.093844 0.323030 0.054803 0.117797 0.186138 0.272062 0.210214 0.232191 -0.001413
-0.309896 -0.359923 0.445043 0.465203 0.721663 0.806193 0.447176 0.129695 0.359857 0.439317 -0.162784 -0.220660 0.053378 -0.123763 0.151197 0.425611 -0.273943 -0.259241 0.454002 0.203423 0.307491 0.457082 0.440168 0.354855 0.697958 0.641993 1.000000 0.734420 -0.169267 0.071104 0.288688 0.149358 -0.104806 -0.198694 -0.039211 -0.172522 -0.323434 -0.073622 -0.157792 -0.053107 -0.314559 0.013062 0.036508 -0.026569 -0.001467 -0.212558 0.183940 -0.000337 0.051699 0.051409 -0.023966 0.069668 0.102626 0.296307 -0.028065 0.149980 -0.270749 -0.244308 -0.359271 -0.265107 -0.355495 -0.353102 -0.308773 -0.515605 -0.172574 -0.185153 -0.420894 -0.316059 -0.137952 -0.257352 0.161841 0.238746 -0.099003 0.054110 -0.093276 0.100645 -0.218248 -0.084601 -0.160492 -0.255040 -0.331122 -0.433415 -0.402694 -0.143622 -0.358673 -0.089120 -0.301292 -0.147729 -0.312436 0.059233 -0.053343 0.214209 0.196664 0.335379 0.038881 -0.076537 -0.145866 0.095017 -0.047348 0.128104 0.338334 0.287994 0.113685 0.417820 0.244743 0.279026 -0.294958 0.112396 0.066908 -0.110951 0.098377 0.177369 0.473474 0.236339 0.197727 -0.129484
-0.204486 -0.194004 0.370504 0.513962 0.401918 0.699845 0.313864 0.237451 0.477506 0.440754 -0.149495 0.191944 0.022201 0.282799 0.166484 0.550288 -0.197755 -0.107281 0.637262 0.453233 0.609809 0.464739 0.399487 0.354391 0.434367 0.594342 0.734420 1.000000 0.097166 0.391989 0.563351 0.472436 0.197684 0.159895 -0.333121 -0.507618 -0.242704 -0.236289 -0.321962 -0.202687 -0.111939 0.077983 -0.071252 -0.270012 -0.091304 -0.439077 -0.037903 -0.279973 -0.073928 -0.117081 -0.167220 -0.172346 -0.131558 -0.047564 -0.243271 -0.149422 -0.145284 -0.488557 -0.222561 -0.411966 -0.108408 -0.544622 -0.052112 -0.507217 0.025823 -0.423372 -0.364437 -0.458172 -0.041227 -0.309375 0.445541 0.584743 0.156979 0.398338 0.188246 0.325278 -0.205126 -0.015312 0.018339 -0.218385 -0.118962 -0.316597 -0.395792 0.091440 -0.257168 -0.229826 -0.278772 -0.182913 -0.334210 -0.215109 -0.249810 -0.123710 0.095458 0.128090 -0.166965 -0.206029 -0.353836 -0.153224 -0.290606 -0.175491 0.279614 0.211902 0.316369 0.273967 0.190880 0.047802 -0.326959 0.030560 -0.004166 -0.128151 -0.282512 -0.165881 0.213275 0.247602 -0.152705 -0.259845
0.383588 0.238614 0.131356 -0.017962 -0.129985 -0.152215 0.113166 0.050862 0.218744 -0.069943 0.616651 0.328475 0.521436 0.446884 0.415365 0.306977 0.710151 0.426403 0.165103 0.273708 0.461252 -0.060944 0.115558 0.137516 -0.337172 -0.115162 -0.169267 0.097166 1.000000 0.640306 0.486654 0.511368 0.304253 0.443991 -0.632468 -0.382097 0.560739 0.119055 0.184512 0.010004 0.689901 0.521391 -0.462366 -0.461850 -0.353347 -0.416816 -0.381428 -0.017685 -0.609396 -0.476773 -0.624230 -0.565009 -0.500709 -0.498664 -0.082810 -0.177431 0.163362 -0.116405 -0.299871 -0.240071 0.001949 -0.210413 0.368493 0.161648 -0.076175 -0.458149 -0.514588 -0.576084 0.075287 -0.095069 0.604602 0.419423 0.954856 0.665339 0.850254 0.645920 0.595451 0.505121 0.510440 0.387535 0.608802 0.477408 0.411630 0.445022 0.195561 -0.294088 0.218161 -0.013882 0.313049 -0.200520 -0.317427 -0.436403 -0.445026 -0.444225 -0.144000 0.046530 -0.053624 -0.278610 -0.273947 -0.350725 -0.423587 -0.301168 -0.045547 -0.354876 -0.339369 -0.420360 -0.169798 0.032366 -0.166540 -0.101187 -0.432489 -0.469884 -0.510810 -0.087597 -0.457130 0.002742
0.264405 0.321627 0.104212 0.084159 0.016811 0.096737 0.058926 0.078875 0.417505 0.090629 0.092751 0.495111 0.136499 0.551280 0.269333 0.597878 0.236244 0.476405 0.442146 0.309751 0.714402 0.151505 0.028964 0.134907 -0.107661 0.284104 0.071104 0.391989 0.640306 1.000000 0.451832 0.480034 0.352102 0.530336 -0.560234 -0.328467 0.369516 0.239779 -0.028759 0.019270 0.408134 0.598419 -0.475063 -0.512964 -0.280590 -0.369634 -0.336345 -0.231381 -0.537685 -0.424162 -0.611716 -0.600058 -0.542170 -0.526025 -0.286092 -0.242136 0.137674 -0.145694 -0.305851 -0.420112 0.096094 -0.330418 0.208398 -0.010617 0.051745 -0.556576 -0.620180 -0.642589 -0.050885 -0.256231 0.579090 0.587934 0.735264 0.937979 0.741876 0.886714 0.421046 0.690233 0.240721 0.473355 0.273569 0.464725 0.126423 0.615066 -0.026776 -0.275670 0.048901 -0.070460 0.002985 -0.221310 -0.385425 -0.406762 -0.271741 -0.347315 -0.047013 0.120512 -0.175493 -0.252835 -0.379979 -0.463915 -0.387071 -0.187141 0.175034 -0.253123 -0.104048 -0.299144 -0.123391 0.031046 0.105149 -0.035189 -0.490710 -0.433276 -0.429207 0.179592 -0.386055 -0.128263
-0.103724 -0.341758 0.578685 0.564197 0.113976 0.167459 0.540064 0.482777 0.366855 0.116802 0.258868 0.346577 0.486173 0.573854 0.374395 0.561460 0.042307 -0.097363 0.465885 0.264017 0.456468 0.090334 0.703890 0.497349 -0.055408 0.040064 0.288688 0.563351 0.486654 0.451832 1.000000 0.944200 0.201566 0.315799 -0.539310 -0.800526 -0.308596 -0.572472 -0.524877 -0.587618 0.005348 -0.027294 0.155039 -0.078191 0.172109 -0.172880 0.117831 -0.010347 -0.030565 0.110453 -0.088970 -0.045794 -0.104235 -0.035507 -0.382333 -0.456601 -0.208891 -0.667834 -0.259337 -0.423792 -0.056961 -0.480061 0.070758 -0.383051 0.097266 -0.325858 -0.428701 -0.585903 -0.095073 -0.469862 0.846641 0.866020 0.539946 0.557639 0.462819 0.423415 -0.140923 -0.071959 0.011306 -0.315714 -0.005408 -0.263104 -0.316615 -0.053252 -0.199370 -0.303067 -0.390768 -0.539889 -0.315324 -0.498815 -0.377200 -0.552575 -0.124841 -0.293712 -0.565367 -0.576310 -0.656455 -0.532795 -0.548497 -0.424140 -0.129921 -0.179209 -0.018056 -0.294344 -0.406348 -0.416739 -0.644192 -0.235842 -0.322234 -0.424869 -0.555769 -0.330676 -0.080797 0.030078 -0.493836 -0.400017
-0.042259 -0.264526 0.554651 0.559593 0.017958 0.024900 0.478849 0.556753 0.316061 0.068635 0.280405 0.457119 0.434677 0.653105 0.359250 0.579089 0.022474 -0.064411 0.430085 0.245553 0.463667 0.068718 0.668719 0.531429 -0.199766 -0.063402 0.149358 0.472436 0.511368 0.480034 0.944200 1.000000 0.183371 0.399467 -0.593039 -0.750933 -0.236676 -0.524692 -0.447936 -0.558740 0.101212 0.032625 0.131732 -0.092698 0.154304 -0.108221 0.039662 -0.046973 -0.036624 0.069312 -0.053436 -0.069905 -0.083562 -0.116839 -0.388197 -0.516287 -0.213043 -0.643562 -0.200497 -0.437313 -0.010948 -0.461869 0.052765 -0.332037 0.157166 -0.316685 -0.417808 -0.529961 -0.097567 -0.385701 0.821152 0.855886 0.570467 0.591348 0.537324 0.475543 -0.094160 -0.019964 -0.050504 -0.265189 -0.015259 -0.222206 -0.227325 0.060962 -0.124117 -0.267166 -0.328007 -0.488779 -0.216581 -0.513691 -0.366080 -0.623427 -0.232353 -0.401938 -0.598052 -0.567823 -0.686046 -0.580953 -0.629950 -0.558223 -0.262335 -0.279095 -0.084864 -0.380169 -0.461487 -0.508125 -0.606734 -0.263763 -0.355772 -0.441901 -0.650112 -0.487109 -0.286323 -0.063536 -0.536051 -0.406250
0.496006 0.453385 0.079725 -0.027399 0.119366 -0.045501 0.050924 0.125902 0.342994 0.121400 0.195637 0.388156 0.035177 0.296644 -0.021182 0.288311 0.253179 0.122413 0.265739 0.282028 0.445556 0.088649 -0.097692 -0.025263 -0.082301 0.051577 -0.104806 0.197684 0.304253 0.352102 0.201566 0.183371 1.000000 0.840418 -0.358197 -0.131592 0.179569 -0.084817 -0.222280 -0.147818 0.077403 0.199779 -0.473037 -0.437574 -0.237103 -0.183217 -0.450797 -0.386233 -0.290430 -0.341729 -0.420495 -0.532971 -0.405370 -0.561889 -0.433112 -0.561524 0.475955 0.122990 -0.026439 -0.126128 0.184976 0.036800 0.234995 0.138845 0.049059 -0.329221 -0.146291 -0.243866 0.447203 0.064377 0.315639 0.140343 0.331556 0.379143 0.303808 0.281598 0.391362 0.206681 0.345484 0.198556 0.234213 0.226258 0.201616 0.363386 -0.038085 -0.483033 0.030514 0.061214 -0.033061 -0.358411 -0.137380 -0.170628 -0.042709 -0.126629 -0.281322 -0.222179 -0.095035 -0.495762 -0.173580 -0.282425 -0.232886 -0.002251 0.097987 -0.108971 -0.019229 -0.216986 0.138045 -0.180760 -0.122398 -0.345905 -0.440391 -0.329367 -0.460841 0.077483 -0.228905 -0.094593
0.432991 0.482010 0.097061 0.071468 -0.024293 -0.230039 0.063942 0.278683 0.204425 -0.025053 0.240414 0.585809 0.051092 0.458804 0.067632 0.391403 0.240360 0.232159 0.344777 0.370675 0.545483 0.070994 -0.068382 0.100509 -0.286394 -0.042568 -0.198694 0.159895 0.443991 0.530336 0.315799 0.399467 0.840418 1.000000 -0.446441 -0.201100 0.235632 -0.086888 -0.203838 -0.232256 0.201457 0.296214 -0.425437 -0.438007 -0.179608 -0.125388 -0.443960 -0.360476 -0.345788 -0.351009 -0.419183 -0.552401 -0.492210 -0.659367 -0.495787 -0.626094 0.304661 0.004434 -0.037511 -0.288331 0.247396 -0.073532 0.277428 0.127457 0.238793 -0.363689 -0.261689 -0.296062 0.177175 0.040840 0.468510 0.320251 0.477082 0.540713 0.483191 0.477462 0.414269 0.363917 0.282873 0.281687 0.285292 0.308243 0.225399 0.505174 0.054951 -0.440150 -0.058883 -0.038996 0.032026 -0.417098 -0.306739 -0.410309 -0.273156 -0.376627 -0.354863 -0.244033 -0.237878 -0.553061 -0.412816 -0.557876 -0.440864 -0.237270 0.032757 -0.337176 -0.184639 -0.383761 0.100682 -0.188787 -0.199891 -0.334979 -0.567644 -0.542582 -0.638891 -0.071559 -0.371419 -0.250126
-0.375150 -0.276531 -0.273113 -0.278326 -0.160673 -0.114212 -0.159003 -0.362057 -0.430062 -0.272954 -0.422821 -0.415790 -0.307097 -0.614882 -0.314610 -0.509620 -0.418612 -0.241640 -0.296624 -0.282329 -0.524982 -0.186217 -0.204442 -0.339160 0.116206 -0.117028 -0.039211 -0.333121 -0.632468 -0.560234 -0.539310 -0.593039 -0.358197 -0.446441 1.000000 0.520915 -0.255067 0.052227 0.012870 0.093693 -0.400630 -0.413412 0.437074 0.438039 0.216747 0.266455 0.345777 0.067465 0.327239 0.323173 0.433672 0.449400 0.207587 0.459494 0.179979 0.338521 -0.187204 0.169545 0.242678 0.221813 0.123878 0.263415 -0.036588 0.078998 0.163844 0.513338 0.540300 0.542343 -0.164004 -0.035696 -0.554644 -0.451426 -0.690823 -0.611344 -0.627800 -0.544673 -0.412560 -0.289712 -0.121440 -0.181343 -0.171152 -0.151087 -0.299545 -0.439118 -0.017327 0.431840 -0.186624 -0.041679 -0.166338 0.357859 0.044996 0.259908 0.192969 0.212750 0.268313 0.117911 0.211393 0.352710 0.275430 0.309542 0.339759 0.062482 -0.021644 0.132212 0.227288 0.360756 0.151106 0.165864 0.120141 0.171199 0.566783 0.512880 0.486819 0.018703 0.321938 0.020311
0.014961 0.162155 -0.415393 -0.542901 0.037913 -0.123805 -0.330353 -0.375091 -0.162563 -0.044818 -0.185928 -0.338779 -0.280349 -0.546017 -0.347316 -0.407772 0.016106 0.081246 -0.463810 -0.376039 -0.408021 -0.155708 -0.544149 -0.428301 0.158054 -0.016969 -0.172522 -0.507618 -0.382097 -0.328467 -0.800526 -0.750933 -0.131592 -0.201100 0.520915 1.000000 0.298542 0.541698 0.487822 0.452647 -0.051557 0.091867 -0.107879 0.114503 -0.094908 0.267604 0.021283 0.073234 0.022057 -0.082426 0.060155 0.022719 0.101983 0.056433 0.405878 0.377584 0.128586 0.574487 0.185840 0.164676 0.029829 0.313859 -0.138225 0.247668 -0.062165 0.215713 0.228231 0.412684 0.078028 0.343988 -0.667851 -0.713781 -0.371423 -0.436651 -0.304975 -0.307821 0.200803 0.209736 -0.069879 0.287550 -0.029338 0.212681 0.326483 0.012853 0.159837 0.210218 0.237810 0.361533 0.227947 0.388357 0.311088 0.484026 0.134064 0.269447 0.480917 0.482739 0.629863 0.415517 0.470069 0.358649 0.056807 0.117302 -0.024915 0.223193 0.379239 0.316777 0.467959 0.155758 0.266067 0.341696 0.515871 0.386856 0.074956 0.005526 0.316208 0.273147
