1.000000 0.573158 -0.162067 -0.202012 0.080926 0.185827 -0.193692 -0.354452 0.056414 0.074900 0.140567 0.022835 -0.026909 -0.311338 0.179542 -0.080730 0.316391 0.379776 0.151621 0.497905 -0.124472 0.018960 -0.041403 -0.177317 0.050244 -0.150623 0.204302 0.133699 0.089060 0.122130 -0.266455 -0.392589 0.031833 -0.298141 -0.462162 -0.452700 -0.180402 -0.078878 -0.082874 -0.111668 -0.220882 0.143514 -0.277748 -0.324372 -0.267342 -0.360364 -0.267566 -0.300206 0.101575 0.006383 0.014515 0.289478 0.311046 0.069505 -0.113328 -0.194294 0.687551 0.537212 0.508015 0.428355 0.184117 0.239038 0.209261 0.465830 -0.263957 -0.007931 0.086539 -0.220604 0.287352 0.219160 0.104395 -0.238312 -0.021049 0.193309 -0.043628 -0.086674 0.011906 -0.146652 -0.124502 0.018246 0.225522 0.265675 0.113803 0.182467 0.076242 0.093252 -0.116649 0.204458 -0.154955 0.243863 -0.006009 0.118835 -0.131718 0.045252 -0.380513 -0.214624 -0.346780 -0.191578 -0.124229 -0.187352 0.093738 0.343250 -0.092404 -0.052045 -0.217727 -0.293410 -0.197533 -0.168734 0.013783 -0.304057 -0.407280 -0.142101 -0.291924 -0.305910 -0.407477 -0.475427
0.573158 1.000000 -0.669492 -0.222911 -0.190586 0.120293 -0.609672 -0.389584 -0.342589 -0.093308 -0.264152 0.265464 -0.283649 -0.237168 -0.085588 -0.124063 0.344988 0.533659 -0.158637 0.713840 -0.247714 -0.209049 -0.604582 -0.497589 -0.390351 -0.549774 0.102746 -0.101421 0.151840 0.425757 -0.620417 -0.664671 0.159172 -0.324376 -0.415180 -0.536867 0.221051 0.331617 0.260679 0.275780 -0.299133 0.350934 -0.562683 -0.579794 -0.421268 -0.484563 -0.314887 -0.479885 -0.014771 -0.206269 0.054462 0.105878 0.396224 -0.154594 0.281244 0.023025 0.639173 0.803343 0.272913 0.598177 0.107612 0.366789 0.469405 0.645576 -0.481139 0.184512 0.252327 -0.193110 0.709998 0.625691 -0.207262 -0.439247 -0.122153 0.273917 0.127762 0.024589 0.090197 0.012614 0.122521 0.291146 0.541818 0.488358 0.317624 0.485603 0.287573 0.360536 -0.231172 0.393036 0.187280 0.506610 0.097703 -0.306235 0.096848 -0.446180 -0.317926 0.124539 -0.105036 0.149067 0.013871 -0.162032 0.297158 0.084719 0.285775 0.149419 0.118222 -0.099654 -0.071944 -0.128585 0.128836 -0.075620 -0.482554 0.040392 -0.232248 -0.308633 -0.193414 -0.169946
-0.162067 -0.669492 1.000000 0.436465 0.638989 0.089482 0.874255 0.540456 0.720616 0.284528 0.413114 -0.335412 0.533653 0.243461 0.311451 0.197467 -0.452611 -0.569944 0.658136 -0.572193 0.223210 0.290140 0.778114 0.623188 0.684001 0.608356 0.063534 0.082730 -0.147562 -0.434933 0.736077 0.716679 -0.311623 0.333598 0.198117 0.336262 -0.677680 -0.628698 -0.572671 -0.590033 0.073175 -0.243665 0.491360 0.474865 0.427473 0.344420 0.071189 0.215276 0.208307 0.413568 -0.064751 0.172414 -0.303847 0.078173 -0.673851 -0.451926 -0.444883 -0.643522 0.083798 -0.309917 0.195405 0.105191 -0.688938 -0.443122 0.528545 -0.042203 -0.219402 0.010566 -0.740624 -0.689049 0.449005 0.480796 0.121674 -0.098849 -0.202947 0.035063 -0.311979 -0.213925 -0.531294 -0.436021 -0.786564 -0.685316 -0.223353 -0.447587 -0.557820 -0.641777 0.352094 -0.370671 -0.502943 -0.656068 -0.219403 0.349364 -0.303391 0.642475 0.106453 -0.305996 -0.231081 -0.474124 -0.322065 -0.204330 -0.481233 0.042031 -0.659168 -0.347910 -0.392103 -0.225309 -0.094293 -0.068909 -0.215405 -0.151242 0.178019 -0.483760 -0.072745 0.005165 -0.076217 -0.145458
-0.202012 -0.222911 0.436465 1.000000 0.584105 0.317452 0.629303 0.828065 0.435668 0.489020 0.118031 0.290190 0.235982 0.400008 0.470520 0.652668 -0.390471 -0.287260 0.348498 -0.044870 0.363976 0.288839 0.404610 0.617990 0.443928 0.377110 0.142748 0.077701 0.276091 0.201084 0.563960 0.537323 -0.052174 0.335783 0.168842 0.204533 -0.313122 -0.148117 -0.426954 -0.287627 0.233285 0.071655 -0.264781 -0.253989 -0.257124 -0.073516 -0.466862 -0.477080 -0.308801 -0.107264 -0.321546 -0.118176 -0.268132 -0.155458 -0.484766 -0.435281 -0.291546 -0.392012 -0.267227 -0.275134 -0.126320 0.120816 -0.243898 -0.238211 0.307638 0.329854 -0.250976 -0.054225 -0.357604 -0.353342 0.222906 0.461939 0.241759 0.067463 -0.084993 0.146354 -0.251123 -0.105550 -0.324655 -0.268848 -0.319059 -0.286203 0.190708 0.299232 -0.135302 -0.117530 0.153199 0.020426 -0.319288 -0.151987 -0.091286 0.058092 0.108431 0.251467 -0.028373 -0.188265 -0.452664 -0.343420 -0.554111 -0.409900 -0.383319 -0.067188 -0.440903 -0.154111 -0.402477 -0.305237 -0.158397 0.157184 -0.135926 -0.168341 -0.223867 -0.388439 -0.143210 -0.028124 0.053731 -0.065538
0.080926 -0.190586 0.638989 0.584105 1.000000 0.427330 0.706320 0.520091 0.762056 0.503357 0.291346 -0.124264 0.455584 0.221919 0.510204 0.371962 -0.330652 -0.321878 0.521384 -0.012338 0.221649 0.410769 0.539922 0.572049 0.702904 0.508169 0.499040 0.141948 0.206580 -0.002093 0.595826 0.554196 -0.075065 0.429920 -0.010892 0.161556 -0.552863 -0.517305 -0.481318 -0.451259 -0.019631 -0.075276 -0.057569 -0.104833 0.027662 0.036664 -0.380887 -0.391515 -0.027508 0.131965 -0.301282 0.011623 -0.264397 -0.199370 -0.689552 -0.716117 -0.076730 -0.251057 0.205834 -0.044926 0.284422 0.316237 -0.355142 -0.158892 0.282317 0.118161 -0.009088 0.020026 -0.261419 -0.263246 0.426435 0.451783 0.237095 -0.011457 -0.318908 0.038040 -0.379955 -0.209633 -0.337552 -0.340616 -0.496022 -0.411854 0.179378 -0.011176 -0.465267 -0.451914 0.252687 -0.068647 -0.477837 -0.506567 -0.264587 0.016430 -0.330104 0.347817 -0.123057 -0.313971 -0.537240 -0.493272 -0.568676 -0.564411 -0.473639 0.124012 -0.655410 -0.324435 -0.604380 -0.437525 -0.363925 -0.044128 -0.138786 -0.208127 -0.184839 -0.590314 -0.415376 -0.221452 -0.298266 -0.282301
0.185827 0.120293 0.089482 0.317452 0.427330 1.000000 0.135243 0.156802 0.393727 0.771625 0.156390 -0.084383 0.246435 0.012581 0.164480 0.529400 0.212467 0.180521 0.023244 0.318780 0.340491 0.433551 0.134033 0.193975 0.482705 0.463681 0.611597 0.500882 0.074639 0.165864 0.201654 0.053817 -0.102487 -0.041237 -0.205323 -0.175041 -0.192711 -0.012405 -0.093827 0.000647 -0.044575 0.315403 -0.258202 -0.248125 -0.095906 -0.075197 -0.385427 -0.338690 -0.173085 -0.054240 -0.198560 -0.174089 -0.086986 -0.303866 -0.325979 -0.411423 0.196331 0.168997 0.212038 0.268782 -0.023579 0.143910 -0.062185 0.073380 -0.028216 0.148841 0.032049 -0.056344 0.191446 0.154425 0.296023 0.135925 -0.045589 0.221969 -0.277449 0.132117 -0.339311 -0.320876 -0.126468 -0.004410 0.014367 -0.053908 0.123208 0.213360 0.020445 -0.157574 0.163826 0.280662 -0.184729 0.042764 -0.131419 -0.122879 0.101410 0.053194 -0.262922 -0.364700 -0.474796 -0.310035 -0.376582 -0.418335 -0.089730 -0.076343 -0.368001 -0.241875 -0.442746 -0.415280 -0.194671 0.011052 0.078637 -0.386631 -0.133745 -0.330287 -0.301504 -0.362411 -0.357853 -0.404166
-0.193692 -0.609672 0.874255 0.629303 0.706320 0.135243 1.000000 0.750528 0.648164 0.340773 0.434002 -0.028679 0.618405 0.446496 0.384664 0.395957 -0.415626 -0.472364 0.537364 -0.492003 0.299712 0.396751 0.701753 0.670586 0.637294 0.547501 -0.018438 0.003175 0.177412 -0.103437 0.833060 0.807155 -0.218916 0.469018 0.113966 0.324113 -0.576422 -0.467398 -0.590411 -0.547322 0.162882 -0.107156 0.207943 0.184966 0.194511 0.250255 -0.087436 -0.022806 0.005355 0.206707 -0.182526 0.026397 -0.273841 0.029845 -0.641032 -0.499952 -0.461404 -0.625660 -0.155167 -0.381839 0.072123 0.052183 -0.507862 -0.457927 0.396088 -0.049894 -0.316257 -0.019041 -0.739848 -0.670510 0.489646 0.599422 0.377841 0.015951 -0.106848 0.145397 -0.246930 -0.123253 -0.420314 -0.365059 -0.717707 -0.642170 -0.048396 -0.173252 -0.542920 -0.499155 0.241513 -0.372898 -0.577727 -0.573037 -0.156984 0.272410 -0.246992 0.573989 0.007204 -0.283535 -0.320000 -0.474471 -0.346997 -0.236820 -0.487486 0.014224 -0.658989 -0.370835 -0.486174 -0.289261 -0.115925 -0.031836 -0.285367 -0.082008 0.007306 -0.453619 -0.054110 0.009178 -0.024815 -0.082728
-0.354452 -0.389584 0.540456 0.828065 0.520091 0.156802 0.750528 1.000000 0.336107 0.234731 0.215491 0.303286 0.404007 0.657449 0.229437 0.490775 -0.376990 -0.369742 0.302559 -0.292625 0.221485 0.332449 0.343814 0.549123 0.354841 0.302738 -0.056464 -0.034134 0.239060 0.192767 0.630639 0.652241 -0.162039 0.400926 0.225205 0.226375 -0.360812 -0.189363 -0.508850 -0.440543 0.342470 0.087818 -0.022016 -0.016068 -0.051721 0.122172 -0.202638 -0.191480 -0.109117 0.056778 -0.123051 -0.025196 -0.157538 0.016891 -0.422738 -0.365423 -0.519309 -0.612626 -0.381110 -0.367698 -0.154029 0.084970 -0.311898 -0.460569 0.221239 0.194096 -0.401409 -0.104754 -0.606364 -0.533405 0.295734 0.564968 0.351131 0.062282 0.020450 0.228623 -0.129645 -0.015564 -0.306729 -0.308659 -0.507124 -0.471702 -0.019061 0.070717 -0.313131 -0.251508 0.210692 -0.145019 -0.359084 -0.340276 0.033077 0.151665 0.127596 0.345746 0.081810 -0.234313 -0.253691 -0.407560 -0.309715 -0.180240 -0.234225 0.069922 -0.355439 -0.153538 -0.296803 -0.245790 -0.133117 0.238800 -0.257869 -0.007852 -0.084716 -0.259647 0.064177 0.127129 0.161313 0.123045
0.056414 -0.342589 0.720616 0.435668 0.762056 0.393727 0.648164 0.336107 1.000000 0.678529 0.269480 -0.253347 0.367469 0.053102 0.509494 0.481450 -0.317675 -0.395371 0.486074 -0.200105 0.488529 0.471065 0.726885 0.683414 0.839263 0.716734 0.287821 0.155405 0.075022 -0.242314 0.678868 0.574004 -0.259899 0.282397 -0.002598 0.197081 -0.586241 -0.460776 -0.466885 -0.333973 0.055308 -0.215097 0.113709 0.106172 0.130254 0.031247 -0.131378 -0.054794 -0.013329 0.158936 -0.318266 0.035987 -0.355241 -0.051957 -0.668761 -0.455701 -0.139545 -0.320927 0.201881 -0.143625 0.101312 0.197010 -0.537836 -0.228275 0.384790 -0.010314 -0.136965 0.044585 -0.393955 -0.400083 0.503223 0.364028 0.022406 -0.063870 -0.446120 0.050765 -0.388713 -0.193664 -0.483888 -0.206338 -0.553739 -0.401535 -0.125200 -0.077672 -0.361779 -0.519122 0.297061 -0.172052 -0.416951 -0.362574 -0.167290 0.258462 -0.180727 0.497943 -0.233602 -0.314372 -0.468932 -0.464268 -0.446721 -0.369718 -0.423869 0.020939 -0.627209 -0.371104 -0.526829 -0.317923 -0.235509 0.034000 0.027503 -0.403732 0.126988 -0.429019 -0.159274 -0.188868 -0.164107 -0.414895
0.074900 -0.093308 0.284528 0.489020 0.503357 0.771625 0.340773 0.234731 0.678529 1.000000 0.160858 -0.037292 0.222761 0.044473 0.483487 0.674084 -0.002813 0.025936 0.132043 0.060612 0.612536 0.485605 0.432758 0.508374 0.706311 0.662475 0.486604 0.367815 0.153003 0.088220 0.474642 0.355277 -0.220238 0.084016 -0.138866 -0.013992 -0.245014 -0.021383 -0.167230 -0.018034 0.091903 0.142607 -0.215938 -0.183808 -0.146819 -0.166022 -0.353805 -0.305332 -0.279079 -0.074286 -0.389115 -0.173941 -0.246294 -0.221694 -0.448982 -0.322586 0.070565 -0.024944 0.128282 0.022639 -0.060528 0.076718 -0.303439 -0.097810 0.203337 0.111888 -0.119475 -0.078275 -0.065233 -0.091593 0.418728 0.297355 0.001742 0.132686 -0.311451 0.133965 -0.280446 -0.197682 -0.261784 -0.042635 -0.164850 -0.130979 0.090112 0.252902 -0.068916 -0.183019 0.069705 0.122664 -0.222956 0.041206 -0.162998 0.029899 0.088121 0.234208 -0.263607 -0.303583 -0.511615 -0.353930 -0.491729 -0.370065 -0.239395 -0.119902 -0.464481 -0.303119 -0.492781 -0.371707 -0.153858 0.008246 0.114817 -0.424510 -0.077814 -0.322351 -0.117510 -0.344154 -0.175170 -0.448182
0.140567 -0.264152 0.413114 0.118031 0.291346 0.156390 0.434002 0.215491 0.269480 0.160858 1.000000 0.160889 0.802988 0.432113 0.343715 0.219934 0.096099 -0.091497 0.210748 -0.213987 0.236041 0.207947 0.327704 0.243032 0.266206 0.268004 -0.027443 0.201001 -0.126056 -0.087430 0.283433 0.199831 -0.238428 -0.041068 -0.214510 -0.073889 -0.368502 -0.342292 -0.365430 -0.459907 0.307927 -0.039028 0.155601 0.198251 0.187827 0.188593 -0.089033 0.031623 0.181092 0.141970 0.099593 -0.021868 -0.041084 -0.085934 -0.255746 -0.181958 -0.181565 -0.289241 0.035217 -0.162155 0.151409 -0.089580 -0.152603 -0.219376 -0.039050 -0.068123 -0.115506 -0.024842 -0.396976 -0.144453 0.228601 0.306338 0.196057 0.037874 0.001466 0.142232 -0.223916 -0.400077 -0.131485 -0.028523 -0.294684 -0.218567 -0.207848 -0.265940 -0.294197 -0.092612 0.284659 -0.256304 -0.347423 -0.380743 -0.207197 0.078891 -0.183585 0.390746 0.140510 -0.301708 -0.110015 -0.209638 -0.160680 -0.096402 -0.204059 0.152960 -0.491726 -0.331700 -0.511364 -0.088122 -0.338054 0.024153 -0.238059 0.058374 -0.046143 -0.382690 0.008081 -0.132545 -0.058835 0.084748
0.022835 0.265464 -0.335412 0.290190 -0.124264 -0.084383 -0.028679 0.303286 -0.253347 -0.037292 0.160889 1.000000 0.109999 0.556955 0.229026 0.336515 0.042482 0.319158 -0.351597 0.118732 0.158603 0.043669 -0.167419 0.047155 -0.224990 -0.173093 -0.263360 0.056350 0.420831 0.663871 0.001879 -0.072311 -0.042420 -0.128810 -0.134961 -0.181654 0.256365 0.384664 -0.072762 0.045513 0.434999 0.261691 -0.545159 -0.499523 -0.551136 -0.376698 -0.266748 -0.370818 -0.202933 -0.378171 -0.062247 -0.111961 0.284313 0.009213 0.239232 0.166774 -0.077086 0.013930 -0.530520 -0.224208 -0.389525 -0.111772 0.295427 0.002135 -0.430695 -0.014637 -0.334296 -0.238842 -0.050740 0.141155 0.047499 0.218420 0.412189 0.332992 0.377653 0.387684 0.215277 0.060260 0.048309 0.170300 0.153734 0.222234 0.163614 0.488349 0.241836 0.502224 -0.036752 0.161499 -0.037036 0.320202 0.272158 0.102254 0.310135 -0.005527 -0.138891 0.080933 -0.099832 0.066579 -0.023175 0.085414 0.139676 0.148535 0.051328 0.075293 -0.061613 0.028771 -0.071594 0.192031 -0.193825 0.201536 -0.370674 0.089175 0.322517 -0.042171 0.289560 0.286200
-0.026909 -0.283649 0.533653 0.235982 0.455584 0.246435 0.618405 0.404007 0.367469 0.222761 0.802988 0.109999 1.000000 0.602532 0.183891 0.305661 -0.016393 -0.198632 0.270750 -0.297943 0.208522 0.340469 0.285666 0.220459 0.403884 0.302803 0.013361 0.105636 0.059991 0.011365 0.446999 0.377168 -0.228411 0.152592 -0.121110 -0.074055 -0.477844 -0.348497 -0.382394 -0.495689 0.207167 0.057786 0.181555 0.198355 0.287669 0.288543 -0.011884 0.056060 0.269130 0.256963 0.129497 0.055420 0.009509 -0.051652 -0.335274 -0.349424 -0.236137 -0.328158 -0.030050 -0.113998 0.216829 0.102241 -0.259461 -0.276035 -0.045117 -0.042904 -0.171599 -0.140508 -0.497978 -0.293053 0.359739 0.442630 0.353783 0.089521 -0.022629 0.142534 -0.254188 -0.385475 -0.273408 -0.204684 -0.481585 -0.442317 -0.217294 -0.205350 -0.522238 -0.282414 0.195934 -0.323467 -0.525106 -0.584134 -0.206378 0.074560 -0.242190 0.341674 -0.020724 -0.316789 -0.149584 -0.341968 -0.161123 -0.187514 -0.231603 -0.013142 -0.617461 -0.412928 -0.493229 -0.215304 -0.234498 -0.035191 -0.290549 -0.021256 -0.086638 -0.431058 -0.090766 -0.188749 -0.106150 -0.012634
-0.311338 -0.237168 0.243461 0.400008 0.221919 0.012581 0.446496 0.657449 0.053102 0.044473 0.432113 0.556955 0.602532 1.000000 0.127118 0.317545 -0.010800 -0.052524 -0.062708 -0.324028 0.224673 0.250126 0.106915 0.305346 0.162394 0.149575 -0.155277 -0.016493 0.280576 0.376263 0.454799 0.442806 -0.179869 0.201718 -0.053505 -0.001463 -0.140397 0.008306 -0.273302 -0.260628 0.442271 0.084158 -0.035555 0.010016 -0.051224 0.040892 -0.038632 -0.010009 0.015369 0.005095 -0.017317 -0.023453 0.135664 0.099640 -0.099576 -0.042318 -0.396948 -0.455478 -0.415792 -0.293806 -0.227782 -0.057438 -0.173772 -0.480789 -0.253518 -0.114271 -0.372613 -0.262927 -0.461422 -0.228185 0.255650 0.540768 0.543094 0.099051 0.257435 0.338686 0.119475 0.035157 -0.033276 -0.140806 -0.309040 -0.258692 -0.051677 0.017272 -0.324704 -0.070050 0.158653 -0.097219 -0.317676 -0.338987 0.023901 0.102705 0.015192 0.182265 0.169014 -0.055971 -0.004532 -0.074020 -0.124775 0.034176 -0.065490 0.027415 -0.209456 -0.137807 -0.163570 -0.074102 -0.071740 0.209377 -0.292409 0.190639 -0.056103 -0.110016 0.246660 0.059367 0.285829 0.265862
0.179542 -0.085588 0.311451 0.470520 0.510204 0.164480 0.384664 0.229437 0.509494 0.483487 0.343715 0.229026 0.183891 0.127118 1.000000 0.486246 -0.287674 -0.147511 0.197820 -0.055754 0.411367 0.206932 0.584720 0.580078 0.464022 0.399754 0.291568 0.246042 0.191602 0.017410 0.349708 0.293659 -0.199513 0.090882 -0.231624 0.117012 -0.192068 -0.140802 -0.302471 -0.119543 0.141668 -0.127224 -0.291006 -0.261920 -0.351425 -0.337978 -0.374957 -0.433648 -0.236383 -0.133662 -0.255469 0.008198 -0.052596 -0.037248 -0.385836 -0.267744 -0.029977 -0.091516 -0.006807 -0.249804 -0.045914 -0.102396 -0.230069 -0.192547 0.211407 0.029682 -0.171194 -0.083603 -0.130678 -0.091250 0.211432 0.278692 0.067161 0.056658 -0.091927 0.148866 -0.082528 -0.041784 -0.156758 -0.065365 -0.192453 -0.092802 0.401039 0.273702 -0.074304 0.016618 0.147831 -0.008366 -0.214385 0.039275 -0.073684 0.142599 -0.077742 0.332169 -0.046097 0.024366 -0.335548 -0.062304 -0.444980 -0.235198 -0.332999 0.111233 -0.492286 -0.117241 -0.379924 -0.191257 -0.273149 -0.178122 0.110863 -0.151414 -0.203748 -0.330951 0.010784 0.009351 0.012772 -0.195401
-0.080730 -0.124063 0.197467 0.652668 0.371962 0.529400 0.395957 0.490775 0.481450 0.674084 0.219934 0.336515 0.305661 0.317545 0.486246 1.000000 -0.070398 -0.040901 0.055374 0.080913 0.585274 0.530998 0.302958 0.452353 0.437723 0.442332 0.177159 0.224399 0.419281 0.304254 0.435210 0.330027 -0.113101 0.179915 -0.097465 0.067120 -0.070192 0.126208 -0.246999 -0.004030 0.278076 0.191586 -0.412118 -0.347242 -0.339182 -0.225215 -0.387236 -0.370105 -0.320265 -0.250066 -0.344740 -0.206021 -0.165381 -0.132579 -0.325294 -0.195693 -0.135533 -0.113558 -0.325062 -0.244317 -0.291159 0.014956 -0.066081 -0.150472 -0.005643 0.044019 -0.334845 -0.114514 -0.175985 -0.135686 0.257010 0.302477 0.223674 0.241493 -0.102784 0.254677 -0.142239 -0.064270 -0.143532 0.125352 -0.080488 -0.001711 0.216997 0.514622 -0.062675 -0.063474 0.074086 0.037678 -0.277429 0.070021 0.048385 0.068426 0.166486 0.206175 -0.278039 -0.131565 -0.430473 -0.193795 -0.329807 -0.232904 -0.203150 -0.039761 -0.377479 -0.174324 -0.330663 -0.289748 -0.116063 0.160586 0.144890 -0.396348 -0.065155 -0.225504 0.024445 -0.049276 0.058582 -0.269022
0.316391 0.344988 -0.452611 -0.390471 -0.330652 0.212467 -0.415626 -0.376990 -0.317675 -0.002813 0.096099 0.042482 -0.016393 -0.010800 -0.287674 -0.070398 1.000000 0.672872 -0.385225 0.371060 -0.123890 -0.048706 -0.389229 -0.386062 -0.254172 -0.190241 0.006891 -0.041013 0.119310 0.272643 -0.306950 -0.405350 0.120233 -0.248560 -0.423103 -0.385774 0.292005 0.243619 0.330953 0.310762 -0.077479 0.092937 -0.222719 -0.223592 -0.148060 -0.239949 -0.034812 0.024991 -0.143999 -0.273988 -0.003371 -0.259837 0.139205 -0.141879 0.326061 0.264489 0.430973 0.457059 0.174576 0.312048 -0.018747 -0.068973 0.398084 0.308046 -0.473125 -0.190137 0.139781 -0.067367 0.390015 0.475878 -0.147334 -0.208104 0.120893 0.052946 0.209331 -0.108871 0.180820 0.061273 0.395642 0.425163 0.562717 0.403242 0.112455 0.007429 0.167277 0.154034 -0.238131 0.128415 0.208430 0.231763 -0.133778 -0.287243 -0.059860 -0.341137 -0.084949 0.071588 0.134945 0.281193 0.165927 0.138529 0.171641 0.032921 0.310461 0.151141 0.099004 0.049370 0.130977 0.013428 0.122233 -0.020648 -0.033744 0.263795 -0.045946 -0.139331 0.011305 -0.087016
0.379776 0.533659 -0.569944 -0.287260 -0.321878 0.180521 -0.472364 -0.369742 -0.395371 0.025936 -0.091497 0.319158 -0.198632 -0.052524 -0.147511 -0.040901 0.672872 1.000000 -0.406405 0.472428 -0.109090 -0.138866 -0.399250 -0.368763 -0.260551 -0.285418 0.064948 0.021048 0.321914 0.631878 -0.353459 -0.482858 0.151532 -0.418339 -0.432005 -0.488087 0.461534 0.443801 0.263616 0.257352 -0.067818 0.283562 -0.432949 -0.416918 -0.341384 -0.467922 -0.033261 -0.130855 -0.083970 -0.255958 -0.052429 -0.030433 0.393942 0.128408 0.305438 0.273718 0.494813 0.639378 -0.020074 0.292623 -0.290956 -0.029839 0.450384 0.506262 -0.659233 -0.392614 -0.062381 -0.312976 0.462001 0.453310 -0.040025 -0.177438 0.320091 0.340700 0.293586 0.109629 0.163946 0.051665 0.357667 0.516787 0.568175 0.555617 0.229177 0.272018 0.247083 0.270630 -0.314192 0.323132 0.020594 0.417639 0.167688 -0.078510 0.079644 -0.209240 -0.149510 0.012029 0.003202 0.199479 0.217688 0.156457 0.210337 0.089913 0.258182 0.132511 0.017145 -0.058697 0.119903 0.007993 0.019344 0.033844 -0.353453 0.261250 0.116979 -0.237228 -0.032545 -0.049524
0.151621 -0.158637 0.658136 0.348498 0.521384 0.023244 0.537364 0.302559 0.486074 0.132043 0.210748 -0.351597 0.270750 -0.062708 0.197820 0.055374 -0.385225 -0.406405 1.000000 -0.029776 -0.162893 0.002793 0.327650 0.198484 0.299294 0.065012 -0.009206 -0.280135 -0.121375 -0.345901 0.258161 0.283388 -0.013090 0.376785 -0.007813 0.074184 -0.561096 -0.561127 -0.435540 -0.462598 -0.252755 -0.125350 0.302071 0.237776 0.300698 0.190525 -0.114414 -0.092632 0.218682 0.392492 -0.085915 0.299223 -0.282288 -0.013014 -0.588752 -0.581755 -0.012626 -0.228598 0.305640 0.019021 0.478933 0.519638 -0.379697 0.092413 0.389646 0.180753 0.079364 -0.057078 -0.345566 -0.514543 0.188584 0.068203 -0.010480 -0.032503 -0.174922 -0.073267 -0.247137 -0.162118 -0.373101 -0.371879 -0.453159 -0.349290 -0.029783 -0.198787 -0.482225 -0.561932 0.051278 -0.349638 -0.421432 -0.464863 -0.250762 0.145519 -0.315753 0.337225 -0.019891 -0.218510 -0.389577 -0.450627 -0.368237 -0.438092 -0.325553 0.136356 -0.457153 -0.319154 -0.257241 -0.328269 -0.016783 -0.211618 -0.055224 -0.202819 -0.190220 -0.545199 -0.399081 -0.223405 -0.263614 -0.315883
0.497905 0.713840 -0.572193 -0.044870 -0.012338 0.318780 -0.492003 -0.292625 -0.200105 0.060612 -0.213987 0.118732 -0.297943 -0.324028 -0.055754 0.080913 0.371060 0.472428 -0.029776 1.000000 -0.263102 -0.102644 -0.534530 -0.428340 -0.282959 -0.437929 0.229378 -0.125416 0.336943 0.438080 -0.497999 -0.564527 0.500193 -0.023291 -0.296420 -0.322381 0.241668 0.214500 0.127366 0.253579 -0.312129 0.220373 -0.528511 -0.581055 -0.380738 -0.263330 -0.466156 -0.538499 -0.201952 -0.241773 -0.216539 -0.108272 0.021849 -0.217469 0.052702 -0.167445 0.635352 0.615306 0.182383 0.443254 0.053778 0.279381 0.613102 0.662804 -0.459660 0.148252 0.303386 -0.012830 0.690106 0.499533 -0.149611 -0.355246 0.017107 0.173294 -0.082786 -0.132550 -0.068485 0.008980 0.294913 0.269979 0.652071 0.613209 0.360888 0.516300 0.218291 0.219333 -0.378374 0.359703 0.085127 0.290115 0.039546 -0.256708 0.059613 -0.334593 -0.322346 0.059003 -0.356929 0.045760 -0.131396 -0.260692 0.176001 0.128761 0.180891 0.147313 -0.030718 -0.194895 0.019149 0.021710 0.224366 -0.134169 -0.391820 0.033142 -0.388598 -0.253031 -0.280315 -0.250957
-0.124472 -0.247714 0.223210 0.363976 0.221649 0.340491 0.299712 0.221485 0.488529 0.612536 0.236041 0.158603 0.208522 0.224673 0.411367 0.585274 -0.123890 -0.109090 -0.162893 -0.263102 1.000000 0.620612 0.464149 0.569630 0.603256 0.677357 0.076860 0.357731 0.147131 0.091909 0.598568 0.470315 -0.319979 -0.024458 -0.014831 0.140796 -0.071831 0.148712 -0.089083 0.057605 0.371647 0.126990 -0.130007 -0.036196 -0.179577 -0.146518 -0.120376 -0.039318 -0.339871 -0.252544 -0.325520 -0.267873 -0.203414 -0.104753 -0.217599 0.060415 -0.236507 -0.206951 -0.254360 -0.283465 -0.370839 -0.253514 -0.321073 -0.390320 0.155049 -0.125410 -0.377674 -0.080727 -0.195204 -0.038331 0.377903 0.448987 0.122742 0.181608 -0.031366 0.390915 0.001734 0.077234 -0.160457 0.188704 -0.196632 -0.093680 -0.155917 0.174315 0.039884 -0.012273 0.240524 0.013091 -0.146647 0.088334 0.004044 0.193557 0.191750 0.305203 -0.151005 -0.067999 -0.194544 -0.059897 -0.205490 0.002909 -0.178265 -0.323606 -0.250533 -0.305756 -0.348705 -0.098731 -0.104286 0.118233 -0.043229 -0.227079 0.258239 -0.035790 0.322082 -0.100914 0.074771 -0.144028
0.018960 -0.209049 0.290140 0.288839 0.410769 0.433551 0.396751 0.332449 0.471065 0.485605 0.207947 0.043669 0.340469 0.250126 0.206932 0.530998 -0.048706 -0.138866 0.002793 -0.102644 0.620612 1.000000 0.332752 0.357381 0.638156 0.576018 0.306225 0.391167 0.277292 0.126604 0.578068 0.488917 -0.174312 0.244244 -0.058300 0.047975 -0.261897 0.091597 -0.070060 0.050039 0.212909 0.378809 -0.085626 -0.080132 -0.105674 -0.039575 -0.035446 0.017529 -0.126554 -0.016149 -0.193564 -0.085534 -0.107470 0.028697 -0.341667 -0.212035 -0.072452 -0.170482 -0.024664 -0.119666 -0.188664 -0.015772 -0.314306 -0.405677 0.067869 -0.121219 -0.238605 -0.177991 -0.198735 -0.077614 0.578301 0.543226 0.323760 0.211300 -0.089551 0.343023 -0.016193 0.131943 -0.127704 0.024147 -0.315725 -0.173560 -0.100622 0.185987 -0.335061 -0.156654 0.193554 0.114623 -0.330114 -0.171216 -0.134484 0.025867 -0.116262 0.207233 -0.351639 -0.235779 -0.247835 -0.357303 -0.214849 -0.173570 -0.262280 -0.146824 -0.379894 -0.452022 -0.361338 -0.403688 -0.070465 0.085008 -0.068224 -0.291181 0.247371 -0.049785 0.088629 -0.088389 -0.254389 -0.389532
-0.041403 -0.604582 0.778114 0.404610 0.539922 0.134033 0.701753 0.343814 0.726885 0.432758 0.327704 -0.167419 0.285666 0.106915 0.584720 0.302958 -0.389229 -0.399250 0.327650 -0.534530 0.464149 0.332752 1.000000 0.846241 0.748822 0.795259 0.153605 0.369747 -0.041604 -0.379104 0.735751 0.646217 -0.389957 0.159397 0.048066 0.323619 -0.466881 -0.446554 -0.459249 -0.315132 0.138068 -0.403075 0.221431 0.237550 0.067798 -0.008444 -0.022435 0.086971 -0.071167 0.082582 -0.232196 0.020132 -0.258795 0.115172 -0.535686 -0.236789 -0.384374 -0.497086 -0.020592 -0.446349 -0.071785 -0.231214 -0.626351 -0.507172 0.570205 -0.185121 -0.371279 0.045520 -0.552743 -0.448072 0.386125 0.449526 0.098924 -0.138791 -0.199029 0.052608 -0.197286 -0.164025 -0.406859 -0.318836 -0.595862 -0.504746 -0.062893 -0.251698 -0.224364 -0.386699 0.441484 -0.247940 -0.296103 -0.289073 -0.114152 0.419194 -0.160065 0.563137 0.046466 -0.169190 -0.195895 -0.229829 -0.331408 -0.104298 -0.497117 -0.016647 -0.593018 -0.308802 -0.423773 -0.105951 -0.225470 -0.042850 -0.031775 -0.246063 0.219461 -0.293606 0.085079 0.122081 -0.004802 -0.189687
-0.177317 -0.497589 0.623188 0.617990 0.572049 0.193975 0.670586 0.549123 0.683414 0.508374 0.243032 0.047155 0.220459 0.305346 0.580078 0.452353 -0.386062 -0.368763 0.198484 -0.428340 0.569630 0.357381 0.846241 1.000000 0.699747 0.769857 0.156678 0.335545 0.129927 -0.132314 0.762771 0.733942 -0.327811 0.287342 0.088008 0.430011 -0.333204 -0.229491 -0.392568 -0.193119 0.247971 -0.293079 -0.057222 -0.025168 -0.190274 -0.086357 -0.260407 -0.154876 -0.287370 -0.116196 -0.431307 -0.126431 -0.339995 0.030844 -0.538928 -0.285134 -0.375625 -0.481476 -0.191346 -0.472290 -0.213538 -0.172215 -0.541025 -0.557335 0.465890 -0.015110 -0.430476 0.169411 -0.456469 -0.332684 0.397861 0.509225 0.099002 -0.111089 -0.223104 0.136188 -0.211933 -0.041456 -0.313444 -0.257525 -0.474766 -0.417322 0.039315 0.037362 -0.139604 -0.273108 0.414982 -0.120003 -0.220066 -0.161161 0.015208 0.312796 0.051989 0.517852 0.059786 -0.087490 -0.297324 -0.210790 -0.485619 -0.216212 -0.459650 -0.007414 -0.465784 -0.243430 -0.411050 -0.127891 -0.293910 0.135687 -0.013766 -0.150689 0.202604 -0.277529 0.098538 0.090585 0.076793 -0.098686
0.050244 -0.390351 0.684001 0.443928 0.702904 0.482705 0.637294 0.354841 0.839263 0.706311 0.266206 -0.224990 0.403884 0.162394 0.464022 0.437723 -0.254172 -0.260551 0.299294 -0.282959 0.603256 0.638156 0.748822 0.699747 1.000000 0.849030 0.418788 0.385424 0.110298 -0.106494 0.796473 0.698022 -0.257457 0.247814 -0.007252 0.173784 -0.532605 -0.357466 -0.377594 -0.287727 0.122117 -0.026299 0.117843 0.132795 0.085878 0.035522 -0.096736 0.008434 -0.038848 0.181705 -0.309846 0.064483 -0.232070 0.054938 -0.680980 -0.407032 -0.116817 -0.293406 0.149150 -0.131905 -0.054589 0.040113 -0.640701 -0.393439 0.337228 -0.119254 -0.249675 -0.110628 -0.388429 -0.332637 0.637168 0.574719 0.185188 0.076367 -0.290948 0.202285 -0.271380 -0.140907 -0.448352 -0.272099 -0.548661 -0.418594 -0.120938 -0.083142 -0.397475 -0.482065 0.241512 -0.046586 -0.510325 -0.390385 -0.176769 0.285590 -0.207468 0.522991 -0.161448 -0.311952 -0.415001 -0.438610 -0.432718 -0.294826 -0.431249 -0.067055 -0.677258 -0.396239 -0.540965 -0.419832 -0.179344 -0.025761 -0.084807 -0.385505 0.135898 -0.346987 -0.036861 -0.204543 -0.260296 -0.419247
-0.150623 -0.549774 0.608356 0.377110 0.508169 0.463681 0.547501 0.302738 0.716734 0.662475 0.268004 -0.173093 0.302803 0.149575 0.399754 0.442332 -0.190241 -0.285418 0.065012 -0.437929 0.677357 0.576018 0.795259 0.769857 0.849030 1.000000 0.377247 0.604505 -0.051031 -0.206097 0.775217 0.679698 -0.317279 0.201454 0.116937 0.328303 -0.354521 -0.249192 -0.267341 -0.103801 0.223056 -0.099223 0.139104 0.185318 0.053877 0.047285 -0.083927 0.088163 -0.180061 -0.003912 -0.340225 -0.187938 -0.337859 -0.058360 -0.531977 -0.209468 -0.285161 -0.398592 -0.019094 -0.338215 -0.178121 -0.235754 -0.608724 -0.511436 0.449770 -0.096750 -0.319909 0.121139 -0.396617 -0.244693 0.500395 0.540844 0.053151 -0.009440 -0.228714 0.187581 -0.280705 -0.162403 -0.369735 -0.217611 -0.464254 -0.409271 -0.131822 -0.160320 -0.157497 -0.322178 0.365197 -0.069480 -0.276904 -0.244480 -0.186975 0.237229 -0.096793 0.460872 -0.044581 -0.206277 -0.237114 -0.275458 -0.380407 -0.178860 -0.466484 -0.145021 -0.567332 -0.320560 -0.432371 -0.183586 -0.115826 0.048707 -0.124209 -0.235584 0.337582 -0.255130 0.071775 -0.063984 -0.068319 -0.203456
0.204302 0.102746 0.063534 0.142748 0.499040 0.611597 -0.018438 -0.056464 0.287821 0.486604 -0.027443 -0.263360 0.013361 -0.155277 0.291568 0.177159 0.006891 0.064948 -0.009206 0.229378 0.076860 0.306225 0.153605 0.156678 0.418788 0.377247 1.000000 0.616429 -0.073128 -0.019135 0.012812 0.001997 -0.017969 -0.009016 -0.090605 -0.103830 -0.107034 -0.086613 0.085676 -0.003600 -0.108456 0.190730 -0.176121 -0.195581 -0.135958 -0.169722 -0.287753 -0.319238 -0.037742 0.013576 -0.057544 -0.016210 0.064080 -0.172905 -0.226612 -0.407404 0.278289 0.212068 0.408519 0.241189 0.184048 0.116399 -0.106266 0.019966 0.075105 0.131228 0.203660 -0.005602 0.308411 0.281164 0.153232 0.125067 -0.140234 -0.046149 -0.355621 -0.107435 -0.278340 -0.231061 -0.002100 -0.176015 0.001152 -0.016486 0.308928 0.086040 -0.037072 -0.056754 0.122913 0.455430 -0.034513 -0.041300 -0.210990 -0.258831 -0.186701 -0.070382 0.034365 -0.280193 -0.250701 -0.210887 -0.419355 -0.474478 -0.204777 0.052575 -0.281424 -0.052289 -0.289379 -0.307951 -0.295896 -0.033850 0.126160 -0.229552 -0.041630 -0.312714 -0.440616 -0.151906 -0.441785 -0.320809
0.133699 -0.101421 0.082730 0.077701 0.141948 0.500882 0.003175 -0.034134 0.155405 0.367815 0.201001 0.056350 0.105636 -0.016493 0.246042 0.224399 -0.041013 0.021048 -0.280135 -0.125416 0.357731 0.391167 0.369747 0.335545 0.385424 0.604505 0.616429 1.000000 -0.199348 -0.068588 0.150267 0.077501 -0.295695 -0.242613 -0.013426 -0.052254 -0.052738 0.098931 0.055856 0.081793 0.226122 0.221991 -0.128064 -0.081676 -0.226574 -0.198639 -0.166832 -0.086716 -0.088811 -0.131856 0.037614 -0.090356 0.125668 -0.043137 -0.080446 -0.084867 -0.011050 0.005474 0.060117 -0.122529 -0.168182 -0.287259 -0.211416 -0.264615 0.145913 0.015273 -0.202117 -0.006677 0.050811 0.221693 0.204214 0.281428 -0.150928 0.091878 -0.144318 0.172263 -0.154659 -0.271490 -0.163387 -0.169269 -0.105415 -0.122492 0.039214 0.030274 0.196087 0.191795 0.415342 0.365901 0.008329 0.185028 -0.023152 0.067004 0.062398 0.148276 0.052150 -0.230530 -0.057070 -0.092414 -0.243680 -0.152334 -0.136050 -0.004038 -0.288330 -0.110109 -0.262507 -0.068249 -0.273269 0.075802 -0.023081 -0.133512 0.178975 -0.148849 -0.002991 -0.033875 -0.215774 -0.094187
0.089060 0.151840 -0.147562 0.276091 0.206580 0.074639 0.177412 0.239060 0.075022 0.153003 -0.126056 0.420831 0.059991 0.280576 0.191602 0.419281 0.119310 0.321914 -0.121375 0.336943 0.147131 0.277292 -0.041604 0.129927 0.110298 -0.051031 -0.073128 -0.199348 1.000000 0.705497 0.276674 0.207713 0.371249 0.347419 -0.250056 0.042986 0.171319 0.293656 -0.049700 0.228053 -0.079289 0.096696 -0.547062 -0.578659 -0.444360 -0.250458 -0.287743 -0.384350 -0.356482 -0.331493 -0.428453 -0.129887 0.013475 0.081512 -0.120064 -0.149009 0.216709 0.164609 -0.413663 -0.087739 -0.338934 -0.019401 0.323845 0.104902 -0.420587 -0.301775 -0.262274 -0.177293 0.054015 -0.000349 0.164740 0.190048 0.700556 0.173704 0.063808 0.087026 0.073395 0.299646 0.191609 0.093555 0.226056 0.211815 0.403462 0.625190 -0.143758 -0.017538 -0.338269 0.017205 -0.302159 0.038636 0.117849 0.057143 -0.024856 0.028736 -0.391431 0.169861 -0.325361 0.069114 -0.141918 -0.061118 -0.069291 -0.055109 -0.033338 -0.143503 -0.126662 -0.244868 0.133181 -0.064634 0.090578 -0.124162 -0.243996 0.131848 0.083252 -0.073669 0.038807 -0.198952
0.122130 0.425757 -0.434933 0.201084 -0.002093 0.165864 -0.103437 0.192767 -0.242314 0.088220 -0.087430 0.663871 0.011365 0.376263 0.017410 0.304254 0.272643 0.631878 -0.345901 0.438080 0.091909 0.126604 -0.379104 -0.132314 -0.106494 -0.206097 -0.019135 -0.068588 0.705497 1.000000 0.028566 -0.044189 0.302919 0.052499 -0.252634 -0.291907 0.312147 0.485268 -0.012235 0.149961 0.147508 0.462633 -0.612837 -0.604271 -0.515779 -0.401890 -0.264467 -0.381718 -0.294214 -0.375167 -0.235961 -0.141934 0.252772 0.067061 0.028177 0.017227 0.262058 0.352148 -0.412794 0.075386 -0.429594 -0.010716 0.432199 0.294756 -0.652466 -0.238618 -0.232488 -0.350912 0.232699 0.223014 0.171470 0.252044 0.608337 0.525661 0.339718 0.431775 0.173364 0.231077 0.227246 0.312037 0.367808 0.426668 0.301611 0.593369 0.097114 0.292246 -0.328045 0.281957 -0.285268 0.229131 0.210808 -0.026713 0.115471 -0.096039 -0.230858 0.046942 -0.239936 0.051969 -0.016689 0.001459 0.094715 0.033851 0.071179 0.078885 -0.126122 -0.207736 0.125952 0.124519 -0.157248 0.065402 -0.428652 0.100282 0.143241 -0.243387 0.062764 0.029971
-0.266455 -0.620417 0.736077 0.563960 0.595826 0.201654 0.833060 0.630639 0.678868 0.474642 0.283433 0.001879 0.446999 0.454799 0.349708 0.435210 -0.306950 -0.353459 0.258161 -0.497999 0.598568 0.578068 0.735751 0.762771 0.796473 0.775217 0.012812 0.150267 0.276674 0.028566 1.000000 0.928907 -0.166905 0.477832 0.136680 0.384679 -0.448875 -0.310530 -0.450662 -0.287054 0.262151 -0.079287 0.141634 0.166210 0.103228 0.150132 -0.035083 0.092961 -0.170192 0.061754 -0.375240 -0.088842 -0.333330 0.073484 -0.618348 -0.284588 -0.403893 -0.575069 -0.243780 -0.403566 -0.188292 -0.090931 -0.575725 -0.543646 0.334441 -0.186704 -0.393981 -0.057700 -0.634132 -0.522137 0.563434 0.709428 0.429223 0.056015 -0.059043 0.302101 -0.140362 0.040980 -0.344318 -0.254501 -0.617082 -0.508460 -0.136147 -0.105509 -0.418477 -0.476046 0.235867 -0.246802 -0.524168 -0.463009 -0.193542 0.294631 -0.202628 0.521666 -0.044603 -0.190154 -0.285585 -0.324300 -0.350359 -0.132556 -0.469534 -0.160001 -0.557632 -0.389273 -0.449420 -0.259163 0.003384 0.047768 -0.259878 -0.149386 0.204066 -0.277336 0.154428 -0.051116 0.056745 -0.113602
-0.392589 -0.664671 0.716679 0.537323 0.554196 0.053817 0.807155 0.652241 0.574004 0.355277 0.199831 -0.072311 0.377168 0.442806 0.293659 0.330027 -0.405350 -0.482858 0.283388 -0.564527 0.470315 0.488917 0.646217 0.733942 0.698022 0.679698 0.001997 0.077501 0.207713 -0.044189 0.928907 1.000000 -0.101902 0.624870 0.274036 0.529091 -0.387487 -0.282383 -0.358463 -0.264661 0.258185 -0.068301 0.188836 0.213519 0.128584 0.230117 -0.059963 0.083946 -0.189099 0.093292 -0.379899 -0.095651 -0.406095 0.049545 -0.608775 -0.303251 -0.443898 -0.602508 -0.235725 -0.418572 -0.069060 -0.046582 -0.584097 -0.609426 0.455573 -0.070342 -0.316844 0.057954 -0.644124 -0.541615 0.471846 0.693422 0.339073 -0.018847 -0.073812 0.255201 -0.065357 0.132818 -0.320430 -0.366018 -0.626613 -0.552600 -0.073826 -0.122173 -0.461480 -0.461223 0.194719 -0.286418 -0.416900 -0.493506 -0.225512 0.188691 -0.240512 0.450395 0.117676 -0.137434 -0.202139 -0.308196 -0.377566 -0.165465 -0.455194 -0.124472 -0.473929 -0.283402 -0.329427 -0.185205 0.008979 0.059789 -0.206895 -0.067199 0.261291 -0.277021 0.106926 -0.004209 0.091621 -0.036637
0.031833 0.159172 -0.311623 -0.052174 -0.075065 -0.102487 -0.218916 -0.162039 -0.259899 -0.220238 -0.238428 -0.042420 -0.228411 -0.179869 -0.199513 -0.113101 0.120233 0.151532 -0.013090 0.500193 -0.319979 -0.174312 -0.389957 -0.327811 -0.257457 -0.317279 -0.017969 -0.295695 0.371249 0.302919 -0.166905 -0.101902 1.000000 0.471170 0.184851 0.222125 0.280523 0.066668 0.188416 0.207112 -0.276116 0.025999 -0.243081 -0.283070 -0.085673 0.192612 -0.194055 -0.223943 -0.342532 -0.255727 -0.339604 -0.328226 -0.308515 -0.199717 -0.051950 -0.098677 0.369884 0.242847 -0.080936 0.147239 0.135653 0.049945 0.567743 0.459755 -0.153463 -0.001287 0.410235 0.306351 0.323368 0.175360 -0.251576 -0.232391 0.239069 -0.144191 -0.064215 -0.237023 -0.173509 0.045268 0.285846 0.022217 0.461151 0.461502 0.201347 0.252176 0.112834 0.090350 -0.489473 0.037862 -0.025906 -0.118504 -0.305677 -0.363828 -0.263080 -0.317647 -0.039530 0.080508 -0.157783 0.071092 -0.208508 -0.222319 -0.173112 -0.173728 0.083534 0.039010 0.033488 0.028307 0.306194 -0.028309 -0.008490 0.041909 -0.119079 0.060493 -0.315045 -0.119460 -0.100089 -0.021577
-0.298141 -0.324376 0.333598 0.335783 0.429920 -0.041237 0.469018 0.400926 0.282397 0.084016 -0.041068 -0.128810 0.152592 0.201718 0.090882 0.179915 -0.248560 -0.418339 0.376785 -0.023291 -0.024458 0.244244 0.159397 0.287342 0.247814 0.201454 -0.009016 -0.242613 0.347419 0.052499 0.477832 0.624870 0.471170 1.000000 0.243393 0.518583 -0.132127 -0.161145 -0.148482 0.048445 -0.082391 -0.052147 -0.013371 -0.062773 -0.011054 0.271998 -0.272918 -0.178798 -0.394117 -0.127606 -0.499781 -0.323579 -0.559603 -0.192405 -0.506827 -0.447086 -0.063156 -0.255216 -0.209230 -0.215210 0.223126 0.137085 -0.083397 -0.156333 0.306487 0.073739 0.077833 0.324813 -0.189554 -0.259982 0.187348 0.303868 0.300186 -0.097601 -0.125914 -0.000714 -0.098009 0.244336 0.082127 -0.303237 -0.139332 -0.109716 0.219393 0.154763 -0.364595 -0.311414 -0.207776 -0.279501 -0.257468 -0.447938 -0.367491 -0.155463 -0.375427 0.011819 0.023277 0.083615 -0.282292 -0.190239 -0.476265 -0.410576 -0.474243 -0.122805 -0.299594 -0.178000 -0.130759 -0.212600 0.231334 -0.053399 0.031355 -0.035528 0.161455 -0.262699 -0.302859 -0.084993 -0.051684 -0.142475
-0.462162 -0.415180 0.198117 0.168842 -0.010892 -0.205323 0.113966 0.225205 -0.002598 -0.138866 -0.214510 -0.134961 -0.121110 -0.053505 -0.231624 -0.097465 -0.423103 -0.432005 -0.007813 -0.296420 -0.014831 -0.058300 0.048066 0.088008 -0.007252 0.116937 -0.090605 -0.013426 -0.250056 -0.252634 0.136680 0.274036 0.184851 0.243393 1.000000 0.552930 -0.017947 -0.144034 -0.012155 -0.229641 0.217887 -0.031840 0.261342 0.300376 0.246563 0.506690 0.019885 0.146134 -0.059139 0.070998 -0.003209 -0.178447 -0.388740 -0.181083 -0.082699 -0.001291 -0.381765 -0.445652 -0.205408 -0.278687 0.180357 -0.002854 -0.078473 -0.150822 0.489382 0.363044 0.022787 0.383721 -0.292539 -0.263523 -0.123731 0.065919 -0.146245 -0.213345 -0.050231 -0.185180 -0.196582 -0.215597 -0.310728 -0.283758 -0.254283 -0.224941 -0.334289 -0.225671 0.101768 0.006939 0.067704 -0.123811 0.164954 -0.251198 -0.112414 0.020255 0.141441 0.071220 0.180300 -0.139794 0.007607 -0.243178 -0.108514 -0.064646 -0.134251 -0.129993 -0.066804 0.090787 0.087462 0.201575 0.035230 0.193725 -0.183156 0.061693 0.203766 -0.070897 -0.046270 0.094050 0.169658 0.231165
-0.452700 -0.536867 0.336262 0.204533 0.161556 -0.175041 0.324113 0.226375 0.197081 -0.013992 -0.073889 -0.181654 -0.074055 -0.001463 0.117012 0.067120 -0.385774 -0.488087 0.074184 -0.322381 0.140796 0.047975 0.323619 0.430011 0.173784 0.328303 -0.103830 -0.052254 0.042986 -0.291907 0.384679 0.529091 0.222125 0.518583 0.552930 1.000000 0.004011 -0.197635 -0.033976 0.063220 -0.067445 -0.278838 0.124206 0.144633 0.130179 0.426688 -0.170159 0.007850 -0.222655 -0.038272 -0.484251 -0.309137 -0.608594 -0.210752 -0.300156 -0.190486 -0.291547 -0.418812 -0.199344 -0.383945 0.038201 -0.103107 -0.231546 -0.353372 0.473379 0.132322 0.001139 0.641815 -0.284249 -0.224197 0.038756 0.045907 -0.038334 -0.324888 -0.135517 -0.143937 -0.218520 0.028303 -0.153172 -0.270085 -0.155348 -0.255975 0.028553 -0.096692 -0.065104 -0.231291 -0.001334 -0.270998 0.097332 -0.327532 -0.124630 0.058860 -0.016567 0.289900 0.055864 0.281501 -0.136233 -0.032571 -0.269933 -0.090834 -0.297084 -0.130922 -0.107422 -0.060514 0.098699 0.155554 0.137434 -0.157270 -0.041993 0.134199 0.265274 -0.093385 0.059523 0.161532 0.182520 0.073534
