1.000000 0.444855 -0.123685 -0.152316 -0.151369 -0.159843 -0.321226 -0.160627 -0.157058 -0.124814 -0.150450 -0.003836 -0.131269 -0.237424 -0.001821 -0.079400 0.173628 -0.097133 0.057661 -0.304781 -0.065510 0.006466 -0.227967 0.101191 0.032910 -0.045011 -0.159035 -0.028583 0.101103 -0.057549 -0.154560 -0.151912 0.013972 -0.046152 -0.105988 -0.324997 -0.189334 -0.276600 -0.288984 0.020386 0.016536 -0.313063 0.162855 -0.078745 0.032340 -0.013289 0.169215 -0.143617 0.192948 0.001540 0.169083 0.147600 0.125516 0.038830 -0.157334 0.042393 0.440108 0.153151 0.364654 0.132183 0.050889 0.077950 0.118786 0.106010 -0.049543 -0.037637 0.104737 -0.252417 -0.140280 -0.214176 -0.117629 -0.166552 -0.116893 -0.196073 -0.178388 -0.224462 -0.200085 -0.121109 0.101601 0.017316 0.237801 0.122646 0.143346 0.080814 0.006731 0.189439 -0.130079 -0.042298 -0.256848 0.213525 -0.174759 -0.184092 -0.182300 0.032396 0.233811 -0.197549 -0.049223 0.121391 -0.121885 0.029479 -0.406208 -0.279785 -0.250005 -0.263341 -0.130990 0.222066 0.390223 0.101485 -0.113967 -0.147428 -0.241399 -0.075709 -0.083030 0.104351 0.042477 0.153736
0.444855 1.000000 -0.107160 -0.227018 0.016185 -0.021458 -0.281969 -0.049804 0.233156 0.240646 -0.136824 0.004540 -0.287143 -0.226403 0.074143 0.068970 -0.121763 -0.244881 -0.283501 -0.087868 -0.065704 0.099498 -0.273388 0.099188 -0.214785 -0.028120 -0.004993 0.130153 -0.387825 -0.379735 -0.509722 -0.331699 -0.196515 0.042711 -0.266792 -0.092537 -0.573571 -0.253039 -0.194740 0.071139 -0.316617 -0.221453 -0.051745 -0.171162 -0.115924 -0.071640 0.069200 -0.039470 0.319320 -0.040321 0.244269 0.263146 0.049000 -0.040301 -0.132480 -0.003675 0.364828 0.629428 0.481043 0.409838 0.269955 0.383565 -0.203321 -0.196690 0.143542 0.302077 0.291587 -0.017387 0.285203 0.302916 -0.192887 -0.280007 -0.500620 -0.522766 -0.581615 -0.475165 -0.295978 -0.351563 0.310378 -0.047934 -0.114209 -0.213061 -0.032339 0.059657 -0.216110 -0.131070 0.102205 -0.129016 0.120827 0.127520 0.102886 -0.013780 -0.052593 0.308710 0.102614 -0.154853 0.049420 0.384951 0.007273 -0.072955 -0.075809 -0.023719 -0.195369 -0.131431 -0.158123 0.018055 0.421718 0.152653 -0.351376 -0.142697 -0.218624 -0.280109 0.019127 -0.251206 -0.322513 0.029459
-0.123685 -0.107160 1.000000 0.509992 0.482792 0.438012 0.478781 0.394600 0.315960 0.235807 -0.091100 -0.129011 -0.100284 -0.305492 0.165274 -0.058287 -0.297484 -0.396614 0.122971 0.340764 0.341086 0.534002 0.742878 0.344697 0.420817 0.659075 0.330844 0.498307 -0.146086 -0.230255 0.367384 0.454771 0.049261 0.028249 0.133815 0.249065 -0.027815 0.062497 0.291110 0.112948 -0.000361 0.264956 -0.192294 -0.180350 -0.128654 0.005764 -0.253056 -0.193101 -0.147435 -0.195952 0.060457 -0.253601 -0.206720 -0.335854 -0.204469 -0.263013 -0.447847 -0.156814 -0.266984 -0.053339 -0.530282 -0.201573 -0.386572 -0.478995 0.135416 -0.267797 0.157060 0.401463 0.172863 0.197124 0.039685 0.073874 0.000705 -0.135945 -0.013225 -0.036802 -0.193435 -0.128934 -0.123201 -0.177507 -0.214555 -0.190468 0.071131 0.152045 -0.046598 -0.149567 0.130661 0.230881 0.395080 -0.153509 -0.013366 -0.160889 -0.001819 -0.080546 0.015303 -0.059465 0.261931 0.186024 -0.045713 -0.135187 -0.129220 -0.263495 -0.335048 -0.323695 -0.220698 -0.043005 -0.163543 -0.199338 -0.227089 0.043179 0.249184 -0.047597 -0.062616 0.073106 -0.076993 -0.071405
-0.152316 -0.227018 0.509992 1.000000 0.373405 0.460909 0.350162 0.574452 0.150428 0.321861 -0.226299 -0.284522 -0.123719 -0.401857 0.285969 0.069670 -0.359606 -0.406672 -0.005294 0.488293 0.293431 0.311959 0.581585 0.322902 0.134342 0.408570 0.082833 0.340134 -0.112126 -0.204034 0.168770 0.257876 0.044696 -0.005518 0.089590 0.154997 0.090225 -0.003437 0.261145 -0.114719 0.015516 0.262900 -0.161375 -0.062949 -0.068624 0.084801 -0.211506 -0.134556 -0.278363 -0.150366 -0.049421 -0.245515 -0.236051 -0.288002 -0.196272 -0.344568 -0.449452 -0.184364 -0.371925 -0.266617 -0.523579 -0.389436 -0.383006 -0.431446 0.067014 -0.140830 -0.005804 0.496958 0.328817 0.369792 -0.292859 -0.106979 -0.104668 -0.210163 -0.078612 -0.146352 -0.310956 -0.326923 -0.253709 -0.238479 -0.172131 -0.129489 0.128416 0.284274 -0.008118 -0.014544 0.002951 0.127040 0.380388 0.063978 0.049603 0.081867 0.264329 0.223340 -0.169924 0.061737 -0.020650 -0.013713 0.180833 -0.070934 0.094629 -0.071466 -0.014696 -0.081227 -0.073082 -0.010985 -0.119317 -0.185607 0.142526 -0.053857 -0.016583 0.028797 0.159673 -0.017367 0.063390 -0.200159
-0.151369 0.016185 0.482792 0.373405 1.000000 0.816121 0.320683 0.291979 0.619440 0.643022 0.015857 -0.254096 0.086690 -0.316458 0.064802 -0.249573 -0.112330 -0.374717 -0.330331 0.171082 0.427822 0.426861 0.260925 0.050030 0.618201 0.574336 0.656595 0.450873 -0.248271 -0.305193 -0.088407 -0.061983 -0.180150 -0.278173 0.099687 0.254290 -0.073287 -0.017297 0.414336 0.132304 -0.137409 0.121826 -0.093904 -0.062765 0.164581 0.291838 -0.086968 -0.101690 0.108947 0.065501 0.328656 0.048607 0.161405 -0.034214 0.206546 -0.136276 -0.146765 0.092223 -0.103392 0.011015 -0.451764 -0.393803 -0.325059 -0.520861 -0.051915 -0.132880 0.239019 0.434706 0.396894 0.318841 0.046082 -0.025533 -0.101206 -0.328512 -0.356393 -0.269340 -0.297621 -0.204255 0.034435 -0.054590 -0.273435 -0.273046 -0.365222 -0.201631 -0.305446 -0.415088 -0.156530 -0.020207 0.256694 -0.064312 0.251207 0.003030 0.284806 0.107225 0.021019 0.103876 0.281484 -0.076340 0.335234 0.085161 0.139277 -0.069011 -0.165290 -0.256229 -0.085414 -0.023678 -0.194545 -0.104980 -0.053819 0.160915 0.193315 0.113333 0.410271 0.085673 0.009982 0.020288
-0.159843 -0.021458 0.438012 0.460909 0.816121 1.000000 0.344835 0.318086 0.488916 0.639038 -0.085926 -0.358996 0.013991 -0.378924 -0.116432 -0.320935 -0.145540 -0.512493 -0.345161 0.121565 0.385404 0.372211 0.214476 0.092146 0.417241 0.539552 0.592063 0.391913 -0.350461 -0.437191 -0.119027 -0.127882 -0.220273 -0.325053 0.026203 0.237273 -0.096128 -0.073179 0.366366 0.141329 -0.274243 -0.041473 -0.060408 0.028413 0.200709 0.312673 -0.101235 -0.028911 0.133100 0.166336 0.438221 0.201278 0.202766 -0.032604 0.217736 -0.122715 -0.160096 0.147780 -0.008234 0.140852 -0.433557 -0.343663 -0.213853 -0.440667 -0.186983 -0.209054 0.305484 0.427814 0.312038 0.307734 -0.051632 -0.130015 -0.223669 -0.416907 -0.398571 -0.409832 -0.352500 -0.211807 -0.097453 -0.042771 -0.340504 -0.329265 -0.538476 -0.190692 -0.440673 -0.401814 -0.230650 -0.090312 0.196940 0.133811 0.271255 0.055266 0.281776 0.109733 -0.039037 0.219173 0.226923 -0.089847 0.336401 0.128624 0.194583 0.002990 -0.135981 -0.138597 -0.073810 0.029969 -0.157641 -0.073482 0.032036 0.343198 0.137454 0.242131 0.454255 0.000318 0.020421 0.013772
-0.321226 -0.281969 0.478781 0.350162 0.320683 0.344835 1.000000 0.442069 0.241713 0.167040 -0.067561 -0.258160 -0.001783 0.089139 -0.046234 -0.107881 -0.080284 0.000085 0.309499 0.443170 -0.062367 -0.042622 0.289426 -0.187198 0.041982 0.023283 -0.039869 -0.186793 0.227325 0.129497 0.309159 0.339206 0.312286 0.251130 0.067715 0.247606 0.208076 0.116704 0.280216 -0.023874 0.059983 0.229458 -0.259729 -0.177449 -0.019726 -0.073753 -0.102030 -0.162869 -0.218461 0.053720 -0.220639 -0.152096 0.058512 -0.106681 0.059639 -0.127741 -0.325628 -0.241972 -0.156959 -0.028785 -0.157096 -0.001635 -0.028513 -0.067676 0.107562 -0.392223 0.076465 0.187072 0.258635 0.119757 -0.034581 -0.055492 0.328828 0.066276 0.180246 -0.041652 0.081753 -0.118903 -0.025745 -0.216724 -0.164745 0.011107 -0.061705 0.187040 -0.207161 -0.364947 -0.049898 -0.128778 0.246680 -0.176820 -0.012680 0.041937 -0.039158 -0.158571 -0.248785 0.177142 0.048605 -0.098717 0.037192 -0.004145 0.067547 -0.014665 -0.042126 -0.075192 -0.202210 -0.246780 -0.347756 -0.239478 -0.063181 0.031096 -0.079285 0.149682 0.131072 -0.030782 -0.120987 -0.201827
-0.160627 -0.049804 0.394600 0.574452 0.291979 0.318086 0.442069 1.000000 0.126089 0.369710 0.010130 0.179498 0.066780 0.118725 0.155804 0.226317 0.010433 -0.023864 0.021519 0.183218 0.255479 0.245013 0.194252 0.089443 0.114288 0.223645 0.092631 0.054625 0.118256 0.114704 0.193229 0.411293 0.177203 0.161866 -0.031404 0.013465 -0.018953 -0.073821 0.121012 -0.135126 0.080244 0.129254 -0.149529 -0.055465 -0.117383 0.019710 0.018428 -0.082045 -0.247996 -0.092450 -0.138661 -0.127439 -0.125573 0.104835 -0.185364 -0.055917 -0.332515 -0.285007 -0.493087 -0.278045 -0.247501 -0.051912 -0.141195 -0.152467 0.184633 0.087879 -0.280086 0.171247 0.029038 0.089131 0.066286 0.272183 0.097662 -0.005925 0.047529 -0.048173 -0.153032 -0.267932 0.007048 -0.042058 0.042805 0.080366 0.005751 0.234912 0.053382 0.012953 -0.029639 0.027434 0.145981 -0.247135 0.097172 -0.032710 0.263546 -0.169370 -0.142931 0.095017 0.112073 0.010234 -0.021169 0.100448 0.046955 -0.180818 0.004767 -0.256824 -0.070592 -0.199291 -0.267615 -0.225640 -0.235712 0.027141 -0.061347 0.080978 0.274932 0.008671 0.083271 0.148943
-0.157058 0.233156 0.315960 0.150428 0.619440 0.488916 0.241713 0.126089 1.000000 0.772226 0.037284 -0.126076 -0.066536 -0.248987 0.294354 0.010961 -0.060602 -0.225659 -0.218916 0.181601 0.129867 0.275315 0.269856 0.106917 0.206754 0.257762 0.153568 0.306075 -0.363468 -0.323228 -0.308631 -0.199620 -0.147370 -0.268629 0.003467 0.178050 -0.219954 -0.073769 0.122341 -0.004485 -0.112816 0.036806 -0.063933 -0.146678 0.037985 0.060906 0.006806 -0.092605 0.250574 -0.010037 0.273476 0.093753 0.035969 -0.095084 -0.008528 -0.172413 -0.008816 0.265276 0.086274 0.129686 -0.080202 -0.030978 -0.424878 -0.454497 0.081630 0.148713 0.284318 0.361783 0.527683 0.416389 -0.005340 -0.098817 -0.247315 -0.388488 -0.398059 -0.366339 -0.269713 -0.382693 0.177475 -0.051499 -0.357576 -0.257039 -0.360527 -0.120855 -0.343754 -0.353496 0.001856 -0.126981 0.327773 -0.148345 0.219433 0.192127 0.301600 0.346831 0.031974 -0.082413 0.257782 0.049603 0.307223 0.192657 0.257898 0.072731 -0.027498 -0.087015 -0.115762 -0.127446 -0.080715 -0.126656 -0.344974 -0.086631 -0.046457 0.113875 0.328026 0.062951 -0.056260 0.005228
-0.124814 0.240646 0.235807 0.321861 0.643022 0.639038 0.167040 0.369710 0.772226 1.000000 -0.018444 0.029512 -0.087374 -0.201601 0.258185 0.204770 -0.104979 -0.248170 -0.263689 0.056765 0.156197 0.314118 0.074926 0.118239 0.143301 0.243194 0.193786 0.258215 -0.247331 -0.253437 -0.368394 -0.149246 -0.120729 -0.261043 0.022735 0.000314 -0.256496 -0.186263 0.083016 0.046300 -0.165584 -0.034298 -0.035535 -0.077038 0.102263 0.147421 0.020206 -0.099013 0.200297 0.040695 0.325103 0.147930 0.084982 0.126349 -0.058690 -0.122985 0.023051 0.152778 -0.045440 0.024304 -0.224370 -0.007463 -0.346511 -0.427258 0.142793 0.271627 0.195537 0.272519 0.364291 0.379961 -0.040984 -0.070708 -0.282864 -0.423268 -0.442060 -0.345199 -0.401974 -0.434191 0.047896 0.005892 -0.254403 -0.158780 -0.392616 0.040585 -0.295102 -0.237158 -0.058663 -0.132909 0.141370 -0.094965 0.318670 0.114782 0.467942 0.168535 0.052698 0.068593 0.126166 -0.078850 0.215330 0.216245 0.214820 -0.000773 -0.098022 -0.149530 0.005280 -0.059553 -0.141191 -0.054287 -0.186531 0.123751 -0.135631 0.097974 0.391281 0.073542 0.006237 0.117354
-0.150450 -0.136824 -0.091100 -0.226299 0.015857 -0.085926 -0.067561 0.010130 0.037284 -0.018444 1.000000 0.512084 0.816049 0.125121 0.436739 0.040939 0.360242 0.106007 -0.122645 -0.217884 0.100029 0.075532 -0.000494 0.071423 0.106809 -0.052370 0.201444 0.182974 0.094304 -0.011909 0.123775 0.241378 -0.230099 0.050667 0.047653 0.025785 -0.180496 -0.206803 -0.254711 -0.101187 -0.025681 -0.297114 0.012243 0.221300 0.112486 0.158174 0.002446 0.119685 -0.060719 -0.062212 -0.055844 -0.139685 -0.250614 0.111670 -0.194845 -0.024945 0.110467 -0.068483 -0.375444 -0.367040 -0.061831 -0.271769 0.012642 0.034871 0.301661 0.330965 -0.284820 -0.128350 -0.171474 -0.233767 0.325836 0.192289 0.041779 0.097652 0.051807 0.178759 0.131268 0.231199 0.114514 0.160663 0.121279 -0.058825 0.139434 -0.380857 0.555065 0.298307 0.083383 0.041989 -0.015020 -0.351759 0.047918 0.077347 0.320528 -0.168831 0.197312 -0.017399 0.202918 0.012975 -0.100193 0.128430 0.037456 0.204396 -0.132260 0.006493 0.016904 -0.086869 -0.130878 0.115928 0.015013 0.144427 0.272933 0.268936 -0.083221 0.343562 0.192746 0.078273
-0.003836 0.004540 -0.129011 -0.284522 -0.254096 -0.358996 -0.258160 0.179498 -0.126076 0.029512 0.512084 1.000000 0.394144 0.489894 0.205178 0.601784 0.346613 0.514208 0.130521 -0.367798 -0.150946 -0.087002 -0.144476 0.206444 -0.038965 -0.236699 -0.098219 -0.056326 0.334008 0.402789 0.022982 0.287658 -0.007927 0.122668 -0.044805 -0.190652 -0.001369 -0.034552 -0.286552 0.026728 0.250693 -0.197398 0.095640 0.134648 -0.189915 -0.205125 0.135743 0.175391 -0.263474 -0.274365 -0.276710 -0.273115 -0.343698 0.425895 -0.266703 0.377756 0.157687 -0.232985 -0.464991 -0.498974 0.031068 0.088382 0.169981 0.119114 0.338333 0.488776 -0.546800 -0.504894 -0.423543 -0.340415 0.413125 0.409155 0.209753 0.308198 0.209104 0.458269 0.176876 0.341810 0.030762 0.377230 0.440209 0.260928 0.173566 0.000706 0.471160 0.570826 0.024987 0.187490 -0.356214 -0.279273 -0.087350 -0.197935 0.179739 -0.464379 0.083780 -0.164503 0.035591 -0.049856 -0.381304 0.143261 -0.239644 -0.049930 -0.229575 -0.072257 0.124101 -0.023981 -0.142609 0.048044 -0.170136 0.024138 0.121851 0.072506 -0.206266 0.283722 0.258910 0.388143
-0.131269 -0.287143 -0.100284 -0.123719 0.086690 0.013991 -0.001783 0.066780 -0.066536 -0.087374 0.816049 0.394144 1.000000 0.199633 0.213882 -0.129802 0.463281 0.138181 -0.140670 -0.241249 0.203013 -0.005492 -0.101505 -0.049832 0.232300 -0.021782 0.260615 0.022069 0.198481 0.018647 0.155127 0.188750 -0.148740 -0.066048 0.044586 -0.014553 0.020544 -0.123639 -0.088657 -0.036291 0.010543 -0.247646 0.037314 0.223986 0.168554 0.188995 0.007490 0.089610 -0.034003 -0.031062 0.053566 -0.060036 -0.064157 0.157969 0.079681 -0.001290 0.154432 -0.128825 -0.372191 -0.463205 -0.108995 -0.409168 0.193895 0.101782 0.016701 0.103567 -0.356074 -0.193005 -0.273607 -0.378023 0.362490 0.308446 0.163479 0.218867 0.073133 0.243263 0.194589 0.346404 -0.070248 0.233188 0.179502 -0.052981 0.034999 -0.461257 0.435612 0.290597 -0.168362 0.071826 -0.174570 -0.171586 0.053598 0.004023 0.259864 -0.272234 0.098487 0.163900 0.215202 -0.098538 0.016976 0.152843 0.005594 0.189438 -0.083686 0.001144 0.011607 -0.068541 -0.246628 -0.010259 0.118509 0.241825 0.372195 0.409039 -0.025391 0.414334 0.231554 0.067398
-0.237424 -0.226403 -0.305492 -0.401857 -0.316458 -0.378924 0.089139 0.118725 -0.248987 -0.201601 0.125121 0.489894 0.199633 1.000000 -0.217820 0.288076 0.349643 0.743509 0.289568 -0.197082 -0.205139 -0.395263 -0.320772 -0.334312 -0.110310 -0.479167 -0.210894 -0.525129 0.538681 0.642452 0.088024 0.081295 0.220962 0.111811 -0.013686 -0.286242 0.327385 0.202017 0.009531 -0.027023 0.403026 0.106662 -0.100516 -0.057578 -0.125984 -0.295371 0.063802 -0.067371 -0.155707 -0.006024 -0.275160 -0.016481 0.047134 0.417458 0.220435 0.333432 0.057413 -0.304900 -0.172640 -0.185315 0.397673 0.377135 0.450478 0.476252 0.045873 0.077863 -0.342739 -0.466603 -0.337987 -0.308273 0.273015 0.343278 0.490085 0.524083 0.476988 0.484131 0.494971 0.309068 -0.026034 0.190901 0.248328 0.420931 -0.038530 0.112162 0.163572 0.131418 -0.068597 -0.032632 -0.365989 -0.137560 -0.278593 -0.109176 -0.161883 -0.460390 -0.170529 -0.025376 -0.142977 -0.299693 -0.362771 0.091056 0.047057 -0.029488 0.242988 0.050110 0.227133 -0.252008 -0.322146 -0.113394 -0.044457 -0.044969 -0.170341 0.031119 -0.122034 0.123720 0.108962 0.139654
-0.001821 0.074143 0.165274 0.285969 0.064802 -0.116432 -0.046234 0.155804 0.294354 0.258185 0.436739 0.205178 0.213882 -0.217820 1.000000 0.421127 -0.069322 -0.169716 0.105776 0.202983 0.107181 0.412766 0.376917 0.184179 -0.000217 0.164560 -0.136391 0.386965 0.057450 -0.051237 0.051021 0.301165 -0.083080 0.100851 0.028793 -0.072057 -0.174831 -0.135231 -0.071752 -0.136809 0.119171 0.136961 -0.210069 -0.160088 -0.186581 -0.034688 -0.226043 -0.281020 -0.188282 -0.390861 -0.188450 -0.379718 -0.451263 -0.216946 -0.369614 -0.405438 -0.214417 -0.126139 -0.311756 -0.308857 -0.141908 -0.109151 -0.395802 -0.305964 0.369878 0.394580 -0.134117 0.214509 0.290391 0.214451 -0.157424 0.037965 -0.055736 -0.237096 -0.094536 0.005661 -0.230939 -0.292686 0.206156 -0.192334 0.094649 0.075433 0.551882 0.276511 0.593715 0.269599 0.400984 0.210506 0.433057 -0.192719 -0.123451 0.063878 0.279634 0.227487 0.242473 -0.190787 0.175863 0.031827 -0.151983 -0.171782 -0.024913 -0.078040 -0.138771 -0.097932 0.033900 -0.012582 0.044453 -0.048874 -0.030411 -0.262590 -0.094969 -0.211158 -0.122536 0.182841 0.121060 -0.074754
-0.079400 0.068970 -0.058287 0.069670 -0.249573 -0.320935 -0.107881 0.226317 0.010961 0.204770 0.040939 0.601784 -0.129802 0.288076 0.421127 1.000000 -0.036877 0.314874 0.342415 0.037852 -0.104314 -0.000745 0.058277 0.143606 -0.168621 -0.154842 -0.377399 -0.070461 0.294662 0.437673 0.033501 0.283691 0.098990 0.239403 -0.007246 -0.254928 0.054114 0.103935 -0.080119 0.062980 0.321196 0.243481 -0.024206 -0.047608 -0.309735 -0.335719 -0.036181 -0.069725 -0.393897 -0.377763 -0.504139 -0.444734 -0.472846 0.153828 -0.286495 0.183322 -0.037889 -0.262718 -0.347088 -0.342060 0.073382 0.336806 -0.052976 0.027870 0.434546 0.449885 -0.380858 -0.256511 -0.086184 -0.045407 0.067242 0.156544 0.144732 0.185612 0.201801 0.266075 0.088390 0.023052 -0.054686 0.126538 0.302247 0.264126 0.383902 0.483609 0.393489 0.354171 0.277548 0.236745 -0.038916 -0.136031 -0.151284 -0.157152 0.177270 -0.129585 -0.020931 -0.061699 -0.076811 -0.018998 -0.315844 -0.089985 -0.171790 -0.196996 -0.091607 -0.004320 0.160737 -0.094860 -0.009971 -0.047977 -0.005309 -0.237834 -0.242619 -0.348943 -0.195869 0.095326 0.179364 0.134130
0.173628 -0.121763 -0.297484 -0.359606 -0.112330 -0.145540 -0.080284 0.010433 -0.060602 -0.104979 0.360242 0.346613 0.463281 0.349643 -0.069322 -0.036877 1.000000 0.497737 0.089987 -0.391541 -0.093832 -0.134820 -0.428446 -0.175324 0.006024 -0.317788 -0.080162 -0.360557 0.475877 0.412360 -0.130668 0.021968 0.082724 0.025276 -0.132156 -0.257615 0.189144 -0.079379 -0.160699 -0.084995 0.251218 -0.277851 0.093557 -0.008517 -0.060631 -0.154513 0.166576 0.004443 -0.081519 -0.189726 -0.096503 -0.059201 0.136439 0.420691 0.154827 0.194389 0.414313 -0.054247 -0.066194 -0.357847 0.342156 0.075371 0.641884 0.468617 -0.132886 0.056407 -0.411738 -0.586329 -0.234962 -0.433103 0.249812 0.245312 0.409764 0.317090 0.219642 0.141466 0.240921 0.335123 0.307825 0.525149 0.684990 0.466956 -0.111258 -0.194380 0.177915 0.149696 -0.358177 -0.176267 -0.432023 -0.058637 -0.121042 -0.134297 -0.078252 -0.323557 0.017493 0.148948 0.031616 -0.085661 -0.115447 0.296023 -0.114415 0.102651 0.057790 -0.129701 -0.008087 -0.073947 -0.106310 -0.092480 -0.052168 0.328948 0.033021 0.334535 0.245901 0.298606 0.246835 0.323239
-0.097133 -0.244881 -0.396614 -0.406672 -0.374717 -0.512493 0.000085 -0.023864 -0.225659 -0.248170 0.106007 0.514208 0.138181 0.743509 -0.169716 0.314874 0.497737 1.000000 0.373556 -0.194844 -0.369523 -0.476499 -0.374863 -0.278331 -0.225730 -0.589727 -0.357213 -0.564682 0.605614 0.789366 0.077715 0.091627 0.290868 0.110455 -0.154437 -0.289402 0.467096 0.230396 -0.045853 -0.058915 0.484909 0.064218 -0.056349 -0.078158 -0.208303 -0.423670 0.118701 -0.022801 -0.247629 -0.165418 -0.447999 -0.173696 0.036158 0.437876 0.147623 0.340561 0.105563 -0.336857 -0.233098 -0.305688 0.379478 0.285216 0.555510 0.536531 -0.053598 0.063622 -0.429850 -0.569734 -0.282605 -0.391859 0.289818 0.300604 0.544478 0.577369 0.543389 0.552203 0.474179 0.358064 0.092616 0.236328 0.489624 0.580331 0.064141 0.165986 0.167639 0.201160 -0.150641 -0.024608 -0.338303 -0.147132 -0.205830 -0.039036 -0.051919 -0.393215 -0.116568 0.006387 -0.235213 -0.265315 -0.345931 0.051616 0.058243 0.104461 0.270787 0.110897 0.178594 -0.151476 -0.236453 -0.134230 0.049298 -0.115243 -0.131398 0.083608 -0.121714 0.059704 0.160555 0.156508
0.057661 -0.283501 0.122971 -0.005294 -0.330331 -0.345161 0.309499 0.021519 -0.218916 -0.263689 -0.122645 0.130521 -0.140670 0.289568 0.105776 0.342415 0.089987 0.373556 1.000000 0.145487 -0.250560 -0.146026 0.115471 -0.250255 -0.144134 -0.216342 -0.506205 -0.384105 0.696325 0.634432 0.462917 0.425035 0.521247 0.214368 -0.000140 -0.382719 0.465851 0.209847 0.178832 0.010268 0.614920 0.312646 -0.197309 -0.274370 -0.342613 -0.499241 -0.215511 -0.398059 -0.472635 -0.368243 -0.565106 -0.524676 -0.192670 -0.018803 -0.125507 -0.049642 -0.205372 -0.485866 -0.153595 -0.199788 0.204170 0.327063 0.240671 0.273744 0.165628 -0.226051 -0.154503 -0.331475 -0.093292 -0.249819 0.000064 0.047170 0.636420 0.390607 0.612495 0.338622 0.344368 0.192829 -0.042147 -0.088786 0.292224 0.462382 0.399087 0.569550 0.276457 0.123160 -0.014585 0.175786 -0.027696 -0.146619 -0.446631 -0.142458 -0.306347 -0.286488 0.072152 0.111316 -0.191182 -0.137175 -0.505419 -0.187570 -0.197006 -0.292144 0.109510 -0.019170 0.144194 0.021775 -0.199650 -0.101124 0.197560 -0.132363 -0.353342 -0.262055 -0.352125 0.097868 0.310928 0.027646
-0.304781 -0.087868 0.340764 0.488293 0.171082 0.121565 0.443170 0.183218 0.181601 0.056765 -0.217884 -0.367798 -0.241249 -0.197082 0.202983 0.037852 -0.391541 -0.194844 0.145487 1.000000 0.094757 -0.010180 0.512084 -0.176503 -0.099457 0.215535 -0.145914 0.091259 -0.141825 -0.045833 0.199401 0.090123 0.257658 0.263579 0.113481 0.369643 0.135249 0.323434 0.472350 0.003618 -0.094275 0.696253 -0.512733 -0.268828 -0.275796 -0.175584 -0.377917 -0.166695 -0.314305 -0.225617 -0.375944 -0.371047 -0.102821 -0.396594 0.122912 -0.333292 -0.429786 -0.093925 -0.095943 0.032724 -0.062056 0.082831 -0.390842 -0.205432 0.116508 -0.183959 0.157017 0.599336 0.627622 0.618782 -0.526099 -0.336889 0.036922 -0.115000 0.048020 -0.137310 -0.013743 -0.296163 0.060046 -0.393245 -0.371432 -0.293894 0.284801 0.349494 -0.076495 -0.372031 0.191382 0.123122 0.650300 -0.023913 0.036885 0.193966 0.151462 0.303113 -0.411595 0.120938 -0.057494 0.184524 0.168269 -0.426812 0.406184 0.180234 0.058718 0.106342 -0.121971 -0.144702 -0.207185 -0.136530 0.242975 -0.359655 0.088788 -0.214633 -0.175929 -0.374964 -0.175557 -0.378945
-0.065510 -0.065704 0.341086 0.293431 0.427822 0.385404 -0.062367 0.255479 0.129867 0.156197 0.100029 -0.150946 0.203013 -0.205139 0.107181 -0.104314 -0.093832 -0.369523 -0.250560 0.094757 1.000000 0.551602 0.277534 0.090756 0.601111 0.703015 0.554131 0.464678 -0.260917 -0.253428 0.279843 0.222845 -0.218177 -0.137460 0.011751 -0.010914 -0.043995 -0.092997 0.242983 -0.091096 -0.079446 0.198238 -0.101429 0.043159 0.064909 0.295391 -0.239791 -0.168414 0.017871 -0.060375 0.220480 -0.071342 -0.134681 -0.238301 0.087456 -0.407806 -0.243328 -0.072439 -0.157233 0.003205 -0.273921 -0.263598 -0.303110 -0.325711 0.003601 -0.126756 0.015557 0.374752 0.038883 0.013796 0.239410 0.303285 -0.182798 -0.040149 -0.164609 -0.065491 -0.000911 0.016745 -0.257865 -0.123258 -0.086245 -0.226851 -0.088151 -0.066402 0.147549 -0.035022 0.081664 0.280511 0.329018 -0.012581 0.203369 -0.009700 0.367105 0.180415 -0.149658 0.000944 0.095524 -0.092960 0.164225 -0.195010 0.085380 -0.149507 0.060692 -0.255813 -0.027797 -0.069110 0.005603 -0.353279 0.030993 0.074727 0.122281 -0.114627 0.091214 -0.023430 0.140171 -0.264346
0.006466 0.099498 0.534002 0.311959 0.426861 0.372211 -0.042622 0.245013 0.275315 0.314118 0.075532 -0.087002 -0.005492 -0.395263 0.412766 -0.000745 -0.134820 -0.476499 -0.146026 -0.010180 0.551602 1.000000 0.440835 0.296314 0.419050 0.690276 0.432589 0.667091 -0.214835 -0.272070 0.148547 0.374615 -0.040348 -0.089032 -0.193165 -0.055192 -0.288007 -0.241096 0.035680 -0.112389 -0.114478 0.111667 0.009695 -0.013531 0.012346 0.232003 -0.135146 -0.217049 0.097036 -0.151307 0.302013 -0.070074 -0.135284 -0.225647 -0.273449 -0.446484 -0.316519 -0.047078 -0.167073 -0.098838 -0.352660 -0.194082 -0.341850 -0.454562 0.063906 -0.009208 0.033867 0.291720 0.151060 0.150349 0.062001 0.251992 -0.124446 -0.291838 -0.222549 -0.188306 -0.364919 -0.224759 0.180284 -0.121642 0.024907 0.029705 0.040000 0.084100 0.158222 -0.025555 0.247676 0.163922 0.244099 -0.175598 0.056339 -0.144755 0.055802 0.141223 0.241623 -0.083677 0.327619 0.143931 0.092589 -0.108908 -0.224070 -0.393118 -0.359892 -0.421280 -0.071199 0.025564 0.175302 -0.271315 -0.134047 0.183360 0.086368 -0.102908 0.144570 0.119857 0.104999 -0.038599
-0.227967 -0.273388 0.742878 0.581585 0.260925 0.214476 0.289426 0.194252 0.269856 0.074926 -0.000494 -0.144476 -0.101505 -0.320772 0.376917 0.058277 -0.428446 -0.374863 0.115471 0.512084 0.277534 0.440835 1.000000 0.478889 0.302634 0.560438 0.135537 0.624783 -0.224999 -0.210206 0.372774 0.371381 -0.001425 0.081340 0.097545 0.338695 0.064797 0.165507 0.264016 0.020874 0.078731 0.403585 -0.209676 -0.113201 -0.200910 -0.048028 -0.343962 -0.131198 -0.227816 -0.261801 -0.130439 -0.384956 -0.377502 -0.455762 -0.250819 -0.313830 -0.590214 -0.207351 -0.314830 -0.151266 -0.414815 -0.223220 -0.530592 -0.436733 0.224134 -0.110614 0.050215 0.510254 0.304061 0.380131 -0.128948 -0.083950 -0.074570 -0.100465 0.059262 0.026012 -0.175288 -0.120618 -0.159344 -0.262841 -0.303173 -0.228459 0.254273 0.159066 0.117874 -0.027155 0.323708 0.360882 0.530024 -0.094338 -0.101083 -0.024716 0.038030 0.124777 -0.000348 -0.225698 0.142660 0.169545 -0.049888 -0.179822 -0.002808 -0.149400 -0.261233 -0.135614 -0.176616 -0.033168 -0.087891 -0.168854 -0.038095 -0.237991 0.218002 -0.094735 -0.246877 0.020176 0.028409 -0.169222
0.101191 0.099188 0.344697 0.322902 0.050030 0.092146 -0.187198 0.089443 0.106917 0.118239 0.071423 0.206444 -0.049832 -0.334312 0.184179 0.143606 -0.175324 -0.278331 -0.250255 -0.176503 0.090756 0.296314 0.478889 1.000000 0.031454 0.250805 0.220864 0.577121 -0.331459 -0.387722 -0.160115 0.165370 -0.259339 0.041492 -0.016614 0.103631 -0.304822 -0.275880 -0.266957 -0.071300 -0.115933 -0.266742 0.250066 0.099346 -0.073922 0.053753 0.036271 0.214902 -0.055652 -0.102851 0.156141 -0.031216 -0.330901 -0.080296 -0.480546 0.033424 -0.052172 0.210036 -0.191543 -0.199547 -0.446894 -0.256863 -0.318077 -0.442973 0.186959 0.157504 -0.049351 0.051859 -0.068174 0.170568 0.049500 -0.088625 -0.477444 -0.261454 -0.297044 -0.055508 -0.482664 -0.070686 -0.228743 0.236413 0.010432 -0.090029 0.031975 -0.132791 0.042461 0.299562 0.211300 0.180224 -0.009995 0.005172 0.033209 -0.167886 0.019845 0.054722 0.165571 -0.330561 0.034239 0.277784 -0.110388 0.230570 -0.396324 -0.137512 -0.386028 -0.019341 -0.083204 0.259340 0.191494 0.078875 -0.319571 0.122884 0.127204 0.168841 0.063051 0.220710 0.018780 0.061022
0.032910 -0.214785 0.420817 0.134342 0.618201 0.417241 0.041982 0.114288 0.206754 0.143301 0.106809 -0.038965 0.232300 -0.110310 -0.000217 -0.168621 0.006024 -0.225730 -0.144134 -0.099457 0.601111 0.419050 0.302634 0.031454 1.000000 0.635881 0.621921 0.470558 -0.094674 -0.111493 0.194878 0.038157 -0.223321 -0.350756 0.207012 0.076621 0.189257 0.210306 0.360321 0.258078 0.128623 0.123342 -0.018166 0.059346 0.137078 0.252430 -0.102264 -0.148949 0.017641 -0.017481 0.208610 -0.089824 -0.090258 -0.192401 0.193098 -0.039463 -0.187777 -0.175218 -0.151012 -0.059452 -0.404682 -0.463932 -0.132957 -0.327144 -0.109105 -0.166518 0.070053 0.248434 -0.034914 -0.121505 0.378189 0.287704 0.078829 0.109212 -0.067057 0.119188 0.060982 0.206632 -0.177430 -0.065523 -0.004415 -0.130345 -0.181619 -0.242636 0.010282 -0.051052 -0.069726 0.258477 0.097425 0.012469 -0.038073 -0.201583 0.144075 -0.040223 0.194496 -0.078754 0.371090 -0.130184 0.092479 -0.050210 -0.035153 -0.224264 -0.119633 -0.280627 0.002629 0.031625 -0.089316 -0.148750 0.065513 0.030292 0.298157 -0.063682 0.022099 0.239172 0.156370 0.061635
-0.045011 -0.028120 0.659075 0.408570 0.574336 0.539552 0.023283 0.223645 0.257762 0.243194 -0.052370 -0.236699 -0.021782 -0.479167 0.164560 -0.154842 -0.317788 -0.589727 -0.216342 0.215535 0.703015 0.690276 0.560438 0.250805 0.635881 1.000000 0.598402 0.729213 -0.368107 -0.353988 0.278164 0.233555 -0.205026 -0.156586 0.078919 0.255195 -0.115409 -0.018273 0.349319 0.102283 -0.109040 0.281193 -0.065466 0.009504 0.039508 0.282084 -0.180907 -0.125257 0.007388 -0.099169 0.191764 -0.154014 -0.196571 -0.359053 0.023151 -0.318861 -0.425308 -0.036189 -0.165128 0.058830 -0.522218 -0.340833 -0.483156 -0.576087 -0.021652 -0.181475 0.162739 0.517326 0.150359 0.257960 0.064963 0.156477 -0.175093 -0.196159 -0.207492 -0.154567 -0.249614 -0.081386 -0.067855 -0.156003 -0.224530 -0.284629 -0.020200 -0.050760 -0.012080 -0.162365 0.178733 0.318627 0.421786 -0.044694 0.096897 -0.192365 0.201521 0.118866 0.109408 -0.043495 0.342009 0.102588 0.156329 -0.256577 0.000567 -0.252428 -0.173027 -0.317914 -0.088388 0.099991 -0.028150 -0.201973 0.070592 0.077653 0.327552 -0.164760 0.081302 -0.044290 -0.037831 -0.161095
-0.159035 -0.004993 0.330844 0.082833 0.656595 0.592063 -0.039869 0.092631 0.153568 0.193786 0.201444 -0.098219 0.260615 -0.210894 -0.136391 -0.377399 -0.080162 -0.357213 -0.506205 -0.145914 0.554131 0.432589 0.135537 0.220864 0.621921 0.598402 1.000000 0.606080 -0.390346 -0.416402 -0.069985 -0.046880 -0.382066 -0.223150 -0.002150 0.239680 -0.215919 -0.074294 0.219145 0.140547 -0.299118 -0.059949 0.148438 0.244758 0.290488 0.456178 0.029041 0.158478 0.197947 0.193529 0.440700 0.195384 0.092666 -0.049526 0.200046 0.001392 -0.161247 0.125841 -0.133996 0.041507 -0.446446 -0.424203 -0.198397 -0.466254 -0.130684 -0.088899 0.137362 0.293690 -0.036245 0.093753 0.284843 0.141636 -0.240741 -0.204162 -0.319098 -0.103051 -0.183204 0.099491 -0.023364 0.094994 -0.172860 -0.292802 -0.369480 -0.491381 -0.096399 -0.201902 0.045309 0.112144 0.140314 -0.015540 0.252334 -0.148042 0.173987 -0.037184 0.100498 -0.070392 0.347057 0.015898 0.210068 -0.005075 0.029596 -0.076278 -0.184618 -0.250803 -0.085749 0.010822 0.002737 -0.077846 -0.036806 0.346198 0.357147 0.084046 0.353522 0.095020 -0.106687 0.069916
-0.028583 0.130153 0.498307 0.340134 0.450873 0.391913 -0.186793 0.054625 0.306075 0.258215 0.182974 -0.056326 0.022069 -0.525129 0.386965 -0.070461 -0.360557 -0.564682 -0.384105 0.091259 0.464678 0.667091 0.624783 0.577121 0.470558 0.729213 0.606080 1.000000 -0.570447 -0.545446 -0.052832 0.023106 -0.333624 -0.175620 -0.053307 0.192389 -0.337606 -0.021032 0.141274 0.140238 -0.235365 0.075582 -0.004066 0.107674 -0.014169 0.239977 -0.180713 0.013788 0.066842 -0.132172 0.250294 -0.079299 -0.307876 -0.364156 -0.184827 -0.253733 -0.374398 0.113626 -0.173551 0.015806 -0.523082 -0.375506 -0.553109 -0.699343 0.079291 0.162546 0.179763 0.495797 0.236607 0.368716 0.009069 -0.061468 -0.451671 -0.349886 -0.371648 -0.159459 -0.401679 -0.147559 0.000117 -0.087597 -0.239983 -0.334101 0.019946 -0.199113 0.117890 0.044269 0.412850 0.380650 0.435154 0.009978 0.060485 -0.163497 0.210775 0.273755 0.294429 -0.310612 0.367244 0.243758 0.033194 -0.186675 -0.023609 -0.090308 -0.344987 -0.125967 -0.038613 0.199569 0.249147 0.019898 -0.050250 -0.027584 0.298268 -0.153255 -0.022521 0.068898 -0.031887 -0.056365
0.101103 -0.387825 -0.146086 -0.112126 -0.248271 -0.350461 0.227325 0.118256 -0.363468 -0.247331 0.094304 0.334008 0.198481 0.538681 0.057450 0.294662 0.475877 0.605614 0.696325 -0.141825 -0.260917 -0.214835 -0.224999 -0.331459 -0.094674 -0.368107 -0.390346 -0.570447 1.000000 0.805437 0.352233 0.418799 0.430654 0.251691 -0.019360 -0.425913 0.502242 0.033380 -0.013927 -0.139200 0.642517 0.121557 -0.066093 -0.188550 -0.169081 -0.325533 0.012173 -0.307019 -0.459385 -0.252688 -0.496460 -0.434832 -0.037613 0.327406 0.019927 0.119613 0.065929 -0.485427 -0.305700 -0.518608 0.197742 0.126386 0.528235 0.504954 0.103909 -0.171029 -0.480837 -0.580125 -0.318994 -0.461016 0.127756 0.232774 0.799129 0.483434 0.602263 0.429603 0.339323 0.277830 0.077437 0.164314 0.611763 0.718341 0.298405 0.404982 0.350909 0.244414 -0.298255 -0.019148 -0.345960 -0.158989 -0.364206 -0.182692 -0.233455 -0.518761 0.044998 0.147464 -0.208192 -0.372884 -0.385591 0.039815 -0.276880 -0.230633 0.072094 -0.138579 0.120612 -0.060866 -0.277701 -0.184869 0.183452 0.065741 -0.267716 -0.015808 -0.097685 0.258737 0.373622 0.148214
-0.057549 -0.379735 -0.230255 -0.204034 -0.305193 -0.437191 0.129497 0.114704 -0.323228 -0.253437 -0.011909 0.402789 0.018647 0.642452 -0.051237 0.437673 0.412360 0.789366 0.634432 -0.045833 -0.253428 -0.272070 -0.210206 -0.387722 -0.111493 -0.353988 -0.416402 -0.545446 0.805437 1.000000 0.357026 0.373391 0.441428 0.220415 -0.148480 -0.315394 0.528258 0.214080 0.116345 -0.042505 0.617169 0.301258 -0.031897 -0.065966 -0.224636 -0.396928 0.093489 -0.103735 -0.412023 -0.247040 -0.607569 -0.429138 -0.067358 0.373882 0.091472 0.289142 -0.059771 -0.605216 -0.348662 -0.441317 0.337934 0.300874 0.481368 0.494882 0.086106 -0.036792 -0.540378 -0.571089 -0.238239 -0.390126 0.245702 0.380595 0.832653 0.676480 0.751292 0.586373 0.505654 0.359660 0.121605 0.187465 0.570349 0.678376 0.275414 0.376382 0.303620 0.151640 -0.048493 0.111313 -0.290711 -0.263663 -0.308201 -0.177500 -0.158831 -0.471747 -0.125658 0.050459 -0.192895 -0.337681 -0.350229 -0.017233 -0.107279 -0.203463 0.187223 -0.089310 0.164360 -0.186914 -0.264287 -0.217644 0.238305 -0.070065 -0.203666 -0.071837 -0.135076 0.074019 0.280500 0.131738
-0.154560 -0.509722 0.367384 0.168770 -0.088407 -0.119027 0.309159 0.193229 -0.308631 -0.368394 0.123775 0.022982 0.155127 0.088024 0.051021 0.033501 -0.130668 0.077715 0.462917 0.199401 0.279843 0.148547 0.372774 -0.160115 0.194878 0.278164 -0.069985 -0.052832 0.352233 0.357026 1.000000 0.718571 0.194733 0.253573 0.112096 0.056961 0.297960 0.101088 0.095538 -0.111807 0.241481 0.300627 -0.108321 0.014729 0.011482 -0.016992 -0.170817 -0.153439 -0.285515 -0.123275 -0.392800 -0.446397 -0.294254 -0.198033 -0.139266 -0.161606 -0.428315 -0.596036 -0.415454 -0.224222 -0.151192 -0.170080 0.010600 0.164275 0.239912 -0.285792 -0.267650 0.031871 -0.318445 -0.370858 0.304261 0.424158 0.456999 0.507002 0.588774 0.455360 0.442625 0.325095 -0.271999 -0.160120 0.004181 0.038156 0.373230 0.255521 0.382164 0.138979 0.071411 0.288359 0.134847 -0.340872 -0.170344 -0.091922 -0.061854 -0.327420 -0.132600 0.073898 -0.040652 -0.119820 -0.120295 -0.253644 -0.106244 -0.211080 0.016400 -0.214737 -0.139878 -0.172995 -0.188187 -0.220168 0.126140 -0.108892 0.194218 -0.055473 -0.303669 -0.063353 0.155481 -0.167981
-0.151912 -0.331699 0.454771 0.257876 -0.061983 -0.127882 0.339206 0.411293 -0.199620 -0.149246 0.241378 0.287658 0.188750 0.081295 0.301165 0.283691 0.021968 0.091627 0.425035 0.090123 0.222845 0.374615 0.371381 0.165370 0.038157 0.233555 -0.046880 0.023106 0.418799 0.373391 0.718571 1.000000 0.251279 0.473484 -0.054223 0.030668 0.049992 -0.230176 -0.104016 -0.305623 0.165430 0.165252 0.011721 0.012562 -0.098888 -0.032149 -0.062855 -0.067506 -0.414652 -0.252994 -0.361506 -0.508179 -0.395643 -0.043965 -0.483657 -0.194488 -0.360860 -0.493239 -0.593117 -0.493049 -0.219938 -0.047975 -0.039009 0.018314 0.457212 -0.098334 -0.416098 -0.129852 -0.226420 -0.241921 0.238971 0.458108 0.411239 0.301890 0.447045 0.360780 0.121337 0.139879 -0.058956 0.004235 0.280288 0.271360 0.467788 0.352526 0.510954 0.262701 0.177354 0.193444 0.050774 -0.510038 -0.130556 -0.152079 -0.072720 -0.389602 -0.143455 0.007659 -0.028812 -0.026551 -0.249847 -0.065925 -0.398433 -0.432019 -0.254577 -0.397000 -0.190957 -0.234997 -0.207182 -0.365717 -0.095082 0.134473 0.082560 0.063752 -0.088292 0.054699 0.115091 -0.143203
0.013972 -0.196515 0.049261 0.044696 -0.180150 -0.220273 0.312286 0.177203 -0.147370 -0.120729 -0.230099 -0.007927 -0.148740 0.220962 -0.083080 0.098990 0.082724 0.290868 0.521247 0.257658 -0.218177 -0.040348 -0.001425 -0.259339 -0.223321 -0.205026 -0.382066 -0.333624 0.430654 0.441428 0.194733 0.251279 1.000000 0.383897 -0.118906 -0.225795 0.105628 -0.051697 0.115005 -0.252225 0.249722 0.332800 -0.028092 -0.079860 -0.095709 -0.125536 -0.039101 -0.209540 -0.178523 0.053331 -0.247171 -0.164860 0.057047 -0.078126 -0.078089 -0.197954 -0.134940 -0.365212 -0.156817 -0.147895 0.120393 0.288769 0.118369 0.232149 -0.055389 -0.134945 -0.087943 -0.073447 0.138063 0.015290 -0.269060 -0.010437 0.439230 0.200489 0.455478 0.044227 0.026995 -0.218283 0.196475 -0.021743 0.103473 0.424936 0.104574 0.285592 0.011653 -0.057194 0.005873 -0.039931 -0.188172 -0.313957 -0.356599 -0.319725 -0.285897 -0.326081 -0.091135 0.173840 0.018383 -0.104672 -0.151526 -0.100162 -0.101879 -0.298386 0.099167 0.016599 0.232737 -0.082778 -0.173595 -0.148892 0.088071 0.092410 -0.279920 0.023700 -0.049929 0.004147 0.197101 0.001889
-0.046152 0.042711 0.028249 -0.005518 -0.278173 -0.325053 0.251130 0.161866 -0.268629 -0.261043 0.050667 0.122668 -0.066048 0.111811 0.100851 0.239403 0.025276 0.110455 0.214368 0.263579 -0.137460 -0.089032 0.081340 0.041492 -0.350756 -0.156586 -0.223150 -0.175620 0.251691 0.220415 0.253573 0.473484 0.383897 1.000000 0.046060 0.294957 -0.159578 -0.168779 -0.180936 -0.236345 -0.129967 0.150263 -0.053006 -0.100248 -0.034004 -0.013641 -0.028013 0.027348 -0.258787 0.019934 -0.453481 -0.264447 -0.301290 -0.131929 -0.296667 -0.013858 -0.092423 -0.081951 -0.165865 -0.158639 0.167012 0.293631 0.035435 0.171875 0.502109 0.148725 -0.185324 -0.023461 -0.022429 0.060953 -0.273006 -0.097625 0.158138 0.031616 0.147414 -0.012390 -0.023197 -0.100521 0.252896 0.065279 0.177505 0.225309 0.419559 0.342844 0.199906 -0.003087 0.282185 -0.032049 0.053745 -0.316006 -0.190530 -0.285178 -0.350309 -0.292184 -0.221485 -0.016778 -0.064154 0.194710 -0.219500 -0.151507 -0.292792 -0.133503 -0.263402 -0.260300 -0.313365 -0.269109 -0.125694 -0.097293 -0.127051 0.023844 -0.033867 -0.081889 0.015344 -0.251858 -0.249510 -0.153105
-0.105988 -0.266792 0.133815 0.089590 0.099687 0.026203 0.067715 -0.031404 0.003467 0.022735 0.047653 -0.044805 0.044586 -0.013686 0.028793 -0.007246 -0.132156 -0.154437 -0.000140 0.113481 0.011751 -0.193165 0.097545 -0.016614 0.207012 0.078919 -0.002150 -0.053307 -0.019360 -0.148480 0.112096 -0.054223 -0.118906 0.046060 1.000000 0.301504 0.056228 0.094278 0.038394 0.123291 -0.057012 -0.013173 -0.016806 0.006346 0.252743 0.198109 0.012137 -0.017675 -0.041613 0.158178 0.020420 0.040619 -0.215109 -0.193157 -0.082001 0.006598 0.028735 0.070894 -0.096067 0.014780 -0.331822 -0.202950 -0.190182 -0.107946 0.082270 0.045985 0.146990 0.232220 -0.144539 0.000940 -0.091596 -0.119312 -0.071775 0.001540 0.010688 0.061673 -0.070729 0.046446 -0.286513 -0.053483 -0.132015 -0.143480 0.036609 -0.068759 -0.012346 -0.066630 -0.002280 -0.041689 -0.077438 -0.064556 -0.055346 -0.084270 0.073646 -0.095924 0.093710 0.114746 0.038979 -0.052906 -0.025971 -0.135751 0.070767 0.011370 0.136433 0.029349 0.153540 0.203765 -0.342961 0.345512 0.123819 -0.059609 0.165179 -0.133742 -0.033043 0.179965 0.000708 0.068233
-0.324997 -0.092537 0.249065 0.154997 0.254290 0.237273 0.247606 0.013465 0.178050 0.000314 0.025785 -0.190652 -0.014553 -0.286242 -0.072057 -0.254928 -0.257615 -0.289402 -0.382719 0.369643 -0.010914 -0.055192 0.338695 0.103631 0.076621 0.255195 0.239680 0.192389 -0.425913 -0.315394 0.056961 0.030668 -0.225795 0.294957 0.301504 1.000000 -0.132184 0.037221 0.055604 0.001966 -0.443265 -0.002043 0.033407 0.169727 0.233294 0.330432 0.081001 0.449830 0.124679 0.233322 0.054605 0.097153 -0.122372 -0.192543 -0.024473 0.019125 -0.195170 0.147967 -0.085906 0.068993 -0.221739 -0.232354 -0.407264 -0.303117 0.112137 0.039837 0.084038 0.449022 0.219575 0.360844 -0.147517 -0.097332 -0.161551 -0.213370 -0.175117 -0.134698 -0.149089 -0.013086 0.140290 -0.111863 -0.324393 -0.399492 -0.054818 -0.264485 -0.232916 -0.321942 0.127471 -0.200465 0.298607 -0.136571 0.256331 0.134412 0.051898 0.028341 -0.302265 -0.083430 0.178444 0.113564 0.345179 -0.043681 0.167466 0.230881 -0.204739 -0.132471 -0.384216 -0.157532 -0.249640 0.026119 -0.105909 -0.015839 0.523218 0.142979 0.144520 -0.297362 -0.459495 -0.077824
