1.000000 0.469753 -0.181326 -0.143688 -0.142426 -0.031704 0.563326 0.265209 -0.219347 0.001568 -0.048708 0.073729 0.416514 0.311481 -0.157013 -0.050748 0.301249 0.305239 0.113319 0.159298 -0.422498 -0.525507 -0.340911 -0.432825 -0.308220 -0.379463 -0.302119 -0.243797 0.150549 0.291987 -0.360564 -0.423856 0.413607 0.342748 0.116509 -0.015073 0.015245 -0.179671 -0.318636 -0.207289 0.195722 -0.031975 -0.373732 -0.310514 -0.108922 -0.000086 -0.476026 -0.196714 -0.017067 -0.000147 -0.234886 -0.091359 -0.095154 -0.292909 -0.430072 -0.381736 0.170517 -0.313115 0.268696 -0.079765 0.217266 0.141296 0.276394 0.125455 0.164314 0.192696 0.066160 0.044573 0.196442 -0.088128 -0.197199 -0.244578 0.425189 0.165507 0.251842 0.010118 0.323420 -0.068552 0.159707 0.073767 0.235826 0.141928 -0.005963 0.099886 -0.125202 -0.324408 -0.193185 -0.208323 -0.245523 -0.267049 -0.069767 0.264330 0.155701 0.182626 -0.086919 -0.070202 -0.513240 -0.160908 -0.125449 0.154179 0.319091 0.251647 0.322422 0.392273 -0.199262 -0.253122 -0.331891 0.021977 0.060815 0.011649 0.058144 -0.123062 -0.033252 0.182470 -0.040373 -0.027591
0.469753 1.000000 -0.598101 0.003622 -0.102434 -0.093310 0.274085 0.494753 -0.086354 0.153108 -0.180549 0.363335 0.070113 0.477569 -0.199394 0.390864 0.395712 0.453832 -0.014582 0.351211 -0.505498 -0.356937 -0.627459 -0.370249 -0.418286 -0.137341 -0.165897 -0.200322 0.158684 0.460032 -0.579550 -0.351576 0.214554 0.318002 -0.369693 -0.095163 0.047750 -0.100450 -0.134716 0.098304 0.205231 0.066422 -0.450727 -0.592626 -0.436718 -0.254394 -0.473412 -0.304982 -0.227054 -0.018303 -0.606822 -0.218455 -0.028298 -0.282552 -0.242628 -0.462761 0.236371 -0.098637 0.317117 0.197246 0.358790 0.423914 0.402533 0.375965 -0.095349 0.269365 0.178329 -0.050527 0.221476 0.053297 -0.200954 -0.415138 0.320524 0.083448 0.033530 -0.153751 0.095806 0.021275 0.310048 0.215725 0.326718 0.149547 0.028229 0.430508 -0.350577 -0.183064 -0.149849 -0.040534 -0.365702 -0.043444 0.340320 0.166637 0.272174 -0.036729 -0.113775 0.039699 -0.514826 -0.153751 -0.122778 0.044984 0.354761 0.180476 0.559356 0.413908 -0.075482 -0.299628 -0.318654 -0.214029 -0.213167 0.322917 -0.147300 -0.059659 0.093646 -0.012406 -0.226740 0.050494
-0.181326 -0.598101 1.000000 0.298772 0.304230 0.200149 -0.011619 -0.169682 0.208703 -0.011180 0.237438 -0.347126 -0.028511 -0.277296 0.317006 -0.289632 -0.475373 -0.646198 0.432864 -0.154547 0.661261 0.339281 0.736577 0.616460 0.428578 0.288368 0.148105 0.303835 -0.416873 -0.569515 0.665720 0.555405 -0.413118 -0.382179 0.143247 0.077587 -0.287767 -0.193845 -0.114609 -0.164675 0.004381 0.028251 0.204802 0.359380 0.152031 0.129810 0.236422 0.112098 0.196490 0.019071 0.547928 0.246249 -0.178364 0.207116 -0.210907 0.089066 -0.341285 0.025300 -0.256524 -0.188162 -0.338474 -0.269799 -0.526294 -0.512265 0.307498 -0.062126 -0.190003 0.003200 -0.212710 -0.094407 0.312209 0.094005 -0.529858 -0.216865 -0.142513 -0.095835 -0.280512 -0.201327 -0.354129 -0.354463 -0.561407 -0.465843 0.239101 -0.339060 0.227654 0.008744 0.327464 0.096795 0.417348 0.012810 -0.242752 -0.122118 -0.122539 0.058993 0.260213 -0.109968 0.227162 0.087884 -0.202851 -0.231475 -0.186566 -0.266426 -0.505003 -0.435653 -0.093959 0.031533 0.109580 0.104586 0.043469 -0.153027 0.035941 -0.090246 -0.205771 0.032981 0.200503 0.005275
-0.143688 0.003622 0.298772 1.000000 0.243688 0.275600 -0.041257 0.369075 0.219341 0.325113 0.184208 0.391942 -0.037796 0.154757 0.320638 0.246527 -0.519425 -0.489966 0.377271 0.118984 0.247722 0.209559 0.248434 0.529877 0.094071 0.380498 0.128315 0.426287 -0.322490 -0.170399 0.128253 0.256953 -0.444586 -0.306063 0.238105 0.020269 -0.216324 -0.208039 0.003030 -0.038561 -0.037166 0.222527 -0.208530 0.003024 -0.025941 0.173816 -0.055580 0.017443 -0.024784 0.045592 0.017333 0.093754 -0.432417 -0.182687 -0.145775 -0.020536 -0.364731 -0.304385 -0.454160 -0.361267 -0.402745 -0.399792 -0.462916 -0.543617 0.107334 0.138411 -0.134934 0.344209 -0.344916 -0.130864 0.164674 -0.227926 -0.280343 -0.059031 -0.089705 -0.012130 -0.080197 0.109905 -0.250823 -0.247195 -0.504416 -0.523577 0.147495 0.243391 -0.028717 0.280507 0.099763 0.254184 0.148276 0.249387 0.006335 -0.119992 0.351114 0.045742 0.058681 0.070007 0.192542 -0.033810 -0.411662 -0.466202 0.083410 -0.216554 -0.241376 -0.316393 0.092652 -0.113872 -0.088592 -0.250841 0.023153 0.045706 0.165878 -0.250752 -0.312443 -0.235656 0.080804 -0.016761
-0.142426 -0.102434 0.304230 0.243688 1.000000 0.163179 0.005201 0.106234 0.357000 0.344896 -0.061756 -0.038582 0.184664 0.140316 0.171595 0.190403 -0.016391 -0.188045 0.136416 0.044938 0.251391 0.148979 0.156341 0.212305 0.249701 0.066474 0.383045 -0.009112 -0.109166 -0.169770 0.208630 0.123526 -0.096300 -0.212041 0.024919 0.094636 -0.083680 -0.071208 -0.062585 -0.027221 0.002298 0.204158 -0.170055 -0.108190 0.066233 0.032094 -0.094437 -0.168500 0.060209 -0.083500 0.031927 -0.036481 -0.147570 -0.163962 -0.267316 -0.085716 -0.100833 0.019414 -0.021348 -0.088109 0.120011 -0.011671 -0.110446 -0.116717 0.174047 0.068234 -0.019791 -0.034095 -0.060587 -0.038703 -0.080709 -0.082194 -0.128449 -0.048513 0.023913 -0.047814 -0.138824 -0.203282 -0.061195 0.032843 -0.316441 -0.128817 -0.163708 0.002989 -0.170017 -0.085528 -0.228576 -0.251506 0.049576 0.037671 -0.022133 -0.126555 -0.097477 -0.161442 0.114915 -0.290365 -0.060469 0.084674 -0.142532 -0.232200 -0.105226 -0.194552 -0.221114 -0.159028 0.007800 0.017207 0.007023 0.029243 -0.248466 -0.129878 -0.224015 -0.031540 -0.320775 -0.289507 0.195557 0.159667
-0.031704 -0.093310 0.200149 0.275600 0.163179 1.000000 0.148012 0.320730 0.317841 0.306758 0.239781 -0.056370 0.023668 -0.058336 0.226299 0.034226 -0.068848 -0.353491 0.321032 0.052658 0.017449 0.000999 0.214181 0.476855 0.205488 0.297562 -0.068687 0.229511 -0.174846 -0.417170 0.143381 0.307177 -0.193603 -0.175650 -0.044391 -0.102421 -0.354155 -0.361256 -0.333057 -0.263646 0.041711 0.025363 -0.314388 -0.185989 -0.261058 0.193248 -0.323925 -0.409531 -0.305536 -0.200480 -0.003384 -0.159228 -0.281561 -0.264387 -0.319913 -0.388863 -0.215718 -0.239252 -0.105048 -0.206396 -0.062414 -0.023667 -0.157212 -0.273673 0.554685 0.184582 0.152433 0.222614 -0.093689 0.018918 -0.210281 -0.180422 -0.313238 -0.182791 -0.244412 -0.280118 -0.268457 -0.094242 0.048181 -0.224337 -0.239965 -0.306795 0.155303 -0.074304 0.191715 0.127509 0.174191 -0.040105 0.316200 -0.112722 -0.111852 -0.103563 0.181889 0.206816 -0.000817 0.047886 -0.200180 -0.034489 -0.436008 -0.307978 0.044437 0.039414 -0.161388 -0.098926 -0.118551 -0.073135 -0.030978 0.091350 -0.116358 -0.000859 -0.240213 -0.233540 -0.263200 -0.084121 0.032967 0.117525
0.563326 0.274085 -0.011619 -0.041257 0.005201 0.148012 1.000000 0.663101 0.061516 0.314363 0.103549 0.097446 0.323204 0.276297 -0.281609 -0.047884 0.128684 0.107350 0.198214 0.133519 -0.424265 -0.505956 -0.378466 -0.262312 -0.388163 -0.335802 -0.451468 -0.509483 -0.052474 0.118772 0.007464 -0.032431 0.139740 0.214895 -0.084734 -0.098875 -0.191866 -0.319149 -0.600922 -0.459825 0.081275 0.126501 -0.158384 -0.139870 0.054252 0.302933 -0.321029 -0.093601 -0.043737 0.220423 -0.111261 -0.066626 -0.118620 -0.211732 -0.656110 -0.563509 -0.018599 -0.605169 0.227827 -0.152748 0.014421 0.182593 0.098650 -0.046728 0.577751 0.441643 0.091471 0.252900 -0.084145 -0.373533 -0.184264 -0.188574 0.292290 0.239155 0.268407 -0.017056 0.115093 -0.100985 0.121661 -0.019788 0.010042 -0.058623 -0.097216 -0.058750 -0.167926 -0.497847 -0.261912 -0.354490 -0.241873 -0.306853 0.039917 0.040307 0.250566 0.000675 -0.217714 0.095360 -0.550957 -0.302436 -0.125397 0.143807 0.300559 0.249817 0.289881 0.337711 -0.351136 -0.270700 -0.174218 0.077893 0.103034 0.097046 -0.254184 -0.323911 -0.226798 0.093805 -0.222556 -0.147185
0.265209 0.494753 -0.169682 0.369075 0.106234 0.320730 0.663101 1.000000 0.212052 0.639390 -0.040165 0.269016 0.180835 0.523023 -0.251206 0.253873 0.053466 -0.025236 0.201470 0.041491 -0.422407 -0.332199 -0.449380 -0.083143 -0.354704 -0.070913 -0.307527 -0.384622 -0.268152 0.089650 -0.124177 0.073449 -0.064673 0.158694 -0.147727 -0.008227 -0.284324 -0.401475 -0.534772 -0.281966 0.023344 0.143598 -0.313888 -0.272953 -0.057261 0.375947 -0.367365 -0.211976 -0.149101 0.254178 -0.264486 -0.050659 -0.310054 -0.383544 -0.553845 -0.495313 -0.143844 -0.627764 0.138976 -0.147523 0.012327 0.218083 -0.042281 -0.097336 0.509726 0.704225 0.143919 0.435008 -0.231338 -0.337640 -0.238239 -0.359117 0.075850 0.069586 0.005927 -0.024357 -0.045187 -0.052642 0.156232 -0.015236 -0.101962 -0.214979 -0.223949 0.077786 -0.269635 -0.326909 -0.310726 -0.227066 -0.209840 -0.050904 0.120251 -0.108019 0.417201 -0.042248 -0.266502 0.209628 -0.370421 -0.297601 -0.326528 -0.118749 0.312747 0.233865 0.367385 0.247533 -0.199436 -0.318068 -0.209341 -0.212000 0.024494 0.230444 -0.234924 -0.312125 -0.231382 -0.168386 -0.302665 -0.098259
-0.219347 -0.086354 0.208703 0.219341 0.357000 0.317841 0.061516 0.212052 1.000000 0.610963 0.339469 0.162126 -0.110649 -0.152468 0.408659 0.435903 0.081216 -0.209018 0.160583 0.225619 0.157692 0.094999 0.208884 0.414548 0.291113 0.429014 0.031385 0.152242 0.050305 -0.199463 0.332437 0.397750 -0.303528 -0.361824 -0.228194 -0.057291 -0.297593 -0.346230 -0.112436 -0.266869 -0.058192 0.244210 -0.052689 -0.004695 -0.186498 -0.112747 -0.069478 -0.204345 -0.210146 -0.070044 0.092145 -0.068398 -0.099653 0.004605 -0.315959 -0.382682 0.027006 -0.068601 -0.229456 -0.176084 -0.086434 -0.236460 -0.078487 -0.214645 0.383533 -0.084338 -0.118873 -0.040653 -0.112925 -0.078047 -0.218656 -0.110277 -0.097978 -0.134680 -0.101012 -0.113410 -0.204078 -0.079873 -0.067700 0.032210 -0.143328 -0.289584 0.217942 0.314823 0.191872 0.084288 0.203026 0.073797 0.327109 -0.098797 -0.130844 -0.122306 -0.002923 0.083911 -0.111749 -0.005568 -0.322897 -0.329307 -0.308135 -0.334902 -0.198085 -0.186048 -0.268638 -0.237690 -0.295016 -0.205523 -0.131900 -0.106266 -0.149602 0.132050 -0.376018 -0.229025 -0.201848 -0.346646 -0.101037 -0.094024
0.001568 0.153108 -0.011180 0.325113 0.344896 0.306758 0.314363 0.639390 0.610963 1.000000 -0.027324 0.054784 -0.105870 0.219212 -0.115579 0.216782 0.108694 -0.047183 0.088781 0.122929 -0.143914 -0.099458 -0.112008 0.168971 0.049650 0.145226 -0.089161 -0.145560 -0.205249 -0.108937 0.168701 0.245899 -0.183528 -0.004379 -0.137847 0.221077 -0.428301 -0.379100 -0.298741 -0.204751 -0.073252 0.088355 -0.195207 -0.039525 -0.074652 0.200949 -0.197764 -0.115303 -0.202283 0.088200 -0.138883 -0.061509 -0.364497 -0.247051 -0.532804 -0.385135 -0.086332 -0.396508 -0.027651 -0.340386 -0.005971 0.014004 -0.099126 -0.151437 0.437054 0.402930 -0.147907 0.144448 -0.292715 -0.213730 -0.333951 -0.068992 -0.036182 -0.050785 -0.126498 -0.053852 -0.179658 -0.155513 0.026154 -0.025239 -0.152297 -0.156339 -0.088911 0.099017 -0.072958 -0.230575 -0.092412 -0.081463 0.168755 -0.098499 0.076839 -0.052907 0.251206 0.014069 -0.165883 0.016831 -0.264902 -0.202042 -0.295040 -0.169830 0.071730 -0.000171 0.061338 0.030917 -0.160799 -0.206692 -0.094024 -0.114895 -0.068916 0.106989 -0.299516 -0.366123 -0.257930 -0.321194 -0.056895 -0.048047
-0.048708 -0.180549 0.237438 0.184208 -0.061756 0.239781 0.103549 -0.040165 0.339469 -0.027324 1.000000 0.233085 0.060770 -0.315945 0.577365 0.153239 -0.188432 -0.230500 0.216843 0.367351 0.030301 -0.067973 0.395719 0.490843 0.176864 0.276473 -0.271439 0.278236 0.174589 -0.380937 0.202733 0.203076 -0.325475 -0.482169 0.071901 -0.238795 -0.272232 -0.421857 -0.169541 -0.410360 -0.249283 -0.021081 -0.065013 -0.037115 -0.107701 -0.125275 -0.039399 -0.084579 -0.167633 -0.202515 0.251550 -0.086914 -0.093981 0.208779 -0.164109 -0.260005 -0.006255 0.003084 -0.420956 -0.260219 -0.366287 -0.267696 -0.097910 -0.255803 0.451883 -0.239861 -0.072638 -0.006880 -0.117994 -0.053654 -0.049181 -0.205482 -0.244038 -0.249404 -0.078945 -0.317988 -0.043881 0.036623 -0.115616 -0.177973 -0.211985 -0.293870 0.244337 0.138250 0.489801 0.214161 0.305506 0.197556 0.445410 -0.033515 -0.096515 0.008967 0.136021 0.300101 -0.068172 0.136368 -0.178184 -0.144650 -0.337090 -0.285878 -0.306358 -0.204573 -0.414442 -0.345578 -0.212562 -0.008512 0.077841 -0.081997 0.112499 -0.001660 -0.016888 -0.142155 -0.130944 0.030419 -0.032223 -0.080019
0.073729 0.363335 -0.347126 0.391942 -0.038582 -0.056370 0.097446 0.269016 0.162126 0.054784 0.233085 1.000000 0.196190 0.344075 0.263186 0.554490 -0.046268 0.039928 0.002913 0.299742 -0.145224 0.048945 -0.258733 0.026205 -0.066014 0.227755 0.034422 0.126280 0.370293 0.481567 -0.241893 -0.122929 -0.230562 -0.158330 0.015041 -0.159737 0.344141 0.157257 0.217625 0.103272 0.146325 0.375575 -0.336105 -0.345002 -0.151035 -0.059444 -0.323879 -0.194931 -0.145559 -0.043645 -0.283895 -0.260285 -0.103190 -0.338474 0.062327 -0.287497 -0.112506 -0.266515 -0.374419 -0.160940 -0.203131 -0.269392 0.104841 -0.120062 -0.101875 -0.055644 0.011836 0.337896 -0.265207 -0.115968 -0.102448 -0.213483 0.321516 0.147895 0.153957 0.101238 0.207392 0.223728 0.061366 0.126568 0.126094 -0.112317 0.084997 0.665328 0.064474 0.482331 -0.025262 0.160079 -0.231713 0.177986 0.011404 -0.104019 0.255144 -0.043809 -0.003792 0.063227 -0.155094 -0.185833 -0.193125 -0.413310 0.000146 -0.196955 -0.034391 0.018524 -0.130342 -0.278342 -0.399812 -0.275030 -0.014860 0.209578 0.078036 -0.134032 -0.175506 -0.140180 -0.129062 -0.000213
0.416514 0.070113 -0.028511 -0.037796 0.184664 0.023668 0.323204 0.180835 -0.110649 -0.105870 0.060770 0.196190 1.000000 0.637225 0.149037 0.182768 0.254820 0.034565 0.025362 -0.372366 -0.156830 -0.210821 -0.260527 -0.376573 -0.209215 -0.354472 0.118074 -0.230872 0.015130 0.121657 -0.257190 -0.376006 0.204665 0.011012 0.123492 0.088763 0.154850 -0.074348 -0.125243 -0.220627 0.174005 0.184384 -0.183795 -0.200531 0.256623 0.228126 -0.222296 -0.174513 0.444878 0.257916 0.121337 0.153297 0.297194 -0.114938 -0.003278 -0.115078 -0.279268 -0.218328 0.100408 0.157644 0.171844 0.165904 -0.031063 0.044761 0.189046 0.347238 0.181858 0.186787 -0.183521 -0.419825 -0.103440 -0.159133 0.170784 -0.009894 0.097983 0.023774 0.088717 -0.102031 -0.125939 -0.015089 -0.025470 -0.076849 -0.113450 -0.095918 -0.144077 -0.199280 -0.260177 -0.259292 -0.294743 0.049518 -0.240522 -0.074331 0.104959 -0.007794 -0.104291 -0.116259 -0.263115 -0.182405 -0.039420 -0.179054 0.178370 0.304265 -0.011333 0.084811 -0.172664 -0.167417 -0.241768 -0.179540 0.132800 0.032107 0.233002 0.119351 -0.024689 0.080785 -0.084668 -0.037821
0.311481 0.477569 -0.277296 0.154757 0.140316 -0.058336 0.276297 0.523023 -0.152468 0.219212 -0.315945 0.344075 0.637225 1.000000 -0.129790 0.345898 0.239584 0.149911 -0.074060 -0.316766 -0.264013 -0.092963 -0.491050 -0.418344 -0.272310 -0.261882 0.181999 -0.306127 -0.177883 0.348646 -0.377551 -0.300774 0.022531 0.146013 -0.111500 0.092618 0.153278 0.030101 -0.116691 -0.004357 0.162755 0.169166 -0.262121 -0.326370 0.147489 0.211138 -0.254630 -0.199952 0.402790 0.419111 -0.119631 0.203324 0.139617 -0.243010 -0.050446 -0.158474 -0.209868 -0.255957 0.164543 0.164258 0.137370 0.350298 -0.090865 0.062400 -0.081983 0.626000 0.050888 0.240660 -0.311212 -0.351007 -0.097485 -0.127226 0.160032 0.035844 -0.079975 0.088299 0.007015 -0.133791 0.004025 0.046927 0.043157 -0.041223 -0.169301 0.004978 -0.356627 -0.217982 -0.268381 -0.226066 -0.422231 0.244872 0.070469 -0.064159 0.283964 -0.113316 -0.127889 -0.051940 -0.199124 -0.166045 -0.061745 -0.170020 0.392050 0.286990 0.267075 0.195923 -0.109760 -0.268188 -0.245647 -0.237209 0.032187 0.140203 0.086716 -0.042421 0.047912 0.020523 -0.192644 -0.016199
-0.157013 -0.199394 0.317006 0.320638 0.171595 0.226299 -0.281609 -0.251206 0.408659 -0.115579 0.577365 0.263186 0.149037 -0.129790 1.000000 0.469136 -0.230377 -0.317951 0.192929 0.096988 0.367659 0.239118 0.554819 0.484591 0.477233 0.506521 0.346950 0.606325 0.114175 -0.242246 0.128816 0.182959 -0.373247 -0.524855 0.084978 -0.058139 -0.002421 -0.114357 0.287949 -0.031071 -0.054527 0.048748 -0.038731 -0.070903 -0.126124 -0.270509 -0.030698 -0.152083 0.008047 -0.232115 0.313453 -0.059957 -0.055406 0.047207 0.068713 -0.100515 -0.122116 0.223594 -0.442689 -0.005652 -0.301893 -0.297314 -0.193004 -0.236072 0.062294 -0.373186 0.005082 -0.043897 -0.207996 -0.050500 0.091407 -0.203720 -0.307873 -0.297053 -0.178512 -0.191096 -0.133141 0.108564 -0.162660 0.057380 -0.217045 -0.368218 0.441668 0.335076 0.425203 0.415108 0.426959 0.337181 0.465956 0.235491 -0.294050 -0.211226 0.015488 0.223976 0.177832 -0.019781 0.042139 -0.059911 -0.380728 -0.539250 -0.214418 -0.249567 -0.487209 -0.450272 -0.085326 -0.153636 -0.181352 -0.193780 0.087123 0.065625 0.159120 0.067081 -0.118330 -0.155767 0.073421 0.035721
-0.050748 0.390864 -0.289632 0.246527 0.190403 0.034226 -0.047884 0.253873 0.435903 0.216782 0.153239 0.554490 0.182768 0.345898 0.469136 1.000000 0.118316 0.192468 -0.034354 0.148507 -0.135434 -0.000670 -0.202701 -0.041165 0.011961 0.269949 0.328355 0.149988 0.152583 0.256060 -0.275578 -0.171142 -0.138630 -0.269671 -0.201540 -0.099734 0.159231 0.002528 0.234757 0.043426 -0.040593 0.410311 -0.146094 -0.376808 -0.329837 -0.411536 -0.160229 -0.215975 -0.148969 -0.124883 -0.215201 -0.223395 0.085889 -0.143594 0.057683 -0.141133 -0.021113 0.028380 -0.171095 0.229386 0.016642 0.051315 0.207988 0.150480 -0.112220 -0.081294 0.092513 -0.126049 -0.116781 -0.142927 -0.064883 -0.265097 0.164165 -0.007560 -0.054183 -0.025128 0.211430 0.418281 0.062660 0.316662 0.055133 -0.084496 -0.008205 0.561797 -0.117627 0.174144 -0.138575 -0.018846 -0.076743 0.159198 -0.047665 -0.122718 0.277152 0.168858 -0.071033 0.237924 -0.231095 -0.351255 -0.129365 -0.302990 0.116337 0.000604 0.044970 -0.001373 -0.003363 -0.363307 -0.308137 -0.505280 -0.078486 0.393487 -0.087829 -0.000996 -0.049867 -0.252383 -0.308750 -0.204617
0.301249 0.395712 -0.475373 -0.519425 -0.016391 -0.068848 0.128684 0.053466 0.081216 0.108694 -0.188432 -0.046268 0.254820 0.239584 -0.230377 0.118316 1.000000 0.503961 -0.070729 -0.000412 -0.277806 -0.206811 -0.523360 -0.486370 -0.289735 -0.335049 -0.128184 -0.359954 0.309807 0.325876 -0.267903 -0.209770 0.518819 0.419146 -0.287773 -0.009574 0.119198 -0.089893 -0.051275 -0.097335 0.052249 0.016820 -0.210757 -0.344097 -0.258821 -0.237792 -0.325206 -0.302380 -0.079846 -0.151413 -0.366480 -0.255984 0.473585 -0.091559 0.042549 -0.357355 0.305296 0.042337 0.471364 0.270946 0.763370 0.472537 0.622832 0.643069 0.023990 0.093527 0.309419 -0.146408 0.245973 -0.009760 -0.306652 0.040829 0.412432 0.068680 0.209725 0.053062 0.204669 -0.076576 0.283237 0.299921 0.576502 0.458945 -0.032774 0.023441 -0.084575 -0.281337 -0.104871 -0.212706 -0.165421 -0.286177 -0.023906 -0.032741 -0.270248 -0.213092 -0.099712 -0.199682 -0.469940 -0.113611 0.094696 0.065486 0.040479 0.247644 0.318970 0.294558 -0.215662 -0.169043 -0.150044 -0.057525 -0.004037 0.047984 -0.205769 0.083470 0.132570 -0.048939 -0.056971 -0.023016
0.305239 0.453832 -0.646198 -0.489966 -0.188045 -0.353491 0.107350 -0.025236 -0.209018 -0.047183 -0.230500 0.039928 0.034565 0.149911 -0.317951 0.192468 0.503961 1.000000 -0.184752 0.221281 -0.514058 -0.362518 -0.590681 -0.693550 -0.291436 -0.546250 -0.194816 -0.372461 0.446556 0.541102 -0.453699 -0.546662 0.493761 0.300538 -0.021174 -0.135789 0.129154 0.078127 -0.054353 -0.009573 -0.217406 -0.143201 -0.178547 -0.383424 -0.213639 -0.410979 -0.188010 -0.108077 -0.214799 -0.120878 -0.474651 -0.296097 0.243019 -0.113301 0.080630 -0.038830 0.404573 0.134145 0.398109 0.278928 0.377242 0.373015 0.673469 0.655719 -0.274862 -0.071635 0.218363 -0.271908 0.420963 0.087671 -0.319403 -0.041626 0.616318 0.267421 0.303732 0.064298 0.320835 0.156171 0.288998 0.342368 0.597020 0.744954 -0.326959 0.209722 -0.173578 -0.298338 -0.355309 -0.313513 -0.216042 -0.168614 0.165198 0.256057 -0.047952 0.000444 -0.232136 0.127770 -0.206085 -0.023014 0.326295 0.326761 -0.012490 0.271934 0.466819 0.346364 0.198916 0.014777 0.041087 0.098150 -0.056146 -0.043010 -0.162045 -0.026586 0.116327 -0.043523 -0.002138 -0.162729
0.113319 -0.014582 0.432864 0.377271 0.136416 0.321032 0.198214 0.201470 0.160583 0.088781 0.216843 0.002913 0.025362 -0.074060 0.192929 -0.034354 -0.070729 -0.184752 1.000000 0.185535 0.162531 0.126558 0.124674 0.303579 0.046232 0.063164 -0.219514 0.069489 -0.070413 -0.109718 0.273369 0.392326 -0.063673 0.028819 0.008756 -0.168589 -0.159838 -0.225552 -0.165376 -0.088489 0.029553 0.025054 -0.298690 -0.182821 -0.349133 -0.122965 -0.261924 -0.119616 -0.263130 -0.280279 -0.142577 -0.221115 -0.175945 -0.237551 -0.229377 -0.209175 -0.155250 -0.229494 -0.071794 -0.089589 0.089277 -0.151863 -0.004385 -0.102005 0.383488 -0.016881 0.310220 0.321329 -0.014974 -0.161975 0.055929 -0.208335 -0.081406 0.098394 0.140623 -0.039340 0.169315 0.154058 -0.174321 -0.204506 -0.228102 -0.197609 0.135742 0.033637 0.112412 -0.097088 0.072561 -0.075836 0.219677 -0.044869 -0.091478 0.045998 0.017491 0.091165 0.044577 0.100335 -0.008657 -0.138852 -0.249154 -0.208184 -0.139450 -0.000380 0.000406 0.057931 -0.137434 -0.197999 -0.116886 0.030977 0.222554 0.086142 0.059421 -0.074632 -0.326210 -0.148021 -0.054540 -0.151484
0.159298 0.351211 -0.154547 0.118984 0.044938 0.052658 0.133519 0.041491 0.225619 0.122929 0.367351 0.299742 -0.372366 -0.316766 0.096988 0.148507 -0.000412 0.221281 0.185535 1.000000 -0.240418 -0.151321 -0.035779 0.236371 -0.096381 0.095928 -0.357166 0.179710 0.450477 0.146669 -0.072537 -0.080497 -0.063530 -0.127469 -0.127860 -0.213632 -0.058296 -0.100447 -0.069931 -0.029469 -0.057587 -0.003562 -0.321316 -0.378071 -0.549959 -0.542818 -0.268574 -0.209575 -0.587120 -0.453665 -0.480694 -0.439917 -0.275314 -0.128671 -0.316716 -0.448547 0.317121 -0.002912 -0.220196 -0.337249 -0.082388 -0.252801 0.338457 -0.003629 -0.003247 -0.460148 -0.129710 -0.185710 0.220968 0.346439 -0.081778 -0.183489 0.228820 0.275598 0.207670 -0.100207 0.137959 0.090073 0.245031 0.041682 0.137022 0.166142 0.129662 0.506588 0.081632 0.104224 0.047860 0.029710 0.116143 -0.199070 0.342491 0.409261 0.197260 0.233922 0.099944 0.077413 -0.361652 0.076015 -0.177226 0.056705 -0.157845 -0.201355 0.143678 0.135175 -0.039723 -0.060465 -0.085613 0.101086 -0.050019 0.036155 -0.270813 -0.163324 -0.075305 0.003439 0.235324 0.175446
-0.422498 -0.505498 0.661261 0.247722 0.251391 0.017449 -0.424265 -0.422407 0.157692 -0.143914 0.030301 -0.145224 -0.156830 -0.264013 0.367659 -0.135434 -0.277806 -0.514058 0.162531 -0.240418 1.000000 0.663273 0.745904 0.521594 0.607059 0.483984 0.526939 0.513685 -0.224930 -0.338841 0.656009 0.585853 -0.362240 -0.255251 0.126218 0.063330 -0.042862 0.059575 0.301986 0.148757 0.159692 0.073061 0.211047 0.421226 0.153868 -0.014894 0.260624 0.107827 0.264203 -0.087939 0.560470 0.206874 0.063879 0.206267 0.192838 0.227798 -0.218248 0.251783 -0.233815 -0.066112 -0.142229 -0.265367 -0.337522 -0.280318 -0.045810 -0.255462 -0.179388 -0.097106 -0.154656 -0.026727 0.215479 0.324155 -0.465471 -0.261360 -0.210176 -0.024972 -0.288958 -0.225573 -0.403195 -0.152179 -0.326360 -0.326810 0.357992 -0.154237 0.299368 0.297329 0.499588 0.356253 0.428316 0.215342 -0.303618 -0.284766 -0.454769 -0.291742 0.276687 -0.422404 0.357078 0.060360 -0.077328 -0.449679 -0.276689 -0.413929 -0.584798 -0.540819 -0.101982 -0.043858 -0.041218 -0.015951 -0.067388 -0.204677 0.137747 -0.030234 -0.133434 -0.124357 0.184926 0.108878
-0.525507 -0.356937 0.339281 0.209559 0.148979 0.000999 -0.505956 -0.332199 0.094999 -0.099458 -0.067973 0.048945 -0.210821 -0.092963 0.239118 -0.000670 -0.206811 -0.362518 0.126558 -0.151321 0.663273 1.000000 0.410987 0.447299 0.402647 0.407715 0.432604 0.351436 0.058508 -0.051282 0.508038 0.477131 -0.463953 -0.192645 0.034339 0.124516 0.210509 0.322343 0.452854 0.357174 0.072637 0.112223 0.105157 0.216452 -0.059511 -0.077335 0.263844 0.156317 0.044400 -0.110573 0.183545 0.008779 0.024734 0.047415 0.429743 0.296426 -0.299921 0.107168 -0.388762 -0.151128 -0.190380 -0.391517 -0.243634 -0.273606 -0.229294 -0.299929 -0.183902 0.039301 -0.211328 0.102184 0.344806 0.394185 -0.161157 -0.056020 -0.039092 0.102935 -0.071749 0.058604 -0.416491 -0.250685 -0.204222 -0.298632 0.309109 0.053136 0.227564 0.375772 0.352802 0.333232 0.228249 0.271522 -0.028595 -0.047686 -0.177616 -0.138500 0.340821 -0.218346 0.425589 0.233996 0.040542 -0.314944 -0.137368 -0.179841 -0.344674 -0.328873 0.037159 -0.053050 0.043753 -0.034824 0.069731 -0.020619 0.260333 0.197280 -0.068564 -0.295338 0.096090 0.068201
-0.340911 -0.627459 0.736577 0.248434 0.156341 0.214181 -0.378466 -0.449380 0.208884 -0.112008 0.395719 -0.258733 -0.260527 -0.491050 0.554819 -0.202701 -0.523360 -0.590681 0.124674 -0.035779 0.745904 0.410987 1.000000 0.745732 0.707897 0.542583 0.268968 0.612365 -0.228140 -0.577034 0.621769 0.531903 -0.460799 -0.447728 0.224467 0.049240 -0.228213 -0.090580 0.136755 0.009012 -0.038072 -0.139738 0.231802 0.435587 0.126811 -0.028437 0.278116 0.102474 0.117965 -0.152083 0.662943 0.212211 -0.209865 0.299436 -0.014266 0.168000 -0.141396 0.308428 -0.441515 -0.252570 -0.469935 -0.379821 -0.476326 -0.474198 0.112027 -0.356388 -0.336165 -0.151265 -0.167948 0.112183 0.211003 0.164319 -0.628438 -0.314934 -0.302357 -0.151647 -0.352796 -0.228759 -0.321414 -0.193772 -0.458466 -0.380969 0.345291 -0.178782 0.490321 0.344586 0.571107 0.377988 0.646311 0.173186 -0.264367 -0.172765 -0.226673 0.069184 0.239626 -0.216153 0.320907 0.146432 -0.273054 -0.359281 -0.333359 -0.459169 -0.679606 -0.608657 -0.064934 0.105266 0.073173 0.104498 -0.016547 -0.254191 0.113308 -0.083215 -0.104758 0.033643 0.251510 0.164528
-0.432825 -0.370249 0.616460 0.529877 0.212305 0.476855 -0.262312 -0.083143 0.414548 0.168971 0.490843 0.026205 -0.376573 -0.418344 0.484591 -0.041165 -0.486370 -0.693550 0.303579 0.236371 0.521594 0.447299 0.745732 1.000000 0.532836 0.740152 0.084245 0.638028 -0.223463 -0.590021 0.579487 0.671264 -0.647655 -0.543045 0.016570 0.021655 -0.346502 -0.240412 0.001293 -0.063228 -0.037464 0.062484 0.020799 0.197213 -0.169371 0.012076 0.118720 -0.020235 -0.206934 -0.204992 0.261532 -0.024782 -0.400750 0.053059 -0.163890 -0.116439 -0.255581 0.033783 -0.575153 -0.412197 -0.452458 -0.453529 -0.441778 -0.574363 0.279360 -0.244084 -0.232926 0.073000 -0.254682 0.133513 0.192621 -0.024332 -0.578285 -0.237967 -0.267361 -0.237694 -0.367303 -0.099420 -0.194832 -0.354929 -0.505688 -0.558585 0.428885 0.084267 0.371041 0.405855 0.518139 0.372355 0.547115 0.063201 -0.007409 -0.099726 0.078773 0.149322 0.249352 -0.040967 0.133678 0.119180 -0.451653 -0.461618 -0.237916 -0.400218 -0.531870 -0.510497 -0.050489 -0.006271 0.046346 -0.050486 -0.065709 -0.034291 -0.016374 -0.144070 -0.209114 -0.097700 0.199421 0.133436
-0.308220 -0.418286 0.428578 0.094071 0.249701 0.205488 -0.388163 -0.354704 0.291113 0.049650 0.176864 -0.066014 -0.209215 -0.272310 0.477233 0.011961 -0.289735 -0.291436 0.046232 -0.096381 0.607059 0.402647 0.707897 0.532836 1.000000 0.561620 0.416560 0.429287 -0.061645 -0.306665 0.501992 0.382945 -0.346720 -0.424842 0.187467 0.020089 -0.135213 -0.072538 0.149794 0.045198 -0.067669 0.052580 0.132049 0.285162 0.082845 -0.043195 0.154502 0.032429 0.056511 -0.111964 0.455370 0.033630 -0.158605 -0.017454 0.000375 0.089423 -0.053426 0.339515 -0.243848 -0.060592 -0.242180 -0.211770 -0.206224 -0.261103 0.003376 -0.273368 -0.188094 -0.086512 -0.116866 0.071983 -0.033955 0.089600 -0.390654 -0.188902 -0.269150 -0.094305 -0.336115 -0.237288 -0.244254 -0.054118 -0.113763 -0.147961 0.296181 -0.005337 0.579478 0.389000 0.510956 0.259574 0.650469 0.167027 -0.168565 -0.209952 -0.288563 -0.025574 0.094726 -0.236373 0.234381 -0.028564 -0.119476 -0.408731 -0.422074 -0.401062 -0.570924 -0.565313 -0.083810 -0.133723 -0.067902 0.026702 -0.191687 -0.220910 -0.043995 -0.109763 -0.179342 -0.262162 0.139452 0.078499
-0.379463 -0.137341 0.288368 0.380498 0.066474 0.297562 -0.335802 -0.070913 0.429014 0.145226 0.276473 0.227755 -0.354472 -0.261882 0.506521 0.269949 -0.335049 -0.546250 0.063164 0.095928 0.483984 0.407715 0.542583 0.740152 0.561620 1.000000 0.328234 0.709889 -0.128152 -0.331777 0.380034 0.508811 -0.540474 -0.414165 -0.165357 0.088334 -0.086165 -0.006170 0.311856 0.208098 0.261680 0.198785 0.031881 0.096432 -0.219666 -0.084336 0.024150 -0.122132 -0.173907 -0.191047 0.200534 -0.085940 -0.261497 -0.052876 -0.036504 -0.099795 -0.216015 0.104367 -0.477722 -0.091784 -0.320270 -0.309140 -0.271728 -0.310056 0.093865 -0.264866 -0.148062 0.008815 -0.288269 -0.013005 0.102474 -0.081121 -0.416361 -0.268180 -0.434097 -0.243674 -0.269973 0.027869 -0.073279 0.032973 -0.277394 -0.503768 0.516702 0.337607 0.292956 0.478600 0.470437 0.388318 0.389199 0.159711 -0.146228 -0.228865 0.060392 0.094043 0.239284 0.041393 -0.001869 -0.173834 -0.369132 -0.517101 -0.092785 -0.323495 -0.397009 -0.320964 -0.145151 -0.249523 -0.293657 -0.305806 -0.037926 0.297656 0.059447 -0.042848 -0.060447 -0.058404 -0.056792 0.094224
-0.302119 -0.165897 0.148105 0.128315 0.383045 -0.068687 -0.451468 -0.307527 0.031385 -0.089161 -0.271439 0.034422 0.118074 0.181999 0.346950 0.328355 -0.128184 -0.194816 -0.219514 -0.357166 0.526939 0.432604 0.268968 0.084245 0.416560 0.328234 1.000000 0.387231 -0.186031 -0.080729 0.108683 0.012947 -0.195949 -0.263445 -0.082849 0.167888 0.132502 0.307879 0.496893 0.349580 0.184208 0.235937 0.201928 0.179147 0.123844 -0.094731 0.245917 0.069270 0.395002 0.054195 0.283878 0.174742 0.229230 0.080745 0.356205 0.378068 -0.243632 0.287158 -0.106290 0.253884 -0.020419 -0.012301 -0.262299 -0.081619 -0.399591 -0.097132 -0.175747 -0.247456 -0.291612 -0.057174 0.201638 0.269969 -0.216475 -0.180327 -0.315800 0.029067 -0.143644 0.063296 -0.208757 0.093988 -0.272863 -0.219544 0.128631 -0.002522 -0.107607 0.262655 0.123922 0.084975 0.067424 0.391328 -0.207464 -0.229476 -0.114793 -0.119677 0.181313 -0.279950 0.229631 0.023903 0.113103 -0.287805 0.067305 -0.185106 -0.244651 -0.278481 0.206364 0.016666 -0.037274 -0.221338 -0.190782 0.037102 0.114144 0.127701 0.044428 -0.176229 0.085708 -0.040604
-0.243797 -0.200322 0.303835 0.426287 -0.009112 0.229511 -0.509483 -0.384622 0.152242 -0.145560 0.278236 0.126280 -0.230872 -0.306127 0.606325 0.149988 -0.359954 -0.372461 0.069489 0.179710 0.513685 0.351436 0.612365 0.638028 0.429287 0.709889 0.387231 1.000000 -0.051880 -0.331678 0.177765 0.210165 -0.395782 -0.463619 0.085406 0.087182 -0.042674 0.053212 0.393114 0.229887 0.197682 -0.032273 -0.092487 -0.018046 -0.271207 -0.303222 -0.010382 -0.174756 -0.094408 -0.312277 0.187702 -0.020413 -0.171586 0.071299 0.167316 0.059798 -0.258389 0.274023 -0.525472 -0.087479 -0.331905 -0.363393 -0.256016 -0.276261 -0.160175 -0.464342 -0.161694 -0.189307 -0.132545 0.193333 0.205958 -0.047953 -0.379333 -0.272641 -0.405167 -0.291001 -0.198702 0.058971 0.020437 0.037216 -0.285864 -0.321808 0.490904 0.289210 0.269190 0.570098 0.434151 0.456672 0.458134 0.243212 -0.232213 -0.081682 -0.008447 0.159613 0.397476 -0.021972 0.139128 0.153330 -0.380010 -0.477194 -0.148090 -0.293595 -0.472457 -0.433122 0.115617 -0.050072 -0.176954 -0.138181 -0.004708 0.089519 0.188328 -0.029675 0.001209 0.042743 0.299250 0.228179
0.150549 0.158684 -0.416873 -0.322490 -0.109166 -0.174846 -0.052474 -0.268152 0.050305 -0.205249 0.174589 0.370293 0.015130 -0.177883 0.114175 0.152583 0.309807 0.446556 -0.070413 0.450477 -0.224930 0.058508 -0.228140 -0.223463 -0.061645 -0.128152 -0.186031 -0.051880 1.000000 0.530664 -0.126491 -0.307411 0.190614 0.197451 -0.025665 -0.092361 0.464982 0.219145 0.294805 0.152875 0.034704 0.065177 -0.259691 -0.354355 -0.302673 -0.452269 -0.249069 -0.207730 -0.385923 -0.470220 -0.359348 -0.516888 0.003675 -0.198739 0.160485 -0.175014 0.275140 0.114263 -0.116323 -0.071493 0.124767 -0.235290 0.558200 0.276974 -0.178428 -0.571595 0.075248 -0.079589 0.288022 0.325647 -0.151679 -0.057969 0.625720 0.199176 0.393672 0.076664 0.319710 0.201325 0.089415 0.211714 0.583244 0.410707 0.117722 0.545260 0.313670 0.284041 -0.022434 0.074382 -0.071637 -0.148176 -0.010189 0.199023 -0.131978 0.007725 0.015848 -0.072282 -0.123366 0.024353 0.168740 0.034681 -0.203938 -0.142176 -0.018629 0.161347 -0.114912 -0.096761 -0.135753 0.120680 -0.032064 0.062833 -0.057530 0.298344 0.034571 -0.274516 0.043325 0.123826
0.291987 0.460032 -0.569515 -0.170399 -0.169770 -0.417170 0.118772 0.089650 -0.199463 -0.108937 -0.380937 0.481567 0.121657 0.348646 -0.242246 0.256060 0.325876 0.541102 -0.109718 0.146669 -0.338841 -0.051282 -0.577034 -0.590021 -0.306665 -0.331777 -0.080729 -0.331678 0.530664 1.000000 -0.354079 -0.382997 0.295035 0.460207 -0.017459 -0.175183 0.573481 0.422177 0.205062 0.212200 0.136241 0.252392 -0.173688 -0.311549 -0.093530 -0.231606 -0.167427 -0.041310 -0.037320 0.044036 -0.457416 -0.182653 0.177067 -0.206978 0.206398 -0.083191 0.176895 -0.059446 0.151368 0.110412 0.205453 0.044828 0.391280 0.238408 -0.453442 -0.076515 0.080305 0.086464 0.124044 0.016144 -0.074342 -0.007257 0.801003 0.525306 0.501139 0.376535 0.402462 0.226512 0.144146 0.305043 0.549845 0.411992 -0.062870 0.471416 -0.174520 0.033854 -0.148614 -0.030831 -0.494531 -0.021444 0.132864 0.020699 -0.067569 -0.245198 -0.051816 0.015899 -0.090333 -0.027559 0.259768 0.080580 0.085924 -0.049624 0.321316 0.346876 -0.071701 -0.189580 -0.252124 0.011846 0.026676 0.094643 0.008423 0.044375 0.075956 -0.149744 -0.149442 -0.085351
-0.360564 -0.579550 0.665720 0.128253 0.208630 0.143381 0.007464 -0.124177 0.332437 0.168701 0.202733 -0.241893 -0.257190 -0.377551 0.128816 -0.275578 -0.267903 -0.453699 0.273369 -0.072537 0.656009 0.508038 0.621769 0.579487 0.501992 0.380034 0.108683 0.177765 -0.126491 -0.354079 1.000000 0.815910 -0.310132 -0.109140 -0.001183 0.121839 -0.271067 -0.180854 -0.069925 -0.170088 -0.002877 0.118662 0.338902 0.541329 0.179266 0.126111 0.314446 0.208001 0.054816 -0.049098 0.493994 0.047457 -0.131258 0.131052 -0.114891 0.009766 -0.195652 -0.080765 -0.284028 -0.290903 -0.263935 -0.321713 -0.286064 -0.372528 0.334417 -0.166992 -0.207083 0.020197 -0.210003 -0.174897 0.095588 0.394581 -0.238275 -0.048464 0.013513 0.089508 -0.177743 -0.159987 -0.392621 -0.232471 -0.316259 -0.350574 0.243280 -0.220608 0.413037 0.038686 0.368247 0.087242 0.455394 -0.025137 -0.232470 -0.282928 -0.351136 -0.259738 0.030338 -0.259493 0.159810 -0.111555 -0.098232 -0.330067 -0.297965 -0.332438 -0.519240 -0.486026 -0.282823 -0.090458 0.079957 0.079370 -0.030697 -0.093608 -0.092988 -0.123322 -0.276870 -0.305258 0.016961 -0.079564
-0.423856 -0.351576 0.555405 0.256953 0.123526 0.307177 -0.032431 0.073449 0.397750 0.245899 0.203076 -0.122929 -0.376006 -0.300774 0.182959 -0.171142 -0.209770 -0.546662 0.392326 -0.080497 0.585853 0.477131 0.531903 0.671264 0.382945 0.508811 0.012947 0.210165 -0.307411 -0.382997 0.815910 1.000000 -0.406915 -0.073347 -0.151864 0.051157 -0.336311 -0.219581 -0.083781 -0.085770 0.066252 0.009833 0.179048 0.376991 0.031966 0.206573 0.127335 0.048144 -0.064159 -0.043017 0.351771 0.020506 -0.179027 0.055432 -0.134797 -0.157252 -0.203467 -0.147996 -0.233491 -0.250299 -0.194863 -0.185319 -0.345231 -0.360242 0.411148 0.033664 -0.014753 0.221826 -0.255645 -0.220500 0.029623 0.267045 -0.398212 -0.199541 -0.121597 0.014580 -0.270085 -0.146333 -0.244061 -0.244078 -0.377821 -0.490928 0.312531 -0.147273 0.315737 0.083884 0.446096 0.188053 0.421229 0.057567 -0.165872 -0.398069 -0.287397 -0.260900 0.081422 -0.163308 0.119887 -0.084138 -0.338297 -0.459448 -0.190437 -0.288458 -0.390824 -0.371762 -0.329304 -0.066769 -0.007670 0.055282 -0.051898 0.038944 -0.120463 -0.241847 -0.317369 -0.217580 -0.091278 -0.005782
0.413607 0.214554 -0.413118 -0.444586 -0.096300 -0.193603 0.139740 -0.064673 -0.303528 -0.183528 -0.325475 -0.230562 0.204665 0.022531 -0.373247 -0.138630 0.518819 0.493761 -0.063673 -0.063530 -0.362240 -0.463953 -0.460799 -0.647655 -0.346720 -0.540474 -0.195949 -0.395782 0.190614 0.295035 -0.310132 -0.406915 1.000000 0.621698 0.041818 -0.065741 0.180691 0.049519 -0.020843 -0.051526 0.073696 -0.069830 -0.049290 -0.094411 -0.032569 -0.111561 -0.172665 0.010041 -0.062428 -0.162058 -0.276635 -0.196168 0.263724 -0.122498 0.046454 -0.020177 0.386307 -0.045564 0.583015 0.267764 0.635362 0.397281 0.591657 0.593610 -0.067393 0.056169 0.381700 -0.117914 0.497266 -0.068119 -0.222106 -0.033443 0.434401 0.235327 0.363877 0.183122 0.448865 0.051783 0.271120 0.414324 0.417993 0.465625 -0.339394 -0.109994 -0.234409 -0.308973 -0.433544 -0.377091 -0.289893 -0.240180 -0.189617 -0.072658 -0.334863 -0.243795 -0.166002 -0.158941 -0.237675 -0.093096 0.202261 0.316448 0.001979 0.272364 0.329421 0.267196 0.000243 -0.022860 -0.058931 -0.010460 0.002591 -0.069848 0.011926 0.180271 0.035749 0.002334 -0.026358 0.008863
0.342748 0.318002 -0.382179 -0.306063 -0.212041 -0.175650 0.214895 0.158694 -0.361824 -0.004379 -0.482169 -0.158330 0.011012 0.146013 -0.524855 -0.269671 0.419146 0.300538 0.028819 -0.127469 -0.255251 -0.192645 -0.447728 -0.543045 -0.424842 -0.414165 -0.263445 -0.463619 0.197451 0.460207 -0.109140 -0.073347 0.621698 1.000000 -0.097387 0.186917 0.266521 0.164212 0.035523 0.186403 0.274043 -0.080510 -0.083651 -0.073212 0.074902 0.104552 -0.215545 0.026319 -0.011842 -0.071956 -0.301544 -0.149619 0.028480 -0.210856 0.027629 -0.080791 0.219873 -0.210195 0.444463 0.054129 0.480062 0.295063 0.355579 0.383544 -0.013225 0.236675 0.235563 0.120901 0.247011 -0.071046 -0.163403 0.070825 0.421862 0.160497 0.345492 0.252120 0.362207 0.053058 0.108609 0.224034 0.410526 0.272428 -0.100608 -0.044121 -0.215087 -0.320112 -0.224672 -0.108684 -0.386766 -0.245350 -0.033015 -0.129367 -0.229033 -0.347962 -0.078290 -0.172205 -0.042786 -0.041768 0.105800 0.211784 0.180783 0.091004 0.349855 0.359546 -0.147082 -0.030960 -0.122558 0.031503 -0.005600 0.113115 0.107429 0.168445 0.036428 -0.085917 -0.146768 0.018990
0.116509 -0.369693 0.143247 0.238105 0.024919 -0.044391 -0.084734 -0.147727 -0.228194 -0.137847 0.071901 0.015041 0.123492 -0.111500 0.084978 -0.201540 -0.287773 -0.021174 0.008756 -0.127860 0.126218 0.034339 0.224467 0.016570 0.187467 -0.165357 -0.082849 0.085406 -0.025665 -0.017459 -0.001183 -0.151864 0.041818 -0.097387 1.000000 -0.005997 0.052263 -0.035521 -0.024360 -0.121576 -0.389415 -0.136214 -0.085019 0.067846 0.295951 0.282937 -0.022719 0.197746 0.024945 -0.000938 0.137052 0.036352 -0.238296 -0.153683 0.054715 0.264470 -0.113677 -0.105829 -0.190237 -0.363979 -0.203202 -0.374441 -0.051936 -0.184203 -0.021837 -0.050595 0.070757 0.278879 0.149254 0.154325 0.134196 -0.151409 0.035759 0.046492 0.305206 0.149732 0.176153 0.104515 -0.098529 -0.100274 0.046167 0.121078 -0.181431 0.034656 0.119657 0.170128 -0.143831 0.194599 0.119308 -0.060385 -0.102771 0.061968 -0.038305 0.104681 0.033788 0.085789 0.416062 0.263741 -0.115495 -0.103603 -0.243141 0.093551 -0.219991 -0.273338 0.321712 0.129603 0.142974 0.054057 0.221505 -0.465394 0.338138 -0.087842 -0.169846 -0.058851 0.304503 -0.009715
-0.015073 -0.095163 0.077587 0.020269 0.094636 -0.102421 -0.098875 -0.008227 -0.057291 0.221077 -0.238795 -0.159737 0.088763 0.092618 -0.058139 -0.099734 -0.009574 -0.135789 -0.168589 -0.213632 0.063330 0.124516 0.049240 0.021655 0.020089 0.088334 0.167888 0.087182 -0.092361 -0.175183 0.121839 0.051157 -0.065741 0.186917 -0.005997 1.000000 0.007769 0.016785 0.247746 0.326301 0.219807 -0.134217 -0.007497 0.076040 0.200321 0.239529 -0.012083 0.020915 0.076544 -0.025146 0.022493 -0.059372 -0.163162 -0.255492 0.031654 0.067292 -0.411393 -0.143683 -0.082165 -0.042207 0.003167 0.006142 -0.125522 0.020226 0.048457 0.101304 -0.060309 0.096435 -0.274856 -0.136815 0.033464 0.175543 -0.112369 -0.276079 -0.202443 0.008871 -0.084903 -0.014335 -0.078340 -0.013667 -0.143016 -0.144891 0.075032 -0.074767 0.009424 -0.080711 -0.095303 -0.008045 0.091673 0.052595 -0.134251 -0.108913 0.146276 0.030325 0.389787 -0.012305 0.106891 0.182846 -0.188313 -0.176776 0.182216 0.107965 -0.070281 0.034311 -0.049537 -0.115742 -0.246549 -0.093240 0.048314 0.324151 0.295419 0.136479 -0.030847 -0.047393 0.125521 0.238802
