1.000000 0.221414 0.320092 0.398970 0.025305 0.233466 0.233808 0.238491 -0.172084 0.141767 -0.026276 0.194245 0.021783 0.345727 -0.085338 0.015060 -0.156774 -0.098716 0.684268 0.394437 0.146095 0.262012 0.144843 -0.061668 -0.069707 -0.014054 0.042920 0.047892 -0.081638 0.146575 0.324170 0.213109 0.330719 0.092060 -0.253408 -0.386518 -0.396841 -0.317294 -0.197037 -0.186648 -0.254568 -0.006300 0.113718 -0.087288 -0.077722 -0.189046 -0.056699 -0.260847 -0.508536 0.024376 -0.247101 0.034796 -0.004346 0.170163 -0.271798 0.075212 0.550115 -0.104245 -0.203134 -0.454325 0.232796 -0.375567 0.253796 -0.314248 -0.334085 -0.402987 -0.285849 -0.544578 0.307265 -0.051584 0.306877 0.379735 -0.066726 0.123479 -0.172531 0.055569 -0.278381 -0.373858 -0.304018 -0.252666 -0.423315 -0.207733 -0.215549 0.080113 -0.456929 -0.272329 -0.132783 -0.003414 -0.154345 -0.132294 -0.119118 0.151649 0.187146 0.298229 -0.488159 -0.346817 -0.429562 -0.392947 -0.111344 0.064888 0.270822 0.298738 0.234561 0.254524 0.046992 0.106004 0.164321 -0.035154 -0.372111 -0.144327 -0.397770 -0.150545 -0.062970 -0.058648 -0.066996 -0.055067
0.221414 1.000000 -0.089026 0.204685 -0.123601 0.054258 -0.199952 -0.064411 -0.055856 -0.114640 -0.314432 0.114831 -0.093125 -0.147847 -0.091311 -0.313883 -0.101877 0.114038 0.399400 0.244553 -0.064175 0.094335 -0.028559 -0.064557 0.163010 -0.001391 -0.040487 -0.033305 -0.196402 -0.163635 -0.153878 -0.284144 0.253432 -0.056374 -0.411531 -0.405203 -0.272577 -0.384465 -0.277421 -0.208225 -0.089745 -0.156208 0.369182 0.060645 0.317747 -0.005709 0.041360 -0.227125 0.176319 0.274479 0.485861 0.443392 0.386222 0.424667 -0.084366 0.031172 0.350780 0.575401 -0.461787 -0.387869 -0.224384 -0.133628 -0.066345 0.273464 -0.365556 -0.120663 -0.471941 -0.447601 0.435128 0.271771 0.082304 0.020685 -0.101281 -0.094918 -0.125601 -0.051676 -0.228692 -0.367364 -0.190176 -0.036559 -0.275435 -0.118209 -0.194080 -0.388496 -0.295499 0.075554 -0.001458 0.013856 -0.207447 0.075194 -0.005335 0.165011 0.337679 0.334687 -0.373083 -0.220761 -0.322652 -0.179119 -0.058332 0.112340 0.160225 0.173684 -0.068189 0.105059 -0.003449 0.099250 0.355495 -0.027774 -0.269046 -0.311374 -0.370745 -0.007668 0.367387 0.036960 0.150328 -0.111359
0.320092 -0.089026 1.000000 0.796238 0.443365 0.278918 0.806134 0.549508 0.283478 0.003524 -0.020579 0.033007 0.351600 0.235858 0.230126 0.112363 -0.327368 -0.465738 0.633383 0.242425 0.253619 0.314518 0.805579 0.630960 0.408111 0.245327 0.156507 0.189472 0.039117 -0.016354 0.513631 0.391133 0.316496 0.123615 -0.306189 -0.205199 -0.437048 -0.386369 -0.247019 -0.439548 -0.090439 -0.150865 -0.089657 -0.401452 -0.275592 -0.371306 -0.400257 -0.416008 -0.199112 -0.080856 -0.175750 -0.251611 -0.194885 0.001726 -0.567958 -0.362731 -0.300726 -0.493194 -0.344246 -0.256080 -0.264993 -0.382478 -0.133031 -0.436467 -0.144728 -0.307465 -0.435149 -0.325478 -0.024441 -0.259161 0.430520 0.443154 0.114816 0.087709 -0.022626 0.049800 -0.241700 -0.188496 -0.462906 -0.543827 -0.488784 -0.521560 -0.278084 -0.075195 -0.509993 -0.500129 0.032990 -0.459559 -0.406601 -0.402744 -0.348119 -0.048259 0.223821 0.345038 -0.186896 -0.431610 -0.534697 -0.475667 -0.595217 -0.391246 0.343378 0.394797 0.459427 0.342086 -0.005450 0.174354 0.021478 -0.180626 -0.055937 -0.265635 -0.565372 -0.528457 -0.299560 -0.062340 -0.171788 -0.267292
0.398970 0.204685 0.796238 1.000000 0.262033 0.313958 0.670066 0.730594 0.237603 0.077760 -0.168637 0.213559 0.193906 0.398242 0.259921 0.202533 -0.521926 -0.360124 0.637983 0.132212 0.222716 0.430988 0.839807 0.731524 0.390028 0.381317 0.265149 0.417960 -0.184511 0.106973 0.440383 0.351408 0.189245 -0.057018 -0.472493 -0.429690 -0.675427 -0.461055 -0.514443 -0.608165 -0.242737 -0.183125 -0.006409 -0.371138 -0.296939 -0.395445 -0.342334 -0.505710 -0.304472 0.033840 -0.079389 -0.084933 -0.006339 0.061819 -0.689231 -0.465104 -0.106723 -0.346974 -0.496842 -0.289932 -0.442662 -0.396927 -0.120523 -0.376470 -0.231135 -0.194361 -0.598401 -0.450047 0.223395 -0.122922 0.364442 0.524084 -0.106532 0.044182 -0.251486 -0.007121 -0.515954 -0.311190 -0.676164 -0.539547 -0.678242 -0.520127 -0.401514 -0.210607 -0.564159 -0.308954 -0.016047 -0.322812 -0.466964 -0.404707 -0.189373 -0.069576 0.493604 0.417604 -0.358834 -0.536299 -0.679314 -0.563374 -0.508351 -0.429483 0.465231 0.446982 0.581043 0.382714 0.126660 0.274949 0.188263 -0.355258 -0.167317 -0.458319 -0.685744 -0.484441 -0.203346 0.059613 -0.027317 -0.144906
0.025305 -0.123601 0.443365 0.262033 1.000000 0.290117 0.359694 0.029806 0.453510 0.035345 0.151751 -0.251546 0.285861 -0.090592 0.271754 0.003345 0.208417 -0.297938 0.079940 -0.075282 0.153725 0.090470 0.438604 0.306099 0.709791 0.354736 0.192161 0.043813 0.359845 -0.240830 0.301607 0.111796 -0.012842 -0.103119 -0.171682 -0.199032 0.032050 -0.330328 0.066280 -0.316319 0.164668 -0.309435 -0.390781 -0.455552 -0.240645 -0.249394 -0.313042 -0.361613 -0.046176 -0.216637 -0.009074 -0.235231 -0.208382 -0.198320 -0.283924 -0.140148 -0.085543 -0.032652 0.001931 0.174304 0.225868 0.222232 0.146492 0.092635 0.110619 0.100550 0.025620 -0.022088 0.129436 0.042858 0.184897 0.025003 0.276196 -0.276482 0.092629 -0.206376 -0.104075 -0.189283 0.033383 -0.199454 0.175506 -0.170514 0.203780 0.023417 0.056610 -0.100084 0.321993 -0.258861 -0.111799 0.058161 -0.370765 -0.066882 -0.265153 0.044075 -0.218734 -0.162161 -0.340429 -0.219591 -0.475749 -0.237641 -0.035501 0.007523 -0.053153 0.006127 -0.298646 -0.182234 -0.093045 -0.028131 -0.072082 0.057945 -0.268030 -0.366487 -0.337840 -0.432355 -0.425727 -0.331450
0.233466 0.054258 0.278918 0.313958 0.290117 1.000000 0.084779 0.303490 0.095238 0.567693 0.028230 -0.141747 0.232816 0.060880 0.534088 0.426391 -0.020565 -0.359658 0.306508 0.126176 0.761385 0.657309 0.313200 0.073705 0.179828 0.508194 0.643083 0.664198 0.385369 0.225872 0.581601 0.419412 0.111517 0.080727 -0.451189 -0.302723 -0.174472 -0.268655 -0.152691 -0.362684 0.172183 0.066782 -0.130678 -0.312562 -0.070378 -0.239359 -0.318279 -0.512635 -0.178616 -0.070719 -0.173001 -0.329351 -0.329492 -0.326342 -0.563704 -0.454259 -0.096299 -0.106535 -0.098533 -0.044030 -0.123206 0.026695 -0.251553 -0.190924 -0.306829 -0.063683 -0.138107 -0.242139 0.152252 -0.010001 0.472701 0.312152 0.417953 0.246268 0.346763 0.298463 -0.150109 -0.222744 -0.211160 -0.371088 -0.233153 -0.412832 -0.043019 0.101909 -0.382567 -0.471240 0.105776 0.037070 -0.380350 -0.361189 -0.640948 -0.526203 -0.128358 -0.010498 -0.359046 -0.427192 -0.454649 -0.449090 -0.519914 -0.422717 0.234984 0.286471 0.233425 0.204515 0.007606 0.114127 0.092856 -0.157996 -0.180576 -0.168360 -0.397516 -0.481172 -0.272937 -0.094545 -0.035487 -0.285232
0.233808 -0.199952 0.806134 0.670066 0.359694 0.084779 1.000000 0.640272 0.245881 -0.082090 0.145416 0.154799 0.610262 0.464475 0.374861 0.218222 -0.172641 -0.226891 0.338014 -0.102613 0.156229 0.207337 0.690499 0.523018 0.199681 0.085247 0.317392 0.197327 0.138023 0.092311 0.385137 0.333229 -0.033526 -0.162498 -0.246697 -0.211478 -0.345768 -0.323123 -0.291800 -0.409364 -0.054622 -0.204122 -0.173204 -0.414235 -0.381620 -0.459864 -0.404759 -0.339063 -0.317614 -0.211250 -0.170330 -0.322866 -0.085622 0.037922 -0.391283 -0.266655 -0.290932 -0.569052 -0.384425 -0.313670 -0.114836 -0.318897 0.115992 -0.208042 -0.033618 -0.288451 -0.436372 -0.325973 -0.246188 -0.473388 0.335261 0.383019 0.171944 0.016934 -0.040847 -0.076403 -0.231503 -0.136265 -0.286066 -0.305657 -0.325472 -0.313545 -0.164317 -0.143012 -0.279807 -0.261373 -0.007219 -0.439932 -0.264564 -0.269481 -0.131837 0.188481 0.202934 0.335643 -0.126591 -0.388864 -0.567235 -0.430481 -0.547770 -0.310030 0.182558 0.440484 0.322549 0.293255 -0.133890 0.111005 -0.058758 -0.154031 -0.077936 -0.336817 -0.564412 -0.502047 -0.374152 -0.093820 -0.181255 -0.137131
0.238491 -0.064411 0.549508 0.730594 0.029806 0.303490 0.640272 1.000000 0.186829 0.061054 -0.082562 0.489756 0.299025 0.732025 0.452303 0.578602 -0.530397 -0.091566 0.298157 -0.135209 0.349946 0.504921 0.547994 0.480491 0.009299 0.307267 0.445980 0.606134 -0.124111 0.423865 0.451325 0.548132 -0.254921 -0.228407 -0.327276 -0.300130 -0.547760 -0.181324 -0.518747 -0.451455 -0.289778 0.049849 -0.186298 -0.401949 -0.490177 -0.423595 -0.408330 -0.459694 -0.510724 -0.221819 -0.318057 -0.400536 -0.063663 -0.321677 -0.523650 -0.591931 -0.242652 -0.515576 -0.393300 -0.254562 -0.278205 -0.231769 -0.008726 -0.266214 -0.035036 0.066241 -0.491505 -0.225633 -0.037393 -0.322417 0.264977 0.581476 -0.116075 0.242215 -0.199540 0.080915 -0.530213 -0.160200 -0.548923 -0.223065 -0.545950 -0.218989 -0.348462 -0.097723 -0.279211 -0.086549 -0.335558 -0.219175 -0.352365 -0.313497 -0.063489 -0.255927 0.392773 0.159645 -0.161137 -0.338836 -0.537815 -0.436042 -0.452262 -0.615472 0.476294 0.434438 0.517232 0.318538 0.016416 0.203746 0.097010 -0.335999 -0.063129 -0.260101 -0.464949 -0.524151 -0.381121 0.081831 -0.007720 0.056265
-0.172084 -0.055856 0.283478 0.237603 0.453510 0.095238 0.245881 0.186829 1.000000 0.117733 -0.038808 0.105163 0.017387 -0.016194 0.468786 0.262967 -0.116517 0.088093 0.049282 -0.243266 0.152557 0.124915 0.293886 0.131270 0.351786 0.079898 0.300987 0.251984 0.085557 0.173081 0.152486 0.109845 -0.120267 -0.146518 -0.192436 -0.173403 -0.041720 -0.071807 -0.289351 -0.248163 0.060795 -0.058763 -0.250731 -0.484248 -0.238050 -0.261845 0.142926 -0.312239 -0.221768 -0.111763 -0.011752 -0.201088 -0.016950 -0.248414 -0.143581 -0.137814 -0.320224 -0.267091 -0.299260 0.078430 -0.294892 -0.073567 0.013882 0.144173 0.049011 0.049909 -0.316772 0.046735 -0.136438 -0.082445 0.036664 0.160795 0.043481 -0.131241 -0.079811 -0.209255 -0.303605 -0.066526 -0.184585 0.065192 0.091431 0.061419 0.067364 -0.111153 0.164564 0.092991 0.060984 -0.110079 -0.050571 0.062317 -0.072896 -0.349940 -0.219507 -0.230655 -0.043894 -0.090235 0.003371 0.125693 0.005102 -0.313869 -0.255028 -0.084531 0.061188 -0.032646 0.018540 0.165642 -0.527979 -0.327460 -0.080183 0.046998 -0.034528 -0.012968 -0.045608 -0.017174 0.051291 0.024334
0.141767 -0.114640 0.003524 0.077760 0.035345 0.567693 -0.082090 0.061054 0.117733 1.000000 0.219646 0.008161 -0.054034 -0.049406 0.176675 0.301368 0.100641 -0.015050 -0.017534 -0.212754 0.366739 0.205384 0.154387 -0.011467 -0.044675 0.330177 0.394186 0.344860 0.155051 0.352352 0.248761 0.087670 -0.006251 -0.031596 -0.222143 -0.216838 0.043560 0.100177 -0.128545 -0.175037 0.169678 0.153554 -0.200836 -0.231922 -0.118282 -0.143477 0.059671 -0.318204 -0.162002 0.078022 -0.155645 -0.072242 -0.115344 -0.115198 -0.190659 -0.071519 -0.084306 -0.224123 0.010638 0.217302 -0.157305 0.109486 -0.101485 -0.085022 -0.237791 0.030246 0.068211 -0.047052 0.008512 -0.019076 0.109909 0.113576 0.198532 0.139419 0.231223 0.207076 -0.015308 -0.072936 0.021659 -0.113596 0.005570 -0.069725 -0.098451 0.122487 0.025974 -0.068539 0.092592 0.204939 0.065981 -0.083490 -0.177401 -0.357135 -0.201611 -0.328275 -0.178133 -0.365819 -0.108323 -0.109851 -0.004555 -0.177786 -0.206209 -0.125102 0.048636 -0.159435 0.187590 0.094356 -0.267736 -0.244791 -0.226900 -0.195857 -0.118399 -0.042957 -0.182590 0.026612 0.225257 -0.117560
-0.026276 -0.314432 -0.020579 -0.168637 0.151751 0.028230 0.145416 -0.082562 -0.038808 0.219646 1.000000 0.070079 0.460651 0.088302 0.029092 -0.004790 0.637963 0.026271 -0.297032 -0.274208 0.186503 -0.188862 0.051439 -0.075412 -0.145660 -0.122064 0.164072 -0.105318 0.607978 0.059627 0.180446 0.095290 -0.118857 0.038146 0.162292 -0.020784 0.422875 0.224213 0.175936 -0.041958 0.377150 -0.080877 -0.272312 -0.187088 -0.253815 -0.259302 0.009776 0.000959 -0.117255 -0.283632 -0.111298 -0.275913 -0.300567 -0.111929 0.009039 -0.106062 -0.181975 -0.333573 0.050102 0.150357 0.131064 0.311837 -0.115419 -0.033996 0.015660 -0.047179 0.009445 -0.103249 -0.474564 -0.292983 0.396307 0.179880 0.627755 0.044254 0.549558 0.144035 0.453700 0.274634 0.513449 0.052400 0.381443 0.072447 0.125565 0.019712 0.225266 0.010971 0.106388 -0.188542 0.043388 0.004786 0.035317 0.015981 -0.349758 -0.198186 -0.042392 0.014536 -0.069458 0.036641 -0.075453 0.010171 -0.408557 -0.131383 -0.376264 -0.300178 -0.258034 -0.249507 -0.328056 0.080910 -0.142184 0.098717 0.039940 0.172389 -0.205560 -0.038623 -0.059412 -0.116834
0.194245 0.114831 0.033007 0.213559 -0.251546 -0.141747 0.154799 0.489756 0.105163 0.008161 0.070079 1.000000 -0.060525 0.699366 0.007761 0.260202 -0.364232 0.604114 -0.015756 -0.320230 0.066064 0.174992 0.135278 0.036749 -0.276140 -0.045722 0.091603 0.119424 -0.319377 0.646409 0.110480 0.225710 -0.206646 -0.107143 -0.186431 -0.365737 -0.303716 0.248370 -0.566284 -0.235965 -0.419411 0.239749 -0.129439 -0.341550 -0.432691 -0.490005 0.063230 -0.400294 -0.444527 -0.160337 -0.058964 -0.020847 0.333448 -0.063449 -0.090317 -0.244134 -0.178322 -0.343602 -0.295338 -0.100557 -0.252134 -0.150106 0.088319 0.057592 -0.026609 -0.037778 -0.415487 -0.349627 -0.180416 -0.321972 0.073321 0.576049 -0.262393 0.468991 -0.189823 0.259627 -0.339829 -0.117301 -0.230849 0.277732 -0.278323 0.359834 -0.405697 0.028869 0.065736 0.346233 -0.467568 0.017843 -0.177846 -0.051733 0.364474 -0.075327 0.226873 -0.061863 -0.043555 -0.132319 -0.106345 0.006704 0.187778 -0.210569 0.079739 0.102872 0.133196 0.039016 0.092529 0.181437 -0.129238 -0.335888 -0.189958 -0.138314 -0.155274 0.110064 -0.021507 0.325156 0.336637 0.259746
0.021783 -0.093125 0.351600 0.193906 0.285861 0.232816 0.610262 0.299025 0.017387 -0.054034 0.460651 -0.060525 1.000000 0.280251 0.505039 0.149948 0.391936 -0.152541 -0.005329 -0.096215 0.376204 0.226503 0.287624 0.116776 0.153044 0.053054 0.444925 0.195450 0.672615 -0.006665 0.436232 0.337986 -0.282213 -0.282371 -0.300081 -0.244574 0.126466 -0.260312 -0.057715 -0.254924 0.312007 -0.214890 -0.270962 -0.392309 -0.295517 -0.480913 -0.463468 -0.266276 -0.095170 -0.387235 -0.091378 -0.390276 -0.214190 -0.084912 -0.142619 -0.292155 -0.181248 -0.283476 -0.217229 -0.221421 0.122933 0.056996 0.108988 0.024016 -0.156193 -0.152829 -0.303300 -0.322756 -0.401297 -0.362560 0.538568 0.219554 0.659626 0.038247 0.488592 0.020468 0.112317 -0.100133 0.275990 -0.126321 0.150277 -0.166640 0.152550 -0.172090 -0.035652 -0.186355 0.026191 -0.372067 -0.135129 -0.157472 -0.315019 0.169791 -0.129401 0.193561 -0.119003 -0.207823 -0.439543 -0.311201 -0.620850 -0.305258 0.003404 0.439919 -0.117645 0.130444 -0.485894 -0.115326 0.045289 0.151711 -0.112107 -0.198865 -0.441164 -0.483509 -0.348828 -0.228557 -0.229446 -0.150256
0.345727 -0.147847 0.235858 0.398242 -0.090592 0.060880 0.464475 0.732025 -0.016194 -0.049406 0.088302 0.699366 0.280251 1.000000 0.253695 0.512958 -0.314981 0.205481 0.033998 -0.288116 0.261875 0.409467 0.327675 0.237152 -0.183635 0.100212 0.355878 0.403797 -0.048597 0.582048 0.465012 0.603595 -0.313749 -0.190237 -0.188985 -0.319976 -0.410699 -0.056722 -0.499110 -0.409627 -0.411581 0.106313 -0.274995 -0.348650 -0.490820 -0.438862 -0.262661 -0.342461 -0.646808 -0.325337 -0.361739 -0.274946 -0.009560 -0.277564 -0.289187 -0.373755 -0.081489 -0.519573 -0.217111 -0.218135 -0.019499 -0.167028 0.243126 -0.136521 -0.077262 -0.068529 -0.335439 -0.297582 -0.071560 -0.334753 0.240239 0.652273 -0.088367 0.347915 -0.166758 0.135267 -0.422924 -0.212575 -0.309329 0.015307 -0.335572 0.076695 -0.174162 0.071911 -0.071318 0.143415 -0.415098 -0.033731 -0.211148 -0.242650 0.123928 -0.022997 0.264982 0.100821 -0.129720 -0.276954 -0.354741 -0.266831 -0.148482 -0.274226 0.296836 0.284850 0.271995 0.132755 -0.135788 0.059935 0.077397 -0.247431 -0.181005 -0.165401 -0.295881 -0.181049 -0.288446 -0.021276 -0.010872 0.093884
-0.085338 -0.091311 0.230126 0.259921 0.271754 0.534088 0.374861 0.452303 0.468786 0.176675 0.029092 0.007761 0.505039 0.253695 1.000000 0.635345 0.008082 -0.028818 -0.034000 -0.305264 0.630537 0.548217 0.312540 0.105564 0.152077 0.334427 0.816164 0.733608 0.460668 0.317051 0.421769 0.401091 -0.391641 -0.353359 -0.455256 -0.329027 -0.077549 -0.164731 -0.298918 -0.352820 0.173161 -0.034587 -0.369506 -0.503147 -0.303038 -0.417450 -0.273535 -0.494064 -0.275780 -0.287208 -0.150053 -0.475234 -0.216384 -0.436519 -0.372252 -0.402028 -0.270097 -0.228498 -0.314239 -0.039924 -0.191757 0.010466 0.033886 0.182274 0.021317 -0.052793 -0.282271 -0.167564 -0.229177 -0.322370 0.243109 0.228367 0.396514 0.106871 0.239251 -0.037808 -0.331152 -0.164035 -0.164190 0.000724 0.041954 -0.040270 0.198568 -0.095226 0.067173 -0.053639 0.039381 -0.072869 -0.216144 -0.199915 -0.453698 -0.364737 -0.235858 -0.114148 -0.134799 -0.284622 -0.314068 -0.226479 -0.437937 -0.463770 0.022792 0.314669 0.202397 0.277420 -0.088689 0.169007 -0.140089 -0.239402 -0.008063 -0.098530 -0.378066 -0.501339 -0.338207 -0.136432 -0.105823 -0.037797
0.015060 -0.313883 0.112363 0.202533 0.003345 0.426391 0.218222 0.578602 0.262967 0.301368 -0.004790 0.260202 0.149948 0.512958 0.635345 1.000000 -0.328995 0.058280 -0.084778 -0.333199 0.562244 0.472266 0.198668 0.089115 -0.221457 0.200044 0.692046 0.811523 0.058233 0.619022 0.376485 0.520693 -0.399089 -0.293957 -0.153312 -0.124199 -0.192571 0.181489 -0.262661 -0.139880 -0.115631 0.362476 -0.456348 -0.425125 -0.554627 -0.326461 -0.173510 -0.332031 -0.613165 -0.388760 -0.563783 -0.595593 -0.276482 -0.556037 -0.326853 -0.407087 -0.227846 -0.364324 -0.008784 0.120345 -0.168595 -0.047066 0.042423 -0.109131 0.062371 0.027801 -0.039884 0.146188 -0.003095 -0.120160 0.015122 0.348174 -0.036857 0.319792 -0.004012 0.071534 -0.430901 -0.028381 -0.278552 0.053297 -0.148995 0.097746 -0.032664 0.287652 0.109975 0.134753 -0.367232 0.132738 -0.048123 -0.089628 -0.091393 -0.443974 -0.065799 -0.288255 -0.066590 -0.280928 -0.159066 -0.104823 -0.131086 -0.418454 0.045423 -0.001141 0.239094 0.002117 0.030358 0.057853 -0.294474 -0.368912 -0.000478 0.010424 -0.030085 -0.285921 -0.416604 -0.048736 -0.012034 0.144573
-0.156774 -0.101877 -0.327368 -0.521926 0.208417 -0.020565 -0.172641 -0.530397 -0.116517 0.100641 0.637963 -0.364232 0.391936 -0.314981 0.008082 -0.328995 1.000000 0.086510 -0.421439 -0.201057 0.027394 -0.219051 -0.296895 -0.354592 0.038214 -0.149008 0.023701 -0.336752 0.720492 -0.229947 -0.069626 -0.213829 -0.143544 -0.117432 0.164425 0.039553 0.677483 0.013165 0.422861 0.166956 0.550396 -0.243613 -0.105449 0.055831 0.144975 0.054160 0.057327 0.119288 0.206268 -0.171923 0.136654 -0.074139 -0.161009 0.011092 0.359302 0.236043 0.093353 0.153289 0.079789 0.089036 0.391195 0.358499 0.155558 0.350109 -0.029769 0.014750 0.266126 0.005339 -0.364170 -0.150712 0.173254 -0.282748 0.693932 -0.226763 0.552922 -0.072965 0.536977 0.142093 0.803568 0.270765 0.753480 0.201822 0.428091 -0.060235 0.394788 0.095657 0.367304 -0.008215 0.255308 0.154273 -0.155464 0.192415 -0.525377 -0.208078 0.028872 0.176373 0.132301 0.136751 -0.037492 0.258935 -0.467287 -0.123877 -0.548720 -0.273201 -0.310890 -0.211031 -0.097790 0.381222 -0.096514 0.115815 0.095233 0.148092 -0.045311 -0.257477 -0.109133 -0.132505
-0.098716 0.114038 -0.465738 -0.360124 -0.297938 -0.359658 -0.226891 -0.091566 0.088093 -0.015050 0.026271 0.604114 -0.152541 0.205481 -0.028818 0.058280 0.086510 1.000000 -0.379512 -0.525486 -0.132636 -0.131338 -0.374423 -0.429301 -0.420584 -0.361609 0.019574 -0.175046 -0.205279 0.560633 -0.380796 -0.272922 -0.328398 -0.280292 0.005001 -0.236910 0.068039 0.432888 -0.289381 0.204385 -0.161105 0.199433 -0.011825 -0.067496 -0.155024 -0.211869 0.439465 -0.171248 -0.170014 -0.133586 0.245688 0.104594 0.530444 0.098013 0.427707 0.247685 -0.050678 0.093990 -0.153082 0.012823 0.042431 -0.023852 0.328554 0.594199 0.220360 -0.036077 -0.038970 -0.145208 -0.334151 -0.283628 -0.328352 -0.009651 -0.177709 0.318546 -0.077505 0.048685 -0.151847 -0.052583 0.195585 0.834160 0.210744 0.854451 -0.130941 0.056263 0.479157 0.632280 -0.237249 0.319632 0.136982 0.273314 0.314786 0.041680 -0.270234 -0.422194 0.140467 0.057310 0.313229 0.337141 0.569660 0.144416 -0.412634 -0.118370 -0.262408 -0.106236 0.171512 0.181942 -0.366104 -0.110664 -0.122128 -0.062145 0.155610 0.397794 0.097924 0.341428 0.494603 0.392015
0.684268 0.399400 0.633383 0.637983 0.079940 0.306508 0.338014 0.298157 0.049282 -0.017534 -0.297032 -0.015756 -0.005329 0.033998 -0.034000 -0.084778 -0.421439 -0.379512 1.000000 0.651679 0.164858 0.297585 0.359598 0.167741 0.127530 -0.014148 -0.040637 0.072937 -0.197171 -0.077221 0.275228 0.133260 0.625908 0.272898 -0.358334 -0.257899 -0.580508 -0.497138 -0.216302 -0.238651 -0.197294 -0.035149 0.351714 -0.054599 0.116623 -0.091181 -0.123353 -0.267282 -0.190710 0.240351 -0.068542 0.101358 0.005993 0.297119 -0.476222 -0.065956 0.200700 -0.061760 -0.379210 -0.511339 -0.186012 -0.559360 -0.111037 -0.463425 -0.373475 -0.424063 -0.494794 -0.494172 0.345895 0.016597 0.379564 0.325360 -0.091777 0.063007 -0.193798 0.048465 -0.286465 -0.345040 -0.559264 -0.484229 -0.684218 -0.534772 -0.389967 -0.079455 -0.787481 -0.590740 -0.079176 -0.228177 -0.410657 -0.255668 -0.270227 0.053748 0.365582 0.528355 -0.382302 -0.407506 -0.488028 -0.481487 -0.281245 -0.097216 0.443155 0.437094 0.439536 0.435248 0.155490 0.268504 0.198741 -0.065331 -0.253457 -0.270827 -0.511334 -0.278010 0.133567 0.117451 0.003564 -0.194626
0.394437 0.244553 0.242425 0.132212 -0.075282 0.126176 -0.102613 -0.135209 -0.243266 -0.212754 -0.274208 -0.320230 -0.096215 -0.288116 -0.305264 -0.333199 -0.201057 -0.525486 0.651679 1.000000 -0.064171 -0.010030 -0.091179 -0.046975 0.107553 -0.086926 -0.416186 -0.215408 -0.121061 -0.399425 0.078729 0.026881 0.560976 0.413465 -0.008873 0.121096 -0.101455 -0.242403 0.277383 0.124079 0.017159 0.167497 0.328328 0.302021 0.299028 0.236394 -0.147960 0.263304 0.158157 0.237454 -0.126914 0.153511 -0.211157 0.141590 -0.110756 0.003156 0.320126 0.213552 0.079094 -0.214890 0.022346 -0.223932 -0.236987 -0.531714 -0.318680 -0.250452 -0.066461 -0.073203 0.386976 0.414423 0.173611 -0.068197 -0.077003 0.009477 0.014358 0.139225 0.112490 -0.054928 -0.152146 -0.478020 -0.270669 -0.451476 -0.023396 0.155362 -0.538299 -0.576967 0.013275 -0.069136 -0.084959 -0.083564 -0.231925 0.000138 0.240741 0.360646 -0.158258 -0.015676 -0.116988 -0.232151 -0.194297 -0.023594 0.460978 0.184219 0.210908 0.195200 -0.085222 -0.102284 0.371389 0.251096 -0.054030 0.029410 -0.087491 -0.195609 0.099055 -0.018896 -0.208436 -0.209421
0.146095 -0.064175 0.253619 0.222716 0.153725 0.761385 0.156229 0.349946 0.152557 0.366739 0.186503 0.066064 0.376204 0.261875 0.630537 0.562244 0.027394 -0.132636 0.164858 -0.064171 1.000000 0.796209 0.295002 0.022130 -0.010735 0.358637 0.748938 0.712756 0.574450 0.469490 0.727583 0.637388 -0.077108 -0.010545 -0.443013 -0.360152 -0.099990 -0.111708 -0.252203 -0.335412 0.268174 0.133927 -0.278313 -0.495770 -0.312083 -0.449903 -0.271062 -0.567585 -0.362889 -0.356423 -0.246724 -0.517968 -0.392772 -0.387342 -0.484097 -0.514013 -0.219382 -0.257612 -0.245868 -0.124032 -0.216132 -0.111677 -0.245055 -0.161008 -0.232445 -0.168071 -0.259886 -0.283260 -0.122435 -0.221991 0.651395 0.571862 0.572893 0.468696 0.482044 0.360566 -0.130835 -0.132829 -0.150642 -0.169597 -0.195169 -0.259779 0.066932 0.080845 -0.293782 -0.328958 -0.045864 0.027144 -0.387353 -0.419005 -0.588372 -0.469866 -0.231290 -0.036636 -0.328316 -0.394121 -0.323506 -0.342452 -0.388947 -0.333334 0.091394 0.370119 0.221649 0.244412 0.013844 0.161611 -0.050416 -0.137067 -0.145520 -0.124451 -0.305335 -0.305409 -0.250654 0.076620 -0.012973 -0.156500
0.262012 0.094335 0.314518 0.430988 0.090470 0.657309 0.207337 0.504921 0.124915 0.205384 -0.188862 0.174992 0.226503 0.409467 0.548217 0.472266 -0.219051 -0.131338 0.297585 -0.010030 0.796209 1.000000 0.376126 0.177538 0.133684 0.459674 0.619580 0.707441 0.268618 0.447647 0.639993 0.590399 -0.089485 -0.097183 -0.510995 -0.446180 -0.309340 -0.256188 -0.368263 -0.394750 0.023587 0.126311 -0.148855 -0.419641 -0.247984 -0.433726 -0.337977 -0.651997 -0.384980 -0.232233 -0.159403 -0.342762 -0.187354 -0.309432 -0.496622 -0.435776 -0.094895 -0.213767 -0.433884 -0.344033 -0.299195 -0.308083 -0.087219 -0.149567 -0.249051 -0.139808 -0.388931 -0.396301 0.093230 -0.221183 0.515562 0.572537 0.282294 0.402570 0.172843 0.265939 -0.358285 -0.275671 -0.403021 -0.204469 -0.385772 -0.299163 -0.074493 0.005808 -0.367169 -0.251189 -0.080415 0.024252 -0.412025 -0.421549 -0.529318 -0.353309 0.064867 0.170349 -0.419451 -0.364196 -0.378937 -0.447935 -0.401924 -0.324619 0.384146 0.553233 0.455373 0.449832 0.125521 0.353847 0.233885 -0.084493 -0.179597 -0.246512 -0.441571 -0.397018 -0.162002 0.094416 0.058399 -0.117165
0.144843 -0.028559 0.805579 0.839807 0.438604 0.313200 0.690499 0.547994 0.293886 0.154387 0.051439 0.135278 0.287624 0.327675 0.312540 0.198668 -0.296895 -0.374423 0.359598 -0.091179 0.295002 0.376126 1.000000 0.803340 0.495930 0.510543 0.329121 0.376537 0.065931 0.088720 0.548840 0.414249 0.160416 -0.006436 -0.359964 -0.352123 -0.468335 -0.392255 -0.416040 -0.659743 -0.110694 -0.231335 -0.254162 -0.514090 -0.333196 -0.457720 -0.368796 -0.512438 -0.186311 -0.051731 -0.054687 -0.144048 -0.137975 -0.016058 -0.684343 -0.466738 -0.367625 -0.437341 -0.368089 -0.028771 -0.456348 -0.170689 -0.186162 -0.278713 -0.176724 -0.160076 -0.415413 -0.359110 0.058121 -0.185400 0.438516 0.532750 0.139744 0.041406 -0.020567 0.042133 -0.326115 -0.225772 -0.480008 -0.534705 -0.457545 -0.494518 -0.192738 -0.147044 -0.364543 -0.271961 0.192342 -0.325590 -0.381343 -0.406042 -0.265705 -0.111863 0.266249 0.271213 -0.294405 -0.539401 -0.589533 -0.491441 -0.523893 -0.414259 0.230784 0.242228 0.398941 0.181078 -0.006420 0.131509 0.015341 -0.338746 -0.059872 -0.398757 -0.625680 -0.423151 -0.298099 -0.116445 -0.144017 -0.274778
-0.061668 -0.064557 0.630960 0.731524 0.306099 0.073705 0.523018 0.480491 0.131270 -0.011467 -0.075412 0.036749 0.116776 0.237152 0.105564 0.089115 -0.354592 -0.429301 0.167741 -0.046975 0.022130 0.177538 0.803340 1.000000 0.538923 0.511974 0.075686 0.271310 -0.123865 -0.089636 0.292647 0.289982 0.038407 -0.018507 -0.207835 -0.153247 -0.359193 -0.206765 -0.262961 -0.506928 -0.101692 -0.208241 -0.173018 -0.228740 -0.316591 -0.234621 -0.413887 -0.204322 -0.015975 -0.059008 -0.047391 -0.095637 -0.214557 -0.072505 -0.535280 -0.515797 -0.311933 -0.282058 -0.229111 0.072883 -0.422087 -0.124944 -0.251188 -0.268777 0.017255 0.058995 -0.228349 -0.045502 0.143188 0.010223 0.123923 0.281023 -0.109259 -0.059655 -0.147491 0.042905 -0.214913 0.028377 -0.408245 -0.486405 -0.364529 -0.425238 -0.124049 -0.140620 -0.251160 -0.093107 0.155042 -0.212789 -0.261351 -0.367897 -0.062970 -0.078173 0.378204 0.184066 -0.081333 -0.311339 -0.410085 -0.299906 -0.490891 -0.358189 0.248974 0.054543 0.284002 0.021482 -0.005644 -0.019431 0.155942 -0.297636 0.086523 -0.243691 -0.407502 -0.376558 -0.341941 -0.159922 -0.243638 -0.249806
-0.069707 0.163010 0.408111 0.390028 0.709791 0.179828 0.199681 0.009299 0.351786 -0.044675 -0.145660 -0.276140 0.153044 -0.183635 0.152077 -0.221457 0.038214 -0.420584 0.127530 0.107553 -0.010735 0.133684 0.495930 0.538923 1.000000 0.596408 -0.073791 0.000709 0.175220 -0.426917 0.268744 0.104428 0.014461 -0.075103 -0.363171 -0.256914 -0.006670 -0.425067 0.026378 -0.347152 0.131621 -0.341175 -0.236256 -0.298431 -0.077180 -0.178306 -0.349162 -0.283618 0.195181 -0.042664 0.167732 0.010960 -0.130752 -0.130970 -0.214942 -0.164177 -0.017462 0.141845 -0.083961 0.105546 -0.059061 0.199658 -0.019878 0.036410 -0.111151 0.172278 -0.089634 -0.086770 0.304283 0.248694 0.130437 -0.022279 0.113904 -0.346748 -0.024774 -0.197654 -0.150211 -0.263412 -0.072810 -0.374580 0.063163 -0.341963 0.216387 -0.172940 -0.052444 -0.114324 0.277888 -0.259922 -0.088385 -0.027121 -0.321203 -0.039627 0.048826 0.172503 -0.132790 -0.069256 -0.238925 -0.148176 -0.483511 -0.243773 0.180161 0.077475 0.039360 0.071693 -0.267927 -0.091294 0.228146 -0.066135 0.004088 -0.075930 -0.336649 -0.372539 -0.223151 -0.407403 -0.314316 -0.264618
-0.014054 -0.001391 0.245327 0.381317 0.354736 0.508194 0.085247 0.307267 0.079898 0.330177 -0.122064 -0.045722 0.053054 0.100212 0.334427 0.200044 -0.149008 -0.361609 -0.014148 -0.086926 0.358637 0.459674 0.510543 0.511974 0.596408 1.000000 0.287273 0.481512 0.148769 -0.022785 0.475452 0.403415 -0.179688 -0.055695 -0.347082 -0.214071 -0.126857 -0.237578 -0.185801 -0.410929 0.013986 -0.182779 -0.382128 -0.339612 -0.248565 -0.255115 -0.487187 -0.364119 -0.011184 -0.151978 -0.093096 -0.169268 -0.291838 -0.395318 -0.443812 -0.491121 -0.036032 0.018238 -0.026727 0.144693 -0.180031 0.245742 -0.129972 -0.079196 -0.068154 0.395081 0.005373 -0.038214 0.274783 0.132993 0.219116 0.279417 0.110223 0.011621 0.070237 0.142587 -0.179903 -0.072413 -0.197806 -0.385137 -0.114189 -0.372609 0.215063 -0.118173 -0.044783 -0.067429 0.235626 0.039291 -0.129212 -0.290156 -0.345471 -0.345821 0.167635 0.034193 -0.151748 -0.189277 -0.293263 -0.221998 -0.518451 -0.408907 0.344841 0.103075 0.206672 0.080624 -0.099212 -0.047845 0.295446 -0.204384 0.069475 -0.027434 -0.276652 -0.434558 -0.355963 -0.264482 -0.208619 -0.168852
0.042920 -0.040487 0.156507 0.265149 0.192161 0.643083 0.317392 0.445980 0.300987 0.394186 0.164072 0.091603 0.444925 0.355878 0.816164 0.692046 0.023701 0.019574 -0.040637 -0.416186 0.748938 0.619580 0.329121 0.075686 -0.073791 0.287273 1.000000 0.830827 0.436982 0.454078 0.476972 0.399728 -0.321801 -0.320467 -0.385316 -0.373558 -0.188495 -0.135416 -0.440667 -0.447517 0.094173 -0.059162 -0.339579 -0.506848 -0.333157 -0.435892 -0.226007 -0.532719 -0.411322 -0.316736 -0.130922 -0.451858 -0.194391 -0.316704 -0.452781 -0.422357 -0.201112 -0.255772 -0.322716 -0.119922 -0.157638 -0.069012 0.012104 0.176045 -0.066865 -0.110918 -0.317267 -0.224077 -0.141552 -0.257968 0.338466 0.373327 0.415162 0.200109 0.275654 0.063772 -0.320809 -0.175412 -0.197263 -0.033097 -0.104955 -0.071736 0.037707 -0.074822 -0.052587 0.008540 0.029042 0.039270 -0.305079 -0.236562 -0.401656 -0.329485 -0.213108 -0.123577 -0.297743 -0.449033 -0.396428 -0.260656 -0.360336 -0.294188 -0.079907 0.253434 0.147052 0.179796 0.036395 0.183282 -0.175795 -0.248134 -0.121442 -0.237275 -0.336926 -0.342631 -0.286250 -0.054786 0.010939 -0.095810
0.047892 -0.033305 0.189472 0.417960 0.043813 0.664198 0.197327 0.606134 0.251984 0.344860 -0.105318 0.119424 0.195450 0.403797 0.733608 0.811523 -0.336752 -0.175046 0.072937 -0.215408 0.712756 0.707441 0.376537 0.271310 0.000709 0.481512 0.830827 1.000000 0.156640 0.447752 0.511818 0.543629 -0.277674 -0.237210 -0.376881 -0.271202 -0.302021 -0.092962 -0.412657 -0.418406 -0.044501 0.112466 -0.320544 -0.433425 -0.372054 -0.319970 -0.309693 -0.447007 -0.433237 -0.222428 -0.339924 -0.431006 -0.290156 -0.467203 -0.560707 -0.596256 -0.168613 -0.236904 -0.209593 -0.042985 -0.334018 -0.110150 -0.131448 -0.119983 -0.116674 0.040153 -0.263633 -0.071353 0.119531 -0.047094 0.265606 0.446450 0.117490 0.262153 0.098789 0.157363 -0.410566 -0.093290 -0.418338 -0.219814 -0.302910 -0.238882 -0.050943 -0.005164 -0.159227 -0.065010 -0.088749 0.094830 -0.268611 -0.336402 -0.306290 -0.497078 0.059473 -0.078696 -0.256550 -0.391441 -0.400261 -0.315485 -0.383595 -0.493548 0.219684 0.216003 0.351200 0.163276 0.082132 0.152822 -0.004926 -0.386612 -0.017133 -0.142718 -0.271150 -0.431895 -0.311242 -0.046177 -0.053859 -0.020215
-0.081638 -0.196402 0.039117 -0.184511 0.359845 0.385369 0.138023 -0.124111 0.085557 0.155051 0.607978 -0.319377 0.672615 -0.048597 0.460668 0.058233 0.720492 -0.205279 -0.197171 -0.121061 0.574450 0.268618 0.065931 -0.123865 0.175220 0.148769 0.436982 0.156640 1.000000 -0.039542 0.487626 0.342354 -0.168240 -0.010279 -0.156838 -0.123972 0.436893 -0.163056 0.198011 -0.174411 0.608486 -0.192057 -0.286612 -0.260435 -0.066197 -0.232426 -0.216148 -0.139273 -0.002522 -0.365348 -0.045685 -0.401501 -0.485813 -0.257027 -0.085390 -0.168132 -0.129601 -0.135157 -0.104996 -0.047491 0.171373 0.238265 -0.091200 0.077075 -0.107376 -0.040322 -0.024245 -0.143619 -0.373853 -0.258477 0.596024 0.142317 0.930706 0.002142 0.720958 0.116230 0.367633 0.067657 0.478770 -0.051374 0.437988 -0.168447 0.499364 -0.068665 0.078138 -0.245947 0.297193 -0.145119 -0.058119 -0.148861 -0.490218 -0.100082 -0.505459 -0.052784 -0.184084 -0.074256 -0.141158 -0.152033 -0.385928 -0.051490 -0.269854 0.158500 -0.293943 -0.045069 -0.404521 -0.188741 -0.070956 0.241427 -0.107047 0.069371 -0.119451 -0.129512 -0.201074 -0.268102 -0.282430 -0.270367
0.146575 -0.163635 -0.016354 0.106973 -0.240830 0.225872 0.092311 0.423865 0.173081 0.352352 0.059627 0.646409 -0.006665 0.582048 0.317051 0.619022 -0.229947 0.560633 -0.077221 -0.399425 0.469490 0.447647 0.088720 -0.089636 -0.426917 -0.022785 0.454078 0.447752 -0.039542 1.000000 0.228597 0.340037 -0.208222 -0.081030 -0.174958 -0.281742 -0.152085 0.387647 -0.440201 -0.116903 -0.077563 0.490216 -0.198445 -0.331617 -0.424423 -0.393805 0.122784 -0.460158 -0.540141 -0.235621 -0.251339 -0.302719 0.056522 -0.254658 -0.140278 -0.255861 -0.260621 -0.399550 -0.232377 -0.026285 -0.299780 -0.255699 0.007808 -0.030486 -0.022386 -0.143309 -0.184432 -0.187301 -0.249282 -0.391766 0.093911 0.515958 0.014878 0.734205 0.129230 0.445200 -0.259335 0.006956 -0.182681 0.362610 -0.205472 0.361409 -0.258804 0.282587 0.072193 0.168028 -0.284438 0.297729 -0.142324 -0.218438 0.009085 -0.386685 -0.127758 -0.368082 -0.156316 -0.305377 -0.062255 -0.122465 0.202788 -0.263249 -0.092000 0.088719 0.214773 0.010497 0.261773 0.255021 -0.345826 -0.361284 -0.223166 -0.161961 -0.071082 0.097323 -0.178466 0.386741 0.391636 0.229227
0.324170 -0.153878 0.513631 0.440383 0.301607 0.581601 0.385137 0.451325 0.152486 0.248761 0.180446 0.110480 0.436232 0.465012 0.421769 0.376485 -0.069626 -0.380796 0.275228 0.078729 0.727583 0.639993 0.548840 0.292647 0.268744 0.475452 0.476972 0.511818 0.487626 0.228597 1.000000 0.900118 -0.000880 0.091067 -0.419751 -0.364101 -0.286701 -0.430525 -0.322489 -0.565068 0.021616 -0.111561 -0.386156 -0.544902 -0.331556 -0.447281 -0.433584 -0.446197 -0.415612 -0.321754 -0.381474 -0.388555 -0.419465 -0.366192 -0.550342 -0.519238 -0.103915 -0.448040 -0.138432 -0.111968 -0.078194 -0.073536 -0.035476 -0.382631 -0.379997 -0.139514 -0.281272 -0.302050 0.034361 -0.113444 0.749981 0.718160 0.436006 0.220757 0.238267 0.170686 -0.203368 -0.286115 -0.182692 -0.448077 -0.229515 -0.457535 0.137966 0.055161 -0.342137 -0.413693 -0.094302 -0.170631 -0.331607 -0.441868 -0.463665 -0.262991 0.034420 0.188520 -0.326537 -0.428556 -0.418975 -0.397478 -0.477156 -0.343347 0.306366 0.324316 0.251938 0.147609 -0.285327 -0.070786 0.130636 -0.112727 -0.157114 -0.110120 -0.377621 -0.356331 -0.287359 -0.238760 -0.279937 -0.307316
0.213109 -0.284144 0.391133 0.351408 0.111796 0.419412 0.333229 0.548132 0.109845 0.087670 0.095290 0.225710 0.337986 0.603595 0.401091 0.520693 -0.213829 -0.272922 0.133260 0.026881 0.637388 0.590399 0.414249 0.289982 0.104428 0.403415 0.399728 0.543629 0.342354 0.340037 0.900118 1.000000 -0.144327 0.087689 -0.255856 -0.199780 -0.289745 -0.245925 -0.304955 -0.409321 -0.113607 0.024495 -0.420481 -0.455994 -0.441486 -0.388302 -0.410867 -0.277749 -0.506402 -0.436441 -0.527295 -0.490471 -0.455897 -0.533406 -0.444757 -0.559118 -0.141959 -0.457848 -0.064037 -0.082484 -0.075197 -0.095792 -0.019302 -0.400730 -0.211207 -0.039147 -0.187178 -0.100590 0.010023 -0.106478 0.573988 0.721245 0.230022 0.323308 0.115933 0.213502 -0.215032 -0.097611 -0.183197 -0.280487 -0.205073 -0.289939 0.200869 0.197788 -0.212805 -0.261329 -0.236870 -0.022092 -0.236441 -0.401735 -0.289758 -0.333975 0.087357 0.063430 -0.158958 -0.273961 -0.252520 -0.265329 -0.361654 -0.381874 0.316125 0.201348 0.231134 0.050191 -0.309044 -0.126904 0.103914 -0.127546 -0.043022 0.043644 -0.165609 -0.297933 -0.363628 -0.216761 -0.284515 -0.167252
0.330719 0.253432 0.316496 0.189245 -0.012842 0.111517 -0.033526 -0.254921 -0.120267 -0.006251 -0.118857 -0.206646 -0.282213 -0.313749 -0.391641 -0.399089 -0.143544 -0.328398 0.625908 0.560976 -0.077108 -0.089485 0.160416 0.038407 0.014461 -0.179688 -0.321801 -0.277674 -0.168240 -0.208222 -0.000880 -0.144327 1.000000 0.747727 -0.020108 0.049172 -0.264468 -0.211121 0.020520 -0.085953 -0.061603 0.006586 0.494116 0.275759 0.467865 0.258553 0.190523 0.056559 0.255332 0.440646 0.201289 0.373844 -0.027834 0.461438 -0.301293 0.094205 0.085204 0.090258 -0.065807 -0.206407 -0.152884 -0.345600 -0.345323 -0.358892 -0.228222 -0.443447 -0.069206 -0.255642 0.231312 0.122332 0.184780 0.040845 0.009343 0.105695 0.035803 0.250594 0.234042 -0.082051 -0.208166 -0.334764 -0.379677 -0.421599 -0.262979 0.061112 -0.578551 -0.574628 0.235199 -0.053736 -0.320022 -0.300301 -0.234099 -0.000689 0.083558 0.251972 -0.225009 -0.230355 -0.169986 -0.272591 -0.023098 0.207625 0.108428 -0.040410 0.143321 0.068834 0.216611 0.058049 0.003604 -0.022523 -0.146934 -0.078598 -0.152856 0.104968 0.362800 0.167003 0.085281 -0.335739
0.092060 -0.056374 0.123615 -0.057018 -0.103119 0.080727 -0.162498 -0.228407 -0.146518 -0.031596 0.038146 -0.107143 -0.282371 -0.190237 -0.353359 -0.293957 -0.117432 -0.280292 0.272898 0.413465 -0.010545 -0.097183 -0.006436 -0.018507 -0.075103 -0.055695 -0.320467 -0.237210 -0.010279 -0.081030 0.091067 0.087689 0.747727 1.000000 0.132876 0.307321 -0.113343 0.050861 0.044382 -0.042919 0.062768 0.102819 0.390803 0.385520 0.397427 0.315827 0.189248 0.254079 0.296120 0.253106 0.150194 0.189850 -0.277073 0.119276 -0.272824 -0.085690 -0.113463 -0.051067 0.073500 -0.104782 -0.127173 -0.169693 -0.500568 -0.368199 0.055009 -0.106897 0.065557 -0.003454 0.002044 0.036844 0.158421 0.104464 0.098215 0.267456 0.183482 0.450579 0.433713 0.241256 -0.071296 -0.230027 -0.215923 -0.322084 -0.030386 0.137425 -0.390652 -0.545651 0.165012 -0.001267 -0.346443 -0.431064 -0.176720 -0.172019 -0.070762 0.054448 -0.055774 0.012727 0.090934 -0.031498 0.044872 0.184927 0.040529 -0.183144 0.019011 -0.043444 0.149464 -0.066962 -0.000592 -0.002242 -0.062830 0.254699 0.237494 0.291418 0.304277 0.210824 0.055709 -0.229345
-0.253408 -0.411531 -0.306189 -0.472493 -0.171682 -0.451189 -0.246697 -0.327276 -0.192436 -0.222143 0.162292 -0.186431 -0.300081 -0.188985 -0.455256 -0.153312 0.164425 0.005001 -0.358334 -0.008873 -0.443013 -0.510995 -0.359964 -0.207835 -0.363171 -0.347082 -0.385316 -0.376881 -0.156838 -0.174958 -0.419751 -0.255856 -0.020108 0.132876 1.000000 0.781621 0.372181 0.418566 0.486551 0.614853 -0.000794 0.068152 0.013339 0.336469 0.074278 0.425081 0.146837 0.590795 0.049480 -0.040095 -0.227215 -0.046941 -0.089183 -0.091310 0.437062 0.285272 0.000662 -0.006618 0.399501 0.195094 0.268579 0.170704 0.028705 -0.104686 0.257794 0.242110 0.464427 0.585655 -0.130233 0.073763 -0.306200 -0.300136 -0.181213 -0.150611 -0.056054 -0.091577 0.410314 0.565991 0.284182 0.188855 0.264571 0.175715 0.143369 0.241337 0.282241 0.189163 0.162972 0.180914 0.406114 0.267852 0.457216 0.097348 -0.030647 -0.246660 0.342392 0.536034 0.379745 0.362362 0.345120 0.231531 -0.216039 -0.496335 -0.279277 -0.418510 -0.011053 -0.220196 -0.179292 0.280358 0.201613 0.484544 0.624828 0.367552 0.025260 -0.099302 -0.064127 0.187059
-0.386518 -0.405203 -0.205199 -0.429690 -0.199032 -0.302723 -0.211478 -0.300130 -0.173403 -0.216838 -0.020784 -0.365737 -0.244574 -0.319976 -0.329027 -0.124199 0.039553 -0.236910 -0.257899 0.121096 -0.360152 -0.446180 -0.352123 -0.153247 -0.256914 -0.214071 -0.373558 -0.271202 -0.123972 -0.281742 -0.364101 -0.199780 0.049172 0.307321 0.781621 1.000000 0.328191 0.312388 0.490724 0.552535 0.119308 0.075104 0.142070 0.438162 0.213000 0.568361 0.031276 0.663338 0.296993 0.037615 -0.187189 -0.125288 -0.204759 -0.162152 0.345473 0.146100 -0.113796 0.028305 0.455682 0.124847 0.151704 0.071949 -0.211565 -0.227693 0.299724 0.338699 0.443041 0.693043 -0.139908 0.095465 -0.309333 -0.384922 -0.157959 -0.166072 -0.047069 -0.069874 0.432161 0.612558 0.192016 0.013747 0.206197 -0.053800 0.197031 0.131793 0.103000 -0.101419 0.134472 0.067516 0.265482 0.013555 0.312704 0.058436 0.051239 -0.081151 0.493419 0.550017 0.413632 0.369883 0.153267 0.179011 -0.062806 -0.333661 -0.095003 -0.242130 0.025866 -0.109099 0.000311 0.225932 0.291835 0.533444 0.657566 0.237853 0.096232 -0.014235 -0.033132 0.238340
