1.000000 0.476797 0.095904 -0.165035 0.075717 -0.298633 0.130223 -0.067083 0.202732 0.136937 0.287583 0.223763 0.212916 0.026809 0.112121 0.023024 0.169215 -0.198536 0.434978 0.111405 -0.184560 -0.095941 -0.470758 -0.491314 -0.154121 -0.415020 0.047947 -0.348331 0.020227 -0.420853 -0.348676 -0.637903 0.101896 -0.257576 -0.386717 -0.386661 -0.090899 -0.025947 0.187113 -0.051662 0.072267 0.228711 -0.262864 -0.313413 -0.155364 -0.268764 -0.236998 -0.356561 0.578730 0.019096 0.223031 0.199826 0.250880 -0.198544 0.090098 -0.097835 0.503081 -0.039784 0.589660 0.406283 0.750706 0.359672 0.328394 0.298026 -0.168519 -0.013236 0.308401 -0.137485 -0.027342 -0.248502 -0.246493 -0.340917 -0.139859 -0.105961 0.015836 -0.117253 -0.245371 -0.229280 -0.293635 -0.259958 -0.214950 -0.297431 0.049541 -0.187994 -0.151448 -0.068353 0.097291 -0.161681 -0.280517 0.179630 0.028667 -0.111852 -0.137697 0.031813 -0.023092 -0.195942 -0.021283 -0.245608 -0.076929 -0.214673 0.225427 0.031865 0.053903 0.183395 0.005630 -0.172140 0.309373 0.170806 -0.094621 -0.087527 -0.476940 -0.377580 -0.260389 -0.311317 -0.059514 -0.061829
0.476797 1.000000 -0.530565 -0.331508 -0.095039 -0.326335 -0.280209 -0.196773 0.003264 0.024568 0.019585 0.074427 -0.162990 -0.198264 -0.188401 -0.350598 0.121920 0.293001 0.062007 0.514793 -0.431769 -0.096320 -0.710770 -0.701400 -0.224626 -0.612865 -0.358885 -0.542323 0.331220 0.054397 -0.392634 -0.540566 0.272942 0.148628 -0.332953 -0.401798 0.010988 0.142763 -0.105052 -0.031820 0.073221 0.149545 -0.353477 -0.377596 -0.252947 -0.461757 -0.111418 -0.012736 0.328896 -0.052996 -0.242556 0.187689 0.163711 -0.161509 -0.032330 0.061564 0.098448 0.310587 0.617455 0.708395 0.442459 0.536766 0.392167 0.745518 -0.576460 -0.202422 0.544593 -0.147152 0.279853 -0.034419 -0.281721 -0.302606 0.139996 0.243051 0.247795 -0.208566 0.116398 0.193302 -0.172398 0.209754 0.032903 0.199369 0.065928 0.094818 -0.290112 -0.248354 -0.037204 -0.057291 -0.532166 0.070625 0.105391 -0.165433 -0.238365 -0.193387 -0.075878 0.122894 0.092266 0.016584 0.385238 -0.006128 0.183937 0.148446 0.283324 0.307652 0.090796 0.095030 0.381338 0.195379 0.068421 0.112583 -0.307223 -0.034196 -0.052980 -0.197974 -0.125175 -0.034348
0.095904 -0.530565 1.000000 0.538894 0.521533 0.369112 0.699663 0.535325 0.277520 0.340137 0.184762 0.036875 0.269122 0.194489 0.268430 0.502939 0.104298 -0.433827 0.386583 -0.418217 0.361545 -0.001519 0.534415 0.464820 0.218618 0.395448 0.461428 0.357064 -0.313946 -0.338346 0.223688 0.144424 -0.207044 -0.346422 0.037809 0.083844 -0.351269 -0.501184 0.057060 -0.153200 -0.315106 -0.100656 -0.015504 -0.016518 -0.008739 0.201828 -0.252092 -0.448403 0.117217 0.004783 0.275831 -0.043221 -0.197184 -0.263717 -0.147599 -0.309440 -0.016943 -0.464419 -0.176085 -0.378170 0.082231 -0.209416 -0.303594 -0.568767 0.547611 0.389507 -0.385859 0.241576 -0.333507 -0.006048 0.328021 0.072045 -0.258258 -0.348637 -0.326554 0.002292 -0.362556 -0.491581 -0.122186 -0.364078 -0.217653 -0.555881 0.045937 -0.359599 -0.124731 -0.000312 0.124237 -0.303118 0.429491 0.121303 0.016131 0.004008 0.349940 0.328630 -0.105673 -0.405858 -0.328232 -0.361772 -0.637477 -0.457056 0.155668 -0.008438 -0.143152 0.002629 0.029105 -0.222861 -0.147826 -0.118431 -0.012129 -0.391165 -0.228404 -0.510967 -0.407990 -0.114012 -0.093965 -0.073449
-0.165035 -0.331508 0.538894 1.000000 0.272863 0.498112 0.368122 0.539809 0.115441 0.396406 -0.115306 -0.078223 -0.077546 0.173362 -0.003529 0.518968 -0.234647 -0.321318 0.160348 -0.313281 0.141791 -0.188160 0.515076 0.652458 0.142018 0.598409 0.277465 0.636729 -0.500719 -0.191451 0.058833 0.119443 -0.160153 -0.167708 0.155604 0.302210 -0.475835 -0.271622 -0.194019 -0.147339 -0.429435 -0.207128 0.171194 0.244831 0.134623 0.343895 -0.078075 -0.115756 0.024797 0.264113 0.287628 0.207808 -0.069354 0.062204 -0.300273 -0.237658 -0.143388 -0.394385 -0.292248 -0.468058 -0.179053 -0.023427 -0.277718 -0.341976 0.349971 0.558208 -0.460791 0.154213 -0.371709 -0.193239 0.078618 -0.036824 -0.435257 -0.337526 -0.265035 -0.023114 -0.360674 -0.366860 -0.210620 -0.313923 -0.316064 -0.518993 -0.256780 -0.300378 -0.061963 0.096800 -0.153060 0.193589 0.376210 0.170779 0.093581 -0.142018 0.458116 -0.049444 -0.215646 -0.399934 -0.424182 -0.529566 -0.452981 -0.338599 0.104641 -0.182176 -0.287471 -0.243919 -0.249432 -0.097022 -0.338667 -0.283719 -0.171269 -0.463012 -0.210016 -0.390919 -0.413755 -0.207716 -0.005239 -0.214379
0.075717 -0.095039 0.521533 0.272863 1.000000 0.618624 0.350821 0.474751 0.546386 0.699272 -0.017456 0.003361 0.063888 0.014889 0.161089 0.362259 -0.031314 -0.316718 0.044397 -0.072112 0.129258 0.015131 0.059724 0.162765 0.364392 0.248975 0.470717 0.168556 -0.066657 -0.051913 0.084774 0.026676 -0.296409 -0.272714 -0.409376 0.003624 -0.479610 -0.507294 -0.075241 -0.409675 -0.324151 0.055440 -0.090959 -0.173276 0.012402 0.117488 -0.061673 -0.149376 0.376968 0.263227 0.040793 0.142287 0.079182 -0.234859 -0.272464 -0.391676 -0.016287 -0.204165 0.193117 0.209428 0.150715 0.196502 -0.239317 -0.170799 0.040377 0.328225 0.086372 0.234764 -0.030153 0.169299 0.234844 -0.012653 -0.195210 -0.287144 -0.255245 0.040369 -0.485789 -0.508986 -0.481127 -0.487571 -0.294262 -0.541359 -0.091461 0.082609 -0.371657 -0.395787 0.270379 -0.322262 0.192059 -0.103698 0.416373 -0.154200 0.382078 0.218737 -0.132941 -0.391476 -0.423855 -0.352280 -0.224206 -0.519435 0.414658 0.231994 -0.057639 0.231738 0.205172 -0.112566 0.248942 0.006117 0.199068 -0.459440 -0.490559 -0.458223 -0.422484 -0.105986 -0.180444 -0.133265
-0.298633 -0.326335 0.369112 0.498112 0.618624 1.000000 0.172375 0.370732 0.097896 0.519407 -0.181451 -0.161670 -0.121242 0.027976 -0.080498 0.384359 -0.060891 -0.174757 -0.242848 -0.085796 0.147164 -0.068870 0.288354 0.505926 0.569756 0.654144 0.377554 0.609246 -0.204969 0.096922 0.146099 0.301558 -0.194443 0.008472 -0.128394 0.327399 -0.323393 -0.415293 -0.343137 -0.420014 -0.456519 -0.174898 0.131061 0.132000 0.153219 0.300524 0.088410 0.047536 0.036353 0.238575 -0.014733 0.036560 0.026429 -0.148226 -0.313919 -0.345619 0.008392 -0.041635 -0.144545 -0.102374 -0.298254 -0.113513 -0.257345 -0.327515 0.043394 0.252076 -0.158203 0.201997 -0.042482 0.109365 0.336144 0.173402 -0.224200 -0.290925 -0.299082 0.288849 -0.362811 -0.281948 -0.208971 -0.239640 -0.049171 -0.303737 -0.103273 0.077917 -0.276270 -0.333250 0.219922 -0.128540 0.341005 -0.249139 0.261844 -0.064623 0.374383 0.193469 -0.162353 -0.348250 -0.410931 -0.369074 -0.209801 -0.261697 0.171380 0.245499 -0.116627 -0.053294 0.045804 0.072363 -0.249660 -0.249091 -0.016668 -0.495153 -0.282560 -0.195106 -0.320369 0.041988 -0.145489 -0.257518
0.130223 -0.280209 0.699663 0.368122 0.350821 0.172375 1.000000 0.673385 0.133160 0.209257 0.325705 0.247096 0.448206 0.427166 0.156114 0.494527 0.260276 -0.144980 0.295793 -0.353129 0.336267 -0.133840 0.350006 0.286092 -0.127383 0.146534 0.282480 0.214633 0.117473 -0.014102 0.221426 0.165009 0.024320 -0.013017 0.162534 -0.016153 -0.346712 -0.228680 -0.198703 -0.194516 -0.209169 0.094048 -0.055024 -0.067626 -0.099236 -0.132799 -0.258878 -0.468235 0.131236 -0.073378 0.220096 0.042386 -0.012780 -0.234601 -0.170384 -0.380372 -0.201933 -0.600884 -0.064135 -0.318154 0.214898 0.095252 -0.042332 -0.174437 0.487875 0.470186 -0.435326 -0.207318 -0.458749 -0.198603 0.335224 0.158001 0.036284 -0.039113 0.018736 0.142702 -0.176936 -0.329211 -0.191843 -0.164983 -0.113262 -0.352373 0.056553 -0.446077 -0.177828 -0.067939 -0.051821 -0.372868 0.086841 0.118693 -0.154500 -0.106666 0.133079 -0.000396 -0.350640 -0.454841 -0.393988 -0.402814 -0.577849 -0.337451 0.139962 -0.040585 -0.195371 -0.230088 -0.161955 -0.190557 -0.284001 -0.339689 -0.235704 -0.252152 -0.204161 -0.453654 -0.247325 -0.067550 -0.017853 -0.190181
-0.067083 -0.196773 0.535325 0.539809 0.474751 0.370732 0.673385 1.000000 0.161675 0.569090 0.049715 0.377990 0.100179 0.511192 -0.097415 0.538329 -0.026977 -0.118221 0.090129 -0.395458 0.244619 -0.147813 0.206285 0.258509 -0.091512 0.221475 0.226021 0.271764 -0.030798 0.227234 0.223488 0.233685 0.002298 0.025529 -0.068129 0.066661 -0.524858 -0.230826 -0.387459 -0.358203 -0.366098 -0.089545 0.073111 0.041148 0.014436 0.019763 -0.038165 -0.288404 0.249741 0.123699 0.128220 0.230393 0.057371 -0.116975 -0.258161 -0.359477 -0.401441 -0.690250 -0.092127 -0.155741 0.043049 0.313052 -0.206139 -0.123155 0.197624 0.724246 -0.318838 -0.023805 -0.477300 -0.183631 0.252822 0.085902 -0.121600 -0.020833 -0.065053 0.161779 -0.249008 -0.323904 -0.302751 -0.222797 -0.215371 -0.417261 -0.226428 -0.266430 -0.283313 -0.135099 -0.194617 -0.236132 0.058615 0.014059 0.056773 -0.313720 0.228623 -0.230759 -0.321106 -0.358598 -0.394165 -0.417647 -0.456437 -0.418405 0.159694 -0.227931 -0.222457 -0.315630 -0.169743 -0.078909 -0.186593 -0.292644 -0.106157 -0.403072 -0.225537 -0.499833 -0.310685 -0.196347 -0.109862 -0.262052
0.202732 0.003264 0.277520 0.115441 0.546386 0.097896 0.133160 0.161675 1.000000 0.592734 0.114917 0.035573 0.125265 0.001624 0.434043 0.131583 -0.179265 -0.256566 0.089085 -0.086112 -0.134151 0.022083 0.071473 0.072041 0.225989 0.029613 0.301169 -0.081292 -0.092701 -0.192203 -0.242368 -0.273225 -0.288224 -0.317492 -0.286569 -0.204794 -0.223327 -0.040442 0.108123 -0.217110 -0.025661 0.186991 -0.082385 -0.158073 -0.003582 0.001633 0.025563 -0.067919 0.507103 0.339522 0.314856 0.307276 0.326356 0.061101 -0.063229 -0.092966 -0.079905 -0.110026 0.035125 0.115237 0.138492 0.264480 -0.252320 -0.024827 0.064356 0.277656 0.045335 -0.095589 -0.114921 -0.019973 -0.125195 -0.157449 -0.203818 -0.034114 0.089309 0.081131 -0.137897 -0.226851 -0.350381 -0.417697 -0.217199 -0.318022 0.049782 -0.143352 0.055252 -0.154872 0.233528 -0.029077 0.065966 0.080191 0.417285 -0.011017 0.387627 0.046451 -0.103042 -0.338836 -0.307278 -0.348030 -0.030863 -0.432421 0.360410 -0.037514 -0.283101 0.065042 -0.102897 -0.337213 0.300364 0.094525 0.040253 -0.334206 -0.469232 -0.348772 -0.244558 -0.304972 -0.045711 -0.186676
0.136937 0.024568 0.340137 0.396406 0.699272 0.519407 0.209257 0.569090 0.592734 1.000000 0.079646 0.201887 0.026507 0.291003 0.185240 0.458231 -0.068794 -0.287694 0.092287 -0.063252 -0.004663 0.028522 0.005738 0.143860 0.135462 0.235248 0.393646 0.217946 -0.183019 -0.034285 -0.095265 -0.144456 -0.097111 -0.156288 -0.393344 0.026577 -0.439287 -0.291124 -0.280538 -0.436467 -0.259677 0.018628 -0.136948 -0.155758 -0.025150 0.049601 -0.040915 -0.186686 0.411435 0.250419 0.083129 0.203335 0.119962 -0.229219 -0.327375 -0.461413 -0.028085 -0.252188 0.036867 0.168346 0.008536 0.304639 -0.261289 -0.114338 -0.022953 0.514055 0.098736 0.184029 -0.058772 0.065458 0.062403 -0.140850 -0.320609 -0.047837 0.011900 0.201267 -0.276792 -0.334452 -0.393003 -0.381333 -0.215039 -0.480752 -0.111241 -0.098265 -0.211967 -0.302306 0.131734 -0.130256 0.079854 -0.122064 0.396443 -0.277479 0.428897 -0.020781 -0.119500 -0.449571 -0.451327 -0.449172 -0.268846 -0.654122 0.279635 -0.056394 -0.194462 0.014899 -0.038533 -0.139569 0.258199 -0.084723 0.033452 -0.471048 -0.488378 -0.570251 -0.517262 -0.277388 -0.194460 -0.296099
0.287583 0.019585 0.184762 -0.115306 -0.017456 -0.181451 0.325705 0.049715 0.114917 0.079646 1.000000 0.475438 0.833505 0.570598 0.640576 0.354248 0.633739 0.208672 0.320678 -0.161278 0.185817 0.293438 0.236854 0.054733 -0.266455 0.035886 0.414474 0.109166 0.264888 -0.133345 0.137207 -0.076623 0.091133 -0.208867 0.084083 -0.230069 0.095844 -0.095602 0.012966 -0.308154 0.006439 0.085187 -0.097653 -0.263502 -0.180937 -0.286345 -0.042522 -0.376358 0.030999 -0.338669 0.284992 -0.320418 0.016970 -0.384570 0.132385 -0.547665 0.132048 -0.033812 -0.177980 -0.132963 0.080800 -0.000845 -0.165566 -0.029900 0.209659 -0.187836 -0.101692 -0.138136 -0.124632 -0.109489 0.237275 0.168143 0.242396 0.350207 0.229381 0.131278 0.153278 -0.133082 0.209066 0.216227 0.082326 0.007217 0.154655 -0.497018 0.464035 0.066007 0.224694 -0.367468 0.119619 -0.278882 -0.107547 -0.186864 0.109199 -0.008377 0.025871 -0.455812 -0.136909 -0.111163 -0.215358 -0.350722 -0.040522 -0.121582 -0.023154 -0.068460 -0.068421 -0.381411 0.070277 -0.031521 -0.006102 -0.042713 0.006602 -0.132560 -0.052932 0.121442 0.184906 -0.033849
0.223763 0.074427 0.036875 -0.078223 0.003361 -0.161670 0.247096 0.377990 0.035573 0.201887 0.475438 1.000000 0.334987 0.699196 0.142352 0.293172 0.238755 0.275709 0.280132 -0.336429 -0.028562 0.046683 -0.049470 -0.213875 -0.394443 -0.214339 0.129692 -0.021449 0.228718 0.184934 0.070953 -0.091076 0.266248 -0.061391 0.064719 -0.355492 -0.093784 0.074767 -0.179938 -0.330522 -0.047618 -0.124438 0.172579 -0.021910 0.069105 -0.089954 0.285980 -0.280240 0.301279 0.046146 0.354493 0.132854 0.265079 -0.107993 0.204936 -0.295149 -0.140913 -0.363039 -0.099595 -0.009776 0.212604 0.269106 -0.157734 0.183944 0.079351 0.218547 -0.019447 -0.230434 -0.442777 -0.399892 0.189244 0.184243 0.228402 0.446942 0.266691 0.145593 0.213376 -0.068850 0.185067 0.249464 -0.062572 0.028382 -0.228958 -0.382223 0.270813 0.190543 -0.140463 -0.187842 -0.143347 -0.130812 -0.257386 -0.410988 -0.103204 -0.490462 -0.203224 -0.336080 0.039980 -0.045113 -0.235570 -0.252530 -0.171690 -0.609346 -0.371534 -0.392270 -0.233003 -0.178170 -0.032637 0.102596 -0.073723 -0.082208 0.000991 -0.182936 -0.016933 -0.119596 0.414896 -0.185878
0.212916 -0.162990 0.269122 -0.077546 0.063888 -0.121242 0.448206 0.100179 0.125265 0.026507 0.833505 0.334987 1.000000 0.597514 0.753663 0.511868 0.534914 0.087451 0.244755 -0.262157 0.294355 0.355813 0.357991 0.199819 -0.208519 0.108244 0.526835 0.223915 0.280947 -0.112006 0.266076 0.100333 -0.106711 -0.272931 0.130869 -0.140601 0.011689 -0.177526 0.026381 -0.193047 0.081399 0.032135 -0.162838 -0.290201 -0.176388 -0.229441 -0.218370 -0.472818 -0.041654 -0.305620 0.218085 -0.328630 0.036812 -0.376033 0.038127 -0.547658 0.146128 -0.142902 -0.166997 -0.256323 0.134078 -0.014800 -0.150778 -0.123580 0.314517 -0.065784 -0.269296 -0.236916 -0.238406 -0.148108 0.284379 0.298402 0.191539 0.186570 0.192330 0.051737 -0.057457 -0.311112 0.141535 0.030047 -0.029675 -0.086709 0.175236 -0.381692 0.360064 0.019656 0.235211 -0.339712 0.204646 -0.186139 -0.067522 -0.035949 0.111510 0.150829 0.027976 -0.393606 -0.301802 -0.098958 -0.351048 -0.272767 -0.081759 -0.069257 -0.072747 -0.162642 -0.166479 -0.385681 0.128899 -0.095443 -0.006903 -0.019949 -0.011549 -0.142552 -0.044824 0.094962 0.131251 0.064593
0.026809 -0.198264 0.194489 0.173362 0.014889 0.027976 0.427166 0.511192 0.001624 0.291003 0.570598 0.699196 0.597514 1.000000 0.361257 0.698180 0.310855 0.142604 0.135122 -0.520171 0.360202 0.221298 0.322539 0.239551 -0.411993 0.234496 0.454397 0.412421 0.130153 0.188545 0.295882 0.212112 0.072873 -0.103591 0.177329 -0.002861 -0.151293 -0.040869 -0.260381 -0.335944 -0.069737 -0.125810 0.090826 -0.013540 0.008815 -0.109044 0.004343 -0.425279 0.050426 -0.161816 0.239896 -0.177750 0.084574 -0.250297 -0.000180 -0.573495 -0.102031 -0.412285 -0.345022 -0.375611 -0.042959 0.120142 -0.269582 -0.126680 0.275353 0.356602 -0.398913 -0.203944 -0.460596 -0.345872 0.303235 0.328562 0.099263 0.339751 0.280579 0.289331 0.008937 -0.215380 0.151094 0.086281 0.013020 -0.061711 -0.099102 -0.425455 0.348807 0.112251 0.021974 -0.121100 0.167932 -0.250632 -0.171883 -0.277323 0.081114 -0.243699 -0.092110 -0.433052 -0.269117 -0.176592 -0.468403 -0.358079 -0.210924 -0.441864 -0.314172 -0.486599 -0.326724 -0.095116 -0.176762 -0.228315 -0.125210 -0.132111 0.038979 -0.291183 -0.207129 -0.087866 0.236921 -0.174840
0.112121 -0.188401 0.268430 -0.003529 0.161089 -0.080498 0.156114 -0.097415 0.434043 0.185240 0.640576 0.142352 0.753663 0.361257 1.000000 0.475077 0.312833 -0.097398 0.355531 -0.085487 0.199937 0.525482 0.396913 0.286779 -0.025405 0.220344 0.667424 0.273176 0.050488 -0.278733 0.143166 -0.000013 -0.226228 -0.378655 0.026664 -0.174636 -0.013524 -0.253511 0.226216 -0.150595 0.078432 0.034858 -0.244151 -0.381956 -0.125500 -0.080954 -0.261722 -0.486915 -0.088552 -0.233468 0.212190 -0.350636 -0.055910 -0.340594 -0.018545 -0.484171 0.143167 0.037436 -0.285176 -0.219642 -0.002480 -0.157222 -0.264525 -0.238728 0.340924 -0.132852 -0.135936 -0.048859 -0.088808 0.034705 0.184946 0.096991 0.047936 0.110504 0.173789 0.001857 0.002237 -0.247629 0.153931 -0.054900 -0.061033 -0.155251 0.282251 -0.208346 0.393902 0.010195 0.404110 -0.135030 0.275673 -0.156005 0.076836 -0.005451 0.278890 0.259278 0.177659 -0.257713 -0.292331 -0.059343 -0.289695 -0.426525 0.031126 -0.032340 -0.058469 0.101169 -0.009513 -0.365339 0.303342 0.078046 0.101924 -0.041210 -0.087074 -0.163909 -0.132290 -0.015342 0.208057 0.074804
0.023024 -0.350598 0.502939 0.518968 0.362259 0.384359 0.494527 0.538329 0.131583 0.458231 0.354248 0.293172 0.511868 0.698180 0.475077 1.000000 0.121668 -0.233431 0.268788 -0.388854 0.510522 0.310141 0.449734 0.468470 -0.194149 0.506581 0.676598 0.745462 -0.105407 -0.021414 0.348702 0.249195 -0.192945 -0.275810 0.018462 0.065553 -0.337203 -0.369660 -0.093630 -0.305587 -0.258745 -0.120108 -0.029451 -0.063281 -0.027763 0.029368 -0.227913 -0.517499 0.038153 -0.117933 0.187325 -0.176330 -0.041267 -0.290733 -0.125788 -0.638594 -0.080629 -0.459323 -0.309621 -0.408676 -0.027327 0.015795 -0.324742 -0.359132 0.349624 0.422213 -0.429793 -0.002247 -0.390023 -0.097359 0.344697 0.254875 -0.169198 -0.068754 -0.027694 0.150300 -0.313496 -0.495004 -0.097082 -0.229313 -0.249704 -0.465224 -0.056636 -0.248202 0.059630 -0.058203 0.212567 -0.100061 0.441599 -0.109513 -0.029200 -0.269697 0.243173 0.030513 -0.067308 -0.463265 -0.384349 -0.376569 -0.676667 -0.550437 -0.027292 -0.186493 -0.151350 -0.236842 -0.129499 -0.127453 -0.095508 -0.262877 -0.114546 -0.314805 -0.148546 -0.463770 -0.430211 -0.194971 0.100048 -0.085388
0.169215 0.121920 0.104298 -0.234647 -0.031314 -0.060891 0.260276 -0.026977 -0.179265 -0.068794 0.633739 0.238755 0.534914 0.310855 0.312833 0.121668 1.000000 0.335003 0.028033 -0.036297 0.259400 0.319113 0.134832 0.008162 -0.181049 -0.040245 0.276261 0.025895 0.399885 -0.023403 0.180710 0.097955 0.100820 -0.004985 0.125608 -0.105682 0.248095 -0.173505 -0.087871 -0.152956 0.146172 0.094351 -0.236889 -0.329221 -0.348452 -0.307656 -0.218139 -0.295972 -0.118868 -0.461070 -0.083843 -0.441572 -0.090455 -0.529427 -0.053023 -0.485616 0.259761 0.185572 0.020423 0.019865 -0.050823 -0.180058 0.153235 0.071660 -0.020930 -0.347388 0.018775 -0.035464 0.147389 0.052638 0.393652 0.283779 0.363504 0.248868 0.178091 0.035699 0.147516 0.030258 0.334005 0.287373 0.502262 0.185712 0.402827 -0.187438 0.011401 -0.234544 0.141048 -0.551110 -0.135211 -0.350286 0.004546 0.014562 0.060676 0.163239 0.042111 -0.224393 -0.088201 0.041677 0.015082 -0.156483 0.044688 0.183405 0.223424 0.130297 0.138189 -0.056441 0.127737 -0.076570 0.068843 0.161366 0.050719 0.085876 -0.071162 0.229729 -0.115060 0.049487
-0.198536 0.293001 -0.433827 -0.321318 -0.316718 -0.174757 -0.144980 -0.118221 -0.256566 -0.287694 0.208672 0.275709 0.087451 0.142604 -0.097398 -0.233431 0.335003 1.000000 -0.294132 0.188526 -0.131877 0.092900 0.005898 -0.231901 -0.120767 -0.188972 -0.180288 -0.166448 0.634831 0.614968 0.186766 0.211675 0.465827 0.492493 0.309423 0.032485 0.196617 0.196413 -0.148190 -0.025199 0.228336 -0.027346 0.121075 0.078478 0.175626 -0.082786 0.270056 0.177454 -0.273788 -0.088973 -0.299344 -0.240104 0.011998 -0.084700 0.145220 0.102230 -0.115430 0.388425 -0.197825 -0.087060 -0.278458 -0.075650 0.182294 0.416737 -0.358535 -0.426505 -0.089914 -0.434861 0.172296 -0.021520 0.146923 0.372366 0.729119 0.583495 0.430938 0.052592 0.565108 0.514736 0.516448 0.764918 0.364180 0.709497 -0.154615 0.032985 0.105303 -0.327785 -0.001701 -0.126501 -0.195829 -0.450890 -0.281140 -0.256076 -0.352499 -0.448136 -0.149135 0.018671 0.312644 0.170876 0.371584 0.244643 -0.286014 -0.174571 0.023995 -0.241579 -0.200051 -0.051843 -0.175094 -0.000481 -0.108694 0.284583 0.281793 0.349385 0.272730 -0.049791 0.061017 -0.201894
0.434978 0.062007 0.386583 0.160348 0.044397 -0.242848 0.295793 0.090129 0.089085 0.092287 0.320678 0.280132 0.244755 0.135122 0.355531 0.268788 0.028033 -0.294132 1.000000 0.094255 0.042588 0.104497 0.062677 -0.112118 -0.242938 -0.128181 0.180424 -0.021615 -0.128619 -0.353958 0.093265 -0.226571 0.200375 -0.211502 -0.044203 -0.460331 -0.129577 -0.306954 0.287716 0.004241 -0.081652 -0.162946 -0.200844 -0.347545 -0.111683 -0.193983 -0.205754 -0.641222 0.090291 -0.120151 0.149333 -0.009552 -0.252645 -0.249518 0.146951 -0.108726 0.104954 -0.231441 0.010780 -0.032197 0.425279 0.072186 -0.188218 -0.166740 0.467063 0.092088 0.000524 -0.041260 -0.105437 -0.079977 0.119778 -0.160346 -0.062549 -0.005750 -0.059513 -0.226379 0.030141 -0.271669 0.036698 0.003378 -0.382234 -0.383587 0.210289 -0.316600 0.050203 0.250206 0.173128 -0.114581 0.084596 0.257882 -0.370630 -0.305466 -0.106366 0.026703 -0.019381 -0.090646 0.072386 -0.039726 -0.488186 -0.311128 0.027234 -0.243325 -0.068482 0.094400 0.063062 -0.239837 0.143743 0.270486 0.001226 0.055132 -0.108554 -0.362001 -0.077290 -0.090056 0.229548 0.000526
0.111405 0.514793 -0.418217 -0.313281 -0.072112 -0.085796 -0.353129 -0.395458 -0.086112 -0.063252 -0.161278 -0.336429 -0.262157 -0.520171 -0.085487 -0.388854 -0.036297 0.188526 0.094255 1.000000 -0.268970 0.027243 -0.462438 -0.418317 0.077831 -0.311369 -0.311528 -0.378121 0.309950 0.157308 -0.132581 -0.166756 0.423778 0.482124 -0.268971 -0.149351 -0.009951 -0.203512 -0.065011 -0.037325 -0.041447 0.003096 -0.339260 -0.308494 -0.104361 -0.242239 -0.193190 0.019874 -0.204140 -0.153737 -0.604443 -0.161707 -0.305001 -0.261838 -0.227621 0.065587 0.133311 0.449390 0.276462 0.451720 0.064526 -0.017435 0.463499 0.376880 -0.302884 -0.387424 0.460818 -0.013269 0.749412 0.549155 -0.233083 -0.317505 0.191012 0.088166 0.123203 -0.184123 0.215039 0.264225 0.017606 0.308433 0.158689 0.283810 0.112405 0.420092 -0.322280 -0.429920 0.180152 -0.064068 -0.245907 -0.185886 0.004030 -0.133702 -0.200424 0.029394 0.126339 0.339479 0.147631 0.287416 0.249215 0.069800 0.090941 0.363105 0.450686 0.408406 0.238307 0.151158 0.247432 0.200239 0.048607 0.148846 -0.101473 0.174801 0.049540 0.030086 -0.139842 -0.013285
-0.184560 -0.431769 0.361545 0.141791 0.129258 0.147164 0.336267 0.244619 -0.134151 -0.004663 0.185817 -0.028562 0.294355 0.360202 0.199937 0.510522 0.259400 -0.131877 0.042588 -0.268970 1.000000 0.560206 0.397848 0.373828 -0.155370 0.488472 0.563630 0.469142 0.055427 0.166454 0.669576 0.615776 -0.128471 -0.043429 -0.077699 0.103361 -0.088992 -0.260933 0.127533 -0.032243 -0.021713 0.217495 0.023377 0.054778 0.005597 0.031785 -0.162429 -0.323892 -0.201411 -0.215078 -0.035618 -0.355040 -0.413528 -0.210342 -0.135313 -0.382411 -0.105892 -0.243698 -0.343090 -0.412457 -0.225646 -0.311657 -0.067445 -0.449579 0.274870 0.059205 -0.448701 0.054547 -0.031186 0.180765 0.484997 0.343868 0.139742 0.027024 0.088271 0.296451 -0.219652 -0.272478 0.006418 -0.136668 0.176382 -0.111462 0.142930 0.075201 0.054132 -0.075933 0.223019 -0.150624 0.312249 -0.297578 -0.176686 -0.153403 -0.098909 0.160458 0.287111 -0.195142 -0.038323 0.014290 -0.407720 -0.195085 -0.195630 0.052849 0.089566 -0.094387 0.095863 0.013854 -0.131368 -0.278507 -0.080044 -0.042561 0.181648 -0.160864 -0.241793 0.085134 -0.030167 0.251624
-0.095941 -0.096320 -0.001519 -0.188160 0.015131 -0.068870 -0.133840 -0.147813 0.022083 0.028522 0.293438 0.046683 0.355813 0.221298 0.525482 0.310141 0.319113 0.092900 0.104497 0.027243 0.560206 1.000000 0.247197 0.118073 -0.084468 0.202386 0.569742 0.235114 0.266655 0.146869 0.558190 0.403129 -0.112447 -0.109997 -0.159931 -0.191969 0.221104 -0.170388 0.311276 0.002101 0.269785 0.221656 -0.158044 -0.246085 -0.070238 -0.027055 -0.110414 -0.340199 -0.218988 -0.248326 -0.087496 -0.419210 -0.274305 -0.262866 0.006224 -0.364445 0.000707 0.125202 -0.278807 -0.129321 -0.192592 -0.330392 -0.029642 -0.226086 -0.064896 -0.386357 -0.125640 0.047723 0.161499 0.271993 0.478807 0.429333 0.358648 0.331477 0.295260 0.091042 0.066027 -0.019168 0.171998 0.066209 0.145457 0.077822 0.308893 0.338452 0.205006 -0.125042 0.431073 -0.074733 0.126116 -0.377598 -0.031954 -0.083285 -0.107481 0.082501 0.362316 -0.055384 0.094218 0.182316 -0.058657 -0.146748 -0.323762 -0.079056 0.078831 0.061696 0.075563 -0.219263 0.310578 -0.040882 0.160609 0.157006 0.171826 0.059365 -0.077819 0.065773 0.104404 0.261218
-0.470758 -0.710770 0.534415 0.515076 0.059724 0.288354 0.350006 0.206285 0.071473 0.005738 0.236854 -0.049470 0.357991 0.322539 0.396913 0.449734 0.134832 0.005898 0.062677 -0.462438 0.397848 0.247197 1.000000 0.833322 0.179702 0.666110 0.507501 0.649889 -0.194906 -0.029047 0.498256 0.584156 -0.189060 -0.145944 0.501422 0.326048 -0.079354 -0.218252 0.034627 -0.052970 -0.084007 -0.193996 0.325838 0.318887 0.201100 0.385293 0.100056 -0.086546 -0.350756 0.043753 0.269088 -0.248461 -0.225586 0.011968 -0.054471 -0.195485 -0.141199 -0.173781 -0.722035 -0.797528 -0.535288 -0.543425 -0.438018 -0.606481 0.526017 0.026931 -0.699407 0.005895 -0.281460 -0.070541 0.411898 0.442453 0.059416 -0.011180 -0.071909 0.017288 -0.047914 -0.240160 0.259460 0.004064 -0.025565 -0.099451 0.037281 -0.279397 0.379898 0.160246 0.153550 0.000880 0.523805 -0.202689 -0.104670 0.070634 0.323116 0.118989 -0.080575 -0.342027 -0.203219 -0.159774 -0.331236 -0.065893 -0.267387 -0.239849 -0.361733 -0.365518 -0.297019 -0.267838 -0.355689 -0.310736 -0.044325 -0.101054 0.266295 -0.015370 -0.005339 0.089176 0.096620 -0.157247
-0.491314 -0.701400 0.464820 0.652458 0.162765 0.505926 0.286092 0.258509 0.072041 0.143860 0.054733 -0.213875 0.199819 0.239551 0.286779 0.468470 0.008162 -0.231901 -0.112118 -0.418317 0.373828 0.118073 0.833322 1.000000 0.331304 0.808179 0.507631 0.769093 -0.350869 -0.095650 0.295255 0.538462 -0.345055 -0.173845 0.327227 0.468905 -0.190725 -0.224762 -0.124884 -0.164937 -0.277631 -0.149125 0.290646 0.314759 0.154799 0.398626 0.029634 0.027028 -0.281094 0.069049 0.283204 -0.176584 -0.184040 0.048183 -0.302566 -0.293238 -0.138535 -0.236620 -0.588842 -0.672019 -0.513757 -0.440145 -0.346565 -0.568355 0.521179 0.201433 -0.601551 0.142521 -0.305459 -0.112756 0.268028 0.248616 -0.228569 -0.219493 -0.189278 0.108625 -0.273444 -0.250575 -0.023368 -0.278700 -0.031260 -0.245978 0.023729 -0.145925 0.295790 0.163499 0.099329 0.159537 0.441143 -0.177400 0.164394 0.213786 0.575438 0.243246 0.010591 -0.266497 -0.427234 -0.274863 -0.303927 -0.139748 -0.060590 -0.024063 -0.347632 -0.315233 -0.245413 -0.132267 -0.341765 -0.380515 0.006178 -0.240556 0.111648 -0.034082 -0.155559 0.130994 0.034217 -0.126686
-0.154121 -0.224626 0.218618 0.142018 0.364392 0.569756 -0.127383 -0.091512 0.225989 0.135462 -0.266455 -0.394443 -0.208519 -0.411993 -0.025405 -0.194149 -0.181049 -0.120767 -0.242938 0.077831 -0.155370 -0.084468 0.179702 0.331304 1.000000 0.403990 0.133275 0.104350 -0.161083 -0.036902 -0.000573 0.135813 -0.179799 -0.021763 -0.091380 0.256231 -0.073252 -0.207915 -0.020361 -0.184064 -0.112745 0.049701 0.133076 0.126024 0.303496 0.460224 0.103451 0.184569 0.046332 0.317160 0.032439 0.084189 0.039039 0.011579 -0.271169 0.038472 0.150223 0.198187 0.026031 0.040665 -0.151503 -0.252815 -0.017416 -0.186304 -0.010294 -0.118486 0.080645 0.226303 0.094501 0.094690 0.071227 -0.055220 -0.092898 -0.238441 -0.135298 0.122688 -0.237901 -0.069998 -0.152886 -0.256298 -0.042793 -0.116761 0.025813 0.242658 -0.136989 -0.217909 0.320728 0.120984 0.124876 -0.187240 0.265364 0.205544 0.317501 0.286940 0.057006 -0.055927 -0.261850 -0.173495 0.131085 0.016995 0.144980 0.267825 -0.133851 0.130185 0.023636 -0.044903 -0.095954 0.040261 -0.019435 -0.354839 -0.305638 0.028267 -0.068034 -0.049747 -0.213996 -0.185426
-0.415020 -0.612865 0.395448 0.598409 0.248975 0.654144 0.146534 0.221475 0.029613 0.235248 0.035886 -0.214339 0.108244 0.234496 0.220344 0.506581 -0.040245 -0.188972 -0.128181 -0.311369 0.488472 0.202386 0.666110 0.808179 0.403990 1.000000 0.582860 0.831566 -0.306089 0.002786 0.427069 0.530818 -0.206036 -0.092780 0.166762 0.463513 -0.210856 -0.309089 -0.157860 -0.299584 -0.286328 -0.154110 0.232409 0.265992 0.294378 0.417429 0.044265 -0.064158 -0.251758 0.077125 0.176181 -0.216465 -0.131660 -0.018193 -0.239618 -0.385571 -0.003072 -0.072630 -0.493683 -0.576249 -0.435528 -0.339698 -0.297445 -0.503093 0.352712 0.183609 -0.488374 0.149434 -0.131346 0.001302 0.305009 0.175969 -0.162153 -0.219825 -0.157689 0.330040 -0.262121 -0.303278 0.023892 -0.207157 -0.076512 -0.257835 -0.071303 -0.035896 0.205738 -0.052439 0.273849 0.154281 0.590049 -0.320697 0.022595 -0.082074 0.357986 0.153910 0.111099 -0.359317 -0.368125 -0.253318 -0.346908 -0.236740 -0.115927 -0.048750 -0.190594 -0.268791 -0.118687 -0.037804 -0.419106 -0.343658 -0.135071 -0.324033 -0.006600 -0.136684 -0.263444 0.002108 0.035064 -0.095779
0.047947 -0.358885 0.461428 0.277465 0.470717 0.377554 0.282480 0.226021 0.301169 0.393646 0.414474 0.129692 0.526835 0.454397 0.667424 0.676598 0.276261 -0.180288 0.180424 -0.311528 0.563630 0.569742 0.507501 0.507631 0.133275 0.582860 1.000000 0.604298 -0.119272 -0.173512 0.404904 0.305855 -0.295330 -0.361567 -0.160790 0.023746 -0.243296 -0.414838 0.152961 -0.331891 -0.149811 0.120836 0.040610 -0.104382 0.096118 0.146559 -0.054035 -0.415947 0.021014 -0.010205 0.273625 -0.288856 -0.083078 -0.255401 -0.119137 -0.611646 0.188785 -0.077300 -0.300164 -0.324996 -0.119232 -0.239248 -0.277493 -0.449317 0.260846 -0.028667 -0.336609 0.050284 -0.155179 -0.076160 0.489954 0.282034 -0.039818 -0.018962 0.028466 0.240355 -0.346911 -0.434922 -0.149385 -0.331587 -0.124828 -0.388324 0.095325 -0.067664 0.189403 -0.117336 0.477373 -0.155891 0.355755 -0.367709 0.152034 -0.129684 0.317973 0.251064 0.132454 -0.473408 -0.297852 -0.309231 -0.318043 -0.431724 0.059441 0.039124 -0.128099 -0.001521 -0.005952 -0.264906 0.069709 -0.218508 0.024078 -0.202730 -0.117730 -0.267581 -0.303174 0.028777 0.175631 -0.016960
-0.348331 -0.542323 0.357064 0.636729 0.168556 0.609246 0.214633 0.271764 -0.081292 0.217946 0.109166 -0.021449 0.223915 0.412421 0.273176 0.745462 0.025895 -0.166448 -0.021615 -0.378121 0.469142 0.235114 0.649889 0.769093 0.104350 0.831566 0.604298 1.000000 -0.309447 -0.034369 0.337652 0.441929 -0.267722 -0.195937 0.215101 0.288312 -0.178220 -0.230200 -0.124594 -0.193236 -0.301963 -0.248546 0.138975 0.169817 0.087462 0.231178 -0.041584 -0.166364 -0.235466 -0.029832 0.212042 -0.211202 -0.118653 -0.075946 -0.117208 -0.425368 -0.034045 -0.153345 -0.516825 -0.603300 -0.403300 -0.306341 -0.394216 -0.485263 0.333105 0.197142 -0.541865 0.065061 -0.311794 -0.124224 0.385758 0.343033 -0.180911 -0.127745 -0.151452 0.245975 -0.218216 -0.267459 0.028888 -0.148346 -0.152540 -0.302994 -0.069993 -0.130835 0.205627 0.059238 0.205247 0.143728 0.532495 -0.183997 0.000331 -0.075243 0.315133 0.094504 0.030199 -0.314645 -0.278192 -0.253697 -0.419699 -0.235901 -0.133139 -0.093892 -0.210109 -0.332870 -0.168554 -0.028542 -0.359229 -0.398507 -0.065025 -0.211785 0.061771 -0.121558 -0.234388 0.018564 0.221326 -0.021434
0.020227 0.331220 -0.313946 -0.500719 -0.066657 -0.204969 0.117473 -0.030798 -0.092701 -0.183019 0.264888 0.228718 0.280947 0.130153 0.050488 -0.105407 0.399885 0.634831 -0.128619 0.309950 0.055427 0.266655 -0.194906 -0.350869 -0.161083 -0.306089 -0.119272 -0.309447 1.000000 0.665636 0.335833 0.245108 0.399852 0.454111 0.019300 -0.185203 0.253505 0.029124 -0.105260 -0.168784 0.275649 0.173862 -0.170978 -0.240077 -0.100642 -0.375994 -0.067293 -0.142346 -0.100565 -0.270911 -0.360392 -0.248863 -0.004899 -0.313565 0.051895 -0.130082 -0.202272 0.102672 0.122347 0.153534 0.081852 0.117417 0.367919 0.463621 -0.244235 -0.254325 0.052985 -0.448531 0.226195 0.170578 0.194140 0.320381 0.807680 0.569744 0.552174 0.136458 0.398774 0.282302 0.238459 0.466478 0.345825 0.538443 0.160135 0.190448 -0.123886 -0.463946 0.174946 -0.324474 -0.299388 -0.300655 -0.256921 -0.172761 -0.400317 -0.243044 -0.110877 0.005302 0.080840 0.136201 0.083806 0.063213 -0.181862 -0.005469 0.136297 -0.106863 -0.098218 -0.138108 0.029143 0.019960 -0.050737 0.143543 0.065501 0.160516 0.142616 -0.049685 -0.133728 -0.119553
-0.420853 0.054397 -0.338346 -0.191451 -0.051913 0.096922 -0.014102 0.227234 -0.192203 -0.034285 -0.133345 0.184934 -0.112006 0.188545 -0.278733 -0.021414 -0.023403 0.614968 -0.353958 0.157308 0.166454 0.146869 -0.029047 -0.095650 -0.036902 0.002786 -0.173512 -0.034369 0.665636 1.000000 0.450386 0.556899 0.410165 0.638746 0.068147 0.132019 0.079278 0.162210 -0.261966 -0.095292 0.187353 0.058703 0.130953 0.169254 0.178982 -0.036449 0.197516 0.116519 -0.202579 0.005656 -0.434952 -0.111991 -0.082239 -0.051404 -0.068642 0.051039 -0.478783 -0.041324 -0.200769 -0.060325 -0.310417 0.021769 0.164110 0.265906 -0.261863 0.004201 -0.125177 -0.343222 0.129387 0.171517 0.221289 0.369260 0.667525 0.525173 0.458761 0.304834 0.380146 0.332652 0.203730 0.464844 0.251237 0.550817 -0.180881 0.354657 -0.146511 -0.394440 0.048547 0.001958 -0.158554 -0.416267 -0.302078 -0.330373 -0.395125 -0.476405 -0.119205 0.141869 0.140906 0.157607 0.086704 0.130097 -0.365991 -0.209598 -0.107490 -0.387210 -0.215162 0.085421 -0.244120 -0.118658 -0.079961 0.085985 0.179457 0.114023 0.111259 -0.113573 -0.128963 -0.221399
-0.348676 -0.392634 0.223688 0.058833 0.084774 0.146099 0.221426 0.223488 -0.242368 -0.095265 0.137207 0.070953 0.266076 0.295882 0.143166 0.348702 0.180710 0.186766 0.093265 -0.132581 0.669576 0.558190 0.498256 0.295255 -0.000573 0.427069 0.404904 0.337652 0.335833 0.450386 1.000000 0.835583 0.163526 0.218288 0.123930 0.118225 0.015590 -0.304708 0.007188 -0.078024 0.103764 -0.037170 0.183330 0.143544 0.183873 0.186248 0.071307 -0.246221 -0.378857 -0.105835 -0.182633 -0.349081 -0.374802 -0.141493 -0.056356 -0.253195 -0.142774 -0.151381 -0.399914 -0.427630 -0.325871 -0.354767 -0.126851 -0.374074 0.181571 -0.099873 -0.448641 -0.065344 0.054126 0.227994 0.591779 0.540556 0.525437 0.214275 0.176700 0.180855 -0.007418 -0.240772 0.244952 0.180174 0.008653 0.031317 0.094836 0.113984 0.006136 -0.168411 0.321779 -0.182344 0.252005 -0.458430 -0.380124 -0.199942 -0.259527 -0.013032 0.172706 -0.175765 0.031411 0.164599 -0.277528 0.080437 -0.467339 -0.234491 -0.056760 -0.223170 -0.014201 -0.107927 -0.161806 -0.093307 -0.080182 0.035845 0.293636 0.045278 0.075697 0.084339 -0.035120 0.021907
-0.637903 -0.540566 0.144424 0.119443 0.026676 0.301558 0.165009 0.233685 -0.273225 -0.144456 -0.076623 -0.091076 0.100333 0.212112 -0.000013 0.249195 0.097955 0.211675 -0.226571 -0.166756 0.615776 0.403129 0.584156 0.538462 0.135813 0.530818 0.305855 0.441929 0.245108 0.556899 0.835583 1.000000 0.013321 0.310308 0.202561 0.327578 0.049413 -0.163311 -0.127929 -0.039706 0.012802 -0.117046 0.280029 0.310953 0.195964 0.250832 0.139456 0.009233 -0.470013 -0.078697 -0.232529 -0.356410 -0.392427 -0.046849 -0.167197 -0.122991 -0.287965 -0.119012 -0.526284 -0.529101 -0.563465 -0.489295 -0.135956 -0.413938 0.233514 -0.053147 -0.538516 -0.069732 -0.007820 0.166721 0.538705 0.584831 0.406946 0.137282 0.101965 0.226170 0.030237 -0.045497 0.199186 0.125678 0.144071 0.165300 0.034125 0.255510 0.042495 -0.124610 0.208062 -0.053273 0.255524 -0.450545 -0.246428 -0.026212 -0.083131 -0.000188 0.089373 0.001691 -0.021612 0.155826 -0.149683 0.203657 -0.438515 -0.114186 -0.123971 -0.354748 -0.085975 0.018085 -0.332505 -0.270555 0.027300 0.054351 0.369341 0.205408 0.139681 0.200736 -0.049087 -0.007355
0.101896 0.272942 -0.207044 -0.160153 -0.296409 -0.194443 0.024320 0.002298 -0.288224 -0.097111 0.091133 0.266248 -0.106711 0.072873 -0.226228 -0.192945 0.100820 0.465827 0.200375 0.423778 -0.128471 -0.112447 -0.189060 -0.345055 -0.179799 -0.206036 -0.295330 -0.267722 0.399852 0.410165 0.163526 0.013321 1.000000 0.763180 0.221740 0.083259 0.016245 -0.026483 -0.310651 -0.151001 0.045226 -0.087055 0.014032 0.063735 0.258929 -0.086970 0.096647 -0.128134 -0.149137 -0.058154 -0.283809 -0.078565 -0.155953 -0.164923 -0.051757 -0.004420 -0.064349 0.059181 -0.005686 0.043011 0.026975 -0.014526 0.394183 0.365756 -0.090150 -0.103201 0.145374 -0.163136 0.352370 0.133237 -0.078806 -0.131670 0.491634 0.415225 0.394117 0.127929 0.454282 0.292027 0.315678 0.601469 0.200719 0.450790 -0.145115 -0.071904 -0.122751 -0.263899 -0.024708 -0.040592 -0.290591 -0.352756 -0.537782 -0.423925 -0.473511 -0.451533 -0.106921 -0.027829 0.227848 0.082283 -0.070756 -0.037481 -0.270607 -0.285018 0.033412 -0.211641 -0.239832 0.108407 -0.189298 0.045667 -0.312273 0.134740 0.077459 -0.063508 0.000635 -0.194821 0.012991 -0.249009
-0.257576 0.148628 -0.346422 -0.167708 -0.272714 0.008472 -0.013017 0.025529 -0.317492 -0.156288 -0.208867 -0.061391 -0.272931 -0.103591 -0.378655 -0.275810 -0.004985 0.492493 -0.211502 0.482124 -0.043429 -0.109997 -0.145944 -0.173845 -0.021763 -0.092780 -0.361567 -0.195937 0.454111 0.638746 0.218288 0.310308 0.763180 1.000000 0.234971 0.299021 0.011975 0.124975 -0.429087 -0.059429 0.089641 -0.020708 0.109930 0.235774 0.261769 0.014797 0.143255 0.152949 -0.299812 0.008653 -0.502027 -0.072161 -0.186932 -0.008254 -0.245459 0.117620 -0.207107 0.128014 -0.111462 -0.014179 -0.270708 -0.097538 0.434297 0.317878 -0.195483 -0.068044 -0.005674 -0.265431 0.359298 0.213524 -0.060957 0.028174 0.478801 0.274840 0.367732 0.218332 0.437358 0.462728 0.218209 0.534692 0.348471 0.538481 -0.119864 0.190851 -0.296663 -0.386136 -0.091659 -0.000807 -0.351976 -0.373630 -0.427220 -0.266824 -0.462843 -0.442704 -0.148859 0.137284 0.122082 0.111910 0.135914 0.225054 -0.259891 -0.033882 0.069861 -0.224827 -0.140572 0.246504 -0.288081 -0.105330 -0.303803 0.123914 0.165504 0.156505 0.124105 -0.039083 -0.107708 -0.249505
-0.386717 -0.332953 0.037809 0.155604 -0.409376 -0.128394 0.162534 -0.068129 -0.286569 -0.393344 0.084083 0.064719 0.130869 0.177329 0.026664 0.018462 0.125608 0.309423 -0.044203 -0.268971 -0.077699 -0.159931 0.501422 0.327227 -0.091380 0.166762 -0.160790 0.215101 0.019300 0.068147 0.123930 0.202561 0.221740 0.234971 1.000000 0.419336 0.095090 0.186955 -0.162762 0.219393 0.220961 -0.290431 0.280992 0.304069 0.277901 0.248323 0.141686 0.134118 -0.460459 -0.041700 0.121658 -0.132302 -0.044297 0.203807 0.098119 0.148063 -0.157165 -0.061658 -0.446548 -0.569911 -0.316810 -0.278361 -0.095158 -0.062955 0.282388 -0.019374 -0.397075 -0.182197 -0.237915 -0.222770 -0.024403 0.250939 0.184617 0.129871 0.060086 -0.131486 0.297030 0.223804 0.565399 0.379194 0.139648 0.316195 -0.075188 -0.376200 0.290424 0.291851 -0.252063 0.119916 0.054120 -0.008384 -0.378994 0.119826 -0.068310 -0.189539 -0.203417 -0.048480 0.044239 0.081804 -0.100900 0.198425 -0.319683 -0.320741 -0.327230 -0.406187 -0.371680 0.014342 -0.353777 -0.084163 -0.204352 0.243901 0.460771 0.148983 0.154848 0.043699 0.194828 -0.037652
-0.386661 -0.401798 0.083844 0.302210 0.003624 0.327399 -0.016153 0.066661 -0.204794 0.026577 -0.230069 -0.355492 -0.140601 -0.002861 -0.174636 0.065553 -0.105682 0.032485 -0.460331 -0.149351 0.103361 -0.191969 0.326048 0.468905 0.256231 0.463513 0.023746 0.288312 -0.185203 0.132019 0.118225 0.327578 0.083259 0.299021 0.419336 1.000000 -0.150747 -0.039050 -0.283328 0.023639 -0.028135 -0.037405 0.237546 0.456018 0.429152 0.541296 0.035700 0.326702 -0.323493 0.115982 -0.159343 -0.215974 -0.177569 0.056358 -0.404072 -0.051996 0.023617 0.024498 -0.214637 -0.351225 -0.451600 -0.306512 0.041487 -0.235620 0.094945 0.150364 -0.173183 0.256401 0.087089 0.077282 -0.160712 -0.013201 -0.119151 -0.263966 -0.100521 0.110736 -0.142210 0.016978 0.058705 -0.072479 0.157076 0.115582 -0.319968 0.034475 -0.013974 -0.108799 -0.150648 0.217839 0.178967 -0.309207 -0.002019 0.062145 0.151007 0.032864 -0.034212 -0.085002 -0.229407 -0.182253 -0.050028 0.004529 -0.170423 0.074757 -0.058913 -0.163408 -0.144022 0.282567 -0.289509 -0.138401 -0.183946 -0.107460 0.122682 -0.032390 -0.209050 -0.055236 -0.339698 -0.178925
