1.000000 0.306787 -0.347334 -0.463242 -0.257281 -0.386712 -0.174659 -0.383942 -0.253990 -0.092297 0.508594 0.192656 0.525575 0.180009 0.161989 -0.143931 0.311444 0.288723 -0.208129 0.294805 -0.383138 -0.286532 -0.097615 -0.320095 -0.306391 -0.595551 -0.110832 -0.132464 0.315891 0.197523 -0.443968 -0.352060 -0.018399 -0.264401 -0.179405 -0.203220 0.211321 -0.066817 -0.146966 -0.272469 -0.077289 0.031283 0.200259 0.056164 0.067318 -0.014063 0.279101 0.172606 -0.077021 0.146659 0.041033 0.099687 0.258637 0.325101 0.073124 0.023043 0.608073 0.270899 0.007581 -0.276887 -0.156069 -0.158688 0.184583 0.017299 -0.315372 -0.437680 -0.470993 -0.323843 0.153330 0.157216 0.039235 -0.032517 0.322235 0.229931 0.139211 0.126126 0.064891 -0.206407 0.169356 -0.010134 0.461240 0.275005 0.141987 0.007094 0.307931 -0.028248 0.052578 -0.101655 -0.057012 -0.181339 0.118683 -0.153579 -0.348820 -0.057227 0.051118 -0.137057 -0.212566 -0.134540 0.230642 0.088423 0.092981 0.155242 -0.006331 0.099540 -0.091271 -0.017032 -0.060870 0.128956 -0.192362 -0.158803 -0.178246 0.184819 0.158815 0.121472 0.014087 0.117181
0.306787 1.000000 -0.454524 -0.232915 -0.340925 -0.462754 -0.325899 -0.012302 -0.136329 0.114887 0.328413 0.446982 0.132461 0.273497 -0.114716 0.106491 0.414137 0.510174 0.019198 0.571957 -0.323521 0.071469 -0.314939 -0.100810 -0.233805 -0.325902 -0.230214 -0.246028 0.310835 0.484911 -0.131291 -0.086869 0.126548 0.056067 -0.294183 -0.275884 -0.160219 -0.152528 -0.320215 -0.182540 -0.151396 0.112662 -0.101670 -0.202389 -0.147638 -0.267955 0.266362 0.127211 0.049111 0.014669 -0.152617 0.095338 0.192534 0.428120 -0.214297 -0.193534 0.065458 0.454798 -0.041884 0.083143 -0.172011 0.211792 0.188172 0.358914 -0.336113 -0.223294 -0.333548 -0.470780 0.035860 0.081513 0.163994 -0.025823 0.314158 0.431610 0.333895 0.410041 0.180708 0.015772 0.348480 0.353245 0.379619 0.464641 0.043304 0.164280 -0.155341 -0.153246 -0.119227 -0.181673 -0.251647 0.010606 0.235772 -0.178419 -0.151393 -0.188313 -0.028551 0.064113 -0.146919 -0.008700 0.221052 0.014712 0.047396 0.161281 -0.013860 -0.281825 -0.107872 -0.097476 -0.064312 0.032479 0.116866 -0.086082 -0.021553 0.314133 0.317560 -0.109616 0.011157 0.087610
-0.347334 -0.454524 1.000000 0.568408 0.490249 0.526318 0.742309 0.349518 0.227083 -0.000346 -0.456204 -0.375548 -0.148940 -0.070694 0.230309 0.110428 -0.716514 -0.708710 0.351688 -0.428841 0.386822 0.172980 0.658303 0.416340 0.498248 0.401572 0.602345 0.579145 -0.614816 -0.622596 0.236104 0.139084 -0.323864 0.017748 0.128772 0.162296 -0.162552 0.074171 0.178320 0.153487 -0.014302 -0.118021 -0.230380 -0.152971 -0.109138 0.029118 -0.362677 -0.301019 0.196338 -0.205377 0.483417 -0.060236 -0.076305 -0.248088 0.172187 -0.036231 -0.618269 -0.351422 0.222216 -0.155313 0.186822 -0.135507 -0.245565 -0.422994 0.535413 0.407633 0.315479 0.500754 -0.170949 0.054277 -0.072167 0.088037 -0.591270 -0.426013 -0.292451 -0.502985 -0.327460 -0.143664 -0.486986 -0.383015 -0.633951 -0.631787 0.007857 -0.246509 0.197857 0.199448 0.153960 0.306693 0.455237 0.148810 -0.440216 0.253810 0.151440 0.244049 -0.208152 0.101951 -0.028627 -0.049268 -0.476653 -0.413369 -0.182638 -0.156259 -0.102475 -0.030271 -0.011738 0.019385 0.055937 -0.011463 0.142137 -0.007598 -0.005609 -0.346621 -0.100256 -0.079114 -0.118946 -0.200802
-0.463242 -0.232915 0.568408 1.000000 0.298536 0.427201 0.535846 0.750898 0.151614 0.432400 -0.502138 -0.146717 -0.224908 -0.036642 0.170066 0.368805 -0.673312 -0.545092 0.341574 -0.355745 0.151055 0.137010 0.325062 0.580563 0.127329 0.388174 0.265554 0.357984 -0.483386 -0.316668 0.165162 0.218585 -0.381760 0.169861 0.047784 0.081278 -0.273327 -0.051770 -0.050446 0.205254 -0.095358 -0.293170 -0.240150 -0.167711 -0.145353 0.017855 -0.389086 -0.332586 0.089145 -0.089348 0.241880 -0.007703 -0.102159 -0.198631 0.027354 -0.117246 -0.599952 -0.509214 -0.051802 -0.009775 0.042338 0.252161 -0.546929 -0.410829 0.477799 0.815506 0.093135 0.292772 -0.433635 -0.140243 0.075543 -0.151372 -0.560574 -0.245350 -0.169841 -0.179723 -0.189556 0.105718 -0.556711 -0.377100 -0.632348 -0.581835 0.092089 -0.158276 0.005128 0.169412 0.222039 0.414693 0.395328 0.398521 -0.254337 -0.030985 0.567940 0.095366 0.002672 -0.134955 -0.066789 -0.233681 -0.401443 -0.391680 -0.189671 -0.148310 -0.183167 -0.036096 0.001269 -0.017749 0.256532 -0.023492 -0.102774 0.082414 -0.120543 -0.373749 -0.309389 0.050035 0.005579 -0.044906
-0.257281 -0.340925 0.490249 0.298536 1.000000 0.648872 0.329929 0.253795 0.567190 0.308802 -0.350537 -0.421516 -0.173896 -0.239179 0.364180 0.298925 -0.464459 -0.400023 0.153716 -0.295879 0.140624 0.018885 0.327723 0.251307 0.474007 0.317222 0.504163 0.306889 -0.368166 -0.312922 0.146177 0.046882 -0.249469 -0.187499 0.065993 -0.010448 0.117608 0.035035 0.405687 0.269120 0.080999 0.043276 -0.083305 0.019520 -0.102033 0.009146 -0.187332 -0.068850 0.106708 -0.175076 0.139657 -0.036832 -0.042548 -0.196935 0.181689 0.157974 -0.232181 -0.272411 0.077037 -0.029272 0.191779 0.001588 -0.156902 -0.142857 0.262395 0.132088 0.000646 0.140545 -0.210037 0.086779 -0.186694 -0.177809 -0.407802 -0.313641 -0.245578 -0.277298 -0.077778 -0.173949 -0.454131 -0.352413 -0.463950 -0.510878 0.147438 0.132325 0.091765 0.046635 0.189877 0.417824 0.527397 0.301586 -0.078369 0.426874 0.372476 0.244857 -0.047055 -0.000022 0.029667 -0.007592 -0.251362 -0.147673 -0.090884 -0.028377 -0.100624 -0.135394 -0.138095 -0.017000 0.149898 -0.045923 -0.038729 0.121820 0.056018 -0.110950 -0.219107 -0.039473 -0.009751 0.003121
-0.386712 -0.462754 0.526318 0.427201 0.648872 1.000000 0.414928 0.295890 0.299955 0.138818 -0.511484 -0.459930 -0.347542 -0.277587 0.239117 0.285100 -0.575778 -0.523015 0.256502 -0.254367 0.531044 0.322892 0.358087 0.395432 0.518780 0.610207 0.474960 0.310309 -0.345803 -0.280759 0.499513 0.401350 -0.163986 0.184709 0.052262 0.295944 -0.035149 -0.019366 0.316441 0.157557 0.181847 0.131781 -0.095468 -0.046908 -0.094303 0.119039 -0.269058 -0.209571 -0.108953 -0.168731 0.123335 -0.192685 -0.207379 -0.286303 0.021830 -0.074906 -0.366338 -0.402066 0.022911 -0.043676 0.239686 -0.125080 -0.062482 -0.172277 0.327646 0.297737 0.182925 0.353845 -0.138915 -0.008301 -0.042161 0.002318 -0.430088 -0.297141 -0.159871 -0.229768 -0.291533 -0.309548 -0.356024 -0.363950 -0.488395 -0.530826 0.224813 0.141116 0.064073 0.151284 0.270392 0.569068 0.436368 0.156563 -0.121748 0.258435 0.363258 0.284160 -0.277713 0.057411 0.043330 0.050726 -0.293727 -0.162023 -0.069226 -0.041921 -0.124453 0.033268 -0.087552 -0.075867 0.053649 -0.048108 0.065896 -0.020279 -0.005738 -0.208603 -0.252862 -0.089095 0.041542 -0.217090
-0.174659 -0.325899 0.742309 0.535846 0.329929 0.414928 1.000000 0.605560 0.035786 0.193319 -0.234810 -0.093952 -0.003178 0.078328 0.279559 0.271874 -0.535537 -0.496895 0.330801 -0.212943 0.221115 0.059276 0.513856 0.557982 0.256274 0.222771 0.418923 0.455061 -0.225875 -0.379625 0.232653 0.214232 -0.284422 -0.030258 0.003233 0.044763 -0.367962 -0.180406 -0.103282 -0.113332 -0.240356 -0.244372 -0.381782 -0.353713 -0.213649 -0.173197 -0.516658 -0.464640 0.021708 -0.300395 0.404460 -0.094936 -0.081787 -0.214245 -0.143176 -0.413901 -0.532117 -0.525256 0.155938 -0.254946 0.323514 0.075580 -0.099463 -0.339939 0.598400 0.472478 0.111080 0.307643 -0.314033 -0.168383 -0.056465 0.053851 -0.372067 -0.278398 -0.126584 -0.244001 -0.366104 -0.193506 -0.441560 -0.386028 -0.442996 -0.538453 0.153824 0.019772 0.339868 0.256660 0.147151 0.222736 0.394185 0.051525 -0.314582 0.189242 0.205015 0.391903 -0.122621 -0.058701 -0.353872 -0.167783 -0.588061 -0.519975 -0.076812 -0.101901 -0.057128 0.023658 0.079592 0.061563 -0.006691 -0.111541 0.056493 -0.043043 -0.209870 -0.456868 -0.273675 -0.069339 -0.048553 -0.020314
-0.383942 -0.012302 0.349518 0.750898 0.253795 0.295890 0.605560 1.000000 0.174031 0.469959 -0.130774 0.201435 -0.024344 0.203446 0.244202 0.531593 -0.300694 -0.250471 0.174896 -0.263379 -0.003164 0.052263 0.030736 0.580170 -0.011446 0.276744 0.082469 0.103841 -0.177601 -0.086258 0.179832 0.254785 -0.299091 0.092642 -0.099982 -0.079024 -0.354748 -0.228073 -0.190466 0.064239 -0.185081 -0.245254 -0.433455 -0.385752 -0.331120 -0.263798 -0.478092 -0.476178 0.024058 -0.251031 0.123638 -0.007750 -0.060418 -0.218401 -0.218622 -0.388534 -0.461637 -0.586118 0.037252 0.113587 0.314682 0.446408 -0.145484 -0.087682 0.434959 0.722338 0.058717 0.133641 -0.518448 -0.363654 -0.012960 -0.166285 -0.371134 -0.163095 -0.110147 0.075803 -0.152691 0.114242 -0.372981 -0.247738 -0.348025 -0.399537 0.222463 0.175283 0.108265 0.206393 0.246908 0.296379 0.298877 0.394305 -0.056506 0.066740 0.547202 0.224231 0.021091 -0.109441 -0.255613 -0.221125 -0.551267 -0.450414 -0.064583 0.018811 -0.133068 -0.134104 0.134486 0.041364 0.050388 -0.183834 -0.082767 0.071766 -0.211734 -0.352024 -0.319686 -0.053554 -0.052098 0.024660
-0.253990 -0.136329 0.227083 0.151614 0.567190 0.299955 0.035786 0.174031 1.000000 0.284571 -0.105105 -0.157394 0.000469 0.057312 0.299530 0.343500 -0.205300 -0.103050 -0.150417 -0.285206 0.044166 0.001770 0.116435 0.099089 0.044044 0.109461 0.024943 -0.166352 -0.303801 -0.020794 0.005411 -0.001476 -0.212278 -0.209565 0.116629 -0.141552 0.158200 0.043065 0.187733 0.124623 0.065748 -0.174265 0.030347 0.047334 -0.022499 -0.059600 0.051369 -0.035720 0.137564 -0.076558 0.160820 0.181664 0.277830 0.138993 0.284007 0.205370 -0.168520 -0.092958 0.196644 0.120365 0.296008 0.263460 -0.172247 0.104762 0.194546 0.194423 0.005914 -0.115077 -0.133006 -0.059612 -0.337041 -0.096989 -0.251401 -0.382879 -0.202608 -0.045628 0.057037 0.036358 -0.101817 0.027470 -0.331455 -0.173071 -0.233226 -0.097609 -0.127411 -0.119119 -0.081344 0.185235 0.246167 0.421335 0.003944 0.341166 0.266366 0.181491 -0.103106 0.080776 0.027499 -0.014693 -0.204484 -0.020527 -0.074633 -0.210314 -0.244281 -0.331103 -0.194522 -0.170273 -0.096341 -0.259140 -0.063229 0.120327 -0.011007 -0.111522 0.054224 -0.103718 -0.107719 0.049786
-0.092297 0.114887 -0.000346 0.432400 0.308802 0.138818 0.193319 0.469959 0.284571 1.000000 -0.110755 0.054341 -0.071741 -0.007338 0.256512 0.371196 -0.223339 0.023039 0.035460 -0.044569 -0.148735 -0.112638 0.131367 0.444493 0.064978 0.097595 0.016929 0.132551 0.165732 0.199104 0.002863 0.209479 -0.179811 0.000775 -0.005677 -0.179395 -0.123674 -0.271610 -0.170611 0.095033 -0.181403 -0.324602 -0.234361 -0.254849 -0.224962 -0.259286 -0.247113 -0.316925 -0.152602 -0.176980 -0.047233 -0.044752 0.018537 0.086701 -0.147193 -0.236188 -0.232948 -0.265898 -0.250334 -0.124917 0.057565 0.322547 -0.383554 -0.128511 0.263623 0.352565 -0.370484 -0.308935 -0.311571 -0.192093 -0.029321 -0.155016 -0.037848 -0.069943 -0.033886 0.112931 -0.006110 0.050463 -0.284788 -0.136614 -0.240825 -0.240467 0.108087 0.103589 0.032043 0.069084 0.041580 0.020549 0.397119 0.334930 -0.004396 0.064651 0.473404 0.094828 0.234860 -0.281838 -0.426984 -0.239896 -0.217266 -0.208117 -0.102777 -0.047227 -0.266851 -0.184977 -0.068782 -0.083478 0.118339 -0.113982 -0.346378 0.227270 -0.190664 -0.269796 -0.300216 -0.050694 0.045594 0.318961
0.508594 0.328413 -0.456204 -0.502138 -0.350537 -0.511484 -0.234810 -0.130774 -0.105105 -0.110755 1.000000 0.777596 0.779148 0.567348 0.193250 0.023347 0.597891 0.480613 -0.397188 0.182222 -0.348269 -0.321164 -0.141043 -0.127184 -0.435427 -0.356988 -0.378411 -0.304300 0.467859 0.328623 -0.171577 -0.073566 0.022536 -0.321089 -0.077186 -0.326181 0.015530 -0.084287 -0.297876 -0.347985 -0.305623 -0.187152 -0.013782 -0.069923 -0.068956 -0.194652 0.209163 0.116259 -0.065982 0.023427 0.028607 0.224294 0.279589 0.403414 -0.171856 -0.087341 0.398399 0.152479 -0.013778 -0.035877 -0.053236 0.002959 0.273597 0.065694 -0.111130 -0.312614 -0.326651 -0.325558 -0.037127 -0.166619 -0.068328 -0.011216 0.417487 0.220038 0.171639 0.322312 0.008314 -0.025746 0.306599 0.172032 0.692614 0.435611 0.151889 0.075237 0.400620 0.079783 0.056142 -0.356871 -0.368800 -0.169378 0.148546 -0.145697 -0.414856 -0.047494 0.055074 -0.121820 -0.234966 -0.064862 -0.015470 -0.055746 0.112009 0.011206 0.182092 -0.234958 0.052988 0.015840 -0.211257 -0.080247 -0.121322 -0.235086 -0.222271 0.132322 0.074874 0.021093 -0.082387 0.168115
0.192656 0.446982 -0.375548 -0.146717 -0.421516 -0.459930 -0.093952 0.201435 -0.157394 0.054341 0.777596 1.000000 0.603979 0.719865 0.126683 0.294673 0.448792 0.385423 -0.324647 0.092699 -0.235340 -0.112622 -0.196970 0.185642 -0.372135 -0.167025 -0.431772 -0.234967 0.346985 0.383630 -0.011157 0.114299 -0.152730 -0.168326 -0.182970 -0.266738 -0.201598 -0.141290 -0.529410 -0.300308 -0.288572 -0.220268 -0.147446 -0.184731 -0.079533 -0.203269 0.128205 0.041021 -0.014504 0.014878 0.048617 0.204171 0.198061 0.385162 -0.414388 -0.295992 0.081900 0.029591 -0.103872 -0.064203 -0.095801 0.102184 0.097855 0.001737 0.020660 0.029297 -0.317045 -0.260205 -0.290735 -0.355626 0.115039 0.020406 0.245311 0.252588 0.196204 0.411916 -0.069507 0.084007 0.238640 0.199130 0.559564 0.382232 0.272167 0.178075 0.306912 0.292570 0.088911 -0.242808 -0.413951 -0.071320 0.090122 -0.163122 -0.108880 0.021534 -0.014218 -0.096090 -0.294797 -0.192693 -0.036252 -0.173332 0.120975 0.022378 0.147024 -0.315315 -0.010495 -0.143739 -0.130469 -0.111320 -0.081564 -0.127405 -0.214058 0.078331 0.053661 -0.029733 -0.042613 0.118470
0.525575 0.132461 -0.148940 -0.224908 -0.173896 -0.347542 -0.003178 -0.024344 0.000469 -0.071741 0.779148 0.603979 1.000000 0.761255 0.506395 0.264193 0.228048 0.109316 -0.378004 -0.092644 -0.253641 -0.533457 0.065588 0.009110 -0.436043 -0.308722 -0.109798 -0.073628 0.172728 0.051713 -0.313779 -0.185345 -0.243583 -0.429436 -0.103099 -0.152908 0.014173 -0.040337 -0.372471 -0.312143 -0.272170 -0.296412 -0.004114 -0.011999 -0.016493 -0.125554 0.124051 0.040704 0.162791 0.075731 0.250465 0.403336 0.547659 0.479741 0.126643 0.066681 0.258444 -0.040479 0.152112 -0.082786 -0.008684 0.070260 0.047813 -0.168662 -0.053134 -0.098109 -0.374468 -0.187810 -0.198448 -0.144067 -0.005090 -0.143839 0.123581 0.090714 0.103336 0.196232 -0.195704 -0.024094 -0.027695 -0.114850 0.327974 0.098930 0.149688 -0.085238 0.502121 0.157887 0.272641 -0.105811 -0.140711 0.080480 -0.093846 -0.104490 -0.437596 0.012576 0.173658 -0.391045 -0.358207 -0.338146 -0.053124 -0.289187 0.069890 -0.085909 -0.023066 -0.265727 -0.009256 0.022346 -0.071769 -0.064566 -0.373203 -0.236028 -0.368730 -0.146275 -0.012534 0.225115 -0.151518 0.285957
0.180009 0.273497 -0.070694 -0.036642 -0.239179 -0.277587 0.078328 0.203446 0.057312 -0.007338 0.567348 0.719865 0.761255 1.000000 0.444508 0.542869 0.137189 0.072720 -0.419583 -0.107939 -0.059210 -0.323828 0.000973 0.246155 -0.353917 -0.108185 -0.186156 -0.011010 0.120156 0.152179 -0.086845 0.047748 -0.352578 -0.314560 -0.224504 -0.145466 -0.239046 -0.035804 -0.554760 -0.303333 -0.264588 -0.304474 -0.172513 -0.206752 -0.114443 -0.266544 0.047041 -0.139782 0.222813 -0.021003 0.277904 0.395061 0.556775 0.491704 -0.079453 -0.144251 -0.042310 -0.043648 0.116685 -0.040785 -0.026667 0.141490 -0.032019 -0.132121 -0.040727 0.108453 -0.279111 -0.158507 -0.331468 -0.329166 0.234475 -0.017901 0.075163 0.128002 0.156661 0.367098 -0.225167 0.111173 0.080617 0.055667 0.239251 0.107845 0.148780 0.037489 0.379881 0.351660 0.214328 -0.047159 -0.149413 0.225430 -0.028219 0.090180 -0.186929 0.203407 -0.015337 -0.290421 -0.385243 -0.383566 -0.072238 -0.347463 0.144624 -0.060476 0.003308 -0.322677 0.034187 -0.176513 -0.170365 -0.286794 -0.268184 -0.210309 -0.400621 -0.173832 0.117225 0.128547 -0.218853 0.193855
0.161989 -0.114716 0.230309 0.170066 0.364180 0.239117 0.279559 0.244202 0.299530 0.256512 0.193250 0.126683 0.506395 0.444508 1.000000 0.646194 -0.306017 -0.338384 -0.134748 -0.251502 0.083401 -0.293584 0.354417 0.435053 0.055915 0.180013 0.236077 0.336332 -0.092201 -0.151797 0.105362 0.224233 -0.336180 -0.247801 -0.159067 -0.159626 -0.198577 -0.105985 -0.148688 -0.011603 -0.076642 -0.234790 -0.150966 -0.071017 -0.118227 -0.178229 -0.150684 -0.363422 0.056098 -0.064889 0.419466 0.277147 0.294040 0.275523 0.032297 -0.063417 -0.115379 -0.270228 -0.101729 -0.132242 0.088760 -0.070805 -0.011182 -0.268791 0.280609 0.086596 -0.310046 -0.090031 -0.301228 -0.248494 0.061253 -0.015555 -0.242489 -0.117658 -0.207177 -0.080786 -0.451594 -0.209175 -0.261431 -0.283281 -0.130292 -0.319711 0.415131 0.304406 0.623599 0.472949 0.500090 0.378694 0.364749 0.276951 -0.199194 0.236467 0.061899 0.305194 0.014415 -0.391235 -0.407410 -0.570456 -0.266824 -0.398451 0.079500 -0.110739 -0.071030 -0.174578 0.097893 0.048918 -0.021666 -0.147670 -0.440074 -0.259130 -0.535815 -0.176831 -0.208497 0.035690 -0.344071 0.036162
-0.143931 0.106491 0.110428 0.368805 0.298925 0.285100 0.271874 0.531593 0.343500 0.371196 0.023347 0.294673 0.264193 0.542869 0.646194 1.000000 -0.266770 -0.131947 -0.101890 -0.118528 0.142877 -0.059373 0.085835 0.593004 -0.086175 0.230025 0.029311 0.098347 -0.076272 0.156648 0.245955 0.286755 -0.480622 -0.182718 -0.183465 -0.206977 -0.311798 -0.076334 -0.294599 -0.052505 -0.094259 -0.197052 -0.164447 -0.151513 -0.231500 -0.260747 -0.121968 -0.269718 0.020209 -0.123067 0.214303 0.177096 0.289445 0.225361 -0.151605 -0.276205 -0.323187 -0.360622 -0.076923 -0.110513 0.141542 0.259324 -0.127553 -0.028327 0.254685 0.373773 -0.358293 -0.166637 -0.525581 -0.326672 0.200607 -0.133509 -0.199974 -0.024729 0.030104 0.289717 -0.253348 0.119463 -0.148335 -0.023293 -0.197036 -0.192836 0.266446 0.330799 0.264846 0.416652 0.245247 0.365709 0.157145 0.418277 0.037846 0.189797 0.375134 0.342471 -0.106261 -0.288348 -0.361661 -0.481956 -0.186862 -0.330830 0.072890 -0.093609 -0.228573 -0.306771 0.063099 -0.160993 -0.034480 -0.364830 -0.238411 -0.119502 -0.416454 -0.092906 -0.080941 0.062188 -0.285639 0.099726
0.311444 0.414137 -0.716514 -0.673312 -0.464459 -0.575778 -0.535537 -0.300694 -0.205300 -0.223339 0.597891 0.448792 0.228048 0.137189 -0.306017 -0.266770 1.000000 0.828667 -0.309716 0.440485 -0.343811 -0.104609 -0.545696 -0.439128 -0.366567 -0.440079 -0.497697 -0.541670 0.614437 0.605186 -0.216533 -0.165723 0.396116 0.038601 -0.131270 -0.182566 0.218357 0.004411 -0.144281 -0.107988 0.016048 0.238147 0.049252 -0.027164 -0.114255 -0.271226 0.216933 0.243720 -0.302362 -0.112405 -0.522842 -0.170835 0.021961 0.161357 -0.265410 -0.085275 0.637374 0.410003 -0.018954 0.124356 -0.030892 -0.024233 0.525137 0.516062 -0.403247 -0.561237 -0.140209 -0.432797 0.273667 -0.048193 0.028497 0.044355 0.642915 0.343026 0.207811 0.374035 0.422156 0.101634 0.682422 0.583398 0.758409 0.750913 -0.017996 0.223979 -0.181484 -0.246894 -0.247559 -0.504089 -0.456916 -0.323421 0.331759 -0.123595 -0.355478 -0.207127 0.156509 0.056992 0.075296 0.211348 0.253666 0.442773 0.275536 0.288197 0.288454 -0.018647 -0.018438 0.060776 -0.153233 0.048881 -0.015319 0.064814 0.146056 0.412604 0.301274 -0.021307 0.020357 0.159632
0.288723 0.510174 -0.708710 -0.545092 -0.400023 -0.523015 -0.496895 -0.250471 -0.103050 0.023039 0.480613 0.385423 0.109316 0.072720 -0.338384 -0.131947 0.828667 1.000000 -0.219435 0.645547 -0.442167 -0.137119 -0.443106 -0.261798 -0.418240 -0.410416 -0.576473 -0.604372 0.691061 0.780602 -0.132378 -0.090827 0.346236 0.036407 0.021458 -0.279116 0.028455 -0.136584 -0.269055 -0.301576 -0.231716 0.153424 0.116714 0.000922 -0.122507 -0.280310 0.277763 0.210090 -0.342480 -0.007802 -0.491587 -0.143917 0.112434 0.295664 -0.338520 -0.209151 0.483538 0.395007 -0.186691 -0.029877 0.003406 0.082700 0.361549 0.587079 -0.300628 -0.521284 -0.376385 -0.597579 0.130046 -0.090234 -0.063138 0.033548 0.747669 0.460393 0.341971 0.517013 0.431554 0.064615 0.748860 0.736170 0.628622 0.838170 -0.140163 0.188437 -0.260297 -0.320634 -0.416094 -0.539502 -0.414471 -0.152111 0.381059 -0.195465 -0.261301 -0.209827 0.070174 0.002983 -0.122054 0.100312 0.222560 0.406829 0.222712 0.179599 0.096910 -0.117234 -0.133623 -0.218058 -0.242742 -0.218087 0.020935 0.076874 -0.031915 0.472428 0.261239 0.050957 -0.005215 0.249840
-0.208129 0.019198 0.351688 0.341574 0.153716 0.256502 0.330801 0.174896 -0.150417 0.035460 -0.397188 -0.324647 -0.378004 -0.419583 -0.134748 -0.101890 -0.309716 -0.219435 1.000000 0.220703 0.128252 0.177552 0.267321 0.168445 0.282928 0.278777 0.224801 0.359782 -0.111483 -0.204591 0.279285 0.149949 0.156710 0.317374 0.178144 0.086963 -0.372640 -0.189478 0.066502 0.068963 -0.048830 -0.047165 -0.383745 -0.248499 -0.374595 -0.186896 -0.430326 -0.169126 -0.137352 -0.412362 -0.151078 -0.374346 -0.356669 -0.319395 -0.134914 -0.254589 -0.380803 -0.132632 0.003555 -0.028137 0.189024 0.105559 0.092126 0.021452 0.306293 0.206327 0.203269 0.226384 0.151496 0.089199 -0.003108 -0.116713 -0.189387 0.031027 0.096547 -0.258230 0.072475 0.047277 -0.137981 -0.117518 -0.276112 -0.171761 0.078963 -0.019889 -0.128096 -0.130162 -0.074021 0.163990 0.194553 -0.064124 -0.184021 -0.099292 0.058686 -0.016648 0.150225 0.007335 -0.003516 0.104223 -0.372868 -0.051985 -0.075878 0.144195 0.009277 0.082703 -0.024579 0.065738 0.291556 0.189174 0.178397 0.157887 0.163862 -0.149340 -0.216948 0.119298 0.191657 0.042444
0.294805 0.571957 -0.428841 -0.355745 -0.295879 -0.254367 -0.212943 -0.263379 -0.285206 -0.044569 0.182222 0.092699 -0.092644 -0.107939 -0.251502 -0.118528 0.440485 0.645547 0.220703 1.000000 -0.238456 0.039192 -0.090589 0.007790 -0.225711 -0.287881 -0.271901 -0.294788 0.610708 0.633348 0.078311 0.050859 0.385649 0.200277 -0.061618 -0.243923 -0.203366 -0.234549 -0.311435 -0.420259 -0.312172 0.124951 -0.013430 -0.118521 -0.240433 -0.345621 0.169088 0.113546 -0.335784 -0.100768 -0.265411 -0.172389 0.077124 0.355569 -0.313223 -0.326484 0.192180 0.320519 -0.203927 -0.120603 -0.079403 0.016837 0.347516 0.475664 -0.181223 -0.489794 -0.368978 -0.554144 0.255706 0.028158 0.061096 -0.070171 0.608194 0.462290 0.378343 0.381376 0.211059 -0.217216 0.596905 0.507430 0.422383 0.615700 -0.062099 0.183943 -0.161034 -0.274414 -0.333133 -0.245593 -0.217833 -0.193885 0.387268 -0.085066 -0.249825 -0.124083 -0.076952 -0.001386 -0.158164 0.111467 0.224396 0.346703 0.106717 0.133028 0.059133 -0.005600 -0.182085 -0.251812 -0.272907 -0.195851 0.133923 -0.100932 -0.088773 0.380250 0.209372 0.141321 0.020283 0.164572
-0.383138 -0.323521 0.386822 0.151055 0.140624 0.531044 0.221115 -0.003164 0.044166 -0.148735 -0.348269 -0.235340 -0.253641 -0.059210 0.083401 0.142877 -0.343811 -0.442167 0.128252 -0.238456 1.000000 0.465410 0.236992 0.171897 0.511223 0.644800 0.296195 0.274148 -0.212187 -0.188909 0.566312 0.479894 0.009560 0.163607 0.076401 0.210129 -0.109635 0.344584 0.171188 0.101943 0.184196 0.285999 -0.029620 0.114655 -0.003195 0.104824 -0.096558 -0.102783 -0.113512 -0.110254 0.093628 -0.143381 -0.261895 -0.117404 -0.070940 -0.018400 -0.303795 -0.155320 -0.052588 -0.049502 -0.071378 -0.299279 0.009408 -0.177055 0.164819 0.164072 0.295505 0.269838 0.048024 -0.128557 0.321671 0.269601 -0.212530 0.008580 -0.014513 -0.079718 -0.199952 -0.031833 -0.136026 -0.097317 -0.234927 -0.298796 0.074059 0.074317 0.046449 0.230190 0.141185 0.180978 0.006844 -0.160146 -0.192382 0.359584 0.113237 0.250158 -0.332640 -0.004551 0.148449 0.017389 -0.011494 -0.024163 -0.004360 -0.208303 -0.025927 0.024001 0.268048 0.094017 0.048806 0.076483 0.017419 -0.262789 -0.068710 -0.105121 0.134300 -0.140563 -0.076014 -0.232254
-0.286532 0.071469 0.172980 0.137010 0.018885 0.322892 0.059276 0.052263 0.001770 -0.112638 -0.321164 -0.112622 -0.533457 -0.323828 -0.293584 -0.059373 -0.104609 -0.137119 0.177552 0.039192 0.465410 1.000000 0.026207 -0.011039 0.368830 0.201750 0.026569 -0.031145 -0.267465 0.141599 0.475585 0.338430 -0.032536 0.330856 -0.143801 0.038971 0.109519 0.314111 0.233502 0.063195 0.326173 0.441029 -0.009249 -0.033286 0.017530 0.145526 0.091669 0.086959 -0.163825 -0.125159 0.014767 -0.224388 -0.392998 -0.130468 -0.169799 -0.198691 -0.265759 0.078325 -0.039798 -0.058204 -0.053903 -0.182587 0.012860 0.092430 0.109405 0.126004 0.239994 0.230768 -0.007377 0.261076 0.165870 0.347650 -0.026509 -0.020798 0.006051 -0.095308 0.163945 -0.000267 0.071919 0.200688 -0.077618 -0.032427 0.011951 0.023686 -0.228795 -0.085180 -0.180509 0.155997 -0.076413 -0.285865 0.068275 0.086057 0.256720 -0.013678 -0.653357 0.629080 0.427595 0.460806 0.105939 0.166230 -0.270462 -0.102396 0.008361 -0.118366 -0.071243 0.035829 -0.017736 0.342729 0.586893 -0.090573 0.369869 0.276512 0.193574 -0.424580 0.122344 -0.625569
-0.097615 -0.314939 0.658303 0.325062 0.327723 0.358087 0.513856 0.030736 0.116435 0.131367 -0.141043 -0.196970 0.065588 0.000973 0.354417 0.085835 -0.545696 -0.443106 0.267321 -0.090589 0.236992 0.026207 1.000000 0.507575 0.319050 0.233051 0.449707 0.601133 -0.297874 -0.329937 0.307267 0.227455 -0.306878 -0.078428 0.247330 0.069141 -0.199632 0.058348 0.036269 -0.022107 -0.120656 -0.183671 -0.079791 -0.041361 0.004199 0.013484 -0.200276 -0.070093 0.011567 -0.153638 0.477606 -0.073582 0.020368 0.091558 0.055423 -0.135151 -0.439263 -0.198747 -0.103200 -0.546074 0.049648 -0.270614 -0.306122 -0.528546 0.589891 0.133534 -0.188121 0.155000 -0.179390 0.106549 -0.065458 0.004868 -0.217602 -0.206187 -0.045384 -0.381209 -0.354774 -0.289084 -0.279249 -0.273981 -0.411120 -0.416678 0.070534 -0.202441 0.388427 0.224539 0.054086 0.119595 0.371885 -0.052968 -0.433088 0.115248 -0.028089 0.191053 -0.163061 -0.059249 -0.218763 -0.111019 -0.343935 -0.419530 -0.212736 -0.309216 -0.071110 -0.244560 -0.167582 -0.042329 0.078956 -0.066605 0.049428 -0.061750 -0.094246 -0.204389 -0.114854 0.025000 -0.164624 -0.098091
-0.320095 -0.100810 0.416340 0.580563 0.251307 0.395432 0.557982 0.580170 0.099089 0.444493 -0.127184 0.185642 0.009110 0.246155 0.435053 0.593004 -0.439128 -0.261798 0.168445 0.007790 0.171897 -0.011039 0.507575 1.000000 0.167224 0.450159 0.132533 0.312893 0.013005 -0.019069 0.490476 0.567305 -0.277889 0.158939 0.039387 -0.030545 -0.455098 -0.305094 -0.324608 -0.109175 -0.274497 -0.263238 -0.306754 -0.301231 -0.190608 -0.216422 -0.304596 -0.346027 -0.119210 -0.169072 0.301660 -0.094667 0.014140 0.088562 -0.342424 -0.470103 -0.536874 -0.512196 -0.296177 -0.346418 0.052032 -0.007279 -0.204139 -0.289322 0.550708 0.411879 -0.237792 -0.059648 -0.444981 -0.375280 0.050493 -0.157446 -0.244365 -0.087237 -0.043377 -0.003068 -0.395372 -0.157684 -0.214875 -0.187126 -0.330093 -0.329022 0.358330 0.257598 0.361427 0.486778 0.233463 0.302613 0.285819 0.187426 -0.084914 0.194181 0.408788 0.322353 -0.061579 -0.203717 -0.444881 -0.316769 -0.430525 -0.489315 -0.084166 -0.175110 -0.103969 -0.186646 -0.087850 -0.272038 -0.119356 -0.376794 -0.093925 0.013752 -0.336163 -0.263470 -0.318154 -0.009152 -0.126790 0.108304
-0.306391 -0.233805 0.498248 0.127329 0.474007 0.518780 0.256274 -0.011446 0.044044 0.064978 -0.435427 -0.372135 -0.436043 -0.353917 0.055915 -0.086175 -0.366567 -0.418240 0.282928 -0.225711 0.511223 0.368830 0.319050 0.167224 1.000000 0.556948 0.575668 0.495522 -0.293500 -0.338079 0.417626 0.327035 0.023431 0.215930 0.135876 0.370383 -0.026547 0.037573 0.389121 0.302186 0.215150 0.245998 -0.177529 -0.037526 0.071099 0.199169 -0.197580 -0.045329 0.001172 -0.121220 0.116859 -0.303496 -0.410632 -0.244859 -0.148215 -0.077384 -0.296142 -0.123473 -0.087397 -0.116872 -0.040537 -0.398643 0.033137 -0.232253 0.172751 -0.007355 0.237101 0.386675 -0.002530 0.113067 0.019967 0.266073 -0.363903 -0.193334 -0.300063 -0.445456 -0.228119 -0.332447 -0.263723 -0.254588 -0.306281 -0.372558 0.257211 0.214561 0.019534 0.246830 0.138763 0.191574 0.317989 -0.125859 -0.275950 0.320322 0.207917 0.137379 -0.232976 0.186073 0.062924 0.111939 -0.151408 -0.088861 -0.150620 0.117108 0.050559 0.007059 -0.072705 0.014069 0.152598 0.196284 0.172243 0.011353 0.179827 0.050127 0.020849 -0.199074 0.090964 -0.218472
-0.595551 -0.325902 0.401572 0.388174 0.317222 0.610207 0.222771 0.276744 0.109461 0.097595 -0.356988 -0.167025 -0.308722 -0.108185 0.180013 0.230025 -0.440079 -0.410416 0.278777 -0.287881 0.644800 0.201750 0.233051 0.450159 0.556948 1.000000 0.270967 0.335927 -0.157480 -0.275045 0.748715 0.688576 0.034830 0.365228 0.101959 0.304243 -0.339712 -0.030262 0.163113 0.180953 -0.003237 0.072233 -0.303265 -0.145388 -0.152636 -0.003566 -0.375131 -0.352676 -0.104196 -0.138863 0.025717 -0.230502 -0.316293 -0.204816 -0.227471 -0.165236 -0.391292 -0.229450 -0.127750 0.073399 0.081325 -0.170243 -0.052947 -0.182885 0.283755 0.296927 0.296910 0.305007 -0.118334 -0.326414 0.069354 0.172288 -0.314782 -0.029407 -0.057955 -0.101773 -0.260565 -0.015650 -0.219492 -0.230123 -0.366245 -0.331176 0.207578 0.256844 0.043529 0.355709 0.236947 0.229492 0.106601 0.142851 -0.241632 0.233726 0.246277 0.241474 -0.119945 -0.154662 -0.102677 -0.218012 -0.373457 -0.247262 -0.076770 -0.107340 0.002956 0.006766 0.205617 0.055569 0.176889 -0.085753 -0.065365 -0.153944 -0.218427 -0.240603 -0.212095 -0.120685 -0.094288 -0.159316
-0.110832 -0.230214 0.602345 0.265554 0.504163 0.474960 0.418923 0.082469 0.024943 0.016929 -0.378411 -0.431772 -0.109798 -0.186156 0.236077 0.029311 -0.497697 -0.576473 0.224801 -0.271901 0.296195 0.026569 0.449707 0.132533 0.575668 0.270967 1.000000 0.680240 -0.409179 -0.534713 0.056941 -0.011572 -0.148329 -0.010068 -0.054084 0.204598 0.171230 0.183146 0.460853 0.386577 0.169333 -0.010043 -0.062766 0.036018 -0.057587 0.065610 -0.164323 -0.065869 0.041342 -0.071687 0.201137 -0.181123 -0.134324 -0.200648 0.250517 0.169067 -0.293231 -0.109752 0.169114 -0.036128 -0.056980 -0.223945 -0.097215 -0.363151 0.135931 0.067550 0.185403 0.270579 -0.003995 0.241080 0.025287 -0.013169 -0.508104 -0.341746 -0.268384 -0.447039 -0.382924 -0.284789 -0.472674 -0.527128 -0.390721 -0.527682 0.142695 0.034298 0.164711 0.216110 0.296632 0.259508 0.420626 0.057274 -0.351638 0.052854 0.060807 0.042994 -0.069351 -0.020115 -0.064476 -0.020528 -0.132453 -0.355480 -0.162467 -0.071398 -0.115412 -0.000723 0.039396 0.329311 0.207568 0.241085 0.059581 -0.092030 0.098758 -0.203535 -0.061709 -0.133071 -0.087112 -0.125872
-0.132464 -0.246028 0.579145 0.357984 0.306889 0.310309 0.455061 0.103841 -0.166352 0.132551 -0.304300 -0.234967 -0.073628 -0.011010 0.336332 0.098347 -0.541670 -0.604372 0.359782 -0.294788 0.274148 -0.031145 0.601133 0.312893 0.495522 0.335927 0.680240 1.000000 -0.351867 -0.593967 0.131688 0.054481 -0.252001 -0.115482 -0.087540 0.107879 -0.203943 0.086263 0.112302 0.250596 0.080277 -0.131455 -0.335979 -0.220502 -0.190474 -0.069642 -0.431890 -0.236890 0.076786 -0.220115 0.290052 -0.166743 -0.242543 -0.199827 -0.084026 -0.116589 -0.444008 -0.068311 0.012872 -0.250757 -0.141875 -0.336753 -0.192040 -0.586205 0.311706 0.158589 0.120632 0.414515 -0.090001 0.101349 0.235524 0.068467 -0.351239 -0.139165 -0.116935 -0.446339 -0.377185 -0.093485 -0.379195 -0.401494 -0.314533 -0.465712 0.281418 0.042749 0.424076 0.507089 0.302348 0.167796 0.424932 -0.105461 -0.329035 0.119756 0.151455 0.287016 0.042250 -0.145617 -0.198328 -0.220157 -0.288826 -0.462160 0.053775 0.058276 0.243057 0.129803 0.132601 0.194342 0.237501 0.136448 -0.069943 -0.079603 -0.048101 -0.313686 -0.139265 -0.153008 -0.178570 -0.130037
0.315891 0.310835 -0.614816 -0.483386 -0.368166 -0.345803 -0.225875 -0.177601 -0.303801 0.165732 0.467859 0.346985 0.172728 0.120156 -0.092201 -0.076272 0.614437 0.691061 -0.111483 0.610708 -0.212187 -0.267465 -0.297874 0.013005 -0.293500 -0.157480 -0.409179 -0.351867 1.000000 0.672233 0.091662 0.249286 0.484233 0.184688 -0.075156 -0.211815 -0.096384 -0.286693 -0.335970 -0.370120 -0.293450 0.024757 -0.107995 -0.210054 -0.231279 -0.402226 0.052326 -0.131220 -0.430527 -0.113004 -0.460604 -0.216144 0.013360 0.210137 -0.397515 -0.346565 0.377196 0.134469 -0.260214 -0.046147 -0.058465 0.040725 0.352304 0.341527 -0.240831 -0.412361 -0.306351 -0.578318 0.180795 -0.341301 0.119381 0.027586 0.728023 0.494563 0.392242 0.522424 0.234754 -0.049754 0.524462 0.358103 0.595397 0.561716 0.144543 0.407356 0.055722 -0.021512 -0.115712 -0.420251 -0.296609 -0.204071 0.298672 -0.090613 -0.299852 -0.092922 0.231276 -0.255676 -0.380465 -0.045811 0.092625 0.183176 0.227482 0.061538 0.057527 -0.024172 0.091072 -0.052513 -0.192220 -0.192466 -0.210685 -0.071691 -0.307480 0.130368 -0.039105 0.123382 0.061893 0.370654
0.197523 0.484911 -0.622596 -0.316668 -0.312922 -0.280759 -0.379625 -0.086258 -0.020794 0.199104 0.328623 0.383630 0.051713 0.152179 -0.151797 0.156648 0.605186 0.780602 -0.204591 0.633348 -0.188909 0.141599 -0.329937 -0.019069 -0.338079 -0.275045 -0.534713 -0.593967 0.672233 1.000000 0.111846 0.225667 0.180398 0.165589 -0.052940 -0.267028 0.058062 -0.050940 -0.327293 -0.280344 -0.049757 0.192667 0.062577 -0.084369 -0.169190 -0.319344 0.238495 0.071259 -0.428008 -0.116061 -0.371985 -0.157996 0.138000 0.397231 -0.355502 -0.355600 0.282550 0.160890 -0.247412 -0.087834 -0.026393 0.150926 0.194227 0.502775 -0.196516 -0.279892 -0.471233 -0.642721 -0.047513 -0.155660 0.169544 0.031548 0.690278 0.451167 0.395716 0.628637 0.410658 0.051806 0.626819 0.666634 0.506810 0.660098 0.014825 0.311525 -0.206568 -0.173812 -0.286770 -0.276505 -0.314148 -0.055034 0.344864 -0.085360 -0.097658 -0.197412 -0.122941 -0.001168 -0.179957 0.045495 0.260283 0.400266 0.066734 0.013551 -0.107951 -0.320280 -0.219393 -0.275409 -0.156511 -0.159661 -0.063582 0.014487 -0.129573 0.425639 0.197804 0.184568 0.053973 0.127453
-0.443968 -0.131291 0.236104 0.165162 0.146177 0.499513 0.232653 0.179832 0.005411 0.002863 -0.171577 -0.011157 -0.313779 -0.086845 0.105362 0.245955 -0.216533 -0.132378 0.279285 0.078311 0.566312 0.475585 0.307267 0.490476 0.417626 0.748715 0.056941 0.131688 0.091662 0.111846 1.000000 0.855298 0.021991 0.416648 0.114365 0.160405 -0.329297 0.049209 0.085775 -0.086089 -0.039778 0.234814 -0.237290 -0.184626 -0.152573 -0.088009 -0.189433 -0.213671 -0.295432 -0.220891 0.002128 -0.321837 -0.332802 -0.024944 -0.414238 -0.426800 -0.319723 -0.158066 -0.273283 -0.232001 0.105651 -0.197988 0.080503 -0.033440 0.316086 0.123232 0.061223 0.092765 -0.161102 -0.231233 0.093648 0.274627 0.042706 0.137522 0.140595 0.048350 -0.082572 -0.058830 0.059535 0.060658 -0.119873 -0.079285 0.238795 0.365829 0.053249 0.240348 0.076237 0.158028 -0.026870 -0.064480 -0.075458 0.210439 0.158175 0.210151 -0.413989 0.127135 -0.087956 0.008598 -0.281477 -0.172404 -0.196517 -0.203033 -0.028896 -0.189268 0.135443 -0.017093 -0.000131 -0.130126 0.252269 -0.214915 -0.153774 0.080418 -0.144727 -0.139017 -0.062996 -0.303555
-0.352060 -0.086869 0.139084 0.218585 0.046882 0.401350 0.214232 0.254785 -0.001476 0.209479 -0.073566 0.114299 -0.185345 0.047748 0.224233 0.286755 -0.165723 -0.090827 0.149949 0.050859 0.479894 0.338430 0.227455 0.567305 0.327035 0.688576 -0.011572 0.054481 0.249286 0.225667 0.855298 1.000000 0.139762 0.556741 0.067472 0.172644 -0.316699 -0.090525 -0.041067 -0.069408 -0.087665 0.049584 -0.277380 -0.250547 -0.158828 -0.187227 -0.232339 -0.395590 -0.428144 -0.249231 -0.063813 -0.325434 -0.259960 0.046384 -0.379522 -0.409238 -0.253484 -0.203858 -0.359369 -0.167608 0.065056 -0.132410 0.047991 -0.060378 0.318740 0.192252 -0.009023 -0.062681 -0.117096 -0.381233 0.122203 0.310321 0.050756 0.120994 0.132400 0.147143 -0.096849 -0.041944 0.022891 -0.013650 -0.089085 -0.131195 0.271712 0.375943 0.076017 0.299000 0.147362 0.151188 -0.000974 -0.001816 -0.171174 0.174191 0.131494 0.168048 -0.241972 -0.066633 -0.240500 -0.110668 -0.292909 -0.177610 -0.200093 -0.187793 -0.134635 -0.210578 0.072708 -0.028713 0.027155 -0.068418 0.008958 -0.173083 -0.262948 -0.100291 -0.216514 -0.112373 0.028803 -0.107878
-0.018399 0.126548 -0.323864 -0.381760 -0.249469 -0.163986 -0.284422 -0.299091 -0.212278 -0.179811 0.022536 -0.152730 -0.243583 -0.352578 -0.336180 -0.480622 0.396116 0.346236 0.156710 0.385649 0.009560 -0.032536 -0.306878 -0.277889 0.023431 0.034830 -0.148329 -0.252001 0.484233 0.180398 0.021991 0.139762 1.000000 0.544527 0.088483 0.120182 -0.021194 -0.124001 0.076171 -0.077072 -0.074417 0.242199 -0.060440 0.003872 -0.006119 -0.134766 -0.027448 -0.093074 -0.260850 0.020332 -0.513842 -0.262592 -0.209995 -0.148835 -0.031314 0.070552 0.238111 0.274850 -0.006349 0.357848 -0.016130 -0.003352 0.448892 0.413173 -0.224051 -0.350394 0.337708 -0.131108 0.550470 -0.180923 -0.106956 0.156299 0.381664 0.340977 0.313706 0.174690 0.279316 -0.014986 0.385553 0.204031 0.207099 0.286826 -0.180021 0.170425 -0.343663 -0.386388 -0.131296 -0.313628 -0.293960 -0.310812 0.121035 -0.139527 -0.342709 -0.297406 0.243995 -0.037277 0.125998 0.176932 0.162713 0.314655 0.039094 0.009712 0.069084 0.125470 0.101326 0.105953 -0.187945 0.053550 0.014418 -0.056262 0.066132 -0.010796 0.095060 -0.062634 0.085980 0.208469
-0.264401 0.056067 0.017748 0.169861 -0.187499 0.184709 -0.030258 0.092642 -0.209565 0.000775 -0.321089 -0.168326 -0.429436 -0.314560 -0.247801 -0.182718 0.038601 0.036407 0.317374 0.200277 0.163607 0.330856 -0.078428 0.158939 0.215930 0.365228 -0.010068 -0.115482 0.184688 0.165589 0.416648 0.556741 0.544527 1.000000 0.124513 0.442299 -0.116895 -0.096468 0.109094 0.113671 0.010001 0.153595 -0.242989 -0.231777 -0.044470 -0.060286 -0.226356 -0.283466 -0.341977 -0.118484 -0.344758 -0.440005 -0.274416 -0.173906 -0.039667 -0.159011 -0.057204 -0.009455 -0.176318 0.092290 0.073130 0.018727 0.158228 0.231017 0.048126 0.141216 0.259237 0.036399 0.281488 -0.130206 -0.021538 0.222654 -0.011915 0.055949 0.113298 0.035177 0.170877 0.074893 0.145590 0.047039 -0.120920 0.002110 0.005847 0.128506 -0.396117 -0.161235 0.060557 0.117596 -0.020630 -0.000362 -0.168936 -0.216504 -0.011304 -0.329388 -0.048205 0.126091 0.099644 0.158409 -0.109262 0.074557 -0.258999 -0.042586 -0.162613 0.009647 -0.047435 0.129221 0.033630 0.169513 0.193142 -0.008012 0.126139 -0.088274 -0.153627 -0.013568 0.205466 -0.080006
-0.179405 -0.294183 0.128772 0.047784 0.065993 0.052262 0.003233 -0.099982 0.116629 -0.005677 -0.077186 -0.182970 -0.103099 -0.224504 -0.159067 -0.183465 -0.131270 0.021458 0.178144 -0.061618 0.076401 -0.143801 0.247330 0.039387 0.135876 0.101959 -0.054084 -0.087540 -0.075156 -0.052940 0.114365 0.067472 0.088483 0.124513 1.000000 0.429247 -0.071253 -0.021931 0.163304 -0.034501 -0.144957 -0.152051 0.112500 0.198440 0.325817 0.339760 -0.026914 0.188266 -0.041219 0.106641 0.018580 -0.133795 -0.125963 -0.120221 0.060097 0.084817 -0.060806 -0.268512 -0.236383 -0.288366 0.092220 0.029673 -0.135010 -0.129912 0.309051 0.149320 -0.039096 0.163983 -0.053213 -0.055576 -0.337247 -0.094820 -0.109548 -0.147614 -0.055459 -0.141351 -0.011535 0.026472 -0.023475 -0.006474 -0.108587 0.000427 -0.175557 -0.226202 -0.094071 -0.173311 -0.032792 -0.035066 0.017326 0.008377 -0.214020 -0.143845 0.049022 -0.232344 0.041557 -0.053027 0.001246 0.118774 -0.178584 -0.052186 -0.230832 -0.246333 -0.151021 -0.116889 -0.114041 -0.210929 -0.037531 -0.204166 0.072517 0.092073 0.128477 -0.031286 -0.237930 0.348670 0.165707 0.186897
-0.203220 -0.275884 0.162296 0.081278 -0.010448 0.295944 0.044763 -0.079024 -0.141552 -0.179395 -0.326181 -0.266738 -0.152908 -0.145466 -0.159626 -0.206977 -0.182566 -0.279116 0.086963 -0.243923 0.210129 0.038971 0.069141 -0.030545 0.370383 0.304243 0.204598 0.107879 -0.211815 -0.267028 0.160405 0.172644 0.120182 0.442299 0.429247 1.000000 0.034816 -0.082578 0.136949 0.046730 0.197791 0.098160 -0.058856 -0.056808 0.366366 0.416001 -0.169954 0.057160 0.092299 0.105926 -0.014613 -0.207830 -0.175937 -0.183105 0.065090 0.034052 -0.071935 -0.154868 0.064952 -0.091263 0.106906 -0.125620 0.005598 -0.185998 0.055568 0.156911 0.220736 0.539337 -0.041786 0.117301 -0.214368 0.049952 -0.237762 -0.183012 0.016844 -0.248592 -0.182946 -0.152931 -0.178896 -0.279147 -0.246047 -0.188656 0.018701 -0.096469 -0.179370 0.007113 0.189390 0.189637 0.084112 -0.052942 -0.350713 -0.124823 -0.061734 -0.059901 -0.053159 -0.096759 -0.004066 0.108903 -0.107975 -0.196038 -0.226157 0.096865 -0.135177 0.047271 -0.244747 -0.037607 0.189637 0.210906 0.048519 -0.017680 0.223466 -0.215622 -0.138919 0.187915 0.270656 -0.122300
