1.000000 0.177395 0.185770 -0.141977 0.054793 -0.295969 0.275909 -0.152757 0.220454 -0.085861 0.260268 -0.209065 0.392814 0.159300 0.313849 0.127412 0.287951 0.045057 0.310314 0.282137 -0.266960 -0.211279 -0.104362 -0.227829 -0.061741 -0.266952 -0.128013 -0.288569 0.375922 -0.074872 -0.080125 -0.138928 0.164639 0.023105 -0.334075 -0.303283 -0.201026 -0.276980 0.009253 -0.079554 -0.011313 0.016122 -0.191490 -0.178870 -0.327658 -0.363144 -0.078288 -0.060943 -0.238835 -0.332578 -0.262053 -0.374235 0.082401 0.111995 -0.294062 -0.194357 0.143871 -0.171153 0.562268 0.221530 0.672567 0.152767 0.161919 0.228389 0.091238 -0.251503 0.080625 -0.176282 0.243780 -0.256431 0.128975 -0.189228 0.201694 -0.084672 -0.022637 -0.016022 -0.061798 -0.062044 -0.048002 -0.016991 0.236715 0.111964 0.210122 0.239769 -0.243023 -0.046195 -0.379280 0.074619 -0.331889 -0.218351 -0.006491 0.437431 -0.159187 0.276997 -0.042060 -0.075788 -0.411619 -0.132479 -0.279559 0.179456 -0.073064 0.246986 0.099205 0.238575 -0.218333 -0.138772 -0.022983 0.146328 -0.103094 0.094713 -0.058132 -0.018745 -0.170545 -0.177533 -0.076139 -0.072044
0.177395 1.000000 -0.351086 0.227601 -0.337880 -0.391908 -0.308223 -0.070333 -0.426718 -0.182297 -0.057184 -0.014702 -0.043355 0.227635 -0.370589 -0.285984 0.101229 0.146364 0.075606 0.400668 -0.171662 0.079472 -0.410920 -0.091082 -0.177601 -0.110850 -0.318167 0.040381 -0.110110 -0.095032 -0.162332 -0.093509 0.149024 0.237573 -0.274071 -0.412829 -0.270867 -0.204353 -0.217210 -0.066564 -0.163525 -0.116091 -0.343513 -0.134746 -0.155216 -0.018864 -0.274877 -0.197678 -0.060548 -0.070229 0.004419 -0.127584 -0.010655 -0.241293 -0.178931 -0.162919 -0.059150 0.311256 0.072325 0.570611 0.242803 0.439924 0.298315 0.454321 -0.196518 -0.125824 0.321796 0.388906 0.308229 0.077835 -0.324066 -0.260620 -0.073655 -0.154397 -0.167119 -0.232945 -0.314453 -0.269666 -0.052702 -0.038531 -0.031201 0.042538 0.011070 0.011368 -0.011582 0.156009 -0.112484 0.079080 -0.190293 -0.145103 -0.106510 -0.243649 -0.068026 -0.150321 -0.041058 0.099303 -0.119976 0.016850 0.139685 0.001179 0.224186 0.022722 0.424434 0.244295 0.228377 0.019709 0.364753 -0.093066 0.006888 -0.009011 -0.200127 -0.082125 -0.355393 0.148998 0.065322 -0.128593
0.185770 -0.351086 1.000000 0.082816 0.486849 0.326336 0.776786 0.384022 0.652536 0.368522 0.023566 0.236786 0.412407 0.034086 0.381547 0.192477 -0.153123 -0.409216 -0.046896 -0.263647 0.023613 -0.044014 0.447592 0.273951 0.284801 0.069758 0.228140 -0.000812 -0.041495 -0.305755 0.052752 -0.176213 -0.254999 -0.379145 0.156445 0.178262 -0.269250 -0.182962 0.026434 0.020663 -0.309032 -0.152879 0.019542 -0.005541 0.004498 -0.034938 0.023990 0.064662 0.232332 -0.028024 0.343691 0.152433 0.096174 0.063226 0.032366 0.128992 -0.301315 -0.354569 -0.066309 -0.449521 -0.031990 -0.379019 -0.620156 -0.555840 0.164373 0.087814 -0.203978 0.042704 -0.106087 -0.145321 0.144355 -0.166937 -0.151817 -0.204863 -0.278256 -0.053249 -0.273254 -0.083276 -0.461565 -0.346108 -0.288060 -0.339987 -0.003576 -0.092203 0.006219 -0.116889 -0.054274 -0.266422 0.076682 -0.164128 0.113390 0.484609 0.109350 0.581734 0.106357 -0.064817 0.079943 -0.051295 -0.292357 -0.106019 -0.161798 0.354544 -0.338911 -0.272303 -0.192819 -0.015065 -0.244111 0.061975 -0.098189 0.012099 0.079297 -0.093490 0.167223 0.008741 -0.066592 0.074724
-0.141977 0.227601 0.082816 1.000000 -0.162011 0.018550 -0.152283 0.480758 -0.217989 0.050866 -0.167319 0.229703 -0.341623 -0.047086 -0.087267 -0.080725 -0.401432 -0.205615 0.184881 0.052888 0.038523 0.333605 0.063969 0.686194 0.102427 0.591692 0.147296 0.459960 -0.437859 -0.275911 0.245257 0.265886 -0.372069 -0.219774 -0.034717 -0.287715 -0.441196 -0.072212 -0.124699 0.259466 -0.272853 -0.100052 -0.387876 -0.128864 -0.357365 -0.014569 -0.356705 -0.141494 -0.388177 -0.407842 0.222040 -0.096205 -0.535557 -0.285142 -0.117015 -0.038317 -0.151092 -0.029718 -0.260894 -0.037444 -0.172482 -0.102215 -0.098426 -0.332913 0.266293 0.313087 -0.015448 0.253596 0.201476 0.124881 -0.199835 -0.051564 -0.426576 -0.096909 -0.285769 -0.145290 -0.260397 -0.135497 -0.367393 -0.241807 -0.281913 -0.281809 0.200605 0.181007 0.120683 0.474957 -0.050592 0.048392 0.275566 0.294267 -0.518133 0.030353 0.554173 0.245298 -0.083674 0.270337 -0.025568 0.074461 -0.379736 -0.111225 0.212720 0.058016 0.193809 -0.019871 0.007593 0.057364 0.149642 -0.033090 0.059094 0.001563 -0.174385 -0.116132 -0.230004 0.207003 -0.018598 0.028889
0.054793 -0.337880 0.486849 -0.162011 1.000000 0.645198 0.453563 0.213613 0.775413 0.585064 -0.117076 -0.067906 0.130704 0.028081 0.089736 0.081890 -0.117258 -0.215221 -0.403737 -0.468152 -0.126373 -0.074303 0.229545 0.127590 0.692468 0.240258 0.540544 -0.017072 -0.198753 -0.209815 -0.155573 -0.212101 -0.183116 -0.196504 0.021501 0.318689 -0.304684 -0.021063 -0.000375 0.124131 -0.089469 -0.086947 0.097063 -0.078829 0.067634 -0.019228 0.105070 0.207157 0.237734 0.004642 0.073005 0.084122 0.294834 0.248324 -0.080462 0.170837 0.051167 -0.075296 0.059858 -0.123462 -0.086799 -0.281557 -0.314645 -0.308769 -0.125563 0.058680 -0.088500 0.041951 0.021530 -0.104685 0.150024 -0.010780 -0.151793 -0.148713 -0.259305 -0.053426 -0.204197 0.113057 -0.284091 -0.034195 -0.251128 -0.104060 -0.183230 -0.066063 -0.299063 -0.234124 0.069831 -0.178228 -0.112645 -0.078318 0.314923 0.376334 0.092510 0.205724 0.221250 -0.052138 0.061372 0.146372 -0.083546 0.036280 -0.253087 0.184686 -0.240735 -0.200411 -0.142965 -0.086496 -0.131611 0.091778 0.029623 0.169715 0.276881 0.212184 0.404782 -0.212127 -0.059768 -0.121976
-0.295969 -0.391908 0.326336 0.018550 0.645198 1.000000 0.191251 0.234731 0.422495 0.539046 -0.339177 0.113429 -0.228264 -0.211158 0.146701 0.316932 -0.460077 -0.362458 -0.431659 -0.532482 0.098112 0.163236 0.329141 0.447083 0.433950 0.488176 0.494510 0.416835 -0.443908 -0.283921 -0.144852 -0.094207 -0.384410 -0.362514 0.296449 0.534809 -0.190277 0.024631 0.024253 0.206959 -0.031445 -0.070858 0.129186 -0.014352 0.272680 0.324176 -0.056549 -0.005213 0.321454 0.135770 0.363361 0.293373 0.066520 -0.019625 0.084841 -0.005043 0.257662 0.111380 -0.109944 -0.239572 -0.329106 -0.414401 -0.288008 -0.550264 -0.005820 0.428734 -0.216828 0.077844 -0.041137 0.076630 0.142514 0.024848 -0.406037 -0.139669 -0.277842 -0.116432 -0.217155 -0.081911 -0.227119 -0.170119 -0.255243 -0.203821 -0.050108 -0.052173 0.079423 -0.082276 0.177726 -0.228567 0.346697 0.249158 0.179517 0.154733 0.246062 0.167446 0.024891 -0.084926 -0.067294 0.054003 -0.189016 -0.254393 -0.206364 0.015130 -0.325047 -0.305982 -0.081074 -0.086812 0.078429 -0.110764 -0.085406 -0.115777 0.051323 -0.094513 0.155244 -0.225499 0.043093 -0.188070
0.275909 -0.308223 0.776786 -0.152283 0.453563 0.191251 1.000000 0.457504 0.669061 0.462351 0.257552 0.218947 0.674528 0.424822 0.441680 0.295339 0.091820 -0.262638 -0.051826 -0.171869 0.105790 -0.170030 0.266763 -0.077010 0.113756 -0.215562 -0.043687 -0.279084 0.234304 -0.021402 0.194489 0.045460 -0.092611 -0.079916 -0.189707 0.054590 -0.180690 -0.279781 -0.042308 -0.230312 -0.092387 -0.135568 -0.103523 -0.275535 -0.009991 -0.193265 -0.073577 -0.145343 0.139375 -0.045234 -0.015327 -0.173449 0.364719 0.102027 -0.144909 -0.113217 -0.253188 -0.425365 0.209854 -0.235035 0.253716 -0.169628 -0.414706 -0.365508 0.122059 -0.054159 -0.034218 -0.035446 -0.012658 -0.149458 0.239924 -0.001188 0.133394 -0.107261 -0.116847 0.038583 -0.157551 -0.037722 -0.357568 -0.189724 -0.136489 -0.220867 0.092516 0.069817 -0.089419 -0.283187 -0.086288 -0.323290 -0.184442 -0.413312 0.229542 0.349534 -0.008838 0.403442 -0.061585 -0.310459 -0.122986 -0.164821 -0.316751 -0.177945 -0.033602 0.238746 -0.213921 -0.066918 -0.046411 0.035414 -0.187637 0.157304 -0.229563 -0.039815 -0.035699 -0.132775 -0.045368 -0.117277 -0.078934 -0.087560
-0.152757 -0.070333 0.384022 0.480758 0.213613 0.234731 0.457504 1.000000 0.254011 0.688690 0.020317 0.507643 0.130825 0.539850 -0.017545 0.271504 -0.093682 -0.148183 -0.091490 -0.184738 0.087975 -0.000891 -0.046881 0.455833 0.117259 0.303230 -0.103204 0.021238 -0.168168 -0.097709 0.184065 0.264033 -0.346406 -0.058577 -0.011831 0.009125 -0.439450 -0.242233 -0.410854 0.016249 -0.283208 -0.313137 -0.453129 -0.275963 -0.206635 -0.038069 -0.377169 -0.213494 -0.170029 -0.167180 0.113134 -0.136335 -0.017195 -0.132518 -0.342482 -0.046755 -0.190615 -0.271951 -0.234801 -0.187308 -0.125541 0.004383 -0.202555 -0.390388 0.214822 0.439320 -0.081338 0.177340 -0.006684 0.048441 -0.087171 0.073002 -0.159761 -0.174847 -0.264699 -0.049450 -0.245545 -0.085519 -0.303127 -0.245574 -0.291510 -0.292521 -0.090679 -0.024842 -0.036373 -0.137257 -0.048534 -0.334157 -0.026715 -0.073926 -0.225768 0.069720 0.419350 0.237550 -0.212799 0.019650 -0.068910 0.040745 -0.545596 -0.253651 0.124832 0.047791 -0.000511 0.044859 0.186162 0.293835 0.030355 0.080064 -0.127039 0.032504 -0.237285 -0.311740 -0.119132 0.044516 -0.107699 -0.116902
0.220454 -0.426718 0.652536 -0.217989 0.775413 0.422495 0.669061 0.254011 1.000000 0.417552 0.023854 -0.003553 0.348370 0.053725 0.360381 0.199782 -0.021542 -0.296384 -0.222698 -0.286745 -0.129935 -0.256134 0.355221 -0.010203 0.513733 0.003147 0.324538 -0.218163 -0.016158 -0.212834 -0.095405 -0.263485 -0.167991 -0.229607 -0.034904 0.238475 -0.296953 -0.109786 0.046066 0.053225 -0.148836 -0.133841 0.115339 -0.060661 0.128272 -0.028082 0.168201 0.099623 0.248355 0.039331 0.133261 0.135889 0.300874 0.240331 -0.180791 0.123618 -0.140048 -0.331528 0.180301 -0.274852 0.090411 -0.266994 -0.406176 -0.360395 0.103563 0.099427 -0.164619 -0.066643 -0.075152 -0.151172 0.135075 -0.134650 -0.056723 -0.208624 -0.243864 -0.016375 -0.178118 0.014427 -0.224429 -0.144059 -0.169322 -0.228752 -0.065729 -0.102643 -0.297078 -0.258855 -0.097164 -0.335215 -0.207154 -0.208146 0.289556 0.493094 0.119010 0.448659 0.073557 -0.120710 -0.030877 -0.038603 -0.124637 -0.020568 -0.223572 0.174468 -0.356106 -0.166995 -0.247814 -0.085775 -0.208252 0.131837 -0.067096 0.119750 0.083281 0.093087 0.270626 -0.214142 -0.182564 -0.046698
-0.085861 -0.182297 0.368522 0.050866 0.585064 0.539046 0.462351 0.688690 0.417552 1.000000 -0.050831 0.355257 0.096824 0.450930 -0.139367 0.380485 -0.116273 -0.053359 -0.182506 -0.305953 0.091827 0.061992 0.045360 0.218230 0.290937 0.195654 0.097176 -0.063281 -0.068758 0.031488 0.149668 0.229723 -0.103224 0.074728 0.073378 0.295011 -0.249858 -0.194291 -0.295585 -0.064460 -0.004456 -0.103070 -0.184870 -0.206000 0.095188 0.023464 -0.146290 -0.068886 -0.030090 0.025441 0.048202 -0.096115 0.097755 -0.005027 -0.286532 -0.088053 0.067798 -0.200822 -0.121128 -0.143431 -0.224967 -0.065593 -0.174767 -0.309973 0.143625 0.372746 -0.079250 0.088837 -0.063238 -0.074363 -0.048903 0.147105 -0.004508 -0.061814 -0.161336 0.015725 -0.176960 -0.005135 -0.157164 -0.122438 -0.292673 -0.098793 -0.215234 0.055030 -0.112327 -0.402388 -0.033091 -0.341766 0.007343 -0.200870 -0.026416 -0.011133 0.075762 0.000149 -0.022212 -0.105715 0.007029 -0.013558 -0.307411 -0.227953 -0.009267 0.104382 -0.049060 -0.029464 0.119118 0.153783 -0.005544 -0.099313 -0.151069 0.087710 -0.034324 -0.210746 0.051271 -0.118408 0.033912 -0.210730
0.260268 -0.057184 0.023566 -0.167319 -0.117076 -0.339177 0.257552 0.020317 0.023854 -0.050831 1.000000 0.196686 0.499896 0.220947 0.336702 0.114321 0.367889 0.029830 0.371430 0.286792 -0.070042 -0.264957 0.105959 -0.280098 -0.330937 -0.540443 -0.187198 -0.343064 0.516612 0.209419 0.254387 0.174736 0.196260 0.208012 -0.358939 -0.257255 0.033367 -0.238981 -0.133938 -0.309284 0.071415 0.019660 0.110796 0.028614 -0.101118 -0.301794 0.252800 0.154051 -0.250578 0.055559 -0.334010 -0.141868 0.050527 0.300418 -0.210932 0.012853 -0.170075 -0.362589 0.083048 -0.028886 0.213505 0.174602 -0.021130 0.029431 0.207299 -0.172025 -0.157984 -0.338719 -0.137296 -0.190601 0.209049 0.066466 0.366693 0.098912 0.229975 0.256643 0.248692 -0.023958 -0.089895 -0.013764 0.119278 -0.056829 0.336318 0.266612 0.047237 -0.154159 -0.079681 -0.005279 -0.262531 -0.237269 0.086235 0.140035 -0.136214 0.102194 -0.066922 -0.216253 -0.050729 -0.173249 0.082067 0.125438 0.062687 -0.104783 -0.144998 -0.062882 0.063655 0.056929 -0.139158 -0.087172 0.069342 0.074881 -0.010452 0.049661 0.020840 0.017701 -0.192388 -0.008337
-0.209065 -0.014702 0.236786 0.229703 -0.067906 0.113429 0.218947 0.507643 -0.003553 0.355257 0.196686 1.000000 0.181782 0.338227 -0.113139 0.471553 -0.098767 0.080697 -0.019360 0.045132 0.059319 -0.028136 -0.085496 0.251165 -0.147559 -0.024302 -0.205738 0.079629 0.111318 0.159430 0.182721 0.291337 -0.266729 -0.033589 0.279486 0.115985 -0.103568 0.106984 -0.122694 0.074013 -0.143617 -0.188136 -0.006655 0.167321 0.102116 0.043557 0.053482 0.140995 -0.147959 -0.061646 0.121199 0.051626 -0.133464 0.011142 -0.028784 0.046360 -0.180722 -0.399762 -0.265317 -0.505682 -0.270720 -0.150449 -0.261213 -0.412607 0.104484 0.349127 -0.379623 -0.018786 -0.296968 -0.085476 -0.097933 0.251218 0.040442 0.038521 0.000549 0.216313 0.091481 0.071397 -0.104086 -0.144505 -0.188521 -0.246823 -0.185671 0.234524 0.228539 0.093691 -0.101310 -0.193651 0.032663 0.051691 -0.098660 -0.007521 0.245230 0.131659 -0.180516 -0.073572 0.183856 -0.007337 -0.079613 -0.212932 0.085809 -0.112909 -0.209196 -0.225903 -0.035761 0.075346 -0.149381 -0.310274 -0.022492 0.027852 -0.023285 -0.288773 -0.057888 0.063612 -0.317034 -0.095728
0.392814 -0.043355 0.412407 -0.341623 0.130704 -0.228264 0.674528 0.130825 0.348370 0.096824 0.499896 0.181782 1.000000 0.545758 0.313093 0.241486 0.603992 0.077574 0.193232 0.211233 0.059102 -0.356112 -0.099932 -0.453567 -0.123384 -0.589450 -0.351368 -0.504418 0.649235 0.237706 0.102649 -0.021321 0.225080 0.197124 -0.322162 -0.247557 0.097012 -0.208938 -0.121599 -0.338022 0.083115 -0.100828 0.100507 -0.097272 -0.071161 -0.336884 0.162672 -0.037625 0.080426 0.021584 -0.244552 -0.156818 0.390002 0.188080 -0.109274 -0.088009 -0.275785 -0.306969 0.161832 -0.111543 0.442013 0.193952 -0.256998 0.093811 -0.107405 -0.311130 -0.007521 -0.199863 -0.204544 -0.218669 0.220856 0.076468 0.469623 -0.021223 0.111639 0.076908 -0.006951 0.021749 -0.064325 0.058245 0.142785 0.044774 -0.043258 0.100474 -0.058130 -0.230860 -0.152886 -0.179625 -0.467167 -0.511235 0.229954 0.211347 -0.285550 0.145325 -0.160864 -0.408454 -0.100056 -0.276355 -0.035861 -0.153466 -0.016583 0.160851 -0.148222 -0.143705 -0.064152 -0.094932 -0.196706 0.056867 -0.254607 0.007100 -0.090040 -0.203236 -0.101621 -0.084084 -0.140376 -0.174255
0.159300 0.227635 0.034086 -0.047086 0.028081 -0.211158 0.424822 0.539850 0.053725 0.450930 0.220947 0.338227 0.545758 1.000000 -0.153320 0.256363 0.455799 0.339691 0.071176 0.170245 0.050705 -0.186337 -0.504755 -0.304561 -0.195354 -0.296516 -0.539165 -0.326149 0.404674 0.394034 0.227040 0.334380 0.180343 0.439545 -0.364558 -0.296662 -0.025602 -0.247851 -0.423254 -0.405035 0.132505 -0.127038 -0.320273 -0.346018 -0.215825 -0.324302 -0.198285 -0.308190 -0.215360 -0.155095 -0.306640 -0.433722 0.299115 0.045904 -0.391688 -0.322435 -0.144691 -0.194732 0.012093 0.131204 0.228465 0.367846 0.140091 0.225911 -0.113398 -0.141836 0.148316 -0.030617 0.031228 -0.061444 -0.071713 0.255971 0.461199 0.076596 0.109105 0.155267 0.018385 0.051888 0.046674 0.141658 0.081334 0.191574 -0.189045 0.172100 -0.065883 -0.231897 -0.160010 -0.119154 -0.375109 -0.369652 -0.022101 -0.170420 -0.092534 -0.180065 -0.202938 -0.255162 -0.168685 -0.177420 -0.190599 -0.214982 0.284172 0.071271 0.285968 0.222538 0.319787 0.179820 0.097177 -0.005939 -0.147721 0.103227 -0.253780 -0.225969 -0.294632 0.020000 -0.025749 -0.326139
0.313849 -0.370589 0.381547 -0.087267 0.089736 0.146701 0.441680 -0.017545 0.360381 -0.139367 0.336702 -0.113139 0.313093 -0.153320 1.000000 0.230103 -0.066114 -0.397981 0.270280 0.085533 0.127109 -0.141484 0.503178 0.061387 -0.058976 -0.016378 0.084795 0.092752 0.157389 -0.166369 0.209671 -0.011053 -0.215337 -0.290399 -0.234906 0.037083 -0.008767 -0.176344 0.243878 -0.099150 0.072806 -0.002585 0.111178 0.038207 -0.113504 -0.098032 0.117802 -0.040990 0.038496 0.036296 -0.054928 -0.013183 0.048329 0.112638 -0.049455 -0.063850 0.098765 -0.238509 0.155765 -0.172960 0.221746 -0.348918 -0.220736 -0.342702 0.153694 -0.097973 -0.346149 -0.383064 -0.000885 -0.112466 0.448277 -0.040768 -0.054164 -0.034801 0.000934 -0.001978 -0.024409 -0.182312 -0.225004 -0.208943 0.039200 -0.249071 0.634508 0.104899 0.117665 -0.041637 0.025261 -0.083493 0.116809 0.015310 0.206123 0.414855 0.107509 0.526063 -0.103917 -0.310422 -0.278996 -0.214325 -0.241857 -0.053415 -0.043901 0.013522 -0.243345 -0.044817 -0.192368 -0.115607 -0.044264 0.212185 -0.238393 -0.130227 -0.084520 -0.002199 -0.023254 -0.108949 -0.112616 -0.081310
0.127412 -0.285984 0.192477 -0.080725 0.081890 0.316932 0.295339 0.271504 0.199782 0.380485 0.114321 0.471553 0.241486 0.256363 0.230103 1.000000 0.172325 0.154846 0.184637 0.076152 0.240636 -0.010926 -0.049467 0.071164 -0.131895 -0.009382 -0.078710 0.122068 0.348139 0.317317 0.203688 0.315046 0.056756 0.123155 0.089982 0.174193 0.176772 0.118012 0.166088 0.135834 0.237425 0.219188 0.127338 -0.045789 0.080643 -0.083286 0.046465 -0.107096 -0.201268 -0.126402 0.025358 -0.118834 -0.119997 0.001699 -0.090159 -0.190470 0.145718 -0.251646 -0.029713 -0.409126 0.025621 -0.082429 0.040824 -0.236773 0.157937 0.298071 -0.332174 -0.339071 -0.223281 -0.008805 0.219676 0.483605 0.310406 0.236598 0.278607 0.408545 0.246134 0.135516 0.176088 -0.068993 0.103751 -0.048868 0.016283 0.480227 0.013376 -0.112177 -0.129824 -0.163870 -0.033062 0.060099 -0.114991 -0.027741 -0.038762 -0.046033 -0.309938 -0.285783 -0.152293 -0.274840 -0.260793 -0.376167 -0.132928 -0.104953 -0.322427 -0.264961 -0.302529 -0.240283 -0.030197 -0.283718 -0.200578 -0.004754 -0.198335 -0.391998 -0.191491 -0.206034 -0.285054 -0.220795
0.287951 0.101229 -0.153123 -0.401432 -0.117258 -0.460077 0.091820 -0.093682 -0.021542 -0.116273 0.367889 -0.098767 0.603992 0.455799 -0.066114 0.172325 1.000000 0.595706 0.297302 0.324389 -0.006934 -0.263971 -0.473440 -0.540676 -0.286065 -0.555810 -0.420156 -0.505181 0.762159 0.540038 0.113380 0.094573 0.598907 0.593985 -0.386510 -0.344632 0.440402 0.085676 -0.227713 -0.276010 0.323773 0.168728 0.074838 -0.055275 -0.146757 -0.466997 0.184072 -0.079219 -0.153268 -0.030970 -0.371915 -0.312973 0.251082 0.208775 -0.185394 -0.052865 -0.086582 0.018947 0.070733 0.108053 0.416729 0.472532 0.227421 0.601706 -0.187393 -0.416774 0.070728 -0.324003 -0.174830 -0.101731 0.112287 0.270895 0.722001 0.347251 0.484266 0.388762 0.301422 0.236727 0.443651 0.409038 0.431594 0.480811 -0.244682 0.075425 -0.204104 -0.214459 -0.162278 -0.056209 -0.593675 -0.283399 0.046409 -0.147348 -0.514181 -0.350366 -0.225032 -0.329681 -0.104229 -0.317872 0.165248 -0.129208 -0.143132 -0.012791 -0.071215 -0.073425 -0.066700 -0.149518 -0.055807 0.016887 -0.209911 0.113938 -0.140470 -0.159592 -0.081786 -0.180227 -0.195970 -0.138371
0.045057 0.146364 -0.409216 -0.205615 -0.215221 -0.362458 -0.262638 -0.148183 -0.296384 -0.053359 0.029830 0.080697 0.077574 0.339691 -0.397981 0.154846 0.595706 1.000000 0.164714 0.218340 0.066624 0.017694 -0.474295 -0.343817 -0.215493 -0.272284 -0.243814 -0.262085 0.577664 0.792257 0.304165 0.349730 0.496944 0.609139 -0.108249 -0.272648 0.503830 0.426404 -0.135527 -0.154745 0.378497 0.334754 0.050387 -0.010894 -0.146774 -0.473754 0.159402 0.006277 -0.406610 -0.219219 -0.387822 -0.309177 -0.083264 0.326113 -0.121276 0.040134 0.019147 0.011965 -0.159992 -0.031664 0.004675 0.233752 0.415618 0.598316 -0.232862 -0.371792 -0.090054 -0.387037 -0.274109 -0.165160 -0.084517 0.446944 0.702541 0.605699 0.579807 0.496063 0.453974 0.418193 0.628525 0.686438 0.501122 0.786197 -0.381164 0.217060 -0.028564 0.142744 -0.293070 0.122694 -0.319691 0.033414 -0.195047 -0.370276 -0.435227 -0.504201 -0.056849 -0.061158 0.033567 -0.233200 0.346067 0.115477 0.020238 -0.089526 0.100922 -0.029951 -0.080675 -0.029673 -0.184198 -0.117641 0.053702 0.069747 -0.065520 0.104055 0.008023 0.017136 -0.024526 -0.033030
0.310314 0.075606 -0.046896 0.184881 -0.403737 -0.431659 -0.051826 -0.091490 -0.222698 -0.182506 0.371430 -0.019360 0.193232 0.071176 0.270280 0.184637 0.297302 0.164714 1.000000 0.693064 -0.039459 0.058637 0.000386 -0.165362 -0.327181 -0.234990 -0.303899 -0.109142 0.465873 0.236515 0.471947 0.364847 0.329509 0.282750 -0.367232 -0.248124 0.235226 -0.115131 0.036846 -0.154454 0.229471 0.224744 0.087935 0.094848 -0.108094 -0.205591 0.216641 -0.019853 -0.527341 0.008763 -0.351758 -0.149513 -0.384104 0.035615 -0.173259 -0.099122 0.107086 -0.231611 -0.147125 -0.075338 0.154081 0.157442 0.019845 0.032602 0.302642 -0.116455 -0.277407 -0.469840 0.049792 -0.092001 0.163139 0.177580 0.362343 0.309658 0.393448 0.329098 0.289819 -0.024870 0.151055 -0.050919 0.104418 0.091709 0.434080 0.357750 0.138258 -0.060587 -0.337075 -0.055894 -0.024081 -0.173652 -0.266987 -0.010460 -0.160493 0.026601 -0.130855 -0.034924 -0.059477 -0.296101 -0.074757 0.009957 0.082171 -0.090713 -0.027771 0.024260 -0.235594 -0.169808 -0.018305 0.036445 0.043919 0.084407 -0.015975 -0.190301 -0.285839 0.162540 -0.014560 0.131921
0.282137 0.400668 -0.263647 0.052888 -0.468152 -0.532482 -0.171869 -0.184738 -0.286745 -0.305953 0.286792 0.045132 0.211233 0.170245 0.085533 0.076152 0.324389 0.218340 0.693064 1.000000 -0.250873 -0.189867 -0.212083 -0.299819 -0.326161 -0.394445 -0.498625 -0.217743 0.422660 0.206418 0.147409 0.097550 0.274878 0.387097 -0.299540 -0.318170 0.200021 -0.087658 -0.000505 -0.156477 0.233570 0.023637 -0.029574 0.077387 -0.045630 -0.120510 0.135575 -0.036208 -0.310925 0.084421 -0.219136 -0.141297 -0.155667 -0.023155 -0.108579 -0.162069 0.014079 -0.067948 -0.127217 0.050302 0.159202 0.206970 0.223975 0.237241 0.082098 -0.239375 -0.144119 -0.197698 0.050077 0.008070 0.020000 0.100072 0.360441 0.137814 0.291230 0.228657 0.239693 0.031314 0.237329 -0.089730 -0.028271 0.000358 0.341794 0.230200 0.012932 -0.069455 -0.285001 -0.071910 -0.157537 -0.224173 -0.123227 -0.066330 -0.225233 -0.064504 -0.075507 -0.073504 -0.057485 -0.137992 0.110032 0.024841 0.283653 -0.230560 0.148321 0.082599 -0.039960 -0.110372 0.089072 0.017582 -0.011044 0.070765 -0.023784 -0.025089 -0.246836 0.051311 -0.028764 0.003600
-0.266960 -0.171662 0.023613 0.038523 -0.126373 0.098112 0.105790 0.087975 -0.129935 0.091827 -0.070042 0.059319 0.059102 0.050705 0.127109 0.240636 -0.006934 0.066624 -0.039459 -0.250873 1.000000 0.362217 0.089015 0.035401 -0.115402 0.144180 0.097420 0.268060 0.082807 0.302076 0.481317 0.442503 0.007153 0.093021 -0.050629 -0.038751 0.266577 0.172703 0.121466 -0.230539 0.293643 0.214404 0.151463 -0.002382 -0.011923 -0.105248 0.000547 -0.074681 -0.114181 -0.129779 0.040799 -0.086504 -0.122665 -0.006457 -0.040718 -0.170416 0.032734 0.003444 -0.182361 -0.119323 -0.191511 -0.131222 0.138482 0.017587 -0.067180 -0.046224 -0.016469 -0.162750 -0.213799 -0.102194 0.420923 0.426805 0.164762 0.419584 0.323437 0.154691 0.182672 0.156027 0.060128 0.275909 0.223535 0.176672 -0.005790 0.121851 0.319500 0.094096 0.178749 0.075665 0.117911 0.006105 -0.101880 -0.261942 -0.023452 -0.100586 -0.320454 -0.369213 -0.119124 -0.394824 -0.044966 -0.239419 0.012761 0.129281 0.064577 -0.086721 -0.003638 -0.220986 0.151174 -0.344880 -0.436178 -0.198521 -0.264986 -0.100351 -0.018059 -0.027960 -0.072796 -0.322568
-0.211279 0.079472 -0.044014 0.333605 -0.074303 0.163236 -0.170030 -0.000891 -0.256134 0.061992 -0.264957 -0.028136 -0.356112 -0.186337 -0.141484 -0.010926 -0.263971 0.017694 0.058637 -0.189867 0.362217 1.000000 -0.046469 0.323624 -0.009059 0.380254 0.313791 0.500359 -0.272459 0.051934 0.293070 0.393898 0.038748 -0.043275 0.081112 0.006175 0.010316 0.143748 0.140362 0.165269 0.084541 0.219436 0.089314 0.046872 -0.007123 -0.036406 -0.049417 0.053282 -0.219498 -0.050000 0.158532 0.038915 -0.258871 -0.089175 0.096988 0.071580 0.029785 0.114978 -0.146187 -0.019205 -0.281777 -0.235348 0.071240 -0.034680 -0.118612 0.005877 -0.051112 -0.042579 0.015627 0.024260 0.121817 0.222445 -0.170965 0.217247 0.026711 0.043513 -0.077212 0.045138 -0.178628 0.026957 -0.032703 0.113587 0.032814 0.267843 0.224958 0.263802 0.151472 0.203687 0.349586 0.295167 -0.224070 -0.283835 -0.076321 -0.178052 -0.016753 0.033366 0.162470 -0.107651 -0.051237 -0.237603 -0.060241 0.063939 0.085182 -0.070944 -0.008242 -0.012265 0.000131 -0.093589 -0.038242 -0.200376 0.108806 -0.154418 -0.165202 0.082227 0.148540 0.123141
-0.104362 -0.410920 0.447592 0.063969 0.229545 0.329141 0.266763 -0.046881 0.355221 0.045360 0.105959 -0.085496 -0.099932 -0.504755 0.503178 -0.049467 -0.473440 -0.474295 0.000386 -0.212083 0.089015 -0.046469 1.000000 0.309144 0.274217 0.193244 0.454453 0.086730 -0.214700 -0.274254 0.227661 -0.044850 -0.250544 -0.318831 0.126887 0.283183 -0.066077 -0.073731 0.298768 0.042283 -0.076008 0.187717 0.125072 0.060627 0.224650 0.151680 0.224619 0.094740 0.179665 0.136233 0.238766 0.203732 -0.198018 0.045943 0.107827 0.077772 -0.197181 -0.320124 -0.033692 -0.251106 -0.276765 -0.398394 -0.414051 -0.474732 0.423093 0.154577 -0.250923 -0.092221 -0.105619 -0.139131 0.097066 -0.250855 -0.228229 -0.077382 -0.125114 -0.068390 -0.088362 -0.170849 -0.257630 -0.294691 -0.139240 -0.323449 0.477799 -0.071906 0.124826 -0.076423 0.125149 -0.101836 0.338121 -0.076768 0.084348 0.230790 0.185121 0.440445 0.090043 -0.047255 0.065649 -0.102948 0.085941 0.045059 -0.077960 -0.009086 -0.336929 -0.163021 -0.241186 -0.028448 -0.148528 0.059022 -0.028407 -0.124889 0.080039 0.218769 0.174306 0.030681 -0.061174 0.121004
-0.227829 -0.091082 0.273951 0.686194 0.127590 0.447083 -0.077010 0.455833 -0.010203 0.218230 -0.280098 0.251165 -0.453567 -0.304561 0.061387 0.071164 -0.540676 -0.343817 -0.165362 -0.299819 0.035401 0.323624 0.309144 1.000000 0.352904 0.833190 0.360863 0.629640 -0.594572 -0.432623 0.030240 0.121726 -0.609412 -0.435669 0.374849 0.144547 -0.421715 0.062415 0.018997 0.456999 -0.352947 -0.082877 -0.319484 -0.096352 -0.272176 0.090262 -0.353506 -0.049315 -0.078296 -0.326412 0.490484 0.079473 -0.364940 -0.154847 0.055678 0.097788 -0.024666 0.028954 -0.319057 -0.269567 -0.407252 -0.422713 -0.222313 -0.541131 0.157416 0.418096 -0.257515 0.230802 0.079778 0.210753 -0.076242 -0.060573 -0.606343 -0.146947 -0.369129 -0.185679 -0.333193 -0.058650 -0.376253 -0.322404 -0.264767 -0.327520 0.124493 0.001021 0.170079 0.338540 0.107212 0.018649 0.453125 0.491242 -0.188408 0.203781 0.559215 0.391864 -0.026168 0.159666 -0.032545 0.165175 -0.460959 -0.219260 -0.070256 0.044676 -0.142312 -0.089931 -0.093703 0.126032 0.105825 0.072793 -0.037185 -0.177297 -0.098896 -0.202092 -0.025750 -0.018706 -0.018729 0.019608
-0.061741 -0.177601 0.284801 0.102427 0.692468 0.433950 0.113756 0.117259 0.513733 0.290937 -0.330937 -0.147559 -0.123384 -0.195354 -0.058976 -0.131895 -0.286065 -0.215493 -0.327181 -0.326161 -0.115402 -0.009059 0.274217 0.352904 1.000000 0.483982 0.477722 0.104336 -0.401036 -0.353677 -0.155727 -0.183583 -0.329491 -0.253099 0.229430 0.221559 -0.361574 0.077024 0.072178 0.272357 -0.234719 -0.102740 0.041657 -0.046977 0.019482 0.110828 0.014730 0.211800 0.187071 -0.111767 0.301580 0.225795 0.015417 0.158447 -0.070298 0.194429 -0.096074 0.010452 -0.130611 -0.153372 -0.196138 -0.236749 -0.220244 -0.278493 0.032690 0.118022 -0.028840 0.250386 0.004142 0.044971 -0.041280 -0.066623 -0.313120 -0.161930 -0.295063 -0.146176 -0.252939 0.149808 -0.225048 -0.091766 -0.299060 -0.141186 -0.097396 -0.085683 -0.408161 0.063696 -0.120926 -0.102237 -0.191092 -0.066558 0.116544 0.234168 0.226396 0.209473 0.225846 0.125877 0.089785 0.154307 -0.059960 0.033975 -0.200366 0.117700 -0.197842 -0.118984 -0.315630 -0.170313 -0.092603 0.178535 0.152234 0.073006 0.235613 0.203390 0.343725 -0.008293 0.070003 -0.001116
-0.266952 -0.110850 0.069758 0.591692 0.240258 0.488176 -0.215562 0.303230 0.003147 0.195654 -0.540443 -0.024302 -0.589450 -0.296516 -0.016378 -0.009382 -0.555810 -0.272284 -0.234990 -0.394445 0.144180 0.380254 0.193244 0.833190 0.483982 1.000000 0.436610 0.674946 -0.690660 -0.369862 0.024362 0.133751 -0.513702 -0.364921 0.308402 0.212468 -0.335007 0.174671 0.123301 0.441643 -0.175692 0.049825 -0.221046 -0.125058 -0.224339 0.175644 -0.299618 -0.035840 -0.068341 -0.356706 0.367980 0.024678 -0.286836 -0.128493 -0.003944 -0.004364 0.098775 0.103013 -0.228087 -0.091844 -0.392892 -0.374280 -0.074952 -0.366284 -0.003465 0.334018 -0.121437 0.233751 0.188179 0.189452 -0.062897 0.020495 -0.608039 -0.071115 -0.284345 -0.257800 -0.278167 0.044793 -0.269202 -0.139194 -0.224135 -0.176438 0.065195 0.000632 0.097589 0.295983 0.166356 0.141559 0.426989 0.473639 -0.100017 0.082813 0.558007 0.192375 0.000633 0.122057 -0.073350 0.175336 -0.383808 -0.166526 -0.036572 -0.013985 0.035464 -0.018973 -0.140365 -0.078966 0.192242 0.110879 -0.029006 -0.086979 -0.007760 -0.061648 0.033393 -0.042377 -0.002036 -0.098918
-0.128013 -0.318167 0.228140 0.147296 0.540544 0.494510 -0.043687 -0.103204 0.324538 0.097176 -0.187198 -0.205738 -0.351368 -0.539165 0.084795 -0.078710 -0.420156 -0.243814 -0.303899 -0.498625 0.097420 0.313791 0.454453 0.360863 0.477722 0.436610 1.000000 0.367585 -0.423530 -0.294756 -0.046377 -0.157235 -0.212274 -0.318295 0.267239 0.306297 -0.255227 0.128700 0.238403 0.326950 -0.128717 0.163325 0.123918 0.098322 0.015999 -0.012632 0.140151 0.292005 -0.024257 -0.104206 0.193341 0.179885 -0.144352 0.208335 0.145446 0.315467 0.053908 0.071010 -0.013669 -0.085606 -0.255537 -0.390301 -0.149941 -0.300936 0.016787 0.150022 -0.095615 -0.044608 -0.016232 -0.002409 0.133534 -0.042716 -0.386859 -0.062066 -0.231134 -0.105602 -0.187979 -0.010498 -0.251293 -0.046127 -0.037589 -0.058057 0.019710 0.072322 0.018899 0.205617 0.242071 0.196073 0.317560 0.356465 -0.096282 0.225465 0.125043 0.140159 0.149699 0.139431 0.184721 0.096801 0.032748 0.191825 -0.263633 0.156816 -0.240872 -0.231231 -0.287865 -0.167723 -0.202063 -0.016889 0.121311 0.059253 0.247583 0.385060 0.373137 -0.102921 -0.105337 0.090198
-0.288569 0.040381 -0.000812 0.459960 -0.017072 0.416835 -0.279084 0.021238 -0.218163 -0.063281 -0.343064 0.079629 -0.504418 -0.326149 0.092752 0.122068 -0.505181 -0.262085 -0.109142 -0.217743 0.268060 0.500359 0.086730 0.629640 0.104336 0.674946 0.367585 1.000000 -0.566102 -0.292278 0.080694 0.148459 -0.329688 -0.322626 0.264052 0.063865 -0.109461 0.153806 0.223531 0.333124 -0.082770 0.062281 0.013940 0.109029 -0.185448 0.139566 -0.159433 0.008505 -0.055533 -0.197608 0.377406 0.116825 -0.310206 -0.135392 0.133226 -0.071054 0.246105 0.307869 -0.310323 -0.062163 -0.407088 -0.387230 0.042004 -0.306600 -0.215973 0.086053 -0.173029 0.094387 0.144080 0.266791 0.100728 0.145405 -0.443733 0.042213 -0.123815 -0.154343 -0.109173 -0.085933 -0.202310 -0.174220 -0.138313 -0.185780 0.180857 0.211208 0.316613 0.396284 0.248333 0.273593 0.531945 0.540663 -0.084326 -0.025783 0.375388 0.051350 -0.023335 -0.021379 -0.008945 0.016027 -0.170922 -0.233568 0.016596 0.006554 0.051552 -0.140038 -0.039928 -0.127261 0.293531 -0.152962 -0.062775 -0.165741 -0.050715 -0.056291 -0.067370 0.006083 0.002642 -0.096399
0.375922 -0.110110 -0.041495 -0.437859 -0.198753 -0.443908 0.234304 -0.168168 -0.016158 -0.068758 0.516612 0.111318 0.649235 0.404674 0.157389 0.348139 0.762159 0.577664 0.465873 0.422660 0.082807 -0.272459 -0.214700 -0.594572 -0.401036 -0.690660 -0.423530 -0.566102 1.000000 0.711173 0.364279 0.284128 0.516115 0.543454 -0.317205 -0.243874 0.546238 0.051833 -0.048173 -0.431079 0.491256 0.207235 0.140346 0.020744 -0.037898 -0.483736 0.260084 -0.063723 -0.260722 -0.011296 -0.464407 -0.319180 0.095309 0.284749 -0.115535 -0.138373 -0.046528 -0.277696 0.133761 -0.103675 0.313807 0.229088 0.119447 0.367041 0.016509 -0.381500 -0.109102 -0.539814 -0.278316 -0.245859 0.210123 0.383812 0.865633 0.448898 0.565438 0.502560 0.416029 0.239629 0.373663 0.358619 0.466187 0.476528 -0.049940 0.287654 -0.056173 -0.167923 -0.284365 -0.088705 -0.413255 -0.325211 -0.038911 -0.129161 -0.551678 -0.199680 -0.146000 -0.372812 -0.105343 -0.433932 0.147505 -0.053397 0.041086 0.033895 -0.037543 -0.105702 -0.094409 -0.103464 -0.159186 -0.140406 -0.179006 0.079080 -0.129893 -0.103162 -0.098355 -0.147732 -0.100213 -0.106860
-0.074872 -0.095032 -0.305755 -0.275911 -0.209815 -0.283921 -0.021402 -0.097709 -0.212834 0.031488 0.209419 0.159430 0.237706 0.394034 -0.166369 0.317317 0.540038 0.792257 0.236515 0.206418 0.302076 0.051934 -0.274254 -0.432623 -0.353677 -0.369862 -0.294756 -0.292278 0.711173 1.000000 0.546587 0.592057 0.439468 0.623987 -0.269618 -0.164699 0.645871 0.377492 -0.027047 -0.340702 0.633032 0.421127 0.152623 -0.014341 0.010457 -0.419222 0.254626 -0.021975 -0.407225 -0.085757 -0.478294 -0.370203 -0.039806 0.320713 -0.120467 -0.097021 -0.030713 -0.179114 -0.122861 -0.116505 -0.099346 0.111020 0.283079 0.399631 -0.209034 -0.358519 -0.117355 -0.485558 -0.309485 -0.191770 0.157233 0.617940 0.819269 0.720732 0.715209 0.581893 0.549210 0.454890 0.479780 0.636218 0.451606 0.672574 -0.207348 0.364546 0.047549 -0.001275 -0.099754 0.031501 -0.245131 -0.065722 -0.060517 -0.413626 -0.407363 -0.468250 -0.154754 -0.256992 0.001516 -0.373996 0.289890 -0.062108 0.064871 -0.109522 0.079349 -0.079677 -0.017606 -0.060247 -0.105484 -0.254159 -0.076827 0.030859 -0.086102 0.047298 -0.034932 -0.116719 -0.072956 -0.132376
-0.080125 -0.162332 0.052752 0.245257 -0.155573 -0.144852 0.194489 0.184065 -0.095405 0.149668 0.254387 0.182721 0.102649 0.227040 0.209671 0.203688 0.113380 0.304165 0.471947 0.147409 0.481317 0.293070 0.227661 0.030240 -0.155727 0.024362 -0.046377 0.080694 0.364279 0.546587 1.000000 0.837536 0.140784 0.337402 -0.312733 -0.216440 0.330812 0.104347 -0.009605 -0.344553 0.486430 0.383129 -0.004506 -0.044575 -0.058020 -0.321647 0.154229 -0.087098 -0.522233 -0.177878 -0.241765 -0.347569 -0.350950 0.139496 -0.294495 -0.234804 -0.119920 -0.405951 -0.243969 -0.174127 -0.235702 -0.127484 0.014371 -0.032541 0.205900 -0.211638 -0.235512 -0.424767 -0.209493 -0.258047 0.230229 0.515175 0.459664 0.633994 0.537225 0.453776 0.347150 0.176321 0.098421 0.254236 0.170208 0.292668 0.299588 0.482721 0.156589 0.123719 -0.110939 0.020212 0.057337 -0.147072 -0.253134 -0.301889 -0.020580 -0.096059 -0.211523 -0.365143 -0.035590 -0.512867 0.004009 -0.219699 0.232723 0.017607 0.091848 -0.027477 -0.075176 -0.117058 0.058645 -0.173635 -0.257054 -0.033680 -0.112467 0.011291 -0.176361 0.016323 -0.098568 -0.131583
-0.138928 -0.093509 -0.176213 0.265886 -0.212101 -0.094207 0.045460 0.264033 -0.263485 0.229723 0.174736 0.291337 -0.021321 0.334380 -0.011053 0.315046 0.094573 0.349730 0.364847 0.097550 0.442503 0.393898 -0.044850 0.121726 -0.183583 0.133751 -0.157235 0.148459 0.284128 0.592057 0.837536 1.000000 0.118231 0.414482 -0.242472 -0.143767 0.290353 0.173351 0.013484 -0.135246 0.501236 0.396200 -0.156645 -0.205337 -0.125752 -0.320342 -0.007971 -0.155496 -0.596868 -0.278806 -0.314947 -0.435261 -0.285397 0.060948 -0.245579 -0.244194 0.042029 -0.260146 -0.190788 -0.153397 -0.216751 -0.068975 0.161121 -0.029397 0.100992 -0.044258 -0.178894 -0.360691 -0.067905 -0.081160 0.166883 0.650192 0.378516 0.598052 0.484858 0.449704 0.313615 0.252699 0.165942 0.215329 0.224637 0.313635 0.196331 0.598013 0.176281 0.152019 -0.087152 -0.009349 0.067962 0.022913 -0.254861 -0.385806 -0.002281 -0.269691 -0.225934 -0.249304 -0.053807 -0.311007 -0.169969 -0.326920 0.147817 -0.145557 0.121914 0.049638 -0.004087 0.031503 0.126322 -0.181531 -0.164996 -0.082477 -0.169125 -0.235167 -0.311848 -0.052962 -0.008025 -0.117878
0.164639 0.149024 -0.254999 -0.372069 -0.183116 -0.384410 -0.092611 -0.346406 -0.167991 -0.103224 0.196260 -0.266729 0.225080 0.180343 -0.215337 0.056756 0.598907 0.496944 0.329509 0.274878 0.007153 0.038748 -0.250544 -0.609412 -0.329491 -0.513702 -0.212274 -0.329688 0.516115 0.439468 0.140784 0.118231 1.000000 0.734748 -0.190172 -0.226863 0.527694 0.073248 -0.021957 -0.182004 0.380324 0.424750 0.153222 -0.043568 0.042390 -0.274167 0.235396 -0.053127 -0.154130 0.088106 -0.379166 -0.221344 -0.042192 0.046886 -0.084351 -0.058403 0.060273 0.125078 0.155185 0.271207 0.296913 0.479801 0.255038 0.621290 -0.076872 -0.343517 0.228544 -0.236479 -0.030661 -0.027961 -0.146530 0.137520 0.611125 0.322417 0.476399 0.303403 0.308859 0.096917 0.501370 0.253585 0.366142 0.437481 -0.060530 0.181603 -0.083909 -0.312624 -0.126518 0.026231 -0.265871 -0.330429 -0.134441 -0.392561 -0.708978 -0.604232 -0.018450 -0.148430 0.148252 -0.292226 0.384272 0.020779 -0.040889 -0.125558 0.088005 -0.086028 -0.042056 -0.143054 -0.173030 -0.041571 -0.030479 0.018316 -0.053617 -0.008833 -0.086146 -0.051953 0.102392 0.128801
0.023105 0.237573 -0.379145 -0.219774 -0.196504 -0.362514 -0.079916 -0.058577 -0.229607 0.074728 0.208012 -0.033589 0.197124 0.439545 -0.290399 0.123155 0.593985 0.609139 0.282750 0.387097 0.093021 -0.043275 -0.318831 -0.435669 -0.253099 -0.364921 -0.318295 -0.322626 0.543454 0.623987 0.337402 0.414482 0.734748 1.000000 -0.264046 -0.165316 0.414015 -0.006821 -0.262387 -0.345895 0.463629 0.338169 -0.177609 -0.244214 -0.022038 -0.334610 0.017846 -0.236852 -0.306985 -0.080536 -0.352033 -0.431550 0.071338 0.131120 -0.321956 -0.317772 0.016600 0.060258 -0.030194 0.272093 0.154667 0.523267 0.365307 0.557871 -0.050060 -0.229525 0.153232 -0.184351 -0.003214 0.081561 -0.111590 0.345120 0.667728 0.449795 0.518639 0.430322 0.320465 0.216773 0.490742 0.292907 0.334109 0.493191 -0.053334 0.307582 -0.005792 -0.232622 -0.118279 -0.074655 -0.299054 -0.326926 -0.128694 -0.505656 -0.534305 -0.593549 -0.272232 -0.341111 -0.135594 -0.397612 0.204911 -0.163069 0.112253 -0.162364 0.188553 0.065476 0.019546 -0.074583 0.082253 -0.039289 -0.196123 -0.026203 -0.280914 -0.063248 -0.193462 -0.217327 0.048122 -0.235454
-0.334075 -0.274071 0.156445 -0.034717 0.021501 0.296449 -0.189707 -0.011831 -0.034904 0.073378 -0.358939 0.279486 -0.322162 -0.364558 -0.234906 0.089982 -0.386510 -0.108249 -0.367232 -0.299540 -0.050629 0.081112 0.126887 0.374849 0.229430 0.308402 0.267239 0.264052 -0.317205 -0.269618 -0.312733 -0.242472 -0.190172 -0.264046 1.000000 0.558874 0.027082 0.220296 0.116945 0.361735 -0.225438 -0.034562 0.103053 0.239990 0.245039 0.413411 0.007805 0.204751 0.267777 0.083829 0.497878 0.407980 -0.131841 -0.049805 0.377063 0.227010 -0.080822 0.012622 -0.262688 -0.396077 -0.455977 -0.270832 -0.232755 -0.283263 0.043348 0.370645 -0.169373 0.232796 -0.300270 0.116037 -0.282868 -0.076210 -0.331263 -0.185990 -0.200184 -0.147965 -0.090781 0.033853 0.099438 -0.226445 -0.119442 -0.134548 -0.324901 -0.204362 0.137217 0.047701 0.089794 0.059238 0.393009 0.280795 -0.069224 -0.049465 0.037468 -0.061161 0.183021 0.159319 0.342378 0.201191 0.025606 -0.054264 -0.082606 -0.027216 -0.218464 -0.221583 -0.190950 0.031491 -0.219072 -0.085429 0.114984 -0.034578 0.138655 -0.076729 0.251501 0.018916 0.031696 0.207450
-0.303283 -0.412829 0.178262 -0.287715 0.318689 0.534809 0.054590 0.009125 0.238475 0.295011 -0.257255 0.115985 -0.247557 -0.296662 0.037083 0.174193 -0.344632 -0.272648 -0.248124 -0.318170 -0.038751 0.006175 0.283183 0.144547 0.221559 0.212468 0.306297 0.063865 -0.243874 -0.164699 -0.216440 -0.143767 -0.226863 -0.165316 0.558874 1.000000 -0.001832 -0.011074 0.092713 0.097500 -0.030284 0.054606 0.077314 0.109393 0.584472 0.555071 0.061452 0.102337 0.300297 0.322939 0.226707 0.251458 0.106621 -0.030512 0.219680 0.050959 0.167592 -0.078515 -0.036954 -0.241536 -0.318017 -0.258256 -0.176069 -0.428003 0.087552 0.466768 -0.200133 0.102836 -0.050597 -0.017940 0.000003 -0.083559 -0.299560 -0.084065 -0.122459 -0.023576 -0.061895 -0.060822 0.011058 -0.287043 -0.149089 -0.138106 -0.052509 -0.137002 0.085942 -0.323401 0.226388 -0.178052 0.349610 0.077853 0.243423 -0.004902 0.031669 -0.002435 0.067262 -0.028195 0.079988 0.135832 -0.038899 -0.079226 -0.250236 -0.182180 -0.316676 -0.113309 -0.225676 -0.063027 -0.069684 0.001978 0.084921 0.019121 0.239839 -0.081475 0.248995 -0.170335 -0.049055 0.041658
