1.000000 -0.134286 -0.013536 -0.064273 -0.142063 0.230824 0.077792 -0.074464 0.189736 0.120079 0.445657 -0.187864 0.190054 -0.059109 0.280402 -0.018124 0.424766 -0.277344 -0.103277 -0.073456 -0.089894 -0.157712 -0.289073 -0.280518 -0.097547 0.182144 0.117688 0.005339 0.314847 -0.258763 0.043548 -0.195987 0.445547 0.103410 0.053519 0.201945 0.022618 -0.410474 -0.084424 -0.280997 0.181536 -0.119409 0.179841 -0.080279 0.028697 -0.075872 0.185001 -0.057918 0.202695 -0.054146 0.179482 -0.175095 0.071809 -0.010663 -0.098615 -0.416356 0.565610 -0.173880 0.463716 0.261152 0.286527 -0.010048 0.314131 -0.281782 0.057791 0.027069 0.328916 -0.027668 0.391633 0.052932 0.063975 -0.181967 0.225175 -0.244173 0.196412 -0.061163 0.122532 -0.206179 0.067057 -0.268201 0.242967 -0.376280 0.028372 -0.069557 -0.100082 -0.493884 -0.137066 -0.139612 -0.188865 -0.378279 0.057373 0.235631 -0.000844 0.254407 -0.216237 -0.222964 -0.079741 -0.192379 0.178960 0.177756 -0.067329 0.268794 -0.011782 0.190092 0.158933 -0.118844 -0.020016 -0.236372 0.068205 -0.253894 -0.141495 0.170664 0.296318 0.209386 0.012933 -0.020020
-0.134286 1.000000 0.345250 0.517620 -0.054622 -0.319309 0.016053 0.567843 0.050221 0.167378 -0.253677 0.492676 -0.097363 0.556638 -0.268998 0.492249 -0.205234 0.345912 0.726459 0.827849 0.112408 0.192164 0.248440 0.383236 0.003358 -0.272801 -0.101618 0.030157 -0.089262 0.260687 -0.133052 0.162405 -0.077322 0.427024 -0.257469 -0.300071 -0.459417 -0.206538 -0.233654 -0.056055 -0.050599 0.154685 -0.670951 -0.551543 -0.531071 -0.404388 -0.713438 -0.384492 -0.412384 -0.408679 -0.576933 -0.358003 -0.315606 -0.399177 -0.142710 -0.251233 -0.184826 0.841896 -0.116676 -0.136117 -0.250240 0.479218 -0.070555 0.657311 -0.292551 -0.310161 -0.151642 -0.112215 0.412445 0.456774 -0.298691 0.209178 -0.186132 0.096568 -0.243424 -0.005347 -0.328481 -0.228944 0.038607 0.006521 0.105467 0.366990 0.287741 0.596676 0.166881 -0.028192 0.229574 0.098207 0.305280 -0.059835 -0.033829 -0.325140 -0.141044 -0.408068 -0.062026 -0.422045 -0.151326 -0.181492 -0.333601 -0.389648 0.005636 -0.231945 0.144697 0.048849 0.095879 0.018467 0.048615 0.089277 -0.441752 -0.140435 -0.311716 -0.452726 -0.436316 -0.537197 0.038078 -0.213717
-0.013536 0.345250 1.000000 0.721708 -0.065135 -0.095192 0.749976 0.607194 0.374129 0.027920 0.411150 0.489094 0.610715 0.601020 0.316994 0.321401 0.249847 0.002545 0.612960 0.345421 0.387843 0.374105 0.761063 0.658903 0.033108 0.045887 -0.025322 0.273892 0.409093 0.392863 0.500816 0.629696 -0.118483 0.252344 -0.329409 -0.414734 -0.162956 -0.574932 -0.164748 -0.444644 0.356764 0.032451 -0.392353 -0.342125 -0.427849 -0.250864 -0.520390 -0.395526 -0.390090 -0.337419 -0.486816 -0.306045 -0.288080 -0.271144 -0.240654 -0.629297 -0.336746 0.000286 -0.235582 -0.453019 -0.232913 -0.257412 -0.069131 -0.075671 -0.263932 -0.466026 -0.448439 -0.216576 -0.220790 -0.195698 0.416572 0.559618 0.369259 0.367067 0.283551 0.333598 -0.192777 -0.196192 0.173123 -0.266463 0.304148 -0.038571 0.430881 0.543218 0.214225 -0.223771 0.283005 0.082733 0.050579 -0.502724 -0.045792 -0.017853 0.218928 0.027197 -0.156042 -0.494286 -0.449900 -0.518430 -0.396530 -0.511937 0.082053 0.072629 0.159776 0.184510 0.020454 -0.078284 -0.028874 0.039816 -0.525404 -0.208910 -0.432080 -0.254591 -0.040922 -0.177523 0.179308 -0.156455
-0.064273 0.517620 0.721708 1.000000 0.018903 0.100261 0.455150 0.634259 0.220849 0.283743 0.202206 0.398399 0.375088 0.587502 0.112139 0.658960 0.104875 -0.045110 0.730942 0.473704 0.431168 0.474969 0.727628 0.760732 0.039327 -0.088808 -0.004426 0.399622 0.173771 0.147790 0.130680 0.360679 -0.246755 -0.019220 -0.288966 -0.375337 -0.286706 -0.541219 -0.190682 -0.344387 0.343727 0.067591 -0.526746 -0.387606 -0.539116 -0.268801 -0.641992 -0.428225 -0.427545 -0.377851 -0.608829 -0.289382 -0.499313 -0.372829 -0.304540 -0.386055 -0.402755 0.298089 -0.326236 -0.311581 -0.396069 -0.055589 -0.051020 0.047058 -0.240408 -0.354832 -0.398894 -0.171502 0.015150 0.151956 0.118159 0.354167 -0.017590 0.070210 -0.002735 -0.017147 -0.482087 -0.441440 0.127521 -0.344885 0.198146 -0.123368 0.530477 0.607254 0.217651 -0.009931 0.480130 0.276032 0.123249 -0.161681 0.046510 0.019745 0.239353 0.002644 -0.217001 -0.584600 -0.371364 -0.416949 -0.466729 -0.303656 0.080688 0.073251 0.226213 0.357458 0.172684 -0.059570 0.205176 -0.064525 -0.612830 -0.201541 -0.273519 -0.309528 -0.101649 -0.271280 0.198956 -0.348853
-0.142063 -0.054622 -0.065135 0.018903 1.000000 0.289507 -0.102556 0.028021 -0.008188 0.605661 -0.082106 -0.121503 -0.197482 -0.251118 0.222562 -0.052322 -0.172251 -0.098418 -0.114902 0.020836 -0.342646 -0.160450 -0.019598 0.226340 0.649500 0.105561 0.076619 -0.105839 -0.454800 0.042224 -0.251864 -0.142360 -0.026545 -0.062752 0.432024 0.280935 -0.118138 0.232171 -0.068145 0.304485 -0.304298 -0.085353 -0.261723 -0.013654 0.037665 0.048125 -0.182027 -0.219800 0.142423 0.222922 0.004054 0.259509 -0.169102 -0.034977 -0.162138 0.348308 -0.273591 -0.062195 0.026827 0.227053 0.093427 0.325725 0.224791 0.072534 0.322961 0.442353 0.323436 0.317916 0.051929 0.141295 -0.167295 -0.160504 -0.370862 -0.089594 -0.176506 -0.096004 0.036346 0.088529 0.034448 0.211439 -0.078144 0.107146 -0.211873 -0.048077 0.209803 0.458939 -0.154629 -0.031903 -0.013490 0.509961 -0.334449 -0.346093 -0.542533 -0.454087 -0.004798 0.286589 0.065182 0.295106 -0.424518 -0.134552 -0.582438 -0.539436 -0.384834 -0.296840 -0.076605 -0.077336 -0.107220 -0.005320 0.128496 0.328345 0.084346 -0.485784 -0.574953 -0.485437 0.112516 0.242709
0.230824 -0.319309 -0.095192 0.100261 0.289507 1.000000 0.078624 -0.162643 0.378131 0.492270 0.228533 -0.409724 0.138079 -0.300899 0.120572 0.223619 0.292409 -0.425180 -0.337058 -0.341407 -0.022727 -0.183747 -0.017992 0.077120 0.446696 0.361385 0.452981 0.401801 -0.073660 -0.402190 -0.095301 -0.265237 -0.060247 -0.366799 0.040989 0.201299 -0.059419 -0.103072 -0.122950 -0.024339 -0.066431 -0.052802 0.226553 0.074117 0.072819 0.160351 0.179726 0.003248 0.170201 0.116256 0.157359 0.130443 -0.061474 -0.002617 -0.188390 0.035831 0.053092 -0.300736 -0.033071 0.298868 0.093441 -0.094163 0.127213 -0.433394 0.242876 0.349676 0.141016 0.133591 -0.072741 -0.038184 0.161459 -0.221097 -0.087770 -0.345665 0.000783 -0.315976 0.042019 -0.083055 0.134163 -0.159613 0.119573 -0.459876 -0.217850 -0.317968 -0.257420 0.007264 -0.118099 -0.193971 -0.415644 0.144843 0.051292 0.154141 0.021309 0.214363 0.003606 0.031945 -0.043706 0.172939 0.000071 0.227229 -0.275903 0.027763 -0.231036 -0.013864 0.182222 -0.043910 0.160102 -0.333806 0.114437 0.050091 -0.021170 0.181144 0.189638 0.170954 0.028126 0.035951
0.077792 0.016053 0.749976 0.455150 -0.102556 0.078624 1.000000 0.391359 0.458933 -0.084663 0.630670 0.282286 0.718687 0.415615 0.358757 0.216897 0.286902 -0.075963 0.373024 0.085630 0.353386 0.303187 0.608052 0.297576 0.059648 -0.115495 0.066343 0.142733 0.564420 0.395657 0.658154 0.604887 -0.014398 0.179017 -0.301506 -0.470607 -0.080001 -0.437553 -0.137320 -0.522721 0.219425 0.022664 -0.204257 -0.178023 -0.326294 -0.302410 -0.221690 -0.267378 -0.380581 -0.257545 -0.322323 -0.123269 -0.198681 0.032459 -0.214359 -0.471832 -0.271094 -0.306486 -0.185699 -0.324186 -0.106129 -0.382413 0.016333 -0.278296 -0.257110 -0.392127 -0.356768 -0.327692 -0.435207 -0.392625 0.642582 0.578148 0.546887 0.431451 0.461002 0.432207 0.052423 -0.007855 0.156073 -0.144702 0.247087 -0.151253 0.296699 0.290810 0.027859 -0.190377 0.184565 -0.063670 -0.140214 -0.414772 -0.177692 0.160305 0.155352 0.114631 -0.186089 -0.254136 -0.346988 -0.372669 -0.245455 -0.195185 0.018252 0.110762 0.083616 0.132095 -0.050528 -0.067285 -0.039098 -0.034221 -0.249663 -0.132869 -0.295603 0.103843 0.177960 0.043186 0.088927 -0.042532
-0.074464 0.567843 0.607194 0.634259 0.028021 -0.162643 0.391359 1.000000 0.106236 0.212263 0.138389 0.766415 -0.015101 0.847838 0.064547 0.372325 -0.045279 0.359067 0.645033 0.565613 0.214827 0.425539 0.365632 0.556194 0.103923 -0.116790 0.097862 0.225648 0.100398 0.255183 0.333085 0.545317 -0.120505 0.340662 -0.199870 -0.351979 -0.391240 -0.424836 -0.418840 -0.226530 -0.050103 -0.177055 -0.635629 -0.480459 -0.600550 -0.426130 -0.589640 -0.439000 -0.472050 -0.418716 -0.611199 -0.299364 -0.378048 -0.343178 -0.296180 -0.414506 -0.445816 0.304286 -0.301281 -0.254103 -0.249604 0.214568 0.041203 0.237885 -0.149268 -0.212537 -0.302256 -0.111583 -0.012972 0.134833 0.039389 0.366793 -0.035476 0.160757 -0.157867 0.059653 -0.399611 -0.297579 0.131755 -0.148836 0.027629 0.209817 0.289813 0.509038 0.171162 -0.035290 0.139012 -0.000851 0.158602 -0.243533 -0.093143 -0.194574 0.000118 -0.217925 -0.131360 -0.441419 -0.257509 -0.270433 -0.495185 -0.347545 -0.088436 -0.179847 0.096635 0.064739 0.108410 0.000680 0.098325 0.084729 -0.442607 -0.086069 -0.339097 -0.444228 -0.258531 -0.409866 0.146754 -0.291500
0.189736 0.050221 0.374129 0.220849 -0.008188 0.378131 0.458933 0.106236 1.000000 0.123319 0.334455 -0.197460 0.469894 -0.015213 0.141029 0.201730 0.191078 -0.317687 0.062557 0.167870 0.032921 -0.164516 0.145944 0.221014 0.294308 0.162149 0.173966 0.090985 0.299758 -0.102692 0.067048 0.020758 0.204576 0.164996 -0.031348 0.072757 -0.064273 -0.349761 -0.091690 -0.279322 0.111797 0.103094 -0.064110 -0.200971 -0.069133 -0.048016 -0.121368 -0.172310 0.002324 -0.096825 0.059920 -0.103794 0.110967 -0.106759 -0.074970 -0.424553 0.130588 -0.100974 0.119425 0.092821 0.293211 0.061989 0.050707 -0.168150 0.053739 -0.031775 0.012654 0.105811 0.123952 0.074629 0.155310 0.035072 0.221938 -0.001416 0.301155 0.006270 0.081824 -0.150677 0.037463 -0.223301 0.322547 -0.235557 0.195614 0.070247 -0.081284 -0.327037 0.024266 -0.306794 -0.065989 -0.365499 0.048399 0.022406 -0.004401 0.063817 -0.053242 -0.081929 -0.242360 -0.151685 -0.095258 -0.305841 -0.058468 0.000857 -0.071401 -0.100744 -0.073963 0.051788 -0.069803 -0.064527 -0.121775 -0.302727 -0.236085 0.043204 0.090978 -0.058518 0.039460 0.146260
0.120079 0.167378 0.027920 0.283743 0.605661 0.492270 -0.084663 0.212263 0.123319 1.000000 -0.080067 -0.031780 -0.127371 -0.031295 0.024828 0.320032 -0.001889 -0.127463 0.080183 0.105224 -0.182509 -0.092440 0.004493 0.285652 0.383687 0.179683 0.188998 0.087658 -0.247304 -0.033146 -0.285734 -0.187106 -0.142283 -0.138308 0.157665 0.203938 -0.242567 -0.188733 -0.234525 0.120480 -0.143155 -0.115589 -0.337723 -0.250217 -0.069533 0.010893 -0.289154 -0.193359 0.128707 0.127745 -0.128877 0.092360 -0.280515 -0.214910 -0.184604 0.016874 -0.114384 0.123241 0.088174 0.323523 0.043558 0.395022 0.264472 0.120481 0.031492 0.286135 0.263516 0.224163 0.196525 0.298622 -0.211464 -0.219052 -0.297106 -0.201627 -0.229653 -0.264019 -0.130737 -0.188290 0.001864 -0.076919 -0.024885 -0.053608 -0.191512 0.134065 -0.130967 0.134815 -0.204558 -0.052068 -0.116028 0.337753 -0.077479 -0.059991 -0.321968 -0.200893 0.004469 0.052645 0.009382 0.109093 -0.296433 -0.021111 -0.411143 -0.168894 -0.187118 0.083498 0.173132 0.016140 0.031319 0.002629 -0.100125 0.078294 -0.064003 -0.364859 -0.327388 -0.368577 0.074204 -0.082151
0.445657 -0.253677 0.411150 0.202206 -0.082106 0.228533 0.630670 0.138389 0.334455 -0.080067 1.000000 0.011254 0.693850 0.167075 0.387595 0.057479 0.580462 -0.105888 0.045003 -0.130930 0.232166 0.103559 0.220144 -0.030350 0.029224 -0.001767 0.056548 0.085657 0.553325 0.104093 0.449443 0.235271 0.213252 0.049890 -0.120810 -0.283642 -0.128941 -0.456121 -0.222445 -0.612517 0.241047 -0.117355 0.005909 -0.143327 -0.221945 -0.294281 0.017221 -0.322473 -0.070704 -0.204270 0.002582 -0.088194 0.075491 0.199542 -0.355499 -0.473072 0.009461 -0.432268 0.028216 -0.086065 0.083152 -0.329434 0.209909 -0.455678 -0.065368 -0.095086 -0.118628 -0.235529 -0.196036 -0.327088 0.504193 0.289356 0.441193 0.052795 0.340237 0.168030 -0.003642 -0.131481 0.252815 -0.149177 0.359950 -0.325279 0.351400 0.010661 0.076697 -0.336908 0.138143 -0.051267 -0.336892 -0.449700 0.013338 0.318589 0.202573 0.374881 -0.248258 -0.241490 -0.418749 -0.303310 -0.087937 0.002906 0.058469 0.339214 0.069912 0.197283 0.059581 -0.103675 0.107611 -0.283647 -0.095516 -0.144433 -0.288841 0.224260 0.431245 0.237731 0.247714 0.077135
-0.187864 0.492676 0.489094 0.398399 -0.121503 -0.409724 0.282286 0.766415 -0.197460 -0.031780 0.011254 1.000000 -0.054627 0.797923 0.062987 0.115586 -0.139228 0.640480 0.536627 0.405184 0.058991 0.369519 0.339541 0.296080 -0.148373 -0.109139 -0.084214 0.126985 0.068456 0.495570 0.399349 0.612275 -0.106394 0.427301 -0.191189 -0.385752 -0.207719 -0.131096 -0.220143 -0.028744 -0.078951 -0.196386 -0.496824 -0.345691 -0.505207 -0.354645 -0.386696 -0.262132 -0.529218 -0.384536 -0.590679 -0.272674 -0.341317 -0.327733 -0.042177 -0.231260 -0.348088 0.288437 -0.310394 -0.503572 -0.302495 0.033731 -0.142770 0.313175 -0.176920 -0.237469 -0.452959 -0.231203 -0.220460 -0.077377 0.016277 0.468731 0.069669 0.369774 -0.094446 0.314517 -0.118307 0.121602 0.147220 0.157934 -0.160151 0.520076 0.047951 0.396169 0.171052 0.101799 -0.026435 0.149987 0.203358 -0.185709 -0.252014 -0.311234 -0.070676 -0.321111 -0.046195 -0.220540 -0.061582 -0.139895 -0.358603 -0.311337 -0.119996 -0.273421 -0.074658 -0.131922 -0.091941 -0.030335 -0.086297 0.257868 -0.189685 0.150730 -0.265637 -0.397805 -0.328952 -0.266155 0.082719 -0.213535
0.190054 -0.097363 0.610715 0.375088 -0.197482 0.138079 0.718687 -0.015101 0.469894 -0.127371 0.693850 -0.054627 1.000000 0.097302 0.370103 0.215998 0.438536 -0.293568 0.195342 -0.004631 0.367985 0.234642 0.562573 0.202438 -0.071940 0.077644 -0.065106 0.140319 0.633109 0.323343 0.392170 0.293451 0.016488 -0.007473 -0.331394 -0.384147 0.017250 -0.402226 -0.087665 -0.565752 0.557626 0.164644 -0.029942 -0.171336 -0.226056 -0.235259 -0.104784 -0.191814 -0.177631 -0.234295 -0.061425 -0.132599 0.028578 0.148742 -0.218117 -0.474859 -0.003391 -0.305808 -0.071608 -0.307689 -0.080726 -0.467805 -0.056405 -0.389103 -0.289373 -0.387251 -0.373081 -0.338997 -0.263046 -0.337985 0.633742 0.481177 0.606984 0.372162 0.599191 0.418025 0.080681 0.015545 0.182948 -0.143930 0.461039 -0.274295 0.346791 0.206017 0.053372 -0.285484 0.213922 0.103977 -0.249394 -0.459567 0.088349 0.346516 0.322738 0.350226 -0.256848 -0.279801 -0.448393 -0.503877 -0.052324 -0.211348 0.233200 0.392665 0.080944 0.294154 -0.048948 -0.129654 -0.049829 -0.204914 -0.341051 -0.328240 -0.287970 0.204743 0.348492 0.231358 0.033441 0.007271
-0.059109 0.556638 0.601020 0.587502 -0.251118 -0.300899 0.415615 0.847838 -0.015213 -0.031295 0.167075 0.797923 0.097302 1.000000 0.100080 0.429367 0.040757 0.416500 0.660490 0.474002 0.338769 0.525580 0.461843 0.418042 -0.149163 -0.218068 -0.053470 0.234515 0.223193 0.381506 0.404141 0.620669 -0.160953 0.275068 -0.308689 -0.534457 -0.260328 -0.426194 -0.326540 -0.305602 0.084906 -0.105595 -0.558486 -0.425509 -0.581852 -0.401714 -0.547969 -0.353357 -0.561136 -0.419988 -0.691319 -0.302403 -0.433636 -0.280389 -0.158934 -0.405414 -0.360052 0.331378 -0.223419 -0.329452 -0.379014 -0.028968 -0.039876 0.186923 -0.289103 -0.487668 -0.358382 -0.342294 -0.060610 0.016650 0.180823 0.501973 0.158116 0.322073 -0.011290 0.214889 -0.300828 -0.249202 0.152932 -0.119229 0.076716 0.233947 0.291545 0.533600 0.195941 -0.091457 0.275774 0.188915 0.235882 -0.342341 -0.126866 -0.116531 0.114224 -0.119103 -0.199760 -0.506436 -0.255537 -0.374383 -0.310368 -0.227539 0.137864 -0.001409 0.218852 0.256901 0.110929 -0.021542 0.050687 0.093685 -0.471599 -0.150848 -0.399736 -0.273210 -0.112576 -0.273085 0.087460 -0.336444
0.280402 -0.268998 0.316994 0.112139 0.222562 0.120572 0.358757 0.064547 0.141029 0.024828 0.387595 0.062987 0.370103 0.100080 1.000000 -0.033706 0.340645 -0.261785 -0.075218 -0.152941 0.162611 0.264800 0.218898 0.157263 -0.000900 0.212052 0.161494 0.292236 0.241430 0.087060 0.404658 0.342498 -0.049455 -0.142452 0.014654 -0.040290 0.174030 -0.227492 0.094429 -0.116323 0.185206 -0.206417 -0.080446 -0.127549 -0.126524 -0.085681 0.015902 -0.117221 -0.013517 -0.054246 -0.072522 -0.022736 0.065129 0.021186 0.035831 -0.277318 0.057012 -0.397255 0.282837 -0.041106 0.013190 -0.423637 0.027155 -0.411902 -0.041369 -0.161216 -0.022764 0.065369 -0.159075 -0.182804 0.415034 0.174053 0.279388 0.112702 0.210485 0.128935 -0.006938 -0.033300 0.257410 -0.167335 0.150724 -0.267854 0.145900 -0.034609 0.156571 -0.196847 0.107377 0.165921 0.045206 -0.251425 -0.036878 0.028623 0.064057 0.126621 -0.177291 -0.161080 -0.121570 -0.229296 -0.020270 -0.111714 0.010260 0.030790 0.084430 0.105979 0.011504 -0.216077 -0.044952 0.082095 0.026731 0.064146 -0.045056 -0.017789 0.049640 0.059989 0.075905 0.027115
-0.018124 0.492249 0.321401 0.658960 -0.052322 0.223619 0.216897 0.372325 0.201730 0.320032 0.057479 0.115586 0.215998 0.429367 -0.033706 1.000000 0.002654 -0.161830 0.531354 0.395176 0.582948 0.423968 0.449323 0.447776 0.024261 -0.194970 0.021870 0.352187 0.082831 0.069038 -0.058670 0.071489 -0.341696 -0.219027 -0.321079 -0.285401 -0.270732 -0.338747 -0.153036 -0.181281 0.327863 0.381545 -0.413319 -0.363910 -0.482411 -0.260179 -0.531090 -0.274656 -0.368013 -0.339827 -0.509401 -0.228486 -0.465611 -0.234468 -0.310808 -0.155068 -0.230663 0.371091 -0.226249 -0.173619 -0.365388 -0.031629 -0.134429 -0.052111 -0.214185 -0.346876 -0.285423 -0.249728 0.169906 0.237828 0.123608 0.206497 -0.087584 0.005724 -0.076837 -0.179379 -0.347803 -0.455768 0.046350 -0.280578 0.219840 -0.240012 0.397066 0.439334 0.146045 0.031139 0.475712 0.392732 0.084800 0.021663 0.165113 0.116777 0.263960 0.092460 -0.080084 -0.425123 -0.325475 -0.267965 -0.246691 -0.026467 0.182326 0.236738 0.330567 0.466565 0.258880 -0.051942 0.334217 -0.178743 -0.545816 -0.273362 -0.265264 -0.139702 -0.024416 -0.143474 0.057228 -0.247373
0.424766 -0.205234 0.249847 0.104875 -0.172251 0.292409 0.286902 -0.045279 0.191078 -0.001889 0.580462 -0.139228 0.438536 0.040757 0.340645 0.002654 1.000000 -0.134887 -0.154818 -0.192959 0.182688 0.044217 0.241105 0.061424 0.098990 0.273784 0.101001 0.232453 0.532938 -0.015640 0.407830 0.242035 0.042053 -0.111613 -0.186772 -0.140425 0.024221 -0.355168 -0.128870 -0.361892 0.215771 -0.092474 0.081010 -0.061726 -0.040278 -0.004955 0.043372 -0.054399 -0.086244 -0.034538 -0.036995 -0.199098 -0.070919 -0.156812 -0.192970 -0.448298 0.395773 -0.200656 -0.009700 0.004898 -0.161993 -0.427900 0.063108 -0.262195 -0.194073 -0.274483 -0.107677 -0.295212 -0.044127 -0.309359 0.475295 0.140755 0.416676 0.018246 0.321956 0.112689 0.126606 -0.143108 0.551955 -0.072539 0.542215 -0.204423 0.251537 0.086793 -0.103777 -0.414203 0.108301 -0.107151 -0.242356 -0.410858 0.128197 0.173539 0.247409 0.337401 -0.217538 -0.212623 -0.220745 -0.286129 0.329746 0.155171 0.199476 0.364904 0.168738 0.269357 0.165020 -0.084266 0.061987 -0.214732 -0.108099 -0.056160 -0.159598 0.269430 0.424170 0.231599 0.201968 -0.109109
-0.277344 0.345912 0.002545 -0.045110 -0.098418 -0.425180 -0.075963 0.359067 -0.317687 -0.127463 -0.105888 0.640480 -0.293568 0.416500 -0.261785 -0.161830 -0.134887 1.000000 0.258210 0.226936 -0.201697 -0.035522 -0.067808 -0.177947 -0.134804 -0.269602 -0.094768 -0.186872 -0.095114 0.459094 0.092275 0.208272 0.140911 0.494902 -0.067160 -0.320870 -0.258529 0.194321 -0.154525 0.024973 -0.314998 -0.093992 -0.344887 -0.169650 -0.234779 -0.313383 -0.246981 -0.321313 -0.313860 -0.183794 -0.224449 -0.086563 -0.221919 -0.160750 -0.033346 0.183578 -0.172965 0.363621 -0.162003 -0.204194 -0.062395 0.298991 0.111338 0.626181 0.003191 0.101290 -0.139971 -0.304399 -0.189114 -0.211251 -0.242734 0.196433 0.006647 0.276676 -0.161668 0.186065 0.019411 0.213132 0.083150 0.601903 -0.248468 0.784775 -0.093182 -0.015856 0.053770 0.319461 -0.071966 0.093406 0.031426 0.154877 -0.437785 -0.471967 -0.353135 -0.466816 -0.051255 0.078828 -0.086847 0.144117 -0.252306 -0.159622 -0.258198 -0.355930 -0.210767 -0.333340 -0.261649 0.014569 -0.168383 0.240668 0.029615 0.188306 -0.215020 -0.284325 -0.335561 -0.322708 0.124501 0.027816
-0.103277 0.726459 0.612960 0.730942 -0.114902 -0.337058 0.373024 0.645033 0.062557 0.080183 0.045003 0.536627 0.195342 0.660490 -0.075218 0.531354 -0.154818 0.258210 1.000000 0.701966 0.440968 0.487029 0.458665 0.421923 -0.078360 -0.348535 -0.023265 0.132772 0.187051 0.317749 0.060666 0.281889 -0.108381 0.280749 -0.311427 -0.542960 -0.435525 -0.448343 -0.190094 -0.345711 0.162384 0.112469 -0.561455 -0.378617 -0.520007 -0.425220 -0.679945 -0.478647 -0.396624 -0.365118 -0.468736 -0.224164 -0.369729 -0.220096 -0.207000 -0.303866 -0.449094 0.464996 -0.235866 -0.392542 -0.211234 0.165261 0.108063 0.402284 -0.233090 -0.365016 -0.328126 -0.312279 0.037991 0.125085 -0.050136 0.397566 0.045239 0.177023 -0.048103 0.111546 -0.453395 -0.382517 -0.069452 -0.223812 0.022911 0.134558 0.465572 0.648270 0.247565 0.027192 0.397512 0.275915 0.222454 -0.116907 -0.091102 -0.050966 0.105718 -0.181588 -0.280216 -0.590470 -0.452684 -0.510089 -0.458253 -0.365626 0.136248 -0.001980 0.229043 0.233856 0.015220 -0.087041 0.059087 -0.022983 -0.590739 -0.365640 -0.434543 -0.384320 -0.240842 -0.383133 0.047996 -0.296653
-0.073456 0.827849 0.345421 0.473704 0.020836 -0.341407 0.085630 0.565613 0.167870 0.105224 -0.130930 0.405184 -0.004631 0.474002 -0.152941 0.395176 -0.192959 0.226936 0.701966 1.000000 0.090028 0.272999 0.218626 0.386682 0.120515 -0.264167 -0.108590 -0.073306 0.039649 0.155011 -0.111788 0.165912 -0.022325 0.416973 -0.063784 -0.228279 -0.332846 -0.217116 -0.242231 -0.105049 -0.012532 0.089443 -0.599449 -0.475710 -0.485025 -0.399990 -0.624428 -0.203727 -0.306811 -0.359001 -0.417921 -0.246245 -0.133419 -0.223026 -0.160289 -0.341898 -0.168549 0.654851 -0.110525 -0.203176 -0.180210 0.407221 0.023490 0.535680 -0.249691 -0.355398 -0.202960 -0.017096 0.388670 0.507658 -0.173764 0.180541 -0.153662 0.067552 -0.138957 0.041626 -0.271142 -0.202953 -0.053263 -0.094953 0.278860 0.221819 0.461588 0.568379 0.394844 -0.119696 0.252533 0.015578 0.344503 -0.220646 0.099450 -0.201059 -0.136720 -0.397455 -0.119741 -0.426750 -0.159647 -0.345238 -0.238427 -0.492613 -0.007099 -0.234780 0.117181 0.031039 0.008717 -0.075411 0.068184 0.034839 -0.469026 -0.272361 -0.182630 -0.431110 -0.438909 -0.528811 -0.069504 -0.130464
-0.089894 0.112408 0.387843 0.431168 -0.342646 -0.022727 0.353386 0.214827 0.032921 -0.182509 0.232166 0.058991 0.367985 0.338769 0.162611 0.582948 0.182688 -0.201697 0.440968 0.090028 1.000000 0.633764 0.498262 0.296829 -0.151069 -0.109021 0.018333 0.457229 0.405366 0.185553 0.379377 0.352078 -0.449186 -0.308540 -0.549323 -0.574671 -0.142622 -0.293461 -0.084807 -0.335419 0.434203 0.406611 -0.142917 -0.173913 -0.408100 -0.298328 -0.289466 -0.165657 -0.352289 -0.364255 -0.302504 -0.298752 -0.221617 0.001119 -0.384168 -0.267780 -0.302259 -0.018006 -0.378515 -0.346220 -0.490389 -0.437689 -0.302831 -0.303478 -0.332171 -0.536739 -0.481858 -0.377108 -0.137673 -0.121520 0.523435 0.518459 0.327119 0.218959 0.179666 0.069773 -0.386979 -0.384683 0.141206 -0.361396 0.067323 -0.322800 0.481314 0.266781 0.011734 -0.125441 0.613319 0.422012 -0.011748 -0.220294 0.283443 0.290951 0.628158 0.394367 -0.059150 -0.483753 -0.576119 -0.401157 -0.155223 -0.013037 0.525840 0.539577 0.609701 0.545386 0.297252 0.083612 0.429448 -0.133012 -0.529241 -0.249474 -0.243381 0.107253 0.278961 0.149273 0.152768 -0.186610
-0.157712 0.192164 0.374105 0.474969 -0.160450 -0.183747 0.303187 0.425539 -0.164516 -0.092440 0.103559 0.369519 0.234642 0.525580 0.264800 0.423968 0.044217 -0.035522 0.487029 0.272999 0.633764 1.000000 0.502853 0.360831 -0.043029 -0.016295 0.151495 0.471851 0.375381 0.286687 0.419662 0.503998 -0.358636 -0.091933 -0.310770 -0.547503 -0.126935 -0.220014 -0.224100 -0.150326 0.404107 -0.030114 -0.333873 -0.181596 -0.473148 -0.314112 -0.331974 -0.087930 -0.510719 -0.328327 -0.437210 -0.158089 -0.335970 -0.003094 -0.246429 -0.228788 -0.346340 0.095447 -0.417001 -0.483468 -0.482914 -0.323471 -0.205318 -0.083939 -0.276453 -0.456740 -0.582408 -0.375016 -0.237430 -0.024748 0.412030 0.575519 0.191580 0.314301 0.092997 0.284128 -0.349207 -0.133644 0.181352 -0.199804 -0.017918 -0.029698 0.296452 0.546133 0.020447 0.023496 0.283952 0.311756 0.076904 -0.120794 0.075990 0.244022 0.368423 0.127826 -0.185794 -0.453671 -0.232286 -0.447792 -0.159755 0.034104 0.332382 0.269004 0.268422 0.480283 0.170481 -0.168896 0.115268 -0.274766 -0.504376 -0.210125 -0.144494 -0.011517 0.079087 -0.007293 -0.056038 -0.401949
-0.289073 0.248440 0.761063 0.727628 -0.019598 -0.017992 0.608052 0.365632 0.145944 0.004493 0.220144 0.339541 0.562573 0.461843 0.218898 0.449323 0.241105 -0.067808 0.458665 0.218626 0.498262 0.502853 1.000000 0.731356 0.070078 0.021426 -0.181782 0.413522 0.296854 0.455026 0.435735 0.631220 -0.451767 -0.121213 -0.374694 -0.481442 -0.096249 -0.309379 -0.105365 -0.251173 0.414084 0.215253 -0.406360 -0.254745 -0.443389 -0.173089 -0.488362 -0.206898 -0.537922 -0.309306 -0.565273 -0.248322 -0.408164 -0.243632 -0.273350 -0.310746 -0.366249 0.076096 -0.467535 -0.482616 -0.596918 -0.439246 -0.318264 -0.116222 -0.340214 -0.587813 -0.605070 -0.307964 -0.271186 -0.207103 0.515980 0.624106 0.275023 0.472748 0.283359 0.357983 -0.147105 -0.084185 0.262050 -0.094861 0.257343 0.006298 0.409156 0.511776 0.237542 0.076638 0.455359 0.330554 0.079646 -0.234703 -0.016951 -0.019307 0.293677 0.023116 -0.032988 -0.347914 -0.347120 -0.350370 -0.299517 -0.284617 0.122374 0.114865 0.255991 0.303930 0.060146 -0.074869 0.093552 0.040054 -0.511509 0.041138 -0.165950 -0.154432 -0.098581 -0.164127 0.208815 -0.180245
-0.280518 0.383236 0.658903 0.760732 0.226340 0.077120 0.297576 0.556194 0.221014 0.285652 -0.030350 0.296080 0.202438 0.418042 0.157263 0.447776 0.061424 -0.177947 0.421923 0.386682 0.296829 0.360831 0.731356 1.000000 0.261122 0.142497 -0.001252 0.365808 -0.028398 0.081012 0.139495 0.457097 -0.393871 -0.059639 -0.134889 -0.121714 -0.191845 -0.405328 -0.206503 -0.110999 0.220214 0.033192 -0.448183 -0.288522 -0.372609 -0.029592 -0.580713 -0.243811 -0.338576 -0.206041 -0.562005 -0.230121 -0.336722 -0.408123 -0.248865 -0.353550 -0.353565 0.187610 -0.338087 -0.224083 -0.438896 -0.076290 -0.224335 0.004186 -0.181486 -0.331953 -0.350293 0.088179 0.040584 0.185019 0.121071 0.260874 -0.148045 0.069191 -0.097058 -0.017000 -0.377804 -0.338390 0.186354 -0.318108 0.202117 -0.072143 0.351469 0.557604 0.210054 0.025779 0.339215 0.134368 0.185983 -0.170744 0.129953 -0.103210 0.195012 -0.043361 0.026924 -0.375730 -0.227708 -0.265416 -0.434590 -0.411817 0.035974 -0.048004 0.230518 0.211732 0.181521 -0.002027 0.174241 0.083316 -0.552895 -0.008544 -0.102820 -0.358079 -0.216760 -0.338553 0.204800 -0.233157
-0.097547 0.003358 0.033108 0.039327 0.649500 0.446696 0.059648 0.103923 0.294308 0.383687 0.029224 -0.148373 -0.071940 -0.149163 -0.000900 0.024261 0.098990 -0.134804 -0.078360 0.120515 -0.151069 -0.043029 0.070078 0.261122 1.000000 0.332365 0.240782 0.129218 -0.107181 -0.057249 0.014498 0.056170 0.076038 0.121257 0.315694 0.161583 -0.149371 0.156720 -0.166133 0.212669 -0.275795 0.021183 -0.226839 -0.038883 -0.108791 -0.078103 -0.219426 -0.161314 -0.134421 0.016084 -0.008958 0.070156 -0.192521 -0.141616 -0.226968 0.105539 -0.110474 0.000199 -0.237720 0.086328 0.011241 0.222745 0.140100 0.064712 0.366557 0.298207 0.086167 0.044191 0.022798 0.072486 0.026986 0.056846 -0.149443 -0.045008 0.013191 0.065269 0.147087 0.099788 0.185721 0.220185 0.102511 0.091975 -0.202687 0.097511 0.057873 0.309287 -0.180825 -0.283614 -0.052087 0.210284 -0.263846 -0.326914 -0.350744 -0.384828 -0.010758 0.172006 -0.023889 0.131784 -0.254000 -0.082414 -0.405613 -0.447400 -0.411183 -0.312485 -0.135369 -0.168139 -0.208723 -0.288298 0.078319 0.077870 -0.085479 -0.318749 -0.364275 -0.354143 0.018397 0.146680
0.182144 -0.272801 0.045887 -0.088808 0.105561 0.361385 -0.115495 -0.116790 0.162149 0.179683 -0.001767 -0.109139 0.077644 -0.218068 0.212052 -0.194970 0.273784 -0.269602 -0.348535 -0.264167 -0.109021 -0.016295 0.021426 0.142497 0.332365 1.000000 0.160776 0.537204 0.076595 -0.137430 0.080547 0.005322 0.059167 0.005901 -0.100592 0.266338 0.161209 0.056757 -0.056415 0.218451 0.306936 -0.114327 0.125865 -0.108710 0.075009 0.132774 0.210258 0.085287 0.126973 0.018513 0.163252 -0.092736 0.044356 -0.209790 -0.085930 -0.199980 0.238108 -0.258034 -0.035507 -0.060829 -0.022289 -0.134593 -0.162896 -0.228534 0.063959 0.198784 -0.119965 0.016296 -0.016978 -0.201646 0.109487 -0.018016 0.226357 -0.013823 0.182229 0.151726 0.137722 0.189567 0.132073 -0.024622 0.021254 -0.039741 -0.281163 0.014170 -0.378994 -0.055610 -0.404204 -0.093977 -0.424699 -0.146972 0.237209 0.018429 0.199269 0.186933 0.143456 0.082872 -0.096064 -0.049997 0.104516 -0.051834 -0.015538 0.127264 -0.240310 -0.096984 -0.074538 -0.074214 -0.236317 -0.152329 0.008136 -0.027359 -0.194722 -0.108719 0.065168 0.215014 0.040352 0.099620
0.117688 -0.101618 -0.025322 -0.004426 0.076619 0.452981 0.066343 0.097862 0.173966 0.188998 0.056548 -0.084214 -0.065106 -0.053470 0.161494 0.021870 0.101001 -0.094768 -0.023265 -0.108590 0.018333 0.151495 -0.181782 -0.001252 0.240782 0.160776 1.000000 0.356020 -0.046733 -0.314572 0.082287 -0.132358 -0.062946 -0.004077 -0.025331 0.082144 -0.324327 -0.222866 -0.117716 -0.015356 -0.246953 -0.406910 0.072161 -0.032203 -0.045411 -0.002069 0.037921 -0.157643 0.014951 -0.041451 0.106908 0.018481 0.083178 -0.017099 0.029520 -0.079290 -0.010658 -0.093839 -0.029350 0.097843 0.319730 -0.031677 0.263347 -0.130345 0.250483 0.285232 -0.016929 0.136333 -0.161502 -0.013625 -0.019071 -0.161818 -0.132908 -0.342647 -0.229948 -0.222724 -0.210623 -0.163284 0.147587 -0.178210 -0.186601 -0.238888 -0.188945 -0.119179 -0.386232 -0.080400 -0.193921 -0.292289 -0.199789 0.160018 0.002965 0.108367 0.055696 0.162866 -0.060014 -0.145343 -0.035233 0.093451 -0.028789 0.244386 -0.105743 -0.007421 -0.175569 0.032344 0.233011 0.001286 -0.009557 -0.272463 0.066520 -0.027716 -0.021694 0.249854 0.177305 0.170291 -0.043018 -0.116317
0.005339 0.030157 0.273892 0.399622 -0.105839 0.401801 0.142733 0.225648 0.090985 0.087658 0.085657 0.126985 0.140319 0.234515 0.292236 0.352187 0.232453 -0.186872 0.132772 -0.073306 0.457229 0.471851 0.413522 0.365808 0.129218 0.537204 0.356020 1.000000 0.086090 -0.105301 0.208440 0.203628 -0.396049 -0.279332 -0.431441 -0.236723 -0.170251 -0.238896 -0.086729 -0.009981 0.319113 -0.062567 -0.148989 -0.285731 -0.374742 -0.137507 -0.120650 -0.178049 -0.225046 -0.300531 -0.185410 -0.206304 -0.162845 -0.239814 -0.198478 -0.232461 -0.145993 -0.033282 -0.213325 -0.181500 -0.302681 -0.304472 -0.192001 -0.252303 -0.047883 -0.083735 -0.380719 -0.090313 -0.102765 -0.151439 0.239992 0.205807 0.086667 -0.054379 -0.071027 -0.066666 -0.365428 -0.223452 0.211454 -0.240150 -0.044546 -0.220141 0.103634 0.171467 -0.206918 0.040875 0.142919 0.268827 -0.227871 -0.097075 0.264860 0.070009 0.442625 0.262593 0.058206 -0.387787 -0.328354 -0.185925 -0.083035 0.024170 0.126749 0.239474 0.168031 0.247104 0.220536 -0.133193 0.176969 -0.185333 -0.289671 0.021752 -0.250527 -0.051019 0.062525 0.083632 0.138646 -0.233871
0.314847 -0.089262 0.409093 0.173771 -0.454800 -0.073660 0.564420 0.100398 0.299758 -0.247304 0.553325 0.068456 0.633109 0.223193 0.241430 0.082831 0.532938 -0.095114 0.187051 0.039649 0.405366 0.375381 0.296854 -0.028398 -0.107181 0.076595 -0.046733 0.086090 1.000000 0.213032 0.607162 0.421860 0.152503 0.152727 -0.339915 -0.410397 0.213631 -0.361295 -0.031940 -0.466268 0.514587 0.142847 -0.004143 -0.091778 -0.229345 -0.313073 0.019573 0.020634 -0.324476 -0.291767 -0.038817 -0.272451 -0.063501 0.028860 -0.130363 -0.557368 0.243889 -0.214555 -0.164183 -0.389655 -0.044270 -0.399287 0.027017 -0.194314 -0.302383 -0.483005 -0.356239 -0.549152 -0.171101 -0.313753 0.595647 0.460586 0.795676 0.329538 0.635526 0.492758 0.224513 0.036935 0.235140 -0.160915 0.413295 -0.152230 0.343330 0.269754 -0.139681 -0.493154 0.056139 -0.210451 -0.119317 -0.631265 0.086469 0.294402 0.354431 0.281790 -0.146228 -0.279776 -0.221074 -0.469382 0.226000 0.069380 0.329330 0.443014 0.166489 0.209093 -0.119034 -0.134907 -0.041091 -0.306765 -0.188394 -0.353046 -0.221089 0.313175 0.450596 0.265563 -0.046124 -0.094454
-0.258763 0.260687 0.392863 0.147790 0.042224 -0.402190 0.395657 0.255183 -0.102692 -0.033146 0.104093 0.495570 0.323343 0.381506 0.087060 0.069038 -0.015640 0.459094 0.317749 0.155011 0.185553 0.286687 0.455026 0.081012 -0.057249 -0.137430 -0.314572 -0.105301 0.213032 1.000000 0.448844 0.567233 -0.078499 0.350300 -0.343786 -0.551113 -0.189932 0.145569 -0.252759 -0.090611 0.085414 0.270773 -0.520762 -0.357778 -0.388635 -0.477515 -0.408076 -0.324623 -0.516202 -0.306870 -0.437867 -0.259003 -0.330479 -0.075278 -0.257177 -0.000023 -0.304213 0.138095 -0.229617 -0.307914 -0.388372 -0.071076 -0.192804 0.234848 -0.387796 -0.362591 -0.320881 -0.514326 -0.269318 -0.287344 0.373191 0.754975 0.454477 0.860117 0.374939 0.683979 0.201812 0.397511 0.258113 0.523211 -0.069194 0.631138 -0.070554 0.277806 -0.011111 0.257584 0.069985 0.314837 -0.052537 0.037108 -0.429933 -0.259585 -0.223316 -0.352391 -0.129841 0.115540 -0.298372 -0.076928 -0.401532 -0.289402 -0.116656 -0.148358 -0.065990 -0.013346 -0.166752 0.102137 -0.246600 0.243588 -0.261760 0.137350 -0.337228 -0.293820 -0.305219 -0.282872 0.167346 0.114451
0.043548 -0.133052 0.500816 0.130680 -0.251864 -0.095301 0.658154 0.333085 0.067048 -0.285734 0.449443 0.399349 0.392170 0.404141 0.404658 -0.058670 0.407830 0.092275 0.060666 -0.111788 0.379377 0.419662 0.435735 0.139495 0.014498 0.080547 0.082287 0.208440 0.607162 0.448844 1.000000 0.843950 -0.072896 0.213267 -0.320034 -0.422917 0.104247 -0.165768 -0.095779 -0.238084 0.151430 -0.043236 -0.141423 -0.090216 -0.305736 -0.269520 -0.094495 -0.046428 -0.531824 -0.319368 -0.369398 -0.317240 -0.195895 -0.118177 -0.183309 -0.439110 -0.079801 -0.290508 -0.306277 -0.352237 -0.319735 -0.525700 -0.256197 -0.269542 -0.292854 -0.465937 -0.445131 -0.406651 -0.445427 -0.434658 0.725258 0.689049 0.633679 0.538579 0.451756 0.551279 0.207568 0.224880 0.371688 0.058918 0.050472 0.027203 0.102319 0.176697 -0.127732 -0.238755 0.075520 -0.133892 -0.024968 -0.462469 -0.150999 -0.011424 0.215347 0.078561 -0.008338 -0.111111 -0.125821 -0.166409 -0.044086 0.019294 0.114313 0.103169 0.162284 0.036168 0.014831 -0.032260 0.001197 -0.029956 -0.053947 0.137884 -0.105866 0.194589 0.256756 0.183122 0.150621 -0.012576
-0.195987 0.162405 0.629696 0.360679 -0.142360 -0.265237 0.604887 0.545317 0.020758 -0.187106 0.235271 0.612275 0.293451 0.620669 0.342498 0.071489 0.242035 0.208272 0.281889 0.165912 0.352078 0.503998 0.631220 0.457097 0.056170 0.005322 -0.132358 0.203628 0.421860 0.567233 0.843950 1.000000 -0.159551 0.291682 -0.220126 -0.471987 0.050056 -0.167750 -0.164032 -0.148095 0.097893 0.032293 -0.399252 -0.218055 -0.436325 -0.320436 -0.363015 -0.107346 -0.647332 -0.352233 -0.625553 -0.339123 -0.326254 -0.256402 -0.133823 -0.383638 -0.231285 -0.039104 -0.331897 -0.390797 -0.490146 -0.380001 -0.297269 -0.034396 -0.363878 -0.577663 -0.466400 -0.349044 -0.354842 -0.230719 0.567872 0.763593 0.426037 0.612698 0.311002 0.551158 0.085109 0.183949 0.374027 0.089423 0.085966 0.240710 0.153852 0.411833 0.075251 -0.080622 0.198235 0.051497 0.190864 -0.405206 -0.213253 -0.186375 0.071578 -0.169954 -0.060696 -0.147237 -0.114045 -0.252686 -0.240835 -0.252602 0.070526 -0.087003 0.156456 0.061536 -0.057305 -0.053195 -0.058549 0.165057 -0.243124 0.137792 -0.182178 -0.140608 -0.058504 -0.152106 0.145815 -0.119858
0.445547 -0.077322 -0.118483 -0.246755 -0.026545 -0.060247 -0.014398 -0.120505 0.204576 -0.142283 0.213252 -0.106394 0.016488 -0.160953 -0.049455 -0.341696 0.042053 0.140911 -0.108381 -0.022325 -0.449186 -0.358636 -0.451767 -0.393871 0.076038 0.059167 -0.062946 -0.396049 0.152503 -0.078499 -0.072896 -0.159551 1.000000 0.589679 0.326862 0.187537 0.134714 0.034013 0.063279 -0.060019 -0.071696 0.003163 0.171791 0.112880 0.274405 -0.052592 0.186367 -0.164786 0.235901 0.173542 0.294531 0.071047 0.090776 0.000867 0.131343 -0.002595 0.401363 -0.090513 0.360442 0.232102 0.462365 0.308170 0.381129 0.186252 0.198427 0.338651 0.449886 -0.111722 0.181583 -0.023263 -0.263470 -0.191011 0.119833 -0.060668 0.208575 0.045120 0.301949 0.115339 -0.032006 0.189782 0.118905 0.151806 -0.196323 -0.201973 -0.083298 -0.134093 -0.282897 -0.267758 -0.157904 -0.131110 -0.389128 -0.203435 -0.433293 -0.250534 -0.276151 0.197732 0.059931 -0.074727 -0.000059 -0.166761 -0.224684 -0.243949 -0.431245 -0.349570 -0.481067 -0.213580 -0.486662 -0.132667 0.246301 -0.320335 -0.308196 -0.085998 0.085044 -0.010310 -0.083220 0.164214
0.103410 0.427024 0.252344 -0.019220 -0.062752 -0.366799 0.179017 0.340662 0.164996 -0.138308 0.049890 0.427301 -0.007473 0.275068 -0.142452 -0.219027 -0.111613 0.494902 0.280749 0.416973 -0.308540 -0.091933 -0.121213 -0.059639 0.121257 0.005901 -0.004077 -0.279332 0.152727 0.350300 0.213267 0.291682 0.589679 1.000000 0.032486 -0.094962 -0.206119 -0.021240 -0.223239 -0.119671 -0.161816 -0.015158 -0.287783 -0.241901 -0.208562 -0.362904 -0.282767 -0.314493 -0.268544 -0.255906 -0.178440 -0.214746 -0.107288 -0.200017 -0.062844 -0.264905 0.061784 0.239501 0.081671 -0.117265 0.258685 0.431544 0.212467 0.520128 -0.015042 0.054163 0.021003 -0.226427 0.088746 0.018599 -0.158968 0.269093 0.228622 0.277315 0.164691 0.419390 0.239746 0.281910 -0.003396 0.344388 -0.009396 0.543731 -0.124516 0.254255 -0.113025 -0.064618 -0.302928 -0.329260 -0.037440 -0.214378 -0.384057 -0.395321 -0.415103 -0.493936 -0.128646 -0.004200 -0.062333 -0.069793 -0.316971 -0.372955 -0.279691 -0.385147 -0.369001 -0.407426 -0.370756 -0.110587 -0.425013 0.006869 -0.046470 -0.141161 -0.415955 -0.281348 -0.228455 -0.296536 -0.031939 0.151329
0.053519 -0.257469 -0.329409 -0.288966 0.432024 0.040989 -0.301506 -0.199870 -0.031348 0.157665 -0.120810 -0.191189 -0.331394 -0.308689 0.014654 -0.321079 -0.186772 -0.067160 -0.311427 -0.063784 -0.549323 -0.310770 -0.374694 -0.134889 0.315694 -0.100592 -0.025331 -0.431441 -0.339915 -0.343786 -0.320034 -0.220126 0.326862 0.032486 1.000000 0.590137 0.291190 0.259898 0.190184 0.366153 -0.413779 -0.204931 0.199434 0.437901 0.341999 0.324433 0.184673 0.279131 0.296448 0.377786 0.279160 0.433959 0.174221 0.170298 0.350533 0.340180 0.174927 -0.088422 0.233603 0.215219 0.390382 0.218511 0.313754 0.047296 0.601310 0.448784 0.421629 0.447475 0.053602 0.248387 -0.373026 -0.391197 -0.494025 -0.318186 -0.162766 -0.189763 0.284621 0.138085 -0.137806 0.140643 -0.016581 0.012274 -0.287002 -0.232789 0.412947 0.211413 -0.270928 -0.213791 0.364942 0.217600 -0.317315 -0.193324 -0.570403 -0.378021 -0.051810 0.354163 0.476127 0.207386 0.058596 0.035888 -0.422016 -0.483924 -0.481911 -0.344229 -0.349752 -0.321149 -0.278286 -0.027864 0.441567 0.099227 0.367235 -0.164579 -0.294640 -0.204448 -0.186879 0.084748
0.201945 -0.300071 -0.414734 -0.375337 0.280935 0.201299 -0.470607 -0.351979 0.072757 0.203938 -0.283642 -0.385752 -0.384147 -0.534457 -0.040290 -0.285401 -0.140425 -0.320870 -0.542960 -0.228279 -0.574671 -0.547503 -0.481442 -0.121714 0.161583 0.266338 0.082144 -0.236723 -0.410397 -0.551113 -0.422917 -0.471987 0.187537 -0.094962 0.590137 1.000000 0.321942 0.280436 0.257716 0.501996 -0.177716 -0.062594 0.322100 0.193239 0.444962 0.478824 0.352056 0.378192 0.458410 0.283941 0.343711 0.089514 0.324593 -0.068765 0.314643 0.193140 0.337914 -0.087663 0.310738 0.299725 0.415975 0.164145 0.040951 -0.152219 0.464132 0.440513 0.408456 0.617689 0.320499 0.349937 -0.475000 -0.629821 -0.464348 -0.510828 -0.239215 -0.329188 0.245617 0.113464 -0.173417 -0.082764 -0.059499 -0.165350 -0.232792 -0.286493 0.039958 -0.048229 -0.399392 -0.316506 0.154928 0.172705 0.163011 -0.058126 -0.203440 -0.011176 0.252541 0.451148 0.501958 0.428257 0.227040 0.146418 -0.275002 -0.215263 -0.256109 -0.311266 -0.119555 -0.035405 -0.155309 0.022016 0.495106 0.144908 0.472204 0.023786 -0.038719 0.146345 0.041584 0.226703
