1.000000 0.199748 -0.012190 -0.277740 0.203659 -0.140094 0.033721 -0.299660 0.195550 -0.249439 0.343584 0.023177 0.165204 0.103839 0.159165 -0.237957 0.078655 -0.128158 0.426335 0.182623 -0.204886 -0.017836 -0.043375 -0.271075 -0.003049 -0.185974 -0.146071 -0.164322 0.425967 -0.084081 -0.227632 -0.397754 0.170711 -0.087617 -0.173601 -0.259501 0.245856 -0.146432 0.138952 -0.212446 0.302355 -0.030212 -0.087335 -0.081592 0.023138 -0.255912 -0.114729 -0.058493 0.090373 0.043561 0.006593 0.034864 0.171724 0.083752 0.137201 -0.033428 0.484698 -0.299617 0.591796 0.117882 0.345698 0.030661 0.262878 -0.181602 -0.195614 -0.428904 -0.041645 -0.364143 0.004028 -0.370605 0.144128 0.037705 0.353901 0.258478 0.221640 0.124768 0.190566 -0.196434 -0.258226 -0.351613 -0.369812 -0.322645 0.029475 0.069296 -0.173518 -0.157057 -0.146046 -0.225027 -0.117594 0.167476 -0.081143 0.020672 -0.389245 -0.033096 -0.097323 -0.007564 -0.171648 0.065221 -0.054676 0.306735 -0.032674 0.340985 0.130433 0.122009 -0.209871 -0.347666 0.090151 0.348058 -0.094421 -0.056061 -0.142499 -0.160450 -0.049190 -0.113506 -0.186982 -0.097907
0.199748 1.000000 -0.181086 0.137314 -0.027796 -0.045436 -0.170019 0.085402 -0.121853 0.128427 0.420318 0.600946 0.289833 0.466229 -0.096497 0.133374 0.190704 0.105360 0.226830 0.547433 -0.288897 -0.320909 -0.410874 -0.405556 -0.344337 -0.293006 -0.317061 -0.144357 0.130531 0.311217 -0.346379 -0.372158 0.265531 0.253213 -0.185246 -0.212991 0.016465 -0.007557 -0.231361 -0.244331 0.019115 0.252134 -0.411377 -0.482378 -0.256196 -0.303388 -0.490916 -0.322754 -0.117797 -0.280248 -0.219001 -0.158193 0.185481 -0.084315 0.060374 -0.221499 -0.048393 0.404942 -0.060477 0.077743 0.043075 0.400637 0.274988 0.184177 -0.232796 -0.087672 -0.196275 -0.214774 0.288483 0.207356 -0.043237 0.068195 0.290575 0.275103 0.098021 0.249698 -0.111338 -0.156592 -0.107400 0.063519 -0.023569 -0.050032 -0.004990 0.183292 -0.051590 0.113986 0.149375 -0.147029 -0.187667 0.089680 0.085922 0.035815 -0.086888 0.021174 0.178465 0.140478 -0.246300 0.131222 0.054618 -0.201051 0.058219 0.153671 0.050519 0.057844 -0.054689 -0.103924 -0.022743 0.092119 0.078462 0.009825 -0.211507 -0.016646 -0.087458 -0.116485 -0.000807 0.085422
-0.012190 -0.181086 1.000000 -0.229439 0.519957 0.046493 0.735234 0.014491 0.449891 -0.090474 -0.076033 -0.178086 0.116785 -0.278636 0.067066 -0.227503 -0.080674 -0.081965 0.382833 -0.192439 -0.016038 -0.102929 0.245348 0.062634 0.316412 -0.031601 -0.078206 -0.189509 -0.032433 -0.197447 0.252066 0.017058 -0.033937 -0.258554 0.042366 -0.044503 -0.092829 -0.255571 -0.102213 -0.170485 -0.122210 -0.223293 0.099448 0.035444 0.300660 0.113848 0.013914 0.016921 0.270460 0.187764 0.142254 0.045739 -0.028085 -0.015584 -0.190163 -0.210953 -0.290698 -0.074647 0.199838 -0.111794 0.272866 -0.061870 -0.133832 -0.154395 0.297485 -0.234835 0.166541 0.029610 -0.299482 -0.128098 -0.221032 -0.150302 -0.039161 -0.297206 -0.155197 -0.316248 -0.064095 -0.393857 -0.212184 -0.260446 -0.133437 -0.101371 0.066524 -0.084211 0.044762 -0.150831 -0.132701 -0.168930 0.032538 -0.132514 0.016484 0.298084 -0.166792 0.265137 -0.335493 -0.200102 -0.134181 -0.308928 -0.233061 -0.240108 -0.059973 0.280569 0.370443 -0.055818 -0.043119 -0.123133 0.072400 0.035436 0.067160 -0.213951 -0.107278 -0.199225 -0.119119 -0.138836 -0.181407 -0.174477
-0.277740 0.137314 -0.229439 1.000000 -0.403991 0.334075 -0.504418 0.496791 -0.359952 0.379450 -0.149080 0.170433 -0.180777 0.273195 -0.081331 0.563714 -0.158860 -0.151494 -0.239233 0.327315 0.151532 -0.146361 -0.311200 0.337591 -0.229560 0.311428 0.006372 0.543658 -0.581617 -0.219515 -0.253671 0.054051 -0.206943 -0.023314 -0.410775 0.096700 -0.117494 0.332252 -0.034167 0.154513 -0.137145 0.174305 -0.234263 -0.103005 -0.593649 -0.249998 -0.211629 0.085122 -0.220061 -0.456020 -0.187911 -0.320398 -0.017410 -0.196805 0.179028 0.094312 -0.161528 0.107232 -0.482735 -0.005688 -0.372159 -0.240745 0.048604 -0.274401 -0.412013 0.284026 -0.346613 0.446681 0.167092 0.284615 0.003475 0.340733 -0.384783 0.066234 -0.053784 0.275653 -0.276261 0.098992 0.077832 0.130843 0.170990 -0.172560 -0.080338 0.075640 0.034395 0.425430 0.162647 0.290749 0.120673 0.265710 0.358187 0.054374 0.626079 0.029668 0.429324 0.230006 0.230988 0.242469 0.288544 -0.062556 0.081933 -0.077902 -0.168597 0.006848 0.276580 0.102843 0.130280 -0.072503 0.118789 0.008825 0.108114 0.195456 0.108067 -0.003716 0.118827 0.082685
0.203659 -0.027796 0.519957 -0.403991 1.000000 -0.095738 0.556056 -0.123797 0.731920 -0.080815 0.157375 -0.106666 0.307803 -0.164801 0.380463 -0.248581 -0.016858 -0.178122 0.302910 -0.098796 -0.053943 0.040709 0.199854 -0.061633 0.374724 -0.159337 0.188136 -0.352736 0.396046 0.060959 0.044515 -0.120749 -0.008317 -0.295705 0.139303 -0.304295 0.034972 -0.375605 0.159575 -0.156413 0.241149 -0.085552 -0.129365 -0.267119 0.244045 -0.138970 0.029241 -0.072297 0.271637 0.194955 0.048279 0.133586 0.156751 0.013093 -0.037270 -0.081568 -0.158538 -0.084456 0.375716 0.149643 0.366567 0.160467 -0.107820 -0.066996 0.190105 -0.444383 0.231161 -0.291537 -0.181596 -0.078225 0.078158 -0.185829 0.255919 -0.056875 -0.117750 -0.343211 -0.025873 -0.325369 -0.240109 -0.349466 -0.286075 -0.229808 0.228528 0.086812 0.028926 -0.163757 -0.048105 -0.204669 0.057913 0.087723 0.081824 0.299762 -0.338003 0.262046 -0.352218 -0.386383 -0.175179 -0.382969 -0.162782 -0.089860 0.009073 0.338741 0.258212 -0.008160 -0.109622 -0.341120 0.017881 -0.041592 -0.042735 -0.192541 -0.009012 -0.215680 -0.132401 -0.133582 -0.336817 -0.174978
-0.140094 -0.045436 0.046493 0.334075 -0.095738 1.000000 -0.122381 0.365928 -0.218500 0.621594 -0.286439 -0.039961 -0.286140 -0.114700 -0.233685 0.262335 -0.099834 -0.172527 -0.061004 0.014369 0.313409 0.248299 -0.218459 0.153429 0.346759 0.565188 0.030479 0.500630 -0.186350 -0.121985 -0.198627 0.211570 -0.048340 0.074804 -0.158773 0.162007 -0.061861 0.217965 0.097815 -0.007485 0.050009 0.172185 -0.159494 -0.133266 -0.256772 -0.107172 -0.238443 -0.054612 -0.016814 -0.085773 -0.065155 -0.123352 0.085197 -0.126015 -0.044670 -0.039108 -0.061235 0.224482 -0.301215 0.053752 -0.174273 -0.214638 0.112678 -0.260910 -0.226837 0.082131 -0.077213 0.333743 0.126295 0.377538 -0.006092 0.372670 0.039618 0.019783 0.001412 0.200750 -0.080719 -0.097936 0.300077 0.094001 0.400875 0.099221 -0.002178 0.236964 -0.008922 0.151432 0.050314 0.116624 -0.080661 -0.063496 0.106977 -0.082758 0.233925 -0.202220 -0.084357 -0.196974 -0.228741 -0.169019 -0.108635 -0.310368 -0.168107 -0.095369 0.140496 -0.077868 -0.046828 -0.163367 0.133993 0.277635 -0.147024 -0.312515 -0.126367 -0.176390 0.074039 -0.241017 -0.309570 -0.007283
0.033721 -0.170019 0.735234 -0.504418 0.556056 -0.122381 1.000000 -0.261802 0.598295 -0.248831 0.181799 -0.258220 0.385993 -0.345200 0.342789 -0.275679 0.191209 0.181267 0.454089 -0.159850 -0.065014 -0.163565 0.454629 -0.104895 0.162301 -0.297606 -0.015542 -0.514560 0.294159 0.030164 0.276073 -0.055962 0.133363 0.020768 0.342123 -0.065635 -0.249715 -0.540357 -0.134896 -0.379825 -0.190825 -0.332570 0.056570 0.054553 0.454888 0.226360 -0.071542 -0.076043 0.126414 0.184061 -0.124466 -0.115772 -0.168456 -0.114874 -0.307765 -0.342981 -0.174350 0.025483 0.382601 -0.133911 0.535156 0.084922 0.026765 0.137022 0.612084 -0.349861 0.369240 -0.231754 -0.188889 -0.121978 -0.213004 -0.347007 0.136793 -0.298916 -0.156466 -0.206636 0.049308 -0.337714 -0.212173 -0.110543 -0.170564 0.092204 0.401972 0.056771 0.200126 -0.152835 0.125537 -0.055880 0.264715 -0.261396 -0.290250 0.220090 -0.381787 0.326267 -0.488564 -0.249648 -0.338431 -0.499470 -0.362996 -0.291081 -0.259774 0.268872 0.363960 -0.053367 -0.191306 -0.031148 -0.060604 0.057950 -0.140470 -0.179501 -0.096640 -0.179559 -0.103319 -0.055481 -0.265792 -0.115452
-0.299660 0.085402 0.014491 0.496791 -0.123797 0.365928 -0.261802 1.000000 -0.162995 0.618200 -0.322868 0.334911 -0.186227 0.236214 -0.402057 0.417437 -0.266762 0.064331 -0.274721 0.049285 -0.039865 -0.078460 -0.522217 -0.127583 0.001877 0.188597 -0.352245 0.218619 -0.355384 0.263441 0.033194 0.311855 -0.165435 0.080907 -0.402074 0.070924 -0.166607 0.348305 -0.317891 0.065922 -0.228488 0.230916 -0.180325 -0.157745 -0.337405 -0.130604 -0.119873 -0.143131 -0.015381 -0.273802 -0.039357 -0.002783 0.105296 0.027487 -0.112726 -0.045119 -0.331754 0.130813 -0.446292 -0.089658 -0.262277 0.078811 -0.104889 -0.142187 -0.266355 0.313997 -0.254683 0.345731 -0.131062 0.088199 -0.151736 0.346980 -0.168751 0.200503 0.000383 0.250454 -0.213403 0.081990 0.145229 0.201141 0.178852 0.034295 -0.380829 0.067711 -0.116799 0.003453 -0.112107 0.007269 -0.230673 0.003311 0.430353 -0.019789 0.511498 -0.110826 0.257311 0.206166 0.044476 0.083519 0.096082 -0.201349 0.340921 -0.200165 -0.055601 -0.245197 0.321144 0.017133 0.118223 -0.196601 0.109388 0.077081 -0.170473 0.006928 0.088069 -0.026215 0.158196 0.033485
0.195550 -0.121853 0.449891 -0.359952 0.731920 -0.218500 0.598295 -0.162995 1.000000 -0.036841 0.269931 -0.199984 0.476539 -0.011746 0.504058 -0.024314 -0.102335 -0.040549 0.339117 -0.163978 -0.158999 -0.277738 0.318102 -0.127221 0.188687 -0.199051 0.081661 -0.413380 0.303305 -0.082645 -0.024001 -0.251616 0.031498 -0.238787 0.124082 -0.099014 -0.170768 -0.409564 -0.035632 -0.230397 0.045286 -0.288825 0.012630 -0.043567 0.293108 -0.038571 0.167010 0.161113 0.245893 0.159137 -0.125690 0.049149 0.015170 -0.024212 0.041529 0.005420 -0.242280 -0.233321 0.436891 0.083515 0.466187 0.274962 -0.050720 -0.040686 0.234223 -0.288671 0.055243 -0.344813 -0.364566 -0.298096 0.154230 -0.318578 0.061987 -0.259760 -0.266580 -0.294616 0.024443 -0.353778 -0.384178 -0.315399 -0.389492 -0.320270 0.231526 -0.076097 -0.060498 -0.154471 0.126041 -0.048586 0.242354 0.232875 0.094102 0.340640 -0.119283 0.412733 -0.362855 -0.254904 -0.019280 -0.435643 -0.216590 -0.151399 0.001711 0.301441 0.268959 -0.000755 -0.108965 -0.192063 -0.061039 -0.127513 -0.070121 -0.073516 0.171686 -0.176876 -0.196579 -0.109889 -0.237884 -0.115862
-0.249439 0.128427 -0.090474 0.379450 -0.080815 0.621594 -0.248831 0.618200 -0.036841 1.000000 -0.073569 0.115812 -0.047617 0.321412 -0.169422 0.501693 -0.210744 -0.197918 -0.008608 0.082961 0.056014 0.021811 -0.381493 -0.007088 0.087386 0.250376 -0.217323 0.229714 -0.293849 -0.032674 -0.285153 0.006207 -0.118141 -0.019902 -0.257169 0.155689 -0.177875 0.062979 -0.211731 -0.020629 -0.201683 0.134831 -0.232098 -0.232288 -0.331314 -0.086922 -0.176403 -0.108239 0.000339 -0.157842 -0.164699 -0.105319 0.049543 -0.077027 -0.162353 -0.169364 -0.359867 0.226678 -0.235571 0.191654 -0.154129 0.120974 0.140124 -0.202428 -0.279776 0.160786 -0.129258 0.314455 -0.090431 0.265785 0.012936 0.256734 -0.156467 0.106388 -0.042215 0.280483 -0.161241 -0.113808 0.076580 0.092516 0.292058 -0.042026 -0.162680 0.124904 -0.156515 0.166352 0.083199 0.050812 -0.121709 0.110425 0.475038 0.106734 0.497596 0.032278 0.066759 0.060440 -0.190054 -0.081776 0.029907 -0.252244 0.238023 0.008351 0.123154 0.002693 0.296379 -0.112827 0.106969 -0.122009 0.202700 0.039720 -0.038235 0.050855 0.050598 -0.054441 0.018600 0.047163
0.343584 0.420318 -0.076033 -0.149080 0.157375 -0.286439 0.181799 -0.322868 0.269931 -0.073569 1.000000 0.264326 0.567700 0.352979 0.395553 -0.006810 0.276677 -0.088722 0.545834 0.242854 -0.102272 -0.193250 0.132313 -0.151766 -0.299136 -0.457695 -0.005567 -0.350941 0.455733 0.042517 -0.177636 -0.445528 0.125189 -0.058526 0.156560 -0.260972 -0.030916 -0.498604 -0.082933 -0.398618 0.028485 -0.025639 -0.195790 -0.201271 0.064900 -0.133648 -0.236319 -0.240960 0.057677 -0.083763 -0.188056 -0.249808 0.158535 -0.271969 0.072877 -0.406307 -0.164710 -0.046644 0.369981 0.044691 0.425420 0.151124 0.299822 -0.102239 0.063246 -0.091739 0.066525 -0.297574 -0.061475 0.022902 0.140301 -0.146734 0.283497 0.254472 0.194891 0.172275 -0.043348 -0.215272 -0.431348 -0.246690 -0.278459 -0.273864 0.333261 0.127517 0.285121 0.172317 0.344155 0.017558 0.238340 0.018036 -0.027406 0.182394 -0.178202 0.268834 -0.189430 -0.087917 -0.385830 -0.216855 -0.029164 -0.142349 0.008002 0.411565 0.065091 0.214279 -0.053295 0.019107 -0.003484 0.107573 0.042223 -0.205436 -0.007786 0.009602 -0.261185 -0.066446 -0.086037 0.058062
0.023177 0.600946 -0.178086 0.170433 -0.106666 -0.039961 -0.258220 0.334911 -0.199984 0.115812 0.264326 1.000000 0.070698 0.584300 -0.435063 0.135937 0.169550 0.239445 0.156593 0.403860 -0.263504 -0.246919 -0.586617 -0.451599 -0.362844 -0.419564 -0.468401 -0.209241 0.213686 0.492190 -0.194251 -0.154361 0.246206 0.189393 -0.196082 -0.261868 0.078900 0.112547 -0.298920 -0.117027 0.022236 0.328954 -0.061600 -0.166782 -0.051812 -0.139524 -0.114207 -0.214554 0.006806 -0.127303 -0.026440 -0.092283 0.281346 0.040540 0.008107 -0.209272 -0.149660 0.071840 -0.155512 -0.259597 -0.023890 0.202505 0.245783 -0.038455 -0.255220 0.150553 -0.021550 -0.080495 0.060072 0.128600 0.030612 0.155218 0.375319 0.394783 0.202955 0.222379 -0.057020 0.032645 0.037205 0.166567 0.039137 0.032092 -0.263365 0.202050 0.070366 0.147920 0.034358 -0.095318 -0.406857 -0.053088 0.146556 -0.043642 0.073520 -0.286271 0.205405 0.199093 -0.216230 0.081249 0.004327 -0.198136 0.122855 -0.044877 -0.156002 -0.075540 0.010831 -0.050299 -0.069191 -0.008327 0.171918 -0.045215 -0.147831 -0.074154 -0.175747 -0.011875 0.194347 0.148219
0.165204 0.289833 0.116785 -0.180777 0.307803 -0.286140 0.385993 -0.186227 0.476539 -0.047617 0.567700 0.070698 1.000000 0.269693 0.491136 0.206806 0.309528 0.019335 0.218621 0.018670 -0.207492 -0.391761 0.123632 -0.200787 -0.260910 -0.371210 -0.079556 -0.387850 0.221182 0.105886 -0.262560 -0.435971 0.157997 0.072510 0.077759 -0.171259 -0.172282 -0.373083 -0.193022 -0.323962 -0.234264 -0.026923 -0.059679 -0.165006 0.130234 -0.130687 -0.091827 -0.145833 0.274556 -0.072132 -0.192107 -0.129855 0.174626 -0.160980 0.119439 -0.227563 -0.207239 0.014759 0.341655 0.105068 0.681371 0.293467 0.184605 -0.055665 0.158925 -0.149207 0.040953 -0.366093 -0.173607 -0.050732 -0.041646 -0.180556 0.205897 -0.040173 -0.027637 0.123794 -0.065466 -0.349028 -0.448905 -0.290262 -0.342449 -0.193281 0.285485 0.112615 0.090699 -0.014729 0.406524 0.020380 0.271194 0.041189 0.114530 0.158457 -0.073807 0.412592 -0.244876 -0.219675 -0.205578 -0.437398 -0.198765 -0.300533 -0.050046 0.222105 0.022824 -0.007599 -0.030039 0.013292 -0.304344 -0.125211 -0.075459 -0.203554 -0.062359 -0.106736 -0.349044 -0.032857 -0.042514 0.059138
0.103839 0.466229 -0.278636 0.273195 -0.164801 -0.114700 -0.345200 0.236214 -0.011746 0.321412 0.352979 0.584300 0.269693 1.000000 -0.091395 0.408321 0.049989 -0.068453 0.093970 0.341817 -0.295655 -0.300892 -0.446671 -0.309034 -0.315897 -0.259409 -0.323877 -0.046212 0.025169 0.171401 -0.268310 -0.301652 0.044885 0.051393 -0.188459 -0.088071 0.086963 0.106224 -0.219382 -0.071571 -0.149834 0.198719 -0.064180 -0.156147 -0.257593 -0.176433 -0.110395 -0.092276 -0.085114 -0.332410 -0.143701 -0.272398 0.106818 -0.102450 0.067141 -0.199695 -0.051006 0.074115 -0.058194 -0.172942 -0.007627 0.193775 0.249175 -0.204470 -0.316969 0.111737 -0.271989 -0.026569 0.014187 -0.050465 0.175953 0.200126 0.139784 0.342926 0.283222 0.328995 0.021289 -0.030809 -0.159674 0.034700 -0.036151 -0.186581 -0.189592 0.025715 -0.058887 0.139408 0.039868 -0.030073 -0.154488 0.112843 0.247466 0.098107 0.285967 0.055818 0.273348 0.165203 0.007509 0.144949 0.126401 0.066754 0.215403 0.072605 -0.147933 0.067143 0.023647 -0.090970 -0.019287 -0.100258 0.225515 0.202735 -0.011598 0.180097 -0.066140 0.120061 0.273536 0.086422
0.159165 -0.096497 0.067066 -0.081331 0.380463 -0.233685 0.342789 -0.402057 0.504058 -0.169422 0.395553 -0.435063 0.491136 -0.091395 1.000000 0.123109 -0.026109 -0.216576 0.276884 -0.012810 0.092741 -0.149555 0.597252 0.193529 -0.001013 -0.101203 0.378239 -0.205751 0.242608 -0.357638 -0.052702 -0.256185 -0.160508 -0.143528 0.106250 -0.083731 -0.186090 -0.485202 0.292039 0.016981 -0.004780 -0.376278 -0.178609 -0.156528 -0.011801 -0.238732 -0.032249 0.075270 0.040129 -0.025209 -0.263765 -0.078446 -0.063079 -0.092841 0.170440 0.086779 -0.017565 -0.056804 0.448038 0.213482 0.393183 0.016842 -0.113789 -0.067577 0.164376 -0.333557 0.000312 -0.403338 -0.002542 -0.085248 0.063581 -0.276374 -0.133221 -0.348882 -0.259347 -0.130818 -0.157327 -0.217000 -0.369257 -0.351184 -0.408633 -0.375062 0.403728 -0.008645 -0.092648 -0.093608 0.089341 0.044025 0.444870 0.276112 0.071042 0.322148 -0.068528 0.506801 -0.164008 -0.110736 0.026148 -0.239019 -0.022014 0.102102 -0.007825 0.437537 0.145202 0.281858 -0.015194 -0.086483 -0.075870 -0.034930 -0.102648 -0.017072 0.167300 0.091668 -0.058708 -0.101408 -0.312890 -0.077412
-0.237957 0.133374 -0.227503 0.563714 -0.248581 0.262335 -0.275679 0.417437 -0.024314 0.501693 -0.006810 0.135937 0.206806 0.408321 0.123109 1.000000 0.059472 0.046287 -0.115732 0.112968 -0.035600 -0.349190 -0.374133 -0.070891 -0.283840 0.129954 -0.111278 0.214708 -0.311332 0.017662 -0.357148 -0.083253 -0.025403 0.116953 -0.367735 0.102639 -0.193049 0.131292 0.004676 0.120871 -0.300776 0.056087 -0.310485 -0.246403 -0.515062 -0.348144 -0.209896 -0.044865 -0.083009 -0.528919 -0.291936 -0.332363 0.082937 -0.353064 0.181787 0.092297 -0.213680 0.366231 -0.311875 -0.116292 0.022144 0.163973 0.055273 -0.189300 -0.302568 0.338853 -0.344580 0.176789 0.085919 0.190032 0.029318 0.120124 -0.170072 -0.105885 -0.052612 0.332431 -0.101126 0.017398 -0.005401 0.058227 0.170070 -0.045382 0.027745 0.311062 0.035121 0.252267 0.268704 0.368175 0.248092 0.349399 0.278852 -0.009588 0.567338 0.152692 0.185050 0.127064 0.229645 -0.077873 0.059801 -0.211896 0.185420 0.032881 -0.088778 0.002146 0.103134 -0.062510 0.115951 -0.131710 -0.060803 0.111570 0.037628 0.081945 -0.042489 -0.178255 -0.046931 0.060886
0.078655 0.190704 -0.080674 -0.158860 -0.016858 -0.099834 0.191209 -0.266762 -0.102335 -0.210744 0.276677 0.169550 0.309528 0.049989 -0.026109 0.059472 1.000000 0.424723 0.047343 0.275750 -0.012128 -0.002379 -0.141712 -0.162763 -0.432918 -0.447587 -0.210729 -0.295655 0.222170 0.372720 -0.112824 -0.116855 0.586622 0.332325 0.176561 -0.402960 -0.023206 -0.163747 -0.104550 -0.407135 -0.170580 0.278605 -0.220907 -0.250013 -0.204636 -0.298807 -0.388309 -0.459693 -0.229626 -0.411885 -0.226153 -0.500471 -0.047252 -0.488030 -0.081601 -0.461260 0.265711 0.293010 -0.033390 -0.308958 0.389014 0.193099 0.471318 0.196631 0.249474 -0.027264 0.256087 -0.069118 0.351373 0.278569 0.073012 0.082752 0.332693 0.291940 0.368029 0.361142 0.287846 0.082094 0.342375 0.163659 0.421241 0.406700 0.195698 0.437675 0.378461 0.346835 0.310844 0.158045 0.277083 -0.305527 -0.419214 -0.172461 -0.227904 0.001818 -0.197524 -0.242221 -0.305796 -0.351662 -0.035784 -0.016284 -0.353701 0.151908 -0.041713 -0.017410 -0.089534 0.052687 -0.212706 0.139461 -0.339146 -0.283303 -0.297639 -0.054349 -0.120310 0.021967 0.050212 0.137353
-0.128158 0.105360 -0.081965 -0.151494 -0.178122 -0.172527 0.181267 0.064331 -0.040549 -0.197918 -0.088722 0.239445 0.019335 -0.068453 -0.216576 0.046287 0.424723 1.000000 -0.040425 0.185699 -0.312122 -0.285509 -0.002021 -0.264470 -0.430883 -0.266870 -0.268351 -0.233099 0.042997 0.564384 0.187012 0.113219 0.354032 0.531367 0.122446 0.001818 -0.081616 0.207836 -0.259095 -0.094318 -0.293941 0.036483 -0.117852 -0.092288 -0.061155 -0.045230 -0.153918 -0.320063 -0.348767 -0.298125 -0.284110 -0.210880 -0.225548 0.009402 -0.249479 -0.129346 0.186967 0.299978 -0.280619 -0.513952 0.038187 0.264488 0.113085 0.516813 0.410216 0.245578 -0.005926 -0.107677 0.247840 0.083933 -0.088594 -0.036584 0.129867 0.095602 0.136988 0.306734 0.394152 0.270304 0.404493 0.607224 0.216337 0.531255 0.027328 0.171109 0.201158 0.068801 0.197256 0.201964 0.124631 -0.173372 -0.400552 -0.204955 -0.095962 -0.154951 0.016152 0.157904 -0.090559 -0.100040 -0.303357 -0.164988 -0.233484 -0.201575 -0.188910 -0.254546 -0.227832 0.125804 -0.194011 -0.106229 -0.251505 0.099347 -0.255388 -0.224889 -0.045897 0.095823 0.188506 0.071572
0.426335 0.226830 0.382833 -0.239233 0.302910 -0.061004 0.454089 -0.274721 0.339117 -0.008608 0.545834 0.156593 0.218621 0.093970 0.276884 -0.115732 0.047343 -0.040425 1.000000 0.321825 -0.178211 -0.351513 0.177102 -0.171970 -0.095341 -0.391090 -0.166646 -0.405949 0.357481 -0.180437 -0.058269 -0.449274 0.189763 -0.059683 0.064649 -0.022707 -0.097841 -0.557272 -0.072354 -0.248636 -0.059962 -0.459931 -0.175446 -0.122839 0.218517 0.083595 -0.237929 -0.070927 -0.040851 0.097738 -0.322986 -0.234340 -0.118557 -0.052486 -0.239895 -0.351085 -0.067828 -0.014823 0.448499 -0.070361 0.326577 0.054061 0.273288 -0.125930 0.179606 -0.352213 0.184466 -0.260509 -0.057464 -0.170098 -0.082729 -0.221499 0.134319 -0.109438 -0.083658 -0.059477 0.058128 -0.336171 -0.391456 -0.212713 -0.267477 -0.261955 0.365371 0.059732 0.029895 0.063686 0.075227 -0.161375 0.065871 0.114400 -0.032207 0.374904 -0.250357 0.286949 -0.164787 0.158629 -0.398740 -0.120494 -0.200083 -0.091264 -0.027793 0.553819 0.342399 0.352697 -0.053480 -0.213276 0.202836 0.160411 0.237388 -0.016681 0.030300 -0.072504 -0.080231 -0.079180 -0.256042 -0.129838
0.182623 0.547433 -0.192439 0.327315 -0.098796 0.014369 -0.159850 0.049285 -0.163978 0.082961 0.242854 0.403860 0.018670 0.341817 -0.012810 0.112968 0.275750 0.185699 0.321825 1.000000 -0.193040 -0.249053 -0.289081 -0.136458 -0.370031 -0.274495 -0.304794 -0.134418 0.094535 0.124584 -0.136211 -0.151982 0.358500 0.453392 -0.098894 -0.064228 -0.107667 0.013480 -0.196677 -0.261724 -0.104075 0.052930 -0.412399 -0.346997 -0.414617 -0.209836 -0.574944 -0.134125 -0.660015 -0.479379 -0.651614 -0.628527 -0.364372 -0.269897 -0.196030 -0.346840 0.303515 0.327605 -0.233704 -0.261648 -0.242086 -0.074476 0.383349 0.055251 -0.168155 -0.310460 -0.111322 0.059654 0.625246 0.260751 -0.010427 0.309690 0.081421 0.196241 -0.025367 0.174564 0.008828 -0.017002 0.119522 0.294690 0.223721 0.043642 0.102415 0.215028 -0.160996 0.219168 -0.023325 -0.139246 -0.066411 -0.003395 0.038030 0.419444 0.031419 0.256382 0.304517 0.149108 -0.248783 0.151543 0.264188 0.153820 -0.226976 0.310588 -0.037351 0.372835 0.079333 -0.011086 0.015060 0.087831 0.105308 0.039716 0.140328 0.163991 0.160872 0.110438 -0.008607 -0.025563
-0.204886 -0.288897 -0.016038 0.151532 -0.053943 0.313409 -0.065014 -0.039865 -0.158999 0.056014 -0.102272 -0.263504 -0.207492 -0.295655 0.092741 -0.035600 -0.012128 -0.312122 -0.178211 -0.193040 1.000000 0.524446 0.015573 0.214153 0.273459 0.372431 0.257779 0.357032 -0.083053 -0.305451 0.016693 0.211714 -0.218636 -0.209105 0.002200 0.016870 0.072173 -0.012967 0.433147 0.183623 0.157949 0.044711 0.127464 0.199269 -0.072053 0.019913 0.086233 0.094732 0.101031 0.074335 0.190600 0.029295 0.135660 -0.135774 0.276004 0.134707 -0.099084 -0.072190 -0.131968 0.124798 -0.139523 -0.301749 0.046894 -0.297158 -0.292008 -0.059259 -0.119344 0.065445 -0.075714 0.236702 0.272955 0.077094 -0.104142 -0.097588 -0.100508 -0.009584 -0.104273 -0.021463 0.098758 -0.088413 0.230101 0.117386 0.013264 -0.010468 -0.020533 0.001350 -0.122046 0.039253 0.025638 0.017129 -0.080351 -0.163446 -0.042731 -0.062587 -0.118285 -0.216686 0.112347 -0.091159 0.251001 0.016076 -0.008831 0.155673 0.220531 0.090855 0.303745 0.109437 0.042584 0.147576 0.030696 -0.291589 0.097520 0.273497 0.193373 0.130884 -0.092659 0.143825
-0.017836 -0.320909 -0.102929 -0.146361 0.040709 0.248299 -0.163565 -0.078460 -0.277738 0.021811 -0.193250 -0.246919 -0.391761 -0.300892 -0.149555 -0.349190 -0.002379 -0.285509 -0.351513 -0.249053 0.524446 1.000000 -0.022502 0.153700 0.376151 0.253816 0.152626 0.254473 0.173684 -0.022493 0.090841 0.389009 -0.182950 -0.191928 0.108251 -0.140346 0.349541 0.096507 0.378937 0.096668 0.490673 0.438441 0.128862 0.032869 0.026136 0.027666 0.165821 -0.138325 0.109241 0.238509 0.376634 0.162333 0.130936 0.066497 0.057586 0.037988 0.142021 -0.050111 -0.111458 0.088684 -0.189023 -0.328476 -0.025962 -0.094549 -0.151766 -0.128720 0.162063 0.139335 0.028559 0.226754 0.184860 0.215774 0.224406 0.263681 0.256532 0.010456 -0.047556 0.160182 0.351586 -0.048905 0.355431 0.246346 -0.240712 0.090404 0.017025 -0.125451 -0.388555 -0.154859 -0.235152 -0.321392 -0.118019 -0.186072 -0.230677 -0.284572 -0.134650 -0.386674 -0.126178 -0.046245 0.313169 0.275439 -0.100170 -0.015430 0.029299 0.023654 0.012986 -0.121660 0.084940 0.194870 -0.139978 -0.291774 -0.196431 0.010022 0.206127 0.060627 -0.106011 -0.107917
-0.043375 -0.410874 0.245348 -0.311200 0.199854 -0.218459 0.454629 -0.522217 0.318102 -0.381493 0.132313 -0.586617 0.123632 -0.446671 0.597252 -0.374133 -0.141712 -0.002021 0.177102 -0.289081 0.015573 -0.022502 1.000000 0.485141 0.204079 0.058236 0.538990 -0.087277 0.095533 -0.317498 0.433447 0.127398 -0.084158 -0.041262 0.435280 0.266658 -0.222616 -0.352191 0.090842 -0.011510 -0.055942 -0.451526 0.133161 0.149339 0.327721 0.204464 0.175716 0.104762 -0.006117 0.275124 -0.067436 0.131221 -0.287312 0.143256 -0.142486 0.039338 0.011591 -0.164887 0.341030 0.070888 0.171744 -0.137673 -0.303847 0.152740 0.610459 -0.066355 0.170434 -0.215370 -0.094223 -0.207062 -0.128444 -0.304232 -0.188370 -0.324535 -0.116001 -0.322308 0.084444 -0.107938 -0.212961 -0.136813 -0.337571 -0.143498 0.302858 -0.308656 0.101626 -0.091866 0.044497 0.050639 0.369157 -0.013355 -0.267462 0.094821 -0.199355 0.239191 -0.317224 -0.060807 -0.052445 -0.213779 -0.332921 -0.035689 -0.216717 -0.009816 -0.007921 0.022359 -0.217127 0.028795 -0.184268 -0.101794 -0.105249 -0.044722 0.057937 -0.196793 -0.164556 -0.056272 -0.187771 -0.147213
-0.271075 -0.405556 0.062634 0.337591 -0.061633 0.153429 -0.104895 -0.127583 -0.127221 -0.007088 -0.151766 -0.451599 -0.200787 -0.309034 0.193529 -0.070891 -0.162763 -0.264470 -0.171970 -0.136458 0.214153 0.153700 0.485141 1.000000 0.285955 0.497872 0.570291 0.437024 -0.401866 -0.408030 0.243423 0.320564 -0.278286 -0.256427 0.221567 0.281004 -0.199146 0.068774 0.122422 0.136661 0.019987 -0.012036 -0.041973 0.056227 -0.186003 0.036671 0.057942 0.158187 -0.045188 -0.030395 0.059536 -0.029994 -0.176149 -0.131984 0.039272 0.077591 -0.059334 -0.173996 -0.158549 0.123776 -0.262095 -0.419589 -0.366458 -0.183817 0.198202 0.275655 0.012333 0.427909 0.008400 0.077366 -0.022852 0.146574 -0.444244 -0.048123 -0.038772 -0.202460 0.046460 0.169115 -0.050473 -0.185311 -0.045820 -0.293962 0.251194 -0.002082 0.279369 0.446971 0.204586 0.296333 0.412209 0.167569 0.114578 0.076750 0.264249 0.115139 0.083272 -0.098748 0.155899 -0.030484 -0.012998 -0.079850 -0.098123 -0.166143 -0.173911 -0.118731 0.032240 0.040572 -0.036219 -0.126669 0.020387 -0.096917 0.240312 -0.118688 -0.167181 -0.151467 -0.117460 -0.127786
-0.003049 -0.344337 0.316412 -0.229560 0.374724 0.346759 0.162301 0.001877 0.188687 0.087386 -0.299136 -0.362844 -0.260910 -0.315897 -0.001013 -0.283840 -0.432918 -0.430883 -0.095341 -0.370031 0.273459 0.376151 0.204079 0.285955 1.000000 0.570194 0.393803 0.177117 0.153276 -0.074906 0.371155 0.425022 -0.294069 -0.242353 0.193344 0.203032 0.041422 0.100374 0.246896 0.143805 0.378638 0.069515 0.144211 0.100066 0.217004 0.163645 0.194224 0.191306 0.312043 0.363249 0.308302 0.355905 0.064532 0.113336 0.036964 0.262420 -0.018342 -0.110705 0.085433 0.193321 -0.149385 -0.261313 -0.353682 -0.186332 -0.026578 -0.195983 -0.117285 0.078831 -0.220379 -0.190333 -0.186922 0.041715 0.121284 -0.069520 -0.100491 -0.303622 -0.034704 -0.111749 -0.128386 -0.267890 -0.093264 -0.134450 0.018981 0.022013 -0.117579 -0.273135 -0.271296 -0.243842 -0.130131 0.003528 0.029234 -0.019018 -0.185913 -0.121038 -0.225914 -0.324452 0.133050 -0.182239 -0.038486 -0.133270 -0.027364 -0.102026 0.205754 -0.200436 -0.073959 -0.310086 0.035951 0.069225 0.069836 -0.173239 0.150807 -0.197090 -0.134540 -0.351507 -0.440392 -0.353448
-0.185974 -0.293006 -0.031601 0.311428 -0.159337 0.565188 -0.297606 0.188597 -0.199051 0.250376 -0.457695 -0.419564 -0.371210 -0.259409 -0.101203 0.129954 -0.447587 -0.266870 -0.391090 -0.274495 0.372431 0.253816 0.058236 0.497872 0.570194 1.000000 0.389351 0.786215 -0.389441 -0.288403 0.063889 0.424719 -0.394337 -0.110287 -0.051479 0.447859 0.062906 0.507630 0.335766 0.396847 0.139339 0.043078 -0.020975 0.090610 -0.253226 -0.015373 -0.008740 0.191934 0.083865 -0.036351 0.231755 0.183064 0.028968 0.042656 0.197779 0.393421 0.022275 0.063804 -0.362491 0.167230 -0.460313 -0.379270 -0.330928 -0.228855 -0.224170 0.263430 -0.367613 0.434697 -0.004725 0.100389 -0.045244 0.292898 -0.238042 -0.167238 -0.106735 -0.046088 -0.047316 0.053098 0.006631 -0.109759 0.089550 -0.091674 0.007566 -0.012026 0.004233 0.058215 -0.035025 0.120296 0.087192 0.201520 0.060540 -0.214644 0.210654 -0.190965 0.046433 -0.137170 0.350767 0.084246 -0.066474 -0.188861 0.033116 -0.302388 0.037204 -0.237050 -0.031955 -0.117418 0.076836 0.052558 -0.089512 -0.072818 0.118320 -0.167742 -0.014112 -0.204986 -0.269691 -0.122658
-0.146071 -0.317061 -0.078206 0.006372 0.188136 0.030479 -0.015542 -0.352245 0.081661 -0.217323 -0.005567 -0.468401 -0.079556 -0.323877 0.378239 -0.111278 -0.210729 -0.268351 -0.166646 -0.304794 0.257779 0.152626 0.538990 0.570291 0.393803 0.389351 1.000000 0.361671 -0.086438 -0.247792 0.087595 0.125958 -0.290426 -0.224728 0.210910 0.103559 0.045171 0.051578 0.478874 0.322639 0.253683 -0.033930 0.060307 0.067172 0.045273 -0.030907 0.237297 0.206213 0.119309 0.147201 0.154584 0.202745 0.038571 0.002474 0.259862 0.282590 -0.012459 -0.171301 0.047484 0.166349 -0.078656 -0.227206 -0.364919 -0.095609 0.163242 0.105146 -0.105793 -0.027495 0.012003 -0.022644 0.120415 -0.168095 -0.133201 -0.137480 -0.095682 -0.229813 0.074972 0.237402 -0.147223 -0.157300 -0.214991 -0.240483 0.261984 -0.007705 0.193555 0.160119 0.213692 0.361288 0.279347 0.230670 -0.052431 -0.111595 -0.059552 0.021065 -0.042019 -0.168909 0.183367 0.010795 -0.089638 -0.025465 -0.101313 -0.178328 -0.309588 -0.076352 -0.127395 -0.022209 -0.153167 -0.174116 -0.063865 -0.028538 0.230513 -0.056873 -0.166846 -0.080619 -0.237554 -0.068294
-0.164322 -0.144357 -0.189509 0.543658 -0.352736 0.500630 -0.514560 0.218619 -0.413380 0.229714 -0.350941 -0.209241 -0.387850 -0.046212 -0.205751 0.214708 -0.295655 -0.233099 -0.405949 -0.134418 0.357032 0.254473 -0.087277 0.437024 0.177117 0.786215 0.361671 1.000000 -0.532242 -0.333931 -0.152942 0.226967 -0.304666 -0.112909 -0.280275 0.334689 0.187504 0.580114 0.330503 0.380961 0.068585 0.198292 0.001473 0.104140 -0.353437 -0.074828 -0.005907 0.084196 -0.002547 -0.134878 0.247299 0.075955 0.097912 -0.038365 0.317093 0.284316 0.073634 0.015685 -0.461540 0.027176 -0.512956 -0.413078 -0.178911 -0.330082 -0.340515 0.391240 -0.361303 0.501136 0.073769 0.216699 0.084539 0.348279 -0.236708 -0.056816 0.052343 0.089354 -0.169105 0.076460 0.103285 -0.015713 0.231779 -0.046104 -0.195110 -0.023788 0.088596 0.292483 0.017571 0.288702 0.050809 0.203650 0.018067 -0.306704 0.240822 -0.245653 0.237359 -0.008057 0.256254 0.291927 0.036157 -0.067564 -0.076310 -0.273754 -0.235996 -0.084474 -0.023536 -0.065804 0.071612 -0.080126 -0.068952 0.033714 -0.014998 -0.123062 0.015617 -0.064377 -0.054782 -0.023626
0.425967 0.130531 -0.032433 -0.581617 0.396046 -0.186350 0.294159 -0.355384 0.303305 -0.293849 0.455733 0.213686 0.221182 0.025169 0.242608 -0.311332 0.222170 0.042997 0.357481 0.094535 -0.083053 0.173684 0.095533 -0.401866 0.153276 -0.389441 -0.086438 -0.532242 1.000000 0.373410 0.158880 -0.017155 0.270110 0.162933 0.255864 -0.262612 0.165880 -0.352333 0.105349 -0.266986 0.431412 0.101479 -0.092874 -0.178727 0.341224 -0.043867 -0.064244 -0.216348 0.113828 0.198227 -0.065951 0.010281 0.108527 0.019783 -0.037512 -0.180231 0.154587 0.001478 0.418346 -0.028271 0.346183 0.156288 0.209935 0.180609 0.095595 -0.381550 0.257576 -0.524863 -0.042428 -0.133182 0.069048 -0.130116 0.741187 0.171735 0.162948 0.025721 0.058890 -0.115587 -0.086270 -0.185316 -0.071245 0.059077 0.150386 0.281743 0.042457 -0.248009 -0.162200 -0.283873 -0.130134 -0.274156 -0.292894 0.016993 -0.596528 -0.130689 -0.356416 -0.246507 -0.359511 -0.334543 -0.084174 -0.002951 -0.189652 0.261454 0.091654 0.038686 -0.330239 -0.375442 -0.170750 0.113243 -0.164452 -0.240661 -0.128088 -0.264017 -0.214677 -0.221115 -0.380790 -0.268599
-0.084081 0.311217 -0.197447 -0.219515 0.060959 -0.121985 0.030164 0.263441 -0.082645 -0.032674 0.042517 0.492190 0.105886 0.171401 -0.357638 0.017662 0.372720 0.564384 -0.180437 0.124584 -0.305451 -0.022493 -0.317498 -0.408030 -0.074906 -0.288403 -0.247792 -0.333931 0.373410 1.000000 0.221935 0.281563 0.340892 0.462095 0.167399 -0.080876 0.071613 0.219128 -0.241074 -0.133916 -0.029047 0.428688 -0.180639 -0.273824 0.024472 -0.064652 -0.130343 -0.498344 -0.108653 -0.188007 -0.057842 -0.020279 0.069207 0.016409 -0.228701 -0.152840 0.046508 0.396834 -0.200727 -0.316633 -0.007767 0.295220 0.035830 0.447495 0.181601 0.157865 -0.026427 -0.199352 0.110111 0.021518 -0.194356 0.158790 0.574511 0.478151 0.331029 0.403360 0.226982 0.217615 0.236366 0.410343 0.227934 0.481592 -0.022348 0.423110 0.209761 -0.037882 0.123004 0.000409 -0.143382 -0.311299 -0.219161 -0.314236 -0.196605 -0.295089 -0.130690 -0.086550 -0.203023 -0.223208 -0.089235 -0.262455 -0.050302 -0.271957 -0.236259 -0.418238 -0.216377 -0.176998 -0.244047 -0.198335 -0.219551 -0.048724 -0.385916 -0.289523 -0.166787 -0.031024 0.074992 -0.040155
-0.227632 -0.346379 0.252066 -0.253671 0.044515 -0.198627 0.276073 0.033194 -0.024001 -0.285153 -0.177636 -0.194251 -0.262560 -0.268310 -0.052702 -0.357148 -0.112824 0.187012 -0.058269 -0.136211 0.016693 0.090841 0.433447 0.243423 0.371155 0.063889 0.087595 -0.152942 0.158880 0.221935 1.000000 0.700737 -0.022014 0.223188 0.393712 0.268781 -0.227498 -0.086041 -0.242674 -0.131621 -0.082636 -0.183062 0.026474 0.098727 0.205116 0.318204 0.028795 -0.114822 -0.193907 0.048225 0.006040 0.086344 -0.335262 0.099239 -0.422479 -0.114358 0.053225 0.081991 -0.076163 -0.208734 -0.226480 -0.112233 -0.343921 0.272843 0.448167 0.128462 0.006033 0.064760 -0.078330 -0.240169 -0.427916 0.040273 0.013341 0.007595 0.137360 -0.208935 0.144048 -0.001766 0.123880 0.230441 0.024852 0.195555 -0.017236 -0.190023 0.057336 -0.220606 -0.285768 -0.169597 0.025886 -0.322806 -0.377943 -0.063345 -0.228798 -0.054637 -0.098385 0.094341 0.016609 -0.107073 -0.193311 -0.079172 -0.069925 -0.231283 -0.080940 -0.246313 -0.092167 0.034204 -0.037662 -0.136330 0.065807 0.066813 -0.067030 -0.113390 -0.081838 -0.148717 -0.076371 -0.320661
-0.397754 -0.372158 0.017058 0.054051 -0.120749 0.211570 -0.055962 0.311855 -0.251616 0.006207 -0.445528 -0.154361 -0.435971 -0.301652 -0.256185 -0.083253 -0.116855 0.113219 -0.449274 -0.151982 0.211714 0.389009 0.127398 0.320564 0.425022 0.424719 0.125958 0.226967 -0.017155 0.281563 0.700737 1.000000 -0.015775 0.327416 0.178574 0.313763 -0.193672 0.233088 -0.119691 -0.026311 0.000964 0.182340 -0.050990 0.006108 -0.091629 0.133434 -0.036000 -0.167774 -0.163988 -0.110764 0.063521 0.058052 -0.190943 0.046253 -0.252060 -0.033715 0.048058 0.220725 -0.429870 -0.240730 -0.434124 -0.260260 -0.329481 0.161947 0.136800 0.326423 -0.067923 0.305986 0.052644 0.006940 -0.286232 0.343831 0.064536 0.062656 0.156282 -0.032352 0.042465 0.169423 0.371528 0.263729 0.358206 0.284114 -0.220088 0.057026 0.093038 -0.042351 -0.313752 0.037154 -0.071223 -0.322400 -0.211693 -0.208890 0.060270 -0.222360 -0.136198 -0.122384 0.002848 -0.183162 -0.018173 -0.146501 -0.098620 -0.403912 -0.187646 -0.376532 -0.052782 -0.019932 -0.058314 -0.156545 -0.100144 -0.157570 -0.173247 -0.204792 -0.010312 -0.148685 -0.130697 -0.239957
0.170711 0.265531 -0.033937 -0.206943 -0.008317 -0.048340 0.133363 -0.165435 0.031498 -0.118141 0.125189 0.246206 0.157997 0.044885 -0.160508 -0.025403 0.586622 0.354032 0.189763 0.358500 -0.218636 -0.182950 -0.084158 -0.278286 -0.294069 -0.394337 -0.290426 -0.304666 0.270110 0.340892 -0.022014 -0.015775 1.000000 0.626521 0.259523 0.042682 -0.099879 -0.122297 -0.206369 -0.434470 -0.073644 0.124230 -0.184600 -0.236643 -0.013561 -0.083087 -0.307204 -0.203323 -0.317199 -0.263568 -0.357636 -0.354871 -0.215810 -0.324140 -0.108101 -0.277066 0.212947 0.239889 -0.018362 -0.212338 0.137110 0.292650 0.360030 0.271555 0.192354 -0.100555 0.116424 -0.117786 0.305525 0.013982 -0.133272 0.042382 0.335080 0.138489 0.202761 0.087592 0.182147 -0.083920 0.231688 0.188135 0.345470 0.266662 -0.020694 0.170748 0.082311 0.176114 0.117399 -0.103995 -0.052295 -0.100981 -0.459751 -0.202218 -0.332620 -0.131035 -0.268805 -0.048060 -0.288850 -0.262723 -0.148424 -0.169449 -0.489706 -0.010583 -0.109965 0.034893 -0.222490 -0.091798 -0.334065 -0.000616 -0.208315 -0.233262 -0.181714 -0.254447 -0.163748 -0.178184 -0.140063 -0.012058
-0.087617 0.253213 -0.258554 -0.023314 -0.295705 0.074804 0.020768 0.080907 -0.238787 -0.019902 -0.058526 0.189393 0.072510 0.051393 -0.143528 0.116953 0.332325 0.531367 -0.059683 0.453392 -0.209105 -0.191928 -0.041262 -0.256427 -0.242353 -0.110287 -0.224728 -0.112909 0.162933 0.462095 0.223188 0.327416 0.626521 1.000000 0.166203 0.263381 -0.279253 0.097419 -0.322928 -0.302723 -0.272476 0.059948 -0.221723 -0.147413 -0.128789 0.044653 -0.382896 -0.224786 -0.531397 -0.386762 -0.475555 -0.342803 -0.447601 -0.135157 -0.355645 -0.256739 0.322381 0.503407 -0.299468 -0.312499 -0.164109 0.115155 0.223076 0.425571 0.227868 0.077278 -0.081348 -0.022037 0.495578 0.092397 -0.328743 0.206823 0.243742 -0.011788 0.027265 0.215637 0.109532 0.037186 0.351174 0.541733 0.404434 0.407978 -0.018807 0.184503 0.004184 0.032607 0.032566 0.051620 -0.075604 -0.278138 -0.438296 -0.202864 -0.143982 -0.138781 -0.116520 0.085905 -0.246071 -0.129327 -0.215565 -0.194858 -0.439934 -0.299769 -0.334674 -0.133713 -0.213680 0.047338 -0.352525 -0.101896 -0.190242 -0.075121 -0.212309 -0.181064 -0.085082 -0.109119 -0.113440 -0.108593
-0.173601 -0.185246 0.042366 -0.410775 0.139303 -0.158773 0.342123 -0.402074 0.124082 -0.257169 0.156560 -0.196082 0.077759 -0.188459 0.106250 -0.367735 0.176561 0.122446 0.064649 -0.098894 0.002200 0.108251 0.435280 0.221567 0.193344 -0.051479 0.210910 -0.280275 0.255864 0.167399 0.393712 0.178574 0.259523 0.166203 1.000000 0.290263 -0.039519 -0.186444 0.112114 -0.088978 0.081214 -0.058628 0.072449 0.037668 0.281643 0.347797 -0.069151 0.023719 -0.198983 0.047621 -0.154686 -0.161924 -0.284716 -0.232009 -0.155074 -0.084130 -0.005945 0.032077 0.040762 -0.036929 0.033576 -0.002980 -0.231245 0.168268 0.541286 -0.015271 0.383179 0.107612 0.178293 0.174067 -0.220233 -0.213017 0.019890 0.043928 0.095869 -0.222774 0.180193 0.047573 -0.080927 0.001529 -0.030997 0.109267 0.443728 0.054052 0.345629 0.007441 0.250088 -0.110978 0.324860 -0.179633 -0.425363 -0.036688 -0.310369 -0.018086 -0.179083 -0.209616 -0.074698 -0.280139 -0.166055 -0.162759 -0.309738 -0.135000 0.003364 -0.025812 -0.255497 0.061077 -0.177420 0.107843 -0.207863 -0.166267 0.169301 -0.078831 -0.087104 -0.082504 -0.218808 -0.123350
-0.259501 -0.212991 -0.044503 0.096700 -0.304295 0.162007 -0.065635 0.070924 -0.099014 0.155689 -0.260972 -0.261868 -0.171259 -0.088071 -0.083731 0.102639 -0.402960 0.001818 -0.022707 -0.064228 0.016870 -0.140346 0.266658 0.281004 0.203032 0.447859 0.103559 0.334689 -0.262612 -0.080876 0.268781 0.313763 0.042682 0.263381 0.290263 1.000000 -0.144052 0.226731 -0.000514 0.252921 -0.223953 -0.276100 0.083101 0.191782 0.085109 0.536068 0.008272 0.180716 -0.269075 0.024934 -0.225589 -0.052341 -0.396092 0.013848 -0.141411 0.182704 -0.046716 0.161498 -0.224060 -0.055456 -0.450661 -0.193525 -0.337395 0.013665 0.133822 0.242691 -0.157824 0.291635 0.016011 -0.111287 -0.274984 -0.016863 -0.233572 -0.247390 -0.142183 -0.129210 -0.050001 -0.064824 -0.227840 0.080208 0.000403 0.066142 0.137701 -0.147549 -0.048302 -0.011619 0.011683 0.000385 0.101985 0.124918 -0.122854 -0.067899 0.133977 0.039898 0.015133 0.171579 0.145105 0.067244 -0.114395 -0.246184 -0.139995 -0.234765 -0.033964 0.050969 -0.078141 -0.074899 -0.062849 -0.288880 0.085380 0.240179 0.215708 -0.164698 0.004893 -0.002857 -0.043432 -0.192800
