1.000000 0.228321 -0.111172 -0.099044 -0.224179 -0.122415 -0.106262 0.051547 -0.279919 -0.014128 0.325353 0.094286 0.049546 -0.074453 0.116384 0.198236 0.024607 -0.113468 0.170238 0.002448 -0.232368 -0.344029 0.002052 -0.026129 -0.215795 -0.104439 0.031110 -0.083877 0.056035 -0.052669 -0.296770 -0.245057 0.006782 -0.001472 -0.070801 -0.229815 -0.102045 -0.017498 0.039823 -0.152664 0.092749 -0.122868 -0.074161 -0.126503 -0.107901 -0.302806 0.047963 -0.086427 0.139637 -0.102074 0.313338 0.090781 0.168771 0.099157 0.061270 0.046402 0.358211 -0.012646 -0.128328 -0.012533 0.046471 0.067065 0.133909 -0.021829 0.152952 0.166119 -0.343030 -0.251336 0.057586 -0.149598 -0.204830 -0.253837 -0.036017 -0.086595 0.043478 -0.002649 0.193764 -0.120539 0.023819 0.167379 0.023126 -0.003402 0.311215 0.162985 0.326634 -0.034837 0.086484 0.171043 0.229408 0.009758 -0.092501 -0.054975 -0.169087 -0.103084 0.075723 0.055347 0.123363 0.003742 0.133062 0.007188 0.113844 -0.220446 -0.117053 0.177193 0.044329 0.055396 -0.133003 0.105279 0.022622 0.065469 -0.174549 -0.052095 -0.156948 -0.016876 0.143888 -0.127361
0.228321 1.000000 -0.307776 0.059673 -0.193928 -0.345929 -0.142771 0.085653 0.033350 0.019835 0.191420 0.571098 0.198923 0.432795 0.273749 0.503389 0.255449 0.432602 -0.090155 0.245349 -0.436980 -0.013554 -0.344700 -0.286255 -0.435772 -0.275081 -0.233678 -0.298786 0.210778 0.252132 -0.364519 -0.345977 0.008789 0.247926 0.027490 0.193319 0.156396 0.174594 -0.091320 0.216738 0.040422 0.304732 -0.397144 -0.409412 -0.285196 -0.349577 -0.296191 -0.267095 -0.121322 -0.134579 -0.078886 0.094031 0.075547 -0.135358 0.053460 -0.018712 0.131258 0.217788 0.290490 0.161025 0.468059 0.607021 0.005172 0.504084 -0.115561 0.447458 -0.092928 -0.239186 0.219178 0.314384 -0.185220 0.052206 0.355852 0.205939 0.149746 0.288196 0.258511 0.168885 -0.324778 0.231297 -0.034640 0.109936 -0.022263 0.261391 -0.090817 -0.069007 -0.191349 -0.143549 0.027807 0.065955 0.004124 -0.036965 -0.003335 -0.236051 -0.117224 -0.062029 0.113532 -0.163528 0.118490 0.151746 0.300942 -0.114205 -0.145844 -0.308224 -0.351993 -0.272696 -0.156591 -0.394673 -0.146178 -0.023845 0.097178 -0.003171 -0.060475 -0.202389 -0.210163 -0.219879
-0.111172 -0.307776 1.000000 0.337696 0.407521 0.116166 0.758757 0.368952 0.368442 0.100085 0.314898 -0.065244 0.412558 0.098041 0.251949 -0.065759 -0.271960 -0.392843 0.398264 -0.280458 0.207717 0.066250 0.619966 0.547188 0.314348 0.348381 0.326297 0.237696 0.007839 -0.147989 0.496639 0.463497 -0.170455 0.006629 0.238586 0.032296 -0.009212 -0.168148 0.009703 -0.169778 0.036432 -0.095939 -0.290252 -0.205778 -0.223419 -0.153098 -0.300298 -0.288821 -0.312083 -0.359991 -0.078856 -0.314505 -0.355666 -0.209039 -0.153334 -0.303363 -0.219701 -0.163255 0.025986 -0.333069 0.126238 -0.241563 -0.034514 -0.276194 0.610661 0.040112 0.069592 0.429167 -0.198246 -0.015210 0.112657 0.174212 -0.159722 0.108287 0.145440 -0.000475 0.078733 0.141965 -0.162659 -0.274333 -0.286046 -0.335765 0.254187 -0.232345 0.222677 -0.033100 0.107887 -0.260389 0.340548 0.187531 -0.085355 0.316052 -0.066668 0.219244 -0.107991 -0.144132 -0.348824 -0.067056 -0.252985 -0.080636 -0.104601 0.163462 -0.183506 -0.039828 -0.150373 -0.082376 -0.150627 -0.018295 -0.072268 -0.244345 -0.083258 -0.237190 -0.327933 -0.003515 -0.071526 0.210419
-0.099044 0.059673 0.337696 1.000000 0.193315 0.212264 0.250094 0.457862 0.310683 0.426128 0.166309 0.052698 0.290762 0.071909 0.394933 0.267451 0.102342 -0.096510 0.209040 -0.002725 -0.063117 0.095328 0.325513 0.428159 0.157663 0.239837 0.063772 0.274629 -0.241447 -0.226799 -0.101872 -0.033660 -0.225838 0.073866 0.187030 0.045791 0.108201 0.090878 0.310415 0.121301 -0.146082 0.363534 -0.466800 -0.397775 -0.506858 -0.324021 -0.553824 -0.391489 -0.547048 -0.379162 -0.015748 -0.395051 -0.350534 -0.291140 -0.028354 -0.389754 0.006771 0.139550 -0.285815 -0.312907 0.101204 -0.032494 -0.088704 -0.000148 0.342607 0.303732 -0.269396 0.231951 0.056015 0.143077 0.050178 -0.136791 -0.390981 0.116481 0.177668 0.066259 0.030937 0.049760 0.033542 0.047613 -0.013609 -0.114167 0.272913 0.168336 0.265523 0.165328 0.329139 0.145160 0.389012 0.234320 0.032407 0.198284 0.281779 0.298841 -0.015538 0.016899 -0.260668 0.163589 -0.408115 -0.165802 0.024999 0.244211 0.006107 0.105636 -0.175563 -0.297222 -0.106586 -0.106044 -0.082549 -0.188448 0.081299 -0.359904 -0.323845 0.084318 -0.036153 -0.052463
-0.224179 -0.193928 0.407521 0.193315 1.000000 0.174399 0.493714 0.417971 0.705275 0.667026 0.167298 -0.048794 0.168028 0.154744 0.338508 0.265765 0.023349 -0.273950 -0.140416 -0.330745 0.011043 0.098877 0.098965 0.355633 0.474218 0.175685 0.295150 0.015456 -0.025336 -0.011824 0.276081 0.276459 -0.170669 0.114072 -0.104731 0.090164 -0.164533 -0.276163 -0.076872 -0.153740 -0.168962 -0.084352 -0.200622 -0.131022 -0.142353 0.037564 -0.215830 -0.226258 -0.100990 -0.076085 -0.202507 -0.150197 -0.010440 -0.203400 -0.312992 -0.365218 -0.326308 -0.192719 0.280270 -0.222719 0.286897 -0.044660 0.096692 0.037058 0.383186 0.185707 0.014109 0.179926 -0.146740 -0.177269 0.176901 -0.040637 -0.036133 -0.081766 -0.055553 0.023995 -0.150041 -0.161235 0.257937 -0.280600 0.137064 -0.089674 0.070455 0.014752 -0.011041 -0.326358 -0.040371 -0.146992 0.165605 -0.213301 0.168320 0.365901 0.122432 0.411320 0.100189 -0.021809 -0.341920 0.167463 -0.355291 -0.387965 -0.249571 0.247394 -0.171855 -0.024109 -0.081312 -0.100846 -0.034330 0.148469 -0.049690 -0.068329 -0.267849 -0.230877 0.024522 0.165404 -0.090964 0.342664
-0.122415 -0.345929 0.116166 0.212264 0.174399 1.000000 -0.072748 -0.346771 -0.039158 0.088798 -0.129350 -0.260993 -0.183678 -0.449492 0.001468 -0.135118 -0.171875 -0.243500 0.170735 0.007990 0.230301 -0.010760 0.474168 0.456705 0.546924 0.694164 0.435109 0.676606 -0.290626 -0.504080 0.093271 -0.031381 -0.383010 -0.442297 0.171645 -0.124525 0.074081 0.050679 0.599376 0.140134 0.080391 0.016596 0.048329 0.134525 -0.095338 -0.133808 0.079736 0.129695 -0.105939 -0.049480 0.280102 -0.004857 0.056951 0.155193 0.228003 0.075555 -0.146291 0.055516 -0.275244 -0.032504 -0.405918 -0.441669 -0.309255 -0.507583 0.106145 -0.180818 -0.102010 0.205885 -0.059146 -0.034233 0.242123 -0.238521 -0.426704 -0.109873 -0.097431 -0.190758 -0.240366 -0.181500 0.027439 -0.168363 -0.059353 -0.211255 0.325678 0.103530 0.043472 0.239853 0.243574 0.277444 0.274783 0.264883 0.196270 0.107776 0.146346 0.187719 -0.110204 -0.203197 -0.164654 0.032407 -0.111541 -0.080607 -0.323000 0.026385 -0.080146 0.220475 -0.025831 0.106011 0.008283 0.039054 -0.023560 -0.157941 0.085619 -0.038918 -0.107298 0.083815 0.122034 0.006468
-0.106262 -0.142771 0.758757 0.250094 0.493714 -0.072748 1.000000 0.503437 0.599188 0.294944 0.494963 0.228196 0.610290 0.314221 0.475855 0.182258 -0.212619 -0.310340 0.144908 -0.421990 0.068785 -0.002239 0.447060 0.505171 0.229448 0.164203 0.047942 0.051929 0.107101 0.022766 0.369232 0.374199 -0.066126 0.214289 0.199174 0.070915 -0.218736 -0.281337 -0.272958 -0.360933 0.021556 -0.093619 -0.207949 -0.142745 -0.156884 -0.014279 -0.295513 -0.282263 -0.252607 -0.190198 -0.154888 -0.252105 -0.435346 -0.213747 -0.385507 -0.436625 -0.266088 -0.191663 0.115904 -0.467268 0.347914 -0.135765 0.030909 -0.168399 0.700059 0.329124 -0.119769 0.150284 -0.102439 -0.146868 -0.033000 0.167195 0.012867 0.112881 0.143544 0.107036 0.137537 -0.047361 0.004590 -0.154989 -0.252964 -0.296679 0.152254 -0.194891 0.175286 -0.049136 0.132184 -0.272740 0.229830 -0.034285 -0.132452 0.143279 -0.024603 0.059802 -0.073465 -0.127748 -0.531448 -0.009820 -0.402416 -0.306865 -0.149738 -0.026233 -0.205700 -0.030562 -0.006679 0.003047 -0.010468 0.115104 -0.175303 -0.259586 -0.322514 -0.309997 -0.316087 0.172944 0.147454 0.325870
0.051547 0.085653 0.368952 0.457862 0.417971 -0.346771 0.503437 1.000000 0.464839 0.590661 0.301083 0.352082 0.432227 0.547464 0.409072 0.530917 0.139062 -0.357374 -0.040785 -0.443039 -0.065997 -0.147080 -0.019816 0.234610 0.044927 -0.190660 0.008843 -0.253997 0.045186 0.044636 0.020368 0.140169 0.026590 0.353563 -0.042601 0.152717 -0.157365 -0.267455 -0.349666 -0.254190 -0.175825 0.029744 -0.423055 -0.430612 -0.356836 -0.125135 -0.512665 -0.507222 -0.252351 -0.228553 -0.269383 -0.337551 -0.377696 -0.456379 -0.238767 -0.578369 0.062959 -0.224256 0.196142 -0.284827 0.458894 0.240587 0.165029 0.183980 0.416754 0.635402 -0.055802 0.206327 -0.055593 0.072250 -0.143766 0.247850 -0.003806 0.122716 0.147913 0.126450 0.021819 0.003688 0.115749 -0.224695 0.036477 -0.073308 -0.089493 -0.076175 0.205368 -0.179115 -0.204253 -0.225066 0.183997 -0.193378 0.034045 0.049031 0.168843 0.092001 -0.025913 -0.031707 -0.384201 -0.043527 -0.358099 -0.251188 0.173890 0.031008 -0.166309 -0.087312 -0.015376 -0.010083 -0.171025 0.094222 -0.188383 -0.176075 -0.319508 -0.245252 -0.150283 0.095588 -0.010543 0.148848
-0.279919 0.033350 0.368442 0.310683 0.705275 -0.039158 0.599188 0.464839 1.000000 0.565270 0.164518 0.249742 0.423315 0.422618 0.525002 0.434703 0.011968 -0.122977 -0.260681 -0.159327 0.009319 0.236081 0.058606 0.324630 0.211019 0.034116 -0.027946 0.000994 0.026641 0.233278 0.245561 0.270532 -0.157422 0.361566 -0.060432 0.316090 -0.108990 0.066944 -0.040212 0.003624 -0.158912 0.264550 -0.324355 -0.252001 -0.269673 0.081790 -0.409202 -0.357790 -0.302753 -0.099788 -0.282373 -0.266871 -0.275755 -0.346101 -0.388451 -0.400776 -0.326651 0.130810 0.173869 -0.424205 0.429152 -0.005452 -0.086134 0.116982 0.333493 0.440940 -0.213171 -0.008375 -0.130147 -0.144892 0.144676 -0.041235 0.088071 0.169964 0.074083 0.234240 -0.071867 -0.047908 0.156295 -0.059281 0.071098 -0.149325 -0.018539 0.132547 -0.211461 -0.230979 -0.046324 -0.056809 0.058069 -0.188241 0.090495 0.259118 0.174973 0.324431 0.256634 0.241507 -0.258188 0.383512 -0.540145 -0.410465 -0.071059 0.222004 -0.104054 -0.107904 -0.029059 -0.160504 0.037471 0.086147 0.184222 0.047627 -0.142688 -0.353760 -0.075402 0.393213 0.092521 0.097632
-0.014128 0.019835 0.100085 0.426128 0.667026 0.088798 0.294944 0.590661 0.565270 1.000000 0.074370 0.089227 0.039474 0.157641 0.329166 0.555060 0.074776 -0.231119 -0.159653 -0.230786 -0.138259 -0.043378 -0.088582 0.318789 0.250201 0.020728 0.029356 -0.134335 -0.273519 -0.084018 -0.216461 -0.050989 -0.240036 0.176256 -0.115023 0.027727 -0.193526 -0.097463 -0.065775 -0.058685 -0.228720 0.131813 -0.199381 -0.150571 -0.225713 -0.050146 -0.266137 -0.239853 -0.183153 -0.064835 -0.099308 -0.190616 -0.182307 -0.235131 -0.368341 -0.352992 -0.101703 -0.049719 0.115835 -0.288705 0.235975 0.020043 -0.045553 0.019544 0.364217 0.516561 -0.157469 0.069428 0.007064 -0.116940 0.002309 -0.216638 -0.206300 0.041753 0.025807 0.077452 -0.084746 -0.144536 0.230500 -0.119379 0.133375 -0.094239 0.051070 0.091329 -0.000925 -0.246522 -0.016630 -0.040607 0.191320 -0.326415 0.118135 0.226636 0.306284 0.377347 0.166933 0.127329 -0.221449 0.231411 -0.440702 -0.384865 -0.102669 0.198570 -0.104164 0.090186 0.052739 -0.027467 0.012774 0.130558 -0.085559 0.003398 -0.244985 -0.290184 -0.018408 0.282852 -0.020022 0.155368
0.325353 0.191420 0.314898 0.166309 0.167298 -0.129350 0.494963 0.301083 0.164518 0.074370 1.000000 0.467073 0.752207 0.239040 0.652680 0.159945 0.060608 -0.000667 0.148321 -0.320272 -0.394051 -0.243621 0.254334 0.207121 -0.046925 -0.022714 0.034614 -0.057393 0.228727 -0.092972 -0.083981 -0.102900 -0.060208 0.024395 0.054291 -0.141163 -0.147402 -0.222245 -0.224746 -0.365425 0.288280 -0.088572 -0.347853 -0.322669 -0.304370 -0.307251 -0.333096 -0.373621 -0.157320 -0.292674 0.041151 -0.166599 -0.112376 -0.273012 0.052717 -0.379899 -0.124195 -0.164750 0.141238 -0.205244 0.381397 0.052533 0.320321 0.015510 0.488048 0.305811 -0.153727 0.090069 0.063153 -0.001758 -0.376160 -0.044963 -0.027315 -0.069264 0.007206 0.062807 0.181008 -0.222162 -0.096688 0.051435 -0.229802 -0.207372 0.465987 0.109632 0.563552 0.138724 0.360072 -0.110967 0.392455 0.110035 0.129796 0.165725 0.000115 -0.052091 -0.086938 -0.139798 -0.397117 -0.076037 -0.218998 -0.327256 -0.012777 -0.173058 -0.153767 0.044557 -0.057842 0.023731 -0.090645 0.050655 -0.204611 -0.131620 -0.262677 -0.206859 -0.351270 0.041470 0.177550 0.055816
0.094286 0.571098 -0.065244 0.052698 -0.048794 -0.260993 0.228196 0.352082 0.249742 0.089227 0.467073 1.000000 0.508871 0.768416 0.550400 0.598461 0.111576 0.253865 -0.086450 -0.100208 -0.215946 0.001263 -0.151245 0.033670 -0.204766 -0.217181 -0.181123 -0.169540 0.310423 0.209885 -0.163465 -0.133741 0.032142 0.248413 -0.003474 0.089828 -0.075293 0.037384 -0.278677 -0.070100 0.065954 0.195481 -0.329727 -0.335733 -0.240009 -0.184124 -0.341804 -0.339080 -0.084204 -0.071190 -0.052203 -0.014441 -0.194148 -0.253199 0.024560 -0.235613 0.021153 -0.087862 0.279516 -0.049583 0.427341 0.410818 0.057827 0.256695 0.037630 0.589452 -0.113131 -0.173007 0.132844 0.132965 -0.261109 0.235583 0.290870 0.226731 0.148573 0.343371 0.124361 -0.033765 -0.268855 0.141841 -0.178127 -0.134179 0.012110 0.270082 0.038397 0.198543 -0.118411 -0.173367 -0.026939 0.070391 0.051166 -0.173175 -0.012595 -0.390421 -0.164419 -0.169629 -0.196205 -0.122307 -0.202062 -0.120370 0.035219 -0.317296 -0.332872 -0.272988 -0.117684 -0.079656 -0.225161 -0.213854 -0.214206 -0.170874 -0.144916 -0.164351 -0.134059 0.002401 0.040877 -0.047665
0.049546 0.198923 0.412558 0.290762 0.168028 -0.183678 0.610290 0.432227 0.423315 0.039474 0.752207 0.508871 1.000000 0.534418 0.642836 0.257226 0.089843 -0.094388 0.044374 -0.350272 -0.233676 -0.194524 0.223174 0.162850 -0.063077 -0.054889 -0.140132 -0.014712 0.230211 0.003894 0.103839 -0.075472 0.068388 0.172431 0.090581 0.081162 -0.106344 -0.234229 -0.273452 -0.322325 0.181224 0.041857 -0.457625 -0.461672 -0.386834 -0.261744 -0.479256 -0.480058 -0.339751 -0.328504 -0.223656 -0.358380 -0.239794 -0.430793 0.082503 -0.514708 -0.101408 -0.069664 0.241921 -0.280615 0.518936 0.091633 0.239674 0.112817 0.374654 0.386199 -0.120730 0.085756 0.047622 0.078125 -0.255396 0.083915 0.066362 -0.028875 0.050323 0.087147 0.007275 -0.179390 -0.096699 -0.030140 -0.147483 -0.107711 0.213205 0.006591 0.341549 0.210507 0.175378 0.035262 0.301031 0.231682 0.054824 0.085537 0.103633 -0.040608 -0.092192 -0.148510 -0.496970 -0.077502 -0.288441 -0.236763 0.131768 -0.118146 -0.115802 -0.007344 -0.090773 0.015788 -0.111699 -0.025657 -0.143839 -0.271382 -0.216750 -0.173051 -0.319253 0.022403 0.193423 0.047741
-0.074453 0.432795 0.098041 0.071909 0.154744 -0.449492 0.314221 0.547464 0.422618 0.157641 0.239040 0.768416 0.534418 1.000000 0.423469 0.593544 0.215860 0.153078 -0.151956 -0.209808 -0.049883 0.080989 -0.242324 -0.037596 -0.216766 -0.321163 -0.203899 -0.296884 0.365651 0.404339 0.046678 0.065859 0.111605 0.409236 -0.018198 0.288209 -0.052748 -0.012219 -0.365368 -0.068594 -0.124950 0.236865 -0.395958 -0.474888 -0.286164 -0.147362 -0.446203 -0.479578 -0.187665 -0.160618 -0.362250 -0.163797 -0.230068 -0.394209 -0.017392 -0.379740 0.095412 -0.121812 0.419947 -0.094943 0.625783 0.504302 0.109227 0.445921 0.024356 0.526270 0.005981 -0.143409 0.075762 0.143216 -0.050696 0.387999 0.418520 0.327609 0.234714 0.420017 0.092411 0.135140 -0.125167 0.093875 -0.012738 0.016808 -0.202562 0.110588 -0.050701 0.065604 -0.313293 -0.213427 -0.036890 0.114945 -0.050164 -0.088625 0.039333 -0.217927 -0.050094 -0.067705 -0.208096 -0.077991 -0.214323 -0.070967 0.194070 -0.085856 -0.261054 -0.269436 -0.179905 -0.166101 -0.198502 -0.195994 -0.116505 -0.131126 -0.240840 -0.148942 0.025552 -0.027014 -0.055646 0.108693
0.116384 0.273749 0.251949 0.394933 0.338508 0.001468 0.475855 0.409072 0.525002 0.329166 0.652680 0.550400 0.642836 0.423469 1.000000 0.590250 0.054749 0.007896 -0.030193 -0.173173 -0.133416 0.110321 0.347603 0.481478 0.161996 0.263734 0.115013 0.235145 0.369065 0.106937 0.033059 0.111732 0.034064 0.312331 0.221672 0.142097 0.074555 0.022264 -0.013155 -0.134039 0.295255 0.311031 -0.579624 -0.497092 -0.518751 -0.382297 -0.600619 -0.496438 -0.376121 -0.381728 0.100512 -0.328865 -0.333971 -0.428678 -0.124893 -0.529876 -0.154184 0.124324 -0.076352 -0.465727 0.334040 -0.043197 0.073277 0.020564 0.426838 0.444719 -0.415453 -0.092339 0.142236 0.091884 -0.225204 0.097687 0.103346 0.214464 0.228275 0.407723 0.283573 0.008764 0.000113 0.114521 -0.007103 -0.065003 0.480410 0.429111 0.317993 0.120022 0.194277 -0.016518 0.369788 -0.023576 0.086900 0.029915 0.063289 -0.022345 0.086945 -0.097234 -0.393817 0.152989 -0.475410 -0.395820 -0.072064 -0.134598 -0.396749 -0.051384 -0.247105 -0.161469 -0.141430 -0.056481 -0.104810 -0.109724 -0.081773 -0.330832 -0.427041 0.303950 0.263343 0.077983
0.198236 0.503389 -0.065759 0.267451 0.265765 -0.135118 0.182258 0.530917 0.434703 0.555060 0.159945 0.598461 0.257226 0.593544 0.590250 1.000000 0.098908 -0.077519 -0.201282 -0.090931 -0.178180 0.044397 -0.134436 0.239178 -0.068444 -0.041190 -0.133074 -0.103340 0.098533 0.154495 -0.202092 -0.075045 -0.043781 0.305670 0.022907 0.110598 0.011256 0.116983 -0.064414 0.085370 -0.065161 0.326383 -0.447192 -0.429164 -0.373970 -0.308603 -0.412850 -0.402187 -0.144848 -0.137646 -0.012157 -0.098539 -0.170461 -0.292781 -0.159294 -0.277891 0.102125 -0.011008 0.106121 -0.197195 0.422032 0.323390 -0.126373 0.201414 0.208210 0.664479 -0.318091 -0.251665 0.071157 0.079970 -0.077674 0.096688 0.119445 0.232170 0.163639 0.398503 0.163115 0.120152 -0.003689 0.101218 0.030806 -0.063843 0.052764 0.347925 -0.068275 -0.104427 -0.233805 -0.125222 0.118032 -0.084963 0.051862 -0.033541 0.227100 -0.012272 0.128939 0.014152 -0.082408 0.085307 -0.289815 -0.148250 0.063557 -0.166306 -0.376086 -0.084312 -0.195630 -0.179165 -0.187169 -0.154219 -0.039554 0.008322 -0.120156 -0.314154 -0.103333 0.190027 0.051056 0.075932
0.024607 0.255449 -0.271960 0.102342 0.023349 -0.171875 -0.212619 0.139062 0.011968 0.074776 0.060608 0.111576 0.089843 0.215860 0.054749 0.098908 1.000000 0.328988 -0.128110 -0.137354 -0.270172 -0.150031 -0.475106 -0.262095 -0.341205 -0.354669 -0.281820 -0.328995 0.337672 0.436115 -0.305736 -0.147943 0.212477 0.287306 -0.406940 -0.124793 0.096279 -0.048415 -0.138057 -0.109263 -0.018327 0.327744 -0.214547 -0.294651 -0.323796 -0.238877 -0.244420 -0.344225 -0.226353 -0.238439 -0.246130 -0.195054 0.187472 -0.313432 0.302150 -0.261625 0.324468 0.098303 0.207913 0.063202 0.497167 0.435988 0.535280 0.662501 -0.247300 -0.038183 0.033541 -0.317708 0.201845 -0.018707 -0.092416 -0.025718 0.289861 0.148594 0.167473 0.138491 0.096881 -0.148040 0.228100 0.125391 0.528333 0.393916 -0.018491 0.232837 0.101440 0.212952 0.010958 0.119924 -0.051458 0.209963 -0.066847 -0.077772 0.083345 -0.122744 0.128373 0.182972 -0.127791 0.221063 -0.119171 -0.233012 0.175034 0.088672 0.265568 0.081671 0.147759 0.022459 -0.098494 0.247356 0.125615 0.101395 -0.351294 -0.188408 0.151265 0.183369 0.147032 -0.203302
-0.113468 0.432602 -0.392843 -0.096510 -0.273950 -0.243500 -0.310340 -0.357374 -0.122977 -0.231119 -0.000667 0.253865 -0.094388 0.153078 0.007896 -0.077519 0.328988 1.000000 0.000632 0.441679 -0.235144 0.342164 -0.370365 -0.404672 -0.259387 -0.262875 -0.304575 -0.158933 0.371110 0.430167 -0.182963 -0.147405 0.018541 0.206009 -0.080444 0.172681 0.229157 0.315578 -0.013382 0.233134 0.137147 0.317944 -0.002093 -0.022890 -0.000858 0.000299 -0.047122 0.076897 -0.138514 -0.039568 -0.084165 0.009786 0.008069 -0.064530 0.023954 0.068146 0.151703 0.373988 -0.057986 0.025083 0.020278 0.184438 0.124468 0.397443 -0.458332 -0.168930 -0.037381 -0.342812 0.301479 0.121959 -0.006663 -0.030502 0.488338 0.287727 0.188624 0.294396 0.226480 0.121953 -0.189020 0.487553 0.309054 0.390923 0.037158 0.436585 -0.023211 0.321039 0.130836 0.116515 -0.253992 0.115891 -0.190966 -0.112664 -0.096804 -0.146247 -0.017663 0.106201 0.165194 0.092264 0.011226 -0.079527 -0.040732 0.106093 0.140363 -0.208265 -0.232697 -0.315476 0.130432 -0.255644 0.139781 0.116290 0.185220 -0.055557 -0.027090 -0.039191 -0.111589 -0.243466
0.170238 -0.090155 0.398264 0.209040 -0.140416 0.170735 0.144908 -0.040785 -0.260681 -0.159653 0.148321 -0.086450 0.044374 -0.151956 -0.030193 -0.201282 -0.128110 0.000632 1.000000 0.037020 0.076255 -0.159286 0.380348 0.212256 0.174821 0.203482 0.265381 0.111922 0.059941 -0.247356 0.115948 0.098375 -0.158703 -0.274687 0.221480 -0.166635 0.328439 -0.063024 0.135411 -0.105535 0.211735 -0.112922 -0.102194 -0.150037 -0.220321 -0.368138 -0.059931 -0.067024 -0.294721 -0.348583 0.042944 -0.249138 -0.125086 -0.035171 0.151373 -0.099807 0.090828 0.031177 -0.336356 -0.141502 -0.226606 -0.194424 0.057025 -0.345123 0.245894 -0.143698 -0.076186 0.161560 0.072448 0.120367 0.019934 0.063990 -0.178144 -0.053952 -0.017408 -0.072123 0.189183 0.147145 -0.236341 0.005218 -0.241189 -0.048939 0.303633 -0.157320 0.333991 0.276454 0.195773 -0.065448 0.405448 0.388161 0.052924 0.315272 0.095635 0.018156 -0.245776 -0.152684 -0.192448 -0.229385 0.200332 0.269363 -0.029961 0.066756 -0.025834 0.135838 -0.166923 0.001768 -0.272461 -0.010754 -0.228794 -0.161893 0.170939 0.141201 -0.123564 -0.193153 -0.015034 0.282687
0.002448 0.245349 -0.280458 -0.002725 -0.330745 0.007990 -0.421990 -0.443039 -0.159327 -0.230786 -0.320272 -0.100208 -0.350272 -0.209808 -0.173173 -0.090931 -0.137354 0.441679 0.037020 1.000000 -0.062703 0.580699 -0.172309 -0.284756 -0.359521 -0.128214 -0.094197 0.055704 -0.096754 0.128582 -0.109048 -0.081802 -0.019804 0.096241 0.060211 0.178164 0.027112 0.593992 0.518755 0.746083 -0.224819 0.161525 0.125094 0.106403 0.224723 0.210880 0.079184 0.202432 0.051804 0.277594 0.171900 0.243387 0.065579 0.089764 -0.066537 0.398358 -0.129426 0.318210 -0.239135 0.130180 -0.223328 0.035114 -0.129965 -0.038504 -0.451860 -0.162355 -0.034349 -0.217401 0.194508 0.150044 0.196817 -0.362048 0.028264 -0.091937 -0.070485 -0.151416 -0.009366 0.267984 -0.258218 0.261714 0.165443 -0.053623 0.158551 0.537785 -0.333260 -0.162553 0.181770 0.180166 -0.306981 -0.010050 0.034198 0.052993 -0.308031 0.086324 0.224013 0.213075 0.576337 0.243103 -0.057910 0.099376 -0.062187 0.255759 -0.015913 -0.140320 -0.452767 -0.643925 0.248312 -0.411307 0.253811 0.302791 0.465838 -0.170932 0.078759 0.012262 -0.332378 -0.366074
-0.232368 -0.436980 0.207717 -0.063117 0.011043 0.230301 0.068785 -0.065997 0.009319 -0.138259 -0.394051 -0.215946 -0.233676 -0.049883 -0.133416 -0.178180 -0.270172 -0.235144 0.076255 -0.062703 1.000000 0.180602 0.313435 0.251167 0.427566 0.345031 0.313383 0.345583 0.105626 -0.032812 0.458335 0.447617 0.205509 -0.041269 0.183880 0.042027 0.123340 -0.162341 0.018271 -0.158035 0.070903 -0.106789 0.094329 0.084560 0.042091 0.079165 0.075572 0.044192 -0.020071 0.005275 0.087000 -0.086798 -0.130236 0.080486 -0.060884 -0.066464 -0.062503 -0.035739 -0.123317 -0.017857 -0.328680 -0.325069 -0.048631 -0.301182 -0.070244 -0.325763 0.117829 0.045913 0.039232 0.065325 0.424451 0.332221 0.056430 0.181612 0.072557 0.078710 -0.020582 0.201662 0.051829 -0.181771 0.068819 0.088432 -0.111231 -0.126325 -0.167144 0.043811 -0.227607 0.182600 -0.192623 -0.051315 -0.058614 -0.136140 -0.231670 -0.084048 -0.173022 -0.115601 -0.170038 -0.112732 -0.047903 0.171026 -0.223909 0.002154 -0.281145 0.157126 0.033245 0.178555 -0.100580 0.146162 0.030390 -0.109437 0.073767 0.207189 -0.043921 -0.025494 -0.025778 0.197148
-0.344029 -0.013554 0.066250 0.095328 0.098877 -0.010760 -0.002239 -0.147080 0.236081 -0.043378 -0.243621 0.001263 -0.194524 0.080989 0.110321 0.044397 -0.150031 0.342164 -0.159286 0.580699 0.180602 1.000000 0.071357 0.082971 -0.014889 0.124986 -0.023494 0.244794 0.081411 0.362205 0.220794 0.341118 -0.085975 0.284877 0.181898 0.312808 -0.046946 0.515333 0.308398 0.498538 -0.138982 0.272586 0.030888 0.104052 0.138151 0.302361 -0.154687 0.049359 -0.115736 0.142263 0.115016 0.081854 -0.275381 -0.043650 -0.350052 0.154304 -0.268609 0.253181 -0.228097 -0.215459 -0.048657 -0.098558 -0.250505 0.011744 -0.151738 -0.081419 -0.109545 -0.099351 -0.089545 -0.078552 0.213092 -0.049658 0.099246 0.215412 0.178803 0.213023 0.141204 0.274895 -0.081804 0.250717 0.108904 -0.132731 0.114827 0.465383 -0.214648 -0.087762 0.169071 -0.086084 -0.271667 -0.089626 -0.137647 0.050516 -0.205940 0.182091 0.400766 0.248599 0.338973 0.457290 -0.415182 -0.171684 -0.188731 0.238129 -0.233273 -0.317178 -0.321459 -0.619395 0.296248 -0.329866 0.313908 0.347447 0.229122 -0.501109 0.058365 0.317689 -0.134049 -0.174470
0.002052 -0.344700 0.619966 0.325513 0.098965 0.474168 0.447060 -0.019816 0.058606 -0.088582 0.254334 -0.151245 0.223174 -0.242324 0.347603 -0.134436 -0.475106 -0.370365 0.380348 -0.172309 0.313435 0.071357 1.000000 0.774882 0.565304 0.807837 0.529773 0.733503 -0.043117 -0.434630 0.422256 0.350487 -0.149417 -0.197844 0.621531 0.088449 0.254237 0.020457 0.337633 -0.080710 0.328567 0.032500 -0.196538 -0.065487 -0.213059 -0.253030 -0.183233 -0.022324 -0.243668 -0.349294 0.371285 -0.265304 -0.420649 0.032718 -0.050025 -0.124300 -0.159908 0.097686 -0.429048 -0.417451 -0.339099 -0.598550 -0.330204 -0.651224 0.624386 -0.038352 -0.310359 0.299672 -0.041654 0.077735 -0.050257 0.162843 -0.304990 0.111829 0.189893 -0.033284 0.139668 0.177574 -0.191298 -0.076744 -0.396807 -0.263115 0.524346 -0.140011 0.389983 0.176663 0.294861 -0.102737 0.539056 0.229364 -0.112370 0.021030 -0.080385 -0.022931 -0.135088 -0.246417 -0.294711 -0.105579 -0.101001 0.087601 -0.221564 -0.098830 -0.360641 0.086150 -0.180362 0.024248 -0.216964 -0.065707 -0.156044 -0.253808 0.244963 -0.033016 -0.480282 0.006557 0.220871 0.231337
-0.026129 -0.286255 0.547188 0.428159 0.355633 0.456705 0.505171 0.234610 0.324630 0.318789 0.207121 0.033670 0.162850 -0.037596 0.481478 0.239178 -0.262095 -0.404672 0.212256 -0.284756 0.251167 0.082971 0.774882 1.000000 0.522975 0.733973 0.431597 0.583728 -0.010280 -0.283018 0.294471 0.469534 -0.152721 -0.000089 0.411587 -0.062878 0.106209 0.012731 0.280190 -0.111662 0.131510 0.150385 -0.242631 -0.128960 -0.318788 -0.281870 -0.308789 -0.215155 -0.332110 -0.370109 0.237734 -0.333009 -0.499569 -0.145286 -0.209681 -0.311555 -0.152437 0.005711 -0.361532 -0.499780 -0.154451 -0.434501 -0.297805 -0.512335 0.676718 0.166170 -0.358256 0.157204 0.023085 -0.013565 -0.032678 0.131783 -0.310499 0.187486 0.137330 0.122419 0.129918 0.097696 0.066148 -0.124823 -0.268435 -0.291666 0.452490 0.030346 0.267327 0.093625 0.157086 -0.177567 0.478478 0.068412 -0.026439 0.064478 0.089256 0.056084 0.065051 -0.133834 -0.356024 0.093733 -0.356529 -0.105540 -0.249944 -0.048324 -0.312221 0.188983 0.001956 0.092650 -0.269360 0.116201 -0.181372 -0.194294 -0.041884 -0.220562 -0.334090 0.284175 0.323288 0.286829
-0.215795 -0.435772 0.314348 0.157663 0.474218 0.546924 0.229448 0.044927 0.211019 0.250201 -0.046925 -0.204766 -0.063077 -0.216766 0.161996 -0.068444 -0.341205 -0.259387 0.174821 -0.359521 0.427566 -0.014889 0.565304 0.522975 1.000000 0.693956 0.644389 0.601136 -0.056089 -0.455765 0.404153 0.182735 -0.183457 -0.256591 0.379249 0.189394 0.279369 -0.272043 0.110568 -0.224639 0.337613 -0.124895 -0.124604 -0.014890 -0.204219 -0.138410 -0.119471 0.056796 -0.233983 -0.271575 0.142989 -0.305284 -0.226210 -0.026029 -0.082111 -0.309922 -0.031185 0.031016 -0.270224 -0.320321 -0.421879 -0.565435 -0.253668 -0.508501 0.356150 -0.013674 -0.085030 0.428961 0.012360 0.044825 0.207310 0.260461 -0.173772 0.014282 -0.000213 0.025594 -0.088386 0.022194 0.060490 -0.241307 -0.071898 0.098453 0.079806 -0.196637 0.181946 0.141128 -0.075952 0.074229 0.317808 0.018238 0.087840 0.091801 0.159055 0.189641 -0.233873 -0.304393 -0.483929 -0.183316 -0.058618 0.001173 -0.286161 -0.001039 -0.316556 0.137180 -0.027352 0.286465 -0.206222 0.078400 -0.160786 -0.350092 0.160284 0.205087 -0.332204 -0.061719 0.123765 0.375659
-0.104439 -0.275081 0.348381 0.239837 0.175685 0.694164 0.164203 -0.190660 0.034116 0.020728 -0.022714 -0.217181 -0.054889 -0.321163 0.263734 -0.041190 -0.354669 -0.262875 0.203482 -0.128214 0.345031 0.124986 0.807837 0.733973 0.693956 1.000000 0.544183 0.855605 -0.005057 -0.380843 0.347608 0.314674 -0.205535 -0.175410 0.514318 0.070670 0.308031 0.050276 0.452309 -0.009046 0.323493 0.129401 -0.195470 -0.036869 -0.253879 -0.316200 -0.162918 0.036621 -0.239687 -0.361441 0.420626 -0.229098 -0.254897 0.059677 -0.012995 -0.074098 -0.084366 0.232745 -0.406796 -0.362648 -0.401097 -0.566450 -0.421620 -0.560903 0.428376 -0.103662 -0.256508 0.266412 -0.009580 0.041845 0.035809 0.091107 -0.242882 0.169196 0.167160 0.109979 0.094790 0.133200 -0.074816 -0.073443 -0.225353 -0.109298 0.400511 -0.030760 0.254945 0.233675 0.145343 -0.036665 0.498459 0.175719 -0.100229 -0.046166 0.015407 0.012665 -0.075363 -0.291835 -0.213032 -0.024800 -0.098376 0.086045 -0.284838 -0.053639 -0.349872 0.065919 -0.122800 0.088393 -0.171897 -0.019053 -0.179303 -0.227939 0.241459 0.000455 -0.355453 0.049315 0.225680 0.201881
0.031110 -0.233678 0.326297 0.063772 0.295150 0.435109 0.047942 0.008843 -0.027946 0.029356 0.034614 -0.181123 -0.140132 -0.203899 0.115013 -0.133074 -0.281820 -0.304575 0.265381 -0.094197 0.313383 -0.023494 0.529773 0.431597 0.644389 0.544183 1.000000 0.497495 -0.071807 -0.431610 0.349180 0.157914 -0.207873 -0.288262 0.474852 0.171823 0.245800 -0.129717 0.320733 0.067057 0.132071 -0.186235 -0.254275 -0.206676 -0.256531 -0.271250 -0.211451 -0.111205 -0.096253 -0.259711 0.198409 -0.060587 -0.071633 -0.024011 0.188383 -0.150983 -0.124878 -0.042961 -0.168929 -0.013557 -0.326641 -0.286540 -0.214284 -0.462051 0.335183 0.002039 0.059868 0.502463 0.083509 0.284241 0.257674 0.204897 -0.171905 -0.082986 -0.044840 -0.157554 -0.032639 0.152577 -0.129741 -0.346819 -0.220924 -0.138947 0.211203 -0.064810 0.131362 -0.187207 -0.120776 -0.131169 0.378813 0.140187 0.362883 0.225947 0.014736 0.165499 -0.230903 -0.324999 -0.247139 -0.297621 0.147475 0.178320 0.008170 0.149208 -0.262381 0.095504 -0.263120 0.052508 -0.247200 -0.009882 -0.234997 -0.265811 0.279402 0.199644 -0.225678 -0.198407 -0.109728 0.338428
-0.083877 -0.298786 0.237696 0.274629 0.015456 0.676606 0.051929 -0.253997 0.000994 -0.134335 -0.057393 -0.169540 -0.014712 -0.296884 0.235145 -0.103340 -0.328995 -0.158933 0.111922 0.055704 0.345583 0.244794 0.733503 0.583728 0.601136 0.855605 0.497495 1.000000 -0.081786 -0.373965 0.345117 0.187842 -0.165516 -0.137960 0.469064 0.125864 0.204598 0.196892 0.551323 0.114832 0.264028 0.156793 -0.109573 0.029344 -0.196476 -0.166521 -0.159397 0.112779 -0.255093 -0.248071 0.448813 -0.260962 -0.298718 0.012845 0.078022 -0.053971 -0.048841 0.322082 -0.515251 -0.370183 -0.460258 -0.593912 -0.439988 -0.557444 0.260414 -0.064004 -0.346360 0.228974 0.038784 0.031921 0.075257 -0.019393 -0.254587 0.085487 0.099094 0.046701 -0.056896 0.084440 -0.031652 0.051154 -0.160952 -0.104262 0.328852 0.103302 0.174281 0.235350 0.254951 0.174983 0.315518 0.193139 -0.034862 -0.119985 -0.050158 -0.010744 0.028778 -0.164705 -0.146795 0.114001 -0.207997 -0.021601 -0.251065 -0.133225 -0.280898 0.104385 -0.096673 0.000549 -0.083853 -0.030441 -0.032989 -0.135479 0.311894 -0.096424 -0.456376 0.061754 0.307318 0.026708
0.056035 0.210778 0.007839 -0.241447 -0.025336 -0.290626 0.107101 0.045186 0.026641 -0.273519 0.228727 0.310423 0.230211 0.365651 0.369065 0.098533 0.337672 0.371110 0.059941 -0.096754 0.105626 0.081411 -0.043117 -0.010280 -0.056089 -0.005057 -0.071807 -0.081786 1.000000 0.587305 0.317199 0.417852 0.478315 0.456465 -0.079774 0.150546 0.305351 -0.128760 -0.279124 -0.263412 0.445150 0.098293 -0.228258 -0.269885 -0.169842 -0.183218 -0.253950 -0.224442 -0.175276 -0.299157 -0.181426 -0.260494 -0.115719 -0.419075 -0.051848 -0.382369 0.133649 0.034860 0.049531 -0.188224 0.263824 0.114827 0.441498 0.281709 -0.141569 -0.146647 -0.005210 -0.305616 0.288414 0.084520 -0.177669 0.479433 0.776043 0.272052 0.217474 0.366556 0.386191 0.154700 -0.024692 0.132003 0.379490 0.428060 0.152162 0.308647 0.197096 0.270021 -0.167536 0.009634 -0.029774 -0.029428 -0.192475 -0.229790 -0.242436 -0.375338 -0.030967 -0.163651 -0.197182 -0.043969 -0.045587 -0.117965 0.062424 -0.183711 -0.197579 -0.188120 -0.186719 -0.006777 -0.163963 -0.022896 0.016042 -0.079368 -0.168341 0.042202 -0.114134 0.086085 0.182681 0.019488
-0.052669 0.252132 -0.147989 -0.226799 -0.011824 -0.504080 0.022766 0.044636 0.233278 -0.084018 -0.092972 0.209885 0.003894 0.404339 0.106937 0.154495 0.436115 0.430167 -0.247356 0.128582 -0.032812 0.362205 -0.434630 -0.283018 -0.455765 -0.380843 -0.431610 -0.373965 0.587305 1.000000 0.082058 0.329226 0.261461 0.636040 -0.347440 0.126468 -0.027444 0.232960 -0.278587 0.004779 0.000970 0.370397 -0.007273 -0.032494 0.041325 0.181207 -0.114935 -0.179976 -0.030142 0.110289 -0.248323 0.078949 0.004244 -0.161324 -0.274591 -0.031902 -0.027580 0.128069 0.145751 -0.091499 0.461861 0.340621 0.254166 0.546764 -0.295665 -0.035325 -0.064438 -0.510931 -0.093671 -0.277270 -0.059307 0.062658 0.637379 0.370769 0.322874 0.509625 0.390770 0.078155 0.115561 0.394398 0.373412 0.243703 -0.142114 0.284975 -0.225802 -0.080209 -0.149449 -0.088416 -0.380337 -0.209558 -0.228375 -0.140078 -0.144041 -0.153577 0.362308 0.351203 0.192536 0.431108 -0.207378 -0.265974 0.190736 0.045059 0.120522 -0.342084 0.061130 -0.210178 0.238590 0.075278 0.279909 0.367441 -0.293142 -0.277171 0.290090 0.417525 0.100661 -0.098891
-0.296770 -0.364519 0.496639 -0.101872 0.276081 0.093271 0.369232 0.020368 0.245561 -0.216461 -0.083981 -0.163465 0.103839 0.046678 0.033059 -0.202092 -0.305736 -0.182963 0.115948 -0.109048 0.458335 0.220794 0.422256 0.294471 0.404153 0.347608 0.349180 0.345117 0.317199 0.082058 1.000000 0.720416 0.117427 0.165897 0.142479 0.328787 0.184502 -0.098567 0.014947 -0.091784 0.208715 -0.105685 0.081426 0.124197 0.145821 0.253376 -0.013855 0.134695 -0.096857 -0.019034 -0.271203 -0.191172 -0.253707 -0.168500 -0.249871 -0.145738 -0.178520 -0.083169 -0.069342 -0.241694 -0.165086 -0.392965 -0.088395 -0.381516 0.161274 -0.176247 0.016945 0.137615 -0.008797 -0.083004 0.232162 0.414546 0.296404 0.062995 0.056261 0.030280 0.022269 0.207733 -0.005869 -0.219798 -0.010053 -0.010250 -0.035748 -0.127514 -0.117250 -0.116647 -0.226464 -0.026552 -0.063116 -0.013307 0.026587 -0.049092 -0.137004 -0.044311 -0.081941 -0.124536 -0.163742 -0.108765 -0.054021 0.098463 -0.067441 -0.053099 -0.274213 -0.192156 -0.233733 -0.048450 -0.136295 -0.048097 0.089817 -0.052043 0.103111 0.128801 -0.011927 -0.026062 0.011921 0.204352
-0.245057 -0.345977 0.463497 -0.033660 0.276459 -0.031381 0.374199 0.140169 0.270532 -0.050989 -0.102900 -0.133741 -0.075472 0.065859 0.111732 -0.075045 -0.147943 -0.147405 0.098375 -0.081802 0.447617 0.341118 0.350487 0.469534 0.182735 0.314674 0.157914 0.187842 0.417852 0.329226 0.720416 1.000000 0.166455 0.378643 0.039524 0.139015 0.081193 0.047382 0.011691 -0.069432 0.034340 0.064497 0.073602 0.121893 0.111785 0.214723 -0.022288 -0.004540 -0.093218 -0.045346 -0.136845 -0.170236 -0.349266 -0.119618 -0.452528 -0.125099 -0.180283 -0.074616 -0.127501 -0.324147 -0.060159 -0.268380 -0.030317 -0.210607 0.217450 -0.213821 -0.074994 -0.082576 -0.022365 -0.174356 0.118902 0.362165 0.266533 0.310858 0.229994 0.261697 0.264935 0.335290 0.177074 -0.101541 0.041429 -0.068879 0.090809 -0.003554 -0.043370 -0.119767 -0.138018 -0.262685 -0.053149 -0.225475 -0.195247 -0.075879 -0.252942 -0.104946 0.130202 0.065505 -0.014220 0.132796 -0.213917 -0.047011 -0.220167 -0.026406 -0.247511 -0.260416 -0.085687 -0.123234 -0.124427 0.090313 0.049725 0.125013 -0.124916 -0.093520 0.109847 0.239896 0.083800 0.144852
0.006782 0.008789 -0.170455 -0.225838 -0.170669 -0.383010 -0.066126 0.026590 -0.157422 -0.240036 -0.060208 0.032142 0.068388 0.111605 0.034064 -0.043781 0.212477 0.018541 -0.158703 -0.019804 0.205509 -0.085975 -0.149417 -0.152721 -0.183457 -0.205535 -0.207873 -0.165516 0.478315 0.261461 0.117427 0.166455 1.000000 0.503145 -0.113141 0.026511 0.023104 -0.254717 -0.360849 -0.252265 0.130293 -0.091816 0.037596 -0.042543 0.089028 0.084686 -0.027815 -0.032946 0.062882 -0.034763 -0.054402 -0.226444 -0.072411 -0.289292 -0.025810 -0.234383 0.151608 0.004845 0.048094 -0.114122 0.108330 -0.007027 0.402313 0.146886 -0.220551 -0.190017 0.110591 -0.242214 0.437140 0.146216 -0.198544 0.304845 0.439322 -0.061026 -0.027096 -0.025504 0.093160 0.144688 0.217377 0.010792 0.410406 0.489816 -0.204908 0.017651 -0.036036 -0.008576 -0.135691 0.195035 -0.327039 -0.262062 -0.145286 -0.344580 -0.347641 -0.404267 -0.008905 -0.022448 -0.074436 -0.011319 -0.028877 0.037871 -0.013007 -0.197014 -0.071707 0.119383 0.064646 0.155501 -0.023213 0.144485 0.027619 -0.069511 -0.085552 0.155681 -0.057044 -0.110733 0.078675 -0.061947
-0.001472 0.247926 0.006629 0.073866 0.114072 -0.442297 0.214289 0.353563 0.361566 0.176256 0.024395 0.248413 0.172431 0.409236 0.312331 0.305670 0.287306 0.206009 -0.274687 0.096241 -0.041269 0.284877 -0.197844 -0.000089 -0.256591 -0.175410 -0.288262 -0.137960 0.456465 0.636040 0.165897 0.378643 0.503145 1.000000 -0.121168 0.380217 -0.122070 0.094627 -0.226400 -0.062967 0.001849 0.355824 -0.145266 -0.143019 -0.074192 0.197265 -0.349864 -0.223457 -0.214208 -0.051619 -0.150002 -0.252612 -0.366893 -0.439515 -0.427113 -0.358677 0.073291 0.235206 0.008301 -0.476342 0.431757 0.123762 0.139170 0.309704 0.042739 0.331184 -0.246890 -0.304419 0.227750 -0.168979 -0.178462 0.079397 0.534335 0.355797 0.340559 0.391933 0.297348 0.218731 0.222523 0.310797 0.384210 0.271134 -0.122198 0.305856 -0.077034 -0.180629 -0.022702 0.014692 -0.245909 -0.398715 -0.262494 -0.307333 -0.257897 -0.262175 0.282436 0.238104 0.004369 0.392675 -0.485041 -0.334308 0.059472 -0.094914 -0.127881 -0.275012 -0.003005 -0.201593 0.203586 0.085854 0.070351 0.184659 -0.221503 -0.373117 -0.025080 0.264519 0.191947 -0.204214
-0.070801 0.027490 0.238586 0.187030 -0.104731 0.171645 0.199174 -0.042601 -0.060432 -0.115023 0.054291 -0.003474 0.090581 -0.018198 0.221672 0.022907 -0.406940 -0.080444 0.221480 0.060211 0.183880 0.181898 0.621531 0.411587 0.379249 0.514318 0.474852 0.469064 -0.079774 -0.347440 0.142479 0.039524 -0.113141 -0.121168 1.000000 0.464038 0.358161 0.087855 0.211835 0.201490 0.235037 0.109024 -0.396660 -0.336492 -0.375507 -0.370018 -0.372608 -0.191723 -0.355071 -0.416248 0.255990 -0.150784 -0.427843 0.029462 0.073775 -0.181649 0.093570 0.138964 -0.307047 -0.232316 -0.195002 -0.194531 -0.444574 -0.413189 0.464348 0.193394 -0.116415 0.393467 0.253989 0.495520 0.057255 0.378693 -0.139832 0.131688 0.256487 0.073491 0.244065 0.443705 -0.279702 0.033114 -0.378783 -0.023418 0.226591 -0.080695 0.289884 0.148511 0.005807 -0.211283 0.486129 0.325491 -0.039165 -0.019202 0.030730 -0.020686 -0.232581 -0.340639 -0.222580 -0.339207 0.085664 0.381748 0.047314 0.072533 -0.441306 0.026523 -0.426629 -0.130504 -0.147129 -0.380869 -0.285790 -0.346663 0.509794 0.123816 -0.428387 -0.268770 -0.061156 0.210394
-0.229815 0.193319 0.032296 0.045791 0.090164 -0.124525 0.070915 0.152717 0.316090 0.027727 -0.141163 0.089828 0.081162 0.288209 0.142097 0.110598 -0.124793 0.172681 -0.166635 0.178164 0.042027 0.312808 0.088449 -0.062878 0.189394 0.070670 0.171823 0.125864 0.150546 0.126468 0.328787 0.139015 0.026511 0.380217 0.464038 1.000000 0.324897 0.236856 0.117162 0.330953 0.133478 0.287720 -0.326708 -0.302199 -0.220545 0.078858 -0.410845 -0.126144 -0.324006 -0.186749 -0.204463 -0.248225 -0.413391 -0.301262 -0.125044 -0.266302 0.122703 0.342204 -0.044044 -0.355175 0.136399 -0.064916 -0.302794 -0.041094 0.061237 0.371508 -0.160539 0.158179 0.225221 0.325495 0.140111 0.366353 0.361143 0.321010 0.312354 0.142303 0.099859 0.478136 -0.177820 0.147694 0.101031 0.221425 -0.138347 0.093696 -0.094722 -0.064219 -0.239507 -0.029703 0.092789 -0.005614 -0.003248 -0.009826 0.003911 0.040598 -0.011817 0.061445 -0.050307 -0.060200 -0.087341 0.139560 0.163644 0.140428 -0.350620 -0.321974 -0.469301 -0.294975 0.056909 -0.379309 0.137245 -0.002263 0.421309 0.078888 -0.152923 -0.174100 -0.144620 -0.064981
