1.000000 0.222833 0.377516 -0.003571 0.218979 -0.232255 0.191935 -0.144521 -0.006967 -0.215939 0.421713 -0.217435 0.358225 -0.032877 0.172483 -0.173253 0.138858 0.039039 0.296081 0.198360 -0.079191 -0.284475 0.331001 -0.087444 0.212684 -0.256399 -0.001236 -0.016746 -0.038855 -0.227982 -0.362193 -0.409014 -0.249568 -0.128514 0.081085 -0.138301 -0.103571 -0.191399 0.024613 -0.190164 0.006111 -0.155174 0.091479 0.064147 -0.117716 -0.060152 -0.091521 -0.008448 0.155424 -0.081089 0.333839 0.117115 0.396049 -0.042583 0.206640 -0.204227 0.151085 -0.155746 0.336412 0.050033 0.312577 0.078094 0.391021 0.272360 -0.257090 -0.014691 -0.080426 0.004727 -0.235362 -0.363744 0.119796 -0.179584 -0.034793 -0.024023 0.033276 0.146968 0.166054 0.050682 0.029838 0.048055 -0.051406 -0.196638 0.131445 -0.252801 0.145800 -0.128226 0.129058 0.206400 0.285706 0.167576 0.226698 0.302241 -0.239309 0.200670 -0.115644 0.047028 0.073586 -0.059145 0.151204 0.283163 -0.199684 0.144946 0.188314 -0.255377 -0.441734 -0.414681 0.087709 -0.321313 0.020377 0.150990 0.118941 0.227905 0.123021 -0.207864 -0.260880 -0.211845
0.222833 1.000000 -0.191566 -0.287786 0.086305 -0.219675 -0.342600 -0.475019 0.249419 0.054274 -0.045221 -0.104966 0.013763 -0.044821 -0.148080 -0.179800 0.254535 0.080878 -0.283824 0.172045 -0.343226 -0.170619 -0.332095 -0.322201 0.179851 -0.150542 -0.359524 -0.164426 -0.059122 0.086827 -0.398020 -0.283531 0.141806 0.055679 0.099790 0.131915 -0.162394 -0.049273 -0.291134 -0.198803 0.124349 -0.053181 -0.124687 -0.009711 0.068264 -0.067829 0.102706 0.055524 0.324916 0.219951 -0.112290 0.400386 0.310332 0.014385 -0.065459 0.104527 0.271472 0.446771 0.505968 0.539201 0.205482 0.378709 0.051246 0.568095 -0.390892 0.007066 0.240138 -0.194450 0.388235 0.116611 -0.159570 -0.229286 0.096587 -0.132578 -0.160126 -0.088951 -0.133959 -0.032491 0.184595 -0.072225 0.076559 0.127280 -0.095872 -0.238956 -0.160286 0.004551 0.284164 -0.025694 -0.143953 0.200603 -0.051563 -0.211990 -0.267044 -0.155317 -0.191252 -0.238103 -0.056751 -0.149703 0.294181 0.010590 -0.100323 0.130338 0.300528 0.086018 -0.017026 -0.124438 0.281232 -0.143539 -0.126802 -0.089030 0.026751 -0.109167 -0.029855 -0.287765 -0.196751 -0.260838
0.377516 -0.191566 1.000000 0.420403 0.504996 0.131882 0.712772 0.451207 -0.011661 -0.013637 0.226006 0.015234 0.264738 0.003091 0.294152 0.017886 -0.051029 -0.122363 0.426721 -0.070835 0.230361 0.002701 0.511353 0.225416 0.275588 0.112129 0.237117 0.158991 0.062652 -0.210146 0.168103 0.071566 -0.205049 0.090949 0.136127 -0.053317 -0.045924 -0.043328 0.219135 -0.095636 -0.026187 0.128937 -0.164557 -0.214643 -0.309753 -0.005502 -0.375382 -0.122466 -0.212119 -0.455526 0.115858 -0.349931 -0.092874 -0.359750 0.014402 -0.284151 -0.162294 -0.217510 -0.022550 -0.194322 0.187359 -0.134233 0.065814 -0.148295 0.395542 0.078793 -0.079568 0.253197 -0.402296 -0.300859 0.095124 -0.138037 0.040484 -0.007351 0.068809 0.022586 -0.058148 0.000794 -0.117852 -0.199145 -0.077795 -0.117967 0.319066 0.217794 0.099745 -0.141339 0.004366 0.091533 0.379439 -0.008471 0.154298 0.226350 0.040663 0.290296 -0.012493 0.020576 0.047847 -0.185745 -0.170242 -0.056161 -0.079414 0.245799 -0.048595 -0.120963 -0.347101 -0.214465 -0.442526 -0.344250 0.206713 -0.124224 -0.021131 0.040410 -0.253457 -0.041175 -0.224970 -0.123124
-0.003571 -0.287786 0.420403 1.000000 0.121361 0.137883 0.125605 0.353454 -0.140566 -0.218474 -0.123171 0.355129 -0.194490 -0.238206 -0.011287 -0.085051 -0.473882 -0.230426 0.436743 0.401630 0.020109 -0.060919 0.424745 0.565675 0.128472 0.189514 0.230000 0.332924 -0.212144 -0.411079 0.045812 0.082455 -0.312766 -0.000551 0.299987 0.094582 0.065089 0.214762 0.581422 0.394145 -0.369530 0.252242 -0.025524 -0.114503 -0.331928 -0.165519 -0.054683 0.097731 -0.524758 -0.525777 0.244982 -0.484569 -0.229469 -0.177287 0.318153 -0.015018 -0.382781 -0.373091 -0.523893 -0.462677 -0.313712 -0.391886 -0.255407 -0.361706 0.070917 -0.167031 -0.440955 0.290769 -0.428594 -0.310031 0.059086 -0.013287 -0.362775 0.130583 -0.007444 -0.142527 -0.017295 0.256917 -0.469203 -0.153001 -0.372271 -0.434126 0.285715 0.291622 0.109621 0.258868 0.096271 0.378704 0.231311 0.162229 0.396891 0.340470 0.481398 0.169422 0.254232 0.158908 0.271165 0.135363 -0.030249 0.072827 -0.058552 -0.181533 0.041652 -0.103699 -0.105946 -0.034699 -0.115466 0.004318 0.218477 -0.091126 0.301630 0.153379 -0.132200 0.045754 0.010222 0.048422
0.218979 0.086305 0.504996 0.121361 1.000000 0.494638 0.391406 0.171676 0.319449 0.433665 0.093617 -0.086355 0.257070 0.125238 0.379119 0.026878 -0.014366 -0.157688 0.036935 -0.001529 0.059529 -0.110607 0.190102 0.065353 0.642076 0.321368 0.302254 0.117825 -0.213962 -0.336068 -0.087650 -0.267803 -0.334942 -0.128459 -0.015917 -0.116488 -0.025524 -0.321810 0.235844 -0.112654 0.023306 -0.206349 -0.053598 -0.091927 -0.153968 0.055475 -0.087961 -0.030360 0.090266 -0.043212 0.086085 0.029241 0.119527 -0.071113 0.022291 -0.066462 -0.022283 -0.132437 0.246587 0.203552 0.246846 0.238981 -0.166301 0.039800 0.168109 0.173209 -0.107417 0.180665 -0.102456 -0.102722 0.217447 -0.349667 -0.124615 -0.249953 -0.122210 -0.191680 -0.166212 -0.264793 0.004042 -0.216325 -0.074490 -0.099917 0.163706 0.090227 0.089310 -0.199881 0.020798 0.196507 0.269495 0.068294 0.036544 0.132190 0.025884 0.210900 0.062372 -0.046863 0.004375 -0.207011 -0.086304 0.042083 0.141315 0.137614 -0.137053 -0.237249 -0.345529 -0.232384 -0.126687 -0.334105 0.103934 -0.004154 -0.096208 0.036542 -0.127018 -0.207988 -0.126765 -0.030671
-0.232255 -0.219675 0.131882 0.137883 0.494638 1.000000 0.209510 0.322728 0.373272 0.723216 -0.175892 -0.045138 0.125343 0.155965 0.223797 0.216835 -0.308608 -0.157205 -0.284077 -0.109820 0.151700 -0.040239 -0.052258 0.312148 0.350372 0.596610 0.281133 0.196467 -0.246664 -0.359491 0.050916 -0.158167 -0.342543 -0.130707 -0.129673 -0.007715 0.132958 -0.161297 0.302569 0.124839 0.058399 -0.019852 -0.048383 -0.146294 -0.170913 -0.067941 -0.082253 -0.007278 0.019732 -0.116384 -0.067546 -0.164037 -0.020863 -0.044571 0.203470 0.085384 -0.177887 -0.231593 0.108653 0.065479 0.127557 0.289442 -0.329720 -0.143318 0.198902 0.338622 -0.205397 0.210010 -0.089360 0.042772 0.430140 -0.215071 -0.132242 -0.353708 -0.280631 -0.230915 -0.147342 -0.251746 -0.033687 -0.066406 -0.157512 -0.258855 -0.041165 0.028839 -0.178831 -0.140701 -0.186209 0.333886 0.038885 0.185922 0.220555 0.090493 0.464775 0.176585 0.348652 0.049544 0.025161 0.082275 -0.030841 -0.009407 0.480829 -0.077743 -0.065680 -0.176429 -0.205584 -0.051538 -0.026391 -0.021802 0.132617 0.057867 -0.059236 0.116307 -0.096825 0.075403 0.243134 0.284261
0.191935 -0.342600 0.712772 0.125605 0.391406 0.209510 1.000000 0.480880 0.045549 0.203043 0.483198 0.023080 0.485500 0.248877 0.452289 0.344163 0.067187 0.069688 0.384610 -0.229754 0.394949 0.044604 0.351975 0.161022 0.130919 -0.021065 0.144451 -0.074557 0.337151 0.115258 0.205911 0.116563 -0.034460 0.065072 -0.094913 -0.158443 -0.186162 -0.197275 0.000100 -0.182829 0.078139 -0.006427 -0.252679 -0.357821 -0.249190 -0.094711 -0.470143 -0.422078 -0.233894 -0.193784 -0.167501 -0.258365 -0.172646 -0.230749 -0.221948 -0.402615 -0.191857 -0.183122 -0.062760 -0.160185 0.321907 0.105975 0.149563 -0.288781 0.628456 0.265448 -0.015278 -0.039417 -0.295568 -0.245771 0.157578 -0.099975 0.338331 0.049852 0.224812 0.189997 -0.013564 -0.195487 0.007057 -0.135547 0.024779 0.121873 0.351674 0.320095 0.137528 -0.292666 -0.191616 -0.244179 0.207082 -0.181696 -0.022944 0.107251 0.012975 0.304460 -0.067688 -0.050578 -0.259545 -0.157254 -0.417787 -0.284006 -0.014383 0.351377 -0.265193 -0.074282 -0.187976 0.005057 -0.390473 0.052017 0.103807 -0.090888 -0.456791 0.001056 -0.162596 0.048202 -0.078703 0.019747
-0.144521 -0.475019 0.451207 0.353454 0.171676 0.322728 0.480880 1.000000 0.025890 0.348486 -0.024686 0.126788 -0.149975 0.253043 -0.054075 0.136743 -0.039693 0.048523 0.130217 -0.236958 0.114420 0.056826 0.021688 0.183966 -0.033158 0.202234 -0.016236 -0.162404 -0.078267 -0.042610 0.081609 0.160852 -0.069199 -0.026180 0.070482 -0.017479 -0.038067 -0.129228 0.170066 -0.042031 -0.086894 0.060020 -0.079621 -0.076099 -0.078050 0.030611 -0.074854 -0.125667 -0.167296 -0.228780 -0.235855 -0.470929 -0.261441 -0.538839 0.047667 -0.020467 -0.116816 -0.368788 -0.148997 -0.184382 0.007607 -0.014117 -0.119118 -0.442520 0.277805 0.391573 0.025942 0.123534 -0.451611 -0.175703 0.073830 -0.171183 -0.044189 -0.181570 0.023362 -0.044442 -0.041580 -0.060953 -0.035924 -0.024439 0.030987 -0.043152 0.108988 0.119394 0.045224 -0.290919 -0.050611 -0.082317 0.230655 -0.292606 0.038076 0.041871 0.262699 0.149313 0.178767 0.176287 -0.023562 0.128227 -0.078881 0.046393 0.172766 0.089872 -0.185499 0.161622 0.125777 0.220907 -0.428370 0.106526 0.035498 -0.032455 -0.197606 0.017544 -0.143203 0.223286 0.143173 0.173965
-0.006967 0.249419 -0.011661 -0.140566 0.319449 0.373272 0.045549 0.025890 1.000000 0.513752 0.016947 -0.317362 -0.090781 0.022701 0.024040 -0.276120 -0.042392 -0.000728 -0.053709 -0.093264 -0.235221 -0.135659 -0.036478 -0.057985 0.440865 0.127143 -0.419630 -0.345883 -0.258995 -0.273389 -0.207408 -0.217345 -0.115648 -0.090851 0.030182 -0.250409 -0.040888 -0.289864 -0.086763 -0.156066 -0.107880 -0.059816 -0.125599 -0.144420 0.061730 0.113038 0.087157 -0.155348 0.233825 0.240805 0.025802 0.189983 0.142127 -0.112742 -0.018935 0.139192 0.077669 0.089613 0.295706 0.356723 0.221801 0.330396 0.051846 0.178643 -0.004679 0.170849 0.125876 0.060702 -0.087590 0.015647 0.132621 -0.254764 -0.045683 -0.227801 -0.285110 -0.222029 0.071203 -0.099463 -0.039247 -0.046582 -0.015055 0.025217 -0.138620 -0.221745 0.118963 -0.271985 0.212469 -0.000736 0.084151 -0.064054 0.149967 0.068630 0.050832 0.145037 0.051482 -0.031552 -0.242320 -0.065411 0.110125 -0.060560 0.193152 0.319728 0.261820 0.147755 0.011803 0.040560 0.087582 -0.076454 0.085147 0.083092 -0.260969 -0.113766 -0.184001 0.048226 0.023304 0.160343
-0.215939 0.054274 -0.013637 -0.218474 0.433665 0.723216 0.203043 0.348486 0.513752 1.000000 -0.077173 -0.083150 0.162322 0.386260 0.098771 0.231851 0.007278 0.111242 -0.446587 -0.332521 -0.045380 -0.083311 -0.388897 -0.071211 0.216140 0.353337 -0.212044 -0.290547 -0.212128 -0.015158 -0.152193 -0.185163 -0.136149 -0.144907 -0.126093 0.078629 -0.109169 -0.365962 -0.066489 -0.177434 0.181339 -0.151444 -0.110227 -0.097149 0.009446 0.072534 -0.019820 -0.123245 0.317795 0.223391 -0.362852 0.116236 0.149840 -0.183701 0.008181 0.056254 -0.027420 -0.136198 0.447506 0.407961 0.427398 0.684958 -0.094953 0.080865 0.105254 0.625842 0.154703 0.031475 0.051801 0.047049 0.208148 -0.305202 0.110310 -0.385224 -0.207965 -0.154404 -0.234984 -0.334958 0.150307 -0.113092 -0.010804 0.054557 -0.186786 -0.211737 -0.296479 -0.437339 -0.101822 -0.001267 -0.173302 -0.037930 -0.070234 -0.126866 0.200820 0.024039 0.186240 -0.002006 -0.156456 0.041447 -0.049324 -0.025789 0.480951 0.116414 -0.145022 0.016909 0.014802 0.140524 -0.074059 0.046674 0.048563 0.046048 -0.284999 -0.038369 -0.148918 0.073917 0.350000 0.280609
0.421713 -0.045221 0.226006 -0.123171 0.093617 -0.175892 0.483198 -0.024686 0.016947 -0.077173 1.000000 0.145198 0.646494 0.331026 0.487431 0.204326 0.369828 0.344371 0.453844 -0.001348 0.292402 -0.322606 0.338902 0.094921 0.013513 -0.276611 -0.024943 -0.116205 0.604127 0.271874 -0.040200 -0.048653 0.111187 -0.027575 -0.189838 -0.211288 -0.198592 -0.313342 -0.232627 -0.261527 0.152822 -0.258846 -0.185211 -0.303716 -0.325966 -0.236861 -0.359285 -0.459135 -0.093111 -0.098550 0.044002 -0.075609 0.174048 -0.064143 -0.157478 -0.566225 -0.086038 -0.108739 0.055983 -0.046679 0.390311 0.139753 0.632729 0.136254 0.304913 -0.067313 -0.077258 -0.266257 -0.128652 -0.266836 0.137013 -0.022854 0.447713 0.189667 0.287225 0.439913 0.220240 -0.114951 0.082305 0.103846 0.209840 0.262405 0.399774 0.169547 0.376782 -0.029040 -0.149100 -0.302431 0.190890 -0.120180 0.090514 0.053185 -0.192344 0.070719 -0.376731 -0.131314 -0.331233 -0.282697 -0.252755 -0.263710 -0.221113 0.230362 0.057919 -0.103277 -0.191176 -0.207883 -0.041442 0.075785 -0.108606 -0.017074 -0.393768 0.081827 0.045490 -0.070727 -0.251265 -0.088849
-0.217435 -0.104966 0.015234 0.355129 -0.086355 -0.045138 0.023080 0.126788 -0.317362 -0.083150 0.145198 1.000000 0.094317 0.370440 -0.095107 0.279307 -0.042967 0.140014 0.127043 0.017501 0.010506 -0.149260 -0.153149 0.283063 -0.253931 -0.068042 0.141852 0.146407 0.186560 0.240240 -0.005996 0.146343 0.086045 -0.107567 -0.140938 0.063746 0.014836 0.158617 0.072591 0.260937 -0.036990 0.049332 -0.398345 -0.352793 -0.440225 -0.383715 -0.303073 -0.329893 -0.344896 -0.390531 -0.081016 -0.353787 -0.070897 -0.265346 0.058224 -0.184064 -0.221121 -0.319317 -0.255711 -0.227357 -0.131290 -0.038811 0.034881 -0.078652 0.163906 0.004906 -0.154736 -0.031180 -0.089596 -0.079727 -0.100752 0.038544 0.025686 0.025992 0.099727 -0.056244 -0.208366 -0.105165 -0.059083 -0.061363 -0.027556 0.129564 0.069300 0.227340 0.096299 0.512318 -0.099186 -0.082622 -0.049579 0.099953 0.093662 -0.046022 0.394888 -0.121342 0.009904 0.169802 0.025583 0.159685 -0.259949 -0.176806 -0.066241 -0.251979 -0.214696 0.130262 0.185350 0.110146 -0.102043 0.179266 0.104963 -0.024797 0.008162 0.036053 0.010417 0.185708 0.192526 0.142299
0.358225 0.013763 0.264738 -0.194490 0.257070 0.125343 0.485500 -0.149975 -0.090781 0.162322 0.646494 0.094317 1.000000 0.412997 0.593430 0.453276 0.100317 0.086952 0.017058 -0.173413 0.194482 -0.311892 0.211028 0.091179 -0.016445 -0.110070 0.103559 0.011331 0.426638 0.171376 -0.040828 -0.172637 0.008950 -0.002424 -0.272234 0.028767 -0.239740 -0.285394 -0.281148 -0.283975 0.278084 -0.168781 -0.231385 -0.276409 -0.246515 -0.117203 -0.482064 -0.386761 0.088031 0.024240 -0.140227 0.155749 0.316319 0.188474 -0.166511 -0.531683 -0.205306 -0.152431 0.308724 0.107031 0.554208 0.421347 0.381279 0.221298 0.141445 0.221519 -0.046005 -0.085951 0.019972 -0.086126 0.169039 -0.049075 0.473558 0.015327 0.123302 0.242752 -0.104038 -0.336821 0.069468 -0.062073 -0.027653 0.082565 0.151416 0.035715 -0.065707 -0.088714 -0.294316 -0.146326 -0.011262 0.184845 0.092784 0.000746 -0.013675 0.135392 -0.268324 -0.268890 -0.354374 -0.356041 -0.330556 -0.349408 0.102251 0.090531 0.052370 -0.147559 -0.246581 -0.248502 0.106209 0.026014 -0.212972 -0.082422 -0.266561 -0.022124 -0.016382 -0.148432 -0.112671 -0.180244
-0.032877 -0.044821 0.003091 -0.238206 0.125238 0.155965 0.248877 0.253043 0.022701 0.386260 0.331026 0.370440 0.412997 1.000000 0.107716 0.447691 0.145480 0.329213 -0.297000 -0.394862 0.018472 -0.085728 -0.250524 0.001538 -0.091962 -0.010409 0.002066 -0.196695 0.187023 0.352774 -0.254834 -0.122072 0.170468 -0.114345 -0.295815 0.150556 -0.075408 -0.165076 -0.288283 -0.213483 0.166401 -0.238987 -0.272709 -0.193278 0.000175 0.080094 -0.188550 -0.295894 0.228757 0.196943 -0.314544 0.033096 0.134954 -0.259051 -0.120202 -0.142661 -0.032329 -0.283455 0.289583 0.178779 0.392512 0.558116 0.233669 0.163914 0.096347 0.506220 0.197281 -0.076303 0.078226 0.081592 -0.056229 -0.245214 0.322447 -0.304432 0.014349 0.002616 -0.179962 -0.498273 0.136498 -0.057393 0.158855 0.231031 -0.176951 -0.062250 -0.176797 -0.126483 -0.301064 -0.302513 -0.169134 -0.087048 -0.069877 -0.265754 -0.012778 -0.140000 -0.215201 -0.087692 -0.178686 -0.082386 -0.071817 -0.191886 0.114125 -0.123192 -0.272401 0.037965 0.061437 0.039631 -0.112689 0.141838 -0.255936 0.058461 -0.299447 0.016459 0.145788 0.125528 0.080916 0.090362
0.172483 -0.148080 0.294152 -0.011287 0.379119 0.223797 0.452289 -0.054075 0.024040 0.098771 0.487431 -0.095107 0.593430 0.107716 1.000000 0.474823 0.058369 0.131159 0.193783 -0.051359 0.381419 -0.092455 0.461958 0.218182 0.109470 0.057548 0.345330 0.236910 0.325068 0.040302 0.146113 -0.029244 -0.124465 0.092434 -0.169671 -0.227883 0.031155 -0.176449 -0.051870 -0.189550 0.151057 -0.093893 -0.103724 -0.242999 -0.338141 -0.224523 -0.379434 -0.306864 -0.030995 -0.099532 0.073354 0.094911 0.078620 0.324399 -0.100270 -0.511144 -0.038505 -0.028131 -0.049801 -0.138904 0.322488 0.066057 0.161387 0.027414 0.257044 -0.051360 -0.373299 -0.098173 -0.058501 -0.274210 0.394543 0.114135 0.281604 0.283417 0.355347 0.316867 0.146844 -0.053668 -0.029320 0.008331 0.012408 -0.026877 0.310459 0.282709 0.167239 -0.159643 -0.039872 0.009170 0.281737 0.139085 0.149158 0.277563 0.054250 0.459788 -0.243923 -0.231660 -0.264335 -0.416171 -0.325667 -0.179015 0.117955 0.259873 0.109080 -0.194453 -0.405988 -0.339245 0.085454 -0.256816 -0.112107 -0.026015 -0.305452 0.003064 0.084151 -0.352292 -0.304393 -0.211821
-0.173253 -0.179800 0.017886 -0.085051 0.026878 0.216835 0.344163 0.136743 -0.276120 0.231851 0.204326 0.279307 0.453276 0.447691 0.474823 1.000000 0.137225 0.231374 -0.196706 -0.177742 0.217332 0.102991 -0.097949 0.019810 -0.299399 -0.064429 0.217731 0.089138 0.463945 0.492561 0.080391 0.068545 0.213634 0.157707 -0.232588 -0.006194 0.110567 0.148678 -0.019762 0.030441 0.187510 0.115149 -0.313966 -0.331732 -0.303262 -0.413633 -0.441800 -0.316995 -0.065798 -0.001435 -0.388797 -0.003961 -0.140627 0.096974 -0.133018 -0.296602 0.112119 -0.018975 -0.042799 -0.118690 0.394281 0.336393 0.082558 0.041815 0.292003 0.264557 -0.208765 -0.365527 0.209765 -0.092721 0.121327 0.052756 0.452120 -0.020819 0.196256 0.150958 -0.133323 -0.333661 0.189750 0.039846 0.128320 0.093041 0.218874 0.408671 -0.209118 -0.130561 -0.399158 -0.214670 -0.169051 0.096098 -0.065328 -0.036158 0.150187 0.201242 -0.103580 -0.078284 -0.079957 -0.100651 -0.373115 -0.220980 0.185635 0.081660 -0.292491 -0.000109 -0.143623 -0.102738 -0.089733 0.076095 -0.135107 -0.072314 -0.250236 0.056745 0.227189 -0.143029 -0.022336 -0.168631
0.138858 0.254535 -0.051029 -0.473882 -0.014366 -0.308608 0.067187 -0.039693 -0.042392 0.007278 0.369828 -0.042967 0.100317 0.145480 0.058369 0.137225 1.000000 0.607543 -0.057123 -0.213392 0.107721 0.090699 -0.141350 -0.353613 -0.114636 -0.217750 -0.277753 -0.201365 0.464716 0.569714 0.097429 0.190118 0.397682 0.233351 -0.143116 -0.169249 0.061233 -0.209664 -0.389956 -0.371776 0.389259 -0.256451 -0.237760 -0.219757 -0.087044 -0.174317 -0.159968 -0.254153 0.165907 0.080431 -0.181788 0.098808 0.094680 -0.050659 -0.353639 -0.357922 0.522406 0.421832 0.236035 0.185186 0.424229 0.196575 0.464537 0.336689 0.224797 -0.056168 0.207661 -0.424165 0.256210 0.013474 -0.165501 0.038901 0.507033 0.022190 0.264960 0.211434 0.190435 -0.059747 0.712324 0.229061 0.677156 0.646804 0.167826 0.020295 0.152296 -0.267081 -0.013331 -0.349614 -0.024864 -0.434673 -0.335161 -0.257405 -0.476585 -0.161933 -0.470840 -0.042750 -0.260765 -0.209667 -0.169301 -0.128203 -0.263401 0.214035 -0.194407 0.013627 -0.080126 -0.114205 -0.213106 -0.211562 -0.078576 -0.021916 -0.289621 -0.169576 -0.027262 -0.168558 -0.107621 -0.133013
0.039039 0.080878 -0.122363 -0.230426 -0.157688 -0.157205 0.069688 0.048523 -0.000728 0.111242 0.344371 0.140014 0.086952 0.329213 0.131159 0.231374 0.607543 1.000000 -0.076215 -0.185383 0.099277 0.002750 -0.091458 -0.099803 -0.195041 -0.193602 -0.247030 -0.226185 0.394665 0.551602 -0.114515 0.052690 0.328610 0.039040 -0.061327 -0.102331 0.018750 -0.182462 -0.318138 -0.348524 0.112174 -0.288389 -0.130067 -0.169501 -0.022055 -0.163810 -0.028583 -0.227444 0.206327 0.162111 -0.101160 0.144076 0.178863 -0.060805 -0.165688 -0.268934 0.191283 0.060503 0.009957 -0.120337 0.436209 0.242742 0.455465 0.299684 0.161652 0.107203 -0.045698 -0.393089 0.204072 -0.320768 -0.126872 -0.067183 0.508365 0.155105 0.224441 0.217609 0.199226 -0.114619 0.348867 0.121707 0.332581 0.517213 -0.019696 -0.071969 0.017342 -0.383190 -0.114141 -0.337692 -0.020186 -0.308118 -0.097448 -0.051291 -0.138040 -0.042284 -0.347025 0.027941 -0.189562 -0.104349 -0.091174 -0.011457 -0.083306 0.141144 -0.128908 0.084572 0.095919 0.037785 -0.161546 -0.055391 -0.105758 0.121812 -0.251646 0.108187 0.146710 0.113318 -0.068058 -0.000984
0.296081 -0.283824 0.426721 0.436743 0.036935 -0.284077 0.384610 0.130217 -0.053709 -0.446587 0.453844 0.127043 0.017058 -0.297000 0.193783 -0.196706 -0.057123 -0.076215 1.000000 0.373268 0.197104 -0.103797 0.557395 0.211667 0.020072 -0.317004 0.106954 0.035020 0.229620 -0.107861 0.117477 0.109315 -0.151670 -0.099374 0.015419 -0.295553 -0.200400 -0.020109 0.132035 0.047959 -0.186143 0.063891 0.014409 -0.068730 -0.296057 -0.186964 -0.105021 -0.197970 -0.433856 -0.354678 0.362211 -0.305808 -0.094925 -0.124059 -0.080291 -0.295414 -0.184289 -0.201029 -0.417683 -0.390672 -0.196731 -0.451339 0.123009 -0.375788 0.294341 -0.336797 -0.255897 0.022755 -0.414832 -0.293792 0.090421 0.119852 -0.114684 0.397982 0.283981 0.228899 0.157128 0.212555 -0.315609 -0.105066 -0.068703 0.013593 0.423434 0.340807 0.594946 0.174595 0.145359 -0.131186 0.453218 -0.055325 0.227743 0.392580 -0.027043 0.220868 -0.130100 -0.093469 -0.141670 -0.162641 -0.195407 -0.041567 -0.385096 0.273726 0.097953 0.037741 -0.077012 -0.043959 -0.109228 -0.116234 0.150346 -0.133239 -0.067598 -0.008960 -0.087056 -0.092569 -0.198222 0.021539
0.198360 0.172045 -0.070835 0.401630 -0.001529 -0.109820 -0.229754 -0.236958 -0.093264 -0.332521 -0.001348 0.017501 -0.173413 -0.394862 -0.051359 -0.177742 -0.213392 -0.185383 0.373268 1.000000 -0.204123 -0.196619 0.072370 0.085009 0.058791 -0.104684 0.127280 0.130844 0.009677 -0.266133 -0.149493 -0.227933 0.001514 0.123979 0.329744 0.151962 0.181136 0.241629 0.452980 0.332980 -0.311747 0.144460 0.136640 0.119520 -0.191741 -0.142966 0.159634 0.291739 -0.259265 -0.146842 0.241245 -0.023501 -0.056480 0.155597 0.311679 0.073688 0.032726 -0.042138 -0.186872 -0.130172 -0.147919 -0.226583 -0.041710 0.066465 -0.116035 -0.335030 -0.388466 0.033822 -0.044187 -0.100759 -0.089158 -0.154917 -0.146093 0.046303 -0.092561 -0.034879 0.146671 0.128589 -0.216617 0.075716 -0.026003 -0.293757 0.417749 0.299977 0.074942 0.179421 0.181040 0.337026 0.121178 0.217024 0.364539 0.281471 0.081601 0.081578 -0.083901 -0.050841 0.344969 -0.188573 0.160959 0.195450 -0.142460 -0.152801 0.231384 -0.167774 -0.200470 -0.400107 0.255972 -0.134378 -0.015493 -0.040184 0.318557 0.205143 0.191526 -0.358977 -0.321277 -0.263777
-0.079191 -0.343226 0.230361 0.020109 0.059529 0.151700 0.394949 0.114420 -0.235221 -0.045380 0.292402 0.010506 0.194482 0.018472 0.381419 0.217332 0.107721 0.099277 0.197104 -0.204123 1.000000 0.416630 0.419765 0.295178 0.149878 0.325268 0.385925 0.442723 0.353587 0.274580 0.618956 0.505594 0.035317 0.268590 -0.251899 -0.232841 -0.045495 -0.118116 -0.037914 -0.158700 0.399989 -0.235941 0.076204 -0.052215 -0.136404 -0.117802 -0.150069 -0.123874 -0.391721 -0.224622 -0.120307 -0.357520 -0.312889 0.136415 -0.194386 -0.277335 -0.091995 0.112830 -0.424262 -0.376628 -0.182390 -0.340931 -0.001488 -0.379912 0.555051 -0.209297 -0.166817 -0.245713 0.049994 -0.028356 0.393694 0.471371 0.190953 0.246542 0.193224 0.462686 0.068052 -0.034546 0.121811 0.205312 0.196300 0.254051 0.201914 0.302340 0.158772 0.101297 -0.231816 -0.164579 0.040720 -0.199097 -0.164836 -0.059071 -0.040591 0.109299 -0.154518 -0.143663 -0.214893 -0.058605 -0.249875 -0.129326 -0.168688 0.208746 -0.166224 -0.392575 -0.264121 -0.067419 -0.148185 0.136570 0.040413 -0.107468 -0.269926 0.075537 -0.030059 0.047676 -0.037990 0.088704
-0.284475 -0.170619 0.002701 -0.060919 -0.110607 -0.040239 0.044604 0.056826 -0.135659 -0.083311 -0.322606 -0.149260 -0.311892 -0.085728 -0.092455 0.102991 0.090699 0.002750 -0.103797 -0.196619 0.416630 1.000000 0.019682 -0.023422 0.103504 0.249851 0.089466 0.332791 0.096154 0.373740 0.525766 0.672119 0.241120 0.411884 0.096319 -0.020786 0.187771 0.228477 -0.007656 -0.021621 0.088916 0.186060 0.012345 -0.012565 0.118870 0.026222 0.026346 0.122621 -0.162502 -0.019284 -0.221263 -0.031562 -0.460713 0.129697 -0.163618 -0.051544 0.314729 0.339772 -0.361809 -0.240346 -0.276850 -0.244516 -0.172372 -0.263881 0.358942 -0.066216 0.031227 -0.259551 0.192379 0.148515 -0.117419 0.427139 0.154714 0.015717 0.054983 -0.102280 -0.055304 -0.042054 0.228924 0.110994 0.397019 0.382284 -0.166438 0.274155 0.048515 -0.043563 -0.066655 -0.224348 -0.090262 -0.293428 -0.478833 -0.280999 -0.292349 -0.209370 -0.022232 -0.276450 0.004990 -0.012192 -0.135080 -0.142723 -0.296996 0.097896 -0.271053 -0.136461 -0.005628 0.077156 -0.207944 0.043600 0.025761 -0.344084 -0.089191 -0.238005 -0.265417 -0.084735 -0.031097 -0.048204
0.331001 -0.332095 0.511353 0.424745 0.190102 -0.052258 0.351975 0.021688 -0.036478 -0.388897 0.338902 -0.153149 0.211028 -0.250524 0.461958 -0.097949 -0.141350 -0.091458 0.557395 0.072370 0.419765 0.019682 1.000000 0.548110 0.287415 0.149278 0.335280 0.449169 0.071093 -0.318489 0.287205 0.139942 -0.296577 0.091275 0.019708 -0.234100 0.017207 -0.027737 0.195700 -0.023515 0.046225 -0.095040 0.076348 -0.069180 -0.257793 -0.100120 -0.142549 -0.082330 -0.302541 -0.320773 0.451657 -0.227832 -0.062545 0.151726 0.042560 -0.234401 -0.257621 -0.069420 -0.361770 -0.397363 -0.123794 -0.524895 0.091013 -0.278437 0.202774 -0.400827 -0.301047 0.134652 -0.289756 -0.234151 0.292982 0.207917 -0.129109 0.347999 0.153074 0.347548 0.230472 0.187658 -0.343353 0.019526 -0.198164 -0.193720 0.369435 0.188190 0.323420 0.092665 -0.048877 0.173802 0.319943 0.024694 0.318671 0.372650 0.039527 0.398002 -0.146018 -0.031034 -0.093470 -0.204293 -0.081558 -0.033087 -0.232401 0.186061 0.176361 -0.269370 -0.429466 -0.298349 -0.077282 -0.255282 0.124332 0.004619 -0.026625 0.052711 -0.040008 -0.025339 -0.283176 -0.140809
-0.087444 -0.322201 0.225416 0.565675 0.065353 0.312148 0.161022 0.183966 -0.057985 -0.071211 0.094921 0.283063 0.091179 0.001538 0.218182 0.019810 -0.353613 -0.099803 0.211667 0.085009 0.295178 -0.023422 0.548110 1.000000 0.122407 0.488224 0.363797 0.585994 -0.059394 -0.274652 0.240335 0.212849 -0.335076 0.058241 -0.183073 -0.067806 0.001574 -0.066358 0.243369 0.059847 0.150989 -0.180640 -0.159783 -0.185001 -0.372563 -0.281343 -0.197768 -0.171941 -0.341091 -0.426700 0.331784 -0.371943 -0.084927 0.147554 0.191298 -0.107396 -0.556921 -0.243899 -0.422822 -0.318581 -0.276709 -0.377051 -0.046445 -0.335181 0.168743 -0.237752 -0.290834 0.197643 -0.222966 -0.073980 0.236265 0.110941 -0.213633 0.183140 -0.045785 0.116042 0.000941 0.107981 -0.348288 0.089637 -0.265071 -0.214083 0.186807 0.029218 0.161483 0.298413 -0.168294 0.157759 0.090047 0.066809 0.397054 0.175987 0.450226 0.232140 -0.031485 0.102066 -0.134312 0.118773 -0.134092 -0.237060 0.058263 -0.149749 0.157781 -0.167533 -0.238509 -0.063362 0.005188 0.003003 0.010728 0.174411 -0.013938 0.037018 -0.057066 0.299954 0.139523 0.113817
0.212684 0.179851 0.275588 0.128472 0.642076 0.350372 0.130919 -0.033158 0.440865 0.216140 0.013513 -0.253931 -0.016445 -0.091962 0.109470 -0.299399 -0.114636 -0.195041 0.020072 0.058791 0.149878 0.103504 0.287415 0.122407 1.000000 0.449005 0.090009 0.222845 -0.333291 -0.385699 0.029632 -0.110987 -0.236024 -0.044247 0.106166 -0.105680 0.072023 -0.235177 0.220225 0.002604 -0.026902 -0.182523 0.074513 -0.000559 -0.005878 0.080408 0.068396 0.106088 0.028037 -0.045384 0.151720 0.013477 -0.052751 -0.056362 0.008260 0.031648 0.071864 0.185398 0.055678 0.131841 0.014576 -0.029095 -0.176281 0.013485 0.135136 0.049393 -0.019969 0.118750 -0.036477 0.035709 0.303264 -0.228480 -0.181136 -0.208891 -0.242220 -0.216052 -0.097830 -0.157257 0.040803 -0.098048 0.052414 -0.058808 0.049112 0.060055 0.288960 -0.016183 0.171276 0.294177 0.267911 0.018030 -0.099120 -0.047714 -0.170581 0.030314 0.226815 -0.099625 0.051825 -0.081163 0.123868 0.098179 -0.139536 0.210734 0.006486 -0.368568 -0.375229 -0.229402 -0.050451 -0.141015 0.224701 -0.097513 -0.037102 0.081765 -0.180705 -0.090329 -0.104573 0.077376
-0.256399 -0.150542 0.112129 0.189514 0.321368 0.596610 -0.021065 0.202234 0.127143 0.353337 -0.276611 -0.068042 -0.110070 -0.010409 0.057548 -0.064429 -0.217750 -0.193602 -0.317004 -0.104684 0.325268 0.249851 0.149278 0.488224 0.449005 1.000000 0.302202 0.586184 -0.341673 -0.277866 0.459338 0.304518 -0.296125 0.253904 -0.042530 0.201399 0.077924 -0.119301 0.342635 0.078741 0.268659 -0.204973 -0.037842 -0.038511 -0.139869 0.046573 -0.016079 0.164579 -0.200690 -0.260699 -0.043514 -0.263040 -0.264924 0.158091 0.153035 0.092065 -0.154464 -0.001117 -0.164996 -0.053864 -0.190927 -0.120458 -0.356986 -0.181890 0.160108 0.023902 -0.142872 0.186618 -0.016278 0.082976 0.340356 0.145818 -0.152109 -0.252574 -0.325134 -0.073202 -0.157624 0.027377 -0.049448 0.149189 -0.060631 -0.171317 -0.038655 -0.069237 -0.183140 -0.002773 -0.037359 0.323858 -0.075038 -0.036630 0.030530 -0.110369 0.289950 0.090083 0.178038 0.186886 0.087822 0.138235 -0.003688 -0.025942 0.313333 -0.049708 0.010322 -0.277795 -0.246413 -0.091625 0.024250 -0.042389 0.159183 0.111465 0.142755 0.096808 -0.153926 0.205064 0.211003 0.174333
-0.001236 -0.359524 0.237117 0.230000 0.302254 0.281133 0.144451 -0.016236 -0.419630 -0.212044 -0.024943 0.141852 0.103559 0.002066 0.345330 0.217731 -0.277753 -0.247030 0.106954 0.127280 0.385925 0.089466 0.335280 0.363797 0.090009 0.302202 1.000000 0.668749 0.031682 -0.245415 0.243407 -0.037986 -0.379282 -0.091653 -0.189106 -0.057888 0.186118 0.233715 0.461741 0.301984 0.054286 0.045351 0.034119 -0.017493 -0.282631 -0.136668 -0.175455 0.095397 -0.277293 -0.394346 0.328137 -0.264770 -0.118408 0.169395 0.256951 0.048464 -0.223371 -0.251090 -0.256486 -0.340720 -0.314980 -0.337750 -0.346609 -0.219178 0.131774 -0.251729 -0.414735 0.198173 -0.069529 -0.069142 0.291841 0.013716 -0.266096 0.090669 0.117577 0.026182 -0.091506 -0.077311 -0.213283 0.031952 -0.188221 -0.369809 0.111868 0.313181 0.031004 0.278492 -0.184403 0.322721 0.226256 0.290380 0.116566 0.220473 0.188672 0.167165 0.147690 0.116963 0.295046 0.073680 -0.059428 0.057770 0.081488 -0.246501 -0.191325 -0.280915 -0.273129 -0.170374 -0.039234 -0.139360 0.070195 0.099585 0.181390 0.228848 0.249987 -0.040315 -0.084277 0.076245
-0.016746 -0.164426 0.158991 0.332924 0.117825 0.196467 -0.074557 -0.162404 -0.345883 -0.290547 -0.116205 0.146407 0.011331 -0.196695 0.236910 0.089138 -0.201365 -0.226185 0.035020 0.130844 0.442723 0.332791 0.449169 0.585994 0.222845 0.586184 0.668749 1.000000 -0.036290 -0.145418 0.461255 0.342560 -0.261833 0.276023 -0.106054 0.032247 0.235467 0.210742 0.403204 0.250222 0.170605 -0.059995 -0.032309 -0.087220 -0.349918 -0.271237 -0.154899 0.197250 -0.389188 -0.494736 0.271632 -0.296623 -0.310095 0.297705 0.199076 -0.136945 -0.065790 0.063151 -0.416386 -0.404480 -0.398171 -0.493226 -0.265567 -0.207283 0.143639 -0.399017 -0.436972 0.033427 0.029678 -0.071014 0.245926 0.300788 -0.163394 0.114138 0.028860 0.094180 -0.097097 0.083061 -0.087768 0.198617 -0.009824 -0.137307 0.087309 0.239925 0.070690 0.384251 -0.071055 0.347289 0.092261 0.178578 0.037004 0.012099 0.141496 0.085966 0.035607 0.012988 0.176760 0.016909 -0.076890 -0.065762 -0.081020 -0.170134 0.000954 -0.309212 -0.351423 -0.260417 0.054649 -0.189566 0.089728 -0.038475 0.254513 0.114761 -0.002225 -0.050062 -0.031028 0.014058
-0.038855 -0.059122 0.062652 -0.212144 -0.213962 -0.246664 0.337151 -0.078267 -0.258995 -0.212128 0.604127 0.186560 0.426638 0.187023 0.325068 0.463945 0.464716 0.394665 0.229620 0.009677 0.353587 0.096154 0.071093 -0.059394 -0.333291 -0.341673 0.031682 -0.036290 1.000000 0.645156 0.257603 0.313260 0.509428 0.265218 -0.051296 -0.012478 0.034597 0.098124 -0.248842 -0.156890 0.122370 0.126453 -0.263544 -0.363036 -0.197742 -0.312047 -0.366906 -0.311292 -0.064819 0.003895 -0.284768 0.037675 -0.130849 0.060309 -0.387531 -0.517504 0.071085 0.148528 -0.166784 -0.223607 0.264620 0.020974 0.408836 0.067766 0.472835 -0.188551 -0.121282 -0.477047 0.124471 -0.026851 -0.067782 0.163127 0.726658 0.156875 0.265977 0.251243 0.149087 -0.205041 0.244717 0.055080 0.454763 0.443039 0.380203 0.557998 0.135915 -0.032853 -0.491431 -0.513148 -0.101243 -0.311967 -0.118005 -0.083834 -0.187494 -0.010414 -0.439700 -0.290041 -0.246143 -0.433657 -0.281678 -0.428391 -0.179243 0.218090 -0.070807 0.071709 0.089513 -0.092259 -0.086850 0.176441 -0.228007 -0.266714 -0.333111 -0.123018 0.024250 -0.170756 -0.346566 -0.293024
-0.227982 0.086827 -0.210146 -0.411079 -0.336068 -0.359491 0.115258 -0.042610 -0.273389 -0.015158 0.271874 0.240240 0.171376 0.352774 0.040302 0.492561 0.569714 0.551602 -0.107861 -0.266133 0.274580 0.373740 -0.318489 -0.274652 -0.385699 -0.277866 -0.245415 -0.145418 0.645156 1.000000 0.256404 0.466698 0.631081 0.301832 -0.197700 -0.025640 -0.072213 0.034383 -0.456950 -0.273001 0.239499 -0.069358 -0.225344 -0.205218 0.046094 -0.193103 -0.176255 -0.278654 0.010929 0.193243 -0.513353 0.125632 -0.176053 0.035734 -0.482025 -0.380042 0.288132 0.322570 -0.091915 -0.041201 0.249272 0.196490 0.323556 0.175746 0.342424 0.024714 0.121381 -0.646091 0.389033 0.049804 -0.250246 0.290889 0.740189 0.175583 0.331092 0.297086 -0.023382 -0.190748 0.471058 0.152116 0.513832 0.730846 -0.002075 0.235950 0.003620 -0.140244 -0.182774 -0.629812 -0.285449 -0.385729 -0.516845 -0.448650 -0.351512 -0.242695 -0.449500 -0.246339 -0.274059 -0.207926 -0.254753 -0.324257 -0.181334 0.264940 -0.257165 0.182745 0.263714 0.137313 -0.131024 0.277057 -0.219404 -0.216073 -0.353890 -0.162458 0.086880 -0.018362 -0.060694 -0.145410
-0.362193 -0.398020 0.168103 0.045812 -0.087650 0.050916 0.205911 0.081609 -0.207408 -0.152193 -0.040200 -0.005996 -0.040828 -0.254834 0.146113 0.080391 0.097429 -0.114515 0.117477 -0.149493 0.618956 0.525766 0.287205 0.240335 0.029632 0.459338 0.243407 0.461255 0.257603 0.256404 1.000000 0.825404 0.145923 0.485322 -0.140297 -0.102410 0.097591 0.119753 0.089782 0.023634 0.256951 0.036388 -0.080820 -0.142245 -0.147795 -0.054923 -0.222627 -0.055982 -0.483506 -0.294897 -0.154678 -0.300027 -0.544987 0.284012 -0.266878 -0.239260 0.014056 0.302772 -0.537849 -0.378899 -0.300879 -0.463644 -0.191918 -0.350496 0.554329 -0.308657 -0.195356 -0.169086 0.017106 0.114562 0.178491 0.671571 0.239047 0.146535 0.101711 0.249041 0.091679 0.156159 0.175242 0.226382 0.251550 0.264647 0.136067 0.348134 0.146300 0.097936 -0.079964 -0.120807 -0.031548 -0.312277 -0.294815 -0.186526 -0.012575 0.039287 -0.139209 0.004637 -0.085533 -0.123216 -0.257065 -0.262579 -0.067140 0.194102 -0.097304 -0.184348 -0.063616 -0.049627 -0.216499 0.090804 0.164257 -0.159916 -0.087642 -0.155932 -0.130422 0.134169 -0.008369 -0.006013
-0.409014 -0.283531 0.071566 0.082455 -0.267803 -0.158167 0.116563 0.160852 -0.217345 -0.185163 -0.048653 0.146343 -0.172637 -0.122072 -0.029244 0.068545 0.190118 0.052690 0.109315 -0.227933 0.505594 0.672119 0.139942 0.212849 -0.110987 0.304518 -0.037986 0.342560 0.313260 0.466698 0.825404 1.000000 0.297540 0.561518 -0.043335 -0.044232 0.056784 0.120877 -0.098498 -0.090215 0.187953 0.089821 -0.157811 -0.192117 -0.088703 -0.085165 -0.167358 -0.089594 -0.406899 -0.223903 -0.257097 -0.247155 -0.556847 0.188480 -0.336281 -0.303706 0.105576 0.337336 -0.584882 -0.387607 -0.338390 -0.401790 -0.066072 -0.312776 0.503239 -0.255700 -0.093091 -0.291041 -0.002817 0.072472 -0.032479 0.692868 0.289692 0.182972 0.165934 0.171741 0.118172 0.223630 0.238589 0.219358 0.394393 0.482037 0.027957 0.316976 0.160303 0.093608 -0.068928 -0.346582 -0.128369 -0.459354 -0.336043 -0.260698 -0.062739 -0.113361 -0.224960 -0.096073 -0.203062 -0.130911 -0.274765 -0.299173 -0.216847 0.192989 -0.088084 -0.044727 0.078829 0.077251 -0.242020 0.124153 0.036407 -0.263035 -0.174718 -0.304413 -0.267747 0.141955 0.010522 -0.050638
-0.249568 0.141806 -0.205049 -0.312766 -0.334942 -0.342543 -0.034460 -0.069199 -0.115648 -0.136149 0.111187 0.086045 0.008950 0.170468 -0.124465 0.213634 0.397682 0.328610 -0.151670 0.001514 0.035317 0.241120 -0.296577 -0.335076 -0.236024 -0.296125 -0.379282 -0.261833 0.509428 0.631081 0.145923 0.297540 1.000000 0.512970 0.251082 0.178348 0.244369 0.146959 -0.318063 -0.067227 0.003502 0.030699 -0.078101 -0.024077 0.261027 0.071388 0.052188 -0.003245 0.044664 0.289085 -0.470008 0.119648 -0.311727 -0.114108 -0.354285 -0.132757 0.396651 0.437436 -0.069137 -0.079442 0.192735 0.029060 0.309061 0.152694 0.230025 0.034597 0.254627 -0.434527 0.468527 0.248424 -0.555693 0.092888 0.612973 -0.019234 0.170651 0.124992 0.157110 -0.239606 0.443879 0.159636 0.583219 0.592455 0.041917 0.307313 0.012064 0.011189 -0.189352 -0.429333 -0.198697 -0.442835 -0.400313 -0.573076 -0.414883 -0.368152 -0.466961 -0.276514 -0.020919 -0.358617 0.048935 -0.206854 -0.370089 0.060307 -0.177500 0.046474 0.209222 -0.102088 -0.174393 0.209324 -0.230297 -0.334243 -0.112377 -0.179373 0.014587 -0.059368 -0.401243 -0.471270
-0.128514 0.055679 0.090949 -0.000551 -0.128459 -0.130707 0.065072 -0.026180 -0.090851 -0.144907 -0.027575 -0.107567 -0.002424 -0.114345 0.092434 0.157707 0.233351 0.039040 -0.099374 0.123979 0.268590 0.411884 0.091275 0.058241 -0.044247 0.253904 -0.091653 0.276023 0.265218 0.301832 0.485322 0.561518 0.512970 1.000000 0.231513 0.175706 0.234092 0.213581 -0.006066 -0.086047 0.198264 0.103868 -0.047725 -0.037262 -0.036615 0.031158 -0.036789 0.213815 -0.339701 -0.089940 -0.311857 -0.113895 -0.488644 0.239691 -0.122758 -0.177335 0.352375 0.492193 -0.279536 -0.337293 -0.019149 -0.251872 0.148901 -0.005064 0.255074 -0.213040 -0.118013 -0.266801 0.263198 0.011397 -0.255876 0.323165 0.385666 0.058428 0.099435 0.144996 0.221445 0.121119 0.349828 0.437516 0.474696 0.308177 0.257723 0.246175 -0.125715 -0.074188 -0.030987 -0.171238 -0.143262 -0.379662 -0.181818 -0.287644 -0.192712 -0.036965 -0.410645 -0.095810 0.057051 -0.282617 -0.057869 -0.095665 -0.239276 0.070185 -0.040736 -0.221145 -0.226613 -0.323313 -0.038066 -0.104174 -0.067417 -0.129231 0.103088 -0.049629 -0.095092 -0.121935 -0.349250 -0.420702
0.081085 0.099790 0.136127 0.299987 -0.015917 -0.129673 -0.094913 0.070482 0.030182 -0.126093 -0.189838 -0.140938 -0.272234 -0.295815 -0.169671 -0.232588 -0.143116 -0.061327 0.015419 0.329744 -0.251899 0.096319 0.019708 -0.183073 0.106166 -0.042530 -0.189106 -0.106054 -0.051296 -0.197700 -0.140297 -0.043335 0.251082 0.231513 1.000000 0.398019 0.355847 0.397694 0.369695 0.383968 -0.449165 0.429463 0.243916 0.113384 0.196238 0.173603 0.209701 0.424249 0.014170 -0.000115 -0.020392 0.082846 -0.291210 -0.204267 0.255352 0.174613 0.117199 -0.014035 -0.102525 -0.207144 0.015417 -0.138620 -0.018913 0.064169 -0.063330 -0.049128 -0.018617 0.065619 -0.161891 -0.193515 -0.365112 -0.102054 -0.014408 -0.045850 0.001739 -0.189301 0.237708 0.272220 -0.128839 -0.142758 -0.048427 -0.206619 0.161012 0.184993 -0.097125 -0.047485 0.011232 0.265093 0.054413 -0.101251 -0.062492 -0.031907 -0.140899 -0.217103 0.156365 -0.076119 0.479075 -0.062410 0.295150 0.145558 -0.221021 -0.148180 -0.109504 -0.146631 0.024742 -0.200717 -0.029918 0.025458 0.256993 -0.384586 0.421622 0.044979 -0.210684 -0.271092 -0.412771 -0.417465
-0.138301 0.131915 -0.053317 0.094582 -0.116488 -0.007715 -0.158443 -0.017479 -0.250409 0.078629 -0.211288 0.063746 0.028767 0.150556 -0.227883 -0.006194 -0.169249 -0.102331 -0.295553 0.151962 -0.232841 -0.020786 -0.234100 -0.067806 -0.105680 0.201399 -0.057888 0.032247 -0.012478 -0.025640 -0.102410 -0.044232 0.178348 0.175706 0.398019 1.000000 0.032039 0.197286 0.158437 0.293804 -0.061740 0.162360 -0.097328 -0.047302 0.143992 0.306904 0.015039 0.274565 0.070072 0.050155 -0.375105 0.114025 -0.115796 -0.104730 0.008208 -0.016857 -0.108290 -0.089418 0.180703 0.121333 0.126724 0.227568 -0.169484 0.107715 -0.156379 0.295876 0.206344 0.301535 0.164391 0.260280 -0.319919 -0.213946 0.105587 -0.303310 -0.156948 -0.190826 -0.357807 -0.110110 -0.108122 -0.162839 -0.033758 -0.106851 -0.108890 0.046428 -0.561274 -0.045615 -0.227638 0.132090 -0.376188 -0.068778 -0.091851 -0.340948 0.018108 -0.321277 0.026673 -0.005161 0.287783 -0.051575 0.139589 -0.152228 0.161344 -0.304694 -0.215691 -0.082923 0.177527 0.009644 0.023039 0.171368 -0.002317 -0.155821 0.329235 0.022954 -0.123153 -0.024225 0.075057 -0.066329
