1.000000 0.024654 0.264851 -0.025644 -0.224795 -0.200623 0.086233 -0.045371 -0.074798 -0.035721 0.430256 -0.095576 -0.116741 -0.084113 -0.180336 -0.198529 0.376339 -0.187076 0.489591 0.277722 -0.267439 -0.312698 -0.077086 -0.199405 -0.205282 -0.207445 -0.067409 -0.213141 0.089871 -0.416027 -0.189332 -0.141577 0.448728 0.282706 0.172607 0.108593 0.070116 -0.435489 0.107073 -0.277665 -0.098041 -0.348573 0.170632 0.233416 0.102050 0.115921 0.024103 0.106702 -0.017746 0.041414 -0.218998 0.115413 -0.232184 0.105876 -0.081699 -0.133486 0.682589 -0.154835 0.207320 0.052307 0.562619 0.097218 0.382303 -0.139135 0.003159 0.027859 0.227810 0.194276 0.215184 -0.120052 -0.215754 -0.351735 0.001854 -0.396982 -0.151064 -0.400935 0.198403 0.029880 0.205103 -0.162098 0.099714 -0.362741 -0.293708 -0.375281 -0.077628 -0.209739 -0.297334 -0.201963 -0.044101 -0.007419 -0.161321 0.148192 -0.359543 0.002360 -0.151285 0.024977 -0.008525 -0.074297 -0.258468 0.136921 -0.403226 0.122032 -0.375360 -0.060864 -0.151217 -0.061636 -0.093309 0.229527 -0.104300 -0.095955 0.215008 0.066043 -0.162853 -0.176193 -0.157859 -0.078101
0.024654 1.000000 -0.056865 0.170567 -0.162046 0.145040 0.007800 -0.005731 0.065340 -0.011971 0.044403 0.146461 -0.016227 -0.127145 -0.136887 0.114407 -0.036199 0.403179 0.354862 0.543711 0.092023 -0.043634 -0.140609 -0.190178 0.004405 -0.290486 0.096693 0.218467 -0.028956 0.149324 -0.184005 -0.175807 0.422181 0.473707 0.013874 -0.111663 -0.167097 0.118583 0.054732 0.147102 0.064963 0.253559 -0.355895 -0.264271 -0.103235 -0.216243 -0.288120 -0.453974 -0.142969 -0.246274 -0.102047 -0.409258 -0.122430 -0.413359 -0.302454 -0.258934 0.113236 0.782911 -0.036901 0.004423 0.177712 0.575724 0.019598 0.777078 0.235130 0.286141 -0.093295 -0.224228 0.445927 0.330065 -0.074916 -0.008266 0.054338 0.112147 0.079491 0.066513 0.077742 -0.018614 0.200368 0.542609 0.024902 0.599221 -0.104084 -0.055733 -0.162234 0.279894 0.153665 0.294933 -0.208309 0.259134 -0.445338 -0.619375 -0.249334 -0.539908 -0.321936 -0.131984 -0.423167 -0.146503 -0.388144 -0.441688 -0.160421 -0.138590 -0.258716 -0.364502 -0.390320 -0.290644 -0.069272 -0.202644 -0.068794 0.030884 -0.255721 -0.330932 -0.289962 -0.514131 -0.148485 -0.213070
0.264851 -0.056865 1.000000 0.643728 0.227831 0.037852 0.792203 0.570041 0.359421 0.221908 0.491035 0.122361 0.429251 0.033034 0.257616 0.190379 0.290394 -0.011883 0.414173 0.263525 0.237064 0.226603 0.714255 0.693338 0.356972 0.553923 0.460459 0.076401 0.303179 0.013898 0.508978 0.603833 0.320434 0.515562 -0.066801 0.033701 -0.298422 -0.520386 0.060892 -0.358122 0.098074 -0.205911 -0.235716 -0.188221 -0.178547 -0.096875 -0.392908 -0.197722 -0.431031 -0.246859 -0.116610 -0.295120 -0.488686 -0.134348 -0.355470 -0.415963 -0.093631 -0.306455 -0.237258 -0.484570 -0.002379 -0.355229 -0.016157 -0.313408 0.220387 -0.262032 -0.265649 -0.098499 -0.096465 -0.117670 0.136399 0.206536 0.314944 -0.089212 0.055047 -0.046515 -0.002012 -0.261548 0.097406 -0.042767 0.003443 -0.310204 0.225557 0.118338 -0.008464 -0.340922 0.220686 0.093522 0.085693 -0.523650 -0.578379 -0.180998 -0.168546 -0.127754 -0.232886 -0.261323 -0.290487 -0.265894 -0.466280 -0.367651 -0.445974 -0.165512 -0.467703 -0.362174 -0.369506 -0.234421 -0.272618 -0.102145 -0.215614 -0.293920 -0.287197 -0.560596 -0.330709 -0.204266 -0.348896 -0.226244
-0.025644 0.170567 0.643728 1.000000 0.256217 0.249659 0.588160 0.828942 0.310703 0.281141 0.205122 0.172836 0.395586 0.289798 0.296181 0.292284 0.004124 0.075906 0.332544 0.376593 0.253577 0.251185 0.635167 0.691873 0.386262 0.384753 0.466920 0.136854 0.118697 0.157203 0.426938 0.577250 0.262404 0.543151 -0.295296 -0.107596 -0.419097 -0.484913 0.127964 -0.286321 0.127162 -0.036492 -0.389762 -0.238981 -0.265161 -0.075054 -0.480396 -0.306604 -0.490394 -0.124428 -0.226324 -0.286717 -0.402413 -0.239244 -0.265134 -0.419877 -0.259355 -0.119950 -0.386667 -0.491924 -0.165911 -0.199147 0.010343 -0.068887 0.153301 -0.059571 -0.507873 -0.377102 -0.194443 -0.167827 0.110448 0.291541 0.171746 0.014235 0.029427 0.083170 -0.295930 -0.423658 -0.039879 -0.001285 0.058276 -0.128173 0.317025 0.274408 0.009446 -0.293688 0.230238 0.022338 0.069823 -0.505060 -0.555221 -0.306726 -0.076334 -0.174942 -0.078857 -0.194967 -0.278454 -0.192324 -0.356647 -0.315083 -0.291147 -0.200067 -0.398941 -0.431344 -0.323517 -0.135629 -0.285242 -0.130784 -0.067253 -0.253301 -0.434902 -0.497057 -0.268626 -0.146530 -0.049610 -0.023739
-0.224795 -0.162046 0.227831 0.256217 1.000000 0.370790 0.229211 0.370744 0.527989 0.357787 0.007333 0.004561 0.326134 0.348232 0.629287 0.267800 -0.175071 0.083705 -0.068514 0.054224 0.473903 0.491903 0.421932 0.324568 0.538747 0.557847 0.508794 0.340380 0.195950 0.402582 0.494704 0.466044 -0.300289 -0.202505 -0.326125 -0.179608 -0.071613 -0.014219 -0.163242 -0.200663 0.337561 0.159435 -0.184738 -0.171703 -0.197558 -0.264723 -0.180273 -0.088322 -0.112305 0.021950 -0.053352 0.011217 0.098529 -0.006126 -0.170408 -0.161510 -0.251393 -0.169561 -0.368328 -0.279971 -0.372356 -0.262640 -0.147386 -0.156212 -0.117702 -0.308087 -0.345986 -0.348505 -0.164860 -0.041875 0.442902 0.539592 0.371136 0.434108 0.478399 0.546621 -0.236929 -0.205016 -0.271464 -0.068671 0.071980 -0.057813 0.340024 0.331181 0.096619 0.028214 0.130848 0.141182 -0.019480 -0.209221 -0.118322 0.000570 0.171653 0.152904 -0.038301 -0.216837 -0.280322 -0.157444 -0.104623 -0.177550 0.090079 -0.050405 -0.142662 -0.215038 -0.340269 -0.327835 -0.114649 -0.355915 -0.206272 -0.320415 -0.368102 -0.178962 0.049112 0.183000 0.011573 -0.237867
-0.200623 0.145040 0.037852 0.249659 0.370790 1.000000 0.201707 0.211594 0.692159 0.660294 -0.051892 -0.233130 0.355104 0.482084 0.375036 0.647580 -0.312217 0.185982 -0.015057 0.005298 0.716866 0.586436 0.314321 0.297499 0.747290 0.316539 0.564540 0.832095 0.079980 0.475088 0.364907 0.249571 -0.208603 -0.215955 -0.324812 -0.288130 -0.177033 0.139196 -0.250151 0.051837 0.362381 0.529575 -0.538669 -0.343434 -0.397425 -0.285931 -0.313826 -0.410261 -0.291019 -0.321840 -0.398632 -0.460171 -0.123871 -0.372607 -0.279934 -0.201598 -0.216478 0.134627 -0.091140 -0.114299 0.012313 0.263742 -0.295050 0.086323 -0.064605 0.088508 -0.353750 -0.339478 0.039062 0.161692 0.267581 0.497928 0.224020 0.429598 0.298441 0.331132 -0.419926 -0.286316 -0.084314 0.162142 -0.151620 0.194089 0.065469 0.365138 -0.341183 -0.152440 0.293445 0.631890 -0.307606 0.100186 -0.252872 -0.370939 0.330079 -0.007415 -0.100962 -0.190376 -0.482407 -0.247424 -0.307557 -0.507366 0.335148 0.069094 0.032433 -0.157650 -0.369055 -0.173717 0.111616 -0.264368 -0.303472 -0.259490 -0.459231 -0.487959 0.004880 0.150845 0.142770 -0.110183
0.086233 0.007800 0.792203 0.588160 0.229211 0.201707 1.000000 0.579305 0.461507 0.391792 0.460142 0.143443 0.623887 0.082175 0.347426 0.368075 0.312988 -0.007706 0.167286 0.194104 0.392318 0.346961 0.587396 0.603668 0.467730 0.504979 0.474586 0.134362 0.441836 0.262949 0.591755 0.604578 0.115720 0.344053 -0.243647 -0.163029 -0.333445 -0.428058 -0.051427 -0.352675 0.241649 -0.036799 -0.302139 -0.360354 -0.271473 -0.309565 -0.432651 -0.302525 -0.364485 -0.294325 -0.317001 -0.390458 -0.467676 -0.195941 -0.444639 -0.499841 -0.052071 -0.232824 -0.318988 -0.411793 -0.162336 -0.291005 0.032338 -0.236097 0.027634 -0.429254 -0.353217 -0.278912 -0.115973 0.029009 0.286232 0.383080 0.493337 0.076185 0.164827 0.084686 -0.060142 -0.230736 0.119217 0.058706 0.190062 -0.119247 0.389691 0.234166 -0.119261 -0.381217 0.389492 0.271711 -0.099513 -0.444023 -0.544480 -0.183508 0.028794 0.022192 -0.298239 -0.416533 -0.405500 -0.342938 -0.380733 -0.369962 -0.251259 0.097937 -0.269576 -0.127766 -0.311225 -0.343293 -0.290566 -0.122440 -0.391857 -0.390160 -0.415126 -0.560513 -0.169369 -0.094862 -0.264394 -0.244990
-0.045371 -0.005731 0.570041 0.828942 0.370744 0.211594 0.579305 1.000000 0.362206 0.386263 0.259807 0.394293 0.397316 0.467221 0.312074 0.361784 -0.001652 0.163608 0.161160 0.126912 0.308526 0.279177 0.697545 0.780002 0.406092 0.420963 0.481656 0.161946 0.100358 0.224729 0.543521 0.673558 0.077601 0.366466 -0.461458 -0.313342 -0.441638 -0.552917 -0.162107 -0.339559 0.080846 -0.204469 -0.260069 -0.080802 -0.190369 -0.033796 -0.389940 -0.162597 -0.297230 -0.023476 -0.249320 -0.103613 -0.188531 -0.129027 -0.135701 -0.389775 -0.293784 -0.270077 -0.408734 -0.464768 -0.263052 -0.279557 -0.144172 -0.113041 -0.115312 -0.185238 -0.540138 -0.358115 -0.433350 -0.167778 0.082229 0.390854 0.210064 0.047287 -0.004691 0.093480 -0.438389 -0.498995 -0.082079 -0.035680 -0.059213 -0.166500 0.244464 0.194808 -0.068550 -0.331699 0.028001 0.041716 0.048413 -0.559960 -0.426360 -0.219506 0.025030 -0.155776 -0.093680 -0.212562 -0.153067 -0.279617 -0.199022 -0.267352 -0.270093 -0.275524 -0.343599 -0.394111 -0.278366 -0.180548 -0.291839 -0.174963 -0.169160 -0.330647 -0.420635 -0.427410 -0.204561 -0.013689 0.034193 0.047093
-0.074798 0.065340 0.359421 0.310703 0.527989 0.692159 0.461507 0.362206 1.000000 0.680407 0.311931 0.122270 0.591368 0.516697 0.677162 0.677359 -0.004577 0.308513 0.071290 0.098766 0.753686 0.661615 0.555023 0.435382 0.844253 0.539671 0.726596 0.659799 0.436447 0.609053 0.669346 0.618239 -0.139678 -0.089174 -0.447158 -0.349368 -0.215906 -0.036799 -0.298045 -0.234094 0.415671 0.351872 -0.550658 -0.259010 -0.308570 -0.264084 -0.430701 -0.332542 -0.405647 -0.224201 -0.478582 -0.411642 -0.236867 -0.282009 -0.430800 -0.296787 -0.167826 -0.054763 -0.236359 -0.306204 -0.177072 -0.154130 -0.241279 -0.167666 -0.204847 -0.317789 -0.437258 -0.387718 0.119759 0.217299 0.412723 0.646862 0.588631 0.520476 0.401321 0.431676 -0.283731 -0.277438 -0.120228 0.151989 -0.035288 0.092366 0.239614 0.363784 -0.253189 -0.180033 0.329962 0.605610 -0.262460 -0.249578 -0.505293 -0.359798 0.233596 -0.034682 -0.269873 -0.375920 -0.497100 -0.399264 -0.330888 -0.537827 0.018667 -0.102347 -0.251423 -0.246079 -0.535700 -0.357953 -0.152464 -0.509530 -0.371120 -0.503921 -0.517279 -0.570397 -0.031970 0.046886 0.002445 -0.288319
-0.035721 -0.011971 0.221908 0.281141 0.357787 0.660294 0.391792 0.386263 0.680407 1.000000 0.068667 -0.166798 0.521959 0.349274 0.412809 0.714500 -0.136779 0.004774 -0.048226 -0.056687 0.616841 0.517932 0.362096 0.382182 0.751383 0.458681 0.698561 0.539952 0.229716 0.436967 0.459720 0.392886 -0.160027 -0.191974 -0.275123 -0.365539 -0.140126 -0.128266 -0.335088 -0.117680 0.342473 0.255886 -0.406740 -0.194653 -0.365081 -0.283671 -0.234212 -0.258407 -0.129887 -0.113243 -0.447731 -0.226773 -0.219498 -0.170994 -0.281933 -0.138059 -0.012329 -0.068513 -0.163892 -0.010450 -0.119237 0.078615 -0.143185 -0.107900 -0.302763 -0.154202 -0.291048 -0.356699 0.072459 0.045690 0.217529 0.450799 0.351244 0.288135 0.157043 0.181353 -0.343790 -0.349822 -0.087599 -0.049763 -0.089699 -0.107525 0.088486 0.204967 -0.380937 -0.289165 0.329886 0.497511 -0.432159 -0.105156 -0.387517 -0.186224 0.163005 0.109813 -0.262279 -0.250213 -0.343370 -0.421237 -0.265270 -0.261506 0.068877 0.042513 -0.164198 -0.131854 -0.368084 -0.156703 -0.182603 -0.301182 -0.315187 -0.295671 -0.464057 -0.426292 -0.038683 0.131915 0.035233 -0.030674
0.430256 0.044403 0.491035 0.205122 0.007333 -0.051892 0.460142 0.259807 0.311931 0.068667 1.000000 0.531744 0.509266 0.280308 0.340730 0.155524 0.610408 0.173848 0.134714 0.133103 0.222033 0.214088 0.476137 0.182249 0.241635 0.128045 0.059787 0.110296 0.628198 0.166397 0.460414 0.483717 0.158024 0.264120 -0.244156 -0.295036 -0.153069 -0.364200 -0.050678 -0.366530 0.270138 -0.093600 -0.249091 -0.058939 -0.291903 -0.161520 -0.409211 -0.264106 -0.444869 -0.206380 -0.256515 -0.233815 -0.349620 -0.130706 -0.315887 -0.424928 0.134685 -0.211314 -0.197738 -0.461556 0.242833 -0.159222 -0.062772 -0.192615 0.163036 -0.283437 -0.304046 -0.181954 -0.000537 0.200048 0.210166 0.311033 0.517410 0.076999 0.197770 0.054807 0.183319 0.022297 0.322137 0.026456 0.154949 -0.042646 0.192753 0.103103 0.087353 -0.067892 0.072449 0.090123 0.033623 -0.301571 -0.438368 -0.159453 -0.067553 -0.161678 -0.407422 -0.267820 -0.359553 -0.409021 -0.403006 -0.254076 -0.321457 -0.190329 -0.446773 -0.245463 -0.319098 -0.356372 -0.138743 -0.159235 -0.301036 -0.344432 -0.288539 -0.368226 -0.227985 -0.007120 -0.272545 -0.228512
-0.095576 0.146461 0.122361 0.172836 0.004561 -0.233130 0.143443 0.394293 0.122270 -0.166798 0.531744 1.000000 0.235671 0.431374 0.182349 0.115552 0.185477 0.539934 -0.126914 -0.083454 0.160289 0.159081 0.407341 0.191686 0.055072 -0.013241 -0.037057 -0.049081 0.286824 0.391753 0.415122 0.482362 -0.066260 0.176624 -0.486549 -0.469395 -0.266586 -0.063384 -0.218158 -0.225410 -0.010365 -0.112210 -0.145635 0.066740 -0.105995 -0.044687 -0.197803 -0.115435 -0.180350 -0.018177 -0.065896 -0.067097 0.120122 -0.059284 -0.041418 -0.300928 -0.211269 -0.061719 -0.272835 -0.435213 -0.218271 -0.276170 -0.301119 -0.003626 -0.089691 -0.292461 -0.427635 -0.291377 -0.172401 0.101637 0.208656 0.386411 0.347888 0.323106 0.172717 0.301468 0.006835 0.029264 -0.033784 0.215976 -0.090014 0.314058 0.208212 0.153695 0.077366 0.158447 -0.066191 0.044753 0.158784 -0.398286 -0.154622 -0.261120 0.046124 -0.336299 -0.223187 -0.198025 -0.060711 -0.278649 0.102344 -0.221611 -0.224553 -0.413892 -0.210044 -0.324197 -0.102862 -0.324834 -0.206173 -0.243456 -0.211135 -0.336595 -0.256356 -0.158566 -0.078854 -0.008680 -0.009185 -0.137301
-0.116741 -0.016227 0.429251 0.395586 0.326134 0.355104 0.623887 0.397316 0.591368 0.521959 0.509266 0.235671 1.000000 0.498483 0.708662 0.684016 0.122592 0.114708 -0.138929 -0.000817 0.678573 0.647941 0.560479 0.450388 0.653622 0.384644 0.510819 0.429619 0.688528 0.614353 0.768803 0.668392 -0.267620 -0.136748 -0.548234 -0.510278 -0.177382 -0.144571 -0.111295 -0.167872 0.579557 0.285248 -0.485967 -0.407311 -0.406004 -0.411067 -0.472690 -0.514347 -0.332823 -0.209008 -0.366512 -0.356496 -0.292144 -0.211501 -0.388947 -0.448950 -0.242261 -0.236182 -0.351745 -0.333028 -0.160880 -0.170672 -0.154768 -0.242513 -0.098092 -0.476142 -0.551404 -0.535863 -0.042683 0.124941 0.591993 0.701884 0.690160 0.479803 0.421970 0.477745 -0.203613 -0.155932 0.002000 -0.014610 0.123102 0.006605 0.484926 0.556618 -0.163101 -0.200320 0.490170 0.393149 -0.345211 -0.312090 -0.424256 -0.178718 0.289544 0.168284 -0.380566 -0.451357 -0.548030 -0.547402 -0.382969 -0.395413 0.095608 0.046765 -0.220030 -0.130535 -0.413294 -0.420367 -0.221113 -0.425259 -0.326447 -0.436576 -0.691371 -0.522898 0.068534 0.222966 -0.022776 -0.190238
-0.084113 -0.127145 0.033034 0.289798 0.348232 0.482084 0.082175 0.467221 0.516697 0.349274 0.280308 0.431374 0.498483 1.000000 0.520367 0.582628 -0.220684 0.296271 -0.217653 -0.242338 0.549685 0.614000 0.513854 0.391655 0.565423 0.211397 0.335812 0.529711 0.282530 0.570531 0.615304 0.559772 -0.349933 -0.290051 -0.733551 -0.607081 -0.246737 -0.084651 -0.381292 -0.256913 0.279914 0.253975 -0.286623 -0.033065 -0.267748 -0.129255 -0.187973 -0.222680 -0.192272 0.056058 -0.394949 -0.062383 0.117522 0.013556 -0.061760 -0.258384 -0.268990 -0.291948 -0.230099 -0.359929 -0.174512 -0.154316 -0.353493 -0.204141 -0.361624 -0.222533 -0.631150 -0.549690 -0.262056 -0.130782 0.410180 0.622282 0.402613 0.550725 0.378249 0.504462 -0.474599 -0.335683 -0.265503 -0.084486 -0.232556 0.011659 0.219307 0.427520 -0.294700 -0.241258 0.013999 0.284258 -0.202760 -0.340635 -0.049257 -0.060122 0.411524 0.071585 -0.157089 -0.235115 -0.250861 -0.396803 0.026538 -0.200475 0.201075 -0.172484 -0.127834 -0.230645 -0.281792 -0.261373 -0.049000 -0.304392 -0.253210 -0.499286 -0.506006 -0.167265 0.270655 0.455434 0.295153 -0.075368
-0.180336 -0.136887 0.257616 0.296181 0.629287 0.375036 0.347426 0.312074 0.677162 0.412809 0.340730 0.182349 0.708662 0.520367 1.000000 0.573589 0.114853 0.116796 -0.057823 0.086124 0.638829 0.630223 0.531413 0.365536 0.686012 0.524566 0.432569 0.485574 0.599851 0.597002 0.747845 0.703427 -0.321548 -0.267168 -0.562685 -0.471472 -0.079904 -0.077077 0.038871 -0.066521 0.554613 0.280719 -0.455170 -0.271461 -0.340009 -0.350164 -0.452513 -0.326456 -0.344514 -0.034634 -0.314056 -0.185785 -0.259211 -0.164797 -0.303286 -0.230463 -0.175031 -0.204576 -0.453465 -0.377579 -0.291798 -0.340875 -0.182981 -0.330529 -0.095184 -0.522905 -0.556390 -0.537945 -0.008658 0.159980 0.599642 0.736042 0.666787 0.521617 0.497182 0.601152 -0.258216 -0.220798 -0.175453 -0.180226 0.193681 -0.036704 0.577794 0.614555 0.085703 -0.019205 0.380618 0.347250 -0.091228 -0.233283 -0.349156 -0.097067 0.269850 0.197458 -0.188979 -0.384965 -0.441626 -0.342974 -0.220640 -0.220146 0.080916 -0.034504 -0.228025 -0.088302 -0.426172 -0.360826 -0.208698 -0.506880 -0.204950 -0.385902 -0.573626 -0.269794 0.126981 0.278432 0.198613 -0.236807
-0.198529 0.114407 0.190379 0.292284 0.267800 0.647580 0.368075 0.361784 0.677359 0.714500 0.155524 0.115552 0.684016 0.582628 0.573589 1.000000 -0.282295 0.174823 -0.154263 -0.068702 0.745735 0.680417 0.457968 0.454962 0.758858 0.351453 0.640866 0.760742 0.376683 0.636516 0.614689 0.528255 -0.252235 -0.219073 -0.559016 -0.580422 -0.376832 -0.070047 -0.350409 -0.006841 0.382952 0.404635 -0.597868 -0.401345 -0.386458 -0.415526 -0.447152 -0.549324 -0.236601 -0.234976 -0.521061 -0.453232 -0.240353 -0.353657 -0.417282 -0.434836 -0.277930 -0.024146 -0.120441 -0.117047 -0.130150 0.130849 -0.392625 -0.038835 -0.183547 -0.216936 -0.429953 -0.517437 0.087481 0.154383 0.396055 0.635212 0.509057 0.525201 0.344395 0.441978 -0.477762 -0.408738 -0.181298 -0.004553 -0.244080 0.123089 0.289742 0.639163 -0.446717 -0.197880 0.401125 0.677179 -0.458287 -0.173654 -0.355455 -0.321991 0.403283 0.102787 -0.356909 -0.464261 -0.569674 -0.553703 -0.302525 -0.495184 0.267387 0.071192 -0.077773 -0.071592 -0.390208 -0.344397 -0.124664 -0.398739 -0.409532 -0.515079 -0.681166 -0.535181 0.104841 0.274439 0.122018 -0.201751
0.376339 -0.036199 0.290394 0.004124 -0.175071 -0.312217 0.312988 -0.001652 -0.004577 -0.136779 0.610408 0.185477 0.122592 -0.220684 0.114853 -0.282295 1.000000 0.093745 0.289588 0.311722 -0.087631 -0.155864 0.130185 -0.079152 -0.109599 0.063633 -0.230753 -0.233584 0.474656 -0.073981 0.148006 0.161617 0.318461 0.286896 0.129337 -0.039812 0.273399 -0.189003 0.233901 -0.037091 0.215802 -0.219655 -0.018715 0.054274 -0.093501 -0.094763 -0.198445 0.016487 -0.211453 -0.096326 -0.137426 -0.117607 -0.352375 -0.096435 -0.124719 -0.035537 0.478868 -0.072809 -0.262796 -0.301673 0.142807 -0.320896 0.395722 -0.165732 0.148241 -0.392479 -0.003736 0.012357 0.086433 0.296536 -0.013690 -0.091399 0.298091 -0.184707 0.016586 -0.184710 0.520266 0.238574 0.540108 0.101995 0.507096 -0.049526 0.107270 -0.164550 0.293105 -0.024403 -0.025958 -0.134514 0.154175 -0.048383 -0.314169 -0.041132 -0.242548 -0.125796 -0.034354 0.046162 0.020790 0.022291 -0.194450 0.107429 -0.397267 -0.014539 -0.265135 0.073606 -0.121224 0.044806 -0.099959 -0.040110 0.029646 0.089012 0.070711 -0.037682 -0.225799 -0.169159 -0.141658 0.107217
-0.187076 0.403179 -0.011883 0.075906 0.083705 0.185982 -0.007706 0.163608 0.308513 0.004774 0.173848 0.539934 0.114708 0.296271 0.116796 0.174823 0.093745 1.000000 0.159284 0.194652 0.447303 0.336827 0.294776 0.078992 0.231910 0.063274 0.212607 0.316316 0.240173 0.616592 0.296280 0.306328 0.106217 0.153200 -0.310146 -0.457254 -0.037557 0.415446 -0.258114 0.101981 0.226645 0.249807 -0.360670 -0.083518 -0.167285 -0.268660 -0.283082 -0.324244 -0.200421 -0.235569 -0.027692 -0.375650 0.166052 -0.378784 -0.170380 -0.158778 -0.152942 0.350195 -0.370929 -0.273182 -0.203706 -0.063513 -0.099790 0.334538 -0.038424 -0.215142 -0.286133 -0.371173 0.021511 0.323006 0.122369 0.369830 0.334333 0.523281 0.260287 0.447473 0.022289 0.154041 -0.021442 0.683690 -0.186752 0.737308 -0.023836 0.132689 -0.037070 0.394633 -0.021503 0.297574 -0.096701 0.041226 -0.342425 -0.662182 0.002282 -0.560554 -0.174019 -0.153018 -0.191907 -0.277830 -0.103885 -0.524828 -0.108809 -0.383087 -0.265415 -0.456138 -0.301567 -0.313101 -0.051460 -0.489650 -0.219369 -0.185560 -0.355523 -0.325897 -0.177347 -0.221022 -0.029980 -0.156114
0.489591 0.354862 0.414173 0.332544 -0.068514 -0.015057 0.167286 0.161160 0.071290 -0.048226 0.134714 -0.126914 -0.138929 -0.217653 -0.057823 -0.154263 0.289588 0.159284 1.000000 0.789317 -0.078484 -0.288343 0.084239 0.050098 -0.091882 0.059378 0.095913 -0.067789 -0.050819 -0.223358 -0.060745 0.033782 0.724713 0.647167 0.200532 0.129926 0.061357 -0.228382 0.237840 -0.015818 -0.015481 -0.201541 -0.144520 -0.014951 0.064903 0.086658 -0.286857 -0.121658 -0.235228 -0.049982 -0.099319 -0.192713 -0.385023 -0.264152 -0.287659 -0.136675 0.355296 0.208870 -0.193837 -0.134572 0.239852 0.032732 0.343469 0.104671 0.309569 0.079441 0.085109 0.075496 0.308625 0.164519 -0.191220 -0.247805 -0.066010 -0.272290 -0.202762 -0.296605 0.134071 0.007223 0.240683 0.154898 0.163220 0.009223 -0.013100 -0.211538 0.075191 0.086188 0.034139 0.056770 0.120498 0.052462 -0.476814 -0.393401 -0.499702 -0.442060 0.039302 -0.035467 -0.099021 0.076993 -0.485462 -0.271388 -0.597528 -0.238466 -0.489626 -0.409797 -0.381934 -0.118329 -0.088569 -0.032297 -0.022781 0.063230 0.058132 -0.267767 -0.490742 -0.624212 -0.135410 -0.051139
0.277722 0.543711 0.263525 0.376593 0.054224 0.005298 0.194104 0.126912 0.098766 -0.056687 0.133103 -0.083454 -0.000817 -0.242338 0.086124 -0.068702 0.311722 0.194652 0.789317 1.000000 -0.002978 -0.131455 -0.028761 -0.089239 -0.035254 -0.032079 0.115781 -0.002824 0.217766 0.007684 -0.013222 0.077870 0.704126 0.676785 0.067259 0.054715 0.009740 -0.144976 0.266858 -0.028932 0.230167 0.073087 -0.274444 -0.185404 -0.054404 -0.127344 -0.419817 -0.280574 -0.299435 -0.045549 -0.226627 -0.272442 -0.449222 -0.320939 -0.451755 -0.287502 0.268739 0.337739 -0.283233 -0.088451 0.123308 0.107612 0.456867 0.320076 0.260515 -0.033157 0.049495 -0.182942 0.448665 0.332822 -0.000976 -0.098304 0.181870 -0.064472 0.090452 -0.046537 0.185878 -0.038211 0.241979 0.241692 0.346535 0.182701 0.120902 0.058499 0.051302 0.149569 0.151945 0.012056 -0.107992 0.080742 -0.546745 -0.452616 -0.420507 -0.387696 -0.059090 -0.150427 -0.337310 0.041787 -0.592730 -0.348093 -0.473603 -0.088200 -0.471629 -0.372297 -0.468458 -0.308312 -0.118032 -0.192462 -0.059806 -0.015813 -0.099597 -0.337181 -0.431394 -0.553787 -0.190930 -0.214189
-0.267439 0.092023 0.237064 0.253577 0.473903 0.716866 0.392318 0.308526 0.753686 0.616841 0.222033 0.160289 0.678573 0.549685 0.638829 0.745735 -0.087631 0.447303 -0.078484 -0.002978 1.000000 0.816357 0.584367 0.425119 0.822087 0.486717 0.686275 0.765272 0.496725 0.827518 0.769305 0.617515 -0.308318 -0.245596 -0.516865 -0.597005 -0.134441 0.207029 -0.318933 -0.033788 0.532896 0.512860 -0.636140 -0.411511 -0.483559 -0.519575 -0.445022 -0.521166 -0.317344 -0.365676 -0.413969 -0.506559 -0.074663 -0.403558 -0.398510 -0.372332 -0.261703 -0.010074 -0.381456 -0.340974 -0.258253 -0.062552 -0.382680 -0.047362 -0.181339 -0.397951 -0.536071 -0.585741 0.001321 0.236029 0.580027 0.815052 0.644545 0.740705 0.555174 0.679168 -0.266543 -0.148448 -0.068669 0.305262 -0.095276 0.333496 0.234799 0.559821 -0.266264 -0.030322 0.386273 0.668836 -0.394415 -0.155894 -0.370415 -0.405964 0.430002 0.014350 -0.324337 -0.355353 -0.613103 -0.465397 -0.318846 -0.588945 0.303584 0.040815 -0.086930 -0.221983 -0.524326 -0.398524 -0.115181 -0.555003 -0.369272 -0.344616 -0.678778 -0.579662 0.119024 0.191927 0.034514 -0.281349
-0.312698 -0.043634 0.226603 0.251185 0.491903 0.586436 0.346961 0.279177 0.661615 0.517932 0.214088 0.159081 0.647941 0.614000 0.630223 0.680417 -0.155864 0.336827 -0.288343 -0.131455 0.816357 1.000000 0.583214 0.431742 0.773021 0.497287 0.536488 0.664002 0.577678 0.779407 0.756505 0.669755 -0.352044 -0.286060 -0.595165 -0.555387 -0.084495 0.150694 -0.268836 -0.157483 0.543991 0.543628 -0.544314 -0.417259 -0.496702 -0.533374 -0.401179 -0.522418 -0.347862 -0.272043 -0.320945 -0.375252 -0.088890 -0.202938 -0.292521 -0.347694 -0.296759 -0.071288 -0.344015 -0.354309 -0.319961 -0.161918 -0.285500 -0.129777 -0.219287 -0.406882 -0.595396 -0.714116 -0.083986 0.009771 0.614609 0.844678 0.680621 0.750413 0.680196 0.738826 -0.325288 -0.241209 -0.184924 0.087753 -0.100419 0.201967 0.352004 0.600574 -0.270091 -0.163254 0.345232 0.458165 -0.371564 -0.221072 -0.290917 -0.207596 0.477697 0.119282 -0.338462 -0.304535 -0.568946 -0.444353 -0.208391 -0.415027 0.315313 0.008163 -0.086898 -0.239087 -0.427240 -0.338208 -0.030013 -0.438174 -0.327201 -0.485598 -0.688747 -0.442357 0.243649 0.331171 -0.043492 -0.381427
-0.077086 -0.140609 0.714255 0.635167 0.421932 0.314321 0.587396 0.697545 0.555023 0.362096 0.476137 0.407341 0.560479 0.513854 0.531413 0.457968 0.130185 0.294776 0.084239 -0.028761 0.584367 0.583214 1.000000 0.832396 0.669589 0.677381 0.579721 0.394802 0.359501 0.428196 0.815992 0.834696 -0.081999 0.163848 -0.398198 -0.372688 -0.361293 -0.282824 -0.145051 -0.232381 0.179939 -0.014138 -0.450145 -0.184541 -0.408261 -0.220433 -0.442532 -0.290886 -0.490612 -0.314801 -0.190625 -0.374256 -0.250654 -0.274771 -0.205406 -0.372078 -0.313901 -0.272047 -0.392989 -0.698165 -0.245454 -0.465666 -0.371672 -0.321256 0.061003 -0.392441 -0.634359 -0.421554 -0.315097 -0.093114 0.328483 0.591938 0.411532 0.336830 0.265778 0.349239 -0.185752 -0.271304 -0.135394 0.060161 -0.184202 -0.053696 0.277060 0.405275 0.024009 -0.197503 0.180997 0.268447 0.102735 -0.528833 -0.470231 -0.283085 0.148296 -0.126582 -0.197648 -0.253223 -0.314042 -0.365229 -0.233020 -0.418092 -0.124655 -0.241340 -0.327981 -0.376477 -0.343375 -0.261790 -0.243004 -0.329529 -0.245853 -0.418825 -0.512052 -0.546664 -0.125539 0.117460 -0.061679 -0.102632
-0.199405 -0.190178 0.693338 0.691873 0.324568 0.297499 0.603668 0.780002 0.435382 0.382182 0.182249 0.191686 0.450388 0.391655 0.365536 0.454962 -0.079152 0.078992 0.050098 -0.089239 0.425119 0.431742 0.832396 1.000000 0.552858 0.682806 0.572351 0.330085 0.116806 0.220496 0.639093 0.706658 -0.053036 0.207386 -0.325549 -0.176827 -0.387999 -0.379178 -0.168710 -0.157392 0.015798 -0.112803 -0.339175 -0.153857 -0.240041 -0.060497 -0.302515 -0.157161 -0.339907 -0.230013 -0.182203 -0.288185 -0.228851 -0.194978 -0.088563 -0.254838 -0.462620 -0.312748 -0.228895 -0.504897 -0.244949 -0.377151 -0.355592 -0.258521 -0.019802 -0.207889 -0.490914 -0.227172 -0.382279 -0.156942 0.098266 0.411439 0.192132 0.102408 0.026182 0.137046 -0.359132 -0.431171 -0.184851 -0.053151 -0.232034 -0.226236 0.182184 0.297696 -0.111183 -0.391898 0.103361 0.206873 0.072154 -0.546782 -0.381648 -0.224274 0.134122 -0.082794 -0.017850 -0.151273 -0.139806 -0.190156 -0.140325 -0.342907 -0.087225 -0.240949 -0.209498 -0.274479 -0.171184 -0.040197 -0.167991 -0.190981 -0.081638 -0.238620 -0.374527 -0.512183 -0.141234 0.118631 0.019463 0.030613
-0.205282 0.004405 0.356972 0.386262 0.538747 0.747290 0.467730 0.406092 0.844253 0.751383 0.241635 0.055072 0.653622 0.565423 0.686012 0.758858 -0.109599 0.231910 -0.091882 -0.035254 0.822087 0.773021 0.669589 0.552858 1.000000 0.662892 0.752788 0.744144 0.395011 0.650276 0.736319 0.668989 -0.211192 -0.147148 -0.406849 -0.395296 -0.299686 -0.010891 -0.298211 -0.183686 0.420314 0.443749 -0.524126 -0.219360 -0.404975 -0.324064 -0.333994 -0.339295 -0.366841 -0.191504 -0.386341 -0.378294 -0.280299 -0.229292 -0.412145 -0.233952 -0.230469 -0.077519 -0.304822 -0.338983 -0.228370 -0.129884 -0.354418 -0.153645 -0.158595 -0.299973 -0.535084 -0.501069 0.008828 0.076807 0.397493 0.701972 0.523625 0.529456 0.390991 0.468306 -0.325416 -0.344048 -0.216492 0.108859 -0.171486 0.054768 0.253089 0.528870 -0.260152 -0.168636 0.405877 0.569762 -0.337609 -0.255632 -0.478511 -0.328175 0.222253 -0.015062 -0.363772 -0.420734 -0.494677 -0.506808 -0.299982 -0.480600 0.113569 -0.083640 -0.248302 -0.244538 -0.443548 -0.380117 -0.167911 -0.522520 -0.420540 -0.469787 -0.588117 -0.545125 0.057319 0.189739 -0.037291 -0.283652
-0.207445 -0.290486 0.553923 0.384753 0.557847 0.316539 0.504979 0.420963 0.539671 0.458681 0.128045 -0.013241 0.384644 0.211397 0.524566 0.351453 0.063633 0.063274 0.059378 -0.032079 0.486717 0.497287 0.677381 0.682806 0.662892 1.000000 0.538172 0.323270 0.224608 0.325668 0.657986 0.680876 -0.110467 -0.001531 -0.177491 -0.098014 -0.138791 -0.088121 -0.255318 -0.122496 0.110260 0.063934 -0.271482 -0.068438 -0.211856 -0.109115 -0.174834 0.000709 -0.330565 -0.093168 -0.130058 -0.237921 -0.219594 -0.064220 -0.269004 -0.068299 -0.165389 -0.230937 -0.360214 -0.457320 -0.438481 -0.505693 -0.201171 -0.348196 -0.019127 -0.382823 -0.383673 -0.232516 -0.100218 -0.036057 0.200867 0.408861 0.298076 0.239431 0.183982 0.265712 -0.111574 -0.188561 -0.176687 -0.027432 -0.026296 -0.120137 0.342228 0.318211 0.050028 -0.134836 0.300981 0.314923 -0.006834 -0.433154 -0.330080 -0.155028 0.050557 -0.013556 -0.086450 -0.194655 -0.109608 -0.142660 -0.088552 -0.192629 -0.063546 -0.164115 -0.177850 -0.189458 -0.235918 -0.111276 -0.099323 -0.367913 -0.133134 -0.176045 -0.253256 -0.313757 -0.119655 0.125366 -0.091576 -0.112379
-0.067409 0.096693 0.460459 0.466920 0.508794 0.564540 0.474586 0.481656 0.726596 0.698561 0.059787 -0.037057 0.510819 0.335812 0.432569 0.640866 -0.230753 0.212607 0.095913 0.115781 0.686275 0.536488 0.579721 0.572351 0.752788 0.538172 1.000000 0.536151 0.250874 0.509094 0.561852 0.514687 -0.067298 0.008848 -0.258596 -0.255992 -0.343024 -0.074437 -0.301336 -0.254088 0.202346 0.263876 -0.435376 -0.183695 -0.286464 -0.254292 -0.242870 -0.250164 -0.210151 -0.232326 -0.393996 -0.327391 -0.161250 -0.242766 -0.350752 -0.302108 -0.211982 -0.099489 -0.247376 -0.207749 -0.277479 -0.120316 -0.312902 -0.121162 -0.264707 -0.275727 -0.320234 -0.372143 0.070256 0.005339 0.330765 0.498482 0.420318 0.433410 0.325381 0.373926 -0.199119 -0.263249 -0.228887 0.254668 -0.229340 0.023903 0.022574 0.357891 -0.359394 -0.239018 0.258342 0.410526 -0.366330 -0.307165 -0.430891 -0.324260 0.141404 -0.018861 -0.282140 -0.351512 -0.445745 -0.408955 -0.281392 -0.532781 0.077552 0.019066 -0.244416 -0.334915 -0.439396 -0.340373 -0.361027 -0.445905 -0.260955 -0.387155 -0.457469 -0.597001 -0.089340 -0.033172 -0.137543 -0.204461
-0.213141 0.218467 0.076401 0.136854 0.340380 0.832095 0.134362 0.161946 0.659799 0.539952 0.110296 -0.049081 0.429619 0.529711 0.485574 0.760742 -0.233584 0.316316 -0.067789 -0.002824 0.765272 0.664002 0.394802 0.330085 0.744144 0.323270 0.536151 1.000000 0.246856 0.549180 0.458399 0.370326 -0.223677 -0.219987 -0.378762 -0.411449 -0.259333 0.131885 -0.349212 0.169848 0.412793 0.521659 -0.587934 -0.316439 -0.340588 -0.324923 -0.394615 -0.463560 -0.319855 -0.329482 -0.379055 -0.523037 -0.164323 -0.430907 -0.342705 -0.240676 -0.306097 0.180241 -0.116231 -0.187535 0.017928 0.271030 -0.448131 0.151381 0.011884 0.007230 -0.370671 -0.400015 0.075224 0.270908 0.271219 0.579818 0.367315 0.494592 0.364218 0.418110 -0.403240 -0.315769 -0.065348 0.164653 -0.289219 0.271219 0.086459 0.518139 -0.317699 -0.050317 0.263175 0.709002 -0.375508 0.086820 -0.323479 -0.455637 0.332329 -0.109029 -0.230694 -0.278393 -0.565897 -0.368531 -0.379086 -0.568577 0.336985 -0.039434 -0.040740 -0.157004 -0.422173 -0.250660 0.127424 -0.388852 -0.255849 -0.298718 -0.569980 -0.512539 -0.016924 0.183383 0.136867 -0.188773
0.089871 -0.028956 0.303179 0.118697 0.195950 0.079980 0.441836 0.100358 0.436447 0.229716 0.628198 0.286824 0.688528 0.282530 0.599851 0.376683 0.474656 0.240173 -0.050819 0.217766 0.496725 0.577678 0.359501 0.116806 0.395011 0.224608 0.250874 0.246856 1.000000 0.590858 0.641783 0.568791 -0.056080 -0.022351 -0.424129 -0.426276 0.149984 -0.000757 -0.054431 -0.205988 0.690246 0.321634 -0.433487 -0.298566 -0.428615 -0.471781 -0.445923 -0.402337 -0.416695 -0.209929 -0.493034 -0.342122 -0.372126 -0.156153 -0.483444 -0.442507 0.039196 -0.188700 -0.402850 -0.290823 -0.110666 -0.240126 0.116486 -0.218366 -0.151686 -0.620737 -0.335116 -0.533188 0.139756 0.239546 0.605666 0.586883 0.905965 0.509417 0.657890 0.527912 0.191090 0.055684 0.153477 0.074683 0.330439 0.111706 0.403450 0.507244 -0.080066 -0.088773 0.216087 0.166641 -0.342913 -0.181936 -0.379271 -0.099762 0.214876 0.111216 -0.378370 -0.358587 -0.544441 -0.423209 -0.385063 -0.277183 -0.004950 0.119696 -0.286815 -0.097047 -0.491730 -0.429453 -0.086017 -0.478801 -0.306161 -0.399724 -0.510529 -0.330387 0.056772 0.197271 -0.175735 -0.363640
-0.416027 0.149324 0.013898 0.157203 0.402582 0.475088 0.262949 0.224729 0.609053 0.436967 0.166397 0.391753 0.614353 0.570531 0.597002 0.636516 -0.073981 0.616592 -0.223358 0.007684 0.827518 0.779407 0.428196 0.220496 0.650276 0.325668 0.509094 0.549180 0.590858 1.000000 0.716557 0.584988 -0.316604 -0.259976 -0.593597 -0.692820 -0.091075 0.399796 -0.363751 -0.065697 0.524311 0.604487 -0.532553 -0.343776 -0.454574 -0.550195 -0.348705 -0.479159 -0.236899 -0.222779 -0.370112 -0.404033 0.068110 -0.277052 -0.369195 -0.349834 -0.291454 0.053356 -0.493105 -0.316704 -0.498314 -0.177475 -0.265817 0.027334 -0.311447 -0.532937 -0.544266 -0.751860 0.041563 0.223794 0.674663 0.804966 0.739836 0.918411 0.691349 0.846540 -0.110575 -0.008384 -0.156442 0.389675 -0.033524 0.540936 0.348277 0.623907 -0.237866 0.119821 0.370374 0.509826 -0.404684 -0.169697 -0.240875 -0.374412 0.443152 -0.029925 -0.317779 -0.380172 -0.520069 -0.452927 -0.100398 -0.499315 0.291308 -0.009475 -0.058473 -0.245038 -0.446327 -0.481592 -0.180635 -0.636425 -0.363630 -0.400248 -0.673168 -0.384997 0.183425 0.245850 0.078855 -0.317574
-0.189332 -0.184005 0.508978 0.426938 0.494704 0.364907 0.591755 0.543521 0.669346 0.459720 0.460414 0.415122 0.768803 0.615304 0.747845 0.614689 0.148006 0.296280 -0.060745 -0.013222 0.769305 0.756505 0.815992 0.639093 0.736319 0.657986 0.561852 0.458399 0.641783 0.716557 1.000000 0.910629 -0.263212 -0.093430 -0.608203 -0.586395 -0.172774 -0.102199 -0.260030 -0.230018 0.427989 0.250852 -0.506885 -0.271042 -0.394622 -0.344699 -0.446772 -0.349156 -0.381028 -0.204552 -0.393033 -0.371123 -0.208373 -0.209038 -0.330074 -0.398711 -0.280048 -0.334416 -0.462169 -0.595977 -0.397266 -0.487286 -0.304174 -0.352697 -0.165943 -0.638634 -0.652303 -0.603721 -0.197192 0.042225 0.649204 0.803569 0.715760 0.632343 0.525589 0.617063 -0.156321 -0.187721 -0.124830 0.027137 0.024327 0.034925 0.459075 0.620951 -0.107369 -0.197542 0.338509 0.412850 -0.173563 -0.476692 -0.399946 -0.217784 0.308058 0.052794 -0.260642 -0.368447 -0.424288 -0.415615 -0.194553 -0.412407 0.035143 -0.107384 -0.223190 -0.249934 -0.457824 -0.427029 -0.209494 -0.525895 -0.338315 -0.453765 -0.587807 -0.489667 0.066513 0.273024 0.012701 -0.270021
-0.141577 -0.175807 0.603833 0.577250 0.466044 0.249571 0.604578 0.673558 0.618239 0.392886 0.483717 0.482362 0.668392 0.559772 0.703427 0.528255 0.161617 0.306328 0.033782 0.077870 0.617515 0.669755 0.834696 0.706658 0.668989 0.680876 0.514687 0.370326 0.568791 0.584988 0.910629 1.000000 -0.108563 0.110575 -0.602563 -0.489326 -0.292458 -0.261732 -0.228630 -0.323381 0.349828 0.095293 -0.428550 -0.144107 -0.258688 -0.191046 -0.459742 -0.259629 -0.473535 -0.049410 -0.333780 -0.282349 -0.344121 -0.151284 -0.324320 -0.359527 -0.304115 -0.361944 -0.546562 -0.653675 -0.423598 -0.545626 -0.252185 -0.395990 -0.092290 -0.568010 -0.655247 -0.559167 -0.229671 0.014230 0.456416 0.740254 0.639243 0.441324 0.347289 0.451500 -0.241067 -0.283707 -0.106986 -0.065169 0.008615 -0.052388 0.507116 0.529087 0.018727 -0.204693 0.326776 0.273082 -0.052517 -0.607180 -0.491548 -0.244225 0.147734 -0.091778 -0.221925 -0.386326 -0.296803 -0.383203 -0.216476 -0.356184 -0.174529 -0.267995 -0.353731 -0.360643 -0.401022 -0.354974 -0.250036 -0.445460 -0.288077 -0.475433 -0.523562 -0.481082 -0.060423 0.133515 -0.026937 -0.252083
0.448728 0.422181 0.320434 0.262404 -0.300289 -0.208603 0.115720 0.077601 -0.139678 -0.160027 0.158024 -0.066260 -0.267620 -0.349933 -0.321548 -0.252235 0.318461 0.106217 0.724713 0.704126 -0.308318 -0.352044 -0.081999 -0.053036 -0.211192 -0.110467 -0.067298 -0.223677 -0.056080 -0.316604 -0.263212 -0.108563 1.000000 0.839664 0.347566 0.230375 -0.051910 -0.204437 0.249678 -0.147154 -0.068626 -0.101638 0.050688 0.106101 0.104139 0.107397 -0.165973 -0.043422 -0.200955 0.094172 -0.034590 -0.048309 -0.449537 -0.102601 -0.311683 -0.092945 0.338780 0.288403 -0.059886 0.041573 0.308914 0.132059 0.457477 0.277325 0.256570 0.236193 0.244786 0.138218 0.388236 0.196365 -0.450535 -0.444497 -0.101134 -0.401244 -0.259206 -0.445676 0.259252 -0.102548 0.366454 0.216736 0.087717 0.000965 -0.194317 -0.293189 -0.077954 0.009814 -0.070950 -0.194709 -0.065730 0.031013 -0.512055 -0.362241 -0.609333 -0.554746 -0.138124 0.026395 -0.018372 0.031475 -0.499217 -0.162026 -0.654394 -0.265569 -0.547747 -0.359054 -0.154488 -0.064568 -0.122586 0.104098 -0.002827 0.109979 0.215301 -0.148466 -0.434369 -0.590485 -0.408839 -0.185930
0.282706 0.473707 0.515562 0.543151 -0.202505 -0.215955 0.344053 0.366466 -0.089174 -0.191974 0.264120 0.176624 -0.136748 -0.290051 -0.267168 -0.219073 0.286896 0.153200 0.647167 0.676785 -0.245596 -0.286060 0.163848 0.207386 -0.147148 -0.001531 0.008848 -0.219987 -0.022351 -0.259976 -0.093430 0.110575 0.839664 1.000000 0.222273 0.275606 -0.242697 -0.362906 0.193294 -0.216777 -0.113345 -0.205196 -0.132146 -0.025487 0.029427 0.117687 -0.314231 -0.091653 -0.406584 -0.095059 -0.047804 -0.231501 -0.463933 -0.200503 -0.323269 -0.278946 0.068931 0.240055 -0.110490 -0.206522 0.192923 0.048642 0.308695 0.296844 0.366158 0.209830 0.053121 0.089114 0.180310 0.113353 -0.337278 -0.249366 -0.049586 -0.371361 -0.228889 -0.361962 0.183230 -0.113362 0.245720 0.231534 0.075179 0.033091 -0.041569 -0.188596 0.033677 -0.047777 -0.034749 -0.167007 0.099429 -0.225351 -0.577399 -0.434673 -0.539744 -0.594135 -0.147682 -0.032250 -0.110451 0.007597 -0.471092 -0.285711 -0.661482 -0.336861 -0.496903 -0.426657 -0.167938 -0.113130 -0.126089 0.063756 -0.007518 -0.004025 0.052262 -0.353701 -0.575323 -0.601284 -0.404668 -0.158856
0.172607 0.013874 -0.066801 -0.295296 -0.326125 -0.324812 -0.243647 -0.461458 -0.447158 -0.275123 -0.244156 -0.486549 -0.548234 -0.733551 -0.562685 -0.559016 0.129337 -0.310146 0.200532 0.067259 -0.516865 -0.595165 -0.398198 -0.325549 -0.406849 -0.177491 -0.258596 -0.378762 -0.424129 -0.593597 -0.608203 -0.602563 0.347566 0.222273 1.000000 0.702032 0.176636 0.118301 0.210355 0.169798 -0.367529 -0.131672 0.350734 0.302096 0.312503 0.332534 0.365183 0.366295 0.170234 0.011213 0.390851 0.124368 -0.029084 0.078596 0.061929 0.378882 0.196969 0.183154 0.381303 0.288488 0.295270 0.226963 0.136639 0.170518 0.379426 0.447953 0.630500 0.634352 0.181543 -0.052890 -0.516837 -0.702290 -0.529616 -0.527707 -0.422503 -0.532759 0.525385 0.269213 0.202510 0.101991 -0.034687 -0.098038 -0.451509 -0.435149 0.201695 0.200338 -0.179960 -0.244284 0.162956 0.268744 0.110122 0.101863 -0.429891 -0.123529 0.060207 0.323411 0.267569 0.301107 -0.016854 0.211185 -0.163991 0.073569 0.023417 0.151342 0.294236 0.303290 -0.013425 0.337514 0.228462 0.498190 0.573390 0.189087 -0.239619 -0.267003 -0.320139 0.127776
0.108593 -0.111663 0.033701 -0.107596 -0.179608 -0.288130 -0.163029 -0.313342 -0.349368 -0.365539 -0.295036 -0.469395 -0.510278 -0.607081 -0.471472 -0.580422 -0.039812 -0.457254 0.129926 0.054715 -0.597005 -0.555387 -0.372688 -0.176827 -0.395296 -0.098014 -0.255992 -0.411449 -0.426276 -0.692820 -0.586395 -0.489326 0.230375 0.275606 0.702032 1.000000 0.113004 -0.055788 0.255074 0.029167 -0.376865 -0.241810 0.296588 0.166296 0.295521 0.434920 0.302478 0.430202 -0.039655 0.020658 0.295543 0.169584 -0.116506 0.206587 0.072249 0.276408 0.027009 0.030038 0.420423 0.260044 0.246325 0.094453 0.200191 0.002495 0.293997 0.467402 0.545898 0.713809 0.164227 -0.105900 -0.430042 -0.606542 -0.518967 -0.593650 -0.378314 -0.526130 0.275875 0.176106 -0.019802 -0.100560 0.037831 -0.320833 -0.238306 -0.387927 0.168728 -0.058733 -0.188153 -0.353615 0.257307 0.057280 0.181755 0.221611 -0.298473 -0.006580 0.307440 0.325283 0.324111 0.488780 0.019649 0.259612 -0.148679 0.013470 0.151698 0.199692 0.362208 0.409167 0.214533 0.355434 0.293377 0.319072 0.575228 0.194293 -0.234304 -0.213591 -0.167562 0.187590
