1.000000 0.221786 0.051853 0.206304 0.117832 -0.185517 -0.049386 -0.230942 0.069639 -0.053618 0.254711 -0.199110 -0.070031 -0.353012 0.150722 -0.044836 0.096597 -0.103829 0.725086 0.491646 -0.061535 0.030662 -0.253267 -0.280472 -0.173371 -0.289400 0.000727 -0.031216 0.147888 -0.113444 -0.072270 -0.002285 0.007319 0.069578 -0.056604 -0.069923 -0.158543 -0.233719 -0.076770 -0.065700 -0.075092 -0.223167 -0.308046 -0.276465 -0.319904 -0.286759 -0.234920 -0.317055 -0.212869 -0.331283 -0.290291 -0.388853 -0.060459 -0.172455 0.207315 0.101327 0.516108 0.335915 0.399334 0.213286 0.343945 -0.039101 0.294219 0.082129 0.091295 -0.198888 -0.044586 -0.253100 0.127848 -0.077518 -0.182235 0.079165 0.035024 -0.161261 -0.027107 0.157596 0.062381 -0.070559 0.091019 0.080489 -0.002988 0.070703 0.249051 0.318447 0.224849 0.022054 0.130218 -0.145200 0.348762 0.388724 -0.248810 -0.143440 -0.010471 -0.054852 -0.299642 -0.005685 -0.006802 -0.223070 -0.038777 -0.145855 0.238824 0.439512 0.141439 0.327916 -0.465544 -0.357739 -0.199060 -0.149074 -0.158681 0.068485 -0.124720 -0.044230 -0.272082 0.215193 -0.260758 -0.169109
0.221786 1.000000 -0.093131 0.498913 0.006942 -0.029204 0.012549 0.304929 -0.048571 0.222355 0.069656 0.285225 0.001433 0.177287 -0.084407 0.323950 -0.293000 0.181969 0.093066 0.156351 -0.275956 -0.409161 -0.507310 -0.117361 -0.114605 -0.221834 -0.137215 -0.222061 -0.300960 -0.079997 -0.329737 -0.154720 -0.130648 0.052566 -0.029672 -0.085970 -0.436364 -0.196260 -0.048926 -0.073527 0.016584 -0.002243 -0.274796 -0.098203 -0.246422 0.092855 -0.405168 -0.282761 -0.415178 -0.162582 -0.191162 -0.397357 -0.408751 -0.498577 -0.202390 -0.174790 0.159199 0.116327 -0.046900 0.393940 0.189292 0.439433 0.148778 0.275231 0.056562 0.378308 -0.200950 0.065016 -0.037096 -0.039592 -0.079011 -0.017561 -0.338533 0.027113 0.006160 0.151760 -0.161684 -0.042657 -0.044384 -0.113311 -0.390091 -0.198370 -0.268803 0.154531 -0.114664 0.317896 -0.196577 -0.148794 0.173750 0.418785 -0.184417 -0.206943 0.259598 -0.309921 -0.421911 -0.055604 -0.161718 -0.332922 -0.217386 -0.311276 0.311226 0.033402 0.103787 -0.000288 -0.263811 -0.125909 0.076254 0.037614 -0.259490 -0.148096 -0.266636 0.028196 -0.202406 0.135423 -0.145221 -0.065476
0.051853 -0.093131 1.000000 0.393064 0.437966 0.035239 0.786407 0.559013 0.587359 0.485167 0.217814 0.077851 0.311720 0.291620 0.586548 0.533573 -0.516776 -0.441375 0.404527 -0.330510 0.006544 0.129581 0.329956 0.197908 0.119244 0.090780 0.064299 -0.089029 -0.318563 -0.452416 0.043239 -0.137562 -0.393459 -0.126192 -0.112486 0.127665 -0.465654 -0.533328 -0.062976 -0.070122 -0.092197 -0.274358 -0.210092 -0.182758 0.029801 0.145590 -0.360262 -0.354333 0.149242 -0.059087 0.083016 -0.025992 -0.424135 -0.363034 -0.153452 -0.231446 -0.438250 -0.433940 0.088579 -0.151814 0.330996 0.251589 -0.203340 -0.316459 0.443343 0.457194 -0.205210 0.127013 -0.431743 -0.249635 -0.070780 -0.020698 -0.306335 -0.482259 -0.529115 -0.168826 -0.500081 -0.511774 -0.336535 -0.319544 -0.147315 -0.493742 -0.056080 -0.189717 -0.008993 -0.286820 -0.158683 -0.430297 0.425029 0.266514 0.088310 0.253233 0.329931 0.464180 0.006179 -0.200217 -0.260717 -0.116400 -0.454728 -0.588018 0.334756 0.389410 0.045119 -0.027490 -0.342552 -0.140808 -0.216287 -0.043683 0.049958 -0.191780 -0.159109 -0.471633 -0.276852 0.026356 0.140210 -0.044099
0.206304 0.498913 0.393064 1.000000 0.211244 0.024099 0.359462 0.638923 0.255138 0.515340 0.022391 0.186096 -0.056413 0.068420 0.098416 0.513144 -0.552550 -0.273994 0.323102 0.039954 -0.247574 -0.361451 -0.104145 0.384309 -0.069653 -0.047446 -0.102746 -0.207449 -0.492442 -0.439849 -0.176318 -0.027253 -0.372040 -0.095330 0.101660 0.016937 -0.428907 -0.241574 -0.005887 -0.022671 -0.011851 -0.104910 -0.312442 -0.149957 -0.166320 0.238694 -0.512786 -0.364534 -0.334592 -0.241662 -0.291139 -0.483870 -0.624081 -0.575331 -0.345387 -0.183249 -0.091481 -0.190295 -0.181070 -0.042654 0.128663 0.326278 -0.134818 -0.177984 0.392863 0.619954 -0.280992 0.262525 -0.320889 -0.218382 -0.153036 0.057200 -0.544087 -0.191006 -0.262278 0.114388 -0.356605 -0.208128 -0.327213 -0.291804 -0.416068 -0.517542 -0.107792 -0.053177 0.114772 0.194618 0.055419 -0.302158 0.514990 0.578436 -0.051003 -0.167035 0.602786 -0.037748 -0.315981 0.001696 -0.295219 -0.274005 -0.562492 -0.603230 0.531584 0.149122 -0.072389 0.025057 -0.439371 -0.105253 -0.107053 -0.145001 -0.152318 -0.098848 -0.256906 -0.223502 -0.429192 0.268231 0.105093 -0.128407
0.117832 0.006942 0.437966 0.211244 1.000000 0.446324 0.319267 0.144602 0.763594 0.630344 -0.113935 -0.165967 0.138310 0.076200 0.622391 0.527074 -0.309021 -0.373502 0.295279 0.027070 0.083748 0.114117 0.082916 0.056063 0.535073 0.273123 0.510473 0.191995 -0.231107 -0.346210 -0.023734 -0.167075 -0.288827 -0.145802 0.029177 0.116315 -0.196092 -0.265178 0.055169 0.059972 0.081583 -0.027327 -0.295933 -0.202338 -0.088635 -0.054992 -0.275740 -0.375992 -0.074540 -0.094840 -0.225128 -0.050082 -0.204274 -0.253839 0.008539 -0.022768 -0.270260 -0.183291 0.247950 0.064867 0.308146 0.189315 0.065081 -0.150508 0.143816 0.198998 -0.310558 -0.024734 -0.126174 -0.065333 -0.084740 0.082395 -0.248029 -0.238647 -0.279726 -0.149488 -0.202734 -0.333718 -0.542860 -0.311968 -0.323826 -0.444481 0.062120 -0.116588 -0.145030 -0.314843 -0.024466 -0.230486 0.433324 0.451000 0.099753 0.123053 0.331777 0.335803 -0.164119 -0.152116 -0.254231 -0.211783 -0.177362 -0.425394 0.407348 0.251299 0.191609 0.309752 -0.368431 -0.150810 0.051456 -0.035332 0.056809 -0.224580 -0.360008 -0.371344 -0.236148 0.091070 -0.241774 -0.183695
-0.185517 -0.029204 0.035239 0.024099 0.446324 1.000000 -0.217331 -0.155120 0.399125 0.395483 -0.393894 -0.291734 -0.266556 -0.252435 0.153796 0.199128 -0.240591 -0.325216 -0.085565 0.031479 0.266514 0.146835 0.253354 0.187701 0.646635 0.680567 0.766853 0.678070 -0.382825 -0.446158 -0.154499 -0.311522 -0.347663 -0.376536 0.076151 0.194523 -0.007276 0.249098 0.208455 0.362992 -0.161359 0.100371 0.088122 0.111467 -0.015437 0.135623 0.136255 0.104071 -0.087540 0.012464 -0.054749 0.075834 -0.017330 -0.031185 0.202486 0.218373 -0.181382 0.019260 -0.076464 -0.070341 -0.173707 -0.169052 -0.288649 -0.340619 -0.082527 0.075785 -0.217382 0.192175 0.107410 0.185648 -0.213521 -0.042566 -0.399342 -0.158855 -0.342685 -0.347730 -0.274575 -0.208389 -0.388442 -0.176953 -0.353894 -0.286271 0.125607 -0.286640 -0.097631 -0.029673 0.170200 0.312136 0.251368 0.267902 0.337337 0.123886 0.211368 0.244763 0.050900 -0.086757 0.105741 -0.102890 -0.004866 -0.144134 -0.026366 -0.008339 0.222597 0.059180 -0.058404 0.021526 0.064974 -0.107912 0.054571 -0.065987 -0.033374 -0.038807 0.031342 -0.224240 -0.102431 -0.066555
-0.049386 0.012549 0.786407 0.359462 0.319267 -0.217331 1.000000 0.741185 0.356964 0.404754 0.303039 0.310884 0.587274 0.572920 0.431028 0.512788 -0.300125 -0.108004 0.135742 -0.428440 -0.310614 -0.097333 0.161852 0.121185 -0.170414 -0.294272 -0.214846 -0.469919 -0.127863 -0.087358 0.030616 -0.110100 -0.176509 -0.015422 -0.304207 -0.133322 -0.402529 -0.481801 -0.216980 -0.304179 -0.031653 -0.315294 -0.221025 -0.152152 0.053738 0.100691 -0.364125 -0.422581 0.160167 0.058607 0.100033 0.029139 -0.436978 -0.341191 -0.251055 -0.329554 -0.443824 -0.497403 -0.011630 -0.096143 0.429916 0.430925 0.025763 -0.016986 0.446479 0.527190 -0.278097 -0.016631 -0.653595 -0.421831 -0.060054 -0.030993 -0.039623 -0.261911 -0.242036 -0.108367 -0.270924 -0.369858 -0.210505 -0.189359 0.058532 -0.274749 -0.356035 -0.190082 -0.033913 -0.227178 -0.345276 -0.553607 0.198151 0.178595 -0.100750 0.043562 0.262190 0.216367 -0.114983 -0.007815 -0.294950 -0.002962 -0.377749 -0.410338 0.361564 0.214859 -0.116441 -0.136509 -0.244473 -0.059985 -0.151297 -0.079034 0.069732 -0.097510 -0.177219 -0.270664 -0.190550 0.257159 0.151152 0.044071
-0.230942 0.304929 0.559013 0.638923 0.144602 -0.155120 0.741185 1.000000 0.231675 0.523133 0.196998 0.437680 0.388842 0.587893 0.207477 0.667508 -0.472018 -0.104940 -0.109845 -0.370672 -0.331020 -0.297340 0.025767 0.387506 -0.149370 -0.111330 -0.301817 -0.469791 -0.384510 -0.162701 -0.108781 -0.059500 -0.323049 -0.037465 -0.101717 0.033290 -0.446892 -0.342447 -0.199191 -0.276367 0.019800 -0.202142 -0.166888 -0.090164 -0.010248 0.310465 -0.478398 -0.305489 -0.082409 -0.072759 -0.022318 -0.208046 -0.656963 -0.524048 -0.501210 -0.442917 -0.361920 -0.477059 -0.232006 -0.127126 0.216957 0.468910 -0.173598 -0.125736 0.448763 0.802223 -0.248417 0.242613 -0.627451 -0.271232 -0.107483 -0.047305 -0.290540 -0.213735 -0.260422 -0.028813 -0.404641 -0.283129 -0.212139 -0.312723 -0.186237 -0.408365 -0.403049 -0.218868 -0.071816 -0.000781 -0.312144 -0.489355 0.267832 0.229400 -0.014637 0.023991 0.563694 0.099948 -0.220522 -0.066088 -0.364931 -0.113849 -0.478991 -0.433182 0.410196 0.045319 -0.211870 -0.211817 -0.183336 -0.006157 -0.064750 -0.112270 -0.008545 -0.193343 -0.175595 -0.153466 -0.158050 0.321339 0.136836 0.048178
0.069639 -0.048571 0.587359 0.255138 0.763594 0.399125 0.356964 0.231675 1.000000 0.793141 -0.158443 -0.239616 0.081376 0.097267 0.683267 0.608851 -0.359181 -0.479286 0.377274 -0.104384 -0.025546 0.087701 0.059915 0.113968 0.561192 0.343867 0.333979 0.079569 -0.299598 -0.495918 -0.072567 -0.248591 -0.405439 -0.316478 0.167394 0.182187 -0.366538 -0.459455 -0.067323 0.008937 -0.035951 -0.151686 -0.322988 -0.238467 -0.188577 -0.020760 -0.300891 -0.405388 -0.047205 -0.169269 -0.066690 -0.078212 -0.253498 -0.364824 -0.175257 -0.180332 -0.274657 -0.200512 0.240314 0.086416 0.354925 0.243121 -0.061132 -0.236999 0.303394 0.376204 -0.152055 0.148616 -0.023398 0.021032 -0.230229 -0.110045 -0.394443 -0.450331 -0.526146 -0.288467 -0.380377 -0.492811 -0.522983 -0.357632 -0.218626 -0.504093 0.186113 -0.129470 0.052484 -0.264552 -0.090436 -0.210265 0.576520 0.490708 0.265130 0.300832 0.450261 0.447743 -0.041399 -0.308623 -0.420810 -0.276265 -0.317424 -0.505944 0.283985 0.297719 0.097176 0.135429 -0.336374 -0.074258 0.064795 0.075285 -0.076766 -0.304922 -0.417512 -0.481571 -0.284747 -0.038607 -0.179976 -0.162799
-0.053618 0.222355 0.485167 0.515340 0.630344 0.395483 0.404754 0.523133 0.793141 1.000000 -0.190169 -0.072625 0.131810 0.243680 0.547306 0.780902 -0.457102 -0.381987 0.187621 -0.113024 -0.183414 -0.204515 -0.090360 0.223283 0.346044 0.248257 0.185640 -0.006901 -0.470728 -0.481713 -0.278997 -0.385240 -0.511500 -0.388372 0.117854 0.168603 -0.441405 -0.324500 -0.119584 0.033610 -0.032642 -0.161016 -0.404773 -0.290682 -0.300644 -0.001793 -0.495630 -0.439503 -0.213434 -0.244111 -0.181528 -0.244404 -0.399190 -0.502961 -0.304186 -0.255069 -0.282363 -0.256098 0.061655 0.104434 0.322936 0.427612 -0.091015 -0.171038 0.261470 0.603965 -0.323384 0.197657 -0.187152 -0.033212 -0.256169 -0.190835 -0.548450 -0.381818 -0.486750 -0.262978 -0.443577 -0.423906 -0.544853 -0.305564 -0.366273 -0.572007 -0.005955 -0.152824 -0.058696 -0.158334 -0.211585 -0.253065 0.519428 0.601868 0.345529 0.273784 0.700954 0.393349 -0.058976 -0.135751 -0.446966 -0.217049 -0.425500 -0.512033 0.411369 0.309947 0.027348 0.047869 -0.387428 0.056743 -0.008439 -0.084388 -0.142088 -0.232132 -0.450752 -0.346367 -0.262486 0.135940 -0.060372 -0.000323
0.254711 0.069656 0.217814 0.022391 -0.113935 -0.393894 0.303039 0.196998 -0.158443 -0.190169 1.000000 0.570099 0.626008 0.496599 0.323488 0.140166 0.107293 0.187841 0.123405 -0.246040 -0.117888 -0.083190 0.208158 -0.017801 -0.393315 -0.352014 -0.298349 -0.376767 0.233581 0.256914 0.041000 0.094181 -0.162222 0.108108 -0.353430 0.026984 -0.218901 -0.225175 -0.258070 -0.435184 0.097219 -0.102675 0.012303 -0.132845 -0.070500 -0.124468 -0.052719 -0.074845 0.319881 -0.059540 0.100612 0.093234 -0.081182 0.168829 -0.070436 -0.168466 -0.055328 -0.043128 0.004145 -0.136822 0.116787 0.088618 -0.046992 0.074419 0.224325 0.080371 -0.138921 -0.286588 -0.344392 -0.203444 -0.002249 0.093115 0.247187 -0.010809 0.140515 0.174149 -0.079396 -0.110869 0.178313 -0.081079 0.168485 0.135183 -0.249080 0.077986 0.131165 -0.090730 -0.133915 -0.356894 -0.167729 -0.159246 -0.129570 0.089813 -0.094332 0.011094 -0.100665 -0.095725 0.046974 0.144911 0.066129 -0.014147 0.014792 0.058180 -0.222310 -0.159114 -0.033174 -0.031652 -0.049028 0.043854 0.093933 -0.051499 0.060330 0.104890 -0.023247 0.344001 0.045072 0.158028
-0.199110 0.285225 0.077851 0.186096 -0.165967 -0.291734 0.310884 0.437680 -0.239616 -0.072625 0.570099 1.000000 0.488341 0.651584 0.031199 0.209582 -0.020330 0.361914 -0.264094 -0.255076 -0.221407 -0.397115 0.174154 0.242599 -0.227680 -0.194816 -0.381641 -0.395555 0.193965 0.467374 0.179563 0.216323 -0.086704 0.304187 -0.235077 0.067236 -0.196042 -0.118208 -0.252285 -0.437872 0.084865 -0.008619 0.076890 0.058021 0.111434 0.266919 -0.067883 -0.018035 -0.041730 -0.025181 -0.029214 -0.120579 -0.295327 -0.034880 -0.389206 -0.368297 -0.254112 -0.271564 -0.306079 -0.342647 -0.043808 0.181033 -0.195505 0.025093 0.319644 0.344663 -0.325529 -0.118034 -0.451969 -0.323527 0.140533 0.147677 0.247817 0.353656 0.364288 0.391072 0.019346 0.131186 0.156633 0.006610 0.048430 0.034330 -0.335313 0.160365 0.162892 0.305514 -0.222075 -0.245243 -0.292981 -0.308491 -0.185032 -0.115124 0.021221 -0.252230 -0.237336 0.022359 -0.172772 0.011685 -0.085296 -0.024804 -0.139053 -0.373935 -0.436233 -0.404487 0.008841 0.089366 0.044986 0.079741 -0.085394 -0.004420 -0.101323 0.220937 0.101007 0.290587 0.240524 0.251372
-0.070031 0.001433 0.311720 -0.056413 0.138310 -0.266556 0.587274 0.388842 0.081376 0.131810 0.626008 0.488341 1.000000 0.768620 0.482192 0.380465 0.132320 0.228302 -0.145761 -0.464854 -0.295158 -0.248316 0.071762 -0.112032 -0.294609 -0.343406 -0.249672 -0.478718 0.190734 0.312314 -0.031679 -0.140832 -0.090335 0.085723 -0.420988 -0.019303 -0.304182 -0.287665 -0.426338 -0.478616 0.040595 -0.229465 -0.096324 -0.216223 0.015602 -0.149833 -0.131484 -0.207137 0.351414 0.108246 0.151036 0.250549 0.011010 0.093701 -0.139492 -0.255862 -0.343209 -0.330515 0.182794 0.006672 0.454827 0.377992 0.214856 0.202009 0.215199 0.282970 -0.419290 -0.367587 -0.585542 -0.347828 0.054629 -0.022477 0.239540 0.011651 0.104371 -0.035771 -0.035324 -0.198655 0.001184 -0.113424 0.282473 0.043649 -0.380977 -0.118212 -0.214925 -0.334405 -0.379534 -0.414854 -0.132342 -0.094106 -0.039987 0.181089 0.037796 0.180687 -0.074709 -0.037759 -0.163131 0.112596 0.074161 0.041736 0.100849 0.093413 -0.111820 -0.052851 0.010956 0.008919 -0.045427 -0.024759 0.122136 -0.118010 -0.134378 -0.018995 0.061385 0.378612 0.188731 0.237977
-0.353012 0.177287 0.291620 0.068420 0.076200 -0.252435 0.572920 0.587893 0.097267 0.243680 0.496599 0.651584 0.768620 1.000000 0.357664 0.566043 -0.086806 0.286426 -0.313151 -0.607388 -0.264268 -0.328522 0.035525 0.041552 -0.196782 -0.294632 -0.387729 -0.539104 -0.011050 0.307619 0.005446 -0.073614 -0.227793 0.010128 -0.270711 -0.006546 -0.298616 -0.227154 -0.302359 -0.439740 0.128203 -0.103279 -0.069837 -0.192710 -0.023997 -0.039411 -0.200759 -0.220127 0.240619 0.017236 0.129198 0.183700 -0.168602 -0.061512 -0.337292 -0.360439 -0.481321 -0.378016 0.003813 0.004160 0.317223 0.608753 -0.015954 0.298862 0.250764 0.518477 -0.295147 -0.251312 -0.557162 -0.352070 0.127139 0.025936 0.043607 0.114691 0.058964 0.129741 -0.084621 -0.094955 -0.077035 -0.063345 0.109484 -0.087572 -0.511518 -0.187548 -0.138057 -0.242855 -0.421702 -0.423795 -0.200399 -0.091737 0.072320 0.188025 0.185342 0.056607 -0.173956 -0.051185 -0.262607 0.053308 -0.016038 -0.052290 0.171271 -0.158082 -0.244203 -0.254650 0.099015 0.105586 0.038606 0.073093 0.028796 -0.127209 -0.197609 0.028969 0.146993 0.313632 0.222628 0.239878
0.150722 -0.084407 0.586548 0.098416 0.622391 0.153796 0.431028 0.207477 0.683267 0.547306 0.323488 0.031199 0.482192 0.357664 1.000000 0.638756 -0.281880 -0.430675 0.305522 -0.283582 -0.005514 -0.017998 0.207801 0.022425 0.286998 0.134576 0.191688 -0.055694 -0.199148 -0.298624 -0.025491 -0.255274 -0.436549 -0.236157 -0.054767 0.308277 -0.323192 -0.367751 -0.099204 -0.084937 0.077805 -0.088856 -0.239306 -0.247634 -0.175295 -0.123851 -0.235212 -0.311150 0.163619 -0.135906 -0.081863 0.093229 -0.205504 -0.132429 -0.083205 -0.116180 -0.299186 -0.266166 0.427018 0.095865 0.485197 0.340469 -0.106699 -0.114234 0.332452 0.318364 -0.332263 -0.219339 -0.196821 -0.108565 -0.083043 -0.040519 -0.207320 -0.469246 -0.372551 -0.110840 -0.284377 -0.409373 -0.344340 -0.233923 -0.108911 -0.349532 -0.086469 -0.197375 -0.050007 -0.588094 -0.230245 -0.419455 0.382661 0.279611 0.165128 0.373546 0.362542 0.517023 -0.057986 -0.329148 -0.209951 -0.019676 -0.192782 -0.356972 0.290300 0.293451 0.077199 0.134933 -0.289606 -0.031751 0.009705 0.048234 0.068705 -0.221484 -0.181028 -0.373480 -0.226853 0.193346 0.008264 -0.096784
-0.044836 0.323950 0.533573 0.513144 0.527074 0.199128 0.512788 0.667508 0.608851 0.780902 0.140166 0.209582 0.380465 0.566043 0.638756 1.000000 -0.497821 -0.274561 0.062688 -0.354956 -0.195991 -0.269892 -0.053469 0.138223 0.158098 0.108505 0.003929 -0.176849 -0.534123 -0.383378 -0.312673 -0.398632 -0.615589 -0.345213 -0.063387 0.199346 -0.482788 -0.231464 -0.107786 -0.014854 0.003195 -0.088874 -0.296305 -0.348154 -0.290032 -0.032659 -0.509061 -0.397206 -0.059092 -0.309283 -0.193709 -0.182857 -0.511502 -0.450924 -0.267097 -0.302757 -0.292690 -0.250906 0.170208 0.097596 0.403873 0.640400 -0.202519 -0.020212 0.273310 0.760809 -0.406522 -0.068162 -0.396259 -0.148181 -0.155890 -0.085549 -0.511982 -0.298902 -0.390472 -0.097071 -0.428525 -0.349640 -0.507437 -0.327229 -0.301303 -0.535863 -0.252565 -0.309018 -0.197610 -0.357697 -0.340662 -0.453801 0.360392 0.502451 0.310673 0.327276 0.726441 0.383473 -0.191780 -0.178175 -0.341723 -0.124812 -0.354497 -0.481016 0.580832 0.258544 0.025809 0.083980 -0.285731 0.006945 -0.039658 -0.105716 -0.103215 -0.238124 -0.317213 -0.215793 -0.182764 0.305269 -0.011525 0.004736
0.096597 -0.293000 -0.516776 -0.552550 -0.309021 -0.240591 -0.300125 -0.472018 -0.359181 -0.457102 0.107293 -0.020330 0.132320 -0.086806 -0.281880 -0.497821 1.000000 0.658917 -0.119512 0.135371 -0.070621 -0.016934 -0.147740 -0.324014 -0.130873 -0.237350 -0.138013 0.002638 0.699162 0.604309 0.026045 0.069473 0.523050 0.366941 -0.126773 -0.083286 0.371137 0.199327 -0.129632 -0.185561 -0.076328 -0.041373 0.018004 -0.107584 -0.132299 -0.395826 0.245751 0.112382 -0.006580 -0.050215 0.076766 0.027404 0.407525 0.314098 0.188625 -0.031351 0.453993 0.460551 0.078858 -0.060718 -0.011966 -0.282049 0.538141 0.494253 -0.240406 -0.540225 0.156464 -0.375679 0.242535 0.083401 -0.036483 -0.140034 0.591171 0.332146 0.431283 -0.034750 0.607518 0.337147 0.467344 0.471416 0.555360 0.689507 0.271781 0.332838 0.059598 0.058704 0.074164 0.234686 -0.512464 -0.406318 -0.177253 -0.084109 -0.452341 -0.276445 -0.016421 0.268546 0.115879 0.142193 0.400746 0.552234 -0.383868 -0.095345 -0.270538 -0.163660 0.104701 0.004770 -0.037593 -0.108606 -0.087751 0.229609 0.073706 0.394143 0.278868 0.043340 -0.088074 0.004484
-0.103829 0.181969 -0.441375 -0.273994 -0.373502 -0.325216 -0.108004 -0.104940 -0.479286 -0.381987 0.187841 0.361914 0.228302 0.286426 -0.430675 -0.274561 0.658917 1.000000 -0.265705 0.037834 -0.314818 -0.277193 -0.306387 -0.320768 -0.338508 -0.442990 -0.355198 -0.223127 0.563383 0.682379 0.014424 0.068829 0.388280 0.371885 -0.122569 -0.081428 0.121997 0.077895 -0.127832 -0.349928 0.071485 0.024269 -0.113978 -0.186723 -0.078887 -0.232083 0.022224 -0.028588 -0.056295 0.023915 0.001107 -0.025235 0.180392 0.098728 0.021355 -0.185304 0.273497 0.263772 -0.166352 0.077684 -0.083996 0.105401 0.451244 0.664693 -0.272064 -0.190263 -0.023921 -0.268512 -0.061305 -0.071122 0.152081 -0.046457 0.453147 0.544253 0.493643 0.133605 0.446665 0.317835 0.395948 0.356387 0.270770 0.454035 -0.091570 0.335429 -0.046699 0.307842 -0.118591 0.059744 -0.572181 -0.269016 -0.191863 -0.078712 -0.392095 -0.498969 -0.176857 0.180219 -0.062729 0.094254 0.252666 0.360446 -0.194992 -0.254426 -0.285665 -0.266602 0.120709 0.081417 0.081089 0.116854 -0.112142 0.085864 -0.086963 0.385434 0.209010 -0.071106 0.001971 0.144720
0.725086 0.093066 0.404527 0.323102 0.295279 -0.085565 0.135742 -0.109845 0.377274 0.187621 0.123405 -0.264094 -0.145761 -0.313151 0.305522 0.062688 -0.119512 -0.265705 1.000000 0.416372 0.007334 0.103822 -0.045293 -0.079852 0.000235 -0.171334 0.104268 0.022529 0.069339 -0.357796 0.077647 0.049749 -0.034896 0.111177 0.136173 0.005944 -0.341504 -0.488919 -0.037935 -0.051017 -0.127728 -0.218422 -0.535854 -0.422859 -0.341730 -0.289707 -0.384186 -0.520503 -0.172801 -0.304002 -0.268318 -0.398481 -0.117229 -0.381726 0.107435 -0.094768 0.250819 0.101454 0.370296 0.191389 0.370812 0.060304 0.250780 0.000916 0.279975 -0.078226 0.050933 -0.049803 0.175316 -0.022823 -0.061896 -0.012292 -0.181004 -0.328947 -0.244977 -0.023917 -0.199083 -0.355125 -0.149086 -0.064089 -0.159026 -0.234186 0.412438 0.356776 0.353725 -0.023884 0.183114 -0.192681 0.532713 0.467471 -0.088369 0.032896 0.019868 0.106697 -0.229327 -0.129685 -0.245989 -0.310571 -0.328503 -0.408515 0.271413 0.470846 0.170771 0.280101 -0.572864 -0.290399 -0.301344 0.050633 -0.177873 -0.136221 -0.351535 -0.364484 -0.397979 -0.021597 -0.099336 -0.236382
0.491646 0.156351 -0.330510 0.039954 0.027070 0.031479 -0.428440 -0.370672 -0.104384 -0.113024 -0.246040 -0.255076 -0.464854 -0.607388 -0.283582 -0.354956 0.135371 0.037834 0.416372 1.000000 0.047658 0.152525 -0.251296 0.068370 0.082729 0.040336 0.137195 0.171959 0.249259 0.029534 0.023138 0.232528 0.215915 0.337286 0.214748 0.113698 0.087231 -0.021831 0.080583 0.053842 -0.016105 -0.022678 -0.226840 -0.134821 -0.209059 -0.106614 -0.149012 -0.033435 -0.509244 -0.165889 -0.496891 -0.437557 0.036130 -0.113042 0.050239 -0.049441 0.568326 0.357466 -0.001466 0.111036 -0.124009 -0.378658 0.181514 -0.052612 -0.148636 -0.426926 -0.002250 0.106336 0.422018 0.285049 -0.039573 0.062448 0.085941 0.079656 0.087686 0.049489 0.035407 0.045145 0.081660 0.070065 -0.189420 0.114858 0.435835 0.469388 0.143289 0.350975 0.260381 0.071983 0.206203 0.127856 -0.076671 -0.202949 -0.061742 -0.192674 -0.094717 -0.052971 -0.098885 -0.189682 -0.100269 -0.054465 -0.019116 0.005979 0.174701 0.286570 -0.266596 -0.073132 -0.090701 -0.011904 -0.031927 -0.080041 -0.147850 -0.016197 -0.212915 -0.096342 -0.236550 -0.100666
-0.061535 -0.275956 0.006544 -0.247574 0.083748 0.266514 -0.310614 -0.331020 -0.025546 -0.183414 -0.117888 -0.221407 -0.295158 -0.264268 -0.005514 -0.195991 -0.070621 -0.314818 0.007334 0.047658 1.000000 0.616014 0.420268 0.235416 0.401972 0.491248 0.455588 0.503681 -0.024202 -0.045161 0.429101 0.427187 -0.042027 0.008461 0.004325 0.008003 0.288721 0.237546 0.339804 0.436278 0.036107 0.235726 0.228319 0.152075 0.091513 -0.099997 0.161430 0.275760 0.167152 -0.072909 0.094121 0.116392 0.284565 0.231309 0.215064 0.267828 -0.067794 0.036850 0.173899 -0.260802 -0.187330 -0.379156 -0.235902 -0.238011 -0.092239 -0.343372 0.220068 -0.091572 0.222424 -0.031850 0.326278 0.317001 0.028830 -0.039337 -0.073077 0.050657 0.012293 0.059877 -0.045263 -0.021267 -0.169714 -0.014467 0.236604 0.032453 -0.018253 -0.221244 0.289834 0.285540 -0.057355 -0.234848 0.051704 0.023099 -0.235165 0.107687 0.103146 0.026980 0.223839 -0.042579 0.045755 0.024691 -0.125495 -0.029565 0.109730 0.101810 0.020303 -0.267143 -0.031903 -0.054196 0.037168 0.030968 0.123083 -0.133126 0.134536 -0.151870 -0.072614 -0.176932
0.030662 -0.409161 0.129581 -0.361451 0.114117 0.146835 -0.097333 -0.297340 0.087701 -0.204515 -0.083190 -0.397115 -0.248316 -0.328522 -0.017998 -0.269892 -0.016934 -0.277193 0.103822 0.152525 0.616014 1.000000 0.236408 0.046755 0.286212 0.331146 0.369709 0.265835 0.134555 -0.113276 0.221590 0.314487 0.144572 -0.024524 0.181296 0.036507 0.279329 0.081338 0.484753 0.353947 0.306094 0.359016 0.146473 0.096317 0.116624 -0.128027 0.175533 0.119476 0.255092 0.111228 0.114863 0.240349 0.158254 0.201410 0.293107 0.234375 0.102077 0.025177 0.169717 -0.110876 -0.142092 -0.452670 -0.104622 -0.239664 -0.105460 -0.429076 0.352540 0.098378 0.311587 0.322337 0.133495 0.217279 0.163541 -0.204225 -0.170550 -0.111596 -0.155418 -0.272042 -0.083188 -0.243482 -0.008016 0.014982 0.167424 0.090366 -0.006731 -0.281989 0.108135 0.017098 0.043031 -0.203082 -0.112096 -0.037041 -0.342457 0.043879 0.246848 -0.245766 0.172688 -0.061666 -0.020236 -0.119941 -0.162267 -0.022698 0.070476 0.237109 0.104203 -0.047682 -0.020481 0.186841 0.334877 -0.310954 0.096236 -0.312064 -0.153809 -0.381835 -0.293095 -0.286201
-0.253267 -0.507310 0.329956 -0.104145 0.082916 0.253354 0.161852 0.025767 0.059915 -0.090360 0.208158 0.174154 0.071762 0.035525 0.207801 -0.053469 -0.147740 -0.306387 -0.045293 -0.251296 0.420268 0.236408 1.000000 0.553259 0.210708 0.381591 0.246697 0.272964 -0.040277 -0.040897 0.420230 0.268077 -0.093023 0.083005 -0.107415 0.193616 0.216400 0.152673 0.080569 0.079363 -0.052095 0.018082 0.092573 0.014324 0.062898 0.104331 0.110303 0.089581 0.165737 -0.071404 0.094816 0.100391 0.073624 0.200588 0.083909 -0.081111 -0.426922 -0.415324 -0.061617 -0.450031 -0.170266 -0.324670 -0.434198 -0.454419 0.292933 -0.013792 0.137469 0.079837 -0.226340 -0.184969 0.142908 0.241548 0.097166 0.006231 0.061457 -0.064934 0.006800 0.051886 0.061982 0.008154 0.056828 -0.101272 0.039642 -0.228765 0.260477 -0.132406 0.138299 0.064825 0.009279 -0.300565 0.027275 0.093765 -0.092047 0.282598 0.173479 0.081838 0.119373 0.294636 -0.120598 0.083825 -0.218137 -0.184495 -0.157503 -0.086319 0.054714 -0.075138 -0.190811 0.009303 0.313730 0.158546 0.235907 -0.069960 0.112353 0.030174 0.251015 0.076814
-0.280472 -0.117361 0.197908 0.384309 0.056063 0.187701 0.121185 0.387506 0.113968 0.223283 -0.017801 0.242599 -0.112032 0.041552 0.022425 0.138223 -0.324014 -0.320768 -0.079852 0.068370 0.235416 0.046755 0.553259 1.000000 0.265779 0.370596 0.033112 -0.013298 -0.248869 -0.116001 0.300827 0.451151 -0.240841 0.137762 0.205660 0.240660 0.044922 0.041860 0.092399 -0.045788 -0.005692 0.076105 -0.004955 0.003922 -0.009410 0.324288 -0.186216 0.042897 -0.188119 -0.138400 -0.193656 -0.270415 -0.300263 -0.128382 -0.348134 -0.332511 -0.194780 -0.301691 -0.301427 -0.462593 -0.249892 -0.205367 -0.482188 -0.473371 0.480307 0.290874 -0.035685 0.320244 -0.125604 -0.047154 0.025589 0.128623 -0.213354 -0.035308 -0.103337 0.059427 -0.230676 -0.049126 -0.097154 -0.150973 -0.232530 -0.315940 0.045036 -0.100345 0.322594 0.147079 0.266345 -0.047187 0.298472 -0.051798 0.039511 -0.095874 0.338743 0.113955 -0.064691 -0.024825 -0.184997 -0.029519 -0.468413 -0.233822 -0.046710 -0.343501 -0.392348 -0.150516 0.003488 0.065159 -0.132006 0.002711 0.222434 -0.083738 -0.098052 -0.137288 -0.123683 0.192717 0.137453 -0.120527
-0.173371 -0.114605 0.119244 -0.069653 0.535073 0.646635 -0.170414 -0.149370 0.561192 0.346044 -0.393315 -0.227680 -0.294609 -0.196782 0.286998 0.158098 -0.130873 -0.338508 0.000235 0.082729 0.401972 0.286212 0.210708 0.265779 1.000000 0.776375 0.629584 0.533622 -0.221710 -0.282497 0.126551 0.054693 -0.208559 -0.039619 0.218555 0.346159 -0.007407 -0.007757 0.169819 0.252447 0.051806 0.120317 0.027902 0.120710 -0.033073 0.219112 -0.015659 0.052565 -0.155337 -0.091533 -0.053121 -0.042955 -0.147433 -0.138583 -0.091262 0.004663 -0.080117 0.047644 0.117379 -0.126600 -0.019707 -0.183126 -0.248960 -0.264848 0.144160 0.040954 -0.025431 0.187839 0.318526 0.236437 -0.172276 -0.029851 -0.249638 -0.236649 -0.313829 -0.169034 -0.152525 -0.209557 -0.275409 -0.164109 -0.356023 -0.313204 0.241986 -0.101862 -0.013782 -0.069447 0.140592 0.188644 0.295482 0.068036 0.103410 0.092665 0.137376 0.149285 -0.081426 -0.194134 -0.130550 -0.205498 -0.141234 -0.192484 -0.141445 -0.160085 -0.024372 -0.031816 -0.137543 0.033108 0.095810 -0.013385 -0.054969 -0.133961 -0.109979 -0.261451 0.011488 -0.179527 -0.145254 -0.295354
-0.289400 -0.221834 0.090780 -0.047446 0.273123 0.680567 -0.294272 -0.111330 0.343867 0.248257 -0.352014 -0.194816 -0.343406 -0.294632 0.134576 0.108505 -0.237350 -0.442990 -0.171334 0.040336 0.491248 0.331146 0.381591 0.370596 0.776375 1.000000 0.641965 0.697807 -0.339679 -0.346889 0.039070 -0.055271 -0.278544 -0.160046 0.232559 0.469242 0.088285 0.201729 0.256655 0.420337 0.007248 0.129999 0.230338 0.214987 0.032122 0.261191 0.063847 0.257570 -0.087717 -0.102542 0.004393 0.015042 -0.047333 -0.000380 0.067187 0.042930 -0.153342 -0.062089 -0.008995 -0.226516 -0.266480 -0.357012 -0.435294 -0.499809 -0.059014 0.031058 0.033910 0.294539 0.206817 0.240078 -0.171783 -0.073781 -0.241196 -0.194136 -0.304754 -0.217331 -0.266154 -0.129939 -0.260941 -0.251673 -0.387118 -0.331551 0.240220 -0.234970 -0.080501 -0.025879 0.139867 0.260720 0.199009 -0.021176 0.283417 0.160686 0.196626 0.269604 0.185309 -0.211687 0.039673 -0.033374 -0.118494 -0.142464 -0.214446 -0.157861 0.073865 0.083898 0.005336 0.070329 0.017228 -0.053617 0.061111 -0.085092 0.087954 -0.235961 0.007835 -0.263372 -0.018277 -0.084483
0.000727 -0.137215 0.064299 -0.102746 0.510473 0.766853 -0.214846 -0.301817 0.333979 0.185640 -0.298349 -0.381641 -0.249672 -0.387729 0.191688 0.003929 -0.138013 -0.355198 0.104268 0.137195 0.455588 0.369709 0.246697 0.033112 0.629584 0.641965 1.000000 0.790007 -0.169759 -0.353678 0.113523 -0.137532 -0.125293 -0.243907 0.025495 0.089297 0.047955 0.089848 0.242822 0.382905 -0.054772 0.074345 0.099002 0.200833 0.100365 0.052260 0.101532 0.065451 0.087451 0.119499 0.046885 0.134897 0.064593 0.049444 0.338316 0.283307 -0.112231 0.003601 0.091011 -0.010975 -0.140611 -0.315776 -0.092545 -0.273177 -0.203880 -0.210545 -0.064971 0.109459 0.122003 0.132604 -0.140889 -0.041765 -0.182867 -0.219359 -0.287654 -0.393687 -0.194349 -0.296652 -0.308297 -0.279521 -0.325014 -0.229175 0.234801 -0.106384 -0.070350 -0.151200 0.194576 0.244022 0.243214 0.150502 0.160957 -0.012139 -0.029019 0.174993 0.014657 -0.111283 0.151432 -0.184098 0.033619 -0.154615 0.047317 0.058804 0.317771 0.296029 -0.175261 -0.155470 0.009818 -0.139355 0.038558 -0.111773 -0.001183 -0.212090 -0.089591 -0.203509 -0.268858 -0.203520
-0.031216 -0.222061 -0.089029 -0.207449 0.191995 0.678070 -0.469919 -0.469791 0.079569 -0.006901 -0.376767 -0.395555 -0.478718 -0.539104 -0.055694 -0.176849 0.002638 -0.223127 0.022529 0.171959 0.503681 0.265835 0.272964 -0.013298 0.533622 0.697807 0.790007 1.000000 -0.166489 -0.278044 0.045799 -0.208140 -0.063330 -0.199396 0.067870 0.192274 0.234509 0.350532 0.244502 0.517078 -0.212905 0.038853 0.168679 0.174177 0.034863 -0.005586 0.166341 0.240258 -0.001242 -0.019818 0.067660 0.033664 0.208812 0.162297 0.421910 0.325226 0.055059 0.153299 0.001346 -0.134961 -0.315505 -0.426412 -0.174221 -0.241960 -0.376896 -0.313142 0.073098 0.055862 0.248149 0.153750 -0.072233 -0.145585 -0.152156 -0.080229 -0.173470 -0.312241 -0.016288 0.026706 -0.074107 0.036873 -0.250876 -0.090837 0.411986 -0.080813 -0.061926 0.013221 0.253972 0.463720 0.018681 0.033004 0.264791 0.109553 -0.099221 0.184497 0.117904 0.048786 0.282050 -0.014207 0.064012 0.058988 -0.128456 0.076822 0.265846 0.149772 -0.158266 -0.159817 -0.153392 -0.266873 -0.127990 0.187022 0.178840 -0.045646 0.084293 -0.292695 -0.056382 -0.074892
0.147888 -0.300960 -0.318563 -0.492442 -0.231107 -0.382825 -0.127863 -0.384510 -0.299598 -0.470728 0.233581 0.193965 0.190734 -0.011050 -0.199148 -0.534123 0.699162 0.563383 0.069339 0.249259 -0.024202 0.134555 -0.040277 -0.248869 -0.221710 -0.339679 -0.169759 -0.166489 1.000000 0.746049 0.362742 0.408115 0.606650 0.489949 0.003434 -0.109940 0.247556 -0.097893 -0.168568 -0.415782 0.189015 0.009257 0.006399 0.011140 0.106621 -0.240573 0.281633 0.031358 0.048336 0.124698 -0.019743 0.021293 0.356116 0.280253 0.033328 -0.031531 0.206980 0.111156 0.029391 -0.124551 -0.045750 -0.318157 0.427887 0.263113 -0.093286 -0.552336 0.105970 -0.295033 0.158517 -0.028902 0.238107 0.105023 0.837734 0.357231 0.487543 0.179522 0.401078 0.082705 0.459063 0.188431 0.521931 0.626115 0.197807 0.591581 0.342197 0.192149 0.004230 0.001881 -0.347627 -0.497298 -0.350244 -0.173396 -0.619867 -0.414010 -0.009432 -0.001495 -0.070484 0.010585 0.274525 0.364699 -0.451847 -0.240843 -0.306031 -0.123033 0.034554 0.040988 0.101944 0.231849 -0.060868 -0.063216 -0.146627 0.162091 0.150025 -0.110033 0.050076 0.097194
-0.113444 -0.079997 -0.452416 -0.439849 -0.346210 -0.446158 -0.087358 -0.162701 -0.495918 -0.481713 0.256914 0.467374 0.312314 0.307619 -0.298624 -0.383378 0.604309 0.682379 -0.357796 0.029534 -0.045161 -0.113276 -0.040897 -0.116001 -0.282497 -0.346889 -0.353678 -0.278044 0.746049 1.000000 0.379045 0.409126 0.519990 0.503773 -0.194258 -0.111460 0.342816 0.103034 -0.217689 -0.455021 0.151540 -0.027349 0.170569 0.074177 0.140115 -0.135631 0.272049 0.145730 0.051629 0.094719 0.108997 0.042171 0.350406 0.357884 -0.114648 -0.120583 0.059536 0.048091 -0.131599 -0.137918 -0.121584 -0.153741 0.289435 0.381626 -0.117540 -0.358020 0.026584 -0.332216 -0.054572 -0.240071 0.285209 0.127759 0.808524 0.605029 0.657615 0.319305 0.534665 0.432102 0.541880 0.316727 0.433943 0.604655 -0.054150 0.371151 0.152857 0.208738 -0.082640 0.091569 -0.585141 -0.615972 -0.309250 -0.252604 -0.525516 -0.446310 -0.148503 0.211547 -0.013645 0.086810 0.354989 0.487278 -0.445876 -0.478713 -0.408217 -0.303598 0.194400 0.061608 0.098865 0.068399 -0.087021 0.165663 -0.029676 0.339037 0.347431 0.127436 0.113430 0.191441
-0.072270 -0.329737 0.043239 -0.176318 -0.023734 -0.154499 0.030616 -0.108781 -0.072567 -0.278997 0.041000 0.179563 -0.031679 0.005446 -0.025491 -0.312673 0.026045 0.014424 0.077647 0.023138 0.429101 0.221590 0.420230 0.300827 0.126551 0.039070 0.113523 0.045799 0.362742 0.379045 1.000000 0.701954 0.273936 0.346081 0.017961 -0.071829 0.266939 -0.060433 0.034808 -0.204325 0.056413 0.044187 0.119238 0.146709 0.226230 0.042078 0.187450 0.041735 0.164526 0.056525 0.119389 0.043718 0.193859 0.152780 -0.025736 0.017767 -0.178265 -0.306399 0.016666 -0.321575 -0.047363 -0.206857 -0.100383 -0.087156 0.263473 -0.219012 0.126679 -0.107256 -0.068803 -0.426439 0.413572 0.357069 0.387692 0.237290 0.248916 0.225731 0.281330 0.169281 0.228941 0.112955 -0.010082 0.012236 0.140954 0.221585 0.399668 0.096382 0.259554 0.168813 -0.098973 -0.384592 -0.266078 -0.224549 -0.468079 -0.258250 -0.176627 0.111279 0.009256 -0.022231 0.040002 0.173369 -0.290415 -0.361734 -0.321302 -0.132593 -0.030695 -0.199329 -0.020148 0.163871 -0.005640 0.130978 0.002738 -0.051684 0.174218 -0.042278 0.013592 -0.006533
-0.002285 -0.154720 -0.137562 -0.027253 -0.167075 -0.311522 -0.110100 -0.059500 -0.248591 -0.385240 0.094181 0.216323 -0.140832 -0.073614 -0.255274 -0.398632 0.069473 0.068829 0.049749 0.232528 0.427187 0.314487 0.268077 0.451151 0.054693 -0.055271 -0.137532 -0.208140 0.408115 0.409126 0.701954 1.000000 0.299564 0.540135 0.198467 -0.037853 0.206329 -0.060600 0.069465 -0.207646 0.266963 0.203016 0.132648 0.179658 0.218554 0.158775 0.114668 0.122455 0.017641 0.052008 -0.045059 -0.076734 0.031687 0.124123 -0.284649 -0.061099 0.015929 -0.083206 -0.046223 -0.304246 -0.186686 -0.325269 -0.081875 -0.138105 0.351599 -0.234162 0.236500 0.033012 0.109515 -0.162492 0.385980 0.516046 0.406618 0.264593 0.331326 0.412573 0.181129 0.123355 0.223284 -0.056395 0.003640 0.086785 0.067156 0.367818 0.348191 0.189936 0.240145 0.011504 -0.039960 -0.438472 -0.431157 -0.345559 -0.425596 -0.462803 -0.166509 -0.037704 -0.120776 -0.163245 -0.082082 0.052375 -0.269341 -0.455432 -0.372594 -0.110128 0.040908 -0.097424 0.114889 0.250518 0.108723 -0.129896 -0.062183 -0.092444 -0.021933 0.030764 -0.069591 -0.124136
0.007319 -0.130648 -0.393459 -0.372040 -0.288827 -0.347663 -0.176509 -0.323049 -0.405439 -0.511500 -0.162222 -0.086704 -0.090335 -0.227793 -0.436549 -0.615589 0.523050 0.388280 -0.034896 0.215915 -0.042027 0.144572 -0.093023 -0.240841 -0.208559 -0.278544 -0.125293 -0.063330 0.606650 0.519990 0.273936 0.299564 1.000000 0.603032 0.195339 -0.208582 0.382929 0.038389 0.011120 -0.171981 0.139161 0.019124 0.031769 0.126016 0.065275 -0.202528 0.249153 0.009265 -0.111878 0.170031 0.192144 0.036660 0.294170 0.176665 0.100252 0.064865 0.232172 -0.021210 0.001624 0.133262 0.025481 -0.300768 0.549777 0.368821 -0.063850 -0.512679 0.453038 -0.035520 0.250709 0.008703 0.158226 0.032281 0.612711 0.294543 0.553135 0.048111 0.512372 0.248067 0.513744 0.300393 0.403045 0.498557 0.215274 0.388655 0.154953 0.137722 0.052920 0.173400 -0.279803 -0.395138 -0.511565 -0.456281 -0.613327 -0.543441 -0.144202 0.112578 0.078351 -0.131987 0.223339 0.330697 -0.380778 -0.303651 -0.144891 -0.005729 -0.035307 -0.142423 -0.098212 -0.002355 -0.084752 0.061004 0.025894 0.102241 0.111611 -0.097905 -0.010321 -0.074747
0.069578 0.052566 -0.126192 -0.095330 -0.145802 -0.376536 -0.015422 -0.037465 -0.316478 -0.388372 0.108108 0.304187 0.085723 0.010128 -0.236157 -0.345213 0.366941 0.371885 0.111177 0.337286 0.008461 -0.024524 0.083005 0.137762 -0.039619 -0.160046 -0.243907 -0.199396 0.489949 0.503773 0.346081 0.540135 0.603032 1.000000 0.096683 0.144121 0.088092 -0.126641 -0.137090 -0.341017 -0.017059 -0.063338 -0.068538 -0.059368 -0.007433 0.022559 -0.056135 -0.029487 -0.333624 -0.074748 -0.157084 -0.284177 -0.064013 -0.037657 -0.199424 -0.318840 0.138036 -0.038033 0.022538 -0.089690 0.121519 -0.173541 0.353716 0.233171 0.289902 -0.234582 0.143038 -0.088875 0.060695 -0.131462 0.214875 0.283633 0.498359 0.373049 0.531505 0.306812 0.397172 0.250345 0.409026 0.240118 0.106993 0.242505 0.200045 0.408901 0.140432 0.211324 0.047517 0.001121 -0.120842 -0.394347 -0.489335 -0.356664 -0.373700 -0.451902 -0.294654 0.032821 -0.139117 -0.174656 -0.055803 0.137294 -0.308245 -0.308431 -0.270867 -0.147813 -0.171211 -0.153164 -0.167499 0.013035 -0.020139 0.011160 -0.043547 0.080704 0.079478 0.061078 0.068134 -0.023161
-0.056604 -0.029672 -0.112486 0.101660 0.029177 0.076151 -0.304207 -0.101717 0.167394 0.117854 -0.353430 -0.235077 -0.420988 -0.270711 -0.054767 -0.063387 -0.126773 -0.122569 0.136173 0.214748 0.004325 0.181296 -0.107415 0.205660 0.218555 0.232559 0.025495 0.067870 0.003434 -0.194258 0.017961 0.198467 0.195339 0.096683 1.000000 0.438430 0.044685 -0.016564 0.317786 0.089566 0.315212 0.409231 -0.059681 0.034876 -0.038540 0.121889 -0.010654 -0.029588 -0.241417 -0.041075 -0.185960 -0.152563 -0.143751 -0.167172 -0.046872 -0.021763 0.102810 -0.060481 0.087780 0.134672 -0.068533 -0.082168 0.024488 -0.055225 0.151758 0.010052 0.279431 0.342116 0.422612 0.382496 0.049012 0.094850 -0.120747 -0.110642 -0.089382 0.104367 -0.129606 -0.155622 -0.139344 -0.190441 -0.280640 -0.279529 0.199678 0.195051 0.148907 0.003961 0.068388 -0.062706 0.316353 0.110469 -0.107170 -0.103542 0.032112 -0.162526 -0.091459 -0.426542 -0.189842 -0.347978 -0.286973 -0.271546 -0.168927 -0.209438 -0.148385 0.115234 0.019162 0.124780 0.145281 0.416236 0.171989 -0.464033 -0.210857 -0.295322 -0.263881 -0.362109 -0.023544 -0.351723
-0.069923 -0.085970 0.127665 0.016937 0.116315 0.194523 -0.133322 0.033290 0.182187 0.168603 0.026984 0.067236 -0.019303 -0.006546 0.308277 0.199346 -0.083286 -0.081428 0.005944 0.113698 0.008003 0.036507 0.193616 0.240660 0.346159 0.469242 0.089297 0.192274 -0.109940 -0.111460 -0.071829 -0.037853 -0.208582 0.144121 0.438430 1.000000 -0.050926 0.056449 0.146816 0.024888 0.252376 0.236352 -0.050301 -0.134693 -0.143847 0.205289 -0.110478 0.054358 -0.207706 -0.237677 -0.264595 -0.224983 -0.230986 -0.120668 -0.115141 -0.207977 0.063744 -0.069422 0.144404 -0.086458 -0.037070 -0.145647 -0.195495 -0.218209 0.151401 0.143895 -0.128731 0.196231 0.113767 0.241028 -0.038907 0.011942 -0.090724 -0.129936 -0.086478 0.032966 -0.153738 -0.097964 -0.095250 -0.165888 -0.338615 -0.292985 0.037348 -0.041370 -0.154112 -0.148148 -0.166590 -0.236329 0.190463 -0.054082 0.082620 0.274039 0.235395 0.198383 0.008598 -0.396338 -0.126232 0.013189 -0.242851 -0.179706 -0.206170 -0.129279 -0.123307 -0.005477 -0.003422 0.227672 0.109141 0.252225 0.285133 -0.294994 -0.005759 -0.252372 -0.072468 -0.175225 0.086198 -0.127126
