1.000000 0.480058 -0.258688 -0.270627 -0.154196 -0.209646 -0.121008 -0.299703 -0.266843 -0.344532 0.371155 0.086126 0.309157 -0.000971 -0.026719 -0.056466 0.256345 0.316646 0.063472 0.157312 -0.318721 -0.208884 -0.320790 -0.460746 -0.356531 -0.393683 -0.092924 -0.051362 0.154103 -0.126678 -0.402930 -0.576431 0.279021 -0.235916 -0.092834 -0.229597 0.145023 -0.079343 0.092888 -0.006275 0.101921 0.045576 -0.024834 0.040169 0.009090 -0.188953 0.194851 0.061246 -0.172424 0.002444 -0.237168 -0.165482 0.313797 -0.222334 0.250176 0.038126 0.440698 0.153470 0.265953 0.211995 0.139225 0.010265 0.223478 0.235028 -0.357505 -0.312185 0.104014 -0.370453 0.063583 -0.130345 -0.122757 -0.276386 0.222147 0.033993 0.449342 -0.220798 0.302378 -0.089280 0.108578 0.104373 0.252635 0.069650 0.161772 -0.227019 0.025783 0.078946 -0.068994 0.154803 -0.030669 0.014422 0.187344 0.005073 -0.155718 0.113198 -0.014627 -0.281160 0.261207 0.028172 0.313976 0.448025 -0.045080 0.357102 0.141878 0.308174 0.043718 -0.111265 -0.117768 0.111830 -0.322799 0.093689 0.104363 0.263871 0.195496 -0.123698 -0.101689 -0.243633
0.480058 1.000000 -0.450274 0.011755 -0.237083 -0.360100 -0.099386 -0.352326 -0.030186 -0.320145 0.403835 0.284816 0.355545 0.339457 0.117574 0.082448 0.374608 0.472628 -0.040974 0.325236 -0.402975 -0.410440 -0.253196 -0.121150 -0.496948 -0.524897 -0.323628 -0.244704 0.384213 -0.072327 -0.419920 -0.431640 0.338348 -0.212626 -0.114191 -0.449758 0.148172 -0.087002 -0.088629 -0.169840 0.209709 0.188157 0.109390 -0.138773 -0.067327 -0.510574 0.148538 -0.119641 -0.160044 -0.090085 -0.371967 -0.224517 0.332382 -0.122424 0.271513 0.029741 0.145610 0.653469 0.036058 0.242839 0.254234 0.132088 0.298640 0.371321 -0.205172 -0.400290 -0.282651 -0.679010 0.042135 -0.092135 -0.246209 -0.330627 0.339531 0.146994 0.133040 -0.103996 0.148824 -0.007983 0.104582 0.365423 0.194239 0.375792 0.184053 -0.102787 0.007504 0.022642 -0.212335 0.085228 -0.113930 0.148846 0.355902 -0.039363 0.009527 -0.058236 -0.298000 -0.251659 0.193885 -0.221517 0.404553 0.180956 0.072436 0.052926 0.230898 0.134503 0.316728 -0.030347 -0.239072 -0.021342 -0.170171 -0.124847 -0.105243 0.326599 0.180756 0.069963 -0.027418 -0.093738
-0.258688 -0.450274 1.000000 0.174317 0.205035 0.418655 0.444179 0.440473 0.140755 0.212021 -0.340446 -0.143510 -0.229235 -0.071188 -0.063816 0.153319 -0.479937 -0.473225 0.240585 -0.252370 0.307667 0.418528 0.461014 -0.098620 0.380108 0.488908 0.461908 0.433635 -0.496334 -0.288193 0.373592 0.404043 -0.258191 0.058811 0.098180 0.388684 -0.342857 -0.016861 0.138602 0.188857 -0.258589 -0.198111 0.147117 0.182629 -0.084464 0.202275 -0.130182 0.142365 0.251325 -0.104592 0.298557 0.091370 -0.357496 -0.065933 -0.074885 -0.035156 -0.371987 -0.430753 -0.008047 -0.384110 -0.216875 -0.262063 -0.464502 -0.512185 0.007168 0.350488 0.008086 0.266109 0.104185 0.183760 0.008206 0.145486 -0.402080 -0.347474 -0.194741 0.214223 -0.408522 -0.161377 -0.169656 -0.212475 -0.342401 -0.446715 -0.262107 -0.240522 -0.269072 -0.282023 0.235282 -0.015391 0.239364 0.111077 -0.106146 0.169408 0.056114 0.269513 0.095671 0.029290 -0.075246 0.040710 -0.382054 -0.285776 0.150203 0.219635 -0.174023 -0.078414 -0.074558 0.051744 0.059423 0.056197 0.053819 -0.143182 0.214753 -0.257610 -0.182344 -0.093499 0.074100 -0.079948
-0.270627 0.011755 0.174317 1.000000 -0.340141 0.217935 -0.156598 0.366528 0.229837 0.190750 -0.450045 -0.212072 -0.340691 -0.299081 0.030624 0.300282 -0.211989 -0.014521 0.060609 0.217979 0.047145 0.065086 0.501599 0.575319 0.060865 0.345998 0.000907 0.347441 -0.322325 -0.170650 0.018686 0.239199 -0.192886 -0.177061 -0.076985 -0.178815 -0.263027 -0.129115 -0.162937 0.010186 -0.331388 -0.132288 0.042471 0.091975 -0.119353 -0.238328 -0.052194 0.077490 0.241578 -0.076296 0.339870 0.263358 0.048460 0.206160 -0.136990 0.094000 0.013321 0.040959 -0.418187 -0.067307 -0.185718 -0.175734 -0.237465 -0.160979 0.106219 0.243459 -0.147930 -0.154426 0.191470 0.036220 0.081045 -0.109617 -0.420391 -0.054736 -0.351467 -0.015302 -0.174350 -0.002762 -0.149733 -0.107875 -0.296097 -0.183567 -0.106615 0.255741 -0.052272 0.073581 0.089756 0.421807 0.109645 0.136783 0.058057 0.091133 0.375995 0.109462 -0.119605 -0.089126 -0.192291 -0.065721 -0.099896 0.008440 0.407379 0.134409 0.113751 -0.107558 -0.033679 -0.184105 0.096982 0.085313 -0.118580 -0.178564 -0.228810 -0.318688 -0.078409 0.046035 0.118608 -0.086608
-0.154196 -0.237083 0.205035 -0.340141 1.000000 0.604779 0.270268 0.045267 0.404764 0.461891 0.041479 0.205515 -0.016270 0.180817 0.370153 0.344829 -0.090859 -0.232846 -0.083443 -0.273584 0.269933 0.181962 -0.174864 -0.329382 0.418233 0.017559 0.462167 0.119236 -0.013980 0.125466 0.172270 -0.015616 -0.167690 0.187426 0.107202 0.354227 0.188293 0.239824 0.447098 0.332926 0.092488 0.220315 0.010387 -0.123997 -0.119893 0.136892 -0.006272 0.001444 -0.163241 -0.131406 -0.029696 -0.136728 -0.430183 -0.286821 0.118960 0.056239 -0.272420 -0.251483 0.135359 -0.114686 -0.011016 0.009671 -0.076478 -0.192636 0.047520 0.131176 -0.142195 0.228052 -0.119192 0.032428 0.181658 0.089511 0.009115 -0.183452 -0.001435 0.367784 -0.091183 0.067007 -0.125570 -0.063691 -0.107983 -0.219773 0.118490 0.039105 -0.167098 -0.065245 0.219430 -0.051745 0.323452 0.276061 -0.193286 -0.015465 -0.074393 0.138140 0.324178 0.152364 0.023119 0.042823 -0.206571 -0.441598 -0.263175 -0.063166 -0.595409 -0.223015 -0.132986 -0.013109 -0.041923 -0.162655 0.206629 0.255073 0.160666 -0.124845 -0.052101 -0.194424 -0.031277 -0.020643
-0.209646 -0.360100 0.418655 0.217935 0.604779 1.000000 -0.005282 0.416281 0.357312 0.650629 -0.364121 -0.027087 -0.368828 -0.188426 0.304175 0.500047 -0.328998 -0.215467 -0.148148 -0.166839 0.383762 0.280566 0.372286 0.015210 0.498616 0.517777 0.741187 0.701073 -0.288665 0.141923 0.319195 0.159025 -0.160529 0.140860 0.259938 0.425364 0.048082 0.312741 0.399963 0.542422 -0.053778 0.148968 0.066192 0.045342 -0.157852 0.034602 0.049301 0.133800 0.181582 -0.149762 0.313446 0.124079 -0.489628 -0.168398 0.030181 0.208606 -0.163230 -0.402703 -0.172207 -0.274513 -0.323902 -0.201277 -0.408159 -0.420127 -0.072176 0.412235 -0.123145 0.179972 0.116400 0.213577 0.190893 0.173626 -0.373623 -0.281867 -0.163278 0.236791 -0.049549 0.191318 -0.389671 -0.378577 -0.430746 -0.499868 0.121988 0.194765 -0.007039 -0.052748 0.414374 0.300955 0.508191 0.409265 -0.263537 -0.150560 0.110866 0.151963 0.400316 -0.118505 -0.061616 -0.073713 -0.208161 -0.341646 -0.012410 0.103857 -0.634918 -0.388620 -0.364770 -0.241760 -0.142333 -0.121784 -0.018728 0.245219 -0.040817 -0.445865 0.033463 -0.333790 -0.102820 -0.253483
-0.121008 -0.099386 0.444179 -0.156598 0.270268 -0.005282 1.000000 0.359592 0.524766 0.263566 0.295883 0.414938 0.311481 0.368981 0.191777 0.103207 -0.154353 -0.268923 0.029388 -0.018508 -0.354347 -0.087934 -0.199519 -0.062582 -0.081519 -0.277420 -0.094818 -0.311563 -0.024394 -0.026282 -0.075591 -0.062964 -0.222679 0.150802 -0.149664 0.131382 -0.382119 -0.373610 -0.137666 -0.215125 -0.303121 -0.335297 0.127115 -0.049352 0.115051 0.276093 -0.074699 -0.072182 -0.099924 0.143393 -0.180538 -0.018665 -0.260110 0.142890 -0.237646 -0.316538 -0.652118 -0.213152 0.152725 -0.286426 0.228099 0.122454 -0.113757 -0.220241 0.457308 0.158834 -0.180165 -0.052043 -0.202475 -0.206405 -0.055948 -0.221570 0.001274 -0.149246 -0.120971 -0.136341 -0.226310 -0.187096 -0.036712 -0.023445 -0.094402 -0.107871 -0.029880 -0.064444 -0.268374 -0.216032 -0.217989 -0.377667 0.070064 -0.083931 0.180920 0.469904 0.256259 0.335154 -0.067056 0.096352 -0.400702 -0.025205 -0.281231 -0.377397 0.249619 0.185306 -0.040624 -0.058161 -0.032024 0.016481 0.140843 -0.060310 0.154178 -0.178782 -0.010792 -0.105016 -0.159331 -0.001685 0.023428 -0.001939
-0.299703 -0.352326 0.440473 0.366528 0.045267 0.416281 0.359592 1.000000 0.428867 0.670240 -0.362655 0.182605 -0.311749 -0.002424 -0.085554 0.185178 -0.302543 -0.204886 -0.220323 -0.142018 -0.080227 0.001028 0.120989 0.341309 0.011360 0.190858 0.161374 0.091667 -0.362658 0.109556 -0.057494 0.134941 -0.237278 0.232415 0.153275 0.277299 -0.387288 -0.248009 -0.223827 -0.023140 -0.382071 -0.341458 0.102643 0.078490 -0.083678 0.277459 -0.092346 0.027153 0.190531 -0.029510 0.302563 0.089694 -0.350742 0.149511 -0.307148 -0.226437 -0.330164 -0.457041 -0.045084 -0.377338 -0.044514 0.182462 -0.440766 -0.343807 0.380359 0.730051 -0.053798 0.155412 -0.042393 -0.120148 -0.009059 -0.091507 -0.439379 -0.289419 -0.304360 0.029715 -0.176255 0.033174 -0.212823 -0.332954 -0.306532 -0.390992 -0.135069 0.134819 -0.033335 -0.221094 0.176521 0.076096 0.362834 -0.045909 -0.013422 0.018890 0.503168 0.128734 -0.054373 -0.044546 -0.512394 -0.261674 -0.334176 -0.293494 0.416437 0.193144 -0.067000 -0.111837 -0.231315 -0.124790 0.094067 -0.030012 -0.133608 -0.218145 -0.222755 -0.500102 -0.078719 -0.099187 0.026698 -0.081329
-0.266843 -0.030186 0.140755 0.229837 0.404764 0.357312 0.524766 0.428867 1.000000 0.524869 0.023377 0.358466 0.077796 0.157956 0.383952 0.280384 -0.105896 -0.100679 -0.177228 0.030015 -0.222551 -0.161138 -0.071930 0.139487 0.056501 -0.189959 0.090167 -0.094345 -0.102472 0.066006 -0.205686 -0.198977 -0.270160 0.147172 -0.080767 0.133591 -0.209402 -0.185661 -0.172351 -0.067760 -0.280977 -0.208545 0.168653 -0.030495 -0.141872 -0.023685 -0.079444 0.107456 0.000896 -0.010643 0.057205 0.087437 -0.230745 0.203282 -0.167525 -0.073464 -0.397621 -0.105897 -0.017921 -0.100144 0.103692 0.099792 -0.109776 -0.122353 0.411574 0.324022 -0.276742 -0.123259 -0.055193 -0.199188 -0.007291 -0.239604 -0.213606 -0.205612 -0.298139 -0.019212 -0.023461 -0.061659 -0.143032 -0.067209 -0.145421 -0.105718 0.050114 0.134254 -0.095175 -0.016022 0.020952 0.075385 0.361817 0.202047 0.136438 0.304833 0.435915 0.256727 0.032491 0.098004 -0.378162 0.043515 -0.212664 -0.350450 0.296508 0.181072 -0.219291 -0.205229 -0.136762 -0.157326 0.172763 -0.211088 0.055658 -0.062830 -0.152961 -0.476178 -0.201617 -0.044438 0.077953 -0.052899
-0.344532 -0.320145 0.212021 0.190750 0.461891 0.650629 0.263566 0.670240 0.524869 1.000000 -0.286770 0.282281 -0.341090 -0.034571 0.242675 0.335309 -0.269266 -0.208257 -0.377623 -0.072707 -0.002523 0.019159 0.056951 0.329431 0.226349 0.195666 0.388260 0.189421 -0.181854 0.371226 0.029432 0.064757 -0.194657 0.239076 0.134879 0.243326 -0.218592 -0.131800 -0.075588 0.113910 -0.261212 -0.098194 0.051622 -0.075355 0.044819 0.220756 0.089938 0.012525 0.026431 0.070598 0.191475 0.050717 -0.434484 0.089175 -0.230078 0.046471 -0.375439 -0.418878 -0.127484 -0.178632 -0.090889 0.205145 -0.358840 -0.309917 0.291056 0.489481 -0.073424 0.123789 -0.147191 -0.108397 0.199722 0.064120 -0.261631 -0.116304 -0.185567 0.166734 -0.010895 0.213180 -0.204423 -0.304654 -0.320173 -0.375371 0.083358 0.353504 -0.050297 -0.201377 0.147720 0.052689 0.373783 0.094245 -0.061255 0.049457 0.398510 0.065215 0.102567 -0.036000 -0.443682 -0.190789 -0.261826 -0.266368 0.171208 -0.169381 -0.433142 -0.359831 -0.374943 -0.286883 0.001131 -0.252832 0.003288 -0.016553 -0.261601 -0.395431 -0.037371 -0.128126 -0.067921 -0.153408
0.371155 0.403835 -0.340446 -0.450045 0.041479 -0.364121 0.295883 -0.362655 0.023377 -0.286770 1.000000 0.524855 0.819121 0.503989 0.321840 0.015573 0.466385 0.291662 0.016608 -0.082965 -0.431501 -0.222708 -0.399669 -0.433694 -0.434823 -0.638467 -0.280262 -0.425077 0.482849 0.172212 -0.224547 -0.324717 0.063060 -0.083868 -0.328892 -0.363235 0.248933 -0.049606 -0.013610 -0.293034 0.210534 0.134035 0.016511 -0.160124 -0.044854 -0.199461 -0.001414 -0.118308 -0.253991 -0.021734 -0.405659 -0.067299 0.287762 0.050981 0.141133 -0.272175 -0.139283 0.353983 0.054462 0.044591 0.187043 0.020695 0.486041 0.288397 -0.036915 -0.488539 -0.195085 -0.336841 -0.130251 -0.302560 0.014502 -0.122090 0.626590 0.251041 0.385475 -0.142648 0.198806 -0.050915 0.383981 0.525892 0.427993 0.522226 0.148026 -0.132458 0.057156 0.004795 -0.218112 -0.288179 -0.191971 -0.205305 0.058028 0.033316 -0.315493 0.011458 -0.182264 0.147434 0.100644 0.100693 0.127652 -0.000369 -0.060419 0.001740 0.049284 0.086579 0.208574 0.150348 0.023105 0.127095 0.123135 0.165771 0.097616 0.321812 0.035470 0.196835 0.135665 0.150767
0.086126 0.284816 -0.143510 -0.212072 0.205515 -0.027087 0.414938 0.182605 0.358466 0.282281 0.524855 1.000000 0.437007 0.684865 0.274648 0.176417 0.199834 0.087961 -0.180354 -0.037271 -0.484785 -0.244858 -0.341073 -0.154427 -0.294843 -0.567955 -0.164895 -0.326114 0.259584 0.220607 -0.336899 -0.365838 0.050537 0.153736 0.008463 0.018824 0.024645 -0.150634 -0.108100 -0.165964 0.040572 -0.130545 0.070550 -0.100282 -0.025337 0.036551 -0.031407 -0.123232 -0.157751 0.006095 -0.307495 -0.081115 -0.054485 0.046946 0.058165 -0.193304 -0.345012 -0.025882 -0.020317 -0.113143 0.149730 0.239523 0.138604 0.088155 0.226270 0.071200 -0.227371 -0.196558 -0.207484 -0.263438 -0.004883 -0.217225 0.246863 -0.096425 0.145174 -0.023669 0.196292 0.252081 0.136321 0.149639 0.031769 0.188615 0.169351 -0.042593 -0.034469 -0.095054 -0.152521 -0.175032 0.040986 0.004777 0.151876 0.013771 0.210838 -0.043897 -0.153075 -0.060603 -0.214671 -0.058735 0.010837 -0.249584 0.170919 -0.029682 -0.181343 -0.157649 -0.041928 -0.038363 -0.099916 -0.087620 0.060419 0.063221 -0.095950 0.042299 0.177980 -0.061041 -0.004858 -0.138585
0.309157 0.355545 -0.229235 -0.340691 -0.016270 -0.368828 0.311481 -0.311749 0.077796 -0.341090 0.819121 0.437007 1.000000 0.600293 0.273040 0.129521 0.258110 0.142392 0.002525 -0.142883 -0.417920 -0.197784 -0.311012 -0.310520 -0.388032 -0.552745 -0.286725 -0.399453 0.295722 -0.065665 -0.259802 -0.235406 0.013587 -0.088896 -0.276336 -0.277752 0.131468 -0.098399 -0.050508 -0.270208 0.171700 0.130331 -0.002838 -0.060779 -0.057177 -0.257388 0.022869 0.013694 -0.076686 -0.012535 -0.334357 -0.035071 0.300207 0.094146 0.120413 -0.151635 -0.153864 0.262895 0.067698 -0.054385 0.228923 -0.062446 0.314435 0.114478 -0.096391 -0.378718 -0.231554 -0.313934 -0.058721 -0.094721 -0.071671 -0.192428 0.277510 0.132049 0.131592 -0.162130 0.030268 -0.091717 0.232004 0.405414 0.239928 0.344149 0.110425 -0.169039 0.016942 -0.016286 -0.307466 -0.206486 0.010701 -0.080412 0.077527 0.161314 -0.187749 0.205878 -0.161410 0.061302 0.189650 0.047886 0.143253 0.059190 0.045445 0.138547 0.110090 0.131822 0.307448 0.192791 0.162954 0.287927 0.037333 0.022776 0.118391 0.272198 -0.020395 0.132462 0.054182 0.072719
-0.000971 0.339457 -0.071188 -0.299081 0.180817 -0.188426 0.368981 -0.002424 0.157956 -0.034571 0.503989 0.684865 0.600293 1.000000 0.026351 0.178998 0.152416 0.023732 -0.150866 -0.241465 -0.254661 -0.044907 -0.287043 -0.229182 -0.181513 -0.441811 -0.183320 -0.366094 0.182883 -0.032986 -0.109787 -0.019003 -0.020941 0.049568 -0.095641 -0.125715 -0.022010 -0.180585 -0.090406 -0.339999 0.113826 -0.035631 0.074765 -0.111389 -0.003076 -0.109442 0.034830 -0.249059 -0.030117 -0.046643 -0.271689 -0.246546 0.110194 -0.025177 0.138081 -0.182980 -0.252773 0.058886 0.200348 -0.157691 0.197074 0.028292 0.027772 -0.032288 0.032908 -0.123192 -0.183295 -0.296668 0.073965 -0.003641 -0.090220 -0.185089 0.219797 -0.016717 0.080747 0.163778 -0.099427 -0.132072 0.156064 0.225374 0.042485 0.180393 -0.147189 -0.284931 -0.047250 -0.064999 -0.117842 -0.273075 0.052920 0.128601 0.064468 0.004356 0.018391 0.099969 -0.312982 0.107164 0.028376 -0.102278 0.129379 -0.191410 0.107548 -0.062248 -0.000637 -0.035246 0.370723 0.367201 -0.023632 0.189342 0.161321 0.036392 0.045243 0.254763 0.177743 0.190180 0.221205 0.188805
-0.026719 0.117574 -0.063816 0.030624 0.370153 0.304175 0.191777 -0.085554 0.383952 0.242675 0.321840 0.274648 0.273040 0.026351 1.000000 0.578239 -0.121232 -0.106011 0.126346 0.216782 -0.109473 -0.174881 0.159333 0.082236 -0.052742 -0.045773 0.197749 0.149161 0.263868 0.330003 0.017054 -0.158110 -0.019290 0.103297 -0.005326 0.068357 0.248673 0.193569 0.350005 0.365107 0.064773 0.160621 -0.128290 -0.183980 -0.117892 -0.264909 -0.003519 0.147159 -0.080165 -0.071252 -0.028826 0.062104 -0.219936 -0.060474 0.125689 0.015061 -0.330089 0.050854 -0.382068 -0.094703 -0.081463 0.009615 0.004448 -0.105595 0.120715 -0.066442 -0.328467 -0.197970 -0.063417 -0.121356 0.169306 -0.035243 0.025776 0.034417 -0.029358 0.015155 0.314713 0.377085 -0.260489 0.014105 -0.180936 -0.093837 0.601499 0.496666 0.061937 -0.041604 0.083289 0.133730 0.315386 0.144225 -0.008362 0.044852 -0.062020 -0.087747 0.369161 -0.210547 -0.012523 -0.098412 0.005760 -0.217214 -0.066060 -0.034768 -0.501388 -0.321630 -0.411259 -0.391786 -0.204324 -0.031478 -0.009641 0.225722 0.010022 -0.208171 -0.143865 -0.463707 -0.339122 -0.425898
-0.056466 0.082448 0.153319 0.300282 0.344829 0.500047 0.103207 0.185178 0.280384 0.335309 0.015573 0.176417 0.129521 0.178998 0.578239 1.000000 -0.268146 -0.164951 -0.066689 0.077064 0.019644 0.032067 0.206014 0.098492 0.028152 0.158247 0.331027 0.339731 -0.140657 0.042457 0.054277 -0.003237 -0.068557 -0.028576 0.058377 0.081894 0.113111 0.239990 0.405187 0.417807 -0.079037 0.182461 0.046511 -0.026935 -0.062744 -0.325245 0.151706 0.172140 0.200269 -0.075392 0.116317 0.071478 -0.268767 -0.045348 0.145075 0.156903 -0.056122 -0.050550 -0.415581 -0.407970 -0.192087 -0.308805 -0.336907 -0.429369 -0.016756 0.076496 -0.398142 -0.301531 0.208308 0.238818 0.148945 -0.127458 -0.302683 -0.099484 -0.205691 0.143127 0.105647 0.213893 -0.384962 -0.134786 -0.417957 -0.355988 0.273977 0.350143 -0.116072 -0.098274 0.155961 0.382527 0.478402 0.402189 0.084050 0.076451 0.172994 0.191728 0.268395 -0.202848 0.092486 -0.189951 0.152964 -0.080983 -0.021047 0.220292 -0.492632 -0.243343 -0.218710 -0.229239 -0.218986 0.214024 -0.066244 0.189565 -0.050490 -0.152411 0.185912 -0.418053 -0.177343 -0.323525
0.256345 0.374608 -0.479937 -0.211989 -0.090859 -0.328998 -0.154353 -0.302543 -0.105896 -0.269266 0.466385 0.199834 0.258110 0.152416 -0.121232 -0.268146 1.000000 0.808766 -0.151348 -0.116807 -0.265136 -0.247943 -0.445903 -0.348349 -0.226505 -0.438372 -0.299321 -0.300607 0.615914 0.195997 -0.080141 -0.246736 0.257081 -0.063821 -0.121664 -0.313478 0.250837 -0.081449 -0.241829 -0.456503 0.398969 0.269609 0.010019 -0.040809 -0.156611 -0.031879 -0.160681 -0.257718 -0.552447 -0.139379 -0.590240 -0.343625 0.282223 -0.093502 -0.065925 -0.354805 0.348828 0.548290 0.326409 0.172958 0.306459 0.238367 0.725883 0.631235 -0.152273 -0.350883 -0.121878 -0.200311 -0.266087 -0.276550 -0.031318 -0.059059 0.739127 0.303786 0.252998 -0.071083 0.113734 -0.084691 0.557715 0.538269 0.771547 0.784658 -0.085076 -0.237886 0.001504 0.059391 -0.115933 -0.284466 -0.441272 -0.234218 -0.080159 -0.276420 -0.358912 -0.363778 -0.493647 0.200699 -0.104693 -0.110011 0.049439 0.105476 -0.117086 -0.174810 0.251516 0.236354 0.234684 0.201791 -0.034797 -0.080631 0.043886 -0.110192 -0.103540 0.295955 -0.010986 0.296440 0.162673 0.288486
0.316646 0.472628 -0.473225 -0.014521 -0.232846 -0.215467 -0.268923 -0.204886 -0.100679 -0.208257 0.291662 0.087961 0.142392 0.023732 -0.106011 -0.164951 0.808766 1.000000 -0.160659 0.067495 -0.351195 -0.374598 -0.268541 -0.224862 -0.277029 -0.376582 -0.184562 -0.136253 0.549349 0.218814 -0.148097 -0.354045 0.483030 -0.071657 0.045907 -0.363906 0.355639 0.008231 -0.200852 -0.271470 0.434794 0.253299 0.013855 -0.056827 -0.178207 -0.201888 0.047281 -0.145156 -0.381848 -0.204703 -0.452070 -0.299567 0.272420 -0.043629 0.085145 -0.127266 0.414225 0.665857 0.142660 0.165655 0.082469 0.144393 0.471546 0.504193 -0.259348 -0.311900 -0.157185 -0.348396 -0.209518 -0.192078 -0.090558 -0.150156 0.539284 0.295828 0.155277 -0.214630 0.302238 0.069694 0.350346 0.469110 0.550823 0.667918 -0.004967 -0.137414 0.115542 0.074921 -0.104027 -0.077399 -0.331663 -0.116527 0.013566 -0.291503 -0.285044 -0.332783 -0.430660 -0.092574 0.000544 -0.222344 0.279547 0.200587 -0.180030 -0.132292 0.190218 0.132001 0.133779 -0.001056 -0.205267 -0.089447 -0.207279 -0.191638 -0.156674 0.241852 0.093988 0.123669 0.008352 0.080616
0.063472 -0.040974 0.240585 0.060609 -0.083443 -0.148148 0.029388 -0.220323 -0.177228 -0.377623 0.016608 -0.180354 0.002525 -0.150866 0.126346 -0.066689 -0.151348 -0.160659 1.000000 0.308045 0.049459 0.026386 0.242439 -0.104195 0.035876 -0.047809 -0.030039 -0.004373 -0.062727 -0.249828 -0.031065 -0.044781 0.108795 0.069574 -0.031718 -0.049865 0.051937 0.053621 0.265872 0.102893 -0.066780 -0.013545 -0.178660 0.078529 0.014155 -0.055029 -0.225457 -0.040980 -0.091797 -0.030077 0.088769 -0.008688 0.042305 -0.296166 0.095222 -0.027205 -0.140954 -0.073742 -0.001658 0.173524 -0.088064 -0.203319 -0.016118 -0.140753 -0.075603 -0.204331 0.211577 0.083914 0.194940 0.031350 0.052909 -0.027193 0.020206 -0.089689 -0.021839 -0.142047 -0.021791 -0.029134 -0.264370 -0.236336 -0.069880 -0.156203 0.101092 0.074932 -0.033870 -0.023411 0.212814 -0.031454 0.082383 0.038389 0.143687 0.095238 -0.231609 0.110375 0.146965 -0.043453 0.124910 0.179169 -0.014459 -0.036282 -0.046360 0.258782 0.203267 0.178864 -0.034275 -0.040876 0.015325 0.219584 0.091092 0.019087 0.343083 0.069223 -0.047546 -0.201261 -0.126773 -0.110686
0.157312 0.325236 -0.252370 0.217979 -0.273584 -0.166839 -0.018508 -0.142018 0.030015 -0.072707 -0.082965 -0.037271 -0.142883 -0.241465 0.216782 0.077064 -0.116807 0.067495 0.308045 1.000000 -0.324234 -0.422583 0.024162 0.290011 -0.225031 -0.136834 -0.159970 -0.074641 0.178779 0.094339 -0.314720 -0.387129 0.377266 0.163576 0.104398 -0.069348 -0.096471 -0.197391 0.083154 0.132520 -0.177496 -0.092591 -0.066367 -0.154676 0.285369 -0.206679 0.140278 0.060757 0.006521 0.247730 -0.122541 -0.017641 -0.045237 -0.042156 -0.002359 0.148680 -0.038394 0.213567 -0.242430 0.219667 -0.066551 0.039897 -0.118691 -0.034814 0.137272 -0.212416 0.023287 -0.343356 -0.080449 -0.032886 0.060654 -0.216144 -0.080572 0.045638 -0.116220 -0.402925 0.212544 0.150450 -0.544158 -0.391088 -0.219910 -0.169154 0.463955 0.457789 0.111382 -0.114233 -0.050225 0.106699 0.043284 0.053439 0.585912 0.352141 0.185111 -0.047355 0.298223 -0.400281 -0.099192 -0.045759 0.375885 0.248393 0.087317 0.211152 0.244660 0.120718 -0.295262 -0.520686 -0.256820 -0.259307 -0.184785 -0.040870 -0.152031 -0.034463 0.130476 -0.363292 -0.440746 -0.372079
-0.318721 -0.402975 0.307667 0.047145 0.269933 0.383762 -0.354347 -0.080227 -0.222551 -0.002523 -0.431501 -0.484785 -0.417920 -0.254661 -0.109473 0.019644 -0.265136 -0.351195 0.049459 -0.324234 1.000000 0.701925 0.364712 -0.061229 0.621259 0.701772 0.405941 0.465748 -0.303288 -0.023132 0.637856 0.634771 -0.202484 0.146432 0.109514 0.273300 0.093669 0.374734 0.364016 0.383995 0.126349 0.315273 -0.036583 0.046920 -0.088488 0.087477 -0.156162 0.010562 0.110024 -0.193020 0.197802 -0.039002 -0.294436 -0.332638 -0.094514 0.044097 0.045228 -0.352803 0.013630 -0.090546 -0.088061 -0.187746 -0.155575 -0.147176 -0.138020 0.067530 0.102481 0.430243 0.114190 0.221260 0.196118 0.484413 -0.179110 0.005482 0.054863 0.488174 -0.273604 -0.029745 -0.072175 -0.143011 -0.159832 -0.219699 -0.111585 -0.031242 -0.122062 -0.014215 0.395273 0.125920 0.062163 0.116613 -0.431996 -0.235544 -0.261572 -0.068782 0.190007 0.100049 0.235576 0.100116 -0.266371 -0.157018 -0.179069 -0.125868 -0.162725 -0.085837 -0.023640 0.203989 0.020584 0.079671 0.163082 0.188038 0.262884 -0.136048 -0.156234 0.013894 0.087907 0.142707
-0.208884 -0.410440 0.418528 0.065086 0.181962 0.280566 -0.087934 0.001028 -0.161138 0.019159 -0.222708 -0.244858 -0.197784 -0.044907 -0.174881 0.032067 -0.247943 -0.374598 0.026386 -0.422583 0.701925 1.000000 0.310330 -0.127316 0.505901 0.528284 0.197280 0.291399 -0.527648 -0.124536 0.511289 0.626753 -0.439719 -0.124663 -0.247912 0.075596 -0.187712 0.127131 0.151898 0.123903 -0.101018 0.074574 -0.070065 0.187902 -0.022522 0.146052 -0.132085 -0.079785 0.122249 -0.052632 0.299504 0.183924 -0.101947 -0.037706 -0.256334 -0.026519 -0.031741 -0.410646 0.096700 -0.065903 -0.076010 -0.263460 -0.080659 -0.143871 -0.101533 0.046069 0.194621 0.410439 0.239518 0.290026 0.290698 0.477006 -0.259366 -0.065311 0.112341 0.312764 -0.340799 -0.162517 0.048767 -0.077188 -0.125320 -0.197150 -0.411597 -0.278629 -0.346439 -0.061384 0.128491 0.001631 -0.014835 -0.029249 -0.415909 0.062185 -0.143011 0.197342 0.069116 0.271078 0.155748 0.192331 -0.431654 -0.100715 0.051567 -0.012025 -0.149112 -0.057813 0.071136 0.370416 0.381066 0.237350 0.059977 0.173947 0.112819 -0.100902 -0.086216 0.182695 0.335542 0.280400
-0.320790 -0.253196 0.461014 0.501599 -0.174864 0.372286 -0.199519 0.120989 -0.071930 0.056951 -0.399669 -0.341073 -0.311012 -0.287043 0.159333 0.206014 -0.445903 -0.268541 0.242439 0.024162 0.364712 0.310330 1.000000 0.371141 0.418338 0.656401 0.380409 0.665230 -0.327738 -0.126937 0.462368 0.426547 -0.122360 -0.092910 0.191198 0.159051 -0.088850 0.185887 0.078662 0.264772 -0.071047 -0.021930 -0.038587 0.191740 -0.091557 -0.078752 -0.066969 0.230627 0.381152 -0.077102 0.416564 0.259961 -0.114989 0.018230 -0.006637 0.158863 -0.077422 -0.137392 -0.411926 -0.180519 -0.485288 -0.373027 -0.458209 -0.370528 -0.160550 0.174592 -0.055750 0.074064 0.271469 0.296429 0.033354 0.255438 -0.418776 -0.096920 -0.178248 0.048506 -0.117907 0.066673 -0.256629 -0.253741 -0.473528 -0.381577 0.015051 0.057795 0.099093 0.040514 0.363603 0.332191 0.253711 0.203940 -0.179335 -0.036390 0.024069 0.026042 0.184624 -0.135800 0.024192 0.076896 -0.138239 -0.080816 0.193502 -0.017016 -0.228113 -0.316971 -0.257355 -0.129245 -0.131404 0.004418 -0.060518 0.076793 0.154920 -0.314844 -0.098042 -0.102294 -0.049630 -0.214827
-0.460746 -0.121150 -0.098620 0.575319 -0.329382 0.015210 -0.062582 0.341309 0.139487 0.329431 -0.433694 -0.154427 -0.310520 -0.229182 0.082236 0.098492 -0.348349 -0.224862 -0.104195 0.290011 -0.061229 -0.127316 0.371141 1.000000 0.043438 0.285106 -0.240261 -0.017010 -0.101011 0.207149 0.038040 0.286804 -0.117260 0.118858 0.135397 -0.026537 -0.309727 -0.314050 -0.341826 -0.110223 -0.255238 -0.218689 -0.110650 -0.073859 0.157390 0.070272 -0.082301 -0.029516 0.163801 0.178130 0.198332 0.143411 -0.120359 0.189204 -0.352955 -0.059160 -0.181048 -0.080523 -0.327533 0.035855 -0.011398 0.183676 -0.247674 -0.115845 0.375827 0.335675 0.018789 0.053427 -0.031646 0.020187 -0.042008 -0.018944 -0.357575 0.019100 -0.418935 -0.096824 -0.044065 0.191890 -0.216194 -0.316063 -0.359724 -0.250031 0.138787 0.577658 0.070328 -0.031600 -0.080849 0.140712 0.017443 -0.164260 0.018324 0.023230 0.486622 -0.074942 -0.042568 -0.155459 -0.416751 -0.273417 -0.152028 -0.105348 0.366020 -0.161675 0.123136 -0.245895 -0.210563 -0.259275 0.058564 -0.069662 -0.079662 -0.130566 -0.376981 -0.321217 -0.125073 -0.045734 -0.177522 -0.130285
-0.356531 -0.496948 0.380108 0.060865 0.418233 0.498616 -0.081519 0.011360 0.056501 0.226349 -0.434823 -0.294843 -0.388032 -0.181513 -0.052742 0.028152 -0.226505 -0.277029 0.035876 -0.225031 0.621259 0.505901 0.418338 0.043438 1.000000 0.644006 0.455444 0.458311 -0.260417 -0.100856 0.598163 0.457660 -0.222671 0.116882 0.184094 0.375082 -0.061525 0.084578 0.286432 0.265799 0.044342 0.029672 -0.158190 0.009955 -0.089485 0.289668 -0.182944 0.037955 -0.077905 -0.096477 0.101074 -0.019364 -0.367934 -0.270386 -0.104760 0.167487 -0.021545 -0.324463 0.025440 -0.123816 -0.126447 -0.160745 -0.300254 -0.280080 0.012043 0.269611 -0.022914 0.422190 0.022429 0.334459 0.081866 0.295174 -0.269438 -0.140575 -0.175172 0.175404 -0.342115 -0.115533 -0.070477 -0.264459 -0.227258 -0.335209 -0.120844 -0.120643 -0.208215 -0.010000 0.304137 -0.011343 0.125322 0.184286 -0.322580 -0.039094 0.007958 0.071137 0.286821 0.078274 -0.015890 0.273855 -0.303880 -0.149068 0.017220 -0.130816 -0.278776 -0.212204 -0.161139 0.076810 0.027909 -0.146461 0.142975 0.185272 0.289458 -0.098389 -0.261483 -0.066630 -0.061916 -0.002248
-0.393683 -0.524897 0.488908 0.345998 0.017559 0.517777 -0.277420 0.190858 -0.189959 0.195666 -0.638467 -0.567955 -0.552745 -0.441811 -0.045773 0.158247 -0.438372 -0.376582 -0.047809 -0.136834 0.701772 0.528284 0.656401 0.285106 0.644006 1.000000 0.522376 0.731481 -0.404078 -0.019184 0.665356 0.684418 -0.223485 0.046988 0.220312 0.356634 -0.168525 0.208139 0.252572 0.421022 -0.102648 0.054299 -0.051712 0.102542 -0.038226 0.109930 -0.069191 0.169353 0.272579 -0.081218 0.374356 0.123319 -0.329157 -0.109978 -0.117704 0.161685 0.016093 -0.352102 -0.287212 -0.248665 -0.313551 -0.254628 -0.427003 -0.372806 -0.075385 0.295276 0.024990 0.322335 0.150012 0.316288 0.106155 0.395286 -0.445576 -0.086247 -0.207004 0.308968 -0.265213 0.033085 -0.235656 -0.306856 -0.397881 -0.436206 -0.082522 0.104665 -0.066715 -0.095419 0.339679 0.225473 0.139247 0.125640 -0.334469 -0.090543 -0.009847 -0.025788 0.292291 -0.029563 0.082948 0.014315 -0.197912 -0.023937 0.024121 -0.132248 -0.221015 -0.257658 -0.212747 -0.054201 -0.027704 -0.003271 0.021532 0.116120 0.093711 -0.214962 -0.137211 -0.105794 -0.105087 -0.106100
-0.092924 -0.323628 0.461908 0.000907 0.462167 0.741187 -0.094818 0.161374 0.090167 0.388260 -0.280262 -0.164895 -0.286725 -0.183320 0.197749 0.331027 -0.299321 -0.184562 -0.030039 -0.159970 0.405941 0.197280 0.380409 -0.240261 0.455444 0.522376 1.000000 0.777023 -0.188317 0.104506 0.294872 0.104773 -0.007898 0.221217 0.330995 0.407591 0.194979 0.403519 0.523431 0.567063 0.121021 0.199391 -0.046380 -0.166565 -0.329142 -0.188151 0.011856 0.194197 0.228475 -0.376385 0.242799 -0.072875 -0.335974 -0.164675 0.309981 0.264016 -0.066644 -0.275435 -0.129613 -0.264274 -0.324799 -0.194153 -0.377726 -0.329897 -0.271207 0.158292 -0.097607 0.045232 0.216739 0.224557 0.015748 0.088723 -0.240941 -0.335259 -0.101723 0.233159 -0.072941 0.101591 -0.297632 -0.242214 -0.263947 -0.361614 0.185489 0.096634 0.265877 -0.019564 0.493747 0.241605 0.558728 0.481195 -0.095755 -0.119730 -0.197144 0.073135 0.425237 -0.203727 0.119923 0.143964 0.062034 -0.117756 -0.225022 0.083539 -0.518904 -0.209092 -0.294860 -0.204020 -0.270043 -0.180109 -0.091255 0.251594 0.267128 -0.271534 -0.077550 -0.328085 -0.131458 -0.273105
-0.051362 -0.244704 0.433635 0.347441 0.119236 0.701073 -0.311563 0.091667 -0.094345 0.189421 -0.425077 -0.326114 -0.399453 -0.366094 0.149161 0.339731 -0.300607 -0.136253 -0.004373 -0.074641 0.465748 0.291399 0.665230 -0.017010 0.458311 0.731481 0.777023 1.000000 -0.245771 -0.063403 0.456443 0.263876 -0.056724 -0.040169 0.272267 0.312831 0.122378 0.453829 0.443955 0.562008 0.049766 0.135040 0.026436 0.069627 -0.254758 -0.174924 -0.003947 0.199013 0.283678 -0.264685 0.338049 0.104610 -0.205734 -0.153655 0.258718 0.323591 0.152048 -0.193053 -0.314980 -0.258180 -0.440821 -0.379842 -0.371781 -0.335161 -0.344005 0.165881 -0.112486 0.018018 0.256035 0.308229 0.044567 0.182645 -0.318498 -0.218061 -0.087751 0.180751 -0.069162 0.113640 -0.259865 -0.232270 -0.360342 -0.373554 0.115963 0.059312 0.161168 0.121682 0.437224 0.443311 0.354948 0.457486 -0.195051 -0.201506 -0.123185 -0.007596 0.354546 -0.238262 0.182488 0.089003 0.054637 -0.037935 -0.094482 0.062120 -0.427181 -0.295255 -0.285581 -0.205696 -0.269847 -0.049890 -0.131341 0.220409 0.086158 -0.267512 0.025520 -0.266263 -0.093505 -0.323639
0.154103 0.384213 -0.496334 -0.322325 -0.013980 -0.288665 -0.024394 -0.362658 -0.102472 -0.181854 0.482849 0.259584 0.295722 0.182883 0.263868 -0.140657 0.615914 0.549349 -0.062727 0.178779 -0.303288 -0.527648 -0.327738 -0.101011 -0.260417 -0.404078 -0.188317 -0.245771 1.000000 0.452595 0.034326 -0.203646 0.575813 0.269713 0.182032 -0.151227 0.460425 -0.088736 -0.053938 -0.234316 0.597622 0.256639 0.041340 -0.350001 -0.003155 -0.139052 0.018235 -0.267189 -0.344228 -0.129424 -0.590749 -0.481780 0.102552 -0.191399 0.108826 -0.266579 0.027743 0.443239 0.104169 0.043584 0.150794 0.232896 0.394827 0.304183 -0.037292 -0.381568 -0.164555 -0.317002 -0.341817 -0.323241 -0.087506 -0.028963 0.742134 0.374639 0.212972 -0.126727 0.321299 0.200008 0.326225 0.332797 0.447251 0.547716 0.356130 0.193125 0.285605 0.005435 -0.143875 -0.421910 -0.319852 -0.254950 0.108302 -0.336893 -0.348194 -0.475069 -0.208532 -0.117761 -0.165010 -0.284224 0.302165 -0.027844 -0.331967 -0.297985 0.097685 0.003343 0.029724 -0.054743 -0.415100 -0.183403 0.047682 -0.016444 -0.144463 0.227103 0.003913 -0.079711 -0.261840 -0.033327
-0.126678 -0.072327 -0.288193 -0.170650 0.125466 0.141923 -0.026282 0.109556 0.066006 0.371226 0.172212 0.220607 -0.065665 -0.032986 0.330003 0.042457 0.195997 0.218814 -0.249828 0.094339 -0.023132 -0.124536 -0.126937 0.207149 -0.100856 -0.019184 0.104506 -0.063403 0.452595 1.000000 0.131607 -0.020418 0.252596 0.462409 0.237567 0.080638 0.303109 -0.002596 0.006593 0.064986 0.263447 0.157945 -0.117046 -0.443066 -0.076968 -0.013926 -0.087327 -0.195939 -0.239316 -0.172077 -0.244748 -0.294486 -0.143727 0.003506 -0.149517 -0.350296 -0.129613 0.016801 -0.007893 -0.009319 0.120128 0.383391 0.232742 0.288105 0.143638 -0.051615 -0.037592 0.006708 -0.225976 -0.264264 0.175974 0.190771 0.393257 0.188659 0.231704 0.058078 0.427944 0.483136 -0.000415 0.000394 0.074879 0.225660 0.354963 0.556607 0.163853 -0.149891 -0.063102 -0.226846 -0.099476 -0.308326 -0.083860 -0.261239 -0.152166 -0.466722 0.069164 -0.178306 -0.357693 -0.277650 -0.030755 -0.200150 -0.191432 -0.330441 -0.248124 -0.298777 -0.461501 -0.364129 -0.317157 -0.293993 -0.159406 0.079098 -0.284018 -0.202549 -0.045697 -0.256987 -0.259454 -0.129624
-0.402930 -0.419920 0.373592 0.018686 0.172270 0.319195 -0.075591 -0.057494 -0.205686 0.029432 -0.224547 -0.336899 -0.259802 -0.109787 0.017054 0.054277 -0.080141 -0.148097 -0.031065 -0.314720 0.637856 0.511289 0.462368 0.038040 0.598163 0.665356 0.294872 0.456443 0.034326 0.131607 1.000000 0.700971 -0.133597 0.077022 0.107112 0.251497 0.039139 0.197345 0.161050 0.119090 0.168635 0.105138 0.068484 0.069685 0.008775 0.214212 -0.088651 -0.043394 -0.018279 -0.075763 0.073549 -0.084275 -0.247255 -0.140739 -0.057349 -0.094336 -0.042492 -0.194014 -0.101286 -0.262504 -0.235122 -0.313790 -0.116755 -0.247711 -0.134953 0.012518 -0.039117 0.309385 -0.026433 0.199726 0.222931 0.650254 0.046056 0.236818 -0.019422 0.331775 -0.243738 0.003665 0.044769 -0.050587 -0.173400 -0.085496 -0.189183 -0.053155 -0.164632 -0.061137 0.168483 -0.148009 -0.185801 -0.096409 -0.448940 -0.201743 -0.242678 -0.138179 0.071682 0.180298 0.029399 -0.036370 -0.234285 -0.215197 -0.195596 -0.391024 -0.273868 -0.339787 -0.146205 0.144076 -0.007886 0.047745 0.146840 0.112108 0.113789 -0.052496 -0.145959 0.029243 0.010186 0.056541
-0.576431 -0.431640 0.404043 0.239199 -0.015616 0.159025 -0.062964 0.134941 -0.198977 0.064757 -0.324717 -0.365838 -0.235406 -0.019003 -0.158110 -0.003237 -0.246736 -0.354045 -0.044781 -0.387129 0.634771 0.626753 0.426547 0.286804 0.457660 0.684418 0.104773 0.263876 -0.203646 -0.020418 0.700971 1.000000 -0.337350 -0.055276 -0.113188 0.001567 -0.285391 -0.055112 -0.099268 -0.119256 -0.016809 0.124206 0.053648 0.058796 0.094376 0.148655 -0.139023 -0.182942 0.223478 -0.021839 0.186340 0.033094 -0.102512 -0.016170 -0.339847 -0.167335 -0.172673 -0.252499 -0.075023 -0.225783 -0.182557 -0.231537 -0.249036 -0.319328 -0.021119 0.086015 0.100830 0.300471 0.136004 0.286142 0.204543 0.480455 -0.135043 0.153463 -0.083909 0.413625 -0.501899 -0.202051 0.144683 0.003573 -0.148690 -0.115833 -0.374249 0.006605 -0.192221 -0.191295 0.086375 -0.169469 -0.163970 -0.189424 -0.379550 -0.120495 -0.148594 -0.056840 -0.171022 0.301352 -0.086111 -0.082066 -0.376391 -0.200390 0.039936 -0.342023 0.023962 -0.124850 0.213784 0.438516 0.193972 0.224761 0.289071 -0.073772 -0.048187 -0.037376 -0.147900 0.291774 0.272804 0.421490
0.279021 0.338348 -0.258191 -0.192886 -0.167690 -0.160529 -0.222679 -0.237278 -0.270160 -0.194657 0.063060 0.050537 0.013587 -0.020941 -0.019290 -0.068557 0.257081 0.483030 0.108795 0.377266 -0.202484 -0.439719 -0.122360 -0.117260 -0.222671 -0.223485 -0.007898 -0.056724 0.575813 0.252596 -0.133597 -0.337350 1.000000 0.348678 0.539341 0.019741 0.463623 -0.032554 0.077538 0.100689 0.618217 0.295592 0.007809 -0.251805 0.100006 -0.204045 0.279542 -0.056349 -0.000373 -0.124324 -0.342482 -0.411106 0.045796 -0.319710 0.194311 0.088844 0.148648 0.299568 0.108086 0.054546 -0.024370 0.115447 0.009062 0.088342 -0.235123 -0.289400 0.072638 -0.241116 -0.101546 -0.005464 -0.274737 -0.141129 0.300506 0.213060 0.242858 -0.295008 0.464951 0.251112 -0.059814 -0.038292 0.127531 0.173185 0.361367 0.103893 0.283100 -0.123924 -0.043987 -0.164053 -0.072201 -0.021075 0.239714 -0.351771 -0.252771 -0.316613 -0.092890 -0.544802 0.092077 -0.429259 0.523279 0.289721 -0.354676 -0.002366 0.143988 0.152886 0.001052 -0.302819 -0.659269 -0.148202 -0.326931 -0.175780 -0.002111 0.213310 0.243606 -0.347234 -0.572173 -0.344745
-0.235916 -0.212626 0.058811 -0.177061 0.187426 0.140860 0.150802 0.232415 0.147172 0.239076 -0.083868 0.153736 -0.088896 0.049568 0.103297 -0.028576 -0.063821 -0.071657 0.069574 0.163576 0.146432 -0.124663 -0.092910 0.118858 0.116882 0.046988 0.221217 -0.040169 0.269713 0.462409 0.077022 -0.055276 0.348678 1.000000 0.643235 0.570680 0.239549 -0.031876 0.216946 0.215046 0.234281 0.032786 -0.172493 -0.435842 -0.208155 0.107037 -0.346742 -0.099812 -0.101450 -0.338091 -0.192682 -0.455269 -0.540010 -0.303258 -0.079351 -0.350048 -0.325424 -0.230963 0.089825 -0.263548 0.310465 0.394959 -0.035967 0.019394 0.416063 0.312886 -0.052194 0.259109 -0.273370 -0.275761 -0.149564 -0.061764 0.046134 -0.114497 -0.102629 0.011944 0.139568 0.390919 -0.230358 -0.277748 -0.046126 -0.032668 0.357287 0.352602 0.258083 -0.228822 0.138206 -0.251288 0.274792 -0.084519 0.003118 -0.148845 0.016708 -0.185681 0.209456 -0.307716 -0.317589 -0.257213 -0.093380 -0.320408 -0.057087 0.108265 -0.028884 -0.098628 -0.303782 -0.273004 -0.249847 -0.237262 -0.165065 0.030794 0.066751 -0.342484 -0.308807 -0.387578 -0.396271 -0.323506
-0.092834 -0.114191 0.098180 -0.076985 0.107202 0.259938 -0.149664 0.153275 -0.080767 0.134879 -0.328892 0.008463 -0.276336 -0.095641 -0.005326 0.058377 -0.121664 0.045907 -0.031718 0.104398 0.109514 -0.247912 0.191198 0.135397 0.184094 0.220312 0.330995 0.272267 0.182032 0.237567 0.107112 -0.113188 0.539341 0.643235 1.000000 0.671084 0.353562 0.198128 0.259415 0.401784 0.395690 0.144817 -0.146817 -0.220914 -0.245795 0.128338 -0.207664 0.110371 0.042076 -0.390364 -0.087075 -0.427132 -0.486815 -0.381112 0.175644 -0.053715 -0.029877 -0.097054 -0.010287 -0.263876 0.059720 0.263484 -0.197428 -0.038268 0.142242 0.396703 -0.060063 0.263889 -0.185490 -0.022781 -0.367216 -0.149477 -0.112034 -0.253204 -0.081423 -0.004301 0.244093 0.470432 -0.213951 -0.262796 -0.267003 -0.174355 0.370334 0.187225 0.288440 -0.129229 0.232401 0.087366 0.268036 0.123402 -0.079159 -0.353238 0.057742 -0.224244 0.223800 -0.513173 -0.109659 -0.324641 0.055659 -0.174685 -0.155267 0.039591 -0.201076 -0.199916 -0.266176 -0.370424 -0.519286 -0.264671 -0.332858 -0.017784 0.177169 -0.283798 -0.111908 -0.516730 -0.573708 -0.555689
-0.229597 -0.449758 0.388684 -0.178815 0.354227 0.425364 0.131382 0.277299 0.133591 0.243326 -0.363235 0.018824 -0.277752 -0.125715 0.068357 0.081894 -0.313478 -0.363906 -0.049865 -0.069348 0.273300 0.075596 0.159051 -0.026537 0.375082 0.356634 0.407591 0.312831 -0.151227 0.080638 0.251497 0.001567 0.019741 0.570680 0.671084 1.000000 0.109297 0.267932 0.360059 0.509893 0.022034 -0.079010 -0.103345 -0.031658 -0.213792 0.381853 -0.318569 0.177068 0.051576 -0.178116 0.100415 -0.102422 -0.633808 -0.165677 0.016769 -0.067211 -0.213245 -0.380657 0.007823 -0.413375 0.092090 0.158266 -0.223346 -0.176524 0.326202 0.620739 -0.132848 0.540567 -0.144328 0.024061 -0.096158 0.110556 -0.309134 -0.399265 -0.215716 0.132020 0.026031 0.391630 -0.311314 -0.377163 -0.374206 -0.397331 0.152075 0.027972 0.032765 -0.170497 0.134730 0.017374 0.338852 0.132750 -0.190932 -0.029175 0.182054 0.010946 0.493899 -0.157044 -0.121788 -0.054325 -0.271889 -0.373214 -0.097156 0.186986 -0.365034 -0.264459 -0.447577 -0.300478 -0.170274 -0.282060 -0.107181 0.160341 0.175947 -0.468656 -0.241134 -0.462937 -0.356853 -0.439823
