1.000000 0.381801 0.400407 0.349699 -0.017906 -0.238097 0.313812 0.192618 -0.183517 -0.044192 0.216480 0.056703 0.017545 0.136330 0.114252 -0.052543 0.283665 0.136033 0.567621 0.686563 0.172188 0.018481 0.233639 0.222902 -0.088896 -0.097704 -0.173472 -0.239706 0.270674 0.224234 0.081712 0.059084 0.289436 0.243711 -0.170973 -0.159750 0.189856 0.230343 0.336571 0.257042 0.128084 0.243303 -0.283792 -0.272546 -0.167130 -0.377983 -0.352851 -0.301631 -0.091222 -0.254614 -0.132806 -0.485798 -0.123195 -0.326695 0.078809 -0.260858 0.494372 -0.056604 0.015578 -0.320559 0.447637 -0.135607 0.209934 -0.153875 0.013653 -0.269851 -0.343201 -0.378965 0.125437 -0.103570 0.026254 0.164279 0.215118 0.204068 0.133943 0.098968 0.288852 0.089258 0.264035 0.092848 0.305764 0.139907 0.180310 0.183135 -0.116993 -0.237704 -0.039221 -0.243657 0.037459 0.153217 -0.163080 -0.361046 -0.367023 -0.333736 -0.087126 0.003347 -0.075949 -0.097044 -0.239920 -0.173878 -0.330767 -0.306869 -0.196233 -0.272838 -0.089389 -0.295799 0.000372 0.405675 -0.234064 -0.052843 -0.258356 -0.260567 -0.309425 -0.332251 -0.326993 -0.131612
0.381801 1.000000 -0.301972 -0.053435 -0.100695 -0.031962 -0.345181 -0.247925 0.022334 -0.037939 -0.237186 -0.261970 -0.395592 -0.182993 -0.136975 -0.008654 -0.027208 -0.044632 0.318450 0.415316 -0.247178 -0.440630 -0.472919 -0.311400 -0.008987 -0.331691 -0.017257 -0.247592 -0.138282 -0.070039 -0.456350 -0.511956 0.354333 0.103148 -0.283093 -0.213019 -0.010473 -0.074239 0.172242 0.109500 -0.248952 -0.186573 -0.161740 -0.106281 0.062248 -0.000373 -0.035833 -0.200672 -0.131248 0.256716 -0.227223 -0.030559 -0.102761 -0.061459 0.247858 0.155718 0.301112 0.506391 -0.112344 0.302416 -0.051470 0.246508 0.141416 0.167474 -0.300638 -0.129372 0.289029 -0.016937 0.493833 0.356848 -0.084082 -0.311118 -0.050594 -0.134387 -0.282204 -0.284398 0.005865 -0.094578 -0.056662 -0.042656 0.105511 -0.005315 -0.092517 -0.135285 -0.269961 -0.187289 0.048302 0.154565 0.233932 0.360733 0.095318 -0.024126 -0.026792 -0.017110 -0.041047 -0.082945 -0.052587 -0.027601 0.192415 -0.015507 0.115809 0.096620 0.213902 0.191612 0.040176 -0.047711 0.088389 0.369026 0.043743 -0.028358 -0.332364 -0.060332 -0.008479 -0.092275 -0.083456 -0.009862
0.400407 -0.301972 1.000000 0.549752 0.337381 0.061321 0.858964 0.623792 -0.074777 0.104429 0.278723 0.325978 0.346928 0.212360 0.183218 -0.135784 -0.017422 0.237305 0.197696 0.398393 0.326643 0.322228 0.701298 0.663503 0.300154 0.356705 -0.097856 0.222633 0.182560 0.111997 0.487956 0.513107 0.041668 0.262753 0.172169 0.062659 -0.049345 0.092187 -0.019773 0.072315 0.049431 0.137048 -0.030801 -0.021503 -0.388891 -0.407309 -0.195121 0.160235 0.012198 -0.460989 0.198026 -0.363853 0.052964 0.010133 -0.175359 -0.470272 0.069631 -0.335368 -0.059463 -0.641526 0.255769 -0.518278 -0.129353 -0.422468 0.145105 -0.267102 -0.491005 -0.098808 -0.199167 -0.106547 0.306206 0.407739 0.184868 0.155849 0.168504 0.124932 0.089699 0.272170 -0.043940 0.052395 -0.012344 0.002635 0.337010 0.208171 -0.127573 -0.060981 -0.141455 -0.223800 -0.303654 -0.148810 -0.085606 0.010233 -0.150968 -0.147107 -0.229489 -0.235755 -0.173518 -0.132631 -0.262973 -0.145171 -0.453346 -0.323941 -0.361799 -0.314034 -0.168111 -0.361347 -0.190881 -0.109846 -0.230442 -0.109715 0.254997 -0.040389 -0.114832 -0.141325 -0.214559 -0.117612
0.349699 -0.053435 0.549752 1.000000 0.354404 0.290845 0.316858 0.466024 0.166162 0.366172 0.137895 0.136151 -0.021335 -0.029712 0.312373 0.230969 -0.168252 -0.077370 0.475964 0.499441 0.400834 0.230579 0.621224 0.791426 0.414575 0.477612 0.326110 0.327147 -0.081481 -0.125058 0.126221 0.191133 -0.315416 -0.260487 -0.093766 -0.169977 -0.089372 -0.127870 0.314167 0.169275 0.020533 -0.030024 -0.206978 -0.214973 -0.506731 -0.520254 -0.269712 -0.092315 -0.460630 -0.491004 -0.208149 -0.500557 -0.147041 -0.084414 0.125202 -0.118388 0.138755 -0.109526 -0.322789 -0.387257 0.129469 -0.551699 -0.237754 -0.555360 0.277557 -0.167992 -0.433662 -0.209901 0.003484 0.155095 0.115933 0.111423 -0.161277 -0.073285 -0.139776 -0.116356 -0.289811 -0.121707 -0.156317 -0.189328 -0.123200 -0.147497 0.324440 0.317838 -0.069497 0.078810 0.154213 0.079765 0.211238 0.285393 0.099243 0.141118 0.309678 0.172512 -0.064517 -0.028458 -0.024224 -0.067331 -0.276240 -0.128981 -0.118104 -0.126322 -0.081971 -0.149842 0.066666 0.007018 -0.323037 0.236831 0.029746 -0.063259 -0.181151 -0.301613 -0.130430 0.010465 0.042884 0.022443
-0.017906 -0.100695 0.337381 0.354404 1.000000 0.639423 0.160928 0.100137 0.679789 0.648759 -0.407833 -0.350012 -0.332097 -0.374185 0.321598 0.366716 -0.554605 -0.418982 0.146776 0.131877 0.037264 -0.180376 0.203977 0.219106 0.656326 0.542513 0.459853 0.404671 -0.448714 -0.446966 -0.190031 -0.257791 -0.292768 -0.298503 0.023006 0.182593 -0.566029 -0.402377 0.041402 0.032142 -0.267825 -0.449904 -0.143543 -0.271587 -0.229093 -0.179265 -0.195016 -0.061828 0.054600 -0.133016 0.045241 -0.077366 -0.009299 0.058853 -0.116402 -0.242247 0.044227 0.138338 0.089393 -0.036911 0.080475 -0.179488 -0.436881 -0.349686 0.157546 0.083590 0.074281 0.299583 0.173227 0.400541 0.289494 -0.188317 -0.347465 -0.265473 -0.389627 -0.425120 -0.210113 -0.205674 -0.406496 -0.297709 -0.461798 -0.542542 -0.205435 -0.145730 -0.422300 -0.425511 0.126933 -0.249636 0.116871 -0.067029 0.463732 0.607288 0.576667 0.606533 -0.063782 0.032457 -0.263825 -0.011458 0.056747 0.321666 0.374230 0.479313 0.436838 0.498313 0.473344 0.320271 -0.058056 0.084258 0.024354 0.083868 -0.057919 0.338884 0.479384 0.309437 0.128445 0.257355
-0.238097 -0.031962 0.061321 0.290845 0.639423 1.000000 -0.131379 -0.135580 0.669596 0.494468 -0.420583 -0.310642 -0.428591 -0.405635 0.388453 0.343671 -0.475155 -0.411581 0.082660 -0.035602 0.169769 -0.009718 0.154538 0.209494 0.559312 0.720690 0.634899 0.664433 -0.574927 -0.489511 -0.232325 -0.232848 -0.401691 -0.387972 -0.112102 0.109157 -0.512913 -0.348870 0.083781 -0.032181 -0.178990 -0.310078 -0.246838 -0.324335 -0.373184 -0.243756 -0.169633 -0.141761 -0.214590 -0.224095 -0.057895 -0.067560 -0.086284 -0.015561 -0.018065 -0.031734 -0.012618 0.280658 0.027447 0.158122 -0.086332 -0.086681 -0.372994 -0.231108 0.249862 0.200212 0.152347 0.253646 0.178349 0.329029 0.216555 -0.198962 -0.503921 -0.289964 -0.429401 -0.273083 -0.179761 -0.203522 -0.349280 -0.319349 -0.486228 -0.476565 -0.045106 -0.037249 -0.249799 -0.179772 0.229426 0.094092 0.340561 0.093312 0.442225 0.544086 0.593385 0.600478 0.068320 0.182927 -0.022613 0.110812 -0.030940 0.214576 0.359425 0.374871 0.379972 0.388100 0.207723 0.286512 -0.290930 -0.053054 0.049230 0.306281 -0.082930 0.191114 0.364789 0.270032 0.078915 0.265348
0.313812 -0.345181 0.858964 0.316858 0.160928 -0.131379 1.000000 0.744089 -0.195138 -0.084334 0.388472 0.524559 0.635773 0.539694 0.121668 -0.143829 0.166658 0.422816 -0.071780 0.239953 0.217035 0.290029 0.624761 0.498566 -0.005682 0.093544 -0.398244 0.080139 0.393531 0.346769 0.582104 0.573171 0.176108 0.458666 0.143912 0.036330 0.117717 0.225120 -0.184813 0.025109 0.115112 0.227482 -0.093022 0.004601 -0.309909 -0.357819 -0.123594 0.190908 0.124086 -0.414498 0.203236 -0.300687 0.056414 -0.012090 -0.239190 -0.488901 -0.065997 -0.487120 -0.080410 -0.671484 0.288830 -0.241895 0.112845 -0.142596 0.075075 -0.149167 -0.557460 -0.151628 -0.299277 -0.247333 0.333694 0.453268 0.414001 0.364354 0.413455 0.291915 0.285694 0.419516 0.153196 0.296289 0.161631 0.191600 0.324011 0.206625 -0.049468 -0.094447 -0.354734 -0.282665 -0.470328 -0.301268 -0.247090 -0.164411 -0.333813 -0.333714 -0.226965 -0.309885 -0.211201 -0.184635 -0.254302 -0.168016 -0.559816 -0.466099 -0.472532 -0.428801 -0.294992 -0.533339 -0.041702 -0.246089 -0.275778 -0.157751 0.298249 0.001782 -0.163770 -0.227747 -0.197282 -0.285586
0.192618 -0.247925 0.623792 0.466024 0.100137 -0.135580 0.744089 1.000000 -0.170063 0.054396 0.244964 0.603182 0.446730 0.629692 0.002230 0.019554 0.080092 0.272340 -0.091198 0.183372 0.395766 0.444578 0.408719 0.468458 -0.042416 0.021497 -0.326257 -0.174246 0.340870 0.353558 0.504587 0.496004 0.080557 0.273974 0.005597 -0.071006 0.192258 0.148608 -0.137915 0.081313 0.195362 0.184076 -0.173802 -0.105494 -0.329222 -0.288300 -0.235857 0.106193 -0.084566 -0.282994 -0.167522 -0.208173 -0.070113 -0.050615 -0.357700 -0.495358 0.061007 -0.377066 -0.175745 -0.526991 0.124031 -0.094479 0.033952 -0.134538 -0.059515 -0.033439 -0.520146 -0.056358 -0.179666 -0.049183 0.425126 0.467331 0.335830 0.431108 0.301242 0.229332 0.196394 0.393633 0.128337 0.223582 0.164354 0.160878 0.228185 0.222713 -0.192318 -0.089759 -0.326819 -0.102676 -0.451383 -0.212934 -0.240094 -0.115729 -0.150907 -0.256610 -0.254368 -0.345803 -0.344147 -0.236776 -0.401175 -0.116369 -0.379817 -0.387541 -0.418008 -0.412995 -0.298416 -0.470821 -0.195076 -0.069065 -0.088247 -0.258202 0.063989 -0.060695 -0.168880 -0.168335 -0.092492 -0.335274
-0.183517 0.022334 -0.074777 0.166162 0.679789 0.669596 -0.195138 -0.170063 1.000000 0.605095 -0.239047 -0.253227 -0.382672 -0.410314 0.531725 0.645246 -0.399032 -0.463666 0.048519 -0.082427 -0.053932 -0.204687 0.082772 0.029814 0.583969 0.408770 0.503959 0.411436 -0.402074 -0.341177 -0.368273 -0.428398 -0.362109 -0.476104 -0.011603 0.257879 -0.409369 -0.301016 0.096408 0.078425 -0.182323 -0.275145 -0.334428 -0.374434 -0.190988 -0.061431 -0.345393 -0.359659 0.018875 0.041225 -0.002847 0.133026 -0.075275 -0.043933 0.083892 0.088468 -0.182129 0.098206 0.028229 0.269785 -0.119986 -0.024184 -0.449506 -0.352963 0.185695 0.219302 0.236954 0.279664 0.141632 0.317256 0.077125 -0.372950 -0.371061 -0.303977 -0.358966 -0.333381 -0.332479 -0.417906 -0.362936 -0.301376 -0.485857 -0.498311 -0.254149 -0.136908 -0.165792 -0.238898 0.472611 -0.024754 0.359812 0.149472 0.309777 0.452248 0.521335 0.566492 0.182733 0.305387 -0.212141 0.143700 -0.129742 0.031400 0.354858 0.415885 0.311224 0.404646 0.327311 0.378524 -0.218227 -0.004343 0.219334 0.017249 -0.216344 0.118604 0.233467 0.277880 0.153382 0.363726
-0.044192 -0.037939 0.104429 0.366172 0.648759 0.494468 -0.084334 0.054396 0.605095 1.000000 -0.345531 -0.116205 -0.323187 -0.316236 0.333527 0.622475 -0.432776 -0.358781 0.159933 0.011208 0.105160 -0.074269 0.131732 0.145637 0.569854 0.497849 0.542979 0.240947 -0.403612 -0.220337 -0.222814 -0.245710 -0.399416 -0.413561 0.049818 0.208116 -0.252050 -0.053185 0.177998 0.153590 -0.063382 -0.212121 -0.202161 -0.320949 -0.346791 -0.231449 -0.219602 -0.250588 -0.223326 -0.180324 -0.058056 -0.083764 0.035306 0.022303 0.009138 0.011219 -0.066836 0.077502 -0.143654 -0.157882 0.009658 -0.255829 -0.439930 -0.369099 0.220670 0.138974 -0.080692 0.126281 0.079240 0.350607 0.121235 -0.163178 -0.249787 -0.098049 -0.227891 -0.221175 -0.190012 -0.269151 -0.310834 -0.196932 -0.418457 -0.404013 -0.397698 -0.199812 -0.255437 -0.157864 0.180897 -0.110235 0.225917 0.179614 0.234918 0.502516 0.610630 0.596651 0.155069 0.315030 -0.171575 0.171975 -0.181597 0.150868 0.439769 0.446343 0.272235 0.341718 0.364118 0.379906 -0.240607 -0.041783 0.202993 -0.010771 -0.174194 0.149965 0.385937 0.433082 0.128475 0.158990
0.216480 -0.237186 0.278723 0.137895 -0.407833 -0.420583 0.388472 0.244964 -0.239047 -0.345531 1.000000 0.670504 0.678605 0.403017 0.267655 -0.053341 0.390371 0.360591 -0.085777 0.048956 -0.022310 0.271924 0.496675 0.402218 -0.176689 -0.155580 -0.301652 0.077829 0.466213 0.339912 0.296737 0.419061 -0.095287 0.058978 0.101841 0.006975 0.384576 0.266204 0.019892 -0.103215 0.134343 0.410882 0.055924 0.221295 -0.068172 -0.036736 -0.082346 0.051741 0.068201 -0.172395 0.297067 -0.064357 0.230925 0.055205 0.201088 0.042158 -0.356275 -0.585050 -0.222657 -0.370007 -0.017990 -0.294218 0.096478 -0.303556 0.124931 -0.108518 -0.413446 -0.397282 -0.533412 -0.462981 -0.097361 0.180291 0.250998 0.220094 0.409111 0.512404 -0.000980 0.175791 0.203492 0.075738 0.205700 0.375435 0.443579 0.284781 0.578832 0.467992 0.076580 0.025346 -0.075617 0.068153 -0.267153 -0.457827 -0.398273 -0.470063 -0.000674 -0.168898 0.053725 -0.009570 -0.262988 -0.546045 -0.566141 -0.596492 -0.610174 -0.624519 -0.364592 -0.326658 -0.073497 -0.183845 -0.096854 -0.324578 0.128919 -0.491969 -0.608397 -0.282180 -0.005868 -0.092458
0.056703 -0.261970 0.325978 0.136151 -0.350012 -0.310642 0.524559 0.603182 -0.253227 -0.116205 0.670504 1.000000 0.699713 0.738887 0.104207 -0.039546 0.320157 0.496908 -0.416560 -0.101636 0.195639 0.429444 0.390276 0.375283 -0.252735 -0.096167 -0.430819 -0.080236 0.442879 0.440533 0.448355 0.530791 -0.061967 0.214779 0.110739 0.097062 0.363528 0.353332 -0.294866 -0.168361 0.175515 0.452509 0.006904 0.158632 -0.244882 -0.047726 -0.122017 0.144804 -0.042595 -0.266293 0.075900 -0.027992 0.246376 0.032700 -0.188130 -0.221801 -0.218205 -0.619780 -0.088366 -0.594349 0.056395 -0.040510 0.122253 -0.104442 0.039606 0.149745 -0.543057 -0.213592 -0.479058 -0.392009 0.144897 0.378582 0.304132 0.408699 0.495933 0.589745 0.253086 0.382843 0.233162 0.251701 0.246373 0.401259 0.316025 0.241292 0.279932 0.410362 -0.246792 0.055259 -0.395734 -0.122544 -0.324960 -0.288606 -0.299863 -0.410189 -0.043182 -0.168340 -0.186053 -0.023550 -0.428230 -0.359384 -0.553999 -0.587029 -0.737493 -0.678831 -0.577073 -0.470176 -0.221005 -0.438166 -0.068270 -0.252682 0.204552 -0.282554 -0.413351 -0.257188 -0.067962 -0.234648
0.017545 -0.395592 0.346928 -0.021335 -0.332097 -0.428591 0.635773 0.446730 -0.382672 -0.323187 0.678605 0.699713 1.000000 0.725601 0.199897 -0.094537 0.388094 0.450458 -0.354715 -0.061944 0.075986 0.317204 0.425988 0.250457 -0.338652 -0.212322 -0.409284 0.016945 0.562636 0.422186 0.566610 0.589157 0.098157 0.467818 0.115313 0.028490 0.332044 0.376478 -0.316483 -0.186747 0.189083 0.365756 0.159731 0.345498 -0.149973 -0.153961 0.169335 0.357522 0.091168 -0.294701 0.307114 -0.062582 0.289731 0.164293 -0.115299 -0.118122 -0.394388 -0.547165 -0.164634 -0.537972 0.208660 -0.099878 0.311950 0.072780 0.074174 -0.028261 -0.557557 -0.353396 -0.419910 -0.414725 0.040622 0.374995 0.439106 0.410046 0.561141 0.501031 0.314967 0.345902 0.222604 0.289354 0.206262 0.342135 0.386619 0.245049 0.336087 0.178780 -0.200270 -0.057880 -0.354916 -0.306807 -0.323323 -0.389779 -0.469543 -0.487032 -0.229088 -0.330114 0.050653 -0.195217 -0.120431 -0.258258 -0.542883 -0.525421 -0.537782 -0.527343 -0.446387 -0.574625 -0.006339 -0.431518 -0.235313 -0.246518 0.399427 -0.116584 -0.269172 -0.120928 -0.128666 -0.336392
0.136330 -0.182993 0.212360 -0.029712 -0.374185 -0.405635 0.539694 0.629692 -0.410314 -0.316236 0.403017 0.738887 0.725601 1.000000 0.004887 -0.138359 0.476229 0.499671 -0.377379 0.058589 0.244983 0.464581 0.129592 0.137709 -0.546052 -0.282043 -0.589207 -0.296035 0.607784 0.619170 0.489301 0.517845 0.188016 0.549622 -0.117277 -0.141503 0.443492 0.434410 -0.304173 -0.032761 0.307175 0.496239 -0.047709 0.072690 -0.181145 -0.269834 -0.072259 0.155515 -0.034387 -0.309340 -0.173924 -0.098645 0.113793 -0.043632 -0.344653 -0.338232 -0.022885 -0.361221 -0.002298 -0.388821 0.247563 0.227006 0.520750 0.338008 -0.152464 0.028293 -0.514563 -0.277153 -0.128531 -0.242465 0.279893 0.517877 0.469665 0.531292 0.540244 0.523328 0.476705 0.507156 0.387930 0.401943 0.480339 0.477189 0.370407 0.362543 0.030586 0.024403 -0.458269 0.008591 -0.464159 -0.265576 -0.370787 -0.381810 -0.485675 -0.553364 -0.111917 -0.335396 -0.239837 -0.161140 -0.297369 -0.185607 -0.529814 -0.605577 -0.566031 -0.594039 -0.481808 -0.611482 -0.066771 -0.330079 -0.325451 -0.222904 0.108210 -0.223865 -0.363929 -0.426134 -0.237756 -0.380073
0.114252 -0.136975 0.183218 0.312373 0.321598 0.388453 0.121668 0.002230 0.531725 0.333527 0.267655 0.104207 0.199897 0.004887 1.000000 0.638393 -0.291033 -0.415283 0.070742 0.158344 0.176624 0.114605 0.454075 0.352243 0.252608 0.367891 0.305272 0.473295 -0.089784 -0.194973 -0.030130 0.029435 -0.509162 -0.246231 -0.050230 0.272509 -0.134323 -0.060549 0.241038 0.223078 0.093661 0.070903 -0.204222 -0.154976 -0.502050 -0.343185 -0.350135 -0.163614 -0.111944 -0.334530 0.263593 0.009432 0.159479 -0.004800 0.135177 0.030754 -0.264844 -0.184115 -0.024210 -0.109234 0.367362 -0.173483 -0.265206 -0.491718 0.524168 0.283041 -0.312349 -0.051067 -0.101279 0.045576 -0.046552 -0.110846 -0.330034 -0.215629 -0.208033 0.036533 -0.150414 -0.331761 -0.395532 -0.440229 -0.413638 -0.470480 0.369114 0.470877 0.208614 -0.083492 0.536757 0.121890 0.482512 0.266455 0.173263 0.056126 0.127788 0.158207 -0.163086 0.054717 -0.069035 -0.269880 -0.361139 -0.305495 -0.107506 -0.113440 -0.050339 -0.012517 -0.009180 -0.119348 -0.124187 -0.061358 0.011203 -0.252887 -0.024770 -0.193156 -0.188378 0.058487 -0.217885 0.029861
-0.052543 -0.008654 -0.135784 0.230969 0.366716 0.343671 -0.143829 0.019554 0.645246 0.622475 -0.053341 -0.039546 -0.094537 -0.138359 0.638393 1.000000 -0.324010 -0.400608 0.113766 -0.070187 0.230100 0.006499 0.230976 0.047203 0.343025 0.281887 0.457026 0.236958 -0.125669 -0.001276 -0.065935 -0.136892 -0.314615 -0.329309 -0.121306 0.160163 -0.049162 0.046989 0.340142 0.347895 0.173965 0.034379 -0.424670 -0.438930 -0.252296 -0.202003 -0.335306 -0.464036 -0.056124 -0.056856 -0.080384 -0.009228 -0.138555 -0.141010 0.206321 0.232781 -0.262098 -0.121535 -0.179807 0.036403 0.048657 0.048775 -0.349106 -0.386763 0.269972 0.290336 -0.144242 -0.075690 -0.021752 0.102590 -0.014825 -0.095938 -0.101385 -0.014583 -0.111264 -0.009528 -0.172911 -0.378099 -0.235713 -0.163326 -0.443347 -0.395754 -0.226530 0.064070 -0.062154 -0.234789 0.495055 -0.004428 0.410257 0.291154 -0.000846 0.114319 0.302594 0.316638 0.046964 0.355056 -0.065914 -0.065895 -0.275977 -0.082145 0.241995 0.205923 0.121219 0.162890 0.141368 0.200884 -0.023631 0.062332 0.209842 -0.102742 -0.298456 -0.050659 0.078364 0.338988 0.053451 -0.016522
0.283665 -0.027208 -0.017422 -0.168252 -0.554605 -0.475155 0.166658 0.080092 -0.399032 -0.432776 0.390371 0.320157 0.388094 0.476229 -0.291033 -0.324010 1.000000 0.684412 -0.008522 0.096170 -0.042267 0.204473 0.062255 -0.060390 -0.410227 -0.290223 -0.423327 -0.265801 0.675233 0.675085 0.390182 0.325409 0.493081 0.487277 -0.053023 -0.197043 0.559277 0.533796 -0.128194 -0.070085 0.319838 0.574536 -0.076063 -0.018366 0.117906 -0.278771 0.093980 -0.074298 -0.101675 -0.213831 -0.233475 -0.394440 -0.238145 -0.333619 -0.125264 -0.075378 0.114714 -0.097944 -0.083026 -0.176321 -0.054588 -0.011721 0.591621 0.406721 -0.224337 -0.409575 -0.253494 -0.526650 -0.002441 -0.355320 -0.001006 0.397807 0.638370 0.501720 0.645395 0.497443 0.430747 0.367781 0.786222 0.680329 0.802665 0.829026 0.032165 0.015578 0.167749 0.110030 -0.330988 -0.198171 -0.311347 -0.286128 -0.512534 -0.541018 -0.572156 -0.624841 0.151031 -0.011714 0.067259 0.190948 -0.111555 -0.188046 -0.480903 -0.440736 -0.443811 -0.523391 -0.336969 -0.279720 -0.143339 -0.226723 -0.187149 0.032226 0.049401 -0.232871 -0.306045 -0.375450 -0.121347 -0.253330
0.136033 -0.044632 0.237305 -0.077370 -0.418982 -0.411581 0.422816 0.272340 -0.463666 -0.358781 0.360591 0.496908 0.450458 0.499671 -0.415283 -0.400608 0.684412 1.000000 -0.116731 0.025758 0.045090 0.182577 0.214663 0.126406 -0.173522 -0.180570 -0.443856 -0.152471 0.546698 0.650365 0.521906 0.470046 0.489234 0.511764 -0.047848 -0.285230 0.446935 0.540787 -0.202382 -0.035596 0.166375 0.472568 0.016829 0.114783 0.032113 -0.193281 0.178970 0.135721 -0.008292 -0.232679 -0.077464 -0.325953 -0.011778 -0.001622 0.000972 -0.087673 -0.056863 -0.308330 -0.228083 -0.390994 -0.208854 -0.114723 0.428653 0.291654 -0.358776 -0.417467 -0.323583 -0.481524 -0.202329 -0.355444 0.197406 0.501838 0.680606 0.554172 0.647871 0.491636 0.408628 0.561187 0.546637 0.748821 0.552191 0.753160 -0.020715 -0.119921 0.059113 0.301695 -0.426042 -0.261019 -0.580376 -0.181916 -0.419867 -0.311547 -0.478565 -0.509265 0.173609 -0.164982 0.082801 0.253462 -0.006368 -0.112020 -0.453483 -0.396281 -0.487335 -0.524376 -0.325646 -0.296332 -0.094000 -0.331565 -0.277167 0.035954 0.232137 -0.116045 -0.215322 -0.232031 0.023883 -0.213918
0.567621 0.318450 0.197696 0.475964 0.146776 0.082660 -0.071780 -0.091198 0.048519 0.159933 -0.085777 -0.416560 -0.354715 -0.377379 0.070742 0.113766 -0.008522 -0.116731 1.000000 0.580162 0.262204 0.001385 0.150684 0.174907 0.234931 0.175590 0.292912 -0.011390 0.115727 0.033872 0.005830 0.000386 0.190679 -0.023372 -0.125916 -0.363566 0.187366 0.048580 0.667083 0.304698 0.273482 0.015953 -0.343176 -0.375364 -0.064391 -0.376714 -0.285881 -0.499135 -0.305090 -0.175000 -0.262741 -0.531932 -0.415145 -0.275926 0.447985 0.102197 0.255996 0.150979 -0.350842 0.036477 0.049839 -0.364964 0.038872 -0.261506 0.067117 -0.439154 -0.052603 -0.338315 0.155178 0.029811 -0.096281 0.103083 0.134458 0.008607 -0.048136 -0.131915 -0.073315 -0.188227 0.047273 -0.020658 0.029412 -0.059393 0.020176 0.153229 -0.065174 -0.060848 0.231920 -0.024502 0.389488 0.426032 -0.160710 -0.208198 -0.042296 -0.056801 -0.018455 0.183359 0.138229 -0.069411 -0.138395 -0.200462 0.027938 0.035268 0.142724 0.028416 0.177777 0.013191 -0.106996 0.384921 -0.012305 0.040857 -0.491097 -0.284203 -0.115485 -0.025713 -0.126572 -0.101275
0.686563 0.415316 0.398393 0.499441 0.131877 -0.035602 0.239953 0.183372 -0.082427 0.011208 0.048956 -0.101636 -0.061944 0.058589 0.158344 -0.070187 0.096170 0.025758 0.580162 1.000000 0.060915 -0.115451 0.159495 0.384690 0.066104 0.031600 -0.130006 -0.058944 0.063068 -0.018543 -0.042500 0.006513 0.166426 0.325508 -0.060212 -0.074616 0.010715 0.028687 0.272887 0.205424 -0.057779 0.056777 -0.119336 -0.101551 -0.276295 -0.473194 -0.323276 -0.052828 -0.223241 -0.293325 -0.160949 -0.414888 -0.172833 -0.230162 0.077132 -0.266928 0.412070 0.273464 -0.044742 -0.197029 0.365841 -0.287326 0.120937 -0.128347 0.024141 -0.331016 -0.245171 -0.133650 0.399566 0.316530 0.103933 0.116385 -0.039331 -0.030536 -0.087990 -0.102743 0.072000 0.068335 -0.038405 -0.105688 0.256031 0.027286 0.420511 0.365145 -0.200636 -0.229035 0.116562 0.103479 0.164317 0.242233 0.032062 -0.127663 -0.204787 -0.260305 -0.300433 -0.228574 -0.215432 -0.241359 -0.204568 -0.215963 -0.342422 -0.313714 -0.109668 -0.211730 -0.055595 -0.367744 -0.164727 0.257515 -0.242829 -0.165106 -0.154722 -0.274465 -0.302444 -0.350339 -0.366059 -0.003375
0.172188 -0.247178 0.326643 0.400834 0.037264 0.169769 0.217035 0.395766 -0.053932 0.105160 -0.022310 0.195639 0.075986 0.244983 0.176624 0.230100 -0.042267 0.045090 0.262204 0.060915 1.000000 0.705675 0.426442 0.395241 0.150181 0.475509 0.195055 0.121411 0.245341 0.265064 0.612191 0.609230 0.001628 0.078517 -0.259864 -0.302065 0.285313 0.372904 0.298833 0.399805 0.620527 0.513402 -0.241228 -0.271294 -0.365074 -0.384110 -0.271627 -0.235148 -0.330136 -0.414681 -0.305575 -0.353118 -0.213441 -0.196712 -0.025299 -0.118575 0.141128 -0.204183 -0.215569 -0.301942 0.053870 -0.185607 0.006550 -0.187525 -0.052172 -0.166381 -0.516189 -0.309224 -0.079335 -0.138981 0.356087 0.671777 0.194619 0.420532 0.199273 0.388570 0.190412 0.158121 0.089861 0.085937 -0.055388 -0.034097 0.175601 0.272285 -0.131726 0.076394 0.058444 0.019873 -0.116435 0.123210 -0.294288 -0.127418 -0.116846 -0.117582 -0.046672 0.077526 0.092015 -0.129237 -0.389523 0.006262 -0.123586 -0.217807 -0.293464 -0.388781 -0.129770 -0.246698 -0.184557 0.003711 -0.075288 0.039894 -0.157113 -0.143252 -0.105123 0.033043 -0.167377 -0.232245
0.018481 -0.440630 0.322228 0.230579 -0.180376 -0.009718 0.290029 0.444578 -0.204687 -0.074269 0.271924 0.429444 0.317204 0.464581 0.114605 0.006499 0.204473 0.182577 0.001385 -0.115451 0.705675 1.000000 0.356719 0.307397 -0.091194 0.318231 0.022811 0.065559 0.403421 0.437050 0.586993 0.682121 -0.064797 0.116436 -0.151746 -0.298484 0.407420 0.405520 0.146673 0.215966 0.635999 0.570210 -0.088209 -0.116386 -0.190732 -0.322542 -0.124326 -0.090477 -0.263400 -0.359626 -0.304919 -0.257157 -0.106795 -0.107193 -0.136167 -0.073099 -0.070099 -0.289375 -0.157317 -0.279606 0.007823 -0.128956 0.180721 -0.099932 -0.039376 -0.159275 -0.503542 -0.334494 -0.250705 -0.246746 0.335543 0.685293 0.304363 0.437483 0.371558 0.519991 0.227523 0.324559 0.295788 0.185879 0.150525 0.244059 0.321371 0.345067 0.037328 0.243410 -0.151094 0.108205 -0.195385 -0.010077 -0.401369 -0.236040 -0.233374 -0.269624 0.082542 -0.021800 0.039258 0.026610 -0.390591 -0.113119 -0.252790 -0.371613 -0.470651 -0.513387 -0.254209 -0.247584 -0.196136 -0.196139 -0.184716 -0.080585 -0.062126 -0.277556 -0.234678 -0.128319 -0.093633 -0.219614
0.233639 -0.472919 0.701298 0.621224 0.203977 0.154538 0.624761 0.408719 0.082772 0.131732 0.496675 0.390276 0.425988 0.129592 0.454075 0.230976 0.062255 0.214663 0.150684 0.159495 0.426442 0.356719 1.000000 0.797660 0.342065 0.549123 0.165969 0.546961 0.228629 0.146573 0.557399 0.586641 -0.203100 -0.037997 0.040982 0.047591 0.045821 0.166983 0.086681 0.120507 0.219918 0.319431 -0.080069 -0.029231 -0.401063 -0.449574 -0.088980 0.036083 -0.098779 -0.500440 0.261730 -0.404676 0.024742 -0.014999 0.027773 -0.147035 -0.192979 -0.551792 -0.280645 -0.658500 0.107885 -0.563661 -0.209760 -0.544655 0.372830 -0.130285 -0.690515 -0.431667 -0.461810 -0.380669 0.136042 0.368061 0.145188 0.201032 0.286403 0.334906 -0.028150 0.055624 0.015821 0.065410 -0.116533 0.046085 0.327756 0.248557 0.208771 0.157811 0.112263 -0.192302 -0.116905 -0.051839 -0.121228 -0.060681 -0.026951 -0.062959 -0.095065 -0.012294 0.103237 -0.074925 -0.334964 -0.209589 -0.409287 -0.360929 -0.417384 -0.404042 -0.230730 -0.202110 -0.153167 -0.171636 -0.104971 -0.044759 0.165194 -0.154445 -0.179183 0.054262 -0.058478 -0.131818
0.222902 -0.311400 0.663503 0.791426 0.219106 0.209494 0.498566 0.468458 0.029814 0.145637 0.402218 0.375283 0.250457 0.137709 0.352243 0.047203 -0.060390 0.126406 0.174907 0.384690 0.395241 0.307397 0.797660 1.000000 0.353930 0.562954 0.154112 0.473560 0.005781 -0.099736 0.289816 0.444717 -0.366320 -0.137933 -0.068114 -0.044570 -0.131567 -0.009181 0.047362 0.085298 -0.009978 0.133527 -0.018177 0.038659 -0.562606 -0.434350 -0.203200 0.178769 -0.283071 -0.538379 0.108361 -0.343030 0.093743 0.105420 0.013628 -0.249411 0.055553 -0.279761 -0.226156 -0.531801 0.096612 -0.569631 -0.223926 -0.479917 0.232621 -0.154541 -0.597831 -0.178888 -0.226030 -0.063887 0.256266 0.237680 -0.144754 0.009650 -0.024589 0.133295 -0.154790 0.145919 -0.153185 -0.129956 -0.122924 -0.053486 0.512556 0.370034 0.057993 0.240819 0.133018 0.110801 -0.093090 0.160122 0.146910 0.160296 0.140840 0.051393 -0.176992 -0.248435 -0.089402 -0.104085 -0.337140 -0.179172 -0.358937 -0.336189 -0.325077 -0.364163 -0.157375 -0.221557 -0.352737 -0.083478 -0.154415 -0.059220 0.138407 -0.226337 -0.238184 -0.054808 -0.030160 -0.054664
-0.088896 -0.008987 0.300154 0.414575 0.656326 0.559312 -0.005682 -0.042416 0.583969 0.569854 -0.176689 -0.252735 -0.338652 -0.546052 0.252608 0.343025 -0.410227 -0.173522 0.234931 0.066104 0.150181 -0.091194 0.342065 0.353930 1.000000 0.635358 0.664697 0.531107 -0.405864 -0.340273 -0.044302 -0.108466 -0.211113 -0.411048 -0.053943 0.012301 -0.331308 -0.144966 0.216918 0.175199 -0.189595 -0.248726 -0.063721 -0.164402 -0.278032 -0.192214 -0.076299 -0.044496 -0.038124 -0.126980 0.113225 -0.097685 0.081578 0.174073 0.261361 0.176424 -0.069748 0.133838 -0.173433 -0.024126 -0.328517 -0.511629 -0.591426 -0.520909 -0.088566 -0.264861 0.040829 0.039151 0.107597 0.330085 0.203902 -0.097383 -0.243729 -0.223003 -0.305050 -0.280228 -0.373082 -0.249553 -0.387502 -0.210730 -0.455177 -0.365488 -0.289488 -0.336808 -0.306752 -0.074545 0.352246 -0.177180 0.064513 0.180396 0.331454 0.578126 0.555013 0.575014 0.063353 0.090398 0.137032 0.213883 0.105343 0.214693 0.341255 0.438058 0.238835 0.306929 0.454873 0.394042 -0.239402 0.078450 0.239106 0.038973 0.066976 0.128659 0.293963 0.487124 0.201539 0.333025
-0.097704 -0.331691 0.356705 0.477612 0.542513 0.720690 0.093544 0.021497 0.408770 0.497849 -0.155580 -0.096167 -0.212322 -0.282043 0.367891 0.281887 -0.290223 -0.180570 0.175590 0.031600 0.475509 0.318231 0.549123 0.562954 0.635358 1.000000 0.608630 0.719885 -0.290205 -0.239599 0.176655 0.243214 -0.440876 -0.309879 -0.028405 0.041215 -0.240227 -0.013457 0.194069 0.123305 0.164887 0.066735 -0.086091 -0.185582 -0.448654 -0.416128 -0.107507 -0.084418 -0.370516 -0.499634 -0.001626 -0.348868 -0.065250 -0.053549 0.006917 -0.058574 -0.025172 0.010073 -0.117997 -0.248322 -0.088958 -0.480975 -0.335161 -0.365585 0.268631 -0.087165 -0.317755 -0.081568 -0.070741 0.105733 0.312071 0.212321 -0.286593 -0.074513 -0.141466 0.081272 -0.126037 -0.045105 -0.212497 -0.169109 -0.313238 -0.247614 0.076813 0.087961 -0.076374 0.081900 0.121535 0.013390 0.128836 0.100348 0.195465 0.428888 0.446774 0.400680 0.056647 0.125226 0.091719 0.108344 -0.192408 0.107869 0.126883 0.109611 0.029045 0.028157 0.152807 0.180812 -0.305468 -0.216675 -0.029370 0.165700 0.012106 0.026962 0.182845 0.216764 0.091952 0.066761
-0.173472 -0.017257 -0.097856 0.326110 0.459853 0.634899 -0.398244 -0.326257 0.503959 0.542979 -0.301652 -0.430819 -0.409284 -0.589207 0.305272 0.457026 -0.423327 -0.443856 0.292912 -0.130006 0.195055 0.022811 0.165969 0.154112 0.664697 0.608630 1.000000 0.526183 -0.446830 -0.414877 -0.225561 -0.236483 -0.359266 -0.545798 -0.161793 -0.084478 -0.379859 -0.233809 0.221265 0.016503 -0.088609 -0.270025 -0.043404 -0.172590 -0.150109 -0.159447 0.062443 -0.137439 -0.152384 -0.029201 -0.002073 -0.035486 0.102979 0.201771 0.224503 0.334561 -0.097462 0.199691 -0.170175 0.218740 -0.265482 -0.275447 -0.421106 -0.302748 0.103997 -0.045421 0.120855 -0.079503 0.088760 0.213047 -0.039752 -0.217770 -0.376273 -0.281309 -0.385559 -0.270885 -0.357578 -0.366760 -0.305088 -0.324665 -0.572889 -0.436011 -0.232906 -0.190218 -0.198540 -0.067143 0.412980 0.075609 0.330782 0.208683 0.355513 0.460783 0.596528 0.638476 0.096119 0.291325 0.283589 0.181945 0.120878 0.263015 0.520956 0.547873 0.427435 0.409737 0.382038 0.520436 -0.205230 0.141191 0.182406 0.222514 -0.207000 0.059760 0.357613 0.539984 0.232574 0.244702
-0.239706 -0.247592 0.222633 0.327147 0.404671 0.664433 0.080139 -0.174246 0.411436 0.240947 0.077829 -0.080236 0.016945 -0.296035 0.473295 0.236958 -0.265801 -0.152471 -0.011390 -0.058944 0.121411 0.065559 0.546961 0.473560 0.531107 0.719885 0.526183 1.000000 -0.361254 -0.364754 0.018607 0.053639 -0.442811 -0.353772 -0.100028 0.026521 -0.371554 -0.116101 0.059236 -0.029459 -0.139692 -0.074992 0.031363 0.061187 -0.401119 -0.306066 0.131872 0.167005 -0.155343 -0.350657 0.341329 -0.079683 0.156132 0.176155 0.221158 0.167291 -0.250959 -0.015197 -0.179297 -0.115210 -0.129642 -0.404886 -0.249157 -0.325703 0.274461 -0.050042 -0.197110 -0.081856 -0.108165 0.036630 0.147602 -0.099697 -0.366093 -0.209115 -0.221926 -0.067153 -0.232100 -0.182476 -0.361281 -0.269350 -0.395460 -0.292396 0.222097 0.029739 0.143581 0.159496 0.230920 0.053808 0.199107 0.109625 0.405171 0.435500 0.438484 0.428294 -0.033240 0.039881 0.177935 -0.011670 0.117615 0.087153 0.068329 0.076596 0.101402 0.105870 0.117259 0.123046 -0.098229 -0.256315 -0.084024 0.169422 0.169911 0.110430 0.187923 0.268547 0.037392 0.220837
0.270674 -0.138282 0.182560 -0.081481 -0.448714 -0.574927 0.393531 0.340870 -0.402074 -0.403612 0.466213 0.442879 0.562636 0.607784 -0.089784 -0.125669 0.675233 0.546698 0.115727 0.063068 0.245341 0.403421 0.228629 0.005781 -0.405864 -0.290205 -0.446830 -0.361254 1.000000 0.817254 0.661631 0.619497 0.538167 0.595558 -0.020655 -0.248145 0.730612 0.528957 -0.021106 0.028426 0.586966 0.644958 -0.097069 -0.021460 0.165455 -0.259901 0.015960 -0.183678 -0.035301 -0.145646 -0.150909 -0.340340 -0.215571 -0.212008 -0.084941 -0.069486 -0.140898 -0.458418 -0.278927 -0.290820 0.002991 0.003201 0.530495 0.190191 -0.137607 -0.320914 -0.389684 -0.602395 -0.267896 -0.496437 -0.014052 0.626143 0.823070 0.594621 0.752254 0.608805 0.368830 0.284158 0.647353 0.589591 0.581206 0.658896 0.137087 0.254773 0.217486 0.124530 -0.288789 -0.224532 -0.347931 -0.240426 -0.753590 -0.724909 -0.668281 -0.722126 -0.011843 -0.095424 0.050416 -0.085142 -0.283543 -0.385861 -0.530176 -0.580563 -0.580365 -0.596797 -0.455494 -0.444657 0.034940 -0.286074 -0.121896 -0.230601 -0.081469 -0.326106 -0.406790 -0.337646 -0.217776 -0.440010
0.224234 -0.070039 0.111997 -0.125058 -0.446966 -0.489511 0.346769 0.353558 -0.341177 -0.220337 0.339912 0.440533 0.422186 0.619170 -0.194973 -0.001276 0.675085 0.650365 0.033872 -0.018543 0.265064 0.437050 0.146573 -0.099736 -0.340273 -0.239599 -0.414877 -0.364754 0.817254 1.000000 0.606326 0.550056 0.534533 0.539804 -0.129993 -0.343002 0.807996 0.751851 0.119372 0.279815 0.648375 0.745566 -0.253378 -0.209374 0.064034 -0.371095 -0.027544 -0.284194 -0.026261 -0.208468 -0.304630 -0.366527 -0.232186 -0.262048 -0.018656 0.011610 -0.147572 -0.366018 -0.302111 -0.255187 -0.113140 0.019359 0.487279 0.258644 -0.291648 -0.383181 -0.379342 -0.605995 -0.160118 -0.356292 0.180676 0.678172 0.884167 0.718114 0.792183 0.664639 0.471853 0.438061 0.685878 0.758217 0.584711 0.707514 -0.080528 0.101352 0.059504 0.053882 -0.402608 -0.269779 -0.391114 -0.115275 -0.761179 -0.560645 -0.565948 -0.583987 0.237071 0.055365 0.012396 0.148121 -0.257467 -0.233720 -0.375509 -0.469380 -0.522051 -0.546063 -0.321726 -0.317408 0.092668 -0.276787 -0.135977 -0.121266 -0.098742 -0.254884 -0.312185 -0.269539 -0.180074 -0.407146
0.081712 -0.456350 0.487956 0.126221 -0.190031 -0.232325 0.582104 0.504587 -0.368273 -0.222814 0.296737 0.448355 0.566610 0.489301 -0.030130 -0.065935 0.390182 0.521906 0.005830 -0.042500 0.612191 0.586993 0.557399 0.289816 -0.044302 0.176655 -0.225561 0.018607 0.661631 0.606326 1.000000 0.901988 0.359021 0.509976 0.013035 -0.132385 0.544784 0.541239 -0.005613 0.142026 0.636535 0.627561 -0.010495 0.047988 -0.163994 -0.327346 0.055822 0.065651 -0.119614 -0.430394 -0.045667 -0.431530 -0.192069 -0.182744 -0.166792 -0.178642 -0.094627 -0.474308 -0.207519 -0.578749 -0.006222 -0.265739 0.163625 -0.022037 -0.045500 -0.305335 -0.599443 -0.504920 -0.313855 -0.450326 0.220143 0.840411 0.634272 0.591581 0.668827 0.639982 0.404654 0.348108 0.368651 0.485105 0.320184 0.408958 0.116656 0.166342 0.089063 0.107443 -0.271777 -0.306154 -0.473924 -0.326204 -0.587226 -0.393514 -0.455356 -0.491456 -0.101065 -0.150144 0.200651 -0.093287 -0.244086 -0.095601 -0.459875 -0.453211 -0.539157 -0.558693 -0.409953 -0.450226 -0.026993 -0.334785 -0.072833 -0.101657 0.294101 -0.067552 -0.159727 -0.064097 -0.200195 -0.442855
0.059084 -0.511956 0.513107 0.191133 -0.257791 -0.232848 0.573171 0.496004 -0.428398 -0.245710 0.419061 0.530791 0.589157 0.517845 0.029435 -0.136892 0.325409 0.470046 0.000386 0.006513 0.609230 0.682121 0.586641 0.444717 -0.108466 0.243214 -0.236483 0.053639 0.619497 0.550056 0.901988 1.000000 0.177639 0.452312 0.067909 -0.099152 0.553300 0.492135 0.052864 0.146537 0.644273 0.654964 0.108900 0.171252 -0.166970 -0.289797 0.026391 0.131357 -0.132688 -0.461459 0.010179 -0.369740 -0.079927 -0.109363 -0.128466 -0.159933 -0.165538 -0.510216 -0.204267 -0.580706 0.008524 -0.323536 0.142020 -0.076207 0.048816 -0.261152 -0.660962 -0.462675 -0.446775 -0.488426 0.191862 0.857163 0.505942 0.508306 0.621837 0.676951 0.304161 0.377694 0.299153 0.346884 0.291918 0.400668 0.332388 0.387260 0.213000 0.289465 -0.258016 -0.101498 -0.420790 -0.179258 -0.588562 -0.413965 -0.444653 -0.518968 -0.093225 -0.231200 0.145181 -0.099859 -0.343157 -0.247903 -0.534649 -0.585397 -0.635643 -0.663871 -0.476515 -0.506906 -0.049697 -0.429948 -0.125432 -0.206109 0.292270 -0.231666 -0.314189 -0.154032 -0.233163 -0.421267
0.289436 0.354333 0.041668 -0.315416 -0.292768 -0.401691 0.176108 0.080557 -0.362109 -0.399416 -0.095287 -0.061967 0.098157 0.188016 -0.509162 -0.314615 0.493081 0.489234 0.190679 0.166426 0.001628 -0.064797 -0.203100 -0.366320 -0.211113 -0.440876 -0.359266 -0.442811 0.538167 0.534533 0.359021 0.177639 1.000000 0.719639 -0.138047 -0.309727 0.395230 0.366024 -0.053230 0.055214 0.195076 0.276783 -0.135217 -0.087732 0.342998 -0.064317 0.148149 -0.077099 0.195552 0.225251 -0.167041 -0.206954 -0.293813 -0.162445 -0.047754 -0.035669 0.202111 0.106745 -0.100391 0.034235 -0.174556 0.217542 0.420201 0.454212 -0.521822 -0.477642 0.121345 -0.291728 0.220615 -0.122747 0.026045 0.355624 0.726775 0.435946 0.472360 0.124339 0.413538 0.262769 0.540842 0.608540 0.487522 0.485210 -0.247383 -0.272535 -0.262915 -0.299997 -0.297250 -0.307132 -0.432022 -0.276803 -0.508942 -0.463800 -0.600620 -0.491759 -0.085726 -0.149752 0.077535 -0.016626 0.181716 0.060131 -0.233152 -0.151926 -0.137423 -0.157893 -0.239948 -0.304739 0.225953 0.009903 -0.138495 0.040485 -0.049877 0.118957 -0.021703 -0.159598 -0.237009 -0.240446
0.243711 0.103148 0.262753 -0.260487 -0.298503 -0.387972 0.458666 0.273974 -0.476104 -0.413561 0.058978 0.214779 0.467818 0.549622 -0.246231 -0.329309 0.487277 0.511764 -0.023372 0.325508 0.078517 0.116436 -0.037997 -0.137933 -0.411048 -0.309879 -0.545798 -0.353772 0.595558 0.539804 0.509976 0.452312 0.719639 1.000000 0.068413 -0.043799 0.378254 0.420730 -0.243988 -0.022384 0.256135 0.414587 0.065146 0.139124 0.105932 -0.200366 0.095188 0.165050 0.088870 -0.096619 -0.061066 -0.236775 -0.184481 -0.176150 -0.305855 -0.288604 0.058709 -0.041651 -0.005890 -0.280062 0.184955 0.148186 0.551603 0.495547 -0.247205 -0.268391 -0.238720 -0.247614 0.071708 -0.158001 0.163792 0.566806 0.616132 0.470921 0.556213 0.384017 0.570863 0.475149 0.450024 0.502189 0.517135 0.495621 0.182473 0.163518 -0.144036 -0.233567 -0.376718 -0.104022 -0.442082 -0.381442 -0.536660 -0.478949 -0.726250 -0.682018 -0.256125 -0.303808 -0.117020 -0.152050 -0.045437 -0.091463 -0.515109 -0.452240 -0.399747 -0.406327 -0.480415 -0.659768 0.067973 -0.330447 -0.335831 -0.087725 0.190352 0.040462 -0.140941 -0.319491 -0.379449 -0.380472
-0.170973 -0.283093 0.172169 -0.093766 0.023006 -0.112102 0.143912 0.005597 -0.011603 0.049818 0.101841 0.110739 0.115313 -0.117277 -0.050230 -0.121306 -0.053023 -0.047848 -0.125916 -0.060212 -0.259864 -0.151746 0.040982 -0.068114 -0.053943 -0.028405 -0.161793 -0.100028 -0.020655 -0.129993 0.013035 0.067909 -0.138047 0.068413 1.000000 0.672552 -0.071524 -0.212581 -0.150781 -0.381507 -0.049331 -0.107368 0.234737 0.208832 0.144940 0.323983 -0.096935 0.008094 0.125057 0.067169 0.295823 0.186965 -0.001029 -0.182990 -0.188483 -0.223397 -0.230703 -0.209803 0.205150 -0.123930 0.053803 -0.197352 -0.213798 -0.192604 0.373442 0.193752 0.144447 0.366132 -0.271434 -0.053914 -0.323150 -0.051140 -0.124804 -0.224534 0.036543 0.023053 -0.139892 -0.078376 -0.058653 -0.188523 0.019875 0.012626 0.023071 0.107043 0.419323 0.227994 -0.017747 0.011804 0.107426 -0.185567 -0.249833 -0.215213 -0.107691 -0.240308 -0.159339 0.141262 -0.164774 -0.089008 -0.317462 -0.436500 -0.205366 -0.158912 -0.201563 -0.175158 -0.129492 -0.037862 -0.112532 -0.357789 0.143563 -0.169509 0.156290 -0.143748 -0.153833 -0.131678 0.025170 0.071839
-0.159750 -0.213019 0.062659 -0.169977 0.182593 0.109157 0.036330 -0.071006 0.257879 0.208116 0.006975 0.097062 0.028490 -0.141503 0.272509 0.160163 -0.197043 -0.285230 -0.363566 -0.074616 -0.302065 -0.298484 0.047591 -0.044570 0.012301 0.041215 -0.084478 0.026521 -0.248145 -0.343002 -0.132385 -0.099152 -0.309727 -0.043799 0.672552 1.000000 -0.327466 -0.274654 -0.303467 -0.301024 -0.238517 -0.158602 0.275039 0.234854 0.023049 0.375484 -0.116514 0.151670 0.226818 0.116753 0.385690 0.326348 0.160586 -0.116171 -0.379319 -0.297570 -0.131182 -0.121086 0.464923 -0.128437 0.211213 0.026268 -0.480105 -0.279770 0.488432 0.542421 0.123045 0.483504 -0.195190 -0.003296 -0.267957 -0.231921 -0.393948 -0.308312 -0.167187 -0.025580 -0.099043 -0.213780 -0.285324 -0.355060 -0.200808 -0.256778 -0.024147 0.075419 0.169064 -0.070145 0.195863 -0.061565 0.140014 -0.241184 0.085204 0.025191 0.042430 0.002043 -0.225218 0.075752 -0.276288 -0.124359 -0.273296 -0.236652 -0.097335 -0.012056 -0.036972 0.050568 -0.213643 -0.018377 -0.062547 -0.218934 0.167851 -0.193997 0.351773 0.084335 -0.025134 -0.002234 -0.016618 0.124568
