1.000000 0.580618 -0.016453 -0.194977 -0.264064 -0.349682 0.319361 -0.013630 -0.335781 -0.296234 0.642109 0.400632 0.155297 0.285357 0.169193 0.334071 0.530446 0.212848 0.508253 0.245758 -0.180294 0.178978 -0.127997 -0.004993 -0.386560 -0.272760 -0.141460 0.070227 0.416129 0.066226 0.144878 0.077205 0.175386 0.153021 -0.371739 -0.227971 0.072455 -0.338544 0.202975 -0.208296 0.043069 0.147415 -0.401045 -0.351871 -0.136455 -0.334612 -0.350121 -0.143359 0.090018 -0.086668 -0.037928 -0.158831 0.040700 -0.249476 0.104278 -0.268559 0.403973 -0.080609 0.466481 -0.041648 0.532096 0.190470 0.568364 0.234696 0.211956 -0.214389 -0.022209 -0.213855 0.026784 -0.306789 0.010325 -0.072978 0.211994 0.109671 0.200495 -0.048441 0.248892 -0.125660 0.088188 -0.023115 0.382418 -0.032008 0.391772 0.320504 0.372772 -0.045678 0.125756 0.048041 0.390031 -0.145760 -0.274480 -0.208880 -0.383708 -0.250197 -0.134185 -0.203653 0.034543 -0.356646 -0.339742 -0.354150 -0.379415 -0.241047 -0.176760 -0.240152 -0.307948 -0.457516 -0.230607 0.112311 -0.029407 -0.315448 -0.242659 -0.319266 -0.428512 -0.342918 -0.320185 -0.495076
0.580618 1.000000 -0.233253 -0.147191 -0.227714 -0.348244 0.198805 0.133966 -0.291850 -0.155580 0.442515 0.669393 0.158732 0.529985 -0.020712 0.298271 0.377347 0.442266 0.581462 0.275809 -0.170627 -0.029803 -0.307932 -0.263061 -0.358230 -0.436558 -0.178566 -0.210373 0.293268 0.309615 0.114204 0.060342 0.301439 0.236605 -0.303737 -0.112998 0.206965 -0.222413 0.120979 -0.475220 0.196406 0.057601 -0.276058 -0.436665 -0.020641 -0.214930 -0.243097 0.027830 0.159884 0.017794 0.079167 -0.011931 0.184236 -0.263971 0.107353 -0.286980 0.344733 0.160973 0.377706 0.090491 0.354011 0.337179 0.569967 0.390502 -0.234064 -0.135326 0.002104 -0.103601 0.118027 -0.141393 -0.012115 0.056717 0.322386 0.188850 0.248641 0.094841 0.281220 -0.069761 -0.050450 -0.020473 0.274612 0.006340 0.101488 0.333087 -0.032199 -0.139546 -0.022130 -0.095509 -0.012572 -0.278852 -0.079371 -0.410634 -0.219618 -0.345306 -0.245662 -0.203508 -0.102290 -0.392464 -0.167098 -0.465587 -0.247134 -0.365632 -0.149283 -0.315300 -0.365890 -0.306226 -0.062897 0.105039 -0.228614 -0.191557 -0.211739 -0.313917 -0.354822 -0.363397 -0.347368 -0.414238
-0.016453 -0.233253 1.000000 0.645346 0.419476 0.230295 0.593267 0.543751 0.497710 0.069065 -0.156918 0.009318 0.261235 0.173555 0.378063 0.188496 -0.220866 -0.153850 0.211285 0.168357 0.262246 0.206398 0.693608 0.696428 0.375861 0.424632 0.285761 0.323874 0.138034 0.049265 0.506752 0.452859 -0.177237 0.132589 -0.028109 0.005095 -0.149692 -0.222555 -0.189113 -0.071583 -0.003308 0.046964 -0.135289 -0.034734 -0.177571 0.027258 -0.056404 -0.501031 -0.314781 -0.208513 -0.163104 -0.331975 -0.249439 -0.270895 -0.317399 -0.370852 -0.356836 -0.327931 -0.266728 -0.353617 -0.198460 -0.428021 -0.266607 -0.241598 0.213707 -0.210805 -0.280357 -0.030293 -0.238318 -0.198148 0.272986 0.376269 0.139116 0.085185 0.126300 0.166297 -0.287492 -0.193085 0.044985 -0.081502 -0.310680 -0.025830 0.053462 0.150861 0.015369 -0.025792 0.140769 0.046278 0.030435 -0.185648 -0.248026 -0.129562 -0.006541 -0.160896 -0.145801 0.138796 -0.383162 -0.291553 -0.109099 -0.271868 -0.208379 -0.372099 -0.407349 -0.180733 -0.202431 -0.174003 -0.207256 0.094949 -0.161800 -0.211567 -0.322196 -0.270553 -0.204205 -0.224880 0.144089 -0.152006
-0.194977 -0.147191 0.645346 1.000000 0.461215 0.542197 0.338601 0.551249 0.484986 0.337781 -0.242251 -0.082454 0.200714 0.189909 0.200276 0.122925 -0.250582 0.056498 0.285441 0.134821 0.250417 -0.091613 0.639270 0.649910 0.654500 0.463934 0.302861 0.227679 -0.015955 0.055378 0.329270 0.380462 0.016565 0.184157 -0.160548 -0.057225 -0.149363 -0.213179 -0.193126 -0.236968 0.097394 -0.136110 0.069486 0.090305 0.081769 0.140656 0.167474 -0.378021 -0.083135 0.063772 0.040900 -0.179639 -0.093592 -0.269025 -0.278318 -0.243754 -0.143605 -0.075535 -0.290770 -0.306305 -0.212522 -0.307501 -0.188912 -0.065645 0.031925 -0.119858 -0.297527 -0.177890 -0.219170 -0.260496 0.260261 0.307138 0.125551 0.115212 0.104065 0.298245 -0.219438 -0.154047 0.016038 -0.106720 -0.281376 0.093007 -0.154482 0.085303 -0.137440 -0.095474 0.050390 0.027558 -0.071434 -0.163185 -0.133985 -0.313342 0.001899 -0.246940 -0.265214 0.036774 -0.506660 -0.420393 0.109702 -0.328864 -0.140745 -0.409904 -0.433680 -0.384991 -0.160515 -0.199027 -0.242420 0.187874 -0.252216 -0.230184 -0.424331 -0.483266 -0.116930 -0.146370 0.050906 -0.203722
-0.264064 -0.227714 0.419476 0.461215 1.000000 0.676929 0.138395 0.330430 0.556747 0.472138 -0.122507 -0.180578 0.136328 0.068819 0.329493 0.206757 -0.242706 -0.103403 0.017813 0.073770 -0.057618 -0.167850 0.348022 0.313303 0.640966 0.014508 0.632423 0.181874 -0.244451 -0.072293 -0.237322 -0.209343 -0.207059 -0.382669 -0.122502 -0.109693 -0.220777 -0.151474 0.012735 -0.023158 -0.112947 -0.215050 0.087763 0.026361 0.049672 -0.058585 0.189041 -0.150501 0.097374 0.141787 0.165078 0.129099 0.182308 0.090719 -0.256366 0.064298 -0.054969 0.057288 -0.018772 -0.006036 -0.109127 -0.073836 -0.215991 -0.211331 -0.193555 -0.081164 0.029368 -0.026674 -0.154796 0.073725 0.110997 -0.167222 -0.088056 -0.221235 -0.188078 -0.028611 -0.313298 -0.180555 -0.100914 -0.161547 -0.252182 -0.118236 -0.316210 -0.036905 -0.504768 -0.340344 -0.161265 -0.040403 -0.178216 0.022936 0.189402 0.151879 0.206603 0.137400 -0.114173 0.052476 -0.203781 -0.128578 0.317596 0.068076 0.039301 0.039447 -0.141867 -0.065935 -0.004291 0.028841 -0.112532 0.162871 -0.024831 -0.236308 -0.240628 -0.150784 -0.003935 -0.013337 0.009485 0.078099
-0.349682 -0.348244 0.230295 0.542197 0.676929 1.000000 -0.215628 0.156975 0.379558 0.638614 -0.269936 -0.368208 -0.176280 -0.094381 0.251805 0.015346 -0.338515 -0.123956 -0.061228 -0.042372 0.071856 -0.199890 0.337564 0.323702 0.747320 0.432808 0.686177 0.417552 -0.360660 -0.306467 -0.219403 -0.108102 -0.013292 -0.173941 -0.012539 -0.117575 -0.306413 -0.195601 0.023070 0.003047 -0.067360 -0.362988 0.362393 0.308988 0.229407 0.221630 0.404052 -0.022402 0.194057 0.249211 0.286583 0.085497 0.141439 0.044116 -0.304315 0.005724 0.043526 0.202777 -0.125820 -0.144663 -0.369241 -0.258291 -0.340892 -0.327116 -0.227799 -0.022762 0.040917 -0.058176 -0.056116 0.043953 0.195030 -0.129998 -0.217152 -0.229919 -0.221800 -0.012699 -0.253078 -0.071696 -0.125087 -0.130591 -0.286486 -0.099200 -0.284817 -0.218618 -0.378375 -0.304607 0.030134 -0.010449 -0.137917 -0.024252 0.122950 -0.019848 0.195718 -0.010451 -0.016021 0.068865 -0.064349 -0.078248 0.398606 0.006832 -0.015228 -0.104792 -0.313164 -0.174771 0.164871 0.143101 0.072384 0.213451 -0.000206 -0.105038 -0.107506 -0.240422 0.067987 0.082266 0.123771 0.156011
0.319361 0.198805 0.593267 0.338601 0.138395 -0.215628 1.000000 0.679365 0.208341 -0.184636 0.210332 0.504794 0.517622 0.564049 0.277152 0.421838 0.068491 0.030663 0.472083 0.254726 0.211661 0.151743 0.345104 0.367725 -0.035745 -0.042586 -0.006776 -0.082141 0.428092 0.447453 0.599782 0.496812 -0.022912 0.186346 -0.143510 -0.107068 0.084141 -0.223760 -0.143647 -0.233388 0.190735 0.159634 -0.292329 -0.270106 -0.148159 -0.103863 -0.207489 -0.336442 -0.186437 -0.109280 -0.195732 -0.127971 -0.102959 -0.103475 -0.249388 -0.198638 -0.182531 -0.521334 -0.168392 -0.328771 0.151923 -0.108714 0.200533 0.029573 0.122058 -0.208161 -0.482994 -0.197426 -0.236644 -0.396418 0.070347 0.459877 0.417051 0.239078 0.243961 0.131545 -0.070315 -0.263941 0.037610 -0.151300 -0.022989 -0.015038 0.080581 0.443818 0.095891 0.107758 -0.071284 -0.023997 -0.100663 -0.162802 -0.386748 -0.262759 -0.245600 -0.317682 -0.265706 0.077883 -0.486465 -0.321499 -0.394958 -0.372959 -0.457637 -0.379850 -0.416899 -0.339133 -0.503209 -0.464118 -0.528000 0.209595 -0.127431 -0.297801 -0.485973 -0.338257 -0.412315 -0.431188 0.010353 -0.419480
-0.013630 0.133966 0.543751 0.551249 0.330430 0.156975 0.679365 1.000000 0.293818 0.271633 -0.170398 0.468577 0.216614 0.598987 0.180951 0.460248 -0.229543 -0.039864 0.334980 0.127027 0.200948 0.037223 0.185323 0.431809 0.197223 0.038213 0.238088 -0.001335 -0.021714 0.192464 0.357977 0.337100 0.029034 0.207160 -0.065332 -0.004147 -0.115368 -0.386254 -0.184098 -0.333743 0.044266 -0.070806 -0.171663 -0.128955 0.022113 0.228698 -0.134374 -0.179370 -0.098666 0.058369 -0.073148 -0.039632 -0.072055 -0.291610 -0.311061 -0.291005 -0.305773 -0.433224 -0.185368 -0.264897 -0.028580 0.037260 -0.039778 -0.226330 0.042491 0.206876 -0.256547 0.150689 -0.296810 -0.213438 0.012407 0.370120 0.165139 -0.013483 0.066824 0.021729 -0.307128 -0.287239 -0.266566 -0.323398 -0.185946 -0.258336 -0.234371 0.245311 -0.191043 -0.160107 -0.157006 -0.343438 -0.242429 -0.245462 -0.104585 -0.277768 0.102402 -0.227525 -0.138355 0.077171 -0.331521 -0.377178 -0.153720 -0.461787 -0.237830 -0.416163 -0.351151 -0.411284 -0.280774 -0.265469 -0.352596 0.344131 -0.045177 -0.346895 -0.465140 -0.477084 -0.403925 -0.392822 0.045669 -0.282962
-0.335781 -0.291850 0.497710 0.484986 0.556747 0.379558 0.208341 0.293818 1.000000 0.282614 -0.156453 -0.188545 0.141875 -0.005852 0.553077 -0.142519 -0.175862 0.022715 -0.032388 0.019277 -0.148514 -0.328982 0.381747 0.260423 0.626141 0.142323 0.316722 -0.147501 -0.077613 -0.024382 -0.067914 -0.133277 -0.167420 -0.150231 -0.060672 -0.046177 -0.045029 -0.007017 -0.070554 -0.209018 0.035332 -0.299052 0.121507 0.102085 -0.061260 -0.001236 0.222135 -0.176733 -0.183068 -0.015489 -0.094366 -0.048098 0.005609 0.055126 -0.280579 0.068651 -0.263021 -0.127972 -0.229080 -0.043017 -0.166862 -0.207014 -0.185211 -0.230066 -0.036691 -0.157312 -0.135753 -0.091398 -0.143868 -0.004244 0.230863 0.006042 0.063384 -0.018069 0.060731 0.069869 -0.175653 -0.115951 0.242109 0.153792 -0.227399 0.034921 -0.142066 -0.035097 -0.209585 -0.162359 -0.149423 -0.152018 -0.159440 0.000186 0.021257 0.150419 0.168723 0.163396 -0.172679 0.035964 -0.435291 -0.110493 0.239541 0.106045 -0.051228 0.054964 -0.191017 0.021535 0.101823 0.014406 -0.056335 0.196795 -0.124961 -0.272533 -0.200321 -0.099241 0.037450 0.078275 0.283448 0.055613
-0.296234 -0.155580 0.069065 0.337781 0.472138 0.638614 -0.184636 0.271633 0.282614 1.000000 -0.199667 -0.072859 -0.094845 -0.097387 -0.039541 -0.076298 -0.321929 0.082919 -0.031448 -0.086291 -0.179326 -0.436224 -0.040680 0.163075 0.466905 0.064225 0.246650 -0.097908 -0.397787 -0.226881 -0.353880 -0.250475 0.075131 -0.100193 0.029233 -0.048884 -0.291329 -0.360912 -0.187095 -0.369935 -0.096570 -0.469834 0.156344 0.043155 0.201787 0.272592 0.196846 -0.040024 0.138073 0.218475 0.347501 0.019713 0.213933 -0.115829 -0.195713 -0.245793 -0.023158 0.121745 0.098827 0.080908 -0.080596 0.132146 -0.029347 -0.142114 -0.212818 0.248457 0.227957 0.249594 -0.233028 0.025285 -0.029849 -0.163881 -0.207165 -0.261330 -0.214781 -0.073418 -0.136111 -0.078971 -0.253912 -0.199039 -0.265478 -0.105104 -0.512715 -0.233170 -0.527981 -0.373518 -0.351449 -0.293648 -0.349904 -0.122056 0.437845 0.039597 0.403922 0.148497 -0.092860 0.083923 -0.069736 -0.033521 0.456890 0.006865 0.225772 0.070152 -0.003845 -0.087018 0.246070 0.155104 0.191185 0.164761 0.052777 -0.115924 -0.206675 -0.103026 0.095778 0.106583 0.118391 0.107841
0.642109 0.442515 -0.156918 -0.242251 -0.122507 -0.269936 0.210332 -0.170398 -0.156453 -0.199667 1.000000 0.430438 0.539995 0.318277 0.237225 0.332553 0.713424 0.337678 0.409133 0.176472 -0.243488 0.052269 -0.158214 -0.198928 -0.242259 -0.385766 -0.015318 -0.104289 0.521068 0.225348 0.001991 0.026295 0.148720 0.083060 -0.371594 -0.150793 0.321682 -0.210224 0.273846 -0.308149 0.365430 0.056089 -0.264092 -0.379143 -0.073347 -0.349160 -0.200810 -0.060925 0.115273 -0.023371 -0.118907 -0.036423 0.163823 -0.077740 0.215719 -0.131570 0.459201 0.072987 0.329835 -0.031209 0.580899 0.307278 0.671469 0.235034 -0.078770 -0.339915 -0.192478 -0.364593 0.020264 -0.235618 0.171894 -0.080473 0.417128 0.224765 0.297907 0.142956 0.393661 -0.072919 0.216710 0.105384 0.475621 0.184110 0.233183 0.220961 0.201849 -0.106248 -0.079783 0.077085 0.246408 -0.055864 -0.104805 -0.169586 -0.302036 -0.167528 -0.294974 -0.221897 -0.147838 -0.230331 -0.116876 -0.146080 -0.338250 -0.111990 -0.090680 -0.284215 -0.323667 -0.426657 -0.263788 0.089008 -0.071721 -0.296688 -0.215718 -0.190669 -0.225933 -0.106625 -0.164661 -0.410704
0.400632 0.669393 0.009318 -0.082454 -0.180578 -0.368208 0.504794 0.468577 -0.188545 -0.072859 0.430438 1.000000 0.386971 0.762531 0.091602 0.415486 0.163080 0.281880 0.570935 0.176813 -0.015421 0.098182 -0.202302 -0.023128 -0.418510 -0.347119 -0.085693 -0.163594 0.304281 0.386488 0.334481 0.342161 0.187233 0.393432 -0.096305 0.082297 0.197598 -0.344627 -0.045656 -0.522668 0.235804 0.123932 -0.225322 -0.347326 -0.024454 0.013901 -0.266052 0.050418 0.058942 -0.062052 -0.054443 -0.011324 0.075508 -0.174739 0.063557 -0.325633 0.073614 -0.275407 0.042035 -0.294893 0.353979 0.267044 0.449263 0.055441 -0.070064 -0.001511 -0.382561 0.009282 -0.115324 -0.192553 0.000376 0.305266 0.356843 0.239415 0.297483 0.155600 0.171059 -0.168336 -0.236503 -0.175545 0.149811 -0.060267 0.057197 0.352380 -0.008588 0.004132 -0.159636 -0.098562 -0.110301 -0.256642 -0.139832 -0.426491 -0.138604 -0.373175 -0.265953 -0.027431 -0.155014 -0.227119 -0.267847 -0.428931 -0.437257 -0.504642 -0.290480 -0.447072 -0.523158 -0.407070 -0.175894 0.089213 -0.194577 -0.174526 -0.261652 -0.306979 -0.426086 -0.378564 -0.248519 -0.449047
0.155297 0.158732 0.261235 0.200714 0.136328 -0.176280 0.517622 0.216614 0.141875 -0.094845 0.539995 0.386971 1.000000 0.443667 0.183125 0.332962 0.335537 0.308356 0.324630 0.112497 0.071559 0.000947 0.199044 0.045099 -0.024439 -0.166222 -0.021305 -0.114323 0.378911 0.418182 0.274707 0.203763 -0.046437 -0.028061 -0.218204 -0.029971 0.278359 -0.067306 -0.045678 -0.266862 0.334459 0.153499 -0.260907 -0.368209 -0.145515 -0.314135 -0.166593 -0.230962 -0.013057 -0.036437 -0.039378 0.009207 0.225663 -0.000593 0.112682 -0.029041 0.101596 -0.109892 0.038361 -0.109504 0.345903 0.225867 0.405263 0.275909 -0.272696 -0.136782 -0.439180 -0.295190 -0.350740 -0.420890 0.170186 0.156438 0.454083 0.229131 0.293731 0.216231 0.055793 -0.202139 0.066538 -0.007062 0.098459 0.159595 -0.003993 0.219675 -0.169907 0.011722 -0.219653 0.112333 -0.073862 0.037485 -0.152431 -0.098331 -0.192015 -0.105779 -0.301552 -0.137173 -0.371831 -0.201457 -0.031052 -0.003543 -0.216489 -0.168053 -0.152123 -0.198082 -0.419680 -0.384860 -0.432531 -0.019750 -0.286496 -0.269333 -0.437683 -0.119297 -0.164167 -0.134850 -0.075519 -0.290161
0.285357 0.529985 0.173555 0.189909 0.068819 -0.094381 0.564049 0.598987 -0.005852 -0.097387 0.318277 0.762531 0.443667 1.000000 0.358626 0.596989 0.177964 0.257698 0.501418 0.272602 0.288122 0.215145 0.104883 0.140447 -0.150635 -0.108421 0.223841 0.134669 0.374601 0.413623 0.476836 0.433740 0.152643 0.359079 -0.202224 -0.110217 0.311361 -0.200252 0.106853 -0.361131 0.349536 0.169727 -0.172998 -0.198564 0.014863 -0.034433 -0.197639 -0.019464 0.075515 0.004369 -0.080423 0.045748 0.021062 -0.191297 -0.056601 -0.189700 -0.005436 -0.314460 -0.112767 -0.413428 0.129197 0.040691 0.300207 0.009892 -0.117709 -0.108978 -0.522406 -0.215299 -0.104522 -0.356340 0.149320 0.436493 0.442456 0.258806 0.349004 0.248072 0.074637 -0.144524 -0.045801 -0.171864 0.127179 -0.083209 0.163748 0.489082 0.028019 0.021059 0.027153 0.015508 -0.064882 -0.176637 -0.405583 -0.559826 -0.315523 -0.533995 -0.200040 -0.034060 -0.197625 -0.305870 -0.322230 -0.510719 -0.581319 -0.625391 -0.504736 -0.522953 -0.583162 -0.460871 -0.363495 0.227456 -0.188457 -0.318059 -0.337580 -0.489803 -0.600811 -0.580431 -0.213375 -0.447994
0.169193 -0.020712 0.378063 0.200276 0.329493 0.251805 0.277152 0.180951 0.553077 -0.039541 0.237225 0.091602 0.183125 0.358626 1.000000 0.272724 0.056213 -0.092462 0.299393 0.260599 0.066926 0.091958 0.294688 0.306503 0.204357 0.191616 0.433069 0.298201 0.277690 -0.057843 0.254984 0.164324 0.008016 0.089076 -0.229747 -0.135171 0.142548 -0.123885 0.261840 -0.035850 0.262438 0.072525 -0.002126 0.072403 -0.093074 -0.118256 -0.069053 -0.128078 -0.084474 -0.102973 -0.177223 -0.019694 -0.187641 -0.033540 -0.165520 0.028148 -0.062103 -0.234402 -0.092147 -0.369567 0.036885 -0.300329 0.022985 -0.329784 0.234989 -0.260873 -0.325584 -0.252768 -0.027677 -0.292027 0.170187 0.084264 0.165037 0.019311 0.270147 0.084862 -0.053320 -0.284602 0.255339 -0.037349 -0.044414 -0.148724 0.529084 0.388909 0.255137 0.097770 0.258393 0.259385 0.310400 0.083911 -0.525475 -0.246221 -0.385049 -0.230717 -0.168673 0.107601 -0.188742 -0.167472 -0.277363 -0.211126 -0.531952 -0.250033 -0.534407 -0.182031 -0.186285 -0.276517 -0.119290 0.324803 0.029020 -0.443116 -0.189160 -0.369870 -0.453590 -0.239228 0.141791 -0.280362
0.334071 0.298271 0.188496 0.122925 0.206757 0.015346 0.421838 0.460248 -0.142519 -0.076298 0.332553 0.415486 0.332962 0.596989 0.272724 1.000000 0.153601 -0.163418 0.431075 0.407741 0.300465 0.380049 -0.084398 0.093024 -0.142552 -0.127365 0.284736 0.305156 0.211115 0.103879 0.289680 0.266161 0.052150 0.069182 -0.337864 -0.212263 0.020150 -0.344711 0.287323 -0.075160 0.136533 0.268208 -0.250802 -0.205006 -0.064351 -0.134049 -0.400169 -0.139354 0.140127 0.033153 -0.071771 0.064330 -0.039568 -0.255721 0.013065 -0.232311 0.130222 -0.295985 0.215324 -0.174784 0.328774 0.209849 0.217752 -0.114493 0.084152 0.026591 -0.158254 -0.035887 -0.073462 -0.157748 0.123097 0.167548 0.234186 0.001713 0.075356 -0.095500 -0.141046 -0.314666 -0.289775 -0.342810 0.047869 -0.403080 0.084879 0.415753 -0.018545 -0.191943 0.009816 0.009274 0.171258 -0.096349 -0.273581 -0.282786 -0.198567 -0.268033 0.084045 0.002607 -0.052382 -0.314032 -0.389869 -0.525804 -0.352593 -0.307228 -0.287416 -0.357848 -0.380784 -0.256463 -0.294400 0.333597 0.161763 -0.305911 -0.405794 -0.490407 -0.468633 -0.523975 -0.191938 -0.403878
0.530446 0.377347 -0.220866 -0.250582 -0.242706 -0.338515 0.068491 -0.229543 -0.175862 -0.321929 0.713424 0.163080 0.335537 0.177964 0.056213 0.153601 1.000000 0.473912 0.196259 0.154925 -0.139191 0.199027 -0.207471 -0.354007 -0.161929 -0.349532 -0.128408 -0.126354 0.583595 0.390049 -0.018864 -0.066334 0.433752 0.271926 -0.352127 -0.170025 0.489284 0.079314 0.321799 -0.080301 0.327043 0.101476 -0.261376 -0.335581 0.032741 -0.344707 -0.087579 -0.024799 0.114172 0.048090 -0.198225 -0.120673 0.027556 -0.241881 0.168450 -0.044842 0.462714 0.233689 0.248315 0.089091 0.333368 0.263564 0.713426 0.359454 -0.219488 -0.369951 0.010904 -0.389243 0.217631 -0.214822 0.253656 0.039442 0.587674 0.392455 0.419936 0.199140 0.592125 0.178119 0.502564 0.267285 0.799684 0.354992 0.188127 0.196280 0.118175 -0.223843 -0.032693 -0.152502 0.153451 -0.254646 -0.151986 -0.199852 -0.356328 -0.199316 -0.179526 -0.200821 0.051522 -0.217165 0.011784 -0.106524 -0.191658 -0.075919 0.088305 -0.183057 -0.188137 -0.375968 -0.304412 -0.071959 -0.085308 -0.149566 -0.174301 -0.193780 -0.156208 -0.099039 -0.198731 -0.291725
0.212848 0.442266 -0.153850 0.056498 -0.103403 -0.123956 0.030663 -0.039864 0.022715 0.082919 0.337678 0.281880 0.308356 0.257698 -0.092462 -0.163418 0.473912 1.000000 0.115328 0.005213 -0.234481 -0.191679 0.086511 -0.201231 0.038215 -0.297530 -0.114106 -0.315561 0.351649 0.577878 0.015043 -0.061709 0.237598 0.262086 -0.291596 -0.154839 0.292856 0.219239 -0.054724 -0.298173 0.236006 -0.098021 -0.032506 -0.181492 0.077767 -0.231708 0.194488 0.043913 0.133077 0.065279 0.053789 -0.106399 0.225270 -0.082141 -0.020175 0.010049 0.317027 0.371234 -0.076472 -0.073166 -0.010117 0.058991 0.490669 0.579111 -0.461133 -0.334146 -0.151105 -0.505428 0.041201 -0.185044 0.372176 0.202006 0.520193 0.510542 0.383509 0.471560 0.559756 0.421798 0.436065 0.550839 0.356394 0.631723 -0.129265 0.074702 -0.133380 -0.156766 -0.224187 -0.113125 -0.346630 -0.291249 0.007180 -0.267787 -0.129221 -0.265229 -0.298693 -0.057484 -0.138402 -0.131253 0.264852 0.045783 -0.082078 -0.250078 -0.132573 -0.314023 -0.323986 -0.319091 -0.161808 -0.118115 -0.375893 -0.009266 -0.194866 -0.084002 -0.093514 0.050969 -0.099020 -0.135142
0.508253 0.581462 0.211285 0.285441 0.017813 -0.061228 0.472083 0.334980 -0.032388 -0.031448 0.409133 0.570935 0.324630 0.501418 0.299393 0.431075 0.196259 0.115328 1.000000 0.392289 0.106771 0.142776 -0.020583 0.187211 -0.067280 -0.095998 0.079899 0.074632 0.367664 0.148838 0.338049 0.386325 0.336482 0.395109 -0.431211 -0.015471 0.260679 -0.419860 0.244941 -0.429548 0.319370 0.181761 -0.281637 -0.367562 -0.070561 -0.141866 -0.281220 -0.189791 -0.029706 -0.099244 -0.031813 -0.180248 -0.087116 -0.372429 0.029858 -0.364326 0.293181 -0.058863 0.168389 -0.330589 0.448062 0.073300 0.351661 -0.026089 0.157588 -0.192619 -0.217794 -0.051735 0.176167 -0.216460 0.047227 0.128378 0.370507 0.175450 0.286788 0.151610 0.139598 -0.350975 -0.093074 -0.296440 0.174713 -0.123817 0.323280 0.455401 0.092792 -0.052468 0.095068 0.100521 0.252399 -0.171061 -0.313276 -0.538516 -0.370397 -0.442243 -0.278946 -0.114685 -0.267566 -0.494525 -0.281068 -0.636038 -0.412641 -0.431314 -0.434121 -0.452562 -0.421616 -0.406764 -0.200904 0.238324 -0.130722 -0.376530 -0.291091 -0.584238 -0.557857 -0.401386 -0.307819 -0.634676
0.245758 0.275809 0.168357 0.134821 0.073770 -0.042372 0.254726 0.127027 0.019277 -0.086291 0.176472 0.176813 0.112497 0.272602 0.260599 0.407741 0.154925 0.005213 0.392289 1.000000 0.046589 0.184282 -0.006534 -0.002273 -0.007360 -0.060149 -0.046192 -0.006026 0.417489 0.127405 0.222609 0.227017 0.277623 0.255311 -0.219210 -0.122826 0.130729 -0.229175 0.095146 -0.160724 0.108675 0.209943 0.116098 0.073819 0.199976 -0.008721 -0.020559 -0.003291 0.275817 0.205473 0.095183 0.231763 -0.126905 -0.008986 -0.285931 -0.173337 0.053517 -0.034542 0.017018 -0.320382 0.045635 -0.081120 0.256385 0.043637 0.022682 -0.182494 -0.164638 -0.199272 0.132195 0.091246 0.105434 0.149514 0.365258 0.078457 0.130322 0.128772 -0.011525 -0.081478 0.051020 -0.253526 0.144979 -0.044638 0.218443 0.354244 0.029751 -0.105852 0.038712 0.086588 0.040380 -0.302832 -0.336285 -0.398490 -0.509560 -0.462668 0.017208 -0.131895 -0.130312 -0.240954 -0.388625 -0.483409 -0.388104 -0.224819 -0.360554 -0.260194 -0.258356 -0.198356 -0.107086 0.253086 0.056100 -0.266704 -0.217426 -0.324637 -0.374249 -0.410618 -0.259078 -0.197077
-0.180294 -0.170627 0.262246 0.250417 -0.057618 0.071856 0.211661 0.200948 -0.148514 -0.179326 -0.243488 -0.015421 0.071559 0.288122 0.066926 0.300465 -0.139191 -0.234481 0.106771 0.046589 1.000000 0.587364 0.344462 0.304558 -0.065010 0.535703 0.136695 0.522238 0.273493 0.245759 0.645515 0.599411 0.032649 0.253683 0.080345 0.017894 0.226064 0.181763 0.114592 0.225782 0.198295 0.463999 0.019330 0.203975 -0.027904 0.047045 -0.130502 -0.052464 -0.113464 -0.146615 -0.204462 -0.146671 -0.385114 -0.153844 -0.017895 -0.033731 -0.245380 -0.281761 -0.298551 -0.340134 -0.232663 -0.400639 -0.355168 -0.088013 0.131959 -0.108263 -0.316084 -0.053210 0.019068 -0.255995 0.217519 0.545091 0.201513 0.271573 0.136517 0.270481 -0.090578 -0.067001 -0.025479 -0.115685 0.005507 0.019760 0.200898 0.327995 0.207585 0.229729 0.389262 0.174898 0.131207 -0.019548 -0.453167 -0.336839 -0.269014 -0.364115 0.098906 0.089456 -0.047777 -0.115476 -0.301763 -0.299429 -0.270305 -0.323778 -0.256576 -0.118625 -0.151074 -0.161473 -0.185973 -0.035912 -0.128334 0.013155 -0.079901 -0.214019 -0.142316 -0.405066 -0.129139 -0.127836
0.178978 -0.029803 0.206398 -0.091613 -0.167850 -0.199890 0.151743 0.037223 -0.328982 -0.436224 0.052269 0.098182 0.000947 0.215145 0.091958 0.380049 0.199027 -0.191679 0.142776 0.184282 0.587364 1.000000 0.049339 0.130477 -0.330233 0.206778 0.025691 0.515382 0.400390 0.234427 0.488764 0.477793 0.050283 0.337439 -0.057628 0.134796 0.278715 0.101528 0.273075 0.280254 0.259858 0.569644 -0.105521 -0.000738 -0.128316 -0.146771 -0.276558 -0.001786 -0.130061 -0.252351 -0.267716 -0.173287 -0.345626 -0.158305 0.054615 -0.074741 -0.147396 -0.231041 -0.080333 -0.318321 -0.018847 -0.201687 -0.072486 -0.157028 0.243272 -0.146950 -0.223951 0.004048 0.130484 -0.042575 0.189810 0.363493 0.310575 0.306836 0.286330 0.173645 0.145562 0.035106 0.035502 -0.005034 0.256990 -0.032008 0.375835 0.360088 0.327573 0.105736 0.388456 0.138559 0.413176 -0.060489 -0.487387 -0.239984 -0.336459 -0.315694 0.183708 0.020849 0.218756 -0.039801 -0.381324 -0.262343 -0.235926 -0.278628 -0.127465 -0.081451 -0.218293 -0.245168 -0.145302 -0.080668 0.051509 0.051379 0.109291 -0.045223 -0.196939 -0.377064 -0.175787 -0.198437
-0.127997 -0.307932 0.693608 0.639270 0.348022 0.337564 0.345104 0.185323 0.381747 -0.040680 -0.158214 -0.202302 0.199044 0.104883 0.294688 -0.084398 -0.207471 0.086511 -0.020583 -0.006534 0.344462 0.049339 1.000000 0.675167 0.480966 0.592806 0.306351 0.403629 0.204236 0.161587 0.500425 0.470022 -0.299168 0.025512 0.003963 -0.168955 -0.127193 0.134912 -0.256293 0.089064 0.016381 0.016072 0.124742 0.220733 -0.073184 -0.053378 0.220919 -0.352052 -0.156418 -0.103036 -0.073847 -0.191518 -0.216906 0.066194 -0.330662 -0.041128 -0.251745 -0.129063 -0.515732 -0.420502 -0.447349 -0.691728 -0.345544 0.024301 0.101048 -0.452727 -0.443246 -0.470339 -0.153204 -0.295494 0.409226 0.397037 0.128474 0.263111 0.120556 0.373560 -0.141854 0.039697 0.301698 0.253873 -0.277131 0.365347 0.113384 0.093492 0.198371 0.204284 0.286385 0.357211 -0.055669 -0.072626 -0.280873 -0.157960 -0.148694 -0.260334 -0.193642 0.086162 -0.429550 -0.129925 -0.040445 -0.037109 -0.253079 -0.357384 -0.417695 -0.187711 -0.219662 -0.159924 -0.273177 0.018561 -0.345332 -0.046460 -0.185343 -0.144959 -0.010683 -0.036344 0.137437 -0.018988
-0.004993 -0.263061 0.696428 0.649910 0.313303 0.323702 0.367725 0.431809 0.260423 0.163075 -0.198928 -0.023128 0.045099 0.140447 0.306503 0.093024 -0.354007 -0.201231 0.187211 -0.002273 0.304558 0.130477 0.675167 1.000000 0.286759 0.535888 0.211082 0.467887 0.001152 -0.154634 0.488022 0.535904 -0.172043 0.203399 0.015606 0.056573 -0.301635 -0.240755 -0.271170 -0.025706 0.006158 0.034275 -0.148179 0.015325 -0.173032 0.019039 -0.129774 -0.458794 -0.324655 -0.222669 -0.238052 -0.366351 -0.427642 -0.265415 -0.338162 -0.310017 -0.348942 -0.279704 -0.295387 -0.282103 -0.121911 -0.355921 -0.300057 -0.202764 0.471909 -0.103307 -0.283684 0.016476 -0.279317 -0.229955 0.030585 0.213780 -0.161765 -0.102857 -0.049232 0.049391 -0.449775 -0.292822 -0.041670 -0.131584 -0.386243 -0.082652 0.161224 0.188389 0.268593 0.126687 0.109014 0.200161 0.210704 0.030105 -0.216343 -0.159192 -0.044175 -0.189923 -0.155725 0.118345 -0.317476 -0.195254 -0.249427 -0.282362 -0.136494 -0.347050 -0.383619 -0.091658 -0.091862 -0.041542 -0.077786 0.119788 -0.141787 -0.213638 -0.126620 -0.241932 -0.148184 -0.154140 0.123827 -0.287555
-0.386560 -0.358230 0.375861 0.654500 0.640966 0.747320 -0.035745 0.197223 0.626141 0.466905 -0.242259 -0.418510 -0.024439 -0.150635 0.204357 -0.142552 -0.161929 0.038215 -0.067280 -0.007360 -0.065010 -0.330233 0.480966 0.286759 1.000000 0.377578 0.500901 0.058416 -0.204384 -0.134491 -0.208282 -0.136231 -0.030570 -0.136729 -0.156418 -0.214019 -0.217515 -0.142528 -0.084082 -0.131088 0.001030 -0.554044 0.347961 0.269654 0.274772 0.214498 0.552012 -0.061080 0.073552 0.260855 0.094683 0.008915 0.041254 -0.004324 -0.454648 0.094755 0.034735 0.292729 -0.321341 -0.101747 -0.401166 -0.347640 -0.284880 -0.237674 -0.221058 -0.263069 -0.044452 -0.251370 0.018223 0.101827 0.228599 -0.047853 -0.024245 -0.073650 -0.164361 0.027881 -0.121800 0.029531 0.115647 0.109911 -0.099923 0.144905 -0.347537 -0.282610 -0.333709 -0.410090 -0.123847 -0.115317 -0.255353 -0.221065 0.150733 0.056579 0.195977 0.045632 -0.069649 -0.016367 -0.284023 -0.079228 0.481225 0.041665 0.054924 0.039799 -0.196821 -0.077407 0.237926 0.163090 -0.211575 0.323051 -0.065708 -0.157864 -0.152854 -0.241939 0.135544 0.143963 0.166304 0.251320
-0.272760 -0.436558 0.424632 0.463934 0.014508 0.432808 -0.042586 0.038213 0.142323 0.064225 -0.385766 -0.347119 -0.166222 -0.108421 0.191616 -0.127365 -0.349532 -0.297530 -0.095998 -0.060149 0.535703 0.206778 0.592806 0.535888 0.377578 1.000000 0.223005 0.609023 -0.037167 -0.212688 0.437969 0.496356 -0.031325 0.177578 0.211108 0.004639 -0.213605 -0.093475 -0.117459 0.103331 0.064966 -0.055522 0.283726 0.461908 0.014661 0.221697 0.195389 -0.076486 -0.136243 -0.088884 -0.011560 -0.162296 -0.272329 -0.024237 -0.256506 -0.085919 -0.287041 -0.126343 -0.435385 -0.391523 -0.495179 -0.632229 -0.520605 -0.273009 0.228973 -0.152487 -0.315005 -0.126585 -0.050697 -0.169682 0.105268 0.291789 -0.166527 -0.022621 -0.102907 0.082355 -0.275125 -0.089876 0.040730 -0.021429 -0.326747 0.029615 0.196585 -0.084329 0.263494 0.209715 0.473205 0.274822 0.121892 -0.030004 -0.280172 -0.185291 -0.102746 -0.238537 0.038934 0.089071 -0.122348 0.031951 -0.071690 -0.107138 -0.149296 -0.260831 -0.364485 -0.061040 0.086554 0.064703 -0.020877 0.127012 -0.076811 0.025639 0.068980 -0.127764 0.025281 -0.057329 0.182014 0.024532
-0.141460 -0.178566 0.285761 0.302861 0.632423 0.686177 -0.006776 0.238088 0.316722 0.246650 -0.015318 -0.085693 -0.021305 0.223841 0.433069 0.284736 -0.128408 -0.114106 0.079899 -0.046192 0.136695 0.025691 0.306351 0.211082 0.500901 0.223005 1.000000 0.534659 -0.159297 -0.192189 -0.101890 -0.020956 -0.098674 -0.123213 0.045866 -0.031524 -0.016484 -0.125232 0.429652 0.108552 0.090222 -0.174369 0.067519 0.066497 -0.006296 0.053461 0.134957 -0.042160 0.031623 0.032789 0.034252 0.041694 0.170090 -0.011128 -0.048988 0.023785 0.137866 0.123708 -0.128102 -0.272476 -0.192068 -0.211166 -0.277981 -0.402105 -0.129869 -0.131010 -0.039030 -0.068487 0.110852 -0.003882 0.265611 -0.049126 -0.013223 -0.093008 -0.001269 0.061594 -0.140388 -0.029293 -0.053519 -0.142839 -0.113012 -0.193613 -0.077304 -0.112937 -0.187291 -0.316025 0.173572 0.007460 0.058372 -0.026374 0.033225 -0.066821 0.157580 -0.062975 0.015935 0.114384 0.122926 -0.138494 0.289470 -0.069029 -0.210477 -0.212154 -0.311299 -0.316551 -0.106413 -0.094585 -0.150472 0.243489 0.137861 -0.155181 0.002975 -0.241644 -0.186656 0.008776 0.043338 -0.038614
0.070227 -0.210373 0.323874 0.227679 0.181874 0.417552 -0.082141 -0.001335 -0.147501 -0.097908 -0.104289 -0.163594 -0.114323 0.134669 0.298201 0.305156 -0.126354 -0.315561 0.074632 -0.006026 0.522238 0.515382 0.403629 0.467887 0.058416 0.609023 0.534659 1.000000 -0.039412 -0.295407 0.311865 0.361308 -0.052657 0.103294 0.074980 0.047198 -0.131797 -0.084801 0.267551 0.311228 -0.005130 0.254785 -0.008424 0.187496 -0.117163 -0.040366 -0.140275 -0.175723 -0.038958 -0.160495 -0.015253 -0.166391 -0.186206 -0.149406 0.082408 -0.190446 -0.043421 -0.073559 -0.104616 -0.357296 -0.235002 -0.371470 -0.317231 -0.325353 0.218425 -0.111840 -0.110347 -0.012612 0.093299 -0.126592 0.174279 0.088399 -0.163980 -0.039577 0.005462 0.006843 -0.218376 -0.142892 -0.064130 -0.202267 -0.195044 -0.235924 0.354613 0.027484 0.262405 0.082782 0.556368 0.333071 0.419078 0.093386 -0.308125 -0.201169 -0.118971 -0.225197 0.147918 0.097782 0.216575 -0.089805 -0.136992 -0.198559 -0.212369 -0.388481 -0.323960 -0.161484 -0.135347 -0.062755 0.050245 -0.002235 0.027381 0.013623 0.080022 -0.200049 -0.175855 -0.194608 -0.082261 -0.228737
0.416129 0.293268 0.138034 -0.015955 -0.244451 -0.360660 0.428092 -0.021714 -0.077613 -0.397787 0.521068 0.304281 0.378911 0.374601 0.277690 0.211115 0.583595 0.351649 0.367664 0.417489 0.273493 0.400390 0.204236 0.001152 -0.204384 -0.037167 -0.159297 -0.039412 1.000000 0.613334 0.507271 0.470322 0.291458 0.433429 -0.288998 -0.279859 0.536769 0.090718 0.188049 -0.105070 0.482908 0.377570 -0.144829 -0.169934 0.015873 -0.238402 -0.082052 -0.114608 0.044355 -0.044483 -0.225762 -0.101501 -0.272650 -0.082912 -0.099194 -0.168352 0.115403 -0.109447 -0.133439 -0.331658 0.180547 -0.214566 0.428688 0.344489 0.118921 -0.513425 -0.421306 -0.578897 0.117941 -0.381999 0.400853 0.473672 0.803376 0.622693 0.577933 0.521222 0.490586 0.136735 0.530450 0.233832 0.569988 0.486118 0.482899 0.604739 0.401507 0.108027 0.172535 0.255798 0.178325 -0.360435 -0.494837 -0.506173 -0.630622 -0.563536 -0.226979 -0.242704 -0.269446 -0.300733 -0.385584 -0.359721 -0.542057 -0.299185 -0.286115 -0.330863 -0.439223 -0.513337 -0.350971 -0.036859 -0.284502 -0.252953 -0.282575 -0.286623 -0.362109 -0.299857 -0.183040 -0.257708
0.066226 0.309615 0.049265 0.055378 -0.072293 -0.306467 0.447453 0.192464 -0.024382 -0.226881 0.225348 0.386488 0.418182 0.413623 -0.057843 0.103879 0.390049 0.577878 0.148838 0.127405 0.245759 0.234427 0.161587 -0.154634 -0.134491 -0.212688 -0.192189 -0.295407 0.613334 1.000000 0.429433 0.312045 0.212913 0.284890 -0.185124 -0.084929 0.393653 0.367368 -0.175698 -0.118513 0.322422 0.303712 0.024333 -0.093332 0.090224 -0.182861 0.126209 0.111837 0.082360 0.023332 -0.153422 -0.019916 -0.000640 0.098169 -0.127686 0.143404 -0.031897 -0.120319 -0.267873 -0.237643 -0.055261 -0.053594 0.310860 0.490109 -0.341744 -0.310097 -0.485573 -0.511966 -0.118704 -0.335736 0.376135 0.596958 0.769562 0.691514 0.487522 0.627545 0.489245 0.319874 0.346959 0.397824 0.386184 0.568481 -0.056234 0.464359 -0.114379 0.068150 -0.098341 -0.088562 -0.377476 -0.251356 -0.281419 -0.322829 -0.369474 -0.365872 -0.295140 0.045573 -0.282030 -0.102710 -0.094388 -0.009812 -0.286892 -0.279162 -0.172338 -0.366082 -0.512547 -0.496511 -0.386060 -0.142685 -0.319145 0.053920 -0.269009 -0.038922 -0.078256 -0.202328 -0.080161 -0.104933
0.144878 0.114204 0.506752 0.329270 -0.237322 -0.219403 0.599782 0.357977 -0.067914 -0.353880 0.001991 0.334481 0.274707 0.476836 0.254984 0.289680 -0.018864 0.015043 0.338049 0.222609 0.645515 0.488764 0.500425 0.488022 -0.208282 0.437969 -0.101890 0.311865 0.507271 0.429433 1.000000 0.897749 0.034729 0.540879 -0.007062 0.008499 0.194765 0.073104 -0.104362 0.009491 0.332275 0.454411 -0.157055 -0.034703 -0.254899 -0.122266 -0.227130 -0.285969 -0.347476 -0.379896 -0.335025 -0.358060 -0.368038 -0.188801 -0.103119 -0.162772 -0.308451 -0.467237 -0.376325 -0.506662 -0.122190 -0.411987 -0.045233 0.093521 0.280642 -0.245872 -0.600076 -0.221610 -0.150937 -0.467142 0.197893 0.759625 0.375673 0.367858 0.351028 0.365543 -0.010547 -0.091226 0.133681 -0.014663 -0.102920 0.098911 0.395749 0.515158 0.413390 0.450301 0.340563 0.283994 0.129092 -0.023907 -0.686577 -0.507021 -0.468125 -0.543261 -0.171595 0.245117 -0.308975 -0.179587 -0.591576 -0.430652 -0.524118 -0.614404 -0.542025 -0.327008 -0.490593 -0.387560 -0.236040 0.057931 -0.189378 -0.014367 -0.168257 -0.279928 -0.342426 -0.424375 0.033096 -0.411985
0.077205 0.060342 0.452859 0.380462 -0.209343 -0.108102 0.496812 0.337100 -0.133277 -0.250475 0.026295 0.342161 0.203763 0.433740 0.164324 0.266161 -0.066334 -0.061709 0.386325 0.227017 0.599411 0.477793 0.470022 0.535904 -0.136231 0.496356 -0.020956 0.361308 0.470322 0.312045 0.897749 1.000000 0.050935 0.581770 0.027999 0.030323 0.164756 -0.083425 -0.045784 -0.066634 0.403887 0.354995 -0.078521 -0.029139 -0.137707 0.018316 -0.135416 -0.295659 -0.282732 -0.312342 -0.246038 -0.305929 -0.349524 -0.191812 -0.070336 -0.295739 -0.237347 -0.395806 -0.432038 -0.595495 -0.100793 -0.401101 -0.091417 -0.028389 0.334239 -0.255872 -0.585459 -0.158213 -0.064053 -0.341350 0.161825 0.758643 0.336519 0.299039 0.294440 0.332925 -0.050531 -0.141678 0.050028 -0.153268 -0.108477 0.085539 0.332343 0.439001 0.398961 0.412304 0.355913 0.281696 0.169997 -0.092725 -0.534274 -0.552980 -0.374166 -0.578200 -0.272711 0.127906 -0.305695 -0.234129 -0.509581 -0.501317 -0.465459 -0.588558 -0.497985 -0.387855 -0.444320 -0.321270 -0.187967 0.043191 -0.209514 -0.034828 -0.090867 -0.285021 -0.292329 -0.368195 -0.078062 -0.397088
0.175386 0.301439 -0.177237 0.016565 -0.207059 -0.013292 -0.022912 0.029034 -0.167420 0.075131 0.148720 0.187233 -0.046437 0.152643 0.008016 0.052150 0.433752 0.237598 0.336482 0.277623 0.032649 0.050283 -0.299168 -0.172043 -0.030570 -0.031325 -0.098674 -0.052657 0.291458 0.212913 0.034729 0.050935 1.000000 0.538830 -0.185517 0.067286 0.335528 -0.144442 0.152854 -0.193733 0.278497 0.139464 0.058097 -0.037604 0.372252 0.163194 0.157250 0.092996 0.293562 0.283348 0.095600 0.010352 -0.076500 -0.294884 -0.064350 -0.258154 0.425357 0.281824 0.155340 -0.126722 0.055372 0.121308 0.383850 0.124398 -0.141822 -0.100302 0.088105 -0.131072 0.364580 -0.145429 -0.049774 0.137368 0.409752 0.242392 0.351138 0.205543 0.436209 0.013326 0.221215 -0.083246 0.453626 0.107652 0.176008 0.286120 -0.085149 -0.257653 0.071766 -0.133362 -0.079918 -0.418901 -0.209297 -0.579842 -0.392049 -0.480575 -0.168283 -0.160005 0.169405 -0.288172 0.039840 -0.343876 -0.194076 -0.355093 -0.143557 -0.324078 -0.106661 -0.192187 0.111901 -0.075188 -0.111853 -0.131443 -0.197583 -0.388427 -0.367187 -0.266718 -0.287824 -0.206502
0.153021 0.236605 0.132589 0.184157 -0.382669 -0.173941 0.186346 0.207160 -0.150231 -0.100193 0.083060 0.393432 -0.028061 0.359079 0.089076 0.069182 0.271926 0.262086 0.395109 0.255311 0.253683 0.337439 0.025512 0.203399 -0.136729 0.177578 -0.123213 0.103294 0.433429 0.284890 0.540879 0.581770 0.538830 1.000000 -0.078428 0.260954 0.372790 -0.047071 0.099711 -0.154557 0.371824 0.163615 -0.093023 -0.078414 0.027586 0.149376 -0.026529 -0.067388 -0.215621 -0.223394 -0.329978 -0.447071 -0.381447 -0.474775 0.009443 -0.307085 0.062313 -0.045361 -0.268684 -0.473929 -0.024689 -0.175379 0.195758 -0.068947 0.200833 -0.171539 -0.315701 -0.083011 0.267538 -0.138582 0.188947 0.571082 0.441883 0.426841 0.498981 0.414434 0.362118 0.176483 0.268742 -0.023460 0.335502 0.185202 0.313071 0.275297 0.297875 0.057131 0.114944 0.017345 0.148653 -0.303737 -0.432597 -0.645542 -0.347824 -0.551349 -0.162107 0.199077 0.061726 -0.135288 -0.219733 -0.478320 -0.429746 -0.572864 -0.382027 -0.442604 -0.311191 -0.304063 -0.007045 -0.019362 -0.034671 0.000623 0.038031 -0.385973 -0.347279 -0.217785 -0.018985 -0.412418
-0.371739 -0.303737 -0.028109 -0.160548 -0.122502 -0.012539 -0.143510 -0.065332 -0.060672 0.029233 -0.371594 -0.096305 -0.218204 -0.202224 -0.229747 -0.337864 -0.352127 -0.291596 -0.431211 -0.219210 0.080345 -0.057628 0.003963 0.015606 -0.156418 0.211108 0.045866 0.074980 -0.288998 -0.185124 -0.007062 0.027999 -0.185517 -0.078428 1.000000 0.323805 -0.079061 0.130402 -0.083003 0.175786 -0.030904 -0.078725 -0.005813 0.076212 -0.191831 0.136325 -0.049441 -0.066537 -0.228524 -0.238078 0.074903 -0.019584 0.113372 0.175281 0.117097 -0.025084 -0.274762 -0.092413 -0.132948 0.025970 -0.276883 -0.047614 -0.286427 -0.151473 -0.023396 0.280993 0.061060 0.352094 -0.163703 0.005225 -0.156815 -0.014832 -0.281720 -0.206349 -0.146951 -0.009244 -0.139411 0.153072 -0.173779 -0.231652 -0.282857 -0.098253 -0.245726 -0.386899 -0.052917 0.243281 0.111050 -0.124606 -0.097255 0.111108 0.240099 0.228721 0.326491 0.189527 0.087812 0.235235 0.296532 0.296657 0.102799 0.248876 0.143179 0.030861 0.202809 0.161326 0.198863 0.160003 0.115634 -0.196931 0.222590 0.301799 0.316794 0.467129 0.319360 0.300918 0.223339 0.161699
-0.227971 -0.112998 0.005095 -0.057225 -0.109693 -0.117575 -0.107068 -0.004147 -0.046177 -0.048884 -0.150793 0.082297 -0.029971 -0.110217 -0.135171 -0.212263 -0.170025 -0.154839 -0.015471 -0.122826 0.017894 0.134796 -0.168955 0.056573 -0.214019 0.004639 -0.031524 0.047198 -0.279859 -0.084929 0.008499 0.030323 0.067286 0.260954 0.323805 1.000000 0.109211 0.060661 -0.007830 0.021552 0.107163 0.140546 -0.079252 -0.053707 -0.159004 0.110939 -0.162197 0.100008 -0.273082 -0.259316 -0.131191 -0.110725 0.041088 -0.042477 0.320365 0.027795 -0.167601 -0.010822 0.032269 0.000653 0.048801 0.216264 -0.136643 -0.194645 0.059948 0.381880 0.033657 0.440765 -0.041735 0.126655 -0.208599 -0.059920 -0.117745 -0.057895 0.214982 0.072756 -0.077050 0.019459 -0.153838 -0.162567 -0.129631 -0.141303 -0.003984 -0.133476 -0.010574 0.063260 0.040255 -0.116524 0.194043 0.285322 0.051024 0.057880 0.092605 0.101222 0.022974 0.145220 0.232567 0.081262 0.078638 0.135259 0.197442 -0.021843 0.213041 0.005190 0.001836 -0.092225 0.234772 -0.243719 0.146238 0.097280 0.388573 0.241837 0.182140 0.127976 0.107142 -0.214117
