1.000000 0.439305 0.122586 -0.078519 -0.200709 -0.058098 0.001990 -0.108993 -0.147186 -0.204776 0.124322 -0.153810 0.044329 -0.155467 0.095462 -0.020255 0.011807 -0.202396 0.224942 0.388574 0.027352 -0.039716 0.091211 0.036101 0.008888 -0.061122 0.183097 0.202803 -0.171740 -0.175478 -0.187217 -0.089351 0.160799 0.022517 -0.178363 -0.375251 -0.103734 0.298229 0.161031 0.207034 0.079487 0.344433 -0.263066 -0.279296 -0.424174 -0.384929 -0.224919 -0.289664 -0.312106 -0.398262 -0.270841 -0.378498 0.076827 -0.220779 -0.069366 -0.261432 0.567957 0.378604 0.335893 0.122026 0.259275 0.143311 0.121484 0.161224 0.007419 -0.322166 0.130796 0.013005 0.208104 0.178497 0.011429 -0.134463 -0.101940 0.073103 0.206248 0.161825 -0.030883 0.160081 -0.203276 -0.162747 -0.101407 0.089357 0.197011 0.240300 0.061387 -0.040356 0.165620 0.194325 0.165058 0.127792 0.018722 0.163374 -0.159645 -0.147950 0.297087 0.113243 -0.299717 0.155173 -0.272241 -0.262717 -0.264173 0.028285 0.039668 -0.080351 -0.248506 -0.024376 0.069205 0.089960 0.181356 0.289917 -0.047510 -0.036599 -0.206492 -0.190245 -0.069483 -0.042135
0.439305 1.000000 0.042908 0.100252 -0.137825 -0.091585 -0.089465 0.102250 -0.095879 -0.115300 0.050673 0.134313 -0.024316 0.242906 -0.075761 -0.116810 -0.242400 -0.118170 0.018351 0.231350 -0.139031 -0.248500 0.039243 0.001142 -0.107627 -0.172205 0.110433 0.123366 -0.322607 -0.145606 -0.178836 -0.211106 0.115535 -0.119934 -0.142354 -0.345001 -0.245465 0.245421 -0.092975 -0.068853 -0.051038 0.158905 0.029163 0.077453 -0.099383 -0.169850 0.094082 0.007667 0.157137 0.053683 0.177657 0.130226 0.244481 -0.022364 0.055781 -0.138617 0.218578 0.432898 0.342558 0.301340 0.159149 0.404965 -0.192271 0.247410 -0.201946 0.026912 0.137622 0.139463 0.094904 0.233614 -0.055776 -0.111312 -0.221865 0.001179 0.013002 -0.016993 -0.083871 0.023382 -0.344087 -0.186849 -0.239482 -0.081816 -0.022569 -0.052656 0.055665 -0.129829 -0.038869 -0.091000 0.033438 -0.044779 -0.014494 -0.077498 -0.237158 -0.255253 0.142377 0.112187 -0.039339 0.128232 -0.062156 -0.283091 -0.081746 -0.003779 0.038044 -0.166052 -0.059211 -0.127807 0.188990 -0.041565 0.183852 0.131188 -0.087601 -0.062327 -0.265355 -0.296816 -0.253343 -0.091657
0.122586 0.042908 1.000000 -0.086331 0.243407 -0.052022 0.687191 0.174436 0.295629 0.064152 -0.009971 -0.149537 0.059393 0.004963 -0.058371 -0.073835 -0.113021 -0.213015 0.404323 0.147053 -0.251298 -0.324626 0.202590 -0.152905 -0.078244 -0.280444 -0.034510 -0.032598 -0.049051 -0.094842 -0.042397 -0.068133 -0.015740 0.176310 0.227536 -0.008161 -0.213825 0.023433 -0.190512 -0.201826 -0.292793 0.028921 0.128397 0.084194 0.229356 0.154292 0.114329 0.161007 -0.015962 0.080155 0.251585 -0.097100 0.018560 -0.096906 -0.202025 -0.220606 -0.145967 0.049100 0.063110 0.214772 -0.015693 0.001642 0.005338 -0.100328 -0.015103 -0.000760 0.334786 0.304846 0.078911 0.277749 -0.071493 -0.175692 -0.062325 -0.116361 -0.154881 -0.253760 -0.207445 -0.146571 -0.165505 -0.248340 -0.074611 -0.088311 0.125491 0.084411 -0.039558 -0.323979 -0.069184 -0.286245 -0.131215 -0.286261 0.059863 0.015375 -0.245327 -0.085353 0.161435 0.225083 0.180809 0.119875 0.013403 -0.237625 -0.014898 -0.115898 -0.091982 -0.266917 -0.043670 -0.283326 -0.006454 -0.199696 0.307258 0.190980 0.179043 -0.011794 -0.227272 -0.269397 -0.345252 0.012091
-0.078519 0.100252 -0.086331 1.000000 0.163780 0.468769 0.042351 0.687852 0.034349 0.303360 -0.204914 0.396363 -0.288196 0.116619 -0.121734 0.395513 -0.158836 -0.090783 -0.168766 -0.163884 0.113857 0.122807 0.181467 0.561132 0.361746 0.412248 0.075772 0.120078 -0.242589 -0.085887 0.271244 0.157042 -0.212286 -0.223289 -0.166066 0.123870 -0.214533 -0.128248 -0.271310 0.034222 -0.154442 -0.211580 -0.078186 0.035383 -0.028524 0.056181 -0.143971 -0.098971 0.083357 0.066767 -0.104490 0.089446 -0.153572 0.022001 -0.217122 -0.115741 -0.029863 -0.303357 -0.243730 -0.277297 -0.029552 -0.021077 -0.106153 -0.008187 0.269805 0.350478 -0.477059 0.024438 -0.269888 -0.289189 -0.040539 0.191372 -0.288389 -0.253549 -0.332791 -0.075049 -0.341949 -0.062733 -0.063501 -0.107037 -0.139440 -0.320348 -0.256533 0.139487 -0.080905 0.166200 0.129636 0.070137 0.181653 0.231711 0.049781 -0.147271 0.253303 -0.213175 -0.150713 -0.106209 -0.182355 -0.170449 -0.098459 -0.114809 -0.082981 0.109192 0.057455 -0.179957 -0.034202 -0.131547 0.007046 -0.121430 -0.152209 -0.192921 -0.268088 -0.120540 -0.017972 -0.088645 0.032380 -0.103141
-0.200709 -0.137825 0.243407 0.163780 1.000000 0.421340 0.188389 0.255666 0.587930 0.422027 0.034655 -0.036659 0.032179 0.029250 0.283224 0.432150 -0.149393 -0.180444 0.070194 0.040297 0.125702 -0.048742 0.076013 0.040794 0.199545 0.041478 0.401465 0.261304 0.018978 0.003809 -0.134993 -0.150876 -0.387493 -0.114185 0.226435 0.382085 0.055766 -0.006254 -0.100416 -0.221771 -0.132484 -0.140062 -0.160591 -0.177607 0.038186 0.146335 -0.143879 -0.086773 0.020952 -0.005498 0.062385 -0.077613 -0.016095 -0.134408 -0.038936 -0.252163 -0.373473 -0.144942 -0.041542 -0.050011 -0.091023 -0.163739 -0.097968 -0.230270 0.175410 0.190352 -0.043214 0.039937 0.114759 0.163922 0.034629 0.061934 -0.058164 -0.072734 -0.109467 -0.161969 -0.038856 0.165106 -0.019592 -0.024314 0.088145 0.043035 -0.037966 0.096875 0.091930 -0.000571 -0.329719 -0.352190 0.079961 -0.144604 0.124404 -0.048320 -0.023102 0.057335 -0.120797 -0.049194 0.083157 -0.166319 -0.029794 -0.079465 0.158287 -0.289658 0.026667 -0.209061 0.107646 -0.078373 0.017482 -0.065447 0.108558 0.007280 -0.065143 -0.008688 -0.156999 -0.071804 -0.203326 0.047738
-0.058098 -0.091585 -0.052022 0.468769 0.421340 1.000000 -0.073378 0.178150 0.115736 0.004337 -0.307951 0.020396 -0.174562 -0.210212 0.169477 0.383773 -0.279319 -0.308538 -0.150385 0.028440 0.300477 0.157795 0.339890 0.576104 0.453327 0.448952 0.372865 0.563759 -0.352897 -0.314561 0.022120 -0.169446 -0.179517 -0.224403 0.181232 0.132761 0.006944 -0.058555 0.035555 0.038642 0.041254 -0.207401 -0.166353 -0.178151 -0.207634 -0.106043 -0.203556 -0.180322 0.025217 -0.121610 -0.050025 -0.014483 0.004680 -0.007674 0.181267 -0.145441 0.005794 -0.022461 -0.288579 -0.104690 -0.405246 -0.218908 -0.179101 -0.228239 0.341532 0.056360 -0.276074 0.047891 0.035183 0.090578 -0.129718 0.038708 -0.308499 -0.182390 -0.215603 -0.111329 -0.262961 0.052623 -0.115387 -0.129800 -0.061950 -0.170937 -0.105957 0.069389 0.271076 0.282187 0.081507 0.031406 0.260558 0.214152 0.230628 -0.006278 0.198871 0.002499 -0.064764 -0.063511 -0.142023 -0.144877 -0.085223 -0.091378 -0.063417 -0.104118 -0.142816 -0.139943 0.158673 0.085984 0.183967 0.131587 -0.067313 -0.147333 -0.166751 -0.130575 -0.010058 -0.058313 0.047774 -0.026023
0.001990 -0.089465 0.687191 0.042351 0.188389 -0.073378 1.000000 0.313836 0.248182 0.294114 0.013438 0.029773 -0.085267 0.092974 -0.228493 -0.036688 0.018501 -0.100960 0.355338 0.008109 -0.216595 -0.290623 -0.032327 -0.122648 -0.009641 -0.280988 -0.354049 -0.404905 0.169040 0.173140 0.223955 0.250987 0.082548 0.341251 -0.047671 -0.020962 -0.276614 -0.143411 -0.341855 -0.116023 -0.408884 -0.060549 0.106071 0.029148 0.361916 0.333220 0.066990 0.102014 -0.043697 0.229842 -0.034570 -0.078432 -0.072654 0.080398 -0.441327 -0.119792 -0.205282 -0.222793 0.003546 0.026187 0.182363 0.041767 0.261332 -0.019600 -0.018320 -0.010165 0.138226 0.129042 -0.110674 -0.003496 0.095716 -0.020785 0.115575 -0.083391 -0.093281 -0.171437 -0.225644 -0.114117 -0.174341 -0.277869 -0.084484 -0.227810 0.104111 0.269615 -0.368351 -0.396355 0.029786 -0.164774 -0.288121 -0.170959 0.080049 0.144413 -0.064743 -0.063150 0.058960 0.171346 -0.004458 0.006087 0.132254 -0.081233 -0.068883 0.076403 0.102387 -0.130470 -0.091324 -0.167156 -0.077936 -0.159472 0.190663 0.052145 -0.011371 -0.007511 -0.073672 -0.123401 -0.135480 -0.025081
-0.108993 0.102250 0.174436 0.687852 0.255666 0.178150 0.313836 1.000000 0.202704 0.584272 -0.205931 0.338911 -0.342504 0.318325 -0.351123 0.266438 -0.101959 -0.034165 -0.062542 -0.155083 -0.084393 -0.231069 -0.160002 0.225936 0.119794 0.090460 -0.193632 -0.213069 -0.146462 0.059496 0.125430 0.055995 -0.231968 -0.000423 -0.129604 0.175363 -0.199048 -0.162483 -0.450155 -0.166478 -0.409867 -0.230677 -0.042353 0.106113 0.133463 0.281173 -0.086246 0.076964 0.110981 0.301831 0.060986 0.181735 -0.073632 0.083123 -0.400409 -0.134257 -0.139591 -0.365522 -0.101113 -0.065649 0.025251 0.122317 0.105995 0.108478 0.017081 0.509554 -0.187527 0.189603 -0.176748 -0.129376 -0.029246 0.188986 -0.215665 -0.305400 -0.331491 -0.276029 -0.351278 -0.025493 -0.085270 -0.155194 -0.092457 -0.295833 -0.276288 0.175729 -0.271861 -0.037659 0.031111 -0.179378 -0.127211 0.035263 0.212007 -0.048072 0.179423 -0.209649 -0.154949 -0.044936 -0.062338 -0.130497 0.052319 -0.143129 0.095254 0.009879 0.285675 -0.337518 0.009579 -0.307935 0.067620 -0.246121 0.029515 -0.080406 -0.192070 -0.014942 -0.111710 -0.149193 -0.136387 -0.216226
-0.147186 -0.095879 0.295629 0.034349 0.587930 0.115736 0.248182 0.202704 1.000000 0.573725 0.214023 -0.106254 0.191492 0.233668 0.314591 0.368997 -0.048856 -0.114772 0.297566 0.007788 -0.337130 -0.399297 -0.226002 -0.225252 -0.069012 -0.177138 0.017698 -0.107867 0.139710 0.060977 -0.288759 -0.181595 -0.379325 -0.013135 0.115298 0.189656 -0.104517 -0.054283 -0.189156 -0.404659 -0.260981 -0.216450 0.069192 -0.028344 0.209985 0.135977 0.126807 0.184117 0.186976 0.205082 0.176287 0.058911 0.274877 -0.059426 -0.053057 -0.208803 -0.263644 -0.104917 0.228967 0.108095 0.109474 0.001207 0.065624 -0.031130 -0.016792 0.131785 0.236050 -0.096497 0.345863 0.179970 -0.062899 -0.001893 0.075403 -0.077135 -0.107282 -0.362934 -0.179738 0.009787 0.071284 -0.041910 0.133427 0.044855 -0.129925 0.056297 -0.091820 -0.299354 -0.493393 -0.493582 -0.077339 -0.320850 0.150481 -0.067360 -0.135653 0.021171 -0.219210 0.048812 0.400674 -0.109653 0.212310 -0.009260 0.294497 -0.362859 0.125237 -0.269746 0.225306 -0.190845 0.061230 -0.116714 0.170564 0.019043 -0.028906 0.070986 -0.219190 -0.116471 -0.295672 0.092565
-0.204776 -0.115300 0.064152 0.303360 0.422027 0.004337 0.294114 0.584272 0.573725 1.000000 0.012608 0.070066 -0.107128 0.231661 -0.095049 0.445605 0.065629 0.085002 0.194618 -0.112578 -0.151315 -0.236906 -0.385998 -0.217381 -0.028791 -0.064195 -0.143832 -0.380199 0.260576 0.336253 -0.002343 0.115663 -0.301918 0.079724 -0.126239 0.241041 -0.116377 -0.181375 -0.311739 -0.263959 -0.345914 -0.175034 -0.002854 -0.015287 0.252034 0.275773 -0.070003 0.011674 0.137316 0.285243 -0.036975 0.114953 0.120841 0.138555 -0.301967 -0.152308 -0.233890 -0.309878 0.019387 -0.086252 0.180532 0.125742 0.208358 0.132424 -0.135192 0.239224 -0.021500 -0.148125 0.104321 -0.088582 0.074249 0.188421 0.127804 -0.107336 -0.118595 -0.190048 -0.177074 0.048848 0.106169 0.016308 0.132334 -0.060106 -0.203896 0.234113 -0.346964 -0.334341 -0.262235 -0.390783 -0.183584 -0.096460 0.222021 0.044499 0.142070 -0.029121 -0.280211 -0.077112 0.039377 -0.222635 0.164376 0.049766 0.185961 -0.082668 0.342970 -0.159049 0.091602 -0.241675 -0.010022 -0.089991 0.015497 -0.106363 -0.231452 0.060239 -0.056735 -0.028666 -0.096949 -0.088734
0.124322 0.050673 -0.009971 -0.204914 0.034655 -0.307951 0.013438 -0.205931 0.214023 0.012608 1.000000 0.161751 0.755072 0.390573 0.428079 0.156177 0.493169 0.308523 0.149556 -0.103161 -0.227433 -0.075305 0.035294 -0.262159 -0.083328 -0.151952 -0.060020 -0.213217 0.458692 0.272910 0.060504 0.242157 0.145371 0.171927 -0.117052 -0.050315 -0.221019 -0.162857 -0.088841 -0.183783 -0.119504 -0.065994 -0.111329 -0.164611 0.096176 -0.172739 0.002951 -0.014832 -0.015256 -0.149786 -0.065430 -0.176045 -0.221845 -0.210269 -0.156170 0.048321 -0.173100 -0.010535 0.154297 -0.317735 0.284034 -0.208210 0.238318 0.098185 0.119528 -0.085280 -0.049571 -0.393107 -0.032145 -0.214937 0.166404 0.098325 0.444820 0.335045 0.352064 0.224627 0.176248 -0.045384 0.424175 0.283237 0.371696 0.270323 -0.048864 -0.122717 -0.035072 -0.215690 -0.181694 -0.114321 -0.134754 -0.306736 -0.362107 -0.215139 -0.303406 -0.023309 -0.205142 0.039430 0.283437 -0.061622 -0.100074 -0.038668 -0.103842 0.093613 -0.028017 0.089737 -0.245447 -0.209183 -0.312621 -0.260441 -0.010667 0.015080 -0.019199 -0.125060 -0.150542 0.086172 -0.034997 0.004792
-0.153810 0.134313 -0.149537 0.396363 -0.036659 0.020396 0.029773 0.338911 -0.106254 0.070066 0.161751 1.000000 -0.030262 0.649390 0.045006 0.108869 0.001503 0.272111 -0.331249 -0.352483 -0.145078 -0.074233 0.065641 0.359264 0.328686 0.221339 -0.204745 -0.307519 -0.094678 0.121848 0.220592 0.252318 -0.253239 -0.197907 -0.150611 0.040036 -0.263089 -0.293341 -0.495913 -0.202371 -0.358095 -0.310128 -0.052298 0.128987 0.190014 0.203301 -0.091297 0.077481 0.277319 0.225785 0.088467 0.210619 -0.188197 0.054666 -0.219762 0.010680 -0.152873 -0.443019 -0.006512 -0.361402 0.132553 0.084137 -0.019078 0.036219 0.377232 0.563056 -0.239609 0.005935 -0.335226 -0.373552 -0.058087 0.324413 -0.166337 -0.075524 -0.239876 0.109899 -0.140837 -0.108265 0.088612 -0.052158 -0.073317 -0.298549 -0.372588 0.056362 -0.102424 0.251290 0.141944 0.104739 -0.064516 0.014860 -0.181130 -0.227812 0.088264 -0.140858 -0.278061 -0.152181 -0.003295 -0.224555 -0.018782 -0.034923 -0.028924 0.171441 0.072995 -0.119059 -0.102450 -0.318661 -0.203639 -0.276926 -0.225087 -0.203549 -0.059462 -0.047110 -0.039140 -0.064183 0.002829 -0.226465
0.044329 -0.024316 0.059393 -0.288196 0.032179 -0.174562 -0.085267 -0.342504 0.191492 -0.107128 0.755072 -0.030262 1.000000 0.247242 0.506774 0.132305 0.325911 0.145157 0.082289 -0.104945 -0.169099 0.077135 0.300239 -0.213970 -0.132469 -0.091839 0.133892 0.095749 0.266313 -0.016090 -0.041737 0.124184 0.045848 0.100218 0.152119 0.088370 -0.196146 -0.224621 0.029703 -0.139348 -0.065009 -0.086784 -0.144786 -0.192326 0.030592 -0.221009 -0.039291 -0.058863 -0.010988 -0.190768 0.029234 -0.160979 -0.171332 -0.195963 0.071897 -0.029790 -0.133266 0.209839 0.047590 -0.160673 0.029913 -0.225416 -0.008546 -0.019597 0.206645 -0.211468 -0.011209 -0.319141 0.146555 -0.028242 -0.013364 -0.032678 0.295512 0.205110 0.252527 0.097403 0.043766 -0.165287 0.329116 0.203798 0.330741 0.231722 0.132009 -0.232848 0.239695 -0.215775 -0.173605 -0.025221 0.067075 -0.255202 -0.192749 -0.192008 -0.318298 0.014070 -0.009138 0.091331 0.343850 0.001508 -0.067531 -0.072912 -0.078242 -0.010869 -0.057026 -0.002553 -0.102430 -0.167085 -0.153897 -0.196667 0.105806 0.110807 0.220417 -0.060376 -0.181413 0.018342 -0.069322 0.053603
-0.155467 0.242906 0.004963 0.116619 0.029250 -0.210212 0.092974 0.318325 0.233668 0.231661 0.390573 0.649390 0.247242 1.000000 -0.078880 0.147303 0.142152 0.282272 -0.141686 -0.305375 -0.428275 -0.391528 -0.201058 -0.084836 0.003133 -0.116777 -0.322704 -0.472034 0.080287 0.224687 0.010546 0.110574 -0.196371 0.006753 -0.170143 0.042291 -0.319775 -0.227844 -0.477597 -0.409016 -0.432958 -0.224077 0.101622 0.192375 0.377001 0.346610 0.114740 0.251419 0.272884 0.353021 0.193646 0.192271 0.025663 -0.079434 -0.203071 -0.061927 -0.137282 -0.217106 0.266912 -0.091065 0.268609 0.153344 0.164990 0.129960 -0.037214 0.494842 0.109398 0.055678 -0.064709 -0.173565 -0.102894 0.113478 0.030612 0.027666 -0.051094 -0.116705 -0.137215 -0.104816 0.149406 -0.013030 0.067391 -0.134864 -0.454215 -0.059201 -0.264769 -0.147508 -0.139973 -0.221961 -0.284773 -0.276818 -0.101196 -0.296084 -0.105854 -0.206362 -0.278169 0.035594 0.303531 -0.128019 0.123758 -0.062536 0.176549 0.058599 0.224234 -0.168144 0.024778 -0.374977 -0.136424 -0.380232 -0.019270 -0.099488 0.002372 0.003851 -0.173887 -0.088489 -0.185333 -0.142368
0.095462 -0.075761 -0.058371 -0.121734 0.283224 0.169477 -0.228493 -0.351123 0.314591 -0.095049 0.428079 0.045006 0.506774 -0.078880 1.000000 0.322843 0.013091 -0.015228 0.093901 0.143288 -0.017854 0.092634 0.328790 0.172023 0.166443 0.235169 0.402575 0.335502 0.114306 -0.034972 -0.077829 0.049160 -0.255752 -0.145385 0.170982 0.081570 0.048499 0.027796 0.159703 -0.166609 0.078286 -0.069503 -0.161784 -0.205787 -0.155229 -0.310241 -0.076699 -0.081158 0.035721 -0.260904 -0.047345 -0.136335 -0.006616 -0.209633 0.121988 -0.118736 -0.187690 0.118849 -0.080316 -0.172261 -0.164889 -0.342990 -0.156423 -0.124927 0.361782 -0.255458 -0.141895 -0.362545 0.201392 0.096060 0.014876 0.124236 0.104144 0.206278 0.193656 0.139250 0.113610 0.143610 0.231145 0.222388 0.224859 0.240613 0.226816 0.087702 0.403296 0.193499 -0.339729 -0.078155 0.162209 -0.236968 -0.190003 -0.245212 -0.291709 -0.021975 -0.138331 -0.003974 0.267938 -0.057672 -0.126903 -0.097972 -0.047368 -0.365524 -0.163958 -0.187226 0.017454 -0.110080 -0.190759 -0.153260 0.062359 0.106352 0.075899 -0.047539 -0.275788 -0.142311 -0.185219 0.122136
-0.020255 -0.116810 -0.073835 0.395513 0.432150 0.383773 -0.036688 0.266438 0.368997 0.445605 0.156177 0.108869 0.132305 0.147303 0.322843 1.000000 -0.056129 -0.151617 0.120876 0.081145 0.000619 -0.041280 -0.052611 0.191733 0.063707 0.088350 0.219459 0.114595 0.066962 0.099351 -0.129867 -0.070839 -0.301715 -0.166849 -0.074038 0.097565 -0.014836 0.082418 0.019643 -0.100501 0.013369 -0.000571 -0.056624 -0.090228 -0.049575 0.062910 -0.118975 -0.125090 0.032659 -0.032391 -0.141393 -0.001667 0.005942 -0.074361 0.005082 -0.182203 -0.172408 -0.208659 -0.140214 -0.178345 -0.100464 -0.146113 -0.062913 -0.184729 0.113104 0.027067 -0.270412 -0.157039 0.078953 0.035646 -0.016409 0.069701 -0.037410 -0.056276 -0.038956 0.047219 -0.057714 0.107611 0.020988 0.023089 0.065082 -0.032851 -0.048122 0.376086 -0.019249 0.195238 -0.184641 -0.129739 0.133207 0.044075 0.109396 -0.097080 0.087253 -0.138338 -0.205300 -0.068337 -0.039403 -0.214385 -0.091890 -0.109649 -0.007609 -0.277252 -0.007630 -0.194281 0.138614 -0.077491 -0.066608 -0.120168 -0.086073 -0.102137 -0.259343 -0.018189 -0.088658 -0.067155 -0.073693 0.003728
0.011807 -0.242400 -0.113021 -0.158836 -0.149393 -0.279319 0.018501 -0.101959 -0.048856 0.065629 0.493169 0.001503 0.325911 0.142152 0.013091 -0.056129 1.000000 0.676824 0.182973 -0.013945 -0.060847 0.119776 -0.057289 -0.259703 0.114304 0.097446 -0.280649 -0.318431 0.735913 0.527020 0.362034 0.449456 0.307230 0.418070 -0.102469 0.001281 0.017870 -0.314095 -0.119586 -0.208568 0.043447 -0.002198 -0.222653 -0.291117 0.071380 -0.184999 -0.201492 -0.226589 -0.228907 -0.261725 -0.249177 -0.303082 -0.255900 -0.226412 -0.442150 -0.183231 0.135595 -0.060734 -0.211372 -0.421659 0.137639 -0.250499 0.641479 0.443230 0.085366 -0.050812 -0.182716 -0.402700 0.053516 -0.369214 0.393409 0.328368 0.752141 0.576844 0.577657 0.272605 0.382220 0.084903 0.672130 0.563924 0.734330 0.570592 -0.117510 -0.135315 -0.089730 -0.205163 -0.044294 -0.050337 -0.347773 -0.305808 -0.361240 -0.220451 -0.197767 -0.113315 -0.344946 -0.158531 0.008265 -0.354720 -0.228188 -0.045830 -0.349878 0.281945 0.002847 0.106590 -0.266071 -0.210133 -0.343197 -0.278220 -0.181234 -0.155940 -0.197764 -0.291639 -0.075362 0.164465 0.097482 -0.173783
-0.202396 -0.118170 -0.213015 -0.090783 -0.180444 -0.308538 -0.100960 -0.034165 -0.114772 0.085002 0.308523 0.272111 0.145157 0.282272 -0.015228 -0.151617 0.676824 1.000000 -0.023926 -0.275539 -0.053186 0.059747 -0.104498 -0.142364 0.129630 0.176496 -0.249120 -0.373573 0.523332 0.572111 0.326517 0.375757 0.086983 0.141308 -0.111240 0.017085 0.027951 -0.289725 -0.195000 -0.265014 -0.086089 -0.151845 -0.148149 -0.030352 0.143906 -0.127404 -0.172907 -0.116529 0.101110 -0.027772 -0.030253 0.066069 -0.015232 -0.120628 -0.288566 -0.168585 -0.026458 -0.108131 -0.055992 -0.244872 0.142614 0.007396 0.380823 0.564079 0.055025 0.206483 -0.144518 -0.324949 -0.036007 -0.359221 0.304461 0.371919 0.479672 0.444545 0.244336 0.190360 0.302931 -0.062758 0.557111 0.595010 0.508552 0.439606 -0.263905 -0.222266 -0.034123 -0.140533 -0.040268 -0.103215 -0.291267 -0.255352 -0.379476 -0.394243 -0.125211 -0.134038 -0.416455 -0.191027 0.038606 -0.398599 -0.243817 -0.084020 -0.165014 0.196325 0.027180 0.056432 -0.090578 -0.295236 -0.143712 -0.307235 -0.306447 -0.199109 -0.221971 -0.340592 -0.086295 0.090692 -0.036034 -0.282821
0.224942 0.018351 0.404323 -0.168766 0.070194 -0.150385 0.355338 -0.062542 0.297566 0.194618 0.149556 -0.331249 0.082289 -0.141686 0.093901 0.120876 0.182973 -0.023926 1.000000 0.634447 -0.217214 -0.321338 -0.185830 -0.291206 -0.252243 -0.349343 -0.151254 -0.109452 0.479329 0.358411 -0.077509 0.039030 0.145595 0.317384 0.019282 -0.147870 0.122075 0.189137 0.122119 -0.188914 0.165782 0.257868 0.044005 -0.167052 -0.087444 -0.208454 0.056513 -0.106746 -0.291335 -0.218624 -0.230645 -0.297927 0.132453 -0.202607 -0.164368 -0.331165 -0.057104 0.007851 0.144380 0.121093 0.218805 -0.052349 0.352752 0.105807 -0.263856 -0.402354 0.299641 -0.213071 0.480980 0.351939 0.107933 -0.161081 0.381212 0.127957 0.216896 -0.053259 0.125793 0.074663 0.024096 0.032443 0.245552 0.248007 0.365152 0.413839 -0.023231 -0.274203 -0.379815 -0.339056 -0.145160 -0.281184 -0.202970 -0.113426 -0.347396 -0.170119 -0.055482 0.180059 0.035031 -0.060907 -0.177077 -0.256713 -0.030164 -0.278928 -0.200472 -0.162811 0.161455 -0.110660 -0.058566 -0.110940 0.204099 0.175418 -0.255790 -0.090783 -0.268657 -0.228077 -0.320379 0.094009
0.388574 0.231350 0.147053 -0.163884 0.040297 0.028440 0.008109 -0.155083 0.007788 -0.112578 -0.103161 -0.352483 -0.104945 -0.305375 0.143288 0.081145 -0.013945 -0.275539 0.634447 1.000000 -0.048377 -0.180031 -0.081975 -0.042559 -0.228201 -0.211057 0.074332 0.272268 0.136916 0.075967 -0.151147 -0.102067 0.171831 0.246089 0.112965 -0.112431 0.105181 0.375318 0.287651 -0.032565 0.289777 0.345320 -0.060518 -0.283712 -0.352788 -0.241870 -0.038565 -0.258488 -0.357801 -0.350604 -0.265913 -0.298498 0.196999 -0.259433 -0.084905 -0.351065 0.219978 0.230456 0.072751 0.158352 0.007271 -0.059839 0.125176 -0.050424 -0.208441 -0.461150 0.181119 -0.017045 0.490829 0.576803 0.085290 -0.232419 0.051300 0.107960 0.229512 0.066566 0.139829 0.337690 -0.166036 -0.019600 0.059297 0.232885 0.405866 0.468288 0.064669 0.034885 -0.355460 -0.125617 -0.004265 -0.114382 -0.174600 -0.000584 -0.319610 -0.182443 0.120155 0.151451 -0.115527 0.100747 -0.243285 -0.237445 -0.053235 -0.334369 -0.245729 -0.135538 0.193000 0.160509 0.029559 0.095623 0.236730 0.303038 -0.182347 0.018431 -0.224068 -0.270732 -0.222839 0.166471
0.027352 -0.139031 -0.251298 0.113857 0.125702 0.300477 -0.216595 -0.084393 -0.337130 -0.151315 -0.227433 -0.145078 -0.169099 -0.428275 -0.017854 0.000619 -0.060847 -0.053186 -0.217214 -0.048377 1.000000 0.722030 0.287999 0.273813 0.333437 0.385081 0.373029 0.361062 -0.146677 -0.093774 0.324669 0.179039 0.023849 -0.141051 -0.023474 0.181591 0.400994 0.116039 0.307187 0.544342 0.516876 0.263041 -0.347313 -0.297269 -0.440689 -0.292397 -0.455857 -0.487953 -0.348024 -0.417192 -0.386772 -0.318539 -0.177675 0.146939 0.027621 0.052098 0.105584 0.027815 -0.215018 -0.161886 -0.028006 -0.094028 -0.200710 -0.099919 0.111717 -0.184010 -0.346107 -0.102937 -0.190791 -0.155016 0.352064 0.317464 -0.017422 0.107099 0.084907 0.509342 0.209749 0.188198 -0.142467 -0.034345 -0.089587 0.011652 0.227588 -0.074653 0.118299 0.361234 0.369694 0.463536 0.388981 0.470831 0.003119 0.071685 0.252001 0.079336 0.229071 -0.129781 -0.598392 -0.026884 -0.265997 -0.010087 -0.131262 0.205183 -0.000195 0.071484 -0.247406 0.142815 -0.031368 0.077397 -0.217096 -0.044853 -0.011416 0.034338 0.196259 0.089556 0.249457 -0.082844
-0.039716 -0.248500 -0.324626 0.122807 -0.048742 0.157795 -0.290623 -0.231069 -0.399297 -0.236906 -0.075305 -0.074233 0.077135 -0.391528 0.092634 -0.041280 0.119776 0.059747 -0.321338 -0.180031 0.722030 1.000000 0.446903 0.219492 0.302347 0.496534 0.349581 0.374610 -0.021714 -0.045306 0.437398 0.377022 0.040789 -0.134495 -0.040422 0.224707 0.282230 -0.060997 0.339789 0.540809 0.493015 0.197864 -0.325014 -0.242443 -0.277550 -0.296808 -0.357426 -0.363780 -0.295782 -0.439494 -0.337632 -0.337828 -0.351227 0.125200 0.036737 0.172596 0.119399 0.004986 -0.332958 -0.429270 -0.081183 -0.311885 -0.194746 -0.096178 0.271491 -0.208264 -0.495030 -0.260176 -0.241772 -0.286957 0.263470 0.361249 0.087526 0.245426 0.157850 0.512733 0.163336 -0.001344 0.136553 0.158846 0.081144 0.092563 0.176478 -0.218821 0.203633 0.295629 0.339021 0.546039 0.365759 0.386601 -0.124906 -0.027867 0.152308 0.042961 0.123675 -0.151733 -0.380279 -0.053532 -0.222176 0.063751 -0.295822 0.320986 -0.094156 0.164162 -0.287454 0.039714 -0.191476 -0.034202 -0.319231 -0.083203 0.117417 -0.010849 0.158057 0.147771 0.351509 -0.062826
0.091211 0.039243 0.202590 0.181467 0.076013 0.339890 -0.032327 -0.160002 -0.226002 -0.385998 0.035294 0.065641 0.300239 -0.201058 0.328790 -0.052611 -0.057289 -0.104498 -0.185830 -0.081975 0.287999 0.446903 1.000000 0.521315 0.500002 0.506267 0.425118 0.508530 -0.275849 -0.378438 0.358013 0.214912 0.025226 -0.110364 0.205389 0.011668 -0.091155 -0.169327 -0.004023 0.105841 0.069326 -0.061203 -0.197661 -0.172941 -0.188388 -0.347836 -0.187279 -0.206830 0.019875 -0.279708 0.017928 -0.135183 -0.204067 -0.036573 0.121803 -0.064808 0.000585 0.209968 -0.316109 -0.212557 -0.319914 -0.224928 -0.353519 -0.175687 0.503567 -0.145635 -0.339150 -0.098300 -0.087600 -0.072731 -0.036881 0.168165 -0.195167 0.062834 -0.015179 0.192699 -0.068992 -0.099852 0.038599 -0.053510 0.042112 -0.065050 0.164522 -0.246758 0.451069 0.079562 0.191116 0.190513 0.279520 0.026135 -0.017164 -0.126467 -0.113376 -0.105074 0.118948 0.008951 -0.056080 -0.009801 -0.167056 -0.169189 -0.316682 0.110930 -0.255086 -0.161858 -0.209046 -0.148744 -0.079952 -0.204390 0.004288 0.024410 0.173648 -0.194910 -0.113989 -0.145870 -0.051156 -0.007669
0.036101 0.001142 -0.152905 0.561132 0.040794 0.576104 -0.122648 0.225936 -0.225252 -0.217381 -0.262159 0.359264 -0.213970 -0.084836 0.172023 0.191733 -0.259703 -0.142364 -0.291206 -0.042559 0.273813 0.219492 0.521315 1.000000 0.652369 0.714924 0.243410 0.355792 -0.410128 -0.371910 0.338975 0.152688 -0.163712 -0.215840 -0.036854 -0.012492 -0.075261 -0.043938 -0.175908 0.140755 -0.030715 -0.171591 -0.239203 -0.142991 -0.295313 -0.206569 -0.296275 -0.245492 0.106054 -0.105252 -0.094582 0.058263 -0.161653 -0.031597 0.016720 -0.160809 -0.006120 -0.087047 -0.303172 -0.178533 -0.275616 -0.136989 -0.209429 -0.127212 0.476782 0.108571 -0.431259 0.078584 -0.182527 -0.085550 -0.118158 0.267571 -0.432628 -0.210090 -0.300489 0.091617 -0.237660 0.059453 -0.113764 -0.180640 -0.152850 -0.298832 -0.026455 0.168916 0.261489 0.445045 0.260014 0.244440 0.269940 0.229018 0.065712 -0.142003 0.122734 -0.179057 0.020592 -0.058107 -0.244562 -0.071051 -0.218158 -0.219511 -0.190380 -0.013386 -0.093244 -0.295772 0.005529 -0.053715 0.095241 -0.117576 -0.069299 -0.078641 -0.124737 -0.148005 -0.060100 -0.186019 -0.062067 -0.116627
0.008888 -0.107627 -0.078244 0.361746 0.199545 0.453327 -0.009641 0.119794 -0.069012 -0.028791 -0.083328 0.328686 -0.132469 0.003133 0.166443 0.063707 0.114304 0.129630 -0.252243 -0.228201 0.333437 0.302347 0.500002 0.652369 1.000000 0.760274 0.220736 0.113759 -0.154564 -0.120273 0.456865 0.294892 -0.100119 -0.107684 -0.124430 0.014779 0.020729 -0.259786 -0.231722 0.006271 0.006540 -0.135122 -0.387610 -0.264855 -0.224118 -0.207039 -0.425672 -0.317847 0.001278 -0.199301 -0.149020 -0.160011 -0.199371 -0.084678 -0.150179 -0.276441 0.092221 -0.009218 -0.251242 -0.260071 -0.080797 -0.155784 0.074631 0.141952 0.506589 0.122805 -0.340405 -0.116565 -0.135816 -0.278561 0.017121 0.450608 -0.057610 0.033674 -0.041013 0.230371 -0.097413 0.033558 0.161772 -0.009174 0.163687 -0.008897 -0.203314 0.024214 0.181125 0.229018 0.297222 0.172679 0.129408 0.088997 0.012750 -0.141135 0.090442 -0.134728 -0.132382 -0.138351 -0.267669 -0.233090 -0.236628 -0.175088 -0.297715 0.201683 0.034725 -0.165445 -0.221019 -0.262087 -0.134708 -0.281689 -0.084621 -0.189251 -0.082407 -0.172033 -0.071807 -0.077402 -0.028619 -0.212263
-0.061122 -0.172205 -0.280444 0.412248 0.041478 0.448952 -0.280988 0.090460 -0.177138 -0.064195 -0.151952 0.221339 -0.091839 -0.116777 0.235169 0.088350 0.097446 0.176496 -0.349343 -0.211057 0.385081 0.496534 0.506267 0.714924 0.760274 1.000000 0.318137 0.301797 -0.165268 -0.193015 0.491096 0.346399 -0.159454 -0.150811 -0.050609 0.147011 0.092335 -0.200896 -0.080483 0.066026 0.078719 -0.139320 -0.349809 -0.234627 -0.246410 -0.267877 -0.373558 -0.283158 0.031884 -0.254550 -0.121915 -0.069299 -0.236127 -0.057224 -0.082905 -0.195027 0.044065 -0.028137 -0.415127 -0.382560 -0.275111 -0.292655 -0.052106 0.069536 0.501434 0.112201 -0.486017 -0.110328 -0.090854 -0.220226 0.037944 0.477719 -0.160164 0.048841 -0.091224 0.167296 -0.054095 0.074297 0.274060 0.116264 0.221125 0.024496 -0.147556 -0.059488 0.327926 0.353299 0.160646 0.202195 0.171403 0.075368 -0.000104 -0.194577 0.099869 -0.120014 -0.161136 -0.195903 -0.198168 -0.214807 -0.291353 -0.132521 -0.273350 0.111206 -0.031367 -0.162703 -0.117226 -0.160178 -0.071950 -0.230675 -0.204845 -0.152809 -0.050274 -0.201088 -0.058104 -0.061450 0.040285 -0.188277
0.183097 0.110433 -0.034510 0.075772 0.401465 0.372865 -0.354049 -0.193632 0.017698 -0.143832 -0.060020 -0.204745 0.133892 -0.322704 0.402575 0.219459 -0.280649 -0.249120 -0.151254 0.074332 0.373029 0.349581 0.425118 0.243410 0.220736 0.318137 1.000000 0.775807 -0.315103 -0.400316 -0.161463 -0.241156 -0.262176 -0.442237 0.007056 0.134304 0.165611 0.170490 0.342829 0.178733 0.300795 0.168077 -0.193520 -0.133961 -0.338781 -0.252459 -0.233875 -0.235217 -0.099670 -0.330406 0.021972 -0.136726 -0.037298 -0.092594 0.352169 -0.132314 0.009145 0.297177 -0.067007 0.032182 -0.241508 -0.200209 -0.437180 -0.232539 0.171628 -0.180138 -0.193546 0.042481 0.153867 0.158582 -0.103410 -0.116745 -0.279926 -0.039483 -0.039583 0.067331 0.037128 0.022266 -0.092366 -0.014714 -0.083588 0.075231 0.145074 -0.105679 0.449809 0.198138 0.017461 0.091193 0.543673 0.193045 0.109438 -0.003193 0.053869 0.070357 0.103254 -0.067388 -0.172099 -0.022096 -0.191645 -0.089018 -0.115525 -0.167577 -0.134499 0.036300 0.011111 0.121303 0.049615 0.113104 -0.038071 0.010783 0.063983 0.079494 -0.068715 -0.011599 0.010379 0.125091
0.202803 0.123366 -0.032598 0.120078 0.261304 0.563759 -0.404905 -0.213069 -0.107867 -0.380199 -0.213217 -0.307519 0.095749 -0.472034 0.335502 0.114595 -0.318431 -0.373573 -0.109452 0.272268 0.361062 0.374610 0.508530 0.355792 0.113759 0.301797 0.775807 1.000000 -0.409471 -0.488940 -0.134080 -0.285555 -0.087617 -0.307386 0.257064 0.092765 0.158913 0.246967 0.388800 0.252609 0.362515 0.170710 -0.216684 -0.203987 -0.432438 -0.360312 -0.136660 -0.211358 -0.195944 -0.431732 -0.025373 -0.193995 -0.018520 -0.122763 0.376968 -0.133503 0.109516 0.369233 -0.176562 0.046266 -0.440798 -0.240584 -0.414967 -0.262519 0.265520 -0.223769 -0.190536 0.111894 0.201335 0.285832 -0.125026 -0.176932 -0.345645 -0.030351 -0.044500 0.023050 -0.042471 0.058248 -0.157342 -0.041544 -0.091001 0.095339 0.243850 -0.080593 0.554174 0.295806 -0.012906 0.126310 0.493057 0.186406 0.055460 -0.068470 -0.081721 -0.015885 0.263383 0.051741 -0.088742 0.106100 -0.235199 -0.187108 -0.151598 -0.214073 -0.325134 -0.075764 0.146251 0.204959 0.151222 0.153379 0.047299 0.137590 0.108808 0.009664 -0.101162 -0.120876 -0.022353 0.109001
-0.171740 -0.322607 -0.049051 -0.242589 0.018978 -0.352897 0.169040 -0.146462 0.139710 0.260576 0.458692 -0.094678 0.266313 0.080287 0.114306 0.066962 0.735913 0.523332 0.479329 0.136916 -0.146677 -0.021714 -0.275849 -0.410128 -0.154564 -0.165268 -0.315103 -0.409471 1.000000 0.723944 0.291615 0.472096 0.226174 0.483890 -0.054879 0.066998 0.101828 -0.173923 -0.068048 -0.266604 0.053964 -0.026995 -0.053855 -0.220436 0.240888 -0.018003 -0.046442 -0.121337 -0.201119 -0.121972 -0.317156 -0.261414 -0.193134 -0.230652 -0.376052 -0.136276 -0.149908 -0.225561 -0.107677 -0.340001 0.197224 -0.281330 0.593985 0.238837 -0.120345 -0.185648 -0.058528 -0.445362 0.129919 -0.199553 0.334195 0.166640 0.850470 0.467674 0.504633 0.157152 0.385773 0.057801 0.593404 0.521599 0.692773 0.525398 0.129285 0.124294 -0.134800 -0.289588 -0.332365 -0.274907 -0.440519 -0.434293 -0.410716 -0.252414 -0.227114 -0.054343 -0.359762 0.003283 0.158893 -0.277496 -0.154521 -0.018490 -0.192069 0.067331 -0.055633 0.116768 -0.059196 -0.111895 -0.347484 -0.198986 -0.079189 -0.098408 -0.284991 -0.224360 -0.104979 0.107048 -0.016230 -0.032040
-0.175478 -0.145606 -0.094842 -0.085887 0.003809 -0.314561 0.173140 0.059496 0.060977 0.336253 0.272910 0.121848 -0.016090 0.224687 -0.034972 0.099351 0.527020 0.572111 0.358411 0.075967 -0.093774 -0.045306 -0.378438 -0.371910 -0.120273 -0.193015 -0.400316 -0.488940 0.723944 1.000000 0.270244 0.379880 0.064105 0.281799 -0.154962 0.058976 0.162446 -0.062413 -0.033896 -0.233775 0.051550 0.057451 0.054212 0.017993 0.243583 0.129327 0.008405 -0.067724 -0.119454 0.011007 -0.315802 -0.100054 -0.027774 -0.024325 -0.395494 -0.074391 -0.111409 -0.311004 -0.020477 -0.240443 0.230724 -0.013913 0.461036 0.365998 -0.225486 0.024407 -0.128555 -0.441040 -0.032258 -0.267190 0.401841 0.257008 0.682086 0.557118 0.444121 0.299913 0.323646 0.126400 0.393779 0.514025 0.417106 0.370387 -0.066467 0.144759 -0.287319 -0.141384 -0.188451 -0.212654 -0.427265 -0.207816 -0.429248 -0.332346 -0.114333 -0.143758 -0.452928 -0.033999 -0.015398 -0.322608 -0.105480 -0.044338 -0.096745 0.086517 0.048831 0.064008 -0.104912 -0.271676 -0.312873 -0.284194 -0.202854 -0.223457 -0.357629 -0.137195 -0.014262 0.035562 -0.015221 -0.170781
-0.187217 -0.178836 -0.042397 0.271244 -0.134993 0.022120 0.223955 0.125430 -0.288759 -0.002343 0.060504 0.220592 -0.041737 0.010546 -0.077829 -0.129867 0.362034 0.326517 -0.077509 -0.151147 0.324669 0.437398 0.358013 0.338975 0.456865 0.491096 -0.161463 -0.134080 0.291615 0.270244 1.000000 0.850625 0.223567 0.313397 -0.164223 0.100275 0.011454 -0.261170 -0.225090 0.094809 0.060810 0.000248 -0.204477 -0.160577 0.112852 -0.033049 -0.242039 -0.218053 -0.156156 -0.125468 -0.362316 -0.213278 -0.346859 0.020873 -0.436412 -0.068359 -0.014312 -0.190421 -0.368187 -0.447390 0.052582 -0.177528 0.193419 0.185756 0.276313 -0.034670 -0.492104 -0.199010 -0.350227 -0.464237 0.413351 0.587029 0.322144 0.303230 0.171333 0.394656 0.073434 -0.017865 0.287071 0.126495 0.240436 -0.003393 0.035195 0.045383 -0.117864 -0.017704 0.183203 0.133085 -0.178739 -0.060019 -0.316962 -0.308984 -0.052765 -0.258547 -0.080583 -0.028771 -0.184576 -0.175065 -0.219328 -0.157046 -0.356824 0.338175 -0.114297 -0.135589 -0.291809 -0.236059 -0.318264 -0.394904 -0.187222 -0.191404 -0.126973 -0.173046 -0.057433 -0.100166 -0.000268 -0.208237
-0.089351 -0.211106 -0.068133 0.157042 -0.150876 -0.169446 0.250987 0.055995 -0.181595 0.115663 0.242157 0.252318 0.124184 0.110574 0.049160 -0.070839 0.449456 0.375757 0.039030 -0.102067 0.179039 0.377022 0.214912 0.152688 0.294892 0.346399 -0.241156 -0.285555 0.472096 0.379880 0.850625 1.000000 0.197677 0.461890 -0.211891 0.155641 -0.143451 -0.340943 -0.287398 0.081658 -0.024612 -0.067959 -0.200268 -0.201180 0.180013 0.008708 -0.205564 -0.183545 -0.185274 -0.109284 -0.446225 -0.295966 -0.398649 -0.064844 -0.526049 -0.056782 -0.016887 -0.235040 -0.238366 -0.551691 0.225910 -0.156992 0.284700 0.181903 0.240717 -0.080063 -0.394159 -0.313132 -0.252500 -0.436644 0.349524 0.514854 0.411546 0.279485 0.201414 0.329202 0.009038 -0.054464 0.367663 0.120192 0.318006 0.039272 0.115359 0.160885 -0.229407 -0.164344 0.028983 0.090429 -0.221188 -0.156008 -0.390901 -0.279471 -0.111051 -0.208116 -0.070651 0.052795 -0.054161 -0.116734 -0.173018 -0.077972 -0.338113 0.345908 -0.094108 -0.076760 -0.346470 -0.228412 -0.428220 -0.347014 -0.100564 -0.072901 -0.068371 -0.109175 -0.074412 -0.061106 0.030241 -0.194711
0.160799 0.115535 -0.015740 -0.212286 -0.387493 -0.179517 0.082548 -0.231968 -0.379325 -0.301918 0.145371 -0.253239 0.045848 -0.196371 -0.255752 -0.301715 0.307230 0.086983 0.145595 0.171831 0.023849 0.040789 0.025226 -0.163712 -0.100119 -0.159454 -0.262176 -0.087617 0.226174 0.064105 0.223567 0.197677 1.000000 0.579267 -0.099565 -0.262710 -0.126413 0.048346 0.016262 0.176028 0.182860 0.226606 0.062427 -0.110534 -0.035453 -0.176280 0.085601 -0.103378 -0.302710 -0.212242 -0.269206 -0.272546 -0.211967 -0.182950 -0.166662 0.080119 0.257275 0.203899 0.015969 -0.029699 0.218228 0.041660 0.322501 0.209319 -0.114205 -0.307920 0.113979 0.000527 -0.076657 -0.111164 0.066356 -0.159393 0.352632 0.161267 0.319178 0.086330 0.149170 -0.099055 0.031820 0.014410 0.091332 0.150739 0.203068 -0.090567 -0.195004 -0.167334 0.112327 0.095831 -0.227520 -0.062203 -0.261645 0.035855 -0.135098 -0.086513 0.163442 0.072288 -0.089142 0.120741 -0.151146 -0.057842 -0.311956 0.276813 -0.200033 0.193873 -0.138564 0.169819 -0.073065 0.056082 0.043202 -0.030812 -0.028868 -0.225082 0.091387 0.076365 0.158297 -0.121108
0.022517 -0.119934 0.176310 -0.223289 -0.114185 -0.224403 0.341251 -0.000423 -0.013135 0.079724 0.171927 -0.197907 0.100218 0.006753 -0.145385 -0.166849 0.418070 0.141308 0.317384 0.246089 -0.141051 -0.134495 -0.110364 -0.215840 -0.107684 -0.150811 -0.442237 -0.307386 0.483890 0.281799 0.313397 0.461890 0.579267 1.000000 -0.002474 0.161090 -0.251242 -0.198062 -0.221829 -0.094625 -0.111428 -0.015618 -0.079318 -0.235882 0.167526 0.110859 -0.008141 -0.042341 -0.371182 -0.066080 -0.387303 -0.416991 -0.267174 -0.240556 -0.541148 -0.153775 0.039313 -0.001702 -0.048909 -0.140718 0.246350 -0.002008 0.571393 0.307052 -0.001613 -0.172960 0.136581 0.030257 0.009551 -0.061584 0.164536 0.060896 0.448819 0.153179 0.257288 -0.036624 -0.087180 -0.037093 0.226820 0.012941 0.324139 0.194361 0.155259 0.215451 -0.358643 -0.386510 -0.148952 -0.184353 -0.420514 -0.326985 -0.209033 -0.071035 -0.232499 -0.079452 0.034016 0.196178 0.140411 0.019960 -0.073741 -0.095731 -0.207379 0.191590 -0.130079 -0.037245 -0.074061 -0.094503 -0.163624 -0.187766 0.207815 0.094301 0.060300 0.001257 -0.039115 0.007416 -0.056062 -0.171617
-0.178363 -0.142354 0.227536 -0.166066 0.226435 0.181232 -0.047671 -0.129604 0.115298 -0.126239 -0.117052 -0.150611 0.152119 -0.170143 0.170982 -0.074038 -0.102469 -0.111240 0.019282 0.112965 -0.023474 -0.040422 0.205389 -0.036854 -0.124430 -0.050609 0.007056 0.257064 -0.054879 -0.154962 -0.164223 -0.211891 -0.099565 -0.002474 1.000000 0.301279 0.067319 0.011874 0.044823 -0.200433 -0.060451 -0.199433 -0.040747 -0.023376 0.059189 0.011369 0.000811 -0.010121 0.107531 -0.073482 0.186711 -0.012814 0.097440 -0.179171 0.189508 -0.177964 -0.121135 0.014088 0.001932 0.137459 -0.261782 0.035130 -0.249030 -0.152579 0.207348 0.123950 0.289358 0.212570 0.134237 0.300883 -0.086042 -0.081549 -0.093941 -0.086726 -0.102401 -0.185010 0.051358 0.088861 0.003329 0.046913 0.063293 0.080586 0.109631 -0.118576 0.379526 0.094722 -0.272928 -0.127380 -0.004465 -0.222658 -0.038787 -0.084419 -0.235821 0.016005 0.115763 0.141078 0.259232 0.080294 -0.180466 -0.190977 0.127239 -0.278012 -0.231519 -0.258849 0.123774 -0.018260 0.041713 0.022994 0.265151 0.254026 0.188815 -0.231367 -0.138868 -0.215110 -0.245920 0.082417
-0.375251 -0.345001 -0.008161 0.123870 0.382085 0.132761 -0.020962 0.175363 0.189656 0.241041 -0.050315 0.040036 0.088370 0.042291 0.081570 0.097565 0.001281 0.017085 -0.147870 -0.112431 0.181591 0.224707 0.011668 -0.012492 0.014779 0.147011 0.134304 0.092765 0.066998 0.058976 0.100275 0.155641 -0.262710 0.161090 0.301279 1.000000 -0.092286 -0.279046 -0.095652 -0.078281 -0.126248 -0.219373 -0.162895 -0.076209 0.186336 0.330299 -0.162162 -0.077351 -0.064389 0.061179 -0.124709 -0.128532 -0.228879 -0.065957 -0.299566 -0.159967 -0.260271 -0.258033 -0.053311 -0.242528 0.042993 -0.109642 -0.073589 -0.057191 0.187205 0.249417 -0.152209 0.141800 -0.113773 -0.043666 0.079847 0.271263 0.020151 -0.034608 -0.063487 -0.012157 -0.079661 -0.043274 0.176261 0.049391 0.096335 -0.015286 -0.088719 -0.052408 -0.113109 -0.040119 -0.194615 -0.107029 0.063264 -0.020538 -0.050431 -0.074748 0.104209 0.143284 -0.156561 -0.137560 0.060328 -0.162193 -0.085506 0.053931 0.142719 -0.004515 -0.009949 0.016265 0.037321 -0.007681 -0.066844 -0.053822 -0.093225 -0.096910 0.109840 0.108969 0.108230 0.128501 0.078251 -0.046081
