1.000000 0.395076 0.122601 0.353542 0.059414 0.189584 0.244517 0.001344 -0.197079 0.011624 0.435366 -0.468633 0.048856 -0.342051 -0.188522 -0.071407 -0.123946 -0.469993 0.525269 0.498357 -0.132492 -0.056341 -0.155557 0.028053 -0.136252 -0.086355 0.012504 0.330086 -0.339510 -0.454977 -0.266671 -0.307972 0.137590 -0.130106 -0.228077 -0.260894 -0.335534 -0.366845 -0.004629 0.127152 -0.173530 -0.010448 -0.188769 -0.095002 0.098418 -0.024040 -0.044348 0.169998 0.137065 0.185621 -0.243406 0.038850 -0.048562 -0.261124 0.237272 0.044723 0.644654 0.304967 0.331171 0.449822 0.276353 0.110722 -0.141341 -0.042114 -0.132184 -0.185053 0.309882 -0.103112 0.193567 0.345573 -0.143716 -0.296524 -0.338569 -0.251277 -0.049019 -0.003884 -0.029065 -0.213384 -0.150155 -0.340804 -0.341757 -0.184303 -0.279904 -0.130184 -0.359412 -0.247358 -0.047253 0.157718 0.149435 0.308330 0.134496 -0.102254 -0.126298 0.039984 0.088106 0.053257 0.062790 0.096089 0.096143 0.037947 0.144440 0.143789 0.207047 -0.111580 0.132266 0.055319 0.072030 0.141425 0.240969 0.109292 0.087680 0.054483 0.191293 0.067305 0.042928 0.215784
0.395076 1.000000 0.129941 0.332687 0.335003 -0.066858 0.115612 0.132073 -0.127081 -0.232460 -0.106529 -0.047116 -0.156413 -0.194286 -0.048300 -0.190156 0.147950 -0.265960 0.553654 0.545782 -0.343657 -0.404954 -0.231589 -0.348632 -0.397343 -0.466459 0.177972 0.141790 -0.128220 -0.308777 -0.494825 -0.555253 0.495683 0.180651 -0.053495 -0.210315 -0.298912 -0.295611 -0.265822 0.028911 -0.041857 -0.228243 -0.292126 -0.138141 0.187897 -0.003319 -0.259388 0.017444 0.161809 0.216872 -0.105948 0.154380 -0.026204 -0.168706 -0.071338 0.190734 0.488088 0.647762 0.388839 0.495816 0.345060 0.395643 0.297230 -0.003676 -0.284081 -0.082665 0.416552 -0.098340 0.351625 0.317446 -0.421194 -0.516159 -0.206252 -0.302269 -0.281363 -0.272470 -0.086324 -0.109712 0.031631 -0.348127 -0.076750 -0.277679 0.080769 -0.084107 -0.313277 -0.523653 -0.036096 -0.069884 0.011656 0.296463 0.158746 -0.040499 -0.104600 0.130503 0.089479 0.293218 0.053986 0.031668 0.231946 0.025057 0.168291 0.386067 0.450707 0.026691 0.226812 0.031139 0.218066 -0.059736 0.228077 -0.054647 0.039230 0.186700 0.405832 0.394372 0.179150 0.258303
0.122601 0.129941 1.000000 0.379951 0.456547 0.311745 0.646045 0.367064 0.029057 -0.223087 0.063101 -0.203143 0.195299 -0.147862 -0.083217 -0.240199 -0.314956 -0.240073 0.092345 0.012988 -0.060073 -0.083823 0.447259 0.286003 0.003562 0.141412 0.377551 0.411951 -0.102354 -0.241058 -0.117983 -0.157615 -0.145401 -0.078065 -0.161425 0.104669 -0.531487 -0.532820 -0.287914 0.088026 -0.254169 -0.255095 -0.285641 -0.218827 -0.028824 0.037481 -0.440002 -0.108730 0.190141 0.163903 -0.028136 0.177897 -0.129183 -0.059896 -0.116459 -0.185413 -0.132315 0.047590 0.197986 0.257317 0.149901 0.327204 -0.010958 0.221840 0.043277 0.132345 0.293014 0.329689 -0.186924 0.095300 -0.287255 -0.284744 -0.022098 -0.397492 -0.135793 -0.293593 -0.558345 -0.479830 -0.277173 -0.273360 -0.453651 -0.282790 -0.086111 -0.355421 -0.019867 -0.090718 -0.041513 0.182847 0.349158 0.385987 -0.018675 0.052303 -0.113784 0.004972 -0.365917 -0.348766 -0.452440 -0.288760 -0.288674 0.003437 -0.352918 0.062058 -0.137470 0.081611 -0.066571 0.141029 0.022197 0.285305 -0.222734 -0.251762 -0.079836 -0.173196 0.029635 -0.025353 0.090651 0.106165
0.353542 0.332687 0.379951 1.000000 0.243752 0.390668 0.435509 0.357146 -0.247541 -0.065020 0.067175 -0.458535 -0.159920 -0.447912 -0.238295 0.019288 -0.461423 -0.539666 0.430759 0.251818 -0.211782 0.039104 0.161942 0.243543 -0.138077 0.011542 0.238343 0.513959 -0.523453 -0.421008 -0.329720 -0.271364 -0.052186 -0.185426 0.002345 0.015118 -0.507055 -0.313745 0.086130 0.366978 -0.302697 0.001418 -0.242715 -0.154544 -0.124511 -0.102117 -0.106246 0.070642 0.031664 -0.038731 -0.182332 0.078478 -0.180311 -0.104237 0.278701 0.115808 0.246797 0.233677 0.210444 0.482653 0.007941 0.237704 -0.373842 -0.132924 -0.014898 0.129074 0.327775 0.151728 0.219001 0.178890 -0.435379 -0.318246 -0.509459 -0.401511 -0.365192 -0.174031 -0.335854 -0.416411 -0.586848 -0.557737 -0.750918 -0.469636 -0.277415 -0.258821 -0.347725 0.021130 -0.099541 0.294083 0.348118 0.599796 0.103842 0.108333 0.025814 0.204601 -0.015643 0.042768 -0.022193 0.103880 -0.037341 0.130266 -0.043324 0.170071 0.279665 0.214899 0.169049 0.290433 0.217352 0.210420 0.167595 0.088200 0.226914 0.117023 0.270096 0.335313 0.288487 0.344650
0.059414 0.335003 0.456547 0.243752 1.000000 0.371815 0.253367 0.205994 0.383620 -0.018916 -0.268465 0.250044 0.121454 0.076068 0.199268 -0.028357 0.076781 -0.196578 0.163076 -0.040499 -0.058281 -0.269898 0.100773 -0.082659 -0.207711 -0.202625 0.761638 0.318918 0.139090 -0.019035 -0.401441 -0.390557 0.053757 -0.142823 0.127993 -0.067483 -0.136319 -0.177989 -0.326974 -0.031866 0.074451 -0.082745 -0.160781 -0.103962 -0.055638 -0.069296 -0.107292 -0.172891 0.048139 0.059609 0.084179 0.282746 0.177799 0.191492 -0.152085 0.094450 0.107878 -0.071443 0.254571 0.269213 0.248878 0.340083 0.203043 -0.107135 -0.204413 0.091640 0.189701 -0.143736 0.010588 -0.129019 -0.518457 -0.551486 0.123137 -0.403715 -0.231882 -0.555975 -0.330066 -0.339128 -0.075287 -0.379966 -0.135561 -0.384950 0.292202 -0.033691 0.156365 -0.247532 0.058929 -0.030364 0.298887 0.498193 0.039225 -0.097030 0.024146 0.094837 -0.244370 -0.014078 -0.139347 -0.255944 -0.044569 -0.036262 -0.167527 0.094247 0.051523 0.192716 0.125060 0.267515 -0.055364 -0.156637 -0.212210 -0.239477 -0.175924 -0.093091 0.303579 0.137832 0.200950 0.118796
0.189584 -0.066858 0.311745 0.390668 0.371815 1.000000 0.227463 0.211596 0.086941 0.443573 -0.094097 -0.177935 0.017145 -0.132593 -0.135830 0.397046 -0.457687 -0.382879 0.079999 -0.114433 0.400590 0.299776 0.052081 0.357050 0.333621 0.383125 0.400123 0.599485 -0.364052 -0.121633 0.110846 -0.063938 -0.421813 -0.526161 -0.049094 -0.077117 -0.282557 -0.375070 0.070741 0.138484 -0.132296 0.246749 -0.151177 -0.192383 -0.082900 -0.055963 -0.035134 -0.064450 -0.036710 -0.042985 -0.228215 0.049148 0.099011 -0.054474 0.457870 -0.220126 -0.026690 -0.158883 0.145986 0.340426 -0.149087 0.072862 -0.316276 -0.065862 -0.088428 0.099411 0.219245 0.099722 -0.034690 0.014925 -0.037408 -0.029169 -0.307295 -0.250817 -0.116496 -0.083354 -0.582618 -0.490429 -0.624795 -0.319040 -0.520122 -0.456481 0.033290 0.034798 0.089411 0.111873 0.009113 0.292755 0.597102 0.569777 0.124367 -0.101014 0.003807 0.000371 -0.289518 -0.326196 -0.168867 -0.101491 -0.132507 -0.029592 -0.162490 0.159444 -0.069583 0.243148 -0.053550 0.208881 -0.043116 0.191560 -0.116751 0.029962 -0.043116 -0.126654 -0.016093 0.009909 0.092335 0.064340
0.244517 0.115612 0.646045 0.435509 0.253367 0.227463 1.000000 0.457713 0.063084 -0.145921 0.192123 -0.195541 0.312301 -0.092305 -0.182163 -0.173396 -0.298421 -0.258678 0.157444 0.120651 -0.142264 -0.084222 0.281023 0.176567 -0.259880 -0.120741 0.218747 0.299335 -0.237269 -0.249229 -0.205226 -0.198632 -0.090398 -0.093399 -0.161409 -0.094962 -0.469580 -0.373003 -0.042146 0.206496 -0.240991 -0.062775 -0.154942 -0.240438 -0.073290 -0.040371 -0.217679 -0.108686 0.153181 0.087688 -0.070993 0.120808 -0.081899 0.000094 -0.060258 -0.100243 0.022589 0.078403 0.147474 0.276156 0.185483 0.261093 -0.195968 0.006101 0.034064 0.083912 0.073086 0.094401 0.101445 0.156635 -0.287197 -0.276244 -0.232480 -0.456678 -0.255248 -0.244528 -0.379551 -0.337326 -0.368341 -0.342786 -0.542385 -0.361713 -0.189383 -0.258256 -0.210842 -0.097603 -0.090997 0.076365 0.286122 0.397757 0.140672 0.207695 0.091975 0.331498 -0.121714 -0.017400 -0.279980 -0.059811 -0.148137 -0.044208 -0.067640 0.249226 0.042660 0.030692 -0.025995 0.224352 0.212197 0.272477 0.104257 0.001009 0.057349 -0.044363 0.185702 0.052603 0.076727 0.282972
0.001344 0.132073 0.367064 0.357146 0.205994 0.211596 0.457713 1.000000 -0.112738 0.135457 -0.092731 -0.099114 -0.074756 0.014338 -0.366388 -0.214235 -0.124774 -0.336736 0.015361 0.183892 -0.176845 -0.136267 -0.246417 -0.141010 -0.227618 -0.285670 0.095031 -0.071826 -0.346774 -0.225604 -0.240171 -0.191713 0.085728 0.127723 0.020819 0.116506 -0.462782 -0.312639 0.031241 0.155458 -0.197115 0.091766 -0.158378 -0.048327 0.269112 0.301391 -0.306942 0.206938 0.266808 0.192112 -0.237493 -0.034211 -0.120827 -0.164169 -0.076442 -0.203787 -0.148466 0.020315 0.362707 0.287248 0.139470 0.500041 -0.016120 0.239222 -0.234910 0.318627 0.215110 0.457467 0.035613 0.374287 -0.229978 -0.131788 -0.335839 -0.425102 -0.370538 -0.138243 -0.236324 -0.056170 -0.196754 -0.218182 -0.326026 -0.375477 -0.169839 -0.252613 -0.382668 -0.236397 -0.277404 -0.062014 -0.076044 0.176200 0.311692 0.132719 -0.044003 0.076657 0.008523 -0.057049 0.008756 0.004073 0.096095 0.091015 0.083939 0.281867 0.218281 0.112445 -0.058127 -0.008490 0.215638 0.091675 0.095490 0.068402 0.171149 0.192960 0.192516 0.155209 -0.018371 0.124608
-0.197079 -0.127081 0.029057 -0.247541 0.383620 0.086941 0.063084 -0.112738 1.000000 0.177216 -0.219532 0.440260 0.295235 0.459234 0.477921 0.303013 0.237687 0.158545 -0.321601 -0.361702 0.093397 -0.227063 0.165378 -0.170064 0.077137 -0.032063 0.350514 -0.109219 0.366986 0.301670 0.005217 -0.128604 -0.116740 -0.036937 0.098599 0.168072 0.211738 0.062134 -0.282905 -0.312880 0.070589 0.076380 0.121554 -0.033216 -0.210496 -0.132265 0.123507 -0.191495 -0.005837 -0.145136 0.298232 0.197538 0.221849 0.118340 -0.152992 -0.275897 -0.085982 -0.301862 0.147600 -0.181994 0.311677 0.151312 0.186851 -0.152403 0.053218 0.218847 -0.193879 -0.188211 0.000291 -0.119961 -0.013623 -0.077689 0.301978 0.051268 0.030683 -0.153557 0.041898 -0.019801 0.135883 0.052929 0.260367 -0.087190 0.181028 0.214159 0.338834 -0.107497 -0.112797 -0.333944 0.013031 -0.171947 -0.105082 -0.204187 0.049453 -0.127633 -0.075927 0.025062 -0.042462 -0.255965 -0.164547 -0.349716 -0.064429 -0.228534 -0.323494 -0.202365 -0.093743 -0.132874 -0.032169 -0.195185 -0.126653 -0.021718 -0.060220 -0.121521 -0.039617 -0.211806 -0.174030 -0.080326
0.011624 -0.232460 -0.223087 -0.065020 -0.018916 0.443573 -0.145921 0.135457 0.177216 1.000000 -0.111035 -0.016415 -0.207015 0.334681 -0.209943 0.482315 -0.101036 -0.094597 -0.153089 -0.326385 0.397299 0.330825 -0.200820 -0.235565 0.551701 0.275515 -0.062539 -0.159550 -0.267927 0.151366 0.388064 0.164423 -0.169815 -0.122626 -0.056088 -0.041438 0.082255 -0.040789 0.078681 -0.058395 0.202126 0.276010 0.172104 0.012453 0.108595 0.184002 0.081555 -0.143502 0.048620 0.021340 -0.071647 0.015943 -0.023687 -0.275002 0.239899 -0.143637 0.040533 -0.283995 0.177018 0.057862 0.178697 0.194997 -0.092788 0.103801 0.016018 0.332404 -0.086533 0.021483 -0.047281 -0.113191 0.262241 0.400520 -0.130259 0.353901 0.105930 0.412161 0.045667 -0.038990 -0.127165 0.024358 -0.049364 -0.132256 0.026357 0.078360 -0.076367 -0.017916 0.002889 -0.045831 -0.029600 -0.089753 -0.052597 -0.271120 -0.167876 -0.282958 -0.089573 0.057152 0.053784 0.004187 -0.021029 -0.185180 0.107783 -0.076233 -0.022617 -0.113493 -0.228029 -0.253783 -0.067468 -0.002937 -0.004319 0.031154 -0.078476 -0.052162 -0.131174 -0.017151 -0.083766 -0.101637
0.435366 -0.106529 0.063101 0.067175 -0.268465 -0.094097 0.192123 -0.092731 -0.219532 -0.111035 1.000000 -0.353344 0.464733 -0.161095 -0.149225 -0.239079 -0.172241 -0.002715 0.081313 0.216482 -0.111358 0.098921 0.215547 0.281620 0.037036 0.118188 -0.294046 0.094238 -0.070416 -0.207359 0.140562 0.240221 -0.140587 0.034706 -0.204385 -0.197577 -0.166983 -0.205734 -0.023456 -0.049884 -0.253850 -0.052787 -0.038719 -0.032219 -0.040374 -0.165731 -0.023576 -0.031591 0.055314 -0.018394 0.024093 -0.108983 -0.039073 0.027009 -0.123970 0.055887 -0.047902 0.104480 -0.233698 -0.016067 -0.015901 -0.087921 -0.158044 0.229594 0.247366 -0.186366 -0.191147 -0.163174 -0.176813 0.094375 0.187115 0.100627 -0.033261 0.149230 0.196311 0.235010 0.117168 -0.075953 0.030108 0.152566 -0.219494 0.310895 -0.377020 -0.169300 -0.134154 0.185683 -0.120775 0.145206 -0.104260 -0.101071 -0.077850 -0.101483 -0.038830 -0.030485 -0.026533 -0.056127 -0.061640 0.068252 0.011811 -0.004450 0.089283 -0.078963 0.005591 -0.168928 -0.099691 -0.142821 0.012901 0.060033 0.108037 -0.010230 -0.030517 0.035877 -0.044442 -0.077713 -0.047428 -0.084991
-0.468633 -0.047116 -0.203143 -0.458535 0.250044 -0.177935 -0.195541 -0.099114 0.440260 -0.016415 -0.353344 1.000000 0.195680 0.650153 0.366448 0.210917 0.352111 0.512251 -0.403532 -0.426262 0.085769 -0.170795 -0.072925 -0.112835 -0.135504 -0.165777 0.284148 -0.244039 0.605258 0.675357 0.033071 0.126743 0.000697 0.038709 0.189082 -0.036000 0.453727 0.284239 -0.366373 -0.386225 0.181534 0.053212 0.124007 0.112164 -0.114335 -0.106649 0.203907 -0.339612 -0.077924 -0.172174 0.296506 0.183347 0.373812 0.224838 -0.214693 -0.098832 -0.296000 -0.417623 -0.143825 -0.366020 0.039543 -0.009033 0.231601 -0.094213 -0.045161 0.092098 -0.336607 -0.275245 -0.219992 -0.426647 0.017045 -0.071819 0.525943 0.170238 0.043219 -0.286136 0.096133 0.088680 0.329135 0.303202 0.527706 0.153281 0.549656 0.421536 0.596576 0.053999 0.310104 -0.137269 -0.024461 -0.186426 -0.274850 -0.240952 0.030175 -0.094367 -0.177252 -0.103243 -0.029550 -0.260637 -0.172752 -0.139666 -0.145410 -0.101514 -0.251174 0.076006 0.068778 -0.035937 -0.367386 -0.322753 -0.245959 -0.174314 -0.353463 -0.205297 -0.009483 -0.089390 0.068196 -0.269931
0.048856 -0.156413 0.195299 -0.159920 0.121454 0.017145 0.312301 -0.074756 0.295235 -0.207015 0.464733 0.195680 1.000000 0.230442 0.298121 -0.181520 -0.057297 0.334123 -0.299202 -0.138113 0.139946 0.007606 0.236706 0.334139 0.000499 0.073735 0.069777 0.187488 0.418809 0.150390 0.183759 0.094884 -0.368772 -0.183377 -0.315611 -0.224814 -0.070055 -0.030679 -0.171632 -0.043449 -0.076456 0.007632 0.018068 -0.135611 -0.237446 -0.256731 -0.056801 -0.281479 -0.184506 -0.199578 0.171252 0.053359 0.136999 0.263100 -0.232415 -0.037254 -0.229640 -0.030082 -0.261576 -0.244091 0.005200 -0.098335 -0.024195 0.185137 0.026496 -0.150098 -0.427306 -0.228505 -0.280356 -0.042604 0.202364 -0.040121 0.401656 -0.100393 0.212102 -0.174288 -0.251778 -0.202247 0.092613 0.306488 -0.073437 0.202937 -0.121244 -0.051568 0.271819 0.239213 -0.074703 0.093654 0.081409 0.088102 -0.035019 -0.010684 0.272078 0.179221 -0.199493 -0.259968 -0.377034 -0.253492 -0.211099 -0.141673 -0.125268 0.005791 -0.274415 -0.088582 -0.116665 0.069403 -0.177960 0.187966 -0.204076 -0.172671 -0.328817 -0.263772 -0.122025 -0.272071 -0.053789 -0.185060
-0.342051 -0.194286 -0.147862 -0.447912 0.076068 -0.132593 -0.092305 0.014338 0.459234 0.334681 -0.161095 0.650153 0.230442 1.000000 0.246794 0.260573 0.183667 0.424526 -0.466915 -0.453005 0.326536 0.065740 0.017696 -0.240789 0.258573 0.142147 -0.078174 -0.399603 0.407813 0.496916 0.420322 0.308704 -0.236336 -0.017779 -0.228113 -0.148152 0.342493 0.117193 -0.294174 -0.310946 0.332728 -0.087763 0.178605 0.014785 -0.100443 -0.078384 0.027197 -0.408705 0.097445 -0.065919 0.388730 0.229336 0.181529 0.091685 -0.267674 -0.131454 -0.309727 -0.355350 -0.031741 -0.334914 0.222232 0.125210 0.105757 0.138438 0.034766 0.301181 -0.485402 -0.216034 -0.240774 -0.262468 0.358594 0.329681 0.474427 0.376193 0.266966 0.224219 0.125104 0.154700 0.255817 0.290787 0.369060 0.201405 0.270072 0.165471 0.253807 -0.095918 0.167242 -0.163244 -0.201531 -0.327731 -0.227899 -0.237909 -0.058218 -0.241127 -0.184353 -0.027954 -0.213016 -0.365624 -0.148671 -0.317049 -0.045869 -0.209624 -0.277272 -0.168897 -0.154458 -0.234094 -0.243272 -0.144514 -0.261367 -0.301958 -0.359650 -0.225731 -0.110553 -0.137533 -0.036284 -0.260907
-0.188522 -0.048300 -0.083217 -0.238295 0.199268 -0.135830 -0.182163 -0.366388 0.477921 -0.209943 -0.149225 0.366448 0.298121 0.246794 1.000000 0.251190 0.265804 0.145513 -0.076526 -0.112547 0.036550 -0.257060 0.196601 0.049740 0.003774 -0.012445 0.156076 -0.010974 0.736307 0.195829 0.049979 -0.048396 -0.151615 -0.179837 -0.116249 -0.077184 0.240504 0.108815 -0.197622 -0.091891 0.087530 -0.194240 -0.078008 -0.063264 -0.253319 -0.196285 -0.019397 -0.181730 -0.160109 -0.098461 0.162253 -0.013487 0.152794 0.127268 -0.160931 0.003795 -0.052223 -0.098391 -0.099402 -0.122881 0.016416 -0.152006 0.019185 -0.281158 0.156650 -0.026730 -0.222571 -0.212517 -0.055194 -0.137006 0.042157 -0.156892 0.508115 0.000549 0.156507 -0.172700 -0.103361 -0.065953 0.047379 -0.027939 0.233351 -0.014346 0.194641 0.423564 0.370209 0.000001 -0.159806 0.046780 -0.168494 -0.056890 -0.111643 0.048336 0.159656 0.006629 -0.077848 -0.029150 -0.164821 -0.267283 -0.241613 -0.023017 -0.173050 -0.121766 -0.278311 0.008725 0.160761 0.193077 -0.051272 -0.027834 -0.170282 -0.108712 -0.103899 -0.096753 -0.074860 -0.228268 0.076032 0.069051
-0.071407 -0.190156 -0.240199 0.019288 -0.028357 0.397046 -0.173396 -0.214235 0.303013 0.482315 -0.239079 0.210917 -0.181520 0.260573 0.251190 1.000000 -0.248052 -0.022431 -0.154453 -0.410609 0.247880 0.166067 -0.048602 0.027316 0.362471 0.347179 0.021374 0.097672 -0.042391 0.339968 0.202493 0.087016 -0.313174 -0.369598 -0.047282 -0.110976 0.321870 -0.048034 0.024618 -0.098323 0.055640 0.252147 -0.019668 -0.104709 -0.218952 -0.171824 0.262817 -0.229972 -0.033447 -0.118205 0.018592 0.071108 0.371984 -0.052937 0.586966 -0.183058 -0.085106 -0.274051 0.128266 0.135515 -0.027808 0.052264 -0.295218 -0.211899 0.025161 0.174554 -0.019855 -0.134819 0.020119 -0.278316 0.111804 0.124076 -0.066071 0.281625 0.062934 0.140061 -0.089590 -0.214534 -0.408079 -0.064273 -0.081883 -0.155726 0.263764 0.564253 0.306497 0.108090 0.158932 0.159677 0.298651 0.036464 -0.148019 -0.167331 -0.022824 -0.177395 -0.049814 -0.124687 0.011652 0.038978 -0.165582 -0.099275 -0.031585 -0.102582 -0.253636 0.068010 -0.109681 0.012621 -0.094310 -0.012674 -0.043185 0.071857 -0.091546 -0.148169 -0.183094 -0.135300 -0.001146 -0.025941
-0.123946 0.147950 -0.314956 -0.461423 0.076781 -0.457687 -0.298421 -0.124774 0.237687 -0.101036 -0.172241 0.352111 -0.057297 0.183667 0.265804 -0.248052 1.000000 0.245524 0.004221 0.184360 -0.207594 -0.352195 -0.302520 -0.508942 -0.402002 -0.598867 0.079178 -0.545421 0.484170 0.210862 -0.227249 -0.112063 0.577360 0.377637 0.319964 0.045367 0.224258 0.280914 -0.085950 -0.172915 0.174935 0.033241 0.099037 0.144675 0.125021 0.071671 -0.028556 0.138401 -0.023136 0.017359 -0.051224 -0.094259 -0.098063 -0.038245 -0.478063 0.001422 0.296121 0.051592 0.078353 -0.246845 0.252989 -0.127914 0.500396 -0.182518 -0.305648 -0.282446 -0.065871 -0.255225 0.254351 0.095935 -0.035959 -0.031664 0.307039 0.125685 -0.097260 -0.085616 0.554846 0.587818 0.685231 0.243826 0.637436 0.126089 0.156027 0.105813 -0.148029 -0.376289 -0.214812 -0.476701 -0.563626 -0.339247 -0.004876 -0.019116 -0.150682 -0.018463 0.216435 0.377745 0.261026 0.023344 0.224421 0.058461 0.101405 0.047855 0.154176 -0.035987 0.157445 -0.141692 0.147277 -0.392269 0.142242 0.161162 0.161428 0.292887 0.238425 0.217340 -0.081332 0.060528
-0.469993 -0.265960 -0.240073 -0.539666 -0.196578 -0.382879 -0.258678 -0.336736 0.158545 -0.094597 -0.002715 0.512251 0.334123 0.424526 0.145513 -0.022431 0.245524 1.000000 -0.623383 -0.499377 0.060567 0.100341 0.089675 -0.021378 0.108141 0.138618 -0.143606 -0.275709 0.580684 0.742328 0.278191 0.347991 -0.160303 0.071125 -0.111458 -0.072729 0.464119 0.349600 -0.109971 -0.167721 0.210740 0.011762 0.336411 0.189880 -0.099219 -0.087268 0.237224 -0.305283 -0.229592 -0.124663 0.324393 0.116024 0.277530 0.194045 -0.199520 0.043681 -0.304148 -0.113116 -0.414811 -0.581075 -0.117251 -0.215850 0.175113 0.324437 -0.012973 -0.136719 -0.599979 -0.329324 -0.365585 -0.438655 0.257351 0.210510 0.669624 0.454553 0.283471 -0.034456 0.182225 0.132520 0.449923 0.813512 0.481629 0.640076 0.184338 0.185780 0.472175 0.226411 0.234842 -0.036856 -0.093208 -0.401663 -0.239033 -0.201409 0.138441 -0.154369 -0.202055 -0.245058 -0.287239 -0.178493 -0.185811 -0.126215 -0.129704 -0.264649 -0.407117 -0.152598 -0.284560 -0.158225 -0.398425 0.070284 -0.340215 -0.241966 -0.432460 -0.246257 -0.378482 -0.280999 -0.143888 -0.429345
0.525269 0.553654 0.092345 0.430759 0.163076 0.079999 0.157444 0.015361 -0.321601 -0.153089 0.081313 -0.403532 -0.299202 -0.466915 -0.076526 -0.154453 0.004221 -0.623383 1.000000 0.770297 -0.162115 -0.211992 -0.237467 -0.152822 -0.305361 -0.345257 0.080970 0.168573 -0.282945 -0.495673 -0.300449 -0.246804 0.384392 0.103257 0.049055 -0.107959 -0.300075 -0.194453 0.039721 0.130518 -0.017740 -0.061337 -0.374716 -0.245990 0.047203 -0.035261 -0.198962 0.110795 0.016458 0.037954 -0.369136 -0.149449 -0.209951 -0.127892 0.084893 0.163043 0.470470 0.410311 0.197142 0.451333 0.103009 0.114385 -0.055985 -0.327447 -0.059423 -0.115107 0.446121 0.006828 0.519407 0.315098 -0.232609 -0.314774 -0.397848 -0.307617 -0.153737 -0.028388 0.008706 -0.024504 -0.249831 -0.560435 -0.280962 -0.382863 -0.083616 -0.055255 -0.440919 -0.325659 -0.140256 -0.053304 0.023202 0.356010 0.124041 0.197291 -0.119078 0.209712 0.159730 0.367051 0.235105 0.205777 0.197520 0.182970 0.177028 0.312695 0.563115 0.107236 0.421647 0.145332 0.345838 -0.142655 0.366433 0.161000 0.273818 0.298283 0.420160 0.375649 0.268919 0.410615
0.498357 0.545782 0.012988 0.251818 -0.040499 -0.114433 0.120651 0.183892 -0.361702 -0.326385 0.216482 -0.426262 -0.138113 -0.453005 -0.112547 -0.410609 0.184360 -0.499377 0.770297 1.000000 -0.292530 -0.332963 -0.333341 -0.192229 -0.484753 -0.510806 -0.110958 0.018401 -0.227645 -0.565227 -0.365458 -0.265783 0.417721 0.239632 0.020110 -0.053165 -0.346561 -0.133681 0.153491 0.143192 -0.120214 -0.058764 -0.395310 -0.248343 0.106808 -0.030094 -0.298742 0.344664 0.009152 0.063409 -0.400843 -0.256006 -0.232250 -0.080331 -0.085228 0.026578 0.374326 0.573045 0.183253 0.314542 0.010171 -0.009197 0.020950 -0.219390 -0.206703 -0.292020 0.377527 0.073521 0.516561 0.692423 -0.134645 -0.288184 -0.415269 -0.413631 -0.214151 -0.025417 0.113017 0.248537 -0.013702 -0.324898 -0.106031 -0.197522 -0.221760 -0.090580 -0.574294 -0.421906 -0.312373 -0.142477 -0.176941 0.142219 0.388087 0.345778 -0.008030 0.295880 0.328410 0.377191 0.265767 0.216225 0.412019 0.167657 0.329035 0.414604 0.639533 0.080865 0.384722 0.086885 0.443603 -0.083361 0.484796 0.272484 0.364968 0.442644 0.425127 0.360542 0.061653 0.320777
-0.132492 -0.343657 -0.060073 -0.211782 -0.058281 0.400590 -0.142264 -0.176845 0.093397 0.397299 -0.111358 0.085769 0.139946 0.326536 0.036550 0.247880 -0.207594 0.060567 -0.162115 -0.292530 1.000000 0.661925 0.015719 0.225073 0.623033 0.546452 -0.045940 0.138524 0.051925 0.227659 0.713602 0.403548 -0.464900 -0.369629 -0.251712 -0.123984 0.166719 -0.013516 0.024078 -0.004002 0.253734 0.227792 0.000223 -0.164070 -0.163180 -0.113528 -0.034526 -0.336063 -0.196173 -0.194450 -0.032825 -0.115590 0.041639 0.002689 0.051021 -0.160544 -0.171534 -0.265519 -0.221407 -0.172650 -0.250100 -0.245895 -0.211296 -0.003837 -0.031281 -0.035145 -0.268360 -0.091700 -0.250292 -0.280285 0.676866 0.606451 0.273731 0.358124 0.576772 0.495473 -0.163237 0.004287 -0.180035 0.097070 -0.033699 0.058080 0.159538 0.059776 0.225168 0.171044 0.125369 0.105403 0.205272 0.076220 -0.195121 -0.165972 -0.076402 -0.178983 -0.320842 -0.285818 -0.294924 -0.257677 -0.199522 -0.119296 -0.241492 -0.105178 -0.279839 0.058294 -0.102502 -0.017404 -0.246330 0.118571 -0.261568 -0.141553 -0.241730 -0.249362 -0.228125 -0.187177 0.055986 -0.142157
-0.056341 -0.404954 -0.083823 0.039104 -0.269898 0.299776 -0.084222 -0.136267 -0.227063 0.330825 0.098921 -0.170795 0.007606 0.065740 -0.257060 0.166067 -0.352195 0.100341 -0.211992 -0.332963 0.661925 1.000000 0.177169 0.245150 0.545688 0.605169 -0.154777 0.151382 -0.200914 0.132346 0.608624 0.498602 -0.383440 -0.256690 -0.127615 -0.115297 -0.010558 -0.034362 0.336897 0.290530 0.046520 0.320119 0.122704 -0.035444 -0.182927 -0.158300 0.095186 -0.281676 -0.192411 -0.236582 -0.080386 -0.151577 -0.073211 0.024503 0.196782 0.064450 -0.044517 -0.208959 -0.279011 -0.215557 -0.265249 -0.291177 -0.410863 0.102271 0.061992 0.008440 -0.197881 -0.100035 -0.158817 -0.335676 0.487603 0.671629 0.071892 0.414572 0.416633 0.537256 -0.029972 -0.130287 -0.250502 0.078870 -0.296669 0.144315 -0.205339 -0.184116 0.019277 0.342999 0.116288 0.279053 0.208040 0.132197 -0.311735 -0.142676 -0.198338 -0.158606 -0.215907 -0.334139 -0.236846 0.054784 -0.310280 0.189375 -0.291781 -0.113237 -0.254895 0.172514 -0.194800 0.050854 -0.137067 0.327328 -0.269604 -0.136286 -0.100004 -0.182244 -0.310647 -0.027537 0.232319 -0.037237
-0.155557 -0.231589 0.447259 0.161942 0.100773 0.052081 0.281023 -0.246417 0.165378 -0.200820 0.215547 -0.072925 0.236706 0.017696 0.196601 -0.048602 -0.302520 0.089675 -0.237467 -0.333341 0.015719 0.177169 1.000000 0.485820 0.273900 0.484990 0.173415 0.381668 0.075059 -0.095819 0.200858 0.131907 -0.318620 -0.150274 -0.142374 0.064795 -0.177381 -0.162296 -0.227898 -0.079390 -0.156213 -0.408377 0.019076 -0.049145 -0.269710 -0.178747 -0.065730 -0.259672 0.048326 0.049454 0.410499 0.265734 -0.153606 0.221501 -0.254549 0.005894 -0.204834 -0.173159 -0.316513 -0.147317 -0.069450 -0.146471 -0.102160 -0.024761 0.512863 0.113423 -0.211970 -0.057880 -0.263185 -0.240846 -0.037106 0.049590 0.136647 0.048548 0.131432 -0.023938 -0.241345 -0.333058 -0.110232 -0.085571 -0.165486 0.043995 -0.017340 -0.268031 0.235489 0.239633 0.150238 0.192376 0.221855 0.061508 -0.282875 -0.014206 0.036572 0.028598 -0.306319 -0.189108 -0.426296 -0.332709 -0.324046 -0.253359 -0.327679 -0.232153 -0.332536 -0.139057 -0.121001 0.026159 -0.119453 0.147986 -0.310095 -0.321886 -0.153512 -0.264922 -0.165358 -0.168181 0.011765 -0.114320
0.028053 -0.348632 0.286003 0.243543 -0.082659 0.357050 0.176567 -0.141010 -0.170064 -0.235565 0.281620 -0.112835 0.334139 -0.240789 0.049740 0.027316 -0.508942 -0.021378 -0.152822 -0.192229 0.225073 0.245150 0.485820 1.000000 0.200513 0.487044 0.129771 0.613047 -0.037255 -0.057666 0.219494 0.236983 -0.582909 -0.524959 -0.212363 -0.097109 -0.134086 -0.077315 -0.006665 -0.022022 -0.293313 -0.042671 0.032764 -0.020024 -0.186201 -0.166757 0.101677 -0.109455 -0.115451 -0.090606 0.140460 0.036261 0.043488 0.207629 0.225226 -0.093244 -0.306692 -0.244617 -0.406869 -0.091967 -0.510231 -0.373697 -0.449306 -0.034754 0.256926 -0.119075 -0.165660 0.061194 -0.406509 -0.180061 0.142169 0.036914 0.010799 -0.162851 0.129070 -0.136507 -0.470151 -0.436347 -0.373107 0.010584 -0.336124 0.082088 -0.023884 -0.020498 0.386365 0.590421 0.203841 0.466293 0.485555 0.275614 -0.025917 -0.000146 0.303534 0.118937 -0.369989 -0.531807 -0.304249 -0.292845 -0.270030 -0.108305 -0.213219 -0.171652 -0.331244 0.066975 -0.049956 0.261104 -0.319817 0.225892 -0.309003 -0.149237 -0.208935 -0.412186 -0.317851 -0.349814 -0.042052 -0.180702
-0.136252 -0.397343 0.003562 -0.138077 -0.207711 0.333621 -0.259880 -0.227618 0.077137 0.551701 0.037036 -0.135504 0.000499 0.258573 0.003774 0.362471 -0.402002 0.108141 -0.305361 -0.484753 0.623033 0.545688 0.273900 0.200513 1.000000 0.846394 -0.303829 0.110051 -0.063764 0.113772 0.780421 0.388069 -0.551528 -0.287519 -0.372433 -0.045716 0.092293 -0.218528 -0.073863 -0.079662 0.178491 -0.066215 0.177169 0.017793 -0.001798 0.079294 0.035507 -0.288768 0.000113 0.073353 0.137424 0.060497 -0.014054 -0.170285 0.185982 -0.080249 -0.225900 -0.183131 -0.151968 -0.069777 -0.103824 -0.023616 -0.101275 0.321911 0.276754 0.269714 -0.224760 0.057554 -0.438420 -0.294158 0.556989 0.571474 0.181395 0.539116 0.546231 0.585884 -0.232379 -0.264176 -0.189312 0.205035 -0.087761 0.109011 0.020043 -0.014669 0.215384 0.208714 0.091651 0.198310 0.082057 -0.187205 -0.268144 -0.351478 -0.124771 -0.493476 -0.345412 -0.382061 -0.357788 -0.256910 -0.266137 -0.236904 -0.186889 -0.302602 -0.420348 -0.214495 -0.397674 -0.299048 -0.268092 0.259657 -0.347168 -0.286826 -0.295072 -0.301964 -0.468011 -0.312306 -0.064049 -0.275869
-0.086355 -0.466459 0.141412 0.011542 -0.202625 0.383125 -0.120741 -0.285670 -0.032063 0.275515 0.118188 -0.165777 0.073735 0.142147 -0.012445 0.347179 -0.598867 0.138618 -0.345257 -0.510806 0.546452 0.605169 0.484990 0.487044 0.846394 1.000000 -0.192426 0.373215 -0.073760 0.109185 0.675878 0.444524 -0.666866 -0.419466 -0.388328 -0.020302 0.075851 -0.199804 -0.048741 -0.057187 0.051888 -0.113954 0.135838 0.006922 -0.172568 -0.058716 0.138310 -0.260617 -0.067979 -0.004448 0.173567 0.122129 0.068472 -0.010867 0.276509 -0.113019 -0.280040 -0.262723 -0.258123 -0.120260 -0.265071 -0.172577 -0.281284 0.240014 0.327653 0.157569 -0.239436 0.022946 -0.462271 -0.354561 0.442110 0.440299 0.160438 0.373002 0.472329 0.398569 -0.341170 -0.402716 -0.323538 0.132667 -0.230661 0.178711 -0.014750 -0.041571 0.349605 0.374672 0.244573 0.359504 0.360254 -0.037360 -0.300831 -0.253534 -0.035243 -0.337111 -0.416824 -0.534296 -0.449642 -0.289765 -0.355130 -0.220066 -0.276197 -0.306046 -0.488084 -0.120549 -0.326896 -0.129138 -0.356538 0.334687 -0.421609 -0.300901 -0.310141 -0.416352 -0.475944 -0.378521 -0.038201 -0.302124
0.012504 0.177972 0.377551 0.238343 0.761638 0.400123 0.218747 0.095031 0.350514 -0.062539 -0.294046 0.284148 0.069777 -0.078174 0.156076 0.021374 0.079178 -0.143606 0.080970 -0.110958 -0.045940 -0.154777 0.173415 0.129771 -0.303829 -0.192426 1.000000 0.355440 0.125285 0.096114 -0.446468 -0.340986 0.076194 -0.139262 0.278332 0.086483 -0.148917 0.019368 -0.229669 -0.115410 -0.051458 0.026972 -0.048239 0.009912 -0.074554 -0.041686 0.008650 -0.085395 0.022352 -0.038216 0.137385 0.288871 0.184907 0.214677 -0.082569 -0.086592 0.071284 -0.266239 0.108295 0.052616 0.123177 0.156582 0.034576 -0.268373 -0.125211 0.049677 0.139423 -0.101483 -0.034501 -0.183263 -0.487505 -0.492065 0.063257 -0.432366 -0.346705 -0.680395 -0.276805 -0.287797 -0.094121 -0.325597 -0.044135 -0.336927 0.240333 -0.068298 0.267618 -0.006814 0.170893 -0.031891 0.420770 0.473051 -0.032916 -0.114424 0.018853 0.155699 -0.273529 -0.116029 -0.049215 -0.287234 -0.133747 -0.063475 -0.240265 -0.024903 -0.058160 0.220507 0.223000 0.335939 -0.232176 -0.215618 -0.273491 -0.184192 -0.144186 -0.221551 0.171502 0.003772 0.081188 -0.019964
0.330086 0.141790 0.411951 0.513959 0.318918 0.599485 0.299335 -0.071826 -0.109219 -0.159550 0.094238 -0.244039 0.187488 -0.399603 -0.010974 0.097672 -0.545421 -0.275709 0.168573 0.018401 0.138524 0.151382 0.381668 0.613047 0.110051 0.373215 0.355440 1.000000 -0.250642 -0.293800 -0.115379 -0.233940 -0.354267 -0.533275 -0.228364 -0.183195 -0.348256 -0.338929 -0.026472 0.192821 -0.205722 -0.064428 -0.265085 -0.231775 -0.261208 -0.260844 -0.048598 -0.101391 -0.133226 0.006809 -0.055366 0.108022 0.064511 0.102324 0.294353 0.077519 0.110901 0.125721 -0.022563 0.368801 -0.238435 -0.076147 -0.285431 -0.109103 0.018059 -0.164981 0.185949 -0.057208 -0.102801 0.000690 -0.237566 -0.332790 -0.216472 -0.398425 -0.033616 -0.329681 -0.665022 -0.646837 -0.578605 -0.348268 -0.546981 -0.276733 0.110370 -0.044936 0.208566 0.218827 0.171699 0.466425 0.722987 0.682163 0.075384 0.027248 0.195414 0.222166 -0.291812 -0.354366 -0.297100 -0.130528 -0.159296 -0.010991 -0.215232 0.175862 -0.065508 0.203432 0.045933 0.371452 -0.141008 0.295792 -0.140064 -0.088695 -0.134069 -0.219765 0.042115 -0.051273 0.134935 0.114011
-0.339510 -0.128220 -0.102354 -0.523453 0.139090 -0.364052 -0.237269 -0.346774 0.366986 -0.267927 -0.070416 0.605258 0.418809 0.407813 0.736307 -0.042391 0.484170 0.580684 -0.282945 -0.227645 0.051925 -0.200914 0.075059 -0.037255 -0.063764 -0.073760 0.125285 -0.250642 1.000000 0.566770 0.154951 0.244623 -0.069955 0.020932 -0.050326 -0.102485 0.418061 0.316495 -0.282071 -0.242135 0.217918 -0.120303 0.093959 0.070058 -0.181580 -0.151524 0.067899 -0.281145 -0.265676 -0.158003 0.207653 -0.001291 0.232511 0.204368 -0.387219 0.009227 -0.170888 -0.201991 -0.327519 -0.453060 -0.023596 -0.205809 0.213939 -0.004390 0.033991 -0.156971 -0.488229 -0.339142 -0.280108 -0.374466 0.151451 -0.057318 0.850749 0.179914 0.258789 -0.221080 0.088650 0.081487 0.411458 0.372802 0.505274 0.377018 0.265586 0.346237 0.509914 0.106605 0.001570 -0.084707 -0.261676 -0.261198 -0.272895 -0.075142 0.103374 -0.089532 -0.221713 -0.162467 -0.225454 -0.346764 -0.282400 -0.009481 -0.254384 -0.189376 -0.361108 -0.013349 0.063587 0.056945 -0.278317 -0.127206 -0.339188 -0.245594 -0.325840 -0.188447 -0.176330 -0.290641 0.028329 -0.190916
-0.454977 -0.308777 -0.241058 -0.421008 -0.019035 -0.121633 -0.249229 -0.225604 0.301670 0.151366 -0.207359 0.675357 0.150390 0.496916 0.195829 0.339968 0.210862 0.742328 -0.495673 -0.565227 0.227659 0.132346 -0.095819 -0.057666 0.113772 0.109185 0.096114 -0.293800 0.566770 1.000000 0.263108 0.411443 -0.177442 -0.064393 0.093431 -0.048673 0.598384 0.379326 -0.138826 -0.215868 0.233253 0.267240 0.306863 0.199217 -0.172341 -0.134535 0.375091 -0.336520 -0.295066 -0.265901 0.136822 0.083768 0.437496 0.146396 0.048698 -0.114991 -0.320815 -0.417222 -0.287123 -0.460411 -0.125047 -0.125657 0.029490 0.069541 -0.125986 -0.085963 -0.496214 -0.344831 -0.324357 -0.612436 0.237985 0.176004 0.636797 0.489275 0.200271 -0.073032 0.195794 0.089859 0.252696 0.596970 0.422150 0.454458 0.344819 0.427627 0.570455 0.259757 0.339827 0.010450 0.048841 -0.284417 -0.358269 -0.306365 -0.021857 -0.295698 -0.230278 -0.281264 -0.123363 -0.185899 -0.289020 -0.071319 -0.254378 -0.296247 -0.446265 0.046293 -0.128409 -0.054892 -0.479575 -0.164046 -0.345116 -0.127358 -0.367649 -0.229302 -0.285619 -0.207235 -0.008814 -0.353306
-0.266671 -0.494825 -0.117983 -0.329720 -0.401441 0.110846 -0.205226 -0.240171 0.005217 0.388064 0.140562 0.033071 0.183759 0.420322 0.049979 0.202493 -0.227249 0.278191 -0.300449 -0.365458 0.713602 0.608624 0.200858 0.219494 0.780421 0.675878 -0.446468 -0.115379 0.154951 0.263108 1.000000 0.739089 -0.494702 -0.149294 -0.352804 -0.109257 0.170241 -0.024522 -0.004598 -0.107843 0.211789 0.042483 0.119651 -0.120634 -0.144448 -0.090806 -0.032118 -0.424126 -0.174522 -0.170291 0.073443 -0.132668 -0.101757 -0.006687 -0.017121 -0.154272 -0.336849 -0.204377 -0.432030 -0.381622 -0.261303 -0.258856 -0.193687 0.229365 0.270161 0.117327 -0.467053 -0.048179 -0.317860 -0.317053 0.818574 0.771737 0.363095 0.595921 0.669732 0.696610 -0.034784 0.025476 -0.055648 0.344160 0.020868 0.263941 0.010118 0.014617 0.197055 0.277873 0.074542 0.080582 -0.070100 -0.275485 -0.332689 -0.147646 -0.087481 -0.311955 -0.276842 -0.276726 -0.336804 -0.206771 -0.276444 -0.144599 -0.191806 -0.186110 -0.330810 -0.128605 -0.247977 -0.265980 -0.183280 0.171215 -0.241249 -0.200683 -0.275504 -0.237812 -0.406874 -0.256998 0.004236 -0.226280
-0.307972 -0.555253 -0.157615 -0.271364 -0.390557 -0.063938 -0.198632 -0.191713 -0.128604 0.164423 0.240221 0.126743 0.094884 0.308704 -0.048396 0.087016 -0.112063 0.347991 -0.246804 -0.265783 0.403548 0.498602 0.131907 0.236983 0.388069 0.444524 -0.340986 -0.233940 0.244623 0.411443 0.739089 1.000000 -0.370163 0.046648 -0.022665 0.010575 0.279914 0.213756 0.074825 -0.151154 0.044676 0.180247 0.092811 -0.057433 -0.280076 -0.219755 0.125169 -0.311513 -0.344220 -0.382594 -0.035824 -0.289807 -0.019348 0.092082 -0.007234 -0.173619 -0.382868 -0.350243 -0.508136 -0.525872 -0.302583 -0.321079 -0.265165 0.113373 0.305037 0.000701 -0.518264 -0.117280 -0.313874 -0.410038 0.611593 0.618314 0.333606 0.480764 0.382688 0.449480 0.210154 0.142762 0.060749 0.380957 0.080766 0.433963 -0.060367 0.148111 0.250957 0.400558 0.117833 0.028451 -0.064531 -0.320034 -0.395365 -0.068291 -0.078120 -0.210390 -0.176308 -0.232021 -0.092161 -0.064272 -0.315749 0.008163 -0.168801 -0.230278 -0.255312 0.044111 -0.086993 -0.112977 -0.173822 0.005829 -0.182620 -0.090546 -0.183151 -0.139747 -0.345687 -0.217079 0.029233 -0.221036
0.137590 0.495683 -0.145401 -0.052186 0.053757 -0.421813 -0.090398 0.085728 -0.116740 -0.169815 -0.140587 0.000697 -0.368772 -0.236336 -0.151615 -0.313174 0.577360 -0.160303 0.384392 0.417721 -0.464900 -0.383440 -0.318620 -0.582909 -0.551528 -0.666866 0.076194 -0.354267 -0.069955 -0.177442 -0.494702 -0.370163 1.000000 0.686653 0.361757 0.142389 -0.101199 0.039653 -0.099048 -0.060997 -0.003536 -0.030184 -0.115785 0.091540 0.343252 0.269668 -0.145865 0.287921 0.212430 0.186483 -0.129232 -0.041160 -0.267735 -0.156506 -0.309671 0.107542 0.442058 0.261341 0.262606 0.071376 0.402078 0.177407 0.501461 -0.097395 -0.232952 -0.102582 0.352367 0.011522 0.520895 0.248362 -0.342345 -0.280270 -0.170945 -0.088375 -0.299767 -0.122452 0.466073 0.395652 0.416522 -0.188753 0.290351 -0.144968 0.027434 -0.155545 -0.445721 -0.491835 -0.140256 -0.369033 -0.409577 -0.138039 0.004262 0.044515 -0.316980 0.070672 0.394254 0.520129 0.412798 0.288835 0.377992 0.162258 0.229752 0.229231 0.442561 -0.061337 0.180432 -0.249293 0.275097 -0.455814 0.364545 0.206020 0.308162 0.351194 0.395509 0.403313 -0.022976 0.147960
-0.130106 0.180651 -0.078065 -0.185426 -0.142823 -0.526161 -0.093399 0.127723 -0.036937 -0.122626 0.034706 0.038709 -0.183377 -0.017779 -0.179837 -0.369598 0.377637 0.071125 0.103257 0.239632 -0.369629 -0.256690 -0.150274 -0.524959 -0.287519 -0.419466 -0.139262 -0.533275 0.020932 -0.064393 -0.149294 0.046648 0.686653 1.000000 0.312769 0.417930 -0.075036 0.060819 -0.103681 -0.182860 -0.010280 -0.048381 -0.071042 0.092080 0.258730 0.296184 -0.230162 0.191009 0.145252 0.054625 0.026035 -0.119754 -0.291496 -0.209049 -0.450481 -0.095600 0.004406 0.170462 0.018500 -0.271355 0.381982 0.265351 0.422099 0.194327 0.130023 0.216821 0.034329 0.218848 0.221199 0.175579 -0.051688 -0.020804 -0.027450 0.072577 -0.170691 0.081674 0.471899 0.462018 0.452236 0.103526 0.311409 0.025309 -0.088950 -0.185035 -0.313144 -0.324722 -0.128669 -0.431750 -0.507057 -0.445618 -0.199178 -0.049948 -0.357285 -0.181663 0.247897 0.359926 0.289274 0.136265 0.127283 0.026756 0.078434 0.001090 0.190238 -0.186938 0.099409 -0.390338 0.193496 -0.357997 0.190751 0.038150 0.218623 0.279192 0.109707 0.167542 -0.057776 -0.031531
-0.228077 -0.053495 -0.161425 0.002345 0.127993 -0.049094 -0.161409 0.020819 0.098599 -0.056088 -0.204385 0.189082 -0.315611 -0.228113 -0.116249 -0.047282 0.319964 -0.111458 0.049055 0.020110 -0.251712 -0.127615 -0.142374 -0.212363 -0.372433 -0.388328 0.278332 -0.228364 -0.050326 0.093431 -0.352804 -0.022665 0.361757 0.312769 1.000000 0.574966 0.109632 0.227377 0.102290 -0.059028 -0.186140 0.291853 0.022497 0.128543 -0.044636 0.034105 0.179514 0.271094 -0.170642 -0.277047 -0.227873 -0.224193 -0.141720 -0.042837 -0.045718 -0.158534 0.026191 -0.217885 0.004768 -0.130749 -0.024282 -0.105785 0.129487 -0.375938 0.037389 -0.019087 0.288182 0.157906 0.282812 -0.052951 -0.343039 -0.117653 -0.212396 -0.058836 -0.434267 -0.203349 0.385275 0.305246 0.168252 -0.073759 0.169312 -0.119799 -0.004385 0.078807 0.032166 0.032265 -0.093864 -0.269840 -0.083642 -0.072810 -0.142742 0.012119 -0.195398 0.030806 0.269263 0.280105 0.529649 0.362256 0.043216 0.193059 -0.089283 0.011238 0.185667 0.290352 0.300876 0.083700 0.213549 -0.380518 0.291209 0.424679 0.473709 0.340390 0.249451 0.318214 0.119050 0.161432
-0.260894 -0.210315 0.104669 0.015118 -0.067483 -0.077117 -0.094962 0.116506 0.168072 -0.041438 -0.197577 -0.036000 -0.224814 -0.148152 -0.077184 -0.110976 0.045367 -0.072729 -0.107959 -0.053165 -0.123984 -0.115297 0.064795 -0.097109 -0.045716 -0.020302 0.086483 -0.183195 -0.102485 -0.048673 -0.109257 0.010575 0.142389 0.417930 0.574966 1.000000 -0.137112 0.014970 -0.016381 -0.080322 -0.303028 0.081358 -0.027906 0.144225 0.029303 0.308532 -0.095608 0.400728 0.005605 -0.107449 -0.071972 -0.177984 -0.325781 -0.272083 -0.104864 -0.426277 -0.193154 -0.149388 0.101144 -0.198191 0.075829 0.038099 0.125704 -0.040902 0.236973 0.268051 0.251221 0.574120 0.074083 0.145332 -0.118809 0.027899 -0.208277 -0.060453 -0.262536 -0.024045 0.163872 0.251520 0.070170 0.026612 0.066430 -0.175504 -0.165734 -0.137985 -0.027198 -0.054711 -0.145775 -0.241740 -0.085661 -0.278390 -0.119953 0.003803 -0.164849 -0.182755 0.147945 0.023239 0.213810 0.085921 -0.079921 -0.026914 -0.092925 -0.187162 -0.046352 -0.033874 0.107129 -0.162275 0.137703 -0.098193 0.114738 0.281491 0.432153 0.134807 -0.072336 0.000113 -0.084984 -0.018042
