1.000000 0.356325 0.073828 -0.115420 0.070790 -0.057162 0.183205 -0.098201 0.075919 -0.065421 0.561149 0.021958 0.323296 -0.055892 0.265068 0.205201 0.186537 -0.156560 0.174303 0.208773 -0.048854 -0.179687 0.122257 -0.167372 -0.134252 -0.203463 0.009708 0.030736 0.274611 0.182017 -0.174557 -0.336081 0.385952 0.076733 -0.144489 -0.262271 0.087266 0.025740 0.085862 0.061206 0.071665 0.075941 -0.218199 -0.201443 -0.194362 -0.346492 -0.070744 -0.234373 -0.179364 -0.256959 0.015566 -0.172071 0.138873 -0.073621 0.082776 -0.011599 0.521448 0.173131 0.343997 0.070878 0.336896 0.336434 0.134107 0.205328 -0.142266 0.011708 0.124677 -0.406605 0.272550 -0.093410 -0.133063 -0.132104 0.206026 0.007735 0.178078 0.140136 0.297098 0.081611 -0.055872 0.092168 -0.054349 -0.052978 0.135538 -0.125809 0.106804 -0.096507 -0.119723 -0.066811 -0.000289 0.223907 -0.280173 0.040866 -0.241563 0.080320 0.042634 0.110251 -0.234862 -0.033712 -0.266586 0.125644 0.307621 0.315295 -0.052780 -0.001976 -0.352938 -0.255617 -0.235376 -0.109419 -0.119133 -0.070679 -0.310086 -0.259107 0.014290 0.091981 0.014661 0.022016
0.356325 1.000000 -0.208192 0.330854 -0.190086 -0.129084 0.003077 0.181896 -0.196238 -0.089897 0.296219 0.126346 0.033747 0.025970 -0.098013 0.117361 0.189017 -0.092033 0.192028 0.492828 -0.024960 -0.110355 -0.232481 -0.205077 -0.210751 -0.267036 -0.166501 -0.186381 0.117819 0.256412 -0.129130 -0.340840 0.370800 0.227336 -0.402871 -0.334043 0.035848 0.009121 -0.029462 -0.019324 0.011331 0.202915 -0.295520 -0.177403 -0.256435 -0.253358 -0.226443 -0.237565 -0.352343 -0.277832 -0.221757 -0.313992 -0.035141 -0.201054 -0.084642 -0.245808 0.423873 0.594650 -0.026781 0.228323 0.082269 0.610328 0.200168 0.381888 -0.224992 0.164171 0.010248 -0.274812 0.393278 0.194081 -0.156198 -0.143875 0.137254 0.200906 0.433327 0.213224 0.384346 0.215359 0.211739 0.122182 0.300412 0.110573 -0.201565 -0.125520 -0.035858 0.103020 -0.356437 -0.236510 -0.254834 0.081312 -0.071070 -0.289786 0.120794 -0.143408 0.049731 0.199191 -0.170687 -0.025748 -0.072987 0.029499 0.212160 -0.038611 -0.081299 -0.233270 -0.450138 -0.383911 -0.207496 -0.191255 -0.059069 -0.039220 -0.361308 -0.156328 0.012663 -0.050772 -0.291588 -0.036092
0.073828 -0.208192 1.000000 0.194709 0.502967 0.081276 0.769752 0.290920 0.413713 0.197061 0.077852 0.205952 -0.019038 0.071005 0.260472 -0.192937 -0.207073 0.030259 0.354132 0.135134 -0.050428 -0.372489 0.526484 0.073738 0.032609 -0.120616 0.153116 -0.175641 0.259364 -0.026782 0.177940 0.181045 0.053146 0.159610 0.167899 -0.038340 -0.140328 -0.415670 -0.365206 -0.351180 -0.224691 -0.252667 -0.053807 -0.153755 0.189530 -0.002414 0.171683 -0.207698 0.170512 0.012259 0.421013 -0.021460 0.078656 0.045970 -0.264828 -0.217662 -0.454858 -0.325045 0.166203 -0.211676 0.190241 -0.033030 -0.354004 -0.126386 0.688781 -0.098298 0.093512 -0.039549 -0.386315 -0.176220 0.244855 -0.142676 0.096770 -0.149479 -0.076344 0.065531 -0.055991 -0.156336 -0.257052 -0.104103 -0.308811 -0.038064 0.223979 0.392116 0.221319 -0.150982 -0.035407 -0.338297 0.166214 -0.317231 0.047718 0.103317 -0.037805 -0.038076 -0.172455 -0.428737 -0.238284 -0.329024 -0.068737 -0.409084 -0.314567 -0.110122 -0.178055 -0.205151 -0.147657 -0.225949 -0.180584 -0.201889 -0.225030 -0.159114 -0.117119 -0.172614 -0.106203 -0.204609 -0.062109 -0.089401
-0.115420 0.330854 0.194709 1.000000 0.077967 0.305459 0.007009 0.488539 0.086679 0.153592 0.029975 0.128643 -0.195955 0.047458 0.088533 0.181073 -0.244190 -0.072684 0.239612 0.154316 -0.191773 -0.220336 0.226767 0.246196 -0.048450 -0.090049 0.197420 0.048132 0.042766 0.073017 0.055602 0.117000 -0.214083 -0.007884 -0.078378 -0.097642 -0.124082 -0.056562 -0.263908 -0.104982 -0.128869 -0.094601 -0.049744 -0.200010 -0.264558 -0.234725 -0.014350 -0.316438 -0.186442 -0.262031 0.076712 -0.119671 0.234064 0.077826 0.023599 -0.404644 -0.142847 0.015151 -0.090713 -0.149908 -0.194169 0.126787 -0.214759 -0.130399 0.215442 0.271209 -0.249572 -0.101111 -0.054386 0.024922 0.075922 -0.062127 -0.083789 0.030015 0.029385 0.068082 -0.001013 0.072549 0.086230 -0.008202 -0.050478 -0.099074 -0.052953 0.414501 0.229671 0.346589 -0.125183 0.009109 0.175948 0.187124 0.306063 -0.215939 0.359527 -0.201356 0.164521 0.150665 -0.257281 0.001310 0.033154 -0.315867 -0.286261 -0.250852 -0.289593 -0.242045 -0.306591 -0.274589 -0.212543 -0.143907 -0.132949 0.051099 -0.260045 -0.255742 -0.124870 -0.203311 -0.008323 0.092353
0.070790 -0.190086 0.502967 0.077967 1.000000 0.376655 0.451818 0.214516 0.668745 0.353244 0.069812 -0.189429 0.112470 0.069256 0.512841 0.176277 0.028127 -0.166653 0.204544 0.072986 0.269992 -0.276232 0.244760 -0.288688 0.213354 -0.395176 0.546273 -0.121042 0.238544 0.294777 0.179085 -0.036939 -0.063059 -0.049713 0.209000 -0.078855 0.137948 -0.175019 -0.002835 -0.086318 -0.116947 -0.014179 0.000880 -0.238069 0.055419 -0.103630 0.068569 -0.282897 0.180428 -0.054379 0.409046 0.119418 0.163410 0.237052 -0.013628 -0.021980 -0.215707 -0.186970 0.230238 -0.149056 0.324080 -0.047974 -0.203700 -0.033526 0.453990 -0.056548 0.044214 -0.170598 -0.168023 -0.114402 0.396070 0.187288 0.297061 0.097681 0.097832 0.333001 0.060543 -0.097653 -0.107094 -0.112319 -0.239921 -0.017338 0.175706 0.261953 0.120793 -0.038860 -0.121494 -0.258643 0.103679 -0.048243 -0.135171 -0.125627 -0.156807 -0.098664 -0.268147 -0.139366 -0.174311 -0.266717 -0.044882 -0.348490 -0.197953 -0.117409 -0.222597 -0.329296 -0.204293 -0.187245 -0.226890 -0.162026 -0.007010 -0.293030 -0.194529 -0.271717 -0.184427 -0.271441 -0.209286 -0.220037
-0.057162 -0.129084 0.081276 0.305459 0.376655 1.000000 -0.090261 0.262500 0.421891 0.434081 -0.116385 -0.120987 0.162162 0.171411 0.420260 0.283342 -0.137880 -0.181155 -0.142156 -0.290018 -0.043335 -0.072798 0.238954 0.084481 0.297114 0.082759 0.489914 0.436746 -0.113769 -0.035900 0.136308 0.045827 -0.453609 -0.344500 0.188888 0.042187 0.026283 0.000778 -0.080212 0.041754 0.026037 -0.038852 0.107556 -0.194188 -0.282460 -0.204005 0.049533 -0.306064 0.024184 -0.225186 0.307074 0.130868 0.261275 0.143405 0.228057 -0.179214 -0.104288 -0.261350 0.100163 -0.181781 0.104630 -0.097271 -0.167551 -0.163524 0.227849 0.285890 -0.133758 -0.003042 -0.100643 -0.108903 0.271254 0.238147 -0.111549 -0.012687 -0.081151 0.058461 -0.160498 -0.183618 -0.091810 -0.147366 -0.212950 -0.178890 0.058640 0.215674 0.305282 0.285352 0.036170 0.120965 0.264653 0.363752 0.076199 -0.258074 0.279334 0.066198 0.086066 0.108383 -0.063177 -0.047452 -0.115722 -0.429235 -0.285087 -0.125801 -0.283236 -0.155034 0.004120 -0.056229 -0.076096 -0.107039 0.007360 -0.196796 -0.176227 -0.355511 -0.164430 -0.233368 -0.076130 -0.040004
0.183205 0.003077 0.769752 0.007009 0.451818 -0.090261 1.000000 0.280418 0.317015 0.160055 0.265810 0.247298 0.136906 0.212003 0.197350 -0.011387 0.080820 0.102283 0.450470 0.348957 -0.000981 -0.385768 0.179428 -0.201193 -0.110027 -0.337229 0.035813 -0.392372 0.402987 0.229905 0.034896 -0.125390 0.258196 0.214827 -0.039716 -0.279830 -0.044905 -0.397459 -0.188984 -0.317932 -0.156444 -0.071291 -0.121189 -0.185722 0.205285 -0.024748 0.048541 -0.204374 0.136841 0.016619 0.365447 -0.018372 -0.009968 0.009671 -0.291723 -0.193535 -0.287939 -0.180943 0.110981 -0.213186 0.331370 0.150572 -0.283636 -0.024309 0.502662 -0.044141 0.040993 -0.212495 -0.232488 -0.106862 0.156867 -0.253601 0.315154 0.020129 0.163633 0.225328 0.171075 -0.087568 -0.210942 -0.059375 -0.139603 0.041062 0.158371 0.312835 0.099641 -0.158427 -0.241113 -0.376306 -0.019272 -0.289676 -0.046244 0.135025 -0.106437 0.005906 -0.282140 -0.380673 -0.327675 -0.380612 -0.108839 -0.269468 -0.048605 -0.038377 -0.011397 -0.209586 -0.194851 -0.281448 -0.265495 -0.249882 -0.177864 -0.167253 -0.211814 -0.103827 -0.047425 -0.114390 -0.145434 -0.163029
-0.098201 0.181896 0.290920 0.488539 0.214516 0.262500 0.280418 1.000000 0.149209 0.341047 -0.112296 0.246285 -0.084106 0.325743 -0.019495 0.245224 -0.177862 -0.094822 -0.015502 0.096369 -0.008131 -0.207169 -0.102376 -0.078732 -0.160099 -0.298254 0.159089 -0.297081 -0.102904 0.201407 0.095615 0.050925 -0.099396 0.175799 -0.100128 0.027158 -0.151301 -0.266314 -0.149590 -0.047715 -0.193192 -0.034417 0.001286 -0.115050 -0.026020 0.091399 0.017485 -0.186568 -0.096423 -0.068930 0.164848 0.046002 -0.017067 -0.059391 -0.299226 -0.381626 -0.184364 -0.244594 -0.110012 -0.229112 0.031490 0.283052 -0.295632 -0.237936 0.355580 0.535007 -0.198085 0.175936 -0.169004 0.046804 0.121604 -0.052245 -0.084811 0.015167 -0.006389 0.234827 -0.064060 0.132628 -0.097799 -0.216169 -0.055084 -0.146550 -0.307702 0.314709 0.081393 0.246366 -0.341288 -0.226954 -0.122219 -0.084830 0.242149 -0.285162 0.261333 -0.324655 -0.068820 -0.003348 -0.282609 -0.237886 -0.052626 -0.321845 -0.181917 -0.286125 -0.203150 -0.422727 -0.336640 -0.358852 -0.290874 -0.195507 -0.111026 -0.039599 -0.205227 -0.137029 -0.000127 -0.304866 -0.237079 -0.169922
0.075919 -0.196238 0.413713 0.086679 0.668745 0.421891 0.317015 0.149209 1.000000 0.638330 0.150056 -0.102385 0.461770 0.226776 0.670546 0.353413 0.076509 -0.060356 0.113178 -0.056882 0.017736 -0.250528 0.478470 -0.125155 0.513444 -0.121832 0.325283 0.018885 0.130160 0.045138 0.152158 -0.057021 -0.155299 -0.178119 0.226906 -0.022173 -0.009975 -0.113270 0.013180 -0.039489 -0.141605 -0.264788 0.026665 -0.233978 -0.022157 -0.198421 0.017429 -0.289806 0.183047 -0.095854 0.401608 0.124308 0.148807 0.222384 0.050460 -0.217994 -0.276636 -0.223654 0.234589 -0.273261 0.269237 -0.066460 -0.240346 -0.177791 0.528513 0.179669 -0.113832 -0.310730 -0.269338 -0.216026 0.491877 0.354804 0.175794 0.138441 0.109452 0.216993 -0.031519 -0.281819 -0.049012 -0.107137 -0.217032 -0.031666 0.271653 0.032053 0.136945 -0.185597 -0.010715 -0.133914 0.342938 0.016349 -0.069979 -0.021728 -0.099629 0.077072 -0.126449 -0.256144 -0.242780 -0.285458 -0.287142 -0.433796 -0.197288 -0.135343 -0.200132 -0.177248 -0.067447 0.002368 -0.091148 -0.118521 -0.110329 -0.305924 -0.270621 -0.272760 -0.220372 -0.217026 -0.006228 -0.014715
-0.065421 -0.089897 0.197061 0.153592 0.353244 0.434081 0.160055 0.341047 0.638330 1.000000 0.156630 -0.008238 0.452437 0.423328 0.408295 0.500425 0.184496 -0.113587 -0.077352 -0.033048 0.068291 -0.178145 0.232809 -0.030078 0.608356 -0.106288 0.161736 -0.110332 -0.021740 0.051912 0.436826 0.085452 -0.098708 0.071447 0.130135 0.125620 -0.050412 -0.226744 -0.013297 -0.122287 -0.244939 -0.304215 -0.108266 -0.263117 -0.120828 -0.086708 -0.196011 -0.296351 -0.123752 -0.226759 0.079710 -0.129887 -0.160305 0.005160 -0.124519 -0.469451 -0.175084 -0.280627 -0.052944 -0.346299 0.130085 0.026365 -0.055712 -0.158398 0.534681 0.426179 -0.217883 -0.052381 -0.122990 -0.057603 0.553090 0.439743 0.127782 0.184683 0.055881 0.248567 -0.092414 -0.190715 0.026674 -0.073810 0.055539 -0.048389 0.090248 0.074973 0.210670 0.028781 0.084653 -0.051418 0.186504 -0.096229 -0.051088 -0.160821 0.146909 -0.027853 -0.171007 -0.201981 -0.217390 -0.168263 -0.354283 -0.415645 -0.205043 -0.269537 -0.194511 -0.232693 -0.102321 -0.036139 -0.041460 -0.260207 0.034555 -0.296913 -0.270653 -0.253071 -0.128141 -0.250543 -0.161450 -0.052863
0.561149 0.296219 0.077852 0.029975 0.069812 -0.116385 0.265810 -0.112296 0.150056 0.156630 1.000000 0.090869 0.500587 0.041018 0.366803 0.332921 0.300198 -0.177039 0.306377 0.304488 -0.051042 -0.194415 0.177213 -0.136577 -0.031028 -0.420161 0.092699 -0.139520 0.514096 0.263006 0.146879 -0.127621 0.302209 0.187888 -0.109259 -0.207144 0.112345 -0.096669 0.183509 -0.021012 -0.019342 -0.086008 -0.338088 -0.328443 -0.087762 -0.269659 -0.275434 -0.307797 -0.157584 -0.247697 -0.094514 -0.250136 -0.085752 -0.040307 -0.005064 -0.139263 0.232693 0.039198 0.054796 -0.137529 0.123474 0.194329 0.051038 0.084188 0.122642 0.085168 -0.046116 -0.355364 -0.019157 -0.034953 -0.016677 -0.018505 0.382663 -0.017136 0.160415 0.189951 0.251215 -0.003365 -0.121916 0.087095 0.078558 -0.039583 0.375322 0.068412 0.247901 0.076065 -0.060171 -0.022408 -0.057537 0.013107 -0.264748 0.155270 -0.260665 -0.043462 -0.142622 0.049079 -0.272792 -0.085925 -0.245897 0.121338 0.220964 0.116403 -0.054878 -0.180614 -0.339211 -0.289682 -0.393333 -0.327940 -0.055934 -0.097911 -0.261567 -0.062677 0.097290 -0.030782 -0.205397 -0.129196
0.021958 0.126346 0.205952 0.128643 -0.189429 -0.120987 0.247298 0.246285 -0.102385 -0.008238 0.090869 1.000000 0.059834 0.483229 -0.151548 -0.089193 -0.132862 0.408947 -0.032876 0.055913 -0.291166 -0.177939 -0.020142 0.198241 -0.205523 0.095218 -0.204898 -0.004884 0.123220 -0.001532 -0.098044 0.059393 -0.090953 0.062713 -0.042162 0.072177 -0.134049 -0.232319 -0.182814 -0.137503 -0.060870 -0.253492 -0.218344 -0.141002 -0.054403 0.034087 -0.088775 -0.137021 -0.019889 -0.081894 0.073815 -0.120369 0.096572 -0.138636 -0.097032 -0.239472 -0.279528 -0.229440 0.063541 -0.082095 0.089879 0.112780 -0.103447 -0.071384 0.121815 0.247655 -0.030399 0.059122 -0.253364 -0.103157 -0.105486 -0.245323 -0.089203 -0.241129 -0.103131 -0.202745 -0.027633 -0.103042 0.060187 -0.098449 0.032961 0.011213 0.148518 0.436499 0.236265 0.223330 0.011208 0.034669 0.131100 -0.046039 0.205170 -0.084130 0.316299 -0.020664 0.029026 -0.158967 -0.063070 0.053429 -0.052901 -0.180151 -0.152672 -0.109653 -0.057006 -0.079716 -0.018139 -0.242824 -0.069574 -0.227836 -0.162881 0.032973 -0.009639 -0.017748 -0.057548 0.000470 0.123387 0.005258
0.323296 0.033747 -0.019038 -0.195955 0.112470 0.162162 0.136906 -0.084106 0.461770 0.452437 0.500587 0.059834 1.000000 0.384306 0.600991 0.528333 0.360039 -0.000564 -0.148403 -0.128816 -0.102011 -0.007056 0.281789 -0.099730 0.299667 -0.074848 0.069476 0.044880 0.297981 0.114629 0.220605 -0.016572 0.069083 -0.026665 -0.005997 0.003038 0.075772 -0.095276 0.346272 0.114701 0.039729 -0.250858 -0.122801 -0.227545 -0.123408 -0.250557 -0.253794 -0.306635 0.001483 -0.250653 0.092256 -0.065256 -0.083142 -0.012916 0.128608 -0.200967 0.043267 -0.219124 0.104006 -0.339658 0.355865 -0.046833 0.013447 -0.154743 0.158094 0.264629 -0.119215 -0.320893 -0.097549 -0.292033 0.089000 0.196349 0.276773 0.007816 0.008371 0.085298 -0.021064 -0.274177 -0.071472 -0.005120 0.053289 0.016818 0.370878 -0.099241 0.098926 -0.080334 0.226480 0.157192 0.296187 0.112620 -0.338542 0.024576 -0.164961 0.121079 -0.059724 0.012965 -0.095001 -0.079592 -0.500286 -0.126834 0.131869 -0.017613 -0.023193 -0.043874 -0.051340 0.063044 -0.074716 -0.143385 -0.036723 -0.075714 -0.361994 -0.193528 -0.043828 -0.052147 0.002200 -0.033074
-0.055892 0.025970 0.071005 0.047458 0.069256 0.171411 0.212003 0.325743 0.226776 0.423328 0.041018 0.483229 0.384306 1.000000 0.192737 0.323850 0.184413 0.264735 -0.079155 -0.004721 -0.045611 -0.147440 -0.137289 -0.283125 0.123417 -0.195820 -0.030095 -0.219175 0.128139 0.209448 0.227458 0.007485 -0.094572 -0.086561 -0.143676 -0.114833 0.018614 -0.278709 0.120247 -0.073626 0.003314 -0.216816 0.046523 -0.093185 0.019766 -0.010622 -0.031555 -0.108769 0.138413 0.020758 0.172419 0.071218 0.085914 0.089672 -0.158107 -0.199830 -0.096734 -0.273506 0.116908 -0.206395 0.395732 0.088271 -0.049671 -0.037281 0.226338 0.210720 -0.172675 -0.123196 -0.126524 -0.030816 0.195064 0.198621 0.192175 0.106774 0.082356 0.052941 0.026233 -0.246626 0.019374 -0.070565 0.003941 0.033373 0.159895 0.262509 0.037763 0.018563 0.198613 0.006931 0.057253 -0.031589 0.056491 -0.186107 0.115326 -0.183290 -0.194988 -0.126260 -0.142894 -0.130995 -0.117806 -0.193703 -0.209872 -0.187764 -0.107453 -0.296943 -0.193529 -0.221724 -0.063998 -0.152711 -0.172921 -0.173822 -0.229488 -0.041531 0.087699 -0.131049 -0.066393 -0.261841
0.265068 -0.098013 0.260472 0.088533 0.512841 0.420260 0.197350 -0.019495 0.670546 0.408295 0.366803 -0.151548 0.600991 0.192737 1.000000 0.454723 0.167492 -0.148210 0.113850 -0.075977 0.076956 -0.218967 0.449260 -0.229601 0.255900 -0.258265 0.473329 0.157100 0.421665 0.203275 0.140668 -0.031732 -0.093008 -0.212998 0.179564 -0.136880 0.227217 -0.022291 0.188422 0.034350 0.056692 -0.204393 0.091648 -0.179920 -0.111925 -0.311409 -0.006518 -0.310676 0.077246 -0.181648 0.316275 0.026827 0.120141 0.242379 0.145509 -0.100330 -0.082207 -0.211857 0.111704 -0.389194 0.293485 -0.154176 -0.313210 -0.239586 0.363501 0.046598 -0.184699 -0.441986 -0.160285 -0.352164 0.207242 0.217217 0.346906 -0.003920 0.088700 0.154377 0.082774 -0.053502 -0.164590 -0.053034 -0.231467 -0.105157 0.522382 0.168512 0.263897 -0.009255 0.182301 -0.005859 0.365645 0.163261 -0.162431 0.008281 -0.192031 0.068171 -0.007811 0.110016 -0.177297 -0.080329 -0.317393 -0.235169 -0.078546 -0.027813 -0.231773 -0.180261 -0.183406 -0.016471 -0.103916 -0.081884 -0.112056 -0.133646 -0.406577 -0.340498 -0.102793 -0.162724 -0.029559 -0.001326
0.205201 0.117361 -0.192937 0.181073 0.176277 0.283342 -0.011387 0.245224 0.353413 0.500425 0.332921 -0.089193 0.528333 0.323850 0.454723 1.000000 0.271066 -0.161496 -0.112045 -0.031208 -0.103516 -0.105588 -0.019211 -0.172406 0.137053 -0.309842 0.195975 0.005508 0.198642 0.368339 0.088337 -0.173456 0.037729 0.010842 -0.111709 -0.073193 0.012027 0.059586 0.257511 0.108654 -0.021450 -0.047236 -0.063285 -0.187731 -0.283853 -0.255127 -0.247537 -0.265780 -0.152855 -0.267988 -0.101586 -0.070601 -0.053432 -0.020648 0.232324 -0.268834 0.163306 -0.070841 -0.013610 -0.231374 0.126059 0.158693 -0.022633 -0.204004 -0.002113 0.406789 -0.255922 -0.239290 0.109244 -0.017308 0.034261 0.101381 0.290943 0.186405 0.164613 0.207215 0.093508 0.039254 0.083819 0.004269 0.077212 -0.159335 0.060722 0.088399 0.064053 0.134705 -0.188544 0.176036 0.094912 0.251114 -0.079928 -0.202775 -0.060888 -0.089886 -0.029937 0.261923 -0.246663 -0.083064 -0.239992 -0.047528 0.166920 -0.161195 -0.022195 -0.170911 -0.192238 -0.082036 -0.185445 -0.016688 -0.032571 -0.187671 -0.319113 -0.249738 0.068406 0.010526 -0.014219 -0.030325
0.186537 0.189017 -0.207073 -0.244190 0.028127 -0.137880 0.080820 -0.177862 0.076509 0.184496 0.300198 -0.132862 0.360039 0.184413 0.167492 0.271066 1.000000 0.339824 0.112095 0.288819 0.152982 -0.101387 -0.152174 -0.492481 0.130225 -0.289095 -0.046134 -0.347337 0.454987 0.467346 0.077736 -0.336815 0.298515 0.112471 -0.068017 -0.293062 0.299377 -0.095715 0.230666 -0.111037 0.158187 -0.090787 -0.205688 -0.176817 -0.038464 -0.159527 -0.273367 -0.171345 -0.238953 -0.147469 -0.163038 -0.245329 -0.278800 -0.044475 -0.097636 0.015466 0.459078 0.348616 -0.213502 -0.209990 0.243162 0.065154 0.411274 0.305616 0.052629 -0.071572 -0.136256 -0.391584 0.263406 -0.147223 0.056845 0.077332 0.591384 0.185509 0.274392 0.211063 0.399737 0.036755 0.385349 0.549120 0.600825 0.593015 0.036205 -0.247405 -0.046589 -0.175292 -0.098938 -0.048624 -0.108313 -0.153932 -0.366037 -0.139883 -0.297207 0.011664 -0.171348 0.065637 -0.208158 -0.041846 -0.201728 0.144056 0.170756 0.020856 -0.002286 -0.008706 -0.124989 -0.012618 -0.221473 -0.189590 0.063404 -0.213491 -0.289926 -0.129118 -0.075304 -0.002241 -0.180096 0.025556
-0.156560 -0.092033 0.030259 -0.072684 -0.166653 -0.181155 0.102283 -0.094822 -0.060356 -0.113587 -0.177039 0.408947 -0.000564 0.264735 -0.148210 -0.161496 0.339824 1.000000 0.069524 0.030389 -0.172518 -0.023159 -0.047075 -0.048677 -0.097982 0.170511 -0.158670 -0.128806 0.291441 0.241241 -0.223275 -0.093383 -0.164654 -0.083939 0.010612 -0.046444 -0.035615 -0.159163 -0.101139 -0.246016 0.113481 -0.261548 -0.035715 -0.004068 0.052324 0.009801 -0.035459 -0.046547 0.016147 0.045570 0.015382 -0.087361 -0.019605 -0.052837 -0.068542 0.019806 -0.149151 0.185880 -0.144975 -0.107260 0.018927 -0.103934 0.207482 0.115250 0.034713 -0.080241 -0.103316 -0.223885 -0.113067 -0.277251 -0.036641 -0.091937 0.219206 0.033961 -0.002187 -0.194108 0.177583 -0.146535 0.413239 0.504457 0.328213 0.553934 0.017356 0.061123 -0.092511 -0.225345 0.006824 0.057865 0.165674 -0.124404 -0.049954 -0.151966 0.004784 0.063533 0.025127 -0.178283 -0.023196 0.091514 -0.053047 -0.077843 -0.155097 0.098338 -0.011945 0.265469 0.129596 0.157191 0.039811 -0.019039 -0.162548 -0.048228 -0.031453 -0.017748 -0.193206 0.083426 0.245050 0.174840
0.174303 0.192028 0.354132 0.239612 0.204544 -0.142156 0.450470 -0.015502 0.113178 -0.077352 0.306377 -0.032876 -0.148403 -0.079155 0.113850 -0.112045 0.112095 0.069524 1.000000 0.637715 0.063012 -0.267176 0.144058 -0.202145 -0.109873 -0.269897 0.020593 -0.342624 0.407656 0.241316 0.000774 -0.179739 0.196534 0.045436 -0.221128 -0.401776 0.098894 -0.010437 -0.104134 -0.183142 0.121593 0.060954 -0.059056 -0.110957 0.093259 -0.205684 0.068026 -0.091005 -0.053776 -0.013011 0.044440 -0.105031 0.185619 0.164076 -0.096934 0.024528 0.002754 0.152574 -0.088879 -0.142461 -0.004012 -0.014410 -0.145839 0.033308 0.129649 -0.331650 -0.164295 -0.453022 0.217677 0.074380 0.159860 -0.088675 0.390000 0.205173 0.351747 0.264112 0.360858 0.028829 0.084650 0.112936 0.010512 0.183488 0.140850 0.197198 -0.078503 -0.172928 -0.170685 -0.267116 -0.045069 -0.218616 0.015365 0.166877 -0.164397 -0.014838 -0.083841 -0.114029 -0.270294 -0.058991 0.006944 0.010208 -0.029086 0.202239 0.016298 -0.002671 -0.216166 -0.116606 -0.188294 -0.204456 -0.177641 0.002449 -0.174848 0.002731 -0.051589 0.068107 -0.036856 -0.000341
0.208773 0.492828 0.135134 0.154316 0.072986 -0.290018 0.348957 0.096369 -0.056882 -0.033048 0.304488 0.055913 -0.128816 -0.004721 -0.075977 -0.031208 0.288819 0.030389 0.637715 1.000000 0.015212 -0.416262 -0.195716 -0.298381 -0.183627 -0.419450 -0.207419 -0.416165 0.218918 0.251470 -0.122894 -0.433475 0.344920 0.229347 -0.311623 -0.401686 -0.028387 -0.138180 -0.162274 -0.223432 -0.089444 0.154484 -0.187996 -0.118535 0.108114 -0.084964 -0.066129 -0.052108 -0.090328 0.017606 -0.042515 -0.169476 0.032032 0.093266 -0.218010 -0.067471 0.190899 0.372990 -0.086269 -0.004962 -0.125281 0.175462 -0.046563 0.135585 0.008800 -0.208471 -0.100839 -0.353397 0.419800 0.382574 0.078976 -0.231666 0.247335 0.119731 0.382722 0.334216 0.332162 0.111474 0.143328 0.093327 0.280694 0.291324 0.038298 0.163262 -0.120507 -0.146493 -0.352078 -0.350683 -0.217937 -0.306631 0.058624 0.109756 -0.137081 -0.130085 -0.190709 -0.160142 -0.322898 -0.179939 0.103546 0.192675 0.139645 0.164504 0.105160 -0.071604 -0.296751 -0.274408 -0.300117 -0.331590 -0.144170 -0.146738 -0.165103 0.010435 -0.054560 -0.036563 -0.252562 -0.035699
-0.048854 -0.024960 -0.050428 -0.191773 0.269992 -0.043335 -0.000981 -0.008131 0.017736 0.068291 -0.051042 -0.291166 -0.102011 -0.045611 0.076956 -0.103516 0.152982 -0.172518 0.063012 0.015212 1.000000 0.379182 -0.141010 -0.214779 0.218048 -0.068086 0.245586 -0.113374 0.078014 0.218212 0.254335 0.152428 0.187246 0.129696 -0.005684 0.048088 0.490282 0.102854 0.216969 0.196287 0.176322 0.141307 -0.017752 0.016228 0.034546 0.043642 0.026082 0.103566 -0.102932 -0.011896 -0.074771 -0.076039 -0.224542 -0.008984 -0.353114 0.099839 0.119571 0.083315 -0.038464 0.085787 0.104864 0.082358 0.060534 0.179868 0.009072 -0.103827 0.106014 0.040780 0.114363 0.014261 0.304282 0.409762 0.291747 0.369225 0.335119 0.358471 0.332314 0.284485 0.010972 0.178935 0.074935 0.066917 -0.165450 -0.238241 -0.141133 -0.011270 0.083834 -0.195140 -0.396502 -0.200424 -0.298511 -0.227973 -0.136134 -0.176193 -0.360409 -0.060106 -0.059834 0.004298 -0.114033 -0.063467 -0.092498 -0.057209 -0.230070 -0.331065 -0.269218 -0.106138 0.070371 -0.114066 -0.067535 0.074972 0.019111 0.036756 0.012950 -0.179885 -0.416087 -0.311522
-0.179687 -0.110355 -0.372489 -0.220336 -0.276232 -0.072798 -0.385768 -0.207169 -0.250528 -0.178145 -0.194415 -0.177939 -0.007056 -0.147440 -0.218967 -0.105588 -0.101387 -0.023159 -0.267176 -0.416262 0.379182 1.000000 -0.020228 0.278754 0.196978 0.465675 0.018015 0.252521 -0.210684 -0.070647 0.270687 0.416276 0.052033 0.133652 -0.095411 0.313486 0.180571 0.310298 0.358836 0.516952 0.295623 0.160750 -0.109364 0.035476 -0.211203 -0.061760 -0.268652 0.109769 -0.213897 -0.182927 -0.411929 -0.187140 -0.339493 -0.361257 -0.068345 0.104398 0.075029 -0.030105 -0.143788 0.095340 0.010352 -0.048850 0.262737 0.125004 -0.316298 0.001369 0.115649 0.279778 0.022763 -0.109881 -0.066946 0.332595 -0.065371 0.198483 -0.027121 0.027629 0.065501 0.100623 0.022936 0.175906 0.076408 -0.004597 -0.122435 -0.352713 -0.168072 0.045799 0.270008 0.269320 -0.122924 0.115102 -0.337751 -0.140285 -0.105452 -0.053718 -0.096400 0.113135 0.220013 0.325614 -0.148893 0.103632 0.009275 -0.156726 -0.011158 0.013345 0.069445 0.169220 0.246970 0.155066 -0.017430 0.250231 0.380965 0.210060 0.025755 0.173875 0.024180 -0.132914
0.122257 -0.232481 0.526484 0.226767 0.244760 0.238954 0.179428 -0.102376 0.478470 0.232809 0.177213 -0.020142 0.281789 -0.137289 0.449260 -0.019211 -0.152174 -0.047075 0.144058 -0.195716 -0.141010 -0.020228 1.000000 0.440573 0.438634 0.287046 0.202969 0.319411 0.155490 -0.315997 0.318484 0.356728 -0.081324 -0.077277 0.309067 0.113010 -0.117182 -0.080689 -0.139367 -0.058596 -0.160406 -0.314353 -0.088436 -0.168921 -0.096546 -0.271891 -0.032122 -0.275691 -0.019816 -0.210774 0.240914 -0.115371 0.046008 0.071259 0.064925 -0.221764 -0.241730 -0.249852 0.037267 -0.320922 -0.035933 -0.300866 -0.189030 -0.211458 0.496107 -0.070197 -0.120908 -0.208947 -0.297312 -0.389754 0.240350 0.155968 0.004633 -0.132872 -0.190779 -0.081888 -0.125401 -0.254839 -0.084892 -0.029016 -0.233746 -0.073213 0.319916 0.077503 0.332083 -0.070101 0.275082 0.069479 0.513964 0.005771 -0.092190 0.096942 -0.011999 0.166485 0.051847 -0.236224 -0.097153 -0.083061 -0.301637 -0.348571 -0.242937 -0.095502 -0.176343 0.102461 0.071323 0.127540 -0.028982 -0.085915 -0.184202 -0.041022 -0.117377 -0.245607 -0.235992 0.008634 0.242154 0.254571
-0.167372 -0.205077 0.073738 0.246196 -0.288688 0.084481 -0.201193 -0.078732 -0.125155 -0.030078 -0.136577 0.198241 -0.099730 -0.283125 -0.229601 -0.172406 -0.492481 -0.048677 -0.202145 -0.298381 -0.214779 0.278754 0.440573 1.000000 0.205558 0.670268 -0.119178 0.558240 -0.370826 -0.567492 0.090783 0.485960 -0.262413 -0.014241 0.083500 0.386392 -0.371127 -0.050966 -0.287745 -0.013934 -0.197521 -0.166690 -0.076619 0.027107 -0.129226 0.053155 -0.083021 0.028838 -0.086550 -0.104876 -0.050337 -0.064603 -0.011686 -0.164861 0.142810 -0.235576 -0.265124 -0.282813 -0.057312 -0.015458 -0.351222 -0.250237 0.013394 -0.192688 0.024253 0.095794 -0.032941 0.395976 -0.216009 0.015896 -0.024409 -0.018240 -0.544534 -0.238462 -0.417604 -0.283577 -0.441811 -0.192686 -0.088492 -0.122650 -0.108179 -0.191864 -0.017148 0.046084 0.172059 0.223017 0.246222 0.402941 0.300364 0.176078 0.140072 0.084099 0.295460 0.124278 0.089186 -0.228716 0.182303 0.044182 0.003494 -0.172449 -0.128208 -0.118870 0.039554 0.225988 0.301676 0.076729 0.126179 -0.050295 0.018538 0.181916 0.278991 0.013612 -0.081841 0.079749 0.282861 0.195580
-0.134252 -0.210751 0.032609 -0.048450 0.213354 0.297114 -0.110027 -0.160099 0.513444 0.608356 -0.031028 -0.205523 0.299667 0.123417 0.255900 0.137053 0.130225 -0.097982 -0.109873 -0.183627 0.218048 0.196978 0.438634 0.205558 1.000000 0.354551 0.097091 0.191564 -0.173631 -0.253627 0.560022 0.349052 -0.079725 -0.018029 0.190089 0.232952 -0.042600 -0.053118 -0.067560 -0.016951 -0.180791 -0.246318 -0.117229 -0.197203 -0.154405 -0.174259 -0.199234 -0.153557 -0.055964 -0.190199 0.022799 -0.104022 -0.125153 -0.009182 -0.069107 -0.290232 -0.095712 -0.093893 0.028145 -0.137412 0.040830 -0.183176 0.091059 0.047458 0.303059 0.058249 -0.136402 -0.047190 -0.099233 -0.125866 0.594578 0.654335 0.002084 0.183323 0.036945 0.166249 -0.098956 -0.258763 0.169012 0.014071 0.124501 0.087695 0.067288 -0.241682 0.072184 -0.142945 0.305642 0.098025 0.245841 -0.060959 -0.190411 -0.094620 0.013854 0.065516 -0.147002 -0.217334 -0.020262 -0.040808 -0.241814 -0.287252 -0.245890 -0.203000 -0.114492 -0.033172 0.104001 0.175314 0.249625 -0.087730 0.016679 -0.237114 -0.031015 -0.145380 -0.156207 -0.100403 -0.011087 -0.010444
-0.203463 -0.267036 -0.120616 -0.090049 -0.395176 0.082759 -0.337229 -0.298254 -0.121832 -0.106288 -0.420161 0.095218 -0.074848 -0.195820 -0.258265 -0.309842 -0.289095 0.170511 -0.269897 -0.419450 -0.068086 0.465675 0.287046 0.670268 0.354551 1.000000 -0.209030 0.532366 -0.374044 -0.557486 -0.024463 0.385957 -0.349688 -0.184281 0.065410 0.420187 -0.187639 0.124574 -0.206792 0.063339 0.055171 -0.207900 0.046998 0.192174 -0.130851 0.078046 0.050654 0.189047 -0.010130 -0.023591 0.010906 0.027792 0.004622 -0.144035 0.017092 -0.083423 -0.198776 -0.107516 -0.001299 0.024959 -0.223810 -0.249755 0.040192 -0.067614 -0.173596 0.046769 -0.015624 0.271409 -0.069635 -0.136550 -0.030731 0.121123 -0.448021 -0.122601 -0.309246 -0.331107 -0.280819 -0.198084 0.109742 0.022811 -0.001719 0.038933 -0.083936 -0.254437 -0.050490 -0.075644 0.294524 0.264136 0.292716 0.096469 0.043145 0.047876 0.290553 0.331738 0.220736 -0.154173 0.149469 0.215130 -0.117028 -0.192107 -0.198870 -0.014045 0.022011 0.359536 0.423778 0.361019 0.428663 0.183866 -0.038413 0.132211 0.224902 -0.015345 -0.123285 0.163843 0.345831 0.257016
0.009708 -0.166501 0.153116 0.197420 0.546273 0.489914 0.035813 0.159089 0.325283 0.161736 0.092699 -0.204898 0.069476 -0.030095 0.473329 0.195975 -0.046134 -0.158670 0.020593 -0.207419 0.245586 0.018015 0.202969 -0.119178 0.097091 -0.209030 1.000000 0.256090 0.259654 0.204259 0.127039 0.045595 -0.202916 -0.138146 0.285885 0.073596 0.189635 -0.029103 0.141734 0.068811 0.088628 0.002352 -0.024225 -0.268170 -0.252509 -0.234605 -0.041515 -0.329127 0.001564 -0.204657 0.225735 0.033249 0.057035 0.037726 0.089994 -0.041334 -0.150218 -0.165688 0.134722 -0.098124 0.171509 -0.019559 -0.154922 -0.042396 0.268170 0.120124 0.020669 -0.062048 -0.157761 -0.213994 0.105298 0.091965 0.146284 -0.060093 -0.057829 0.077677 -0.024906 0.013840 -0.161989 -0.040930 -0.151425 -0.048589 0.171670 0.211658 0.314542 0.238551 0.067791 0.101492 0.203061 0.295263 -0.190837 -0.183663 -0.073975 -0.094117 -0.004278 0.146234 -0.037606 0.081004 -0.170615 -0.302698 -0.126613 -0.058727 -0.230037 -0.265059 -0.223500 -0.129203 -0.164816 0.001828 -0.023885 -0.094570 -0.110157 -0.274993 -0.161878 -0.294779 -0.238216 -0.181963
0.030736 -0.186381 -0.175641 0.048132 -0.121042 0.436746 -0.392372 -0.297081 0.018885 -0.110332 -0.139520 -0.004884 0.044880 -0.219175 0.157100 0.005508 -0.347337 -0.128806 -0.342624 -0.416165 -0.113374 0.252521 0.319411 0.558240 0.191564 0.532366 0.256090 1.000000 -0.236700 -0.402780 -0.130656 0.143908 -0.344305 -0.371970 0.231612 0.196475 -0.051732 0.179895 -0.043773 0.168302 0.038865 -0.012425 0.052887 -0.034692 -0.324810 -0.213356 0.020532 -0.054986 0.039573 -0.152299 0.070887 0.079029 0.201878 -0.036640 0.429725 -0.013550 -0.065099 -0.141217 0.174560 0.162762 -0.180620 -0.226755 -0.045848 -0.132880 -0.198291 -0.017596 0.067684 0.109934 -0.062297 -0.077279 -0.103065 0.051643 -0.409034 -0.171293 -0.250641 -0.302387 -0.240808 -0.139952 -0.075225 -0.129479 -0.216379 -0.239552 0.198808 0.006136 0.272313 0.323592 0.282991 0.385409 0.336556 0.517852 0.067884 0.008993 0.217763 0.277375 0.247770 0.077243 0.204644 0.196995 -0.033863 -0.097282 -0.053765 0.029364 0.018186 0.228152 0.327262 0.124890 0.196933 0.132649 0.007425 0.108706 0.178172 -0.121432 -0.131657 0.062735 0.214781 0.163564
0.274611 0.117819 0.259364 0.042766 0.238544 -0.113769 0.402987 -0.102904 0.130160 -0.021740 0.514096 0.123220 0.297981 0.128139 0.421665 0.198642 0.454987 0.291441 0.407656 0.218918 0.078014 -0.210684 0.155490 -0.370826 -0.173631 -0.374044 0.259654 -0.236700 1.000000 0.579016 0.043192 -0.177546 0.232709 0.069011 0.048307 -0.290098 0.361534 -0.148321 0.146083 -0.179867 0.312372 -0.269353 -0.150150 -0.235598 -0.036595 -0.261745 -0.108407 -0.368343 -0.162892 -0.226138 0.072487 -0.228547 -0.056868 0.056368 0.027872 -0.047287 0.027494 0.073509 -0.162218 -0.305905 0.235492 0.020673 -0.048871 0.027100 0.192155 -0.150877 -0.029263 -0.456840 -0.037349 -0.328609 -0.136245 -0.254241 0.735909 -0.029959 0.214665 -0.002250 0.420716 0.017316 0.064193 0.401474 0.127467 0.253848 0.370666 0.257311 0.198505 0.065284 -0.037780 -0.080028 0.068348 -0.067650 -0.280512 -0.086452 -0.349687 -0.035479 -0.002216 0.164359 -0.232860 0.036151 -0.285376 -0.156586 0.049117 0.058563 -0.052496 -0.088810 -0.208133 -0.059453 -0.182372 -0.101123 -0.146835 -0.009071 -0.412510 -0.286698 -0.083776 -0.088466 -0.101912 -0.042249
0.182017 0.256412 -0.026782 0.073017 0.294777 -0.035900 0.229905 0.201407 0.045138 0.051912 0.263006 -0.001532 0.114629 0.209448 0.203275 0.368339 0.467346 0.241241 0.241316 0.251470 0.218212 -0.070647 -0.315997 -0.567492 -0.253627 -0.557486 0.204259 -0.402780 0.579016 1.000000 0.040470 -0.224471 0.201232 0.196973 -0.067600 -0.280108 0.416650 0.125680 0.308057 -0.015663 0.343756 0.147821 -0.198298 -0.318480 -0.203485 -0.261249 -0.190723 -0.321216 -0.288198 -0.284304 -0.170254 -0.277011 -0.106809 -0.088893 0.012487 0.030014 0.142317 0.143045 -0.160924 -0.184328 0.326195 0.202879 0.103364 0.188077 -0.021565 0.021333 -0.067435 -0.341486 0.067324 -0.189122 -0.039051 -0.024890 0.707794 0.353414 0.398521 0.411138 0.579904 0.369714 0.240565 0.394588 0.220350 0.301709 0.072944 0.197525 -0.025010 0.110632 -0.241845 -0.110032 -0.240571 -0.021526 -0.228831 -0.343964 -0.251809 -0.282746 -0.118583 0.280513 -0.189546 -0.045439 -0.090701 -0.044661 0.069314 -0.035968 -0.045061 -0.244733 -0.304298 -0.223800 -0.258896 -0.174296 -0.028441 -0.118530 -0.266294 -0.104898 -0.015218 -0.050534 -0.224381 -0.182817
-0.174557 -0.129130 0.177940 0.055602 0.179085 0.136308 0.034896 0.095615 0.152158 0.436826 0.146879 -0.098044 0.220605 0.227458 0.140668 0.088337 0.077736 -0.223275 0.000774 -0.122894 0.254335 0.270687 0.318484 0.090783 0.560022 -0.024463 0.127039 -0.130656 0.043192 0.040470 1.000000 0.656625 0.180759 0.384468 0.146262 0.279379 0.044618 -0.149728 0.074512 0.020484 -0.029708 -0.177868 -0.263673 -0.265060 -0.053123 -0.044124 -0.331022 -0.255722 -0.243392 -0.278561 -0.198709 -0.324254 -0.351990 -0.192727 -0.212440 -0.292503 -0.023658 -0.290301 -0.200549 -0.270404 0.189516 -0.153078 0.133349 0.073830 0.432976 0.026245 -0.065854 0.192987 -0.164668 -0.124452 0.349727 0.511539 0.143673 0.118332 -0.081924 0.212916 -0.069517 -0.131629 -0.069179 0.000041 0.108644 0.044924 0.121563 0.046287 0.169090 0.175748 0.333175 0.058897 -0.009865 -0.243774 -0.302939 -0.263756 -0.117503 -0.350547 -0.240210 -0.074929 0.040531 -0.032183 -0.174054 -0.218970 -0.232867 -0.344348 -0.115589 -0.333417 -0.146554 -0.109089 0.001397 -0.188368 0.011973 -0.100217 -0.030147 -0.055543 0.034146 -0.178411 -0.198871 -0.262434
-0.336081 -0.340840 0.181045 0.117000 -0.036939 0.045827 -0.125390 0.050925 -0.057021 0.085452 -0.127621 0.059393 -0.016572 0.007485 -0.031732 -0.173456 -0.336815 -0.093383 -0.179739 -0.433475 0.152428 0.416276 0.356728 0.485960 0.349052 0.385957 0.045595 0.143908 -0.177546 -0.224471 0.656625 1.000000 -0.099767 0.280536 0.092496 0.526031 -0.100084 -0.074317 -0.112702 0.035949 -0.025297 -0.223263 0.006665 0.020882 0.044619 0.198408 -0.025425 0.057250 -0.038455 -0.053211 -0.067658 -0.089584 -0.188673 -0.125070 -0.189368 -0.207250 -0.282172 -0.413599 -0.159643 -0.247619 -0.026529 -0.259469 -0.032362 -0.033736 0.277088 0.055593 -0.108019 0.410351 -0.402918 -0.196884 0.113494 0.395785 -0.207720 -0.062411 -0.315342 0.027764 -0.281846 -0.039258 -0.155914 -0.067096 -0.070410 -0.060010 0.049511 0.056652 0.041291 0.113744 0.423458 0.195376 0.049736 -0.195066 -0.042691 -0.179898 0.079045 -0.285073 -0.058026 -0.089501 0.236961 0.037826 0.000326 -0.255709 -0.397547 -0.255090 -0.191337 -0.168710 -0.006584 -0.057121 0.132085 -0.080956 0.055000 0.186960 0.167681 0.074609 0.050444 -0.080613 0.074287 -0.148820
0.385952 0.370800 0.053146 -0.214083 -0.063059 -0.453609 0.258196 -0.099396 -0.155299 -0.098708 0.302209 -0.090953 0.069083 -0.094572 -0.093008 0.037729 0.298515 -0.164654 0.196534 0.344920 0.187246 0.052033 -0.081324 -0.262413 -0.079725 -0.349688 -0.202916 -0.344305 0.232709 0.201232 0.180759 -0.099767 1.000000 0.658141 -0.136207 -0.154391 0.204490 -0.014817 0.083593 0.062447 0.050545 0.229525 -0.339728 -0.149398 0.029392 -0.096657 -0.266687 -0.075177 -0.307736 -0.169923 -0.375100 -0.384348 -0.398562 -0.259291 -0.236833 -0.023759 0.364030 0.240402 -0.056064 0.177405 0.224883 0.374875 0.210207 0.335676 -0.042704 -0.139104 0.339285 -0.076235 0.283438 0.058792 -0.186316 -0.088408 0.389999 0.154516 0.351603 0.200874 0.368396 0.187608 -0.030839 0.168605 0.267995 0.120743 -0.039937 -0.208351 -0.084233 -0.116077 -0.142927 -0.169083 -0.350535 -0.246826 -0.365938 -0.117725 -0.337849 -0.240183 -0.185622 0.031982 -0.018773 -0.078177 -0.169606 0.204591 0.316895 0.037382 0.045076 -0.105704 -0.351119 -0.288830 -0.213227 -0.114735 -0.029446 -0.001075 -0.014250 0.063150 0.155767 0.119298 -0.172350 -0.150057
0.076733 0.227336 0.159610 -0.007884 -0.049713 -0.344500 0.214827 0.175799 -0.178119 0.071447 0.187888 0.062713 -0.026665 -0.086561 -0.212998 0.010842 0.112471 -0.083939 0.045436 0.229347 0.129696 0.133652 -0.077277 -0.014241 -0.018029 -0.184281 -0.138146 -0.371970 0.069011 0.196973 0.384468 0.280536 0.658141 1.000000 -0.189176 0.337189 0.049175 -0.122908 -0.080889 -0.044072 0.002161 0.081569 -0.476065 -0.277628 -0.059872 0.057189 -0.411210 -0.204511 -0.450963 -0.296430 -0.450910 -0.548549 -0.494564 -0.440934 -0.380574 -0.307169 0.036281 0.072032 -0.190820 -0.022138 0.096290 0.341627 0.173139 0.294970 0.191645 0.185499 0.199298 0.241389 0.032343 0.013576 -0.111958 -0.062157 0.197281 0.113234 0.163213 0.289581 0.169439 0.275765 0.000052 0.148431 0.423070 0.257985 -0.048506 -0.059851 0.091696 -0.039088 -0.155973 -0.099366 -0.208547 -0.354914 -0.236792 -0.233999 -0.058379 -0.334713 -0.284201 -0.118784 -0.090575 -0.133982 -0.177561 -0.040225 0.018931 -0.231237 -0.119083 -0.258316 -0.301989 -0.349355 -0.204095 -0.270435 -0.023417 -0.080767 -0.001525 -0.067463 -0.044323 -0.074121 -0.222302 -0.195369
-0.144489 -0.402871 0.167899 -0.078378 0.209000 0.188888 -0.039716 -0.100128 0.226906 0.130135 -0.109259 -0.042162 -0.005997 -0.143676 0.179564 -0.111709 -0.068017 0.010612 -0.221128 -0.311623 -0.005684 -0.095411 0.309067 0.083500 0.190089 0.065410 0.285885 0.231612 0.048307 -0.067600 0.146262 0.092496 -0.136207 -0.189176 1.000000 0.279312 0.077113 -0.008406 0.005417 -0.046371 -0.014541 -0.194175 -0.005924 -0.070980 -0.015925 -0.000981 0.060600 -0.133984 0.017353 -0.062385 0.130948 0.030267 -0.122626 -0.014483 0.085105 0.053489 -0.216662 -0.215066 -0.007179 -0.059581 -0.024929 -0.348268 -0.162122 -0.201385 0.264461 -0.075982 0.278212 0.180360 -0.259104 -0.238649 0.081651 0.023672 -0.042749 -0.198636 -0.278194 -0.218064 -0.145963 -0.046796 -0.042366 -0.057407 -0.201748 -0.112609 0.099021 0.049207 0.288808 0.206606 0.220554 0.038149 0.161508 -0.066408 -0.042638 -0.064704 -0.071879 0.006669 0.123847 -0.023522 0.089951 0.043616 -0.088933 -0.229733 -0.141028 -0.071657 0.002505 0.063757 0.247899 0.210353 0.130929 0.093217 0.046040 -0.016157 0.124120 -0.052716 -0.019203 -0.123719 0.057422 0.094150
-0.262271 -0.334043 -0.038340 -0.097642 -0.078855 0.042187 -0.279830 0.027158 -0.022173 0.125620 -0.207144 0.072177 0.003038 -0.114833 -0.136880 -0.073193 -0.293062 -0.046444 -0.401776 -0.401686 0.048088 0.313486 0.113010 0.386392 0.232952 0.420187 0.073596 0.196475 -0.290098 -0.280108 0.279379 0.526031 -0.154391 0.337189 0.279312 1.000000 -0.161686 -0.011228 -0.024857 0.028429 0.031490 -0.273228 -0.151053 -0.036779 -0.074863 0.298653 -0.156856 -0.052180 -0.111836 -0.094598 -0.146034 -0.103563 -0.237118 -0.316207 -0.086869 -0.214329 -0.287085 -0.290568 0.021748 -0.028858 -0.149956 -0.109554 -0.052532 -0.147130 0.093468 0.395808 0.170118 0.560458 -0.227482 -0.064472 -0.052178 0.104082 -0.351460 -0.154946 -0.392402 -0.180556 -0.422209 0.021030 -0.097762 -0.109753 0.105452 -0.019238 -0.049016 -0.147489 0.105471 0.040502 0.185746 0.138130 0.166720 -0.007930 -0.078417 -0.136677 0.115439 -0.088377 -0.035935 -0.161132 0.054376 0.055054 -0.271208 -0.269386 -0.117031 -0.132855 -0.059703 -0.031393 0.102949 0.117253 0.243943 0.110067 -0.011439 0.087082 0.086801 -0.144783 -0.221238 -0.133567 -0.021718 -0.105416
