1.000000 0.530424 0.085100 -0.283361 -0.089955 0.038506 0.231004 -0.095227 -0.230846 -0.110336 0.493845 0.271365 0.405356 0.153163 0.150918 0.014463 0.038731 0.045556 0.245057 0.436803 -0.068767 -0.105342 -0.171033 -0.221375 -0.249096 -0.349641 0.133623 0.078871 0.012714 -0.090045 -0.376113 -0.451823 0.231642 -0.025466 -0.213502 -0.233315 -0.034227 -0.106208 -0.088218 -0.014295 -0.145796 -0.141714 -0.176685 -0.166065 -0.300079 -0.165359 -0.247683 -0.303918 -0.053990 -0.310759 -0.253674 -0.405298 -0.216286 -0.334952 0.232366 0.033288 0.566181 0.322452 0.386818 0.110887 0.485425 0.197823 0.125033 0.286467 -0.207660 -0.253841 0.276509 -0.153646 0.310085 0.274454 -0.070215 -0.226470 0.062879 -0.112520 -0.066922 -0.011627 0.061205 -0.009290 0.049897 0.140627 0.047508 0.145632 -0.028412 0.020241 -0.243036 -0.106171 0.132556 -0.123040 0.414120 0.315293 -0.101227 0.116498 -0.072868 0.117067 -0.174711 0.020936 -0.011190 -0.099082 0.013143 0.210189 -0.017411 0.166310 0.122485 -0.058058 -0.050718 -0.153251 0.155871 0.113507 -0.006378 -0.106498 -0.087172 0.218298 0.252937 0.011293 -0.054795 0.124789
0.530424 1.000000 -0.215248 -0.336136 -0.155244 -0.150475 -0.073523 -0.086063 -0.329827 -0.293807 0.304008 0.374905 0.117674 0.110617 -0.055364 -0.181047 -0.001465 0.147450 0.016585 0.409419 0.095102 0.017484 -0.252732 -0.167086 -0.097733 -0.233536 0.089057 0.077941 -0.069286 -0.146077 -0.253020 -0.437228 0.340220 0.077524 -0.421356 -0.421366 -0.086996 -0.070037 -0.098317 -0.069697 -0.072930 -0.021685 -0.140529 -0.042493 -0.189738 -0.035653 -0.170089 -0.097885 -0.047598 -0.075136 -0.282712 -0.139684 -0.102608 -0.060995 0.065906 0.020693 0.455374 0.694471 0.230953 0.332767 -0.037366 0.224515 -0.024696 0.381173 -0.371526 -0.299140 0.055291 -0.183129 0.335179 0.255445 -0.088584 -0.273161 0.041070 -0.120533 0.186675 0.109142 -0.003878 0.003061 -0.012430 0.323336 0.049052 0.290884 -0.109854 -0.066771 -0.134117 0.037401 0.069850 -0.049889 -0.062548 0.092611 -0.091899 0.007881 -0.131624 -0.032791 -0.074385 0.078098 0.133833 0.002146 0.096375 0.256757 0.141830 -0.075177 0.209211 0.033882 0.107004 0.087483 0.118572 0.157129 0.020713 0.069937 -0.010196 0.288272 0.046392 0.172354 0.043383 0.139942
0.085100 -0.215248 1.000000 0.433550 -0.148354 -0.364471 0.780896 0.379540 0.233352 -0.335651 -0.090947 -0.015737 0.027269 -0.281948 0.089871 -0.369722 -0.175218 -0.273426 0.391342 0.211549 -0.210117 -0.153534 0.698991 0.223492 -0.003943 -0.202951 -0.024283 -0.108547 0.097253 -0.296402 0.210655 0.220694 0.246228 0.501128 0.218984 0.300253 -0.139748 -0.263368 -0.100550 -0.088250 0.083428 -0.316085 -0.084269 -0.070966 -0.174828 0.142188 -0.208236 -0.211232 -0.414338 -0.134763 -0.137039 -0.377580 -0.379340 -0.317537 -0.273225 -0.353410 -0.284096 -0.306158 -0.291374 -0.342354 0.004576 0.033325 0.120541 0.010847 0.601213 0.366679 -0.015871 0.459377 -0.234133 -0.126437 -0.210530 -0.368845 -0.110537 -0.446077 -0.064133 -0.383991 -0.035158 0.224873 -0.172622 -0.173856 -0.218598 -0.339398 0.123088 0.267470 0.068782 0.031097 0.186521 0.150755 0.037672 -0.045636 0.048061 0.215548 0.447992 0.415048 -0.126730 0.047350 -0.276256 -0.213981 -0.223592 -0.080030 0.090954 0.368032 -0.303894 -0.144762 -0.321376 -0.304122 -0.038157 -0.029342 -0.028458 -0.212638 -0.331755 -0.214945 0.022672 0.112362 0.025404 0.114702
-0.283361 -0.336136 0.433550 1.000000 -0.089306 -0.100450 0.289777 0.785409 0.093103 -0.052404 -0.385564 0.174389 -0.383501 -0.072981 -0.343868 -0.231795 0.150477 -0.236603 0.053375 0.070716 -0.193729 0.117009 0.308327 0.229895 -0.050473 0.155435 -0.147016 -0.060488 -0.041679 -0.088759 0.304757 0.456920 -0.057633 0.228999 0.119834 0.233599 -0.413032 -0.478571 -0.435458 -0.169879 -0.116814 -0.260650 -0.107951 -0.178542 0.101843 0.334484 -0.103549 -0.232748 -0.387335 0.182920 -0.099536 -0.090324 -0.086262 -0.043662 -0.320768 -0.304801 -0.217649 -0.480657 -0.344299 -0.180357 -0.312848 -0.044693 0.259509 -0.046058 0.415890 0.648774 -0.159605 0.475113 -0.302544 -0.335053 -0.265039 -0.041646 -0.258386 -0.139139 -0.236045 -0.237917 -0.178927 -0.054003 0.089882 -0.331782 0.089085 -0.206548 -0.226049 0.276410 0.205377 0.252655 -0.106336 0.212806 0.007871 0.006555 0.056632 -0.214705 0.369018 -0.010609 -0.103902 -0.085966 -0.339575 -0.258322 -0.088405 -0.205333 0.036935 -0.047733 -0.182854 -0.267007 -0.201497 -0.239307 -0.156143 -0.288543 -0.165075 -0.220393 -0.367328 -0.310669 0.101554 -0.100596 -0.231345 -0.230252
-0.089955 -0.155244 -0.148354 -0.089306 1.000000 0.245613 0.043364 -0.062539 0.591882 0.154742 0.041729 -0.017079 0.136523 0.189688 0.401331 0.283698 -0.080721 -0.031713 -0.231611 -0.250730 0.107068 0.109968 -0.099590 0.018754 0.200225 0.205061 0.546528 0.225552 0.087952 -0.021565 0.156367 0.089848 -0.209678 -0.115833 -0.200919 0.026740 -0.197421 -0.264182 -0.286693 -0.174235 -0.279469 -0.302629 0.259227 0.337494 0.248996 0.017097 0.327288 0.162014 0.312581 0.371476 0.105321 0.374886 0.206058 0.235130 -0.133456 0.051668 -0.017407 0.067853 0.262441 0.296376 0.073603 0.179624 -0.128426 -0.049031 -0.116908 -0.099547 0.002078 -0.119090 -0.210602 -0.072887 0.110137 0.033088 -0.111684 0.041438 -0.158325 0.049206 -0.146996 -0.254550 -0.041046 -0.211754 -0.018787 0.049020 0.165528 0.032358 -0.092860 -0.135027 -0.437678 -0.265850 0.096696 -0.013710 0.003747 0.026998 -0.080199 -0.003331 -0.282863 -0.018463 -0.233068 -0.306815 -0.041780 -0.298904 -0.005088 0.045208 0.064938 -0.257005 -0.257616 -0.168272 -0.018901 0.071463 -0.098429 0.022037 -0.143331 -0.396066 -0.119874 0.098351 -0.062454 0.123067
0.038506 -0.150475 -0.364471 -0.100450 0.245613 1.000000 -0.233980 -0.018242 -0.032612 0.908888 0.065541 0.037765 0.116628 0.354663 0.108645 0.870276 0.009611 -0.063334 -0.192833 -0.287678 -0.005696 0.148770 -0.334150 -0.001623 0.117072 0.463031 0.061256 0.312339 -0.272484 0.206727 -0.231559 -0.196567 -0.414694 -0.530661 0.032673 -0.060795 -0.084034 -0.032754 -0.155226 -0.252341 -0.361703 -0.002925 -0.034613 0.020782 0.251426 -0.079155 0.120296 -0.150430 0.390146 0.094221 0.368195 0.284521 0.279991 0.081507 0.224247 0.067424 -0.022060 -0.103318 0.161173 0.178251 0.069395 -0.012371 -0.245739 -0.348538 -0.161244 -0.081137 0.000589 -0.209571 0.036690 -0.164411 0.016143 0.253005 -0.220009 0.512666 -0.352332 0.109322 -0.182590 -0.300474 0.263937 -0.011482 0.216226 0.009010 -0.154915 -0.413566 0.048074 -0.192269 -0.138121 -0.175433 0.353837 0.122313 -0.011771 -0.065637 -0.107572 -0.099360 0.007541 -0.350786 -0.055118 -0.149107 0.040779 -0.143420 -0.249570 -0.060568 0.094097 -0.207271 0.018846 -0.094132 0.076024 -0.048937 -0.132283 -0.115662 0.018861 -0.110781 0.072251 -0.187643 -0.186136 -0.243246
0.231004 -0.073523 0.780896 0.289777 0.043364 -0.233980 1.000000 0.517490 0.276934 -0.233979 0.079713 0.160849 0.414512 0.059713 0.334170 -0.138144 -0.317465 -0.318298 0.140116 0.274599 -0.180622 -0.269542 0.460597 0.150599 -0.168699 -0.260329 0.093411 -0.148293 0.029534 -0.276013 0.093191 0.100483 0.156835 0.469897 0.032940 0.313843 -0.208946 -0.249783 -0.144254 -0.076382 -0.033320 -0.426438 -0.014152 -0.011419 -0.104237 -0.021270 -0.077199 -0.050097 -0.193219 -0.080724 -0.173407 -0.345741 -0.280915 -0.326304 -0.243173 -0.332161 -0.281123 -0.270807 -0.066927 -0.204729 0.177769 0.260637 -0.025655 -0.042628 0.420140 0.263277 -0.098837 0.174033 -0.286924 -0.064061 -0.267910 -0.427681 -0.170571 -0.510776 -0.216079 -0.374116 -0.124059 0.180874 -0.272620 -0.264063 -0.307634 -0.423066 0.215791 0.320509 -0.201311 -0.265576 -0.025260 -0.044753 0.185597 -0.010699 0.224445 0.391478 0.530158 0.476958 -0.275422 0.034517 -0.245976 -0.312712 -0.131153 -0.129121 0.224310 0.354537 -0.200699 -0.106820 -0.284738 -0.277298 0.037197 0.116177 -0.014418 -0.181913 -0.276473 -0.160981 0.073640 0.189161 0.111033 0.266000
-0.095227 -0.086063 0.379540 0.785409 -0.062539 -0.018242 0.517490 1.000000 0.005262 0.031221 -0.221941 0.370528 -0.029426 0.251127 -0.145564 -0.029880 0.017025 -0.257926 -0.146648 0.234118 -0.218151 -0.048539 0.137304 0.130305 -0.207338 0.069919 -0.116273 -0.158567 -0.102398 -0.040457 0.141692 0.230473 0.072983 0.359759 -0.012914 0.277290 -0.451786 -0.420285 -0.421375 -0.224533 -0.112745 -0.295710 -0.136335 -0.159065 0.083404 0.228657 -0.120579 -0.132165 -0.280184 0.122711 -0.179964 -0.208353 -0.164696 -0.190678 -0.387299 -0.415209 -0.253048 -0.424949 -0.257370 -0.155046 -0.179922 0.184204 0.132614 -0.065146 0.299674 0.574990 -0.240750 0.272843 -0.261554 -0.244771 -0.380376 -0.186958 -0.270645 -0.225098 -0.305841 -0.287020 -0.243919 0.021324 -0.005421 -0.249711 0.013989 -0.267440 -0.187447 0.218541 -0.085741 -0.081135 -0.265116 0.009286 0.031710 -0.117912 0.175655 -0.047788 0.514443 0.101378 -0.151242 -0.136601 -0.292921 -0.286616 -0.005430 -0.129756 0.117995 -0.009954 -0.192440 -0.260781 -0.125674 -0.172059 -0.114755 -0.116121 -0.115040 -0.195824 -0.287111 -0.198909 0.068723 0.077257 -0.137209 -0.079639
-0.230846 -0.329827 0.233352 0.093103 0.591882 -0.032612 0.276934 0.005262 1.000000 0.012250 -0.134842 -0.237279 -0.060598 -0.203092 0.402875 0.027022 -0.114907 -0.062580 -0.033109 -0.179533 0.041744 -0.137288 0.325153 0.047847 0.065351 -0.133847 0.290760 -0.047812 0.316681 -0.026753 0.361286 0.274739 -0.013198 0.212797 -0.045686 0.154170 -0.098158 -0.236062 -0.215060 -0.182812 -0.049492 -0.321233 0.200826 0.202234 0.089342 -0.070534 0.199209 0.087983 0.016787 0.171204 0.003273 0.129656 0.016083 0.114665 -0.411350 -0.202446 -0.145493 -0.004797 0.086140 0.113366 0.017334 0.158753 0.036635 0.094155 0.298474 0.068407 -0.040620 0.007510 -0.335047 -0.087092 0.003907 -0.202598 0.011279 -0.130332 -0.019965 -0.102439 -0.061009 -0.001682 -0.124482 -0.177504 -0.090841 -0.065892 0.391830 0.343951 0.144619 -0.018934 -0.093268 -0.045857 -0.079089 -0.085688 -0.020798 0.099736 0.068353 0.199311 -0.332487 0.022175 -0.279124 -0.326039 -0.184919 -0.371027 0.034517 0.166809 0.014758 -0.233124 -0.379220 -0.301298 0.000947 0.097766 -0.157075 -0.032357 -0.388160 -0.482461 -0.220715 0.119630 0.075198 0.110781
-0.110336 -0.293807 -0.335651 -0.052404 0.154742 0.908888 -0.233979 0.031221 0.012250 1.000000 -0.077091 -0.119747 0.111050 0.370759 0.073121 0.893114 0.103629 -0.025202 -0.303339 -0.363118 -0.015153 0.024233 -0.328142 -0.054508 -0.032107 0.386717 -0.142610 0.072823 -0.099010 0.437554 -0.110710 -0.019175 -0.394938 -0.405378 0.115128 0.059158 0.106821 0.055689 -0.054891 -0.249506 -0.206237 0.133316 -0.047096 -0.034360 0.282137 -0.112367 0.113053 -0.131378 0.305351 0.069018 0.288052 0.219405 0.202034 0.010638 0.066114 -0.038564 -0.041610 -0.189992 0.143910 0.073361 0.112541 -0.020502 -0.166978 -0.279442 -0.161830 -0.076581 -0.001601 -0.271591 0.019717 -0.145124 0.051290 0.312320 -0.022800 0.608377 -0.297672 0.077441 -0.073193 -0.109506 0.341004 0.000361 0.311216 -0.023188 -0.088655 -0.372358 -0.064885 -0.316837 -0.183011 -0.203598 0.172961 -0.083083 -0.020903 -0.094275 -0.084401 -0.093323 0.063831 -0.322789 -0.012096 -0.119978 0.072391 -0.169937 -0.224154 -0.039625 0.058969 -0.209040 0.006275 -0.108397 0.072814 -0.055186 -0.119028 -0.051815 0.032759 -0.148151 -0.000249 -0.196400 -0.235050 -0.262820
0.493845 0.304008 -0.090947 -0.385564 0.041729 0.065541 0.079713 -0.221941 -0.134842 -0.077091 1.000000 0.410919 0.487649 0.262424 0.326027 0.096076 -0.030228 -0.039650 0.092270 0.035373 -0.042244 -0.060367 -0.026568 -0.023078 0.060855 -0.133252 0.119594 0.211501 0.145893 -0.208546 -0.114207 -0.364270 0.085598 -0.163873 -0.116580 -0.211839 -0.057213 0.055475 0.074701 0.118875 -0.020380 0.059207 -0.044720 0.005988 -0.186097 -0.203337 -0.045138 -0.090870 0.308498 -0.174661 0.215840 -0.061070 0.012300 -0.093489 0.289652 0.130723 0.024372 0.205640 0.197241 0.124508 0.268240 0.239548 -0.060518 0.083134 -0.149413 -0.154451 0.002509 -0.167686 -0.086619 -0.012681 -0.156257 -0.314809 -0.082573 -0.180818 -0.162317 -0.002593 -0.190148 -0.241888 -0.103216 -0.008125 -0.107330 0.035275 0.236620 -0.022999 0.074237 -0.020143 0.147934 -0.091585 0.148912 0.185054 -0.139350 0.112480 -0.197401 -0.011587 -0.019176 0.053818 0.157694 0.066572 -0.163716 -0.001665 -0.019281 -0.055467 0.024133 -0.003301 0.076211 -0.019529 -0.079821 -0.023901 -0.031026 0.121796 -0.024508 0.100529 0.103703 0.091748 0.129386 0.126383
0.271365 0.374905 -0.015737 0.174389 -0.017079 0.037765 0.160849 0.370528 -0.237279 -0.119747 0.410919 1.000000 0.017430 0.319672 -0.058060 -0.042425 -0.074250 -0.041675 -0.085933 0.101014 0.037189 0.157640 -0.019865 0.096597 0.063381 0.043552 0.058377 0.176017 -0.015142 -0.178045 0.140727 -0.012293 0.182372 0.151875 -0.273831 -0.221548 -0.309534 -0.203208 -0.245633 -0.096776 -0.116336 -0.147139 0.019841 -0.020981 -0.048891 0.179043 -0.073526 -0.079800 -0.069116 0.122183 -0.077949 -0.137868 -0.102260 -0.000335 0.047218 -0.104922 0.024369 0.067285 -0.223238 -0.070239 -0.197509 0.139766 0.104023 0.166346 -0.095160 0.155980 -0.236382 0.083588 -0.162466 -0.278547 -0.318821 -0.269617 -0.262645 -0.249608 -0.171001 -0.000377 -0.233721 -0.167767 -0.109591 -0.021057 0.056011 0.053921 -0.042644 0.184076 0.147970 0.268379 -0.064034 -0.124060 -0.028359 0.051487 -0.155705 -0.149540 0.094246 -0.023858 -0.190564 0.045826 -0.162165 -0.215157 -0.265276 -0.180635 0.093432 -0.203446 -0.091669 -0.237493 -0.109525 -0.151556 -0.108403 -0.115641 -0.190299 0.079504 -0.206096 -0.105782 0.107714 0.068715 -0.075643 0.022473
0.405356 0.117674 0.027269 -0.383501 0.136523 0.116628 0.414512 -0.029426 -0.060598 0.111050 0.487649 0.017430 1.000000 0.572353 0.542156 0.335586 -0.307944 -0.232705 -0.059191 0.183614 -0.154602 -0.250953 -0.117455 0.027498 -0.236181 -0.120438 0.057666 -0.064289 -0.052341 -0.030072 -0.289931 -0.299156 -0.065349 -0.079981 0.135276 0.173138 0.094241 0.213423 0.188365 0.173951 -0.020433 -0.003968 -0.021673 0.044021 -0.089492 -0.353485 0.061358 0.042292 0.377439 -0.227949 0.093889 -0.080962 -0.001969 -0.254520 0.206479 0.079443 -0.101151 -0.040670 0.378345 -0.007255 0.531883 0.393806 -0.444477 -0.198112 -0.137020 -0.096691 0.043563 -0.407413 0.106351 0.200152 -0.037057 -0.069063 -0.007468 -0.137952 -0.256471 -0.090502 -0.100225 0.103317 -0.082280 -0.034906 -0.283493 -0.233172 0.129711 -0.210440 -0.575059 -0.606885 -0.173334 -0.222967 0.259611 -0.039975 0.220736 0.410476 0.138784 0.160568 0.085068 -0.027326 0.275386 0.081204 0.086283 0.137332 0.066091 0.197143 -0.059404 0.151169 0.132376 0.051035 -0.066631 0.089474 0.064260 0.099576 0.164225 0.219079 0.093733 0.211234 0.173429 0.209577
0.153163 0.110617 -0.281948 -0.072981 0.189688 0.354663 0.059713 0.251127 -0.203092 0.370759 0.262424 0.319672 0.572353 1.000000 0.155781 0.487448 -0.086335 -0.085389 -0.303986 0.007476 -0.034918 0.001008 -0.366173 0.080296 -0.174952 0.241911 -0.022819 0.052767 -0.191475 0.173264 -0.146886 -0.110875 -0.209343 -0.196678 0.007954 0.139559 -0.060015 0.055133 -0.045684 -0.005753 -0.260252 -0.049822 0.048433 0.010770 0.157472 -0.088523 0.080355 0.002065 0.386672 0.090277 0.121670 0.073256 0.037226 -0.167410 0.123145 0.018939 -0.010165 -0.105490 0.231523 0.036513 0.258374 0.453122 -0.333288 -0.154032 -0.301295 0.064556 -0.046855 -0.358985 0.081136 -0.007075 -0.011947 0.240223 -0.084748 0.159219 -0.342290 0.060898 -0.208015 -0.049081 0.167064 -0.055916 0.095520 -0.041371 -0.152873 -0.282453 -0.397304 -0.424639 -0.383565 -0.373671 0.106424 -0.141134 0.083695 -0.000515 0.078765 -0.112725 -0.060799 -0.147386 0.091068 -0.128669 0.024540 -0.100541 0.140643 -0.100405 0.016454 -0.096840 0.078714 0.006153 0.046558 0.091297 -0.131224 0.115117 0.121991 0.021257 -0.016658 -0.024332 -0.077224 -0.010567
0.150918 -0.055364 0.089871 -0.343868 0.401331 0.108645 0.334170 -0.145564 0.402875 0.073121 0.326027 -0.058060 0.542156 0.155781 1.000000 0.353085 -0.415681 -0.311068 0.067234 0.044037 0.164096 -0.112405 0.275366 0.196347 0.094808 -0.177598 0.394371 0.056476 0.162406 -0.120805 0.055260 -0.172809 -0.153676 -0.013019 0.041365 0.078017 0.102016 0.104253 0.170161 0.078407 -0.041831 -0.136615 0.143268 0.313857 -0.147086 -0.373421 0.260271 0.256388 0.325997 -0.169816 0.126104 0.136995 0.119672 0.123373 0.122482 0.065478 -0.221530 0.053618 0.118322 0.070924 0.119793 0.309442 -0.490571 -0.249389 0.050301 -0.137234 -0.206343 -0.367578 -0.199698 -0.064962 -0.015412 -0.188521 -0.191165 -0.242351 -0.242189 -0.217197 -0.148624 0.054798 -0.322171 -0.227117 -0.331640 -0.344084 0.621044 0.114719 -0.114264 -0.361049 0.078956 -0.048150 0.130947 0.045711 0.169791 0.495158 0.240295 0.422576 -0.161134 0.089507 0.053550 -0.120418 -0.080342 -0.126569 0.131813 0.322222 -0.025708 -0.037952 -0.156810 -0.165483 -0.109739 0.169136 -0.041160 0.222349 -0.057625 -0.145632 0.043275 0.398071 0.237217 0.166515
0.014463 -0.181047 -0.369722 -0.231795 0.283698 0.870276 -0.138144 -0.029880 0.027022 0.893114 0.096076 -0.042425 0.335586 0.487448 0.353085 1.000000 -0.110412 -0.046422 -0.256194 -0.274975 0.061327 -0.017433 -0.343924 -0.086450 -0.057392 0.280754 0.005471 0.065039 -0.120532 0.338397 -0.158005 -0.172182 -0.336366 -0.364403 0.040491 0.036023 0.085870 0.157962 0.070918 -0.105005 -0.205415 0.126569 -0.047152 0.031257 0.202233 -0.227373 0.132542 -0.022293 0.419501 0.008080 0.238712 0.194557 0.175004 0.011670 0.153294 0.044687 -0.045187 -0.118750 0.174131 0.081555 0.170187 0.158431 -0.312307 -0.314983 -0.185680 -0.121262 -0.087151 -0.419887 0.006300 -0.142849 0.035340 0.236578 -0.039690 0.407862 -0.295066 0.057062 -0.150271 -0.137241 0.113594 -0.007268 0.103841 -0.111751 0.053405 -0.344061 -0.175339 -0.429359 -0.210344 -0.275338 0.199456 -0.055049 0.037662 0.046247 -0.008153 -0.027781 0.041050 -0.253910 0.009105 -0.079842 0.067172 -0.106722 -0.153895 0.001208 -0.040796 -0.167913 0.006200 -0.054183 0.072625 0.050220 -0.053797 0.042335 0.080460 -0.107705 0.016007 -0.061807 -0.088040 -0.138699
0.038731 -0.001465 -0.175218 0.150477 -0.080721 0.009611 -0.317465 0.017025 -0.114907 0.103629 -0.030228 -0.074250 -0.307944 -0.086335 -0.415681 -0.110412 1.000000 0.437597 -0.075449 0.113429 -0.055586 0.172555 -0.378180 -0.343481 -0.235651 0.076219 -0.178203 0.015125 0.417852 0.480149 0.009609 0.142139 0.026391 -0.099670 -0.058574 -0.066175 -0.022240 -0.321500 -0.352840 -0.263974 0.049221 0.027762 -0.028440 -0.156450 0.198787 0.155766 -0.071125 -0.171776 -0.192161 0.106232 -0.212654 -0.113933 -0.056846 -0.095986 -0.199166 -0.084861 0.390030 0.081635 0.107762 0.126742 0.003438 -0.286728 0.483670 0.259477 -0.288784 -0.158035 0.242086 0.002931 0.164832 0.146564 0.135320 0.229106 0.313866 0.430180 -0.016231 0.252723 0.263881 -0.003586 0.738425 0.280556 0.717902 0.563971 -0.150591 0.114288 0.045561 0.205330 -0.023459 0.098769 0.001405 -0.021073 -0.305768 -0.386179 -0.351849 -0.347096 0.029961 -0.028474 -0.049337 -0.030537 0.035725 0.002623 -0.244599 -0.150270 0.169133 -0.329031 -0.077681 -0.191452 -0.054617 -0.282387 -0.010152 -0.221297 -0.136781 0.037792 0.016279 -0.253378 -0.261580 -0.201411
0.045556 0.147450 -0.273426 -0.236603 -0.031713 -0.063334 -0.318298 -0.257926 -0.062580 -0.025202 -0.039650 -0.041675 -0.232705 -0.085389 -0.311068 -0.046422 0.437597 1.000000 -0.139140 0.091955 0.148646 0.086907 -0.463798 -0.464918 -0.219078 -0.035692 -0.153758 -0.098982 0.241478 0.443932 -0.131299 -0.124727 0.108171 -0.065972 -0.307939 -0.191474 0.097758 0.094266 -0.004603 -0.062119 0.057131 0.169238 0.068647 -0.048892 0.019039 -0.004394 -0.108211 0.033906 -0.143100 -0.046797 -0.285833 -0.229468 -0.187809 -0.129403 -0.092653 0.040309 0.332934 0.307991 0.051191 -0.001115 0.066259 -0.221582 0.329697 0.284082 -0.288610 -0.446409 0.144863 -0.105246 0.230223 0.332680 0.338905 0.213572 0.433814 0.226866 0.272790 0.387370 0.278406 0.172541 0.156791 0.524032 0.270832 0.556957 -0.138283 0.032139 -0.125351 0.144515 0.003631 -0.064915 -0.053111 -0.026243 -0.128234 -0.170258 -0.230480 -0.223791 0.019577 0.120866 -0.074209 0.081458 0.058662 0.145045 -0.245959 -0.121244 0.119841 -0.133512 -0.043847 0.120985 0.023548 0.014381 0.157082 -0.039542 0.036097 0.194065 -0.007560 -0.088643 0.038190 0.242452
0.245057 0.016585 0.391342 0.053375 -0.231611 -0.192833 0.140116 -0.146648 -0.033109 -0.303339 0.092270 -0.085933 -0.059191 -0.303986 0.067234 -0.256194 -0.075449 -0.139140 1.000000 0.328838 -0.071120 0.000061 0.396703 0.155631 0.104616 -0.122960 0.176123 0.228340 0.059233 -0.227056 -0.015218 -0.037723 0.222596 0.084093 0.194961 -0.160624 0.028133 -0.007852 0.118899 0.328436 -0.078784 -0.104366 -0.206347 -0.221933 -0.437215 -0.216568 -0.156470 -0.264242 -0.211710 -0.368987 -0.094542 -0.204412 -0.024893 0.005978 0.308913 0.145665 0.038726 0.041915 -0.181687 -0.096543 -0.049960 -0.068573 -0.033084 -0.015375 0.326709 0.083748 0.049445 0.004353 0.275148 -0.150792 -0.036980 -0.147971 0.076748 -0.203282 0.200666 -0.184293 0.141108 -0.002334 -0.070857 0.178063 -0.161993 -0.117845 0.046545 0.044761 0.253183 0.120468 0.345796 0.276770 0.276975 0.375093 -0.034181 0.137443 0.159384 0.186074 0.047659 0.088375 -0.049538 0.169973 -0.075120 0.175476 -0.060066 0.238933 -0.105591 -0.052971 -0.078500 -0.227348 0.034388 -0.128604 0.069874 -0.059550 -0.111000 0.123751 0.222015 -0.017061 -0.072819 -0.008601
0.436803 0.409419 0.211549 0.070716 -0.250730 -0.287678 0.274599 0.234118 -0.179533 -0.363118 0.035373 0.101014 0.183614 0.007476 0.044037 -0.274975 0.113429 0.091955 0.328838 1.000000 -0.136892 -0.103450 -0.035958 -0.082734 -0.255196 -0.345645 0.054195 -0.121437 0.002344 -0.017041 -0.391057 -0.390135 0.174588 0.152920 -0.027839 0.001754 -0.195754 -0.072602 -0.120109 0.095683 0.007044 -0.110579 -0.172176 -0.189618 -0.345449 -0.199130 -0.201762 -0.092210 -0.263327 -0.403078 -0.383627 -0.378424 -0.161826 -0.203144 0.091352 -0.049757 0.114462 0.082444 0.020059 -0.017973 0.070801 0.120882 -0.110786 -0.047242 -0.040371 -0.021203 0.011119 -0.064767 0.397761 0.347508 -0.020016 -0.177727 -0.006327 -0.281686 -0.009301 -0.124696 0.083222 0.297097 -0.014065 0.237416 -0.053725 -0.005136 -0.004286 0.190644 -0.246208 -0.086449 0.120897 0.245623 0.293371 0.221961 0.330286 0.290745 0.380180 0.221380 -0.042578 0.027537 -0.028998 0.022933 0.207961 0.371871 0.044229 0.164454 -0.001729 0.068818 -0.039483 0.055373 -0.134007 0.012434 0.105828 -0.232263 -0.100235 0.275292 0.298285 0.315103 0.105194 0.231298
-0.068767 0.095102 -0.210117 -0.193729 0.107068 -0.005696 -0.180622 -0.218151 0.041744 -0.015153 -0.042244 0.037189 -0.154602 -0.034918 0.164096 0.061327 -0.055586 0.148646 -0.071120 -0.136892 1.000000 0.422302 -0.026170 0.093748 0.129172 0.043435 0.260411 0.184454 0.098421 0.023475 0.284585 0.126935 -0.038588 0.064951 -0.274668 -0.109279 0.188540 -0.029941 0.139004 -0.013790 -0.035861 0.085537 0.088273 0.156113 -0.019913 0.051225 0.068630 0.135397 -0.063837 0.106240 -0.199428 -0.036944 -0.037183 0.065202 0.010766 0.075036 0.191426 0.285068 -0.023447 0.065868 -0.189449 -0.020869 -0.033693 0.214669 -0.184853 -0.284148 -0.100319 -0.079374 -0.042539 -0.025216 0.445353 0.236385 0.099403 0.138612 0.202118 0.225751 0.087780 0.093630 -0.112631 -0.113519 0.148587 0.180034 0.173899 0.092875 0.171253 0.178834 0.109783 -0.197215 -0.162780 0.064196 -0.281341 -0.130897 -0.129037 -0.019314 -0.219570 0.307166 -0.163147 -0.224042 -0.334822 -0.254127 0.126411 -0.040144 0.228609 -0.142097 -0.313022 -0.188670 0.024929 0.222378 0.035597 0.261429 -0.117961 -0.260523 0.053844 0.006121 -0.019742 -0.052083
-0.105342 0.017484 -0.153534 0.117009 0.109968 0.148770 -0.269542 -0.048539 -0.137288 0.024233 -0.060367 0.157640 -0.250953 0.001008 -0.112405 -0.017433 0.172555 0.086907 0.000061 -0.103450 0.422302 1.000000 -0.074978 0.190790 0.349882 0.441500 0.227828 0.368203 -0.003829 -0.028376 0.097611 0.078726 -0.188107 -0.212636 -0.048004 -0.151078 -0.113915 -0.259246 -0.211811 -0.111927 -0.197451 0.002479 0.066873 0.138585 0.077564 0.251199 0.068321 -0.104691 0.022151 0.223611 0.086835 0.098321 0.131605 0.153081 0.101450 0.121600 0.062621 0.101478 -0.140793 0.003535 -0.268752 -0.232400 -0.023994 -0.042362 -0.089781 -0.107506 -0.102939 0.057550 0.000812 -0.188222 0.302410 0.323392 -0.264016 0.197007 -0.221670 0.283471 -0.125443 -0.162963 0.247477 -0.047431 0.233069 0.384573 -0.177470 -0.053776 0.184410 0.351004 0.093982 0.135628 0.062979 0.113360 -0.148693 -0.322472 -0.211712 -0.203956 0.074378 -0.031908 -0.120221 -0.100714 -0.175795 -0.149652 -0.211945 -0.259949 0.125094 -0.255557 -0.049700 -0.106699 -0.348384 -0.356605 -0.283360 -0.020170 -0.153200 -0.151834 0.136289 -0.051168 -0.001686 -0.217174
-0.171033 -0.252732 0.698991 0.308327 -0.099590 -0.334150 0.460597 0.137304 0.325153 -0.328142 -0.026568 -0.019865 -0.117455 -0.366173 0.275366 -0.343924 -0.378180 -0.463798 0.396703 -0.035958 -0.026170 -0.074978 1.000000 0.606826 0.418448 -0.046630 0.159066 0.111710 0.109417 -0.417878 0.456239 0.316471 0.102540 0.362485 0.265223 0.159353 0.001994 -0.130136 0.036734 0.018467 0.020530 -0.227589 -0.003401 0.126487 -0.269704 0.007461 -0.063698 -0.058075 -0.265744 -0.134750 0.101360 -0.043632 -0.094407 0.025011 -0.144791 -0.192786 -0.425610 -0.228221 -0.356476 -0.247696 -0.260158 0.030447 -0.128192 -0.099426 0.643899 0.394015 -0.240251 0.300868 -0.308123 -0.321762 -0.151030 -0.369754 -0.231744 -0.362539 0.052268 -0.384259 -0.037205 0.137838 -0.327752 -0.297289 -0.334831 -0.453115 0.378182 0.282191 0.443685 0.196591 0.338171 0.226655 -0.130094 0.029252 0.024676 0.235412 0.400163 0.482288 -0.165126 0.126411 -0.198991 -0.177781 -0.344514 -0.238207 0.180088 0.298604 -0.263727 -0.078480 -0.366585 -0.344792 -0.076677 -0.001272 -0.095120 0.024334 -0.340908 -0.367046 0.037037 0.176341 0.054362 0.013164
-0.221375 -0.167086 0.223492 0.229895 0.018754 -0.001623 0.150599 0.130305 0.047847 -0.054508 -0.023078 0.096597 0.027498 0.080296 0.196347 -0.086450 -0.343481 -0.464918 0.155631 -0.082734 0.093748 0.190790 0.606826 1.000000 0.541039 0.492830 0.307297 0.541857 -0.134016 -0.333237 0.313766 0.214798 -0.173077 -0.002902 0.223503 0.000114 -0.060577 -0.150482 -0.140471 -0.034976 -0.325836 -0.311334 0.190394 0.313151 -0.241043 -0.035522 0.159937 0.024245 -0.018301 -0.003361 0.280771 0.231152 0.183038 0.186533 0.065885 -0.032597 -0.338703 -0.089753 -0.179345 -0.080138 -0.198729 0.097735 -0.412976 -0.235939 0.235680 0.304845 -0.298716 0.081537 -0.229390 -0.282535 0.076066 -0.054328 -0.383159 0.023219 -0.076892 -0.180451 -0.051642 -0.006185 -0.066870 -0.318701 -0.057365 -0.262279 0.042245 -0.016410 0.329292 0.153017 0.036912 -0.060149 0.058446 0.102981 0.008969 0.137847 0.256913 0.255462 -0.259125 0.133926 -0.162592 -0.314700 -0.348763 -0.427516 0.181159 0.066491 0.054216 -0.101481 -0.309081 -0.319514 -0.164144 -0.019286 -0.207206 0.166607 -0.285437 -0.298377 0.180844 0.150871 -0.087234 -0.142971
-0.249096 -0.097733 -0.003943 -0.050473 0.200225 0.117072 -0.168699 -0.207338 0.065351 -0.032107 0.060855 0.063381 -0.236181 -0.174952 0.094808 -0.057392 -0.235651 -0.219078 0.104616 -0.255196 0.129172 0.349882 0.418448 0.541039 1.000000 0.551543 0.324628 0.522093 -0.111440 -0.388561 0.201907 0.007122 -0.115608 -0.189847 0.035053 -0.046280 -0.118778 -0.121254 -0.098443 -0.074431 -0.165511 -0.083762 0.136200 0.353332 0.036500 0.188322 0.145147 0.097747 0.137170 0.173325 0.408691 0.410839 0.195842 0.326704 0.102885 0.139511 -0.296248 0.029504 -0.209904 0.100682 -0.362913 -0.071318 -0.287076 -0.220885 0.179952 0.124139 -0.178960 0.182350 -0.214053 -0.328143 0.117282 -0.007328 -0.404450 0.055246 0.024543 0.082167 -0.156877 -0.287161 -0.148199 -0.183435 -0.160702 0.016229 0.067477 -0.142689 0.496090 0.320498 0.109873 0.057908 -0.128685 0.029886 -0.112569 -0.081351 -0.069630 0.016873 0.005627 0.000663 -0.008879 -0.024392 -0.197350 -0.179212 0.061036 -0.087181 0.075979 -0.070316 -0.074685 -0.094182 -0.148929 -0.112771 -0.182993 -0.031232 -0.066953 -0.198938 -0.014445 -0.053666 0.067153 -0.178166
-0.349641 -0.233536 -0.202951 0.155435 0.205061 0.463031 -0.260329 0.069919 -0.133847 0.386717 -0.133252 0.043552 -0.120438 0.241911 -0.177598 0.280754 0.076219 -0.035692 -0.122960 -0.345645 0.043435 0.441500 -0.046630 0.492830 0.551543 1.000000 0.114632 0.627012 -0.213773 -0.000930 0.094938 0.152965 -0.265698 -0.334986 0.047928 -0.021205 -0.147788 -0.259956 -0.299493 -0.218465 -0.385530 -0.180396 0.133682 0.169823 0.207641 0.222174 0.133714 -0.069510 0.158631 0.294489 0.373481 0.335295 0.213038 0.132380 0.019899 0.018488 -0.167822 -0.141896 -0.067079 0.071446 -0.185948 -0.075914 -0.209722 -0.254806 -0.005023 0.173398 -0.087398 0.078386 -0.096511 -0.259349 0.296258 0.356029 -0.241744 0.457370 -0.138900 0.305202 -0.048792 -0.257580 0.296739 -0.042596 0.262449 0.210105 -0.422981 -0.405933 0.167502 0.150362 -0.358728 -0.245566 0.048837 -0.051719 -0.122995 -0.252574 -0.087388 -0.216312 0.043113 -0.113199 -0.140291 -0.117094 -0.173264 -0.280385 -0.049735 -0.225012 0.136297 -0.257910 -0.039521 -0.159659 -0.120688 -0.216974 -0.110706 -0.086951 -0.043359 -0.164052 0.031393 -0.217418 -0.194054 -0.277381
0.133623 0.089057 -0.024283 -0.147016 0.546528 0.061256 0.093411 -0.116273 0.290760 -0.142610 0.119594 0.058377 0.057666 -0.022819 0.394371 0.005471 -0.178203 -0.153758 0.176123 0.054195 0.260411 0.227828 0.159066 0.307297 0.324628 0.114632 1.000000 0.559730 -0.055114 -0.235489 0.099202 -0.026430 -0.134400 -0.095040 -0.184689 -0.240378 -0.225082 -0.237490 -0.274521 0.002765 -0.480938 -0.472127 0.246142 0.350735 -0.118951 -0.124442 0.298132 0.123589 0.103565 0.143766 -0.066382 0.248276 0.326846 0.315346 0.231739 0.285805 0.108389 0.253210 0.222295 0.350729 -0.115698 0.170692 -0.313521 -0.085563 -0.124179 -0.228288 -0.049161 -0.171891 0.000907 -0.023393 0.117649 -0.062210 -0.239176 -0.038959 -0.098004 -0.112379 -0.057547 -0.214757 -0.176136 -0.141203 -0.070013 -0.055673 0.194922 0.104018 0.160887 0.004687 -0.083697 -0.092023 0.388422 0.438974 0.075844 0.247132 0.079732 0.249276 -0.485817 0.256398 -0.272268 -0.317072 -0.082669 -0.169807 -0.003279 0.204612 0.263731 -0.153957 -0.371381 -0.300111 0.022203 0.192692 0.076675 0.074898 -0.180163 -0.121239 0.263311 0.129417 -0.117620 0.191174
0.078871 0.077941 -0.108547 -0.060488 0.225552 0.312339 -0.148293 -0.158567 -0.047812 0.072823 0.211501 0.176017 -0.064289 0.052767 0.056476 0.065039 0.015125 -0.098982 0.228340 -0.121437 0.184454 0.368203 0.111710 0.541857 0.522093 0.627012 0.559730 1.000000 -0.104057 -0.265841 0.053487 0.000003 -0.171655 -0.297709 -0.159398 -0.328894 -0.264453 -0.387328 -0.398526 -0.119232 -0.506093 -0.465429 0.199237 0.280441 -0.041509 0.062607 0.239428 -0.037526 0.120414 0.190320 0.206257 0.280633 0.325355 0.283820 0.255954 0.208531 0.068534 0.225607 0.089771 0.291613 -0.181147 0.013997 -0.203275 -0.066985 -0.114811 -0.099128 -0.026020 0.040593 -0.024482 -0.106754 0.227547 0.029911 -0.260980 0.227991 -0.066340 0.115078 -0.028479 -0.349945 0.142355 -0.091910 0.200874 0.142059 -0.155616 -0.166335 0.402328 0.286206 -0.054994 -0.185765 0.328820 0.380611 -0.205117 -0.057118 -0.139218 -0.023380 -0.276647 0.136515 -0.161446 -0.290429 -0.272056 -0.303360 -0.047215 -0.038224 0.341660 -0.307740 -0.279150 -0.385570 0.029967 0.002003 -0.071404 0.023982 -0.213541 -0.086925 0.196640 -0.109883 -0.194510 -0.141708
0.012714 -0.069286 0.097253 -0.041679 0.087952 -0.272484 0.029534 -0.102398 0.316681 -0.099010 0.145893 -0.015142 -0.052341 -0.191475 0.162406 -0.120532 0.417852 0.241478 0.059233 0.002344 0.098421 -0.003829 0.109417 -0.134016 -0.111440 -0.213773 -0.055114 -0.104057 1.000000 0.469133 0.379481 0.364785 0.270672 0.348730 -0.073207 -0.082551 0.239520 -0.136729 -0.097267 -0.069604 0.310037 0.029015 -0.067460 -0.033329 -0.097413 -0.142497 0.031735 -0.031635 -0.276257 -0.022715 -0.294749 -0.205024 -0.112044 -0.001494 -0.305448 -0.179305 0.151229 0.151747 0.029825 -0.054254 0.084597 0.024497 0.355420 0.420563 -0.097534 -0.269742 -0.000495 -0.218089 -0.074832 -0.002004 0.152252 -0.195536 0.544308 0.002408 0.153760 0.011595 0.275953 0.275350 0.212230 0.176384 0.349426 0.265739 0.500041 0.477146 0.034487 0.057148 0.082999 0.066929 -0.240322 -0.175750 -0.275416 -0.073006 -0.134140 -0.029897 -0.051282 0.153124 -0.079715 -0.096911 -0.193187 -0.230271 -0.179431 0.061782 -0.069385 -0.439864 -0.338811 -0.438877 -0.238702 -0.219907 -0.159141 0.125364 -0.364194 -0.160771 -0.029964 0.181750 -0.015982 0.040112
-0.090045 -0.146077 -0.296402 -0.088759 -0.021565 0.206727 -0.276013 -0.040457 -0.026753 0.437554 -0.208546 -0.178045 -0.030072 0.173264 -0.120805 0.338397 0.480149 0.443932 -0.227056 -0.017041 0.023475 -0.028376 -0.417878 -0.333237 -0.388561 -0.000930 -0.235489 -0.265841 0.469133 1.000000 0.036877 0.237912 -0.051384 0.004810 0.127853 0.008669 0.387518 0.142233 0.012717 -0.096724 0.159239 0.282044 -0.143088 -0.259736 0.002219 -0.300414 -0.065546 -0.092538 -0.122605 -0.164022 -0.282982 -0.150806 -0.022623 -0.087691 -0.148400 -0.070237 0.234588 -0.019519 0.149804 -0.067736 0.155154 -0.105736 0.159523 0.127535 -0.415588 -0.390622 0.152866 -0.425349 0.242389 0.166857 0.255126 0.327072 0.588659 0.536480 0.079939 0.204769 0.430028 0.434127 0.451809 0.383682 0.525174 0.287039 0.085099 0.076590 -0.312860 -0.234308 -0.122142 -0.014241 -0.067406 -0.158204 0.017520 -0.035209 -0.053650 -0.090402 0.028111 -0.074919 -0.117861 -0.039843 0.110696 0.000250 -0.245431 0.081308 -0.050713 -0.245494 -0.125478 -0.133002 -0.036978 -0.028893 0.007806 0.049965 -0.018692 0.029304 0.117194 0.035824 -0.123706 0.061572
-0.376113 -0.253020 0.210655 0.304757 0.156367 -0.231559 0.093191 0.141692 0.361286 -0.110710 -0.114207 0.140727 -0.289931 -0.146886 0.055260 -0.158005 0.009609 -0.131299 -0.015218 -0.391057 0.284585 0.097611 0.456239 0.313766 0.201907 0.094938 0.099202 0.053487 0.379481 0.036877 1.000000 0.802462 0.287691 0.547428 -0.056382 0.044174 0.003667 -0.267788 -0.082623 -0.216970 0.029613 -0.136801 0.159636 0.085405 0.008232 0.149277 0.065330 -0.012549 -0.225045 0.209210 -0.098417 -0.016961 -0.099594 0.095461 -0.355258 -0.346948 -0.104108 -0.000784 -0.303099 -0.179990 -0.326212 0.076730 0.261125 0.384798 0.190034 0.172778 -0.200306 0.114203 -0.356202 -0.366276 0.018642 -0.079067 0.153647 -0.049344 0.201060 -0.019441 0.105513 0.080128 -0.101478 -0.221828 0.141637 -0.031391 0.323718 0.396510 0.331103 0.237923 -0.055988 -0.176750 -0.466978 -0.255373 -0.399306 -0.302852 -0.063158 -0.001086 -0.286831 0.285328 -0.305988 -0.356947 -0.533279 -0.576872 0.127995 -0.006617 -0.111212 -0.354308 -0.497869 -0.503271 -0.005235 -0.016322 -0.168501 0.249477 -0.375906 -0.526576 -0.168343 -0.109492 -0.180669 -0.123744
-0.451823 -0.437228 0.220694 0.456920 0.089848 -0.196567 0.100483 0.230473 0.274739 -0.019175 -0.364270 -0.012293 -0.299156 -0.110875 -0.172809 -0.172182 0.142139 -0.124727 -0.037723 -0.390135 0.126935 0.078726 0.316471 0.214798 0.007122 0.152965 -0.026430 0.000003 0.364785 0.237912 0.802462 1.000000 0.141490 0.492107 0.112089 0.186798 0.048029 -0.271913 -0.127908 -0.111331 0.034682 -0.126055 0.095551 -0.032093 0.163720 0.195903 0.111800 0.001997 -0.288754 0.272435 -0.197064 -0.018194 -0.026754 0.081869 -0.349938 -0.265401 -0.086000 -0.231344 -0.209385 -0.224922 -0.223737 -0.046195 0.311501 0.263216 0.159326 0.159960 -0.068807 0.100063 -0.218082 -0.303074 0.047235 0.098585 0.289660 0.091788 0.169051 -0.006296 0.255632 0.206970 0.107686 -0.157036 0.237057 -0.048373 0.154019 0.344492 0.134410 0.096649 -0.196653 -0.123457 -0.333799 -0.209637 -0.254252 -0.296625 -0.013939 -0.049415 -0.139543 0.159191 -0.259092 -0.244984 -0.302391 -0.442212 0.035656 0.019130 -0.130638 -0.335938 -0.419835 -0.526740 0.040855 -0.089002 -0.083654 0.126957 -0.204403 -0.371127 -0.077338 -0.201688 -0.274154 -0.144995
0.231642 0.340220 0.246228 -0.057633 -0.209678 -0.414694 0.156835 0.072983 -0.013198 -0.394938 0.085598 0.182372 -0.065349 -0.209343 -0.153676 -0.336366 0.026391 0.108171 0.222596 0.174588 -0.038588 -0.188107 0.102540 -0.173077 -0.115608 -0.265698 -0.134400 -0.171655 0.270672 -0.051384 0.287691 0.141490 1.000000 0.720500 -0.130775 -0.150437 -0.051413 -0.099626 0.007746 -0.046032 0.246496 -0.003614 -0.188066 -0.214418 -0.245570 0.065716 -0.293057 -0.151819 -0.366074 -0.067432 -0.404916 -0.459395 -0.406210 -0.229449 -0.291623 -0.328751 0.265980 0.313418 -0.077846 -0.145820 0.071111 0.147238 0.478627 0.581192 0.098772 0.028800 0.212415 0.056866 0.227181 0.041056 -0.116822 -0.412852 0.410727 -0.303899 0.452862 0.083787 0.250516 0.137084 -0.142880 0.307622 -0.023827 0.193645 -0.011761 0.175583 -0.097418 0.058586 -0.038753 -0.197433 -0.342635 -0.240533 -0.397990 -0.287617 -0.181832 -0.154637 -0.026977 0.110290 -0.065232 0.033887 -0.243937 0.037908 -0.024802 -0.098182 -0.166995 -0.150140 -0.051268 -0.139130 0.022593 0.017818 -0.003250 0.051709 -0.093103 -0.005479 -0.200003 -0.028966 0.018734 0.000772
-0.025466 0.077524 0.501128 0.228999 -0.115833 -0.530661 0.469897 0.359759 0.212797 -0.405378 -0.163873 0.151875 -0.079981 -0.196678 -0.013019 -0.364403 -0.099670 -0.065972 0.084093 0.152920 0.064951 -0.212636 0.362485 -0.002902 -0.189847 -0.334986 -0.095040 -0.297709 0.348730 0.004810 0.547428 0.492107 0.720500 1.000000 -0.054479 0.221039 -0.035506 -0.190064 0.000910 -0.092847 0.292673 -0.144104 -0.091724 -0.143119 -0.197001 0.092600 -0.218876 -0.012433 -0.537370 -0.056031 -0.502815 -0.494699 -0.469357 -0.240208 -0.536378 -0.554045 0.000739 0.059067 -0.302561 -0.359304 -0.039116 0.230687 0.393221 0.510409 0.300370 0.201768 -0.124103 0.178050 -0.074999 -0.080518 -0.159503 -0.415243 0.333436 -0.421220 0.292760 -0.155536 0.257469 0.407072 -0.241831 0.042959 -0.053608 -0.096952 0.234258 0.440760 -0.064466 -0.033631 -0.091799 -0.181869 -0.435141 -0.333406 -0.224650 -0.068767 0.203137 0.175698 -0.184444 0.223866 -0.230230 -0.191559 -0.312739 -0.169955 0.185731 0.165431 -0.206659 -0.215929 -0.343558 -0.333681 0.039239 0.123346 0.018110 0.094307 -0.247115 -0.222211 -0.147005 0.176266 0.070903 0.110116
-0.213502 -0.421356 0.218984 0.119834 -0.200919 0.032673 0.032940 -0.012914 -0.045686 0.115128 -0.116580 -0.273831 0.135276 0.007954 0.041365 0.040491 -0.058574 -0.307939 0.194961 -0.027839 -0.274668 -0.048004 0.265223 0.223503 0.035053 0.047928 -0.184689 -0.159398 -0.073207 0.127853 -0.056382 0.112089 -0.130775 -0.054479 1.000000 0.481068 0.203623 0.207113 0.204147 0.113073 0.084981 0.138703 -0.198143 -0.203528 -0.182484 -0.202628 -0.126272 -0.054901 -0.071428 -0.306322 0.263290 0.006480 -0.042568 -0.075539 0.049481 -0.028078 -0.329637 -0.420763 -0.131802 -0.327359 0.121071 -0.172237 -0.228684 -0.426436 0.293205 0.331669 0.175352 0.101691 0.162452 -0.070739 -0.091983 0.163886 -0.065057 0.116551 -0.111408 -0.161782 0.204130 0.328806 0.134409 -0.026397 -0.098369 -0.294170 -0.013844 -0.184168 0.000009 -0.117157 0.074218 0.193527 0.047980 -0.040457 0.158776 0.187766 0.182053 0.136224 0.136794 -0.295709 0.074845 0.117721 -0.120150 0.059457 -0.028960 0.169368 -0.242568 0.138879 0.152361 0.044812 -0.211680 -0.128472 -0.096591 -0.037029 0.160791 0.011079 0.124235 0.070178 0.131521 -0.056570
-0.233315 -0.421366 0.300253 0.233599 0.026740 -0.060795 0.313843 0.277290 0.154170 0.059158 -0.211839 -0.221548 0.173138 0.139559 0.078017 0.036023 -0.066175 -0.191474 -0.160624 0.001754 -0.109279 -0.151078 0.159353 0.000114 -0.046280 -0.021205 -0.240378 -0.328894 -0.082551 0.008669 0.044174 0.186798 -0.150437 0.221039 0.481068 1.000000 -0.042988 -0.027784 0.102414 -0.109384 0.145437 0.023817 0.013489 0.016892 0.264988 0.190516 -0.082463 0.182025 -0.057635 0.005923 0.102132 -0.105574 -0.282560 -0.280952 -0.297305 -0.265351 -0.411829 -0.543629 -0.190835 -0.322102 0.105824 0.107482 -0.128177 -0.238280 0.412509 0.475445 -0.025343 0.281012 -0.195408 -0.101728 -0.067881 0.169080 -0.072825 -0.104154 -0.180694 -0.125510 0.001296 0.315334 -0.036656 -0.200697 -0.190792 -0.294400 0.048452 -0.064870 -0.131258 -0.257579 -0.213146 -0.064405 -0.183011 -0.318671 0.138260 0.067732 0.284938 0.114485 0.075830 -0.207693 0.064255 -0.002660 -0.025754 0.009602 0.196848 0.148779 -0.180405 0.062362 -0.036148 0.018538 -0.027626 0.064853 0.044959 -0.160540 0.155358 -0.157057 -0.154571 0.034376 0.135070 -0.070444
