1.000000 0.276322 0.486814 -0.047271 -0.475499 -0.021517 0.516075 -0.151741 -0.306022 -0.224504 0.081738 -0.272409 -0.033648 -0.131692 -0.399672 -0.544310 -0.152403 -0.137029 0.221216 0.223731 -0.497370 -0.031884 -0.117572 0.164157 -0.471457 -0.072977 -0.409552 -0.083360 -0.542449 -0.384254 -0.270047 -0.009450 0.124247 0.217754 0.306639 0.375353 0.150474 -0.451825 -0.116749 -0.114184 -0.290816 0.089788 -0.496453 -0.198103 0.215328 0.233555 -0.457198 -0.144231 0.308857 0.236966 0.088143 0.414337 -0.282281 -0.166071 -0.160977 -0.387146 0.788728 0.070125 0.171251 0.197200 0.377731 -0.221624 -0.102873 0.069186 0.012625 0.477383 0.227160 0.593897 0.333571 0.450501 -0.199169 -0.083662 -0.573025 -0.166607 -0.244911 0.103220 -0.034746 -0.104800 0.166930 -0.285754 0.046633 0.127039 -0.345396 -0.323787 -0.077927 -0.003898 -0.362403 0.053642 0.264580 0.038455 0.125281 -0.294252 -0.176240 -0.265088 -0.001967 -0.153826 -0.113382 -0.176331 -0.233704 -0.216436 -0.030232 -0.000981 0.018156 -0.126352 -0.389201 -0.508240 0.195433 -0.023230 -0.031496 0.224222 -0.040347 -0.368423 -0.458452 -0.154193 -0.344281 -0.241333
0.276322 1.000000 0.053883 0.113916 -0.264290 -0.232040 0.149263 0.117188 -0.061586 -0.198226 -0.243223 -0.050006 0.233518 -0.393807 -0.367521 -0.249840 -0.553382 -0.102540 0.239835 0.311990 -0.217793 -0.016295 -0.077337 0.038455 -0.327155 -0.147391 -0.013913 0.012728 -0.505556 -0.494371 -0.295740 -0.262858 -0.054486 0.070844 -0.279584 -0.022244 -0.155780 -0.256063 -0.169585 0.211396 -0.316133 0.032376 -0.165251 -0.139626 0.326633 0.326177 -0.409556 0.076043 0.366641 0.373622 -0.025876 0.265860 -0.199186 -0.164194 -0.285455 -0.490437 0.064017 0.663747 0.379680 0.574693 0.132501 0.213945 0.126573 0.280145 -0.086906 0.530894 0.528725 0.482875 0.161480 0.443557 -0.071291 0.149246 -0.553750 -0.326111 -0.234348 0.305670 -0.282798 -0.192989 -0.243801 -0.217973 -0.130908 -0.170972 -0.262704 -0.302158 -0.094590 -0.327721 -0.453098 -0.088833 0.130380 -0.248659 0.099018 -0.386638 -0.273157 -0.024807 0.020626 -0.052346 -0.117630 -0.226539 -0.285508 -0.376390 -0.030345 0.127431 -0.050798 -0.005565 -0.128166 -0.216435 0.294063 -0.142823 -0.035161 0.314321 -0.096287 -0.072424 -0.072826 -0.109574 -0.138239 0.033684
0.486814 0.053883 1.000000 0.324247 -0.060493 0.176780 0.658625 0.270331 -0.156284 -0.065596 0.318315 -0.166481 0.028448 -0.139939 -0.021732 -0.127121 0.050469 -0.237959 0.387453 0.390918 -0.175556 -0.040432 0.510263 0.391919 -0.141226 0.074248 -0.088263 -0.000070 -0.152796 -0.400088 0.062205 0.163288 0.137631 0.232505 0.105199 0.110476 -0.019751 -0.496867 -0.123532 -0.068847 -0.213247 0.025434 -0.191538 -0.088329 0.023079 0.031071 -0.151184 0.004061 0.092052 0.006029 0.062575 0.141992 -0.334628 0.017008 -0.329260 -0.224817 0.244686 -0.190729 -0.029062 -0.037394 -0.012232 -0.214407 -0.052304 -0.124236 0.009172 0.163841 -0.013094 0.240072 0.178033 0.194874 -0.020272 -0.087623 -0.231714 -0.183081 -0.212838 -0.069512 0.002087 -0.276703 0.061719 -0.188295 0.026267 -0.219782 -0.106040 -0.104579 -0.042119 -0.188173 -0.244035 0.005304 -0.041292 -0.014491 0.106983 -0.099884 0.125277 -0.091045 -0.303899 -0.415958 -0.159010 -0.262961 -0.230758 -0.086461 -0.018052 -0.105989 -0.244074 -0.227606 -0.451109 -0.298896 0.024539 -0.121876 -0.411386 -0.134814 -0.002557 -0.031247 -0.154392 -0.177131 -0.263253 -0.375326
-0.047271 0.113916 0.324247 1.000000 0.367470 0.395254 0.069569 0.332201 0.201625 0.377559 -0.039208 -0.103900 -0.217515 -0.063040 0.244379 0.387702 -0.146074 -0.155964 0.649350 0.543572 0.449417 0.158000 0.208504 0.213244 0.211940 0.142849 0.499612 0.427214 -0.170520 -0.223862 -0.024979 -0.197381 -0.174873 -0.327214 -0.332204 -0.422942 -0.013829 -0.118148 0.014616 0.127290 0.028572 0.238843 -0.001176 -0.205849 0.027171 -0.033552 0.035336 -0.238152 -0.026360 0.014242 0.128629 0.048004 -0.183844 0.010440 -0.113753 -0.158931 -0.226210 -0.020117 -0.072097 -0.018919 -0.283807 -0.122441 -0.087887 -0.251258 -0.120501 0.204781 -0.093572 -0.243232 0.078129 -0.024712 -0.202085 -0.153483 -0.082227 -0.417445 -0.044156 -0.344565 -0.288680 -0.422641 -0.313809 -0.093346 -0.393256 -0.559757 0.069677 0.000972 -0.092652 -0.127316 0.137707 0.169520 -0.023260 0.225006 0.135550 0.056711 0.239552 0.089090 -0.278516 -0.092334 -0.148825 -0.059475 -0.047662 -0.101071 0.021837 0.194663 -0.011127 0.089856 -0.047584 0.191535 0.017422 0.127258 -0.086663 -0.092629 -0.290765 -0.108277 -0.074081 -0.134578 -0.056084 -0.235156
-0.475499 -0.264290 -0.060493 0.367470 1.000000 0.479843 -0.333354 0.136765 0.643029 0.540343 -0.015870 0.122212 -0.252254 0.249826 0.765606 0.669469 0.140062 -0.325765 0.168026 0.057988 0.665957 0.108647 0.178245 -0.040306 0.825428 0.399848 0.702176 0.261908 0.277448 0.004584 0.313469 0.037774 -0.343682 -0.389692 -0.090503 -0.152952 -0.159482 0.227441 0.032052 -0.052999 0.159401 -0.046663 0.246380 0.215073 -0.266741 -0.256922 0.293227 0.140233 -0.275504 -0.276867 -0.035543 -0.157992 0.073783 0.353105 -0.018680 0.129979 -0.350227 -0.204833 -0.031746 -0.314444 -0.170605 -0.237223 -0.466072 -0.613003 -0.019593 -0.353199 -0.316160 -0.317815 0.059425 -0.133012 0.132991 -0.113405 0.331100 -0.226107 -0.016489 -0.356076 -0.158771 -0.360411 -0.493157 -0.230959 -0.431884 -0.366861 0.232655 0.093045 -0.208251 0.128881 0.377427 0.010492 -0.229509 0.008917 -0.034212 0.273523 0.258795 0.302925 -0.326655 -0.162283 -0.142904 0.138285 -0.044730 0.239093 0.131810 0.029221 0.049582 0.193850 0.138933 0.381532 0.008504 0.146448 -0.317440 -0.386323 -0.046966 0.228170 0.172017 0.071264 0.069890 -0.223296
-0.021517 -0.232040 0.176780 0.395254 0.479843 1.000000 -0.037515 -0.034960 0.300571 0.583580 0.035364 -0.036138 -0.336758 0.118400 0.400671 0.386113 0.207953 -0.263160 0.400142 0.203827 0.289244 0.046352 0.097659 -0.028090 0.336719 0.185590 0.341759 0.370735 -0.078708 0.001612 0.018549 -0.186692 -0.186689 -0.363027 0.141072 -0.012800 -0.055008 0.131458 -0.005057 -0.196629 -0.110117 0.150578 -0.096241 -0.012747 -0.221714 -0.279800 0.083754 -0.058065 -0.243915 -0.323263 0.064008 -0.079563 0.047555 0.211392 0.084833 0.104145 -0.029221 -0.196599 -0.088624 -0.234131 0.026955 -0.292565 -0.285661 -0.441328 -0.081690 -0.111962 -0.289761 -0.205845 -0.017572 0.048158 -0.170482 -0.314059 -0.063273 -0.086973 -0.164144 -0.416065 -0.284544 -0.357899 -0.190868 -0.245373 -0.360168 -0.307180 0.050160 -0.034317 0.081669 0.186048 0.203059 0.096769 -0.031812 0.515711 0.072869 0.215307 0.179540 0.106709 -0.356328 -0.166328 -0.090686 -0.006765 -0.063810 0.161023 0.135370 0.200412 0.288040 0.206650 0.030367 0.219985 -0.128019 0.198389 -0.199040 -0.155063 -0.109251 0.003599 -0.129628 -0.022765 -0.075415 -0.303788
0.516075 0.149263 0.658625 0.069569 -0.333354 -0.037515 1.000000 0.085942 -0.117395 -0.159503 0.321821 -0.214199 0.313461 -0.217140 -0.290832 -0.363467 -0.032839 -0.132196 0.153642 0.228632 -0.355359 -0.048190 0.399059 0.253805 -0.424798 -0.162654 -0.378591 -0.165280 -0.215447 -0.307660 0.034005 0.114325 0.222614 0.351994 0.060699 0.084735 -0.152090 -0.519281 -0.185284 0.009488 -0.337446 0.062837 -0.053235 -0.019662 0.388168 0.366223 -0.253570 0.016988 0.419850 0.337006 0.197187 0.322413 -0.284711 -0.098655 -0.373188 -0.215678 0.252700 -0.067386 0.095626 0.184126 0.085881 -0.151972 0.144851 0.175634 -0.049186 0.296036 0.239569 0.322724 -0.064725 0.127429 0.046004 -0.026780 -0.344975 -0.095871 -0.288933 0.041816 -0.015121 -0.191181 0.245891 -0.183188 0.146645 -0.046209 -0.261380 -0.116702 -0.007289 -0.233508 -0.323057 -0.083063 -0.118350 0.048633 -0.005184 -0.231398 -0.043253 -0.259149 -0.156983 -0.366793 -0.093113 -0.381128 -0.181373 -0.277894 -0.055317 -0.174548 -0.309144 -0.422718 -0.524902 -0.437323 0.126432 -0.104277 -0.241372 0.029942 -0.022067 -0.079540 -0.116357 -0.297153 -0.406931 -0.265356
-0.151741 0.117188 0.270331 0.332201 0.136765 -0.034960 0.085942 1.000000 -0.118123 0.015036 0.181560 0.256767 0.192112 0.119578 -0.036578 0.131506 -0.210154 0.044138 -0.018970 0.025223 0.206350 0.026779 0.279743 0.267307 0.080878 0.167137 0.119685 -0.025845 0.089140 -0.010609 0.117829 0.178386 -0.075935 0.069629 -0.085818 0.031403 -0.100983 -0.113737 -0.084845 -0.005189 0.097394 -0.079591 -0.127285 -0.156551 -0.212200 -0.165555 -0.005165 -0.021820 -0.160416 -0.084990 -0.380364 -0.163409 -0.042280 0.100318 -0.253464 -0.241900 -0.224574 -0.218689 -0.178136 0.000496 -0.139945 0.267630 0.120888 -0.028356 -0.095498 -0.075178 -0.219081 -0.117595 -0.094385 -0.065135 0.171977 0.209015 0.106395 -0.011512 0.000511 -0.056016 0.047752 0.023483 -0.311574 0.151304 -0.213732 -0.221197 0.146411 0.216933 -0.295482 -0.289916 0.012079 -0.162285 0.053914 -0.222753 0.106939 0.068407 0.044335 0.143332 -0.022159 -0.088604 -0.279218 -0.066147 -0.189390 -0.019284 -0.052415 0.099738 -0.149825 -0.035496 -0.068440 0.036227 -0.078498 -0.138076 -0.049772 -0.203290 -0.179462 -0.083849 0.145215 0.043668 0.178125 -0.124779
-0.306022 -0.061586 -0.156284 0.201625 0.643029 0.300571 -0.117395 -0.118123 1.000000 0.540659 0.063325 -0.055791 -0.083383 0.109252 0.735363 0.595680 0.150692 -0.219431 0.110171 -0.078485 0.487336 0.103795 0.030871 -0.223395 0.616154 0.223770 0.511699 0.248563 0.163829 -0.074907 0.106536 -0.108956 -0.307733 -0.429474 -0.162935 -0.238554 -0.264023 0.064692 -0.100883 -0.049975 0.027313 0.034709 0.283772 0.171696 0.043475 -0.007214 0.119864 0.005134 0.090989 -0.023768 0.096889 -0.022899 0.058291 0.172840 -0.106714 0.020469 -0.139532 0.121933 0.192501 -0.003134 0.097142 -0.056378 -0.339976 -0.217579 -0.030493 -0.138098 -0.022247 -0.199929 -0.128193 -0.072986 0.115250 -0.097310 0.117703 -0.230401 -0.178326 -0.082605 -0.246620 -0.411563 -0.218506 -0.266099 -0.313562 -0.347433 0.218384 -0.026180 -0.123377 -0.000084 0.398731 0.068798 -0.190763 0.165602 0.005422 0.141919 0.253879 0.129080 -0.330548 -0.263151 -0.062267 -0.125006 0.057877 -0.030733 0.046032 0.002445 -0.063383 0.144897 0.068444 0.329543 0.043026 0.116228 -0.288278 -0.362391 -0.089877 0.166666 0.102211 -0.281166 -0.150072 -0.191957
-0.224504 -0.198226 -0.065596 0.377559 0.540343 0.583580 -0.159503 0.015036 0.540659 1.000000 -0.115019 -0.293070 -0.388449 0.026151 0.512326 0.688488 0.108340 -0.271565 0.264987 0.146225 0.301816 -0.138458 -0.117010 -0.226422 0.527871 0.115542 0.432567 0.077017 -0.123226 0.100682 -0.194547 -0.462700 -0.086558 -0.274630 0.087981 -0.155236 0.252016 0.290483 0.382141 0.062896 0.263177 0.449685 0.246163 0.079242 -0.149785 -0.171853 0.161085 -0.002564 -0.029790 -0.154253 0.200695 0.036357 0.253338 0.296485 -0.033065 0.291714 -0.233340 -0.012736 -0.203873 -0.179068 -0.017694 -0.139011 -0.038885 -0.287107 -0.056189 -0.128224 -0.221379 -0.246815 -0.094599 -0.119114 -0.290289 -0.311859 -0.040265 -0.251486 -0.087234 -0.442879 -0.219181 -0.261866 -0.057764 -0.112096 -0.317514 -0.350976 0.114308 0.303556 -0.109454 0.028419 0.200042 0.244585 -0.390808 0.241404 0.041115 0.234649 0.214961 -0.029202 -0.038335 0.209693 0.117746 0.166432 0.150745 0.071158 -0.105586 -0.032320 -0.055536 0.156378 0.179805 0.194280 0.019658 0.113260 0.068721 -0.041123 0.136920 0.071525 -0.125338 -0.179765 0.234733 0.062029
0.081738 -0.243223 0.318315 -0.039208 -0.015870 0.035364 0.321821 0.181560 0.063325 -0.115019 1.000000 0.319402 0.474199 0.401682 0.162967 -0.000354 0.416710 0.269367 -0.250605 -0.194792 -0.022250 -0.002151 0.322497 0.147388 0.023492 0.132377 -0.239650 -0.074787 0.443384 0.172187 0.331705 0.338377 -0.201442 -0.036055 -0.086804 -0.071745 -0.215603 -0.202460 -0.322418 -0.436742 -0.091395 -0.323213 -0.119802 0.011620 -0.176532 -0.123211 -0.012019 -0.143350 -0.222721 -0.190192 -0.161147 -0.099372 -0.070818 0.143613 -0.250952 -0.246654 0.145067 -0.328003 -0.168626 -0.275514 -0.073176 -0.118822 -0.113313 0.024452 -0.076329 -0.203704 -0.372024 -0.197594 -0.237149 -0.220441 0.336923 0.082604 0.240378 0.350911 0.057752 0.111283 0.278984 0.072892 0.238890 0.258525 0.234691 0.233895 0.182565 -0.008548 0.193144 0.159988 0.071342 -0.108679 0.106808 0.095862 -0.201065 -0.076868 -0.038225 -0.090244 -0.222696 -0.398760 -0.392594 -0.212061 -0.241879 -0.056009 -0.005710 -0.062495 -0.101691 -0.194885 -0.297296 -0.064854 -0.196817 -0.219056 -0.270783 -0.370876 -0.216720 -0.139223 -0.007835 -0.207021 -0.208155 -0.230983
-0.272409 -0.050006 -0.166481 -0.103900 0.122212 -0.036138 -0.214199 0.256767 -0.055791 -0.293070 0.319402 1.000000 0.107755 0.614020 0.059894 0.085940 0.361568 0.459472 -0.330548 -0.306509 0.068420 0.059818 -0.029978 -0.065775 0.059107 0.052105 -0.088199 -0.033947 0.439988 0.408839 0.148170 0.277169 -0.329171 -0.275956 -0.107444 -0.108244 -0.239496 0.288512 -0.246939 -0.249081 -0.012498 -0.388055 -0.203039 0.057828 -0.376110 -0.415333 0.094455 0.040582 -0.465704 -0.393585 -0.280437 -0.373860 0.093267 0.111280 0.072303 -0.071860 0.016014 -0.221130 0.015191 -0.222402 -0.083881 -0.057108 -0.254683 -0.058444 -0.120575 -0.261719 -0.188927 -0.287759 -0.072544 -0.275513 0.325781 0.354627 0.305160 0.435256 0.129678 0.026479 0.208933 0.154444 -0.149633 0.253748 -0.043068 0.361762 0.132279 -0.028655 0.156024 0.407991 0.061691 -0.209690 0.254953 -0.098432 -0.111359 -0.107728 -0.102563 0.113730 -0.207911 -0.144562 -0.227125 -0.001836 -0.158059 0.206527 0.144725 -0.057191 0.072632 -0.189386 -0.142989 0.121548 -0.008307 -0.205813 -0.193858 -0.079479 -0.239404 0.045072 0.085944 0.154084 -0.089724 -0.133656
-0.033648 0.233518 0.028448 -0.217515 -0.252254 -0.336758 0.313461 0.192112 -0.083383 -0.388449 0.474199 0.107755 1.000000 0.063485 -0.216682 -0.284555 -0.095125 0.231430 -0.318392 -0.188748 -0.076241 0.105105 0.197105 0.082356 -0.288818 -0.014334 -0.285454 -0.089836 0.323173 0.038068 0.398641 0.351059 -0.225830 0.120328 -0.384169 -0.090885 -0.285242 -0.295430 -0.288521 -0.182719 -0.124182 -0.373260 -0.114633 -0.162376 0.129222 0.135230 -0.261998 -0.178256 0.080887 0.114546 -0.278713 -0.013037 -0.141781 -0.073926 -0.285618 -0.375709 -0.068196 0.021080 0.079051 0.118259 -0.031911 0.203039 0.164846 0.287718 -0.082913 0.073991 -0.025773 -0.001610 -0.238583 -0.057586 0.496770 0.321541 0.161537 0.280524 0.171172 0.440276 0.048989 0.055241 0.114655 0.162422 0.305903 0.255437 -0.001299 -0.073310 0.186817 -0.082105 -0.158562 -0.337365 0.158576 -0.092795 -0.136053 -0.254787 -0.298856 -0.067872 0.112266 -0.228554 -0.392617 -0.240449 -0.332405 -0.317204 -0.000193 0.069019 -0.037807 -0.092663 -0.152910 -0.127781 -0.095569 -0.280819 -0.060926 -0.116307 -0.324657 -0.226317 0.102325 -0.146024 -0.128447 -0.026709
-0.131692 -0.393807 -0.139939 -0.063040 0.249826 0.118400 -0.217140 0.119578 0.109252 0.026151 0.401682 0.614020 0.063485 1.000000 0.334042 0.269916 0.334058 0.265383 -0.375621 -0.471667 0.226871 0.242586 -0.109598 -0.100351 0.257349 0.291245 0.022678 0.059954 0.397315 0.547872 0.298324 0.309576 -0.479221 -0.414794 -0.025045 -0.091125 0.098124 0.235260 0.029922 -0.316306 0.383673 -0.222096 -0.188852 0.066698 -0.532647 -0.546787 0.069411 -0.196415 -0.495750 -0.489909 -0.187328 -0.297609 0.259796 0.233371 0.223147 0.101889 0.187499 -0.433836 -0.120638 -0.505547 0.025349 -0.282302 -0.407773 -0.318828 -0.092191 -0.417013 -0.520961 -0.413750 -0.013473 -0.317009 0.394052 0.330970 0.451741 0.414794 0.306702 -0.021121 0.220128 0.051857 -0.117007 0.139976 -0.216805 0.412780 0.330295 0.049372 0.016992 0.526586 0.315596 0.084663 0.257843 0.046974 -0.066942 0.093321 0.031105 0.132539 -0.039392 0.051880 -0.329721 0.200199 -0.136614 0.281412 -0.053258 -0.024462 0.079824 -0.114842 -0.029719 0.084791 -0.059044 -0.139651 0.064151 -0.098171 -0.220244 -0.187142 -0.072310 0.076416 0.068979 -0.102046
-0.399672 -0.367521 -0.021732 0.244379 0.765606 0.400671 -0.290832 -0.036578 0.735363 0.512326 0.162967 0.059894 -0.216682 0.334042 1.000000 0.710948 0.387844 -0.208353 0.107366 -0.061842 0.515510 -0.013353 0.137731 -0.107244 0.711795 0.260892 0.558652 0.192121 0.396615 0.060409 0.252553 0.005895 -0.286959 -0.393258 -0.020907 -0.142475 -0.081560 0.205452 0.064230 -0.109732 0.274140 -0.015596 0.204772 0.169700 -0.242029 -0.262253 0.150895 -0.019441 -0.239339 -0.270317 0.083649 -0.163577 0.067086 0.243323 0.090457 0.138562 -0.173370 -0.113657 -0.142268 -0.378470 -0.085268 -0.249739 -0.379525 -0.401014 0.111875 -0.384744 -0.376123 -0.385329 -0.038673 -0.202540 0.032434 -0.224729 0.364904 -0.201226 0.047115 -0.323507 -0.190871 -0.434190 -0.192376 -0.179203 -0.222616 -0.278961 0.418633 0.157637 -0.003335 0.134161 0.487993 0.133994 -0.107494 0.146005 -0.006979 0.234982 0.324387 0.204284 -0.423240 -0.172375 -0.149001 0.132813 0.062772 0.246181 0.017123 -0.014889 -0.029794 0.198351 0.083046 0.367316 -0.067325 0.137905 -0.353627 -0.493936 -0.005577 0.189458 0.172202 -0.097993 -0.009170 -0.246291
-0.544310 -0.249840 -0.127121 0.387702 0.669469 0.386113 -0.363467 0.131506 0.595680 0.688488 -0.000354 0.085940 -0.284555 0.269916 0.710948 1.000000 0.210240 -0.145386 0.095627 -0.037617 0.546962 0.059322 0.063964 -0.193800 0.633797 0.203756 0.618991 0.183635 0.254543 0.224381 0.032260 -0.238536 -0.242043 -0.407677 -0.142337 -0.314645 -0.037811 0.389862 0.238698 0.069745 0.342455 0.200605 0.275083 0.121804 -0.262060 -0.282941 0.272590 0.101142 -0.216670 -0.244425 0.036020 -0.196228 0.286908 0.330068 0.056324 0.300651 -0.405435 -0.083177 -0.075439 -0.197679 -0.186906 -0.063197 -0.179788 -0.327788 -0.006579 -0.382605 -0.246336 -0.416438 -0.090879 -0.248519 0.023300 -0.084926 0.292076 -0.114672 0.018956 -0.314418 -0.193031 -0.287013 -0.324108 -0.068092 -0.389070 -0.338439 0.360023 0.428592 -0.180803 -0.048539 0.407498 0.297470 -0.333889 0.043529 0.001921 0.238974 0.350685 0.194249 -0.299468 0.047997 -0.014968 0.220089 0.117378 0.358956 -0.120378 -0.077918 -0.160300 0.170590 0.064247 0.465003 0.085849 0.066958 -0.123607 -0.230064 0.119728 0.344919 0.255051 0.010134 0.216860 -0.073552
-0.152403 -0.553382 0.050469 -0.146074 0.140062 0.207953 -0.032839 -0.210154 0.150692 0.108340 0.416710 0.361568 -0.095125 0.334058 0.387844 0.210240 1.000000 0.343201 -0.076015 -0.155469 -0.069916 -0.349209 -0.034519 -0.200182 0.098695 -0.223795 -0.102009 -0.144839 0.559836 0.373743 0.006255 0.003204 0.002490 -0.098463 0.284730 0.022504 -0.080535 0.249911 -0.078064 -0.372149 -0.054836 -0.112324 0.036582 0.049626 -0.215946 -0.300961 0.083139 -0.097475 -0.286767 -0.352566 0.190146 -0.197562 0.079595 0.040528 0.122368 0.145002 0.138954 -0.266714 -0.250386 -0.421780 -0.031242 -0.193339 -0.015589 -0.004946 0.108006 -0.276624 -0.313981 -0.355966 -0.165428 -0.377231 -0.096939 -0.313210 0.326841 0.302734 0.053778 -0.344810 0.114298 0.024276 0.436115 0.178658 0.442558 0.214803 0.275405 0.157199 0.426337 0.310461 0.239988 -0.041080 -0.020955 0.255596 -0.022389 0.074828 0.207048 -0.016004 -0.358396 -0.229894 -0.001120 0.045274 0.228395 0.199337 0.141043 -0.106325 0.069550 0.010813 -0.135424 0.207672 -0.106179 0.058811 -0.393460 -0.340860 0.053211 0.134494 0.069016 -0.105304 -0.210691 -0.237337
-0.137029 -0.102540 -0.237959 -0.155964 -0.325765 -0.263160 -0.132196 0.044138 -0.219431 -0.271565 0.269367 0.459472 0.231430 0.265383 -0.208353 -0.145386 0.343201 1.000000 -0.272658 -0.249322 -0.203476 -0.131804 -0.267869 -0.136857 -0.294424 -0.307875 -0.297714 -0.226411 0.334353 0.586063 0.019292 0.168087 -0.200618 -0.144498 -0.058220 -0.207870 -0.022562 0.112285 -0.111010 -0.192232 0.064269 -0.141453 -0.117016 -0.118239 0.003534 -0.122668 -0.024661 -0.351445 -0.139519 -0.053971 -0.031535 -0.120952 -0.023815 -0.260371 0.164157 -0.063774 0.053446 -0.076460 -0.118015 -0.085992 -0.186804 0.114812 0.162915 0.491853 -0.007390 -0.025706 -0.096487 -0.328988 -0.272996 -0.446289 -0.015229 0.081504 0.232078 0.554867 0.258948 0.183133 0.306505 0.513228 0.324291 0.718910 0.359411 0.583492 0.168575 0.140408 0.411077 0.229203 0.087875 -0.137043 0.286348 0.006345 -0.163581 -0.268381 -0.169919 -0.246537 0.071791 0.033150 -0.198743 -0.032762 0.005907 -0.134228 -0.029188 -0.054655 0.056408 -0.057125 -0.030690 0.043704 -0.070275 -0.087263 0.073492 0.106697 -0.220370 -0.192448 -0.017349 -0.170188 -0.128161 0.141862
0.221216 0.239835 0.387453 0.649350 0.168026 0.400142 0.153642 -0.018970 0.110171 0.264987 -0.250605 -0.330548 -0.318392 -0.375621 0.107366 0.095627 -0.076015 -0.272658 1.000000 0.777631 0.145288 -0.112621 -0.022003 -0.008077 -0.077409 -0.277391 0.372239 0.230459 -0.360678 -0.389538 -0.252599 -0.419147 0.011267 -0.191476 -0.022372 -0.117071 -0.034367 -0.048725 0.028285 0.223501 -0.187551 0.394668 -0.100998 -0.294612 0.217395 0.049456 -0.242469 -0.154797 0.183839 0.130759 0.253181 0.186789 -0.345739 -0.279742 -0.038129 -0.131732 0.025845 0.223258 0.121184 0.123717 0.011923 -0.045816 0.014460 -0.111019 0.079880 0.376536 0.218128 0.042012 0.145864 0.137958 -0.474796 -0.471004 -0.301492 -0.422938 -0.149365 -0.306912 -0.433813 -0.401111 -0.155783 -0.305153 -0.218999 -0.579177 -0.063762 -0.086090 0.069287 -0.174489 -0.024511 0.133099 -0.009411 0.333644 0.126355 -0.029113 0.128358 -0.007904 -0.308125 -0.112700 -0.077281 -0.002023 -0.047768 -0.147999 0.062952 0.253002 0.064258 0.303197 -0.029415 0.152586 0.041583 0.302548 -0.164130 0.046766 -0.041998 0.009699 -0.164450 -0.205405 -0.161471 -0.116052
0.223731 0.311990 0.390918 0.543572 0.057988 0.203827 0.228632 0.025223 -0.078485 0.146225 -0.194792 -0.306509 -0.188748 -0.471667 -0.061842 -0.037617 -0.155469 -0.249322 0.777631 1.000000 -0.066346 -0.200577 0.095769 0.196668 -0.145790 -0.252325 0.174235 0.063537 -0.294624 -0.428249 -0.139295 -0.320326 0.148604 0.133951 -0.067571 -0.107876 0.057298 -0.164506 0.079733 0.202570 -0.228905 0.245806 -0.074298 -0.175710 0.315578 0.210740 -0.176456 0.005980 0.232924 0.290741 0.277176 0.354937 -0.382368 -0.148498 -0.180189 -0.182473 -0.110008 0.167712 -0.043829 0.083550 -0.254535 -0.084243 0.155898 0.029101 0.056618 0.385577 0.173579 0.154272 0.076807 0.108988 -0.403658 -0.428914 -0.283060 -0.441903 -0.063645 -0.278837 -0.251293 -0.298346 -0.096377 -0.276611 0.020314 -0.451096 -0.204814 -0.071314 0.046317 -0.182065 -0.243598 -0.032887 -0.136578 0.090317 0.030436 -0.201097 0.013855 -0.234445 -0.198098 -0.101043 -0.030042 -0.051093 -0.093342 -0.204727 0.055200 0.013703 -0.068306 0.112205 -0.085247 -0.086384 0.064035 0.104283 -0.156575 0.026380 -0.025657 -0.030132 -0.181338 -0.143981 -0.180596 -0.077519
-0.497370 -0.217793 -0.175556 0.449417 0.665957 0.289244 -0.355359 0.206350 0.487336 0.301816 -0.022250 0.068420 -0.076241 0.226871 0.515510 0.546962 -0.069916 -0.203476 0.145288 -0.066346 1.000000 0.513373 0.235259 0.038338 0.661619 0.460663 0.650607 0.562145 0.270919 0.038171 0.377437 0.084052 -0.416795 -0.507986 -0.390991 -0.442997 -0.198884 0.098007 -0.057506 0.018074 0.262634 -0.051699 0.242616 0.058708 -0.267645 -0.271095 0.331877 -0.182424 -0.292090 -0.250704 -0.088770 -0.208825 0.200539 0.306237 0.094845 0.103256 -0.382023 -0.146915 -0.009596 -0.286422 -0.203526 -0.047044 -0.306889 -0.541194 -0.071232 -0.367535 -0.345732 -0.552660 0.048779 -0.122710 0.286576 0.131247 0.453944 -0.100023 0.106569 -0.156610 -0.147309 -0.283765 -0.548350 0.021986 -0.468845 -0.349149 0.369298 -0.001100 -0.293354 0.075361 0.589096 0.139521 -0.054526 0.190151 0.079847 0.511230 0.348506 0.482863 -0.126420 -0.135471 -0.143444 0.017931 0.148684 0.121950 0.131945 0.301148 0.128626 0.230560 0.325312 0.556012 -0.068458 0.163855 -0.006307 -0.424578 -0.367637 0.017643 0.257363 0.087003 0.169890 -0.074462
-0.031884 -0.016295 -0.040432 0.158000 0.108647 0.046352 -0.048190 0.026779 0.103795 -0.138458 -0.002151 0.059818 0.105105 0.242586 -0.013353 0.059322 -0.349209 -0.131804 -0.112621 -0.200577 0.513373 1.000000 0.197652 0.175215 0.263005 0.611716 0.176200 0.459387 0.088635 -0.018016 0.403599 0.348015 -0.392268 -0.317333 -0.423613 -0.417357 -0.067951 -0.253452 -0.090863 -0.056985 0.078830 -0.196942 -0.026525 0.018247 -0.144780 -0.089300 0.256411 -0.235593 -0.174949 -0.084061 -0.213682 -0.064257 0.172951 0.237518 0.100771 0.003216 -0.061959 -0.154244 0.069664 -0.128298 -0.174581 -0.165992 -0.333117 -0.373866 -0.309804 -0.140219 -0.169705 -0.244670 0.002021 0.020246 0.553870 0.526617 0.241817 0.031126 0.012584 0.256742 0.063029 -0.150030 -0.336700 -0.025199 -0.325429 0.038386 0.113283 -0.287636 -0.310452 0.203743 0.202057 0.002032 0.132416 0.085135 0.137837 0.307616 0.233546 0.230305 0.162527 -0.109389 -0.018227 -0.255701 0.036672 -0.071078 0.174205 0.124690 0.086133 -0.137906 0.181322 0.080579 0.008913 -0.187759 0.197407 -0.114244 -0.444626 -0.194644 -0.093716 -0.057044 0.086841 0.075785
-0.117572 -0.077337 0.510263 0.208504 0.178245 0.097659 0.399059 0.279743 0.030871 -0.117010 0.322497 -0.029978 0.197105 -0.109598 0.137731 0.063964 -0.034519 -0.267869 -0.022003 0.095769 0.235259 0.197652 1.000000 0.691334 0.212441 0.343033 0.119797 0.154263 0.177722 -0.256302 0.455832 0.401051 0.123443 0.252904 -0.232052 -0.183319 -0.294741 -0.417755 -0.224125 -0.048943 -0.117543 -0.189177 0.193758 0.178623 0.022589 0.131271 0.181184 0.143218 -0.042581 0.029284 -0.003959 -0.042487 -0.130017 0.199790 -0.319658 -0.131539 -0.241130 -0.247030 -0.089774 -0.151076 -0.287028 -0.047915 0.046054 -0.134560 0.108205 -0.159460 -0.123732 -0.044790 0.033301 0.129281 0.375284 0.140651 0.147139 -0.031454 -0.067450 0.079996 0.126254 -0.154781 -0.087915 -0.021987 0.023222 -0.214587 -0.000183 -0.022860 -0.132064 -0.276315 0.018138 0.043676 -0.267003 -0.123558 -0.124912 0.072849 0.124402 0.122400 -0.261829 -0.493870 -0.123721 -0.340746 -0.131652 -0.010205 0.084078 -0.070493 -0.257513 -0.216878 -0.272849 -0.116130 -0.034923 -0.193398 -0.411880 -0.430647 -0.091512 0.164394 0.283985 0.063095 -0.110815 -0.307436
0.164157 0.038455 0.391919 0.213244 -0.040306 -0.028090 0.253805 0.267307 -0.223395 -0.226422 0.147388 -0.065775 0.082356 -0.100351 -0.107244 -0.193800 -0.200182 -0.136857 -0.008077 0.196668 0.038338 0.175215 0.691334 1.000000 0.003676 0.365078 0.057732 0.122694 -0.079771 -0.234109 0.272346 0.423165 0.174922 0.296411 -0.054261 -0.044057 -0.005467 -0.497175 -0.140327 -0.141942 -0.082324 -0.131047 -0.062357 0.053283 0.095292 0.207878 0.051044 -0.052629 -0.009802 0.174440 -0.018790 0.066900 -0.159235 0.035966 -0.190862 -0.343212 -0.028909 -0.189129 -0.188895 -0.090765 -0.208073 0.018083 0.080106 -0.024946 0.125105 0.050818 -0.104092 0.100614 0.130928 0.164628 0.203960 0.199289 -0.071716 -0.046765 0.015519 0.203963 0.219689 0.009730 -0.041307 0.022677 0.006821 -0.123236 -0.062494 -0.083191 -0.200631 -0.237830 -0.073172 0.097460 -0.016078 -0.225218 -0.074780 -0.111692 -0.061346 -0.004693 -0.056462 -0.222516 -0.107832 -0.303163 -0.132771 -0.130403 0.100857 0.085424 -0.037055 -0.152751 -0.243791 -0.340058 0.004444 -0.307670 -0.165751 -0.188345 -0.172916 -0.153212 0.014423 0.106113 -0.044537 -0.227236
-0.471457 -0.327155 -0.141226 0.211940 0.825428 0.336719 -0.424798 0.080878 0.616154 0.527871 0.023492 0.059107 -0.288818 0.257349 0.711795 0.633797 0.098695 -0.294424 -0.077409 -0.145790 0.661619 0.263005 0.212441 0.003676 1.000000 0.620058 0.506936 0.159089 0.279736 0.069483 0.276563 0.075265 -0.260763 -0.316619 -0.084867 -0.199536 0.007901 0.200535 0.137046 -0.054560 0.319501 0.013595 0.261458 0.267430 -0.360948 -0.300019 0.443537 0.085515 -0.315080 -0.351327 -0.107628 -0.211597 0.242718 0.443185 -0.041198 0.217801 -0.294664 -0.178642 -0.124823 -0.367624 -0.150807 -0.188980 -0.419349 -0.551805 -0.041489 -0.457742 -0.341704 -0.327052 0.073743 -0.086998 0.212815 0.052505 0.376018 -0.133368 0.016953 -0.230163 0.067608 -0.189488 -0.374974 -0.105390 -0.349956 -0.198692 0.287621 0.143073 -0.317731 0.172117 0.398680 0.179165 -0.277869 -0.023799 -0.030614 0.430011 0.337397 0.299775 -0.129813 -0.077226 0.032575 0.062420 0.118734 0.189497 0.170045 -0.082196 -0.010288 0.075595 0.282245 0.269664 -0.008623 0.002512 -0.145350 -0.429414 -0.018340 0.154560 0.119098 0.057932 0.253332 -0.062139
-0.072977 -0.147391 0.074248 0.142849 0.399848 0.185590 -0.162654 0.167137 0.223770 0.115542 0.132377 0.052105 -0.014334 0.291245 0.260892 0.203756 -0.223795 -0.307875 -0.277391 -0.252325 0.460663 0.611716 0.343033 0.365078 0.620058 1.000000 0.236089 0.364034 0.073262 -0.119009 0.311450 0.346571 -0.275025 -0.116080 -0.156211 -0.092452 0.086553 -0.258218 0.018815 -0.152180 0.152387 -0.234627 0.029224 0.201733 -0.390923 -0.201688 0.352829 0.001776 -0.316067 -0.330060 -0.294671 -0.189265 0.245090 0.449934 -0.040297 -0.097608 -0.083413 -0.288357 -0.101162 -0.279479 -0.080727 -0.224991 -0.377154 -0.522599 -0.205468 -0.311019 -0.381866 -0.101500 0.189578 0.132372 0.462507 0.435370 0.166959 -0.108856 -0.076811 0.060672 0.218727 -0.131783 -0.363268 -0.081649 -0.314121 -0.029790 0.158221 -0.141855 -0.444596 0.166201 0.200682 0.141756 0.007706 -0.165656 0.138479 0.347758 0.235266 0.293468 0.055262 -0.119225 -0.024032 -0.150349 -0.024194 0.064202 0.181608 0.012560 0.052710 -0.132546 0.146279 -0.031025 0.049287 -0.238814 0.010466 -0.306710 -0.228691 -0.126433 -0.024712 0.070888 0.172981 -0.098624
-0.409552 -0.013913 -0.088263 0.499612 0.702176 0.341759 -0.378591 0.119685 0.511699 0.432567 -0.239650 -0.088199 -0.285454 0.022678 0.558652 0.618991 -0.102009 -0.297714 0.372239 0.174235 0.650607 0.176200 0.119797 0.057732 0.506936 0.236089 1.000000 0.537989 0.027096 -0.128642 0.128585 -0.142796 -0.291933 -0.446718 -0.209395 -0.266926 -0.181461 0.121338 -0.025837 0.074159 0.048117 0.014623 0.258035 0.062746 -0.163553 -0.135145 0.123938 0.039190 -0.169405 -0.125026 0.048564 -0.171319 0.078128 0.108608 0.156870 0.034440 -0.370662 0.139672 0.050652 -0.053849 -0.169197 0.076630 -0.219758 -0.385305 0.122251 -0.161242 -0.129534 -0.292744 0.080782 -0.006764 0.021764 -0.100431 0.160066 -0.276322 -0.048622 -0.094462 -0.357701 -0.359645 -0.441030 -0.228089 -0.437788 -0.574459 0.315517 -0.050408 -0.208718 -0.208068 0.408463 0.171839 -0.070349 0.011032 0.117583 0.226769 0.282467 0.423391 -0.282413 -0.044022 -0.151780 0.205188 0.134881 0.288389 0.010554 0.300689 0.092061 0.435761 0.113270 0.491866 -0.008313 0.150373 -0.171180 -0.257066 0.000255 0.251635 0.286850 0.109377 0.088884 -0.109949
-0.083360 0.012728 -0.000070 0.427214 0.261908 0.370735 -0.165280 -0.025845 0.248563 0.077017 -0.074787 -0.033947 -0.089836 0.059954 0.192121 0.183635 -0.144839 -0.226411 0.230459 0.063537 0.562145 0.459387 0.154263 0.122694 0.159089 0.364034 0.537989 1.000000 -0.110423 -0.237579 0.131971 0.018085 -0.355034 -0.440771 -0.270658 -0.247593 -0.216720 -0.200073 -0.271842 -0.094936 -0.197532 -0.238018 0.018083 -0.021840 -0.245210 -0.194248 0.070185 -0.104804 -0.267542 -0.236034 -0.034498 -0.089002 0.087135 0.173941 0.246639 -0.132688 -0.102355 -0.029465 0.050200 -0.062443 -0.056287 -0.105079 -0.292872 -0.419698 -0.151862 0.035251 -0.205234 -0.227661 0.122055 0.215980 0.085561 0.077812 -0.027294 -0.168352 -0.213862 -0.024041 -0.280494 -0.375577 -0.283821 -0.170491 -0.337121 -0.368271 0.265081 -0.414284 -0.060518 0.077254 0.414485 0.037501 0.248926 0.355566 0.278277 0.315790 0.281774 0.464668 -0.242019 -0.261179 -0.141052 -0.098926 0.064238 0.092276 0.188195 0.523566 0.432176 0.299039 0.178907 0.352384 0.006191 0.127592 -0.101655 -0.184603 -0.273175 -0.010737 0.173286 0.209974 -0.072170 -0.205853
-0.542449 -0.505556 -0.152796 -0.170520 0.277448 -0.078708 -0.215447 0.089140 0.163829 -0.123226 0.443384 0.439988 0.323173 0.397315 0.396615 0.254543 0.559836 0.334353 -0.360678 -0.294624 0.270919 0.088635 0.177722 -0.079771 0.279736 0.073262 0.027096 -0.110423 1.000000 0.472254 0.559914 0.424420 -0.161553 -0.098469 -0.219651 -0.271712 -0.209017 0.172104 -0.153034 -0.303326 0.210035 -0.453841 0.130213 0.057544 -0.235155 -0.266433 0.295656 -0.150601 -0.381553 -0.275615 -0.183861 -0.333601 0.051618 0.119390 0.032369 0.170417 -0.266965 -0.356312 -0.237757 -0.422355 -0.315863 0.050804 0.010896 -0.013078 -0.020502 -0.544078 -0.466687 -0.617455 -0.315585 -0.541702 0.452433 0.095087 0.856005 0.394231 0.466286 0.004540 0.230213 0.110122 0.144552 0.343842 0.348436 0.241015 0.344741 0.202854 0.245285 0.226415 0.320894 -0.305932 -0.063746 0.015598 -0.148686 0.107964 0.175082 0.035843 -0.148934 -0.185631 -0.133233 0.022324 0.135903 0.204057 0.131443 -0.167315 -0.102411 -0.049750 0.005383 0.311365 -0.338880 -0.145796 -0.227332 -0.529436 -0.247354 0.068970 0.230517 -0.029113 -0.019611 -0.075509
-0.384254 -0.494371 -0.400088 -0.223862 0.004584 0.001612 -0.307660 -0.010609 -0.074907 0.100682 0.172187 0.408839 0.038068 0.547872 0.060409 0.224381 0.373743 0.586063 -0.389538 -0.428249 0.038171 -0.018016 -0.256302 -0.234109 0.069483 -0.119009 -0.128642 -0.237579 0.472254 1.000000 0.167896 0.118805 -0.212061 -0.278034 0.029878 -0.150260 0.155438 0.540780 0.163303 -0.193497 0.470313 -0.034339 -0.090719 -0.067365 -0.288143 -0.406549 0.195396 -0.234488 -0.380879 -0.319898 -0.218807 -0.358043 0.274715 -0.014286 0.304606 0.407090 -0.093184 -0.393996 -0.169091 -0.343726 -0.131652 -0.015683 -0.010236 0.055474 -0.106469 -0.460854 -0.358490 -0.574361 -0.267713 -0.569019 0.169044 0.123294 0.532911 0.770184 0.499853 0.032423 0.350130 0.504904 0.233050 0.586342 0.043432 0.551564 0.325676 0.407380 0.200005 0.363973 0.266727 0.005323 0.031048 0.140750 -0.295983 0.053893 -0.069159 -0.126958 0.185746 0.379296 -0.092556 0.351479 0.082056 0.270525 -0.099028 -0.106752 0.028155 -0.082928 0.079268 0.202972 -0.217148 -0.046904 0.307039 0.126700 -0.070102 -0.081025 0.007287 0.071165 0.251992 0.254317
-0.270047 -0.295740 0.062205 -0.024979 0.313469 0.018549 0.034005 0.117829 0.106536 -0.194547 0.331705 0.148170 0.398641 0.298324 0.252553 0.032260 0.006255 0.019292 -0.252599 -0.139295 0.377437 0.403599 0.455832 0.272346 0.276563 0.311450 0.128585 0.131971 0.559914 0.167896 1.000000 0.744987 -0.297109 -0.097652 -0.381687 -0.312928 -0.284309 -0.189764 -0.259190 -0.157437 0.073917 -0.473001 0.062418 0.124198 -0.052323 -0.016589 0.107280 -0.131606 -0.222975 -0.024884 -0.176407 -0.105151 -0.183588 0.122825 -0.087651 0.000057 -0.150558 -0.439077 -0.009980 -0.318430 -0.359390 -0.087199 -0.292732 -0.163272 0.062397 -0.286317 -0.331772 -0.346332 -0.097860 -0.237673 0.655065 0.249285 0.604130 0.279818 0.393165 0.261990 0.226700 0.034362 -0.108134 0.085026 0.042636 0.183918 0.143119 -0.065706 0.046071 0.148890 0.170583 -0.315947 -0.006104 -0.049313 -0.290002 -0.025073 0.016163 0.007378 -0.170663 -0.356257 -0.393033 -0.100357 -0.234481 0.074970 0.100099 -0.094704 -0.056575 -0.074783 -0.105617 0.046812 -0.270361 -0.228696 -0.182393 -0.443215 -0.379749 -0.066471 0.166616 0.034241 -0.164173 -0.225316
-0.009450 -0.262858 0.163288 -0.197381 0.037774 -0.186692 0.114325 0.178386 -0.108956 -0.462700 0.338377 0.277169 0.351059 0.309576 0.005895 -0.238536 0.003204 0.168087 -0.419147 -0.320326 0.084052 0.348015 0.401051 0.423165 0.075265 0.346571 -0.142796 0.018085 0.424420 0.118805 0.744987 1.000000 -0.118661 0.151174 -0.140315 -0.085132 -0.220460 -0.404601 -0.331593 -0.346728 -0.039143 -0.493424 -0.098498 0.068499 -0.102027 -0.021582 0.130825 -0.103448 -0.226610 -0.051329 -0.333743 -0.133293 -0.240449 0.055155 -0.160991 -0.199475 0.146466 -0.494367 0.031835 -0.197595 -0.096446 0.022942 -0.250180 -0.038812 0.099555 -0.176559 -0.209031 -0.100838 0.014594 -0.111840 0.643021 0.495357 0.390007 0.366435 0.236781 0.452302 0.463712 0.208823 0.022583 0.132188 0.116849 0.349175 0.026450 -0.079178 -0.082779 0.116656 0.012256 -0.310003 0.086009 -0.272207 -0.245659 -0.127393 -0.156337 -0.040958 -0.069830 -0.382896 -0.264283 -0.319164 -0.287620 -0.046899 0.162335 -0.136921 0.013246 -0.243668 -0.215332 -0.227244 -0.265692 -0.342429 -0.162541 -0.310280 -0.306255 -0.092906 0.051208 0.112844 -0.201434 -0.312668
0.124247 -0.054486 0.137631 -0.174873 -0.343682 -0.186689 0.222614 -0.075935 -0.307733 -0.086558 -0.201442 -0.329171 -0.225830 -0.479221 -0.286959 -0.242043 0.002490 -0.200618 0.011267 0.148604 -0.416795 -0.392268 0.123443 0.174922 -0.260763 -0.275025 -0.291933 -0.355034 -0.161553 -0.212061 -0.297109 -0.118661 1.000000 0.781671 0.411236 0.271921 0.149251 -0.057300 0.203893 0.226495 -0.041608 0.283493 0.151990 0.155170 0.284944 0.360624 0.041745 0.315002 0.317676 0.293088 0.222257 0.143156 -0.191121 -0.237436 -0.161586 0.185761 -0.008578 0.098827 -0.124065 0.221453 0.121042 0.268200 0.548138 0.401720 0.232904 0.150919 0.340593 0.322352 0.099859 0.117123 -0.369127 -0.249331 -0.192114 -0.176387 -0.042625 -0.122960 0.129813 0.144534 0.344169 -0.049006 0.285669 -0.141902 -0.331297 0.186313 -0.056113 -0.381333 -0.215525 0.059325 -0.437121 -0.188945 -0.158345 -0.160998 -0.101223 -0.292176 0.088502 0.096761 0.498863 0.014864 0.171582 0.049733 -0.210505 -0.309405 -0.272608 -0.226007 -0.198404 -0.353961 -0.059484 -0.040496 0.002003 0.126928 0.422488 0.230011 0.040296 0.111796 0.024179 -0.018937
0.217754 0.070844 0.232505 -0.327214 -0.389692 -0.363027 0.351994 0.069629 -0.429474 -0.274630 -0.036055 -0.275956 0.120328 -0.414794 -0.393258 -0.407677 -0.098463 -0.144498 -0.191476 0.133951 -0.507986 -0.317333 0.252904 0.296411 -0.316619 -0.116080 -0.446718 -0.440771 -0.098469 -0.278034 -0.097652 0.151174 0.781671 1.000000 0.330764 0.376848 0.134513 -0.323576 0.169396 0.091189 -0.089810 0.062114 0.065054 0.144808 0.282573 0.429840 -0.048313 0.320830 0.329617 0.329238 0.056232 0.275201 -0.253960 -0.082180 -0.317873 -0.085180 0.021030 -0.018842 -0.174849 0.141238 0.042921 0.198232 0.539879 0.409568 0.221041 0.199006 0.198002 0.459399 0.026807 0.106006 -0.113097 -0.051412 -0.169209 -0.127216 -0.059437 0.021818 0.301794 0.252736 0.291067 -0.029938 0.419762 0.076391 -0.325782 0.151767 -0.158288 -0.357725 -0.396274 -0.130716 -0.362104 -0.459463 -0.164643 -0.241742 -0.263638 -0.359500 0.195871 -0.041916 0.265749 -0.159492 -0.065071 -0.157760 -0.136555 -0.376722 -0.278130 -0.336152 -0.224869 -0.551081 0.031425 -0.202117 -0.036432 0.027397 0.296835 0.078816 0.012332 0.067091 -0.020233 -0.024307
0.306639 -0.279584 0.105199 -0.332204 -0.090503 0.141072 0.060699 -0.085818 -0.162935 0.087981 -0.086804 -0.107444 -0.384169 -0.025045 -0.020907 -0.142337 0.284730 -0.058220 -0.022372 -0.067571 -0.390991 -0.423613 -0.232052 -0.054261 -0.084867 -0.156211 -0.209395 -0.270658 -0.219651 0.029878 -0.381687 -0.140315 0.411236 0.330764 1.000000 0.749661 0.274271 0.110445 0.218324 -0.069006 -0.030400 0.256821 -0.137926 0.143322 -0.078430 -0.048261 -0.049684 0.248813 0.043301 -0.068518 0.101646 0.088487 0.020649 -0.041328 0.149580 0.132880 0.324444 -0.132074 -0.165734 -0.071201 0.335494 -0.118354 -0.005222 -0.009451 0.216526 0.007982 0.021438 0.365904 0.081582 0.060875 -0.441677 -0.356864 -0.252240 0.025696 -0.249805 -0.286864 0.166308 0.195199 0.238757 -0.141794 0.104582 0.107202 -0.041375 0.195817 -0.078277 0.021261 0.045264 0.106530 -0.022042 -0.007346 0.036959 -0.005627 -0.019499 -0.149598 -0.015340 0.031259 0.199964 0.145852 0.064521 0.109018 -0.141517 -0.142029 0.073872 -0.038147 -0.116308 -0.283570 0.054935 0.065452 -0.102938 0.097025 0.520420 0.105942 -0.070496 0.068610 0.000451 -0.117405
0.375353 -0.022244 0.110476 -0.422942 -0.152952 -0.012800 0.084735 0.031403 -0.238554 -0.155236 -0.071745 -0.108244 -0.090885 -0.091125 -0.142475 -0.314645 0.022504 -0.207870 -0.117071 -0.107876 -0.442997 -0.417357 -0.183319 -0.044057 -0.199536 -0.092452 -0.266926 -0.247593 -0.271712 -0.150260 -0.312928 -0.085132 0.271921 0.376848 0.749661 1.000000 0.125405 0.067546 0.062590 -0.049410 -0.112131 0.027376 -0.332725 -0.018012 -0.044760 0.030738 -0.278624 0.337686 0.076287 -0.053239 -0.207412 0.024776 -0.061677 -0.013209 0.036544 -0.115608 0.321660 -0.020298 0.051810 0.157165 0.436769 -0.064376 -0.074155 -0.040726 0.091881 0.046949 0.044695 0.584844 0.159931 0.268080 -0.254310 -0.221043 -0.326490 -0.075690 -0.270741 -0.099139 -0.012547 0.139551 0.011514 -0.277316 0.056253 0.054620 -0.164337 0.019607 -0.183173 -0.107784 -0.172466 0.007206 0.179730 -0.087536 0.115805 -0.050588 -0.150902 0.025781 0.013697 0.052420 0.031767 0.185962 -0.123079 0.126672 -0.072951 0.019249 0.138465 0.055150 -0.127051 -0.245752 0.086678 0.174031 -0.081484 0.113699 0.457758 0.042401 0.006393 0.243884 0.048682 -0.157456
