1.000000 0.433816 0.221004 0.029288 0.120289 0.270664 0.309103 0.037588 0.002527 -0.156091 0.074174 -0.131746 -0.050110 -0.147903 -0.159281 -0.056744 0.081274 -0.194765 0.448960 0.352807 -0.104152 -0.378765 -0.000308 0.167993 0.020479 -0.216963 0.178803 0.244680 -0.260697 -0.396905 -0.053720 -0.205404 0.513438 0.294140 -0.000570 -0.023072 -0.075267 -0.252274 -0.226412 -0.119178 -0.374628 -0.025077 -0.278020 -0.298687 -0.277504 -0.157474 -0.197763 -0.301785 -0.067257 -0.224839 -0.049084 -0.158255 -0.049286 0.048297 -0.100439 -0.429539 0.768906 0.064233 0.464333 0.156566 0.568289 0.139395 0.122231 0.433470 0.032009 -0.231172 0.277764 -0.113083 0.480249 0.211273 -0.375305 -0.306895 -0.255757 -0.155385 -0.193916 -0.078623 -0.155836 -0.123496 -0.219032 -0.184048 0.017311 -0.035681 0.041557 -0.122439 -0.075815 -0.351402 -0.068450 -0.202240 0.244533 0.110213 -0.071283 0.051550 0.133403 -0.048636 -0.209977 -0.091723 -0.189167 -0.369270 -0.192684 -0.143796 0.096574 0.199370 0.263934 0.132499 0.165414 0.008513 -0.273816 -0.265912 -0.171658 -0.139418 -0.235912 -0.106837 0.238856 0.128076 0.007895 -0.283442
0.433816 1.000000 -0.033900 0.068614 -0.031423 -0.093433 0.114759 0.232832 0.071276 -0.174246 -0.060600 -0.213407 -0.235059 -0.178030 -0.121746 -0.123717 -0.009425 -0.290434 0.462911 0.342375 -0.256954 -0.596121 -0.269889 -0.133199 -0.123424 -0.274292 0.050533 -0.054995 -0.184469 -0.217688 0.013845 -0.019174 0.648355 0.389085 -0.243796 -0.239378 -0.064220 -0.185808 -0.143145 -0.177640 -0.406523 -0.040873 -0.140785 -0.224984 -0.332226 -0.301702 0.025338 -0.094832 -0.086079 -0.391919 -0.127477 -0.086194 0.125120 0.119117 -0.144873 -0.553106 0.302814 0.545613 0.425324 0.121188 0.316813 0.198194 0.177594 0.303596 -0.065113 -0.484062 0.206083 -0.277674 0.401087 0.206160 -0.249503 -0.177839 -0.373578 -0.133694 -0.460716 -0.082366 -0.123852 0.180143 -0.247348 -0.271760 0.014135 -0.017793 -0.069976 -0.088507 -0.234691 -0.454871 -0.185200 -0.346538 0.003036 -0.058569 -0.021728 0.070439 0.229515 0.144357 -0.254938 -0.073439 -0.076671 -0.469369 -0.050801 -0.297766 0.328734 0.406033 0.468243 0.343282 0.281967 0.265614 0.088739 -0.085772 -0.328277 -0.080069 -0.166349 -0.080380 0.149536 0.339039 0.137067 -0.137886
0.221004 -0.033900 1.000000 0.208621 0.319653 0.221343 0.765410 0.289553 0.275225 0.142168 -0.038129 0.114284 0.182344 0.164008 -0.294720 -0.156741 -0.236788 -0.062253 0.201826 0.006869 -0.164170 -0.021791 0.642310 0.430052 0.259424 -0.146976 0.053773 0.201238 -0.084013 -0.115621 -0.261184 -0.352553 -0.130080 -0.271609 -0.008948 0.007474 -0.353682 -0.299373 -0.135259 -0.248830 -0.155251 -0.312418 -0.024219 -0.251094 -0.087785 -0.184452 -0.051986 -0.385140 0.312979 0.039568 0.445750 0.218111 0.247523 0.045313 0.063505 -0.154303 -0.069425 -0.223231 0.426577 0.355608 0.440838 0.461334 0.057048 0.148705 0.431197 0.305231 0.253539 -0.046279 -0.023494 -0.046738 -0.157631 -0.152511 0.016261 -0.191459 -0.077272 -0.266091 -0.275714 -0.255608 -0.274378 0.052572 -0.471746 -0.466189 0.156194 -0.231278 0.001998 -0.068768 0.047481 -0.117653 0.213331 0.039483 -0.180862 -0.049156 0.035305 -0.003206 -0.358438 -0.225638 -0.208388 -0.353298 -0.240951 -0.378460 0.048212 -0.055926 0.081139 -0.187578 -0.054633 -0.207012 -0.190511 -0.295651 -0.153254 -0.242390 -0.347355 -0.127263 0.179928 0.020674 -0.112185 -0.148261
0.029288 0.068614 0.208621 1.000000 -0.009358 0.037596 0.039353 0.426534 -0.206676 0.049152 -0.299145 -0.073392 -0.107258 -0.105944 -0.123547 0.004121 -0.271152 -0.227761 -0.033849 -0.049479 0.076173 0.036401 0.431233 0.566125 -0.036716 0.071241 -0.111541 0.150316 -0.025726 0.160762 -0.213347 0.096527 -0.116999 -0.216820 0.169464 0.299995 -0.261590 0.106555 -0.062020 -0.003918 0.014432 -0.060847 0.156506 -0.075037 -0.173559 -0.118769 0.207343 -0.196017 -0.057425 0.063132 0.189671 0.319305 0.256462 0.080578 -0.304993 0.014957 -0.064701 -0.146513 -0.098955 0.072054 -0.050359 0.003485 -0.211521 -0.207259 -0.112033 0.132322 0.225630 0.149579 -0.119459 -0.220335 0.005401 0.022294 0.039231 0.005109 -0.083663 -0.212009 -0.248402 -0.044358 -0.154809 0.037936 -0.323668 -0.330965 0.194126 0.261045 -0.079795 0.258797 -0.118773 -0.113944 -0.182375 0.047217 -0.145012 -0.032802 0.064723 0.084532 -0.250576 -0.330990 -0.160462 -0.301808 -0.267010 -0.265305 0.082865 0.108682 0.081557 -0.076181 -0.057700 -0.110273 -0.084513 -0.064442 -0.338652 -0.360890 -0.317251 -0.149802 0.153894 0.145822 -0.012742 -0.180801
0.120289 -0.031423 0.319653 -0.009358 1.000000 0.324275 0.398870 0.029856 0.551285 0.424214 0.128043 -0.159551 0.033695 0.150199 0.160287 0.512381 0.025605 -0.156968 0.128303 0.075076 0.267274 -0.076185 0.020905 -0.109928 0.406097 0.012712 0.353266 0.210767 -0.056226 0.022687 0.160236 -0.086190 -0.146600 -0.197159 0.044047 -0.118647 -0.188956 -0.179633 -0.225319 -0.091422 -0.098187 -0.079225 -0.120679 -0.111096 -0.027560 -0.122962 -0.174701 -0.142244 0.243846 -0.076741 0.144193 0.060236 0.065241 0.077318 -0.218081 -0.113197 -0.079239 -0.004117 0.319825 0.313848 0.126130 0.271725 -0.035164 -0.025125 0.201136 0.116110 0.017197 0.014681 -0.119867 0.034244 -0.061294 -0.025652 -0.125732 0.060694 -0.130799 0.165783 -0.126119 0.066636 -0.184092 0.007522 -0.110041 -0.024318 0.108206 0.239665 0.064914 0.091309 -0.154146 -0.298703 0.156538 0.242021 -0.163791 -0.216451 -0.119985 0.152996 -0.281202 -0.232368 -0.053763 -0.235978 -0.223893 -0.309861 -0.085626 -0.046772 0.074276 -0.251366 -0.140157 -0.338592 0.051232 -0.024620 -0.144593 -0.329164 -0.182616 -0.244780 -0.133443 -0.102887 -0.308483 -0.324942
0.270664 -0.093433 0.221343 0.037596 0.324275 1.000000 0.134138 -0.067852 0.122019 0.256467 -0.009152 -0.149682 0.020623 -0.060756 0.024997 0.129596 0.030991 -0.150712 0.247737 0.348039 0.013198 0.066498 -0.111969 0.022366 0.061719 0.314125 0.584692 0.701950 -0.244630 -0.218845 -0.180244 -0.141314 -0.135983 -0.156953 -0.190799 -0.164170 -0.227590 -0.236024 -0.232236 0.125104 -0.134346 -0.030681 -0.193468 -0.094716 0.032228 0.030578 -0.306292 -0.207548 0.198155 0.004958 0.010620 -0.063100 -0.139473 -0.058687 -0.056873 0.014744 0.132943 -0.032911 0.315237 0.294475 0.223098 0.252002 -0.006426 0.171170 0.147105 0.111388 -0.148072 0.020168 0.053207 0.233342 -0.037253 0.045933 -0.150631 0.048170 0.003389 -0.168580 -0.243257 -0.109246 0.031573 -0.060199 -0.090234 -0.132554 0.145439 0.068127 -0.063239 0.040840 -0.055561 -0.041847 0.347877 0.391856 -0.065471 -0.059974 0.046207 0.088464 -0.166443 -0.289489 -0.006889 -0.091263 -0.262143 -0.230041 -0.032259 -0.197322 0.005843 -0.250722 -0.078913 -0.297835 -0.084495 0.051227 0.003069 -0.322469 -0.178475 0.069100 0.060986 -0.127321 -0.214078 -0.301525
0.309103 0.114759 0.765410 0.039353 0.398870 0.134138 1.000000 0.396897 0.310035 0.156405 0.216668 0.158201 0.330611 0.242042 -0.167670 0.012122 -0.145087 -0.057620 0.052200 -0.119131 -0.271919 -0.196128 0.464444 0.283998 0.074749 -0.255083 0.069168 0.100658 -0.126000 -0.245680 -0.072742 -0.227043 0.131934 -0.026155 0.010119 -0.107656 -0.258736 -0.324815 -0.115686 -0.211854 -0.304095 -0.214246 -0.161732 -0.266190 -0.144935 -0.205985 -0.180941 -0.370740 0.269906 -0.033995 0.315184 0.086139 0.137290 0.050090 -0.033521 -0.268319 -0.021070 -0.246958 0.329803 0.194761 0.447526 0.329772 0.219176 0.199996 0.527259 0.137756 0.188681 -0.123286 -0.121245 -0.057190 -0.286940 -0.196494 -0.133637 -0.244914 -0.218269 -0.258474 -0.176190 -0.199900 -0.264814 -0.098531 -0.275414 -0.266610 0.160692 -0.060775 0.169469 -0.154675 -0.051670 -0.167360 0.219437 0.063201 -0.143855 -0.019013 0.092205 -0.078935 -0.356819 -0.179500 -0.184504 -0.386628 -0.240952 -0.363144 0.033159 -0.025119 0.136844 -0.077089 0.017252 -0.122128 -0.257114 -0.308947 -0.220779 -0.253182 -0.301740 -0.127145 0.158872 0.028697 -0.057732 -0.141558
0.037588 0.232832 0.289553 0.426534 0.029856 -0.067852 0.396897 1.000000 0.052488 0.186927 -0.244702 0.031329 -0.021094 0.209294 -0.145693 0.041552 -0.232587 -0.202154 -0.139450 -0.232996 -0.298439 -0.132894 0.219197 0.279645 -0.060696 -0.026971 -0.026040 0.027865 -0.130262 -0.080322 -0.010468 0.108161 0.144965 0.029096 -0.065149 0.062067 -0.333326 -0.132723 -0.252708 -0.319317 -0.124898 -0.308800 0.072134 -0.134608 -0.244093 -0.189411 0.014209 -0.173933 0.012556 -0.171818 0.146280 0.146153 0.118326 -0.068168 -0.395789 -0.308666 -0.138661 -0.208930 0.073177 0.127967 0.077656 0.164605 0.074969 -0.097191 0.071000 0.130640 0.181789 0.115714 -0.314247 -0.233159 -0.082060 0.024416 -0.175551 -0.206048 -0.273626 -0.235623 -0.169086 -0.012869 -0.154193 -0.125344 -0.324479 -0.322048 0.088431 -0.038070 -0.150261 -0.001154 -0.258575 -0.316433 -0.129474 -0.165521 -0.109473 -0.050773 0.214684 0.106589 -0.321281 -0.378670 -0.108963 -0.430638 -0.259984 -0.372447 0.283370 0.257460 0.367218 0.145162 0.071942 0.084852 -0.043535 -0.075569 -0.509919 -0.368369 -0.261213 -0.223936 0.145231 0.185954 0.045526 -0.167014
0.002527 0.071276 0.275225 -0.206676 0.551285 0.122019 0.310035 0.052488 1.000000 0.703536 0.032805 0.179845 0.015255 0.344761 0.173602 0.419566 0.264593 -0.031983 0.129436 0.151417 0.031701 -0.151965 0.005188 -0.168584 0.576638 0.096409 0.153563 -0.174192 0.029466 0.001963 0.169620 0.017941 -0.017142 -0.013151 -0.023343 -0.227161 -0.103722 -0.155046 -0.053762 -0.064487 -0.187759 -0.083563 -0.055658 -0.061714 -0.093457 -0.045657 -0.195075 -0.237026 0.274568 -0.104819 0.154347 0.136981 0.070156 0.167228 -0.083052 -0.107058 -0.060268 0.075586 0.246572 -0.036023 0.198709 0.151361 0.149047 0.159830 0.314598 -0.007550 -0.150200 -0.120695 -0.026609 0.228159 -0.013680 0.135070 -0.125700 0.140094 -0.051882 0.223502 -0.027074 0.238989 0.050191 0.102778 0.108471 0.000500 -0.146146 0.007354 -0.030500 0.002515 -0.039178 -0.142552 0.002530 -0.197000 -0.257793 -0.199477 0.018266 0.140926 -0.210890 -0.193495 0.055838 -0.204885 -0.139169 -0.430109 0.149673 -0.174483 -0.100816 -0.271002 -0.227332 -0.307652 0.017389 -0.015476 -0.010960 -0.340196 -0.168116 -0.144615 -0.049396 -0.183104 -0.384374 -0.315835
-0.156091 -0.174246 0.142168 0.049152 0.424214 0.256467 0.156405 0.186927 0.703536 1.000000 0.000338 0.233840 0.019166 0.340559 0.168654 0.514322 0.181841 0.023632 -0.089925 0.061314 0.159954 0.143713 0.061008 -0.066740 0.450595 0.322562 0.127866 -0.066084 0.000543 0.057514 0.223076 0.266972 -0.193114 -0.023862 -0.146793 -0.201053 -0.208048 -0.122122 -0.093336 0.029514 0.059861 -0.053259 0.058885 0.052211 -0.082457 0.084596 -0.175240 -0.139426 0.202923 0.002255 0.164254 0.119044 0.018080 0.031934 -0.244537 0.081796 -0.168616 -0.040750 -0.064071 -0.051332 0.022565 0.063546 0.089585 0.056973 0.224224 0.088401 -0.440017 -0.030767 -0.219871 0.152357 0.199064 0.339176 -0.081668 0.157027 0.011345 0.118324 -0.047971 0.141437 0.203415 0.130779 0.175143 -0.033822 -0.040222 0.198533 0.058239 0.246048 -0.090975 0.027574 0.022062 -0.026257 -0.227876 -0.239116 0.087451 0.051816 -0.282811 -0.393784 -0.000623 -0.162467 -0.343473 -0.453705 0.074648 -0.285779 -0.236166 -0.404321 -0.342275 -0.371842 0.080433 0.043272 -0.103298 -0.512787 -0.199246 -0.205918 -0.022653 -0.237422 -0.446004 -0.297786
0.074174 -0.060600 -0.038129 -0.299145 0.128043 -0.009152 0.216668 -0.244702 0.032805 0.000338 1.000000 0.181541 0.680348 0.115618 0.250112 0.103450 0.382073 0.267753 -0.110770 -0.169242 -0.136459 -0.035346 -0.029627 -0.173556 -0.067956 -0.051576 0.031783 -0.084250 0.130886 -0.179718 0.356611 0.135096 0.057082 -0.007069 0.055015 -0.218053 0.107119 -0.231891 0.009340 0.084026 -0.102065 0.156935 -0.425270 -0.122095 -0.071784 -0.021365 -0.295733 -0.176100 0.032165 -0.013160 -0.060506 -0.047643 -0.143210 -0.111716 0.110733 0.003889 -0.017863 -0.014275 -0.077912 -0.025806 0.060930 0.031277 0.318294 0.180556 0.252733 -0.079509 -0.132617 -0.272742 -0.120630 -0.077282 0.009085 0.002508 0.038072 0.010533 0.038017 0.050036 0.250099 -0.016075 0.074306 -0.173381 0.406876 0.301079 0.143958 0.098773 0.449651 -0.065314 0.148421 0.253594 0.260901 0.179992 -0.035468 0.069751 -0.060788 -0.218156 -0.005195 0.138679 0.060087 0.155995 -0.076324 0.018680 -0.293453 -0.219035 -0.137710 -0.073635 0.020246 -0.076577 -0.204538 -0.101896 0.060538 0.064624 0.051474 -0.085798 -0.057958 -0.095337 0.006482 0.136637
-0.131746 -0.213407 0.114284 -0.073392 -0.159551 -0.149682 0.158201 0.031329 0.179845 0.233840 0.181541 1.000000 0.148721 0.486671 -0.115125 -0.082253 0.094095 0.491323 -0.289466 -0.250790 -0.190829 0.150367 0.306721 0.246777 0.143867 0.134437 -0.224997 -0.224655 0.024353 0.099540 0.122002 0.201879 -0.050442 0.163085 0.082277 0.150664 0.150941 -0.178786 0.068908 -0.068865 0.023955 -0.099022 0.018630 0.088806 0.065040 0.253260 -0.043001 -0.028814 0.168064 0.221623 0.220921 0.203501 0.021748 0.097133 0.110156 -0.032406 -0.130876 -0.282007 -0.297082 -0.320559 -0.047475 -0.043213 0.194701 0.233928 0.209498 0.142076 -0.139069 0.032896 -0.130298 -0.086110 -0.231806 -0.054977 0.024213 -0.142825 0.081954 -0.151542 -0.050766 -0.162822 0.047497 0.160098 0.133076 0.077759 -0.018386 0.116831 0.194116 0.057515 0.132258 0.244424 -0.054670 -0.271568 -0.059406 0.006874 -0.018241 -0.368820 -0.011010 0.036567 0.033070 0.102425 0.088734 -0.008911 -0.148618 -0.354964 -0.385697 -0.152326 -0.164617 -0.110773 -0.043202 -0.264129 0.155333 -0.051923 0.081846 -0.001914 0.140027 -0.197829 -0.082911 0.121106
-0.050110 -0.235059 0.182344 -0.107258 0.033695 0.020623 0.330611 -0.021094 0.015255 0.019166 0.680348 0.148721 1.000000 0.225704 0.268781 0.042833 0.072039 0.256981 -0.156546 -0.344343 -0.190545 -0.076738 0.237786 -0.056242 -0.051705 -0.119508 0.101584 -0.000552 0.400374 -0.099779 0.140803 -0.075112 -0.047771 -0.335146 0.124441 -0.187517 0.128709 -0.193414 -0.028404 -0.104326 0.015987 -0.101430 -0.315805 -0.204981 -0.121773 -0.050745 -0.111731 -0.306766 -0.028501 0.065406 0.082983 0.195548 0.041221 -0.033096 0.225949 0.143824 -0.174573 -0.255714 -0.042905 0.045207 -0.006048 -0.054569 0.391054 -0.047207 0.231909 -0.062598 0.018083 -0.345906 -0.258687 -0.247913 0.197525 0.018178 0.357811 0.018564 0.135477 -0.230596 0.313848 -0.186425 0.180388 -0.100990 0.257744 0.026201 0.313710 0.008063 0.416846 -0.127605 0.298841 0.168229 0.216677 0.127659 0.004120 0.187427 0.103798 -0.038691 -0.117511 0.104110 0.030824 0.028417 -0.067786 0.029244 -0.043771 -0.032810 0.017920 -0.041234 0.126986 -0.076891 -0.273007 0.001282 -0.049023 -0.097208 -0.214768 -0.108687 0.162795 0.185299 0.165224 0.082435
-0.147903 -0.178030 0.164008 -0.105944 0.150199 -0.060756 0.242042 0.209294 0.344761 0.340559 0.115618 0.486671 0.225704 1.000000 -0.026972 0.397778 0.120947 0.401233 -0.271924 -0.289284 -0.111870 -0.054896 0.176797 0.076810 0.223157 -0.141292 -0.152438 -0.204614 -0.032923 0.288876 0.120521 -0.022832 -0.038606 -0.090433 0.032300 -0.015899 0.174434 0.011134 0.105370 0.020670 -0.109307 0.059819 -0.117335 -0.023890 0.046450 0.010466 -0.255849 -0.161578 0.178927 0.033360 0.105709 0.168599 -0.123991 0.110366 -0.093208 -0.052742 -0.130897 -0.285287 -0.170363 -0.090186 -0.029530 0.122803 0.160258 0.227234 0.231588 0.245492 -0.029979 0.016695 -0.230812 -0.037988 -0.302563 -0.020819 -0.003667 0.105805 0.104054 0.084348 0.023842 0.073187 -0.028136 0.175013 0.129728 0.145278 -0.086731 0.130996 0.157022 0.129505 -0.052379 0.015693 -0.143502 -0.149999 -0.154832 -0.088768 -0.112268 -0.261372 0.017888 0.034546 0.139033 0.020345 -0.055098 -0.144466 -0.114484 -0.193907 -0.164228 -0.154207 -0.114250 -0.234900 -0.064134 -0.068414 0.045486 0.011319 0.064564 0.046509 0.077656 -0.120171 -0.104584 -0.137261
-0.159281 -0.121746 -0.294720 -0.123547 0.160287 0.024997 -0.167670 -0.145693 0.173602 0.168654 0.250112 -0.115125 0.268781 -0.026972 1.000000 0.384579 0.227775 -0.127217 0.038613 0.016024 0.327153 0.006199 -0.226134 -0.322049 0.166797 0.248289 0.385389 0.086949 0.429450 -0.010943 0.222548 0.112020 -0.137910 -0.215305 0.191819 -0.125379 0.426254 0.270688 0.117271 0.184868 0.332165 0.084972 -0.321570 -0.218204 -0.321665 -0.199341 -0.089555 -0.149637 -0.355676 -0.396090 -0.361335 -0.197560 -0.065928 0.014885 0.136818 0.145149 -0.078261 0.138755 -0.080645 -0.243849 -0.204561 -0.339194 0.068238 -0.379685 -0.002234 -0.167624 -0.164479 -0.173547 -0.120771 -0.118807 0.284571 0.104813 0.202661 0.226763 0.146187 0.183808 0.350150 0.138549 0.460169 0.060200 0.447216 0.280418 0.448692 0.238094 0.499220 0.141572 0.351577 0.087878 0.134361 0.061698 -0.089888 -0.110659 -0.144137 0.155790 0.239545 -0.002907 0.200573 0.090063 -0.028677 -0.011388 -0.046121 -0.011317 0.039611 -0.050275 -0.009461 -0.123145 0.066813 0.134152 0.084316 0.071514 -0.020356 -0.208544 -0.249411 -0.118261 -0.253996 -0.194103
-0.056744 -0.123717 -0.156741 0.004121 0.512381 0.129596 0.012122 0.041552 0.419566 0.514322 0.103450 -0.082253 0.042833 0.397778 0.384579 1.000000 0.191473 -0.113247 -0.184781 -0.021277 0.148890 0.002076 -0.099233 -0.142336 0.250699 0.022816 0.179375 -0.024673 -0.017626 0.198450 0.234225 0.075448 -0.076796 -0.071926 0.103119 -0.083328 0.052867 0.279326 0.110405 0.280760 -0.039780 0.328340 -0.125972 -0.022450 -0.001143 -0.054299 -0.191177 -0.143411 -0.047449 -0.132583 -0.156071 -0.117556 -0.212946 0.110877 -0.251078 0.063601 -0.064061 -0.078465 -0.119156 -0.093859 -0.129825 -0.126362 -0.174759 -0.080892 0.045610 0.101624 -0.171412 0.070826 -0.190769 0.009144 -0.107176 0.050272 -0.104901 0.329913 0.065885 0.365991 0.025158 0.266817 0.068242 0.061294 0.172513 0.298754 0.055674 0.500833 0.158401 0.307869 -0.233412 -0.133949 -0.011206 0.165540 -0.213288 -0.275862 -0.135644 0.030858 0.065978 -0.121867 0.073559 -0.027724 -0.266107 -0.216356 -0.195286 -0.144520 -0.108768 -0.237596 -0.206796 -0.278686 -0.086394 0.130425 -0.085730 -0.153338 0.028289 -0.048844 -0.209633 -0.232281 -0.297214 -0.337568
0.081274 -0.009425 -0.236788 -0.271152 0.025605 0.030991 -0.145087 -0.232587 0.264593 0.181841 0.382073 0.094095 0.072039 0.120947 0.227775 0.191473 1.000000 0.331291 0.045402 0.112876 0.046587 -0.025115 -0.310064 -0.263994 0.115160 -0.091797 0.033694 -0.165394 0.224880 0.163732 0.295105 0.095243 0.117594 0.135508 0.090709 -0.072546 0.096719 0.052274 0.235963 0.322093 -0.090480 0.243287 -0.276282 0.083364 0.012461 0.013334 -0.407796 -0.062789 -0.111212 -0.083929 -0.328237 -0.205991 -0.533973 -0.212099 -0.111409 0.158816 0.181635 0.135220 -0.208961 -0.221504 -0.002731 -0.088141 0.322194 0.291551 0.088776 0.033009 -0.112240 -0.036107 0.098461 0.145944 -0.065360 0.048335 0.188227 0.368860 0.319201 0.320216 0.194537 0.394533 0.494837 0.277722 0.590531 0.408426 -0.183429 -0.016683 0.000919 0.135041 -0.067256 0.212937 -0.215029 -0.273341 -0.467154 -0.305812 -0.424446 -0.156425 0.291616 -0.054358 0.345665 0.323912 -0.130596 -0.003349 -0.210712 -0.280957 -0.232058 -0.210003 -0.361502 -0.243889 -0.065227 0.158928 0.267479 0.192514 0.278429 0.104627 -0.383566 -0.477453 -0.279106 -0.041578
-0.194765 -0.290434 -0.062253 -0.227761 -0.156968 -0.150712 -0.057620 -0.202154 -0.031983 0.023632 0.267753 0.491323 0.256981 0.401233 -0.127217 -0.113247 0.331291 1.000000 -0.305934 -0.268905 -0.052120 0.188036 0.098730 -0.051966 -0.103067 -0.126627 -0.208078 -0.161058 0.281463 0.463100 0.030014 0.040513 -0.123700 0.030980 0.181887 0.014680 0.252380 -0.039082 0.205176 0.078436 0.127749 -0.076789 0.051567 0.235109 0.265161 0.128935 -0.103035 0.077002 0.199214 0.292843 0.018232 0.075147 -0.243219 -0.184799 0.135827 0.201939 -0.097159 -0.149759 -0.386970 -0.248399 -0.072494 0.021556 0.297444 0.284610 0.096330 0.157384 -0.118121 -0.115066 -0.119388 0.019545 -0.001616 0.087111 0.378769 0.165666 0.354460 -0.014342 0.294715 0.075244 0.343274 0.428665 0.351023 0.340141 -0.215654 0.019243 0.059304 0.177534 -0.059317 0.246115 -0.218960 -0.186517 -0.204580 -0.097247 -0.263606 -0.325482 0.119802 0.085853 0.168754 0.298778 -0.024272 0.179582 -0.171553 -0.332081 -0.404338 -0.291631 -0.319295 -0.278388 -0.063746 0.025722 0.244112 0.162188 0.205098 0.230786 0.024841 -0.227720 0.000210 0.186786
0.448960 0.462911 0.201826 -0.033849 0.128303 0.247737 0.052200 -0.139450 0.129436 -0.089925 -0.110770 -0.289466 -0.156546 -0.271924 0.038613 -0.184781 0.045402 -0.305934 1.000000 0.701477 0.127929 -0.444388 -0.262439 -0.282089 0.109546 -0.194274 0.352093 0.156565 0.104255 -0.129269 -0.098454 -0.192691 0.302472 0.000507 -0.186127 -0.207399 0.047720 -0.166589 -0.198889 -0.204576 -0.119598 -0.113180 -0.192174 -0.296019 -0.347282 -0.314608 0.002943 -0.253034 -0.232222 -0.398808 -0.176759 -0.136443 0.155089 0.042643 0.128497 -0.336824 0.378453 0.377214 0.664838 0.295312 0.404388 0.365056 0.145006 0.207312 0.015150 -0.253471 0.205024 -0.256947 0.640440 0.268806 -0.019066 -0.232460 -0.015789 0.008436 -0.077372 0.057784 -0.058396 0.051035 -0.061820 -0.067544 0.061077 -0.099020 0.125802 -0.160888 -0.193510 -0.425102 0.096183 -0.271089 0.176648 0.059878 -0.069766 0.072552 0.120413 0.222248 -0.223724 -0.001691 -0.160472 -0.321246 -0.097119 -0.187736 0.269595 0.330141 0.359935 0.161401 0.253729 0.022870 0.107907 -0.128655 -0.088034 -0.126520 -0.336894 -0.188464 0.072437 0.192876 0.021392 -0.202447
0.352807 0.342375 0.006869 -0.049479 0.075076 0.348039 -0.119131 -0.232996 0.151417 0.061314 -0.169242 -0.250790 -0.344343 -0.289284 0.016024 -0.021277 0.112876 -0.268905 0.701477 1.000000 0.192512 -0.195632 -0.264676 -0.154659 0.091190 -0.044437 0.288648 0.145355 -0.055047 -0.077823 -0.111986 -0.059895 0.107383 0.206501 -0.247777 -0.121547 -0.024925 -0.057960 -0.118661 -0.000148 -0.067889 0.076099 -0.082223 -0.073483 -0.136205 -0.181037 -0.117353 -0.042751 -0.093984 -0.223927 -0.231523 -0.286908 -0.066063 -0.139789 0.087059 -0.202749 0.384858 0.393940 0.432730 0.106890 0.276631 0.157767 -0.080679 0.217026 0.001722 -0.111319 -0.095256 -0.003784 0.611553 0.609652 -0.046543 -0.101292 -0.138716 0.169636 0.082151 0.208452 -0.184411 0.182195 -0.016812 0.068124 0.093733 0.051627 0.001674 -0.083197 -0.275565 -0.250317 -0.003668 -0.183340 0.146441 -0.037318 -0.078092 -0.127413 0.035701 0.256720 -0.120703 -0.196929 -0.121593 -0.177960 -0.135946 -0.224186 0.088351 0.014229 0.096789 -0.075345 -0.030248 -0.080854 0.060700 -0.146188 -0.001147 -0.138212 -0.120337 -0.012303 -0.099636 -0.125073 -0.112302 -0.125290
-0.104152 -0.256954 -0.164170 0.076173 0.267274 0.013198 -0.271919 -0.298439 0.031701 0.159954 -0.136459 -0.190829 -0.190545 -0.111870 0.327153 0.148890 0.046587 -0.052120 0.127929 0.192512 1.000000 0.204425 -0.114358 -0.153768 0.275013 0.119330 0.159524 0.044653 0.178818 0.177548 0.044607 -0.064207 -0.287574 -0.128063 0.068544 0.038373 0.180282 0.232044 0.153249 0.196399 0.391418 0.088501 0.027873 -0.061759 0.065811 -0.006661 -0.078785 -0.015860 -0.062466 -0.036505 0.012834 -0.117468 0.063049 -0.163466 0.101204 0.224466 0.062640 0.194139 -0.014826 0.103831 -0.048834 0.058282 -0.064740 -0.188567 -0.055249 0.189051 -0.126529 0.162564 0.108916 0.186056 0.321960 0.004967 0.193680 0.187901 0.260597 0.180441 0.075936 0.061017 0.140515 0.158392 0.265669 0.179428 0.133587 0.170407 0.100358 0.272449 0.087785 0.065715 -0.026275 0.099299 -0.112087 -0.206836 -0.158811 0.145436 0.047734 -0.067521 -0.083270 0.125355 -0.160782 0.040111 -0.075965 -0.122743 -0.224383 -0.346477 -0.295749 -0.324023 0.099727 0.093948 0.180861 -0.009393 -0.049090 -0.065834 -0.230525 -0.210456 -0.264033 -0.144096
-0.378765 -0.596121 -0.021791 0.036401 -0.076185 0.066498 -0.196128 -0.132894 -0.151965 0.143713 -0.035346 0.150367 -0.076738 -0.054896 0.006199 0.002076 -0.025115 0.188036 -0.444388 -0.195632 0.204425 1.000000 0.221335 0.173011 0.042497 0.396565 0.045717 0.154863 0.032322 0.092131 0.005344 0.247046 -0.487949 -0.059075 -0.027733 0.154516 -0.198294 0.069781 0.079064 0.273045 0.456365 0.108815 0.262120 0.211552 0.205353 0.220798 0.029983 0.131778 0.077536 0.243173 0.175034 -0.111074 -0.010669 -0.265231 0.028861 0.474460 -0.248426 -0.260310 -0.404381 -0.124909 -0.180568 -0.092322 -0.284474 -0.185445 0.106333 0.364881 -0.457716 0.205402 -0.360406 -0.173146 0.280359 0.370095 0.154175 -0.021729 0.330846 0.032094 -0.038645 -0.233016 0.156490 0.178480 -0.180123 -0.014231 0.122499 -0.015704 0.204652 0.481389 0.071646 0.329357 0.187544 0.126093 -0.050983 -0.230112 -0.198275 -0.106928 0.137979 -0.268980 -0.083774 0.352616 -0.141484 0.136670 -0.294995 -0.437224 -0.440508 -0.289368 -0.324032 -0.088919 -0.126454 0.017424 0.138229 0.009260 0.114750 -0.027912 -0.294091 -0.335716 -0.207300 0.229932
-0.000308 -0.269889 0.642310 0.431233 0.020905 -0.111969 0.464444 0.219197 0.005188 0.061008 -0.029627 0.306721 0.237786 0.176797 -0.226134 -0.099233 -0.310064 0.098730 -0.262439 -0.264676 -0.114358 0.221335 1.000000 0.734331 0.187363 -0.133240 -0.280843 -0.002800 -0.000180 0.038939 -0.138117 -0.141779 -0.190838 -0.183380 0.252077 0.241692 -0.151140 -0.017609 0.083190 -0.107593 0.052650 -0.201582 0.089329 -0.168107 -0.048269 -0.123370 0.043762 -0.290723 0.087694 0.160125 0.424366 0.202904 0.216391 0.042748 0.018351 0.025679 -0.078203 -0.360900 -0.135640 -0.073818 0.148714 -0.020782 -0.171674 -0.064432 0.249512 0.246874 0.232501 0.068012 -0.159845 -0.216913 -0.135360 -0.163958 0.146338 -0.130505 0.050985 -0.293869 -0.298959 -0.365044 -0.162856 0.100814 -0.408506 -0.327749 0.115171 -0.016998 0.170967 0.119174 0.071878 0.105702 0.007404 -0.032344 -0.094278 0.055011 0.033596 -0.079768 -0.127369 -0.133481 -0.280205 -0.157387 -0.161654 -0.084348 -0.106469 -0.092335 -0.180099 -0.114519 -0.127484 -0.080828 -0.317230 -0.249586 -0.029389 -0.116049 -0.129209 -0.013771 0.217226 0.032953 0.007175 -0.006117
0.167993 -0.133199 0.430052 0.566125 -0.109928 0.022366 0.283998 0.279645 -0.168584 -0.066740 -0.173556 0.246777 -0.056242 0.076810 -0.322049 -0.142336 -0.263994 -0.051966 -0.282089 -0.154659 -0.153768 0.173011 0.734331 1.000000 0.100659 0.037848 -0.296879 0.118709 -0.305513 -0.036215 -0.235497 -0.093179 -0.071495 -0.036265 0.214408 0.406385 -0.202865 0.050908 -0.022659 -0.080377 -0.152107 -0.105323 0.076360 -0.044884 -0.017073 -0.012142 0.082573 -0.115029 0.128101 0.238763 0.309856 0.290797 0.121797 0.076902 -0.163038 -0.078104 0.079678 -0.350531 -0.162146 -0.093427 0.096839 -0.028147 -0.185507 0.014649 0.139740 0.255642 0.307290 0.274054 -0.088846 -0.166159 -0.366945 -0.255825 -0.075957 -0.164425 -0.062094 -0.311828 -0.365373 -0.262001 -0.343750 0.093301 -0.459100 -0.344878 0.049299 -0.049537 0.072568 0.131362 0.003188 0.071906 -0.122606 -0.082930 -0.033285 0.086408 -0.023342 -0.154384 -0.020069 -0.176837 -0.151772 -0.186794 -0.069306 -0.071012 -0.108208 -0.074970 -0.089747 -0.047792 -0.079783 -0.056164 -0.214335 -0.280420 -0.092015 -0.022011 0.044403 0.044041 0.163993 -0.036956 0.068692 0.023105
0.020479 -0.123424 0.259424 -0.036716 0.406097 0.061719 0.074749 -0.060696 0.576638 0.450595 -0.067956 0.143867 -0.051705 0.223157 0.166797 0.250699 0.115160 -0.103067 0.109546 0.091190 0.275013 0.042497 0.187363 0.100659 1.000000 0.238940 0.002249 -0.106399 0.031518 -0.024697 0.173608 -0.123004 -0.121830 -0.120703 -0.068910 -0.019885 -0.121466 -0.094914 -0.013254 0.004696 0.031385 -0.089785 -0.064195 -0.114717 -0.123645 0.046736 -0.111286 -0.124603 0.051250 -0.025224 0.188674 0.117383 0.112571 0.033165 0.002067 0.007265 0.052340 0.061948 0.205665 0.029243 0.154842 0.098059 -0.030996 0.025033 0.084318 0.101850 -0.026349 0.043487 0.017881 0.127583 0.043883 -0.071166 0.074278 -0.055408 -0.006393 0.110708 -0.135568 -0.003294 -0.068441 0.150034 -0.044646 -0.186871 -0.004727 -0.096791 -0.049198 0.063627 0.170872 -0.014170 0.007692 -0.076348 -0.160175 -0.099869 -0.012804 0.103660 -0.081677 -0.079185 0.005605 -0.065518 -0.078669 -0.140869 0.070112 -0.100548 -0.134424 -0.204495 -0.197945 -0.173196 0.043848 0.039642 0.057836 -0.101718 -0.017815 -0.153538 -0.045284 -0.095127 -0.253056 -0.159283
-0.216963 -0.274292 -0.146976 0.071241 0.012712 0.314125 -0.255083 -0.026971 0.096409 0.322562 -0.051576 0.134437 -0.119508 -0.141292 0.248289 0.022816 -0.091797 -0.126627 -0.194274 -0.044437 0.119330 0.396565 -0.133240 0.037848 0.238940 1.000000 0.134331 0.223568 -0.049753 -0.212396 0.208464 0.449952 -0.347832 0.009861 -0.139909 0.094681 -0.130381 -0.044487 -0.204122 0.002379 0.244422 -0.021501 0.040315 0.014721 -0.071219 0.316695 -0.031321 0.062957 0.077738 0.055748 0.041804 0.067570 0.121884 -0.045679 -0.083273 0.036251 -0.127617 -0.015510 -0.120128 -0.068152 -0.125352 -0.043606 -0.138894 -0.212272 -0.067305 0.009341 -0.442572 0.131345 -0.254237 -0.005865 0.380265 0.352757 -0.102536 -0.121078 -0.064287 -0.049154 0.071690 -0.037117 0.076776 -0.039102 0.005230 -0.101512 0.209080 0.088487 0.167609 0.224532 0.267880 0.092448 0.194082 0.183385 0.173173 0.027073 0.060257 -0.021732 -0.011635 -0.212277 -0.015115 0.010981 -0.025107 -0.094353 0.036984 -0.246933 -0.099556 -0.141885 -0.054052 -0.052916 0.137024 0.023083 -0.046196 -0.229134 -0.070232 -0.283449 -0.068851 -0.038661 -0.212392 -0.027686
0.178803 0.050533 0.053773 -0.111541 0.353266 0.584692 0.069168 -0.026040 0.153563 0.127866 0.031783 -0.224997 0.101584 -0.152438 0.385389 0.179375 0.033694 -0.208078 0.352093 0.288648 0.159524 0.045717 -0.280843 -0.296879 0.002249 0.134331 1.000000 0.658323 0.124486 -0.220726 -0.039979 -0.079150 0.013238 -0.149617 -0.188767 -0.286528 -0.004911 -0.252389 -0.191127 0.130378 0.044326 -0.091309 -0.214477 -0.248900 -0.209346 -0.135816 -0.117646 -0.267802 0.002396 -0.307065 -0.067019 -0.187700 0.061358 -0.098344 0.143255 -0.011137 0.046013 0.223839 0.377781 0.198786 0.222035 0.195671 0.149365 0.003988 0.256611 -0.090629 -0.164465 -0.230624 0.099710 0.075695 0.137689 0.050817 -0.006885 -0.012480 0.032031 -0.086996 -0.013471 -0.082508 0.256131 -0.060505 0.077667 -0.013961 0.394598 0.090028 0.016644 -0.054719 0.115598 -0.096348 0.376986 0.222635 -0.209459 -0.129573 0.041371 0.185615 -0.207273 -0.273667 0.019184 -0.103434 -0.257003 -0.265743 0.069961 -0.033698 0.162729 -0.087916 0.044434 -0.166215 0.010967 0.083036 -0.081687 -0.245390 -0.329907 -0.158681 -0.032304 -0.037400 -0.214677 -0.183371
0.244680 -0.054995 0.201238 0.150316 0.210767 0.701950 0.100658 0.027865 -0.174192 -0.066084 -0.084250 -0.224655 -0.000552 -0.204614 0.086949 -0.024673 -0.165394 -0.161058 0.156565 0.145355 0.044653 0.154863 -0.002800 0.118709 -0.106399 0.223568 0.658323 1.000000 -0.117058 -0.166219 -0.209635 -0.132034 -0.170165 -0.127358 -0.087936 0.019343 -0.096492 -0.173525 -0.154043 0.138558 0.048470 -0.185890 -0.101412 -0.108438 -0.004997 -0.008875 -0.127808 -0.109079 0.109114 -0.033073 0.018249 -0.151619 -0.026308 -0.146529 0.075164 0.015197 0.090842 0.038009 0.236989 0.289452 0.160833 0.208641 -0.092575 0.030470 0.127115 0.097914 -0.040928 0.088348 -0.033273 0.046214 0.018006 -0.023294 -0.025910 -0.109444 0.032226 -0.286102 -0.147412 -0.156904 0.087888 -0.010288 -0.194133 -0.159314 0.342497 0.042604 0.046520 0.089138 0.051019 -0.042584 0.376376 0.283570 -0.125727 -0.192182 -0.101929 -0.060019 -0.202515 -0.321156 -0.016021 -0.141676 -0.244226 -0.254802 -0.134471 -0.165068 0.044397 -0.209213 -0.036153 -0.223149 -0.016658 0.031993 -0.106668 -0.172239 -0.187474 0.023947 0.039069 -0.096266 -0.209738 -0.204260
-0.260697 -0.184469 -0.084013 -0.025726 -0.056226 -0.244630 -0.126000 -0.130262 0.029466 0.000543 0.130886 0.024353 0.400374 -0.032923 0.429450 -0.017626 0.224880 0.281463 0.104255 -0.055047 0.178818 0.032322 -0.000180 -0.305513 0.031518 -0.049753 0.124486 -0.117058 1.000000 0.362620 0.101338 0.126427 -0.154963 -0.172396 0.249419 0.064186 0.273761 0.115846 0.056114 -0.033163 0.462536 -0.175484 -0.067733 -0.062232 -0.250770 -0.112713 0.045198 -0.076882 -0.342033 -0.154902 -0.271227 -0.066032 -0.062856 -0.246553 0.116307 0.310675 -0.187447 0.057767 -0.165323 -0.125170 -0.138571 -0.223248 0.295402 -0.320415 -0.058268 -0.057882 0.034011 -0.168907 -0.118062 -0.079401 0.517385 0.149631 0.854094 0.291349 0.541092 0.070103 0.530009 0.190362 0.569348 0.439492 0.448067 0.095845 0.247730 0.035746 0.166032 0.141654 0.243899 -0.012078 -0.213748 -0.261063 -0.338102 -0.175241 -0.289604 0.115627 0.095692 -0.002944 0.204808 0.134950 -0.096289 0.070217 0.040822 0.066547 -0.031955 -0.073107 -0.120931 -0.094880 0.006397 0.207559 0.057928 0.042367 -0.117698 -0.235895 -0.191166 0.006228 -0.048395 0.012814
-0.396905 -0.217688 -0.115621 0.160762 0.022687 -0.218845 -0.245680 -0.080322 0.001963 0.057514 -0.179718 0.099540 -0.099779 0.288876 -0.010943 0.198450 0.163732 0.463100 -0.129269 -0.077823 0.177548 0.092131 0.038939 -0.036215 -0.024697 -0.212396 -0.220726 -0.166219 0.362620 1.000000 -0.038656 0.106536 -0.278805 -0.186630 0.285570 0.225232 0.273654 0.433565 0.237641 0.137959 0.269665 0.081489 0.185200 0.314201 0.234974 -0.023795 0.123065 0.166669 -0.045585 0.198502 -0.170500 0.065867 -0.235922 -0.039519 -0.093870 0.254485 -0.292320 -0.100597 -0.383609 -0.096166 -0.385345 -0.049677 -0.100078 -0.087405 -0.182752 0.276541 0.108040 0.178223 -0.091023 -0.085371 0.012412 0.127258 0.474369 0.617813 0.494289 0.337130 0.236225 0.450274 0.240105 0.575809 0.144196 0.247012 -0.185255 0.216663 -0.048463 0.434033 -0.237514 0.038805 -0.472439 -0.221580 -0.390871 -0.360137 -0.451685 -0.140461 0.213253 0.061672 0.221566 0.175991 -0.071174 0.036954 -0.244407 -0.138619 -0.248835 -0.292537 -0.331321 -0.361454 0.191471 0.097617 0.147687 0.103183 0.175616 0.121704 -0.232770 -0.245025 -0.069022 -0.050881
-0.053720 0.013845 -0.261184 -0.213347 0.160236 -0.180244 -0.072742 -0.010468 0.169620 0.223076 0.356611 0.122002 0.140803 0.120521 0.222548 0.234225 0.295105 0.030014 -0.098454 -0.111986 0.044607 0.005344 -0.138117 -0.235497 0.173608 0.208464 -0.039979 -0.209635 0.101338 -0.038656 1.000000 0.646905 0.076103 0.243758 -0.245105 -0.111242 0.020423 -0.158596 -0.200347 -0.081769 0.066995 0.070342 -0.242493 -0.075515 -0.108157 0.073426 -0.228258 0.043281 -0.166879 -0.167201 -0.148699 -0.189032 -0.084356 -0.110629 -0.239800 -0.214975 0.143110 0.162196 -0.114697 -0.025655 -0.159775 -0.102540 0.006842 -0.065925 -0.189629 -0.269040 -0.236711 -0.071967 -0.153452 -0.075108 0.259246 0.196299 -0.061678 0.060155 -0.004908 0.288815 0.077127 0.075704 0.138508 -0.186905 0.346207 0.303198 0.048583 0.092637 0.167356 -0.131269 -0.005947 0.016435 0.049995 0.048257 0.041865 -0.010982 -0.048541 -0.071919 -0.070696 -0.076273 -0.129572 -0.058294 -0.130580 0.042609 -0.159860 0.082021 0.019755 0.062875 -0.050072 0.044644 0.107560 -0.033958 -0.103715 -0.053279 0.101715 -0.324294 -0.166317 0.027303 -0.109012 -0.003398
-0.205404 -0.019174 -0.352553 0.096527 -0.086190 -0.141314 -0.227043 0.108161 0.017941 0.266972 0.135096 0.201879 -0.075112 -0.022832 0.112020 0.075448 0.095243 0.040513 -0.192691 -0.059895 -0.064207 0.247046 -0.141779 -0.093179 -0.123004 0.449952 -0.079150 -0.132034 0.126427 0.106536 0.646905 1.000000 -0.055857 0.345650 -0.155820 0.046379 -0.033212 -0.027446 -0.168641 -0.046145 0.232501 0.117464 0.044920 0.117518 -0.156050 0.100679 0.006297 0.150077 -0.108708 -0.069960 -0.118647 -0.109123 0.046022 -0.083712 -0.367745 -0.085111 -0.026352 0.064527 -0.323776 -0.204439 -0.241499 -0.132602 -0.057875 -0.130201 -0.164198 -0.188794 -0.397721 -0.013357 -0.225185 -0.079626 0.323846 0.458394 -0.026867 0.124893 0.094008 0.243745 0.148191 0.174200 0.190601 -0.075917 0.255614 0.224405 0.115910 0.234378 0.153125 0.140263 -0.057961 0.024264 -0.028173 -0.031826 0.000184 -0.148953 -0.054863 -0.152026 -0.065409 -0.285037 -0.083804 -0.097962 -0.133040 -0.106998 -0.132976 -0.085846 -0.060330 -0.043754 -0.109833 -0.028886 0.187300 -0.007657 -0.200470 -0.190123 -0.021218 -0.372067 -0.179608 -0.035981 -0.167276 -0.044169
0.513438 0.648355 -0.130080 -0.116999 -0.146600 -0.135983 0.131934 0.144965 -0.017142 -0.193114 0.057082 -0.050442 -0.047771 -0.038606 -0.137910 -0.076796 0.117594 -0.123700 0.302472 0.107383 -0.287574 -0.487949 -0.190838 -0.071495 -0.121830 -0.347832 0.013238 -0.170165 -0.154963 -0.278805 0.076103 -0.055857 1.000000 0.524621 -0.207086 -0.342516 0.040765 -0.173408 -0.092375 -0.150112 -0.351628 0.118599 -0.204154 -0.243906 -0.359806 -0.248211 -0.014162 -0.166572 -0.263764 -0.321379 -0.184821 -0.080054 0.017021 0.195697 -0.088889 -0.454323 0.376049 0.241709 0.208992 -0.012103 0.283507 0.046023 0.347089 0.318574 -0.017701 -0.532059 0.253046 -0.419776 0.419526 0.028571 -0.392860 -0.328366 -0.297231 -0.156451 -0.424927 -0.123423 -0.033615 -0.019208 -0.226763 -0.355819 0.176745 0.055369 -0.091976 -0.079430 -0.149573 -0.539318 -0.104877 -0.163480 -0.005938 -0.001915 0.037490 0.282683 0.342129 0.013363 -0.019075 0.172642 -0.060818 -0.295861 0.065380 -0.036264 0.311621 0.453284 0.445854 0.537008 0.459469 0.381674 -0.073781 -0.199810 -0.153545 0.070737 -0.101707 -0.026943 0.199698 0.344173 0.304091 -0.017520
0.294140 0.389085 -0.271609 -0.216820 -0.197159 -0.156953 -0.026155 0.029096 -0.013151 -0.023862 -0.007069 0.163085 -0.335146 -0.090433 -0.215305 -0.071926 0.135508 0.030980 0.000507 0.206501 -0.128063 -0.059075 -0.183380 -0.036265 -0.120703 0.009861 -0.149617 -0.127358 -0.172396 -0.186630 0.243758 0.345650 0.524621 1.000000 -0.188762 -0.008500 -0.025166 -0.106807 0.018092 0.002476 -0.064538 0.139994 -0.001739 0.022687 -0.034536 0.103823 -0.224441 0.188631 -0.047487 -0.091576 -0.177111 -0.378795 -0.175282 -0.155918 -0.148694 -0.308194 0.359986 0.340291 -0.084266 -0.149936 0.154130 -0.045769 0.057426 0.338108 -0.029416 -0.163612 -0.131667 0.081223 0.260902 0.411871 -0.252595 -0.225727 -0.251197 -0.178879 -0.073883 -0.008959 -0.102149 0.068144 -0.068959 -0.076506 0.214439 0.217735 -0.182508 0.006098 -0.147305 -0.194714 -0.165057 -0.136008 -0.018751 -0.203736 -0.031954 -0.131937 -0.031053 -0.297484 -0.005076 -0.124153 -0.100132 -0.092450 -0.073840 -0.077508 -0.088765 -0.109958 -0.068119 0.074256 -0.047245 0.155318 -0.046872 -0.113808 -0.060843 0.037347 0.168724 0.015462 -0.056781 -0.135111 -0.069052 0.050692
-0.000570 -0.243796 -0.008948 0.169464 0.044047 -0.190799 0.010119 -0.065149 -0.023343 -0.146793 0.055015 0.082277 0.124441 0.032300 0.191819 0.103119 0.090709 0.181887 -0.186127 -0.247777 0.068544 -0.027733 0.252077 0.214408 -0.068910 -0.139909 -0.188767 -0.087936 0.249419 0.285570 -0.245105 -0.155820 -0.207086 -0.188762 1.000000 0.575694 0.351663 0.395817 0.354651 0.105278 -0.011326 0.045779 -0.146345 -0.019515 0.022464 -0.032539 -0.021353 -0.157852 -0.127898 0.060184 -0.152731 0.065165 -0.236390 0.024820 -0.088529 0.232045 0.000587 -0.358970 -0.289148 -0.298570 -0.084851 -0.232457 -0.042475 -0.073366 0.017569 0.317206 0.407071 0.343030 -0.094628 -0.185923 -0.189623 -0.096538 0.340177 0.269862 0.200490 0.079688 0.246466 0.158874 0.183428 0.382795 0.080982 0.170013 -0.042056 0.201184 0.248504 0.399823 0.045836 0.006759 -0.373539 -0.219379 -0.304560 -0.155116 -0.452828 -0.093585 0.402382 0.105707 0.297365 0.248369 0.082316 0.162832 -0.267682 -0.144097 -0.177062 -0.209333 -0.263117 -0.318505 -0.065735 0.174863 0.246895 0.151829 0.190896 0.071156 -0.156394 -0.259392 -0.057336 -0.153196
-0.023072 -0.239378 0.007474 0.299995 -0.118647 -0.164170 -0.107656 0.062067 -0.227161 -0.201053 -0.218053 0.150664 -0.187517 -0.015899 -0.125379 -0.083328 -0.072546 0.014680 -0.207399 -0.121547 0.038373 0.154516 0.241692 0.406385 -0.019885 0.094681 -0.286528 0.019343 0.064186 0.225232 -0.111242 0.046379 -0.342516 -0.008500 0.575694 1.000000 0.067266 0.291006 0.150818 0.056449 0.053838 -0.039272 -0.021659 0.011805 0.034574 0.145376 -0.035105 0.061436 -0.063777 0.107657 -0.058842 -0.009431 -0.208940 -0.136896 -0.215983 0.107411 0.054614 -0.273895 -0.195462 -0.129512 -0.079306 -0.188464 -0.323926 -0.133683 -0.168413 0.397321 0.318668 0.745570 -0.120539 -0.091240 -0.100603 -0.083335 0.221613 0.045666 0.196802 0.027357 -0.003610 0.091447 -0.034574 0.389557 -0.218423 -0.047611 -0.062242 0.031103 0.020477 0.362653 -0.000266 -0.009819 -0.325501 -0.240040 -0.147528 -0.185683 -0.423661 -0.113130 0.290923 -0.122137 0.094881 0.169207 -0.011373 0.104790 -0.284592 -0.134843 -0.180472 -0.162365 -0.285816 -0.144834 0.030765 0.063349 0.073899 0.127608 0.268903 -0.000642 -0.146262 -0.212246 -0.040603 -0.001861
