1.000000 0.660623 -0.094452 -0.237939 -0.377425 -0.323451 -0.110333 0.029547 -0.385984 -0.372739 0.580810 0.361865 0.154288 -0.244265 -0.495243 -0.414007 0.261195 0.117029 0.514013 0.347471 -0.539452 -0.482499 -0.185266 -0.120177 -0.387595 -0.448539 -0.413008 -0.181315 -0.007531 -0.424649 -0.414351 -0.415398 0.757399 0.724440 -0.325846 -0.051760 -0.237124 -0.244895 -0.057923 -0.072716 -0.324834 -0.015860 -0.490738 -0.443491 -0.488237 -0.395667 -0.498759 -0.451295 -0.475423 -0.238212 -0.586497 -0.564812 -0.042724 -0.466666 -0.196900 -0.365771 0.858671 0.664259 0.686606 0.698021 0.726124 0.126669 0.670612 0.176554 0.038021 -0.257295 0.736356 0.443457 0.385982 0.489061 -0.353220 -0.543033 -0.363643 -0.506967 -0.410216 -0.498832 -0.259661 -0.426905 -0.161752 -0.145408 -0.256517 -0.091981 -0.288769 0.285941 -0.585917 -0.356269 -0.085254 -0.024071 0.031423 -0.162842 -0.191928 -0.110797 -0.220247 -0.114420 0.100877 -0.091300 -0.226627 -0.324963 -0.445363 -0.324619 -0.107788 -0.150174 -0.054735 -0.206135 -0.327255 -0.143411 0.136285 0.007618 -0.065674 -0.237347 -0.412187 -0.477913 -0.472854 -0.277636 -0.292195 -0.170918
0.660623 1.000000 -0.198971 -0.250320 -0.429120 -0.538278 -0.267179 0.066350 -0.476470 -0.542875 0.696306 0.666099 0.162444 -0.465619 -0.600153 -0.621752 0.581389 0.477580 0.142756 0.298196 -0.547752 -0.512916 -0.181370 0.047111 -0.428548 -0.486220 -0.356207 -0.234972 0.266344 -0.536959 -0.398029 -0.426400 0.740258 0.761677 -0.361469 0.074605 -0.125273 -0.316284 0.024596 -0.266407 -0.240449 -0.058717 -0.520192 -0.361055 -0.551410 -0.258163 -0.507562 -0.268064 -0.402406 -0.023883 -0.628007 -0.339765 0.112753 -0.377110 -0.094071 -0.379618 0.577623 0.892641 0.561025 0.593127 0.374798 0.358887 0.683013 0.614267 -0.309936 -0.090424 0.599017 0.448885 0.358804 0.534021 -0.299373 -0.519666 -0.135056 -0.666117 -0.521495 -0.630364 -0.066865 -0.247239 -0.009555 -0.081420 0.057989 -0.019790 -0.208741 0.102267 -0.594001 -0.317251 0.059457 -0.009780 -0.042306 -0.371380 -0.184992 -0.020619 -0.085803 -0.117012 0.048783 -0.100659 -0.260313 -0.142962 -0.388482 -0.201461 -0.058933 -0.236839 -0.078819 -0.141668 -0.304666 -0.319596 0.068526 -0.143827 -0.055520 -0.138147 -0.189778 -0.349298 -0.391061 -0.273920 -0.393560 -0.346800
-0.094452 -0.198971 1.000000 0.738675 0.218481 0.314869 0.800130 0.775484 0.152659 0.246988 -0.244659 -0.311195 0.218341 0.127997 0.232887 0.165629 -0.446491 -0.481447 0.002812 0.167701 -0.033294 -0.047572 0.816656 0.616373 0.171452 0.126495 0.517966 0.225742 -0.429731 -0.252201 0.378812 0.449703 -0.295335 -0.197192 -0.306276 -0.152281 -0.238403 -0.213288 -0.225749 -0.198414 -0.437605 -0.246097 0.018206 -0.031386 0.403336 0.186755 0.055059 -0.057554 0.396055 0.043308 0.278533 0.155506 -0.005905 0.209446 -0.252320 -0.022017 -0.182223 -0.336468 -0.328167 -0.233150 -0.051418 -0.333904 -0.291880 -0.470191 0.184601 -0.191763 -0.447549 -0.267723 -0.064639 -0.005668 0.235723 -0.043298 -0.384663 -0.101217 -0.163688 -0.116732 -0.317237 -0.203260 -0.293420 -0.368780 -0.210071 -0.281374 -0.358365 0.088196 -0.032720 0.055074 0.146201 -0.296062 0.241887 0.319142 0.288633 0.117003 0.179863 -0.012044 -0.224108 -0.155697 -0.094500 -0.130818 0.068422 0.236028 -0.244845 0.038484 0.297341 0.328215 0.211703 0.078469 0.282793 0.034746 -0.088144 -0.163406 -0.079464 0.019738 0.172365 0.252024 0.150668 -0.221830
-0.237939 -0.250320 0.738675 1.000000 0.243564 0.358155 0.669894 0.671265 0.143084 0.291192 -0.283024 -0.222004 0.098119 0.138549 0.220946 0.238807 -0.362254 -0.476401 0.068731 0.163302 0.007780 -0.035804 0.667701 0.633274 0.167044 0.164265 0.571367 0.238025 -0.328185 -0.063275 0.264544 0.417771 -0.368237 -0.298223 -0.202034 -0.203720 -0.208204 -0.202593 -0.232812 -0.113622 -0.364051 -0.106638 0.133409 0.042871 0.406480 0.109990 0.163860 0.032442 0.329577 0.036997 0.310378 0.244849 0.043040 0.181753 -0.207613 0.181482 -0.298572 -0.354682 -0.386380 -0.228315 -0.144029 -0.145326 -0.289367 -0.392291 0.143094 -0.196463 -0.439638 -0.367214 -0.173525 -0.232059 0.055121 0.007392 -0.287200 0.068844 -0.040309 0.009700 -0.177950 -0.173123 -0.134480 -0.337996 -0.126047 -0.227575 -0.390872 0.087097 0.100717 0.028988 0.104255 -0.208548 0.296637 0.361894 0.162287 -0.046739 0.103238 -0.035083 -0.247593 -0.082683 -0.044197 -0.047172 0.183910 0.142217 -0.135179 0.139153 0.161362 0.226658 0.187963 -0.146041 0.081994 -0.102759 -0.114457 -0.312437 -0.154291 0.199044 0.158886 0.272726 0.050690 -0.292142
-0.377425 -0.429120 0.218481 0.243564 1.000000 0.518221 -0.018976 0.128728 0.936655 0.764788 -0.390691 -0.047495 -0.228906 0.377412 0.874300 0.565651 -0.263767 -0.120375 -0.111526 -0.023983 0.253291 0.297940 -0.001845 0.131484 0.857276 0.690748 0.413501 0.016541 0.078631 0.507539 -0.037207 0.097164 -0.432932 -0.409348 0.313007 -0.024455 -0.219571 -0.037251 -0.292277 -0.007510 -0.007134 -0.108625 -0.021024 -0.185665 0.374251 0.340382 -0.092904 -0.138120 0.457374 0.344479 0.386894 0.125942 -0.327488 -0.009763 -0.255677 -0.214769 -0.486588 -0.406731 -0.341471 -0.417332 -0.519626 -0.243561 -0.497434 -0.136844 0.118822 0.287730 -0.305044 -0.232436 -0.312395 -0.186125 -0.133298 0.395766 0.168060 0.547906 0.435640 0.480213 -0.003154 0.213696 0.118738 0.002706 -0.034775 -0.169042 0.196924 -0.311259 0.302863 -0.231408 -0.272973 -0.394060 -0.212377 0.055097 -0.057260 -0.248203 -0.067852 0.070448 -0.190967 -0.081567 -0.244869 -0.221686 0.017881 -0.165624 0.140207 0.120459 -0.031753 -0.047850 0.066237 0.126455 0.079776 -0.048004 -0.158813 -0.082810 -0.069749 0.148264 0.144751 0.095903 0.199647 0.169238
-0.323451 -0.538278 0.314869 0.358155 0.518221 1.000000 0.245190 0.161732 0.456594 0.717953 -0.395256 -0.397705 -0.195371 0.209002 0.531483 0.631706 -0.392103 -0.304607 -0.007425 -0.097522 0.301044 0.452755 0.126007 0.095968 0.371252 0.375933 0.468645 0.556985 -0.179501 0.345364 -0.028832 0.097078 -0.562833 -0.538086 0.319553 0.067051 0.087348 0.185916 -0.127060 0.066024 -0.016430 -0.010749 0.155354 -0.130890 0.328354 0.206412 0.160124 0.110967 0.343368 0.279644 0.420616 0.187578 -0.119601 0.199738 -0.110764 0.036275 -0.419491 -0.532207 -0.463399 -0.321005 -0.361604 -0.412631 -0.309267 -0.304127 0.269207 0.214209 -0.367285 -0.150559 -0.291664 -0.277839 -0.120126 0.243850 -0.011089 0.382708 0.239190 0.327129 -0.140032 -0.023466 0.112511 0.020329 -0.043144 -0.057133 0.074935 0.161681 0.498557 -0.028186 -0.208148 -0.372111 0.125448 0.090694 0.064388 -0.005183 -0.058845 -0.077370 -0.130633 0.171589 0.068723 0.008456 0.169554 0.127753 0.022428 0.068312 0.023590 0.045528 0.166922 0.247440 -0.054474 0.201487 0.150217 0.083259 0.073597 0.114309 0.132187 0.112140 0.178869 0.140487
-0.110333 -0.267179 0.800130 0.669894 -0.018976 0.245190 1.000000 0.731414 -0.080671 0.102051 -0.281639 -0.357559 0.378631 0.269902 0.071917 0.232609 -0.592936 -0.626909 -0.044200 0.011832 0.126344 0.050976 0.801832 0.504690 -0.050612 0.006559 0.358415 0.308617 -0.571156 -0.046046 0.457864 0.486713 -0.281545 -0.191066 -0.398470 -0.324754 -0.242059 -0.098176 -0.135377 -0.036333 -0.276603 0.062891 0.085215 0.082139 0.384173 0.068437 0.176929 -0.044630 0.298499 -0.030354 0.232713 0.092623 0.074196 0.215781 -0.104113 0.183499 -0.135829 -0.356095 -0.297124 -0.172695 0.105455 -0.131352 -0.199178 -0.584976 0.312628 -0.253701 -0.416047 -0.385523 -0.249346 -0.190289 0.370658 -0.011351 -0.366486 0.043128 -0.041533 0.015690 -0.286503 -0.076134 -0.472880 -0.305096 -0.437273 -0.324671 -0.451961 0.112620 -0.077031 0.090167 0.143277 -0.087065 0.359962 0.398788 0.270577 0.161247 0.207166 0.051204 -0.152896 -0.092817 0.064808 -0.038436 0.120877 0.286581 -0.289086 0.111855 0.332989 0.415081 0.277169 0.125128 0.129570 0.058118 -0.046886 -0.243444 -0.228464 -0.045396 0.180084 0.357289 0.223743 -0.149102
0.029547 0.066350 0.775484 0.671265 0.128728 0.161732 0.731414 1.000000 0.048826 0.079871 -0.190691 -0.006309 0.260883 0.223857 0.119243 0.107114 -0.362497 -0.411057 0.032623 0.150333 0.004529 -0.036767 0.777374 0.696999 0.116515 0.058814 0.454929 0.130326 -0.440995 -0.086131 0.325013 0.397586 -0.031902 -0.008902 -0.426403 -0.266406 -0.458163 -0.352901 -0.359692 -0.285647 -0.464457 -0.105357 -0.109410 -0.148544 0.264621 0.077192 -0.130403 -0.241889 0.278708 0.058207 0.105802 0.079684 0.001441 0.046562 -0.326073 -0.167715 -0.053985 -0.099038 -0.108366 -0.039883 0.062861 -0.053338 -0.140762 -0.349985 0.117280 -0.235428 -0.240626 -0.273854 -0.099580 0.036311 0.138825 -0.034033 -0.311722 -0.016961 -0.144964 -0.086309 -0.254690 -0.169309 -0.317619 -0.336063 -0.345137 -0.447378 -0.466197 -0.119917 -0.246457 -0.204682 0.131289 -0.199722 0.213023 0.233106 0.172260 -0.007717 0.113778 -0.081229 -0.384331 -0.248696 -0.269074 -0.265526 -0.085071 0.042132 -0.240017 0.013088 0.219166 0.200833 0.126453 -0.058225 0.226720 -0.076239 -0.176439 -0.362276 -0.341637 -0.202170 -0.017298 0.158835 -0.015887 -0.290113
-0.385984 -0.476470 0.152659 0.143084 0.936655 0.456594 -0.080671 0.048826 1.000000 0.718389 -0.399197 -0.138572 -0.254003 0.384079 0.904603 0.542053 -0.257466 -0.129399 -0.079908 -0.002546 0.195952 0.249557 -0.019023 0.096750 0.877045 0.710312 0.278689 -0.055881 0.105535 0.490164 -0.008192 0.133254 -0.448318 -0.405070 0.322438 0.063963 -0.191609 -0.014219 -0.243064 0.047221 0.000240 -0.136035 -0.014976 -0.200650 0.316735 0.317281 -0.087304 -0.091850 0.383007 0.219299 0.338820 0.070460 -0.292949 0.074318 -0.244458 -0.191169 -0.434821 -0.417532 -0.294530 -0.432413 -0.511165 -0.291611 -0.524777 -0.162809 0.066549 0.241048 -0.340549 -0.216378 -0.162832 -0.111851 -0.111593 0.423135 0.173452 0.542473 0.456368 0.512889 0.038153 0.228754 0.150832 0.080889 0.017025 -0.123253 0.239995 -0.347254 0.335023 -0.197088 -0.213390 -0.379490 -0.169145 0.110306 0.010937 -0.213820 -0.050796 0.073368 -0.188423 -0.105792 -0.232639 -0.216057 0.051278 -0.129726 0.120461 0.130252 -0.016770 -0.055603 0.087763 0.130645 0.151422 -0.033406 -0.158790 -0.048473 -0.016997 0.187529 0.182085 0.099662 0.242128 0.192179
-0.372739 -0.542875 0.246988 0.291192 0.764788 0.717953 0.102051 0.079871 0.718389 1.000000 -0.455957 -0.257853 -0.336434 0.282277 0.698404 0.789748 -0.324001 -0.247537 -0.025683 -0.004002 0.254110 0.364145 -0.017283 0.008597 0.710174 0.736773 0.416919 0.111046 -0.066772 0.558906 -0.128167 0.088042 -0.543649 -0.541566 0.379745 -0.090718 -0.008391 0.082381 -0.206166 0.116809 -0.034357 -0.124004 0.016468 -0.178876 0.457033 0.309344 0.033940 -0.094664 0.451526 0.365067 0.372512 0.154127 -0.285131 0.053731 -0.176004 -0.073507 -0.518625 -0.541033 -0.461278 -0.471892 -0.457780 -0.354375 -0.446419 -0.236404 0.275199 0.253890 -0.356670 -0.250831 -0.316334 -0.266833 -0.127383 0.359165 0.112491 0.576022 0.264108 0.455635 0.064757 0.142676 0.180458 -0.031912 0.030674 0.042703 0.123089 -0.012977 0.345479 -0.020930 -0.274215 -0.275486 -0.199636 0.124328 -0.116355 -0.128733 -0.059100 0.115950 -0.159070 -0.004378 -0.161070 -0.128281 0.101680 -0.087550 0.012002 0.191954 -0.098833 0.035165 0.022766 0.177650 -0.054098 -0.050048 -0.082456 -0.011996 -0.024950 0.145851 0.140595 0.104706 0.156533 0.143354
0.580810 0.696306 -0.244659 -0.283024 -0.390691 -0.395256 -0.281639 -0.190691 -0.399197 -0.455957 1.000000 0.571512 0.424545 -0.450947 -0.536383 -0.554753 0.574131 0.471057 -0.006906 0.048515 -0.514236 -0.436510 -0.215029 -0.075685 -0.434707 -0.519622 -0.574191 -0.026341 0.476755 -0.489139 -0.310975 -0.379145 0.635212 0.699606 -0.190790 0.195790 0.022502 0.086576 0.072849 -0.047904 -0.024917 0.138327 -0.552508 -0.374564 -0.659947 -0.355564 -0.407115 -0.159220 -0.524057 -0.164340 -0.631408 -0.451714 -0.115506 -0.383826 -0.047797 -0.304889 0.559163 0.673589 0.557726 0.605761 0.429588 0.164512 0.636164 0.483229 -0.140308 -0.020153 0.572139 0.605158 0.389495 0.392467 -0.198955 -0.429954 -0.008862 -0.585067 -0.350182 -0.543411 -0.240427 -0.322793 -0.044026 -0.026325 0.015923 0.042194 -0.165676 0.213485 -0.469294 -0.197820 -0.157444 -0.128360 -0.008821 -0.262964 -0.302024 -0.097757 -0.135891 -0.068428 0.049954 0.072915 -0.049860 -0.044836 -0.478409 -0.169308 -0.003967 0.074143 0.019156 0.062784 -0.181400 -0.144714 0.278904 0.046096 -0.048987 0.059996 -0.025698 -0.407862 -0.341469 -0.175162 -0.353488 -0.193804
0.361865 0.666099 -0.311195 -0.222004 -0.047495 -0.397705 -0.357559 -0.006309 -0.138572 -0.257853 0.571512 1.000000 0.077681 -0.104751 -0.297954 -0.388632 0.628860 0.647640 0.001837 0.088558 -0.383554 -0.364571 -0.281620 0.073063 -0.049382 -0.137603 -0.243106 -0.301025 0.528909 -0.023171 -0.335056 -0.330028 0.557875 0.526600 -0.003508 -0.045850 -0.242686 -0.346162 -0.149365 -0.225741 -0.168625 -0.067297 -0.483182 -0.333072 -0.352558 -0.092486 -0.456766 -0.449225 -0.187043 0.157318 -0.360439 -0.198626 -0.187368 -0.456336 -0.208228 -0.417540 0.261779 0.631549 0.393938 0.296501 0.102804 0.390965 0.404334 0.635901 -0.174266 0.082263 0.502531 0.252426 0.015820 0.183520 -0.288626 -0.146742 0.295725 -0.160945 -0.139967 -0.313058 0.123499 -0.089081 0.248910 -0.057359 0.137943 -0.111968 -0.153021 -0.194009 -0.423213 -0.399554 -0.085582 -0.105448 -0.183585 -0.304326 -0.414285 -0.305526 -0.183038 0.038647 -0.124645 -0.104026 -0.341441 -0.230580 -0.398198 -0.390509 0.099215 -0.078959 -0.201788 -0.240773 -0.366221 -0.246913 0.037804 -0.244729 -0.150025 -0.252890 -0.308412 -0.277825 -0.289785 -0.240050 -0.274888 -0.166992
0.154288 0.162444 0.218341 0.098119 -0.228906 -0.195371 0.378631 0.260883 -0.254003 -0.336434 0.424545 0.077681 1.000000 0.129820 -0.189833 -0.110844 -0.159688 -0.266838 -0.287435 -0.176343 0.087272 0.055777 0.464889 0.306712 -0.363326 -0.422998 -0.204706 0.344985 -0.219798 -0.273291 0.441023 0.312309 0.252024 0.362000 -0.506676 -0.004615 -0.239570 0.190625 -0.012494 -0.093517 0.076410 0.401024 -0.161543 -0.176818 -0.162280 -0.182894 -0.089212 0.025790 -0.121147 -0.104835 -0.155067 -0.278865 0.031644 -0.038621 0.020466 -0.073167 0.242374 0.136413 0.223770 0.299689 0.291853 0.031632 0.173475 -0.242599 0.047334 -0.086220 0.028398 0.091512 0.088078 0.109617 0.374272 -0.057514 -0.290140 -0.299475 -0.150407 -0.252896 -0.612699 -0.238549 -0.692253 -0.327093 -0.525134 -0.456474 -0.241068 0.057622 -0.346949 -0.196080 0.026955 -0.013356 0.126718 -0.061494 0.097438 0.011282 0.079956 -0.184181 0.045699 0.020599 0.182042 0.025529 -0.033139 0.202161 0.070516 0.352561 0.367390 0.434867 0.356041 0.108698 0.362175 0.145750 -0.086473 0.072329 -0.008824 -0.266844 0.017365 0.232038 0.064633 -0.019292
-0.244265 -0.465619 0.127997 0.138549 0.377412 0.209002 0.269902 0.223857 0.384079 0.282277 -0.450947 -0.104751 0.129820 1.000000 0.517444 0.478549 -0.404691 -0.363324 -0.245637 -0.162520 0.390217 0.310939 0.260450 0.210470 0.313193 0.361919 0.120524 -0.087520 -0.340794 0.566613 0.436586 0.517010 -0.358782 -0.330556 0.025938 -0.245694 -0.445358 -0.057078 -0.468026 0.120639 -0.121615 0.089725 0.211202 0.090024 0.504012 0.358719 -0.061690 -0.235136 0.454509 0.067708 0.488494 0.136191 -0.248836 -0.078136 -0.448973 -0.025804 -0.090645 -0.428308 -0.138661 -0.343963 -0.047308 0.016632 -0.291376 -0.406767 0.381655 0.031088 -0.327693 -0.378721 -0.331922 -0.316495 0.332959 0.652836 0.095057 0.677687 0.560099 0.647706 0.098609 0.311007 -0.177381 0.046537 -0.271482 -0.278845 -0.049141 -0.285840 0.117496 -0.201809 -0.027966 0.036422 0.079647 0.292849 0.173277 -0.332902 0.061328 0.098260 -0.280189 -0.308173 -0.252967 -0.427415 0.141110 -0.148099 0.255625 0.370995 0.156267 0.012428 0.293685 0.117811 0.141833 -0.113223 -0.280069 -0.344919 -0.320036 0.091222 0.335842 0.434937 0.310948 0.259856
-0.495243 -0.600153 0.232887 0.220946 0.874300 0.531483 0.071917 0.119243 0.904603 0.698404 -0.536383 -0.297954 -0.189833 0.517444 1.000000 0.594904 -0.455772 -0.292047 -0.185713 -0.113519 0.456682 0.467714 0.133966 0.165382 0.825071 0.737380 0.379018 0.065554 -0.091655 0.542661 0.180626 0.297533 -0.596526 -0.530763 0.242111 -0.044392 -0.150216 0.115458 -0.259697 0.019468 0.036485 -0.053192 0.143222 -0.007310 0.477828 0.398338 0.072876 -0.015629 0.534991 0.227848 0.512470 0.186289 -0.254135 0.153810 -0.243115 -0.110575 -0.503706 -0.605510 -0.430730 -0.559570 -0.517049 -0.342881 -0.588887 -0.309694 0.189224 0.261397 -0.511350 -0.339744 -0.275376 -0.255299 0.125968 0.539162 0.175019 0.658792 0.578948 0.675645 0.079848 0.325609 0.032845 0.114760 -0.070970 -0.139839 0.319327 -0.298003 0.443142 -0.043198 -0.188744 -0.306173 -0.125561 0.179528 0.083385 -0.247456 -0.001333 0.039368 -0.216965 -0.193060 -0.141014 -0.233314 0.104749 -0.095888 0.160947 0.219742 0.055934 0.034484 0.154676 0.132757 0.125499 -0.040722 -0.208557 -0.031733 0.018232 0.182424 0.260242 0.200337 0.248523 0.143796
-0.414007 -0.621752 0.165629 0.238807 0.565651 0.631706 0.232609 0.107114 0.542053 0.789748 -0.554753 -0.388632 -0.110844 0.478549 0.594904 1.000000 -0.492311 -0.486136 -0.172251 -0.170154 0.511799 0.531109 0.090558 -0.012145 0.485220 0.604870 0.385643 0.199858 -0.328884 0.675872 0.142820 0.250656 -0.593953 -0.610250 0.150359 -0.226377 -0.104025 0.146292 -0.098654 0.363193 0.174541 0.242740 0.162308 -0.068981 0.571196 0.334845 0.150105 0.013797 0.481694 0.341910 0.435899 0.179343 -0.115157 0.162165 0.012721 0.129835 -0.449287 -0.640150 -0.493716 -0.506761 -0.358542 -0.296470 -0.401486 -0.442653 0.361907 0.241971 -0.463860 -0.377694 -0.460837 -0.324802 0.049524 0.387512 -0.050151 0.596634 0.260336 0.532582 -0.080698 0.147483 -0.117915 -0.134476 -0.226874 -0.171525 0.055307 0.008598 0.238862 -0.023310 -0.127021 -0.059461 -0.099092 0.258379 0.001637 0.013920 0.137159 0.238407 -0.108099 0.022603 -0.027123 -0.023762 0.178154 0.022044 0.152872 0.213668 0.115764 0.164737 0.234855 0.319473 -0.042683 0.105746 -0.100988 0.000622 -0.056351 0.213949 0.307623 0.273692 0.305846 0.381756
0.261195 0.581389 -0.446491 -0.362254 -0.263767 -0.392103 -0.592936 -0.362497 -0.257466 -0.324001 0.574131 0.628860 -0.159688 -0.404691 -0.455772 -0.492311 1.000000 0.723123 -0.050968 0.049298 -0.510755 -0.439881 -0.487595 -0.195187 -0.205373 -0.235067 -0.364467 -0.352337 0.776054 -0.288350 -0.412672 -0.393931 0.460602 0.427524 0.124242 0.189704 0.119989 -0.225149 0.092759 -0.101196 -0.119084 -0.188663 -0.324540 -0.176442 -0.419292 -0.104131 -0.309604 -0.074446 -0.355531 0.008532 -0.433837 -0.126199 -0.037323 -0.188042 -0.044849 -0.082720 0.315751 0.615610 0.323071 0.235810 0.033733 0.187602 0.478898 0.736190 -0.404854 -0.065459 0.391606 0.320565 0.274837 0.252382 -0.243683 -0.156866 0.353865 -0.375152 -0.244745 -0.395665 0.343687 -0.095218 0.536571 0.107451 0.607339 0.255819 0.035251 -0.031751 -0.263180 -0.049280 0.120154 0.103568 -0.140423 -0.305833 -0.384484 -0.133301 -0.268284 -0.061304 -0.061133 -0.094761 -0.262898 -0.058349 -0.226502 -0.180483 0.085795 -0.123383 -0.223868 -0.202706 -0.272316 -0.307039 0.015051 -0.221584 -0.117721 -0.072397 0.078951 0.022475 -0.146392 -0.202158 -0.332264 -0.240889
0.117029 0.477580 -0.481447 -0.476401 -0.120375 -0.304607 -0.626909 -0.411057 -0.129399 -0.247537 0.471057 0.647640 -0.266838 -0.363324 -0.292047 -0.486136 0.723123 1.000000 -0.066866 -0.051800 -0.374591 -0.302727 -0.551550 -0.303835 -0.088757 -0.182437 -0.271227 -0.282549 0.701263 -0.113013 -0.440118 -0.529415 0.315745 0.296277 0.359200 0.292836 0.209009 -0.089127 0.079142 -0.087616 -0.003770 -0.242943 -0.174782 -0.018424 -0.390060 -0.009440 -0.236753 -0.139600 -0.216611 0.080375 -0.231859 0.056155 -0.075774 -0.218570 -0.089469 -0.203470 0.114543 0.507472 0.175158 0.109788 -0.039577 0.271261 0.348298 0.842772 -0.213092 0.252999 0.365357 0.385821 0.140562 0.128167 -0.318524 -0.186880 0.490032 -0.216015 -0.084137 -0.255133 0.392535 0.039342 0.604323 0.463163 0.600802 0.442242 0.210137 -0.052689 -0.068185 -0.026552 -0.007901 -0.017556 -0.108925 -0.263679 -0.271016 -0.121646 -0.163891 0.077629 -0.084081 -0.045574 -0.215184 -0.040336 -0.273273 -0.221100 0.009918 -0.279167 -0.246837 -0.278382 -0.335566 -0.257866 -0.035593 -0.224819 -0.038756 -0.012680 0.041656 -0.069735 -0.164751 -0.270754 -0.219888 -0.147542
0.514013 0.142756 0.002812 0.068731 -0.111526 -0.007425 -0.044200 0.032623 -0.079908 -0.025683 -0.006906 0.001837 -0.287435 -0.245637 -0.185713 -0.172251 -0.050968 -0.066866 1.000000 0.466154 -0.392463 -0.357278 -0.183657 -0.193856 -0.066270 -0.164407 -0.013484 -0.095704 -0.121232 -0.148185 -0.396281 -0.348297 0.258933 0.146733 0.116540 -0.004154 0.057086 -0.217153 0.136243 -0.089115 -0.220830 -0.229989 -0.079632 -0.209715 -0.265987 -0.438542 -0.026484 -0.249095 -0.392241 -0.283054 -0.236815 -0.224898 0.071387 -0.138434 0.054051 -0.135158 0.304488 0.222896 0.240953 0.297723 0.279338 -0.034789 0.104719 -0.075236 0.026704 -0.317711 0.404708 0.070484 0.378434 0.160206 -0.470159 -0.443956 -0.250838 -0.170299 -0.253859 -0.283621 -0.106298 -0.410958 0.152830 -0.097617 -0.062377 0.077228 -0.106820 0.157770 -0.037895 -0.089441 -0.000906 -0.063717 0.121210 0.028795 -0.041596 0.045775 -0.243929 -0.080721 0.181853 0.182385 0.007281 -0.018584 -0.078873 -0.206861 -0.283309 -0.300211 -0.333529 -0.348159 -0.329358 -0.099295 -0.252153 -0.025267 0.188355 -0.174950 -0.321703 -0.179993 -0.414122 -0.356608 -0.103919 -0.137405
0.347471 0.298196 0.167701 0.163302 -0.023983 -0.097522 0.011832 0.150333 -0.002546 -0.004002 0.048515 0.088558 -0.176343 -0.162520 -0.113519 -0.170154 0.049298 -0.051800 0.466154 1.000000 -0.436338 -0.454839 -0.064490 0.216017 -0.102870 -0.060302 -0.060467 -0.196433 -0.045438 -0.323133 -0.402547 -0.233135 0.170902 0.312743 0.007350 0.261725 -0.069199 -0.261785 -0.099610 -0.102264 -0.268578 -0.279201 -0.376610 -0.310087 -0.209903 -0.080107 -0.382538 -0.215345 -0.170558 -0.202469 -0.385211 -0.240750 0.011176 -0.173452 -0.160357 -0.261836 0.192071 0.326892 0.285133 0.300034 0.043597 0.052610 0.064699 0.111960 -0.246345 -0.175527 0.211130 0.257002 0.412404 0.684453 -0.358509 -0.285347 -0.262052 -0.270341 -0.235705 -0.240592 -0.074167 -0.088832 0.034339 -0.130380 0.015247 0.018614 -0.305265 0.139085 -0.117791 -0.262105 0.011522 -0.284559 -0.001386 -0.181975 0.183114 0.197634 0.013589 -0.060533 0.238724 0.035271 -0.103448 -0.081069 -0.025826 -0.091372 0.000635 -0.231730 -0.158063 -0.284269 -0.189679 -0.078554 -0.000440 -0.000872 0.140137 -0.056455 -0.067314 -0.054456 -0.159659 -0.167154 -0.056848 -0.095501
-0.539452 -0.547752 -0.033294 0.007780 0.253291 0.301044 0.126344 0.004529 0.195952 0.254110 -0.514236 -0.383554 0.087272 0.390217 0.456682 0.511799 -0.510755 -0.374591 -0.392463 -0.436338 1.000000 0.916719 0.148395 -0.016985 0.187832 0.290015 0.410392 0.364702 -0.353911 0.544350 0.442080 0.350646 -0.433141 -0.479826 -0.021121 -0.208474 0.148890 0.495583 0.095665 0.188507 0.512832 0.433450 0.294505 0.283261 0.382095 0.151952 0.297137 0.123557 0.317276 0.141953 0.415876 0.197619 -0.081888 0.126294 0.256383 0.200652 -0.473681 -0.594423 -0.409477 -0.393662 -0.297273 -0.178376 -0.360867 -0.416326 0.238324 0.147951 -0.416784 -0.382230 -0.452015 -0.451567 0.506072 0.470334 0.160708 0.550700 0.510547 0.615549 0.018302 0.372747 -0.280377 0.107741 -0.234763 -0.048823 0.413208 -0.101506 0.426498 0.187306 -0.071070 0.187247 -0.225805 0.019219 -0.040729 -0.021467 0.148230 0.061367 -0.038578 -0.042430 0.238429 0.091826 0.116760 0.057660 0.197322 0.250004 0.094862 0.184207 0.258505 0.204965 -0.158905 0.036083 -0.158139 0.180793 0.130883 0.024731 0.241757 0.196152 0.115448 0.230261
-0.482499 -0.512916 -0.047572 -0.035804 0.297940 0.452755 0.050976 -0.036767 0.249557 0.364145 -0.436510 -0.364571 0.055777 0.310939 0.467714 0.531109 -0.439881 -0.302727 -0.357278 -0.454839 0.916719 1.000000 0.096433 -0.022799 0.249981 0.322125 0.410239 0.449563 -0.285488 0.492803 0.354692 0.317403 -0.428938 -0.455543 0.073189 -0.081644 0.224055 0.499597 0.102664 0.135675 0.417578 0.361595 0.216586 0.154842 0.299540 0.090792 0.242903 0.105906 0.249370 0.163623 0.363316 0.110786 -0.127796 0.113478 0.205991 0.099288 -0.430728 -0.555529 -0.423412 -0.376782 -0.310279 -0.285558 -0.317671 -0.353445 0.224376 0.179137 -0.397413 -0.288167 -0.389951 -0.433029 0.405265 0.457709 0.124057 0.518040 0.472573 0.565225 0.024321 0.297014 -0.197082 0.151338 -0.160496 0.064461 0.490947 0.017477 0.489731 0.173134 -0.138674 0.095231 -0.239781 -0.096817 -0.110230 -0.053891 0.056809 0.012930 -0.036331 -0.049472 0.206512 0.039945 0.101687 0.055815 0.202486 0.227871 0.066957 0.205259 0.229389 0.206747 -0.124115 0.014208 -0.150669 0.226738 0.188301 -0.042517 0.192105 0.161329 0.122277 0.198660
-0.185266 -0.181370 0.816656 0.667701 -0.001845 0.126007 0.801832 0.777374 -0.019023 -0.017283 -0.215029 -0.281620 0.464889 0.260450 0.133966 0.090558 -0.487595 -0.551550 -0.183657 -0.064490 0.148395 0.096433 1.000000 0.768392 0.029448 0.020506 0.409281 0.258163 -0.519504 -0.188286 0.696582 0.727283 -0.221811 -0.141467 -0.509820 -0.224259 -0.338661 -0.154671 -0.223305 -0.202209 -0.331763 -0.016480 0.143347 0.107075 0.367951 0.131655 0.169145 0.078974 0.333744 -0.036463 0.298496 0.148173 0.089830 0.225428 -0.177374 0.062509 -0.149076 -0.322710 -0.273421 -0.207968 -0.016934 -0.217484 -0.241400 -0.548747 0.180348 -0.244356 -0.481229 -0.358499 -0.096245 -0.128287 0.474952 0.097834 -0.358297 -0.049042 -0.084204 -0.053078 -0.330234 -0.125427 -0.457426 -0.370887 -0.333768 -0.399653 -0.368513 -0.065603 -0.068750 0.025134 0.200728 -0.175648 0.215600 0.261309 0.329640 0.031441 0.185093 -0.113496 -0.202321 -0.170165 0.058596 -0.069824 0.168778 0.236632 -0.102194 0.190751 0.343541 0.351534 0.334560 -0.020419 0.252630 -0.020977 -0.110518 -0.136122 -0.017678 0.022238 0.145373 0.315404 0.104915 -0.233008
-0.120177 0.047111 0.616373 0.633274 0.131484 0.095968 0.504690 0.696999 0.096750 0.008597 -0.075685 0.073063 0.306712 0.210470 0.165382 -0.012145 -0.195187 -0.303835 -0.193856 0.216017 -0.016985 -0.022799 0.768392 1.000000 0.120556 0.133904 0.366054 0.143846 -0.239408 -0.154855 0.405291 0.586761 -0.091187 0.069339 -0.394883 -0.016142 -0.449271 -0.314903 -0.372931 -0.324427 -0.419302 -0.056581 -0.155542 -0.124290 0.162342 0.147491 -0.164807 -0.049792 0.262257 0.006296 0.080229 -0.008338 -0.008587 0.048932 -0.350421 -0.170394 -0.145978 -0.072228 -0.093773 -0.076928 -0.135897 -0.038276 -0.086322 -0.179078 0.026509 -0.089792 -0.332799 -0.157799 -0.086812 0.094880 0.236321 0.180039 -0.218545 -0.019371 0.011077 -0.036701 -0.175960 0.031555 -0.240027 -0.303790 -0.159065 -0.395741 -0.365566 -0.117624 -0.065890 -0.251691 0.098408 -0.365959 0.045410 -0.011160 0.190788 -0.111207 0.108816 -0.233854 -0.196540 -0.278899 -0.130237 -0.221106 0.073317 0.111520 0.116464 0.146292 0.256732 0.117395 0.160988 -0.192098 0.275806 -0.108428 -0.197807 -0.239174 -0.003201 0.035626 0.062120 0.176921 -0.046662 -0.374239
-0.387595 -0.428548 0.171452 0.167044 0.857276 0.371252 -0.050612 0.116515 0.877045 0.710174 -0.434707 -0.049382 -0.363326 0.313193 0.825071 0.485220 -0.205373 -0.088757 -0.066270 -0.102870 0.187832 0.249981 0.029448 0.120556 1.000000 0.879033 0.318698 -0.260342 0.154953 0.521695 0.081108 0.212897 -0.366966 -0.405192 0.258024 -0.177896 -0.224815 -0.162735 -0.237907 -0.007931 -0.146192 -0.236936 0.002739 -0.125498 0.371333 0.302896 0.054879 -0.127906 0.405364 0.215526 0.347578 0.118815 -0.271902 0.137909 -0.194708 -0.156205 -0.462197 -0.405818 -0.317237 -0.529727 -0.543537 -0.250966 -0.593057 -0.133576 0.006025 0.132709 -0.374515 -0.434433 -0.255415 -0.237338 -0.011944 0.463866 0.299338 0.608752 0.423042 0.509243 0.213182 0.174264 0.252510 0.013352 0.104397 -0.069180 0.264812 -0.422271 0.270287 -0.025189 -0.140853 -0.333550 -0.218756 0.156894 -0.177797 -0.340091 -0.144822 0.096059 -0.227457 -0.211710 -0.266561 -0.220889 0.012392 -0.236265 0.043035 0.061324 -0.117977 -0.092197 -0.139054 0.019138 0.071426 -0.174191 -0.205596 -0.073897 -0.072012 0.140701 0.097851 -0.019133 0.116383 0.037934
-0.448539 -0.486220 0.126495 0.164265 0.690748 0.375933 0.006559 0.058814 0.710312 0.736773 -0.519622 -0.137603 -0.422998 0.361919 0.737380 0.604870 -0.235067 -0.182437 -0.164407 -0.060302 0.290015 0.322125 0.020506 0.133904 0.879033 1.000000 0.284795 -0.297254 0.064287 0.625571 0.088824 0.269273 -0.459080 -0.462116 0.251277 -0.193072 -0.168415 -0.133606 -0.229609 0.068433 -0.101991 -0.167137 -0.033037 -0.079931 0.466132 0.422023 0.055085 -0.096091 0.473675 0.240408 0.329316 0.106564 -0.235864 0.187884 -0.178167 -0.080490 -0.481835 -0.459683 -0.346945 -0.574399 -0.540988 -0.211348 -0.537253 -0.136762 0.089737 0.173345 -0.461746 -0.474331 -0.333158 -0.248042 0.128276 0.559425 0.348291 0.694227 0.460132 0.620506 0.379813 0.335337 0.251703 0.045616 0.138814 0.003702 0.245127 -0.330724 0.264672 0.037473 -0.097189 -0.218513 -0.243130 0.190000 -0.206829 -0.291013 -0.037889 0.147301 -0.185881 -0.290383 -0.241861 -0.226572 0.024529 -0.153038 0.075948 0.078711 -0.061565 -0.073403 -0.171639 0.052067 0.063049 -0.210461 -0.238725 -0.036721 -0.029367 0.207349 0.255119 0.040336 0.114810 0.024658
-0.413008 -0.356207 0.517966 0.571367 0.413501 0.468645 0.358415 0.454929 0.278689 0.416919 -0.574191 -0.243106 -0.204706 0.120524 0.379018 0.385643 -0.364467 -0.271227 -0.013484 -0.060467 0.410392 0.410239 0.409281 0.366054 0.318698 0.284795 1.000000 0.332272 -0.317821 0.154017 0.244789 0.316579 -0.449204 -0.489388 -0.015335 -0.201431 -0.019576 -0.173316 -0.076697 -0.114860 -0.114835 -0.163103 0.251986 0.205108 0.514920 0.256161 0.169072 0.012038 0.475981 0.331274 0.470050 0.395155 0.034120 0.144430 0.004286 0.171830 -0.526922 -0.472705 -0.554395 -0.431616 -0.373914 -0.269248 -0.383608 -0.284154 0.163847 0.029419 -0.442475 -0.391442 -0.386372 -0.336356 0.131695 0.178788 -0.084549 0.231874 0.071730 0.152505 -0.009170 0.070014 -0.005903 -0.196301 0.001640 -0.068573 0.049551 0.028463 0.352437 0.069621 0.118523 -0.111708 -0.056923 0.133127 0.077997 0.109349 0.121418 0.043192 -0.181752 -0.074751 -0.054002 0.022940 0.183805 0.141504 0.037411 -0.039768 0.092556 0.178313 0.193825 0.005551 -0.101988 -0.073271 -0.095852 -0.143021 0.007610 0.158706 0.116958 0.192534 0.083929 -0.095146
-0.181315 -0.234972 0.225742 0.238025 0.016541 0.556985 0.308617 0.130326 -0.055881 0.111046 -0.026341 -0.301025 0.344985 -0.087520 0.065554 0.199858 -0.352337 -0.282549 -0.095704 -0.196433 0.364702 0.449563 0.258163 0.143846 -0.260342 -0.297254 0.332272 1.000000 -0.306305 -0.035370 0.094314 0.081958 -0.310874 -0.208696 0.031046 0.237859 0.284982 0.486891 0.130571 -0.069181 0.334866 0.386685 0.145463 0.017019 0.000439 -0.097110 0.169154 0.264471 0.054041 0.125601 0.183776 0.011641 0.042916 0.061576 0.164334 0.009776 -0.182447 -0.305158 -0.274390 -0.006534 -0.026416 -0.349178 0.029953 -0.279560 0.259854 0.163429 -0.181704 0.155373 -0.105704 -0.135694 0.037535 -0.130498 -0.303027 -0.080755 0.002169 -0.060791 -0.492196 -0.072421 -0.310041 -0.077340 -0.321691 -0.171368 -0.008061 0.370278 0.353906 -0.016331 -0.203291 -0.152425 0.151455 -0.130981 0.204595 0.243268 0.131155 -0.230182 0.101004 0.347427 0.435960 0.243577 0.119991 0.382665 0.007960 0.172663 0.253077 0.351443 0.405186 0.279081 0.021366 0.406078 0.246475 0.245680 0.258706 -0.076783 0.011902 0.153298 0.111399 0.081907
-0.007531 0.266344 -0.429731 -0.328185 0.078631 -0.179501 -0.571156 -0.440995 0.105535 -0.066772 0.476755 0.528909 -0.219798 -0.340794 -0.091655 -0.328884 0.776054 0.701263 -0.121232 -0.045438 -0.353911 -0.285488 -0.519504 -0.239408 0.154953 0.064287 -0.317821 -0.306305 1.000000 -0.033698 -0.366822 -0.380908 0.252368 0.232913 0.304358 0.174200 0.229554 -0.052196 0.149828 -0.003916 0.058413 -0.184506 -0.310485 -0.165196 -0.412232 -0.110856 -0.162681 -0.039690 -0.331901 -0.055863 -0.345585 -0.079142 -0.158920 -0.026388 0.053058 -0.070249 0.006778 0.332042 0.159287 0.043658 -0.224107 0.091926 0.111917 0.621366 -0.416295 0.018262 0.243233 0.179663 0.160361 0.103764 -0.185603 0.014552 0.670926 -0.100479 0.069093 -0.126434 0.340043 0.000935 0.628948 0.226838 0.610702 0.290246 0.171943 -0.181492 -0.015739 0.066518 -0.015555 -0.115016 -0.160962 -0.251427 -0.466949 -0.227756 -0.398436 -0.012391 -0.104030 0.015390 -0.146572 0.049855 -0.210156 -0.241888 -0.014638 -0.082756 -0.348380 -0.178582 -0.317820 -0.209479 -0.018458 -0.186145 -0.051406 0.039567 0.112720 0.006962 -0.151690 -0.282585 -0.201160 -0.156880
-0.424649 -0.536959 -0.252201 -0.063275 0.507539 0.345364 -0.046046 -0.086131 0.490164 0.558906 -0.489139 -0.023171 -0.273291 0.566613 0.542661 0.675872 -0.288350 -0.113013 -0.148185 -0.323133 0.544350 0.492803 -0.188286 -0.154855 0.521695 0.625571 0.154017 -0.035370 -0.033698 1.000000 0.018171 0.088387 -0.409478 -0.497738 0.362652 -0.249067 -0.114023 0.149438 -0.172306 0.263957 0.290145 0.256705 0.134799 0.043265 0.413531 0.272293 0.083275 -0.185924 0.346674 0.267846 0.395103 0.154077 -0.268167 -0.072568 -0.078293 -0.013526 -0.426062 -0.470844 -0.321542 -0.437147 -0.305872 0.044073 -0.323204 -0.144799 0.367181 0.273323 -0.210884 -0.372299 -0.513390 -0.492037 0.039372 0.505374 0.426912 0.887051 0.620242 0.738719 0.298283 0.446500 0.196076 0.249705 -0.054516 -0.051835 0.184755 -0.350984 0.292184 -0.105155 -0.253505 0.037905 -0.223138 0.170800 -0.239878 -0.280500 -0.039790 0.183266 -0.213799 -0.080894 -0.104012 -0.157573 -0.018293 -0.260415 0.071066 0.204171 -0.124587 -0.143618 -0.055410 0.120196 -0.183302 -0.100202 -0.170018 -0.133980 -0.232923 0.090708 0.160547 0.095685 0.120852 0.270544
-0.414351 -0.398029 0.378812 0.264544 -0.037207 -0.028832 0.457864 0.325013 -0.008192 -0.128167 -0.310975 -0.335056 0.441023 0.436586 0.180626 0.142820 -0.412672 -0.440118 -0.396281 -0.402547 0.442080 0.354692 0.696582 0.405291 0.081108 0.088824 0.244789 0.094314 -0.366822 0.018171 1.000000 0.869235 -0.288333 -0.293852 -0.354448 -0.263806 -0.161313 0.008316 -0.045544 -0.036151 -0.034958 0.098688 0.414750 0.367613 0.414137 0.190034 0.426002 0.284551 0.313575 -0.049634 0.451699 0.255202 0.094227 0.332932 0.060949 0.271160 -0.228310 -0.466049 -0.292498 -0.365989 -0.161427 -0.203635 -0.396006 -0.562280 0.098650 -0.134701 -0.540497 -0.522498 -0.205508 -0.333844 0.769748 0.442534 -0.036314 0.174438 0.160589 0.185324 -0.144530 -0.034733 -0.415052 -0.245956 -0.221415 -0.236643 0.001524 -0.181420 0.067330 0.246788 0.304621 0.068196 0.047175 0.199598 0.246220 -0.033816 0.134604 -0.086195 -0.110730 -0.178957 0.188617 0.038953 0.304347 0.178311 0.227860 0.284360 0.307796 0.355598 0.460110 0.022991 0.155496 0.006633 -0.152918 0.015060 0.150717 0.157166 0.246063 0.341885 0.186744 0.034211
-0.415398 -0.426400 0.449703 0.417771 0.097164 0.097078 0.486713 0.397586 0.133254 0.088042 -0.379145 -0.330028 0.312309 0.517010 0.297533 0.250656 -0.393931 -0.529415 -0.348297 -0.233135 0.350646 0.317403 0.727283 0.586761 0.212897 0.269273 0.316579 0.081958 -0.380908 0.088387 0.869235 1.000000 -0.404457 -0.309429 -0.306409 -0.200491 -0.281750 -0.069302 -0.241856 -0.063638 -0.177098 0.097423 0.300444 0.231070 0.494389 0.273862 0.266941 0.216551 0.421327 0.018531 0.450828 0.120692 -0.030672 0.184396 -0.122537 0.161259 -0.250637 -0.512464 -0.343458 -0.446983 -0.217727 -0.290489 -0.380035 -0.553593 0.186626 -0.100182 -0.624968 -0.485447 -0.215860 -0.311498 0.669238 0.562920 -0.126673 0.300134 0.233494 0.298175 -0.046153 0.143072 -0.359133 -0.294999 -0.197276 -0.258679 -0.086621 -0.150528 0.139216 0.081670 0.172754 -0.073441 -0.048859 0.165127 0.255766 -0.060499 0.154384 -0.151075 -0.075728 -0.241381 0.112397 -0.098946 0.348158 0.207537 0.299875 0.345472 0.323686 0.360388 0.493051 -0.049029 0.177880 -0.006895 -0.216454 -0.096831 0.151535 0.223473 0.272514 0.448791 0.142598 -0.053064
0.757399 0.740258 -0.295335 -0.368237 -0.432932 -0.562833 -0.281545 -0.031902 -0.448318 -0.543649 0.635212 0.557875 0.252024 -0.358782 -0.596526 -0.593953 0.460602 0.315745 0.258933 0.170902 -0.433141 -0.428938 -0.221811 -0.091187 -0.366966 -0.459080 -0.449204 -0.310874 0.252368 -0.409478 -0.288333 -0.404457 1.000000 0.878024 -0.341841 -0.076233 -0.239788 -0.262228 -0.014292 -0.206545 -0.175602 -0.029348 -0.493405 -0.366087 -0.636320 -0.460496 -0.435208 -0.359773 -0.587826 -0.240346 -0.698247 -0.460053 -0.034076 -0.354074 -0.023744 -0.293956 0.638902 0.785360 0.804579 0.773670 0.568307 0.418039 0.573231 0.328306 -0.266643 -0.279886 0.814401 0.368081 0.295309 0.405519 -0.230097 -0.409089 -0.028449 -0.511141 -0.378847 -0.537224 -0.164518 -0.372122 -0.085782 -0.143896 -0.131880 -0.113866 -0.179747 -0.037137 -0.624991 -0.324401 -0.035137 0.069634 -0.141255 -0.397742 -0.374789 -0.182879 -0.331728 -0.191916 0.046111 -0.006605 -0.207677 -0.106183 -0.410134 -0.334834 -0.093815 -0.114628 -0.208249 -0.282423 -0.402286 -0.225861 -0.015267 -0.088962 -0.011653 -0.106595 -0.297063 -0.519041 -0.539437 -0.458122 -0.412112 -0.239863
0.724440 0.761677 -0.197192 -0.298223 -0.409348 -0.538086 -0.191066 -0.008902 -0.405070 -0.541566 0.699606 0.526600 0.362000 -0.330556 -0.530763 -0.610250 0.427524 0.296277 0.146733 0.312743 -0.479826 -0.455543 -0.141467 0.069339 -0.405192 -0.462116 -0.489388 -0.208696 0.232913 -0.497738 -0.293852 -0.309429 0.878024 1.000000 -0.347946 0.155419 -0.273377 -0.222902 -0.095772 -0.234439 -0.207792 0.001778 -0.581014 -0.413032 -0.617921 -0.332488 -0.547515 -0.306958 -0.489504 -0.218861 -0.698698 -0.556011 -0.082753 -0.401732 -0.140531 -0.363834 0.642481 0.782394 0.724303 0.698955 0.533724 0.386168 0.631842 0.405090 -0.189156 -0.133854 0.654863 0.502780 0.329252 0.515044 -0.206532 -0.380155 -0.148398 -0.551239 -0.324124 -0.499579 -0.168025 -0.222083 -0.162570 -0.060978 -0.124754 -0.108591 -0.227711 0.075810 -0.562720 -0.422450 -0.081510 -0.108739 -0.108399 -0.440650 -0.249399 -0.128508 -0.241795 -0.210696 0.113211 -0.100767 -0.173889 -0.182074 -0.376240 -0.213656 0.011232 -0.063909 -0.039746 -0.159761 -0.276932 -0.253554 0.169796 -0.087142 -0.092015 -0.125673 -0.159868 -0.463950 -0.418507 -0.285755 -0.355539 -0.288655
-0.325846 -0.361469 -0.306276 -0.202034 0.313007 0.319553 -0.398470 -0.426403 0.322438 0.379745 -0.190790 -0.003508 -0.506676 0.025938 0.242111 0.150359 0.124242 0.359200 0.116540 0.007350 -0.021121 0.073189 -0.509820 -0.394883 0.258024 0.251277 -0.015335 0.031046 0.304358 0.362652 -0.354448 -0.306409 -0.341841 -0.347946 1.000000 0.457950 0.333741 0.191233 -0.052042 0.059798 0.184087 -0.200379 0.146873 0.122067 0.055317 0.225451 0.057025 0.048539 0.097496 0.190258 0.197668 0.221188 -0.263329 -0.033924 -0.081058 -0.068898 -0.310700 -0.217731 -0.152121 -0.196483 -0.303542 -0.110196 -0.263964 0.201394 0.076930 0.360898 0.018856 0.204333 0.022611 -0.179127 -0.298619 0.157726 0.421057 0.389328 0.307450 0.267692 0.368556 0.238910 0.580706 0.409301 0.367538 0.356659 0.258477 -0.077414 0.450384 0.036102 -0.287890 -0.100590 -0.112771 -0.071834 -0.071310 0.006334 -0.102986 0.001621 0.023381 0.212831 0.028368 0.088590 0.033710 -0.028463 0.043910 -0.035723 -0.210983 -0.223463 -0.130570 0.071350 -0.145629 0.054665 0.237793 0.154833 0.201142 0.103021 0.041773 -0.158704 0.051647 0.181505
-0.051760 0.074605 -0.152281 -0.203720 -0.024455 0.067051 -0.324754 -0.266406 0.063963 -0.090718 0.195790 -0.045850 -0.004615 -0.245694 -0.044392 -0.226377 0.189704 0.292836 -0.004154 0.261725 -0.208474 -0.081644 -0.224259 -0.016142 -0.177896 -0.193072 -0.201431 0.237859 0.174200 -0.249067 -0.263806 -0.200491 -0.076233 0.155419 0.457950 1.000000 0.265648 0.204803 0.029951 -0.178015 0.162523 -0.020954 -0.146421 -0.128153 -0.352629 0.064381 -0.235828 0.240431 -0.196746 -0.066097 -0.209034 -0.175626 -0.053941 -0.012323 -0.107862 -0.292312 0.059835 0.199104 0.116312 0.191789 -0.093458 -0.129319 0.111108 0.291599 -0.177841 0.305001 0.016961 0.590935 0.450665 0.387095 -0.213054 -0.103585 -0.032688 -0.226553 0.029788 -0.113215 0.019392 0.187779 0.168962 0.387655 0.231595 0.193503 0.122030 0.057752 0.214567 -0.216030 -0.162719 -0.251857 0.023164 -0.289213 0.229782 0.247740 0.062428 -0.277729 0.171971 0.127371 0.107252 0.095425 0.053480 0.338633 0.147504 -0.121191 0.133219 -0.000721 0.150103 0.019774 0.282924 0.150959 0.185164 0.274386 0.497542 0.009401 0.086449 -0.033992 0.019572 -0.039937
