1.000000 0.420412 -0.335761 -0.166341 -0.211095 -0.113029 -0.235876 -0.267504 -0.221349 -0.279080 -0.078436 -0.090169 -0.034215 -0.117130 -0.165311 -0.123602 0.319026 0.246725 -0.026438 0.156711 -0.071782 0.044140 -0.235429 -0.078463 -0.185673 -0.222469 -0.058815 -0.022080 -0.064892 0.149075 -0.307769 -0.297633 -0.007166 -0.153248 0.155967 -0.081362 0.212472 0.104250 0.142164 0.072047 0.167008 0.326791 0.024789 -0.052283 -0.082145 -0.137108 0.008707 0.074241 -0.086545 -0.074785 0.041476 0.048993 0.215137 0.182290 0.096985 0.069578 0.735958 0.334966 -0.020232 0.131027 -0.267589 -0.231073 0.385272 0.196520 -0.217280 -0.280826 0.188048 -0.175797 0.342416 0.128889 -0.142364 -0.193065 0.064213 0.101485 0.054518 -0.024984 0.045289 -0.104792 0.100473 0.156772 0.285516 0.271401 -0.133242 -0.196792 -0.039616 0.046380 0.091510 0.176516 -0.113985 0.203809 -0.094389 -0.171002 -0.097778 -0.242450 -0.041729 0.051068 -0.014211 0.064103 0.113807 0.312824 -0.187515 -0.117799 -0.224191 0.035860 0.063534 0.065905 -0.082233 -0.134508 0.038531 -0.034497 0.030309 0.131099 0.019117 0.128871 -0.039342 0.014764
0.420412 1.000000 -0.312514 -0.102856 -0.210439 -0.342645 -0.292122 -0.147167 -0.371615 -0.402540 -0.147032 -0.090931 -0.223533 -0.204352 -0.267977 -0.153091 0.166588 0.349511 -0.009829 0.212993 0.081719 -0.164377 -0.345370 -0.228398 -0.165366 -0.194378 -0.032413 -0.168622 -0.144419 0.283277 -0.413435 -0.322137 0.154223 0.006629 -0.084543 -0.136882 0.042545 0.246408 0.173787 0.296176 0.015467 0.315058 0.082744 -0.017983 -0.010061 -0.138916 0.152182 0.017419 0.018223 0.113391 0.045000 0.247645 0.199135 0.253427 0.030817 0.103920 0.399568 0.758703 -0.006178 0.422740 -0.305975 -0.100594 0.407299 0.384451 -0.497133 -0.457756 0.256422 -0.288765 0.304947 0.233735 -0.278987 -0.337284 0.024159 0.238243 -0.063671 0.101704 -0.070547 -0.075845 0.109928 0.415900 0.275340 0.348187 -0.027649 -0.107047 -0.148608 -0.025608 -0.016986 0.034117 -0.027060 0.136031 -0.175764 -0.136402 -0.217405 -0.114498 0.065380 0.275867 0.187006 0.207871 0.245706 0.136316 -0.054045 -0.174095 0.021358 -0.107540 0.017800 -0.030162 0.168760 0.085786 0.217193 0.229573 0.156193 0.257498 0.022665 -0.043659 -0.049428 0.134294
-0.335761 -0.312514 1.000000 -0.097664 0.324729 0.062250 0.770400 0.359380 0.377640 0.156609 0.300939 0.054836 0.231823 0.065243 0.133257 0.045262 -0.120707 -0.155460 0.374127 0.163005 -0.072765 -0.218361 0.219245 -0.178683 0.023699 0.175339 -0.004010 -0.185159 0.251060 -0.162616 0.390281 0.218172 0.268236 0.279186 -0.240345 -0.153157 -0.222396 -0.224771 -0.086805 -0.128595 -0.387274 -0.297281 -0.092517 -0.107139 -0.008476 -0.050644 -0.210184 -0.106220 0.111817 -0.088470 -0.155828 -0.113588 -0.180929 -0.173788 -0.100116 -0.167352 -0.258279 -0.348924 0.318965 -0.130916 0.562511 0.230646 -0.170639 -0.114975 -0.015661 0.097805 0.126225 0.079073 -0.121734 -0.000072 0.084900 -0.061693 0.031332 -0.202381 -0.091598 -0.172290 -0.138022 -0.088186 -0.143017 -0.222615 -0.376007 -0.373235 0.041351 0.129559 -0.312621 -0.363559 -0.325715 -0.307872 0.224704 -0.159414 -0.047874 0.206366 -0.254972 0.096604 0.138220 -0.042552 -0.012486 0.014455 -0.134676 -0.144270 -0.061246 0.207747 -0.100547 -0.039343 -0.074560 -0.038275 0.006592 0.085159 0.038326 0.050334 0.012468 -0.155798 -0.209725 -0.237977 -0.069494 0.054295
-0.166341 -0.102856 -0.097664 1.000000 -0.135118 0.323037 -0.028598 0.432971 -0.080779 0.147243 -0.216197 0.194420 -0.016360 0.089250 -0.169198 0.078365 -0.365854 -0.287959 -0.153082 -0.306129 0.046691 0.114460 0.278225 0.593765 -0.036275 -0.060932 0.306065 0.489412 -0.548072 -0.290467 -0.016104 -0.008081 -0.179988 -0.139232 0.377523 0.381729 -0.148573 0.120842 0.056794 0.031343 -0.046115 -0.118018 -0.206816 -0.089132 -0.341772 -0.224542 -0.174329 -0.163140 -0.183376 -0.318424 0.134700 -0.138379 0.021222 -0.134217 0.083375 0.026519 -0.058232 -0.038454 -0.205736 -0.266250 0.041370 0.245134 -0.284752 -0.129993 0.412207 0.486876 -0.272482 0.016710 -0.155160 -0.189436 -0.187983 -0.002643 -0.404108 -0.097661 -0.127514 -0.060786 -0.159625 0.161753 -0.306352 -0.063044 -0.423142 -0.288329 -0.098697 -0.041445 0.232230 0.471914 0.030319 0.108540 0.442464 0.351618 -0.100709 -0.299032 0.437319 -0.166989 -0.073466 -0.152351 0.044264 -0.042672 -0.178145 -0.167836 0.049059 -0.111341 0.057905 -0.228602 0.004826 -0.008555 -0.238640 -0.173265 -0.225140 -0.245513 -0.079502 -0.125635 -0.102436 0.076614 0.048008 -0.238394
-0.211095 -0.210439 0.324729 -0.135118 1.000000 0.424851 0.151702 0.064016 0.492179 0.445563 0.266281 -0.010637 0.085293 0.134121 0.200617 0.062246 0.020690 -0.000417 0.005481 -0.158566 0.359175 0.265320 0.248597 -0.050160 0.470830 0.385228 0.275608 0.099362 0.104012 -0.204911 0.321368 0.119668 -0.059511 0.004169 -0.077049 -0.003891 -0.249390 -0.335613 -0.298160 -0.205485 -0.329860 -0.260169 -0.038896 0.018213 0.052664 0.092389 -0.060864 -0.038586 0.212191 0.167699 0.013992 0.053613 -0.172128 -0.084159 -0.214180 -0.180740 -0.099970 -0.140511 0.358441 0.039262 0.291754 0.289639 -0.112028 -0.036738 0.155735 0.308748 -0.076053 0.030046 -0.324882 -0.259640 0.285416 0.264541 0.001807 -0.153991 0.114779 0.168373 -0.303835 -0.115292 0.087554 -0.008644 -0.013686 -0.166446 -0.176830 -0.123090 -0.160720 -0.310557 -0.275682 -0.275430 -0.077391 -0.225828 0.108969 0.103461 -0.051269 0.127194 -0.162380 -0.265936 -0.206408 -0.297470 -0.155300 -0.232324 -0.003120 0.105858 0.030185 0.065115 0.070579 -0.017353 0.069401 0.005396 -0.201675 -0.043765 -0.190539 -0.224833 -0.147417 -0.211669 -0.147878 -0.034072
-0.113029 -0.342645 0.062250 0.323037 0.424851 1.000000 -0.056796 0.053148 0.323972 0.562963 0.076869 -0.062741 0.177075 0.226387 0.013671 0.140548 -0.119780 -0.190819 -0.251064 -0.433141 0.113414 0.309583 0.331341 0.260845 0.371413 0.320338 0.500639 0.638541 -0.309539 -0.442569 0.212047 0.078601 -0.321771 -0.052233 0.179219 0.327850 -0.245348 -0.105405 -0.224334 -0.139827 -0.178394 -0.256035 0.012879 0.181010 -0.048036 0.114963 -0.030981 0.058568 0.014145 -0.072803 0.161092 -0.102413 -0.113456 -0.120215 -0.113429 -0.059510 -0.061862 -0.168159 0.262838 -0.248504 0.158613 0.241709 -0.269799 -0.386478 0.452330 0.664730 -0.279531 0.064285 -0.287243 -0.346926 0.053342 0.296604 -0.324505 -0.303941 0.035273 0.069840 -0.358360 -0.033108 -0.153426 -0.054090 -0.253168 -0.336299 -0.311558 -0.271615 0.080375 0.024516 -0.111853 -0.151174 0.092863 0.054577 0.067484 -0.048455 0.242027 0.068764 -0.329592 -0.385586 -0.120205 -0.317587 -0.206688 -0.171896 -0.013913 0.178941 -0.061937 -0.004040 0.084137 0.094755 -0.167619 -0.117507 -0.276065 -0.196609 -0.128196 -0.150658 -0.160096 0.031076 0.008576 -0.173306
-0.235876 -0.292122 0.770400 -0.028598 0.151702 -0.056796 1.000000 0.424930 0.319336 0.115708 0.186509 0.159138 0.238330 0.078482 0.257439 0.130443 -0.087315 -0.133471 0.362356 0.206220 -0.156371 -0.264932 0.256696 -0.077501 -0.226349 -0.059944 -0.062628 -0.250572 0.345167 -0.012915 0.293591 0.155175 0.293195 0.208596 -0.139398 -0.189718 -0.089443 -0.135170 -0.048314 -0.091580 -0.324471 -0.212173 -0.243666 -0.271263 -0.019194 -0.118387 -0.264848 -0.241235 -0.115588 -0.185750 -0.275483 -0.235931 -0.193773 -0.243965 -0.104892 -0.179594 -0.340563 -0.394956 0.152583 -0.264906 0.571976 0.173140 -0.236538 -0.097030 0.135089 0.035306 -0.056167 -0.068338 -0.067174 0.015922 0.120455 -0.086348 0.131359 -0.075797 -0.017878 -0.137921 0.005182 -0.012521 -0.092278 -0.231036 -0.309673 -0.188443 0.243091 0.316604 -0.184936 -0.229237 -0.183807 -0.145748 0.337200 0.009188 -0.128035 0.265451 -0.170275 0.045663 0.234130 0.006365 -0.007883 0.082029 -0.089357 -0.034322 -0.195766 0.084602 -0.191541 -0.103587 -0.148236 -0.055348 -0.187054 0.037173 0.037302 0.007763 0.013200 -0.029531 0.026376 -0.124930 0.074033 0.027239
-0.267504 -0.147167 0.359380 0.432971 0.064016 0.053148 0.424930 1.000000 0.072528 0.307038 -0.044273 0.512064 0.100333 0.375897 -0.143093 0.285577 -0.013099 -0.106588 0.031379 0.246093 -0.104741 -0.212931 -0.217501 0.018626 -0.048618 0.251223 -0.133291 -0.282314 0.005551 0.159164 0.154811 0.264708 0.211237 0.283755 -0.233006 -0.059481 -0.315997 -0.281031 -0.318386 -0.165249 -0.465173 -0.292737 -0.294916 -0.269042 -0.142144 -0.056531 -0.302998 -0.381101 -0.069914 -0.146630 -0.220230 -0.186738 -0.100936 -0.296062 -0.156148 -0.226071 -0.117930 -0.197099 -0.123903 -0.102337 0.408583 0.599878 -0.102094 0.276829 -0.043731 0.314840 -0.116038 0.145081 -0.186824 -0.091245 -0.021375 0.112455 -0.062832 0.009451 -0.151105 -0.020362 -0.093184 0.306706 -0.077108 0.005183 -0.297392 -0.212386 -0.166510 0.360536 -0.413507 -0.102679 -0.478218 -0.344746 0.204498 -0.103105 0.041067 -0.208004 0.058516 -0.247012 -0.049380 -0.085448 -0.195959 -0.083403 0.030619 -0.304531 0.202323 -0.192129 0.236787 -0.251320 -0.018642 -0.273640 -0.149624 -0.170586 -0.236754 -0.195347 -0.235484 -0.200905 -0.221151 -0.246439 -0.243950 -0.278035
-0.221349 -0.371615 0.377640 -0.080779 0.492179 0.323972 0.319336 0.072528 1.000000 0.663624 0.489862 0.201803 0.603142 0.536487 0.569825 0.449664 -0.028770 -0.164396 0.048325 -0.099475 -0.084857 0.031431 0.169872 -0.125473 0.033530 -0.092324 0.046184 0.087417 0.166150 -0.022034 0.329584 -0.018121 -0.062651 -0.017361 -0.101064 -0.142127 -0.073261 -0.152668 -0.173386 -0.267954 -0.197392 -0.317786 -0.236543 -0.219659 -0.087554 -0.179081 -0.156692 -0.222577 0.084749 -0.140691 0.032373 -0.085890 0.053732 -0.136352 -0.029534 -0.164195 -0.158242 -0.315579 0.391212 -0.154685 0.478786 0.314340 -0.329289 -0.149377 0.245314 0.380523 -0.311575 -0.149695 -0.152995 -0.135952 0.193789 0.187385 -0.049310 0.063776 0.028679 -0.010762 -0.071329 0.035955 -0.114534 -0.124768 -0.254402 -0.159581 -0.280383 0.004273 -0.192479 -0.203914 -0.210961 -0.286530 0.044860 -0.063325 0.187057 0.177853 0.120405 0.190204 -0.139287 -0.215950 -0.237728 -0.212669 -0.236563 -0.244030 0.165803 0.113323 0.013713 -0.049874 -0.045268 -0.075349 -0.127289 -0.047614 -0.169423 -0.058749 -0.233515 -0.264702 -0.034982 -0.167305 0.058361 -0.020048
-0.279080 -0.402540 0.156609 0.147243 0.445563 0.562963 0.115708 0.307038 0.663624 1.000000 0.220107 0.217410 0.332567 0.600611 0.252150 0.522254 -0.073861 -0.198261 -0.109292 -0.151865 -0.077686 0.035443 -0.027751 -0.056858 0.180454 0.150320 0.042047 0.116218 0.010141 -0.069284 0.250890 0.042147 -0.225239 0.002627 -0.044011 0.126198 -0.131632 -0.182204 -0.344023 -0.280711 -0.352152 -0.405441 -0.167675 -0.097755 0.011717 0.064430 -0.048342 -0.174087 0.087954 -0.003094 0.015393 -0.054383 -0.011175 -0.145291 -0.148271 -0.167955 -0.202785 -0.259447 0.296157 -0.104125 0.328864 0.479367 -0.313535 -0.176555 0.202905 0.587317 -0.375208 0.066859 -0.340385 -0.256844 0.142878 0.376132 -0.201591 -0.025789 0.014203 0.113774 -0.073425 0.209186 -0.100563 -0.012826 -0.219306 -0.284148 -0.413976 0.006183 -0.272172 -0.280185 -0.342344 -0.352875 0.023834 -0.126051 0.286217 0.028254 0.268675 0.159351 -0.260109 -0.204293 -0.244410 -0.234785 -0.135931 -0.300709 0.262291 0.068340 0.113460 -0.050417 0.035284 -0.010216 -0.057248 -0.013883 -0.160807 -0.173053 -0.257087 -0.260606 -0.079364 -0.236019 0.055610 -0.039385
-0.078436 -0.147032 0.300939 -0.216197 0.266281 0.076869 0.186509 -0.044273 0.489862 0.220107 1.000000 0.370022 0.770963 0.476667 0.390288 0.117108 0.184952 0.072777 0.209531 -0.022741 -0.118971 0.106030 0.168745 -0.038087 0.127227 0.084169 -0.201328 -0.115358 0.304828 0.003739 0.383015 0.148085 0.106680 -0.092030 -0.282848 -0.206023 -0.171974 -0.303056 -0.266517 -0.406653 -0.119933 -0.362469 -0.262993 -0.154563 -0.171439 -0.183718 -0.218449 -0.176703 0.179946 -0.006908 0.004858 0.038976 0.112205 -0.039697 -0.032299 -0.111594 -0.040892 -0.237817 0.308555 -0.204393 0.350086 0.143337 0.158033 0.058698 0.127990 0.176344 -0.186569 -0.310159 -0.170660 -0.295704 0.211814 0.234381 0.117531 -0.034685 0.195546 0.038065 -0.181317 -0.020322 -0.029064 0.107043 -0.063063 -0.115001 -0.173431 -0.262202 -0.055859 -0.216903 -0.198758 -0.233946 -0.070535 -0.112792 -0.079348 0.293625 -0.065383 0.100134 -0.182769 -0.396134 -0.239141 -0.328367 -0.146403 -0.158281 -0.040446 0.051628 0.054184 -0.030718 0.011803 -0.230144 -0.267490 -0.246616 -0.335037 -0.215488 -0.222248 -0.236902 -0.151045 -0.020573 -0.270290 -0.238194
-0.090169 -0.090931 0.054836 0.194420 -0.010637 -0.062741 0.159138 0.512064 0.201803 0.217410 0.370022 1.000000 0.490432 0.684381 0.145209 0.475057 0.255226 0.138343 -0.070323 0.186714 -0.248826 -0.149225 -0.127532 0.189423 0.022377 0.139200 -0.314791 -0.245024 0.287628 0.344455 0.273802 0.274613 0.095698 -0.006037 -0.208937 -0.094637 -0.153912 -0.349039 -0.414721 -0.485449 -0.162110 -0.251143 -0.488318 -0.440069 -0.212760 -0.261878 -0.428568 -0.592314 0.018778 -0.222240 -0.053839 -0.219595 0.062867 -0.305205 -0.113870 -0.486316 0.015613 -0.261522 -0.087146 -0.349222 0.414424 0.376385 0.116459 0.375526 0.169081 0.248213 -0.388811 -0.215741 -0.231019 -0.355855 0.188587 0.273756 0.179602 0.218521 0.045339 0.122149 -0.022134 0.200088 -0.064903 0.075542 -0.028436 0.104307 -0.204137 0.296938 -0.156360 0.188811 -0.325200 -0.236918 -0.059572 -0.193036 0.123030 -0.155545 0.210576 -0.219382 -0.387803 -0.488422 -0.545347 -0.469530 -0.148474 -0.389578 0.077188 -0.150586 0.185810 -0.206364 -0.074899 -0.388814 -0.341667 -0.364045 -0.611408 -0.380388 -0.623596 -0.392184 -0.216116 -0.073603 -0.257721 -0.342383
-0.034215 -0.223533 0.231823 -0.016360 0.085293 0.177075 0.238330 0.100333 0.603142 0.332567 0.770963 0.490432 1.000000 0.757325 0.435189 0.446820 0.145044 -0.054917 0.042887 -0.125291 -0.182699 0.094718 0.096996 -0.023537 -0.032163 -0.141195 -0.210201 0.044931 0.208208 0.103217 0.340935 0.070011 0.017393 -0.065912 -0.190115 -0.116210 -0.026948 -0.176567 -0.098814 -0.316130 -0.000955 -0.256622 -0.386690 -0.293737 -0.330485 -0.331546 -0.349544 -0.322622 -0.066447 -0.306997 -0.094798 -0.206961 0.185503 -0.209166 0.169456 -0.160353 0.008583 -0.264746 0.299300 -0.429332 0.493381 0.211488 -0.042694 -0.095361 0.233677 0.346715 -0.422228 -0.379734 -0.096672 -0.280151 0.148729 0.247322 0.118210 0.160208 0.196897 0.057059 -0.062478 0.113590 -0.122184 0.018451 -0.178599 -0.067226 -0.291814 -0.088151 -0.079875 0.010667 -0.125999 -0.123997 0.128169 0.132163 0.000863 0.187688 0.145429 -0.026309 -0.213178 -0.396750 -0.227856 -0.281126 -0.222840 -0.150809 -0.025868 0.012690 0.087447 -0.233512 -0.108328 -0.302215 -0.462769 -0.363161 -0.367825 -0.215264 -0.244105 -0.193827 -0.090984 0.010417 -0.169742 -0.268153
-0.117130 -0.204352 0.065243 0.089250 0.134121 0.226387 0.078482 0.375897 0.536487 0.600611 0.476667 0.684381 0.757325 1.000000 0.281455 0.685565 0.151998 -0.056742 -0.147549 -0.044922 -0.208430 -0.030786 -0.214970 -0.083013 0.052186 0.021120 -0.253842 -0.034057 0.120847 0.281796 0.228378 0.072163 -0.046348 0.022290 -0.221540 -0.017444 -0.067566 -0.210627 -0.238020 -0.337364 -0.172374 -0.278914 -0.381310 -0.324787 -0.170956 -0.179135 -0.277866 -0.418816 -0.009370 -0.211443 -0.118696 -0.206439 0.131055 -0.277789 0.045274 -0.269736 -0.032246 -0.235112 0.223312 -0.323930 0.452001 0.441933 -0.123832 0.024269 0.094113 0.462438 -0.493670 -0.188596 -0.198267 -0.256415 0.132579 0.385830 0.029775 0.245759 0.086845 0.125442 -0.014289 0.302282 -0.054048 0.070716 -0.110712 -0.047366 -0.467914 0.103296 -0.299514 -0.033795 -0.329715 -0.301757 0.028803 -0.008562 0.245088 -0.049330 0.318472 -0.112302 -0.299819 -0.372024 -0.316704 -0.313625 -0.155846 -0.322622 0.149552 -0.081233 0.240334 -0.254386 -0.088049 -0.318751 -0.394103 -0.365483 -0.401655 -0.300607 -0.411883 -0.267440 -0.093639 -0.118801 -0.129730 -0.238441
-0.165311 -0.267977 0.133257 -0.169198 0.200617 0.013671 0.257439 -0.143093 0.569825 0.252150 0.390288 0.145209 0.435189 0.281455 1.000000 0.454950 -0.081356 -0.234861 0.189523 -0.077250 -0.056139 0.020116 0.334576 -0.035432 -0.134599 -0.272311 0.058356 0.084812 0.275716 0.014436 0.146496 -0.092374 -0.097937 -0.182267 -0.149876 -0.233453 0.124448 -0.088319 0.046843 -0.082454 0.146190 0.005575 -0.194498 -0.182735 0.008589 -0.191387 -0.070618 -0.146274 0.198674 -0.015244 0.140279 0.127853 0.141930 0.047241 0.092824 0.006452 -0.284289 -0.352582 0.193974 -0.107848 0.240975 -0.062703 -0.262752 -0.195321 0.243555 -0.044145 -0.297853 -0.389700 -0.090411 -0.036896 0.223381 0.031585 0.085901 0.153819 0.184326 0.123477 0.164535 -0.093314 -0.090239 -0.293445 -0.044059 -0.059703 0.308964 0.207941 0.176194 -0.060576 0.193114 0.085959 0.126328 0.048977 0.026318 0.236708 0.088417 0.208987 0.009266 -0.064273 -0.133179 -0.109635 -0.174172 -0.121976 -0.019271 -0.051129 -0.138277 -0.035064 -0.166396 -0.154810 -0.141481 -0.033067 -0.170335 0.009053 -0.110412 -0.224734 0.222498 -0.037901 0.071932 0.096100
-0.123602 -0.153091 0.045262 0.078365 0.062246 0.140548 0.130443 0.285577 0.449664 0.522254 0.117108 0.475057 0.446820 0.685565 0.454950 1.000000 0.024550 -0.168980 -0.097460 0.061026 -0.136018 -0.192751 -0.141795 -0.057630 -0.188900 -0.153882 -0.104753 0.012117 0.163969 0.305288 0.106092 -0.023682 -0.168318 0.025888 -0.227063 -0.067996 0.100065 -0.031499 -0.045744 -0.069171 -0.094844 0.016212 -0.349800 -0.406356 -0.196985 -0.293600 -0.158213 -0.388477 0.030017 -0.219036 -0.111273 -0.111450 0.161954 -0.136052 0.065451 -0.198333 -0.042411 -0.175834 0.220502 -0.085439 0.369470 0.358650 -0.225148 -0.026982 0.018546 0.162035 -0.388267 -0.277032 -0.080997 -0.054666 0.114389 0.152458 0.101484 0.304695 0.007236 0.161255 0.213139 0.081183 -0.087411 -0.162319 -0.069464 0.010330 -0.054072 0.459928 -0.223656 -0.007073 -0.189679 -0.118546 0.225964 0.135066 0.210297 -0.116843 0.175462 -0.039912 -0.204288 -0.075035 -0.264996 -0.211933 -0.173380 -0.365484 0.083011 -0.089539 0.103208 -0.386231 -0.248306 -0.219529 -0.119785 -0.058092 -0.159445 -0.087948 -0.350594 -0.277147 -0.092749 -0.249936 0.070247 0.060941
0.319026 0.166588 -0.120707 -0.365854 0.020690 -0.119780 -0.087315 -0.013099 -0.028770 -0.073861 0.184952 0.255226 0.145044 0.151998 -0.081356 0.024550 1.000000 0.688937 -0.108715 0.276580 -0.169945 0.143386 -0.329808 -0.305535 0.128689 0.266006 -0.419332 -0.379191 0.597108 0.465613 0.038524 0.234387 0.203404 0.188342 -0.193524 -0.163500 -0.060461 -0.424303 -0.309422 -0.403867 -0.085363 -0.037745 -0.059217 -0.085514 0.008089 0.100498 -0.199486 -0.237948 -0.168075 0.049753 -0.246969 -0.262225 -0.056427 -0.260484 -0.253444 -0.319678 0.385124 0.217308 -0.123031 0.009255 0.051272 -0.002599 0.638657 0.544274 -0.138716 -0.072615 0.096213 -0.090140 -0.051881 -0.136751 0.256305 0.225766 0.635534 0.174992 0.323556 0.171463 0.099134 0.142920 0.472756 0.480696 0.682154 0.530053 -0.192652 0.020560 -0.254990 -0.255197 -0.150547 -0.027135 -0.305436 -0.323837 -0.110937 -0.212693 -0.248045 -0.311843 -0.241249 -0.245620 -0.350033 -0.197156 0.109512 -0.056017 -0.032785 -0.132409 0.076262 -0.116577 -0.050306 -0.312317 -0.163353 -0.253067 -0.278069 -0.160929 -0.218214 -0.075641 -0.156116 -0.104322 -0.358484 -0.210568
0.246725 0.349511 -0.155460 -0.287959 -0.000417 -0.190819 -0.133471 -0.106588 -0.164396 -0.198261 0.072777 0.138343 -0.054917 -0.056742 -0.234861 -0.168980 0.688937 1.000000 -0.098691 0.298868 -0.050628 0.141623 -0.221038 -0.236483 0.076476 0.170151 -0.295873 -0.382450 0.416016 0.579694 0.043567 0.226012 0.156250 0.103000 0.031510 -0.094455 -0.018973 -0.268959 -0.268394 -0.343973 -0.093677 0.069199 0.015666 -0.024634 0.002954 0.089060 -0.142956 -0.182039 -0.200568 0.085841 -0.236113 -0.262674 -0.252625 -0.235124 -0.282498 -0.304743 0.283438 0.452241 -0.309022 0.094711 -0.140711 -0.061775 0.588084 0.656876 -0.169780 -0.158119 0.144276 -0.100073 -0.073951 -0.130767 0.238929 0.312599 0.517695 0.327149 0.244095 0.248760 0.035641 0.205122 0.375034 0.705528 0.550574 0.613453 -0.228244 -0.143162 -0.242159 -0.320617 -0.177607 -0.240387 -0.328609 -0.282431 -0.125353 -0.184985 -0.160766 -0.178524 -0.178693 -0.082792 -0.218360 -0.070469 0.220036 0.041483 -0.007072 -0.009247 0.175769 0.000116 -0.047058 -0.189129 -0.045500 -0.187117 -0.162337 0.039452 -0.073695 0.040621 -0.131800 0.025444 -0.296577 -0.110041
-0.026438 -0.009829 0.374127 -0.153082 0.005481 -0.251064 0.362356 0.031379 0.048325 -0.109292 0.209531 -0.070323 0.042887 -0.147549 0.189523 -0.097460 -0.108715 -0.098691 1.000000 0.476512 0.017656 -0.283709 0.091306 -0.239387 -0.336331 -0.109607 -0.059706 -0.233198 0.243246 0.047071 0.124806 -0.024917 0.222871 0.003579 -0.127184 -0.200873 0.054155 0.043406 0.016799 0.083810 -0.143462 -0.111309 -0.050377 -0.053793 -0.052658 -0.125171 -0.018546 0.010098 0.070764 0.016740 -0.080416 0.116192 0.026024 0.136190 -0.192471 0.002334 -0.208905 -0.223833 -0.010309 0.000377 0.132119 0.006595 0.029534 -0.052673 -0.076333 -0.331955 0.070758 -0.217232 0.198430 0.158345 -0.035145 -0.280338 0.044028 -0.006541 -0.080175 -0.183178 0.316574 -0.140439 -0.123640 -0.088348 -0.098626 -0.127187 0.246015 0.049884 0.098911 -0.190455 -0.152932 -0.122482 0.023882 -0.158617 -0.252149 0.191414 -0.308883 0.219120 0.195109 0.176213 -0.022753 0.060355 -0.168146 -0.120314 -0.011108 -0.117793 -0.193357 -0.091719 -0.114940 0.040298 0.265869 0.218660 0.232844 0.317777 0.050611 -0.060169 -0.097006 -0.263197 0.015622 0.135277
0.156711 0.212993 0.163005 -0.306129 -0.158566 -0.433141 0.206220 0.246093 -0.099475 -0.151865 -0.022741 0.186714 -0.125291 -0.044922 -0.077250 0.061026 0.276580 0.298868 0.476512 1.000000 -0.165161 -0.387681 -0.385299 -0.305781 -0.276568 0.092247 -0.309386 -0.621547 0.373667 0.467170 -0.042251 0.159111 0.377270 0.372516 -0.344175 -0.262676 0.065527 -0.211019 -0.207109 -0.124588 -0.279597 -0.104733 -0.038133 -0.183806 0.086716 -0.015757 -0.078269 -0.117564 -0.015423 0.082646 -0.301170 -0.041396 -0.177789 -0.002794 -0.290905 -0.238141 0.004071 -0.011733 -0.230200 0.238494 -0.062926 0.019651 0.330292 0.399826 -0.447098 -0.456468 0.283847 0.020902 0.401664 0.467716 0.014426 -0.052832 0.291891 0.276841 -0.082123 0.071814 0.296860 0.196947 0.122228 0.118810 0.212344 0.269021 0.024147 0.291815 -0.355989 -0.335687 -0.353400 -0.354765 -0.286768 -0.414293 0.003961 -0.113972 -0.277483 -0.090739 0.159606 0.209505 -0.222495 0.104637 0.114681 -0.107049 0.089795 -0.150769 0.012547 -0.091184 -0.151844 -0.157897 0.182655 0.047770 0.157157 0.256433 -0.030568 0.029019 -0.118201 -0.124538 -0.135327 0.090115
-0.071782 0.081719 -0.072765 0.046691 0.359175 0.113414 -0.156371 -0.104741 -0.084857 -0.077686 -0.118971 -0.248826 -0.182699 -0.208430 -0.056139 -0.136018 -0.169945 -0.050628 0.017656 -0.165161 1.000000 0.347965 0.109967 -0.048591 0.221460 -0.006574 0.457092 0.255028 -0.192531 -0.117603 -0.000363 -0.073754 -0.132371 -0.096577 0.050959 0.083351 -0.033679 0.094359 0.181319 0.163930 0.069672 0.152616 -0.030000 -0.023532 -0.088599 -0.099312 -0.048862 0.046389 0.143152 -0.019299 0.174357 0.087864 0.081933 0.067234 0.041762 0.071520 0.033577 0.132709 0.103021 0.119173 -0.063372 -0.005471 -0.033780 -0.079035 0.031121 -0.014642 0.024979 -0.038753 -0.040487 0.035233 0.111126 0.018377 0.030659 0.093315 0.115267 0.130427 -0.121204 -0.101249 0.122882 0.009030 0.084894 -0.013843 0.013095 -0.155810 0.158765 -0.022187 0.114470 0.103333 0.151664 0.123844 -0.108280 -0.030918 -0.070738 0.048882 0.054539 0.065345 0.076155 0.035443 -0.045777 -0.026700 -0.111154 -0.042252 0.074762 -0.107418 -0.035624 0.071503 0.167537 0.131719 0.091846 0.152574 0.095770 0.013376 -0.062414 -0.040176 -0.028022 0.055934
0.044140 -0.164377 -0.218361 0.114460 0.265320 0.309583 -0.264932 -0.212931 0.031431 0.035443 0.106030 -0.149225 0.094718 -0.030786 0.020116 -0.192751 0.143386 0.141623 -0.283709 -0.387681 0.347965 1.000000 0.252345 0.212980 0.379927 0.194691 0.206881 0.351138 -0.025121 -0.117619 0.131492 0.154707 -0.011774 -0.028711 0.191569 0.265115 0.115281 -0.122913 0.117219 -0.119936 0.176331 0.039875 -0.152703 0.020471 -0.170474 -0.042700 -0.156978 0.006638 -0.127016 -0.058663 0.062889 -0.093495 -0.002011 -0.081968 0.141059 0.090986 0.107733 0.065900 -0.017652 -0.226007 -0.051112 -0.145665 0.093605 -0.052993 0.304829 0.309137 -0.099067 -0.033808 -0.085614 -0.226386 0.305437 0.458819 0.181671 0.063633 0.450550 0.324002 -0.263781 0.168356 0.219835 0.185559 0.201427 0.003181 -0.154422 -0.317835 0.179390 0.009622 0.343921 0.338871 -0.018055 0.092181 -0.135824 -0.042537 0.230847 -0.222084 0.009287 -0.303989 0.032832 -0.048838 -0.036916 0.126583 -0.135041 -0.030139 0.010104 0.056721 -0.080096 -0.256384 -0.352585 -0.466795 -0.266353 -0.098209 0.111566 -0.003568 0.086974 0.280524 -0.195193 -0.342279
-0.235429 -0.345370 0.219245 0.278225 0.248597 0.331341 0.256696 -0.217501 0.169872 -0.027751 0.168745 -0.127532 0.096996 -0.214970 0.334576 -0.141795 -0.329808 -0.221038 0.091306 -0.385299 0.109967 0.252345 1.000000 0.607289 0.198228 -0.028160 0.435486 0.536929 -0.161089 -0.493493 0.404345 0.215961 -0.116181 -0.118458 0.332657 0.270320 -0.059369 -0.008827 0.060454 -0.131915 0.194329 -0.084927 -0.122841 0.037356 -0.136659 -0.133376 -0.146212 -0.026452 -0.076523 -0.125385 0.166035 -0.111213 -0.137697 -0.104211 -0.029225 -0.000701 -0.311566 -0.289087 0.031662 -0.429734 0.179802 -0.186246 -0.344267 -0.366096 0.709839 0.233620 -0.269255 -0.221622 -0.197707 -0.324456 0.126101 0.085777 -0.124574 -0.234567 0.160171 0.047039 -0.185830 -0.214291 -0.183081 -0.271651 -0.349566 -0.299709 0.349563 -0.183101 0.562274 0.225122 0.354288 0.205377 0.346510 0.194389 -0.305095 0.230788 0.106639 0.226033 -0.013969 -0.309603 -0.038941 -0.215073 -0.279086 -0.002596 -0.260821 0.117679 -0.290975 0.037885 -0.155388 -0.006349 -0.249446 -0.085213 -0.206345 -0.204861 -0.043946 -0.116321 0.075793 0.258828 0.053434 -0.129073
-0.078463 -0.228398 -0.178683 0.593765 -0.050160 0.260845 -0.077501 0.018626 -0.125473 -0.056858 -0.038087 0.189423 -0.023537 -0.083013 -0.035432 -0.057630 -0.305535 -0.236483 -0.239387 -0.305781 -0.048591 0.212980 0.607289 1.000000 0.174123 0.030638 0.297055 0.482593 -0.413602 -0.400423 0.160071 0.167873 -0.234520 -0.235155 0.398515 0.417751 0.005813 0.000296 -0.023335 -0.157692 0.197806 -0.016556 -0.227265 -0.097560 -0.265146 -0.230917 -0.205803 -0.125482 -0.104301 -0.220781 0.180798 -0.108926 -0.079367 -0.084895 0.059413 -0.086779 -0.054322 -0.158097 -0.198270 -0.369100 -0.018126 -0.048218 -0.187346 -0.135156 0.582510 0.269927 -0.252179 -0.032276 -0.128822 -0.307894 0.061820 0.193212 -0.260177 -0.140145 0.113809 0.132829 -0.219897 0.039756 -0.277628 -0.212479 -0.353912 -0.223733 0.186529 -0.081741 0.520043 0.581806 0.282145 0.236362 0.214055 0.187119 -0.065841 -0.085754 0.427739 -0.038400 -0.134392 -0.394603 -0.173125 -0.335410 -0.209676 -0.064100 -0.119905 -0.084717 -0.102882 0.087024 -0.053034 -0.052997 -0.369273 -0.270862 -0.376231 -0.391072 -0.216194 -0.168173 0.042900 0.344637 0.030442 -0.315149
-0.185673 -0.165366 0.023699 -0.036275 0.470830 0.371413 -0.226349 -0.048618 0.033530 0.180454 0.127227 0.022377 -0.032163 0.052186 -0.134599 -0.188900 0.128689 0.076476 -0.336331 -0.276568 0.221460 0.379927 0.198228 0.174123 1.000000 0.728702 0.076608 0.123050 -0.040037 -0.243308 0.444865 0.501713 -0.022246 0.207965 0.074968 0.313186 -0.251561 -0.361492 -0.256290 -0.347362 -0.067594 -0.281620 -0.067898 0.032886 0.024518 0.135993 -0.225020 -0.076689 0.019845 0.000580 -0.024843 -0.177673 -0.170816 -0.255946 -0.197477 -0.327037 -0.012283 -0.032857 0.127301 -0.180950 0.109595 0.071092 0.082433 0.005206 0.273205 0.408610 0.020884 0.240674 -0.331952 -0.315632 0.270796 0.468841 0.049233 -0.237665 0.208823 0.304049 -0.357963 0.067599 0.153191 0.159151 0.138657 -0.091077 -0.253404 -0.220011 -0.014052 -0.085654 -0.100560 -0.127818 -0.256822 -0.305313 0.045430 -0.008184 0.103004 -0.046202 -0.201098 -0.493042 -0.177361 -0.359321 -0.119593 -0.107023 -0.021608 0.155304 0.102226 0.144010 0.102658 -0.069901 -0.137779 -0.179386 -0.352215 -0.348084 -0.174557 -0.200416 -0.158516 0.028900 -0.208715 -0.319029
-0.222469 -0.194378 0.175339 -0.060932 0.385228 0.320338 -0.059944 0.251223 -0.092324 0.150320 0.084169 0.139200 -0.141195 0.021120 -0.272311 -0.153882 0.266006 0.170151 -0.109607 0.092247 -0.006574 0.194691 -0.028160 0.030638 0.728702 1.000000 -0.067525 -0.131367 0.179349 -0.069664 0.366490 0.640725 0.111954 0.374393 -0.150451 0.162869 -0.377677 -0.523542 -0.507156 -0.374102 -0.379902 -0.325578 -0.016645 0.087023 0.095384 0.257416 -0.180039 -0.071288 0.081446 0.164925 -0.094660 -0.085173 -0.263649 -0.203238 -0.418991 -0.373616 -0.068451 -0.137035 -0.008665 -0.045435 0.119238 0.207699 0.208682 0.199209 0.044374 0.297218 0.188443 0.344422 -0.313762 -0.244219 0.209197 0.405130 0.111195 -0.215599 0.010630 0.181899 -0.261068 0.092410 0.175031 0.205715 0.152994 -0.066158 -0.208321 -0.061228 -0.225077 -0.238354 -0.387847 -0.319577 -0.347013 -0.531715 -0.015773 -0.154145 -0.101927 -0.133749 -0.209751 -0.374004 -0.300624 -0.381802 -0.073142 -0.316875 0.070939 0.044786 0.126815 0.146728 0.131560 -0.107220 0.041516 -0.113628 -0.296035 -0.230493 -0.222993 -0.289455 -0.355515 -0.157689 -0.364979 -0.261449
-0.058815 -0.032413 -0.004010 0.306065 0.275608 0.500639 -0.062628 -0.133291 0.046184 0.042047 -0.201328 -0.314791 -0.210201 -0.253842 0.058356 -0.104753 -0.419332 -0.295873 -0.059706 -0.309386 0.457092 0.206881 0.435486 0.297055 0.076608 -0.067525 1.000000 0.735935 -0.481128 -0.489559 -0.023516 -0.183414 -0.192612 -0.131236 0.270337 0.206926 -0.155900 0.186007 0.193962 0.218060 0.086858 0.094168 0.103069 0.200444 -0.041460 -0.096549 0.140721 0.214975 0.141676 0.001326 0.317050 0.201676 0.034193 0.176481 0.060888 0.153298 -0.112127 0.001112 0.154644 0.005265 -0.055064 0.040397 -0.350733 -0.380311 0.292750 0.145147 -0.066082 -0.155489 0.065216 0.032331 -0.158527 -0.144995 -0.458710 -0.265317 -0.077977 -0.030026 -0.338946 -0.251380 -0.242377 -0.233296 -0.330522 -0.302424 0.148179 -0.075294 0.354537 0.211938 0.209944 0.085162 0.242885 0.241447 -0.095976 0.001756 0.055367 0.127189 -0.035101 -0.007943 0.147639 0.051924 -0.180654 0.035397 -0.163702 0.153471 -0.226477 -0.041631 -0.059392 0.185601 0.032856 0.151184 -0.013592 0.152610 0.145423 0.008745 0.064280 0.128649 0.142358 0.052056
-0.022080 -0.168622 -0.185159 0.489412 0.099362 0.638541 -0.250572 -0.282314 0.087417 0.116218 -0.115358 -0.245024 0.044931 -0.034057 0.084812 0.012117 -0.379191 -0.382450 -0.233198 -0.621547 0.255028 0.351138 0.536929 0.482593 0.123050 -0.131367 0.735935 1.000000 -0.575772 -0.521143 0.019261 -0.161259 -0.331061 -0.243825 0.383973 0.375598 0.007593 0.254156 0.274671 0.164311 0.303497 0.109600 0.013587 0.187315 -0.208167 -0.166245 0.028837 0.117953 -0.040719 -0.222399 0.358889 0.004007 0.083158 0.011277 0.201751 0.134055 -0.031697 -0.031192 0.143538 -0.278704 -0.042329 -0.064171 -0.373634 -0.534387 0.533326 0.425939 -0.242537 -0.140094 -0.032009 -0.161260 -0.130977 -0.043983 -0.425185 -0.214892 0.031594 -0.046677 -0.177948 -0.182434 -0.253458 -0.234790 -0.314477 -0.294102 0.018251 -0.277528 0.554744 0.476169 0.370587 0.304612 0.325186 0.385011 -0.131964 -0.096281 0.291019 0.134471 -0.154475 -0.196464 0.105253 -0.116100 -0.327055 -0.019109 -0.109527 0.097422 -0.176609 -0.043212 -0.024561 0.163574 -0.158461 -0.030419 -0.143355 -0.074734 0.033713 -0.102013 0.023782 0.166216 0.169088 -0.056214
-0.064892 -0.144419 0.251060 -0.548072 0.104012 -0.309539 0.345167 0.005551 0.166150 0.010141 0.304828 0.287628 0.208208 0.120847 0.275716 0.163969 0.597108 0.416016 0.243246 0.373667 -0.192531 -0.025121 -0.161089 -0.413602 -0.040037 0.179349 -0.481128 -0.575772 1.000000 0.465282 0.291479 0.342538 0.284453 0.229902 -0.329043 -0.338748 0.043994 -0.413098 -0.301819 -0.374678 -0.098926 -0.150646 -0.118602 -0.143324 0.077689 0.078214 -0.146045 -0.238028 -0.007916 0.098882 -0.334351 -0.142670 -0.080446 -0.186744 -0.240627 -0.325262 -0.052338 -0.204614 0.002056 -0.066427 0.281176 0.010192 0.373671 0.340016 -0.114491 -0.209366 0.027525 -0.161658 -0.158081 -0.134658 0.399621 0.192518 0.753761 0.168321 0.250366 0.160353 0.238381 0.034256 0.345762 0.126322 0.475426 0.315197 0.143073 0.332068 -0.239671 -0.405143 -0.172349 -0.110379 -0.294026 -0.437832 -0.080328 0.130062 -0.323519 -0.091521 -0.087147 -0.147040 -0.350412 -0.161059 0.002156 -0.142089 -0.056274 -0.082654 -0.030073 -0.034611 -0.207285 -0.305411 -0.039197 -0.109999 -0.103023 0.078246 -0.209564 -0.174837 -0.102556 -0.173075 -0.226512 -0.029266
0.149075 0.283277 -0.162616 -0.290467 -0.204911 -0.442569 -0.012915 0.159164 -0.022034 -0.069284 0.003739 0.344455 0.103217 0.281796 0.014436 0.305288 0.465613 0.579694 0.047071 0.467170 -0.117603 -0.117619 -0.493493 -0.400423 -0.243308 -0.069664 -0.489559 -0.521143 0.465282 1.000000 -0.073066 0.073747 0.289830 0.201942 -0.156858 -0.245690 0.255403 -0.079900 -0.118867 -0.189849 -0.018986 0.134149 -0.229005 -0.309009 -0.069055 -0.106691 -0.209439 -0.392629 -0.189057 -0.063884 -0.323110 -0.206904 -0.035485 -0.199104 -0.137272 -0.275073 0.137619 0.201153 -0.249581 0.054677 0.042709 0.065668 0.298164 0.588361 -0.315118 -0.275898 0.056735 -0.158041 0.119007 0.087936 0.128815 0.127344 0.566111 0.664719 0.146042 0.208967 0.408734 0.334205 0.265782 0.497703 0.424670 0.601569 -0.174244 0.186654 -0.307701 -0.218539 -0.182218 -0.224164 -0.194340 -0.189715 -0.060608 -0.201514 -0.115610 -0.186964 -0.032198 0.105337 -0.313757 0.010268 0.133716 -0.138794 0.117101 -0.247710 0.218688 -0.154282 -0.191741 -0.293990 -0.048073 -0.196322 -0.038637 0.166082 -0.225039 -0.075706 -0.071294 -0.167152 -0.129280 0.008128
-0.307769 -0.413435 0.390281 -0.016104 0.321368 0.212047 0.293591 0.154811 0.329584 0.250890 0.383015 0.273802 0.340935 0.228378 0.146496 0.106092 0.038524 0.043567 0.124806 -0.042251 -0.000363 0.131492 0.404345 0.160071 0.444865 0.366490 -0.023516 0.019261 0.291479 -0.073066 1.000000 0.758156 0.141938 0.318379 -0.025920 0.073630 -0.166239 -0.383968 -0.267244 -0.460819 -0.098687 -0.346605 -0.350474 -0.186112 -0.232184 -0.111960 -0.401125 -0.352255 -0.136204 -0.230078 -0.283399 -0.382524 -0.153767 -0.394812 -0.211275 -0.435760 -0.211224 -0.324858 0.105521 -0.476737 0.543441 0.275031 -0.027925 -0.024799 0.455457 0.382911 -0.227844 -0.201987 -0.323628 -0.388820 0.285671 0.392988 0.210816 -0.068437 0.115771 0.207324 -0.078694 0.037867 0.025308 -0.046508 -0.183623 -0.207904 -0.026651 0.108555 0.003235 -0.137690 -0.149272 -0.244619 -0.115233 -0.298044 -0.247669 0.157744 -0.075845 0.025576 -0.165090 -0.360268 -0.333469 -0.355173 -0.310236 -0.222406 -0.037502 0.096786 -0.024279 -0.128659 -0.224442 -0.233301 -0.175541 -0.118566 -0.287773 -0.214344 -0.312814 -0.315969 -0.302411 -0.067944 -0.171050 -0.296075
-0.297633 -0.322137 0.218172 -0.008081 0.119668 0.078601 0.155175 0.264708 -0.018121 0.042147 0.148085 0.274613 0.070011 0.072163 -0.092374 -0.023682 0.234387 0.226012 -0.024917 0.159111 -0.073754 0.154707 0.215961 0.167873 0.501713 0.640725 -0.183414 -0.161259 0.342538 0.073747 0.758156 1.000000 0.263296 0.560919 -0.123725 0.080010 -0.200156 -0.518484 -0.341354 -0.511859 -0.065851 -0.314981 -0.305320 -0.156658 -0.137418 0.039452 -0.430965 -0.351018 -0.238035 -0.101099 -0.366581 -0.422529 -0.252482 -0.453522 -0.270990 -0.469436 -0.165954 -0.208845 -0.187704 -0.356563 0.355639 0.172387 0.170072 0.232776 0.306084 0.283880 -0.026359 0.007284 -0.260454 -0.295245 0.223965 0.453956 0.315915 -0.032039 0.086823 0.265210 -0.063740 0.197225 0.271847 0.140287 0.060914 0.044780 0.004598 0.196847 -0.052090 -0.144493 -0.195516 -0.221655 -0.189713 -0.426435 -0.286141 -0.070280 -0.120299 -0.193611 -0.116925 -0.377614 -0.338115 -0.345841 -0.169769 -0.261019 0.025163 0.011509 0.095994 -0.065156 -0.150736 -0.351202 -0.121715 -0.215800 -0.321030 -0.269736 -0.329946 -0.281190 -0.367972 -0.035630 -0.334041 -0.385410
-0.007166 0.154223 0.268236 -0.179988 -0.059511 -0.321771 0.293195 0.211237 -0.062651 -0.225239 0.106680 0.095698 0.017393 -0.046348 -0.097937 -0.168318 0.203404 0.156250 0.222871 0.377270 -0.132371 -0.011774 -0.116181 -0.234520 -0.022246 0.111954 -0.192612 -0.331061 0.284453 0.289830 0.141938 0.263296 1.000000 0.687767 -0.180736 -0.122979 -0.021737 -0.159563 -0.027831 -0.074927 -0.132301 -0.135558 -0.200436 -0.204830 -0.089134 -0.060794 -0.233320 -0.273948 -0.194889 -0.128570 -0.311312 -0.212557 -0.161292 -0.294783 -0.091468 -0.223517 -0.077462 0.010271 0.041444 -0.069184 0.288362 0.101724 0.223261 0.317250 -0.092407 -0.131248 0.310605 0.029625 0.291328 0.319361 -0.230877 -0.166780 0.307603 0.030328 -0.018338 -0.078236 0.078963 0.031454 0.152496 0.125568 0.112619 0.118233 0.018022 0.165248 -0.188186 -0.215716 -0.127111 -0.025032 -0.099527 -0.310202 -0.341762 -0.034549 -0.325981 -0.189023 0.297187 0.078342 -0.031449 0.178046 -0.205148 -0.027062 -0.029194 0.006854 -0.037691 -0.112154 -0.159237 -0.254388 -0.031489 -0.116150 0.077343 0.157401 0.001199 -0.047154 -0.169164 -0.193921 -0.211274 -0.092238
-0.153248 0.006629 0.279186 -0.139232 0.004169 -0.052233 0.208596 0.283755 -0.017361 0.002627 -0.092030 -0.006037 -0.065912 0.022290 -0.182267 0.025888 0.188342 0.103000 0.003579 0.372516 -0.096577 -0.028711 -0.118458 -0.235155 0.207965 0.374393 -0.131236 -0.243825 0.229902 0.201942 0.318379 0.560919 0.687767 1.000000 -0.174227 0.135187 -0.141902 -0.261517 -0.092339 -0.075887 -0.200864 -0.170905 -0.188430 -0.188622 -0.025492 0.058553 -0.296351 -0.266925 -0.323047 -0.153905 -0.475496 -0.385795 -0.272322 -0.439339 -0.221563 -0.324944 -0.151671 -0.007490 0.109200 -0.088226 0.354921 0.195122 0.128082 0.188431 -0.057154 0.110762 0.224309 0.180133 0.142671 0.308132 -0.183150 0.097360 0.251604 -0.005788 -0.102181 0.087076 0.014798 0.179048 0.300691 0.124332 0.101232 0.100414 -0.090531 0.274597 -0.318254 -0.340230 -0.259724 -0.191456 -0.066696 -0.344380 -0.246600 -0.160243 -0.286857 -0.228612 0.276232 0.109115 -0.036702 0.163089 -0.220783 -0.152145 0.019819 0.058334 0.019292 -0.181275 -0.210465 -0.245240 0.026674 -0.072957 0.175976 0.097404 0.036683 -0.033345 -0.296816 -0.218493 -0.197302 -0.055098
0.155967 -0.084543 -0.240345 0.377523 -0.077049 0.179219 -0.139398 -0.233006 -0.101064 -0.044011 -0.282848 -0.208937 -0.190115 -0.221540 -0.149876 -0.227063 -0.193524 0.031510 -0.127184 -0.344175 0.050959 0.191569 0.332657 0.398515 0.074968 -0.150451 0.270337 0.383973 -0.329043 -0.156858 -0.025920 -0.123725 -0.180736 -0.174227 1.000000 0.575071 0.161920 0.159971 0.171920 0.003784 0.222778 0.000072 -0.060927 -0.010237 -0.117904 -0.046114 -0.150219 0.015031 -0.319131 -0.265577 -0.027959 -0.235255 -0.124093 -0.132368 -0.008203 -0.056708 0.083293 0.087544 -0.094620 -0.254971 -0.108710 -0.164344 -0.154419 -0.166737 0.434207 0.221905 0.062444 0.119121 -0.022076 -0.112071 -0.082014 0.077547 -0.226402 -0.081249 -0.032850 -0.037891 0.020117 0.134547 -0.132188 0.088930 -0.130940 -0.061756 -0.099219 -0.246649 0.296454 0.313071 0.220790 0.149233 0.119743 0.201605 -0.091746 -0.158189 0.317855 -0.013527 0.042971 -0.044785 0.095845 0.072733 -0.223960 0.126853 -0.124724 0.011748 -0.173611 0.040561 -0.067924 0.287498 -0.139923 -0.051529 -0.016713 -0.011731 0.088539 0.046628 0.145940 0.239050 0.323473 0.067880
-0.081362 -0.136882 -0.153157 0.381729 -0.003891 0.327850 -0.189718 -0.059481 -0.142127 0.126198 -0.206023 -0.094637 -0.116210 -0.017444 -0.233453 -0.067996 -0.163500 -0.094455 -0.200873 -0.262676 0.083351 0.265115 0.270320 0.417751 0.313186 0.162869 0.206926 0.375598 -0.338748 -0.245690 0.073630 0.080010 -0.122979 0.135187 0.575071 1.000000 -0.086141 -0.006772 0.035676 0.005371 -0.036538 0.006537 -0.072783 -0.009879 -0.038166 0.102600 -0.164630 -0.051484 -0.298364 -0.181095 -0.108640 -0.313655 -0.152967 -0.218570 -0.140920 -0.138945 -0.106742 -0.061630 0.093371 -0.314839 0.079490 -0.041910 -0.117026 -0.221106 0.378570 0.381371 0.040220 0.284980 -0.128202 -0.103624 -0.091752 0.233412 -0.154102 -0.128573 0.014152 0.143350 -0.081952 0.152717 -0.027313 0.099757 -0.127737 -0.165422 -0.164642 -0.197109 0.170261 0.212213 0.084746 0.117741 0.161603 0.057407 -0.111100 -0.132889 0.335391 0.008791 -0.001552 -0.138197 0.013668 -0.072468 -0.248000 -0.059908 -0.055665 0.101409 -0.086978 -0.083709 -0.219061 0.030259 -0.158079 -0.114527 -0.063480 -0.133774 0.078437 -0.041588 -0.034273 0.059191 0.103528 -0.078029
