1.000000 0.354749 0.603148 0.480926 0.103799 0.537619 0.403444 0.243626 -0.084179 0.444929 -0.243678 -0.179807 -0.171764 -0.435063 -0.062315 0.305681 -0.522931 -0.367535 0.564272 0.378991 0.158500 0.258848 0.228741 0.289344 0.378613 0.383030 0.408196 0.393004 -0.423069 -0.317213 -0.195024 -0.173517 0.264664 0.208201 -0.316029 -0.277332 -0.246024 0.007363 -0.064540 0.411810 0.015710 0.105741 -0.430661 -0.362757 -0.148872 -0.329926 -0.208115 -0.442742 -0.026360 -0.215130 -0.206932 -0.347987 -0.211438 -0.232758 0.310008 -0.183908 0.478704 -0.052542 0.292011 0.161179 0.338967 0.008033 0.127059 -0.272129 0.002990 0.383055 -0.085769 -0.272792 -0.205572 -0.369077 -0.091991 -0.202567 -0.209102 -0.135260 0.071517 0.143144 0.170925 -0.333761 -0.113210 -0.296274 -0.342928 -0.409686 -0.373528 0.433650 -0.201200 -0.120442 -0.084043 0.002042 0.422034 0.303238 -0.077387 -0.108279 0.045660 0.084437 -0.008585 -0.207806 -0.008659 -0.168150 -0.210816 0.026114 -0.015338 -0.050849 -0.449772 -0.111767 -0.375698 -0.196024 -0.206368 0.257814 -0.140327 -0.296363 -0.263460 -0.393108 -0.183120 -0.238733 -0.312397 -0.399447
0.354749 1.000000 0.280293 0.484990 -0.214761 0.171472 0.277192 0.446315 -0.368753 0.037717 -0.244756 0.178039 -0.029707 -0.267375 -0.271089 0.041608 -0.533978 -0.682038 0.690877 0.784677 -0.111770 -0.111162 -0.263243 -0.213807 0.106498 0.120078 0.095637 -0.063742 -0.583833 -0.207430 0.005328 -0.322895 0.576345 0.437534 -0.661701 -0.329193 -0.045733 0.022737 -0.370752 -0.072370 0.296091 0.075985 -0.221473 -0.049348 0.057789 -0.012532 -0.153304 -0.074158 -0.110125 0.124681 -0.460374 -0.122021 -0.191125 -0.121029 -0.205118 -0.151342 0.161381 0.549659 0.279629 0.318000 -0.147866 0.275868 -0.063751 0.087632 -0.446250 0.475055 0.097547 -0.274537 0.101269 -0.121062 -0.384842 -0.588922 -0.231130 -0.238325 0.090194 -0.062291 0.095184 -0.106867 -0.141616 -0.048112 -0.138971 -0.097661 -0.151107 0.130095 -0.372861 -0.285608 -0.060448 -0.187357 -0.097000 -0.177286 -0.090753 -0.286169 -0.159681 -0.237091 -0.211368 -0.339653 -0.090941 -0.195163 -0.064873 -0.073305 -0.011909 -0.085926 -0.251925 -0.178437 -0.005848 -0.251990 -0.297071 -0.300581 -0.123529 -0.145919 -0.198810 -0.139045 -0.210574 -0.016800 -0.110992 -0.294688
0.603148 0.280293 1.000000 0.572134 0.110296 0.497207 0.736141 0.445252 -0.123646 0.412134 -0.228742 -0.017667 0.091352 -0.316208 0.050760 0.210229 -0.427324 -0.379656 0.500333 0.268879 0.085459 -0.010966 0.447659 0.291757 0.217984 0.220887 0.344782 0.358733 -0.464403 -0.434571 -0.024086 -0.066849 0.267568 0.368445 -0.304838 -0.033067 -0.212249 -0.316314 -0.090509 0.124836 0.074688 0.027949 -0.479910 -0.292918 -0.224319 -0.219827 -0.417783 -0.459697 0.027245 -0.255848 -0.055506 -0.300119 -0.261329 -0.303951 0.050107 -0.434348 -0.017706 -0.099801 0.274088 0.104626 0.245172 0.082024 -0.099519 -0.309375 0.270476 0.541265 -0.080830 0.031943 -0.232970 -0.321037 -0.177601 -0.290494 -0.273830 -0.381747 -0.136560 -0.123982 -0.209923 -0.320174 -0.399168 -0.329854 -0.497080 -0.377080 -0.114752 0.222365 -0.053033 -0.256498 0.139177 -0.019773 0.359423 0.080759 0.087400 -0.023507 0.199445 0.177043 0.070520 -0.094515 -0.033365 -0.100744 -0.190638 -0.202145 0.037343 0.060211 -0.192488 -0.147676 -0.154175 -0.309210 -0.185503 0.087612 -0.017417 -0.183164 -0.096350 -0.460378 -0.238653 -0.181498 -0.196314 -0.320774
0.480926 0.484990 0.572134 1.000000 0.181487 0.408297 0.370740 0.585918 -0.013868 0.407474 -0.234930 0.163194 0.016880 -0.175111 -0.083852 0.252555 -0.493057 -0.428689 0.551947 0.484116 0.156637 0.183145 0.273932 0.353295 0.332325 0.258879 0.421066 0.341246 -0.474240 -0.357188 -0.055723 -0.128551 0.094730 0.082413 -0.327142 -0.097692 -0.135216 -0.071423 -0.197077 0.146495 0.204355 0.073150 -0.408081 -0.324774 -0.262826 -0.275966 -0.320076 -0.446189 -0.164584 -0.274936 -0.134124 -0.228417 -0.123373 -0.243565 0.117793 -0.318295 0.046652 0.032532 0.207998 0.284759 -0.037014 0.079544 -0.115109 -0.403719 -0.113308 0.589339 -0.090932 -0.106846 -0.171059 -0.189784 -0.191078 -0.296542 -0.325801 -0.161715 -0.148244 -0.021076 -0.044756 -0.310506 -0.154202 -0.149720 -0.299352 -0.446935 -0.341602 0.272541 -0.250111 -0.103459 -0.130439 -0.162769 0.414014 0.154557 -0.048248 -0.222297 0.175495 0.121829 -0.225392 -0.261801 -0.213871 -0.358757 -0.262343 -0.201114 0.040405 -0.087533 -0.260656 -0.289234 -0.194904 -0.288809 -0.274755 0.056916 -0.154542 -0.390439 -0.376150 -0.474801 -0.410179 -0.268856 -0.195811 -0.418660
0.103799 -0.214761 0.110296 0.181487 1.000000 0.359676 0.101088 0.137190 0.488176 0.471831 -0.209529 -0.030294 -0.181112 0.130917 0.026651 0.369857 -0.037241 0.078770 -0.141681 -0.131702 0.483320 0.255884 0.202315 0.186235 0.349146 0.026360 0.559449 0.591485 -0.033645 -0.020215 -0.023498 -0.057109 -0.350901 -0.219778 -0.029487 -0.155176 -0.057860 0.019468 0.182606 0.313384 0.183315 0.302402 -0.070695 -0.160538 0.009101 -0.002786 0.042668 -0.143894 0.090150 0.017855 0.191347 0.014992 0.201590 -0.057394 0.348962 0.158356 0.060056 -0.310861 -0.023326 0.166741 0.110990 -0.024834 0.165000 -0.192523 0.083269 -0.068273 -0.047532 0.048350 -0.320437 -0.144507 0.241409 0.125919 0.010199 -0.104908 -0.212062 -0.220413 -0.333248 -0.150261 -0.234978 -0.239340 -0.235148 -0.311617 -0.031767 0.209437 0.084055 0.028123 0.028818 0.008547 0.375354 0.309043 0.048520 -0.017295 0.101715 0.145538 0.031396 0.003663 0.125886 0.017410 0.121966 0.120191 -0.126824 0.006463 -0.266831 -0.191300 -0.408341 -0.198521 -0.151263 0.225737 -0.037110 -0.163895 -0.072125 -0.115530 -0.026085 -0.240841 -0.244685 -0.201577
0.537619 0.171472 0.497207 0.408297 0.359676 1.000000 0.237367 0.179191 -0.188797 0.754150 -0.525091 -0.341300 -0.229260 -0.273389 0.191210 0.559512 -0.322125 -0.301645 0.404756 0.282352 0.480863 0.472326 0.080488 0.011282 0.435774 0.489892 0.800388 0.771052 -0.319054 -0.151017 -0.323346 -0.458879 -0.005011 -0.069506 -0.230547 -0.259313 0.094638 -0.022253 0.233790 0.559303 0.215057 0.381641 -0.235190 -0.196472 0.012216 -0.078188 -0.128584 -0.411840 0.101462 -0.052643 -0.078046 -0.060092 -0.029706 -0.086742 0.424189 -0.056493 0.049412 -0.149277 0.152614 0.430586 0.047675 -0.192520 -0.076689 -0.505587 -0.016154 0.210184 -0.004528 -0.194225 -0.186456 -0.352806 -0.033373 -0.118497 -0.205283 -0.044615 -0.159038 -0.000361 -0.174359 -0.400405 -0.339813 -0.366435 -0.330049 -0.290001 -0.044098 0.616315 0.014518 -0.120016 0.089546 0.208814 0.548712 0.406825 0.107323 -0.059654 0.087840 0.152026 0.041145 -0.101846 0.084904 -0.026407 0.010064 0.092250 -0.049054 -0.034443 -0.228101 -0.034435 -0.279757 -0.276252 -0.258205 0.331331 -0.149632 -0.167031 -0.280582 -0.448769 -0.148924 -0.126246 -0.297249 -0.343738
0.403444 0.277192 0.736141 0.370740 0.101088 0.237367 1.000000 0.528825 0.022692 0.245000 -0.116187 0.145765 0.129856 -0.112413 -0.053586 0.063148 -0.256821 -0.300006 0.298675 0.158785 -0.046810 -0.287377 0.188608 0.097375 -0.064378 -0.146031 0.166906 0.123004 -0.294038 -0.329742 -0.082880 -0.162970 0.354491 0.417226 -0.413436 -0.118128 -0.212748 -0.407335 -0.097523 0.025013 0.124481 -0.053283 -0.394565 -0.196199 -0.061059 -0.105002 -0.360672 -0.336195 0.114104 -0.050573 -0.166223 -0.227604 -0.208305 -0.285163 -0.080114 -0.349816 -0.052072 -0.112369 0.379110 -0.003392 0.482469 0.382083 0.094941 0.029206 0.318908 0.456424 -0.037922 0.007588 -0.248363 -0.266017 -0.262543 -0.327189 -0.139485 -0.381414 -0.136666 -0.279144 -0.266663 -0.408796 -0.340463 -0.336499 -0.356761 -0.364867 -0.120658 0.097749 -0.337485 -0.336130 0.038975 -0.090423 0.178312 -0.063585 0.309844 0.088686 0.387932 0.182918 0.121652 -0.032744 0.087541 0.020287 -0.036962 -0.209866 0.114540 0.226367 -0.206932 -0.187354 -0.164702 -0.375109 -0.277524 0.107381 0.025214 -0.010086 -0.116346 -0.234022 -0.090943 -0.118186 -0.214018 -0.225547
0.243626 0.446315 0.445252 0.585918 0.137190 0.179191 0.528825 1.000000 -0.087513 0.254103 -0.109988 0.406467 -0.007414 0.159132 -0.333489 -0.012672 -0.442844 -0.394807 0.133789 0.322796 -0.049758 -0.108167 0.086928 -0.056631 -0.071749 -0.209428 0.131578 0.095603 -0.343211 -0.145733 0.205571 -0.144038 0.099577 0.310952 -0.346480 -0.176082 -0.449013 -0.255088 -0.213149 -0.108960 0.153042 0.064011 -0.221256 -0.071886 0.035785 0.021997 -0.392989 -0.214349 0.026393 0.030228 -0.127085 -0.062961 -0.300458 -0.260833 -0.125926 -0.286886 0.023893 -0.018896 0.098386 -0.030995 0.172911 0.451366 0.144725 0.054048 0.200970 0.614031 -0.096851 0.038029 -0.272402 -0.133077 -0.338993 -0.220277 -0.201944 -0.248115 -0.340456 -0.236791 -0.296290 -0.197205 -0.223122 -0.173750 -0.359284 -0.355288 -0.339970 -0.029366 -0.477607 0.007031 -0.128872 -0.135267 0.010545 -0.202052 0.041474 -0.347836 0.232620 -0.030364 -0.038478 -0.301417 -0.222447 -0.181227 -0.204313 -0.259188 0.099215 0.009186 -0.138062 -0.379926 -0.286219 -0.360468 -0.238700 -0.093746 -0.021932 -0.173197 -0.255828 -0.295153 -0.086729 -0.127010 -0.354537 -0.293615
-0.084179 -0.368753 -0.123646 -0.013868 0.488176 -0.188797 0.022692 -0.087513 1.000000 -0.070594 0.162955 0.019559 0.065439 0.347135 0.287734 0.145207 0.253389 0.236409 -0.328321 -0.415628 0.010555 -0.036340 0.188376 0.359467 0.159728 -0.190541 -0.049597 -0.003042 0.248023 -0.086659 -0.111406 0.108817 -0.159684 -0.114681 0.189875 0.065991 -0.167498 0.000208 0.217419 0.137402 -0.144543 -0.246415 -0.132395 -0.164505 -0.093586 -0.072990 0.017491 -0.066150 0.010483 -0.144211 0.187460 -0.105005 -0.003371 -0.042685 0.120239 0.072280 0.023158 -0.196656 0.048173 -0.186036 0.300857 0.085755 0.085011 0.013806 0.135124 -0.094487 -0.211571 0.014435 -0.104953 -0.045354 0.137751 0.117013 0.060974 0.045256 0.013310 -0.068528 0.025195 -0.031621 0.123395 -0.102937 0.092963 -0.237267 0.164609 0.020753 0.048366 -0.010203 -0.096855 0.067184 0.219462 0.136741 0.160720 0.281733 0.271158 0.274511 0.112839 0.254569 0.226392 0.034317 0.151635 0.141369 -0.031732 0.079915 -0.119767 0.045091 -0.184233 0.095407 -0.056961 0.221752 0.109379 -0.088807 0.058069 0.018279 0.072186 0.058390 -0.031046 0.047902
0.444929 0.037717 0.412134 0.407474 0.471831 0.754150 0.245000 0.254103 -0.070594 1.000000 -0.404595 -0.142537 -0.148835 -0.111735 0.055666 0.677998 -0.274809 -0.100968 0.297336 0.218740 0.681647 0.518033 0.061470 -0.016147 0.454315 0.431823 0.737911 0.612780 -0.125582 0.102744 -0.054519 -0.292738 -0.220209 -0.231553 -0.183437 -0.282214 0.131418 0.013397 0.011415 0.335388 0.271942 0.556192 -0.139354 -0.224722 0.005221 -0.125978 -0.072844 -0.375786 0.050347 -0.013063 -0.117463 0.027658 0.166831 0.057524 0.446524 0.040041 -0.071304 -0.376018 0.056995 0.427360 -0.011690 -0.175770 -0.042054 -0.451899 -0.023106 0.078584 -0.079682 -0.296577 -0.357488 -0.324081 0.279382 0.074642 0.046931 0.152321 -0.081397 0.062946 -0.185468 -0.411026 -0.307171 -0.231258 -0.270077 -0.251712 -0.278415 0.495853 -0.099614 -0.105883 -0.071037 0.081505 0.418519 0.459737 0.011976 -0.211103 0.004505 0.077210 0.026831 -0.185635 -0.061586 -0.096763 -0.068476 -0.039172 -0.054205 -0.141419 -0.336164 -0.186568 -0.263865 -0.304516 -0.162161 0.113782 -0.146334 -0.131751 -0.388675 -0.426250 -0.170792 -0.369520 -0.317390 -0.383513
-0.243678 -0.244756 -0.228742 -0.234930 -0.209529 -0.525091 -0.116187 -0.109988 0.162955 -0.404595 1.000000 0.193051 0.526357 0.356054 -0.055643 -0.229260 0.283829 0.240391 -0.326474 -0.373156 -0.257066 -0.092051 -0.028828 0.111016 -0.229717 -0.307561 -0.461236 -0.389649 0.323894 0.284631 0.176255 0.367173 -0.173882 -0.079537 0.192537 0.186929 -0.104634 -0.258782 -0.160112 -0.468070 -0.469352 -0.388514 0.110155 0.028337 -0.097200 -0.073109 0.060145 0.036902 -0.013138 -0.124956 0.213217 0.005758 -0.020163 -0.158876 -0.263676 -0.150547 -0.078884 -0.124539 0.015722 -0.259994 0.079836 0.138612 0.143508 0.358829 0.243289 -0.092212 0.027224 0.050060 0.159060 0.089899 0.263215 0.353473 0.253109 0.278685 0.235237 0.297562 0.093362 0.228246 0.153608 0.277370 0.154502 0.197048 0.014470 -0.492738 0.060781 0.002151 0.059612 -0.188893 -0.324598 -0.130390 -0.138687 0.012917 -0.030003 -0.127976 0.079680 0.054086 -0.257173 -0.057423 -0.175523 -0.300731 -0.045450 0.256085 0.123045 0.030887 0.258005 0.165513 0.417863 -0.191711 0.040692 0.070288 0.067584 0.074675 0.128115 -0.065844 0.239153 0.197757
-0.179807 0.178039 -0.017667 0.163194 -0.030294 -0.341300 0.145765 0.406467 0.019559 -0.142537 0.193051 1.000000 0.261841 0.479483 -0.274467 -0.173410 -0.007779 0.250150 -0.054724 0.059497 -0.294698 -0.420771 -0.013910 -0.118249 -0.178976 -0.378107 -0.176160 -0.275264 0.079889 -0.088699 0.221265 0.091388 -0.105950 0.022155 -0.098534 0.028426 -0.199839 -0.220089 -0.222826 -0.315228 0.239748 -0.173093 0.011326 0.075728 -0.044031 0.082972 -0.162768 0.047341 -0.082933 0.001361 -0.067546 0.060004 -0.043451 -0.007658 -0.357008 -0.054368 -0.067281 0.002777 0.037012 -0.252673 0.089356 0.416401 0.138748 0.372090 0.079369 0.333184 -0.207954 -0.085003 -0.107917 0.009328 -0.146356 -0.160475 -0.118590 -0.256078 -0.219543 -0.293786 -0.176060 0.046289 0.024118 0.122620 0.022664 -0.051943 -0.209993 -0.215639 -0.329436 0.024592 -0.112015 -0.234578 -0.322453 -0.214754 0.027535 -0.028732 0.118425 -0.062317 -0.069613 -0.108865 -0.192271 -0.104236 -0.017758 -0.088904 0.170164 -0.015059 0.072077 -0.200531 0.034553 -0.136646 0.020810 -0.204852 -0.023901 -0.015759 -0.094742 -0.020803 0.058199 -0.012354 -0.067031 0.108151
-0.171764 -0.029707 0.091352 0.016880 -0.181112 -0.229260 0.129856 -0.007414 0.065439 -0.148835 0.526357 0.261841 1.000000 0.221272 -0.164216 -0.121358 -0.166051 0.193678 -0.180952 -0.216055 -0.171149 -0.155597 0.019067 0.076484 0.006905 -0.133087 -0.322984 -0.348791 0.084640 -0.003596 0.079648 0.247068 -0.032124 0.006504 0.010955 0.158986 -0.102149 -0.376061 -0.160657 -0.393848 -0.235753 -0.276548 0.131395 0.210370 0.094467 0.169580 -0.067822 0.064724 0.229740 0.113098 0.042620 0.279946 -0.008981 -0.008039 -0.167528 -0.136224 -0.305931 -0.167808 0.190306 0.058763 -0.119331 0.065895 -0.090728 0.143020 0.031870 0.017764 0.060705 0.118961 0.033869 -0.162148 0.125799 0.256007 0.189935 0.141748 0.076900 0.159379 -0.092320 -0.027646 -0.266172 0.384592 0.013216 0.228928 -0.033039 -0.254326 -0.024133 -0.311048 0.002255 -0.087497 -0.239439 -0.164723 0.132530 0.138760 0.058023 0.188632 0.005691 -0.147952 -0.220301 -0.058593 -0.062509 -0.307075 0.153710 0.382015 0.239067 0.019742 0.269936 -0.060215 0.357095 -0.193414 -0.143428 0.053754 0.009676 -0.096144 -0.131113 0.003850 0.111514 0.193559
-0.435063 -0.267375 -0.316208 -0.175111 0.130917 -0.273389 -0.112413 0.159132 0.347135 -0.111735 0.356054 0.479483 0.221272 1.000000 0.013170 0.010728 0.452509 0.380631 -0.413879 -0.314344 0.024201 -0.212583 -0.264442 -0.211787 -0.254599 -0.451738 -0.134465 -0.242362 0.522016 0.392189 0.166046 0.011621 -0.411582 -0.272580 0.085449 -0.093012 -0.022463 -0.241954 0.046519 -0.167816 -0.068686 -0.113030 0.143298 0.034843 0.006431 0.029541 0.009609 0.001561 0.066100 0.004438 0.085172 0.179096 0.086735 0.027387 -0.143362 0.024722 -0.225252 -0.295285 0.106669 -0.035879 0.176947 0.342065 0.178828 0.375531 0.192278 -0.051357 -0.043471 -0.094239 0.031089 0.003445 0.237674 0.120391 0.188060 0.195514 -0.142922 -0.098372 -0.234670 0.089432 0.216685 0.002793 0.367846 0.068246 0.088151 -0.244649 -0.185838 0.012298 -0.160307 -0.128379 -0.192999 -0.032241 0.082564 0.018648 0.110059 0.028334 0.172604 0.165026 -0.040335 0.118237 0.123522 -0.042844 0.083036 0.091211 0.123421 -0.038229 -0.035494 -0.050418 0.108396 -0.029945 0.050672 0.141375 -0.073626 -0.003237 0.218786 0.032104 -0.109299 0.068599
-0.062315 -0.271089 0.050760 -0.083852 0.026651 0.191210 -0.053586 -0.333489 0.287734 0.055666 -0.055643 -0.274467 -0.164216 0.013170 1.000000 0.419405 0.409375 0.006665 0.079616 -0.172195 0.162395 0.273688 0.115933 0.309408 0.203296 0.340650 0.111553 0.191434 0.273447 0.138132 -0.295442 -0.104898 -0.044140 -0.102161 0.136302 0.131833 0.345072 0.001467 0.377736 0.182542 -0.172489 -0.143041 -0.325129 -0.347972 -0.325807 -0.245499 -0.137363 -0.348834 -0.176930 -0.381144 0.089486 -0.376391 -0.089517 -0.143810 0.139570 -0.118391 -0.335558 -0.078948 -0.138737 -0.166720 0.084306 -0.294279 -0.323542 -0.361381 0.244919 -0.056501 -0.324515 -0.224223 -0.103288 -0.136961 0.130324 0.007595 0.100987 0.243972 0.219584 0.268729 0.197701 0.079660 0.151432 -0.158403 0.142616 -0.082284 0.530993 0.365464 0.439635 0.136500 0.176753 0.360445 0.359569 0.205419 -0.006587 0.248333 0.161505 0.322253 0.246628 0.398241 0.291038 0.176934 0.049070 0.104843 -0.076976 0.080057 0.215014 0.406239 0.164640 0.064510 -0.027069 0.234316 0.246895 0.150757 0.038903 -0.129114 -0.003151 0.227091 0.257226 0.017687
0.305681 0.041608 0.210229 0.252555 0.369857 0.559512 0.063148 -0.012672 0.145207 0.677998 -0.229260 -0.173410 -0.121358 0.010728 0.419405 1.000000 0.110756 -0.106920 0.317528 0.196777 0.631105 0.588299 -0.132854 0.021433 0.468569 0.471127 0.581097 0.460795 0.164813 0.385182 -0.109401 -0.307972 -0.171831 -0.248911 -0.221742 -0.303230 0.341684 0.112389 0.158200 0.298194 0.229691 0.251871 -0.287565 -0.377614 -0.169790 -0.289073 0.125332 -0.377306 -0.105640 -0.130172 -0.190457 -0.172841 0.141639 -0.017737 0.448054 0.138610 -0.190564 -0.305644 -0.024496 0.297229 0.027544 -0.229510 -0.127967 -0.295851 -0.102159 -0.002974 -0.341765 -0.556039 -0.358514 -0.391349 0.396007 -0.000737 0.294472 0.371914 0.341830 0.304979 0.002113 -0.333510 -0.049296 -0.226452 0.011158 -0.210345 0.142322 0.533814 0.018569 -0.152650 0.125002 0.256273 0.392687 0.526754 -0.114577 -0.120598 -0.006276 0.006711 0.204814 0.115838 0.224866 0.058854 0.106804 0.146853 -0.130648 -0.179571 -0.268510 -0.010273 -0.125158 -0.171432 -0.142642 0.132102 0.103434 -0.028535 -0.277865 -0.248633 -0.065383 -0.253478 -0.036557 -0.307955
-0.522931 -0.533978 -0.427324 -0.493057 -0.037241 -0.322125 -0.256821 -0.442844 0.253389 -0.274809 0.283829 -0.007779 -0.166051 0.452509 0.409375 0.110756 1.000000 0.435631 -0.327816 -0.396277 -0.009857 -0.133077 -0.248013 -0.129518 -0.353810 -0.264500 -0.156758 -0.133825 0.670836 0.432826 -0.091992 0.009170 -0.357568 -0.351818 0.342854 0.195730 0.351334 0.020890 0.177183 -0.103378 -0.162872 -0.181220 0.089516 -0.057226 -0.172839 -0.116422 0.209237 0.042732 -0.154211 -0.171544 0.177838 -0.042896 0.226962 0.079175 -0.130459 0.075600 -0.217784 -0.147578 -0.139191 -0.225477 0.174116 -0.005391 -0.010920 0.254119 0.209178 -0.379716 -0.176118 -0.086061 0.112510 0.220066 0.322715 0.096957 0.216852 0.232230 0.139237 -0.026729 0.013289 0.239819 0.461449 -0.064072 0.526584 0.163953 0.497924 -0.162007 0.242377 0.067371 0.126339 0.086291 -0.099434 0.037303 0.109896 0.248576 0.119389 -0.072937 0.240627 0.541740 0.291031 0.289608 0.257849 0.127902 -0.033991 -0.061421 0.181234 0.199618 0.235892 0.230450 0.096758 0.121875 0.323684 0.271351 0.128340 0.297897 0.340531 0.126155 0.233254 0.203444
-0.367535 -0.682038 -0.379656 -0.428689 0.078770 -0.301645 -0.300006 -0.394807 0.236409 -0.100968 0.240391 0.250150 0.193678 0.380631 0.006665 -0.106920 0.435631 1.000000 -0.518338 -0.500264 0.026687 -0.041946 0.056513 -0.010072 -0.168485 -0.218661 -0.064961 -0.119695 0.642537 0.214223 -0.006196 0.203791 -0.532393 -0.413141 0.515396 0.230171 0.103137 -0.073303 0.193065 0.038014 -0.029528 -0.051193 0.270052 0.128313 -0.013309 0.030819 0.143350 0.156250 0.062360 -0.032014 0.201279 0.237966 0.193773 0.272392 0.012202 0.251973 -0.136673 -0.340562 -0.165799 -0.231556 0.054249 -0.073926 0.059637 0.180586 0.193784 -0.413335 -0.101280 0.085873 -0.038375 0.144406 0.370132 0.442944 0.243834 0.205131 -0.088102 -0.038732 -0.049881 0.043709 0.223625 0.338209 0.294027 0.273709 -0.068965 -0.142678 0.094222 0.019157 -0.198364 -0.013393 -0.122577 0.081050 0.092633 0.240952 0.014847 0.174483 0.004770 0.196014 0.009142 0.100863 0.077439 0.075397 0.086791 0.031422 0.206564 0.118425 0.022548 0.195176 0.307930 0.071370 0.009392 0.145585 0.075130 0.185043 0.256457 0.018494 0.140004 0.360181
0.564272 0.690877 0.500333 0.551947 -0.141681 0.404756 0.298675 0.133789 -0.328321 0.297336 -0.326474 -0.054724 -0.180952 -0.413879 0.079616 0.317528 -0.327816 -0.518338 1.000000 0.786988 0.123863 0.117094 -0.069004 0.049307 0.329908 0.429600 0.365985 0.207595 -0.391668 -0.193538 -0.154209 -0.266102 0.424913 0.223165 -0.527530 -0.247361 0.209905 0.113935 -0.302458 0.170781 0.216108 0.158088 -0.370164 -0.327775 -0.276989 -0.341545 -0.152082 -0.351727 -0.297163 -0.246248 -0.347096 -0.320000 -0.059727 -0.112448 -0.024502 -0.242825 0.069647 0.275913 0.250426 0.377142 -0.081905 -0.033243 -0.199725 -0.294604 -0.317010 0.335771 0.026725 -0.373523 0.090376 -0.179223 -0.109915 -0.579063 -0.202086 -0.144188 0.246248 0.068524 0.239665 -0.150937 -0.031257 -0.168181 -0.063948 -0.230769 -0.039853 0.360132 -0.084741 -0.267696 0.036045 -0.069601 0.214715 0.113260 -0.096778 -0.194362 -0.146125 -0.152784 -0.197263 -0.108532 -0.092302 -0.238937 -0.127392 -0.064448 -0.144106 -0.227990 -0.369191 -0.097347 -0.037234 -0.219099 -0.333229 -0.073709 -0.081195 -0.196229 -0.320032 -0.320232 -0.325824 -0.181305 -0.031881 -0.387293
0.378991 0.784677 0.268879 0.484116 -0.131702 0.282352 0.158785 0.322796 -0.415628 0.218740 -0.373156 0.059497 -0.216055 -0.314344 -0.172195 0.196777 -0.396277 -0.500264 0.786988 1.000000 0.115709 0.076495 -0.269183 -0.231203 0.198029 0.292834 0.321886 0.083370 -0.312303 -0.074862 -0.075731 -0.391921 0.382500 0.200328 -0.497508 -0.311285 0.079554 0.202389 -0.286169 0.093604 0.303034 0.206684 -0.212931 -0.189913 -0.038758 -0.152576 -0.095238 -0.104596 -0.267544 0.014650 -0.510884 -0.150671 -0.104666 -0.001741 -0.114573 -0.119023 0.098893 0.319471 0.073981 0.329825 -0.245156 0.038210 -0.111139 -0.140047 -0.444490 0.284665 0.116313 -0.195478 0.114383 0.110506 -0.188811 -0.518991 -0.051795 -0.064999 0.175309 0.002219 0.220201 -0.066888 -0.045388 -0.059990 -0.088548 -0.131539 -0.189885 0.307893 -0.289666 -0.105628 -0.148213 -0.170608 -0.069958 -0.066561 -0.206537 -0.392592 -0.276560 -0.206259 -0.400532 -0.341618 -0.147607 -0.401478 -0.162215 -0.003790 -0.113527 -0.233805 -0.247109 -0.151429 -0.099930 -0.070770 -0.306058 -0.234860 -0.083243 -0.372602 -0.350815 -0.156211 -0.211575 -0.103801 -0.017067 -0.225898
0.158500 -0.111770 0.085459 0.156637 0.483320 0.480863 -0.046810 -0.049758 0.010555 0.681647 -0.257066 -0.294698 -0.171149 0.024201 0.162395 0.631105 -0.009857 0.026687 0.123863 0.115709 1.000000 0.579623 -0.070937 -0.012096 0.421927 0.407632 0.655332 0.461876 0.114853 0.371433 0.131774 -0.209098 -0.371488 -0.364011 -0.115532 -0.379276 0.336018 0.156707 0.203440 0.334101 0.187202 0.478750 -0.060655 -0.344036 -0.152193 -0.280424 0.209874 -0.274291 -0.092167 -0.064335 -0.119987 -0.027151 0.385369 0.004475 0.547580 0.224563 -0.110216 -0.361805 0.000855 0.497711 -0.172680 -0.286898 -0.077973 -0.339190 -0.137370 -0.229324 0.132804 -0.198197 -0.205857 -0.163417 0.619714 0.202360 0.310698 0.321231 0.129564 0.174935 -0.232088 -0.231056 -0.205282 -0.179053 -0.062046 -0.035622 -0.112977 0.347680 0.104063 0.035346 -0.097001 0.070086 0.303433 0.488522 -0.245439 -0.359381 -0.180566 -0.042248 0.020566 -0.025749 0.015452 -0.028262 -0.028094 0.100635 -0.160393 -0.169679 -0.254745 -0.073347 -0.205543 -0.109084 -0.037819 0.040136 -0.104373 -0.083705 -0.224797 -0.228485 -0.070862 -0.479984 -0.189637 -0.284613
0.258848 -0.111162 -0.010966 0.183145 0.255884 0.472326 -0.287377 -0.108167 -0.036340 0.518033 -0.092051 -0.420771 -0.155597 -0.212583 0.273688 0.588299 -0.133077 -0.041946 0.117094 0.076495 0.579623 1.000000 0.127984 0.200281 0.488699 0.630998 0.461472 0.512494 0.107508 0.335024 0.024881 0.067855 -0.231597 -0.263768 0.036411 -0.228554 0.215345 0.237821 0.229709 0.306851 -0.095127 0.322462 -0.161839 -0.302626 -0.208006 -0.308594 0.185673 -0.289832 -0.138139 -0.206044 -0.004826 -0.204405 0.112212 -0.085240 0.512202 0.136174 -0.044605 -0.227991 -0.220576 0.198708 -0.222822 -0.424547 -0.074825 -0.368946 -0.144383 -0.136480 -0.144799 -0.302395 -0.203132 -0.142249 0.386278 0.420092 0.338688 0.547460 0.256719 0.554786 0.175887 -0.155270 -0.128766 0.013525 -0.194999 -0.108368 -0.116169 0.411212 0.186592 0.131452 0.075783 0.263501 0.440005 0.494910 -0.374419 -0.261435 -0.238714 -0.019096 0.000744 -0.079524 -0.044648 -0.082438 -0.197659 0.031946 -0.339150 -0.202188 -0.215612 0.030855 -0.169318 -0.025702 0.102331 0.083578 -0.100512 -0.110949 -0.291386 -0.208665 -0.153954 -0.226550 0.014304 -0.207896
0.228741 -0.263243 0.447659 0.273932 0.202315 0.080488 0.188608 0.086928 0.188376 0.061470 -0.028828 -0.013910 0.019067 -0.264442 0.115933 -0.132854 -0.248013 0.056513 -0.069004 -0.269183 -0.070937 0.127984 1.000000 0.714048 0.272931 0.167320 0.048179 0.244870 -0.289844 -0.534590 0.166307 0.521966 -0.014659 0.225768 0.204593 0.271518 -0.314605 -0.202359 0.034068 0.027048 -0.202536 -0.036424 -0.275826 -0.131474 -0.262795 -0.128712 -0.308306 -0.195325 -0.091346 -0.376104 0.440096 -0.339250 -0.163828 -0.220614 0.070684 -0.358772 0.084069 -0.086345 -0.186333 -0.357415 0.080360 -0.174311 0.081853 -0.320661 0.442642 0.183201 -0.230033 0.293019 -0.193229 -0.036882 -0.173119 0.170471 -0.297379 -0.284044 -0.287972 -0.034936 -0.084918 0.004141 -0.259118 -0.080960 -0.482527 -0.198649 -0.158823 0.033594 0.268358 0.295443 0.088767 0.080427 0.304405 -0.009648 -0.126125 0.069680 0.087557 0.137921 -0.022755 -0.058041 -0.211748 -0.132810 -0.375425 -0.174429 -0.139089 -0.003006 -0.054285 -0.020953 -0.183056 -0.029009 0.071857 0.131529 -0.133273 -0.152757 0.075007 -0.278206 -0.167094 -0.046110 0.094094 -0.066370
0.289344 -0.213807 0.291757 0.353295 0.186235 0.011282 0.097375 -0.056631 0.359467 -0.016147 0.111016 -0.118249 0.076484 -0.211787 0.309408 0.021433 -0.129518 -0.010072 0.049307 -0.231203 -0.012096 0.200281 0.714048 1.000000 0.375132 0.244592 0.058786 0.177493 -0.191942 -0.371267 -0.115526 0.442824 0.004447 0.156522 0.196016 0.259188 -0.196755 -0.059597 0.076618 0.118663 -0.259008 -0.233942 -0.404289 -0.363830 -0.406633 -0.345277 -0.284464 -0.409425 -0.197256 -0.496520 0.284350 -0.405095 -0.121551 -0.263564 0.244848 -0.338468 0.027110 -0.133798 -0.085269 -0.286311 0.176581 -0.211853 -0.103083 -0.343594 0.313811 0.193740 -0.222867 0.107555 -0.179593 -0.245589 0.003783 0.224228 -0.168333 -0.037659 0.003747 0.251321 0.126312 -0.041409 -0.066992 -0.082425 -0.199684 -0.292389 0.004032 0.144383 0.295478 0.214724 0.034170 0.130489 0.430581 0.152795 -0.127740 0.176016 0.153399 0.289283 0.141164 0.093192 -0.030271 -0.052906 -0.323161 -0.250437 -0.079442 0.098037 -0.047258 0.145587 -0.036536 0.010062 0.026351 0.239883 -0.024225 -0.100347 0.021937 -0.330042 -0.235553 -0.030658 0.060673 -0.202863
0.378613 0.106498 0.217984 0.332325 0.349146 0.435774 -0.064378 -0.071749 0.159728 0.454315 -0.229717 -0.178976 0.006905 -0.254599 0.203296 0.468569 -0.353810 -0.168485 0.329908 0.198029 0.421927 0.488699 0.272931 0.375132 1.000000 0.786987 0.377430 0.360013 -0.203326 -0.068646 -0.065925 0.066803 0.059393 -0.023953 -0.076809 -0.064589 0.103887 0.108561 -0.010689 0.192183 -0.018086 0.129191 -0.184505 -0.211142 -0.106356 -0.130778 -0.006261 -0.264776 -0.008157 -0.158831 0.111782 -0.063420 0.015859 0.088474 0.268661 -0.079737 -0.030977 -0.179570 -0.154273 0.151305 -0.246566 -0.460234 -0.186815 -0.435296 -0.135571 0.017190 -0.118929 -0.127482 -0.132494 -0.288466 0.119984 -0.003659 0.054836 0.103223 0.198610 0.196325 0.144606 -0.127139 -0.174929 0.055842 -0.084315 -0.093748 -0.083473 0.397511 0.235029 0.080830 0.015167 0.017108 0.191949 0.163125 -0.190738 -0.166750 -0.138484 0.057636 -0.145128 -0.246025 -0.094970 -0.220304 -0.229580 -0.013662 -0.138613 -0.027804 -0.186410 0.094421 -0.031625 -0.047897 -0.066355 0.038218 -0.264332 -0.204431 -0.162600 -0.374180 -0.390119 -0.068700 0.091026 -0.261654
0.383030 0.120078 0.220887 0.258879 0.026360 0.489892 -0.146031 -0.209428 -0.190541 0.431823 -0.307561 -0.378107 -0.133087 -0.451738 0.340650 0.471127 -0.264500 -0.218661 0.429600 0.292834 0.407632 0.630998 0.167320 0.244592 0.786987 1.000000 0.373868 0.388385 -0.153460 0.019599 -0.114641 -0.004800 0.099491 -0.054886 -0.020381 -0.023536 0.259589 0.199227 0.046192 0.225538 -0.074529 0.193134 -0.268647 -0.265776 -0.179810 -0.220601 0.023069 -0.300200 -0.058857 -0.233246 -0.007677 -0.146761 -0.045220 -0.002686 0.333701 -0.091423 -0.080450 -0.092129 -0.159988 0.186970 -0.313933 -0.580747 -0.293434 -0.453292 -0.163990 0.007065 -0.072935 -0.153314 -0.048295 -0.192387 0.089966 0.026284 0.082995 0.229966 0.274132 0.376777 0.269184 -0.122437 -0.130266 -0.007746 -0.075796 -0.070322 -0.055963 0.465597 0.264482 0.087954 0.064807 0.100002 0.285922 0.245850 -0.248764 -0.188862 -0.203656 0.089686 -0.133158 -0.207383 -0.026037 -0.204103 -0.275725 -0.012864 -0.115556 -0.051901 -0.074946 0.208834 0.106850 0.056489 -0.064547 0.075912 -0.169521 -0.115303 -0.117522 -0.356380 -0.414369 -0.012445 0.195865 -0.185677
0.408196 0.095637 0.344782 0.421066 0.559449 0.800388 0.166906 0.131578 -0.049597 0.737911 -0.461236 -0.176160 -0.322984 -0.134465 0.111553 0.581097 -0.156758 -0.064961 0.365985 0.321886 0.655332 0.461472 0.048179 0.058786 0.377430 0.373868 1.000000 0.761598 -0.142058 -0.055113 -0.253726 -0.465860 -0.224911 -0.260764 -0.173902 -0.317850 0.201791 0.124180 0.217957 0.599675 0.431677 0.508251 -0.190302 -0.293400 -0.067647 -0.195058 0.009120 -0.383554 -0.014577 -0.076036 -0.116117 -0.076844 0.162241 -0.034776 0.500875 0.114600 0.057813 -0.189896 0.093321 0.449532 0.038551 -0.145972 0.009794 -0.433428 -0.112139 0.166354 -0.003198 -0.220923 -0.241002 -0.275860 0.175052 -0.106376 -0.071282 -0.038118 -0.128223 -0.068824 -0.241384 -0.445189 -0.257454 -0.313710 -0.221859 -0.336585 -0.096931 0.582282 -0.028251 -0.106323 -0.061436 0.061247 0.521550 0.511254 -0.003512 -0.120005 -0.019791 0.127515 -0.010348 -0.074106 0.092556 -0.071129 0.040765 0.126692 -0.059894 -0.111494 -0.296951 -0.123157 -0.340229 -0.208571 -0.214905 0.241367 -0.110778 -0.236860 -0.310056 -0.301871 -0.060404 -0.289542 -0.280481 -0.313178
0.393004 -0.063742 0.358733 0.341246 0.591485 0.771052 0.123004 0.095603 -0.003042 0.612780 -0.389649 -0.275264 -0.348791 -0.242362 0.191434 0.460795 -0.133825 -0.119695 0.207595 0.083370 0.461876 0.512494 0.244870 0.177493 0.360013 0.388385 0.761598 1.000000 -0.220322 -0.175780 -0.253246 -0.234120 -0.229110 -0.195997 -0.025315 -0.122056 0.105498 0.048454 0.279379 0.499108 0.221338 0.442977 -0.252107 -0.204220 -0.118803 -0.104604 -0.061582 -0.334587 0.018731 -0.171587 0.133480 -0.165000 0.029143 -0.206813 0.436302 0.023675 0.108181 -0.187456 0.000947 0.230402 0.062629 -0.215960 -0.079668 -0.437934 0.071365 0.103978 -0.088415 -0.058879 -0.262032 -0.209815 0.015454 0.045504 -0.192142 -0.083265 -0.203911 -0.087132 -0.179273 -0.323707 -0.239520 -0.314776 -0.335679 -0.352541 -0.034253 0.494384 0.150680 -0.015586 0.209387 0.227697 0.619839 0.439543 0.072633 -0.038465 0.100351 0.109207 0.059956 -0.028296 0.152176 0.029115 0.036005 0.130629 -0.146262 -0.067258 -0.249020 -0.008924 -0.297110 -0.212498 -0.238161 0.433768 -0.044740 -0.166369 -0.074990 -0.273504 -0.086681 -0.144353 -0.244373 -0.221333
-0.423069 -0.583833 -0.464403 -0.474240 -0.033645 -0.319054 -0.294038 -0.343211 0.248023 -0.125582 0.323894 0.079889 0.084640 0.522016 0.273447 0.164813 0.670836 0.642537 -0.391668 -0.312303 0.114853 0.107508 -0.289844 -0.191942 -0.203326 -0.153460 -0.142058 -0.220322 1.000000 0.606226 -0.002874 0.058686 -0.465224 -0.442712 0.392348 0.065028 0.272822 -0.021054 0.256257 -0.077983 -0.149268 -0.137472 0.148391 -0.044800 -0.077867 -0.115619 0.238055 0.115156 -0.107522 -0.057287 -0.048600 0.077297 0.195741 0.192368 -0.028863 0.220895 -0.339924 -0.434585 -0.215921 -0.177407 0.075973 -0.071141 0.042310 0.218577 0.125338 -0.437715 -0.182026 -0.102501 -0.043106 0.202282 0.519898 0.330751 0.662371 0.516275 0.257056 0.190294 0.115432 0.052029 0.386010 0.168727 0.471740 0.215011 0.168739 -0.076544 0.103539 0.122951 -0.111265 0.080551 -0.204652 0.067331 -0.013808 0.052043 0.017251 0.022624 0.085844 0.273002 0.109884 0.115732 0.140756 0.104545 -0.021814 -0.073093 0.198667 0.113584 0.019443 0.237808 0.231265 0.008207 0.259914 0.146746 -0.085388 0.214550 0.314734 -0.012517 0.165337 0.259852
-0.317213 -0.207430 -0.434571 -0.357188 -0.020215 -0.151017 -0.329742 -0.145733 -0.086659 0.102744 0.284631 -0.088699 -0.003596 0.392189 0.138132 0.385182 0.432826 0.214223 -0.193538 -0.074862 0.371433 0.335024 -0.534590 -0.371267 -0.068646 0.019599 -0.055113 -0.175780 0.606226 1.000000 0.273550 -0.003210 -0.324939 -0.317978 -0.004531 -0.165598 0.391456 0.061439 -0.037034 -0.201120 -0.056612 0.081010 0.163839 -0.061412 0.015502 -0.101179 0.279313 0.003403 -0.045183 0.113412 -0.117829 0.097076 0.204815 0.108022 0.063936 0.220319 -0.261423 -0.281654 -0.179690 0.079664 -0.125793 -0.104740 -0.000798 0.209251 -0.048527 -0.375705 -0.058435 -0.339829 -0.070789 -0.023049 0.565201 0.287751 0.697530 0.712814 0.442534 0.425379 0.108670 0.117567 0.286917 0.253193 0.410161 0.344611 0.135662 -0.099740 0.003841 -0.003458 0.001319 0.038931 -0.232692 0.106643 -0.269411 -0.280138 -0.238719 -0.218273 0.187170 0.135663 -0.002570 0.169811 0.038705 -0.093408 -0.090069 -0.049663 0.104326 0.029392 0.183097 0.007747 0.246790 -0.243533 0.190973 0.307925 -0.104476 0.156412 0.106912 -0.177253 0.149590 -0.004480
-0.195024 0.005328 -0.024086 -0.055723 -0.023498 -0.323346 -0.082880 0.205571 -0.111406 -0.054519 0.176255 0.221265 0.079648 0.166046 -0.295442 -0.109401 -0.091992 -0.006196 -0.154209 -0.075731 0.131774 0.024881 0.166307 -0.115526 -0.065925 -0.114641 -0.253726 -0.253246 -0.002874 0.273550 1.000000 0.505721 -0.073959 0.149491 -0.143089 -0.055785 -0.119468 -0.067419 -0.188168 -0.427848 0.026476 0.040272 -0.047187 -0.061997 -0.126990 -0.069793 -0.039719 0.065425 -0.273206 -0.076685 0.010693 -0.124712 -0.004479 -0.181278 -0.055425 -0.041774 0.039321 0.024700 -0.173705 -0.136413 -0.242206 -0.012632 0.198018 0.236694 0.057679 0.006150 -0.015344 0.026875 0.037771 0.084852 0.247977 0.150485 0.218557 0.100791 0.079880 0.111207 -0.128680 0.251073 -0.116167 0.141342 -0.121559 0.212152 -0.200918 -0.331806 -0.104577 0.178893 0.057881 -0.088106 -0.287271 -0.054421 -0.466696 -0.417424 -0.339421 -0.355447 0.074204 -0.039606 -0.388071 -0.024828 -0.317394 -0.213808 -0.070305 -0.124438 0.040969 -0.145708 0.038573 0.030238 0.335200 -0.435046 0.051919 0.154599 0.136716 0.004588 -0.093032 -0.245021 0.077261 0.046613
-0.173517 -0.322895 -0.066849 -0.128551 -0.057109 -0.458879 -0.162970 -0.144038 0.108817 -0.292738 0.367173 0.091388 0.247068 0.011621 -0.104898 -0.307972 0.009170 0.203791 -0.266102 -0.391921 -0.209098 0.067855 0.521966 0.442824 0.066803 -0.004800 -0.465860 -0.234120 0.058686 -0.003210 0.505721 1.000000 -0.030956 0.237474 0.229458 0.323005 -0.188617 -0.100801 -0.164640 -0.371792 -0.417220 -0.219927 -0.063057 -0.010092 -0.286258 -0.112547 -0.096985 0.012165 -0.260587 -0.304508 0.322364 -0.217273 -0.027297 -0.121588 -0.112182 -0.265158 -0.012394 -0.045722 -0.272768 -0.392126 -0.134799 -0.180098 0.103015 0.154428 0.292785 -0.166528 -0.133691 0.197798 0.034111 0.073539 0.133240 0.421618 0.122141 0.086414 0.067423 0.193466 0.150849 0.331125 -0.041535 0.262979 -0.089678 0.183956 -0.056342 -0.383781 0.272585 0.200389 0.214487 0.012927 -0.095488 -0.173313 -0.285429 -0.019654 -0.187884 -0.136019 0.074333 0.083625 -0.317853 0.023263 -0.336062 -0.330739 -0.240930 -0.001789 0.088042 0.003998 0.104001 0.071271 0.345410 -0.155010 -0.018540 0.165270 0.130346 -0.024583 -0.153836 -0.076285 0.274137 0.059627
0.264664 0.576345 0.267568 0.094730 -0.350901 -0.005011 0.354491 0.099577 -0.159684 -0.220209 -0.173882 -0.105950 -0.032124 -0.411582 -0.044140 -0.171831 -0.357568 -0.532393 0.424913 0.382500 -0.371488 -0.231597 -0.014659 0.004447 0.059393 0.099491 -0.224911 -0.229110 -0.465224 -0.324939 -0.073959 -0.030956 1.000000 0.799571 -0.436191 -0.120283 -0.082754 -0.075026 -0.207816 -0.075549 -0.001593 -0.216236 -0.248769 0.032036 0.074444 0.055460 -0.234571 -0.022006 0.015438 0.101614 -0.256590 -0.222068 -0.404332 -0.196666 -0.326870 -0.311922 0.124028 0.455992 0.205507 -0.022752 0.063652 0.090108 -0.037061 0.088079 -0.092418 0.261316 0.204828 -0.027387 0.254358 -0.064276 -0.529236 -0.473910 -0.188460 -0.301608 0.170400 -0.044960 0.276454 0.001619 -0.036867 -0.031925 -0.165338 0.016899 0.102553 0.107791 -0.217624 -0.205664 0.112805 0.024020 -0.154857 -0.336436 -0.057901 -0.026290 -0.096348 -0.104750 -0.033381 -0.112057 0.016916 -0.003152 -0.156999 -0.130270 -0.078057 0.152770 -0.124465 0.112926 0.051154 -0.121537 -0.204320 -0.167665 -0.103153 0.087684 0.069004 -0.030860 -0.190513 0.185582 0.129267 -0.053677
0.208201 0.437534 0.368445 0.082413 -0.219778 -0.069506 0.417226 0.310952 -0.114681 -0.231553 -0.079537 0.022155 0.006504 -0.272580 -0.102161 -0.248911 -0.351818 -0.413141 0.223165 0.200328 -0.364011 -0.263768 0.225768 0.156522 -0.023953 -0.054886 -0.260764 -0.195997 -0.442712 -0.317978 0.149491 0.237474 0.799571 1.000000 -0.294402 0.070388 -0.353898 -0.220851 -0.195565 -0.184854 -0.099919 -0.266403 -0.348899 -0.026607 -0.031310 0.024955 -0.439760 -0.100573 -0.084593 -0.040802 -0.101324 -0.281045 -0.440408 -0.305165 -0.308048 -0.472071 0.080273 0.333094 0.061232 -0.250938 0.165734 0.186343 0.066218 0.193722 0.250268 0.366891 0.054185 0.149819 0.125970 -0.130300 -0.457085 -0.270909 -0.183161 -0.340963 -0.011867 -0.116141 0.088420 0.118236 -0.185447 -0.073646 -0.310791 -0.039449 0.056950 -0.100897 -0.168260 -0.102600 0.108997 0.081833 -0.185946 -0.421328 -0.122500 -0.100858 -0.075940 -0.120923 0.155047 -0.046143 -0.049152 0.110769 -0.306410 -0.299370 -0.065637 0.124614 -0.065126 0.054247 0.001020 -0.212911 -0.101968 -0.222638 0.030629 0.190847 0.208780 -0.133001 -0.129379 0.129885 0.102458 -0.121773
-0.316029 -0.661701 -0.304838 -0.327142 -0.029487 -0.230547 -0.413436 -0.346480 0.189875 -0.183437 0.192537 -0.098534 0.010955 0.085449 0.136302 -0.221742 0.342854 0.515396 -0.527530 -0.497508 -0.115532 0.036411 0.204593 0.196016 -0.076809 -0.020381 -0.173902 -0.025315 0.392348 -0.004531 -0.143089 0.229458 -0.436191 -0.294402 1.000000 0.581944 -0.113720 0.027956 0.262142 -0.020924 -0.303125 -0.224742 0.189710 0.060894 0.014038 0.038140 0.101084 0.076329 0.040487 -0.136486 0.374232 0.210951 0.092725 0.189102 0.024979 0.019412 -0.118542 -0.339634 -0.325270 -0.311756 -0.033258 -0.234806 -0.099846 -0.061031 0.299801 -0.282165 -0.039817 0.376807 -0.003791 0.211314 0.142704 0.497664 0.075445 0.177697 -0.107816 0.033409 0.103524 0.176310 0.135267 0.054506 0.083844 0.051605 0.042735 -0.203532 0.354653 0.345155 -0.044266 0.054914 -0.053624 -0.021724 -0.020988 0.151652 0.129332 0.226021 0.020887 0.102794 -0.010352 -0.051393 -0.064133 0.056276 0.173369 0.036100 0.237632 0.120168 0.094626 0.433636 0.287288 0.230112 0.108379 -0.035753 0.191025 0.091594 0.169788 0.154635 0.155916 0.239548
-0.277332 -0.329193 -0.033067 -0.097692 -0.155176 -0.259313 -0.118128 -0.176082 0.065991 -0.282214 0.186929 0.028426 0.158986 -0.093012 0.131833 -0.303230 0.195730 0.230171 -0.247361 -0.311285 -0.379276 -0.228554 0.271518 0.259188 -0.064589 -0.023536 -0.317850 -0.122056 0.065028 -0.165598 -0.055785 0.323005 -0.120283 0.070388 0.581944 1.000000 -0.099986 -0.103872 -0.037449 -0.299251 -0.254237 -0.332959 -0.053088 0.083436 -0.077503 0.158735 -0.331137 -0.034090 -0.063263 -0.238498 0.361472 0.136314 -0.150199 -0.027932 -0.165258 -0.372850 -0.228886 -0.098644 -0.229756 -0.402759 -0.088680 -0.160100 -0.289873 -0.055821 0.307119 0.055171 -0.166675 0.498050 0.125015 0.198193 -0.089632 0.200189 -0.140717 -0.029778 -0.069908 0.004415 0.136667 0.309300 0.029795 0.126149 0.060737 0.093182 0.104442 -0.264826 0.239578 0.107215 0.030359 -0.025607 -0.126397 -0.215264 0.115380 0.220822 0.189415 0.238178 0.030663 0.060757 -0.115686 -0.056094 -0.227997 -0.329478 0.358057 0.285786 0.430552 0.219984 0.378730 0.275316 0.159212 0.097713 0.183457 0.113240 0.383930 -0.010308 -0.151627 0.206849 0.365031 0.247373
