1.000000 0.245443 0.125752 0.085743 0.103445 -0.041430 0.108845 0.036869 0.141747 0.177193 0.204050 0.145002 0.163436 0.066264 -0.003558 -0.051480 0.362901 0.049417 0.108008 0.294166 -0.130461 0.103300 0.037318 0.025914 -0.072812 -0.126015 0.129850 -0.041357 0.188262 0.045612 -0.263854 -0.193945 0.000938 -0.080174 0.031988 -0.042675 -0.166214 -0.271192 -0.234704 -0.109370 -0.127323 -0.061736 -0.053300 -0.153756 -0.103606 -0.087827 -0.080963 -0.287980 -0.146163 -0.128447 -0.107593 -0.195730 -0.050132 -0.314835 -0.088433 -0.267149 0.497834 0.121242 0.115858 0.073063 0.147845 0.247827 0.111674 0.016142 0.071708 -0.079569 0.006751 -0.115234 0.145570 -0.109356 -0.040175 -0.084548 0.105933 0.086175 0.063002 0.006548 -0.022117 -0.124174 0.242431 0.113270 0.261848 0.083035 0.071036 0.215658 0.176953 0.039783 -0.104611 0.023513 0.025256 0.047977 -0.103830 -0.129408 0.076842 0.064142 -0.292688 -0.255653 -0.179835 -0.465968 -0.001583 0.089780 0.183604 -0.029021 -0.157538 -0.070651 -0.106786 -0.317884 -0.259418 -0.356088 -0.240942 -0.234916 -0.252808 -0.187578 0.121421 0.090349 -0.191448 -0.275314
0.245443 1.000000 -0.216123 0.052622 0.061147 -0.034549 -0.231167 0.000562 -0.014940 -0.133115 0.077869 0.061040 -0.026387 -0.027900 -0.062814 -0.108864 -0.011697 0.052451 0.271685 0.478985 0.250322 0.032385 -0.147982 -0.196617 -0.271695 -0.299665 0.271085 0.037130 -0.102141 -0.071425 -0.045397 -0.221030 0.072637 -0.011288 -0.387088 -0.208764 -0.204015 -0.216596 -0.014938 -0.098142 0.060075 0.184788 -0.040110 -0.145771 -0.003377 -0.118301 0.007856 -0.241747 0.270529 0.120944 0.315041 0.354574 0.240979 0.153839 0.120528 -0.120372 0.194876 0.457080 0.239256 0.265744 -0.108958 0.216701 -0.158371 0.322325 -0.234050 -0.120387 0.017611 -0.326020 0.204103 0.248590 0.046434 -0.065244 -0.092194 0.047994 0.017050 0.018434 -0.091251 -0.245800 0.063292 0.195708 -0.095813 0.039331 0.066838 -0.105159 -0.053220 -0.150408 -0.118663 -0.117623 -0.113281 0.119443 -0.164951 -0.232236 -0.041586 -0.205434 -0.107384 -0.194032 -0.107452 -0.097108 -0.143347 -0.274254 0.196199 -0.173743 0.127638 -0.064106 0.059041 -0.084885 0.050232 0.009440 -0.229526 -0.217527 -0.395964 0.005193 -0.101287 -0.231136 -0.146838 -0.100296
0.125752 -0.216123 1.000000 0.163265 0.306464 0.147394 0.565353 0.423115 0.224322 0.095015 0.104050 -0.266553 0.116905 0.034739 0.048722 -0.083915 -0.230825 -0.161026 0.184501 -0.221483 0.042871 0.193959 0.350000 0.219728 0.169496 0.117508 0.186229 0.098439 -0.078048 -0.094142 -0.146239 -0.028488 0.143487 0.027555 0.216165 -0.099265 -0.210150 -0.069713 -0.188375 0.067327 -0.149249 -0.121238 -0.142156 -0.105252 -0.246217 -0.153584 -0.060434 -0.189784 -0.192936 -0.202045 -0.020031 -0.264958 0.049597 -0.290167 -0.041580 -0.070148 -0.173068 -0.221428 0.299563 0.038385 0.362295 0.153641 0.116868 -0.037197 0.288877 0.116879 0.222225 0.176017 -0.150586 -0.323469 -0.175184 -0.095424 -0.097947 -0.179449 -0.273505 -0.231505 -0.221319 -0.273345 -0.046489 -0.113864 -0.010714 -0.062261 0.055069 0.019374 0.200215 -0.062542 0.025062 -0.045413 0.314699 0.200454 -0.199514 0.025521 0.006451 0.308426 -0.071310 -0.105224 -0.183355 -0.160529 -0.044155 -0.065567 -0.003002 0.094507 -0.109622 0.192294 0.044233 -0.321100 -0.226673 -0.290015 -0.017788 0.036627 0.065964 -0.106355 0.145951 0.206224 -0.298938 -0.231179
0.085743 0.052622 0.163265 1.000000 -0.145757 0.008243 0.051962 0.487317 -0.317221 -0.203421 -0.198080 0.249458 -0.184730 -0.172555 -0.112360 -0.190296 -0.236738 -0.015883 0.084626 0.106037 0.028160 0.133677 0.722866 0.674995 0.025638 0.187663 0.146180 0.185272 -0.352459 -0.275348 0.105214 0.215992 0.257126 0.107513 0.239435 0.097157 -0.189990 -0.175032 0.093590 0.184526 -0.040609 -0.110071 -0.145295 -0.270477 -0.363885 -0.262539 -0.244028 -0.160134 -0.167411 -0.268153 0.048009 -0.131007 0.092446 -0.001895 0.136783 0.050141 -0.101224 -0.150523 -0.382128 -0.463595 -0.295314 -0.176928 -0.195970 -0.246248 0.306033 0.212788 -0.558382 -0.114501 0.005347 -0.160844 -0.074390 0.047340 -0.348755 -0.288969 -0.159894 -0.212599 -0.242687 -0.089627 -0.261454 -0.096399 -0.167272 -0.240734 0.316457 0.254143 0.321260 0.416951 0.351334 0.223660 0.468379 0.425223 0.010870 0.045524 0.566158 0.190240 -0.300015 -0.074756 -0.187834 0.041751 -0.088410 0.018244 0.022019 -0.214686 0.084504 0.047336 -0.077499 -0.189029 -0.114927 -0.186382 -0.140339 -0.020109 0.111427 0.155095 0.157295 0.125818 -0.201563 -0.096338
0.103445 0.061147 0.306464 -0.145757 1.000000 0.572922 0.115937 0.089951 0.707349 0.671312 0.248241 -0.166033 -0.039515 0.002453 0.336710 0.428889 -0.145779 -0.167348 -0.035348 -0.201069 0.432497 0.176740 -0.006502 0.088246 0.400302 0.235919 0.477671 0.349686 -0.100145 0.106650 -0.433880 -0.410113 -0.046519 -0.223797 -0.043646 0.017759 -0.313491 0.141990 -0.652795 -0.235130 -0.281031 0.001051 0.068918 -0.055862 -0.055852 -0.137382 0.155093 -0.253207 0.057018 -0.078896 0.371787 0.118655 -0.038088 -0.477023 -0.235471 -0.299887 -0.236219 0.011487 0.474657 0.518151 0.371946 0.550495 -0.023457 0.090826 0.133315 0.044997 0.412794 0.044363 -0.027443 0.072270 0.170506 -0.055933 -0.049630 0.155381 -0.330653 -0.090052 -0.337509 -0.316539 -0.046180 -0.076853 0.021290 -0.067088 -0.384647 -0.109671 0.275246 0.074416 -0.162846 -0.205720 0.117882 0.153900 -0.252245 -0.218536 -0.125890 0.059692 -0.248251 -0.323053 -0.417937 -0.351207 -0.281492 -0.320386 0.254640 -0.020220 0.095102 -0.044752 0.057378 -0.413335 -0.227251 -0.357362 -0.101246 -0.197584 -0.181226 -0.317174 -0.093726 -0.051434 -0.075030 -0.262448
-0.041430 -0.034549 0.147394 0.008243 0.572922 1.000000 -0.288053 -0.079151 0.314833 0.579285 0.113202 -0.211830 -0.207953 -0.253107 0.268115 0.392934 -0.385156 -0.446740 -0.426735 -0.371795 0.412631 0.346523 0.127439 0.103980 0.434841 0.432700 0.598315 0.770808 -0.343080 -0.125503 -0.316983 -0.224118 -0.097908 -0.273667 0.242078 0.015073 -0.093295 0.303089 -0.343167 -0.130639 -0.205039 0.008133 0.111478 -0.009460 -0.181438 -0.122868 0.051323 -0.142016 0.337420 -0.047744 0.537547 0.315606 0.026684 -0.258466 0.052580 -0.144975 -0.254241 -0.075624 0.252978 0.497713 -0.086631 0.180863 -0.096070 -0.116270 0.144691 0.306318 0.353769 0.304052 -0.055166 0.033703 -0.071230 -0.021494 -0.207352 0.055816 -0.462086 -0.212597 -0.314650 -0.090069 -0.182178 -0.206516 -0.140159 -0.290901 -0.426086 -0.219724 0.220969 0.305194 -0.036353 -0.177276 -0.020533 0.246168 -0.369382 -0.253465 0.074247 0.053555 0.092445 -0.188333 0.005519 -0.071178 -0.369884 -0.376118 0.306592 0.002618 0.180378 0.116937 0.328838 -0.257660 -0.248394 -0.280817 0.009562 -0.008688 -0.056683 -0.313403 0.007550 0.059656 0.086724 -0.089943
0.108845 -0.231167 0.565353 0.051962 0.115937 -0.288053 1.000000 0.423419 0.156305 -0.056551 0.125038 0.018673 0.321178 0.367985 0.003774 -0.037685 0.070217 0.141457 0.406991 -0.002074 -0.125430 -0.044001 0.067480 0.044139 -0.094533 -0.125940 -0.216424 -0.332120 0.251981 0.069880 -0.066039 0.056184 0.188103 0.211895 0.015514 -0.058021 -0.126321 -0.095606 -0.056149 0.173376 -0.076607 -0.144458 -0.150819 -0.109640 -0.098349 -0.097058 0.011113 -0.073024 -0.485804 -0.132228 -0.308420 -0.429409 0.042837 -0.111900 -0.337356 0.071417 -0.017706 -0.199511 0.106481 -0.264673 0.544711 0.177270 0.350552 0.106447 0.056508 -0.134240 0.003810 -0.165115 -0.062689 -0.330164 -0.070405 -0.148857 0.175008 -0.141264 0.064751 -0.088594 0.032409 -0.130081 0.016206 -0.071424 0.076960 0.033706 0.237616 0.267531 -0.052227 -0.252414 0.012600 0.048108 0.220926 -0.006999 0.067046 0.089950 -0.008969 0.138983 -0.083314 -0.028901 -0.328625 -0.070572 0.148635 0.179901 -0.159251 0.211833 -0.100741 -0.096041 -0.202619 -0.215725 -0.097500 -0.157650 -0.042851 0.185980 0.175769 0.127648 0.105132 0.168136 -0.166431 -0.049184
0.036869 0.000562 0.423115 0.487317 0.089951 -0.079151 0.423419 1.000000 -0.042074 -0.013757 0.066954 0.145638 0.030015 0.270676 -0.206745 -0.178613 -0.212598 -0.011192 0.120914 -0.120423 0.114924 -0.012046 0.285783 0.290264 -0.104532 0.028250 0.080043 -0.013044 -0.334268 -0.274560 -0.043482 -0.058656 0.153218 0.041064 0.029340 0.082457 -0.362132 -0.231127 -0.109547 0.170491 -0.064148 -0.067745 -0.058730 -0.069305 -0.152063 0.012268 -0.040594 -0.051244 -0.345151 -0.096749 -0.031978 -0.194992 0.089669 -0.107129 -0.107957 0.052963 -0.004088 -0.145246 0.003963 -0.181089 0.215557 0.286819 -0.145692 0.062014 0.328220 0.420635 -0.201393 0.062179 -0.218531 -0.261518 -0.185668 -0.111493 -0.283587 -0.386196 -0.342533 -0.284787 -0.309670 -0.383423 -0.154666 -0.223794 -0.156027 -0.228111 0.232866 -0.039090 0.186713 0.027079 0.094916 -0.053926 0.331559 0.403258 0.160693 0.032814 0.374257 0.186874 -0.223185 -0.029314 -0.316419 0.027525 -0.044019 0.021891 -0.054486 -0.062072 -0.021387 0.038366 -0.053830 -0.227118 -0.110164 -0.234385 -0.122167 0.024889 0.071372 0.107862 0.203732 0.040737 -0.193624 -0.072095
0.141747 -0.014940 0.224322 -0.317221 0.707349 0.314833 0.156305 -0.042074 1.000000 0.588533 0.352111 -0.048685 0.246966 0.175154 0.461997 0.347120 0.022324 -0.094768 -0.085526 -0.242509 0.248909 -0.095088 -0.150266 -0.045828 0.167988 -0.047738 0.364357 0.216534 0.211277 0.175069 -0.531617 -0.507506 -0.187378 -0.278352 -0.042793 0.031763 -0.157608 0.250930 -0.531907 -0.248637 -0.153428 0.023353 0.107651 0.035303 -0.008114 -0.038702 0.116580 -0.222964 0.011374 0.008417 0.200789 -0.058002 -0.150675 -0.415164 -0.357581 -0.242903 -0.188612 0.004701 0.384090 0.437204 0.450642 0.497295 0.106904 0.120324 0.163156 0.014252 0.389652 0.104652 -0.044634 0.090201 -0.049020 -0.180296 0.168680 0.202265 -0.143271 0.115255 -0.035545 -0.100457 0.023740 -0.045623 0.047258 -0.099343 -0.524243 -0.188176 0.207003 0.114551 -0.281537 -0.189523 -0.020983 0.014673 -0.079801 -0.092396 -0.109988 0.043984 -0.153051 -0.140955 -0.361235 -0.282100 -0.108468 -0.184990 0.164589 0.188570 -0.083465 -0.002457 0.055972 -0.277825 -0.236937 -0.242308 0.016141 -0.141238 -0.160310 -0.282088 -0.049025 0.018674 -0.050730 -0.093955
0.177193 -0.133115 0.095015 -0.203421 0.671312 0.579285 -0.056551 -0.013757 0.588533 1.000000 0.356945 -0.035415 0.083815 0.100288 0.343185 0.460883 0.021183 -0.231779 -0.356093 -0.311497 0.141585 0.243731 -0.029732 0.057470 0.510237 0.410351 0.206276 0.244515 0.047855 0.147420 -0.382631 -0.309210 -0.112601 -0.166827 0.156149 0.133156 -0.255650 0.134828 -0.634581 -0.305008 -0.424659 -0.276800 0.127956 0.036562 -0.004034 0.029332 0.050965 -0.206710 0.031403 -0.072079 0.257992 0.039584 -0.201771 -0.453194 -0.187990 -0.286116 -0.151466 -0.067265 0.194311 0.467695 0.177921 0.470683 0.000044 -0.098174 0.221322 0.170359 0.348567 0.241232 -0.158435 0.083784 0.213269 0.084221 0.048264 0.199054 -0.404689 -0.014563 -0.239934 -0.145701 0.204689 -0.033470 0.091775 -0.075620 -0.498167 -0.182503 0.189953 0.139673 -0.238263 -0.148868 -0.073911 -0.082739 -0.180346 -0.049759 0.048957 0.143675 -0.146796 -0.282740 -0.092568 -0.368852 -0.233558 -0.164278 0.289656 0.028279 0.047283 0.067959 0.068784 -0.226277 -0.246122 -0.330479 0.021611 -0.331958 -0.241558 -0.339990 -0.104473 0.074279 -0.006592 -0.209850
0.204050 0.077869 0.104050 -0.198080 0.248241 0.113202 0.125038 0.066954 0.352111 0.356945 1.000000 0.183752 0.797325 0.578284 0.380538 0.308750 0.368876 -0.005897 -0.075029 -0.170984 -0.073508 -0.172149 -0.148517 -0.285288 -0.221048 -0.276895 -0.050285 -0.014425 0.331385 0.169312 -0.066777 -0.140863 -0.340124 -0.218947 -0.098260 -0.091050 -0.120922 0.051742 -0.317083 -0.134054 0.029091 0.014940 0.002828 -0.037719 0.059844 0.042039 -0.056184 -0.256166 0.052388 0.036856 0.194726 0.028492 0.037320 -0.055541 -0.307007 -0.174257 -0.063747 -0.086740 0.277140 0.283944 0.422857 0.296344 0.381620 0.199349 0.290432 0.194768 0.237065 -0.099995 -0.236817 -0.072715 -0.159594 0.108065 0.309400 0.051664 -0.070504 0.132063 0.158969 -0.114221 0.353225 -0.139069 -0.212603 -0.115459 -0.058917 -0.228670 -0.128587 -0.085156 -0.361469 -0.303810 -0.243195 -0.029771 -0.212815 -0.084534 -0.032986 0.055987 -0.027608 -0.176710 -0.182923 -0.223041 -0.363986 -0.067182 0.101806 0.068014 0.009708 -0.018029 -0.171714 -0.171352 -0.040235 -0.064646 -0.162174 -0.220360 -0.216326 -0.076848 -0.203310 -0.210058 -0.181525 -0.114387
0.145002 0.061040 -0.266553 0.249458 -0.166033 -0.211830 0.018673 0.145638 -0.048685 -0.035415 0.183752 1.000000 0.208601 0.485537 0.025291 0.146342 0.158055 0.288942 -0.121767 0.070655 -0.140938 -0.172969 0.058299 0.126686 -0.336845 -0.308321 -0.162201 -0.194383 0.141554 0.117165 0.013806 -0.029914 -0.166229 -0.152275 -0.077640 0.003533 0.052479 0.034716 0.017326 0.195128 -0.048633 -0.041687 -0.041340 -0.074217 -0.045764 -0.044869 0.030184 -0.039943 -0.043783 0.029664 -0.099221 -0.008987 0.066585 0.005657 -0.159362 0.000636 0.037178 -0.137264 -0.185053 -0.281883 0.027297 0.127371 -0.062940 -0.058806 0.193739 0.250605 -0.399702 -0.340529 -0.170421 -0.171836 -0.048507 0.072468 -0.137780 -0.213647 0.015849 -0.055134 0.081818 0.075598 -0.099140 0.142062 -0.214249 -0.183754 0.202551 0.420594 0.084650 0.299142 0.122720 0.135701 0.170585 0.078845 0.053015 -0.027713 0.252680 -0.068701 -0.033183 0.180392 -0.191820 0.007015 -0.066767 0.024781 -0.045961 -0.114143 -0.092950 -0.227607 -0.340637 -0.035166 0.073413 0.040497 -0.075531 0.119249 0.072252 0.179812 -0.078551 -0.132394 -0.047999 0.124541
0.163436 -0.026387 0.116905 -0.184730 -0.039515 -0.207953 0.321178 0.030015 0.246966 0.083815 0.797325 0.208601 1.000000 0.636992 0.344458 0.157324 0.392255 0.053661 0.076858 -0.073618 -0.270894 -0.263413 -0.112665 -0.330205 -0.350390 -0.389120 -0.271377 -0.199339 0.496565 0.129154 0.038421 0.032456 -0.206373 -0.044811 -0.088742 -0.035462 -0.074834 -0.014607 -0.085758 -0.087350 0.121725 -0.041750 -0.010502 0.034108 0.123534 0.146085 -0.045367 -0.127452 -0.088822 0.132466 -0.045785 -0.129272 -0.031818 0.042756 -0.310953 -0.064165 -0.046211 -0.140260 0.120138 -0.021557 0.412184 0.079506 0.448038 0.121579 0.188054 0.063797 0.139642 -0.085219 -0.239870 -0.139829 -0.241808 0.018803 0.371024 -0.027224 0.138715 0.171181 0.295777 -0.011265 0.299837 -0.128294 -0.135766 -0.077208 0.088806 -0.112584 -0.200875 -0.161516 -0.337599 -0.239714 -0.267763 -0.174813 -0.085775 0.023109 -0.001467 0.111312 0.033822 -0.056182 -0.163337 -0.149000 -0.178393 0.026288 -0.048170 0.161666 -0.097837 -0.064365 -0.320304 -0.098542 -0.010582 -0.004194 -0.112349 -0.079163 -0.095929 0.038317 -0.109221 -0.180445 -0.255719 -0.027702
0.066264 -0.027900 0.034739 -0.172555 0.002453 -0.253107 0.367985 0.270676 0.175154 0.100288 0.578284 0.485537 0.636992 1.000000 0.079481 0.214558 0.389731 0.422259 0.056703 -0.052127 -0.216150 -0.261385 -0.266826 -0.255102 -0.428264 -0.438464 -0.376357 -0.420682 0.292638 0.185763 -0.121390 -0.146928 -0.328644 -0.199327 -0.237990 -0.059045 -0.041318 -0.031547 -0.139822 0.193883 -0.036447 -0.037576 -0.061951 0.017192 0.160336 0.129097 0.127704 -0.037886 -0.171081 0.113565 -0.169236 -0.179834 0.038441 -0.020298 -0.377121 0.083378 0.095857 -0.069029 0.136801 -0.029741 0.460340 0.291150 0.337680 0.211669 0.130261 0.087624 0.008733 -0.288428 -0.173016 -0.176923 -0.042013 0.185180 0.061475 -0.077439 -0.067028 -0.007622 0.135594 -0.076096 0.241732 0.076192 -0.058397 0.027767 0.115624 0.064961 -0.240070 -0.203800 -0.218874 -0.060177 -0.013538 -0.036374 0.009518 0.035224 -0.004348 0.007604 -0.074815 0.078609 -0.251170 -0.041857 0.034015 0.170873 -0.093377 0.090245 -0.130877 -0.181430 -0.343903 -0.039604 0.185407 0.149395 0.007757 -0.056530 -0.014080 0.184091 -0.110307 -0.312278 -0.216139 -0.097014
-0.003558 -0.062814 0.048722 -0.112360 0.336710 0.268115 0.003774 -0.206745 0.461997 0.343185 0.380538 0.025291 0.344458 0.079481 1.000000 0.664684 -0.042368 -0.211832 -0.011340 -0.163339 0.095720 0.093953 -0.002906 0.060176 0.042027 -0.094504 0.334580 0.416624 0.457550 0.333169 -0.271568 -0.127881 0.025903 -0.061304 0.070911 -0.092696 0.134875 0.512246 -0.208614 -0.236575 0.089109 0.098822 -0.011896 0.070527 -0.169043 -0.162952 -0.040715 -0.226355 0.008171 -0.010641 0.193243 0.128202 -0.107754 -0.082056 -0.231281 -0.148849 -0.379920 -0.275749 0.019995 0.207983 0.125309 0.157145 0.125470 0.004868 0.007289 -0.058886 0.188695 -0.061484 -0.321743 -0.050795 -0.180932 -0.203330 0.309683 0.167349 -0.031441 0.133903 0.167340 0.126289 -0.140119 -0.188723 -0.131620 -0.242984 -0.157516 -0.142112 0.196736 0.226096 -0.215833 -0.251206 -0.162963 -0.142837 -0.138804 0.015695 -0.071068 0.050905 -0.050350 -0.077238 -0.145573 -0.227879 -0.308954 -0.145894 0.054992 0.230012 -0.070269 0.051481 -0.074443 -0.122129 -0.188325 -0.110711 -0.051006 -0.123897 -0.171945 -0.299095 -0.105855 0.000975 0.008189 -0.016893
-0.051480 -0.108864 -0.083915 -0.190296 0.428889 0.392934 -0.037685 -0.178613 0.347120 0.460883 0.308750 0.146342 0.157324 0.214558 0.664684 1.000000 0.072731 -0.069478 -0.216721 -0.148754 0.229719 0.136839 -0.193767 -0.040770 0.172184 0.072519 0.215653 0.313803 0.265864 0.436962 -0.192717 -0.135439 0.076048 -0.061273 -0.106523 -0.064613 0.104231 0.423988 -0.309169 -0.179356 -0.118075 0.075953 0.046452 0.064686 -0.072171 -0.105705 0.074863 -0.158743 -0.002567 0.002189 0.235355 0.246548 -0.086476 -0.189643 -0.377813 -0.296765 -0.212109 -0.159479 0.094671 0.307448 0.139077 0.304867 0.137583 0.124190 -0.134986 -0.005156 0.220673 -0.094393 -0.229152 -0.014567 -0.012621 -0.099669 0.172817 0.279890 -0.141851 0.074956 0.007310 0.037707 -0.055211 -0.190513 0.043669 -0.047494 -0.153003 0.177736 0.111295 0.227739 -0.191388 -0.233677 -0.224460 -0.099514 -0.258968 -0.251725 -0.207010 -0.070264 -0.042823 -0.083628 -0.146871 -0.272346 -0.332762 -0.265732 0.176136 0.043731 0.035772 -0.080953 -0.023772 -0.193088 -0.183835 -0.167071 -0.011746 -0.069592 -0.138464 -0.308527 -0.192307 -0.088841 0.050072 0.006311
0.362901 -0.011697 -0.230825 -0.236738 -0.145779 -0.385156 0.070217 -0.212598 0.022324 0.021183 0.368876 0.158055 0.392255 0.389731 -0.042368 0.072731 1.000000 0.502459 0.018022 0.168195 -0.306086 -0.120008 -0.286206 -0.267653 -0.208612 -0.274377 -0.398298 -0.508479 0.503767 0.326594 -0.061581 -0.111721 -0.101422 -0.090566 -0.224142 -0.043025 0.068403 -0.160514 -0.109133 0.037025 0.034280 -0.064138 0.010423 0.020108 0.151113 0.096746 -0.021551 -0.042080 -0.269679 -0.022151 -0.342528 -0.279142 -0.074812 -0.045208 -0.277209 -0.076387 0.398317 0.228976 -0.116051 -0.064072 0.168142 0.067285 0.389709 0.148461 -0.145381 -0.274235 -0.112137 -0.303507 0.177131 0.111446 0.106269 0.205949 0.428667 0.311682 0.290708 0.216519 0.205153 0.062645 0.523224 0.240320 0.514728 0.514612 0.134695 0.203177 -0.138177 -0.111499 -0.052222 0.189341 -0.147361 -0.176736 -0.027395 -0.079331 -0.165916 -0.162402 -0.242906 -0.118704 -0.048912 -0.165954 0.208437 0.377378 -0.151311 -0.049826 -0.127456 -0.275165 -0.316462 -0.044589 0.027158 0.028328 -0.032295 -0.234382 -0.011625 0.149190 0.096343 -0.054514 -0.169946 -0.139526
0.049417 0.052451 -0.161026 -0.015883 -0.167348 -0.446740 0.141457 -0.011192 -0.094768 -0.231779 -0.005897 0.288942 0.053661 0.422259 -0.211832 -0.069478 0.502459 1.000000 0.226484 0.202886 -0.185387 -0.149629 -0.209410 -0.084838 -0.347154 -0.388370 -0.376289 -0.569271 0.085614 0.218915 -0.105776 -0.152257 -0.186458 -0.192802 -0.389166 -0.236224 0.031543 -0.184158 0.053364 0.439519 -0.022635 0.122634 -0.149347 -0.152787 0.033255 -0.113199 0.077142 -0.043436 -0.263731 -0.083002 -0.262783 -0.260994 0.198202 0.135547 -0.177142 0.163379 0.367681 0.232026 -0.096317 -0.246011 0.196652 0.004899 0.332999 0.331884 -0.163165 -0.330772 -0.285535 -0.583039 0.200921 -0.081336 0.194329 0.370213 -0.015211 -0.014941 0.137037 0.096043 -0.004762 -0.001505 0.250187 0.525313 0.242287 0.491755 0.140646 0.215821 -0.294015 -0.208743 0.165299 0.415958 0.308778 0.083232 0.062610 0.133287 0.036314 -0.084917 -0.215844 0.173086 -0.284444 0.042698 0.401861 0.467236 -0.328954 -0.139758 -0.083176 -0.293204 -0.415252 0.162075 0.400031 0.348173 0.256779 -0.084301 0.094755 0.463367 0.055568 -0.183412 -0.064347 -0.121122
0.108008 0.271685 0.184501 0.084626 -0.035348 -0.426735 0.406991 0.120914 -0.085526 -0.356093 -0.075029 -0.121767 0.076858 0.056703 -0.011340 -0.216721 0.018022 0.226484 1.000000 0.644817 -0.083409 0.008228 -0.011478 0.088627 -0.261609 -0.229391 -0.046517 -0.363262 0.163401 -0.036151 -0.052354 0.004952 0.146384 0.152899 -0.240533 -0.073951 -0.062857 -0.157191 0.029427 0.182225 0.101014 0.184161 -0.061891 -0.080035 0.118466 -0.018477 0.060631 -0.129576 -0.138535 0.021376 -0.159107 -0.185973 0.115476 0.074286 -0.089209 0.150521 -0.068619 -0.045097 0.073526 -0.221286 0.198126 -0.060595 0.113719 0.056552 -0.210741 -0.474698 0.006616 -0.354006 0.045262 -0.068472 0.121583 0.061011 -0.001034 -0.088167 0.210394 0.085392 -0.076816 -0.152160 0.073493 0.083967 -0.110185 0.003126 0.285396 0.032018 -0.174135 -0.456535 0.009793 0.155627 0.236118 0.018319 0.039214 0.089989 -0.188093 -0.118347 -0.227383 0.023522 -0.250743 -0.132726 0.191632 0.121214 -0.287190 0.069625 -0.253020 -0.135798 -0.262515 0.104806 0.235374 0.177996 -0.012327 -0.111935 -0.051869 0.123656 -0.005488 -0.245233 -0.147502 -0.239716
0.294166 0.478985 -0.221483 0.106037 -0.201069 -0.371795 -0.002074 -0.120423 -0.242509 -0.311497 -0.170984 0.070655 -0.073618 -0.052127 -0.163339 -0.148754 0.168195 0.202886 0.644817 1.000000 0.047958 0.121755 -0.121332 0.010573 -0.267047 -0.189854 -0.057259 -0.324602 0.147189 0.080981 0.015173 0.015714 0.183775 0.196689 -0.277344 -0.002028 -0.005611 -0.256527 0.133194 0.083795 0.045675 0.265763 0.071840 -0.020238 0.204396 0.099645 0.081400 0.010475 0.020061 0.130713 -0.128045 0.027117 0.060770 0.162183 0.009165 0.011781 0.049783 0.128117 -0.123194 -0.259907 -0.210731 -0.209326 -0.115159 -0.092689 -0.426130 -0.498151 -0.146178 -0.360216 0.212994 0.107193 0.219086 0.173494 -0.025047 0.158985 0.329681 0.116304 -0.024755 -0.009871 0.097510 0.130509 0.019065 0.077627 0.354437 0.272645 -0.261408 -0.356668 -0.019854 0.175086 0.049637 -0.071013 -0.002322 -0.000432 -0.139102 -0.129110 -0.184383 -0.051784 -0.103624 -0.148889 0.196895 0.047842 -0.141329 -0.119575 -0.134655 -0.115678 -0.160621 0.104671 0.143904 0.124406 -0.125391 -0.148896 -0.102580 0.106048 -0.017746 -0.233738 -0.107419 -0.125615
-0.130461 0.250322 0.042871 0.028160 0.432497 0.412631 -0.125430 0.114924 0.248909 0.141585 -0.073508 -0.140938 -0.270894 -0.216150 0.095720 0.229719 -0.306086 -0.185387 -0.083409 0.047958 1.000000 0.206857 -0.054550 0.040283 0.178312 0.141863 0.573803 0.445854 -0.342166 -0.050072 -0.160746 -0.265844 0.185079 -0.042965 -0.192395 0.114470 -0.236986 0.157213 -0.152958 -0.088172 0.031978 0.322388 0.230835 0.057862 -0.004590 0.008101 0.180966 0.009757 0.204295 0.084893 0.440272 0.284892 0.213379 0.031467 -0.092212 -0.142691 -0.252685 0.088091 0.197580 0.201771 -0.024799 0.214340 -0.312122 0.178609 -0.146199 0.045755 0.158949 0.067760 0.049319 0.086246 0.009232 -0.087347 -0.177109 0.113641 -0.222065 -0.074770 -0.283231 -0.149757 -0.319004 -0.290263 -0.143680 -0.150998 -0.229011 -0.124071 0.136525 0.087098 -0.075912 -0.256792 0.005703 0.251519 -0.207743 -0.272176 -0.060400 -0.095495 -0.088608 -0.157985 -0.336822 -0.060574 -0.242928 -0.380903 0.130203 0.025158 0.214613 0.030087 0.153044 -0.269511 -0.198891 -0.242452 -0.114149 0.085710 0.037584 -0.151426 0.076790 -0.099654 0.045307 0.094387
0.103300 0.032385 0.193959 0.133677 0.176740 0.346523 -0.044001 -0.012046 -0.095088 0.243731 -0.172149 -0.172969 -0.263413 -0.261385 0.093953 0.136839 -0.120008 -0.149629 0.008228 0.121755 0.206857 1.000000 0.174293 0.256423 0.468256 0.499547 0.260875 0.218824 -0.056606 0.050081 -0.097008 0.156084 0.257732 0.200130 0.218755 0.080378 -0.169489 0.015580 -0.181398 -0.037450 -0.199437 -0.020631 0.111106 -0.016850 -0.085293 -0.006246 -0.058360 -0.087923 -0.028373 -0.105151 0.083410 0.061365 -0.116135 -0.178580 -0.007225 -0.155509 -0.204228 -0.085833 -0.165345 -0.021527 -0.305112 -0.039251 -0.177772 -0.256516 -0.102863 -0.100641 0.061290 0.085873 -0.126127 -0.146519 0.142820 0.196315 -0.158974 0.149013 -0.136721 0.020448 -0.310853 -0.066628 0.009053 0.055798 0.118317 0.033662 -0.046034 0.050986 0.100263 0.091262 0.101314 0.177807 0.040496 -0.019359 -0.269610 -0.080638 -0.037464 0.021861 -0.142114 -0.156278 0.048213 -0.194381 -0.061031 -0.085584 0.176269 -0.172962 0.016187 0.075632 0.082360 -0.101544 -0.107488 -0.217144 0.093977 -0.024619 -0.082036 -0.163072 0.167492 0.164486 -0.015852 -0.167441
0.037318 -0.147982 0.350000 0.722866 -0.006502 0.127439 0.067480 0.285783 -0.150266 -0.029732 -0.148517 0.058299 -0.112665 -0.266826 -0.002906 -0.193767 -0.286206 -0.209410 -0.011478 -0.121332 -0.054550 0.174293 1.000000 0.655658 0.308039 0.395634 0.173519 0.221237 -0.253643 -0.317266 0.182164 0.236171 0.199246 0.070193 0.464020 0.306693 -0.219011 -0.146750 -0.003234 0.063181 -0.154908 -0.225259 -0.195597 -0.288275 -0.344350 -0.246952 -0.313318 -0.150866 -0.066491 -0.269923 0.023630 -0.105034 -0.014560 -0.094064 0.156841 -0.007033 -0.312212 -0.226244 -0.278395 -0.272962 -0.223282 -0.112786 -0.288570 -0.452143 0.479101 0.265190 -0.423278 0.124316 -0.059408 -0.029119 -0.058214 0.078186 -0.292741 -0.257958 -0.199316 -0.236898 -0.275332 -0.142823 -0.250126 -0.126775 -0.203104 -0.330208 0.206220 0.148143 0.422106 0.358280 0.416785 0.184603 0.527560 0.261958 -0.013806 0.106252 0.443432 0.285503 -0.133100 -0.069983 -0.122467 -0.001093 -0.144000 -0.103453 0.042122 -0.096584 0.024476 0.064189 -0.112685 -0.139715 -0.173264 -0.227063 -0.067792 0.023076 0.155843 -0.049242 0.068908 0.237675 -0.156943 -0.146228
0.025914 -0.196617 0.219728 0.674995 0.088246 0.103980 0.044139 0.290264 -0.045828 0.057470 -0.285288 0.126686 -0.330205 -0.255102 0.060176 -0.040770 -0.267653 -0.084838 0.088627 0.010573 0.040283 0.256423 0.655658 1.000000 0.338288 0.406802 0.191123 0.156046 -0.215290 -0.128982 -0.143228 0.068644 0.251973 0.059491 0.352939 0.201478 -0.197768 -0.020294 -0.241134 0.161350 -0.255912 -0.185982 -0.101040 -0.149401 -0.228772 -0.181063 -0.117199 -0.091722 -0.114798 -0.198622 -0.003852 -0.064623 -0.060922 -0.175126 0.036380 0.059592 -0.291132 -0.321486 -0.380284 -0.289757 -0.234051 -0.013045 -0.283045 -0.420175 0.255595 0.090940 -0.382741 0.017880 -0.136404 -0.180184 0.055964 0.099952 -0.321928 -0.169088 -0.212847 -0.082714 -0.363259 -0.060110 -0.198612 -0.046489 -0.157912 -0.278664 0.072152 0.205325 0.306864 0.346778 0.312008 0.378117 0.546850 0.206796 0.092683 0.112699 0.358398 0.162871 -0.369766 -0.016188 -0.194667 -0.182429 0.083103 0.039503 -0.054272 -0.116892 -0.187121 0.044302 -0.107936 -0.078089 -0.000991 -0.103697 0.024611 -0.073098 0.124404 0.006769 0.085816 0.123794 -0.038887 -0.219053
-0.072812 -0.271695 0.169496 0.025638 0.400302 0.434841 -0.094533 -0.104532 0.167988 0.510237 -0.221048 -0.336845 -0.350390 -0.428264 0.042027 0.172184 -0.208612 -0.347154 -0.261609 -0.267047 0.178312 0.468256 0.308039 0.338288 1.000000 0.866471 0.183464 0.239365 -0.157812 -0.095883 0.076152 0.189725 0.212067 0.202869 0.337249 0.290995 -0.255788 -0.080176 -0.368244 -0.305912 -0.406853 -0.344975 -0.020401 -0.087243 -0.099493 -0.024678 -0.150932 -0.093526 -0.075132 -0.213551 0.114586 0.054836 -0.274036 -0.360901 0.081642 -0.267027 -0.225587 -0.002084 -0.071575 0.246116 -0.122422 0.146520 -0.236901 -0.300853 0.140281 0.049539 0.169508 0.421264 0.035698 0.110785 0.258694 0.070371 -0.129395 0.116233 -0.283711 -0.085930 -0.427875 -0.211287 -0.002351 -0.134002 0.191241 0.007963 -0.354121 -0.033752 0.296721 0.219482 0.062983 0.022772 0.048726 -0.115507 -0.098688 -0.095723 0.030269 0.100394 -0.138243 -0.258408 0.122794 -0.256264 -0.097079 -0.267273 0.349507 -0.113335 0.035660 -0.015673 0.061530 -0.184634 -0.248034 -0.309305 0.087307 -0.174628 -0.087783 -0.412614 -0.048365 0.187213 0.055105 -0.273288
-0.126015 -0.299665 0.117508 0.187663 0.235919 0.432700 -0.125940 0.028250 -0.047738 0.410351 -0.276895 -0.308321 -0.389120 -0.438464 -0.094504 0.072519 -0.274377 -0.388370 -0.229391 -0.189854 0.141863 0.499547 0.395634 0.406802 0.866471 1.000000 0.075283 0.265173 -0.307099 -0.195387 0.165435 0.323858 0.229211 0.265384 0.420257 0.389781 -0.262470 -0.146880 -0.288718 -0.284492 -0.413913 -0.327549 0.044936 -0.064202 -0.030518 0.097198 -0.186223 -0.018001 -0.033299 -0.195221 0.080990 0.018231 -0.272088 -0.296808 0.096147 -0.208594 -0.268656 -0.042999 -0.233871 0.083570 -0.274707 -0.025424 -0.274246 -0.386725 0.130710 0.118181 0.053138 0.521559 -0.009130 0.110840 0.215640 0.121522 -0.251104 0.058093 -0.291906 -0.129430 -0.461913 -0.151397 -0.035508 -0.186247 0.123973 -0.095873 -0.202272 -0.043969 0.258973 0.187700 0.128067 0.034415 0.020986 -0.064869 -0.003756 -0.024444 0.116127 0.207546 -0.105129 -0.207454 0.195648 -0.184121 -0.041120 -0.228323 0.319761 -0.111034 0.115652 0.112864 0.120047 -0.103076 -0.234314 -0.290387 0.039208 -0.116168 -0.026951 -0.325374 0.023187 0.221482 0.082946 -0.242393
0.129850 0.271085 0.186229 0.146180 0.477671 0.598315 -0.216424 0.080043 0.364357 0.206276 -0.050285 -0.162201 -0.271377 -0.376357 0.334580 0.215653 -0.398298 -0.376289 -0.046517 -0.057259 0.573803 0.260875 0.173519 0.191123 0.183464 0.075283 1.000000 0.714686 -0.245306 -0.164994 -0.325872 -0.345388 0.081862 -0.174608 0.029515 0.027610 -0.103061 0.218797 -0.185465 -0.086899 0.123158 0.293864 0.089597 -0.071386 -0.264014 -0.198806 -0.013023 -0.229973 0.221948 -0.057252 0.482205 0.209499 0.098748 -0.233072 -0.004574 -0.202220 -0.178074 -0.046153 0.272755 0.359999 -0.069359 0.227877 -0.319290 -0.012976 0.141495 0.162585 0.233462 0.157075 -0.013243 0.059910 -0.160254 -0.258187 -0.135823 0.003711 -0.249337 -0.083897 -0.235994 -0.176365 -0.342148 -0.247265 -0.218375 -0.319628 -0.242440 -0.210616 0.329380 0.294767 0.002743 -0.117484 0.150585 0.353655 -0.263500 -0.338965 0.061762 -0.103840 -0.127048 -0.194631 -0.270493 -0.178140 -0.396155 -0.390879 0.184254 0.002313 -0.013703 -0.025772 0.182758 -0.256620 -0.254509 -0.284491 -0.092998 -0.008625 -0.106608 -0.305456 0.102549 0.026018 0.034049 -0.027340
-0.041357 0.037130 0.098439 0.185272 0.349686 0.770808 -0.332120 -0.013044 0.216534 0.244515 -0.014425 -0.194383 -0.199339 -0.420682 0.416624 0.313803 -0.508479 -0.569271 -0.363262 -0.324602 0.445854 0.218824 0.221237 0.156046 0.239365 0.265173 0.714686 1.000000 -0.272297 -0.102344 -0.139583 -0.056300 0.056058 -0.119957 0.343912 0.042126 0.019078 0.411977 -0.080428 -0.247645 0.126031 0.137004 0.077623 0.014373 -0.286199 -0.140452 -0.079125 -0.142231 0.258898 -0.086444 0.476778 0.270209 0.020999 -0.140582 0.081351 -0.174777 -0.280287 -0.164151 0.097609 0.266997 -0.192594 0.000679 -0.183919 -0.062545 0.150606 0.307036 0.189320 0.321013 -0.146138 -0.019242 -0.286566 -0.323659 -0.076536 0.042502 -0.302503 -0.140351 -0.093822 0.079575 -0.419384 -0.367758 -0.261432 -0.412387 -0.252203 -0.260656 0.389192 0.485699 -0.070422 -0.332113 -0.141416 0.275590 -0.284059 -0.218128 0.091975 0.074139 0.143026 -0.135391 -0.020119 -0.029255 -0.460476 -0.394592 0.210657 0.051438 0.196554 0.200379 0.380866 -0.260763 -0.384861 -0.346325 -0.123843 0.086381 -0.059790 -0.326128 0.072654 0.141163 0.135617 0.118906
0.188262 -0.102141 -0.078048 -0.352459 -0.100145 -0.343080 0.251981 -0.334268 0.211277 0.047855 0.331385 0.141554 0.496565 0.292638 0.457550 0.265864 0.503767 0.085614 0.163401 0.147189 -0.342166 -0.056606 -0.253643 -0.215290 -0.157812 -0.307099 -0.245306 -0.272297 1.000000 0.509620 0.003483 0.094186 0.104533 0.210519 0.042428 -0.141882 0.238750 0.201851 -0.056427 -0.181563 0.153234 -0.107276 -0.020551 0.118424 -0.000979 0.000500 -0.052399 -0.107349 -0.214831 -0.025147 -0.308691 -0.173164 -0.210530 -0.031957 -0.353787 -0.190334 -0.025916 -0.147385 -0.041495 -0.073185 0.221450 0.033069 0.294956 0.052265 -0.159449 -0.281412 0.048641 -0.209666 -0.181175 -0.121577 -0.020861 -0.143784 0.723309 0.275677 0.427573 0.247616 0.520960 0.331294 0.304011 0.125273 0.204289 0.181535 0.022086 0.164420 -0.054760 -0.093637 -0.260351 -0.028996 -0.297488 -0.512221 -0.038080 -0.013865 -0.270114 -0.131845 0.072204 0.007931 -0.015566 -0.254745 -0.041085 0.104110 -0.134251 0.187803 -0.277843 -0.117802 -0.243200 -0.072391 -0.147164 -0.059500 -0.171987 -0.017479 -0.124587 -0.135104 -0.111771 0.008623 -0.074703 0.039756
0.045612 -0.071425 -0.094142 -0.275348 0.106650 -0.125503 0.069880 -0.274560 0.175069 0.147420 0.169312 0.117165 0.129154 0.185763 0.333169 0.436962 0.326594 0.218915 -0.036151 0.080981 -0.050072 0.050081 -0.317266 -0.128982 -0.095883 -0.195387 -0.164994 -0.102344 0.509620 1.000000 -0.147942 -0.091292 0.023211 0.010237 -0.073922 -0.304671 0.302316 0.415055 -0.056121 -0.033324 0.103070 0.090961 -0.077505 0.125196 -0.123566 -0.108747 0.057228 -0.036153 -0.181006 -0.148762 -0.220281 -0.050381 -0.045243 -0.036337 -0.280662 -0.089669 -0.041675 -0.150212 -0.125160 -0.069049 -0.006958 -0.035270 0.283996 0.197019 -0.315245 -0.374947 -0.053862 -0.352774 -0.232724 -0.180864 0.072400 0.081974 0.557316 0.605201 0.201121 0.194697 0.379617 0.414646 0.206397 0.157233 0.249308 0.357821 -0.003838 0.272710 -0.047961 0.109804 -0.223521 -0.010746 -0.207787 -0.254449 -0.196463 -0.036082 -0.277271 -0.055779 0.078614 0.036748 -0.007620 -0.149752 0.027179 0.198400 -0.076521 0.106519 0.012108 0.074178 -0.006116 -0.004642 -0.005592 -0.008046 0.026707 -0.043463 -0.007392 0.059701 -0.011492 0.080239 0.095712 0.145771
-0.263854 -0.045397 -0.146239 0.105214 -0.433880 -0.316983 -0.066039 -0.043482 -0.531617 -0.382631 -0.066777 0.013806 0.038421 -0.121390 -0.271568 -0.192717 -0.061581 -0.105776 -0.052354 0.015173 -0.160746 -0.097008 0.182164 -0.143228 0.076152 0.165435 -0.325872 -0.139583 0.003483 -0.147942 1.000000 0.822673 0.134291 0.453686 0.141824 0.154660 0.046091 -0.235165 0.370459 -0.244543 0.182838 -0.094217 -0.144025 -0.115274 0.066781 0.101362 -0.303520 0.024828 0.057164 -0.026150 -0.074343 0.081252 -0.036906 0.261422 0.154319 -0.160266 -0.076806 -0.006820 -0.169968 -0.251473 -0.151883 -0.302475 -0.080091 -0.000965 0.098029 0.144226 -0.169933 0.108897 -0.044766 0.046917 0.057185 -0.029059 0.036793 -0.168318 0.188602 0.062847 0.208935 0.077449 -0.073698 -0.102034 -0.183403 -0.015911 0.337059 0.111688 -0.075950 -0.092531 0.027797 -0.168051 -0.255113 -0.345454 0.037484 -0.051422 -0.075314 -0.010047 0.315542 0.051145 0.333851 0.145947 -0.206788 -0.175987 0.077033 -0.210994 0.178391 -0.097285 -0.110711 0.089987 -0.004772 0.067168 -0.108108 0.127241 -0.076496 -0.054491 -0.266229 -0.060732 0.036119 0.130113
-0.193945 -0.221030 -0.028488 0.215992 -0.410113 -0.224118 0.056184 -0.058656 -0.507506 -0.309210 -0.140863 -0.029914 0.032456 -0.146928 -0.127881 -0.135439 -0.111721 -0.152257 0.004952 0.015714 -0.265844 0.156084 0.236171 0.068644 0.189725 0.323858 -0.345388 -0.056300 0.094186 -0.091292 0.822673 1.000000 0.203394 0.606365 0.374299 0.146621 0.098532 -0.180534 0.311851 -0.262765 0.147119 -0.206764 -0.156313 -0.063474 0.034860 0.107585 -0.293554 0.017353 -0.085500 -0.078399 -0.193950 -0.073967 -0.154389 0.159216 0.059432 -0.129824 -0.118441 -0.142790 -0.306412 -0.413240 -0.189908 -0.403486 0.041891 -0.149288 0.080428 0.056694 -0.223413 0.134631 -0.119841 -0.195396 -0.030371 -0.055402 0.008191 -0.162673 0.123885 0.038883 0.198868 0.226105 -0.102956 -0.082213 -0.094229 -0.054319 0.336319 0.167905 -0.036412 -0.049831 0.004982 -0.063438 -0.258508 -0.405053 0.041887 0.045022 -0.001966 0.086303 0.251341 0.003380 0.337970 0.049675 -0.097631 -0.073386 0.053653 -0.137882 0.132838 -0.049599 -0.109266 0.028718 -0.077027 0.011403 -0.043436 0.136258 -0.060126 -0.073153 -0.162586 0.011447 0.017587 0.073112
0.000938 0.072637 0.143487 0.257126 -0.046519 -0.097908 0.188103 0.153218 -0.187378 -0.112601 -0.340124 -0.166229 -0.206373 -0.328644 0.025903 0.076048 -0.101422 -0.186458 0.146384 0.183775 0.185079 0.257732 0.199246 0.251973 0.212067 0.229211 0.081862 0.056058 0.104533 0.023211 0.134291 0.203394 1.000000 0.681012 0.111089 0.032957 -0.098866 -0.129335 -0.009861 -0.232259 -0.099422 -0.231404 0.008196 0.008028 -0.178510 -0.063843 -0.088633 -0.002524 -0.230528 -0.156209 -0.176375 -0.027826 -0.134648 -0.118015 -0.063787 -0.225496 -0.044287 0.025165 -0.097580 -0.191813 -0.126504 0.066323 -0.152422 0.042918 -0.323205 -0.077910 -0.090404 0.066361 -0.000343 -0.041665 0.041969 -0.333419 0.121809 0.063831 0.025834 -0.142693 -0.050013 -0.089483 -0.169754 -0.101792 0.203445 0.157578 0.156478 0.282754 0.161934 0.035669 0.064250 -0.077441 -0.014768 -0.072782 0.003723 -0.093066 0.047542 0.016530 -0.052574 -0.165416 -0.028257 -0.165665 -0.005863 -0.220532 0.047988 -0.025457 -0.031832 0.062481 0.078500 -0.311730 -0.387528 -0.393199 -0.276904 0.078771 -0.015845 -0.156028 0.122134 0.205913 -0.149298 0.075175
-0.080174 -0.011288 0.027555 0.107513 -0.223797 -0.273667 0.211895 0.041064 -0.278352 -0.166827 -0.218947 -0.152275 -0.044811 -0.199327 -0.061304 -0.061273 -0.090566 -0.192802 0.152899 0.196689 -0.042965 0.200130 0.070193 0.059491 0.202869 0.265384 -0.174608 -0.119957 0.210519 0.010237 0.453686 0.606365 0.681012 1.000000 0.172612 0.152048 -0.000088 -0.287471 0.127710 -0.400660 0.000113 -0.274353 -0.062522 -0.025857 0.016680 0.115578 -0.208105 0.009157 -0.278846 -0.111536 -0.342772 -0.188134 -0.355907 -0.082422 -0.132416 -0.294296 -0.022171 0.046097 -0.185590 -0.326534 -0.056038 -0.108819 -0.015465 0.027127 -0.170893 -0.054036 -0.111844 0.189615 -0.008325 -0.061460 0.073810 -0.289237 0.197286 -0.007304 0.151766 -0.023038 0.167143 0.060985 -0.052125 -0.087484 0.153487 0.169877 0.205995 0.165824 -0.009719 -0.135399 -0.106562 -0.101292 -0.248812 -0.386990 0.111412 -0.025426 -0.054347 0.021213 0.100346 -0.230600 0.128046 -0.211306 -0.068769 -0.242340 0.108389 -0.070133 0.040224 -0.018076 -0.019207 -0.109244 -0.261595 -0.201350 -0.222055 -0.004995 -0.171673 -0.220523 -0.163836 0.024954 -0.003695 0.108533
0.031988 -0.387088 0.216165 0.239435 -0.043646 0.242078 0.015514 0.029340 -0.042793 0.156149 -0.098260 -0.077640 -0.088742 -0.237990 0.070911 -0.106523 -0.224142 -0.389166 -0.240533 -0.277344 -0.192395 0.218755 0.464020 0.352939 0.337249 0.420257 0.029515 0.343912 0.042428 -0.073922 0.141824 0.374299 0.111089 0.172612 1.000000 0.360971 0.202957 0.142598 0.057992 -0.136299 0.020849 -0.304861 -0.151459 -0.122416 -0.264441 -0.030448 -0.289258 -0.099168 -0.131718 -0.284451 -0.167903 -0.246445 -0.198315 -0.219852 0.063362 -0.085863 -0.246857 -0.327208 -0.239506 -0.183231 -0.141530 -0.195022 -0.056961 -0.430506 0.421858 0.244266 -0.129110 0.425663 -0.195146 -0.257555 -0.159752 -0.077585 -0.006385 -0.054494 -0.135071 -0.133166 0.096320 0.265157 -0.071650 -0.079855 -0.106416 -0.232524 0.014997 0.023129 0.351606 0.281572 0.096228 0.044489 0.029782 -0.085987 -0.117136 -0.029733 0.091385 0.142054 0.178699 -0.011428 0.165065 0.043861 -0.162028 -0.007723 0.022656 0.032688 -0.096118 0.116419 0.085527 -0.128972 -0.264768 -0.181401 -0.036324 0.161405 0.130842 -0.106786 0.082957 0.231774 0.114130 0.102783
-0.042675 -0.208764 -0.099265 0.097157 0.017759 0.015073 -0.058021 0.082457 0.031763 0.133156 -0.091050 0.003533 -0.035462 -0.059045 -0.092696 -0.064613 -0.043025 -0.236224 -0.073951 -0.002028 0.114470 0.080378 0.306693 0.201478 0.290995 0.389781 0.027610 0.042126 -0.141882 -0.304671 0.154660 0.146621 0.032957 0.152048 0.360971 1.000000 -0.121058 -0.058696 -0.064922 -0.136931 -0.020535 -0.106352 0.124802 -0.010198 0.281148 0.395528 -0.023805 0.175774 -0.123941 0.088208 -0.160998 -0.188248 -0.297513 -0.195308 -0.197005 -0.061053 -0.249802 -0.100919 -0.169825 -0.128448 -0.016339 0.055598 -0.271238 -0.301098 0.323278 0.214259 -0.133539 0.451275 -0.032462 0.177308 -0.015070 0.064641 -0.225161 -0.104913 -0.131411 -0.086845 -0.161469 -0.085829 -0.167570 -0.272795 -0.111213 -0.245128 0.020515 0.006679 0.262588 0.090193 0.063967 -0.088650 0.063620 -0.033054 0.084921 -0.146994 -0.001505 -0.023829 -0.087880 -0.086246 -0.136963 -0.034495 -0.088066 -0.220775 0.074819 -0.045512 -0.077354 -0.259234 -0.204844 -0.085219 -0.206425 -0.117298 -0.110229 0.076084 0.208679 -0.157456 0.042275 -0.186718 0.021830 0.069033
