1.000000 0.484621 0.171652 -0.263520 -0.091521 -0.107651 0.102330 -0.154632 -0.060309 -0.321841 0.406855 0.051969 0.147142 -0.056161 -0.181898 -0.242548 -0.102474 0.099310 0.326604 0.386645 -0.027567 -0.055121 0.101461 -0.053876 -0.311119 -0.153152 -0.344903 0.008733 -0.016950 -0.158695 0.001079 0.047323 -0.060320 -0.090546 -0.183431 -0.190676 0.219440 0.160232 0.103734 -0.038412 0.201981 0.242842 0.191834 0.332110 0.192795 -0.090796 0.166189 0.218267 0.144588 0.143146 0.069002 0.119947 -0.000472 0.088637 -0.049827 -0.159918 0.322943 0.384459 0.073330 -0.076233 0.068229 0.097566 0.031849 0.071739 -0.101850 -0.195858 -0.030265 -0.334480 0.062778 -0.175564 0.043538 -0.183045 0.057179 -0.013412 0.271211 0.192639 0.091079 -0.051425 -0.044982 0.005892 0.071476 0.201562 0.243501 -0.124465 0.091893 0.007483 -0.103971 -0.252752 0.132720 -0.240453 -0.071754 -0.097162 -0.248345 0.154649 -0.119252 -0.077477 0.016678 0.036240 0.199449 -0.078719 -0.022799 -0.045571 -0.097684 -0.276189 -0.271945 -0.236728 -0.129069 -0.134598 0.064216 -0.076807 -0.116448 0.110002 0.263224 0.054916 -0.212849 0.019006
0.484621 1.000000 -0.066299 -0.049108 -0.231158 -0.154243 -0.080570 -0.056972 -0.013251 -0.194174 0.197494 0.029270 0.095723 0.127218 -0.087020 -0.009847 0.251373 0.278081 0.174373 0.481398 -0.197004 -0.166389 -0.147584 -0.208691 -0.179131 -0.151294 -0.230803 -0.106596 0.152717 0.047997 -0.055008 -0.087675 0.214963 0.225658 -0.242769 -0.156811 0.143443 0.063910 0.003663 -0.122875 0.245324 0.269455 -0.144235 -0.017213 -0.126678 -0.108209 -0.183442 -0.083844 -0.155953 -0.108563 -0.311487 -0.150068 -0.237007 -0.100659 -0.334441 -0.402402 0.368917 0.493716 0.156388 0.200241 0.114061 0.233150 0.223575 0.303787 -0.118592 -0.039279 0.022673 -0.106738 0.184426 -0.051063 -0.058670 -0.187161 0.104241 0.030939 0.208678 0.069654 0.075581 0.009584 0.122401 0.099563 0.217768 0.353993 0.200818 -0.047285 -0.083223 0.010359 -0.302098 -0.177583 -0.155692 -0.231777 -0.231601 -0.265336 -0.218723 -0.080237 -0.123820 -0.058982 -0.285241 -0.052877 -0.171339 -0.323348 0.029728 -0.066778 -0.026861 -0.063530 -0.234763 -0.030606 0.009273 0.030793 -0.172412 -0.212600 -0.146002 0.031122 0.069432 -0.042704 -0.006467 0.098030
0.171652 -0.066299 1.000000 -0.139968 0.062862 -0.151096 0.803756 0.451651 0.033180 -0.154651 0.322215 0.050387 0.163589 -0.095670 -0.364172 -0.484896 -0.572214 -0.304869 -0.025360 -0.219191 0.045479 -0.090029 0.327888 0.187073 -0.186154 0.068176 -0.192064 -0.142746 -0.353925 -0.337293 0.114994 0.368841 -0.457027 -0.076251 0.277631 0.268790 -0.292876 -0.096625 -0.356645 -0.186839 -0.269519 -0.269321 -0.069948 0.033930 0.223832 0.358311 -0.134816 -0.018921 0.124191 0.146040 0.384192 0.087048 -0.102892 -0.081849 0.019438 0.050499 -0.552681 -0.191487 -0.069657 0.021879 0.052887 0.325664 -0.222540 -0.221347 0.579429 0.465507 0.126022 0.412352 -0.210330 0.135820 0.180325 0.158413 -0.279755 -0.279340 -0.006799 0.158472 -0.416499 0.075128 -0.531952 0.047427 -0.544306 -0.453487 -0.187765 -0.173151 -0.170269 -0.161215 0.004059 0.006128 0.097860 -0.005340 0.119240 -0.014011 0.348430 0.241537 0.063914 -0.148062 0.226548 -0.200016 0.096374 -0.073062 0.221582 0.103884 0.223216 0.032033 -0.170331 -0.239876 -0.314834 -0.209571 0.218891 -0.001655 0.247975 -0.047552 0.125508 0.006940 -0.292724 -0.223953
-0.263520 -0.049108 -0.139968 1.000000 0.025643 0.355280 -0.124016 0.184541 0.129038 0.202494 -0.401909 -0.117073 -0.173927 -0.100859 0.176316 0.173501 0.045893 0.001813 0.348675 0.130470 -0.010498 0.179513 0.130518 0.267643 0.332411 0.229309 0.124848 0.207870 -0.001574 -0.031257 0.024131 -0.103501 0.322599 0.229610 -0.123115 0.056667 -0.201844 -0.097590 -0.055346 -0.043366 -0.174382 -0.045746 -0.097937 -0.215255 -0.178289 -0.174332 -0.232742 -0.207106 -0.087109 -0.175421 -0.195479 -0.192158 -0.153942 -0.191469 -0.234202 -0.241323 0.187818 -0.306585 0.188755 0.014927 0.195507 -0.124888 -0.013451 0.031070 0.023562 0.035018 -0.233355 -0.054882 0.052336 -0.041590 -0.021416 0.106522 -0.017308 0.168624 -0.103958 0.014866 -0.129746 -0.056012 0.097204 0.047461 -0.025570 -0.095582 -0.198788 0.335524 -0.027271 0.090085 -0.046977 -0.022898 -0.098390 0.029456 -0.110983 -0.228590 0.107001 -0.182559 -0.022124 -0.168569 -0.209682 -0.079870 -0.193104 -0.178180 -0.005857 -0.100445 -0.049096 -0.127244 0.124133 0.010903 0.020471 -0.061938 -0.093106 -0.173751 -0.013969 -0.106559 -0.140831 -0.148771 0.163312 0.040146
-0.091521 -0.231158 0.062862 0.025643 1.000000 0.317210 0.155506 0.075381 0.517773 0.435509 -0.106107 0.085039 0.054840 0.030856 0.081532 0.197153 0.099312 0.103240 0.282905 -0.130313 -0.057868 0.135233 -0.119714 -0.078224 0.473374 0.139697 0.407260 0.156197 0.031657 0.119088 -0.087144 -0.044304 0.160829 -0.029351 0.073996 0.044738 -0.093595 -0.025397 0.022215 0.016262 -0.128392 0.022989 -0.101247 -0.175221 -0.173024 0.027236 -0.136276 -0.293187 -0.165144 -0.270880 -0.019013 -0.275489 0.020942 -0.152928 0.129625 -0.226918 -0.095664 -0.341546 0.126200 -0.037773 0.043159 -0.145340 0.015036 0.062605 0.183050 -0.064823 0.048169 -0.065631 0.045056 -0.157741 -0.184357 -0.008502 -0.092057 0.026211 -0.077257 -0.136725 0.001166 -0.242533 0.131004 -0.063301 0.001226 0.039711 0.034166 0.002975 0.209956 0.211631 0.122412 -0.195882 -0.011278 0.113097 -0.251072 -0.111308 0.081034 0.251720 -0.151327 -0.141739 -0.094396 0.007623 -0.295845 -0.153602 0.091085 0.179376 0.019319 -0.022704 0.125831 0.049585 0.036397 -0.041596 0.102147 -0.016666 -0.220534 -0.204232 -0.234071 -0.019741 -0.007123 0.071102
-0.107651 -0.154243 -0.151096 0.355280 0.317210 1.000000 -0.230905 -0.189776 0.177376 0.234105 -0.318247 -0.232897 -0.123521 -0.275268 0.258548 0.310660 -0.045085 -0.187322 0.038898 -0.048701 0.045819 0.201808 0.285045 0.281719 0.430655 0.318201 0.462391 0.702995 -0.300634 -0.147150 -0.126956 -0.177493 0.236310 -0.002329 0.135330 0.110912 0.027503 0.257054 0.309430 0.268480 0.179709 0.218271 -0.094457 -0.071717 -0.363638 -0.300644 -0.038811 -0.131009 -0.287914 -0.384998 -0.210055 -0.305603 0.076971 -0.053239 0.092439 -0.088413 0.224658 -0.168930 0.274164 0.085303 0.208884 -0.196338 -0.191951 -0.020178 0.041776 -0.183909 -0.028064 -0.074929 0.147482 0.007128 -0.238596 -0.004454 -0.324668 -0.101939 -0.165877 -0.159382 -0.023595 -0.180575 0.018334 -0.057550 -0.227762 -0.142483 0.068782 0.204988 0.116748 0.237631 0.190494 -0.076743 0.365531 0.166704 -0.156816 -0.066690 0.118608 0.015088 -0.121152 0.021371 0.111579 0.210506 -0.189100 -0.088257 -0.075463 0.026068 -0.061592 -0.093731 0.247306 0.214141 0.109185 0.050551 -0.035170 -0.040232 -0.190026 -0.105002 -0.136225 0.053203 0.206330 0.122584
0.102330 -0.080570 0.803756 -0.124016 0.155506 -0.230905 1.000000 0.669180 0.150350 0.040178 0.290291 0.308577 0.313693 0.217982 -0.243811 -0.244933 -0.336514 -0.070685 0.111501 -0.298106 -0.100095 -0.101701 0.096310 -0.029731 -0.150475 -0.061512 -0.223816 -0.299370 -0.189530 -0.103732 0.144356 0.365258 -0.229448 0.113888 0.211682 0.237448 -0.318664 -0.205330 -0.416370 -0.284679 -0.277281 -0.255581 -0.132234 -0.097846 0.108105 0.368975 -0.274132 -0.241931 -0.006850 0.067394 0.257079 -0.007064 -0.120234 -0.178039 0.012104 -0.080988 -0.542051 -0.234892 -0.103811 -0.042873 0.044246 0.390029 -0.031423 -0.032978 0.603274 0.547312 0.024604 0.351983 -0.216745 -0.136944 0.044507 0.200907 -0.166675 -0.020325 0.025248 0.249809 -0.366204 0.017944 -0.434207 -0.009735 -0.393549 -0.291879 -0.129803 -0.103221 -0.134571 -0.065964 -0.006168 -0.080217 -0.064092 -0.014191 -0.108752 -0.161944 0.244387 0.293332 -0.024918 -0.200467 0.017674 -0.337070 -0.111606 -0.154779 0.335919 0.206112 0.308695 -0.020698 -0.277129 -0.307177 -0.376220 -0.322985 0.099923 -0.170020 -0.021463 -0.205560 0.123267 -0.028780 -0.420599 -0.250439
-0.154632 -0.056972 0.451651 0.184541 0.075381 -0.189776 0.669180 1.000000 0.169897 0.232416 0.200316 0.241842 0.288538 0.216300 -0.086748 0.118249 -0.063291 -0.036347 0.080862 -0.244459 -0.134701 -0.087512 -0.134448 -0.170369 -0.072618 -0.104408 -0.172957 -0.325582 -0.099068 -0.072155 0.044455 0.272795 0.004883 0.341243 0.097208 0.240834 -0.395582 -0.401070 -0.385176 -0.365379 -0.310602 -0.286746 -0.156179 -0.144636 0.022940 0.370018 -0.400206 -0.356943 -0.118372 -0.010006 0.052584 -0.068689 -0.270975 -0.308816 -0.147821 -0.198377 -0.316626 -0.267371 -0.123135 -0.010093 0.173657 0.468815 -0.011107 0.109742 0.546933 0.643434 -0.158656 0.408715 -0.307327 -0.162338 -0.134630 0.161473 -0.142126 0.088046 -0.121411 0.161910 -0.362742 -0.060041 -0.260290 -0.099210 -0.298830 -0.283585 -0.201238 -0.041601 -0.118964 -0.032187 -0.098605 -0.076448 -0.164456 -0.005609 -0.200054 -0.284105 0.290436 0.098668 -0.099007 -0.248703 -0.269738 -0.350903 -0.285081 -0.289883 0.243844 0.200555 0.156973 -0.096059 -0.214188 -0.231039 -0.363771 -0.320619 0.006813 -0.299560 -0.066323 -0.255764 0.091102 -0.142988 -0.327545 -0.323938
-0.060309 -0.013251 0.033180 0.129038 0.517773 0.177376 0.150350 0.169897 1.000000 0.517874 -0.028180 0.266582 0.129069 0.111599 0.171634 0.137604 0.034617 0.416869 0.233657 -0.145061 -0.298871 0.093071 -0.163789 -0.117691 0.506215 0.192215 0.264296 0.061216 0.000370 0.212516 -0.175528 0.004636 0.304449 0.139880 -0.130967 -0.073176 -0.244803 -0.148843 -0.070059 -0.234490 -0.179169 -0.117402 -0.076671 -0.057147 -0.137130 -0.022226 -0.183353 -0.282170 -0.088251 -0.197327 0.099086 -0.163576 -0.034460 -0.324668 0.079137 -0.280612 -0.017271 -0.318627 0.182006 0.093132 0.288340 0.131494 0.153353 0.290873 0.246226 0.119531 0.031287 -0.058594 -0.024549 -0.220186 -0.329694 0.094254 -0.292433 0.012800 -0.200959 -0.057275 -0.050537 -0.222836 0.136495 0.044934 0.050920 -0.001437 -0.047484 0.182272 0.145044 0.119187 -0.102182 -0.127185 -0.133164 -0.054760 -0.423742 -0.269840 -0.006026 0.089626 -0.163185 -0.198060 -0.255636 -0.275940 -0.351101 -0.314685 0.046701 0.064604 -0.096754 -0.093424 0.002136 -0.011213 -0.065002 -0.134000 0.083199 -0.187371 -0.355588 -0.416271 -0.185993 -0.131654 -0.162291 -0.055046
-0.321841 -0.194174 -0.154651 0.202494 0.435509 0.234105 0.040178 0.232416 0.517874 1.000000 -0.360788 0.083066 -0.121105 0.064862 0.268784 0.453011 0.136937 0.238566 0.192588 -0.103996 -0.304265 -0.078121 -0.496621 -0.396561 0.613320 0.204629 0.415992 0.113757 0.162006 0.475788 -0.136296 -0.154491 0.390308 0.213992 -0.158654 -0.158798 -0.169352 -0.098971 -0.117347 -0.179701 -0.027798 -0.036990 -0.307085 -0.265013 -0.417570 -0.167863 -0.168002 -0.402910 -0.341348 -0.425772 -0.056831 -0.295387 0.075185 -0.075292 -0.063503 -0.117937 0.006602 -0.586703 0.212857 0.116460 0.131860 -0.014601 0.314440 0.245824 0.113167 0.129190 0.037485 0.015580 -0.083631 -0.249106 -0.387677 0.070960 -0.136431 0.142026 -0.187539 -0.140907 0.011414 -0.142093 0.170975 0.045676 0.069516 -0.118401 -0.095328 0.345965 0.073946 0.169142 -0.134166 -0.096720 -0.196302 0.200795 -0.201007 -0.045943 0.149835 0.128551 -0.188257 -0.024415 -0.399339 -0.076251 -0.454102 -0.023140 0.014139 0.222216 -0.153167 0.057186 0.087854 0.147064 0.118178 0.055891 -0.006646 -0.236185 -0.371270 -0.393601 -0.275221 -0.070565 0.108120 0.016533
0.406855 0.197494 0.322215 -0.401909 -0.106107 -0.318247 0.290291 0.200316 -0.028180 -0.360788 1.000000 0.292929 0.668900 0.137164 -0.179091 -0.221981 0.058242 0.167628 -0.084491 -0.142526 0.075879 -0.082458 0.052745 -0.040838 -0.399634 -0.259096 -0.277182 -0.344388 0.073525 -0.218519 0.165059 0.374660 -0.374149 0.007498 -0.096722 0.027594 -0.341644 -0.191641 -0.301044 -0.201138 -0.175032 -0.216571 -0.052193 -0.034961 0.274337 0.229977 -0.191010 0.055055 0.269451 0.262032 0.259425 0.182795 -0.011272 -0.026562 -0.075059 0.056291 -0.201768 0.286072 -0.291636 -0.077857 -0.043486 0.360647 -0.026999 0.180718 0.226937 0.295952 -0.134704 0.043457 -0.246222 0.028089 0.172247 0.245889 0.040934 -0.013654 0.154085 0.309726 -0.332364 -0.106832 -0.163592 -0.017240 -0.051050 -0.048116 -0.069305 -0.288772 0.011643 -0.352286 0.173873 0.066114 0.002411 0.046879 0.076270 0.069916 0.096613 0.118975 0.117662 -0.113069 0.172504 -0.226373 0.076009 -0.037289 0.084768 0.076343 0.056399 -0.181449 -0.364474 -0.371114 -0.473986 -0.316408 0.016488 0.054498 0.105708 0.009789 0.251805 0.095838 -0.229293 -0.353244
0.051969 0.029270 0.050387 -0.117073 0.085039 -0.232897 0.308577 0.241842 0.266582 0.083066 0.292929 1.000000 0.230628 0.789066 -0.127389 0.086354 0.131373 0.584826 0.118842 -0.281319 -0.445115 -0.261747 -0.224785 -0.267643 -0.172742 -0.293919 -0.229153 -0.352053 0.284417 0.337842 -0.064192 0.011833 0.118022 0.126740 -0.045186 -0.073332 -0.118278 -0.339358 -0.338057 -0.409256 -0.240310 -0.214310 -0.164104 -0.235880 -0.037365 0.040215 -0.179535 -0.257027 0.106971 0.061483 0.141049 0.132683 0.150116 0.119620 0.020770 -0.057902 -0.134768 0.021533 0.004347 -0.099692 0.247185 0.375598 0.213540 0.373518 0.084248 0.291475 -0.118051 -0.089511 -0.316770 -0.347779 -0.156232 0.149838 0.109931 0.114072 -0.002647 0.115808 -0.095238 -0.258702 0.069350 0.015067 0.105069 0.227678 -0.261107 -0.189853 -0.065480 -0.183187 0.053109 -0.070907 -0.123220 0.153978 -0.212593 -0.045084 -0.022789 0.058875 0.012619 -0.057838 -0.164504 -0.378870 -0.152486 -0.041879 0.198660 0.134296 -0.031762 -0.311029 -0.305808 -0.372458 -0.248056 -0.362969 -0.078375 -0.144170 -0.291244 -0.289219 -0.001355 -0.278319 -0.167470 -0.341393
0.147142 0.095723 0.163589 -0.173927 0.054840 -0.123521 0.313693 0.288538 0.129069 -0.121105 0.668900 0.230628 1.000000 0.275476 0.124190 0.005023 0.242457 0.225844 -0.028039 -0.308827 0.070412 0.042181 0.051183 0.006877 -0.135981 -0.200214 -0.090427 -0.283905 0.105646 -0.120269 0.228800 0.295701 -0.206169 0.017310 -0.093418 0.066757 -0.359054 -0.174855 -0.300179 -0.154502 -0.159490 -0.222638 -0.115205 -0.162768 0.082783 0.136480 -0.382913 -0.149455 0.173665 0.079323 0.096569 0.018006 -0.043210 -0.128938 0.027901 -0.070116 -0.164694 0.133322 -0.179048 -0.075574 -0.040424 0.255867 0.049608 0.163120 0.190022 0.274235 -0.214395 -0.036147 -0.104707 -0.114589 0.248744 0.323345 0.215410 0.221121 0.309825 0.431272 -0.229981 -0.041385 -0.124301 -0.026932 0.003316 -0.036188 -0.030112 -0.185089 0.033885 -0.254333 0.200985 0.025801 -0.020986 0.030658 -0.092225 0.008690 0.174316 0.269462 0.084587 -0.112125 0.047819 -0.349286 -0.096063 -0.064727 0.277063 0.171076 0.242072 -0.042206 -0.314262 -0.290065 -0.472470 -0.390881 -0.141208 0.011964 -0.032129 -0.035120 0.157642 0.312352 -0.240717 -0.294118
-0.056161 0.127218 -0.095670 -0.100859 0.030856 -0.275268 0.217982 0.216300 0.111599 0.064862 0.137164 0.789066 0.275476 1.000000 -0.074091 0.259319 0.332401 0.616206 0.026302 -0.276382 -0.420901 -0.354648 -0.328093 -0.355102 -0.192664 -0.381097 -0.161930 -0.422054 0.393322 0.358923 -0.033073 -0.081445 0.186492 0.150926 -0.027588 -0.122867 0.022690 -0.307057 -0.381144 -0.288187 -0.155071 -0.083014 -0.169178 -0.253184 -0.134847 -0.026136 -0.181641 -0.261746 -0.032599 -0.037953 -0.108954 -0.014718 0.058099 0.090286 -0.023513 -0.091799 -0.013062 0.109503 0.048772 -0.046290 0.204676 0.312164 0.415396 0.396091 -0.057023 0.227353 -0.126878 -0.097517 -0.180380 -0.362119 -0.099006 0.099991 0.354653 0.277608 0.200026 0.194039 0.053804 -0.137036 0.158040 -0.002255 0.272505 0.427974 -0.192706 -0.215905 -0.111462 -0.134384 -0.064509 -0.101191 -0.207738 0.091773 -0.289038 -0.083633 -0.112847 0.034253 -0.044645 -0.038643 -0.230905 -0.396077 -0.254578 0.003055 0.203379 0.054937 0.034956 -0.251698 -0.389589 -0.374255 -0.192449 -0.327277 -0.255171 -0.199050 -0.323143 -0.233306 -0.025005 -0.245033 -0.174031 -0.248146
-0.181898 -0.087020 -0.364172 0.176316 0.081532 0.258548 -0.243811 -0.086748 0.171634 0.268784 -0.179091 -0.127389 0.124190 -0.074091 1.000000 0.431540 0.281999 0.021154 0.239004 -0.026725 0.110669 0.163442 0.058905 0.039458 0.319174 0.213289 0.248508 0.199705 0.194809 0.251254 0.255636 0.077391 0.224828 0.038484 -0.133538 -0.033495 0.121396 0.067139 0.230053 0.057798 0.242072 0.115125 0.068504 -0.046120 -0.225891 -0.236514 -0.035527 -0.120048 -0.250855 -0.219518 -0.278650 -0.239530 -0.052866 -0.163817 -0.049116 -0.209412 0.076103 -0.125282 -0.157479 -0.229939 -0.116233 -0.278911 0.105609 -0.028896 0.033581 -0.253857 -0.355231 -0.313670 -0.014121 -0.226510 -0.034328 -0.104015 0.088170 0.288446 -0.029366 0.076464 0.237157 0.008623 0.245949 0.042692 0.185220 0.060124 0.493811 0.414178 0.505645 0.360078 -0.023743 -0.022699 0.015187 -0.082735 -0.191210 -0.036932 0.040439 0.103464 -0.172205 0.129477 -0.205380 -0.034024 -0.318604 -0.032859 0.090177 0.078638 0.028675 0.051877 0.128109 0.236894 0.065743 0.070607 -0.098280 -0.160948 -0.356999 -0.076553 -0.061512 0.026908 0.199572 0.191522
-0.242548 -0.009847 -0.484896 0.173501 0.197153 0.310660 -0.244933 0.118249 0.137604 0.453011 -0.221981 0.086354 0.005023 0.259319 0.431540 1.000000 0.434843 0.176516 0.076070 -0.043909 -0.164951 -0.012802 -0.377550 -0.386768 0.184890 -0.051467 0.275488 0.122158 0.241342 0.333146 -0.124442 -0.272872 0.399144 0.207323 -0.080947 0.027288 0.110101 0.023788 0.189140 -0.038866 0.338853 0.224800 -0.232189 -0.197749 -0.463362 -0.246051 -0.137898 -0.310227 -0.365429 -0.398511 -0.393035 -0.289715 0.032545 -0.047666 -0.137373 -0.195711 0.267988 -0.118453 0.159589 0.025050 0.142086 -0.036306 0.148723 0.205592 -0.069159 -0.012254 -0.156965 -0.101291 0.070729 -0.212118 -0.291927 -0.112564 0.104742 0.305759 -0.054425 -0.060650 0.203748 -0.224418 0.316941 0.004156 0.137447 0.201388 0.110817 0.281650 0.040007 0.313898 -0.061387 -0.177472 -0.024219 0.143992 -0.358327 -0.184939 0.029940 -0.071516 -0.356327 0.055556 -0.448736 0.106897 -0.486573 -0.167004 -0.013344 0.060553 -0.137197 -0.064533 0.144563 0.269595 0.097339 0.103178 -0.239640 -0.263703 -0.449818 -0.185964 -0.256455 -0.101406 0.301876 0.222600
-0.102474 0.251373 -0.572214 0.045893 0.099312 -0.045085 -0.336514 -0.063291 0.034617 0.136937 0.058242 0.131373 0.242457 0.332401 0.281999 0.434843 1.000000 0.441376 0.073309 0.057283 0.123424 0.084125 -0.321027 -0.232079 0.122413 -0.128353 0.133079 -0.195592 0.619599 0.247389 0.128420 -0.124483 0.331066 0.191211 -0.286666 -0.193133 0.030160 -0.087045 0.033681 -0.022265 0.024706 0.223059 -0.141933 -0.268331 -0.214303 -0.200391 -0.267799 -0.219999 -0.143662 -0.125901 -0.369006 -0.168144 -0.024987 -0.095755 -0.193511 -0.260719 0.367876 0.220392 -0.063768 -0.077139 -0.027817 -0.087078 0.430042 0.395801 -0.204235 -0.202382 -0.332320 -0.366685 0.027411 -0.295857 0.093544 0.068868 0.452506 0.418654 0.222480 0.203573 0.139667 -0.139687 0.500056 0.006864 0.627622 0.485385 0.168350 -0.008382 0.183128 0.014962 0.017368 0.019045 -0.306648 0.009137 -0.246310 -0.110973 -0.211614 -0.109996 0.001533 -0.031984 -0.316087 -0.142952 -0.320870 -0.133895 -0.078657 -0.069646 -0.078394 -0.153003 -0.083858 -0.011487 -0.015712 -0.089656 -0.345658 -0.102404 -0.201638 -0.027767 -0.187122 -0.025848 0.103242 -0.008839
0.099310 0.278081 -0.304869 0.001813 0.103240 -0.187322 -0.070685 -0.036347 0.416869 0.238566 0.167628 0.584826 0.225844 0.616206 0.021154 0.176516 0.441376 1.000000 0.192935 0.006311 -0.353030 -0.109687 -0.451297 -0.359412 0.159812 -0.067809 -0.074684 -0.296533 0.516841 0.550760 -0.081177 -0.060868 0.411083 0.271090 -0.397924 -0.296785 -0.097871 -0.269693 -0.238845 -0.324913 -0.146098 -0.033724 -0.148041 -0.196100 -0.158058 -0.173652 -0.202008 -0.288027 0.003444 -0.066852 -0.129441 -0.037264 -0.080119 -0.037272 -0.146329 -0.275186 0.196746 0.125223 0.113619 0.085085 0.229891 0.214955 0.450102 0.629243 -0.185872 -0.014100 -0.116311 -0.269685 -0.086422 -0.362621 -0.280277 0.178500 0.245843 0.289664 0.070519 0.057629 0.059909 -0.275335 0.368872 0.151399 0.514408 0.502468 -0.070364 0.041914 0.087745 -0.119369 -0.184140 -0.160158 -0.391721 -0.102350 -0.333180 -0.144579 -0.252363 -0.035841 -0.056791 -0.194986 -0.359104 -0.325884 -0.299947 -0.153742 0.067083 0.042820 -0.076573 -0.277409 -0.336815 -0.261958 -0.095421 -0.200485 -0.172011 -0.198683 -0.399162 -0.327548 -0.050676 -0.191195 -0.129202 -0.164013
0.326604 0.174373 -0.025360 0.348675 0.282905 0.038898 0.111501 0.080862 0.233657 0.192588 -0.084491 0.118842 -0.028039 0.026302 0.239004 0.076070 0.073309 0.192935 1.000000 0.428904 -0.152060 0.067296 -0.091565 -0.130082 0.147193 0.002019 -0.096567 -0.006223 0.274979 0.130448 0.074080 -0.014382 0.336064 0.113244 -0.143604 -0.059782 0.136735 -0.042676 0.029375 -0.178347 -0.012867 0.063041 0.114336 0.004196 -0.057839 -0.095455 -0.002519 -0.105828 -0.112474 -0.052207 -0.100880 -0.149347 -0.151085 -0.088124 -0.112901 -0.324480 0.186128 -0.157536 -0.033192 -0.339165 0.012583 -0.256246 0.118037 0.076698 0.018720 -0.216892 -0.303698 -0.419788 0.097946 -0.283504 -0.038597 -0.030129 0.082496 0.254886 0.054439 0.105932 0.183313 -0.014011 0.214079 -0.002526 0.224794 0.182001 0.179184 0.098483 0.350838 0.186643 -0.161039 -0.324829 -0.153994 -0.311811 -0.213551 -0.197505 -0.056365 0.031275 -0.099295 -0.190674 -0.268231 -0.132989 -0.209544 -0.142799 0.144565 0.026608 -0.047800 -0.177124 0.026406 -0.052799 0.065311 -0.092997 0.052756 -0.107414 -0.207885 -0.105376 -0.054298 -0.030662 -0.044126 0.061059
0.386645 0.481398 -0.219191 0.130470 -0.130313 -0.048701 -0.298106 -0.244459 -0.145061 -0.103996 -0.142526 -0.281319 -0.308827 -0.276382 -0.026725 -0.043909 0.057283 0.006311 0.428904 1.000000 -0.003209 -0.047183 -0.064160 -0.003723 -0.058905 -0.037958 -0.117184 0.192913 0.082548 0.116128 -0.113244 -0.231636 0.190271 0.059375 -0.381522 -0.256874 0.370978 0.209389 0.288796 0.134167 0.319920 0.392112 0.112731 0.092187 -0.058941 -0.278409 0.156399 0.162220 -0.118030 0.013690 -0.304344 -0.083939 -0.219561 0.020490 -0.170377 -0.226797 0.403789 0.319331 0.007173 -0.049693 -0.133696 -0.309523 -0.016008 -0.044263 -0.383392 -0.462979 -0.226697 -0.362959 0.239889 0.174682 0.023760 -0.335558 0.107785 0.002905 0.193072 -0.193299 0.290202 0.062035 0.144942 -0.053827 0.220747 0.264948 0.309114 0.223488 0.055158 0.119670 -0.207058 -0.084805 -0.083508 -0.304931 0.098362 -0.012459 -0.153885 -0.170635 -0.094482 -0.067819 -0.255169 0.224573 0.016286 -0.150814 -0.091320 -0.177027 -0.227924 -0.008217 0.163854 0.225507 0.343608 0.425668 -0.020822 0.047445 0.058123 0.250075 0.084681 -0.063399 0.174584 0.231612
-0.027567 -0.197004 0.045479 -0.010498 -0.057868 0.045819 -0.100095 -0.134701 -0.298871 -0.304265 0.075879 -0.445115 0.070412 -0.420901 0.110669 -0.164951 0.123424 -0.353030 -0.152060 -0.003209 1.000000 0.567242 0.407216 0.446777 0.133091 0.290339 0.215098 0.206868 -0.065454 -0.275508 0.465449 0.360072 -0.351528 -0.195250 0.039697 0.140204 -0.072693 0.020530 0.068426 0.308245 -0.029893 0.091825 0.110483 0.045488 0.148176 0.020414 -0.013377 0.094393 0.078490 0.054977 0.047407 0.031011 -0.042105 -0.062266 0.051744 0.100300 -0.043668 0.090732 -0.328363 -0.237333 -0.428781 -0.363671 -0.291939 -0.335091 0.068822 -0.268099 -0.188373 -0.108206 0.129027 0.153405 0.500139 0.120368 0.119525 0.142055 0.179715 0.248195 -0.030911 0.220915 -0.065395 -0.002934 0.007592 -0.118309 0.256853 -0.100303 0.241344 -0.091121 0.218828 0.164609 0.100354 -0.023893 0.203310 0.134463 0.092365 0.114515 0.259655 0.087667 0.305377 0.110640 0.130259 0.113190 -0.136630 -0.065327 0.133562 0.101882 0.158101 0.126819 -0.079380 -0.016835 0.104064 0.309217 0.374554 0.321181 0.060441 0.216238 -0.008554 0.008905
-0.055121 -0.166389 -0.090029 0.179513 0.135233 0.201808 -0.101701 -0.087512 0.093071 -0.078121 -0.082458 -0.261747 0.042181 -0.354648 0.163442 -0.012802 0.084125 -0.109687 0.067296 -0.047183 0.567242 1.000000 0.282474 0.329334 0.360237 0.474652 0.229702 0.170446 -0.076412 -0.186259 0.107579 0.121111 -0.114245 -0.162572 -0.057959 0.198038 -0.230505 -0.114485 0.165529 0.008247 -0.152502 -0.172945 0.226331 0.158660 0.180087 0.074245 -0.054591 0.029666 0.180283 0.139948 0.114284 0.096649 -0.031258 -0.157556 0.079625 -0.070168 -0.034593 -0.000636 -0.174660 -0.089118 -0.300232 -0.253188 -0.290656 -0.154451 0.009524 -0.162974 -0.025088 -0.080071 0.239008 0.105567 0.021482 0.016138 -0.142714 0.058236 -0.098279 0.019481 -0.144611 -0.152095 -0.008522 0.075200 -0.024671 -0.166142 0.175592 -0.062236 0.243952 -0.010389 0.210382 -0.102555 -0.085434 -0.059736 -0.116758 -0.178422 -0.030566 0.030069 0.131679 -0.027802 0.174343 0.077746 0.054841 -0.122410 -0.084589 -0.042242 0.163892 0.048890 0.235086 0.217419 0.101728 -0.130589 0.126439 0.256573 0.103799 0.078651 -0.063725 0.217263 0.024923 0.181357
0.101461 -0.147584 0.327888 0.130518 -0.119714 0.285045 0.096310 -0.134448 -0.163789 -0.496621 0.052745 -0.224785 0.051183 -0.328093 0.058905 -0.377550 -0.321027 -0.451297 -0.091565 -0.064160 0.407216 0.282474 1.000000 0.858256 -0.056338 0.376145 0.086865 0.457104 -0.477598 -0.436068 0.365298 0.321088 -0.389134 -0.332683 0.233006 0.187933 -0.048847 0.133671 0.082860 0.203072 -0.029577 0.028738 0.250411 0.152802 0.194993 -0.069243 0.164955 0.253276 0.271271 0.211715 0.267063 0.244243 0.175658 0.121504 0.167768 0.096421 -0.188571 0.177576 -0.228859 -0.253687 -0.173042 -0.163990 -0.501963 -0.399005 0.192008 -0.135529 -0.174744 -0.122148 0.006385 0.190579 0.350158 -0.038887 -0.245192 -0.172352 0.031326 0.152753 -0.087700 0.173276 -0.331676 -0.051200 -0.359309 -0.283368 0.223898 -0.025269 0.169684 0.019490 0.219386 0.059671 0.289344 -0.168696 0.135377 -0.022949 0.111314 0.159368 0.156656 0.003931 0.402732 0.019915 0.319714 -0.011819 -0.118511 -0.081388 0.103999 0.036386 0.121968 0.060154 -0.137650 -0.036517 0.075527 0.126430 0.229986 0.222377 0.057045 0.052281 -0.004564 -0.121627
-0.053876 -0.208691 0.187073 0.267643 -0.078224 0.281719 -0.029731 -0.170369 -0.117691 -0.396561 -0.040838 -0.267643 0.006877 -0.355102 0.039458 -0.386768 -0.232079 -0.359412 -0.130082 -0.003723 0.446777 0.329334 0.858256 1.000000 0.090916 0.454156 0.157970 0.426730 -0.360414 -0.319828 0.397860 0.351351 -0.272183 -0.187263 0.006413 0.021505 -0.090105 0.103929 0.123271 0.260891 -0.104307 0.009869 0.114202 -0.031605 0.073131 -0.209164 0.056900 0.176782 0.247979 0.125721 0.169430 0.156256 0.176837 0.121799 0.126701 0.123579 -0.145586 0.070648 -0.214185 -0.205460 -0.197521 -0.242782 -0.409613 -0.339958 0.039166 -0.211030 -0.219320 -0.185195 0.053851 0.258355 0.343665 0.082180 -0.208418 -0.081182 0.017746 0.136509 -0.053988 0.233559 -0.285028 -0.061485 -0.273012 -0.276337 0.214591 0.043349 0.081818 -0.077251 0.288913 0.179052 0.146576 -0.079773 0.195256 0.059713 0.144894 0.134751 0.271421 0.053449 0.368164 0.008179 0.226249 0.030371 -0.092127 -0.053564 0.119019 0.105581 0.157497 0.096487 -0.110206 0.012320 0.065255 0.215172 0.298225 0.272943 0.117034 0.027727 0.023476 -0.152227
-0.311119 -0.179131 -0.186154 0.332411 0.473374 0.430655 -0.150475 -0.072618 0.506215 0.613320 -0.399634 -0.172742 -0.135981 -0.192664 0.319174 0.184890 0.122413 0.159812 0.147193 -0.058905 0.133091 0.360237 -0.056338 0.090916 1.000000 0.574467 0.606774 0.308137 0.078174 0.208071 0.087722 0.027344 0.317471 0.165722 -0.139478 -0.031011 -0.313431 -0.024558 0.001404 0.030527 -0.123084 -0.091938 -0.134933 -0.189644 -0.280472 -0.168435 -0.155252 -0.301183 -0.275460 -0.411244 -0.110088 -0.297649 -0.005284 -0.206834 0.006213 -0.202644 0.014564 -0.468322 0.106110 0.050688 0.006030 -0.189535 0.053623 0.169917 0.075972 -0.137088 0.001012 -0.041787 0.124489 -0.052643 -0.248532 0.144786 -0.231670 0.038408 -0.230274 -0.161168 -0.063701 -0.172627 0.234535 0.005838 0.078156 -0.140576 0.095272 0.244364 0.213309 0.079858 0.009379 -0.044268 -0.208344 0.005055 -0.169644 -0.135724 0.021740 0.036365 0.011214 -0.040624 -0.126845 -0.009932 -0.344684 -0.124151 -0.022924 0.107853 -0.050559 0.077469 0.197289 0.264659 0.139779 0.088009 0.070890 -0.008718 -0.154622 -0.215137 -0.316538 0.033357 0.160717 0.118344
-0.153152 -0.151294 0.068176 0.229309 0.139697 0.318201 -0.061512 -0.104408 0.192215 0.204629 -0.259096 -0.293919 -0.200214 -0.381097 0.213289 -0.051467 -0.128353 -0.067809 0.002019 -0.037958 0.290339 0.474652 0.376145 0.454156 0.574467 1.000000 0.371858 0.430269 -0.113118 0.106954 0.328754 0.322314 -0.042975 -0.072156 -0.074074 0.066349 -0.198180 -0.059220 0.047241 -0.093506 -0.062608 -0.095500 0.057704 0.050353 -0.116401 -0.160044 -0.007258 -0.111858 -0.068578 -0.142739 0.068681 -0.024090 -0.045325 -0.007600 -0.096789 -0.217586 -0.133640 -0.194852 -0.040851 0.028651 -0.096711 -0.187881 -0.106234 -0.034159 0.087822 -0.201080 0.032641 -0.037526 0.130389 0.040415 -0.107569 -0.033800 -0.286414 0.026089 -0.173598 -0.127071 -0.033793 -0.049200 0.012202 0.172722 -0.043485 -0.196231 0.351883 0.274704 0.297444 0.189801 -0.105373 -0.087900 -0.177673 -0.249244 -0.122511 -0.220697 0.055677 0.119082 0.015182 -0.123027 0.013318 0.030444 -0.145920 -0.215218 -0.073264 0.041733 0.065562 0.106881 0.169976 0.259837 0.129473 0.095980 0.084307 -0.130670 -0.067490 -0.063129 -0.224687 -0.020529 0.089406 0.120212
-0.344903 -0.230803 -0.192064 0.124848 0.407260 0.462391 -0.223816 -0.172957 0.264296 0.415992 -0.277182 -0.229153 -0.090427 -0.161930 0.248508 0.275488 0.133079 -0.074684 -0.096567 -0.117184 0.215098 0.229702 0.086865 0.157970 0.606774 0.371858 1.000000 0.517616 -0.124132 0.120298 -0.023708 -0.060468 0.140897 0.005745 0.055860 0.039410 -0.152349 0.100763 0.075147 0.175870 0.026271 0.052469 -0.177644 -0.177642 -0.313918 -0.202064 -0.094788 -0.236144 -0.256275 -0.422705 -0.038569 -0.248507 0.198418 -0.027406 -0.039054 -0.006865 0.031031 -0.317105 0.091125 0.066409 -0.048533 -0.188036 -0.033035 -0.023359 0.092854 -0.050528 0.068701 0.031553 0.067812 0.028288 -0.188950 0.009182 -0.284432 -0.035121 -0.160560 -0.204282 0.091739 -0.052881 0.079223 -0.042546 -0.071288 -0.186668 0.128274 0.179767 0.133224 0.187089 0.092842 -0.054094 -0.072771 0.190632 -0.110578 -0.042461 0.128220 0.100535 -0.048318 -0.039175 -0.039195 0.096698 -0.303350 0.032755 -0.173257 0.136586 -0.052270 0.124783 0.277340 0.311030 0.085247 0.154473 0.000215 0.108571 -0.089249 -0.114406 -0.340262 -0.001594 0.131967 -0.011722
0.008733 -0.106596 -0.142746 0.207870 0.156197 0.702995 -0.299370 -0.325582 0.061216 0.113757 -0.344388 -0.352053 -0.283905 -0.422054 0.199705 0.122158 -0.195592 -0.296533 -0.006223 0.192913 0.206868 0.170446 0.457104 0.426730 0.308137 0.430269 0.517616 1.000000 -0.446100 -0.032664 -0.011202 -0.120220 0.067706 -0.177775 0.061950 0.042354 0.231862 0.338043 0.370049 0.375413 0.358537 0.369689 0.062509 0.134511 -0.259856 -0.351536 0.196702 0.039339 -0.213209 -0.267659 -0.091321 -0.096224 0.120798 0.155014 0.113725 -0.007758 0.268376 0.050116 0.116870 -0.012647 -0.051619 -0.309076 -0.360849 -0.256508 -0.103378 -0.325862 -0.007682 -0.169529 0.211983 0.101669 -0.148444 -0.248310 -0.307765 -0.154663 -0.100609 -0.263845 0.226856 0.056997 -0.016172 -0.033038 -0.194602 -0.095204 0.277874 0.283153 0.195836 0.293680 0.023432 -0.126472 0.325215 -0.000367 -0.073125 -0.002620 -0.037233 0.018741 -0.170639 0.023426 0.100370 0.328228 -0.012088 -0.017793 -0.280699 0.022232 -0.213104 -0.048885 0.259433 0.292667 0.195289 0.281954 0.085974 -0.021441 -0.140267 0.007279 -0.114487 0.025549 0.268320 0.138981
-0.016950 0.152717 -0.353925 -0.001574 0.031657 -0.300634 -0.189530 -0.099068 0.000370 0.162006 0.073525 0.284417 0.105646 0.393322 0.194809 0.241342 0.619599 0.516841 0.274979 0.082548 -0.065454 -0.076412 -0.477598 -0.360414 0.078174 -0.113118 -0.124132 -0.446100 1.000000 0.481375 0.211648 -0.008632 0.247859 0.194228 -0.303840 -0.153698 0.018491 -0.143719 -0.160915 -0.189894 -0.044099 0.002026 -0.194054 -0.315169 -0.208125 -0.180890 -0.220419 -0.204791 -0.186012 -0.112821 -0.333320 -0.180953 -0.087619 -0.031372 -0.276114 -0.185118 0.141503 -0.030357 -0.016460 -0.126093 0.013152 -0.064750 0.536639 0.382013 -0.191360 -0.165403 -0.257772 -0.331330 -0.035918 -0.343772 0.182583 0.183067 0.627278 0.483141 0.225065 0.128549 0.175620 -0.068083 0.540244 0.232340 0.664104 0.424735 0.083263 0.011141 0.138305 -0.137774 -0.104611 0.003567 -0.300453 -0.029341 -0.133004 0.004532 -0.137669 -0.019299 0.089713 0.065742 -0.275397 -0.178911 -0.277867 -0.026833 0.115425 -0.047351 -0.007146 -0.162463 -0.121717 -0.102418 -0.035640 -0.101991 -0.195336 -0.032280 -0.144256 -0.039609 -0.125360 0.005919 0.089867 0.014374
-0.158695 0.047997 -0.337293 -0.031257 0.119088 -0.147150 -0.103732 -0.072155 0.212516 0.475788 -0.218519 0.337842 -0.120269 0.358923 0.251254 0.333146 0.247389 0.550760 0.130448 0.116128 -0.275508 -0.186259 -0.436068 -0.319828 0.208071 0.106954 0.120298 -0.032664 0.481375 1.000000 0.056526 -0.042864 0.281055 0.154961 -0.338583 -0.205193 0.147516 -0.044608 -0.016947 -0.167666 0.240870 0.129355 -0.192360 -0.268130 -0.407935 -0.310322 -0.101095 -0.317630 -0.290281 -0.251772 -0.238263 -0.114268 0.032297 0.139254 -0.095548 -0.139930 0.073924 -0.086848 -0.022926 -0.075913 -0.097896 -0.055181 0.334104 0.193683 -0.176961 -0.122137 -0.153765 -0.241070 0.018317 -0.282189 -0.208749 -0.062694 0.263637 0.385874 0.003871 -0.102263 0.340918 0.014533 0.331024 0.325428 0.390650 0.338923 0.215844 0.383502 0.149657 0.214060 -0.166153 -0.050201 -0.288909 -0.016292 -0.209334 -0.084859 -0.125202 0.086749 -0.129582 0.088094 -0.455239 -0.005051 -0.351816 0.024648 0.134120 0.099967 -0.084711 0.067390 -0.069349 0.148400 0.165536 0.162521 -0.037702 -0.214162 -0.426832 -0.259559 -0.140301 -0.186277 0.033719 0.076726
0.001079 -0.055008 0.114994 0.024131 -0.087144 -0.126956 0.144356 0.044455 -0.175528 -0.136296 0.165059 -0.064192 0.228800 -0.033073 0.255636 -0.124442 0.128420 -0.081177 0.074080 -0.113244 0.465449 0.107579 0.365298 0.397860 0.087722 0.328754 -0.023708 -0.011202 0.211648 0.056526 1.000000 0.752364 -0.222705 0.042482 -0.014007 0.025243 -0.106534 -0.116246 -0.178953 0.091183 -0.055339 -0.043689 -0.073826 -0.152387 0.018844 -0.012814 -0.039524 -0.008141 -0.070433 -0.021933 -0.056064 -0.093313 -0.081231 0.031999 -0.127636 0.016070 -0.218323 -0.034710 -0.434714 -0.479680 -0.361306 -0.258740 0.012568 -0.090554 0.211949 -0.194880 -0.382612 -0.249300 -0.112424 -0.165918 0.503531 0.365020 0.271668 0.409208 0.186181 0.424919 -0.004701 0.354914 -0.057199 0.008538 0.096990 -0.001870 0.333446 -0.049603 0.305750 -0.067814 0.103938 0.132461 -0.114628 -0.170627 0.055326 0.098310 0.022383 0.224146 0.280313 0.138779 0.158129 -0.179842 -0.077526 0.093342 0.025512 0.022301 0.108632 0.077591 -0.114315 -0.012350 -0.315275 -0.070612 -0.029493 0.037658 0.152299 0.162077 0.007542 -0.002657 -0.073906 -0.226117
0.047323 -0.087675 0.368841 -0.103501 -0.044304 -0.177493 0.365258 0.272795 0.004636 -0.154491 0.374660 0.011833 0.295701 -0.081445 0.077391 -0.272872 -0.124483 -0.060868 -0.014382 -0.231636 0.360072 0.121111 0.321088 0.351351 0.027344 0.322314 -0.060468 -0.120220 -0.008632 -0.042864 0.752364 1.000000 -0.246529 0.181642 0.047686 0.114691 -0.290706 -0.259446 -0.226827 -0.091747 -0.214952 -0.221330 -0.059782 -0.088325 0.135038 0.201324 -0.103091 -0.044321 -0.016840 0.057091 0.119531 -0.038472 -0.157938 -0.131289 -0.062258 0.001102 -0.422406 -0.147764 -0.419382 -0.305462 -0.212527 0.031699 -0.105510 -0.002904 0.422711 0.086927 -0.224643 -0.001782 -0.272029 -0.112408 0.240474 0.440806 -0.075719 0.225703 -0.037655 0.350017 -0.187913 0.288062 -0.207532 -0.040705 -0.119088 -0.186407 0.264778 0.014732 0.163810 -0.079935 0.050905 0.068893 -0.133592 -0.182507 -0.003411 0.007078 0.173368 0.222818 0.141124 -0.016860 0.141416 -0.253080 -0.103635 -0.044319 0.214369 0.103662 0.179688 -0.022744 -0.198124 -0.163446 -0.449079 -0.188309 0.150053 -0.026083 0.112681 0.060443 0.166927 -0.054437 -0.289167 -0.340402
-0.060320 0.214963 -0.457027 0.322599 0.160829 0.236310 -0.229448 0.004883 0.304449 0.390308 -0.374149 0.118022 -0.206169 0.186492 0.224828 0.399144 0.331066 0.411083 0.336064 0.190271 -0.351528 -0.114245 -0.389134 -0.272183 0.317471 -0.042975 0.140897 0.067706 0.247859 0.281055 -0.222705 -0.246529 1.000000 0.668270 -0.187558 -0.200176 0.074423 -0.102398 0.123599 -0.075346 0.090053 0.175771 -0.131071 -0.119612 -0.368805 -0.232411 -0.098054 -0.318990 -0.388050 -0.401609 -0.492733 -0.406035 -0.151556 -0.199370 -0.222681 -0.389644 0.417835 -0.137756 0.308855 0.137416 0.392297 -0.004068 0.234320 0.454854 -0.126516 -0.179097 -0.089072 -0.208207 0.074672 -0.373113 -0.460049 -0.047230 -0.031448 0.178532 -0.114385 -0.131112 0.230269 -0.117846 0.325110 -0.139286 0.346427 0.357152 0.097859 0.253273 0.089351 0.221244 -0.127032 -0.218970 -0.261217 -0.114216 -0.391956 -0.315495 -0.209535 -0.161830 -0.158804 -0.106597 -0.341102 -0.063589 -0.432765 -0.265987 -0.065329 0.056302 -0.218911 -0.185350 -0.054946 -0.000138 0.035243 -0.024633 -0.076689 -0.227038 -0.406177 -0.236598 -0.048686 -0.164808 -0.008204 0.082580
-0.090546 0.225658 -0.076251 0.229610 -0.029351 -0.002329 0.113888 0.341243 0.139880 0.213992 0.007498 0.126740 0.017310 0.150926 0.038484 0.207323 0.191211 0.271090 0.113244 0.059375 -0.195250 -0.162572 -0.332683 -0.187263 0.165722 -0.072156 0.005745 -0.177775 0.194228 0.154961 0.042482 0.181642 0.668270 1.000000 -0.144046 0.047030 -0.265195 -0.315608 -0.141087 -0.192292 -0.104590 -0.048032 -0.347053 -0.345357 -0.212776 0.115799 -0.406692 -0.407870 -0.384569 -0.313962 -0.512224 -0.441353 -0.371749 -0.362821 -0.416713 -0.316454 0.079800 -0.195835 0.103404 0.192053 0.343373 0.289310 0.194885 0.530189 0.220261 0.214660 -0.186067 0.174652 -0.174869 -0.187885 -0.290497 0.273319 -0.065096 0.135240 -0.056911 0.039239 -0.127325 -0.000213 0.069202 -0.148592 0.165654 0.139069 0.011239 0.175849 -0.139614 -0.125608 0.016257 -0.006623 -0.411451 -0.008966 -0.183680 -0.251777 0.002212 -0.170663 0.024650 -0.066720 -0.206368 -0.253284 -0.484842 -0.294365 0.166896 0.074462 -0.116075 -0.232496 -0.273823 -0.199107 -0.339328 -0.158672 -0.002733 -0.128438 -0.076754 -0.215336 0.053837 -0.193876 -0.128474 -0.227542
-0.183431 -0.242769 0.277631 -0.123115 0.073996 0.135330 0.211682 0.097208 -0.130967 -0.158654 -0.096722 -0.045186 -0.093418 -0.027588 -0.133538 -0.080947 -0.286666 -0.397924 -0.143604 -0.381522 0.039697 -0.057959 0.233006 0.006413 -0.139478 -0.074074 0.055860 0.061950 -0.303840 -0.338583 -0.014007 0.047686 -0.187558 -0.144046 1.000000 0.620837 0.137405 0.075971 -0.004969 0.184608 -0.077254 -0.113351 0.000108 0.077992 0.113807 0.371737 0.109768 0.035697 -0.145487 -0.059335 0.027999 -0.123210 0.011872 -0.105765 0.152815 0.089775 -0.239411 -0.159303 0.033744 -0.118396 0.150242 -0.044740 -0.200824 -0.240171 0.402365 0.188875 0.313484 0.403632 -0.009843 0.000037 0.047018 0.011891 -0.168027 -0.229484 -0.110755 -0.049472 0.070942 0.177013 -0.078112 -0.127884 -0.245989 -0.096553 -0.192465 -0.307526 -0.023901 0.061583 0.008456 -0.053091 0.379611 -0.004657 -0.104418 -0.057554 0.037138 0.040236 0.047126 0.144489 0.337212 0.065927 0.076185 0.010441 -0.029393 0.059073 0.163744 0.085151 0.136875 0.039135 -0.035099 -0.039705 0.140503 0.189474 0.199632 0.028678 -0.167039 0.033760 -0.082772 0.023044
-0.190676 -0.156811 0.268790 0.056667 0.044738 0.110912 0.237448 0.240834 -0.073176 -0.158798 0.027594 -0.073332 0.066757 -0.122867 -0.033495 0.027288 -0.193133 -0.296785 -0.059782 -0.256874 0.140204 0.198038 0.187933 0.021505 -0.031011 0.066349 0.039410 0.042354 -0.153698 -0.205193 0.025243 0.114691 -0.200176 0.047030 0.620837 1.000000 -0.101525 0.032936 0.006259 -0.006629 -0.055896 -0.124460 -0.033155 -0.042686 0.130056 0.513647 -0.188832 -0.083284 -0.216961 -0.010435 -0.057241 -0.130694 -0.200962 -0.233187 -0.024472 -0.016169 -0.270872 -0.223333 -0.059609 -0.057832 0.003899 0.028878 -0.283241 -0.198723 0.482605 0.360572 0.098715 0.527514 -0.038797 0.178599 0.046184 0.072971 -0.158295 -0.073685 -0.156787 0.016663 -0.151840 0.029430 -0.050588 0.088538 -0.249215 -0.179112 -0.137469 -0.151113 -0.058211 -0.067935 0.036060 -0.060698 0.179643 0.003631 -0.219232 -0.197769 -0.027701 -0.092091 -0.032278 0.023499 0.191302 0.067593 -0.125020 -0.215126 0.041985 -0.045396 0.111791 -0.025911 0.091357 0.032384 -0.085662 -0.114329 0.034543 0.204213 0.220550 -0.099674 -0.279186 0.027189 0.014989 0.090055
