1.000000 0.380409 0.041988 0.116054 0.188437 -0.009189 -0.180798 -0.052038 0.035512 0.018846 0.319812 -0.002835 -0.053712 -0.186146 0.003288 -0.281304 0.129132 0.010386 0.168856 0.229757 -0.149683 0.260921 0.295778 0.138996 0.218309 0.170820 -0.197573 -0.144660 -0.044957 -0.233037 -0.136605 0.135907 0.028803 0.094963 -0.150854 -0.211830 -0.033695 0.073008 0.368798 0.351161 -0.200036 0.136653 -0.324494 -0.291142 -0.189365 -0.203728 -0.333644 -0.300528 -0.156747 -0.223742 -0.040841 0.019580 -0.208775 -0.158863 -0.104132 -0.019092 0.560774 0.264121 0.124155 -0.099106 0.086051 0.011000 0.003177 0.120870 0.095920 0.060720 -0.159241 -0.209839 0.157667 -0.103318 -0.031845 0.099036 0.004972 0.034206 0.183677 0.059338 0.030151 -0.147218 0.083399 -0.024142 -0.098945 -0.124275 0.059306 0.040307 0.065336 0.058124 0.342711 0.354059 0.118413 0.085449 -0.334717 -0.100140 -0.285004 -0.266443 -0.128496 -0.233985 -0.165620 0.068510 -0.397790 0.158076 -0.326785 -0.164939 -0.224151 -0.258134 -0.251495 -0.190520 0.326974 0.214799 -0.075863 -0.140844 0.007345 0.036778 0.107142 -0.193335 -0.209137 0.078630
0.380409 1.000000 -0.275122 0.194855 0.275596 0.153607 -0.165606 0.199398 -0.064405 0.180511 0.048598 0.343524 0.045154 0.266297 -0.015297 0.050140 0.085094 -0.062856 -0.067327 0.246674 0.109286 0.107680 -0.379345 -0.323633 -0.183209 -0.220968 -0.014433 -0.034415 -0.021135 0.164124 -0.172726 -0.099377 0.256342 0.348488 -0.287597 -0.160517 0.033137 0.143454 -0.029909 0.113029 -0.075631 0.185049 -0.180437 -0.232496 0.035630 0.038731 -0.189839 -0.203613 -0.141396 -0.052709 -0.128979 -0.074084 -0.041432 -0.339910 -0.168816 -0.143465 0.360837 0.496913 0.091523 0.269131 0.192498 0.413218 0.208210 0.359069 -0.294020 -0.077225 0.061606 -0.043143 0.313891 0.104532 -0.101718 -0.068060 0.086175 0.240021 -0.002632 0.031285 -0.117401 -0.114764 -0.024301 0.025963 0.171337 0.094206 -0.170385 0.114267 -0.103617 -0.000008 -0.047347 0.000247 -0.003967 0.155588 -0.296847 -0.429578 -0.219401 -0.337396 -0.174820 -0.091693 -0.071755 -0.133970 -0.108084 -0.224194 -0.170176 -0.230934 -0.067531 -0.245626 -0.220095 -0.249374 0.116380 0.063880 -0.208452 -0.261482 -0.316691 -0.077215 -0.056488 -0.254417 -0.322185 -0.204437
0.041988 -0.275122 1.000000 0.425162 0.131705 0.066645 0.698229 0.476671 0.272702 0.180458 0.186507 -0.021184 0.310509 -0.022858 0.070160 -0.122537 -0.156728 -0.333182 0.570418 -0.077250 0.072075 -0.025678 0.607108 0.303701 0.256257 0.230526 0.182865 0.189314 -0.093471 -0.382834 0.153604 0.140719 -0.040642 -0.131527 0.175192 0.003751 -0.035598 -0.142366 -0.056029 -0.095427 -0.216407 -0.411932 0.152224 0.110720 0.104507 0.030749 0.127904 -0.021288 0.136537 -0.003142 0.561799 0.216558 0.171809 -0.045002 -0.021691 0.068583 -0.386725 -0.496114 -0.047856 -0.195027 0.263489 0.078675 -0.197214 -0.431665 0.487580 0.411424 0.035208 0.141681 -0.337805 -0.251119 -0.225814 -0.277590 -0.053556 -0.338214 -0.046631 -0.260905 0.023385 -0.099874 0.008544 -0.213920 -0.373369 -0.408936 0.023714 -0.148458 0.131764 0.118911 0.058331 0.009552 0.141501 0.002522 -0.037173 -0.006740 0.099639 -0.112346 -0.133302 -0.189247 -0.312278 -0.398555 -0.209664 -0.270410 -0.189928 -0.133703 -0.314715 -0.333974 -0.310846 -0.286251 -0.090549 -0.366846 -0.190584 -0.229400 -0.021465 -0.445956 0.059671 -0.275388 -0.287919 -0.307586
0.116054 0.194855 0.425162 1.000000 0.394877 0.106808 0.229358 0.755374 0.043503 0.533485 0.217522 0.215274 -0.043098 -0.100033 -0.159521 -0.116578 -0.056361 -0.331431 0.298456 0.134851 0.228396 0.343431 0.348817 0.392139 0.268914 0.245942 0.033040 0.039704 -0.392954 -0.331931 0.165241 0.447186 -0.235476 -0.078496 -0.102655 -0.187039 -0.027261 -0.117302 0.035836 0.117057 -0.241260 -0.067813 -0.016330 -0.145320 0.048520 0.068014 -0.120552 -0.240867 0.005189 -0.061738 0.386331 0.175235 0.075989 -0.185409 -0.304171 -0.030688 -0.251024 -0.267242 -0.125658 0.119522 0.119387 0.106436 -0.339348 -0.290414 0.322844 0.428992 0.023702 0.303220 -0.156646 -0.091665 0.008958 0.121667 -0.280702 0.052616 0.004332 0.002928 -0.060819 -0.161675 0.002599 -0.307829 -0.142239 -0.197657 0.090495 0.039062 0.312402 0.466379 0.263101 0.210867 0.211483 0.147316 -0.225513 -0.331378 -0.089544 -0.455785 -0.415782 -0.364582 -0.538379 -0.473378 -0.435214 -0.303972 -0.332953 -0.466956 -0.435390 -0.528978 -0.486484 -0.452602 0.119861 -0.117455 -0.375908 -0.451820 -0.240739 -0.339775 0.181218 -0.493683 -0.432251 -0.409455
0.188437 0.275596 0.131705 0.394877 1.000000 0.382597 -0.158341 0.225257 0.408852 0.638352 0.087025 0.143383 -0.266016 -0.160333 0.059289 -0.040853 -0.072086 -0.191498 0.139258 0.159776 0.340968 0.616821 0.165610 0.301866 0.267712 0.193548 0.339051 0.293237 -0.339218 -0.408274 -0.383528 -0.001991 -0.164672 -0.190552 -0.269353 -0.178626 0.169268 0.107690 0.373519 0.544900 0.063234 0.207709 0.084813 0.037840 0.067010 0.078580 0.007557 -0.010699 0.094969 0.081677 0.177060 0.135863 0.132467 -0.070477 -0.092320 0.226004 -0.129006 -0.073496 0.296492 0.362728 -0.008416 0.261556 -0.136426 -0.206333 -0.048498 0.174914 0.099507 0.056543 -0.008987 -0.082060 -0.161807 -0.074889 -0.203142 -0.283196 -0.232198 -0.132153 -0.315987 -0.384491 -0.049946 -0.185206 -0.133088 -0.213294 0.305659 0.112832 0.298141 0.069663 0.378369 0.236744 0.561820 0.530473 -0.142361 -0.310483 -0.140703 -0.246265 -0.344512 -0.111877 -0.322971 -0.283904 -0.219284 -0.065115 -0.239767 -0.196123 -0.312517 -0.320809 -0.275001 -0.228572 0.077877 -0.070548 -0.188377 -0.421895 0.096126 -0.151129 0.205461 -0.273896 -0.295825 -0.069233
-0.009189 0.153607 0.066645 0.106808 0.382597 1.000000 -0.104735 -0.048812 0.199786 0.363459 -0.214978 0.007197 -0.117362 -0.122686 0.548350 0.515123 -0.318633 -0.377696 -0.105646 0.124516 0.160201 0.243957 0.033877 0.136151 0.313685 0.417772 0.617741 0.627816 -0.211920 -0.198332 -0.203461 -0.198896 -0.313401 -0.346371 -0.137382 -0.023320 -0.160656 0.111377 0.099840 0.193922 0.085150 0.178673 -0.002349 -0.081398 0.078931 0.141157 0.105171 0.064487 0.049911 -0.003584 0.188965 0.050571 0.402409 0.108357 0.525899 0.138584 -0.013537 -0.098651 0.233055 0.259958 -0.092279 0.139721 -0.101931 -0.205827 -0.138412 0.068875 0.035700 0.114584 0.018282 0.036174 -0.256584 -0.172609 -0.284905 -0.265159 -0.249464 -0.122997 -0.183220 -0.067475 -0.289634 -0.230948 -0.185813 -0.418625 0.299966 0.505272 -0.047420 0.015385 0.064543 0.324763 0.388023 0.480516 0.020172 -0.274802 -0.052522 -0.147474 0.152348 0.257870 0.179974 0.023735 0.113793 -0.010481 -0.058600 -0.077054 -0.072712 -0.196442 -0.133726 -0.113896 0.035810 0.043054 -0.006995 0.072678 -0.118045 0.039325 -0.287533 -0.167952 -0.127637 -0.036323
-0.180798 -0.165606 0.698229 0.229358 -0.158341 -0.104735 1.000000 0.558041 0.075126 -0.101674 0.054294 0.191728 0.456945 0.340526 0.018312 0.058954 0.071679 -0.017708 0.376818 -0.143541 -0.069567 -0.357716 0.224682 -0.167373 -0.229787 -0.236002 0.054015 -0.023873 0.317737 0.113420 0.278184 0.104934 0.260614 0.224415 0.150316 0.032629 -0.120727 -0.141829 -0.284038 -0.318774 -0.042297 -0.352913 0.090431 0.084158 0.090838 -0.063924 0.133843 -0.038692 -0.011940 -0.110042 0.305760 -0.082267 0.207384 -0.158983 -0.048176 -0.135520 -0.244900 -0.274072 -0.200569 -0.158405 0.290586 0.229408 0.185914 -0.042563 0.382245 0.148379 0.034303 -0.009142 -0.130057 -0.190035 -0.089668 -0.322250 0.297453 -0.103260 0.123653 -0.275283 0.169980 0.105199 0.144561 -0.032693 -0.121676 -0.092285 -0.109886 0.011882 -0.144359 -0.024532 -0.143111 -0.191735 -0.161722 -0.142148 0.149071 -0.049471 0.165027 -0.120393 -0.069912 -0.069731 -0.199463 -0.346718 0.009028 -0.364249 -0.139199 -0.054525 -0.179556 -0.286283 -0.286508 -0.304155 -0.132214 -0.373110 -0.142946 -0.075335 -0.231398 -0.367104 -0.068015 -0.213094 -0.273955 -0.387689
-0.052038 0.199398 0.476671 0.755374 0.225257 -0.048812 0.558041 1.000000 -0.000949 0.383588 0.270176 0.439878 0.285578 0.305590 -0.155792 -0.005244 0.131437 -0.178648 0.266209 -0.059155 0.149159 0.055189 0.089565 0.033261 -0.112114 -0.138778 0.014206 -0.085125 -0.079038 -0.005805 0.177877 0.257990 -0.014512 0.098432 -0.096578 -0.201115 -0.077598 -0.163778 -0.215808 -0.124952 -0.249092 -0.202417 0.133983 0.070163 0.147216 0.071283 0.050485 -0.114276 0.069320 0.026796 0.317182 0.062336 0.155274 -0.248940 -0.347192 -0.058909 -0.269884 -0.252499 -0.108599 0.067510 0.329719 0.378439 0.013928 -0.115627 0.364007 0.316055 0.070983 0.135867 -0.178226 -0.118361 0.038429 -0.071147 -0.001105 0.112767 0.013542 -0.090167 -0.104417 -0.206553 0.138169 -0.177687 -0.052386 -0.045122 -0.075976 -0.029264 0.114924 0.277664 -0.017923 -0.010085 0.025961 0.000856 -0.082256 -0.285598 -0.019432 -0.438222 -0.393135 -0.297800 -0.438122 -0.496038 -0.222395 -0.384341 -0.304847 -0.458919 -0.414075 -0.517461 -0.517044 -0.538436 -0.036690 -0.253763 -0.339772 -0.428790 -0.300893 -0.404077 0.075106 -0.476192 -0.465881 -0.531417
0.035512 -0.064405 0.272702 0.043503 0.408852 0.199786 0.075126 -0.000949 1.000000 0.204777 0.077131 -0.007368 0.271796 0.064633 0.476565 0.195376 -0.214926 -0.221849 0.218051 -0.116344 0.069148 0.044021 0.162042 0.104357 0.134716 0.059335 0.372243 0.264283 0.067249 -0.150351 -0.133912 -0.068211 -0.009510 -0.042919 0.134415 0.078708 0.136497 0.192884 0.039935 0.062771 -0.049656 -0.042173 0.017855 0.026480 -0.015902 -0.086631 0.065101 -0.097921 -0.090093 -0.144893 0.178587 0.001017 0.113653 0.102039 0.130737 0.115156 -0.204996 -0.279959 0.153947 -0.005425 0.293679 0.061317 -0.078022 -0.254052 0.267138 0.197090 0.075341 -0.119521 -0.090184 -0.201441 -0.157741 -0.162932 0.099647 -0.251529 -0.126489 -0.159348 -0.114526 -0.139011 -0.191818 0.078597 -0.343965 -0.204860 -0.029991 -0.080645 0.005547 -0.028944 -0.174623 -0.060035 0.186677 0.099621 -0.076836 0.000971 0.064320 0.046509 0.055134 0.036412 0.036164 -0.083939 -0.190637 -0.163985 -0.029701 -0.033757 -0.126171 -0.098698 -0.092454 -0.032906 -0.159736 -0.153568 0.000800 -0.149607 -0.005320 -0.234600 0.014022 0.002234 -0.034837 -0.021167
0.018846 0.180511 0.180458 0.533485 0.638352 0.363459 -0.101674 0.383588 0.204777 1.000000 0.121444 0.210526 -0.144525 -0.076072 0.092882 0.073633 -0.094869 -0.238361 0.100149 0.091702 0.402882 0.560515 0.110742 0.338210 0.362918 0.294195 0.190945 0.162849 -0.391461 -0.283409 -0.189427 0.094770 -0.324765 -0.252378 -0.316875 -0.369436 0.080073 0.011470 0.152393 0.210678 0.039897 0.171201 0.130933 -0.008309 0.014235 0.020724 0.031889 -0.069225 0.107603 0.053750 0.238630 0.175962 0.267232 0.025212 -0.010892 0.204735 -0.326678 -0.188042 0.108260 0.183784 0.066160 0.220488 -0.224182 -0.231439 0.120479 0.201661 0.016650 0.107423 -0.148636 -0.051386 -0.056120 0.053754 -0.281689 -0.072421 -0.156321 0.042094 -0.279006 -0.358400 0.006321 -0.129048 -0.129025 -0.181235 0.335898 0.134516 0.389838 0.209129 0.252676 0.267684 0.421708 0.425061 -0.171935 -0.297866 -0.109127 -0.332648 -0.151341 -0.120354 -0.282026 -0.227207 -0.228088 -0.111886 -0.149127 -0.342569 -0.357605 -0.328255 -0.275877 -0.251236 0.033146 -0.014674 -0.211900 -0.381250 0.064660 -0.119505 0.042279 -0.245757 -0.164306 -0.093716
0.319812 0.048598 0.186507 0.217522 0.087025 -0.214978 0.054294 0.270176 0.077131 0.121444 1.000000 0.465346 0.399330 0.036679 -0.018665 -0.122979 0.445307 0.280059 0.165301 -0.043932 -0.089858 0.029281 0.184164 0.092834 0.024742 -0.038542 -0.207229 -0.195429 0.191665 0.004254 -0.105403 0.069508 -0.190665 -0.035034 0.059880 -0.129675 0.003709 -0.155958 0.065704 0.003028 -0.240283 -0.059340 -0.000082 0.053165 -0.047348 -0.036111 -0.061485 -0.040832 0.000654 -0.102241 -0.042409 -0.043480 -0.282950 -0.073842 -0.278650 -0.020670 -0.096024 -0.214588 -0.058562 -0.274433 0.284816 -0.031589 0.109309 -0.078937 0.446354 0.211657 -0.074100 -0.123100 -0.165481 -0.124392 0.038623 -0.024948 -0.002633 -0.009705 -0.044902 -0.057890 -0.169179 -0.181307 0.149532 -0.121900 -0.088785 0.168888 0.198370 -0.003397 0.201122 0.204692 0.209510 0.194216 0.055944 -0.199557 -0.182129 0.041821 -0.020371 -0.179591 -0.245256 -0.421575 -0.203647 -0.115402 -0.270579 -0.243209 -0.180317 -0.288298 -0.196535 -0.213589 -0.197454 -0.165774 0.007697 0.086546 -0.185768 -0.249811 0.087865 -0.153993 -0.047945 -0.188570 -0.067471 -0.056647
-0.002835 0.343524 -0.021184 0.215274 0.143383 0.007197 0.191728 0.439878 -0.007368 0.210526 0.465346 1.000000 0.295861 0.490456 0.010113 0.308843 0.361142 0.254231 -0.056146 -0.119128 0.078660 0.016927 -0.207276 -0.208354 -0.257048 -0.277243 0.069801 -0.044516 0.287925 0.241479 -0.082931 -0.102160 0.059343 0.195476 -0.116733 -0.098477 -0.039958 -0.235841 -0.151535 -0.167751 0.051775 -0.036697 0.094496 0.122667 0.189762 0.151470 0.009437 -0.017415 -0.011146 0.043914 -0.029273 -0.101321 -0.080931 -0.187935 -0.179050 -0.050287 -0.065789 -0.109355 -0.025781 -0.008767 0.193675 0.357499 0.211109 0.042354 0.086231 0.155224 0.039583 -0.017615 0.031201 -0.092981 0.004350 -0.186207 0.109926 0.000237 -0.078133 -0.130062 -0.258672 -0.187656 0.256442 -0.069242 0.143203 0.321704 0.103792 0.247944 0.048936 0.095033 -0.014400 -0.059210 0.079681 -0.082092 -0.093708 -0.275739 -0.000604 -0.223827 -0.268887 -0.197221 -0.196041 -0.234301 -0.053344 -0.358248 -0.103401 -0.221142 -0.193832 -0.234829 -0.238988 -0.280156 -0.037040 -0.070641 -0.299007 -0.300024 -0.215568 -0.304511 -0.099039 -0.207273 -0.267733 -0.278312
-0.053712 0.045154 0.310509 -0.043098 -0.266016 -0.117362 0.456945 0.285578 0.271796 -0.144525 0.399330 0.295861 1.000000 0.582266 0.349479 0.242491 0.131254 0.063093 0.203120 -0.272034 -0.160659 -0.462660 -0.235346 -0.315502 -0.350664 -0.366898 0.061992 -0.052085 0.394531 0.343151 0.065138 -0.244390 0.119534 0.106866 0.271981 0.075632 -0.029937 0.048490 -0.415553 -0.458027 -0.230236 -0.256324 0.060457 0.070754 -0.008758 -0.159372 0.172035 0.032837 -0.077615 -0.194513 0.027255 -0.167616 0.061918 -0.104761 0.054482 -0.136444 -0.101940 -0.276044 -0.004634 -0.191206 0.680323 0.312993 0.374336 0.047292 0.432298 0.232888 0.050225 -0.259066 -0.121037 -0.165872 -0.017440 -0.249277 0.352537 0.104741 0.073399 -0.064816 0.175900 0.127578 0.024537 0.153891 -0.129307 0.081914 -0.281986 -0.160703 -0.324148 -0.187698 -0.408169 -0.219463 -0.236664 -0.262206 0.001763 0.064880 0.145187 0.000173 0.061165 -0.061239 0.080654 -0.093546 0.007786 -0.298701 0.014934 -0.117132 -0.055394 -0.071886 -0.101583 -0.139521 -0.273835 -0.226459 -0.076964 0.049626 -0.082611 -0.182189 -0.217501 -0.029036 -0.045481 -0.216778
-0.186146 0.266297 -0.022858 -0.100033 -0.160333 -0.122686 0.340526 0.305590 0.064633 -0.076072 0.036679 0.490456 0.582266 1.000000 0.085501 0.318375 0.164635 0.070674 0.080113 -0.201651 0.108209 -0.307369 -0.486753 -0.513039 -0.490517 -0.503842 0.127900 0.013065 0.332617 0.419066 0.076947 -0.305074 0.236087 0.213360 0.016442 0.073607 -0.080848 -0.009205 -0.455627 -0.357448 -0.033364 -0.077833 0.158222 0.100356 0.193760 0.053209 0.170465 0.067950 0.032028 0.078513 -0.039605 -0.210995 0.206989 -0.211228 -0.048245 -0.093388 -0.009913 0.011428 -0.040465 0.062209 0.466073 0.579769 0.383252 0.303964 -0.037402 0.004701 0.007345 -0.255781 0.099145 0.017178 0.208304 -0.170179 0.355287 0.198657 0.078967 -0.111051 -0.024693 -0.001991 0.077491 0.211340 0.162044 0.244407 -0.286164 -0.107397 -0.235487 -0.265809 -0.435339 -0.349318 -0.120061 -0.058817 0.166968 -0.069444 0.097610 -0.029328 -0.108839 0.062644 -0.030415 -0.235925 0.177284 -0.296747 -0.000268 -0.004895 -0.073656 -0.089368 -0.175130 -0.258361 -0.254754 -0.332327 -0.162374 -0.098166 -0.271833 -0.247105 -0.097946 -0.083039 -0.248980 -0.394295
0.003288 -0.015297 0.070160 -0.159521 0.059289 0.548350 0.018312 -0.155792 0.476565 0.092882 -0.018665 0.010113 0.349479 0.085501 1.000000 0.653819 -0.302068 -0.210376 -0.032622 -0.058507 -0.068890 -0.097181 -0.073967 -0.079335 0.212949 0.234882 0.489654 0.382381 0.292871 0.186778 -0.004486 -0.146752 -0.130954 -0.216991 0.035987 -0.082137 -0.040411 0.168552 -0.080730 -0.105826 0.085105 0.099538 0.044197 -0.030891 -0.042849 -0.152944 0.211602 0.035823 -0.072872 -0.185804 0.093079 -0.040850 0.393312 0.278683 0.620021 0.147352 0.016919 -0.327028 0.147422 0.035860 0.157052 -0.011654 0.078716 -0.137595 0.077806 0.025750 -0.036808 -0.220515 -0.042448 -0.190213 -0.130025 -0.156417 0.127306 -0.074099 0.028579 -0.078059 -0.022587 -0.003616 -0.220195 0.063334 -0.239974 -0.140956 0.114601 0.412211 -0.289166 -0.049174 -0.266322 0.143701 0.037246 0.146107 -0.034566 -0.094207 -0.038287 -0.125698 0.349981 0.259294 0.351624 0.151738 0.087585 0.025598 -0.051074 -0.158138 -0.087985 -0.138333 -0.077150 -0.078317 -0.036759 0.020183 0.057945 0.163525 -0.006303 0.094513 -0.334678 -0.045902 0.046410 0.029508
-0.281304 0.050140 -0.122537 -0.116578 -0.040853 0.515123 0.058954 -0.005244 0.195376 0.073633 -0.122979 0.308843 0.242491 0.318375 0.653819 1.000000 -0.083636 -0.118486 -0.215071 -0.214171 0.015625 -0.154896 -0.263885 -0.222599 -0.026249 0.079733 0.567652 0.450100 0.242860 0.354070 0.055812 -0.235137 -0.162627 -0.168692 -0.015490 0.050004 -0.123146 -0.000495 -0.299810 -0.233929 0.233139 0.026309 0.176629 0.120537 0.186606 0.095480 0.309879 0.194200 0.103426 0.039694 0.066059 -0.070034 0.435812 0.307620 0.559619 0.115038 -0.073487 -0.269485 0.147571 0.144313 0.102852 0.210701 0.127426 -0.116913 -0.036889 0.039679 0.025598 -0.119311 0.002824 -0.118139 -0.101985 -0.210847 -0.033664 -0.054055 -0.104885 -0.167119 -0.135496 0.036044 -0.004982 -0.019176 0.089361 0.063558 0.170113 0.463654 -0.142205 -0.120023 -0.270718 -0.007188 0.112813 0.078513 0.113762 -0.182820 -0.048237 -0.132169 0.275267 0.343004 0.354604 0.091944 0.310309 -0.078349 -0.028477 -0.124349 -0.112295 -0.146793 -0.141991 -0.170930 -0.070125 0.018178 0.057225 0.219724 -0.164147 0.045760 -0.392686 -0.056331 -0.039097 -0.153900
0.129132 0.085094 -0.156728 -0.056361 -0.072086 -0.318633 0.071679 0.131437 -0.214926 -0.094869 0.445307 0.361142 0.131254 0.164635 -0.302068 -0.083636 1.000000 0.653295 -0.068657 -0.123955 -0.133187 -0.055182 -0.076713 -0.195015 -0.201441 -0.227231 -0.212890 -0.254494 0.372362 0.218363 -0.065255 0.035594 0.132306 0.258142 0.028500 -0.058074 0.260171 -0.102540 -0.033316 -0.077097 0.096912 0.026505 -0.133546 -0.019766 -0.073296 -0.112928 -0.214484 -0.099244 -0.152615 -0.167613 -0.282868 -0.345357 -0.259912 -0.259827 -0.323403 -0.286186 0.223188 0.275346 -0.033109 -0.088291 0.171011 -0.002146 0.487852 0.341877 0.172587 -0.151877 -0.000896 -0.175969 0.116713 0.063918 0.177280 -0.058753 0.273541 0.144186 0.087727 0.021079 -0.031296 -0.012216 0.544772 0.163907 0.508144 0.527143 0.300988 0.036251 0.181027 -0.071813 0.205364 0.003691 0.067404 -0.226600 -0.070722 -0.042783 -0.139329 -0.096076 -0.186390 -0.124079 -0.142403 -0.041913 -0.044221 0.012392 -0.131435 -0.055582 -0.090186 -0.059407 -0.154620 -0.159517 -0.003429 0.143917 -0.036319 -0.068885 0.029584 0.060088 -0.005631 -0.041758 -0.095109 -0.116771
0.010386 -0.062856 -0.333182 -0.331431 -0.191498 -0.377696 -0.017708 -0.178648 -0.221849 -0.238361 0.280059 0.254231 0.063093 0.070674 -0.210376 -0.118486 0.653295 1.000000 -0.264726 -0.029042 -0.243597 -0.030944 -0.183373 -0.190962 -0.315025 -0.348306 -0.322697 -0.397852 0.470389 0.431218 -0.141028 -0.017820 0.067695 0.240685 -0.069078 -0.080843 0.116762 -0.155917 0.103917 -0.050177 0.250116 0.242206 -0.205674 -0.074171 -0.245289 -0.245956 -0.246232 -0.106260 -0.181033 -0.222080 -0.509183 -0.401887 -0.301549 -0.087559 -0.138641 -0.189429 0.222223 0.296943 -0.199414 -0.249720 -0.066015 -0.122468 0.507877 0.504943 -0.046441 -0.241078 -0.232620 -0.308519 0.010665 0.042621 0.256029 0.180424 0.316428 0.239269 0.154841 0.159420 0.115858 0.158188 0.353247 0.394604 0.362004 0.588060 0.197466 0.108879 -0.031473 -0.139871 0.155458 0.006516 -0.085508 -0.178412 0.187987 0.142820 -0.022195 0.081418 0.049103 0.024166 0.028480 0.272618 0.120016 0.175233 0.035511 0.173505 0.123516 0.159380 0.127192 0.106228 0.047646 0.231173 0.096753 0.138369 0.150511 0.345219 0.009468 0.212636 0.115114 0.141080
0.168856 -0.067327 0.570418 0.298456 0.139258 -0.105646 0.376818 0.266209 0.218051 0.100149 0.165301 -0.056146 0.203120 0.080113 -0.032622 -0.215071 -0.068657 -0.264726 1.000000 0.354867 0.183218 -0.129795 0.310605 -0.052227 0.041999 -0.072356 0.129904 0.133128 0.015514 -0.247618 0.094707 -0.040274 0.116360 -0.099975 0.120362 -0.072338 0.189884 0.039705 -0.214582 -0.136044 -0.078940 -0.259390 0.002240 -0.082843 -0.073099 -0.148157 0.025031 -0.020136 -0.037689 -0.069191 0.223850 0.006711 0.055061 -0.252322 -0.219704 -0.153622 -0.302657 -0.181341 -0.011949 0.075883 0.173028 0.119224 -0.154385 -0.311464 0.185042 0.070790 0.159365 -0.013346 0.086004 -0.030704 0.016709 -0.212881 0.109407 -0.098927 0.046395 -0.048287 0.203895 0.120196 0.013192 -0.095463 -0.139471 -0.201872 0.001052 -0.160754 0.259536 0.020339 -0.006566 -0.199732 0.209091 -0.030212 -0.035901 0.029024 0.122419 0.080923 -0.334390 -0.186267 -0.416799 -0.454042 -0.295722 -0.174132 -0.031295 0.076192 -0.125559 -0.091907 -0.143311 -0.160924 -0.209209 -0.306062 -0.292339 -0.256249 -0.171006 -0.388336 0.102353 -0.082192 -0.190988 -0.205578
0.229757 0.246674 -0.077250 0.134851 0.159776 0.124516 -0.143541 -0.059155 -0.116344 0.091702 -0.043932 -0.119128 -0.272034 -0.201651 -0.058507 -0.214171 -0.123955 -0.029042 0.354867 1.000000 0.187816 0.096700 -0.012726 0.012986 0.037512 -0.002601 -0.018616 -0.014724 -0.009538 -0.005102 0.033548 0.093912 -0.124226 -0.108898 -0.142630 -0.086283 0.110948 0.065353 0.063985 0.123833 0.078319 0.163145 -0.352818 -0.453875 -0.331682 -0.238077 -0.248108 -0.177579 -0.182869 -0.136071 -0.244800 -0.099400 -0.024406 -0.146616 -0.194672 -0.257569 0.032970 0.278718 -0.304557 0.107968 -0.443300 -0.118727 -0.202827 -0.019293 -0.340031 -0.216461 -0.164471 0.033209 0.312699 0.423575 0.123010 0.151065 0.009722 0.162747 -0.005216 0.184112 0.150965 0.174869 -0.032832 0.019936 0.107140 -0.001757 0.004805 0.197828 0.032238 0.102911 0.106783 0.076074 0.068376 0.064113 0.052046 -0.014468 0.054130 0.009129 -0.060057 0.017049 -0.205778 -0.029492 -0.217919 -0.019614 -0.004852 0.107387 0.064357 0.015095 0.050041 0.056955 0.139475 0.201131 -0.072831 0.074869 -0.182374 0.130731 0.131858 0.080188 0.006412 0.084516
-0.149683 0.109286 0.072075 0.228396 0.340968 0.160201 -0.069567 0.149159 0.069148 0.402882 -0.089858 0.078660 -0.160659 0.108209 -0.068890 0.015625 -0.133187 -0.243597 0.183218 0.187816 1.000000 0.313382 -0.068898 0.095971 0.135740 0.042899 0.362740 0.361754 -0.199766 -0.094456 0.003619 -0.048850 -0.112877 -0.111406 -0.034584 0.048189 0.163735 0.146980 0.053679 0.226890 0.319274 0.225146 0.189067 0.003724 0.150670 0.184261 0.121535 0.100666 0.233875 0.239928 0.298743 0.194813 0.301996 -0.016898 -0.071581 0.241904 -0.205044 -0.106670 -0.029003 0.130307 -0.067236 0.088863 -0.280140 -0.189893 -0.174447 0.016612 0.043746 0.133462 0.078158 0.126562 0.146974 0.010657 -0.103791 0.039623 -0.036244 0.102753 -0.085182 -0.110945 -0.028574 -0.239373 -0.003657 -0.220583 0.067846 0.020109 0.279247 0.093986 0.048140 0.005032 0.380376 0.299029 0.029720 -0.264400 -0.099327 -0.194138 -0.307053 0.058296 -0.321158 -0.255215 -0.053791 -0.129685 -0.073609 -0.114655 -0.220412 -0.188516 -0.196783 -0.219610 0.021409 -0.021942 -0.253281 -0.282347 -0.116210 -0.238007 0.003923 -0.212292 -0.257743 -0.235963
0.260921 0.107680 -0.025678 0.343431 0.616821 0.243957 -0.357716 0.055189 0.044021 0.560515 0.029281 0.016927 -0.462660 -0.307369 -0.097181 -0.154896 -0.055182 -0.030944 -0.129795 0.096700 0.313382 1.000000 0.293419 0.627419 0.476031 0.469221 0.106283 0.034247 -0.478365 -0.432729 -0.217600 0.254757 -0.339748 -0.193494 -0.374116 -0.196924 0.049565 -0.051504 0.625202 0.631366 0.140230 0.433904 -0.045568 -0.155418 -0.127883 -0.034656 -0.157637 -0.154339 0.034989 -0.020154 0.156888 0.177705 0.052740 0.081323 -0.032922 0.339853 0.040233 -0.054307 0.140366 0.157936 -0.161618 0.048685 -0.260352 -0.073074 -0.047281 0.208770 -0.110413 0.089803 -0.070924 -0.075675 0.121761 0.421443 -0.328237 -0.039718 0.075731 0.265558 -0.244933 -0.313186 -0.026388 -0.160391 -0.063563 -0.151683 0.388969 0.041916 0.393057 0.219510 0.556960 0.475736 0.527888 0.556385 -0.165330 -0.181927 -0.353848 -0.385495 -0.120342 -0.057454 -0.325299 -0.028324 -0.374554 0.195915 -0.437571 -0.338762 -0.486239 -0.374419 -0.340514 -0.242241 0.357252 0.207949 -0.135656 -0.287130 0.233528 0.098811 0.251455 -0.340456 -0.237187 0.140671
0.295778 -0.379345 0.607108 0.348817 0.165610 0.033877 0.224682 0.089565 0.162042 0.110742 0.184164 -0.207276 -0.235346 -0.486753 -0.073967 -0.263885 -0.076713 -0.183373 0.310605 -0.012726 -0.068898 0.293419 1.000000 0.651660 0.618590 0.585067 0.027599 0.132090 -0.212661 -0.560900 0.179573 0.450937 -0.163373 -0.109963 0.085300 0.007781 -0.136029 -0.178462 0.267271 0.170306 -0.128731 -0.200348 -0.044961 -0.058024 0.011240 0.047635 -0.102806 -0.148344 0.049265 -0.054962 0.490730 0.250129 -0.063726 0.130873 -0.064709 0.050454 -0.142424 -0.332661 -0.131043 -0.299408 -0.141590 -0.346886 -0.376548 -0.394695 0.438951 0.311175 -0.146893 0.142905 -0.265721 -0.295452 -0.124488 0.027233 -0.247414 -0.322884 0.068716 -0.112414 -0.018457 -0.071722 0.085565 -0.264241 -0.316194 -0.325277 0.258703 -0.065530 0.364412 0.281652 0.376237 0.253524 0.186255 -0.092479 -0.108416 0.103785 -0.001761 -0.107753 -0.093979 -0.280122 -0.277975 -0.193688 -0.350845 -0.009417 -0.243194 -0.113390 -0.279739 -0.252473 -0.246224 -0.128695 0.191396 -0.011287 -0.129249 -0.180688 0.113158 -0.248955 0.150753 -0.209358 -0.167280 -0.051407
0.138996 -0.323633 0.303701 0.392139 0.301866 0.136151 -0.167373 0.033261 0.104357 0.338210 0.092834 -0.208354 -0.315502 -0.513039 -0.079335 -0.222599 -0.195015 -0.190962 -0.052227 0.012986 0.095971 0.627419 0.651660 1.000000 0.626636 0.701978 0.012320 0.075817 -0.467271 -0.543018 0.006742 0.423184 -0.502514 -0.290718 -0.009021 0.079468 -0.067989 -0.081247 0.461408 0.370609 -0.013123 0.088485 -0.016935 -0.101609 -0.097912 0.035620 -0.089689 -0.115594 0.121267 0.006131 0.356987 0.334960 0.017320 0.354736 0.000248 0.255352 -0.203343 -0.387796 -0.012832 -0.159735 -0.187163 -0.263614 -0.469277 -0.396853 0.285047 0.435999 -0.182442 0.220369 -0.401702 -0.210786 0.020914 0.352744 -0.428561 -0.216902 -0.014994 0.102745 -0.136377 -0.142170 0.016794 -0.199959 -0.201991 -0.274820 0.263958 -0.050298 0.365657 0.328212 0.429511 0.436364 0.311290 0.184499 -0.098286 0.077758 -0.129821 -0.202709 0.007638 -0.217163 -0.243764 -0.084138 -0.382145 0.059617 -0.242076 -0.262807 -0.361234 -0.261967 -0.230431 -0.096173 0.246751 0.130032 -0.075844 -0.129555 0.257797 -0.013904 0.237667 -0.218006 -0.111513 0.038334
0.218309 -0.183209 0.256257 0.268914 0.267712 0.313685 -0.229787 -0.112114 0.134716 0.362918 0.024742 -0.257048 -0.350664 -0.490517 0.212949 -0.026249 -0.201441 -0.315025 0.041999 0.037512 0.135740 0.476031 0.618590 0.626636 1.000000 0.887940 0.151328 0.242818 -0.341898 -0.491087 0.136471 0.314110 -0.343136 -0.325539 -0.031491 -0.109034 0.027274 0.042707 0.359882 0.274598 -0.054924 0.061434 0.014145 -0.111132 0.018709 0.114604 -0.039684 -0.111351 0.127590 0.016295 0.431195 0.360785 0.132263 0.266823 0.156316 0.219319 -0.039529 -0.269800 0.092069 -0.100190 -0.223279 -0.351715 -0.422451 -0.385970 0.146337 0.250981 -0.050851 0.192344 -0.096871 -0.195096 -0.006402 0.124572 -0.307621 -0.161013 0.053629 0.117487 -0.159052 -0.238036 -0.112303 -0.269795 -0.175342 -0.299588 0.340185 0.089381 0.383306 0.287868 0.305816 0.365432 0.275199 0.164099 -0.293248 -0.095223 -0.265769 -0.211813 0.061855 -0.135293 -0.056263 -0.042452 -0.262253 0.153484 -0.285976 -0.278217 -0.325095 -0.256842 -0.197294 -0.127178 0.237492 0.150940 -0.104935 -0.115727 0.199488 -0.080748 0.020273 -0.225453 -0.070799 0.091482
0.170820 -0.220968 0.230526 0.245942 0.193548 0.417772 -0.236002 -0.138778 0.059335 0.294195 -0.038542 -0.277243 -0.366898 -0.503842 0.234882 0.079733 -0.227231 -0.348306 -0.072356 -0.002601 0.042899 0.469221 0.585067 0.701978 0.887940 1.000000 0.182729 0.309194 -0.405323 -0.519089 0.052225 0.268357 -0.424130 -0.394567 0.019709 0.017058 -0.032830 0.046890 0.386710 0.316572 -0.020531 0.101623 -0.052195 -0.166345 -0.036407 0.101328 -0.066645 -0.085604 0.080401 -0.020271 0.408316 0.328349 0.179076 0.347794 0.265420 0.213459 -0.063287 -0.327652 0.110691 -0.076069 -0.213905 -0.320467 -0.438313 -0.401405 0.162506 0.343011 -0.048352 0.279112 -0.209123 -0.157340 -0.128355 0.140880 -0.436379 -0.238681 -0.004457 0.037036 -0.171397 -0.204447 -0.125745 -0.322269 -0.184387 -0.357896 0.373023 0.202358 0.331185 0.352944 0.330879 0.464618 0.320749 0.227441 -0.216605 -0.039267 -0.213699 -0.198663 0.139353 -0.078054 -0.001989 0.029606 -0.235996 0.157124 -0.227291 -0.231479 -0.310123 -0.268957 -0.221092 -0.114771 0.204081 0.154207 -0.022725 0.004998 0.234302 0.008993 0.020787 -0.238193 -0.046819 0.083814
-0.197573 -0.014433 0.182865 0.033040 0.339051 0.617741 0.054015 0.014206 0.372243 0.190945 -0.207229 0.069801 0.061992 0.127900 0.489654 0.567652 -0.212890 -0.322697 0.129904 -0.018616 0.362740 0.106283 0.027599 0.012320 0.151328 0.182729 1.000000 0.835103 -0.051017 -0.090160 -0.089310 -0.243321 -0.063195 -0.159752 0.197588 0.266401 -0.011268 0.030301 -0.160438 -0.044299 0.167905 -0.054505 0.139056 0.091664 0.203615 0.126997 0.235172 0.161942 0.126442 0.125728 0.294538 0.107640 0.411292 0.139305 0.396021 0.111712 -0.170610 -0.265921 0.291292 0.315099 0.134138 0.220223 -0.097829 -0.257708 -0.014313 0.152592 0.217944 0.061140 -0.006658 -0.044648 -0.203045 -0.392140 -0.160439 -0.320578 -0.267718 -0.267167 -0.108292 -0.027440 -0.089605 -0.168013 -0.122605 -0.334609 0.226726 0.204824 0.007556 -0.175458 -0.139047 -0.043575 0.462800 0.284204 0.035540 -0.221785 -0.050168 -0.036125 -0.058636 0.315164 0.007628 -0.223349 0.082530 -0.133359 -0.069664 -0.034508 -0.184482 -0.145002 -0.161250 -0.165536 -0.134228 -0.173085 -0.096618 -0.054352 -0.180189 -0.220890 -0.228796 -0.140187 -0.212443 -0.227701
-0.144660 -0.034415 0.189314 0.039704 0.293237 0.627816 -0.023873 -0.085125 0.264283 0.162849 -0.195429 -0.044516 -0.052085 0.013065 0.382381 0.450100 -0.254494 -0.397852 0.133128 -0.014724 0.361754 0.034247 0.132090 0.075817 0.242818 0.309194 0.835103 1.000000 -0.223751 -0.218564 -0.167311 -0.265468 -0.109307 -0.248034 0.212563 0.281765 -0.084798 0.066779 -0.105431 0.065340 0.072742 -0.041493 0.159291 0.126480 0.279356 0.267946 0.231140 0.214150 0.224554 0.201948 0.381546 0.198897 0.375473 0.104524 0.393093 0.161854 -0.154198 -0.228675 0.309984 0.288575 0.045479 0.141671 -0.189332 -0.319165 -0.032327 0.201993 0.224069 0.145862 -0.037506 -0.068348 -0.338484 -0.449042 -0.347531 -0.435019 -0.399176 -0.396955 -0.150356 -0.061783 -0.185221 -0.290879 -0.193928 -0.402564 0.165545 0.181771 0.042757 -0.107452 -0.148961 -0.040555 0.419663 0.269518 0.030573 -0.203342 0.026920 0.051588 -0.069173 0.204430 0.056220 -0.191174 0.160904 -0.140271 0.068513 0.089890 -0.025802 -0.038799 -0.070789 -0.068126 -0.195322 -0.223092 -0.021359 -0.081021 -0.123760 -0.245319 -0.215921 -0.092347 -0.151549 -0.215092
-0.044957 -0.021135 -0.093471 -0.392954 -0.339218 -0.211920 0.317737 -0.079038 0.067249 -0.391461 0.191665 0.287925 0.394531 0.332617 0.292871 0.242860 0.372362 0.470389 0.015514 -0.009538 -0.199766 -0.478365 -0.212661 -0.467271 -0.341898 -0.405323 -0.051017 -0.223751 1.000000 0.688177 0.188573 -0.045359 0.264968 0.324539 0.067255 -0.012714 0.117264 0.034684 -0.376243 -0.418169 0.257547 -0.077453 0.006488 0.022796 -0.066606 -0.218467 0.161241 0.043097 -0.179509 -0.184486 -0.246477 -0.342363 0.000809 0.054066 0.012391 -0.226605 0.138876 0.022293 -0.272389 -0.266614 0.067670 -0.042324 0.480224 0.341697 -0.039183 -0.370332 -0.206972 -0.446196 0.119839 -0.137379 0.215481 -0.148232 0.773861 0.197290 0.300854 0.022297 0.302874 0.359407 0.367713 0.371376 0.338953 0.452352 0.029680 0.267455 -0.219645 -0.192445 -0.276350 -0.240735 -0.340099 -0.457408 0.128168 0.069748 0.041326 0.005482 0.129983 0.077585 0.197589 0.089010 0.189503 -0.103459 0.033207 0.039820 0.055192 0.013915 -0.021589 -0.084763 -0.126562 -0.034294 -0.039437 0.255032 -0.129628 0.030999 -0.226207 0.148954 0.036946 -0.107944
-0.233037 0.164124 -0.382834 -0.331931 -0.408274 -0.198332 0.113420 -0.005805 -0.150351 -0.283409 0.004254 0.241479 0.343151 0.419066 0.186778 0.354070 0.218363 0.431218 -0.247618 -0.005102 -0.094456 -0.432729 -0.560900 -0.543018 -0.491087 -0.519089 -0.090160 -0.218564 0.688177 1.000000 0.205193 -0.021394 0.181519 0.330076 0.020222 0.001390 0.047658 0.170324 -0.466029 -0.392699 0.265243 0.159417 0.076721 0.065508 -0.037435 -0.125932 0.222555 0.093064 -0.063453 -0.070328 -0.306565 -0.265470 0.047719 0.086626 0.019904 -0.099424 0.105760 0.114553 -0.259356 -0.195738 0.054645 0.086600 0.449780 0.463856 -0.109629 -0.278843 -0.232692 -0.396183 0.037325 -0.102361 0.255673 0.056196 0.557646 0.581405 0.294033 0.238381 0.335832 0.377199 0.233594 0.434532 0.380345 0.528252 -0.161739 0.181020 -0.262069 -0.068518 -0.435847 -0.254128 -0.446277 -0.386041 0.075595 -0.040765 -0.108676 -0.114104 0.186477 0.184617 0.341482 0.239130 0.348034 -0.000091 0.041324 -0.078160 0.081191 0.019373 -0.007729 -0.131596 -0.088840 -0.015851 0.074437 0.309811 -0.117859 0.263153 -0.182367 0.163530 0.050173 -0.162473
-0.136605 -0.172726 0.153604 0.165241 -0.383528 -0.203461 0.278184 0.177877 -0.133912 -0.189427 -0.105403 -0.082931 0.065138 0.076947 -0.004486 0.055812 -0.065255 -0.141028 0.094707 0.033548 0.003619 -0.217600 0.179573 0.006742 0.136471 0.052225 -0.089310 -0.167311 0.188573 0.205193 1.000000 0.640867 -0.066391 0.062993 0.060726 -0.057976 -0.138268 -0.033108 -0.345030 -0.344377 -0.077080 -0.267021 0.150899 0.015475 0.160967 0.021901 0.171184 -0.063138 0.112752 0.062221 0.288599 0.143260 0.179234 0.137934 -0.040596 -0.020638 -0.002507 -0.173208 -0.428091 -0.185970 -0.189732 -0.258949 -0.212609 -0.079363 0.088165 -0.108507 -0.241021 -0.088746 0.047764 -0.198498 0.435453 0.270663 0.235369 0.430833 0.421817 0.197245 0.232655 0.148040 0.172175 0.008731 0.143064 0.132756 -0.127332 -0.064685 0.038759 0.089620 -0.163163 -0.125198 -0.350298 -0.439148 -0.065725 -0.081576 -0.048909 -0.218111 -0.003220 -0.106586 0.028097 -0.070389 -0.041352 -0.001924 -0.089762 -0.271236 -0.150033 -0.196344 -0.160680 -0.181471 0.152223 -0.008644 -0.116357 -0.022622 -0.231504 -0.125060 -0.061486 -0.175130 -0.116037 -0.240107
0.135907 -0.099377 0.140719 0.447186 -0.001991 -0.198896 0.104934 0.257990 -0.068211 0.094770 0.069508 -0.102160 -0.244390 -0.305074 -0.146752 -0.235137 0.035594 -0.017820 -0.040274 0.093912 -0.048850 0.254757 0.450937 0.423184 0.314110 0.268357 -0.243321 -0.265468 -0.045359 -0.021394 0.640867 1.000000 -0.166127 0.141482 -0.080346 -0.140651 -0.115558 -0.082825 0.085201 0.071409 -0.053311 -0.009582 -0.032847 -0.119810 -0.032507 -0.065052 -0.117764 -0.268465 -0.012564 -0.082169 0.235935 0.209019 -0.024663 0.110036 -0.218139 0.044604 0.004016 -0.120991 -0.348876 -0.138335 -0.229013 -0.363655 -0.205484 -0.017871 0.254749 0.031560 -0.242943 0.051932 -0.203027 -0.249228 0.315991 0.512102 -0.005696 0.363180 0.286575 0.184061 0.033038 -0.049804 0.162271 -0.046135 0.017640 0.108865 0.047519 0.015583 0.193441 0.397904 0.197829 0.206171 -0.163926 -0.202837 -0.282551 -0.179407 -0.250685 -0.457708 -0.085527 -0.218141 -0.174394 -0.090985 -0.330198 0.026668 -0.347146 -0.462089 -0.373054 -0.410190 -0.348966 -0.284591 0.344572 0.130444 -0.093391 -0.162827 -0.055728 -0.022665 0.152856 -0.327827 -0.221393 -0.148091
0.028803 0.256342 -0.040642 -0.235476 -0.164672 -0.313401 0.260614 -0.014512 -0.009510 -0.324765 -0.190665 0.059343 0.119534 0.236087 -0.130954 -0.162627 0.132306 0.067695 0.116360 -0.124226 -0.112877 -0.339748 -0.163373 -0.502514 -0.343136 -0.424130 -0.063195 -0.109307 0.264968 0.181519 -0.066391 -0.166127 1.000000 0.721940 0.126678 0.238107 0.113618 0.104058 -0.209150 -0.162891 0.099586 -0.121736 -0.112559 0.021893 0.157771 0.082846 -0.108221 -0.045830 -0.131504 0.027407 -0.098138 -0.088029 -0.234149 -0.361351 -0.250465 -0.243537 0.227832 0.336006 0.122183 0.056250 0.279980 0.163848 0.289874 0.307411 -0.102005 -0.166285 0.392404 0.068613 0.308096 0.012838 -0.241791 -0.375832 0.391616 0.052918 0.103822 -0.141665 0.206003 0.139379 0.005329 0.101936 0.059477 0.076962 -0.316944 -0.240227 -0.231637 -0.227799 -0.268527 -0.376140 -0.307779 -0.244147 -0.219274 -0.099905 -0.084765 0.059351 0.031978 0.172284 0.005610 -0.060566 0.053383 -0.116702 -0.002256 0.162833 0.134878 0.093635 0.054121 -0.017424 -0.145393 -0.276495 0.005463 0.018068 -0.099047 -0.176216 0.019811 0.103298 -0.079468 -0.106116
0.094963 0.348488 -0.131527 -0.078496 -0.190552 -0.346371 0.224415 0.098432 -0.042919 -0.252378 -0.035034 0.195476 0.106866 0.213360 -0.216991 -0.168692 0.258142 0.240685 -0.099975 -0.108898 -0.111406 -0.193494 -0.109963 -0.290718 -0.325539 -0.394567 -0.159752 -0.248034 0.324539 0.330076 0.062993 0.141482 0.721940 1.000000 0.055178 0.279397 -0.119156 -0.029623 -0.200088 -0.198890 0.078568 -0.000227 -0.142971 -0.008825 0.108651 0.058120 -0.178833 -0.116700 -0.231406 -0.062082 -0.151786 -0.163471 -0.240593 -0.300039 -0.306547 -0.251943 0.253692 0.383497 -0.030260 -0.085397 0.256633 0.139054 0.355360 0.520589 -0.019341 -0.123813 0.177559 0.005411 0.199240 -0.044506 -0.016425 -0.130334 0.409224 0.263986 0.145356 0.037723 0.093239 0.116873 0.097686 0.273615 0.128667 0.202604 -0.268831 -0.136034 -0.194031 -0.106297 -0.173185 -0.215615 -0.355211 -0.323485 -0.294188 -0.230617 -0.225076 -0.201131 -0.052612 -0.012599 0.022426 -0.014639 -0.030233 -0.189768 -0.149886 -0.140878 -0.023605 -0.076166 -0.120436 -0.168688 0.027186 -0.058260 -0.085592 0.003744 -0.199672 -0.099277 -0.095739 -0.065860 -0.220972 -0.210991
-0.150854 -0.287597 0.175192 -0.102655 -0.269353 -0.137382 0.150316 -0.096578 0.134415 -0.316875 0.059880 -0.116733 0.271981 0.016442 0.035987 -0.015490 0.028500 -0.069078 0.120362 -0.142630 -0.034584 -0.374116 0.085300 -0.009021 -0.031491 0.019709 0.197588 0.212563 0.067255 0.020222 0.060726 -0.080346 0.126678 0.055178 1.000000 0.625916 0.065388 0.118560 -0.191935 -0.163630 -0.130207 -0.203111 -0.038436 0.037480 -0.073770 -0.020871 -0.015331 0.033470 -0.172081 -0.075958 0.026632 0.063718 -0.210841 0.037644 -0.128613 -0.222055 -0.126778 -0.193543 -0.068906 -0.180226 0.160337 -0.251953 -0.082693 -0.249237 0.306184 0.252682 0.268386 0.242525 -0.110444 -0.006051 -0.182013 -0.263263 0.005726 -0.188755 -0.022680 -0.126846 0.240458 0.274998 0.021927 -0.002032 -0.090214 -0.153504 -0.174677 -0.175366 -0.095364 -0.040451 -0.213893 -0.131354 -0.151936 -0.295499 -0.036407 0.330500 0.111746 0.274987 0.084089 0.083555 0.025207 -0.028723 -0.125106 -0.152519 0.144133 0.147912 0.103609 0.157427 0.104091 0.099978 -0.080376 -0.207507 0.275775 0.245543 0.105465 -0.083441 0.043418 0.163319 0.080962 -0.024413
-0.211830 -0.160517 0.003751 -0.187039 -0.178626 -0.023320 0.032629 -0.201115 0.078708 -0.369436 -0.129675 -0.098477 0.075632 0.073607 -0.082137 0.050004 -0.058074 -0.080843 -0.072338 -0.086283 0.048189 -0.196924 0.007781 0.079468 -0.109034 0.017058 0.266401 0.281765 -0.012714 0.001390 -0.057976 -0.140651 0.238107 0.279397 0.625916 1.000000 -0.137905 0.152208 -0.139905 -0.033307 0.063981 -0.031325 -0.096459 -0.001700 0.139228 0.242072 -0.024655 0.088457 -0.011112 0.112709 0.039642 0.100693 -0.117104 0.035551 -0.023995 -0.078415 -0.054862 -0.008101 0.092395 0.018833 0.108793 -0.041769 -0.050612 -0.078952 -0.000395 0.217884 0.349010 0.408819 -0.033127 0.132609 -0.155707 -0.191845 -0.047227 -0.136190 -0.090695 -0.139933 0.120752 0.274705 -0.132515 0.005019 -0.053371 -0.135522 -0.266410 -0.217359 -0.173397 -0.079309 -0.220757 -0.131964 -0.114342 -0.134071 -0.021203 0.132011 -0.060604 0.120684 0.131715 0.227413 0.065765 0.026465 0.004044 -0.156333 0.019786 0.113569 -0.004173 0.042370 -0.027638 -0.027766 -0.111147 -0.170819 0.181818 0.309193 -0.000690 -0.101010 0.015809 0.019291 -0.093165 -0.139070
