1.000000 0.302577 0.048832 -0.037152 -0.109004 -0.180152 0.135229 -0.184548 -0.013944 -0.087514 0.281845 0.027782 0.026303 0.034415 -0.035384 0.030530 -0.089779 -0.243015 0.361225 0.182264 -0.164768 -0.240582 -0.236686 -0.212166 -0.190329 -0.459113 0.085636 -0.040006 0.058240 -0.047004 -0.401806 -0.291319 0.283906 -0.010151 -0.080107 -0.231203 0.371115 -0.119041 -0.066807 0.072384 0.087900 0.013145 -0.262372 -0.197802 -0.186961 -0.249594 -0.119697 -0.094824 0.023739 -0.113889 -0.116392 -0.095158 0.123362 -0.072739 0.075792 0.236293 0.396523 0.223738 0.403268 0.055390 0.301518 0.095124 0.178341 0.183011 -0.125370 -0.083224 0.205029 -0.135172 0.355333 0.012886 -0.342247 -0.453618 0.035095 -0.060240 0.086012 -0.090522 0.217504 -0.182979 -0.089355 -0.264721 -0.092182 -0.009018 -0.314295 0.064281 -0.046224 -0.010253 -0.026042 0.037660 -0.150277 0.042746 0.001606 0.047066 -0.234395 0.034862 -0.093755 -0.018183 0.082122 0.096242 0.068090 0.244917 0.098600 0.123163 -0.005885 0.096767 0.029138 0.033541 -0.165079 -0.049297 0.053380 0.129665 -0.115526 0.046111 0.048730 0.029532 0.079365 -0.094249
0.302577 1.000000 0.044732 -0.107949 -0.119865 -0.507973 0.012064 -0.145928 -0.110770 -0.259946 0.384435 0.049819 0.182096 0.105262 0.091396 -0.029484 0.158839 0.034342 0.492781 0.536243 -0.246514 -0.393007 -0.475831 -0.405643 -0.335996 -0.576593 -0.266567 -0.267313 0.078383 -0.006756 -0.361573 -0.396790 0.331154 -0.050263 -0.294153 -0.363373 0.000188 -0.274274 -0.304787 -0.333975 -0.067426 -0.039532 -0.426520 -0.156582 -0.136268 -0.232726 -0.354109 -0.255464 0.250405 -0.017463 -0.079265 0.015721 0.424340 -0.299576 0.263605 -0.186683 0.231240 0.636170 0.415032 0.528675 0.133189 0.364324 0.338494 0.432507 -0.417400 -0.209902 0.448844 -0.001399 0.492261 0.428835 -0.190494 -0.239982 0.075361 -0.055781 0.093199 -0.014467 0.049535 -0.140175 0.082641 -0.033390 0.183563 0.019175 -0.022412 -0.059869 -0.108083 -0.033086 -0.066763 -0.052736 -0.197903 -0.123007 0.175372 -0.004596 -0.106289 -0.010904 -0.233022 0.022749 -0.109924 -0.068025 -0.048529 -0.082674 -0.221121 -0.243795 -0.257591 0.035365 -0.280597 -0.142554 0.050628 0.161373 -0.055456 -0.072971 -0.172691 -0.099097 0.028108 0.062477 -0.140295 0.138637
0.048832 0.044732 1.000000 0.245551 0.425923 -0.046913 0.541049 0.381182 0.189856 0.087793 0.263930 0.125697 0.296380 0.301250 0.086473 -0.112321 -0.068421 -0.126364 0.125233 -0.204085 -0.142675 -0.275139 0.109838 -0.236912 0.017120 -0.079988 0.095280 -0.255251 0.006388 -0.167851 -0.136486 -0.076811 0.042616 0.022901 -0.007900 -0.089987 -0.283725 -0.334181 -0.244437 -0.208520 -0.204777 -0.119224 -0.015290 -0.095644 0.097188 -0.055715 -0.127240 0.067789 0.290154 0.044060 0.025699 -0.048116 0.027079 -0.007279 0.092146 -0.060611 -0.215604 -0.138335 0.171408 0.017162 0.349219 0.239902 0.151437 0.052556 0.023273 0.092358 0.263788 0.175645 -0.015339 0.129512 -0.183652 -0.155291 -0.037824 -0.306690 -0.186851 -0.247847 -0.193035 -0.224934 -0.180976 -0.237320 -0.112960 -0.271648 -0.125748 -0.141049 -0.359571 -0.345263 -0.257567 -0.201771 -0.112294 -0.179885 0.115964 0.163913 0.191647 0.221946 -0.153148 -0.057859 -0.016099 -0.131135 -0.154337 -0.221942 0.252569 -0.169466 0.009409 0.096587 -0.008915 -0.171223 0.059265 0.110540 0.025487 -0.007680 -0.031471 -0.040968 -0.014390 0.088228 -0.151798 -0.158813
-0.037152 -0.107949 0.245551 1.000000 -0.164406 0.327567 0.200395 0.658327 0.041620 0.191291 -0.341486 -0.138413 -0.351429 -0.036921 -0.295338 -0.134618 -0.383075 -0.407223 -0.004775 -0.023942 -0.144822 0.015291 0.394583 0.411548 0.064644 0.328313 0.023651 0.268213 -0.473744 -0.400003 -0.015472 -0.010574 -0.186948 -0.030657 0.285617 0.288014 -0.307667 -0.227862 -0.194065 0.095900 -0.422230 -0.281554 -0.115534 -0.018118 0.022037 0.135459 -0.204154 -0.015322 0.170608 0.129176 0.261757 0.280009 -0.223202 0.130997 -0.104740 -0.104141 -0.182956 -0.163875 -0.066884 -0.079053 -0.128207 -0.081591 -0.322818 -0.322699 0.329375 0.441110 0.027729 0.325769 -0.058764 0.081764 -0.311675 -0.167248 -0.517698 -0.418344 -0.372361 -0.381041 -0.348217 -0.089463 -0.224527 -0.288004 -0.408699 -0.429954 -0.201679 -0.119550 -0.037493 0.011459 -0.119223 0.039960 0.231489 -0.004032 0.164470 0.226600 0.407843 0.071964 -0.026151 -0.010083 0.007967 -0.061518 0.004209 -0.113578 0.196498 -0.161065 0.035423 0.023818 0.048135 0.055208 -0.242061 -0.171162 0.134425 -0.048071 -0.018679 -0.157064 -0.260838 -0.309494 0.020604 -0.194436
-0.109004 -0.119865 0.425923 -0.164406 1.000000 0.071981 0.160548 0.069041 0.443320 0.366997 0.210756 -0.051855 0.330725 0.247130 0.282337 0.312669 0.045189 0.063533 -0.089391 -0.201787 0.007202 -0.258995 -0.071521 -0.390514 0.414439 0.045747 0.390251 -0.253197 0.202750 0.148111 0.096286 0.013591 -0.008624 -0.159520 -0.096254 -0.069577 0.011015 0.004049 0.089060 -0.107884 0.063118 -0.040072 0.080364 -0.119170 0.111966 0.097364 0.017676 0.040275 0.108220 0.055800 -0.130708 -0.070433 0.011399 -0.002028 0.083018 -0.092693 -0.250155 -0.135103 -0.024605 0.048301 0.213639 0.195075 0.078067 0.046934 -0.092719 -0.037796 -0.042933 0.041451 -0.083579 0.006922 -0.024313 -0.027350 0.190058 -0.072615 -0.150572 -0.047402 -0.087682 -0.119999 -0.094191 -0.085333 0.020641 -0.053634 0.075659 0.081655 -0.145492 -0.333695 -0.162577 -0.420410 -0.037845 -0.057603 -0.059172 -0.003591 0.103372 0.247046 -0.069278 0.032407 -0.080634 -0.002549 -0.224471 -0.296646 0.180734 0.069024 0.067353 0.029211 0.015410 -0.073469 0.148820 0.173009 -0.047231 -0.067064 -0.014167 -0.096703 0.100093 0.168433 -0.027523 0.054611
-0.180152 -0.507973 -0.046913 0.327567 0.071981 1.000000 -0.210115 0.183052 0.219463 0.387316 -0.473357 -0.357019 -0.299849 -0.203720 -0.237836 0.120178 -0.382457 -0.216994 -0.443611 -0.311273 0.368105 0.317818 0.586407 0.483104 0.473671 0.614651 0.586281 0.711029 -0.511456 -0.405925 -0.052260 -0.119654 -0.408404 -0.252586 0.252095 0.463316 -0.290864 0.069026 0.257623 0.373895 -0.128322 0.041983 0.194906 0.068694 0.003545 0.124640 0.206380 0.101051 0.115551 0.045642 0.461257 0.273296 -0.140282 0.363780 -0.112985 0.112237 -0.225999 -0.324348 -0.121575 -0.325497 -0.207247 -0.383843 -0.459354 -0.499636 0.376861 0.169667 -0.210184 0.139246 -0.130989 -0.047838 0.059787 0.180571 -0.519274 -0.231520 -0.359661 -0.221818 -0.298506 0.019788 -0.361027 -0.080197 -0.483870 -0.385604 0.011899 -0.077390 -0.042390 0.070726 -0.008755 0.145176 0.506870 0.386757 0.096937 0.243027 0.291301 0.113467 0.222740 0.029167 0.044048 0.087397 -0.064993 -0.041567 0.094012 0.053566 -0.056011 -0.001761 0.093233 0.246363 0.003628 -0.026121 0.056552 -0.058173 0.272310 0.012868 -0.224943 -0.174601 0.183618 -0.052103
0.135229 0.012064 0.541049 0.200395 0.160548 -0.210115 1.000000 0.270443 0.094598 0.082632 0.089039 0.137209 0.185648 -0.012068 0.179138 0.023137 -0.099825 -0.152653 0.168565 -0.061105 -0.173858 -0.208020 0.156381 0.083319 -0.136692 -0.087954 -0.082583 -0.218094 0.086819 -0.022855 0.044911 0.129193 0.143677 0.231207 0.094109 -0.160296 -0.049590 -0.332067 -0.295169 -0.278563 -0.148168 -0.205064 -0.170854 -0.240445 -0.020092 -0.030469 -0.208834 -0.119631 0.062667 -0.021648 -0.066263 -0.100551 -0.017398 -0.004492 -0.129810 -0.163243 -0.273942 -0.101491 0.083687 -0.008312 0.169940 0.158818 0.134702 0.060765 0.209217 0.106254 0.204355 0.144279 -0.075487 0.029133 -0.284494 -0.294267 0.018166 -0.296215 -0.094399 -0.157714 -0.143191 -0.289617 -0.219638 -0.302093 -0.152224 -0.143667 0.026077 0.118322 0.041908 -0.047298 0.044730 -0.015937 -0.018781 -0.184288 0.029920 0.054208 0.025554 0.149342 -0.237494 -0.172516 -0.279329 -0.379268 -0.182380 -0.184664 0.051928 -0.085026 0.112341 0.103368 0.080580 -0.281234 -0.020454 -0.011292 -0.152160 0.003064 -0.180858 -0.147962 -0.017035 -0.087728 -0.253197 -0.299691
-0.184548 -0.145928 0.381182 0.658327 0.069041 0.183052 0.270443 1.000000 0.075832 0.311015 -0.306627 0.111329 -0.302956 0.102158 -0.276861 -0.056066 -0.404247 -0.374789 -0.148709 -0.050325 -0.169685 -0.126213 0.227618 0.341806 0.016636 0.244677 -0.142692 -0.023775 -0.408018 -0.232808 0.014823 0.123486 -0.145068 0.073639 0.103559 0.198641 -0.396179 -0.258344 -0.228766 -0.100646 -0.354520 -0.267504 0.033156 0.061008 0.150693 0.309831 -0.083557 0.068980 0.231871 0.204791 0.179096 0.283387 -0.200943 0.193007 -0.116742 -0.156495 -0.407333 -0.306243 -0.089166 0.103876 -0.200790 0.124397 -0.275527 -0.211790 0.230896 0.441272 0.032634 0.419821 -0.215319 0.082634 -0.227222 -0.075872 -0.408290 -0.305478 -0.282444 -0.250767 -0.380060 -0.110200 -0.265830 -0.259038 -0.345376 -0.460141 -0.204222 -0.118122 -0.075088 -0.032340 -0.064802 0.022597 0.068385 -0.083066 0.115935 0.091494 0.426011 0.034806 -0.010878 -0.008470 -0.090216 -0.160598 -0.052367 -0.195967 0.252344 -0.164252 0.155286 0.077966 0.000647 -0.200805 -0.131677 0.007528 0.011302 -0.130182 -0.155445 -0.224418 -0.095219 -0.258727 -0.118410 -0.127763
-0.013944 -0.110770 0.189856 0.041620 0.443320 0.219463 0.094598 0.075832 1.000000 0.685056 -0.065944 -0.076527 0.052791 0.107410 0.264078 0.458242 -0.032003 -0.025636 -0.004080 -0.163408 -0.056349 -0.158720 0.147868 0.004560 0.548714 0.101180 0.496325 -0.148596 0.127677 0.145830 -0.173155 -0.106580 -0.089647 -0.124793 0.026172 -0.128287 -0.004153 -0.014195 -0.193031 -0.192166 -0.033107 -0.132278 0.048897 -0.194516 -0.174428 -0.211408 0.112434 0.083055 0.092983 0.071721 0.119935 0.186497 0.136236 0.276573 -0.106663 -0.108869 -0.109214 -0.093592 -0.017638 0.015928 0.008197 0.038266 -0.020091 -0.002020 0.108618 0.019897 -0.170489 -0.187204 -0.182815 -0.177689 -0.174158 -0.304464 0.026063 -0.183715 -0.189213 -0.162491 0.039226 -0.069116 0.004395 -0.044647 -0.062052 -0.115917 0.088818 0.141152 0.043792 -0.181243 -0.133670 -0.281121 0.144475 0.018756 -0.030886 0.016141 0.105577 -0.027609 -0.202461 -0.141275 -0.115462 -0.164130 -0.164500 -0.210240 0.147021 -0.007200 0.060146 -0.062541 -0.019942 -0.120475 -0.034851 0.052220 -0.181676 0.035258 -0.220272 -0.232066 -0.002429 -0.046464 -0.081372 -0.147409
-0.087514 -0.259946 0.087793 0.191291 0.366997 0.387316 0.082632 0.311015 0.685056 1.000000 -0.191010 0.032424 -0.116001 0.202936 0.009544 0.599917 -0.171753 -0.173473 -0.255885 -0.258464 0.074767 -0.055411 0.190614 0.083634 0.579145 0.241773 0.459363 -0.077410 -0.093674 0.151667 -0.057266 -0.005493 -0.245473 -0.207692 -0.006662 0.019251 0.024045 0.086479 -0.154245 -0.105370 -0.054302 -0.046247 0.014822 -0.157756 -0.008064 0.096367 0.064902 0.051140 0.032059 0.106595 0.149274 0.161940 -0.050073 0.308682 -0.253737 -0.151850 -0.254972 -0.278546 -0.022347 0.012206 -0.081419 0.051183 -0.163473 -0.124649 0.219256 0.193839 -0.200598 0.076518 -0.292495 -0.128370 -0.179207 -0.179554 -0.172353 -0.110863 -0.274323 -0.091988 -0.154288 -0.066941 -0.193252 -0.221474 -0.159634 -0.185536 -0.077771 0.191490 0.071372 -0.132824 -0.242326 -0.297698 0.083025 0.086350 -0.031929 0.007314 0.253119 0.015924 -0.065291 0.007577 -0.228512 -0.157361 -0.258524 -0.186240 0.173543 0.016684 0.170559 0.069166 -0.001782 -0.009013 0.015503 -0.058256 -0.048448 -0.057028 -0.168379 -0.265762 -0.019919 -0.115614 0.027201 -0.118742
0.281845 0.384435 0.263930 -0.341486 0.210756 -0.473357 0.089039 -0.306627 -0.065944 -0.191010 1.000000 0.280834 0.615381 0.411427 0.430172 0.072205 0.424054 0.319085 0.291711 -0.048997 -0.164036 -0.181558 -0.351231 -0.506144 -0.125184 -0.439868 -0.124167 -0.412617 0.506408 0.201895 -0.090216 -0.067704 0.162538 -0.043254 -0.241187 -0.402778 0.193653 -0.025606 -0.275439 -0.240859 0.267995 0.115029 -0.133630 -0.039015 -0.065795 -0.243946 -0.228943 -0.145119 -0.028921 -0.127395 -0.207738 -0.230013 0.095888 -0.315170 0.076700 -0.094953 0.288655 0.260270 0.192714 0.137034 0.489153 0.240592 0.504705 0.353719 -0.334230 -0.269005 0.136700 -0.234230 0.149149 0.061711 0.055342 -0.154251 0.448832 0.133269 0.241287 0.026294 0.223407 -0.164148 0.123747 0.057278 0.378483 0.284167 0.012019 0.003423 0.042882 -0.056365 -0.244939 -0.240876 -0.415789 -0.312158 -0.212143 -0.228851 -0.352009 -0.054143 -0.230218 -0.270067 -0.004981 -0.026675 -0.194806 -0.135839 0.025875 -0.082184 -0.124702 -0.134554 -0.025770 -0.081591 0.031368 -0.050204 -0.126885 0.105375 -0.104213 -0.129603 0.036144 0.181758 0.024469 -0.062854
0.027782 0.049819 0.125697 -0.138413 -0.051855 -0.357019 0.137209 0.111329 -0.076527 0.032424 0.280834 1.000000 0.217720 0.614579 0.162827 0.217163 0.067397 0.237231 0.003810 -0.262225 -0.163480 0.074391 -0.304976 -0.175032 -0.326411 -0.246298 -0.337405 -0.432796 0.341660 0.443361 0.127658 0.330521 0.174325 0.214936 -0.369007 -0.380850 0.069440 0.047819 -0.176368 -0.172090 0.233130 0.020668 -0.039476 -0.070735 -0.020820 -0.106520 -0.119386 -0.166084 -0.252319 -0.136140 -0.327518 -0.236148 -0.080281 -0.256636 -0.244337 -0.043974 -0.015108 -0.232882 -0.015779 0.037759 0.212881 0.432795 0.208789 0.372449 -0.112325 0.214004 -0.208458 -0.258504 -0.313465 -0.281270 0.124305 0.099842 0.383070 0.320565 0.400811 0.329676 0.173196 0.127551 0.029775 0.061373 0.223602 0.203527 -0.051132 0.307510 -0.009885 0.035531 -0.098671 -0.046342 -0.395012 -0.290513 -0.245946 -0.415059 -0.153430 -0.302470 -0.056428 0.031282 -0.203768 0.033800 -0.089161 -0.033566 0.158869 0.050386 0.227343 0.081306 0.155528 -0.097167 0.063695 0.044528 -0.221206 -0.041262 -0.381535 -0.174832 0.106653 0.047289 -0.066836 -0.020889
0.026303 0.182096 0.296380 -0.351429 0.330725 -0.299849 0.185648 -0.302956 0.052791 -0.116001 0.615381 0.217720 1.000000 0.378645 0.520543 0.215216 0.349790 0.327441 0.168020 -0.270607 -0.058804 -0.144594 -0.116150 -0.417990 -0.017182 -0.304010 0.000689 -0.279168 0.470942 0.162158 -0.002233 -0.059421 0.049720 -0.074492 -0.163374 -0.374922 0.098994 -0.098235 -0.168591 -0.215319 0.175316 0.003749 -0.057592 -0.144793 -0.109958 -0.326631 -0.158429 -0.160627 0.041513 -0.065264 -0.029501 -0.214297 0.069290 -0.253693 0.030195 -0.220885 0.097855 0.064399 0.201848 0.032413 0.578538 0.304142 0.332331 0.212263 -0.069202 0.013316 -0.001051 -0.292011 0.027049 0.020993 0.055951 -0.018238 0.366867 0.079336 0.200365 0.112087 0.222307 -0.128074 0.135656 0.052494 0.198021 0.181393 0.168034 0.102689 0.037453 -0.175963 -0.125145 -0.185106 -0.183568 -0.194287 -0.117006 -0.184324 -0.189430 -0.022360 -0.140465 -0.169521 -0.007745 -0.118880 -0.190498 -0.292346 -0.031949 -0.115180 -0.089617 -0.143388 -0.029721 -0.176622 0.141141 0.028899 -0.090309 0.126142 -0.020997 -0.065057 -0.017819 0.286228 -0.054449 -0.028859
0.034415 0.105262 0.301250 -0.036921 0.247130 -0.203720 -0.012068 0.102158 0.107410 0.202936 0.411427 0.614579 0.378645 1.000000 0.090909 0.269048 0.076373 0.204744 -0.135808 -0.382619 -0.150426 -0.103254 -0.262405 -0.414194 -0.109210 -0.284408 -0.057447 -0.422338 0.267538 0.276835 0.002306 0.067963 0.022193 -0.109971 -0.284914 -0.234660 -0.022199 -0.087563 -0.135300 -0.104747 -0.004307 -0.061612 -0.028048 -0.030425 0.139032 0.030009 -0.062171 -0.109770 0.013154 -0.026360 -0.185262 -0.142575 0.015148 -0.193039 0.029029 -0.093964 -0.030747 -0.159399 0.083264 0.101302 0.434747 0.538455 0.232380 0.294097 -0.153074 0.220873 -0.193269 -0.149457 -0.195091 -0.060221 0.105795 0.072557 0.249043 0.152988 0.102587 0.090664 0.078927 0.000126 -0.079699 -0.069973 0.106359 0.041462 -0.206961 0.038657 -0.269003 -0.261317 -0.294178 -0.235142 -0.387132 -0.146349 -0.046267 -0.193560 0.092497 -0.020048 -0.011429 -0.112872 -0.025289 0.055481 -0.148519 -0.209472 0.240531 -0.114254 0.072276 0.014796 -0.018742 -0.016847 0.053588 -0.020091 -0.123191 -0.068581 -0.202863 -0.221138 0.037481 0.073226 -0.008869 0.041729
-0.035384 0.091396 0.086473 -0.295338 0.282337 -0.237836 0.179138 -0.276861 0.264078 0.009544 0.430172 0.162827 0.520543 0.090909 1.000000 0.384383 0.277315 0.323758 0.220579 -0.129756 0.003668 -0.003517 -0.046532 -0.081660 0.135066 -0.123649 0.128669 -0.182073 0.556977 0.256117 0.044625 0.035026 0.064626 -0.049204 -0.207038 -0.455891 0.110713 0.060003 -0.085526 -0.218497 0.349362 0.102672 -0.022988 -0.266353 -0.367508 -0.507340 -0.177247 -0.108452 -0.068030 -0.097944 -0.217876 -0.187374 -0.008229 -0.128526 -0.040815 -0.225742 0.082318 0.081945 0.017093 0.031536 0.188529 0.022689 0.203177 0.186378 -0.177765 -0.226656 -0.072700 -0.459583 -0.017429 -0.078358 0.072325 -0.039536 0.374835 0.161879 0.229498 0.112998 0.195958 -0.087493 0.099971 0.106577 0.223704 0.169068 0.547123 0.390697 0.323109 0.031424 0.133956 -0.101151 -0.014181 -0.125942 -0.153539 -0.268554 -0.171142 -0.097510 -0.184119 -0.167838 -0.199846 -0.172555 -0.207992 -0.278228 -0.121414 0.002076 -0.064010 -0.043484 -0.004689 -0.241671 0.188114 0.106629 -0.182315 0.197934 -0.190151 -0.110595 -0.026484 0.146687 -0.269322 -0.152295
0.030530 -0.029484 -0.112321 -0.134618 0.312669 0.120178 0.023137 -0.056066 0.458242 0.599917 0.072205 0.217163 0.215216 0.269048 0.384383 1.000000 0.037776 0.061524 -0.123721 -0.225879 0.089899 0.003907 -0.050734 -0.086461 0.468774 0.006381 0.322957 -0.027128 0.206280 0.305042 -0.002791 -0.050159 -0.145316 -0.295819 -0.157010 -0.320861 0.158818 0.165785 -0.127304 -0.145451 0.165218 0.058452 -0.089460 -0.174947 -0.288974 -0.206402 -0.059380 -0.229041 -0.081772 -0.015145 0.055373 0.062923 0.092981 -0.000647 -0.186046 -0.235834 -0.019094 -0.141715 0.108965 0.111332 0.134126 0.217729 -0.015859 0.108582 0.014818 0.148708 -0.304001 -0.252158 -0.094054 -0.118841 0.045972 0.008245 0.051595 0.193983 0.036883 0.164558 0.145508 0.007861 -0.013251 -0.010598 0.030663 -0.003589 0.091093 0.405756 0.305498 0.061989 -0.093926 -0.272544 0.005503 0.067047 -0.157351 -0.234662 -0.048887 -0.146588 -0.038942 -0.055652 -0.320168 -0.096825 -0.383574 -0.344245 -0.081300 0.020292 -0.030194 -0.061812 -0.042050 -0.162007 0.051496 -0.083286 -0.178207 -0.094827 -0.354436 -0.365047 -0.036606 -0.080431 0.030149 -0.156881
-0.089779 0.158839 -0.068421 -0.383075 0.045189 -0.382457 -0.099825 -0.404247 -0.032003 -0.171753 0.424054 0.067397 0.349790 0.076373 0.277315 0.037776 1.000000 0.615516 0.252088 0.085213 0.035491 -0.002827 -0.366041 -0.389754 -0.136375 -0.356396 -0.077294 -0.358814 0.580083 0.429810 0.052880 0.083176 0.197213 0.047182 -0.252562 -0.388151 0.079809 0.083516 -0.149914 -0.009804 0.185085 0.183922 -0.129852 -0.048993 -0.103016 -0.219658 -0.131286 -0.120453 -0.238257 -0.107722 -0.337259 -0.281137 0.104428 -0.283375 -0.140088 0.024239 0.404150 0.329944 0.040049 0.120408 0.174481 0.150970 0.433833 0.316430 -0.418738 -0.390893 0.000864 -0.290813 -0.023679 -0.133272 0.300540 0.098111 0.569827 0.286993 0.377735 0.293973 0.232267 0.041010 0.582662 0.358940 0.712980 0.605786 0.334740 -0.004350 0.030776 -0.146415 -0.048759 -0.012206 -0.363609 -0.269886 -0.211824 -0.163076 -0.334426 -0.094121 -0.152390 -0.139648 -0.208042 0.069795 -0.027536 0.113957 -0.094944 -0.095033 -0.040603 -0.010496 0.057404 -0.105678 0.127760 0.024901 -0.066531 0.009774 -0.113413 0.109245 0.236375 0.248733 0.089494 -0.089883
-0.243015 0.034342 -0.126364 -0.407223 0.063533 -0.216994 -0.152653 -0.374789 -0.025636 -0.173473 0.319085 0.237231 0.327441 0.204744 0.323758 0.061524 0.615516 1.000000 0.068783 -0.177091 0.035759 0.147479 -0.174935 -0.214307 -0.089201 -0.172675 0.005088 -0.279315 0.539105 0.489635 0.220226 0.268293 0.110903 0.138587 -0.229933 -0.294528 0.033237 0.143557 0.029163 0.015512 0.174709 0.212648 0.064815 -0.086148 -0.066798 -0.204063 -0.032444 -0.158175 -0.321493 -0.199779 -0.288485 -0.375610 0.029459 -0.285923 -0.143318 0.001824 0.162761 0.113786 -0.178196 -0.050718 0.175357 0.093038 0.406458 0.358207 -0.310185 -0.360716 -0.225779 -0.484780 -0.242654 -0.295185 0.439109 0.328330 0.576529 0.392222 0.339153 0.291969 0.237469 0.182370 0.319058 0.585619 0.482421 0.572942 0.374906 -0.016333 -0.061639 -0.182067 0.087831 0.134040 -0.236225 -0.259487 -0.165942 -0.311488 -0.321693 -0.064541 -0.020744 -0.241831 -0.100463 0.023843 0.026602 0.011123 -0.149820 0.020620 0.111295 0.006915 0.218517 -0.133699 0.158298 0.116320 -0.265635 -0.015739 -0.114849 0.023361 0.117303 0.256349 -0.035968 -0.060640
0.361225 0.492781 0.125233 -0.004775 -0.089391 -0.443611 0.168565 -0.148709 -0.004080 -0.255885 0.291711 0.003810 0.168020 -0.135808 0.220579 -0.123721 0.252088 0.068783 1.000000 0.478771 -0.285728 -0.195713 -0.297703 -0.185564 -0.194948 -0.378306 -0.145585 -0.311209 0.341966 0.095478 -0.148610 -0.009832 0.432142 0.235033 -0.080008 -0.294191 0.117066 -0.140897 -0.297996 -0.171501 0.008514 0.011934 -0.188660 -0.202854 -0.140432 -0.337569 -0.230629 -0.103360 0.008490 -0.143072 -0.257593 -0.198459 0.116744 -0.151604 -0.031481 0.025751 0.225972 0.336784 0.211932 0.157194 0.098947 0.061307 0.160862 0.161812 -0.298744 -0.311622 0.332962 -0.151388 0.177351 -0.003121 -0.111782 -0.242407 0.261247 -0.017282 0.075209 -0.070599 0.196354 0.001380 0.212889 -0.036841 0.148278 0.047118 0.138392 -0.026802 0.083413 -0.050516 -0.013067 -0.004547 -0.279948 -0.278186 0.111996 0.077488 -0.245436 -0.026756 -0.226062 -0.049676 -0.106604 -0.009673 0.003872 0.021021 -0.084048 -0.003618 -0.099190 -0.058317 0.049362 -0.242351 -0.022259 0.011647 -0.061828 0.168102 -0.171975 -0.022783 -0.044181 0.162145 -0.221910 -0.261988
0.182264 0.536243 -0.204085 -0.023942 -0.201787 -0.311273 -0.061105 -0.050325 -0.163408 -0.258464 -0.048997 -0.262225 -0.270607 -0.382619 -0.129756 -0.225879 0.085213 -0.177091 0.478771 1.000000 -0.097647 -0.314784 -0.338209 -0.055688 -0.247170 -0.314763 -0.236511 -0.072309 -0.043694 -0.067686 -0.239020 -0.206475 0.289048 0.094715 -0.045613 -0.060823 0.043727 -0.092586 -0.086738 -0.160439 -0.086550 0.008754 -0.213238 -0.058401 0.054163 0.016261 -0.105260 0.005693 0.183854 0.129317 -0.134079 0.034492 0.182541 -0.084831 0.099735 0.024581 0.196092 0.492462 0.143367 0.320010 -0.352965 -0.029062 -0.049874 0.048485 -0.297202 -0.324158 0.416447 0.216105 0.454517 0.388119 -0.155086 -0.188820 -0.018093 -0.150810 -0.001173 -0.127313 -0.042339 -0.050930 0.119547 -0.140066 0.099857 -0.066232 -0.047000 -0.108323 -0.023970 0.009978 0.052551 0.068914 -0.120054 -0.084079 0.275940 0.219729 0.005970 0.052396 -0.043681 0.097142 -0.038195 -0.060659 0.136339 0.104854 -0.201992 -0.065956 -0.113325 0.082679 -0.172340 -0.018036 -0.042990 0.073680 0.124166 -0.063014 0.014217 0.021553 0.117092 -0.013849 -0.057656 0.167337
-0.164768 -0.246514 -0.142675 -0.144822 0.007202 0.368105 -0.173858 -0.169685 -0.056349 0.074767 -0.164036 -0.163480 -0.058804 -0.150426 0.003668 0.089899 0.035491 0.035759 -0.285728 -0.097647 1.000000 0.419575 0.100388 -0.015324 0.145905 0.092449 0.360439 0.301443 -0.123850 -0.077411 -0.037660 -0.213081 -0.185895 -0.386517 -0.096968 0.098909 -0.068960 0.191632 0.345903 0.398375 0.253471 0.269444 0.054261 -0.077194 0.078693 0.055788 0.220384 0.083727 0.080252 0.056310 0.092057 0.069576 0.034023 0.165613 -0.067780 0.158931 -0.080819 -0.079865 -0.019830 -0.019062 -0.114235 -0.191247 -0.173823 -0.170651 0.009773 -0.146832 -0.113266 0.059522 0.034881 0.093675 0.372726 0.400114 -0.071420 0.063081 0.063130 0.118498 -0.167532 -0.005490 -0.190921 -0.022098 0.014926 -0.011750 0.192546 -0.109032 -0.093495 -0.097218 -0.025001 0.146206 0.109454 0.299622 0.086877 0.185934 0.063666 0.123637 0.178829 0.122688 -0.089517 0.110945 -0.015413 0.156458 -0.020322 0.196415 -0.036915 0.220213 0.017167 0.247116 0.114587 0.167601 0.015234 0.198157 0.405743 0.330758 0.110206 0.087644 0.068945 0.113793
-0.240582 -0.393007 -0.275139 0.015291 -0.258995 0.317818 -0.208020 -0.126213 -0.158720 -0.055411 -0.181558 0.074391 -0.144594 -0.103254 -0.003517 0.003907 -0.002827 0.147479 -0.195713 -0.314784 0.419575 1.000000 0.237074 0.319134 0.104142 0.422514 0.092186 0.314254 0.064769 0.105077 0.284623 0.351294 -0.099940 0.094958 0.025779 0.107031 -0.002249 0.334848 0.119321 0.328758 0.266988 0.354821 0.197709 0.171586 -0.154102 -0.111694 0.183650 0.031223 -0.434473 -0.281748 0.028036 -0.100573 -0.196623 0.075202 -0.318990 0.139890 0.060274 -0.276159 -0.357860 -0.422656 -0.138898 -0.383623 -0.239294 -0.238037 0.119038 -0.076259 -0.388030 -0.274200 -0.259531 -0.408892 0.457677 0.480940 0.018062 0.374635 0.215705 0.384550 0.158079 0.391340 0.001002 0.217904 -0.004388 0.194069 0.185359 0.163059 0.188959 0.282493 -0.035455 0.339590 0.038809 0.050695 -0.365022 -0.273198 -0.297132 -0.290764 0.077361 -0.021890 -0.057641 0.118859 -0.048141 0.106216 -0.032275 0.055256 0.034168 -0.134747 0.305051 -0.014727 -0.028284 -0.136149 -0.181903 0.194073 0.202651 0.176171 -0.223875 -0.146184 -0.023378 -0.303036
-0.236686 -0.475831 0.109838 0.394583 -0.071521 0.586407 0.156381 0.227618 0.147868 0.190614 -0.351231 -0.304976 -0.116150 -0.262405 -0.046532 -0.050734 -0.366041 -0.174935 -0.297703 -0.338209 0.100388 0.237074 1.000000 0.681270 0.390934 0.690402 0.383109 0.531326 -0.402651 -0.402647 0.250003 0.185135 -0.415104 0.064183 0.599635 0.458094 -0.274460 -0.101292 0.089691 0.085989 -0.179543 -0.126218 0.153592 -0.018165 -0.174743 -0.070045 0.090160 -0.017597 0.020960 0.015318 0.569942 0.267682 -0.250727 0.286048 -0.182819 -0.141376 -0.284612 -0.370252 -0.252411 -0.513059 -0.126691 -0.486238 -0.501888 -0.533996 0.723647 0.291233 -0.310415 0.020137 -0.198234 -0.099056 0.020312 0.188338 -0.456574 -0.170636 -0.205456 -0.131492 -0.179830 0.040608 -0.229134 -0.066742 -0.553638 -0.302594 -0.032756 0.013951 0.090179 0.047076 0.024943 0.092184 0.509478 0.106576 -0.038448 0.093841 0.156922 -0.025123 0.163084 -0.103135 0.112879 -0.188747 -0.149851 -0.141149 -0.001298 -0.039489 -0.034825 -0.203665 0.085236 0.016469 -0.152736 -0.212472 0.055350 -0.046907 0.214999 -0.147191 -0.343144 -0.257676 0.050316 -0.193625
-0.212166 -0.405643 -0.236912 0.411548 -0.390514 0.483104 0.083319 0.341806 0.004560 0.083634 -0.506144 -0.175032 -0.417990 -0.414194 -0.081660 -0.086461 -0.389754 -0.214307 -0.185564 -0.055688 -0.015324 0.319134 0.681270 1.000000 0.141958 0.587603 0.065885 0.532182 -0.401582 -0.355065 0.171881 0.259944 -0.311148 0.145595 0.431115 0.423227 -0.254491 -0.047398 0.039579 0.099033 -0.218257 -0.115673 0.099991 0.067731 -0.193072 -0.000298 0.060049 -0.024638 -0.050160 -0.028641 0.362895 0.259518 -0.253268 0.248878 -0.196321 -0.111045 -0.177624 -0.314930 -0.281389 -0.378572 -0.443474 -0.505474 -0.512929 -0.471922 0.537569 0.230321 -0.256429 0.028561 -0.220697 -0.180459 0.031796 0.107146 -0.441486 -0.142004 -0.178698 -0.176916 -0.144819 0.070459 -0.217464 0.051955 -0.476067 -0.304246 0.085170 0.112138 0.366965 0.420056 0.303976 0.402824 0.508661 0.175754 -0.015057 0.044292 0.136756 -0.104725 0.081543 -0.091276 -0.025586 -0.239113 0.025224 -0.029378 -0.135278 -0.030965 -0.038737 -0.132899 0.094759 -0.040608 -0.164898 -0.194384 -0.047553 -0.016328 -0.053299 -0.182852 -0.290117 -0.385799 -0.024832 -0.205789
-0.190329 -0.335996 0.017120 0.064644 0.414439 0.473671 -0.136692 0.016636 0.548714 0.579145 -0.125184 -0.326411 -0.017182 -0.109210 0.135066 0.468774 -0.136375 -0.089201 -0.194948 -0.247170 0.145905 0.104142 0.390934 0.141958 1.000000 0.569995 0.567690 0.198099 -0.040361 0.018446 0.182775 0.047717 -0.304037 -0.207616 0.220687 0.131178 0.011056 0.301498 0.004630 -0.079547 0.078579 0.040092 0.168370 0.004283 -0.077259 -0.094122 0.128759 0.093663 0.001441 0.012186 0.326151 0.158784 -0.016548 0.219611 -0.137683 -0.212104 -0.249528 -0.233317 -0.219214 -0.182445 -0.048696 -0.216864 -0.275513 -0.302662 0.237572 0.065276 -0.277774 -0.054122 -0.186838 -0.215046 0.046026 0.030834 -0.174974 0.041757 -0.329068 -0.102026 0.063112 0.182307 -0.161053 0.048102 -0.161542 -0.118258 0.068179 0.079955 0.166166 -0.045335 -0.220427 -0.345251 0.254930 0.091764 -0.154444 -0.020878 0.018161 -0.065188 0.076643 0.003141 -0.018961 -0.095803 -0.363311 -0.303955 0.028197 0.084680 0.009729 -0.280191 -0.041991 -0.069496 -0.037968 -0.165484 0.078303 0.054142 0.066933 -0.150928 -0.212000 -0.162655 0.008469 -0.214274
-0.459113 -0.576593 -0.079988 0.328313 0.045747 0.614651 -0.087954 0.244677 0.101180 0.241773 -0.439868 -0.246298 -0.304010 -0.284408 -0.123649 0.006381 -0.356396 -0.172675 -0.378306 -0.314763 0.092449 0.422514 0.690402 0.587603 0.569995 1.000000 0.209882 0.468252 -0.329158 -0.168403 0.501480 0.442479 -0.324666 0.158198 0.374424 0.470568 -0.224773 0.181757 0.117256 0.112980 -0.090185 0.030942 0.290161 0.256506 -0.016917 0.139988 0.163843 0.185894 -0.211175 0.002744 0.313394 0.147405 -0.304805 0.249244 -0.239298 -0.107596 -0.339493 -0.457677 -0.496807 -0.442786 -0.252767 -0.431259 -0.456659 -0.474877 0.457760 0.239200 -0.407996 0.057338 -0.330672 -0.251598 0.088730 0.251451 -0.363885 0.039058 -0.245059 -0.044832 -0.153075 0.319787 -0.207887 0.014192 -0.337620 -0.207964 0.018879 0.086730 0.143119 0.164518 -0.060829 -0.057196 0.391362 -0.006963 -0.220309 -0.094216 0.077257 -0.152233 0.190524 0.019914 0.117428 0.012524 -0.155809 -0.149456 -0.002414 0.017010 0.027566 -0.267842 0.131013 -0.003174 -0.122615 -0.260806 0.043172 -0.011397 0.226517 -0.057278 -0.290140 -0.312112 0.021366 -0.188264
0.085636 -0.266567 0.095280 0.023651 0.390251 0.586281 -0.082583 -0.142692 0.496325 0.459363 -0.124167 -0.337405 0.000689 -0.057447 0.128669 0.322957 -0.077294 0.005088 -0.145585 -0.236511 0.360439 0.092186 0.383109 0.065885 0.567690 0.209882 1.000000 0.338050 -0.091855 -0.110326 -0.099169 -0.175785 -0.204776 -0.265646 0.175509 0.136877 -0.030215 0.058042 0.166627 0.220188 0.013244 0.021978 0.057506 -0.231605 -0.183152 -0.151160 0.166164 0.025470 0.057676 -0.085917 0.227038 0.047534 0.038606 0.227820 -0.101286 0.049435 -0.079922 -0.113181 0.000298 -0.242231 0.096573 -0.187916 -0.236618 -0.262190 0.285786 -0.015436 -0.190410 -0.098462 -0.054571 -0.071567 0.048980 0.025070 -0.136836 -0.114723 -0.174524 -0.112088 -0.079676 -0.039874 -0.209587 -0.036961 -0.282219 -0.113669 0.135138 0.100157 -0.081664 -0.213185 -0.083314 -0.092316 0.320009 0.245630 0.045427 0.180920 0.078916 0.192239 0.015776 -0.023276 -0.061317 0.018971 -0.173850 -0.056057 0.052629 0.134437 -0.064536 0.027625 0.015588 0.142649 -0.005722 0.018526 -0.062528 0.009791 0.123423 -0.065034 -0.077458 0.028120 0.120411 -0.077701
-0.040006 -0.267313 -0.255251 0.268213 -0.253197 0.711029 -0.218094 -0.023775 -0.148596 -0.077410 -0.412617 -0.432796 -0.279168 -0.422338 -0.182073 -0.027128 -0.358814 -0.279315 -0.311209 -0.072309 0.301443 0.314254 0.531326 0.532182 0.198099 0.468252 0.338050 1.000000 -0.602059 -0.631290 -0.079588 -0.235852 -0.364730 -0.197059 0.370003 0.532009 -0.170112 0.032521 0.320995 0.393006 -0.101560 0.079130 0.056227 0.165454 -0.119388 0.057796 0.102150 0.069043 0.089192 0.014023 0.526283 0.254170 -0.154778 0.210658 0.080826 0.144621 -0.023120 -0.094028 -0.071949 -0.376741 -0.225158 -0.542325 -0.491808 -0.564854 0.398498 0.201288 -0.084157 0.177220 0.169851 0.153791 -0.089971 0.107389 -0.633875 -0.250386 -0.289883 -0.223022 -0.252263 -0.009835 -0.280716 -0.043108 -0.534987 -0.369207 0.039272 -0.037056 0.164333 0.339525 0.191070 0.314758 0.611166 0.428251 0.100161 0.275826 0.185451 0.085788 0.273374 0.098915 0.182392 0.125223 0.028755 0.028634 -0.099784 -0.012438 -0.283391 -0.106830 -0.060864 0.276844 -0.108498 -0.183962 0.202063 0.025481 0.365427 0.078518 -0.225613 -0.203744 0.210142 -0.027888
0.058240 0.078383 0.006388 -0.473744 0.202750 -0.511456 0.086819 -0.408018 0.127677 -0.093674 0.506408 0.341660 0.470942 0.267538 0.556977 0.206280 0.580083 0.539105 0.341966 -0.043694 -0.123850 0.064769 -0.402651 -0.401582 -0.040361 -0.329158 -0.091855 -0.602059 1.000000 0.745330 0.207816 0.335578 0.335669 0.243653 -0.391390 -0.619303 0.299314 0.256163 -0.180206 -0.175565 0.382057 0.166105 0.003511 -0.236436 -0.199876 -0.433975 -0.079926 -0.089826 -0.375823 -0.205398 -0.552872 -0.423624 0.055220 -0.258205 -0.255083 -0.028313 0.209907 0.084104 -0.075134 0.027242 0.300394 0.223310 0.431797 0.432485 -0.423206 -0.395043 -0.153010 -0.557865 -0.157096 -0.348467 0.331521 -0.003114 0.870953 0.441774 0.510840 0.324984 0.470763 0.133729 0.398962 0.276576 0.577642 0.609110 0.293858 0.274835 0.061709 -0.183680 -0.018662 -0.135898 -0.489270 -0.393545 -0.262659 -0.384933 -0.460372 -0.234012 -0.197353 -0.226876 -0.231437 -0.056341 -0.082942 0.058884 -0.040456 0.079935 0.115717 -0.066766 0.157543 -0.256974 0.104756 0.060007 -0.285941 0.217002 -0.234878 0.033304 0.155995 0.191547 -0.180572 -0.133736
-0.047004 -0.006756 -0.167851 -0.400003 0.148111 -0.405925 -0.022855 -0.232808 0.145830 0.151667 0.201895 0.443361 0.162158 0.276835 0.256117 0.305042 0.429810 0.489635 0.095478 -0.067686 -0.077411 0.105077 -0.402647 -0.355065 0.018446 -0.168403 -0.110326 -0.631290 0.745330 1.000000 0.305888 0.482547 0.303543 0.301282 -0.356425 -0.531739 0.305756 0.308588 -0.161991 -0.178461 0.308245 0.182183 0.028698 -0.187371 -0.122574 -0.234261 -0.014439 -0.086354 -0.482792 -0.176037 -0.535927 -0.372310 0.021191 -0.217091 -0.409874 -0.054661 -0.024007 -0.056139 -0.196193 0.080368 0.062772 0.287661 0.351500 0.481158 -0.350060 -0.222416 -0.271342 -0.458489 -0.376530 -0.456600 0.319815 0.098320 0.778652 0.646420 0.519318 0.528727 0.453667 0.297467 0.387383 0.332746 0.592541 0.684429 0.082871 0.342829 -0.006955 -0.207393 -0.115263 -0.206353 -0.473980 -0.339005 -0.314135 -0.536026 -0.458708 -0.326462 -0.096709 -0.105119 -0.336472 -0.021325 -0.091042 0.082519 -0.049810 0.172447 0.327420 0.016313 0.229740 -0.216960 0.120649 0.077169 -0.304169 0.073343 -0.278438 -0.011717 0.184362 0.093356 -0.122182 -0.068189
-0.401806 -0.361573 -0.136486 -0.015472 0.096286 -0.052260 0.044911 0.014823 -0.173155 -0.057266 -0.090216 0.127658 -0.002233 0.002306 0.044625 -0.002791 0.052880 0.220226 -0.148610 -0.239020 -0.037660 0.284623 0.250003 0.171881 0.182775 0.501480 -0.099169 -0.079588 0.207816 0.305888 1.000000 0.797940 0.070585 0.442360 0.100688 0.096778 -0.045123 0.182066 0.150584 -0.002790 0.025823 -0.051509 0.141336 0.044263 0.001559 0.081378 0.000799 -0.065790 -0.477966 -0.157639 -0.211705 -0.222795 -0.295509 -0.153215 -0.241528 -0.142298 -0.231988 -0.366302 -0.534981 -0.252906 -0.028864 -0.029074 -0.104539 -0.034880 0.201206 0.106629 -0.513712 -0.155561 -0.426716 -0.364691 0.331194 0.420626 0.223020 0.356148 0.128842 0.255657 0.132714 0.343489 0.117737 0.189048 0.052168 0.228918 0.097662 0.213941 0.082153 -0.140997 0.067239 -0.159444 -0.066528 -0.282715 -0.318123 -0.374149 -0.189926 -0.190726 0.112639 0.016291 -0.016731 0.088314 -0.058210 -0.050141 -0.058026 0.091402 0.153555 -0.214316 0.188968 -0.058552 0.028814 -0.117486 -0.104883 -0.060602 0.011435 -0.053907 -0.097588 -0.047517 0.001825 -0.035472
-0.291319 -0.396790 -0.076811 -0.010574 0.013591 -0.119654 0.129193 0.123486 -0.106580 -0.005493 -0.067704 0.330521 -0.059421 0.067963 0.035026 -0.050159 0.083176 0.268293 -0.009832 -0.206475 -0.213081 0.351294 0.185135 0.259944 0.047717 0.442479 -0.175785 -0.235852 0.335578 0.482547 0.797940 1.000000 0.110674 0.614011 0.100261 0.031025 0.009051 0.145571 -0.007311 -0.035512 0.057697 -0.037906 0.171601 0.054242 0.011811 0.033752 -0.047834 -0.019153 -0.595413 -0.232980 -0.343650 -0.315471 -0.416537 -0.152514 -0.423329 -0.105189 -0.184633 -0.406786 -0.543126 -0.329010 -0.074442 -0.039647 -0.074845 -0.012902 0.163590 0.049794 -0.469634 -0.219839 -0.539876 -0.544591 0.301252 0.303269 0.359532 0.398112 0.231737 0.286140 0.181125 0.367699 0.212025 0.257955 0.137515 0.338754 0.074781 0.288916 0.103230 0.000509 0.064154 -0.004546 -0.171947 -0.400404 -0.418843 -0.485538 -0.307172 -0.334718 0.031355 -0.109313 -0.102735 -0.029982 -0.093860 0.018509 0.022182 0.030531 0.234026 -0.149561 0.315777 -0.225345 -0.057458 -0.145601 -0.248734 -0.020360 -0.152094 -0.148663 -0.129137 -0.092503 -0.155167 -0.195110
0.283906 0.331154 0.042616 -0.186948 -0.008624 -0.408404 0.143677 -0.145068 -0.089647 -0.245473 0.162538 0.174325 0.049720 0.022193 0.064626 -0.145316 0.197213 0.110903 0.432142 0.289048 -0.185895 -0.099940 -0.415104 -0.311148 -0.304037 -0.324666 -0.204776 -0.364730 0.335669 0.303543 0.070585 0.110674 1.000000 0.564915 -0.263525 -0.381648 0.237336 -0.183836 -0.084679 -0.158808 0.157026 0.098551 -0.263215 -0.162257 -0.143195 -0.187145 -0.101882 -0.094624 -0.245532 -0.135472 -0.503200 -0.336591 0.234866 -0.257816 -0.005340 0.171429 0.170089 0.194829 0.128656 0.180830 0.205405 0.267571 0.421242 0.468709 -0.404864 -0.262949 0.174572 -0.168431 0.061787 -0.085205 -0.070288 -0.276381 0.403753 0.123194 0.262030 0.055263 0.214303 -0.011228 0.096814 -0.074887 0.241387 0.167263 0.113733 0.090788 -0.153539 -0.211063 0.029412 0.005805 -0.401205 -0.256921 0.021799 -0.159169 -0.252666 -0.044367 -0.334510 -0.058122 -0.126979 0.026990 0.133853 0.153777 -0.149995 0.008294 0.029700 0.144502 0.075335 -0.158070 0.072672 0.062392 -0.183005 -0.060852 -0.223511 0.073975 0.194257 0.191401 -0.177286 -0.001127
-0.010151 -0.050263 0.022901 -0.030657 -0.159520 -0.252586 0.231207 0.073639 -0.124793 -0.207692 -0.043254 0.214936 -0.074492 -0.109971 -0.049204 -0.295819 0.047182 0.138587 0.235033 0.094715 -0.386517 0.094958 0.064183 0.145595 -0.207616 0.158198 -0.265646 -0.197059 0.243653 0.301282 0.442360 0.614011 0.564915 1.000000 0.059266 -0.076307 0.128800 -0.139113 -0.149246 -0.172411 0.056948 -0.017578 0.009373 0.008261 -0.144480 -0.092383 -0.052867 0.064192 -0.527681 -0.249178 -0.289639 -0.373061 -0.241491 -0.196904 -0.324398 0.093424 0.017657 -0.031807 -0.279817 -0.263743 0.038076 -0.014720 0.116809 0.164775 0.067368 0.043555 -0.158742 -0.140353 -0.229465 -0.316862 -0.027473 -0.132297 0.295492 0.137779 0.192131 0.085634 0.242984 0.177635 0.204817 0.117530 0.072774 0.242854 0.012309 0.123258 -0.001986 -0.071743 0.052107 0.092693 -0.208623 -0.460169 -0.288758 -0.400422 -0.342539 -0.276966 -0.122188 -0.125350 0.041132 -0.020336 0.055624 0.140210 -0.052381 -0.065801 0.160352 -0.053557 0.214403 -0.252529 -0.107501 -0.132685 -0.143236 -0.068863 -0.119558 -0.075563 -0.045901 -0.030576 -0.173629 -0.182420
-0.080107 -0.294153 -0.007900 0.285617 -0.096254 0.252095 0.094109 0.103559 0.026172 -0.006662 -0.241187 -0.369007 -0.163374 -0.284914 -0.207038 -0.157010 -0.252562 -0.229933 -0.080008 -0.045613 -0.096968 0.025779 0.599635 0.431115 0.220687 0.374424 0.175509 0.370003 -0.391390 -0.356425 0.100688 0.100261 -0.263525 0.059266 1.000000 0.623395 -0.041937 -0.168946 0.067457 0.030608 -0.188682 -0.185521 0.080870 0.078702 -0.029447 0.122520 -0.033489 -0.145079 -0.003924 -0.081402 0.397195 0.125939 -0.262417 0.078544 -0.009154 -0.166893 -0.134970 -0.070976 -0.128269 -0.322023 -0.060149 -0.316366 -0.396298 -0.468972 0.625300 0.247664 0.034906 0.229574 -0.001612 0.025215 -0.117942 0.029591 -0.402178 -0.183084 -0.267407 -0.217560 -0.038395 0.049659 0.056542 0.082029 -0.416631 -0.191049 -0.207132 -0.103760 0.100453 0.122841 0.048726 -0.027610 0.336306 0.094017 -0.139776 0.082282 0.094309 -0.032720 0.181360 -0.060927 0.175448 -0.179233 -0.131544 -0.155696 -0.046051 -0.082352 -0.016679 -0.215721 -0.037243 -0.046621 -0.289209 -0.251607 0.158173 -0.164677 0.140430 -0.203552 -0.263248 -0.174311 0.084101 -0.205161
-0.231203 -0.363373 -0.089987 0.288014 -0.069577 0.463316 -0.160296 0.198641 -0.128287 0.019251 -0.402778 -0.380850 -0.374922 -0.234660 -0.455891 -0.320861 -0.388151 -0.294528 -0.294191 -0.060823 0.098909 0.107031 0.458094 0.423227 0.131178 0.470568 0.136877 0.532009 -0.619303 -0.531739 0.096778 0.031025 -0.381648 -0.076307 0.623395 1.000000 -0.210555 -0.086132 0.322787 0.275935 -0.297403 -0.143748 0.189873 0.278815 0.288508 0.558546 0.075406 0.039640 0.025163 0.007010 0.384260 0.171392 -0.359224 0.126677 0.177917 -0.063013 -0.202840 -0.200339 -0.296364 -0.371854 -0.270614 -0.410228 -0.522314 -0.618138 0.532880 0.309565 -0.020969 0.558892 0.026830 0.187302 -0.049768 0.165686 -0.551078 -0.265430 -0.411334 -0.275419 -0.345328 0.072239 -0.204499 -0.014207 -0.493618 -0.364767 -0.199247 -0.314818 0.007144 0.149750 0.106797 0.099348 0.369572 0.267689 0.051540 0.302838 0.355107 0.141573 0.254392 0.106260 0.272893 0.051285 0.030700 -0.030091 0.079994 -0.030529 -0.031363 -0.070683 -0.015760 0.224467 -0.225391 -0.097683 0.318813 -0.075486 0.391789 -0.008768 -0.131108 -0.136191 0.075338 0.037154
