1.000000 0.434420 0.439424 0.263652 0.100754 0.041978 0.330697 0.346583 0.166693 -0.202089 0.367127 0.004221 0.189963 -0.048350 0.413481 0.233015 -0.067543 -0.288467 0.464650 0.598900 -0.025891 -0.100834 0.272883 0.192931 -0.141825 -0.068076 -0.135001 0.361507 -0.196126 -0.287972 -0.134543 -0.227709 0.191644 0.206704 -0.123017 0.134085 -0.305090 -0.584398 -0.514835 -0.362439 -0.325893 -0.297859 -0.270896 -0.110743 -0.279381 -0.176881 -0.214416 -0.127047 -0.339413 -0.277837 -0.271117 -0.206090 -0.345482 -0.335731 -0.192013 -0.145928 0.688394 0.399465 0.047630 0.140610 0.416342 0.361606 -0.094951 0.075345 -0.047879 0.167007 0.079372 0.051403 0.381212 0.113625 -0.221303 -0.252648 -0.174591 -0.257999 -0.194199 -0.091816 -0.309696 -0.290101 -0.294965 -0.251259 -0.400321 -0.440727 0.025351 0.049151 -0.219619 -0.380244 -0.195412 0.020543 0.235824 -0.173194 0.010770 -0.084213 0.245185 0.022945 -0.232247 -0.086142 -0.208385 -0.021007 -0.147844 -0.083172 0.138159 0.064067 -0.000985 -0.186240 -0.242968 -0.210612 -0.039481 0.043287 0.094951 -0.179482 -0.127739 -0.087090 -0.072044 0.060230 0.011174 -0.134748
0.434420 1.000000 0.323883 0.479803 0.047891 -0.034365 0.048949 0.255475 -0.032705 -0.302100 0.239435 -0.148694 0.011450 -0.255957 0.285942 -0.103894 0.294707 -0.230361 0.614592 0.575159 0.007552 -0.179602 0.351122 0.293305 -0.200865 -0.185812 -0.044269 0.244556 0.146183 -0.450296 -0.178336 -0.340783 0.565675 0.467265 -0.004681 0.313235 -0.356780 -0.510511 -0.477761 -0.394037 -0.137211 -0.324628 -0.295419 -0.290463 -0.155098 -0.440439 -0.457832 -0.555218 -0.024268 -0.257115 -0.139057 -0.376694 -0.161598 -0.443682 -0.182158 -0.139911 0.548721 0.853091 0.314737 0.316902 0.345477 0.450973 0.375143 0.252666 -0.118329 0.232466 0.284320 -0.262069 0.414869 0.025959 -0.342418 -0.654952 0.033604 -0.393142 0.050697 -0.264964 -0.190002 -0.393241 -0.026202 -0.179051 0.116760 -0.229784 0.190640 -0.222175 -0.202307 -0.269349 0.050184 -0.154772 0.407525 0.008279 -0.187023 -0.104307 -0.014947 -0.080611 -0.298131 -0.293939 -0.276669 -0.023874 -0.301976 -0.103627 0.108557 -0.109565 -0.138787 -0.191676 -0.090697 -0.174245 -0.114409 -0.055773 0.139385 0.035398 -0.207103 -0.163430 -0.145287 -0.034620 -0.089395 -0.157596
0.439424 0.323883 1.000000 0.660399 -0.057191 0.115302 0.747659 0.750853 0.285774 -0.014950 0.297880 0.024628 0.009428 0.014365 0.079409 0.026794 -0.127556 -0.444797 0.234686 0.348477 -0.143718 -0.261992 0.671517 0.564523 0.040429 -0.188779 -0.075652 0.186683 -0.258124 -0.334252 0.267609 0.194844 0.214697 0.383652 -0.487833 0.006303 -0.332074 -0.652815 -0.464318 -0.301064 -0.418593 -0.265403 -0.417667 -0.180227 0.038712 0.123869 -0.441418 0.002540 0.086368 0.093582 -0.177963 -0.135173 -0.260560 -0.377080 -0.145383 -0.483085 0.168232 0.198691 0.197110 0.261352 0.073580 0.125670 0.136646 -0.265853 -0.194601 -0.077563 -0.040550 0.103985 0.060633 0.171968 -0.023540 -0.085083 -0.191749 -0.147482 -0.036577 0.051663 -0.281444 -0.406330 -0.353729 -0.394631 -0.218422 -0.527635 0.070639 -0.037476 -0.289816 -0.514617 -0.111014 -0.042059 0.491370 -0.146715 0.018497 -0.109420 0.310409 0.160502 -0.376803 -0.270029 -0.192056 -0.314167 0.013688 -0.160749 -0.076477 0.025185 0.086101 0.041732 -0.075413 0.032986 0.121863 0.086310 -0.016254 -0.183981 -0.202598 -0.059094 -0.034748 -0.085657 0.164461 -0.088834
0.263652 0.479803 0.660399 1.000000 -0.031647 0.102775 0.365611 0.605661 -0.171593 -0.013925 0.277158 0.233041 -0.039237 -0.028085 0.036966 -0.082281 0.165929 -0.117843 0.301720 0.250741 -0.120126 -0.148469 0.663801 0.613764 -0.179649 -0.217569 0.042982 0.076723 0.034820 -0.256568 0.056401 0.057835 0.176575 0.331833 -0.177708 0.194549 -0.305272 -0.412506 -0.261566 -0.268247 -0.245973 -0.113788 -0.323622 -0.267275 0.042355 -0.057737 -0.392517 -0.422476 0.057701 0.117213 -0.004992 -0.201509 -0.132636 -0.351821 -0.090672 -0.355019 0.176114 0.278873 0.280651 0.252895 -0.192961 0.241239 0.165148 -0.079564 -0.105868 0.128640 0.086826 -0.139247 0.037898 -0.026964 -0.067440 -0.158904 -0.026824 -0.152880 0.069735 -0.129751 -0.041051 -0.217844 0.050894 -0.187928 0.085736 -0.259255 0.255042 -0.169051 -0.331612 -0.265976 0.138468 -0.057892 0.497702 0.074720 -0.184806 -0.262055 0.044546 -0.020117 -0.418143 -0.219814 -0.337385 -0.228781 -0.255232 -0.190303 -0.056131 -0.215106 0.001928 -0.112254 -0.157790 -0.080565 -0.132019 -0.079739 -0.049226 -0.240716 -0.336734 -0.135068 -0.116138 -0.177539 0.105267 -0.193280
0.100754 0.047891 -0.057191 -0.031647 1.000000 0.617328 -0.228616 0.035228 0.153999 -0.204374 0.238354 -0.076353 -0.013659 0.010496 0.393690 0.560458 -0.310259 -0.198526 0.137560 -0.062572 0.332820 0.316635 0.111794 0.143630 0.386435 0.558103 0.690696 0.741010 -0.129227 -0.228339 0.098871 -0.076583 -0.346812 -0.256215 0.062600 0.102941 -0.000612 -0.188596 -0.107269 0.146026 0.006827 0.308800 0.031454 0.064420 -0.446245 -0.271357 0.076713 -0.210293 -0.489411 -0.329662 -0.263365 -0.323046 -0.170650 0.034956 0.307656 0.263891 -0.171287 0.090882 0.019309 0.060749 -0.272327 -0.201114 -0.261198 -0.061356 0.002702 -0.263189 0.273798 -0.052919 0.316185 0.288213 -0.155156 -0.164759 -0.140594 -0.153190 -0.322042 0.108665 -0.405605 -0.339597 -0.288543 0.020249 -0.181324 0.240465 0.168786 0.359849 0.369293 0.285034 0.011218 0.152342 0.189596 0.504529 -0.376233 -0.177834 -0.165408 -0.445613 -0.194084 -0.222369 -0.354488 -0.091350 -0.417987 -0.396346 0.218261 -0.352721 0.319749 0.116486 -0.037252 0.292331 0.014178 0.130643 0.304682 -0.051608 -0.015242 -0.392258 -0.391523 -0.196504 0.291193 0.009257
0.041978 -0.034365 0.115302 0.102775 0.617328 1.000000 -0.124754 0.203785 0.135172 0.087660 0.412980 0.231305 -0.068069 0.179723 -0.010188 0.477628 -0.340831 -0.017081 -0.168051 -0.308115 -0.097492 -0.025976 0.249318 0.358808 0.535253 0.698720 0.735679 0.323947 -0.222092 -0.173697 0.340038 0.275460 -0.370223 -0.109346 0.000728 0.111715 -0.108033 -0.247915 -0.153078 -0.056127 -0.081793 0.176312 -0.047631 0.073427 -0.252661 -0.028809 0.100049 -0.197213 -0.311566 -0.039910 -0.172902 -0.173731 -0.272760 0.049115 0.304181 -0.097544 -0.209880 0.024090 0.108735 0.280093 -0.204864 -0.228606 -0.105497 -0.355231 0.139975 -0.235938 0.444906 0.189393 0.055739 0.214313 -0.075087 0.079909 -0.181615 -0.129131 -0.267398 0.165658 -0.472809 -0.416994 -0.314506 -0.040512 -0.108046 0.161948 -0.066180 0.330726 0.241219 0.171005 0.110013 0.274939 0.166889 0.190613 -0.297075 -0.231855 -0.344366 -0.426162 -0.353714 -0.376828 -0.276525 -0.335298 -0.191411 -0.340039 0.200832 -0.239639 0.368684 0.122809 -0.011998 0.287197 0.079999 0.071368 0.077934 -0.267973 -0.053293 -0.307823 -0.286123 -0.226360 0.280539 -0.065037
0.330697 0.048949 0.747659 0.365611 -0.228616 -0.124754 1.000000 0.668883 0.406175 0.259012 0.132199 -0.009844 0.203124 0.130972 0.020282 0.069370 -0.099737 -0.499597 -0.125816 0.157825 -0.240167 -0.359013 0.273583 0.185555 -0.132016 -0.370858 -0.318169 -0.027735 -0.315089 -0.242324 0.218355 0.205853 0.124353 0.323394 -0.484429 -0.067043 -0.145550 -0.375338 -0.338732 -0.191866 -0.343287 -0.301617 -0.351710 -0.074034 0.233099 0.286738 -0.369605 0.296621 0.209242 0.197444 -0.116491 0.081101 -0.186930 -0.220747 -0.210623 -0.424782 -0.014458 0.051134 0.282252 0.188987 0.100535 -0.002358 -0.005446 -0.111086 -0.140059 -0.182299 -0.156978 0.179887 -0.251377 0.194845 0.079552 0.017346 -0.243547 -0.003212 -0.068323 0.075389 -0.040318 -0.149808 -0.252974 -0.485426 -0.312964 -0.580178 -0.092258 0.079485 -0.313907 -0.534286 -0.210955 0.025004 0.416659 -0.275580 0.321041 0.040885 0.410668 0.406849 -0.118030 0.110793 0.062260 -0.025468 0.314449 0.104770 -0.110495 0.227511 0.008458 0.058836 -0.115677 -0.014280 0.249100 0.044313 0.011503 0.009194 -0.173950 0.261205 0.206404 0.114350 -0.008317 -0.112339
0.346583 0.255475 0.750853 0.605661 0.035228 0.203785 0.668883 1.000000 0.191772 0.036365 0.281116 0.326212 0.205451 0.430974 0.120646 0.051962 -0.042675 -0.344759 -0.023625 0.227802 -0.193682 -0.225625 0.423946 0.443968 -0.042801 -0.065567 0.126140 0.125916 -0.072325 -0.298088 0.207130 0.295147 0.099594 0.437943 -0.525206 -0.063861 -0.398036 -0.533207 -0.536261 -0.300684 -0.440186 -0.081326 -0.492005 -0.322545 -0.055031 0.321891 -0.458505 0.014749 0.067324 0.262847 -0.265709 -0.195532 -0.308869 -0.169702 -0.226640 -0.639325 0.012512 0.130627 0.383220 0.407797 -0.050774 -0.056307 0.246258 -0.402985 -0.306822 -0.219735 -0.065514 0.250447 -0.092298 0.405675 0.185286 0.073022 -0.041116 -0.030591 0.048879 -0.032394 -0.129376 -0.319403 -0.179078 -0.459028 -0.147739 -0.624162 0.249594 0.126607 -0.504131 -0.580050 -0.055314 0.120976 0.424967 -0.151359 0.027802 -0.198917 0.325124 0.183840 -0.644082 -0.352577 -0.355945 -0.484866 0.104488 -0.144939 0.035079 0.061310 0.205485 0.061366 -0.072678 0.151681 0.183551 0.143353 -0.208616 -0.481239 -0.453632 0.051744 0.036142 -0.126589 0.162802 -0.302620
0.166693 -0.032705 0.285774 -0.171593 0.153999 0.135172 0.406175 0.191772 1.000000 0.137858 -0.112817 -0.134521 -0.160197 0.124147 0.211869 0.124372 -0.209973 -0.322802 -0.123253 -0.043769 0.035145 -0.176761 -0.190234 -0.238889 0.257419 0.025047 -0.035015 0.165093 -0.232279 -0.097145 0.236872 0.052260 -0.105316 -0.112421 -0.276412 -0.083381 0.067602 -0.344514 -0.194692 -0.153071 -0.144300 -0.283581 -0.030725 0.047587 -0.003354 0.191734 0.071319 0.267655 0.045555 0.023529 -0.056739 0.163526 -0.038202 -0.131121 -0.072955 -0.187699 0.022176 0.040965 -0.055834 0.005003 0.119407 -0.113786 0.093217 -0.184204 -0.256712 -0.113030 -0.146853 0.079133 -0.011549 0.192871 0.143875 0.034185 -0.075430 0.093890 -0.003322 0.199096 -0.176710 -0.203125 -0.368035 -0.158842 -0.230543 -0.198602 -0.142746 0.097958 0.089355 -0.118534 -0.114550 0.078368 0.241375 -0.137462 0.185840 0.071958 0.189600 0.057561 0.000262 -0.083497 0.152669 -0.082433 0.122311 -0.073490 0.016982 0.138863 0.202412 0.284153 0.042630 0.118273 0.074621 0.022947 0.111835 0.159395 0.157496 -0.046189 -0.021698 0.232392 0.207855 0.183770
-0.202089 -0.302100 -0.014950 -0.013925 -0.204374 0.087660 0.259012 0.036365 0.137858 1.000000 0.137383 0.087590 0.160056 0.020123 -0.370271 0.202046 -0.231932 -0.049301 -0.501609 -0.377221 -0.633461 -0.528626 -0.055050 -0.045071 0.029722 -0.249890 -0.275877 -0.491595 -0.457495 -0.165217 0.113829 0.176476 -0.164193 0.001686 -0.014630 0.098323 -0.082633 0.203971 0.111298 0.175147 -0.323776 -0.078477 0.128230 0.232976 0.287013 0.378259 0.216313 0.254776 0.168321 0.442358 0.263741 0.496781 -0.143865 0.359634 0.044134 -0.056753 -0.346967 -0.167515 0.381973 0.273909 -0.157991 -0.090120 -0.164072 -0.066634 0.416921 0.147241 0.284460 0.335504 -0.322912 0.054438 -0.253811 0.049336 -0.505672 -0.199527 -0.417225 -0.178819 -0.130567 0.027558 -0.096065 -0.306502 -0.139919 -0.067585 -0.352827 0.107787 0.091387 -0.108707 -0.070877 0.084232 -0.012491 -0.140923 0.334867 0.231846 -0.021714 0.299377 0.309826 0.322191 0.250410 0.146497 0.451151 0.294491 -0.184821 0.219519 -0.054589 0.153607 0.097322 0.034089 0.230002 0.087733 -0.021749 -0.059544 0.015077 0.387462 0.329184 0.142500 -0.102153 0.062751
0.367127 0.239435 0.297880 0.277158 0.238354 0.412980 0.132199 0.281116 -0.112817 0.137383 1.000000 0.198258 0.425605 0.014698 0.055349 0.360386 -0.004793 -0.160601 0.058649 0.087094 -0.288514 -0.204049 0.459497 0.528375 0.225311 0.210148 0.173794 0.137920 -0.209466 -0.293401 0.315078 0.240620 -0.054800 0.278086 -0.003236 0.307926 -0.245231 -0.263819 -0.341754 -0.084492 -0.273092 0.087096 -0.073840 0.188699 -0.230980 -0.163978 -0.096905 -0.121579 -0.338367 -0.179258 -0.284322 -0.163607 -0.387630 -0.100265 0.121538 -0.094935 0.086997 0.227411 0.149536 0.256721 0.123887 0.085869 -0.041868 -0.077783 0.356240 0.073991 0.325662 0.198929 0.114247 0.113869 -0.381298 -0.188660 -0.340582 -0.369155 -0.337229 -0.055882 -0.415084 -0.288328 -0.277805 -0.284762 -0.204292 -0.090184 0.126766 0.291075 0.000993 -0.018931 0.025060 0.117518 0.054902 0.076998 -0.329039 -0.208085 -0.255076 -0.249499 -0.291838 -0.131742 -0.218907 -0.121893 -0.084097 -0.257002 -0.006576 -0.117031 0.129575 -0.123651 -0.196200 -0.016323 0.078500 0.045649 0.077460 -0.274288 -0.017763 -0.204685 -0.261177 -0.233483 0.099246 -0.188034
0.004221 -0.148694 0.024628 0.233041 -0.076353 0.231305 -0.009844 0.326212 -0.134521 0.087590 0.198258 1.000000 0.032665 0.622265 -0.043328 0.139067 0.183020 0.626405 -0.193808 -0.322125 -0.189874 -0.011184 0.032007 0.108016 -0.028714 0.264633 0.343428 -0.262652 0.304246 0.534734 0.076049 0.404102 -0.103526 0.185556 -0.153915 -0.069375 0.077419 0.037092 0.102278 -0.155850 0.024521 0.116206 -0.248697 -0.246463 -0.209450 0.198149 0.007889 -0.237083 -0.211343 0.263136 -0.140746 -0.127467 -0.199305 0.009926 0.008090 -0.458660 -0.071170 -0.302536 -0.132903 -0.032301 -0.229891 0.031465 0.102968 -0.172542 -0.064045 0.022575 -0.188982 -0.119233 -0.256461 -0.208843 0.339533 0.569717 0.378624 0.464523 0.283994 0.094615 0.334244 0.391288 0.344141 0.311186 0.174896 0.058518 0.170036 0.238501 -0.237385 -0.037896 0.211102 0.254947 -0.125280 -0.039827 -0.343317 -0.561497 -0.297377 -0.285260 -0.537340 -0.258005 -0.304468 -0.492837 -0.076379 -0.271661 -0.086605 -0.169284 0.127393 -0.105419 -0.314066 -0.229138 -0.303482 -0.274064 -0.408892 -0.573307 -0.367637 -0.175144 -0.188241 -0.131219 0.195867 -0.331777
0.189963 0.011450 0.009428 -0.039237 -0.013659 -0.068069 0.203124 0.205451 -0.160197 0.160056 0.425605 0.032665 1.000000 0.193100 0.100736 0.226595 -0.035426 -0.242493 -0.097751 0.207269 -0.235838 -0.054357 0.092057 0.085013 -0.102472 -0.105789 -0.158907 -0.103957 -0.079506 -0.190637 -0.063864 0.065356 0.098220 0.324988 0.010995 0.145087 -0.327955 0.134570 -0.181983 0.135304 -0.069140 0.228318 0.070053 0.216432 -0.045023 -0.012389 -0.027953 0.144709 -0.172933 -0.068274 -0.141897 -0.091629 -0.240825 0.092598 0.058825 -0.017292 -0.090135 0.069507 0.273199 0.175372 0.234668 -0.005902 -0.287402 0.223139 0.337058 -0.077273 0.147780 0.356281 -0.103794 0.175519 -0.220936 -0.102473 -0.226052 -0.224611 -0.201061 -0.117917 -0.100136 0.006179 0.003126 -0.375902 -0.342096 -0.260126 -0.055415 0.283168 -0.239880 -0.069882 0.098343 0.249742 -0.174346 -0.051528 -0.090191 -0.115913 0.002198 -0.035623 -0.038115 0.151875 -0.033222 0.033728 0.179684 -0.056128 0.200281 0.065119 0.227151 0.025039 -0.120188 0.093700 0.195454 0.113777 -0.007265 -0.166692 -0.085275 0.107737 -0.069711 -0.086944 0.045123 -0.269090
-0.048350 -0.255957 0.014365 -0.028085 0.010496 0.179723 0.130972 0.430974 0.124147 0.020123 0.014698 0.622265 0.193100 1.000000 0.132417 0.193884 -0.042251 0.199702 -0.437809 -0.271215 -0.138367 -0.043074 -0.256020 -0.155505 0.023319 0.213803 0.347645 -0.146749 0.191443 0.370505 0.176802 0.392287 -0.263602 0.011097 -0.347233 -0.240239 0.072517 0.049363 -0.047096 -0.217645 -0.022573 0.147849 -0.142427 -0.191339 -0.114638 0.527420 0.034824 0.033649 -0.039031 0.375379 -0.114022 -0.054473 -0.003265 0.274098 -0.014995 -0.405722 -0.226314 -0.277020 0.018221 0.048312 -0.224188 -0.369596 0.118265 -0.293322 -0.330875 -0.163174 -0.325057 0.073894 -0.283586 0.156106 0.501436 0.548968 0.311077 0.457702 0.262682 0.091762 0.252708 0.187000 0.091876 0.009343 -0.125714 -0.251206 0.108285 0.334565 -0.251053 -0.128689 -0.097406 0.306332 -0.123516 -0.175753 -0.019733 -0.208414 -0.020481 -0.115718 -0.519374 -0.287629 -0.180758 -0.405969 0.211999 -0.020873 0.151643 0.058474 0.229108 0.107398 -0.166143 0.044809 -0.088105 -0.088326 -0.466252 -0.469045 -0.299164 0.073744 0.037594 0.036024 0.099944 -0.218847
0.413481 0.285942 0.079409 0.036966 0.393690 -0.010188 0.020282 0.120646 0.211869 -0.370271 0.055349 -0.043328 0.100736 0.132417 1.000000 0.391028 0.088124 -0.202750 0.331436 0.252596 0.276274 -0.051262 -0.091324 -0.133790 -0.035270 0.023302 0.207679 0.424243 0.242817 -0.052492 -0.175420 -0.361798 0.033320 -0.094327 0.062990 -0.050189 0.003216 -0.302197 -0.155903 -0.253937 -0.103998 -0.255234 -0.120518 -0.158885 -0.187954 -0.159777 -0.093218 -0.143193 -0.167703 -0.269555 -0.043828 -0.250377 0.004281 -0.141907 0.012590 0.135735 0.161926 0.152486 -0.131377 -0.176053 0.166945 0.098524 -0.042846 0.252118 -0.201308 0.212177 -0.201181 -0.209677 0.232106 0.101341 -0.013934 -0.238142 0.190541 0.005256 -0.003865 -0.135605 -0.033687 -0.055138 -0.040713 0.023538 -0.329398 -0.186615 0.381964 0.299481 -0.116995 -0.076899 -0.050575 0.160276 0.042547 -0.039079 -0.139339 -0.100662 0.089986 -0.227496 -0.159131 -0.080305 -0.029685 0.041296 -0.307548 -0.112371 0.354738 -0.121569 0.020160 -0.116529 -0.244979 -0.112697 -0.116604 0.048903 0.048491 -0.011574 -0.018308 -0.175483 -0.206174 -0.029990 -0.013850 0.048633
0.233015 -0.103894 0.026794 -0.082281 0.560458 0.477628 0.069370 0.051962 0.124372 0.202046 0.360386 0.139067 0.226595 0.193884 0.391028 1.000000 -0.496168 -0.207807 -0.094214 -0.180004 -0.157285 -0.153198 0.113063 0.123815 0.329031 0.308394 0.414583 0.348806 -0.458150 -0.057740 0.182117 0.042001 -0.315740 -0.168503 -0.031492 0.100481 -0.055113 -0.099360 -0.042505 0.088032 -0.294096 0.073438 -0.023852 0.127645 -0.188945 -0.038429 0.190290 -0.017269 -0.340004 -0.148151 -0.092817 -0.057359 -0.245456 0.152843 0.507208 0.169996 -0.182717 -0.018820 0.061025 0.095399 -0.085023 -0.140831 -0.497269 0.022703 0.307294 -0.060343 0.264971 0.054843 0.093903 0.094423 -0.309187 -0.057302 -0.395906 -0.161523 -0.542870 0.011092 -0.417993 -0.221099 -0.431879 -0.189559 -0.561367 -0.026466 -0.141702 0.645497 0.355610 0.102656 -0.187631 0.379085 0.066273 0.136328 -0.093345 -0.062254 -0.115023 -0.241587 -0.051445 0.015274 -0.104370 -0.031592 -0.056460 -0.105669 0.155477 -0.089637 0.132702 -0.002651 -0.123038 0.044309 0.037162 0.095199 -0.032515 -0.123124 -0.005200 -0.079112 -0.136974 -0.101922 0.094166 0.069144
-0.067543 0.294707 -0.127556 0.165929 -0.310259 -0.340831 -0.099737 -0.042675 -0.209973 -0.231932 -0.004793 0.183020 -0.035426 -0.042251 0.088124 -0.496168 1.000000 0.392035 0.209481 0.131549 0.127083 -0.066858 -0.177810 -0.167037 -0.372010 -0.222451 -0.099854 -0.227635 0.790737 0.202288 -0.340779 -0.218735 0.243273 0.213392 0.163602 0.119770 0.205055 0.061626 0.036849 -0.162983 0.304644 -0.219301 -0.185353 -0.244778 0.156999 -0.164284 -0.402208 -0.278011 0.142351 -0.000632 -0.076290 -0.230300 0.001590 -0.401201 -0.376414 -0.187831 0.210244 0.185460 -0.131950 -0.182397 0.129013 0.241509 0.556693 0.335266 -0.280521 0.203862 -0.274170 -0.290465 -0.152973 -0.205688 0.216009 -0.041399 0.613987 0.228614 0.547722 -0.060513 0.637526 0.398459 0.685842 0.357833 0.622761 0.145087 0.404630 -0.255035 -0.405374 -0.067849 0.228824 -0.162476 0.029087 -0.038628 -0.221339 -0.261655 -0.103223 -0.071134 -0.161303 -0.106503 -0.055981 -0.108540 -0.222550 -0.127312 -0.132911 -0.132636 -0.149815 -0.163239 -0.108377 -0.261890 -0.155469 -0.294642 0.095066 0.123984 -0.192400 -0.172419 -0.148502 -0.026229 -0.042030 -0.200868
-0.288467 -0.230361 -0.444797 -0.117843 -0.198526 -0.017081 -0.499597 -0.344759 -0.322802 -0.049301 -0.160601 0.626405 -0.242493 0.199702 -0.202750 -0.207807 0.392035 1.000000 -0.065185 -0.388805 0.063604 0.213736 -0.253806 -0.223558 -0.139240 0.230263 0.188242 -0.376446 0.556930 0.732833 -0.254159 0.038437 -0.108033 -0.130675 0.298945 0.046252 0.343760 0.346334 0.405542 0.039697 0.426682 0.155116 0.100002 -0.085518 -0.078639 -0.037049 0.234763 -0.366529 -0.188175 0.166085 0.085501 0.000021 0.033413 0.023084 -0.021048 -0.080071 0.017278 -0.316208 -0.431561 -0.349034 -0.248804 0.071773 0.125728 0.116254 0.039623 0.175132 -0.186091 -0.307287 -0.132496 -0.523886 0.268008 0.475809 0.574954 0.512954 0.428952 0.080888 0.544389 0.608381 0.647640 0.799077 0.555648 0.547493 0.083704 -0.164745 0.045659 0.317920 0.274579 0.040367 -0.327083 0.121450 -0.416768 -0.393035 -0.479361 -0.349431 -0.106027 -0.118554 -0.115566 -0.198871 -0.271022 -0.196599 -0.115469 -0.279389 -0.013383 -0.127287 -0.204108 -0.295957 -0.468605 -0.393902 -0.204095 -0.168991 -0.106074 -0.288077 -0.237992 -0.002371 0.140990 -0.131812
0.464650 0.614592 0.234686 0.301720 0.137560 -0.168051 -0.125816 -0.023625 -0.123253 -0.501609 0.058649 -0.193808 -0.097751 -0.437809 0.331436 -0.094214 0.209481 -0.065185 1.000000 0.734966 0.255192 0.123365 0.286828 0.212905 -0.124640 -0.109119 -0.049611 0.399679 0.177466 -0.119329 -0.314793 -0.445467 0.387225 0.143554 0.024978 0.089910 -0.172892 -0.394117 -0.217792 -0.192722 -0.054158 -0.206344 -0.247184 -0.214956 -0.268477 -0.559741 -0.340935 -0.457895 -0.238652 -0.460411 -0.212567 -0.392804 -0.181318 -0.496878 -0.083537 0.080909 0.562501 0.492801 -0.093795 -0.051755 0.267159 0.454129 0.048136 0.316835 -0.147109 0.169429 0.055973 -0.413271 0.647722 -0.052488 -0.275655 -0.468427 0.133518 -0.232471 0.014477 -0.134948 -0.123968 -0.182329 -0.045844 0.096113 0.064502 0.051659 0.159218 -0.236024 -0.002174 -0.084012 0.033104 -0.226368 0.287499 0.202483 -0.276408 -0.175384 0.100883 -0.146455 -0.141286 -0.126234 -0.305897 -0.020761 -0.502827 -0.254247 -0.053267 -0.246217 -0.174881 -0.224585 -0.123360 -0.179765 -0.151741 -0.044003 0.295734 0.063209 -0.178485 -0.333375 -0.257473 -0.121997 0.041862 -0.028479
0.598900 0.575159 0.348477 0.250741 -0.062572 -0.308115 0.157825 0.227802 -0.043769 -0.377221 0.087094 -0.322125 0.207269 -0.271215 0.252596 -0.180004 0.131549 -0.388805 0.734966 1.000000 0.030122 -0.012814 0.302466 0.249786 -0.236310 -0.325072 -0.329575 0.299231 0.033708 -0.389860 -0.315166 -0.383429 0.460419 0.364810 -0.147794 0.074066 -0.419287 -0.440178 -0.454173 -0.231182 -0.253891 -0.191667 -0.268652 -0.215355 -0.241192 -0.289791 -0.417838 -0.093582 -0.112325 -0.353467 -0.329554 -0.388874 -0.267385 -0.382460 -0.230129 -0.060065 0.610963 0.510163 0.165803 0.113496 0.388494 0.345001 0.101111 0.180282 -0.234477 0.040564 -0.019702 -0.000097 0.554306 0.330219 -0.268501 -0.497830 -0.039691 -0.399403 -0.068589 -0.301595 -0.202723 -0.314460 -0.165901 -0.293871 -0.105942 -0.359405 0.164001 -0.208331 -0.300096 -0.370788 -0.107561 -0.122155 0.253968 -0.033376 0.053184 0.012698 0.416541 0.184574 -0.150777 -0.068148 -0.244119 -0.002745 -0.082271 -0.031521 0.030455 0.056361 -0.053572 -0.091916 -0.070373 -0.067464 0.194851 0.149976 0.182533 -0.072403 -0.214011 0.003898 0.046063 -0.028570 -0.053872 -0.112183
-0.025891 0.007552 -0.143718 -0.120126 0.332820 -0.097492 -0.240167 -0.193682 0.035145 -0.633461 -0.288514 -0.189874 -0.235838 -0.138367 0.276274 -0.157285 0.127083 0.063604 0.255192 0.030122 1.000000 0.743654 -0.113568 -0.175837 0.017660 0.297142 0.282142 0.444901 0.407567 0.258529 -0.083438 -0.170552 -0.078519 -0.222306 0.183496 -0.150127 0.227026 0.044130 0.119619 0.215462 0.493578 0.263396 0.096945 -0.126218 -0.088432 -0.288263 -0.016976 -0.159562 -0.105025 -0.301531 -0.063289 -0.295445 0.151798 -0.331886 -0.012974 0.165191 0.070140 -0.127236 -0.493335 -0.506974 -0.096734 -0.029858 0.002561 0.061770 -0.362441 -0.276424 -0.341151 -0.359433 0.118792 -0.180995 0.421891 0.104909 0.500494 0.370775 0.454544 0.457504 0.262340 0.179736 0.174919 0.422929 0.168745 0.272218 0.222770 -0.089064 0.066780 0.302220 0.108905 -0.128731 0.025962 0.374325 -0.326932 -0.278271 0.026506 -0.338611 -0.043304 -0.051920 -0.146375 -0.058582 -0.561174 -0.424971 0.151908 -0.366780 0.168739 0.084868 -0.018924 0.151565 -0.319182 -0.121768 0.242509 0.284330 0.065252 -0.502430 -0.477169 -0.148717 0.349990 0.124407
-0.100834 -0.179602 -0.261992 -0.148469 0.316635 -0.025976 -0.359013 -0.225625 -0.176761 -0.528626 -0.204049 -0.011184 -0.054357 -0.043074 -0.051262 -0.153198 -0.066858 0.213736 0.123365 -0.012814 0.743654 1.000000 -0.055166 -0.096484 -0.012631 0.411092 0.232219 0.391521 0.244171 0.344596 -0.042465 0.021873 -0.176697 -0.200896 0.098769 -0.148493 0.145187 0.259321 0.173436 0.322988 0.487386 0.619048 0.240616 0.072762 -0.277946 -0.241729 0.170404 -0.176431 -0.298224 -0.224298 -0.107999 -0.225916 0.112721 -0.037944 0.164000 0.171996 -0.003461 -0.256578 -0.387849 -0.343813 -0.252583 -0.219586 -0.224063 -0.117304 -0.171594 -0.442105 -0.177422 -0.260986 0.138860 -0.210582 0.278076 0.243775 0.328406 0.330593 0.313806 0.407862 0.158640 0.180500 0.143120 0.420099 0.119869 0.386469 0.074200 -0.186200 0.166850 0.447454 0.121371 -0.098428 -0.095874 0.507569 -0.391912 -0.261658 -0.153725 -0.326863 -0.094836 -0.078092 -0.339568 -0.122821 -0.378251 -0.403844 0.120475 -0.341061 0.325740 0.101968 -0.003765 0.206132 -0.273444 -0.089038 0.083896 -0.026841 -0.075028 -0.424662 -0.387223 -0.154524 0.358909 -0.098177
0.272883 0.351122 0.671517 0.663801 0.111794 0.249318 0.273583 0.423946 -0.190234 -0.055050 0.459497 0.032007 0.092057 -0.256020 -0.091324 0.113063 -0.177810 -0.253806 0.286828 0.302466 -0.113568 -0.055166 1.000000 0.921532 0.104302 0.040979 0.072978 0.153851 -0.263367 -0.420510 0.191106 0.177894 0.249153 0.445319 -0.101972 0.303030 -0.505208 -0.447826 -0.275728 -0.028692 -0.256021 0.074169 -0.142922 -0.002627 -0.091385 -0.147580 -0.241825 -0.195855 -0.100833 -0.082350 -0.121475 -0.256173 -0.366204 -0.308803 0.139912 -0.147804 0.135620 0.185504 0.130059 0.162531 -0.064286 0.265087 -0.055941 -0.161231 0.218250 -0.035026 0.229261 0.139547 0.143845 0.072659 -0.325379 -0.256042 -0.317983 -0.445236 -0.232064 -0.107772 -0.436239 -0.403604 -0.231803 -0.268269 -0.066907 -0.164452 0.082096 -0.002966 -0.061775 -0.160419 0.148291 0.061278 0.248040 0.185275 -0.293442 -0.283021 0.027560 -0.102306 -0.271462 -0.231146 -0.315129 -0.212532 -0.168690 -0.331105 -0.012692 -0.176741 0.187980 0.042638 -0.097099 0.057965 0.041511 0.115938 0.086607 -0.277900 -0.108166 -0.237695 -0.254844 -0.287634 0.263586 -0.101497
0.192931 0.293305 0.564523 0.613764 0.143630 0.358808 0.185555 0.443968 -0.238889 -0.045071 0.528375 0.108016 0.085013 -0.155505 -0.133790 0.123815 -0.167037 -0.223558 0.212905 0.249786 -0.175837 -0.096484 0.921532 1.000000 0.262118 0.140583 0.175769 0.105593 -0.252475 -0.400256 0.321214 0.320767 0.143208 0.404920 -0.132878 0.263115 -0.520945 -0.430174 -0.285197 -0.037609 -0.308891 0.115942 -0.208082 -0.043732 -0.183590 -0.123039 -0.236791 -0.156477 -0.111641 -0.105598 -0.193485 -0.272860 -0.422723 -0.240871 0.123738 -0.199106 0.069536 0.186635 0.184444 0.230978 -0.087218 0.149372 0.014213 -0.238329 0.224245 -0.079292 0.256611 0.234216 0.126007 0.213022 -0.262841 -0.183412 -0.320151 -0.455080 -0.257425 -0.117580 -0.478446 -0.445221 -0.270880 -0.309787 -0.022964 -0.114381 0.166168 0.110561 -0.025864 -0.133951 0.188877 0.167990 0.228185 0.174818 -0.259764 -0.280530 -0.019774 -0.143299 -0.368147 -0.257145 -0.373114 -0.305893 -0.132704 -0.320129 -0.078363 -0.188088 0.174260 0.044836 -0.058938 0.108963 0.139654 0.159492 0.057913 -0.364215 -0.126542 -0.208322 -0.207067 -0.352352 0.231226 -0.156585
-0.141825 -0.200865 0.040429 -0.179649 0.386435 0.535253 -0.132016 -0.042801 0.257419 0.029722 0.225311 -0.028714 -0.102472 0.023319 -0.035270 0.329031 -0.372010 -0.139240 -0.124640 -0.236310 0.017660 -0.012631 0.104302 0.262118 1.000000 0.563495 0.479755 0.097148 -0.295010 -0.029362 0.708090 0.541842 -0.340230 -0.186077 -0.093048 0.003869 0.022045 0.014441 0.000779 0.196615 -0.018564 0.232018 0.002306 0.121247 -0.213149 -0.062258 0.176123 0.149085 -0.182158 -0.183217 -0.227913 -0.085384 -0.096698 -0.024846 0.334480 0.045101 -0.279556 -0.096363 -0.145261 -0.018071 -0.101065 -0.258076 -0.073253 -0.251921 0.075588 -0.179745 0.097234 0.167103 -0.031035 0.108908 0.053995 0.148769 -0.249335 -0.065973 -0.161868 0.353532 -0.453236 -0.346691 -0.451605 -0.051809 -0.149904 0.242279 -0.103043 0.415431 0.384506 0.261585 0.214197 0.353408 0.030399 0.197788 -0.160006 -0.153997 -0.285176 -0.336599 -0.075884 0.015215 -0.031395 -0.240376 -0.109598 -0.324280 0.015272 -0.134616 0.337323 0.244056 0.057553 0.185626 0.021797 0.047126 0.100958 0.047923 0.265116 -0.272206 -0.297325 -0.159134 0.356012 0.135871
-0.068076 -0.185812 -0.188779 -0.217569 0.558103 0.698720 -0.370858 -0.065567 0.025047 -0.249890 0.210148 0.264633 -0.105789 0.213803 0.023302 0.308394 -0.222451 0.230263 -0.109119 -0.325072 0.297142 0.411092 0.040979 0.140583 0.563495 1.000000 0.735018 0.277751 0.072196 0.220886 0.356690 0.367041 -0.340399 -0.155382 0.128580 -0.018468 0.128793 0.070233 0.018850 0.110377 0.318405 0.450500 0.039525 0.068553 -0.334476 -0.175604 0.167265 -0.174686 -0.413615 -0.201728 -0.273806 -0.287622 -0.137125 -0.015175 0.326146 0.044584 -0.190096 -0.179927 -0.322054 -0.139355 -0.223755 -0.209920 -0.158369 -0.254415 0.001332 -0.333753 0.106692 -0.014943 -0.032610 -0.029460 0.216097 0.296671 0.151059 0.208256 0.059410 0.436307 -0.164880 -0.076477 -0.102268 0.296252 0.011254 0.382646 -0.062723 0.336022 0.271226 0.414933 0.146030 0.239237 -0.103220 0.343302 -0.485763 -0.415618 -0.391981 -0.562057 -0.297551 -0.252206 -0.243287 -0.305033 -0.376727 -0.516850 0.240589 -0.370796 0.418614 0.065745 -0.093535 0.196516 -0.219526 -0.073023 0.106505 -0.168360 -0.017558 -0.510027 -0.508740 -0.293669 0.381861 -0.115988
-0.135001 -0.044269 -0.075652 0.042982 0.690696 0.735679 -0.318169 0.126140 -0.035015 -0.275877 0.173794 0.343428 -0.158907 0.347645 0.207679 0.414583 -0.099854 0.188242 -0.049611 -0.329575 0.282142 0.232219 0.072978 0.175769 0.479755 0.735018 1.000000 0.367181 0.198943 0.161364 0.247362 0.241433 -0.367500 -0.153587 0.017091 0.026343 0.100654 -0.077371 -0.011882 0.042214 0.186548 0.351368 -0.066983 -0.127821 -0.264419 -0.063995 0.022307 -0.300886 -0.319959 -0.069202 -0.191231 -0.367764 -0.104145 -0.007923 0.327189 -0.050089 -0.262780 -0.093847 -0.172749 -0.062014 -0.341103 -0.265136 0.043097 -0.211616 -0.129551 -0.286275 0.072615 -0.140880 0.015704 0.039110 0.235833 0.223457 0.247154 0.221609 0.112207 0.303109 -0.085148 -0.111747 -0.021176 0.276148 0.087213 0.311968 0.190812 0.399919 0.193194 0.265203 0.172732 0.315142 0.043293 0.365214 -0.507962 -0.428683 -0.335882 -0.566729 -0.485734 -0.407541 -0.377108 -0.441055 -0.417472 -0.517211 0.270794 -0.370794 0.392409 0.118249 -0.106458 0.185557 -0.183494 -0.020425 -0.033867 -0.198432 -0.116082 -0.485573 -0.493568 -0.303531 0.404226 -0.090420
0.361507 0.244556 0.186683 0.076723 0.741010 0.323947 -0.027735 0.125916 0.165093 -0.491595 0.137920 -0.262652 -0.103957 -0.146749 0.424243 0.348806 -0.227635 -0.376446 0.399679 0.299231 0.444901 0.391521 0.153851 0.105593 0.097148 0.277751 0.367181 1.000000 -0.129993 -0.235298 -0.028908 -0.295986 -0.153947 -0.197881 -0.132752 -0.048481 -0.015565 -0.406802 -0.334967 -0.102933 -0.116059 0.079396 -0.166752 -0.103592 -0.409432 -0.326290 -0.171774 -0.208312 -0.365435 -0.400650 -0.299922 -0.311960 -0.032290 -0.142491 0.101480 0.151610 0.182694 0.283052 0.023117 0.105839 -0.044485 -0.113259 -0.157118 -0.115173 -0.239851 -0.298275 0.148236 -0.193652 0.497051 0.282432 -0.115277 -0.270483 -0.057052 -0.094164 -0.189321 0.161247 -0.355008 -0.427757 -0.392653 -0.065968 -0.241015 -0.044006 0.191046 0.048627 0.213198 0.027957 -0.193950 -0.156570 0.360174 0.329277 -0.159132 -0.003270 0.149057 -0.170742 -0.229273 -0.253021 -0.381885 -0.044272 -0.382240 -0.218222 0.107934 -0.210131 0.092802 -0.034538 0.016166 0.207558 0.045225 0.111360 0.239646 0.021397 -0.095723 -0.264371 -0.198832 -0.103471 0.116348 0.034266
-0.196126 0.146183 -0.258124 0.034820 -0.129227 -0.222092 -0.315089 -0.072325 -0.232279 -0.457495 -0.209466 0.304246 -0.079506 0.191443 0.242817 -0.458150 0.790737 0.556930 0.177466 0.033708 0.407567 0.244171 -0.263367 -0.252475 -0.295010 0.072196 0.198943 -0.129993 1.000000 0.439582 -0.368362 -0.181401 0.165646 0.117199 0.258957 -0.019224 0.232028 0.140942 0.146782 -0.113999 0.505766 0.017289 -0.049460 -0.298844 0.047057 -0.107573 -0.223394 -0.325599 0.048602 0.018082 -0.023813 -0.353988 0.078580 -0.304346 -0.288538 -0.146038 0.072501 -0.062699 -0.332147 -0.408340 -0.061645 0.079438 0.462734 0.235670 -0.409874 0.066620 -0.427509 -0.363299 -0.137979 -0.224106 0.449814 0.156116 0.901343 0.469869 0.761971 0.034577 0.723029 0.494832 0.767123 0.622806 0.628700 0.268061 0.486960 -0.218976 -0.371980 0.125899 0.296295 -0.081379 -0.184240 0.078126 -0.408078 -0.442228 -0.167917 -0.293462 -0.284608 -0.227706 -0.138937 -0.229403 -0.387926 -0.302452 0.117870 -0.290633 0.047164 -0.102897 -0.213433 -0.175909 -0.330741 -0.300567 -0.058899 -0.000019 -0.227723 -0.340975 -0.323106 -0.126586 0.120441 -0.200416
-0.287972 -0.450296 -0.334252 -0.256568 -0.228339 -0.173697 -0.242324 -0.298088 -0.097145 -0.165217 -0.293401 0.534734 -0.190637 0.370505 -0.052492 -0.057740 0.202288 0.732833 -0.119329 -0.389860 0.258529 0.344596 -0.420510 -0.400256 -0.029362 0.220886 0.161364 -0.235298 0.439582 1.000000 -0.008631 0.192345 -0.217601 -0.232525 0.020317 -0.281853 0.554365 0.437352 0.439698 0.050787 0.440593 0.193263 0.029263 -0.079220 -0.010173 0.047766 0.212091 -0.126791 -0.155437 0.075933 0.008464 0.052513 0.193390 0.004193 0.112874 -0.089752 -0.116739 -0.483829 -0.600014 -0.538319 -0.220379 -0.131264 -0.026787 0.054098 -0.173325 -0.036708 -0.475036 -0.422980 -0.245749 -0.568713 0.504765 0.678404 0.601341 0.822536 0.531245 0.457996 0.643655 0.711966 0.402294 0.708860 0.244351 0.419263 -0.010616 0.049224 0.110771 0.323757 0.092517 0.073309 -0.291568 0.036229 -0.262295 -0.344909 -0.297892 -0.306297 -0.057721 0.071734 0.014196 -0.186355 -0.193550 -0.192178 -0.101784 -0.251464 0.015372 -0.094647 -0.238175 -0.270473 -0.492162 -0.436941 -0.238743 -0.000746 -0.078166 -0.248708 -0.225918 -0.022167 0.180065 -0.061201
-0.134543 -0.178336 0.267609 0.056401 0.098871 0.340038 0.218355 0.207130 0.236872 0.113829 0.315078 0.076049 -0.063864 0.176802 -0.175420 0.182117 -0.340779 -0.254159 -0.314793 -0.315166 -0.083438 -0.042465 0.191106 0.321214 0.708090 0.356690 0.247362 -0.028908 -0.368362 -0.008631 1.000000 0.837591 -0.218335 0.019177 -0.338627 -0.128769 0.013587 0.009416 -0.101025 -0.005213 -0.143863 0.150639 -0.041979 0.131717 -0.058245 0.137058 0.102611 0.157778 -0.058990 0.014910 -0.153108 0.099738 0.024048 0.060761 0.169286 -0.175197 -0.285860 -0.118487 -0.045690 0.069641 -0.106130 -0.258073 -0.009199 -0.388707 0.022618 -0.212977 0.013533 0.116040 -0.233948 0.017596 0.195584 0.268408 -0.288504 0.040399 -0.041843 0.427419 -0.311357 -0.249677 -0.471468 -0.221364 -0.245901 0.005931 -0.126804 0.345379 0.180203 0.087047 0.045751 0.192976 0.030878 0.002018 -0.049912 -0.089568 -0.230227 -0.151312 -0.146481 -0.017432 0.020231 -0.222373 0.097553 -0.184020 -0.033416 -0.061006 0.253597 0.177509 0.036241 0.167533 0.024383 0.035832 -0.104268 -0.057616 0.149742 -0.109756 -0.148045 -0.187161 0.196430 -0.015214
-0.227709 -0.340783 0.194844 0.057835 -0.076583 0.275460 0.205853 0.295147 0.052260 0.176476 0.240620 0.404102 0.065356 0.392287 -0.361798 0.042001 -0.218735 0.038437 -0.445467 -0.383429 -0.170552 0.021873 0.177894 0.320767 0.541842 0.367041 0.241433 -0.295986 -0.181401 0.192345 0.837591 1.000000 -0.139326 0.207221 -0.373307 -0.193564 0.019639 0.145150 0.006852 0.066419 0.007992 0.300462 -0.097304 0.045045 -0.067070 0.284664 0.065147 0.184363 -0.037280 0.185507 -0.206542 0.025857 -0.078072 0.100353 0.087294 -0.340551 -0.354681 -0.333235 -0.083823 0.021389 -0.165081 -0.223370 0.018631 -0.389962 0.005221 -0.291938 -0.132694 0.193447 -0.420136 -0.011530 0.391615 0.542520 -0.098792 0.221449 0.132300 0.413805 -0.055984 0.020835 -0.174369 -0.080043 -0.087051 0.006737 -0.131864 0.339951 -0.046874 0.020525 0.168016 0.247216 -0.127952 -0.039019 -0.115930 -0.301637 -0.240279 -0.134567 -0.269812 -0.039201 -0.059596 -0.361286 0.199807 -0.227387 -0.073760 -0.038168 0.294721 0.164304 -0.074380 0.104932 -0.027408 -0.023890 -0.233668 -0.274195 -0.031733 -0.060573 -0.120515 -0.197444 0.240327 -0.208556
0.191644 0.565675 0.214697 0.176575 -0.346812 -0.370223 0.124353 0.099594 -0.105316 -0.164193 -0.054800 -0.103526 0.098220 -0.263602 0.033320 -0.315740 0.243273 -0.108033 0.387225 0.460419 -0.078519 -0.176697 0.249153 0.143208 -0.340230 -0.340399 -0.367500 -0.153947 0.165646 -0.217601 -0.218335 -0.139326 1.000000 0.790532 -0.023254 -0.025801 -0.339947 -0.258127 -0.170528 -0.288018 -0.029392 -0.320673 -0.214737 -0.213235 0.089341 -0.233475 -0.401210 -0.175865 0.197222 -0.101989 -0.034496 -0.183405 -0.102181 -0.363452 -0.339341 -0.156813 0.300335 0.343978 0.162633 0.083965 0.504782 0.621847 0.260792 0.280069 0.020326 0.299944 0.118260 -0.036380 0.079800 -0.060876 -0.220248 -0.375300 0.146153 -0.214158 0.221204 -0.232432 0.089076 -0.027269 0.158363 -0.131334 0.202697 -0.247933 0.002062 -0.228788 -0.327057 -0.306600 -0.011324 -0.265752 -0.063236 -0.296965 -0.035793 -0.137771 0.035749 0.044156 0.026179 -0.047098 0.017684 0.066848 0.017546 0.008851 -0.039521 -0.030934 -0.241509 -0.205598 -0.106858 -0.239570 -0.059560 -0.059168 0.044940 0.033877 -0.127106 0.030290 0.008681 -0.096972 -0.181382 -0.106433
0.206704 0.467265 0.383652 0.331833 -0.256215 -0.109346 0.323394 0.437943 -0.112421 0.001686 0.278086 0.185556 0.324988 0.011097 -0.094327 -0.168503 0.213392 -0.130675 0.143554 0.364810 -0.222306 -0.200896 0.445319 0.404920 -0.186077 -0.155382 -0.153587 -0.197881 0.117199 -0.232525 0.019177 0.207221 0.790532 1.000000 -0.166119 0.075830 -0.445282 -0.291194 -0.323842 -0.196909 -0.117879 -0.052737 -0.319468 -0.213392 0.004922 -0.075223 -0.485480 -0.104631 0.056386 0.003478 -0.262806 -0.273096 -0.382044 -0.369299 -0.249697 -0.440474 0.166639 0.273376 0.252587 0.192407 0.315756 0.455285 0.308256 0.085230 0.017364 0.045328 0.111728 0.145396 -0.109899 0.071605 -0.130178 -0.172873 0.079042 -0.172001 0.192822 -0.131536 0.059399 -0.044656 0.143205 -0.262865 0.204430 -0.341116 0.089946 -0.011223 -0.459336 -0.379097 0.056126 -0.014680 0.028918 -0.241297 -0.147575 -0.354879 -0.015337 -0.007749 -0.273488 -0.113496 -0.166187 -0.195349 0.104955 -0.190859 -0.034297 -0.049789 0.068831 -0.068502 -0.184902 -0.133539 0.047888 -0.027914 -0.009705 -0.241957 -0.297389 -0.019461 -0.094863 -0.246866 0.039754 -0.349736
-0.123017 -0.004681 -0.487833 -0.177708 0.062600 0.000728 -0.484429 -0.525206 -0.276412 -0.014630 -0.003236 -0.153915 0.010995 -0.347233 0.062990 -0.031492 0.163602 0.298945 0.024978 -0.147794 0.183496 0.098769 -0.101972 -0.132878 -0.093048 0.128580 0.017091 -0.132752 0.258957 0.020317 -0.338627 -0.373307 -0.023254 -0.166119 1.000000 0.499282 0.089047 0.244790 0.258933 0.137288 0.289714 0.040192 0.448592 0.299900 0.154798 -0.327538 0.442489 -0.093240 -0.148351 -0.249263 0.250116 -0.056246 0.003783 -0.141530 0.102662 0.510210 0.096752 -0.069976 -0.265950 -0.324770 0.066225 0.240381 -0.167580 0.370576 0.471652 0.437806 0.242645 0.106937 -0.008207 -0.280319 -0.261320 -0.212128 0.138973 -0.132952 0.007398 -0.205308 0.095494 0.217046 0.381542 0.316565 0.237963 0.410402 -0.016217 -0.123417 0.113842 0.487321 0.175379 -0.103587 -0.288654 0.115106 -0.285055 -0.126025 -0.327473 -0.373692 0.421230 0.175579 0.387489 0.364164 -0.400859 -0.125936 0.228205 -0.270557 -0.077862 -0.269299 -0.143124 -0.139389 -0.233339 -0.142133 0.150750 0.304890 0.439826 -0.238134 -0.303225 -0.117757 -0.088252 0.073078
0.134085 0.313235 0.006303 0.194549 0.102941 0.111715 -0.067043 -0.063861 -0.083381 0.098323 0.307926 -0.069375 0.145087 -0.240239 -0.050189 0.100481 0.119770 0.046252 0.089910 0.074066 -0.150127 -0.148493 0.303030 0.263115 0.003869 -0.018468 0.026343 -0.048481 -0.019224 -0.281853 -0.128769 -0.193564 -0.025801 0.075830 0.499282 1.000000 -0.226140 -0.111295 -0.235384 0.024646 -0.000375 0.003488 0.271612 0.291127 0.046718 -0.190745 0.218853 -0.128029 -0.191014 -0.113330 0.029707 -0.141062 -0.242868 -0.217671 0.091562 0.151884 0.211619 0.336674 0.081656 0.085916 -0.046087 0.200672 -0.019597 0.212448 0.363647 0.260171 0.387004 0.202166 0.114891 -0.106426 -0.424049 -0.328521 -0.192275 -0.362179 -0.172652 -0.213895 -0.186521 -0.121529 0.130409 0.003390 0.146814 0.181120 0.051346 -0.076728 0.080323 0.185998 0.234795 0.077835 0.065920 0.185600 -0.314987 -0.112750 -0.229346 -0.231865 0.038410 -0.052974 -0.006379 0.160169 -0.243464 -0.190545 0.140714 -0.178543 0.102070 -0.211251 -0.072653 -0.217960 -0.090018 -0.128879 0.033901 0.154793 0.289719 -0.223458 -0.275693 -0.084571 0.071093 -0.075425
