1.000000 0.594107 0.358443 0.401824 -0.128216 -0.179898 0.474722 0.203806 -0.207569 0.088630 -0.247353 -0.168432 -0.049194 -0.308398 -0.126643 -0.283932 -0.323998 -0.357160 0.519123 0.388550 0.034922 0.049677 0.198263 0.271578 -0.158318 -0.229369 0.091211 0.100581 -0.468455 -0.119072 -0.248158 -0.191702 0.115190 0.005457 -0.463213 -0.457315 -0.361912 0.216043 0.015339 -0.096309 -0.291941 0.323263 -0.157644 -0.133812 -0.077013 -0.215278 -0.145397 0.000472 0.116214 -0.031530 -0.156565 -0.040295 0.055209 0.123780 0.254702 0.058918 0.448666 0.434349 0.579831 -0.014574 0.016466 -0.217515 0.040330 0.291985 -0.283632 -0.404290 -0.257073 -0.476158 0.170917 0.129437 -0.041197 0.076338 -0.399342 0.115570 -0.034136 -0.151234 -0.262321 -0.256545 -0.125740 -0.095880 -0.105434 -0.168541 -0.028694 -0.132246 -0.059412 -0.022639 0.209056 0.221475 0.259606 0.378411 0.296528 0.257945 0.002443 0.345927 -0.091889 -0.014283 0.042246 -0.213326 0.091955 0.157116 0.023526 0.366561 0.174854 0.216365 0.051416 0.173518 0.165943 0.052893 -0.070089 -0.251041 -0.236064 0.124129 0.157145 0.103125 0.011861 0.054705
0.594107 1.000000 0.080730 0.288696 -0.134624 -0.127382 0.177431 0.242965 -0.323281 0.090139 -0.184832 -0.119859 -0.112594 -0.318046 -0.208084 -0.172198 -0.218422 -0.239800 0.629852 0.491505 -0.063258 0.082334 -0.137423 0.036317 -0.281404 -0.307387 0.068358 0.042347 -0.446475 -0.118287 -0.264595 -0.365735 0.268346 0.084515 -0.539223 -0.605375 -0.303975 0.152780 -0.115031 -0.144897 -0.331038 0.222420 -0.112153 -0.131607 0.054584 -0.076895 -0.043733 -0.079073 0.086727 0.044825 -0.144512 0.039910 0.052996 0.044493 0.258110 -0.085508 0.487778 0.515038 0.232219 -0.097491 0.150425 -0.121668 0.155305 0.487447 -0.549189 -0.470844 -0.407794 -0.569579 0.164469 -0.020010 -0.034891 0.201052 -0.344224 0.155441 -0.195301 -0.040360 -0.363018 -0.291677 -0.297402 -0.174410 0.048640 -0.084649 -0.242486 -0.116494 -0.209198 -0.017016 0.012096 0.083945 0.052645 0.384066 0.093565 -0.022631 0.026722 0.253785 -0.124214 -0.089968 0.044477 -0.275516 -0.015520 -0.015003 -0.114675 0.411560 0.016505 0.151053 -0.168120 0.153808 0.169238 0.001245 -0.104184 -0.233608 -0.342261 -0.080010 0.117929 -0.040213 -0.151493 -0.128419
0.358443 0.080730 1.000000 0.626254 0.034070 -0.047351 0.724544 0.413751 -0.042022 0.015812 -0.170264 -0.232612 0.088812 -0.265875 -0.036021 -0.178607 -0.382010 -0.346621 0.195852 0.000494 0.197765 0.081083 0.632259 0.512442 -0.043871 -0.074427 0.150784 0.121456 -0.413773 -0.236995 0.036476 0.255994 -0.300633 -0.114967 -0.089246 -0.055749 -0.219328 -0.099222 0.078123 -0.070748 -0.282546 -0.024643 0.046402 -0.032507 0.098737 0.101739 0.040706 0.015436 0.276400 -0.066114 0.143721 0.102814 0.189623 0.135938 0.175252 0.114100 -0.078770 -0.008915 0.449235 0.107105 -0.208597 -0.085245 -0.147924 -0.074811 0.046444 0.072815 -0.045083 -0.080702 -0.330430 -0.040998 0.072470 0.126266 -0.318204 -0.015660 -0.044732 -0.142133 -0.334824 -0.190299 -0.222725 0.071528 -0.330845 -0.483404 -0.010369 -0.147203 0.164468 0.012572 0.130297 0.347036 0.413687 0.225185 0.151281 0.228178 0.344954 0.379889 -0.067471 0.060462 0.135661 0.080514 -0.022676 0.095064 0.283021 0.062563 0.228351 0.023485 0.111217 -0.136555 0.267037 -0.114612 -0.037808 -0.125045 -0.051858 -0.029222 0.130369 0.128657 0.030567 0.084544
0.401824 0.288696 0.626254 1.000000 0.065336 0.123275 0.572645 0.576203 -0.119477 0.088680 -0.331015 -0.312096 -0.084600 -0.415443 0.055431 -0.208580 -0.533296 -0.481512 0.465079 0.233331 0.220717 0.192062 0.530697 0.595817 -0.069232 -0.078732 0.177027 0.303650 -0.591845 -0.345746 0.035829 0.312978 -0.194235 0.054918 -0.264213 -0.112456 -0.325003 -0.268504 -0.007435 -0.126639 -0.324273 0.015145 -0.095075 -0.171309 -0.015687 0.026740 -0.047921 -0.096563 0.107342 -0.220008 0.105308 0.026213 0.180825 -0.059413 0.171209 -0.106826 -0.051878 0.162348 0.340063 0.009022 -0.243010 -0.307967 -0.035292 0.147092 -0.078143 -0.079147 -0.313403 -0.278696 -0.239023 -0.048351 0.188310 0.138781 -0.508829 0.040639 -0.078456 -0.056178 -0.462046 -0.257625 -0.324753 -0.001667 -0.301148 -0.496245 0.128440 -0.015978 0.144790 0.127836 0.229048 0.188181 0.462900 0.348078 -0.026592 0.052218 0.234824 0.343095 0.011742 -0.022206 0.122298 -0.167149 -0.135112 -0.069123 0.033085 0.207655 0.114492 -0.138677 0.023844 -0.037675 0.238125 -0.168391 -0.012507 -0.205533 -0.240461 0.019387 0.003074 -0.017429 0.019247 0.045919
-0.128216 -0.134624 0.034070 0.065336 1.000000 0.347685 0.086675 0.195270 0.562577 0.487160 0.062555 -0.178782 0.237796 -0.031385 0.437800 0.390232 -0.111136 -0.277349 -0.018559 -0.169070 0.490798 0.119197 0.082304 0.119562 0.627616 0.039513 0.597409 0.507123 -0.197218 0.091324 0.195766 0.088137 -0.318341 -0.243909 0.038353 0.143094 -0.252143 -0.200794 -0.117391 -0.203339 -0.343629 -0.036067 -0.028430 -0.055532 0.144299 0.258919 -0.167303 -0.051816 0.172853 0.080887 0.298977 0.236825 0.177453 -0.040253 -0.053755 -0.040955 -0.250528 -0.113843 0.059820 0.092709 0.013218 -0.071189 -0.237190 0.012719 0.217084 0.052963 -0.145219 -0.082766 -0.356800 -0.210487 0.308241 0.142434 -0.177813 0.068786 -0.254614 -0.017641 -0.282990 -0.134404 -0.043494 0.013859 0.149729 -0.064612 0.037012 0.001300 0.492582 0.176038 0.032439 -0.114653 0.071724 0.263354 -0.117548 -0.080922 -0.096603 0.013345 0.040348 -0.114750 0.015820 -0.235021 -0.197889 -0.337827 -0.214109 -0.075908 -0.122616 -0.116679 0.027995 -0.253391 0.155470 -0.019394 -0.026325 -0.156774 -0.337146 -0.187360 -0.293390 -0.250521 -0.134369 -0.142746
-0.179898 -0.127382 -0.047351 0.123275 0.347685 1.000000 0.046526 0.101977 0.051897 0.384133 -0.051358 -0.126867 -0.066224 -0.066226 0.175778 0.219707 -0.175564 -0.213351 -0.014409 -0.131777 0.394338 0.315000 0.025358 0.189595 0.055685 0.464448 0.359809 0.619491 -0.212698 -0.152069 0.221440 0.258221 -0.164475 -0.084738 0.021532 0.100765 -0.156305 -0.177985 0.112859 -0.070412 -0.067682 -0.096801 -0.072891 -0.204619 -0.188621 -0.069047 0.008606 0.009359 -0.089684 -0.160490 0.110750 -0.014747 0.069755 0.030422 -0.043694 -0.062276 -0.252169 -0.172010 -0.066829 -0.161288 -0.074035 -0.236213 -0.287203 -0.115039 0.125402 0.153988 -0.182228 -0.044176 -0.317749 -0.121201 0.074414 0.097422 -0.158010 0.134587 -0.052545 0.437394 -0.154019 0.065464 -0.196584 -0.024306 -0.067486 -0.060438 0.112211 -0.041467 0.166445 0.252104 0.116291 -0.140798 0.124301 -0.012964 -0.142137 -0.074336 0.080956 -0.004313 -0.097382 0.086117 0.178602 -0.098831 -0.056848 -0.199383 -0.159777 -0.102189 -0.090628 -0.104032 -0.077367 -0.197556 -0.088502 0.008678 0.141200 -0.039165 -0.021219 -0.089372 -0.098686 -0.168230 -0.055852 -0.052949
0.474722 0.177431 0.724544 0.572645 0.086675 0.046526 1.000000 0.560705 -0.057578 0.185593 -0.250741 -0.223400 0.099917 -0.248148 -0.081751 -0.168829 -0.413106 -0.403904 0.222659 0.015238 0.246727 0.106031 0.371790 0.447091 -0.024896 -0.096889 0.191577 0.167302 -0.457227 -0.061016 0.104852 0.283187 -0.060496 0.052283 -0.202917 -0.141073 -0.368811 -0.115964 0.053289 -0.184516 -0.342087 0.009076 -0.043849 -0.083855 0.101370 0.156723 -0.004161 -0.006569 0.179369 -0.029087 0.124526 0.076194 0.158844 0.169538 0.080648 0.182689 -0.004583 0.031119 0.452746 0.000738 -0.026398 -0.035475 0.010148 0.192555 -0.050741 0.044933 -0.215323 -0.160547 -0.323571 -0.021868 0.127176 0.083065 -0.276955 0.064006 -0.089458 -0.084037 -0.385134 -0.239975 -0.260924 -0.049311 -0.234668 -0.348786 -0.068007 -0.149298 0.083348 0.087427 0.133026 0.206231 0.345597 0.288244 0.065641 0.098510 0.152322 0.245304 -0.126140 -0.021112 0.130943 -0.105581 -0.123341 0.008457 0.161791 0.143336 0.076755 -0.041494 -0.044942 -0.153215 0.149069 -0.103300 -0.161459 -0.183600 -0.228953 -0.086709 -0.002998 -0.035938 -0.081300 0.004202
0.203806 0.242965 0.413751 0.576203 0.195270 0.101977 0.560705 1.000000 -0.027382 0.280345 -0.378959 -0.219886 -0.012824 -0.312333 -0.047304 0.006463 -0.520007 -0.573958 0.323079 0.221672 0.274651 0.227005 0.241852 0.340871 -0.058690 -0.126623 0.109172 0.279253 -0.604012 -0.022597 0.117404 0.351114 -0.121845 0.226770 -0.363490 -0.185653 -0.369807 -0.237543 -0.126500 -0.200841 -0.381088 0.029979 -0.333387 -0.370894 -0.006079 0.230369 -0.287957 -0.282324 0.041523 -0.245618 0.025375 0.008589 0.064447 -0.101260 0.122720 -0.151403 -0.122978 0.005953 0.301541 -0.061526 0.064484 -0.051192 0.012756 0.395441 -0.096201 0.080077 -0.466853 -0.199320 -0.280824 -0.012822 0.293681 0.294498 -0.396204 0.299389 -0.142160 -0.019384 -0.506989 -0.183621 -0.446592 -0.127113 -0.096447 -0.336775 -0.006401 0.075089 0.116566 0.149017 0.093495 0.086123 0.369690 0.465888 -0.069012 -0.043935 0.302465 0.273900 -0.043557 -0.029869 0.056377 -0.238079 -0.287680 -0.235203 -0.070162 0.264970 0.103812 -0.018835 -0.056683 -0.115454 0.246754 -0.156235 -0.060091 -0.209779 -0.326949 -0.164405 0.000702 -0.135363 0.018669 0.034272
-0.207569 -0.323281 -0.042022 -0.119477 0.562577 0.051897 -0.057578 -0.027382 1.000000 0.367815 0.096237 -0.024357 0.181621 0.147758 0.403611 0.466887 0.104353 -0.015830 -0.143968 -0.294240 0.111730 -0.257280 -0.030895 -0.153521 0.534884 -0.056188 0.315621 0.099307 0.124806 0.056353 0.002541 -0.105493 -0.291298 -0.333013 0.198633 0.217828 0.195739 -0.188363 0.096169 0.068679 0.063291 0.005715 -0.059809 0.027120 -0.018567 0.079164 -0.123052 -0.056534 -0.008888 0.064754 0.125351 0.121199 0.047579 -0.127046 0.037040 0.165378 -0.140277 -0.182084 -0.167488 0.022884 -0.003082 0.041136 -0.137504 -0.118574 0.216964 0.161448 0.025246 0.083438 -0.039304 -0.195232 -0.089901 -0.075235 -0.008663 -0.059171 -0.039563 -0.111114 0.037065 -0.042510 0.399141 0.133054 0.269737 0.106658 0.099290 0.065297 0.263393 -0.074252 -0.006270 -0.079269 -0.020499 -0.075247 0.107168 0.143384 0.051665 0.027220 0.086604 -0.009654 0.016837 0.005929 0.113804 -0.105172 0.016701 -0.149713 0.004689 -0.238170 0.104821 -0.048547 0.131379 -0.013399 -0.001260 0.181952 -0.108848 -0.121056 -0.093366 -0.073400 0.112191 -0.047398
0.088630 0.090139 0.015812 0.088680 0.487160 0.384133 0.185593 0.280345 0.367815 1.000000 -0.090084 -0.176435 0.149440 -0.081697 0.245228 0.484485 -0.168287 -0.356489 0.267838 0.088141 0.314670 0.199213 -0.137915 -0.012071 0.220668 0.120982 0.377267 0.343962 -0.376422 0.107125 0.057884 0.048762 -0.231752 -0.272857 -0.231791 -0.203049 -0.227381 -0.107003 0.096021 -0.028780 -0.245667 0.250401 -0.351159 -0.358863 -0.170276 -0.019875 -0.110113 -0.195522 -0.099592 -0.252434 -0.091985 -0.077430 0.024520 -0.147737 0.236542 -0.030491 -0.100810 -0.104048 0.136477 -0.146907 0.114408 -0.155731 -0.175062 0.137243 -0.112082 -0.066001 -0.333765 -0.345164 -0.118348 -0.228930 0.166995 0.284991 -0.336796 0.395110 -0.207664 0.266585 -0.322746 -0.161975 -0.062057 -0.089066 0.206747 0.016821 -0.099696 0.128716 0.271813 0.324934 0.145755 0.109746 0.238972 0.253342 0.111561 0.038331 -0.069693 0.130586 0.005088 0.114180 0.045279 -0.221148 -0.069592 -0.197807 -0.055120 -0.023591 0.078761 -0.112755 0.011667 -0.027671 0.174437 0.020607 -0.004411 -0.039427 -0.350414 -0.173154 0.027401 -0.202327 0.027500 0.066675
-0.247353 -0.184832 -0.170264 -0.331015 0.062555 -0.051358 -0.250741 -0.378959 0.096237 -0.090084 1.000000 0.512892 0.411248 0.717123 0.258889 0.308788 0.752151 0.480587 -0.321901 -0.308000 -0.097245 -0.185353 -0.226304 -0.281882 0.235603 0.047715 0.022320 -0.186183 0.577803 0.017248 0.223197 -0.228468 0.015935 -0.035800 0.403476 0.236525 0.176079 -0.071908 -0.146290 0.072907 0.127101 -0.158750 0.051379 0.031321 -0.110972 -0.234566 -0.011310 -0.070482 -0.142162 0.000176 -0.099042 -0.023409 -0.196255 -0.001932 -0.242562 0.104418 0.042277 -0.142094 -0.168431 0.162531 0.205455 0.391843 0.032230 -0.187574 0.148075 0.174202 0.393854 0.294553 -0.125897 -0.125125 -0.079324 -0.199835 0.371463 -0.172817 0.074030 0.105943 0.214580 0.170744 0.241635 0.212388 0.428113 0.214142 -0.291892 -0.192667 -0.052360 -0.112025 -0.134843 -0.185749 -0.234673 -0.420015 -0.009625 0.010834 -0.152160 -0.189927 -0.043741 -0.026855 -0.157778 0.076364 0.003292 0.071308 0.096435 -0.233203 -0.046299 0.118537 -0.060999 0.035008 -0.093100 0.202618 0.077018 0.016183 0.109125 -0.189046 -0.130536 0.056010 0.073438 -0.193133
-0.168432 -0.119859 -0.232612 -0.312096 -0.178782 -0.126867 -0.223400 -0.219886 -0.024357 -0.176435 0.512892 1.000000 0.175761 0.480377 0.121255 0.066400 0.518656 0.481829 -0.368659 -0.273687 -0.241348 -0.177998 -0.137969 -0.325959 -0.061001 -0.031045 -0.151623 -0.247491 0.588945 0.176845 -0.003692 -0.166360 0.114100 0.105065 0.267924 0.077043 0.215991 -0.119925 -0.179156 -0.023291 0.225101 -0.196738 0.114977 0.128313 -0.063084 -0.105355 -0.093788 -0.040663 -0.105640 0.152658 0.035592 0.116212 -0.200592 0.073776 -0.382512 0.032704 -0.051162 -0.165594 -0.334106 0.000174 -0.017057 0.370273 0.144663 -0.041246 -0.020836 0.257464 0.315909 0.394042 -0.162589 -0.083426 -0.203313 -0.224985 0.474429 -0.094323 0.136849 0.002891 0.426953 0.150809 0.216200 0.121435 0.201820 0.180662 -0.186933 0.074950 -0.207250 -0.054745 -0.215022 -0.257619 -0.420028 -0.373907 -0.168851 -0.165412 -0.275235 -0.401874 -0.031508 -0.114504 -0.207042 0.184951 -0.148702 0.008915 -0.036987 -0.088461 -0.127608 0.115549 -0.115749 0.104463 -0.153729 0.186565 0.015430 0.009287 0.044228 -0.166647 -0.027799 0.087212 -0.008781 -0.188427
-0.049194 -0.112594 0.088812 -0.084600 0.237796 -0.066224 0.099917 -0.012824 0.181621 0.149440 0.411248 0.175761 1.000000 0.459390 0.289377 0.386021 0.351010 0.059361 -0.222468 -0.128871 0.147471 -0.004787 -0.036109 -0.108194 0.238049 0.079829 0.144758 -0.012607 0.169872 0.115665 0.310143 -0.028296 -0.270040 -0.194630 -0.028930 0.042623 0.135198 -0.221893 -0.209360 -0.077307 -0.130294 -0.005622 -0.053047 -0.050399 -0.006313 -0.100075 0.015845 -0.008662 0.048509 -0.001103 0.056372 0.078445 0.000559 0.044147 -0.011960 0.019582 -0.109453 -0.278819 0.125694 0.111302 0.081200 0.291028 -0.099703 0.023695 -0.043247 0.158040 0.153548 0.072117 -0.163960 -0.036453 0.169346 0.044597 0.084403 0.093604 0.109468 0.147136 -0.182300 -0.054461 0.031828 0.032592 0.248675 0.034309 -0.260263 -0.155692 0.105001 -0.022360 -0.036694 -0.107476 -0.036939 -0.127257 0.099609 0.094896 0.016883 -0.019840 -0.193874 -0.032812 -0.158020 0.007234 -0.054011 0.035782 0.129793 -0.266201 -0.005599 0.065017 0.151343 -0.028629 -0.015191 0.034131 -0.043948 0.043335 -0.091587 -0.130512 -0.047523 0.091157 0.157047 0.123242
-0.308398 -0.318046 -0.265875 -0.415443 -0.031385 -0.066226 -0.248148 -0.312333 0.147758 -0.081697 0.717123 0.480377 0.459390 1.000000 0.196392 0.425742 0.798055 0.565107 -0.390338 -0.284041 -0.166586 -0.216603 -0.339149 -0.457132 0.132164 -0.011770 -0.098715 -0.343127 0.636198 0.183145 0.237368 -0.174476 -0.021389 -0.091099 0.234507 0.174175 0.274199 -0.050592 -0.150540 0.215094 0.321779 -0.077409 -0.059250 -0.030135 -0.207526 -0.352965 -0.018902 -0.158850 -0.335982 -0.093297 -0.278119 -0.189061 -0.337901 -0.106963 -0.285505 0.139490 0.055781 -0.202220 -0.194972 0.208579 0.250460 0.511811 0.108526 -0.041718 0.124127 0.282435 0.323682 0.259187 0.013038 -0.001567 -0.057591 -0.184228 0.508225 0.038756 0.257710 0.212259 0.311673 0.258975 0.329122 0.214393 0.456108 0.399155 -0.238054 0.029006 -0.159428 -0.179209 -0.184639 -0.164750 -0.148241 -0.415781 0.072385 0.063215 -0.063460 -0.267331 -0.144000 0.030395 -0.238186 0.053775 0.004325 0.148010 0.144914 -0.285542 -0.039837 0.005919 -0.020303 0.006364 -0.148468 0.121495 -0.018373 0.083972 -0.040043 -0.121418 -0.017280 0.135433 0.112014 -0.047295
-0.126643 -0.208084 -0.036021 0.055431 0.437800 0.175778 -0.081751 -0.047304 0.403611 0.245228 0.258889 0.121255 0.289377 0.196392 1.000000 0.411008 0.228977 -0.050517 -0.197759 -0.159792 0.283916 0.224785 0.171339 0.076365 0.383497 0.217664 0.351449 0.397113 0.113609 0.196230 0.390528 0.207115 -0.343397 -0.246143 0.113257 0.200485 0.022884 -0.149129 -0.101423 0.116137 0.086479 -0.092321 -0.286599 -0.340876 -0.348044 -0.209748 -0.208866 -0.200788 -0.176718 -0.224304 0.012498 -0.134859 -0.092439 -0.261021 -0.032401 -0.158077 -0.135565 -0.203476 -0.036373 -0.095260 -0.165016 -0.178525 -0.101886 -0.138929 0.279943 0.131049 -0.019670 0.015170 -0.176918 -0.064458 0.313290 0.074242 0.034603 0.038134 -0.006410 0.043671 -0.083234 -0.012715 0.114063 0.167599 0.346371 0.134046 0.038794 0.208155 0.560052 0.366438 0.151363 -0.024109 0.121771 0.000031 -0.040836 -0.040953 -0.101162 0.044498 0.076102 0.084282 -0.068194 -0.080064 -0.194898 -0.175845 -0.045176 -0.184460 -0.020572 -0.224935 -0.078409 -0.072840 0.066274 -0.054582 0.044814 -0.037944 -0.116309 0.045870 -0.049303 -0.105789 -0.057579 0.062190
-0.283932 -0.172198 -0.178607 -0.208580 0.390232 0.219707 -0.168829 0.006463 0.466887 0.484485 0.308788 0.066400 0.386021 0.425742 0.411008 1.000000 0.347581 0.003821 -0.078231 -0.112573 0.262499 0.031633 -0.220349 -0.351024 0.314607 0.044019 0.346883 0.172097 0.080312 0.202194 0.248149 0.062961 -0.409151 -0.369621 -0.096228 -0.079377 0.152875 -0.154554 0.087179 0.120001 0.004388 0.015581 -0.287332 -0.385538 -0.340850 -0.314717 -0.071960 -0.218000 -0.241418 -0.321359 -0.168447 -0.174032 -0.045808 -0.176516 0.081099 -0.066939 -0.074113 -0.280397 -0.099262 0.014328 0.174016 0.079029 -0.133926 -0.005907 -0.021300 0.103479 -0.167884 -0.137881 -0.121222 -0.259556 0.135809 0.177447 0.006713 0.203373 -0.053839 0.314563 -0.154539 0.067455 0.185075 0.036956 0.555709 0.283200 -0.096207 0.124494 0.207932 0.167076 0.045709 -0.044879 0.147050 -0.125437 0.139502 0.007106 0.166087 -0.035893 -0.068711 0.108064 -0.072407 -0.108291 0.020457 -0.078532 -0.119184 -0.303316 0.086612 -0.116385 0.131356 0.094069 -0.062137 -0.097461 -0.025642 0.075082 -0.160804 -0.021239 0.167469 0.027610 0.193023 0.054290
-0.323998 -0.218422 -0.382010 -0.533296 -0.111136 -0.175564 -0.413106 -0.520007 0.104353 -0.168287 0.752151 0.518656 0.351010 0.798055 0.228977 0.347581 1.000000 0.673716 -0.388020 -0.279682 -0.283642 -0.280495 -0.398564 -0.506622 0.126124 0.047542 -0.108771 -0.298941 0.745067 0.215181 0.157876 -0.254740 0.110749 -0.064357 0.322974 0.159239 0.342750 0.068260 -0.120086 0.186851 0.356471 -0.156237 -0.013247 0.033121 -0.202331 -0.321496 0.001360 -0.106889 -0.372354 -0.034401 -0.289392 -0.196140 -0.317433 -0.073367 -0.247592 0.051152 0.233210 -0.069143 -0.334114 0.082278 0.194716 0.321402 0.183642 -0.049929 0.014156 0.097594 0.341210 0.253052 0.111614 -0.100124 -0.188391 -0.224779 0.609892 -0.118203 0.158338 0.101427 0.381919 0.205982 0.410154 0.185062 0.594582 0.532323 -0.261892 -0.109311 -0.128738 -0.148718 -0.221682 -0.271686 -0.265033 -0.447081 -0.012402 -0.061566 -0.241572 -0.345534 -0.078188 -0.013873 -0.209816 0.014857 0.005496 0.134723 0.010580 -0.270510 -0.121421 -0.013933 -0.035789 0.075366 -0.117277 0.154883 0.021070 0.038298 0.078819 -0.120228 -0.057497 0.038300 0.018046 -0.173070
-0.357160 -0.239800 -0.346621 -0.481512 -0.277349 -0.213351 -0.403904 -0.573958 -0.015830 -0.356489 0.480587 0.481829 0.059361 0.565107 -0.050517 0.003821 0.673716 1.000000 -0.469054 -0.316356 -0.389546 -0.180413 -0.232515 -0.347499 0.077896 0.042539 -0.171107 -0.403629 0.820578 0.223618 0.009514 -0.215989 0.172370 0.004656 0.442606 0.301600 0.371038 0.150209 -0.098240 0.261175 0.402127 -0.219262 0.150272 0.245341 0.049572 -0.154526 0.073117 -0.005801 -0.229958 0.086617 -0.158105 -0.125433 -0.374988 -0.101126 -0.331662 0.058535 0.109234 0.036191 -0.437274 0.019515 0.031583 0.381975 0.212684 -0.139441 0.115366 0.211060 0.506641 0.382907 0.119837 -0.089650 -0.189719 -0.222010 0.694446 -0.223850 0.198346 -0.061698 0.585355 0.292034 0.461147 0.188879 0.115101 0.379699 -0.100644 0.027611 -0.373729 -0.288252 -0.327194 -0.156962 -0.401001 -0.531670 -0.097077 -0.095239 -0.249662 -0.344320 -0.043921 -0.044173 -0.325996 0.107254 -0.035874 0.117900 0.008897 -0.332636 -0.216874 -0.086902 -0.093700 0.104132 -0.226767 0.084404 0.008781 0.121634 0.181097 -0.069961 -0.066595 0.067440 0.058388 -0.102811
0.519123 0.629852 0.195852 0.465079 -0.018559 -0.014409 0.222659 0.323079 -0.143968 0.267838 -0.321901 -0.368659 -0.222468 -0.390338 -0.197759 -0.078231 -0.388020 -0.469054 1.000000 0.689668 0.129271 0.030271 0.031560 0.163906 -0.117547 -0.259091 0.051315 0.118170 -0.601436 -0.223842 -0.339375 -0.102106 0.143721 0.081253 -0.474997 -0.592028 -0.226222 -0.056986 0.187349 -0.177314 -0.286952 0.296749 -0.244039 -0.280678 -0.075451 -0.182595 0.010247 -0.196047 -0.116288 -0.263038 -0.305515 -0.178148 0.106532 -0.091068 0.375878 -0.097065 0.358964 0.494006 0.276036 -0.078105 0.060474 -0.401002 0.014203 0.351390 -0.361413 -0.607929 -0.509073 -0.698905 0.180949 -0.027380 -0.050932 0.164875 -0.519182 0.179791 -0.157792 -0.011892 -0.339274 -0.407088 -0.115298 -0.174273 0.031391 -0.143097 -0.002870 -0.045600 -0.006426 0.011174 0.150321 0.149259 0.351060 0.414245 0.129446 0.127110 0.066443 0.403074 -0.012877 -0.072210 0.146113 -0.399541 0.096176 -0.037805 -0.115911 0.401487 0.245477 -0.079262 0.021201 0.120906 0.139890 -0.091628 -0.069440 -0.219691 -0.329280 0.095773 0.116760 -0.028328 0.009761 0.025029
0.388550 0.491505 0.000494 0.233331 -0.169070 -0.131777 0.015238 0.221672 -0.294240 0.088141 -0.308000 -0.273687 -0.128871 -0.284041 -0.159792 -0.112573 -0.279682 -0.316356 0.689668 1.000000 0.103672 0.144499 0.002047 0.084119 -0.258958 -0.197550 -0.159954 -0.003665 -0.418465 -0.060229 -0.215696 -0.051128 0.110309 0.221265 -0.495011 -0.581040 -0.179045 0.028265 0.056006 -0.108215 -0.194149 0.363372 -0.379358 -0.363185 -0.188372 -0.311850 -0.043860 -0.243289 -0.220165 -0.401172 -0.473254 -0.389714 -0.124698 -0.244008 0.287515 -0.283020 0.270651 0.361783 0.070245 -0.157610 0.107455 -0.314328 -0.003773 0.301670 -0.335397 -0.528253 -0.494919 -0.554048 0.504878 0.408081 0.123617 0.234287 -0.389684 0.300069 0.000571 0.063304 -0.188392 -0.147277 -0.178263 -0.225283 0.012966 0.042453 0.065352 0.213049 -0.039681 0.080044 0.159469 0.170156 0.349561 0.365715 0.227825 0.126958 0.143479 0.278988 -0.097818 0.004801 -0.023845 -0.346530 0.028472 -0.033677 -0.073148 0.155584 0.282808 -0.005449 0.118741 0.281465 0.102351 -0.131159 -0.101346 -0.033912 -0.064028 0.308496 0.230469 0.069177 0.090401 0.193301
0.034922 -0.063258 0.197765 0.220717 0.490798 0.394338 0.246727 0.274651 0.111730 0.314670 -0.097245 -0.241348 0.147471 -0.166586 0.283916 0.262499 -0.283642 -0.389546 0.129271 0.103672 1.000000 0.285394 0.178594 0.178452 0.245851 0.142179 0.470117 0.503724 -0.328038 0.099202 0.191425 0.357170 -0.310550 -0.073803 -0.111028 -0.030971 -0.118507 -0.073895 0.133280 -0.135816 -0.202058 0.062028 -0.281268 -0.398855 -0.150166 -0.032154 0.072434 -0.166612 -0.122032 -0.295676 0.035561 -0.100256 0.158432 -0.024804 0.102306 -0.065417 -0.315448 -0.145835 0.111162 0.034769 -0.059141 -0.134306 -0.158397 0.032385 0.116650 -0.051824 -0.231894 -0.152146 -0.279621 -0.021424 0.328046 0.068562 -0.265978 0.231135 -0.053347 0.288788 -0.262526 -0.130916 -0.135680 -0.149270 0.088458 -0.016592 0.002457 0.119006 0.457757 0.405561 0.218154 -0.012806 0.274148 0.207226 -0.093633 -0.065371 0.087898 0.133455 -0.086181 0.071898 0.052842 -0.200620 -0.171871 -0.235199 -0.187085 -0.142984 0.124298 -0.190647 0.099547 -0.189930 0.071304 -0.112824 -0.030280 -0.180970 -0.140003 -0.073971 0.009296 -0.052360 -0.124055 0.027593
0.049677 0.082334 0.081083 0.192062 0.119197 0.315000 0.106031 0.227005 -0.257280 0.199213 -0.185353 -0.177998 -0.004787 -0.216603 0.224785 0.031633 -0.280495 -0.180413 0.030271 0.144499 0.285394 1.000000 0.276280 0.359476 -0.020205 0.405637 0.128501 0.497950 -0.221118 0.128205 0.352238 0.386866 -0.225303 0.016973 -0.159892 -0.063298 -0.214637 -0.052758 -0.105915 -0.027075 -0.159224 0.138623 -0.214278 -0.331764 -0.217985 -0.052700 -0.091568 -0.146568 0.004789 -0.252701 -0.000611 -0.141867 -0.071500 -0.202470 -0.058425 -0.393664 -0.254377 -0.100550 0.107313 -0.261947 -0.151234 -0.198417 -0.182982 0.028292 -0.024964 0.023471 -0.205078 -0.141201 -0.095889 0.091572 0.533385 0.513684 -0.167389 0.460678 0.091719 0.311249 -0.300093 0.077603 -0.279732 -0.232451 -0.142704 -0.055236 0.035818 0.203921 0.123775 0.228473 0.079301 0.210019 0.177064 0.140559 -0.192935 -0.182111 0.034435 0.171294 -0.116111 0.007771 -0.211018 -0.223643 -0.273544 -0.229221 -0.086946 -0.086777 -0.097109 -0.054233 0.002673 -0.144996 -0.103925 -0.092186 -0.050321 -0.015993 -0.033304 0.150720 -0.004408 -0.097194 0.048033 0.102030
0.198263 -0.137423 0.632259 0.530697 0.082304 0.025358 0.371790 0.241852 -0.030895 -0.137915 -0.226304 -0.137969 -0.036109 -0.339149 0.171339 -0.220349 -0.398564 -0.232515 0.031560 0.002047 0.178594 0.276280 1.000000 0.652350 0.060112 0.067065 0.166690 0.353941 -0.238218 -0.225381 0.146835 0.451293 -0.376860 -0.107073 0.065853 0.140614 -0.190822 -0.236178 0.122583 -0.109240 -0.219088 -0.179460 0.003323 -0.080023 -0.014020 0.042062 -0.093120 -0.006456 0.203340 -0.130147 0.261709 0.109317 0.112872 0.084503 -0.032668 -0.190457 -0.244656 -0.075377 0.233316 0.084897 -0.428774 -0.259224 -0.175398 -0.211147 0.259842 0.085460 0.017618 0.044928 -0.262781 0.068514 0.216962 0.115256 -0.274255 -0.013483 0.011618 -0.208081 -0.079847 -0.098903 -0.141071 0.042701 -0.363708 -0.397426 0.203497 0.007826 0.370356 0.169972 0.143919 0.299768 0.384181 0.183835 -0.034717 0.076382 0.204940 0.233801 -0.037694 -0.060219 0.034152 -0.001168 -0.112631 -0.045494 0.077304 -0.021730 0.127035 -0.112939 0.171724 -0.144058 0.179078 -0.185353 0.005208 -0.131713 0.082786 0.128631 0.031665 0.167819 0.050219 0.134436
0.271578 0.036317 0.512442 0.595817 0.119562 0.189595 0.447091 0.340871 -0.153521 -0.012071 -0.281882 -0.325959 -0.108194 -0.457132 0.076365 -0.351024 -0.506622 -0.347499 0.163906 0.084119 0.178452 0.359476 0.652350 1.000000 0.121726 0.222144 0.186211 0.440565 -0.403262 -0.265930 0.151389 0.432880 -0.105773 0.100145 0.031318 0.174909 -0.374240 -0.230262 -0.026522 -0.175856 -0.287054 -0.089284 -0.031315 -0.101957 -0.033541 0.079265 -0.134492 -0.049945 0.198110 -0.153079 0.173574 -0.004450 -0.005954 0.095964 0.004258 -0.205419 -0.117648 0.055813 0.335368 -0.128527 -0.332310 -0.357573 -0.271346 -0.124971 0.218022 -0.010541 -0.039601 -0.025321 -0.249895 0.136864 0.282077 0.181963 -0.426005 -0.015453 -0.002997 -0.214806 -0.280538 -0.043563 -0.263743 -0.083717 -0.453662 -0.500167 0.147664 -0.161858 0.309992 0.210826 0.026870 0.200651 0.315667 0.263357 -0.038508 0.044576 0.078442 0.285111 -0.079955 0.016026 0.042895 -0.115005 -0.121014 -0.045565 -0.011244 0.159144 -0.038912 -0.007257 -0.042675 -0.136838 0.097010 -0.083317 0.047431 -0.072948 0.037389 0.062820 -0.017383 -0.122746 -0.103183 0.013557
-0.158318 -0.281404 -0.043871 -0.069232 0.627616 0.055685 -0.024896 -0.058690 0.534884 0.220668 0.235603 -0.061001 0.238049 0.132164 0.383497 0.314607 0.126124 0.077896 -0.117547 -0.258958 0.245851 -0.020205 0.060112 0.121726 1.000000 0.050277 0.381225 0.226430 0.148829 0.049559 0.141693 0.048342 -0.173605 -0.256297 0.262518 0.323654 0.032772 -0.100496 0.023470 -0.038482 -0.052278 -0.066192 -0.055041 -0.032870 -0.010874 0.047850 -0.088319 -0.149817 0.008950 -0.051463 0.114264 0.020937 -0.043333 -0.055799 0.060297 0.009535 -0.136690 -0.059764 -0.005579 0.055718 -0.059660 0.016718 -0.131094 -0.125122 0.302771 0.071997 0.125934 0.131086 -0.210894 -0.128235 0.204279 -0.043020 0.021982 -0.249430 -0.069094 -0.202312 -0.074150 -0.016838 0.294522 0.111476 0.166574 -0.011808 0.062661 -0.043328 0.369998 -0.021323 -0.058037 -0.224365 0.015394 -0.002253 -0.042861 -0.001998 -0.104901 0.129513 0.113336 -0.083801 -0.045331 -0.046076 -0.014767 -0.130813 -0.042453 -0.196117 -0.115154 -0.129249 0.045087 -0.081139 -0.010805 -0.077518 -0.012876 0.023721 -0.029161 -0.107746 -0.144818 -0.118563 0.018744 0.026362
-0.229369 -0.307387 -0.074427 -0.078732 0.039513 0.464448 -0.096889 -0.126623 -0.056188 0.120982 0.047715 -0.031045 0.079829 -0.011770 0.217664 0.044019 0.047542 0.042539 -0.259091 -0.197550 0.142179 0.405637 0.067065 0.222144 0.050277 1.000000 0.093008 0.374012 0.122925 0.057594 0.351895 0.398962 0.003914 0.087852 0.295979 0.349556 0.056998 -0.129942 0.162852 0.053573 0.156481 -0.092980 -0.076244 -0.170217 -0.289951 -0.106272 -0.023462 -0.017551 -0.159552 -0.262596 -0.075369 -0.216475 -0.116514 -0.031210 -0.091217 -0.164540 -0.285575 -0.293967 -0.070343 -0.302653 -0.103546 -0.111909 -0.197979 -0.279210 0.146783 0.208725 0.157338 0.282309 -0.225584 -0.016386 0.059582 0.171010 0.081114 0.114067 0.042900 0.316797 -0.056051 0.053527 -0.039467 -0.063169 -0.079866 0.017920 -0.036203 -0.009828 0.136661 0.197115 -0.011969 -0.176112 0.016743 -0.231134 -0.205165 -0.199145 -0.062250 -0.093093 -0.089735 0.104684 -0.104728 0.003810 -0.048575 -0.248861 0.025569 -0.158440 -0.151794 -0.182632 -0.051264 -0.216667 -0.141640 0.030990 0.197773 0.180938 0.280450 -0.054641 -0.063101 -0.251551 0.007295 0.162549
0.091211 0.068358 0.150784 0.177027 0.597409 0.359809 0.191577 0.109172 0.315621 0.377267 0.022320 -0.151623 0.144758 -0.098715 0.351449 0.346883 -0.108771 -0.171107 0.051315 -0.159954 0.470117 0.128501 0.166690 0.186211 0.381225 0.093008 1.000000 0.569999 -0.197298 -0.040269 0.152253 0.046607 -0.365326 -0.365805 -0.092179 0.023715 -0.107878 -0.144251 0.062207 -0.104816 -0.137027 -0.297508 -0.114902 -0.201616 -0.053498 0.060680 -0.008519 -0.045488 0.102863 -0.072049 0.289568 0.213541 0.243061 0.107544 0.091397 -0.008348 -0.154294 0.002152 0.205354 0.125558 -0.119202 -0.089128 -0.160962 -0.032809 0.081573 0.024827 -0.059690 -0.051591 -0.292094 -0.129979 0.154867 0.193711 -0.166152 -0.049120 -0.247414 -0.004294 -0.187016 -0.180594 -0.094544 -0.010636 0.054809 -0.051223 -0.080558 -0.171363 0.318253 0.241607 0.167128 -0.047980 0.101028 0.123513 -0.056195 -0.047513 -0.025758 -0.017265 -0.041017 -0.004527 0.036014 -0.132374 -0.074091 -0.256894 -0.185052 -0.120068 -0.122358 -0.204786 -0.102660 -0.141980 0.084804 -0.120072 -0.009907 -0.116760 -0.262628 -0.141692 -0.034352 -0.120940 -0.165048 -0.102196
0.100581 0.042347 0.121456 0.303650 0.507123 0.619491 0.167302 0.279253 0.099307 0.343962 -0.186183 -0.247491 -0.012607 -0.343127 0.397113 0.172097 -0.298941 -0.403629 0.118170 -0.003665 0.503724 0.497950 0.353941 0.440565 0.226430 0.374012 0.569999 1.000000 -0.411075 -0.012115 0.173759 0.286698 -0.303511 -0.129922 -0.130882 0.027257 -0.284706 -0.116889 0.013597 -0.137233 -0.270486 -0.078943 -0.204501 -0.324432 -0.143532 0.028467 -0.081114 -0.041561 0.059904 -0.151107 0.193534 0.099296 0.165666 0.008091 0.037419 -0.243456 -0.264693 -0.080799 0.183593 -0.105194 -0.196992 -0.390509 -0.348810 -0.026262 0.073514 -0.006312 -0.249830 -0.208043 -0.313262 -0.105341 0.336382 0.292953 -0.357029 0.189932 -0.160153 0.159649 -0.375000 -0.069760 -0.302370 -0.185094 -0.019691 -0.136317 0.080903 -0.079661 0.450866 0.334016 0.153479 -0.063239 0.262079 0.241493 -0.139644 -0.103644 0.032256 0.173464 -0.038599 0.026037 0.119959 -0.185877 -0.142606 -0.302524 -0.316139 0.004226 -0.180057 -0.248044 -0.053029 -0.236495 0.071613 -0.041274 0.150226 -0.161091 -0.123620 -0.007474 -0.138383 -0.254334 -0.073529 -0.036150
-0.468455 -0.446475 -0.413773 -0.591845 -0.197218 -0.212698 -0.457227 -0.604012 0.124806 -0.376422 0.577803 0.588945 0.169872 0.636198 0.113609 0.080312 0.745067 0.820578 -0.601436 -0.418465 -0.328038 -0.221118 -0.238218 -0.403262 0.148829 0.122925 -0.197298 -0.411075 1.000000 0.280664 0.101789 -0.172482 0.118722 0.038002 0.537408 0.381090 0.492043 0.050341 -0.136976 0.177110 0.459112 -0.284559 0.190171 0.254300 -0.045820 -0.136226 0.030989 -0.000979 -0.236327 0.098402 -0.033403 -0.080508 -0.325525 -0.021223 -0.382396 0.085284 -0.005958 -0.169803 -0.481645 0.048674 0.042845 0.410484 0.217730 -0.212782 0.224154 0.255538 0.565464 0.566736 0.039137 -0.035628 -0.204092 -0.305515 0.769513 -0.250608 0.252301 -0.041963 0.650669 0.260776 0.489998 0.253103 0.206439 0.401472 -0.034991 0.039295 -0.217192 -0.207082 -0.294566 -0.271056 -0.454555 -0.604773 -0.202035 -0.181323 -0.262363 -0.432151 0.070846 -0.033005 -0.239963 0.185456 -0.019766 0.069833 0.126624 -0.385443 -0.169116 -0.012999 -0.017034 0.010681 -0.222250 0.104155 -0.021939 0.203178 0.242757 -0.143901 -0.127846 0.043548 0.033972 -0.086257
-0.119072 -0.118287 -0.236995 -0.345746 0.091324 -0.152069 -0.061016 -0.022597 0.056353 0.107125 0.017248 0.176845 0.115665 0.183145 0.196230 0.202194 0.215181 0.223618 -0.223842 -0.060229 0.099202 0.128205 -0.225381 -0.265930 0.049559 0.057594 -0.040269 -0.012115 0.280664 1.000000 0.221654 0.012838 -0.031459 0.006993 -0.097101 -0.057976 0.070738 0.151931 -0.101601 0.160683 0.057665 0.053992 -0.258270 -0.214817 -0.053140 -0.052566 -0.164796 -0.217770 -0.208933 -0.141399 -0.198171 -0.232780 -0.208544 -0.250459 -0.089940 -0.091592 0.018128 -0.034804 -0.066831 -0.054961 0.076138 0.033977 0.284721 0.290694 -0.139548 0.028746 -0.065567 -0.019076 0.087956 -0.056108 0.274332 0.174417 0.341160 0.376310 0.115012 0.064309 0.072512 0.178592 0.209767 0.002983 0.358775 0.550807 -0.060133 0.313520 0.077848 0.166731 0.008555 -0.018808 -0.014803 0.007721 -0.139946 -0.294670 -0.290369 -0.132038 0.192618 0.108176 -0.213951 -0.135626 -0.349507 -0.229826 -0.000647 -0.093416 0.050375 -0.174197 -0.128253 0.118358 0.026266 -0.055119 0.004417 0.063518 -0.148948 -0.037902 -0.110940 -0.253554 -0.033106 0.118058
-0.248158 -0.264595 0.036476 0.035829 0.195766 0.221440 0.104852 0.117404 0.002541 0.057884 0.223197 -0.003692 0.310143 0.237368 0.390528 0.248149 0.157876 0.009514 -0.339375 -0.215696 0.191425 0.352238 0.146835 0.151389 0.141693 0.351895 0.152253 0.173759 0.101789 0.221654 1.000000 0.547585 -0.230208 -0.001941 0.151810 0.275906 -0.028284 -0.154519 -0.117357 0.066635 0.121239 -0.044379 -0.267369 -0.342179 -0.310899 -0.104688 -0.252974 -0.324915 -0.140120 -0.356090 0.011281 -0.183981 -0.192761 -0.275414 -0.248766 -0.286524 -0.210208 -0.247774 0.019628 0.119706 -0.088587 0.043938 0.209310 0.083978 0.183956 0.324662 0.059944 0.195465 -0.206976 0.004457 0.406200 0.386214 0.227261 0.268548 0.220794 0.272079 -0.099994 0.173386 0.019873 0.209949 0.227950 0.123811 0.017333 0.151249 0.317839 0.168222 0.170598 -0.069154 0.147894 -0.074673 -0.358885 -0.322536 -0.017890 -0.065698 -0.143059 -0.066763 -0.215137 -0.207427 -0.386246 -0.316270 0.096203 -0.138134 0.063106 -0.081871 0.001516 -0.231907 -0.065600 -0.153608 0.067496 -0.058537 -0.042977 -0.069983 -0.157516 -0.134612 -0.105256 0.131941
-0.191702 -0.365735 0.255994 0.312978 0.088137 0.258221 0.283187 0.351114 -0.105493 0.048762 -0.228468 -0.166360 -0.028296 -0.174476 0.207115 0.062961 -0.254740 -0.215989 -0.102106 -0.051128 0.357170 0.386866 0.451293 0.432880 0.048342 0.398962 0.046607 0.286698 -0.172482 0.012838 0.547585 1.000000 -0.222143 0.171475 0.146194 0.290649 -0.074277 -0.221087 0.162806 -0.048248 0.009273 0.008873 -0.220340 -0.333177 -0.270146 -0.018114 -0.148861 -0.226785 -0.150867 -0.402121 0.045807 -0.228316 -0.060284 -0.165009 -0.202218 -0.292483 -0.362832 -0.337556 0.048039 -0.091580 -0.213230 -0.232883 -0.083376 -0.076179 0.321410 0.239132 -0.099355 0.143622 -0.353302 -0.054831 0.347023 0.184250 -0.047371 0.162939 0.173763 0.213573 -0.120784 0.045048 -0.088891 -0.095759 -0.146366 -0.224633 0.292990 0.271197 0.323673 0.247607 0.232245 0.072855 0.267738 0.014146 -0.254935 -0.178849 0.093817 0.034597 -0.087201 -0.014130 -0.102750 -0.139629 -0.254693 -0.225924 -0.083167 -0.058343 0.088955 -0.155796 0.157753 -0.247422 -0.075839 -0.161678 -0.014271 -0.084350 0.109644 0.086925 -0.004048 -0.123303 0.050620 0.135628
0.115190 0.268346 -0.300633 -0.194235 -0.318341 -0.164475 -0.060496 -0.121845 -0.291298 -0.231752 0.015935 0.114100 -0.270040 -0.021389 -0.343397 -0.409151 0.110749 0.172370 0.143721 0.110309 -0.310550 -0.225303 -0.376860 -0.105773 -0.173605 0.003914 -0.365326 -0.303511 0.118722 -0.031459 -0.230208 -0.222143 1.000000 0.714442 0.156451 0.028325 -0.057647 0.192778 -0.050917 -0.189464 0.033452 0.070847 0.146415 0.211741 0.086680 0.116993 -0.072899 0.053029 -0.154092 0.189518 -0.090581 -0.018955 -0.126024 0.151969 -0.273309 0.051512 0.379013 0.317807 -0.139376 -0.206407 0.347684 0.113079 0.295118 0.252188 -0.189385 -0.208267 0.094204 0.031083 0.176530 0.059452 -0.355903 -0.238177 0.113623 -0.221981 -0.128274 -0.118953 0.178625 -0.034744 0.010381 -0.085400 0.064692 0.092082 -0.164125 -0.156830 -0.250808 -0.123964 -0.393878 -0.335504 -0.361185 -0.097317 -0.173189 -0.225136 -0.394388 -0.254303 -0.050529 -0.153892 0.016003 -0.133087 -0.096666 -0.065036 -0.000220 0.303165 -0.089170 0.094648 -0.305926 -0.074571 0.056117 0.212535 0.186825 0.007708 0.033563 -0.251268 -0.164438 -0.269517 -0.281437 -0.270773
0.005457 0.084515 -0.114967 0.054918 -0.243909 -0.084738 0.052283 0.226770 -0.333013 -0.272857 -0.035800 0.105065 -0.194630 -0.091099 -0.246143 -0.369621 -0.064357 0.004656 0.081253 0.221265 -0.073803 0.016973 -0.107073 0.100145 -0.256297 0.087852 -0.365805 -0.129922 0.038002 0.006993 -0.001941 0.171475 0.714442 1.000000 0.135868 0.157944 -0.122039 -0.007329 -0.175402 -0.238025 -0.046388 0.049811 -0.076140 -0.021893 0.008363 0.172117 -0.250481 -0.171947 -0.182435 -0.060847 -0.040978 -0.087168 -0.203880 -0.025119 -0.381934 -0.175537 0.108308 0.146067 -0.162385 -0.225260 0.332792 0.118434 0.255095 0.334778 -0.057549 0.018521 -0.003433 0.159068 0.066827 0.118408 -0.057401 -0.065383 0.103327 -0.044261 -0.021533 -0.038389 0.104995 0.033166 -0.207546 -0.146019 -0.065261 -0.042925 0.049743 -0.001409 -0.148814 -0.024905 -0.261070 -0.280996 -0.177936 -0.040974 -0.388927 -0.371199 -0.223151 -0.197047 -0.133449 -0.186609 -0.102773 -0.169919 -0.344226 -0.296568 -0.043311 0.208656 -0.037635 0.048232 -0.177152 -0.144205 0.095524 0.085886 0.157398 -0.022451 0.103793 -0.235008 -0.221906 -0.307389 -0.164816 -0.168075
-0.463213 -0.539223 -0.089246 -0.264213 0.038353 0.021532 -0.202917 -0.363490 0.198633 -0.231791 0.403476 0.267924 -0.028930 0.234507 0.113257 -0.096228 0.322974 0.442606 -0.474997 -0.495011 -0.111028 -0.159892 0.065853 0.031318 0.262518 0.295979 -0.092179 -0.130882 0.537408 -0.097101 0.151810 0.146194 0.156451 0.135868 1.000000 0.755200 0.259194 -0.110687 0.047895 0.017793 0.212250 -0.282759 0.161826 0.220228 -0.020675 0.154720 -0.038926 0.050540 -0.101280 0.068752 0.069886 -0.033069 -0.290006 -0.049160 -0.427468 -0.019448 -0.233339 -0.289129 -0.308165 0.035557 -0.017555 0.186324 -0.115139 -0.478779 0.575743 0.454382 0.614631 0.664709 -0.219652 -0.067773 -0.185535 -0.265972 0.408850 -0.360953 -0.061426 -0.127457 0.513274 0.212046 0.323176 0.182270 -0.099920 -0.005314 0.094496 -0.067928 0.104602 -0.018361 -0.181794 -0.183257 -0.297832 -0.540522 -0.257554 -0.113111 -0.211034 -0.225853 0.104659 0.012559 -0.105553 0.232492 -0.077074 -0.040645 0.152526 -0.271265 -0.113757 -0.065214 -0.097646 -0.205000 -0.069708 0.317107 0.227885 0.131374 0.367990 -0.184032 -0.210259 -0.169649 -0.089788 -0.146509
-0.457315 -0.605375 -0.055749 -0.112456 0.143094 0.100765 -0.141073 -0.185653 0.217828 -0.203049 0.236525 0.077043 0.042623 0.174175 0.200485 -0.079377 0.159239 0.301600 -0.592028 -0.581040 -0.030971 -0.063298 0.140614 0.174909 0.323654 0.349556 0.023715 0.027257 0.381090 -0.057976 0.275906 0.290649 0.028325 0.157944 0.755200 1.000000 0.159998 -0.058160 -0.056195 0.102298 0.158863 -0.269357 0.108585 0.171732 0.033337 0.339109 -0.149042 0.022796 -0.002976 0.077885 0.225848 0.040713 -0.188409 -0.085329 -0.416965 -0.080838 -0.359626 -0.374680 -0.207591 0.005392 -0.113809 0.124142 -0.187082 -0.431423 0.599115 0.582977 0.531413 0.697156 -0.248797 -0.061391 -0.003874 -0.164119 0.254465 -0.306545 -0.000520 -0.089686 0.253386 0.331429 0.126152 0.230234 -0.154814 -0.111962 0.166813 -0.051882 0.191069 0.063577 -0.107670 -0.142304 -0.229653 -0.404237 -0.304291 -0.203088 -0.162827 -0.161578 0.107325 0.087762 -0.161723 0.253610 -0.121005 -0.116275 0.065213 -0.289945 -0.158045 -0.124164 -0.067558 -0.241566 -0.020726 0.145538 0.247005 0.194222 0.333413 -0.141323 -0.269922 -0.187321 -0.035893 -0.076193
