1.000000 0.405539 -0.028741 -0.292265 0.182275 -0.391885 0.210570 -0.146617 -0.276421 -0.424997 0.615028 -0.015314 0.180121 -0.112696 -0.195829 -0.415953 0.409980 -0.005146 0.176787 0.178510 0.266881 0.171642 -0.241709 -0.152209 -0.024754 -0.122715 0.071966 -0.199082 0.211654 -0.010641 -0.395219 -0.166507 -0.193153 -0.259893 -0.150980 -0.030174 -0.195764 -0.254439 -0.304646 -0.134288 -0.064384 0.084343 0.184453 0.379578 0.288054 0.142026 0.040164 0.127308 0.144242 0.124314 -0.241439 -0.055990 -0.286459 -0.122206 -0.328578 -0.138130 0.823612 0.365465 0.095794 -0.142058 0.058528 -0.031317 0.487425 0.048388 -0.262880 -0.304186 -0.040663 -0.123036 0.041002 -0.196748 0.189752 0.144156 0.330674 -0.109856 0.318956 -0.018051 0.354568 0.056333 0.221678 0.055212 0.399807 0.008449 0.069878 -0.067884 -0.128955 -0.315980 -0.003457 -0.022358 -0.312679 -0.324715 0.165257 0.078877 -0.145765 0.125771 -0.274177 -0.138504 -0.292771 -0.195791 0.093719 0.186100 0.041275 0.162310 -0.065463 0.073953 0.002161 -0.138971 -0.062737 -0.074772 -0.233197 -0.202864 -0.197600 0.067366 -0.045465 -0.092005 -0.055026 -0.073003
0.405539 1.000000 -0.084634 -0.316139 0.235243 -0.367976 0.170733 -0.165071 -0.204662 -0.397863 0.385163 0.214357 0.007624 0.121356 -0.079397 -0.295899 0.125616 -0.040190 0.027852 0.345109 0.125097 0.049369 -0.032492 -0.053074 0.083222 -0.154327 0.194322 -0.172963 0.144574 0.225546 -0.112821 -0.115617 -0.116592 -0.087241 -0.111317 -0.260154 -0.165118 -0.048199 -0.141951 -0.011700 -0.065734 0.184174 0.205180 0.242721 0.124154 -0.056662 0.195344 0.063369 0.024364 0.068142 -0.104277 0.173993 0.042739 0.078939 -0.026159 -0.023308 0.225752 0.701904 0.120180 0.097076 -0.047317 0.177475 0.109901 0.336378 -0.107309 -0.496304 -0.154129 -0.438223 -0.004214 -0.175617 0.191121 0.107777 0.179854 0.290187 0.229221 0.198242 0.337960 0.098892 0.052838 0.098114 0.199978 0.135531 0.261153 0.142883 0.011415 -0.211940 0.155437 0.149295 -0.194554 -0.237306 -0.059862 -0.128012 -0.307521 -0.115166 -0.261612 0.126753 -0.016207 -0.139768 0.045874 -0.084207 0.057203 -0.027366 0.033638 -0.156836 0.007457 -0.218960 -0.154196 -0.154179 -0.249278 -0.165434 -0.244278 0.050292 0.045289 0.056173 0.046706 -0.143449
-0.028741 -0.084634 1.000000 0.232157 0.308238 0.099039 0.455237 0.255769 0.225119 0.218893 -0.132458 0.028476 0.129137 -0.053182 0.040685 0.143145 -0.339962 -0.404055 0.604793 0.108235 0.052635 -0.011637 0.233155 0.008066 0.017811 -0.000140 0.125003 0.060902 -0.219412 -0.077509 0.126817 0.049132 0.061810 0.041813 0.087771 0.099684 -0.046818 -0.165115 -0.090759 -0.139002 0.055015 -0.197467 -0.077263 -0.076878 -0.027520 -0.087268 0.096646 -0.055355 0.076498 -0.036779 0.046003 -0.146360 0.010532 -0.072587 -0.010892 -0.018948 -0.209993 -0.193249 -0.000133 -0.212717 0.051058 -0.036891 -0.240931 -0.301246 0.062769 0.008443 0.042878 0.089757 -0.141284 -0.200371 0.078042 -0.093677 -0.037927 -0.123829 -0.063089 0.127682 -0.033050 -0.093423 -0.022608 -0.314740 -0.130805 -0.382451 -0.156870 -0.028488 -0.115006 -0.116022 -0.048464 -0.039544 0.110716 -0.163917 0.030750 0.132403 0.035830 0.097822 -0.089079 -0.069459 -0.038095 -0.147588 0.118063 0.133690 -0.055800 0.003562 0.052235 -0.022947 -0.202843 -0.026764 -0.020487 0.013270 0.178517 -0.129442 0.012851 -0.011513 -0.092806 -0.066897 0.033613 -0.060941
-0.292265 -0.316139 0.232157 1.000000 0.023353 0.351944 0.009125 0.380697 0.126185 0.393321 -0.126428 -0.062871 -0.185477 -0.144427 0.055194 0.299130 -0.207815 -0.162568 0.137292 0.149694 0.075792 0.123173 0.300819 0.469635 0.168800 0.209385 0.048157 0.221381 -0.241950 -0.167814 0.397354 0.443690 -0.048109 0.191464 -0.080722 -0.022315 -0.284245 -0.046121 -0.181854 -0.217323 -0.064300 -0.054855 -0.386361 -0.314543 -0.330937 -0.208275 -0.227927 -0.253923 -0.199781 -0.206150 -0.086184 -0.195543 -0.102824 -0.021390 -0.061698 -0.060198 -0.179792 -0.229055 -0.262451 0.001555 -0.145770 -0.031454 -0.109913 -0.159324 0.304514 0.413550 -0.242652 0.067528 -0.008903 -0.054453 0.206395 0.112594 -0.072063 0.042720 0.150537 0.118177 -0.200915 0.086511 0.120452 -0.196907 0.006688 -0.269871 0.055172 -0.041918 0.026850 0.004833 0.058901 0.124657 0.287304 0.172232 -0.004352 -0.029478 0.407568 -0.034356 -0.041980 -0.182434 -0.173085 -0.212254 -0.072676 0.007287 0.096402 -0.217499 0.033913 -0.178191 -0.302513 0.131430 -0.034413 0.003654 0.050310 -0.197924 -0.112712 -0.085017 0.029611 -0.038063 -0.039518 0.088328
0.182275 0.235243 0.308238 0.023353 1.000000 0.240751 0.198967 0.170150 0.389246 0.062856 0.103799 0.002393 0.142327 -0.114967 0.018782 0.097257 -0.099648 -0.318735 0.163710 -0.014555 0.103486 0.106460 0.004094 -0.116077 0.338242 0.157015 0.175355 -0.015078 -0.042131 -0.009997 0.100390 0.140700 -0.109225 -0.009194 -0.159052 -0.053371 -0.147193 -0.182177 -0.192839 -0.086269 -0.011162 0.014595 -0.119381 0.000820 0.038160 -0.001425 0.038007 0.028802 -0.020664 0.042661 -0.185960 -0.137980 -0.107845 -0.134019 -0.216981 0.003291 0.171464 0.252613 0.122105 -0.004873 0.201573 0.084558 0.173773 0.174030 0.087299 -0.063480 -0.011891 -0.054171 -0.321405 -0.281889 0.241544 0.136911 0.285094 0.069008 0.379508 0.342009 -0.042765 -0.154254 0.311757 -0.263339 0.376941 -0.134762 -0.031531 -0.058929 -0.146338 -0.310618 -0.144390 0.054650 0.086461 -0.056834 -0.096601 -0.153361 -0.122811 0.004872 -0.111259 -0.105716 -0.052007 -0.210248 -0.053034 -0.027770 0.162137 0.058482 -0.011947 -0.087976 0.118157 -0.145560 -0.015299 0.294288 -0.024229 -0.238853 -0.093331 -0.102276 -0.116205 -0.154143 0.035802 0.098994
-0.391885 -0.367976 0.099039 0.351944 0.240751 1.000000 -0.154427 0.344881 0.434311 0.577891 -0.331928 -0.174260 0.016782 0.079792 0.302817 0.602534 -0.167453 -0.043699 -0.070162 -0.216328 -0.273915 -0.223830 0.045683 0.001893 -0.015613 0.093188 0.188849 0.383854 -0.177632 -0.096249 0.214472 0.042149 -0.057388 -0.106513 0.148836 0.063342 0.037370 -0.025649 -0.042532 -0.195463 -0.072728 -0.147197 -0.214200 -0.202276 -0.094390 -0.057545 -0.104871 -0.212647 0.110836 0.134137 0.167156 0.103703 0.120673 -0.001800 0.065758 0.075651 -0.307180 -0.337145 0.024084 0.126863 0.069100 0.078328 -0.229383 -0.129500 0.052945 0.420945 0.071289 0.088919 -0.363691 -0.104707 -0.081722 -0.274390 -0.282641 -0.062351 -0.081999 -0.048882 -0.300612 -0.123144 -0.085861 -0.008263 -0.180467 -0.113111 -0.246028 0.033728 0.043890 0.209066 -0.181188 -0.087678 0.184353 0.167053 -0.025409 -0.126180 0.162117 0.013793 -0.093458 0.097695 -0.045058 -0.238460 -0.083048 -0.171984 0.015591 -0.125138 -0.001654 -0.143923 0.152273 -0.234676 -0.072934 0.022610 -0.011609 0.029707 -0.282725 -0.265256 -0.200789 -0.018969 0.030737 -0.042312
0.210570 0.170733 0.455237 0.009125 0.198967 -0.154427 1.000000 0.496032 0.132084 0.132825 0.290867 0.536681 0.328565 0.197616 -0.065501 -0.023561 0.198796 -0.212605 0.066389 0.008757 0.053103 -0.051384 -0.021468 -0.187810 -0.298505 -0.254125 -0.060730 -0.418635 0.205855 0.321079 0.009869 0.027179 0.243064 0.273430 -0.126530 0.031327 -0.058315 -0.221197 -0.180172 -0.088169 -0.184696 -0.004958 0.076816 -0.037780 0.224105 0.017873 0.073938 -0.164058 -0.075435 -0.007153 -0.131450 -0.194920 -0.153787 -0.301755 -0.264662 -0.318647 0.030489 0.014537 -0.181812 -0.340032 0.281489 0.254529 0.293801 0.139299 0.012794 -0.019027 0.064160 0.029062 -0.107628 -0.382119 -0.042003 -0.151280 0.282015 0.129710 0.131485 -0.005364 0.106300 -0.119010 -0.057238 -0.147393 0.144589 -0.040288 -0.134568 0.270689 -0.213236 0.010611 0.009870 -0.031440 -0.075537 -0.236867 -0.094318 -0.208835 -0.224995 -0.240467 -0.182383 -0.061044 -0.281723 -0.079334 -0.209407 -0.317096 -0.168963 -0.225738 -0.121961 -0.176435 -0.143803 -0.270382 -0.151466 -0.222790 -0.201024 -0.161611 -0.221951 -0.179055 -0.130611 -0.052835 -0.132828 -0.218078
-0.146617 -0.165071 0.255769 0.380697 0.170150 0.344881 0.496032 1.000000 0.291301 0.740108 -0.131026 0.549736 0.245753 0.390995 -0.072686 0.343177 0.085883 -0.140132 -0.045397 -0.127720 0.047432 -0.120926 -0.241995 -0.310027 -0.367280 -0.155506 -0.150179 -0.300998 0.115123 0.313384 0.052869 0.106391 0.239934 0.439392 -0.051011 0.209579 0.020776 -0.144755 -0.246998 -0.145952 -0.129022 0.015858 -0.164540 -0.215058 0.050588 -0.052960 -0.073786 -0.252298 -0.145684 -0.043175 -0.224634 -0.235930 -0.036019 -0.276892 -0.152249 -0.181623 -0.128050 -0.297279 -0.165465 -0.217254 0.267440 0.473914 0.128366 0.111607 -0.047762 0.404244 -0.027659 0.205574 -0.153493 -0.198023 -0.046966 -0.136467 0.215650 0.116662 0.058148 0.012570 0.012672 0.056048 -0.010475 -0.136141 0.137942 -0.056376 -0.329120 0.059488 -0.435431 -0.031643 -0.167030 -0.160320 -0.004257 -0.073979 0.002411 -0.295908 0.026670 -0.252526 -0.171748 0.024961 -0.269708 -0.243717 -0.146421 -0.257062 -0.059542 -0.336384 -0.041144 -0.294767 -0.136198 -0.291556 -0.013328 -0.218611 -0.093129 -0.206329 -0.340277 -0.257634 -0.087994 -0.142121 -0.082138 -0.171159
-0.276421 -0.204662 0.225119 0.126185 0.389246 0.434311 0.132084 0.291301 1.000000 0.487118 -0.173119 0.093166 0.200017 0.080767 0.423296 0.346808 -0.210784 -0.110642 -0.112618 -0.295386 -0.157072 -0.040910 0.170238 -0.143360 0.195821 0.313379 -0.041607 0.020480 -0.203716 -0.039890 0.236361 0.164434 0.048930 0.116485 -0.149236 -0.009619 0.010723 -0.022645 0.029564 0.038842 0.040594 -0.136250 -0.312671 -0.391911 -0.162211 -0.157469 -0.096073 -0.196072 -0.088783 -0.034033 0.100024 -0.068969 0.085343 -0.038994 0.020860 0.092888 -0.222287 -0.198295 0.056618 -0.058800 0.331834 0.298300 -0.076045 0.068552 0.384667 0.448618 -0.086186 0.021180 -0.322296 -0.092084 -0.071411 -0.046434 -0.107155 0.041066 -0.033328 0.187810 -0.459720 -0.236171 -0.002601 -0.236172 0.038270 0.016065 -0.221165 -0.071173 0.058754 0.177953 -0.099879 -0.110113 0.433031 0.332716 -0.208722 -0.260256 -0.142476 -0.264388 0.149197 -0.021720 0.061356 -0.026068 -0.173945 -0.241807 0.123995 -0.188633 -0.252790 -0.317644 -0.122052 -0.113201 -0.030163 0.214835 0.210323 0.017595 -0.083962 -0.324218 -0.223058 -0.289969 -0.160648 0.138176
-0.424997 -0.397863 0.218893 0.393321 0.062856 0.577891 0.132825 0.740108 0.487118 1.000000 -0.331343 0.240073 0.092328 0.308522 0.150589 0.604514 -0.066864 -0.013192 -0.057019 -0.171911 -0.134769 -0.282771 -0.060762 -0.272959 -0.252072 -0.052349 -0.141513 -0.090103 0.037607 0.141866 0.262589 0.087911 0.139442 0.270037 0.020026 0.094943 0.034628 -0.049904 -0.112741 -0.131371 -0.063364 -0.172106 -0.243410 -0.324348 -0.103035 -0.152961 -0.113311 -0.214655 -0.092267 0.020384 -0.096457 -0.077752 0.081093 -0.053484 -0.013182 -0.031911 -0.304141 -0.432176 -0.067038 -0.040543 0.215917 0.383467 -0.103885 0.030236 0.178532 0.490135 -0.086524 0.068740 -0.150412 -0.030787 -0.118869 -0.218602 -0.014726 0.014675 -0.114325 0.001628 -0.225978 -0.041115 -0.058179 -0.091513 -0.066215 -0.052871 -0.340646 0.005295 -0.216221 0.067509 -0.216633 -0.295401 0.139329 0.164969 -0.053668 -0.204444 0.074992 -0.264758 -0.038134 0.028223 -0.130509 -0.162321 -0.113396 -0.240757 0.013984 -0.250472 -0.056967 -0.280560 -0.135889 -0.180869 0.027184 -0.023755 0.114181 -0.104940 -0.278696 -0.264734 -0.082192 -0.182524 -0.107287 -0.087339
0.615028 0.385163 -0.132458 -0.126428 0.103799 -0.331928 0.290867 -0.131026 -0.173119 -0.331343 1.000000 0.154441 0.409762 0.056299 0.122657 -0.268088 0.436459 -0.058523 -0.084020 0.181054 0.175139 0.154292 0.028013 0.083971 0.044183 -0.061968 0.078213 -0.303442 0.331999 -0.028693 -0.189400 -0.011441 -0.081753 -0.156456 -0.201152 -0.238045 -0.323277 -0.147225 -0.245170 -0.103720 -0.162959 0.095871 0.000377 0.106110 0.040887 -0.060306 -0.028981 -0.021587 -0.070923 -0.014111 -0.200241 -0.144796 -0.196400 -0.215120 -0.310265 -0.212638 0.428307 0.360902 -0.089360 -0.139799 0.158123 0.030529 0.634611 0.203057 0.093068 -0.209832 -0.158137 -0.264568 0.077423 -0.122617 0.246207 0.162228 0.412119 0.043767 0.380658 0.039646 0.128165 -0.168216 0.216149 -0.095373 0.533341 0.067042 0.296206 0.142754 0.181691 -0.104920 0.308871 0.078209 -0.033614 -0.112037 -0.183534 -0.137113 -0.233497 -0.175567 -0.096569 -0.317749 -0.171393 -0.068017 -0.249867 -0.150291 -0.095107 -0.068449 -0.213349 -0.092989 -0.089100 -0.058504 -0.159878 0.044325 -0.318695 -0.221058 -0.084689 -0.060853 0.055115 -0.050940 -0.094208 -0.062116
-0.015314 0.214357 0.028476 -0.062871 0.002393 -0.174260 0.536681 0.549736 0.093166 0.240073 0.154441 1.000000 0.206265 0.572460 -0.187323 0.025933 0.226118 0.024199 -0.149625 0.028008 0.049393 0.005943 -0.287183 -0.331066 -0.392032 -0.255390 -0.248778 -0.629510 0.255668 0.552024 -0.044583 -0.025005 0.142349 0.268037 -0.213874 -0.064488 0.085755 -0.114738 -0.160141 -0.022987 -0.115755 0.183044 0.057163 -0.134086 0.050091 -0.123542 0.025922 -0.179974 -0.119622 -0.075876 -0.035204 -0.073078 0.086540 -0.184943 -0.048986 -0.187882 -0.066619 0.010268 -0.153790 -0.233461 0.197862 0.433765 0.169647 0.359827 -0.003875 0.071191 -0.150942 -0.035141 -0.120249 -0.223426 -0.016365 0.010502 0.248907 0.304605 0.128165 0.149032 0.165649 0.112159 -0.061477 0.048554 0.158110 0.192883 -0.090618 0.307448 -0.199273 0.231511 0.019081 0.044786 -0.084249 -0.001259 -0.106323 -0.322714 -0.225912 -0.358537 -0.033161 0.170331 -0.161803 -0.033718 -0.209831 -0.296554 -0.018466 -0.235427 -0.150161 -0.341685 -0.110952 -0.345535 -0.037183 -0.200959 -0.215065 -0.112389 -0.216501 -0.193401 -0.026493 0.065635 -0.095421 -0.152041
0.180121 0.007624 0.129137 -0.185477 0.142327 0.016782 0.328565 0.245753 0.200017 0.092328 0.409762 0.206265 1.000000 0.433903 0.371016 0.268221 0.234789 -0.166275 -0.120381 -0.291227 -0.064093 0.000885 -0.007562 -0.188281 -0.060775 -0.022082 0.033103 -0.137790 0.165540 0.053279 -0.235286 -0.109302 0.139760 0.042462 -0.046834 0.068440 0.047565 -0.015649 0.006915 -0.066866 0.076260 0.039913 -0.141872 -0.065028 0.060189 -0.012755 -0.086478 -0.081072 0.031971 -0.024681 0.066304 -0.209385 0.013540 -0.402611 0.021408 -0.078544 -0.002047 -0.064324 0.057962 -0.313912 0.408564 0.230087 0.369981 0.075745 -0.106596 0.085298 0.071015 0.043476 -0.034680 -0.103951 -0.007165 -0.074316 0.277966 0.002684 0.139780 -0.025492 -0.049546 -0.254442 0.081937 -0.211341 0.363376 0.035357 -0.229651 -0.140864 -0.103190 -0.064419 0.004170 -0.134581 0.098786 0.008063 -0.328413 -0.309331 -0.249172 -0.168646 0.011047 -0.150064 0.072393 -0.049592 -0.349362 -0.234502 -0.097683 -0.255979 -0.289562 -0.221034 -0.159907 -0.093585 -0.063144 0.023095 -0.077240 0.033744 0.000723 -0.327782 -0.108739 -0.036297 -0.069034 -0.088430
-0.112696 0.121356 -0.053182 -0.144427 -0.114967 0.079792 0.197616 0.390995 0.080767 0.308522 0.056299 0.572460 0.433903 1.000000 0.137270 0.359469 0.149330 0.109128 -0.088809 0.046608 -0.035725 -0.045648 -0.202080 -0.284743 -0.381640 -0.238437 0.025214 -0.208481 0.226793 0.437749 -0.019411 -0.091888 -0.015960 0.003322 0.048208 0.058665 0.117833 0.008718 0.082113 -0.050600 0.101351 0.186767 -0.043084 -0.065243 0.073801 -0.085512 -0.060867 -0.206841 0.037228 0.034490 0.089458 0.029740 0.140475 -0.156726 0.140917 -0.109004 -0.243306 -0.196091 -0.016029 -0.118384 0.063438 0.326235 -0.019684 0.120974 -0.181352 0.034323 -0.069575 -0.100087 -0.024961 0.021000 -0.061213 -0.053706 0.105208 0.222917 -0.076931 -0.049349 0.094712 0.091555 -0.281292 0.172689 0.014902 0.175177 -0.103429 0.024821 -0.119752 0.176389 -0.056550 -0.275905 -0.152414 -0.020372 -0.219114 -0.312231 -0.233536 -0.204569 -0.044613 0.229015 0.091348 -0.066294 -0.306403 -0.332196 -0.034508 -0.280626 -0.147490 -0.378108 -0.124462 -0.357850 -0.137929 -0.292547 -0.195309 0.017137 -0.232687 -0.346889 -0.072044 0.152724 0.067032 -0.221033
-0.195829 -0.079397 0.040685 0.055194 0.018782 0.302817 -0.065501 -0.072686 0.423296 0.150589 0.122657 -0.187323 0.371016 0.137270 1.000000 0.483592 -0.106443 -0.102147 -0.103339 -0.057400 -0.277356 -0.156590 0.587871 0.273905 0.186715 0.191675 0.356031 0.385854 0.075754 -0.122886 0.171277 0.037620 0.078124 -0.025712 0.216691 -0.071070 0.087081 0.227045 0.165761 0.086926 0.015822 -0.126992 -0.336382 -0.284520 -0.303576 -0.235931 -0.179980 -0.264538 -0.113441 -0.065335 0.193570 0.023217 0.043428 -0.056766 0.015383 -0.040006 -0.316073 -0.208240 0.040553 0.028139 0.033912 0.078748 -0.212366 -0.132699 0.393933 0.208554 -0.146609 -0.231571 0.015643 0.092469 -0.004190 -0.244154 -0.113675 0.130851 0.030183 -0.087939 -0.091412 -0.224738 -0.142937 -0.078238 -0.187772 0.028039 0.201693 0.095752 0.506414 0.222102 0.097616 -0.097148 0.359101 0.093730 -0.415614 -0.227787 -0.150959 -0.217466 0.057356 -0.109561 0.124680 -0.054641 -0.342622 -0.324960 -0.130822 -0.324739 -0.262628 -0.276611 -0.213770 -0.044854 -0.117084 -0.100617 -0.062768 0.194947 -0.098364 -0.406567 -0.120136 -0.093532 -0.058175 -0.113622
-0.415953 -0.295899 0.143145 0.299130 0.097257 0.602534 -0.023561 0.343177 0.346808 0.604514 -0.268088 0.025933 0.268221 0.359469 0.483592 1.000000 -0.170627 -0.161352 -0.128398 -0.271682 -0.343887 -0.338341 0.234801 0.015367 -0.068608 -0.055184 0.099357 0.224721 0.010070 0.074353 0.311836 -0.001128 0.174441 0.064389 0.131623 -0.023233 0.145234 0.127779 0.096437 -0.116187 -0.059039 -0.182975 -0.128302 -0.152946 -0.141250 -0.088684 -0.037713 -0.136213 0.098151 0.119487 0.129650 0.034848 0.092321 -0.190981 0.137334 -0.013095 -0.370931 -0.335809 0.064233 0.054563 0.147001 0.297444 -0.245747 -0.047385 0.120705 0.385492 0.004723 -0.021116 -0.157304 -0.041738 -0.193073 -0.382757 -0.079122 0.113287 0.018174 -0.007070 -0.163150 -0.216959 -0.029563 -0.082872 -0.248931 -0.051578 -0.278799 0.094617 0.023477 0.137649 -0.069939 -0.150529 0.172585 0.109953 -0.294627 -0.351873 -0.042639 -0.181132 -0.002457 0.007479 0.139235 -0.227764 -0.236399 -0.357876 -0.139754 -0.275590 -0.151357 -0.302725 -0.027198 -0.225566 -0.017693 -0.034911 -0.061638 -0.070127 -0.160136 -0.496757 -0.115270 -0.046708 -0.104410 -0.148017
0.409980 0.125616 -0.339962 -0.207815 -0.099648 -0.167453 0.198796 0.085883 -0.210784 -0.066864 0.436459 0.226118 0.234789 0.149330 -0.106443 -0.170627 1.000000 0.512172 -0.119919 0.089767 0.037355 -0.110501 -0.362346 -0.303828 -0.377406 -0.289505 -0.151716 -0.304853 0.645332 0.462729 -0.296825 -0.195397 0.015942 0.068971 0.078113 0.085116 0.106749 -0.106651 -0.277302 -0.132544 -0.012904 0.253791 0.139433 0.210096 0.256616 0.164399 -0.181192 -0.032789 -0.212636 0.040824 -0.321893 -0.216647 -0.337472 -0.370941 -0.414245 -0.375840 0.429524 0.222752 -0.382142 -0.379715 0.029591 -0.088590 0.615473 0.376229 -0.158383 -0.089430 -0.119011 -0.147712 0.242615 -0.172165 0.026045 -0.084593 0.361577 0.201039 0.124849 -0.250416 0.307204 0.109051 0.145908 0.349199 0.460000 0.559453 -0.086423 0.244027 -0.099920 0.061762 -0.134283 -0.056064 -0.306277 -0.179181 -0.008310 -0.134079 -0.099101 -0.071898 -0.223418 0.039107 -0.357794 -0.042744 -0.268053 -0.089633 -0.067777 -0.009479 -0.072961 -0.097809 -0.039965 -0.229190 -0.193405 -0.281528 -0.260994 0.068997 -0.275910 -0.056082 0.013150 -0.071368 -0.031595 -0.190983
-0.005146 -0.040190 -0.404055 -0.162568 -0.318735 -0.043699 -0.212605 -0.140132 -0.110642 -0.013192 -0.058523 0.024199 -0.166275 0.109128 -0.102147 -0.161352 0.512172 1.000000 -0.067279 0.203639 -0.031683 -0.074062 -0.195154 -0.143898 -0.239287 -0.001790 -0.068437 -0.005394 0.415503 0.385061 -0.130795 -0.099199 -0.209044 -0.105934 0.258749 0.142294 0.021269 -0.194424 -0.164254 -0.037006 0.012081 0.046890 0.042413 0.030596 -0.011189 -0.031833 -0.328778 -0.149196 -0.248182 -0.062459 -0.158172 -0.029960 -0.172438 -0.031180 -0.105628 -0.262485 0.052561 -0.054298 -0.158439 -0.004484 -0.155172 -0.277706 0.110863 0.145616 -0.039233 -0.016615 -0.175776 -0.218044 0.212925 0.113405 0.132107 0.071742 -0.038031 0.289086 -0.176543 -0.186016 0.147137 0.282099 -0.162146 0.664158 -0.057058 0.478192 -0.060571 0.035108 0.133704 0.239213 -0.159449 -0.175354 -0.131246 0.051511 0.138429 0.165024 0.139209 0.128772 -0.069546 0.211131 -0.308089 -0.105863 -0.104816 0.045259 0.158595 0.102974 0.192662 0.021820 0.047650 -0.019002 -0.059440 -0.283293 -0.055989 0.154145 -0.277259 0.040119 0.045868 0.148662 0.213714 -0.001358
0.176787 0.027852 0.604793 0.137292 0.163710 -0.070162 0.066389 -0.045397 -0.112618 -0.057019 -0.084020 -0.149625 -0.120381 -0.088809 -0.103339 -0.128398 -0.119919 -0.067279 1.000000 0.565559 0.169942 0.085520 0.019126 -0.017856 -0.004912 -0.102282 0.198895 0.109030 -0.045452 -0.023321 -0.019721 -0.048872 -0.104100 -0.131299 0.167672 0.058253 -0.158505 -0.296546 -0.163953 -0.263826 0.061124 -0.174357 0.048712 0.174131 0.063312 -0.009369 0.059917 0.013357 0.079939 0.068171 -0.141395 -0.072959 -0.115245 -0.015846 -0.128218 -0.025778 -0.007538 -0.109658 0.043320 -0.122135 -0.199662 -0.253714 -0.225445 -0.353036 -0.022644 -0.216607 -0.004257 -0.107254 0.240208 -0.018300 0.350760 0.130804 0.038305 -0.065201 0.065654 0.104906 0.219428 0.134782 -0.050312 -0.039940 -0.143642 -0.364665 0.111815 -0.093606 0.047514 -0.201168 -0.130284 0.022900 -0.072713 -0.268611 0.097934 0.286697 0.077832 0.275534 -0.226460 -0.002855 -0.178405 -0.300656 0.206558 0.265694 0.078247 0.221413 0.213783 0.105299 -0.061276 0.033862 -0.191409 -0.079800 0.076112 -0.143983 -0.142623 0.138764 -0.088222 0.062916 0.055658 -0.070285
0.178510 0.345109 0.108235 0.149694 -0.014555 -0.216328 0.008757 -0.127720 -0.295386 -0.171911 0.181054 0.028008 -0.291227 0.046608 -0.057400 -0.271682 0.089767 0.203639 0.565559 1.000000 0.243168 0.147689 0.083365 0.223385 -0.056200 -0.163726 0.267219 0.030274 0.165953 0.121235 0.055959 0.020096 -0.242549 -0.150586 0.059811 -0.121142 -0.233633 -0.223990 -0.252237 -0.275379 0.089014 0.081648 -0.030561 0.057209 -0.060465 -0.164494 -0.016909 -0.137953 -0.079413 0.005113 -0.222853 0.107160 -0.159224 0.234541 -0.146547 -0.120204 -0.022868 0.086460 -0.187584 -0.036025 -0.495620 -0.354371 -0.207616 -0.177353 0.107529 -0.298928 -0.331550 -0.425580 0.388725 0.154581 0.447924 0.283373 0.005656 0.158034 0.033818 0.085653 0.189991 0.238683 -0.160921 0.108673 -0.051035 -0.125842 0.537647 0.125939 0.290498 0.026029 0.051265 0.082261 -0.153449 -0.171861 0.136205 0.258740 0.058275 0.073861 -0.260869 0.030630 -0.217632 -0.196967 0.109717 0.221709 0.121597 0.074522 0.205828 0.026405 -0.189048 0.072622 -0.238509 -0.217575 -0.027414 -0.104386 -0.251500 0.177557 0.098527 0.205898 0.208700 0.045974
0.266881 0.125097 0.052635 0.075792 0.103486 -0.273915 0.053103 0.047432 -0.157072 -0.134769 0.175139 0.049393 -0.064093 -0.035725 -0.277356 -0.343887 0.037355 -0.031683 0.169942 0.243168 1.000000 0.550725 -0.146108 0.039265 0.049577 -0.014330 0.327435 -0.077744 -0.134699 -0.103312 -0.084243 0.100392 -0.255616 0.019035 -0.239914 0.155292 -0.191364 -0.266136 -0.130124 -0.011282 0.178736 0.206966 -0.224862 -0.044083 0.050498 -0.002619 -0.104302 -0.117001 -0.090527 -0.008072 -0.410424 -0.145652 -0.244792 0.115937 -0.089915 -0.010482 0.263004 0.141875 -0.054315 -0.071529 -0.165316 -0.059759 0.262104 -0.055337 -0.030069 -0.129682 -0.160158 0.008515 0.082479 0.054393 0.294496 0.467484 0.160708 -0.207422 0.040518 0.122636 0.052757 0.260313 0.076715 0.016909 0.293198 -0.231788 0.330773 -0.220179 -0.198976 -0.303648 0.181510 0.065911 -0.024659 -0.073918 0.259282 0.317503 0.235856 0.178946 -0.069803 -0.040422 -0.252894 -0.068739 0.168771 0.333742 0.228781 -0.059005 0.118329 0.053740 -0.319076 0.303009 0.090936 0.068998 0.260409 -0.193100 -0.015739 0.236152 0.167656 -0.047646 0.171664 0.362400
0.171642 0.049369 -0.011637 0.123173 0.106460 -0.223830 -0.051384 -0.120926 -0.040910 -0.282771 0.154292 0.005943 0.000885 -0.045648 -0.156590 -0.338341 -0.110501 -0.074062 0.085520 0.147689 0.550725 1.000000 0.139340 0.351705 0.420819 0.466192 0.301652 0.084509 -0.386275 -0.135017 0.028409 0.371579 -0.461776 -0.112447 -0.278090 0.118636 -0.423528 -0.163428 -0.025201 0.226593 0.084676 0.366553 -0.358502 -0.188715 -0.083155 -0.092850 -0.199675 -0.203919 -0.062795 -0.213567 -0.009324 -0.075248 -0.096587 0.199841 0.105496 0.033496 0.137043 0.068287 0.005183 -0.074503 -0.229810 -0.119084 0.059402 -0.191716 0.203699 0.078349 -0.304091 0.034524 -0.039384 0.141476 0.459091 0.768815 -0.047056 -0.003781 0.144231 0.468163 -0.028763 0.276107 -0.086199 -0.062098 0.300564 -0.170172 0.355082 -0.164467 0.128437 -0.102356 0.268616 0.415653 0.287119 0.259684 0.132391 0.235907 0.094730 0.122861 0.259137 -0.069261 -0.148695 0.017610 0.044676 0.284752 0.335048 -0.193556 -0.097355 -0.178066 -0.376834 0.254241 0.049922 0.092891 0.054127 -0.182725 0.120964 0.187424 0.145769 -0.011584 0.291280 0.432021
-0.241709 -0.032492 0.233155 0.300819 0.004094 0.045683 -0.021468 -0.241995 0.170238 -0.060762 0.028013 -0.287183 -0.007562 -0.202080 0.587871 0.234801 -0.362346 -0.195154 0.019126 0.083365 -0.146108 0.139340 1.000000 0.719907 0.498371 0.448455 0.296875 0.432471 -0.197647 -0.199404 0.485261 0.419441 0.041715 0.069471 0.085761 -0.199597 -0.116380 0.151852 0.138201 0.140015 -0.002683 -0.055355 -0.353055 -0.351884 -0.434492 -0.345351 -0.176040 -0.280228 -0.153397 -0.254016 0.256451 0.023825 0.012866 0.115785 0.110465 -0.069801 -0.335359 -0.124632 -0.068146 0.047661 -0.157210 -0.088992 -0.319772 -0.187560 0.588413 0.074750 -0.296716 -0.323267 0.042086 0.086480 0.082564 0.035658 -0.235542 0.153409 -0.000615 0.106196 -0.100513 -0.123456 -0.085635 -0.087358 -0.194057 -0.054348 0.289116 0.094368 0.561140 0.120884 0.276071 0.137183 0.419977 0.119386 -0.333881 -0.023797 0.014997 -0.092614 0.130628 -0.240488 0.080398 0.026214 -0.248391 -0.107534 -0.053571 -0.293383 -0.157842 -0.234358 -0.308104 0.125938 -0.144258 -0.064721 -0.011530 0.043191 0.075077 -0.166838 -0.018195 0.062866 0.079293 0.098497
-0.152209 -0.053074 0.008066 0.469635 -0.116077 0.001893 -0.187810 -0.310027 -0.143360 -0.272959 0.083971 -0.331066 -0.188281 -0.284743 0.273905 0.015367 -0.303828 -0.143898 -0.017856 0.223385 0.039265 0.351705 0.719907 1.000000 0.508316 0.483285 0.333411 0.487759 -0.277198 -0.325173 0.379051 0.489105 -0.149005 -0.015601 0.043415 -0.091153 -0.254936 0.100808 0.018895 0.073643 0.021778 0.103084 -0.376686 -0.291186 -0.390645 -0.238233 -0.232201 -0.220198 -0.132712 -0.272267 0.192374 -0.000274 -0.030766 0.196499 0.109334 -0.026599 -0.162703 -0.009619 -0.136991 0.077622 -0.331922 -0.395860 -0.244968 -0.303802 0.395421 0.052441 -0.268298 -0.138939 0.067002 0.119080 0.283039 0.238548 -0.235368 0.054714 0.085287 0.106470 -0.110841 0.033055 0.002142 -0.092490 -0.099089 -0.199527 0.471637 0.065100 0.480202 0.104794 0.304582 0.301253 0.300913 0.131992 -0.147904 0.126286 0.250078 0.085905 0.090790 -0.257474 0.058824 0.010636 -0.096898 0.074623 0.045759 -0.155626 -0.046279 -0.081353 -0.287544 0.289870 -0.017685 -0.024846 -0.019997 -0.063511 0.173737 0.070620 0.050525 0.147158 0.147071 0.165064
-0.024754 0.083222 0.017811 0.168800 0.338242 -0.015613 -0.298505 -0.367280 0.195821 -0.252072 0.044183 -0.392032 -0.060775 -0.381640 0.186715 -0.068608 -0.377406 -0.239287 -0.004912 -0.056200 0.049577 0.420819 0.498371 0.508316 1.000000 0.707065 0.211939 0.394378 -0.466421 -0.496715 0.275583 0.423873 -0.158407 -0.037401 -0.217946 -0.211570 -0.317615 0.130311 0.089892 0.171908 -0.049668 -0.066533 -0.330508 -0.184887 -0.367880 -0.128776 -0.091495 0.040332 -0.099981 -0.244712 0.163106 -0.127003 -0.054186 0.113418 0.048648 0.151256 0.025997 0.193616 0.139226 0.186094 -0.031232 -0.147259 -0.047601 -0.065143 0.399284 0.039347 -0.165850 -0.052951 -0.106464 0.108403 0.267102 0.435115 -0.094064 -0.069028 0.245598 0.390484 -0.209166 -0.105067 0.270554 -0.240404 0.207236 -0.184442 0.204784 -0.299231 0.313477 -0.260800 0.134746 0.220022 0.395642 0.233558 -0.223912 0.024033 0.041481 0.029864 0.283856 -0.260679 0.253841 0.081577 -0.049815 0.102379 0.196887 0.076872 -0.121208 0.017698 -0.003655 0.239459 0.051012 0.450711 0.102004 -0.116216 0.358414 0.065188 -0.041996 -0.139126 0.011080 0.315107
-0.122715 -0.154327 -0.000140 0.209385 0.157015 0.093188 -0.254125 -0.155506 0.313379 -0.052349 -0.061968 -0.255390 -0.022082 -0.238437 0.191675 -0.055184 -0.289505 -0.001790 -0.102282 -0.163726 -0.014330 0.466192 0.448455 0.483285 0.707065 1.000000 0.066380 0.379614 -0.407302 -0.268865 0.238771 0.540555 -0.235051 0.062368 -0.002646 0.062478 -0.213536 0.054748 0.026826 0.324438 -0.054768 0.031321 -0.467019 -0.325613 -0.398529 -0.133365 -0.359892 -0.149721 -0.244389 -0.338562 0.192451 -0.145337 0.017313 0.140586 0.081861 -0.025932 -0.103391 -0.156722 0.004747 0.022854 -0.020327 -0.166909 -0.103360 -0.213884 0.381204 0.330253 -0.268979 0.108077 -0.124085 0.177470 0.256108 0.402020 -0.228529 0.077819 0.064348 0.315589 -0.232813 -0.073796 -0.010200 -0.111645 0.144202 -0.017390 0.015878 -0.261834 0.325262 0.050427 0.082874 0.150800 0.449896 0.316705 -0.159615 0.031608 0.194731 0.145540 0.377008 -0.235250 0.094725 0.048131 -0.215651 -0.009164 0.311381 -0.075869 -0.070634 -0.121206 -0.137448 0.237292 0.113181 0.211821 -0.005616 -0.018906 0.251322 -0.028006 -0.056339 -0.178131 0.160332 0.269044
0.071966 0.194322 0.125003 0.048157 0.175355 0.188849 -0.060730 -0.150179 -0.041607 -0.141513 0.078213 -0.248778 0.033103 0.025214 0.356031 0.099357 -0.151716 -0.068437 0.198895 0.267219 0.327435 0.301652 0.296875 0.333411 0.211939 0.066380 1.000000 0.595449 -0.223031 -0.224535 -0.041470 -0.018831 -0.371712 -0.311057 0.195832 0.138496 -0.217038 -0.160150 -0.039385 -0.139306 0.065634 0.044587 -0.231299 -0.018015 0.008318 -0.050872 -0.030655 -0.275880 0.141162 0.153370 0.060084 0.152051 -0.113445 0.102550 -0.000839 -0.016785 -0.053672 0.092067 0.075550 0.166297 -0.357122 -0.107229 -0.176293 -0.277057 0.025183 -0.125941 -0.038744 -0.152822 -0.001067 0.093020 0.159439 0.065994 -0.262632 -0.066847 -0.091501 -0.062741 0.120578 0.146294 -0.180225 0.151590 -0.127221 -0.219384 0.372871 -0.105762 0.255468 -0.137645 0.037922 0.033543 -0.008808 -0.184170 0.133296 0.200137 0.062971 0.187265 -0.215230 0.058201 -0.133655 -0.270185 0.073110 0.102909 0.041044 -0.118744 0.040772 -0.046505 -0.181206 0.024333 -0.085243 -0.204965 -0.002933 0.096658 -0.230852 -0.001447 -0.075073 0.089437 0.288122 -0.008211
-0.199082 -0.172963 0.060902 0.221381 -0.015078 0.383854 -0.418635 -0.300998 0.020480 -0.090103 -0.303442 -0.629510 -0.137790 -0.208481 0.385854 0.224721 -0.304853 -0.005394 0.109030 0.030274 -0.077744 0.084509 0.432471 0.487759 0.394378 0.379614 0.595449 1.000000 -0.415211 -0.398900 0.096074 0.093947 -0.257524 -0.249479 0.332048 0.195283 -0.008827 0.158894 0.194021 0.003981 0.150965 -0.026195 -0.276336 -0.041577 -0.191396 0.021908 -0.159287 -0.128895 0.039422 0.001263 0.268385 0.054687 -0.103330 0.102546 0.094435 0.088531 -0.159528 -0.102296 0.049153 0.186212 -0.369121 -0.309874 -0.442812 -0.435179 0.040797 0.139543 0.036738 0.066793 0.027532 0.194578 -0.016335 -0.106267 -0.501423 -0.118128 -0.217230 -0.178151 -0.089449 0.057796 -0.126603 0.114408 -0.307013 -0.152712 0.113175 -0.183378 0.347875 0.025467 -0.036631 0.048225 0.155976 -0.016111 0.029146 0.178751 0.215547 0.304516 -0.020318 0.060289 0.150368 -0.106091 0.044445 0.168199 0.024543 0.041346 0.018812 0.044531 -0.063169 0.124379 -0.039392 -0.072149 0.105948 0.275317 0.028930 -0.038141 -0.160690 0.036395 0.178102 0.047805
0.211654 0.144574 -0.219412 -0.241950 -0.042131 -0.177632 0.205855 0.115123 -0.203716 0.037607 0.331999 0.255668 0.165540 0.226793 0.075754 0.010070 0.645332 0.415503 -0.045452 0.165953 -0.134699 -0.386275 -0.197647 -0.277198 -0.466421 -0.407302 -0.223031 -0.415211 1.000000 0.617472 0.028038 -0.100250 0.237094 0.238653 0.245984 0.022139 0.239186 -0.062730 -0.192209 -0.078890 0.003753 0.106033 0.180516 0.163581 0.134445 -0.037476 -0.112477 0.005980 -0.346628 -0.043940 -0.452800 -0.197732 -0.243283 -0.354588 -0.364572 -0.416382 0.203593 0.118682 -0.246806 -0.181382 0.158066 0.009445 0.371752 0.345171 -0.098589 -0.286394 -0.085188 -0.352625 0.194915 -0.166863 0.089413 -0.218568 0.641614 0.344881 0.280717 -0.186871 0.456589 0.102745 0.140275 0.284540 0.173227 0.465535 0.107278 0.476666 -0.066175 0.029030 -0.099821 -0.193523 -0.383020 -0.338019 -0.228402 -0.241326 -0.184384 -0.202623 -0.298901 0.027818 -0.221349 -0.124921 -0.290721 -0.218126 -0.177299 -0.007315 0.006682 -0.110515 0.088471 -0.287733 -0.264862 -0.306635 -0.320903 -0.040273 -0.300829 -0.083467 0.053331 0.040001 -0.030332 -0.327151
-0.010641 0.225546 -0.077509 -0.167814 -0.009997 -0.096249 0.321079 0.313384 -0.039890 0.141866 -0.028693 0.552024 0.053279 0.437749 -0.122886 0.074353 0.462729 0.385061 -0.023321 0.121235 -0.103312 -0.135017 -0.199404 -0.325173 -0.496715 -0.268865 -0.224535 -0.398900 0.617472 1.000000 0.127212 0.005640 0.121497 0.276910 0.177756 0.126364 0.268570 -0.116398 -0.180312 -0.083322 0.048625 0.349753 0.137264 0.044361 0.175055 -0.030922 -0.059762 -0.150817 -0.255385 -0.060279 -0.189520 -0.020312 -0.085573 -0.250982 -0.157185 -0.409143 -0.060863 0.095306 -0.250229 -0.235740 0.052684 0.218173 0.104302 0.380060 -0.107337 -0.156251 -0.123074 -0.273442 0.018986 -0.281502 0.028526 -0.107365 0.371277 0.543510 0.083599 0.026674 0.399058 0.293866 -0.089516 0.404959 0.084748 0.588627 -0.093521 0.503331 -0.134971 0.177019 -0.104309 -0.018230 -0.323456 -0.234025 -0.184063 -0.302552 -0.227098 -0.196182 -0.208609 0.312506 -0.178393 -0.180345 -0.253018 -0.277424 -0.055330 -0.226636 0.008153 -0.365205 -0.006967 -0.461884 -0.340831 -0.466232 -0.322078 -0.026261 -0.379374 -0.132513 0.025158 0.109434 0.014272 -0.269263
-0.395219 -0.112821 0.126817 0.397354 0.100390 0.214472 0.009869 0.052869 0.236361 0.262589 -0.189400 -0.044583 -0.235286 -0.019411 0.171277 0.311836 -0.296825 -0.130795 -0.019721 0.055959 -0.084243 0.028409 0.485261 0.379051 0.275583 0.238771 -0.041470 0.096074 0.028038 0.127212 1.000000 0.699282 0.096852 0.273927 -0.057082 -0.211960 0.001058 0.096569 0.145805 -0.070938 0.121879 -0.017263 -0.186383 -0.291634 -0.298101 -0.316181 -0.050164 -0.159146 -0.300874 -0.225740 -0.059807 -0.045480 -0.129623 0.074416 -0.029194 -0.102619 -0.255642 -0.052655 -0.226539 0.054730 -0.011829 0.034331 -0.252816 0.000677 0.459015 0.066139 -0.336735 -0.336303 -0.251566 -0.134186 0.092683 0.119091 0.065403 0.139917 0.130725 0.212243 -0.070369 0.060252 0.096811 0.017807 -0.189893 0.019091 0.157334 0.294369 0.258330 0.083100 0.009152 0.059434 0.140149 0.047773 -0.337632 -0.252930 0.038472 -0.281623 0.000820 -0.026188 0.111969 -0.036591 -0.210438 -0.199809 0.092091 -0.248155 -0.192661 -0.321135 -0.088058 -0.154403 -0.263855 0.056095 -0.071274 -0.137197 -0.038985 -0.142274 -0.160780 0.028310 -0.107764 0.026405
-0.166507 -0.115617 0.049132 0.443690 0.140700 0.042149 0.027179 0.106391 0.164434 0.087911 -0.011441 -0.025005 -0.109302 -0.091888 0.037620 -0.001128 -0.195397 -0.099199 -0.048872 0.020096 0.100392 0.371579 0.419441 0.489105 0.423873 0.540555 -0.018831 0.093947 -0.100250 0.005640 0.699282 1.000000 -0.082679 0.400622 -0.105552 0.011176 -0.172679 -0.001362 -0.010506 0.012828 0.176116 0.197411 -0.395051 -0.404713 -0.294024 -0.305661 -0.292311 -0.300666 -0.446236 -0.459825 -0.120399 -0.303903 -0.189044 -0.008693 -0.146286 -0.218858 -0.052501 -0.052779 -0.234780 -0.059304 0.061020 -0.051871 0.045873 -0.038709 0.484038 0.152620 -0.358461 -0.154020 -0.204899 0.001366 0.247363 0.451277 0.125686 0.105704 0.202128 0.191634 -0.075584 0.155224 0.124666 -0.023829 0.132706 -0.013095 0.148907 0.063543 0.180753 -0.073841 -0.067596 0.049821 0.263445 0.027164 -0.205500 -0.141791 0.201360 -0.103804 -0.014554 -0.119049 -0.053982 0.002754 -0.318896 -0.098068 0.200289 -0.174128 -0.190549 -0.263587 -0.176129 -0.024257 -0.255183 0.024243 -0.104940 -0.142533 0.009767 0.007404 -0.126260 -0.001807 0.078653 0.092810
-0.193153 -0.116592 0.061810 -0.048109 -0.109225 -0.057388 0.243064 0.239934 0.048930 0.139442 -0.081753 0.142349 0.139760 -0.015960 0.078124 0.174441 0.015942 -0.209044 -0.104100 -0.242549 -0.255616 -0.461776 0.041715 -0.149005 -0.158407 -0.235051 -0.371712 -0.257524 0.237094 0.121497 0.096852 -0.082679 1.000000 0.627143 -0.063871 -0.199425 0.337393 0.305672 0.177959 -0.008372 -0.013321 -0.175056 0.239061 -0.031687 -0.110292 -0.031950 0.248251 0.052321 -0.117724 -0.030086 -0.084183 -0.110096 0.016655 -0.274987 -0.044083 -0.002642 -0.157159 -0.067449 -0.105889 -0.117800 0.334696 0.259072 0.037269 0.185556 -0.078680 0.032836 0.236255 0.009524 0.134050 -0.181278 -0.518126 -0.442813 0.269457 0.012140 -0.017917 -0.207088 -0.086473 -0.373905 0.224396 -0.146014 -0.103721 0.144695 -0.168426 0.179304 -0.144316 0.104050 0.098928 0.001985 -0.033004 -0.125884 -0.377860 -0.453170 -0.242050 -0.356244 -0.051346 -0.178520 0.165625 0.111616 -0.146220 -0.287402 -0.399907 -0.049886 -0.145705 0.012037 0.168842 -0.096353 -0.139212 -0.009653 0.088177 -0.020572 0.124905 -0.196215 -0.127334 -0.064797 -0.407581 -0.173853
-0.259893 -0.087241 0.041813 0.191464 -0.009194 -0.106513 0.273430 0.439392 0.116485 0.270037 -0.156456 0.268037 0.042462 0.003322 -0.025712 0.064389 0.068971 -0.105934 -0.131299 -0.150586 0.019035 -0.112447 0.069471 -0.015601 -0.037401 0.062368 -0.311057 -0.249479 0.238653 0.276910 0.273927 0.400622 0.627143 1.000000 -0.019240 0.188474 0.188304 0.170206 -0.034880 0.095361 0.066982 0.115442 -0.180764 -0.314078 -0.181522 -0.113412 -0.136197 -0.180771 -0.532418 -0.389125 -0.341396 -0.427402 -0.174490 -0.308504 -0.217503 -0.271814 -0.126970 -0.029456 -0.262735 -0.251991 0.270499 0.251754 0.113159 0.218978 0.228186 0.206184 -0.079719 0.081947 0.106175 -0.063556 -0.201463 -0.074563 0.375819 0.123786 0.094905 -0.043625 0.009185 -0.006641 0.216954 -0.090371 0.148614 0.190050 -0.049981 0.128160 -0.172490 -0.064385 -0.039514 -0.018518 0.113406 -0.180458 -0.248144 -0.310702 0.020028 -0.317656 -0.047017 -0.083199 -0.052317 0.041065 -0.261454 -0.198299 -0.139723 -0.140791 -0.122968 -0.125555 -0.149491 0.003729 -0.166504 -0.089492 0.056493 -0.075367 0.030460 -0.034941 -0.070618 -0.141974 -0.104556 -0.033329
-0.150980 -0.111317 0.087771 -0.080722 -0.159052 0.148836 -0.126530 -0.051011 -0.149236 0.020026 -0.201152 -0.213874 -0.046834 0.048208 0.216691 0.131623 0.078113 0.258749 0.167672 0.059811 -0.239914 -0.278090 0.085761 0.043415 -0.217946 -0.002646 0.195832 0.332048 0.245984 0.177756 -0.057082 -0.105552 -0.063871 -0.019240 1.000000 0.525368 0.175681 -0.085280 -0.144257 -0.066255 0.052397 0.016535 -0.043568 0.020298 0.041714 0.032264 -0.258858 -0.207667 -0.085143 -0.020523 0.017360 0.021745 -0.033603 -0.064570 -0.141323 -0.374236 -0.226044 -0.200542 0.006335 0.070258 -0.190080 -0.224162 -0.269533 -0.246606 -0.113636 -0.023507 0.223069 0.144374 0.195903 0.159343 0.090052 -0.257287 -0.091345 0.120971 -0.248869 -0.397910 0.399749 0.298745 -0.274384 0.308110 -0.358363 0.050277 -0.084836 0.112185 0.123295 0.064942 -0.174756 -0.211409 -0.235366 -0.393782 0.050125 0.081384 0.145856 0.193413 -0.197964 0.156516 -0.123223 -0.272960 -0.123861 -0.076263 -0.173636 0.021778 0.120582 0.086263 -0.011639 -0.111696 -0.042367 -0.449747 -0.211614 0.156265 -0.203455 -0.098174 0.012684 0.001832 0.295482 -0.265528
-0.030174 -0.260154 0.099684 -0.022315 -0.053371 0.063342 0.031327 0.209579 -0.009619 0.094943 -0.238045 -0.064488 0.068440 0.058665 -0.071070 -0.023233 0.085116 0.142294 0.058253 -0.121142 0.155292 0.118636 -0.199597 -0.091153 -0.211570 0.062478 0.138496 0.195283 0.022139 0.126364 -0.211960 0.011176 -0.199425 0.188474 0.525368 1.000000 0.065462 -0.167133 -0.240023 0.052160 0.117375 0.269791 -0.138851 -0.026791 0.280107 0.249112 -0.332510 -0.204405 -0.147098 -0.082364 -0.171545 -0.248886 -0.291486 -0.177519 -0.252601 -0.345814 -0.015704 -0.187649 -0.043868 -0.171383 -0.108874 -0.139554 -0.041216 -0.315583 -0.141263 0.233051 0.150627 0.535621 0.053577 0.124027 0.078883 0.026093 -0.020001 -0.062932 -0.228064 -0.234329 0.251611 0.476366 -0.136894 0.151180 0.008794 0.002804 -0.099240 -0.058436 -0.165311 -0.059413 -0.195991 -0.124038 -0.103959 -0.277795 0.263572 0.200801 0.238061 0.186696 -0.147367 0.080721 -0.280903 -0.237820 0.011890 0.098890 -0.020987 -0.038676 0.058913 0.051857 -0.246045 0.039325 0.163799 -0.295044 0.025232 0.035692 -0.073160 0.144117 -0.053853 -0.149460 0.405778 0.028892
