1.000000 0.438146 -0.218083 -0.070328 -0.019816 0.103904 -0.277169 -0.305459 -0.052942 -0.055660 0.238487 -0.106424 -0.109798 -0.219765 0.012224 0.114528 0.041281 -0.013007 0.444757 0.463452 0.079839 0.148725 -0.121133 -0.106763 -0.061815 0.000368 0.093412 0.125781 0.089571 0.089171 0.115798 -0.016466 0.144814 0.024856 -0.327035 -0.248698 0.133322 -0.079554 0.063264 0.093003 0.112482 0.080225 0.169776 0.184371 -0.064610 0.105308 0.242373 0.150085 -0.288392 0.118381 -0.291069 -0.095616 0.116531 0.128810 0.063377 0.063786 0.432752 0.302055 -0.034909 -0.134446 -0.103549 -0.202038 0.017621 -0.168045 -0.458663 -0.520295 -0.141643 -0.447202 0.296292 0.019443 -0.075073 -0.169174 0.124598 0.037863 0.161117 0.091893 0.023910 -0.031845 0.000359 -0.012782 0.197511 0.070738 0.243055 0.277017 -0.093566 -0.055414 -0.214859 0.029191 -0.282331 -0.176083 -0.085120 -0.084686 -0.227082 -0.034707 0.236271 -0.063232 0.232005 0.221672 0.324101 0.221963 0.005627 0.120808 0.051677 -0.105044 -0.103731 -0.048517 0.077185 0.009488 0.087196 0.121562 -0.162184 0.225717 0.103736 0.123553 0.092011 0.236818
0.438146 1.000000 -0.153921 -0.111358 -0.421627 -0.364856 -0.169101 -0.253502 -0.496905 -0.427392 -0.116584 -0.042284 -0.127437 -0.228638 -0.325043 -0.304758 0.097828 -0.227271 0.341830 0.550897 -0.329945 -0.316062 -0.248160 -0.360049 -0.247833 -0.288720 -0.309667 -0.303787 -0.174242 -0.305232 0.295409 0.218636 0.566304 0.508886 -0.191883 -0.273868 -0.058525 -0.030834 0.107250 0.105101 -0.013995 -0.178282 0.005030 -0.057976 -0.247162 -0.130968 -0.075455 0.120935 -0.443189 -0.131519 -0.548152 -0.287174 -0.041619 -0.020371 -0.091191 0.036222 0.515353 0.724365 0.046159 0.174288 0.048359 0.163885 -0.045163 0.182145 -0.507637 -0.376525 0.012767 -0.155704 0.318167 0.332107 -0.465722 -0.522799 -0.250765 -0.312294 -0.229331 -0.283631 -0.350688 -0.299294 0.037593 0.091847 0.252723 0.087859 -0.045274 0.017008 -0.277223 -0.389931 -0.010119 -0.004648 -0.276759 -0.199270 0.086157 -0.015000 0.063631 -0.015753 0.147025 0.117203 0.260633 0.169773 0.351430 0.287351 0.136052 0.201002 0.128551 0.130041 0.195229 0.243775 0.315849 0.217040 0.114369 0.063870 0.120161 0.240425 0.230016 0.192281 0.215039 0.271156
-0.218083 -0.153921 1.000000 -0.190773 -0.134265 -0.246363 0.586262 0.057890 0.070012 -0.159054 0.108597 0.142452 0.262609 -0.079847 -0.078732 -0.343405 -0.077766 -0.244121 -0.102486 -0.115782 -0.440310 -0.451673 0.230349 -0.074170 -0.204477 -0.199388 -0.321624 -0.365134 -0.197286 -0.340893 0.013005 0.134007 0.143774 0.207133 0.166962 0.087720 -0.048569 -0.157080 0.283604 0.074365 -0.043716 -0.389752 -0.212747 -0.127960 -0.075801 -0.237163 -0.337870 -0.070380 0.143061 -0.190183 -0.185163 -0.229173 -0.249331 -0.192612 0.048502 -0.106956 -0.001078 -0.078025 0.409349 0.043554 0.427009 0.144512 0.087568 0.258217 0.232463 0.103626 0.380282 0.360227 -0.181693 0.166235 -0.189739 -0.135323 -0.372376 -0.316393 -0.329666 -0.326200 -0.228435 -0.175772 -0.073142 -0.068279 -0.076258 0.009082 -0.317080 -0.368309 -0.124850 -0.236099 0.144155 -0.106162 0.069234 -0.083224 -0.028398 0.090092 0.089043 0.147380 0.186466 0.031376 0.017011 0.025792 -0.013629 0.141890 0.070370 0.154729 -0.114684 0.103733 -0.200880 -0.090541 0.003500 0.054187 0.009381 0.035343 0.254021 -0.014997 0.086587 -0.125790 -0.122448 -0.028815
-0.070328 -0.111358 -0.190773 1.000000 0.390635 0.437301 -0.219236 0.236001 0.247414 0.324647 -0.222336 -0.176036 -0.256356 0.032524 0.338058 0.530309 -0.041886 0.076115 0.124605 0.159064 0.381581 0.313399 0.155066 0.306235 0.222204 0.161336 0.407106 0.398714 0.150448 0.340155 0.013013 0.214217 -0.082539 -0.113570 -0.118822 0.063006 0.072252 0.303305 -0.070236 -0.068205 0.171014 0.396604 -0.242237 -0.250442 -0.269964 -0.209100 -0.074504 -0.325991 -0.322582 -0.238311 0.007811 -0.152801 -0.137483 -0.041333 -0.163432 -0.196169 -0.043091 -0.059274 -0.280095 -0.173382 -0.317998 -0.160954 0.027170 -0.212465 0.104331 -0.010953 -0.084649 -0.325716 0.252982 -0.192217 0.156880 0.079096 0.320293 0.272507 0.300663 0.326089 0.162382 0.285710 -0.062788 -0.045444 -0.076401 -0.119017 0.399377 0.414854 0.009326 0.290277 0.238368 0.054508 0.234378 0.128221 -0.094870 -0.069372 -0.028895 -0.118529 -0.226092 0.053821 -0.301565 -0.022826 -0.185033 -0.153330 -0.097243 -0.192584 -0.089880 -0.254481 -0.132903 -0.246501 -0.008815 -0.092382 -0.285492 -0.027530 -0.259024 -0.078731 -0.262711 -0.059911 -0.212980 -0.217967
-0.019816 -0.421627 -0.134265 0.390635 1.000000 0.875132 -0.116671 0.103106 0.718663 0.804771 0.240628 -0.286184 0.028149 -0.035623 0.775399 0.784468 0.055812 0.411900 0.108541 -0.006389 0.708726 0.616319 0.143518 0.409747 0.679395 0.554795 0.779704 0.697080 0.573004 0.723168 -0.255703 -0.217530 -0.585512 -0.594273 0.102234 -0.021875 0.036090 -0.132517 -0.159044 -0.213117 0.142366 0.526266 -0.073439 -0.098832 0.024176 -0.023650 -0.070182 -0.335676 -0.080588 0.000128 0.301280 0.051313 -0.191048 -0.085529 -0.046545 -0.319563 -0.269338 -0.368919 -0.400010 -0.480324 -0.319015 -0.542361 0.216286 -0.480093 0.217598 -0.054920 -0.227632 -0.333845 0.071722 -0.331857 0.576572 0.503168 0.701831 0.738024 0.707685 0.694117 0.645874 0.643979 -0.072351 -0.246644 0.106764 0.136286 0.343433 0.522251 0.271922 0.527499 0.136195 -0.030871 0.062984 -0.107473 -0.331758 -0.178394 -0.259763 -0.226612 -0.221499 -0.235169 -0.233630 0.059968 -0.334513 -0.227888 -0.319999 -0.311622 -0.311016 -0.377568 -0.337349 -0.262996 -0.255836 -0.077403 -0.159229 -0.204831 -0.147516 -0.227367 -0.251844 -0.166866 -0.195688 -0.209317
0.103904 -0.364856 -0.246363 0.437301 0.875132 1.000000 -0.212010 0.149924 0.638663 0.821876 0.249354 -0.272377 -0.103323 -0.018507 0.786213 0.921288 -0.005417 0.371420 0.110919 -0.043617 0.848913 0.816959 0.085987 0.391325 0.724819 0.618335 0.902959 0.864785 0.514269 0.810199 -0.191914 -0.240613 -0.615860 -0.644454 -0.080332 -0.095789 0.135176 -0.104357 -0.132834 -0.217052 0.252928 0.683280 -0.019228 -0.042878 -0.052623 -0.008672 0.052550 -0.289631 -0.112041 -0.015626 0.341289 0.079942 -0.086588 -0.105861 -0.008271 -0.288816 -0.267964 -0.374365 -0.395099 -0.417701 -0.376349 -0.553023 0.164231 -0.558566 0.054498 -0.182052 -0.302022 -0.437180 0.115142 -0.326624 0.536772 0.424489 0.776815 0.801675 0.812986 0.803276 0.659564 0.624843 -0.106704 -0.234115 0.084274 0.061673 0.406943 0.646228 0.326370 0.644580 0.048387 0.062381 0.021153 -0.061955 -0.363283 -0.261798 -0.319253 -0.250246 -0.168408 -0.280896 -0.267256 0.052863 -0.324825 -0.243931 -0.283514 -0.328299 -0.221680 -0.379739 -0.275516 -0.297166 -0.261341 -0.116006 -0.171007 -0.144582 -0.269931 -0.198803 -0.276812 -0.180068 -0.258919 -0.259979
-0.277169 -0.169101 0.586262 -0.219236 -0.116671 -0.212010 1.000000 0.432055 0.130088 -0.108814 0.240138 0.385173 0.563012 0.304493 0.016865 -0.270223 -0.223209 -0.352162 -0.416238 -0.470993 -0.411475 -0.386665 0.249901 -0.030082 -0.163466 -0.404785 -0.183764 -0.227541 -0.340797 -0.402912 0.007719 0.194940 0.216640 0.293643 -0.083887 -0.073243 -0.058952 -0.280523 -0.078537 0.025622 -0.040809 -0.277135 -0.194492 -0.104454 -0.116085 -0.241869 -0.236237 -0.136306 0.156335 -0.293873 -0.077031 -0.264601 -0.160028 -0.281010 -0.077703 -0.168529 -0.138808 -0.194052 0.451065 0.091068 0.768844 0.485346 -0.044711 0.275879 0.366709 0.355840 0.271828 0.327943 -0.459299 -0.051915 -0.379477 -0.282176 -0.425684 -0.369504 -0.357608 -0.390202 -0.385657 -0.378825 -0.049593 -0.301823 -0.336951 -0.280834 -0.340681 -0.349234 -0.121188 -0.254523 0.113295 -0.208367 0.123968 -0.168981 0.070423 0.027689 0.291629 0.171777 0.123325 -0.096014 -0.035730 -0.062685 -0.087459 -0.089972 0.129639 0.212688 -0.010918 0.097488 -0.007486 0.080026 0.132564 0.176966 -0.170173 -0.024575 0.286339 -0.115419 0.110660 -0.179895 0.022650 -0.135136
-0.305459 -0.253502 0.057890 0.236001 0.103106 0.149924 0.432055 1.000000 0.081860 0.165559 0.140699 0.448358 0.019984 0.474171 0.048729 0.156759 -0.088848 -0.012150 -0.495919 -0.529951 0.061492 0.101530 -0.170364 -0.069314 0.133309 -0.147657 0.210084 0.186700 -0.092628 0.043013 -0.128593 -0.039191 -0.025606 -0.065466 -0.316241 -0.096230 -0.031976 0.101404 -0.284217 -0.052988 -0.000075 0.123790 -0.125697 0.005907 -0.164523 -0.088731 -0.028161 -0.186354 0.062561 -0.233992 0.076254 0.060675 -0.024976 -0.313740 -0.314289 -0.118981 -0.188995 -0.236180 0.300465 0.463246 0.236269 0.477815 0.158553 0.280125 0.050763 0.375077 0.217326 0.100366 -0.454419 -0.147582 -0.106683 -0.094957 0.032112 0.004068 0.011257 -0.002468 -0.015128 -0.074596 -0.088234 -0.179415 -0.245682 -0.204677 -0.059771 0.091608 -0.191007 0.037005 -0.005664 -0.100265 -0.108012 -0.010035 -0.120447 -0.437135 0.064105 -0.287066 -0.024150 -0.068456 -0.188069 -0.061190 -0.157560 -0.291419 0.035529 -0.114665 0.026671 -0.263976 -0.094365 -0.158936 0.008374 0.039193 -0.299783 -0.046971 -0.093117 -0.243614 0.062550 -0.178640 -0.166857 -0.274939
-0.052942 -0.496905 0.070012 0.247414 0.718663 0.638663 0.130088 0.081860 1.000000 0.573657 0.260991 -0.184527 0.148456 -0.092009 0.727688 0.543459 -0.054040 0.274045 -0.066353 -0.142438 0.449157 0.397763 0.274482 0.431427 0.387322 0.297465 0.555579 0.510156 0.365408 0.441925 -0.385508 -0.302196 -0.590020 -0.549645 0.125545 0.152089 0.197354 -0.022060 -0.084054 -0.069730 0.133616 0.334605 -0.019185 0.009538 0.097748 0.025651 0.038360 -0.234970 0.159294 0.029047 0.373019 0.087786 -0.086202 -0.050537 -0.028268 -0.310010 -0.359869 -0.429132 -0.075610 -0.354061 0.001039 -0.356105 0.206574 -0.365775 0.355642 0.011528 -0.136526 -0.174050 -0.085442 -0.217356 0.441398 0.368061 0.406841 0.444899 0.388940 0.385427 0.404349 0.439810 -0.103412 -0.145961 -0.088446 0.037741 0.079101 0.307375 0.211375 0.443598 0.109809 -0.158657 0.124944 -0.118797 -0.123850 -0.089367 -0.044140 0.045792 -0.050963 -0.107158 -0.149786 0.075857 -0.182566 -0.252919 -0.128920 -0.049688 -0.238152 -0.139764 -0.306354 -0.281704 -0.257461 -0.070887 -0.135715 -0.022771 -0.207091 -0.177416 -0.140571 -0.192388 -0.138677 -0.250103
-0.055660 -0.427392 -0.159054 0.324647 0.804771 0.821876 -0.108814 0.165559 0.573657 1.000000 0.185823 -0.114535 -0.017057 0.120046 0.674006 0.804715 0.118298 0.424430 0.052718 -0.134234 0.687055 0.581755 -0.091975 0.154467 0.796208 0.726423 0.663583 0.570196 0.591331 0.831688 -0.348848 -0.329666 -0.549949 -0.569024 0.175450 0.018730 -0.131509 -0.204097 -0.208468 -0.458760 -0.069123 0.378069 -0.056860 -0.101710 0.134623 0.064879 -0.094554 -0.347130 0.076426 0.048634 0.305484 0.132617 -0.221978 -0.145941 -0.022291 -0.390253 -0.318717 -0.470185 -0.382564 -0.331798 -0.359928 -0.441302 0.263547 -0.377468 0.190604 0.140497 -0.210316 -0.249212 0.017002 -0.354676 0.572109 0.545604 0.775097 0.823205 0.781088 0.784570 0.768769 0.709536 0.069717 -0.213643 0.171508 0.209868 0.222171 0.463062 0.249280 0.447009 0.030674 -0.096098 -0.004957 -0.061656 -0.406195 -0.247958 -0.342390 -0.334994 -0.172935 -0.280903 -0.301872 -0.059725 -0.417805 -0.243178 -0.335089 -0.400689 -0.186028 -0.380277 -0.278420 -0.420463 -0.438514 -0.237057 -0.074656 -0.293367 -0.217216 -0.244114 -0.324897 -0.173474 -0.351321 -0.273590
0.238487 -0.116584 0.108597 -0.222336 0.240628 0.249354 0.240138 0.140699 0.260991 0.185823 1.000000 0.296982 0.351006 0.194009 0.237376 0.181840 0.349957 0.312479 0.042651 -0.146415 0.181119 0.159546 0.036592 -0.002416 0.326982 0.120131 0.239784 0.222023 0.413570 0.225762 -0.002610 -0.051654 -0.218568 -0.249214 -0.232240 -0.241791 0.004270 -0.288182 -0.159153 -0.103266 0.136115 0.128694 -0.083067 0.034658 -0.031648 0.007379 -0.183531 -0.186977 0.000999 -0.027345 -0.036062 -0.091244 -0.172973 -0.369791 -0.286339 -0.322160 0.154169 -0.046251 0.090271 -0.103565 0.210320 -0.108720 0.619904 0.018798 -0.087073 -0.170803 -0.188368 -0.310767 -0.300391 -0.234610 0.264544 0.217563 0.246893 0.254334 0.214994 0.161627 0.240343 0.164050 0.250871 -0.023023 0.346869 0.287787 0.125821 0.241876 0.111046 0.181302 0.002278 -0.068307 -0.320654 -0.394953 -0.356845 -0.248082 -0.210982 -0.161093 -0.063980 -0.300311 -0.181283 -0.149482 -0.069331 0.017166 0.038230 0.067291 0.079869 0.105247 -0.106771 -0.108772 -0.106189 -0.097935 -0.121441 0.035475 -0.194335 -0.027926 0.172952 0.039889 0.125814 -0.040880
-0.106424 -0.042284 0.142452 -0.176036 -0.286184 -0.272377 0.385173 0.448358 -0.184527 -0.114535 0.296982 1.000000 0.309579 0.636986 -0.259397 -0.250956 0.033998 -0.064841 -0.238686 -0.313898 -0.333487 -0.270394 -0.057242 -0.184294 -0.131064 -0.234696 -0.274704 -0.292403 -0.142471 -0.236708 0.036722 0.056619 0.115720 0.113980 -0.148446 0.025174 -0.102094 -0.041444 -0.167994 -0.063728 -0.298957 -0.264088 -0.121179 0.019027 0.040582 -0.013028 -0.092690 -0.084208 0.240565 0.017890 -0.119122 0.101060 0.009259 -0.180824 -0.200200 -0.082142 -0.111006 -0.195492 0.335161 0.381684 0.366031 0.515997 0.254956 0.528594 0.003965 0.354882 -0.034198 0.105311 -0.498853 -0.044511 -0.154420 -0.061619 -0.287570 -0.252455 -0.281553 -0.253251 -0.173676 -0.255780 0.073283 -0.030894 -0.078797 -0.056303 -0.292067 -0.177931 -0.218404 -0.227893 -0.084290 -0.260351 -0.187166 -0.054074 0.020375 -0.157177 0.081533 -0.081742 0.035003 0.001607 -0.099219 -0.180332 0.045272 -0.049694 0.132033 0.090527 0.176616 0.136115 -0.004425 -0.040984 0.115937 -0.099370 -0.064993 0.071377 -0.212027 -0.074466 0.187796 -0.009773 0.103721 -0.172249
-0.109798 -0.127437 0.262609 -0.256356 0.028149 -0.103323 0.563012 0.019984 0.148456 -0.017057 0.351006 0.309579 1.000000 0.367592 0.221811 -0.119434 -0.177549 -0.209088 -0.039459 -0.237283 -0.224477 -0.240545 0.450278 0.232458 -0.011624 -0.167116 -0.124975 -0.167144 -0.117828 -0.251983 0.100182 0.162699 -0.006999 0.137271 -0.020879 -0.095003 -0.129450 -0.324775 -0.068849 0.044375 -0.062117 -0.171059 -0.225516 -0.210984 -0.089089 -0.257707 -0.240096 -0.245492 0.057276 -0.190718 0.006199 -0.259050 -0.103728 -0.216498 -0.020149 -0.191188 -0.203687 -0.250470 0.122518 -0.182100 0.502854 0.145872 -0.006358 -0.013002 0.441319 0.239733 -0.048487 0.165683 -0.329899 -0.123083 -0.079336 0.011583 -0.236810 -0.169355 -0.194621 -0.220140 -0.182874 -0.168960 0.101012 -0.227098 -0.204472 -0.109386 -0.124535 -0.220073 0.211000 -0.019821 0.100919 -0.065009 0.209645 -0.148791 0.020520 0.108013 0.199586 0.162988 -0.036680 -0.143313 -0.175973 -0.117823 -0.188046 -0.027634 0.047474 0.103775 -0.134497 0.103013 0.006740 0.174336 0.110466 0.152530 -0.031232 -0.113925 0.103103 -0.032445 -0.012696 -0.135848 0.175920 -0.029663
-0.219765 -0.228638 -0.079847 0.032524 -0.035623 -0.018507 0.304493 0.474171 -0.092009 0.120046 0.194009 0.636986 0.367592 1.000000 -0.043099 0.082620 -0.201047 -0.111237 -0.271399 -0.391026 -0.050608 0.042131 0.029612 0.085720 -0.029455 -0.111441 0.006280 0.025258 -0.190703 -0.010191 0.163231 0.089517 -0.101909 -0.082735 -0.240585 -0.101738 -0.167705 0.020309 -0.321794 -0.075516 -0.164018 0.020329 -0.128118 -0.023861 -0.096295 -0.066642 0.077470 -0.052132 0.176891 -0.024976 0.017426 0.107507 0.106377 0.015226 0.044652 -0.027585 -0.368890 -0.389022 0.113138 0.236212 0.226695 0.357823 -0.025103 0.188338 0.078346 0.341001 -0.199756 0.052841 -0.372710 -0.095760 0.066274 0.091645 -0.095679 -0.038873 -0.053761 -0.012870 -0.024876 -0.135628 0.004297 -0.177524 -0.225944 -0.265730 -0.020907 0.029360 -0.060605 0.021443 -0.030671 -0.121943 0.111246 0.159780 0.089063 -0.134742 0.092809 -0.120923 -0.165713 -0.107010 -0.147408 -0.275958 -0.093417 -0.101098 0.055355 -0.048593 0.081161 -0.043050 -0.051473 -0.078094 0.008011 -0.150116 -0.125583 0.003899 -0.236005 -0.137746 -0.017298 -0.065286 -0.121224 -0.299570
0.012224 -0.325043 -0.078732 0.338058 0.775399 0.786213 0.016865 0.048729 0.727688 0.674006 0.237376 -0.259397 0.221811 -0.043099 1.000000 0.754632 -0.129459 0.185100 0.159560 -0.048733 0.640757 0.534310 0.299497 0.459175 0.579092 0.382417 0.763325 0.687434 0.427386 0.568329 -0.249364 -0.230277 -0.518130 -0.471286 0.005478 -0.022631 0.070397 -0.174057 -0.134216 -0.121704 0.200550 0.487907 -0.081780 -0.169721 -0.078458 -0.136841 -0.035901 -0.379314 -0.044208 -0.091312 0.378757 -0.023075 -0.119222 -0.159164 -0.005976 -0.328041 -0.306811 -0.396822 -0.276439 -0.479044 -0.099072 -0.441601 0.089896 -0.526720 0.270625 -0.065713 -0.259506 -0.302264 0.055313 -0.333115 0.392095 0.294030 0.543488 0.568381 0.586222 0.537215 0.460732 0.478946 -0.058768 -0.257802 0.039577 0.036374 0.345951 0.507285 0.355638 0.547105 0.188225 -0.006178 0.149216 -0.112600 -0.250780 -0.159287 -0.159761 -0.138580 -0.186142 -0.225544 -0.321420 0.022141 -0.342362 -0.241670 -0.214882 -0.248206 -0.294804 -0.267562 -0.242732 -0.158640 -0.192638 -0.038375 -0.187426 -0.165056 -0.156679 -0.159776 -0.209056 -0.200006 -0.223504 -0.206752
0.114528 -0.304758 -0.343405 0.530309 0.784468 0.921288 -0.270223 0.156759 0.543459 0.804715 0.181840 -0.250956 -0.119434 0.082620 0.754632 1.000000 -0.035956 0.345448 0.146614 -0.001970 0.816531 0.778954 -0.007872 0.340103 0.670111 0.573812 0.856210 0.822883 0.489700 0.814013 -0.188944 -0.235700 -0.535355 -0.587316 -0.130506 -0.105642 0.077406 0.015034 -0.207240 -0.287751 0.185898 0.653481 -0.022083 -0.042483 -0.103013 0.001918 0.090081 -0.276330 -0.148235 -0.034773 0.298049 0.066808 -0.028195 -0.075154 0.008006 -0.263948 -0.247069 -0.356323 -0.383877 -0.351331 -0.398817 -0.485993 0.160066 -0.530982 0.019935 -0.163210 -0.315964 -0.457090 0.158975 -0.364349 0.492775 0.369545 0.782795 0.770722 0.806405 0.802965 0.637712 0.595148 -0.041535 -0.197246 0.082077 0.036625 0.508409 0.719249 0.262407 0.614580 0.061505 0.101482 0.075998 -0.001365 -0.338996 -0.277712 -0.317346 -0.325039 -0.261330 -0.260524 -0.320426 -0.038168 -0.327338 -0.251570 -0.284085 -0.360422 -0.203611 -0.372050 -0.251001 -0.340531 -0.283226 -0.190538 -0.187271 -0.156427 -0.324729 -0.163365 -0.331679 -0.147756 -0.273936 -0.301615
0.041281 0.097828 -0.077766 -0.041886 0.055812 -0.005417 -0.223209 -0.088848 -0.054040 0.118298 0.349957 0.033998 -0.177549 -0.201047 -0.129459 -0.035956 1.000000 0.669832 0.087474 0.187477 0.016767 -0.098376 -0.240589 -0.239671 0.265579 0.241925 -0.110363 -0.155846 0.662228 0.276578 -0.252197 -0.098423 -0.046086 -0.026855 0.337548 0.097888 -0.187560 -0.100615 -0.018267 -0.335228 -0.073050 -0.090310 -0.139545 -0.146922 0.117290 0.031948 -0.391353 -0.225414 -0.134256 -0.045485 -0.148620 -0.097407 -0.438178 -0.302397 -0.415500 -0.394284 0.465652 0.320823 -0.233729 -0.099928 -0.261615 -0.196249 0.556795 0.200899 0.006795 0.062652 -0.032565 -0.172277 0.026067 -0.027368 0.285821 0.308700 0.253934 0.269406 0.151153 0.092693 0.343206 0.393143 0.505074 0.403081 0.702123 0.628896 0.066954 0.114038 0.027777 -0.032357 -0.038537 -0.179059 -0.336725 -0.376850 -0.297802 -0.153607 -0.165711 -0.156515 -0.160091 -0.060699 -0.106636 -0.107167 -0.092079 0.050105 0.057998 0.032221 0.146171 0.160310 0.019194 -0.044347 -0.202564 -0.167880 0.049835 -0.103956 -0.061345 -0.071012 0.044263 0.075189 0.012922 0.049156
-0.013007 -0.227271 -0.244121 0.076115 0.411900 0.371420 -0.352162 -0.012150 0.274045 0.424430 0.312479 -0.064841 -0.209088 -0.111237 0.185100 0.345448 0.669832 1.000000 0.103944 0.131622 0.419722 0.319550 -0.229223 0.020783 0.442519 0.485332 0.263439 0.230597 0.775988 0.673910 -0.367593 -0.292854 -0.516568 -0.530271 0.245214 0.096649 -0.080180 0.027083 -0.082337 -0.376703 0.045244 0.297371 -0.093718 -0.018986 0.235430 0.195719 -0.203854 -0.233563 -0.004197 0.104677 0.167684 0.133430 -0.198028 -0.211383 -0.291290 -0.325012 0.016057 -0.005849 -0.413092 -0.246315 -0.479788 -0.522071 0.539175 -0.076425 0.071336 -0.055009 -0.274506 -0.335459 0.038495 -0.219224 0.700034 0.715880 0.616872 0.665023 0.530606 0.491614 0.691538 0.673971 0.401135 0.513966 0.533624 0.612924 0.156438 0.331632 0.216608 0.284816 -0.108819 -0.020449 -0.263263 -0.238934 -0.364615 -0.162100 -0.236535 -0.181761 -0.263767 -0.062402 -0.136729 -0.133088 -0.184024 -0.034090 -0.033378 -0.107320 0.071741 0.055259 -0.020205 -0.151420 -0.278312 -0.293537 -0.026847 -0.198844 -0.188015 -0.089702 -0.130641 0.006179 0.002505 -0.063374
0.444757 0.341830 -0.102486 0.124605 0.108541 0.110919 -0.416238 -0.495919 -0.066353 0.052718 0.042651 -0.238686 -0.039459 -0.271399 0.159560 0.146614 0.087474 0.103944 1.000000 0.743739 0.182121 0.076928 -0.028870 -0.019186 0.105022 0.278627 0.039398 0.000619 0.277953 0.232304 0.061241 -0.063482 -0.086289 -0.142452 -0.034339 -0.137660 -0.046884 -0.029083 0.154810 0.010866 0.049334 0.036957 -0.107626 -0.116987 -0.051744 0.040486 -0.036657 -0.010073 -0.249281 0.073347 -0.240092 -0.116505 -0.080203 0.053148 0.117610 -0.024585 0.114924 0.198362 -0.345100 -0.319686 -0.425975 -0.520764 0.114912 -0.380062 -0.289071 -0.345060 -0.236333 -0.345378 0.536168 0.061818 0.238012 0.166583 0.244273 0.224422 0.260748 0.248804 0.217145 0.301607 0.100206 0.104893 0.293412 0.211364 0.342122 0.202530 0.043542 0.001710 0.178692 0.127542 0.010219 0.035435 -0.047308 0.212749 -0.159365 -0.030937 0.086599 0.160633 0.022703 0.062249 0.189902 0.449223 -0.068741 -0.057851 -0.036488 0.028327 0.025912 -0.109482 0.083265 -0.120405 0.218736 0.013716 -0.195017 0.164118 0.010823 0.270228 0.095583 0.306798
0.463452 0.550897 -0.115782 0.159064 -0.006389 -0.043617 -0.470993 -0.529951 -0.142438 -0.134234 -0.146415 -0.313898 -0.237283 -0.391026 -0.048733 -0.001970 0.187477 0.131622 0.743739 1.000000 -0.000982 -0.061489 -0.020519 0.046059 -0.121236 0.101611 -0.122806 -0.112162 0.201049 0.085957 0.152336 0.111296 0.117398 0.088745 0.002249 -0.057215 0.029886 0.100268 0.211721 0.013730 0.045972 0.003889 -0.065615 -0.100598 -0.146023 -0.034744 -0.053452 0.074064 -0.431618 -0.019700 -0.421975 -0.246840 -0.086137 0.151308 0.010481 -0.060505 0.308287 0.476526 -0.333179 -0.241597 -0.389286 -0.441686 0.044294 -0.238697 -0.340440 -0.506985 -0.191676 -0.324399 0.630054 0.346809 0.104394 0.003118 0.102455 0.071053 0.115421 0.074833 0.054710 0.169417 0.027585 0.249709 0.319965 0.193074 0.229887 0.228631 -0.153557 -0.126336 0.076939 0.053903 -0.088284 -0.119089 0.076459 0.182280 -0.001802 0.118469 0.147367 0.225533 0.181480 0.219375 0.298569 0.415405 0.015370 0.186249 0.036314 0.110866 0.067813 -0.019489 0.108591 -0.056759 0.271715 0.081955 -0.027002 0.329804 0.040814 0.278504 0.154929 0.267811
0.079839 -0.329945 -0.440310 0.381581 0.708726 0.848913 -0.411475 0.061492 0.449157 0.687055 0.181119 -0.333487 -0.224477 -0.050608 0.640757 0.816531 0.016767 0.419722 0.182121 -0.000982 1.000000 0.853449 -0.049871 0.308975 0.695032 0.617641 0.849499 0.824978 0.513264 0.795625 -0.157369 -0.314236 -0.606160 -0.646873 -0.088959 -0.061093 0.082718 -0.004076 -0.174763 -0.200744 0.336276 0.655844 -0.014136 -0.048017 -0.012854 0.079487 0.111479 -0.216868 -0.085960 0.045552 0.363402 0.152415 0.026646 -0.048575 0.008655 -0.193696 -0.245570 -0.308989 -0.422744 -0.373438 -0.493246 -0.578590 0.168359 -0.562657 -0.039597 -0.182983 -0.352440 -0.445041 0.206639 -0.330689 0.630422 0.505076 0.818088 0.804668 0.801955 0.801383 0.691357 0.634090 -0.084939 -0.094388 0.107575 0.118047 0.471136 0.556964 0.297820 0.596296 0.021847 0.222495 0.023499 0.050593 -0.293410 -0.129696 -0.312655 -0.258886 -0.260910 -0.199673 -0.361783 -0.038296 -0.367601 -0.185720 -0.212966 -0.322611 -0.104005 -0.257072 -0.098009 -0.236357 -0.250540 -0.145872 -0.183660 -0.140876 -0.358274 -0.245272 -0.223409 0.001449 -0.189016 -0.145582
0.148725 -0.316062 -0.451673 0.313399 0.616319 0.816959 -0.386665 0.101530 0.397763 0.581755 0.159546 -0.270394 -0.240545 0.042131 0.534310 0.778954 -0.098376 0.319550 0.076928 -0.061489 0.853449 1.000000 0.038550 0.408414 0.541676 0.487153 0.835599 0.870126 0.350547 0.684572 -0.042326 -0.270780 -0.631243 -0.670701 -0.270315 -0.140935 0.245284 0.097654 -0.121853 -0.056986 0.381000 0.696868 0.067548 0.063798 -0.063505 0.107848 0.290763 -0.045416 -0.074399 0.092314 0.355799 0.207462 0.133168 0.094477 0.120284 -0.038573 -0.288085 -0.286027 -0.352074 -0.268462 -0.436221 -0.536044 0.039408 -0.602145 -0.127505 -0.290955 -0.407798 -0.453793 0.175490 -0.198199 0.534141 0.406929 0.692729 0.685532 0.715359 0.741131 0.565203 0.487419 -0.122552 -0.096792 -0.046125 -0.027630 0.398265 0.598126 0.304822 0.646857 -0.116390 0.268599 0.029232 0.096614 -0.201795 -0.191216 -0.288647 -0.199563 -0.145870 -0.190891 -0.165039 -0.003034 -0.191185 -0.183030 -0.218252 -0.251314 -0.090223 -0.251344 -0.135498 -0.190332 -0.241714 -0.132067 -0.142328 0.014197 -0.377355 -0.053340 -0.193230 0.013947 -0.137038 -0.207619
-0.121133 -0.248160 0.230349 0.155066 0.143518 0.085987 0.249901 -0.170364 0.274482 -0.091975 0.036592 -0.057242 0.450278 0.029612 0.299497 -0.007872 -0.240589 -0.229223 -0.028870 -0.020519 -0.049871 0.038550 1.000000 0.778423 -0.086544 -0.140643 0.092163 0.126165 -0.148601 -0.234678 0.346900 0.469249 -0.103646 0.107492 -0.061785 0.085089 0.124710 -0.138614 0.057216 0.253101 0.206872 0.085084 -0.219227 -0.243642 -0.193808 -0.364836 -0.147737 -0.198314 -0.127958 -0.234018 0.151676 -0.288894 -0.091001 0.001399 -0.030074 -0.104972 -0.128471 -0.200329 -0.065511 -0.434818 0.273850 -0.116788 -0.296998 -0.330234 0.546626 -0.040864 -0.262704 0.020294 -0.096836 0.033120 0.003194 0.005649 -0.249047 -0.159312 -0.148607 -0.168024 -0.275180 -0.193438 -0.098640 -0.108515 -0.289952 -0.254752 -0.018342 -0.016416 0.308633 0.213095 0.150294 0.013411 0.376816 -0.119347 0.129751 0.267414 0.257078 0.346947 0.011756 -0.038754 -0.076606 0.031464 -0.084794 -0.094884 0.094734 0.121595 -0.102613 0.126538 -0.020721 0.189083 0.105377 0.071165 -0.077562 0.060779 0.043696 0.054818 0.081559 -0.118789 0.185015 -0.068993
-0.106763 -0.360049 -0.074170 0.306235 0.409747 0.391325 -0.030082 -0.069314 0.431427 0.154467 -0.002416 -0.184294 0.232458 0.085720 0.459175 0.340103 -0.239671 0.020783 -0.019186 0.046059 0.308975 0.408414 0.778423 1.000000 0.049685 0.043668 0.385433 0.471434 0.040625 0.090031 0.109160 0.141830 -0.454739 -0.292399 -0.134117 0.099510 0.306054 0.128962 0.031818 0.216954 0.322777 0.445747 -0.159613 -0.172721 -0.186900 -0.235822 0.073096 -0.129979 -0.093684 -0.134235 0.339657 -0.074423 0.058548 0.133464 0.121093 -0.012169 -0.343307 -0.312333 -0.230019 -0.402527 -0.076413 -0.405516 -0.244328 -0.562179 0.399406 -0.155423 -0.361886 -0.097491 0.041218 0.080791 0.328825 0.236427 0.066582 0.153426 0.132605 0.148964 0.011528 0.074243 -0.175307 -0.008875 -0.277677 -0.216340 0.209621 0.273962 0.355608 0.520818 0.115500 0.087366 0.341143 0.022228 0.149267 0.168613 0.167630 0.219952 -0.038663 -0.037392 -0.088752 0.083282 -0.150134 -0.190773 -0.060493 -0.007400 -0.131764 -0.039842 -0.111637 0.073166 -0.028607 -0.013320 -0.074394 0.064577 -0.063466 0.040235 -0.033886 -0.154641 0.077871 -0.168653
-0.061815 -0.247833 -0.204477 0.222204 0.679395 0.724819 -0.163466 0.133309 0.387322 0.796208 0.326982 -0.131064 -0.011624 -0.029455 0.579092 0.670111 0.265579 0.442519 0.105022 -0.121236 0.695032 0.541676 -0.086544 0.049685 1.000000 0.755803 0.655787 0.518478 0.665776 0.755005 -0.229634 -0.238520 -0.386940 -0.395323 0.174396 -0.094774 -0.192069 -0.322652 -0.270738 -0.465488 0.071731 0.319149 -0.068862 -0.132801 0.131403 0.052556 -0.249047 -0.375796 -0.018272 0.038115 0.306781 0.097430 -0.218099 -0.346596 -0.328216 -0.426259 -0.084307 -0.267483 -0.377082 -0.326943 -0.331371 -0.386171 0.373805 -0.309493 0.113694 0.041839 -0.194374 -0.318980 -0.100102 -0.470337 0.474220 0.449650 0.782288 0.800290 0.758281 0.731626 0.697786 0.680484 0.107099 -0.213847 0.337062 0.310639 0.130936 0.388370 0.291731 0.424001 0.030933 -0.022087 -0.206148 -0.306253 -0.520748 -0.305448 -0.367321 -0.392465 -0.262565 -0.403493 -0.381841 -0.114812 -0.363266 -0.243578 -0.246687 -0.360071 -0.130217 -0.216703 -0.144941 -0.270772 -0.317080 -0.163446 -0.141740 -0.338946 -0.187219 -0.250698 -0.110458 -0.021341 -0.113279 -0.146164
0.000368 -0.288720 -0.199388 0.161336 0.554795 0.618335 -0.404785 -0.147657 0.297465 0.726423 0.120131 -0.234696 -0.167116 -0.111441 0.382417 0.573812 0.241925 0.485332 0.278627 0.101611 0.617641 0.487153 -0.140643 0.043668 0.755803 1.000000 0.430148 0.350051 0.585994 0.783559 -0.220722 -0.282391 -0.469356 -0.486664 0.272633 0.070199 -0.251024 -0.255568 -0.078560 -0.448478 -0.150967 0.246318 0.019542 -0.037611 0.314459 0.236330 -0.120183 -0.182119 0.139638 0.278591 0.296529 0.215696 -0.082905 -0.071184 -0.093421 -0.263244 -0.143283 -0.286320 -0.459751 -0.331313 -0.596326 -0.567003 0.265716 -0.427328 -0.005486 -0.030891 -0.235714 -0.212697 0.071074 -0.347377 0.589048 0.599069 0.730315 0.821932 0.731466 0.767256 0.737398 0.726463 0.147159 -0.015572 0.312181 0.274856 0.086899 0.242175 0.283553 0.324027 0.035789 0.026717 -0.141600 -0.101828 -0.383112 -0.090019 -0.399537 -0.248070 -0.138119 -0.216731 -0.186415 -0.028818 -0.260335 -0.035909 -0.209530 -0.305984 -0.025752 -0.156864 -0.131420 -0.432202 -0.468929 -0.400368 0.179988 -0.206431 -0.191858 -0.142576 -0.243116 0.046007 -0.147024 -0.128504
0.093412 -0.309667 -0.321624 0.407106 0.779704 0.902959 -0.183764 0.210084 0.555579 0.663583 0.239784 -0.274704 -0.124975 0.006280 0.763325 0.856210 -0.110363 0.263439 0.039398 -0.122806 0.849499 0.835599 0.092163 0.385433 0.655787 0.430148 1.000000 0.936665 0.408841 0.690023 -0.061981 -0.166213 -0.509805 -0.552803 -0.247430 -0.209531 0.171796 -0.039219 -0.229436 -0.130261 0.415231 0.736932 0.010100 0.004847 -0.149295 -0.021953 0.116329 -0.228741 -0.177704 -0.043765 0.362665 0.074253 -0.006173 -0.126563 -0.056815 -0.208985 -0.223638 -0.297852 -0.305333 -0.352478 -0.275788 -0.450728 0.099426 -0.532677 -0.013442 -0.256176 -0.318392 -0.459471 0.057169 -0.360739 0.418810 0.284793 0.717441 0.688339 0.750966 0.707431 0.530375 0.463017 -0.182051 -0.245094 0.022399 -0.009494 0.431303 0.661995 0.293981 0.638623 0.082562 0.161695 0.015156 -0.068227 -0.294673 -0.259231 -0.273509 -0.253500 -0.247314 -0.279743 -0.324103 -0.008773 -0.285521 -0.322185 -0.232965 -0.293970 -0.166948 -0.344276 -0.204946 -0.182298 -0.141819 -0.059360 -0.308549 -0.106444 -0.272143 -0.207677 -0.189829 -0.160722 -0.187723 -0.219956
0.125781 -0.303787 -0.365134 0.398714 0.697080 0.864785 -0.227541 0.186700 0.510156 0.570196 0.222023 -0.292403 -0.167144 0.025258 0.687434 0.822883 -0.155846 0.230597 0.000619 -0.112162 0.824978 0.870126 0.126165 0.471434 0.518478 0.350051 0.936665 1.000000 0.304086 0.624164 -0.017467 -0.143451 -0.524339 -0.563843 -0.330280 -0.195538 0.332165 0.027597 -0.139314 -0.045611 0.471532 0.820756 0.036547 0.032033 -0.190864 -0.026770 0.224837 -0.159352 -0.175960 -0.040972 0.356954 0.101641 0.082815 -0.002904 0.046093 -0.091936 -0.227103 -0.250970 -0.293598 -0.311415 -0.268035 -0.443504 0.010147 -0.547635 -0.049364 -0.318695 -0.368280 -0.465848 0.089918 -0.260335 0.393735 0.235837 0.637646 0.612675 0.700641 0.655433 0.441860 0.359554 -0.215343 -0.187762 -0.036399 -0.085115 0.423303 0.642506 0.331405 0.670169 0.038049 0.176505 0.035129 -0.016343 -0.204000 -0.231884 -0.232186 -0.198691 -0.188711 -0.277815 -0.225661 0.042099 -0.222922 -0.290346 -0.205256 -0.274232 -0.129635 -0.334745 -0.167383 -0.119905 -0.086403 -0.054577 -0.265320 -0.010058 -0.281160 -0.130782 -0.164361 -0.150037 -0.178475 -0.203539
0.089571 -0.174242 -0.197286 0.150448 0.573004 0.514269 -0.340797 -0.092628 0.365408 0.591331 0.413570 -0.142471 -0.117828 -0.190703 0.427386 0.489700 0.662228 0.775988 0.277953 0.201049 0.513264 0.350547 -0.148601 0.040625 0.665776 0.585994 0.408841 0.304086 1.000000 0.719139 -0.369586 -0.297263 -0.462985 -0.459067 0.256173 0.054405 -0.156636 -0.156293 -0.112055 -0.461885 0.055248 0.228767 -0.075222 -0.111139 0.207549 0.151580 -0.226860 -0.333635 -0.092856 0.079661 0.178138 0.058060 -0.330467 -0.272932 -0.332974 -0.441544 0.096171 -0.062550 -0.467130 -0.367015 -0.474661 -0.561193 0.600873 -0.197877 0.078416 -0.038196 -0.221181 -0.385182 0.100431 -0.297919 0.652203 0.588718 0.747831 0.700116 0.635767 0.562814 0.733959 0.741078 0.360092 0.235283 0.623868 0.626977 0.312586 0.456946 0.213078 0.335918 -0.045267 -0.086784 -0.282237 -0.352976 -0.433289 -0.238463 -0.358599 -0.315650 -0.282667 -0.184118 -0.240309 -0.142064 -0.223303 -0.078917 -0.186844 -0.211582 -0.098201 -0.029896 -0.151909 -0.233545 -0.350130 -0.245342 -0.028661 -0.250199 -0.268058 -0.127669 -0.147682 0.048972 -0.032280 -0.053587
0.089171 -0.305232 -0.340893 0.340155 0.723168 0.810199 -0.402912 0.043013 0.441925 0.831688 0.225762 -0.236708 -0.251983 -0.010191 0.568329 0.814013 0.276578 0.673910 0.232304 0.085957 0.795625 0.684572 -0.234678 0.090031 0.755005 0.783559 0.690023 0.624164 0.719139 1.000000 -0.304410 -0.341170 -0.604183 -0.662979 0.086378 -0.033403 -0.119140 -0.082424 -0.192224 -0.452348 0.065506 0.522518 -0.009082 -0.021158 0.153885 0.188525 -0.010864 -0.293658 -0.027428 0.124379 0.277574 0.165780 -0.112329 -0.135408 -0.081573 -0.351290 -0.174674 -0.275400 -0.522130 -0.377845 -0.575800 -0.615697 0.337272 -0.409504 -0.041006 -0.081017 -0.339983 -0.467749 0.152851 -0.412425 0.711483 0.654160 0.923158 0.952188 0.906171 0.902008 0.887701 0.832169 0.132094 0.022570 0.352694 0.342404 0.361926 0.571866 0.257339 0.467148 -0.039980 0.047744 -0.115852 -0.073897 -0.460592 -0.261282 -0.403140 -0.359986 -0.282326 -0.298866 -0.272047 -0.140586 -0.283375 -0.095719 -0.263506 -0.332331 -0.105214 -0.233024 -0.161390 -0.367259 -0.400206 -0.318400 -0.078614 -0.282623 -0.318764 -0.140145 -0.292830 0.023407 -0.259860 -0.169350
0.115798 0.295409 0.013005 0.013013 -0.255703 -0.191914 0.007719 -0.128593 -0.385508 -0.348848 -0.002610 0.036722 0.100182 0.163231 -0.249364 -0.188944 -0.252197 -0.367593 0.061241 0.152336 -0.157369 -0.042326 0.346900 0.109160 -0.229634 -0.220722 -0.061981 -0.017467 -0.369586 -0.304410 1.000000 0.748646 0.403240 0.405746 -0.439158 -0.342537 0.031436 -0.149151 -0.030536 0.184912 0.152003 0.029839 -0.095999 -0.016129 -0.407604 -0.223468 -0.028295 0.103763 -0.438920 -0.185532 -0.414788 -0.385611 0.045525 0.011339 -0.080206 0.044254 0.279321 0.331498 0.086659 0.016195 0.185194 0.171910 -0.269744 0.021749 -0.237343 -0.376429 -0.186858 -0.120623 0.032640 0.128886 -0.306894 -0.305646 -0.240428 -0.265488 -0.133806 -0.201217 -0.385877 -0.442924 -0.204512 -0.123433 -0.131222 -0.306582 -0.037593 -0.067036 -0.069913 -0.178224 0.050097 0.120958 0.025688 -0.045932 0.080419 0.152773 0.067776 0.161969 0.094381 -0.039320 0.020231 -0.029300 0.171054 0.163805 0.138990 0.121246 0.127573 0.087022 0.147073 0.185787 0.247918 0.092609 0.034422 0.187221 0.019225 0.236873 0.143558 0.092925 0.147398 0.055378
-0.016466 0.218636 0.134007 0.214217 -0.217530 -0.240613 0.194940 -0.039191 -0.302196 -0.329666 -0.051654 0.056619 0.162699 0.089517 -0.230277 -0.235700 -0.098423 -0.292854 -0.063482 0.111296 -0.314236 -0.270780 0.469249 0.141830 -0.238520 -0.282391 -0.166213 -0.143451 -0.297263 -0.341170 0.748646 1.000000 0.518222 0.579078 -0.253526 -0.194884 -0.056074 -0.180785 0.029161 0.137275 0.043319 -0.041250 -0.227675 -0.173399 -0.362780 -0.351938 -0.265356 -0.130011 -0.508289 -0.336224 -0.393686 -0.544248 -0.105990 -0.113585 -0.235293 -0.114528 0.347308 0.338541 -0.055458 -0.155913 0.291828 0.258818 -0.256123 0.145398 0.061664 -0.183222 -0.160723 -0.095145 -0.021463 0.007526 -0.393769 -0.314576 -0.325712 -0.322198 -0.240249 -0.300136 -0.500468 -0.446490 -0.017456 -0.069127 -0.080960 -0.226383 -0.028356 -0.088532 -0.072797 -0.278111 0.110833 0.021456 0.133858 -0.161786 0.103813 0.222934 0.234673 0.224709 0.069367 -0.069536 -0.011991 0.001140 0.112505 0.094951 0.211399 0.153304 0.129779 0.089560 0.186966 0.235073 0.324138 0.138478 -0.036533 0.081616 0.165536 0.158871 0.102018 -0.021504 0.187059 0.068982
0.144814 0.566304 0.143774 -0.082539 -0.585512 -0.615860 0.216640 -0.025606 -0.590020 -0.549949 -0.218568 0.115720 -0.006999 -0.101909 -0.518130 -0.535355 -0.046086 -0.516568 -0.086289 0.117398 -0.606160 -0.631243 -0.103646 -0.454739 -0.386940 -0.469356 -0.509805 -0.524339 -0.462985 -0.604183 0.403240 0.518222 1.000000 0.930831 -0.106095 -0.126796 -0.174151 -0.143335 -0.008829 0.042091 -0.176925 -0.432103 0.035988 0.001734 -0.177985 -0.168893 -0.215500 0.090609 -0.310085 -0.174526 -0.492914 -0.334615 -0.092107 -0.103841 -0.228619 0.052695 0.597673 0.593518 0.266550 0.252518 0.360589 0.610922 -0.184231 0.466025 -0.189148 -0.028679 0.367663 0.180353 -0.086208 0.074747 -0.806889 -0.712287 -0.532744 -0.596807 -0.490817 -0.546915 -0.636034 -0.585995 -0.045402 -0.115918 -0.028817 -0.190237 -0.245064 -0.399976 -0.368486 -0.593476 0.009392 -0.135941 -0.180502 -0.218897 0.070597 0.007094 0.087762 0.012694 0.082609 -0.009517 0.078168 0.062958 0.182439 0.032316 0.124537 0.164689 0.114840 0.055894 0.150040 0.224845 0.316482 0.191433 -0.115563 0.032375 0.320195 0.145711 0.187950 0.127103 0.162416 0.207283
0.024856 0.508886 0.207133 -0.113570 -0.594273 -0.644454 0.293643 -0.065466 -0.549645 -0.569024 -0.249214 0.113980 0.137271 -0.082735 -0.471286 -0.587316 -0.026855 -0.530271 -0.142452 0.088745 -0.646873 -0.670701 0.107492 -0.292399 -0.395323 -0.486664 -0.552803 -0.563843 -0.459067 -0.662979 0.405746 0.579078 0.930831 1.000000 -0.019448 -0.014216 -0.251488 -0.192407 0.039550 0.077803 -0.173078 -0.484500 -0.061884 -0.146929 -0.199671 -0.292056 -0.306835 -0.004996 -0.311162 -0.271812 -0.414195 -0.436345 -0.142097 -0.159763 -0.240884 -0.014212 0.546002 0.529751 0.216733 0.132906 0.445694 0.591835 -0.279882 0.424909 0.034130 0.065494 0.280274 0.258503 -0.117819 0.129479 -0.771772 -0.664585 -0.596401 -0.635754 -0.539574 -0.604667 -0.680359 -0.598869 -0.047103 -0.098932 -0.043725 -0.168982 -0.309863 -0.437187 -0.271617 -0.566632 0.040388 -0.150853 -0.062082 -0.271966 0.134578 0.059032 0.212688 0.087633 0.072288 -0.004392 0.033374 0.047720 0.121218 0.014699 0.195130 0.179567 0.102937 0.115215 0.186057 0.324946 0.342251 0.230314 -0.057523 -0.021815 0.380239 0.126784 0.212352 0.130701 0.217667 0.219988
-0.327035 -0.191883 0.166962 -0.118822 0.102234 -0.080332 -0.083887 -0.316241 0.125545 0.175450 -0.232240 -0.148446 -0.020879 -0.240585 0.005478 -0.130506 0.337548 0.245214 -0.034339 0.002249 -0.088959 -0.270315 -0.061785 -0.134117 0.174396 0.272633 -0.247430 -0.330280 0.256173 0.086378 -0.439158 -0.253526 -0.106095 -0.019448 1.000000 0.558744 -0.244864 -0.120162 0.054333 -0.226685 -0.349955 -0.347564 -0.052475 -0.175509 0.383760 0.063231 -0.284961 -0.079296 0.300157 0.134743 0.152979 0.126537 -0.258105 0.049626 -0.008032 -0.121741 -0.124163 -0.199313 -0.234760 -0.225110 -0.143676 -0.117509 0.057237 0.159432 0.416600 0.419487 0.203189 0.332931 0.064871 -0.030724 0.227413 0.287797 0.024628 0.105647 -0.041171 0.009228 0.268914 0.392789 0.214691 0.116270 0.261692 0.314693 -0.202215 -0.220302 0.086861 -0.118713 0.039911 -0.206258 0.123038 -0.011346 0.009254 0.093579 -0.092817 0.004359 -0.250448 0.002925 -0.038328 -0.013280 -0.216405 0.024607 -0.185232 -0.093591 -0.218576 0.040058 -0.114211 -0.134483 -0.317288 -0.084604 0.197804 -0.173674 0.201349 -0.093013 -0.153422 -0.045775 -0.115504 -0.075287
-0.248698 -0.273868 0.087720 0.063006 -0.021875 -0.095789 -0.073243 -0.096230 0.152089 0.018730 -0.241791 0.025174 -0.095003 -0.101738 -0.022631 -0.105642 0.097888 0.096649 -0.137660 -0.057215 -0.061093 -0.140935 0.085089 0.099510 -0.094774 0.070199 -0.209531 -0.195538 0.054405 -0.033403 -0.342537 -0.194884 -0.126796 -0.014216 0.558744 1.000000 -0.149855 0.084876 0.115560 -0.076559 -0.401293 -0.206907 -0.140375 -0.121246 0.400662 0.098799 -0.093964 -0.078620 0.412430 0.164143 0.279908 0.184933 0.021166 0.133947 -0.028918 -0.031145 -0.219662 -0.266451 -0.030625 -0.093373 -0.074168 -0.033489 0.014777 0.111392 0.369211 0.408289 0.122928 0.369058 0.043108 0.037641 0.167845 0.174839 -0.079768 -0.010812 -0.155820 -0.097514 0.038958 0.192071 0.003627 0.159856 -0.041936 -0.003868 -0.155286 -0.232239 0.105678 -0.040569 0.048043 -0.168787 0.134125 0.102686 0.104395 0.021046 -0.012647 0.009097 -0.212163 0.083454 -0.087869 0.022103 -0.163454 -0.009388 -0.094961 -0.120263 -0.116306 -0.006225 -0.193104 -0.154487 -0.272199 -0.061842 0.071284 0.018267 0.021810 -0.111589 -0.153730 0.003006 -0.028465 -0.104444
