1.000000 0.322736 -0.048841 -0.451715 -0.409174 0.016631 0.120953 -0.526751 0.320265 -0.391546 0.583936 0.022890 0.523999 -0.192976 0.097529 -0.072699 -0.040178 0.211976 0.336247 0.191172 -0.164960 0.089000 0.257003 0.089320 -0.344868 -0.071075 0.065209 0.508654 0.049491 -0.189251 -0.321996 -0.519395 0.083116 -0.275526 -0.148288 0.122988 0.032275 0.081895 0.216897 0.057835 0.042090 0.021032 -0.256109 -0.461909 -0.366634 -0.645233 -0.118177 -0.399303 0.121100 -0.422773 0.357664 0.000815 0.200917 0.141459 0.376012 0.081031 0.532061 0.395050 0.450955 0.179189 0.257627 -0.178519 0.064464 0.125395 -0.105254 -0.468015 0.056111 -0.653941 0.292609 0.240119 -0.080747 -0.203286 0.009560 -0.137555 0.103412 -0.039552 0.098820 -0.181060 -0.024907 0.260395 -0.109753 0.137146 0.069199 -0.103780 0.264581 0.164797 0.308391 0.426150 0.484115 0.270644 -0.153233 0.203339 -0.327221 0.281425 0.169590 0.074212 -0.031472 -0.254393 0.124256 -0.030935 0.005501 0.063271 -0.292865 -0.067979 -0.151809 -0.118177 -0.050014 -0.017985 -0.025807 -0.054119 0.168594 -0.337661 -0.146341 -0.082228 -0.103991 -0.009321
0.322736 1.000000 -0.006871 -0.107039 -0.087893 -0.039459 0.028724 -0.136003 0.126332 -0.097500 0.134032 -0.012337 0.115402 -0.064844 0.010576 -0.190094 0.160344 0.176200 0.200227 0.420314 -0.076730 -0.257524 -0.176530 -0.191675 -0.148510 -0.272796 -0.032791 0.097679 0.068000 0.015866 -0.240561 -0.320496 0.137110 0.015552 -0.298805 -0.047313 -0.110310 -0.032164 0.035420 0.022092 0.022904 -0.005225 -0.429390 -0.378267 0.014005 -0.274288 -0.228593 -0.286969 -0.093535 0.026096 0.017078 -0.003017 0.036867 0.033987 0.082820 -0.044822 0.336159 0.433396 0.205734 0.338943 0.292936 0.347958 0.269324 0.255615 -0.027389 -0.175630 0.161511 -0.290142 0.250955 0.332902 0.013737 -0.166673 0.076035 -0.041819 0.104378 0.017886 -0.037147 -0.090016 0.068611 0.045101 0.000098 0.033608 0.020124 0.056820 -0.169257 -0.262721 -0.010920 0.072072 0.126457 0.108071 0.053213 0.036506 -0.072412 -0.005079 -0.020435 0.188569 -0.085988 -0.095692 0.039223 0.058820 0.227170 0.051012 0.177701 -0.048034 -0.030625 -0.246650 -0.014297 -0.150492 -0.003177 -0.198006 -0.214860 -0.244656 -0.137839 0.069639 -0.013803 -0.058241
-0.048841 -0.006871 1.000000 0.073580 0.375042 -0.022644 0.699831 0.478109 0.419193 0.274384 -0.156309 -0.063210 -0.036018 0.210685 -0.048241 0.275886 -0.276000 -0.225615 -0.025368 -0.277845 -0.151031 -0.029990 0.358058 -0.021544 -0.013088 -0.013717 0.022260 -0.176715 -0.059994 -0.058717 -0.100983 -0.082986 -0.073762 0.269242 0.132414 0.265987 -0.143376 -0.268387 -0.082315 -0.154164 -0.311953 -0.143846 -0.031188 0.040019 0.030119 0.110019 -0.228788 -0.072090 0.063036 0.062331 -0.068174 -0.094737 -0.046486 -0.108937 -0.231965 -0.151105 -0.191718 -0.293885 0.319228 -0.025554 0.398521 0.253140 -0.176096 -0.074160 0.311938 0.395417 0.002331 0.155249 -0.297611 -0.227881 -0.136704 -0.041161 -0.178351 -0.028419 -0.153443 0.037306 -0.238974 -0.259329 -0.163163 -0.089559 -0.286346 -0.257837 -0.167571 -0.246233 -0.245787 -0.257340 -0.357473 -0.431181 0.011321 -0.041873 -0.169046 -0.191209 0.057812 -0.109316 -0.031079 -0.120021 0.043312 -0.219506 0.017217 -0.235882 0.155887 -0.049670 0.177141 0.006977 -0.016516 -0.210692 -0.325839 -0.060668 0.012741 -0.110766 0.046152 -0.059625 -0.040807 -0.289629 -0.277036 -0.096254
-0.451715 -0.107039 0.073580 1.000000 0.044278 0.326999 0.013157 0.588744 -0.320581 0.252455 -0.218132 0.100434 -0.255766 0.075178 -0.138132 0.011973 -0.228270 -0.229153 0.007561 -0.057367 0.006017 0.004365 0.023349 0.342567 0.059737 0.158037 0.028091 -0.043895 -0.345383 -0.155792 0.256310 0.424418 -0.084648 0.245678 -0.021507 -0.097284 -0.360240 -0.235307 -0.310656 -0.127104 -0.400454 -0.037795 0.038736 0.196924 0.003854 0.284389 -0.003783 0.055908 -0.040753 0.197297 -0.052553 -0.000533 -0.168047 -0.069595 -0.262326 -0.177879 -0.336146 -0.222170 -0.477628 -0.034269 -0.290164 0.151141 -0.236847 -0.206670 0.071524 0.503516 -0.105434 0.407432 -0.129821 -0.031070 -0.121385 -0.007456 -0.312504 -0.140810 -0.146798 -0.116125 -0.201147 -0.009984 -0.232635 -0.115283 -0.269255 -0.467011 -0.177316 0.280231 0.024821 0.126312 -0.223248 -0.090652 -0.001797 0.129779 0.056207 -0.054022 0.460318 -0.092495 -0.294815 -0.133346 -0.166646 -0.061226 -0.136077 -0.230943 0.077252 -0.050413 0.338724 -0.005683 0.157863 -0.212310 -0.015882 -0.205812 -0.173502 -0.052105 -0.172305 -0.003995 0.048003 -0.008284 -0.142837 -0.273422
-0.409174 -0.087893 0.375042 0.044278 1.000000 -0.207152 0.340659 0.476942 0.296659 0.441232 -0.446877 -0.074935 -0.330457 0.333721 -0.039079 0.383878 0.067554 -0.160043 -0.251703 -0.127023 0.229458 -0.179601 -0.254115 -0.329589 0.030403 -0.228973 0.009332 -0.617873 0.252255 0.444273 0.073180 0.142797 -0.068122 0.451835 0.238664 0.156574 0.025303 -0.056377 -0.196769 -0.190950 -0.134387 0.070132 0.177646 0.310534 0.314446 0.467668 -0.086735 0.299195 -0.272610 0.250918 -0.497852 -0.036275 -0.115929 -0.166718 -0.346642 -0.232952 -0.372345 -0.358266 0.006339 -0.304480 0.257263 0.150515 0.062158 0.041388 0.335822 0.324457 -0.197989 0.301389 -0.441862 -0.334252 0.145266 0.161445 0.270252 0.321892 0.028311 0.305768 0.003510 0.107195 -0.007520 -0.156209 0.198924 0.038664 0.061619 -0.072529 -0.349522 -0.465311 -0.476414 -0.633593 -0.570512 -0.497555 0.009942 -0.208344 0.145283 -0.283952 -0.070465 0.005061 -0.066406 0.048721 -0.125290 0.001985 -0.040741 -0.009001 0.299556 0.099419 0.088759 -0.033666 0.017140 0.049909 0.010388 -0.039968 -0.172705 0.140421 0.110396 -0.055031 -0.121650 -0.114967
0.016631 -0.039459 -0.022644 0.326999 -0.207152 1.000000 -0.023471 0.107969 -0.010237 0.125947 0.090033 0.019181 -0.052964 -0.292857 -0.006014 0.000049 -0.245954 -0.193787 0.046264 -0.080520 -0.246245 0.124733 0.354605 0.540181 0.239608 0.573434 0.166553 0.454059 -0.425723 -0.472795 0.186456 0.261596 -0.214409 0.008650 -0.008361 0.183699 -0.458330 -0.157509 -0.040271 0.082199 -0.298086 -0.108385 -0.165776 -0.272414 -0.245508 -0.130050 0.009981 -0.287088 0.135939 -0.165912 0.307239 -0.033834 0.066387 0.091838 -0.011288 -0.084368 0.080373 0.038917 -0.055504 0.120537 -0.059931 -0.047464 -0.234033 -0.303509 0.008700 0.283440 -0.077739 0.082171 -0.002759 0.213659 -0.176478 -0.118501 -0.353707 -0.275681 -0.288096 -0.256006 -0.252763 -0.278234 -0.294912 -0.035734 -0.361072 -0.406442 -0.148404 0.203862 0.211976 0.246801 0.043527 0.318346 0.340593 0.349977 -0.108897 0.034162 0.218461 0.095345 0.022654 0.025291 -0.057492 -0.154217 -0.041489 -0.378357 0.120772 -0.137822 -0.051991 -0.229797 -0.121279 -0.240604 -0.141697 -0.117696 -0.088602 0.081520 0.143644 -0.152482 -0.277755 -0.143179 -0.150047 -0.016860
0.120953 0.028724 0.699831 0.013157 0.340659 -0.023471 1.000000 0.382397 0.493728 0.268097 -0.178919 0.073463 0.213831 0.266207 0.023018 0.343526 -0.280815 -0.050312 0.026283 -0.181815 -0.105421 0.043414 0.333192 0.167776 -0.168640 -0.137642 0.172145 -0.063307 -0.020997 0.013490 -0.085392 -0.055331 -0.052972 0.365047 0.172472 0.387951 -0.158162 -0.178172 -0.175535 -0.220079 -0.320934 -0.100641 -0.006844 -0.202363 -0.086044 -0.037440 -0.305428 -0.248523 -0.030353 -0.120220 -0.031105 -0.119305 0.023105 -0.050309 -0.371436 -0.343277 -0.146186 -0.223511 0.333674 -0.160405 0.483626 0.176589 -0.056338 -0.018506 0.498135 0.287890 -0.200750 -0.048541 -0.284247 -0.173230 -0.194196 -0.092235 -0.100069 -0.044134 -0.081465 0.084172 -0.102277 -0.115192 -0.174882 0.058287 -0.254549 -0.186395 -0.225480 -0.042877 -0.264242 -0.250047 -0.324465 -0.221202 0.137633 -0.017014 -0.146867 -0.193974 0.039535 -0.061681 -0.233143 -0.132752 -0.238730 -0.409731 -0.146193 -0.223650 0.122777 -0.108116 0.121845 -0.082700 0.046395 -0.310262 -0.216714 -0.179831 -0.102531 -0.119948 0.007964 -0.180952 -0.061080 -0.382799 -0.273118 -0.236342
-0.526751 -0.136003 0.478109 0.588744 0.476942 0.107969 0.382397 1.000000 0.009403 0.666448 -0.535670 -0.004417 -0.409937 0.262625 -0.229929 0.329646 -0.137827 -0.264623 -0.251213 -0.172152 0.075043 -0.137371 -0.124204 0.066732 0.053096 -0.011633 -0.164883 -0.448589 -0.092966 0.146226 0.133193 0.332624 -0.177286 0.508320 0.167582 0.122496 -0.226130 -0.180676 -0.393125 -0.098145 -0.391556 -0.085056 0.089780 0.291291 0.221602 0.572284 -0.231071 0.110987 -0.208742 0.309440 -0.413054 -0.158873 -0.263353 -0.255392 -0.444947 -0.342251 -0.435785 -0.507050 -0.218658 -0.236078 0.078411 0.316489 -0.087660 -0.112072 0.336152 0.771474 -0.273139 0.602106 -0.507785 -0.317260 -0.064756 0.057320 -0.092316 0.053916 -0.124847 0.029843 -0.236931 -0.065203 -0.166185 -0.182106 -0.122991 -0.423828 -0.158436 0.016642 -0.277562 -0.243069 -0.491781 -0.451214 -0.300417 -0.073139 -0.032575 -0.277287 0.449156 -0.373020 -0.287444 -0.140018 -0.154966 0.023186 -0.274002 -0.292789 0.146385 -0.150153 0.380670 -0.045652 0.027359 -0.281393 -0.145330 -0.130602 -0.095087 -0.222481 -0.218269 0.014098 -0.033157 -0.225406 -0.187019 -0.268883
0.320265 0.126332 0.419193 -0.320581 0.296659 -0.010237 0.493728 0.009403 1.000000 0.138359 0.122034 0.082864 0.397254 0.298328 0.243233 0.421777 -0.158414 -0.123338 -0.012971 -0.158498 -0.230618 -0.137248 0.311372 0.042992 -0.140051 -0.156114 0.097272 0.146080 0.031659 -0.072420 -0.265415 -0.349781 -0.218618 0.066059 -0.040571 0.501297 -0.086221 0.031207 0.088355 0.030684 -0.063643 0.013408 -0.052744 -0.230989 -0.216500 -0.316482 -0.040483 -0.115391 0.053631 -0.249776 0.109128 -0.106330 0.158263 -0.078995 0.052843 -0.049982 -0.042147 -0.146396 0.521040 -0.081972 0.387223 -0.053750 -0.049424 -0.042182 0.120430 -0.053753 -0.077381 -0.386269 -0.060417 0.002168 -0.043694 -0.160552 -0.026250 0.069648 -0.101930 0.114237 -0.122218 -0.191588 -0.139162 -0.050578 -0.111099 0.035790 0.032556 -0.255876 0.022998 -0.243970 0.118965 -0.035062 0.247023 0.091444 -0.209579 -0.084397 -0.130723 0.159549 0.214502 0.135021 0.148201 -0.139075 0.123022 -0.178428 0.071951 -0.027464 -0.150344 -0.000816 -0.086373 -0.064930 -0.041890 0.070211 0.005789 0.093043 0.275491 -0.092805 -0.053190 -0.205419 -0.147473 -0.081426
-0.391546 -0.097500 0.274384 0.252455 0.441232 0.125947 0.268097 0.666448 0.138359 1.000000 -0.330579 -0.096647 -0.260009 0.145949 -0.027355 0.270797 -0.052390 -0.198033 -0.284567 -0.219744 -0.023398 -0.160709 -0.203985 -0.071518 0.105014 0.049440 -0.144056 -0.425260 0.023255 0.216989 0.045710 0.262914 -0.128513 0.387852 0.299093 0.102499 -0.002244 -0.056652 -0.221508 0.093542 -0.159524 -0.067519 0.036164 0.162607 0.241149 0.462417 -0.122051 0.099215 -0.282857 0.285488 -0.377838 -0.199772 -0.325232 -0.249630 -0.305523 -0.263602 -0.337598 -0.429642 -0.107689 -0.264614 0.172697 0.274420 -0.045641 -0.158011 0.367244 0.514199 -0.221674 0.444543 -0.364522 -0.186781 0.003413 0.001886 0.100011 0.080851 -0.083353 0.013133 -0.102065 -0.055303 -0.128342 -0.187483 -0.086892 -0.145887 -0.059451 -0.062670 -0.195304 -0.246023 -0.331025 -0.423634 -0.266415 -0.157149 -0.088562 -0.317034 0.319416 -0.353542 -0.124892 0.043139 -0.017958 0.090119 -0.175984 -0.220734 0.107450 -0.130959 0.189502 -0.167084 -0.116036 -0.218552 -0.037398 -0.050894 -0.118515 -0.134166 -0.075319 0.036503 -0.111786 -0.276790 -0.069016 -0.086834
0.583936 0.134032 -0.156309 -0.218132 -0.446877 0.090033 -0.178919 -0.535670 0.122034 -0.330579 1.000000 -0.031899 0.520728 -0.104587 0.188230 -0.254104 -0.026670 -0.005549 0.184933 0.000833 -0.351911 -0.026024 0.195866 0.043823 -0.204235 0.037284 0.021951 0.462912 -0.142388 -0.402008 -0.330512 -0.403782 0.016469 -0.504304 -0.251709 -0.218253 0.095617 0.028183 0.266566 0.092356 0.021879 -0.069912 -0.151868 -0.312870 -0.303198 -0.552057 0.153411 -0.220011 0.247907 -0.301678 0.363959 0.115985 0.228957 0.270560 0.539674 0.312217 0.252339 0.252600 0.205778 0.316573 0.009987 -0.052882 -0.111033 -0.040177 -0.251403 -0.427792 0.215703 -0.454357 0.305285 0.187703 -0.071099 -0.109580 -0.193558 -0.187855 -0.078169 -0.194092 0.021699 -0.150172 -0.062033 0.118064 -0.181213 0.160903 0.003090 -0.125902 0.484301 0.385559 0.377933 0.377952 0.418800 0.318306 -0.003232 0.266545 -0.186625 0.318125 0.205579 0.194080 0.157354 -0.139830 0.264215 -0.116804 -0.012823 0.018861 -0.260927 -0.044205 -0.165103 0.056474 0.090549 0.085172 -0.130032 0.154327 0.108088 -0.234561 -0.121044 0.071303 0.035357 0.124937
0.022890 -0.012337 -0.063210 0.100434 -0.074935 0.019181 0.073463 -0.004417 0.082864 -0.096647 -0.031899 1.000000 0.194158 0.450344 0.453316 0.301543 0.217383 0.095021 0.207825 -0.164916 -0.070713 0.033052 0.102176 0.281711 -0.118654 -0.104909 -0.066007 -0.039680 0.189179 -0.003634 0.107365 0.118826 -0.125843 0.052690 -0.156767 0.031664 -0.108212 -0.244605 -0.105101 -0.065764 -0.131276 -0.126740 0.012171 -0.215233 -0.175657 -0.160983 0.184087 -0.249373 0.187938 -0.239303 0.183725 0.218852 0.298672 0.254158 -0.260593 -0.119515 -0.302997 -0.235498 -0.018263 -0.123877 -0.202246 -0.336969 -0.271812 -0.331360 0.372497 0.121302 -0.224998 -0.244373 -0.259161 -0.241396 0.037714 -0.043991 -0.057994 -0.132525 -0.017910 0.019400 0.090068 0.021115 -0.029836 0.004397 0.114125 -0.059772 0.219868 0.210845 0.212980 0.369945 0.084349 0.103173 0.028381 -0.029867 -0.006136 0.102328 0.150391 -0.001058 -0.097821 -0.136278 -0.124799 -0.198614 -0.151609 -0.257458 0.071223 -0.127559 -0.220411 -0.271280 -0.020220 -0.069465 0.058028 -0.190809 -0.081522 -0.081206 -0.082012 -0.136075 0.084863 0.024358 0.029444 -0.153055
0.523999 0.115402 -0.036018 -0.255766 -0.330457 -0.052964 0.213831 -0.409937 0.397254 -0.260009 0.520728 0.194158 1.000000 0.118238 0.326133 0.019425 -0.249624 0.130170 0.284282 0.041017 -0.262183 0.043113 0.370657 0.182344 -0.378205 -0.130211 0.035424 0.462965 -0.170464 -0.291750 -0.262790 -0.330079 -0.069593 -0.228716 -0.094187 0.218189 -0.056339 0.047459 0.209986 0.123506 0.092239 0.080541 -0.015187 -0.393696 -0.406213 -0.574105 0.150170 -0.212476 0.133666 -0.472267 0.353720 -0.039480 0.194333 0.126018 0.200421 0.073067 0.076042 0.155998 0.228463 0.084080 0.002431 -0.208572 -0.141885 -0.158716 -0.053566 -0.434792 -0.049160 -0.590692 0.134378 0.113117 -0.150472 -0.138659 -0.257614 -0.096263 -0.094585 -0.175944 -0.075605 -0.088301 -0.189447 0.033385 -0.280378 0.117247 0.045901 -0.092209 0.316849 0.189395 0.452015 0.385890 0.503166 0.297982 0.002144 0.177155 -0.146941 0.406308 0.073344 0.069445 -0.012064 -0.253756 0.254170 -0.096751 -0.064102 0.029136 -0.262268 0.012161 0.135150 0.079388 0.019013 0.011188 -0.095248 0.209963 0.191137 -0.082089 0.066418 0.006081 -0.003910 0.052599
-0.192976 -0.064844 0.210685 0.075178 0.333721 -0.292857 0.266207 0.262625 0.298328 0.145949 -0.104587 0.450344 0.118238 1.000000 0.269333 0.530433 0.204280 -0.041968 -0.063794 -0.311408 0.108008 -0.134152 -0.132667 -0.117445 -0.260197 -0.432745 -0.101056 -0.379082 0.365426 0.272467 0.023318 0.029076 -0.217367 0.126519 0.017089 -0.025377 0.080760 -0.192447 -0.322647 -0.090970 -0.124064 0.036476 0.102068 0.147964 0.044353 0.098026 0.073123 0.092448 -0.136177 -0.009301 -0.256478 -0.067981 -0.036382 -0.108066 -0.186369 -0.170495 -0.334073 -0.462290 0.075693 -0.275785 0.180843 0.126453 0.038917 0.029494 0.246030 0.141247 -0.178829 -0.055669 -0.325767 -0.330986 0.237860 0.167982 0.212989 0.049688 -0.029768 0.234634 0.034099 0.109157 0.036916 -0.095495 0.163182 0.059897 0.202129 -0.168344 -0.029425 -0.012058 -0.128564 -0.411551 -0.231482 -0.140972 0.062979 -0.221223 0.081176 -0.262354 -0.043801 -0.007450 0.026966 -0.133255 0.046748 -0.143603 0.043847 -0.206625 0.013906 -0.206839 -0.042221 -0.075842 0.039424 -0.126916 -0.063381 -0.072456 -0.096398 0.006692 -0.098561 0.019094 -0.109960 -0.229658
0.097529 0.010576 -0.048241 -0.138132 -0.039079 -0.006014 0.023018 -0.229929 0.243233 -0.027355 0.188230 0.453316 0.326133 0.269333 1.000000 0.227056 0.046735 -0.305847 0.090998 -0.372804 -0.093843 -0.012385 0.340198 0.167362 0.154194 0.038787 0.303753 0.170036 0.284498 -0.129070 0.008632 -0.036209 -0.152523 -0.157333 0.013262 -0.013581 -0.004209 -0.044150 0.077992 -0.133072 0.042080 -0.074788 -0.000070 -0.217416 -0.143898 -0.274800 0.191142 -0.109177 0.248305 -0.157842 0.351007 0.199449 0.220648 0.204908 -0.038031 0.096688 -0.184430 -0.230793 0.179645 0.089899 -0.063474 -0.181295 -0.261407 -0.192367 0.143991 -0.196893 0.161343 -0.237358 -0.091498 0.023088 -0.017507 -0.225259 -0.143278 -0.269740 -0.230482 -0.108571 -0.122900 -0.245982 -0.191404 -0.106440 -0.015254 0.044550 0.441799 -0.121232 0.393488 0.202927 0.269411 -0.019026 -0.016613 -0.059715 -0.059142 0.114286 -0.066165 0.333748 0.151060 -0.147686 0.184983 -0.267767 0.209894 -0.232272 -0.025429 0.094251 -0.102090 -0.072092 0.051283 0.049091 0.168069 -0.049104 -0.077188 0.115896 0.224727 -0.076118 -0.069459 0.023719 0.012672 -0.027406
-0.072699 -0.190094 0.275886 0.011973 0.383878 0.000049 0.343526 0.329646 0.421777 0.270797 -0.254104 0.301543 0.019425 0.530433 0.227056 1.000000 -0.037675 -0.295566 0.049245 -0.278297 0.223132 0.176730 0.086750 0.121706 -0.170747 -0.218663 0.017131 -0.194613 0.187799 0.135657 0.105789 0.038925 -0.313601 0.142937 0.132737 0.200867 0.090157 0.049704 -0.071506 -0.123130 -0.203380 0.147842 0.224448 0.182605 -0.096634 0.053201 0.027436 0.140607 -0.018824 -0.144164 -0.132478 -0.052117 0.033591 -0.036876 -0.097858 0.002426 -0.375214 -0.475967 0.024120 -0.414920 0.036514 -0.253250 -0.215143 -0.243885 0.287674 0.233388 -0.309200 -0.119644 -0.415238 -0.336960 0.186370 0.034724 0.120907 0.086285 0.023494 0.330987 0.008329 0.012881 -0.111238 -0.039192 -0.008903 -0.135379 0.091776 -0.075780 0.021268 -0.111445 -0.166996 -0.264545 -0.145620 -0.081749 -0.087712 -0.178284 0.129238 -0.199140 0.015624 -0.090456 0.057421 -0.064757 -0.083081 -0.171098 0.023586 0.008187 -0.095454 -0.093365 -0.004031 0.051909 0.007574 0.057381 -0.139320 -0.100856 0.046172 0.022380 0.012049 -0.126631 -0.080796 -0.160604
-0.040178 0.160344 -0.276000 -0.228270 0.067554 -0.245954 -0.280815 -0.137827 -0.158414 -0.052390 -0.026670 0.217383 -0.249624 0.204280 0.046735 -0.037675 1.000000 0.345896 0.126983 0.102540 0.232595 -0.219176 -0.482348 -0.457210 -0.050656 -0.397535 -0.126145 -0.270005 0.608243 0.425819 -0.033066 -0.135996 0.041570 -0.231047 -0.195514 -0.374602 0.287988 0.043828 0.001154 0.117575 0.230465 0.136078 -0.127054 -0.022982 0.257393 0.135471 0.067217 -0.056519 -0.156992 0.138613 -0.247559 0.183062 -0.004530 0.089617 0.057834 0.003199 0.213392 0.165472 -0.010620 -0.009885 0.055249 0.016345 0.367531 0.292398 0.119601 -0.079861 -0.010376 -0.060273 0.001574 -0.163401 0.293006 0.015392 0.606807 0.102809 0.403325 0.085573 0.322287 0.162545 0.594269 0.180221 0.740552 0.291104 0.256977 0.051306 -0.098764 -0.028925 -0.042179 -0.119720 -0.377268 -0.246796 -0.069950 -0.170435 -0.152636 -0.327899 0.031195 0.087573 -0.054090 0.099313 -0.063482 0.075485 -0.096908 -0.116845 -0.160539 -0.046655 -0.145677 0.038929 0.015745 0.025282 -0.002171 -0.187497 -0.452737 -0.206050 -0.165021 0.167556 0.253989 0.033830
0.211976 0.176200 -0.225615 -0.229153 -0.160043 -0.193787 -0.050312 -0.264623 -0.123338 -0.198033 -0.005549 0.095021 0.130170 -0.041968 -0.305847 -0.295566 0.345896 1.000000 0.135317 0.451654 0.029756 -0.004615 -0.286094 -0.276702 -0.188952 -0.290113 -0.160830 -0.094387 0.205170 0.427504 -0.066517 -0.117570 0.224187 -0.084011 -0.006989 -0.025028 0.233521 -0.005197 0.065606 0.192868 0.322177 0.165935 -0.193602 -0.170073 0.092248 0.005574 -0.198267 -0.198811 -0.442142 0.053427 -0.221176 -0.184741 -0.163207 -0.109525 -0.040854 -0.102043 0.331722 0.470947 -0.075440 -0.183631 -0.061574 -0.178461 0.366775 0.296774 0.073267 -0.327808 -0.306732 -0.256730 0.163518 0.022662 0.073434 0.100213 0.471422 0.257880 0.446756 0.103269 0.384660 0.206864 0.489694 0.406130 0.435802 0.518747 -0.074161 0.206150 -0.198854 0.142470 0.075208 0.172341 0.076182 -0.075291 -0.151770 -0.157907 -0.189306 -0.224222 -0.091635 0.020182 -0.225413 0.088962 -0.050815 0.224870 0.010535 -0.132624 -0.192454 -0.122619 -0.183928 -0.087595 -0.180000 -0.117548 0.070993 -0.248264 -0.292348 -0.200023 -0.084678 0.065493 0.070529 0.071775
0.336247 0.200227 -0.025368 0.007561 -0.251703 0.046264 0.026283 -0.251213 -0.012971 -0.284567 0.184933 0.207825 0.284282 -0.063794 0.090998 0.049245 0.126983 0.135317 1.000000 0.237095 0.083364 0.098901 0.115240 0.035986 -0.309028 -0.180410 -0.004231 0.305720 0.073299 -0.185876 -0.045136 -0.165870 -0.007372 -0.217602 -0.160230 0.024165 -0.030171 0.119510 0.215157 -0.027218 0.012007 0.158044 -0.194790 -0.307482 -0.265542 -0.316588 -0.011884 -0.301382 0.025775 -0.321662 0.199667 -0.047444 0.137317 0.178515 0.203698 0.021823 0.052178 0.175422 -0.009684 0.025792 -0.107472 -0.257453 -0.144577 -0.121676 0.039250 -0.226921 -0.023898 -0.360754 0.202420 0.050118 0.014952 -0.072190 -0.002994 0.013899 0.194487 0.131511 0.209289 0.078730 0.022749 0.087950 -0.111740 -0.038633 0.244468 0.146499 0.189738 0.144019 0.208634 0.335291 0.321309 0.114688 -0.008944 0.053267 -0.103752 0.113832 -0.032019 0.034672 -0.131953 -0.227268 0.133867 -0.042669 -0.038806 0.024954 -0.135071 -0.001866 0.042215 -0.008964 -0.124923 -0.084171 -0.058143 -0.018530 -0.119656 -0.206699 0.043196 0.003456 0.124199 -0.068613
0.191172 0.420314 -0.277845 -0.057367 -0.127023 -0.080520 -0.181815 -0.172152 -0.158498 -0.219744 0.000833 -0.164916 0.041017 -0.311408 -0.372804 -0.278297 0.102540 0.451654 0.237095 1.000000 0.078085 -0.092524 -0.271331 -0.069824 -0.277946 -0.199039 -0.058883 0.049596 0.005875 0.225833 -0.189523 -0.077863 0.311974 0.181051 -0.158966 0.006214 0.012812 0.177337 0.072885 -0.025480 0.172100 0.256114 -0.247855 -0.172663 -0.115776 -0.083772 -0.282242 -0.068048 -0.411502 -0.042498 -0.224202 -0.330139 -0.200528 -0.150674 -0.036474 -0.116293 0.201342 0.507219 -0.209227 -0.069755 -0.149337 -0.109442 0.291912 0.279454 -0.083952 -0.310176 -0.179094 -0.081156 0.285229 0.254776 0.020120 -0.036902 0.211211 0.266855 0.392667 0.175396 0.220573 0.241663 0.155923 0.144543 0.180998 0.320856 -0.029205 0.431506 -0.094472 -0.113555 0.030947 0.169462 0.069373 -0.015723 0.162463 0.150571 -0.025044 0.035978 -0.122747 0.022507 -0.336312 -0.002378 -0.056458 0.196145 -0.012316 0.005793 0.157826 0.192105 0.075109 -0.024253 -0.109176 -0.137243 0.011754 -0.141710 -0.156083 0.019809 0.146897 0.194903 0.038191 0.036778
-0.164960 -0.076730 -0.151031 0.006017 0.229458 -0.246245 -0.105421 0.075043 -0.230618 -0.023398 -0.351911 -0.070713 -0.262183 0.108008 -0.093843 0.223132 0.232595 0.029756 0.083364 0.078085 1.000000 0.243074 -0.260350 -0.182068 0.035102 -0.180170 -0.068021 -0.328185 0.296126 0.338339 0.429658 0.316541 -0.092577 0.005295 0.160233 -0.120836 0.294254 0.256564 -0.064775 -0.058244 0.273129 0.277100 0.137951 0.151104 0.028320 0.150574 -0.124759 0.178538 -0.257503 -0.055646 -0.472319 -0.050081 -0.028637 0.006047 -0.109757 -0.109772 -0.019957 -0.072842 -0.172831 -0.339252 -0.184108 -0.111262 0.162869 0.024376 0.031032 -0.128407 -0.223785 0.032802 -0.080082 -0.121281 0.567159 0.405290 0.338413 0.354529 0.387563 0.353917 0.249833 0.461750 0.291588 0.025814 0.354421 0.070593 0.034909 -0.038298 -0.262154 -0.251862 -0.127758 -0.260687 -0.359753 -0.329859 0.157782 -0.088586 0.084763 -0.163233 -0.163632 0.152871 -0.344176 0.172745 -0.284448 0.288756 -0.076061 0.288419 0.078278 0.226893 -0.021847 0.214191 0.224979 0.133524 0.044303 -0.022290 -0.306345 0.183244 0.217868 0.099292 0.113711 -0.033258
0.089000 -0.257524 -0.029990 0.004365 -0.179601 0.124733 0.043414 -0.137371 -0.137248 -0.160709 -0.026024 0.033052 0.043113 -0.134152 -0.012385 0.176730 -0.219176 -0.004615 0.098901 -0.092524 0.243074 1.000000 0.270413 0.225535 -0.045605 0.268978 0.140566 0.178545 -0.060554 -0.160653 0.266699 0.177298 -0.093700 -0.176530 0.086076 0.057650 0.277949 0.255648 0.252227 0.099915 0.128890 0.179750 -0.000389 -0.008439 -0.264803 -0.186620 -0.159267 -0.032565 0.177892 -0.162835 0.045468 0.081497 0.063325 0.150085 0.024521 0.168485 -0.078792 0.049388 -0.129104 -0.134990 -0.325743 -0.387560 -0.246948 -0.242569 -0.071909 -0.042832 -0.224403 -0.174149 0.052520 -0.071597 0.192331 0.179889 0.022464 0.025941 0.195703 0.254777 0.196647 0.117767 0.126702 0.114719 -0.035362 -0.007097 -0.114698 0.023840 0.065530 0.197222 0.165404 0.157671 0.235730 -0.002885 -0.014439 -0.043487 -0.122109 0.034740 -0.191722 -0.080790 -0.140946 -0.052932 -0.135608 -0.008083 -0.062552 0.104530 -0.272827 -0.082017 -0.228082 0.094150 -0.075573 0.110482 -0.120994 0.072179 0.003409 0.029142 0.073332 -0.263389 0.106739 0.072377
0.257003 -0.176530 0.358058 0.023349 -0.254115 0.354605 0.333192 -0.124204 0.311372 -0.203985 0.195866 0.102176 0.370657 -0.132667 0.340198 0.086750 -0.482348 -0.286094 0.115240 -0.271331 -0.260350 0.270413 1.000000 0.626004 0.191190 0.445663 0.402860 0.549287 -0.369413 -0.566618 0.092086 0.018168 -0.153350 -0.045372 -0.015694 0.417222 -0.334503 -0.174777 0.122110 -0.133104 -0.154776 -0.162662 -0.061274 -0.310954 -0.433854 -0.422017 -0.010262 -0.309284 0.393185 -0.357333 0.613778 0.030215 0.220158 0.210466 -0.042084 0.031541 -0.048298 0.011178 0.148141 0.098937 -0.075490 -0.300224 -0.433451 -0.309223 0.046871 -0.020405 -0.004914 -0.237836 0.085468 0.169486 -0.224878 -0.237994 -0.557460 -0.337558 -0.314684 -0.292624 -0.308402 -0.344003 -0.377917 0.002844 -0.478516 -0.273192 -0.072149 -0.114251 0.341152 0.228708 0.238343 0.247200 0.495299 0.328679 -0.147945 0.139524 -0.020392 0.407722 0.114927 -0.168940 0.067889 -0.403335 0.180402 -0.306738 0.069975 0.020638 -0.119093 -0.033503 0.013667 -0.065891 -0.167697 -0.066453 -0.078011 0.212563 0.434457 -0.086151 -0.016659 -0.174347 -0.225942 -0.012147
0.089320 -0.191675 -0.021544 0.342567 -0.329589 0.540181 0.167776 0.066732 0.042992 -0.071518 0.043823 0.281711 0.182344 -0.117445 0.167362 0.121706 -0.457210 -0.276702 0.035986 -0.069824 -0.182068 0.225535 0.626004 1.000000 0.173110 0.547575 0.301821 0.551811 -0.503420 -0.532896 0.245130 0.330699 -0.258267 0.125535 -0.053374 0.373941 -0.506605 -0.175530 -0.139096 -0.140320 -0.342607 -0.224275 -0.033137 -0.301419 -0.494706 -0.323394 0.027187 -0.312995 0.234945 -0.365552 0.478203 -0.034141 0.165241 0.134742 -0.171238 -0.105466 -0.109041 -0.077412 -0.121499 -0.040104 -0.211006 -0.267064 -0.383986 -0.399859 0.136323 0.171739 -0.261327 -0.070714 -0.025927 0.205663 -0.175001 -0.090992 -0.568951 -0.335372 -0.264317 -0.269949 -0.300352 -0.191046 -0.429745 -0.003006 -0.458842 -0.393326 -0.254196 0.230038 0.277987 0.314310 0.126735 0.372532 0.454207 0.359957 0.042858 0.264649 0.370095 0.339585 -0.134176 -0.116486 -0.155097 -0.311713 -0.092468 -0.276247 0.154023 -0.046868 -0.028675 -0.079900 0.118093 -0.128193 -0.051013 -0.254501 -0.066497 0.149239 0.317639 -0.059471 0.017731 -0.106045 -0.197210 -0.171196
-0.344868 -0.148510 -0.013088 0.059737 0.030403 0.239608 -0.168640 0.053096 -0.140051 0.105014 -0.204235 -0.118654 -0.378205 -0.260197 0.154194 -0.170747 -0.050656 -0.188952 -0.309028 -0.277946 0.035102 -0.045605 0.191190 0.173110 1.000000 0.600742 0.130130 -0.040071 -0.122563 -0.089862 0.524252 0.483540 -0.047226 0.024757 0.078104 0.080832 -0.138263 -0.158177 -0.077523 0.018006 0.052641 -0.283409 0.102580 0.045663 0.118637 0.198285 0.013416 -0.012118 0.078435 0.138991 0.102661 0.109865 -0.043195 0.085208 -0.280632 -0.136293 0.029032 -0.095771 -0.120656 0.077564 -0.098056 0.054889 -0.087579 -0.082236 -0.029648 0.070967 0.062877 0.305171 -0.023097 0.162339 0.068081 0.063561 -0.147255 0.008972 -0.214889 -0.174533 -0.212482 -0.154271 -0.114424 -0.111500 -0.023495 -0.081699 -0.019794 -0.094269 -0.110895 -0.040056 -0.116365 -0.100680 -0.179912 -0.184662 -0.087874 -0.092754 0.096580 0.017897 0.044595 -0.048547 0.112389 0.056819 -0.146047 0.020266 0.076639 -0.037843 0.052227 -0.035436 0.021043 0.067448 -0.037813 0.035619 0.167429 0.027926 0.106224 0.100307 0.035175 0.053896 0.084808 0.130574
-0.071075 -0.272796 -0.013717 0.158037 -0.228973 0.573434 -0.137642 -0.011633 -0.156114 0.049440 0.037284 -0.104909 -0.130211 -0.432745 0.038787 -0.218663 -0.397535 -0.290113 -0.180410 -0.199039 -0.180170 0.268978 0.445663 0.547575 0.600742 1.000000 0.169631 0.364798 -0.445429 -0.449998 0.407042 0.491395 -0.099632 0.026116 0.024838 0.238786 -0.348628 -0.163231 -0.042035 0.091489 -0.162079 -0.307313 -0.007422 -0.132602 -0.205690 -0.094098 0.077312 -0.182967 0.285551 -0.118014 0.327352 0.051447 0.040381 0.107054 -0.105454 -0.049008 0.024127 -0.001994 -0.103724 0.144475 -0.152996 -0.103949 -0.311956 -0.307955 -0.094445 0.160159 -0.048774 0.175808 0.065714 0.267386 -0.128978 0.067930 -0.446386 -0.169232 -0.384751 -0.281681 -0.279503 -0.229875 -0.321533 -0.077821 -0.362905 -0.264506 -0.156892 -0.033871 0.143689 0.199454 0.045284 0.191553 0.220019 0.114353 -0.101315 0.081598 0.165726 0.147644 0.104332 -0.092245 0.076275 -0.088220 -0.091396 -0.228720 -0.006651 -0.101905 -0.092037 -0.177746 -0.120098 -0.090757 -0.188111 -0.078882 0.095328 0.167990 0.279869 0.040397 -0.003504 -0.146261 -0.071900 0.074476
0.065209 -0.032791 0.022260 0.028091 0.009332 0.166553 0.172145 -0.164883 0.097272 -0.144056 0.021951 -0.066007 0.035424 -0.101056 0.303753 0.017131 -0.126145 -0.160830 -0.004231 -0.058883 -0.068021 0.140566 0.402860 0.301821 0.130130 0.169631 1.000000 0.310933 -0.041704 -0.139657 0.037473 0.035362 -0.011361 0.030617 0.046733 0.133422 -0.089497 -0.114074 -0.034375 -0.290934 -0.130102 -0.034279 0.008467 -0.119054 -0.121159 -0.174130 -0.133182 -0.125843 0.098994 -0.079412 0.310515 -0.031768 0.030023 0.036024 -0.098729 -0.061140 0.073457 0.120533 0.129877 0.018530 0.101186 -0.069963 0.006419 0.114351 0.122403 -0.084377 0.034798 -0.146232 0.144966 0.201440 -0.172901 -0.205195 -0.085985 -0.176394 -0.071538 -0.139405 -0.078126 -0.116484 -0.090170 0.031142 -0.071241 -0.005564 0.003431 0.051821 0.189506 0.030072 0.150051 0.022801 0.134141 0.055738 -0.018985 0.066558 -0.163052 0.256867 -0.057733 -0.288213 -0.083136 -0.360782 0.044250 -0.010304 0.016215 0.060746 0.076786 0.002182 0.102372 -0.089102 -0.051310 -0.124018 -0.181917 0.108201 0.177054 -0.045405 -0.141033 0.073513 -0.101407 0.011360
0.508654 0.097679 -0.176715 -0.043895 -0.617873 0.454059 -0.063307 -0.448589 0.146080 -0.425260 0.462912 -0.039680 0.462965 -0.379082 0.170036 -0.194613 -0.270005 -0.094387 0.305720 0.049596 -0.328185 0.178545 0.549287 0.551811 -0.040071 0.364798 0.310933 1.000000 -0.448748 -0.669266 -0.122087 -0.262803 -0.162986 -0.398219 -0.214326 0.263705 -0.391731 0.018594 0.236209 0.050215 -0.079686 -0.016559 -0.218887 -0.449462 -0.441789 -0.617315 0.109242 -0.361198 0.354106 -0.363614 0.703909 0.049530 0.220721 0.151783 0.366312 0.248751 0.333668 0.385083 0.128892 0.326568 -0.124309 -0.203236 -0.223231 -0.177153 -0.346912 -0.261567 0.154350 -0.413133 0.454166 0.486653 -0.283739 -0.265705 -0.464445 -0.365887 -0.210379 -0.382135 -0.266158 -0.290304 -0.246764 0.092614 -0.402032 -0.254138 -0.127138 0.007132 0.418997 0.330076 0.543347 0.710863 0.741674 0.630971 -0.085078 0.258940 -0.093754 0.552558 0.130437 0.004199 0.115028 -0.235078 0.306459 -0.171624 0.034053 0.094206 -0.217174 0.047914 0.064319 0.027328 -0.055868 0.018938 -0.017103 0.212898 0.356364 -0.172315 -0.140963 -0.013396 -0.045503 0.047839
0.049491 0.068000 -0.059994 -0.345383 0.252255 -0.425723 -0.020997 -0.092966 0.031659 0.023255 -0.142388 0.189179 -0.170464 0.365426 0.284498 0.187799 0.608243 0.205170 0.073299 0.005875 0.296126 -0.060554 -0.369413 -0.503420 -0.122563 -0.445429 -0.041704 -0.448748 1.000000 0.611851 -0.055725 -0.137838 0.218842 0.031148 0.143348 -0.225655 0.478687 0.115109 -0.015447 -0.081293 0.277011 0.169822 -0.042874 0.055511 0.149772 0.115274 -0.084857 -0.011550 -0.231055 0.062639 -0.367925 -0.010562 -0.081237 -0.011683 -0.103026 -0.116679 0.072087 -0.163773 0.201035 -0.155205 0.237557 -0.003604 0.321417 0.374910 0.134374 -0.179029 0.029676 -0.070363 -0.176786 -0.277093 0.327383 0.050809 0.715995 0.230589 0.433753 0.414221 0.395379 0.120254 0.397366 0.087059 0.585719 0.397091 0.522376 -0.034106 -0.110982 -0.115948 -0.151014 -0.405202 -0.478676 -0.484114 -0.042652 -0.133835 -0.255544 -0.235337 0.064408 -0.077700 -0.052352 -0.081495 -0.066828 0.061070 -0.140905 0.024964 -0.098151 -0.082474 -0.173231 -0.056668 0.011321 -0.027945 0.122724 -0.177604 -0.195960 -0.137941 -0.122737 0.044180 0.126303 -0.129659
-0.189251 0.015866 -0.058717 -0.155792 0.444273 -0.472795 0.013490 0.146226 -0.072420 0.216989 -0.402008 -0.003634 -0.291750 0.272467 -0.129070 0.135657 0.425819 0.427504 -0.185876 0.225833 0.338339 -0.160653 -0.566618 -0.532896 -0.089862 -0.449998 -0.139657 -0.669266 0.611851 1.000000 0.051660 0.066825 0.257167 0.286204 0.169924 -0.161484 0.369741 0.030066 -0.156444 -0.077175 0.282143 0.197426 0.033077 0.290728 0.373785 0.424435 -0.128060 0.187844 -0.506698 0.329070 -0.586922 -0.151135 -0.260112 -0.234910 -0.251368 -0.206698 -0.040757 -0.105155 -0.133096 -0.434009 0.091103 0.021708 0.423465 0.413922 0.217713 -0.036273 -0.248796 0.120642 -0.220157 -0.318648 0.216614 0.062005 0.703749 0.450110 0.384413 0.332473 0.348588 0.267198 0.361977 0.160885 0.621541 0.462762 0.215865 0.119581 -0.306076 -0.245022 -0.329129 -0.441631 -0.542024 -0.572725 -0.068175 -0.262078 -0.136679 -0.412987 -0.102457 -0.098238 -0.144499 0.137936 -0.117265 0.258534 -0.095208 -0.035739 0.026592 -0.025757 -0.035496 -0.015131 0.014300 -0.012011 -0.021863 -0.306053 -0.327381 0.003052 0.028079 0.085947 0.034093 -0.011345
-0.321996 -0.240561 -0.100983 0.256310 0.073180 0.186456 -0.085392 0.133193 -0.265415 0.045710 -0.330512 0.107365 -0.262790 0.023318 0.008632 0.105789 -0.033066 -0.066517 -0.045136 -0.189523 0.429658 0.266699 0.092086 0.245130 0.524252 0.407042 0.037473 -0.122087 -0.055725 0.051660 1.000000 0.816596 -0.146515 0.163321 0.013808 0.020546 -0.204551 -0.118852 -0.275438 -0.023976 -0.077414 -0.046537 0.158483 0.082990 -0.083559 0.105181 0.026948 -0.071216 -0.024726 -0.083833 -0.115926 0.040380 -0.052869 0.091661 -0.405136 -0.221521 -0.136805 -0.148330 -0.372451 -0.251340 -0.251414 -0.102573 -0.002959 -0.148093 0.152240 0.095981 -0.327885 0.127925 -0.120610 -0.032670 0.325936 0.326848 -0.011486 0.160153 0.048787 0.074347 -0.050088 0.149692 0.007448 0.009662 0.005038 -0.149957 -0.101115 0.084998 -0.093509 0.037412 -0.157857 -0.049187 -0.226454 -0.200392 0.017294 -0.084900 0.188977 -0.163448 -0.117838 -0.021207 -0.251847 -0.015958 -0.334213 0.039957 -0.103263 -0.070546 -0.066685 -0.135567 -0.036723 0.024454 0.010418 -0.062559 0.106139 -0.053019 -0.231677 0.009560 0.011556 -0.006486 -0.037651 -0.095516
-0.519395 -0.320496 -0.082986 0.424418 0.142797 0.261596 -0.055331 0.332624 -0.349781 0.262914 -0.403782 0.118826 -0.330079 0.029076 -0.036209 0.038925 -0.135996 -0.117570 -0.165870 -0.077863 0.316541 0.177298 0.018168 0.330699 0.483540 0.491395 0.035362 -0.262803 -0.137838 0.066825 0.816596 1.000000 -0.083862 0.427759 0.177387 0.027363 -0.215557 -0.194725 -0.418030 -0.037870 -0.191795 -0.107790 0.211959 0.124672 -0.026735 0.303538 -0.039587 0.033256 -0.155879 0.005551 -0.243488 -0.107413 -0.165981 -0.021128 -0.573833 -0.363835 -0.296697 -0.249889 -0.457510 -0.331313 -0.270793 -0.050653 -0.095848 -0.246234 0.290185 0.261733 -0.381890 0.377872 -0.211933 -0.033915 0.206492 0.357211 -0.120698 0.164112 -0.083985 0.034115 -0.075212 0.182436 -0.079390 -0.059826 -0.077461 -0.163628 -0.168342 0.206750 -0.137119 0.031726 -0.318221 -0.205977 -0.305757 -0.261535 0.088870 -0.085262 0.325432 -0.191990 -0.214500 -0.031884 -0.320524 -0.013630 -0.414287 -0.050755 -0.061812 -0.099020 0.132616 -0.122139 0.001204 -0.093034 -0.034869 -0.174219 0.055756 0.030068 -0.161874 0.146573 0.090707 -0.035287 -0.039156 -0.120906
0.083116 0.137110 -0.073762 -0.084648 -0.068122 -0.214409 -0.052972 -0.177286 -0.218618 -0.128513 0.016469 -0.125843 -0.069593 -0.217367 -0.152523 -0.313601 0.041570 0.224187 -0.007372 0.311974 -0.092577 -0.093700 -0.153350 -0.258267 -0.047226 -0.099632 -0.011361 -0.162986 0.218842 0.257167 -0.146515 -0.083862 1.000000 0.328584 0.040652 -0.237207 0.206403 0.050881 0.096762 -0.195880 0.206015 -0.054351 -0.060741 0.119525 0.064908 0.092156 -0.135648 -0.030591 -0.187236 0.161517 -0.001866 -0.220855 -0.296245 -0.205530 -0.063837 -0.056820 0.162131 0.304432 -0.074560 -0.079698 0.096714 0.031580 0.195740 0.318418 0.006713 -0.154065 0.209646 0.028077 0.204561 0.090339 -0.260066 -0.262190 0.206742 0.027440 0.150524 0.008997 0.193615 0.021451 0.119698 0.160072 0.126623 0.348052 0.048074 0.032012 0.100144 0.036642 -0.045699 -0.086985 -0.104761 -0.175107 -0.157471 -0.147641 -0.361024 -0.072764 -0.035860 -0.323129 -0.043762 -0.140793 0.000580 0.013100 -0.283067 -0.096919 0.040188 -0.090362 -0.176832 -0.177356 -0.246813 -0.089449 0.068502 -0.157923 -0.069117 -0.041466 -0.048637 -0.034145 -0.113929 -0.084736
-0.275526 0.015552 0.269242 0.245678 0.451835 0.008650 0.365047 0.508320 0.066059 0.387852 -0.504304 0.052690 -0.228716 0.126519 -0.157333 0.142937 -0.231047 -0.084011 -0.217602 0.181051 0.005295 -0.176530 -0.045372 0.125535 0.024757 0.026116 0.030617 -0.398219 0.031148 0.286204 0.163321 0.427759 0.328584 1.000000 0.134483 0.281675 -0.245727 -0.158133 -0.336509 -0.260224 -0.213600 -0.085510 -0.020844 0.091079 0.066188 0.379022 -0.327823 -0.002753 -0.337654 0.144441 -0.281170 -0.328561 -0.320883 -0.313328 -0.577388 -0.472011 -0.272882 -0.176403 -0.162830 -0.370953 0.233874 0.175567 0.031258 0.042862 0.458909 0.429918 -0.317224 0.352437 -0.271846 -0.002634 -0.154049 -0.072441 -0.009927 0.101862 -0.042674 0.086437 -0.154293 0.007605 -0.250567 -0.040054 -0.114843 -0.102891 -0.116537 0.166530 -0.180621 -0.254136 -0.470589 -0.394582 -0.339282 -0.240176 -0.075364 -0.164017 0.145710 -0.217663 -0.184067 -0.229356 -0.291848 -0.164043 -0.291628 -0.205619 -0.014230 -0.231817 0.316798 -0.171033 0.005139 -0.407693 -0.207071 -0.331940 0.006631 -0.070706 0.005982 0.076997 0.026480 -0.170262 -0.225968 -0.304628
-0.148288 -0.298805 0.132414 -0.021507 0.238664 -0.008361 0.172472 0.167582 -0.040571 0.299093 -0.251709 -0.156767 -0.094187 0.017089 0.013262 0.132737 -0.195514 -0.006989 -0.160230 -0.158966 0.160233 0.086076 -0.015694 -0.053374 0.078104 0.024838 0.046733 -0.214326 0.143348 0.169924 0.013808 0.177387 0.040652 0.134483 1.000000 0.187500 0.145019 -0.108537 -0.251989 -0.085328 0.016736 -0.083004 0.350824 0.217439 0.063926 0.292685 -0.009836 0.176101 -0.297120 0.006559 -0.189436 -0.304732 -0.115069 -0.075772 -0.171323 -0.260578 -0.128226 -0.251446 0.046076 -0.316733 0.039000 -0.030990 -0.121141 -0.082884 0.143550 0.008329 0.031368 0.264844 -0.166661 -0.177045 -0.004275 0.232107 0.040440 0.098795 -0.068595 0.018291 0.108278 0.140772 -0.070432 -0.051179 -0.156343 0.082068 -0.017883 -0.220304 -0.187177 -0.132905 -0.218059 -0.390358 -0.213112 -0.292907 0.100331 -0.113210 0.050730 0.045911 -0.036781 0.052607 -0.138489 -0.030652 -0.038224 -0.020017 0.078598 0.143754 0.222934 0.078502 -0.009570 -0.119130 -0.091669 -0.016189 0.189608 0.177459 0.156784 0.207399 0.047530 -0.020554 -0.086107 -0.106190
0.122988 -0.047313 0.265987 -0.097284 0.156574 0.183699 0.387951 0.122496 0.501297 0.102499 -0.218253 0.031664 0.218189 -0.025377 -0.013581 0.200867 -0.374602 -0.025028 0.024165 0.006214 -0.120836 0.057650 0.417222 0.373941 0.080832 0.238786 0.133422 0.263705 -0.225655 -0.161484 0.020546 0.027363 -0.237207 0.281675 0.187500 1.000000 -0.376910 -0.101682 -0.042297 -0.084391 -0.083309 -0.078550 -0.000320 -0.193256 -0.280445 -0.032568 -0.168837 -0.157342 -0.068638 -0.194940 0.156692 -0.259827 -0.003204 -0.085832 -0.167007 -0.303536 -0.064731 -0.094391 0.248324 -0.216849 0.103103 -0.196193 -0.188817 -0.213918 0.089434 0.108913 -0.319498 -0.025725 -0.034751 0.137449 -0.070975 0.000516 -0.201995 0.042964 -0.204804 -0.013179 -0.235306 -0.079539 -0.315671 -0.156310 -0.275770 -0.188381 -0.216005 -0.125982 -0.109754 -0.157346 0.046788 0.096555 0.276098 0.119116 -0.096025 -0.054555 0.116702 0.250871 -0.080134 -0.053846 -0.148271 -0.236084 -0.000911 -0.179115 0.128512 -0.069743 -0.003028 -0.058852 0.062447 -0.078937 -0.237587 -0.062484 0.028918 0.237971 0.364610 0.063078 0.169787 -0.197002 -0.090873 0.023170
