1.000000 0.437547 -0.026118 -0.196650 -0.261704 -0.314489 -0.026741 -0.190682 -0.342216 -0.387781 0.286455 0.000262 0.150417 -0.179517 -0.374412 -0.445623 0.210390 0.256060 0.370902 0.433610 -0.179445 -0.210061 -0.096695 -0.015149 -0.239768 -0.369222 -0.141200 -0.127449 0.050473 -0.214131 -0.250593 -0.088508 0.240451 0.188202 -0.164176 -0.269153 0.047341 -0.120446 0.005607 -0.227316 -0.088595 -0.101247 0.060972 0.079502 0.169699 -0.039994 -0.106854 0.015855 0.178832 0.221534 0.076218 0.061747 -0.143110 0.005946 0.118984 -0.143611 0.634440 0.479834 -0.077765 -0.231097 0.220775 -0.061278 0.252872 -0.005734 -0.035852 -0.195707 -0.112343 -0.303221 0.333384 0.171858 -0.044321 -0.121514 0.028750 -0.102494 -0.062529 -0.180965 0.061661 0.026938 0.361892 0.213849 0.241313 0.080642 -0.005279 0.100927 -0.185399 -0.143043 -0.119385 -0.103784 -0.020948 -0.012193 -0.111465 -0.158978 -0.044752 0.017137 -0.090332 -0.083797 -0.191036 -0.042293 -0.061200 -0.039222 0.054287 0.213618 -0.192979 -0.082809 -0.189658 -0.108155 -0.145167 -0.174731 -0.021615 -0.127437 -0.130819 0.059297 -0.221547 0.195076 -0.089257 -0.044756
0.437547 1.000000 0.047928 0.077329 -0.276116 -0.371804 0.090752 0.205716 -0.318739 -0.421801 0.243336 0.333849 0.334988 0.063334 -0.231509 -0.401734 0.198497 0.295014 0.392088 0.410988 -0.225783 -0.183039 -0.116127 -0.144717 -0.385131 -0.355042 -0.082448 -0.053588 0.038855 -0.174677 -0.203222 -0.056827 0.296340 0.215547 -0.264571 -0.329309 -0.033731 -0.114378 -0.062663 -0.234254 -0.094816 -0.153993 -0.166564 -0.220037 -0.189558 -0.334310 -0.292261 -0.261415 -0.104222 -0.058475 -0.125222 -0.155150 -0.024047 -0.210196 0.044532 -0.253462 0.401039 0.744331 -0.096861 -0.049514 0.173656 0.305349 0.265583 0.382216 -0.110739 -0.108236 -0.267423 -0.377250 0.417826 0.199508 -0.088468 -0.210873 -0.001067 -0.190689 -0.017720 -0.241774 0.148689 0.039889 0.247816 0.161079 0.240309 0.023971 -0.139008 -0.087983 -0.106570 -0.342399 -0.164174 -0.127593 -0.082333 -0.085566 -0.258634 -0.289657 -0.279497 -0.364042 -0.057287 -0.054906 -0.303747 -0.046763 -0.414021 -0.230491 -0.069938 -0.037215 -0.054586 -0.138069 -0.099746 -0.150068 0.080954 -0.076973 -0.193429 -0.075557 -0.238310 -0.165795 -0.221497 -0.049899 -0.099520 -0.030342
-0.026118 0.047928 1.000000 0.229890 0.140017 0.261566 0.455878 0.321121 -0.068140 -0.095675 -0.079878 0.143765 -0.136949 -0.043774 0.089654 -0.048699 -0.450581 -0.248921 0.211756 0.078717 -0.100913 0.080904 0.585404 0.279322 -0.025765 0.178360 0.251346 0.256232 -0.378257 -0.538072 -0.113720 -0.070358 0.135341 0.069628 -0.045691 0.041075 -0.249371 -0.144423 0.067233 0.042903 -0.396564 -0.169210 -0.151461 -0.238500 -0.292770 -0.005713 -0.184863 -0.375915 -0.079414 -0.132415 -0.102531 -0.430597 -0.016690 -0.279672 0.201581 -0.239045 -0.211129 -0.127130 0.447663 -0.076456 0.423007 0.101427 -0.293610 -0.093883 0.433829 0.297014 -0.043014 0.167433 -0.332392 -0.198152 -0.239530 -0.257434 -0.363680 -0.422511 -0.296339 -0.207920 -0.148251 -0.170342 -0.162595 -0.103826 -0.465909 -0.320108 0.011296 0.149969 -0.038522 -0.402277 0.111175 -0.021877 0.364679 0.266826 -0.111842 -0.321417 0.080085 -0.112680 0.078409 -0.370366 0.046422 -0.120808 -0.193287 -0.435520 -0.073369 -0.342054 -0.258395 -0.205861 -0.117690 0.061394 0.159790 -0.013901 -0.200675 -0.162211 -0.073664 -0.388065 -0.170632 -0.208949 -0.066145 -0.237441
-0.196650 0.077329 0.229890 1.000000 0.253694 0.338737 0.001113 0.610872 0.116967 0.059071 -0.143887 0.359970 -0.016717 0.312963 0.017103 0.022931 -0.258272 -0.021988 0.014980 0.049245 -0.055610 0.099715 0.272548 0.482492 0.101491 0.094231 0.203152 0.185715 -0.364087 -0.106213 -0.083190 0.093592 -0.073519 -0.039872 -0.067751 0.031989 -0.296720 -0.303546 0.101262 0.055997 -0.444019 0.116737 -0.081645 -0.092815 -0.160971 -0.046089 -0.068629 -0.294468 -0.137847 -0.022549 -0.122886 -0.189330 -0.017544 -0.097725 0.144394 -0.213565 -0.124853 -0.043793 0.076676 -0.005154 0.099658 0.261129 -0.070277 0.001190 0.110325 0.395124 -0.230376 0.058050 -0.191125 -0.133964 -0.163916 0.090358 -0.441447 -0.136810 -0.240396 -0.232946 -0.296582 -0.105972 -0.244242 -0.058403 -0.237767 -0.220173 -0.179298 0.071365 -0.120989 -0.205937 -0.071160 0.096839 0.330745 0.287612 -0.151853 -0.377151 0.089535 -0.355243 0.067350 -0.204829 -0.164228 -0.204213 -0.260822 -0.450764 -0.392281 -0.379025 -0.236464 -0.289407 0.020268 -0.009653 -0.155206 -0.184238 -0.142697 -0.205991 -0.144852 -0.323913 0.001626 -0.116736 -0.059207 -0.107703
-0.261704 -0.276116 0.140017 0.253694 1.000000 0.550224 -0.041341 0.125398 0.873056 0.402058 -0.057155 0.072675 0.076363 0.191200 0.538520 0.252417 -0.284878 -0.249007 -0.382554 -0.284156 0.518831 0.375706 0.256619 0.406611 0.711555 0.408741 0.694541 0.459325 -0.387385 -0.196256 0.031369 -0.292549 -0.285235 -0.366877 -0.121447 -0.084304 -0.396249 -0.084103 -0.280752 0.312861 -0.192057 -0.006463 0.146429 0.057894 -0.063824 0.116223 0.006976 -0.240136 0.093462 0.162391 -0.074321 -0.058796 0.126788 -0.104523 0.139963 0.359799 -0.236000 -0.360945 0.422165 0.218352 0.173612 0.113278 -0.405226 -0.169306 0.064927 0.326277 0.095557 0.071217 -0.367898 -0.250105 -0.177987 -0.192070 -0.282641 -0.209609 -0.063228 0.035393 -0.396998 -0.552319 -0.299725 -0.407921 -0.332034 -0.323101 -0.208926 0.070889 -0.066356 -0.056120 -0.064109 -0.192911 0.422884 0.516326 0.137692 -0.335687 -0.007198 -0.163213 -0.039721 -0.312513 0.001315 -0.298603 0.014818 -0.179704 -0.196263 -0.251318 -0.081451 0.006613 0.031599 -0.028920 0.124316 0.189213 -0.194236 -0.297397 -0.153939 -0.393641 0.004507 -0.217453 -0.106494 -0.215171
-0.314489 -0.371804 0.261566 0.338737 0.550224 1.000000 -0.106850 0.260061 0.352625 0.665990 -0.127217 -0.020913 -0.188970 0.094229 0.503912 0.627469 -0.448473 -0.384817 -0.271163 -0.236197 0.325086 0.242412 0.076097 0.196627 0.397806 0.608803 0.506432 0.441321 -0.396719 -0.167136 0.152934 -0.031395 -0.237749 -0.276558 -0.150497 0.044423 -0.270259 -0.260307 0.057530 0.304500 -0.323995 0.117439 0.000630 -0.062066 -0.313497 0.044377 0.002863 -0.298533 -0.192720 -0.099436 -0.159237 -0.263812 0.044522 -0.134917 0.169865 0.033273 -0.210235 -0.419662 0.388177 0.280011 0.019684 0.150703 -0.469317 -0.125841 -0.014347 0.403253 -0.134933 0.111806 -0.436362 -0.178074 0.079908 0.148653 -0.424100 -0.027231 -0.364393 0.100960 -0.426769 -0.392802 -0.307413 -0.312476 -0.387778 -0.349131 -0.001754 0.233542 -0.019752 -0.067109 0.200831 0.137021 0.542077 0.462733 0.310413 -0.251697 0.140346 -0.044393 0.016132 -0.151571 0.081890 -0.090328 0.086419 -0.065718 -0.000765 -0.293991 -0.075381 0.042532 0.065560 0.062976 0.150806 0.158547 -0.190443 -0.118657 -0.223650 -0.256559 0.118022 -0.150313 -0.070732 -0.074321
-0.026741 0.090752 0.455878 0.001113 -0.041341 -0.106850 1.000000 0.266070 -0.008738 -0.141790 -0.020704 0.145679 0.241837 -0.007730 -0.103791 -0.150513 -0.247304 -0.087438 -0.035548 -0.150867 -0.157933 -0.061457 0.311707 0.023973 -0.159825 -0.100671 0.017612 0.008907 -0.075470 -0.149810 0.104834 0.142199 0.097553 0.071969 -0.258082 -0.022448 -0.324552 -0.111188 -0.119062 -0.201081 -0.155626 -0.124236 -0.062410 -0.003663 -0.009957 0.027865 -0.160195 0.025119 0.017688 0.048630 0.013613 -0.125914 -0.116721 -0.087002 -0.216748 -0.058485 -0.040499 -0.047528 0.168087 -0.025236 0.407985 0.203932 0.045025 0.128471 0.213109 0.042037 -0.011904 0.020934 -0.174553 -0.085927 0.028337 -0.126930 0.059943 -0.169908 -0.041273 -0.111447 -0.014297 0.023477 -0.030329 -0.076477 -0.061367 -0.119264 -0.121103 0.120865 -0.175001 -0.274023 -0.249508 -0.251478 -0.232858 -0.058986 -0.215304 -0.264578 0.048638 -0.065493 -0.122349 -0.274808 -0.001405 -0.123251 -0.185543 -0.204928 0.017838 0.034069 -0.102167 0.074435 -0.112448 -0.124508 -0.090693 -0.049860 -0.125644 0.017605 0.036258 -0.108754 -0.010848 0.130302 -0.058288 -0.178102
-0.190682 0.205716 0.321121 0.610872 0.125398 0.260061 0.266070 1.000000 -0.044010 0.243484 0.051196 0.561021 0.127590 0.468497 0.022476 0.223444 -0.148474 0.045682 -0.134224 -0.102832 -0.227327 -0.121054 -0.017548 0.135598 -0.236893 -0.166573 0.156585 0.040851 -0.200735 -0.003675 -0.164989 -0.070939 -0.015662 -0.043271 -0.328700 -0.102897 -0.180299 -0.341379 0.139469 -0.044436 -0.375365 0.115586 -0.176176 -0.162724 -0.303201 -0.127563 -0.108228 -0.272059 -0.129994 -0.001176 -0.098064 -0.089377 -0.017968 -0.013504 0.036465 -0.371086 -0.199675 -0.185611 0.126734 0.124291 0.259826 0.628002 -0.069236 0.103991 -0.018078 0.429020 -0.489225 -0.082461 -0.213776 -0.093038 -0.102249 0.008455 -0.329586 -0.173382 -0.232767 -0.328259 -0.177229 0.017202 -0.003642 -0.067359 -0.191245 -0.182743 -0.246148 0.224506 -0.254777 -0.338609 -0.182011 0.133848 0.255748 0.187813 -0.083089 -0.361353 0.226977 -0.396655 -0.080346 -0.237331 -0.154556 -0.179993 -0.258920 -0.517283 -0.121745 -0.485079 -0.310370 -0.344451 -0.055171 -0.149189 -0.074967 -0.257980 -0.316693 -0.200627 -0.275121 -0.287948 -0.031135 -0.068401 -0.192087 -0.273156
-0.342216 -0.318739 -0.068140 0.116967 0.873056 0.352625 -0.008738 -0.044010 1.000000 0.372252 -0.021014 0.097987 0.167173 0.239766 0.510902 0.213926 -0.168570 -0.104845 -0.488969 -0.443088 0.558312 0.422110 0.257399 0.360925 0.782184 0.402517 0.521341 0.397596 -0.313480 -0.014023 0.138655 -0.243380 -0.408761 -0.468853 -0.154963 -0.038469 -0.320580 0.108359 -0.393822 0.266769 -0.022082 -0.004798 0.230971 0.157602 0.039390 0.104188 0.131638 -0.048798 0.134602 0.158174 -0.012814 0.033510 0.196677 0.009594 -0.037924 0.505801 -0.282063 -0.338219 0.332026 0.197506 0.082363 -0.007192 -0.312296 -0.107243 0.025787 0.148922 0.132077 0.073769 -0.373015 -0.255423 -0.072141 -0.102679 -0.131744 -0.070523 0.091292 0.157611 -0.288217 -0.464998 -0.294218 -0.335499 -0.213460 -0.175619 -0.228686 -0.066030 0.037888 0.095723 -0.156907 -0.325572 0.156928 0.368783 0.093965 -0.174050 -0.073187 -0.079748 -0.035653 -0.239081 0.057463 -0.205554 0.061791 -0.002783 -0.141211 -0.156388 0.108566 0.099678 0.070464 -0.083135 0.029725 0.179329 -0.102024 -0.230504 -0.022313 -0.281940 0.121076 -0.054128 -0.011253 -0.118081
-0.387781 -0.421801 -0.095675 0.059071 0.402058 0.665990 -0.141790 0.243484 0.372252 1.000000 0.135942 0.050510 -0.028988 0.316607 0.373511 0.774305 -0.130633 -0.156291 -0.455886 -0.398688 0.141571 -0.075254 -0.242301 -0.005570 0.409708 0.407758 0.086657 -0.052224 -0.162310 0.188330 0.311058 -0.009003 -0.272471 -0.235200 -0.141548 0.014411 -0.041290 -0.219916 -0.125902 -0.036313 -0.089980 0.182916 0.010339 0.092610 -0.182185 0.033325 0.069088 -0.076473 -0.072297 -0.036805 0.007786 0.075146 0.082825 0.120201 -0.109143 -0.100694 -0.253850 -0.460789 0.278040 0.385125 -0.079059 0.223506 -0.321032 -0.034152 -0.242850 0.247646 -0.126461 0.072735 -0.250291 0.006901 0.238398 0.275008 -0.274011 0.188984 -0.318922 0.237032 -0.269685 -0.265034 -0.085886 -0.246804 -0.110314 0.035788 -0.014250 0.201318 -0.115775 0.197130 0.118119 0.119516 0.210625 0.081189 0.355867 0.018023 0.179595 0.111544 -0.132151 0.101563 -0.019348 0.117701 0.133390 0.031294 0.286552 -0.102504 0.185426 0.172455 0.112620 -0.143574 0.114667 -0.056853 -0.180193 -0.148219 -0.194725 0.041697 0.206399 -0.063048 0.029410 -0.055535
0.286455 0.243336 -0.079878 -0.143887 -0.057155 -0.127217 -0.020704 0.051196 -0.021014 0.135942 1.000000 0.433723 0.520936 0.413538 0.004227 0.015600 0.620483 0.489687 0.069763 -0.078880 -0.135005 -0.241247 -0.021606 0.041389 -0.007780 -0.113254 -0.137450 -0.214024 0.265909 0.283547 0.042861 0.134039 -0.172821 -0.055295 -0.202816 -0.130003 0.243244 -0.188335 -0.196631 -0.384155 -0.020681 -0.052988 -0.011893 0.091111 0.002713 -0.183731 -0.006917 -0.175073 0.065544 0.046398 0.008651 0.083934 0.058312 0.045427 -0.294157 -0.260477 -0.011255 0.046562 -0.177524 -0.272046 0.003426 -0.071069 0.272941 0.001733 -0.052833 -0.351123 -0.387260 -0.538917 0.133049 -0.018875 0.267253 0.221019 0.078664 0.197817 -0.002486 0.054194 0.225498 0.179982 0.489338 0.275671 0.329620 0.283724 0.042453 0.175980 0.065460 0.053373 -0.071087 0.009437 -0.056069 -0.124434 -0.099645 0.004252 -0.171294 0.007116 -0.220805 0.046056 -0.408214 0.051291 -0.345334 -0.087647 0.226851 -0.072373 0.202466 0.032312 -0.055382 -0.281937 -0.283690 -0.365410 -0.163516 -0.258317 -0.365005 -0.080917 -0.148789 0.327653 -0.043281 -0.025021
0.000262 0.333849 0.143765 0.359970 0.072675 -0.020913 0.145679 0.561021 0.097987 0.050510 0.433723 1.000000 0.142398 0.813194 -0.114214 -0.067164 0.214135 0.644095 -0.177894 -0.174735 -0.289848 -0.230630 0.161974 0.278922 -0.077128 -0.203288 -0.055292 -0.113608 -0.181738 0.209101 -0.160692 0.006789 -0.309566 -0.168938 -0.444870 -0.107592 0.040463 -0.113108 -0.059089 -0.151354 -0.272075 -0.038515 -0.102830 -0.003085 -0.101101 -0.062996 0.027585 -0.120579 -0.031080 0.130850 -0.192518 -0.012340 0.038628 0.105476 -0.128092 -0.256871 -0.280586 -0.064059 0.061802 0.006956 0.184394 0.307651 -0.006920 0.079676 0.002135 0.003413 -0.500997 -0.265968 -0.136625 -0.172235 -0.124213 0.101886 -0.215391 -0.149178 -0.160606 -0.241697 -0.080960 -0.002761 0.266561 0.226156 -0.110392 0.155361 -0.128853 0.167973 -0.163818 -0.174097 -0.206073 -0.045747 0.080466 0.093497 -0.096940 -0.174918 0.032863 -0.237625 0.025181 -0.119129 -0.193059 0.054708 -0.328755 -0.385249 0.002845 -0.452480 0.015289 -0.248225 0.001517 -0.174268 -0.162219 -0.342394 -0.145598 -0.237831 -0.294180 -0.264001 0.077004 0.131022 -0.069194 -0.150701
0.150417 0.334988 -0.136949 -0.016717 0.076363 -0.188970 0.241837 0.127590 0.167173 -0.028988 0.520936 0.142398 1.000000 0.103841 0.161232 -0.070864 0.337548 0.203232 0.022328 -0.143779 0.040875 -0.037167 -0.058482 -0.011547 0.024364 -0.174992 0.098438 -0.001425 0.313692 0.205508 0.185985 0.140581 -0.056866 -0.122024 -0.227903 -0.266869 -0.060434 -0.309528 -0.296744 -0.351182 0.053525 -0.120248 0.045295 0.047485 0.005514 -0.232380 -0.061082 -0.089480 0.018037 0.039598 -0.013876 0.010256 -0.066421 -0.130594 -0.345340 -0.090178 0.224482 0.176853 -0.168792 -0.193374 -0.055038 0.034750 0.385213 0.236439 -0.159225 -0.199961 -0.172002 -0.411776 0.074160 -0.030646 0.358983 0.072865 0.165212 0.264385 0.181810 0.024778 0.257820 0.150258 0.230923 0.050939 0.536190 0.076184 -0.305654 -0.093372 0.144524 -0.091661 -0.403477 -0.135315 -0.253323 -0.250802 -0.232770 -0.280252 -0.326972 -0.271698 -0.329911 -0.095754 -0.260407 -0.267979 -0.439739 -0.153916 -0.239852 -0.081908 -0.048966 -0.037091 -0.181377 -0.248058 -0.227896 -0.115790 -0.323295 -0.257145 -0.150708 -0.169505 -0.213146 0.229208 -0.220880 -0.094171
-0.179517 0.063334 -0.043774 0.312963 0.191200 0.094229 -0.007730 0.468497 0.239766 0.316607 0.413538 0.813194 0.103841 1.000000 -0.022307 0.212669 0.179346 0.526308 -0.420310 -0.343894 -0.180513 -0.244590 0.036128 0.320325 0.102967 -0.091244 -0.114707 -0.223238 -0.116918 0.427379 0.004790 0.114056 -0.341546 -0.121346 -0.330767 -0.073884 0.034035 -0.139721 0.013882 -0.100467 -0.135400 0.089363 -0.207483 0.010351 -0.137053 -0.054125 -0.068814 -0.092214 -0.001341 0.071831 -0.119630 0.108846 0.026889 0.119786 -0.192702 -0.193532 -0.327881 -0.246439 0.020339 0.028128 0.081770 0.217996 -0.025661 0.072008 -0.165660 0.000936 -0.458792 -0.164921 -0.147354 -0.113254 -0.054417 0.308736 -0.181551 0.057170 -0.172065 -0.049230 -0.215639 0.004023 0.186901 0.194277 -0.082058 0.303192 -0.135416 0.142420 -0.209079 0.122258 -0.133222 0.138615 0.094076 0.103683 0.049369 -0.009218 0.063062 -0.070111 0.052174 0.045945 -0.124859 0.228640 -0.169919 -0.272029 0.111421 -0.419851 0.090117 -0.223531 0.051764 -0.229829 -0.240398 -0.439361 -0.015793 -0.250996 -0.208071 -0.167410 0.048519 0.139480 0.065164 -0.108902
-0.374412 -0.231509 0.089654 0.017103 0.538520 0.503912 -0.103791 0.022476 0.510902 0.373511 0.004227 -0.114214 0.161232 -0.022307 1.000000 0.546314 -0.185974 -0.289862 -0.104473 -0.141551 0.460087 0.296691 -0.022564 -0.063925 0.253601 0.321457 0.649155 0.605479 0.150303 0.006246 0.170067 -0.118787 -0.127544 -0.290777 0.009715 -0.159958 -0.139661 -0.075268 -0.055828 0.400594 0.207112 0.115530 -0.078898 -0.287228 -0.433779 -0.353610 -0.000948 -0.402459 -0.269666 -0.371701 -0.081532 -0.251920 0.340425 -0.245975 0.142482 0.201402 -0.335462 -0.345999 0.269378 -0.008107 -0.089386 -0.047130 -0.346170 0.020590 -0.062056 0.035230 0.023736 -0.127568 -0.279259 -0.059448 0.017540 -0.152383 0.109670 -0.057861 0.048791 0.075030 0.027894 -0.255314 -0.186449 -0.253820 -0.167663 -0.108834 0.170111 0.266563 0.381401 -0.074803 0.212652 0.024678 0.411822 0.291656 0.110098 -0.152802 -0.133008 -0.197921 0.045422 -0.188766 0.158676 -0.152388 0.019290 0.012462 -0.126988 -0.260787 -0.037533 0.002433 -0.142064 -0.049152 0.193066 0.323520 -0.172795 -0.148649 -0.147155 -0.376564 -0.012684 -0.306659 -0.146401 0.011087
-0.445623 -0.401734 -0.048699 0.022931 0.252417 0.627469 -0.150513 0.223444 0.213926 0.774305 0.015600 -0.067164 -0.070864 0.212669 0.546314 1.000000 -0.112028 -0.259642 -0.347716 -0.378470 0.228016 0.075142 -0.317890 -0.240827 0.154359 0.340465 0.227523 0.183918 0.125629 0.269668 0.353224 0.074176 -0.154452 -0.209819 -0.018452 0.023425 -0.027062 -0.231069 0.032015 0.128559 0.064963 0.248176 -0.118838 -0.131625 -0.403592 -0.212455 0.004146 -0.253582 -0.347035 -0.353975 0.033242 -0.113232 0.192665 -0.076433 -0.004411 -0.067659 -0.260279 -0.431199 0.203781 0.246284 -0.129373 0.160165 -0.306729 0.014738 -0.237820 0.164808 -0.203760 -0.062057 -0.258310 -0.014878 0.314361 0.248165 -0.022618 0.236106 -0.170948 0.269932 -0.052728 -0.055306 -0.028417 -0.160572 -0.101922 0.010791 0.121326 0.287317 0.124581 0.177530 0.281464 0.180450 0.312012 0.239444 0.205641 -0.003183 0.137960 -0.004123 -0.150131 0.086022 0.093230 0.075236 0.144651 0.098803 0.195785 -0.166272 0.117046 0.146138 -0.052699 -0.200521 0.081179 0.011049 -0.232045 -0.124585 -0.207128 -0.062427 0.153008 -0.177475 -0.055525 0.033346
0.210390 0.198497 -0.450581 -0.258272 -0.284878 -0.448473 -0.247304 -0.148474 -0.168570 -0.130633 0.620483 0.214135 0.337548 0.179346 -0.185974 -0.112028 1.000000 0.635972 0.190514 0.044158 -0.085408 -0.154714 -0.242864 -0.228895 -0.200819 -0.241953 -0.231003 -0.261378 0.604453 0.494933 -0.042315 0.078478 -0.096962 -0.006837 -0.084004 -0.230228 0.467705 0.121701 -0.140154 -0.238495 0.263578 0.015850 0.100877 0.060248 0.142800 -0.272369 0.188955 0.065366 0.081933 0.005198 0.091053 0.225755 0.094571 0.186989 -0.301428 -0.022643 0.119122 0.200397 -0.497433 -0.334203 -0.227118 -0.239039 0.541804 0.082338 -0.141385 -0.553196 -0.287728 -0.610116 0.278095 0.044316 0.288117 0.119504 0.492833 0.298233 0.373164 0.099124 0.548440 0.374885 0.611100 0.472336 0.541718 0.422262 0.054004 0.102295 0.139269 0.110628 -0.064581 -0.056836 -0.304507 -0.229894 -0.200390 0.198097 -0.230347 -0.060308 -0.163596 0.193511 -0.320708 0.057697 -0.221448 0.147179 0.140005 0.172219 0.194466 0.087124 -0.098339 -0.195339 -0.269556 -0.099808 0.005996 -0.030707 -0.243789 0.112975 -0.050828 0.246323 -0.053775 0.139766
0.256060 0.295014 -0.248921 -0.021988 -0.249007 -0.384817 -0.087438 0.045682 -0.104845 -0.156291 0.489687 0.644095 0.203232 0.526308 -0.289862 -0.259642 0.635972 1.000000 0.005928 -0.013905 -0.345514 -0.327791 -0.098968 0.056592 -0.198465 -0.327279 -0.306088 -0.349199 0.220118 0.479210 -0.210808 0.025053 -0.252212 -0.047484 -0.211999 -0.211936 0.324678 0.036449 -0.085241 -0.240551 0.042660 -0.045773 -0.011258 0.113228 0.149561 -0.145255 0.071673 0.119001 0.150436 0.190648 0.017669 0.248864 0.021520 0.184346 -0.161085 -0.179268 0.032401 0.184781 -0.269715 -0.181931 0.021354 -0.079103 0.298024 0.145392 -0.100265 -0.379605 -0.285261 -0.419706 0.172364 0.038566 -0.004787 0.125222 0.193681 0.065935 0.061969 -0.145285 0.208260 0.184100 0.580840 0.561725 0.265384 0.551292 -0.004045 0.141312 -0.110383 0.002355 -0.187477 -0.077261 -0.194335 -0.175633 -0.153374 0.035567 -0.115748 -0.068017 0.060886 0.125661 -0.173973 0.154787 -0.248577 -0.143762 0.111585 -0.002831 0.113339 -0.044437 -0.025985 -0.186012 -0.221029 -0.287059 0.066021 -0.116059 -0.167790 0.004370 0.004403 0.229805 -0.058346 0.004192
0.370902 0.392088 0.211756 0.014980 -0.382554 -0.271163 -0.035548 -0.134224 -0.488969 -0.455886 0.069763 -0.177894 0.022328 -0.420310 -0.104473 -0.347716 0.190514 0.005928 1.000000 0.759998 -0.236981 -0.134592 0.008410 -0.226426 -0.444167 -0.250724 -0.018086 -0.020054 0.298808 -0.175273 -0.128740 0.117451 0.510095 0.403512 0.066183 -0.161403 0.138091 -0.109476 0.061857 -0.129108 -0.005980 0.049132 -0.143582 -0.315061 -0.200666 -0.376392 -0.119825 -0.278421 -0.234988 -0.346770 -0.145640 -0.353672 -0.010899 -0.196094 0.052330 -0.339483 0.278203 0.470212 -0.149558 -0.293441 -0.051177 -0.138735 0.315822 0.173104 -0.029829 -0.317451 0.030772 -0.298799 0.302490 0.241010 0.021241 -0.078496 0.112651 0.043544 0.070740 -0.102562 0.383336 0.210409 0.123621 0.273386 0.132969 -0.029339 0.164452 0.169633 0.120290 -0.395987 -0.007962 -0.006115 -0.023729 -0.243168 -0.254143 -0.058578 -0.257448 -0.133755 -0.023632 -0.001167 -0.235663 -0.082494 -0.217512 -0.062098 -0.140963 0.160366 -0.100790 -0.038112 -0.183159 0.131080 -0.020873 0.084865 -0.076220 0.015479 -0.158307 -0.073071 -0.279842 -0.067018 -0.100256 0.192741
0.433610 0.410988 0.078717 0.049245 -0.284156 -0.236197 -0.150867 -0.102832 -0.443088 -0.398688 -0.078880 -0.174735 -0.143779 -0.343894 -0.141551 -0.378470 0.044158 -0.013905 0.759998 1.000000 -0.268486 -0.154831 -0.196345 -0.071547 -0.442728 -0.346925 -0.038682 -0.069741 0.113548 -0.284555 -0.268192 -0.033522 0.525544 0.536141 0.079597 -0.163079 0.121561 -0.082810 0.236924 0.060064 -0.058629 0.109287 -0.181440 -0.274197 -0.135235 -0.239236 -0.171136 -0.162588 -0.125861 -0.148355 -0.146751 -0.192078 -0.008228 -0.123420 0.189365 -0.350483 0.317788 0.451985 -0.071584 -0.156272 0.002917 0.003360 0.138627 0.128416 -0.125475 -0.112710 0.138907 -0.044623 0.359920 0.393662 -0.227392 -0.232267 -0.007273 -0.203317 -0.133934 -0.338134 0.074609 -0.057174 0.031196 0.130090 -0.020606 -0.008306 0.271833 0.177066 -0.033027 -0.371078 0.025413 0.173615 0.082646 -0.208411 -0.017796 0.001882 -0.101069 -0.072218 0.252536 0.023050 -0.133085 0.036795 -0.048808 -0.080426 -0.064973 0.110763 -0.186160 -0.215979 -0.103061 0.269284 0.024389 0.086825 0.125681 0.023442 -0.013709 0.084730 -0.223297 -0.202629 0.022639 0.208085
-0.179445 -0.225783 -0.100913 -0.055610 0.518831 0.325086 -0.157933 -0.227327 0.558312 0.141571 -0.135005 -0.289848 0.040875 -0.180513 0.460087 0.228016 -0.085408 -0.345514 -0.236981 -0.268486 1.000000 0.701306 0.101918 0.046783 0.525679 0.440257 0.615160 0.577080 -0.078203 -0.039541 0.370591 0.017274 -0.160382 -0.337006 -0.079967 -0.060364 -0.268495 0.215274 -0.149839 0.318405 0.118225 0.119221 0.150059 0.025199 -0.124997 0.006910 0.020623 -0.204448 -0.060262 -0.065338 -0.155599 -0.176852 0.175838 -0.292225 0.107955 0.535673 0.068206 -0.104301 0.164192 -0.013716 -0.108261 -0.183077 -0.102892 0.054609 -0.089946 -0.020588 0.053621 -0.117922 -0.373251 -0.422909 0.233135 0.045954 0.082580 0.134082 0.209289 0.442333 -0.016454 -0.246545 -0.283992 -0.278910 -0.030734 -0.204413 -0.024768 -0.220787 0.239905 0.157041 0.099884 -0.190191 0.176274 0.486232 -0.078925 -0.186071 -0.106094 -0.058846 0.054337 -0.389208 0.040420 -0.228599 0.096693 0.247657 -0.196196 -0.071520 0.096107 0.013479 -0.067868 -0.079444 0.047227 0.400303 0.102886 -0.063477 -0.105334 -0.245193 0.023598 -0.029322 0.089775 -0.007853
-0.210061 -0.183039 0.080904 0.099715 0.375706 0.242412 -0.061457 -0.121054 0.422110 -0.075254 -0.241247 -0.230630 -0.037167 -0.244590 0.296691 0.075142 -0.154714 -0.327791 -0.134592 -0.154831 0.701306 1.000000 0.308478 0.123897 0.467047 0.534283 0.532515 0.633095 -0.192127 -0.209416 0.221558 0.037217 -0.157348 -0.244629 -0.067842 0.017618 -0.229013 0.285853 -0.084371 0.356109 -0.010697 0.106218 0.186568 -0.053121 -0.080548 0.069681 0.106848 -0.185359 -0.039757 -0.074492 -0.109581 -0.358243 0.213554 -0.301318 0.177206 0.448337 -0.071474 -0.069588 0.096113 -0.042476 -0.091015 -0.199966 -0.088868 -0.044067 0.127928 0.041261 0.055930 0.025099 -0.470650 -0.504445 0.217273 -0.040481 -0.024607 -0.025900 0.151770 0.247182 0.000039 -0.183378 -0.447822 -0.202967 -0.202931 -0.335512 -0.010095 -0.197655 0.358811 0.038578 0.146708 -0.281276 0.150241 0.457528 -0.183636 -0.190385 -0.094347 -0.122315 0.091759 -0.289960 -0.001602 -0.233032 -0.043808 0.168504 -0.232593 -0.062680 0.066189 -0.040997 0.072401 0.068355 0.058036 0.375160 0.057171 0.095363 -0.002822 -0.256256 -0.023323 -0.085482 0.097368 -0.036478
-0.096695 -0.116127 0.585404 0.272548 0.256619 0.076097 0.311707 -0.017548 0.257399 -0.242301 -0.021606 0.161974 -0.058482 0.036128 -0.022564 -0.317890 -0.242864 -0.098968 0.008410 -0.196345 0.101918 0.308478 1.000000 0.610397 0.397780 0.378450 0.168296 0.255670 -0.445180 -0.337147 -0.010669 0.095497 -0.222347 -0.173779 0.049715 0.160711 -0.274584 0.113262 -0.184844 0.023419 -0.292573 -0.323523 0.167791 0.100196 0.141090 0.264525 -0.001075 -0.085265 0.136871 0.106450 -0.042909 -0.232283 -0.100722 -0.066494 0.004608 0.156043 -0.233286 -0.165201 0.100685 -0.274774 0.171817 -0.276552 -0.160456 -0.279469 0.649568 0.092471 -0.007558 0.172646 -0.403366 -0.454001 -0.132583 -0.057163 -0.246660 -0.184246 0.029962 0.047867 -0.083461 -0.051491 -0.262690 -0.041704 -0.355129 -0.266432 -0.102748 -0.148665 0.108452 -0.017103 -0.024075 -0.237918 0.085855 0.245685 -0.259945 -0.191096 -0.041216 -0.005078 0.053765 -0.273195 -0.039158 -0.210664 -0.253483 -0.283455 -0.197204 -0.234083 -0.041646 -0.079249 0.006717 0.058385 -0.085444 -0.018762 0.000204 -0.040759 0.019757 -0.365731 -0.064960 0.046389 0.114827 -0.141841
-0.015149 -0.144717 0.279322 0.482492 0.406611 0.196627 0.023973 0.135598 0.360925 -0.005570 0.041389 0.278922 -0.011547 0.320325 -0.063925 -0.240827 -0.228895 0.056592 -0.226426 -0.071547 0.046783 0.123897 0.610397 1.000000 0.427887 0.183008 0.176203 0.146684 -0.521140 -0.217851 -0.182152 -0.009764 -0.307711 -0.105089 -0.014439 0.118213 -0.267430 -0.175165 -0.081998 0.022547 -0.406686 -0.205303 0.142651 0.246122 0.224834 0.351617 -0.032948 -0.001846 0.383911 0.379489 0.032271 0.023384 -0.105383 0.037736 0.107299 0.061708 -0.155274 -0.238372 0.101689 -0.159612 0.207092 -0.138723 -0.177007 -0.338237 0.346280 0.219462 -0.046489 0.223529 -0.319642 -0.290412 -0.253977 0.078260 -0.401580 -0.193571 -0.233785 -0.197040 -0.465396 -0.290545 -0.149586 -0.072273 -0.334793 -0.210285 -0.257517 -0.126201 -0.162002 -0.017905 -0.100532 0.038351 0.237380 0.210008 0.047960 -0.192013 0.075432 0.151319 0.221752 -0.188742 -0.020835 -0.120566 -0.139858 -0.363853 -0.187492 -0.271659 -0.144417 -0.159506 0.025419 0.050528 -0.216917 -0.266807 0.141076 -0.280994 -0.084632 -0.288684 -0.043003 0.096706 0.107950 -0.134448
-0.239768 -0.385131 -0.025765 0.101491 0.711555 0.397806 -0.159825 -0.236893 0.782184 0.409708 -0.007780 -0.077128 0.024364 0.102967 0.253601 0.154359 -0.200819 -0.198465 -0.444167 -0.442728 0.525679 0.467047 0.397780 0.427887 1.000000 0.679875 0.286324 0.228182 -0.473976 -0.127895 0.338593 -0.022910 -0.375884 -0.339440 -0.038524 0.044885 -0.291168 0.080178 -0.362714 0.104310 -0.130162 -0.083325 0.268131 0.291410 0.150350 0.304401 0.111249 0.018258 0.172503 0.198726 -0.005007 -0.015896 -0.006813 -0.010680 -0.050735 0.402238 -0.145204 -0.248532 0.248607 0.133617 -0.067988 -0.237265 -0.288183 -0.199674 0.077068 0.144699 0.190189 0.195750 -0.336440 -0.335070 0.109574 0.125360 -0.322430 0.067464 -0.072103 0.365518 -0.353679 -0.429563 -0.325885 -0.319822 -0.167705 -0.177022 -0.147491 -0.257983 0.055252 0.349735 0.028923 -0.254680 0.124579 0.297729 0.147634 -0.096189 -0.065112 0.081979 -0.024292 -0.040847 0.034317 -0.049405 0.067071 0.087184 -0.068220 -0.040361 0.249006 0.139683 0.191837 -0.049827 0.049936 0.093622 -0.005279 -0.088111 0.033390 -0.115747 0.112159 0.023563 0.082110 -0.101554
-0.369222 -0.355042 0.178360 0.094231 0.408741 0.608803 -0.100671 -0.166573 0.402517 0.407758 -0.113254 -0.203288 -0.174992 -0.091244 0.321457 0.340465 -0.241953 -0.327279 -0.250724 -0.346925 0.440257 0.534283 0.378450 0.183008 0.679875 1.000000 0.262218 0.377604 -0.355583 -0.146142 0.357912 0.209898 -0.233850 -0.192170 0.058060 0.122222 -0.187428 0.091721 -0.160450 0.207437 -0.164434 0.016331 0.061298 0.026305 -0.102487 0.131723 0.021430 -0.148259 -0.114181 -0.143149 -0.089563 -0.285490 -0.024386 -0.208517 -0.038533 0.264049 -0.153371 -0.214135 0.125431 0.073894 -0.151884 -0.300940 -0.299049 -0.101213 0.162115 0.129573 0.067466 0.180372 -0.325576 -0.298605 0.209278 0.185364 -0.249648 0.104853 -0.092920 0.408216 -0.216131 -0.314255 -0.294375 -0.223463 -0.205258 -0.183586 0.002838 -0.071646 0.253618 0.290303 0.220417 -0.085626 0.162940 0.271194 0.116178 -0.044387 -0.087974 0.036855 0.073705 0.038862 0.038231 0.092512 -0.036523 0.114218 0.022052 -0.035193 0.246677 0.147782 0.195425 -0.009697 0.122139 0.193454 -0.028223 0.168274 0.017866 -0.147598 0.065973 -0.044546 0.089755 -0.003532
-0.141200 -0.082448 0.251346 0.203152 0.694541 0.506432 0.017612 0.156585 0.521341 0.086657 -0.137450 -0.055292 0.098438 -0.114707 0.649155 0.227523 -0.231003 -0.306088 -0.018086 -0.038682 0.615160 0.532515 0.168296 0.176203 0.286324 0.262218 1.000000 0.812119 -0.104781 -0.259219 -0.032469 -0.232533 -0.079710 -0.305043 -0.179034 -0.217229 -0.384541 -0.142567 -0.103857 0.432802 -0.137843 0.053418 -0.010656 -0.258026 -0.337779 -0.196595 -0.095290 -0.482807 -0.123809 -0.122027 -0.168980 -0.364038 0.247494 -0.382908 0.316692 0.309942 -0.094929 -0.216192 0.343503 0.029484 0.186030 0.043770 -0.218789 -0.060700 0.061463 0.160390 0.021015 -0.181266 -0.404224 -0.298434 -0.033031 -0.228104 -0.034116 -0.216308 0.031492 -0.082178 -0.134030 -0.365075 -0.275466 -0.259279 -0.267178 -0.443010 -0.113120 0.162203 0.186403 -0.367696 0.048587 -0.171651 0.536960 0.562251 -0.041215 -0.471155 -0.106838 -0.291439 0.040544 -0.477996 0.005347 -0.450980 -0.115962 -0.148752 -0.280698 -0.203366 -0.201392 -0.008625 -0.209236 0.021944 0.203505 0.426033 -0.156212 -0.216755 -0.318590 -0.582565 -0.115743 -0.298499 -0.201956 -0.101466
-0.127449 -0.053588 0.256232 0.185715 0.459325 0.441321 0.008907 0.040851 0.397596 -0.052224 -0.214024 -0.113608 -0.001425 -0.223238 0.605479 0.183918 -0.261378 -0.349199 -0.020054 -0.069741 0.577080 0.633095 0.255670 0.146684 0.228182 0.377604 0.812119 1.000000 -0.147702 -0.388669 -0.055986 -0.202815 -0.123009 -0.353584 -0.100255 -0.100285 -0.323192 -0.035276 -0.031364 0.538551 -0.080301 0.033886 0.048421 -0.218746 -0.252018 -0.131118 0.050240 -0.382200 -0.123416 -0.166974 -0.029105 -0.400290 0.284988 -0.374411 0.288209 0.401902 -0.122318 -0.113433 0.265271 -0.038727 0.122647 -0.079017 -0.262701 -0.133127 0.223000 0.100691 -0.036809 -0.081131 -0.355401 -0.238879 -0.104400 -0.255084 -0.016109 -0.305196 0.050058 -0.106025 -0.084707 -0.323352 -0.310947 -0.281327 -0.306821 -0.461309 0.006547 0.137920 0.328690 -0.271703 0.157723 -0.179258 0.459527 0.570456 -0.025008 -0.336056 -0.078986 -0.220879 0.162745 -0.411654 0.121222 -0.254969 -0.034817 0.013993 -0.234360 -0.205352 -0.160317 0.009528 -0.178452 0.029322 0.164926 0.421656 -0.090324 -0.099301 -0.199375 -0.535585 -0.069216 -0.234357 -0.174892 -0.026227
0.050473 0.038855 -0.378257 -0.364087 -0.387385 -0.396719 -0.075470 -0.200735 -0.313480 -0.162310 0.265909 -0.181738 0.313692 -0.116918 0.150303 0.125629 0.604453 0.220118 0.298808 0.113548 -0.078203 -0.192127 -0.445180 -0.521140 -0.473976 -0.355583 -0.104781 -0.147702 1.000000 0.560730 0.039532 0.214513 0.227022 0.162450 0.193632 -0.169906 0.434385 0.015368 0.096472 -0.137060 0.597145 0.214169 -0.125332 -0.218582 -0.058044 -0.442667 0.061089 -0.089876 -0.118613 -0.350343 0.191497 0.079185 0.225093 -0.001161 -0.165837 -0.056879 0.052005 0.046993 -0.426034 -0.390820 -0.262694 -0.221694 0.514295 0.157422 -0.267159 -0.557637 -0.059537 -0.481488 0.298324 0.171694 0.301969 0.067985 0.797871 0.373129 0.452834 0.081970 0.698786 0.531636 0.441000 0.368135 0.556558 0.381907 0.150680 0.240077 0.314236 0.082423 0.073486 0.138145 -0.312581 -0.368317 -0.264486 0.167327 -0.322483 -0.133376 -0.163298 0.219004 -0.054198 -0.034092 -0.101709 0.163926 -0.016174 0.200413 -0.052811 0.041990 -0.319934 -0.214467 -0.168595 -0.009665 -0.045057 0.046124 -0.069672 0.092939 -0.125970 -0.026968 -0.232070 0.094657
-0.214131 -0.174677 -0.538072 -0.106213 -0.196256 -0.167136 -0.149810 -0.003675 -0.014023 0.188330 0.283547 0.209101 0.205508 0.427379 0.006246 0.269668 0.494933 0.479210 -0.175273 -0.284555 -0.039541 -0.209416 -0.337147 -0.217851 -0.127895 -0.146142 -0.259219 -0.388669 0.560730 1.000000 0.246230 0.318813 -0.166034 -0.038688 -0.019350 -0.062566 0.300838 0.063518 -0.027921 -0.210111 0.393808 0.269663 -0.092693 0.053703 -0.018886 -0.244946 0.094607 0.102467 -0.097049 -0.159802 -0.014605 0.256979 0.105917 0.156714 -0.344424 0.002239 -0.090163 -0.191488 -0.375906 -0.168326 -0.332354 -0.138292 0.394804 0.191713 -0.412536 -0.420626 -0.190269 -0.382421 0.036960 -0.002816 0.380637 0.515243 0.450194 0.687493 0.343185 0.388618 0.381746 0.452309 0.301335 0.441624 0.430543 0.593640 -0.042463 0.054507 0.094901 0.345714 -0.157353 0.131539 -0.355948 -0.301419 -0.196182 0.235990 -0.154853 -0.029381 -0.068903 0.262939 -0.031684 0.150173 -0.018181 0.151544 0.070563 0.006123 0.181210 -0.008473 -0.114306 -0.356231 -0.290066 -0.208496 0.086209 0.105552 -0.014378 0.125858 0.104408 0.192762 0.069283 0.095038
-0.250593 -0.203222 -0.113720 -0.083190 0.031369 0.152934 0.104834 -0.164989 0.138655 0.311058 0.042861 -0.160692 0.185985 0.004790 0.170067 0.353224 -0.042315 -0.210808 -0.128740 -0.268192 0.370591 0.221558 -0.010669 -0.182152 0.338593 0.357912 -0.032469 -0.055986 0.039532 0.246230 1.000000 0.626714 0.021427 0.016486 -0.137910 -0.054091 -0.167132 -0.044719 -0.132133 -0.226282 0.069209 0.201566 -0.050093 0.081809 -0.125432 0.022451 -0.079583 -0.002018 -0.261608 -0.230453 -0.229250 -0.219655 -0.163992 -0.248701 -0.370423 -0.057730 0.052472 -0.039568 -0.010967 0.025385 -0.426074 -0.271406 0.099116 0.370042 -0.368375 -0.276357 0.048649 -0.042835 -0.258014 -0.245958 0.630505 0.527010 -0.072315 0.496881 -0.133635 0.693662 0.070987 0.028670 -0.124376 -0.137744 0.212878 0.186232 0.092323 -0.174742 0.154280 0.401757 0.022858 -0.033890 -0.274468 -0.142200 -0.023974 -0.017664 -0.184519 0.055313 -0.118250 0.027198 0.033805 0.136117 0.059743 0.292929 -0.006651 0.041336 0.463231 0.089845 0.015493 -0.121891 -0.117508 0.034258 0.036687 0.056002 0.083922 0.149496 0.174816 0.196239 0.285916 0.186703
-0.088508 -0.056827 -0.070358 0.093592 -0.292549 -0.031395 0.142199 -0.070939 -0.243380 -0.009003 0.134039 0.006789 0.140581 0.114056 -0.118787 0.074176 0.078478 0.025053 0.117451 -0.033522 0.017274 0.037217 0.095497 -0.009764 -0.022910 0.209898 -0.232533 -0.202815 0.214513 0.318813 0.626714 1.000000 0.109024 0.272961 0.070284 0.136764 -0.001493 -0.208456 0.055244 -0.311942 0.009798 0.219649 -0.214194 0.007725 -0.086239 0.007040 -0.189422 -0.051001 -0.305456 -0.300621 -0.223709 -0.295816 -0.290539 -0.267164 -0.426317 -0.310857 0.116997 0.036791 -0.334734 -0.281048 -0.387659 -0.340698 0.308933 0.285537 -0.178945 -0.336753 -0.081300 -0.067353 -0.020064 -0.171512 0.514050 0.700873 0.027340 0.524664 -0.129571 0.454836 0.144439 0.292499 0.111653 0.103511 0.276561 0.219774 0.064606 -0.059443 0.183694 0.349628 -0.048401 0.205523 -0.344136 -0.319918 -0.135346 0.043618 -0.244607 0.061065 -0.021437 0.216802 -0.206379 0.172663 -0.302755 0.051999 -0.060015 0.006783 0.277245 -0.057527 -0.057357 -0.082480 -0.358620 -0.229416 0.100111 0.100022 0.048233 0.125179 -0.064044 0.261641 0.135782 0.168066
0.240451 0.296340 0.135341 -0.073519 -0.285235 -0.237749 0.097553 -0.015662 -0.408761 -0.272471 -0.172821 -0.309566 -0.056866 -0.341546 -0.127544 -0.154452 -0.096962 -0.252212 0.510095 0.525544 -0.160382 -0.157348 -0.222347 -0.307711 -0.375884 -0.233850 -0.079710 -0.123009 0.227022 -0.166034 0.021427 0.109024 1.000000 0.814064 0.052880 -0.164189 0.008605 -0.104648 0.283528 -0.032352 0.088640 0.211363 -0.446789 -0.462235 -0.271242 -0.287958 -0.401398 -0.326681 -0.245129 -0.304857 -0.161657 -0.274306 -0.156177 -0.377751 0.149421 -0.295304 0.366913 0.406773 0.039445 -0.113429 0.166699 0.045903 0.185410 0.454320 -0.235844 -0.004369 0.270483 -0.030204 0.346222 0.333583 -0.116532 -0.131270 0.081181 -0.062453 -0.091725 -0.057380 0.055366 -0.018769 0.047394 -0.068683 0.162904 0.002364 0.135930 0.079342 -0.058268 -0.194404 0.042122 0.201704 0.004517 -0.190746 -0.236543 -0.067138 -0.178187 -0.135031 0.030386 0.027169 -0.063854 0.025891 -0.049344 -0.051278 -0.079528 0.155075 -0.116834 -0.133884 -0.162290 -0.081565 -0.043539 -0.095107 -0.016215 0.096013 0.006040 0.078361 -0.237734 -0.218687 -0.065539 0.038074
0.188202 0.215547 0.069628 -0.039872 -0.366877 -0.276558 0.071969 -0.043271 -0.468853 -0.235200 -0.055295 -0.168938 -0.122024 -0.121346 -0.290777 -0.209819 -0.006837 -0.047484 0.403512 0.536141 -0.337006 -0.244629 -0.173779 -0.105089 -0.339440 -0.192170 -0.305043 -0.353584 0.162450 -0.038688 0.016486 0.272961 0.814064 1.000000 0.108226 0.007771 0.100280 -0.150718 0.330052 -0.123010 -0.002454 0.147440 -0.409868 -0.243790 -0.110820 -0.081045 -0.357891 -0.109696 -0.159161 -0.149662 -0.154686 -0.157321 -0.298797 -0.263423 0.001145 -0.418106 0.228184 0.291766 -0.180445 -0.154915 0.035818 -0.043053 0.183757 0.338088 -0.184724 -0.042437 0.224731 0.072825 0.392206 0.366946 -0.129473 0.017749 -0.004867 -0.032048 -0.227304 -0.124779 -0.063874 0.071159 0.114393 0.089755 0.140968 0.140159 0.268353 0.090897 -0.118567 -0.076658 0.106644 0.336967 -0.102306 -0.349658 -0.075281 0.095802 -0.043570 0.060383 0.181728 0.219640 -0.110232 0.240916 -0.066391 -0.064027 0.094572 0.199695 0.021656 -0.144045 -0.054574 -0.025964 -0.171104 -0.275637 0.207424 0.100050 0.038484 0.236411 -0.158629 -0.049855 0.055728 0.080855
-0.164176 -0.264571 -0.045691 -0.067751 -0.121447 -0.150497 -0.258082 -0.328700 -0.154963 -0.141548 -0.202816 -0.444870 -0.227903 -0.330767 0.009715 -0.018452 -0.084004 -0.211999 0.066183 0.079597 -0.079967 -0.067842 0.049715 -0.014439 -0.038524 0.058060 -0.179034 -0.100255 0.193632 -0.019350 -0.137910 0.070284 0.052880 0.108226 1.000000 0.555226 0.212803 0.120136 0.042318 0.059975 0.269764 -0.023265 0.061220 0.085120 0.264057 0.181088 0.089084 0.039051 0.030527 -0.080326 0.320344 0.206417 0.032818 0.033311 -0.058507 0.002053 -0.102733 -0.075911 -0.192641 -0.166223 -0.166004 -0.252219 -0.087854 -0.391689 0.346189 0.102720 0.356362 0.387494 0.294015 0.198593 -0.209313 -0.071936 0.144591 0.045209 0.184285 0.034742 0.175966 0.233396 -0.006852 0.064301 0.048055 0.120056 0.144732 -0.041891 0.315287 0.320314 0.235590 0.137942 -0.095711 -0.171605 -0.078629 0.274352 -0.002751 0.109769 -0.001331 0.242560 0.059978 0.052022 0.061104 0.047109 -0.060616 0.014121 -0.005207 -0.069640 -0.084298 -0.000297 -0.006429 -0.128378 0.062754 0.011160 0.339218 0.203305 -0.009807 -0.224060 -0.108424 -0.076311
-0.269153 -0.329309 0.041075 0.031989 -0.084304 0.044423 -0.022448 -0.102897 -0.038469 0.014411 -0.130003 -0.107592 -0.266869 -0.073884 -0.159958 0.023425 -0.230228 -0.211936 -0.161403 -0.163079 -0.060364 0.017618 0.160711 0.118213 0.044885 0.122222 -0.217229 -0.100285 -0.169906 -0.062566 -0.054091 0.136764 -0.164189 0.007771 0.555226 1.000000 0.161576 0.081618 0.046043 0.021666 -0.016965 -0.077814 0.103981 0.221468 0.307458 0.479696 0.258331 0.176956 -0.006923 0.075526 0.119540 0.107722 0.047491 0.125213 -0.217631 -0.013693 -0.314604 -0.238480 0.003537 0.139553 -0.148801 -0.010599 -0.238053 -0.383765 0.346932 0.198953 0.155777 0.456505 0.007048 0.010880 -0.151476 0.103437 -0.182541 0.007136 -0.083628 -0.031820 -0.009265 0.241945 -0.198142 -0.006588 -0.169254 -0.004614 0.155172 -0.101082 0.221503 0.156226 0.117224 0.111249 -0.152478 -0.089163 0.090972 0.274406 0.197711 0.276680 0.084041 0.122508 -0.001109 0.134992 0.054336 0.121509 0.081664 -0.134704 0.148340 -0.037901 0.121200 0.078284 -0.078257 -0.247236 0.203140 0.023422 0.201001 0.213323 0.234952 0.100153 0.046281 -0.096508
