1.000000 0.455422 -0.248299 0.127394 0.060697 0.085254 -0.178177 -0.282062 -0.113652 -0.019539 0.052344 -0.066632 -0.084616 -0.063698 0.073836 0.025814 0.125839 0.222873 0.344079 0.392224 0.038106 -0.074119 -0.083241 -0.031841 -0.144674 -0.246213 0.186592 0.106038 0.109430 0.141101 -0.403985 -0.252306 0.315405 0.011195 -0.102626 -0.194369 -0.249305 -0.069558 -0.058472 0.062038 -0.187623 0.016000 0.025845 -0.078801 0.064539 -0.134664 0.015285 -0.200568 0.194354 -0.059361 -0.013318 -0.156756 0.277637 -0.085386 0.178286 -0.192828 0.641092 0.279771 0.404682 0.171816 0.111379 0.207839 0.316153 0.434280 -0.184476 -0.293957 -0.106534 -0.339570 0.092627 -0.114219 -0.161602 -0.117503 0.132522 0.030567 0.077276 0.116057 -0.086300 -0.263496 0.294191 0.172692 0.064189 0.244208 0.082603 0.081067 0.047898 -0.069923 0.005462 0.075293 -0.077266 0.185038 -0.181244 -0.126997 -0.226590 -0.165940 -0.055647 -0.219628 -0.326085 -0.105660 -0.037674 -0.093479 -0.321926 -0.100134 -0.103583 -0.093879 0.020348 -0.256179 -0.028613 -0.043488 -0.146568 -0.029259 -0.093447 -0.258233 -0.231099 0.186889 -0.089282 0.025717
0.455422 1.000000 -0.220617 0.226733 -0.052414 0.075564 -0.308374 -0.171978 -0.118123 -0.006333 -0.042769 0.020449 -0.068082 0.028648 0.004254 0.061105 -0.021240 0.139531 0.112024 0.402695 -0.120244 -0.054133 -0.056446 -0.010515 -0.002353 -0.053250 0.122477 0.092291 0.063494 0.016492 -0.205681 -0.152916 0.249644 -0.022963 -0.098193 -0.251567 -0.129868 -0.023144 -0.113198 -0.040243 -0.026123 -0.094644 -0.145208 -0.250006 -0.111091 -0.350312 -0.094702 -0.247531 0.277026 -0.237288 0.179354 0.140007 0.415452 0.017347 0.244021 -0.104144 0.312086 0.499598 0.403453 0.495140 -0.140234 0.196277 0.069460 0.367817 -0.219485 -0.189134 -0.192324 -0.407319 0.284901 0.180022 -0.251488 -0.216142 -0.063127 -0.112874 -0.260033 -0.142188 -0.255517 -0.190824 0.025842 0.055157 0.040869 0.095041 0.179437 0.048177 0.088127 0.130505 0.043075 0.010692 -0.211251 0.329022 -0.082602 -0.142394 -0.168714 -0.229852 0.023178 -0.216313 0.014253 -0.140452 0.006421 -0.140579 -0.209000 -0.154912 -0.072336 -0.162735 0.192160 -0.065072 -0.007810 0.008252 -0.107346 -0.165339 -0.047959 -0.273834 -0.015219 -0.008986 -0.030159 0.031747
-0.248299 -0.220617 1.000000 -0.035250 0.125310 -0.080875 0.758510 0.382341 0.093860 0.025020 0.076754 0.011486 0.210141 -0.074276 -0.060996 -0.217835 -0.272648 -0.224176 0.079629 -0.372764 0.054167 0.046522 0.243106 0.180686 0.328892 0.299285 -0.123983 0.005803 -0.305022 -0.429154 0.272472 0.203500 0.126171 0.296118 0.103518 0.163304 -0.220838 -0.277875 -0.197959 -0.089899 -0.102246 -0.117594 -0.409843 -0.329581 -0.194952 -0.067600 -0.348587 -0.249460 -0.330868 -0.142233 0.148548 -0.091964 -0.181983 -0.179428 -0.083962 -0.190709 -0.351852 -0.311956 -0.224245 -0.268608 0.358781 -0.092549 0.025866 0.010555 0.509352 0.410431 0.332415 0.469864 -0.274700 -0.005041 -0.190852 -0.068026 -0.146123 -0.134690 -0.057133 -0.082874 -0.003590 -0.059907 -0.272652 -0.114229 -0.300716 -0.174510 -0.106173 -0.255443 -0.006106 -0.105419 -0.114149 -0.117799 0.176914 -0.102520 -0.023003 0.118591 0.174019 0.261298 -0.048805 0.062115 -0.206199 -0.044887 -0.174906 -0.271337 0.228217 0.192799 -0.022422 0.049685 -0.158987 -0.097369 0.036414 -0.098333 0.015429 0.000222 -0.104492 -0.280331 -0.139138 -0.050090 -0.004137 -0.055500
0.127394 0.226733 -0.035250 1.000000 -0.137991 0.250801 -0.101630 0.246233 0.089545 0.247694 -0.187394 0.344795 -0.381611 -0.079534 0.037455 0.234387 -0.144996 -0.262269 0.134669 0.316926 0.015109 0.304532 0.293157 0.560080 0.191777 0.315502 0.016813 0.172940 -0.152184 -0.056734 0.126649 0.217768 0.051900 -0.053611 0.079424 -0.135988 -0.070157 0.047802 -0.226747 0.070273 -0.083668 -0.109866 0.047250 -0.080034 -0.079286 -0.125968 -0.012628 -0.056441 0.100473 -0.046967 0.167887 0.213728 0.016413 0.051269 0.007854 0.016092 -0.178608 -0.167764 0.039052 0.046642 -0.362276 -0.087172 -0.315738 -0.155442 0.079822 0.033142 -0.269672 -0.153248 -0.080741 -0.108349 0.040668 0.104331 -0.240270 0.029363 -0.119287 -0.100840 -0.035721 0.032471 -0.122680 -0.183966 -0.256913 -0.356677 -0.158994 0.117027 0.227123 0.289502 -0.218400 -0.004993 -0.154158 0.093925 0.162195 0.091512 0.078746 -0.237931 0.013040 0.155945 -0.009112 0.116993 0.090686 -0.152558 -0.274704 -0.451324 -0.264377 -0.232373 0.083726 -0.106259 -0.200059 -0.043158 0.081822 0.106837 0.002555 -0.031021 -0.074949 -0.077198 -0.079387 -0.044506
0.060697 -0.052414 0.125310 -0.137991 1.000000 0.320326 0.190996 0.113297 0.264696 0.151407 0.188743 -0.087231 0.285810 0.051422 0.245346 0.267674 -0.210710 -0.263179 0.149550 -0.009692 0.211285 -0.034977 -0.106764 -0.209491 0.234370 0.096637 0.291409 0.276560 0.109828 -0.072833 -0.104794 -0.136789 -0.054639 0.066323 -0.111945 0.176161 0.006290 -0.097880 -0.182093 -0.091109 -0.025489 0.018562 -0.064507 -0.107808 0.136674 0.137280 0.015465 0.031663 -0.011022 0.084937 -0.077887 -0.257967 -0.029772 -0.241159 0.061092 -0.092029 -0.046090 -0.169975 0.023926 0.002591 0.307215 0.194506 0.102864 -0.009828 -0.063009 -0.070778 0.175181 0.159702 -0.110398 -0.053485 0.107918 -0.049607 0.062547 -0.072329 0.099043 -0.057129 0.050118 -0.084915 -0.187531 -0.194906 -0.082591 -0.114462 0.297284 0.070808 -0.148863 -0.400789 -0.086897 -0.350554 0.011504 -0.028038 -0.001110 -0.021695 -0.034415 0.241029 -0.071909 0.108077 -0.005886 -0.112112 0.183372 -0.036503 0.137093 0.060395 -0.122220 -0.075822 -0.008122 -0.032606 0.088576 -0.047319 0.150442 0.065688 -0.037665 -0.071437 0.063688 -0.000546 0.015804 -0.024787
0.085254 0.075564 -0.080875 0.250801 0.320326 1.000000 -0.068349 0.083820 0.144780 0.258887 -0.180495 -0.028933 -0.175063 -0.082221 0.170738 0.267411 -0.212408 -0.121771 -0.048376 0.075092 0.143228 -0.023921 -0.055868 -0.168025 0.102263 0.066005 0.534733 0.594357 -0.164786 -0.056224 -0.132160 -0.314196 -0.058968 -0.088695 0.135994 0.099618 -0.039476 0.003371 -0.027315 0.157526 -0.230259 -0.015015 0.151532 0.106321 0.061365 0.101230 0.138793 0.134802 0.207914 0.102086 0.168434 0.029966 0.046113 0.029817 0.053873 0.009624 0.053609 -0.049506 0.226265 0.202582 -0.080244 0.123414 -0.138411 -0.092986 -0.044701 0.038669 -0.023264 0.057143 -0.102171 -0.058806 -0.057597 -0.264165 -0.101648 -0.069885 -0.086191 -0.133442 -0.162916 -0.113114 -0.235078 -0.131094 -0.239678 -0.288010 0.114733 0.153463 -0.032384 -0.206464 0.003398 -0.113406 0.130247 0.205638 -0.069497 -0.175455 -0.153321 -0.183189 -0.136060 0.156497 0.140236 0.001514 0.044818 -0.261924 -0.097332 -0.119087 -0.198122 -0.078757 0.002129 0.112084 0.170758 0.332765 0.144325 0.258601 0.020283 -0.138024 -0.015571 -0.219404 -0.040656 -0.176250
-0.178177 -0.308374 0.758510 -0.101630 0.190996 -0.068349 1.000000 0.546585 0.296785 0.284378 0.103680 0.262599 0.331203 0.181441 0.045205 -0.069025 -0.106542 -0.134636 0.058866 -0.317753 0.147126 -0.127698 -0.021572 0.138463 -0.004530 -0.080543 -0.120055 -0.261682 -0.143711 -0.236305 0.165507 0.057799 -0.020116 0.217784 -0.113440 0.063207 -0.187218 -0.282616 -0.125432 -0.005717 -0.159471 -0.018691 -0.284983 -0.266221 -0.131595 -0.003614 -0.252499 -0.245353 -0.303874 -0.061102 0.007033 -0.248897 -0.199102 -0.200609 -0.249187 -0.264664 -0.392127 -0.503260 -0.305533 -0.392680 0.564720 0.140267 0.246082 0.074198 0.447715 0.344381 0.166704 0.254281 -0.449415 -0.183467 -0.072540 -0.074531 0.021155 -0.086295 0.040915 0.087041 0.090240 0.059195 -0.084412 -0.080888 -0.228739 -0.140064 -0.152031 -0.224413 -0.147498 -0.287626 -0.025195 -0.109966 0.311389 -0.264977 0.040726 0.087685 0.178120 0.163588 -0.063152 0.106768 -0.346092 -0.015948 -0.179955 -0.275589 0.248415 0.172005 0.141339 0.076951 -0.154874 -0.141781 0.019915 -0.092164 0.003106 -0.067949 -0.190506 -0.245751 -0.022057 0.057399 -0.059708 -0.088808
-0.282062 -0.171978 0.382341 0.246233 0.113297 0.083820 0.546585 1.000000 0.170840 0.462610 -0.104096 0.435029 0.088215 0.288652 -0.142117 0.132430 -0.253081 -0.233175 -0.255830 -0.319092 0.129682 0.066093 -0.202930 0.149348 0.015475 0.126718 -0.060896 -0.181583 -0.278349 -0.161258 0.143341 0.121408 -0.019891 0.205295 -0.060932 0.108149 -0.114679 -0.176940 -0.126507 -0.060672 -0.116630 -0.112476 0.044245 0.024944 0.105450 0.257292 0.050647 0.019569 -0.171255 0.189678 0.022302 0.012710 -0.336922 -0.159084 -0.190020 -0.036755 -0.391543 -0.539786 -0.299121 -0.414030 0.201376 0.159640 -0.104301 -0.157069 0.194718 0.469307 0.009545 0.265619 -0.392052 -0.175331 -0.064431 0.028562 -0.118021 -0.194685 -0.138913 -0.144519 -0.077148 -0.045748 -0.242431 -0.189697 -0.309549 -0.327998 -0.280795 -0.279391 -0.249404 -0.149498 -0.128373 -0.167929 0.096211 -0.303961 0.159254 0.115579 0.356449 0.072498 0.035856 0.084299 -0.060270 -0.032363 0.040943 -0.128136 0.105979 -0.029064 0.091943 0.056670 -0.026903 -0.037628 0.012315 -0.160196 -0.004271 -0.126532 -0.116707 0.028240 0.189587 0.066522 -0.027858 0.000662
-0.113652 -0.118123 0.093860 0.089545 0.264696 0.144780 0.296785 0.170840 1.000000 0.173595 0.063289 0.181640 0.169124 0.132271 0.287925 0.172097 -0.052980 -0.051278 0.048392 -0.105616 0.165507 0.001878 0.049158 0.130167 0.006685 -0.035004 -0.006809 -0.127314 0.025169 0.041688 0.095754 0.023676 -0.222597 -0.117988 -0.203791 0.019901 0.058778 0.023166 -0.100803 0.096208 -0.000912 0.045626 -0.182123 -0.187320 -0.223595 -0.164657 -0.187150 -0.127947 -0.103349 -0.168960 0.014060 -0.132732 0.011261 0.062882 -0.147418 -0.136003 -0.276807 -0.219032 -0.130998 -0.064215 0.199267 0.100097 0.016651 -0.003364 0.169924 0.042037 -0.172221 -0.063544 -0.191190 -0.028821 0.265259 0.163573 0.004104 0.088034 -0.012909 0.155349 0.281867 0.232010 0.092879 -0.102287 0.008866 -0.104193 -0.127600 0.017857 0.082426 -0.115357 -0.227879 -0.144518 0.151262 0.056861 0.136024 0.021240 -0.003174 0.040801 -0.000922 0.098992 -0.165119 0.200338 -0.044788 -0.010902 0.046845 -0.107692 -0.011875 -0.099950 -0.032250 -0.087793 -0.052385 0.034382 -0.008401 -0.005448 -0.044672 -0.113006 0.009888 0.087360 0.248862 0.018551
-0.019539 -0.006333 0.025020 0.247694 0.151407 0.258887 0.284378 0.462610 0.173595 1.000000 -0.024451 0.403870 -0.028705 0.203199 0.081794 0.462676 -0.199838 -0.243935 0.097119 0.087385 0.373398 0.155286 -0.207090 0.151651 -0.001564 -0.006718 0.225422 -0.131659 -0.199536 0.106742 0.130777 -0.049815 -0.138300 0.008057 -0.246818 0.083417 -0.020768 0.049781 -0.081556 0.100920 -0.150628 0.215368 0.105632 -0.020376 0.079756 0.034225 0.074693 0.041448 0.043507 0.034986 -0.074978 -0.110838 0.005922 0.026382 -0.138602 -0.027188 -0.208601 -0.300807 -0.078766 -0.197159 0.174370 0.194751 -0.031915 -0.095148 -0.013781 0.037836 -0.274216 -0.080194 -0.175858 -0.095390 0.113112 -0.087446 -0.200363 0.011085 -0.038454 0.143997 0.002786 0.104112 -0.054497 -0.333836 -0.182433 -0.322411 -0.137254 0.108186 -0.097088 -0.153507 -0.113871 -0.212313 0.138941 0.024320 0.115524 0.051501 0.035531 -0.151666 -0.235168 0.243869 -0.128028 0.134516 0.069986 -0.030521 -0.149458 -0.105484 0.006049 -0.047843 -0.026677 -0.013385 -0.113072 -0.091475 -0.026085 -0.046019 0.063579 -0.042142 -0.040231 -0.011119 -0.123281 -0.170398
0.052344 -0.042769 0.076754 -0.187394 0.188743 -0.180495 0.103680 -0.104096 0.063289 -0.024451 1.000000 0.253272 0.691086 0.529303 0.231486 0.208361 0.288608 0.130433 0.169415 -0.181424 -0.038900 -0.076997 -0.051052 -0.045485 -0.176397 -0.210073 -0.014177 -0.058669 0.359786 0.184915 -0.040025 -0.052628 -0.277453 -0.231110 -0.281622 -0.199913 -0.004714 0.136337 -0.088722 -0.095507 0.102322 -0.020295 -0.086890 -0.075109 -0.184601 -0.142647 -0.146316 -0.117900 -0.058512 -0.243526 -0.088683 -0.162167 0.125899 -0.287403 -0.056641 -0.003453 -0.077793 0.000785 0.046188 0.101792 0.340376 0.070812 0.077923 0.024475 -0.148350 -0.159337 -0.060748 -0.283270 -0.200569 -0.263518 0.245404 0.264966 0.182504 0.317199 0.173181 0.263114 0.352352 0.137202 0.186184 0.120508 0.211333 0.182108 0.117053 0.026180 0.032598 0.002948 -0.000466 -0.026411 -0.044903 0.123279 -0.136695 -0.146756 -0.004627 0.092506 -0.075607 -0.142086 -0.159964 0.062557 -0.196358 0.123410 0.026721 0.142747 0.169692 -0.213647 -0.133871 -0.392364 -0.083077 -0.119422 -0.194568 -0.115773 -0.049564 -0.069569 -0.027683 0.089066 0.025594 0.018121
-0.066632 0.020449 0.011486 0.344795 -0.087231 -0.028933 0.262599 0.435029 0.181640 0.403870 0.253272 1.000000 0.175502 0.588352 0.104701 0.415369 0.016643 0.095023 -0.129806 0.002960 0.082656 0.132580 -0.080665 0.408669 -0.201418 -0.054842 -0.088504 -0.248699 0.063571 0.349654 0.261591 0.266435 -0.146197 -0.002594 -0.292487 -0.280705 -0.002557 0.056212 -0.173804 0.017945 -0.053729 -0.040868 -0.018460 -0.077637 -0.076683 -0.062723 -0.095603 -0.239319 -0.169266 -0.085310 -0.004346 -0.055028 -0.021901 -0.165260 -0.224736 -0.121087 -0.360348 -0.388558 -0.220177 -0.267116 0.141121 0.146979 -0.041623 -0.060473 0.039470 0.189985 -0.300707 -0.282207 -0.407951 -0.384832 0.127412 0.341509 0.037349 0.206882 0.012707 0.221035 0.275526 0.292196 0.157482 -0.026833 -0.093026 -0.156241 -0.268900 0.027169 -0.084899 0.187444 -0.060576 -0.030749 0.013985 -0.168817 -0.095467 -0.191588 0.197166 -0.148092 -0.051680 0.056070 -0.253053 0.066621 -0.261919 -0.139243 -0.014589 -0.097235 0.217782 -0.096606 -0.017168 -0.236063 -0.099426 -0.048331 -0.205118 -0.184216 -0.276191 -0.083912 -0.017808 0.019732 -0.022770 -0.121086
-0.084616 -0.068082 0.210141 -0.381611 0.285810 -0.175063 0.331203 0.088215 0.169124 -0.028705 0.691086 0.175502 1.000000 0.583026 0.182989 0.121919 0.231842 0.247840 0.033401 -0.310570 0.070077 -0.253810 -0.369876 -0.305563 -0.236498 -0.298093 -0.088346 -0.278087 0.396339 0.216005 -0.035742 -0.129915 -0.217831 -0.115959 -0.423146 -0.166162 0.034288 0.021112 -0.030003 -0.135169 0.149370 -0.026602 -0.130887 -0.106194 -0.156681 -0.068641 -0.098401 -0.093967 -0.271994 -0.247139 -0.076412 -0.274914 0.136254 -0.347335 -0.052593 -0.185581 -0.085968 -0.072688 -0.118805 -0.004322 0.639308 0.228043 0.328552 0.160584 -0.195408 -0.065798 0.200374 -0.143582 -0.176243 -0.193954 0.159167 0.124046 0.345800 0.238539 0.201958 0.199836 0.272739 0.134778 0.205728 0.202593 0.313240 0.389505 0.108517 -0.104441 -0.154578 -0.143971 0.076761 -0.129472 -0.046696 -0.078203 -0.133329 -0.182818 0.051146 0.084144 0.061221 -0.125244 -0.150184 -0.063525 -0.205038 -0.055004 0.264284 0.222721 0.242269 -0.144166 -0.170912 -0.298403 -0.033529 -0.169863 -0.190589 -0.192100 -0.171906 -0.168767 -0.038309 0.054559 -0.116161 -0.052020
-0.063698 0.028648 -0.074276 -0.079534 0.051422 -0.082221 0.181441 0.288652 0.132271 0.203199 0.529303 0.588352 0.583026 1.000000 0.062145 0.423119 0.195584 0.372956 -0.080265 -0.216723 0.022571 -0.133793 -0.357326 -0.064929 -0.378159 -0.383412 -0.035762 -0.338660 0.254097 0.520880 -0.008205 -0.071676 -0.279438 -0.225693 -0.443922 -0.333421 -0.096848 0.135375 -0.093770 -0.068671 -0.068214 -0.035855 0.080906 0.059735 -0.070369 -0.030936 0.083111 -0.103789 -0.064506 -0.109323 0.028575 0.034356 0.243938 -0.172481 -0.048743 -0.046942 -0.198194 -0.251076 -0.078444 -0.014526 0.335351 0.377428 0.103272 0.081377 -0.343736 -0.078360 -0.170122 -0.451089 -0.300580 -0.417629 0.168316 0.314369 0.267183 0.398262 0.104783 0.274332 0.335160 0.310825 0.221070 0.202958 0.109743 0.155551 -0.115204 -0.143376 -0.280216 -0.143095 0.110497 -0.168950 -0.068189 -0.012944 -0.123997 -0.234489 0.064835 -0.063831 0.063197 -0.186531 -0.129894 0.068021 -0.185906 -0.068009 0.095737 0.046993 0.297080 -0.117816 0.037623 -0.280061 -0.002563 -0.134192 -0.388570 -0.111608 -0.220614 -0.003764 0.098349 -0.049854 -0.039993 -0.056179
0.073836 0.004254 -0.060996 0.037455 0.245346 0.170738 0.045205 -0.142117 0.287925 0.081794 0.231486 0.104701 0.182989 0.062145 1.000000 0.505853 -0.022151 -0.077850 0.269707 0.214150 0.174509 0.027969 0.203758 -0.020251 0.002977 0.014339 0.319571 0.226015 0.433658 0.023358 -0.085675 -0.107563 -0.227583 -0.194194 -0.092273 -0.172417 0.271076 0.299399 0.154567 0.288229 0.200517 0.271720 -0.373028 -0.433115 -0.377694 -0.357590 -0.307595 -0.151814 0.150588 -0.390528 0.029780 -0.155112 0.119504 0.034930 0.122991 -0.138076 -0.155649 -0.086928 0.025231 0.119740 -0.036609 -0.114319 -0.068690 -0.175694 0.129529 -0.339052 -0.296896 -0.240458 -0.034589 0.022978 0.046084 -0.105478 -0.037713 -0.002607 0.075926 0.024246 -0.007141 0.132932 0.009044 -0.138297 0.182674 -0.045121 0.544864 0.444453 0.385745 0.001888 -0.074283 0.020748 0.100970 0.141788 0.216159 0.043817 -0.071442 -0.033393 -0.086593 0.078995 -0.012634 -0.003610 0.051260 0.027207 -0.085893 -0.077545 -0.166550 -0.080311 0.061761 0.093320 -0.187286 0.189532 0.201061 -0.076580 0.060851 -0.083197 -0.114507 0.055131 0.013573 -0.133450
0.025814 0.061105 -0.217835 0.234387 0.267674 0.267411 -0.069025 0.132430 0.172097 0.462676 0.208361 0.415369 0.121919 0.423119 0.505853 1.000000 -0.026965 0.006493 0.076863 0.106937 0.177481 0.110474 -0.069426 -0.062581 -0.083892 -0.054663 0.310527 0.144852 0.196231 0.298999 0.021810 -0.086779 -0.233604 -0.226864 -0.276354 -0.258073 0.132158 0.308709 0.095012 0.119114 0.079028 0.159237 -0.078693 -0.183423 -0.174421 -0.202820 -0.056892 -0.048687 0.230608 -0.260001 0.080144 -0.054368 0.191841 0.000001 0.194991 0.072405 -0.167791 -0.166166 0.014923 0.068446 0.003827 0.129603 -0.166873 -0.209793 -0.162987 -0.274751 -0.404316 -0.365987 -0.094839 -0.108796 0.184032 0.023343 -0.033888 0.201497 0.007996 0.102762 0.058066 0.207152 -0.013887 -0.117697 0.052828 -0.148331 0.103396 0.313992 0.064406 -0.025424 -0.008119 -0.132425 0.051635 0.256121 0.087752 -0.116418 0.065707 -0.070747 -0.193371 0.069303 0.064865 0.067234 0.108900 -0.030203 -0.103352 -0.114618 -0.066043 -0.073998 0.161736 0.048388 -0.030522 0.017492 -0.030880 -0.075572 0.031233 0.048381 0.036780 -0.182117 -0.047334 -0.208721
0.125839 -0.021240 -0.272648 -0.144996 -0.210710 -0.212408 -0.106542 -0.253081 -0.052980 -0.199838 0.288608 0.016643 0.231842 0.195584 -0.022151 -0.026965 1.000000 0.594008 -0.092265 -0.007138 -0.128330 -0.211254 -0.123161 -0.097611 -0.457928 -0.464004 -0.076600 -0.302725 0.490732 0.430810 -0.201360 -0.167788 -0.077996 -0.162216 -0.065358 -0.439649 0.134567 -0.014583 0.250184 0.007475 0.083190 -0.096828 0.257349 0.229474 -0.048560 -0.051166 0.081261 -0.162286 -0.142191 -0.067866 -0.116265 -0.134743 0.006446 -0.064410 -0.261607 -0.083009 0.312952 0.189619 -0.109775 -0.033581 0.092888 -0.041571 0.323725 0.300130 -0.060939 -0.221229 -0.163084 -0.446210 -0.057922 -0.202206 0.121843 0.045746 0.620194 0.294532 0.450713 0.229253 0.319748 0.063238 0.683222 0.590872 0.584211 0.577525 -0.152412 -0.179494 0.004700 0.097098 0.067678 0.144267 -0.051920 -0.186441 -0.215801 -0.167578 -0.101573 -0.177419 0.080253 -0.248345 -0.272823 -0.056501 -0.252209 0.107945 -0.097524 0.157340 0.230988 -0.030309 -0.236825 -0.296333 -0.192214 -0.092474 -0.184255 -0.066036 -0.241932 0.114548 -0.006334 -0.006615 -0.159403 0.029731
0.222873 0.139531 -0.224176 -0.262269 -0.263179 -0.121771 -0.134636 -0.233175 -0.051278 -0.243935 0.130433 0.095023 0.247840 0.372956 -0.077850 0.006493 0.594008 1.000000 -0.066137 -0.020328 -0.117525 -0.222485 -0.212421 -0.214705 -0.464434 -0.475092 -0.066194 -0.316643 0.297084 0.584149 -0.109755 -0.076442 0.060644 -0.067637 -0.093999 -0.332953 0.019598 0.001278 0.198886 0.015328 -0.015797 -0.046062 0.120663 0.094752 -0.192745 -0.173024 -0.048251 -0.282561 -0.250791 -0.251330 -0.006439 -0.018612 0.218944 -0.015193 -0.143729 -0.227414 0.289673 0.199743 0.007165 0.093119 0.163654 0.257261 0.342189 0.542037 -0.221684 -0.165561 -0.158449 -0.455034 -0.140680 -0.331537 -0.018292 0.119353 0.499849 0.374400 0.226161 0.266931 0.238100 0.199087 0.593477 0.677819 0.311260 0.634945 -0.122729 -0.144574 -0.095170 0.045622 0.096769 0.109432 -0.079413 -0.026888 -0.348465 -0.295213 -0.232937 -0.217123 0.033216 -0.329429 -0.276895 -0.157910 -0.454532 -0.092844 -0.070978 0.130092 0.197040 -0.072604 -0.087031 -0.214858 -0.069454 -0.038878 -0.286543 -0.136649 -0.246407 -0.018607 -0.030025 -0.012735 -0.095179 -0.039983
0.344079 0.112024 0.079629 0.134669 0.149550 -0.048376 0.058866 -0.255830 0.048392 0.097119 0.169415 -0.129806 0.033401 -0.080265 0.269707 0.076863 -0.092265 -0.066137 1.000000 0.549139 0.107574 -0.012967 0.179861 0.097415 -0.003170 -0.153335 0.144275 0.055224 0.204753 -0.003723 0.056545 0.087925 0.188914 0.091542 -0.097748 -0.082451 -0.043328 -0.096925 -0.069724 0.019353 -0.097601 0.202007 -0.121621 -0.251971 -0.104265 -0.216749 -0.105799 -0.175693 0.066420 -0.145160 -0.089376 -0.169481 0.082061 -0.086983 0.099254 -0.076520 0.091962 0.127316 0.121766 0.096875 0.072010 0.067663 0.086862 0.102360 -0.114961 -0.397328 -0.059769 -0.208206 0.186405 0.012064 0.161036 0.067965 0.098521 0.169782 0.226195 0.244718 0.182654 0.064357 -0.017786 -0.139144 -0.167937 -0.042656 0.214164 0.172352 0.108248 -0.120216 -0.071677 -0.052615 -0.109036 0.076838 0.090280 0.133612 -0.212221 0.030312 -0.198761 0.057536 -0.120954 -0.033853 0.119895 -0.015563 -0.006775 -0.038234 -0.191421 -0.217276 0.000336 -0.225966 -0.248849 -0.231425 0.122650 -0.026305 0.083579 -0.152507 -0.168964 0.060238 -0.050351 -0.060135
0.392224 0.402695 -0.372764 0.316926 -0.009692 0.075092 -0.317753 -0.319092 -0.105616 0.087385 -0.181424 0.002960 -0.310570 -0.216723 0.214150 0.106937 -0.007138 -0.020328 0.549139 1.000000 0.062852 0.051777 0.152369 0.199210 -0.058709 -0.149521 0.148978 0.065811 0.268403 0.134408 0.002705 0.110364 0.158347 0.126433 -0.052398 -0.153021 0.078602 0.018133 0.035974 0.167449 0.002188 0.223099 0.025630 -0.182795 -0.028198 -0.229554 0.070368 -0.136685 0.208104 -0.067773 -0.115029 -0.090598 0.090598 0.026730 0.057301 -0.072527 0.196298 0.239939 0.260132 0.200346 -0.336974 0.046430 -0.040975 0.039342 -0.239208 -0.481691 -0.225530 -0.331114 0.283821 0.167813 0.096359 0.027119 0.071650 0.122428 0.111274 0.167672 0.053452 0.088087 0.077774 -0.190191 -0.089038 -0.105723 0.242251 0.427071 0.094244 0.062386 -0.089832 0.020684 -0.207049 0.081270 0.169034 0.100463 -0.254428 -0.270636 -0.165795 0.113899 -0.064612 -0.101424 0.164601 0.022812 -0.282539 -0.253427 -0.206208 -0.077174 0.217144 0.020620 -0.346746 -0.087266 0.233771 -0.123499 -0.048512 -0.038404 -0.145648 0.023455 0.012459 0.047613
0.038106 -0.120244 0.054167 0.015109 0.211285 0.143228 0.147126 0.129682 0.165507 0.373398 -0.038900 0.082656 0.070077 0.022571 0.174509 0.177481 -0.128330 -0.117525 0.107574 0.062852 1.000000 0.442678 -0.127958 -0.024060 0.228617 0.209738 0.394010 0.075726 -0.148227 -0.038321 0.179933 0.071569 -0.027694 0.179166 0.104373 0.131523 0.104374 0.092917 0.239584 0.293868 0.117645 0.506900 0.006901 -0.100088 -0.021713 0.048065 0.100198 -0.008725 -0.187458 -0.099995 -0.154998 -0.225067 -0.007995 -0.108144 -0.156313 -0.110284 -0.051308 -0.069213 -0.096954 -0.134405 0.124715 0.047615 0.007897 -0.069262 -0.034133 0.013051 -0.035358 -0.013616 0.024407 -0.065629 0.307487 0.121359 -0.110150 0.071853 0.176627 0.224936 0.091164 0.243158 0.022667 -0.273240 0.020602 -0.180852 0.106565 0.201769 -0.140588 -0.284225 -0.147182 -0.123528 0.012177 -0.009048 0.024448 0.015407 -0.040672 -0.084083 -0.043066 0.318703 -0.107286 0.029054 0.002488 0.080196 -0.005418 -0.002975 -0.023652 -0.024981 -0.151297 -0.028695 -0.192992 -0.219569 0.126914 -0.046608 -0.091283 0.081944 -0.109213 0.261488 -0.239178 -0.145349
-0.074119 -0.054133 0.046522 0.304532 -0.034977 -0.023921 -0.127698 0.066093 0.001878 0.155286 -0.076997 0.132580 -0.253810 -0.133793 0.027969 0.110474 -0.211254 -0.222485 -0.012967 0.051777 0.442678 1.000000 0.230008 0.249339 0.467198 0.587128 0.091720 0.193411 -0.257700 -0.034087 0.327405 0.377946 -0.034037 0.090507 0.197414 0.207383 0.093970 0.272986 0.046965 0.388647 0.106090 0.401586 -0.080005 -0.105558 -0.063266 -0.063674 -0.076960 0.113043 -0.143263 -0.137607 -0.081172 0.087921 -0.090647 -0.008018 -0.104625 0.073917 -0.171690 -0.007956 -0.097256 -0.076633 -0.364896 -0.262376 -0.386962 -0.230476 0.081783 0.122015 -0.126138 0.107718 0.021110 0.054732 0.188031 0.358749 -0.365120 0.105172 0.023113 0.063678 0.095649 0.248866 -0.076935 -0.252050 -0.073609 -0.268567 -0.102509 0.232126 0.103988 0.092061 -0.358154 -0.107369 -0.076750 0.124747 -0.013474 0.024521 -0.069740 -0.107059 -0.134344 0.322344 0.042541 0.258147 0.006184 0.185391 -0.218404 -0.276827 -0.152175 -0.131699 -0.001899 0.048860 -0.282127 -0.241137 0.180528 -0.014923 0.249502 0.269364 -0.230162 0.053690 -0.189945 -0.257540
-0.083241 -0.056446 0.243106 0.293157 -0.106764 -0.055868 -0.021572 -0.202930 0.049158 -0.207090 -0.051052 -0.080665 -0.369876 -0.357326 0.203758 -0.069426 -0.123161 -0.212421 0.179861 0.152369 -0.127958 0.230008 1.000000 0.567604 0.366033 0.375022 -0.110245 0.235125 0.084738 -0.268403 0.278363 0.435617 0.077088 0.144639 0.365515 0.141331 -0.048677 -0.065925 -0.106297 0.052562 0.026547 -0.047748 -0.342682 -0.346621 -0.316900 -0.324823 -0.385902 -0.255261 0.057919 -0.182629 0.176400 0.181766 -0.028854 0.094068 0.010716 -0.125770 -0.229880 -0.005626 0.033795 0.035049 -0.450015 -0.396529 -0.434356 -0.176344 0.436472 0.005667 -0.168255 0.094073 -0.010145 0.159968 -0.087086 0.098494 -0.214843 -0.094114 0.008290 -0.067291 -0.009958 -0.008358 -0.180810 -0.102433 -0.230656 -0.294084 0.154004 0.239456 0.507218 0.190163 -0.155875 0.098227 0.113916 0.096658 0.180339 0.244449 0.033398 0.144067 -0.050170 0.144359 -0.080967 0.119371 -0.083054 0.061412 -0.206316 -0.124488 -0.202238 -0.011553 0.000932 -0.011400 -0.117774 -0.042096 0.159348 0.212117 0.110092 -0.058635 -0.040118 -0.024191 0.108208 0.032989
-0.031841 -0.010515 0.180686 0.560080 -0.209491 -0.168025 0.138463 0.149348 0.130167 0.151651 -0.045485 0.408669 -0.305563 -0.064929 -0.020251 -0.062581 -0.097611 -0.214705 0.097415 0.199210 -0.024060 0.249339 0.567604 1.000000 0.130178 0.336234 -0.298847 -0.108385 -0.088911 -0.074117 0.393242 0.568682 0.069290 0.177888 0.139594 0.079577 -0.122762 -0.175781 -0.323044 -0.068475 -0.103516 -0.181077 -0.212325 -0.241648 -0.198247 -0.241023 -0.260376 -0.330945 -0.087519 -0.094410 0.130317 0.162569 -0.038566 -0.005449 -0.269660 -0.267933 -0.324702 -0.227171 -0.025043 -0.097458 -0.218238 -0.104437 -0.291980 -0.108700 0.313437 0.144935 -0.201962 0.012511 -0.192822 -0.075718 0.008462 0.247228 -0.175581 0.048451 0.018513 0.013416 0.139315 0.113078 -0.053040 -0.110285 -0.294467 -0.329456 -0.171411 0.009403 0.239509 0.256978 -0.238282 -0.037648 -0.081175 -0.100724 0.096565 0.176724 0.099921 -0.069658 0.091595 0.145224 -0.297634 0.174044 -0.190230 -0.014027 -0.211430 -0.172245 -0.084002 -0.055558 0.065425 -0.161856 -0.227585 -0.177111 -0.004016 0.218567 -0.068979 -0.073270 -0.133583 0.094354 0.071847 0.115382
-0.144674 -0.002353 0.328892 0.191777 0.234370 0.102263 -0.004530 0.015475 0.006685 -0.001564 -0.176397 -0.201418 -0.236498 -0.378159 0.002977 -0.083892 -0.457928 -0.464434 -0.003170 -0.058709 0.228617 0.467198 0.366033 0.130178 1.000000 0.781021 0.021334 0.365688 -0.295604 -0.331738 0.236876 0.237771 -0.006394 0.094655 0.351831 0.366718 -0.059705 0.042971 -0.312439 -0.058983 0.006339 0.015086 -0.195852 -0.180589 -0.047361 -0.025311 -0.141809 0.130204 -0.036620 -0.077223 0.087797 0.152705 -0.013383 0.134979 0.081245 -0.048341 -0.254624 -0.112514 -0.011302 0.018274 -0.215370 -0.195538 -0.321017 -0.195924 0.283368 0.214342 0.079549 0.407457 0.082884 0.173057 0.035500 0.055533 -0.511012 -0.124145 -0.206003 -0.243235 -0.096374 -0.023546 -0.461547 -0.378793 -0.265354 -0.295371 0.109600 0.055892 0.278556 0.010998 -0.158683 -0.212278 0.106253 0.137162 0.085483 0.095033 0.074422 0.163292 -0.044740 0.135228 0.038552 0.118102 0.054329 -0.022960 0.024282 -0.134906 -0.077101 -0.000435 -0.011916 0.063082 0.024016 0.014287 0.104679 0.033578 0.179534 -0.008886 -0.067283 -0.016747 0.028221 -0.080477
-0.246213 -0.053250 0.299285 0.315502 0.096637 0.066005 -0.080543 0.126718 -0.035004 -0.006718 -0.210073 -0.054842 -0.298093 -0.383412 0.014339 -0.054663 -0.464004 -0.475092 -0.153335 -0.149521 0.209738 0.587128 0.375022 0.336234 0.781021 1.000000 -0.013372 0.397584 -0.390205 -0.357021 0.352902 0.431088 0.079993 0.188721 0.360772 0.381083 0.002782 0.016963 -0.329675 -0.087107 0.043252 -0.052168 -0.269859 -0.196458 -0.104104 -0.028804 -0.245492 0.060825 -0.089027 -0.115356 0.183217 0.232310 -0.074842 0.101056 0.023664 -0.062646 -0.278982 -0.126750 -0.069574 -0.063620 -0.292021 -0.271259 -0.487907 -0.299077 0.367043 0.417899 0.041133 0.477808 0.067480 0.151806 0.030612 0.127806 -0.558073 -0.155454 -0.246963 -0.285487 -0.138013 0.026547 -0.431139 -0.308645 -0.242249 -0.325939 0.044292 0.001005 0.299422 0.198277 -0.262933 -0.224856 -0.021304 0.065873 -0.009370 0.047927 0.084190 0.126210 0.078485 0.149000 0.091002 0.120766 -0.049772 -0.001176 0.009452 -0.180719 -0.200668 -0.060382 0.032515 0.101064 0.008013 0.016372 0.129583 0.072584 0.143261 0.016392 -0.179197 -0.000637 -0.006786 -0.078952
0.186592 0.122477 -0.123983 0.016813 0.291409 0.534733 -0.120055 -0.060896 -0.006809 0.225422 -0.014177 -0.088504 -0.088346 -0.035762 0.319571 0.310527 -0.076600 -0.066194 0.144275 0.148978 0.394010 0.091720 -0.110245 -0.298847 0.021334 -0.013372 1.000000 0.587705 -0.033829 -0.119843 -0.176193 -0.389986 -0.035404 -0.024860 0.184660 -0.079443 0.061810 0.144521 0.310714 0.323862 -0.041591 0.283505 0.029862 -0.022512 -0.013619 -0.006195 0.103019 0.013134 0.279782 -0.056102 0.053401 -0.052212 0.079318 0.023842 0.112326 0.118142 0.161812 0.081969 0.232158 0.207422 -0.112379 -0.011154 -0.146687 -0.127175 -0.014540 -0.098476 -0.077953 -0.128726 0.116421 -0.005867 0.068272 -0.247836 -0.045795 -0.047219 0.071212 0.047734 -0.176905 -0.112964 -0.069351 -0.114610 -0.015280 -0.194682 0.270041 0.277197 0.005315 -0.217715 0.045320 0.020721 0.038472 0.195888 -0.039263 -0.132414 -0.213270 -0.093390 -0.094696 0.124108 0.074965 0.034818 0.107405 -0.121514 -0.136145 -0.033760 -0.159433 -0.114544 0.007519 0.122649 -0.083213 0.029224 0.050404 0.061800 -0.022403 -0.083287 -0.057935 -0.091491 -0.184441 -0.102972
0.106038 0.092291 0.005803 0.172940 0.276560 0.594357 -0.261682 -0.181583 -0.127314 -0.131659 -0.058669 -0.248699 -0.278087 -0.338660 0.226015 0.144852 -0.302725 -0.316643 0.055224 0.065811 0.075726 0.193411 0.235125 -0.108385 0.365688 0.397584 0.587705 1.000000 -0.220745 -0.405496 -0.214936 -0.229667 0.003460 -0.082446 0.389769 0.186638 0.005914 0.068965 0.020077 0.155583 -0.076578 0.062689 -0.122893 -0.100552 -0.048895 -0.033622 -0.146688 0.096874 0.314573 -0.040518 0.191766 0.147426 -0.037761 -0.003834 0.212573 0.112983 0.128221 0.177993 0.278257 0.276913 -0.325390 -0.211275 -0.348239 -0.254703 0.118087 0.059072 0.023471 0.242428 0.194763 0.191975 -0.066052 -0.181126 -0.352685 -0.175278 -0.136831 -0.234820 -0.266562 -0.176216 -0.406849 -0.192285 -0.199083 -0.336369 0.297580 0.223276 0.214049 0.029095 -0.036459 0.079391 0.098224 0.334269 0.040677 0.005858 -0.055433 0.095668 -0.073724 0.143930 0.182371 0.036450 0.152021 -0.089998 -0.083119 -0.062241 -0.292931 0.027434 0.131762 0.223904 0.121400 0.131696 0.209269 0.236869 0.206839 -0.103713 -0.003674 -0.209526 -0.005767 -0.037748
0.109430 0.063494 -0.305022 -0.152184 0.109828 -0.164786 -0.143711 -0.278349 0.025169 -0.199536 0.359786 0.063571 0.396339 0.254097 0.433658 0.196231 0.490732 0.297084 0.204753 0.268403 -0.148227 -0.257700 0.084738 -0.088911 -0.295604 -0.390205 -0.033829 -0.220745 1.000000 0.415092 -0.101459 0.003410 -0.086816 -0.042081 -0.233174 -0.366784 0.303959 0.113387 0.090503 -0.012292 0.309641 0.029708 -0.126286 -0.189811 -0.188549 -0.256728 -0.082514 -0.190073 0.020619 -0.183648 -0.139415 -0.163573 0.150105 -0.084243 -0.003416 -0.093313 0.020016 0.010286 -0.026915 0.191332 0.058890 0.111383 0.214397 0.221287 -0.233212 -0.410781 -0.116226 -0.482217 -0.136189 -0.195485 0.113898 0.054438 0.650651 0.182222 0.449817 0.134434 0.292454 0.053493 0.399411 0.283504 0.447845 0.372283 0.381265 0.293489 0.215147 -0.024629 0.112870 -0.029904 -0.118627 -0.118554 0.011887 -0.094523 -0.110428 -0.137329 -0.073038 -0.153330 -0.076333 -0.026755 -0.120909 0.186762 -0.102905 0.034228 -0.008132 -0.169956 -0.073350 -0.220226 -0.303397 -0.144146 -0.009117 -0.185229 -0.142103 0.054214 0.084884 0.019447 -0.125960 -0.039876
0.141101 0.016492 -0.429154 -0.056734 -0.072833 -0.056224 -0.236305 -0.161258 0.041688 0.106742 0.184915 0.349654 0.216005 0.520880 0.023358 0.298999 0.430810 0.584149 -0.003723 0.134408 -0.038321 -0.034087 -0.268403 -0.074117 -0.331738 -0.357021 -0.119843 -0.405496 0.415092 1.000000 0.053425 0.033991 -0.129764 -0.178055 -0.398246 -0.348447 0.071409 0.228752 -0.090181 -0.111345 0.015524 0.036992 0.249992 0.190799 -0.012027 -0.056786 0.168506 -0.030823 -0.123696 -0.039455 -0.107777 -0.028068 0.292041 0.082587 -0.088605 -0.088615 -0.004753 -0.105554 -0.093221 0.016333 0.076203 0.236127 0.219153 0.258311 -0.395175 -0.348224 -0.211409 -0.511731 -0.269570 -0.440512 0.204676 0.310644 0.477341 0.636509 0.272281 0.410972 0.453414 0.462068 0.491296 0.453818 0.338626 0.472397 -0.143871 0.043316 -0.062933 0.060308 0.056761 -0.214804 -0.222925 -0.066889 -0.341785 -0.352723 -0.256716 -0.274113 -0.094266 -0.215440 -0.189507 -0.014067 -0.281292 -0.023046 -0.121301 -0.074958 0.156372 -0.193750 -0.052151 -0.197168 -0.115431 0.013880 -0.349191 -0.116616 -0.238326 0.070076 -0.162150 -0.096088 -0.060723 -0.150873
-0.403985 -0.205681 0.272472 0.126649 -0.104794 -0.132160 0.165507 0.143341 0.095754 0.130777 -0.040025 0.261591 -0.035742 -0.008205 -0.085675 0.021810 -0.201360 -0.109755 0.056545 0.002705 0.179933 0.327405 0.278363 0.393242 0.236876 0.352902 -0.176193 -0.214936 -0.101459 0.053425 1.000000 0.757389 -0.010790 0.376186 0.066918 0.202650 -0.035972 -0.181085 -0.151771 -0.229671 0.088950 -0.079740 -0.158766 -0.108805 -0.154252 -0.071678 -0.128461 -0.239666 -0.265990 -0.034468 0.043245 0.125782 -0.022577 0.006383 -0.222755 -0.113506 -0.415657 -0.201227 -0.144782 -0.154055 -0.040800 -0.085456 -0.227210 -0.162626 0.200798 0.252301 0.118863 0.179156 -0.133076 -0.061182 0.144465 0.290396 -0.085300 0.134730 0.027847 0.160788 0.171589 0.225673 -0.094871 -0.193281 -0.309917 -0.197473 -0.216570 -0.000398 0.031007 0.039549 -0.136705 -0.212810 -0.126696 -0.202346 -0.167989 -0.155078 -0.106025 -0.144653 -0.098649 0.141478 -0.032500 0.029245 -0.279628 -0.027685 0.058562 -0.094496 -0.127631 -0.240394 -0.161467 -0.052332 -0.143051 -0.082872 0.030884 0.007733 -0.217634 -0.047481 -0.179432 -0.073371 -0.010895 -0.162063
-0.252306 -0.152916 0.203500 0.217768 -0.136789 -0.314196 0.057799 0.121408 0.023676 -0.049815 -0.052628 0.266435 -0.129915 -0.071676 -0.107563 -0.086779 -0.167788 -0.076442 0.087925 0.110364 0.071569 0.377946 0.435617 0.568682 0.237771 0.431088 -0.389986 -0.229667 0.003410 0.033991 0.757389 1.000000 0.114751 0.466672 0.118218 0.218241 -0.051118 -0.195676 -0.282038 -0.168277 0.097620 -0.075343 -0.230770 -0.217496 -0.162955 -0.125079 -0.191775 -0.297498 -0.262749 -0.051556 0.039440 0.159852 -0.105949 -0.014852 -0.214551 -0.157491 -0.342641 -0.137209 -0.170919 -0.179116 -0.163219 -0.134348 -0.231495 -0.093164 0.109175 0.158343 0.019278 0.162801 -0.123220 -0.034838 0.141721 0.449597 -0.062841 0.123846 0.052511 0.153828 0.241171 0.255020 -0.062665 -0.102453 -0.299195 -0.131050 -0.188813 0.014990 0.036789 0.122626 -0.315444 -0.235856 -0.222078 -0.249294 -0.035481 0.008635 -0.035062 -0.113709 -0.036677 0.088768 -0.145904 0.030319 -0.233141 0.047960 -0.064620 -0.220363 -0.151938 -0.205504 0.001905 -0.084894 -0.238317 -0.263730 0.060587 -0.019907 -0.140507 0.006664 -0.165538 0.056051 0.060313 0.028566
0.315405 0.249644 0.126171 0.051900 -0.054639 -0.058968 -0.020116 -0.019891 -0.222597 -0.138300 -0.277453 -0.146197 -0.217831 -0.279438 -0.227583 -0.233604 -0.077996 0.060644 0.188914 0.158347 -0.027694 -0.034037 0.077088 0.069290 -0.006394 0.079993 -0.035404 0.003460 -0.086816 -0.129764 -0.010790 0.114751 1.000000 0.674217 0.172632 0.035825 -0.054725 -0.223166 -0.045154 -0.076119 -0.088035 -0.113864 -0.171164 -0.165690 0.131340 -0.023626 -0.099637 -0.253315 0.051618 0.059322 0.095181 0.010575 -0.014275 0.001677 0.099671 -0.012994 0.275919 0.134574 0.001668 -0.078381 0.147453 0.139117 0.127893 0.409926 0.055350 0.170259 0.216810 0.027932 0.057028 -0.112780 -0.389589 -0.232649 0.161875 -0.314135 -0.040106 -0.060599 -0.152605 -0.242325 0.046982 0.119829 -0.225410 -0.025087 -0.097472 -0.159569 -0.085220 -0.107921 0.007954 0.083548 -0.222929 -0.187645 -0.244720 -0.137832 -0.112769 -0.065192 -0.076388 -0.104702 0.001713 -0.186374 -0.089383 -0.129607 -0.039143 0.028231 -0.097237 0.006622 -0.192916 -0.190135 0.121612 -0.098356 -0.098038 -0.056791 -0.075972 -0.113200 -0.080740 -0.045587 -0.186011 -0.112230
0.011195 -0.022963 0.296118 -0.053611 0.066323 -0.088695 0.217784 0.205295 -0.117988 0.008057 -0.231110 -0.002594 -0.115959 -0.225693 -0.194194 -0.226864 -0.162216 -0.067637 0.091542 0.126433 0.179166 0.090507 0.144639 0.177888 0.094655 0.188721 -0.024860 -0.082446 -0.042081 -0.178055 0.376186 0.466672 0.674217 1.000000 0.215255 0.288559 -0.088416 -0.353366 -0.041792 -0.082993 0.039086 -0.001996 -0.193232 -0.182841 0.117312 0.075896 -0.049638 -0.267814 -0.118499 0.179554 -0.049763 -0.037152 -0.170266 -0.053261 -0.085250 -0.037783 0.027739 -0.061387 -0.118439 -0.252602 0.167124 0.140716 0.028791 0.229578 0.074572 0.302949 0.296618 0.223879 -0.133819 -0.118829 -0.224158 -0.013169 0.141587 -0.237499 0.040323 0.054410 -0.042880 -0.097114 -0.021640 -0.032476 -0.297951 -0.143495 -0.113571 -0.097738 -0.253622 -0.310765 -0.152479 -0.182464 -0.202329 -0.395221 -0.191776 -0.090619 -0.151158 -0.125519 -0.064919 0.065909 -0.091783 -0.121550 -0.144069 -0.057160 -0.027686 -0.012921 -0.154370 -0.070828 -0.262390 -0.153837 -0.098050 -0.266200 -0.021584 -0.083340 -0.212448 -0.121443 -0.032028 0.051571 -0.229935 -0.084672
-0.102626 -0.098193 0.103518 0.079424 -0.111945 0.135994 -0.113440 -0.060932 -0.203791 -0.246818 -0.281622 -0.292487 -0.423146 -0.443922 -0.092273 -0.276354 -0.065358 -0.093999 -0.097748 -0.052398 0.104373 0.197414 0.365515 0.139594 0.351831 0.360772 0.184660 0.389769 -0.233174 -0.398246 0.066918 0.118218 0.172632 0.215255 1.000000 0.294227 0.054418 -0.143036 0.115708 0.101525 -0.023105 -0.171594 0.001942 0.023227 0.005485 0.062294 -0.006049 0.028800 -0.037995 0.024062 0.038445 0.226153 -0.195719 0.123404 0.004824 0.020497 -0.005013 0.075639 -0.001358 -0.010923 -0.400344 -0.279010 -0.313416 -0.183502 0.296457 0.231492 0.116869 0.277625 0.045984 0.113878 -0.147112 -0.096648 -0.165383 -0.317388 -0.114004 -0.306123 -0.227740 -0.182759 -0.252946 0.017773 -0.200777 -0.188493 0.042914 -0.042108 0.082013 -0.014879 -0.120947 0.059298 -0.031963 -0.113238 0.079920 0.000348 -0.027980 -0.032526 0.200452 0.146877 0.105595 -0.011182 -0.042502 -0.078930 0.013266 -0.073374 -0.159182 0.099905 0.066041 0.217460 -0.025314 0.075190 0.203181 0.215532 0.147373 0.077762 0.087593 0.004486 -0.063731 0.114455
-0.194369 -0.251567 0.163304 -0.135988 0.176161 0.099618 0.063207 0.108149 0.019901 0.083417 -0.199913 -0.280705 -0.166162 -0.333421 -0.172417 -0.258073 -0.439649 -0.332953 -0.082451 -0.153021 0.131523 0.207383 0.141331 0.079577 0.366718 0.381083 -0.079443 0.186638 -0.366784 -0.348447 0.202650 0.218241 0.035825 0.288559 0.294227 1.000000 -0.079574 -0.174474 -0.120585 -0.055800 -0.111960 0.070247 -0.083457 -0.015499 0.131392 0.204841 -0.069207 0.199382 -0.111388 0.225790 -0.139637 -0.019081 -0.201723 0.006814 -0.035903 -0.066890 -0.048633 0.028542 -0.063765 -0.163269 -0.066552 -0.072843 -0.163161 -0.157895 0.077350 0.255712 0.307987 0.663642 0.085566 0.268071 -0.014064 0.032519 -0.370200 -0.226982 -0.079738 -0.188408 -0.210987 -0.057302 -0.337374 -0.233851 -0.295620 -0.252822 -0.010893 -0.020100 -0.106598 -0.205376 -0.219067 -0.218758 0.032138 -0.150467 0.148565 0.189102 -0.073897 0.177533 -0.055287 0.330109 0.100600 0.061026 0.102144 0.074452 -0.016131 0.022813 -0.160459 0.031474 -0.076387 0.182908 -0.017961 -0.100212 0.212794 0.298824 0.359192 0.009247 0.034903 0.042052 -0.015482 -0.056978
