1.000000 0.387497 0.392189 0.355537 0.104275 0.193105 0.479773 0.378438 -0.051549 0.287041 -0.181950 -0.246760 -0.009801 0.376514 -0.481907 -0.381287 -0.271063 -0.260757 0.246967 0.330998 -0.253745 0.208878 0.399156 0.502694 0.131140 0.447011 -0.323747 0.254751 -0.460266 -0.460012 0.465611 0.485775 0.408441 0.340287 0.102004 0.246700 0.026910 -0.530780 -0.472270 -0.316576 -0.478054 -0.381482 0.140284 0.368306 0.254073 0.200512 -0.165976 -0.131899 -0.079689 0.074349 -0.272750 -0.175140 -0.486101 -0.152091 -0.588870 -0.548410 0.595481 0.153382 0.087012 -0.196724 0.158964 -0.362701 -0.300178 -0.000756 -0.230480 -0.408703 0.084942 0.047517 0.050981 0.187296 0.130932 0.361226 -0.258397 -0.117551 -0.080146 0.342744 0.366776 -0.176889 -0.238807 -0.338361 -0.370416 -0.129572 -0.586889 -0.543171 -0.491854 -0.267808 -0.503116 -0.565008 -0.433942 -0.554951 0.218729 0.185231 0.318223 -0.085891 -0.076525 -0.628835 -0.467025 -0.250608 0.415599 0.105523 0.244087 -0.035379 0.152230 -0.054747 -0.327080 -0.325659 -0.292323 -0.426813 -0.079335 0.378151 -0.004599 -0.122881 0.362257 0.312024 0.298984 -0.008706
0.387497 1.000000 0.322210 0.669977 0.230975 0.326836 0.588925 0.679511 0.070639 0.502906 -0.563751 -0.159501 -0.025713 0.392168 -0.557342 -0.254210 -0.549573 -0.498699 0.431058 0.406255 -0.355817 0.161290 0.561021 0.422038 0.273018 0.586149 -0.487437 -0.009971 -0.530003 -0.457211 0.659097 0.623981 0.619016 0.678799 0.075204 0.120818 0.028728 -0.430356 -0.500767 -0.314626 -0.252812 -0.345560 0.011030 0.205860 0.130884 0.121116 -0.393142 -0.208366 -0.059708 0.134666 -0.488537 -0.205292 -0.501923 -0.226953 -0.529287 -0.601258 0.152206 0.242580 -0.080628 -0.236332 0.316551 -0.366879 -0.521655 -0.279816 -0.517011 -0.504185 -0.032967 -0.147159 0.206906 0.168871 0.357759 0.423976 -0.235260 0.169156 0.082037 0.474759 0.554827 -0.215810 -0.265271 -0.452852 -0.505651 -0.342379 -0.624828 -0.681707 -0.562013 -0.496542 -0.444027 -0.457003 -0.366623 -0.569250 -0.168043 -0.194166 0.180251 -0.282384 -0.196771 -0.549764 -0.398545 -0.352365 0.188678 -0.023685 0.312290 -0.081459 0.070422 -0.213442 -0.440244 -0.392622 -0.379035 -0.407321 -0.263328 0.326865 -0.237344 -0.219176 0.208684 0.349684 0.416385 -0.149446
0.392189 0.322210 1.000000 0.458014 0.270543 0.483432 0.712739 0.520770 0.126763 0.357731 -0.439125 -0.221109 -0.251546 -0.029776 -0.338539 -0.315562 -0.520999 -0.451709 0.266509 0.310059 -0.064104 0.260761 0.654725 0.550567 0.252160 0.458459 0.069981 0.490553 -0.452514 -0.576422 0.372555 0.327436 0.182533 0.377814 0.437990 0.582624 0.023463 -0.275058 -0.371066 -0.178664 -0.332201 -0.255335 -0.042718 0.407167 0.290005 0.178714 -0.219357 -0.082090 0.022206 0.012566 -0.073274 0.073996 -0.331450 0.037364 -0.382705 -0.448803 -0.084112 -0.125220 0.075160 -0.276827 0.203110 -0.391816 -0.533740 -0.307881 -0.226785 -0.189231 0.152308 0.413385 -0.042815 0.166713 0.431355 0.435856 -0.287677 -0.011904 0.143633 0.525096 0.454621 -0.176837 -0.434640 -0.445886 -0.568792 -0.267198 -0.398233 -0.473171 -0.373037 -0.094550 -0.398474 -0.492422 -0.071885 -0.441119 -0.098542 0.053764 0.200549 0.132979 -0.246579 -0.575784 -0.362958 -0.223759 0.165460 -0.048934 0.377062 -0.048566 0.092067 -0.166632 -0.500752 -0.431080 -0.451593 -0.495327 -0.271170 0.250230 -0.029872 -0.218856 0.006919 0.332553 0.377451 -0.293828
0.355537 0.669977 0.458014 1.000000 0.481930 0.615435 0.789046 0.899790 0.154210 0.686584 -0.697342 -0.235130 0.040180 0.526678 -0.577682 -0.189870 -0.735581 -0.712397 0.434786 0.080122 -0.429827 0.155239 0.840336 0.808776 0.567805 0.816822 -0.482114 0.053234 -0.709534 -0.695577 0.835990 0.839614 0.582578 0.687014 -0.057996 0.028965 0.108837 -0.406297 -0.377182 -0.267671 -0.145246 -0.314346 -0.192317 0.253421 0.081484 -0.022656 -0.406180 -0.367904 -0.199972 -0.113168 -0.484715 -0.219783 -0.482407 -0.346703 -0.513665 -0.677290 -0.122497 -0.303391 0.025059 -0.307481 0.237644 -0.512031 -0.619886 -0.456076 -0.486678 -0.510141 -0.176684 0.014217 -0.004253 -0.105506 0.230004 0.408953 -0.429057 -0.181711 0.109188 0.556014 0.459757 -0.496655 -0.473640 -0.759715 -0.613143 -0.591593 -0.494704 -0.665069 -0.485717 -0.262890 -0.382770 -0.575427 -0.218291 -0.623510 -0.314434 -0.238818 0.155352 -0.109126 -0.375600 -0.607707 -0.563590 -0.540502 -0.004236 -0.348678 0.315063 -0.023944 -0.022758 -0.234634 -0.600318 -0.549244 -0.578228 -0.559926 -0.504374 0.205815 -0.370856 -0.487908 0.133873 0.263502 0.370593 -0.455628
0.104275 0.230975 0.270543 0.481930 1.000000 0.725981 0.476026 0.492362 0.688031 0.513395 -0.385621 -0.227457 0.143226 0.433872 -0.033182 0.218570 -0.325122 -0.373355 -0.139922 -0.061868 -0.054692 0.291354 0.508342 0.540327 0.793385 0.663279 0.156048 0.418948 -0.297697 -0.235139 0.600846 0.596568 0.080487 0.116990 -0.286413 0.078876 0.009752 -0.292406 -0.302890 -0.120107 -0.003290 -0.254754 -0.211687 0.131258 -0.055465 0.005505 -0.280822 -0.280666 0.029645 0.023683 -0.322090 -0.035072 -0.401839 -0.301571 -0.416461 -0.458122 -0.189530 -0.266148 0.155710 -0.015908 0.078656 -0.248635 -0.152817 -0.350228 -0.119901 -0.229973 -0.154690 -0.018287 -0.198170 -0.090731 0.020919 0.269771 -0.341060 0.033125 0.032898 0.339831 0.033906 -0.365424 -0.412786 -0.319969 -0.321232 -0.354423 -0.253309 -0.389986 -0.358020 -0.190756 -0.255540 -0.309773 -0.102812 -0.465024 -0.247689 -0.375227 0.014880 -0.070800 -0.368205 -0.318073 -0.432919 -0.234708 -0.066905 -0.250619 0.213066 -0.012203 0.192550 -0.331810 -0.432005 -0.418115 -0.279829 -0.375602 -0.178697 0.113160 -0.321243 -0.364040 -0.028971 0.183162 0.252883 -0.267389
0.193105 0.326836 0.483432 0.615435 0.725981 1.000000 0.642095 0.655098 0.450832 0.766141 -0.650418 -0.292758 -0.207149 0.314027 -0.255796 -0.056000 -0.580659 -0.473665 0.000424 0.172065 -0.057878 0.310782 0.643141 0.621532 0.633232 0.719435 0.176083 0.510019 -0.589311 -0.469046 0.575488 0.559070 0.145602 0.360032 -0.077181 0.237168 -0.020661 -0.179118 -0.326338 0.041277 -0.087398 -0.043136 -0.193551 0.303418 0.105140 0.065016 -0.131947 -0.118937 0.006053 0.046228 -0.334912 0.015914 -0.342099 -0.078634 -0.424813 -0.492184 -0.158369 -0.282857 0.150150 -0.015637 0.172915 -0.489531 -0.491533 -0.383084 -0.366908 -0.358725 0.021679 0.163455 -0.122756 0.083496 0.238003 0.468543 -0.484345 -0.032146 0.033127 0.603307 0.227310 -0.293820 -0.564241 -0.451995 -0.579552 -0.284366 -0.356047 -0.423699 -0.449642 -0.027955 -0.322158 -0.462442 0.012429 -0.524881 -0.223376 -0.267711 0.120521 0.002616 -0.325231 -0.401192 -0.447439 -0.193897 0.160237 -0.218062 0.405428 0.010858 0.306001 -0.339711 -0.585552 -0.552274 -0.472920 -0.576200 -0.402885 0.231704 -0.190220 -0.273612 -0.089930 0.348115 0.326680 -0.468600
0.479773 0.588925 0.712739 0.789046 0.476026 0.642095 1.000000 0.850345 0.286988 0.624490 -0.658101 -0.256744 -0.010975 0.507998 -0.473364 -0.127481 -0.691054 -0.687371 0.365830 0.178926 -0.288227 0.246588 0.790264 0.692905 0.457744 0.730141 -0.277579 0.277394 -0.694918 -0.649072 0.763797 0.751631 0.544362 0.631541 0.073895 0.269979 -0.023807 -0.439694 -0.421150 -0.224536 -0.318172 -0.295111 -0.134766 0.366241 0.241993 0.116326 -0.314652 -0.326264 -0.125607 -0.044314 -0.427380 -0.139563 -0.553256 -0.254278 -0.552603 -0.660298 -0.011327 -0.251910 0.059289 -0.323889 0.242430 -0.551399 -0.653523 -0.436510 -0.483871 -0.487929 -0.096170 0.082623 0.027553 -0.029058 0.294741 0.471024 -0.393285 -0.089804 -0.017547 0.616413 0.492808 -0.458980 -0.509582 -0.734974 -0.712808 -0.498158 -0.485959 -0.634699 -0.591923 -0.259510 -0.414790 -0.598246 -0.229553 -0.615114 -0.206314 -0.114714 0.188133 -0.089745 -0.365672 -0.690037 -0.576529 -0.461954 0.105021 -0.225079 0.343340 0.001134 0.111973 -0.252795 -0.618722 -0.588655 -0.560075 -0.609710 -0.453682 0.237393 -0.275260 -0.379443 0.191363 0.311016 0.444549 -0.345078
0.378438 0.679511 0.520770 0.899790 0.492362 0.655098 0.850345 1.000000 0.281949 0.654743 -0.686408 -0.215052 0.027617 0.591303 -0.533790 -0.105012 -0.703804 -0.690843 0.418568 0.109570 -0.364619 0.247406 0.770853 0.711929 0.561550 0.770350 -0.402740 0.112137 -0.701728 -0.644684 0.805305 0.808177 0.533803 0.658400 -0.072681 0.136366 0.010483 -0.394445 -0.436719 -0.186078 -0.170055 -0.251116 -0.244067 0.321662 0.120171 0.025969 -0.333964 -0.346532 -0.212993 -0.101367 -0.587909 -0.225219 -0.534977 -0.336049 -0.547611 -0.653476 -0.040248 -0.266639 0.038217 -0.256182 0.230100 -0.515183 -0.605273 -0.394019 -0.538536 -0.508865 -0.162531 0.001433 0.103903 -0.042639 0.206114 0.434101 -0.463902 -0.138224 0.023319 0.612076 0.405948 -0.490101 -0.531965 -0.750946 -0.669756 -0.542922 -0.507339 -0.641312 -0.577062 -0.221148 -0.401256 -0.562726 -0.195364 -0.627460 -0.342247 -0.286791 0.130289 -0.215636 -0.460960 -0.625866 -0.636820 -0.501268 0.029304 -0.375559 0.328946 -0.089513 0.009528 -0.292253 -0.612775 -0.548276 -0.580891 -0.604297 -0.512641 0.224262 -0.357557 -0.482023 0.086527 0.277732 0.407077 -0.480447
-0.051549 0.070639 0.126763 0.154210 0.688031 0.450832 0.286988 0.281949 1.000000 0.289849 -0.015900 0.081712 0.354684 0.440523 0.398307 0.577382 0.064461 -0.106854 -0.351377 -0.042884 -0.119703 0.088506 0.177521 0.191267 0.462282 0.234384 0.132269 0.200367 0.038605 0.136234 0.290818 0.271342 -0.061655 -0.055645 -0.318490 0.064653 -0.108076 -0.107772 -0.294786 -0.104737 -0.073855 -0.148621 -0.143701 0.010331 -0.141316 0.055327 -0.271151 -0.053732 0.011765 0.001129 -0.219405 -0.097924 -0.392782 -0.338821 -0.338091 -0.345678 -0.104145 -0.114791 0.109376 0.018156 0.042678 -0.028973 0.056253 -0.230427 0.111956 0.108267 -0.134659 -0.009997 -0.233007 -0.065249 -0.096704 0.159447 -0.131230 0.213780 -0.103856 0.121933 -0.024286 -0.049968 -0.044367 -0.089138 -0.083513 -0.198310 -0.150179 -0.033680 -0.219584 -0.099104 -0.273571 -0.148262 -0.146421 -0.315278 -0.139950 -0.203528 0.164793 -0.022015 -0.386549 -0.088785 -0.298015 -0.091970 -0.034881 -0.108266 0.279193 -0.041355 0.288793 -0.347138 -0.327689 -0.330079 -0.149901 -0.197372 -0.022441 -0.072413 -0.197168 -0.246374 0.078858 0.099261 -0.005275 -0.188707
0.287041 0.502906 0.357731 0.686584 0.513395 0.766141 0.624490 0.654743 0.289849 1.000000 -0.582321 -0.118838 -0.134454 0.461943 -0.393655 -0.208205 -0.550977 -0.420171 0.103756 0.290127 -0.357780 0.061316 0.565076 0.660737 0.411430 0.643868 -0.157181 0.246392 -0.489607 -0.453979 0.572935 0.572933 0.429170 0.510388 -0.022369 0.180703 -0.033157 -0.423635 -0.564398 -0.297783 -0.365194 -0.298051 -0.001508 0.272851 0.139617 0.158507 -0.303320 -0.103100 0.129340 0.181349 -0.259349 -0.012122 -0.474275 -0.111523 -0.587016 -0.647952 -0.106000 -0.124826 0.152397 0.047146 0.304310 -0.351338 -0.501221 -0.322834 -0.346170 -0.385570 0.132236 0.195040 -0.155614 0.250740 0.325294 0.416933 -0.258929 0.050196 0.128171 0.519392 0.499518 -0.166898 -0.374393 -0.474741 -0.451097 -0.296815 -0.457337 -0.557402 -0.437462 -0.339390 -0.392235 -0.622003 -0.237113 -0.633547 -0.043339 -0.059345 0.349172 -0.005786 -0.296808 -0.593190 -0.508878 -0.372413 0.281093 -0.105501 0.486490 0.019692 0.321709 -0.311355 -0.625171 -0.612350 -0.477324 -0.577829 -0.340549 0.213332 -0.250008 -0.318017 0.117408 0.351420 0.363849 -0.380818
-0.181950 -0.563751 -0.439125 -0.697342 -0.385621 -0.650418 -0.658101 -0.686408 -0.015900 -0.582321 1.000000 0.517311 0.448046 -0.174958 0.506392 0.258586 0.882003 0.663862 -0.422273 -0.205370 0.123517 -0.270958 -0.709699 -0.516228 -0.499195 -0.726737 0.133055 -0.289060 0.790029 0.698181 -0.685154 -0.649614 -0.463200 -0.590243 -0.088035 -0.121351 -0.091160 0.121218 0.077877 -0.127335 -0.055207 -0.039440 0.149104 -0.296331 -0.217882 -0.005298 0.143669 0.113105 0.152521 0.034970 0.439905 0.118822 0.255756 0.093077 0.235074 0.410711 0.082408 0.227836 0.078927 0.215882 -0.216851 0.708537 0.701432 0.458972 0.680716 0.667127 0.018208 -0.100616 -0.136748 -0.027136 -0.324959 -0.473298 0.484164 0.095300 -0.133785 -0.645994 -0.350796 0.434409 0.563993 0.643413 0.666481 0.459994 0.327690 0.596607 0.440973 0.093023 0.056798 0.370187 -0.098282 0.442332 0.336879 0.224503 0.131826 0.157683 0.146916 0.389583 0.299886 0.186813 -0.132047 0.153437 -0.217782 -0.092043 -0.010451 0.130664 0.495118 0.398715 0.497778 0.506161 0.446239 -0.237630 0.101595 0.221452 0.068511 -0.412809 -0.488864 0.364918
-0.246760 -0.159501 -0.221109 -0.235130 -0.227457 -0.292758 -0.256744 -0.215052 0.081712 -0.118838 0.517311 1.000000 0.296505 0.085323 0.305502 0.287844 0.505506 0.587024 -0.328037 -0.148304 0.000501 -0.155032 -0.320910 -0.188107 -0.290495 -0.400891 0.036211 -0.306869 0.593449 0.587307 -0.442210 -0.414950 -0.231979 -0.171753 -0.125544 -0.082513 0.009512 0.008587 -0.068679 -0.149367 0.026405 -0.053807 0.018366 -0.183063 -0.176006 0.002535 0.014012 0.013326 0.208472 0.022324 0.311704 0.185519 0.212948 -0.013125 -0.001424 0.082577 -0.206559 -0.030292 0.267116 0.219529 0.062710 0.616074 0.241584 0.357098 0.448888 0.663005 0.030806 -0.005369 -0.393135 -0.114456 0.001839 -0.192665 0.521011 0.188678 0.097018 -0.434488 -0.023311 0.354096 0.425515 0.457197 0.455651 0.271462 0.227651 0.491033 0.303649 0.063433 -0.104826 0.054290 -0.137233 0.104079 0.147797 0.030829 0.322651 0.076621 -0.193188 0.144284 -0.018068 -0.098680 -0.104968 -0.115059 0.080128 -0.221602 -0.018542 -0.230990 0.012268 -0.055469 0.084940 0.196945 0.123239 -0.074812 -0.141095 -0.179903 0.153283 -0.269958 -0.358107 -0.038698
-0.009801 -0.025713 -0.251546 0.040180 0.143226 -0.207149 -0.010975 0.027617 0.354684 -0.134454 0.448046 0.296505 1.000000 0.475537 0.311169 0.542367 0.316335 -0.046777 -0.065354 -0.381109 -0.316882 -0.119202 -0.028694 -0.057123 -0.002155 -0.092619 -0.384512 -0.385960 0.304810 0.253584 0.124035 0.152498 0.045073 -0.159349 -0.410941 -0.394488 0.033691 -0.130865 -0.084142 -0.281825 0.033891 -0.267063 -0.219100 -0.370938 -0.387385 -0.356518 -0.328753 -0.435401 -0.229978 -0.353520 -0.090533 -0.377777 -0.091085 -0.465331 0.002621 0.009075 0.007668 -0.121998 0.059292 -0.287857 0.057996 0.245545 0.398438 -0.098245 0.338017 0.189398 -0.414909 -0.523381 0.045026 -0.401177 -0.403119 -0.401980 0.074617 -0.087706 -0.327316 -0.381595 -0.145649 -0.125572 0.284940 0.013471 0.265323 -0.178138 0.087210 0.095165 0.119191 -0.216914 -0.056505 0.181064 -0.156460 0.126161 -0.061610 -0.099731 0.028853 -0.119390 -0.269847 0.007660 -0.033299 -0.230086 -0.346341 -0.194803 -0.120892 -0.100080 -0.067725 -0.133614 0.150934 0.029774 0.154924 0.131518 0.075392 -0.299624 -0.322556 -0.190198 0.118076 -0.291016 -0.358238 0.107461
0.376514 0.392168 -0.029776 0.526678 0.433872 0.314027 0.507998 0.591303 0.440523 0.461943 -0.174958 0.085323 0.475537 1.000000 -0.214697 0.231278 -0.187850 -0.309619 0.013741 -0.052121 -0.445354 0.081419 0.357858 0.479402 0.405701 0.492292 -0.474554 -0.101472 -0.306267 -0.162033 0.620363 0.675437 0.436649 0.331085 -0.488473 -0.155070 -0.080906 -0.407363 -0.408755 -0.255585 -0.189268 -0.259186 -0.078955 0.126968 0.000634 0.033269 -0.216400 -0.256135 -0.107442 -0.027442 -0.497446 -0.262187 -0.516917 -0.458902 -0.560032 -0.548247 0.154006 -0.150715 0.107545 -0.060181 0.117453 -0.186512 -0.178239 -0.147808 -0.261395 -0.339450 -0.252683 -0.301754 -0.055360 -0.153433 -0.144168 0.166441 -0.198570 -0.083486 -0.229995 0.188622 0.122872 -0.324444 -0.166811 -0.424955 -0.242713 -0.339748 -0.345405 -0.343762 -0.430853 -0.303131 -0.359092 -0.431722 -0.412218 -0.522888 -0.037626 -0.188882 0.196751 -0.304706 -0.411181 -0.407328 -0.562478 -0.434350 0.099862 -0.285530 0.155002 -0.075139 0.109595 -0.259756 -0.375363 -0.389559 -0.294127 -0.336248 -0.199942 0.156372 -0.284475 -0.347860 0.358754 0.050789 0.155422 -0.171093
-0.481907 -0.557342 -0.338539 -0.577682 -0.033182 -0.255796 -0.473364 -0.533790 0.398307 -0.393655 0.506392 0.305502 0.311169 -0.214697 1.000000 0.656983 0.562986 0.421100 -0.498798 -0.280404 0.137401 -0.145971 -0.480016 -0.503010 -0.159043 -0.530651 0.386782 -0.077588 0.633703 0.611777 -0.495566 -0.512224 -0.551173 -0.620153 -0.229485 -0.228049 -0.125936 0.455352 0.314115 0.211549 0.205613 0.206303 -0.171819 -0.455916 -0.446307 -0.299355 -0.007119 0.116939 -0.057195 -0.256112 0.263466 -0.070767 0.333918 -0.053957 0.429802 0.439963 -0.140936 0.050215 0.090518 0.192658 -0.139490 0.333788 0.542048 0.123741 0.525230 0.525376 -0.057094 -0.159980 -0.247440 -0.186828 -0.468203 -0.418530 0.164925 0.034827 -0.208575 -0.539389 -0.471517 0.344446 0.280344 0.534055 0.491248 0.251908 0.491676 0.700629 0.468695 0.279910 0.305663 0.552926 0.295266 0.493268 0.088296 0.040949 -0.150168 0.100902 -0.047427 0.547940 0.374293 0.330720 -0.210789 0.126748 -0.196685 0.122207 0.026416 -0.052329 0.248477 0.188341 0.343391 0.300937 0.293637 -0.415679 0.086218 0.197279 -0.223766 -0.182175 -0.426864 0.135767
-0.381287 -0.254210 -0.315562 -0.189870 0.218570 -0.056000 -0.127481 -0.105012 0.577382 -0.208205 0.258586 0.287844 0.542367 0.231278 0.656983 1.000000 0.325657 0.119734 -0.310664 -0.429306 0.070878 -0.070598 -0.251471 -0.291816 0.036268 -0.232976 0.093640 -0.150987 0.417145 0.518826 -0.072061 -0.084140 -0.249787 -0.358898 -0.498364 -0.405444 -0.121167 0.259807 0.141482 0.124100 0.224629 0.107339 -0.254658 -0.391855 -0.399847 -0.295199 -0.152363 -0.232059 -0.201297 -0.319650 -0.038522 -0.216076 0.134481 -0.372668 0.219824 0.172789 -0.153998 -0.148583 -0.038703 -0.100696 -0.083191 0.197260 0.401171 -0.105708 0.254217 0.301389 -0.416208 -0.409834 -0.020287 -0.409270 -0.362478 -0.338293 0.130005 0.068730 -0.335076 -0.421252 -0.363251 -0.015517 0.245561 0.168401 0.329917 -0.036027 0.458238 0.513485 0.323580 0.097747 0.280172 0.455383 0.274142 0.290713 -0.179475 -0.261852 -0.156078 -0.100785 -0.302859 0.344423 0.047921 -0.015647 -0.410243 -0.216781 -0.115425 -0.005404 0.059282 -0.192459 0.145141 0.040760 0.154769 0.130157 -0.006889 -0.410196 -0.258375 -0.114141 -0.146124 -0.265448 -0.427785 0.004793
-0.271063 -0.549573 -0.520999 -0.735581 -0.325122 -0.580659 -0.691054 -0.703804 0.064461 -0.550977 0.882003 0.505506 0.316335 -0.187850 0.562986 0.325657 1.000000 0.795335 -0.496846 -0.231342 0.220257 -0.204036 -0.743184 -0.596401 -0.393109 -0.685384 0.193599 -0.291471 0.824832 0.753046 -0.670688 -0.636020 -0.448816 -0.566902 -0.176279 -0.153475 -0.056894 0.245971 0.172889 0.036387 0.080638 0.123877 0.119496 -0.283991 -0.155802 0.061958 0.207272 0.173251 0.098248 0.063680 0.368697 0.140505 0.279059 0.061053 0.221941 0.411103 0.114777 0.325522 0.076067 0.290400 -0.209981 0.670065 0.777446 0.572770 0.622160 0.612141 0.073616 -0.102104 -0.183455 -0.040907 -0.280988 -0.451873 0.535145 0.141723 -0.113152 -0.626430 -0.383924 0.430539 0.602378 0.732658 0.761179 0.545433 0.406095 0.618212 0.459713 0.172255 0.122140 0.370656 -0.037441 0.400326 0.226037 0.126016 0.045908 0.026914 0.071610 0.476104 0.272011 0.204868 -0.068785 0.155945 -0.218407 -0.066486 0.038112 0.001083 0.388120 0.309104 0.414319 0.453053 0.413961 -0.247155 0.098992 0.207651 0.086758 -0.374803 -0.506552 0.224078
-0.260757 -0.498699 -0.451709 -0.712397 -0.373355 -0.473665 -0.687371 -0.690843 -0.106854 -0.420171 0.663862 0.587024 -0.046777 -0.309619 0.421100 0.119734 0.795335 1.000000 -0.494776 -0.102683 0.291378 -0.062505 -0.704903 -0.516254 -0.406460 -0.620731 0.335251 -0.161674 0.736275 0.714071 -0.743073 -0.703678 -0.498397 -0.526618 -0.011836 -0.035371 -0.000016 0.211875 0.157996 0.119318 0.129369 0.161614 0.143515 -0.214860 -0.102653 0.098835 0.305078 0.289888 0.213451 0.153557 0.468440 0.296527 0.397744 0.244372 0.208148 0.386438 -0.018777 0.348502 0.165706 0.452023 -0.102283 0.661274 0.560764 0.730519 0.569635 0.619861 0.247434 0.067025 -0.341920 0.080659 -0.113803 -0.259001 0.555017 0.192526 0.023334 -0.547431 -0.305900 0.575561 0.471860 0.851368 0.681042 0.665432 0.364516 0.613355 0.444543 0.257959 0.147148 0.270823 0.018878 0.324729 0.348847 0.182617 0.140315 -0.012937 0.052777 0.405110 0.225205 0.228683 0.128966 0.224983 -0.158834 -0.162482 -0.033218 -0.099281 0.252011 0.224110 0.298438 0.345058 0.444494 -0.158606 0.192269 0.248557 0.137378 -0.249011 -0.380907 0.146907
0.246967 0.431058 0.266509 0.434786 -0.139922 0.000424 0.365830 0.418568 -0.351377 0.103756 -0.422273 -0.328037 -0.065354 0.013741 -0.498798 -0.310664 -0.496846 -0.494776 1.000000 0.182319 -0.202844 0.000754 0.334947 0.136767 -0.014453 0.237255 -0.425659 -0.213728 -0.402240 -0.500818 0.334287 0.320243 0.491306 0.423598 0.253220 -0.083727 0.170394 -0.149544 -0.031332 -0.120327 -0.009365 -0.051308 -0.057981 0.102135 0.058894 -0.189710 -0.166410 -0.253452 -0.199609 -0.164425 -0.207238 -0.186946 -0.071158 -0.068726 -0.013238 -0.144206 0.041286 -0.182742 -0.087927 -0.368645 0.264568 -0.342606 -0.400470 -0.245893 -0.389734 -0.425204 0.001772 -0.095414 0.539754 -0.000192 0.196675 0.056208 -0.085764 -0.194526 0.145571 0.252442 0.365424 -0.347458 -0.204572 -0.526057 -0.390958 -0.367392 -0.157566 -0.449832 -0.207066 -0.180107 0.012368 -0.137847 0.016506 -0.101610 -0.321841 -0.059446 -0.167405 -0.165312 0.023023 -0.324007 -0.168474 -0.270295 -0.128375 -0.132315 -0.041569 -0.045771 -0.356382 0.130449 -0.072871 -0.019495 -0.232236 -0.187266 -0.280184 0.062797 -0.120715 -0.148304 -0.067652 0.039235 0.144916 -0.164757
0.330998 0.406255 0.310059 0.080122 -0.061868 0.172065 0.178926 0.109570 -0.042884 0.290127 -0.205370 -0.148304 -0.381109 -0.052121 -0.280404 -0.429306 -0.231342 -0.102683 0.182319 1.000000 -0.058394 0.146964 0.101149 0.198883 -0.126358 0.094484 0.048718 0.260386 -0.213997 -0.207812 0.023362 -0.018570 0.178724 0.251860 0.410479 0.533904 -0.151226 -0.249004 -0.487551 -0.193448 -0.454083 -0.188975 0.306953 0.249021 0.186582 0.317153 -0.106576 0.361401 0.330302 0.407213 -0.144011 0.152619 -0.218390 0.375970 -0.333559 -0.307303 0.230157 0.257206 0.027698 0.067822 0.167454 -0.179005 -0.449544 -0.144127 -0.319830 -0.101327 0.392923 0.285928 0.141074 0.760870 0.539183 0.502097 -0.003857 0.374303 0.189636 0.424317 0.476451 0.354844 -0.135377 -0.055289 -0.317833 0.121698 -0.532986 -0.371583 -0.458442 -0.353704 -0.376277 -0.375050 -0.329445 -0.319641 0.231056 0.234595 0.378559 0.137163 0.164131 -0.274898 0.009565 0.262435 0.461261 0.448266 0.406673 -0.127638 0.279211 -0.023125 -0.227399 -0.115937 -0.058042 -0.155312 0.120660 0.291695 0.296093 0.208684 0.108966 0.311806 0.376841 0.103804
-0.253745 -0.355817 -0.064104 -0.429827 -0.054692 -0.057878 -0.288227 -0.364619 -0.119703 -0.357780 0.123517 0.000501 -0.316882 -0.445354 0.137401 0.070878 0.220257 0.291378 -0.202844 -0.058394 1.000000 0.356135 -0.247169 -0.311214 -0.055396 -0.163913 0.643911 0.406902 0.215342 0.367323 -0.323165 -0.351715 -0.440912 -0.287821 0.096063 0.119868 -0.042727 0.239368 0.370652 0.379180 0.207368 0.412353 0.281235 0.212034 0.337052 0.299681 0.425396 0.198998 0.282020 0.313266 0.399210 0.488977 0.298058 0.294540 0.170618 0.223904 -0.008041 0.031078 -0.157071 -0.035590 -0.339962 0.013485 0.073371 0.065637 0.030799 0.100651 -0.111865 0.054011 0.010187 0.003423 0.331123 0.138873 0.334623 0.341856 0.094908 0.025122 -0.122709 0.156513 0.144714 0.277431 0.099901 0.350108 0.376878 0.281167 0.187441 0.156494 0.247473 0.187948 0.165350 0.156145 -0.042456 -0.126451 -0.260538 0.089574 0.174570 0.327751 0.141204 0.197915 -0.129151 0.039530 -0.191164 -0.119271 0.041499 0.050458 0.195189 0.170573 0.061704 0.117763 0.185599 0.171516 0.256177 0.136576 -0.098666 -0.126518 -0.163897 0.160206
0.208878 0.161290 0.260761 0.155239 0.291354 0.310782 0.246588 0.247406 0.088506 0.061316 -0.270958 -0.155032 -0.119202 0.081419 -0.145971 -0.070598 -0.204036 -0.062505 0.000754 0.146964 0.356135 1.000000 0.263674 0.237385 0.260916 0.360761 0.172953 0.452675 -0.243498 -0.147083 0.256205 0.258349 -0.077726 0.027908 -0.152920 0.189476 -0.003740 -0.085688 -0.062836 0.250582 0.130171 0.051270 -0.080959 0.191108 0.079744 0.055370 0.134783 0.027030 -0.035823 0.030232 -0.231091 0.113842 -0.096919 0.159404 -0.244887 -0.140286 0.145683 -0.016555 0.003717 -0.096393 -0.114371 -0.258531 -0.243814 -0.039693 -0.204692 -0.209869 -0.164687 -0.110035 -0.034508 0.023457 0.216598 0.415661 -0.250274 0.108756 -0.033375 0.372058 0.001638 -0.020801 -0.428776 -0.089655 -0.332642 0.013379 -0.227692 -0.227457 -0.393158 0.001277 -0.088572 -0.171004 -0.084188 -0.235788 -0.028635 -0.138938 -0.087060 -0.274392 -0.208609 -0.084706 -0.187577 0.110885 0.149546 0.053333 -0.059288 -0.175659 -0.060313 -0.276842 -0.208046 -0.131018 -0.208209 -0.259269 0.073590 0.295037 0.182185 0.015083 0.114719 0.187602 0.322457 -0.004578
0.399156 0.561021 0.654725 0.840336 0.508342 0.643141 0.790264 0.770853 0.177521 0.565076 -0.709699 -0.320910 -0.028694 0.357858 -0.480016 -0.251471 -0.743184 -0.704903 0.334947 0.101149 -0.247169 0.263674 1.000000 0.832388 0.660866 0.874599 -0.268024 0.321894 -0.683519 -0.727801 0.814608 0.793187 0.491686 0.653439 0.095151 0.186484 0.163169 -0.339537 -0.286892 -0.201942 -0.086811 -0.259144 -0.151788 0.346115 0.205484 0.015293 -0.369023 -0.300729 -0.153710 -0.120039 -0.330067 -0.158706 -0.449693 -0.317226 -0.492499 -0.667190 -0.108294 -0.303811 0.065822 -0.412905 0.263313 -0.617373 -0.635727 -0.475982 -0.442606 -0.536808 -0.120193 0.120701 -0.076977 -0.115032 0.306324 0.462166 -0.418205 -0.173473 0.130535 0.581575 0.477337 -0.482059 -0.461359 -0.686051 -0.632551 -0.539123 -0.440961 -0.673924 -0.437277 -0.194893 -0.410652 -0.583190 -0.183859 -0.667606 -0.345856 -0.228018 0.085505 -0.029115 -0.326898 -0.618296 -0.474417 -0.473510 0.059138 -0.308708 0.340658 -0.016909 -0.003817 -0.263908 -0.657727 -0.594170 -0.656117 -0.597927 -0.402829 0.285124 -0.263691 -0.522956 0.113721 0.318285 0.369852 -0.439493
0.502694 0.422038 0.550567 0.808776 0.540327 0.621532 0.692905 0.711929 0.191267 0.660737 -0.516228 -0.188107 -0.057123 0.479402 -0.503010 -0.291816 -0.596401 -0.516254 0.136767 0.198883 -0.311214 0.237385 0.832388 1.000000 0.638082 0.817288 -0.243739 0.343416 -0.575279 -0.642839 0.711368 0.734048 0.410797 0.535513 0.037136 0.287354 0.057402 -0.512162 -0.492777 -0.358368 -0.310843 -0.418048 -0.016540 0.405226 0.186366 0.151742 -0.346451 -0.181486 0.027445 0.045089 -0.299678 -0.024398 -0.520059 -0.218875 -0.653984 -0.753948 -0.099161 -0.269617 0.181573 -0.161370 0.178146 -0.409597 -0.573595 -0.309657 -0.351534 -0.375375 -0.031710 0.264809 -0.275251 0.071863 0.293910 0.532257 -0.341863 -0.135016 0.174447 0.541367 0.451404 -0.328063 -0.451149 -0.612897 -0.533289 -0.426085 -0.519146 -0.617719 -0.480148 -0.265999 -0.519625 -0.714781 -0.358250 -0.751171 -0.117471 -0.104397 0.320571 0.041825 -0.335670 -0.671417 -0.549516 -0.463622 0.175219 -0.261857 0.429044 -0.047668 0.065125 -0.256782 -0.658675 -0.587112 -0.568573 -0.556366 -0.298432 0.281425 -0.237289 -0.509169 0.205444 0.259493 0.410125 -0.411356
0.131140 0.273018 0.252160 0.567805 0.793385 0.633232 0.457744 0.561550 0.462282 0.411430 -0.499195 -0.290495 -0.002155 0.405701 -0.159043 0.036268 -0.393109 -0.406460 -0.014453 -0.126358 -0.055396 0.260916 0.660866 0.638082 1.000000 0.782039 -0.003320 0.273324 -0.413760 -0.408589 0.674325 0.677823 0.189659 0.273720 -0.268741 -0.001082 0.022609 -0.151044 -0.130605 -0.045903 0.124572 -0.087891 -0.225532 0.202785 0.085906 0.008345 -0.202161 -0.242959 -0.087711 -0.054591 -0.356311 -0.073401 -0.338859 -0.392204 -0.380261 -0.476391 -0.194915 -0.274296 0.157892 -0.048056 0.077811 -0.371166 -0.255619 -0.247369 -0.259488 -0.399212 -0.115808 0.042585 -0.230075 -0.203404 0.027519 0.340433 -0.391183 -0.135696 0.067346 0.380333 -0.004959 -0.485744 -0.414023 -0.404969 -0.365163 -0.417716 -0.214296 -0.415369 -0.312974 -0.022066 -0.221608 -0.344954 -0.092634 -0.535085 -0.443623 -0.493930 -0.093974 -0.172038 -0.353309 -0.273520 -0.415162 -0.351361 -0.072964 -0.421755 0.204335 -0.034452 0.024235 -0.353041 -0.529278 -0.451049 -0.442706 -0.396640 -0.206322 0.135012 -0.351790 -0.539576 -0.053128 0.097826 0.202039 -0.483489
0.447011 0.586149 0.458459 0.816822 0.663279 0.719435 0.730141 0.770350 0.234384 0.643868 -0.726737 -0.400891 -0.092619 0.492292 -0.530651 -0.232976 -0.685384 -0.620731 0.237255 0.094484 -0.163913 0.360761 0.874599 0.817288 0.782039 1.000000 -0.258701 0.367401 -0.702494 -0.639075 0.904095 0.904320 0.502843 0.593797 -0.091116 0.122448 0.081977 -0.429687 -0.349222 -0.202577 -0.090931 -0.267324 -0.106450 0.351072 0.249449 0.124432 -0.307738 -0.333203 -0.093713 0.040245 -0.425879 -0.120061 -0.537616 -0.333666 -0.587779 -0.697992 0.007629 -0.220273 -0.002883 -0.295555 0.141643 -0.643729 -0.587226 -0.387125 -0.473580 -0.661273 -0.140211 0.017528 -0.052221 -0.054541 0.292102 0.543817 -0.420591 -0.075241 0.061925 0.614356 0.390681 -0.512291 -0.524396 -0.631382 -0.605690 -0.468949 -0.493012 -0.733065 -0.527260 -0.265461 -0.426981 -0.598112 -0.289798 -0.730743 -0.335527 -0.374635 0.024882 -0.186776 -0.314682 -0.599145 -0.539352 -0.471668 0.079284 -0.314602 0.312213 -0.007406 0.098973 -0.310980 -0.611348 -0.558744 -0.573006 -0.587746 -0.332197 0.357258 -0.311584 -0.488525 0.126009 0.299598 0.378258 -0.388912
-0.323747 -0.487437 0.069981 -0.482114 0.156048 0.176083 -0.277579 -0.402740 0.132269 -0.157181 0.133055 0.036211 -0.384512 -0.474554 0.386782 0.093640 0.193599 0.335251 -0.425659 0.048718 0.643911 0.172953 -0.268024 -0.243739 -0.003320 -0.258701 1.000000 0.582482 0.269446 0.292105 -0.492679 -0.518981 -0.609238 -0.427158 0.127107 0.288357 -0.115038 0.275799 0.245315 0.390348 0.076272 0.312655 0.176927 0.182978 0.112843 0.229878 0.364376 0.366657 0.386755 0.282396 0.416058 0.510978 0.337027 0.434064 0.229846 0.285788 -0.174227 0.035875 0.182822 0.381445 -0.128817 0.172000 0.159179 0.103999 0.151530 0.331706 0.248855 0.284297 -0.202532 0.193190 0.105577 0.042714 0.096258 0.174598 0.080204 -0.031936 -0.254757 0.312521 -0.052941 0.350449 0.060141 0.397597 0.333169 0.389018 0.173223 0.297447 0.258144 0.178587 0.365748 0.218465 0.173659 0.055188 -0.070753 0.287667 0.112635 0.328341 0.206973 0.392117 0.114804 0.220502 -0.003875 -0.016052 0.178273 -0.076759 -0.003628 -0.020519 0.090594 -0.005259 0.189204 0.039446 0.330756 0.244445 -0.237618 0.019415 -0.054399 0.023890
0.254751 -0.009971 0.490553 0.053234 0.418948 0.510019 0.277394 0.112137 0.200367 0.246392 -0.289060 -0.306869 -0.385960 -0.101472 -0.077588 -0.150987 -0.291471 -0.161674 -0.213728 0.260386 0.406902 0.452675 0.321894 0.343416 0.273324 0.367401 0.582482 1.000000 -0.294618 -0.167160 0.178521 0.143878 -0.149255 0.033950 0.203462 0.576996 0.006782 -0.273297 -0.247387 0.017839 -0.249898 -0.130465 0.253417 0.498220 0.388372 0.422792 0.072749 0.165784 0.335874 0.350729 0.109904 0.308876 -0.255412 0.234527 -0.339928 -0.299565 0.107253 0.028407 -0.003548 -0.002748 -0.097468 -0.334992 -0.299627 -0.226799 -0.183766 -0.177636 0.098829 0.353724 -0.110655 0.312814 0.335555 0.510155 -0.209922 0.245577 0.074855 0.463969 0.166598 0.042547 -0.429467 -0.122144 -0.383530 0.086618 -0.260454 -0.257503 -0.340503 -0.112825 -0.242933 -0.325286 -0.082111 -0.363684 0.238596 0.094466 0.113386 0.196738 -0.018565 -0.318843 -0.173746 0.105175 0.314095 0.217248 0.244526 0.054643 0.381392 -0.129231 -0.259901 -0.274818 -0.166370 -0.386692 0.034221 0.395305 0.241951 0.046868 0.000085 0.298804 0.337798 0.050488
-0.460266 -0.530003 -0.452514 -0.709534 -0.297697 -0.589311 -0.694918 -0.701728 0.038605 -0.489607 0.790029 0.593449 0.304810 -0.306267 0.633703 0.417145 0.824832 0.736275 -0.402240 -0.213997 0.215342 -0.243498 -0.683519 -0.575279 -0.413760 -0.702494 0.269446 -0.294618 1.000000 0.790877 -0.715665 -0.706696 -0.499734 -0.616643 -0.110624 -0.218924 -0.030579 0.269640 0.152702 -0.035733 0.120903 0.037094 0.052717 -0.440562 -0.316541 -0.104940 0.047916 0.075363 0.172705 -0.020351 0.520369 0.172045 0.445401 0.066207 0.340398 0.443272 -0.151077 0.187981 0.105708 0.237337 -0.073844 0.702479 0.717498 0.396994 0.677551 0.682245 0.042494 -0.133951 -0.175939 -0.025496 -0.175600 -0.532836 0.694239 0.187855 0.037596 -0.725476 -0.314127 0.488900 0.626100 0.722224 0.834068 0.469593 0.593839 0.680714 0.665049 0.118434 0.288825 0.493980 0.140062 0.479430 0.125002 0.075528 -0.030027 0.051484 -0.020667 0.451101 0.310454 0.154212 -0.204611 0.085598 -0.230872 -0.090957 -0.091694 -0.081080 0.336325 0.271697 0.383522 0.421936 0.422717 -0.351333 -0.004200 0.084843 -0.087315 -0.378198 -0.526657 0.175762
-0.460012 -0.457211 -0.576422 -0.695577 -0.235139 -0.469046 -0.649072 -0.644684 0.136234 -0.453979 0.698181 0.587307 0.253584 -0.162033 0.611777 0.518826 0.753046 0.714071 -0.500818 -0.207812 0.367323 -0.147083 -0.727801 -0.642839 -0.408589 -0.639075 0.292105 -0.167160 0.790877 1.000000 -0.619472 -0.615181 -0.509456 -0.554688 -0.184212 -0.191129 -0.083967 0.244349 0.137589 0.062996 0.170853 0.154567 0.195565 -0.294885 -0.184221 0.035117 0.231389 0.188693 0.248006 0.162204 0.386336 0.204017 0.308170 0.082336 0.251038 0.401806 -0.013313 0.186202 -0.054298 0.228894 -0.274458 0.590652 0.549062 0.329968 0.474987 0.583169 -0.106003 -0.242912 -0.106936 -0.069052 -0.177235 -0.369133 0.623913 0.435762 -0.057383 -0.601809 -0.299876 0.508808 0.559078 0.735850 0.666818 0.450638 0.451012 0.695395 0.448016 0.053677 0.170806 0.467507 0.014127 0.400860 0.209609 -0.020607 -0.029370 0.042681 0.037208 0.458338 0.291321 0.224087 -0.200896 0.090853 -0.243378 0.003249 0.108538 0.022488 0.455135 0.354273 0.462285 0.494187 0.309462 -0.168039 0.061427 0.188669 -0.037187 -0.320196 -0.457664 0.374941
0.465611 0.659097 0.372555 0.835990 0.600846 0.575488 0.763797 0.805305 0.290818 0.572935 -0.685154 -0.442210 0.124035 0.620363 -0.495566 -0.072061 -0.670688 -0.743073 0.334287 0.023362 -0.323165 0.256205 0.814608 0.711368 0.674325 0.904095 -0.492679 0.178521 -0.715665 -0.619472 1.000000 0.987832 0.635293 0.610515 -0.192034 -0.030351 0.087084 -0.434972 -0.340639 -0.264972 -0.103726 -0.309246 -0.159257 0.233388 0.155203 0.009973 -0.400654 -0.435777 -0.239814 -0.073629 -0.573574 -0.325334 -0.618173 -0.485487 -0.545794 -0.674362 0.107224 -0.215420 -0.136246 -0.435476 0.124348 -0.652066 -0.530320 -0.481764 -0.497762 -0.725545 -0.306590 -0.160328 0.119510 -0.149934 0.163515 0.417442 -0.456726 -0.081250 -0.041399 0.557191 0.372998 -0.612030 -0.454137 -0.726919 -0.596239 -0.578999 -0.507566 -0.745667 -0.543542 -0.357165 -0.379745 -0.492220 -0.308699 -0.648053 -0.372806 -0.351088 -0.048779 -0.244136 -0.330868 -0.605549 -0.516553 -0.502311 -0.036880 -0.334029 0.246280 0.051782 0.097026 -0.212503 -0.470473 -0.441700 -0.462115 -0.503067 -0.406784 0.247935 -0.381998 -0.460111 0.134168 0.247451 0.343553 -0.258875
0.485775 0.623981 0.327436 0.839614 0.596568 0.559070 0.751631 0.808177 0.271342 0.572933 -0.649614 -0.414950 0.152498 0.675437 -0.512224 -0.084140 -0.636020 -0.703678 0.320243 -0.018570 -0.351715 0.258349 0.793187 0.734048 0.677823 0.904320 -0.518981 0.143878 -0.706696 -0.615181 0.987832 1.000000 0.645363 0.614555 -0.234993 -0.049946 0.077811 -0.446937 -0.343168 -0.258184 -0.098774 -0.303377 -0.172752 0.233557 0.140697 -0.000551 -0.364083 -0.436659 -0.257856 -0.095729 -0.588506 -0.336751 -0.622976 -0.494125 -0.566735 -0.675421 0.110461 -0.217574 -0.092430 -0.390779 0.115619 -0.610651 -0.490977 -0.403758 -0.477664 -0.714559 -0.302662 -0.164378 0.087344 -0.176047 0.101923 0.385656 -0.455174 -0.145349 -0.052769 0.527569 0.339284 -0.615082 -0.452221 -0.720998 -0.568990 -0.561442 -0.499886 -0.732947 -0.545564 -0.334149 -0.384277 -0.524449 -0.333388 -0.658988 -0.350848 -0.352821 -0.034739 -0.282038 -0.342813 -0.609302 -0.545203 -0.524714 -0.022167 -0.366548 0.215220 0.051360 0.066777 -0.209728 -0.475426 -0.445467 -0.475836 -0.501488 -0.403981 0.254081 -0.380626 -0.470505 0.171693 0.226594 0.349242 -0.286570
0.408441 0.619016 0.182533 0.582578 0.080487 0.145602 0.544362 0.533803 -0.061655 0.429170 -0.463200 -0.231979 0.045073 0.436649 -0.551173 -0.249787 -0.448816 -0.498397 0.491306 0.178724 -0.440912 -0.077726 0.491686 0.410797 0.189659 0.502843 -0.609238 -0.149255 -0.499734 -0.509456 0.635293 0.645363 1.000000 0.808451 -0.009745 -0.079571 0.185420 -0.404741 -0.293419 -0.357114 -0.207538 -0.267107 -0.035124 0.155751 0.150157 0.036978 -0.348141 -0.291998 -0.135185 0.017566 -0.401453 -0.245259 -0.496118 -0.324401 -0.419857 -0.539259 0.198795 0.013182 -0.003643 -0.220455 0.348945 -0.295635 -0.416168 -0.169111 -0.417701 -0.581237 0.103836 0.017594 0.179058 0.090021 0.208005 0.184548 -0.117933 -0.070659 0.083267 0.398180 0.517545 -0.426245 -0.171508 -0.564159 -0.404575 -0.289787 -0.421614 -0.632808 -0.409760 -0.408389 -0.318255 -0.494519 -0.414734 -0.486330 -0.229715 -0.036399 0.062517 -0.152591 -0.048379 -0.540248 -0.313177 -0.461913 0.007980 -0.139554 0.349804 0.142074 0.094298 -0.057699 -0.361805 -0.371830 -0.325670 -0.339843 -0.338093 0.236295 -0.286701 -0.338612 0.253962 0.079086 0.240099 -0.193011
0.340287 0.678799 0.377814 0.687014 0.116990 0.360032 0.631541 0.658400 -0.055645 0.510388 -0.590243 -0.171753 -0.159349 0.331085 -0.620153 -0.358898 -0.566902 -0.526618 0.423598 0.251860 -0.287821 0.027908 0.653439 0.535513 0.273720 0.593797 -0.427158 0.033950 -0.616643 -0.554688 0.610515 0.614555 0.808451 1.000000 0.140018 0.126528 0.114852 -0.260804 -0.301765 -0.158485 -0.147452 -0.067915 0.007319 0.347410 0.266235 0.147394 -0.198994 -0.101360 -0.112003 0.078674 -0.419469 -0.169027 -0.476409 -0.251513 -0.517287 -0.620947 0.102588 0.010157 -0.001512 -0.202674 0.334783 -0.371582 -0.596937 -0.125348 -0.544226 -0.545775 0.060797 0.178669 0.014055 0.042725 0.388878 0.400579 -0.148504 -0.045108 0.222257 0.561992 0.603212 -0.328450 -0.231736 -0.596364 -0.572142 -0.285277 -0.485971 -0.597005 -0.481955 -0.234067 -0.437725 -0.626492 -0.352854 -0.621029 -0.305530 -0.170258 0.103142 -0.081012 -0.106635 -0.525201 -0.383254 -0.421784 0.097377 -0.235524 0.398797 0.068686 0.152358 -0.075687 -0.548738 -0.509090 -0.572832 -0.434716 -0.530558 0.442023 -0.214106 -0.382052 0.180295 0.261070 0.372210 -0.355185
0.102004 0.075204 0.437990 -0.057996 -0.286413 -0.077181 0.073895 -0.072681 -0.318490 -0.022369 -0.088035 -0.125544 -0.410941 -0.488473 -0.229485 -0.498364 -0.176279 -0.011836 0.253220 0.410479 0.096063 -0.152920 0.095151 0.037136 -0.268741 -0.091116 0.127107 0.203462 -0.110624 -0.184212 -0.192034 -0.234993 -0.009745 0.140018 1.000000 0.618909 0.077195 -0.168914 -0.084505 -0.205900 -0.353200 -0.138330 0.298545 0.295746 0.335126 0.289345 -0.101028 0.158861 0.180138 0.213767 0.285574 0.178876 -0.016495 0.306645 -0.007704 -0.090916 -0.054759 0.161499 -0.093963 -0.175785 0.124872 -0.047018 -0.275408 0.002501 -0.052741 0.115271 0.331675 0.512606 0.096630 0.372167 0.471410 0.266775 0.179976 0.213175 0.281945 0.196110 0.501046 0.283246 0.052490 0.024708 -0.181615 0.104926 -0.202268 -0.215050 -0.038944 -0.186083 -0.134983 -0.191459 -0.077740 -0.038372 0.188559 0.288206 0.256100 0.304260 0.255388 -0.233967 0.119917 0.070546 0.165271 0.305849 0.182323 -0.079256 0.055777 0.190496 -0.042229 -0.005042 -0.082617 -0.067633 0.089296 0.115120 0.220734 0.166313 0.024166 0.235413 0.172297 0.089870
0.246700 0.120818 0.582624 0.028965 0.078876 0.237168 0.269979 0.136366 0.064653 0.180703 -0.121351 -0.082513 -0.394488 -0.155070 -0.228049 -0.405444 -0.153475 -0.035371 -0.083727 0.533904 0.119868 0.189476 0.186484 0.287354 -0.001082 0.122448 0.288357 0.576996 -0.218924 -0.191129 -0.030351 -0.049946 -0.079571 0.126528 0.618909 1.000000 -0.051519 -0.387406 -0.407872 -0.217417 -0.451964 -0.278742 0.324449 0.543943 0.444805 0.555053 0.022892 0.310326 0.385648 0.436180 0.043938 0.313659 -0.267948 0.420402 -0.345819 -0.283122 0.070882 0.168577 0.041778 0.047679 -0.038891 -0.067652 -0.310992 -0.049456 -0.163737 0.093979 0.303831 0.588772 -0.052527 0.526632 0.448211 0.522289 -0.051082 0.346698 0.213460 0.488258 0.382888 0.245147 -0.249400 -0.050280 -0.335970 0.144351 -0.466206 -0.342936 -0.431582 -0.253872 -0.418904 -0.460406 -0.275278 -0.326608 0.306074 0.270524 0.431820 0.327327 0.074386 -0.383847 -0.066693 0.162807 0.413696 0.350451 0.430136 -0.108954 0.294803 -0.036278 -0.222768 -0.169476 -0.077938 -0.175641 0.127082 0.289862 0.310328 0.130930 0.149973 0.215486 0.437924 0.040206
