1.000000 0.237046 0.033341 -0.239159 0.055000 -0.057391 -0.186797 -0.246847 -0.107831 -0.286151 0.011030 -0.079735 -0.071330 -0.141342 0.035395 -0.022334 0.305109 0.199669 0.365229 0.238743 0.065402 -0.211251 -0.017379 -0.134394 -0.123556 -0.121075 0.012858 0.007314 0.315425 0.063049 0.129573 0.116659 0.223644 0.157626 -0.087097 -0.159175 0.056817 -0.207077 -0.100994 -0.198151 0.263780 0.094030 -0.156410 -0.131052 -0.074660 -0.187254 -0.104932 -0.244256 -0.165224 -0.104755 -0.035255 -0.051275 0.129208 -0.129606 -0.006772 -0.035669 0.639215 0.161851 0.260075 0.030408 0.033939 0.039068 0.151406 0.268713 -0.055005 -0.065974 -0.025568 -0.346831 0.171808 -0.238831 0.177661 -0.162034 0.331170 0.067498 0.230902 0.134251 0.297743 0.050971 0.262993 0.156649 0.240444 0.290192 0.044361 0.132518 0.108623 0.063688 -0.053327 -0.047149 -0.110696 -0.044811 -0.494811 -0.188923 -0.381750 -0.280585 0.033461 -0.054198 -0.100378 -0.140863 -0.140252 0.108690 -0.472452 -0.048366 -0.183567 0.044813 -0.208501 -0.249714 -0.012894 -0.065377 -0.113694 0.063140 -0.186239 -0.106327 0.004748 -0.078286 -0.241171 -0.185300
0.237046 1.000000 -0.270359 -0.051911 0.086911 -0.030431 -0.238283 -0.243658 -0.205384 -0.222524 0.137790 0.062273 -0.092879 -0.135318 0.128770 0.122595 0.339016 0.424993 0.093296 0.420630 0.147089 -0.130458 -0.214226 -0.162033 -0.158545 -0.233442 0.189023 -0.091771 0.227101 0.277856 0.044197 -0.135704 0.194554 0.124062 -0.040442 -0.159673 0.103777 -0.171232 0.022579 -0.191418 -0.010442 0.171461 -0.345095 -0.301662 -0.264966 -0.350540 -0.223118 -0.276608 -0.381094 -0.256071 -0.127853 -0.276600 0.208189 0.085825 -0.087600 -0.265212 0.148486 0.505192 0.154327 0.144034 -0.071252 -0.002780 0.373924 0.420143 -0.119095 -0.227973 0.041377 -0.316348 0.213597 0.153325 0.208672 -0.073377 0.251956 0.315728 0.155661 0.055012 0.244059 0.175587 0.344625 0.400970 0.390254 0.478445 -0.055678 0.327686 0.186523 0.241617 -0.089198 -0.059209 0.089331 -0.063107 -0.173112 -0.102090 -0.087649 -0.113195 0.018698 -0.043512 -0.124897 0.005118 -0.045478 -0.046521 -0.127323 -0.108894 0.102968 0.076302 -0.081347 -0.253984 0.126807 0.068087 -0.037422 -0.057493 0.010259 -0.069225 -0.119944 -0.192091 -0.353358 -0.182483
0.033341 -0.270359 1.000000 0.286397 -0.059309 -0.085596 0.610101 0.412521 0.236757 0.243153 -0.006742 0.120912 0.259342 0.187372 -0.081333 -0.106169 -0.344817 -0.338668 0.383028 -0.090077 -0.070869 -0.152802 0.442082 0.222401 -0.063967 0.011886 -0.203497 0.035870 -0.234302 -0.368919 0.031574 0.101240 -0.028287 0.085280 -0.110816 0.070469 -0.319876 -0.368736 -0.270985 -0.204736 -0.233113 -0.255541 0.181121 0.108432 0.087147 0.127382 0.083880 0.120806 0.186864 0.069333 0.160147 0.050098 -0.141638 -0.080256 -0.065161 -0.079836 -0.139815 -0.433276 -0.100497 -0.264493 0.256461 -0.070968 -0.245073 -0.290029 0.293248 0.238823 -0.140633 0.029719 -0.154760 -0.199025 -0.052533 0.065624 -0.339902 -0.180259 -0.077701 -0.028220 -0.062155 -0.177978 -0.362675 -0.289123 -0.387461 -0.390506 0.153632 -0.227778 0.112253 -0.135039 -0.146825 -0.236502 -0.016385 -0.005579 0.041938 0.155567 -0.022399 0.106765 -0.153835 -0.011318 -0.228224 -0.233879 -0.087389 -0.151031 0.009232 0.211235 -0.262520 -0.123633 -0.232118 -0.175472 -0.040337 0.050611 0.106858 0.070503 -0.175210 -0.105074 -0.094520 -0.134132 0.038323 -0.262292
-0.239159 -0.051911 0.286397 1.000000 -0.310471 0.155091 0.217627 0.615497 -0.171447 0.353034 -0.269302 0.377743 -0.353997 -0.109801 -0.057282 0.015006 -0.268271 -0.236364 -0.012795 -0.335132 0.080552 0.045485 0.409118 0.572801 -0.016958 0.290384 -0.205567 0.020576 -0.602125 -0.264973 -0.092548 0.150594 -0.177945 0.031545 -0.035536 0.269217 -0.486263 -0.117838 -0.214534 -0.004351 -0.330603 -0.134101 -0.052521 0.031637 -0.094216 0.163484 -0.062405 0.062756 -0.044618 0.007965 0.175914 0.041598 -0.112166 0.036094 -0.192145 -0.117511 -0.239052 -0.308509 -0.094187 0.034540 0.029288 0.165360 -0.314953 0.078745 0.457320 0.461559 -0.212142 0.463129 -0.259151 -0.231071 -0.163330 0.180553 -0.545892 -0.293996 -0.290491 -0.127298 -0.273893 -0.008006 -0.223653 -0.116690 -0.517276 -0.468829 0.015299 -0.036040 0.088185 0.120623 0.128118 0.031300 0.412081 0.286385 0.310981 -0.112139 0.507863 0.001962 -0.100674 0.066630 -0.276653 -0.304601 -0.255576 -0.364564 0.378256 -0.312230 -0.207686 -0.312319 -0.263598 0.147946 -0.118470 0.040721 -0.076930 -0.180589 -0.242036 -0.256978 -0.230295 -0.312164 -0.082660 -0.092547
0.055000 0.086911 -0.059309 -0.310471 1.000000 0.523602 -0.059143 -0.253877 0.625831 0.066895 0.087582 0.044410 0.189199 0.039880 0.331371 0.588957 0.038200 -0.029144 0.221249 0.135379 0.197882 -0.012260 -0.277449 -0.292308 0.391714 0.032976 0.679169 0.233619 0.163059 0.145891 0.145921 -0.056775 0.041307 -0.002004 -0.009253 -0.110485 0.295496 -0.003010 0.224265 0.222550 0.003336 0.000344 -0.410005 -0.438345 -0.140697 -0.279539 -0.498389 -0.491588 -0.239176 -0.333395 -0.428191 -0.462808 -0.066106 -0.364106 -0.083056 -0.354339 0.145951 0.265649 0.263907 0.034308 0.258558 0.126070 0.345843 0.124229 -0.077586 -0.099294 0.294920 -0.049429 0.144763 0.245477 0.183255 -0.127486 0.187329 0.327815 0.069237 0.165571 0.064481 -0.035152 0.064810 0.093862 0.222463 0.185252 -0.522116 0.130678 -0.019124 0.117968 -0.124907 0.157545 0.148773 0.138059 -0.026689 0.185657 -0.027440 0.050294 0.266616 -0.257983 -0.162495 0.204888 -0.206962 0.007566 -0.028644 0.210096 0.226771 0.231187 0.042723 -0.033953 0.328380 0.115878 -0.023869 -0.209197 -0.058165 -0.137509 0.010184 -0.012389 -0.031775 0.032241
-0.057391 -0.030431 -0.085596 0.155091 0.523602 1.000000 -0.076111 -0.068667 0.390198 0.078449 -0.208212 0.158936 -0.118118 -0.205536 0.464278 0.473658 -0.102414 -0.216625 -0.000411 -0.188590 0.153513 0.143917 0.174274 0.230127 0.315532 0.486987 0.594828 0.570113 -0.166632 -0.199040 -0.092238 -0.069848 -0.159196 -0.253565 0.103061 0.011043 0.120835 0.026859 0.320358 0.439503 -0.153120 0.007153 -0.440486 -0.398617 -0.339389 -0.223200 -0.500896 -0.389815 -0.023323 -0.348320 0.002819 -0.313793 -0.024394 -0.226108 0.054828 -0.345458 -0.011699 0.079424 0.234534 0.039789 0.182006 0.042840 -0.013979 0.075108 0.242882 0.268953 0.177079 0.283249 -0.111950 0.011774 -0.061680 0.056393 -0.210757 -0.061312 -0.183334 -0.052638 -0.185495 -0.074895 -0.057341 0.037905 -0.098594 -0.167883 -0.295951 -0.034324 0.169044 0.181814 0.216260 0.323697 0.496953 0.446179 0.123980 0.074223 0.338930 0.267105 0.282420 -0.082436 -0.076919 0.133659 -0.354376 -0.322212 0.159925 -0.129611 -0.048677 0.015421 -0.027861 0.343364 0.263049 0.094752 0.020744 -0.225605 -0.155614 -0.277081 -0.174694 -0.117033 0.107539 0.198395
-0.186797 -0.238283 0.610101 0.217627 -0.059143 -0.076111 1.000000 0.545700 0.191573 0.296114 0.202157 0.217183 0.394497 0.441080 -0.057332 -0.012594 -0.239331 -0.185206 0.154253 -0.121772 0.005634 -0.188454 0.131210 -0.019449 -0.066914 -0.064487 -0.166807 -0.112059 -0.118768 -0.192596 0.078242 0.009337 0.044132 0.185192 -0.076214 0.198801 -0.148423 -0.171186 -0.237784 -0.127020 -0.279722 -0.135183 0.147690 0.075007 0.101909 0.146955 0.023870 0.088306 0.051659 0.043054 0.040134 0.015066 -0.119126 -0.036960 -0.103246 -0.141363 -0.219538 -0.410432 -0.168574 -0.194423 0.402995 0.212536 -0.104569 -0.159214 0.427733 0.309264 -0.068705 0.067325 -0.127220 -0.166836 -0.098006 -0.025180 -0.235184 -0.135957 -0.106862 -0.074078 -0.041538 -0.039335 -0.255421 -0.206808 -0.260505 -0.344771 0.143490 -0.131893 -0.037869 -0.207355 0.044646 -0.086080 -0.106119 -0.110890 0.103556 0.018413 -0.000643 0.031133 -0.314740 -0.001222 -0.246830 -0.256129 -0.059045 -0.239886 0.206644 0.041031 -0.112914 -0.299806 -0.234825 -0.169450 -0.134589 0.040431 0.125297 -0.026337 -0.127663 -0.084974 -0.221824 -0.128759 0.121088 -0.241273
-0.246847 -0.243658 0.412521 0.615497 -0.253877 -0.068667 0.545700 1.000000 -0.088837 0.619297 -0.049950 0.282015 -0.039117 0.317411 -0.380757 -0.197685 -0.222146 -0.219607 -0.057086 -0.180511 0.024675 -0.087118 -0.015284 0.014944 -0.106643 0.015972 -0.277398 -0.225518 -0.330310 -0.185713 -0.026779 0.062355 -0.103175 0.202878 0.019118 0.420405 -0.371391 -0.123077 -0.395914 -0.111241 -0.343578 -0.233706 0.067512 0.091325 0.050103 0.197564 -0.030277 0.132186 -0.108612 0.008721 -0.110428 0.098410 -0.224425 -0.024926 -0.289789 -0.101394 -0.123806 -0.371303 -0.120345 0.016206 0.327870 0.485508 -0.230218 -0.014401 0.460323 0.574663 -0.188207 0.390419 -0.104070 -0.038965 -0.208540 -0.001827 -0.405500 -0.325317 -0.262092 -0.136803 -0.288097 -0.086928 -0.147931 -0.163685 -0.323537 -0.401689 -0.068116 -0.148938 -0.233725 -0.155616 -0.060799 -0.229973 -0.009702 0.013659 0.303291 -0.119527 0.270273 -0.085074 -0.222506 0.101703 -0.228710 -0.142241 -0.118565 -0.210501 0.433068 0.041697 -0.018775 -0.183670 -0.224751 -0.134209 -0.008846 0.094179 0.055258 -0.140319 -0.250555 -0.106760 -0.045895 -0.216787 -0.098607 -0.166852
-0.107831 -0.205384 0.236757 -0.171447 0.625831 0.390198 0.191573 -0.088837 1.000000 0.264729 0.033775 -0.028733 0.272583 0.157107 0.361594 0.458019 -0.107582 -0.303162 0.048944 -0.211795 -0.046725 -0.145933 0.098290 -0.023457 0.323140 0.210108 0.389695 0.372702 -0.108508 -0.188473 -0.024857 0.029150 -0.068277 -0.019934 0.115106 0.084471 0.127774 -0.035673 0.189818 0.166688 -0.036034 -0.204649 -0.037238 -0.075184 0.030345 0.055788 -0.159415 -0.120386 0.143271 -0.078212 -0.047513 -0.199162 -0.287468 -0.421751 -0.039623 -0.246221 -0.069357 -0.086547 0.168936 -0.093079 0.384668 0.021354 -0.014528 -0.137148 0.279019 0.226614 0.066901 -0.032810 -0.049262 -0.010992 -0.072934 -0.070933 -0.144414 -0.006708 -0.157236 -0.006138 -0.050213 -0.216114 -0.207292 -0.129001 -0.127063 -0.206004 -0.323079 -0.253988 0.062525 -0.190825 -0.058311 0.173423 0.189569 0.174010 -0.076813 0.059488 -0.064785 0.117191 0.222164 -0.199704 0.028217 0.125927 -0.118532 -0.132612 0.000606 0.177364 0.019882 -0.044115 -0.010243 0.090105 0.152835 -0.012129 0.051425 0.034472 0.066464 -0.068013 -0.131324 0.013687 0.081308 -0.038640
-0.286151 -0.222524 0.243153 0.353034 0.066895 0.078449 0.296114 0.619297 0.264729 1.000000 -0.005938 0.279589 -0.057801 0.288966 -0.190468 -0.015662 -0.270006 -0.395621 -0.132171 -0.221136 0.134334 -0.225002 -0.115568 -0.059983 0.134190 -0.049115 -0.017617 -0.185029 -0.410036 -0.256500 -0.188533 -0.192920 -0.265554 -0.039643 0.042418 0.270298 -0.248869 -0.167639 -0.272214 0.076546 -0.281570 -0.291310 0.199929 0.174145 0.180783 0.283089 0.083592 0.237140 0.057926 0.103915 -0.145978 0.030700 -0.236390 -0.007538 -0.296590 -0.096973 -0.139310 -0.327888 -0.051339 0.008640 0.358002 0.404650 -0.140098 -0.033126 0.362301 0.411035 -0.165036 0.246491 -0.090978 0.002436 -0.246800 -0.156411 -0.450178 -0.373226 -0.267542 -0.130667 -0.402552 -0.277388 -0.379188 -0.357095 -0.394191 -0.455847 -0.291209 -0.172178 -0.298629 -0.292616 -0.118743 -0.202148 0.102263 0.042841 0.427407 0.091843 0.364965 0.095669 -0.030825 0.182689 -0.077109 0.040924 0.007000 -0.074244 0.460256 0.161094 0.088503 0.044385 0.098752 0.019261 0.177080 0.087245 -0.009392 -0.013398 -0.226953 0.005053 0.122909 -0.021216 -0.020005 -0.039715
0.011030 0.137790 -0.006742 -0.269302 0.087582 -0.208212 0.202157 -0.049950 0.033775 -0.005938 1.000000 0.198913 0.611108 0.557173 0.204816 0.060380 0.283746 0.248489 0.178430 0.375496 -0.233675 -0.193058 -0.267159 -0.316807 -0.109711 -0.416140 0.003401 -0.348003 0.456334 0.175786 -0.025083 -0.166411 0.021153 0.047848 -0.179262 -0.153376 0.279766 0.055870 -0.039601 -0.133822 0.039591 -0.075616 -0.041729 -0.143077 -0.137405 -0.231429 -0.006006 -0.089292 -0.209008 -0.161481 -0.212918 -0.204539 0.081627 0.026329 -0.112631 -0.194461 -0.126620 -0.054869 -0.194407 -0.199076 0.216421 0.055891 0.390337 -0.000084 -0.123406 -0.098798 -0.087011 -0.371757 0.023108 0.141643 0.218107 0.047932 0.227780 0.250900 0.275219 0.234398 0.398744 0.277015 0.229207 0.195393 0.215641 0.246076 0.153829 0.267191 0.110480 0.115209 -0.011905 -0.066842 -0.227083 -0.296159 0.022582 0.186805 -0.141489 -0.015125 -0.257287 0.015560 -0.201672 0.027314 0.058296 0.137075 0.019049 0.049094 0.037848 -0.074795 -0.154480 -0.267700 0.005261 -0.022177 0.049678 -0.147916 0.085556 0.186020 0.040305 0.203650 -0.017966 0.005049
-0.079735 0.062273 0.120912 0.377743 0.044410 0.158936 0.217183 0.282015 -0.028733 0.279589 0.198913 1.000000 0.053901 0.411982 0.086404 0.259463 0.073069 0.128067 -0.062816 -0.213205 -0.034942 -0.080111 0.097688 0.260753 0.066738 -0.050652 0.100117 -0.204692 -0.183005 0.128130 -0.054709 0.044880 -0.204031 -0.006616 -0.196769 -0.086569 -0.157501 0.047146 -0.127212 0.049030 -0.317729 -0.175803 -0.084117 -0.109408 -0.104454 -0.057363 -0.100847 -0.167500 -0.150582 -0.127979 -0.045762 -0.256750 0.034025 -0.262795 -0.215212 -0.338752 -0.108130 -0.199971 -0.041866 -0.182316 0.282789 0.264106 0.157819 0.291527 0.257242 0.229454 -0.100343 0.085100 -0.297116 -0.257166 -0.062438 0.140908 -0.212920 0.023644 -0.155175 0.157510 0.011221 0.156200 -0.018612 0.072019 -0.277505 -0.104307 -0.140209 0.129007 -0.044437 0.199176 0.078754 0.064855 0.244696 0.089039 0.277654 0.022061 0.349674 -0.023367 -0.227795 -0.108978 -0.388523 -0.338145 -0.334319 -0.258224 0.255330 -0.276363 -0.092159 -0.200869 -0.135749 0.055860 0.018899 0.000663 -0.272308 -0.358795 -0.261471 -0.254353 -0.011838 -0.076575 0.029996 0.004087
-0.071330 -0.092879 0.259342 -0.353997 0.189199 -0.118118 0.394497 -0.039117 0.272583 -0.057801 0.611108 0.053901 1.000000 0.507827 0.302061 0.143836 -0.135759 -0.034057 0.120020 0.192897 -0.202944 -0.098154 -0.061824 -0.276878 0.079958 -0.247339 0.117153 -0.117920 0.275611 -0.029796 0.084719 -0.128739 -0.022212 0.002197 -0.119277 -0.075087 0.272161 0.042401 -0.014971 -0.091129 -0.024763 -0.115768 0.100106 -0.009588 0.037251 -0.070648 0.002893 -0.018818 0.055164 -0.022832 -0.089967 -0.074986 -0.126406 -0.125080 0.054597 -0.082324 -0.242285 -0.196806 -0.209257 -0.373898 0.282890 -0.058230 0.115240 -0.310100 -0.142514 -0.057278 -0.113106 -0.320379 -0.166813 0.074184 0.233251 0.030925 0.126802 0.177835 0.246906 0.170171 0.263541 0.027739 -0.095422 -0.036848 0.029727 0.003187 0.265470 0.095267 0.168819 0.094989 0.056160 0.031464 -0.223415 -0.192494 0.063726 0.269043 -0.150652 0.087536 -0.166952 -0.029957 -0.108965 0.092504 0.052100 0.057145 -0.088530 0.218853 -0.043985 -0.086989 -0.095325 -0.153642 -0.001713 -0.026412 0.158505 -0.106234 0.081342 0.070270 -0.073048 0.119819 0.131097 0.029318
-0.141342 -0.135318 0.187372 -0.109801 0.039880 -0.205536 0.441080 0.317411 0.157107 0.288966 0.557173 0.411982 0.507827 1.000000 -0.019587 0.068537 0.072222 0.100394 -0.077400 -0.034068 -0.163641 -0.135429 -0.250969 -0.303440 -0.025646 -0.321451 -0.040583 -0.301166 0.129110 0.100140 -0.032315 -0.106205 -0.222029 0.041905 -0.115593 0.068606 0.073641 0.043825 -0.225964 -0.062457 -0.159308 -0.147219 -0.019199 -0.089548 -0.091257 -0.115839 -0.014347 -0.086518 -0.112168 -0.172594 -0.221729 -0.174461 -0.065750 -0.153573 -0.088312 -0.274780 -0.122203 -0.162583 0.035318 -0.084002 0.502152 0.440701 0.213466 0.072089 0.141309 0.258492 -0.058847 -0.168230 -0.085845 0.021898 0.026248 0.140862 0.031788 0.074083 -0.002300 0.172908 0.146102 0.186790 0.007610 0.057598 -0.038991 -0.007815 -0.078184 -0.030546 -0.102041 -0.124124 -0.089761 -0.066844 -0.118604 -0.075355 0.143883 0.125116 -0.009047 -0.049291 -0.316257 0.056390 -0.266688 -0.063661 -0.041855 -0.110105 0.188628 0.136009 0.020956 -0.199457 -0.040456 -0.239378 -0.071178 -0.012376 -0.026486 -0.051342 -0.086110 -0.042336 0.068360 0.073789 -0.027780 0.032983
0.035395 0.128770 -0.081333 -0.057282 0.331371 0.464278 -0.057332 -0.380757 0.361594 -0.190468 0.204816 0.086404 0.302061 -0.019587 1.000000 0.559638 -0.116565 -0.072168 0.123218 -0.032962 -0.023263 -0.137236 0.325663 0.254061 0.219980 0.236068 0.427925 0.496163 0.067658 -0.100870 -0.088480 -0.085301 -0.069816 -0.184230 0.078315 -0.159195 0.249245 0.051880 0.389367 0.258437 0.075268 0.025141 -0.252200 -0.302861 -0.321020 -0.282875 -0.254312 -0.331017 -0.019726 -0.284154 0.195764 -0.255210 -0.090139 -0.189449 0.230232 -0.246845 -0.186573 0.026102 -0.031976 -0.230072 0.170482 -0.197993 0.033237 -0.120248 0.195062 0.072372 0.037837 -0.184382 -0.140330 -0.072238 0.116074 -0.001444 -0.003691 0.088781 0.075506 0.185515 0.097814 -0.067701 -0.038474 0.007449 -0.107936 -0.058499 0.151833 0.100670 0.518902 0.243338 0.292193 0.352573 0.448228 0.252861 -0.135595 0.135185 0.047187 0.155281 0.201376 -0.117059 0.000151 0.054772 -0.272729 -0.154999 -0.112018 -0.190740 -0.055137 -0.209666 -0.132018 0.151501 0.002963 -0.137847 -0.054380 -0.085082 0.105559 -0.155051 -0.198685 0.013557 0.140093 0.137963
-0.022334 0.122595 -0.106169 0.015006 0.588957 0.473658 -0.012594 -0.197685 0.458019 -0.015662 0.060380 0.259463 0.143836 0.068537 0.559638 1.000000 0.062279 -0.066375 0.091420 -0.055078 0.235472 0.064539 -0.004328 0.080437 0.361530 0.219881 0.481657 0.352538 -0.047226 0.034589 0.089329 0.059284 0.032585 -0.023421 -0.068764 -0.021943 0.136680 0.135678 0.317949 0.342413 -0.135467 0.151079 -0.459322 -0.497986 -0.331699 -0.321807 -0.486690 -0.521036 -0.239424 -0.436713 -0.194089 -0.490191 -0.106027 -0.408209 0.041553 -0.415730 0.056135 0.062489 0.188691 -0.064222 0.351124 0.196283 0.290920 0.199090 0.098097 0.192693 0.114635 -0.011967 0.008749 0.059692 0.176680 0.101430 -0.056533 0.237485 -0.090385 0.163415 0.060217 0.043387 -0.049320 0.088028 -0.001695 -0.009258 -0.325348 0.279357 0.121114 0.209979 0.059619 0.289921 0.364316 0.418649 0.005530 0.061554 0.159707 0.053698 0.336400 -0.224387 -0.219019 0.042945 -0.438022 -0.299931 0.051267 -0.076351 0.013323 -0.067848 -0.093179 0.124138 0.071507 0.139986 -0.149403 -0.295350 -0.107431 -0.398736 -0.313808 -0.208642 -0.011353 0.063815
0.305109 0.339016 -0.344817 -0.268271 0.038200 -0.102414 -0.239331 -0.222146 -0.107582 -0.270006 0.283746 0.073069 -0.135759 0.072222 -0.116565 0.062279 1.000000 0.645464 -0.031994 0.208406 -0.044082 -0.030017 -0.330961 -0.303774 -0.091864 -0.278337 -0.082459 -0.153699 0.535699 0.531376 0.084884 0.187734 0.356177 0.352948 -0.053889 -0.028104 0.095367 0.184248 0.017511 -0.087962 0.226494 0.197679 -0.278651 -0.247193 -0.177588 -0.312678 -0.106264 -0.284974 -0.340306 -0.233695 -0.171237 -0.235719 0.210118 0.035476 -0.051677 -0.220208 0.484511 0.384749 0.157217 0.131366 -0.004745 0.174154 0.487672 0.510683 -0.193351 -0.132756 0.038231 -0.310608 0.261468 0.014905 0.051089 -0.075467 0.473380 0.296586 0.083767 0.135183 0.406964 0.292025 0.668137 0.650199 0.608746 0.617960 -0.147371 0.257426 -0.217322 -0.076168 -0.105074 -0.183060 -0.277180 -0.202845 -0.298794 -0.315377 -0.286414 -0.351473 -0.097991 -0.149779 -0.069403 -0.077373 -0.103688 0.037853 -0.179965 -0.140623 0.070075 -0.093295 -0.033451 -0.207016 -0.096953 -0.002103 -0.118298 -0.037813 0.106951 -0.022887 -0.069544 0.053765 -0.354402 -0.156829
0.199669 0.424993 -0.338668 -0.236364 -0.029144 -0.216625 -0.185206 -0.219607 -0.303162 -0.395621 0.248489 0.128067 -0.034057 0.100394 -0.072168 -0.066375 0.645464 1.000000 -0.096159 0.230062 -0.042386 -0.023771 -0.214141 -0.227038 -0.142571 -0.263609 -0.049356 -0.104874 0.465504 0.598719 0.114405 0.106117 0.278542 0.285553 -0.032342 -0.140566 0.116722 0.230325 -0.033755 -0.140685 0.246016 0.087595 -0.213571 -0.195897 -0.160554 -0.290091 -0.071744 -0.274255 -0.285147 -0.160208 -0.116999 -0.145866 0.196536 0.081547 -0.011026 -0.065100 0.256180 0.380724 0.037974 0.056267 -0.149464 -0.015797 0.481506 0.479973 -0.270011 -0.309785 -0.039299 -0.368587 0.151868 0.051648 0.136682 0.007219 0.530858 0.358823 0.156508 0.183314 0.406231 0.337153 0.607512 0.609152 0.513093 0.600696 0.018795 0.207516 -0.113325 -0.104157 0.065075 -0.066010 -0.182126 -0.230896 -0.189493 -0.239734 -0.188170 -0.215145 -0.192129 -0.056439 -0.055418 -0.059942 -0.021958 -0.009625 -0.143772 -0.221749 0.070529 -0.098561 -0.075663 -0.155540 -0.012249 -0.051826 -0.077568 -0.012294 0.133884 0.005287 0.052685 0.022849 -0.307247 -0.066774
0.365229 0.093296 0.383028 -0.012795 0.221249 -0.000411 0.154253 -0.057086 0.048944 -0.132171 0.178430 -0.062816 0.120020 -0.077400 0.123218 0.091420 -0.031994 -0.096159 1.000000 0.506534 0.070500 -0.171409 0.042705 -0.051218 -0.048876 -0.139172 0.044868 -0.084972 0.291298 -0.006667 0.231665 0.108640 0.335947 0.208306 -0.164445 -0.100866 0.034496 -0.297023 -0.007274 -0.217076 0.001866 -0.075722 -0.327899 -0.406360 -0.283351 -0.356330 -0.312660 -0.355295 -0.356607 -0.282026 -0.209040 -0.368660 0.137852 -0.045714 -0.060802 -0.289273 0.144549 -0.101151 0.097567 0.038893 0.066720 -0.086929 0.237861 0.035198 -0.028996 -0.165042 0.267631 -0.094723 0.276618 0.131123 0.238153 -0.077948 0.179137 0.154483 0.262273 0.234285 0.143715 0.005086 0.009861 -0.086041 0.192175 0.202781 0.042846 0.309118 0.301559 0.237162 -0.138693 -0.061161 -0.102791 -0.082946 -0.206048 0.196394 -0.280987 -0.070907 0.033076 -0.136929 -0.363270 -0.065224 -0.166640 -0.020463 -0.218613 0.036300 0.027328 0.154686 -0.222689 -0.277664 0.020885 0.027414 0.030746 -0.049125 -0.173821 -0.103028 -0.148892 -0.159685 -0.122489 -0.227684
0.238743 0.420630 -0.090077 -0.335132 0.135379 -0.188590 -0.121772 -0.180511 -0.211795 -0.221136 0.375496 -0.213205 0.192897 -0.034068 -0.032962 -0.055078 0.208406 0.230062 0.506534 1.000000 0.112447 -0.020893 -0.364866 -0.374878 -0.068107 -0.365160 0.141663 -0.241930 0.573209 0.317892 0.186964 -0.080073 0.426648 0.251919 -0.164818 -0.124059 0.233055 -0.212299 -0.090894 -0.345216 0.133122 0.145608 -0.225222 -0.233735 -0.139029 -0.347289 -0.161158 -0.178670 -0.354192 -0.170896 -0.384683 -0.249589 0.047024 0.103066 -0.186352 -0.113716 0.126894 0.209923 -0.122750 -0.058958 -0.201160 -0.138600 0.375286 -0.023964 -0.394069 -0.438467 0.088242 -0.321546 0.437495 0.552023 0.390056 -0.070106 0.449037 0.438786 0.457468 0.228448 0.253515 0.138012 0.371534 0.137603 0.535484 0.491650 0.093130 0.524542 0.127133 0.134591 -0.107770 -0.042646 -0.398261 -0.320289 -0.185054 0.130788 -0.322479 -0.088085 0.087340 -0.068331 -0.159619 0.160946 0.065595 0.168068 -0.243482 0.144587 0.147430 0.196626 -0.119264 -0.317686 0.021480 0.069051 0.058067 -0.087989 0.053075 0.130696 0.035543 0.057071 -0.105812 -0.058015
0.065402 0.147089 -0.070869 0.080552 0.197882 0.153513 0.005634 0.024675 -0.046725 0.134334 -0.233675 -0.034942 -0.202944 -0.163641 -0.023263 0.235472 -0.044082 -0.042386 0.070500 0.112447 1.000000 0.005767 -0.066357 -0.023868 0.216584 0.099493 0.271372 0.082787 0.023024 0.068067 0.286869 -0.019626 0.004117 0.014229 -0.072994 0.175390 0.012443 -0.060070 0.014909 0.020817 -0.001462 0.257147 -0.248530 -0.280807 -0.141912 -0.177940 -0.281391 -0.298595 -0.234482 -0.260297 -0.189028 -0.199262 0.042179 0.027621 -0.010120 -0.188047 0.285283 0.148898 0.129038 0.103751 -0.063528 0.157022 0.052996 0.138519 -0.022502 -0.007692 0.051845 0.128086 0.250900 0.131188 0.356431 -0.019166 0.089590 0.262969 0.127437 0.226130 0.052490 0.090981 -0.017639 0.044330 0.103494 0.036809 -0.192382 0.213045 -0.044170 0.054371 0.087989 0.083561 0.020275 0.154025 0.067442 -0.025624 0.142715 -0.043055 0.139393 -0.033331 -0.217538 -0.084957 -0.232331 -0.175978 0.061637 -0.001274 0.154588 0.048874 -0.029105 -0.021077 0.020966 0.125721 -0.054001 -0.112638 -0.268263 -0.275286 -0.085914 -0.251249 -0.053009 -0.130394
-0.211251 -0.130458 -0.152802 0.045485 -0.012260 0.143917 -0.188454 -0.087118 -0.145933 -0.225002 -0.193058 -0.080111 -0.098154 -0.135429 -0.137236 0.064539 -0.030017 -0.023771 -0.171409 -0.020893 0.005767 1.000000 0.000593 0.207275 0.225434 0.351824 0.005249 0.061236 -0.059755 0.145425 0.073217 0.215571 -0.100993 -0.130301 -0.122134 -0.056856 -0.057013 0.079761 0.279575 0.332783 -0.052669 0.205446 -0.049970 -0.054290 -0.050990 0.015564 -0.100508 -0.045632 0.105415 -0.026367 0.017805 -0.016633 -0.029921 -0.005894 0.072292 0.043648 -0.127359 -0.009447 0.008180 -0.025625 -0.268394 -0.135189 -0.022308 -0.054455 -0.299139 -0.133625 -0.037375 0.218641 -0.184176 0.112138 0.043958 0.396223 -0.037361 0.057618 -0.018632 -0.104675 -0.060621 0.094462 0.005746 0.030611 0.001534 -0.003808 -0.085733 0.085164 -0.136465 0.182893 0.215768 0.215633 0.103507 0.275336 0.191212 0.097637 0.176923 0.124669 -0.020054 0.052566 -0.011965 -0.118824 -0.069928 -0.135936 0.003926 -0.083052 -0.131977 0.045358 0.213309 0.355587 -0.037705 0.061449 -0.082504 -0.326205 -0.103696 -0.129269 0.008823 -0.040072 0.235917 0.340946
-0.017379 -0.214226 0.442082 0.409118 -0.277449 0.174274 0.131210 -0.015284 0.098290 -0.115568 -0.267159 0.097688 -0.061824 -0.250969 0.325663 -0.004328 -0.330961 -0.214141 0.042705 -0.364866 -0.066357 0.000593 1.000000 0.839249 0.147002 0.509543 -0.175171 0.483890 -0.376187 -0.404664 -0.000998 0.252990 -0.167142 -0.128682 -0.015631 -0.047279 -0.311983 -0.151065 0.020708 -0.055891 -0.064272 -0.123299 0.164907 0.192916 -0.044994 0.169415 0.169422 0.142142 0.364532 0.118910 0.677372 0.224777 -0.050504 -0.053448 0.245324 0.066087 -0.261718 -0.345081 -0.243559 -0.361672 -0.180595 -0.444709 -0.505926 -0.325055 0.344185 0.229643 -0.277927 0.087810 -0.377842 -0.435976 -0.137803 0.180752 -0.352033 -0.236298 -0.086175 -0.038427 -0.004422 -0.147512 -0.295950 -0.211654 -0.519613 -0.429914 0.309029 -0.326072 0.519526 0.095611 0.224049 0.106959 0.381354 0.243032 -0.040253 -0.074395 0.162210 0.167597 -0.014204 -0.001826 0.034491 -0.331194 -0.155421 -0.329870 -0.052567 -0.339610 -0.447442 -0.438998 -0.247123 0.246728 -0.261454 -0.209703 -0.013918 0.112507 0.023030 -0.141282 -0.201700 -0.092576 0.144270 -0.100644
-0.134394 -0.162033 0.222401 0.572801 -0.292308 0.230127 -0.019449 0.014944 -0.023457 -0.059983 -0.316807 0.260753 -0.276878 -0.303440 0.254061 0.080437 -0.303774 -0.227038 -0.051218 -0.374878 -0.023868 0.207275 0.839249 1.000000 0.116628 0.560988 -0.120313 0.385510 -0.467765 -0.278744 -0.088477 0.300002 -0.226517 -0.185535 -0.026983 -0.046777 -0.304401 -0.039055 0.111388 0.095959 -0.101375 -0.001550 0.119722 0.173034 -0.054688 0.192812 0.158460 0.141937 0.274200 0.112062 0.531678 0.151593 0.014458 -0.042511 0.176026 0.083718 -0.290385 -0.349785 -0.228087 -0.298862 -0.258836 -0.377825 -0.429836 -0.219851 0.295086 0.182847 -0.256349 0.221365 -0.386371 -0.378814 -0.140553 0.300127 -0.422317 -0.209039 -0.129186 -0.048928 -0.123599 -0.092967 -0.260694 -0.216237 -0.520681 -0.425472 0.216189 -0.152137 0.335335 0.181161 0.297387 0.234229 0.497945 0.334745 0.095104 -0.076608 0.333267 0.156854 0.006668 -0.034057 0.017488 -0.360557 -0.172848 -0.342697 0.024219 -0.475671 -0.425046 -0.382825 -0.222004 0.404232 -0.251457 -0.171705 -0.162775 -0.055267 -0.096469 -0.202433 -0.182307 -0.105758 0.264616 0.046373
-0.123556 -0.158545 -0.063967 -0.016958 0.391714 0.315532 -0.066914 -0.106643 0.323140 0.134190 -0.109711 0.066738 0.079958 -0.025646 0.219980 0.361530 -0.091864 -0.142571 -0.048876 -0.068107 0.216584 0.225434 0.147002 0.116628 1.000000 0.411759 0.406380 0.319701 -0.060775 0.059734 0.251250 0.233214 0.023908 0.061605 0.096224 0.136853 0.034590 0.075630 0.119588 0.142720 -0.125089 -0.085759 -0.064138 -0.088050 -0.011125 0.029287 -0.160613 -0.133685 0.034508 -0.104670 0.034135 -0.100356 -0.128535 -0.238718 -0.043769 -0.223769 -0.022292 -0.072576 -0.084932 -0.248882 -0.028748 -0.031175 -0.013072 -0.063775 0.038110 0.066181 0.003859 0.071957 -0.154529 0.027682 0.003667 0.007752 -0.017679 0.134141 0.058571 0.186998 0.112718 -0.001607 -0.110509 0.006570 -0.089298 -0.118449 -0.306581 0.019803 0.017707 0.085581 0.019854 0.068805 0.030712 0.054838 -0.000603 -0.035091 0.056501 0.011740 0.009610 0.072413 0.015896 0.100422 -0.144091 -0.197469 -0.034133 -0.118848 0.011796 -0.148608 0.020684 0.138128 0.120429 -0.053364 0.128220 -0.175806 0.042055 -0.132244 -0.070841 -0.011099 0.052444 0.187983
-0.121075 -0.233442 0.011886 0.290384 0.032976 0.486987 -0.064487 0.015972 0.210108 -0.049115 -0.416140 -0.050652 -0.247339 -0.321451 0.236068 0.219881 -0.278337 -0.263609 -0.139172 -0.365160 0.099493 0.351824 0.509543 0.560988 0.411759 1.000000 0.119707 0.668153 -0.319160 -0.255256 0.100332 0.384500 -0.108434 -0.036382 0.196721 0.205200 -0.029006 0.022084 0.219457 0.210411 -0.140931 -0.053309 -0.106865 -0.049212 -0.192718 0.049268 -0.233095 -0.062752 0.123081 -0.188658 0.311577 -0.059144 -0.154021 -0.117755 0.114923 -0.002072 -0.120163 -0.094319 0.025731 -0.079316 -0.044658 -0.211664 -0.380945 -0.167712 0.338039 0.347363 -0.012728 0.389649 -0.244122 -0.177548 -0.064362 0.241223 -0.320537 -0.156662 -0.099984 -0.114080 -0.115989 -0.091945 -0.082651 -0.128014 -0.291850 -0.351869 -0.109507 -0.190554 0.195859 0.168411 0.307582 0.249243 0.378684 0.364007 -0.065116 -0.189885 0.196983 0.079469 0.116876 -0.058187 0.196970 0.048608 -0.257057 -0.357238 0.059888 -0.251006 -0.268272 -0.215189 -0.158186 0.371962 -0.042401 -0.083084 0.073604 -0.115164 -0.037970 -0.213222 -0.194231 -0.216130 0.213336 0.199700
0.012858 0.189023 -0.203497 -0.205567 0.679169 0.594828 -0.166807 -0.277398 0.389695 -0.017617 0.003401 0.100117 0.117153 -0.040583 0.427925 0.481657 -0.082459 -0.049356 0.044868 0.141663 0.271372 0.005249 -0.175171 -0.120313 0.406380 0.119707 1.000000 0.358181 0.032014 0.047078 -0.007313 -0.230332 -0.111222 -0.212086 0.065297 -0.112129 0.326568 0.111270 0.288317 0.255005 -0.069024 0.082831 -0.325724 -0.358979 -0.157944 -0.228996 -0.380051 -0.334872 -0.072381 -0.264970 -0.216127 -0.317688 0.094068 -0.243432 -0.030399 -0.280981 -0.011927 0.158639 0.101201 -0.099721 0.048445 -0.059310 0.191865 0.094770 -0.067964 -0.096351 0.162560 0.071496 0.057500 0.256216 0.132952 -0.076426 0.062564 0.236402 0.075309 0.153872 -0.018636 -0.003610 0.041799 0.098612 0.136855 0.047669 -0.293722 0.094812 0.138295 0.220848 0.069949 0.306979 0.316550 0.150790 0.017756 0.159802 0.101450 0.171448 0.305795 -0.108582 -0.060027 0.267976 -0.165338 -0.042136 -0.093653 0.022124 0.239020 0.217288 -0.051360 0.147490 0.347430 0.132767 0.103997 -0.195652 -0.028271 -0.098375 -0.069338 0.097182 0.131448 0.259843
0.007314 -0.091771 0.035870 0.020576 0.233619 0.570113 -0.112059 -0.225518 0.372702 -0.185029 -0.348003 -0.204692 -0.117920 -0.301166 0.496163 0.352538 -0.153699 -0.104874 -0.084972 -0.241930 0.082787 0.061236 0.483890 0.385510 0.319701 0.668153 0.358181 1.000000 -0.192552 -0.290162 -0.023934 0.131819 -0.061699 -0.116840 0.279852 0.113685 0.084984 0.017696 0.354545 0.250433 0.043569 0.104293 -0.220254 -0.164979 -0.255802 -0.112294 -0.238031 -0.185579 0.192420 -0.229333 0.319905 -0.025761 -0.071711 -0.097798 0.326760 -0.029401 -0.029706 0.078811 0.120408 -0.054060 -0.029003 -0.268124 -0.238043 -0.196834 0.203171 0.226711 0.060035 0.139916 -0.080309 -0.068991 -0.086764 0.023513 -0.122203 -0.042405 -0.116096 -0.063095 -0.060205 -0.207548 -0.075796 -0.031161 -0.094044 -0.226791 -0.054037 -0.289674 0.301813 -0.012205 0.194019 0.195432 0.394686 0.357987 -0.232301 -0.183806 0.002925 0.116019 0.312409 -0.060026 0.278321 0.157943 -0.120951 -0.298386 -0.129403 -0.165234 -0.200819 -0.185584 -0.138560 0.292331 0.087094 -0.006349 0.166723 0.154935 0.137580 -0.223111 -0.253584 -0.152224 0.090100 0.139540
0.315425 0.227101 -0.234302 -0.602125 0.163059 -0.166632 -0.118768 -0.330310 -0.108508 -0.410036 0.456334 -0.183005 0.275611 0.129110 0.067658 -0.047226 0.535699 0.465504 0.291298 0.573209 0.023024 -0.059755 -0.376187 -0.467765 -0.060775 -0.319160 0.032014 -0.192552 1.000000 0.638672 0.308671 0.160056 0.439957 0.324953 -0.115333 -0.209920 0.436600 0.142195 0.101346 -0.185928 0.310954 0.177337 -0.245795 -0.307566 -0.216499 -0.467989 -0.156871 -0.359507 -0.419298 -0.286666 -0.304706 -0.248569 0.173333 0.039936 0.053728 -0.117811 0.277225 0.271262 -0.020296 -0.060240 -0.074610 -0.051751 0.525634 0.136957 -0.368905 -0.381817 0.178023 -0.468341 0.342689 0.268902 0.299947 -0.129691 0.775024 0.407160 0.434932 0.292157 0.468059 0.239723 0.575495 0.452590 0.734756 0.732892 0.108530 0.458282 -0.019639 0.063811 -0.066872 -0.140125 -0.548098 -0.384111 -0.366332 -0.019047 -0.501145 -0.221402 -0.068660 -0.072844 -0.028501 0.174666 -0.006023 0.231912 -0.303417 0.090518 0.174693 0.048095 -0.084397 -0.338576 -0.113501 -0.159051 0.071306 -0.045631 0.074060 0.063605 0.036241 0.203842 -0.116187 -0.032695
0.063049 0.277856 -0.368919 -0.264973 0.145891 -0.199040 -0.192596 -0.185713 -0.188473 -0.256500 0.175786 0.128130 -0.029796 0.100140 -0.100870 0.034589 0.531376 0.598719 -0.006667 0.317892 0.068067 0.145425 -0.404664 -0.278744 0.059734 -0.255256 0.047078 -0.290162 0.638672 1.000000 0.360399 0.365156 0.312216 0.358366 -0.106455 -0.179654 0.157784 0.243317 0.024501 -0.094465 0.213606 0.121379 -0.229693 -0.240631 -0.096909 -0.281858 -0.123793 -0.307939 -0.437151 -0.171586 -0.314430 -0.257467 0.148148 -0.018018 -0.099306 -0.136124 0.163783 0.266921 -0.038400 0.003775 -0.152399 0.100934 0.565365 0.400818 -0.347438 -0.388063 0.121252 -0.261038 0.165941 0.142378 0.138399 0.003866 0.586954 0.400762 0.230631 0.238163 0.349326 0.333912 0.535264 0.511368 0.547072 0.678174 -0.052894 0.495260 -0.207430 0.088336 -0.040342 -0.113593 -0.301730 -0.278788 -0.169346 -0.144067 -0.270686 -0.316977 -0.158294 -0.045555 -0.071116 -0.001810 -0.148165 0.058807 -0.153197 -0.150882 0.192318 -0.023109 -0.010903 -0.110299 -0.048177 -0.098147 -0.086561 -0.170974 0.052065 -0.084430 0.073617 0.071834 -0.159951 0.057787
0.129573 0.044197 0.031574 -0.092548 0.145921 -0.092238 0.078242 -0.026779 -0.024857 -0.188533 -0.025083 -0.054709 0.084719 -0.032315 -0.088480 0.089329 0.084884 0.114405 0.231665 0.186964 0.286869 0.073217 -0.000998 -0.088477 0.251250 0.100332 -0.007313 -0.023934 0.308671 0.360399 1.000000 0.542338 0.203058 0.316055 -0.088364 0.105505 0.091081 -0.041702 -0.108030 -0.201880 -0.081778 0.020281 -0.160949 -0.204499 -0.070137 -0.143256 -0.202130 -0.236034 -0.244192 -0.191761 -0.116554 -0.224056 0.011702 -0.111152 -0.115709 -0.202439 0.279030 0.140384 0.047698 -0.019558 -0.107292 0.015544 0.123777 0.024357 -0.099609 -0.076313 0.145982 -0.032983 0.219164 0.064006 0.338863 0.133282 0.210055 0.350920 0.344701 0.277596 0.342307 0.262051 0.202304 0.210148 0.193849 0.225249 -0.123347 0.188119 0.040928 0.174241 0.004326 -0.150600 -0.253972 -0.174957 -0.239590 -0.166813 -0.225564 -0.313897 -0.129752 -0.006153 -0.195791 -0.097681 -0.279369 -0.164112 -0.068926 -0.148744 -0.098084 -0.208882 -0.177363 -0.214843 -0.035059 -0.019513 -0.015491 -0.130647 -0.033796 -0.260619 -0.034423 -0.146625 -0.081325 -0.213032
0.116659 -0.135704 0.101240 0.150594 -0.056775 -0.069848 0.009337 0.062355 0.029150 -0.192920 -0.166411 0.044880 -0.128739 -0.106205 -0.085301 0.059284 0.187734 0.106117 0.108640 -0.080073 -0.019626 0.215571 0.252990 0.300002 0.233214 0.384500 -0.230332 0.131819 0.160056 0.365156 0.542338 1.000000 0.259292 0.507663 0.087879 0.197589 -0.166732 0.071259 -0.055114 -0.205489 0.033607 -0.060057 -0.084696 -0.075994 -0.028442 -0.027478 -0.083881 -0.141239 -0.203354 -0.117635 0.062979 -0.071871 -0.123786 -0.173856 0.008167 -0.122127 0.138227 -0.084502 -0.024018 -0.081560 -0.134540 0.013454 -0.042210 0.063755 0.115571 0.059351 0.063798 0.070753 0.011502 -0.151038 0.043222 0.248225 0.101743 0.103584 0.066431 0.174421 0.279653 0.178920 0.237725 0.175646 0.059440 0.105210 -0.042212 0.138648 0.008465 0.091695 0.097625 -0.088612 -0.120756 -0.092234 -0.364100 -0.398841 -0.237032 -0.410436 -0.215779 -0.140337 -0.078772 -0.225336 -0.390584 -0.316174 -0.151342 -0.287890 -0.246393 -0.339764 -0.330833 0.000545 -0.195335 -0.026096 -0.105529 -0.137406 0.008788 -0.330570 -0.201557 -0.225546 -0.130236 -0.139983
0.223644 0.194554 -0.028287 -0.177945 0.041307 -0.159196 0.044132 -0.103175 -0.068277 -0.265554 0.021153 -0.204031 -0.022212 -0.222029 -0.069816 0.032585 0.356177 0.278542 0.335947 0.426648 0.004117 -0.100993 -0.167142 -0.226517 0.023908 -0.108434 -0.111222 -0.061699 0.439957 0.312216 0.203058 0.259292 1.000000 0.751750 0.076101 0.186613 0.031356 -0.043313 -0.013243 -0.233462 0.175051 0.096663 -0.143571 -0.099556 -0.030221 -0.149979 -0.116199 -0.154574 -0.318562 -0.089281 -0.152928 -0.143557 -0.120546 -0.008702 -0.104663 -0.049969 0.280245 0.222571 -0.048645 0.099064 -0.086764 0.057748 0.283329 0.195307 -0.044628 -0.148756 0.226458 -0.211289 0.417930 0.238660 0.059222 -0.351114 0.440814 0.263541 0.257921 0.049502 0.237746 -0.056651 0.341906 0.306509 0.351802 0.349401 0.001412 0.195619 -0.121576 -0.155806 0.048342 -0.088689 -0.432420 -0.377464 -0.459504 -0.344606 -0.451092 -0.416529 -0.018483 -0.145766 -0.011479 0.047945 -0.145649 -0.007376 -0.267460 0.007451 0.146391 -0.042263 -0.114985 -0.288982 0.032090 -0.049682 0.077995 -0.022951 0.136481 -0.124103 -0.191409 -0.151610 -0.202798 -0.209471
0.157626 0.124062 0.085280 0.031545 -0.002004 -0.253565 0.185192 0.202878 -0.019934 -0.039643 0.047848 -0.006616 0.002197 0.041905 -0.184230 -0.023421 0.352948 0.285553 0.208306 0.251919 0.014229 -0.130301 -0.128682 -0.185535 0.061605 -0.036382 -0.212086 -0.116840 0.324953 0.358366 0.316055 0.507663 0.751750 1.000000 0.091721 0.398853 -0.168513 -0.141889 -0.259661 -0.384917 0.066691 -0.092890 -0.078309 -0.026089 0.043463 -0.061096 -0.099573 -0.156195 -0.381106 -0.080424 -0.158708 -0.087617 -0.219405 -0.091022 -0.222904 -0.159141 0.229449 0.165073 -0.051470 0.049708 0.027536 0.263558 0.218526 0.260199 0.155268 0.070483 0.133119 -0.086536 0.334024 0.174376 -0.050464 -0.259357 0.293918 0.139023 0.012279 0.004913 0.220902 0.010434 0.352852 0.310554 0.236431 0.255632 -0.083814 0.111892 -0.186236 -0.206216 -0.033462 -0.219180 -0.430719 -0.441871 -0.444349 -0.502023 -0.370049 -0.566596 -0.155963 -0.064057 -0.110430 -0.032745 -0.276421 -0.191014 -0.108186 -0.041845 0.044315 -0.269146 -0.227971 -0.389169 -0.092892 -0.102191 0.090046 0.011324 0.142053 -0.198778 -0.245099 -0.250591 -0.384850 -0.269173
-0.087097 -0.040442 -0.110816 -0.035536 -0.009253 0.103061 -0.076214 0.019118 0.115106 0.042418 -0.179262 -0.196769 -0.119277 -0.115593 0.078315 -0.068764 -0.053889 -0.032342 -0.164445 -0.164818 -0.072994 -0.122134 -0.015631 -0.026983 0.096224 0.196721 0.065297 0.279852 -0.115333 -0.106455 -0.088364 0.087879 0.076101 0.091721 1.000000 0.456613 0.037743 0.203191 -0.039136 -0.007886 0.132030 -0.141334 0.048746 0.052808 -0.011963 0.045561 0.059502 0.103554 -0.010174 -0.087806 0.012778 0.074998 -0.130285 0.044000 0.126818 -0.033916 -0.035894 0.035827 0.012417 0.011796 0.157819 0.073605 -0.089560 -0.094235 0.223312 0.223568 0.186249 0.121349 0.000608 0.023211 -0.137905 -0.193183 -0.046134 -0.127982 -0.083664 -0.126237 -0.176899 -0.163673 0.012496 -0.037053 0.000964 -0.115700 -0.010114 -0.206488 -0.012637 -0.141760 0.157969 0.034839 0.062263 -0.050047 -0.131562 -0.227838 -0.081550 -0.032060 0.033365 0.004231 0.356045 0.267631 0.091032 -0.069384 0.044210 0.002875 -0.019157 -0.071548 -0.026035 0.011029 0.157391 -0.073866 0.232470 0.231562 0.344516 0.146245 0.071944 -0.081772 -0.117012 0.077244
-0.159175 -0.159673 0.070469 0.269217 -0.110485 0.011043 0.198801 0.420405 0.084471 0.270298 -0.153376 -0.086569 -0.075087 0.068606 -0.159195 -0.021943 -0.028104 -0.140566 -0.100866 -0.124059 0.175390 -0.056856 -0.047279 -0.046777 0.136853 0.205200 -0.112129 0.113685 -0.209920 -0.179654 0.105505 0.197589 0.186613 0.398853 0.456613 1.000000 -0.204852 0.008045 -0.270158 -0.118361 -0.048124 -0.050010 -0.015115 0.064004 0.007355 0.133145 -0.068640 0.080501 -0.109685 -0.092502 -0.140233 -0.008399 -0.356463 -0.124522 -0.061265 -0.117775 0.136218 -0.059601 0.101849 0.107526 0.272153 0.342967 -0.163446 -0.022373 0.354921 0.481566 0.002570 0.348874 0.197691 0.118684 -0.156632 -0.192706 -0.152033 -0.104020 -0.129884 -0.133694 -0.137926 -0.115387 0.027949 -0.018893 -0.091312 -0.233598 -0.107568 -0.149134 -0.201895 -0.220262 0.120013 -0.037991 -0.074358 -0.005654 -0.073195 -0.408268 -0.004934 -0.314065 0.014189 -0.012444 0.051209 0.102356 -0.134544 -0.259449 0.165263 -0.036397 -0.017549 -0.260664 -0.219880 -0.007080 -0.012506 0.007581 0.090249 0.138689 0.188505 -0.145626 -0.212385 -0.309515 -0.107311 -0.111865
