1.000000 0.107626 0.203781 0.304126 0.178226 0.550974 0.521342 -0.047183 0.501656 0.622277 0.514671 0.147713 0.445978 0.063622 0.457502 0.630612 -0.026737 0.398860 0.420251 -0.291734 -0.207872 0.357161 -0.062156 -0.313973 -0.289573 -0.515734 0.146364 0.588282 -0.127253 -0.590210 -0.597037 -0.405801 0.043911 -0.393657 -0.523264 -0.567284 -0.449139 -0.407362 -0.304494 -0.239813 -0.498472 0.344119 -0.093673 -0.132667 -0.251078 -0.374996 0.317520 -0.396634 0.073943 -0.386065 0.039929 0.408311 0.329028 0.228218 0.189914 0.082894 0.475393 0.381914 0.146566 -0.012944 0.180448 0.303099 0.011252 0.176060 0.206280 0.126016 -0.385737 -0.555139 -0.051844 -0.336465 -0.630044 -0.096542 -0.524125 0.366747 -0.503711 0.269800 -0.418376 -0.298513 -0.431175 -0.502418 0.061477 0.258312 -0.139253 0.502729 0.474560 0.322507 -0.399830 0.305596 0.336348 0.399185 0.462530 0.269329 0.532971 -0.150887 -0.539167 -0.024846 -0.446634 -0.309398 -0.098110 -0.427017 -0.547928 -0.465050 -0.245136 -0.240701 -0.164805 -0.214610 -0.106203 -0.458939 -0.176816 -0.442546 -0.603281 -0.474554 -0.408612 -0.651374 -0.498914 -0.063379
0.107626 1.000000 0.502337 0.401241 0.234614 -0.106442 0.159422 0.318507 0.045560 -0.129526 -0.052851 0.368129 -0.048471 0.156614 -0.062110 -0.291084 0.095325 -0.080409 0.283450 0.491272 0.050239 -0.373828 0.265968 0.225691 0.276094 0.158870 0.114649 -0.163125 0.111319 -0.029223 0.261664 0.223235 0.270576 0.462646 0.157385 0.362575 0.305290 -0.088819 -0.046284 -0.183015 0.342556 -0.273670 0.184033 0.147987 0.258861 0.343521 -0.186132 0.310141 0.121374 0.269989 0.345568 -0.058657 -0.189578 -0.229322 -0.329823 -0.534908 0.291300 0.513953 0.419665 0.344136 0.410388 0.210264 0.201397 0.257573 0.242738 0.137952 0.454894 0.380928 0.378187 0.349736 0.316205 -0.258890 0.299110 -0.491878 0.364960 -0.074648 0.396227 0.022841 0.291065 0.351294 -0.095473 -0.033022 -0.404909 -0.214904 -0.351312 -0.465328 0.086020 -0.403849 -0.131235 -0.398398 -0.302539 -0.603489 -0.390622 -0.475830 -0.051562 -0.500996 0.009170 -0.502498 -0.177465 -0.321807 -0.063860 -0.075402 -0.463101 -0.236200 -0.537049 -0.441915 -0.055683 -0.263984 -0.340277 -0.175797 0.296627 0.062279 -0.037030 -0.022429 -0.305005 -0.471109
0.203781 0.502337 1.000000 0.397151 0.332809 0.117924 0.584057 0.312777 0.217727 0.126719 -0.009962 0.071046 0.236154 0.011084 0.095666 -0.014357 -0.072579 -0.201629 0.302985 0.294894 -0.092459 -0.261012 0.250130 0.040264 0.010285 -0.092024 0.155781 0.107223 -0.083455 -0.317801 -0.107407 -0.058963 0.070720 0.170707 -0.110186 0.055741 0.072129 -0.104708 -0.013131 -0.122292 0.078232 -0.033406 0.273355 0.184279 0.182545 0.280136 -0.126762 0.110469 0.261886 0.243330 0.349930 0.282854 0.041415 -0.039736 -0.058446 -0.289192 0.124795 0.286571 0.412524 0.319556 0.434335 0.248926 0.069402 0.116100 0.294267 0.167957 0.217432 0.250992 -0.036332 0.218833 -0.043323 -0.190182 -0.092178 -0.286878 -0.022390 -0.031853 -0.035861 -0.207704 -0.013850 0.053150 -0.230214 -0.138740 -0.394180 0.057937 -0.092164 -0.226459 -0.044307 -0.218196 0.144766 -0.109026 0.059656 -0.253956 -0.041057 -0.325636 -0.229303 -0.387285 -0.028463 -0.408951 -0.007587 -0.219614 -0.321348 -0.251454 -0.524829 -0.324286 -0.349369 -0.362694 -0.177934 -0.321446 -0.287330 -0.273424 0.096223 0.019012 -0.013858 -0.201979 -0.293821 -0.397231
0.304126 0.401241 0.397151 1.000000 0.435442 0.436718 0.379718 0.448285 0.339834 0.339998 0.003851 0.129765 0.170395 0.117578 0.196271 0.245745 -0.221658 -0.027031 0.590560 0.171663 -0.001493 0.010742 0.205637 0.097008 0.115330 -0.170390 0.390649 0.354726 -0.192014 -0.201430 -0.170357 -0.261462 -0.048573 0.008119 -0.214083 -0.180106 -0.128044 -0.315849 -0.336070 -0.167923 -0.116316 -0.031271 0.040372 0.061568 -0.085746 -0.071337 0.115213 -0.093478 0.161430 -0.096014 0.230067 0.136989 0.016817 0.044443 0.074346 -0.247889 0.092391 0.224802 0.269807 0.253839 0.292220 0.245376 -0.055740 0.138104 0.184985 -0.073759 0.075343 -0.089903 0.077085 -0.085128 -0.138336 -0.159390 -0.161676 -0.161811 0.000481 -0.118727 -0.095458 -0.215342 -0.246180 -0.091658 -0.269028 -0.129873 -0.252134 0.143487 0.070067 -0.164942 -0.193969 0.091270 0.260896 -0.004784 0.157709 -0.092517 0.181213 -0.223617 -0.130593 -0.163164 -0.241890 -0.365052 -0.032939 -0.332125 -0.251704 -0.277978 -0.250836 -0.271088 -0.103779 -0.220165 -0.061660 -0.235918 -0.090095 -0.264555 -0.199520 -0.146194 -0.008291 -0.206614 -0.239911 -0.052792
0.178226 0.234614 0.332809 0.435442 1.000000 0.391083 0.301150 0.178951 0.642688 0.365285 0.060014 0.187352 0.246069 0.073520 0.469576 0.175514 -0.036848 0.087880 0.213019 0.115094 0.213843 -0.098100 0.137702 0.107510 0.381965 -0.203547 0.624215 0.332205 -0.157990 -0.401268 -0.141593 -0.374919 -0.186357 -0.080696 -0.317683 -0.160284 -0.236379 -0.181692 -0.114917 -0.222107 -0.115437 -0.231950 0.126045 0.179940 0.068772 0.136024 -0.036018 0.056689 0.287583 0.308491 0.218286 0.289846 -0.022873 0.356153 -0.177093 -0.153199 0.065798 0.316408 0.258063 0.365501 0.216031 0.197317 -0.015811 0.140881 0.193853 0.128218 0.145180 0.133592 -0.190610 0.140829 -0.048634 -0.377675 -0.129071 -0.365842 -0.114720 -0.094453 -0.243695 -0.274643 -0.365745 -0.019664 -0.197282 0.115379 -0.166644 0.119349 -0.030350 -0.223496 -0.232511 -0.022017 0.246335 -0.076462 0.045482 -0.137452 0.058518 -0.215044 -0.157117 -0.152607 -0.278272 -0.370020 -0.325760 -0.335725 -0.296060 -0.341148 -0.254014 -0.217431 -0.155807 -0.094128 -0.234512 -0.147406 -0.222500 -0.457379 -0.132147 -0.200409 -0.205075 -0.317996 -0.146543 -0.044896
0.550974 -0.106442 0.117924 0.436718 0.391083 1.000000 0.385678 0.136692 0.540166 0.764842 0.222772 -0.004397 0.428892 0.013095 0.564046 0.761404 -0.269264 0.207547 0.245677 -0.400799 -0.035063 0.369198 -0.009921 -0.167764 -0.146041 -0.351837 0.585597 0.912287 -0.345934 -0.523397 -0.600780 -0.534983 -0.301733 -0.481514 -0.472877 -0.591355 -0.570773 -0.549401 -0.426121 -0.323941 -0.594917 0.114445 -0.070525 -0.160252 -0.295309 -0.362955 0.398137 -0.536036 0.098481 -0.265290 0.017302 0.454908 0.406257 0.442697 0.362225 0.009623 0.067994 0.105482 0.113647 0.059210 0.087719 0.143633 -0.185936 -0.045295 0.235425 0.011556 -0.322950 -0.512341 -0.297433 -0.316731 -0.581303 0.102028 -0.543596 0.295071 -0.444892 -0.030669 -0.530706 -0.419978 -0.571437 -0.606756 -0.131785 -0.041595 -0.070652 0.445550 0.496589 0.340535 -0.493053 0.487068 0.644970 0.473220 0.651248 0.452521 0.655327 -0.021455 -0.421411 0.089137 -0.384436 -0.235032 -0.035192 -0.399017 -0.436836 -0.475820 -0.077627 -0.274602 0.149783 -0.002058 -0.342067 -0.331915 -0.019713 -0.480402 -0.606741 -0.365388 -0.182022 -0.432647 -0.224409 0.140939
0.521342 0.159422 0.584057 0.379718 0.301150 0.385678 1.000000 0.288127 0.428530 0.467778 0.378003 0.099710 0.565938 -0.052119 0.354038 0.430168 0.136246 0.200997 0.069721 -0.050036 -0.306403 0.045256 0.230628 -0.080385 -0.235749 -0.564565 0.084625 0.428794 0.067715 -0.577542 -0.534842 -0.384682 0.198048 0.058628 -0.521475 -0.473393 -0.371183 -0.335314 -0.079353 -0.166447 -0.288907 0.197261 0.173137 0.032382 -0.024101 0.042637 0.142959 -0.238833 0.047353 -0.113047 0.022918 0.312526 0.075117 -0.029603 0.133767 -0.071207 0.269834 0.345762 -0.085278 0.029063 0.194756 0.305030 0.312441 0.344268 0.311207 0.059220 -0.295862 -0.163313 -0.173518 -0.095035 -0.558928 -0.052120 -0.457228 0.126099 -0.410552 0.012516 -0.383283 -0.249947 -0.233091 -0.379869 0.139300 0.127028 -0.144699 0.378042 0.375031 0.087371 -0.195798 -0.051494 0.276494 0.176124 0.418276 0.105036 0.362058 -0.271547 -0.393460 -0.237514 -0.227934 -0.328449 0.048293 -0.349213 -0.550810 -0.433986 -0.459465 -0.395642 -0.235559 -0.325985 -0.213967 -0.413054 -0.235860 -0.331967 -0.312322 -0.239451 -0.262913 -0.552375 -0.513696 -0.237303
-0.047183 0.318507 0.312777 0.448285 0.178951 0.136692 0.288127 1.000000 0.052204 0.154216 0.160947 0.344687 0.293432 0.431157 -0.008822 0.028094 -0.039845 -0.071831 0.053948 -0.022309 -0.299285 -0.191064 0.457046 0.214260 0.121719 0.082034 0.121529 0.067047 0.091401 0.144335 0.117509 0.152394 0.270321 0.393394 0.117250 0.109313 -0.098770 -0.319402 -0.467074 -0.322319 -0.045112 -0.189636 0.027836 0.042105 0.337935 0.276663 0.016446 -0.094989 0.264280 0.138556 0.438628 -0.021237 -0.182481 -0.096173 -0.299752 -0.619186 -0.006194 -0.176033 0.040725 0.030429 0.498966 0.423789 0.284821 0.087052 0.491481 0.391125 0.164968 0.209127 -0.049634 -0.058875 0.010484 0.031630 0.086625 -0.054718 0.220378 -0.314760 0.169919 -0.038947 0.021926 -0.018208 -0.022631 -0.307834 -0.383280 -0.062245 0.043078 -0.253201 -0.150850 -0.148772 -0.049712 -0.364547 -0.001877 -0.261888 -0.041225 -0.374070 -0.241851 -0.412568 -0.146833 -0.487144 -0.212160 -0.482077 -0.254122 -0.307744 -0.382627 -0.324308 -0.222077 -0.304097 -0.320935 -0.139624 -0.348628 -0.226673 -0.008378 -0.100374 -0.000113 -0.157407 -0.315934 -0.311750
0.501656 0.045560 0.217727 0.339834 0.642688 0.540166 0.428530 0.052204 1.000000 0.741584 0.381380 0.236379 0.556373 -0.019325 0.785054 0.594304 -0.064695 0.449989 0.194134 -0.156291 -0.048322 0.125622 -0.225734 -0.295445 -0.012468 -0.560024 0.307336 0.507257 -0.023053 -0.664435 -0.594360 -0.665734 -0.207543 -0.325924 -0.660958 -0.566632 -0.557109 -0.349910 -0.199904 -0.272301 -0.449655 0.228121 -0.007859 0.000951 -0.116623 -0.071583 0.206235 -0.303858 0.194609 -0.060369 0.070586 0.355754 0.027816 0.360021 0.017981 0.069136 0.052259 0.334149 0.067041 0.200607 0.103664 0.256562 -0.074843 0.103297 0.189698 0.149021 -0.204656 -0.191280 -0.217782 -0.057950 -0.496098 -0.322415 -0.393832 0.077393 -0.334275 0.151461 -0.490858 -0.328846 -0.572847 -0.436669 -0.016459 0.225202 0.004911 0.487836 0.385622 0.009561 -0.490064 0.121694 0.339470 0.155627 0.435424 0.178556 0.432925 -0.133898 -0.258207 0.106732 -0.414145 -0.206473 -0.160598 -0.308474 -0.428096 -0.421178 -0.152614 -0.209535 -0.033651 -0.067953 -0.083661 -0.148189 0.004333 -0.542131 -0.470142 -0.443390 -0.271347 -0.543451 -0.266819 0.144231
0.622277 -0.129526 0.126719 0.339998 0.365285 0.764842 0.467778 0.154216 0.741584 1.000000 0.487350 0.153316 0.659058 0.035082 0.714167 0.837842 -0.112099 0.417506 0.183422 -0.398921 -0.207316 0.365406 -0.055974 -0.257614 -0.210888 -0.618024 0.276682 0.732772 -0.129449 -0.662916 -0.677112 -0.595546 -0.233699 -0.479436 -0.585848 -0.666007 -0.664484 -0.533555 -0.417278 -0.349738 -0.705540 0.296016 0.000029 -0.104806 -0.305746 -0.300967 0.416805 -0.570088 0.081233 -0.294972 0.038954 0.405502 0.219657 0.319121 0.199205 0.029010 0.019481 0.113473 -0.019112 -0.018175 0.030638 0.221537 -0.175579 -0.031621 0.219679 0.153984 -0.458491 -0.460704 -0.345174 -0.303888 -0.696587 -0.035269 -0.584248 0.398058 -0.481481 0.090717 -0.545936 -0.394671 -0.601214 -0.678643 0.053145 0.093621 -0.095997 0.616668 0.632431 0.329767 -0.616931 0.321864 0.467980 0.402059 0.679234 0.405906 0.687261 -0.107905 -0.444537 0.166525 -0.448787 -0.185966 -0.002152 -0.387558 -0.508908 -0.479439 -0.128644 -0.243360 0.029844 -0.082724 -0.139331 -0.309730 0.028662 -0.480987 -0.644308 -0.420500 -0.217245 -0.567477 -0.345021 0.201136
0.514671 -0.052851 -0.009962 0.003851 0.060014 0.222772 0.378003 0.160947 0.381380 0.487350 1.000000 0.439531 0.749702 0.291036 0.561710 0.519294 0.513132 0.584181 -0.058843 -0.524463 -0.369264 0.305161 0.239084 -0.091610 -0.027202 -0.457527 -0.094320 0.326466 0.369646 -0.321422 -0.333026 -0.077989 0.041672 -0.187639 -0.264607 -0.373551 -0.486190 -0.456490 -0.306905 -0.382428 -0.479210 0.199102 -0.087946 -0.066047 0.041738 -0.130078 0.246342 -0.358101 -0.014984 -0.305930 0.194072 0.238093 -0.074158 0.067353 -0.082860 -0.092482 0.118891 0.032501 -0.321526 -0.348431 0.033158 0.254454 0.212010 0.167302 0.355887 0.384821 -0.434535 -0.412407 -0.228537 -0.444976 -0.498267 0.168044 -0.378829 0.473628 -0.384895 0.173515 -0.221788 -0.085897 -0.166307 -0.400954 0.559130 0.405205 0.083993 0.480938 0.670830 0.302000 -0.313750 0.084006 0.119935 0.108622 0.349332 0.122387 0.363159 -0.249145 -0.510608 -0.150714 -0.382567 -0.373600 -0.069357 -0.470253 -0.452370 -0.406642 -0.300677 -0.270665 -0.269645 -0.338102 -0.109894 -0.330307 -0.325047 -0.285898 -0.550997 -0.512852 -0.454328 -0.589122 -0.511917 -0.144304
0.147713 0.368129 0.071046 0.129765 0.187352 -0.004397 0.099710 0.344687 0.236379 0.153316 0.439531 1.000000 0.375152 0.640426 0.254669 0.058331 0.160144 0.556410 0.024803 -0.217698 -0.037550 0.029226 0.307153 0.054822 0.250984 0.015197 0.079327 -0.083861 0.308591 0.111192 0.213842 0.250494 -0.092055 0.075103 0.140590 0.117043 -0.095324 -0.198995 -0.217582 -0.266183 -0.039354 -0.122537 -0.161100 0.077115 0.287036 0.157709 -0.118517 0.104613 0.123782 -0.016512 0.478023 -0.204847 -0.447001 -0.133038 -0.481177 -0.232990 0.134637 0.043999 -0.020714 -0.119317 0.200167 0.165152 0.095714 0.155137 0.451913 0.410704 0.101188 0.052686 -0.015346 -0.204619 0.165636 -0.192022 0.303637 -0.138897 0.280291 0.083354 0.135886 -0.173184 -0.002331 0.184005 0.113387 0.288540 -0.295120 -0.016873 -0.004118 -0.100775 -0.258952 -0.282440 -0.223859 -0.243486 -0.282124 -0.383983 -0.255321 -0.157349 -0.163857 -0.212807 -0.340810 -0.454469 -0.506186 -0.279338 0.021304 0.069857 -0.163208 -0.004622 -0.395019 -0.278557 -0.100329 -0.171987 -0.290721 -0.255635 -0.122588 -0.217147 -0.187856 -0.081834 -0.222116 -0.237963
0.445978 -0.048471 0.236154 0.170395 0.246069 0.428892 0.565938 0.293432 0.556373 0.659058 0.749702 0.375152 1.000000 0.309541 0.644619 0.619559 0.346036 0.554413 -0.006036 -0.425866 -0.477200 0.160769 0.168709 -0.220745 -0.155132 -0.562070 0.040455 0.471069 0.223840 -0.458702 -0.483011 -0.300686 -0.083508 -0.229673 -0.422821 -0.523791 -0.588510 -0.556680 -0.377799 -0.434094 -0.581565 0.148083 -0.000364 -0.039707 0.045253 -0.098671 0.339001 -0.413957 0.194135 -0.211873 0.277109 0.353375 0.042195 0.200321 -0.013340 -0.132341 0.051340 0.094728 -0.100596 -0.071891 0.192520 0.350237 0.154729 0.190007 0.286488 0.245829 -0.353949 -0.323265 -0.275262 -0.287209 -0.538178 0.137552 -0.430452 0.366016 -0.386192 0.047882 -0.359087 -0.224354 -0.297439 -0.479447 0.440054 0.249377 -0.113012 0.509668 0.635765 0.206018 -0.391571 0.147841 0.285445 0.178586 0.520079 0.183044 0.475016 -0.269911 -0.568587 -0.163113 -0.393447 -0.407802 -0.037424 -0.502959 -0.567245 -0.507677 -0.368899 -0.385524 -0.203406 -0.305906 -0.207570 -0.381169 -0.256943 -0.413350 -0.554129 -0.444002 -0.306977 -0.666998 -0.559108 -0.082405
0.063622 0.156614 0.011084 0.117578 0.073520 0.013095 -0.052119 0.431157 -0.019325 0.035082 0.291036 0.640426 0.309541 1.000000 0.055502 0.046846 0.091829 0.275620 0.091915 -0.213233 -0.229416 -0.067929 0.273213 -0.068135 0.206253 0.282653 0.165720 -0.043121 0.072738 0.278957 0.215342 0.336872 -0.098231 -0.017510 0.151239 0.092559 -0.095333 -0.344557 -0.485587 -0.437552 -0.153169 -0.199083 -0.321347 -0.082813 0.341621 0.052147 -0.066822 -0.075656 0.217628 -0.026113 0.395176 -0.085695 -0.216709 0.018431 -0.356983 -0.348876 0.152214 -0.187887 0.083174 -0.075558 0.337377 0.253153 0.124487 0.086329 0.307655 0.411483 0.090203 0.015805 0.129634 -0.143843 0.130204 -0.033828 0.152408 -0.011944 0.106786 -0.133927 0.054974 -0.195674 0.069300 0.132179 0.134235 0.157173 -0.303702 -0.044990 0.048574 0.007094 -0.153580 0.034577 -0.021656 -0.213571 -0.163880 -0.301556 -0.104932 -0.108467 -0.314996 -0.321457 -0.439862 -0.410168 -0.518388 -0.331530 -0.111788 -0.095002 -0.091060 -0.070943 -0.146066 -0.140248 -0.243908 -0.098449 -0.226459 -0.316735 -0.151350 -0.262690 -0.095282 -0.150220 -0.230846 -0.093592
0.457502 -0.062110 0.095666 0.196271 0.469576 0.564046 0.354038 -0.008822 0.785054 0.714167 0.561710 0.254669 0.644619 0.055502 1.000000 0.733535 0.081739 0.518915 0.002447 -0.385322 -0.024696 0.343741 -0.071579 -0.121486 0.138525 -0.427283 0.402870 0.620985 0.137123 -0.605504 -0.519816 -0.467981 -0.308405 -0.478067 -0.553569 -0.577489 -0.650874 -0.441467 -0.234950 -0.448570 -0.628292 0.165314 -0.151712 -0.084426 -0.212042 -0.217748 0.242222 -0.465198 0.092551 -0.163382 0.038085 0.489177 0.050556 0.408722 0.144239 0.099599 -0.024983 0.206458 -0.131420 -0.043957 -0.090480 0.127873 -0.112036 0.066660 0.209498 0.178951 -0.348245 -0.407055 -0.364060 -0.279944 -0.541978 0.029823 -0.493360 0.301677 -0.506457 0.200400 -0.544859 -0.321738 -0.546584 -0.573322 0.202101 0.345951 0.185968 0.637879 0.629370 0.251237 -0.460884 0.258008 0.524842 0.249130 0.553872 0.281486 0.541090 -0.154268 -0.337745 0.104129 -0.458292 -0.204606 -0.134505 -0.361866 -0.439735 -0.480328 -0.146073 -0.278567 -0.030582 -0.165730 -0.175827 -0.278127 -0.092662 -0.539509 -0.642213 -0.558931 -0.371578 -0.585344 -0.293327 0.103966
0.630612 -0.291084 -0.014357 0.245745 0.175514 0.761404 0.430168 0.028094 0.594304 0.837842 0.519294 0.058331 0.619559 0.046846 0.733535 1.000000 -0.065664 0.411933 0.139836 -0.523809 -0.162397 0.535592 -0.129518 -0.264642 -0.214158 -0.514893 0.279907 0.807366 -0.091925 -0.517510 -0.709277 -0.521794 -0.304647 -0.577745 -0.586505 -0.739178 -0.691420 -0.523483 -0.348969 -0.333951 -0.787396 0.354471 -0.179144 -0.306655 -0.395307 -0.482207 0.399745 -0.695847 -0.070249 -0.484589 -0.117316 0.370621 0.333709 0.363564 0.426475 0.183387 0.070551 0.024066 -0.189481 -0.210379 -0.134241 0.069410 -0.169013 -0.054725 0.162831 0.001379 -0.613803 -0.695040 -0.317857 -0.446869 -0.762466 0.220005 -0.692230 0.610906 -0.637948 0.198867 -0.645951 -0.350141 -0.571787 -0.804155 0.197734 0.192470 0.154022 0.783465 0.771980 0.545964 -0.511647 0.533910 0.612461 0.543664 0.772216 0.555985 0.812430 -0.042753 -0.470061 0.240700 -0.486770 -0.070798 0.053976 -0.353078 -0.517810 -0.500483 -0.062565 -0.261132 0.121304 -0.080823 -0.176909 -0.372451 0.066290 -0.415390 -0.769219 -0.523196 -0.324921 -0.613014 -0.312324 0.199467
-0.026737 0.095325 -0.072579 -0.221658 -0.036848 -0.269264 0.136246 -0.039845 -0.064695 -0.112099 0.513132 0.160144 0.346036 0.091829 0.081739 -0.065664 1.000000 0.274786 -0.224686 -0.042248 -0.211163 -0.089407 0.239476 0.054248 0.106284 -0.140687 -0.249840 -0.175843 0.610221 0.023449 0.109183 0.196315 0.305018 0.270500 0.010392 0.050306 0.002093 -0.048055 0.086922 -0.090579 0.055507 -0.124115 0.054131 0.028274 0.207203 0.183951 0.033480 0.045103 -0.153184 -0.050539 0.063055 -0.071937 -0.203479 -0.219535 -0.263297 -0.221460 0.135744 0.185443 -0.247626 -0.182735 0.017948 0.160579 0.503871 0.404147 0.084436 0.085384 -0.066928 0.010863 0.068306 -0.041747 0.009947 0.121841 0.124226 0.067866 0.018496 0.026658 0.235748 0.141557 0.467096 0.128415 0.734610 0.376943 0.108059 0.017780 0.226955 -0.088252 0.179834 -0.275060 -0.196411 -0.269888 -0.109369 -0.252834 -0.153324 -0.304726 -0.150129 -0.244436 0.053030 -0.209267 0.027831 -0.220120 -0.213678 -0.179716 -0.370113 -0.213716 -0.413689 -0.338153 -0.041797 -0.174197 -0.307615 0.074287 -0.008152 -0.075342 -0.241166 -0.230123 -0.373473 -0.364907
0.398860 -0.080409 -0.201629 -0.027031 0.087880 0.207547 0.200997 -0.071831 0.449989 0.417506 0.584181 0.556410 0.554413 0.275620 0.518915 0.411933 0.274786 1.000000 -0.116933 -0.438573 -0.157065 0.310204 -0.094957 -0.314061 -0.118900 -0.416199 -0.049363 0.200875 0.394121 -0.218166 -0.306088 -0.200703 -0.098946 -0.241659 -0.347686 -0.470480 -0.472706 -0.269259 -0.169953 -0.228089 -0.378337 0.119412 -0.231047 -0.000429 0.014843 -0.150624 0.213724 -0.339660 0.015327 -0.223796 0.090824 0.137388 -0.207800 0.089657 -0.177975 0.079606 0.130430 0.213391 -0.275058 -0.199316 -0.080934 0.179961 0.045942 0.286271 0.070794 0.199834 -0.330489 -0.388193 -0.137971 -0.367916 -0.314957 -0.075506 -0.058854 0.281718 -0.168931 0.258311 -0.270634 -0.203970 -0.186744 -0.124604 0.379487 0.582915 0.008115 0.237562 0.418074 0.118734 -0.440658 -0.007218 0.006438 0.116554 0.160651 0.038155 0.195145 -0.003559 -0.300996 0.117375 -0.477125 -0.181052 -0.363522 -0.249032 -0.179729 -0.131918 0.035517 0.032143 -0.133621 -0.090467 0.094745 -0.113492 -0.063450 -0.397415 -0.568379 -0.484042 -0.270762 -0.374385 -0.279925 0.078651
0.420251 0.283450 0.302985 0.590560 0.213019 0.245677 0.069721 0.053948 0.194134 0.183422 -0.058843 0.024803 -0.006036 0.091915 0.002447 0.139836 -0.224686 -0.116933 1.000000 0.191049 0.069155 0.039053 -0.023746 -0.061216 0.075024 -0.043188 0.182242 0.216974 -0.274823 -0.052882 -0.080349 -0.111789 -0.059339 -0.180395 -0.128367 -0.097295 0.050836 -0.155309 -0.245609 -0.043926 -0.056269 0.062275 -0.062605 -0.160797 -0.161214 -0.228609 0.015779 -0.085674 0.090982 -0.274043 0.196384 0.070732 0.196707 0.099800 0.079798 -0.096054 0.095679 0.214067 0.491222 0.239242 0.313044 0.212775 -0.227504 0.007131 0.117619 -0.062798 0.053999 -0.145709 0.153973 -0.033974 -0.047978 -0.139836 -0.090310 -0.026256 0.007610 0.181614 0.028121 -0.164994 -0.167055 0.029614 -0.323498 -0.088816 -0.265600 0.069556 -0.011878 0.024596 -0.089508 0.237949 0.172047 0.134092 0.030247 -0.013398 0.144677 -0.116291 -0.210277 -0.135929 -0.203547 -0.304255 0.010776 -0.232545 -0.276685 -0.244277 -0.213783 -0.179391 -0.049965 -0.135371 0.030903 -0.211321 -0.024137 -0.172809 -0.172965 -0.082440 -0.050819 -0.191817 -0.229113 -0.014637
-0.291734 0.491272 0.294894 0.171663 0.115094 -0.400799 -0.050036 -0.022309 -0.156291 -0.398921 -0.524463 -0.217698 -0.425866 -0.213233 -0.385322 -0.523809 -0.042248 -0.438573 0.191049 1.000000 0.039757 -0.617726 -0.072679 0.245787 0.082017 0.141428 -0.183592 -0.479132 0.028704 0.094511 0.256887 0.061302 0.289286 0.544034 0.149812 0.413974 0.530626 0.233576 0.293465 0.250217 0.582061 -0.162285 0.279431 0.127179 0.070271 0.308389 -0.448481 0.409595 -0.093342 0.324497 -0.134675 -0.227970 -0.180373 -0.262451 -0.225682 -0.285659 0.040422 0.367095 0.321662 0.469771 0.149975 -0.108732 0.100274 0.058397 -0.229419 -0.286536 0.448127 0.674494 0.424478 0.832530 0.377029 -0.349089 0.321577 -0.547598 0.335529 -0.154076 0.327950 0.259569 0.345439 0.458114 -0.142588 -0.167887 -0.156654 -0.276268 -0.606337 -0.535509 0.368411 -0.343045 -0.279806 -0.382627 -0.377490 -0.416267 -0.455451 -0.159710 0.298437 -0.267579 0.291369 -0.036491 0.079664 0.098457 0.164420 0.152776 -0.158543 -0.031332 -0.181235 -0.056578 0.168351 0.166802 0.044383 0.152808 0.610933 0.435216 0.229331 0.244660 0.028984 -0.195322
-0.207872 0.050239 -0.092459 -0.001493 0.213843 -0.035063 -0.306403 -0.299285 -0.048322 -0.207316 -0.369264 -0.037550 -0.477200 -0.229416 -0.024696 -0.162397 -0.211163 -0.157065 0.069155 0.039757 1.000000 0.357936 -0.113537 0.164234 0.541156 0.354684 0.398967 -0.039524 -0.167939 0.169673 0.291749 0.059785 -0.306681 -0.186287 0.124024 0.229569 0.273921 0.440171 0.307997 0.235939 0.279521 -0.156345 -0.106300 -0.035911 -0.217586 -0.006811 -0.317652 0.144578 -0.145271 0.095073 -0.137885 -0.142161 0.029767 0.033851 0.126115 0.237379 -0.198776 0.092732 -0.015363 -0.039641 -0.356995 -0.205657 -0.422405 -0.155011 -0.165869 -0.006095 0.070229 -0.002733 -0.140652 -0.037838 0.433036 0.067344 0.229998 -0.202155 0.156026 0.361893 0.073922 0.018395 -0.005655 0.249488 -0.345941 0.133070 0.219232 -0.212408 -0.264607 0.074407 0.090536 -0.130199 0.034458 0.060671 -0.292678 -0.076323 -0.209121 0.136754 0.237476 0.246019 -0.041535 0.169484 -0.173491 0.238852 0.296504 0.318328 0.206282 0.268964 0.031035 0.116823 0.089566 -0.029735 0.015659 0.086879 0.096078 0.104985 0.044316 0.318415 0.378260 0.044031
0.357161 -0.373828 -0.261012 0.010742 -0.098100 0.369198 0.045256 -0.191064 0.125622 0.365406 0.305161 0.029226 0.160769 -0.067929 0.343741 0.535592 -0.089407 0.310204 0.039053 -0.617726 0.357936 1.000000 -0.130382 -0.197265 -0.011624 -0.196289 0.257548 0.475132 -0.120649 -0.106121 -0.310279 -0.148472 -0.378635 -0.567193 -0.187411 -0.408539 -0.342597 -0.012752 -0.103427 0.057597 -0.488748 0.260245 -0.326916 -0.256528 -0.449349 -0.488689 0.231028 -0.460833 -0.202823 -0.496772 -0.202294 0.052852 0.221041 0.096266 0.441059 0.396234 -0.167153 -0.177744 -0.347507 -0.479541 -0.384627 -0.046229 -0.416585 -0.175188 0.005695 0.051215 -0.575086 -0.699398 -0.377051 -0.645440 -0.356988 0.396870 -0.382743 0.571418 -0.404697 0.430137 -0.353161 -0.229740 -0.336955 -0.440859 0.021490 0.241443 0.216288 0.454629 0.521026 0.543945 -0.443541 0.308223 0.335857 0.469728 0.351101 0.388018 0.468064 0.228152 -0.212507 0.472393 -0.443223 0.171119 -0.045297 0.028278 -0.100913 -0.006067 0.238780 0.204899 0.144751 0.091965 0.054272 -0.180107 0.051213 -0.052318 -0.596704 -0.292761 -0.151930 -0.137124 0.041411 0.227996
-0.062156 0.265968 0.250130 0.205637 0.137702 -0.009921 0.230628 0.457046 -0.225734 -0.055974 0.239084 0.307153 0.168709 0.273213 -0.071579 -0.129518 0.239476 -0.094957 -0.023746 -0.072679 -0.113537 -0.130382 1.000000 0.677955 0.292622 0.191806 0.119298 0.009600 0.161519 0.126098 0.344808 0.449068 0.141927 0.308149 0.315894 0.265188 0.034602 -0.255776 -0.197387 -0.241620 0.031154 -0.236468 0.173724 0.134153 0.286091 0.230521 -0.111195 0.178474 0.069124 0.142667 0.350362 0.008758 -0.162389 -0.072077 -0.240107 -0.369063 0.007234 -0.239006 -0.012652 -0.153852 0.206295 0.002579 0.239500 0.022660 0.516927 0.169273 0.058760 0.091936 -0.211357 -0.202257 0.169276 0.170154 0.099500 -0.151649 0.173416 -0.286064 0.243264 -0.097320 0.141966 0.129399 0.090071 -0.047790 -0.223296 -0.098198 -0.007041 -0.032510 0.115849 -0.124013 -0.001006 -0.175918 -0.207595 -0.199338 -0.207432 -0.241741 -0.176967 -0.535376 0.049279 -0.481598 -0.083663 -0.302627 -0.017078 -0.078473 -0.292084 -0.227116 -0.253247 -0.261812 -0.327864 -0.155769 -0.504121 -0.027595 0.108604 0.034793 -0.124375 -0.006686 -0.212609 -0.419274
-0.313973 0.225691 0.040264 0.097008 0.107510 -0.167764 -0.080385 0.214260 -0.295445 -0.257614 -0.091610 0.054822 -0.220745 -0.068135 -0.121486 -0.264642 0.054248 -0.314061 -0.061216 0.245787 0.164234 -0.197265 0.677955 1.000000 0.381124 0.311453 0.085065 -0.152438 0.194866 0.231805 0.420460 0.379205 0.112665 0.349994 0.336362 0.352085 0.243289 0.027197 0.037578 -0.018063 0.236600 -0.247100 0.191030 0.037032 0.095628 0.189987 -0.271819 0.292062 -0.093844 0.212671 0.085108 -0.121818 -0.123221 0.018394 -0.213957 -0.250501 -0.174414 -0.169755 -0.065549 -0.088194 -0.051400 -0.224054 0.044019 -0.153298 0.275946 -0.109899 0.113920 0.227868 -0.132209 0.088630 0.325477 0.145144 0.212912 -0.246637 0.284373 -0.216612 0.246774 0.093741 0.174011 0.201002 -0.012257 -0.113263 -0.005421 -0.079315 -0.162292 -0.141795 0.267062 -0.049077 -0.068254 -0.299887 -0.279596 -0.172534 -0.256801 -0.192875 0.108698 -0.318892 0.196124 -0.188480 0.013025 -0.084261 0.154791 0.035147 -0.131470 -0.103975 -0.106506 -0.113828 -0.167443 0.051567 -0.291288 0.117865 0.298642 0.182518 -0.030652 0.170111 0.063286 -0.315390
-0.289573 0.276094 0.010285 0.115330 0.381965 -0.146041 -0.235749 0.121719 -0.012468 -0.210888 -0.027202 0.250984 -0.155132 0.206253 0.138525 -0.214158 0.106284 -0.118900 0.075024 0.082017 0.541156 -0.011624 0.292622 0.381124 1.000000 0.458434 0.450083 -0.132640 0.130727 0.210915 0.498756 0.324568 -0.099978 0.079573 0.213994 0.338207 0.141775 0.010284 -0.078534 -0.293590 0.141957 -0.427794 -0.044159 0.097382 0.205689 0.277399 -0.248722 0.217128 0.056533 0.291056 0.242769 -0.070224 -0.242164 0.047758 -0.195208 -0.179287 -0.123611 0.009868 0.003363 -0.007570 -0.091198 -0.052397 -0.096688 0.005760 0.116683 0.181976 0.260082 0.192720 -0.082393 -0.042801 0.454307 0.060100 0.239194 -0.293090 0.176330 0.019906 0.189680 0.010044 0.176613 0.317500 -0.033398 0.190657 -0.011802 -0.203734 -0.143037 -0.116605 0.180054 -0.184049 -0.008131 -0.262263 -0.317404 -0.311749 -0.273213 -0.152310 0.042286 -0.307637 -0.117063 -0.287103 -0.222379 -0.142696 0.079767 0.025805 -0.122373 -0.044529 -0.123285 -0.108636 -0.135600 -0.012260 -0.348032 -0.087198 0.090304 -0.077234 -0.208785 0.053397 0.109831 -0.194642
-0.515734 0.158870 -0.092024 -0.170390 -0.203547 -0.351837 -0.564565 0.082034 -0.560024 -0.618024 -0.457527 0.015197 -0.562070 0.282653 -0.427283 -0.514893 -0.140687 -0.416199 -0.043188 0.141428 0.354684 -0.196289 0.191806 0.311453 0.458434 1.000000 0.100647 -0.405383 -0.024863 0.680042 0.753703 0.704712 -0.017596 0.254386 0.601094 0.636312 0.499287 0.291807 -0.034533 0.001780 0.446139 -0.316598 -0.225615 -0.071558 0.284353 0.239845 -0.383209 0.260156 0.026887 0.267653 0.141826 -0.256192 -0.129739 -0.049446 -0.205161 -0.169982 -0.100682 -0.320354 0.124433 -0.102664 0.051015 -0.219388 -0.039638 -0.168433 0.094697 0.143049 0.395253 0.281877 0.113806 0.058664 0.690068 0.075367 0.559060 -0.295725 0.482041 -0.081757 0.453334 0.145719 0.422578 0.525338 -0.204320 -0.091800 0.022187 -0.491470 -0.477829 -0.139711 0.379937 -0.070329 -0.192495 -0.333070 -0.581790 -0.360840 -0.528672 -0.012636 0.293560 -0.138924 0.168554 0.028132 -0.264831 0.131979 0.419901 0.312585 0.145450 0.128321 0.035312 0.041186 -0.143866 0.123333 -0.002795 0.161389 0.432872 0.193874 0.232628 0.501871 0.326660 -0.145989
0.146364 0.114649 0.155781 0.390649 0.624215 0.585597 0.084625 0.121529 0.307336 0.276682 -0.094320 0.079327 0.040455 0.165720 0.402870 0.279907 -0.249840 -0.049363 0.182242 -0.183592 0.398967 0.257548 0.119298 0.085065 0.450083 0.100647 1.000000 0.604816 -0.405773 -0.253785 -0.133600 -0.254851 -0.354658 -0.330072 -0.163701 -0.159086 -0.330529 -0.250482 -0.275760 -0.320731 -0.307692 -0.286616 -0.085601 0.065830 -0.117536 -0.131086 0.087956 -0.101604 0.188892 0.134257 0.115676 0.357443 0.144493 0.434791 0.162802 -0.020824 0.019640 0.065201 0.245889 0.192207 0.068026 0.070065 -0.231357 -0.007985 0.097188 0.087005 0.087288 -0.130787 -0.230284 -0.146332 -0.045454 -0.015064 -0.214896 -0.198662 -0.216161 -0.233470 -0.308773 -0.449718 -0.375884 -0.155406 -0.376963 -0.034148 -0.072277 0.079863 0.071485 0.092308 -0.267840 0.223317 0.539618 0.186183 0.206600 0.065093 0.201980 0.036588 -0.178637 -0.023055 -0.324654 -0.241178 -0.269244 -0.214678 -0.156625 -0.226627 0.000711 -0.120140 0.082932 0.026569 -0.360456 -0.134876 -0.154507 -0.416589 -0.257236 -0.205070 -0.176174 -0.130638 0.054499 0.039003
0.588282 -0.163125 0.107223 0.354726 0.332205 0.912287 0.428794 0.067047 0.507257 0.732772 0.326466 -0.083861 0.471069 -0.043121 0.620985 0.807366 -0.175843 0.200875 0.216974 -0.479132 -0.039524 0.475132 0.009600 -0.152438 -0.132640 -0.405383 0.604816 1.000000 -0.329981 -0.592684 -0.692299 -0.554472 -0.280280 -0.538325 -0.507181 -0.636571 -0.640524 -0.527941 -0.363473 -0.328697 -0.674089 0.184002 -0.070791 -0.184220 -0.366728 -0.438982 0.437341 -0.594167 0.013418 -0.316055 -0.094605 0.563620 0.459552 0.496565 0.486485 0.072501 0.054335 0.100192 0.029930 0.002346 -0.022388 0.135642 -0.172454 -0.013021 0.153863 0.006689 -0.411942 -0.576265 -0.344990 -0.382494 -0.684021 0.246925 -0.687324 0.421420 -0.599623 -0.004097 -0.576405 -0.395618 -0.605917 -0.717926 -0.032445 0.006664 0.067258 0.541590 0.636579 0.486303 -0.443538 0.539028 0.772142 0.568846 0.765490 0.525771 0.740940 -0.061987 -0.493856 0.087676 -0.365355 -0.217534 0.068504 -0.422927 -0.523684 -0.572998 -0.121794 -0.359332 0.128266 -0.089256 -0.331321 -0.388746 -0.050334 -0.449988 -0.647837 -0.416027 -0.290086 -0.524915 -0.306526 0.115110
-0.127253 0.111319 -0.083455 -0.192014 -0.157990 -0.345934 0.067715 0.091401 -0.023053 -0.129449 0.369646 0.308591 0.223840 0.072738 0.137123 -0.091925 0.610221 0.394121 -0.274823 0.028704 -0.167939 -0.120649 0.161519 0.194866 0.130727 -0.024863 -0.405773 -0.329981 1.000000 0.196436 0.219316 0.319315 0.328481 0.399204 0.075068 0.068699 0.043163 -0.000887 0.042915 -0.131288 0.191176 0.078168 0.043644 0.105032 0.202079 0.267064 -0.055374 0.040775 -0.225572 -0.034377 0.074052 -0.167556 -0.353057 -0.227336 -0.386095 -0.271513 0.037991 0.101356 -0.370831 -0.325894 -0.021273 0.106627 0.413657 0.312691 0.205816 0.090358 -0.026440 0.056076 0.065629 -0.030658 0.110081 0.097322 0.403588 0.122586 0.265023 0.132832 0.334731 0.260156 0.467712 0.232414 0.623637 0.359114 0.175775 -0.036896 0.175329 -0.155636 0.157633 -0.352562 -0.280467 -0.390318 -0.174512 -0.329735 -0.228650 -0.353011 -0.026228 -0.209530 0.104579 -0.216391 -0.038722 -0.206715 -0.118302 -0.115294 -0.327972 -0.228047 -0.347141 -0.359108 0.003221 -0.045655 -0.225729 0.064642 -0.021635 -0.133951 -0.242617 -0.148557 -0.260982 -0.407753
-0.590210 -0.029223 -0.317801 -0.201430 -0.401268 -0.523397 -0.577542 0.144335 -0.664435 -0.662916 -0.321422 0.111192 -0.458702 0.278957 -0.605504 -0.517510 0.023449 -0.218166 -0.052882 0.094511 0.169673 -0.106121 0.126098 0.231805 0.210915 0.680042 -0.253785 -0.592684 0.196436 1.000000 0.735221 0.705741 0.092305 0.340425 0.671617 0.559847 0.508447 0.322027 0.064900 0.181891 0.483869 -0.190592 -0.233402 -0.102826 0.233302 0.177018 -0.359197 0.233941 -0.151424 0.031035 0.096049 -0.545216 -0.249942 -0.302526 -0.217676 -0.184813 -0.170774 -0.437660 -0.149232 -0.331539 -0.015770 -0.146161 0.019501 -0.118150 0.051822 0.019883 0.226193 0.180435 0.224709 -0.024074 0.623272 0.210596 0.650363 -0.047120 0.583726 0.014688 0.547206 0.286567 0.495875 0.570434 -0.007199 -0.080016 0.068108 -0.441755 -0.407323 -0.130872 0.417553 -0.138219 -0.396315 -0.343410 -0.595282 -0.333379 -0.510342 0.050683 0.329125 -0.047841 0.223891 0.101110 -0.114989 0.181186 0.469306 0.403323 0.157644 0.203960 0.018506 0.067351 0.058932 0.212305 0.034956 0.427967 0.341419 0.248588 0.245246 0.542693 0.340479 -0.094171
-0.597037 0.261664 -0.107407 -0.170357 -0.141593 -0.600780 -0.534842 0.117509 -0.594360 -0.677112 -0.333026 0.213842 -0.483011 0.215342 -0.519816 -0.709277 0.109183 -0.306088 -0.080349 0.256887 0.291749 -0.310279 0.344808 0.420460 0.498756 0.753703 -0.133600 -0.692299 0.219316 0.735221 1.000000 0.840990 0.122095 0.433161 0.753582 0.794611 0.598475 0.423647 0.118633 0.144590 0.594847 -0.367495 0.002020 0.152554 0.319574 0.384230 -0.433608 0.525061 -0.010427 0.301548 0.268864 -0.455667 -0.417747 -0.314820 -0.504223 -0.215572 -0.095155 -0.264885 0.088662 -0.101424 0.071639 -0.154287 0.062555 -0.011806 0.106001 0.159501 0.464028 0.433337 0.197471 0.099937 0.852149 -0.061762 0.762903 -0.431323 0.669216 -0.047586 0.694682 0.359076 0.568785 0.756535 -0.078296 -0.000024 -0.078553 -0.616780 -0.615342 -0.287429 0.487929 -0.387773 -0.567723 -0.483968 -0.819923 -0.565320 -0.750533 -0.113701 0.421598 -0.188725 0.330020 -0.010657 -0.195095 0.166009 0.496605 0.440096 -0.016382 0.158199 -0.244357 -0.111266 -0.012448 0.107938 -0.148824 0.390772 0.571676 0.370930 0.281576 0.566746 0.295324 -0.258613
-0.405801 0.223235 -0.058963 -0.261462 -0.374919 -0.534983 -0.384682 0.152394 -0.665734 -0.595546 -0.077989 0.250494 -0.300686 0.336872 -0.467981 -0.521794 0.196315 -0.200703 -0.111789 0.061302 0.059785 -0.148472 0.449068 0.379205 0.324568 0.704712 -0.254851 -0.554472 0.319315 0.705741 0.840990 1.000000 0.129632 0.404584 0.781299 0.712527 0.527869 0.211444 0.037965 0.045574 0.416941 -0.219605 -0.095425 0.013859 0.305543 0.261457 -0.319210 0.321843 -0.152264 0.068519 0.221558 -0.431355 -0.339878 -0.377940 -0.357923 -0.243407 -0.042408 -0.369687 -0.030200 -0.339542 0.099858 -0.163909 0.140232 -0.023277 0.251800 0.198543 0.233715 0.222703 0.150454 -0.088299 0.628932 0.199177 0.591198 -0.134778 0.493602 0.008435 0.653220 0.304562 0.633951 0.566219 0.143562 0.036898 -0.045826 -0.418953 -0.341654 -0.085863 0.418265 -0.297605 -0.399723 -0.358013 -0.636314 -0.467680 -0.595852 -0.170346 0.199967 -0.273944 0.236455 -0.105810 -0.109060 0.044894 0.374065 0.328866 -0.107023 0.056551 -0.317652 -0.247876 -0.051748 -0.063484 -0.210565 0.370936 0.393472 0.256316 0.154691 0.446299 0.129361 -0.317763
0.043911 0.270576 0.070720 -0.048573 -0.186357 -0.301733 0.198048 0.270321 -0.207543 -0.233699 0.041672 -0.092055 -0.083508 -0.098231 -0.308405 -0.304647 0.305018 -0.098946 -0.059339 0.289286 -0.306681 -0.378635 0.141927 0.112665 -0.099978 -0.017596 -0.354658 -0.280280 0.328481 0.092305 0.122095 0.129632 1.000000 0.647793 0.032401 0.100502 0.065896 -0.016988 -0.075001 -0.072133 0.299005 -0.001759 0.046223 -0.000939 0.248647 0.222477 -0.124212 0.017265 0.005933 0.063200 -0.005182 -0.089453 -0.170995 -0.303261 -0.354089 -0.401209 0.307134 0.248541 -0.050445 0.048856 0.297703 0.412440 0.617215 0.418985 0.092395 0.136289 0.248593 0.283850 0.271724 0.188371 -0.040777 -0.152186 0.176306 -0.057438 0.138213 -0.151173 0.308514 0.259079 0.380730 0.206701 0.255379 0.022018 -0.127065 -0.247963 -0.101150 -0.256159 0.264058 -0.268443 -0.356146 -0.397229 -0.190141 -0.252218 -0.172467 -0.308397 -0.070720 -0.353172 0.256019 -0.193363 0.050402 -0.242476 -0.207953 -0.195408 -0.354659 -0.273418 -0.209442 -0.245606 -0.091600 -0.018101 -0.242449 0.052278 0.165439 0.033031 -0.065531 -0.149852 -0.250693 -0.353569
-0.393657 0.462646 0.170707 0.008119 -0.080696 -0.481514 0.058628 0.393394 -0.325924 -0.479436 -0.187639 0.075103 -0.229673 -0.017510 -0.478067 -0.577745 0.270500 -0.241659 -0.180395 0.544034 -0.186287 -0.567193 0.308149 0.349994 0.079573 0.254386 -0.330072 -0.538325 0.399204 0.340425 0.433161 0.404584 0.647793 1.000000 0.388081 0.520238 0.384782 0.133358 0.100550 0.115106 0.585031 -0.200615 0.159319 0.095702 0.428363 0.492047 -0.374894 0.388821 -0.058527 0.289682 0.088876 -0.421768 -0.423540 -0.468576 -0.492884 -0.536376 0.054173 0.063255 0.015470 0.108325 0.319052 0.131235 0.573297 0.280805 0.137360 0.035866 0.442418 0.656970 0.268187 0.450708 0.389838 -0.187679 0.533881 -0.430463 0.548047 -0.316012 0.572319 0.322783 0.595753 0.516504 0.150946 -0.176832 -0.186953 -0.446266 -0.445749 -0.575757 0.345101 -0.502517 -0.499584 -0.599122 -0.484148 -0.558367 -0.571884 -0.323551 0.202872 -0.414931 0.376261 -0.203436 -0.030998 -0.091258 0.143111 0.121195 -0.294450 -0.133622 -0.314793 -0.252729 0.004925 0.144304 -0.199309 0.249360 0.569918 0.332964 0.100709 0.233587 -0.074749 -0.457294
-0.523264 0.157385 -0.110186 -0.214083 -0.317683 -0.472877 -0.521475 0.117250 -0.660958 -0.585848 -0.264607 0.140590 -0.422821 0.151239 -0.553569 -0.586505 0.010392 -0.347686 -0.128367 0.149812 0.124024 -0.187411 0.315894 0.336362 0.213994 0.601094 -0.163701 -0.507181 0.075068 0.671617 0.753582 0.781299 0.032401 0.388081 1.000000 0.863471 0.597867 0.288085 0.150352 0.223308 0.518417 -0.256601 0.069193 0.153958 0.243205 0.263562 -0.282133 0.428168 -0.133288 0.156138 0.169445 -0.440784 -0.302584 -0.360200 -0.247651 -0.250679 -0.220687 -0.424218 0.092222 -0.171937 0.031820 -0.265943 -0.047097 -0.195539 0.107461 0.146666 0.413677 0.426106 0.121613 0.071692 0.623311 0.126723 0.589314 -0.239394 0.582659 -0.119895 0.712742 0.358653 0.508216 0.556190 -0.070622 -0.252795 -0.003644 -0.512075 -0.492353 -0.156134 0.389617 -0.228271 -0.378127 -0.282577 -0.603833 -0.419925 -0.628958 -0.100799 0.323300 -0.126176 0.459759 -0.017726 0.079069 0.153013 0.553431 0.476725 0.000845 0.141966 -0.268323 -0.166955 0.095710 0.030166 -0.040216 0.542310 0.548772 0.515928 0.339848 0.667406 0.306491 -0.188854
-0.567284 0.362575 0.055741 -0.180106 -0.160284 -0.591355 -0.473393 0.109313 -0.566632 -0.666007 -0.373551 0.117043 -0.523791 0.092559 -0.577489 -0.739178 0.050306 -0.470480 -0.097295 0.413974 0.229569 -0.408539 0.265188 0.352085 0.338207 0.636312 -0.159086 -0.636571 0.068699 0.559847 0.794611 0.712527 0.100502 0.520238 0.863471 1.000000 0.769336 0.447158 0.296622 0.288735 0.694461 -0.317506 0.192230 0.182299 0.307468 0.424886 -0.409174 0.596096 -0.047650 0.331839 0.210547 -0.444068 -0.305399 -0.406971 -0.371218 -0.324798 -0.176841 -0.178357 0.225403 0.067661 0.090058 -0.210016 0.040215 -0.134287 0.048452 0.177305 0.570322 0.680855 0.219203 0.359968 0.755126 -0.077111 0.678159 -0.472813 0.676778 -0.089196 0.777906 0.421344 0.563845 0.675152 -0.119125 -0.261513 -0.119139 -0.593624 -0.662897 -0.373643 0.425460 -0.440433 -0.500961 -0.481624 -0.709581 -0.613371 -0.773004 -0.211355 0.387992 -0.219813 0.475229 -0.045019 -0.028497 0.157504 0.486271 0.451688 -0.119852 0.139414 -0.382320 -0.208467 0.103606 0.042551 -0.092633 0.467100 0.763255 0.556730 0.316624 0.613561 0.222156 -0.323659
