1.000000 0.398835 0.507700 0.189574 0.091072 0.069897 0.379343 0.266639 0.236435 0.159268 -0.158888 -0.181906 -0.231030 -0.227746 -0.042839 0.063681 -0.242240 -0.212407 0.472330 0.259834 -0.060258 -0.365935 0.160109 0.023185 -0.113374 -0.414981 0.071477 0.137565 -0.539835 -0.460717 -0.407155 -0.443861 0.378777 0.300979 -0.258248 -0.104755 -0.208384 -0.328889 0.133631 0.202770 -0.215224 -0.033813 -0.451417 -0.253980 0.044619 -0.167545 -0.174769 -0.170902 0.218040 0.128368 -0.108713 -0.068548 -0.061806 -0.292358 -0.035863 -0.083477 0.681752 0.299536 0.457272 0.323280 0.672770 0.453174 -0.004258 0.289268 0.097649 0.149110 0.212807 0.037484 0.236524 0.156351 -0.386633 -0.410995 -0.486655 -0.309872 -0.244846 -0.187325 -0.296666 -0.246461 -0.178826 -0.356442 -0.302832 -0.249256 0.139085 0.308538 -0.509016 -0.456829 -0.062107 -0.185543 0.109327 0.160470 -0.124719 -0.170185 -0.163591 0.051779 -0.309607 -0.286723 -0.112609 -0.026972 -0.058736 -0.110859 0.150616 0.155809 0.158152 0.040176 -0.039945 -0.043936 -0.213266 -0.008065 -0.076441 -0.100926 -0.353379 -0.166500 0.083374 0.007334 -0.187920 -0.123494
0.398835 1.000000 -0.003262 0.407837 -0.067535 -0.074113 -0.096921 0.177378 0.018350 0.120544 -0.062748 0.026231 -0.191221 -0.055420 -0.027567 0.017493 0.146485 0.064379 0.348535 0.389782 -0.069269 -0.287051 -0.091428 -0.044653 -0.139487 -0.380160 -0.017232 -0.004377 -0.189815 -0.059330 -0.271456 -0.256256 0.186228 0.067586 -0.048346 -0.241763 -0.289992 -0.126872 -0.170859 0.218463 -0.246011 -0.148161 -0.342612 -0.499269 -0.229263 -0.420998 -0.147045 -0.292673 0.081405 -0.084987 -0.072585 -0.138313 -0.013131 -0.257233 -0.126644 -0.284785 0.355696 0.637607 0.297162 0.408368 0.476765 0.377888 0.234247 0.541842 0.103787 -0.181532 0.032601 -0.290254 0.256970 0.189610 -0.217290 -0.233579 -0.192011 -0.057589 -0.190143 -0.123948 -0.301229 -0.053761 0.073929 0.142267 0.108213 0.128269 0.143339 -0.049344 -0.351552 -0.460653 -0.083906 -0.122200 0.095147 -0.034818 0.055901 -0.175794 -0.066339 -0.158294 -0.128111 -0.113833 -0.151615 -0.058098 -0.032263 -0.204909 -0.187564 -0.033244 -0.010927 -0.056939 -0.015373 0.098529 -0.108153 0.088350 -0.005797 0.071340 -0.341040 -0.134138 0.007723 -0.016755 -0.023939 -0.062074
0.507700 -0.003262 1.000000 0.227576 0.000331 -0.078286 0.711877 0.332448 0.313765 0.084105 0.080866 -0.199618 -0.051844 -0.152479 0.012714 -0.156781 -0.145383 -0.233351 0.258501 0.068569 -0.154814 -0.298747 0.607693 0.310442 -0.079399 -0.283847 0.007705 -0.013298 -0.494509 -0.627465 -0.148023 -0.121243 0.211113 0.303517 0.011643 0.207590 -0.367296 -0.365470 -0.010768 0.096031 -0.208384 -0.279797 -0.266354 -0.217402 0.297628 0.163427 -0.351581 -0.192332 0.380207 0.236840 0.341986 0.011193 -0.214141 -0.194625 -0.272241 -0.083970 0.078873 -0.030484 0.263168 -0.006282 0.442773 0.141053 0.067706 0.014653 0.483561 0.365697 0.290246 0.465746 -0.057112 0.165673 -0.371333 -0.387806 -0.586545 -0.447110 -0.360131 -0.382334 -0.507582 -0.211438 -0.204547 -0.323023 -0.327172 -0.352012 0.153381 -0.013303 -0.291747 -0.306843 -0.036831 -0.271335 -0.073184 0.071733 -0.136324 0.106506 -0.228842 0.091828 -0.188851 -0.325362 0.016165 -0.153184 -0.026226 -0.273468 0.111272 -0.017722 0.093761 -0.075751 -0.150467 -0.139946 -0.283269 -0.110176 -0.110025 -0.193928 -0.059246 -0.044372 -0.063171 -0.075092 -0.156751 -0.225403
0.189574 0.407837 0.227576 1.000000 0.051412 -0.133021 0.212628 0.537223 0.133494 0.296486 -0.167755 0.190370 -0.044898 0.237952 -0.179332 -0.136250 -0.099570 -0.009092 0.200406 0.310037 -0.246450 -0.297168 0.251984 0.538305 -0.056132 -0.077096 -0.095184 -0.111593 -0.220054 -0.307343 -0.147429 0.186636 0.032961 0.226300 -0.096995 0.106849 -0.348584 -0.137984 -0.115380 0.235000 -0.302809 -0.204965 -0.141613 -0.222908 -0.015995 -0.022289 -0.208168 -0.117599 0.180424 -0.009443 0.011765 -0.071802 -0.047158 -0.231362 -0.302761 -0.165883 0.090273 0.055382 0.155529 0.167333 0.182216 0.176754 0.000105 0.134867 0.088003 0.225116 0.012529 0.100472 0.206058 0.200822 -0.251661 -0.254083 -0.352377 -0.281003 -0.267369 -0.163644 -0.308837 -0.200325 0.042114 0.047425 -0.058289 -0.019096 0.276897 -0.004225 -0.225716 -0.330737 -0.133650 -0.175696 0.134314 -0.228333 0.105875 -0.144549 -0.045355 -0.025641 -0.168846 -0.244517 -0.104061 -0.017188 -0.107988 -0.198653 0.069532 -0.043849 0.019529 -0.143808 -0.042388 -0.092138 -0.144868 -0.123543 -0.112521 -0.062104 -0.202477 -0.086568 -0.151879 -0.113841 -0.231569 -0.354708
0.091072 -0.067535 0.000331 0.051412 1.000000 0.668577 -0.148896 -0.042449 0.354310 0.358742 -0.247905 -0.293816 -0.010687 -0.382405 0.529449 0.501823 -0.538053 -0.446654 -0.002509 -0.167373 0.677125 0.413219 0.003847 -0.064780 0.609294 0.441470 0.618453 0.519388 -0.157224 0.117323 0.182645 -0.259070 0.092240 -0.188679 0.252569 0.054909 -0.031910 -0.247198 -0.151229 -0.351965 0.172191 0.280293 -0.112599 0.124761 -0.041799 -0.056974 0.040052 0.040721 -0.255965 -0.011809 -0.237514 0.046551 0.117905 0.092569 0.076277 0.184973 -0.056018 -0.193584 0.238939 0.300263 -0.011345 0.157694 -0.297324 -0.165070 -0.157954 -0.089161 0.196152 -0.048867 0.174786 -0.087335 0.349398 0.209306 0.191071 0.324865 0.384093 0.406672 0.194063 0.156807 -0.405950 -0.310546 -0.318965 -0.226593 -0.141746 0.118052 0.103955 0.034180 -0.078357 -0.062319 0.073008 0.326518 -0.133095 -0.204761 -0.080553 0.132271 -0.316570 -0.231762 -0.095491 -0.369727 -0.400000 -0.076457 0.365714 0.084653 -0.077037 0.001866 -0.152255 -0.024316 0.208205 -0.109769 -0.240350 -0.141231 -0.209536 -0.465695 -0.007772 0.111490 -0.278280 -0.092205
0.069897 -0.074113 -0.078286 -0.133021 0.668577 1.000000 -0.288389 -0.092995 0.101236 0.419781 -0.342898 -0.370057 -0.324190 -0.458831 0.349358 0.645463 -0.626258 -0.546015 -0.027153 -0.244630 0.733864 0.526602 -0.087706 -0.239982 0.505453 0.499040 0.742131 0.835568 -0.318907 0.236770 0.194923 -0.388915 0.041871 -0.357742 0.322559 0.025868 0.106967 -0.253883 -0.111334 -0.317302 0.359045 0.394585 -0.332863 0.065377 -0.212131 -0.163619 0.026606 0.052753 -0.360586 -0.064197 -0.284612 0.045688 0.082088 -0.004195 0.116030 0.133776 0.065604 -0.178184 0.140177 0.320691 -0.021114 0.195758 -0.217916 -0.093869 -0.062816 -0.026747 0.141848 -0.097008 0.181497 -0.108865 0.370556 0.370454 0.192304 0.517840 0.396894 0.586384 0.244731 0.357817 -0.562172 -0.343671 -0.396585 -0.296488 -0.333385 0.226355 0.138707 0.146883 -0.274718 -0.154584 -0.037957 0.358549 -0.087274 -0.198199 0.113004 0.192277 -0.169849 -0.170518 -0.039776 -0.337276 -0.443899 -0.017188 0.278135 0.176759 -0.134338 0.151370 -0.006794 0.121045 0.321830 0.028455 -0.185959 -0.042098 -0.215492 -0.431532 0.073459 0.191461 -0.171951 0.108487
0.379343 -0.096921 0.711877 0.212628 -0.148896 -0.288389 1.000000 0.330506 0.075877 -0.109143 0.154570 -0.030005 0.204082 0.112966 -0.110503 -0.262178 -0.040942 0.047530 0.161851 0.147057 -0.269135 -0.314371 0.534420 0.409622 -0.448729 -0.452972 -0.122570 -0.199692 -0.198315 -0.467389 -0.278692 0.044447 0.115785 0.456625 -0.108726 0.060896 -0.323381 -0.157222 0.020253 0.162862 -0.160332 -0.144858 -0.105620 -0.235148 0.302063 0.125762 -0.321610 -0.210247 0.418994 0.248005 0.325451 -0.040644 -0.078655 -0.091958 -0.273142 -0.111648 -0.027154 0.008765 0.128299 -0.104080 0.456385 0.049589 0.211375 0.153114 0.392721 0.297440 0.120771 0.260832 -0.173949 0.049287 -0.485210 -0.413328 -0.407613 -0.503167 -0.385181 -0.462096 -0.509443 -0.321046 -0.005381 -0.145114 -0.113089 -0.171392 0.265902 -0.006080 -0.272243 -0.324812 0.176025 -0.125280 0.043043 0.041509 -0.115697 0.050432 -0.250707 -0.011098 -0.185728 -0.269995 -0.005388 -0.091790 0.023365 -0.278488 0.068188 -0.007136 0.100615 -0.116348 -0.202741 -0.268871 -0.274687 -0.168365 -0.098174 -0.154042 -0.117900 -0.019685 -0.143093 -0.133527 -0.169703 -0.237409
0.266639 0.177378 0.332448 0.537223 -0.042449 -0.092995 0.330506 1.000000 0.077992 0.199954 0.174129 0.489463 -0.006142 0.408509 -0.116949 -0.066559 -0.049355 -0.026233 -0.208712 -0.204789 -0.123540 -0.222980 0.438163 0.579430 -0.224711 -0.125646 0.078110 -0.087569 -0.192146 -0.120026 0.010009 0.127968 0.085679 0.300236 0.123163 0.252514 -0.308805 -0.392452 -0.243882 -0.059892 -0.282172 -0.255296 -0.329100 -0.305770 0.024600 0.124315 -0.283007 -0.165224 0.292024 0.220800 0.124554 0.214148 -0.225939 -0.240478 -0.450704 -0.359404 0.069612 -0.295598 -0.024496 -0.021425 0.357389 0.457150 0.185051 0.159812 0.370221 0.695900 -0.159709 0.281682 -0.327421 -0.108828 -0.242744 -0.135003 -0.182800 -0.207269 -0.065100 -0.133457 -0.212304 -0.198319 -0.203499 -0.165036 -0.290679 -0.103172 -0.035783 0.036742 -0.109153 -0.217060 -0.214600 -0.290502 -0.088245 -0.337461 -0.133348 -0.219797 0.059039 0.123168 -0.345128 -0.469653 -0.302350 -0.098805 -0.330501 -0.316196 0.108973 0.091356 -0.111687 -0.003536 -0.133053 -0.296966 -0.179574 -0.185736 -0.251921 -0.306513 -0.209725 -0.182706 -0.244082 -0.140788 -0.181235 -0.362368
0.236435 0.018350 0.313765 0.133494 0.354310 0.101236 0.075877 0.077992 1.000000 0.464540 -0.119890 -0.153055 0.091340 -0.021511 0.173743 0.201041 -0.064299 -0.156734 0.179350 0.131165 -0.095679 -0.302103 0.046696 0.065622 0.330568 0.022459 -0.030069 0.056222 -0.134856 -0.297960 0.001248 -0.122735 0.130161 0.050219 -0.073974 0.211990 0.119983 -0.247702 0.133445 0.098331 -0.074213 -0.161126 -0.035698 0.081199 -0.007830 0.104976 0.032775 0.147554 -0.092710 -0.131001 -0.135409 -0.152260 -0.061522 -0.145093 0.050438 0.056431 0.160583 -0.046086 0.196844 0.168585 0.036989 0.106686 -0.217693 -0.200510 -0.030619 0.016440 0.128256 0.261097 0.217673 0.302528 -0.051990 -0.310321 -0.296244 -0.235169 -0.133520 -0.113717 -0.095801 -0.094821 0.136082 -0.215614 -0.108598 -0.093030 0.144963 0.257248 -0.008130 -0.164519 -0.232886 -0.048582 0.154203 -0.121262 0.041710 -0.000589 -0.074710 -0.045774 -0.157592 -0.056623 -0.024457 0.097595 0.047190 0.084463 0.013554 -0.035453 0.101844 -0.011242 -0.079851 -0.023845 -0.293499 -0.216135 0.019185 -0.049611 0.001759 0.021647 0.080397 0.013342 -0.098603 -0.143264
0.159268 0.120544 0.084105 0.296486 0.358742 0.419781 -0.109143 0.199954 0.464540 1.000000 -0.257000 -0.054687 -0.223687 -0.014726 0.188313 0.419996 -0.266815 -0.248555 0.163156 0.081211 0.093470 -0.139796 -0.088052 0.072827 0.280134 0.152637 0.164996 0.222279 -0.214684 -0.071577 -0.018755 -0.176579 0.055654 -0.013828 -0.026099 0.173098 -0.039680 -0.254775 -0.106907 -0.127194 -0.020990 0.015273 -0.161188 -0.011040 -0.130872 0.059925 -0.118852 0.052992 -0.207736 -0.074674 -0.218737 -0.110661 -0.010452 -0.084272 -0.139597 -0.081989 0.189013 -0.049267 0.197557 0.271482 -0.002237 0.189628 -0.260876 -0.128458 -0.039130 0.133039 0.162718 0.223969 0.330955 0.246851 -0.032601 -0.173932 -0.223111 0.026313 -0.152911 0.053595 -0.061607 0.049764 -0.056556 -0.177569 -0.129055 -0.052572 0.018305 0.141683 -0.063529 -0.090810 -0.312728 -0.198798 0.026030 -0.125873 0.300860 0.117467 0.051039 0.164063 -0.237348 -0.242090 -0.050622 -0.214468 -0.113881 0.011009 0.291374 0.040904 0.119496 -0.031116 -0.153329 0.091977 0.041070 -0.113251 -0.077687 -0.002852 -0.203030 -0.243929 0.023683 0.054421 -0.171591 -0.203763
-0.158888 -0.062748 0.080866 -0.167755 -0.247905 -0.342898 0.154570 0.174129 -0.119890 -0.257000 1.000000 0.376610 0.456701 0.295039 0.090829 -0.062950 0.435633 0.187150 -0.375863 -0.236350 -0.100416 -0.031813 0.170514 0.019486 -0.286989 -0.153940 -0.127129 -0.335818 0.208085 0.109694 0.201627 0.206515 -0.160976 0.053577 0.130046 0.137248 -0.269910 -0.013335 -0.219008 -0.100264 -0.152280 -0.156627 0.050329 -0.065917 0.194926 0.178977 -0.171694 -0.065610 0.362575 0.261274 0.383620 0.241200 -0.211405 -0.009237 -0.191409 -0.243849 -0.325421 -0.167132 -0.176380 -0.358196 0.067564 -0.052283 0.294793 0.002676 0.299468 0.269874 -0.128293 0.096211 -0.399124 -0.070883 -0.064576 0.059121 0.094708 -0.019564 0.085906 -0.111579 -0.030234 0.006913 0.140245 0.150760 0.121917 0.191935 -0.226143 -0.247069 0.042430 -0.007527 -0.060363 -0.120003 -0.238247 -0.266861 -0.180450 -0.089287 -0.169235 -0.244930 0.000755 -0.039132 -0.146960 -0.060589 -0.034699 -0.223988 -0.071565 -0.232461 -0.141933 -0.190855 -0.051383 -0.130787 -0.061486 0.107347 -0.165179 -0.036183 0.135168 0.048665 -0.187350 -0.211322 0.148821 -0.067598
-0.181906 0.026231 -0.199618 0.190370 -0.293816 -0.370057 -0.030005 0.489463 -0.153055 -0.054687 0.376610 1.000000 0.136210 0.795811 -0.386184 -0.340163 0.464845 0.618858 -0.528548 -0.266742 -0.370638 -0.087986 0.109669 0.446130 -0.293675 0.044426 -0.357242 -0.315765 0.464758 0.332628 0.079111 0.547052 -0.392514 -0.077656 0.029580 0.198379 -0.041744 0.037316 -0.275972 -0.189992 -0.425628 -0.275533 0.158646 -0.021588 0.141613 0.254332 0.118404 0.009982 0.304967 0.161292 0.126939 0.257881 -0.184154 -0.046734 -0.359893 -0.479335 -0.184421 -0.311868 -0.472800 -0.405182 -0.071597 -0.036167 0.208221 0.101067 0.083689 0.369646 -0.501499 -0.001514 -0.507265 -0.307671 -0.032760 0.163107 0.135980 -0.119850 -0.034414 -0.116836 0.166520 -0.263192 0.309927 0.486399 0.139757 0.457572 -0.023910 0.053935 0.227636 0.248898 -0.143628 -0.238629 -0.137424 -0.517062 -0.051102 -0.104741 0.052888 -0.102577 0.052121 -0.027462 -0.185295 0.100312 0.066443 -0.121083 -0.246518 -0.096692 -0.142726 -0.097797 -0.130213 -0.290072 -0.068387 -0.185539 -0.009494 -0.137938 0.146894 0.163530 -0.191527 -0.119965 0.237135 -0.123427
-0.231030 -0.191221 -0.051844 -0.044898 -0.010687 -0.324190 0.204082 -0.006142 0.091340 -0.223687 0.456701 0.136210 1.000000 0.329815 0.079001 -0.090397 0.185995 0.119825 -0.159766 -0.096055 -0.175755 -0.144603 -0.138634 -0.004040 -0.152357 -0.021851 -0.231876 -0.349259 0.350254 0.044830 0.288865 0.377692 0.024099 0.308086 -0.090724 0.120210 -0.062073 0.090228 -0.113269 -0.104936 0.049492 -0.072646 0.183531 -0.006609 -0.081483 -0.000324 -0.011981 0.086838 -0.132587 -0.196878 -0.090118 -0.198664 0.085674 0.109758 0.039263 0.034168 -0.325702 -0.239490 0.134281 -0.041461 -0.116962 -0.017496 0.001305 -0.169286 -0.295741 -0.130984 0.066527 0.146452 -0.195747 0.052416 0.150482 -0.007341 0.213252 -0.098137 0.104064 -0.117015 0.014533 -0.003463 0.219883 0.105861 0.185074 0.151203 0.035310 -0.129319 -0.016536 0.049724 0.185196 0.231360 0.031916 -0.090467 -0.003100 0.088936 -0.125301 -0.135459 -0.064385 -0.049770 0.196625 0.019035 0.166635 0.020359 0.035273 -0.162547 0.105681 -0.158057 -0.189046 -0.302692 -0.049108 -0.138485 0.009118 -0.130324 0.160599 0.058839 -0.078325 -0.074028 -0.133696 -0.161726
-0.227746 -0.055420 -0.152479 0.237952 -0.382405 -0.458831 0.112966 0.408509 -0.021511 -0.014726 0.295039 0.795811 0.329815 1.000000 -0.421263 -0.328275 0.400219 0.627396 -0.330056 -0.170368 -0.516461 -0.286385 -0.041559 0.372933 -0.351853 -0.045213 -0.487638 -0.448208 0.409823 0.189921 -0.016259 0.561263 -0.263849 0.136285 -0.073725 0.097510 -0.000005 0.046815 -0.211124 -0.102595 -0.323528 -0.336650 0.215482 -0.033477 0.076515 0.208515 0.088705 0.004962 0.135318 0.030429 0.066063 0.016612 -0.063637 -0.033522 -0.257215 -0.302776 -0.198652 -0.284725 -0.253126 -0.273878 -0.077514 0.009222 0.189012 0.045976 -0.059005 0.233700 -0.277798 0.059972 -0.374466 -0.157747 -0.174203 -0.009386 0.091725 -0.203564 -0.157017 -0.258866 0.041263 -0.244840 0.415447 0.483143 0.183834 0.408720 0.003313 -0.056247 0.126671 0.128950 -0.076261 -0.053525 -0.025137 -0.439788 0.032410 0.065785 0.008749 0.007001 0.049141 -0.012913 0.029736 0.126280 0.186149 -0.021348 -0.299660 0.003650 0.053920 -0.023829 -0.176783 -0.354220 -0.146108 -0.253225 0.056614 -0.094783 0.122878 0.183634 -0.158322 -0.044398 0.168582 -0.208257
-0.042839 -0.027567 0.012714 -0.179332 0.529449 0.349358 -0.110503 -0.116949 0.173743 0.188313 0.090829 -0.386184 0.079001 -0.421263 1.000000 0.602162 -0.345183 -0.502924 0.112122 0.016167 0.520428 0.239591 -0.027928 -0.265734 0.298155 0.078936 0.554924 0.283786 -0.137502 0.185662 0.175523 -0.316201 0.342622 0.049171 0.216388 -0.082610 0.097365 -0.013432 -0.022561 -0.196941 0.392694 0.503450 -0.123575 -0.134140 -0.254469 -0.204643 -0.068330 -0.078883 -0.301445 -0.160321 -0.134588 -0.017185 0.235920 0.274889 0.174784 0.189359 -0.078642 0.005310 0.192274 0.146539 -0.103366 0.095058 -0.298426 -0.249526 -0.004287 -0.091568 0.210734 -0.033940 0.234288 0.120804 0.180389 0.064874 0.131728 0.335125 0.251513 0.234584 0.050716 0.367121 -0.330217 -0.394887 -0.180708 -0.335627 0.001322 -0.010852 0.094097 0.016422 0.124440 0.099842 0.025184 0.289267 -0.185549 0.004487 -0.235546 0.009190 -0.175756 -0.243414 0.049425 -0.397373 -0.256852 -0.118887 0.449151 -0.084830 0.048613 -0.125504 -0.288928 -0.044986 0.137924 -0.003104 -0.319616 -0.018657 -0.240273 -0.413897 -0.013954 -0.068557 -0.350763 -0.164596
0.063681 0.017493 -0.156781 -0.136250 0.501823 0.645463 -0.262178 -0.066559 0.201041 0.419996 -0.062950 -0.340163 -0.090397 -0.328275 0.602162 1.000000 -0.476147 -0.539534 0.064604 -0.079738 0.621274 0.382825 -0.201992 -0.344036 0.271849 0.292037 0.612063 0.501393 -0.176440 0.299623 0.217143 -0.355388 0.247308 -0.108381 0.089768 -0.062038 0.094336 -0.020902 -0.025481 -0.120745 0.398907 0.535130 -0.277010 0.005717 -0.353891 -0.279699 -0.085126 0.004485 -0.367320 -0.134453 -0.230598 0.003586 0.206846 0.158260 0.108670 0.154947 0.086829 -0.075791 0.170893 0.290670 -0.030309 0.274618 -0.259805 -0.180653 -0.141349 -0.055785 0.080271 -0.139468 0.224831 0.052913 0.339927 0.247935 0.246350 0.546661 0.429302 0.537075 0.250389 0.553857 -0.363582 -0.370028 -0.243940 -0.240182 -0.243706 0.237520 0.026946 0.006040 -0.181062 0.023546 -0.005738 0.204757 -0.223670 -0.168527 -0.042502 0.128352 -0.298445 -0.202328 -0.181127 -0.366080 -0.474454 -0.170703 0.348035 0.110042 -0.084561 0.050873 -0.077162 -0.003059 0.089865 -0.028914 -0.351462 -0.075770 -0.336463 -0.423403 -0.066121 -0.005132 -0.313595 -0.097709
-0.242240 0.146485 -0.145383 -0.099570 -0.538053 -0.626258 -0.040942 -0.049355 -0.064299 -0.266815 0.435633 0.464845 0.185995 0.400219 -0.345183 -0.476147 1.000000 0.741301 -0.214943 0.077848 -0.497723 -0.237344 0.002113 0.083003 -0.320584 -0.281698 -0.566151 -0.559669 0.558881 0.147501 0.053058 0.385511 -0.419974 -0.160715 -0.094571 0.000343 -0.131793 0.221699 -0.113737 0.150764 -0.244726 -0.365456 0.243961 -0.086337 0.240196 0.164922 -0.117753 -0.025946 0.369475 0.111511 0.371317 0.028957 -0.251177 -0.009031 -0.223570 -0.419424 -0.090109 0.172874 -0.388663 -0.407116 -0.040942 -0.365521 0.401032 0.225585 0.230456 -0.099943 -0.383886 -0.101929 -0.209148 0.021668 -0.093703 -0.035176 0.079597 -0.235739 -0.213726 -0.419059 -0.120164 -0.180935 0.712440 0.640155 0.628151 0.611499 0.133375 -0.153966 0.063479 0.082140 0.014943 -0.020682 -0.138865 -0.324630 0.068352 0.086956 -0.092795 -0.432676 0.145486 0.209248 -0.141542 0.152553 0.330549 -0.000874 -0.493235 -0.392831 -0.069537 -0.202719 0.009968 0.018101 -0.223609 0.020540 0.091611 0.111872 0.291297 0.417276 -0.121482 -0.173834 0.371543 -0.001484
-0.212407 0.064379 -0.233351 -0.009092 -0.446654 -0.546015 0.047530 -0.026233 -0.156734 -0.248555 0.187150 0.618858 0.119825 0.627396 -0.502924 -0.539534 0.741301 1.000000 -0.277497 -0.007317 -0.523662 -0.141870 0.042578 0.269598 -0.324185 -0.103509 -0.548383 -0.463451 0.604813 0.276369 -0.096445 0.492240 -0.455361 -0.116740 -0.077413 -0.090556 -0.013112 0.184535 -0.206902 -0.013219 -0.403343 -0.348259 0.369130 0.016505 0.247855 0.137007 0.088612 -0.117024 0.305193 0.073213 0.282647 0.032439 -0.062656 0.021006 -0.255886 -0.428545 -0.106048 0.139982 -0.443154 -0.462898 -0.018513 -0.342286 0.328331 0.296488 0.099972 -0.109130 -0.487411 -0.295254 -0.279706 -0.197237 -0.162275 0.022033 0.165176 -0.178780 -0.209492 -0.340379 0.049534 -0.240037 0.677760 0.805289 0.509116 0.717007 0.055582 -0.149602 0.188133 0.212201 0.003888 -0.081748 -0.081956 -0.308569 0.038648 0.046951 -0.091763 -0.275929 0.161356 0.194315 -0.052556 0.103721 0.321621 -0.040091 -0.459443 -0.235556 -0.081432 -0.136017 -0.048393 -0.130878 -0.159903 -0.154720 0.153505 0.012406 0.170515 0.278005 -0.138993 -0.119952 0.345821 -0.024777
0.472330 0.348535 0.258501 0.200406 -0.002509 -0.027153 0.161851 -0.208712 0.179350 0.163156 -0.375863 -0.528548 -0.159766 -0.330056 0.112122 0.064604 -0.214943 -0.277497 1.000000 0.688130 -0.081071 -0.424306 -0.228777 -0.296928 0.004804 -0.476027 -0.005008 -0.049150 -0.368938 -0.341235 -0.379909 -0.385210 0.442179 0.277871 -0.278978 -0.255549 -0.045223 -0.121452 0.188970 0.298113 0.081858 0.052059 -0.199040 -0.242546 -0.135897 -0.350980 -0.109657 -0.138340 -0.158411 -0.146050 -0.270991 -0.408544 0.165052 -0.051826 0.163020 0.136558 0.417504 0.389551 0.540922 0.443153 0.264970 0.169628 -0.066669 0.162554 -0.155010 -0.322175 0.508746 -0.087999 0.653392 0.442206 -0.300812 -0.474697 -0.300408 -0.133407 -0.292151 -0.175540 -0.273721 -0.009461 -0.013523 -0.235370 0.055331 -0.155642 0.258713 0.012753 -0.535313 -0.458142 0.102559 0.065094 0.133283 0.344380 0.085393 0.202961 -0.177859 0.109883 0.007224 -0.114591 0.252904 -0.088303 0.133425 0.034817 0.091923 0.181935 0.404975 0.090218 0.052547 0.138959 -0.127219 0.088648 -0.002131 0.222003 -0.317205 -0.074069 0.222618 0.131171 -0.173792 -0.119684
0.259834 0.389782 0.068569 0.310037 -0.167373 -0.244630 0.147057 -0.204789 0.131165 0.081211 -0.236350 -0.266742 -0.096055 -0.170368 0.016167 -0.079738 0.077848 -0.007317 0.688130 1.000000 -0.336336 -0.502435 -0.172493 -0.070831 -0.191665 -0.529246 -0.242677 -0.208685 -0.076864 -0.298282 -0.373732 -0.200425 0.176550 0.227404 -0.376875 -0.097626 -0.016052 0.192121 0.205895 0.422184 -0.007647 0.084658 -0.038863 -0.162042 -0.033320 -0.154140 -0.074185 0.044604 0.045485 -0.150720 -0.194840 -0.367647 0.088923 -0.043322 0.021576 -0.005903 0.358510 0.460019 0.184362 0.206092 0.053516 -0.136696 -0.068309 0.103046 -0.118390 -0.334157 0.117133 -0.064085 0.660565 0.663041 -0.317165 -0.498634 -0.330777 -0.273790 -0.408823 -0.260089 -0.364453 -0.121773 0.290219 -0.018467 0.316634 0.040218 0.526153 0.192724 -0.434591 -0.361500 0.156804 0.070391 0.166991 0.065163 0.218808 0.193565 -0.198566 -0.191158 0.177120 0.066242 0.166690 0.180176 0.353286 0.113882 -0.081337 -0.076601 0.333976 -0.131010 -0.023765 0.189137 -0.191273 0.064558 0.139291 0.370607 -0.066574 0.181198 0.172736 -0.009564 -0.090258 -0.115887
-0.060258 -0.069269 -0.154814 -0.246450 0.677125 0.733864 -0.269135 -0.123540 -0.095679 0.093470 -0.100416 -0.370638 -0.175755 -0.516461 0.520428 0.621274 -0.497723 -0.523662 -0.081071 -0.336336 1.000000 0.714873 0.001852 -0.300324 0.434391 0.397417 0.857137 0.582843 -0.171192 0.385258 0.367302 -0.302792 0.051513 -0.328524 0.440028 -0.134236 -0.047725 -0.224341 -0.223437 -0.390172 0.490230 0.411244 -0.283076 0.036174 -0.174125 -0.223484 -0.053436 -0.020827 -0.278868 0.056707 -0.089605 0.239131 0.067498 0.204529 0.046137 0.213005 -0.077872 -0.132614 0.031094 0.144181 0.000039 0.134370 -0.043782 0.011948 0.044814 -0.055139 0.028180 -0.301808 -0.001799 -0.296770 0.501928 0.501255 0.481956 0.723265 0.683574 0.699758 0.334809 0.505906 -0.607938 -0.301184 -0.307976 -0.200397 -0.438967 -0.106930 0.167499 0.138333 -0.100891 -0.048732 -0.178237 0.329946 -0.306007 -0.256756 0.045281 0.208873 -0.270540 -0.213103 -0.251888 -0.470687 -0.631817 -0.121003 0.285463 0.218045 -0.272367 0.189494 0.010047 0.037362 0.324795 0.082180 -0.386841 -0.085347 -0.302016 -0.472783 -0.069941 0.134262 -0.194057 0.100911
-0.365935 -0.287051 -0.298747 -0.297168 0.413219 0.526602 -0.314371 -0.222980 -0.302103 -0.139796 -0.031813 -0.087986 -0.144603 -0.286385 0.239591 0.382825 -0.237344 -0.141870 -0.424306 -0.502435 0.714873 1.000000 0.099984 -0.192512 0.384929 0.674166 0.511785 0.381123 0.170063 0.508790 0.490171 0.143647 -0.178424 -0.406329 0.324379 -0.125859 -0.002298 0.143672 -0.195040 -0.304605 0.310959 0.350586 0.050127 0.257877 -0.076688 -0.086399 0.033093 0.001264 -0.192137 0.006123 0.169465 0.352995 0.107822 0.310513 -0.068002 0.170076 -0.326916 -0.211791 -0.358412 -0.243066 -0.265685 -0.133223 -0.082596 -0.123327 0.025492 -0.008165 -0.314338 -0.348340 -0.251060 -0.530569 0.612657 0.774407 0.560280 0.694654 0.619931 0.665115 0.424605 0.471182 -0.311823 0.064571 -0.056486 0.017930 -0.410179 -0.202407 0.473632 0.461963 -0.112186 -0.016798 -0.346240 0.176989 -0.359579 -0.298203 -0.010621 0.008826 -0.118235 0.072647 -0.297592 -0.346359 -0.522250 -0.229070 0.093903 -0.070158 -0.504740 -0.036215 0.161272 -0.073159 0.280803 -0.009563 -0.297499 -0.206507 -0.009727 -0.230271 -0.219549 -0.108289 -0.060255 0.138325
0.160109 -0.091428 0.607693 0.251984 0.003847 -0.087706 0.534420 0.438163 0.046696 -0.088052 0.170514 0.109669 -0.138634 -0.041559 -0.027928 -0.201992 0.002113 0.042578 -0.228777 -0.172493 0.001852 0.099984 1.000000 0.675204 -0.058801 0.021390 0.097900 0.022593 -0.181403 -0.260700 0.136271 0.163390 -0.135792 0.067911 0.310285 0.230469 -0.348841 -0.310870 -0.183499 -0.019290 -0.253299 -0.262540 -0.136621 -0.042002 0.402194 0.283740 -0.376389 -0.179783 0.556872 0.403928 0.575675 0.360625 -0.307758 -0.136548 -0.479678 -0.227555 -0.119667 -0.158980 -0.249363 -0.379409 0.299707 -0.077901 0.258741 0.177844 0.747434 0.518927 -0.242928 0.194304 -0.315073 -0.116480 -0.183390 -0.063698 -0.236300 -0.181567 -0.020267 -0.128598 -0.236239 -0.124658 -0.162596 -0.056963 -0.239223 -0.142016 0.066315 -0.119665 0.058481 -0.072705 -0.048065 -0.264284 -0.225961 -0.206341 -0.260086 -0.220589 -0.107526 -0.023306 -0.284267 -0.316633 -0.319650 -0.179492 -0.332381 -0.446642 0.074922 -0.196077 -0.305337 -0.128610 -0.055708 -0.109813 -0.169482 -0.112211 -0.223501 -0.356545 -0.034663 -0.115104 -0.274047 -0.196157 -0.129646 -0.224365
0.023185 -0.044653 0.310442 0.538305 -0.064780 -0.239982 0.409622 0.579430 0.065622 0.072827 0.019486 0.446130 -0.004040 0.372933 -0.265734 -0.344036 0.083003 0.269598 -0.296928 -0.070831 -0.300324 -0.192512 0.675204 1.000000 -0.140103 0.071696 -0.146680 -0.095592 0.060380 -0.196357 -0.028027 0.386505 -0.226295 0.168434 0.130887 0.324414 -0.218773 -0.172441 -0.199657 -0.053097 -0.412998 -0.315747 0.036939 -0.025182 0.305748 0.369794 -0.134110 -0.013012 0.402690 0.251889 0.260157 0.182774 -0.186768 -0.100957 -0.475899 -0.277765 -0.123141 -0.214104 -0.232753 -0.276533 0.132406 -0.064232 0.150036 0.110415 0.407894 0.446780 -0.284425 0.270809 -0.310265 -0.011569 -0.233835 -0.167719 -0.218302 -0.362059 -0.156392 -0.233408 -0.180843 -0.318495 0.087893 0.131939 -0.162594 0.042406 0.186403 0.068715 0.117726 0.022863 -0.068724 -0.154802 0.008272 -0.370202 -0.036163 -0.121725 -0.009635 -0.014822 -0.198540 -0.281193 -0.204609 -0.032093 -0.146900 -0.282136 -0.017184 -0.152176 -0.187121 -0.129939 -0.205353 -0.168481 -0.202688 -0.271298 -0.052354 -0.270690 -0.028160 -0.053381 -0.240995 -0.176621 -0.134783 -0.365487
-0.113374 -0.139487 -0.079399 -0.056132 0.609294 0.505453 -0.448729 -0.224711 0.330568 0.280134 -0.286989 -0.293675 -0.152357 -0.351853 0.298155 0.271849 -0.320584 -0.324185 0.004804 -0.191665 0.434391 0.384929 -0.058801 -0.140103 1.000000 0.604958 0.268993 0.311217 -0.145908 0.068668 0.354427 -0.141566 0.028153 -0.187853 0.239918 -0.010531 0.225095 -0.089057 0.076012 -0.218192 0.108782 0.054840 0.056062 0.208273 -0.014542 -0.025538 0.197059 0.046975 -0.277415 -0.094836 -0.188503 0.070171 -0.012211 0.037757 0.201468 0.250433 -0.063012 -0.227634 0.114417 0.179262 -0.160102 0.082318 -0.204770 -0.205030 -0.130943 -0.111100 0.136351 0.001562 0.194899 -0.044348 0.370640 0.260164 0.191831 0.323749 0.346278 0.412390 0.361308 0.183013 -0.200427 -0.206980 -0.140792 -0.143123 -0.172358 -0.008984 0.186822 0.187767 -0.094145 0.155413 -0.093963 0.127469 -0.110193 -0.167587 -0.014059 0.050430 -0.062601 0.045617 -0.003956 -0.083426 -0.258539 0.020038 0.183265 -0.079896 -0.060603 0.018232 0.088950 0.076196 0.073192 -0.073842 0.036668 -0.066870 -0.032975 -0.218026 0.026752 0.063547 -0.150515 -0.030250
-0.414981 -0.380160 -0.283847 -0.077096 0.441470 0.499040 -0.452972 -0.125646 0.022459 0.152637 -0.153940 0.044426 -0.021851 -0.045213 0.078936 0.292037 -0.281698 -0.103509 -0.476027 -0.529246 0.397417 0.674166 0.021390 0.071696 0.604958 1.000000 0.240247 0.363565 0.221907 0.340941 0.456817 0.296326 -0.238812 -0.345085 0.275273 0.175747 0.169175 0.078698 -0.182887 -0.378172 0.093136 0.114943 0.222682 0.445370 -0.099928 0.113562 0.234511 0.191560 -0.377267 -0.207166 -0.068687 0.149166 0.092674 0.213909 -0.060981 0.195333 -0.327266 -0.422896 -0.268912 -0.190950 -0.432938 -0.131357 -0.315508 -0.363929 -0.197563 0.029154 -0.219489 -0.035497 -0.194908 -0.362102 0.605808 0.639536 0.450632 0.485543 0.527578 0.594452 0.542224 0.339547 -0.160878 0.087780 -0.138312 0.075255 -0.323259 -0.055405 0.583750 0.581915 -0.218468 0.063246 -0.141813 -0.005275 -0.152109 -0.151372 0.096998 0.152238 -0.083754 0.027271 -0.107136 -0.181110 -0.352472 -0.073388 0.107211 -0.032044 -0.363108 0.022115 0.073563 -0.050412 0.224821 -0.176649 -0.121819 -0.256192 0.138381 -0.189574 -0.149204 0.012234 -0.089555 0.030135
0.071477 -0.017232 0.007705 -0.095184 0.618453 0.742131 -0.122570 0.078110 -0.030069 0.164996 -0.127129 -0.357242 -0.231876 -0.487638 0.554924 0.612063 -0.566151 -0.548383 -0.005008 -0.242677 0.857137 0.511785 0.097900 -0.146680 0.268993 0.240247 1.000000 0.710814 -0.326425 0.295628 0.203640 -0.402934 0.109115 -0.238382 0.434664 -0.036966 -0.051876 -0.358150 -0.202539 -0.346572 0.438230 0.429897 -0.418861 -0.111124 -0.245886 -0.268782 -0.095088 -0.046152 -0.221919 0.021943 -0.138441 0.166290 0.123970 0.092531 0.028954 0.091283 0.047084 -0.088601 0.132299 0.206932 0.126139 0.208194 -0.054659 0.039086 0.149208 0.062577 0.070341 -0.223482 0.065637 -0.131043 0.292406 0.299963 0.254307 0.548025 0.489122 0.516463 0.144701 0.403393 -0.656999 -0.418563 -0.406094 -0.337066 -0.403206 0.013599 0.080814 0.052434 -0.175593 -0.217198 -0.057741 0.375086 -0.319261 -0.249048 0.054892 0.196883 -0.247076 -0.338398 -0.152916 -0.471047 -0.608407 -0.108701 0.285054 0.260690 -0.245003 0.183466 -0.060574 0.059369 0.230551 0.076700 -0.425055 -0.031546 -0.390237 -0.491406 -0.056712 0.084206 -0.270722 -0.011362
0.137565 -0.004377 -0.013298 -0.111593 0.519388 0.835568 -0.199692 -0.087569 0.056222 0.222279 -0.335818 -0.315765 -0.349259 -0.448208 0.283786 0.501393 -0.559669 -0.463451 -0.049150 -0.208685 0.582843 0.381123 0.022593 -0.095592 0.311217 0.363565 0.710814 1.000000 -0.340227 0.133532 0.027402 -0.444769 -0.008055 -0.352791 0.368404 0.050566 0.182853 -0.299797 -0.029012 -0.260593 0.256196 0.342018 -0.299935 0.104205 -0.156824 -0.156948 0.128985 0.098933 -0.205926 0.014767 -0.248498 0.122899 0.041296 -0.132016 0.180177 0.088762 0.113974 -0.052252 0.151130 0.296612 0.057224 0.115165 -0.153229 -0.020269 0.016996 -0.029410 0.110714 -0.124448 0.129115 -0.064857 0.213789 0.216237 0.069478 0.324205 0.346847 0.453132 0.213161 0.162852 -0.516959 -0.330540 -0.498591 -0.331171 -0.193005 0.335827 0.142308 0.137227 -0.227058 -0.151493 0.187523 0.286886 -0.086526 -0.267000 0.228231 0.177775 -0.166298 -0.147171 -0.006304 -0.198731 -0.389120 0.054280 0.176911 0.215461 -0.184391 0.235232 -0.024108 0.160315 0.252735 0.011654 -0.065403 -0.062728 -0.202505 -0.354107 0.169092 0.241882 -0.132623 0.168611
-0.539835 -0.189815 -0.494509 -0.220054 -0.157224 -0.318907 -0.198315 -0.192146 -0.134856 -0.214684 0.208085 0.464758 0.350254 0.409823 -0.137502 -0.176440 0.558881 0.604813 -0.368938 -0.076864 -0.171192 0.170063 -0.181403 0.060380 -0.145908 0.221907 -0.326425 -0.340227 1.000000 0.505493 0.215214 0.586995 -0.342832 -0.163264 0.019777 0.065645 0.130130 0.399589 -0.263793 -0.235369 -0.039131 -0.062628 0.461873 0.257471 0.039490 0.122003 0.195886 0.216179 -0.112585 -0.148911 -0.018714 0.014302 0.110342 0.364918 -0.224147 -0.229361 -0.307665 -0.175866 -0.531695 -0.487486 -0.451447 -0.417281 -0.018139 -0.113657 -0.215015 -0.189987 -0.500262 -0.208042 -0.242776 -0.175559 0.370182 0.321453 0.614380 0.170996 0.194679 0.049179 0.320482 0.108291 0.567622 0.598196 0.534268 0.623983 0.072666 -0.091354 0.383851 0.511770 0.132838 0.134195 -0.137991 -0.231112 -0.082385 0.125957 -0.084988 -0.221739 0.185427 0.193940 -0.060521 -0.008671 0.176717 0.003144 -0.302911 -0.179949 -0.134031 -0.117948 -0.146181 -0.154161 -0.039781 -0.241299 0.034759 0.003296 0.314347 0.277797 -0.126317 -0.082067 0.196591 -0.029296
-0.460717 -0.059330 -0.627465 -0.307343 0.117323 0.236770 -0.467389 -0.120026 -0.297960 -0.071577 0.109694 0.332628 0.044830 0.189921 0.185662 0.299623 0.147501 0.276369 -0.341235 -0.298282 0.385258 0.508790 -0.260700 -0.196357 0.068668 0.340941 0.295628 0.133532 0.505493 1.000000 0.366300 0.181756 -0.198969 -0.374556 0.311275 -0.178331 0.219561 0.147121 -0.406377 -0.481992 0.290476 0.346337 0.119379 -0.021158 -0.265793 -0.258884 0.205845 -0.086954 -0.274225 -0.124997 -0.091879 0.161874 0.193259 0.410407 -0.059302 -0.212178 -0.282065 -0.183513 -0.436312 -0.252916 -0.283740 -0.099504 0.098074 0.048631 -0.098146 -0.172838 -0.432099 -0.574626 -0.268587 -0.423150 0.421944 0.581462 0.742469 0.695209 0.521658 0.473568 0.498845 0.450172 0.016843 0.401037 0.212043 0.437492 -0.444644 -0.047939 0.417693 0.565036 -0.138099 -0.066751 -0.314422 -0.021231 -0.253852 -0.034420 0.040788 0.000005 0.053984 -0.043587 -0.056825 -0.320351 -0.191380 -0.055062 -0.078936 0.006317 -0.211114 0.031017 -0.118586 -0.139003 0.233699 -0.097754 -0.275307 -0.051981 -0.064466 -0.100701 -0.099784 0.035496 0.113624 0.044583
-0.407155 -0.271456 -0.148023 -0.147429 0.182645 0.194923 -0.278692 0.010009 0.001248 -0.018755 0.201627 0.079111 0.288865 -0.016259 0.175523 0.217143 0.053058 -0.096445 -0.379909 -0.373732 0.367302 0.490171 0.136271 -0.028027 0.354427 0.456817 0.203640 0.027402 0.215214 0.366300 1.000000 0.449313 -0.163453 -0.157151 0.341140 0.145690 -0.071602 -0.073629 -0.290546 -0.405612 0.300449 0.043602 -0.001272 0.146964 -0.025738 0.073303 -0.075334 0.111836 -0.125877 -0.016722 0.119093 0.285445 -0.152344 0.188637 -0.173374 -0.082653 -0.271323 -0.469196 -0.288384 -0.263351 -0.323845 -0.114710 0.040232 -0.150851 0.085752 0.092262 -0.250628 0.028215 -0.213516 -0.153716 0.595433 0.580438 0.434466 0.493452 0.549829 0.446132 0.348711 0.396035 -0.136965 0.059023 0.019342 0.084610 -0.300075 -0.198838 0.235614 0.331290 -0.119223 0.010513 -0.440935 -0.245603 -0.290539 -0.191164 0.029602 -0.062562 -0.144428 -0.179962 -0.116249 -0.197337 -0.311552 -0.128210 0.131555 -0.177615 -0.223032 -0.039220 0.008389 -0.163786 0.160319 -0.068423 -0.221976 -0.295342 0.124380 -0.098295 -0.217149 -0.029372 -0.154934 -0.119366
-0.443861 -0.256256 -0.121243 0.186636 -0.259070 -0.388915 0.044447 0.127968 -0.122735 -0.176579 0.206515 0.547052 0.377692 0.561263 -0.316201 -0.355388 0.385511 0.492240 -0.385210 -0.200425 -0.302792 0.143647 0.163390 0.386505 -0.141566 0.296326 -0.402934 -0.444769 0.586995 0.181756 0.449313 1.000000 -0.374387 -0.022667 -0.028365 0.203494 -0.163195 0.175864 -0.312082 -0.185456 -0.193084 -0.225983 0.335610 0.210785 0.101140 0.292865 0.013641 0.177547 0.044386 -0.065840 0.204536 0.126177 -0.065710 0.220648 -0.393300 -0.184311 -0.354767 -0.371771 -0.444661 -0.513461 -0.390528 -0.359072 -0.018145 -0.151504 -0.062779 0.097305 -0.388000 0.076403 -0.342510 -0.187479 0.299290 0.388540 0.245398 0.022941 0.074423 0.016964 0.154726 0.031961 0.374848 0.541781 0.326353 0.460583 0.053800 -0.292115 0.326015 0.375874 -0.037161 -0.032303 -0.265478 -0.364779 -0.129883 0.055990 -0.113158 -0.125197 0.036976 -0.052052 -0.051990 -0.038608 0.064826 -0.152462 -0.192335 -0.210997 -0.210529 -0.183705 -0.048223 -0.368526 -0.009918 -0.229600 -0.111673 -0.223175 0.300703 0.199751 -0.333720 -0.241881 -0.052057 -0.231509
0.378777 0.186228 0.211113 0.032961 0.092240 0.041871 0.115785 0.085679 0.130161 0.055654 -0.160976 -0.392514 0.024099 -0.263849 0.342622 0.247308 -0.419974 -0.455361 0.442179 0.176550 0.051513 -0.178424 -0.135792 -0.226295 0.028153 -0.238812 0.109115 -0.008055 -0.342832 -0.198969 -0.163453 -0.374387 1.000000 0.684262 -0.072819 -0.262577 0.051428 -0.086086 0.095789 0.064783 0.178101 0.168145 -0.164395 -0.255486 -0.306940 -0.375375 -0.030275 -0.234386 -0.326248 -0.300872 -0.291686 -0.288736 0.239168 0.030728 0.222043 0.205931 0.256819 0.130379 0.479126 0.374341 0.192364 0.638757 -0.234174 -0.139525 -0.157829 0.047572 0.421906 0.157003 0.191920 0.091210 -0.203724 -0.340566 -0.160893 -0.080690 -0.122639 -0.108474 -0.207436 -0.001711 -0.229905 -0.467935 -0.175294 -0.464624 -0.009621 0.054932 -0.222582 -0.271788 0.109502 0.199607 0.053151 0.161947 -0.113338 0.061144 -0.126914 0.117891 -0.104754 -0.126351 0.168039 -0.076474 -0.027621 -0.094879 0.344229 0.140567 0.303982 -0.002953 -0.178877 -0.186463 -0.142505 -0.145521 -0.089590 -0.069133 -0.266831 -0.160624 0.127749 0.008922 -0.274302 -0.183679
0.300979 0.067586 0.303517 0.226300 -0.188679 -0.357742 0.456625 0.300236 0.050219 -0.013828 0.053577 -0.077656 0.308086 0.136285 0.049171 -0.108381 -0.160715 -0.116740 0.277871 0.227404 -0.328524 -0.406329 0.067911 0.168434 -0.187853 -0.345085 -0.238382 -0.352791 -0.163264 -0.374556 -0.157151 -0.022667 0.684262 1.000000 -0.211340 -0.048247 -0.124906 -0.056877 0.085925 0.105120 -0.063600 -0.068560 -0.049816 -0.196842 -0.006699 -0.056944 -0.217591 -0.156063 -0.002715 -0.099438 -0.110277 -0.234473 0.043568 -0.140050 -0.007562 0.042739 0.152514 0.051254 0.351729 0.164046 0.271137 0.486970 -0.016437 -0.001875 -0.047547 0.271730 0.282065 0.354191 0.041342 0.185998 -0.415834 -0.520841 -0.253476 -0.395780 -0.300854 -0.368468 -0.312412 -0.275294 0.059347 -0.298958 -0.005090 -0.306061 0.205953 -0.064694 -0.322570 -0.360988 0.235983 0.268608 0.085105 -0.134679 -0.040980 0.008584 -0.192820 -0.007296 -0.111606 -0.152780 0.090808 0.106539 0.068764 -0.150299 0.257830 0.008083 0.323930 -0.109381 -0.134141 -0.311328 -0.243027 -0.227449 0.063593 -0.173957 -0.116815 -0.039281 -0.019168 -0.079296 -0.253605 -0.282964
-0.258248 -0.048346 0.011643 -0.096995 0.252569 0.322559 -0.108726 0.123163 -0.073974 -0.026099 0.130046 0.029580 -0.090724 -0.073725 0.216388 0.089768 -0.094571 -0.077413 -0.278978 -0.376875 0.440028 0.324379 0.310285 0.130887 0.239918 0.275273 0.434664 0.368404 0.019777 0.311275 0.341140 -0.028365 -0.072819 -0.211340 1.000000 0.225139 -0.112213 -0.434096 -0.425836 -0.443599 0.110072 -0.142597 0.021985 0.049780 0.184436 0.117678 0.104350 -0.133055 0.051355 0.243234 0.191561 0.393744 -0.095753 0.047141 -0.220190 -0.089267 -0.237930 -0.267378 -0.185496 -0.160821 0.010433 0.006258 0.222954 0.088117 0.469991 0.198662 -0.026937 -0.093927 -0.239876 -0.291186 0.212975 0.269375 0.319581 0.407031 0.422503 0.262043 0.223865 0.195239 -0.238755 0.104256 -0.278198 0.036243 -0.373608 -0.253407 0.241714 0.227874 -0.135216 -0.162734 -0.196552 -0.076467 -0.308298 -0.221959 0.007962 0.076684 -0.141795 -0.220143 -0.007969 -0.367711 -0.432857 -0.159697 0.034625 0.087064 -0.284304 0.166076 -0.177210 -0.041868 0.077901 -0.128906 -0.197453 -0.085521 -0.134287 -0.362814 -0.077586 0.176702 0.000687 0.006435
-0.104755 -0.241763 0.207590 0.106849 0.054909 0.025868 0.060896 0.252514 0.211990 0.173098 0.137248 0.198379 0.120210 0.097510 -0.082610 -0.062038 0.000343 -0.090556 -0.255549 -0.097626 -0.134236 -0.125859 0.230469 0.324414 -0.010531 0.175747 -0.036966 0.050566 0.065645 -0.178331 0.145690 0.203494 -0.262577 -0.048247 0.225139 1.000000 -0.159344 -0.123373 -0.130299 -0.135729 -0.221350 -0.227447 0.047816 0.244073 0.186395 0.486243 -0.081680 0.310115 0.130400 0.174626 0.085953 0.143353 -0.215705 -0.142516 -0.323899 -0.150599 -0.181378 -0.395579 -0.097784 -0.058102 -0.135271 -0.086633 -0.160764 -0.268298 0.126170 0.414445 0.053949 0.596583 -0.120547 0.184131 0.174073 -0.011839 -0.165882 -0.130073 0.029116 -0.001688 0.069884 0.009359 -0.003320 -0.033630 -0.231311 0.006584 0.115613 0.103072 0.015532 0.122609 -0.127910 -0.257307 -0.067842 -0.330327 0.045546 0.033218 0.036055 0.038780 -0.106044 -0.140902 -0.134205 0.083668 -0.029253 -0.024899 0.064142 -0.000996 -0.087944 -0.002859 -0.074997 -0.028758 -0.021458 -0.069541 0.043707 -0.096815 0.306241 0.074313 -0.105921 -0.005129 -0.051731 -0.125298
