1.000000 0.076906 0.529348 -0.233671 -0.264048 0.341246 0.649727 -0.377348 -0.173066 0.166567 0.125023 0.139596 -0.216174 0.051485 -0.015761 0.032423 -0.066679 -0.207284 0.562253 0.398544 -0.318733 -0.148862 0.129453 -0.072208 -0.499558 -0.193286 0.191664 0.531909 -0.534088 -0.091445 -0.272894 -0.220252 0.238803 0.123932 0.257327 0.352406 -0.210233 -0.292094 0.217470 0.111159 -0.038596 0.097073 -0.260800 -0.064102 0.287979 0.020421 0.032182 -0.069980 0.425579 0.183176 0.201237 0.198003 -0.203754 -0.187991 0.120458 -0.077997 0.781940 -0.231405 0.584722 0.055715 0.425905 -0.311546 0.074766 -0.384332 0.326790 -0.261052 0.286223 0.079311 0.137597 -0.058117 -0.493510 -0.112401 -0.493537 0.072669 -0.243431 -0.103635 0.044752 -0.035311 -0.415269 -0.397288 -0.173996 -0.113884 0.026117 0.438126 -0.419556 0.121993 0.338185 0.036849 0.212798 0.305559 0.133266 -0.072120 0.027855 -0.025470 -0.204817 -0.271011 0.038716 -0.220838 0.117960 -0.261700 0.121695 0.104489 -0.008425 -0.132000 -0.187809 -0.137215 -0.221213 -0.123212 -0.207519 -0.181115 -0.088605 -0.218353 -0.079680 -0.143366 -0.319270 -0.249821
0.076906 1.000000 -0.160129 -0.061975 -0.457904 -0.480027 -0.182005 0.076732 -0.443675 -0.443668 0.447965 0.207363 0.124562 -0.070119 -0.438856 -0.384032 0.313833 0.081910 0.040126 0.104066 -0.137418 -0.197039 -0.306197 -0.277752 -0.319984 -0.455156 -0.334522 -0.369408 0.218495 -0.287893 -0.150193 -0.002861 0.422910 0.404845 0.219409 0.233288 -0.195881 -0.248768 -0.450259 -0.196194 -0.245062 -0.128197 0.057788 0.008307 0.347144 0.484592 -0.067596 0.105156 0.197108 0.369433 0.387103 -0.038604 0.270998 -0.290508 -0.524812 -0.539109 -0.011761 0.814427 -0.115315 0.108684 0.090005 0.343463 0.306305 0.490359 0.148924 0.458204 0.207179 0.388316 0.061218 0.031701 0.002308 -0.298790 0.013757 -0.306091 -0.057705 -0.250185 0.083587 0.082806 0.112375 0.087784 0.429905 -0.026595 -0.119076 -0.188727 0.235045 -0.388633 -0.266189 0.298402 -0.397829 -0.024281 -0.020478 -0.455648 0.057561 -0.128806 -0.210281 -0.348869 0.060529 -0.380057 0.095888 -0.129856 -0.255121 -0.068309 -0.188397 -0.103677 -0.070612 -0.299225 -0.364471 -0.349604 -0.256790 -0.321770 0.195841 -0.147350 -0.130016 -0.036206 -0.103243 -0.324950
0.529348 -0.160129 1.000000 0.050194 0.122097 0.380925 0.804753 0.107055 0.228768 0.425947 -0.117347 -0.174588 -0.058331 0.035860 0.014259 0.107707 -0.358968 -0.232157 0.494567 0.374845 -0.172440 0.153518 0.651783 0.494650 -0.061325 0.007591 0.236651 0.376503 -0.354772 -0.198970 0.003876 0.155160 0.250954 0.292250 0.131980 0.332334 -0.463931 -0.442190 -0.081502 -0.193346 -0.203975 -0.045316 -0.288008 -0.202153 0.383913 0.005235 -0.276422 -0.119110 0.453079 0.311660 0.131003 0.197548 -0.352238 -0.049925 -0.181540 -0.170789 0.265029 -0.332849 0.378182 -0.128648 0.079250 -0.123654 -0.229532 -0.239112 0.140976 -0.001039 0.177409 0.266114 -0.069986 0.117461 -0.111940 -0.030177 -0.245486 0.037880 -0.184427 -0.037727 -0.176004 -0.212194 -0.508736 -0.255877 -0.417398 0.006504 -0.178949 0.174380 -0.438395 0.147087 0.200130 -0.237092 -0.043992 -0.061680 0.015910 -0.116528 -0.218096 -0.201923 -0.279680 -0.323700 -0.051268 -0.262124 -0.008874 -0.246892 0.204502 0.033405 0.006318 -0.195358 -0.153953 -0.011292 -0.224665 -0.049896 -0.195946 -0.215211 -0.096466 -0.098506 -0.076846 -0.217410 -0.293017 -0.254933
-0.233671 -0.061975 0.050194 1.000000 0.340279 0.120077 -0.054755 0.564841 0.422680 0.336260 -0.156590 -0.151343 0.116362 -0.067784 0.239927 0.185084 -0.328038 -0.158944 0.074321 0.275689 0.351927 0.156566 0.072130 0.374245 0.401337 0.232845 0.202992 0.053205 -0.059548 0.007503 0.319244 0.195481 -0.197366 -0.089150 -0.298508 -0.343994 -0.171941 -0.122306 -0.120366 0.159776 0.020632 0.181422 -0.216522 -0.289863 -0.044128 -0.078479 -0.090521 -0.500114 -0.064177 -0.011786 -0.102560 -0.258125 -0.029743 -0.056240 -0.104201 0.133263 -0.178463 0.070145 -0.061234 0.350270 -0.382276 0.081090 -0.119840 -0.046710 -0.192055 0.000875 -0.150664 -0.143543 0.053426 0.236796 0.444527 0.218822 0.099205 0.128433 0.044253 0.083694 -0.206746 -0.214420 -0.099087 -0.168599 -0.314791 -0.180110 0.131330 -0.042313 0.011887 -0.056691 0.038975 -0.075330 0.166622 0.187890 0.135426 -0.238716 -0.002931 -0.285331 -0.354604 -0.130550 -0.301195 -0.066465 -0.059097 -0.000061 -0.124195 -0.194053 -0.029104 -0.197185 0.078122 -0.094451 -0.189230 -0.190094 -0.229636 -0.242513 -0.430927 -0.227055 -0.062722 0.044987 -0.036704 -0.017769
-0.264048 -0.457904 0.122097 0.340279 1.000000 0.468832 -0.025674 0.219814 0.867980 0.610373 -0.422149 -0.240099 -0.158339 0.072502 0.562531 0.610447 -0.478995 -0.206373 0.004841 0.143458 0.442046 0.180025 0.202326 0.372781 0.640314 0.548583 0.538659 0.263241 -0.110986 0.087213 0.152263 0.099612 -0.370761 -0.263343 -0.271458 -0.231910 -0.061567 0.054884 0.081748 0.277262 0.155954 0.198625 -0.224152 -0.292383 -0.156631 -0.160657 -0.089953 -0.335358 -0.041353 -0.067184 -0.227582 -0.109987 -0.169900 0.042632 0.244228 0.282733 -0.227937 -0.389211 0.192714 0.178375 -0.287752 -0.105753 -0.195264 -0.196954 -0.253621 -0.077928 -0.015564 -0.156012 -0.127193 0.202032 0.249917 0.069584 0.085092 0.151867 -0.003275 0.222863 -0.451409 -0.256522 -0.247410 -0.234174 -0.477408 -0.248020 0.093978 0.238399 -0.266247 -0.156384 0.037361 -0.151337 0.273601 0.056770 0.125154 0.031744 -0.075773 -0.216364 0.033678 0.232269 -0.073194 0.124731 0.061856 -0.028726 0.005374 -0.051670 -0.053538 -0.215229 -0.093883 0.145798 0.149927 0.185873 0.109690 0.136735 -0.365501 -0.103242 -0.115868 -0.084172 -0.120906 0.140207
0.341246 -0.480027 0.380925 0.120077 0.468832 1.000000 0.520720 -0.103252 0.378246 0.669332 -0.254610 -0.128661 -0.232025 -0.026623 0.408948 0.715800 -0.434040 -0.375455 0.251449 0.350606 0.236054 0.318928 0.208563 0.209824 0.095069 0.396732 0.671619 0.804719 -0.581042 0.169930 0.006080 -0.142015 -0.202233 -0.211991 -0.160791 0.010413 -0.133945 0.025619 0.407090 0.327612 0.266853 0.420968 -0.414384 -0.281678 0.014829 -0.304848 -0.172418 -0.252479 0.160014 -0.082067 -0.106074 -0.012428 -0.485125 -0.134894 0.414553 0.310726 0.259521 -0.541380 0.424431 0.164906 -0.059705 -0.259549 -0.241856 -0.464190 -0.119460 -0.307820 0.030604 -0.067479 0.035536 0.155823 -0.164270 0.158926 -0.295559 0.286866 -0.088549 0.241413 -0.184424 -0.153340 -0.432841 -0.440098 -0.575699 -0.410773 0.147584 0.648888 -0.563331 0.071732 0.335673 -0.045095 0.377561 0.361131 0.290061 0.077945 -0.233459 -0.152276 -0.070846 0.024537 -0.006455 -0.004079 0.155153 -0.207201 0.183168 0.018090 0.001588 -0.266304 -0.158993 0.109408 0.136154 0.297833 -0.032682 0.039634 -0.360850 -0.151085 -0.063092 -0.202349 -0.235089 0.036561
0.649727 -0.182005 0.804753 -0.054755 -0.025674 0.520720 1.000000 0.002694 0.082214 0.408395 -0.021100 -0.059581 0.047180 0.027114 -0.012518 0.120300 -0.294754 -0.273557 0.337823 0.267679 -0.207549 0.137149 0.548272 0.348960 -0.287914 -0.061642 0.264175 0.506131 -0.451905 -0.175252 0.039450 0.015044 0.246479 0.263276 0.011199 0.284881 -0.397509 -0.400961 0.122215 -0.099250 -0.163739 -0.068604 -0.234680 -0.122381 0.262550 -0.208153 -0.195259 -0.041018 0.327867 0.107119 0.105313 0.132393 -0.453528 -0.026465 -0.015870 -0.078967 0.388301 -0.316290 0.331837 -0.196665 0.150470 -0.060169 -0.222157 -0.265316 0.088011 -0.092143 0.044491 0.172560 0.007313 0.063295 -0.205336 -0.044449 -0.343299 -0.011939 -0.227393 -0.030529 -0.229370 -0.278815 -0.397889 -0.293975 -0.383519 -0.080657 -0.132760 0.275436 -0.511310 0.186823 0.317521 -0.131082 0.008525 0.034622 0.070933 0.084323 -0.193301 -0.053136 -0.250632 -0.308526 -0.052396 -0.196006 0.016652 -0.140988 0.227372 0.055480 0.120284 -0.039676 -0.039685 0.062064 -0.161724 -0.026065 -0.145674 -0.157965 -0.033709 -0.030820 0.072645 -0.117011 -0.139177 -0.183472
-0.377348 0.076732 0.107055 0.564841 0.219814 -0.103252 0.002694 1.000000 0.269588 0.185427 -0.199633 -0.139889 0.224533 0.091358 0.201834 0.151626 -0.260750 -0.107170 -0.253808 -0.006513 0.251559 0.162485 0.342515 0.484025 0.389082 0.124626 -0.005953 -0.275582 0.146847 0.048317 0.449920 0.502506 0.139601 0.299055 -0.280885 -0.285087 -0.346113 -0.347933 -0.345557 -0.230518 -0.192914 -0.076468 -0.174965 -0.403316 0.030634 0.004557 -0.362863 -0.242131 -0.025626 0.052052 -0.001092 -0.424781 0.021425 -0.044243 -0.397464 -0.101976 -0.377091 0.091948 -0.355309 -0.039308 -0.198915 0.383872 -0.165315 0.091720 -0.199165 0.153468 -0.324917 0.009542 -0.280599 0.177045 0.410563 0.275324 0.168674 0.054051 0.072802 0.150191 -0.207769 -0.248564 0.015047 -0.132081 -0.141564 -0.280506 -0.005512 -0.350648 0.032033 -0.222756 0.008024 -0.052367 -0.166577 -0.082066 -0.070822 -0.169600 -0.178071 -0.277469 -0.333004 -0.259939 -0.303444 -0.267068 -0.225164 -0.034604 -0.116600 -0.150250 -0.143969 -0.215523 -0.042855 -0.047835 -0.158016 -0.162944 -0.203080 -0.191514 -0.220266 -0.040433 -0.077969 -0.166033 -0.046665 -0.119274
-0.173066 -0.443675 0.228768 0.422680 0.867980 0.378246 0.082214 0.269588 1.000000 0.650518 -0.372808 -0.019314 0.031500 0.297632 0.627698 0.478852 -0.467729 -0.229402 0.090007 0.174945 0.321887 0.088929 0.321782 0.426297 0.592208 0.416652 0.421776 0.240607 -0.160545 -0.040265 0.306909 0.201838 -0.367189 -0.215412 -0.303691 -0.229626 -0.059863 -0.018166 -0.038657 0.173079 0.112278 0.122127 -0.196661 -0.204835 -0.175948 -0.166064 -0.005031 -0.365880 -0.050629 -0.045030 -0.184254 -0.031729 -0.115979 0.108692 0.201712 0.216529 -0.124316 -0.430676 0.226800 0.187608 -0.261644 -0.175987 -0.237400 -0.287080 -0.251351 -0.175985 -0.050586 -0.231232 -0.088495 0.185792 0.313547 0.064134 -0.028449 0.041534 -0.053325 0.148947 -0.584438 -0.351438 -0.191444 -0.241659 -0.491653 -0.167538 0.105088 0.119339 -0.310233 -0.095179 0.029482 -0.121744 0.228598 -0.029994 0.116487 0.009933 -0.036264 -0.260691 -0.040897 0.190066 -0.095164 0.060417 0.071627 -0.035017 0.036238 -0.030015 -0.038546 -0.141522 -0.072300 0.076904 0.089612 0.071373 0.066656 0.031831 -0.440734 -0.109720 -0.032790 -0.038552 -0.141974 0.057633
0.166567 -0.443668 0.425947 0.336260 0.610373 0.669332 0.408395 0.185427 0.650518 1.000000 -0.269691 -0.197041 -0.047017 0.149444 0.339504 0.617817 -0.521722 -0.459441 0.197606 0.284234 0.189223 0.197853 0.412413 0.429726 0.338618 0.459268 0.490454 0.474106 -0.442248 0.013404 0.174847 0.059692 -0.261225 -0.242263 -0.190601 -0.099688 -0.165389 -0.153881 0.128358 0.165965 0.087691 0.275687 -0.420905 -0.375810 0.078136 -0.178911 -0.143016 -0.401700 0.190697 -0.045064 -0.092591 -0.150756 -0.318946 -0.158205 0.178255 0.172295 0.220472 -0.441427 0.305689 0.257363 -0.021194 -0.208716 -0.127861 -0.407156 0.015825 -0.264210 -0.046118 -0.089368 0.115068 0.198115 0.127811 0.120430 -0.214653 0.240298 -0.091275 0.139615 -0.425867 -0.351660 -0.433930 -0.470485 -0.456068 -0.347846 0.057993 0.390182 -0.363150 -0.034579 0.120259 -0.194757 0.250772 0.245654 0.147536 0.004382 -0.113367 -0.147644 -0.138959 0.000469 -0.119723 -0.018270 -0.009205 -0.158502 0.088223 0.001977 -0.064081 -0.152774 -0.116312 0.085919 -0.085166 0.059869 -0.053775 -0.005018 -0.375496 -0.221803 0.009290 -0.152123 -0.190311 0.002093
0.125023 0.447965 -0.117347 -0.156590 -0.422149 -0.254610 -0.021100 -0.199633 -0.372808 -0.269691 1.000000 0.341648 0.436780 0.119804 -0.427724 -0.348433 0.482571 -0.106107 0.018581 -0.071976 -0.206301 -0.192712 -0.162168 -0.260692 -0.356687 -0.409297 -0.245796 -0.223350 0.078479 -0.191982 -0.101439 0.008632 0.117198 0.035120 0.147642 0.186581 -0.070868 -0.076752 -0.138481 -0.192211 -0.187054 -0.145913 0.185975 0.148114 0.253783 0.243252 -0.069586 0.144787 0.110891 0.167291 0.311560 0.098230 0.079026 -0.099720 -0.211441 -0.345555 0.261202 0.347773 -0.093623 -0.050701 0.194121 0.070489 0.466375 0.378103 0.295087 0.250313 -0.084559 0.128452 -0.010710 -0.341005 -0.126288 -0.250324 -0.187058 -0.236079 -0.167052 -0.199163 0.037779 0.062282 0.091390 0.181110 0.517192 0.094713 -0.224351 -0.137685 0.009743 -0.168932 -0.097056 0.006034 -0.299843 -0.028248 -0.085804 -0.175558 0.085974 0.109370 -0.017835 -0.016629 0.063662 -0.103167 -0.035010 -0.044973 -0.035310 -0.060457 0.004134 0.099255 0.066445 -0.310990 -0.196050 -0.127360 -0.040500 -0.216371 0.268726 -0.080466 -0.011348 0.177906 -0.063487 -0.222660
0.139596 0.207363 -0.174588 -0.151343 -0.240099 -0.128661 -0.059581 -0.139889 -0.019314 -0.197041 0.341648 1.000000 0.123463 0.524884 0.085600 -0.150092 0.274583 0.264032 0.087843 0.029760 0.021323 -0.188696 -0.080717 -0.307644 -0.147538 -0.306358 -0.203430 0.011710 -0.071060 -0.040441 0.215853 0.218015 -0.072419 -0.033118 -0.082394 0.014324 0.228006 -0.018341 -0.165673 -0.055971 0.223169 0.130404 0.155355 0.360666 -0.128771 0.031953 0.155382 0.068288 -0.085726 0.048151 0.236844 0.189141 0.249200 -0.001855 0.014398 -0.192010 0.194053 -0.076299 0.005846 -0.141115 0.025570 -0.282851 0.082950 -0.099340 0.014326 -0.184315 -0.116464 -0.256166 -0.006655 -0.260649 -0.076647 0.056308 -0.197392 -0.192849 0.109476 -0.052419 -0.016093 0.186499 0.230477 -0.013713 0.263033 -0.001162 0.070708 -0.078840 -0.025200 -0.011305 -0.120958 0.171993 -0.133770 -0.199761 0.071890 -0.052229 0.136046 -0.129179 0.040664 0.100530 0.119149 -0.098217 0.190522 -0.073875 -0.202200 -0.108878 -0.290103 0.004074 -0.046572 -0.309016 -0.153232 -0.181770 -0.048005 -0.088676 -0.066316 -0.104783 0.142531 -0.060351 -0.130465 -0.201312
-0.216174 0.124562 -0.058331 0.116362 -0.158339 -0.232025 0.047180 0.224533 0.031500 -0.047017 0.436780 0.123463 1.000000 0.408260 -0.098706 -0.195038 0.024743 -0.337495 -0.235421 -0.114640 -0.143565 -0.143673 0.312818 0.304119 -0.011558 -0.225193 -0.353845 -0.366180 0.298435 -0.218690 0.460556 0.342300 0.242979 0.294369 -0.103318 0.002244 -0.250819 -0.151028 -0.342107 -0.483445 -0.490784 -0.427652 0.025995 -0.067319 -0.040900 -0.027563 -0.115657 0.079130 -0.070265 -0.130359 0.140488 -0.198330 0.057631 0.025661 -0.298815 -0.299292 0.005292 0.207643 -0.220866 -0.017724 -0.013708 0.200477 0.118752 0.113410 -0.056676 0.092249 -0.228625 0.142688 -0.007576 -0.047349 0.276033 -0.198387 0.060422 -0.265670 -0.058791 -0.059939 -0.345856 -0.287061 0.279650 0.215927 0.279921 0.160838 -0.272898 -0.389670 0.008135 -0.211701 -0.127782 -0.126267 -0.420255 -0.210792 -0.062636 -0.115139 -0.020843 0.113825 -0.120199 -0.144830 -0.129391 -0.208179 -0.228688 -0.052198 0.200947 -0.074431 0.073897 0.168764 0.000341 -0.060907 0.027406 0.073831 -0.078784 -0.205862 0.251117 0.056296 -0.059527 0.115831 0.035538 -0.166822
0.051485 -0.070119 0.035860 -0.067784 0.072502 -0.026623 0.027114 0.091358 0.297632 0.149444 0.119804 0.524884 0.408260 1.000000 0.237385 0.159756 -0.151365 -0.127677 0.053820 0.061952 -0.111290 -0.252941 0.339541 0.188329 0.012583 0.029688 -0.220884 -0.097862 -0.079525 0.048774 0.403048 0.496319 -0.077956 -0.053243 -0.117943 -0.018396 -0.039854 -0.149825 -0.293581 -0.166242 -0.123375 -0.041182 -0.175964 -0.037870 -0.096702 0.055143 -0.051437 -0.067229 0.097495 0.083525 0.096554 0.016023 0.078165 -0.046441 -0.019886 -0.170985 0.194032 -0.277328 0.124498 0.061034 0.059980 -0.315838 -0.031299 -0.329543 -0.078894 -0.318472 -0.078741 -0.102868 0.018014 -0.085622 0.032061 0.150647 -0.217932 0.023646 0.023473 0.225205 -0.250055 -0.081447 0.242209 -0.036391 0.141861 0.063107 -0.095628 -0.075668 -0.238150 -0.157480 -0.024504 0.134471 -0.084842 -0.117217 0.115136 0.001206 0.111346 -0.155449 -0.157092 -0.062471 -0.011641 -0.330326 -0.014964 -0.287751 -0.137918 -0.135262 -0.351220 -0.166524 -0.288845 -0.297546 -0.086127 -0.044677 -0.163924 -0.257081 -0.163184 -0.188768 -0.130711 -0.274777 -0.329831 -0.385214
-0.015761 -0.438856 0.014259 0.239927 0.562531 0.408948 -0.012518 0.201834 0.627698 0.339504 -0.427724 0.085600 -0.098706 0.237385 1.000000 0.511424 -0.371259 -0.138867 0.042252 0.215128 0.199028 -0.011210 0.164081 0.174486 0.326259 0.415823 0.394824 0.324034 -0.193418 0.146285 0.308180 0.182760 -0.303286 -0.225546 -0.171069 -0.179980 -0.064249 0.106668 0.201050 0.318713 0.249261 0.273659 -0.287142 -0.315334 -0.311875 -0.272123 -0.067179 -0.267564 -0.132785 -0.120088 -0.350209 -0.146143 -0.119208 0.081406 0.430207 0.417393 -0.042445 -0.513715 0.281549 0.186334 -0.242077 -0.268971 -0.309495 -0.475624 -0.357122 -0.413748 0.019524 -0.277644 -0.044029 0.208372 0.052291 0.150563 -0.125514 0.071279 -0.000104 0.277465 -0.328269 -0.159688 -0.102801 -0.354901 -0.511638 -0.299135 0.450685 0.290067 -0.363209 -0.050158 0.231500 0.032514 0.459595 0.313035 0.292273 0.042404 -0.141601 -0.326761 -0.080912 0.087757 -0.139055 0.005123 0.169322 -0.095479 0.166052 -0.013326 -0.038810 -0.357283 -0.231220 -0.025577 0.218102 0.214271 0.070874 0.123551 -0.500621 0.012583 -0.178721 -0.229909 -0.243641 0.067723
0.032423 -0.384032 0.107707 0.185084 0.610447 0.715800 0.120300 0.151626 0.478852 0.617817 -0.348433 -0.150092 -0.195038 0.159756 0.511424 1.000000 -0.435094 -0.323957 0.071576 0.233948 0.450668 0.232772 0.085567 0.210397 0.340960 0.623263 0.529776 0.435033 -0.314787 0.497724 0.079933 0.028820 -0.214384 -0.205832 -0.198362 -0.175716 -0.232401 0.078559 0.231511 0.280216 0.223626 0.512227 -0.535940 -0.471101 -0.104669 -0.233568 -0.342330 -0.424615 0.067276 -0.115715 -0.139066 -0.292941 -0.213996 -0.300221 0.283952 0.228865 0.095657 -0.477873 0.294778 0.314098 -0.036773 -0.216237 -0.214746 -0.447771 -0.187414 -0.344568 -0.012738 -0.114098 -0.011041 0.166764 0.037226 0.324225 -0.056820 0.532529 0.046170 0.452894 -0.119202 -0.002619 -0.328466 -0.335628 -0.463195 -0.485168 0.061396 0.483351 -0.446897 -0.168269 0.199477 -0.113423 0.279998 0.397643 0.266372 -0.107685 -0.184017 -0.283724 -0.086357 0.084831 -0.070715 -0.178411 0.008692 -0.424672 0.051731 -0.085707 -0.210053 -0.480192 -0.327249 -0.069808 0.140045 0.270507 -0.090081 0.042105 -0.507229 -0.351156 -0.292958 -0.369728 -0.367991 -0.112856
-0.066679 0.313833 -0.358968 -0.328038 -0.478995 -0.434040 -0.294754 -0.260750 -0.467729 -0.521722 0.482571 0.274583 0.024743 -0.151365 -0.371259 -0.435094 1.000000 0.364846 -0.169905 -0.275540 -0.142239 -0.053198 -0.355931 -0.495722 -0.331598 -0.480572 -0.243367 -0.224713 0.277062 -0.036159 -0.369640 -0.249487 0.165873 0.072084 0.232822 0.097929 0.252663 0.095003 -0.036040 -0.144360 -0.010944 -0.080175 0.448195 0.436924 0.101944 0.269412 0.105268 0.153085 -0.046895 0.060210 0.396002 0.198350 0.289082 0.032649 -0.068954 -0.183913 0.147365 0.292255 -0.305185 -0.194440 0.328817 -0.061968 0.469545 0.273757 0.441488 0.017493 -0.043023 -0.107676 -0.016431 -0.302913 -0.186781 -0.043762 -0.041039 -0.171925 -0.151426 -0.368521 0.448686 0.238795 0.392301 0.362657 0.681260 0.302976 -0.036179 -0.226153 0.414847 0.121954 -0.120329 0.077912 -0.137750 -0.144170 -0.269305 -0.110944 -0.056617 0.036830 0.142061 0.054192 0.029924 0.041195 -0.171359 0.129330 -0.040284 0.015051 -0.061858 0.229206 0.037086 -0.160852 -0.048958 -0.110484 0.042511 -0.102078 0.232986 0.076237 0.069062 0.104564 0.059993 -0.092744
-0.207284 0.081910 -0.232157 -0.158944 -0.206373 -0.375455 -0.273557 -0.107170 -0.229402 -0.459441 -0.106107 0.264032 -0.337495 -0.127677 -0.138867 -0.323957 0.364846 1.000000 -0.164306 -0.313008 -0.033841 0.007753 -0.178293 -0.300103 -0.024186 -0.141140 -0.262522 -0.280103 0.410867 0.077325 -0.160480 -0.020776 -0.049927 -0.063837 0.008309 -0.098708 0.327132 0.116916 -0.125620 -0.014648 0.232284 -0.076652 0.408705 0.396104 -0.016611 0.121333 0.179160 0.010332 -0.190273 0.128069 0.052920 0.286610 0.285716 0.101559 -0.090528 -0.090142 -0.329561 0.108050 -0.313300 -0.382470 -0.108002 -0.056497 0.008586 0.229442 0.027823 0.064837 -0.081695 -0.305075 -0.142079 -0.351624 0.086336 0.120231 0.351387 -0.117477 0.211518 -0.148289 0.411386 0.328666 0.334584 0.430865 0.270422 0.465116 -0.043372 -0.233866 0.434876 0.235600 -0.100162 0.112575 -0.049107 -0.356027 -0.276355 0.120230 0.130708 0.003784 0.147401 0.118798 0.075338 0.050889 -0.019924 0.160635 -0.313219 0.069454 -0.102576 0.170798 0.161253 -0.162731 -0.103127 -0.270358 0.010947 0.035209 0.076372 0.026664 0.081129 0.042859 0.129091 -0.043298
0.562253 0.040126 0.494567 0.074321 0.004841 0.251449 0.337823 -0.253808 0.090007 0.197606 0.018581 0.087843 -0.235421 0.053820 0.042252 0.071576 -0.169905 -0.164306 1.000000 0.744567 -0.131006 -0.191808 0.029046 -0.074959 -0.116414 -0.045526 0.238144 0.402796 -0.488290 -0.175062 0.014655 0.076923 0.040954 0.036834 0.179471 0.215980 -0.080177 -0.175886 0.068778 0.167946 0.143999 0.297873 -0.418609 -0.161063 0.207449 0.111404 -0.053054 -0.228366 0.455172 0.254750 0.170462 0.119798 -0.275214 -0.253886 -0.050732 -0.103414 0.489049 -0.189239 0.621476 0.334293 0.174688 -0.321464 0.048675 -0.359438 0.280235 -0.131727 0.415837 0.159648 0.291706 0.160006 -0.256963 -0.039506 -0.370471 0.034780 -0.074736 -0.028370 0.032877 0.036536 -0.442420 -0.389519 -0.239599 -0.132634 0.139311 0.476362 -0.407347 -0.138002 0.111356 0.132146 0.112973 0.136827 0.151575 -0.243550 0.056880 -0.191187 -0.183141 -0.141976 -0.053169 -0.234623 0.141035 -0.388067 0.110530 0.028997 -0.145549 -0.285590 -0.258199 -0.123156 -0.171436 -0.022870 -0.273097 -0.205845 -0.309006 -0.409979 -0.231841 -0.209424 -0.412404 -0.268213
0.398544 0.104066 0.374845 0.275689 0.143458 0.350606 0.267679 -0.006513 0.174945 0.284234 -0.071976 0.029760 -0.114640 0.061952 0.215128 0.233948 -0.275540 -0.313008 0.744567 1.000000 -0.034438 -0.122700 -0.004938 0.019152 0.027625 0.098561 0.251471 0.448699 -0.491232 -0.190136 0.136172 0.162676 0.109015 0.140014 0.158416 0.244558 -0.238221 -0.237055 -0.050453 0.162424 0.087690 0.356011 -0.548060 -0.340387 0.200009 0.119090 -0.270651 -0.170721 0.484741 0.272396 0.115331 -0.041738 -0.297244 -0.264759 -0.091900 -0.057533 0.327046 -0.046151 0.548025 0.567727 -0.015841 -0.207792 -0.042224 -0.369192 0.079370 -0.146870 0.469025 0.384568 0.292702 0.580778 -0.212003 -0.050425 -0.411398 -0.011653 -0.156203 -0.012550 -0.142708 -0.154912 -0.411304 -0.449436 -0.308394 -0.292678 0.237105 0.513410 -0.460612 -0.311845 0.128890 0.097320 0.113771 0.294686 0.379701 -0.385984 -0.081419 -0.344570 -0.289213 -0.260581 -0.073861 -0.272775 0.270817 -0.431183 0.094331 -0.023498 -0.279764 -0.464719 -0.445477 -0.046121 -0.172541 0.032536 -0.328105 -0.257107 -0.324687 -0.374015 -0.259466 -0.333765 -0.492439 -0.237822
-0.318733 -0.137418 -0.172440 0.351927 0.442046 0.236054 -0.207549 0.251559 0.321887 0.189223 -0.206301 0.021323 -0.143565 -0.111290 0.199028 0.450668 -0.142239 -0.033841 -0.131006 -0.034438 1.000000 0.488025 -0.100089 0.067683 0.641701 0.350379 0.326297 0.043183 0.070884 0.405069 0.172267 0.016776 -0.211435 -0.135152 -0.417365 -0.282797 0.112287 0.247319 0.008349 0.072024 0.384111 0.556502 -0.126553 -0.173734 -0.176202 -0.116931 -0.161794 -0.406443 -0.128578 -0.155831 0.056952 -0.250748 0.197808 -0.237458 -0.024723 0.034722 -0.217067 -0.144041 -0.151081 0.070258 -0.201989 -0.022479 -0.141303 -0.122903 -0.207087 -0.105502 -0.297304 -0.214760 -0.045365 0.072760 0.488635 0.451318 0.324835 0.404443 0.342389 0.286403 0.138208 0.183825 -0.089203 -0.001657 -0.189310 -0.335238 0.124693 0.051950 0.065655 0.033115 -0.115789 -0.206632 -0.057586 0.022756 0.073286 -0.027494 -0.023632 -0.175795 -0.075078 0.100422 -0.281715 -0.079619 -0.210785 -0.164124 -0.081076 -0.124134 -0.217503 -0.225684 -0.111215 0.017138 0.035702 0.051612 -0.172586 0.030642 -0.371022 -0.303391 -0.117938 -0.227723 -0.079375 0.020367
-0.148862 -0.197039 0.153518 0.156566 0.180025 0.318928 0.137149 0.162485 0.088929 0.197853 -0.192712 -0.188696 -0.143673 -0.252941 -0.011210 0.232772 -0.053198 0.007753 -0.191808 -0.122700 0.488025 1.000000 0.197813 0.286047 0.289585 0.344932 0.244527 0.183642 0.017051 0.175999 -0.135900 -0.138337 -0.008569 -0.037384 -0.331887 -0.131035 0.021326 0.078730 0.142284 0.121500 0.091956 0.309856 0.085645 -0.000088 0.045607 -0.109340 -0.127181 -0.188808 -0.044365 0.045861 0.085293 0.044983 0.056473 0.078134 0.009228 0.217648 -0.170526 -0.167858 -0.275446 -0.235103 -0.195669 -0.110784 -0.252181 -0.059809 -0.100212 -0.088786 -0.329201 -0.091768 -0.193922 0.024462 0.261348 0.456391 0.147366 0.269676 0.053176 0.121632 0.165402 -0.047111 -0.117916 0.068358 -0.186706 0.046260 0.113009 -0.033095 0.008629 0.426080 0.034891 -0.164504 0.077538 -0.088559 0.049490 0.169505 -0.311856 -0.172127 -0.185935 -0.215524 -0.215316 -0.001789 -0.180981 0.168443 -0.153952 -0.069879 -0.138006 0.022172 0.090295 0.169765 -0.132682 -0.132998 -0.182808 -0.074655 -0.062307 0.085090 0.177862 -0.175140 0.111399 0.089285
0.129453 -0.306197 0.651783 0.072130 0.202326 0.208563 0.548272 0.342515 0.321782 0.412413 -0.162168 -0.080717 0.312818 0.339541 0.164081 0.085567 -0.355931 -0.178293 0.029046 -0.004938 -0.100089 0.197813 1.000000 0.738541 0.078162 0.047220 0.081571 0.133649 -0.082649 -0.147585 0.290940 0.449834 0.177135 0.283894 -0.088215 0.106941 -0.402810 -0.361307 -0.236887 -0.334099 -0.338087 -0.222859 -0.222717 -0.223613 0.092901 -0.125942 -0.334460 -0.130600 0.190457 0.090955 0.007695 -0.004965 -0.218755 0.044783 -0.174647 -0.144566 0.055027 -0.341660 0.051510 -0.291544 -0.038422 -0.058765 -0.207811 -0.182955 -0.029711 -0.031677 -0.198685 0.059467 -0.069119 -0.006411 0.098983 0.056581 -0.078175 -0.059291 -0.108898 -0.016216 -0.314664 -0.376317 -0.125901 -0.088203 -0.223543 0.041081 -0.211265 -0.118014 -0.257369 0.107153 0.057890 -0.230216 -0.101540 -0.214955 -0.052860 0.106841 -0.142630 -0.043009 -0.219981 -0.308009 -0.125265 -0.236618 -0.183812 -0.106005 0.213746 0.024737 0.025453 0.007945 -0.061738 0.032846 -0.073444 -0.032712 -0.121835 -0.147169 0.019251 0.028567 -0.044270 -0.153583 -0.109628 -0.173501
-0.072208 -0.277752 0.494650 0.374245 0.372781 0.209824 0.348960 0.484025 0.426297 0.429726 -0.260692 -0.307644 0.304119 0.188329 0.174486 0.210397 -0.495722 -0.300103 -0.074959 0.019152 0.067683 0.286047 0.738541 1.000000 0.327650 0.309510 0.081730 0.050142 -0.025649 0.041886 0.279968 0.337050 0.069474 0.171212 -0.219127 0.003287 -0.377735 -0.162036 -0.234356 -0.200211 -0.242929 -0.170567 -0.141878 -0.228465 0.015991 -0.148996 -0.273472 -0.140766 0.082596 0.017756 -0.072148 -0.074127 -0.095148 0.147340 -0.210938 -0.093176 -0.169808 -0.280296 -0.035418 -0.155679 -0.268494 -0.005408 -0.252794 -0.185210 -0.202617 -0.027831 -0.177126 0.132981 -0.136334 0.149993 0.248618 0.166336 0.115927 0.191931 0.021531 0.201196 -0.303553 -0.284849 -0.201565 -0.025371 -0.362193 0.007470 -0.303567 -0.213114 -0.229688 0.145537 -0.064837 -0.357663 -0.109739 -0.161636 0.003852 -0.020640 -0.107684 -0.160067 -0.217843 -0.253539 -0.148884 -0.165614 -0.206237 -0.046596 0.102564 -0.103089 -0.041477 -0.123975 -0.095588 0.018292 -0.088642 -0.001162 -0.096795 -0.069992 0.015737 0.002954 -0.105240 -0.137427 -0.133394 -0.091451
-0.499558 -0.319984 -0.061325 0.401337 0.640314 0.095069 -0.287914 0.389082 0.592208 0.338618 -0.356687 -0.147538 -0.011558 0.012583 0.326259 0.340960 -0.331598 -0.024186 -0.116414 0.027625 0.641701 0.289585 0.078162 0.327650 1.000000 0.530111 0.093268 -0.150775 0.199834 0.216075 0.385792 0.257593 -0.296517 -0.189688 -0.353592 -0.279021 0.145172 0.116589 -0.152448 -0.113157 0.259983 0.238348 -0.129464 -0.259092 -0.153894 -0.066399 -0.129797 -0.325224 -0.064832 -0.118290 -0.086330 -0.284495 0.170627 -0.092935 -0.100481 -0.008672 -0.385931 -0.235054 -0.154649 0.122039 -0.242845 -0.006951 -0.165720 -0.177926 -0.173031 -0.112080 -0.249720 -0.160367 -0.152359 0.153477 0.580048 0.308415 0.419355 0.263346 0.327751 0.251081 -0.139457 -0.011181 -0.168479 -0.068483 -0.253312 -0.168853 0.075099 -0.140821 0.098183 -0.073816 -0.213963 -0.314457 -0.070011 -0.165587 0.036955 -0.075516 0.046809 -0.165701 0.032727 0.166015 -0.249419 -0.005268 -0.172839 -0.129213 -0.031606 -0.051476 -0.194117 -0.189158 -0.155405 0.132030 0.091099 0.058102 -0.067982 0.146703 -0.295303 -0.200843 -0.079181 -0.177516 -0.055886 0.084912
-0.193286 -0.455156 0.007591 0.232845 0.548583 0.396732 -0.061642 0.124626 0.416652 0.459268 -0.409297 -0.306358 -0.225193 0.029688 0.415823 0.623263 -0.480572 -0.141140 -0.045526 0.098561 0.350379 0.344932 0.047220 0.309510 0.530111 1.000000 0.114827 0.133147 -0.037957 0.355164 0.214814 0.110207 -0.366114 -0.353310 -0.332532 -0.266613 0.047112 0.221785 0.127963 0.260853 0.354138 0.425170 -0.367890 -0.350402 -0.169384 -0.205666 -0.204170 -0.273424 -0.068170 -0.135652 -0.377433 -0.199357 -0.163312 -0.057263 0.187244 0.296267 -0.203201 -0.384083 0.063608 0.185740 -0.257213 -0.113195 -0.233744 -0.256959 -0.275033 -0.192385 -0.138261 -0.118128 -0.127635 0.174573 0.265797 0.352383 0.232812 0.437337 0.292142 0.581188 -0.021868 0.084545 -0.252461 -0.196665 -0.447772 -0.183893 0.114962 0.270148 -0.208849 0.036921 -0.037195 -0.109430 0.228204 0.136578 0.222448 0.112720 -0.128807 -0.254622 -0.085871 0.090292 -0.098232 0.066850 0.057298 -0.097489 -0.214471 -0.141213 -0.203977 -0.345051 -0.092494 -0.004898 0.051303 0.084920 -0.040608 0.216030 -0.362934 -0.188633 -0.137799 -0.250581 -0.114360 0.108217
0.191664 -0.334522 0.236651 0.202992 0.538659 0.671619 0.264175 -0.005953 0.421776 0.490454 -0.245796 -0.203430 -0.353845 -0.220884 0.394824 0.529776 -0.243367 -0.262522 0.238144 0.251471 0.326297 0.244527 0.081571 0.081730 0.093268 0.114827 1.000000 0.650915 -0.459134 0.041217 -0.218797 -0.242872 -0.213077 -0.175061 -0.091775 -0.018639 -0.141504 0.009177 0.395395 0.413249 0.072338 0.316853 -0.239198 -0.186279 -0.001381 -0.119277 -0.054465 -0.281083 0.128354 0.030416 -0.055792 -0.027892 -0.319680 -0.150349 0.324574 0.389608 0.170566 -0.340276 0.402819 0.193819 -0.079310 -0.156367 -0.122194 -0.220862 -0.090645 -0.134802 0.186682 -0.107739 0.093287 0.167143 -0.120045 0.065026 -0.281513 0.104505 -0.254050 -0.081164 -0.204422 -0.245797 -0.344159 -0.389864 -0.435524 -0.413782 0.310228 0.509602 -0.317266 0.001568 0.322778 -0.049894 0.418445 0.402734 0.145531 0.036624 -0.088810 -0.101798 -0.071979 0.045931 -0.135794 0.063378 0.070805 -0.061432 0.309296 0.098605 0.132511 -0.139467 -0.084992 0.232074 0.158119 0.273952 0.044594 -0.066707 -0.395832 -0.043953 -0.019288 -0.030286 -0.125179 0.121322
0.531909 -0.369408 0.376503 0.053205 0.263241 0.804719 0.506131 -0.275582 0.240607 0.474106 -0.223350 0.011710 -0.366180 -0.097862 0.324034 0.435033 -0.224713 -0.280103 0.402796 0.448699 0.043183 0.183642 0.133649 0.050142 -0.150775 0.133147 0.650915 1.000000 -0.716108 -0.055883 -0.167629 -0.254426 -0.198279 -0.225098 0.015002 0.154076 -0.037902 -0.001181 0.432163 0.433076 0.236922 0.349813 -0.303710 -0.082481 0.031879 -0.218214 -0.021392 -0.173187 0.236969 -0.012740 -0.048592 0.123205 -0.472712 -0.055934 0.481074 0.366193 0.409071 -0.441159 0.562856 0.209452 0.010366 -0.354917 -0.142368 -0.460978 0.025553 -0.308829 0.193156 -0.037911 0.158915 0.189048 -0.360615 0.048443 -0.523579 0.061035 -0.285063 -0.068252 -0.145254 -0.194944 -0.416737 -0.482944 -0.483342 -0.318412 0.263148 0.667465 -0.489391 0.174626 0.309907 0.084702 0.487697 0.404197 0.325384 0.085046 -0.101151 -0.091047 -0.029878 -0.029385 0.061894 0.107758 0.295443 -0.074960 0.222763 0.099801 0.098205 -0.112920 -0.097626 0.180147 0.126882 0.147124 0.007356 0.000745 -0.293621 -0.071583 0.102962 -0.057397 -0.136381 0.133435
-0.534088 0.218495 -0.354772 -0.059548 -0.110986 -0.581042 -0.451905 0.146847 -0.160545 -0.442248 0.078479 -0.071060 0.298435 -0.079525 -0.193418 -0.314787 0.277062 0.410867 -0.488290 -0.491232 0.070884 0.017051 -0.082649 -0.025649 0.199834 -0.037957 -0.459134 -0.716108 1.000000 0.069012 0.100935 0.138291 0.190972 0.168475 -0.138254 -0.193355 0.091247 0.078728 -0.354373 -0.421178 -0.171003 -0.341905 0.268853 0.072687 -0.073425 0.144146 0.025141 0.062413 -0.320043 -0.060142 0.001229 -0.116236 0.416626 0.045205 -0.374216 -0.288646 -0.495646 0.363670 -0.611552 -0.296700 -0.122504 0.250132 0.092909 0.426346 -0.079614 0.233569 -0.320284 -0.135856 -0.269351 -0.291115 0.532744 -0.066258 0.797294 -0.088215 0.355452 0.047419 0.226454 0.239798 0.389115 0.586973 0.381805 0.455674 -0.194970 -0.516891 0.557894 -0.013652 -0.375560 -0.065900 -0.367539 -0.373966 -0.352551 -0.075134 -0.065874 0.063253 0.031070 0.015369 -0.064391 -0.128359 -0.272047 0.089296 -0.172371 -0.020541 -0.009203 0.168547 0.101023 -0.105209 0.029663 -0.052618 -0.018993 0.072732 0.244254 0.100627 -0.138397 0.081279 0.178790 -0.037740
-0.091445 -0.287893 -0.198970 0.007503 0.087213 0.169930 -0.175252 0.048317 -0.040265 0.013404 -0.191982 -0.040441 -0.218690 0.048774 0.146285 0.497724 -0.036159 0.077325 -0.175062 -0.190136 0.405069 0.175999 -0.147585 0.041886 0.216075 0.355164 0.041217 -0.055883 0.069012 1.000000 -0.121495 -0.055042 -0.103902 -0.125867 -0.072197 -0.174759 -0.032103 0.270724 0.225656 0.036314 0.300239 0.329260 -0.120414 -0.133717 -0.138835 -0.170373 -0.206077 -0.186724 -0.124609 -0.155052 -0.036945 -0.142121 0.191384 -0.109841 0.164530 0.031291 -0.016054 -0.420617 -0.121772 -0.085796 0.015292 -0.317828 -0.133178 -0.340784 -0.088695 -0.406083 -0.184463 -0.204695 -0.095121 -0.181938 0.026229 0.569035 0.326743 0.885716 0.320270 0.501267 0.455279 0.493474 -0.058674 0.170852 -0.068798 -0.111065 -0.076145 -0.011518 -0.020100 0.253230 0.066029 -0.277938 0.082839 0.102444 0.003383 0.035118 -0.119465 -0.156058 -0.004326 0.071039 -0.084633 -0.209760 -0.221703 -0.342553 -0.060345 -0.200392 -0.234642 -0.306743 -0.243501 -0.258392 0.051619 0.146741 -0.130935 0.174577 -0.199719 -0.205981 -0.257695 -0.350577 -0.250521 -0.232834
-0.272894 -0.150193 0.003876 0.319244 0.152263 0.006080 0.039450 0.449920 0.306909 0.174847 -0.101439 0.215853 0.460556 0.403048 0.308180 0.079933 -0.369640 -0.160480 0.014655 0.136172 0.172267 -0.135900 0.290940 0.279968 0.385792 0.214814 -0.218797 -0.167629 0.100935 -0.121495 1.000000 0.754600 -0.166484 0.025517 -0.372829 -0.227193 0.003027 -0.075482 -0.259851 -0.247093 0.151614 0.061805 -0.298611 -0.223104 -0.345533 -0.299439 -0.196129 -0.081263 -0.204463 -0.307685 -0.220472 -0.362573 -0.148263 -0.054666 -0.182698 -0.121528 -0.181065 -0.104773 -0.048089 0.093489 -0.268802 0.180557 -0.219142 -0.181308 -0.368174 -0.096339 -0.291245 -0.085310 -0.002394 0.160774 0.488876 0.188252 0.193024 -0.121149 0.397876 0.315381 -0.306944 -0.087167 0.053604 -0.169155 -0.216644 -0.229851 0.078217 -0.126374 -0.139153 -0.269479 -0.160648 0.032349 -0.176031 -0.163276 0.078080 -0.033904 -0.042255 -0.133675 -0.140013 -0.002110 -0.148394 -0.101584 0.001747 -0.115109 0.043184 -0.107687 -0.057519 -0.118762 -0.011296 -0.021448 0.070222 0.134557 -0.101993 0.042278 -0.184916 -0.186498 -0.140746 -0.072092 -0.026098 0.006992
-0.220252 -0.002861 0.155160 0.195481 0.099612 -0.142015 0.015044 0.502506 0.201838 0.059692 0.008632 0.218015 0.342300 0.496319 0.182760 0.028820 -0.249487 -0.020776 0.076923 0.162676 0.016776 -0.138337 0.449834 0.337050 0.257593 0.110207 -0.242872 -0.254426 0.138291 -0.055042 0.754600 1.000000 -0.028956 0.178160 -0.153205 -0.046928 -0.216617 -0.250598 -0.433185 -0.301592 -0.022512 -0.025227 -0.367494 -0.347652 -0.118771 -0.051139 -0.436521 -0.089366 0.036064 0.020719 -0.095462 -0.324062 -0.091028 -0.130541 -0.333572 -0.319917 -0.168624 -0.070925 -0.004381 0.001323 -0.217277 0.050405 -0.168906 -0.071874 -0.255783 0.019142 -0.167036 0.063971 -0.023311 0.070868 0.315015 0.313408 0.116731 -0.071866 0.199019 0.173709 -0.204532 -0.089479 0.039108 -0.107708 -0.014315 -0.148479 0.000161 -0.195129 -0.079202 -0.312213 -0.145633 0.053344 -0.167389 -0.228388 0.106576 -0.124423 -0.055322 -0.268732 -0.274712 -0.217817 -0.161570 -0.336187 0.003466 -0.248615 -0.019153 -0.074565 -0.194242 -0.228183 -0.169229 -0.196466 -0.108762 -0.067560 -0.269687 -0.149932 -0.172151 -0.241864 -0.237102 -0.236892 -0.194394 -0.282479
0.238803 0.422910 0.250954 -0.197366 -0.370761 -0.202233 0.246479 0.139601 -0.367189 -0.261225 0.117198 -0.072419 0.242979 -0.077956 -0.303286 -0.214384 0.165873 -0.049927 0.040954 0.109015 -0.211435 -0.008569 0.177135 0.069474 -0.296517 -0.366114 -0.213077 -0.198279 0.190972 -0.103902 -0.166484 -0.028956 1.000000 0.872022 0.290109 0.195000 -0.437429 -0.349890 -0.321487 -0.391970 -0.418114 -0.275916 -0.032148 -0.113611 0.354788 0.359812 -0.222663 0.125698 0.325706 0.284548 0.516375 -0.010393 0.178462 -0.069627 -0.548679 -0.456582 0.151496 0.269332 -0.199820 -0.129367 0.388651 0.118396 0.251069 0.085746 0.389243 0.184440 0.117230 0.413909 -0.190105 0.063021 -0.245687 -0.273818 0.043166 -0.065879 -0.065296 -0.134968 0.155386 -0.036448 -0.047337 0.054012 0.231139 0.073994 -0.238715 -0.105727 0.008999 -0.116680 -0.052976 0.014274 -0.457513 -0.226481 -0.200206 -0.284547 -0.255559 -0.089435 -0.154254 -0.362947 0.049369 -0.469719 -0.239725 -0.288355 -0.052272 -0.039635 -0.321765 -0.107550 -0.341413 -0.166376 -0.290625 -0.046468 -0.250489 -0.196850 0.300925 -0.023023 -0.277029 -0.305007 -0.318320 -0.410070
0.123932 0.404845 0.292250 -0.089150 -0.263343 -0.211991 0.263276 0.299055 -0.215412 -0.242263 0.035120 -0.033118 0.294369 -0.053243 -0.225546 -0.205832 0.072084 -0.063837 0.036834 0.140014 -0.135152 -0.037384 0.283894 0.171212 -0.189688 -0.353310 -0.175061 -0.225098 0.168475 -0.125867 0.025517 0.178160 0.872022 1.000000 0.250391 0.197225 -0.556516 -0.452852 -0.422366 -0.507116 -0.449916 -0.297077 -0.127732 -0.169675 0.304249 0.288564 -0.382769 0.129508 0.285615 0.260650 0.425646 -0.065467 0.069594 -0.092091 -0.601204 -0.503804 0.051397 0.278260 -0.150869 -0.155332 0.235509 0.258077 0.126200 0.173978 0.200614 0.333837 0.087956 0.459323 -0.158174 0.164805 -0.145673 -0.248692 0.052228 -0.146977 -0.087529 -0.190593 -0.004612 -0.135345 -0.011936 0.035652 0.163834 -0.025503 -0.240874 -0.198609 -0.006826 -0.196348 -0.055410 -0.054042 -0.478056 -0.318743 -0.145443 -0.202214 -0.261511 -0.088632 -0.245954 -0.407936 -0.014326 -0.460846 -0.166992 -0.278358 0.034610 -0.065807 -0.198767 -0.095276 -0.260303 -0.084209 -0.210150 -0.024272 -0.280202 -0.211493 0.230590 -0.016651 -0.249321 -0.225149 -0.232318 -0.384514
0.257327 0.219409 0.131980 -0.298508 -0.271458 -0.160791 0.011199 -0.280885 -0.303691 -0.190601 0.147642 -0.082394 -0.103318 -0.117943 -0.171069 -0.198362 0.232822 0.008309 0.179471 0.158416 -0.417365 -0.331887 -0.088215 -0.219127 -0.353592 -0.332532 -0.091775 0.015002 -0.138254 -0.072197 -0.372829 -0.153205 0.290109 0.250391 1.000000 0.700077 -0.261873 -0.061212 -0.008320 -0.112667 -0.199229 -0.081320 -0.042703 0.034463 0.458116 0.347018 -0.137297 0.251231 0.404910 0.338226 0.201388 0.253048 -0.081566 -0.068097 -0.027817 -0.211345 0.146038 0.130765 0.163716 0.107887 0.187241 -0.163498 0.134977 -0.024088 0.331949 0.083205 0.495052 0.532130 0.082067 0.154947 -0.530707 -0.341412 -0.299993 -0.075016 -0.311664 -0.278758 0.077502 0.168104 -0.182855 0.011913 0.193035 0.079603 0.015394 0.181179 0.007086 -0.131816 0.001128 -0.092750 -0.130804 0.138142 -0.005684 -0.225746 -0.095389 -0.032200 0.153751 -0.133920 0.406642 -0.092631 0.222127 -0.237891 0.136333 -0.083776 -0.121523 -0.194166 -0.345512 -0.244700 -0.244709 0.116339 0.015235 0.068653 0.375010 0.039831 -0.147787 -0.164041 -0.301055 -0.303020
0.352406 0.233288 0.332334 -0.343994 -0.231910 0.010413 0.284881 -0.285087 -0.229626 -0.099688 0.186581 0.014324 0.002244 -0.018396 -0.179980 -0.175716 0.097929 -0.098708 0.215980 0.244558 -0.282797 -0.131035 0.106941 0.003287 -0.279021 -0.266613 -0.018639 0.154076 -0.193355 -0.174759 -0.227193 -0.046928 0.195000 0.197225 0.700077 1.000000 -0.227734 0.033414 -0.134553 -0.191422 -0.151799 -0.021555 -0.092007 0.016459 0.465770 0.284825 -0.175743 0.293182 0.495739 0.347081 0.251056 0.284076 -0.125879 -0.155281 -0.103462 -0.333822 0.124064 0.088258 0.292804 0.039216 0.047396 -0.170695 -0.024127 -0.075423 0.154355 0.053538 0.495187 0.629512 0.118761 0.248141 -0.369648 -0.236282 -0.317899 -0.146580 -0.282954 -0.264821 -0.030496 0.046166 -0.217563 0.037953 0.133259 0.098420 -0.016491 0.186497 -0.092287 -0.079468 -0.107547 -0.145860 -0.257053 0.047402 0.137124 -0.174699 -0.071521 -0.082270 0.051518 -0.295504 0.238549 -0.148286 0.272767 -0.236522 0.241158 0.054010 -0.107330 -0.182358 -0.396542 -0.107163 -0.204727 0.118109 -0.062523 -0.058949 0.355912 0.049734 -0.014754 -0.244930 -0.286569 -0.266355
