1.000000 0.641637 0.479738 -0.123128 0.094805 -0.156365 0.327072 -0.020687 -0.092603 -0.213898 -0.227112 -0.089403 -0.349037 -0.251624 -0.217552 -0.003257 -0.139805 -0.250775 0.326003 0.658800 -0.111471 -0.132000 -0.344617 -0.008034 -0.395068 -0.472793 -0.086825 -0.200575 -0.221104 -0.318923 -0.351105 -0.579133 0.471192 0.329998 -0.167437 -0.132038 0.109266 -0.150837 0.492472 0.072236 -0.358421 -0.041046 0.415494 0.377134 -0.118603 -0.061175 0.053589 -0.095583 0.335991 0.149555 0.182537 0.445421 -0.141718 -0.384801 0.096476 -0.172006 0.728413 0.449279 0.232242 0.223112 0.308639 0.455716 0.226731 0.214270 -0.005819 0.328571 0.024233 0.004342 0.198317 0.151547 -0.117405 -0.115379 0.101945 -0.033530 0.059704 -0.157113 0.157901 0.321673 -0.352587 -0.163407 -0.194811 -0.423845 0.066236 0.040229 -0.294927 -0.299466 0.029027 -0.023594 -0.001648 -0.056612 0.322500 0.005405 -0.396205 -0.210481 -0.217583 0.045925 -0.353958 -0.101060 -0.019514 0.159363 0.298107 0.074229 -0.192403 -0.087619 -0.266648 -0.148835 -0.195807 0.080495 -0.293920 -0.285389 0.017988 -0.182996 -0.148691 -0.015561 -0.206685 0.000761
0.641637 1.000000 0.556768 -0.247939 0.080148 -0.314881 0.267433 0.309609 0.022997 -0.238637 -0.397853 -0.024422 -0.493989 -0.156468 -0.334701 -0.080175 -0.037097 -0.240028 -0.135106 0.533867 -0.005285 -0.152391 -0.474265 -0.033824 -0.598879 -0.685412 -0.123963 -0.312635 -0.373087 -0.414249 -0.432685 -0.687284 0.694736 0.547969 0.116764 0.079506 0.115697 -0.252424 0.543535 0.037354 -0.633155 -0.182827 0.504422 0.672540 -0.125175 -0.065852 0.096485 0.209207 0.232586 0.349034 0.082119 0.674123 -0.207598 -0.494944 0.093853 -0.236357 0.549107 0.657475 0.237928 0.285723 -0.065537 0.740969 0.033039 0.092712 -0.234220 0.547157 0.308605 0.202528 0.638200 0.466870 -0.176400 -0.375871 0.357040 -0.226177 0.228164 -0.473401 0.050594 0.343880 -0.332180 0.112251 -0.173237 -0.344029 -0.059658 -0.020192 -0.135315 -0.216793 -0.259030 -0.072200 0.086658 -0.169369 0.421757 0.148607 -0.386706 -0.362482 -0.075951 -0.087919 -0.335096 0.000152 0.061836 0.338124 0.165573 -0.087525 -0.106217 -0.315541 -0.386603 -0.307264 0.071314 -0.036950 -0.082027 -0.104202 0.442559 0.130574 0.097274 0.154910 0.033783 0.029539
0.479738 0.556768 1.000000 0.125379 -0.009157 -0.335837 0.507724 0.314697 -0.081535 -0.365232 -0.055547 -0.393731 -0.415811 -0.195727 -0.444507 -0.158285 0.169276 -0.382999 0.135130 0.532743 0.231018 0.262928 0.016959 0.049585 -0.649736 -0.622521 0.030042 -0.209995 -0.263659 -0.525263 0.025034 -0.191826 0.438997 0.251958 0.083286 -0.104752 -0.074811 -0.386422 0.175288 -0.373674 -0.687709 0.046236 0.431328 0.383911 0.115541 -0.065404 0.250005 0.294087 0.042781 0.119651 0.189689 0.465270 -0.054319 -0.057113 -0.133641 -0.046883 0.366329 0.274787 0.017640 0.084898 -0.028822 0.368648 0.241325 -0.160864 -0.145438 0.127683 -0.041378 0.093901 0.345989 0.069918 0.000827 -0.119324 0.342060 -0.308761 0.207992 -0.537202 0.077883 0.157506 -0.016210 -0.000113 -0.053083 -0.477127 -0.135962 -0.016661 0.110354 -0.177271 -0.347230 -0.058287 -0.106831 -0.011937 0.269462 -0.025377 -0.109486 -0.118155 -0.416356 -0.332879 -0.250189 -0.324212 0.142884 0.184688 -0.009792 0.012837 -0.028870 -0.075078 -0.268503 -0.238573 -0.055728 -0.300851 -0.202747 -0.202074 0.128303 0.094842 0.158954 0.190877 -0.174790 -0.323564
-0.123128 -0.247939 0.125379 1.000000 0.252883 0.510773 0.338312 0.470249 0.094141 0.270104 0.156573 0.071754 0.390620 -0.119967 0.446731 0.505186 0.010075 0.250318 0.338147 0.082559 0.004548 0.058861 0.616799 0.604591 0.353857 0.458540 0.564583 0.618517 0.425026 0.255511 0.171760 0.198725 -0.098320 -0.206060 -0.119484 -0.452452 -0.287897 0.059003 -0.167440 -0.011184 0.091847 0.059833 -0.282517 -0.286567 -0.006525 -0.116320 -0.086588 -0.265950 0.001376 -0.061971 0.015768 -0.160641 -0.131068 0.209743 -0.149638 -0.152301 -0.276163 -0.368811 -0.434093 -0.053066 -0.159795 -0.233689 -0.023534 -0.186431 -0.123480 -0.007425 -0.488469 -0.182453 -0.525438 -0.477739 0.292856 0.008963 -0.056817 0.019944 -0.303327 0.182809 -0.284756 -0.417771 -0.013443 -0.103690 -0.105411 -0.185386 -0.210668 0.353223 -0.181124 -0.168103 0.065543 0.211249 -0.352789 0.145164 -0.469223 -0.538135 0.054677 -0.167664 0.003380 -0.026675 -0.212746 -0.050556 -0.400798 -0.532181 -0.058470 -0.112795 -0.262308 -0.176208 -0.294150 -0.310867 -0.243859 0.108350 -0.129147 -0.176424 -0.379249 -0.188368 -0.249111 -0.335919 -0.298786 0.028675
0.094805 0.080148 -0.009157 0.252883 1.000000 0.537624 0.349573 0.009462 0.739088 0.683850 -0.371431 0.131883 0.097279 0.026811 0.209572 0.120347 -0.284927 -0.007329 0.013698 0.146595 0.193023 0.144341 -0.090667 0.360726 0.441520 0.236149 0.674921 0.552639 -0.244939 0.062106 -0.082708 -0.231449 -0.162644 -0.253033 -0.347423 -0.130265 -0.263122 -0.137146 0.082016 0.050891 -0.237484 -0.205734 -0.155472 -0.021983 -0.397884 -0.395245 -0.230917 -0.302598 0.039790 -0.032545 -0.231047 0.160120 -0.384444 -0.179750 0.057314 -0.117987 -0.033538 -0.307098 -0.071788 0.185574 -0.107616 -0.093028 -0.130521 -0.354102 -0.273540 0.311700 -0.344032 -0.124527 -0.225145 -0.203247 0.277927 0.086283 -0.228638 0.256205 -0.293651 -0.024607 -0.302263 0.028402 -0.541994 -0.287353 -0.525342 -0.162398 -0.179963 -0.105533 -0.547246 0.006674 -0.193534 0.238198 -0.101606 0.251262 -0.230518 0.060458 0.159337 -0.011512 -0.021895 0.080147 -0.063224 0.098319 -0.157242 -0.002524 -0.088336 0.010554 -0.147523 0.145969 -0.073798 0.119344 -0.053973 0.102645 -0.048939 0.145375 0.002116 -0.202428 -0.216356 -0.107353 -0.184514 -0.021717
-0.156365 -0.314881 -0.335837 0.510773 0.537624 1.000000 0.202624 0.135533 0.531113 0.820750 -0.127650 0.372276 0.498860 0.127728 0.598724 0.535532 -0.288262 0.419214 0.138961 -0.184597 -0.159986 -0.169530 0.281407 0.507607 0.773333 0.764264 0.710631 0.788298 0.316795 0.539960 0.035913 0.011350 -0.261169 -0.386993 -0.313780 -0.308098 -0.152812 0.253187 -0.090830 0.198984 0.329979 -0.268155 -0.360286 -0.308066 -0.183958 -0.117510 -0.287964 -0.442248 0.112897 -0.005934 0.061161 -0.155577 -0.088317 -0.060470 0.014321 -0.279348 -0.271498 -0.352455 -0.265174 -0.046462 -0.131947 -0.412254 -0.144510 -0.141300 -0.177285 0.014584 -0.355582 -0.299119 -0.521726 -0.365793 0.210313 0.054269 -0.366613 0.347983 -0.489584 0.458662 -0.449263 -0.385249 -0.361537 -0.251378 -0.298768 0.041223 -0.257628 0.264078 -0.362130 -0.100637 0.130055 0.213798 -0.306157 0.066778 -0.539420 -0.350426 0.018934 -0.203006 0.263159 0.292641 -0.228528 0.234048 -0.451267 -0.497511 -0.066766 -0.158341 -0.350322 -0.177855 -0.176892 -0.108112 -0.190580 0.347572 0.027933 0.018490 -0.290070 -0.304469 -0.405986 -0.492188 -0.215460 0.365820
0.327072 0.267433 0.507724 0.338312 0.349573 0.202624 1.000000 0.519439 0.283992 0.152802 -0.080091 0.228319 0.253444 -0.073995 0.056235 0.258408 -0.251621 0.102183 0.191493 0.277647 -0.143936 -0.151917 0.237013 0.475951 -0.015089 -0.088458 0.226068 0.197126 -0.061167 0.014186 -0.161608 -0.334624 0.329961 0.172640 -0.122689 -0.305129 -0.137006 -0.191334 0.226496 0.193189 -0.325312 -0.052762 0.113054 0.068842 -0.021140 -0.046128 -0.213988 -0.204255 0.400102 0.244026 0.234489 0.257035 -0.260411 -0.115789 -0.067099 -0.308923 0.041765 -0.058181 -0.022965 0.121613 0.049693 0.232668 0.091436 0.023563 -0.020345 0.266537 -0.084926 -0.001974 -0.226315 -0.144059 0.231824 -0.146141 -0.115260 -0.073473 -0.301371 -0.134448 -0.128632 -0.022050 -0.331383 -0.313645 -0.352006 -0.465388 -0.114079 0.328619 -0.257564 -0.480327 0.074460 0.192467 -0.162453 -0.141745 -0.152158 -0.160888 -0.069814 -0.242308 0.107590 0.000904 -0.248446 0.083211 -0.402587 -0.081571 0.197236 -0.107458 -0.376506 -0.348505 -0.498946 -0.406623 -0.162503 -0.009951 -0.124984 -0.048404 0.080184 -0.100669 -0.143334 -0.103643 -0.165229 0.150787
-0.020687 0.309609 0.314697 0.470249 0.009462 0.135533 0.519439 1.000000 0.021197 0.031429 0.033461 0.291468 0.118243 0.023133 0.120042 0.375379 0.023306 0.355368 -0.137679 0.009228 -0.166645 -0.185427 0.267499 0.293746 -0.153910 -0.090880 0.208911 0.197052 0.072999 0.154290 -0.192028 -0.212344 0.358212 0.259248 0.117814 -0.120558 -0.169038 -0.029432 0.091039 0.152203 -0.169004 0.012472 -0.083924 0.114290 0.085840 0.117270 -0.163338 0.015763 0.127269 0.279014 0.126149 0.156653 -0.126616 -0.038869 -0.151920 -0.163246 -0.070698 0.035840 -0.152034 0.008307 -0.223505 0.272479 -0.044029 0.176743 -0.143132 0.280724 0.012405 0.145048 0.035519 -0.019724 0.034570 -0.368741 0.135668 -0.255510 -0.132568 -0.261370 -0.219162 -0.155821 0.057624 0.195748 -0.029258 -0.166647 -0.156847 0.396854 0.012066 -0.215797 0.075739 0.238943 -0.205398 -0.089531 -0.142386 -0.316149 -0.153118 -0.354922 0.112386 -0.096763 -0.273100 0.042794 -0.365270 -0.164826 0.077554 -0.104483 -0.310798 -0.495716 -0.550296 -0.602006 0.051832 -0.111391 -0.116849 -0.101827 0.113845 0.071580 0.030778 -0.066906 -0.105901 0.096953
-0.092603 0.022997 -0.081535 0.094141 0.739088 0.531113 0.283992 0.021197 1.000000 0.688556 -0.336141 0.162223 0.072804 0.128503 0.132975 -0.118795 -0.372156 0.103403 -0.110041 -0.105628 0.214202 0.125253 -0.112760 0.244875 0.506862 0.296420 0.570964 0.431854 -0.274338 0.132846 0.060842 -0.085055 -0.099735 -0.212304 -0.205975 -0.044917 -0.281632 -0.033443 0.117261 -0.007553 -0.147164 -0.312128 -0.195574 -0.056615 -0.309346 -0.401119 -0.284592 -0.216633 0.070225 -0.105018 -0.062414 0.132941 -0.314942 -0.203292 -0.070647 -0.184966 -0.089588 -0.201082 -0.008863 0.041222 -0.203706 -0.123422 -0.139190 -0.359390 -0.262523 0.147721 -0.148044 -0.158050 -0.114154 -0.072743 0.158016 -0.000552 -0.278645 0.305159 -0.214931 -0.004437 -0.427399 -0.019863 -0.454452 -0.096691 -0.568049 0.040397 -0.306094 -0.156289 -0.392764 0.145498 -0.274395 0.017567 -0.088836 0.054954 -0.203406 0.144150 0.179961 -0.033065 0.028746 0.158572 -0.205070 0.160860 -0.086686 -0.057147 -0.192976 -0.081405 -0.085678 0.062452 -0.001012 0.111911 0.012976 0.159238 0.109838 0.144810 0.060880 -0.141451 -0.124611 -0.162442 -0.083545 0.095358
-0.213898 -0.238637 -0.365232 0.270104 0.683850 0.820750 0.152802 0.031429 0.688556 1.000000 -0.157007 0.423450 0.441852 0.309321 0.435596 0.349448 -0.319278 0.312483 -0.176923 -0.232595 -0.128280 -0.118400 0.047655 0.336944 0.665649 0.585669 0.702314 0.753050 0.086394 0.384854 -0.057243 -0.039701 -0.319947 -0.305808 -0.273239 -0.154422 -0.158628 0.047610 -0.136144 0.213291 0.162845 -0.346397 -0.322487 -0.176503 -0.169299 -0.085098 -0.263291 -0.285506 0.168471 0.062658 0.018824 -0.028493 -0.202123 -0.010997 0.072572 -0.217583 -0.331619 -0.369747 -0.102538 0.052661 0.017863 -0.248909 -0.061990 -0.177923 -0.004313 0.172595 -0.283361 -0.202380 -0.403449 -0.286624 0.240797 0.069152 -0.345574 0.308537 -0.446565 0.302175 -0.405690 -0.165590 -0.366320 -0.165940 -0.293717 0.054509 -0.151547 -0.078576 -0.299890 -0.068630 0.054803 0.295624 -0.169416 0.086150 -0.402804 -0.075066 0.137355 -0.132301 0.270117 0.274617 -0.093335 0.261350 -0.363411 -0.272915 -0.136969 -0.119270 -0.354403 -0.068735 -0.179168 -0.050156 -0.030609 0.251837 0.070645 0.175670 -0.104237 -0.297654 -0.388945 -0.369842 -0.185022 0.247136
-0.227112 -0.397853 -0.055547 0.156573 -0.371431 -0.127650 -0.080091 0.033461 -0.336141 -0.157007 1.000000 -0.180888 0.389983 -0.107943 -0.147135 0.034843 0.434889 -0.006555 0.216894 -0.313369 -0.059781 0.040239 0.516637 -0.210346 0.009714 0.126594 -0.051415 0.056967 0.301294 -0.025775 0.310534 0.464646 -0.233876 -0.021802 0.094091 -0.203970 -0.006533 0.141625 -0.334495 -0.081912 0.413856 0.315431 -0.222264 -0.459262 0.298095 0.181808 0.094573 -0.030861 -0.267510 -0.283714 0.053906 -0.518783 0.355852 0.446795 -0.119106 0.114867 -0.212237 -0.125142 -0.127772 -0.323086 0.143971 -0.309332 0.176109 0.310036 0.348656 -0.392871 -0.252420 -0.130369 -0.248126 -0.296107 -0.135590 -0.073024 -0.159112 -0.221429 0.011540 0.064629 0.159901 -0.201504 0.648458 0.189591 0.456310 0.019911 -0.065388 -0.008345 0.444983 0.054856 0.168396 0.137481 -0.072461 0.091587 0.011725 -0.208706 -0.028362 0.157176 -0.153558 -0.226402 0.066451 -0.329945 -0.102869 -0.374571 -0.107769 0.160347 0.041199 0.170003 0.172347 0.084570 -0.160943 -0.153378 -0.135798 -0.338692 -0.465007 -0.192551 -0.041568 -0.054138 -0.019979 -0.194164
-0.089403 -0.024422 -0.393731 0.071754 0.131883 0.372276 0.228319 0.291468 0.162223 0.423450 -0.180888 1.000000 0.433060 0.511226 0.576578 0.508934 -0.232888 0.756248 -0.337408 -0.201118 -0.607604 -0.532698 -0.114734 0.288206 0.345397 0.299767 0.109323 0.348291 0.396066 0.738845 -0.426925 -0.295639 0.036476 0.119942 -0.240647 0.031007 0.305411 0.346984 0.041471 0.602671 0.222392 -0.254608 -0.186286 -0.015347 -0.013534 0.176096 -0.347668 -0.250473 0.425839 0.288929 0.088773 -0.022016 -0.351100 -0.264387 0.136576 -0.439401 -0.278204 -0.056715 0.116757 0.114531 0.159558 0.065753 -0.028296 0.252007 0.143316 0.214819 0.134271 -0.063240 -0.214440 -0.027630 0.047572 -0.007062 0.043628 0.332672 -0.202131 0.443659 -0.160813 0.087980 -0.287280 0.048103 -0.041545 0.167415 0.142417 0.337546 -0.243085 -0.427867 0.381848 0.231166 -0.175823 -0.445303 -0.316623 -0.195221 -0.187792 -0.528930 0.762099 0.580543 -0.036477 0.646148 -0.486724 -0.248437 0.148746 -0.350771 -0.538755 -0.527613 -0.481154 -0.442923 0.067535 0.336236 0.362281 0.335746 0.176170 -0.162892 -0.396417 -0.456467 0.029710 0.709902
-0.349037 -0.493989 -0.415811 0.390620 0.097279 0.498860 0.253444 0.118243 0.072804 0.441852 0.389983 0.433060 1.000000 0.124581 0.464630 0.447420 -0.085828 0.446259 0.026636 -0.487158 -0.334201 -0.290444 0.624986 0.345161 0.616325 0.630254 0.228120 0.450477 0.504964 0.452356 0.145695 0.258546 -0.357658 -0.254797 -0.181429 -0.406635 -0.039660 0.273051 -0.153427 0.391908 0.545196 0.096198 -0.490811 -0.556871 0.070069 0.077220 -0.362930 -0.402094 0.105517 0.015035 0.036940 -0.454691 0.072656 0.329228 0.030980 -0.239433 -0.431349 -0.223232 -0.142119 -0.086582 -0.000202 -0.320655 -0.037290 0.136778 0.191122 -0.235949 -0.207625 -0.333561 -0.544606 -0.355557 0.222178 -0.110410 -0.404821 0.001695 -0.358469 0.447702 -0.260145 -0.482905 0.014568 -0.147461 0.072817 0.023229 0.008189 0.191588 -0.066650 -0.387422 0.367951 0.285898 -0.124047 -0.034489 -0.371516 -0.343735 0.022213 -0.046317 0.434768 0.162342 0.099907 0.144235 -0.550064 -0.486484 0.147899 -0.078228 -0.339062 -0.159428 -0.184181 -0.167837 -0.298295 0.193149 0.025005 -0.091209 -0.362852 -0.317037 -0.374789 -0.300377 -0.007620 0.320394
-0.251624 -0.156468 -0.195727 -0.119967 0.026811 0.127728 -0.073995 0.023133 0.128503 0.309321 -0.107943 0.511226 0.124581 1.000000 0.343716 0.234420 -0.127293 0.432629 -0.432586 -0.292754 -0.059191 0.006483 -0.218442 -0.116515 0.100616 0.137101 0.087405 0.215892 0.267453 0.455445 -0.119061 0.081857 -0.262202 -0.133470 -0.103163 0.215500 0.102598 0.135996 -0.315504 0.082282 0.124819 -0.053642 -0.310527 -0.027945 0.062316 0.040857 -0.275609 -0.042146 0.021474 0.028978 0.044663 -0.079423 -0.223747 -0.043313 -0.068147 -0.109866 -0.320040 -0.026405 0.267410 0.150539 0.181046 -0.033000 0.082437 -0.160303 0.152359 -0.111932 0.146280 -0.142701 0.007305 -0.036193 0.244885 0.099238 0.332300 0.270272 0.191397 0.215644 -0.280965 -0.030006 -0.040266 0.197366 0.088483 0.484978 0.164247 0.056323 0.113495 -0.096745 0.132755 0.152581 -0.008756 -0.054351 -0.155048 -0.120865 0.006623 -0.268523 0.233483 0.297746 0.050490 0.150068 -0.173396 -0.140945 -0.046900 -0.183091 -0.439558 -0.152676 -0.197755 -0.196565 -0.010955 0.005331 0.264100 0.159653 0.029976 -0.192633 -0.323504 -0.273534 -0.103193 0.193531
-0.217552 -0.334701 -0.444507 0.446731 0.209572 0.598724 0.056235 0.120042 0.132975 0.435596 -0.147135 0.576578 0.464630 0.343716 1.000000 0.656794 -0.269370 0.534137 0.077885 -0.056306 -0.355366 -0.371311 0.168092 0.436670 0.601657 0.641593 0.253851 0.497421 0.576807 0.737296 -0.121236 -0.001385 -0.234028 -0.264636 -0.258533 -0.130418 0.058241 0.330216 -0.199878 0.345533 0.383589 -0.237097 -0.367040 -0.238268 -0.059656 0.009615 -0.324965 -0.411980 0.171298 0.090549 -0.048932 -0.199852 -0.176124 -0.120836 0.118063 -0.351172 -0.429514 -0.337031 -0.143934 0.081796 -0.019759 -0.364301 -0.246462 -0.162539 -0.059034 -0.023725 -0.136434 -0.126927 -0.471900 -0.204732 0.262024 0.197096 -0.101336 0.305293 -0.320945 0.581627 -0.278927 -0.288045 -0.330140 -0.206252 -0.200354 0.204513 -0.060465 0.427182 -0.331813 -0.225995 0.336202 0.284676 -0.107824 -0.154715 -0.503703 -0.388672 -0.052679 -0.313856 0.489799 0.469126 -0.035348 0.394247 -0.479671 -0.477733 0.003412 -0.203519 -0.377236 -0.272901 -0.258746 -0.244100 -0.120258 0.363191 0.170939 0.145653 -0.211598 -0.235811 -0.465916 -0.468112 -0.035306 0.534816
-0.003257 -0.080175 -0.158285 0.505186 0.120347 0.535532 0.258408 0.375379 -0.118795 0.349448 0.034843 0.508934 0.447420 0.234420 0.656794 1.000000 -0.155592 0.451610 0.153519 0.105162 -0.429164 -0.447601 0.261551 0.448930 0.252869 0.377274 0.271437 0.517486 0.566382 0.503163 -0.316538 -0.178516 0.036135 -0.013319 -0.160507 -0.234047 0.047688 0.117059 -0.145817 0.405674 0.211999 -0.174357 -0.182724 -0.128377 0.037381 0.161392 -0.255098 -0.340476 0.189236 0.256873 0.080440 -0.050227 -0.032581 -0.053337 0.104001 -0.380821 -0.311708 -0.130721 -0.122650 0.142712 0.095472 -0.089023 -0.079603 0.076210 -0.002867 0.172962 -0.071241 -0.038104 -0.385945 -0.194947 0.221481 -0.032149 -0.010151 0.026861 -0.356035 0.372660 -0.201570 -0.279691 -0.234252 -0.225114 0.014106 -0.065434 -0.019117 0.653894 -0.220310 -0.437857 0.371522 0.389090 -0.187233 -0.110686 -0.396870 -0.443242 -0.223533 -0.345558 0.433262 0.281830 -0.171354 0.267487 -0.646988 -0.415465 0.164352 -0.180133 -0.477771 -0.492796 -0.481144 -0.494685 -0.183845 0.185665 0.052354 0.015714 -0.145767 -0.217382 -0.456098 -0.381948 -0.114755 0.415289
-0.139805 -0.037097 0.169276 0.010075 -0.284927 -0.288262 -0.251621 0.023306 -0.372156 -0.319278 0.434889 -0.232888 -0.085828 -0.127293 -0.269370 -0.155592 1.000000 -0.100097 -0.022771 -0.035753 0.027998 0.212795 0.216009 -0.289452 -0.254671 -0.180354 -0.018571 -0.048388 0.207652 -0.106056 0.224375 0.263323 -0.022001 0.020291 -0.068787 -0.029777 0.205995 0.193794 -0.194106 -0.148673 0.087718 0.240059 0.004248 -0.093609 0.075586 0.094903 0.286772 0.215170 -0.468615 -0.198803 -0.195679 -0.268307 0.169629 0.176037 -0.204890 0.213759 -0.016592 0.115257 -0.101978 -0.205667 -0.095075 -0.139647 0.129141 0.142053 -0.055225 -0.305783 -0.116315 -0.106067 0.202271 -0.105232 -0.232621 -0.063057 0.353273 -0.163516 0.388520 -0.145590 0.269816 0.014438 0.628170 0.407381 0.618841 0.087868 0.156799 -0.117631 0.298380 0.206639 -0.006706 -0.054741 -0.054986 -0.002188 0.095854 -0.211177 -0.077798 0.042527 -0.203789 -0.295372 0.114756 -0.263686 0.192406 -0.118290 -0.197759 0.165510 0.137631 0.145849 0.138652 0.043182 -0.022183 -0.369154 -0.003322 -0.116603 -0.179647 0.121961 0.146929 0.132259 -0.008349 -0.245841
-0.250775 -0.240028 -0.382999 0.250318 -0.007329 0.419214 0.102183 0.355368 0.103403 0.312483 -0.006555 0.756248 0.446259 0.432629 0.534137 0.451610 -0.100097 1.000000 -0.183844 -0.338730 -0.382133 -0.349870 0.079294 0.105447 0.367481 0.412485 0.255087 0.444825 0.548738 0.765290 -0.184579 0.001278 -0.106258 -0.064297 -0.066144 -0.018716 0.046944 0.433413 -0.194741 0.405936 0.358068 -0.105839 -0.426857 -0.224900 0.133373 0.132765 -0.331722 -0.192238 0.142414 0.143601 0.103568 -0.203025 -0.231141 -0.029695 -0.087576 -0.196929 -0.340043 -0.128866 -0.002182 -0.079714 -0.020318 -0.165931 -0.035515 0.254903 0.002820 -0.098488 0.083894 -0.190825 -0.242871 -0.181107 0.041257 -0.149585 0.124045 0.179998 -0.046407 0.306288 -0.419599 -0.166865 0.007203 0.345526 0.093599 0.416228 0.023207 0.442831 -0.128990 -0.295142 0.343701 0.301740 -0.334829 -0.238133 -0.389870 -0.387517 -0.178181 -0.444881 0.512940 0.447130 -0.067631 0.437844 -0.416648 -0.404950 0.071083 -0.294190 -0.421727 -0.420150 -0.288761 -0.359538 0.000567 0.194510 0.271600 0.163642 -0.075895 -0.172183 -0.324285 -0.494470 -0.034269 0.542082
0.326003 -0.135106 0.135130 0.338147 0.013698 0.138961 0.191493 -0.137679 -0.110041 -0.176923 0.216894 -0.337408 0.026636 -0.432586 0.077885 0.153519 -0.022771 -0.183844 1.000000 0.442674 0.170218 0.025314 0.262888 0.133241 0.154091 0.174917 0.120775 0.080564 0.147275 -0.056308 0.088930 0.010547 0.031136 -0.141744 -0.111014 -0.384524 -0.110154 0.130894 0.149297 -0.019972 0.190182 0.249232 -0.014830 -0.336697 -0.173999 -0.173502 -0.020342 -0.380786 -0.108652 -0.276044 -0.062495 -0.223808 0.161804 0.022699 0.081945 0.072889 0.117796 -0.054165 -0.190293 0.012740 0.076966 -0.249159 -0.082197 -0.032213 -0.066171 -0.145093 -0.315571 -0.104903 -0.381113 -0.201754 0.127409 0.062795 -0.229486 0.122195 -0.048929 0.194057 0.128698 -0.150721 -0.076403 -0.340824 -0.269218 -0.199964 -0.151405 0.372962 -0.293499 -0.007982 0.119772 -0.030273 0.032358 0.227356 -0.040665 -0.290646 -0.187727 0.092997 -0.233262 -0.018773 -0.248495 -0.249722 -0.151550 -0.338357 -0.008587 0.153034 0.073264 0.108460 0.121280 0.109727 -0.338316 0.051284 -0.237586 -0.373570 -0.429356 -0.216926 -0.155888 -0.113139 -0.168848 -0.101021
0.658800 0.533867 0.532743 0.082559 0.146595 -0.184597 0.277647 0.009228 -0.105628 -0.232595 -0.313369 -0.201118 -0.487158 -0.292754 -0.056306 0.105162 -0.035753 -0.338730 0.442674 1.000000 -0.010064 -0.073603 -0.352793 0.107013 -0.426241 -0.465053 -0.014887 -0.101918 -0.171274 -0.325641 -0.368771 -0.516849 0.476232 0.324748 -0.102688 -0.055367 0.096782 -0.320573 0.323245 -0.067857 -0.536949 -0.163228 0.501253 0.411618 -0.134304 -0.018338 0.213697 -0.006547 0.200286 0.217512 0.064945 0.505178 -0.163778 -0.353711 0.140205 -0.139159 0.378355 0.205034 0.106559 0.308586 0.247832 0.326165 0.080531 -0.070626 -0.077469 0.395657 0.065354 0.233023 0.142896 0.178485 0.047668 0.097860 0.239154 -0.007560 0.081165 -0.164927 0.298591 0.382799 -0.349303 -0.271554 -0.215825 -0.438300 0.036322 0.172076 -0.312408 -0.208536 -0.049542 -0.023138 0.054206 -0.053189 0.217674 -0.031496 -0.243424 -0.194271 -0.185838 0.014646 -0.255083 -0.041590 0.020069 0.145233 0.056506 0.003476 -0.041168 -0.116626 -0.253266 -0.188257 -0.049254 -0.012613 -0.150885 -0.006996 0.149133 -0.021418 -0.100030 0.015016 -0.163080 -0.036162
-0.111471 -0.005285 0.231018 0.004548 0.193023 -0.159986 -0.143936 -0.166645 0.214202 -0.128280 -0.059781 -0.607604 -0.334201 -0.059191 -0.355366 -0.429164 0.027998 -0.382133 0.170218 -0.010064 1.000000 0.813208 -0.002077 -0.183795 -0.057363 -0.094026 0.218258 -0.067320 -0.341670 -0.405979 0.379981 0.307012 -0.138249 -0.229550 0.079995 -0.004376 -0.359871 -0.202586 -0.000016 -0.596659 -0.146868 0.301862 -0.147946 -0.050408 -0.259126 -0.502273 -0.052832 0.055234 -0.490630 -0.414387 -0.338212 -0.044662 0.038423 0.083741 -0.193422 0.415318 0.068759 -0.014542 -0.020130 -0.001159 -0.371010 -0.123301 -0.131420 -0.529359 -0.397235 -0.181626 -0.183381 -0.108676 0.168987 -0.033162 0.275441 0.048976 0.109472 0.058389 0.283330 -0.309309 -0.106140 -0.135870 0.009117 0.035618 -0.222201 0.155882 -0.173021 -0.221666 -0.029654 0.479269 -0.543912 -0.194386 0.136001 0.616223 0.072437 0.071168 0.120842 0.292063 -0.654676 -0.477659 0.032076 -0.531134 0.337486 0.205401 -0.386506 0.158796 0.343016 0.428013 0.357116 0.321230 -0.009805 -0.248483 -0.226027 -0.186750 -0.108363 0.104514 0.299322 0.327526 -0.149030 -0.634086
-0.132000 -0.152391 0.262928 0.058861 0.144341 -0.169530 -0.151917 -0.185427 0.125253 -0.118400 0.040239 -0.532698 -0.290444 0.006483 -0.371311 -0.447601 0.212795 -0.349870 0.025314 -0.073603 0.813208 1.000000 0.102217 -0.143830 -0.086853 -0.072781 0.222504 0.020249 -0.270002 -0.364863 0.486018 0.463438 -0.263056 -0.262984 -0.046800 0.021365 -0.280355 -0.230628 -0.154799 -0.658212 -0.189638 0.371086 -0.105806 -0.064605 -0.199431 -0.426389 0.075944 0.128087 -0.464455 -0.471654 -0.288896 -0.124294 0.002877 0.190439 -0.283730 0.398898 0.059801 -0.148171 -0.056888 -0.115001 -0.196394 -0.198771 0.045483 -0.467826 -0.237854 -0.247089 -0.308518 -0.171988 0.084192 -0.199531 0.319171 0.251782 0.178543 0.103930 0.227754 -0.237720 0.022209 -0.066563 0.163377 0.074541 -0.002905 0.077994 0.017570 -0.329406 0.083131 0.473906 -0.467156 -0.250850 0.016961 0.511747 -0.072762 -0.010328 0.188617 0.277260 -0.633119 -0.543553 0.142300 -0.544085 0.333001 0.160067 -0.425282 0.218592 0.322057 0.505622 0.356744 0.321314 -0.068582 -0.286442 -0.247767 -0.142002 -0.099843 0.147694 0.275715 0.346276 -0.195882 -0.691638
-0.344617 -0.474265 0.016959 0.616799 -0.090667 0.281407 0.237013 0.267499 -0.112760 0.047655 0.516637 -0.114734 0.624986 -0.218442 0.168092 0.261551 0.216009 0.079294 0.262888 -0.352793 -0.002077 0.102217 1.000000 0.398603 0.316576 0.466387 0.196896 0.296017 0.395581 0.169301 0.482313 0.526514 -0.303771 -0.335953 -0.101694 -0.472639 -0.170424 0.190816 -0.238587 0.025276 0.401007 0.310123 -0.350113 -0.554252 0.065349 -0.072487 -0.054963 -0.230925 -0.237098 -0.244085 -0.027170 -0.535339 0.290003 0.517797 -0.138604 0.016589 -0.340991 -0.265548 -0.482120 -0.343255 -0.246283 -0.431041 -0.053843 -0.003893 0.031941 -0.415775 -0.455484 -0.333553 -0.443500 -0.430623 0.187106 -0.062944 -0.246680 -0.169382 -0.243676 0.149433 -0.094991 -0.642579 0.334967 -0.079065 0.200745 -0.108332 -0.114808 0.224301 0.182865 -0.047988 0.134024 0.132989 -0.131323 0.137441 -0.369837 -0.371108 0.146033 0.150446 0.004875 -0.242593 0.044004 -0.223675 -0.309035 -0.452671 -0.008065 0.065428 -0.057640 -0.027253 -0.035759 -0.107934 -0.288894 -0.128917 -0.189043 -0.287300 -0.455281 -0.085329 -0.026872 -0.049644 -0.079880 -0.101513
-0.008034 -0.033824 0.049585 0.604591 0.360726 0.507607 0.475951 0.293746 0.244875 0.336944 -0.210346 0.288206 0.345161 -0.116515 0.436670 0.448930 -0.289452 0.105447 0.133241 0.107013 -0.183795 -0.143830 0.398603 1.000000 0.372361 0.383695 0.295048 0.389819 0.230984 0.252715 -0.031231 -0.107489 0.143896 0.046164 -0.108856 -0.279142 -0.010455 -0.106156 0.107561 0.197123 -0.072957 -0.244140 0.118339 0.081693 -0.123644 -0.055725 -0.096347 -0.298216 0.349248 0.189002 0.152852 0.159338 -0.241131 -0.171180 -0.018280 -0.481599 -0.177257 -0.329812 -0.311630 0.017770 -0.084794 0.013216 -0.050850 -0.203420 -0.097561 0.304399 -0.330289 -0.150983 -0.479976 -0.313617 0.295592 0.125823 -0.143544 0.201841 -0.538153 0.322639 -0.146514 -0.153379 -0.469569 -0.439001 -0.291504 -0.392922 -0.163758 0.294132 -0.271791 -0.363501 0.059160 0.067340 -0.345391 -0.176605 -0.501315 -0.225768 0.044094 -0.227786 0.335020 0.093431 -0.106971 0.297393 -0.442097 -0.194800 0.041785 -0.308552 -0.257797 -0.372283 -0.370742 -0.313116 -0.114201 0.331103 0.019844 0.183363 0.071404 -0.070339 -0.273824 -0.258831 -0.148962 0.325965
-0.395068 -0.598879 -0.649736 0.353857 0.441520 0.773333 -0.015089 -0.153910 0.506862 0.665649 0.009714 0.345397 0.616325 0.100616 0.601657 0.252869 -0.254671 0.367481 0.154091 -0.426241 -0.057363 -0.086853 0.316576 0.372361 1.000000 0.903585 0.488597 0.602320 0.325592 0.580215 0.246883 0.260731 -0.488813 -0.511550 -0.323359 -0.269663 -0.107929 0.386266 -0.142864 0.245536 0.582613 -0.128051 -0.549504 -0.572576 -0.266730 -0.218259 -0.397491 -0.550782 -0.022451 -0.241190 -0.168087 -0.460769 -0.092789 0.036218 0.037463 -0.165099 -0.411192 -0.471278 -0.233664 -0.081993 -0.153191 -0.576313 -0.246264 -0.175437 -0.109299 -0.212260 -0.373937 -0.316388 -0.622353 -0.349583 0.207511 0.190667 -0.529495 0.426803 -0.406632 0.614627 -0.361034 -0.388501 -0.248528 -0.245591 -0.309162 0.245458 -0.152928 0.130425 -0.375342 0.081903 0.155627 0.104858 -0.107620 0.072681 -0.468065 -0.228090 0.163960 0.060729 0.325640 0.328868 -0.004458 0.249666 -0.311301 -0.504361 -0.112334 -0.057411 -0.117355 0.077187 0.148830 0.201346 -0.166765 0.374540 0.151371 0.053707 -0.395449 -0.312514 -0.337266 -0.372875 0.019288 0.344067
-0.472793 -0.685412 -0.622521 0.458540 0.236149 0.764264 -0.088458 -0.090880 0.296420 0.585669 0.126594 0.299767 0.630254 0.137101 0.641593 0.377274 -0.180354 0.412485 0.174917 -0.465053 -0.094026 -0.072781 0.466387 0.383695 0.903585 1.000000 0.433941 0.643696 0.497492 0.605594 0.301850 0.389687 -0.523219 -0.508242 -0.201996 -0.213366 -0.101737 0.444150 -0.300214 0.190840 0.658846 -0.060465 -0.545715 -0.577223 -0.171279 -0.159546 -0.286019 -0.434955 -0.077627 -0.259768 -0.117150 -0.533352 0.029899 0.173901 -0.001497 -0.139700 -0.532830 -0.509703 -0.395645 -0.202212 -0.148019 -0.614530 -0.225907 -0.138917 -0.078955 -0.250626 -0.382910 -0.317730 -0.647738 -0.393343 0.226383 0.178743 -0.418612 0.362059 -0.406947 0.650910 -0.323188 -0.480123 -0.090132 -0.144282 -0.110322 0.326370 -0.163672 0.192668 -0.191558 0.126216 0.178021 0.136575 -0.157335 0.056206 -0.574768 -0.320708 0.148392 -0.039671 0.335729 0.223828 0.021234 0.191127 -0.357979 -0.587839 -0.140876 -0.150645 -0.136710 -0.019379 0.109450 0.105424 -0.132051 0.286883 0.118087 0.022789 -0.399503 -0.212449 -0.312295 -0.405419 0.018421 0.308585
-0.086825 -0.123963 0.030042 0.564583 0.674921 0.710631 0.226068 0.208911 0.570964 0.702314 -0.051415 0.109323 0.228120 0.087405 0.253851 0.271437 -0.018571 0.255087 0.120775 -0.014887 0.218258 0.222504 0.196896 0.295048 0.488597 0.433941 1.000000 0.826928 0.109580 0.238541 0.086555 0.041808 -0.231161 -0.369407 -0.282884 -0.320130 -0.322948 0.114241 -0.149765 -0.078933 -0.005861 -0.117170 -0.304825 -0.203089 -0.169230 -0.241554 -0.122053 -0.165570 -0.044565 -0.048684 -0.097737 -0.068726 -0.202974 0.092037 -0.102199 -0.010717 -0.205075 -0.292139 -0.245164 0.008950 -0.203203 -0.256959 -0.054594 -0.270796 -0.252541 0.040542 -0.484043 -0.230750 -0.319487 -0.391935 0.205377 -0.056026 -0.133937 0.231999 -0.221548 0.046237 -0.444884 -0.244442 -0.219298 0.030570 -0.279987 -0.016475 -0.262775 0.020978 -0.371133 0.015263 -0.190624 0.214502 -0.382217 0.297663 -0.312452 -0.304468 0.060194 -0.165237 -0.082733 0.082589 -0.250784 0.010807 -0.176453 -0.388002 -0.257890 -0.113774 -0.289183 -0.029911 -0.169198 -0.094700 -0.055324 0.088876 0.005994 -0.036178 -0.269044 -0.241340 -0.264529 -0.372234 -0.332512 -0.007878
-0.200575 -0.312635 -0.209995 0.618517 0.552639 0.788298 0.197126 0.197052 0.431854 0.753050 0.056967 0.348291 0.450477 0.215892 0.497421 0.517486 -0.048388 0.444825 0.080564 -0.101918 -0.067320 0.020249 0.296017 0.389819 0.602320 0.643696 0.826928 1.000000 0.342850 0.467587 -0.025898 0.048304 -0.287575 -0.352767 -0.289790 -0.324520 -0.157522 0.227975 -0.196412 0.156813 0.199615 -0.138954 -0.431911 -0.331669 -0.179013 -0.198366 -0.191525 -0.347861 0.021737 -0.042276 -0.062460 -0.229907 -0.263741 0.067928 -0.040261 -0.164959 -0.331431 -0.407388 -0.271049 -0.111519 -0.021475 -0.363773 0.054625 -0.164963 -0.033141 0.021929 -0.420789 -0.279762 -0.511351 -0.479500 0.262371 0.073403 -0.101488 0.323179 -0.339316 0.299114 -0.392995 -0.284343 -0.160445 -0.021209 -0.132459 0.050187 -0.164796 0.141384 -0.289207 -0.033534 0.077049 0.305875 -0.417284 0.165048 -0.523664 -0.320410 0.138127 -0.197970 0.189327 0.208164 -0.182408 0.193843 -0.365159 -0.482877 -0.072315 -0.161212 -0.423899 -0.132869 -0.232028 -0.133991 -0.140486 0.251699 0.068019 0.090388 -0.285228 -0.322773 -0.478284 -0.508756 -0.291515 0.217101
-0.221104 -0.373087 -0.263659 0.425026 -0.244939 0.316795 -0.061167 0.072999 -0.274338 0.086394 0.301294 0.396066 0.504964 0.267453 0.576807 0.566382 0.207652 0.548738 0.147275 -0.171274 -0.341670 -0.270002 0.395581 0.230984 0.325592 0.497492 0.109580 0.342850 1.000000 0.601594 0.212840 0.325696 -0.163767 -0.146713 -0.087391 -0.225550 0.320670 0.414738 -0.349510 0.218659 0.508586 -0.060168 -0.277551 -0.303320 0.093532 0.137238 -0.040417 -0.219257 -0.033886 -0.057008 0.014091 -0.354145 -0.047304 0.074740 -0.044085 -0.299814 -0.515719 -0.160316 -0.299755 -0.086477 0.019162 -0.324979 -0.151705 0.087681 0.037434 -0.300971 -0.213906 -0.291140 -0.447317 -0.316148 0.229724 0.124277 0.218593 0.122421 -0.070703 0.551497 -0.109913 -0.343432 0.203065 0.073184 0.310900 0.220558 0.056674 0.432535 -0.004007 -0.336112 0.378171 0.185107 -0.149534 -0.245695 -0.420753 -0.600848 -0.306688 -0.382613 0.436945 0.271592 0.038597 0.195361 -0.437070 -0.617519 -0.086978 -0.244615 -0.303499 -0.333889 -0.180332 -0.303230 -0.241445 0.165441 0.220900 -0.070391 -0.320919 -0.161717 -0.363117 -0.408383 0.109229 0.427786
-0.318923 -0.414249 -0.525263 0.255511 0.062106 0.539960 0.014186 0.154290 0.132846 0.384854 -0.025775 0.738845 0.452356 0.455445 0.737296 0.503163 -0.106056 0.765290 -0.056308 -0.325641 -0.405979 -0.364863 0.169301 0.252715 0.580215 0.605594 0.238541 0.467587 0.601594 1.000000 -0.104647 0.045261 -0.223708 -0.298290 -0.298660 -0.125553 0.258722 0.625706 -0.212628 0.442623 0.553864 -0.154121 -0.398490 -0.329960 -0.052637 0.048857 -0.216363 -0.375153 0.137626 0.016710 0.032746 -0.374092 -0.131082 -0.102196 0.102275 -0.193795 -0.405097 -0.284167 -0.145894 -0.128774 -0.030661 -0.399492 -0.155979 0.130672 0.048292 -0.202565 -0.130888 -0.308208 -0.423795 -0.272865 0.038182 0.184422 -0.033211 0.539753 -0.226093 0.611620 -0.231666 -0.203745 -0.098432 0.087146 0.015234 0.418547 -0.035720 0.438153 -0.153491 -0.114334 0.367265 0.296330 -0.214141 -0.180505 -0.528768 -0.387759 -0.043449 -0.376525 0.585069 0.621087 0.033262 0.540919 -0.331229 -0.505046 0.021211 -0.351338 -0.498657 -0.396396 -0.279659 -0.277991 0.007050 0.327580 0.347587 0.248353 -0.210913 -0.230509 -0.390180 -0.614150 -0.055021 0.667304
-0.351105 -0.432685 0.025034 0.171760 -0.082708 0.035913 -0.161608 -0.192028 0.060842 -0.057243 0.310534 -0.426925 0.145695 -0.119061 -0.121236 -0.316538 0.224375 -0.184579 0.088930 -0.368771 0.379981 0.486018 0.482313 -0.031231 0.246883 0.301850 0.086555 -0.025898 0.212840 -0.104647 1.000000 0.837451 -0.414688 -0.400986 0.036722 -0.082577 -0.128211 0.005714 -0.353307 -0.467698 0.241814 0.168023 -0.217405 -0.340839 -0.011743 -0.229142 0.059854 0.021392 -0.435704 -0.500311 -0.165331 -0.348004 0.174594 0.323032 -0.374872 0.091490 -0.289486 -0.280957 -0.390485 -0.232731 -0.369551 -0.475259 -0.242516 -0.294972 -0.216823 -0.503152 -0.359364 -0.208746 -0.179456 -0.211220 0.238687 0.246253 -0.168255 -0.083655 -0.022045 0.071187 -0.043214 -0.425049 0.355637 -0.032201 0.083514 0.151885 -0.127919 -0.183817 0.199959 0.304154 -0.259124 -0.242427 0.073546 0.094989 -0.099990 -0.181204 0.073642 0.194827 -0.309345 -0.394570 0.214820 -0.431043 0.138655 -0.203846 -0.361461 0.154416 0.318879 0.339333 0.439151 0.300370 -0.166583 -0.247519 -0.099845 -0.321873 -0.314651 0.120017 0.291599 0.226067 0.207633 -0.319944
-0.579133 -0.687284 -0.191826 0.198725 -0.231449 0.011350 -0.334624 -0.212344 -0.085055 -0.039701 0.464646 -0.295639 0.258546 0.081857 -0.001385 -0.178516 0.263323 0.001278 0.010547 -0.516849 0.307012 0.463438 0.526514 -0.107489 0.260731 0.389687 0.041808 0.048304 0.325696 0.045261 0.837451 1.000000 -0.589329 -0.358726 0.048896 0.043246 -0.177317 0.028272 -0.574477 -0.408986 0.418925 0.245417 -0.400030 -0.509947 0.149396 -0.089646 -0.027446 0.037201 -0.470861 -0.544414 -0.115329 -0.577632 0.261815 0.545581 -0.435983 0.171159 -0.434870 -0.359102 -0.267975 -0.323412 -0.157234 -0.562951 -0.080354 -0.194741 0.021709 -0.621449 -0.269984 -0.244141 -0.240881 -0.291334 0.180808 0.218339 -0.110284 -0.083244 0.085899 0.169638 0.003189 -0.393410 0.547376 0.123318 0.319486 0.364730 0.009559 -0.129095 0.366403 0.323911 -0.173414 -0.197070 0.022086 0.141492 -0.170714 -0.204139 0.168402 0.261421 -0.257387 -0.308281 0.278447 -0.408301 0.106280 -0.256666 -0.400924 0.109444 0.271476 0.347521 0.449451 0.245760 -0.128835 -0.308789 -0.041921 -0.220992 -0.398199 0.050934 0.155598 0.109909 0.072264 -0.344860
0.471192 0.694736 0.438997 -0.098320 -0.162644 -0.261169 0.329961 0.358212 -0.099735 -0.319947 -0.233876 0.036476 -0.357658 -0.262202 -0.234028 0.036135 -0.022001 -0.106258 0.031136 0.476232 -0.138249 -0.263056 -0.303771 0.143896 -0.488813 -0.523219 -0.231161 -0.287575 -0.163767 -0.223708 -0.414688 -0.589329 1.000000 0.766553 0.231130 0.054061 0.137244 -0.279050 0.489876 0.032763 -0.490587 -0.238155 0.542043 0.604075 -0.016397 0.094578 0.076134 0.128605 0.356806 0.371186 0.231567 0.581118 -0.230463 -0.596924 -0.058018 -0.258578 0.393912 0.343647 0.089684 0.122317 -0.047160 0.674426 0.108954 0.179120 -0.175590 0.543913 0.308705 0.256846 0.255568 0.290504 -0.217298 -0.250009 0.304597 -0.063129 0.024295 -0.331889 0.201753 0.403042 -0.230107 -0.005999 -0.138604 -0.388095 -0.183928 0.235649 -0.101913 -0.220272 0.031470 -0.173793 -0.194789 -0.326414 0.071849 0.083100 -0.308567 -0.287569 0.040724 0.031472 -0.357814 0.233959 -0.036201 0.306150 0.117862 -0.147583 -0.030659 -0.415703 -0.355724 -0.357404 0.185163 0.200163 -0.008524 0.108498 0.471915 0.225525 0.118794 0.062185 -0.003832 0.150586
0.329998 0.547969 0.251958 -0.206060 -0.253033 -0.386993 0.172640 0.259248 -0.212304 -0.305808 -0.021802 0.119942 -0.254797 -0.133470 -0.264636 -0.013319 0.020291 -0.064297 -0.141744 0.324748 -0.229550 -0.262984 -0.335953 0.046164 -0.511550 -0.508242 -0.369407 -0.352767 -0.146713 -0.298290 -0.400986 -0.358726 0.766553 1.000000 0.347505 0.362729 0.110962 -0.417747 0.312339 0.041002 -0.339182 -0.141878 0.467424 0.519032 0.185095 0.281197 -0.062735 0.209372 0.329662 0.303664 0.276616 0.437215 -0.180928 -0.383253 -0.242371 -0.304167 0.285464 0.318818 0.269333 0.122367 0.191488 0.680836 0.217607 0.347224 0.047977 0.525217 0.445523 0.313970 0.285568 0.309733 -0.291638 -0.315441 0.261558 -0.217217 0.185860 -0.261830 0.363504 0.524155 -0.023791 0.106514 0.131469 -0.204294 0.116500 0.126258 0.099456 -0.235615 0.054273 -0.267041 -0.121882 -0.403248 0.186083 0.081735 -0.379229 -0.308823 0.041234 -0.095194 -0.209312 0.075837 -0.078270 0.308863 0.002006 -0.135642 0.021417 -0.313608 -0.246213 -0.327564 0.172180 -0.002108 -0.027121 0.088376 0.471478 0.203365 0.106379 0.136001 -0.007415 0.022717
-0.167437 0.116764 0.083286 -0.119484 -0.347423 -0.313780 -0.122689 0.117814 -0.205975 -0.273239 0.094091 -0.240647 -0.181429 -0.103163 -0.258533 -0.160507 -0.068787 -0.066144 -0.111014 -0.102688 0.079995 -0.046800 -0.101694 -0.108856 -0.323359 -0.201996 -0.282884 -0.289790 -0.087391 -0.298660 0.036722 0.048896 0.231130 0.347505 1.000000 0.306323 -0.177221 -0.292813 -0.117674 -0.147174 -0.161876 -0.002385 0.173712 0.278650 0.320515 0.194553 0.132099 0.362176 0.006235 0.170596 0.247372 0.252145 -0.012805 0.030083 -0.177800 0.091737 -0.047021 0.010633 -0.128928 -0.093802 -0.158305 0.346650 0.010157 0.060051 0.005243 0.228349 0.264287 0.324002 0.123454 0.043830 -0.084593 -0.249732 0.092523 -0.326742 0.069492 -0.299706 -0.035119 0.013036 0.219515 0.215196 0.039976 0.112058 -0.176878 -0.051090 0.383248 0.081507 -0.148028 -0.059563 -0.096073 -0.072895 0.060146 0.140436 -0.010720 -0.009996 -0.049247 -0.289972 0.081707 -0.081055 0.061239 0.265826 -0.045405 -0.121103 0.284161 -0.106098 0.122767 -0.020513 0.243470 -0.056654 0.003180 0.059309 0.339696 0.374075 0.336312 0.237283 0.201384 -0.171056
-0.132038 0.079506 -0.104752 -0.452452 -0.130265 -0.308098 -0.305129 -0.120558 -0.044917 -0.154422 -0.203970 0.031007 -0.406635 0.215500 -0.130418 -0.234047 -0.029777 -0.018716 -0.384524 -0.055367 -0.004376 0.021365 -0.472639 -0.279142 -0.269663 -0.213366 -0.320130 -0.324520 -0.225550 -0.125553 -0.082577 0.043246 0.054061 0.362729 0.306323 1.000000 -0.027634 -0.153965 -0.139205 -0.183653 -0.149876 -0.122267 0.143482 0.282730 0.134661 0.167045 -0.073616 0.397476 -0.111071 -0.021917 -0.079989 0.154384 0.001449 -0.118902 -0.267358 -0.027728 -0.048047 -0.052130 0.166584 -0.006491 0.008946 0.149757 -0.054894 -0.041387 -0.134068 0.214420 0.450665 0.509615 0.329269 0.342514 -0.275338 -0.018151 0.137484 -0.065446 0.223405 -0.176713 0.198047 0.448620 0.033311 0.184738 0.101025 0.338484 0.100762 -0.142078 0.133354 0.305906 -0.150566 -0.239228 -0.052916 -0.286647 0.146403 0.327720 -0.056918 -0.073460 -0.005679 -0.011648 0.220557 0.052035 0.245663 0.333217 -0.206707 -0.051730 0.315743 0.074831 0.288895 0.137202 0.359512 -0.265224 0.245706 0.359750 0.495964 0.415157 0.314524 0.235825 0.236144 -0.104566
