1.000000 0.107694 0.118817 0.144388 -0.098986 -0.003643 -0.014090 0.038910 -0.315908 -0.368551 0.198990 0.126787 0.050078 0.035150 -0.444909 -0.234804 0.128173 -0.030556 -0.013757 0.009976 0.042620 0.019594 -0.096383 0.098361 -0.257066 -0.347410 0.072089 0.028529 -0.138784 -0.193402 -0.096051 -0.199614 0.110709 0.024080 0.143688 0.019774 -0.030467 -0.436850 -0.036649 -0.131256 -0.132590 0.004800 -0.019864 0.014374 0.051060 -0.042625 -0.029629 -0.133675 0.015401 -0.017379 -0.040695 -0.010963 -0.027944 -0.088548 -0.058128 -0.102946 0.623154 0.129031 0.359802 0.002211 0.269571 0.019914 0.018468 0.173883 -0.049223 0.150718 0.261977 -0.054179 0.077348 0.049441 -0.108955 -0.024842 -0.104686 -0.028689 0.018093 0.049681 0.059409 -0.237415 0.134011 -0.116104 0.054204 -0.128713 -0.103948 -0.007539 -0.227506 -0.124529 -0.116314 -0.108492 0.198700 0.157871 -0.302113 -0.231692 -0.181518 -0.003785 -0.141625 -0.208251 0.023051 -0.179280 -0.173043 -0.030203 0.027038 0.079187 -0.130695 0.003245 -0.105368 -0.072946 -0.175035 -0.169094 -0.143802 -0.252797 -0.056941 -0.121256 0.046013 -0.166317 -0.232842 -0.194205
0.107694 1.000000 -0.117435 0.165459 -0.187676 -0.282679 -0.114091 0.051653 0.143525 0.022398 0.167049 0.055690 0.188068 0.089908 -0.047678 -0.228849 0.051628 0.029446 -0.137529 0.170449 -0.184280 -0.053800 0.007658 -0.168028 0.194450 0.112612 -0.262520 -0.211203 0.152576 -0.202226 0.327708 0.327379 0.431008 0.184997 0.164681 -0.021591 -0.187672 -0.222429 -0.180447 0.008171 -0.211536 -0.077902 -0.223739 -0.231991 -0.199670 -0.245424 -0.437231 -0.394147 -0.291115 -0.256246 0.014633 -0.254985 -0.248055 -0.293913 -0.199779 -0.392082 0.281667 0.682948 0.054514 0.040995 -0.079675 0.272264 0.159598 0.414866 -0.112285 0.223182 -0.078606 -0.147244 0.170828 0.036189 0.231810 0.183782 0.258390 0.241799 -0.040786 0.149585 0.198472 0.210295 0.234738 -0.181212 0.308491 -0.132090 -0.257197 -0.386488 -0.061915 -0.301822 -0.073752 -0.049076 -0.035061 -0.042958 -0.121392 -0.267587 -0.192413 -0.190367 0.092694 0.132761 -0.351773 -0.011156 -0.282444 -0.313567 -0.059743 -0.087216 -0.079214 -0.296216 -0.256967 -0.233288 0.081390 -0.050999 -0.158978 0.054158 -0.299412 -0.297541 -0.068989 0.028657 -0.040591 0.001917
0.118817 -0.117435 1.000000 0.026002 0.047249 0.435432 0.384809 -0.087458 0.021994 0.042782 -0.201049 -0.222622 -0.101984 -0.306584 0.029256 0.245090 -0.438438 -0.370685 0.229680 0.286178 0.118570 0.091199 0.223109 -0.043016 -0.192978 -0.000929 0.292842 0.400251 -0.332095 -0.128558 -0.284601 -0.293567 0.032090 0.005293 -0.081465 -0.075780 -0.005984 -0.039886 0.433563 0.227002 0.149711 0.286114 -0.331904 -0.199368 -0.222850 0.006811 -0.015549 -0.086064 -0.119905 -0.146561 -0.257281 -0.208070 -0.056496 0.055459 0.232403 0.178875 -0.250835 -0.148717 0.342251 0.198335 0.246813 -0.200696 -0.152792 -0.390724 -0.000538 -0.233002 0.193648 0.231422 0.131153 0.379016 -0.219962 -0.128268 -0.436835 -0.377538 -0.196769 -0.162029 -0.377324 -0.216788 -0.389809 0.016823 -0.517624 -0.130158 0.302399 0.313608 -0.219701 -0.063035 0.091250 0.191925 0.372705 0.379958 0.128384 0.198360 0.017894 0.195759 0.239199 0.229282 0.218071 0.329950 0.023913 0.110339 -0.033627 0.182495 -0.015613 -0.042726 -0.066127 0.113773 -0.117694 -0.238460 0.283900 0.096918 0.162320 -0.017187 0.155423 0.021006 -0.038734 0.093075
0.144388 0.165459 0.026002 1.000000 0.066429 -0.061922 -0.040857 0.391804 -0.575216 -0.536769 0.003159 0.423717 0.092776 0.127115 -0.500468 -0.475954 -0.001581 -0.183728 -0.067907 0.144849 0.224393 0.172702 0.080599 0.543238 0.120385 -0.329632 0.343227 0.253492 -0.351400 -0.040692 0.024414 0.026224 0.134785 0.270217 0.246926 -0.040379 -0.224022 -0.298310 -0.042574 0.105955 -0.125814 -0.077303 -0.158312 -0.179568 -0.182418 -0.129683 -0.176138 -0.320533 -0.199720 -0.138450 0.043880 -0.094940 0.012375 -0.252501 0.021317 -0.284202 0.111431 0.052295 -0.167378 0.098997 -0.077616 0.414669 -0.213841 0.156520 0.193712 0.356164 -0.081988 0.205618 0.070833 0.150810 0.080845 0.002294 0.024050 0.095176 0.006056 0.155868 0.113638 -0.145479 0.129367 0.018474 -0.011605 -0.319844 -0.218310 -0.129807 0.068183 -0.096354 -0.172164 0.073313 0.272526 0.052227 -0.173363 -0.381671 0.125131 -0.227387 0.023298 -0.092907 0.090083 -0.136018 -0.315582 -0.396001 -0.137424 -0.062459 -0.239866 -0.304681 -0.181867 -0.359207 -0.191383 -0.257293 0.057316 0.029502 -0.193582 -0.451291 -0.048706 -0.199730 -0.240694 -0.183594
-0.098986 -0.187676 0.047249 0.066429 1.000000 0.506432 0.180557 -0.076506 -0.010206 0.129985 -0.008146 0.039107 0.178952 -0.190249 0.131973 0.047010 -0.223807 -0.192676 -0.024853 -0.194408 0.306124 0.099052 -0.252387 -0.191196 0.043527 -0.126353 0.515046 0.385773 -0.084566 0.193459 -0.199234 -0.256659 -0.085059 -0.034055 0.042122 -0.067790 0.180049 0.116792 0.019120 0.018160 -0.053930 0.071256 0.203275 0.067078 0.178488 0.141767 0.321647 0.076069 0.100881 0.108360 0.001797 0.166149 -0.006805 0.146028 0.170449 0.043900 -0.168820 -0.102599 0.002217 0.243937 -0.077454 0.146508 -0.266709 -0.294545 0.060307 -0.076104 0.188765 0.216569 -0.125445 0.072819 -0.098321 -0.094337 0.049339 0.002686 -0.095355 0.147535 -0.039454 -0.292137 -0.101241 0.165054 -0.260302 -0.086517 -0.027095 -0.009699 -0.187339 -0.090471 0.034707 -0.151286 0.114656 -0.037566 -0.016296 0.059354 -0.131803 -0.161841 -0.136642 -0.027473 0.241001 -0.049413 0.110574 -0.079674 -0.131695 -0.198599 -0.173917 0.103892 0.262058 0.081919 0.139249 0.124796 0.152174 0.103213 0.006804 -0.039874 0.031717 0.021242 -0.057561 -0.080074
-0.003643 -0.282679 0.435432 -0.061922 0.506432 1.000000 0.266754 -0.069467 0.161593 0.310039 -0.241064 -0.386273 -0.329773 -0.577474 0.200641 0.450237 -0.528717 -0.511818 0.175392 -0.037760 0.286824 -0.020269 0.078286 -0.055087 -0.262690 -0.091500 0.672946 0.750348 -0.391992 -0.080548 -0.509437 -0.491966 -0.059506 -0.213500 -0.140985 -0.118594 0.176355 0.213636 0.443205 0.313655 -0.004403 0.363364 0.015812 0.036456 0.125945 0.155253 0.479725 0.144982 0.270562 0.113443 0.009972 0.114420 0.274168 0.341627 0.560159 0.386334 -0.227933 -0.241434 0.269556 0.330000 0.031332 -0.114865 -0.196961 -0.582728 0.058058 -0.142439 0.292569 0.246602 0.052201 0.119097 -0.472174 -0.519836 -0.344285 -0.463217 -0.322272 -0.283673 -0.458714 -0.555779 -0.543820 -0.071863 -0.605589 -0.154645 0.364513 0.440032 -0.134782 0.200526 0.200244 0.132572 0.452219 0.386157 0.149032 0.156790 0.013907 0.060210 0.100671 0.050503 0.496817 0.238782 0.289929 0.134498 0.008215 0.015880 -0.079777 0.192482 0.324386 0.146779 0.012543 0.064844 0.225119 0.118141 0.180752 0.147198 0.085032 0.097118 0.056748 0.102605
-0.014090 -0.114091 0.384809 -0.040857 0.180557 0.266754 1.000000 0.383438 0.148146 0.276592 -0.087081 -0.215232 0.065363 -0.190475 0.125573 0.214647 -0.253909 -0.325925 0.237390 -0.184221 -0.276167 -0.364944 0.038899 -0.269586 -0.092277 -0.096381 0.163890 0.114313 0.108200 -0.038961 0.068018 0.036613 0.335553 0.113562 -0.086719 -0.086929 -0.246406 -0.176614 0.132287 0.022387 0.309119 0.069425 -0.124597 -0.114509 -0.048194 -0.065996 -0.006462 -0.169347 -0.088978 -0.142945 -0.185849 -0.139180 -0.007494 -0.125195 0.211004 0.053431 0.056760 -0.009534 0.023620 -0.006703 0.250121 0.185341 0.027967 -0.173519 0.265112 0.160427 0.048748 0.034545 -0.205702 -0.165230 -0.137572 -0.295506 0.090958 -0.173979 -0.057034 -0.127183 -0.042637 -0.204952 -0.279824 -0.292534 -0.253121 -0.308646 0.072363 0.171305 -0.226842 -0.179488 0.135346 0.094726 0.079431 0.099045 0.027863 0.036781 -0.109850 -0.089795 0.100721 0.084121 0.260103 0.165131 0.094237 0.022312 -0.232782 -0.066587 -0.133502 -0.218982 -0.149697 -0.192416 0.035873 -0.151140 0.213327 0.191509 0.013177 -0.077852 0.074633 -0.126205 0.087059 0.063950
0.038910 0.051653 -0.087458 0.391804 -0.076506 -0.069467 0.383438 1.000000 0.054902 0.097733 -0.017186 0.161398 0.152410 0.187602 -0.114235 0.089032 -0.082169 -0.202339 0.002545 -0.042584 -0.177640 -0.251915 -0.056397 0.081244 -0.033530 -0.041487 -0.045521 -0.086736 0.030110 0.096093 0.144980 0.229249 0.264869 0.305096 -0.144828 -0.106073 -0.242497 -0.189933 -0.116481 0.031746 -0.000934 -0.075604 -0.078709 -0.092333 -0.152687 -0.092329 -0.059516 -0.210341 -0.090752 -0.076414 -0.127384 -0.070039 0.072015 -0.181568 0.015027 -0.079351 0.094410 -0.058777 -0.172648 0.031909 0.147343 0.468852 0.077384 0.020508 0.017153 0.337899 -0.140635 -0.043744 -0.101132 -0.184302 -0.092548 -0.216055 0.116365 -0.025853 -0.026094 -0.124154 0.001790 -0.174737 -0.079258 -0.292800 -0.010810 -0.331802 -0.157970 -0.028849 -0.077618 -0.185219 -0.042459 0.077316 0.042687 0.009160 -0.088056 -0.254714 0.032319 -0.176192 0.015337 -0.045803 0.126843 0.014617 -0.064684 -0.062961 -0.041738 -0.114696 -0.167718 -0.416166 -0.195459 -0.446305 -0.070460 -0.243236 0.102109 0.024439 -0.158801 -0.264208 -0.051951 -0.152689 -0.062410 -0.085165
-0.315908 0.143525 0.021994 -0.575216 -0.010206 0.161593 0.148146 0.054902 1.000000 0.899776 -0.176460 -0.434962 -0.197202 -0.267238 0.729541 0.626929 -0.345108 -0.121051 -0.041169 -0.101933 -0.253771 -0.266188 0.125663 -0.464986 0.053952 0.642230 -0.335322 -0.155569 0.221076 -0.159895 0.088949 0.253153 0.034301 -0.174441 -0.302408 -0.071771 0.012544 0.268972 -0.048014 0.019863 -0.020718 -0.123458 -0.062740 -0.134658 -0.051678 -0.137310 0.002180 0.084107 0.146369 -0.133281 -0.072780 0.032356 -0.067283 0.241278 0.006845 0.177554 -0.248948 0.006843 0.034609 0.101301 -0.146500 0.047426 -0.026645 -0.281190 -0.064168 -0.161222 -0.138485 -0.119688 -0.012825 -0.004203 0.005811 0.016974 -0.089654 -0.153042 -0.256366 -0.200134 -0.226311 0.153083 -0.310730 -0.220300 -0.125161 0.040302 0.124487 -0.084536 -0.066574 -0.003969 0.201497 0.017937 -0.168015 0.077099 0.355397 0.357327 0.089072 0.155359 0.064651 0.199147 -0.234346 0.160123 0.167137 0.106738 0.131820 -0.034251 0.025329 -0.063024 0.090517 0.171272 0.234253 0.159604 0.166414 0.115324 -0.089134 0.156209 -0.198209 0.102719 0.242643 0.178778
-0.368551 0.022398 0.042782 -0.536769 0.129985 0.310039 0.276592 0.097733 0.899776 1.000000 -0.280199 -0.465099 -0.224534 -0.294072 0.752364 0.759435 -0.426972 -0.209307 0.164380 -0.054521 -0.196363 -0.242447 -0.002202 -0.546885 -0.044687 0.521876 -0.231596 -0.107498 0.180732 -0.006779 -0.009208 0.166208 0.007046 -0.145283 -0.438056 -0.109788 0.117211 0.306009 0.079664 0.081042 0.028604 0.005277 -0.039026 -0.126624 -0.011088 -0.079171 0.112530 0.118966 0.156896 -0.094933 -0.184390 0.024610 -0.045676 0.293740 0.117207 0.274215 -0.331572 -0.085943 0.019547 0.211836 -0.094069 0.108472 -0.042468 -0.412794 -0.083780 -0.252483 -0.078507 -0.073131 -0.072922 0.000342 -0.110482 -0.127690 -0.105631 -0.229642 -0.211839 -0.210629 -0.273818 0.015017 -0.394044 -0.168994 -0.261927 -0.035865 0.211874 0.126795 -0.163140 -0.000772 0.307862 0.124018 -0.129130 0.100129 0.448442 0.369643 0.081113 0.131402 0.079205 0.236797 -0.057741 0.264609 0.316069 0.196739 0.138566 0.009711 0.048841 0.017522 0.175802 0.194231 0.236271 0.177896 0.248030 0.138738 -0.068378 0.278183 -0.107644 0.152764 0.341088 0.252180
0.198990 0.167049 -0.201049 0.003159 -0.008146 -0.241064 -0.087081 -0.017186 -0.176460 -0.280199 1.000000 0.528948 0.592901 0.485892 -0.061328 -0.296076 0.482491 0.347891 -0.171212 -0.188466 -0.152686 0.069104 0.023452 0.062716 0.113310 -0.019447 -0.118873 -0.141471 0.337086 0.156047 0.318729 0.202909 0.045189 0.013283 0.218046 0.022627 -0.072510 -0.110947 -0.308187 -0.318810 -0.079365 -0.057738 0.056846 0.002883 -0.077282 -0.197113 -0.288867 -0.302807 -0.105460 -0.123703 0.285253 -0.028918 0.017663 -0.333649 -0.413731 -0.316205 0.186773 0.116454 -0.080112 -0.172925 0.015121 0.097162 0.162297 0.318586 0.075116 0.332539 -0.173446 -0.231878 -0.216852 -0.220267 0.195421 0.220529 0.351993 0.373528 0.299205 0.219753 0.408352 0.250874 0.462091 0.095273 0.360428 0.097112 -0.090688 -0.243687 0.249830 -0.127408 0.183092 0.007418 -0.299822 -0.316358 -0.361622 -0.135550 -0.257455 -0.160120 -0.320669 -0.243732 -0.251883 -0.299184 -0.266292 -0.099464 0.086199 -0.177884 0.066088 -0.054972 -0.139127 -0.231541 -0.002583 0.069811 -0.247351 -0.047722 -0.032940 -0.189699 0.070264 -0.082864 -0.187034 -0.135380
0.126787 0.055690 -0.222622 0.423717 0.039107 -0.386273 -0.215232 0.161398 -0.434962 -0.465099 0.528948 1.000000 0.487827 0.656749 -0.333981 -0.412382 0.329794 0.346874 -0.306833 -0.176040 -0.020450 0.196565 0.028461 0.293984 0.320719 -0.074766 -0.078780 -0.153961 0.036577 0.336068 0.305952 0.243591 -0.057352 0.140378 0.206537 0.024698 -0.142458 -0.097728 -0.340476 -0.307673 -0.079966 -0.239663 0.003731 -0.042638 -0.193303 -0.194716 -0.269067 -0.273040 -0.212822 -0.169591 0.119961 -0.027417 -0.004094 -0.355219 -0.325203 -0.295433 0.065462 -0.105281 -0.208173 -0.064338 -0.081309 0.368284 -0.161480 0.254954 -0.006224 0.366064 -0.241558 -0.007890 -0.147125 -0.095083 0.207716 0.281334 0.258685 0.484039 0.314557 0.342337 0.398909 0.147588 0.467610 0.236033 0.240357 0.015787 -0.392502 -0.319156 0.137885 -0.100052 -0.113118 -0.019195 -0.225515 -0.311422 -0.297467 -0.238906 -0.040104 -0.186716 -0.265121 -0.224733 -0.170521 -0.339888 -0.265026 -0.260782 0.083725 -0.146806 -0.092031 -0.122795 -0.130928 -0.300477 -0.062283 -0.126763 -0.110501 -0.057341 -0.074394 -0.353526 -0.078610 -0.161504 -0.138438 -0.146125
0.050078 0.188068 -0.101984 0.092776 0.178952 -0.329773 0.065363 0.152410 -0.197202 -0.224534 0.592901 0.487827 1.000000 0.608295 -0.107280 -0.357901 0.385436 0.290530 -0.137423 -0.166735 -0.073991 -0.022756 -0.341603 -0.273546 0.148591 -0.134185 -0.137124 -0.267886 0.399347 0.279480 0.392554 0.297936 0.105930 0.190582 0.184178 0.044260 -0.015374 -0.187274 -0.320631 -0.299564 -0.015890 -0.103884 -0.027919 -0.120385 -0.188178 -0.197969 -0.326060 -0.371373 -0.410624 -0.233479 -0.054884 -0.249994 -0.152715 -0.452629 -0.401584 -0.491185 0.170028 0.215854 -0.048292 -0.131751 0.172080 0.158485 0.250660 0.415092 -0.093219 0.189189 -0.061214 -0.168107 -0.035690 -0.115300 0.370409 0.355705 0.494028 0.508504 0.450512 0.449894 0.557500 0.209524 0.460613 0.106154 0.388477 0.031729 -0.331781 -0.271585 -0.035290 -0.335342 0.051117 -0.098163 -0.221097 -0.350453 -0.310309 -0.078308 -0.299488 -0.220461 -0.208696 -0.112742 -0.170428 -0.187085 -0.226041 -0.059207 0.021541 -0.196665 0.148584 -0.104485 -0.057477 -0.263377 0.094679 0.006731 -0.073145 -0.048465 -0.104812 -0.306359 0.066793 -0.011895 -0.068810 -0.113074
0.035150 0.089908 -0.306584 0.127115 -0.190249 -0.577474 -0.190475 0.187602 -0.267238 -0.294072 0.485892 0.656749 0.608295 1.000000 -0.274988 -0.296134 0.566861 0.565612 -0.204682 -0.041917 -0.092428 0.085816 -0.191033 -0.040230 0.114029 -0.167734 -0.398734 -0.531941 0.396577 0.403549 0.455193 0.415438 0.005892 0.184454 0.098927 0.013100 -0.104995 -0.192371 -0.401133 -0.304259 -0.045347 -0.108319 -0.016190 -0.074860 -0.167985 -0.205418 -0.342865 -0.258566 -0.298544 -0.167723 -0.023804 -0.171793 -0.135877 -0.351027 -0.470729 -0.388581 0.177818 0.099940 -0.253265 -0.273973 0.089404 0.164894 0.235177 0.543271 -0.154812 0.112487 -0.257793 -0.277039 -0.152517 -0.200539 0.388983 0.350606 0.483781 0.495336 0.499788 0.399814 0.545119 0.367330 0.518436 0.187699 0.499902 0.135182 -0.429850 -0.192128 -0.023490 -0.210630 -0.134837 -0.126181 -0.270015 -0.333170 -0.219730 -0.185014 -0.146245 -0.170318 -0.314987 -0.175783 -0.337443 -0.207110 -0.236429 -0.111044 0.098868 -0.150270 -0.004166 -0.178477 -0.269046 -0.219907 -0.128035 -0.148303 -0.259606 -0.215185 -0.143179 -0.171094 0.072008 -0.097361 -0.144254 -0.237316
-0.444909 -0.047678 0.029256 -0.500468 0.131973 0.200641 0.125573 -0.114235 0.729541 0.752364 -0.061328 -0.333981 -0.107280 -0.274988 1.000000 0.561090 -0.288894 -0.052472 0.134789 -0.106279 -0.153651 -0.131872 0.151495 -0.318664 0.169670 0.603721 -0.182060 0.011561 0.268024 0.024569 -0.057295 0.063776 -0.148378 -0.279840 -0.353563 -0.086730 0.205022 0.509461 0.022264 -0.020029 0.222808 -0.103455 -0.039528 -0.134898 -0.146604 -0.165221 0.020183 0.155559 0.131459 -0.177551 0.056030 -0.007379 -0.029750 0.199774 -0.083659 0.226414 -0.430724 -0.188012 -0.012694 0.060917 -0.159088 -0.054104 -0.090342 -0.411377 0.091086 -0.220802 -0.231856 -0.120843 -0.072173 -0.053723 -0.046576 -0.088030 -0.047347 -0.145076 -0.053503 -0.067821 -0.145086 0.155964 -0.265401 0.061253 -0.198670 0.222114 0.369371 0.072944 0.209716 0.177432 0.324234 0.216987 -0.241988 -0.012316 0.347929 0.498001 0.156827 0.190253 0.019139 0.166098 -0.192484 0.192649 0.176741 0.190507 0.181106 0.013055 0.100430 0.145646 0.214319 0.141954 0.398168 0.210429 0.172640 0.136333 0.042261 0.239066 -0.071837 0.260249 0.298350 0.247743
-0.234804 -0.228849 0.245090 -0.475954 0.047010 0.450237 0.214647 0.089032 0.626929 0.759435 -0.296076 -0.412382 -0.357901 -0.296134 0.561090 1.000000 -0.463933 -0.235755 0.277947 0.118317 0.023369 -0.073780 -0.078294 -0.405631 -0.381731 0.246681 -0.059803 0.095180 -0.033892 0.102447 -0.420300 -0.234066 -0.145517 -0.074303 -0.620607 -0.146324 0.273069 0.424776 0.343816 0.236399 0.083005 0.272873 -0.104595 -0.071398 -0.040182 0.076551 0.296957 0.198216 0.216605 0.082217 -0.244853 0.031530 0.209536 0.324296 0.300125 0.423879 -0.471480 -0.292109 0.205078 0.325865 0.180866 0.000451 -0.029972 -0.543224 -0.129239 -0.432007 0.002904 -0.039887 -0.006553 0.051504 -0.398691 -0.384230 -0.343285 -0.442929 -0.185697 -0.340549 -0.455012 -0.202209 -0.560991 -0.071724 -0.475071 0.119482 0.451445 0.506615 -0.092156 0.195862 0.211230 0.105284 0.134189 0.209455 0.440502 0.366396 0.140745 0.240682 0.167389 0.162186 0.141559 0.366197 0.422346 0.322440 0.209281 0.122962 0.113241 0.162897 0.260842 0.175745 0.088578 0.083845 0.197774 0.105931 0.097522 0.401016 0.040254 0.106992 0.244396 0.305775
0.128173 0.051628 -0.438438 -0.001581 -0.223807 -0.528717 -0.253909 -0.082169 -0.345108 -0.426972 0.482491 0.329794 0.385436 0.566861 -0.288894 -0.463933 1.000000 0.569835 -0.113616 -0.121271 -0.082798 0.039635 -0.071645 0.085949 0.148339 -0.175635 -0.288141 -0.390772 0.357143 0.197556 0.319500 0.215827 0.021993 0.017657 0.322367 0.142580 -0.038298 -0.201033 -0.365251 -0.324611 -0.127685 -0.120506 0.160101 0.129757 0.018966 -0.162086 -0.252073 -0.149462 -0.156402 0.021025 0.233349 -0.041338 -0.087402 -0.376684 -0.416924 -0.380141 0.401939 0.182776 -0.244455 -0.442945 0.057848 -0.060406 0.329944 0.565117 0.057493 0.155473 -0.083120 -0.335287 -0.170883 -0.380888 0.259060 0.296493 0.464951 0.421608 0.460703 0.207589 0.486524 0.240818 0.627881 0.143091 0.682878 0.124124 -0.271650 -0.150597 0.263204 -0.036960 0.022700 -0.087009 -0.268472 -0.365338 -0.248798 -0.211385 -0.095116 -0.154367 -0.296161 -0.225005 -0.236153 -0.300805 -0.160261 -0.037454 0.032858 -0.045629 0.010358 0.042612 -0.113862 -0.206691 -0.124255 -0.122166 -0.338588 -0.184262 0.029636 -0.015949 0.090048 0.002080 -0.076908 -0.178561
-0.030556 0.029446 -0.370685 -0.183728 -0.192676 -0.511818 -0.325925 -0.202339 -0.121051 -0.209307 0.347891 0.346874 0.290530 0.565612 -0.052472 -0.235755 0.569835 1.000000 -0.040668 -0.010113 -0.170810 0.110195 -0.048849 -0.001016 0.206409 0.104274 -0.393164 -0.495947 0.487327 0.414040 0.351198 0.296392 -0.084854 -0.033230 0.050433 0.071204 0.098307 -0.060403 -0.459542 -0.398762 0.112398 -0.121681 0.102488 0.054642 -0.143888 -0.118133 -0.242223 -0.063562 -0.232331 -0.088050 0.015315 -0.136628 -0.260301 -0.308271 -0.491895 -0.287802 0.114361 0.088498 -0.275376 -0.417146 -0.026109 -0.149266 0.182569 0.471978 -0.035057 -0.044901 -0.279623 -0.343264 -0.144985 -0.295573 0.245571 0.372755 0.387840 0.585870 0.480625 0.403211 0.512199 0.441650 0.545764 0.453165 0.554031 0.565079 -0.276010 -0.196476 0.202772 0.120441 -0.119712 -0.036086 -0.394758 -0.487182 -0.150908 -0.141929 -0.082767 -0.203735 -0.235823 -0.230832 -0.292606 -0.241722 -0.134042 -0.033142 0.073118 -0.155414 -0.013417 0.011210 -0.157728 -0.137301 -0.093151 -0.087925 -0.323843 -0.122297 0.035923 0.010391 0.095549 0.060279 0.032783 -0.194301
-0.013757 -0.137529 0.229680 -0.067907 -0.024853 0.175392 0.237390 0.002545 -0.041169 0.164380 -0.171212 -0.306833 -0.137423 -0.204682 0.134789 0.277947 -0.113616 -0.040668 1.000000 0.590203 0.019509 -0.004591 -0.068654 -0.193492 -0.207429 -0.057309 0.052591 0.035108 0.006821 0.139049 -0.221572 -0.180538 0.146185 0.205397 -0.287598 0.089643 0.143505 0.093843 0.184759 0.098416 0.222225 0.284868 -0.148611 -0.186326 -0.176597 -0.054679 0.011939 -0.019896 -0.139506 -0.121991 -0.336281 -0.181876 -0.066651 0.069935 0.024790 0.108157 -0.210428 -0.118509 -0.023346 0.027467 0.222368 -0.153883 0.161590 -0.214961 0.066714 -0.380937 0.104246 0.083122 0.140946 0.162854 -0.341366 -0.268862 -0.167010 -0.247270 0.152259 -0.121537 -0.195537 -0.143979 -0.220956 0.033586 -0.205644 0.006373 0.370774 0.380010 0.001365 0.011857 0.262190 0.331235 -0.022020 0.037508 0.183917 0.232787 0.046725 0.032305 0.053696 0.108362 0.113548 0.190636 0.183163 0.275562 0.086885 0.187374 0.092865 0.303243 0.164601 0.019002 0.120801 0.176646 0.257637 0.108940 0.073480 0.243814 0.207234 0.284784 0.242825 0.291143
0.009976 0.170449 0.286178 0.144849 -0.194408 -0.037760 -0.184221 -0.042584 -0.101933 -0.054521 -0.188466 -0.176040 -0.166735 -0.041917 -0.106279 0.118317 -0.121271 -0.010113 0.590203 1.000000 0.198150 0.125371 -0.080605 -0.008816 -0.163292 -0.064955 -0.087235 -0.044599 -0.153749 0.060716 -0.215535 -0.196103 0.099179 0.306030 -0.225175 0.189579 0.115427 0.000214 0.247254 0.273871 0.061449 0.313385 -0.403397 -0.330792 -0.300938 -0.053974 -0.167574 -0.093790 -0.235300 -0.112095 -0.401091 -0.246488 -0.151772 0.053709 0.021485 0.009453 -0.280407 0.036272 -0.005076 0.101523 0.069957 -0.225161 0.108230 -0.043401 -0.191482 -0.498794 0.060370 0.144157 0.415877 0.547033 -0.114751 0.000456 -0.287439 -0.162808 0.072451 -0.070220 -0.271226 0.058895 -0.151683 0.079041 -0.106993 0.041248 0.280035 0.245456 0.023654 -0.109552 0.061774 0.200052 0.209835 0.177697 0.214588 0.080490 0.060660 0.048126 0.208843 0.307460 -0.088742 0.243679 -0.028730 0.043420 0.084655 0.148191 0.040074 0.106144 -0.099995 0.089770 -0.022220 0.012404 0.197335 0.139129 0.050201 0.053472 0.159869 0.208983 0.107511 0.199406
0.042620 -0.184280 0.118570 0.224393 0.306124 0.286824 -0.276167 -0.177640 -0.253771 -0.196363 -0.152686 -0.020450 -0.073991 -0.092428 -0.153651 0.023369 -0.082798 -0.170810 0.019509 0.198150 1.000000 0.437361 -0.145393 0.132688 -0.131232 -0.297482 0.455354 0.406123 -0.358674 -0.062723 -0.338831 -0.366340 -0.318101 -0.109883 -0.060909 -0.208842 0.281814 0.206796 0.232198 0.169320 -0.152659 0.212759 0.038034 -0.005123 0.096694 0.157458 0.251837 0.090199 0.164472 0.166667 0.046754 0.144045 0.183559 0.112715 0.203375 0.007993 -0.150512 -0.157973 0.066438 0.224972 -0.014997 -0.122524 -0.130362 -0.181417 -0.088284 -0.230578 0.139978 0.135071 0.131767 0.227213 0.047828 0.033149 -0.206001 -0.132421 0.028850 0.157049 -0.167195 -0.199480 -0.105060 0.230281 -0.116877 0.112213 0.110041 0.179360 0.045738 0.169574 -0.070922 -0.119200 0.342383 0.214983 -0.015026 -0.049664 0.035263 -0.088164 0.034555 0.046910 0.172408 0.021594 0.047479 -0.080705 0.036938 0.044722 0.019292 0.222446 0.212763 0.114113 -0.051825 -0.057693 0.047244 -0.084455 -0.044198 0.032213 0.081883 0.061123 -0.221143 -0.037698
0.019594 -0.053800 0.091199 0.172702 0.099052 -0.020269 -0.364944 -0.251915 -0.266188 -0.242447 0.069104 0.196565 -0.022756 0.085816 -0.131872 -0.073780 0.039635 0.110195 -0.004591 0.125371 0.437361 1.000000 0.011640 0.212104 0.025921 0.077609 0.107649 0.130311 -0.281275 0.043997 -0.143030 -0.034785 -0.283720 -0.004021 -0.098660 -0.223638 0.261054 0.087279 0.050151 0.032259 -0.220017 0.056371 0.030463 0.049547 0.089064 0.263479 -0.024555 -0.026650 0.042312 0.182071 0.028540 0.021780 -0.131007 -0.059988 -0.220191 -0.029805 -0.247989 -0.133830 0.001399 0.188097 -0.044831 -0.066725 -0.181144 -0.096494 -0.028924 -0.153845 0.061648 0.188368 -0.082717 0.062560 -0.024787 0.181386 -0.289087 0.026513 0.000085 0.210059 -0.173606 -0.155164 0.216492 0.508252 -0.087565 0.215224 0.010897 0.016198 0.129892 0.156878 -0.087366 0.038364 -0.016895 -0.023110 -0.051420 -0.043399 -0.012136 -0.006351 -0.000486 0.005609 -0.031889 -0.093251 -0.053022 -0.071781 0.031573 0.116064 0.138378 0.154366 0.125657 0.037393 -0.140258 -0.138985 -0.160104 0.065792 -0.062976 -0.031261 0.045760 0.068093 -0.230290 -0.110192
-0.096383 0.007658 0.223109 0.080599 -0.252387 0.078286 0.038899 -0.056397 0.125663 -0.002202 0.023452 0.028461 -0.341603 -0.191033 0.151495 -0.078294 -0.071645 -0.048849 -0.068654 -0.080605 -0.145393 0.011640 1.000000 0.567498 0.442949 0.432005 0.149675 0.245781 -0.247745 -0.290992 0.234008 0.221904 0.030553 -0.322374 0.262455 -0.067862 -0.184191 0.048721 -0.025576 -0.099709 0.006183 -0.079677 -0.109030 -0.095942 -0.139688 -0.256655 -0.139309 -0.136143 0.160262 -0.189654 0.388518 0.085738 0.109435 -0.050672 0.065634 0.045213 -0.067181 -0.238435 -0.230014 -0.320471 -0.451641 -0.109699 -0.437275 -0.161863 0.394732 0.315143 -0.311058 -0.079668 -0.120709 -0.134492 0.052542 0.103890 -0.199716 0.038648 -0.134515 -0.105750 -0.137919 0.072034 -0.033196 -0.086749 -0.120950 -0.079397 0.100163 -0.147881 0.356548 0.345305 0.204104 0.315974 0.011627 0.092505 0.017345 0.078248 0.214701 0.054939 0.031316 -0.065793 -0.045889 -0.146354 -0.057106 -0.181506 0.021654 0.011208 -0.175335 -0.094007 -0.160631 -0.094205 -0.020724 -0.251632 0.103360 0.150152 0.040157 -0.120925 -0.169195 -0.002596 -0.010630 0.021646
0.098361 -0.168028 -0.043016 0.543238 -0.191196 -0.055087 -0.269586 0.081244 -0.464986 -0.546885 0.062716 0.293984 -0.273546 -0.040230 -0.318664 -0.405631 0.085949 -0.001016 -0.193492 -0.008816 0.132688 0.212104 0.567498 1.000000 0.258078 0.007412 0.319512 0.315788 -0.393164 -0.190717 -0.004304 -0.046338 -0.137811 -0.169438 0.265321 -0.034878 -0.089910 -0.084205 0.004718 0.050996 -0.108928 -0.174450 -0.019521 0.019235 -0.045439 -0.049080 -0.006811 -0.029422 0.141462 0.033664 0.373791 0.132920 0.144009 -0.065692 0.064590 -0.018759 0.031912 -0.253719 -0.190922 -0.188209 -0.297732 -0.049244 -0.390999 0.012180 0.301310 0.348549 -0.202293 0.079012 -0.097945 -0.043067 -0.008504 0.045577 -0.193727 0.026465 -0.073249 -0.022644 -0.061070 -0.091591 0.090382 0.060476 -0.078706 -0.063147 -0.006127 -0.101185 0.394032 0.362897 -0.129855 0.156562 0.167758 0.060469 -0.150585 -0.170722 0.295282 0.009419 -0.109800 -0.241138 0.095072 -0.279715 -0.200042 -0.232443 -0.011146 0.047179 -0.094195 -0.029308 -0.089162 -0.122581 -0.151650 -0.228575 -0.055902 -0.035515 -0.001174 -0.217033 -0.062932 -0.097246 -0.219556 -0.203650
-0.257066 0.194450 -0.192978 0.120385 0.043527 -0.262690 -0.092277 -0.033530 0.053952 -0.044687 0.113310 0.320719 0.148591 0.114029 0.169670 -0.381731 0.148339 0.206409 -0.207429 -0.163292 -0.131232 0.025921 0.442949 0.258078 1.000000 0.533602 -0.053976 -0.020769 0.127504 0.015017 0.514132 0.426520 0.055654 -0.127938 0.399596 -0.019235 -0.148060 0.128016 -0.350950 -0.325286 0.136862 -0.330346 -0.099373 -0.223395 -0.293950 -0.387214 -0.397475 -0.288937 -0.283301 -0.389000 0.321751 -0.123783 -0.242521 -0.366240 -0.184529 -0.383603 0.031314 0.045770 -0.380272 -0.376299 -0.512524 0.066175 -0.287908 0.149895 0.162428 0.357929 -0.389617 -0.069830 -0.021656 -0.115378 0.369335 0.417081 0.325319 0.480136 0.188336 0.259593 0.272899 0.312960 0.352507 0.158379 0.306696 0.103373 -0.338132 -0.476748 0.338267 0.104402 0.066091 0.263730 -0.243214 -0.218342 -0.096058 0.003465 0.065895 -0.181824 -0.110940 -0.050865 -0.242496 -0.346824 -0.241216 -0.281279 0.048642 -0.136850 -0.087066 -0.106082 -0.144466 -0.167271 0.209082 -0.158605 0.041115 0.151725 -0.130070 -0.450335 -0.219863 -0.024448 0.078710 0.015944
-0.347410 0.112612 -0.000929 -0.329632 -0.126353 -0.091500 -0.096381 -0.041487 0.642230 0.521876 -0.019447 -0.074766 -0.134185 -0.167734 0.603721 0.246681 -0.175635 0.104274 -0.057309 -0.064955 -0.297482 0.077609 0.432005 0.007412 0.533602 1.000000 -0.352644 -0.125983 0.091699 -0.041809 0.260703 0.407143 -0.048491 -0.214270 -0.075700 -0.050832 0.017285 0.286892 -0.198801 -0.115182 0.003801 -0.283736 -0.096753 -0.159253 -0.201127 -0.207924 -0.237070 -0.031404 0.000332 -0.228883 0.142691 -0.009715 -0.182799 -0.017162 -0.230872 0.020520 -0.317210 -0.114129 -0.131745 -0.033840 -0.383861 -0.038952 -0.278163 -0.234208 0.001075 0.063530 -0.243739 0.020084 -0.025854 -0.014896 0.070288 0.235603 -0.107645 0.081575 -0.133480 -0.066129 -0.169384 0.204236 0.041383 0.102307 -0.057335 0.130266 0.019842 -0.306825 0.273325 0.175648 0.214882 0.269758 -0.372772 -0.101261 0.149683 0.236055 0.091463 0.069913 0.034013 0.104621 -0.250129 -0.033903 -0.025289 0.047140 0.255839 -0.028950 0.070898 0.005799 0.044747 0.063510 0.245151 0.080144 0.174900 0.186212 0.010240 -0.048203 -0.233021 0.058935 0.186522 0.146885
0.072089 -0.262520 0.292842 0.343227 0.515046 0.672946 0.163890 -0.045521 -0.335322 -0.231596 -0.118873 -0.078780 -0.137124 -0.398734 -0.182060 -0.059803 -0.288141 -0.393164 0.052591 -0.087235 0.455354 0.107649 0.149675 0.319512 -0.053976 -0.352644 1.000000 0.850430 -0.382204 -0.082250 -0.343919 -0.413909 -0.015234 -0.123718 0.204614 -0.125676 0.074237 0.044679 0.292293 0.200342 0.042196 0.274101 0.072122 0.050057 0.110071 0.104980 0.377698 -0.009346 0.171340 0.092344 0.133524 0.102724 0.292727 0.104846 0.486375 0.081997 -0.050979 -0.188484 0.106982 0.128375 -0.065278 -0.028625 -0.344814 -0.278240 0.294562 0.101846 0.176831 0.224297 0.042421 0.045134 -0.274342 -0.328593 -0.168099 -0.190244 -0.191257 -0.093758 -0.184126 -0.489455 -0.257599 0.026529 -0.377498 -0.076253 0.231325 0.234893 0.044357 0.166879 -0.020794 0.054179 0.483137 0.190826 -0.152802 -0.123493 -0.088587 -0.153357 0.030128 -0.093993 0.498320 -0.035092 0.055288 -0.137409 -0.199348 -0.047775 -0.149348 0.111725 0.217075 -0.058403 -0.010019 -0.025967 0.132340 0.178632 0.074686 -0.101526 0.037165 -0.062248 -0.227831 -0.055368
0.028529 -0.211203 0.400251 0.253492 0.385773 0.750348 0.114313 -0.086736 -0.155569 -0.107498 -0.141471 -0.153961 -0.267886 -0.531941 0.011561 0.095180 -0.390772 -0.495947 0.035108 -0.044599 0.406123 0.130311 0.245781 0.315788 -0.020769 -0.125983 0.850430 1.000000 -0.457827 -0.244333 -0.407579 -0.436583 0.009203 -0.170308 0.104264 -0.120224 -0.006592 0.191929 0.367318 0.240753 0.124767 0.236211 -0.031992 -0.009845 0.042241 0.068444 0.316397 0.005575 0.203727 0.034617 0.209112 0.040973 0.333377 0.106896 0.472361 0.153325 -0.137989 -0.217272 0.216444 0.191190 -0.090242 -0.098347 -0.271579 -0.421362 0.203292 0.139218 0.154633 0.269976 0.118892 0.090390 -0.340841 -0.420534 -0.289062 -0.359014 -0.277052 -0.231569 -0.330964 -0.499204 -0.390370 -0.025027 -0.451567 -0.074870 0.314933 0.272400 0.117560 0.262309 0.090787 0.137382 0.475005 0.276668 -0.097564 -0.020596 -0.013069 -0.008011 0.161322 -0.018029 0.427808 0.111196 0.078864 -0.053067 -0.124784 -0.013863 -0.095252 0.171058 0.305398 -0.027741 0.060451 0.017048 0.164953 0.179456 0.112683 -0.101524 0.006206 -0.010634 -0.170114 0.042315
-0.138784 0.152576 -0.332095 -0.351400 -0.084566 -0.391992 0.108200 0.030110 0.221076 0.180732 0.337086 0.036577 0.399347 0.396577 0.268024 -0.033892 0.357143 0.487327 0.006821 -0.153749 -0.358674 -0.281275 -0.247745 -0.393164 0.127504 0.091699 -0.382204 -0.457827 1.000000 0.327758 0.458220 0.415978 0.181792 0.090376 -0.010302 -0.001499 0.002056 0.048459 -0.282172 -0.185261 0.247956 -0.007990 0.052513 -0.063679 -0.183059 -0.322286 -0.294528 -0.142637 -0.263768 -0.303774 -0.148118 -0.267646 -0.206989 -0.220193 -0.338194 -0.281879 0.178769 0.331524 -0.210339 -0.349469 0.042721 0.002002 0.343085 0.454558 -0.030971 0.032571 -0.250168 -0.489153 -0.086317 -0.354785 0.359737 0.088577 0.720523 0.400236 0.439857 0.188122 0.601797 0.503235 0.270871 0.052270 0.486514 0.296274 -0.045397 -0.120552 -0.022055 -0.235962 0.009759 -0.045812 -0.361744 -0.375906 -0.080161 -0.091498 -0.274468 -0.205326 -0.181310 -0.035206 -0.309159 -0.050399 -0.113326 0.037676 -0.052186 -0.220209 0.133204 -0.174350 -0.126248 -0.139097 0.109572 0.156148 -0.176495 -0.105826 -0.117978 -0.032175 0.054560 0.032958 -0.042656 -0.134349
-0.193402 -0.202226 -0.128558 -0.040692 0.193459 -0.080548 -0.038961 0.096093 -0.159895 -0.006779 0.156047 0.336068 0.279480 0.403549 0.024569 0.102447 0.197556 0.414040 0.139049 0.060716 -0.062723 0.043997 -0.290992 -0.190717 0.015017 -0.041809 -0.082250 -0.244333 0.327758 1.000000 -0.062925 -0.005404 -0.103810 0.246030 -0.204991 -0.078267 0.305437 0.239955 -0.143219 -0.131054 0.102361 0.206329 0.102862 0.050936 -0.168730 -0.064061 0.079492 0.046780 -0.230459 -0.028673 -0.230546 -0.054223 0.012521 -0.118608 -0.142373 -0.016416 -0.332320 -0.226063 -0.310633 -0.079315 0.187972 0.148743 0.001562 0.089746 -0.095524 -0.213614 -0.122236 -0.133983 -0.163641 -0.161613 -0.140381 -0.067975 0.284377 0.382243 0.362818 0.237617 0.167374 0.109387 0.191629 0.480454 0.033154 0.260759 -0.037408 0.226947 0.015061 0.009962 -0.083544 0.144811 -0.261793 -0.379980 -0.028500 -0.040385 -0.089116 -0.191069 -0.139526 -0.153419 0.124962 -0.018952 0.091256 0.171131 0.145467 -0.148194 -0.064272 0.019685 -0.035355 -0.154146 0.004634 -0.005401 0.011712 -0.036318 0.196376 0.144569 0.095995 -0.018662 0.049975 -0.023719
-0.096051 0.327708 -0.284601 0.024414 -0.199234 -0.509437 0.068018 0.144980 0.088949 -0.009208 0.318729 0.305952 0.392554 0.455193 -0.057295 -0.420300 0.319500 0.351198 -0.221572 -0.215535 -0.338831 -0.143030 0.234008 -0.004304 0.514132 0.260703 -0.343919 -0.407579 0.458220 -0.062925 1.000000 0.860042 0.380799 0.111952 0.346099 -0.028956 -0.427000 -0.192497 -0.515805 -0.387096 -0.015558 -0.312601 -0.016921 -0.130450 -0.084969 -0.311562 -0.533856 -0.434561 -0.278838 -0.362757 0.166587 -0.229226 -0.251335 -0.423771 -0.394569 -0.521929 0.356907 0.314159 -0.400835 -0.426857 -0.338721 0.172277 0.140272 0.535848 0.036167 0.513495 -0.331122 -0.251825 -0.180725 -0.272870 0.566580 0.447860 0.573342 0.513630 0.289577 0.280604 0.546823 0.494867 0.468878 -0.085242 0.538331 -0.044193 -0.516897 -0.499953 -0.045457 -0.160078 0.089802 0.010149 -0.401572 -0.326292 -0.347761 -0.334886 -0.277185 -0.378189 -0.163510 -0.123980 -0.397940 -0.356402 -0.395424 -0.428365 -0.144682 -0.233756 -0.085937 -0.381154 -0.332801 -0.204578 -0.013009 -0.082665 -0.125296 -0.147416 -0.387005 -0.468845 -0.234776 -0.076775 -0.089969 -0.197737
-0.199614 0.327379 -0.293567 0.026224 -0.256659 -0.491966 0.036613 0.229249 0.253153 0.166208 0.202909 0.243591 0.297936 0.415438 0.063776 -0.234066 0.215827 0.296392 -0.180538 -0.196103 -0.366340 -0.034785 0.221904 -0.046338 0.426520 0.407143 -0.413909 -0.436583 0.415978 -0.005404 0.860042 1.000000 0.289108 0.144313 0.160961 -0.172914 -0.394587 -0.131717 -0.503844 -0.359453 -0.056631 -0.318469 0.006611 -0.097327 -0.058317 -0.248998 -0.444556 -0.367542 -0.215295 -0.303891 0.059176 -0.172603 -0.241081 -0.341192 -0.394570 -0.438170 0.193930 0.227914 -0.411201 -0.319329 -0.309441 0.224387 0.070969 0.458217 0.016987 0.391294 -0.370301 -0.221801 -0.210689 -0.301691 0.479131 0.392391 0.447534 0.452131 0.179375 0.246242 0.418472 0.367529 0.397574 -0.074105 0.433043 -0.022171 -0.457063 -0.415894 -0.047818 -0.136578 0.031778 0.088760 -0.432714 -0.350596 -0.192446 -0.290643 -0.193635 -0.309462 -0.124910 -0.131577 -0.342429 -0.343804 -0.254903 -0.376189 -0.078214 -0.212023 -0.035194 -0.344447 -0.212509 -0.219445 0.008297 -0.042765 -0.074771 -0.124238 -0.422024 -0.402522 -0.310385 -0.079346 -0.089029 -0.145705
0.110709 0.431008 0.032090 0.134785 -0.085059 -0.059506 0.335553 0.264869 0.034301 0.007046 0.045189 -0.057352 0.105930 0.005892 -0.148378 -0.145517 0.021993 -0.084854 0.146185 0.099179 -0.318101 -0.283720 0.030553 -0.137811 0.055654 -0.048491 -0.015234 0.009203 0.181792 -0.103810 0.380799 0.289108 1.000000 0.553446 0.229975 0.006074 -0.489471 -0.145082 -0.243877 -0.025374 0.058655 0.025572 -0.222859 -0.217651 -0.119033 -0.226426 -0.323628 -0.410507 -0.264105 -0.253487 -0.094249 -0.324144 -0.070571 -0.413168 -0.032286 -0.402474 0.320341 0.375345 0.043072 -0.068202 0.032312 0.302051 0.270470 0.341774 -0.043112 0.421917 0.201101 0.030263 0.076495 -0.048619 -0.036723 -0.171848 0.321853 0.091393 -0.001740 -0.083683 0.211768 0.022305 0.022236 -0.266572 0.139595 -0.248386 -0.283813 -0.216011 -0.230178 -0.269156 0.067076 -0.037194 -0.089743 -0.203255 -0.436243 -0.353871 -0.386278 -0.332053 0.094145 0.006281 -0.124096 -0.001041 -0.307204 -0.342286 -0.333811 -0.203385 -0.206984 -0.323179 -0.176614 -0.335812 -0.000299 -0.078201 -0.038443 0.038278 -0.115547 -0.339858 -0.162201 -0.080530 -0.130071 -0.171688
0.024080 0.184997 0.005293 0.270217 -0.034055 -0.213500 0.113562 0.305096 -0.174441 -0.145283 0.013283 0.140378 0.190582 0.184454 -0.279840 -0.074303 0.017657 -0.033230 0.205397 0.306030 -0.109883 -0.004021 -0.322374 -0.169438 -0.127938 -0.214270 -0.123718 -0.170308 0.090376 0.246030 0.111952 0.144313 0.553446 1.000000 -0.067730 0.064235 -0.283723 -0.111505 -0.159339 -0.023023 -0.019522 0.040573 -0.213664 -0.181657 -0.132969 0.004275 -0.256541 -0.277706 -0.417301 -0.100817 -0.340988 -0.348584 -0.095453 -0.349771 -0.209764 -0.349955 -0.044861 0.188861 -0.005490 0.109189 0.337498 0.406361 0.304860 0.334494 -0.047936 0.056015 0.169735 0.287650 0.147627 0.234570 -0.164502 -0.131018 0.141776 0.014127 0.068393 -0.006214 0.078556 0.071641 0.022304 0.032889 0.049550 -0.111079 -0.144825 -0.009506 -0.161858 -0.349461 -0.100539 -0.022691 -0.120218 -0.259154 -0.232937 -0.212431 -0.145804 -0.125208 0.028697 -0.018008 -0.175164 -0.036665 -0.290587 -0.273034 -0.157987 -0.051241 -0.043362 -0.237178 -0.124269 -0.330093 -0.164198 -0.053907 -0.031697 -0.079434 -0.096865 -0.239429 -0.148015 -0.141806 -0.187165 -0.152051
0.143688 0.164681 -0.081465 0.246926 0.042122 -0.140985 -0.086719 -0.144828 -0.302408 -0.438056 0.218046 0.206537 0.184178 0.098927 -0.353563 -0.620607 0.322367 0.050433 -0.287598 -0.225175 -0.060909 -0.098660 0.262455 0.265321 0.399596 -0.075700 0.204614 0.104264 -0.010302 -0.204991 0.346099 0.160961 0.229975 -0.067730 1.000000 0.297616 -0.314435 -0.294884 -0.279730 -0.172655 -0.183181 -0.163181 0.055793 -0.013562 0.019627 -0.181837 -0.234439 -0.261179 -0.196389 -0.180854 0.364352 -0.045809 -0.064494 -0.309777 -0.134874 -0.444077 0.433895 0.254476 -0.171496 -0.333614 -0.327866 0.016471 -0.186367 0.382770 0.217840 0.515873 0.064545 0.132635 0.013812 -0.036574 0.314000 0.305692 0.268616 0.319849 0.006103 0.076812 0.332257 0.166014 0.331157 -0.103325 0.300396 -0.157317 -0.387763 -0.474081 0.135481 -0.063260 -0.068458 -0.159880 -0.023598 -0.118594 -0.476874 -0.318186 -0.245251 -0.259727 -0.175859 -0.210209 -0.133940 -0.326267 -0.407450 -0.308236 -0.229805 -0.170954 -0.242749 -0.186391 -0.203052 -0.073180 -0.043589 -0.135547 -0.099891 0.009862 0.079739 -0.405513 -0.163365 -0.196038 -0.298086 -0.253609
0.019774 -0.021591 -0.075780 -0.040379 -0.067790 -0.118594 -0.086929 -0.106073 -0.071771 -0.109788 0.022627 0.024698 0.044260 0.013100 -0.086730 -0.146324 0.142580 0.071204 0.089643 0.189579 -0.208842 -0.223638 -0.067862 -0.034878 -0.019235 -0.050832 -0.125676 -0.120224 -0.001499 -0.078267 -0.028956 -0.172914 0.006074 0.064235 0.297616 1.000000 -0.019144 -0.208284 0.092876 0.125604 0.068671 -0.072340 -0.229864 -0.236642 -0.183099 -0.191570 -0.219770 -0.052281 -0.178796 -0.204539 -0.071249 -0.168569 0.001005 -0.017653 -0.186716 -0.027331 0.060497 0.042483 0.070917 0.006873 0.013418 -0.124208 0.165957 0.045014 0.030402 -0.068392 0.241590 0.326333 0.355178 0.359122 -0.003053 0.087482 -0.066355 -0.010194 -0.038210 -0.214226 0.057852 0.261969 -0.004131 -0.237923 0.101833 -0.149173 0.167765 0.010377 0.155354 -0.222237 0.232653 -0.068677 0.020473 0.137985 0.030314 0.169561 0.141713 0.263870 -0.140784 0.274963 -0.212552 0.263014 -0.254383 0.115488 -0.079447 0.070220 -0.092031 0.123939 -0.162334 0.128628 -0.207871 0.057962 0.156683 0.232693 0.420795 0.098341 0.078130 0.206978 0.182146 0.079674
