1.000000 0.547563 -0.305181 -0.056701 -0.005996 0.015056 -0.184467 -0.244668 -0.139517 -0.094024 0.264969 0.098285 0.087800 0.092230 0.161281 0.132862 0.169402 0.168158 0.338264 0.357683 0.020174 -0.060827 -0.326414 -0.346058 -0.322784 -0.367595 -0.052916 -0.018801 0.131884 -0.030215 -0.299382 -0.274770 0.147294 -0.099468 -0.281854 -0.246163 -0.129016 -0.098182 -0.074490 0.072193 -0.017747 0.019491 0.014894 0.020159 -0.124397 -0.149952 0.004221 0.121489 -0.068796 0.078284 -0.298778 -0.090398 0.108604 0.056999 0.095343 0.040107 0.705438 0.481890 0.275528 0.117168 0.151380 0.057840 0.218270 0.263797 -0.245906 -0.232482 -0.112852 -0.355878 0.409392 0.112668 0.010578 -0.035058 0.021139 0.067098 -0.048007 0.121534 -0.014331 -0.199916 0.221812 0.206974 0.139159 0.189427 -0.006052 -0.033393 -0.116854 -0.194857 -0.037155 -0.057966 0.050496 0.147064 -0.054130 -0.057596 -0.213077 -0.095601 -0.122054 -0.134124 -0.031512 0.025021 -0.072603 0.029937 0.048617 0.052405 -0.112992 0.139670 -0.071564 0.038870 0.005070 -0.027720 -0.111646 -0.143450 -0.141150 -0.091704 -0.014918 0.268821 -0.021822 -0.021475
0.547563 1.000000 -0.428791 0.089412 -0.055909 0.012506 -0.425738 -0.183797 -0.261253 -0.033450 0.049790 0.060128 0.099042 0.134856 0.017153 0.141848 0.172118 0.171407 0.238296 0.323613 0.037819 -0.003252 -0.322134 -0.280116 -0.181109 -0.134433 0.021912 -0.095927 0.060275 -0.011554 -0.231702 -0.147895 0.126956 -0.012059 -0.328028 -0.139789 -0.136682 -0.020900 -0.177876 -0.068734 0.054035 0.109622 0.075666 0.079504 -0.097132 -0.072633 0.080344 0.153187 -0.150437 0.115245 -0.229603 0.029256 0.197344 0.043967 0.034008 -0.097322 0.518275 0.787800 0.092607 0.245899 -0.156284 0.040404 0.071284 0.230545 -0.303870 -0.240982 -0.195991 -0.283508 0.498004 0.214420 0.033618 0.101136 -0.040324 0.191981 0.076961 0.151660 -0.019634 -0.025387 0.209671 0.232485 0.299996 0.321367 -0.044771 -0.050726 0.010039 -0.058850 -0.119659 -0.123997 -0.059476 -0.024261 -0.110460 -0.335947 -0.277105 -0.315697 -0.085992 -0.014234 0.017723 0.017026 0.087721 -0.142842 -0.027562 0.006278 -0.144291 0.023397 -0.109373 -0.088958 -0.105019 -0.247705 -0.113114 0.004060 -0.076774 -0.032985 0.003323 0.214582 -0.099901 -0.114792
-0.305181 -0.428791 1.000000 0.083400 0.443984 0.357716 0.535027 0.303427 0.408655 0.016342 -0.224398 -0.354761 -0.078874 -0.223639 0.137298 0.114677 -0.566130 -0.480851 0.073654 -0.012550 0.076959 0.066339 0.241816 -0.035080 0.077501 0.242856 0.208914 0.498111 -0.443171 -0.441999 0.045994 -0.162543 -0.062874 -0.095256 0.251637 0.185306 0.078559 0.133510 0.109314 0.212846 -0.239943 0.039701 -0.128316 -0.173259 -0.169046 -0.159586 0.084517 0.059910 0.123910 -0.325369 0.209404 -0.028766 0.077572 0.202407 0.184436 0.149894 -0.434463 -0.402762 0.205390 0.205752 0.251070 -0.046975 -0.423249 -0.433136 0.090937 0.177982 0.456900 0.485053 -0.446756 0.196647 -0.153551 -0.207503 -0.359915 -0.296319 -0.315100 -0.293129 -0.247094 -0.082527 -0.545021 -0.442178 -0.653256 -0.550775 -0.092918 -0.007938 -0.208807 -0.102364 -0.077666 0.124837 0.356827 0.225531 0.100898 0.236819 0.026735 0.210430 0.229920 0.004731 0.174745 0.196258 0.046899 0.098724 -0.111588 -0.099254 -0.196916 -0.129016 -0.093744 -0.016579 0.116229 0.125647 0.237306 0.172063 0.291234 0.045662 -0.103509 -0.169570 0.074116 0.189026
-0.056701 0.089412 0.083400 1.000000 -0.159459 0.474180 -0.226818 0.242441 -0.272264 0.113812 -0.041305 0.311147 -0.319795 -0.042901 0.032645 0.083975 -0.126143 -0.250118 0.233493 -0.017819 -0.038430 0.267766 0.487659 0.541590 0.254226 0.317250 0.309790 0.281220 -0.384614 -0.285893 -0.048117 0.037733 -0.273681 -0.369074 0.046961 -0.098669 -0.103768 0.120226 -0.095790 0.020677 -0.052275 0.032445 -0.220414 -0.262475 -0.328801 -0.212192 -0.173865 -0.198758 -0.095913 -0.288613 0.053316 -0.088787 0.076202 -0.031069 0.049671 -0.011968 -0.035098 -0.079681 -0.110158 -0.144584 -0.250812 -0.150697 -0.023957 -0.265975 0.416598 0.326602 -0.219887 0.034093 0.163251 0.033688 -0.193403 0.106411 -0.428251 -0.128817 -0.157957 0.140002 -0.119203 0.114279 -0.149874 -0.163143 -0.098514 -0.137797 0.107956 0.209419 0.224150 0.362692 0.138467 0.422954 0.275841 0.257458 0.113453 0.026152 0.317077 -0.082909 -0.100704 -0.038283 -0.235171 -0.069780 -0.028122 -0.096484 -0.095979 -0.160777 -0.129249 0.004162 0.017994 -0.052904 0.012657 -0.127949 -0.128922 -0.004540 -0.103740 -0.183756 -0.152987 0.066096 0.101999 -0.112983
-0.005996 -0.055909 0.443984 -0.159459 1.000000 0.395952 0.191622 0.138929 0.524819 0.294104 -0.135418 -0.391483 0.049654 -0.168067 0.493554 0.395191 -0.514061 -0.452344 0.179859 0.336584 0.257505 -0.195329 -0.147393 -0.308436 0.103848 -0.041377 0.506284 0.303532 -0.221066 -0.322308 -0.316546 -0.475544 -0.187405 -0.201097 0.116060 0.056204 0.085351 0.085068 -0.042964 0.137080 -0.119751 0.107050 -0.033153 -0.079026 -0.111954 -0.173029 0.342790 0.213112 0.207252 -0.065276 0.096601 0.136436 0.268911 0.359100 0.220689 0.063942 -0.274799 -0.028724 0.255633 0.459758 0.156521 0.061702 -0.402254 -0.334308 -0.175568 0.007326 0.457948 0.321208 -0.279010 0.450537 -0.065779 -0.295591 -0.283523 -0.294371 -0.205510 -0.335206 -0.261894 -0.185895 -0.438220 -0.367230 -0.442441 -0.418841 0.094860 0.104726 -0.057726 -0.183985 -0.162393 -0.167464 0.352394 0.198413 0.175304 0.063243 -0.162218 0.138805 0.236208 0.080159 0.230720 0.176132 0.211047 -0.090972 0.018092 -0.011871 -0.128489 -0.186554 -0.125174 -0.056552 -0.030722 -0.109320 0.242090 0.292943 0.137316 -0.026193 -0.041428 -0.189393 -0.113127 0.190203
0.015056 0.012506 0.357716 0.474180 0.395952 1.000000 -0.053520 0.336663 -0.058266 0.237715 -0.294126 -0.177469 -0.306200 -0.173393 0.176973 0.290194 -0.470817 -0.475793 0.108919 0.093762 0.149390 0.144425 0.157721 0.086483 0.073791 0.195724 0.499397 0.598646 -0.529493 -0.481467 -0.343689 -0.305193 -0.143387 -0.259219 0.221677 0.184040 -0.008020 0.276844 0.034550 0.319025 -0.166425 0.175568 -0.261176 -0.350885 -0.320984 -0.193548 0.066632 0.007663 -0.060532 -0.398381 0.059303 -0.214060 0.178425 0.098940 0.194379 0.043780 -0.048128 -0.070818 0.174109 0.150775 0.099633 0.062254 -0.188291 -0.318822 0.223146 0.272377 0.104963 0.308946 -0.053894 0.287620 -0.329572 -0.124459 -0.546442 -0.334477 -0.365540 -0.132244 -0.282203 0.078011 -0.379599 -0.267861 -0.410609 -0.356009 0.096980 0.166655 0.065154 0.110649 -0.014842 0.263702 0.616667 0.458072 0.121810 -0.063921 0.143637 0.040757 0.100064 0.028186 -0.039874 0.062978 -0.065175 -0.201447 -0.133934 -0.137155 -0.070442 -0.076272 -0.013742 -0.027917 -0.101895 -0.170947 0.078744 0.189244 -0.004615 -0.235054 -0.079191 -0.105407 -0.035402 0.054007
-0.184467 -0.425738 0.535027 -0.226818 0.191622 -0.053520 1.000000 0.521829 0.529009 0.237499 0.332974 0.054807 0.341438 0.305474 -0.003680 0.127931 -0.086341 0.030916 -0.029971 -0.156337 -0.185157 -0.113869 -0.085863 -0.109214 -0.164230 -0.324436 -0.289807 -0.170684 0.195482 0.287725 0.173532 -0.031939 0.012330 0.178273 -0.067818 0.001308 -0.127033 -0.287679 -0.031869 -0.036340 -0.360690 -0.110390 0.092292 0.162410 0.221622 0.043044 0.039183 -0.088088 0.311038 0.110447 -0.018067 0.004228 -0.055601 -0.035630 -0.113791 -0.148772 -0.223879 -0.407144 0.124945 0.070176 0.509874 0.388820 0.043146 0.037241 -0.127428 0.043442 0.232177 -0.057745 -0.432072 -0.226513 0.015093 -0.204716 0.251084 0.007615 -0.183472 -0.074385 -0.006526 -0.218861 -0.106657 -0.015553 -0.300595 -0.156203 -0.234527 -0.057931 -0.440061 -0.325340 -0.079097 -0.261704 0.011281 -0.002732 0.272022 0.224729 0.131215 0.178619 -0.190134 -0.240026 -0.093202 -0.275318 -0.098185 -0.079590 0.051573 0.022525 0.035979 -0.142843 -0.257227 -0.214956 0.157855 0.153609 -0.007802 -0.281786 -0.176077 -0.040963 0.181047 -0.166821 -0.160122 0.064431
-0.244668 -0.183797 0.303427 0.242441 0.138929 0.336663 0.521829 1.000000 0.370753 0.544998 0.020256 0.228913 0.066960 0.408080 -0.072048 0.340268 -0.192583 -0.248841 -0.170245 -0.233750 -0.183108 -0.045500 -0.097190 0.127307 0.034109 -0.042609 -0.099675 -0.134818 -0.148413 0.107327 0.000044 -0.021793 -0.168280 0.089833 -0.090838 0.150125 -0.225108 -0.155454 -0.189980 -0.056525 -0.358070 -0.066368 -0.075526 0.011072 0.100789 0.120073 -0.018687 -0.120905 0.081294 -0.038684 -0.056176 -0.109189 -0.136847 -0.117358 -0.203454 -0.301718 -0.155711 -0.401668 -0.127133 -0.059863 0.335039 0.577758 -0.097875 -0.083337 -0.068507 0.421329 -0.044391 0.150524 -0.341934 -0.071947 -0.121205 -0.091425 -0.054368 -0.046017 -0.165818 -0.058038 -0.135531 -0.105697 -0.139587 -0.162623 -0.214361 -0.206726 -0.288443 0.014236 -0.326246 -0.082183 -0.123043 -0.102676 0.099664 -0.035184 0.363477 0.038156 0.390947 0.114076 -0.110223 -0.046793 -0.223568 -0.235046 -0.060024 -0.240333 0.161795 0.091409 0.198090 -0.141341 -0.065683 -0.203185 0.048733 -0.098739 0.017938 -0.131221 -0.184825 -0.051205 0.224454 -0.121231 -0.131454 -0.087966
-0.139517 -0.261253 0.408655 -0.272264 0.524819 -0.058266 0.529009 0.370753 1.000000 0.325451 0.147710 -0.139757 0.170002 0.094324 0.332231 0.326695 -0.222731 -0.267511 0.110008 0.072029 0.006331 -0.252801 -0.138396 -0.223426 -0.047332 -0.126531 -0.086311 -0.092841 0.028949 0.022493 0.191368 -0.078495 -0.220912 -0.026595 -0.147920 -0.064012 0.021859 -0.165185 -0.107035 -0.138979 -0.126923 -0.111570 0.144504 0.148686 0.026359 -0.067262 0.228610 0.190929 0.179200 0.114797 0.039169 0.145384 -0.011101 0.232049 -0.102201 -0.010840 -0.319060 -0.264179 -0.029898 0.138969 0.267527 0.275580 -0.282335 -0.144281 -0.154501 0.040020 0.195109 0.075266 -0.343469 0.126153 0.137757 -0.198062 0.050903 -0.102816 -0.072660 -0.158454 -0.055094 -0.102903 -0.209963 -0.106210 -0.253539 -0.265525 -0.110746 0.004121 -0.335010 -0.301007 -0.158930 -0.200941 -0.010024 -0.088248 0.332366 0.303398 0.075867 0.144488 0.084063 -0.057782 0.101411 0.045539 0.300157 0.087891 0.083738 0.038166 -0.011378 -0.172013 -0.165431 -0.125824 0.158876 0.070819 0.178872 0.037361 0.112402 0.187326 0.184455 -0.171817 -0.040525 0.063894
-0.094024 -0.033450 0.016342 0.113812 0.294104 0.237715 0.237499 0.544998 0.325451 1.000000 0.100727 0.154200 0.093314 0.268207 0.000320 0.347429 -0.012210 -0.139081 0.108156 0.073446 0.060013 -0.105050 -0.137274 0.162052 0.442962 -0.022763 0.165004 -0.355637 0.174333 0.325742 0.001734 -0.048384 -0.145533 -0.009046 -0.174422 -0.063074 -0.180386 -0.350652 -0.304281 -0.338217 -0.101060 -0.004304 0.174277 0.173357 0.218674 0.077858 0.174611 -0.112412 0.129068 0.156340 -0.117463 0.026571 -0.023378 -0.016258 -0.399375 -0.430445 -0.024222 -0.191237 -0.215031 0.040049 -0.039614 0.353952 0.055866 -0.023460 -0.203220 0.095722 0.001635 -0.063165 -0.098226 0.102910 0.042374 -0.199991 0.091995 0.039219 -0.027719 -0.059896 -0.097089 -0.139337 -0.031807 -0.143627 0.086895 0.080822 -0.238667 0.262215 -0.184668 -0.073738 -0.244679 -0.446632 -0.176287 -0.251309 0.359389 -0.084792 0.299631 -0.026055 -0.275730 0.016197 -0.395750 -0.373925 0.071639 -0.332615 0.204006 -0.015535 0.262510 -0.203045 0.073598 -0.171870 -0.075578 -0.221640 0.027449 -0.038981 -0.382509 -0.142407 0.214804 -0.115112 -0.183635 0.003896
0.264969 0.049790 -0.224398 -0.041305 -0.135418 -0.294126 0.332974 0.020256 0.147710 0.100727 1.000000 0.424490 0.559196 0.531940 0.172707 0.081481 0.469087 0.380060 0.152826 -0.157496 -0.328263 -0.074932 -0.013603 -0.062172 -0.151347 -0.377806 -0.305281 -0.386015 0.539191 0.434112 0.228708 0.204734 -0.200734 -0.054685 -0.166116 -0.211487 -0.214196 -0.417067 -0.264950 -0.363947 -0.000156 -0.349509 0.123703 0.229833 0.109647 -0.031634 -0.182459 -0.182794 0.267258 0.301100 -0.013740 0.144440 -0.009450 -0.161692 -0.237144 -0.195487 0.158705 -0.016771 0.079314 -0.064494 0.141441 0.071360 0.461215 0.248885 0.053590 0.042525 -0.179075 -0.575467 0.209598 -0.458251 0.158948 -0.004224 0.454015 0.239387 0.116305 0.251371 0.152518 -0.207863 0.450432 0.405170 0.247268 0.367219 -0.053884 -0.246918 -0.106751 -0.168802 0.089209 -0.229721 -0.244264 -0.170813 0.110029 0.161364 -0.014424 -0.056676 -0.523697 -0.260878 -0.279074 -0.348810 -0.074990 0.003364 0.008493 -0.038623 -0.050442 0.082914 -0.212283 -0.235295 0.096816 0.040043 -0.231988 -0.514538 -0.357960 0.012698 0.221195 0.171571 -0.117748 -0.230691
0.098285 0.060128 -0.354761 0.311147 -0.391483 -0.177469 0.054807 0.228913 -0.139757 0.154200 0.424490 1.000000 0.094484 0.575158 -0.067530 0.052033 0.387234 0.370105 0.018940 -0.211310 -0.323241 -0.004165 0.111681 0.251898 -0.018360 -0.193647 -0.180397 -0.354391 0.285808 0.460304 0.211277 0.268171 -0.085387 0.028253 -0.204997 -0.270175 -0.435271 -0.312920 -0.285348 -0.312876 -0.031082 -0.140789 0.065698 0.198463 0.052387 0.104146 -0.271493 -0.296839 0.070188 0.202652 0.008817 0.055113 -0.199335 -0.300601 -0.285460 -0.228691 0.093986 -0.155987 -0.299607 -0.280628 -0.108797 0.198376 0.385479 0.320172 0.113762 0.309339 -0.400158 -0.366826 0.133827 -0.381344 0.003900 0.098767 0.115992 0.239608 -0.036532 0.260052 0.122078 -0.045514 0.374828 0.286417 0.293522 0.319049 -0.076409 0.160839 0.004470 0.215564 0.016283 -0.020802 -0.381877 -0.180318 -0.006774 0.017597 0.252711 -0.071220 -0.418515 -0.072585 -0.396307 -0.330642 -0.143498 -0.051687 0.158335 -0.071443 0.143965 0.084983 0.030073 -0.105328 -0.050031 -0.106080 -0.371069 -0.452306 -0.452718 -0.206835 0.219896 0.084319 0.011610 -0.111684
0.087800 0.099042 -0.078874 -0.319795 0.049654 -0.306200 0.341438 0.066960 0.170002 0.093314 0.559196 0.094484 1.000000 0.606546 -0.030704 0.311227 0.258529 0.336272 -0.104728 -0.146387 -0.335116 -0.185181 -0.379623 -0.417755 -0.163199 -0.312695 -0.302481 -0.441219 0.488459 0.425254 0.128145 0.054459 -0.009542 0.207887 -0.226497 0.075846 -0.220796 -0.247975 -0.219981 -0.274960 -0.108309 -0.112966 0.234710 0.301724 0.192677 0.045504 0.014008 -0.173878 0.479760 0.228216 0.160727 0.267872 0.175479 -0.099697 -0.011258 -0.175852 0.032398 0.030342 0.258870 0.188075 0.196380 0.189649 0.188981 0.126103 -0.429436 -0.044788 0.188636 -0.303262 0.020461 -0.215721 0.183947 -0.031645 0.463483 0.360440 0.174926 0.100872 0.096418 -0.099717 0.247212 0.168722 0.174612 0.308754 -0.468133 -0.251753 -0.097791 -0.095424 -0.146441 -0.459450 -0.361523 -0.205147 -0.021653 -0.199752 -0.275774 -0.110251 -0.421855 -0.074919 -0.196734 -0.271068 -0.048999 -0.035638 0.033111 0.044445 -0.026255 -0.049957 -0.228578 -0.341698 -0.077233 -0.081439 -0.196944 -0.250241 -0.263427 -0.016739 0.154999 0.114923 -0.308979 -0.205050
0.092230 0.134856 -0.223639 -0.042901 -0.168067 -0.173393 0.305474 0.408080 0.094324 0.268207 0.531940 0.575158 0.606546 1.000000 -0.127685 0.367940 0.361284 0.365175 -0.088334 -0.245603 -0.457107 -0.074944 -0.304188 -0.187828 -0.164833 -0.330328 -0.347791 -0.499977 0.385392 0.549594 0.139257 0.187925 -0.136592 0.196133 -0.223789 0.045894 -0.411514 -0.275937 -0.343253 -0.319204 -0.176246 -0.072817 0.171275 0.357806 0.174621 0.198080 -0.096432 -0.191838 0.284675 0.313484 0.047198 0.182538 0.002671 -0.182927 -0.245771 -0.310348 0.159363 -0.069392 -0.058294 -0.073631 0.146254 0.399234 0.319420 0.228066 -0.236029 0.235212 -0.160150 -0.381170 0.077231 -0.381228 0.100601 0.071719 0.337182 0.419850 0.073192 0.223098 0.119326 -0.058403 0.418354 0.226947 0.295806 0.392403 -0.403410 -0.160978 -0.114065 0.054685 -0.175844 -0.351310 -0.340348 -0.220823 0.023152 -0.088034 -0.059647 -0.196562 -0.570881 -0.071347 -0.416602 -0.355960 -0.091814 -0.063882 0.103844 -0.000589 0.066247 -0.046889 -0.203621 -0.436140 -0.144525 -0.219287 -0.360085 -0.431101 -0.411927 -0.103651 0.333886 0.041128 -0.272178 -0.261839
0.161281 0.017153 0.137298 0.032645 0.493554 0.176973 -0.003680 -0.072048 0.332231 0.000320 0.172707 -0.067530 -0.030704 -0.127685 1.000000 0.334801 -0.340322 -0.276481 0.255351 0.421361 0.118253 -0.220802 0.051966 -0.170561 -0.113939 -0.108167 0.335379 0.237461 0.008771 -0.231717 -0.242437 -0.394911 -0.106409 -0.162241 -0.001752 -0.305006 0.226368 0.196184 0.087538 0.163012 0.167882 0.135568 -0.130599 -0.239306 -0.329310 -0.522557 0.314234 0.084225 -0.001867 -0.166432 0.059129 -0.028514 0.216290 0.381059 0.240762 0.307487 -0.227936 -0.022276 -0.021076 0.077499 -0.063106 -0.109337 -0.335933 -0.302737 0.011324 -0.015643 0.031729 0.026611 -0.018953 0.419692 -0.185781 -0.436595 -0.171210 -0.346460 -0.001165 -0.290144 -0.021101 -0.022484 -0.385214 -0.133360 -0.225406 -0.322543 0.450598 0.302555 0.200307 -0.087430 0.136178 0.033844 0.283266 0.275838 0.068102 0.140148 -0.042051 0.184253 0.289279 0.093481 0.146036 0.214686 0.204853 0.021597 -0.080790 -0.149523 -0.187259 -0.180469 0.006815 0.072407 -0.082800 -0.133063 0.100015 0.270077 0.090223 0.014306 0.146561 -0.108838 0.030320 0.249968
0.132862 0.141848 0.114677 0.083975 0.395191 0.290194 0.127931 0.340268 0.326695 0.347429 0.081481 0.052033 0.311227 0.367940 0.334801 1.000000 -0.170020 -0.134545 0.115215 0.165843 0.034245 0.004672 -0.279067 -0.317592 -0.200958 -0.135039 0.226406 -0.025754 -0.026993 0.034613 -0.147896 -0.277672 -0.176962 -0.021101 -0.244017 0.012908 -0.059370 0.050883 -0.035204 0.097300 -0.196569 0.238549 0.022041 0.045431 -0.108129 -0.126415 0.273898 -0.074591 0.294680 -0.040430 0.132185 0.103274 0.344608 0.165569 0.182335 -0.002923 0.019264 0.004559 0.026114 0.081867 0.164923 0.322049 -0.146838 -0.128194 -0.274643 0.183668 0.051519 -0.033331 -0.012899 0.267596 -0.097764 -0.160500 -0.078258 0.018206 -0.036620 -0.043354 -0.031099 -0.119096 -0.162437 -0.124525 -0.122886 -0.082473 -0.239413 0.179598 -0.074188 0.009252 -0.318093 -0.228121 0.131829 0.204302 0.098885 -0.237388 -0.002058 -0.118236 -0.097841 -0.051108 -0.071461 -0.131580 0.056222 -0.093670 0.035531 -0.140917 -0.022097 -0.241276 -0.172159 -0.272000 -0.222236 -0.278044 -0.067705 0.019313 -0.239539 -0.199246 0.053722 -0.207261 -0.324412 -0.000634
0.169402 0.172118 -0.566130 -0.126143 -0.514061 -0.470817 -0.086341 -0.192583 -0.222731 -0.012210 0.469087 0.387234 0.258529 0.361284 -0.340322 -0.170020 1.000000 0.628553 -0.017839 -0.300241 -0.228851 0.184466 -0.077879 0.029970 -0.049915 -0.244665 -0.396166 -0.483752 0.616892 0.563732 0.218263 0.386547 0.127946 0.138501 -0.200438 -0.192394 -0.184154 -0.485966 -0.206386 -0.440107 -0.033373 -0.274323 0.309580 0.473708 0.361190 0.365645 -0.215521 -0.175260 0.183793 0.480157 0.059523 0.201346 -0.093672 -0.241312 -0.381507 -0.285842 0.438612 0.240791 -0.243836 -0.308655 -0.091499 -0.015879 0.646486 0.503667 0.048394 -0.140829 -0.384802 -0.600804 0.415786 -0.512256 0.283083 0.219458 0.614766 0.410808 0.328622 0.420050 0.364199 -0.151140 0.824781 0.453918 0.743754 0.723217 -0.305798 -0.362445 -0.062845 -0.008386 -0.087722 -0.245396 -0.576739 -0.366898 -0.134712 -0.132849 -0.053417 -0.251942 -0.574338 -0.227516 -0.339925 -0.429703 -0.114590 -0.016941 0.057762 0.010498 0.135551 0.205455 -0.068700 -0.150990 -0.051725 0.021782 -0.388823 -0.504175 -0.418745 -0.062109 0.228138 0.221900 -0.031111 -0.304405
0.168158 0.171407 -0.480851 -0.250118 -0.452344 -0.475793 0.030916 -0.248841 -0.267511 -0.139081 0.380060 0.370105 0.336272 0.365175 -0.276481 -0.134545 0.628553 1.000000 -0.156427 -0.165774 -0.274434 -0.002514 -0.075781 -0.104765 -0.288788 -0.410264 -0.321998 -0.469075 0.522251 0.608969 0.130196 0.234209 0.167695 0.235163 -0.153403 -0.124577 -0.113695 -0.245050 0.104594 -0.073810 0.067249 -0.034214 0.180777 0.257865 0.172660 0.148129 -0.099965 -0.272587 0.127721 0.303148 -0.036241 0.021244 -0.045787 -0.227221 -0.090031 -0.027857 0.327362 0.235456 -0.144780 -0.224468 -0.071063 0.043923 0.466102 0.602002 -0.054838 -0.147515 -0.343014 -0.584063 0.247197 -0.420206 0.089045 0.073322 0.480756 0.391377 0.228348 0.261889 0.421239 -0.058619 0.565753 0.608243 0.494068 0.621010 -0.205175 -0.079822 -0.040857 -0.090636 -0.004083 -0.165630 -0.369358 -0.199442 -0.126169 -0.239044 -0.019781 -0.152627 -0.378344 -0.213013 -0.164347 -0.351666 -0.099520 -0.009690 0.044375 -0.082951 0.131183 0.059285 -0.013026 -0.106141 0.004548 0.046921 -0.519882 -0.385700 -0.382262 -0.155703 0.155468 0.150467 -0.151387 -0.093455
0.338264 0.238296 0.073654 0.233493 0.179859 0.108919 -0.029971 -0.170245 0.110008 0.108156 0.152826 0.018940 -0.104728 -0.088334 0.255351 0.115215 -0.017839 -0.156427 1.000000 0.585553 0.169939 -0.044071 -0.044005 -0.106602 0.033682 -0.108012 0.164781 0.040781 0.132550 -0.028801 0.006167 -0.129746 0.050939 -0.218101 -0.181452 -0.417820 0.020237 -0.101668 -0.266465 -0.193252 0.039935 0.106186 0.111194 0.125103 -0.197717 -0.289506 0.147235 0.207934 -0.144770 0.046977 -0.200492 0.094269 0.293885 0.213756 -0.078255 -0.139804 0.159018 0.182903 0.200104 0.251944 -0.188331 -0.121644 0.029152 -0.107352 -0.167723 -0.209916 0.114596 -0.229073 0.375888 0.210538 0.168314 0.018610 -0.024915 0.046577 -0.052081 0.131069 0.005454 -0.008554 -0.062991 0.013686 -0.003581 0.047212 0.067366 0.203970 0.002822 -0.060378 -0.245627 -0.171735 0.056118 -0.010749 0.012557 0.077037 -0.210519 -0.200153 -0.118997 -0.155362 -0.119721 -0.108337 0.157670 -0.054504 -0.006242 -0.040213 -0.204269 -0.059642 -0.139748 -0.143525 -0.090918 -0.191674 -0.000119 0.005519 -0.191678 -0.135803 -0.089808 -0.022774 -0.090323 -0.001745
0.357683 0.323613 -0.012550 -0.017819 0.336584 0.093762 -0.156337 -0.233750 0.072029 0.073446 -0.157496 -0.211310 -0.146387 -0.245603 0.421361 0.165843 -0.300241 -0.165774 0.585553 1.000000 0.372011 -0.255385 -0.280496 -0.214500 -0.066823 -0.159232 0.265857 0.089202 0.107114 -0.107389 -0.285265 -0.403241 0.172694 -0.014553 -0.162807 -0.256260 0.191830 0.133575 0.108085 0.195552 0.140891 0.336818 -0.043171 -0.109136 -0.155481 -0.332728 0.339915 0.312014 -0.217835 -0.085807 -0.446263 -0.151063 0.171852 0.361723 0.120423 0.069797 0.048752 0.283518 0.115517 0.351004 -0.211463 -0.000074 -0.349515 -0.174059 -0.471759 -0.324719 0.131571 0.094643 0.161075 0.659539 -0.054211 -0.325353 -0.096801 -0.245153 -0.048240 -0.305579 -0.029401 0.012743 -0.363197 -0.083972 -0.124214 -0.239512 0.312953 0.522162 -0.030807 -0.266880 -0.025683 -0.148804 0.169594 0.129399 0.031835 -0.082319 -0.264939 -0.073517 0.354487 -0.028059 0.188988 0.168816 0.261801 -0.091333 0.013142 0.046302 -0.158292 -0.229906 0.020553 0.098321 0.017435 -0.113261 0.126961 0.317642 0.089537 -0.081509 -0.093175 -0.142870 -0.067180 0.338427
0.020174 0.037819 0.076959 -0.038430 0.257505 0.149390 -0.185157 -0.183108 0.006331 0.060013 -0.328263 -0.323241 -0.335116 -0.457107 0.118253 0.034245 -0.228851 -0.274434 0.169939 0.372011 1.000000 0.355313 -0.067795 0.038762 0.114158 0.174051 0.300954 0.322957 -0.160046 -0.274963 -0.063785 -0.130408 -0.058361 -0.228976 -0.076137 -0.152950 0.330303 0.127997 0.395985 0.304402 0.005005 0.346371 -0.052628 -0.099969 -0.067659 -0.113767 0.093207 0.126446 -0.215319 -0.125746 -0.305895 -0.161921 0.101432 0.125029 0.194403 0.212687 0.073048 0.213034 -0.055523 0.172933 -0.133647 -0.126981 -0.322956 -0.073327 -0.113590 -0.313232 0.022432 0.183031 -0.107092 0.338422 0.136265 0.082285 -0.200500 -0.191306 -0.163164 -0.048435 -0.059269 -0.059588 -0.233474 -0.047313 -0.106330 -0.166784 0.216841 0.284965 -0.104562 -0.135265 0.160282 0.064088 0.265610 0.338997 -0.103492 -0.076546 -0.039506 0.062004 0.406512 -0.284264 0.168544 -0.016011 -0.038695 0.010283 0.076205 0.027710 0.105156 0.007747 0.227633 0.371143 -0.077805 0.130833 0.203778 0.106997 -0.042314 -0.180946 -0.292365 -0.044954 0.279213 0.368237
-0.060827 -0.003252 0.066339 0.267766 -0.195329 0.144425 -0.113869 -0.045500 -0.252801 -0.105050 -0.074932 -0.004165 -0.185181 -0.074944 -0.220802 0.004672 0.184466 -0.002514 -0.044071 -0.255385 0.355313 1.000000 0.269953 0.255176 0.176851 0.456418 0.057143 0.210600 -0.079492 -0.066832 0.218717 0.424563 -0.015075 -0.022090 -0.041513 0.067714 0.091502 0.096252 0.253265 0.128613 -0.081931 0.013055 -0.046152 0.006716 -0.029422 0.167798 -0.274670 -0.361819 -0.150395 -0.088603 0.051546 -0.093860 0.099026 -0.179294 -0.014434 0.054218 0.265719 0.150151 -0.289758 -0.394404 -0.125231 -0.326499 0.055816 -0.056017 0.325144 0.005659 -0.293453 -0.083026 0.197563 -0.173564 -0.020832 0.387503 -0.011761 0.147726 -0.100227 0.456093 0.088877 0.042145 0.235085 0.107473 0.172571 0.319080 -0.145841 -0.171653 0.114509 0.327737 0.115758 0.152757 0.037489 0.207658 -0.275701 -0.185268 0.058890 -0.163844 -0.223971 -0.422832 -0.263477 -0.334332 -0.481146 -0.046899 -0.154742 -0.175393 0.039291 0.088325 0.017517 0.025327 -0.186678 0.052648 -0.216137 -0.287746 -0.252808 -0.266670 -0.195900 0.049777 0.132057 -0.112527
-0.326414 -0.322134 0.241816 0.487659 -0.147393 0.157721 -0.085863 -0.097190 -0.138396 -0.137274 -0.013603 0.111681 -0.379623 -0.304188 0.051966 -0.279067 -0.077879 -0.075781 -0.044005 -0.280496 -0.067795 0.269953 1.000000 0.678724 0.354071 0.446247 0.295536 0.324839 -0.330870 -0.210633 0.248392 0.291559 -0.162517 -0.201774 0.295126 -0.001342 0.184517 0.183595 0.133143 0.064871 0.229205 -0.055505 -0.199773 -0.221968 -0.278134 -0.139432 -0.209143 -0.220450 -0.129916 -0.240094 0.323454 -0.015658 -0.054292 0.056333 0.011369 0.165546 -0.272967 -0.172574 -0.321834 -0.448044 -0.291973 -0.464341 -0.062039 -0.268658 0.752707 0.224113 -0.240145 0.065534 0.023885 -0.167931 -0.195731 0.093319 -0.310656 -0.040575 0.006039 0.167645 0.111277 0.219932 -0.133326 -0.077899 -0.128915 -0.101990 0.302382 0.020206 0.268831 0.313190 0.221246 0.463516 0.183428 0.075430 -0.074515 0.155352 0.237169 0.072087 -0.011358 0.022724 -0.014874 0.081513 -0.101354 0.038933 -0.264327 -0.192499 -0.223670 0.029521 -0.032175 0.035684 0.060365 0.052075 -0.070602 0.042750 0.151845 0.037465 -0.108815 0.059967 0.226559 -0.061540
-0.346058 -0.280116 -0.035080 0.541590 -0.308436 0.086483 -0.109214 0.127307 -0.223426 0.162052 -0.062172 0.251898 -0.417755 -0.187828 -0.170561 -0.317592 0.029970 -0.104765 -0.106602 -0.214500 0.038762 0.255176 0.678724 1.000000 0.490671 0.364232 0.096600 0.050541 -0.176778 -0.018393 0.177133 0.360228 -0.152728 -0.108308 0.109927 -0.039935 0.095215 0.016833 0.048823 -0.022609 0.143906 -0.056507 -0.238480 -0.216299 -0.051026 -0.011007 -0.306460 -0.223455 -0.225455 -0.148676 -0.099841 -0.163447 -0.262424 -0.122848 -0.204358 -0.070300 -0.157699 -0.192857 -0.385479 -0.380893 -0.158310 -0.144157 0.021696 -0.146905 0.499352 0.107400 -0.298216 0.073434 -0.076244 -0.211193 -0.049979 0.232387 -0.122415 -0.027767 -0.014889 0.209917 0.110783 0.188784 0.001977 -0.103285 0.015889 -0.039187 0.298441 0.202524 0.052072 0.212583 0.245403 0.336306 0.020414 -0.025976 0.119768 0.135518 0.349117 -0.027343 -0.008181 -0.004112 -0.083939 -0.065838 -0.082579 -0.045388 -0.137183 -0.115260 -0.026562 -0.019561 0.071758 0.070280 0.060240 0.062159 0.009728 -0.047472 0.010251 0.085457 -0.048128 0.004305 0.263640 -0.043188
-0.322784 -0.181109 0.077501 0.254226 0.103848 0.073791 -0.164230 0.034109 -0.047332 0.442962 -0.151347 -0.018360 -0.163199 -0.164833 -0.113939 -0.200958 -0.049915 -0.288788 0.033682 -0.066823 0.114158 0.176851 0.354071 0.490671 1.000000 0.604938 0.302573 -0.082626 -0.029754 0.045236 0.204055 0.263952 -0.162510 -0.089573 0.142764 0.128550 -0.057212 -0.100379 -0.267440 -0.362110 0.202216 -0.107380 0.064295 -0.017506 0.081533 0.117308 -0.079292 -0.181622 -0.115567 -0.075640 0.060244 0.122486 -0.112177 -0.075233 -0.361379 -0.313948 -0.223735 -0.220211 -0.284990 -0.101918 -0.350927 -0.271791 -0.056246 -0.291964 0.179605 0.144378 0.052685 0.251252 0.062390 0.042029 0.083400 0.093342 -0.066113 0.066319 0.011632 0.061444 -0.114278 0.132015 -0.077097 -0.263758 0.074111 0.077232 -0.053641 0.088929 0.183197 0.320969 -0.039935 -0.135835 -0.235904 -0.326153 0.028101 -0.013965 0.143452 -0.011605 -0.117943 0.202357 -0.293606 -0.077186 -0.080026 -0.255847 0.029999 -0.044294 0.051253 -0.061151 0.168782 -0.025490 -0.134542 -0.203865 0.040538 0.133738 -0.036768 -0.001388 -0.087166 0.005408 0.101295 -0.058434
-0.367595 -0.134433 0.242856 0.317250 -0.041377 0.195724 -0.324436 -0.042609 -0.126531 -0.022763 -0.377806 -0.193647 -0.312695 -0.330328 -0.108167 -0.135039 -0.244665 -0.410264 -0.108012 -0.159232 0.174051 0.456418 0.446247 0.364232 0.604938 1.000000 0.223881 0.294798 -0.297677 -0.266369 0.323645 0.467543 -0.087665 0.021225 0.172630 0.340040 0.097611 0.254637 -0.013009 -0.070182 0.249722 0.033800 -0.064398 -0.134970 -0.096781 0.125454 -0.081306 -0.122738 -0.296708 -0.289449 0.207361 0.023741 -0.011699 0.029929 -0.117335 -0.041472 -0.238334 -0.140393 -0.310683 -0.275316 -0.377303 -0.426199 -0.317714 -0.464592 0.319354 0.241679 0.025960 0.461578 0.023106 0.140368 -0.028921 0.280641 -0.244015 0.040626 0.052145 0.114461 -0.032403 0.358675 -0.202858 -0.229021 -0.042463 -0.033945 -0.033099 0.033458 0.299773 0.467639 -0.042047 0.153236 -0.004945 -0.125123 -0.301321 -0.161516 -0.024184 -0.171527 0.100399 0.224870 -0.123427 0.103081 -0.130334 -0.063609 -0.255181 -0.087786 -0.112745 -0.133491 0.069744 -0.061423 -0.272865 -0.285942 0.092737 0.311636 0.224554 0.035303 -0.245163 -0.106698 0.048292 -0.123111
-0.052916 0.021912 0.208914 0.309790 0.506284 0.499397 -0.289807 -0.099675 -0.086311 0.165004 -0.305281 -0.180397 -0.302481 -0.347791 0.335379 0.226406 -0.396166 -0.321998 0.164781 0.265857 0.300954 0.057143 0.295536 0.096600 0.302573 0.223881 1.000000 0.500787 -0.359016 -0.414320 -0.291920 -0.304964 -0.153317 -0.212734 0.228109 0.038903 0.144891 0.277126 0.120954 0.224747 0.148231 0.265299 -0.138407 -0.261041 -0.302038 -0.206099 0.152002 0.028493 -0.013776 -0.211178 0.187754 -0.010733 0.248361 0.217509 0.247772 0.196994 -0.169659 0.025373 -0.004837 0.168841 -0.339411 -0.327718 -0.276139 -0.312569 0.164095 0.159493 0.082727 0.308985 -0.019866 0.472642 -0.293550 -0.262011 -0.518398 -0.340901 -0.211852 -0.299852 -0.213489 -0.015812 -0.369051 -0.299696 -0.275872 -0.309415 0.236992 0.301152 0.241025 0.181068 -0.029324 0.108063 0.378487 0.211741 -0.048395 -0.139094 -0.001403 0.053712 0.239903 0.137623 0.172190 0.224806 0.117899 -0.121742 -0.039610 -0.146373 -0.089404 -0.073632 0.205768 0.101588 -0.143493 -0.232802 0.088872 0.334277 0.064776 -0.281798 -0.222992 -0.087341 0.030493 0.184466
-0.018801 -0.095927 0.498111 0.281220 0.303532 0.598646 -0.170684 -0.134818 -0.092841 -0.355637 -0.386015 -0.354391 -0.441219 -0.499977 0.237461 -0.025754 -0.483752 -0.469075 0.040781 0.089202 0.322957 0.210600 0.324839 0.050541 -0.082626 0.294798 0.500787 1.000000 -0.651510 -0.785187 -0.255706 -0.247728 -0.124301 -0.318360 0.367626 0.098710 0.164559 0.434719 0.266052 0.494184 -0.010745 0.213681 -0.393751 -0.443269 -0.443087 -0.263657 -0.116814 0.178210 -0.105383 -0.453011 0.116742 -0.185354 0.122372 0.217056 0.450805 0.412376 -0.116334 0.006115 0.274753 0.196766 0.038009 -0.337452 -0.313103 -0.332244 0.353537 0.109332 0.190476 0.458242 -0.164491 0.295868 -0.286781 -0.060687 -0.658533 -0.475061 -0.392435 -0.258537 -0.280245 0.040529 -0.418793 -0.301947 -0.534396 -0.517565 0.334513 0.029386 0.113216 0.085829 0.190010 0.553409 0.689984 0.588869 -0.127226 0.118161 -0.119331 0.161503 0.440096 0.101482 0.372443 0.447566 0.035641 0.163998 -0.213923 -0.107759 -0.255825 0.075712 0.043486 0.230740 0.015434 0.074712 0.281617 0.276207 0.376335 -0.044415 -0.332080 -0.043606 0.243744 0.208457
0.131884 0.060275 -0.443171 -0.384614 -0.221066 -0.529493 0.195482 -0.148413 0.028949 0.174333 0.539191 0.285808 0.488459 0.385392 0.008771 -0.026993 0.616892 0.522251 0.132550 0.107114 -0.160046 -0.079492 -0.330870 -0.176778 -0.029754 -0.297677 -0.359016 -0.651510 1.000000 0.797976 0.223938 0.294105 0.266962 0.411627 -0.332934 -0.239074 -0.060834 -0.439730 -0.182788 -0.415932 0.142518 -0.112896 0.456216 0.498544 0.461577 0.218920 0.128501 -0.141116 0.201938 0.512045 -0.123170 0.135401 -0.047564 -0.168330 -0.434763 -0.336800 0.180948 0.054800 -0.201959 -0.156263 -0.100836 0.076433 0.406923 0.369191 -0.383242 -0.299892 -0.168415 -0.530632 0.212594 -0.234579 0.266758 -0.082465 0.846697 0.298884 0.344672 0.162980 0.382420 -0.136184 0.505526 0.404353 0.593863 0.607326 -0.238515 0.044931 -0.046214 -0.164422 -0.167739 -0.642064 -0.614889 -0.472582 -0.102611 -0.252962 -0.166750 -0.228682 -0.454263 -0.131854 -0.368347 -0.500378 -0.097334 -0.183721 0.088489 0.017643 0.162909 -0.102967 -0.080247 -0.231935 -0.220100 -0.208656 -0.303166 -0.262170 -0.523645 -0.149430 0.261013 -0.007555 -0.274674 -0.073311
-0.030215 -0.011554 -0.441999 -0.285893 -0.322308 -0.481467 0.287725 0.107327 0.022493 0.325742 0.434112 0.460304 0.425254 0.549594 -0.231717 0.034613 0.563732 0.608969 -0.028801 -0.107389 -0.274963 -0.066832 -0.210633 -0.018393 0.045236 -0.266369 -0.414320 -0.785187 0.797976 1.000000 0.391002 0.414999 0.125810 0.418648 -0.272694 -0.084049 -0.193527 -0.450343 -0.222578 -0.421885 0.046740 -0.091009 0.381423 0.494654 0.466878 0.327580 0.044375 -0.289392 0.144105 0.447942 -0.065494 0.180686 -0.087322 -0.247151 -0.474826 -0.448740 0.140502 -0.052595 -0.359229 -0.301050 -0.062858 0.316380 0.417831 0.459884 -0.243151 -0.069424 -0.311798 -0.530002 0.091726 -0.429365 0.293238 0.085167 0.762515 0.536026 0.292069 0.317761 0.429381 0.027915 0.503149 0.450639 0.523932 0.623621 -0.326751 0.057563 -0.147167 -0.068644 -0.166740 -0.558861 -0.619661 -0.492949 -0.028159 -0.271887 0.030898 -0.194903 -0.587018 -0.107786 -0.489213 -0.630290 -0.160539 -0.279744 0.188848 0.065673 0.314540 -0.068691 -0.054721 -0.296343 -0.192571 -0.209002 -0.366759 -0.375167 -0.591020 -0.205718 0.256426 0.009072 -0.328804 -0.195996
-0.299382 -0.231702 0.045994 -0.048117 -0.316546 -0.343689 0.173532 0.000044 0.191368 0.001734 0.228708 0.211277 0.128145 0.139257 -0.242437 -0.147896 0.218263 0.130196 0.006167 -0.285265 -0.063785 0.218717 0.248392 0.177133 0.204055 0.323645 -0.291920 -0.255706 0.223938 0.391002 1.000000 0.791154 -0.075040 0.201399 -0.028399 0.065119 -0.169128 -0.283084 -0.101103 -0.356623 0.125370 -0.217687 0.232208 0.267318 0.140872 0.210768 -0.172939 -0.196314 -0.030487 0.135082 0.202708 0.256481 -0.153359 -0.174811 -0.378310 -0.177624 -0.164164 -0.249494 -0.347890 -0.330022 -0.192650 -0.036946 0.013970 0.096055 0.189846 0.082910 -0.201260 -0.133816 -0.098867 -0.372910 0.361483 0.408030 0.289343 0.423781 0.147376 0.331583 0.233161 0.189999 0.196058 0.303006 0.161104 0.264789 -0.207577 -0.098797 -0.134790 0.066926 -0.087833 -0.148132 -0.446675 -0.386075 -0.179847 0.039325 0.052275 -0.153721 -0.271335 -0.103276 -0.287045 -0.275635 -0.080609 -0.021046 -0.094314 -0.026913 0.052223 -0.013108 -0.049092 -0.078030 -0.082753 0.029899 -0.135172 -0.265522 -0.180236 -0.066870 0.054877 0.029571 0.035596 -0.112642
-0.274770 -0.147895 -0.162543 0.037733 -0.475544 -0.305193 -0.031939 -0.021793 -0.078495 -0.048384 0.204734 0.268171 0.054459 0.187925 -0.394911 -0.277672 0.386547 0.234209 -0.129746 -0.403241 -0.130408 0.424563 0.291559 0.360228 0.263952 0.467543 -0.304964 -0.247728 0.294105 0.414999 0.791154 1.000000 -0.000242 0.351553 -0.029291 0.188015 -0.160011 -0.216179 -0.159082 -0.352186 0.166134 -0.243218 0.183969 0.296367 0.261812 0.420577 -0.276614 -0.230909 -0.130403 0.214934 0.103144 0.170361 -0.238264 -0.269461 -0.494047 -0.288639 0.020616 -0.127652 -0.454146 -0.488540 -0.213377 -0.178205 0.175371 0.114880 0.257420 0.076726 -0.345068 -0.137755 0.042956 -0.472555 0.233445 0.530244 0.358445 0.418717 0.164254 0.441911 0.259901 0.252317 0.442318 0.338465 0.371223 0.484124 -0.217958 -0.154282 -0.043987 0.192644 -0.110040 -0.115940 -0.468722 -0.473901 -0.277533 -0.138679 -0.022848 -0.310547 -0.361730 -0.071437 -0.310941 -0.335060 -0.211811 -0.115126 -0.134339 -0.002798 0.087034 0.012221 -0.040576 -0.178725 -0.164443 -0.132556 -0.247364 -0.280480 -0.202198 -0.026268 0.014959 0.039920 -0.044090 -0.310100
0.147294 0.126956 -0.062874 -0.273681 -0.187405 -0.143387 0.012330 -0.168280 -0.220912 -0.145533 -0.200734 -0.085387 -0.009542 -0.136592 -0.106409 -0.176962 0.127946 0.167695 0.050939 0.172694 -0.058361 -0.015075 -0.162517 -0.152728 -0.162510 -0.087665 -0.153317 -0.124301 0.266962 0.125810 -0.075040 -0.000242 1.000000 0.645635 -0.149868 -0.165281 0.117492 0.139158 0.037104 0.094230 0.009596 0.115399 0.121227 0.097461 0.096513 -0.029081 0.196416 0.023350 -0.113322 0.005913 -0.066600 -0.113435 0.001184 0.026535 -0.114268 -0.093209 0.184885 0.145459 -0.029427 -0.026617 0.060029 -0.037162 0.058261 0.199647 -0.298165 -0.277539 0.134867 -0.062552 0.058591 0.131277 -0.216567 -0.223680 0.211615 -0.014608 0.067766 -0.114739 0.165558 0.086591 -0.034964 0.025988 0.094632 0.157103 -0.189529 0.072402 0.034606 -0.027514 -0.197996 -0.208274 -0.195736 -0.194785 -0.226565 -0.270353 -0.190562 -0.205160 0.088426 0.087112 0.038990 0.015093 -0.128759 -0.115367 -0.214940 -0.027737 -0.121135 -0.249342 -0.105172 -0.133234 -0.157508 -0.246397 0.044022 0.190944 -0.045586 -0.032123 0.201552 -0.106577 -0.174286 0.116604
-0.099468 -0.012059 -0.095256 -0.369074 -0.201097 -0.259219 0.178273 0.089833 -0.026595 -0.009046 -0.054685 0.028253 0.207887 0.196133 -0.162241 -0.021101 0.138501 0.235163 -0.218101 -0.014553 -0.228976 -0.022090 -0.201774 -0.108308 -0.089573 0.021225 -0.212734 -0.318360 0.411627 0.418648 0.201399 0.351553 0.645635 1.000000 -0.045535 0.255577 0.016570 0.011011 -0.047802 -0.060868 0.131014 -0.013282 0.188847 0.233522 0.354963 0.325128 0.103200 -0.050102 -0.028609 0.174791 -0.021332 -0.084281 -0.268658 -0.183287 -0.392001 -0.339475 0.029900 -0.076842 -0.304517 -0.200406 0.134894 0.131096 0.043863 0.220736 -0.264513 0.013088 -0.039425 0.030091 -0.116979 -0.027808 -0.165543 -0.102148 0.429225 0.138655 0.189216 -0.077146 0.262815 0.184995 0.137960 0.109722 0.215390 0.273450 -0.289243 0.031031 -0.062351 -0.035698 -0.282788 -0.403753 -0.327252 -0.460808 -0.269872 -0.401908 -0.237995 -0.293795 -0.041481 0.119504 -0.078245 -0.179027 -0.192266 -0.287557 -0.187155 -0.001672 -0.014114 -0.312773 -0.161990 -0.315139 -0.234450 -0.350380 -0.010238 0.018051 -0.107434 -0.026741 0.281618 -0.225368 -0.359131 -0.107375
-0.281854 -0.328028 0.251637 0.046961 0.116060 0.221677 -0.067818 -0.090838 -0.147920 -0.174422 -0.166116 -0.204997 -0.226497 -0.223789 -0.001752 -0.244017 -0.200438 -0.153403 -0.181452 -0.162807 -0.076137 -0.041513 0.295126 0.109927 0.142764 0.172630 0.228109 0.367626 -0.332934 -0.272694 -0.028399 -0.029291 -0.149868 -0.045535 1.000000 0.504090 0.058279 0.203091 0.023708 0.174894 0.177228 -0.058390 -0.184728 -0.219063 -0.023253 0.108355 -0.122970 -0.004980 0.025436 -0.269977 0.267345 -0.086873 -0.169616 -0.092636 -0.017106 -0.023295 -0.297867 -0.236186 0.090333 0.019025 0.070155 -0.132710 -0.017212 -0.135047 0.424837 0.365575 0.230876 0.374336 -0.186864 -0.109922 -0.196106 -0.088693 -0.222347 -0.151985 -0.081841 -0.108920 -0.024267 0.172306 -0.112502 -0.155738 -0.299135 -0.253199 0.246046 -0.114242 0.126410 0.066237 0.168539 0.313129 0.342351 0.036716 -0.154336 -0.018747 -0.160971 0.078840 0.126077 0.253622 0.160338 0.188398 -0.154655 -0.083443 -0.072334 -0.050990 -0.073319 0.121911 0.099486 0.029644 0.016838 0.065439 0.250668 0.126419 0.330516 -0.009058 -0.178132 0.043788 0.075271 -0.115071
-0.246163 -0.139789 0.185306 -0.098669 0.056204 0.184040 0.001308 0.150125 -0.064012 -0.063074 -0.211487 -0.270175 0.075846 0.045894 -0.305006 0.012908 -0.192394 -0.124577 -0.417820 -0.256260 -0.152950 0.067714 -0.001342 -0.039935 0.128550 0.340040 0.038903 0.098710 -0.239074 -0.084049 0.065119 0.188015 -0.165281 0.255577 0.504090 1.000000 -0.028923 0.116628 -0.029350 0.074264 0.013266 -0.118365 -0.139457 -0.073907 0.185512 0.497888 -0.219741 -0.055292 -0.035082 -0.156341 0.184318 -0.064982 -0.162510 -0.215132 -0.096613 -0.223710 -0.189347 -0.094507 0.024196 -0.029228 0.159108 0.014371 -0.064446 -0.214236 0.128291 0.391245 0.144421 0.491246 -0.145516 -0.054779 -0.072473 0.169681 -0.068191 0.082499 -0.084944 0.014465 -0.100416 0.204014 -0.028586 -0.112883 -0.133361 -0.066982 -0.161394 -0.258626 0.031132 0.153270 -0.166707 0.034397 0.100763 -0.122807 -0.228398 -0.262106 -0.238080 -0.092536 -0.028796 0.173567 -0.004919 0.030550 -0.247264 -0.202643 -0.117663 0.065734 0.020039 0.052252 -0.026715 -0.154279 -0.147442 -0.080035 0.121302 0.047531 0.298111 0.047503 -0.126860 -0.052048 -0.162521 -0.306377
