1.000000 0.811085 0.233306 0.459127 0.093710 0.363785 -0.202751 0.301832 -0.211555 -0.139990 -0.389308 -0.520108 -0.642192 -0.529931 -0.192028 -0.126154 -0.333583 -0.726355 0.824669 0.825001 -0.125234 -0.444654 -0.283094 -0.378929 -0.328226 -0.266890 0.197243 0.426997 -0.659562 -0.744559 -0.670516 -0.644362 0.757433 0.730565 -0.243933 -0.447949 -0.247520 -0.491317 -0.108164 0.095932 -0.214115 -0.133921 -0.226059 -0.376852 -0.547556 -0.462175 -0.503324 -0.170012 -0.265909 -0.483512 -0.572949 -0.480487 -0.164206 -0.408996 -0.395495 0.019791 0.776289 0.759687 0.521866 0.438808 0.310580 0.378948 -0.162981 0.289213 -0.169790 -0.397262 0.030662 -0.152937 0.331635 0.671302 -0.511117 -0.506219 -0.652134 -0.673837 -0.217674 -0.153772 -0.542512 -0.697275 -0.481170 -0.753789 -0.288604 -0.413830 -0.085266 -0.082868 -0.128096 -0.081584 -0.087576 -0.117426 0.542811 -0.042306 -0.054630 0.169404 0.251365 0.115150 -0.358916 -0.280869 -0.199674 -0.232486 -0.231423 0.016441 0.408426 0.209108 0.216017 0.164653 0.163880 0.137078 0.113134 0.220849 -0.295019 -0.512540 -0.397460 -0.296611 0.023240 0.133380 0.018360 -0.010693
0.811085 1.000000 0.341930 0.647718 0.160689 0.340516 -0.115097 0.491713 -0.071033 -0.115466 -0.501308 -0.534086 -0.590037 -0.578836 -0.063923 -0.144202 -0.555403 -0.639046 0.829128 0.857318 -0.012374 -0.382154 -0.222941 -0.275829 -0.227572 -0.196892 0.132529 0.320457 -0.704162 -0.605085 -0.527569 -0.535784 0.759993 0.789657 -0.253440 -0.384413 -0.276225 -0.465105 -0.229907 0.069569 -0.175625 -0.105914 0.032624 -0.169964 -0.469365 -0.380061 -0.320807 0.022127 -0.199701 -0.349462 -0.469587 -0.379914 -0.115291 -0.357372 -0.350317 -0.014394 0.495755 0.746660 0.165263 0.294276 -0.018713 0.272910 -0.323701 0.463293 -0.323902 -0.466242 -0.247258 -0.394319 0.281860 0.538607 -0.239713 -0.254520 -0.479457 -0.439892 0.008333 0.034063 -0.426304 -0.514439 -0.449217 -0.600547 -0.199301 -0.271738 -0.112839 -0.118171 0.008385 -0.181899 -0.203910 -0.168498 0.376856 -0.150315 -0.078795 0.004379 0.152067 -0.136803 -0.296639 -0.382954 -0.108516 -0.351593 -0.274029 -0.192791 0.236798 -0.060535 0.027828 0.032806 0.031497 0.105149 0.141996 0.044583 -0.368202 -0.499478 -0.358006 -0.331815 -0.133168 0.177347 -0.010920 -0.133083
0.233306 0.341930 1.000000 0.727197 0.089788 0.201256 0.741817 0.740118 -0.173833 -0.009861 0.024896 0.113323 0.048345 0.030853 -0.017378 0.111061 -0.152689 -0.210413 0.208439 0.189756 0.256363 0.081026 0.580902 0.521486 -0.248207 -0.210312 0.125420 0.301001 -0.222613 -0.183815 0.124570 0.107635 0.075247 0.168912 -0.318883 -0.294589 -0.371511 -0.422724 -0.118805 -0.047116 -0.271744 -0.086932 -0.074227 -0.170114 -0.096176 -0.031895 -0.371680 -0.249693 0.225999 0.088604 0.124271 0.012304 -0.062177 -0.235819 -0.233000 -0.162987 0.178316 0.045363 0.093792 0.201481 0.099420 -0.147293 -0.026275 -0.126926 0.039392 -0.059102 -0.074103 -0.207341 -0.123909 -0.084932 0.035846 -0.057399 -0.171575 0.004403 -0.009705 0.124165 -0.159751 -0.257109 -0.148764 -0.223363 -0.345995 -0.295976 -0.255635 -0.052228 -0.097234 -0.271969 -0.294157 -0.340062 0.304451 -0.016584 -0.280395 -0.255725 -0.059193 -0.212812 -0.258764 -0.414685 -0.200216 -0.421948 -0.508779 -0.400604 -0.059760 -0.132507 -0.187591 -0.108412 -0.236722 -0.026200 0.072605 -0.315655 -0.367081 -0.466695 -0.554353 -0.462247 -0.310806 0.004070 -0.198234 -0.343989
0.459127 0.647718 0.727197 1.000000 0.255851 0.379501 0.352034 0.752361 -0.093296 -0.028087 -0.425576 -0.325198 -0.319779 -0.340945 -0.019086 0.037537 -0.489025 -0.515244 0.575275 0.548931 0.134781 -0.194725 0.256107 0.255583 -0.224554 -0.287153 0.187275 0.396302 -0.589104 -0.478016 -0.233340 -0.284505 0.350721 0.393869 -0.227042 -0.327803 -0.432367 -0.489269 -0.262418 -0.002161 -0.314080 -0.094512 0.052844 -0.218259 -0.301168 -0.181745 -0.359903 -0.107114 0.091092 -0.042930 -0.013698 -0.097184 -0.053114 -0.228238 -0.340632 -0.057502 0.178855 0.367540 0.125630 0.273756 -0.037487 0.032703 -0.246417 0.094246 -0.122700 -0.209838 -0.138376 -0.350943 -0.024688 0.237907 -0.076176 -0.129906 -0.411338 -0.197628 0.029210 0.154467 -0.360071 -0.469088 -0.375841 -0.507957 -0.327835 -0.360498 -0.152678 -0.126972 0.033936 -0.191081 -0.308740 -0.192763 0.441019 -0.031244 -0.144141 -0.114818 0.116839 -0.171013 -0.350489 -0.509925 -0.205570 -0.489558 -0.431246 -0.302006 0.197704 -0.090623 0.019503 0.064634 -0.003159 0.157971 0.081516 -0.114208 -0.455565 -0.620042 -0.540218 -0.373274 -0.243913 0.205298 -0.016185 -0.266450
0.093710 0.160689 0.089788 0.255851 1.000000 0.711516 -0.092643 0.196493 0.667452 0.441021 -0.134122 -0.190713 -0.193244 -0.222810 0.661358 0.504126 -0.196906 -0.195712 0.192338 0.167982 0.533293 0.315419 0.077714 0.099748 0.039142 -0.026265 0.689140 0.513659 -0.248469 -0.142501 -0.237260 -0.257265 0.196818 0.246595 0.066689 -0.134600 -0.195767 -0.364489 -0.224993 -0.128205 -0.139761 0.292954 -0.158825 -0.235769 -0.141225 -0.108510 -0.211312 -0.005700 -0.022621 -0.127231 -0.148347 -0.251603 -0.087573 -0.069142 -0.258398 -0.123631 -0.005102 0.166615 0.025170 0.070200 -0.171542 0.069778 -0.163713 0.018195 -0.185193 -0.102155 -0.132882 -0.093865 -0.176903 0.215969 -0.041702 -0.072791 -0.114039 -0.006992 -0.029916 0.242584 -0.210993 -0.165010 -0.112741 -0.133455 -0.218583 -0.142848 -0.068618 -0.065934 0.224246 0.087648 -0.208659 -0.083055 0.279002 0.126071 0.042192 -0.031542 0.124698 0.080431 -0.361574 -0.266102 -0.267772 -0.394637 -0.278743 -0.287342 0.027948 -0.083592 -0.068010 -0.026059 -0.012294 -0.088602 0.014552 -0.150667 -0.303710 -0.251044 -0.303149 -0.369426 -0.043359 -0.287616 -0.303497 -0.359564
0.363785 0.340516 0.201256 0.379501 0.711516 1.000000 -0.061347 0.292420 0.361316 0.623359 -0.225892 -0.283115 -0.337425 -0.281965 0.535417 0.619727 -0.226473 -0.349813 0.421597 0.386971 0.520684 0.281045 0.037099 0.020441 -0.184691 -0.121087 0.742299 0.720901 -0.386402 -0.281108 -0.392328 -0.425656 0.360020 0.368956 -0.026316 -0.146318 -0.187135 -0.483078 -0.211343 -0.109964 -0.116471 0.202854 -0.327434 -0.394628 -0.306579 -0.305562 -0.266728 -0.115265 -0.052370 -0.360728 -0.259421 -0.353307 0.033779 -0.144328 -0.294305 -0.114539 0.280664 0.296094 0.160503 0.116723 0.073497 0.093591 -0.123265 0.013683 -0.122568 -0.299376 -0.171323 -0.206506 -0.034475 0.333271 -0.147873 -0.162242 -0.309504 -0.158467 -0.094070 0.146001 -0.361268 -0.398096 -0.173424 -0.275967 -0.213773 -0.149950 -0.083777 -0.023156 0.163174 0.160619 -0.188555 -0.065253 0.451153 0.142514 -0.016968 -0.130752 0.085056 -0.047332 -0.474303 -0.355438 -0.388940 -0.414604 -0.368978 -0.321184 -0.004068 -0.182246 -0.106707 -0.088249 -0.026264 -0.028204 0.004450 -0.133700 -0.331575 -0.330752 -0.410909 -0.423187 -0.191841 -0.309058 -0.342575 -0.374344
-0.202751 -0.115097 0.741817 0.352034 -0.092643 -0.061347 1.000000 0.559554 -0.181097 -0.004745 0.388418 0.456142 0.509626 0.411768 -0.079194 0.115939 0.128182 0.215536 -0.333340 -0.352629 0.274156 0.291570 0.753632 0.693903 -0.089676 -0.131152 -0.019771 0.059730 0.152789 0.200010 0.507837 0.447553 -0.327522 -0.269979 -0.120339 -0.138454 -0.258520 -0.179226 -0.104563 -0.199340 -0.198618 -0.052730 -0.065288 -0.027829 0.163813 0.214908 -0.178033 -0.259684 0.348686 0.348167 0.407950 0.312513 -0.011420 -0.036715 -0.095899 -0.228633 -0.042549 -0.251822 -0.009965 0.057829 0.085327 -0.162768 0.219245 -0.256351 0.180588 0.232985 0.100712 -0.005472 -0.113162 -0.393231 0.169693 0.116745 0.110940 0.304516 0.017669 0.117798 0.081427 0.077682 0.091926 0.143179 -0.210637 -0.111027 -0.292563 -0.042203 -0.112197 -0.230796 -0.296484 -0.310671 0.001504 0.021361 -0.320518 -0.297805 -0.174650 -0.203458 -0.185491 -0.304989 -0.131084 -0.327038 -0.368391 -0.389586 -0.263845 -0.179173 -0.315854 -0.178068 -0.347788 -0.145343 0.111358 -0.470417 -0.178413 -0.246465 -0.360758 -0.288892 -0.296513 -0.135373 -0.289981 -0.382311
0.301832 0.491713 0.740118 0.752361 0.196493 0.292420 0.559554 1.000000 0.006150 0.016215 0.036693 0.095797 -0.013964 0.072747 0.062720 0.135694 -0.271777 -0.292866 0.216156 0.229633 0.378563 0.107813 0.563501 0.555641 -0.226544 -0.233220 0.277051 0.273841 -0.355466 -0.287929 0.103055 0.111916 0.219772 0.334306 -0.409194 -0.357187 -0.376870 -0.497745 -0.267387 -0.098027 -0.200459 -0.024398 -0.172831 -0.331899 -0.312985 -0.205986 -0.379684 -0.160484 0.018975 -0.092819 -0.102331 -0.222034 0.022190 -0.246641 -0.292621 -0.249645 0.250230 0.198978 0.062868 0.065959 0.056042 -0.010381 -0.285828 -0.129503 -0.216661 -0.256990 -0.212903 -0.307126 0.038808 0.078680 -0.010536 -0.108705 -0.234116 -0.059903 -0.010111 0.106490 -0.304673 -0.333974 -0.179557 -0.301599 -0.342231 -0.363324 -0.326227 -0.187481 0.043037 -0.144526 -0.330435 -0.280158 0.439430 0.000400 -0.201674 -0.285415 0.024198 -0.289884 -0.406459 -0.411214 -0.305765 -0.468538 -0.452467 -0.475793 -0.032943 -0.179131 -0.194470 -0.065529 -0.242712 -0.020268 0.019863 -0.367078 -0.332125 -0.479374 -0.582126 -0.484090 -0.305511 -0.064735 -0.293763 -0.424596
-0.211555 -0.071033 -0.173833 -0.093296 0.667452 0.361316 -0.181097 0.006150 1.000000 0.416876 0.033714 -0.010383 0.054792 0.043230 0.681684 0.367721 -0.095177 0.197914 -0.098023 -0.089441 0.489185 0.526185 0.078536 0.128873 0.390715 0.469303 0.377660 0.002960 0.105261 0.273203 0.169894 0.146821 -0.040979 0.011584 0.055548 -0.013359 0.098975 -0.044105 -0.170695 -0.186920 0.179638 0.344040 -0.005047 0.037462 -0.066501 -0.033051 0.067343 0.103097 -0.139742 -0.119278 -0.151615 -0.109557 0.103727 0.114440 -0.027764 -0.227439 -0.240369 -0.136280 -0.321284 -0.373447 -0.335415 -0.181998 -0.334279 -0.167394 -0.325356 -0.143289 -0.322497 -0.174211 -0.079055 -0.046643 0.350647 0.290961 0.381188 0.342612 0.346568 0.390250 0.183498 0.326308 0.243683 0.350871 0.071783 0.333597 -0.081366 -0.226137 0.394313 0.281775 -0.028471 0.000487 -0.028032 -0.071050 -0.008842 -0.300161 -0.087216 -0.172454 -0.101536 -0.102161 -0.111786 -0.178083 -0.098433 -0.316359 -0.207715 -0.345239 -0.286906 -0.203371 -0.231171 -0.263817 0.033717 -0.228288 -0.035975 0.118261 0.061274 -0.160227 -0.173637 -0.398036 -0.356256 -0.339686
-0.139990 -0.115466 -0.009861 -0.028087 0.441021 0.623359 -0.004745 0.016215 0.416876 1.000000 0.072873 0.151585 0.097928 0.190988 0.609349 0.758423 0.078149 0.167082 -0.078784 -0.086702 0.450799 0.441561 0.126570 0.125024 0.019125 0.089927 0.429112 0.375973 0.162357 0.325554 0.068843 0.009746 -0.176525 -0.154276 0.089277 0.162032 0.126526 -0.062610 -0.057999 -0.268841 0.156924 0.201259 -0.229553 -0.144465 -0.079082 -0.066663 0.158558 -0.014234 0.018138 -0.184672 0.009611 -0.014585 0.276128 0.056173 0.021232 -0.174810 -0.054575 -0.116057 -0.063303 -0.081597 -0.043045 -0.118966 -0.032266 -0.111868 -0.034755 -0.166257 -0.205416 -0.201696 -0.014206 -0.050872 0.219180 0.171837 0.128866 0.342176 0.174404 0.344022 0.079623 0.110009 0.128337 0.228647 -0.013526 0.254741 0.180926 0.073234 -0.104861 0.011005 -0.138060 0.006043 0.027741 0.124993 -0.022419 -0.210843 -0.081157 -0.251002 -0.140631 -0.109909 -0.210170 -0.224431 -0.159556 -0.283467 -0.258122 -0.433219 -0.292594 -0.303347 -0.198634 -0.162808 -0.031349 -0.213053 -0.050870 0.024464 -0.207091 -0.229814 -0.209282 -0.343062 -0.307959 -0.218359
-0.389308 -0.501308 0.024896 -0.425576 -0.134122 -0.225892 0.388418 0.036693 0.033714 0.072873 1.000000 0.797038 0.793925 0.804518 0.019053 0.082871 0.676560 0.552657 -0.718122 -0.715057 0.241843 0.434331 0.629319 0.492896 0.186520 0.147113 0.050348 -0.184215 0.632229 0.404517 0.678623 0.689125 -0.479252 -0.429455 -0.223949 -0.035973 -0.006211 0.062874 -0.009793 -0.197456 0.055802 0.007706 -0.320040 -0.080705 0.196416 0.173208 -0.123470 -0.299026 0.066851 0.135704 0.116352 0.031870 -0.004471 -0.065202 -0.022055 -0.261720 0.066583 -0.383735 -0.011099 -0.256865 0.225339 -0.161777 0.303082 -0.445764 0.203227 0.251762 0.056105 0.202736 0.123623 -0.415966 0.220016 0.070767 0.362479 0.317624 -0.054833 -0.084364 0.188420 0.272983 0.463035 0.438882 0.059936 0.064873 -0.286759 -0.232828 -0.126342 -0.073371 -0.150933 -0.103274 -0.253942 0.045312 -0.149402 -0.160989 -0.141046 -0.053919 -0.076083 0.111220 -0.222775 0.071217 -0.077283 -0.076447 -0.301681 -0.056459 -0.253747 -0.166758 -0.269963 -0.199019 -0.004607 -0.270548 0.107007 0.174949 -0.052576 -0.028490 0.020393 -0.302355 -0.230562 -0.076503
-0.520108 -0.534086 0.113323 -0.325198 -0.190713 -0.283115 0.456142 0.095797 -0.010383 0.151585 0.797038 1.000000 0.763248 0.916895 0.074689 0.088896 0.689684 0.756982 -0.774039 -0.761629 0.197085 0.426834 0.639539 0.584366 0.208508 0.202130 -0.028643 -0.223315 0.785495 0.602502 0.748147 0.808441 -0.703567 -0.628196 -0.180229 0.265906 -0.001076 0.110575 -0.042765 -0.336238 0.002867 -0.109059 -0.246538 0.054388 0.338364 0.324454 0.001554 -0.271022 0.241008 0.252024 0.356231 0.240626 0.147905 -0.068893 0.070240 -0.351332 -0.065312 -0.498386 -0.009531 -0.229882 0.234851 -0.279234 0.310450 -0.309038 0.288635 0.306941 0.121757 0.207407 0.043948 -0.553846 0.331703 0.220775 0.518569 0.413210 0.046052 -0.029906 0.362299 0.429632 0.555650 0.576606 0.222633 0.215143 -0.268851 -0.090363 -0.190073 -0.203636 -0.263196 -0.217496 -0.327462 -0.057876 -0.227530 -0.308195 -0.218601 -0.178694 -0.046742 -0.000309 -0.225487 -0.039879 -0.152211 -0.245247 -0.355763 -0.111265 -0.333700 -0.263446 -0.419732 -0.280120 0.013007 -0.339503 0.009870 0.172401 -0.090411 -0.097749 -0.149292 -0.374311 -0.371086 -0.220337
-0.642192 -0.590037 0.048345 -0.319779 -0.193244 -0.337425 0.509626 -0.013964 0.054792 0.097928 0.793925 0.763248 1.000000 0.831611 0.068681 0.052317 0.613321 0.681186 -0.786119 -0.791104 0.096311 0.380846 0.651458 0.596081 0.336492 0.165713 -0.176231 -0.317080 0.706053 0.546434 0.815819 0.734597 -0.663300 -0.639276 -0.009792 0.183486 -0.055297 0.178219 -0.066305 -0.317762 0.027699 -0.031018 -0.088246 0.090987 0.386371 0.356839 0.096498 -0.175690 0.241311 0.370476 0.422627 0.312782 0.107629 0.141760 0.086720 -0.248601 -0.285415 -0.466952 -0.139030 -0.277405 0.009224 -0.179643 0.340669 -0.320450 0.253095 0.421345 0.117626 0.153868 0.123464 -0.505669 0.417140 0.297616 0.463098 0.459033 0.042570 -0.084577 0.287031 0.443686 0.466810 0.527162 0.124525 0.183853 -0.195315 -0.253571 -0.150422 -0.198816 -0.177430 -0.081164 -0.437263 -0.015323 -0.076512 -0.197977 -0.151808 -0.134052 0.026687 0.028152 -0.109817 -0.015238 0.020261 -0.100770 -0.388307 -0.214587 -0.301859 -0.221206 -0.315627 -0.205862 0.011310 -0.386801 0.053596 0.190161 0.021326 0.095154 -0.098753 -0.208699 -0.192990 -0.131153
-0.529931 -0.578836 0.030853 -0.340945 -0.222810 -0.281965 0.411768 0.072747 0.043230 0.190988 0.804518 0.916895 0.831611 1.000000 0.082732 0.087777 0.672584 0.674097 -0.781165 -0.773223 0.173291 0.408052 0.629422 0.589668 0.215071 0.208605 -0.096783 -0.248443 0.743712 0.559857 0.760168 0.802005 -0.721867 -0.673664 -0.185350 0.202338 -0.007249 0.150089 -0.079901 -0.326800 0.075974 -0.061910 -0.205633 0.002188 0.295500 0.324520 0.047180 -0.211699 0.205107 0.246118 0.348111 0.212886 0.260297 0.016252 0.075049 -0.343865 -0.070439 -0.465778 0.018435 -0.242299 0.236158 -0.267150 0.255605 -0.423904 0.254958 0.268846 0.119711 0.173063 0.194117 -0.452132 0.383723 0.251939 0.481328 0.432374 0.091014 -0.001743 0.324898 0.416530 0.493602 0.518905 0.186678 0.230942 -0.227540 -0.201793 -0.169274 -0.197919 -0.253465 -0.175559 -0.325065 -0.009915 -0.144270 -0.253212 -0.187279 -0.211927 -0.040949 0.011981 -0.191236 -0.033115 -0.052729 -0.169403 -0.362309 -0.173521 -0.325702 -0.238875 -0.401234 -0.237634 0.020055 -0.302456 0.030419 0.173443 -0.096400 0.020174 -0.154501 -0.320429 -0.318471 -0.186645
-0.192028 -0.063923 -0.017378 -0.019086 0.661358 0.535417 -0.079194 0.062720 0.681684 0.609349 0.019053 0.074689 0.068681 0.082732 1.000000 0.540632 -0.021538 0.184880 -0.052705 -0.070811 0.587725 0.574410 0.120629 0.182828 0.244682 0.346641 0.437452 0.191173 0.155647 0.315991 0.093470 0.079203 -0.058059 -0.003352 0.026269 0.080674 0.122817 -0.085228 -0.131661 -0.282219 0.221573 0.290558 -0.205473 -0.137777 -0.106088 -0.193547 0.080868 -0.019552 -0.107072 -0.216438 -0.123908 -0.218526 0.155083 0.061118 0.045053 -0.269257 -0.192775 -0.144807 -0.215279 -0.255153 -0.267822 -0.173992 -0.216109 -0.132191 -0.209577 -0.176387 -0.298726 -0.254658 -0.090657 -0.101707 0.293882 0.314200 0.337234 0.366614 0.341607 0.323622 0.135986 0.245828 0.161830 0.307303 0.056688 0.322030 -0.033121 -0.104494 0.282903 0.161019 -0.037909 -0.052935 0.022124 -0.072863 0.024279 -0.281290 -0.048292 -0.189907 -0.111696 -0.097197 -0.154694 -0.222481 -0.143272 -0.311446 -0.275006 -0.376064 -0.331465 -0.272136 -0.270531 -0.271599 -0.177131 -0.320570 -0.089341 0.098604 -0.080963 -0.280861 -0.223724 -0.361330 -0.362850 -0.325561
-0.126154 -0.144202 0.111061 0.037537 0.504126 0.619727 0.115939 0.135694 0.367721 0.758423 0.082871 0.088896 0.052317 0.087777 0.540632 1.000000 -0.055442 0.038108 -0.103349 -0.110089 0.626738 0.566624 0.213477 0.255000 -0.286556 -0.214238 0.496338 0.423493 0.026782 0.249804 0.007243 -0.060044 -0.125738 -0.086057 0.058221 0.094591 0.207112 -0.063430 0.134823 -0.024033 0.217997 0.466701 -0.407472 -0.361967 -0.164043 -0.167940 0.143145 -0.021345 -0.104338 -0.267063 -0.095649 -0.174191 0.204595 0.092882 0.160077 -0.031004 -0.065050 -0.151963 -0.029844 -0.051199 -0.069600 -0.108206 -0.041808 -0.270488 -0.094381 -0.192893 -0.132235 -0.149845 -0.266513 -0.088819 0.039616 0.001260 -0.001726 0.271561 -0.086469 0.184597 -0.055987 -0.019502 -0.004927 0.103922 -0.300920 -0.026939 0.248561 0.306526 -0.034416 0.256942 0.062905 0.178171 0.286914 0.357448 -0.023344 -0.156173 -0.023659 -0.057206 -0.132226 0.028981 -0.166770 -0.169058 -0.160552 -0.282023 -0.195768 -0.346848 -0.193465 -0.186877 -0.158436 -0.196674 -0.185623 -0.279656 0.098900 0.061831 -0.182163 -0.369960 -0.177244 -0.478287 -0.414964 -0.317720
-0.333583 -0.555403 -0.152689 -0.489025 -0.196906 -0.226473 0.128182 -0.271777 -0.095177 0.078149 0.676560 0.689684 0.613321 0.672584 -0.021538 -0.055442 1.000000 0.574787 -0.554073 -0.566823 -0.059630 0.165575 0.331979 0.223388 0.338688 0.213789 0.022600 -0.167207 0.770823 0.331429 0.454321 0.453210 -0.531146 -0.518247 -0.010206 0.266717 -0.116440 -0.052742 -0.070757 -0.385336 -0.226303 -0.315309 -0.254583 0.078863 0.348928 0.338280 -0.207313 -0.419874 0.335336 0.220163 0.297804 0.205729 -0.191936 -0.215607 -0.202864 -0.413080 0.063433 -0.337955 0.154963 -0.119072 0.369422 -0.029645 0.584863 -0.132378 0.433278 0.451434 0.278790 0.393252 0.147890 -0.287339 0.162840 0.048062 0.355280 0.079843 -0.128869 -0.214802 0.229290 0.210529 0.620262 0.370297 0.445600 0.146176 -0.299876 -0.208127 -0.207366 -0.183470 -0.175024 -0.272118 -0.426667 -0.229713 -0.155771 -0.136063 -0.010489 0.094830 -0.118399 -0.045815 -0.342625 -0.002329 -0.156373 -0.026409 -0.020756 0.236545 0.030493 -0.010602 -0.057846 -0.105317 0.133549 0.018053 -0.070709 0.036480 0.002358 0.054150 -0.057659 -0.273951 -0.195653 -0.043571
-0.726355 -0.639046 -0.210413 -0.515244 -0.195712 -0.349813 0.215536 -0.292866 0.197914 0.167082 0.552657 0.756982 0.681186 0.674097 0.184880 0.038108 0.574787 1.000000 -0.754556 -0.752461 0.091770 0.482813 0.334934 0.331431 0.511846 0.517694 -0.150330 -0.452508 0.876619 0.844341 0.722265 0.718060 -0.686376 -0.681233 0.149418 0.490396 0.281476 0.384216 -0.002094 -0.334828 0.155130 -0.035911 -0.014366 0.383468 0.415962 0.337598 0.295692 -0.108903 0.174676 0.273125 0.414158 0.448787 0.125472 0.154248 0.263847 -0.322682 -0.430441 -0.623769 -0.334634 -0.476345 -0.063899 -0.300945 0.295964 -0.159604 0.192987 0.414904 0.012166 0.171310 -0.064963 -0.675570 0.465801 0.428201 0.783321 0.593208 0.250439 0.032261 0.586689 0.709790 0.759562 0.888360 0.523981 0.609359 -0.166681 -0.055239 0.032593 0.035459 -0.047025 -0.047090 -0.599262 -0.287751 -0.199959 -0.404518 -0.308377 -0.244369 0.186335 0.119115 -0.021835 0.146253 -0.007525 -0.169086 -0.452606 -0.274118 -0.377961 -0.358911 -0.420778 -0.381503 -0.031766 -0.345427 0.153677 0.467624 0.362739 0.112814 -0.185946 -0.341231 -0.245259 -0.151109
0.824669 0.829128 0.208439 0.575275 0.192338 0.421597 -0.333340 0.216156 -0.098023 -0.078784 -0.718122 -0.774039 -0.786119 -0.781165 -0.052705 -0.103349 -0.554073 -0.754556 1.000000 0.986644 -0.169988 -0.495223 -0.479600 -0.483128 -0.249944 -0.208927 0.135314 0.367052 -0.752636 -0.705120 -0.791023 -0.788919 0.847203 0.813953 -0.064565 -0.291089 -0.178719 -0.393493 -0.151690 0.157840 -0.140680 -0.135003 0.049232 -0.156970 -0.429876 -0.399261 -0.282906 0.036060 -0.171244 -0.382452 -0.460445 -0.379729 -0.197934 -0.268633 -0.317501 0.096195 0.383214 0.687458 0.264415 0.340571 0.058769 0.355348 -0.226733 0.426966 -0.185351 -0.372081 -0.086195 -0.228209 0.136277 0.650660 -0.409754 -0.368537 -0.600847 -0.585119 -0.092128 -0.080655 -0.504927 -0.627116 -0.487042 -0.690365 -0.180919 -0.270470 0.047882 0.015803 0.063073 -0.003059 -0.018419 -0.029343 0.394108 -0.164830 0.037415 0.096224 0.214429 0.039187 -0.214251 -0.271226 -0.096625 -0.241294 -0.217496 -0.033663 0.369088 0.084803 0.226269 0.133877 0.224845 0.183020 0.059479 0.242249 -0.297266 -0.432626 -0.210509 -0.231281 -0.096912 0.246199 0.141324 0.006870
0.825001 0.857318 0.189756 0.548931 0.167982 0.386971 -0.352629 0.229633 -0.089441 -0.086702 -0.715057 -0.761629 -0.791104 -0.773223 -0.070811 -0.110089 -0.566823 -0.752461 0.986644 1.000000 -0.172830 -0.497993 -0.489663 -0.481581 -0.265310 -0.213755 0.121574 0.331994 -0.749758 -0.701921 -0.777156 -0.758939 0.857942 0.840845 -0.084981 -0.278622 -0.159190 -0.397335 -0.149235 0.170101 -0.123262 -0.127639 0.062729 -0.145147 -0.436983 -0.394100 -0.255899 0.102321 -0.194036 -0.395989 -0.493493 -0.401263 -0.178015 -0.264339 -0.300177 0.099416 0.393164 0.706590 0.234475 0.314993 0.046592 0.352651 -0.269349 0.452275 -0.233459 -0.413483 -0.113540 -0.238359 0.166424 0.673945 -0.395644 -0.362634 -0.592939 -0.593246 -0.090525 -0.083270 -0.490261 -0.605202 -0.479595 -0.689222 -0.173541 -0.266259 0.072874 0.024678 0.061453 -0.008918 -0.025229 -0.027242 0.389669 -0.170594 0.036814 0.081215 0.187126 0.018861 -0.206954 -0.261438 -0.082706 -0.236588 -0.199040 -0.056052 0.354115 0.072734 0.208618 0.132616 0.210399 0.178036 0.059336 0.229947 -0.281710 -0.414020 -0.196952 -0.237913 -0.105098 0.231884 0.117666 -0.011232
-0.125234 -0.012374 0.256363 0.134781 0.533293 0.520684 0.274156 0.378563 0.489185 0.450799 0.241843 0.197085 0.096311 0.173291 0.587725 0.626738 -0.059630 0.091770 -0.169988 -0.172830 1.000000 0.795116 0.381283 0.348764 -0.069276 0.094013 0.548262 0.297242 0.043391 0.288934 0.233792 0.203977 -0.114904 -0.039622 -0.185387 -0.159084 0.134890 -0.164384 -0.043291 -0.151228 0.144482 0.393562 -0.312437 -0.223632 -0.147642 -0.170505 -0.049692 -0.148665 -0.112738 -0.200486 -0.100022 -0.222461 0.112555 -0.066711 0.064509 -0.211566 0.045723 -0.194774 -0.208662 -0.216288 -0.090236 -0.340867 -0.185036 -0.354056 -0.178856 -0.267556 -0.318574 -0.234989 -0.241655 -0.238697 0.339766 0.273047 0.255615 0.474291 0.279625 0.446478 0.155450 0.172681 0.139435 0.243407 -0.117555 0.115035 -0.185742 0.007563 0.364606 0.200276 -0.151410 -0.230885 0.152285 0.068513 -0.279296 -0.404660 -0.229545 -0.304403 -0.098879 -0.130130 -0.112797 -0.176386 -0.286276 -0.402591 -0.331659 -0.387782 -0.412167 -0.273361 -0.357092 -0.292738 -0.039063 -0.376095 0.028608 0.007467 -0.160467 -0.391862 -0.216653 -0.424123 -0.437144 -0.398988
-0.444654 -0.382154 0.081026 -0.194725 0.315419 0.281045 0.291570 0.107813 0.526185 0.441561 0.434331 0.426834 0.380846 0.408052 0.574410 0.566624 0.165575 0.482813 -0.495223 -0.497993 0.795116 1.000000 0.440564 0.442906 0.179780 0.379378 0.383521 0.035595 0.418123 0.590433 0.523456 0.504130 -0.382372 -0.338122 -0.164028 -0.032673 0.341523 0.094204 0.129350 -0.157198 0.288807 0.452101 -0.344389 -0.090841 0.001199 -0.095260 0.060188 -0.178150 -0.115297 -0.096467 0.040271 -0.022849 0.185405 0.090370 0.244671 -0.245586 -0.205579 -0.503947 -0.391219 -0.478411 -0.148034 -0.402217 -0.044332 -0.461928 -0.119470 -0.024483 -0.319476 -0.186025 -0.285222 -0.511968 0.497174 0.445202 0.581308 0.616730 0.317120 0.349444 0.404909 0.485670 0.440716 0.606141 0.063819 0.371829 -0.143990 -0.003178 0.356460 0.327993 0.040874 -0.062530 -0.053524 0.039681 -0.265804 -0.497783 -0.353779 -0.317416 0.044952 0.073024 -0.046011 0.052962 -0.150979 -0.336387 -0.542035 -0.449089 -0.516525 -0.400041 -0.458552 -0.395107 -0.084786 -0.508965 0.227115 0.332604 0.109483 -0.190767 -0.245146 -0.566064 -0.467349 -0.350232
-0.283094 -0.222941 0.580902 0.256107 0.077714 0.037099 0.753632 0.563501 0.078536 0.126570 0.629319 0.639539 0.651458 0.629422 0.120629 0.213477 0.331979 0.334934 -0.479600 -0.489663 0.381283 0.440564 1.000000 0.908841 0.066465 -0.015209 0.242896 0.127828 0.297870 0.198009 0.694391 0.629157 -0.424818 -0.322042 -0.244993 -0.130492 -0.303329 -0.272154 -0.211772 -0.291551 -0.181445 -0.060343 -0.278104 -0.211052 -0.003439 0.103227 -0.270043 -0.328837 0.140676 0.188688 0.257859 0.112130 0.069280 -0.063909 -0.187605 -0.376803 -0.050298 -0.282584 -0.072994 -0.201191 0.005187 -0.289267 0.020628 -0.474542 -0.002769 0.172099 -0.067553 -0.076058 -0.030308 -0.382587 0.277815 0.070091 0.184715 0.286399 -0.036471 0.043940 -0.018367 0.043322 0.275576 0.221292 -0.185360 -0.090189 -0.371237 -0.292023 -0.062460 -0.147538 -0.387935 -0.247983 0.080892 0.059865 -0.217763 -0.262330 -0.032096 -0.160307 -0.306201 -0.283571 -0.357257 -0.343721 -0.344392 -0.334643 -0.211170 -0.199553 -0.247942 -0.077474 -0.283061 -0.066216 -0.067751 -0.453867 -0.214977 -0.207363 -0.413543 -0.273673 -0.190034 -0.208216 -0.312879 -0.378293
-0.378929 -0.275829 0.521486 0.255583 0.099748 0.020441 0.693903 0.555641 0.128873 0.125024 0.492896 0.584366 0.596081 0.589668 0.182828 0.255000 0.223388 0.331431 -0.483128 -0.481581 0.348764 0.442906 0.908841 1.000000 0.073419 -0.014911 0.158140 0.036004 0.277248 0.249622 0.675381 0.638887 -0.441391 -0.329445 -0.210575 -0.041874 -0.214836 -0.168644 -0.138962 -0.233433 -0.077520 0.018608 -0.214052 -0.197644 0.044103 0.098782 -0.139355 -0.178772 0.128433 0.195600 0.290896 0.107117 0.184370 0.099383 -0.062462 -0.328025 -0.218864 -0.305240 -0.128787 -0.210833 -0.100576 -0.221116 -0.062654 -0.401379 -0.009825 0.197300 -0.071344 -0.069735 -0.058271 -0.373265 0.308414 0.180950 0.208520 0.317676 -0.030874 0.004390 0.022946 0.141501 0.218775 0.249318 -0.194341 -0.084528 -0.238040 -0.187405 0.004094 -0.093536 -0.283932 -0.158423 0.124264 0.100745 -0.093792 -0.324702 -0.074893 -0.218797 -0.235384 -0.190391 -0.284301 -0.316452 -0.246859 -0.365228 -0.301745 -0.258474 -0.321618 -0.167887 -0.360522 -0.163992 -0.115730 -0.549886 -0.150037 -0.103343 -0.380014 -0.241708 -0.253000 -0.268833 -0.382295 -0.441084
-0.328226 -0.227572 -0.248207 -0.224554 0.039142 -0.184691 -0.089676 -0.226544 0.390715 0.019125 0.186520 0.208508 0.336492 0.215071 0.244682 -0.286556 0.338688 0.511846 -0.249944 -0.265310 -0.069276 0.179780 0.066465 0.073419 1.000000 0.747383 -0.133099 -0.494902 0.439518 0.372183 0.421304 0.335109 -0.275747 -0.298055 0.086549 0.103351 -0.051350 0.082530 -0.186198 -0.459646 -0.102982 -0.193453 0.189654 0.399772 0.193992 0.122207 -0.059797 -0.143301 0.151742 0.146370 0.188447 0.251601 -0.161156 -0.012370 -0.129966 -0.364871 -0.270101 -0.271766 -0.299649 -0.389682 -0.171055 -0.093608 0.034213 0.042736 0.052041 0.230393 -0.166714 -0.042050 0.142316 -0.288388 0.513993 0.530884 0.560142 0.321045 0.427029 0.179999 0.425589 0.519053 0.491457 0.517033 0.541673 0.503423 -0.350962 -0.561102 0.273741 0.040759 -0.015050 -0.208002 -0.482011 -0.491099 -0.076503 -0.273354 -0.125524 -0.236426 0.103167 -0.105521 -0.073967 0.038312 -0.018343 -0.040795 -0.156970 -0.108301 -0.172290 -0.192139 -0.173468 -0.189221 0.186926 -0.123739 -0.064510 0.160975 0.297113 0.212801 -0.090359 -0.027978 0.024010 -0.008901
-0.266890 -0.196892 -0.210312 -0.287153 -0.026265 -0.121087 -0.131152 -0.233220 0.469303 0.089927 0.147113 0.202130 0.165713 0.208605 0.346641 -0.214238 0.213789 0.517694 -0.208927 -0.213755 0.094013 0.379378 -0.015209 -0.014911 0.747383 1.000000 -0.146441 -0.476387 0.500866 0.485051 0.393299 0.435699 -0.198840 -0.202773 -0.120677 0.058257 0.291412 0.232813 -0.015177 -0.202402 0.246440 -0.022473 0.141702 0.375814 0.096824 0.000049 0.076677 -0.077176 -0.008398 0.000390 0.012076 0.109118 0.073370 -0.009002 0.103163 -0.286159 -0.192700 -0.392374 -0.386941 -0.489804 -0.092882 -0.326656 -0.089931 -0.126951 -0.043305 0.025564 -0.279060 -0.103568 0.043676 -0.382143 0.554795 0.573784 0.733332 0.462857 0.661934 0.382002 0.605296 0.620803 0.548561 0.653804 0.553402 0.666085 -0.182617 -0.347874 0.386788 0.146083 0.048565 -0.120684 -0.454784 -0.527717 -0.246250 -0.506390 -0.319111 -0.376733 0.229481 0.047144 0.102759 0.196487 -0.026075 -0.159752 -0.339890 -0.260659 -0.390909 -0.379218 -0.375257 -0.345712 0.105089 -0.095884 0.099681 0.352801 0.380812 0.095589 -0.234651 -0.152381 -0.063616 -0.002023
0.197243 0.132529 0.125420 0.187275 0.689140 0.742299 -0.019771 0.277051 0.377660 0.429112 0.050348 -0.028643 -0.176231 -0.096783 0.437452 0.496338 0.022600 -0.150330 0.135314 0.121574 0.548262 0.383521 0.242896 0.158140 -0.133099 -0.146441 1.000000 0.731746 -0.211388 -0.262596 -0.183911 -0.228114 0.179019 0.232325 -0.028196 -0.082013 -0.287203 -0.563784 -0.271173 -0.156351 -0.364341 0.117150 -0.415730 -0.305632 -0.208245 -0.138091 -0.420305 -0.281080 -0.038666 -0.183078 -0.159482 -0.278408 -0.158665 -0.309225 -0.419131 -0.243355 0.209290 0.168907 0.047541 -0.038235 -0.020794 0.038832 -0.138170 -0.087995 -0.231115 -0.094712 -0.198583 -0.093410 -0.115621 0.190065 -0.124656 -0.294779 -0.221313 -0.221276 -0.285131 0.002997 -0.369275 -0.387422 0.095868 -0.160973 -0.088675 -0.162374 -0.299099 -0.142420 0.238737 0.178864 -0.285076 -0.203746 0.378087 0.161626 -0.079120 -0.022937 0.174803 0.097445 -0.557499 -0.358771 -0.524668 -0.375354 -0.393382 -0.231613 0.162152 0.058018 0.109593 0.157671 0.126950 0.101160 -0.066861 -0.123008 -0.327183 -0.338581 -0.338858 -0.321636 -0.001601 -0.369079 -0.369052 -0.358791
0.426997 0.320457 0.301001 0.396302 0.513659 0.720901 0.059730 0.273841 0.002960 0.375973 -0.184215 -0.223315 -0.317080 -0.248443 0.191173 0.423493 -0.167207 -0.452508 0.367052 0.331994 0.297242 0.035595 0.127828 0.036004 -0.494902 -0.476387 0.731746 1.000000 -0.464520 -0.461988 -0.432075 -0.481148 0.276544 0.308113 -0.013513 -0.168584 -0.357877 -0.542702 -0.176327 0.024115 -0.394001 0.061111 -0.318667 -0.375862 -0.230570 -0.097068 -0.385488 -0.189733 0.035769 -0.123660 -0.054066 -0.161319 -0.034035 -0.305991 -0.373920 -0.052411 0.333021 0.444730 0.348274 0.411651 0.080794 0.187507 -0.026856 0.112179 -0.061076 -0.060377 0.052923 -0.048944 -0.067013 0.398352 -0.388165 -0.474565 -0.569398 -0.379231 -0.400739 -0.052294 -0.577849 -0.633415 -0.280384 -0.494647 -0.336039 -0.361918 -0.049178 0.123919 -0.092269 -0.152670 -0.380517 -0.183997 0.490396 0.328592 -0.031116 0.226775 0.296798 0.229417 -0.529729 -0.462740 -0.369282 -0.509324 -0.384350 -0.163635 0.253266 0.092552 0.173455 0.186905 0.194561 0.197777 0.011763 0.061469 -0.447642 -0.558736 -0.558269 -0.357993 -0.016951 -0.190529 -0.241161 -0.278565
-0.659562 -0.704162 -0.222613 -0.589104 -0.248469 -0.386402 0.152789 -0.355466 0.105261 0.162357 0.632229 0.785495 0.706053 0.743712 0.155647 0.026782 0.770823 0.876619 -0.752636 -0.749758 0.043391 0.418123 0.297870 0.277248 0.439518 0.500866 -0.211388 -0.464520 1.000000 0.776630 0.698340 0.731201 -0.724618 -0.701422 -0.031204 0.384767 0.302428 0.345073 0.088933 -0.283089 0.193295 -0.075869 -0.117534 0.258953 0.368474 0.289703 0.212096 -0.178065 0.185892 0.203144 0.338511 0.318375 0.072880 0.067901 0.223116 -0.304819 -0.296864 -0.658843 -0.190427 -0.362191 0.115828 -0.322993 0.388257 -0.259989 0.297168 0.343906 0.089387 0.230954 -0.048739 -0.621024 0.474476 0.413423 0.774210 0.528742 0.271748 0.061949 0.631815 0.663628 0.748296 0.783964 0.502115 0.492927 -0.078223 0.012230 -0.088733 -0.043244 -0.038892 -0.109337 -0.614052 -0.278982 -0.217550 -0.376715 -0.313458 -0.176296 0.228054 0.199610 -0.004944 0.217900 0.013271 -0.106737 -0.351896 -0.123097 -0.277499 -0.287001 -0.325824 -0.308868 -0.025184 -0.176117 0.222474 0.424696 0.301950 0.101629 -0.157837 -0.305518 -0.196444 -0.031857
-0.744559 -0.605085 -0.183815 -0.478016 -0.142501 -0.281108 0.200010 -0.287929 0.273203 0.325554 0.404517 0.602502 0.546434 0.559857 0.315991 0.249804 0.331429 0.844341 -0.705120 -0.701921 0.288934 0.590433 0.198009 0.249622 0.372183 0.485051 -0.262596 -0.461988 0.776630 1.000000 0.675298 0.658843 -0.712722 -0.697940 0.095793 0.377976 0.536562 0.573958 0.232021 -0.188780 0.431448 0.223521 0.061992 0.355294 0.331721 0.203743 0.541296 0.031679 0.063822 0.141713 0.354869 0.382187 0.312597 0.330901 0.535849 -0.178511 -0.492429 -0.695294 -0.449073 -0.434345 -0.193463 -0.469483 0.128545 -0.234247 0.107998 0.144835 -0.129531 -0.028947 -0.204960 -0.734587 0.585172 0.629386 0.847741 0.857896 0.501555 0.372110 0.769737 0.870700 0.540793 0.912060 0.367471 0.678528 0.079277 0.206133 0.065520 0.112332 0.091192 0.010643 -0.538941 -0.161667 -0.217701 -0.432881 -0.454931 -0.383359 0.456446 0.271879 0.291100 0.243604 0.136784 -0.162148 -0.583507 -0.463114 -0.526745 -0.494373 -0.511726 -0.466289 -0.088029 -0.360081 0.365575 0.608491 0.402851 0.122920 -0.193784 -0.319763 -0.223829 -0.101911
-0.670516 -0.527569 0.124570 -0.233340 -0.237260 -0.392328 0.507837 0.103055 0.169894 0.068843 0.678623 0.748147 0.815819 0.760168 0.093470 0.007243 0.454321 0.722265 -0.791023 -0.777156 0.233792 0.523456 0.694391 0.675381 0.421304 0.393299 -0.183911 -0.432075 0.698340 0.675298 1.000000 0.918579 -0.696815 -0.628811 -0.160255 0.078207 0.072828 0.228975 0.001402 -0.271860 0.132769 -0.002005 -0.028831 0.152703 0.199385 0.224541 0.144894 -0.138449 0.051236 0.262614 0.328252 0.309670 0.201174 0.178892 0.177112 -0.285168 -0.374827 -0.603595 -0.430595 -0.476153 -0.223799 -0.451007 -0.000339 -0.420547 -0.028603 0.208523 -0.184163 -0.079925 -0.026242 -0.675649 0.671781 0.532063 0.695239 0.660380 0.345025 0.203613 0.510456 0.632704 0.528904 0.701144 0.184620 0.353699 -0.224878 -0.228444 -0.004772 -0.086947 -0.117202 -0.152546 -0.398300 -0.099255 -0.190432 -0.366025 -0.298664 -0.338803 0.175270 0.086534 0.045119 0.090650 0.042799 -0.157220 -0.422875 -0.318161 -0.394408 -0.264738 -0.388158 -0.227143 -0.006745 -0.363063 0.172756 0.288862 0.092041 0.123649 -0.113770 -0.153604 -0.158091 -0.116838
-0.644362 -0.535784 0.107635 -0.284505 -0.257265 -0.425656 0.447553 0.111916 0.146821 0.009746 0.689125 0.808441 0.734597 0.802005 0.079203 -0.060044 0.453210 0.718060 -0.788919 -0.758939 0.203977 0.504130 0.629157 0.638887 0.335109 0.435699 -0.228114 -0.481148 0.731201 0.658843 0.918579 1.000000 -0.673427 -0.586676 -0.232244 0.106202 0.157328 0.258429 0.031541 -0.194104 0.217634 0.039200 -0.044085 0.132346 0.231701 0.230687 0.130366 -0.093763 0.061554 0.239602 0.286555 0.232410 0.255613 0.165504 0.237462 -0.251344 -0.285791 -0.627795 -0.363790 -0.475929 -0.038931 -0.459035 0.022961 -0.445318 0.064983 0.201053 -0.126203 0.009177 -0.044516 -0.660889 0.593106 0.495963 0.708534 0.611650 0.333416 0.174723 0.556401 0.645876 0.526460 0.693968 0.199294 0.335743 -0.214837 -0.141173 0.036925 -0.083426 -0.133140 -0.130773 -0.366972 -0.127086 -0.197892 -0.412790 -0.383474 -0.345235 0.178716 0.147005 0.045391 0.147171 0.036404 -0.184053 -0.487309 -0.263288 -0.463047 -0.316919 -0.464968 -0.289879 -0.014616 -0.342389 0.181697 0.341481 0.080812 0.073679 -0.132346 -0.214485 -0.202632 -0.133771
0.757433 0.759993 0.075247 0.350721 0.196818 0.360020 -0.327522 0.219772 -0.040979 -0.176525 -0.479252 -0.703567 -0.663300 -0.721867 -0.058059 -0.125738 -0.531146 -0.686376 0.847203 0.857942 -0.114904 -0.382372 -0.424818 -0.441391 -0.275747 -0.198840 0.179019 0.276544 -0.724618 -0.712722 -0.696815 -0.673427 1.000000 0.967023 -0.079722 -0.373794 -0.099139 -0.320753 -0.146343 0.226951 0.009320 -0.089020 -0.028141 -0.212775 -0.452043 -0.459698 -0.258191 0.151515 -0.324149 -0.402003 -0.631711 -0.490137 -0.239644 -0.191809 -0.274410 0.156198 0.375145 0.680005 0.171057 0.171197 0.030358 0.475773 -0.219552 0.346642 -0.300254 -0.340081 -0.105470 -0.108224 0.181993 0.670027 -0.514672 -0.487802 -0.590719 -0.614927 -0.210358 -0.248020 -0.606030 -0.632202 -0.437815 -0.634588 -0.242285 -0.330654 0.060677 -0.013298 0.098522 0.108523 0.090802 0.135980 0.360033 -0.100698 0.113916 0.102390 0.189000 0.104347 -0.220974 -0.076239 -0.089976 -0.104694 -0.135168 -0.038662 0.240368 0.074988 0.141137 0.084836 0.188339 0.104583 0.003776 0.164846 -0.140520 -0.263762 -0.094646 -0.241693 -0.018552 0.188063 0.127126 0.033395
0.730565 0.789657 0.168912 0.393869 0.246595 0.368956 -0.269979 0.334306 0.011584 -0.154276 -0.429455 -0.628196 -0.639276 -0.673664 -0.003352 -0.086057 -0.518247 -0.681233 0.813953 0.840845 -0.039622 -0.338122 -0.322042 -0.329445 -0.298055 -0.202773 0.232325 0.308113 -0.701422 -0.697940 -0.628811 -0.586676 0.967023 1.000000 -0.155866 -0.380861 -0.147409 -0.396600 -0.165606 0.236978 -0.022200 -0.068452 -0.018242 -0.200639 -0.445019 -0.419388 -0.287499 0.159031 -0.294195 -0.375827 -0.619213 -0.507330 -0.233838 -0.245414 -0.305706 0.095539 0.365684 0.660026 0.114611 0.155345 -0.015041 0.429324 -0.289930 0.343853 -0.343533 -0.372112 -0.180298 -0.146347 0.136260 0.626826 -0.460020 -0.465566 -0.554262 -0.583155 -0.188291 -0.197376 -0.589257 -0.616329 -0.396595 -0.609245 -0.248587 -0.345704 0.030404 -0.006808 0.120229 0.060594 0.013216 0.050019 0.383475 -0.102665 0.067400 0.041888 0.159833 0.042654 -0.270715 -0.145311 -0.128872 -0.200553 -0.216790 -0.150484 0.217594 0.041216 0.097483 0.079619 0.145064 0.095263 0.007451 0.125890 -0.204065 -0.322518 -0.171939 -0.330507 -0.079403 0.117463 0.028900 -0.060814
-0.243933 -0.253440 -0.318883 -0.227042 0.066689 -0.026316 -0.120339 -0.409194 0.055548 0.089277 -0.223949 -0.180229 -0.009792 -0.185350 0.026269 0.058221 -0.010206 0.149418 -0.064565 -0.084981 -0.185387 -0.164028 -0.244993 -0.210575 0.086549 -0.120677 -0.028196 -0.013513 -0.031204 0.095793 -0.160255 -0.232244 -0.079722 -0.155866 1.000000 0.590333 0.003868 0.110863 -0.130503 -0.162082 -0.158530 -0.026231 0.277238 0.287366 0.379112 0.361058 0.333191 0.245073 0.165435 0.215138 0.302359 0.313152 -0.029933 0.302514 0.108669 0.028761 -0.334071 -0.048244 0.012658 -0.046588 -0.116575 0.133414 0.167531 0.192467 0.156172 0.338148 0.370066 0.354076 -0.091836 0.021507 -0.249288 -0.151257 -0.076455 -0.032799 -0.205955 -0.195039 -0.006317 0.079178 0.035746 0.068548 0.165713 0.193811 0.061625 0.078553 0.100270 0.133945 0.035404 0.138948 -0.221029 -0.040389 0.122698 0.220831 0.103796 0.231203 -0.003657 -0.064294 0.127499 -0.070737 0.186591 0.154453 0.028485 0.049833 0.124284 0.067616 0.096463 -0.064571 -0.006457 0.020751 -0.147596 0.123745 0.326216 0.266056 0.080028 -0.007354 0.051399 -0.064759
-0.447949 -0.384413 -0.294589 -0.327803 -0.134600 -0.146318 -0.138454 -0.357187 -0.013359 0.162032 -0.035973 0.265906 0.183486 0.202338 0.080674 0.094591 0.266717 0.490396 -0.291089 -0.278622 -0.159084 -0.032673 -0.130492 -0.041874 0.103351 0.058257 -0.082013 -0.168584 0.384767 0.377976 0.078207 0.106202 -0.373794 -0.380861 0.590333 1.000000 0.095161 0.228225 -0.079449 -0.208429 -0.075163 -0.091504 0.132481 0.313117 0.523022 0.448318 0.387713 0.167058 0.280600 0.260499 0.413878 0.321761 0.097535 0.115426 0.208377 -0.171614 -0.354611 -0.269733 -0.060117 -0.169918 0.009080 -0.046026 0.247149 0.182464 0.275774 0.350524 0.277309 0.344124 -0.038211 -0.205512 0.019658 0.049889 0.230156 0.094029 -0.131422 -0.246733 0.227957 0.282999 0.372557 0.348421 0.457055 0.309083 0.033597 0.123704 -0.000841 -0.041312 -0.028310 0.000899 -0.414060 -0.200606 0.012140 -0.055886 0.027448 0.051024 0.091074 0.003046 -0.033808 -0.018155 0.042517 -0.051055 -0.072538 0.040042 0.014524 -0.008592 -0.064192 -0.083051 -0.097158 -0.050237 -0.134886 0.281882 0.270782 0.114937 -0.126583 -0.192613 -0.150372 -0.129793
