1.000000 0.144243 0.652279 0.085961 -0.161710 -0.101558 0.570895 -0.054225 -0.238194 -0.198431 0.221746 0.043012 0.046021 0.020507 -0.215064 -0.138524 -0.027599 0.032505 0.225260 0.069622 -0.057087 -0.112745 0.436195 0.115985 -0.113182 -0.286417 0.036019 -0.047697 0.076199 0.030176 0.118846 0.112113 0.478702 0.061879 -0.134835 -0.123483 -0.240671 0.129147 -0.235640 -0.084883 -0.261326 -0.144272 -0.150789 -0.079919 -0.275744 -0.313477 -0.066055 -0.333202 -0.077578 -0.019938 -0.287429 0.100328 -0.206678 0.184788 -0.257959 -0.218271 0.832570 0.296244 0.574763 0.090129 0.326586 -0.046362 0.115553 0.416389 0.020381 -0.190422 0.070702 -0.407150 -0.061306 -0.202208 -0.025707 -0.045951 0.036888 0.153978 0.138084 0.079686 -0.061346 -0.025429 -0.228028 -0.056157 -0.059354 -0.065377 -0.252986 0.088669 -0.551286 -0.225314 -0.110234 -0.247473 0.111875 0.017532 -0.017021 -0.214202 -0.195476 -0.043722 -0.319030 0.070363 -0.306016 -0.084067 -0.299988 -0.012254 -0.038381 0.175010 -0.365036 0.036509 -0.108272 -0.136464 -0.070043 -0.077504 -0.035547 -0.060919 -0.373917 0.116638 0.039130 0.117528 -0.233756 -0.099610
0.144243 1.000000 0.022724 0.118705 -0.105075 -0.193150 -0.037717 0.401325 -0.278263 -0.057800 0.180511 0.191320 0.027728 -0.028963 -0.214702 -0.282291 0.005105 0.366810 -0.147237 0.214818 -0.203887 -0.227989 -0.073310 -0.001502 -0.227416 -0.066750 -0.110611 -0.086433 0.235969 -0.103791 -0.004844 0.105506 -0.134337 0.179345 -0.049809 0.122028 -0.080778 0.040072 -0.004209 0.302437 -0.132347 0.310529 -0.279698 -0.384172 -0.041721 0.013894 -0.232606 -0.088254 -0.243336 0.169145 -0.298845 -0.175210 -0.115565 -0.122840 -0.211145 -0.021968 0.066779 0.553578 -0.104700 0.201410 -0.103838 0.186473 0.019399 0.300402 -0.175579 -0.034615 -0.093434 -0.144613 -0.101247 -0.018322 -0.184879 -0.205977 0.085762 -0.223692 -0.030705 -0.207174 -0.033870 -0.086359 0.104119 0.213079 0.173267 0.164074 0.105136 0.196169 -0.114864 -0.385779 -0.252536 0.011036 -0.037807 -0.058697 0.017519 -0.344582 -0.117155 -0.055824 0.137242 0.168753 -0.059918 0.127041 -0.073656 -0.043086 -0.099756 0.098370 -0.128654 -0.310444 -0.123529 -0.195152 -0.117893 -0.344855 0.148647 0.170593 -0.003747 0.070290 -0.171696 -0.202196 -0.236409 0.045633
0.652279 0.022724 1.000000 0.362246 0.045347 -0.016913 0.852736 0.086957 -0.078728 -0.186495 0.224263 0.124639 0.118817 0.130140 -0.198603 -0.109854 -0.097608 0.034598 0.294674 0.160951 -0.100298 -0.060420 0.503084 0.279746 -0.154859 -0.423125 0.176570 0.115791 -0.068394 0.001383 0.160258 0.074484 0.066357 -0.034877 -0.145034 -0.185178 -0.359174 -0.041055 -0.225896 -0.019237 -0.264108 -0.206078 -0.199264 -0.159543 -0.203644 -0.211342 -0.107985 -0.236025 -0.046555 -0.006068 -0.241705 -0.027112 -0.176455 0.149197 -0.103703 -0.072597 0.421710 -0.032708 0.530920 0.132314 0.321145 0.036155 0.131494 0.155449 0.165096 -0.130132 0.095801 -0.290578 -0.150908 -0.168313 -0.021234 0.129497 -0.058783 0.033728 0.012757 0.000658 -0.190873 -0.074089 -0.198702 -0.039009 -0.201936 -0.166209 -0.161505 0.135117 -0.527954 -0.264659 0.152995 -0.094611 0.331004 0.160917 -0.028559 -0.073265 -0.019423 0.019517 -0.104368 0.074029 -0.251116 -0.086213 -0.211833 0.032772 -0.046707 0.162281 -0.111543 0.002153 -0.037406 -0.075245 -0.193886 -0.084511 0.043176 -0.021057 -0.291424 0.110277 0.083308 0.024794 -0.198891 -0.160354
0.085961 0.118705 0.362246 1.000000 0.002125 0.294038 0.341403 0.420164 0.178510 -0.150963 -0.093133 0.066794 -0.191078 -0.067417 0.058265 0.023231 -0.356379 -0.038023 0.181149 -0.172144 -0.029640 0.031795 0.184120 0.370800 -0.286968 -0.176498 0.250210 0.363470 -0.461255 -0.058419 -0.183392 -0.170218 -0.246094 -0.307988 -0.080538 -0.204976 -0.189953 -0.053193 0.042515 0.145456 -0.048682 -0.161561 0.175262 -0.137495 -0.189141 -0.201920 0.176414 -0.052130 0.064318 -0.026775 0.172579 0.038004 0.285643 0.284451 0.323084 0.246309 -0.010630 -0.047963 0.298420 -0.012617 0.175223 0.008656 -0.121124 -0.134219 0.340731 0.127664 0.028970 -0.131304 -0.040088 -0.216349 -0.267102 -0.004348 -0.378634 -0.235620 -0.158491 -0.339766 -0.255165 -0.314139 -0.339962 -0.014447 -0.474083 -0.389441 0.170479 -0.020467 -0.094771 0.035250 0.256543 0.039909 0.566419 0.557235 0.128449 -0.196709 0.354051 0.276959 -0.014546 0.022114 0.011525 -0.197663 -0.058639 -0.208035 0.023427 0.207569 0.200855 -0.005744 0.120111 0.025149 -0.170042 0.024033 -0.033182 -0.270391 -0.262703 0.094543 0.191685 0.094862 -0.094980 -0.170091
-0.161710 -0.105075 0.045347 0.002125 1.000000 0.541319 0.096427 0.140004 0.439002 0.464557 -0.002403 -0.110468 0.214352 0.052625 0.019692 0.474916 -0.012157 -0.277781 0.260266 0.131544 0.531221 0.505087 -0.131600 -0.100054 0.574481 0.036348 0.457132 0.554220 -0.246941 0.087878 -0.033412 -0.271048 -0.178793 -0.317053 -0.161271 -0.174251 0.007778 -0.208517 0.129747 -0.069783 -0.072450 0.219165 0.003409 0.017101 -0.074736 -0.018138 -0.056473 -0.092967 -0.159763 -0.191095 0.141684 -0.143107 0.100069 -0.118864 0.313624 0.063433 -0.106872 -0.151179 0.090490 -0.103041 0.002272 -0.073152 -0.184721 -0.238016 0.010273 -0.063615 -0.216387 -0.127858 -0.067638 -0.104677 0.069244 0.261242 -0.301920 0.063928 -0.354747 0.361403 -0.291726 -0.161274 -0.042325 -0.172312 -0.011827 -0.115409 -0.153804 -0.413541 0.236769 -0.057831 0.198611 0.037030 0.110315 -0.109133 -0.192440 0.198589 0.069331 -0.101816 0.172921 -0.054287 -0.008501 0.069249 0.045307 0.226933 0.259643 0.000619 0.395652 -0.022192 0.029065 0.186144 0.126849 0.023685 -0.056990 0.141127 0.071471 -0.074747 0.142153 -0.035808 0.249852 0.278634
-0.101558 -0.193150 -0.016913 0.294038 0.541319 1.000000 0.071117 -0.000967 0.510441 0.492991 -0.191273 0.090812 -0.117115 -0.025860 0.343536 0.702244 -0.176148 -0.128192 0.201886 -0.195949 0.495661 0.484825 -0.108134 0.189470 0.380102 0.204205 0.448201 0.483917 -0.352330 0.311667 0.028422 -0.187264 -0.148335 -0.322880 -0.073958 -0.159286 -0.121513 -0.156322 0.117950 -0.063953 -0.211776 0.114339 0.091147 0.070770 -0.043939 -0.024825 0.138877 -0.270961 -0.051430 -0.164952 0.224445 0.006042 0.340524 0.030663 0.441502 -0.048112 -0.061273 -0.268244 0.123780 -0.301447 0.038704 -0.209754 -0.244904 -0.362296 0.130753 0.166129 -0.113796 -0.061491 -0.050917 -0.256576 0.001333 0.273894 -0.239697 0.168390 -0.201557 0.193852 -0.347903 -0.232420 -0.214103 -0.134647 -0.165403 -0.339504 0.070990 -0.422277 0.332907 0.140390 0.258982 -0.081299 0.349810 0.101677 -0.204073 0.171718 0.184391 -0.004150 -0.062687 -0.109181 -0.183860 -0.157891 -0.077087 -0.026035 0.233587 -0.103032 0.240362 -0.061343 -0.108189 0.045406 -0.153153 0.033422 -0.186525 -0.132998 -0.095524 -0.224768 0.265345 -0.069585 -0.017238 0.079047
0.570895 -0.037717 0.852736 0.341403 0.096427 0.071117 1.000000 0.096639 -0.084954 -0.160123 0.278116 0.102700 0.265789 0.147495 -0.075193 -0.066929 -0.059930 -0.038255 0.062102 -0.013771 -0.145529 -0.010678 0.545370 0.321378 -0.136652 -0.462374 0.176128 0.135510 -0.131524 -0.025989 0.167488 0.051209 -0.018819 -0.021076 -0.115895 -0.076611 -0.458182 -0.115855 -0.213830 -0.010192 -0.262846 -0.190850 -0.184542 -0.153800 -0.117973 -0.169792 -0.114546 -0.156207 0.111953 -0.000492 -0.165453 -0.064202 -0.092144 0.064117 0.054932 -0.030734 0.367168 -0.066199 0.543248 0.118964 0.394797 0.119066 0.159428 0.060126 0.229689 0.035678 0.094538 -0.221866 -0.088772 -0.146219 0.018890 0.147026 -0.109509 -0.020405 -0.054248 -0.046870 -0.190317 -0.207794 -0.212247 -0.055685 -0.230600 -0.261059 -0.184647 0.019675 -0.494971 -0.301767 0.200110 -0.166456 0.362981 0.261176 -0.006659 -0.108065 -0.122403 -0.089584 -0.169456 0.059345 -0.307337 -0.080777 -0.135256 0.011676 -0.177474 0.053848 -0.131630 -0.003011 -0.012272 -0.056655 -0.318893 -0.020040 0.099138 -0.016005 -0.221978 -0.034337 0.073588 -0.109059 -0.268555 -0.022535
-0.054225 0.401325 0.086957 0.420164 0.140004 -0.000967 0.096639 1.000000 -0.111084 0.056259 -0.037465 -0.141017 0.093094 0.035543 -0.273623 -0.223412 -0.075621 -0.125822 -0.012355 0.040635 0.049624 0.124553 -0.075625 0.036555 -0.020651 0.055164 0.055571 0.078887 -0.184552 -0.128992 -0.227857 0.105083 -0.252943 0.049637 -0.090179 0.166099 -0.170396 -0.093091 -0.008577 0.363110 0.039768 0.068867 -0.306504 -0.406116 -0.118775 0.015291 -0.301811 -0.095055 -0.193925 -0.097925 -0.216055 -0.359389 -0.175679 -0.254451 -0.013781 0.003922 -0.061977 0.209670 -0.039171 0.129814 -0.133611 0.329247 -0.078016 -0.139350 -0.097406 0.248506 -0.102116 0.086455 -0.008539 0.040047 -0.222459 0.030595 -0.186053 -0.275110 -0.106269 -0.152327 -0.086203 -0.137847 0.089118 -0.031959 -0.146369 0.083497 0.181250 -0.075652 -0.090010 -0.047179 0.145690 0.103182 0.162451 0.040553 0.148818 -0.209131 -0.069394 -0.127300 0.073274 0.165139 -0.165305 0.146438 0.014038 0.036250 -0.207189 0.123293 0.133023 -0.078940 0.202464 0.014576 -0.249763 -0.241265 0.163040 0.165701 0.016026 -0.032108 -0.240708 -0.237680 -0.098623 0.157133
-0.238194 -0.278263 -0.078728 0.178510 0.439002 0.510441 -0.084954 -0.111084 1.000000 0.278555 -0.110394 0.098861 -0.021966 0.085885 0.482379 0.688859 -0.144055 -0.146610 0.253803 -0.143284 0.504364 0.460766 -0.162361 0.098317 0.134080 0.034223 0.256770 0.511364 -0.311350 0.378453 0.057748 -0.182037 -0.126679 -0.435868 -0.260855 -0.401285 0.134863 -0.092610 0.240475 -0.127282 0.030172 0.104315 0.301053 0.305783 -0.040267 -0.116554 0.225795 -0.142061 0.079484 -0.072649 0.432251 0.159902 0.427504 0.157054 0.470289 0.008907 -0.232119 -0.250042 0.029852 -0.260399 0.094051 -0.184853 0.018886 -0.129808 0.230638 -0.079864 -0.021418 -0.133209 0.056380 -0.115783 -0.006041 0.322090 -0.271190 0.235650 -0.166958 0.281366 -0.269627 -0.096206 -0.237696 -0.165864 -0.224298 -0.229055 0.017170 -0.359952 0.263196 0.061783 -0.028984 0.013350 0.142137 -0.057720 -0.215108 0.231035 0.394523 0.114358 -0.012823 -0.296716 0.141799 -0.303023 0.069729 -0.162034 0.374255 -0.039455 0.348947 -0.081608 -0.111709 -0.054051 0.122010 -0.005162 -0.366008 -0.224693 -0.046826 -0.157324 0.292022 0.151513 0.073727 -0.018474
-0.198431 -0.057800 -0.186495 -0.150963 0.464557 0.492991 -0.160123 0.056259 0.278555 1.000000 -0.204110 -0.022448 -0.074896 0.082911 0.041185 0.556100 0.070256 -0.270491 0.041761 0.047795 0.455457 0.361819 -0.232129 -0.023537 0.543876 0.344732 0.439595 0.356880 -0.113916 0.280456 0.140451 0.000589 -0.235548 -0.160907 -0.075894 0.017952 -0.005104 -0.127926 0.039746 -0.046399 -0.097768 0.184431 -0.082430 0.052439 0.032087 0.085757 -0.013629 -0.095246 -0.224138 -0.123541 0.080208 -0.176800 -0.025608 -0.236872 0.159446 -0.171099 -0.045108 -0.160494 -0.087902 0.006391 -0.112622 0.040378 -0.087648 -0.364876 -0.115102 0.026779 -0.206975 0.020170 -0.052452 0.091364 0.198481 0.201738 -0.130449 0.166847 -0.215546 0.307217 -0.262272 -0.077412 0.101862 -0.243807 0.070157 -0.137986 -0.042999 -0.077983 0.255409 -0.042457 -0.114551 0.039601 0.023092 -0.224780 -0.009720 0.118771 -0.138631 -0.263749 -0.070010 -0.055947 -0.139753 0.095790 0.036994 0.070851 0.014172 -0.045938 0.144538 -0.007312 -0.050339 0.054881 -0.003280 -0.122265 -0.088529 0.115482 0.185611 -0.300933 -0.131393 -0.307750 0.049208 0.196349
0.221746 0.180511 0.224263 -0.093133 -0.002403 -0.191273 0.278116 -0.037465 -0.110394 -0.204110 1.000000 0.418212 0.607099 0.262299 -0.033812 -0.157495 0.394370 0.057660 -0.025219 0.069225 -0.258996 -0.230949 0.457156 -0.023903 -0.215634 -0.332935 -0.182996 -0.259505 0.279426 0.103855 0.321454 0.271634 0.029556 0.141594 -0.025291 -0.049178 -0.339264 -0.038450 -0.205481 -0.222675 -0.313250 0.105244 -0.058561 -0.116159 -0.044835 -0.063311 -0.395944 0.035630 0.003700 -0.104670 -0.051061 -0.070442 -0.079616 0.110391 -0.268532 -0.279335 0.150526 0.057959 0.061614 -0.088974 0.170825 0.134851 0.303720 0.367273 0.286665 -0.138334 -0.164096 -0.126794 -0.071604 -0.086968 -0.008488 0.021720 -0.005877 0.076657 -0.213406 -0.022738 -0.069034 -0.020075 -0.107754 0.102894 0.215585 -0.063686 -0.320122 -0.150630 -0.119295 -0.262932 -0.054796 -0.372676 -0.240697 -0.090576 -0.118198 -0.179084 -0.091904 -0.238503 -0.022952 -0.164781 -0.083225 -0.236323 -0.294915 -0.098922 -0.117400 -0.092514 -0.117682 -0.149403 -0.121152 -0.037182 -0.282069 -0.073707 -0.098561 -0.084010 0.005467 0.114730 -0.164183 0.032022 -0.211899 0.042660
0.043012 0.191320 0.124639 0.066794 -0.110468 0.090812 0.102700 -0.141017 0.098861 -0.022448 0.418212 1.000000 0.242184 0.673531 0.130705 0.218825 0.270115 0.375477 -0.001132 -0.033129 -0.062976 -0.091001 0.243283 -0.081409 -0.348803 -0.261045 -0.175511 -0.123350 0.212292 0.277189 0.652910 0.428228 0.007932 -0.016058 -0.195128 -0.183289 -0.169351 -0.033053 -0.040756 -0.081881 -0.303738 0.152012 0.015393 0.071590 0.076787 0.066078 -0.160490 -0.112170 0.006889 0.106387 0.133204 -0.055669 0.142519 0.143919 -0.074722 -0.243982 -0.000257 0.009861 -0.154152 -0.070039 0.132965 0.154652 0.219195 0.280325 0.099797 -0.102777 -0.222602 -0.064963 -0.114737 -0.103264 -0.034974 0.284178 0.011566 0.163528 -0.130317 -0.012034 -0.175304 -0.138967 -0.103648 -0.021594 0.149052 -0.193313 -0.026830 -0.040182 -0.125180 -0.271961 -0.207708 0.040627 -0.196740 -0.167717 -0.176922 -0.182973 0.095503 -0.195757 -0.015699 -0.092641 0.005755 -0.165904 0.005156 -0.124508 0.042253 -0.117450 -0.020308 -0.255918 -0.167381 -0.256345 -0.154584 -0.305986 -0.113661 -0.069464 -0.113818 -0.042398 0.027155 -0.037014 -0.134257 -0.049132
0.046021 0.027728 0.118817 -0.191078 0.214352 -0.117115 0.265789 0.093094 -0.021966 -0.074896 0.607099 0.242184 1.000000 0.459876 -0.139845 -0.012456 0.369451 -0.238410 -0.026550 0.032235 0.013514 0.119597 0.250238 -0.287613 0.072525 -0.186026 -0.148989 -0.150620 0.117618 0.223599 0.420239 0.239387 -0.088777 -0.001515 -0.282980 0.049516 -0.287784 0.024750 -0.001735 0.024183 -0.159625 0.227358 -0.088489 0.016381 0.065606 0.014684 -0.459032 0.033278 0.042360 -0.044760 0.102022 -0.202050 -0.043358 -0.145559 -0.054442 -0.035245 -0.002307 0.143309 -0.079616 -0.061589 -0.020548 0.074817 0.187959 0.066834 -0.008222 -0.154852 -0.340648 -0.060541 -0.056179 0.052717 0.116738 0.374787 -0.106678 0.317206 -0.089070 0.278060 0.025983 0.071502 -0.001168 -0.062520 0.286286 0.124456 -0.412308 -0.358040 -0.093926 -0.171004 0.090173 -0.158334 -0.393118 -0.204770 -0.043562 -0.065991 -0.386271 -0.509734 -0.047852 0.135119 -0.218715 0.125164 -0.016218 0.217202 -0.195385 -0.125066 -0.145923 -0.031541 -0.109619 0.026127 -0.293435 -0.065871 0.130785 0.216568 0.103443 0.050778 -0.248986 -0.131841 0.068125 0.360585
0.020507 -0.028963 0.130140 -0.067417 0.052625 -0.025860 0.147495 0.035543 0.085885 0.082911 0.262299 0.673531 0.459876 1.000000 -0.050887 0.215224 0.409408 0.068720 0.024124 0.080015 0.124413 0.168877 0.172770 -0.207670 -0.074860 -0.243379 -0.097319 -0.100012 0.204904 0.312836 0.724920 0.523597 -0.010309 -0.068605 -0.336387 -0.070396 -0.214033 -0.119040 -0.037428 0.082236 -0.233332 0.141691 -0.141805 0.029028 0.128782 0.043248 -0.350702 -0.052340 -0.072042 0.010512 0.068286 -0.226688 -0.086809 -0.160675 -0.141505 -0.225374 0.003646 0.064530 -0.196783 0.017195 -0.048699 0.094991 0.232840 0.083968 -0.165617 -0.281179 -0.310652 -0.121475 0.031594 0.126101 0.227009 0.546148 0.064061 0.363234 0.003053 0.351474 0.007821 0.069581 0.144012 0.022893 0.288009 0.069620 -0.137421 -0.128640 -0.207581 -0.291584 -0.101961 0.138507 -0.285348 -0.284241 -0.089652 -0.226444 -0.176341 -0.500295 -0.011828 0.095449 -0.089143 0.137520 0.056907 0.086467 -0.128798 -0.208092 -0.004315 -0.190267 -0.131482 -0.163995 -0.177157 -0.320424 0.076186 0.165251 -0.018389 -0.093539 -0.189910 -0.136836 -0.003839 0.155722
-0.215064 -0.214702 -0.198603 0.058265 0.019692 0.343536 -0.075193 -0.273623 0.482379 0.041185 -0.033812 0.130705 -0.139845 -0.050887 1.000000 0.468159 -0.285229 -0.039022 0.031804 -0.258805 0.038630 0.081301 0.066547 0.405999 0.061708 0.172388 0.087797 0.143582 -0.055600 0.159273 0.024975 0.036737 -0.110791 -0.110877 0.110868 -0.018001 -0.054832 0.174912 0.154468 0.032539 0.099933 0.036261 0.086829 0.147107 0.034058 -0.029805 0.234572 -0.200916 0.130215 -0.041694 0.110998 0.266626 0.251024 0.200160 0.343167 -0.114495 -0.276316 -0.316300 0.010288 -0.205363 -0.046983 -0.156786 -0.128744 -0.280302 0.100598 0.294360 0.219259 0.054612 0.092482 -0.025742 -0.052925 0.046407 0.046981 0.103936 0.096557 0.031571 -0.161570 -0.096496 -0.055420 -0.052556 -0.294780 -0.275934 0.327517 -0.011920 0.247817 -0.003688 -0.136297 -0.165101 0.210620 0.032812 -0.062935 0.270155 0.208473 0.034463 -0.142699 -0.063615 -0.048620 -0.290684 0.061171 -0.335883 0.180590 -0.254741 0.083083 -0.173217 -0.181583 -0.228105 -0.090127 -0.030452 -0.304444 -0.021968 0.099498 -0.416201 0.101511 -0.146093 -0.142755 -0.108394
-0.138524 -0.282291 -0.109854 0.023231 0.474916 0.702244 -0.066929 -0.223412 0.688859 0.556100 -0.157495 0.218825 -0.012456 0.215224 0.468159 1.000000 -0.023118 -0.142260 0.187808 -0.117057 0.665025 0.596597 -0.171595 0.011325 0.424807 0.135848 0.496193 0.533154 -0.163560 0.576189 0.245684 -0.104866 -0.125893 -0.488775 -0.287738 -0.311469 0.078534 -0.086122 0.222991 -0.061152 -0.162740 0.222437 0.150820 0.264278 -0.109435 -0.193650 0.186807 -0.258547 -0.076802 -0.238779 0.236356 0.075927 0.278977 -0.047052 0.430015 -0.114298 -0.068162 -0.249700 0.006103 -0.205124 -0.012986 -0.239591 -0.021052 -0.292447 -0.075675 -0.117315 -0.174353 -0.203944 -0.023481 -0.106609 0.196220 0.429307 -0.088118 0.432540 -0.078871 0.459346 -0.285285 -0.124645 -0.206088 -0.267414 -0.027439 -0.294427 0.002852 -0.305112 0.264087 0.082571 -0.011742 0.074773 0.124589 -0.108127 -0.228320 0.183542 0.101189 -0.199416 -0.089828 -0.068127 -0.087870 -0.095168 -0.044367 -0.042544 0.279295 -0.175322 0.134056 -0.112461 -0.265199 0.008353 -0.007904 -0.047683 -0.263545 -0.062403 -0.056848 -0.292543 0.218354 -0.105975 0.036153 0.137191
-0.027599 0.005105 -0.097608 -0.356379 -0.012157 -0.176148 -0.059930 -0.075621 -0.144055 0.070256 0.394370 0.270115 0.369451 0.409408 -0.285229 -0.023118 1.000000 0.233179 -0.123444 0.253675 0.104137 0.178610 -0.059414 -0.532519 -0.058743 -0.213769 -0.181913 -0.241018 0.536096 0.279491 0.497101 0.388221 -0.012362 0.204303 -0.015821 0.135315 -0.126511 -0.150461 -0.219650 0.046462 -0.228829 0.346022 -0.239007 -0.106837 0.018521 0.023914 -0.484592 -0.039367 -0.236824 -0.229825 -0.137304 -0.388046 -0.243634 -0.358768 -0.416573 -0.239438 0.191969 0.168338 -0.270649 -0.047855 -0.137272 -0.103795 0.268942 0.190947 -0.108583 -0.299712 -0.292064 -0.088080 -0.038724 0.061562 0.519558 0.282725 0.447082 0.373773 0.178403 0.306019 0.431673 0.312635 0.268315 0.161261 0.591365 0.255175 -0.152042 -0.018134 -0.092093 -0.022371 0.068262 0.091902 -0.383597 -0.275668 -0.273667 -0.325503 -0.404496 -0.431239 0.004130 0.120059 -0.152264 0.261095 -0.048121 0.275566 -0.334153 -0.048173 -0.134637 -0.121863 -0.074571 -0.043127 -0.237128 -0.140781 0.291310 0.069596 -0.038225 0.026806 -0.229035 -0.123018 -0.096764 0.153812
0.032505 0.366810 0.034598 -0.038023 -0.277781 -0.128192 -0.038255 -0.125822 -0.146610 -0.270491 0.057660 0.375477 -0.238410 0.068720 -0.039022 -0.142260 0.233179 1.000000 -0.188944 0.223134 -0.261525 -0.221058 -0.169519 -0.059449 -0.393785 -0.216091 -0.234283 -0.149614 0.457738 0.160976 0.068081 0.046677 -0.012360 0.217575 0.129982 -0.075336 0.071440 0.019552 0.047068 0.184388 0.012060 0.156718 -0.150530 -0.172801 -0.030742 -0.062380 -0.099754 -0.271014 -0.099274 0.097111 -0.172131 0.030747 -0.015082 -0.021696 -0.194936 -0.147793 0.083178 0.139046 -0.119781 -0.050167 0.114443 -0.087579 0.225135 0.376855 -0.045932 -0.184187 0.013365 -0.215299 -0.068594 -0.137770 0.050389 -0.163852 0.468803 -0.022538 0.286657 -0.173217 0.224020 0.113753 0.215260 0.462294 0.229479 0.277070 0.190187 0.277161 -0.106659 -0.194035 -0.128083 0.092355 -0.076477 -0.072932 -0.285465 -0.254359 0.089958 0.111550 0.160514 0.062078 0.050856 0.006903 -0.014528 -0.023139 0.044015 0.008905 -0.026496 -0.297821 -0.113972 -0.243392 -0.049603 -0.311752 0.100012 -0.005516 -0.173986 0.070581 0.137731 0.045601 -0.137447 -0.072905
0.225260 -0.147237 0.294674 0.181149 0.260266 0.201886 0.062102 -0.012355 0.253803 0.041761 -0.025219 -0.001132 -0.026550 0.024124 0.031804 0.187808 -0.123444 -0.188944 1.000000 0.491427 0.271700 0.089584 -0.089271 -0.125325 0.073715 -0.118834 0.089956 0.138906 -0.280492 0.087485 0.007199 -0.157720 0.103615 -0.274994 -0.293995 -0.315379 -0.100555 -0.063005 -0.039434 -0.088358 -0.079793 -0.099663 -0.043693 -0.049226 -0.134530 -0.143807 0.026987 -0.083956 -0.150067 -0.244424 0.044336 -0.094996 0.071298 0.187855 0.017442 0.028653 0.210882 0.059643 0.184577 -0.103036 0.004623 -0.201265 -0.043880 -0.044173 0.110638 -0.352918 -0.022501 -0.109536 0.109025 0.149084 -0.104369 0.177453 -0.246925 0.154493 -0.070524 0.348986 -0.226501 -0.012813 -0.210021 -0.204752 -0.251823 -0.081901 -0.056425 -0.129930 -0.244348 0.040272 0.092665 0.058116 0.203425 -0.000934 -0.111068 0.261925 0.275879 0.150433 0.012651 -0.041870 -0.052536 -0.114946 0.191243 0.158887 0.284384 0.101343 0.295410 0.161075 0.130512 0.195933 -0.011257 0.063802 -0.138604 -0.097468 0.077711 0.089172 0.355849 0.216679 0.177002 0.016331
0.069622 0.214818 0.160951 -0.172144 0.131544 -0.195949 -0.013771 0.040635 -0.143284 0.047795 0.069225 -0.033129 0.032235 0.080015 -0.258805 -0.117057 0.253675 0.223134 0.491427 1.000000 0.028119 -0.035011 -0.296286 -0.204475 -0.032261 -0.266551 -0.011663 -0.065411 0.280591 0.037177 0.083484 -0.053095 -0.108984 0.180873 -0.172907 -0.076406 -0.063857 -0.152720 -0.162617 0.039707 -0.083098 0.054633 -0.365465 -0.316262 -0.119006 -0.121319 -0.359177 0.033236 -0.245705 -0.224231 -0.237829 -0.293195 -0.257269 -0.220979 -0.294829 -0.176269 0.157207 0.206206 -0.055106 0.206051 -0.053278 0.017483 0.231863 0.085640 -0.211103 -0.533583 -0.192816 -0.062607 -0.070936 0.450837 0.211986 0.016139 0.200460 0.024093 0.038637 0.216740 0.067877 0.238895 0.161280 0.004601 0.229879 0.265047 -0.068443 0.243350 -0.298752 -0.238165 0.019381 0.100965 -0.100648 -0.219018 -0.119483 0.022672 -0.047888 -0.047708 0.118034 0.095026 -0.068729 0.181703 0.218570 0.299968 0.015162 0.046958 0.154529 -0.006899 0.059030 0.140572 -0.082644 -0.074598 0.015782 0.094074 0.206792 0.151087 0.073068 -0.002593 0.110952 0.121614
-0.057087 -0.203887 -0.100298 -0.029640 0.531221 0.495661 -0.145529 0.049624 0.504364 0.455457 -0.258996 -0.062976 0.013514 0.124413 0.038630 0.665025 0.104137 -0.261525 0.271700 0.028119 1.000000 0.842214 -0.336193 -0.223512 0.488829 0.128292 0.512477 0.427049 -0.155793 0.360640 0.159237 -0.064577 0.022000 -0.328902 -0.465733 -0.247865 0.183701 -0.150761 0.078353 0.008496 -0.104467 0.244705 0.026189 0.143042 -0.160283 -0.100689 0.018307 -0.259246 -0.202313 -0.236818 0.081611 -0.084696 0.054347 -0.247567 0.137764 -0.087327 0.070321 -0.006279 -0.072574 -0.131212 -0.135489 -0.209024 -0.011584 -0.174748 -0.267232 -0.214435 -0.201424 -0.142549 -0.089949 -0.060989 0.311866 0.548563 -0.130158 0.375512 -0.025593 0.601622 -0.090047 0.030968 -0.140351 -0.313803 0.087081 -0.011682 0.064500 -0.395039 0.103125 0.260115 0.096449 0.147375 -0.060402 -0.277259 -0.217995 0.044757 -0.062268 -0.210258 -0.070648 -0.003958 -0.195694 0.098862 -0.112752 0.157372 0.191672 0.031001 0.097142 0.066754 -0.102658 0.204608 0.035185 0.038272 -0.137818 0.017325 -0.114398 -0.026058 0.107238 -0.062624 0.135125 0.188915
-0.112745 -0.227989 -0.060420 0.031795 0.505087 0.484825 -0.010678 0.124553 0.460766 0.361819 -0.230949 -0.091001 0.119597 0.168877 0.081301 0.596597 0.178610 -0.221058 0.089584 -0.035011 0.842214 1.000000 -0.219132 -0.144871 0.432655 0.138787 0.462736 0.481169 -0.122768 0.334213 0.183809 0.037842 -0.096847 -0.247748 -0.321591 -0.092193 0.019439 -0.225278 0.112457 0.158815 -0.162860 0.292053 -0.090561 0.012020 -0.126827 -0.105964 -0.162959 -0.258132 -0.180148 -0.259766 -0.022105 -0.164311 -0.026204 -0.318820 0.230418 -0.064072 0.029158 -0.081230 -0.038943 -0.152526 -0.177131 -0.257972 0.008335 -0.301486 -0.286664 -0.082895 -0.208841 -0.102161 -0.007284 -0.073205 0.395471 0.657983 -0.048163 0.389140 -0.018221 0.537243 0.031627 0.051643 0.005297 -0.195270 0.108834 0.018417 0.066759 -0.405572 0.170300 0.214474 0.294189 0.230801 0.010493 -0.141649 -0.162493 -0.068953 -0.221273 -0.350328 -0.013549 0.129426 -0.231072 0.267282 -0.169792 0.234308 -0.034132 -0.056835 0.115597 -0.009883 -0.091443 0.094535 -0.152685 -0.003778 0.055289 0.171318 -0.116573 -0.088358 -0.050793 -0.176836 0.012761 0.169594
0.436195 -0.073310 0.503084 0.184120 -0.131600 -0.108134 0.545370 -0.075625 -0.162361 -0.232129 0.457156 0.243283 0.250238 0.172770 0.066547 -0.171595 -0.059414 -0.169519 -0.089271 -0.296286 -0.336193 -0.219132 1.000000 0.455349 -0.160026 -0.191691 -0.027400 -0.011898 -0.127428 -0.154725 0.227164 0.282812 0.208728 0.021787 0.039997 -0.144058 -0.270333 0.034832 -0.087306 -0.160331 -0.245034 -0.153663 -0.005554 -0.052744 -0.174873 -0.183966 -0.061743 0.028506 0.067689 -0.045927 -0.118094 0.083768 -0.151160 0.302848 -0.003950 -0.103829 0.260985 -0.032199 0.361324 -0.034212 0.111224 0.000095 -0.046259 0.086733 0.230298 0.117439 0.088344 -0.101542 0.091172 -0.213153 -0.146047 0.077179 -0.185209 0.006269 -0.153210 -0.164077 -0.272917 -0.206909 -0.275347 -0.074237 -0.156250 -0.389187 -0.241391 -0.033705 -0.189792 -0.217206 0.048920 -0.197205 0.183747 0.226495 0.271808 -0.084329 -0.042795 -0.043101 -0.095923 -0.182950 -0.018558 -0.226448 -0.324161 -0.225340 -0.233498 0.035841 -0.248580 0.133207 0.018014 -0.043196 -0.092951 -0.032397 -0.052222 -0.070561 -0.231381 0.081120 -0.171956 0.139349 -0.142744 -0.197220
0.115985 -0.001502 0.279746 0.370800 -0.100054 0.189470 0.321378 0.036555 0.098317 -0.023537 -0.023903 -0.081409 -0.287613 -0.207670 0.405999 0.011325 -0.532519 -0.059449 -0.125325 -0.204475 -0.223512 -0.144871 0.455349 1.000000 -0.025402 0.048785 0.209226 0.209779 -0.190808 -0.161927 -0.193992 0.032457 -0.048209 0.023404 0.260956 -0.002493 -0.142676 -0.009461 -0.045680 -0.119074 -0.040816 -0.347016 0.025523 -0.030339 -0.024073 -0.080362 0.195554 -0.116685 0.158983 0.083330 -0.057046 0.260759 -0.007253 0.224665 0.136772 -0.084095 -0.115303 -0.225817 0.300335 -0.021087 0.158048 0.103490 -0.152608 -0.161698 0.236608 0.335447 0.264286 0.072930 -0.075093 -0.052343 -0.254341 -0.172764 -0.105409 -0.260752 -0.122384 -0.357266 -0.322916 -0.244755 -0.091883 -0.035898 -0.389679 -0.407115 0.131331 0.125064 0.011484 -0.146312 -0.049695 -0.280400 0.461476 0.265000 0.194730 0.036434 0.213520 0.217144 -0.150542 -0.208801 -0.022178 -0.345284 -0.224088 -0.465596 -0.014168 -0.062263 0.021825 -0.069557 -0.095093 -0.224881 -0.070273 -0.042829 -0.294775 -0.198591 -0.128769 -0.117563 -0.003243 -0.049569 -0.280517 -0.329963
-0.113182 -0.227416 -0.154859 -0.286968 0.574481 0.380102 -0.136652 -0.020651 0.134080 0.543876 -0.215634 -0.348803 0.072525 -0.074860 0.061708 0.424807 -0.058743 -0.393785 0.073715 -0.032261 0.488829 0.432655 -0.160026 -0.025402 1.000000 0.435003 0.454359 0.229175 -0.062577 0.142654 -0.061899 -0.057375 0.052237 -0.114873 0.050292 0.079804 -0.017865 -0.023333 0.020374 -0.126781 -0.069198 -0.008515 -0.031493 0.177456 0.028502 0.040979 0.003377 -0.186253 -0.201039 -0.216046 -0.012531 -0.013977 -0.133444 -0.222357 0.007765 -0.063132 -0.127288 -0.170531 -0.143406 -0.207399 -0.242157 -0.124120 -0.340864 -0.351162 -0.204615 0.092156 -0.086488 -0.014839 -0.128839 -0.062806 0.220807 0.161743 -0.019922 0.260283 0.030474 0.484337 -0.067130 0.151560 0.117195 -0.176911 0.137217 0.042095 -0.201649 -0.295220 0.439586 0.209450 0.025826 -0.146335 -0.077166 -0.326979 -0.105314 0.250598 -0.217912 -0.168137 -0.121973 0.061900 -0.215530 0.108958 -0.163493 0.086216 0.109150 -0.075363 -0.033507 0.029635 -0.260392 0.041374 0.141569 0.086855 -0.077848 0.209221 0.107521 -0.148860 -0.107620 -0.168008 0.183938 0.089930
-0.286417 -0.066750 -0.423125 -0.176498 0.036348 0.204205 -0.462374 0.055164 0.034223 0.344732 -0.332935 -0.261045 -0.186026 -0.243379 0.172388 0.135848 -0.213769 -0.216091 -0.118834 -0.266551 0.128292 0.138787 -0.191691 0.048785 0.435003 1.000000 -0.027377 0.067840 -0.039171 0.019052 -0.245063 0.022686 0.003949 0.102345 0.223336 0.230718 0.137568 0.167577 0.093711 0.052273 0.160200 0.078662 0.015691 0.135580 0.031542 0.113585 0.127221 -0.049920 -0.152058 0.044468 -0.073944 0.099685 -0.109254 -0.124727 0.032338 -0.016347 -0.235463 -0.132232 -0.154496 -0.060389 -0.207818 0.004129 -0.350966 -0.317355 -0.236780 0.391009 -0.028434 0.210372 0.011361 -0.090441 -0.024692 -0.038178 0.034854 0.123300 0.094458 0.141209 0.045940 0.151246 0.119407 -0.122896 -0.001647 0.014953 0.169602 -0.066133 0.417362 0.305631 -0.035601 0.071833 -0.053202 -0.124831 0.158267 0.168216 -0.094086 -0.080881 -0.048596 0.028250 -0.016856 0.090497 -0.094734 -0.093226 0.057989 -0.038086 -0.048834 -0.078278 -0.137913 -0.164458 0.154221 -0.066436 -0.047659 0.157107 0.088967 -0.156331 -0.264626 -0.128843 0.095282 -0.019326
0.036019 -0.110611 0.176570 0.250210 0.457132 0.448201 0.176128 0.055571 0.256770 0.439595 -0.182996 -0.175511 -0.148989 -0.097319 0.087797 0.496193 -0.181913 -0.234283 0.089956 -0.011663 0.512477 0.462736 -0.027400 0.209226 0.454359 -0.027377 1.000000 0.588168 -0.200627 0.096286 -0.070955 -0.243460 -0.163436 -0.302933 -0.190503 -0.138463 0.025933 -0.151390 0.004297 -0.049935 -0.231782 0.085029 0.131759 0.082623 -0.135128 -0.150934 0.178119 -0.120911 -0.076329 -0.121798 0.072374 0.130929 0.076750 -0.068718 0.248247 0.114930 0.010414 -0.247220 0.171619 0.016982 -0.012762 -0.192582 -0.115784 -0.370190 -0.158866 0.017602 0.019282 -0.188722 -0.255737 -0.095710 0.178207 0.122416 -0.132036 0.025415 -0.118364 0.140713 -0.288935 -0.196820 -0.222539 -0.295242 -0.082063 -0.328107 -0.054434 -0.071238 0.138669 0.081781 0.122663 0.025445 0.295197 0.046782 -0.110850 -0.005129 -0.139936 -0.029035 -0.018018 0.075807 -0.124126 0.171541 -0.271970 0.074086 0.093971 0.187868 -0.004779 0.061829 -0.111064 0.154385 0.109224 0.177549 -0.099870 0.049242 -0.120279 -0.105580 -0.003792 -0.176415 -0.010094 0.063092
-0.047697 -0.086433 0.115791 0.363470 0.554220 0.483917 0.135510 0.078887 0.511364 0.356880 -0.259505 -0.123350 -0.150620 -0.100012 0.143582 0.533154 -0.241018 -0.149614 0.138906 -0.065411 0.427049 0.481169 -0.011898 0.209779 0.229175 0.067840 0.588168 1.000000 -0.370766 0.089128 -0.216566 -0.418412 -0.219628 -0.523943 -0.178627 -0.343198 0.158586 -0.131346 0.309919 0.088426 -0.039581 0.165766 0.181197 0.057569 -0.258953 -0.263643 0.219602 -0.084577 -0.105487 -0.058137 0.158125 0.168089 0.196759 0.049845 0.561026 0.300295 -0.005138 -0.219138 0.282909 0.058718 0.099488 -0.191867 -0.158491 -0.302900 -0.025005 -0.007645 -0.065319 -0.263559 -0.061552 -0.200330 -0.047983 0.112112 -0.282311 -0.040050 -0.299136 0.051240 -0.424070 -0.363333 -0.239892 -0.213958 -0.191208 -0.370060 0.093613 -0.191868 0.145022 -0.044787 0.148507 0.258975 0.482024 0.290160 -0.019948 0.063351 0.196872 0.078009 0.124168 -0.050740 0.204849 0.067978 -0.014544 -0.002833 0.194056 0.199489 0.298831 -0.006333 0.037080 0.117188 0.229320 0.043027 -0.117087 -0.032873 -0.158446 -0.033482 0.177369 0.047114 0.103808 0.055865
0.076199 0.235969 -0.068394 -0.461255 -0.246941 -0.352330 -0.131524 -0.184552 -0.311350 -0.113916 0.279426 0.212292 0.117618 0.204904 -0.055600 -0.163560 0.536096 0.457738 -0.280492 0.280591 -0.155793 -0.122768 -0.127428 -0.190808 -0.062577 -0.039171 -0.200627 -0.370766 1.000000 0.231773 0.334181 0.416351 0.145587 0.516446 0.211280 0.277029 -0.004366 0.230245 -0.223865 0.025530 -0.033823 0.317657 -0.265317 -0.018893 0.079253 0.031015 -0.403008 -0.273289 -0.250168 0.062344 -0.353652 -0.075789 -0.341947 -0.351893 -0.604043 -0.321316 0.116977 0.158822 -0.343134 0.036980 -0.090430 -0.007785 0.297961 0.311226 -0.340716 -0.160594 -0.143061 -0.132326 -0.331696 0.021477 0.412748 -0.026934 0.794904 0.284462 0.445519 0.071705 0.482948 0.432735 0.415650 0.178635 0.704580 0.439229 0.002553 0.376223 -0.019646 -0.163216 -0.160788 -0.082263 -0.490773 -0.442373 -0.259469 -0.296337 -0.429893 -0.299720 -0.120778 0.257987 -0.238800 0.244759 -0.188755 0.077927 -0.127778 -0.047897 -0.372361 -0.364442 -0.419419 -0.417065 -0.075889 -0.245885 0.053826 0.204491 -0.122336 -0.056849 -0.311121 -0.149543 -0.108346 -0.026361
0.030176 -0.103791 0.001383 -0.058419 0.087878 0.311667 -0.025989 -0.128992 0.378453 0.280456 0.103855 0.277189 0.223599 0.312836 0.159273 0.576189 0.279491 0.160976 0.087485 0.037177 0.360640 0.334213 -0.154725 -0.161927 0.142654 0.019052 0.096286 0.089128 0.231773 1.000000 0.358799 0.059695 -0.027245 -0.157928 -0.340909 -0.300026 -0.010234 0.269316 0.114725 0.046425 -0.066242 0.314371 0.065600 0.206652 -0.163082 -0.288757 -0.112262 -0.328416 -0.301629 -0.228699 0.071941 0.000658 0.150589 -0.054823 0.031531 -0.225714 0.122486 -0.018078 -0.202118 -0.358335 -0.058699 -0.275553 0.148737 0.052005 -0.114626 -0.388269 -0.422409 -0.392404 -0.094217 -0.130328 0.226980 0.436720 0.252642 0.760244 0.254341 0.504689 0.032761 0.216464 -0.067762 0.032992 0.248689 0.181897 -0.159610 -0.167369 0.073366 0.175007 -0.034112 -0.081576 -0.232594 -0.209403 -0.284913 -0.066342 -0.062604 -0.262147 -0.109574 0.095781 -0.220244 -0.114297 -0.174588 0.017063 0.116887 -0.155121 -0.037847 -0.110832 -0.351140 -0.143871 -0.262702 -0.187497 -0.131376 -0.102896 -0.124846 0.018957 0.077325 0.054427 0.013611 0.157605
0.118846 -0.004844 0.160258 -0.183392 -0.033412 0.028422 0.167488 -0.227857 0.057748 0.140451 0.321454 0.652910 0.420239 0.724920 0.024975 0.245684 0.497101 0.068081 0.007199 0.083484 0.159237 0.183809 0.227164 -0.193992 -0.061899 -0.245063 -0.070955 -0.216566 0.334181 0.358799 1.000000 0.705182 0.010466 0.095749 -0.209844 0.078839 -0.309479 -0.076729 -0.273109 -0.066683 -0.435995 0.208387 -0.128393 0.132867 0.220216 0.161401 -0.353509 -0.097913 -0.047259 0.012494 -0.036918 -0.246428 -0.162927 -0.174693 -0.259093 -0.403311 0.107834 0.104103 -0.219992 0.001936 -0.129680 -0.017457 0.302797 0.176096 -0.151950 -0.261496 -0.175915 -0.037031 -0.072814 0.143517 0.453164 0.602228 0.173722 0.497104 0.029862 0.359740 0.128027 0.192783 0.076020 -0.044051 0.325929 0.004255 -0.161189 -0.071772 -0.159132 -0.231566 -0.133317 0.057770 -0.370724 -0.377420 -0.187319 -0.235378 -0.352519 -0.530455 -0.253406 0.069011 -0.296839 0.098612 -0.082737 0.140380 -0.156992 -0.248007 -0.155393 -0.161861 -0.251698 -0.290108 -0.276182 -0.301419 -0.003610 0.064146 -0.045561 -0.178930 -0.172548 -0.181855 -0.091801 0.076970
0.112113 0.105506 0.074484 -0.170218 -0.271048 -0.187264 0.051209 0.105083 -0.182037 0.000589 0.271634 0.428228 0.239387 0.523597 0.036737 -0.104866 0.388221 0.046677 -0.157720 -0.053095 -0.064577 0.037842 0.282812 0.032457 -0.057375 0.022686 -0.243460 -0.418412 0.416351 0.059695 0.705182 1.000000 0.052510 0.356341 0.156493 0.440410 -0.361617 0.004045 -0.338893 0.064262 -0.300256 0.034818 -0.341948 -0.039084 0.250470 0.247717 -0.444360 -0.184815 -0.093924 -0.006497 -0.339567 -0.324683 -0.452220 -0.329080 -0.463310 -0.523134 0.061460 0.169344 -0.283238 0.028746 -0.234796 0.151534 0.223888 0.107472 -0.152079 0.144065 0.055071 0.205538 -0.067907 0.195249 0.287658 0.374360 0.287320 0.257352 0.179345 0.099385 0.302707 0.309695 0.306602 0.087262 0.246059 0.165679 0.040660 0.095266 -0.145271 -0.172260 -0.206717 -0.005996 -0.338898 -0.444978 -0.056506 -0.296043 -0.448096 -0.565984 -0.293312 0.126263 -0.306392 0.136877 -0.183930 -0.044460 -0.296607 -0.288435 -0.289068 -0.331560 -0.248379 -0.519897 -0.313290 -0.457037 0.061139 0.190375 -0.019910 -0.318870 -0.497303 -0.376959 -0.324862 -0.093567
0.478702 -0.134337 0.066357 -0.246094 -0.178793 -0.148335 -0.018819 -0.252943 -0.126679 -0.235548 0.029556 0.007932 -0.088777 -0.010309 -0.110791 -0.125893 -0.012362 -0.012360 0.103615 -0.108984 0.022000 -0.096847 0.208728 -0.048209 0.052237 0.003949 -0.163436 -0.219628 0.145587 -0.027245 0.010466 0.052510 1.000000 0.374624 0.014582 -0.075094 0.165987 0.085693 -0.128855 -0.315585 -0.021220 -0.072121 0.049643 0.134319 -0.076856 -0.085289 -0.001028 -0.201962 0.005965 -0.008981 0.023730 0.157677 -0.051995 0.241755 -0.222467 -0.103369 0.350998 0.231901 0.125261 -0.216424 0.184628 -0.102872 -0.108891 0.375867 0.050457 -0.100858 0.076035 -0.098921 0.059116 -0.205837 -0.153833 -0.129019 0.112621 0.124389 0.110155 0.051900 0.077803 -0.047817 -0.174204 -0.170356 0.080074 0.025910 -0.203172 -0.072785 -0.093986 0.027079 -0.083191 -0.113132 -0.270264 -0.204867 -0.203055 0.011513 0.008988 0.150460 -0.165346 -0.166160 0.061346 -0.154878 -0.204295 0.009889 0.229351 0.090008 -0.227954 0.156960 -0.099740 -0.085335 0.305593 0.047561 -0.155316 -0.135742 -0.285052 0.184727 0.162753 0.408603 0.065055 -0.132274
0.061879 0.179345 -0.034877 -0.307988 -0.317053 -0.322880 -0.021076 0.049637 -0.435868 -0.160907 0.141594 -0.016058 -0.001515 -0.068605 -0.110877 -0.488775 0.204303 0.217575 -0.274994 0.180873 -0.328902 -0.247748 0.021787 0.023404 -0.114873 0.102345 -0.302933 -0.523943 0.516446 -0.157928 0.095749 0.356341 0.374624 1.000000 0.306101 0.444953 -0.220866 0.031119 -0.410422 -0.111311 -0.085848 0.055897 -0.329747 -0.180850 0.178531 0.253268 -0.437445 -0.086897 -0.017191 0.045973 -0.300200 -0.204405 -0.327682 -0.227642 -0.461542 -0.326142 0.017458 0.101058 -0.180955 0.091811 -0.013848 0.221538 0.113451 0.178628 -0.091473 0.233376 0.087975 0.323814 -0.134119 0.161766 0.115652 -0.215730 0.401298 -0.096789 0.204330 -0.229546 0.364273 0.208691 0.217659 0.008876 0.310611 0.237340 -0.008919 0.237065 -0.040046 -0.146739 0.009426 -0.142604 -0.377439 -0.318091 -0.108282 -0.156357 -0.307503 -0.069658 -0.177444 0.040307 -0.216121 0.107207 -0.142382 0.027355 -0.125789 -0.023106 -0.263407 -0.077409 -0.105104 -0.321413 -0.055517 -0.138353 0.012263 0.113968 -0.006728 -0.027131 -0.293551 -0.099819 -0.141469 -0.098555
-0.134835 -0.049809 -0.145034 -0.080538 -0.161271 -0.073958 -0.115895 -0.090179 -0.260855 -0.075894 -0.025291 -0.195128 -0.282980 -0.336387 0.110868 -0.287738 -0.015821 0.129982 -0.293995 -0.172907 -0.465733 -0.321591 0.039997 0.260956 0.050292 0.223336 -0.190503 -0.178627 0.211280 -0.340909 -0.209844 0.156493 0.014582 0.306101 1.000000 0.623129 -0.043655 -0.030248 -0.145733 -0.122497 0.066771 -0.160078 0.005094 0.105252 0.295153 0.328153 0.093300 -0.019795 0.103358 0.078467 -0.118529 0.075945 -0.223457 -0.013946 -0.197291 -0.091700 -0.142324 -0.146178 -0.030556 -0.027808 -0.081068 0.026180 -0.191864 -0.099619 0.133957 0.466523 0.328577 0.381037 -0.075352 0.010734 -0.037769 -0.417656 0.241348 -0.291452 0.058626 -0.402754 0.303242 0.158586 0.268982 0.222669 -0.022333 -0.017818 0.084348 0.174773 0.269052 0.003426 -0.067063 -0.154583 0.043558 -0.028792 -0.093621 -0.003360 -0.096979 0.046501 -0.127980 -0.087941 0.040246 -0.055701 -0.123402 -0.202853 -0.106698 -0.161465 -0.095111 -0.303846 -0.146812 -0.381827 0.016985 -0.090087 -0.006972 -0.054092 0.034815 -0.287982 -0.172573 -0.170446 -0.223590 -0.322963
-0.123483 0.122028 -0.185178 -0.204976 -0.174251 -0.159286 -0.076611 0.166099 -0.401285 0.017952 -0.049178 -0.183289 0.049516 -0.070396 -0.018001 -0.311469 0.135315 -0.075336 -0.315379 -0.076406 -0.247865 -0.092193 -0.144058 -0.002493 0.079804 0.230718 -0.138463 -0.343198 0.277029 -0.300026 0.078839 0.440410 -0.075094 0.444953 0.623129 1.000000 -0.210182 -0.011342 -0.265287 0.151986 -0.041155 0.064267 -0.246569 -0.039885 0.437922 0.547377 -0.182426 0.007527 0.062474 0.155463 -0.269709 -0.225736 -0.365978 -0.429013 -0.273163 -0.152275 -0.145891 0.062614 -0.223970 0.179372 -0.270706 0.119063 -0.098134 -0.229691 -0.192456 0.469107 0.194024 0.494333 -0.100728 0.272746 0.170663 -0.123810 0.248757 -0.169637 0.126496 -0.204448 0.451946 0.223909 0.411513 0.133863 0.104613 0.144836 0.101563 0.126535 0.074370 -0.095524 -0.038525 0.016572 -0.199353 -0.249387 -0.030726 -0.104263 -0.560636 -0.411968 -0.213754 0.252985 -0.296094 0.324821 -0.013084 0.080456 -0.299346 -0.249275 -0.243735 -0.268211 -0.123981 -0.326426 -0.220258 -0.142761 0.246909 0.311472 0.226825 -0.438138 -0.458430 -0.588389 -0.285175 -0.006621
