1.000000 -0.218291 0.116874 -0.087489 -0.079053 -0.016066 0.296372 -0.024746 0.097074 0.042202 0.364771 0.246498 -0.080592 0.227492 0.142070 0.048094 0.373359 0.388544 0.271372 0.308671 -0.043125 -0.014496 -0.096633 0.159327 0.106155 0.071057 -0.152266 -0.152344 0.231961 0.263340 0.403879 0.287682 -0.141819 -0.213879 -0.623213 -0.082813 -0.006461 0.176496 0.171216 0.020436 0.126450 0.069308 -0.115466 -0.137796 -0.418929 -0.247620 -0.165032 -0.088728 -0.332971 -0.291587 -0.414084 0.090582 -0.068263 -0.073148 -0.036424 -0.238183 0.436704 -0.283914 -0.097386 -0.138570 -0.126621 -0.365056 -0.263217 -0.224389 -0.589396 -0.100205 -0.511282 -0.243206 -0.033440 -0.029159 0.377041 0.402981 0.123424 0.219042 0.128583 0.153214 0.420492 0.459445 0.025895 0.245086 0.068261 0.210136 0.059702 -0.032630 -0.154775 0.007929 0.131192 -0.167413 -0.075421 -0.119428 0.015956 0.093015 -0.044605 0.019090 -0.067491 0.122972 -0.061685 -0.019397 0.029798 0.179334 0.009201 0.115247 0.060530 -0.049640 -0.084490 0.037065 -0.063287 -0.024421 0.028693 -0.121229 -0.234748 -0.036389 0.049263 -0.061073 0.082299 0.087336
-0.218291 1.000000 -0.294731 0.172659 -0.259377 -0.165017 -0.496300 0.141193 -0.242710 0.041801 -0.096829 -0.234805 -0.011815 -0.236599 -0.230104 -0.018404 -0.154191 -0.659354 0.410910 0.549348 -0.032671 -0.148383 -0.321919 -0.289262 -0.408521 -0.433248 -0.273291 -0.260779 -0.104774 -0.280095 -0.269488 -0.224737 0.614005 0.487146 0.239128 -0.344417 -0.284856 -0.255568 -0.143532 -0.182903 -0.134345 0.072146 -0.400785 -0.339867 -0.070829 -0.017374 -0.288823 -0.273122 0.024156 0.049902 -0.006198 -0.391898 -0.075880 -0.242465 -0.258235 -0.130746 0.207608 0.847989 0.498949 0.420475 0.611560 0.390833 0.712540 0.610736 0.659858 -0.214863 0.509262 -0.066166 0.474608 0.131923 -0.067422 -0.395627 -0.013161 -0.293360 0.127096 0.130125 -0.024573 -0.250068 -0.335939 -0.563375 -0.233624 -0.477234 -0.233603 -0.008673 -0.483478 -0.717303 -0.129880 0.085826 -0.390624 0.093837 -0.282409 -0.264844 -0.267382 -0.341489 -0.011930 -0.246518 -0.319756 -0.179018 -0.240350 -0.291500 -0.478402 -0.407043 -0.158219 -0.254517 -0.380656 -0.236842 0.161412 0.261434 -0.312300 -0.183815 -0.364155 -0.301076 0.081986 -0.274389 -0.305706 -0.020039
0.116874 -0.294731 1.000000 0.182697 0.121049 0.144394 0.609840 0.256150 0.219317 0.194418 -0.063546 -0.216993 0.102706 -0.103202 0.029700 0.059006 -0.270827 -0.081730 0.202815 0.139207 -0.075132 -0.138585 0.378815 0.184592 0.120231 0.035766 0.000324 0.090149 -0.211116 -0.067791 -0.181550 -0.229368 0.055046 0.046250 0.006683 0.067568 0.088966 0.041848 0.039489 0.054837 0.085565 -0.023426 0.054988 0.056333 0.139750 0.064852 -0.014494 0.037083 0.322203 0.128086 0.084774 0.082568 -0.075694 -0.062382 0.017730 -0.272787 -0.292616 -0.167745 -0.290478 0.044615 -0.303101 0.099311 -0.288059 -0.108538 -0.239353 0.399704 -0.033047 0.223934 -0.257974 -0.082636 -0.279653 -0.154946 -0.099166 -0.098676 -0.040498 -0.052995 -0.231112 -0.265540 -0.240730 -0.171767 -0.176672 -0.167549 0.079976 0.113096 -0.006885 0.110366 -0.088422 -0.060460 0.023712 -0.298651 0.115811 0.020484 0.075776 0.010520 0.052279 -0.039407 0.081943 -0.064132 -0.008993 -0.109469 0.121826 0.087542 -0.059055 0.095833 0.101540 0.135799 -0.216810 -0.350933 0.080424 0.113335 0.143363 -0.021066 -0.072237 0.157938 0.139481 -0.124268
-0.087489 0.172659 0.182697 1.000000 0.435051 0.419078 -0.060183 0.507561 0.261800 0.549576 -0.171651 -0.096635 -0.187832 -0.084181 -0.098116 -0.016412 -0.294188 -0.157653 0.365609 0.260543 0.445050 0.014066 0.251007 0.378393 0.262933 0.177063 0.364863 0.307759 -0.146101 -0.095644 -0.114569 -0.028963 0.177743 -0.001513 0.053270 -0.302817 -0.032778 0.071634 -0.212044 0.136431 -0.060522 -0.002378 -0.079012 -0.113955 0.001792 -0.048210 -0.003124 -0.259652 0.189311 0.176416 0.064725 -0.110852 -0.065334 -0.179289 -0.242422 -0.152663 -0.229231 0.018578 -0.222728 0.034665 0.112678 0.112974 0.128529 0.016448 0.160899 0.101984 0.066423 -0.110238 -0.005604 -0.428697 0.170510 -0.031039 0.098293 -0.034997 0.099837 0.088790 -0.085830 -0.109738 -0.362788 -0.163184 -0.506640 -0.335936 -0.125122 0.009793 -0.215419 -0.300597 0.091666 -0.118200 -0.053404 -0.059765 -0.285243 -0.366302 -0.169628 -0.183653 -0.030091 -0.320138 -0.294941 -0.180571 -0.386122 -0.416390 -0.347629 -0.250313 -0.436051 -0.151134 -0.287637 -0.170284 -0.020387 -0.175814 -0.146429 -0.086717 -0.233273 -0.206976 -0.008830 0.095732 -0.050167 -0.209900
-0.079053 -0.259377 0.121049 0.435051 1.000000 0.777017 -0.099250 0.166553 0.453465 0.649641 -0.368100 -0.168015 -0.394802 -0.319182 0.008252 -0.116088 -0.288030 0.041863 -0.077846 -0.158876 0.660149 -0.126869 0.283659 0.406137 0.752849 0.496455 0.838013 0.805334 -0.253171 -0.181073 -0.095330 -0.211954 -0.322731 -0.395154 -0.138806 -0.080587 0.116730 0.114737 -0.100367 0.392657 0.000764 0.004370 0.095730 -0.025007 -0.039285 -0.076626 0.068235 -0.101253 0.010538 -0.014671 0.033687 0.130562 0.148877 -0.077026 0.026529 0.129453 -0.211205 -0.191309 -0.074885 0.203782 -0.147536 -0.056853 -0.169575 -0.134680 -0.108377 0.193262 0.012623 0.020690 0.049983 -0.165593 0.112928 -0.037909 -0.107945 -0.089873 -0.133742 -0.050454 -0.220015 -0.036703 -0.218019 -0.035809 -0.291904 -0.180477 0.368022 0.333474 0.145437 0.111573 0.190837 -0.045223 0.350984 0.128955 -0.001284 -0.093919 -0.049759 0.139076 -0.105374 -0.131615 -0.102640 -0.060654 -0.217662 -0.063571 0.004206 0.119362 -0.072661 0.279926 0.219833 0.290690 -0.019936 -0.004323 0.165660 -0.019646 0.046839 0.095411 -0.032962 0.121371 0.109675 -0.264167
-0.016066 -0.165017 0.144394 0.419078 0.777017 1.000000 0.056464 0.154270 0.489950 0.794943 -0.335958 -0.203639 -0.217387 -0.256713 0.333292 0.333376 -0.377109 -0.014699 0.218143 0.023366 0.612080 0.179616 0.297296 0.430276 0.610807 0.483761 0.586458 0.595398 -0.137520 0.143107 0.037255 -0.070144 -0.145704 -0.394436 -0.270766 -0.336442 0.410160 0.385471 -0.214162 0.421526 0.231170 0.372891 -0.179612 -0.274753 -0.225859 -0.295895 -0.175530 -0.400530 -0.105603 -0.239418 -0.118426 -0.160741 -0.102062 -0.183686 0.084266 -0.017925 -0.241361 -0.133891 -0.202726 0.217961 -0.228871 -0.017265 -0.103784 -0.084656 -0.192301 0.004931 -0.067619 -0.243343 0.059763 -0.385093 0.185949 0.050911 0.240568 0.227287 0.273175 0.354548 -0.016337 -0.043321 -0.329117 -0.216994 -0.482806 -0.391279 0.334529 0.388182 -0.135887 -0.093907 0.287862 -0.061190 0.015387 0.380776 -0.191350 -0.175759 -0.128051 0.010339 -0.189149 -0.048547 -0.188389 -0.196470 -0.355090 -0.122684 -0.130029 -0.114997 -0.216178 0.242820 0.009356 0.162309 0.096209 -0.107859 -0.084646 -0.172866 -0.161445 -0.243270 0.084718 -0.044335 0.039246 -0.409141
0.296372 -0.496300 0.609840 -0.060183 -0.099250 0.056464 1.000000 0.173436 0.383835 0.131103 0.255683 0.158378 0.403846 0.387489 0.241259 0.338433 0.011823 0.388133 0.093405 -0.066770 -0.263481 0.180258 0.184348 0.131803 0.049599 -0.036238 -0.275156 -0.268306 0.187370 0.433869 0.202060 0.215737 -0.137092 -0.190546 -0.387844 -0.006090 0.331106 0.258789 0.118378 0.061417 0.118352 0.215063 0.035400 -0.046292 -0.066963 -0.129597 0.000321 -0.129551 0.124500 -0.124085 -0.045032 0.157306 -0.167285 0.119074 0.198582 -0.200994 -0.316731 -0.545319 -0.493062 -0.225233 -0.577055 -0.252902 -0.480058 -0.316089 -0.606762 0.053633 -0.539896 -0.198811 -0.425489 -0.242211 -0.027088 0.315665 0.279508 0.323405 0.241687 0.274455 0.233578 0.038968 0.024566 0.212998 0.050838 0.230799 0.109369 0.087697 0.051466 0.257013 -0.014175 0.037257 -0.052357 -0.187411 0.157876 0.129837 0.233346 0.132128 -0.016280 0.214940 0.056857 -0.141476 -0.062131 -0.093241 0.167761 0.100885 0.177960 0.012782 0.089029 0.003027 -0.124679 -0.252399 -0.149467 -0.026275 -0.004937 -0.037750 -0.034100 0.050779 0.166322 -0.086972
-0.024746 0.141193 0.256150 0.507561 0.166553 0.154270 0.173436 1.000000 -0.016441 0.275749 0.091983 0.098764 0.003672 0.287504 -0.291917 -0.098062 -0.040521 -0.106846 -0.006386 0.003419 0.158625 -0.210241 0.060901 0.106182 0.007861 -0.225082 0.144936 0.086033 -0.226100 -0.113875 -0.135894 -0.215977 0.129686 0.222964 0.011234 -0.205281 -0.265169 -0.246412 -0.314185 -0.075769 -0.299487 -0.169405 -0.001175 -0.170416 0.017955 -0.058999 -0.004954 -0.159473 0.268762 0.171753 0.133988 0.004959 0.077204 0.007106 -0.283267 -0.308527 -0.107242 -0.006295 -0.043199 -0.022852 0.182934 0.258985 0.206568 0.263464 0.152933 0.270424 0.020774 0.002390 -0.224388 -0.154066 -0.009077 -0.127960 -0.017767 -0.227290 -0.060371 -0.037949 -0.181976 -0.215810 -0.200720 -0.053680 -0.172671 -0.109499 -0.245229 -0.040726 -0.167416 -0.139052 -0.176117 -0.129115 -0.119711 -0.186417 -0.008214 -0.199011 0.155654 -0.077956 -0.027666 -0.399801 -0.308189 -0.314175 -0.253635 -0.276563 0.003562 -0.071607 0.032957 -0.165022 -0.046933 -0.198882 0.093323 -0.020913 -0.262189 -0.041593 -0.178691 -0.011494 0.119100 -0.015879 -0.084423 -0.186742
0.097074 -0.242710 0.219317 0.261800 0.453465 0.489950 0.383835 -0.016441 1.000000 0.586647 -0.109762 -0.007905 0.016012 -0.079501 0.370745 0.356118 -0.230540 0.188228 0.207551 0.026438 0.066451 0.105136 0.209619 0.240628 0.342710 0.210865 0.071986 0.105375 0.140678 0.267648 0.098958 0.132879 -0.097828 -0.283991 -0.331658 -0.156375 0.503640 0.418662 0.137379 0.261753 0.229770 0.304207 -0.054537 -0.065222 -0.102172 -0.046329 -0.019832 -0.195591 -0.075324 -0.117252 -0.115472 0.015534 -0.164315 -0.113747 0.141276 0.025990 -0.330189 -0.311841 -0.306191 0.036240 -0.337460 -0.238688 -0.297543 -0.298810 -0.374981 -0.035257 -0.290840 -0.199339 -0.122087 -0.299710 0.119448 0.231830 0.244224 0.341196 0.329320 0.402074 0.210905 0.122637 -0.203643 -0.046057 -0.142647 -0.142357 0.391692 0.359552 -0.032531 -0.008189 0.176448 0.108852 -0.093477 0.138883 -0.163341 -0.009579 -0.238506 0.051684 -0.023006 0.105665 0.045652 -0.145528 -0.290240 -0.120261 -0.228504 -0.112860 -0.225808 0.116908 -0.107426 0.060651 -0.241958 -0.169629 -0.151247 -0.180772 -0.081037 -0.095511 -0.180959 0.005216 0.201761 -0.168041
0.042202 0.041801 0.194418 0.549576 0.649641 0.794943 0.131103 0.275749 0.586647 1.000000 -0.279436 -0.258802 -0.170858 -0.244006 0.205060 0.267439 -0.371262 -0.146502 0.406611 0.251117 0.484914 0.074705 0.214722 0.315630 0.468571 0.332070 0.350010 0.380295 0.047332 0.061031 -0.058033 -0.143365 0.044471 -0.222538 -0.314857 -0.434611 0.339717 0.358378 -0.037636 0.453376 0.182827 0.281809 -0.263698 -0.248579 -0.168542 -0.207965 -0.225998 -0.441561 0.022776 -0.112179 -0.155366 -0.131589 -0.187685 -0.241225 -0.006102 -0.005889 -0.260862 -0.045240 -0.184296 0.304129 -0.210646 0.031307 0.010857 0.034876 -0.152073 0.006496 -0.115245 -0.261324 0.010890 -0.343346 0.124242 -0.043799 0.308776 0.138618 0.391385 0.452629 0.044084 -0.094495 -0.387425 -0.287667 -0.398506 -0.399415 0.243147 0.532268 -0.259967 -0.253653 0.248395 0.016327 -0.194717 0.204002 -0.276236 -0.232419 -0.213170 -0.132219 -0.048602 -0.042811 -0.174730 -0.184018 -0.448252 -0.248566 -0.260096 -0.207695 -0.201162 0.081166 -0.112199 0.018548 -0.028347 -0.039631 -0.168560 -0.243443 -0.193033 -0.230805 -0.129074 0.011633 -0.015332 -0.299884
0.364771 -0.096829 -0.063546 -0.171651 -0.368100 -0.335958 0.255683 0.091983 -0.109762 -0.279436 1.000000 0.351588 0.584892 0.398379 0.025977 0.110436 0.685495 0.236757 -0.125182 -0.003324 -0.261683 0.070961 -0.096099 0.023651 -0.176112 -0.108887 -0.355160 -0.321709 0.167586 0.202329 0.390803 0.385635 -0.146326 -0.003003 -0.290633 0.081653 -0.165359 -0.120528 -0.036238 -0.247081 -0.076292 -0.028071 0.022734 0.058065 -0.062089 0.051702 0.000064 0.009090 -0.064300 -0.190954 0.082231 -0.040549 0.112905 0.026201 -0.213869 -0.219367 0.281912 -0.166985 -0.018063 -0.287416 -0.128969 -0.209511 -0.088113 -0.060147 -0.244682 -0.274945 -0.391936 -0.142301 -0.123721 0.198601 0.300134 0.289815 0.066972 0.124044 0.017895 0.050564 0.332086 0.295553 0.139552 0.303681 0.395035 0.226756 -0.093943 -0.167345 0.135531 0.068733 -0.173399 -0.010859 -0.057751 -0.176587 0.111115 0.093646 0.125407 0.026055 -0.050949 0.050067 -0.199910 -0.174965 -0.009738 0.034671 -0.078013 -0.002498 0.099361 -0.326628 -0.180960 -0.203120 0.072344 -0.004061 -0.208341 -0.120377 -0.266679 -0.106529 -0.061710 -0.244330 -0.055563 0.159117
0.246498 -0.234805 -0.216993 -0.096635 -0.168015 -0.203639 0.158378 0.098764 -0.007905 -0.258802 0.351588 1.000000 -0.022757 0.694049 0.058401 0.125078 0.456288 0.572000 -0.307238 -0.404533 -0.091144 0.101644 0.081631 0.237893 -0.044293 -0.068298 -0.051288 -0.219596 0.281275 0.463943 0.181698 0.470179 -0.043947 -0.051948 -0.275871 -0.130734 0.135276 0.148246 -0.000561 -0.201856 0.044763 0.033498 0.027116 -0.093915 -0.226823 -0.047196 0.034503 -0.031199 -0.104885 -0.093413 0.159105 0.208592 0.045635 0.402495 -0.131646 -0.144538 0.195486 -0.365260 -0.172342 -0.490653 0.065744 -0.202501 0.054848 -0.100588 -0.154069 -0.341509 -0.398206 -0.372409 -0.430670 -0.262994 0.380969 0.479149 0.267460 0.414004 0.104624 0.059021 0.422653 0.423132 0.311865 0.435752 0.049124 0.369982 -0.168840 -0.343960 0.100929 0.047751 -0.069824 -0.289366 -0.090376 -0.118098 0.075502 -0.032588 0.034024 0.025826 -0.169189 -0.087671 -0.121630 -0.072927 -0.017693 -0.004273 -0.103632 -0.101436 -0.093739 -0.320245 -0.232829 -0.384029 0.044800 -0.148601 -0.214371 -0.155344 -0.241794 0.045777 0.235975 0.164973 0.150991 -0.089336
-0.080592 -0.011815 0.102706 -0.187832 -0.394802 -0.217387 0.403846 0.003672 0.016012 -0.170858 0.584892 -0.022757 1.000000 0.135007 0.141890 0.188699 0.132668 -0.027976 0.042163 0.058654 -0.452207 0.062534 -0.176765 -0.253036 -0.225908 -0.109039 -0.458498 -0.298016 0.151332 0.111589 0.112454 0.140638 0.004169 0.104272 0.078719 0.119577 0.052159 -0.060892 0.009303 -0.218393 -0.028326 0.082833 -0.086085 0.015143 0.147211 0.095290 -0.076756 -0.006321 0.096884 -0.040641 0.064121 -0.160943 -0.070432 -0.059456 0.092644 -0.089042 -0.191108 -0.032106 0.035317 0.013018 -0.210320 0.007866 -0.107811 0.003098 -0.065155 -0.074676 -0.054688 0.031960 0.016341 0.156551 -0.138050 -0.034671 0.063991 0.048359 0.101328 0.096838 0.130934 -0.072490 0.023392 0.060953 0.306407 0.098671 -0.022272 0.054792 0.081615 0.036450 -0.144376 0.214965 -0.087560 -0.050322 -0.082786 0.019068 -0.064446 -0.139426 -0.000853 0.136872 0.044646 -0.116262 -0.092363 -0.212983 -0.051052 -0.153092 0.091035 -0.208382 -0.027758 -0.097849 0.089935 0.003936 -0.191985 0.004889 -0.038130 -0.154293 -0.230390 -0.240614 -0.193921 0.022941
0.227492 -0.236599 -0.103202 -0.084181 -0.319182 -0.256713 0.387489 0.287504 -0.079501 -0.244006 0.398379 0.694049 0.135007 1.000000 0.085341 0.257926 0.376521 0.604166 -0.191997 -0.338644 -0.173294 0.188381 -0.112172 -0.019997 -0.208154 -0.328629 -0.205220 -0.409816 0.171500 0.646235 0.267904 0.423246 -0.179571 -0.159004 -0.255060 -0.024412 0.031378 0.240390 -0.044368 -0.088679 -0.042541 0.150948 0.046796 -0.148578 -0.252099 -0.294026 0.027366 -0.061172 -0.066163 -0.184374 -0.071725 0.125764 -0.004060 0.377831 -0.010844 -0.189617 0.041357 -0.470339 -0.271096 -0.550050 -0.137380 -0.269396 -0.108281 -0.218796 -0.261104 -0.183856 -0.485712 -0.416284 -0.394500 -0.357732 0.277145 0.536217 0.341410 0.473831 0.190053 0.158204 0.354662 0.332089 0.282852 0.537107 0.030587 0.408421 -0.161935 -0.352081 -0.046521 0.175009 -0.059042 -0.149303 -0.045180 -0.083818 0.094875 0.026885 0.284637 0.176095 -0.126640 -0.001313 -0.119155 -0.099056 -0.048424 -0.005622 0.064548 0.107404 0.040489 -0.161438 -0.083024 -0.177732 0.107289 -0.118900 -0.327873 -0.105062 -0.150166 -0.037367 0.232242 0.143422 0.174273 -0.074381
0.142070 -0.230104 0.029700 -0.098116 0.008252 0.333292 0.241259 -0.291917 0.370745 0.205060 0.025977 0.058401 0.141890 0.085341 1.000000 0.588038 -0.076458 0.220324 0.230586 0.044083 0.040313 0.504322 0.145420 0.119468 0.119698 0.111022 -0.110694 -0.138745 0.393501 0.572266 0.248998 0.316055 -0.033663 -0.238319 -0.319727 -0.215464 0.635360 0.617410 0.188127 0.201815 0.584766 0.603440 -0.272778 -0.140436 -0.195114 -0.236149 -0.218540 -0.301051 -0.292909 -0.285283 -0.304209 -0.202023 -0.359127 -0.095991 0.074920 -0.003385 -0.068820 -0.253194 -0.365883 -0.127805 -0.329776 -0.322466 -0.236510 -0.299210 -0.332299 -0.287120 -0.306044 -0.319641 -0.125786 -0.344119 0.135096 0.297627 0.556423 0.615052 0.587775 0.429413 0.307713 0.146636 -0.086105 0.024236 -0.237189 -0.143616 0.425054 0.203930 -0.121810 0.001579 0.225121 -0.002064 -0.242368 0.185340 -0.203948 0.011100 -0.217990 -0.117315 -0.207064 0.323379 0.009997 -0.010716 -0.158157 0.073656 -0.144679 -0.228749 -0.264729 -0.115024 -0.236768 -0.090173 -0.041590 -0.222889 -0.147349 -0.154070 -0.071020 -0.339165 -0.006476 -0.027823 0.093923 -0.030996
0.048094 -0.018404 0.059006 -0.016412 -0.116088 0.333376 0.338433 -0.098062 0.356118 0.267439 0.110436 0.125078 0.188699 0.257926 0.588038 1.000000 -0.081861 0.102447 0.396253 0.102747 0.016076 0.524794 0.058441 0.075034 -0.105420 -0.022413 -0.291800 -0.359089 0.156755 0.762457 0.216238 0.326620 0.183413 -0.181718 -0.342720 -0.447602 0.644529 0.638714 0.103049 0.107280 0.438608 0.738581 -0.388019 -0.401449 -0.360534 -0.361427 -0.341754 -0.516005 -0.167739 -0.460993 -0.221369 -0.441145 -0.451635 -0.142568 0.180667 -0.111272 -0.074916 -0.070597 -0.351138 -0.128584 -0.340569 -0.086545 -0.041148 -0.122397 -0.318914 -0.418821 -0.336597 -0.619340 -0.081611 -0.520615 0.238303 0.387181 0.595405 0.724221 0.668875 0.699910 0.449132 0.152139 -0.227591 -0.157533 -0.328043 -0.353311 0.096480 0.120900 -0.324600 -0.263350 0.218905 0.141111 -0.393931 0.374244 -0.186002 -0.188081 -0.004465 -0.026964 -0.101054 0.234870 -0.115730 -0.220663 -0.238209 -0.072824 -0.318958 -0.229823 -0.264094 -0.050500 -0.367360 -0.146772 -0.070474 -0.324778 -0.503669 -0.376263 -0.443161 -0.554939 0.148553 -0.082670 0.097789 -0.163656
0.373359 -0.154191 -0.270827 -0.294188 -0.288030 -0.377109 0.011823 -0.040521 -0.230540 -0.371262 0.685495 0.456288 0.132668 0.376521 -0.076458 -0.081861 1.000000 0.373516 -0.286205 -0.187668 -0.154425 0.039425 -0.108238 -0.050722 -0.159629 -0.113496 -0.169803 -0.214435 0.391549 0.162975 0.376803 0.391191 -0.174896 0.009756 -0.216510 0.091428 -0.217323 -0.217672 0.008856 -0.247513 -0.117086 -0.174447 0.056303 0.108831 -0.091926 0.082793 0.073678 0.104967 -0.204396 -0.118885 0.045880 -0.003362 0.131548 0.104801 -0.220409 -0.037069 0.502349 -0.174228 -0.039997 -0.429925 -0.002880 -0.247327 0.046517 0.051797 -0.173325 -0.263061 -0.399985 -0.146527 -0.193011 0.186569 0.399524 0.332825 0.132400 0.116963 -0.024394 -0.031041 0.426080 0.440957 0.532004 0.469842 0.597889 0.431766 0.015123 -0.234541 0.194934 0.082953 -0.135233 -0.124755 -0.052998 -0.204635 0.103580 0.029233 0.041795 0.000244 -0.021072 -0.067703 -0.126941 -0.018884 0.160647 0.289143 -0.004672 0.096744 0.149373 -0.233521 -0.183088 -0.275042 0.049531 0.084087 -0.138983 -0.065847 -0.188952 0.095024 0.024608 -0.168738 0.004709 0.209268
0.388544 -0.659354 -0.081730 -0.157653 0.041863 -0.014699 0.388133 -0.106846 0.188228 -0.146502 0.236757 0.572000 -0.027976 0.604166 0.220324 0.102447 0.373516 1.000000 -0.241210 -0.364678 0.016689 0.201122 -0.025353 0.214822 0.268972 0.164666 0.097102 -0.066820 0.316351 0.598544 0.594612 0.626941 -0.518086 -0.477080 -0.468462 0.184654 0.152074 0.297309 0.032279 -0.018868 0.029494 0.077140 0.210600 0.062332 -0.290674 -0.217483 0.163983 0.036733 -0.356281 -0.309793 -0.237255 0.259159 0.026189 0.273256 0.164799 0.042080 -0.061500 -0.734552 -0.471730 -0.543346 -0.403005 -0.622493 -0.543565 -0.566683 -0.658835 -0.205089 -0.666401 -0.286981 -0.390937 -0.278340 0.516710 0.756514 0.274969 0.536141 0.075296 0.106947 0.421143 0.619766 0.370014 0.808815 0.164692 0.614577 0.071056 -0.190708 0.223998 0.444259 0.230697 -0.079097 0.155174 -0.112128 0.060274 0.161945 0.071783 0.247255 -0.084892 0.167748 0.127679 0.142332 0.064907 0.239463 0.222446 0.292328 0.068284 0.156053 0.172301 0.130573 -0.094445 -0.219248 0.046783 0.133046 0.062860 0.235766 0.017919 0.209101 0.298422 0.032753
0.271372 0.410910 0.202815 0.365609 -0.077846 0.218143 0.093405 -0.006386 0.207551 0.406611 -0.125182 -0.307238 0.042163 -0.191997 0.230586 0.396253 -0.286205 -0.241210 1.000000 0.823521 0.030782 0.163508 -0.277118 -0.079357 -0.078757 -0.036405 -0.254523 -0.266521 0.109563 0.200424 0.027930 0.051927 0.477761 0.065250 -0.197032 -0.444831 0.172763 0.289029 0.006722 0.063332 0.128228 0.418887 -0.514979 -0.435853 -0.332956 -0.292547 -0.451998 -0.525896 -0.096704 -0.197902 -0.450976 -0.446237 -0.434525 -0.383813 0.032020 -0.144519 -0.088950 0.365726 -0.083667 0.377295 0.021890 0.139718 0.115133 0.153952 -0.084265 -0.095656 0.038764 -0.301544 0.193043 -0.363797 0.089695 -0.000365 0.296886 0.199543 0.458217 0.476892 0.257054 -0.012232 -0.355662 -0.400727 -0.401816 -0.444062 -0.025123 0.088790 -0.573310 -0.540533 0.159963 0.094629 -0.417579 0.062447 -0.548787 -0.354087 -0.396350 -0.364160 0.042803 -0.052604 -0.186495 -0.055693 -0.369132 -0.251267 -0.410684 -0.326581 -0.270143 -0.060473 -0.325025 -0.052354 0.010617 -0.093306 -0.303326 -0.226409 -0.379124 -0.464687 -0.051274 -0.150286 -0.092290 -0.079363
0.308671 0.549348 0.139207 0.260543 -0.158876 0.023366 -0.066770 0.003419 0.026438 0.251117 -0.003324 -0.404533 0.058654 -0.338644 0.044083 0.102747 -0.187668 -0.364678 0.823521 1.000000 -0.026580 -0.014822 -0.256918 -0.062890 -0.164652 -0.073748 -0.257154 -0.186706 0.040239 -0.118275 0.099670 0.022347 0.403718 0.193220 -0.175723 -0.291724 -0.117557 -0.054240 0.030849 -0.025709 0.032762 0.165911 -0.426181 -0.301446 -0.229211 -0.206405 -0.306471 -0.320829 -0.099689 -0.157560 -0.431594 -0.356321 -0.201636 -0.386120 -0.054724 -0.167692 0.045437 0.476356 0.083305 0.392620 0.144841 0.107413 0.130420 0.177887 0.016861 -0.087982 0.093956 -0.098541 0.351171 0.056193 0.090487 -0.107881 0.051862 -0.122475 0.213739 0.193557 0.120995 -0.070349 -0.401639 -0.447802 -0.228583 -0.431551 -0.054360 0.074164 -0.469638 -0.504978 0.065335 0.065396 -0.292007 -0.094305 -0.314479 -0.243086 -0.339687 -0.418036 -0.012822 -0.023639 -0.163273 -0.024284 -0.233466 -0.198855 -0.348797 -0.289117 -0.219812 -0.140585 -0.231389 0.023632 -0.043068 0.087031 -0.115464 -0.156200 -0.291485 -0.295551 -0.174922 -0.241883 -0.260085 0.034852
-0.043125 -0.032671 -0.075132 0.445050 0.660149 0.612080 -0.263481 0.158625 0.066451 0.484914 -0.261683 -0.091144 -0.452207 -0.173294 0.040313 0.016076 -0.154425 0.016689 0.030782 -0.026580 1.000000 0.228765 0.204657 0.465760 0.621757 0.415419 0.697382 0.502660 -0.058519 0.006817 0.072800 -0.018467 -0.135740 -0.311345 -0.181160 -0.205726 0.121994 0.181290 -0.205470 0.303344 0.055579 0.090724 0.000643 -0.098685 -0.139110 -0.149299 0.046135 -0.260779 -0.085227 -0.069485 0.030928 -0.009372 0.098472 -0.169141 -0.166082 -0.048193 0.005651 -0.041393 -0.158627 -0.008997 -0.054559 -0.061163 -0.004458 -0.053899 -0.037459 -0.085230 -0.089679 -0.219254 0.049129 -0.309078 0.389479 0.092238 0.124276 0.088386 0.047907 0.116768 -0.067196 0.123973 -0.200005 -0.031376 -0.352428 -0.204140 0.049984 0.023626 0.073406 -0.090000 0.239411 -0.116513 0.153273 0.049026 -0.023282 -0.204971 0.055546 0.009579 -0.001561 -0.143589 -0.380876 -0.133229 -0.218520 -0.150804 -0.155152 0.043416 -0.259632 0.038676 -0.129052 0.060575 -0.003501 -0.106264 -0.045681 -0.027301 -0.219723 -0.136179 0.158113 0.016560 0.076003 -0.140639
-0.014496 -0.148383 -0.138585 0.014066 -0.126869 0.179616 0.180258 -0.210241 0.105136 0.074705 0.070961 0.101644 0.062534 0.188381 0.504322 0.524794 0.039425 0.201122 0.163508 -0.014822 0.228765 1.000000 0.183267 0.156164 -0.038376 0.119013 -0.115964 -0.247043 0.363239 0.591437 0.332924 0.464748 -0.014351 -0.243916 -0.323678 -0.291758 0.530226 0.476207 0.019057 0.140415 0.438169 0.580137 -0.190832 -0.118926 -0.230776 -0.273135 -0.007698 -0.321797 -0.310814 -0.341141 -0.139517 -0.305323 -0.126065 0.028555 0.112148 0.132851 -0.053747 -0.206271 -0.422312 -0.326689 -0.298280 -0.248367 -0.146379 -0.202710 -0.284508 -0.449710 -0.401639 -0.527161 -0.170895 -0.463428 0.365845 0.444763 0.639173 0.633643 0.621424 0.488457 0.409389 0.268009 0.127726 0.049472 -0.095937 -0.045117 0.077668 -0.229193 -0.003027 -0.002091 0.155406 -0.043129 -0.166269 0.180718 -0.065600 -0.160132 0.075395 -0.114774 -0.010564 0.162985 -0.138826 -0.021382 -0.061078 0.012032 -0.245223 -0.267523 -0.250282 -0.218445 -0.332809 -0.154396 0.112735 -0.151937 -0.292697 -0.192880 -0.240960 -0.272095 0.218322 -0.186388 0.088200 -0.008137
-0.096633 -0.321919 0.378815 0.251007 0.283659 0.297296 0.184348 0.060901 0.209619 0.214722 -0.096099 0.081631 -0.176765 -0.112172 0.145420 0.058441 -0.108238 -0.025353 -0.277118 -0.256918 0.204657 0.183267 1.000000 0.649359 0.195368 0.290595 0.282863 0.373939 0.007350 -0.008578 -0.069847 0.070751 -0.050229 -0.050307 -0.045772 -0.113475 0.304027 0.109513 0.009484 0.115146 0.261482 -0.011670 0.112635 0.124181 0.126040 0.057018 0.166353 0.038670 0.124194 0.068392 0.423685 0.084530 0.143736 0.217570 -0.113255 -0.124484 -0.071505 -0.264161 -0.385795 -0.346217 -0.195987 -0.076560 -0.052515 -0.140600 -0.033783 -0.042589 -0.186398 -0.050545 -0.236812 -0.108220 0.074688 0.024101 0.120110 0.087279 0.087993 -0.012859 -0.049089 -0.122848 -0.131912 -0.099130 -0.205747 -0.174259 0.164068 0.071439 0.245714 0.077071 0.106692 -0.287682 0.142445 -0.046252 0.312931 0.021343 0.138397 0.000427 -0.065833 -0.044672 -0.084792 -0.119389 0.064742 -0.064837 -0.104029 -0.133756 -0.305535 -0.119254 -0.220840 -0.188421 -0.168731 -0.310463 0.024480 -0.025699 -0.000519 0.023147 0.033016 0.180745 0.121709 -0.258334
0.159327 -0.289262 0.184592 0.378393 0.406137 0.430276 0.131803 0.106182 0.240628 0.315630 0.023651 0.237893 -0.253036 -0.019997 0.119468 0.075034 -0.050722 0.214822 -0.079357 -0.062890 0.465760 0.156164 0.649359 1.000000 0.491335 0.517639 0.425639 0.413886 -0.056026 0.103393 0.108889 0.290455 -0.028449 -0.196664 -0.311198 -0.245033 0.260851 0.176906 -0.216302 0.102371 0.086308 0.004220 -0.082437 -0.173771 -0.231058 -0.181102 0.016910 -0.283168 -0.024570 -0.147049 0.205139 0.052563 0.065907 0.064614 -0.142440 -0.276001 -0.022715 -0.280318 -0.414955 -0.297813 -0.107803 -0.121386 -0.089181 -0.159129 -0.171115 -0.110758 -0.342007 -0.243002 -0.231866 -0.225211 0.398570 0.333680 0.040087 0.229850 0.006211 0.146928 0.175442 0.241683 -0.237722 0.070167 -0.341551 -0.091779 -0.013718 -0.036157 0.132996 -0.032802 0.182026 -0.308676 0.151475 0.012389 0.165835 -0.020702 0.116906 0.098103 -0.162033 -0.128488 -0.373235 -0.289964 -0.197030 -0.207293 -0.154581 -0.001207 -0.302827 -0.074339 -0.199889 -0.110344 -0.075401 -0.279154 -0.051424 -0.108560 -0.295404 -0.063340 0.061508 0.077182 0.031479 -0.224973
0.106155 -0.408521 0.120231 0.262933 0.752849 0.610807 0.049599 0.007861 0.342710 0.468571 -0.176112 -0.044293 -0.225908 -0.208154 0.119698 -0.105420 -0.159629 0.268972 -0.078757 -0.164652 0.621757 -0.038376 0.195368 0.491335 1.000000 0.712001 0.675203 0.624417 -0.102931 -0.018134 0.109786 -0.026646 -0.356472 -0.411571 -0.235026 0.127495 0.125585 0.164480 -0.182058 0.233819 -0.062524 -0.060334 0.095379 0.001308 -0.025979 -0.016467 0.043094 -0.097663 -0.011901 0.005322 -0.017750 0.252175 0.048487 -0.074217 -0.020427 0.038140 -0.204772 -0.344008 -0.238229 0.051347 -0.299348 -0.238891 -0.360014 -0.241789 -0.312619 0.191145 -0.201442 0.042817 -0.050895 -0.167172 0.188426 0.107580 -0.077616 0.034579 -0.123433 0.023128 -0.030131 0.204191 -0.125292 0.210532 -0.178205 0.123618 0.264272 0.231365 0.245259 0.248202 0.194465 -0.032440 0.373024 -0.065093 0.002203 -0.070619 -0.021772 0.123758 0.006581 -0.057466 -0.207513 -0.012427 -0.180124 -0.095367 0.038263 0.177992 0.008135 0.263125 0.222267 0.292869 -0.100386 -0.138302 0.187870 0.160673 0.030602 0.112348 -0.090576 0.050139 0.165094 -0.138436
0.071057 -0.433248 0.035766 0.177063 0.496455 0.483761 -0.036238 -0.225082 0.210865 0.332070 -0.108887 -0.068298 -0.109039 -0.328629 0.111022 -0.022413 -0.113496 0.164666 -0.036405 -0.073748 0.415419 0.119013 0.290595 0.517639 0.712001 1.000000 0.482127 0.566601 -0.027940 -0.020116 0.147438 0.155339 -0.254301 -0.326533 -0.165823 0.074112 0.191460 0.233858 -0.092221 0.200229 0.097614 -0.049516 0.045054 0.102982 0.093216 0.082300 0.095359 0.007406 0.016977 0.021812 0.031074 0.099186 -0.020867 -0.088423 0.083735 0.177480 -0.157564 -0.301922 -0.276828 0.003971 -0.325171 -0.166876 -0.338274 -0.289720 -0.283880 0.104928 -0.197144 0.047243 -0.040249 -0.085198 0.201415 0.164816 -0.046986 0.114262 -0.071989 -0.006802 0.059930 0.236971 -0.062468 0.087856 -0.084838 0.050358 0.189894 0.170824 0.215013 0.235038 0.218120 -0.093075 0.275491 0.040613 -0.017958 -0.131115 -0.064901 -0.048083 -0.005841 0.012330 -0.018974 0.096921 -0.021385 -0.046835 -0.011597 0.021235 -0.117536 0.115312 0.130452 0.140903 -0.149026 -0.148547 0.240938 -0.001432 0.045441 0.033779 -0.241958 0.067937 -0.009899 -0.143835
-0.152266 -0.273291 0.000324 0.364863 0.838013 0.586458 -0.275156 0.144936 0.071986 0.350010 -0.355160 -0.051288 -0.458498 -0.205220 -0.110694 -0.291800 -0.169803 0.097102 -0.254523 -0.257154 0.697382 -0.115964 0.282863 0.425639 0.675203 0.482127 1.000000 0.882311 -0.284011 -0.240422 -0.107661 -0.188226 -0.308440 -0.282802 0.036900 0.024042 -0.093262 -0.041193 -0.199922 0.305375 -0.121466 -0.188741 0.141072 -0.012361 -0.009106 -0.099672 0.131472 -0.009376 0.016730 0.056655 0.115463 0.165601 0.244428 0.044892 -0.006135 0.085302 -0.106090 -0.176116 -0.045516 0.031786 -0.002197 0.013202 -0.074337 -0.089658 0.039493 0.198524 0.071360 0.063775 0.009069 -0.151066 0.097524 -0.059231 -0.202990 -0.202854 -0.357249 -0.297774 -0.319812 -0.067265 -0.091206 0.080266 -0.239739 -0.061151 0.189263 0.089263 0.277279 0.163430 0.114169 -0.210088 0.495624 0.065896 0.093130 -0.102211 0.022053 0.145801 -0.128872 -0.248167 -0.137983 -0.029623 -0.068939 -0.060769 0.059406 0.226170 -0.113230 0.204323 0.251082 0.258357 0.049031 -0.015251 0.240426 0.073131 0.082417 0.141915 0.027053 0.140168 0.055600 -0.215793
-0.152344 -0.260779 0.090149 0.307759 0.805334 0.595398 -0.268306 0.086033 0.105375 0.380295 -0.321709 -0.219596 -0.298016 -0.409816 -0.138745 -0.359089 -0.214435 -0.066820 -0.266521 -0.186706 0.502660 -0.247043 0.373939 0.413886 0.624417 0.566601 0.882311 1.000000 -0.316719 -0.439089 -0.185087 -0.291522 -0.320680 -0.220342 0.126118 0.067261 -0.104665 -0.132728 -0.155314 0.301650 -0.126441 -0.285494 0.149880 0.092858 0.098476 0.004406 0.130235 0.080860 0.076635 0.094922 0.170384 0.142186 0.285436 -0.003174 0.057207 0.131774 -0.107249 -0.112953 0.070540 0.165135 -0.029626 0.083277 -0.081676 -0.057158 0.093293 0.311346 0.174281 0.235119 0.138064 0.077127 -0.033462 -0.226855 -0.335811 -0.333281 -0.398956 -0.338277 -0.359365 -0.160960 -0.176488 -0.040003 -0.150383 -0.125728 0.238152 0.253759 0.275292 0.139558 0.111131 -0.190014 0.519342 0.123644 0.125795 -0.051204 -0.024474 0.077173 -0.123445 -0.195358 -0.039514 -0.012335 0.004385 -0.054411 0.106168 0.161515 -0.035697 0.241593 0.316361 0.283670 0.057207 0.073222 0.324978 0.083063 0.154669 0.165659 -0.128892 0.101305 -0.086655 -0.235831
0.231961 -0.104774 -0.211116 -0.146101 -0.253171 -0.137520 0.187370 -0.226100 0.140678 0.047332 0.167586 0.281275 0.151332 0.171500 0.393501 0.156755 0.391549 0.316351 0.109563 0.040239 -0.058519 0.363239 0.007350 -0.056026 -0.102931 -0.027940 -0.284011 -0.316719 1.000000 0.368360 0.331048 0.422135 0.070649 0.011424 -0.317983 -0.220799 0.402375 0.220449 0.223769 -0.065926 0.239623 0.104616 -0.099105 0.093251 -0.154397 -0.029323 0.004625 -0.095634 -0.343118 -0.126928 -0.162379 -0.051743 -0.155299 0.045141 -0.055685 0.088032 0.106990 -0.186814 -0.270557 -0.250567 -0.207020 -0.276404 -0.054074 -0.068963 -0.262116 -0.412404 -0.430681 -0.347176 -0.233429 -0.130743 0.286470 0.237835 0.623031 0.436125 0.489624 0.332959 0.497153 0.295444 0.356581 0.303678 0.349784 0.309846 0.065181 0.016227 0.092477 -0.039260 0.133551 -0.119899 -0.382294 -0.172997 -0.202328 -0.064832 -0.314866 -0.309408 0.213814 0.200274 0.023713 0.126973 -0.007273 -0.003901 -0.187900 -0.256297 -0.092044 -0.295259 -0.397377 -0.414051 -0.121711 -0.035796 -0.249902 -0.028574 -0.095419 -0.043816 -0.168776 -0.086407 0.043028 0.175753
0.263340 -0.280095 -0.067791 -0.095644 -0.181073 0.143107 0.433869 -0.113875 0.267648 0.061031 0.202329 0.463943 0.111589 0.646235 0.572266 0.762457 0.162975 0.598544 0.200424 -0.118275 0.006817 0.591437 -0.008578 0.103393 -0.018134 -0.020116 -0.240422 -0.439089 0.368360 1.000000 0.430253 0.590524 -0.050291 -0.326333 -0.488544 -0.281515 0.576815 0.717603 0.064648 0.043455 0.382660 0.645258 -0.233669 -0.335146 -0.444083 -0.441681 -0.194307 -0.369802 -0.348868 -0.497826 -0.336542 -0.219339 -0.339290 0.096975 0.161914 -0.085729 -0.027390 -0.411293 -0.505810 -0.451051 -0.377734 -0.393649 -0.223412 -0.332146 -0.529472 -0.474437 -0.618869 -0.690386 -0.299839 -0.622588 0.441894 0.688743 0.727385 0.909922 0.652162 0.619317 0.620789 0.471706 0.110809 0.342185 -0.185887 0.117353 0.073697 -0.154726 -0.171990 0.016440 0.250113 -0.066824 -0.273337 0.171949 -0.124265 -0.111184 0.024605 0.059755 -0.103336 0.232964 -0.081148 -0.036364 -0.153038 0.042418 -0.204226 -0.092412 -0.210665 -0.057701 -0.285726 -0.124651 -0.065319 -0.321078 -0.430838 -0.247895 -0.307824 -0.306433 0.182364 0.076178 0.282129 -0.136458
0.403879 -0.269488 -0.181550 -0.114569 -0.095330 0.037255 0.202060 -0.135894 0.098958 -0.058033 0.390803 0.181698 0.112454 0.267904 0.248998 0.216238 0.376803 0.594612 0.027930 0.099670 0.072800 0.332924 -0.069847 0.108889 0.109786 0.147438 -0.107661 -0.185087 0.331048 0.430253 1.000000 0.787510 -0.408130 -0.302023 -0.528720 0.183384 0.002884 0.055306 -0.077714 -0.145403 0.021500 0.214396 0.081753 0.059764 -0.228809 -0.209449 0.105454 -0.091689 -0.442958 -0.382478 -0.308098 0.020437 0.012757 -0.051290 0.076699 -0.037170 0.049596 -0.411522 -0.332509 -0.329097 -0.382270 -0.672483 -0.431293 -0.406898 -0.565063 -0.317086 -0.597531 -0.307589 0.015014 -0.038476 0.661529 0.664800 0.348082 0.360976 0.247558 0.238602 0.424171 0.521685 0.201464 0.465751 0.259769 0.316915 0.125681 -0.080254 0.070460 0.178603 0.261604 0.140449 -0.035312 -0.140592 -0.102276 0.002293 -0.066326 0.000619 -0.093397 0.287200 0.039502 0.055024 -0.075805 0.144407 0.043924 0.101747 -0.023109 -0.021063 -0.023843 0.050867 -0.124929 -0.155675 -0.014767 0.177286 -0.082972 -0.060979 -0.134763 -0.246072 -0.039820 0.105470
0.287682 -0.224737 -0.229368 -0.028963 -0.211954 -0.070144 0.215737 -0.215977 0.132879 -0.143365 0.385635 0.470179 0.140638 0.423246 0.316055 0.326620 0.391191 0.626941 0.051927 0.022347 -0.018467 0.464748 0.070751 0.290455 -0.026646 0.155339 -0.188226 -0.291522 0.422135 0.590524 0.787510 1.000000 -0.145113 -0.172255 -0.443604 -0.038045 0.204287 0.214151 0.003582 -0.201469 0.145274 0.324080 -0.117334 -0.106960 -0.289296 -0.202688 0.060939 -0.195355 -0.403860 -0.355599 -0.176479 -0.118027 -0.071518 0.094066 0.064709 -0.049356 0.025099 -0.395961 -0.450340 -0.518774 -0.244277 -0.569717 -0.234860 -0.321490 -0.404439 -0.496835 -0.629390 -0.485692 -0.191031 -0.255237 0.703083 0.801449 0.465091 0.578704 0.367602 0.328401 0.655059 0.629776 0.212391 0.432048 0.139229 0.274481 0.074960 -0.204941 0.045526 0.008657 0.194962 0.010763 -0.126252 -0.122782 -0.144632 -0.094980 -0.129592 -0.089721 -0.180992 0.194590 -0.044249 -0.022709 -0.082743 0.027192 -0.208833 -0.123562 -0.212124 -0.264835 -0.275928 -0.232176 -0.096461 -0.221197 -0.186297 -0.047565 -0.245919 -0.081304 -0.054656 -0.108588 -0.047494 -0.004231
-0.141819 0.614005 0.055046 0.177743 -0.322731 -0.145704 -0.137092 0.129686 -0.097828 0.044471 -0.146326 -0.043947 0.004169 -0.179571 -0.033663 0.183413 -0.174896 -0.518086 0.477761 0.403718 -0.135740 -0.014351 -0.050229 -0.028449 -0.356472 -0.254301 -0.308440 -0.320680 0.070649 -0.050291 -0.408130 -0.145113 1.000000 0.744327 0.197579 -0.519683 0.092516 -0.036984 -0.060620 -0.205021 0.020843 0.131385 -0.568621 -0.467583 -0.111280 0.019051 -0.434800 -0.443305 0.117959 0.101406 0.045730 -0.442670 -0.348829 -0.184907 -0.119052 -0.281085 0.108330 0.620727 0.133255 0.178255 0.539182 0.582455 0.691625 0.674658 0.463571 -0.132772 0.285097 -0.159091 -0.079351 -0.212028 -0.201823 -0.305822 0.142294 0.004628 0.208596 0.248435 0.090537 -0.213185 -0.308131 -0.500699 -0.254656 -0.447962 -0.284782 -0.054283 -0.394721 -0.685937 -0.082418 -0.060453 -0.506709 0.001527 -0.318473 -0.358176 -0.312030 -0.393325 0.036657 -0.269359 -0.294345 -0.294882 -0.169645 -0.375281 -0.507851 -0.418848 -0.247047 -0.358743 -0.522434 -0.507865 -0.075631 -0.136468 -0.412383 -0.224205 -0.427960 -0.302858 0.044880 -0.110612 -0.194291 -0.159721
-0.213879 0.487146 0.046250 -0.001513 -0.395154 -0.394436 -0.190546 0.222964 -0.283991 -0.222538 -0.003003 -0.051948 0.104272 -0.159004 -0.238319 -0.181718 0.009756 -0.477080 0.065250 0.193220 -0.311345 -0.243916 -0.050307 -0.196664 -0.411571 -0.326533 -0.282802 -0.220342 0.011424 -0.326333 -0.302023 -0.172255 0.744327 1.000000 0.444446 -0.043081 -0.273729 -0.417013 -0.128864 -0.392569 -0.187123 -0.237964 -0.303140 -0.152087 0.234891 0.315644 -0.214523 -0.061468 0.140498 0.344546 0.126658 -0.232588 -0.143281 -0.109398 -0.198805 -0.173962 0.094712 0.482316 0.230930 0.080597 0.538698 0.472408 0.601154 0.651599 0.523145 0.085813 0.316139 0.228183 -0.126327 0.169508 -0.320276 -0.441670 -0.111758 -0.326550 -0.099656 -0.116550 -0.112234 -0.251430 -0.113008 -0.285625 0.157545 -0.149747 -0.250450 -0.019233 -0.128417 -0.414519 -0.294919 -0.010394 -0.345928 -0.220119 -0.100286 -0.273545 -0.259855 -0.382613 0.068945 -0.309054 -0.147124 -0.234746 0.051411 -0.293581 -0.301124 -0.334196 -0.066623 -0.358134 -0.288337 -0.472647 -0.144075 -0.031296 -0.225876 -0.001109 -0.133719 -0.027296 -0.113636 -0.147404 -0.250334 -0.023756
-0.623213 0.239128 0.006683 0.053270 -0.138806 -0.270766 -0.387844 0.011234 -0.331658 -0.314857 -0.290633 -0.275871 0.078719 -0.255060 -0.319727 -0.342720 -0.216510 -0.468462 -0.197032 -0.175723 -0.181160 -0.323678 -0.045772 -0.311198 -0.235026 -0.165823 0.036900 0.126118 -0.317983 -0.488544 -0.528720 -0.443604 0.197579 0.444446 1.000000 0.372761 -0.305656 -0.345538 -0.116665 -0.200451 -0.224045 -0.361028 0.164089 0.261133 0.491517 0.362976 0.109306 0.315902 0.322084 0.473549 0.291499 -0.078303 0.004387 -0.006734 -0.079141 0.181871 -0.086276 0.347618 0.281312 0.114038 0.334777 0.448205 0.339230 0.282464 0.695987 0.370412 0.659093 0.487791 0.141120 0.178083 -0.498458 -0.586608 -0.425515 -0.465573 -0.393808 -0.399640 -0.439824 -0.440469 0.082694 -0.173604 0.080214 -0.052020 -0.201710 -0.076224 0.087958 -0.056066 -0.320293 0.047802 0.106444 0.033966 -0.033443 -0.109168 -0.088233 -0.071157 0.118492 -0.250061 0.109465 0.096518 0.142906 -0.109933 0.041575 -0.060438 -0.076958 0.013863 0.068124 -0.069245 0.050106 0.039646 0.118883 0.234332 0.317383 0.059413 -0.019723 0.054933 -0.171537 0.028661
-0.082813 -0.344417 0.067568 -0.302817 -0.080587 -0.336442 -0.006090 -0.205281 -0.156375 -0.434611 0.081653 -0.130734 0.119577 -0.024412 -0.215464 -0.447602 0.091428 0.184654 -0.444831 -0.291724 -0.205726 -0.291758 -0.113475 -0.245033 0.127495 0.074112 0.024042 0.067261 -0.220799 -0.281515 0.183384 -0.038045 -0.519683 -0.043081 0.372761 1.000000 -0.385315 -0.359144 -0.007828 -0.181119 -0.242507 -0.420815 0.588095 0.614624 0.524766 0.410501 0.381549 0.630067 0.179968 0.290908 0.085575 0.496254 0.170263 0.014928 0.005535 0.165405 -0.187529 -0.321395 0.081169 -0.048369 -0.193655 -0.309303 -0.465615 -0.386111 -0.095609 0.437692 0.109623 0.627137 0.069076 0.396768 -0.254332 -0.073875 -0.480299 -0.361958 -0.519109 -0.504366 -0.344457 -0.038109 0.341377 0.364061 0.466815 0.475542 0.100878 -0.008291 0.405883 0.597117 -0.188626 0.221377 0.387198 -0.289495 0.189778 0.182463 0.122856 0.164752 0.076028 0.146717 0.308661 0.228455 0.221571 0.175388 0.440840 0.341676 0.207249 0.184531 0.449290 0.329357 -0.104251 0.019045 0.467667 0.476277 0.637537 0.273901 -0.252381 -0.039182 0.002183 0.268223
