1.000000 0.174911 0.033609 0.217193 0.076535 0.123402 0.033950 -0.074353 -0.165151 -0.056610 0.038096 -0.106282 -0.015241 -0.201720 -0.080045 0.186488 0.285525 0.068070 0.434578 0.379710 -0.006924 0.080304 -0.063849 0.049401 -0.285553 -0.229174 0.181883 0.284212 0.089068 -0.080281 -0.418075 -0.297853 0.201331 -0.029714 0.016542 -0.209478 0.022013 0.075378 0.002169 -0.187069 0.212287 0.259252 -0.253356 -0.205626 0.009532 -0.339148 -0.077666 -0.157871 -0.232969 -0.151830 -0.322255 -0.146676 0.122391 -0.131354 0.197392 -0.050092 0.653266 0.213338 0.385924 0.179841 0.531427 0.064433 0.228093 0.217653 0.100941 -0.108979 0.317321 -0.297095 0.372285 -0.117555 -0.225004 -0.194042 0.048912 -0.114552 0.057125 -0.046977 0.021937 -0.196268 -0.032682 -0.039827 0.236333 0.020079 -0.127697 0.271919 -0.137635 -0.226432 -0.139164 -0.111282 0.134635 0.337733 -0.009652 0.076686 0.029819 -0.014860 -0.303993 -0.410143 -0.237066 -0.172939 -0.203064 0.225421 -0.149651 0.034531 -0.083056 0.034706 -0.136714 -0.018059 0.163061 -0.188633 -0.280691 -0.308607 -0.293926 -0.139826 0.113414 -0.049245 0.076475 0.047524
0.174911 1.000000 -0.088940 0.124870 -0.000673 -0.141795 -0.162784 -0.119699 -0.113795 -0.197939 -0.167286 -0.098561 -0.226812 -0.352401 -0.153711 -0.051433 0.162227 0.407311 0.376231 0.411368 0.044028 0.098614 -0.222009 -0.166104 -0.244917 -0.171256 0.006442 0.005039 0.054695 -0.021653 -0.198874 -0.112479 0.289428 0.167612 0.043030 -0.091257 0.034386 0.111053 -0.177698 -0.152404 0.162169 0.297142 -0.263219 -0.296645 0.000554 -0.334888 -0.049089 -0.215441 -0.135298 -0.185335 -0.297828 -0.323135 0.115729 -0.305284 0.067129 -0.072726 0.307749 0.732995 0.227011 0.322930 0.276777 0.267957 0.407812 0.624699 0.133581 -0.085061 0.305705 -0.326701 0.350134 -0.001290 -0.225028 -0.162377 0.068827 0.020251 0.134248 0.005440 0.005702 0.131918 0.076537 0.062297 0.385272 0.425370 -0.192822 0.200990 -0.209577 -0.184769 -0.173949 -0.078913 0.064117 0.066462 -0.223989 -0.373107 -0.166851 -0.129229 -0.028141 -0.270090 -0.165626 -0.120948 -0.179832 -0.041263 -0.075117 0.166325 -0.041420 -0.056893 0.159787 -0.064036 -0.036789 -0.144421 -0.014961 -0.106024 -0.248160 -0.235585 -0.056429 -0.093189 0.036598 0.178440
0.033609 -0.088940 1.000000 0.248389 0.250059 0.249535 0.818295 0.456314 0.100410 -0.064117 0.221863 0.124163 0.404601 0.081070 -0.150830 -0.148440 -0.089941 -0.231673 -0.108719 -0.230341 -0.015525 0.211621 0.450357 0.265435 0.337533 0.380878 0.172824 0.165781 -0.287910 -0.348418 0.087936 -0.020228 0.100523 0.227612 0.099274 0.291898 -0.263039 -0.221712 -0.029965 0.075632 -0.011832 0.054952 -0.199725 -0.165925 0.159734 0.125388 -0.353348 -0.151110 0.332584 -0.061103 0.228533 -0.105589 -0.124543 -0.169773 -0.008902 -0.088619 -0.024379 -0.136025 0.167850 -0.003569 0.216888 0.127027 -0.152076 -0.222897 0.420253 0.322284 0.043369 0.333600 0.060718 -0.000023 -0.266321 -0.013603 -0.282528 -0.233118 -0.490131 -0.188700 -0.202169 -0.091191 -0.142092 -0.236286 -0.285944 -0.310135 0.060226 -0.205455 -0.258747 -0.184020 -0.212505 0.123788 0.284391 0.268991 -0.209230 0.116043 0.001787 -0.061661 -0.107679 -0.300802 -0.077281 -0.231315 -0.205941 -0.090281 0.031127 -0.256576 -0.141965 -0.127204 -0.159974 -0.404174 0.065770 -0.034368 -0.260919 -0.113827 -0.177244 -0.307498 -0.167348 0.048080 -0.280530 -0.206243
0.217193 0.124870 0.248389 1.000000 0.203228 0.506810 0.193888 0.433997 -0.141960 0.181134 -0.332841 -0.141280 -0.299527 -0.230363 -0.271989 0.271483 -0.234533 -0.104419 0.330139 0.160069 0.111734 0.095306 0.104012 0.331377 -0.213891 -0.070431 0.390861 0.511082 -0.452057 -0.261592 -0.237333 -0.178741 0.240530 0.007209 0.179300 -0.134984 -0.357016 0.237958 -0.054387 -0.037072 0.047178 0.417872 -0.169039 0.012504 -0.027746 -0.195703 0.016120 0.052795 -0.071041 -0.037350 -0.101806 -0.049081 -0.087025 -0.099539 0.198867 0.162661 0.446099 0.123849 0.257947 0.241250 0.096796 0.000969 -0.088327 -0.012772 -0.041698 0.046378 0.339669 -0.051135 0.514987 -0.114901 -0.339569 -0.122512 -0.390151 -0.038921 -0.097037 0.045519 -0.199641 0.054732 -0.152872 -0.083878 -0.058523 -0.068094 -0.149872 0.192979 -0.226966 -0.043175 -0.146053 -0.029155 0.406912 0.540815 -0.058352 -0.159817 0.208546 -0.119462 -0.235218 -0.372856 -0.084740 -0.148524 -0.078530 0.217088 0.083171 -0.216787 -0.051327 -0.204516 0.007747 -0.249908 -0.039988 -0.346737 -0.259213 -0.294336 -0.271747 -0.125355 -0.015388 -0.120742 -0.121214 0.070356
0.076535 -0.000673 0.250059 0.203228 1.000000 0.437303 0.255240 -0.088729 0.239047 0.267469 0.086718 -0.198103 -0.056278 -0.150621 0.121171 0.131252 -0.258872 -0.234382 0.228552 0.162883 0.239259 0.097819 0.087938 0.032843 0.266280 0.193075 0.669578 0.339573 -0.212552 -0.358200 -0.165614 -0.182150 -0.208821 -0.196733 0.101910 0.233285 -0.308229 0.200497 0.060731 -0.168450 0.114636 0.302974 -0.060656 -0.059039 0.073336 0.032802 0.047313 0.072357 -0.046956 0.083749 0.066073 0.035420 0.228176 0.093261 0.236419 0.041953 0.039098 0.005825 0.185021 0.253407 0.098818 -0.006760 -0.152158 -0.030405 0.201939 -0.017469 0.057270 0.164232 0.157440 0.190449 -0.099516 -0.112287 -0.333039 -0.240494 -0.083566 -0.109034 -0.180735 -0.149198 -0.280289 -0.132406 -0.228203 -0.031563 0.102526 0.232621 -0.106929 -0.199098 -0.261319 -0.230279 0.465829 0.234732 0.152427 0.179552 0.168759 0.094075 -0.014667 -0.317661 0.005440 -0.231946 -0.040290 -0.050568 0.123405 -0.274867 -0.001377 -0.284493 0.184666 -0.024563 -0.154321 -0.165129 -0.143406 -0.176825 -0.110938 -0.006811 0.093389 0.149104 -0.029769 -0.002354
0.123402 -0.141795 0.249535 0.506810 0.437303 1.000000 0.211023 0.126375 -0.121950 0.189175 -0.176002 -0.351731 -0.211291 -0.211124 -0.152366 0.196267 -0.264432 -0.271158 0.136385 0.058609 0.108970 0.095820 0.120696 0.219419 -0.025044 -0.026289 0.697974 0.720408 -0.525950 -0.387358 -0.365409 -0.454609 -0.113374 -0.266486 0.185688 -0.097296 -0.448676 0.120688 0.101918 0.136926 -0.000645 0.326415 -0.136849 0.105693 -0.110452 -0.064612 0.012252 0.070623 0.033118 -0.065059 -0.045391 0.023765 0.042298 0.102178 0.397468 0.230591 0.329556 0.064081 0.229934 0.351676 0.161599 -0.029163 -0.146545 -0.144655 -0.087189 0.092124 0.110492 0.194234 0.362922 0.118922 -0.183051 -0.029054 -0.455380 -0.283852 -0.180043 -0.075949 -0.317400 -0.349305 -0.190672 -0.075190 -0.196809 -0.265450 -0.084541 -0.042341 -0.164399 -0.112102 -0.083849 0.018183 0.453284 0.606244 0.129904 0.100514 0.211360 0.048751 -0.010998 -0.252311 0.104135 -0.129552 0.104411 0.235918 0.070790 -0.335407 0.012528 -0.253844 0.130825 0.083291 -0.087519 -0.138477 -0.185089 -0.309885 -0.085015 -0.058394 0.199175 -0.148756 0.077503 0.040744
0.033950 -0.162784 0.818295 0.193888 0.255240 0.211023 1.000000 0.616035 0.160323 0.008907 0.368853 0.328144 0.536105 0.228478 -0.120599 -0.064653 -0.047209 -0.128061 0.003496 -0.183872 -0.141548 0.108922 0.363743 0.216605 0.140050 0.168316 0.059028 -0.016890 -0.082550 -0.179365 0.039195 0.069697 0.282954 0.408242 0.212759 0.314608 -0.202421 -0.267916 -0.016711 0.006400 -0.022461 -0.029629 -0.088545 -0.224675 0.250353 0.078466 -0.280146 -0.195086 0.314186 -0.108139 0.288930 -0.262184 -0.185045 -0.295275 -0.113567 -0.233880 -0.120016 -0.242190 0.048391 -0.193048 0.190202 0.096632 -0.255347 -0.258648 0.553733 0.208049 0.139284 0.240756 -0.004806 -0.120816 -0.380161 -0.173210 -0.158660 -0.089545 -0.479828 -0.258766 -0.146426 -0.053526 -0.164932 -0.249990 -0.369454 -0.407828 0.122516 -0.098140 -0.214332 -0.205327 -0.275136 0.112448 0.184038 0.147015 -0.213044 0.146857 -0.020839 -0.037153 -0.136495 -0.286655 -0.128675 -0.290392 -0.258606 -0.217150 -0.012390 -0.180760 -0.074875 -0.008982 -0.204098 -0.375478 0.223291 -0.027065 -0.250073 0.025081 -0.194698 -0.295846 -0.166054 0.122861 -0.241733 -0.128226
-0.074353 -0.119699 0.456314 0.433997 -0.088729 0.126375 0.616035 1.000000 0.067658 0.214266 0.072111 0.437364 0.331095 0.269986 -0.195852 0.062740 -0.018470 -0.001740 -0.050698 -0.264964 -0.168102 -0.052616 0.161906 0.205608 -0.152378 -0.050845 -0.113237 -0.101557 -0.115101 0.087849 0.104010 0.166329 0.308267 0.423193 0.128705 0.013152 -0.265234 -0.241886 -0.136673 -0.004171 -0.114217 -0.005215 -0.112816 -0.121652 0.024383 0.077187 -0.250730 -0.132310 0.174215 0.003372 0.069463 -0.166851 -0.303008 -0.263146 -0.214706 -0.090545 -0.007862 -0.166161 -0.067286 -0.060737 0.090527 0.273351 -0.109886 -0.155508 0.282100 0.393600 0.029428 0.128172 -0.078915 -0.254295 -0.335139 -0.080179 -0.086528 0.105208 -0.313300 -0.053831 -0.146916 0.046392 -0.005336 -0.182240 -0.216984 -0.328070 -0.118586 -0.070547 -0.151944 -0.061146 -0.156107 0.118287 0.065038 0.154376 -0.287846 -0.185836 -0.082291 -0.223293 -0.163759 -0.220423 -0.069183 -0.158962 -0.214014 -0.082489 -0.064107 -0.146045 -0.057687 -0.080910 -0.193768 -0.440075 0.124596 -0.096969 -0.142619 0.031465 -0.177627 -0.234190 -0.173013 0.000514 -0.222513 -0.091358
-0.165151 -0.113795 0.100410 -0.141960 0.239047 -0.121950 0.160323 0.067658 1.000000 0.457677 0.156498 0.306277 0.361540 0.322780 0.508603 0.220327 -0.029162 -0.083753 0.031435 -0.114839 -0.143768 -0.315223 -0.064224 -0.070515 0.189744 0.050375 -0.065718 -0.324476 0.419923 0.286308 0.152266 0.363892 -0.188910 0.021282 -0.086188 0.309613 0.007206 -0.090385 -0.067794 -0.336649 0.290162 -0.099005 0.022572 -0.277729 0.267935 0.053475 0.006173 -0.234626 0.121678 -0.028208 0.351117 0.042694 0.191174 -0.123902 -0.069533 -0.309200 -0.255842 -0.265328 -0.009960 -0.081153 -0.127389 0.160953 -0.153217 0.007126 0.217297 0.129830 -0.149808 -0.039662 -0.325801 -0.009119 -0.141774 -0.116082 0.198580 0.273325 0.012210 -0.044110 0.102534 0.126823 -0.116409 0.053460 -0.083290 -0.093761 0.105037 0.151622 0.153026 0.049332 -0.042991 -0.442359 0.003014 -0.279467 0.007432 -0.088660 -0.149424 -0.066019 0.040880 -0.080670 -0.119958 -0.235907 0.039013 -0.384314 0.026220 0.037172 0.069741 -0.109252 0.093071 -0.179500 -0.025294 -0.175262 0.033070 0.196156 -0.099830 0.054326 -0.145785 0.100021 -0.152585 0.004032
-0.056610 -0.197939 -0.064117 0.181134 0.267469 0.189175 0.008907 0.214266 0.457677 1.000000 -0.071304 0.103530 0.035736 0.172887 0.278478 0.344739 -0.277131 -0.362535 0.207275 0.020119 -0.080753 -0.411650 -0.132792 0.115649 -0.016025 -0.100232 0.187573 -0.004608 0.052144 0.009940 -0.121719 0.090834 -0.160128 -0.139453 0.013749 0.124059 -0.348213 0.123707 -0.180414 -0.390255 0.056415 -0.058184 -0.088194 -0.100552 0.030019 0.063906 0.121119 0.011151 0.053033 0.080962 0.327198 0.137256 0.299791 -0.033601 0.169108 -0.132112 -0.112614 -0.252617 0.109348 0.159907 -0.174362 0.087828 -0.378985 -0.177437 -0.029864 0.105307 -0.145408 0.125941 -0.185925 0.254296 -0.160164 -0.153821 -0.218210 0.165132 -0.017864 0.039698 -0.120044 0.173156 -0.378779 -0.087583 -0.327148 -0.278493 -0.176622 0.229199 0.316466 0.150290 -0.028131 -0.512888 0.209624 -0.087519 0.077399 -0.136949 0.103073 0.044560 0.057674 0.038372 0.025326 0.084001 0.035210 -0.197697 0.065123 0.151230 0.304405 -0.158100 0.260527 -0.080895 -0.076283 -0.365330 0.157631 0.205870 0.011211 0.258391 -0.050331 0.218627 -0.007232 0.103115
0.038096 -0.167286 0.221863 -0.332841 0.086718 -0.176002 0.368853 0.072111 0.156498 -0.071304 1.000000 0.531604 0.636277 0.576128 0.247379 0.024517 0.173683 -0.091066 -0.167755 0.001341 -0.039224 0.102646 0.416555 0.217837 0.200855 0.138845 -0.069621 -0.210401 0.344278 0.197975 0.180188 0.319227 -0.169820 0.148462 0.032114 0.338722 0.028024 -0.264873 0.006685 -0.119384 -0.014107 -0.202109 0.139259 -0.063229 0.126279 0.279965 -0.054794 -0.063069 0.096496 0.121277 0.275850 -0.034987 -0.008295 -0.119128 -0.376886 -0.320350 -0.386750 -0.346360 -0.370174 -0.398571 -0.246918 -0.098807 -0.194999 -0.264595 0.342490 0.159832 -0.167430 0.075298 -0.279150 -0.152584 -0.016923 -0.017523 0.075679 -0.006343 -0.208188 -0.165137 0.183129 0.013766 -0.137556 -0.223307 -0.307782 -0.275973 0.356644 -0.047005 0.268970 0.067759 0.000238 0.128563 -0.010474 -0.202423 -0.111732 0.099652 -0.216043 -0.069688 -0.221221 -0.063187 -0.251147 -0.311834 -0.254074 -0.448915 -0.142541 -0.100935 -0.086734 0.067330 -0.257117 -0.269913 0.017217 0.116267 -0.181096 0.110570 -0.078358 -0.082046 -0.210185 0.244178 -0.246830 -0.279898
-0.106282 -0.098561 0.124163 -0.141280 -0.198103 -0.351731 0.328144 0.437364 0.306277 0.103530 0.531604 1.000000 0.567002 0.746469 0.220448 0.197938 0.221142 0.128241 -0.176761 -0.159712 -0.279114 -0.080070 0.251995 0.214410 -0.107213 -0.060493 -0.405605 -0.392165 0.446053 0.517664 0.264964 0.539426 0.069586 0.325593 -0.028714 0.115692 0.122046 -0.336645 -0.110781 -0.225429 0.036959 -0.262158 0.083479 -0.184392 0.041128 0.054242 -0.065380 -0.197544 0.055741 -0.025869 0.154442 -0.121349 -0.096900 -0.215492 -0.319967 -0.300762 -0.315258 -0.400699 -0.330756 -0.472304 -0.185371 0.053015 -0.100773 -0.150538 0.270661 0.209290 -0.015003 -0.187513 -0.220974 -0.385272 -0.106710 0.015072 0.269066 0.356936 -0.031729 0.034301 0.272080 0.275994 0.063673 -0.022676 -0.114278 -0.093753 0.157363 0.029564 0.316472 0.253145 -0.007575 0.021130 -0.079618 -0.286059 -0.365918 -0.170363 -0.271064 -0.198756 -0.053725 -0.168403 -0.189999 -0.239243 -0.353596 -0.431264 -0.136256 0.037836 -0.174882 -0.012866 -0.349621 -0.432883 -0.023056 -0.112125 -0.043967 0.187904 -0.184139 -0.146572 -0.361315 0.131617 -0.214878 -0.081273
-0.015241 -0.226812 0.404601 -0.299527 -0.056278 -0.211291 0.536105 0.331095 0.361540 0.035736 0.636277 0.567002 1.000000 0.591203 0.349646 0.028531 0.210924 -0.076768 -0.179470 -0.298983 -0.406365 -0.189189 0.316935 0.012389 0.091910 -0.015814 -0.262509 -0.353088 0.449485 0.227251 0.154521 0.292406 -0.007574 0.309306 0.080532 0.326665 -0.006070 -0.502599 -0.080017 -0.109931 0.090714 -0.329739 0.048448 -0.258404 0.191499 0.147166 -0.197240 -0.296096 0.237011 -0.069006 0.323156 -0.177472 0.002234 -0.168900 -0.263400 -0.378796 -0.354372 -0.428493 -0.144247 -0.325616 0.039817 0.190147 -0.157757 -0.193504 0.340314 0.206368 -0.098994 0.001333 -0.352306 -0.182867 -0.193436 -0.039328 0.209999 0.100815 -0.333954 -0.297817 0.023610 -0.083156 -0.027414 -0.105595 -0.228172 -0.364115 0.095315 -0.182846 0.147491 -0.132931 -0.172240 -0.046151 -0.101124 -0.196551 -0.162214 0.041246 -0.269346 -0.043344 0.044836 -0.026079 -0.105647 -0.155500 -0.209377 -0.400266 -0.119069 -0.001776 -0.116229 0.075588 -0.262831 -0.275513 0.070008 0.006234 0.066844 0.266615 -0.020510 -0.103078 -0.234484 0.133588 -0.080625 -0.050545
-0.201720 -0.352401 0.081070 -0.230363 -0.150621 -0.211124 0.228478 0.269986 0.322780 0.172887 0.576128 0.746469 0.591203 1.000000 0.329862 0.192351 0.059250 -0.205028 -0.264216 -0.136492 -0.326434 -0.278232 0.296825 0.246188 0.076249 -0.020511 -0.298968 -0.309238 0.324150 0.405374 0.205815 0.414837 -0.211298 0.094559 -0.117483 0.150664 0.030017 -0.319461 -0.029763 -0.093741 -0.069271 -0.313748 0.040875 -0.061503 -0.055156 0.295770 -0.135667 -0.119609 0.105164 0.113799 0.321008 0.060017 0.004491 -0.156825 -0.310836 -0.223661 -0.440766 -0.554887 -0.392637 -0.395590 -0.389332 -0.054207 -0.333864 -0.444148 0.057937 0.203821 -0.307641 -0.012535 -0.424553 -0.152956 0.017687 0.110618 0.102274 0.236013 -0.100687 -0.063388 0.150014 0.100696 0.026333 -0.016293 -0.282066 -0.298681 0.194004 -0.094444 0.497390 0.339099 -0.102890 -0.013373 -0.068339 -0.344827 -0.179216 0.009133 -0.129832 0.116109 0.049981 0.070268 -0.157005 -0.150986 -0.269740 -0.402154 -0.172117 0.068050 -0.008214 -0.019980 -0.239074 -0.250823 -0.017382 -0.097063 0.057426 0.154924 0.070697 -0.012806 -0.368377 0.176558 -0.131656 -0.122947
-0.080045 -0.153711 -0.150830 -0.271989 0.121171 -0.152366 -0.120599 -0.195852 0.508603 0.278478 0.247379 0.220448 0.349646 0.329862 1.000000 0.440837 -0.174760 -0.205930 0.078964 -0.019303 -0.228010 -0.372364 0.146105 0.015759 0.133922 -0.088930 -0.020983 -0.200003 0.445542 0.297578 0.027085 0.188396 -0.275569 -0.051933 -0.173281 0.133663 0.103681 0.089507 0.136918 -0.214311 0.270225 -0.019431 0.073483 0.033258 -0.065990 0.077247 0.107355 0.084951 -0.127356 0.031826 0.168892 0.145058 0.153469 0.173262 0.078834 -0.056079 -0.284017 -0.371961 -0.237508 -0.230880 -0.281658 -0.130002 -0.213570 -0.128127 -0.059062 -0.094457 -0.257099 -0.192408 -0.278499 -0.042693 -0.074539 -0.148041 0.179263 0.267733 0.133727 0.011658 0.008086 0.149615 -0.101126 0.022252 -0.027260 0.003309 0.156501 0.293586 0.394854 0.129773 0.223230 -0.280307 0.108038 -0.320970 0.034091 0.008738 -0.172385 0.015691 0.228745 0.086899 0.126011 -0.012252 0.084004 -0.304825 0.065755 0.108636 0.065471 -0.035243 0.047883 -0.006704 -0.242508 -0.233039 0.316927 0.247128 0.233909 0.294945 -0.033764 0.111419 0.158708 0.201937
0.186488 -0.051433 -0.148440 0.271483 0.131252 0.196267 -0.064653 0.062740 0.220327 0.344739 0.024517 0.197938 0.028531 0.192351 0.440837 1.000000 -0.021886 -0.149496 0.302225 0.065872 -0.058793 -0.140164 0.128965 0.257987 -0.149253 -0.139515 0.210638 0.250369 0.190100 0.292534 -0.238756 -0.002562 -0.045598 -0.142894 -0.055111 -0.128530 -0.111705 0.217647 -0.104741 -0.321991 0.244858 0.264222 -0.114055 -0.086295 -0.120778 -0.209848 0.097558 -0.019899 -0.150349 -0.124653 -0.023593 0.015819 0.290872 0.035648 0.281742 0.116030 0.152144 -0.123224 -0.003755 0.012639 -0.105720 -0.008120 -0.124429 -0.055259 -0.091999 0.026938 0.062931 -0.300310 0.063468 -0.144906 -0.264513 -0.187625 -0.007434 0.247113 0.073362 0.152957 0.008378 0.125162 -0.068886 -0.066164 -0.001881 -0.055757 -0.074623 0.510404 0.230243 0.230691 0.139599 -0.263997 0.349993 0.196507 -0.013583 -0.006609 0.063624 -0.032154 -0.018738 -0.182235 -0.169252 -0.215850 -0.113471 -0.062501 0.048739 0.010149 -0.150532 -0.211709 -0.058658 -0.190964 -0.254680 -0.507438 -0.013049 -0.130536 -0.326767 0.053243 -0.066928 -0.000691 0.014910 0.237099
0.285525 0.162227 -0.089941 -0.234533 -0.258872 -0.264432 -0.047209 -0.018470 -0.029162 -0.277131 0.173683 0.221142 0.210924 0.059250 -0.174760 -0.021886 1.000000 0.574410 -0.002246 0.042767 -0.142289 0.113478 -0.142293 -0.186797 -0.266048 -0.227671 -0.252191 -0.178148 0.451997 0.331863 0.021747 0.088484 0.179138 0.186774 0.076163 -0.126329 0.357364 -0.275423 0.008098 -0.096344 0.188024 -0.019987 -0.030676 -0.179463 0.058561 -0.146354 -0.193842 -0.227903 -0.159209 -0.082360 -0.299418 -0.237127 -0.078172 -0.114961 -0.216253 -0.151590 0.239005 0.216247 -0.081232 -0.101741 0.304703 0.136798 0.553320 0.493382 0.158137 -0.069118 0.121526 -0.282220 -0.007020 -0.219075 0.076602 0.098338 0.492325 0.164271 0.114067 -0.048868 0.306922 -0.190825 0.479223 0.129612 0.563369 0.169527 -0.063764 -0.029722 -0.104508 -0.196048 -0.081578 -0.098482 -0.393126 -0.036803 -0.196130 -0.193182 -0.341522 -0.247149 -0.147931 -0.101503 -0.213036 -0.100442 -0.159972 0.001026 -0.337917 0.117018 -0.293585 0.083995 -0.292969 -0.177599 0.089413 0.095964 -0.092306 -0.140324 -0.247267 -0.160122 0.027789 -0.152463 -0.161437 -0.057199
0.068070 0.407311 -0.231673 -0.104419 -0.234382 -0.271158 -0.128061 -0.001740 -0.083753 -0.362535 -0.091066 0.128241 -0.076768 -0.205028 -0.205930 -0.149496 0.574410 1.000000 0.034921 0.053305 0.011777 0.204086 -0.261351 -0.277101 -0.378278 -0.288580 -0.244066 -0.198011 0.292470 0.424149 0.126081 0.152901 0.276684 0.158047 0.047554 -0.238432 0.485707 -0.139074 0.051282 -0.045918 0.129475 0.119438 0.028659 -0.127916 0.042550 -0.265345 -0.087002 -0.177553 -0.274208 -0.109215 -0.422324 -0.257961 -0.248647 -0.064193 -0.218198 -0.072428 0.247260 0.393745 -0.099990 -0.158934 0.267456 0.009591 0.685936 0.631175 0.119849 -0.226017 0.208630 -0.479360 0.082636 -0.320977 0.172315 0.109035 0.600809 0.193701 0.331202 -0.006680 0.323313 0.007416 0.568733 0.379385 0.626854 0.506973 -0.063653 0.022167 -0.252204 -0.208696 0.011842 0.030424 -0.368690 -0.054026 -0.259099 -0.280837 -0.377193 -0.319353 -0.134364 -0.154016 -0.189491 -0.111166 0.002830 0.049716 -0.164601 0.095303 -0.129180 0.042662 -0.152365 -0.099409 0.054570 0.177538 -0.090993 -0.102035 -0.239183 -0.141043 0.166760 -0.202487 -0.105975 -0.005413
0.434578 0.376231 -0.108719 0.330139 0.228552 0.136385 0.003496 -0.050698 0.031435 0.207275 -0.167755 -0.176761 -0.179470 -0.264216 0.078964 0.302225 -0.002246 0.034921 1.000000 0.596232 -0.097539 -0.182316 -0.283554 -0.005686 -0.391569 -0.406036 0.147432 0.096832 0.168659 -0.019506 -0.465308 -0.191524 0.352566 0.087902 0.161324 -0.003357 -0.128744 0.297021 -0.129584 -0.349578 0.176536 0.331323 -0.225247 -0.223616 -0.031577 -0.431261 0.057625 -0.044416 -0.288298 -0.151533 -0.105521 -0.231440 0.162658 -0.133881 0.191520 -0.100105 0.332891 0.230090 0.306397 0.233901 0.185650 -0.005484 -0.001936 0.303750 0.149090 -0.396059 0.371175 -0.313362 0.374190 0.073288 -0.367454 -0.296133 -0.001307 0.207943 0.105235 0.085238 -0.152399 0.195693 -0.219192 -0.056702 0.172100 0.168556 -0.121786 0.498400 -0.033228 -0.126262 -0.108043 -0.298017 0.165588 0.091875 -0.105556 -0.040111 0.080857 0.104306 -0.069658 -0.286428 -0.147397 -0.118041 -0.199678 -0.032102 -0.061421 0.246483 -0.005779 0.061183 0.229570 0.055543 0.071847 -0.487489 0.029190 -0.051380 -0.100885 0.022474 0.048908 -0.013760 0.254746 0.419068
0.379710 0.411368 -0.230341 0.160069 0.162883 0.058609 -0.183872 -0.264964 -0.114839 0.020119 0.001341 -0.159712 -0.298983 -0.136492 -0.019303 0.065872 0.042767 0.053305 0.596232 1.000000 0.029136 -0.062276 -0.117650 0.086867 -0.140136 -0.239593 0.158897 0.056968 0.075655 -0.130132 -0.377668 -0.144770 0.082921 0.023676 -0.016215 0.037470 -0.040574 0.278242 -0.085292 -0.241442 -0.003962 0.218272 -0.233044 -0.145322 -0.138181 -0.220740 -0.103352 0.009236 -0.319621 -0.061730 -0.179174 -0.176051 0.052190 -0.223893 -0.032329 -0.219948 0.326317 0.329472 0.105962 0.146848 -0.005837 -0.155533 0.027230 0.194031 0.014346 -0.353388 0.118841 -0.101571 0.347502 0.340131 -0.126158 -0.274566 -0.076119 0.109383 0.176338 0.037774 -0.014933 0.092671 -0.168485 -0.046405 0.170116 0.177174 -0.038620 0.243716 -0.008156 -0.115022 -0.173042 -0.186538 0.077577 0.045266 0.031421 0.064294 0.201028 0.213983 -0.170380 -0.219713 -0.275900 -0.035508 -0.285324 -0.108783 -0.017758 0.294969 0.007030 0.260997 0.285416 0.248292 0.068699 -0.187469 -0.126845 -0.037723 -0.004085 -0.091790 0.075986 0.085738 0.198338 0.184718
-0.006924 0.044028 -0.015525 0.111734 0.239259 0.108970 -0.141548 -0.168102 -0.143768 -0.080753 -0.039224 -0.279114 -0.406365 -0.326434 -0.228010 -0.058793 -0.142289 0.011777 -0.097539 0.029136 1.000000 0.631049 -0.090565 0.038117 0.357105 0.419192 0.307835 0.170877 -0.321637 -0.151093 0.168930 -0.021361 -0.193966 -0.334599 -0.147186 -0.146012 0.154482 0.247949 0.202599 0.008783 -0.058491 0.119058 0.095255 0.249957 0.048918 0.114456 0.243453 0.240596 -0.040745 0.230920 -0.223722 0.348511 -0.087766 0.268051 -0.040259 0.277272 0.122925 0.171965 -0.042915 0.169033 -0.108012 -0.072227 0.086788 -0.001434 -0.050527 0.132151 -0.034776 0.125489 0.098882 0.004677 0.410032 0.184322 -0.075145 -0.254454 0.099772 0.203760 0.215680 -0.046628 -0.071637 -0.003721 -0.014398 0.132019 0.108216 -0.064210 -0.288847 0.191564 0.143381 0.049508 0.055600 0.120182 0.113037 0.008063 0.053380 -0.217078 -0.273690 -0.043099 -0.067686 -0.265979 0.153679 0.168169 -0.021278 -0.357871 0.001949 -0.215296 0.015241 -0.069123 -0.180280 0.248234 -0.419778 -0.342965 -0.264038 0.004557 0.093815 -0.047475 -0.346355 -0.458581
0.080304 0.098614 0.211621 0.095306 0.097819 0.095820 0.108922 -0.052616 -0.315223 -0.411650 0.102646 -0.080070 -0.189189 -0.278232 -0.372364 -0.140164 0.113478 0.204086 -0.182316 -0.062276 0.631049 1.000000 0.191606 0.148399 0.268631 0.475285 0.294028 0.296753 -0.277213 -0.151831 0.164449 -0.017556 -0.023884 -0.183865 -0.093831 -0.227050 0.212401 0.081385 0.250345 0.119706 -0.047537 0.088284 0.017865 0.173387 0.015120 -0.027673 -0.008660 0.109779 -0.057957 0.083503 -0.306064 0.068672 -0.207341 0.171419 -0.062704 0.255718 0.186349 0.200062 -0.067781 0.023515 0.067602 -0.051195 0.263007 0.041027 0.054346 0.235047 0.131643 0.034835 0.239481 -0.193128 0.256149 0.111751 -0.024779 -0.360322 0.042823 0.050285 0.283444 -0.106773 0.087810 -0.039278 0.071482 0.092872 0.084796 -0.131876 -0.373469 0.149263 0.110430 0.333582 0.154062 0.333500 -0.107054 0.060538 -0.047630 -0.308350 -0.394737 -0.233314 -0.125291 -0.362738 0.048971 0.263532 -0.136732 -0.410553 -0.241648 -0.015540 -0.256864 -0.205631 -0.081766 0.340712 -0.597200 -0.362175 -0.422070 -0.234890 0.107184 -0.011300 -0.360254 -0.505897
-0.063849 -0.222009 0.450357 0.104012 0.087938 0.120696 0.363743 0.161906 -0.064224 -0.132792 0.416555 0.251995 0.316935 0.296825 0.146105 0.128965 -0.142293 -0.261351 -0.283554 -0.117650 -0.090565 0.191606 1.000000 0.635570 0.280741 0.341828 0.238893 0.290268 -0.112765 -0.163764 0.253197 0.201506 -0.063914 0.139553 -0.036225 0.087464 -0.173548 -0.132135 0.032423 0.020723 -0.119669 0.018130 -0.059160 0.080686 -0.086171 0.098575 -0.205947 0.035568 0.064829 -0.009544 0.225469 -0.044628 -0.055736 -0.023445 -0.046767 -0.067201 -0.158854 -0.292185 -0.234272 -0.274752 -0.235788 -0.217033 -0.205192 -0.386428 0.029558 0.181241 -0.091191 0.086876 -0.007312 -0.166451 -0.133936 -0.025818 -0.204874 -0.151120 -0.245957 -0.147694 -0.021379 -0.041162 -0.044451 -0.195963 -0.291834 -0.356079 0.190980 -0.079526 0.185079 0.065404 0.055625 0.211733 0.372695 0.217467 -0.121326 0.274206 0.096392 0.096092 -0.119551 -0.140381 -0.070985 -0.149593 -0.191116 -0.115128 0.087312 -0.101171 -0.185515 0.110077 -0.188727 -0.258004 -0.047837 -0.062129 -0.200198 -0.054599 -0.066443 -0.131737 -0.080225 0.165160 -0.137929 -0.092875
0.049401 -0.166104 0.265435 0.331377 0.032843 0.219419 0.216605 0.205608 -0.070515 0.115649 0.217837 0.214410 0.012389 0.246188 0.015759 0.257987 -0.186797 -0.277101 -0.005686 0.086867 0.038117 0.148399 0.635570 1.000000 0.142837 0.269871 0.236568 0.347633 -0.150553 -0.117626 0.049238 0.218895 -0.054315 -0.026852 -0.124794 0.000162 -0.233394 0.006711 -0.135853 -0.217886 0.017696 0.066645 -0.038246 0.192673 -0.144301 0.114668 -0.056569 0.220302 -0.056405 0.114999 0.113406 0.183158 -0.051786 0.052836 -0.019145 -0.058583 -0.024052 -0.188676 -0.178989 -0.145275 -0.348188 -0.303030 -0.311724 -0.333219 -0.015109 0.155543 -0.095428 0.143095 0.097567 -0.069445 -0.181669 -0.141085 -0.338025 -0.088502 -0.269993 -0.112315 -0.023126 0.078848 -0.255909 -0.222804 -0.235000 -0.329350 -0.117926 0.011610 0.163352 0.328300 -0.040694 0.042849 0.372388 0.162890 -0.069803 0.127199 0.151483 0.063172 -0.294091 -0.333770 -0.188774 -0.243159 -0.166593 -0.150626 0.031646 -0.074586 -0.259545 0.095423 -0.136247 -0.134842 -0.083042 -0.337907 -0.338445 -0.163478 -0.146152 0.050032 -0.132890 0.077670 -0.104355 -0.056848
-0.285553 -0.244917 0.337533 -0.213891 0.266280 -0.025044 0.140050 -0.152378 0.189744 -0.016025 0.200855 -0.107213 0.091910 0.076249 0.133922 -0.149253 -0.266048 -0.378278 -0.391569 -0.140136 0.357105 0.268631 0.280741 0.142837 1.000000 0.817421 0.124064 -0.089792 -0.193998 -0.249158 0.293072 0.067093 -0.403952 -0.117466 -0.283407 0.378456 0.010406 -0.015793 -0.033897 -0.001334 -0.108379 -0.140468 0.004701 0.126426 -0.057694 0.418325 -0.155544 0.157982 0.110417 0.200373 0.185390 0.213717 -0.041034 0.100301 -0.135286 -0.002773 -0.317584 -0.177619 -0.128467 -0.026182 -0.278392 -0.087618 -0.246800 -0.336783 0.042156 0.260646 -0.415592 0.531750 -0.250923 0.330133 0.246378 0.076360 -0.230435 -0.268841 -0.199069 -0.020114 0.002858 -0.027116 -0.156672 -0.082142 -0.296588 -0.187686 0.208398 -0.261605 -0.012782 0.129923 0.082103 0.049077 0.133084 -0.089426 0.209275 0.261930 0.228969 0.123534 -0.000240 0.109545 -0.017334 -0.043738 0.047830 -0.165243 0.296706 -0.175963 0.059069 -0.013728 0.042699 -0.050010 -0.110820 0.248767 -0.138602 0.032508 0.086132 -0.034496 -0.116699 0.207008 -0.219243 -0.328299
-0.229174 -0.171256 0.380878 -0.070431 0.193075 -0.026289 0.168316 -0.050845 0.050375 -0.100232 0.138845 -0.060493 -0.015814 -0.020511 -0.088930 -0.139515 -0.227671 -0.288580 -0.406036 -0.239593 0.419192 0.475285 0.341828 0.269871 0.817421 1.000000 0.136681 0.047232 -0.315387 -0.188353 0.362644 0.166745 -0.266674 -0.051929 -0.251695 0.151084 -0.045549 0.004034 -0.111585 0.011546 -0.152566 -0.029733 -0.097709 0.093944 -0.096827 0.253745 -0.190549 0.096413 0.129417 0.124872 0.089579 0.147310 -0.077071 0.047519 -0.120985 0.078561 -0.206613 -0.099381 -0.091318 0.024666 -0.176458 0.003308 -0.116874 -0.250797 0.074710 0.397394 -0.282899 0.429797 -0.129849 0.184276 0.263684 0.191686 -0.218328 -0.196725 -0.166693 0.065638 0.080555 0.026514 -0.140620 -0.083422 -0.275317 -0.132232 0.116379 -0.279839 -0.129329 0.260577 0.003068 0.190320 0.243278 0.072482 0.039861 0.167697 0.179177 -0.081828 -0.058697 -0.031559 -0.078713 -0.119488 -0.101723 -0.009039 0.156658 -0.296902 -0.149049 -0.043757 -0.134247 -0.083869 -0.100732 0.214350 -0.336841 -0.094801 -0.123626 -0.190333 -0.171031 0.125053 -0.231346 -0.355324
0.181883 0.006442 0.172824 0.390861 0.669578 0.697974 0.059028 -0.113237 -0.065718 0.187573 -0.069621 -0.405605 -0.262509 -0.298968 -0.020983 0.210638 -0.252191 -0.244066 0.147432 0.158897 0.307835 0.294028 0.238893 0.236568 0.124064 0.136681 1.000000 0.766101 -0.407675 -0.434373 -0.283181 -0.369514 -0.223595 -0.361601 0.124368 -0.066622 -0.338402 0.297086 0.155886 -0.025507 0.045863 0.380499 -0.080167 0.174064 -0.022268 0.021035 0.029096 0.205363 -0.126194 0.134017 -0.111738 0.190591 0.139608 0.260796 0.359330 0.252437 0.273662 0.115525 0.132495 0.353208 0.044271 -0.089816 -0.090540 -0.097775 -0.115076 0.078832 0.087665 0.151429 0.377893 0.111288 -0.059895 -0.090717 -0.428653 -0.357728 -0.040695 -0.156658 -0.155057 -0.321161 -0.238614 -0.122506 -0.201075 -0.154282 -0.019104 0.125590 -0.156609 -0.100431 -0.073483 -0.048478 0.561242 0.548433 0.112644 0.129804 0.096818 0.031612 -0.077460 -0.287541 0.056122 -0.201398 0.086709 0.207753 0.006115 -0.371876 -0.015653 -0.263858 0.131360 0.021188 -0.202813 -0.103133 -0.269202 -0.290438 -0.134549 0.009010 0.235268 0.007557 -0.024890 -0.087610
0.284212 0.005039 0.165781 0.511082 0.339573 0.720408 -0.016890 -0.101557 -0.324476 -0.004608 -0.210401 -0.392165 -0.353088 -0.309238 -0.200003 0.250369 -0.178148 -0.198011 0.096832 0.056968 0.170877 0.296753 0.290268 0.347633 -0.089792 0.047232 0.766101 1.000000 -0.519671 -0.425607 -0.337758 -0.480256 -0.114262 -0.380368 0.093658 -0.296446 -0.369127 0.230089 0.094025 0.115294 0.002666 0.421541 -0.176585 0.183567 -0.164062 -0.115446 0.018913 0.134998 -0.104762 -0.013482 -0.163825 0.113956 0.127042 0.186040 0.506711 0.397454 0.411022 0.164783 0.207141 0.368836 0.144799 -0.109674 -0.047262 -0.089201 -0.249303 0.060352 0.174805 0.016436 0.497587 -0.023818 -0.113975 0.002271 -0.454345 -0.345068 -0.052509 -0.070117 -0.184213 -0.282236 -0.157703 -0.091021 -0.093879 -0.100297 -0.159743 0.044057 -0.069565 -0.018400 -0.073141 0.065515 0.575157 0.670045 0.035283 0.125175 0.163313 0.110580 -0.092583 -0.259617 0.064945 -0.094107 0.019491 0.405194 0.014408 -0.277790 -0.062216 -0.218343 0.027009 0.048264 -0.183189 -0.226755 -0.251614 -0.384860 -0.213803 -0.053901 0.190934 -0.126292 0.041712 -0.001389
0.089068 0.054695 -0.287910 -0.452057 -0.212552 -0.525950 -0.082550 -0.115101 0.419923 0.052144 0.344278 0.446053 0.449485 0.324150 0.445542 0.190100 0.451997 0.292470 0.168659 0.075655 -0.321637 -0.277213 -0.112765 -0.150553 -0.193998 -0.315387 -0.407675 -0.519671 1.000000 0.586673 0.051163 0.343974 0.122782 0.248620 -0.030261 0.158318 0.372908 -0.179202 -0.113193 -0.397206 0.290364 -0.197851 0.171142 -0.278063 0.176781 -0.150125 0.084960 -0.221700 -0.188815 -0.071443 0.055802 -0.135444 0.070777 -0.059164 -0.282201 -0.430563 -0.178406 -0.126536 -0.202029 -0.318336 -0.055655 -0.003408 0.102377 0.229836 0.245610 -0.173095 0.078689 -0.368930 -0.165399 -0.190113 -0.060202 -0.112300 0.684554 0.504644 0.243140 0.000421 0.328639 0.221155 0.144568 0.100371 0.287854 0.134366 0.068182 0.227952 0.253110 -0.022889 0.056137 -0.240783 -0.361992 -0.446800 -0.221069 -0.136257 -0.413157 -0.107522 -0.066929 -0.044797 -0.187149 -0.080456 -0.156095 -0.362735 -0.131543 0.318127 -0.112546 0.246527 -0.086665 -0.060502 0.088015 -0.088953 0.141279 0.334559 -0.057987 0.058973 -0.120457 0.060401 0.005611 0.132636
-0.080281 -0.021653 -0.348418 -0.261592 -0.358200 -0.387358 -0.179365 0.087849 0.286308 0.009940 0.197975 0.517664 0.227251 0.405374 0.297578 0.292534 0.331863 0.424149 -0.019506 -0.130132 -0.151093 -0.151831 -0.163764 -0.117626 -0.249158 -0.188353 -0.434373 -0.425607 0.586673 1.000000 0.248787 0.451518 0.019656 0.134126 -0.183163 -0.181307 0.420341 -0.155087 0.049050 -0.143841 0.189025 -0.016681 0.004887 -0.181969 -0.096612 -0.121125 0.042868 -0.257042 -0.200792 -0.057069 -0.159428 -0.044147 -0.060495 0.000125 -0.255517 -0.098220 -0.097350 -0.209726 -0.368828 -0.340123 -0.120710 0.049355 0.274522 0.175769 0.033813 0.038897 -0.089411 -0.467477 -0.262647 -0.389158 0.187243 0.166192 0.709617 0.623370 0.404379 0.270856 0.512374 0.277871 0.360380 0.327421 0.268752 0.206901 0.163836 0.190397 0.174371 0.308393 0.203675 -0.019362 -0.298091 -0.324458 -0.269982 -0.274169 -0.363772 -0.236976 0.075688 0.007118 -0.168560 -0.142611 -0.136270 -0.196869 -0.221950 0.119169 -0.111149 -0.050431 -0.293333 -0.236971 -0.084009 -0.032433 0.066273 0.011091 -0.179403 -0.072172 -0.217381 -0.027034 -0.073415 0.019305
-0.418075 -0.198874 0.087936 -0.237333 -0.165614 -0.365409 0.039195 0.104010 0.152266 -0.121719 0.180188 0.264964 0.154521 0.205815 0.027085 -0.238756 0.021747 0.126081 -0.465308 -0.377668 0.168930 0.164449 0.253197 0.049238 0.293072 0.362644 -0.283181 -0.337758 0.051163 0.248787 1.000000 0.740798 -0.159636 0.203848 -0.267813 -0.102525 0.225814 -0.364450 0.104593 0.119555 -0.048941 -0.130537 -0.012093 0.231837 -0.016947 0.330779 -0.164393 0.146591 -0.064818 0.308252 -0.078060 0.206377 -0.357474 0.109407 -0.513289 0.022968 -0.387981 -0.307486 -0.432126 -0.321503 -0.243913 -0.050567 0.184208 -0.039435 0.067824 0.202943 -0.393908 -0.062255 -0.396459 -0.260393 0.373276 0.370041 0.315636 0.005557 0.109918 0.232904 0.338187 0.121990 0.207589 0.025741 -0.002435 0.100274 0.207766 -0.150455 0.045552 0.150431 0.154498 0.088243 -0.221643 -0.310455 -0.185500 -0.056493 -0.167134 -0.275180 0.120363 0.060543 0.028098 -0.106060 0.034851 -0.103688 0.004184 -0.190585 -0.053403 -0.074015 -0.097190 -0.289576 -0.072767 0.205254 -0.018120 -0.020707 0.084606 0.142970 -0.038714 0.134941 -0.285032 -0.148985
-0.297853 -0.112479 -0.020228 -0.178741 -0.182150 -0.454609 0.069697 0.166329 0.363892 0.090834 0.319227 0.539426 0.292406 0.414837 0.188396 -0.002562 0.088484 0.152901 -0.191524 -0.144770 -0.021361 -0.017556 0.201506 0.218895 0.067093 0.166745 -0.369514 -0.480256 0.343974 0.451518 0.740798 1.000000 -0.046339 0.321024 -0.146654 0.035312 0.153695 -0.272495 -0.057786 -0.180852 0.101703 -0.176193 0.023849 -0.007734 0.061905 0.133998 -0.107756 0.000811 -0.068580 0.183661 0.078500 0.043295 -0.207665 -0.060619 -0.509585 -0.272074 -0.367712 -0.329524 -0.369149 -0.412840 -0.298783 -0.097981 0.103268 0.020063 0.198887 0.087427 -0.237504 -0.169959 -0.352822 -0.277538 0.186091 0.187787 0.342391 0.280915 0.032424 0.128612 0.318778 0.293929 0.035354 -0.087512 -0.015370 0.029037 0.107464 0.083826 0.148219 0.249774 0.044293 -0.057404 -0.196813 -0.408940 -0.267951 -0.141515 -0.209377 -0.253568 -0.038091 -0.078081 -0.190133 -0.277644 -0.141921 -0.359458 -0.025179 0.016562 -0.147990 0.112698 -0.113903 -0.242321 0.006344 -0.040781 -0.059034 0.139888 -0.066683 0.073572 -0.195239 0.153891 -0.224110 -0.051105
0.201331 0.289428 0.100523 0.240530 -0.208821 -0.113374 0.282954 0.308267 -0.188910 -0.160128 -0.169820 0.069586 -0.007574 -0.211298 -0.275569 -0.045598 0.179138 0.276684 0.352566 0.082921 -0.193966 -0.023884 -0.063914 -0.054315 -0.403952 -0.266674 -0.223595 -0.114262 0.122782 0.019656 -0.159636 -0.046339 1.000000 0.648524 0.388826 -0.034754 0.036536 0.034772 -0.162670 -0.086237 0.084596 0.116455 0.076188 -0.193349 0.307940 -0.415893 0.105101 -0.139060 0.056750 -0.245995 -0.057597 -0.407594 -0.154568 -0.242033 -0.011939 -0.158896 0.247707 0.121288 0.228056 -0.126148 0.306970 0.113682 0.088618 0.263916 0.216375 -0.250757 0.644238 -0.231931 0.436676 -0.203450 -0.373281 -0.184153 0.194177 0.178677 0.004869 0.039357 0.069011 0.160867 0.044165 -0.026114 0.110325 0.083457 -0.150784 0.181138 -0.365029 -0.267712 -0.021849 0.008193 -0.125037 0.062413 -0.301011 -0.306442 -0.216679 -0.257769 -0.098105 -0.094071 0.029612 0.059264 -0.039914 0.064400 -0.147054 0.155493 -0.200629 0.095618 -0.068913 -0.235933 0.181582 -0.216347 -0.012539 0.105910 -0.082377 -0.068181 -0.012650 -0.146940 -0.051130 0.167087
-0.029714 0.167612 0.227612 0.007209 -0.196733 -0.266486 0.408242 0.423193 0.021282 -0.139453 0.148462 0.325593 0.309306 0.094559 -0.051933 -0.142894 0.186774 0.158047 0.087902 0.023676 -0.334599 -0.183865 0.139553 -0.026852 -0.117466 -0.051929 -0.361601 -0.380368 0.248620 0.134126 0.203848 0.321024 0.648524 1.000000 0.117747 0.168514 0.034787 -0.301831 -0.212530 -0.033156 0.007815 0.020897 -0.099799 -0.270981 0.085327 -0.068163 -0.261518 -0.229295 0.039749 -0.155646 0.038539 -0.462810 -0.287492 -0.392487 -0.355043 -0.389307 -0.110353 -0.054706 -0.067445 -0.260480 0.190114 0.222060 0.078157 0.186652 0.384167 0.017049 0.143554 -0.038337 0.037948 -0.071754 -0.335422 -0.061931 0.272894 0.271076 -0.098583 0.054250 0.072274 0.180145 0.037221 -0.125697 0.070607 0.009232 0.022359 0.065631 -0.206672 -0.312546 -0.134912 0.027731 -0.190950 -0.181977 -0.368653 -0.217009 -0.142104 -0.186510 0.008313 -0.079562 -0.084762 0.024681 -0.323116 -0.231560 -0.005383 0.185532 -0.170664 0.161154 -0.088681 -0.255975 0.200673 -0.122763 0.072108 0.235407 0.052618 -0.215337 -0.167242 0.054914 -0.063383 0.155806
0.016542 0.043030 0.099274 0.179300 0.101910 0.185688 0.212759 0.128705 -0.086188 0.013749 0.032114 -0.028714 0.080532 -0.117483 -0.173281 -0.055111 0.076163 0.047554 0.161324 -0.016215 -0.147186 -0.093831 -0.036225 -0.124794 -0.283407 -0.251695 0.124368 0.093658 -0.030261 -0.183163 -0.267813 -0.146654 0.388826 0.117747 1.000000 0.301182 -0.317864 0.121042 -0.062795 0.011079 -0.114019 -0.015491 0.333935 -0.051314 0.473401 -0.202450 0.280311 0.009785 0.328498 -0.142283 0.286204 -0.282957 -0.002236 -0.069306 0.150090 0.005297 0.021438 -0.022640 0.140069 -0.081220 0.015920 -0.103110 -0.254360 0.099629 0.004018 -0.262499 0.562413 0.091338 0.304092 -0.181894 -0.265399 0.004011 -0.216943 -0.067273 -0.232420 -0.153372 -0.333691 0.004414 -0.253288 -0.214430 -0.263295 -0.134512 0.045229 -0.083187 -0.200054 -0.293652 -0.118542 0.045927 -0.002569 0.121420 -0.071706 -0.121167 -0.200963 -0.146205 0.072914 0.049403 0.288960 0.075018 0.141152 0.031861 -0.126104 -0.072577 0.051944 0.019205 0.095449 0.047484 0.107927 -0.047501 0.076033 0.230054 0.111038 0.080551 0.096370 -0.167208 0.077237 0.178091
-0.209478 -0.091257 0.291898 -0.134984 0.233285 -0.097296 0.314608 0.013152 0.309613 0.124059 0.338722 0.115692 0.326665 0.150664 0.133663 -0.128530 -0.126329 -0.238432 -0.003357 0.037470 -0.146012 -0.227050 0.087464 0.000162 0.378456 0.151084 -0.066622 -0.296446 0.158318 -0.181307 -0.102525 0.035312 -0.034754 0.168514 0.301182 1.000000 -0.196969 0.030852 -0.209497 -0.195905 -0.081161 -0.250950 0.253064 -0.218360 0.321655 0.229157 0.082671 -0.053122 0.335838 -0.080751 0.585913 -0.236191 0.182953 -0.201150 -0.075475 -0.462356 -0.408569 -0.169271 0.106484 -0.177517 -0.216207 -0.058422 -0.443390 -0.172844 0.286950 -0.050288 0.048113 0.523396 -0.114171 0.272962 -0.236214 -0.171879 -0.237288 0.017250 -0.402290 -0.242157 -0.267155 0.157656 -0.388944 -0.193463 -0.398989 -0.290794 0.145754 -0.148220 0.051285 -0.153705 -0.050588 -0.093599 -0.006149 -0.270073 0.090533 0.133971 0.115300 0.210282 -0.108957 0.114437 -0.086021 0.040191 -0.031047 -0.448035 0.356352 0.172788 0.194126 0.142278 0.143330 0.014678 0.202273 0.016448 0.089305 0.404495 0.195053 -0.006133 -0.185330 0.185740 -0.139329 -0.021537
