1.000000 0.231424 0.285643 0.178315 -0.021488 -0.087022 0.213269 0.208759 0.093990 -0.009387 0.390603 0.125679 0.168980 0.058642 0.037854 -0.191797 0.104955 -0.076374 0.419300 0.115936 -0.273980 -0.183717 0.134552 0.088938 -0.155959 -0.111184 -0.074019 -0.017202 0.082263 -0.284117 -0.229383 -0.279925 0.306374 0.113610 -0.064528 -0.218246 -0.009634 0.037203 -0.182188 -0.250139 -0.177906 -0.162783 -0.168923 -0.364204 -0.301281 -0.302252 -0.223546 -0.275269 0.043432 -0.235543 -0.298872 -0.258415 0.043975 -0.118016 -0.199193 -0.075264 0.782194 0.228016 0.518152 0.142576 0.499744 0.210990 0.079503 0.201613 0.210131 -0.102774 0.092586 -0.196435 0.160126 -0.092605 -0.154556 -0.197687 -0.101882 -0.150965 0.179234 0.071922 0.104358 -0.197144 0.034956 -0.036898 -0.124034 -0.202583 0.023285 -0.145621 -0.079562 -0.266497 0.132617 0.087754 0.076470 0.156228 0.022174 0.133893 0.122031 0.065598 -0.204102 -0.183822 -0.304771 -0.329792 -0.219411 0.097550 -0.104218 0.058267 -0.231701 -0.070616 -0.129367 -0.214512 -0.025251 -0.146936 0.077644 -0.339918 -0.336535 -0.191244 -0.096964 0.068908 -0.022742 -0.016994
0.231424 1.000000 -0.204427 0.548338 -0.311104 -0.284948 -0.264095 0.555095 -0.037622 -0.324104 -0.015304 0.414936 -0.193061 -0.166023 0.086522 -0.021066 0.022941 0.347644 0.520444 0.615191 -0.427546 -0.405093 -0.266667 -0.365418 -0.356878 -0.454264 -0.473300 -0.306504 0.173064 -0.034632 -0.487711 -0.500336 0.256239 0.243320 -0.313700 -0.156643 -0.311275 -0.275570 -0.170590 -0.215047 -0.021036 -0.152834 -0.193166 -0.370259 -0.363862 -0.264040 -0.148555 -0.454746 -0.196151 -0.365533 -0.413977 -0.285584 -0.222684 -0.305315 0.044420 -0.110943 0.263277 0.670575 0.368948 0.646063 0.171275 0.447972 0.230494 0.393406 -0.233909 -0.107439 0.382411 -0.240752 0.566871 0.159234 -0.243850 -0.398592 0.099219 -0.255283 -0.229093 -0.054517 -0.434679 0.024448 0.116915 0.389010 -0.194211 0.186654 0.030213 0.059307 -0.404127 -0.419112 0.182627 -0.076942 -0.151117 0.156562 -0.168366 -0.211201 0.178517 0.175097 -0.133082 0.095426 0.010470 -0.212223 0.053695 -0.259521 0.042599 -0.317523 0.096674 -0.290955 -0.068180 -0.242303 0.280436 -0.094356 0.023700 -0.399584 -0.579073 -0.352689 0.122229 -0.086070 -0.013696 -0.120196
0.285643 -0.204427 1.000000 0.187625 0.481884 0.105879 0.774938 0.188821 0.204071 0.144892 0.403028 0.231987 0.562322 0.318231 -0.027403 -0.220443 -0.144249 -0.290241 0.262491 -0.169757 -0.242692 -0.133901 0.473996 0.355678 0.105232 0.257995 0.070536 0.109265 -0.116045 -0.343326 0.168367 0.173446 0.223633 0.242406 0.021407 0.026828 -0.349002 -0.178268 -0.307176 -0.220566 -0.402440 -0.407639 0.104781 -0.070018 0.096361 0.050611 -0.221129 -0.106342 0.497133 0.137037 0.259261 0.113659 0.073129 -0.109591 -0.343951 -0.172477 -0.115890 -0.248738 0.292407 -0.252615 0.391220 0.036341 -0.336644 -0.288439 0.587714 0.346753 -0.074943 0.226137 -0.293058 -0.179618 -0.077961 0.000206 -0.202209 -0.164983 0.140152 -0.051104 0.213011 0.014313 -0.340471 -0.290747 -0.326669 -0.459530 -0.029019 -0.127768 -0.174426 -0.078241 -0.087414 0.286748 0.032594 -0.031332 0.154337 0.236773 0.096582 0.000432 -0.162295 -0.113400 -0.123305 -0.400000 -0.101447 -0.194856 -0.006335 -0.058820 -0.098392 -0.113559 0.006186 -0.167957 -0.153035 -0.105609 -0.123402 -0.071579 -0.054654 0.052054 -0.050552 -0.139006 -0.126772 -0.163092
0.178315 0.548338 0.187625 1.000000 0.050957 0.158304 0.200454 0.623097 -0.089816 -0.076420 0.066093 0.407463 -0.098382 -0.123533 -0.060923 0.059006 -0.213932 0.105209 0.563765 0.487760 -0.322100 -0.233674 0.141353 0.293461 -0.076422 -0.036227 -0.132540 0.053617 -0.140241 -0.304419 -0.199825 -0.108605 0.041920 0.109526 -0.135693 -0.004884 -0.375110 -0.410168 -0.094195 -0.044950 -0.118719 -0.329337 -0.106526 -0.342882 -0.350030 -0.219979 -0.229181 -0.458665 -0.167054 -0.408107 -0.186040 -0.346032 -0.062239 -0.091971 0.024908 -0.066037 0.198193 0.181925 0.158360 0.257888 0.081880 -0.002014 -0.176427 -0.143933 0.077721 0.065272 0.217979 -0.046701 0.400043 -0.179237 -0.197470 -0.278467 -0.143325 -0.366521 -0.206282 -0.031798 -0.425692 -0.150962 -0.051469 0.134136 -0.487151 -0.151626 0.092955 0.177043 -0.163647 -0.126775 0.373729 0.110086 0.214817 0.389524 0.011598 0.013366 0.327196 0.284861 -0.252136 0.014569 -0.202849 -0.215837 -0.137616 -0.200338 -0.018690 -0.210980 0.109474 -0.228671 -0.162126 -0.171897 0.225290 -0.094915 -0.118428 -0.474209 -0.488827 -0.442104 -0.170247 -0.276963 -0.207977 -0.215883
-0.021488 -0.311104 0.481884 0.050957 1.000000 0.521198 0.560362 0.043220 0.355428 0.448582 0.036156 -0.025360 0.295582 0.248469 0.184852 0.135588 -0.372247 -0.241982 0.049731 -0.271533 -0.105710 -0.036316 0.146797 0.208830 0.025355 0.293291 0.356846 0.068465 -0.256538 -0.327583 0.083597 0.120176 -0.086296 -0.139803 0.158518 0.146640 -0.092539 -0.124846 -0.096660 -0.079889 0.038668 -0.350904 0.142448 -0.098053 0.082972 0.061999 0.086722 -0.116636 0.287282 0.183828 0.394703 0.185337 0.214759 0.063222 0.087962 -0.045512 -0.173155 -0.286491 0.131628 -0.289691 0.168411 -0.113824 -0.311067 -0.303817 0.446271 0.320519 -0.135872 0.089564 -0.292905 -0.185322 -0.117598 -0.063451 -0.360640 -0.376820 -0.228786 -0.278828 0.048931 0.064667 -0.303016 -0.152499 -0.262826 -0.236780 -0.027144 0.125834 0.043212 0.090245 -0.259138 -0.032381 0.075635 0.096384 0.160871 0.118929 0.222307 0.241365 0.065451 0.089903 0.130028 -0.032650 0.329774 -0.148099 0.213608 -0.001841 0.305244 -0.297340 0.198689 -0.148240 -0.010053 0.038562 0.028848 0.096279 -0.099747 0.185049 0.121189 -0.064065 -0.136963 -0.295163
-0.087022 -0.284948 0.105879 0.158304 0.521198 1.000000 0.251912 -0.029298 0.323409 0.660617 -0.258264 -0.341902 -0.055133 0.025623 0.061938 0.318943 -0.531237 -0.372577 -0.141444 -0.268271 0.300905 0.388854 0.091228 0.340581 0.333698 0.566761 0.706465 0.262524 -0.475852 -0.193799 0.064524 0.143060 -0.354936 -0.369085 0.256939 0.087487 0.142508 -0.225996 -0.091050 0.121451 0.309545 -0.024649 0.323761 0.065898 0.027334 -0.017049 0.235195 0.033724 -0.109894 -0.000745 0.219257 0.074422 0.346520 0.296128 0.203142 0.136963 -0.017334 -0.324571 -0.137693 -0.240724 -0.040629 -0.329042 -0.254064 -0.393834 0.100852 0.011493 0.001715 0.039972 -0.174412 -0.283640 -0.279684 0.042710 -0.405947 -0.249722 -0.162047 -0.029819 0.063182 -0.193423 -0.152580 -0.280395 -0.216267 -0.092667 -0.121379 0.165478 0.328456 0.356325 0.100382 -0.031311 0.278422 0.168214 0.142056 0.025758 0.076823 0.309220 0.082581 0.065213 -0.023804 0.107357 0.057268 -0.033218 0.080282 0.071374 0.249368 -0.129275 0.201652 -0.095839 0.006598 0.025397 0.089809 0.084090 0.089207 0.174799 0.141334 0.015112 -0.137369 -0.152986
0.213269 -0.264095 0.774938 0.200454 0.560362 0.251912 1.000000 0.288184 0.220404 0.244789 0.347933 0.179429 0.490851 0.246533 0.011932 -0.074596 -0.162168 -0.263577 0.147940 -0.081073 -0.162362 -0.125818 0.370747 0.383295 0.101997 0.238245 0.223000 0.114674 -0.140786 -0.301496 0.147645 0.146464 0.151570 0.098776 -0.015446 -0.052765 -0.216608 -0.161001 -0.244908 -0.213254 -0.278245 -0.282746 0.089651 -0.093728 0.082628 0.063261 -0.207170 -0.158701 0.320553 0.130823 0.287887 0.026110 0.131182 -0.071651 -0.233035 -0.099468 -0.126633 -0.314165 0.202046 -0.230461 0.289721 -0.107663 -0.342177 -0.370341 0.530801 0.296237 -0.104438 0.225131 -0.278215 -0.216349 0.007562 0.063081 -0.167091 -0.131333 0.096137 0.001472 0.106662 -0.045831 -0.322242 -0.310250 -0.311821 -0.468359 0.064672 0.130527 -0.075139 0.023704 0.071805 0.281009 0.132678 0.162766 0.153455 0.187748 0.141779 0.059421 -0.265455 -0.167735 -0.173635 -0.339000 -0.150211 -0.157339 -0.020493 -0.012437 -0.055957 -0.139408 -0.086382 -0.081561 -0.018062 -0.047131 -0.151262 -0.106557 -0.135719 -0.088944 -0.209352 -0.240383 -0.237278 -0.164861
0.208759 0.555095 0.188821 0.623097 0.043220 -0.029298 0.288184 1.000000 0.097476 0.088238 0.126766 0.445017 0.111383 0.198341 -0.152787 -0.105279 -0.168749 0.028478 0.365308 0.421839 -0.559563 -0.582298 -0.178422 -0.072915 -0.328197 -0.149550 -0.282305 -0.369404 -0.131949 -0.255900 -0.405341 -0.305844 0.083721 0.188906 -0.247454 -0.050569 -0.476343 -0.470682 -0.393639 -0.255339 -0.236056 -0.389284 0.002342 -0.251772 -0.057473 0.106872 -0.198509 -0.281993 0.094506 -0.002076 -0.220188 -0.015570 -0.128138 -0.271213 -0.248104 -0.313358 0.149527 0.343759 0.453198 0.392357 0.283097 0.450803 -0.150583 0.063336 0.204952 0.405116 0.188184 0.196939 0.229145 0.161883 -0.260551 -0.306577 -0.168292 -0.361823 -0.241930 -0.175721 -0.313260 -0.010775 -0.244284 0.010495 -0.414330 -0.250290 -0.089309 -0.006001 -0.417404 -0.478485 0.095695 0.042562 -0.086038 0.136476 0.147751 0.082072 0.396620 0.082746 -0.185767 0.166325 -0.125266 -0.325266 -0.042507 -0.351123 0.117564 -0.241690 0.113064 -0.339495 -0.016965 -0.317984 0.215613 0.079133 -0.061621 -0.296573 -0.398691 -0.235652 0.048032 -0.259415 -0.257716 -0.321691
0.093990 -0.037622 0.204071 -0.089816 0.355428 0.323409 0.220404 0.097476 1.000000 0.537409 0.094851 0.082036 0.310847 0.249632 0.470427 0.366617 -0.242300 -0.000159 0.073928 -0.111657 -0.043718 -0.061772 -0.027426 -0.190916 0.015919 -0.035454 0.209108 -0.180507 -0.001444 -0.175313 -0.184214 -0.260176 -0.047575 -0.165908 0.098673 -0.106229 -0.043517 -0.089203 -0.141646 -0.130017 0.017039 -0.105920 -0.090422 -0.343922 -0.201074 -0.286881 0.067922 -0.276394 0.204411 -0.144180 0.315895 -0.163102 0.133251 -0.054736 0.196302 -0.082011 -0.021557 -0.177495 0.124394 -0.215479 0.196135 0.054636 -0.121319 -0.112205 0.378147 0.124625 -0.048772 -0.149031 -0.112686 -0.065610 -0.037803 -0.229918 -0.244203 -0.337771 -0.328470 -0.283528 -0.030853 0.127699 -0.115735 0.114976 -0.032470 0.042353 -0.018098 0.101212 0.171147 0.030099 -0.053853 -0.296750 0.052479 -0.013114 0.105410 -0.000062 0.276617 0.401575 0.199026 0.054290 0.140400 0.031260 0.055893 -0.209168 0.183787 -0.063005 0.226205 -0.353578 0.169500 -0.377640 0.017061 0.017373 0.206433 0.185666 -0.195622 -0.042820 0.052434 -0.074942 -0.126861 -0.219063
-0.009387 -0.324104 0.144892 -0.076420 0.448582 0.660617 0.244789 0.088238 0.537409 1.000000 -0.109231 -0.232740 0.073518 0.199986 0.125056 0.462313 -0.379613 -0.436430 -0.300146 -0.314739 0.152567 0.215800 0.041632 0.129099 0.133523 0.287796 0.466435 -0.022927 -0.410039 -0.172913 -0.000566 0.009197 -0.243093 -0.266640 0.296822 0.010493 0.246161 -0.091465 -0.125787 0.011113 0.122299 -0.016282 0.302847 0.124112 0.132637 0.081804 0.247793 0.127819 0.030259 0.171652 0.225846 0.137517 0.313802 0.169665 0.184333 0.000374 -0.053464 -0.312236 -0.083763 -0.331059 0.030558 -0.127225 -0.276939 -0.372781 0.282954 0.143283 -0.173016 0.013316 -0.337108 -0.218570 -0.246094 0.027567 -0.487236 -0.184696 -0.125887 0.010538 0.273079 -0.011090 -0.201672 -0.411730 -0.084084 -0.206950 -0.029419 0.205968 0.393772 0.178211 0.023947 -0.055913 0.237314 -0.027179 0.225814 0.125845 0.123603 0.156122 0.070681 -0.021918 -0.003998 0.008043 0.134962 -0.016687 0.065508 0.168197 0.113848 -0.063430 0.185542 -0.175938 -0.081534 -0.026881 0.190011 0.035426 0.129069 0.145806 0.160393 0.096876 -0.111696 -0.135613
0.390603 -0.015304 0.403028 0.066093 0.036156 -0.258264 0.347933 0.126766 0.094851 -0.109231 1.000000 0.400112 0.568568 0.194477 0.377271 -0.200827 0.315711 -0.035968 0.295373 0.088355 -0.221427 -0.279847 0.452145 0.314018 0.056808 -0.014593 -0.029973 0.147581 0.317140 -0.194350 0.126550 0.047145 0.352238 0.403885 -0.118604 -0.168831 -0.132728 0.159041 -0.248954 -0.354316 -0.381768 -0.193619 -0.223201 -0.292342 -0.114818 -0.060428 -0.387160 -0.236130 0.262551 -0.052396 0.051941 -0.163899 -0.064292 -0.156602 -0.411129 -0.246073 0.008376 -0.076991 0.131788 -0.125937 0.196293 0.142089 -0.139860 -0.038749 0.511129 0.196441 -0.233621 0.075524 -0.225796 -0.089523 0.048926 -0.105276 0.091451 -0.063123 0.216230 -0.071601 0.157437 -0.018874 -0.163477 -0.063069 -0.083420 -0.419689 0.462962 0.042611 0.189446 -0.215675 0.131765 0.288987 0.045802 -0.158127 0.037734 0.096910 0.123744 -0.035161 -0.285072 -0.395443 -0.333960 -0.438211 -0.300095 -0.061449 -0.095327 0.170983 -0.357632 -0.003944 -0.253754 -0.268754 -0.154663 -0.091020 -0.070265 -0.218895 -0.257471 -0.254486 -0.358585 -0.137214 -0.271392 -0.119556
0.125679 0.414936 0.231987 0.407463 -0.025360 -0.341902 0.179429 0.445017 0.082036 -0.232740 0.400112 1.000000 0.284580 0.217367 0.296597 0.009974 0.154463 0.449229 0.453972 0.348542 -0.544318 -0.457342 0.076294 -0.039824 -0.233567 -0.238902 -0.449341 -0.096206 0.345616 0.046379 -0.104764 -0.049815 0.345292 0.414737 -0.085116 0.031703 -0.494117 -0.119545 -0.216535 -0.146193 -0.335360 -0.409704 -0.266887 -0.379591 -0.279035 -0.137414 -0.318228 -0.446114 0.204602 -0.243951 0.140692 -0.205875 -0.361057 -0.454121 -0.289749 -0.418508 0.005761 0.075850 0.220898 0.059116 0.178849 0.203841 -0.020806 0.134303 0.256815 0.255637 0.011667 0.021422 0.062778 -0.057583 0.024052 -0.283453 0.102269 -0.176418 -0.185346 -0.230528 -0.181064 0.334489 0.115355 0.387612 -0.150368 -0.032883 0.218142 0.192577 -0.273121 -0.236973 -0.055796 -0.046115 -0.331343 -0.181711 -0.265240 -0.246368 0.254048 -0.088312 -0.162081 0.155192 0.049639 -0.310514 -0.116481 -0.453229 0.230167 -0.174151 0.161436 -0.366228 0.011197 -0.352869 0.038824 -0.121139 -0.193100 -0.179695 -0.414704 -0.399128 -0.250753 -0.405516 -0.230902 -0.283015
0.168980 -0.193061 0.562322 -0.098382 0.295582 -0.055133 0.490851 0.111383 0.310847 0.073518 0.568568 0.284580 1.000000 0.632310 0.237791 -0.095947 0.027914 -0.076655 -0.027417 -0.280247 -0.231763 -0.149067 0.526132 0.190267 0.185927 0.220502 0.052048 0.169633 0.162709 -0.074927 0.170569 0.188739 0.351658 0.424983 0.167304 0.155956 -0.185419 0.056034 -0.212445 -0.248474 -0.335476 -0.163387 -0.012760 -0.217000 0.131372 0.067415 -0.280709 -0.170086 0.567250 0.178352 0.305208 0.141135 -0.052322 -0.240527 -0.472475 -0.404594 -0.206921 -0.247685 0.223375 -0.266590 0.450370 0.156503 -0.063628 0.010820 0.538864 0.315408 -0.144855 0.131504 -0.331250 -0.007555 -0.172914 0.112378 -0.001015 0.009583 0.164613 -0.098003 0.265867 0.175371 -0.264491 -0.116886 -0.130056 -0.372976 0.007623 -0.072461 -0.169364 -0.281764 -0.141856 0.227525 -0.243498 -0.348843 -0.122633 -0.010437 -0.035623 -0.168088 -0.030298 -0.097823 -0.033271 -0.464097 -0.231603 -0.349309 0.153582 -0.058911 -0.097102 -0.193514 0.134789 -0.308861 -0.315662 -0.219736 -0.109798 0.158958 0.045918 0.019502 -0.103681 -0.159730 -0.146088 -0.163494
0.058642 -0.166023 0.318231 -0.123533 0.248469 0.025623 0.246533 0.198341 0.249632 0.199986 0.194477 0.217367 0.632310 1.000000 0.012718 -0.034644 -0.075258 -0.076126 -0.184302 -0.376729 -0.156138 -0.098731 0.109464 -0.030567 0.016316 0.244008 -0.022069 -0.074721 0.011127 0.064930 0.063833 0.216026 0.171180 0.204238 0.200439 0.143804 -0.208515 -0.121549 -0.210077 -0.103282 -0.169231 -0.173459 0.180731 -0.024547 0.192367 0.088382 -0.072156 -0.043121 0.450094 0.259360 0.243445 0.394050 0.075369 -0.099081 -0.355041 -0.378296 -0.159037 -0.288512 0.314623 -0.153949 0.530181 0.324909 -0.040289 0.016897 0.397083 0.485168 0.141307 0.003228 -0.279067 -0.053177 -0.187082 0.145812 0.076642 0.080547 0.119108 -0.013317 0.292120 0.187568 -0.121172 -0.154330 -0.062481 -0.164698 -0.240990 -0.172772 -0.221880 -0.101944 -0.364144 0.041593 -0.245975 -0.233525 -0.176156 -0.086581 -0.097966 -0.217987 0.076507 0.244313 0.117223 -0.269760 -0.079322 -0.325271 0.298954 -0.169636 0.114225 -0.187975 0.283831 -0.249718 -0.343918 -0.248925 -0.050741 0.155174 0.066599 0.073923 0.069706 -0.026956 -0.071884 -0.171554
0.037854 0.086522 -0.027403 -0.060923 0.184852 0.061938 0.011932 -0.152787 0.470427 0.125056 0.377271 0.296597 0.237791 0.012718 1.000000 0.462076 0.065421 0.269806 0.231809 0.103287 -0.003248 0.044326 0.203749 -0.032922 0.119824 -0.079350 0.070864 0.083465 0.349779 0.087558 0.018125 -0.088060 0.237548 0.130023 0.030864 -0.067855 0.110098 0.243791 0.002102 -0.164969 0.178010 -0.019259 -0.256344 -0.381064 -0.305075 -0.267969 -0.074094 -0.396113 0.029467 -0.213438 0.211647 -0.281884 -0.167925 -0.252400 -0.013240 -0.203204 -0.066812 -0.022149 -0.072535 -0.171971 -0.071791 -0.063591 0.016926 0.072324 0.214011 -0.163134 -0.156349 -0.289228 -0.064641 -0.098414 0.067194 -0.207089 0.060096 -0.141503 -0.133287 -0.178738 0.030466 0.272578 0.154525 0.312914 0.216772 0.238296 0.535822 0.410352 0.317378 0.031140 0.049983 -0.207674 -0.110053 -0.221307 -0.175944 -0.304893 0.053560 0.216749 -0.051800 -0.126346 0.036047 -0.110054 0.054074 -0.221565 0.152080 -0.039660 0.124818 -0.306440 0.003963 -0.416902 -0.038206 -0.148457 -0.012322 -0.032830 -0.358519 -0.198626 -0.083689 -0.152425 -0.221847 -0.347606
-0.191797 -0.021066 -0.220443 0.059006 0.135588 0.318943 -0.074596 -0.105279 0.366617 0.462313 -0.200827 0.009974 -0.095947 -0.034644 0.462076 1.000000 -0.069738 0.272813 -0.166418 -0.035164 0.229754 0.327121 -0.096573 -0.148513 0.067254 -0.121996 0.123231 -0.100209 0.113068 0.312938 -0.004227 -0.047828 -0.103169 -0.215292 0.108999 -0.106082 0.371671 0.120515 0.253094 0.128334 0.355462 0.240396 -0.102719 -0.155872 -0.204305 -0.260728 0.171315 -0.249852 -0.123436 -0.221544 0.161117 -0.186921 0.005336 -0.026667 0.403704 0.107295 -0.086588 -0.250862 -0.255635 -0.275670 -0.098387 -0.234743 0.118898 -0.176825 0.001543 -0.127191 -0.156640 -0.468543 -0.076771 -0.313536 0.071712 0.098222 -0.052219 0.049945 -0.287972 0.052027 -0.084479 0.154678 0.211504 0.219742 0.218074 0.346112 0.238089 0.536670 0.347555 0.245294 0.156929 -0.273618 0.076117 0.080663 -0.138917 -0.220155 0.070483 0.241524 -0.057257 -0.061629 0.097160 0.169832 0.104193 0.013480 0.125304 -0.020797 0.247235 -0.131413 0.041796 -0.132686 0.035703 -0.218549 -0.054248 -0.087804 -0.200242 -0.206745 -0.051489 -0.076270 -0.036614 -0.095340
0.104955 0.022941 -0.144249 -0.213932 -0.372247 -0.531237 -0.162168 -0.168749 -0.242300 -0.379613 0.315711 0.154463 0.027914 -0.075258 0.065421 -0.069738 1.000000 0.342548 0.040461 0.193539 0.131968 -0.130767 0.023397 -0.124920 0.055677 -0.254649 -0.224845 -0.129326 0.678922 0.330095 0.172303 -0.025064 0.150274 0.134496 -0.408580 -0.237118 0.126227 0.332999 0.144467 -0.061628 -0.112963 0.278497 -0.509747 -0.222061 -0.208358 -0.141312 -0.519521 -0.171892 -0.111794 -0.205210 -0.370676 -0.146746 -0.214941 -0.131507 -0.198669 -0.073514 0.117288 0.094352 -0.072802 0.061946 -0.025014 0.200541 0.348768 0.292353 -0.264373 -0.001437 -0.245051 -0.125936 -0.005521 0.099282 0.442272 0.123529 0.637676 0.473644 0.390957 0.227258 0.126426 0.016238 0.460936 0.243365 0.570816 0.139635 0.382915 0.051641 0.053751 -0.097643 0.097154 0.011247 -0.035744 -0.157070 -0.046428 -0.056732 -0.164419 -0.216529 -0.351097 -0.411298 -0.491127 -0.011284 -0.360048 0.285740 -0.246675 0.128401 -0.387641 0.401529 -0.477535 0.179660 -0.020614 -0.024125 -0.337120 -0.319290 -0.137828 -0.358714 -0.355744 0.044793 -0.005739 0.098226
-0.076374 0.347644 -0.290241 0.105209 -0.241982 -0.372577 -0.263577 0.028478 -0.000159 -0.436430 -0.035968 0.449229 -0.076655 -0.076126 0.269806 0.272813 0.342548 1.000000 0.280504 0.342441 -0.213626 -0.151873 -0.288673 -0.328109 -0.268700 -0.469860 -0.430356 -0.258119 0.615805 0.494532 -0.116894 -0.111637 0.237180 0.123104 -0.152741 -0.107587 -0.217940 -0.029912 0.040831 -0.065185 -0.052940 -0.040173 -0.389051 -0.437861 -0.330847 -0.316801 -0.121114 -0.511368 -0.062510 -0.398093 0.074369 -0.273475 -0.315401 -0.293031 -0.017970 -0.199698 0.083139 0.168156 -0.037315 0.026782 -0.006340 0.084064 0.490263 0.507413 -0.120487 -0.138122 0.098157 -0.429220 0.224693 0.055215 0.296342 -0.086937 0.381260 0.091597 -0.342471 -0.264929 -0.423208 0.287092 0.509970 0.894429 0.276096 0.653204 0.029229 0.122223 -0.181642 -0.145160 -0.056120 -0.424929 -0.346856 0.038715 -0.435498 -0.409012 0.184277 0.020946 0.027198 0.217457 0.237177 0.004903 0.046217 -0.214708 0.285201 -0.325112 0.357259 -0.359141 0.074011 -0.177024 0.098207 -0.160904 -0.120715 0.022702 -0.408390 -0.218893 -0.120676 -0.257955 0.096543 -0.075854
0.419300 0.520444 0.262491 0.563765 0.049731 -0.141444 0.147940 0.365308 0.073928 -0.300146 0.295373 0.453972 -0.027417 -0.184302 0.231809 -0.166418 0.040461 0.280504 1.000000 0.663984 -0.461312 -0.408460 0.075671 0.091945 -0.176454 -0.207040 -0.318431 -0.109286 0.139712 -0.252533 -0.241606 -0.257256 0.277446 0.176610 -0.224469 -0.128817 -0.490374 -0.260607 -0.218101 -0.223621 -0.146672 -0.407290 -0.318899 -0.554499 -0.530452 -0.404606 -0.290897 -0.586374 -0.095962 -0.468063 -0.162177 -0.444038 -0.156268 -0.208257 -0.138845 -0.217578 0.323544 0.423438 0.249691 0.219300 0.181456 0.177148 -0.068538 0.184119 0.154811 -0.116468 0.115214 -0.156831 0.428734 0.060540 -0.012408 -0.501518 -0.006605 -0.369889 -0.165263 -0.247499 -0.329583 -0.013030 0.126791 0.382058 -0.250336 0.035823 0.186506 0.008621 -0.159267 -0.237973 0.111512 -0.190209 -0.013384 0.128388 0.008942 -0.054337 0.397088 0.320502 -0.150513 0.068906 -0.153004 -0.221366 -0.004873 -0.238939 0.051203 -0.228118 0.166271 -0.339221 -0.133077 -0.259649 0.205480 0.116993 -0.060495 -0.344578 -0.612613 -0.302999 -0.127428 -0.211895 -0.188488 -0.263231
0.115936 0.615191 -0.169757 0.487760 -0.271533 -0.268271 -0.081073 0.421839 -0.111657 -0.314739 0.088355 0.348542 -0.280247 -0.376729 0.103287 -0.035164 0.193539 0.342441 0.663984 1.000000 -0.404614 -0.408121 -0.145223 -0.063407 -0.192625 -0.374956 -0.420133 -0.278924 0.223259 -0.043764 -0.191049 -0.207295 0.240472 0.270917 -0.290350 -0.094984 -0.353912 -0.290319 -0.219486 -0.198652 -0.037740 -0.155317 -0.390773 -0.396455 -0.424917 -0.230448 -0.305720 -0.437793 -0.420560 -0.401621 -0.410881 -0.514548 -0.349131 -0.365476 -0.117574 -0.275819 0.222218 0.606906 0.040558 0.391502 -0.087439 0.168515 0.154869 0.304343 -0.175984 -0.271428 0.080451 -0.071790 0.552812 0.352401 0.106448 -0.361293 0.121173 -0.133786 -0.143085 -0.068788 -0.319933 0.160146 0.195330 0.352509 0.009816 0.172815 0.282733 0.257323 -0.206453 -0.307871 0.241500 -0.199241 -0.147658 0.041207 0.100598 -0.166171 0.327398 0.177837 -0.189666 0.041894 -0.152782 -0.162493 -0.044527 -0.264751 0.027315 -0.230517 0.107148 -0.255271 -0.219204 -0.206253 0.324269 0.176822 -0.137240 -0.392739 -0.518787 -0.404229 -0.117792 -0.219357 -0.224359 -0.203152
-0.273980 -0.427546 -0.242692 -0.322100 -0.105710 0.300905 -0.162362 -0.559563 -0.043718 0.152567 -0.221427 -0.544318 -0.231763 -0.156138 -0.003248 0.229754 0.131968 -0.213626 -0.461312 -0.404614 1.000000 0.707242 0.192376 0.115470 0.546606 0.334131 0.531575 0.361648 0.029425 0.184156 0.509064 0.291614 -0.379717 -0.376077 -0.058618 -0.151966 0.610352 0.378277 0.498629 0.371149 0.438203 0.686095 -0.110037 0.249037 -0.010028 -0.081815 0.001033 0.254512 -0.303302 -0.083723 -0.100493 -0.087411 0.147990 0.361567 0.303398 0.502729 -0.137097 -0.397639 -0.561103 -0.340919 -0.392477 -0.421165 -0.012157 -0.326814 -0.227810 -0.169821 -0.311789 -0.176982 -0.236425 -0.408830 0.324426 0.476828 0.265983 0.449591 0.373670 0.475213 0.183166 -0.260167 0.210601 -0.174940 0.314793 0.140335 0.122109 0.021567 0.575930 0.560550 0.226164 0.048159 0.415445 0.023312 0.012625 0.043155 -0.438981 0.114736 -0.110231 -0.371731 -0.281662 0.434117 -0.193485 0.582732 -0.380040 0.340183 -0.302394 0.571146 -0.295492 0.406675 -0.008150 -0.110335 -0.163439 0.000221 0.347623 0.045975 -0.059430 0.230122 0.124117 0.215838
-0.183717 -0.405093 -0.133901 -0.233674 -0.036316 0.388854 -0.125818 -0.582298 -0.061772 0.215800 -0.279847 -0.457342 -0.149067 -0.098731 0.044326 0.327121 -0.130767 -0.151873 -0.408460 -0.408121 0.707242 1.000000 0.252913 0.166491 0.453965 0.370461 0.395005 0.403369 -0.074555 0.320938 0.488183 0.484298 -0.207595 -0.227404 0.351580 0.140473 0.526214 0.183535 0.344325 0.416916 0.363956 0.426250 0.152224 0.257714 0.041866 -0.073289 0.182356 0.184542 -0.266632 -0.080836 0.083225 -0.037831 0.160926 0.230331 0.190207 0.331757 -0.077872 -0.386046 -0.495850 -0.402922 -0.225902 -0.529776 -0.012442 -0.268181 -0.194147 -0.347468 -0.146648 -0.245154 -0.269530 -0.427657 0.100069 0.487421 0.117223 0.410237 0.255915 0.371221 0.212404 -0.159949 0.228295 -0.149736 0.286802 0.253506 -0.011792 0.035624 0.412836 0.609069 0.112651 0.081942 0.161593 -0.013048 -0.273424 -0.146669 -0.429200 -0.083097 0.166761 -0.110306 0.050524 0.226359 -0.123503 0.255439 -0.109278 0.069019 -0.069423 0.272017 0.069660 0.220142 -0.225135 -0.336771 -0.063502 0.107738 0.370712 0.168383 0.097292 0.135126 0.274528 0.256238
0.134552 -0.266667 0.473996 0.141353 0.146797 0.091228 0.370747 -0.178422 -0.027426 0.041632 0.452145 0.076294 0.526132 0.109464 0.203749 -0.096573 0.023397 -0.288673 0.075671 -0.145223 0.192376 0.252913 1.000000 0.668936 0.601005 0.454471 0.255679 0.678816 0.011045 -0.193132 0.532074 0.451652 0.137141 0.290271 0.220848 0.187743 0.009301 0.185049 0.061728 -0.019712 -0.195847 0.012919 -0.123342 -0.104989 -0.083716 -0.056775 -0.387091 -0.113371 0.149703 -0.084323 0.154962 -0.176942 -0.043845 -0.077120 -0.342840 -0.179345 -0.105557 -0.282187 -0.217600 -0.332649 0.008997 -0.264868 -0.190991 -0.203755 0.299533 -0.089986 -0.323540 0.093460 -0.257935 -0.283860 -0.032755 0.207775 -0.019110 0.136207 0.469675 0.209896 0.304879 -0.007541 -0.057033 -0.278197 -0.051068 -0.374463 0.320608 0.059378 0.262865 0.065057 0.245992 0.375169 0.149071 -0.221795 -0.019318 0.051739 -0.216097 -0.094713 -0.221106 -0.394089 -0.327705 -0.375492 -0.340948 -0.074349 -0.214738 0.156037 -0.316140 0.122377 -0.182268 -0.110359 -0.279068 -0.265283 -0.234194 -0.140263 0.148714 -0.122635 -0.272637 -0.150627 -0.175955 -0.103407
0.088938 -0.365418 0.355678 0.293461 0.208830 0.340581 0.383295 -0.072915 -0.190916 0.129099 0.314018 -0.039824 0.190267 -0.030567 -0.032922 -0.148513 -0.124920 -0.328109 0.091945 -0.063407 0.115470 0.166491 0.668936 1.000000 0.371128 0.460291 0.445900 0.642761 -0.316998 -0.363669 0.301415 0.367169 -0.132614 -0.003017 0.199055 0.097219 -0.019559 -0.032285 -0.013377 0.054578 -0.167828 -0.166009 0.090076 0.009070 -0.055299 -0.014777 -0.152324 0.012157 -0.062010 -0.057077 0.190428 -0.061248 0.208150 0.198224 -0.181944 -0.091292 -0.008204 -0.332768 -0.268873 -0.301212 -0.126284 -0.429773 -0.349108 -0.363033 0.204269 -0.085098 -0.188338 0.243374 -0.159922 -0.242401 -0.010470 0.175433 -0.281624 -0.079127 0.228077 0.079593 0.191394 -0.148403 -0.097538 -0.307944 -0.241312 -0.429504 0.211343 -0.019349 0.366494 0.236646 0.226080 0.329287 0.354615 0.124381 0.211736 0.181867 0.091572 -0.007552 -0.191744 -0.201456 -0.329329 -0.216695 -0.307425 -0.003084 -0.226624 0.169377 -0.143407 0.089599 -0.116981 -0.009205 -0.133302 0.056192 -0.128137 -0.065914 0.137743 -0.027659 -0.330574 -0.181828 -0.223002 -0.137450
-0.155959 -0.356878 0.105232 -0.076422 0.025355 0.333698 0.101997 -0.328197 0.015919 0.133523 0.056808 -0.233567 0.185927 0.016316 0.119824 0.067254 0.055677 -0.268700 -0.176454 -0.192625 0.546606 0.453965 0.601005 0.371128 1.000000 0.772599 0.474345 0.536000 0.140118 0.068785 0.605877 0.473784 -0.116227 0.001048 0.194992 0.148709 0.256935 0.251463 0.084241 0.034761 0.104513 0.256058 -0.037599 0.032168 -0.026711 -0.035236 -0.165977 0.023938 -0.103289 -0.110469 0.092685 -0.077886 0.049594 0.154189 -0.147733 -0.023594 -0.180858 -0.402349 -0.399344 -0.345944 -0.183679 -0.313882 -0.087917 -0.219153 -0.010716 -0.129377 -0.321742 -0.008796 -0.229734 -0.314314 0.013457 0.275834 0.217832 0.251089 0.369299 0.276963 0.224794 -0.139065 0.063456 -0.219593 0.189946 -0.083766 0.224773 0.197565 0.390975 0.316360 0.239653 0.182131 0.136595 -0.275250 -0.022185 -0.124915 -0.308482 -0.057893 -0.069465 -0.290654 -0.335850 -0.048564 -0.352317 0.065434 -0.163821 0.297299 -0.230453 0.274708 -0.143382 -0.003296 -0.182563 -0.243190 -0.183323 -0.012647 0.259237 -0.031853 -0.164731 0.054757 -0.129993 0.001420
-0.111184 -0.454264 0.257995 -0.036227 0.293291 0.566761 0.238245 -0.149550 -0.035454 0.287796 -0.014593 -0.238902 0.220502 0.244008 -0.079350 -0.121996 -0.254649 -0.469860 -0.207040 -0.374956 0.334131 0.370461 0.454471 0.460291 0.772599 1.000000 0.564525 0.522505 -0.191483 -0.053179 0.437265 0.514967 -0.179154 -0.043657 0.321937 0.235808 0.089671 0.010119 -0.188766 0.005668 -0.008432 -0.051409 0.331655 0.202882 0.158076 0.138418 0.087421 0.233823 0.043456 0.137452 0.251301 0.247617 0.220108 0.311893 -0.272733 -0.106072 -0.164921 -0.425835 -0.188391 -0.307997 -0.011918 -0.262862 -0.250490 -0.280563 0.123523 0.088141 -0.113625 0.187090 -0.306075 -0.234133 -0.305283 0.141840 -0.064908 0.044522 0.239884 0.082457 0.248655 -0.217201 -0.170507 -0.428626 -0.041336 -0.223765 -0.078158 0.005049 0.223067 0.317532 0.015174 0.258622 0.076985 -0.235064 0.022005 0.010000 -0.156930 -0.127275 0.099098 0.018044 -0.149950 -0.107523 -0.182176 -0.072430 0.054296 0.229254 -0.028667 0.110612 0.158360 -0.076210 -0.303628 -0.166380 -0.004385 0.138581 0.354064 0.248521 0.041681 0.084395 -0.113291 -0.046938
-0.074019 -0.473300 0.070536 -0.132540 0.356846 0.706465 0.223000 -0.282305 0.209108 0.466435 -0.029973 -0.449341 0.052048 -0.022069 0.070864 0.123231 -0.224845 -0.430356 -0.318431 -0.420133 0.531575 0.395005 0.255679 0.445900 0.474345 0.564525 1.000000 0.526469 -0.373746 -0.263689 0.159413 0.090435 -0.432175 -0.458375 0.073723 -0.186967 0.337617 0.012327 0.045239 0.149495 0.116988 0.216654 0.195257 0.092307 -0.023368 -0.111833 0.152074 0.242440 -0.063656 -0.006370 0.210637 0.064068 0.484634 0.532113 0.193828 0.256576 -0.071004 -0.395603 -0.247122 -0.277237 -0.198105 -0.384306 -0.253763 -0.387140 0.051668 -0.079861 -0.156146 0.077192 -0.219783 -0.230134 -0.110672 0.204536 -0.323625 -0.023709 0.019564 0.070928 0.124793 -0.329689 -0.186268 -0.406930 -0.060994 -0.259681 0.078888 -0.008632 0.530489 0.397776 0.150568 0.246524 0.555195 0.228890 0.275944 0.273032 -0.006428 0.175626 0.054935 -0.220882 -0.205514 0.136105 -0.114882 0.250554 -0.201022 0.323158 -0.106197 0.204308 -0.002451 0.100570 -0.057256 0.092554 0.148948 0.186041 0.311024 0.198006 -0.098088 0.139570 -0.043680 0.069782
-0.017202 -0.306504 0.109265 0.053617 0.068465 0.262524 0.114674 -0.369404 -0.180507 -0.022927 0.147581 -0.096206 0.169633 -0.074721 0.083465 -0.100209 -0.129326 -0.258119 -0.109286 -0.278924 0.361648 0.403369 0.678816 0.642761 0.536000 0.522505 0.526469 1.000000 -0.187077 -0.191938 0.278053 0.306202 -0.116534 -0.028687 0.233285 0.130758 0.208159 0.268289 0.245792 0.176358 -0.006547 0.156137 0.022392 -0.015068 -0.170225 -0.173886 -0.085657 0.053525 -0.022855 -0.184868 0.243580 -0.114346 0.194715 0.253382 -0.045472 0.107139 -0.057640 -0.314620 -0.285742 -0.236014 -0.137386 -0.417303 -0.115661 -0.198056 -0.031077 -0.262720 -0.092362 0.119727 -0.115035 -0.267523 -0.128108 0.221413 -0.134868 0.056147 0.265875 0.162993 0.091999 -0.138780 -0.042818 -0.210042 -0.050781 -0.221509 0.168916 0.008457 0.379501 0.320937 0.205957 0.399051 0.304952 0.051724 -0.060809 0.015881 -0.186553 -0.052042 -0.015114 -0.225200 -0.164187 -0.049008 -0.300759 0.043772 -0.250536 0.237544 -0.229432 0.139697 -0.082700 0.025034 -0.130143 -0.167499 0.005479 0.086666 0.271660 -0.008579 -0.317752 -0.127034 -0.102284 0.031320
0.082263 0.173064 -0.116045 -0.140241 -0.256538 -0.475852 -0.140786 -0.131949 -0.001444 -0.410039 0.317140 0.345616 0.162709 0.011127 0.349779 0.113068 0.678922 0.615805 0.139712 0.223259 0.029425 -0.074555 0.011045 -0.316998 0.140118 -0.191483 -0.373746 -0.187077 1.000000 0.537401 0.279122 0.122990 0.375136 0.360660 -0.215051 -0.137901 0.041999 0.350575 -0.026269 -0.328573 -0.103056 0.073190 -0.493982 -0.348586 -0.201196 -0.188212 -0.351375 -0.401825 -0.015772 -0.262733 -0.114847 -0.219647 -0.377141 -0.300706 -0.250120 -0.190151 0.010777 0.003250 -0.017503 -0.026148 0.031882 0.160005 0.469273 0.368917 -0.083504 -0.018863 -0.149399 -0.375056 0.001858 -0.051788 0.314025 -0.016013 0.748161 0.259600 0.122297 -0.028084 -0.082439 0.094473 0.432587 0.574705 0.495866 0.356357 0.346792 0.243310 -0.045688 -0.139351 0.103096 -0.133379 -0.320328 -0.281321 -0.365145 -0.349071 -0.107480 -0.055774 -0.198324 -0.290442 -0.123252 -0.145178 -0.167701 0.015997 0.085015 0.042965 -0.131007 0.037459 -0.256810 -0.146054 -0.051514 -0.371843 -0.246641 -0.227684 -0.375959 -0.349895 -0.205365 -0.042272 -0.023422 -0.057133
-0.284117 -0.034632 -0.343326 -0.304419 -0.327583 -0.193799 -0.301496 -0.255900 -0.175313 -0.172913 -0.194350 0.046379 -0.074927 0.064930 0.087558 0.312938 0.330095 0.494532 -0.252533 -0.043764 0.184156 0.320938 -0.193132 -0.363669 0.068785 -0.053179 -0.263689 -0.191938 0.537401 1.000000 0.228772 0.271692 0.138237 0.109733 0.067601 0.020029 0.243109 0.223393 0.067580 0.038425 0.159807 0.267187 0.070771 0.123866 0.102536 0.001048 0.078882 -0.014966 -0.105199 -0.031061 0.000457 0.106443 -0.191655 -0.099395 -0.134040 -0.067159 -0.157117 -0.065565 -0.243607 -0.117145 -0.090187 -0.041838 0.353286 0.249295 -0.333640 -0.175025 -0.009979 -0.405955 -0.117535 -0.101777 0.163014 0.316845 0.629057 0.605632 0.158553 0.204337 0.102409 0.135573 0.444718 0.324485 0.486790 0.511442 0.005356 0.143808 -0.071252 0.114435 -0.069489 -0.156861 -0.357031 -0.259966 -0.535555 -0.431984 -0.297087 -0.374919 0.015236 0.040534 0.163584 -0.027757 -0.068737 -0.018435 0.169993 -0.192602 0.049010 0.059159 0.117864 0.051395 -0.230230 -0.382051 -0.179460 0.026401 0.096237 0.008703 0.071213 0.032578 0.220081 0.180347
-0.229383 -0.487711 0.168367 -0.199825 0.083597 0.064524 0.147645 -0.405341 -0.184214 -0.000566 0.126550 -0.104764 0.170569 0.063833 0.018125 -0.004227 0.172303 -0.116894 -0.241606 -0.191049 0.509064 0.488183 0.532074 0.301415 0.605877 0.437265 0.159413 0.278053 0.279122 0.228772 1.000000 0.860618 -0.004704 0.218725 0.238986 0.209633 0.164238 0.204505 0.100531 0.055514 0.040080 0.209387 -0.123362 0.166779 0.160343 0.143202 -0.207230 0.077298 -0.110027 0.067116 0.090614 -0.100435 -0.111195 -0.028477 -0.227470 -0.107861 -0.272709 -0.415420 -0.507528 -0.497257 -0.274958 -0.385048 0.008420 -0.178774 0.146795 -0.049752 -0.474794 -0.060505 -0.420333 -0.329399 0.344250 0.467441 0.323412 0.448141 0.457752 0.277752 0.391977 0.124258 0.128877 -0.155368 0.259708 -0.017722 0.206848 0.169966 0.287508 0.279431 -0.006569 0.095540 -0.037720 -0.389605 -0.081992 -0.135612 -0.345949 -0.168849 -0.135430 -0.279852 -0.168095 -0.062063 -0.116223 0.108724 -0.040864 0.234101 -0.193805 0.262081 -0.147177 0.100235 -0.209533 -0.267928 -0.290755 -0.044347 0.258367 0.033925 -0.064100 0.040326 -0.036847 0.015169
-0.279925 -0.500336 0.173446 -0.108605 0.120176 0.143060 0.146464 -0.305844 -0.260176 0.009197 0.047145 -0.049815 0.188739 0.216026 -0.088060 -0.047828 -0.025064 -0.111637 -0.257256 -0.207295 0.291614 0.484298 0.451652 0.367169 0.473784 0.514967 0.090435 0.306202 0.122990 0.271692 0.860618 1.000000 0.035034 0.300188 0.420131 0.341947 0.016096 -0.001548 -0.026435 0.091833 0.000096 -0.001931 0.119810 0.259123 0.271210 0.248516 -0.058701 0.119754 -0.060629 0.170901 0.226623 0.079694 -0.077454 -0.039701 -0.326831 -0.236711 -0.279193 -0.442733 -0.418364 -0.468007 -0.160812 -0.391577 -0.024728 -0.188562 0.170012 0.009072 -0.237037 0.041592 -0.387092 -0.255363 0.119938 0.420386 0.237002 0.355384 0.339463 0.171765 0.366233 0.154548 0.079759 -0.187916 0.180719 -0.021600 0.042001 0.112466 0.144284 0.267291 -0.120810 0.122092 -0.173873 -0.399789 -0.191361 -0.228522 -0.304879 -0.285501 0.016510 0.001372 0.026675 -0.132947 -0.083977 -0.101526 0.136310 0.087424 -0.026208 0.073275 0.069745 -0.005005 -0.346320 -0.288730 -0.242788 0.067891 0.287148 0.092914 0.003313 -0.070558 -0.053075 -0.029811
0.306374 0.256239 0.223633 0.041920 -0.086296 -0.354936 0.151570 0.083721 -0.047575 -0.243093 0.352238 0.345292 0.351658 0.171180 0.237548 -0.103169 0.150274 0.237180 0.277446 0.240472 -0.379717 -0.207595 0.137141 -0.132614 -0.116227 -0.179154 -0.432175 -0.116534 0.375136 0.138237 -0.004704 0.035034 1.000000 0.814335 -0.035568 -0.043321 -0.175743 0.069737 -0.275538 -0.427468 -0.221305 -0.228546 -0.041105 -0.220954 -0.003887 -0.020011 -0.161068 -0.307572 0.183888 0.023481 0.034312 -0.060543 -0.105797 -0.346998 -0.370122 -0.343655 0.057310 0.165784 0.174730 -0.030470 0.412962 0.265315 0.336092 0.392580 0.207079 -0.013335 0.147074 -0.219524 0.160205 0.084407 -0.158427 -0.139342 0.235817 0.000869 0.131390 -0.048027 0.194735 0.298025 0.021886 0.173078 0.076736 0.015028 -0.010826 0.091978 -0.277127 -0.341190 -0.117204 -0.033207 -0.424182 -0.240299 -0.403247 -0.321555 -0.107222 -0.245035 -0.164285 0.013407 0.046792 -0.496198 0.015526 -0.344704 0.204513 -0.191518 -0.033796 -0.315344 -0.014117 -0.406293 -0.175414 -0.420956 0.008731 -0.132281 -0.350160 -0.179901 -0.031740 -0.110802 -0.116622 -0.174890
0.113610 0.243320 0.242406 0.109526 -0.139803 -0.369085 0.098776 0.188906 -0.165908 -0.266640 0.403885 0.414737 0.424983 0.204238 0.130023 -0.215292 0.134496 0.123104 0.176610 0.270917 -0.376077 -0.227404 0.290271 -0.003017 0.001048 -0.043657 -0.458375 -0.028687 0.360660 0.109733 0.218725 0.300188 0.814335 1.000000 0.079365 0.214790 -0.276269 -0.005131 -0.320461 -0.407113 -0.258346 -0.243131 -0.055287 -0.111243 0.132845 0.209907 -0.270083 -0.201719 0.167112 0.123277 -0.015724 -0.013659 -0.273984 -0.459556 -0.561046 -0.507625 -0.120733 0.182089 0.095431 -0.010443 0.290282 0.285712 0.273794 0.357435 0.256675 0.148892 0.003962 0.035667 -0.011521 0.154370 -0.172653 -0.089435 0.236892 0.045338 0.222472 -0.019567 0.212500 0.359292 -0.047320 0.052263 0.023968 -0.106236 0.049394 0.114592 -0.307047 -0.452833 -0.111245 0.083815 -0.506049 -0.488365 -0.287689 -0.334556 -0.128293 -0.324788 -0.205494 -0.024166 -0.004061 -0.577490 -0.056432 -0.448060 0.201371 -0.129241 -0.104584 -0.264689 -0.012810 -0.456951 -0.195857 -0.382107 -0.143871 -0.163144 -0.178540 -0.155482 -0.022844 -0.192104 -0.236429 -0.261604
-0.064528 -0.313700 0.021407 -0.135693 0.158518 0.256939 -0.015446 -0.247454 0.098673 0.296822 -0.118604 -0.085116 0.167304 0.200439 0.030864 0.108999 -0.408580 -0.152741 -0.224469 -0.290350 -0.058618 0.351580 0.220848 0.199055 0.194992 0.321937 0.073723 0.233285 -0.215051 0.067601 0.238986 0.420131 -0.035568 0.079365 1.000000 0.576730 0.073379 -0.028518 -0.038791 0.043785 0.008400 -0.189753 0.328304 0.068171 0.129562 0.032993 0.275296 0.020641 0.028417 0.027142 0.458486 0.053468 0.065074 0.006766 -0.039677 -0.313186 -0.061474 -0.248306 -0.146486 -0.352485 0.076873 -0.272437 -0.100118 -0.042907 0.232379 -0.128480 0.067641 -0.012848 -0.281128 -0.145321 -0.198455 0.128238 -0.213540 -0.007328 -0.008455 -0.046568 0.322481 0.198451 0.061567 -0.135288 -0.035418 0.047964 -0.226252 0.055474 0.167627 0.265629 -0.163523 -0.013045 -0.144679 -0.187274 -0.248554 -0.312823 -0.051144 -0.201525 0.352834 0.320918 0.378815 -0.161085 0.047472 -0.373989 0.416141 -0.039411 0.340506 -0.294422 0.565310 -0.218817 -0.289178 -0.248453 0.223350 0.314859 0.340666 0.276610 0.045685 -0.072666 0.012298 0.004950
-0.218246 -0.156643 0.026828 -0.004884 0.146640 0.087487 -0.052765 -0.050569 -0.106229 0.010493 -0.168831 0.031703 0.155956 0.143804 -0.067855 -0.106082 -0.237118 -0.107587 -0.128817 -0.094984 -0.151966 0.140473 0.187743 0.097219 0.148709 0.235808 -0.186967 0.130758 -0.137901 0.020029 0.209633 0.341947 -0.043321 0.214790 0.576730 1.000000 -0.144399 -0.030462 0.109098 0.139292 0.103372 -0.152265 0.094842 0.085923 0.244412 0.396381 -0.101839 0.029788 0.100660 0.180196 0.097944 0.186882 -0.262440 -0.303323 -0.249518 -0.342121 -0.118265 0.021623 -0.013682 -0.096024 0.045602 -0.066783 -0.150170 0.093476 0.023200 0.096755 -0.087865 0.363784 -0.224529 0.126123 0.000485 0.063519 -0.070858 0.017892 0.083966 -0.000321 0.168314 0.313131 -0.060491 -0.044874 -0.105082 0.044058 -0.156235 0.012688 -0.214515 -0.009869 -0.235332 -0.075896 -0.396123 -0.320210 -0.099981 -0.280449 -0.220625 -0.260696 0.176386 0.337294 0.186900 -0.059597 -0.045224 -0.386921 0.260673 -0.240145 0.245081 -0.191915 0.316792 -0.117229 -0.123739 -0.032043 -0.182652 0.137698 0.310125 0.231029 0.117704 -0.221962 -0.076511 -0.217981
