1.000000 0.462681 0.062009 0.122083 0.052776 0.089902 0.040785 -0.102052 0.150901 0.048941 0.359039 0.056183 0.133829 0.036923 0.029768 0.128033 0.298170 0.204919 -0.082629 0.255121 -0.079378 -0.063284 -0.148829 -0.085065 0.067190 -0.031388 -0.108186 0.096373 0.083028 -0.103933 -0.002091 -0.065531 -0.225517 -0.201608 -0.323471 -0.246755 0.253348 0.003472 0.020586 -0.193343 0.043574 0.039085 -0.395727 -0.393717 -0.355236 -0.416077 -0.319496 -0.359555 -0.060982 -0.178959 -0.011117 0.130071 0.258633 -0.123758 0.237147 -0.135983 0.498035 0.313714 0.341994 0.215003 0.234744 0.240593 0.454343 0.408638 -0.095246 -0.021281 -0.176301 -0.131946 -0.073532 -0.250025 0.179296 0.118238 0.066460 0.212506 0.226325 0.223199 -0.063904 -0.114042 0.190544 -0.110326 0.221768 0.241276 -0.088090 -0.144641 -0.130509 -0.231473 -0.258732 -0.241164 -0.139264 -0.201037 0.055378 -0.094548 -0.132575 0.002536 0.036848 0.128962 -0.121702 -0.076497 -0.196561 -0.138238 0.035088 0.063885 0.310349 0.094165 0.241522 -0.033229 -0.075212 -0.046941 0.005243 0.118333 -0.327950 -0.440345 -0.339528 -0.072717 -0.175297 -0.096257
0.462681 1.000000 -0.330761 0.265263 -0.154019 0.183611 -0.347526 0.088478 -0.230415 -0.072017 0.019591 0.345471 -0.163370 0.036196 -0.245069 0.222465 0.209218 0.033885 -0.094000 0.063220 0.166494 0.243843 -0.544670 -0.187447 -0.218209 -0.139045 -0.009269 0.121271 -0.160286 -0.379908 -0.161769 -0.197497 -0.033603 -0.262406 -0.339506 -0.258537 0.074689 -0.151416 -0.186707 0.209577 0.082472 0.220200 -0.068935 -0.270203 -0.050354 -0.078461 -0.152365 -0.029250 0.175905 0.260056 -0.005635 0.480945 0.147505 0.106987 0.037857 0.250109 0.100665 0.281405 0.221808 0.476831 0.010856 0.464362 0.237857 0.540552 -0.256018 0.340610 0.002020 -0.156384 0.286293 -0.065751 0.107542 0.135613 -0.177438 0.087560 0.068089 0.169041 -0.248737 -0.413329 0.057069 -0.385390 0.014102 0.158327 -0.028042 0.140988 -0.269790 0.075207 -0.242778 -0.107312 0.037195 -0.042401 -0.062275 -0.336910 -0.396488 -0.587515 0.000919 0.045867 0.061463 0.086254 -0.004845 -0.044372 0.081828 -0.284689 -0.015603 -0.108109 0.310065 -0.308512 -0.233948 -0.298457 -0.216367 -0.110173 -0.172395 -0.289660 -0.246996 0.024491 -0.080017 -0.441519
0.062009 -0.330761 1.000000 0.000267 0.300294 0.028453 0.624557 -0.010137 0.184161 -0.231132 -0.023594 -0.370565 0.033409 -0.353768 -0.054048 -0.246829 -0.001809 -0.032535 0.172533 -0.123907 -0.138332 0.114279 0.658722 0.209370 0.440778 0.535116 0.210602 0.324090 -0.088011 -0.112973 0.180460 0.150097 -0.054096 0.019369 0.172913 0.051094 -0.238410 -0.260716 -0.000745 -0.051998 -0.312509 -0.192663 -0.150402 0.076800 -0.201063 -0.192440 -0.233458 -0.124176 -0.180431 -0.464434 0.411485 -0.315855 -0.100602 -0.348425 -0.048693 -0.161904 -0.102324 -0.074126 -0.014854 -0.075845 0.093494 -0.328850 -0.034048 -0.265711 0.293982 -0.218945 0.243522 0.241904 -0.170240 0.085940 -0.008541 -0.026819 -0.041935 -0.053833 -0.075006 -0.012366 -0.004591 0.080018 0.175441 0.139016 -0.099988 -0.056732 -0.241238 -0.382684 0.211823 -0.287903 0.223877 0.152081 0.254335 0.113600 -0.213755 0.194365 -0.073086 0.420911 -0.077391 -0.118420 0.012763 -0.106847 -0.116166 0.012914 -0.205840 0.187475 -0.096973 0.194281 -0.047186 0.005246 -0.036082 -0.085598 0.099058 -0.068323 0.269886 -0.068146 -0.054169 0.003035 0.067394 0.011054
0.122083 0.265263 0.000267 1.000000 0.148303 0.585299 0.039047 0.631953 -0.057742 0.422307 -0.138860 0.072652 -0.212363 0.008558 -0.235812 0.355381 -0.115143 -0.140694 -0.136682 -0.139240 0.362805 0.093365 -0.138088 0.264797 0.295399 0.362408 0.371515 0.465465 -0.329097 -0.080470 0.235290 0.192671 -0.383027 -0.196663 -0.329990 0.158141 -0.273737 -0.096386 -0.215008 -0.170484 -0.158583 -0.019367 -0.112315 -0.199213 0.077389 0.159876 -0.342065 -0.052717 -0.076234 0.167064 0.018622 0.253591 -0.063460 -0.102762 -0.116884 -0.265255 -0.207473 -0.251209 -0.155688 -0.003826 0.001419 0.268122 0.066740 -0.026003 -0.006391 0.626448 -0.272658 0.283434 -0.001648 -0.141977 0.324368 0.186917 -0.331327 0.118933 -0.141038 0.219510 -0.358319 -0.014515 0.179776 -0.191221 -0.114978 -0.014377 -0.168294 0.013743 -0.036692 0.224869 -0.263041 -0.128413 0.008782 -0.108384 -0.057143 -0.336197 0.070568 -0.152195 -0.175470 -0.015870 -0.175414 -0.088753 -0.198106 -0.406950 0.385388 0.069554 0.198658 -0.184788 0.000553 -0.167995 -0.058986 -0.112999 0.003895 -0.180277 -0.156543 -0.305585 -0.235979 0.071547 -0.286892 -0.069314
0.052776 -0.154019 0.300294 0.148303 1.000000 0.226684 0.421036 0.277645 0.309170 0.348258 0.015716 -0.000004 0.098449 0.047251 0.074504 0.149577 0.149512 0.145622 0.164022 -0.047671 0.095349 0.032231 0.230266 0.128625 0.371410 0.242991 0.392795 0.117862 0.102122 0.089494 0.260486 0.265330 -0.280915 -0.055765 0.129632 0.285206 -0.079743 -0.251968 -0.100909 -0.291929 -0.189234 -0.019722 -0.120891 -0.121650 0.259520 0.265023 -0.367400 -0.186231 -0.037380 0.067255 -0.031413 -0.074465 -0.192160 -0.162215 -0.092567 -0.444084 -0.086690 -0.092022 0.167642 -0.192732 0.302536 -0.073677 0.150591 -0.075259 0.348999 0.089243 -0.017441 0.149454 0.022056 -0.044598 0.237589 -0.041175 0.218449 0.089353 0.146805 0.188073 0.040697 0.052511 0.205652 -0.023737 0.164550 0.215727 -0.092234 -0.108868 0.107196 -0.021225 -0.070607 -0.150759 0.133781 -0.167035 -0.112377 -0.167140 -0.093768 0.025497 -0.380284 -0.151255 -0.294634 -0.504100 -0.330996 -0.391096 0.203456 0.065949 0.015732 -0.329233 -0.282533 -0.322599 -0.086197 -0.104048 -0.048371 -0.169207 -0.004880 -0.330940 -0.240789 -0.159697 -0.132554 -0.044583
0.089902 0.183611 0.028453 0.585299 0.226684 1.000000 -0.123503 0.292106 0.123555 0.403872 -0.144360 -0.106940 -0.000644 -0.046491 -0.124992 0.461119 -0.344932 -0.289845 -0.234484 -0.282946 0.086469 -0.006626 -0.078253 -0.013235 0.550145 0.323808 0.485806 0.729037 -0.365063 -0.045497 0.142820 0.127326 -0.497688 -0.411269 -0.030212 0.408256 -0.229222 0.108424 -0.178681 -0.147418 -0.120029 -0.008497 0.166300 0.116289 0.318297 0.302535 -0.158260 0.250768 0.247431 0.308438 0.239065 0.320151 -0.002323 0.062351 0.199210 -0.057753 -0.287031 -0.331581 0.015557 0.047739 0.064516 0.312478 0.049844 -0.158943 0.064741 0.587344 -0.230047 0.290722 -0.069797 -0.106650 0.284229 0.060889 -0.360225 0.159441 -0.071731 0.279577 -0.369062 0.103160 0.118728 -0.285982 -0.275374 -0.201849 -0.134696 -0.242129 -0.140947 -0.017216 -0.325901 -0.301389 -0.138375 -0.286675 0.091644 -0.390830 -0.119317 -0.111735 -0.011669 0.052660 0.180206 0.049651 0.116462 -0.235644 0.298057 -0.042066 0.246832 -0.078218 0.103462 -0.190876 -0.123467 -0.158177 0.125910 0.109443 -0.047748 -0.249162 -0.316965 -0.064345 -0.223966 0.017243
0.040785 -0.347526 0.624557 0.039047 0.421036 -0.123503 1.000000 0.309448 0.231010 0.145323 0.082122 -0.226457 -0.040279 -0.187721 0.063731 -0.154354 0.074762 0.103715 0.305593 -0.001895 0.031788 -0.054107 0.391730 0.186241 0.151892 0.201092 0.138250 -0.063949 -0.009893 0.104656 0.241857 0.163893 -0.017057 0.247200 -0.026964 -0.080057 -0.264845 -0.327782 -0.035155 -0.199045 -0.245498 -0.232747 -0.187444 -0.141479 0.002258 -0.044402 -0.273042 -0.206376 -0.191822 -0.255253 -0.016211 -0.318393 -0.193397 -0.220875 -0.258634 -0.451611 -0.050732 -0.042383 -0.025146 -0.210718 0.247180 -0.204433 0.025511 -0.213428 0.513844 -0.104451 0.055451 0.066729 -0.095944 -0.054833 0.164991 -0.005867 0.037429 -0.008133 -0.093810 0.024280 0.045136 0.165570 0.134958 0.067860 0.056355 0.056823 -0.008800 -0.142594 0.164227 -0.122534 0.124086 -0.005421 0.232883 0.050186 -0.163460 0.158714 0.046700 0.350564 -0.260295 -0.163672 -0.343008 -0.470162 -0.301253 -0.153471 -0.041220 0.372912 0.108420 0.038593 -0.218542 -0.054608 -0.034042 0.073898 -0.031309 -0.217117 0.038654 -0.060841 -0.029377 0.085947 0.041531 0.074217
-0.102052 0.088478 -0.010137 0.631953 0.277645 0.292106 0.309448 1.000000 -0.000278 0.592293 -0.311882 0.032842 -0.319803 0.012502 -0.337442 0.240746 -0.037153 -0.029209 -0.013795 -0.177070 0.332131 -0.037215 -0.300645 0.074780 -0.007368 0.061671 0.360679 0.047529 -0.223061 0.080726 0.034419 0.033150 -0.142042 0.040012 -0.119914 0.170549 -0.269999 -0.168057 -0.380817 -0.157806 -0.065728 0.040653 -0.087878 -0.090772 0.239043 0.408091 -0.199424 0.019517 -0.076157 0.285964 -0.211885 0.095783 -0.221764 -0.069347 -0.307383 -0.405225 -0.220653 -0.309745 -0.112228 -0.084802 0.241434 0.377256 0.039707 -0.010421 0.238507 0.602616 -0.083958 0.250225 0.028661 -0.023807 0.216187 0.034535 -0.131124 -0.014723 -0.113210 0.030657 -0.128517 0.074857 0.058407 -0.086801 -0.086936 -0.054382 -0.107163 0.102787 -0.147302 0.048963 -0.235840 -0.180271 0.060556 -0.098827 -0.027106 -0.270691 0.128440 -0.172274 -0.378522 -0.205355 -0.342192 -0.286000 -0.272875 -0.285437 0.230751 0.120934 0.176276 -0.240551 -0.211828 -0.093921 0.074094 0.061507 -0.229953 -0.297231 -0.135234 -0.094344 -0.009440 0.139414 -0.193544 -0.097607
0.150901 -0.230415 0.184161 -0.057742 0.309170 0.123555 0.231010 -0.000278 1.000000 0.257511 0.186854 0.069932 0.422796 0.351545 0.508586 0.248932 -0.113064 0.069654 -0.126683 -0.062302 -0.495668 -0.475708 0.221194 -0.237845 0.285160 -0.215566 -0.079177 -0.006862 0.215328 0.445826 0.001750 -0.027032 -0.262170 -0.140204 0.289050 0.197157 0.221473 0.215586 0.032342 -0.357127 -0.036377 -0.125353 -0.123250 -0.084554 0.038711 0.009258 -0.044988 -0.173300 0.035828 -0.076601 -0.018536 -0.198642 -0.034201 -0.240882 0.134880 -0.230086 -0.020250 -0.257230 0.125387 -0.120285 0.260695 0.054592 0.110336 -0.060353 0.390761 -0.055095 -0.211568 0.099058 -0.340605 -0.317101 -0.155036 -0.180608 0.126309 0.141308 0.129647 0.100669 0.122631 0.208006 -0.090472 0.133838 0.001975 -0.071912 -0.149070 -0.273912 -0.044946 -0.342600 -0.163344 -0.179018 -0.282487 -0.226297 -0.017701 0.095897 0.168005 0.433946 0.070306 0.103932 0.076104 -0.103383 0.042234 -0.162685 0.172956 0.201799 0.184363 -0.009726 0.024018 0.163865 0.208696 0.182181 0.233422 0.368457 -0.343815 -0.242171 -0.165921 -0.252423 0.040937 0.150668
0.048941 -0.072017 -0.231132 0.422307 0.348258 0.403872 0.145323 0.592293 0.257511 1.000000 -0.067658 0.107791 -0.170461 0.289531 -0.090971 0.428938 -0.030884 0.155851 -0.240069 -0.048393 0.194929 -0.227709 -0.312826 -0.143538 0.199854 -0.132538 0.163974 -0.097928 -0.091685 0.414162 0.251896 0.284331 -0.424577 -0.007831 -0.075648 0.203506 -0.013691 0.147022 -0.230807 -0.437441 -0.097773 -0.087673 -0.085631 -0.149856 0.279677 0.352732 -0.202641 -0.048158 -0.079353 0.294415 -0.315474 0.111052 -0.093658 0.027898 -0.037997 -0.441251 0.014474 -0.227987 -0.102426 -0.231828 0.141251 0.274962 0.229928 0.097034 0.188627 0.410162 -0.332669 0.135389 -0.182100 -0.320267 0.352030 0.201924 0.024344 0.358677 0.003927 0.258551 -0.017403 0.311773 0.070038 0.075845 0.167265 0.157328 -0.199864 -0.012177 -0.143803 0.047365 -0.361108 -0.399139 -0.354499 -0.445451 0.097297 -0.329518 0.250801 0.045788 -0.155067 0.109338 -0.180915 -0.229293 -0.219242 -0.449825 0.407157 0.272545 0.475595 -0.192678 -0.071716 -0.059888 0.033413 0.106925 0.084850 0.105616 -0.412395 -0.329372 -0.178984 0.029782 -0.300211 0.164748
0.359039 0.019591 -0.023594 -0.138860 0.015716 -0.144360 0.082122 -0.311882 0.186854 -0.067658 1.000000 0.300540 0.429854 0.222105 0.492504 -0.051633 0.252944 0.316088 0.203338 0.497412 -0.033399 0.030278 0.237061 0.247029 -0.009526 -0.020056 -0.046719 -0.108899 0.297121 0.032395 0.162245 0.125921 -0.125279 0.013151 -0.253204 -0.242662 -0.073726 -0.250929 -0.138324 -0.323058 -0.225705 -0.202510 -0.175040 -0.260649 -0.207452 -0.348775 -0.305533 -0.294855 -0.284535 -0.310123 -0.192961 -0.158176 0.005641 -0.027448 -0.115150 -0.164696 0.195223 0.205703 -0.079149 -0.139832 -0.144721 -0.187573 0.155892 0.038792 -0.024619 -0.349070 -0.292569 -0.262957 0.035460 -0.218857 0.212725 0.045953 0.200289 0.227137 0.308403 0.311365 0.151389 0.031702 0.191441 -0.006509 0.438991 0.376414 0.148503 0.055085 0.371695 0.175744 0.138578 0.041454 0.074056 0.034748 -0.116625 0.072229 -0.104131 0.200659 -0.007220 0.009592 -0.257653 -0.293908 -0.128768 -0.142940 -0.018172 0.055699 0.128731 -0.106097 0.052969 -0.080529 -0.011003 -0.004976 0.069534 0.133753 -0.151931 -0.221657 -0.149485 0.048909 0.129841 0.077812
0.056183 0.345471 -0.370565 0.072652 -0.000004 -0.106940 -0.226457 0.032842 0.069932 0.107791 0.300540 1.000000 0.152667 0.698031 0.092370 0.276533 0.234739 0.451380 -0.183990 0.101541 -0.079764 0.113483 -0.294247 -0.039743 -0.181034 -0.179710 -0.223664 -0.232225 0.252878 0.184759 0.026675 0.126888 -0.152409 -0.090307 -0.096978 -0.090485 0.174969 -0.159808 -0.281527 -0.066390 -0.068000 -0.042899 -0.036934 -0.112568 0.023177 0.090352 -0.179426 -0.126446 0.020873 0.147121 -0.247410 -0.005363 -0.150101 -0.074584 -0.271197 -0.120591 0.037396 -0.019193 -0.178198 -0.183610 -0.185216 0.069154 0.082554 0.214858 -0.140013 0.123294 -0.199645 -0.094137 0.071280 -0.336453 0.130186 0.268283 0.280144 0.145873 0.208030 0.278428 0.228103 -0.106648 -0.028761 -0.033067 0.260309 0.274521 -0.126933 0.311599 -0.082852 0.235308 -0.150816 0.001252 -0.141054 -0.090511 -0.311244 -0.176866 0.048321 -0.257106 0.032652 0.082452 -0.153369 -0.020620 -0.118601 -0.276815 0.240804 -0.133675 -0.153500 -0.247956 0.029709 -0.201952 -0.037558 -0.076296 0.064739 0.175947 -0.208010 -0.137084 -0.032370 0.018660 0.122865 -0.095419
0.133829 -0.163370 0.033409 -0.212363 0.098449 -0.000644 -0.040279 -0.319803 0.422796 -0.170461 0.429854 0.152667 1.000000 0.383787 0.599104 0.183099 -0.014462 0.031241 0.171396 0.094575 -0.343995 -0.269145 0.261972 -0.007350 0.013086 -0.104984 -0.120367 0.072599 0.472178 0.296766 -0.252977 -0.204488 -0.007053 -0.167390 0.198051 0.255558 0.038350 0.038171 0.059554 -0.152392 -0.080374 -0.067570 -0.117368 -0.080166 -0.152132 -0.189339 0.018079 -0.143875 0.032961 -0.237149 0.023312 -0.320515 -0.028676 -0.113043 0.206118 -0.025555 -0.134250 -0.262991 0.226907 -0.186629 0.270338 -0.116553 0.134585 -0.232228 0.123606 -0.246406 -0.226661 -0.229385 -0.093506 -0.132499 -0.157819 -0.288495 0.293879 -0.021662 0.169653 0.005433 0.260238 0.202525 -0.083727 0.065029 0.029857 -0.148056 0.219889 -0.011312 0.082584 -0.126035 0.052874 0.150535 0.054525 0.235386 0.173145 0.366935 0.032372 0.264199 -0.033466 -0.009250 -0.054908 -0.089401 0.171584 0.107838 -0.199987 0.065169 -0.148910 -0.080934 -0.091967 0.007736 0.189489 0.111191 0.117370 0.229422 0.117391 0.008108 0.067322 -0.194468 0.327960 0.106621
0.036923 0.036196 -0.353768 0.008558 0.047251 -0.046491 -0.187721 0.012502 0.351545 0.289531 0.222105 0.698031 0.383787 1.000000 0.257551 0.410350 0.083771 0.451342 -0.261962 0.086651 -0.306978 -0.267574 -0.188069 -0.103427 -0.108790 -0.354388 -0.302577 -0.267908 0.319722 0.449214 -0.114640 -0.004384 -0.239601 -0.150824 0.147749 0.133239 0.287912 0.114434 -0.057940 -0.246373 -0.025599 -0.057999 -0.028501 -0.101370 -0.034736 0.057047 -0.013888 -0.145463 -0.029565 0.089342 -0.217213 -0.106072 -0.014205 -0.093313 -0.018692 -0.204945 0.005388 -0.237904 -0.048280 -0.294710 -0.064281 0.037712 0.167409 0.133380 -0.063233 0.025310 -0.309192 -0.125996 -0.105749 -0.336355 -0.003993 0.126439 0.349680 0.153414 0.199601 0.092130 0.335003 0.181281 -0.115411 0.125915 0.217782 0.109260 -0.099345 0.208319 -0.159718 0.077172 -0.223204 -0.031919 -0.356597 -0.139329 0.000798 0.064170 0.308526 0.040512 0.116435 0.230630 -0.085674 0.036893 0.058537 -0.243290 0.328062 0.059789 -0.008899 -0.191698 -0.047371 -0.045513 0.214051 0.148657 0.309582 0.347259 -0.318260 -0.124421 0.058826 0.006718 0.095551 0.173420
0.029768 -0.245069 -0.054048 -0.235812 0.074504 -0.124992 0.063731 -0.337442 0.508586 -0.090971 0.492504 0.092370 0.599104 0.257551 1.000000 0.176262 -0.125046 -0.027174 0.312397 0.249219 -0.336342 -0.299420 0.304035 0.080911 -0.050692 -0.197211 -0.199135 -0.141134 0.416644 0.228579 -0.086628 -0.090795 0.050517 -0.011830 0.112067 0.016512 0.081553 0.041800 0.121431 -0.135079 -0.017394 -0.135618 0.107541 -0.000617 0.009499 -0.178694 0.129293 -0.084352 0.000405 -0.122878 -0.120902 -0.187988 -0.019048 -0.039431 0.102044 -0.032304 -0.175294 -0.245304 0.075822 -0.204399 0.057374 -0.233620 -0.023977 -0.256601 0.174912 -0.336478 -0.276580 -0.318425 -0.059636 -0.247814 -0.225001 -0.263139 0.248130 -0.039958 0.165054 -0.018638 0.142944 0.068462 -0.192738 -0.060420 0.060355 -0.119781 0.372184 0.114582 0.203801 0.002677 0.162435 0.059254 0.048714 0.158009 0.075933 0.346384 0.117055 0.319536 0.012718 0.096386 0.007819 -0.146590 0.172539 0.024578 -0.035121 0.140982 -0.032306 -0.083787 -0.052798 0.047081 0.253885 0.109589 0.227410 0.202614 -0.067007 -0.041840 -0.127874 -0.284541 0.315361 0.226990
0.128033 0.222465 -0.246829 0.355381 0.149577 0.461119 -0.154354 0.240746 0.248932 0.428938 -0.051633 0.276533 0.183099 0.410350 0.176262 1.000000 -0.096235 0.020279 -0.110901 -0.214760 0.136072 -0.073917 -0.278880 -0.186754 0.074256 -0.069127 0.141326 0.168447 -0.032893 0.179434 -0.143289 -0.166991 -0.270030 -0.427310 -0.045417 0.255924 0.109043 0.183235 -0.039529 -0.036023 0.034209 0.160620 0.115450 0.052733 0.004081 0.019360 0.049977 0.144478 0.163064 0.191811 -0.056813 0.163137 -0.025494 0.054418 0.129121 -0.007732 -0.153277 -0.319995 0.098102 -0.181734 0.238030 0.418858 0.102669 0.081352 0.168405 0.431880 -0.474249 -0.218277 -0.051928 -0.331007 0.109349 0.060686 0.045633 0.194875 0.126825 0.176423 0.002792 0.058247 -0.050439 -0.193860 -0.120004 -0.068410 0.086880 0.103307 -0.202277 -0.018797 -0.301450 -0.224967 -0.046420 -0.028826 0.095489 -0.155626 0.026209 -0.175564 -0.086834 0.065251 0.085796 -0.039487 0.095772 -0.083327 0.247114 0.094506 0.100180 -0.168352 0.020022 -0.092296 0.041214 0.059761 0.115464 0.100152 -0.190326 -0.159701 -0.139459 -0.093910 -0.004052 0.004953
0.298170 0.209218 -0.001809 -0.115143 0.149512 -0.344932 0.074762 -0.037153 -0.113064 -0.030884 0.252944 0.234739 -0.014462 0.083771 -0.125046 -0.096235 1.000000 0.629194 -0.016420 0.235918 0.180623 0.313063 -0.111605 -0.076133 -0.233560 -0.063825 -0.095881 -0.304209 0.458317 0.052834 0.110994 0.108892 0.003432 0.063958 -0.105993 -0.344435 0.202716 -0.337245 -0.186418 -0.107586 -0.086181 0.107086 -0.248024 -0.248677 -0.217321 -0.244687 -0.306038 -0.413503 -0.290843 -0.289883 -0.151900 -0.162253 -0.109391 -0.273902 -0.198577 -0.100327 0.407274 0.534051 -0.109344 -0.189222 0.038254 -0.125459 0.428375 0.528978 -0.057311 -0.197313 -0.067596 -0.227963 0.095980 -0.128617 0.268918 0.160238 0.459793 0.156954 0.284981 0.259333 0.305115 -0.108263 0.541796 0.291421 0.686971 0.707357 -0.086933 0.196851 0.142227 0.071421 -0.062883 -0.042422 0.068167 -0.130189 -0.398340 -0.210079 -0.230376 -0.146762 -0.112272 -0.033838 -0.289923 -0.213734 -0.508331 -0.222555 -0.002102 -0.105704 0.043215 -0.133856 0.035577 -0.146689 -0.246976 -0.128375 -0.145502 -0.127933 -0.123069 -0.224016 -0.101245 -0.116943 -0.050636 -0.202087
0.204919 0.033885 -0.032535 -0.140694 0.145622 -0.289845 0.103715 -0.029209 0.069654 0.155851 0.316088 0.451380 0.031241 0.451342 -0.027174 0.020279 0.629194 1.000000 -0.093064 0.359589 -0.002893 0.204136 0.010617 -0.017194 -0.043653 -0.082350 -0.135740 -0.341377 0.541969 0.361095 0.093267 0.137536 -0.090020 0.134354 0.042435 -0.189308 0.253625 -0.175086 -0.074986 -0.250351 -0.260436 -0.154626 -0.207598 -0.192828 -0.210112 -0.154699 -0.306523 -0.380550 -0.452475 -0.313318 -0.317106 -0.304203 -0.246782 -0.246480 -0.322206 -0.358773 0.399611 0.378934 -0.191132 -0.385816 -0.163902 -0.242244 0.124486 0.260412 -0.046782 -0.278652 -0.170835 -0.188523 0.089661 -0.174878 0.355655 0.212351 0.623006 0.344700 0.275213 0.334614 0.520678 0.163070 0.489175 0.500302 0.721384 0.697910 -0.274897 0.113926 0.146912 0.102166 0.018770 0.079952 -0.157114 -0.155780 -0.324796 -0.092548 0.077993 0.004808 0.083078 0.194565 -0.350659 -0.147761 -0.410267 -0.313444 0.139971 0.007805 0.003065 -0.158346 -0.014254 -0.186558 -0.155541 -0.201250 0.205702 0.158645 -0.132240 -0.174241 0.066386 0.071128 0.013928 -0.013184
-0.082629 -0.094000 0.172533 -0.136682 0.164022 -0.234484 0.305593 -0.013795 -0.126683 -0.240069 0.203338 -0.183990 0.171396 -0.261962 0.312397 -0.110901 -0.016420 -0.093064 1.000000 0.379943 0.164566 0.091124 0.402503 0.344871 -0.216133 0.059569 0.230930 -0.054924 0.180340 -0.137783 -0.143266 -0.167340 0.372725 0.245836 -0.067852 -0.017322 -0.317247 -0.370073 -0.004091 0.074670 -0.141456 -0.003667 0.053048 -0.126012 -0.049584 -0.220568 -0.102521 -0.011731 -0.097715 -0.122266 -0.127829 -0.134904 -0.145395 0.045382 -0.216684 -0.138986 -0.124304 -0.055203 0.211392 0.002151 0.141239 -0.195349 -0.154201 -0.317277 0.254488 -0.300818 0.122409 -0.300467 0.530217 0.222746 -0.083198 -0.351113 0.087024 -0.254838 0.071766 -0.004999 0.142323 -0.045769 -0.009801 -0.164081 0.066359 -0.020177 0.435063 0.206982 0.355124 0.163010 0.382879 0.256019 0.661775 0.520481 0.042243 0.324001 -0.279335 -0.110037 -0.432738 -0.193636 -0.395891 -0.406086 -0.002017 0.225586 -0.246272 -0.149463 -0.341409 -0.415770 -0.313135 -0.368502 -0.048277 -0.203537 -0.140406 -0.258778 0.440810 0.116932 -0.034705 0.058910 0.360805 -0.091027
0.255121 0.063220 -0.123907 -0.139240 -0.047671 -0.282946 -0.001895 -0.177070 -0.062302 -0.048393 0.497412 0.101541 0.094575 0.086651 0.249219 -0.214760 0.235918 0.359589 0.379943 1.000000 -0.022269 0.001668 0.113006 0.231309 -0.161435 -0.116150 -0.209832 -0.286082 0.386512 0.145863 0.015159 0.099515 0.144521 0.446596 -0.234018 -0.236276 -0.088007 -0.144938 -0.078061 -0.243028 -0.261683 -0.165353 -0.083988 -0.227975 -0.102024 -0.265511 -0.341023 -0.227280 -0.465479 -0.227028 -0.475062 -0.257263 -0.223020 -0.097688 -0.236870 -0.254139 0.359393 0.338859 -0.158350 -0.178103 -0.278238 -0.307035 -0.048248 -0.045857 -0.093844 -0.411931 -0.192856 -0.334200 0.433421 0.125373 0.189858 -0.064631 0.333405 0.213411 0.319275 0.250449 0.332819 0.133880 0.303422 0.174131 0.585500 0.424440 0.098257 0.115053 0.211924 0.214210 0.191773 0.145702 0.031169 0.076790 -0.019234 0.155310 -0.002633 0.109040 -0.001497 0.306890 -0.402624 -0.188829 -0.161064 -0.005897 -0.043605 0.049620 0.147419 -0.159133 0.056722 -0.145955 0.111292 -0.100475 0.208684 0.180214 -0.067441 -0.136125 -0.102477 0.132983 0.168705 0.037821
-0.079378 0.166494 -0.138332 0.362805 0.095349 0.086469 0.031788 0.332131 -0.495668 0.194929 -0.033399 -0.079764 -0.343995 -0.306978 -0.336342 0.136072 0.180623 -0.002893 0.164566 -0.022269 1.000000 0.436628 -0.227223 0.154078 -0.037226 0.214716 0.379716 0.038115 -0.194211 -0.272164 0.190248 0.092908 -0.102551 -0.038702 -0.383530 -0.079884 -0.238854 -0.215169 -0.047985 0.081188 -0.025843 0.143939 -0.049382 -0.112101 -0.015370 0.029241 -0.182654 -0.002516 -0.124542 0.019411 -0.130223 0.156043 -0.136800 0.074708 -0.204665 -0.018668 -0.005442 0.089770 -0.109222 -0.099014 0.026159 0.146443 -0.018521 0.095445 -0.022665 0.291513 -0.085469 -0.057038 0.158622 0.135986 0.434143 0.258810 -0.040097 0.114345 -0.011121 0.266808 -0.112056 -0.033789 0.291532 -0.156438 0.098548 0.238069 0.046705 0.149006 0.142807 0.380334 -0.117975 -0.042679 0.328335 0.084364 -0.075058 -0.280685 -0.194427 -0.380630 -0.330296 -0.163819 -0.262850 -0.258497 -0.338063 -0.112648 0.117010 -0.076236 0.087139 -0.223174 -0.104876 -0.164297 -0.233436 -0.042515 -0.309230 -0.488081 0.104619 -0.101201 -0.015515 0.132037 -0.250429 -0.058055
-0.063284 0.243843 0.114279 0.093365 0.032231 -0.006626 -0.054107 -0.037215 -0.475708 -0.227709 0.030278 0.113483 -0.269145 -0.267574 -0.299420 -0.073917 0.313063 0.204136 0.091124 0.001668 0.436628 1.000000 0.044490 0.150142 0.077349 0.423130 0.208207 0.135787 0.018648 -0.413983 0.159043 0.134559 -0.035826 -0.172916 -0.133243 -0.136985 -0.245469 -0.473939 -0.196101 0.431125 -0.242177 0.134762 -0.069995 -0.085686 -0.142107 -0.085026 -0.343314 -0.109265 -0.197153 -0.170324 -0.039438 -0.080575 -0.247480 -0.050017 -0.277750 0.186317 -0.069919 0.313265 -0.210791 -0.003649 -0.239847 -0.125024 -0.167922 0.163762 -0.014653 0.094495 -0.007997 -0.161097 0.293901 0.180612 0.327339 0.277122 0.036976 0.004784 -0.006478 0.344886 -0.083765 -0.381843 0.352456 -0.121550 0.083325 0.330942 -0.122739 0.279564 0.165478 0.215499 0.156898 0.377281 0.473039 0.303663 -0.391135 -0.089203 -0.294113 -0.305258 0.068880 -0.031299 -0.057921 0.092252 -0.287163 0.035809 -0.098216 -0.256777 -0.330647 -0.022673 0.150831 -0.335849 -0.383780 -0.501420 -0.074416 -0.195380 0.340249 0.052963 0.100050 0.167381 0.094727 -0.294121
-0.148829 -0.544670 0.658722 -0.138088 0.230266 -0.078253 0.391730 -0.300645 0.221194 -0.312826 0.237061 -0.294247 0.261972 -0.188069 0.304035 -0.278880 -0.111605 0.010617 0.402503 0.113006 -0.227223 0.044490 1.000000 0.503822 0.460709 0.475010 0.215387 0.286994 0.075839 -0.003485 0.206494 0.180152 -0.046012 0.082777 0.128871 0.085664 -0.265505 -0.251875 0.102481 -0.177591 -0.403398 -0.344770 -0.037978 0.006145 -0.175905 -0.281709 -0.148702 -0.141493 -0.210538 -0.466726 0.263404 -0.359309 -0.078499 -0.196719 -0.021939 -0.219789 -0.113753 -0.038616 -0.044839 -0.179647 -0.114169 -0.534823 -0.215783 -0.426136 0.250547 -0.458167 0.069180 0.061826 -0.025924 0.075361 -0.074897 -0.163692 -0.034984 -0.132561 -0.074782 -0.016049 0.056390 0.186111 0.146861 0.165125 0.037928 0.018156 -0.022267 -0.251370 0.527991 -0.010036 0.434430 0.324216 0.313771 0.293407 -0.038304 0.348234 0.022477 0.516620 -0.070316 -0.010175 -0.084359 -0.140389 0.057836 0.063966 -0.153930 0.171006 -0.248177 -0.026066 -0.173327 -0.098260 0.066460 -0.133411 0.270947 0.036443 0.412997 0.011468 -0.020379 0.067397 0.204796 0.149590
-0.085065 -0.187447 0.209370 0.264797 0.128625 -0.013235 0.186241 0.074780 -0.237845 -0.143538 0.247029 -0.039743 -0.007350 -0.103427 0.080911 -0.186754 -0.076133 -0.017194 0.344871 0.231309 0.154078 0.150142 0.503822 1.000000 0.173249 0.449951 0.251175 0.213182 -0.084501 -0.199439 0.178093 0.207671 -0.027148 0.152312 -0.227487 -0.058513 -0.392530 -0.340620 -0.104377 -0.256456 -0.393545 -0.326230 -0.068364 -0.114286 -0.127696 -0.090168 -0.287310 -0.161376 -0.355741 -0.229687 -0.021450 -0.123854 -0.091580 -0.056514 -0.178411 -0.419721 -0.148479 -0.052849 -0.181203 -0.167566 -0.236810 -0.350839 -0.242286 -0.386200 -0.109925 -0.097193 -0.040285 0.147018 0.165131 0.253287 0.190277 0.009599 -0.102902 -0.184884 -0.069076 0.035493 -0.101258 0.106468 0.120099 -0.087339 0.123199 0.046834 0.058448 0.094305 0.532178 0.493702 0.376411 0.314025 0.349505 0.327855 0.076943 0.143643 0.155130 0.179781 -0.251125 -0.010665 -0.394355 -0.293699 -0.074971 -0.115343 -0.009129 0.140591 -0.238024 -0.197382 -0.367989 -0.201012 0.112329 -0.049348 0.033264 -0.211117 0.263204 0.013652 0.037432 0.379360 -0.058863 0.130400
0.067190 -0.218209 0.440778 0.295399 0.371410 0.550145 0.151892 -0.007368 0.285160 0.199854 -0.009526 -0.181034 0.013086 -0.108790 -0.050692 0.074256 -0.233560 -0.043653 -0.216133 -0.161435 -0.037226 0.077349 0.460709 0.173249 1.000000 0.623577 0.326409 0.555818 -0.205416 0.062156 0.476777 0.386410 -0.540410 -0.228879 -0.005012 0.249296 -0.205802 0.016369 0.006009 -0.317330 -0.345709 -0.277870 -0.066521 -0.022770 0.108563 0.083584 -0.345378 -0.043227 -0.058240 -0.107119 0.295460 -0.026204 -0.057876 -0.163844 0.154230 -0.194934 -0.053933 -0.120160 -0.057144 -0.106830 -0.054009 -0.139468 -0.064525 -0.237757 0.151889 0.126474 -0.182627 0.299528 -0.291116 -0.199442 0.303731 0.175764 -0.201139 0.247171 -0.074900 0.308566 -0.238776 0.232840 0.260000 0.019019 -0.032622 0.042762 -0.430389 -0.453130 0.174694 -0.076834 -0.083405 -0.108424 -0.165019 -0.221814 -0.019440 -0.126290 0.044392 0.334613 0.096687 0.169940 0.146165 0.038526 0.003638 -0.198919 0.252056 0.118294 0.177109 0.056930 0.113794 -0.121226 -0.025715 -0.083878 0.369450 0.178505 0.052671 -0.303298 -0.188048 -0.016043 -0.206795 0.125649
-0.031388 -0.139045 0.535116 0.362408 0.242991 0.323808 0.201092 0.061671 -0.215566 -0.132538 -0.020056 -0.179710 -0.104984 -0.354388 -0.197211 -0.069127 -0.063825 -0.082350 0.059569 -0.116150 0.214716 0.423130 0.475010 0.449951 0.623577 1.000000 0.423132 0.579473 -0.147948 -0.264789 0.409632 0.373645 -0.270785 -0.138306 -0.236448 0.015628 -0.393852 -0.345976 -0.095022 -0.115279 -0.359351 -0.138470 -0.046497 0.015895 -0.114284 -0.101894 -0.339707 -0.055458 -0.217447 -0.299876 0.260690 -0.124786 -0.160212 -0.187763 -0.091524 -0.109788 -0.062180 0.034927 -0.100815 -0.102928 -0.063992 -0.244707 -0.172099 -0.283232 -0.031027 0.040683 -0.064664 0.206351 -0.024766 0.059676 0.387129 0.283055 -0.140733 0.083164 0.005305 0.233630 -0.128632 0.077198 0.364076 -0.043147 -0.026780 0.102550 -0.207696 -0.188618 0.283174 0.085720 0.090826 0.065440 0.240565 0.075164 -0.125613 -0.076457 -0.086316 0.169629 -0.097988 -0.089307 -0.045943 -0.060949 -0.159121 -0.109618 0.001613 0.056458 -0.035752 -0.013605 -0.082905 -0.156890 -0.142450 -0.141496 0.079359 -0.150729 0.385148 -0.063689 -0.107676 0.087696 -0.065377 0.049117
-0.108186 -0.009269 0.210602 0.371515 0.392795 0.485806 0.138250 0.360679 -0.079177 0.163974 -0.046719 -0.223664 -0.120367 -0.302577 -0.199135 0.141326 -0.095881 -0.135740 0.230930 -0.209832 0.379716 0.208207 0.215387 0.251175 0.326409 0.423132 1.000000 0.546826 -0.267995 -0.194485 0.091036 -0.016827 -0.225135 -0.208574 -0.058586 0.221877 -0.370587 -0.249826 -0.175037 -0.145413 -0.149727 -0.086217 0.055429 0.045636 0.169506 0.162136 -0.164118 0.153798 0.062732 0.107667 0.194117 0.192242 -0.032495 0.045758 -0.038051 -0.190659 -0.238933 -0.111565 0.149485 0.102757 0.180577 0.160301 -0.073239 -0.216383 0.245566 0.309643 0.140526 0.310733 0.197823 0.242224 0.205714 -0.165134 -0.241487 -0.018686 -0.050780 0.039975 -0.196865 -0.015293 0.236904 -0.140398 -0.125386 0.023013 0.013394 -0.133476 0.308439 0.149843 0.003450 -0.130975 0.343752 0.068848 -0.005466 -0.315427 -0.337388 -0.256992 -0.416803 -0.370932 -0.192594 -0.350648 -0.081853 -0.149346 0.036427 -0.175386 -0.109954 -0.345148 -0.283879 -0.318019 -0.254516 -0.183033 -0.198004 -0.353206 0.273235 -0.154281 -0.192982 0.098460 -0.214176 -0.043128
0.096373 0.121271 0.324090 0.465465 0.117862 0.729037 -0.063949 0.047529 -0.006862 -0.097928 -0.108899 -0.232225 0.072599 -0.267908 -0.141134 0.168447 -0.304209 -0.341377 -0.054924 -0.286082 0.038115 0.135787 0.286994 0.213182 0.555818 0.579473 0.546826 1.000000 -0.400795 -0.321338 0.039369 -0.032763 -0.352744 -0.428058 -0.110899 0.273332 -0.361486 -0.071471 -0.069410 -0.053147 -0.190967 -0.060881 0.137395 0.151388 0.061386 0.027634 -0.131143 0.260114 0.234599 0.071570 0.479116 0.250832 0.057888 0.008492 0.195043 0.080600 -0.269237 -0.160603 0.116308 0.191279 0.011899 0.101807 -0.102613 -0.258092 0.048665 0.370027 -0.029798 0.283760 0.016802 0.094143 0.104388 -0.025883 -0.448950 -0.041124 -0.128901 0.074133 -0.351736 -0.028325 0.186932 -0.243245 -0.357700 -0.221717 -0.087353 -0.315699 0.051404 -0.029093 -0.106152 -0.115533 0.131547 -0.000682 0.089486 -0.215533 -0.243553 -0.074960 -0.052539 -0.107784 0.217685 0.094316 0.139622 -0.001633 0.084146 -0.099196 -0.016749 -0.018750 0.040457 -0.155690 -0.146039 -0.191137 0.047593 -0.034469 0.262091 -0.104647 -0.267784 0.017816 -0.135180 -0.068635
0.083028 -0.160286 -0.088011 -0.329097 0.102122 -0.365063 -0.009893 -0.223061 0.215328 -0.091685 0.297121 0.252878 0.472178 0.319722 0.416644 -0.032893 0.458317 0.541969 0.180340 0.386512 -0.194211 0.018648 0.075839 -0.084501 -0.205416 -0.147948 -0.267995 -0.400795 1.000000 0.470822 -0.102947 -0.019378 0.151167 0.139388 0.203478 -0.078226 0.305798 -0.069119 0.006782 -0.094542 -0.014842 0.020725 -0.174320 -0.131312 -0.185465 -0.195716 -0.075987 -0.366314 -0.311351 -0.352074 -0.308446 -0.450857 -0.211204 -0.225858 -0.082488 -0.126353 0.188464 0.123515 -0.003520 -0.378412 0.073836 -0.292689 0.107253 -0.002425 -0.038247 -0.415557 -0.212903 -0.310404 0.095743 -0.096373 0.073563 -0.115554 0.797862 0.087807 0.421962 0.205856 0.584316 0.145733 0.233524 0.362824 0.530044 0.348099 0.090865 0.271400 0.136647 0.027105 0.013899 0.120223 -0.021038 0.065993 -0.153834 0.146021 -0.014134 0.080459 0.022814 0.096780 -0.270023 -0.131801 -0.274064 -0.101483 -0.114253 -0.119935 -0.100516 -0.221375 -0.126474 -0.039405 0.058072 -0.034378 0.153403 0.169192 -0.026549 0.018674 0.014114 -0.219322 0.199925 0.031866
-0.103933 -0.379908 -0.112973 -0.080470 0.089494 -0.045497 0.104656 0.080726 0.445826 0.414162 0.032395 0.184759 0.296766 0.449214 0.228579 0.179434 0.052834 0.361095 -0.137783 0.145863 -0.272164 -0.413983 -0.003485 -0.199439 0.062156 -0.264789 -0.194485 -0.321338 0.470822 1.000000 0.068359 0.141414 -0.063684 0.238812 0.253963 0.090231 0.193724 0.345826 0.042080 -0.416521 -0.023439 -0.136868 -0.068036 0.060903 0.078796 0.050595 0.078733 -0.155830 -0.220817 -0.138733 -0.275430 -0.331651 -0.178629 -0.097613 -0.036856 -0.334042 0.045171 -0.224943 -0.204738 -0.521108 -0.040492 -0.089408 -0.010724 -0.128433 0.112016 -0.144366 -0.375397 -0.097034 -0.220210 -0.374718 0.063625 -0.100051 0.472867 0.382826 0.139106 0.167584 0.457955 0.583436 0.040461 0.498254 0.317064 0.150067 -0.082378 -0.013160 0.099571 0.025826 -0.098335 -0.095189 -0.406865 -0.163985 0.026914 0.043879 0.228393 0.274720 -0.046443 0.152136 -0.159889 -0.117258 -0.084746 -0.210894 0.059564 0.218419 0.191740 -0.096809 -0.139868 0.185065 0.233371 0.263783 0.268286 0.322657 -0.255433 -0.053569 0.011678 -0.106050 0.109657 0.332246
-0.002091 -0.161769 0.180460 0.235290 0.260486 0.142820 0.241857 0.034419 0.001750 0.251896 0.162245 0.026675 -0.252977 -0.114640 -0.086628 -0.143289 0.110994 0.093267 -0.143266 0.015159 0.190248 0.159043 0.206494 0.178093 0.476777 0.409632 0.091036 0.039369 -0.102947 0.068359 1.000000 0.862055 -0.286461 0.192587 -0.242783 -0.165180 -0.134967 -0.111148 -0.105100 -0.294194 -0.132322 -0.086698 -0.101549 -0.148466 0.119916 0.034489 -0.381291 -0.222685 -0.153986 -0.091161 0.039733 0.006896 -0.045971 -0.102271 -0.103819 -0.226475 0.130838 0.163458 -0.308404 -0.187360 -0.192949 -0.227148 0.025135 0.057367 -0.039912 -0.001405 -0.184689 0.125120 -0.180347 -0.320399 0.450970 0.456518 -0.078054 0.355731 0.001905 0.373827 -0.183156 0.114706 0.254100 0.044266 0.203478 0.287808 -0.192470 -0.039497 0.121266 0.034662 -0.152690 -0.260370 -0.187535 -0.384740 -0.323085 -0.360008 -0.080518 0.151781 0.017272 0.042996 -0.001546 -0.188099 -0.342726 -0.411382 0.209231 0.025281 0.265827 0.075149 0.189691 -0.051125 -0.252796 -0.095923 0.045485 0.014606 -0.192170 -0.334700 -0.265877 -0.051669 -0.200261 0.082759
-0.065531 -0.197497 0.150097 0.192671 0.265330 0.127326 0.163893 0.033150 -0.027032 0.284331 0.125921 0.126888 -0.204488 -0.004384 -0.090795 -0.166991 0.108892 0.137536 -0.167340 0.099515 0.092908 0.134559 0.180152 0.207671 0.386410 0.373645 -0.016827 -0.032763 -0.019378 0.141414 0.862055 1.000000 -0.251113 0.291278 -0.123366 -0.064921 -0.071426 -0.138977 -0.190447 -0.290038 -0.201822 -0.109605 -0.087289 -0.119012 0.133578 0.125316 -0.403100 -0.269396 -0.200740 -0.094159 -0.022337 -0.068023 -0.061173 -0.113479 -0.104391 -0.243178 0.061209 0.050581 -0.354561 -0.289087 -0.250043 -0.290927 0.091988 0.027689 -0.067871 -0.018207 -0.138343 0.174985 -0.101500 -0.302156 0.365595 0.438254 0.037179 0.291289 0.043688 0.371227 -0.107496 0.149241 0.244807 0.137436 0.270229 0.282181 -0.287643 0.039871 0.062292 0.077103 -0.132427 -0.183676 -0.260955 -0.379123 -0.330617 -0.275488 -0.006754 0.171737 0.085172 0.196306 0.011916 -0.120288 -0.320137 -0.458522 0.221967 0.010224 0.212545 -0.001574 0.148719 -0.134570 -0.221794 -0.149136 0.125524 0.140153 -0.187593 -0.337709 -0.238905 -0.059236 -0.062996 0.109345
-0.225517 -0.033603 -0.054096 -0.383027 -0.280915 -0.497688 -0.017057 -0.142042 -0.262170 -0.424577 -0.125279 -0.152409 -0.007053 -0.239601 0.050517 -0.270030 0.003432 -0.090020 0.372725 0.144521 -0.102551 -0.035826 -0.046012 -0.027148 -0.540410 -0.270785 -0.225135 -0.352744 0.151167 -0.063684 -0.286461 -0.251113 1.000000 0.631257 0.261324 -0.142253 0.125789 -0.020773 0.158654 0.306942 0.201600 0.102305 0.091186 0.155201 -0.026981 -0.007414 0.293875 0.160743 -0.091658 -0.078024 -0.141493 -0.197679 -0.088212 0.066113 -0.142550 0.160838 0.041020 0.132079 0.038139 0.055147 0.105601 -0.103522 -0.237080 -0.146338 -0.037355 -0.360452 0.406187 -0.166188 0.364360 0.292382 -0.431038 -0.399817 0.061510 -0.379121 -0.076627 -0.386285 0.162326 -0.055367 -0.150923 0.130467 -0.017742 -0.124564 0.330607 0.161383 0.027359 -0.001630 0.350644 0.218807 0.240858 0.304571 -0.045232 0.188160 -0.194411 -0.197645 -0.138072 -0.184683 -0.047896 -0.105836 0.030299 0.298904 -0.473104 -0.212318 -0.444022 0.011247 -0.171764 0.056212 0.006365 0.000635 -0.274314 -0.126100 0.206911 0.291941 0.230188 -0.054469 0.269310 -0.193737
-0.201608 -0.262406 0.019369 -0.196663 -0.055765 -0.411269 0.247200 0.040012 -0.140204 -0.007831 0.013151 -0.090307 -0.167390 -0.150824 -0.011830 -0.427310 0.063958 0.134354 0.245836 0.446596 -0.038702 -0.172916 0.082777 0.152312 -0.228879 -0.138306 -0.208574 -0.428058 0.139388 0.238812 0.192587 0.291278 0.631257 1.000000 0.046516 -0.202687 0.034920 -0.008723 0.025660 -0.164418 -0.097573 -0.151392 -0.016347 -0.002326 0.112292 0.082141 -0.037755 -0.046543 -0.375436 -0.188690 -0.365001 -0.371585 -0.224871 -0.145060 -0.314031 -0.327961 0.216036 0.187988 -0.248437 -0.252171 -0.049670 -0.268178 -0.172449 -0.188904 0.014650 -0.360218 0.198621 0.032037 0.307941 0.148140 -0.098725 -0.141315 0.128884 -0.055490 -0.002449 -0.091654 0.238161 0.294715 0.093219 0.367101 0.367870 0.199857 0.073281 0.049944 0.157197 0.132489 0.221020 0.043526 -0.049835 -0.058856 -0.151479 0.026992 0.018269 0.067064 -0.160411 0.006976 -0.281686 -0.322120 -0.228467 -0.088826 -0.175685 0.008040 -0.057505 -0.054032 -0.219639 0.023331 0.000713 0.042217 -0.093282 0.018427 0.003492 0.032223 0.091810 0.029547 0.064646 0.023899
-0.323471 -0.339506 0.172913 -0.329990 0.129632 -0.030212 -0.026964 -0.119914 0.289050 -0.075648 -0.253204 -0.096978 0.198051 0.147749 0.112067 -0.045417 -0.105993 0.042435 -0.067852 -0.234018 -0.383530 -0.133243 0.128871 -0.227487 -0.005012 -0.236448 -0.058586 -0.110899 0.203478 0.253963 -0.242783 -0.123366 0.261324 0.046516 1.000000 0.458947 0.262676 0.214478 0.088667 0.179920 0.111158 0.089482 0.093853 0.263129 0.197917 0.314562 0.225879 0.060825 0.095373 0.025039 0.065084 -0.287070 -0.194225 -0.131783 0.025979 -0.009273 -0.217448 -0.271894 0.028115 -0.145103 0.098152 -0.103765 -0.141954 -0.213595 0.152844 -0.077736 0.346383 0.235109 -0.050441 0.111333 -0.333825 -0.309332 0.170996 -0.228351 -0.119185 -0.202430 0.116426 0.046704 -0.211009 0.275067 -0.188127 -0.261485 -0.058141 -0.052619 -0.098926 -0.270156 0.129184 0.136919 -0.074678 0.003921 -0.124947 0.156139 0.055825 0.127882 0.147463 0.083728 0.168999 0.095472 0.089225 0.014303 -0.121758 -0.176769 -0.305491 0.054864 -0.142482 0.039084 0.081962 -0.084087 0.209747 0.223505 0.125049 0.164524 0.232512 -0.157818 0.139458 0.043600
-0.246755 -0.258537 0.051094 0.158141 0.285206 0.408256 -0.080057 0.170549 0.197157 0.203506 -0.242662 -0.090485 0.255558 0.133239 0.016512 0.255924 -0.344435 -0.189308 -0.017322 -0.236276 -0.079884 -0.136985 0.085664 -0.058513 0.249296 0.015628 0.221877 0.273332 -0.078226 0.090231 -0.165180 -0.064921 -0.142253 -0.202687 0.458947 1.000000 0.009936 0.141725 -0.027756 0.038352 0.006462 0.068200 0.106070 0.166336 0.326892 0.537323 -0.032007 0.218534 0.169922 0.332845 -0.017818 -0.058102 -0.167969 0.023227 0.001066 -0.124771 -0.320859 -0.427682 0.050632 -0.128687 0.236513 0.133321 -0.101525 -0.321613 0.227764 0.360143 -0.020989 0.297838 -0.068420 0.156139 -0.152760 -0.214742 -0.090330 -0.153101 -0.175517 -0.135146 -0.093122 -0.005983 -0.161541 -0.012098 -0.313811 -0.395405 -0.081827 -0.146361 -0.236130 -0.223126 -0.091038 0.018862 -0.073265 -0.006589 0.096521 0.058053 0.189254 0.055978 -0.001777 -0.007510 0.063505 0.068382 0.107032 -0.023697 0.140733 -0.069470 -0.088832 -0.100224 -0.107401 -0.048360 0.067107 -0.085821 0.155397 0.105400 0.214569 0.107484 0.154662 -0.040364 -0.020952 -0.042450
