1.000000 0.358912 0.029469 -0.274021 -0.224536 0.025187 0.021914 -0.177595 -0.030916 -0.286754 0.391025 0.026522 0.116981 0.085826 0.041037 -0.102936 0.377279 0.009955 0.317126 0.325733 -0.140053 -0.083959 -0.048000 -0.104423 -0.315978 -0.104195 -0.005129 0.064625 0.181715 0.083045 -0.288030 -0.215431 0.270728 0.064877 0.087042 0.001815 0.047191 0.075885 0.093971 0.005159 0.024063 0.051674 -0.237527 -0.156178 -0.238492 -0.315449 -0.286480 -0.119418 -0.007256 -0.337696 -0.282169 -0.504147 -0.304850 -0.360923 0.005600 -0.321872 0.401143 0.172900 0.333408 -0.333557 0.440581 0.223439 0.028538 0.116601 -0.020457 0.228454 0.154256 -0.332855 0.329320 -0.136606 0.109314 -0.057534 0.060564 -0.046098 0.182169 0.135746 0.317767 0.176588 0.075844 0.232581 -0.029597 -0.094631 0.368829 0.172926 0.178755 -0.086361 0.271758 0.032109 0.195441 -0.195072 -0.043660 0.139954 0.061374 0.176595 0.011800 0.024501 -0.000137 -0.038357 -0.018936 0.147270 0.104783 0.037067 0.155180 -0.243687 -0.296543 -0.259496 -0.065759 -0.120049 0.009994 0.089748 0.022096 0.240136 0.261570 0.098332 0.114860 0.071856
0.358912 1.000000 -0.267240 -0.200512 -0.086833 0.025021 -0.085355 -0.115919 -0.078749 -0.256010 0.496589 0.382294 0.070614 0.142574 0.189101 0.036791 0.156322 0.394252 0.351267 0.582437 0.172713 -0.239474 -0.425722 -0.466286 -0.278275 -0.394429 0.077363 -0.020580 0.475762 0.388846 -0.216552 -0.544233 0.278056 0.061762 -0.286934 -0.363252 -0.002640 -0.031839 0.038566 -0.128818 0.057017 0.250150 -0.248726 -0.426413 -0.290421 -0.358733 -0.257056 -0.301455 -0.252855 -0.440520 -0.336020 -0.223726 -0.063213 -0.309650 0.019571 -0.443769 0.035821 0.297547 0.266317 -0.055401 0.389599 0.426405 0.447652 0.153954 -0.397436 0.168193 0.054243 -0.566452 0.228302 0.240234 0.196389 -0.124475 0.456430 0.320036 0.127667 0.074558 0.188332 0.137507 0.135266 0.063367 0.349962 0.142713 0.095211 0.291441 -0.073601 0.107710 -0.119174 -0.113275 -0.106093 0.012477 0.138533 0.028319 -0.013806 -0.209996 -0.221830 -0.061465 -0.110215 -0.124269 -0.120108 -0.205635 0.065496 -0.151760 0.174497 -0.052628 -0.025062 -0.009838 0.126079 0.078276 -0.047367 -0.161558 -0.215724 0.012905 0.150962 -0.059223 0.019194 0.105731
0.029469 -0.267240 1.000000 0.030709 0.129157 -0.145670 0.726244 0.236292 0.352754 0.052401 0.181578 -0.124186 0.366029 0.101210 -0.046333 -0.108447 -0.157536 -0.330444 0.086712 -0.215441 -0.202599 -0.046444 0.553206 0.336147 0.038471 0.134529 -0.115112 -0.050717 -0.387321 -0.316127 0.087290 0.249785 -0.200864 0.162831 0.007560 0.178255 -0.308208 -0.262832 -0.171439 -0.058919 -0.200911 -0.314279 -0.103378 0.015773 -0.127620 0.002875 -0.110637 -0.170324 0.135326 -0.133094 0.176894 -0.243179 -0.158422 -0.183516 -0.264488 -0.111226 -0.121972 -0.181348 0.230452 -0.238760 0.223445 -0.034831 -0.307857 -0.078574 0.586564 0.281047 0.090353 0.224416 -0.088127 -0.114902 0.000597 0.166717 -0.356398 -0.115232 -0.055521 0.059821 -0.062712 -0.025593 -0.108102 -0.230686 -0.321006 -0.277799 -0.118170 -0.532796 0.109527 -0.334384 0.285957 0.157322 0.504227 0.090488 -0.045456 0.102772 0.128967 0.375991 -0.000682 -0.046654 -0.082148 -0.156099 -0.172582 -0.137978 -0.080176 0.039106 0.016869 -0.380146 -0.342371 -0.337765 -0.268899 -0.260595 0.009933 -0.125869 -0.050340 -0.327443 -0.025825 0.003095 -0.049292 0.034364
-0.274021 -0.200512 0.030709 1.000000 0.053652 0.043861 0.183072 0.364654 -0.087649 0.230344 -0.161580 0.194912 -0.027479 0.157220 -0.013231 0.076811 -0.109841 -0.091810 0.028890 -0.165700 -0.245983 -0.206951 0.245878 0.271493 0.085689 -0.037194 -0.045758 -0.017304 -0.104509 -0.020160 0.263794 0.234339 0.091297 0.207177 0.034797 -0.059940 -0.198388 -0.088673 -0.180277 -0.223378 -0.065459 -0.036503 0.220521 0.047614 0.167883 0.198955 0.136127 -0.033561 -0.041141 0.213201 0.292626 0.218780 0.245162 0.340289 -0.223790 0.022103 -0.002567 -0.130986 -0.414818 0.086558 -0.189385 -0.205023 0.159378 -0.117510 0.170830 -0.110222 -0.100681 0.223618 0.021178 -0.124199 -0.190787 -0.046071 -0.091040 -0.029400 0.024898 -0.062044 -0.047017 0.006472 0.021688 -0.105958 -0.015654 -0.066247 -0.107838 0.023165 -0.098957 0.133035 -0.016508 -0.145332 -0.124636 0.057085 -0.117105 -0.281329 0.137383 -0.105856 -0.095287 -0.268310 0.018279 -0.100047 0.126850 -0.056556 0.080411 -0.079284 -0.059773 -0.433568 -0.377571 -0.365692 -0.164187 -0.389083 -0.049100 -0.145769 -0.286934 -0.205334 -0.181367 0.087217 -0.111865 -0.203141
-0.224536 -0.086833 0.129157 0.053652 1.000000 0.534546 0.341548 0.280769 0.516612 0.498530 0.130184 0.160894 0.390997 0.224915 0.062642 0.337527 -0.344925 -0.102045 -0.196748 -0.177576 0.069620 -0.068711 -0.136123 -0.098136 0.257294 0.044984 0.488500 0.174562 -0.167870 -0.174084 0.142913 -0.157192 -0.309364 -0.060574 -0.185048 0.303897 -0.283743 -0.248438 -0.246907 -0.284314 -0.374631 -0.098688 0.129850 0.067629 0.091947 0.360720 0.114472 -0.195884 0.059172 0.126513 0.093400 0.254548 -0.047467 0.024918 -0.229847 -0.098817 -0.209901 -0.131782 0.038207 -0.011318 -0.029710 -0.001626 -0.134247 -0.292506 0.391550 0.175122 -0.162701 0.079928 -0.189744 0.030721 0.057339 -0.082395 -0.160209 -0.007960 -0.161874 0.099640 -0.081100 -0.203460 -0.142524 -0.267044 0.117204 0.076886 -0.391152 -0.318555 0.120766 0.096866 0.050284 0.119862 -0.006116 0.082284 -0.000496 0.025770 0.051821 0.035668 -0.252245 -0.280485 -0.263767 -0.290911 -0.220510 -0.257633 0.007532 -0.070898 0.033542 -0.106139 -0.073957 -0.043533 -0.192930 -0.114017 -0.192353 -0.311395 -0.184957 -0.267488 -0.057550 0.029433 -0.150763 -0.040989
0.025187 0.025021 -0.145670 0.043861 0.534546 1.000000 -0.056010 0.049256 0.131039 0.323381 0.180776 -0.017929 0.179972 0.025026 -0.050610 0.246080 -0.052285 -0.018562 0.013936 -0.057088 0.069837 0.026630 -0.225712 -0.139964 0.205888 0.177919 0.602540 0.475958 -0.139104 -0.147346 0.094147 -0.315955 -0.057496 -0.231170 -0.036137 0.260187 -0.112492 -0.016451 0.001919 -0.144537 -0.210546 -0.023800 0.137100 0.000047 0.053756 0.073082 0.144281 -0.051480 0.158464 0.059169 0.018098 0.118317 -0.106757 0.031344 -0.034934 -0.159343 0.109926 0.163963 0.085608 0.091736 -0.022986 0.024533 -0.105780 -0.136658 0.039176 0.103552 0.060210 0.009623 0.096935 0.109850 0.277397 -0.061759 -0.113911 0.102569 -0.078722 0.102101 0.047395 -0.134070 -0.038046 -0.174607 0.072283 0.052513 -0.180204 -0.061694 0.014614 0.216460 -0.023374 0.001337 0.006716 0.111004 0.029629 -0.016163 0.046856 -0.000273 -0.147820 -0.203966 -0.024386 -0.136985 -0.050618 -0.156556 0.044553 -0.152983 0.059387 -0.071008 -0.039712 -0.047276 -0.116122 -0.127712 -0.101959 -0.089591 -0.115415 -0.036736 0.081566 -0.015346 -0.096250 -0.077183
0.021914 -0.085355 0.726244 0.183072 0.341548 -0.056010 1.000000 0.513566 0.428921 0.289651 0.314989 0.194301 0.418970 0.221697 0.002379 -0.025402 -0.198775 -0.267328 0.150634 -0.105720 -0.203452 -0.324924 0.274789 0.111633 -0.133365 -0.248133 -0.088739 -0.203962 -0.232904 -0.201749 0.030883 0.083933 -0.194847 0.229617 -0.212655 0.005807 -0.405537 -0.393764 -0.370743 -0.159893 -0.359201 -0.265294 -0.140536 -0.117170 -0.043482 0.136209 -0.158126 -0.287040 0.079307 -0.074600 0.040916 -0.088089 -0.212671 -0.129210 -0.409761 -0.176637 -0.197295 -0.342750 0.095334 -0.340921 0.364590 0.135269 -0.193995 -0.195688 0.684262 0.402036 -0.054235 0.039988 -0.140197 -0.212020 -0.002054 0.014718 -0.221879 -0.094267 -0.081319 0.088165 -0.032979 -0.059224 -0.151039 -0.343539 -0.167409 -0.280757 -0.162636 -0.464691 0.034711 -0.160260 0.165261 0.100579 0.221219 0.000324 0.028386 0.201034 0.316959 0.325962 -0.117867 -0.099376 -0.218988 -0.259755 -0.215356 -0.142965 0.134962 0.031369 0.134881 -0.442164 -0.373510 -0.377839 -0.263587 -0.306171 -0.034186 -0.303659 -0.229352 -0.306036 -0.025483 0.062232 -0.055505 -0.036640
-0.177595 -0.115919 0.236292 0.364654 0.280769 0.049256 0.513566 1.000000 0.291302 0.769997 0.099547 0.583413 0.066239 0.482482 -0.270864 0.423923 -0.220973 -0.180723 -0.145876 -0.049061 -0.156020 -0.349970 -0.171049 -0.081580 -0.275345 -0.364633 -0.261470 -0.585281 -0.206904 0.130382 -0.204936 0.082075 -0.315882 0.363915 -0.245334 0.044313 -0.472765 -0.215255 -0.404989 -0.160274 -0.481035 -0.084949 -0.233157 -0.137572 -0.080843 0.271527 -0.152923 -0.202497 -0.211051 0.043824 -0.257533 0.110678 -0.239145 -0.014440 -0.453587 -0.082327 -0.248155 -0.419169 -0.135339 -0.220382 0.205947 0.207264 -0.241831 -0.266678 0.343412 0.499522 -0.275549 -0.012802 -0.170240 -0.010258 0.027951 0.180234 -0.213394 0.137533 0.022119 0.245909 -0.056569 0.136175 -0.098759 -0.244336 -0.181976 -0.237893 -0.242447 -0.357353 -0.314373 -0.080179 -0.188893 -0.092337 -0.170971 -0.160660 0.320513 0.238814 0.618607 0.085811 -0.126252 -0.155837 -0.368406 -0.144269 -0.250613 -0.177290 0.448049 0.067103 0.212759 -0.176269 -0.169771 -0.144649 -0.257288 -0.234751 -0.072448 -0.192803 -0.250321 -0.308717 -0.194704 0.031062 0.002618 -0.162794
-0.030916 -0.078749 0.352754 -0.087649 0.516612 0.131039 0.428921 0.291302 1.000000 0.332312 0.341361 0.290990 0.691127 0.467190 0.284301 0.372276 -0.034039 -0.018406 -0.194923 -0.205656 -0.198314 -0.191152 0.093837 0.095979 0.094640 0.057960 0.125653 0.018350 -0.092187 -0.110022 -0.068561 -0.060170 -0.318906 0.001036 -0.043607 0.240187 -0.310023 -0.195277 -0.279025 -0.102984 -0.270029 -0.205120 0.049169 0.077680 -0.071040 0.042347 0.114277 -0.230636 0.192884 -0.126597 0.124222 -0.031386 -0.121493 -0.164464 -0.098811 -0.136251 -0.199168 -0.204147 0.104050 -0.360738 0.189337 0.016428 -0.239321 -0.181459 0.546296 0.395092 -0.138132 -0.104259 -0.207924 -0.239012 0.056097 0.063982 -0.148111 -0.097256 -0.104765 0.290212 -0.001001 -0.141430 -0.007788 -0.120899 -0.090021 -0.090686 -0.161159 -0.436593 0.103945 -0.135728 0.192350 0.192813 0.248419 -0.019128 -0.128802 -0.075864 0.122483 0.244577 -0.000059 0.012866 -0.112829 -0.093493 -0.299105 -0.199919 0.091937 -0.099163 -0.184660 -0.178601 -0.234266 -0.218504 -0.234313 -0.274194 -0.038901 -0.193594 -0.137288 -0.331212 -0.057478 0.190185 -0.076150 -0.004946
-0.286754 -0.256010 0.052401 0.230344 0.498530 0.323381 0.289651 0.769997 0.332312 1.000000 -0.018253 0.472504 0.066993 0.447487 -0.265869 0.540149 -0.241638 -0.089452 -0.234956 -0.135534 -0.065754 -0.157920 -0.252383 -0.095726 0.018155 -0.122130 -0.081686 -0.423592 -0.194918 0.092083 -0.039500 0.122677 -0.393807 0.144884 -0.151292 0.260954 -0.393238 -0.211550 -0.375217 -0.260565 -0.498173 -0.138734 0.029114 0.112452 0.165592 0.485857 -0.003247 -0.118596 -0.135394 0.272174 -0.198663 0.274093 -0.194749 0.085889 -0.393793 -0.033502 -0.238321 -0.331724 -0.283720 -0.100506 -0.091075 0.095626 -0.237457 -0.214489 0.271195 0.351344 -0.228335 0.045951 -0.208284 -0.041481 0.180654 0.193552 -0.158337 0.210915 0.064570 0.338596 -0.018505 0.014543 0.016348 -0.204286 0.015685 0.034440 -0.408355 -0.327416 -0.154207 0.074306 -0.167584 -0.069650 -0.336501 -0.116258 0.185118 0.144676 0.440875 0.001284 -0.155939 -0.264853 -0.416784 -0.201503 -0.259877 -0.211213 0.317964 0.069658 0.136132 -0.049931 -0.075476 -0.098504 -0.313561 -0.252562 -0.108374 -0.141487 -0.271530 -0.307898 -0.209063 0.075507 -0.100452 -0.276737
0.391025 0.496589 0.181578 -0.161580 0.130184 0.180776 0.314989 0.099547 0.341361 -0.018253 1.000000 0.428975 0.604824 0.282612 0.349329 0.161857 0.190611 0.288988 0.305857 0.306297 0.085038 -0.202422 -0.208021 -0.237861 -0.139520 -0.113227 0.154076 0.036035 0.289259 0.129035 -0.015186 -0.345787 -0.009803 0.036938 -0.302321 -0.107002 -0.272939 -0.233461 -0.204219 -0.146445 -0.202910 -0.075940 -0.167235 -0.242615 -0.212563 -0.338979 -0.112143 -0.373524 0.019551 -0.438416 -0.155357 -0.243343 -0.272211 -0.406044 -0.060537 -0.450104 0.013183 0.049279 0.292259 -0.483791 0.564180 0.219504 0.143112 -0.039171 0.046072 0.386840 -0.020062 -0.476869 0.063184 -0.104096 0.310279 0.100132 0.281205 0.241697 0.043620 0.267952 0.212706 0.079705 0.003174 -0.207460 0.202077 0.011656 0.110792 -0.049866 0.145142 0.081323 0.197331 0.182293 0.193653 -0.057061 0.037929 0.046906 0.068740 0.020281 -0.201189 -0.113020 -0.181414 -0.268272 -0.275905 -0.363671 0.018110 -0.228487 0.041916 -0.245943 -0.271460 -0.203906 -0.219647 -0.234466 -0.101482 -0.126822 -0.235840 -0.158859 0.200782 0.087730 0.106142 0.086379
0.026522 0.382294 -0.124186 0.194912 0.160894 -0.017929 0.194301 0.583413 0.290990 0.472504 0.428975 1.000000 0.226601 0.748919 0.082816 0.542794 -0.000385 0.208706 -0.022483 0.359579 -0.029473 -0.384157 -0.366632 -0.227134 -0.298456 -0.448270 -0.226924 -0.480455 0.263205 0.434890 -0.190792 -0.133036 -0.083566 0.250400 -0.383222 -0.200973 -0.400424 -0.240874 -0.378867 -0.254345 -0.361531 0.152158 -0.187866 -0.190598 -0.118397 -0.030898 -0.181363 -0.375746 -0.210928 -0.224090 -0.248556 0.003631 -0.088605 -0.193194 -0.260455 -0.301347 -0.221277 -0.301043 -0.037395 -0.359124 0.235186 0.233719 0.149758 -0.102504 -0.041591 0.409280 -0.287154 -0.473735 -0.133012 0.019001 0.203796 0.131772 0.166532 0.291389 0.129363 0.312467 0.057548 0.081081 0.108019 -0.123052 0.097530 -0.005623 -0.103284 0.031839 -0.160407 0.148476 -0.152245 -0.080099 -0.170296 -0.028801 0.284855 0.101246 0.453609 -0.085147 -0.246619 -0.184380 -0.438529 -0.236397 -0.339354 -0.396053 0.315354 -0.047484 0.038602 -0.146626 -0.188462 -0.171242 -0.152248 -0.118289 -0.007904 -0.170340 -0.418126 -0.373387 -0.115220 0.013602 -0.026085 -0.155532
0.116981 0.070614 0.366029 -0.027479 0.390997 0.179972 0.418970 0.066239 0.691127 0.066993 0.604824 0.226601 1.000000 0.415665 0.390346 0.143637 0.032901 -0.027369 -0.147900 -0.218333 -0.184122 -0.086821 0.130251 0.174599 0.273170 0.247999 0.263835 0.280803 -0.027665 -0.284761 0.176860 -0.165043 -0.165316 0.019631 -0.014090 0.238086 -0.328448 -0.329088 -0.291861 -0.054319 -0.244210 -0.314017 0.145236 0.082595 -0.109883 -0.140585 0.163982 -0.232444 0.277860 -0.244818 0.218295 -0.136058 -0.182266 -0.328673 0.044529 -0.220853 -0.011916 -0.105599 0.254532 -0.480086 0.247743 -0.140280 -0.096606 -0.230962 0.461549 0.308867 -0.078084 -0.080849 -0.102377 -0.327770 0.060849 0.128680 -0.128110 -0.137439 -0.256008 0.124533 -0.005380 -0.175644 0.003709 -0.278664 0.092780 -0.133912 -0.137385 -0.406664 0.249708 -0.019585 0.412522 0.330989 0.313739 -0.009024 -0.206178 -0.163308 0.028780 0.310060 0.025474 -0.087995 0.033008 -0.098273 -0.130538 -0.249499 -0.067802 -0.154479 -0.158350 -0.241934 -0.282396 -0.232646 -0.327276 -0.334859 -0.052229 -0.064009 -0.038781 -0.329146 0.095502 0.144140 0.067864 0.060437
0.085826 0.142574 0.101210 0.157220 0.224915 0.025026 0.221697 0.482482 0.467190 0.447487 0.282612 0.748919 0.415665 1.000000 0.079107 0.593279 -0.009939 -0.116046 -0.240997 0.077582 -0.161734 -0.236536 -0.025073 0.113560 -0.078596 -0.118923 -0.123033 -0.297860 -0.068203 0.086972 -0.150756 0.027869 -0.184023 0.270075 -0.084188 0.187866 -0.391434 -0.223611 -0.379653 -0.121689 -0.396664 -0.018883 -0.156308 -0.017808 -0.124296 0.044279 -0.182012 -0.270382 -0.001110 -0.156021 -0.110625 -0.151393 -0.224463 -0.317446 -0.294886 -0.263368 -0.135596 -0.259370 0.091902 -0.342173 0.113590 0.102684 -0.102913 -0.184265 0.215062 0.469596 -0.189842 -0.170267 -0.151507 -0.010591 0.150585 0.263766 -0.179776 0.053775 0.028745 0.295019 -0.059178 -0.009625 0.079810 -0.110053 -0.119991 -0.193238 -0.182846 -0.243762 -0.154847 -0.073814 0.094968 0.005817 -0.000055 0.016375 0.190836 0.037353 0.476506 0.220674 -0.103045 -0.137901 -0.342558 -0.137920 -0.331250 -0.348535 0.302409 -0.003602 -0.009605 -0.186267 -0.237069 -0.292704 -0.279449 -0.267745 -0.021897 -0.188019 -0.338792 -0.451290 -0.108632 0.033451 -0.079709 -0.206411
0.041037 0.189101 -0.046333 -0.013231 0.062642 -0.050610 0.002379 -0.270864 0.284301 -0.265869 0.349329 0.082816 0.390346 0.079107 1.000000 0.018462 0.071769 0.207703 -0.016978 0.249134 -0.043851 -0.122150 0.250397 0.107898 0.168214 0.074281 0.308521 0.312778 0.331204 -0.016358 0.142532 -0.112717 0.000697 -0.050728 0.025268 -0.084786 -0.094221 -0.199096 -0.055036 -0.080289 0.176784 0.045315 0.058839 -0.131964 -0.017671 -0.252009 0.094135 -0.168583 0.128065 -0.164037 0.232370 -0.040767 0.112344 0.030798 0.211668 -0.129525 0.040064 0.066932 -0.092704 -0.232266 0.003743 -0.288839 0.322926 -0.026456 -0.022816 -0.234375 -0.219826 -0.166044 -0.006436 -0.061118 -0.038066 -0.148527 0.232424 -0.075858 -0.054277 -0.031984 0.025791 -0.176028 0.007344 -0.067204 0.286654 0.140743 0.178529 0.275591 0.408607 0.231710 0.048187 -0.011209 0.185274 0.023300 -0.125020 -0.149519 -0.250617 -0.100535 -0.006548 -0.179539 0.038256 -0.106910 -0.048617 -0.121811 -0.185017 -0.259731 -0.333175 -0.155156 -0.165100 -0.201210 0.041303 -0.086328 -0.182536 -0.081883 -0.068524 -0.118533 0.005997 0.022146 -0.140772 -0.074470
-0.102936 0.036791 -0.108447 0.076811 0.337527 0.246080 -0.025402 0.423923 0.372276 0.540149 0.161857 0.542794 0.143637 0.593279 0.018462 1.000000 -0.013037 0.102401 -0.130299 0.099935 -0.027313 -0.134421 -0.309089 -0.191684 -0.035735 -0.126428 0.000430 -0.294502 0.116938 0.371930 -0.147941 -0.077704 -0.228968 0.076897 -0.151366 0.188240 -0.228263 -0.017366 -0.135363 -0.224075 -0.268420 0.158927 0.021737 0.121202 0.066596 0.162623 0.083426 0.005349 -0.013248 0.029019 -0.106244 0.011170 -0.070740 -0.110515 -0.156736 -0.196587 -0.174457 -0.194811 -0.080327 -0.135067 0.022282 0.008741 -0.113295 -0.210232 0.006523 0.310004 -0.243366 -0.243712 -0.137506 0.055298 0.109748 0.009496 0.032080 0.191712 0.101209 0.355349 0.058248 0.120781 0.104704 0.081100 -0.065122 0.081036 -0.156732 -0.007639 -0.288147 -0.078987 -0.210527 -0.229050 -0.183472 -0.017958 0.140864 -0.044037 0.280493 -0.114221 -0.177972 -0.117192 -0.317336 -0.115303 -0.276866 -0.393291 0.273335 -0.099391 0.031570 -0.007804 -0.036246 -0.160072 -0.111318 -0.119432 -0.014980 -0.093227 -0.314149 -0.278018 -0.169934 -0.043745 -0.242258 -0.217185
0.377279 0.156322 -0.157536 -0.109841 -0.344925 -0.052285 -0.198775 -0.220973 -0.034039 -0.241638 0.190611 -0.000385 0.032901 -0.009939 0.071769 -0.013037 1.000000 0.537813 0.168574 0.187948 -0.149064 -0.099559 0.019493 -0.123519 -0.239199 -0.143657 -0.003324 0.026729 0.473850 0.274483 -0.020395 0.018262 0.262529 0.032344 0.092801 -0.211530 0.034583 -0.148921 0.030423 0.054479 0.150490 -0.028408 0.010049 0.067338 0.040154 -0.209682 -0.033337 -0.090727 -0.070938 -0.058034 -0.081232 -0.218001 -0.046165 -0.138113 0.061043 -0.144115 0.446369 0.387164 -0.071206 -0.264049 0.096669 0.073016 0.225218 0.432557 -0.158681 -0.035128 0.010958 -0.368376 0.205359 -0.314035 0.244972 0.035401 0.415542 0.116278 0.190340 0.177191 0.240481 -0.025426 0.344444 0.315892 0.224596 0.342509 0.230463 0.318871 0.033003 0.068638 0.033795 -0.043378 0.009754 -0.167943 -0.179602 -0.247450 -0.148513 -0.049773 0.002913 0.129513 0.097640 0.000132 0.118216 0.139001 0.094472 0.030192 0.041305 -0.137963 -0.268506 -0.275112 -0.173237 -0.303920 0.122341 0.061091 -0.158885 0.117738 0.185583 0.181268 -0.046664 -0.177899
0.009955 0.394252 -0.330444 -0.091810 -0.102045 -0.018562 -0.267328 -0.180723 -0.018406 -0.089452 0.288988 0.208706 -0.027369 -0.116046 0.207703 0.102401 0.537813 1.000000 0.265495 0.361882 0.194997 -0.012078 -0.340676 -0.453930 -0.112594 -0.249009 0.006374 -0.083637 0.716210 0.627893 0.030939 -0.187984 0.184635 -0.137341 -0.263018 -0.439329 0.024016 -0.080070 0.199420 -0.269351 0.200446 0.215982 0.133184 -0.066076 -0.009690 -0.205224 0.025057 -0.284163 -0.283594 -0.133327 -0.140083 0.019765 0.183614 -0.033228 0.100898 -0.331290 0.094013 0.265739 -0.151686 -0.090368 -0.008575 0.168939 0.476217 0.382994 -0.379187 -0.118130 -0.129032 -0.584164 0.101727 -0.139542 0.289777 -0.068796 0.767182 0.491567 0.353713 0.279639 0.315213 0.088220 0.438425 0.313560 0.522259 0.688882 -0.008907 0.492188 0.099748 0.225669 -0.254063 -0.153145 -0.169450 -0.017170 -0.022179 -0.200547 -0.227614 -0.410781 -0.259886 -0.078522 -0.244510 -0.165554 -0.024599 -0.166840 -0.023359 -0.086644 0.000920 -0.054197 -0.082388 -0.061857 -0.017840 -0.081399 0.094255 -0.012067 -0.340613 -0.013661 0.061409 0.127296 0.001718 -0.012469
0.317126 0.351267 0.086712 0.028890 -0.196748 0.013936 0.150634 -0.145876 -0.194923 -0.234956 0.305857 -0.022483 -0.147900 -0.240997 -0.016978 -0.130299 0.168574 0.265495 1.000000 0.363157 -0.012019 -0.225375 -0.127234 -0.437939 -0.379031 -0.306603 -0.027912 -0.004862 0.379383 0.372667 -0.085231 -0.192393 0.308438 -0.164312 -0.122701 -0.306943 0.018988 0.048183 0.275216 -0.296756 0.137249 0.273012 -0.032987 -0.255951 -0.128177 -0.231530 -0.128938 -0.220933 -0.103544 -0.225259 -0.070751 -0.164232 0.069317 -0.002453 -0.054043 -0.360982 0.067771 0.197945 0.015424 -0.053131 0.206022 0.303848 0.096278 0.003695 -0.031713 0.118885 0.386939 -0.381637 0.352045 0.055916 0.129799 -0.247833 0.338469 0.292381 0.240924 0.077951 0.393259 0.118696 0.224484 0.143594 -0.037833 0.002346 0.202847 0.236700 -0.026596 -0.061637 -0.081190 -0.180713 -0.001422 0.056717 -0.123416 -0.009439 -0.177944 -0.135981 -0.147187 0.014658 -0.057434 -0.010826 -0.055437 -0.021219 0.053570 0.133422 0.248100 -0.254241 -0.233629 -0.255584 0.189646 -0.005657 0.240014 -0.076679 -0.313078 0.132040 0.195026 0.043917 0.002905 0.108110
0.325733 0.582437 -0.215441 -0.165700 -0.177576 -0.057088 -0.105720 -0.049061 -0.205656 -0.135534 0.306297 0.359579 -0.218333 0.077582 0.249134 0.099935 0.187948 0.361882 0.363157 1.000000 0.139110 -0.217960 -0.207313 -0.223602 -0.378600 -0.424146 -0.055149 -0.219523 0.394537 0.448562 -0.216828 -0.224238 0.136091 0.104199 -0.368859 -0.368387 -0.084796 -0.029990 0.045872 -0.149246 -0.038620 0.305202 -0.337670 -0.377536 -0.153584 -0.304010 -0.286991 -0.198765 -0.218343 -0.268401 -0.436155 -0.282649 -0.164642 -0.238907 -0.052995 -0.361610 0.042550 0.218661 0.067875 -0.031641 0.093743 0.133244 0.364577 0.144550 -0.463643 -0.060572 -0.161336 -0.522152 0.082425 0.320390 0.254335 -0.031800 0.398272 0.378882 0.229133 0.132591 0.203615 0.237859 0.038827 0.022638 0.267535 0.212849 0.183997 0.479009 -0.004725 0.104284 -0.296836 -0.218640 -0.091141 0.032900 0.435278 0.323936 0.113240 -0.131632 -0.235362 -0.099147 -0.284280 -0.190582 -0.120214 -0.202701 0.092901 -0.178600 0.121090 -0.061961 -0.027889 -0.114582 0.141243 0.096513 -0.069041 -0.026899 -0.167602 -0.000307 0.010866 -0.166747 -0.144044 -0.030604
-0.140053 0.172713 -0.202599 -0.245983 0.069620 0.069837 -0.203452 -0.156020 -0.198314 -0.065754 0.085038 -0.029473 -0.184122 -0.161734 -0.043851 -0.027313 -0.149064 0.194997 -0.012019 0.139110 1.000000 0.337428 -0.337280 -0.160732 0.113448 0.080369 0.018259 -0.050908 0.075585 0.122213 0.065812 -0.123350 -0.187356 -0.276342 -0.223985 0.016814 0.221022 0.173216 0.166834 0.105614 0.005724 0.164634 -0.201421 -0.115205 0.038530 -0.015831 -0.174442 -0.033650 -0.062668 -0.053084 -0.188397 0.091969 -0.020061 -0.184743 -0.009349 -0.165433 -0.139813 0.070999 0.216059 0.172160 0.013126 0.155078 0.033362 0.095889 -0.324728 0.020318 0.085601 -0.056211 0.061826 0.219879 0.295584 0.107228 0.334007 0.333077 0.210838 0.168818 0.155314 -0.000210 -0.002202 -0.099180 0.263981 0.273782 -0.089120 0.094532 0.016856 0.208234 -0.153223 0.041999 -0.103930 0.188538 0.087318 0.161489 -0.095879 -0.166350 -0.217664 -0.039593 -0.160896 -0.219762 -0.170850 -0.173932 -0.151324 -0.021908 0.061852 0.233127 0.235176 0.280089 -0.053191 0.149161 -0.119973 -0.062733 0.044340 -0.056212 0.046682 -0.057902 -0.015099 -0.027009
-0.083959 -0.239474 -0.046444 -0.206951 -0.068711 0.026630 -0.324924 -0.349970 -0.191152 -0.157920 -0.202422 -0.384157 -0.086821 -0.236536 -0.122150 -0.134421 -0.099559 -0.012078 -0.225375 -0.217960 0.337428 1.000000 0.062731 0.237569 0.476303 0.633143 -0.002868 0.208149 -0.290244 -0.179933 0.192657 0.220476 -0.106236 -0.168615 0.065314 0.257192 0.314479 0.316736 0.245514 0.307342 0.013607 -0.010622 0.079906 0.156909 -0.052200 -0.081850 0.120653 0.178338 0.050213 0.062994 0.058560 -0.020893 0.048841 -0.077809 0.181774 0.144438 -0.035054 0.052743 0.075484 0.141145 -0.260659 -0.174952 -0.165662 0.071177 -0.176657 -0.185847 0.117059 0.221085 0.121916 0.089660 0.059017 0.231289 -0.099767 -0.010453 0.037898 0.053676 -0.016718 -0.001888 -0.142999 0.006812 -0.033905 0.140206 -0.003201 0.008235 0.157021 0.073361 0.187517 0.296103 0.143694 0.182791 -0.073460 0.090541 -0.134103 0.041317 0.098619 0.068260 0.053559 0.037978 0.015333 0.004131 -0.350936 -0.018741 -0.205809 0.165294 0.129996 0.158029 -0.075171 0.141693 -0.051655 0.391617 0.337479 0.112620 -0.044694 -0.136402 0.038948 0.029455
-0.048000 -0.425722 0.553206 0.245878 -0.136123 -0.225712 0.274789 -0.171049 0.093837 -0.252383 -0.208021 -0.366632 0.130251 -0.025073 0.250397 -0.309089 0.019493 -0.340676 -0.127234 -0.207313 -0.337280 0.062731 1.000000 0.760837 0.231503 0.349449 0.018413 0.255078 -0.377011 -0.466673 0.300810 0.475355 0.052790 0.204675 0.257967 0.131591 -0.088510 -0.171038 -0.122371 0.080106 0.054938 -0.337750 0.110286 0.151425 0.130620 -0.030496 0.031351 0.033895 0.290002 0.086607 0.402882 -0.181706 0.035251 0.099227 -0.044497 0.167625 0.099170 0.036479 -0.064107 0.010266 -0.159356 -0.365517 -0.003185 0.159620 0.393939 -0.260160 0.021084 0.422325 -0.107546 -0.151098 -0.204957 0.125194 -0.390383 -0.386754 -0.099990 -0.127376 -0.161462 -0.167295 -0.130616 -0.037291 -0.213139 -0.187801 0.083185 -0.169731 0.154279 -0.138368 0.261117 0.041833 0.430935 0.115427 -0.175071 -0.163877 -0.090271 0.317200 0.153907 -0.062733 0.200092 -0.018101 0.106979 0.044637 -0.222633 -0.094587 -0.260389 -0.348408 -0.331538 -0.395532 -0.200879 -0.334043 -0.067540 -0.016950 0.083337 -0.086495 -0.064564 0.017670 -0.167905 -0.130931
-0.104423 -0.466286 0.336147 0.271493 -0.098136 -0.139964 0.111633 -0.081580 0.095979 -0.095726 -0.237861 -0.227134 0.174599 0.113560 0.107898 -0.191684 -0.123519 -0.453930 -0.437939 -0.223602 -0.160732 0.237569 0.760837 1.000000 0.386062 0.522824 -0.060917 0.172880 -0.532146 -0.516097 0.293040 0.556178 -0.033248 0.267212 0.223696 0.260502 -0.078328 -0.093040 -0.257148 0.298050 -0.070783 -0.380163 0.077722 0.220599 0.133414 -0.002178 0.066052 0.209947 0.328573 0.107140 0.235115 -0.211624 -0.040313 -0.034258 0.009535 0.201159 -0.012491 -0.116074 -0.045192 0.037732 -0.210182 -0.423648 -0.058356 0.085011 0.230865 -0.251325 -0.046014 0.508338 -0.214163 -0.162264 -0.143187 0.382869 -0.474102 -0.371807 -0.148041 -0.005663 -0.216950 -0.125181 -0.263214 -0.214871 -0.179172 -0.236886 0.059149 -0.192271 0.063442 -0.027795 0.327393 0.248236 0.331874 0.130946 -0.055326 -0.113011 0.053515 0.346863 0.207262 -0.017729 0.227707 0.010996 0.103154 -0.043681 -0.259211 -0.221126 -0.334298 -0.251127 -0.253354 -0.239026 -0.300749 -0.323802 -0.214829 0.164070 0.286699 -0.103801 -0.127830 -0.021469 -0.068343 -0.166259
-0.315978 -0.278275 0.038471 0.085689 0.257294 0.205888 -0.133365 -0.275345 0.094640 0.018155 -0.139520 -0.298456 0.273170 -0.078596 0.168214 -0.035735 -0.239199 -0.112594 -0.379031 -0.378600 0.113448 0.476303 0.231503 0.386062 1.000000 0.732041 0.333629 0.464401 -0.266941 -0.425910 0.538804 0.127669 -0.124528 -0.094817 0.210614 0.389391 0.024514 -0.037199 -0.008288 0.090884 0.034380 -0.245444 0.362153 0.291688 0.273647 0.093544 0.365453 0.103163 0.286847 0.176040 0.372989 0.245268 0.164424 0.108483 0.154823 0.132417 0.006329 0.054949 -0.022432 0.169392 -0.266572 -0.352524 0.033816 -0.026489 0.046542 -0.256435 0.105252 0.406211 -0.052935 -0.020606 -0.008981 0.062887 -0.108622 -0.103682 -0.076635 -0.078265 -0.145537 -0.316915 -0.096629 -0.178334 0.183188 0.137233 -0.244288 -0.175097 0.145365 0.148409 0.219696 0.220328 0.054048 0.194313 -0.344738 -0.338655 -0.292292 -0.088606 0.120581 -0.122664 0.205772 -0.025314 0.044435 -0.172858 -0.429578 -0.249471 -0.394775 0.004036 -0.019592 -0.035349 -0.205594 -0.153648 -0.178135 0.079820 0.173316 -0.178301 -0.157788 -0.012570 -0.132841 -0.058056
-0.104195 -0.394429 0.134529 -0.037194 0.044984 0.177919 -0.248133 -0.364633 0.057960 -0.122130 -0.113227 -0.448270 0.247999 -0.118923 0.074281 -0.126428 -0.143657 -0.249009 -0.306603 -0.424146 0.080369 0.633143 0.349449 0.522824 0.732041 1.000000 0.176845 0.484521 -0.422809 -0.432771 0.350459 0.217526 -0.088061 -0.134009 0.265810 0.459964 0.174866 0.116022 0.082763 0.245530 0.078082 -0.290105 0.313874 0.351761 0.097018 -0.068408 0.333708 0.255775 0.337100 0.067888 0.381303 -0.006791 0.066698 0.016766 0.178396 0.131804 0.072193 0.116574 0.036346 0.050989 -0.276189 -0.442150 -0.176988 -0.008435 0.048680 -0.256671 0.192880 0.408430 0.027208 -0.045905 0.019710 0.229947 -0.248539 -0.116462 -0.042967 0.111651 -0.064149 -0.200792 -0.035543 -0.091393 0.002451 -0.009291 0.008549 -0.189683 0.230862 0.009311 0.446190 0.362433 0.248496 0.052963 -0.312456 -0.267944 -0.284466 0.138243 0.258283 -0.004974 0.307140 0.087008 0.115362 -0.060903 -0.489882 -0.107432 -0.407782 0.039995 -0.019043 0.000128 -0.229110 -0.148635 -0.136958 0.301557 0.377853 -0.041489 -0.049953 0.051645 0.077192 0.032319
-0.005129 0.077363 -0.115112 -0.045758 0.488500 0.602540 -0.088739 -0.261470 0.125653 -0.081686 0.154076 -0.226924 0.263835 -0.123033 0.308521 0.000430 -0.003324 0.006374 -0.027912 -0.055149 0.018259 -0.002868 0.018413 -0.060917 0.333629 0.176845 1.000000 0.689239 0.009008 -0.238075 0.235659 -0.302694 -0.048221 -0.256363 0.179479 0.140251 -0.082451 -0.110614 0.084436 -0.107368 -0.064477 -0.017262 0.231764 -0.019430 0.044027 -0.067256 0.187638 -0.085919 0.221780 -0.060313 0.245197 0.123608 0.098465 0.086393 0.073265 -0.117938 0.168355 0.236160 0.142964 0.074742 0.005867 -0.082635 0.067331 -0.159085 0.047431 -0.073400 0.005163 0.049551 0.012538 0.074915 0.099089 -0.159301 -0.040774 -0.080268 -0.193095 -0.150586 0.050945 -0.136471 -0.111492 -0.160859 0.098658 0.014366 -0.175652 -0.040435 0.056100 0.174374 0.014096 0.033520 0.112238 0.134286 -0.095813 -0.158538 -0.176595 -0.040325 -0.100424 -0.142516 0.070877 -0.087172 -0.048869 -0.099344 -0.125355 -0.201847 -0.090007 -0.015090 0.010616 -0.029762 0.005305 -0.009760 -0.148104 -0.253611 -0.063130 -0.056469 0.083851 0.036061 -0.162533 0.014391
0.064625 -0.020580 -0.050717 -0.017304 0.174562 0.475958 -0.203962 -0.585281 0.018350 -0.423592 0.036035 -0.480455 0.280803 -0.297860 0.312778 -0.294502 0.026729 -0.083637 -0.004862 -0.219523 -0.050908 0.208149 0.255078 0.172880 0.464401 0.484521 0.689239 1.000000 -0.084208 -0.404727 0.319611 -0.221671 0.208194 -0.295696 0.306951 0.206668 0.143876 0.047821 0.241049 0.020157 0.300287 -0.080253 0.348633 0.092752 0.053831 -0.196212 0.348103 0.102516 0.351283 -0.037159 0.481935 0.080454 0.229946 0.165457 0.325409 0.052737 0.197504 0.259553 0.120893 0.103601 -0.161444 -0.292543 0.024255 -0.046420 0.002975 -0.278037 0.213148 0.164283 0.120598 -0.030269 -0.008212 -0.219574 -0.111437 -0.227797 -0.265973 -0.296674 -0.027715 -0.218699 -0.107422 0.008066 0.044265 -0.026440 0.075087 -0.005006 0.241206 0.068583 0.273277 0.131577 0.276368 0.191072 -0.306726 -0.306304 -0.409339 0.013888 0.096422 -0.055182 0.455974 0.102648 0.261667 0.087117 -0.310502 -0.169942 -0.281118 -0.059935 -0.030849 -0.034234 0.119851 -0.000094 -0.078437 0.020883 0.187884 0.118515 0.131572 0.000771 -0.028288 0.103824
0.181715 0.475762 -0.387321 -0.104509 -0.167870 -0.139104 -0.232904 -0.206904 -0.092187 -0.194918 0.289259 0.263205 -0.027665 -0.068203 0.331204 0.116938 0.473850 0.716210 0.379383 0.394537 0.075585 -0.290244 -0.377011 -0.532146 -0.266941 -0.422809 0.009008 -0.084208 1.000000 0.643135 0.037590 -0.148414 0.301234 0.006072 -0.160282 -0.404454 0.004924 -0.109718 0.097286 -0.293814 0.327986 0.291995 0.052114 -0.131630 0.065825 -0.138832 -0.048844 -0.247575 -0.240876 -0.124932 -0.110940 -0.031786 0.182680 -0.020982 0.172829 -0.319825 0.131216 0.164587 -0.134092 -0.152128 0.114128 0.166429 0.450848 0.175434 -0.406619 -0.062813 -0.119864 -0.533323 0.161016 -0.127602 0.104207 -0.313891 0.764062 0.218137 0.182566 0.039528 0.251427 0.065666 0.375640 0.324625 0.417829 0.433927 0.205759 0.538552 0.020736 0.145555 -0.248709 -0.280592 -0.268544 -0.165932 -0.123468 -0.235636 -0.285674 -0.440019 -0.194096 -0.071014 -0.107860 -0.094850 0.015829 -0.058825 0.053609 -0.053235 0.037698 -0.097825 -0.119715 -0.099345 0.204997 0.079567 0.123549 -0.127141 -0.357593 0.047685 0.138568 -0.033203 -0.007036 -0.066757
0.083045 0.388846 -0.316127 -0.020160 -0.174084 -0.147346 -0.201749 0.130382 -0.110022 0.092083 0.129035 0.434890 -0.284761 0.086972 -0.016358 0.371930 0.274483 0.627893 0.372667 0.448562 0.122213 -0.179933 -0.466673 -0.516097 -0.425910 -0.432771 -0.238075 -0.404727 0.643135 1.000000 -0.304255 -0.091702 0.178279 0.090245 -0.296579 -0.382092 0.014761 0.125648 0.179291 -0.347890 0.112815 0.445907 -0.028165 -0.143824 -0.066969 -0.143193 -0.154803 -0.196133 -0.297164 -0.164627 -0.253580 -0.128448 0.157753 -0.019236 -0.070350 -0.403360 -0.120221 -0.038649 -0.178049 -0.121782 0.060683 0.285293 0.256986 0.167496 -0.338586 0.112496 -0.101131 -0.576221 0.058461 -0.004483 0.132059 -0.170974 0.597062 0.484999 0.444515 0.408499 0.383558 0.383180 0.426356 0.406894 0.120756 0.296847 0.083036 0.431395 -0.161127 -0.024531 -0.343246 -0.411380 -0.267679 -0.143564 0.131864 -0.053470 0.038012 -0.336279 -0.272577 -0.008640 -0.345608 -0.062794 -0.142158 -0.160584 0.197730 0.124364 0.165484 -0.048754 -0.068281 -0.095586 0.193750 0.104850 0.240814 -0.000732 -0.408619 -0.064218 -0.110940 -0.064813 -0.005477 -0.098109
-0.288030 -0.216552 0.087290 0.263794 0.142913 0.094147 0.030883 -0.204936 -0.068561 -0.039500 -0.015186 -0.190792 0.176860 -0.150756 0.142532 -0.147941 -0.020395 0.030939 -0.085231 -0.216828 0.065812 0.192657 0.300810 0.293040 0.538804 0.350459 0.235659 0.319611 0.037590 -0.304255 1.000000 0.476797 0.025705 0.092939 0.065013 0.060215 -0.171472 -0.233349 -0.135618 0.006134 0.080636 -0.305081 0.324358 0.164843 0.354707 0.150051 0.213337 -0.050238 0.073184 0.217456 0.236756 0.271692 0.209565 0.194811 -0.017475 0.128153 0.011366 0.098426 -0.205218 0.020791 -0.194043 -0.257200 0.135936 0.012934 0.005010 -0.263663 -0.019180 0.226938 -0.059151 -0.186476 0.059848 0.132219 0.097736 -0.093599 -0.095577 -0.124254 -0.074574 -0.261470 -0.162402 -0.235428 0.235407 0.172591 -0.079502 -0.007969 0.049219 0.244422 0.104870 0.114480 -0.035207 0.074250 -0.333778 -0.387458 -0.416025 -0.247262 0.017335 -0.150500 0.179326 -0.141253 0.045000 -0.141276 -0.292064 -0.304725 -0.343749 -0.272418 -0.273095 -0.212229 -0.187105 -0.247391 -0.117115 -0.034289 -0.051792 -0.183623 -0.036427 -0.000875 -0.009243 -0.098460
-0.215431 -0.544233 0.249785 0.234339 -0.157192 -0.315955 0.083933 0.082075 -0.060170 0.122677 -0.345787 -0.133036 -0.165043 0.027869 -0.112717 -0.077704 0.018262 -0.187984 -0.192393 -0.224238 -0.123350 0.220476 0.475355 0.556178 0.127669 0.217526 -0.302694 -0.221671 -0.148414 -0.091702 0.476797 1.000000 -0.032569 0.411365 0.198957 0.111498 -0.160923 -0.148463 -0.246402 0.115068 -0.053129 -0.286490 0.079540 0.240160 0.272482 0.275721 -0.051075 0.049876 -0.012779 0.318175 0.027414 -0.012097 0.073393 0.124847 -0.189647 0.221503 -0.106202 -0.188036 -0.339786 -0.050856 -0.244199 -0.194529 -0.134324 0.092437 0.134065 -0.164590 -0.073953 0.355657 -0.186271 -0.288524 -0.143698 0.311366 -0.163021 -0.189452 0.032648 0.079900 -0.089722 -0.009598 -0.144734 -0.068222 -0.202272 -0.081221 0.093585 -0.066142 -0.062678 -0.049493 0.028622 0.014677 0.009333 -0.078368 -0.151039 -0.159999 -0.096018 0.004562 0.128768 0.013015 0.004376 -0.044442 -0.032346 0.036902 -0.069264 -0.041682 -0.223157 -0.257870 -0.300699 -0.244669 -0.158559 -0.182491 0.029775 0.073609 -0.047395 -0.120456 -0.152479 -0.057443 -0.045108 -0.295409
0.270728 0.278056 -0.200864 0.091297 -0.309364 -0.057496 -0.194847 -0.315882 -0.318906 -0.393807 -0.009803 -0.083566 -0.165316 -0.184023 0.000697 -0.228968 0.262529 0.184635 0.308438 0.136091 -0.187356 -0.106236 0.052790 -0.033248 -0.124528 -0.088061 -0.048221 0.208194 0.301234 0.178279 0.025705 -0.032569 1.000000 0.329103 0.079218 -0.308867 0.014839 -0.035234 0.177532 -0.179590 0.316462 0.112777 0.144364 -0.067551 0.028535 -0.149745 0.008220 -0.026568 -0.035915 -0.091601 0.114370 -0.156369 0.180269 0.048577 0.070796 -0.070103 0.189459 0.302493 -0.103850 0.034927 -0.012308 0.057706 0.259528 0.219881 -0.188768 -0.236635 0.336546 -0.115291 0.417156 0.048903 -0.162371 -0.237431 0.192879 0.003903 0.065831 -0.135870 0.057134 0.065283 0.240490 0.423933 0.055431 0.119044 0.182522 0.282294 -0.076719 0.052387 -0.058419 -0.151233 -0.190505 -0.164768 -0.273352 -0.383636 -0.378912 -0.322355 -0.043621 -0.065675 0.104129 -0.000761 0.154718 -0.023966 -0.205576 -0.097456 -0.221631 -0.199966 -0.192324 -0.119475 0.279863 0.062669 0.002961 0.120760 -0.085108 0.195674 -0.040534 -0.179759 -0.031370 0.016851
0.064877 0.061762 0.162831 0.207177 -0.060574 -0.231170 0.229617 0.363915 0.001036 0.144884 0.036938 0.250400 0.019631 0.270075 -0.050728 0.076897 0.032344 -0.137341 -0.164312 0.104199 -0.276342 -0.168615 0.204675 0.267212 -0.094817 -0.134009 -0.256363 -0.295696 0.006072 0.090245 0.092939 0.411365 0.329103 1.000000 -0.027200 0.041966 -0.323398 -0.279780 -0.349038 -0.022513 -0.148050 -0.154899 -0.195993 -0.063457 0.090428 0.178210 -0.218866 -0.130978 -0.180236 0.025010 -0.196138 -0.238255 -0.192538 -0.132275 -0.246360 -0.049592 -0.039822 -0.041027 -0.149360 -0.109625 0.149010 0.126995 0.114805 0.175547 0.132374 0.107209 -0.110315 0.141197 -0.026441 -0.017670 -0.294714 0.100371 -0.117802 -0.152380 -0.088723 0.028222 -0.182868 0.090080 -0.095376 0.001442 -0.036954 -0.117875 -0.004598 -0.116036 -0.286739 -0.154609 -0.060078 -0.047399 -0.174537 -0.247457 -0.017030 -0.191574 0.092365 -0.111138 0.014532 -0.060470 -0.106423 -0.117070 -0.107997 -0.086004 0.120077 -0.171145 -0.062968 -0.351892 -0.376921 -0.255744 -0.136127 -0.207279 -0.102117 -0.043997 -0.123694 -0.160054 -0.146883 -0.225774 -0.063933 -0.205910
0.087042 -0.286934 0.007560 0.034797 -0.185048 -0.036137 -0.212655 -0.245334 -0.043607 -0.151292 -0.302321 -0.383222 -0.014090 -0.084188 0.025268 -0.151366 0.092801 -0.263018 -0.122701 -0.368859 -0.223985 0.065314 0.257967 0.223696 0.210614 0.265810 0.179479 0.306951 -0.160282 -0.296579 0.065013 0.198957 0.079218 -0.027200 1.000000 0.347594 0.139056 0.095536 0.104395 0.067213 0.137528 -0.123381 0.111743 0.174236 0.044401 0.119188 0.090897 0.139292 0.101700 0.145044 0.224639 -0.002066 0.090549 0.169119 0.284746 0.182225 0.216568 0.119099 0.019412 0.060573 -0.168972 -0.251070 -0.208312 -0.103108 0.141850 -0.164174 0.308740 0.401793 0.072497 -0.169540 -0.219090 -0.018586 -0.354006 -0.327480 -0.200149 -0.260354 -0.115850 -0.052083 0.001144 0.039053 -0.241072 -0.189206 0.027142 -0.154022 0.035812 0.045211 0.126769 -0.031627 0.040407 -0.015047 -0.366742 -0.290275 -0.264907 0.028180 0.274368 0.167946 0.313269 0.217178 0.065609 0.250467 -0.127561 0.121481 -0.163670 0.004606 -0.074689 -0.052552 0.150422 -0.048742 0.072045 0.130971 0.113692 0.131784 -0.010211 0.030680 -0.081528 -0.086809
0.001815 -0.363252 0.178255 -0.059940 0.303897 0.260187 0.005807 0.044313 0.240187 0.260954 -0.107002 -0.200973 0.238086 0.187866 -0.084786 0.188240 -0.211530 -0.439329 -0.306943 -0.368387 0.016814 0.257192 0.131591 0.260502 0.389391 0.459964 0.140251 0.206668 -0.404454 -0.382092 0.060215 0.111498 -0.308867 0.041966 0.347594 1.000000 0.014243 -0.033080 -0.104162 -0.051487 -0.230131 -0.208381 0.041127 0.326703 0.137614 0.422034 0.051633 0.136114 0.144669 0.229287 0.039845 0.005463 -0.276799 -0.096705 -0.074118 -0.018846 -0.084570 -0.119124 0.137138 0.036987 -0.156534 -0.165511 -0.436849 -0.271166 0.287148 0.177748 0.127310 0.567414 -0.115765 0.023560 0.032848 0.054104 -0.463209 -0.229402 -0.218034 -0.003154 0.012502 -0.068530 -0.161015 -0.151859 -0.211756 -0.194621 -0.172942 -0.455368 0.055993 -0.152968 0.262606 0.167363 0.009549 -0.008293 -0.180406 -0.014015 0.074704 0.309859 0.038432 -0.100336 0.026205 -0.077646 -0.133026 -0.026748 -0.000080 0.013905 0.049273 0.078734 0.004634 -0.049021 -0.121851 -0.131601 0.002764 0.002094 0.103995 -0.138963 -0.023313 -0.030855 -0.164931 -0.134827
