1.000000 0.428723 -0.132566 -0.439194 -0.145167 -0.087960 -0.152623 -0.275343 -0.010862 -0.299666 -0.061084 -0.466479 -0.280009 -0.245981 -0.201541 -0.266594 0.312845 0.133962 0.260224 0.105197 -0.117372 -0.189673 -0.241253 -0.308548 -0.039037 -0.116952 0.233770 0.166821 0.294053 0.015071 -0.072558 -0.172345 0.351580 0.185961 0.160565 0.054040 0.169557 -0.199959 -0.307593 -0.283564 0.034962 -0.006305 0.309433 0.241751 0.055994 0.081717 -0.004413 0.265646 -0.136083 0.071576 -0.195014 -0.057646 -0.144104 -0.030806 -0.300090 -0.372680 0.823546 0.524021 0.178034 0.112201 0.048509 0.008157 0.267608 0.372310 -0.244364 -0.262978 0.185399 -0.008491 0.545565 0.038419 -0.002954 -0.020091 0.333093 0.072533 0.276328 0.070018 0.483233 0.311761 0.331480 0.163348 0.167078 0.191653 -0.189054 -0.392163 -0.115122 -0.228938 -0.263972 -0.336154 -0.359770 -0.319420 -0.147010 -0.200572 -0.384914 -0.131553 -0.151520 0.067663 0.022600 -0.087079 0.068015 0.349769 0.016691 0.008348 0.047491 -0.039959 -0.110117 -0.225338 -0.244497 -0.168244 0.068574 -0.101845 0.026548 0.007407 0.033511 -0.262518 -0.300973 -0.315526
0.428723 1.000000 -0.147215 -0.092919 -0.094664 -0.082321 -0.117126 -0.055587 -0.035056 -0.146151 -0.145068 -0.096446 -0.203586 0.050770 -0.306135 -0.137057 0.288770 0.220381 0.080854 0.167919 -0.015127 -0.096589 -0.452407 -0.381145 0.041227 -0.209780 -0.111900 -0.084018 0.177376 0.206676 -0.052283 -0.040447 0.363323 0.319775 -0.050424 -0.039197 0.021407 0.017170 -0.151687 -0.182634 0.105763 0.086344 0.104231 0.031685 -0.076718 -0.032339 -0.176604 -0.003973 -0.292986 -0.091172 -0.474672 -0.326273 -0.304040 -0.281216 -0.309144 -0.310856 0.438321 0.695008 0.279753 0.423029 0.316970 0.378384 0.368827 0.598182 -0.345757 -0.203339 0.205891 -0.158043 0.415609 0.087936 -0.119639 -0.017766 0.299373 0.225685 0.209364 0.058963 0.307648 0.246417 0.257921 0.207740 0.261479 0.206277 -0.064318 -0.057843 -0.369540 -0.313027 -0.133828 -0.194784 -0.181240 -0.171164 -0.270200 -0.397798 -0.242027 -0.203026 -0.090158 0.171126 -0.086309 -0.117628 0.046971 0.037514 0.186282 0.077855 0.209905 -0.053934 -0.079202 -0.185008 -0.017932 -0.020225 0.068511 -0.137082 -0.114618 0.016974 -0.198512 -0.071090 -0.111630 -0.070430
-0.132566 -0.147215 1.000000 0.318223 0.369648 0.293737 0.706729 0.242201 0.391243 0.178146 0.190531 0.024843 0.348457 -0.119789 0.349593 0.108499 -0.120595 -0.232416 0.217742 0.167180 0.118081 -0.045731 0.310324 0.256347 0.220070 0.189568 0.430822 0.218260 -0.047405 -0.133580 0.133640 0.029867 0.087290 0.116238 0.297785 0.115037 -0.114438 -0.412836 -0.268284 -0.336047 -0.159711 -0.233843 -0.016113 0.009745 -0.110047 -0.084891 -0.327225 -0.265449 -0.363614 -0.420569 -0.015417 -0.138630 -0.206739 -0.157864 -0.254560 -0.426835 -0.312701 -0.152741 0.306111 0.065626 0.166262 -0.064661 -0.128254 -0.235410 0.320042 0.155671 0.498565 0.317505 -0.191364 0.273875 0.014677 0.007429 0.001092 -0.168188 -0.095658 -0.267288 -0.119353 -0.033466 -0.133720 -0.093916 -0.248217 -0.000164 -0.215163 -0.004864 0.179239 0.066048 -0.257516 -0.151310 0.129928 -0.133561 0.103947 0.055667 0.185763 0.307745 0.164981 0.067698 -0.274079 -0.332377 -0.315687 -0.115261 0.319906 0.141232 -0.012922 -0.148866 -0.273561 -0.298327 -0.129445 -0.239504 0.108920 -0.278444 -0.200480 -0.267451 0.051173 0.040636 0.010926 -0.150162
-0.439194 -0.092919 0.318223 1.000000 0.041676 0.280539 0.332759 0.686875 0.287215 0.597047 -0.178084 0.462722 0.025056 0.211838 -0.027987 0.402614 -0.187135 -0.155350 0.086462 0.290118 0.117757 -0.118966 0.117253 0.400967 0.076423 0.176226 -0.111911 -0.144599 -0.231592 0.114981 0.172011 0.196342 -0.037523 0.148771 0.091908 0.308380 -0.430949 -0.166273 -0.171458 -0.171158 -0.171975 0.004596 -0.209236 -0.127284 -0.103897 -0.047234 -0.210260 -0.172253 -0.093361 -0.223224 0.127461 0.037813 -0.030539 0.081035 -0.184289 -0.064886 -0.492952 -0.313891 -0.194707 -0.022890 -0.163660 0.077529 -0.218264 -0.286772 0.199763 0.473276 -0.164276 0.184817 -0.247667 0.193974 0.032839 -0.004686 -0.179521 0.158330 -0.136934 -0.053417 -0.116647 0.032608 -0.120303 -0.227583 -0.135984 -0.111993 -0.168102 0.243143 -0.134668 0.244735 -0.116719 0.081875 0.016267 0.034228 0.287581 0.082773 0.597355 0.050190 0.058947 0.028467 -0.312148 -0.186819 -0.095696 -0.139047 0.271477 -0.079102 -0.020227 -0.213233 -0.250491 -0.283740 -0.113916 -0.199182 0.137374 -0.334326 -0.203095 -0.186293 0.026478 0.070325 0.073855 -0.107322
-0.145167 -0.094664 0.369648 0.041676 1.000000 0.412935 0.082773 -0.012646 0.453462 0.085202 0.250165 0.074182 0.279604 0.168937 0.407893 0.326473 0.000394 0.076462 0.010113 0.112086 0.310530 0.236382 0.352337 0.360622 0.532925 0.390125 0.286758 0.031131 0.071301 -0.086439 -0.078260 -0.033199 -0.184054 -0.273929 0.035179 0.044148 -0.275196 -0.427005 -0.308234 -0.232006 -0.412448 -0.440243 0.091838 0.167526 0.100784 0.061808 -0.157762 -0.202421 0.040413 0.019651 0.213446 0.161016 0.076286 -0.018257 -0.058877 -0.102743 -0.222554 -0.185627 0.053390 0.055958 0.023913 -0.079543 0.048740 -0.211174 0.062565 -0.146635 0.060126 0.055665 -0.074097 0.265031 0.266974 0.302686 0.048703 -0.322453 -0.107862 -0.005204 -0.250749 -0.218314 0.128636 0.073889 0.116154 0.235798 -0.221672 0.107532 0.138281 -0.113152 -0.091886 0.148551 0.291566 -0.005325 -0.013862 0.117025 0.015018 0.256185 0.202739 -0.105026 -0.055314 -0.262893 -0.011767 -0.110785 0.277057 0.060286 -0.144007 -0.061976 -0.107836 -0.093306 -0.317494 -0.275218 0.171213 -0.318601 -0.328532 -0.177500 0.145140 0.258719 0.056050 -0.127611
-0.087960 -0.082321 0.293737 0.280539 0.412935 1.000000 0.152653 0.004507 0.498484 0.355310 0.127166 0.118362 0.150988 -0.002300 0.289142 0.359267 -0.055810 -0.180743 0.049864 0.178325 0.150926 -0.007015 0.265638 0.428904 0.242194 0.304874 0.376945 0.461262 -0.177537 -0.312033 -0.139693 -0.141161 -0.183402 -0.137688 0.174128 0.139198 -0.286664 -0.336514 -0.332249 -0.285557 -0.256066 -0.134158 0.072576 0.108478 -0.014486 0.003608 -0.050180 0.028008 0.137031 -0.060665 0.339999 0.104995 0.147828 0.094867 -0.079610 -0.106109 -0.156553 -0.047650 0.154220 -0.096837 -0.034266 -0.157076 -0.174311 -0.277499 0.238655 0.120474 0.011708 0.151413 0.076431 0.378788 0.032426 0.059190 -0.200130 -0.175371 -0.105539 -0.063346 -0.147184 -0.093058 -0.116041 -0.082393 -0.054908 -0.094605 -0.292172 -0.041757 -0.037320 -0.046705 -0.268162 -0.041593 0.165204 -0.102206 0.241166 0.200376 0.231397 0.217689 -0.000181 -0.127972 -0.163953 -0.212619 0.068543 0.015835 0.190286 0.111873 -0.121964 -0.038099 -0.146637 -0.151916 -0.253624 -0.096531 0.057580 -0.337249 -0.191421 -0.130108 0.174031 0.062861 -0.083546 -0.173816
-0.152623 -0.117126 0.706729 0.332759 0.082773 0.152653 1.000000 0.421468 0.312066 0.174611 0.297217 0.190725 0.396242 0.128811 0.242314 0.220466 -0.332251 -0.351725 0.240214 -0.065636 -0.022533 -0.084067 0.304867 0.086553 -0.126765 0.020968 0.288160 0.188101 -0.173765 -0.135135 0.192970 0.118694 0.097092 0.251708 0.113763 0.012766 -0.036190 -0.134467 -0.125439 -0.269076 0.014654 -0.001106 -0.118943 -0.168361 -0.209245 -0.188837 -0.152222 -0.191859 -0.266735 -0.326676 -0.010050 -0.144828 -0.017691 -0.067127 -0.180066 -0.288396 -0.336870 -0.213226 0.274358 0.059400 0.200110 0.115582 -0.315602 -0.205267 0.449016 0.342484 0.256156 0.167182 -0.333183 -0.044525 -0.156060 -0.131935 -0.055189 -0.065751 -0.107812 -0.228504 -0.059853 0.020411 -0.328573 -0.193770 -0.489965 -0.207272 -0.185532 0.037206 0.195436 0.120303 -0.197266 -0.322168 0.085167 -0.027597 0.048417 -0.009923 0.254467 0.150595 -0.093198 0.017829 -0.456255 -0.222265 -0.316725 -0.164853 0.276310 0.125729 0.022040 -0.216030 -0.261095 -0.333273 0.137127 -0.149735 -0.132914 -0.101113 -0.025847 -0.087496 0.033852 -0.098907 -0.057016 -0.047511
-0.275343 -0.055587 0.242201 0.686875 -0.012646 0.004507 0.421468 1.000000 0.149673 0.536163 -0.002383 0.394759 0.232805 0.516850 -0.022820 0.424554 -0.153969 -0.211905 -0.008031 -0.099265 0.090886 -0.077213 0.078709 0.104892 -0.049338 0.134714 -0.075220 -0.153679 -0.284143 0.118048 0.282220 0.217588 -0.068589 0.348914 -0.104207 0.228880 -0.275315 -0.055275 -0.023993 -0.262312 -0.028804 0.119040 -0.225917 -0.169229 -0.127016 -0.009655 -0.301081 -0.265759 -0.162204 -0.189524 0.032411 -0.095219 -0.069024 -0.163184 -0.247590 -0.167023 -0.294493 -0.309183 -0.234515 -0.073234 0.057309 0.384969 -0.254401 -0.204729 0.158689 0.576679 -0.216249 0.200538 -0.320084 0.035129 0.032374 0.022154 -0.194595 0.193290 -0.138321 0.033329 -0.178435 -0.081981 -0.115179 -0.204027 -0.091554 -0.051711 -0.178988 0.028690 -0.017547 0.226817 -0.064186 -0.046028 0.011080 0.021049 0.203984 -0.177264 0.432742 -0.088527 -0.152969 -0.005296 -0.486700 -0.197877 -0.363172 -0.339421 0.241821 -0.122736 -0.073087 -0.313374 -0.293621 -0.294556 0.047595 -0.154893 -0.056627 -0.282966 -0.124364 -0.245884 -0.093181 -0.096800 -0.015935 -0.111705
-0.010862 -0.035056 0.391243 0.287215 0.453462 0.498484 0.312066 0.149673 1.000000 0.377119 0.324948 0.045786 0.255924 0.148949 0.384197 0.316591 -0.117667 -0.117980 0.229211 0.263911 0.159016 -0.171434 0.292620 0.347058 0.153497 0.048791 0.296123 0.068164 -0.043502 -0.091206 -0.096138 -0.195294 -0.196634 -0.197653 0.004698 0.088796 -0.362239 -0.467279 -0.459259 -0.418996 -0.361523 -0.304535 0.062867 0.041555 -0.006989 -0.077668 -0.256391 -0.020967 -0.076921 -0.124690 0.135083 0.057157 0.022766 -0.033553 -0.237934 -0.311509 -0.160566 -0.034797 0.104219 -0.075770 0.005833 0.000368 -0.128099 -0.186483 0.223262 0.124218 -0.041254 0.113686 0.164014 0.409102 0.215794 0.069382 0.077423 -0.094905 -0.025048 0.183871 -0.018782 -0.010863 0.032921 -0.117721 -0.110309 0.080016 -0.439361 -0.129411 -0.110327 -0.072850 -0.346245 -0.199475 0.182988 -0.145518 0.183414 0.156914 0.110956 0.259894 0.067442 -0.105744 -0.280442 -0.281056 0.004776 0.081619 0.273674 0.025248 0.023666 0.026732 -0.062792 -0.136298 -0.258986 -0.254651 0.213832 -0.389689 -0.307048 -0.196272 0.134246 0.154556 -0.052047 -0.326880
-0.299666 -0.146151 0.178146 0.597047 0.085202 0.355310 0.174611 0.536163 0.377119 1.000000 -0.125626 0.215690 0.097442 0.259976 0.013255 0.515322 0.014982 -0.003926 -0.155912 0.222310 0.176515 -0.013490 0.046962 0.294988 -0.052539 0.017421 -0.039688 -0.211396 -0.212919 0.096500 -0.039895 -0.123596 -0.349817 -0.196429 -0.167198 0.098531 -0.426838 -0.198858 -0.117785 -0.088894 -0.359074 -0.074099 -0.032943 -0.052990 0.078824 0.022350 -0.214701 -0.123764 0.053839 -0.084822 0.148394 0.082074 -0.010007 -0.045395 -0.143659 -0.090944 -0.311097 -0.234539 -0.288331 -0.137176 -0.178509 0.144373 -0.218123 -0.264925 0.159193 0.395887 -0.357472 0.101294 -0.063810 0.314226 0.252694 0.191218 -0.264669 0.157490 -0.177690 0.179207 -0.208470 -0.008267 0.057333 -0.056535 0.036286 -0.056952 -0.141623 0.053085 -0.162648 0.006878 -0.003978 0.141977 0.182531 0.062225 0.405725 0.167623 0.505516 0.158625 0.113795 0.085458 -0.300429 -0.132522 -0.072757 -0.086383 0.157234 -0.165383 -0.096285 -0.202863 -0.248075 -0.117649 -0.058661 -0.107201 0.229290 -0.395010 -0.353315 -0.165456 0.080353 0.138900 0.172130 -0.090027
-0.061084 -0.145068 0.190531 -0.178084 0.250165 0.127166 0.297217 -0.002383 0.324948 -0.125626 1.000000 0.163242 0.697523 0.368072 0.551285 0.119956 -0.129840 -0.236942 0.107560 -0.318232 -0.188424 -0.009023 0.485674 0.075412 -0.169448 -0.093963 0.203681 0.195592 -0.156422 -0.406825 -0.004666 0.005978 -0.323192 -0.088805 -0.145443 -0.195307 -0.159637 -0.146881 -0.072757 -0.063073 -0.146061 -0.232237 -0.256091 -0.181182 -0.137568 -0.134119 -0.213914 -0.220607 0.191157 -0.009303 0.209513 0.090433 0.340038 -0.087949 0.064196 -0.083963 -0.118857 -0.072109 0.363031 0.004260 0.344299 0.171697 -0.176064 -0.054374 0.468429 0.199995 0.106068 -0.090884 -0.242499 -0.123400 -0.050906 -0.117991 -0.178840 -0.370888 -0.044930 0.080416 -0.285206 -0.381193 -0.266180 -0.174767 -0.208428 -0.187541 -0.080530 -0.123505 0.279790 -0.058119 0.006274 -0.082931 0.351627 0.088130 -0.119413 -0.097483 -0.214826 0.028212 -0.134834 -0.351477 -0.167966 -0.016017 -0.293324 -0.120150 -0.123311 -0.039757 -0.276227 -0.011941 -0.013832 0.028179 0.113630 -0.112704 -0.221539 -0.002766 0.003655 -0.025721 -0.033372 -0.100032 -0.144081 -0.141063
-0.466479 -0.096446 0.024843 0.462722 0.074182 0.118362 0.190725 0.394759 0.045786 0.215690 0.163242 1.000000 0.304368 0.529323 0.053081 0.470486 -0.301676 -0.038119 -0.196304 -0.085835 0.100267 -0.063835 0.098534 0.269055 0.025834 0.157618 -0.175816 -0.190250 -0.159539 0.177693 0.116094 0.221523 -0.266943 0.028018 -0.014483 0.229928 -0.303231 -0.018879 -0.045882 -0.060850 -0.053619 -0.112434 -0.145087 0.059566 0.110038 0.155000 -0.079843 -0.128765 0.171143 0.180403 0.210103 0.181817 -0.017353 -0.020833 -0.062337 0.176429 -0.480584 -0.470905 -0.207296 -0.034130 -0.141952 0.012600 -0.324865 -0.402366 0.142769 0.363417 -0.200450 0.205059 -0.455670 -0.002917 -0.050469 0.006047 -0.186116 -0.028137 -0.151895 -0.064755 -0.259772 -0.032431 -0.172672 -0.227535 -0.143142 -0.076749 -0.022990 0.277129 0.148435 0.324381 0.130479 0.256607 0.045292 0.051727 0.028348 -0.017440 0.236929 -0.054393 0.097496 -0.041204 -0.094211 -0.018732 -0.171638 -0.185863 0.066678 -0.055186 -0.112855 -0.122510 -0.073002 -0.075731 -0.016304 -0.057022 0.037702 -0.152747 -0.135509 -0.056662 0.126673 0.064295 0.066671 -0.032582
-0.280009 -0.203586 0.348457 0.025056 0.279604 0.150988 0.396242 0.232805 0.255924 0.097442 0.697523 0.304368 1.000000 0.403065 0.541661 0.280604 0.034260 -0.147625 -0.133771 -0.314499 -0.028290 -0.021813 0.200516 0.026218 -0.141446 -0.030372 0.054192 0.075320 -0.051858 -0.123785 -0.043791 -0.085619 -0.266930 0.003375 -0.248783 -0.233667 -0.143201 -0.122866 -0.042399 -0.114279 -0.006938 -0.139206 -0.148514 -0.131094 -0.069295 -0.094345 -0.242375 -0.236699 -0.002123 -0.140233 0.060787 -0.081480 0.088522 -0.220355 -0.060316 -0.165611 -0.235173 -0.162027 0.212048 -0.092629 0.393874 0.206734 -0.162313 -0.158324 0.205192 0.180133 0.090574 0.051537 -0.305368 0.014960 0.000647 -0.088586 -0.069706 -0.152049 0.040642 -0.052707 -0.295369 -0.310547 -0.273023 -0.124510 -0.086575 -0.011113 0.034340 0.075516 0.185443 0.061297 0.020764 -0.010448 0.209885 0.047034 0.009765 -0.118402 -0.027392 0.101765 -0.029450 -0.147428 -0.283549 -0.067520 -0.331667 -0.201056 -0.010899 0.008484 -0.258711 -0.057951 -0.063772 0.008861 0.129097 -0.081628 -0.065445 -0.127523 -0.109756 -0.061329 -0.015015 0.031663 0.031264 -0.025625
-0.245981 0.050770 -0.119789 0.211838 0.168937 -0.002300 0.128811 0.516850 0.148949 0.259976 0.368072 0.529323 0.403065 1.000000 0.026271 0.514488 -0.160235 -0.001675 -0.149227 -0.231804 -0.046624 0.078712 0.082329 -0.071445 -0.095223 -0.041398 -0.302790 -0.225597 -0.246724 0.051837 0.007483 0.144465 -0.283945 0.025272 -0.396380 -0.041330 -0.312857 0.075368 0.049836 -0.015313 -0.162722 -0.092894 -0.224087 -0.187117 0.024955 -0.010127 -0.164659 -0.154827 0.233943 0.206195 0.106583 0.116761 0.194190 -0.118899 -0.029252 0.158406 -0.171876 -0.264708 -0.065354 0.020220 0.182890 0.422485 -0.146955 -0.090921 0.085572 0.373946 -0.284128 -0.167542 -0.143970 -0.146611 0.035004 0.062611 -0.145889 -0.034111 -0.063275 0.208610 -0.231922 -0.224415 -0.102034 -0.181971 -0.091135 -0.141550 -0.244561 0.013162 -0.154700 0.001567 0.010697 0.062717 0.127738 0.060997 -0.036121 -0.241287 0.073131 -0.204754 -0.228821 -0.187497 -0.194496 0.115958 -0.147802 -0.198604 0.090100 -0.170061 -0.271279 -0.136731 -0.112598 -0.005796 0.085577 -0.040637 -0.135385 -0.125682 -0.079676 -0.031492 -0.066964 -0.075969 -0.104140 -0.100416
-0.201541 -0.306135 0.349593 -0.027987 0.407893 0.289142 0.242314 -0.022820 0.384197 0.013255 0.551285 0.053081 0.541661 0.026271 1.000000 0.248061 0.002437 -0.242173 0.140079 -0.205006 -0.059560 -0.046317 0.580493 0.387947 0.032720 0.101859 0.280618 0.157150 0.025284 -0.185512 -0.072204 -0.020881 -0.245654 -0.175996 -0.025724 -0.234424 0.027674 -0.192731 -0.023308 -0.207542 -0.006273 -0.067222 -0.058708 -0.119466 -0.294431 -0.277370 -0.150243 -0.237820 -0.034086 -0.248753 0.174158 -0.021268 0.133909 -0.059087 0.119940 -0.077647 -0.259773 -0.243515 0.145091 -0.177481 0.236940 -0.023679 -0.194818 -0.278358 0.241112 -0.097952 0.020238 -0.013362 -0.248765 0.139233 0.160571 -0.010519 -0.089519 -0.250252 -0.039125 -0.048984 -0.293019 -0.287630 -0.280797 -0.072832 -0.100124 0.014089 0.268587 0.191426 0.393281 -0.068971 0.019695 -0.037529 0.384560 0.086379 0.107509 0.290950 0.100663 0.341403 0.023800 -0.226651 -0.203013 -0.179761 -0.116527 -0.188495 0.170178 0.232423 0.055180 -0.025014 -0.030262 -0.025693 -0.038091 -0.093122 -0.074451 -0.104567 -0.143309 -0.192384 0.033874 0.199755 0.123135 0.106217
-0.266594 -0.137057 0.108499 0.402614 0.326473 0.359267 0.220466 0.424554 0.316591 0.515322 0.119956 0.470486 0.280604 0.514488 0.248061 1.000000 -0.257223 -0.131546 -0.014647 0.003957 0.172323 -0.025822 0.219331 0.307934 0.071002 0.197246 0.081096 -0.128699 -0.087791 0.140222 -0.025782 -0.041225 -0.236951 -0.100010 -0.135183 -0.064429 -0.379280 -0.211555 -0.160831 -0.282419 -0.299935 -0.166677 0.050936 -0.041475 -0.047464 -0.150647 -0.067651 -0.187518 0.080864 0.010735 0.237857 0.221720 0.048929 0.016804 -0.107122 0.001125 -0.345592 -0.367654 -0.193303 -0.107342 -0.076200 0.152626 -0.327850 -0.415394 0.044304 0.208516 -0.360324 -0.030696 -0.224342 0.209217 0.120364 0.132099 -0.162209 0.037475 -0.171783 0.053979 -0.152083 0.025769 -0.128270 -0.183722 -0.100426 0.002443 -0.202718 0.144090 0.071000 0.160851 -0.051344 0.132140 0.174213 0.091935 0.384562 0.233739 0.392104 0.186937 0.068962 -0.037306 -0.310973 -0.287724 -0.040183 -0.150844 0.368671 0.009834 -0.104721 -0.195312 -0.190905 -0.206766 -0.106968 -0.210649 0.104537 -0.318762 -0.423904 -0.154753 0.273262 0.183422 0.142705 -0.052951
0.312845 0.288770 -0.120595 -0.187135 0.000394 -0.055810 -0.332251 -0.153969 -0.117667 0.014982 -0.129840 -0.301676 0.034260 -0.160235 0.002437 -0.257223 1.000000 0.649933 -0.104444 0.134463 0.049837 0.055247 -0.304358 -0.190918 0.074387 -0.107665 -0.161680 -0.145924 0.443984 0.302584 -0.086047 -0.104391 0.010244 0.028079 -0.131973 -0.020175 0.012422 -0.057722 -0.098346 0.032113 0.012043 0.068347 0.067098 0.039048 0.153986 0.087976 -0.098687 -0.070436 -0.041219 -0.050177 -0.258381 -0.219432 -0.066684 -0.260925 -0.133369 -0.231142 0.483435 0.484205 -0.007415 -0.095490 0.205164 0.078382 0.581917 0.459272 -0.344765 -0.275485 -0.076402 -0.151828 0.360022 0.156373 0.287269 0.229581 0.336850 0.232450 0.370490 0.206856 0.122912 -0.002853 0.561187 0.621977 0.723504 0.426174 0.298714 0.041811 -0.193866 -0.304524 0.011589 0.094416 -0.120415 -0.213879 -0.186390 -0.318321 -0.160129 -0.167116 0.070725 0.177494 0.064075 -0.034407 0.052015 0.126700 -0.072587 -0.139243 -0.098091 -0.167616 -0.233859 -0.148482 -0.232648 -0.142539 0.261050 -0.239172 -0.160618 -0.030000 -0.135825 -0.155971 -0.120277 -0.131378
0.133962 0.220381 -0.232416 -0.155350 0.076462 -0.180743 -0.351725 -0.211905 -0.117980 -0.003926 -0.236942 -0.038119 -0.147625 -0.001675 -0.242173 -0.131546 0.649933 1.000000 -0.176780 0.253273 0.045234 0.209039 -0.299125 -0.157110 0.179691 -0.082545 -0.183379 -0.320999 0.517360 0.586333 -0.114055 -0.066281 -0.108103 -0.108740 -0.037600 0.116365 -0.113797 -0.113886 -0.151470 0.127104 -0.130226 -0.170858 0.036214 0.107012 0.338136 0.117204 0.004767 -0.096454 0.129665 0.215119 -0.133237 0.117751 -0.035511 -0.132377 -0.096686 0.015801 0.219313 0.244500 -0.268799 -0.108932 -0.061586 -0.014497 0.558032 0.342857 -0.308406 -0.209550 -0.230748 -0.250486 0.254979 0.007321 0.309110 0.370904 0.493722 0.241164 0.352947 0.300263 0.164024 0.177197 0.725588 0.633827 0.583779 0.464137 0.115693 0.029613 -0.191184 -0.175970 0.188734 0.266795 -0.088659 -0.144716 -0.317506 -0.216477 -0.177361 -0.118691 0.204229 0.221608 0.230939 0.053382 0.209503 0.290221 -0.013572 -0.192948 -0.130531 -0.162809 -0.218919 -0.102571 -0.335101 -0.158203 0.374364 -0.234915 -0.295211 0.112223 0.053306 0.000437 0.002215 -0.204134
0.260224 0.080854 0.217742 0.086462 0.010113 0.049864 0.240214 -0.008031 0.229211 -0.155912 0.107560 -0.196304 -0.133771 -0.149227 0.140079 -0.014647 -0.104444 -0.176780 1.000000 0.442875 -0.174144 -0.359463 0.270572 0.150777 -0.067727 -0.116857 0.168104 0.067519 0.114841 -0.157655 -0.074785 -0.034294 0.287040 0.078360 0.063676 -0.031401 -0.087350 -0.260815 -0.313463 -0.369810 -0.167914 -0.033814 -0.073785 -0.262650 -0.302097 -0.333511 -0.047302 0.058599 -0.218842 -0.229780 -0.083979 -0.034609 0.013326 0.134509 -0.179867 -0.211104 0.076405 0.080052 0.058245 0.126374 -0.013257 0.044122 0.039561 0.000409 0.049044 -0.099212 0.024678 -0.088101 0.215627 0.097371 0.003293 -0.181214 0.086969 -0.019528 0.076533 -0.099173 0.265861 0.122640 -0.057443 -0.209100 -0.188426 -0.062489 -0.102952 0.032510 -0.007898 -0.055205 -0.322135 -0.262624 -0.049659 -0.069830 0.232338 0.268405 0.058637 0.245845 -0.098766 -0.078926 -0.216194 -0.165260 0.200929 0.143770 0.240743 0.217520 0.204414 0.018433 -0.068403 -0.244048 -0.170569 -0.213663 -0.049641 -0.051991 -0.027534 -0.042944 0.032462 -0.080205 -0.164818 -0.225070
0.105197 0.167919 0.167180 0.290118 0.112086 0.178325 -0.065636 -0.099265 0.263911 0.222310 -0.318232 -0.085835 -0.314499 -0.231804 -0.205006 0.003957 0.134463 0.253273 0.442875 1.000000 0.062448 -0.165731 -0.139755 0.185018 0.173353 -0.029577 0.026072 -0.145447 0.379448 0.245687 -0.135170 -0.169638 0.199294 -0.053772 0.060199 0.145978 -0.303534 -0.450847 -0.488138 -0.232892 -0.397820 -0.305089 0.189533 0.117336 0.221385 -0.025287 -0.076807 0.114098 -0.078423 -0.111430 -0.015302 0.117462 -0.180063 0.133505 -0.301355 -0.283057 -0.044870 0.106909 -0.237368 -0.088510 -0.426364 -0.319659 0.134049 -0.100101 -0.269240 -0.243436 -0.060425 0.038613 0.443197 0.574945 0.242989 0.204037 0.296607 0.219998 0.062523 0.081828 0.276127 0.351346 0.396150 -0.011340 0.210519 0.190461 -0.171681 -0.001203 -0.308095 -0.103584 -0.285214 -0.045593 -0.292149 -0.288054 0.223220 0.187008 0.106709 0.233035 0.283331 0.073844 0.042323 -0.272463 0.281924 0.342681 0.219241 -0.022705 0.083451 0.046619 -0.117000 -0.098164 -0.387081 -0.235154 0.383278 -0.392316 -0.288708 0.010088 0.203235 0.108323 -0.013241 -0.335270
-0.117372 -0.015127 0.118081 0.117757 0.310530 0.150926 -0.022533 0.090886 0.159016 0.176515 -0.188424 0.100267 -0.028290 -0.046624 -0.059560 0.172323 0.049837 0.045234 -0.174144 0.062448 1.000000 0.403125 -0.026363 0.194954 0.460462 0.300391 0.112756 -0.169827 -0.024111 0.072766 0.146706 -0.037625 -0.069112 -0.142400 0.017704 0.083470 -0.085490 0.017454 0.055276 -0.073747 -0.255225 -0.090140 0.068495 0.159896 0.100453 0.001099 -0.146395 -0.319294 -0.038158 -0.105943 -0.001966 0.070413 -0.166188 -0.169231 -0.008215 -0.014878 -0.201411 -0.169046 -0.144945 -0.048886 -0.168143 -0.148192 -0.072284 -0.234196 -0.157464 -0.164157 -0.066735 0.073791 -0.108595 0.238155 0.421264 0.539469 0.016073 0.185134 0.053902 0.261951 -0.157188 0.028514 0.217582 0.178381 0.268836 0.304448 -0.061099 0.030674 0.090130 0.101287 0.178972 0.323916 0.190777 0.210868 0.050049 0.055393 0.201342 0.186613 0.321869 0.338904 -0.140213 -0.290516 -0.102624 -0.092301 0.150999 0.007617 -0.019663 -0.237174 -0.168081 -0.235477 -0.016130 -0.203618 0.421475 -0.272810 -0.427353 -0.181744 0.141281 0.382022 0.393583 0.177190
-0.189673 -0.096589 -0.045731 -0.118966 0.236382 -0.007015 -0.084067 -0.077213 -0.171434 -0.013490 -0.009023 -0.063835 -0.021813 0.078712 -0.046317 -0.025822 0.055247 0.209039 -0.359463 -0.165731 0.403125 1.000000 0.094422 0.002393 0.305024 0.252306 -0.047466 -0.060213 -0.005353 0.019569 0.145515 0.231081 -0.151085 -0.159109 -0.041120 -0.081094 0.058780 0.254856 0.269187 0.351423 -0.176939 0.032757 -0.164375 -0.075818 0.052978 -0.075198 -0.032039 -0.409054 0.227272 0.042381 0.130224 0.175283 0.140483 -0.048348 0.267356 0.258012 -0.148938 -0.109378 -0.084976 -0.167931 -0.055649 -0.159030 0.005641 -0.060514 -0.007398 -0.066786 -0.038007 -0.288324 -0.081256 -0.205493 0.348473 0.566600 -0.009572 0.024633 0.136267 0.339971 -0.226833 -0.232009 0.127611 0.342034 0.213114 0.145192 0.113685 0.011507 0.071026 -0.018191 0.340223 0.346943 0.279865 0.290486 -0.379757 -0.104782 -0.047984 -0.068763 0.097330 0.005528 0.162008 0.113598 -0.072094 -0.014387 0.024925 -0.208243 -0.169284 -0.261614 -0.190766 -0.044501 0.088915 -0.089969 0.032017 0.038906 -0.140450 -0.030951 0.044862 0.158113 0.198344 0.220152
-0.241253 -0.452407 0.310324 0.117253 0.352337 0.265638 0.304867 0.078709 0.292620 0.046962 0.485674 0.098534 0.200516 0.082329 0.580493 0.219331 -0.304358 -0.299125 0.270572 -0.139755 -0.026363 0.094422 1.000000 0.664163 0.157806 0.280570 0.251283 0.130615 -0.269695 -0.363859 0.252569 0.341070 -0.267196 -0.167898 0.259085 0.099700 -0.167333 -0.174143 -0.036632 -0.126863 -0.269658 -0.174412 -0.285000 -0.273204 -0.208253 -0.180071 -0.082923 -0.308729 0.217198 0.010332 0.446886 0.310880 0.388192 0.283501 0.078963 0.132915 -0.346349 -0.374140 0.078092 -0.092811 -0.052801 -0.164247 -0.242556 -0.365016 0.571523 0.139952 -0.097047 -0.035756 -0.351079 -0.071549 0.211526 0.109744 -0.352326 -0.393262 -0.211299 -0.016247 -0.372957 -0.353847 -0.223709 -0.149564 -0.249709 -0.213458 -0.036481 0.064240 0.372652 -0.083198 0.071011 0.102930 0.406994 0.169452 0.044129 0.319016 0.188480 0.197467 -0.070854 -0.329823 -0.195401 -0.134675 -0.229845 -0.187233 0.006570 -0.027762 -0.116720 -0.200029 -0.127518 -0.119257 -0.050030 -0.086752 -0.137910 -0.053782 -0.078473 -0.232885 0.069652 0.057167 0.015760 -0.030807
-0.308548 -0.381145 0.256347 0.400967 0.360622 0.428904 0.086553 0.104892 0.347058 0.294988 0.075412 0.269055 0.026218 -0.071445 0.387947 0.307934 -0.190918 -0.157110 0.150777 0.185018 0.194954 0.002393 0.664163 1.000000 0.333021 0.355509 0.155394 -0.059752 -0.167366 -0.168212 0.201731 0.282591 -0.333503 -0.306806 0.351070 0.286221 -0.347457 -0.322589 -0.173440 -0.241977 -0.333754 -0.230945 -0.114252 -0.037209 -0.018040 0.038587 -0.115196 -0.191334 0.163265 -0.040389 0.356541 0.282515 0.124681 0.252734 -0.036050 0.110176 -0.395328 -0.360905 -0.209246 -0.162169 -0.366270 -0.378817 -0.201346 -0.493069 0.299065 0.038318 -0.218507 0.200807 -0.248391 0.271089 0.318935 0.214706 -0.343086 -0.288381 -0.285292 0.035277 -0.379076 -0.180610 0.002777 -0.152660 -0.016990 0.003833 -0.096916 0.152513 0.164608 0.029945 0.099299 0.223030 0.247834 0.088884 0.238301 0.424257 0.478715 0.301681 0.165191 -0.159105 -0.107095 -0.300569 -0.043204 -0.055167 0.145418 -0.010246 -0.023814 -0.145446 -0.094895 -0.106272 -0.214258 -0.077491 0.166816 -0.301380 -0.284190 -0.305512 0.160887 0.333070 0.215521 -0.033190
-0.039037 0.041227 0.220070 0.076423 0.532925 0.242194 -0.126765 -0.049338 0.153497 -0.052539 -0.169448 0.025834 -0.141446 -0.095223 0.032720 0.071002 0.074387 0.179691 -0.067727 0.173353 0.460462 0.305024 0.157806 0.333021 1.000000 0.696167 0.258536 0.010905 0.173857 0.021117 0.166742 0.203411 0.130404 -0.002617 0.327126 0.298968 -0.147840 -0.375859 -0.198510 -0.191449 -0.295240 -0.352210 0.114393 0.220204 0.180461 0.175887 -0.108984 -0.324054 0.014469 0.103963 0.185110 0.158212 -0.139211 -0.070592 -0.094932 -0.021990 -0.118391 -0.052781 -0.143036 0.036118 -0.163674 -0.259751 0.186349 -0.157101 -0.108637 -0.167222 0.105560 0.101532 -0.003731 0.173279 0.247325 0.352136 0.125991 -0.156126 0.012817 -0.013516 -0.104663 -0.065350 0.359579 0.247924 0.304476 0.325576 -0.199698 -0.010778 0.135864 -0.068832 0.068796 0.271022 0.095408 -0.023837 -0.177885 0.003544 0.026102 0.167827 0.193934 -0.028165 0.095706 -0.397359 0.012155 -0.035954 0.277978 0.031749 0.019934 -0.184197 -0.165682 -0.188777 -0.385220 -0.257878 0.237590 -0.307063 -0.369825 -0.294102 0.181405 0.343701 0.150760 -0.018789
-0.116952 -0.209780 0.189568 0.176226 0.390125 0.304874 0.020968 0.134714 0.048791 0.017421 -0.093963 0.157618 -0.030372 -0.041398 0.101859 0.197246 -0.107665 -0.082545 -0.116857 -0.029577 0.300391 0.252306 0.280570 0.355509 0.696167 1.000000 0.265929 0.227158 0.102337 -0.060857 0.221359 0.295906 0.171329 0.156174 0.279547 0.286066 0.075395 -0.259290 -0.155939 -0.241687 -0.078765 -0.136560 0.174226 0.259066 0.050356 0.127939 0.046411 -0.236579 0.072641 0.080078 0.377462 0.225393 -0.067683 0.037624 -0.093231 -0.008302 -0.226790 -0.257663 -0.145061 -0.065913 -0.231806 -0.262809 -0.080183 -0.338341 0.006202 0.053384 0.017966 0.201734 -0.258518 0.043636 0.049668 0.210778 -0.074908 -0.127292 -0.073815 -0.192504 -0.135491 -0.078377 0.090958 0.100680 0.122128 0.208554 -0.123076 -0.009952 0.422059 0.199340 0.091739 0.205120 0.060014 -0.075304 -0.184308 -0.022921 0.059632 0.071004 0.054472 -0.100852 0.004502 -0.352983 -0.207802 -0.201309 0.275399 0.103902 -0.046772 -0.213163 -0.188378 -0.206793 -0.271105 -0.220298 -0.013213 -0.225479 -0.168138 -0.303828 0.180716 0.212028 0.091000 -0.045861
0.233770 -0.111900 0.430822 -0.111911 0.286758 0.376945 0.288160 -0.075220 0.296123 -0.039688 0.203681 -0.175816 0.054192 -0.302790 0.280618 0.081096 -0.161680 -0.183379 0.168104 0.026072 0.112756 -0.047466 0.251283 0.155394 0.258536 0.265929 1.000000 0.603166 0.005525 -0.213854 0.037132 -0.186120 0.048077 0.104333 0.360446 0.200519 0.032476 -0.463662 -0.352547 -0.412040 -0.069551 -0.157921 0.300221 0.359686 0.033968 0.104919 -0.096941 -0.047249 -0.163412 -0.106311 0.176270 -0.003326 -0.127747 -0.113698 -0.243613 -0.455173 0.032121 0.074822 0.118491 -0.087909 -0.036990 -0.197187 -0.189511 -0.152309 0.282673 0.045072 0.271292 0.341418 0.000049 0.212017 -0.057672 -0.023975 -0.001609 -0.135450 -0.055805 -0.083327 0.095146 0.124006 -0.019395 0.000280 -0.121231 0.125099 -0.222288 -0.323920 0.382893 0.073952 -0.152481 -0.187127 0.104970 -0.180491 0.084971 0.115585 -0.068599 0.223799 0.100841 -0.013939 -0.095145 -0.370717 -0.138047 0.062725 0.157388 0.101528 -0.018721 -0.138749 -0.239674 -0.293069 -0.191977 -0.261936 0.081255 -0.211844 -0.125764 -0.159484 0.284237 -0.046300 -0.071324 -0.239233
0.166821 -0.084018 0.218260 -0.144599 0.031131 0.461262 0.188101 -0.153679 0.068164 -0.211396 0.195592 -0.190250 0.075320 -0.225597 0.157150 -0.128699 -0.145924 -0.320999 0.067519 -0.145447 -0.169827 -0.060213 0.130615 -0.059752 0.010905 0.227158 0.603166 1.000000 -0.127019 -0.397356 -0.024878 -0.124153 0.133626 0.184405 0.292408 0.165528 0.247741 -0.148695 -0.241861 -0.162981 0.174195 0.144522 0.165501 0.251456 0.042841 0.192441 0.132933 0.250782 0.029392 0.038249 0.253931 0.001041 0.040013 0.071241 -0.158483 -0.275239 0.122820 0.169737 0.340662 0.042137 0.082526 -0.159874 -0.157575 0.003490 0.288885 0.166534 0.353513 0.296700 0.044456 0.017515 -0.296364 -0.229792 -0.143578 -0.252850 -0.007316 -0.244311 0.098591 -0.041170 -0.243454 -0.079832 -0.189334 -0.141258 -0.106058 -0.209108 0.247051 0.112557 -0.221196 -0.243430 0.017255 -0.279042 -0.035374 -0.123193 -0.263086 -0.110231 -0.249192 -0.221176 0.086543 0.008634 -0.055857 0.115709 -0.039178 0.073161 -0.128924 -0.016040 -0.097077 -0.127009 -0.073534 -0.041452 -0.244073 0.074597 0.354461 0.113049 0.093157 -0.384124 -0.460987 -0.304229
0.294053 0.177376 -0.047405 -0.231592 0.071301 -0.177537 -0.173765 -0.284143 -0.043502 -0.212919 -0.156422 -0.159539 -0.051858 -0.246724 0.025284 -0.087791 0.443984 0.517360 0.114841 0.379448 -0.024111 -0.005353 -0.269695 -0.167366 0.173857 0.102337 0.005525 -0.127019 1.000000 0.601516 -0.058644 -0.098929 0.295026 0.142645 -0.003035 -0.075725 0.195795 -0.263337 -0.331714 -0.220712 -0.001479 -0.128180 0.400201 0.254323 0.162395 -0.062541 0.135125 -0.029625 -0.132054 -0.023993 -0.107211 0.049369 -0.234196 -0.052664 -0.218636 -0.267408 0.164355 0.195155 -0.258264 -0.129526 -0.129521 -0.191835 0.350859 0.121979 -0.548087 -0.426042 -0.084257 -0.155912 0.186513 0.168622 0.244333 0.251630 0.747158 0.280881 0.357375 0.130768 0.399776 0.365304 0.558634 0.509885 0.525135 0.660200 0.096526 -0.001346 0.151952 0.029204 -0.065449 0.039627 -0.352297 -0.309743 -0.260062 -0.099416 -0.359600 0.013419 0.188811 0.086679 0.153996 -0.260227 0.207939 0.223224 0.191295 0.039184 0.105905 -0.090071 -0.176249 -0.190559 -0.426726 -0.341401 0.268667 -0.247434 -0.304627 -0.056273 0.222057 0.067427 -0.007592 -0.227103
0.015071 0.206676 -0.133580 0.114981 -0.086439 -0.312033 -0.135135 0.118048 -0.091206 0.096500 -0.406825 0.177693 -0.123785 0.051837 -0.185512 0.140222 0.302584 0.586333 -0.157655 0.245687 0.072766 0.019569 -0.363859 -0.168212 0.021117 -0.060857 -0.213854 -0.397356 0.601516 1.000000 0.101504 0.094294 0.129941 0.202942 -0.046929 0.130916 0.025626 -0.020873 -0.159778 -0.110598 0.080397 0.025105 0.274991 0.225467 0.284069 0.065715 -0.005204 -0.023761 -0.118558 0.072385 -0.219308 0.011502 -0.311933 -0.118599 -0.296261 -0.154669 -0.007482 0.045834 -0.423214 -0.213049 -0.181039 -0.053178 0.206194 0.101321 -0.431709 -0.191616 -0.232410 -0.044991 0.067056 0.125009 0.263915 0.234906 0.672738 0.563963 0.318783 0.244040 0.403441 0.460659 0.509200 0.384870 0.380584 0.523112 0.136428 0.179893 -0.137120 0.046339 0.043141 0.172280 -0.366575 -0.279547 -0.174258 -0.204051 -0.121622 -0.127147 0.182955 0.287621 0.086031 -0.120607 0.088817 0.104841 0.202231 -0.153903 0.059023 -0.172893 -0.226900 -0.201387 -0.240040 -0.200604 0.350038 -0.207428 -0.302045 -0.026359 0.130875 0.078876 0.113406 -0.125331
-0.072558 -0.052283 0.133640 0.172011 -0.078260 -0.139693 0.192970 0.282220 -0.096138 -0.039895 -0.004666 0.116094 -0.043791 0.007483 -0.072204 -0.025782 -0.086047 -0.114055 -0.074785 -0.135170 0.146706 0.145515 0.252569 0.201731 0.166742 0.221359 0.037132 -0.024878 -0.058644 0.101504 1.000000 0.736146 0.097094 0.358080 0.243782 0.406591 0.014659 -0.018872 -0.029601 -0.080040 0.031008 0.041044 -0.086562 0.017904 0.227181 0.231177 -0.116210 -0.216432 0.095048 0.102305 0.100445 0.074447 -0.040303 0.038635 -0.197071 -0.101071 -0.092040 -0.088052 -0.055114 -0.069562 -0.142680 -0.121417 -0.133647 -0.098438 0.129702 0.203817 0.013533 0.189252 -0.248677 -0.117676 0.249751 0.174693 -0.081353 0.061922 -0.018694 0.062638 -0.025154 -0.099150 0.134348 0.157047 0.026269 -0.021318 -0.084085 -0.050109 0.079921 0.048498 -0.034511 0.013501 -0.213278 -0.179485 -0.287271 -0.270488 -0.057026 -0.254973 -0.068617 0.059017 -0.099521 -0.137912 -0.351456 -0.107696 -0.032722 -0.249064 -0.140292 -0.296581 -0.185687 -0.237581 0.016527 -0.133458 0.011871 -0.060116 0.071909 -0.161377 -0.089857 -0.166013 -0.114721 -0.065435
-0.172345 -0.040447 0.029867 0.196342 -0.033199 -0.141161 0.118694 0.217588 -0.195294 -0.123596 0.005978 0.221523 -0.085619 0.144465 -0.020881 -0.041225 -0.104391 -0.066281 -0.034294 -0.169638 -0.037625 0.231081 0.341070 0.282591 0.203411 0.295906 -0.186120 -0.124153 -0.098929 0.094294 0.736146 1.000000 0.096838 0.307345 0.215183 0.316735 0.036226 0.133890 0.130262 0.075396 0.060290 0.124518 -0.236981 -0.151307 0.085771 0.115061 -0.116425 -0.219989 0.180436 0.150896 0.096193 0.048929 0.113444 0.149933 -0.011430 0.150339 -0.148842 -0.122298 -0.000302 -0.086484 -0.052647 -0.139994 -0.038994 -0.068924 0.157741 0.092892 0.023247 -0.050647 -0.276916 -0.329649 0.129685 0.059881 -0.104073 0.013663 0.034534 0.068246 -0.010714 -0.194198 0.001054 0.137578 -0.105150 -0.189082 0.005044 0.166943 -0.010176 -0.061003 -0.028417 0.066937 -0.143873 -0.106136 -0.432852 -0.266112 -0.003915 -0.267922 -0.231200 -0.143265 -0.026282 0.029470 -0.296192 -0.199967 -0.019179 -0.212724 -0.120505 -0.242232 -0.132690 -0.078772 0.083313 0.026688 -0.248626 0.127022 0.183856 -0.126482 -0.168555 -0.084707 -0.088550 0.091277
0.351580 0.363323 0.087290 -0.037523 -0.184054 -0.183402 0.097092 -0.068589 -0.196634 -0.349817 -0.323192 -0.266943 -0.266930 -0.283945 -0.245654 -0.236951 0.010244 -0.108103 0.287040 0.199294 -0.069112 -0.151085 -0.267196 -0.333503 0.130404 0.171329 0.048077 0.133626 0.295026 0.129941 0.097094 0.096838 1.000000 0.693853 0.148595 -0.050623 0.382727 -0.052933 -0.176204 -0.253761 0.221528 0.042277 0.290053 0.109240 -0.142697 -0.153684 0.174361 0.076326 -0.292446 -0.078256 -0.175852 -0.140257 -0.390625 0.016681 -0.218863 -0.267098 0.232057 0.267961 0.188974 0.252141 0.066817 0.031182 0.178001 0.186808 -0.321388 -0.249804 0.426131 0.017667 0.161102 0.000687 -0.272290 -0.193809 0.340210 0.172631 0.105520 -0.395321 0.472954 0.321479 0.030583 0.097739 -0.082036 0.084771 -0.075809 -0.023144 -0.000321 0.012429 -0.313885 -0.314221 -0.484778 -0.337153 -0.249328 -0.206436 -0.252770 -0.108239 -0.128590 0.114972 -0.026740 -0.239195 -0.030753 -0.096259 0.205966 0.215237 0.222503 0.002427 -0.015219 -0.151122 -0.133618 -0.099900 -0.121104 0.037907 0.062892 -0.102706 -0.083890 -0.130288 -0.136063 -0.016040
0.185961 0.319775 0.116238 0.148771 -0.273929 -0.137688 0.251708 0.348914 -0.197653 -0.196429 -0.088805 0.028018 0.003375 0.025272 -0.175996 -0.100010 0.028079 -0.108740 0.078360 -0.053772 -0.142400 -0.159109 -0.167898 -0.306806 -0.002617 0.156174 0.104333 0.184405 0.142645 0.202942 0.358080 0.307345 0.693853 1.000000 0.140102 0.163053 0.258123 -0.021933 -0.169588 -0.330681 0.334336 0.128849 0.140706 0.064367 -0.088059 -0.030237 -0.014756 -0.060142 -0.248059 -0.102955 -0.126353 -0.240519 -0.345946 -0.168411 -0.353720 -0.396749 0.114054 0.216018 0.136671 0.036066 0.194154 0.206563 0.039747 0.154096 -0.079605 0.112672 0.309586 0.126441 -0.090881 -0.086884 -0.257769 -0.240025 0.216006 0.249221 0.121039 -0.249301 0.378192 0.191097 -0.028961 0.139953 -0.071257 0.079078 -0.099918 -0.066014 0.067130 0.133770 -0.332377 -0.319303 -0.489181 -0.431629 -0.271567 -0.472092 -0.212623 -0.288321 -0.277209 0.029846 -0.220866 -0.258985 -0.293063 -0.260422 0.154251 0.068453 0.073801 -0.165806 -0.187167 -0.274338 -0.052533 -0.094891 -0.222810 -0.068081 0.117531 -0.179833 -0.119877 -0.334379 -0.256710 -0.128176
0.160565 -0.050424 0.297785 0.091908 0.035179 0.174128 0.113763 -0.104207 0.004698 -0.167198 -0.145443 -0.014483 -0.248783 -0.396380 -0.025724 -0.135183 -0.131973 -0.037600 0.063676 0.060199 0.017704 -0.041120 0.259085 0.351070 0.327126 0.279547 0.360446 0.292408 -0.003035 -0.046929 0.243782 0.215183 0.148595 0.140102 1.000000 0.606637 0.035123 -0.222860 -0.226168 -0.220630 0.061901 -0.051849 0.083044 0.267055 0.131311 0.249324 0.032554 0.021461 -0.131719 0.008019 0.119828 0.097272 -0.168896 0.168106 -0.221658 -0.199090 0.017952 0.032382 0.036451 -0.038088 -0.228152 -0.403181 -0.025410 -0.109134 0.289628 0.038458 0.277555 0.363647 -0.064185 0.054958 -0.012908 0.117372 0.038141 -0.112713 -0.048901 -0.116186 0.119804 0.196880 0.117161 0.053686 -0.048720 0.102024 -0.156626 -0.111426 0.227224 0.091979 -0.073269 -0.009292 -0.081591 -0.207496 -0.135441 0.028688 0.020035 -0.049094 0.057608 -0.020034 0.057268 -0.206460 -0.114569 0.099063 0.076865 -0.033022 0.063189 -0.183289 -0.227588 -0.303560 -0.289762 -0.141046 0.082361 -0.092019 -0.000799 -0.201332 0.116168 -0.068731 -0.048531 -0.149592
0.054040 -0.039197 0.115037 0.308380 0.044148 0.139198 0.012766 0.228880 0.088796 0.098531 -0.195307 0.229928 -0.233667 -0.041330 -0.234424 -0.064429 -0.020175 0.116365 -0.031401 0.145978 0.083470 -0.081094 0.099700 0.286221 0.298968 0.286066 0.200519 0.165528 -0.075725 0.130916 0.406591 0.316735 -0.050623 0.163053 0.606637 1.000000 -0.231909 -0.285633 -0.317917 -0.140272 -0.087967 -0.150676 0.010137 0.330345 0.485274 0.611004 -0.096221 0.087765 0.104674 0.256352 0.143166 0.130514 -0.221729 0.029222 -0.335609 -0.191806 -0.016640 -0.031891 -0.194575 -0.058640 -0.404670 -0.342187 -0.052628 -0.131424 0.236720 0.308292 0.013250 0.560559 -0.038642 0.092646 0.109874 0.135036 -0.026263 -0.051759 -0.009308 0.010465 0.072897 0.080472 0.342099 0.072995 0.126222 0.087212 -0.235131 -0.158097 0.016482 0.028777 -0.030060 0.088450 -0.188446 -0.379603 -0.087805 -0.213810 -0.012324 -0.280554 0.002937 -0.014011 0.103720 -0.103234 -0.106879 0.187925 -0.036225 -0.313497 -0.088371 -0.228202 -0.231723 -0.245327 -0.380785 -0.245612 0.198623 -0.268137 0.089710 -0.054073 0.141523 -0.223636 -0.213483 -0.399245
