1.000000 0.375556 0.331669 0.121240 0.246001 0.157239 0.328883 0.187294 0.308928 0.116307 0.462239 0.090235 0.262248 0.119399 0.411855 0.261563 0.063315 -0.019934 0.354487 0.130700 0.045428 0.045643 -0.000593 -0.091280 -0.024527 0.032744 0.054999 0.039808 0.169904 -0.032302 0.010105 -0.044827 0.387469 0.057632 -0.125022 -0.248260 0.127891 -0.110834 0.050035 0.010905 -0.057659 0.039777 -0.122697 -0.289071 -0.171062 -0.494747 -0.117425 -0.272399 0.132546 -0.240041 -0.073629 -0.156519 -0.044675 -0.275944 -0.056526 -0.251133 0.362441 0.043958 0.523574 0.008282 0.358672 0.121530 0.214401 0.178425 -0.058633 -0.089103 0.368729 -0.335864 0.420509 0.046724 -0.104692 -0.084843 0.110727 0.230221 0.252996 0.330968 0.262690 0.057424 -0.134416 0.158234 0.036917 0.042978 0.262489 0.241509 -0.018371 -0.056196 0.013715 -0.100569 0.036395 0.041815 -0.291786 -0.112758 -0.256822 -0.066757 0.238932 0.001020 -0.014489 -0.077929 -0.036528 -0.153357 -0.077557 0.188642 0.176231 -0.004993 -0.017735 -0.457559 -0.130997 -0.331477 0.013735 0.027390 -0.072571 -0.021114 0.180002 0.153999 -0.104029 0.148094
0.375556 1.000000 0.030936 0.070833 -0.172535 -0.174367 0.095588 0.165004 0.129001 0.017643 0.395454 0.388909 0.372105 0.371197 0.234221 0.269662 0.289295 0.318964 0.284238 0.272517 -0.160125 -0.175398 -0.001511 -0.090191 -0.421735 -0.177181 -0.178866 -0.066919 0.277017 0.271638 0.262695 0.063947 0.419838 0.273177 -0.116323 -0.499903 0.112946 -0.084324 -0.157335 -0.138000 0.054220 0.091546 -0.258920 -0.367681 -0.386478 -0.593743 -0.321855 -0.422014 -0.114413 -0.371998 -0.204985 -0.169013 -0.006574 -0.335858 -0.315133 -0.495907 0.405491 0.335205 0.431036 0.242347 0.380384 0.549153 0.506808 0.524288 -0.093961 0.031220 0.459236 -0.410349 0.538347 0.035579 -0.098159 -0.088244 0.311867 0.337227 0.297458 0.256876 0.379515 -0.177776 0.049154 0.291508 0.172208 0.202616 0.141356 0.234413 -0.000825 0.112965 0.112729 -0.204949 0.034484 0.245415 -0.491434 -0.333107 -0.093729 0.012987 0.153643 -0.181657 -0.284193 -0.335541 -0.405631 -0.357222 0.002169 0.378919 0.212213 -0.055557 -0.002645 -0.272016 -0.016449 -0.248902 -0.024312 -0.207468 -0.463754 -0.397667 -0.059962 -0.042309 0.036763 0.176162
0.331669 0.030936 1.000000 0.346176 0.352855 0.243774 0.665993 0.307421 0.328507 0.164321 0.232512 -0.088723 0.157608 -0.175910 0.292122 0.024677 -0.228104 -0.121300 0.352300 0.132751 -0.084351 -0.077127 0.487484 0.345040 0.241962 0.395423 0.127377 0.193657 -0.084334 -0.321276 0.091116 0.033427 0.361102 0.070891 0.182160 0.115127 -0.294693 -0.297217 -0.176110 -0.168824 -0.220034 -0.221107 -0.237096 -0.221595 -0.252247 -0.186614 -0.315390 -0.189344 -0.068660 -0.397733 0.103973 -0.258768 -0.260240 -0.390022 -0.315955 -0.301929 0.057609 -0.027908 0.150029 -0.167321 0.193108 -0.257548 -0.020004 -0.169637 0.357510 -0.076814 0.347282 0.190490 0.101346 0.315539 -0.179780 -0.315490 -0.130108 -0.091360 0.031234 -0.099102 -0.028741 0.022293 -0.154757 0.049442 -0.200630 -0.088739 0.326916 0.052250 0.014498 0.101071 0.041568 0.043381 0.295700 -0.144083 0.024831 0.249175 0.256900 0.206115 -0.166647 -0.153796 -0.206038 -0.004394 -0.100302 -0.044866 -0.070054 0.307855 -0.030722 0.075938 -0.018245 -0.313837 -0.136636 -0.382860 -0.067546 -0.037440 0.067797 0.032438 -0.042252 0.207700 -0.096318 -0.139063
0.121240 0.070833 0.346176 1.000000 -0.063624 0.230655 0.079221 0.078932 -0.099763 -0.125779 0.054192 -0.097202 -0.180674 -0.352875 -0.130006 -0.194599 -0.127811 0.101696 0.275328 0.211476 0.162928 0.205491 0.650543 0.633619 0.304826 0.482304 0.144627 0.390347 -0.222254 -0.292081 -0.000949 -0.018043 0.043304 -0.017068 0.282158 0.191427 -0.147896 -0.137384 -0.113646 0.015152 -0.225918 -0.190235 -0.023336 0.007865 -0.333533 -0.049599 -0.195583 -0.017218 -0.272487 -0.394283 -0.081062 -0.274522 -0.349953 -0.317550 -0.340932 -0.171818 0.084659 0.114522 -0.078922 -0.209481 -0.204108 -0.337286 -0.078632 -0.228329 0.161992 -0.146540 0.155314 0.104456 0.082082 -0.017952 -0.102391 -0.269528 -0.226025 0.077706 0.007499 0.135848 -0.052958 0.064471 -0.076572 0.141723 -0.050428 0.119280 0.031267 0.070007 0.217581 0.513984 0.218937 0.310341 0.465141 0.123292 0.025376 0.080041 0.262505 0.221636 -0.058922 0.154691 0.014296 0.214668 0.040104 0.093172 -0.084133 0.389711 0.133088 0.122377 -0.011357 -0.206315 -0.000372 -0.467221 0.217127 0.157819 0.038341 0.052679 0.140307 0.329667 -0.104502 -0.109201
0.246001 -0.172535 0.352855 -0.063624 1.000000 0.369360 0.304355 0.456754 0.377294 0.488391 0.094434 0.158738 0.246145 0.234355 0.328404 0.295812 -0.309535 -0.346019 0.006485 0.179357 0.148732 0.030489 -0.238419 -0.155034 0.373848 0.082337 0.213482 -0.014991 -0.089333 -0.100783 -0.068031 0.078234 -0.006345 0.092195 -0.251719 0.069901 -0.337919 -0.180134 -0.240064 -0.197062 -0.201537 -0.152883 -0.024323 -0.003802 0.191409 0.033759 0.022483 0.023021 0.178577 -0.040751 0.004227 0.017915 -0.195510 -0.183387 -0.077233 -0.196832 -0.283594 -0.392729 0.121423 -0.032629 0.260369 0.008243 -0.226598 -0.204769 0.088643 0.267081 -0.031492 0.331602 -0.176646 0.331608 0.025196 0.024923 -0.171555 -0.089355 0.016498 0.008274 -0.249266 -0.074348 -0.261658 -0.194022 -0.251463 -0.309831 0.077175 0.124898 -0.299796 -0.221705 -0.347036 -0.225344 -0.168456 -0.183796 0.206311 0.310152 0.217293 0.057056 -0.126930 -0.176984 -0.079450 -0.105134 -0.057692 -0.169236 0.208163 -0.086507 0.025487 -0.052993 0.028708 -0.179210 -0.098966 -0.066729 -0.178049 -0.174816 0.097102 0.061312 -0.145111 0.003058 -0.136391 -0.063981
0.157239 -0.174367 0.243774 0.230655 0.369360 1.000000 0.119897 0.173458 0.072614 0.244207 -0.096837 -0.100018 -0.095098 -0.135056 0.064314 0.009226 -0.264794 -0.318100 0.028579 -0.017677 0.110162 0.245144 0.217001 0.303082 0.391202 0.386048 0.506336 0.561249 -0.330319 -0.319570 -0.120794 -0.041150 -0.001949 -0.138576 0.211048 0.227116 -0.284711 -0.063938 -0.095130 0.012581 -0.252907 -0.154711 -0.009626 0.026906 -0.175348 0.101225 0.123826 0.086463 -0.008484 -0.181910 0.110156 0.138773 -0.168402 0.013380 -0.191887 -0.023280 -0.097080 -0.163954 -0.053714 -0.084084 -0.109677 -0.131241 -0.150541 -0.132882 0.090999 0.177191 0.093318 0.294179 -0.053430 0.040690 -0.079421 -0.053560 -0.364141 -0.159359 0.016289 0.026137 -0.163249 0.053569 -0.171821 -0.160881 -0.234968 -0.197529 0.080630 -0.000916 -0.092330 0.103351 0.056766 0.016484 0.141918 0.111091 0.040220 0.055125 0.112102 -0.013025 0.133986 0.047256 -0.038511 0.054206 -0.041082 -0.171304 -0.016768 0.087846 0.050793 0.053174 0.095234 -0.080620 -0.011259 -0.078185 -0.032632 0.031816 0.203480 0.098849 -0.062322 0.186675 -0.071059 -0.010878
0.328883 0.095588 0.665993 0.079221 0.304355 0.119897 1.000000 0.613792 0.441197 0.485944 0.317791 0.213069 0.326692 0.141530 0.425640 0.407203 -0.022623 -0.000236 0.251205 0.048960 -0.319220 -0.232728 0.187186 0.089019 -0.106968 0.107647 -0.073801 -0.182315 0.225185 0.072919 0.144068 0.092541 0.518982 0.422662 0.022089 -0.036178 -0.177185 -0.277842 -0.281953 -0.172884 -0.129926 -0.070920 -0.141849 -0.163935 -0.134555 -0.209150 -0.263020 -0.249504 -0.191585 -0.205245 -0.015150 -0.336315 -0.251367 -0.355763 -0.335577 -0.333725 0.146047 -0.218732 0.038213 -0.253675 0.490507 -0.006410 0.165945 -0.136022 0.397844 0.090072 0.099348 -0.033155 -0.000305 0.136589 -0.191673 -0.477842 0.175257 0.053796 0.170088 -0.060404 0.110585 -0.065297 -0.125468 0.069638 -0.008914 -0.061612 0.389174 0.372203 -0.021362 0.045717 -0.100458 -0.089115 0.108701 -0.165438 -0.115560 0.088826 0.219543 0.131166 -0.128308 -0.209812 -0.308193 -0.159969 -0.226823 -0.166000 0.002792 0.364536 0.038070 0.102691 0.012628 -0.395542 -0.214284 -0.408003 -0.053360 -0.014116 -0.159721 -0.095179 0.018110 0.083793 -0.061481 -0.144902
0.187294 0.165004 0.307421 0.078932 0.456754 0.173458 0.613792 1.000000 0.356371 0.683192 0.301772 0.464865 0.496569 0.512603 0.407836 0.542395 -0.020246 -0.028984 0.047055 0.174613 -0.282886 -0.238785 -0.181949 -0.167669 -0.082620 0.098274 -0.202732 -0.338466 0.276879 0.192250 0.273077 0.279195 0.297082 0.416647 -0.209572 -0.056740 -0.231894 -0.372173 -0.396181 -0.343582 -0.098646 -0.244562 -0.117926 -0.136901 0.022534 -0.061093 -0.219846 -0.274416 -0.125255 -0.102932 -0.214150 -0.100633 -0.250564 -0.416954 -0.425042 -0.456899 -0.089138 -0.478367 0.124973 -0.075436 0.565572 0.296283 0.149781 -0.125062 0.206963 0.492573 0.020596 0.098586 -0.088092 0.117184 -0.091056 -0.296926 0.184812 0.122500 0.200798 -0.030402 -0.069010 -0.286734 -0.094066 0.050891 -0.069105 -0.113690 0.005823 0.296920 -0.280132 0.021141 -0.394135 -0.162680 -0.269856 -0.118074 -0.117090 0.014960 0.256646 0.018152 -0.182183 -0.283429 -0.278164 -0.330501 -0.369206 -0.290936 0.129007 0.333139 0.076547 -0.013915 -0.118895 -0.385866 -0.098964 -0.309130 0.063540 -0.149354 -0.394796 -0.249363 0.012824 -0.079331 -0.268953 -0.301226
0.308928 0.129001 0.328507 -0.099763 0.377294 0.072614 0.441197 0.356371 1.000000 0.417440 0.481767 0.417556 0.469849 0.375125 0.775618 0.426719 -0.057473 -0.106814 0.163975 0.107772 -0.196960 -0.303135 0.023008 -0.016385 -0.084492 -0.117572 -0.136076 -0.245086 0.242022 0.051412 -0.000734 -0.020354 0.148202 0.165182 -0.065456 -0.153538 -0.011463 -0.224661 -0.228537 -0.294502 -0.081057 -0.181924 -0.148946 -0.170533 -0.092054 -0.313838 -0.249417 -0.186900 -0.006902 -0.172200 0.062002 -0.164734 -0.204908 -0.409668 -0.027473 -0.491413 -0.124674 -0.132269 0.189885 -0.183099 0.438779 0.119866 -0.002345 -0.155197 0.332842 0.142354 0.025730 -0.061832 -0.032089 0.202860 -0.131659 -0.263734 0.090984 -0.034627 0.017135 -0.048056 0.172142 -0.054427 -0.208282 0.072882 -0.156887 -0.110093 0.380761 0.197065 0.160489 -0.066253 -0.135407 -0.141223 0.120108 -0.139941 0.040180 0.175486 0.221723 0.276239 -0.031979 -0.233281 -0.166831 -0.190998 -0.162981 -0.214968 0.279366 0.293575 0.221096 0.113393 0.184962 -0.252596 -0.166131 -0.261705 -0.102924 -0.076090 -0.136416 -0.147889 -0.060182 0.160151 0.035468 0.033831
0.116307 0.017643 0.164321 -0.125779 0.488391 0.244207 0.485944 0.683192 0.417440 1.000000 0.225667 0.480017 0.318101 0.399458 0.395085 0.539845 -0.141331 -0.149109 -0.039734 0.030709 -0.192968 -0.091957 -0.237162 -0.168798 0.066367 0.055871 -0.094839 -0.349028 0.144303 0.090215 0.033661 0.174411 0.180850 0.227299 -0.212126 -0.072611 -0.137048 -0.194904 -0.264541 -0.256909 -0.120129 -0.167665 -0.127539 -0.119304 -0.011287 -0.074360 -0.203082 -0.238592 0.006456 -0.041006 0.056955 -0.013303 -0.067389 -0.269606 -0.090630 -0.330397 -0.122621 -0.335168 0.130295 -0.066013 0.473968 0.255203 -0.040202 -0.170225 0.253759 0.529129 -0.068341 0.116510 -0.103849 0.132276 -0.036896 -0.155440 -0.000090 0.011842 0.069279 0.025473 -0.080908 -0.109114 -0.151553 0.085536 -0.150978 -0.194468 0.098946 0.287810 -0.149343 0.012677 -0.254425 -0.109942 -0.192412 -0.112616 -0.057518 0.091355 0.139193 -0.089331 -0.004343 -0.148021 -0.232341 -0.232250 -0.250345 -0.263073 0.084333 0.164248 0.083203 0.008157 -0.133426 -0.296227 -0.149224 -0.233744 0.094609 -0.134193 -0.267959 -0.155707 0.050239 0.070199 -0.088281 -0.085007
0.462239 0.395454 0.232512 0.054192 0.094434 -0.096837 0.317791 0.301772 0.481767 0.225667 1.000000 0.483364 0.662796 0.440650 0.610859 0.380052 0.151847 0.111844 0.267322 0.017276 -0.280779 -0.088309 0.016452 -0.047956 -0.226039 0.001612 -0.338786 -0.285037 0.464607 0.196359 0.270569 0.298041 0.147531 0.151937 -0.242325 -0.426921 0.041521 -0.377547 -0.182039 -0.162297 -0.184442 -0.252820 -0.331229 -0.398385 -0.182390 -0.518260 -0.313526 -0.411004 0.132331 -0.206177 -0.092113 -0.145031 -0.031977 -0.440538 -0.139471 -0.360020 0.074017 0.080729 0.486195 0.057423 0.502260 0.293556 0.267290 0.117165 0.205132 0.202659 0.206614 -0.331156 0.166010 0.002216 -0.039340 -0.092875 0.284069 0.175880 0.148360 0.148885 0.157290 -0.227644 0.019699 0.188874 -0.012377 0.058922 0.318532 0.310461 0.130547 0.091359 -0.142393 -0.047892 -0.022862 0.035790 -0.278149 -0.127021 -0.007162 0.013039 0.080210 -0.058683 -0.048631 -0.162021 -0.205191 -0.213832 0.085487 0.388024 0.167723 0.072221 0.001458 -0.404289 -0.104618 -0.383726 0.090700 0.072211 -0.299320 -0.259301 0.056885 0.071254 -0.178563 -0.073837
0.090235 0.388909 -0.088723 -0.097202 0.158738 -0.100018 0.213069 0.464865 0.417556 0.480017 0.483364 1.000000 0.552669 0.671218 0.442159 0.586865 0.082865 0.103881 0.005359 -0.047790 -0.222526 -0.187239 -0.172319 -0.107481 -0.230457 -0.086733 -0.366395 -0.364373 0.277921 0.406338 0.355326 0.379859 -0.011632 0.278996 -0.224111 -0.311344 -0.047284 -0.215464 -0.361123 -0.274852 -0.123087 -0.148878 -0.142600 -0.226604 -0.056900 -0.222095 -0.116391 -0.338734 0.069594 -0.051746 -0.031753 -0.049801 -0.134201 -0.377724 -0.177826 -0.452929 -0.137206 -0.215111 0.184050 -0.079502 0.475894 0.445361 0.225536 0.069874 0.369715 0.588840 -0.027760 -0.092409 -0.058068 -0.105091 -0.031620 0.008431 0.234299 0.174577 0.160067 0.141838 0.057159 -0.361868 -0.079253 0.081094 -0.075352 -0.056466 0.103547 0.433086 -0.012956 0.246743 -0.295337 -0.284259 -0.125912 -0.094280 -0.267096 -0.314429 0.115085 -0.109652 0.117106 -0.269321 -0.220088 -0.414668 -0.379947 -0.457274 0.149604 0.227010 0.203403 -0.130510 0.011895 -0.252259 -0.087661 -0.147811 0.023416 -0.212623 -0.514944 -0.504748 -0.113691 -0.111940 -0.051691 0.007756
0.262248 0.372105 0.157608 -0.180674 0.246145 -0.095098 0.326692 0.496569 0.469849 0.318101 0.662796 0.552669 1.000000 0.746382 0.643619 0.603191 0.202800 0.067530 0.162803 0.093650 -0.388407 -0.371670 -0.347216 -0.390949 -0.359375 -0.209039 -0.384454 -0.424113 0.474358 0.325610 0.393013 0.365498 0.154304 0.377763 -0.439337 -0.283354 0.023600 -0.346754 -0.313338 -0.318899 -0.069658 -0.212726 -0.338154 -0.380306 0.029171 -0.324054 -0.264474 -0.354749 0.190025 -0.191290 -0.247427 -0.062455 -0.121697 -0.374244 -0.240473 -0.438320 0.022027 -0.117998 0.450792 0.023588 0.764429 0.400763 0.236613 0.090649 0.151441 0.447996 0.006528 -0.084938 0.082520 0.179722 -0.098896 -0.100701 0.358907 0.059387 0.183286 -0.033672 0.028711 -0.455658 0.056527 -0.034605 0.066027 0.055029 0.135842 0.207146 -0.327647 -0.193108 -0.269348 -0.252294 -0.221853 -0.009739 -0.244661 -0.139056 0.037927 -0.020715 -0.029691 -0.311965 -0.060565 -0.377701 -0.327273 -0.339576 0.145903 0.274868 0.112157 -0.159118 -0.009455 -0.262541 0.048879 -0.101477 -0.124074 -0.187148 -0.379540 -0.375268 -0.150530 -0.172469 -0.150095 -0.226254
0.119399 0.371197 -0.175910 -0.352875 0.234355 -0.135056 0.141530 0.512603 0.375125 0.399458 0.440650 0.671218 0.746382 1.000000 0.448462 0.623388 0.203659 0.124817 -0.026677 0.087536 -0.233370 -0.326708 -0.533911 -0.498544 -0.343125 -0.351704 -0.434596 -0.531279 0.374393 0.462456 0.349293 0.315012 0.049920 0.306690 -0.424461 -0.289449 0.035342 -0.235275 -0.271363 -0.323065 0.013282 -0.160437 -0.248863 -0.293815 0.095254 -0.244916 -0.146852 -0.308357 0.164036 -0.040645 -0.188207 0.117155 -0.035010 -0.250142 -0.151805 -0.410168 -0.082167 -0.274730 0.338172 0.125298 0.616838 0.672665 0.222866 0.172074 0.035715 0.579279 -0.036199 -0.123656 0.050783 0.029198 0.092683 0.088278 0.332699 0.204847 0.286199 0.099592 0.064111 -0.382898 0.042166 0.026809 0.052873 -0.012631 -0.047068 0.174581 -0.363096 -0.256604 -0.342845 -0.297405 -0.346266 0.044767 -0.229225 -0.209613 0.014323 -0.083152 0.028783 -0.296334 -0.105625 -0.390444 -0.396084 -0.330263 0.125356 0.141659 0.103278 -0.178439 -0.092785 -0.117611 0.087752 0.057225 -0.059986 -0.230330 -0.417919 -0.412419 -0.061536 -0.216080 -0.133120 -0.106419
0.411855 0.234221 0.292122 -0.130006 0.328404 0.064314 0.425640 0.407836 0.775618 0.395085 0.610859 0.442159 0.643619 0.448462 1.000000 0.590921 -0.005717 -0.127689 0.218283 0.083226 -0.335193 -0.352460 -0.072880 -0.122367 -0.282216 -0.108540 -0.176631 -0.235618 0.396358 0.128066 0.130315 0.079983 0.186485 0.178250 -0.201587 -0.286551 0.110463 -0.196895 -0.124899 -0.191342 -0.048954 -0.206037 -0.211237 -0.268158 -0.108180 -0.409515 -0.232752 -0.250912 0.109664 -0.202622 -0.059100 -0.129159 -0.139169 -0.372393 -0.044896 -0.413648 -0.063958 -0.140094 0.345315 -0.104869 0.550626 0.136268 0.107089 -0.137568 0.300456 0.226112 0.026041 -0.190050 0.008858 0.114680 -0.131691 -0.238401 0.221197 -0.051868 0.093387 -0.065906 0.220575 -0.117898 -0.105971 0.039343 -0.077868 -0.104458 0.471638 0.357105 0.067764 -0.076324 -0.116621 -0.152120 0.028426 -0.051073 -0.096835 0.005916 0.094384 0.079052 0.065308 -0.214158 -0.148523 -0.268020 -0.195728 -0.286157 0.139295 0.274755 0.109271 0.006970 0.115484 -0.281705 -0.101288 -0.224288 -0.071615 -0.104542 -0.237660 -0.251696 -0.088516 -0.014372 -0.025884 -0.065797
0.261563 0.269662 0.024677 -0.194599 0.295812 0.009226 0.407203 0.542395 0.426719 0.539845 0.380052 0.586865 0.603191 0.623388 0.590921 1.000000 0.100289 -0.072533 0.089430 0.015569 -0.247345 -0.227567 -0.331059 -0.256095 -0.307473 -0.121356 -0.301051 -0.452745 0.375919 0.406635 0.267457 0.301811 0.268094 0.441073 -0.472603 -0.368530 0.193031 -0.037643 -0.174071 -0.122065 0.078709 0.100181 -0.087060 -0.194993 -0.021676 -0.355048 -0.070270 -0.272427 0.016504 -0.117404 -0.257170 -0.156740 -0.062945 -0.283157 -0.073408 -0.320552 0.028279 -0.298719 0.267935 -0.045262 0.703563 0.444713 0.293338 0.105127 0.101627 0.421827 -0.072661 -0.251363 -0.022107 -0.032549 -0.128641 -0.230768 0.361054 0.172100 0.263884 0.090146 0.144784 -0.210344 -0.076910 -0.005902 0.076716 -0.010358 0.287459 0.560942 -0.241871 -0.085447 -0.241159 -0.177933 -0.211209 0.060328 -0.237001 -0.215620 0.069525 -0.090918 0.171525 -0.191531 -0.142689 -0.321781 -0.280284 -0.335439 0.189261 0.233428 0.163710 -0.064868 0.078230 -0.289643 -0.144774 -0.213708 -0.046849 -0.167318 -0.452332 -0.293798 -0.111582 -0.141392 -0.033357 -0.072473
0.063315 0.289295 -0.228104 -0.127811 -0.309535 -0.264794 -0.022623 -0.020246 -0.057473 -0.141331 0.151847 0.082865 0.202800 0.203659 -0.005717 0.100289 1.000000 0.708421 0.410239 0.389946 -0.181230 -0.091812 -0.250447 -0.281504 -0.311603 -0.269905 -0.305606 -0.346403 0.594588 0.480464 0.195203 0.092820 0.269768 0.300670 -0.172780 -0.314493 0.339028 -0.123731 -0.074240 -0.113958 0.241299 0.111844 -0.179051 -0.134767 -0.146930 -0.225458 -0.250026 -0.206296 -0.322642 -0.209032 -0.490028 -0.342417 -0.176135 -0.207327 -0.213302 -0.181439 0.528853 0.292810 -0.083484 -0.109429 0.176730 0.165242 0.503356 0.354575 -0.158388 -0.047869 -0.027542 -0.345175 0.343675 -0.108294 0.229432 0.002990 0.664251 0.534449 0.459021 0.313269 0.469306 0.030879 0.660379 0.405465 0.783369 0.669343 -0.034321 0.120199 0.030140 -0.008926 0.083445 -0.057508 -0.119111 0.135866 -0.485968 -0.398628 -0.285728 -0.020034 -0.035622 0.049643 -0.073488 -0.003757 -0.285026 0.009370 0.051546 0.129232 0.064107 -0.130084 0.045659 -0.175780 -0.095495 -0.182166 0.191724 -0.064410 -0.353402 -0.155980 0.078973 -0.118156 -0.033797 -0.032335
-0.019934 0.318964 -0.121300 0.101696 -0.346019 -0.318100 -0.000236 -0.028984 -0.106814 -0.149109 0.111844 0.103881 0.067530 0.124817 -0.127689 -0.072533 0.708421 1.000000 0.327358 0.311775 -0.135790 0.042865 0.007926 -0.114451 -0.190526 -0.040143 -0.280842 -0.258880 0.485737 0.501951 0.237115 0.120714 0.246142 0.295377 0.021672 -0.197140 0.162423 -0.251316 -0.227294 -0.207642 0.076036 -0.009145 -0.224601 -0.129713 -0.242074 -0.219379 -0.374573 -0.241307 -0.391844 -0.202493 -0.379354 -0.323132 -0.268745 -0.244178 -0.316982 -0.238792 0.399064 0.410061 -0.183490 -0.124987 0.003600 0.085139 0.343249 0.285807 0.012639 -0.076938 -0.032252 -0.322677 0.301891 -0.182008 0.195337 -0.007510 0.538500 0.569349 0.397933 0.360466 0.429705 0.124655 0.576275 0.627015 0.606881 0.663739 -0.146079 0.103349 0.166540 0.228515 0.108863 0.093648 -0.025801 0.033048 -0.412614 -0.270909 -0.080760 0.069467 -0.187671 0.092508 -0.104758 0.072727 -0.170254 0.116925 0.021259 0.313497 0.030771 -0.009793 -0.074807 -0.179108 0.048360 -0.310892 0.209754 0.056916 -0.266630 -0.162662 0.227737 0.094366 -0.081388 -0.119133
0.354487 0.284238 0.352300 0.275328 0.006485 0.028579 0.251205 0.047055 0.163975 -0.039734 0.267322 0.005359 0.162803 -0.026677 0.218283 0.089430 0.410239 0.327358 1.000000 0.452769 0.049148 -0.015768 0.190004 0.058638 -0.047034 0.052514 0.005763 0.037170 0.243656 0.078262 0.030297 -0.058554 0.369698 0.120624 -0.158305 -0.293194 0.079084 -0.098793 -0.087197 -0.071434 0.067962 0.077101 -0.101077 -0.096507 -0.259088 -0.328333 -0.228723 -0.071927 -0.247512 -0.386441 -0.290022 -0.506458 -0.303058 -0.410944 -0.287728 -0.237276 0.363107 0.181024 0.032843 -0.244411 0.181764 -0.141002 0.335380 0.034274 0.073263 -0.137442 0.200204 -0.270909 0.437807 0.013574 0.016382 -0.107903 0.274842 0.309187 0.405799 0.258327 0.354288 0.104218 0.212919 0.233106 0.329887 0.394973 0.319620 0.289827 0.171365 0.195732 0.098646 -0.126251 0.253528 -0.015600 -0.358898 -0.168483 -0.112964 0.092075 0.054385 -0.009175 -0.145648 0.036935 -0.195256 0.032996 -0.039044 0.268264 0.078803 -0.112498 -0.053919 -0.288223 -0.132280 -0.403967 0.102147 0.016335 -0.150536 -0.025952 0.009518 0.085306 -0.065604 0.115829
0.130700 0.272517 0.132751 0.211476 0.179357 -0.017677 0.048960 0.174613 0.107772 0.030709 0.017276 -0.047790 0.093650 0.087536 0.083226 0.015569 0.389946 0.311775 0.452769 1.000000 -0.005059 -0.167218 -0.059514 -0.029877 0.025478 -0.096016 -0.003510 -0.049410 0.214384 0.084214 -0.081710 -0.144984 0.247637 0.217264 -0.038753 -0.122090 -0.057570 -0.245972 -0.176889 -0.188128 0.091120 0.019278 -0.238194 -0.169706 -0.255094 -0.246236 -0.385414 -0.107588 -0.370912 -0.467801 -0.369517 -0.419532 -0.363972 -0.425221 -0.250785 -0.380942 0.212466 0.143009 -0.001211 -0.026054 0.112921 0.010432 0.153701 -0.004793 -0.105899 -0.087959 0.145227 0.057717 0.408438 0.490948 0.191653 -0.003294 0.168512 0.215466 0.275352 0.121109 0.188940 0.116976 0.280637 0.256827 0.425064 0.327072 -0.008935 0.049271 0.013835 0.018805 -0.063841 -0.101754 0.129296 0.098456 -0.067270 0.104802 0.148509 0.152149 -0.220557 0.024561 -0.169732 0.020643 -0.283136 -0.032934 0.142950 0.129048 -0.050707 -0.080086 0.041909 -0.153451 -0.169537 -0.279932 0.097284 -0.082698 -0.100934 -0.069244 -0.049200 -0.054246 -0.186569 -0.041672
0.045428 -0.160125 -0.084351 0.162928 0.148732 0.110162 -0.319220 -0.282886 -0.196960 -0.192968 -0.280779 -0.222526 -0.388407 -0.233370 -0.335193 -0.247345 -0.181230 -0.135790 0.049148 -0.005059 1.000000 0.364262 0.033923 0.080985 0.392758 0.161939 0.330370 0.266461 -0.343410 -0.199445 -0.028880 -0.061104 -0.172454 -0.227187 -0.024473 0.136924 -0.053121 0.211683 0.133481 0.134244 0.027226 0.189743 0.346065 0.301867 0.156958 0.192876 0.364330 0.313800 0.081481 0.104923 0.155540 0.108707 0.109563 0.217835 0.173606 0.175203 -0.059927 -0.070571 -0.046090 -0.013781 -0.336686 -0.054455 -0.160297 -0.001728 -0.287498 -0.221121 0.050967 0.015487 0.126461 -0.115951 0.380376 0.422632 -0.204130 0.141560 0.007908 0.307831 -0.004412 0.216861 -0.234303 -0.041386 -0.214006 0.000597 -0.180035 -0.113801 -0.093824 0.016063 0.033614 -0.093467 0.009590 0.001267 -0.017971 -0.049723 -0.186962 -0.104258 0.129192 0.075775 0.186001 0.110081 0.120793 0.017670 -0.012449 -0.240192 0.012890 -0.176408 -0.104385 -0.002483 -0.051319 -0.038492 -0.008472 0.009621 0.265201 0.189351 -0.024054 0.042104 -0.022789 0.103730
0.045643 -0.175398 -0.077127 0.205491 0.030489 0.245144 -0.232728 -0.238785 -0.303135 -0.091957 -0.088309 -0.187239 -0.371670 -0.326708 -0.352460 -0.227567 -0.091812 0.042865 -0.015768 -0.167218 0.364262 1.000000 0.200426 0.197053 0.530053 0.488417 0.203819 0.326965 -0.231756 -0.134857 -0.016832 0.136962 -0.197795 -0.197240 0.122003 0.108801 0.004661 0.022888 0.076909 0.169485 -0.142901 -0.029727 0.145060 0.186282 -0.012504 0.121614 0.128346 0.159287 0.007785 0.029121 0.107869 0.107052 -0.025883 0.183607 0.094186 0.294300 -0.032224 0.112384 -0.181935 -0.093888 -0.451855 -0.245782 -0.230847 -0.067639 -0.130529 -0.108967 -0.107667 0.025017 -0.040848 -0.218725 0.153729 0.327122 -0.252355 0.137811 -0.123476 0.278324 -0.103635 0.219994 0.056211 0.073235 -0.037373 0.112476 -0.115780 -0.022000 0.053566 0.130907 0.148690 0.205215 -0.000776 -0.057638 0.086791 0.034697 -0.084797 -0.120263 0.045112 0.364047 0.243583 0.389843 0.333361 0.181752 0.044926 -0.050590 0.144017 0.105881 0.014124 -0.143304 -0.057689 -0.220520 -0.014900 0.327505 0.338210 0.282173 0.228169 0.212185 -0.118630 0.049853
-0.000593 -0.001511 0.487484 0.650543 -0.238419 0.217001 0.187186 -0.181949 0.023008 -0.237162 0.016452 -0.172319 -0.347216 -0.533911 -0.072880 -0.331059 -0.250447 0.007926 0.190004 -0.059514 0.033923 0.200426 1.000000 0.863664 0.253083 0.516643 0.316784 0.543932 -0.284516 -0.353462 -0.031293 -0.104224 0.034735 -0.208335 0.585565 0.184078 -0.160355 -0.072831 0.035931 0.138152 -0.174200 -0.121455 -0.029781 0.000701 -0.445637 -0.119860 -0.133349 -0.000478 -0.242434 -0.291787 0.334262 -0.162173 -0.211947 -0.149140 -0.146676 -0.016656 0.016840 0.167900 -0.200232 -0.213258 -0.397232 -0.437689 -0.079547 -0.169082 0.373279 -0.323365 0.299733 0.020944 0.020234 -0.104033 -0.199392 -0.299648 -0.278728 -0.063881 -0.076501 -0.015143 0.079611 0.190740 -0.102709 0.096876 -0.184454 0.012112 0.324669 0.011900 0.532149 0.531929 0.415793 0.362264 0.631459 -0.024066 0.049978 0.055423 0.197859 0.157117 -0.003935 0.195739 -0.096976 0.226403 0.109976 0.057736 -0.141201 0.322106 -0.003328 0.240566 0.019430 -0.162311 -0.138101 -0.389914 0.133954 0.231905 0.157228 0.009140 0.028366 0.272504 0.000641 -0.012144
-0.091280 -0.090191 0.345040 0.633619 -0.155034 0.303082 0.089019 -0.167669 -0.016385 -0.168798 -0.047956 -0.107481 -0.390949 -0.498544 -0.122367 -0.256095 -0.281504 -0.114451 0.058638 -0.029877 0.080985 0.197053 0.863664 1.000000 0.269288 0.434171 0.375096 0.550649 -0.360632 -0.378270 -0.140431 -0.109247 -0.047325 -0.221062 0.554136 0.244446 -0.185753 -0.054918 -0.000488 0.185786 -0.164993 -0.078469 -0.039211 0.029220 -0.395324 -0.018877 -0.093008 0.041086 -0.220587 -0.218690 0.293207 -0.143675 -0.168967 -0.162786 -0.117277 0.026192 -0.053112 0.064739 -0.212969 -0.174519 -0.369263 -0.395394 -0.101624 -0.228813 0.324939 -0.222299 0.200220 0.134533 -0.133965 -0.070970 -0.219828 -0.274490 -0.326602 -0.132221 -0.170977 -0.103287 -0.063294 0.151584 -0.151435 0.017416 -0.220783 -0.123839 0.292317 0.043545 0.479429 0.548222 0.360104 0.388657 0.614427 0.025851 0.199637 0.114887 0.270506 0.160709 0.008117 0.218401 -0.133325 0.236849 0.106637 0.021785 -0.068925 0.186538 -0.066191 0.162152 0.061704 -0.100781 -0.204837 -0.346474 0.082162 0.210606 0.168462 0.016163 -0.014137 0.219262 0.003463 -0.013974
-0.024527 -0.421735 0.241962 0.304826 0.373848 0.391202 -0.106968 -0.082620 -0.084492 0.066367 -0.226039 -0.230457 -0.359375 -0.343125 -0.282216 -0.307473 -0.311603 -0.190526 -0.047034 0.025478 0.392758 0.530053 0.253083 0.269288 1.000000 0.563175 0.362694 0.330310 -0.409369 -0.395972 -0.130326 0.039095 -0.301824 -0.246722 0.192767 0.413167 -0.309794 -0.055031 -0.088839 -0.113001 -0.256336 -0.208618 0.087170 0.094480 0.112500 0.251927 0.069035 0.100602 0.123841 0.050068 0.286115 0.144044 -0.089307 0.044995 0.022828 0.098232 -0.268874 -0.133820 -0.211163 -0.141001 -0.405621 -0.389818 -0.409263 -0.254115 0.055099 -0.048022 -0.011563 0.421219 -0.147815 0.147001 0.168221 0.219431 -0.471587 -0.027400 -0.059670 0.154942 -0.293232 0.219746 -0.209987 0.025973 -0.224745 -0.102686 -0.083676 -0.190566 -0.005281 0.121621 -0.107589 0.037594 0.100699 -0.203686 0.254920 0.305221 0.100592 -0.000115 -0.071779 0.053749 0.078016 0.172170 0.191477 0.126651 0.126770 -0.112243 0.013719 -0.023104 -0.014734 -0.100933 -0.088677 -0.145559 0.070695 0.062510 0.374606 0.329549 0.107852 0.225194 -0.136156 -0.029589
0.032744 -0.177181 0.395423 0.482304 0.082337 0.386048 0.107647 0.098274 -0.117572 0.055871 0.001612 -0.086733 -0.209039 -0.351704 -0.108540 -0.121356 -0.269905 -0.040143 0.052514 -0.096016 0.161939 0.488417 0.516643 0.434171 0.563175 1.000000 0.168904 0.398964 -0.134656 -0.214624 0.317069 0.397436 -0.048513 -0.001762 0.289436 0.258637 -0.186115 -0.188238 -0.161936 -0.060256 -0.273238 -0.262043 0.008558 0.027474 -0.222207 0.098130 -0.073010 -0.061445 -0.147780 -0.111276 0.084899 0.004759 -0.188594 -0.113988 -0.238498 -0.012329 -0.162286 -0.058060 -0.140181 -0.206304 -0.284887 -0.319243 -0.126224 -0.198750 0.215717 0.052300 0.078903 0.162940 -0.045028 -0.116389 0.044030 -0.031739 -0.253184 -0.025850 -0.005996 0.018051 -0.170681 0.096810 -0.068934 0.180650 -0.142148 0.013101 0.004494 0.053939 0.188212 0.431860 0.005461 0.133070 0.070630 -0.139993 -0.065940 0.022475 0.188789 -0.059725 -0.020734 0.041524 -0.016191 0.100971 -0.031521 -0.025737 -0.008480 0.253531 -0.021481 0.127016 -0.028698 -0.185117 -0.105200 -0.367669 0.189990 0.123642 0.031017 -0.021357 0.057477 0.199903 -0.213466 -0.169451
0.054999 -0.178866 0.127377 0.144627 0.213482 0.506336 -0.073801 -0.202732 -0.136076 -0.094839 -0.338786 -0.366395 -0.384454 -0.434596 -0.176631 -0.301051 -0.305606 -0.280842 0.005763 -0.003510 0.330370 0.203819 0.316784 0.375096 0.362694 0.168904 1.000000 0.692943 -0.502463 -0.407416 -0.371035 -0.418196 -0.041064 -0.281291 0.227869 0.275574 -0.261044 0.220379 0.109064 0.308612 -0.020478 0.198493 0.112607 0.201625 -0.133273 0.078473 0.214436 0.290027 0.080962 -0.084764 0.241325 0.061476 -0.008102 0.121321 0.003089 0.141481 -0.028525 -0.027932 -0.121028 0.088147 -0.375453 -0.321254 -0.157784 -0.110610 -0.068074 -0.199572 0.172182 0.252296 -0.059264 0.069479 -0.120248 0.009611 -0.378596 -0.174211 -0.111079 -0.055279 -0.098800 0.231163 -0.325514 -0.261735 -0.264003 -0.264416 0.105396 -0.116976 0.083903 0.060394 0.239980 0.002271 0.303667 -0.035041 0.148534 0.169243 0.037194 0.044026 0.107063 0.117794 -0.022052 0.146365 0.131328 0.011217 -0.133056 -0.065682 -0.035237 0.107282 0.133097 0.114277 0.039956 0.117578 -0.064200 0.073772 0.473252 0.267262 -0.163553 0.140398 0.038499 0.131412
0.039808 -0.066919 0.193657 0.390347 -0.014991 0.561249 -0.182315 -0.338466 -0.245086 -0.349028 -0.285037 -0.364373 -0.424113 -0.531279 -0.235618 -0.452745 -0.346403 -0.258880 0.037170 -0.049410 0.266461 0.326965 0.543932 0.550649 0.330310 0.398964 0.692943 1.000000 -0.597468 -0.441255 -0.208252 -0.266077 -0.082962 -0.360666 0.457793 0.265935 -0.205047 0.277570 0.200943 0.337345 -0.060222 0.111786 0.092430 0.147816 -0.295575 0.072081 0.220975 0.264340 0.000466 -0.207842 0.242862 0.078268 -0.108425 0.127497 -0.099966 0.160423 -0.049269 0.073115 -0.115414 0.001747 -0.549259 -0.417224 -0.199071 -0.099290 0.001821 -0.262575 0.257574 0.232635 0.034414 -0.053700 -0.131962 0.141996 -0.469562 -0.193916 -0.060609 0.027625 -0.034529 0.227034 -0.238596 -0.234197 -0.260018 -0.183242 0.139836 -0.144857 0.208665 0.274450 0.298200 0.040254 0.412642 0.049618 0.087618 0.041774 0.048677 0.052221 0.182861 0.077715 0.040178 0.121627 0.139679 -0.045050 -0.151664 -0.020381 0.042513 0.056629 0.207753 0.120262 -0.008070 0.058786 -0.148706 0.093235 0.466863 0.208195 -0.133247 0.181442 -0.011765 0.115778
0.169904 0.277017 -0.084334 -0.222254 -0.089333 -0.330319 0.225185 0.276879 0.242022 0.144303 0.464607 0.277921 0.474358 0.374393 0.396358 0.375919 0.594588 0.485737 0.243656 0.214384 -0.343410 -0.231756 -0.284516 -0.360632 -0.409369 -0.134656 -0.502463 -0.597468 1.000000 0.641074 0.412628 0.355389 0.265257 0.424997 -0.232193 -0.447120 0.380036 -0.398995 -0.174995 -0.270276 0.099518 -0.066217 -0.271350 -0.315689 -0.102738 -0.406877 -0.361839 -0.470668 -0.197450 -0.034768 -0.382938 -0.263641 0.017201 -0.201801 -0.072220 -0.198440 0.251026 0.028575 0.148342 -0.031763 0.440467 0.309939 0.507339 0.225644 -0.053987 0.049538 -0.038778 -0.486649 0.206936 -0.094507 0.137393 -0.156816 0.806619 0.376916 0.391310 0.118668 0.372091 -0.115137 0.459888 0.447564 0.540514 0.422438 0.069459 0.274932 0.042487 -0.044126 -0.188822 -0.055028 -0.355624 0.032566 -0.416811 -0.227416 -0.125590 -0.011744 -0.143957 -0.019710 -0.082539 -0.112775 -0.243142 -0.047387 0.082160 0.321425 0.025993 0.012065 -0.037396 -0.275022 -0.082149 -0.313972 0.270747 0.064153 -0.547673 -0.345034 0.077308 -0.155168 -0.101240 -0.165888
-0.032302 0.271638 -0.321276 -0.292081 -0.100783 -0.319570 0.072919 0.192250 0.051412 0.090215 0.196359 0.406338 0.325610 0.462456 0.128066 0.406635 0.480464 0.501951 0.078262 0.084214 -0.199445 -0.134857 -0.353462 -0.378270 -0.395972 -0.214624 -0.407416 -0.441255 0.641074 1.000000 0.403847 0.371561 0.152551 0.429362 -0.296576 -0.450954 0.369175 -0.043004 -0.156217 -0.030508 0.331233 0.255682 -0.094839 -0.138675 -0.049691 -0.295951 0.017614 -0.239251 -0.164932 -0.007913 -0.277373 -0.180837 -0.030664 -0.049246 -0.142510 -0.075711 0.152230 -0.044002 -0.027002 -0.067350 0.252063 0.368958 0.389082 0.279245 -0.085933 0.118743 -0.132486 -0.468864 0.102745 -0.296489 0.088169 0.030670 0.741397 0.499733 0.479127 0.241758 0.384900 -0.036976 0.362054 0.227640 0.398104 0.334354 -0.001351 0.400495 -0.037634 0.017979 -0.252201 -0.111650 -0.343930 0.005844 -0.402883 -0.408056 -0.142874 -0.073110 -0.089157 -0.016357 0.021841 -0.091650 -0.234090 -0.150888 0.145110 0.160682 0.046194 -0.171466 0.116333 -0.116131 -0.103846 -0.148922 0.056326 0.010078 -0.346954 -0.318535 -0.001389 -0.190080 -0.033270 -0.103627
0.010105 0.262695 0.091116 -0.000949 -0.068031 -0.120794 0.144068 0.273077 -0.000734 0.033661 0.270569 0.355326 0.393013 0.349293 0.130315 0.267457 0.195203 0.237115 0.030297 -0.081710 -0.028880 -0.016832 -0.031293 -0.140431 -0.130326 0.317069 -0.371035 -0.208252 0.412628 0.403847 1.000000 0.803209 0.138940 0.422435 -0.064539 -0.076113 0.002893 -0.292988 -0.284888 -0.273629 -0.025439 -0.229997 -0.123716 -0.144745 -0.079303 -0.091568 -0.067973 -0.268114 -0.080144 -0.045934 -0.181450 -0.010521 -0.057067 -0.054014 -0.344000 -0.237482 0.059088 -0.053159 0.079887 -0.155912 0.212525 0.290574 0.287801 0.207757 0.086236 0.262629 0.025571 -0.163732 0.116398 -0.228843 0.115312 0.058064 0.381972 0.160756 0.179115 0.125814 0.067681 -0.239907 0.114206 0.153274 0.122948 0.175466 -0.091041 0.180137 -0.175373 0.078576 -0.216108 -0.185597 -0.312408 -0.160158 -0.418163 -0.378807 -0.100597 -0.186593 -0.010886 -0.233768 -0.088602 -0.297797 -0.348115 -0.297296 0.053646 0.181570 0.007360 -0.175708 -0.076341 -0.174974 -0.025646 -0.172637 0.122638 -0.119216 -0.417351 -0.437637 -0.121683 -0.133521 -0.090728 -0.183790
-0.044827 0.063947 0.033427 -0.018043 0.078234 -0.041150 0.092541 0.279195 -0.020354 0.174411 0.298041 0.379859 0.365498 0.315012 0.079983 0.301811 0.092820 0.120714 -0.058554 -0.144984 -0.061104 0.136962 -0.104224 -0.109247 0.039095 0.397436 -0.418196 -0.266077 0.355389 0.371561 0.803209 1.000000 -0.008394 0.436228 -0.211045 -0.061265 -0.059090 -0.374505 -0.369392 -0.281420 -0.179680 -0.310533 -0.133922 -0.111780 0.071468 0.047979 -0.050672 -0.218525 0.032183 0.076175 -0.134135 0.003177 -0.053085 -0.019656 -0.275383 -0.083494 -0.045542 -0.123796 0.017957 -0.169795 0.193985 0.174352 0.141629 0.075512 0.090576 0.345287 -0.160335 -0.033859 -0.055669 -0.222666 0.075517 0.051446 0.271894 0.066129 0.091873 0.083127 -0.153985 -0.282782 0.174542 0.083789 0.108034 0.116975 -0.103687 0.227730 -0.217673 0.051732 -0.264341 -0.014565 -0.383914 -0.197553 -0.255876 -0.280499 -0.077471 -0.191523 -0.025666 -0.106636 0.048552 -0.135137 -0.192286 -0.201108 0.205887 0.110150 -0.014260 -0.183506 -0.114256 -0.133384 -0.061317 -0.162422 0.131925 -0.084176 -0.324045 -0.327675 -0.037060 -0.139078 -0.111798 -0.277273
0.387469 0.419838 0.361102 0.043304 -0.006345 -0.001949 0.518982 0.297082 0.148202 0.180850 0.147531 -0.011632 0.154304 0.049920 0.186485 0.268094 0.269768 0.246142 0.369698 0.247637 -0.172454 -0.197795 0.034735 -0.047325 -0.301824 -0.048513 -0.041064 -0.082962 0.265257 0.152551 0.138940 -0.008394 1.000000 0.535321 -0.032855 -0.198560 0.109110 -0.062176 -0.092773 -0.112419 0.104230 0.041763 -0.131233 -0.153681 -0.261574 -0.307159 -0.221379 -0.173935 -0.278255 -0.254175 -0.203926 -0.279045 -0.150327 -0.218203 -0.364120 -0.275368 0.557176 0.124617 0.074248 -0.176454 0.343218 0.095463 0.282115 0.121478 0.085963 -0.040722 0.236530 -0.293131 0.411642 -0.005319 -0.118876 -0.324419 0.278636 0.226906 0.316920 0.165956 0.356718 0.107205 0.097136 0.246919 0.212795 0.218231 0.029901 0.128850 -0.110743 -0.030075 -0.033463 -0.070037 -0.026469 -0.059639 -0.443758 -0.254507 -0.186424 -0.045989 -0.077822 -0.117960 -0.206179 -0.158642 -0.246600 -0.117316 -0.218238 0.288411 -0.008493 -0.074921 -0.181414 -0.289845 -0.036051 -0.256943 0.035842 -0.059157 -0.231162 -0.191850 -0.009431 0.038620 -0.014232 -0.121438
0.057632 0.273177 0.070891 -0.017068 0.092195 -0.138576 0.422662 0.416647 0.165182 0.227299 0.151937 0.278996 0.377763 0.306690 0.178250 0.441073 0.300670 0.295377 0.120624 0.217264 -0.227187 -0.197240 -0.208335 -0.221062 -0.246722 -0.001762 -0.281291 -0.360666 0.424997 0.429362 0.422435 0.436228 0.535321 1.000000 -0.190413 0.015787 0.023409 -0.197441 -0.471451 -0.362425 -0.040994 -0.073201 -0.101709 -0.053063 -0.035115 0.012648 -0.255496 -0.154840 -0.369255 -0.114526 -0.474971 -0.327574 -0.320494 -0.242721 -0.457792 -0.391147 0.268130 0.014294 -0.175063 -0.300672 0.446187 0.164132 0.344975 0.048074 0.103182 0.237334 -0.216860 -0.043899 0.093150 -0.023621 -0.025052 -0.216334 0.404961 0.237858 0.287996 0.063820 0.171138 0.027029 0.133935 0.169460 0.378255 0.225678 -0.094682 0.249503 -0.276015 -0.121857 -0.266549 -0.229388 -0.257436 -0.217471 -0.287810 -0.213206 0.087598 0.084677 -0.114940 -0.250262 -0.223339 -0.268901 -0.324863 -0.235600 0.198976 0.265963 0.061767 -0.057178 -0.034280 -0.144742 0.014674 -0.197909 0.041936 -0.188185 -0.350952 -0.365871 -0.084598 -0.048098 0.010108 -0.222733
-0.125022 -0.116323 0.182160 0.282158 -0.251719 0.211048 0.022089 -0.209572 -0.065456 -0.212126 -0.242325 -0.224111 -0.439337 -0.424461 -0.201587 -0.472603 -0.172780 0.021672 -0.158305 -0.038753 -0.024473 0.122003 0.585565 0.554136 0.192767 0.289436 0.227869 0.457793 -0.232193 -0.296576 -0.064539 -0.211045 -0.032855 -0.190413 1.000000 0.430849 -0.094001 -0.067842 0.096451 0.025748 -0.113065 -0.172877 -0.122257 -0.030692 -0.376628 0.099482 -0.130292 -0.065969 -0.308281 -0.173740 0.338507 0.042953 -0.209162 -0.022137 0.019575 -0.059880 -0.079264 0.065157 -0.342211 -0.201213 -0.425041 -0.336326 -0.141900 -0.203489 0.340029 -0.186522 0.199201 0.255823 -0.000648 0.019589 -0.077278 -0.126834 -0.266050 -0.054867 -0.101033 -0.020251 0.103291 0.247855 -0.015710 0.172401 -0.098050 0.002191 0.053548 -0.256863 0.421250 0.362159 0.277166 0.173591 0.457867 -0.069224 0.015298 0.062122 0.089867 0.120540 0.007226 0.103553 -0.075205 0.138218 0.020562 -0.076483 -0.149161 0.034405 -0.086361 0.167817 0.052360 0.009346 -0.136736 -0.145245 0.128054 0.318662 0.188230 -0.071855 0.052759 0.138528 -0.032752 -0.062040
-0.248260 -0.499903 0.115127 0.191427 0.069901 0.227116 -0.036178 -0.056740 -0.153538 -0.072611 -0.426921 -0.311344 -0.283354 -0.289449 -0.286551 -0.368530 -0.314493 -0.197140 -0.293194 -0.122090 0.136924 0.108801 0.184078 0.244446 0.413167 0.258637 0.275574 0.265935 -0.447120 -0.450954 -0.076113 -0.061265 -0.198560 0.015787 0.430849 1.000000 -0.324318 -0.027198 -0.058686 -0.105167 -0.161956 -0.276499 0.031592 0.145042 0.163529 0.649274 -0.009733 0.199019 -0.106504 0.111619 0.132896 0.256035 -0.229998 0.101102 -0.073929 0.046250 -0.314735 -0.171239 -0.377255 -0.184278 -0.300974 -0.407444 -0.414499 -0.427158 0.172565 0.091180 -0.202985 0.707808 -0.348872 0.124364 -0.019488 0.065845 -0.455296 -0.319600 -0.316054 -0.236542 -0.383190 0.146863 -0.133301 -0.113770 -0.172641 -0.236131 -0.217116 -0.449899 -0.113847 -0.078756 0.074567 0.072274 0.129883 -0.291211 0.285773 0.245106 0.112339 0.038558 -0.158404 -0.036330 0.005130 0.091207 0.126716 0.028152 -0.107246 -0.283459 -0.252421 -0.017188 -0.139922 0.167236 0.104048 0.118939 -0.096936 0.044146 0.421664 0.120975 0.009072 0.081512 -0.090021 -0.228033
