1.000000 0.488667 -0.013820 -0.353608 -0.261374 -0.136490 0.096462 -0.194632 -0.052480 -0.207044 0.388562 0.097839 0.502444 0.230853 -0.092903 -0.164693 0.024469 -0.091285 0.129064 0.473871 -0.042366 -0.107137 -0.075351 -0.255922 -0.323556 -0.169405 -0.069692 0.043567 0.084132 -0.163545 -0.362474 -0.505843 0.394201 0.138399 -0.204703 -0.346689 -0.138791 0.108218 -0.187588 0.048148 0.045363 -0.002051 -0.059571 0.032307 -0.131219 -0.062320 -0.200035 0.124592 0.251726 -0.059138 -0.116323 -0.115647 -0.094899 -0.286668 -0.032478 -0.156655 0.405021 0.273435 0.379996 0.239021 0.401487 0.413407 0.246628 0.344057 -0.184206 0.021782 0.251596 -0.273475 0.109829 0.164548 -0.052239 -0.243075 0.059968 -0.223779 0.079613 -0.136095 0.033335 0.073663 0.062925 -0.115788 0.047972 -0.016688 -0.163691 -0.235588 -0.195951 -0.453490 -0.110178 -0.131687 0.128188 -0.198491 -0.027781 0.100160 -0.062496 0.175564 -0.077155 -0.162307 0.057217 -0.143556 -0.007927 -0.090666 -0.041282 0.140242 0.103173 0.112650 0.053081 -0.161895 0.083625 -0.027954 0.014881 0.133140 -0.048721 0.010797 0.219308 0.115918 0.045387 0.047945
0.488667 1.000000 -0.098080 -0.013946 -0.467934 -0.290976 0.119922 0.147729 -0.356154 -0.302950 -0.133664 0.406785 0.227621 0.384150 -0.439335 -0.295899 -0.246466 0.031766 0.169537 0.390696 -0.078592 -0.141182 -0.255189 -0.217004 -0.502039 -0.510453 0.034102 -0.222127 0.030409 -0.152037 -0.525725 -0.430483 0.491606 0.268220 -0.349201 -0.367208 -0.376279 0.081004 -0.181624 -0.209275 -0.210144 0.026943 -0.469056 -0.038858 -0.087853 0.111691 -0.466547 -0.210765 0.253953 0.183786 -0.044583 0.082506 0.094679 -0.410216 -0.203203 -0.156617 0.282575 0.392159 0.469652 0.541051 0.372425 0.560755 0.134905 0.492538 -0.209972 0.441877 0.366997 0.041718 0.093674 0.102724 -0.063843 -0.531045 0.235587 -0.438297 -0.126467 -0.215375 -0.209052 0.037220 -0.127497 0.089083 -0.052247 0.038759 -0.419229 -0.009096 -0.350826 -0.407089 -0.049746 -0.145583 0.034722 0.027103 -0.198110 -0.163810 -0.083845 -0.021829 -0.234601 -0.255689 -0.135374 -0.402747 -0.106628 -0.169068 -0.060613 0.032480 0.350036 -0.060963 -0.245916 -0.036196 0.204978 0.156709 -0.163001 -0.303173 -0.240634 -0.315520 0.169532 -0.090750 -0.064599 0.065338
-0.013820 -0.098080 1.000000 0.281385 0.151764 -0.093534 0.638215 0.458779 0.148401 -0.000864 0.044012 0.172542 -0.040963 -0.031535 0.162779 0.071930 -0.232143 -0.232072 0.387869 -0.091123 -0.199888 -0.182902 0.311636 0.260328 -0.064663 0.197750 -0.187127 -0.063660 -0.161291 -0.154797 0.316001 0.322247 0.105880 0.272681 0.010919 0.207460 -0.223924 -0.278950 -0.226620 -0.139346 -0.208877 -0.094643 0.161706 -0.039858 0.194349 -0.075775 0.028460 0.021565 -0.039920 -0.000639 0.014356 -0.001962 0.013122 0.118918 -0.116510 -0.092935 -0.288740 -0.249370 -0.126250 -0.240239 0.020927 -0.096835 -0.135108 -0.238265 0.396876 0.142770 -0.028902 0.038630 -0.004261 0.048009 -0.085732 -0.000331 -0.284570 -0.055896 -0.235485 -0.049510 -0.126403 -0.132369 -0.162036 -0.281621 -0.433712 -0.362349 0.019138 0.122589 -0.121380 -0.051243 -0.183798 -0.004365 -0.117284 -0.110410 0.081262 0.057790 0.161870 0.226086 -0.074695 -0.277901 -0.213996 -0.138449 -0.208338 -0.062041 0.041324 -0.151914 0.130410 0.041509 -0.073955 -0.051247 0.044268 -0.025382 -0.067523 -0.128950 -0.109104 -0.008884 -0.092425 -0.153853 -0.126216 0.042419
-0.353608 -0.013946 0.281385 1.000000 -0.117696 0.031429 0.139948 0.748171 -0.204965 -0.052892 -0.604429 0.264209 -0.458374 -0.134719 -0.294099 -0.163744 -0.372948 -0.085931 0.246569 -0.244494 -0.066300 0.130353 0.436226 0.687110 -0.179867 0.029087 -0.040910 0.141661 -0.472759 -0.274313 -0.087136 0.424845 -0.104567 0.076214 -0.033887 0.313230 -0.274710 -0.355635 -0.175444 -0.064121 -0.459653 0.010042 -0.234769 -0.172324 -0.079297 -0.008352 -0.177138 -0.377209 -0.139105 -0.084522 0.235995 -0.022545 -0.072074 0.073435 -0.230960 -0.288061 -0.158720 -0.100233 -0.163590 -0.182526 -0.226610 -0.265310 -0.334459 -0.210485 0.254155 0.371199 -0.098107 0.398499 -0.027210 -0.019538 -0.054972 -0.077937 -0.336616 -0.260643 -0.302930 -0.107051 -0.298074 -0.041355 -0.210919 -0.005349 -0.323929 -0.302868 -0.213343 0.259260 0.071690 0.486619 -0.022404 0.132480 0.188172 0.403675 0.252980 -0.098745 0.314045 -0.062270 -0.170611 -0.295332 -0.497310 -0.128148 -0.338343 -0.199689 0.013166 -0.188759 0.103171 0.111328 -0.043834 0.152472 0.246461 0.235030 -0.272156 -0.306656 -0.190908 -0.239970 -0.148510 -0.284400 -0.097868 -0.158683
-0.261374 -0.467934 0.151764 -0.117696 1.000000 0.441471 0.005079 -0.111884 0.608466 0.484885 0.126836 -0.190079 -0.075808 0.073117 0.534095 0.483552 0.107494 -0.162800 -0.123682 -0.277674 -0.006577 0.006779 0.023058 0.048706 0.624727 0.378323 0.104948 0.200501 0.080887 0.311361 0.430892 0.072602 -0.303365 -0.193165 0.072514 0.154702 0.314948 -0.055146 0.204291 0.038009 0.106343 -0.073622 0.225212 -0.191040 0.057285 -0.211551 0.383830 0.053386 -0.004286 -0.044160 0.025951 -0.016319 0.029591 0.269613 0.151049 0.139126 -0.382926 -0.379942 -0.063891 -0.180441 -0.123186 -0.106313 -0.168862 -0.303971 0.187401 -0.050132 -0.135553 -0.064861 -0.218287 -0.073507 -0.052839 0.331192 -0.038194 0.422995 0.196939 0.302678 0.204850 -0.209015 0.012574 -0.096262 -0.060882 0.010173 0.273550 0.090998 0.042217 0.140876 -0.037726 0.107437 0.008580 0.040725 0.035631 -0.101380 -0.026293 0.036830 0.044463 0.156778 0.118575 0.208914 -0.030024 0.014474 0.038119 -0.074736 -0.193788 -0.108296 0.133596 -0.124389 -0.173019 -0.229829 0.159553 0.244321 0.299579 0.197510 -0.156680 0.006843 -0.002799 -0.102870
-0.136490 -0.290976 -0.093534 0.031429 0.441471 1.000000 -0.079970 -0.141338 -0.007839 0.481555 -0.031689 -0.167868 -0.055401 -0.095330 0.102069 0.394507 0.035264 -0.283060 -0.214427 -0.150564 0.328265 0.287814 0.157277 0.238801 0.525101 0.511485 0.368496 0.598819 -0.146513 0.022611 0.005261 -0.065850 -0.216465 -0.302590 0.025166 0.031053 0.090441 -0.211496 0.087989 -0.028620 -0.047877 -0.074429 0.111924 0.112285 -0.137565 0.071513 0.211860 0.164376 0.053746 0.097896 -0.018768 0.031565 -0.019492 0.072513 0.035606 0.021281 0.004843 -0.092899 0.158327 0.135065 -0.172982 -0.141640 -0.281638 -0.191504 -0.152287 -0.180041 -0.012611 0.025722 -0.211549 -0.044433 -0.077586 0.131018 -0.221940 0.159232 0.027677 0.191999 -0.069894 -0.231194 0.013759 0.029098 -0.029120 0.148055 0.218408 0.169563 -0.062262 0.109669 0.273146 0.161420 0.217175 0.261303 0.071752 -0.041923 -0.204396 -0.166151 -0.050305 0.074898 0.075002 0.186785 0.120793 0.049654 0.134685 0.090670 -0.282897 -0.071262 -0.029823 -0.078227 -0.211952 -0.077658 0.004427 0.088320 0.262753 -0.060248 -0.244785 -0.088252 -0.075324 -0.083943
0.096462 0.119922 0.638215 0.139948 0.005079 -0.079970 1.000000 0.552211 0.022836 -0.060533 0.137457 0.398195 0.296738 0.261166 -0.122662 0.041927 -0.156931 0.017917 0.268092 0.003377 0.010293 -0.180263 0.053465 0.240901 -0.255313 0.029137 -0.060975 -0.259378 0.006137 0.066389 0.164164 0.261248 0.240748 0.447295 0.032564 0.229174 -0.290801 -0.309587 -0.239044 -0.380612 -0.177352 -0.269897 -0.000534 -0.113153 0.341176 -0.032762 -0.266952 -0.112976 0.025601 0.002257 -0.074091 -0.018485 -0.176925 -0.126822 -0.319689 -0.273932 -0.231311 -0.289598 -0.075828 -0.170934 0.277424 0.127994 0.182405 -0.001041 0.504028 0.386245 0.017341 -0.004476 -0.100603 -0.055896 -0.059186 -0.162424 -0.158112 -0.104042 -0.170822 -0.043443 -0.186119 0.043277 -0.234702 -0.050710 -0.248390 -0.272298 -0.179793 0.211703 -0.185894 -0.223728 -0.006680 -0.079019 -0.073694 -0.158253 -0.036338 0.132072 0.188734 0.297710 -0.164661 -0.206592 -0.118585 -0.252347 -0.197948 -0.143637 0.126055 0.101383 0.152963 0.132587 -0.023450 -0.098311 0.025276 0.040071 0.007404 -0.207119 -0.250597 -0.150047 -0.080436 -0.139254 -0.057971 0.123129
-0.194632 0.147729 0.458779 0.748171 -0.111884 -0.141338 0.552211 1.000000 -0.037763 -0.002132 -0.384861 0.482199 -0.162904 0.182782 -0.249855 0.010492 -0.371794 -0.021931 0.294191 -0.126847 -0.088850 -0.047285 0.211186 0.563077 -0.264537 -0.000805 -0.086112 -0.146506 -0.234801 -0.048449 0.089098 0.452944 0.038962 0.318404 -0.125044 0.359639 -0.318058 -0.352505 -0.307441 -0.220081 -0.388975 -0.174342 -0.219351 -0.263935 0.142350 -0.102781 -0.319426 -0.433275 -0.119799 -0.142326 0.083574 -0.067170 -0.187763 -0.033353 -0.403628 -0.392481 -0.264314 -0.315230 -0.193434 -0.259881 -0.049489 -0.113393 -0.147969 -0.181490 0.467924 0.586409 -0.109429 0.311642 -0.112063 -0.062155 -0.042596 -0.131504 -0.235230 -0.228473 -0.286463 -0.038481 -0.267795 0.027537 -0.310830 -0.084441 -0.370652 -0.376065 -0.311915 0.335105 -0.131603 0.160694 -0.041618 -0.000504 0.023714 0.193916 0.189234 0.022065 0.417170 0.145490 -0.190225 -0.352926 -0.489667 -0.258540 -0.418815 -0.258262 0.006537 -0.153334 0.206228 0.170765 -0.095934 0.154512 0.301229 0.225736 -0.179420 -0.355012 -0.311279 -0.282886 -0.172103 -0.211002 -0.130059 -0.050771
-0.052480 -0.356154 0.148401 -0.204965 0.608466 -0.007839 0.022836 -0.037763 1.000000 0.612040 0.395543 -0.018480 0.151413 0.354070 0.694937 0.514108 0.160821 -0.050122 -0.000187 -0.151045 -0.204260 -0.211765 0.010106 -0.073357 0.547675 0.378351 -0.246793 -0.131147 0.131216 0.459605 0.581956 0.159654 -0.234889 -0.103775 0.006933 0.098124 0.167470 0.013185 0.051229 0.011392 0.142787 -0.184004 0.266566 -0.324635 0.009780 -0.398500 0.281789 -0.004002 -0.045409 -0.260947 0.036063 -0.151388 -0.155488 0.208851 -0.014613 -0.069255 -0.344060 -0.349835 -0.231345 -0.393115 -0.003258 -0.066601 -0.093497 -0.313119 0.455626 0.034088 -0.227787 -0.198890 -0.057713 -0.055555 0.043343 0.474960 -0.015055 0.533521 0.147928 0.452739 0.239595 -0.177225 0.110914 -0.136341 -0.177955 -0.110830 0.222541 -0.072740 0.090677 0.044006 -0.138825 -0.159691 -0.072064 -0.207443 0.037034 0.035101 0.082476 0.277147 0.043638 0.036297 0.020998 0.102281 -0.157455 -0.166638 -0.099737 -0.082410 -0.114987 0.016923 0.139340 -0.047335 -0.119219 -0.238299 0.005564 0.244732 0.116043 0.194154 -0.214947 0.145444 0.053136 -0.009634
-0.207044 -0.302950 -0.000864 -0.052892 0.484885 0.481555 -0.060533 -0.002132 0.612040 1.000000 0.228412 -0.025717 0.009704 0.284761 0.544728 0.756340 0.169666 -0.190104 -0.090649 -0.153793 0.075650 0.032035 0.017819 0.034143 0.739181 0.482067 -0.007237 0.024179 0.066647 0.494569 0.507463 0.222706 -0.266349 -0.134004 -0.030563 0.106409 0.142663 -0.136530 0.039825 -0.156303 0.028927 -0.229083 0.146620 -0.195407 -0.065134 -0.183129 0.243201 0.004349 -0.051049 -0.076727 -0.095161 -0.046892 -0.149051 0.138836 -0.089326 -0.146426 -0.252915 -0.321280 -0.081016 -0.176421 -0.055160 -0.096642 -0.176766 -0.287526 0.230915 0.034894 -0.199954 -0.076648 -0.174322 -0.128730 -0.096841 0.459005 -0.100257 0.554517 0.130038 0.548730 0.111798 -0.323526 0.134569 -0.040308 -0.167701 0.027951 0.268629 0.046963 -0.058557 0.085272 0.097408 -0.097336 -0.008306 -0.090944 0.004509 -0.071781 -0.024154 0.043977 0.029255 0.018904 0.035875 0.026149 -0.105036 -0.212281 -0.012253 -0.020912 -0.107041 -0.087260 0.011824 -0.011221 -0.047386 -0.058394 0.016413 0.077379 0.114637 -0.079902 -0.359008 0.013401 -0.072322 -0.012843
0.388562 -0.133664 0.044012 -0.604429 0.126836 -0.031689 0.137457 -0.384861 0.395543 0.228412 1.000000 0.097222 0.635029 0.341432 0.397792 0.163581 0.348292 0.015969 -0.044309 0.167060 -0.096591 -0.235864 -0.002683 -0.202770 0.163085 0.216967 -0.183909 -0.047278 0.374460 0.259705 0.254011 -0.075876 -0.000549 -0.004773 0.129367 -0.103920 0.057521 0.050149 -0.017437 -0.044859 0.238130 -0.239167 0.189733 -0.050490 -0.076661 -0.161197 0.060962 0.150181 0.133548 -0.227688 -0.028303 -0.068059 -0.114373 -0.073205 0.078194 -0.097017 -0.093137 -0.131424 -0.093491 -0.182571 0.199348 0.090019 0.296484 -0.025971 0.104449 -0.256731 -0.050950 -0.290293 -0.091632 0.037493 0.133088 0.177451 0.149998 0.330250 0.174964 0.161592 0.271437 0.071024 0.116757 -0.093131 0.148294 0.027254 0.251576 -0.173237 0.124716 -0.273891 -0.092609 -0.236481 -0.047216 -0.384808 -0.148480 0.228983 -0.131761 0.238385 0.063285 0.089312 0.219057 0.070002 -0.002363 -0.101510 -0.088035 0.102725 -0.092461 0.065972 0.126680 -0.088859 -0.197693 -0.133213 0.213343 0.215717 0.026792 0.093244 -0.056211 0.206082 0.082733 0.124703
0.097839 0.406785 0.172542 0.264209 -0.190079 -0.167868 0.398195 0.482199 -0.018480 -0.025717 0.097222 1.000000 0.229694 0.592755 -0.139948 -0.136612 -0.188652 0.146598 0.206058 0.059866 -0.301130 -0.286941 0.047045 0.242066 -0.317984 -0.078340 -0.164599 -0.140935 0.071587 0.038717 -0.095595 0.086104 0.151668 0.072701 -0.242281 -0.156960 -0.223768 -0.128703 -0.233078 -0.209027 -0.192546 -0.215461 -0.244284 -0.224291 -0.016242 -0.165832 -0.267601 -0.387658 0.188436 -0.048280 0.225481 -0.000504 -0.020770 -0.237670 -0.229464 -0.317884 -0.242136 -0.207371 -0.000419 -0.096120 0.080888 0.097076 -0.037026 -0.011021 0.261202 0.439688 0.121723 0.135203 -0.167766 -0.063487 0.069134 -0.354208 0.097410 -0.228816 -0.169608 -0.038379 -0.226321 -0.022969 -0.225138 -0.070845 -0.331063 -0.199813 -0.155576 0.336430 0.007916 0.029466 0.007098 -0.059474 0.004450 0.134870 -0.018539 0.029281 -0.027465 0.074409 -0.194139 -0.387899 -0.250943 -0.275186 -0.339379 -0.200843 -0.157381 -0.257527 0.229625 -0.066917 -0.218154 0.102573 0.164894 0.163925 -0.154802 -0.327787 -0.215288 -0.259075 -0.098416 -0.026750 -0.102696 -0.041652
0.502444 0.227621 -0.040963 -0.458374 -0.075808 -0.055401 0.296738 -0.162904 0.151413 0.009704 0.635029 0.229694 1.000000 0.506457 -0.007033 0.100840 0.184047 0.139733 -0.164940 0.052524 0.142818 -0.061751 -0.119160 -0.111492 -0.091068 0.016104 0.036128 -0.138322 0.294318 0.219907 -0.043651 -0.256941 0.147801 0.006138 0.008165 -0.209178 -0.201370 -0.009712 -0.261777 -0.199934 0.001918 -0.250388 -0.034135 -0.068565 -0.094322 -0.151697 -0.241256 -0.049593 0.372595 -0.255959 0.078922 -0.038215 -0.078551 -0.321032 -0.098987 -0.235054 0.042083 0.002872 0.152588 0.046719 0.509407 0.357772 0.418492 0.347121 0.110496 0.046880 0.217757 -0.199724 -0.195176 0.104159 0.162608 -0.031667 0.116971 0.073797 0.036042 0.051743 0.103450 0.123756 0.095035 0.018223 0.082040 0.042223 -0.234203 -0.206989 -0.163348 -0.471343 -0.031281 -0.291265 0.099180 -0.232212 -0.199357 0.118242 -0.046471 0.162638 -0.134746 -0.137019 0.109340 -0.120269 -0.087829 -0.242252 -0.058575 0.235779 0.069680 0.226322 0.062258 -0.112206 -0.101916 0.023099 0.016422 0.062736 -0.140505 -0.154331 -0.015054 -0.008937 0.073878 0.154210
0.230853 0.384150 -0.031535 -0.134719 0.073117 -0.095330 0.261166 0.182782 0.354070 0.284761 0.341432 0.592755 0.506457 1.000000 0.070606 0.227319 0.066149 0.097399 -0.022239 0.148746 -0.188424 -0.356304 -0.197535 -0.073200 -0.057535 -0.047787 -0.122107 -0.269697 0.206099 0.370691 0.020446 -0.086025 0.102254 0.073109 -0.223069 -0.103279 -0.151603 0.021189 -0.076500 -0.264807 -0.076511 -0.270518 -0.115181 -0.350583 -0.020917 -0.286705 -0.163657 -0.290359 0.280964 -0.171772 0.096103 -0.000294 0.001874 -0.150863 -0.188272 -0.266608 -0.156880 -0.168091 0.098532 -0.028012 0.321098 0.445053 0.125816 0.134241 0.264964 0.478201 0.040433 -0.136905 -0.205631 -0.069799 0.094229 -0.100135 0.190010 0.052051 -0.040111 0.174271 -0.008114 -0.032083 -0.051182 -0.032827 -0.132769 -0.043257 -0.188959 0.127538 -0.137627 -0.312165 -0.096314 -0.165908 0.045037 -0.076417 -0.093114 -0.073084 -0.006283 0.102338 -0.161966 -0.162901 -0.060901 -0.174666 -0.210831 -0.260793 0.006812 0.011141 0.032528 -0.018615 -0.100565 -0.007669 -0.012559 -0.038085 0.062933 -0.100237 -0.114883 -0.153464 -0.081310 0.020444 0.071790 0.044902
-0.092903 -0.439335 0.162779 -0.294099 0.534095 0.102069 -0.122662 -0.249855 0.694937 0.544728 0.397792 -0.139948 -0.007033 0.070606 1.000000 0.548681 0.244223 -0.146379 0.019011 -0.070701 -0.227003 -0.195784 0.046905 -0.224782 0.636306 0.301439 -0.151988 -0.058724 0.227915 0.387640 0.584208 0.096067 -0.274915 -0.224525 0.084108 -0.042494 0.378205 0.092173 0.233657 0.111325 0.273191 -0.059980 0.328118 -0.198471 0.000957 -0.311560 0.416366 0.140042 -0.109779 -0.107191 -0.110878 -0.140301 -0.101593 0.202664 0.159958 0.092793 -0.268797 -0.300134 -0.191155 -0.295655 -0.172553 -0.198258 -0.108987 -0.393903 0.165510 -0.278911 -0.229724 -0.265727 -0.080212 -0.142515 -0.044431 0.464663 0.072458 0.550579 0.199164 0.394594 0.366013 -0.243910 0.127719 -0.246636 -0.143933 -0.061146 0.640022 -0.005035 0.151711 0.102502 0.012255 0.075134 -0.125209 -0.218584 0.017026 0.034966 0.000409 0.096252 0.184077 0.101329 0.160769 0.164249 0.011725 0.000465 -0.107317 -0.073567 -0.108279 -0.048767 0.150245 -0.004698 -0.081799 -0.216817 0.125286 0.242008 0.176595 0.299634 -0.084220 0.240515 0.104860 0.013079
-0.164693 -0.295899 0.071930 -0.163744 0.483552 0.394507 0.041927 0.010492 0.514108 0.756340 0.163581 -0.136612 0.100840 0.227319 0.548681 1.000000 0.125336 -0.122040 -0.135932 -0.198674 0.286793 0.140592 -0.244812 -0.078819 0.558611 0.238138 0.233955 -0.014613 0.227593 0.569022 0.498384 0.163035 -0.240023 -0.123481 -0.025077 0.119088 0.204738 -0.111748 -0.038371 -0.147956 0.095753 -0.118556 0.152740 -0.148717 0.046112 -0.208533 0.181858 -0.037214 -0.056339 -0.127673 -0.100299 -0.102133 0.019723 0.041672 -0.027630 -0.054368 -0.223279 -0.357145 0.020967 -0.112144 0.053117 0.026973 -0.080462 -0.206946 0.247415 0.088529 -0.217089 -0.094728 -0.279708 -0.241926 -0.056732 0.419638 -0.020829 0.529085 0.079563 0.523235 0.203349 -0.172759 0.087942 -0.100949 -0.114104 -0.001777 0.166804 0.113322 -0.139627 -0.006638 0.076805 -0.089211 -0.073714 -0.004179 0.014679 -0.124244 -0.008690 0.023208 0.074997 0.063604 0.051646 -0.035185 -0.103152 -0.176284 0.127890 0.009013 -0.058164 -0.106504 0.103466 -0.121912 -0.146107 -0.201410 0.057863 0.016428 -0.085621 -0.028769 -0.291022 -0.100606 -0.125818 -0.136032
0.024469 -0.246466 -0.232143 -0.372948 0.107494 0.035264 -0.156931 -0.371794 0.160821 0.169666 0.348292 -0.188652 0.184047 0.066149 0.244223 0.125336 1.000000 0.422530 -0.315799 0.078042 0.014861 -0.009271 -0.148510 -0.317601 0.217378 0.001563 0.017889 -0.050601 0.573333 0.391202 0.173155 0.015966 0.088334 -0.011912 0.122489 -0.078704 0.100727 -0.004895 0.052133 0.111549 0.257076 -0.181618 0.142598 0.097370 0.168129 0.096337 0.168077 0.190714 -0.218790 0.103478 -0.197504 -0.039382 -0.131151 -0.061486 -0.161600 0.050369 0.322989 0.180908 -0.100413 -0.099283 0.091048 0.032109 0.435004 0.158511 -0.028810 -0.211695 -0.108637 -0.269044 0.171147 -0.167316 0.015772 0.211379 0.302272 0.257009 0.063796 0.058248 0.188220 -0.122900 0.540785 0.211849 0.421136 0.473262 0.092213 -0.240508 0.043948 -0.154042 0.034845 -0.011991 -0.125220 -0.238026 -0.262836 -0.291872 -0.338671 -0.227291 -0.088208 0.014583 0.092554 0.031581 0.013279 0.139478 -0.095516 0.076196 -0.135997 -0.092507 -0.015118 -0.225368 -0.097624 -0.198309 -0.018091 0.128228 -0.046160 -0.031403 -0.078180 0.163256 -0.020926 -0.134052
-0.091285 0.031766 -0.232072 -0.085931 -0.162800 -0.283060 0.017917 -0.021931 -0.050122 -0.190104 0.015969 0.146598 0.139733 0.097399 -0.146379 -0.122040 0.422530 1.000000 -0.113891 0.128400 -0.077102 -0.076638 -0.225510 -0.197318 -0.206874 -0.311629 0.080257 -0.271911 0.433727 0.336406 -0.063517 0.049814 0.163661 0.185044 0.211287 -0.079423 -0.023502 -0.014101 0.039163 -0.084344 0.004425 -0.004866 -0.135595 -0.014369 0.148566 -0.099221 -0.114223 -0.178259 -0.229867 0.026854 -0.099539 -0.150976 -0.100987 -0.155347 -0.257862 -0.063012 0.145035 0.175008 -0.067620 0.025636 0.193127 0.160300 0.437023 0.378073 0.105998 0.077315 0.068136 -0.062949 0.164483 -0.080183 -0.031319 -0.056080 0.350446 -0.007736 -0.045618 -0.088113 0.007113 -0.013641 0.378628 0.523039 0.280908 0.495359 -0.111438 0.171843 -0.085334 -0.098723 -0.011967 -0.032748 -0.119652 -0.133406 -0.153882 -0.379465 -0.172256 -0.273004 -0.182862 -0.070859 -0.178495 -0.087267 -0.207944 -0.090976 -0.037335 -0.040530 -0.036319 -0.138988 0.113359 -0.079900 0.074080 0.001704 -0.097300 -0.146905 -0.192769 -0.073166 0.013202 -0.137422 -0.008241 0.077871
0.129064 0.169537 0.387869 0.246569 -0.123682 -0.214427 0.268092 0.294191 -0.000187 -0.090649 -0.044309 0.206058 -0.164940 -0.022239 0.019011 -0.135932 -0.315799 -0.113891 1.000000 0.433276 -0.150874 -0.299036 0.227378 0.066627 -0.225668 -0.181582 -0.204670 -0.151586 -0.191374 -0.167410 -0.072736 0.031138 0.063876 0.287150 -0.028729 0.097887 0.028269 0.083623 0.127136 -0.256360 -0.241732 0.123936 -0.021274 -0.181049 0.035945 -0.130814 -0.123971 -0.152220 0.008054 0.012059 -0.086557 -0.015315 -0.039796 0.195012 -0.176489 -0.243772 -0.127294 0.001997 -0.050818 -0.023270 -0.079132 -0.064756 -0.115671 -0.179683 0.115613 0.055280 -0.033167 -0.005144 0.198262 0.144780 -0.258396 -0.165571 -0.051650 -0.134120 -0.057141 -0.100131 0.003537 0.023393 -0.074602 0.102841 -0.052104 -0.090291 0.020907 0.185500 -0.043175 -0.072376 -0.395173 -0.158613 -0.001382 -0.159507 0.171399 0.127595 0.305074 0.217757 -0.001505 -0.075953 -0.259331 -0.025505 -0.131604 -0.170733 0.230183 0.110073 0.067754 0.146273 0.088049 0.050323 0.135494 0.174804 0.087537 -0.080099 -0.079954 -0.008639 0.023956 -0.198674 0.086188 0.144015
0.473871 0.390696 -0.091123 -0.244494 -0.277674 -0.150564 0.003377 -0.126847 -0.151045 -0.153793 0.167060 0.059866 0.052524 0.148746 -0.070701 -0.198674 0.078042 0.128400 0.433276 1.000000 -0.034271 -0.194279 -0.130166 -0.309142 -0.204505 -0.275453 -0.043236 -0.063113 0.229998 0.083731 -0.145002 -0.293360 0.395373 0.298054 -0.064362 -0.211943 0.064755 0.277183 0.088545 -0.064953 0.143362 0.165529 -0.079267 -0.090969 0.008629 -0.025581 -0.167095 0.035931 -0.022894 0.104045 -0.365914 -0.087961 -0.102153 -0.078543 -0.149025 -0.107306 0.222445 0.267037 0.025381 0.177550 -0.023134 0.197332 0.144553 0.107505 -0.350327 -0.077981 -0.054922 -0.200531 0.162678 0.044625 0.020631 -0.156623 0.303809 -0.003133 0.186067 0.051680 0.132703 0.141041 0.091830 0.166583 0.188930 0.230987 0.026181 0.069305 -0.193605 -0.426563 -0.223633 -0.124330 -0.278160 -0.404140 0.104928 0.009472 -0.018793 0.010970 0.069983 0.127817 -0.023691 0.093338 0.104213 0.071710 0.149260 0.292217 -0.087710 0.135254 0.122976 0.006644 0.117725 0.066233 0.118368 0.182200 0.020671 0.168596 0.295658 0.021300 0.216189 0.151746
-0.042366 -0.078592 -0.199888 -0.066300 -0.006577 0.328265 0.010293 -0.088850 -0.204260 0.075650 -0.096591 -0.301130 0.142818 -0.188424 -0.227003 0.286793 0.014861 -0.077102 -0.150874 -0.034271 1.000000 0.601512 -0.134882 0.094559 0.093576 0.033294 0.558298 0.177203 0.121327 0.184675 0.024719 0.044823 -0.063847 -0.031350 0.118387 0.176726 0.078760 -0.038555 -0.103788 -0.077133 0.154555 0.139412 -0.056152 0.110781 0.080595 0.172531 -0.163640 0.037064 -0.085413 -0.062282 -0.135301 -0.037373 0.023068 -0.093761 -0.075247 -0.034663 0.077325 0.012297 -0.017157 0.047775 -0.024275 -0.024898 0.020710 0.087975 -0.153032 -0.047636 -0.132753 0.034435 -0.279323 -0.246607 0.174884 0.274178 0.089141 0.202527 0.166728 0.270655 0.177958 0.306166 0.101495 0.178280 0.215871 0.131560 -0.141421 -0.104849 -0.081796 -0.154128 0.173461 -0.114014 -0.037912 0.054026 0.064332 -0.073033 0.009799 -0.021643 0.067215 0.118954 -0.000342 -0.045736 0.161012 -0.061955 0.184100 0.220499 -0.166614 0.158014 0.030253 -0.117127 -0.129338 0.014666 -0.126931 0.050779 -0.082202 -0.121912 -0.104492 -0.305048 -0.095895 -0.229565
-0.107137 -0.141182 -0.182902 0.130353 0.006779 0.287814 -0.180263 -0.047285 -0.211765 0.032035 -0.235864 -0.286941 -0.061751 -0.356304 -0.195784 0.140592 -0.009271 -0.076638 -0.299036 -0.194279 0.601512 1.000000 0.111487 0.210736 0.114659 0.099093 0.520174 0.457816 -0.014627 0.015660 0.007388 0.106018 -0.051082 -0.183956 0.119918 0.147937 -0.000749 0.027353 -0.147396 0.171378 0.186050 0.147111 -0.044579 0.160238 -0.047986 0.183463 -0.121079 0.035805 -0.172492 -0.080538 0.054271 -0.035774 0.016830 0.032118 -0.000164 0.036624 0.048443 0.060242 -0.124884 -0.111140 -0.224617 -0.258735 -0.174623 -0.131996 -0.146448 -0.113428 -0.183050 0.076285 -0.233027 -0.265930 0.225961 0.297523 -0.112899 0.066512 -0.037756 0.186453 0.040380 0.155325 -0.028114 0.079543 0.036870 -0.032402 -0.096297 -0.181730 0.089162 0.178400 0.309077 0.039752 0.029835 0.235214 0.185567 -0.085288 0.080470 -0.064120 -0.106462 -0.065472 -0.122440 -0.037170 0.042086 0.014560 -0.009098 -0.005601 -0.158430 0.105110 0.010315 -0.045307 0.059189 0.081954 -0.367955 0.159672 -0.073562 -0.044366 -0.056861 -0.132969 -0.080455 -0.170966
-0.075351 -0.255189 0.311636 0.436226 0.023058 0.157277 0.053465 0.211186 0.010106 0.017819 -0.002683 0.047045 -0.119160 -0.197535 0.046905 -0.244812 -0.148510 -0.225510 0.227378 -0.130166 -0.134882 0.111487 1.000000 0.632601 0.121246 0.442224 -0.122370 0.364675 -0.444776 -0.385860 0.009422 0.289794 -0.132500 -0.010948 0.209717 0.249961 -0.199898 -0.230142 0.067045 0.103565 -0.254308 -0.001044 0.077920 0.010516 -0.170149 -0.019715 0.035439 -0.000906 -0.202843 -0.141346 0.183671 -0.061658 -0.183004 0.311940 -0.146688 -0.177166 -0.100466 0.003342 -0.343828 -0.339189 -0.444668 -0.466290 -0.393029 -0.356227 0.061340 -0.208295 -0.209145 0.043490 0.133025 0.104207 0.080104 0.224109 -0.331281 -0.037706 -0.057255 -0.079869 -0.055309 -0.048461 -0.046203 -0.102744 -0.250255 -0.223148 0.177534 -0.030021 0.248806 0.262862 -0.028159 0.117741 0.223357 0.085164 0.322991 0.148492 0.174759 0.181320 -0.050817 -0.189287 -0.338820 0.120825 -0.139150 -0.064521 -0.070295 -0.095203 -0.204309 0.217068 0.079504 0.105291 0.146111 0.181538 -0.157677 0.046292 0.174987 -0.026808 -0.150473 -0.084299 0.044612 -0.006353
-0.255922 -0.217004 0.260328 0.687110 0.048706 0.238801 0.240901 0.563077 -0.073357 0.034143 -0.202770 0.242066 -0.111492 -0.073200 -0.224782 -0.078819 -0.317601 -0.197318 0.066627 -0.309142 0.094559 0.210736 0.632601 1.000000 -0.027513 0.443312 -0.026169 0.342017 -0.441973 -0.259862 0.043025 0.466895 -0.241536 -0.033924 0.002265 0.285240 -0.208091 -0.408734 -0.232062 0.064741 -0.323040 0.005781 -0.107874 -0.227568 -0.118470 -0.199669 -0.160109 -0.304100 -0.123035 -0.315894 0.277439 -0.206314 -0.118503 0.128938 -0.218984 -0.375434 -0.281294 -0.190467 -0.310416 -0.366910 -0.264650 -0.373047 -0.362338 -0.303536 0.319622 0.085096 -0.166695 0.248867 -0.164273 0.071977 0.160847 0.118085 -0.416839 -0.048593 -0.167706 0.045154 -0.177988 0.098988 -0.258337 -0.129825 -0.372380 -0.370708 -0.136639 0.180563 0.216644 0.402034 0.045358 0.098989 0.283185 0.394981 0.388116 0.186020 0.290062 0.243098 0.030172 -0.182254 -0.416535 0.057312 -0.234456 -0.102676 -0.074063 -0.178715 -0.095739 0.275452 0.034408 0.262424 0.085082 0.170271 -0.206062 -0.095593 0.026444 -0.046425 -0.160720 -0.233500 -0.086124 -0.093050
-0.323556 -0.502039 -0.064663 -0.179867 0.624727 0.525101 -0.255313 -0.264537 0.547675 0.739181 0.163085 -0.317984 -0.091068 -0.057535 0.636306 0.558611 0.217378 -0.206874 -0.225668 -0.204505 0.093576 0.114659 0.121246 -0.027513 1.000000 0.559510 0.085547 0.094325 0.060068 0.439549 0.541578 0.163516 -0.341266 -0.264228 0.076978 0.096795 0.325669 -0.025216 0.206475 0.032248 0.225634 -0.091055 0.188431 -0.132338 -0.103698 -0.108335 0.337213 0.159121 -0.119237 -0.066494 -0.184091 -0.124872 -0.189681 0.180937 0.136025 0.115691 -0.242545 -0.259988 -0.133379 -0.130252 -0.246567 -0.296940 -0.152783 -0.295364 -0.036913 -0.344340 -0.129375 -0.041339 -0.167847 -0.115719 0.006561 0.556730 -0.026626 0.648288 0.279985 0.530326 0.263196 -0.272469 0.145902 -0.106786 -0.079130 0.130071 0.470989 -0.014292 -0.015111 0.137964 0.199274 0.118624 -0.012132 -0.058692 0.006449 -0.030080 -0.080834 -0.017945 0.172833 0.227447 0.190709 0.283225 0.050406 -0.027773 0.034085 0.081096 -0.265572 0.013034 0.119934 0.019139 -0.118813 -0.084828 0.052661 0.288790 0.380463 0.105861 -0.268202 0.070885 0.082782 -0.009372
-0.169405 -0.510453 0.197750 0.029087 0.378323 0.511485 0.029137 -0.000805 0.378351 0.482067 0.216967 -0.078340 0.016104 -0.047787 0.301439 0.238138 0.001563 -0.311629 -0.181582 -0.275453 0.033294 0.099093 0.442224 0.443312 0.559510 1.000000 -0.195645 0.416667 -0.206507 0.016658 0.419391 0.363954 -0.248503 -0.212387 0.040299 0.175917 0.027150 -0.196008 -0.045019 0.135023 -0.017076 -0.168394 0.297615 -0.072158 -0.079842 -0.174965 0.284624 0.158931 -0.081164 -0.153723 0.116330 -0.100126 -0.170223 0.290710 0.030288 -0.128646 -0.260336 -0.307413 -0.302390 -0.334938 -0.265468 -0.400119 -0.392102 -0.429899 0.142808 -0.270436 -0.199380 -0.069237 -0.212638 -0.047753 0.181578 0.433221 -0.329756 0.364903 0.118880 0.334854 0.076834 -0.065083 -0.020584 -0.226461 -0.260962 -0.153348 0.298790 -0.038593 0.154760 0.162821 0.127937 0.021300 0.039922 -0.030862 0.189074 0.254555 0.017602 0.182418 0.097469 0.035200 -0.005595 0.229150 0.034439 0.010439 -0.167513 -0.113068 -0.191568 0.091511 0.013277 0.174740 -0.033721 -0.075939 -0.032578 0.219551 0.332553 0.176001 -0.233504 0.092618 0.062224 0.029642
-0.069692 0.034102 -0.187127 -0.040910 0.104948 0.368496 -0.060975 -0.086112 -0.246793 -0.007237 -0.183909 -0.164599 0.036128 -0.122107 -0.151988 0.233955 0.017889 0.080257 -0.204670 -0.043236 0.558298 0.520174 -0.122370 -0.026169 0.085547 -0.195645 1.000000 0.290414 0.091397 0.038843 -0.133904 -0.130622 -0.002934 -0.098399 0.027571 -0.014509 -0.093200 -0.093578 0.011989 0.033730 0.124194 0.073602 -0.202791 0.174028 0.042274 0.187919 -0.283903 0.005801 0.056347 0.104700 -0.154410 0.039452 0.023224 -0.139047 -0.069532 0.087291 0.151963 0.131298 0.152293 0.259231 -0.008071 0.139029 0.066475 0.145975 -0.163397 0.012626 -0.027538 0.114384 -0.175557 -0.162348 -0.076306 0.010649 0.034181 -0.037515 -0.061596 0.061469 -0.059570 0.029440 0.110777 0.132606 0.116567 0.154325 -0.070708 0.059353 -0.188717 -0.155596 0.201489 0.126754 0.092659 0.195600 0.148461 -0.208344 -0.160736 -0.284222 -0.059619 -0.016450 0.047339 -0.031114 0.122525 -0.026347 0.274223 0.144856 -0.304380 -0.002745 0.068357 -0.193997 -0.015806 0.007179 -0.203753 -0.039371 -0.182327 -0.197313 -0.006808 -0.366846 -0.045615 -0.181155
0.043567 -0.222127 -0.063660 0.141661 0.200501 0.598819 -0.259378 -0.146506 -0.131147 0.024179 -0.047278 -0.140935 -0.138322 -0.269697 -0.058724 -0.014613 -0.050601 -0.271911 -0.151586 -0.063113 0.177203 0.457816 0.364675 0.342017 0.094325 0.416667 0.290414 1.000000 -0.274432 -0.352122 -0.214956 -0.134486 -0.169750 -0.379752 0.018285 -0.022528 -0.058317 -0.079720 -0.099913 0.305084 -0.043751 0.083225 0.112258 0.225737 -0.216628 0.106735 0.202033 0.178656 0.010183 -0.015928 0.266401 0.067251 0.050956 0.123550 0.108261 0.007617 0.141563 0.076481 -0.077016 -0.043292 -0.302220 -0.185423 -0.441735 -0.251369 -0.204040 -0.203860 -0.190819 0.013862 -0.150665 -0.089768 0.112238 0.077097 -0.326101 -0.071700 -0.088483 -0.007210 -0.066693 0.015455 -0.063793 -0.043262 -0.081194 -0.067863 0.078720 -0.144748 0.265694 0.228014 0.045068 0.073364 0.190160 0.329572 0.320002 0.034124 -0.119831 -0.124840 -0.014754 -0.045135 -0.061437 0.174565 0.116001 0.142094 -0.124187 -0.155308 -0.242178 -0.048793 -0.110865 -0.077870 -0.087288 -0.098521 -0.204078 0.128289 0.143539 0.123607 -0.015150 -0.055401 -0.144904 -0.286565
0.084132 0.030409 -0.161291 -0.472759 0.080887 -0.146513 0.006137 -0.234801 0.131216 0.066647 0.374460 0.071587 0.294318 0.206099 0.227915 0.227593 0.573333 0.433727 -0.191374 0.229998 0.121327 -0.014627 -0.444776 -0.441973 0.060068 -0.206507 0.091397 -0.274432 1.000000 0.622592 0.262278 -0.037376 0.148908 0.016010 0.156211 -0.159353 0.247824 0.255364 -0.004248 -0.080226 0.325784 -0.106123 -0.023585 0.005633 0.168301 -0.026170 -0.006571 0.031838 -0.142513 -0.027653 -0.271732 -0.166497 -0.128352 -0.244952 -0.106679 0.009157 0.037293 -0.098147 -0.015796 0.009533 0.186286 0.134597 0.478949 0.195591 -0.132704 -0.088681 0.016308 -0.201498 -0.127120 -0.244222 0.210141 0.068354 0.719437 0.299372 0.326590 0.184182 0.405518 0.128115 0.426194 0.265460 0.382053 0.427275 0.065097 0.058307 -0.103734 -0.275044 0.081454 -0.124036 -0.458150 -0.359523 -0.348187 -0.224961 -0.284143 -0.198864 -0.031830 0.083793 0.069962 -0.057249 -0.132754 -0.013810 -0.082194 -0.049337 0.078326 -0.101131 -0.001741 -0.099377 -0.025810 -0.084678 0.028421 0.096046 -0.094274 -0.034373 -0.050335 0.099586 0.071342 0.041216
-0.163545 -0.152037 -0.154797 -0.274313 0.311361 0.022611 0.066389 -0.048449 0.459605 0.494569 0.259705 0.038717 0.219907 0.370691 0.387640 0.569022 0.391202 0.336406 -0.167410 0.083731 0.184675 0.015660 -0.385860 -0.259862 0.439549 0.016658 0.038843 -0.352122 0.622592 1.000000 0.547895 0.170085 -0.087162 -0.037947 0.084178 0.068787 0.279931 0.130747 0.019637 -0.200503 0.271452 -0.102332 0.015831 -0.258986 0.093551 -0.195343 0.049311 -0.100762 -0.175751 -0.182056 -0.297481 -0.221023 -0.198638 -0.135129 -0.117289 -0.067254 -0.252611 -0.376921 -0.129523 -0.175571 0.110130 0.063274 0.333486 0.009092 0.135858 0.073160 -0.179778 -0.155729 -0.316754 -0.378408 0.197114 0.421450 0.408734 0.643702 0.299744 0.639864 0.421264 0.103379 0.238798 0.194696 0.160043 0.268106 0.155710 0.189073 -0.122281 -0.103266 0.134299 -0.105518 -0.273061 -0.222032 -0.202976 -0.172541 -0.027643 -0.089977 -0.021620 0.148426 -0.016389 -0.000165 -0.214277 -0.155591 0.100061 0.097056 0.002100 0.026851 0.201483 0.002845 -0.026616 -0.045247 0.071861 0.134651 -0.107008 -0.011970 -0.197606 0.099684 0.165761 0.111074
-0.362474 -0.525725 0.316001 -0.087136 0.430892 0.005261 0.164164 0.089098 0.581956 0.507463 0.254011 -0.095595 -0.043651 0.020446 0.584208 0.498384 0.173155 -0.063517 -0.072736 -0.145002 0.024719 0.007388 0.009422 0.043025 0.541578 0.419391 -0.133904 -0.214956 0.262278 0.547895 1.000000 0.628486 -0.136071 0.069076 0.134728 0.308023 0.227398 -0.030356 -0.037899 0.022981 0.222074 -0.123464 0.176109 -0.297138 0.149646 -0.198053 0.164013 -0.045445 -0.273303 -0.218377 -0.140731 -0.178825 -0.147476 0.169990 -0.032232 -0.080589 -0.480536 -0.554068 -0.393759 -0.497224 -0.179035 -0.366594 0.018456 -0.428464 0.346559 -0.083918 -0.303283 0.014575 -0.294641 -0.325951 0.223705 0.630886 0.026483 0.667924 0.196933 0.618366 0.394310 0.050458 0.045029 -0.268040 -0.200198 -0.158643 0.339806 0.057650 0.032763 0.077503 0.017442 -0.120920 -0.395001 -0.346388 0.009974 0.065878 0.152573 0.138973 0.154467 0.091734 -0.032455 0.080751 -0.110753 -0.009078 -0.001302 -0.087898 -0.036664 0.108696 0.168777 0.181295 -0.003892 -0.097315 0.083639 0.195142 -0.054756 0.151677 -0.172231 0.095917 0.071049 0.089744
-0.505843 -0.430483 0.322247 0.424845 0.072602 -0.065850 0.261248 0.452944 0.159654 0.222706 -0.075876 0.086104 -0.256941 -0.086025 0.096067 0.163035 0.015966 0.049814 0.031138 -0.293360 0.044823 0.106018 0.289794 0.466895 0.163516 0.363954 -0.130622 -0.134486 -0.037376 0.170085 0.628486 1.000000 -0.120382 0.301866 0.173088 0.505833 0.009075 -0.251749 -0.029576 -0.038686 -0.021983 -0.122441 0.032209 -0.232629 0.167535 -0.089806 -0.018833 -0.237248 -0.358769 -0.233006 0.074701 -0.129640 -0.147676 0.217821 -0.211753 -0.247945 -0.393039 -0.413556 -0.508289 -0.567845 -0.245993 -0.446850 -0.082752 -0.380253 0.432433 0.089042 -0.325743 0.220428 -0.166958 -0.264709 0.092122 0.365353 -0.170128 0.253891 -0.107456 0.278975 0.102050 0.099147 -0.047202 -0.089383 -0.219119 -0.243221 0.120898 0.157460 0.167542 0.281752 0.030425 -0.054136 -0.188560 -0.086178 0.120257 -0.035583 0.251743 0.140069 0.034523 -0.064272 -0.284360 -0.018804 -0.251379 -0.091166 0.069422 -0.125853 -0.086980 0.184615 0.122332 0.219986 0.126787 0.037970 -0.056518 -0.124993 -0.200404 -0.085184 -0.303271 -0.194143 -0.000775 -0.074326
0.394201 0.491606 0.105880 -0.104567 -0.303365 -0.216465 0.240748 0.038962 -0.234889 -0.266349 -0.000549 0.151668 0.147801 0.102254 -0.274915 -0.240023 0.088334 0.163661 0.063876 0.395373 -0.063847 -0.051082 -0.132500 -0.241536 -0.341266 -0.248503 -0.002934 -0.169750 0.148908 -0.087162 -0.136071 -0.120382 1.000000 0.661293 -0.026735 -0.110141 -0.323094 0.016471 -0.068935 -0.121426 -0.012422 -0.013812 -0.132004 0.087824 0.149128 0.239113 -0.264716 0.005304 -0.013990 0.281888 -0.149196 0.041278 -0.008759 -0.244329 -0.211682 -0.089131 0.324174 0.330987 0.161822 0.211340 0.166806 0.267915 0.283609 0.295766 -0.186553 0.147780 0.178837 -0.084334 0.275805 -0.001756 -0.169757 -0.333506 0.244456 -0.273840 -0.071211 -0.186302 -0.109956 0.006733 0.053371 0.080001 0.118043 0.194249 -0.259353 -0.058215 -0.332704 -0.412810 -0.058092 -0.130023 -0.211761 -0.315076 -0.282749 -0.236366 -0.152074 -0.055530 -0.128659 -0.041207 0.046856 -0.217611 -0.026817 -0.098333 -0.028434 0.045970 0.174923 -0.174082 -0.079656 -0.229159 0.007568 -0.096668 0.071298 -0.048749 -0.202339 -0.207889 0.167754 0.006579 0.022637 0.113477
0.138399 0.268220 0.272681 0.076214 -0.193165 -0.302590 0.447295 0.318404 -0.103775 -0.134004 -0.004773 0.072701 0.006138 0.073109 -0.224525 -0.123481 -0.011912 0.185044 0.287150 0.298054 -0.031350 -0.183956 -0.010948 -0.033924 -0.264228 -0.212387 -0.098399 -0.379752 0.016010 -0.037947 0.069076 0.301866 0.661293 1.000000 0.097293 0.297398 -0.255153 -0.188155 0.033328 -0.348884 -0.151398 -0.150236 -0.088842 -0.063424 0.266122 0.153366 -0.314625 -0.125518 -0.210534 0.093415 -0.203740 -0.032499 -0.219506 -0.097198 -0.387228 -0.287723 0.121139 0.135512 -0.110576 -0.051577 0.181628 0.212738 0.313224 0.210611 0.150675 0.295324 0.000955 0.111881 0.230555 0.075171 -0.341719 -0.197609 0.093103 -0.185805 -0.140635 -0.165586 -0.077860 0.021929 0.040103 0.155317 0.128584 0.105993 -0.258925 0.052997 -0.275794 -0.346474 -0.270673 -0.224914 -0.194067 -0.401377 -0.113550 -0.181944 0.164689 0.118359 -0.044042 -0.023194 -0.076952 -0.216231 -0.154414 -0.227188 0.155213 0.173351 0.038505 0.064136 0.036496 -0.148775 0.098449 0.051992 0.133525 -0.141949 -0.221845 -0.248576 -0.011778 -0.274612 -0.050235 0.029683
-0.204703 -0.349201 0.010919 -0.033887 0.072514 0.025166 0.032564 -0.125044 0.006933 -0.030563 0.129367 -0.242281 0.008165 -0.223069 0.084108 -0.025077 0.122489 0.211287 -0.028729 -0.064362 0.118387 0.119918 0.209717 0.002265 0.076978 0.040299 0.027571 0.018285 0.156211 0.084178 0.134728 0.173088 -0.026735 0.097293 1.000000 0.505984 0.120565 0.078927 0.227023 -0.197677 0.014546 -0.100722 0.288307 0.076817 0.205424 0.182706 0.111354 0.028305 -0.029177 -0.104374 0.053970 0.098888 -0.147743 0.095385 0.001382 -0.062308 -0.101420 -0.134127 -0.251894 -0.242103 -0.165028 -0.207488 0.115682 -0.198678 0.035147 -0.165596 -0.103789 -0.021394 0.124742 -0.124755 0.150732 0.220089 0.115506 0.157523 0.139192 -0.095906 0.351594 0.223949 0.136139 0.350130 0.241543 0.105407 0.130685 -0.070880 0.227933 0.180908 0.040825 -0.107324 -0.140952 -0.314466 -0.158065 -0.139575 0.100887 0.039508 -0.045826 0.313152 0.026986 0.149777 -0.090585 -0.190813 0.130422 0.215896 -0.193215 0.049947 0.215901 -0.261926 -0.175699 0.010185 0.185069 0.136428 -0.027909 0.036459 -0.062901 -0.008670 0.150677 0.225021
-0.346689 -0.367208 0.207460 0.313230 0.154702 0.031053 0.229174 0.359639 0.098124 0.106409 -0.103920 -0.156960 -0.209178 -0.103279 -0.042494 0.119088 -0.078704 -0.079423 0.097887 -0.211943 0.176726 0.147937 0.249961 0.285240 0.096795 0.175917 -0.014509 -0.022528 -0.159353 0.068787 0.308023 0.505833 -0.110141 0.297398 0.505984 1.000000 0.035621 -0.094430 0.032647 -0.205107 -0.147188 -0.152719 0.137961 -0.161134 0.298013 0.187991 -0.079145 -0.169373 -0.121457 -0.160223 0.074007 0.163951 -0.174624 0.198596 -0.154908 -0.236453 -0.340246 -0.396464 -0.376108 -0.428679 -0.220204 -0.258379 -0.064285 -0.401237 0.330810 0.279187 -0.290363 0.280697 -0.067462 -0.161567 0.115943 0.291013 -0.197344 0.117813 -0.054456 0.085631 0.258741 0.319624 -0.192538 0.068651 0.029882 -0.239855 -0.034557 0.048852 0.092460 0.183443 -0.046527 -0.092123 -0.044451 -0.131955 0.061274 0.024774 0.388406 0.149300 -0.080426 0.122605 -0.171182 0.062405 -0.184430 -0.220030 0.275351 0.161716 -0.155354 0.219350 0.140685 -0.089142 0.013431 0.148838 0.068578 0.021445 -0.062493 -0.091568 -0.257388 -0.129447 0.061346 -0.078737
