1.000000 0.177440 0.076321 -0.076134 -0.039058 -0.003144 0.126755 0.094292 0.004437 0.008231 0.204087 0.094302 0.097972 0.152143 0.066544 0.048202 0.221729 -0.026658 0.303734 0.169701 0.176465 -0.033681 -0.112630 -0.180721 -0.050396 -0.210774 -0.017704 -0.059830 0.081130 -0.088030 0.004863 -0.053570 0.015253 0.111371 -0.067342 0.015438 -0.082551 -0.240510 -0.413772 -0.212493 -0.180639 -0.130806 -0.227147 -0.201074 -0.077675 -0.099361 -0.169449 -0.030789 -0.166450 -0.096593 -0.158502 -0.107905 -0.046138 -0.158133 -0.155896 -0.212386 0.418426 0.024616 0.122594 0.071031 0.241448 0.400188 0.411991 0.454231 -0.010694 0.224992 -0.049754 0.058073 0.002419 -0.037397 -0.173034 -0.112169 -0.355764 -0.125268 -0.117028 0.047604 0.074646 -0.081485 -0.167112 -0.065444 0.095959 0.210482 -0.012633 0.130966 0.135448 -0.031143 -0.145270 -0.139502 0.048962 -0.114499 -0.084449 -0.043738 -0.081761 -0.115954 -0.199204 -0.125005 -0.258555 -0.268649 -0.040932 0.036486 -0.104539 0.030750 -0.159502 -0.098891 -0.183497 -0.006233 -0.242088 0.052541 0.091436 -0.111864 -0.425998 0.022948 0.011869 -0.115670 0.016931 -0.006670
0.177440 1.000000 -0.368064 0.285111 -0.360251 -0.214783 -0.318373 0.183912 -0.273191 -0.189525 -0.146577 0.494943 -0.250894 0.309852 -0.259272 -0.060805 -0.026522 0.158867 -0.149431 0.375678 -0.309188 -0.170847 -0.275884 -0.039884 -0.245836 -0.147837 -0.198466 -0.124834 -0.072783 0.214775 -0.267839 -0.104147 0.170972 0.176535 -0.178890 -0.066528 -0.153825 -0.082642 -0.100284 0.017942 -0.074967 0.001778 0.013374 -0.065760 -0.049082 -0.022080 -0.030466 -0.013854 -0.134083 -0.020226 0.025448 -0.103215 -0.077991 -0.057792 -0.123729 -0.119528 0.136205 0.419880 0.116995 0.148971 0.048563 0.244102 -0.043436 0.200737 0.075365 0.144089 0.039381 -0.105913 0.459962 0.151387 -0.166369 -0.245958 -0.039586 -0.019187 0.218374 0.017725 0.036089 0.026267 0.053754 0.197986 0.317021 0.266922 0.105353 0.226928 0.269816 0.501209 0.225136 0.372003 -0.247514 0.042830 -0.212143 -0.445181 0.016107 -0.432759 -0.163731 0.131804 -0.132975 -0.185442 -0.094194 -0.168771 -0.210538 -0.247736 -0.162660 -0.169206 -0.060631 -0.162151 0.156980 -0.287192 0.040608 -0.158079 -0.188424 -0.194405 -0.192636 -0.059334 0.117442 -0.242108
0.076321 -0.368064 1.000000 0.070035 0.412799 0.326885 0.722009 0.377771 0.329978 0.396077 0.418381 -0.196691 0.386724 0.094108 0.420011 0.250935 0.017954 -0.105868 0.506692 0.036330 0.241614 0.138756 0.475864 0.228300 0.299923 0.190913 0.280898 0.116318 -0.021390 -0.185080 0.549258 0.533969 0.083427 0.256826 0.243615 0.101298 -0.180120 -0.091174 -0.140789 -0.206422 -0.162992 -0.063218 -0.440609 -0.393359 -0.183100 -0.160193 -0.238970 -0.228924 -0.394631 -0.364034 -0.346696 -0.479645 -0.292350 -0.481189 0.040501 -0.402574 -0.336099 -0.357201 -0.196559 -0.311848 0.082234 0.043125 0.115792 -0.165518 0.178828 -0.044049 0.031794 0.344786 -0.168952 0.096536 -0.084149 0.077457 -0.133909 -0.069610 -0.097451 -0.008744 -0.061170 -0.191116 -0.168680 -0.104233 -0.236678 -0.009277 0.168297 0.124419 0.037045 -0.333687 -0.055994 -0.395985 0.091352 -0.287705 0.007344 0.103300 0.027761 0.348745 0.033539 -0.132424 0.098103 -0.065828 -0.303244 -0.323981 0.028170 0.143260 -0.092867 -0.029956 -0.198613 -0.016919 -0.031307 0.052661 0.219865 0.119574 -0.043185 -0.027299 -0.003935 -0.174629 -0.012178 0.160056
-0.076134 0.285111 0.070035 1.000000 0.006450 0.169803 0.099483 0.465279 0.028492 0.300074 -0.069843 0.452928 -0.092432 0.230708 -0.034631 0.357832 -0.074694 0.033235 -0.060917 0.216668 -0.039407 -0.018510 0.090909 0.468781 0.156563 0.205057 0.099135 0.051255 0.070448 0.149162 0.114347 0.266468 -0.093399 0.005436 -0.150092 -0.129688 -0.063588 0.021874 -0.148455 -0.083711 -0.013883 0.215009 -0.257968 -0.252957 -0.296975 -0.196199 -0.181063 -0.296471 -0.383937 -0.347396 -0.299580 -0.346737 -0.277227 -0.247645 -0.056472 -0.191254 -0.085263 -0.175909 -0.299888 -0.225708 -0.098927 0.108062 -0.065472 -0.131045 0.059210 0.199299 -0.168022 -0.051364 0.029791 0.023725 -0.221920 -0.075382 -0.087821 0.047951 0.094595 0.052012 -0.056952 -0.033348 -0.011279 0.038391 0.152955 0.145313 0.207634 0.439193 0.086758 0.283677 0.076968 0.356179 0.027192 0.151739 -0.045330 -0.203975 0.497996 -0.026769 -0.077992 -0.023578 -0.123910 -0.196721 -0.202971 -0.312695 -0.180105 -0.212076 -0.032286 0.045794 -0.096503 -0.066052 0.072264 -0.311775 0.105787 -0.041145 -0.223930 -0.253817 -0.037369 0.126791 0.058707 -0.041181
-0.039058 -0.360251 0.412799 0.006450 1.000000 0.739191 0.366476 -0.193406 0.829930 0.723361 0.394089 -0.249016 0.374622 -0.119601 0.631238 0.653669 -0.010635 -0.056046 0.096451 -0.377705 0.642105 0.392757 0.610462 0.507260 0.648417 0.542854 0.776106 0.507543 0.129733 -0.066587 0.496458 0.211380 -0.274106 -0.178892 -0.098892 -0.221223 0.240924 0.252037 0.059024 0.171569 0.251203 0.371812 -0.340580 -0.394819 -0.533614 -0.524277 -0.471499 -0.309829 -0.335008 -0.453773 -0.381333 -0.157907 -0.021216 -0.078105 0.291023 -0.040865 -0.182410 -0.460876 -0.301036 -0.387803 -0.103065 -0.065424 -0.174195 -0.116941 -0.166466 -0.027587 -0.502959 -0.215416 -0.345116 -0.319351 0.138703 0.329721 0.075762 -0.025265 -0.163741 0.100083 -0.155563 -0.211006 -0.218960 0.006044 -0.227881 -0.038078 0.203221 0.388081 -0.370490 -0.300066 -0.260893 -0.179911 0.377485 0.068491 0.133143 0.096084 0.174349 0.359068 0.209631 0.095753 0.209063 0.158880 -0.043276 -0.325251 0.037964 0.140897 -0.249672 0.045438 -0.038238 0.298820 -0.286743 -0.119766 0.305492 0.386248 0.118873 0.163045 -0.061848 0.271333 0.258829 0.325060
-0.003144 -0.214783 0.326885 0.169803 0.739191 1.000000 0.226542 -0.129762 0.678548 0.840631 0.314461 0.125998 0.198987 0.088094 0.770640 0.861834 -0.137656 0.018346 0.021646 -0.351071 0.633800 0.274212 0.627120 0.567976 0.823385 0.779912 0.891208 0.770646 0.005305 -0.055004 0.661284 0.358369 -0.242355 -0.098413 -0.131018 -0.148547 0.082297 0.241624 -0.127169 0.170318 0.186958 0.267241 -0.404520 -0.539899 -0.595400 -0.472889 -0.544709 -0.399890 -0.407967 -0.539133 -0.348172 -0.078251 -0.133176 0.063467 0.157637 0.005041 -0.099560 -0.365188 -0.490993 -0.561395 -0.261505 -0.111452 -0.264585 -0.130745 -0.087992 0.181804 -0.690956 -0.242515 -0.292980 -0.209880 -0.037123 0.230864 -0.030739 -0.140932 -0.076642 0.141970 -0.292464 -0.264662 -0.208977 0.070280 -0.100743 0.109390 0.314320 0.565132 -0.147982 -0.044558 -0.297701 -0.071970 0.284973 0.172291 -0.035596 -0.046685 0.116700 0.249827 0.264945 0.230984 0.205625 0.195528 -0.146436 -0.306819 -0.203130 -0.076371 -0.465658 -0.012591 -0.120853 0.300849 -0.234019 -0.198889 0.466280 0.408641 -0.071503 -0.084518 -0.124071 0.173191 0.382951 0.298012
0.126755 -0.318373 0.722009 0.099483 0.366476 0.226542 1.000000 0.412047 0.334218 0.417433 0.488978 -0.144660 0.663488 0.152050 0.358271 0.267792 0.026605 -0.102078 0.364984 0.017320 0.207815 0.086090 0.318956 0.122026 0.222934 -0.004113 0.209240 -0.105738 0.058186 -0.131532 0.457645 0.395711 0.088478 0.264369 0.162044 0.122927 -0.236127 -0.245324 -0.219117 -0.348356 -0.202635 -0.038728 -0.379063 -0.364783 -0.046104 -0.125431 -0.145978 -0.307072 -0.155659 -0.202042 -0.346662 -0.264560 -0.175029 -0.398770 -0.016974 -0.271541 -0.493853 -0.491863 -0.107237 -0.115991 0.201156 0.181814 0.042841 -0.063413 0.126891 0.113108 0.036719 0.184150 -0.203694 0.047637 0.077992 0.052010 -0.138830 -0.088721 -0.185578 0.034284 0.031358 -0.237916 -0.341092 -0.296382 -0.254007 -0.092426 0.136910 0.258680 -0.103262 -0.317917 -0.226862 -0.339959 0.051489 -0.099988 0.003997 0.000041 0.037542 0.219695 -0.045986 -0.182099 -0.015729 -0.166681 -0.223898 -0.435043 -0.061801 -0.008126 -0.090775 -0.063089 -0.248320 -0.129364 -0.045305 -0.029431 0.118531 -0.003964 -0.133284 -0.116783 -0.068424 -0.179613 -0.084394 0.053216
0.094292 0.183912 0.377771 0.465279 -0.193406 -0.129762 0.412047 1.000000 -0.188260 0.065391 0.009586 0.295792 0.045952 0.490548 -0.202002 -0.062411 -0.046663 -0.092223 0.098667 0.298080 -0.234734 -0.166623 -0.224060 0.055601 -0.181597 -0.210415 -0.256042 -0.309390 -0.027667 0.003463 0.140233 0.528230 0.312835 0.523362 0.194266 0.374738 -0.367075 -0.293116 -0.401282 -0.268433 -0.353480 -0.074262 -0.405964 -0.209528 0.124460 0.233382 -0.084200 -0.152796 -0.205037 -0.154844 -0.158155 -0.412871 -0.273055 -0.427559 -0.407591 -0.439513 -0.120620 -0.218743 0.082506 -0.027630 0.356838 0.417959 0.135084 -0.071007 0.219632 0.302782 0.327010 0.494375 0.050444 0.226770 -0.247695 -0.307460 -0.029797 -0.115092 0.062986 -0.065242 -0.055233 -0.064614 -0.017672 -0.093756 0.034344 0.002908 0.114054 0.156296 0.171592 -0.017546 0.077549 -0.019547 -0.290801 -0.301788 -0.122992 -0.199006 0.121983 -0.133276 -0.120310 -0.027808 -0.260493 -0.215036 -0.265456 -0.334229 -0.024408 -0.177505 0.037445 -0.072765 -0.194544 -0.279316 0.191603 -0.194825 0.068890 -0.377056 -0.314433 -0.316964 -0.158304 -0.253065 -0.033844 -0.079134
0.004437 -0.273191 0.329978 0.028492 0.829930 0.678548 0.334218 -0.188260 1.000000 0.586374 0.342282 -0.193553 0.388716 -0.027198 0.628259 0.586180 -0.130039 0.010440 0.065806 -0.312681 0.467888 0.338043 0.609864 0.455850 0.512757 0.554722 0.668912 0.434628 -0.000918 -0.138888 0.427035 0.062679 -0.275162 -0.155568 -0.054621 -0.267980 0.169988 0.229098 0.086408 0.097155 0.102393 0.303146 -0.196643 -0.304098 -0.492221 -0.442755 -0.457399 -0.239211 -0.204417 -0.321324 -0.327753 0.015997 -0.036246 0.024677 0.210077 -0.060203 -0.067742 -0.326630 -0.265571 -0.300998 -0.171789 -0.032877 -0.344982 -0.071846 -0.169923 0.094560 -0.566098 -0.252804 -0.333337 -0.339851 0.096810 0.249374 -0.063887 -0.099288 -0.180048 0.158189 -0.129421 -0.200512 -0.210372 -0.023921 -0.167563 -0.024275 0.124785 0.320558 -0.282574 -0.220043 -0.145667 -0.127389 0.317488 -0.008338 0.070939 0.064438 0.130382 0.270420 0.185468 0.113442 0.163365 0.048696 -0.092416 -0.282538 0.015095 -0.006777 -0.332537 -0.090221 -0.189701 0.185549 -0.244390 -0.188090 0.234769 0.307445 0.113453 0.081620 -0.100335 0.233621 0.124991 0.189007
0.008231 -0.189525 0.396077 0.300074 0.723361 0.840631 0.417433 0.065391 0.586374 1.000000 0.402206 0.146195 0.257113 0.127099 0.579172 0.849806 0.109021 -0.044464 0.029645 -0.191256 0.505621 0.123656 0.549577 0.611229 0.803415 0.634522 0.776819 0.503639 0.147982 0.051525 0.651437 0.463127 -0.147176 0.022330 -0.147881 -0.062243 0.032939 0.083352 -0.304183 0.030188 0.157698 0.277810 -0.528840 -0.575313 -0.532284 -0.404491 -0.557925 -0.518912 -0.500005 -0.583029 -0.473698 -0.270368 -0.226410 -0.130646 0.063317 -0.111975 -0.228697 -0.505382 -0.481775 -0.527386 -0.168959 0.106531 -0.161582 -0.110665 -0.127867 0.310486 -0.538470 -0.120587 -0.300200 -0.112880 0.096836 0.256814 0.026409 -0.052515 -0.119861 0.130533 -0.198693 -0.229593 -0.132297 0.152054 0.005645 0.125105 0.316225 0.598635 -0.185336 -0.163299 -0.392145 -0.064266 0.174456 0.172458 -0.017213 -0.067962 0.248754 0.286622 0.161362 0.159741 0.112115 0.084786 -0.160362 -0.420268 -0.189396 -0.016794 -0.339397 0.069342 -0.100323 0.230152 -0.282526 -0.199145 0.444712 0.292557 -0.156909 -0.062719 -0.008528 0.171898 0.271195 0.247023
0.204087 -0.146577 0.418381 -0.069843 0.394089 0.314461 0.488978 0.009586 0.342282 0.402206 1.000000 0.082243 0.558149 0.295708 0.409565 0.366308 0.165823 0.061155 0.180732 -0.173757 0.320266 0.330709 0.209513 0.080843 0.324958 0.186050 0.366616 0.208567 -0.066067 -0.061023 0.257070 0.105074 -0.246799 -0.032886 0.136811 0.057463 -0.124246 0.022700 -0.123937 0.091124 -0.053971 0.047220 -0.266912 -0.393525 -0.271170 -0.247409 -0.314856 -0.314140 -0.309437 -0.325519 -0.169522 -0.290913 -0.107223 -0.244407 0.179867 -0.083808 -0.268498 -0.341723 -0.303528 -0.371708 0.116547 0.068772 -0.020925 0.031363 0.102094 0.115615 -0.177273 0.048062 -0.319147 -0.160353 -0.006907 0.112667 -0.141034 -0.081275 -0.313258 0.011977 -0.020291 -0.189391 -0.155339 0.079828 -0.298758 0.103906 -0.186856 0.073499 -0.079217 -0.007623 -0.286380 -0.195957 0.275627 0.075345 -0.076834 0.038074 -0.020713 0.224917 0.075665 0.142172 0.250175 0.104053 -0.178351 -0.298135 -0.014671 0.120947 -0.159966 -0.211661 -0.122735 0.241872 -0.177176 0.061402 0.284693 0.209583 0.063324 -0.071861 -0.012960 -0.078343 0.101880 0.202039
0.094302 0.494943 -0.196691 0.452928 -0.249016 0.125998 -0.144660 0.295792 -0.193553 0.146195 0.082243 1.000000 -0.126846 0.717079 0.096102 0.291122 -0.060678 0.274996 -0.167315 0.177319 -0.092190 -0.076894 -0.141775 0.174235 0.065902 0.162396 0.033211 0.183228 -0.033930 0.200620 0.196250 0.258035 0.211873 0.365634 -0.091398 0.215332 -0.168676 -0.142855 -0.348076 0.035148 -0.255762 -0.042141 -0.211779 -0.275779 -0.138234 0.063093 -0.259613 -0.266839 -0.215710 -0.287242 0.128417 -0.173419 -0.234038 -0.053709 -0.333982 -0.140197 0.134599 0.037828 -0.082727 -0.288906 0.219024 0.269313 0.071058 0.225928 0.336871 0.488312 -0.037979 0.013474 0.070457 0.128040 -0.259006 -0.249476 -0.043589 0.094525 0.194745 0.141084 0.069289 0.054829 0.037684 0.164027 0.143743 0.350253 -0.049126 0.332494 0.328330 0.542223 -0.018686 0.293204 -0.094346 0.073392 -0.528375 -0.516740 -0.068754 -0.459479 -0.217025 0.151841 -0.221057 -0.172794 -0.380475 -0.407152 -0.407494 -0.509083 -0.425276 -0.376658 -0.348861 -0.248296 0.009871 -0.408896 0.172652 -0.187563 -0.381422 -0.510375 -0.301774 -0.281459 0.058591 -0.245571
0.097972 -0.250894 0.386724 -0.092432 0.374622 0.198987 0.663488 0.045952 0.388716 0.257113 0.558149 -0.126846 1.000000 0.227293 0.389009 0.234620 -0.052857 0.201377 0.108986 -0.052620 0.296277 0.256750 0.241910 0.198280 0.096191 0.144786 0.263235 0.067577 -0.044931 -0.093359 0.234574 0.121046 -0.089520 0.114350 0.128131 0.000178 -0.099372 -0.213770 -0.064511 -0.113942 -0.033593 -0.025352 -0.181473 -0.244073 -0.079147 -0.145416 -0.312112 -0.217245 -0.078921 -0.101924 -0.186638 -0.144419 0.036739 -0.337133 0.064792 -0.166537 -0.237730 -0.255520 0.027884 -0.017341 0.315822 0.252226 0.016621 0.187773 0.218285 0.163451 -0.000928 0.053062 -0.156132 -0.071595 0.045773 0.118649 -0.213479 -0.035670 -0.281622 0.072369 -0.002721 -0.347461 -0.194279 -0.281356 -0.441427 -0.098264 -0.218826 0.018946 -0.320978 -0.290854 -0.311263 -0.335399 0.169941 -0.037778 0.009041 -0.042525 -0.082250 0.081618 -0.058847 -0.120447 -0.099249 -0.084433 -0.284064 -0.358252 -0.069252 -0.030450 -0.158914 -0.187738 -0.229456 0.040590 -0.049229 0.090779 0.140459 -0.094058 -0.079279 -0.042230 -0.065515 -0.139787 -0.044010 0.096173
0.152143 0.309852 0.094108 0.230708 -0.119601 0.088094 0.152050 0.490548 -0.027198 0.127099 0.295708 0.717079 0.227293 1.000000 0.115940 0.194014 -0.107547 0.305030 -0.045725 0.210156 -0.031445 0.110482 -0.116482 0.164075 0.019151 0.137883 0.032179 0.112927 -0.122183 0.040019 0.229746 0.391440 0.214908 0.589416 0.177283 0.430725 -0.279522 -0.328610 -0.372891 -0.056760 -0.401419 -0.120951 -0.284749 -0.305849 -0.049747 0.176137 -0.370229 -0.229926 -0.188595 -0.269063 0.122686 -0.260142 -0.205281 -0.279613 -0.402049 -0.419900 0.119169 -0.017640 0.126323 -0.252875 0.509062 0.461414 0.098120 0.236172 0.456708 0.571040 0.100953 0.340137 0.047851 0.190718 -0.233829 -0.236976 -0.102722 -0.010141 0.101288 0.141675 0.041473 -0.057958 -0.055200 0.037173 -0.048684 0.189698 -0.168773 0.134835 0.167412 0.185010 -0.069504 -0.038101 -0.045782 -0.194837 -0.434312 -0.394483 -0.225497 -0.444205 -0.188101 0.033027 -0.232725 -0.257043 -0.496625 -0.516051 -0.248115 -0.509543 -0.427375 -0.562164 -0.507188 -0.356763 -0.011882 -0.285439 0.204490 -0.327256 -0.331619 -0.515444 -0.413383 -0.408577 -0.063952 -0.186247
0.066544 -0.259272 0.420011 -0.034631 0.631238 0.770640 0.358271 -0.202002 0.628259 0.579172 0.409565 0.096102 0.389009 0.115940 1.000000 0.701367 -0.215976 0.036818 0.299578 -0.153715 0.568947 0.289046 0.644107 0.422578 0.625741 0.561095 0.733166 0.657511 0.013189 -0.204986 0.642576 0.279176 -0.098147 0.016484 -0.155031 -0.145599 0.002624 0.175077 -0.118418 0.150467 0.078501 0.136126 -0.350464 -0.485795 -0.508680 -0.444460 -0.402655 -0.324160 -0.304035 -0.444045 -0.266498 -0.041060 -0.093389 0.055700 0.165298 0.017664 -0.190884 -0.328048 -0.414148 -0.469346 -0.176561 -0.161487 -0.186542 -0.054370 0.056237 0.026384 -0.536895 -0.209336 -0.216638 -0.110274 -0.030407 0.183957 -0.161902 -0.165734 -0.094740 0.114203 -0.176132 -0.312931 -0.231337 -0.077798 -0.165513 0.022925 0.247948 0.402055 -0.026655 -0.040312 -0.259360 -0.200473 0.271297 0.095444 -0.074726 -0.021432 -0.091306 0.269919 0.110377 0.139388 0.106640 0.156817 -0.201533 -0.346941 -0.241648 -0.066412 -0.473700 -0.052074 -0.223932 0.192565 -0.238868 -0.089552 0.254610 0.299933 -0.105993 -0.070542 -0.204205 0.059610 0.219818 0.178823
0.048202 -0.060805 0.250935 0.357832 0.653669 0.861834 0.267792 -0.062411 0.586180 0.849806 0.366308 0.291122 0.234620 0.194014 0.701367 1.000000 -0.028190 0.062000 0.014698 -0.179544 0.546502 0.216412 0.550211 0.580445 0.769517 0.666559 0.821992 0.630421 0.182567 0.162770 0.651159 0.368353 -0.197062 -0.069423 -0.288507 -0.202172 0.080819 0.136945 -0.225710 0.091920 0.221107 0.356486 -0.414037 -0.541720 -0.608228 -0.513456 -0.538043 -0.505233 -0.476667 -0.579738 -0.392081 -0.174638 -0.134794 -0.038620 0.123141 -0.043364 -0.173442 -0.394385 -0.492052 -0.519153 -0.202269 -0.013031 -0.160710 -0.021642 -0.123454 0.255502 -0.639328 -0.350244 -0.265285 -0.159848 -0.090683 0.180604 0.031378 -0.103336 -0.017981 0.145058 -0.254805 -0.295037 -0.134763 0.161712 0.069641 0.235719 0.352887 0.702929 -0.068558 0.147538 -0.353188 0.039419 0.171657 0.293673 -0.126754 -0.228071 0.171961 0.168069 0.140240 0.164353 0.104310 0.101978 -0.183828 -0.460852 -0.384818 -0.139274 -0.456318 -0.011579 -0.164663 0.176869 -0.311451 -0.282534 0.412132 0.332747 -0.222500 -0.160914 -0.128139 0.187889 0.301180 0.124270
0.221729 -0.026522 0.017954 -0.074694 -0.010635 -0.137656 0.026605 -0.046663 -0.130039 0.109021 0.165823 -0.060678 -0.052857 -0.107547 -0.215976 -0.028190 1.000000 -0.140576 -0.039939 0.025677 -0.064700 -0.077581 -0.149221 -0.122418 -0.042591 -0.088874 -0.075154 -0.105875 0.342785 0.230317 0.031671 0.105217 0.140786 0.025648 0.021248 0.032620 0.102137 -0.114409 -0.166414 -0.154956 0.015584 -0.016540 -0.110830 0.087139 0.076708 0.080645 -0.080738 -0.072742 -0.220812 -0.067331 -0.190568 -0.331321 -0.057769 -0.334718 0.001961 -0.166482 0.078876 -0.024209 0.056507 0.045820 0.159429 0.148894 0.499380 0.203256 -0.210097 -0.005330 0.168053 0.092373 -0.032084 0.043965 0.194343 0.130454 0.248848 0.137276 0.103314 0.069981 0.405182 0.185049 0.262003 0.195431 0.433104 0.214221 0.133179 0.009746 0.110398 0.044511 0.047677 0.167183 -0.136173 0.002430 -0.101941 -0.176681 0.015321 -0.106116 -0.087670 -0.240835 -0.113115 -0.220972 0.140556 -0.106789 -0.085855 0.067863 0.031182 0.001606 -0.108795 -0.104053 -0.157651 0.073394 -0.220745 -0.189239 -0.132405 0.072690 0.103685 0.004445 -0.143448 -0.216553
-0.026658 0.158867 -0.105868 0.033235 -0.056046 0.018346 -0.102078 -0.092223 0.010440 -0.044464 0.061155 0.274996 0.201377 0.305030 0.036818 0.062000 -0.140576 1.000000 -0.207074 0.070877 -0.101557 0.054272 -0.021435 0.105685 -0.141357 0.114719 0.113514 0.117221 0.069463 0.451539 -0.042536 0.040839 -0.085693 0.134911 -0.061425 0.067078 0.120263 -0.086070 -0.000252 -0.116936 -0.071153 -0.061944 0.088666 -0.081504 0.073327 0.066301 -0.120735 -0.070344 -0.023330 -0.049616 0.165123 -0.143944 -0.188728 -0.173844 -0.128537 -0.264883 0.181988 0.326074 -0.068447 -0.268175 0.224340 0.084507 0.050274 0.385606 0.480501 0.046726 0.032909 -0.034432 0.146194 0.008363 -0.083608 0.050941 0.125816 0.389022 0.178451 0.127993 0.033298 -0.112946 0.077188 0.308080 -0.285243 0.439098 -0.290442 0.090791 0.007980 0.071228 -0.018017 -0.057916 0.154005 -0.144321 -0.419905 -0.206485 -0.125780 -0.185110 -0.201642 0.035920 -0.222555 -0.083620 -0.487638 -0.106321 -0.109427 -0.204618 -0.173011 -0.263501 -0.110438 0.022251 0.006767 0.114731 0.173966 -0.143512 -0.026880 0.058467 -0.007698 -0.077888 -0.109950 -0.114431
0.303734 -0.149431 0.506692 -0.060917 0.096451 0.021646 0.364984 0.098667 0.065806 0.029645 0.180732 -0.167315 0.108986 -0.045725 0.299578 0.014698 -0.039939 -0.207074 1.000000 0.306025 0.089688 0.081920 0.161403 -0.146066 0.049367 -0.239421 0.040963 0.000627 0.056313 -0.243191 0.164715 0.068779 0.153974 0.113721 -0.101636 -0.030868 -0.174683 -0.024860 -0.171379 -0.102459 -0.139600 -0.094253 -0.246783 -0.249879 -0.131933 -0.214940 0.023510 -0.036337 -0.188879 -0.236132 -0.239487 -0.262468 -0.039790 -0.248076 0.111060 -0.149916 -0.205537 -0.179813 -0.038928 0.007911 -0.017967 -0.022728 0.120774 0.015049 -0.062908 -0.198924 0.120927 0.219110 0.169929 0.206694 -0.051275 -0.048230 -0.109837 -0.143789 -0.008892 -0.007876 -0.037053 -0.150005 -0.248628 -0.287025 -0.132451 -0.080292 0.123158 0.073299 0.147102 -0.274933 -0.079392 -0.301288 0.082604 -0.159661 0.113635 0.260894 -0.022252 0.335567 0.007122 -0.176329 0.023985 -0.097257 -0.023137 -0.040535 0.041382 0.284583 0.053869 0.196243 -0.069224 -0.057812 0.016169 0.127757 0.013115 0.054025 -0.156176 -0.015207 0.058936 -0.031220 -0.054833 0.069334
0.169701 0.375678 0.036330 0.216668 -0.377705 -0.351071 0.017320 0.298080 -0.312681 -0.191256 -0.173757 0.177319 -0.052620 0.210156 -0.153715 -0.179544 0.025677 0.070877 0.306025 1.000000 -0.364406 -0.237211 -0.139733 0.026696 -0.297338 -0.175254 -0.342091 -0.313355 0.103266 0.032592 -0.191143 0.009185 0.213667 0.336300 -0.025605 0.137740 -0.202590 -0.419932 -0.179212 -0.172741 -0.192790 -0.238884 -0.107713 -0.124574 0.094832 0.078659 -0.061001 0.056027 -0.213352 -0.119898 -0.188748 -0.344497 -0.311811 -0.308151 -0.233791 -0.412824 0.013601 0.195920 -0.001260 0.060295 0.024064 0.153332 0.216700 0.005187 0.160759 0.032200 0.265253 0.301827 0.658504 0.657706 0.001620 -0.113880 -0.128595 0.052200 0.173910 0.101415 0.126570 0.046195 0.085735 0.085737 0.180733 0.181391 0.004623 -0.059914 0.174432 0.000916 0.097772 -0.033197 -0.283706 -0.247976 -0.000343 -0.019513 0.190778 0.057996 -0.101173 -0.061968 -0.290565 -0.211737 -0.378445 -0.141291 -0.109671 -0.002524 0.055026 0.228378 0.034553 -0.178944 0.011473 0.079254 -0.123801 -0.229035 -0.146579 -0.151936 0.001282 -0.023028 -0.195458 -0.196624
0.176465 -0.309188 0.241614 -0.039407 0.642105 0.633800 0.207815 -0.234734 0.467888 0.505621 0.320266 -0.092190 0.296277 -0.031445 0.568947 0.546502 -0.064700 -0.101557 0.089688 -0.364406 1.000000 0.311367 0.437354 0.292118 0.621442 0.437050 0.696031 0.593901 -0.075416 -0.191350 0.371905 0.121034 -0.388315 -0.237949 -0.045072 -0.148428 0.209239 0.229329 -0.043814 0.299673 0.234244 0.196555 -0.249691 -0.384899 -0.464979 -0.496869 -0.331507 -0.245407 -0.242126 -0.402596 -0.188658 -0.087484 0.171450 0.016309 0.391086 0.136799 0.006102 -0.330021 -0.274841 -0.319676 -0.089083 -0.157294 -0.106840 -0.082434 -0.086306 -0.094875 -0.562362 -0.303815 -0.249961 -0.345694 0.069609 0.240777 -0.054378 -0.045732 -0.117448 0.087502 -0.030306 -0.033513 -0.251063 -0.185178 -0.248549 -0.121382 0.070580 0.223078 -0.294929 -0.149011 -0.384946 -0.136283 0.441656 0.222071 0.134608 0.071082 0.115250 0.257263 0.325619 0.056961 0.214987 0.209379 0.093596 -0.093955 0.012300 0.116820 -0.148418 0.078390 0.078054 0.390154 -0.246774 -0.065748 0.349558 0.417225 -0.018359 0.110641 -0.025928 0.226023 0.338919 0.310673
-0.033681 -0.170847 0.138756 -0.018510 0.392757 0.274212 0.086090 -0.166623 0.338043 0.123656 0.330709 -0.076894 0.256750 0.110482 0.289046 0.216412 -0.077581 0.054272 0.081920 -0.237211 0.311367 1.000000 0.201312 0.074148 0.186921 0.262466 0.265098 0.444050 0.013585 -0.178713 0.081333 -0.036577 -0.286632 -0.155565 0.011066 -0.188943 0.088196 0.153368 0.229526 0.247070 -0.018885 0.196135 -0.043997 -0.165666 -0.196840 -0.227600 -0.184469 -0.167162 -0.033886 -0.172195 0.106531 -0.018467 0.157081 0.026299 0.222107 -0.025914 0.091270 -0.128300 -0.088686 -0.262503 0.086834 -0.139240 -0.071622 -0.074524 0.044872 -0.064026 -0.209517 -0.069842 -0.098565 -0.120328 -0.096340 0.143405 -0.035659 -0.034069 -0.165438 0.058091 -0.165981 -0.227831 -0.096519 0.023807 -0.072244 0.071012 -0.000882 0.097219 -0.074701 0.053078 -0.012384 0.109312 0.292908 -0.069157 0.023164 -0.012390 -0.040941 -0.046359 0.169599 -0.005831 0.240138 -0.014843 -0.005675 -0.171332 -0.006471 0.011478 -0.204806 -0.308008 -0.152547 0.128098 -0.055102 -0.102707 0.063994 0.062851 0.100004 -0.008074 -0.076934 0.046864 0.031220 0.061168
-0.112630 -0.275884 0.475864 0.090909 0.610462 0.627120 0.318956 -0.224060 0.609864 0.549577 0.209513 -0.141775 0.241910 -0.116482 0.644107 0.550211 -0.149221 -0.021435 0.161403 -0.139733 0.437354 0.201312 1.000000 0.581609 0.604650 0.621277 0.646382 0.475578 -0.080194 -0.136404 0.593750 0.281914 -0.052929 0.006023 -0.169417 -0.170397 0.135425 0.052715 -0.022466 -0.121128 0.173539 0.242441 -0.161746 -0.259920 -0.300434 -0.311221 -0.320898 -0.255160 -0.197273 -0.216054 -0.289677 -0.012179 -0.116635 0.003091 0.219053 -0.136340 -0.193067 -0.235482 -0.315389 -0.327107 -0.375492 -0.125696 -0.268822 -0.124867 -0.026346 0.024818 -0.448903 -0.206857 -0.256875 -0.119092 -0.031353 0.232712 -0.115461 0.049876 -0.033912 0.053122 -0.083146 -0.231820 -0.207048 0.048485 -0.136044 -0.015530 0.154878 0.218780 -0.183490 -0.301081 -0.243706 -0.290652 0.259418 -0.022247 -0.010048 -0.008268 0.030562 0.274515 0.077497 -0.026554 0.226681 0.056370 -0.127435 -0.234467 -0.129570 -0.045128 -0.319818 -0.042921 -0.066486 0.076337 -0.300637 -0.089850 0.206955 0.439704 0.002559 0.139822 0.013192 0.037313 0.075267 0.093558
-0.180721 -0.039884 0.228300 0.468781 0.507260 0.567976 0.122026 0.055601 0.455850 0.611229 0.080843 0.174235 0.198280 0.164075 0.422578 0.580445 -0.122418 0.105685 -0.146066 0.026696 0.292118 0.074148 0.581609 1.000000 0.513816 0.673578 0.512832 0.379007 0.094125 0.107308 0.451674 0.451178 -0.073034 0.120352 -0.122007 -0.032321 0.117682 0.039344 -0.099810 0.037307 0.236804 0.322211 -0.381418 -0.378584 -0.377872 -0.249776 -0.566848 -0.408463 -0.414769 -0.400792 -0.403653 -0.282332 -0.289619 -0.185994 0.022358 -0.277490 -0.070551 -0.262322 -0.265105 -0.346952 -0.230697 0.086576 -0.226953 -0.100811 -0.071446 0.346488 -0.417754 -0.043605 -0.158552 -0.091496 0.012993 0.281908 -0.051935 0.003143 -0.075393 0.009793 -0.270235 -0.230991 -0.011456 0.188614 -0.002355 0.114063 0.212897 0.350022 -0.259718 -0.132616 -0.170712 -0.044460 0.133782 0.036760 0.024770 -0.176234 0.257152 0.152192 -0.067603 0.049813 -0.076345 -0.040587 -0.207435 -0.427642 -0.203836 -0.159960 -0.300062 0.033361 -0.133968 0.089634 -0.199708 -0.184998 0.159364 0.134489 -0.147815 0.017072 -0.058315 0.152732 0.104075 0.172387
-0.050396 -0.245836 0.299923 0.156563 0.648417 0.823385 0.222934 -0.181597 0.512757 0.803415 0.324958 0.065902 0.096191 0.019151 0.625741 0.769517 -0.042591 -0.141357 0.049367 -0.297338 0.621442 0.186921 0.604650 0.513816 1.000000 0.681732 0.811276 0.618709 0.005654 -0.082342 0.627741 0.314113 -0.182805 -0.109962 -0.073123 -0.072669 0.084274 0.190081 -0.089314 0.201166 0.220562 0.317463 -0.307938 -0.434044 -0.502762 -0.400496 -0.383408 -0.441336 -0.386583 -0.502434 -0.305259 -0.120765 -0.153168 0.053855 0.252605 0.089451 -0.200455 -0.425600 -0.504112 -0.521135 -0.361769 -0.170797 -0.241683 -0.229751 -0.152276 0.140061 -0.626587 -0.162952 -0.331661 -0.231311 0.107129 0.342468 -0.069885 -0.088117 -0.114460 0.100714 -0.183448 -0.144986 -0.075627 0.070912 -0.026768 0.037354 0.262159 0.476593 -0.173825 -0.114527 -0.340763 -0.065582 0.323170 0.238221 -0.023288 -0.049510 0.128195 0.275529 0.237114 0.226548 0.324537 0.205878 -0.026641 -0.347097 -0.158085 -0.047551 -0.372940 0.040849 -0.047743 0.279641 -0.254647 -0.158897 0.348819 0.471903 -0.016067 -0.056916 -0.069057 0.238068 0.289193 0.229512
-0.210774 -0.147837 0.190913 0.205057 0.542854 0.779912 -0.004113 -0.210415 0.554722 0.634522 0.186050 0.162396 0.144786 0.137883 0.561095 0.666559 -0.088874 0.114719 -0.239421 -0.175254 0.437050 0.262466 0.621277 0.673578 0.681732 1.000000 0.687246 0.718730 0.007333 0.066160 0.517329 0.317939 -0.187274 -0.048920 0.063393 -0.046018 0.170785 0.168267 0.087737 0.244617 0.240366 0.280497 -0.246221 -0.394589 -0.505716 -0.372627 -0.551467 -0.354600 -0.422287 -0.482248 -0.233872 -0.080958 -0.199689 0.025346 0.137206 -0.088862 -0.013293 -0.174031 -0.421415 -0.556516 -0.302682 -0.178966 -0.196832 -0.176239 0.006596 0.201902 -0.532358 -0.142438 -0.177137 -0.044912 0.015808 0.314892 0.007784 0.021829 0.004430 0.231484 -0.201296 -0.089274 -0.008908 0.245032 -0.004234 0.162270 0.156381 0.336669 -0.196916 0.003854 -0.097236 0.042264 0.188456 0.053316 -0.085738 -0.141101 0.156429 0.123075 0.245288 0.112505 0.205911 0.143459 -0.282635 -0.313852 -0.189768 -0.222411 -0.492515 -0.130583 -0.130875 0.179822 -0.209566 -0.183259 0.301485 0.390884 0.075072 -0.057906 -0.090918 0.100723 0.248810 0.154653
-0.017704 -0.198466 0.280898 0.099135 0.776106 0.891208 0.209240 -0.256042 0.668912 0.776819 0.366616 0.033211 0.263235 0.032179 0.733166 0.821992 -0.075154 0.113514 0.040963 -0.342091 0.696031 0.265098 0.646382 0.512832 0.811276 0.687246 1.000000 0.749566 -0.008321 0.001784 0.570338 0.219380 -0.292952 -0.195704 -0.191158 -0.195184 0.192836 0.241601 -0.094653 0.181188 0.280460 0.259199 -0.295792 -0.482695 -0.596266 -0.560523 -0.489974 -0.329976 -0.391738 -0.532177 -0.312980 -0.141636 -0.048759 0.025104 0.281771 -0.010999 -0.131157 -0.286459 -0.455463 -0.507280 -0.230537 -0.108176 -0.191362 -0.042975 -0.069133 0.037372 -0.652952 -0.338212 -0.252428 -0.200597 0.065785 0.224956 -0.008966 -0.027962 -0.082221 0.159155 -0.160169 -0.187383 -0.200166 0.102046 -0.148180 0.117864 0.165467 0.487870 -0.270481 -0.114956 -0.355173 -0.102136 0.353312 0.227724 -0.028153 -0.005955 0.149614 0.276344 0.252322 0.241521 0.223061 0.249881 -0.130503 -0.330503 -0.184126 0.005800 -0.377820 0.034135 0.003736 0.346864 -0.355561 -0.093775 0.462166 0.434153 0.061735 -0.028185 -0.089199 0.254777 0.356681 0.268107
-0.059830 -0.124834 0.116318 0.051255 0.507543 0.770646 -0.105738 -0.309390 0.434628 0.503639 0.208567 0.183228 0.067577 0.112927 0.657511 0.630421 -0.105875 0.117221 0.000627 -0.313355 0.593901 0.444050 0.475578 0.379007 0.618709 0.718730 0.749566 1.000000 -0.006736 -0.061285 0.440637 0.184757 -0.278383 -0.185967 -0.106072 -0.130492 0.167286 0.338542 0.018156 0.369979 0.161991 0.181322 -0.261012 -0.412913 -0.541261 -0.440234 -0.397043 -0.300463 -0.377688 -0.495059 -0.144971 -0.082616 0.003005 0.099932 0.266695 0.151153 0.055819 -0.109245 -0.428754 -0.547208 -0.179554 -0.236412 -0.135701 -0.064823 0.035318 0.010192 -0.550933 -0.271328 -0.126265 -0.148736 -0.075738 0.136192 0.042350 -0.064573 0.005198 0.145034 -0.182610 -0.143651 -0.050374 0.093126 -0.043002 0.133753 0.209935 0.356643 0.039427 0.154757 -0.207816 0.103076 0.347221 0.245018 -0.124094 -0.097903 0.029993 0.091564 0.293638 0.191113 0.275438 0.228482 -0.116781 -0.178099 -0.195285 -0.089804 -0.387302 -0.127715 -0.102726 0.332000 -0.208822 -0.159473 0.371394 0.382333 0.038915 -0.089580 -0.156104 0.147253 0.431394 0.160073
0.081130 -0.072783 -0.021390 0.070448 0.129733 0.005305 0.058186 -0.027667 -0.000918 0.147982 -0.066067 -0.033930 -0.044931 -0.122183 0.013189 0.182567 0.342785 0.069463 0.056313 0.103266 -0.075416 0.013585 -0.080194 0.094125 0.005654 0.007333 -0.008321 -0.006736 1.000000 0.461636 0.158898 0.259132 0.020950 0.014931 -0.162346 -0.033866 0.196794 0.029662 -0.031650 -0.194009 0.066893 0.198596 -0.187139 -0.096498 0.024871 -0.051715 -0.027958 -0.225369 -0.162248 -0.143252 -0.182624 -0.172625 -0.155315 -0.125674 -0.179251 -0.107105 -0.060268 -0.155123 -0.147106 -0.053078 -0.012918 -0.021035 0.312105 0.045602 -0.216367 -0.076728 0.040978 -0.068033 -0.009625 0.033662 0.082181 0.149331 0.380765 -0.038108 -0.056097 -0.019798 -0.245012 -0.238928 0.208680 0.248636 0.421440 0.351696 0.370944 0.403050 0.142871 0.107345 -0.017450 0.108163 -0.156602 0.033359 -0.168978 -0.223227 0.022537 -0.018157 -0.008564 -0.159984 -0.199726 -0.090812 -0.105746 -0.144028 -0.231978 0.031627 -0.021477 0.220763 -0.057888 -0.047467 -0.142819 -0.157420 -0.120468 -0.108791 -0.275293 0.104704 0.020119 0.132822 -0.034821 0.077182
-0.088030 0.214775 -0.185080 0.149162 -0.066587 -0.055004 -0.131532 0.003463 -0.138888 0.051525 -0.061023 0.200620 -0.093359 0.040019 -0.204986 0.162770 0.230317 0.451539 -0.243191 0.032592 -0.191350 -0.178713 -0.136404 0.107308 -0.082342 0.066160 0.001784 -0.061285 0.461636 1.000000 0.110785 0.257297 0.161957 0.087482 -0.235808 -0.009941 0.297133 0.039298 0.070272 -0.071978 0.320344 0.321995 -0.114351 -0.115983 -0.057009 -0.148906 -0.129372 -0.305969 -0.192446 -0.195492 -0.138285 -0.219909 -0.085813 -0.169453 -0.009389 -0.094117 0.009621 0.136530 -0.034620 -0.112088 0.040203 0.036641 0.199119 0.297479 -0.111285 -0.021809 0.092139 -0.232964 0.048554 -0.007324 0.060244 0.248753 0.550322 0.383553 0.311440 0.145893 -0.044766 0.061189 0.134839 0.466067 0.121087 0.568879 0.021333 0.338035 0.016099 0.246461 -0.024500 0.070670 -0.091717 0.153083 -0.435266 -0.452584 -0.050905 -0.233409 -0.116523 0.038324 -0.079042 0.057907 -0.182870 -0.128554 -0.340014 -0.112303 -0.050343 0.011293 0.067824 -0.109653 -0.094441 -0.035640 0.035688 0.078176 -0.089695 0.104327 0.050723 0.013974 -0.000327 -0.183968
0.004863 -0.267839 0.549258 0.114347 0.496458 0.661284 0.457645 0.140233 0.427035 0.651437 0.257070 0.196250 0.234574 0.229746 0.642576 0.651159 0.031671 -0.042536 0.164715 -0.191143 0.371905 0.081333 0.593750 0.451674 0.627741 0.517329 0.570338 0.440637 0.158898 0.110785 1.000000 0.713488 0.254525 0.343222 -0.058378 0.099077 -0.011421 -0.082784 -0.253961 -0.170863 0.052566 0.237411 -0.488050 -0.442925 -0.313531 -0.203560 -0.385915 -0.505170 -0.328942 -0.423246 -0.282061 -0.185878 -0.195460 -0.130589 0.003871 -0.147259 -0.188855 -0.420263 -0.293897 -0.436895 -0.045504 0.031200 0.057280 0.010047 -0.029417 0.221474 -0.297336 -0.026441 -0.304747 -0.078838 -0.070449 0.219625 0.065293 0.008360 0.077919 0.052365 -0.081195 -0.237292 -0.194091 0.010631 0.003431 0.150561 0.303411 0.497081 0.030973 -0.101598 -0.273867 -0.240902 0.045007 -0.034359 -0.352933 -0.328196 -0.183665 0.013403 -0.018686 0.068664 0.080780 -0.014837 -0.268976 -0.513129 -0.341424 -0.234622 -0.512886 -0.143198 -0.354057 -0.098422 -0.238941 -0.259934 0.262734 0.214988 -0.305163 -0.196233 -0.214749 -0.193512 0.121327 0.013109
-0.053570 -0.104147 0.533969 0.266468 0.211380 0.358369 0.395711 0.528230 0.062679 0.463127 0.105074 0.258035 0.121046 0.391440 0.279176 0.368353 0.105217 0.040839 0.068779 0.009185 0.121034 -0.036577 0.281914 0.451178 0.314113 0.317939 0.219380 0.184757 0.259132 0.257297 0.713488 1.000000 0.333584 0.580831 0.034265 0.278624 -0.059798 -0.158246 -0.363499 -0.216510 -0.000768 0.186117 -0.607942 -0.388376 -0.095555 0.072616 -0.355588 -0.520402 -0.398647 -0.373598 -0.302159 -0.448722 -0.265098 -0.405431 -0.266748 -0.402753 -0.146454 -0.290106 -0.100250 -0.326074 0.223968 0.191093 0.157800 -0.010569 0.145259 0.227550 0.056930 0.265447 -0.128927 0.095025 -0.151302 0.155502 0.150951 0.048869 0.133727 0.071416 -0.162813 -0.164164 0.042949 0.098025 0.064922 0.197585 0.317248 0.426565 0.117671 -0.097856 -0.168026 -0.179343 -0.091753 -0.197612 -0.341785 -0.413658 -0.154236 -0.129108 -0.099772 -0.051844 -0.134465 -0.126706 -0.355689 -0.471252 -0.273762 -0.259277 -0.288017 -0.124015 -0.358652 -0.189484 -0.064534 -0.150388 0.241537 -0.077027 -0.385679 -0.170505 -0.202550 -0.290094 0.009551 0.003275
0.015253 0.170972 0.083427 -0.093399 -0.274106 -0.242355 0.088478 0.312835 -0.275162 -0.147176 -0.246799 0.211873 -0.089520 0.214908 -0.098147 -0.197062 0.140786 -0.085693 0.153974 0.213667 -0.388315 -0.286632 -0.052929 -0.073034 -0.182805 -0.187274 -0.292952 -0.278383 0.020950 0.161957 0.254525 0.333584 1.000000 0.743574 0.015806 0.316863 -0.270147 -0.342549 -0.254809 -0.212853 -0.104242 0.009325 -0.099264 0.079764 0.216650 0.231063 0.063677 -0.105193 0.018897 0.027921 0.045918 -0.065271 -0.109331 -0.082655 -0.319798 -0.165060 -0.009023 0.082727 0.387343 0.220336 0.259273 0.399968 0.227184 0.322762 0.042487 0.213048 0.461465 0.318748 0.105255 0.257608 -0.133860 -0.114082 0.175586 0.121647 0.304834 0.096899 0.191192 0.112938 0.019018 0.006060 0.178981 0.045039 0.100458 0.050420 0.238912 -0.044106 0.144105 -0.113229 -0.396486 -0.266177 -0.431477 -0.405944 -0.440859 -0.412806 -0.332234 -0.117131 -0.275139 -0.199726 -0.097519 -0.287887 -0.238822 -0.383452 -0.222294 -0.300531 -0.294587 -0.542486 0.055637 -0.132039 -0.267932 -0.333439 -0.352756 -0.238768 -0.240152 -0.494025 -0.298852 -0.393334
0.111371 0.176535 0.256826 0.005436 -0.178892 -0.098413 0.264369 0.523362 -0.155568 0.022330 -0.032886 0.365634 0.114350 0.589416 0.016484 -0.069423 0.025648 0.134911 0.113721 0.336300 -0.237949 -0.155565 0.006023 0.120352 -0.109962 -0.048920 -0.195704 -0.185967 0.014931 0.087482 0.343222 0.580831 0.743574 1.000000 0.199584 0.541861 -0.266118 -0.569091 -0.418292 -0.332105 -0.352466 -0.165267 -0.267446 -0.134678 0.238662 0.374108 -0.152478 -0.164774 -0.078957 -0.079672 0.014134 -0.240419 -0.266015 -0.286681 -0.508207 -0.516021 0.060534 0.037505 0.303120 0.002593 0.440580 0.499101 0.189888 0.282161 0.304222 0.418568 0.422362 0.561827 0.147931 0.318301 -0.248575 -0.146684 0.017819 0.041525 0.193278 0.092142 0.073566 -0.026892 0.008887 0.030486 0.032040 0.133715 -0.031763 0.078933 0.160314 -0.197693 -0.035106 -0.249827 -0.338310 -0.503114 -0.464329 -0.440551 -0.412539 -0.420696 -0.350850 -0.190828 -0.315884 -0.356055 -0.380591 -0.459870 -0.206690 -0.447702 -0.264422 -0.406975 -0.479092 -0.502484 0.042220 -0.154348 -0.046194 -0.419023 -0.391738 -0.329330 -0.316790 -0.629652 -0.286125 -0.301936
-0.067342 -0.178890 0.243615 -0.150092 -0.098892 -0.131018 0.162044 0.194266 -0.054621 -0.147881 0.136811 -0.091398 0.128131 0.177283 -0.155031 -0.288507 0.021248 -0.061425 -0.101636 -0.025605 -0.045072 0.011066 -0.169417 -0.122007 -0.073123 0.063393 -0.191158 -0.106072 -0.162346 -0.235808 -0.058378 0.034265 0.015806 0.199584 1.000000 0.433571 -0.138644 -0.177434 0.130189 -0.069199 -0.394639 -0.344187 0.048915 0.076558 0.197290 0.284420 0.084783 0.163004 0.056786 0.096819 0.238802 -0.019146 -0.100622 -0.129006 -0.122241 -0.189892 -0.024070 -0.100468 0.114205 -0.009615 0.091759 0.012745 0.118122 -0.213712 0.299040 0.133978 0.262896 0.472589 -0.098946 0.015158 0.100882 0.001778 -0.095315 -0.162128 -0.174993 0.013144 0.153227 0.187644 -0.006067 -0.063687 -0.148655 -0.134044 -0.228290 -0.351867 -0.056140 -0.087489 0.160344 -0.071570 -0.131786 -0.355206 0.062182 0.113947 -0.090393 -0.076514 0.046828 -0.233512 0.024391 -0.185026 -0.143114 -0.069007 0.221169 -0.112061 0.047103 -0.253704 -0.200484 -0.161915 0.182966 -0.020512 -0.049640 -0.127845 0.217144 -0.277760 -0.241744 -0.219940 -0.149670 -0.039383
0.015438 -0.066528 0.101298 -0.129688 -0.221223 -0.148547 0.122927 0.374738 -0.267980 -0.062243 0.057463 0.215332 0.000178 0.430725 -0.145599 -0.202172 0.032620 0.067078 -0.030868 0.137740 -0.148428 -0.188943 -0.170397 -0.032321 -0.072669 -0.046018 -0.195184 -0.130492 -0.033866 -0.009941 0.099077 0.278624 0.316863 0.541861 0.433571 1.000000 -0.141603 -0.321781 -0.189773 -0.151879 -0.293172 -0.174630 -0.135959 -0.140504 0.362384 0.453800 0.090595 -0.043710 0.041090 0.030641 0.173699 -0.118965 -0.288674 -0.187154 -0.448015 -0.303050 -0.011845 -0.097370 0.114216 -0.169688 0.283051 0.185858 0.224162 -0.027718 0.261032 0.371241 0.380079 0.632006 -0.093597 0.234639 -0.032561 -0.175109 0.036735 -0.087095 -0.111695 -0.060969 -0.010798 0.113473 0.035604 -0.014963 -0.078913 0.043663 -0.118438 -0.111880 0.010420 -0.138097 -0.032248 -0.260862 -0.316272 -0.385851 -0.230021 -0.071517 -0.138426 -0.138188 -0.023427 -0.038475 -0.066309 -0.075904 -0.243436 -0.157227 0.056029 -0.221177 -0.067432 -0.253860 -0.224573 -0.274409 0.039755 -0.026500 -0.086710 -0.226797 -0.107164 -0.160384 -0.303174 -0.332047 -0.098320 -0.073154
