1.000000 0.584375 0.222336 0.116491 -0.120548 -0.007935 0.291472 -0.058870 -0.212464 -0.293834 0.469012 -0.064907 0.077215 -0.324469 -0.037289 -0.340494 0.438422 0.248204 0.660679 0.594734 0.009512 -0.016166 -0.052776 -0.030301 -0.021278 -0.043505 -0.169749 0.005541 0.367028 0.204189 -0.056597 0.023674 0.557215 0.532543 0.032500 -0.043082 0.348124 0.215457 0.079258 0.195101 0.329830 0.239300 -0.545146 -0.353142 -0.408231 -0.387699 -0.488742 -0.396882 -0.472280 -0.400609 -0.510445 -0.528153 -0.397394 -0.558902 -0.046679 -0.212646 0.640791 0.519383 -0.218600 -0.275003 -0.070380 -0.153841 0.284498 0.346223 -0.260196 -0.489196 -0.442849 -0.411871 0.312656 -0.032294 0.003743 0.140212 0.306492 0.245631 0.217186 0.418148 0.553805 0.502817 0.427052 0.340627 0.390580 0.459452 0.362969 0.230515 0.135846 -0.067680 -0.086314 0.116771 0.060360 0.187535 -0.247568 -0.252504 -0.447585 -0.304175 0.061396 0.014052 0.033863 -0.266481 -0.248858 -0.332737 -0.194075 -0.066935 -0.087232 -0.100494 -0.096986 -0.078309 -0.018287 0.067262 0.000199 -0.028180 -0.093673 -0.452068 -0.536685 -0.277046 -0.106321 -0.098868
0.584375 1.000000 0.064868 0.050956 -0.404595 -0.094818 0.099372 -0.092645 -0.136971 -0.303867 0.372811 0.081069 -0.094683 -0.216163 -0.035830 -0.192437 0.290092 0.412392 0.440472 0.672549 -0.178038 -0.187320 -0.248986 -0.127223 -0.270649 -0.191844 -0.215383 -0.020805 -0.012255 0.172194 -0.221353 -0.231095 0.354990 0.421768 0.184185 0.122540 0.314452 0.322497 0.192403 0.140306 0.171203 0.233702 -0.551159 -0.365170 -0.464220 -0.425008 -0.384719 -0.214278 -0.570511 -0.576322 -0.615694 -0.635564 -0.308184 -0.563323 -0.012630 -0.206764 0.270096 0.764756 -0.086758 -0.185788 0.169757 -0.046110 0.138745 0.536555 -0.087351 -0.467026 -0.362815 -0.277649 0.311380 0.191958 -0.275367 0.001674 0.142942 0.108290 0.120252 0.270857 0.469047 0.410797 0.200819 0.373771 0.315686 0.362897 0.192627 0.135367 0.198215 -0.145312 -0.167859 0.117319 0.157082 0.320117 -0.020237 -0.080269 -0.309009 -0.235321 0.337959 0.096300 0.147229 -0.095554 -0.007921 -0.190303 -0.000569 -0.068238 0.047626 -0.055627 0.041684 0.125796 0.055911 0.148176 0.090489 0.132732 -0.015353 -0.333195 -0.401925 -0.249757 -0.042480 0.049785
0.222336 0.064868 1.000000 0.742830 0.088182 0.282171 0.675899 0.619560 0.263357 0.191263 0.341324 0.161797 0.305608 0.006247 0.174896 0.119884 -0.031036 0.082572 0.394457 0.281438 -0.030462 0.188549 0.681441 0.700233 0.111518 0.182085 -0.034381 0.183052 0.119083 -0.106552 0.289531 0.315755 0.223890 0.379597 -0.093001 -0.281495 -0.063396 -0.322286 -0.153712 0.041151 -0.001905 -0.035337 -0.373619 -0.368347 -0.260553 -0.368148 -0.333700 -0.408593 -0.228075 -0.282864 -0.256337 -0.331916 -0.299049 -0.328614 -0.414811 -0.502859 -0.099978 -0.100819 -0.074732 -0.117864 -0.078215 -0.023158 -0.172736 -0.101732 -0.048067 -0.099269 -0.077492 -0.080201 -0.089744 -0.013674 0.158938 0.168880 0.089412 -0.049120 -0.003347 -0.041206 0.043595 0.068376 -0.088777 -0.233015 -0.206805 -0.314054 0.183998 0.010840 -0.338967 -0.452308 -0.262359 -0.385239 -0.162851 -0.171211 -0.045275 -0.173370 -0.002239 0.006644 -0.253335 -0.320319 -0.277126 -0.303087 -0.368498 -0.498884 -0.098716 -0.137521 -0.091450 -0.142827 -0.075637 0.069108 0.161657 0.006281 -0.102697 -0.149301 -0.111942 -0.292256 -0.423467 -0.339930 0.041242 -0.118115
0.116491 0.050956 0.742830 1.000000 0.011866 0.304150 0.498650 0.652344 0.216745 0.218838 0.287367 0.153091 0.125213 0.002237 0.161224 0.202846 -0.175356 -0.014927 0.312392 0.265992 0.084660 0.118920 0.674126 0.777449 -0.027910 0.265416 0.030897 0.326013 -0.044602 -0.248347 0.211291 0.278488 0.121539 0.277737 -0.086424 -0.173689 -0.103753 -0.244710 -0.064565 0.147959 -0.023043 0.070484 -0.382338 -0.330378 -0.278485 -0.311405 -0.318831 -0.354517 -0.261505 -0.307812 -0.184093 -0.299001 -0.317524 -0.308732 -0.349178 -0.397727 -0.198231 -0.152244 -0.100678 -0.105613 -0.199901 -0.062106 -0.392999 -0.201041 -0.030616 0.114600 -0.024270 0.113707 -0.146183 0.030767 0.075866 0.026452 -0.067166 -0.102963 -0.044611 -0.081498 -0.023158 -0.047848 -0.148255 -0.341003 -0.289707 -0.363151 0.090503 0.038734 -0.363040 -0.256984 -0.324795 -0.187958 -0.109994 0.000518 -0.038998 -0.173736 0.227955 0.089667 -0.089583 -0.235080 -0.236870 -0.186911 -0.301775 -0.461767 -0.055958 -0.043944 -0.028636 -0.024662 0.007125 0.198088 0.162882 0.095982 -0.054368 -0.029475 -0.134191 -0.299992 -0.447810 -0.218312 0.120003 -0.032787
-0.120548 -0.404595 0.088182 0.011866 1.000000 0.447358 0.257379 0.230303 0.468892 0.571619 -0.014626 -0.178897 0.354125 0.141277 0.296595 0.353430 0.003093 -0.418283 -0.088881 -0.076202 0.253926 0.048912 0.060427 -0.085436 0.500286 0.306595 0.451738 0.098864 0.340269 0.012533 0.192897 0.190985 -0.285632 -0.372386 -0.379194 -0.141709 -0.110018 -0.308715 0.050495 -0.167662 0.207120 -0.142423 0.158424 -0.004738 0.230584 0.223538 -0.055974 -0.036887 0.317565 0.319168 0.273785 0.249969 0.061793 0.077059 -0.069109 -0.073784 -0.112120 -0.361404 -0.163364 0.050210 -0.403723 -0.244495 -0.028181 -0.457970 -0.023176 0.044475 -0.011938 -0.018273 -0.068553 -0.079281 0.226942 -0.186848 0.015513 0.041152 -0.006762 -0.093279 -0.245273 -0.301150 -0.051701 -0.297444 -0.059041 -0.180915 0.324460 0.152183 0.046096 -0.113261 0.279603 -0.085933 0.204485 -0.469338 0.193519 0.103991 0.034512 0.034827 -0.356319 -0.261005 -0.290529 -0.331407 -0.054085 -0.146379 -0.100404 -0.056749 -0.189188 0.028796 -0.181252 -0.099233 -0.082822 -0.106948 -0.240047 -0.398844 -0.192460 -0.025566 0.039796 -0.036992 -0.108667 -0.317706
-0.007935 -0.094818 0.282171 0.304150 0.447358 1.000000 0.435441 0.319854 0.338738 0.702432 0.026387 -0.100748 0.296516 0.032059 0.206217 0.343350 -0.086628 -0.272645 -0.065789 -0.044894 0.178211 0.313242 0.113565 0.298390 0.337834 0.369515 0.264268 0.461426 0.076541 -0.024559 0.105400 0.128442 -0.134265 -0.094187 -0.247099 -0.115548 -0.207670 -0.318256 -0.123051 -0.151375 0.035291 -0.129144 0.037882 -0.044676 0.203795 0.145960 -0.099114 -0.137216 0.213821 0.205766 0.188659 0.150877 0.031945 -0.062093 -0.374898 -0.316446 -0.178282 -0.165078 -0.050433 -0.074721 -0.163673 -0.050335 -0.099004 -0.108628 0.018677 0.150155 -0.018211 -0.023090 -0.139599 -0.102345 0.130254 -0.111408 -0.177472 -0.040798 -0.165164 -0.187931 -0.172780 -0.190498 -0.031320 -0.151148 -0.142466 -0.204893 0.228474 0.085476 -0.233072 -0.160468 0.060720 -0.226073 0.017499 -0.277817 0.044846 -0.073650 -0.039073 -0.265499 -0.383446 -0.279929 -0.395968 -0.399749 -0.292757 -0.341415 -0.187263 -0.285951 -0.218027 -0.200110 -0.215039 -0.064376 -0.102296 0.004413 -0.253383 -0.434877 -0.136238 -0.180426 -0.135308 -0.295292 -0.213858 -0.468788
0.291472 0.099372 0.675899 0.498650 0.257379 0.435441 1.000000 0.728660 0.130634 0.309793 0.552613 0.448376 0.598704 0.346572 0.284516 0.200609 0.132723 0.102829 0.080408 0.050230 0.211520 0.230626 0.423575 0.477051 0.034187 0.280801 0.154672 0.231590 0.287553 0.163903 0.390483 0.466316 0.232452 0.430696 -0.056419 -0.066610 0.061095 -0.293850 -0.064227 0.008687 0.189612 0.123298 -0.324104 -0.334790 -0.202530 -0.268197 -0.368428 -0.503136 -0.218460 -0.250522 -0.264535 -0.282417 -0.344995 -0.403394 -0.270567 -0.416262 -0.106478 -0.116845 -0.217538 -0.319377 0.036450 -0.042153 0.011277 0.073639 0.142535 0.006836 -0.242041 -0.285531 -0.428132 -0.279088 0.263561 0.362940 0.239010 0.246379 0.203878 0.171448 0.208104 0.211225 0.128211 -0.109733 -0.027145 -0.128329 0.189154 0.122591 -0.082208 -0.243458 -0.034169 -0.260814 0.065989 -0.203689 -0.233499 -0.372077 -0.301311 -0.381208 -0.415121 -0.223647 -0.206329 -0.376938 -0.512339 -0.641225 -0.428698 -0.419141 -0.464977 -0.494721 -0.376835 -0.309328 -0.079653 -0.029779 -0.167937 -0.332429 -0.307115 -0.472913 -0.443663 -0.504527 -0.292029 -0.295296
-0.058870 -0.092645 0.619560 0.652344 0.230303 0.319854 0.728660 1.000000 0.252151 0.456468 0.285061 0.503216 0.337733 0.505742 0.315588 0.435828 -0.194545 0.016007 -0.128133 -0.094242 0.204582 0.264107 0.483149 0.521683 0.048978 0.295662 0.151777 0.251130 0.102233 0.029144 0.341569 0.474530 -0.064105 0.147998 -0.086097 -0.108998 -0.123689 -0.407219 -0.104001 0.014890 0.031821 0.098533 -0.241658 -0.334544 -0.227554 -0.328271 -0.204296 -0.376059 -0.225647 -0.267512 -0.091045 -0.219678 -0.187620 -0.235803 -0.163542 -0.380380 -0.393763 -0.395011 -0.191545 -0.221178 -0.059535 -0.005249 -0.207829 -0.191883 0.286099 0.246534 -0.124944 -0.075680 -0.441357 -0.255344 0.219604 0.195995 0.019850 0.114098 0.122187 0.021256 -0.054367 -0.028872 -0.185536 -0.348482 -0.280994 -0.364539 0.074553 0.179052 -0.108957 -0.196313 -0.280022 -0.228220 0.117593 -0.201255 0.025060 -0.127951 0.144456 -0.046581 -0.327399 -0.153255 -0.242688 -0.245021 -0.270662 -0.488138 -0.313922 -0.293949 -0.360545 -0.347987 -0.256551 -0.191159 -0.156042 -0.076317 -0.185828 -0.174471 -0.277416 -0.287457 -0.263094 -0.314748 -0.110580 -0.143243
-0.212464 -0.136971 0.263357 0.216745 0.468892 0.338738 0.130634 0.252151 1.000000 0.560514 -0.128038 -0.032947 0.172443 0.085403 0.585200 0.551556 -0.035571 -0.222358 0.016573 0.079098 -0.319568 -0.115487 0.116710 0.065234 0.545889 0.251954 0.010930 0.149673 0.073137 -0.107273 0.237330 0.125574 -0.228747 -0.264973 -0.341752 -0.260942 -0.159675 -0.514091 0.032664 -0.304002 0.058173 -0.188542 0.108839 -0.063224 0.120228 0.058875 -0.099967 -0.067439 0.120884 0.051118 0.056596 0.158306 0.143982 0.152697 -0.159923 -0.263451 -0.131552 -0.235512 -0.110979 -0.039224 -0.122448 -0.045486 -0.197809 -0.346631 0.241685 0.107745 -0.075004 -0.031801 0.035405 0.001137 0.169518 -0.163116 0.072210 -0.151292 -0.025497 -0.248235 -0.253418 -0.360441 -0.276046 -0.386988 -0.046588 -0.388250 0.371471 0.118396 0.030506 -0.248462 0.109198 -0.323600 0.154988 -0.428123 0.229858 0.178663 0.229307 0.129387 -0.194890 -0.270787 -0.514996 -0.226350 -0.104017 -0.131567 -0.037596 -0.042813 -0.069101 0.029357 -0.201204 0.057028 -0.001955 0.114002 -0.110592 -0.409675 -0.174725 0.047564 -0.063653 -0.089155 0.101036 -0.239292
-0.293834 -0.303867 0.191263 0.218838 0.571619 0.702432 0.309793 0.456468 0.560514 1.000000 -0.226638 -0.033132 0.181705 0.162340 0.309319 0.526302 -0.245400 -0.307944 -0.233840 -0.176490 -0.031459 0.095882 -0.001092 0.041790 0.344468 0.335927 0.253440 0.300188 -0.046465 -0.040034 0.029137 0.029161 -0.340678 -0.364477 -0.261103 -0.134942 -0.310998 -0.418791 -0.041335 -0.231107 -0.052292 -0.172200 0.203989 -0.065270 0.211420 0.085637 0.077183 -0.035599 0.248537 0.189229 0.285843 0.218944 0.293325 0.157355 -0.075694 -0.289465 -0.351751 -0.374245 0.013293 0.050087 -0.100496 0.057682 -0.152758 -0.302209 0.271942 0.288122 0.136136 0.130990 -0.118011 0.025528 0.046020 -0.271663 -0.222995 -0.128502 -0.250013 -0.285760 -0.383996 -0.401841 -0.229287 -0.319847 -0.230672 -0.320576 0.119615 0.099518 -0.119256 -0.239438 0.102865 -0.297707 0.280488 -0.427928 0.264688 0.153136 0.262658 -0.044368 -0.339589 -0.252420 -0.390846 -0.254987 -0.104103 -0.177249 -0.076024 -0.258655 -0.189844 -0.149036 -0.247692 -0.018380 -0.150945 -0.039926 -0.196769 -0.419183 -0.149124 0.024155 0.098680 -0.173971 0.026290 -0.357073
0.469012 0.372811 0.341324 0.287367 -0.014626 0.026387 0.552613 0.285061 -0.128038 -0.226638 1.000000 0.469153 0.586700 0.213522 0.365367 0.107144 0.390150 0.373784 0.242826 0.215352 0.279869 0.087392 0.306944 0.291750 -0.107825 0.226505 0.104109 0.238396 0.460843 0.276492 0.359758 0.456683 0.219359 0.440449 0.210315 -0.077268 0.442512 0.088432 0.133124 0.205325 0.302891 0.364841 -0.555161 -0.484164 -0.479630 -0.422200 -0.581790 -0.611371 -0.386334 -0.494781 -0.352061 -0.493234 -0.546311 -0.447253 -0.105804 -0.211172 0.148350 0.283730 -0.310739 -0.492431 -0.004074 -0.082557 0.042664 0.244755 0.001390 -0.193395 -0.470364 -0.382555 -0.289602 -0.410848 0.209413 0.469743 0.357558 0.497181 0.476669 0.559216 0.553508 0.532788 0.281711 0.130471 0.117605 0.124268 0.341889 0.190907 0.157933 -0.001334 -0.036363 0.163812 0.028396 0.118086 -0.358106 -0.291827 -0.394079 -0.286431 -0.138867 -0.137447 0.075029 -0.251213 -0.299966 -0.467528 -0.400320 -0.248576 -0.388729 -0.352773 -0.319893 -0.301078 -0.063975 0.037525 -0.027311 -0.138813 -0.358112 -0.563432 -0.467682 -0.243257 -0.228909 -0.098054
-0.064907 0.081069 0.161797 0.153091 -0.178897 -0.100748 0.448376 0.503216 -0.032947 -0.033132 0.469153 1.000000 0.361415 0.702467 0.385159 0.323063 0.013705 0.493993 -0.230750 -0.331577 0.110739 0.152649 0.248855 0.217301 -0.214435 0.130325 0.043894 0.073543 0.157637 0.404378 0.481618 0.519109 0.079988 0.321691 0.145953 0.019525 0.177545 -0.102954 0.018128 0.028138 0.126645 0.355196 -0.044787 -0.112038 -0.181920 -0.278390 -0.105010 -0.321447 -0.192384 -0.298543 -0.137347 -0.139871 -0.149616 -0.047192 0.071352 -0.106579 -0.202586 -0.104633 -0.123244 -0.326559 0.322470 0.121023 0.085934 0.232205 0.365052 0.120758 -0.172155 -0.268056 -0.575598 -0.518563 0.248049 0.582194 0.346551 0.472780 0.437716 0.352796 0.284120 0.314482 -0.145602 0.013431 -0.118123 -0.114580 -0.114980 0.191393 0.075070 0.078636 -0.094463 -0.077934 -0.053569 -0.147988 -0.337816 -0.360844 -0.243745 -0.360484 -0.123264 0.015717 0.100457 -0.069398 -0.281276 -0.314764 -0.526422 -0.486042 -0.499693 -0.630420 -0.372705 -0.484950 -0.177382 -0.118079 -0.005985 -0.116415 -0.302803 -0.357820 -0.163107 -0.123529 -0.307647 -0.106148
0.077215 -0.094683 0.305608 0.125213 0.354125 0.296516 0.598704 0.337733 0.172443 0.181705 0.586700 0.361415 1.000000 0.493069 0.407114 0.403980 0.307365 0.150794 -0.047607 -0.184297 0.287789 0.178312 0.207350 0.237581 0.194265 0.329468 0.031855 0.097726 0.510626 0.317649 0.492279 0.496465 0.068623 0.162348 -0.054288 -0.120225 0.163442 -0.186168 -0.117410 -0.073077 0.314191 0.154466 -0.153084 -0.220844 -0.033256 -0.045500 -0.360301 -0.430370 0.142097 -0.055889 -0.008126 -0.112147 -0.196072 -0.164378 -0.205050 -0.232185 -0.076569 -0.066430 -0.182085 -0.246646 -0.037402 0.015300 0.147941 0.033657 -0.003611 0.051757 -0.270549 -0.336605 -0.429102 -0.485069 0.434481 0.406566 0.365962 0.385731 0.385600 0.326568 0.241867 0.265822 0.121893 0.030214 0.022951 -0.036984 0.208590 0.105066 -0.076672 -0.131131 0.049457 -0.125759 -0.038175 -0.248024 -0.366376 -0.352093 -0.361681 -0.301185 -0.335773 -0.185909 -0.051486 -0.274579 -0.343515 -0.464945 -0.430545 -0.262020 -0.504535 -0.394178 -0.420968 -0.450642 -0.083056 -0.039346 -0.090900 -0.445071 -0.404090 -0.322203 -0.205961 -0.216348 -0.374095 -0.236857
-0.324469 -0.216163 0.006247 0.002237 0.141277 0.032059 0.346572 0.505742 0.085403 0.162340 0.213522 0.702467 0.493069 1.000000 0.351384 0.579082 -0.055787 0.248424 -0.450778 -0.560899 0.319936 0.325178 0.207145 0.200981 0.105190 0.373480 0.176018 0.117987 0.232814 0.402994 0.544661 0.605760 -0.158465 -0.005479 0.005844 0.042080 -0.127682 -0.212648 -0.193053 -0.124454 0.034090 0.160294 0.201091 0.078556 0.079676 0.034452 0.066505 -0.118618 0.105659 0.025875 0.170201 0.108114 0.057842 0.094384 0.044684 -0.018142 -0.379989 -0.369573 -0.172688 -0.204494 0.101893 0.043251 0.056445 -0.006501 0.235732 0.218576 -0.170988 -0.238140 -0.582640 -0.551729 0.374490 0.537136 0.198958 0.405429 0.360405 0.243941 0.006532 0.060919 -0.158802 -0.077178 -0.201546 -0.173540 -0.138434 0.175389 0.018059 0.000406 -0.071220 -0.037768 -0.060217 -0.235622 -0.194467 -0.271297 -0.126366 -0.223517 -0.243476 -0.045846 0.022235 -0.095476 -0.133348 -0.235868 -0.499053 -0.345578 -0.547207 -0.517624 -0.423878 -0.602681 -0.244224 -0.235085 -0.192084 -0.224639 -0.272371 -0.127853 0.047011 -0.030242 -0.342372 -0.136877
-0.037289 -0.035830 0.174896 0.161224 0.296595 0.206217 0.284516 0.315588 0.585200 0.309319 0.365367 0.385159 0.407114 0.351384 1.000000 0.603589 -0.006169 0.027772 -0.042055 -0.054104 -0.062386 0.025595 0.211634 0.117464 0.320248 0.322427 0.060591 0.194235 0.269469 0.155773 0.424238 0.447821 -0.289734 -0.149581 -0.038619 -0.251598 0.154301 -0.405226 0.207070 -0.190630 0.219711 0.045845 -0.034641 -0.341359 -0.139549 -0.198762 -0.272758 -0.279303 -0.017148 -0.196152 0.005932 -0.025459 -0.103959 0.067443 -0.020218 -0.252665 -0.117142 -0.168980 -0.203118 -0.347866 0.048489 -0.113863 -0.070635 -0.187172 0.337250 -0.006396 -0.328851 -0.267895 -0.219594 -0.357661 0.393868 0.185295 0.286970 0.224660 0.265155 0.152359 0.100749 0.066744 -0.268735 -0.254279 -0.010362 -0.325952 0.460039 0.206405 0.207454 -0.119528 0.200371 -0.111293 0.235313 -0.219596 0.073796 0.068666 0.049140 -0.037772 -0.247519 -0.183696 -0.274877 -0.230505 -0.143091 -0.203995 -0.226554 -0.195858 -0.197618 -0.238853 -0.354248 -0.263742 -0.269427 -0.021837 -0.133369 -0.345449 -0.288143 -0.168915 -0.124796 0.024346 -0.137493 -0.249223
-0.340494 -0.192437 0.119884 0.202846 0.353430 0.343350 0.200609 0.435828 0.551556 0.526302 0.107144 0.323063 0.403980 0.579082 0.603589 1.000000 -0.196360 0.031319 -0.304196 -0.300593 0.086765 0.106682 0.153547 0.253687 0.329049 0.411196 0.148397 0.274660 0.195056 0.204373 0.403626 0.408006 -0.408658 -0.300256 -0.173930 -0.178558 -0.134099 -0.360168 -0.055110 -0.149377 0.128182 0.005803 0.095812 -0.146679 0.014682 -0.010724 -0.074621 -0.118381 0.205420 0.019656 0.261116 0.129030 0.200985 0.254857 -0.113461 -0.134597 -0.368107 -0.304713 -0.125565 -0.126475 -0.106776 -0.030091 -0.260030 -0.329120 0.221408 0.242140 -0.156072 -0.039883 -0.266485 -0.321934 0.268998 0.154027 -0.011083 0.194793 0.165828 0.070627 -0.167450 -0.153491 -0.330136 -0.286876 -0.332182 -0.367918 0.266660 0.264225 -0.030133 -0.205503 -0.048213 -0.129207 0.034987 -0.244014 0.180646 0.023517 0.158680 -0.001141 -0.307046 -0.202880 -0.309904 -0.251386 -0.052813 -0.216166 -0.340141 -0.219113 -0.423981 -0.239445 -0.379626 -0.268491 -0.193338 -0.113062 -0.227765 -0.310530 -0.423649 -0.095835 0.020764 0.024472 -0.137524 -0.213160
0.438422 0.290092 -0.031036 -0.175356 0.003093 -0.086628 0.132723 -0.194545 -0.035571 -0.245400 0.390150 0.013705 0.307365 -0.055787 -0.006169 -0.196360 1.000000 0.247799 0.342657 0.322672 0.065142 0.002864 -0.132607 -0.169539 0.024746 -0.004597 -0.046194 -0.113270 0.669185 0.451520 0.207469 0.134513 0.513899 0.389266 -0.098273 -0.021618 0.528162 0.267746 0.196560 0.114974 0.468980 0.321123 -0.354596 -0.229971 -0.306014 -0.284588 -0.408292 -0.426450 -0.363006 -0.355834 -0.427673 -0.421411 -0.341443 -0.414830 0.047908 -0.102823 0.483670 0.415528 -0.264476 -0.317635 -0.053776 -0.054862 0.431646 0.268281 -0.167119 -0.374063 -0.372840 -0.539764 0.046444 -0.217078 0.288182 0.312330 0.670167 0.501575 0.578594 0.483281 0.580732 0.459234 0.735479 0.456901 0.704413 0.567339 0.246125 0.208818 0.424949 0.147888 0.218530 0.207411 0.160513 -0.071615 -0.480606 -0.326677 -0.536059 -0.356896 -0.092551 0.142534 0.037905 -0.321646 -0.220948 -0.279071 -0.257078 -0.031849 -0.219957 -0.189763 -0.300185 -0.310139 0.053158 -0.094132 0.170716 -0.125122 -0.237085 -0.353891 -0.363647 -0.343956 -0.231459 -0.125964
0.248204 0.412392 0.082572 -0.014927 -0.418283 -0.272645 0.102829 0.016007 -0.222358 -0.307944 0.373784 0.493993 0.150794 0.248424 0.027772 0.031319 0.247799 1.000000 0.243125 0.056331 0.109495 0.071721 0.067375 0.046474 -0.183983 0.024863 -0.210334 -0.043752 0.196481 0.616808 0.196433 0.210411 0.354919 0.453647 0.208143 0.027515 0.322057 0.320774 0.030372 0.206048 0.278163 0.559831 -0.243910 -0.171026 -0.362315 -0.404831 -0.218424 -0.265858 -0.381666 -0.441356 -0.270200 -0.405928 -0.132089 -0.135614 -0.018092 -0.110993 0.102429 0.388421 -0.200514 -0.265106 0.142201 0.122903 0.243239 0.600948 -0.079823 -0.228334 -0.341639 -0.336632 -0.108253 -0.196436 -0.042879 0.434588 0.325063 0.544795 0.448536 0.533300 0.482056 0.510097 0.142211 0.566901 0.051340 0.401483 0.098750 0.249177 -0.047642 -0.059040 -0.145127 -0.011105 -0.183624 0.185510 -0.363475 -0.344333 -0.410976 -0.364473 0.193752 0.135520 0.320220 0.065031 -0.088515 -0.198486 -0.299495 -0.307979 -0.290975 -0.453367 -0.262798 -0.312645 -0.085435 -0.116666 0.162387 0.063413 -0.090655 -0.273018 -0.146230 -0.084370 -0.167104 0.080671
0.660679 0.440472 0.394457 0.312392 -0.088881 -0.065789 0.080408 -0.128133 0.016573 -0.233840 0.242826 -0.230750 -0.047607 -0.450778 -0.042055 -0.304196 0.342657 0.243125 1.000000 0.702198 -0.101023 -0.065420 0.168570 0.098309 0.071709 -0.072068 -0.230095 -0.045173 0.222474 0.080390 0.023166 -0.055357 0.538879 0.437883 -0.199971 -0.239101 0.238014 0.169346 0.063626 0.240138 0.196974 0.219197 -0.498662 -0.306981 -0.306548 -0.332321 -0.431421 -0.321949 -0.358772 -0.333031 -0.515853 -0.474790 -0.353646 -0.389375 -0.131618 -0.200514 0.476855 0.450357 -0.108897 -0.032972 -0.154291 -0.084239 0.075401 0.189351 -0.391629 -0.458722 -0.219826 -0.213482 0.462723 0.182526 -0.101721 -0.059504 0.279726 0.067327 0.088218 0.121930 0.292429 0.204768 0.195948 0.204412 0.224137 0.239726 0.313098 0.123283 -0.090851 -0.240870 -0.028052 -0.043590 -0.101647 0.075863 -0.177978 -0.122965 -0.210449 0.015931 0.167674 -0.002764 0.001064 -0.252911 -0.178695 -0.195367 0.189495 0.216458 0.257490 0.199302 0.140463 0.177232 0.193634 0.078555 0.120872 -0.057148 -0.005373 -0.268386 -0.454720 -0.103286 0.091319 -0.024633
0.594734 0.672549 0.281438 0.265992 -0.076202 -0.044894 0.050230 -0.094242 0.079098 -0.176490 0.215352 -0.331577 -0.184297 -0.560899 -0.054104 -0.300593 0.322672 0.056331 0.702198 1.000000 -0.169803 -0.274607 -0.138613 -0.067751 -0.054061 -0.204418 -0.123119 -0.010732 0.057521 -0.112756 -0.301227 -0.305958 0.319629 0.281650 -0.069293 -0.002589 0.261949 0.157499 0.271600 0.165361 0.214606 0.041051 -0.593333 -0.443362 -0.466927 -0.394836 -0.419740 -0.226846 -0.568657 -0.508657 -0.545588 -0.628816 -0.308805 -0.550737 -0.109742 -0.312797 0.364509 0.513562 -0.124597 -0.091682 -0.170945 -0.256881 0.001481 0.072643 -0.233371 -0.507393 -0.228158 -0.034610 0.540994 0.481757 -0.197547 -0.268532 0.066188 -0.132739 -0.060969 0.107804 0.274871 0.130571 0.256731 0.108966 0.371725 0.251290 0.375397 0.244835 0.221364 -0.182671 -0.121812 0.108262 0.237817 0.218468 0.113613 0.090412 -0.052895 0.046791 0.176848 -0.090226 -0.002938 -0.243899 0.016290 -0.146348 0.228161 0.159662 0.284502 0.265605 0.148682 0.353754 0.221965 0.154404 0.028365 0.066025 0.111374 -0.255556 -0.460009 -0.232548 0.158282 0.086055
0.009512 -0.178038 -0.030462 0.084660 0.253926 0.178211 0.211520 0.204582 -0.319568 -0.031459 0.279869 0.110739 0.287789 0.319936 -0.062386 0.086765 0.065142 0.109495 -0.101023 -0.169803 1.000000 0.487304 0.215135 0.213243 0.093364 0.310904 0.582270 0.241504 0.362553 0.332571 0.261335 0.385909 -0.022261 0.002591 -0.170300 0.012388 0.027286 0.026212 -0.045513 0.261997 0.158024 0.269372 -0.103366 -0.058097 -0.107218 -0.020413 -0.145539 -0.107544 -0.086935 0.015665 0.174682 -0.053385 -0.202438 -0.104106 -0.124710 -0.018203 -0.099772 -0.144009 -0.289473 -0.190502 -0.357861 -0.237493 0.064553 -0.109696 -0.191758 -0.047806 -0.148112 -0.065463 -0.309975 -0.236098 0.242505 0.169745 -0.012509 0.368366 0.233763 0.197456 -0.002153 0.003600 0.272963 0.144364 -0.068877 0.191340 0.012269 0.301701 -0.007003 0.240672 0.087074 0.231893 -0.063855 0.101045 -0.161050 -0.195043 -0.194671 -0.155867 -0.123654 -0.004249 0.167123 -0.184077 -0.014597 -0.176951 -0.246542 -0.109233 -0.186702 -0.191020 -0.150112 -0.295164 -0.094432 -0.177125 -0.040012 0.023676 -0.122166 -0.148019 -0.006126 -0.047499 -0.263996 -0.057845
-0.016166 -0.187320 0.188549 0.118920 0.048912 0.313242 0.230626 0.264107 -0.115487 0.095882 0.087392 0.152649 0.178312 0.325178 0.025595 0.106682 0.002864 0.071721 -0.065420 -0.274607 0.487304 1.000000 0.271047 0.344044 0.258026 0.185799 0.279376 0.348133 0.224613 0.370375 0.205171 0.319150 0.079983 0.143653 -0.024600 0.020503 -0.117013 -0.136746 -0.167454 0.197885 -0.109012 0.217007 -0.008393 0.014270 -0.007207 -0.076298 -0.035399 -0.117938 -0.054585 0.036347 0.148297 -0.019481 -0.015407 -0.109617 -0.214273 -0.137135 -0.219685 -0.206189 -0.157787 -0.184512 -0.104430 -0.074775 0.232913 0.016736 -0.045511 -0.053133 -0.037860 -0.166359 -0.185146 -0.269057 0.273195 0.312550 -0.030226 0.337953 0.105210 0.035751 -0.041706 0.004161 0.152866 0.121342 -0.106960 0.125978 -0.142193 0.242426 -0.201230 0.112757 -0.100210 0.025547 -0.211730 -0.061661 -0.155871 -0.246960 -0.159788 -0.186285 -0.238794 0.020129 -0.079384 -0.333069 -0.221354 -0.260983 -0.281901 -0.249163 -0.183667 -0.322165 -0.133481 -0.336292 -0.311236 -0.314470 -0.035291 -0.127030 -0.052421 -0.140812 -0.056674 -0.135310 -0.332215 -0.113210
-0.052776 -0.248986 0.681441 0.674126 0.060427 0.113565 0.423575 0.483149 0.116710 -0.001092 0.306944 0.248855 0.207350 0.207145 0.211634 0.153547 -0.132607 0.067375 0.168570 -0.138613 0.215135 0.271047 1.000000 0.843602 0.171517 0.445844 0.114917 0.214007 0.094861 -0.134408 0.568931 0.607633 0.095873 0.278345 -0.047326 -0.240029 -0.140596 -0.320790 -0.293274 -0.024511 -0.128813 -0.032435 -0.118711 -0.162550 -0.072870 -0.101727 -0.232654 -0.327124 0.026995 -0.018438 0.046820 0.000942 -0.329044 -0.067859 -0.413306 -0.302999 -0.152585 -0.257223 -0.039206 -0.089582 -0.084398 0.004849 -0.214710 -0.147595 -0.021313 0.105671 -0.002306 -0.017932 -0.344376 -0.244606 0.218695 0.280875 0.035835 0.032033 0.119137 -0.082726 -0.057831 -0.001202 -0.154141 -0.295954 -0.360350 -0.401162 0.043307 -0.223922 -0.381443 -0.261095 -0.154032 -0.239557 -0.351138 -0.164346 -0.184024 -0.263061 0.033109 0.101544 -0.160981 -0.313590 -0.256386 -0.092524 -0.342980 -0.355739 -0.146353 -0.018397 -0.044594 -0.059152 -0.009440 -0.008398 0.107957 0.014439 -0.017341 -0.011476 -0.202537 -0.201338 -0.238067 -0.048583 0.089042 -0.054720
-0.030301 -0.127223 0.700233 0.777449 -0.085436 0.298390 0.477051 0.521683 0.065234 0.041790 0.291750 0.217301 0.237581 0.200981 0.117464 0.253687 -0.169539 0.046474 0.098309 -0.067751 0.213243 0.344044 0.843602 1.000000 0.016333 0.353136 0.071776 0.339474 0.015080 -0.163893 0.394396 0.478140 0.107715 0.325776 0.032520 -0.143173 -0.203814 -0.310483 -0.251695 0.092454 -0.135858 -0.034270 -0.209136 -0.174866 -0.145271 -0.135222 -0.236003 -0.318634 -0.041437 -0.091209 0.028143 -0.102892 -0.285229 -0.180947 -0.473614 -0.328711 -0.255717 -0.236033 -0.067176 -0.114518 -0.096650 0.025278 -0.224396 -0.130993 -0.085468 0.168852 -0.047253 0.018770 -0.303474 -0.174679 0.216178 0.280431 -0.065348 -0.005200 0.026614 -0.051495 -0.026404 0.025557 -0.108519 -0.227685 -0.356116 -0.367571 -0.023396 -0.123213 -0.433832 -0.248853 -0.302045 -0.237487 -0.334619 -0.009785 -0.152304 -0.315684 0.072868 0.013943 -0.200749 -0.336549 -0.268443 -0.179998 -0.378837 -0.460677 -0.187066 -0.074038 -0.116997 -0.134961 0.007565 -0.018205 0.131343 0.006751 -0.105095 -0.021713 -0.204818 -0.266941 -0.334903 -0.186315 -0.062153 -0.141625
-0.021278 -0.270649 0.111518 -0.027910 0.500286 0.337834 0.034187 0.048978 0.545889 0.344468 -0.107825 -0.214435 0.194265 0.105190 0.320248 0.329049 0.024746 -0.183983 0.071709 -0.054061 0.093364 0.258026 0.171517 0.016333 1.000000 0.570120 0.101447 0.231861 0.327135 0.149317 0.412452 0.386049 -0.146078 -0.192173 -0.379791 -0.123441 -0.214940 -0.298027 -0.318192 -0.305850 0.034374 -0.138510 0.091660 -0.026773 0.257244 0.265322 -0.175856 -0.085241 0.260233 0.309451 0.293934 0.230601 0.085957 0.095754 -0.279566 -0.191406 0.026847 -0.164435 -0.162560 -0.030358 -0.287485 -0.238544 -0.045438 -0.286636 0.020640 -0.106542 -0.108428 -0.083459 0.048701 -0.137283 0.256141 0.029541 -0.026115 0.004969 0.024802 -0.112139 -0.209691 -0.239714 -0.011267 -0.172998 -0.071272 -0.116304 0.386581 0.179456 -0.057963 -0.195063 0.059238 0.003866 -0.068792 -0.295746 0.086511 0.001937 -0.086097 -0.032778 -0.229186 -0.199387 -0.375902 -0.245047 -0.109433 -0.152831 -0.141187 -0.051925 -0.094742 0.024019 -0.242287 -0.136250 -0.188112 0.040782 -0.113862 -0.355184 -0.108875 -0.059759 -0.070184 -0.060409 0.004521 -0.217555
-0.043505 -0.191844 0.182085 0.265416 0.306595 0.369515 0.280801 0.295662 0.251954 0.335927 0.226505 0.130325 0.329468 0.373480 0.322427 0.411196 -0.004597 0.024863 -0.072068 -0.204418 0.310904 0.185799 0.445844 0.353136 0.570120 1.000000 0.270350 0.546654 0.271227 0.131581 0.529961 0.629522 -0.241138 -0.108839 -0.100342 -0.110144 -0.206015 -0.174639 -0.277637 -0.341579 0.021473 -0.046106 0.021852 -0.137717 0.031339 0.085249 -0.215296 -0.264457 0.145340 0.055244 0.357252 0.090711 0.040030 0.011546 -0.150493 -0.259490 -0.086928 -0.178140 -0.167568 -0.276534 -0.149345 -0.251304 -0.162987 -0.209074 0.167520 0.015641 -0.177580 -0.101186 -0.277220 -0.300661 0.173864 0.240585 -0.102358 0.190724 0.126477 0.159914 -0.079886 -0.095434 -0.002818 -0.165059 -0.287249 -0.193228 0.244079 0.139103 -0.082536 -0.153175 -0.048386 0.044867 -0.014920 -0.101879 -0.077509 -0.198107 -0.122534 -0.191611 -0.188268 -0.323218 -0.149385 -0.075775 -0.082133 -0.260710 -0.342735 -0.254160 -0.327198 -0.221001 -0.372055 -0.265684 -0.128512 0.059674 -0.142731 -0.197913 -0.190635 -0.181767 -0.164296 -0.073178 0.010412 -0.186102
-0.169749 -0.215383 -0.034381 0.030897 0.451738 0.264268 0.154672 0.151777 0.010930 0.253440 0.104109 0.043894 0.031855 0.176018 0.060591 0.148397 -0.046194 -0.210334 -0.230095 -0.123119 0.582270 0.279376 0.114917 0.071776 0.101447 0.270350 1.000000 0.430307 0.145123 0.080670 0.043296 0.096828 -0.214498 -0.195390 -0.137722 -0.043035 -0.134084 -0.115163 0.120202 0.097206 -0.116269 0.042677 0.164594 0.058192 -0.024732 0.043655 0.031020 0.056923 -0.029138 0.134770 0.245600 0.202967 0.038114 0.068499 -0.059784 -0.051777 -0.092026 -0.185491 -0.108539 -0.096096 -0.235077 -0.167299 -0.025524 -0.277839 -0.057690 -0.025406 0.104838 0.081420 -0.209832 -0.032189 0.091727 -0.099083 -0.206749 0.155861 -0.094318 -0.065939 -0.354330 -0.352941 0.038265 -0.156643 -0.104841 0.034557 -0.154548 0.247485 0.082336 0.268182 0.258337 0.054096 0.110862 -0.077116 0.135409 0.080177 0.001797 -0.055900 -0.220518 -0.321749 0.007629 -0.274900 0.144957 0.063776 -0.201571 -0.212613 -0.160060 -0.199348 -0.238502 -0.169651 0.017300 -0.181404 -0.172878 -0.159498 -0.008288 -0.002568 0.173449 -0.037220 -0.131663 -0.163396
0.005541 -0.020805 0.183052 0.326013 0.098864 0.461426 0.231590 0.251130 0.149673 0.300188 0.238396 0.073543 0.097726 0.117987 0.194235 0.274660 -0.113270 -0.043752 -0.045173 -0.010732 0.241504 0.348133 0.214007 0.339474 0.231861 0.546654 0.430307 1.000000 0.076624 0.054710 -0.007316 0.111749 -0.216670 -0.088686 0.050134 -0.099735 -0.027448 -0.033307 0.184293 0.059649 -0.136129 0.137216 -0.046059 -0.108880 -0.159866 -0.119314 -0.133925 -0.168674 -0.096037 -0.129003 0.280246 -0.039929 0.166594 -0.013539 -0.062059 -0.263160 -0.201702 -0.100128 -0.163566 -0.309733 -0.185226 -0.283251 -0.216701 -0.144024 0.059074 -0.124120 -0.088173 -0.004300 -0.146448 -0.161782 0.033192 0.045641 -0.357514 0.178045 -0.101150 0.098182 -0.184777 -0.164022 0.001276 -0.129166 -0.250482 -0.056618 0.091935 0.368217 -0.084344 0.135395 -0.052040 0.168899 0.067555 0.125092 0.036009 -0.002193 -0.002895 -0.146745 -0.168878 -0.363526 -0.063247 -0.266985 -0.022699 -0.184357 -0.289625 -0.330109 -0.270733 -0.281094 -0.340483 -0.217488 -0.162133 -0.065941 -0.187074 -0.196528 -0.127160 -0.127575 -0.126831 -0.096008 -0.084495 -0.128617
0.367028 -0.012255 0.119083 -0.044602 0.340269 0.076541 0.287553 0.102233 0.073137 -0.046465 0.460843 0.157637 0.510626 0.232814 0.269469 0.195056 0.669185 0.196481 0.222474 0.057521 0.362553 0.224613 0.094861 0.015080 0.327135 0.271227 0.145123 0.076624 1.000000 0.607541 0.482508 0.495646 0.254480 0.179121 -0.255775 -0.265844 0.483317 0.064643 0.128749 0.218826 0.542850 0.385458 -0.294102 -0.300776 -0.292358 -0.284198 -0.472045 -0.473125 -0.185791 -0.217840 -0.125682 -0.254008 -0.256065 -0.218229 -0.004528 -0.056137 0.273956 0.080984 -0.459566 -0.363674 -0.335513 -0.205093 0.271799 -0.054109 -0.198188 -0.352296 -0.516541 -0.589394 -0.179679 -0.508681 0.490740 0.386690 0.641870 0.661560 0.689595 0.565624 0.420068 0.346925 0.533485 0.284550 0.353422 0.360701 0.400972 0.455780 0.296145 0.103259 0.204325 0.251981 0.068195 -0.110104 -0.353316 -0.254365 -0.446311 -0.317683 -0.273155 0.083855 -0.002741 -0.454317 -0.209938 -0.342102 -0.432122 -0.157702 -0.407320 -0.323488 -0.495062 -0.567417 -0.087091 -0.241785 0.046228 -0.223507 -0.378907 -0.379941 -0.312118 -0.274160 -0.363267 -0.279223
0.204189 0.172194 -0.106552 -0.248347 0.012533 -0.024559 0.163903 0.029144 -0.107273 -0.040034 0.276492 0.404378 0.317649 0.402994 0.155773 0.204373 0.451520 0.616808 0.080390 -0.112756 0.332571 0.370375 -0.134408 -0.163893 0.149317 0.131581 0.080670 0.054710 0.607541 1.000000 0.329716 0.316977 0.251788 0.240255 -0.072346 -0.070446 0.395160 0.324559 0.162674 0.235470 0.375714 0.658941 -0.153295 -0.172115 -0.289971 -0.353924 -0.299696 -0.302175 -0.270095 -0.284001 -0.111725 -0.263704 -0.120625 -0.114211 0.093435 -0.037562 0.052530 0.227066 -0.477595 -0.390097 -0.132062 -0.050880 0.386300 0.362448 -0.068607 -0.316070 -0.484791 -0.585511 -0.173330 -0.428174 0.300649 0.499828 0.485539 0.823727 0.590407 0.568504 0.418909 0.437839 0.372990 0.646121 0.280612 0.600307 0.134763 0.484218 0.246766 0.234932 0.186423 0.199033 0.046982 -0.007896 -0.392530 -0.337952 -0.565400 -0.521312 -0.001646 0.260892 0.236392 -0.193843 -0.147133 -0.236567 -0.472917 -0.438911 -0.512701 -0.601016 -0.513781 -0.620061 -0.317970 -0.307730 0.151215 -0.135039 -0.277042 -0.347182 -0.113486 -0.173173 -0.466702 -0.109689
-0.056597 -0.221353 0.289531 0.211291 0.192897 0.105400 0.390483 0.341569 0.237330 0.029137 0.359758 0.481618 0.492279 0.544661 0.424238 0.403626 0.207469 0.196433 0.023166 -0.301227 0.261335 0.205171 0.568931 0.394396 0.412452 0.529961 0.043296 -0.007316 0.482508 0.329716 1.000000 0.891035 0.098090 0.201726 -0.264116 -0.193756 0.000115 -0.290037 -0.346931 -0.198898 0.221884 0.146326 -0.029216 -0.112499 0.081039 0.039125 -0.271573 -0.396850 0.113534 0.067205 0.031454 0.102913 -0.322312 0.054731 -0.316796 -0.109143 0.024184 -0.175330 -0.235111 -0.258131 -0.041174 -0.032328 -0.063639 -0.102133 0.144125 0.078254 -0.235382 -0.345905 -0.521228 -0.579863 0.474917 0.560528 0.452776 0.404028 0.494093 0.217618 0.117703 0.117303 0.008204 -0.141543 -0.133556 -0.228733 0.239797 0.057687 -0.018331 -0.159355 0.037553 -0.096258 -0.278328 -0.308128 -0.378259 -0.345205 -0.271615 -0.167711 -0.306172 -0.109225 -0.253729 -0.222691 -0.371996 -0.317703 -0.367267 -0.103489 -0.351605 -0.274846 -0.393998 -0.443969 -0.002808 -0.057120 -0.000372 -0.269702 -0.391849 -0.271649 -0.200138 -0.110701 -0.234288 -0.263303
0.023674 -0.231095 0.315755 0.278488 0.190985 0.128442 0.466316 0.474530 0.125574 0.029161 0.456683 0.519109 0.496465 0.605760 0.447821 0.408006 0.134513 0.210411 -0.055357 -0.305958 0.385909 0.319150 0.607633 0.478140 0.386049 0.629522 0.096828 0.111749 0.495646 0.316977 0.891035 1.000000 0.022524 0.222128 -0.108351 -0.108629 -0.015547 -0.285564 -0.335645 -0.153641 0.213888 0.135488 -0.121372 -0.231673 -0.064193 -0.080056 -0.339726 -0.471145 -0.009801 -0.041278 0.056528 -0.008472 -0.319904 -0.039080 -0.276221 -0.162014 -0.022418 -0.257216 -0.300235 -0.343302 -0.064066 -0.082771 -0.024001 -0.116456 0.197578 0.114040 -0.311826 -0.307829 -0.520302 -0.591948 0.480278 0.608239 0.368789 0.439577 0.540198 0.328409 0.214445 0.216996 0.009600 -0.136893 -0.154574 -0.210201 0.264825 0.168377 0.037724 -0.079277 -0.082809 -0.023428 -0.196231 -0.196366 -0.360866 -0.388768 -0.240283 -0.202902 -0.328243 -0.156731 -0.220004 -0.180510 -0.380620 -0.398752 -0.464039 -0.198707 -0.458501 -0.330767 -0.422385 -0.476394 -0.136085 -0.093207 -0.140477 -0.165951 -0.364056 -0.372554 -0.284264 -0.119741 -0.226484 -0.255375
0.557215 0.354990 0.223890 0.121539 -0.285632 -0.134265 0.232452 -0.064105 -0.228747 -0.340678 0.219359 0.079988 0.068623 -0.158465 -0.289734 -0.408658 0.513899 0.354919 0.538879 0.319629 -0.022261 0.079983 0.095873 0.107715 -0.146078 -0.241138 -0.214498 -0.216670 0.254480 0.251788 0.098090 0.022524 1.000000 0.827830 -0.041168 0.049880 0.361994 0.136659 -0.099052 0.240626 0.177328 0.289831 -0.409444 -0.152500 -0.238507 -0.286779 -0.395459 -0.422211 -0.368613 -0.268972 -0.507769 -0.433017 -0.364788 -0.487075 -0.207046 -0.265501 0.545058 0.501219 -0.057715 -0.035427 0.132548 0.290431 0.488889 0.564220 -0.242593 -0.197459 -0.112511 -0.340590 0.104541 -0.042026 -0.027641 0.213040 0.453652 0.232895 0.323000 0.181595 0.474469 0.428678 0.464166 0.463260 0.494853 0.503095 -0.106742 -0.046183 -0.082266 -0.055189 -0.116796 -0.138528 -0.182150 -0.110107 -0.598454 -0.558907 -0.494436 -0.326532 0.116190 0.062908 0.000594 -0.196454 -0.464807 -0.364121 -0.141384 0.021831 -0.057815 -0.117806 -0.013278 -0.091000 0.194664 -0.019511 0.161425 -0.096512 -0.115210 -0.368481 -0.432901 -0.376966 -0.098698 -0.056133
0.532543 0.421768 0.379597 0.277737 -0.372386 -0.094187 0.430696 0.147998 -0.264973 -0.364477 0.440449 0.321691 0.162348 -0.005479 -0.149581 -0.300256 0.389266 0.453647 0.437883 0.281650 0.002591 0.143653 0.278345 0.325776 -0.192173 -0.108839 -0.195390 -0.088686 0.179121 0.240255 0.201726 0.222128 0.827830 1.000000 0.190883 0.180679 0.311964 0.131060 -0.155674 0.214990 0.178701 0.300089 -0.498004 -0.262965 -0.355817 -0.361284 -0.487047 -0.535821 -0.465846 -0.379510 -0.532492 -0.493446 -0.508224 -0.552114 -0.319663 -0.380730 0.340627 0.479147 -0.092304 -0.178294 0.189711 0.296812 0.354615 0.572743 -0.056742 -0.090420 -0.169414 -0.285761 -0.039249 -0.120719 0.002914 0.447124 0.405005 0.289431 0.364609 0.294346 0.573224 0.565544 0.341384 0.399395 0.321594 0.350755 -0.044528 -0.070282 -0.095487 -0.038420 -0.240410 -0.167534 -0.186829 -0.009545 -0.643192 -0.636306 -0.526262 -0.409104 0.023462 -0.054119 0.063146 -0.217777 -0.574167 -0.489722 -0.269966 -0.178018 -0.223303 -0.308968 -0.099151 -0.149489 0.064629 -0.082073 0.012066 -0.015343 -0.102269 -0.539486 -0.544592 -0.429022 -0.166768 -0.035345
0.032500 0.184185 -0.093001 -0.086424 -0.379194 -0.247099 -0.056419 -0.086097 -0.341752 -0.261103 0.210315 0.145953 -0.054288 0.005844 -0.038619 -0.173930 -0.098273 0.208143 -0.199971 -0.069293 -0.170300 -0.024600 -0.047326 0.032520 -0.379791 -0.100342 -0.137722 0.050134 -0.255775 -0.072346 -0.264116 -0.108351 -0.041168 0.190883 1.000000 0.451414 0.084379 0.340244 0.043265 0.052472 -0.113053 -0.071273 -0.142035 -0.141356 -0.297477 -0.264842 -0.044062 -0.113202 -0.166355 -0.270207 -0.053222 -0.240783 -0.019477 -0.217581 0.200111 -0.012482 -0.060490 0.234279 -0.031633 -0.242068 0.291526 0.234118 0.155829 0.343361 0.220870 0.081557 -0.084274 -0.028074 0.103391 -0.002294 -0.207563 0.272793 -0.121734 0.044592 -0.098195 0.262318 0.346954 0.492510 -0.044122 0.176309 0.047645 0.085307 -0.133016 -0.223322 0.097451 0.125477 -0.320590 -0.010366 0.257124 0.426559 -0.219430 -0.121019 -0.011806 -0.069293 0.199395 -0.090242 0.272359 0.367696 -0.003888 0.091843 -0.109356 -0.180842 -0.149308 -0.129513 -0.006089 0.019311 -0.230339 -0.092024 -0.202894 0.286403 0.267995 -0.007893 -0.030098 -0.050628 0.044611 0.208308
-0.043082 0.122540 -0.281495 -0.173689 -0.141709 -0.115548 -0.066610 -0.108998 -0.260942 -0.134942 -0.077268 0.019525 -0.120225 0.042080 -0.251598 -0.178558 -0.021618 0.027515 -0.239101 -0.002589 0.012388 0.020503 -0.240029 -0.143173 -0.123441 -0.110144 -0.043035 -0.099735 -0.265844 -0.070446 -0.193756 -0.108629 0.049880 0.180679 0.451414 1.000000 -0.022208 0.252000 -0.074650 0.005861 -0.010749 -0.064673 -0.054738 0.063007 0.071158 0.126996 0.063145 0.044620 -0.078103 -0.010276 -0.079119 -0.104784 -0.019910 -0.254737 0.062764 -0.006579 -0.078720 0.114097 0.100344 0.016139 0.293943 0.017478 0.209937 0.210353 0.252294 0.115746 0.214718 0.290076 0.118344 0.237029 -0.246314 0.101892 -0.164125 -0.095669 -0.054423 0.126538 0.247377 0.278477 0.132231 0.106366 0.079939 0.147519 -0.190160 -0.061161 0.097923 0.170144 -0.215701 0.062453 0.094051 0.129779 -0.177205 -0.308654 -0.116927 -0.187465 0.161771 0.008771 0.209631 0.091309 -0.042374 -0.068650 -0.118738 -0.168813 -0.106012 -0.077909 0.007403 0.008238 -0.187785 -0.112485 -0.196145 0.113125 0.284043 -0.196205 -0.120884 -0.131346 -0.082947 0.082004
