1.000000 0.533017 0.099405 0.048376 0.067498 -0.105443 0.143479 -0.005654 -0.034623 -0.024950 0.452419 0.046685 0.306677 0.167082 0.181141 0.108743 0.328750 -0.038748 0.188534 0.248569 0.099542 0.086490 0.109800 -0.021656 -0.093736 -0.230901 0.105557 -0.066086 -0.012396 -0.085093 0.109784 0.007564 0.356313 0.506130 -0.276426 0.169061 -0.292710 -0.141982 -0.316377 -0.295945 0.009981 -0.163793 -0.067737 0.008790 0.016896 -0.096293 -0.399886 -0.097587 0.093710 -0.150791 0.048695 -0.069930 -0.001096 -0.013003 -0.251615 -0.322552 0.549634 0.463858 0.312845 0.065323 0.350700 0.187611 0.398444 0.460743 -0.073017 -0.216554 0.164835 -0.066539 0.259536 0.237545 -0.144877 -0.291085 -0.151492 -0.063386 -0.062895 -0.033173 -0.126808 0.097723 0.012482 0.046068 0.163224 0.186212 0.187317 0.208686 0.000001 -0.136902 0.065880 -0.136075 -0.100561 -0.029472 -0.131169 -0.090047 -0.251852 -0.178480 -0.034643 -0.046747 -0.395560 -0.267982 -0.220523 -0.116457 -0.201518 0.023409 -0.028010 -0.115738 -0.112418 -0.199994 -0.082422 -0.126641 -0.125662 0.050078 -0.269796 -0.286712 -0.199345 -0.027677 -0.068129 -0.215092
0.533017 1.000000 0.012277 0.052088 -0.117332 -0.366278 -0.051892 -0.059617 -0.242332 -0.197154 0.145743 -0.034461 -0.000111 -0.032372 -0.141166 -0.224376 0.035331 0.012730 0.367721 0.387450 -0.155049 -0.254120 -0.113227 -0.104719 -0.291149 -0.278619 -0.206743 -0.317269 -0.160235 -0.108159 -0.158813 -0.206744 0.407835 0.548573 -0.092879 0.145075 -0.295346 0.030445 -0.283997 -0.208465 0.032827 -0.050567 0.073999 0.155800 0.114962 0.151857 -0.211129 0.221829 0.085191 0.115473 -0.097992 -0.080288 -0.071527 0.113634 -0.162231 -0.125907 0.369839 0.560276 0.160204 0.100026 0.074690 0.109148 0.028433 0.205888 -0.287343 -0.181144 0.206006 0.003522 0.463982 0.426604 -0.143710 -0.368666 -0.210158 -0.174659 -0.272725 -0.101395 -0.132038 0.006328 -0.110490 0.109231 -0.086258 0.050854 -0.063985 -0.027774 -0.375074 -0.472898 -0.113927 -0.193485 -0.223450 -0.191624 0.037228 0.039169 -0.063458 0.036663 0.138017 0.024087 -0.173870 0.111730 0.053206 0.053122 0.026067 0.078721 0.072341 0.109630 0.269805 0.014148 0.124956 0.103155 0.086572 0.158128 -0.087931 0.089840 0.099931 -0.075566 -0.073140 -0.033071
0.099405 0.012277 1.000000 0.478120 0.200584 0.330489 0.578678 0.348254 0.149549 0.209267 0.004543 -0.084297 -0.062475 -0.027801 0.199881 -0.021721 -0.224979 -0.312270 0.436314 0.167034 0.102655 0.119590 0.646977 0.415336 0.279141 0.283490 0.200371 0.336470 -0.141588 -0.228476 0.265594 0.209860 -0.115596 0.080906 -0.113159 -0.197713 -0.335406 -0.249345 -0.171526 -0.082184 -0.083554 -0.088520 -0.223997 -0.206419 -0.276781 -0.260889 -0.375896 -0.247061 -0.363650 -0.464013 -0.032096 -0.241280 -0.134959 -0.096746 -0.188906 -0.462565 -0.162141 -0.076542 0.094868 -0.186096 0.305168 0.150819 -0.103026 -0.134390 0.476315 0.182051 0.144195 0.155213 -0.134551 0.038237 -0.202702 -0.232114 -0.257437 -0.265525 -0.275044 -0.187800 -0.346624 -0.105088 -0.145986 -0.075499 -0.270267 -0.147276 -0.000052 -0.012523 -0.105742 -0.128734 -0.103432 -0.214537 0.331193 0.121285 -0.120419 0.098538 0.205570 0.105165 -0.140776 -0.058506 -0.238815 -0.083207 -0.222850 -0.232111 0.102577 0.090558 0.153922 -0.044537 -0.067007 -0.092435 -0.226692 0.006368 0.130788 0.049762 -0.024404 -0.157452 -0.074377 0.005769 -0.040361 -0.084952
0.048376 0.052088 0.478120 1.000000 0.061427 0.228196 0.078842 0.518940 0.011983 0.281231 0.087434 0.107385 -0.094876 0.134692 0.113329 0.071099 -0.274937 -0.391646 0.258726 0.324549 0.090339 0.026451 0.407016 0.502766 0.204968 0.269441 0.194289 0.347125 -0.182780 -0.145200 -0.043341 0.140389 -0.060219 0.005594 -0.233339 -0.032104 -0.235108 -0.154174 -0.090008 -0.123152 0.009672 0.079944 -0.312580 -0.308684 -0.302374 -0.212696 -0.356103 -0.091953 -0.221581 -0.358197 -0.098945 -0.267531 -0.126425 -0.060270 -0.118142 -0.334369 -0.186578 -0.149198 0.119882 0.055822 0.177528 0.360890 -0.117918 -0.118275 0.238429 0.401591 0.035954 0.149825 0.027920 0.161269 -0.276623 -0.421649 -0.272476 -0.202055 -0.227224 -0.051994 -0.204572 0.023025 -0.178134 -0.139341 -0.182330 -0.143184 -0.054446 0.035743 -0.093072 -0.013188 -0.201798 -0.024814 0.233234 0.236315 -0.023173 0.038223 0.173008 -0.019694 -0.257551 -0.205139 -0.275337 -0.173413 -0.203362 -0.135665 -0.007590 -0.031262 0.088503 -0.115376 -0.073225 -0.259934 0.005686 0.048009 -0.057672 -0.090591 0.175907 -0.278504 -0.047683 -0.155823 -0.051965 -0.124219
0.067498 -0.117332 0.200584 0.061427 1.000000 0.325660 0.514826 0.494310 0.614782 0.264906 -0.045475 0.101303 0.349399 0.322457 0.242659 0.365107 -0.095111 0.022748 0.007838 -0.113571 0.412573 0.408803 -0.060405 -0.030122 0.255100 0.208061 0.404063 0.150127 -0.122152 0.160371 0.363261 0.266179 0.002122 0.224523 -0.063040 -0.034620 -0.163476 -0.286600 -0.361661 -0.296036 -0.012000 -0.226971 0.005301 -0.074050 0.026327 0.012872 -0.062109 -0.160255 0.067888 -0.062595 0.098788 -0.081022 0.176294 -0.218705 -0.281869 -0.413940 -0.021793 -0.216990 0.186060 -0.102435 0.390676 0.089139 0.200954 0.048213 0.175473 -0.010941 0.048212 0.004000 -0.159570 -0.215120 0.164186 0.294550 0.223605 0.037790 -0.105576 -0.014843 -0.107749 -0.081133 -0.178508 -0.332028 -0.086268 0.028077 -0.077070 -0.030442 -0.164029 -0.191165 -0.249216 -0.328929 0.082517 -0.090212 -0.141781 -0.267523 -0.130104 -0.328482 0.076188 -0.098307 -0.203115 -0.205164 -0.374581 -0.286255 -0.105289 -0.269666 -0.153256 -0.303472 -0.211399 -0.186676 -0.010565 -0.152107 0.009809 -0.050573 -0.056772 -0.196264 -0.392601 -0.332369 -0.191043 0.131884
-0.105443 -0.366278 0.330489 0.228196 0.325660 1.000000 0.237583 0.202722 0.242144 0.206000 0.058163 0.030933 0.100721 0.192080 0.153498 0.182205 0.061486 -0.128336 -0.061236 -0.103944 0.221345 0.257989 0.238350 0.164678 0.186697 0.271269 0.412793 0.533310 0.190457 -0.019911 0.237574 0.189900 -0.137069 -0.053808 0.041774 -0.028331 0.004498 -0.205287 -0.084979 -0.132975 0.031909 0.063123 -0.166023 -0.205323 -0.238133 -0.220914 -0.074190 -0.254949 -0.127373 -0.265996 0.020131 -0.068808 0.012662 -0.024563 -0.084850 -0.345990 -0.120718 -0.179095 0.154582 0.007290 0.295361 0.086561 0.057475 -0.050962 0.311345 0.193906 0.014904 -0.045377 -0.206065 -0.215501 0.022001 0.202114 0.192629 0.097502 0.150187 0.108123 -0.069727 -0.101740 -0.004166 -0.217654 0.022533 -0.038507 -0.084432 -0.043115 0.061228 0.043804 -0.186958 -0.198558 0.269966 0.059438 -0.205315 -0.192383 -0.069364 -0.251302 -0.093100 0.016255 -0.176706 0.011147 -0.219773 -0.292900 -0.236742 -0.252833 -0.272481 -0.354419 -0.451329 -0.255295 -0.074358 -0.141596 0.102135 -0.079985 0.040713 -0.091063 -0.284693 -0.162885 -0.226483 0.014969
0.143479 -0.051892 0.578678 0.078842 0.514826 0.237583 1.000000 0.446207 0.547964 0.101047 -0.082114 -0.014928 0.259049 0.115262 0.078033 0.056345 -0.220876 -0.284114 0.234362 -0.163782 0.252802 0.409279 0.292870 0.141288 0.221848 0.095106 0.269114 -0.028443 -0.105452 -0.048299 0.461400 0.347056 0.095919 0.218381 -0.188073 -0.199097 -0.344506 -0.299041 -0.239443 -0.118330 -0.088216 -0.284110 0.094367 0.085522 0.061910 0.024521 -0.014431 -0.136557 -0.089892 -0.124200 0.063463 -0.035863 0.120559 0.000346 -0.191231 -0.317678 -0.144205 -0.222832 0.150173 -0.044411 0.372058 0.044422 0.069910 -0.084533 0.379907 0.086894 0.284435 0.168623 -0.229949 -0.244432 -0.135579 0.031044 0.079036 -0.165862 -0.184183 -0.056593 -0.279356 -0.122205 -0.222356 -0.231064 -0.346647 -0.211281 0.018899 -0.101150 -0.230965 -0.221896 -0.109912 -0.339656 0.132590 -0.023057 -0.248481 -0.208816 -0.124427 -0.086756 -0.059276 0.019236 -0.166542 -0.233908 -0.298778 -0.276062 0.120174 -0.090797 0.073046 -0.148456 -0.095316 -0.110579 -0.258701 -0.031857 0.191555 0.026404 -0.168385 -0.131498 -0.159190 0.042466 -0.069959 0.058245
-0.005654 -0.059617 0.348254 0.518940 0.494310 0.202722 0.446207 1.000000 0.408964 0.473602 0.031506 0.363774 0.224333 0.393929 0.145729 0.214997 -0.366657 -0.225427 0.158407 0.041153 0.191504 0.268635 0.057338 0.271115 0.188643 0.167946 0.216718 0.088202 -0.218965 0.086557 0.118792 0.240709 -0.019869 0.047006 -0.315402 -0.159450 -0.210779 -0.207714 -0.167678 -0.175691 0.068358 -0.137527 -0.092754 -0.101818 -0.069833 0.008988 -0.051727 -0.039346 -0.044009 -0.143354 -0.022286 -0.103054 0.047289 -0.109211 -0.218431 -0.313773 -0.307154 -0.316909 0.151663 0.036652 0.386776 0.468295 -0.056311 -0.023067 0.322233 0.482588 0.058299 0.100249 -0.154480 -0.116128 -0.120076 -0.179204 -0.066001 -0.212311 -0.152693 -0.054239 -0.157959 -0.062028 -0.161493 -0.311033 -0.352986 -0.248672 -0.111136 -0.188457 -0.366696 -0.277336 -0.350694 -0.213099 0.094791 -0.041305 -0.154699 -0.162063 0.053744 -0.115336 -0.275283 -0.141400 -0.169667 -0.353990 -0.305561 -0.245018 0.113286 -0.055581 0.043263 -0.155106 -0.127165 -0.259235 -0.063476 -0.056338 -0.028360 -0.074130 0.097718 -0.251502 -0.110702 -0.169179 0.024001 -0.136162
-0.034623 -0.242332 0.149549 0.011983 0.614782 0.242144 0.547964 0.408964 1.000000 0.282444 -0.257265 -0.034702 0.273278 0.096916 -0.025308 0.049855 -0.184297 -0.092029 -0.072822 -0.277790 0.391201 0.391343 -0.170530 -0.129694 0.277484 0.125094 0.252794 -0.096270 -0.104201 0.055790 0.147907 0.102905 0.034988 -0.021935 -0.135012 -0.248113 -0.082566 -0.237007 -0.259705 -0.188825 -0.121664 -0.271873 0.127698 0.008178 0.075858 0.081830 0.049341 -0.199745 0.099400 0.059547 0.087647 0.090550 0.329411 -0.101944 -0.204230 -0.183551 -0.249679 -0.343468 0.148512 0.075348 0.283730 0.110272 0.085987 -0.042841 0.289781 0.126412 0.167651 0.062338 -0.155594 -0.356036 0.071995 0.192022 0.098209 0.067777 -0.036002 0.107693 -0.188606 -0.188888 -0.226482 -0.325467 -0.217213 -0.201966 -0.000886 -0.226086 -0.134578 -0.106757 -0.078671 -0.191697 0.033011 -0.110234 -0.051773 -0.128637 0.080421 -0.036652 0.051539 -0.033306 -0.044381 -0.260636 -0.090783 -0.087809 0.090889 -0.095980 0.107077 -0.083663 0.007612 -0.017767 0.095203 0.014121 0.084881 -0.028893 -0.215368 -0.104265 -0.143220 -0.095705 -0.029391 0.258224
-0.024950 -0.197154 0.209267 0.281231 0.264906 0.206000 0.101047 0.473602 0.282444 1.000000 0.171576 0.271816 0.206755 0.241857 0.294166 0.291663 -0.082808 -0.134954 0.026745 0.139794 0.133851 0.003075 -0.120114 0.260315 0.101761 0.058251 0.224549 0.208752 -0.188385 -0.110695 -0.231011 -0.099609 -0.205882 -0.130920 -0.176430 -0.181827 -0.135103 -0.220042 -0.115459 -0.134292 -0.078023 -0.244936 -0.290569 -0.249823 -0.156794 -0.105030 -0.183213 -0.066191 -0.059469 -0.245074 0.092869 -0.044759 -0.087424 -0.232817 -0.095923 -0.166443 -0.194787 -0.257716 0.174140 0.134608 0.213155 0.384766 0.031449 -0.007378 0.338200 0.334586 -0.058824 0.065003 -0.093697 -0.019191 -0.017596 -0.073099 -0.256341 -0.166367 -0.100549 -0.077946 -0.310472 -0.310958 -0.056352 -0.233242 -0.050881 -0.170873 0.263601 0.001114 0.029684 -0.081996 0.042541 0.095318 0.284677 0.209231 0.077958 0.150461 0.216763 0.049079 -0.220877 -0.186791 -0.142723 -0.219882 -0.085196 -0.064723 0.026874 -0.045316 0.073526 0.012843 -0.188954 -0.225261 0.082044 -0.042764 -0.021917 -0.192519 -0.025700 -0.103892 -0.134963 0.033155 -0.111241 0.016119
0.452419 0.145743 0.004543 0.087434 -0.045475 0.058163 -0.082114 0.031506 -0.257265 0.171576 1.000000 0.461320 0.593015 0.519531 0.494338 0.424971 0.456556 0.088652 0.085295 0.155873 0.054332 0.137467 0.099662 0.007855 -0.070927 -0.242729 0.210182 0.178382 0.284469 0.160614 -0.010392 -0.001934 0.053895 0.284269 -0.146291 0.124297 -0.001490 -0.156846 -0.140735 -0.222508 0.104675 -0.045218 -0.228532 -0.189040 -0.064379 -0.257342 -0.291465 -0.209106 -0.040082 -0.222717 0.069687 -0.185911 -0.102612 -0.110686 -0.076522 -0.249230 0.342435 0.119619 0.214376 -0.039926 0.374478 0.341175 0.291501 0.259403 0.148845 0.096549 -0.083133 -0.213275 0.086593 0.037933 0.068993 -0.056968 0.035047 -0.036819 0.163367 0.115575 0.008706 0.062237 0.178602 0.116981 0.304140 0.185033 0.475920 0.349446 0.400314 0.001590 0.276856 0.195399 0.176923 0.030483 -0.239016 -0.164583 -0.348330 -0.344116 -0.148564 -0.167087 -0.310869 -0.150781 -0.268821 -0.211789 -0.270998 -0.142896 -0.164682 -0.230350 -0.349902 -0.257491 0.057388 -0.197425 -0.084964 -0.124893 -0.127085 -0.206965 -0.275342 -0.010760 -0.030881 -0.246593
0.046685 -0.034461 -0.084297 0.107385 0.101303 0.030933 -0.014928 0.363774 -0.034702 0.271816 0.461320 1.000000 0.376838 0.576657 0.189412 0.374847 0.122141 0.199727 -0.195151 -0.058137 -0.050622 0.143367 -0.218295 -0.014664 -0.149489 -0.139372 0.131965 0.119232 0.105439 0.261153 -0.098961 -0.069554 -0.041255 0.091964 -0.272155 0.071484 0.135205 0.083464 0.128833 -0.115441 0.264561 -0.085974 -0.086775 -0.081514 -0.008587 0.006253 0.076616 0.062447 0.028254 -0.005197 -0.104328 -0.110837 -0.054534 -0.064428 0.014017 0.058681 -0.083408 -0.156371 0.080168 -0.016149 0.176547 0.299639 0.050316 0.022817 0.187682 0.326748 -0.224231 -0.197695 -0.188945 -0.136820 -0.004383 0.089784 0.176452 0.071071 0.187312 0.158846 0.179843 0.060458 0.040288 0.059857 -0.010184 0.110016 0.037454 -0.033808 0.053940 -0.021348 -0.083150 0.142567 0.225646 0.002561 -0.151331 -0.258162 -0.175825 -0.272439 -0.170869 -0.117144 -0.025669 -0.125572 -0.149294 -0.256446 -0.096449 -0.253409 -0.267964 -0.294915 -0.360892 -0.223460 -0.046115 -0.060714 -0.044970 -0.009190 0.210589 -0.118932 -0.285726 -0.011570 0.094171 -0.180375
0.306677 -0.000111 -0.062475 -0.094876 0.349399 0.100721 0.259049 0.224333 0.273278 0.206755 0.593015 0.376838 1.000000 0.632614 0.439936 0.440498 0.427802 0.108849 -0.035810 -0.208377 0.244508 0.360985 -0.141024 -0.171839 0.038415 -0.073089 0.286238 -0.017060 0.321268 0.267967 0.223538 0.161639 0.150589 0.268500 -0.271788 -0.008955 0.043819 -0.241067 -0.128641 -0.226879 0.101163 -0.172858 0.048841 -0.001764 0.095368 -0.067406 -0.023901 -0.281169 0.076977 -0.024655 0.175553 0.010690 0.133682 -0.083811 -0.166462 -0.186280 0.226944 -0.134594 0.198670 -0.031866 0.544589 0.220745 0.455968 0.229998 0.263278 0.111918 0.040810 -0.217346 -0.134598 -0.250129 0.089070 0.178698 0.349304 0.099741 0.192655 0.237950 0.010611 -0.002570 0.121395 -0.068496 0.304961 0.074250 0.285849 0.151607 0.261125 -0.054710 0.182754 0.000251 0.061824 -0.105186 -0.452838 -0.440181 -0.505142 -0.479256 -0.058911 -0.018941 -0.198842 -0.222896 -0.306079 -0.291497 -0.230602 -0.332622 -0.282283 -0.377659 -0.355966 -0.163181 -0.036286 -0.190922 0.018272 -0.072397 -0.163665 -0.236204 -0.339156 -0.233983 -0.022638 -0.049083
0.167082 -0.032372 -0.027801 0.134692 0.322457 0.192080 0.115262 0.393929 0.096916 0.241857 0.519531 0.576657 0.632614 1.000000 0.369291 0.648937 0.281313 0.101822 -0.192034 -0.111162 0.211552 0.394615 -0.111995 -0.005658 -0.044569 -0.078229 0.280695 0.158396 0.224535 0.419750 0.136136 0.191614 0.129846 0.278964 -0.295356 0.044263 -0.040699 -0.178997 -0.137074 -0.253260 0.293889 -0.081555 -0.079317 -0.079999 -0.002329 -0.135177 -0.070843 -0.171295 0.139580 -0.153707 0.048060 -0.095424 0.040962 -0.037623 -0.184780 -0.255136 0.217264 -0.116387 0.301583 -0.044946 0.473793 0.450771 0.339560 0.292928 0.251090 0.315430 -0.152281 -0.349359 -0.215116 -0.128120 0.151518 0.051156 0.214038 0.138988 0.200635 0.194285 0.184397 0.077956 0.153153 -0.158179 0.154288 0.171502 0.107012 0.098023 0.130885 -0.077402 -0.036945 -0.015796 0.163555 0.072293 -0.379892 -0.465340 -0.404942 -0.599035 -0.189088 0.111597 -0.254189 -0.096744 -0.361485 -0.293851 -0.167984 -0.408408 -0.336833 -0.466555 -0.426811 -0.311717 -0.023879 -0.150241 -0.108991 0.006815 0.024210 -0.189782 -0.404960 -0.222963 0.039089 -0.240413
0.181141 -0.141166 0.199881 0.113329 0.242659 0.153498 0.078033 0.145729 -0.025308 0.294166 0.494338 0.189412 0.439936 0.369291 1.000000 0.563209 0.411595 0.180985 -0.061821 -0.107320 0.260933 0.201517 0.288729 0.047679 0.341395 0.151705 0.446677 0.364734 0.253467 0.177061 0.234312 0.137516 -0.183290 0.109590 -0.093738 0.013653 -0.008015 0.005873 -0.117938 -0.097366 -0.050305 0.074168 -0.122915 -0.182006 -0.101493 -0.231172 -0.158457 -0.436863 -0.070717 -0.372755 0.314015 -0.148208 -0.057985 -0.235034 -0.115593 -0.313804 0.156636 -0.039132 0.107229 -0.271016 0.286014 0.123149 0.205438 0.055429 0.341749 0.046122 -0.160016 -0.151884 -0.164571 -0.143296 0.050454 0.152821 0.045365 -0.004841 -0.045305 0.012620 0.034636 0.124004 0.128286 0.021771 0.277631 0.088064 0.465943 0.448964 0.421865 0.146846 0.187263 0.058571 0.260970 0.154170 -0.304863 -0.239154 -0.189980 -0.383512 -0.134562 -0.117222 -0.142259 -0.254264 -0.298378 -0.302041 -0.243245 -0.219067 -0.194423 -0.379088 -0.243311 -0.267127 -0.072618 -0.289820 -0.166222 -0.107355 -0.206006 -0.351822 -0.301175 -0.217695 -0.107904 -0.274195
0.108743 -0.224376 -0.021721 0.071099 0.365107 0.182205 0.056345 0.214997 0.049855 0.291663 0.424971 0.374847 0.440498 0.648937 0.563209 1.000000 0.419713 0.279953 -0.318219 -0.179342 0.331749 0.406249 0.020237 -0.026999 0.110566 0.071522 0.500165 0.379428 0.311797 0.420060 0.284421 0.287910 0.005129 0.212735 -0.165158 0.059627 0.085332 0.097804 0.033496 -0.144148 0.236973 0.075872 -0.199620 -0.291011 -0.098925 -0.267347 -0.072986 -0.342469 0.033421 -0.231722 0.127319 -0.125805 0.038565 -0.296616 -0.158875 -0.253781 0.243616 -0.095931 0.098815 -0.221298 0.313367 0.233118 0.401481 0.250498 0.257417 0.046681 -0.324088 -0.370691 -0.232791 -0.214110 0.177055 0.189921 0.291532 0.201604 0.197787 0.133245 0.224967 0.054492 0.164150 0.073491 0.388379 0.421176 0.208986 0.502328 0.394625 0.280786 -0.057883 -0.035084 0.261223 0.202414 -0.348748 -0.497690 -0.393352 -0.536465 -0.170335 0.062615 -0.286714 -0.189705 -0.383815 -0.294601 -0.436233 -0.444948 -0.431562 -0.599615 -0.521072 -0.381180 -0.088383 -0.335835 -0.126169 -0.075423 -0.134965 -0.349253 -0.537520 -0.166591 -0.074355 -0.139846
0.328750 0.035331 -0.224979 -0.274937 -0.095111 0.061486 -0.220876 -0.366657 -0.184297 -0.082808 0.456556 0.122141 0.427802 0.281313 0.411595 0.419713 1.000000 0.288540 -0.200186 -0.060695 0.023575 0.110886 -0.010835 -0.169900 -0.024008 -0.107299 0.184423 0.093392 0.482522 0.239841 0.121388 0.076196 0.220294 0.349225 -0.098429 0.089311 0.183395 0.167282 -0.027744 -0.131488 0.034071 0.134220 -0.062816 -0.115004 -0.035616 -0.222995 -0.167362 -0.366357 -0.033411 -0.132598 0.088348 -0.141480 -0.065801 -0.153775 -0.160525 -0.080067 0.556822 0.308776 -0.003877 -0.112364 0.232334 0.016373 0.557114 0.482757 0.049358 -0.184174 -0.077816 -0.340330 0.098013 -0.100006 0.168295 0.206013 0.331437 0.372660 0.323371 0.160264 0.201407 0.128368 0.380193 0.294998 0.643964 0.429410 0.247990 0.397149 0.521438 0.220666 0.182962 0.010050 0.019054 -0.013170 -0.266070 -0.322782 -0.379118 -0.363138 0.008021 0.056303 -0.168844 -0.039298 -0.168091 -0.093066 -0.415288 -0.296274 -0.291009 -0.340212 -0.279805 -0.098332 -0.021982 -0.257961 -0.089233 -0.073787 -0.337138 -0.167049 -0.259180 -0.095925 -0.137973 -0.142928
-0.038748 0.012730 -0.312270 -0.391646 0.022748 -0.128336 -0.284114 -0.225427 -0.092029 -0.134954 0.088652 0.199727 0.108849 0.101822 0.180985 0.279953 0.288540 1.000000 -0.384280 -0.277305 0.055694 0.137605 -0.141389 -0.311473 -0.070896 -0.054342 0.080239 0.070605 0.408567 0.522082 0.215983 0.046416 0.070761 0.024473 0.073559 0.024036 0.423015 0.386875 0.211461 0.022052 0.255638 0.257444 0.019979 0.017969 -0.035169 -0.030053 0.155581 -0.172654 -0.123462 0.050360 -0.128088 0.044559 -0.088143 0.008698 -0.043200 0.148730 0.104629 0.127407 -0.291706 -0.378887 -0.157621 -0.232817 0.172933 0.213677 -0.080572 -0.276164 -0.298463 -0.419620 -0.000260 -0.192788 0.143296 0.373487 0.426396 0.347262 0.293039 0.283208 0.423837 0.191109 0.249337 0.337536 0.426278 0.504273 -0.057394 0.195450 0.284600 0.220791 0.004225 0.092735 -0.010234 -0.110486 -0.153952 -0.314014 -0.164356 -0.239621 0.065685 -0.015427 0.085642 -0.077355 -0.004344 -0.027194 -0.263128 -0.203450 -0.354503 -0.245875 -0.217546 -0.113453 -0.063648 -0.264753 -0.189927 -0.020774 -0.117373 0.070892 -0.256937 -0.198071 -0.017282 0.057954
0.188534 0.367721 0.436314 0.258726 0.007838 -0.061236 0.234362 0.158407 -0.072822 0.026745 0.085295 -0.195151 -0.035810 -0.192034 -0.061821 -0.318219 -0.200186 -0.384280 1.000000 0.595436 -0.138944 -0.169142 0.246128 0.177499 0.052442 -0.037285 -0.111565 -0.100021 -0.338152 -0.407930 -0.123466 -0.069720 0.115205 0.321123 0.126483 0.075285 -0.489663 -0.363403 -0.290282 -0.191987 -0.271132 -0.260534 -0.107871 -0.138477 -0.043370 -0.055516 -0.327902 0.048522 -0.202871 -0.144014 -0.091439 -0.272303 -0.136679 -0.048756 -0.226379 -0.278547 -0.019248 0.095215 0.014035 -0.033007 0.218479 0.167363 -0.079009 -0.068868 0.068396 0.012453 0.303921 0.278647 0.373840 0.345650 -0.205976 -0.363540 -0.403554 -0.439044 -0.434760 -0.286017 -0.475567 -0.168719 -0.319181 -0.278511 -0.312487 -0.170234 0.069840 0.000284 -0.291383 -0.300790 0.175507 -0.016098 -0.024975 -0.031189 0.166521 0.395046 0.224371 0.272479 -0.003689 -0.185104 -0.277347 -0.063088 -0.017772 -0.014384 0.243299 0.252568 0.418478 0.281215 0.249465 0.100534 0.031826 0.097139 0.111082 -0.168078 -0.035085 -0.016513 0.186528 -0.020505 -0.028618 -0.047181
0.248569 0.387450 0.167034 0.324549 -0.113571 -0.103944 -0.163782 0.041153 -0.277790 0.139794 0.155873 -0.058137 -0.208377 -0.111162 -0.107320 -0.179342 -0.060695 -0.277305 0.595436 1.000000 -0.100317 -0.277363 0.089450 0.455514 -0.072346 -0.010944 -0.106532 0.027273 -0.349768 -0.381821 -0.336839 -0.179427 0.233922 0.281172 0.170800 0.154405 -0.439800 -0.229326 -0.309033 -0.153193 -0.254687 -0.169156 -0.260825 -0.238664 -0.059843 -0.041972 -0.436240 0.164316 -0.077719 -0.229801 -0.162080 -0.283635 -0.282385 -0.188130 -0.337034 -0.294241 0.260158 0.334528 0.077262 0.086821 0.077239 0.234109 0.066324 0.165578 -0.163557 -0.047296 0.255091 0.266219 0.508343 0.682798 -0.137206 -0.492895 -0.553321 -0.334379 -0.307162 -0.358476 -0.433086 -0.147484 -0.183004 -0.165642 -0.103709 -0.049398 0.242009 0.158008 -0.249687 -0.263091 0.130574 0.038351 -0.158718 -0.096094 0.283382 0.472201 0.308738 0.209366 -0.084013 -0.301145 -0.424293 -0.020475 0.049045 0.068406 0.094896 0.266468 0.365403 0.244101 0.221642 -0.046911 0.252984 0.206650 -0.163055 -0.151269 -0.011840 -0.002513 0.192357 -0.028118 -0.104508 -0.172445
0.099542 -0.155049 0.102655 0.090339 0.412573 0.221345 0.252802 0.191504 0.391201 0.133851 0.054332 -0.050622 0.244508 0.211552 0.260933 0.331749 0.023575 0.055694 -0.138944 -0.100317 1.000000 0.544538 0.077509 -0.029217 0.145127 0.166920 0.545028 0.253403 0.077651 0.188304 0.308868 0.260552 -0.003196 0.057792 -0.082545 -0.127370 0.068012 -0.059107 -0.148380 -0.173537 0.107453 0.016141 -0.283543 -0.290119 -0.329014 -0.349417 -0.209125 -0.356804 -0.054677 -0.238534 -0.081628 -0.068070 0.112202 -0.187004 -0.274027 -0.298561 0.095039 -0.095132 0.125525 -0.024901 0.390147 0.198735 0.157256 0.063664 0.194451 0.071281 -0.104888 -0.249863 -0.014837 -0.033124 0.298040 0.234632 0.120629 0.185721 0.135751 0.150123 0.024624 0.172432 0.008083 -0.202480 0.122088 0.137721 0.089381 0.064539 0.116291 0.089338 0.055981 -0.064516 0.075067 0.068312 -0.162234 -0.191518 -0.139716 -0.219534 0.024606 0.020299 -0.214275 -0.170066 -0.264464 -0.060893 -0.124499 -0.097253 -0.055922 -0.181327 -0.141669 -0.270789 -0.073983 -0.143782 0.010275 0.108407 -0.124131 -0.089940 -0.273981 -0.205678 -0.064113 -0.067776
0.086490 -0.254120 0.119590 0.026451 0.408803 0.257989 0.409279 0.268635 0.391343 0.003075 0.137467 0.143367 0.360985 0.394615 0.201517 0.406249 0.110886 0.137605 -0.169142 -0.277363 0.544538 1.000000 0.162232 -0.046232 0.154540 0.092380 0.424211 0.199393 0.258316 0.412783 0.484633 0.544697 0.119836 0.261561 -0.245987 -0.119049 0.062000 -0.073621 -0.111321 -0.079042 0.245035 0.063061 -0.131092 -0.141997 -0.180536 -0.368166 -0.102431 -0.450707 -0.133551 -0.232890 0.043127 -0.010887 0.130025 -0.101124 -0.236224 -0.305428 0.184207 -0.239496 0.061565 -0.211403 0.457478 0.140680 0.337537 0.203452 0.281154 0.105032 -0.118328 -0.343414 -0.131168 -0.249138 0.153076 0.261887 0.389861 0.239391 0.296457 0.345402 0.177312 0.132224 0.110959 -0.039961 0.175310 0.290393 0.054037 0.203918 0.193080 0.290072 -0.008829 -0.212541 0.235292 0.107648 -0.423237 -0.503214 -0.352810 -0.471419 -0.037230 0.123669 -0.268836 -0.222961 -0.412913 -0.288940 -0.300848 -0.375524 -0.241592 -0.422724 -0.434734 -0.362678 -0.076551 -0.142218 -0.008279 0.094197 -0.202891 -0.159677 -0.454610 -0.260370 0.039435 0.014067
0.109800 -0.113227 0.646977 0.407016 -0.060405 0.238350 0.292870 0.057338 -0.170530 -0.120114 0.099662 -0.218295 -0.141024 -0.111995 0.288729 0.020237 -0.010835 -0.141389 0.246128 0.089450 0.077509 0.162232 1.000000 0.492404 0.332671 0.309668 0.231793 0.424932 0.158177 -0.081604 0.412609 0.402956 -0.021846 0.031838 -0.003546 -0.046623 -0.111842 -0.010673 0.109513 0.176836 -0.079971 0.186086 -0.274584 -0.220582 -0.315580 -0.425445 -0.314178 -0.373134 -0.395668 -0.481545 -0.039825 -0.236725 -0.123235 0.018433 0.004612 -0.381410 -0.003534 -0.034409 -0.110812 -0.266413 0.115801 -0.013849 -0.002987 -0.115396 0.286721 -0.014005 0.078269 0.079016 -0.093425 0.018138 -0.200545 -0.159727 -0.074743 -0.111442 -0.056746 -0.052556 -0.078142 0.165847 0.035298 0.113289 0.027640 0.051418 0.063275 0.318623 0.225886 0.168666 -0.034903 -0.116358 0.248259 0.229481 -0.233004 -0.071149 -0.042246 -0.111705 -0.213990 -0.151587 -0.246171 -0.101498 -0.337568 -0.234399 -0.107607 0.024239 0.040876 -0.143257 -0.087747 -0.215756 -0.229405 -0.087983 -0.135995 -0.081574 -0.040188 -0.269598 -0.137195 -0.022964 -0.030884 -0.172086
-0.021656 -0.104719 0.415336 0.502766 -0.030122 0.164678 0.141288 0.271115 -0.129694 0.260315 0.007855 -0.014664 -0.171839 -0.005658 0.047679 -0.026999 -0.169900 -0.311473 0.177499 0.455514 -0.029217 -0.046232 0.492404 1.000000 0.204518 0.335064 0.141605 0.363001 -0.218163 -0.249700 0.093596 0.208176 0.011537 -0.046114 0.034277 -0.024781 -0.207910 -0.183335 0.045961 0.165385 -0.127494 -0.081064 -0.218773 -0.166867 -0.176613 -0.158211 -0.225429 0.040505 -0.189479 -0.349715 -0.061748 -0.118590 -0.237386 -0.002533 -0.137089 -0.198248 -0.069422 -0.118754 -0.043987 -0.059237 -0.019251 0.096101 -0.091250 -0.089848 0.107002 0.097550 0.071992 0.237683 0.015389 0.366099 -0.193056 -0.272363 -0.261776 -0.248920 -0.127364 -0.166399 -0.267038 -0.023890 -0.086286 -0.004146 -0.111655 -0.181493 0.022113 0.047052 -0.135852 -0.066159 -0.135648 -0.045240 0.037344 0.220089 0.065187 0.116950 0.173255 0.013882 -0.297592 -0.164839 -0.209174 -0.013170 -0.215408 -0.131908 0.037368 -0.012262 0.107372 -0.043324 -0.102624 -0.206921 -0.095746 -0.081002 -0.224021 -0.023313 0.152881 -0.116112 -0.132137 -0.018943 -0.052472 -0.118888
-0.093736 -0.291149 0.279141 0.204968 0.255100 0.186697 0.221848 0.188643 0.277484 0.101761 -0.070927 -0.149489 0.038415 -0.044569 0.341395 0.110566 -0.024008 -0.070896 0.052442 -0.072346 0.145127 0.154540 0.332671 0.204518 1.000000 0.489807 0.197440 0.171391 0.007021 -0.032470 0.347307 0.088760 -0.006869 -0.045891 0.118856 0.064191 -0.075991 -0.049843 -0.171132 -0.076411 -0.104963 0.023951 -0.068066 -0.170241 0.069010 -0.061464 -0.114471 -0.225373 -0.024576 -0.078775 0.243075 -0.025165 0.235937 -0.150514 -0.183293 -0.355109 -0.198554 -0.264128 0.065748 -0.092451 0.117901 0.011745 0.101392 -0.076857 0.273044 0.012104 0.128659 0.178378 -0.146721 -0.078009 0.023842 0.076800 -0.004296 -0.045193 0.016545 0.034783 -0.041772 0.081299 -0.131254 0.004821 -0.060222 -0.140025 0.233156 0.105573 0.089467 0.098739 0.042369 -0.141459 0.277770 0.110917 -0.208209 -0.098309 0.112780 -0.118649 -0.226886 -0.134616 -0.280141 -0.316050 -0.167170 -0.321333 0.010231 -0.089490 0.069274 -0.193763 -0.075725 -0.252076 0.025799 -0.135008 -0.128692 -0.057462 0.036007 -0.329207 -0.140572 -0.296510 -0.199290 -0.113860
-0.230901 -0.278619 0.283490 0.269441 0.208061 0.271269 0.095106 0.167946 0.125094 0.058251 -0.242729 -0.139372 -0.073089 -0.078229 0.151705 0.071522 -0.107299 -0.054342 -0.037285 -0.010944 0.166920 0.092380 0.309668 0.335064 0.489807 1.000000 0.259920 0.440009 -0.009537 0.111355 0.330719 0.394280 -0.106650 -0.043745 0.080967 -0.003626 0.170558 0.125042 0.202551 0.191813 0.041194 0.249175 0.030748 -0.081989 -0.097900 -0.092239 -0.049080 -0.142350 -0.105443 -0.190983 0.037139 -0.050283 -0.030148 -0.226728 -0.139802 -0.171383 -0.208890 -0.313327 -0.181434 -0.279107 -0.064914 -0.098868 -0.035208 -0.150917 0.100367 0.062375 -0.127450 0.001880 -0.194120 -0.068715 0.031616 0.141482 0.165553 0.032471 0.115418 0.007761 -0.031586 0.159435 0.110380 0.039426 0.065945 -0.032084 -0.084092 -0.002059 -0.077095 0.082806 -0.267727 -0.185650 0.032548 0.010605 -0.227134 -0.203283 0.060813 -0.109183 -0.126885 -0.146307 -0.078025 0.032220 -0.169630 -0.166041 -0.107480 -0.134259 -0.151180 -0.333385 -0.073506 -0.154062 -0.129594 -0.072615 -0.315887 -0.081741 0.276285 -0.269665 -0.158771 -0.222355 -0.092378 -0.130650
0.105557 -0.206743 0.200371 0.194289 0.404063 0.412793 0.269114 0.216718 0.252794 0.224549 0.210182 0.131965 0.286238 0.280695 0.446677 0.500165 0.184423 0.080239 -0.111565 -0.106532 0.545028 0.424211 0.231793 0.141605 0.197440 0.259920 1.000000 0.503924 0.032284 0.108655 0.294048 0.259631 -0.035901 0.148149 0.012112 0.118541 -0.000470 -0.125464 -0.125257 -0.041363 -0.094995 -0.001996 -0.312098 -0.423869 -0.244318 -0.363172 -0.161570 -0.370726 -0.046337 -0.243208 0.063270 -0.106047 0.076802 -0.278721 -0.137860 -0.357796 -0.008616 -0.168422 0.241632 0.024536 0.336771 0.126821 0.277089 0.073954 0.161017 0.060015 -0.034473 -0.071390 -0.075276 -0.100779 0.145013 0.279917 0.147815 0.111936 0.121115 -0.013268 -0.113175 0.010746 -0.083791 -0.086237 0.138695 0.143234 0.108625 0.275210 0.202492 0.224338 0.005292 0.000036 0.261883 0.250118 -0.130999 -0.311206 -0.248871 -0.350591 -0.091673 -0.013510 -0.255624 -0.209114 -0.332865 -0.342843 -0.384455 -0.316128 -0.245622 -0.405386 -0.303647 -0.410131 -0.088873 -0.308370 0.039979 -0.092811 -0.020290 -0.214248 -0.479748 -0.237328 -0.146616 -0.108392
-0.066086 -0.317269 0.336470 0.347125 0.150127 0.533310 -0.028443 0.088202 -0.096270 0.208752 0.178382 0.119232 -0.017060 0.158396 0.364734 0.379428 0.093392 0.070605 -0.100021 0.027273 0.253403 0.199393 0.424932 0.363001 0.171391 0.440009 0.503924 1.000000 0.148567 0.065029 0.225574 0.194637 -0.219889 -0.042547 0.057979 0.103674 0.085917 -0.020440 0.124818 -0.077543 0.076585 0.123746 -0.343029 -0.352399 -0.400050 -0.400469 -0.238240 -0.254951 -0.278211 -0.357607 -0.001675 -0.205722 -0.186748 -0.220539 -0.106499 -0.309142 -0.052809 -0.219788 0.096585 -0.130841 0.100916 0.079810 0.011425 -0.027193 0.142159 0.107769 -0.243994 -0.096932 -0.150349 -0.047083 0.105436 0.254221 0.096882 0.075582 0.087141 -0.006315 -0.068971 -0.043922 0.006837 0.004393 0.189050 0.187373 -0.011631 0.272366 0.321508 0.309158 -0.139181 -0.035314 0.237232 0.194473 -0.049171 -0.160955 -0.090928 -0.236767 -0.160296 -0.173689 -0.151356 0.034689 -0.226272 -0.223134 -0.428431 -0.257799 -0.373388 -0.385510 -0.420549 -0.439313 -0.063249 -0.354507 -0.284308 -0.008635 0.220158 -0.197132 -0.381848 -0.110610 -0.148014 -0.178058
-0.012396 -0.160235 -0.141588 -0.182780 -0.122152 0.190457 -0.105452 -0.218965 -0.104201 -0.188385 0.284469 0.105439 0.321268 0.224535 0.253467 0.311797 0.482522 0.408567 -0.338152 -0.349768 0.077651 0.258316 0.158177 -0.218163 0.007021 -0.009537 0.032284 0.148567 1.000000 0.614750 0.453233 0.363625 0.202317 0.045406 -0.165646 -0.212264 0.443798 0.314150 0.241425 0.078888 0.401151 0.439522 -0.020191 0.003427 -0.231615 -0.326384 0.109491 -0.451904 -0.210437 -0.165790 0.125901 0.002786 0.010547 0.074816 0.075693 0.057134 0.287149 -0.010047 -0.313061 -0.408261 0.039737 -0.168737 0.364556 0.173215 0.264710 -0.148505 -0.326274 -0.560774 -0.229904 -0.446728 0.124354 0.291937 0.594877 0.498952 0.477924 0.581157 0.419009 0.217343 0.551152 0.339213 0.650313 0.451533 0.194747 0.450027 0.550361 0.360328 -0.002996 -0.043913 0.242239 0.093648 -0.654995 -0.561905 -0.502279 -0.499289 0.053447 0.078353 0.031995 -0.051837 -0.296490 -0.204074 -0.467313 -0.381730 -0.481705 -0.510871 -0.417853 -0.211123 -0.152568 -0.206236 -0.167841 -0.030515 -0.222053 -0.183763 -0.197608 -0.219397 -0.006742 -0.089885
-0.085093 -0.108159 -0.228476 -0.145200 0.160371 -0.019911 -0.048299 0.086557 0.055790 -0.110695 0.160614 0.261153 0.267967 0.419750 0.177061 0.420060 0.239841 0.522082 -0.407930 -0.381821 0.188304 0.412783 -0.081604 -0.249700 -0.032470 0.111355 0.108655 0.065029 0.614750 1.000000 0.451974 0.486107 0.069657 0.150214 -0.259497 -0.173966 0.453595 0.304580 0.156580 0.008383 0.528610 0.395580 0.145936 0.161667 -0.091802 -0.177768 0.283303 -0.185544 -0.001405 -0.059249 0.074580 0.029570 0.093219 0.100199 -0.145630 0.072856 0.155324 -0.172789 -0.316108 -0.471322 -0.037183 -0.075035 0.248084 0.146906 0.049953 -0.123834 -0.597522 -0.684532 -0.219773 -0.451456 0.292962 0.363783 0.628113 0.487479 0.423427 0.590919 0.499879 0.322490 0.501560 0.217503 0.449385 0.499794 -0.040291 0.229084 0.227883 0.134169 -0.242202 -0.164667 0.063182 -0.033777 -0.502703 -0.632750 -0.447018 -0.535188 0.109875 0.123251 0.117729 -0.033324 -0.288241 -0.104538 -0.460584 -0.450736 -0.564172 -0.586063 -0.346289 -0.263404 -0.112371 -0.226350 -0.198209 0.017554 -0.042865 -0.132687 -0.250541 -0.318243 0.043619 -0.106700
0.109784 -0.158813 0.265594 -0.043341 0.363261 0.237574 0.461400 0.118792 0.147907 -0.231011 -0.010392 -0.098961 0.223538 0.136136 0.234312 0.284421 0.121388 0.215983 -0.123466 -0.336839 0.308868 0.484633 0.412609 0.093596 0.347307 0.330719 0.294048 0.225574 0.453233 0.451974 1.000000 0.695791 0.156331 0.211682 -0.080283 -0.053369 0.223602 0.069186 0.039107 -0.002990 0.355972 0.228588 0.017546 0.036483 -0.150742 -0.219162 0.040601 -0.370189 -0.193063 -0.163552 0.115139 0.021079 0.017724 0.058888 -0.171370 -0.214433 0.103667 -0.196471 -0.195464 -0.455439 0.163877 -0.209203 0.269632 0.020217 0.231926 -0.198376 -0.116938 -0.296539 -0.296322 -0.360005 0.186353 0.264515 0.527620 0.259244 0.232887 0.315388 0.312682 0.282918 0.222277 0.166596 0.286989 0.249060 -0.088834 0.247030 0.159218 0.213932 -0.283463 -0.412252 0.135911 0.115523 -0.582042 -0.624867 -0.448339 -0.464245 0.051287 0.085870 -0.148671 -0.189437 -0.510838 -0.360598 -0.354267 -0.369613 -0.428417 -0.549996 -0.364055 -0.308244 -0.397748 -0.326703 -0.128389 0.061295 -0.186862 -0.357212 -0.348089 -0.254028 -0.114473 -0.072233
0.007564 -0.206744 0.209860 0.140389 0.266179 0.189900 0.347056 0.240709 0.102905 -0.099609 -0.001934 -0.069554 0.161639 0.191614 0.137516 0.287910 0.076196 0.046416 -0.069720 -0.179427 0.260552 0.544697 0.402956 0.208176 0.088760 0.394280 0.259631 0.194637 0.363625 0.486107 0.695791 1.000000 0.083320 0.189017 -0.187555 -0.200002 0.194349 0.037456 0.111698 0.092577 0.244466 0.270944 0.039312 0.048645 -0.152621 -0.264362 0.039331 -0.273243 -0.223426 -0.275569 0.019619 -0.070111 -0.130411 0.030382 -0.145368 -0.186297 0.178261 -0.184360 -0.298417 -0.418318 0.143472 -0.086082 0.287006 0.115750 0.183698 -0.074391 -0.197133 -0.279673 -0.109842 -0.233540 0.073668 0.124337 0.424702 0.277797 0.178183 0.243488 0.233137 0.299144 0.383265 -0.001426 0.315289 0.248824 -0.112489 0.249304 0.094625 0.167249 -0.307683 -0.289954 0.010625 0.077992 -0.480534 -0.520661 -0.405319 -0.442689 0.019053 0.061071 -0.112470 -0.056885 -0.435971 -0.175583 -0.327465 -0.381078 -0.316315 -0.512176 -0.236095 -0.310111 -0.308104 -0.240051 -0.090692 0.032958 -0.088359 -0.290401 -0.230191 -0.177274 -0.067036 -0.108019
0.356313 0.407835 -0.115596 -0.060219 0.002122 -0.137069 0.095919 -0.019869 0.034988 -0.205882 0.053895 -0.041255 0.150589 0.129846 -0.183290 0.005129 0.220294 0.070761 0.115205 0.233922 -0.003196 0.119836 -0.021846 0.011537 -0.006869 -0.106650 -0.035901 -0.219889 0.202317 0.069657 0.156331 0.083320 1.000000 0.479853 -0.110956 0.144724 -0.179665 -0.081186 -0.244650 -0.114062 0.069480 -0.018771 -0.046191 0.056611 0.114295 0.042450 -0.135401 0.026590 0.042894 0.082720 -0.052421 -0.052584 0.091247 -0.000236 -0.192345 -0.156796 0.351819 0.284548 0.136204 0.047916 0.200169 0.041538 0.463562 0.406951 -0.058300 -0.184083 0.227789 0.002131 0.180155 0.143185 -0.067048 -0.255344 0.094762 0.135960 0.048568 0.147481 0.009378 0.060186 -0.021965 0.073385 0.123867 0.186581 0.055286 0.157318 -0.081671 -0.063321 -0.036541 -0.077158 -0.039952 -0.133251 -0.307163 -0.311180 -0.359186 -0.365201 0.046329 -0.065933 -0.221294 -0.152995 -0.139756 -0.179909 -0.181235 -0.206842 -0.073565 -0.141985 -0.037201 -0.158294 -0.109365 -0.070643 -0.236523 0.003628 -0.147405 -0.086152 -0.012922 -0.190455 -0.090790 -0.194223
0.506130 0.548573 0.080906 0.005594 0.224523 -0.053808 0.218381 0.047006 -0.021935 -0.130920 0.284269 0.091964 0.268500 0.278964 0.109590 0.212735 0.349225 0.024473 0.321123 0.281172 0.057792 0.261561 0.031838 -0.046114 -0.045891 -0.043745 0.148149 -0.042547 0.045406 0.150214 0.211682 0.189017 0.479853 1.000000 -0.175443 0.268683 -0.259824 -0.004692 -0.353832 -0.303065 0.119276 -0.037505 -0.126606 0.011106 0.037506 -0.129852 -0.366569 -0.115827 0.035297 -0.118460 0.018830 -0.200540 -0.099257 -0.139013 -0.273982 -0.309114 0.467704 0.263886 0.221452 -0.108406 0.422302 0.164258 0.451568 0.394451 -0.041816 -0.126500 0.106728 -0.238032 0.312701 0.193284 0.000298 -0.123324 0.140449 0.009638 -0.007282 0.093820 -0.104677 0.065082 0.040541 0.003483 0.073269 0.364371 -0.045026 0.236415 -0.142518 -0.215661 -0.135026 -0.332882 0.016908 -0.148262 -0.256002 -0.346021 -0.342187 -0.387487 0.113642 0.137149 -0.418725 -0.040267 -0.287727 -0.126854 -0.272985 -0.290653 -0.166272 -0.268570 -0.131185 -0.160649 0.014965 -0.129998 -0.039585 0.073103 -0.182819 -0.127697 -0.178606 -0.140389 -0.116217 -0.072419
-0.276426 -0.092879 -0.113159 -0.233339 -0.063040 0.041774 -0.188073 -0.315402 -0.135012 -0.176430 -0.146291 -0.272155 -0.271788 -0.295356 -0.093738 -0.165158 -0.098429 0.073559 0.126483 0.170800 -0.082545 -0.245987 -0.003546 0.034277 0.118856 0.080967 0.012112 0.057979 -0.165646 -0.259497 -0.080283 -0.187555 -0.110956 -0.175443 1.000000 0.347721 -0.018789 -0.118843 -0.045000 0.014663 -0.209959 -0.030110 0.012206 -0.141450 0.195540 0.114095 0.063115 0.100068 0.024992 0.171456 0.004263 -0.054254 -0.046084 -0.010056 -0.040260 -0.074736 -0.144545 0.031598 -0.048607 -0.080234 -0.311462 -0.279293 -0.258577 -0.242401 -0.141583 -0.231584 0.166412 0.201744 0.001765 0.136592 0.096971 0.216309 -0.117610 -0.202938 -0.198941 -0.233036 -0.155571 -0.048805 -0.241789 -0.099771 -0.119079 -0.047603 0.043723 -0.009977 -0.000815 0.034935 0.113679 0.062478 -0.124696 -0.162207 0.296021 0.267123 0.171606 0.153079 0.152372 -0.098406 0.042305 0.175771 0.195974 -0.073392 0.047257 0.167819 0.065561 0.154584 0.153171 0.180215 0.173529 0.031148 0.045481 0.004801 0.107400 0.240716 0.051256 0.039181 -0.048593 0.082750
0.169061 0.145075 -0.197713 -0.032104 -0.034620 -0.028331 -0.199097 -0.159450 -0.248113 -0.181827 0.124297 0.071484 -0.008955 0.044263 0.013653 0.059627 0.089311 0.024036 0.075285 0.154405 -0.127370 -0.119049 -0.046623 -0.024781 0.064191 -0.003626 0.118541 0.103674 -0.212264 -0.173966 -0.053369 -0.200002 0.144724 0.268683 0.347721 1.000000 -0.096557 -0.114922 -0.140941 -0.254018 -0.069050 -0.128094 -0.149530 -0.152864 0.166532 0.053092 -0.193590 0.190394 0.126751 0.153870 -0.076852 -0.107475 -0.046019 -0.006079 -0.066573 -0.055360 -0.018586 0.114146 0.293933 0.127763 -0.001535 0.008478 0.022343 -0.029848 -0.353014 -0.069520 0.121495 0.190514 0.053229 0.266302 -0.034805 0.036866 0.104974 -0.235488 -0.082019 -0.239163 0.048187 0.107626 -0.400227 0.049497 -0.164038 0.057451 -0.213005 0.057268 -0.107302 0.028128 -0.081511 -0.030704 -0.094158 -0.043843 0.181766 -0.064663 -0.218252 -0.244663 0.098889 0.039389 -0.177142 0.112109 -0.040434 -0.081007 -0.251412 -0.106080 -0.198701 -0.052455 -0.110802 -0.068167 -0.017539 -0.243576 -0.029025 0.041048 0.406201 0.077811 -0.152244 -0.032555 0.026363 -0.092507
