1.000000 0.561181 -0.516810 -0.389710 -0.349825 -0.186642 -0.278147 -0.281066 -0.228470 -0.274618 0.180478 0.072879 -0.014113 0.152920 -0.145538 -0.105296 0.515165 0.603122 0.287861 0.600572 0.090045 0.239052 -0.025283 0.001391 -0.163691 -0.088659 0.018276 0.024006 0.026532 0.169405 -0.061017 -0.129220 0.487163 0.381364 0.205817 0.056391 -0.177887 -0.408089 0.018952 -0.223393 -0.073154 -0.219049 -0.192242 0.008795 0.092747 -0.220506 -0.066504 -0.164673 -0.053139 -0.095457 -0.269128 -0.143155 -0.121134 0.040283 -0.260903 0.121007 0.830489 0.451334 0.224867 -0.105325 0.157501 0.027787 0.348032 0.618579 -0.164409 -0.194180 0.028980 -0.205319 0.518605 0.354141 -0.208313 -0.313243 0.263110 -0.316089 -0.148953 -0.015335 0.106128 0.088527 0.133507 0.143943 0.237542 0.125731 -0.181928 0.018505 0.182836 0.047655 -0.006554 -0.144479 -0.365264 -0.208348 -0.540945 -0.501003 -0.543612 -0.450539 0.022852 0.215337 -0.046000 0.298331 -0.063339 0.194790 -0.339861 -0.209052 -0.234516 -0.010582 -0.184631 0.077618 -0.006456 0.069647 0.274855 0.374880 0.035155 0.090811 0.014577 0.048360 0.227799 0.158314
0.561181 1.000000 -0.329011 -0.284206 -0.272090 -0.020939 -0.102825 -0.012734 0.056493 0.070448 0.238196 0.418168 0.087429 0.389657 -0.059716 -0.004672 0.331979 0.504530 0.092398 0.465093 -0.044695 0.098615 -0.115720 -0.206607 -0.282553 -0.127244 0.137584 0.051065 -0.079218 0.105669 -0.286025 -0.394316 0.371919 0.170078 -0.056605 -0.252169 -0.190683 -0.443592 0.038321 -0.115540 -0.025746 -0.405663 -0.349480 -0.213665 -0.291741 -0.538839 -0.108203 -0.337601 -0.124468 -0.213562 0.124140 0.172479 0.149606 0.163563 -0.002220 0.201280 0.524884 0.716915 0.305067 0.341267 0.235762 0.424512 -0.024428 0.581313 -0.127939 0.051864 0.249850 -0.260737 0.480158 0.361700 -0.235370 -0.394679 0.068873 -0.471901 -0.232301 -0.130896 -0.213418 -0.109920 0.058689 0.111393 0.123047 0.010993 -0.242454 -0.318690 0.314094 0.086690 -0.011773 -0.082231 -0.189625 0.114499 -0.378392 -0.484288 -0.332549 -0.373759 0.046818 0.065520 0.064643 0.238043 -0.084350 -0.184781 -0.144644 -0.376770 -0.286622 -0.289092 -0.321563 -0.046185 0.020209 0.064360 0.215815 0.280591 -0.264881 -0.146133 0.022418 -0.111567 0.186470 0.049221
-0.516810 -0.329011 1.000000 0.157427 0.295958 0.012815 0.568998 0.330178 0.162878 0.095876 0.041923 0.016828 0.115234 -0.148421 0.006754 -0.020335 -0.330720 -0.463798 0.021289 -0.423581 -0.172656 -0.245145 -0.039932 -0.163445 -0.030200 -0.176910 -0.041306 -0.168732 -0.026306 -0.133657 -0.061679 -0.090354 -0.282581 -0.215285 -0.042782 -0.037776 0.136153 0.328463 0.022351 0.252136 0.193122 0.394744 -0.032090 -0.262245 0.060559 0.207152 -0.162541 -0.123576 0.054031 0.108466 0.297194 0.101874 0.232114 0.050456 0.229714 -0.049047 -0.571543 -0.404918 -0.043994 0.112339 0.153620 0.098225 -0.136852 -0.206664 0.062279 0.182502 0.100046 0.186559 -0.490296 -0.423914 0.189528 0.184002 -0.302947 0.371887 0.292130 -0.019201 0.051465 -0.181678 -0.083332 -0.141782 -0.268900 -0.145075 0.147900 0.026751 -0.199516 -0.005957 -0.114665 0.116752 0.195611 0.295779 0.248416 0.285257 0.310968 0.243283 -0.175809 -0.203142 -0.016048 -0.343654 0.094394 -0.139878 0.342596 0.167213 0.192945 -0.113100 0.127054 -0.204522 0.122238 -0.307149 -0.328694 -0.389804 -0.235883 -0.183448 -0.020041 -0.101028 -0.297838 -0.252750
-0.389710 -0.284206 0.157427 1.000000 0.365440 0.651076 0.006522 0.528919 0.063590 0.566808 -0.371528 0.013919 -0.359831 0.007624 0.008326 0.504744 -0.363677 -0.212956 -0.249015 -0.227132 -0.051654 -0.180569 -0.043674 0.377577 0.056990 0.133092 0.130957 0.086754 -0.161728 0.041536 0.310682 0.307007 -0.349609 -0.242297 -0.080857 -0.042676 0.037380 0.136025 -0.096289 0.160089 0.031367 0.153663 0.007421 -0.101713 -0.373363 -0.061971 -0.046757 -0.006280 -0.273515 -0.303925 -0.000885 -0.187698 -0.112547 -0.235299 -0.122251 -0.304695 -0.283832 -0.363168 -0.379237 -0.166890 -0.112754 0.089565 -0.186799 -0.332234 0.114804 0.352122 -0.360357 0.066073 -0.320835 -0.207182 0.070898 0.184563 -0.236191 0.109410 -0.083316 0.007661 -0.041825 -0.051561 -0.188861 -0.206318 -0.208915 -0.341118 0.074986 0.014898 -0.141744 -0.212519 -0.001057 0.053332 0.245855 0.282286 0.437781 0.394104 0.630844 0.190255 0.049894 -0.091440 -0.047814 -0.164568 -0.224889 -0.095327 0.426249 0.007274 0.361269 0.049236 0.307880 0.066932 0.145044 0.062852 -0.274262 -0.160575 -0.021297 -0.072211 -0.344182 -0.145952 -0.009520 -0.047420
-0.349825 -0.272090 0.295958 0.365440 1.000000 0.384035 0.145542 0.177743 0.562247 0.479353 -0.253937 -0.097492 -0.248413 -0.017129 0.340295 0.393519 -0.113080 -0.178371 -0.149857 -0.214221 0.001292 -0.239915 0.272647 0.173909 0.332451 -0.051878 0.305203 -0.110122 0.075907 0.043089 0.293321 0.111033 -0.360372 -0.251421 0.085653 0.022641 0.143100 0.081470 -0.005882 0.013515 0.041867 0.159012 -0.029394 -0.169376 -0.128499 0.135358 -0.100383 -0.105535 -0.248853 -0.165897 -0.022345 -0.236257 0.081029 -0.086247 -0.118180 -0.387047 -0.333862 -0.364453 -0.135972 -0.221593 0.161201 0.019308 -0.168834 -0.273581 0.419654 0.184204 -0.394798 -0.006711 -0.296149 -0.151195 0.120496 0.163855 -0.193521 0.184288 0.152425 0.160265 0.052375 -0.046268 -0.034471 -0.117292 -0.130764 -0.282247 0.300923 0.089725 -0.315112 -0.377743 0.031212 0.013136 0.239892 -0.025876 0.316938 0.384055 0.385463 0.508223 -0.028227 0.041191 -0.206387 -0.202701 -0.093680 -0.039159 0.240542 0.229477 0.163730 0.172907 0.194503 0.164895 0.187920 0.050697 -0.306176 -0.368827 -0.149394 0.063825 -0.047197 0.039997 0.022744 -0.010034
-0.186642 -0.020939 0.012815 0.651076 0.384035 1.000000 -0.003936 0.481738 0.143593 0.649453 -0.367183 0.047600 -0.424518 0.127671 0.076033 0.456232 -0.164858 -0.014093 -0.156161 -0.123054 -0.054611 -0.101441 0.034922 0.241346 0.027469 0.214816 0.466127 0.273252 -0.154979 0.047285 0.167499 0.086909 -0.201806 -0.250230 -0.123223 -0.141892 -0.168360 -0.146192 0.023809 0.051070 -0.079165 -0.142650 -0.124801 -0.272846 -0.434907 -0.246730 -0.113975 -0.067457 -0.291358 -0.432886 0.006341 -0.193341 0.099855 -0.082823 0.006534 -0.175376 -0.088468 -0.261380 -0.223088 0.078872 -0.093868 0.120282 -0.172737 -0.088710 0.103967 0.199454 -0.200064 0.046961 -0.065200 -0.048623 0.034758 0.113156 -0.199349 -0.151416 -0.259895 0.063241 -0.224094 -0.169837 -0.201338 -0.158890 -0.135720 -0.387514 -0.052766 -0.207169 -0.042530 -0.323885 -0.039705 0.060763 0.109090 0.171236 0.347290 0.289051 0.451078 0.222831 0.138483 -0.003366 -0.056772 0.012503 -0.097701 0.037556 0.254685 -0.015833 0.211091 0.053388 0.194292 0.197609 0.058481 0.093055 -0.079472 -0.050931 -0.072103 0.078560 -0.241420 -0.252530 -0.091408 -0.019738
-0.278147 -0.102825 0.568998 0.006522 0.145542 -0.003936 1.000000 0.496176 0.136035 0.214178 0.312532 0.343455 0.424670 0.285282 -0.167986 0.084866 -0.078569 -0.262178 0.193214 -0.223727 -0.161227 -0.315382 -0.257827 -0.414624 -0.292723 -0.452636 -0.024109 -0.311840 0.113694 0.029743 -0.231850 -0.406138 0.088159 0.058636 -0.200202 -0.278925 -0.031413 0.111220 -0.133894 0.145818 0.086780 0.065832 -0.053976 -0.379378 -0.096054 -0.048747 0.006152 -0.166567 0.055443 -0.006326 0.213805 0.104726 0.135109 -0.018149 0.159681 -0.066599 -0.205483 -0.236805 -0.327054 0.210489 0.265741 0.245253 0.177280 0.160111 -0.190458 0.033960 -0.113411 0.151539 -0.285956 -0.224020 0.090226 -0.049603 -0.078275 0.078291 0.106594 -0.182950 -0.034994 -0.265456 -0.063508 -0.073378 -0.021222 -0.084416 0.072593 -0.080537 -0.254757 -0.061109 -0.310798 -0.082702 0.008641 0.217134 0.327030 0.166028 0.143464 0.042617 -0.109101 -0.129977 -0.109897 -0.249610 0.117013 -0.090018 0.259220 0.128618 0.266371 -0.120343 -0.029126 -0.144252 0.027267 -0.212794 -0.204901 -0.364637 -0.244929 -0.117818 0.024109 -0.144722 -0.311197 -0.214886
-0.281066 -0.012734 0.330178 0.528919 0.177743 0.481738 0.496176 1.000000 0.081410 0.607085 -0.065695 0.476275 -0.027446 0.318635 -0.315071 0.345335 -0.281611 -0.200304 -0.097715 -0.201285 0.003677 -0.379621 -0.401800 -0.204411 -0.340057 -0.263768 0.098472 -0.263962 -0.039532 0.226345 -0.029937 -0.228562 -0.085548 0.021289 -0.241467 -0.167659 -0.045336 -0.004230 -0.009311 0.295375 0.141670 -0.012890 -0.088676 -0.368626 -0.336583 -0.175696 -0.024944 -0.164829 -0.130933 -0.207093 0.029814 -0.039413 0.007717 -0.315376 0.123757 -0.016025 -0.207554 -0.219177 -0.349289 0.282261 0.196148 0.555306 -0.098191 -0.048878 -0.251184 0.288168 -0.182996 0.181611 -0.206552 -0.200074 0.042061 0.012279 -0.169743 -0.140135 -0.197917 -0.010746 -0.270168 -0.173590 -0.161492 -0.212641 -0.146695 -0.399358 -0.110253 -0.263922 -0.218837 -0.297025 -0.347056 -0.166302 0.072751 0.418566 0.404063 0.122092 0.356462 -0.035187 0.052527 -0.136682 0.071981 -0.183339 -0.036256 -0.144134 0.470755 -0.067687 0.340836 -0.121081 0.037786 -0.070432 0.091973 -0.160585 -0.139319 -0.215831 -0.181033 -0.063733 -0.304521 -0.339618 -0.185898 -0.240310
-0.228470 0.056493 0.162878 0.063590 0.562247 0.143593 0.136035 0.081410 1.000000 0.460539 0.099331 0.107002 -0.040540 0.196254 0.449923 0.184121 0.041051 -0.069905 -0.260102 -0.198229 0.003120 -0.088106 0.290846 -0.111882 0.151157 -0.098310 0.206659 -0.019391 -0.083666 -0.254489 -0.184295 -0.288907 -0.221336 -0.249320 -0.008497 -0.178902 -0.107451 -0.118008 -0.175992 -0.047138 -0.167849 -0.129544 -0.115643 -0.085328 -0.130478 -0.002021 -0.183064 -0.156482 -0.105586 -0.060941 0.131407 -0.036902 0.135091 -0.035710 -0.037071 -0.106470 -0.132382 -0.027995 0.100381 0.038312 0.202248 0.185132 -0.231500 -0.046621 0.384107 0.334354 -0.033823 0.007434 -0.047871 -0.111137 -0.105788 -0.198530 -0.305579 -0.069561 0.107782 -0.192455 -0.160247 -0.145283 0.097710 0.114865 -0.075355 -0.068268 -0.063402 -0.361023 -0.119568 -0.105075 0.109796 0.049908 0.181419 0.127744 0.126505 0.183328 0.197654 0.400152 -0.114547 0.111720 -0.121756 0.002585 -0.205097 -0.054896 0.128085 0.065348 -0.090829 0.105155 -0.043435 0.064253 -0.009371 0.027939 -0.076930 -0.214204 -0.157054 0.019897 0.250338 -0.073528 0.033467 -0.027062
-0.274618 0.070448 0.095876 0.566808 0.479353 0.649453 0.214178 0.607085 0.460539 1.000000 -0.175247 0.360769 -0.232283 0.315784 -0.019625 0.593025 -0.256044 -0.124712 -0.175831 -0.192806 -0.111423 -0.413025 -0.180712 -0.018996 -0.224386 -0.270965 0.146819 -0.214681 -0.196812 0.050705 -0.124347 -0.307987 -0.196069 -0.267845 -0.240802 -0.318142 -0.005705 -0.088834 -0.112498 0.074706 0.028391 -0.171862 -0.078132 -0.262466 -0.471695 -0.347288 0.006650 -0.109128 -0.165502 -0.257576 0.173866 0.025172 0.120188 -0.160813 0.111569 -0.092107 -0.101374 -0.128791 -0.135953 0.233453 0.140850 0.505444 -0.272471 -0.113535 -0.005698 0.387282 -0.165759 -0.025272 -0.064578 -0.092111 -0.063089 -0.030677 -0.254478 -0.115896 -0.104644 -0.065681 -0.195657 -0.119363 -0.142161 -0.230385 -0.159523 -0.413908 -0.139864 -0.411263 -0.199586 -0.295964 -0.105845 -0.077376 0.235519 0.370679 0.492796 0.261530 0.521670 0.211818 0.023694 -0.067957 0.094899 -0.119636 -0.051164 -0.115179 0.342595 0.079691 0.219521 0.054886 0.039579 0.057399 0.061965 0.058199 -0.231227 -0.236349 -0.147116 -0.057806 -0.225990 -0.294878 -0.121464 -0.162945
0.180478 0.238196 0.041923 -0.371528 -0.253937 -0.367183 0.312532 -0.065695 0.099331 -0.175247 1.000000 0.413247 0.679506 0.479409 0.007396 -0.010301 0.194210 0.146027 -0.028659 0.021600 -0.067233 -0.158912 -0.160185 -0.313362 -0.338167 -0.340449 -0.105915 -0.167539 0.209385 0.028277 -0.317305 -0.314787 0.101220 0.063988 -0.051567 -0.295796 -0.052359 -0.063546 -0.166539 0.045509 0.013424 -0.145605 -0.017680 0.007481 0.074869 -0.134620 0.104656 -0.058966 0.191508 0.158995 0.187990 0.337407 0.188578 0.241561 0.237014 0.185097 0.133207 0.226476 0.103002 0.164283 0.150535 0.162801 0.197865 0.300222 -0.263365 -0.104277 0.081985 -0.140851 0.124979 -0.135009 -0.242103 -0.406004 -0.015437 -0.231785 -0.095761 -0.187778 -0.123639 -0.209566 0.232706 0.178052 0.104743 0.150650 -0.002530 0.002843 0.071944 0.357236 -0.141796 0.041964 -0.050711 0.168982 -0.197148 -0.230454 -0.263523 -0.167853 -0.224590 -0.116332 0.000020 0.135580 0.148037 0.021849 -0.107800 -0.232049 -0.211037 -0.353726 -0.216720 -0.306131 -0.251437 -0.254788 -0.049275 -0.002092 -0.113497 -0.130684 0.172596 0.034652 -0.117066 -0.096973
0.072879 0.418168 0.016828 0.013919 -0.097492 0.047600 0.343455 0.476275 0.107002 0.360769 0.413247 1.000000 0.309999 0.634135 -0.316928 0.285328 -0.147973 -0.026581 -0.018249 0.186539 0.020047 -0.337261 -0.506432 -0.265933 -0.660733 -0.586967 -0.002429 -0.314460 -0.079577 0.243479 -0.405121 -0.577600 0.116341 0.081243 -0.332271 -0.398363 -0.112840 -0.077136 0.011182 0.262295 0.136656 -0.119943 -0.156715 -0.263089 -0.339162 -0.475606 0.054253 -0.136305 -0.026383 -0.145124 0.143449 0.269167 0.097852 -0.052823 0.164760 0.228114 0.034344 0.115502 -0.039591 0.350495 0.297477 0.650626 -0.087813 0.179398 -0.308796 0.301969 0.007190 0.008355 0.137889 0.045723 -0.205888 -0.305729 -0.201439 -0.293679 -0.277608 -0.122563 -0.213405 -0.208583 -0.043692 -0.174146 -0.087009 -0.227140 -0.169443 -0.207609 -0.006272 0.079829 -0.315634 -0.075145 0.151807 0.426039 0.150736 -0.170665 0.062824 -0.200350 0.011071 -0.087650 0.198351 0.016188 0.089950 -0.171657 0.189267 -0.192914 0.137488 -0.199407 -0.141792 -0.137519 0.011369 -0.088649 -0.190889 -0.033724 -0.151206 -0.216523 -0.204577 -0.241540 -0.076393 -0.257349
-0.014113 0.087429 0.115234 -0.359831 -0.248413 -0.424518 0.424670 -0.027446 -0.040540 -0.232283 0.679506 0.309999 1.000000 0.471328 0.097340 0.014698 0.027976 -0.062176 0.021926 0.037345 -0.003981 -0.100393 -0.024244 -0.275515 -0.271342 -0.179273 -0.043490 -0.038118 0.244038 -0.023239 -0.280527 -0.330795 0.139381 0.298984 0.000243 -0.126961 0.026465 -0.016007 -0.047066 -0.089511 -0.015496 -0.141971 -0.047150 -0.082095 -0.019763 -0.133024 0.035284 -0.012346 0.129060 0.133968 0.114638 0.267000 0.006953 0.111698 0.259239 0.093614 -0.035976 0.124346 -0.114569 0.134914 -0.014693 0.035640 0.127090 0.179826 -0.313052 -0.185811 -0.007236 -0.022857 0.076818 -0.005588 -0.224226 -0.234839 0.023611 -0.179026 -0.106738 -0.177601 -0.043139 -0.165609 0.030036 0.128887 0.073561 0.182706 0.198890 0.072322 0.130252 0.366975 -0.061459 -0.018673 -0.003119 0.043554 -0.004398 -0.219696 -0.188385 -0.109244 -0.125732 -0.082063 0.004787 0.007080 0.061281 -0.102572 -0.122018 -0.122778 -0.173015 -0.282520 -0.183986 -0.243669 -0.184687 -0.128662 -0.102017 -0.018797 -0.045143 -0.242788 0.050713 -0.012606 -0.048270 -0.046027
0.152920 0.389657 -0.148421 0.007624 -0.017129 0.127671 0.285282 0.318635 0.196254 0.315784 0.479409 0.634135 0.471328 1.000000 0.005764 0.376564 -0.052923 0.223815 -0.164443 0.318666 0.121857 -0.149723 -0.106760 0.012342 -0.472796 -0.280921 0.310587 -0.108798 -0.119907 0.086472 -0.284817 -0.468309 0.212432 0.203242 -0.209847 -0.229099 -0.219766 -0.348718 -0.062172 -0.204613 -0.233131 -0.316863 -0.330041 -0.315136 -0.379301 -0.443689 -0.174186 -0.248004 -0.070312 -0.260670 -0.055065 0.034196 -0.058653 -0.064882 0.008294 0.029503 0.208009 0.222710 -0.151100 0.104468 0.100622 0.298014 -0.000992 0.177681 -0.210182 0.050047 -0.140208 0.124387 0.334544 0.279520 -0.292500 -0.344532 -0.068189 -0.369955 -0.225183 -0.109729 -0.225452 -0.112478 -0.281777 -0.055031 -0.122046 -0.265920 -0.147109 -0.284819 0.160926 0.104784 -0.169655 -0.240663 -0.085325 0.147738 0.108600 -0.151747 0.004770 -0.082142 0.023055 0.239774 -0.079325 0.371326 -0.179333 0.063281 -0.072540 -0.242522 -0.055939 -0.063457 -0.097561 -0.028980 -0.051167 0.028691 0.217881 0.270948 -0.101906 0.030956 0.027553 -0.053780 0.077001 0.084720
-0.145538 -0.059716 0.006754 0.008326 0.340295 0.076033 -0.167986 -0.315071 0.449923 -0.019625 0.007396 -0.316928 0.097340 0.005764 1.000000 0.136832 0.134980 -0.080531 -0.236508 -0.074408 0.064352 0.218222 0.626096 0.101045 0.388893 0.390506 0.368859 0.495526 0.223644 -0.277531 0.144319 0.152165 -0.231302 -0.113062 0.339512 0.128023 -0.035396 -0.067976 0.055515 -0.202305 -0.212353 -0.050967 -0.143893 -0.042556 -0.095920 0.039403 -0.266373 -0.226350 -0.164966 -0.068044 0.051337 -0.083375 0.062610 0.106363 -0.077004 -0.301482 -0.113832 -0.001943 0.109266 -0.100403 -0.191936 -0.230126 -0.144386 -0.100741 0.447748 0.071862 -0.021642 -0.115053 -0.007754 0.029300 0.045645 -0.052365 -0.014278 0.047519 0.077789 0.028491 0.014480 0.050438 0.079688 0.181853 -0.049998 0.051305 0.395515 0.046949 0.114544 -0.029734 0.396754 0.169347 0.117501 -0.100813 -0.113679 -0.017636 -0.019110 0.331001 0.012659 0.092724 -0.248822 0.006668 -0.353237 -0.154633 -0.133818 -0.153657 -0.259263 -0.007456 0.067527 0.152152 -0.066880 0.187331 -0.083371 0.043706 -0.172928 -0.087924 0.144118 0.077565 0.093549 0.258627
-0.105296 -0.004672 -0.020335 0.504744 0.393519 0.456232 0.084866 0.345335 0.184121 0.593025 -0.010301 0.285328 0.014698 0.376564 0.136832 1.000000 -0.233250 -0.019444 -0.029305 0.011228 -0.077089 -0.314094 -0.231665 0.178197 -0.283503 -0.267340 0.286674 -0.018622 0.053453 0.225519 0.104003 -0.023797 -0.203823 -0.233003 -0.203723 -0.322111 0.118990 -0.111867 -0.037733 -0.016470 0.096581 -0.064172 -0.126908 -0.213556 -0.453157 -0.412888 0.029109 -0.091823 -0.209015 -0.242830 0.103809 0.018611 0.068760 -0.038566 0.058332 -0.112568 -0.047046 -0.127596 -0.365026 0.034750 -0.180886 0.197970 -0.055485 -0.054140 -0.103944 0.079687 -0.328271 -0.178713 0.065915 0.064505 -0.118906 -0.142452 -0.178305 -0.101363 -0.100332 0.029006 -0.086307 -0.152189 -0.157607 -0.153541 -0.077473 -0.319525 0.313182 0.104478 -0.031574 -0.047341 0.061040 0.084139 0.293105 0.303864 0.304267 0.131569 0.339077 0.182852 0.007348 -0.114997 -0.040929 -0.071351 -0.036747 -0.029117 0.100996 -0.120716 0.295218 0.033038 0.132680 -0.030690 0.014367 0.157872 -0.299050 -0.068619 -0.127316 -0.047860 -0.375373 -0.149114 -0.099776 -0.111432
0.515165 0.331979 -0.330720 -0.363677 -0.113080 -0.164858 -0.078569 -0.281611 0.041051 -0.256044 0.194210 -0.147973 0.027976 -0.052923 0.134980 -0.233250 1.000000 0.552093 0.141325 0.096085 0.033038 0.274572 0.287467 -0.241327 0.273685 0.144152 -0.069145 0.130423 0.322020 0.041500 0.020136 0.021979 0.398087 0.370691 0.189466 0.041954 -0.107931 -0.322450 -0.020290 -0.054449 -0.200380 -0.289136 -0.145497 -0.025543 0.147105 0.034266 -0.021174 -0.273110 -0.037320 0.047979 0.023703 -0.060065 0.050836 0.120417 -0.072238 0.021159 0.593942 0.511947 0.132875 -0.076727 0.186645 -0.070450 0.416553 0.544523 0.132823 -0.073127 -0.050710 -0.277930 0.275459 0.145758 -0.075557 -0.319382 0.331928 -0.352030 -0.192076 -0.073301 -0.035017 0.010626 0.545918 0.557695 0.589313 0.501490 -0.042056 -0.076372 0.244866 0.065085 0.219913 0.140298 -0.141267 -0.191067 -0.639587 -0.515970 -0.608770 -0.388761 0.026198 -0.008040 -0.213904 0.094008 -0.178158 -0.173723 -0.262218 -0.264138 -0.481257 -0.293737 -0.314573 -0.093478 -0.162419 0.064741 0.177051 0.050639 -0.238644 -0.187372 0.069739 -0.063289 -0.064659 -0.039359
0.603122 0.504530 -0.463798 -0.212956 -0.178371 -0.014093 -0.262178 -0.200304 -0.069905 -0.124712 0.146027 -0.026581 -0.062176 0.223815 -0.080531 -0.019444 0.552093 1.000000 0.281515 0.438048 -0.011696 0.161358 0.171076 0.026655 0.087900 0.058917 0.129349 0.062517 0.100147 0.236259 0.037068 0.042176 0.349335 0.207519 -0.053157 -0.036381 -0.122909 -0.531571 0.029144 -0.219082 -0.180017 -0.266941 -0.147450 -0.051315 0.083427 -0.175586 -0.123639 -0.198630 -0.015954 -0.109129 -0.121765 -0.174213 -0.105737 0.100199 -0.125502 0.137271 0.575882 0.546320 0.100006 -0.126814 0.008050 -0.109046 0.333538 0.510837 0.014690 -0.257238 0.012989 -0.346435 0.500141 0.341773 -0.187543 -0.302254 0.352831 -0.382951 -0.144857 -0.126356 -0.036618 -0.062119 0.221442 0.346057 0.387247 0.102076 -0.171442 -0.081769 0.333242 -0.076120 -0.007980 -0.149752 -0.219552 -0.108241 -0.546135 -0.426395 -0.477448 -0.379966 0.055283 0.089202 -0.073689 0.342018 -0.036119 0.142790 -0.369524 -0.288578 -0.398392 -0.254155 -0.287234 -0.111550 -0.101624 -0.062779 0.278229 0.254916 -0.051960 0.151902 0.085284 0.015204 -0.024215 0.059912
0.287861 0.092398 0.021289 -0.249015 -0.149857 -0.156161 0.193214 -0.097715 -0.260102 -0.175831 -0.028659 -0.018249 0.021926 -0.164443 -0.236508 -0.029305 0.141325 0.281515 1.000000 0.264955 -0.152879 -0.105074 -0.189481 -0.172843 -0.103401 -0.267910 -0.099114 -0.190139 0.246547 0.250828 0.044879 0.017810 0.267070 0.172405 -0.013259 -0.241775 0.092183 0.082318 0.160814 0.125254 0.252982 0.096054 -0.099658 -0.284962 -0.026215 -0.224557 0.020252 -0.103176 -0.121175 -0.155783 0.000747 -0.166579 0.090144 0.209885 0.002035 0.050953 0.231538 0.007061 -0.132631 0.083777 -0.056612 -0.053894 0.421043 0.333115 -0.154256 -0.347839 0.089129 -0.263601 0.130939 0.100589 0.094707 -0.024754 0.196353 0.093489 0.113846 -0.037061 0.281505 -0.020134 -0.014278 -0.004421 0.297059 0.079904 0.118582 0.277641 0.143899 -0.019646 -0.044778 -0.018731 -0.064672 0.010419 -0.160632 -0.101408 -0.178587 -0.159737 0.010583 -0.177937 -0.091236 -0.123510 0.084955 0.097795 -0.201112 0.016938 0.049472 0.016262 -0.050443 -0.140584 0.024767 0.067242 -0.156599 -0.117450 -0.077854 0.046672 -0.076866 -0.129007 -0.300985 -0.156109
0.600572 0.465093 -0.423581 -0.227132 -0.214221 -0.123054 -0.223727 -0.201285 -0.198229 -0.192806 0.021600 0.186539 0.037345 0.318666 -0.074408 0.011228 0.096085 0.438048 0.264955 1.000000 0.229548 0.175801 0.005931 0.303403 -0.212363 -0.056716 0.235831 0.048050 -0.114516 0.117099 -0.004744 -0.122946 0.351035 0.365668 0.026605 0.068403 -0.224216 -0.377785 0.070511 -0.329804 -0.257613 -0.255057 -0.346466 -0.116565 -0.161214 -0.299975 -0.273862 -0.203646 -0.119214 -0.252960 -0.320114 -0.091520 -0.234111 0.069939 -0.364198 0.002602 0.468943 0.299121 0.063511 -0.103247 -0.043835 -0.006627 0.001022 0.261169 -0.101960 -0.145199 0.035775 0.071612 0.570924 0.686421 -0.152505 -0.214264 0.135670 -0.225499 -0.177799 0.090033 0.111952 0.159127 -0.254603 -0.157482 -0.062830 -0.141368 -0.045543 0.003120 0.198139 0.070611 -0.066358 -0.274412 -0.398417 -0.206592 -0.190689 -0.301773 -0.305872 -0.284405 0.106893 0.395370 -0.071413 0.361668 -0.201999 0.179712 -0.372882 -0.242366 -0.082468 0.051970 -0.058818 0.088517 0.214698 0.004157 0.320401 0.541523 0.135442 0.098872 -0.028676 0.091827 0.241132 0.181748
0.090045 -0.044695 -0.172656 -0.051654 0.001292 -0.054611 -0.161227 0.003677 0.003120 -0.111423 -0.067233 0.020047 -0.003981 0.121857 0.064352 -0.077089 0.033038 -0.011696 -0.152879 0.229548 1.000000 0.316771 0.160306 0.175904 0.084202 0.211371 0.221594 0.160095 -0.105866 -0.001402 0.007094 0.005818 0.078821 0.268386 0.378480 0.334054 0.078776 -0.015712 0.163849 -0.078260 -0.141895 0.070447 -0.182514 0.040193 0.039240 0.100696 -0.254510 -0.139329 -0.031695 -0.136710 -0.270634 -0.165213 -0.185257 -0.380425 -0.160774 -0.080827 0.140085 -0.006156 -0.037427 -0.184447 0.090922 -0.067087 -0.020961 -0.051924 0.055564 -0.094333 0.077839 0.350817 0.176231 0.252362 0.150967 0.191432 0.047191 0.036109 -0.072063 0.196063 0.078508 0.245595 -0.085487 -0.110756 -0.054123 -0.056320 0.027683 -0.108954 0.044483 -0.086739 0.104368 -0.260966 -0.011699 -0.139436 -0.055317 -0.197659 -0.227286 -0.021854 -0.015740 0.211775 -0.097509 0.129351 -0.301460 -0.073171 -0.180114 -0.167997 -0.069840 0.120792 0.119224 0.232330 -0.038788 0.065258 0.159428 0.242102 0.026549 -0.032675 0.060251 -0.000706 0.205162 0.190075
0.239052 0.098615 -0.245145 -0.180569 -0.239915 -0.101441 -0.315382 -0.379621 -0.088106 -0.413025 -0.158912 -0.337261 -0.100393 -0.149723 0.218222 -0.314094 0.274572 0.161358 -0.105074 0.175801 0.316771 1.000000 0.381799 0.253286 0.303621 0.470679 0.057191 0.433951 -0.075424 -0.283922 0.135675 0.255351 0.096142 0.198568 0.262994 0.253198 -0.180815 -0.095243 -0.010468 -0.242852 -0.294353 -0.050728 -0.132598 0.159401 0.203376 0.219448 -0.203526 -0.073642 0.078322 0.045723 -0.094105 -0.132235 -0.190598 0.084009 -0.349766 0.015376 0.264431 0.195263 0.105443 -0.240902 -0.205431 -0.451811 0.051815 0.022803 0.132275 -0.169889 0.204377 0.162992 0.228624 0.232578 0.199062 0.208798 0.162256 0.063728 0.079739 0.076126 0.106475 0.239316 0.027910 0.093768 0.034165 0.285530 -0.166991 -0.090622 0.167054 0.051300 0.231100 0.051310 -0.310922 -0.334039 -0.329629 -0.263455 -0.352014 -0.219415 0.062619 0.304112 -0.283473 0.256032 -0.295214 0.011736 -0.222191 -0.182281 -0.261923 0.005917 0.036897 0.289996 -0.097931 0.135981 0.408640 0.325920 -0.017147 0.053554 0.322572 0.139310 0.335694 0.382249
-0.025283 -0.115720 -0.039932 -0.043674 0.272647 0.034922 -0.257827 -0.401800 0.290846 -0.180712 -0.160185 -0.506432 -0.024244 -0.106760 0.626096 -0.231665 0.287467 0.171076 -0.189481 0.005931 0.160306 0.381799 1.000000 0.378468 0.731799 0.680996 0.271659 0.429880 0.056022 -0.318741 0.326389 0.355235 -0.093191 0.082041 0.355950 0.435475 -0.102760 -0.144011 0.048041 -0.362511 -0.394267 -0.037111 -0.148743 0.059548 0.066614 0.259608 -0.372554 -0.171301 -0.215373 -0.109106 -0.185071 -0.287859 -0.226384 0.034615 -0.266831 -0.356553 -0.013981 0.077204 0.151185 -0.336062 -0.124218 -0.464241 -0.105121 -0.118530 0.540696 0.013270 -0.065750 0.027113 0.132218 0.171276 0.125698 0.089995 0.163067 0.106789 0.167015 0.104615 0.110164 0.176249 0.054551 0.275871 -0.026885 0.160302 0.096969 -0.139398 0.101830 -0.142797 0.340935 -0.038943 -0.077943 -0.350686 -0.244547 -0.013498 -0.095355 0.269012 -0.033114 0.270905 -0.382152 0.139317 -0.402101 -0.092291 -0.186956 -0.050921 -0.404125 0.009350 0.061744 0.203554 0.009875 0.108465 0.178238 0.160846 -0.016737 -0.020102 0.230150 0.149113 0.163952 0.240008
0.001391 -0.206607 -0.163445 0.377577 0.173909 0.241346 -0.414624 -0.204411 -0.111882 -0.018996 -0.313362 -0.265933 -0.275515 0.012342 0.101045 0.178197 -0.241327 0.026655 -0.172843 0.303403 0.175904 0.253286 0.378468 1.000000 0.271937 0.368313 0.250484 0.207965 -0.348385 -0.081279 0.431752 0.474392 -0.155663 -0.122685 0.035375 0.237657 -0.091209 0.000772 -0.052481 -0.346581 -0.255535 0.143643 -0.171732 0.039113 -0.156412 0.020935 -0.300822 -0.001014 -0.236517 -0.281357 -0.325458 -0.296823 -0.382032 -0.016895 -0.370417 -0.213695 -0.029047 -0.146351 -0.127019 -0.399939 -0.337666 -0.379734 -0.194169 -0.313498 0.226565 -0.055406 -0.124688 0.306500 0.177871 0.323783 0.018869 0.191464 -0.148465 0.206763 0.073858 0.205805 0.113815 0.259221 -0.432434 -0.324856 -0.400256 -0.292207 0.018440 0.150472 -0.040489 -0.091588 0.181746 -0.141607 -0.111017 -0.131043 0.180613 0.257146 0.256536 0.226749 0.050882 0.373733 -0.280468 0.253297 -0.269546 0.190721 -0.117708 0.038692 0.125154 0.245113 0.344955 0.269569 0.206859 0.079180 0.200572 0.333732 0.250686 0.179671 -0.012738 0.182528 0.305612 0.330843
-0.163691 -0.282553 -0.030200 0.056990 0.332451 0.027469 -0.292723 -0.340057 0.151157 -0.224386 -0.338167 -0.660733 -0.271342 -0.472796 0.388893 -0.283503 0.273685 0.087900 -0.103401 -0.212363 0.084202 0.303621 0.731799 0.271937 1.000000 0.658729 0.119888 0.300803 0.197214 -0.160099 0.520915 0.588307 -0.115279 0.078344 0.422869 0.443455 -0.001792 0.039218 0.063622 -0.077033 -0.152000 0.047401 0.035313 0.135648 0.201965 0.467854 -0.168152 -0.063593 -0.144455 -0.058001 -0.162938 -0.316572 -0.133892 -0.001122 -0.216739 -0.340839 -0.124734 0.000977 0.113460 -0.373055 -0.003913 -0.413219 -0.070843 -0.209945 0.629170 -0.014797 -0.077185 -0.028972 -0.111532 -0.038022 0.199555 0.230717 0.183208 0.175430 0.172648 0.116021 0.049892 0.104812 0.281285 0.365598 0.142536 0.234726 0.135690 -0.003220 0.020450 -0.254913 0.314969 0.041976 0.049819 -0.383528 -0.234315 0.081059 -0.076332 0.202299 0.009179 0.072698 -0.310617 -0.063112 -0.268455 -0.120029 -0.076900 0.062558 -0.286970 -0.019979 0.020022 0.108035 0.032374 0.123867 0.042503 -0.066491 0.010160 0.023991 0.172345 0.088109 0.116692 0.136605
-0.088659 -0.127244 -0.176910 0.133092 -0.051878 0.214816 -0.452636 -0.263768 -0.098310 -0.270965 -0.340449 -0.586967 -0.179273 -0.280921 0.390506 -0.267340 0.144152 0.058917 -0.267910 -0.056716 0.211371 0.470679 0.680996 0.368313 0.658729 1.000000 0.263004 0.710536 -0.023011 -0.295920 0.365434 0.529297 -0.118409 0.084485 0.316478 0.439174 -0.076626 -0.015961 0.231767 -0.136672 -0.201545 -0.070323 -0.108924 0.126637 -0.027517 0.196269 -0.250062 0.056082 -0.217898 -0.201767 -0.236373 -0.277818 -0.203139 -0.113127 -0.152467 -0.226712 -0.030965 0.033432 0.038762 -0.236860 -0.260028 -0.446802 -0.158800 -0.223002 0.356503 -0.059143 0.028906 0.117508 0.056481 0.102532 0.117181 0.197999 0.125387 0.003033 -0.061579 0.158653 -0.025896 0.146940 0.014317 0.249746 0.020305 0.109153 0.049592 -0.082541 0.265148 -0.082842 0.302098 0.105768 -0.117323 -0.356136 -0.218263 -0.005807 -0.036827 0.146943 0.108390 0.213300 -0.110505 0.182408 -0.316760 -0.058008 -0.131943 -0.155887 -0.278622 -0.023967 0.120169 0.221183 0.016253 0.180880 0.258248 0.280401 0.156503 0.022178 0.087351 0.011062 0.243590 0.279481
0.018276 0.137584 -0.041306 0.130957 0.305203 0.466127 -0.024109 0.098472 0.206659 0.146819 -0.105915 -0.002429 -0.043490 0.310587 0.368859 0.286674 -0.069145 0.129349 -0.099114 0.235831 0.221594 0.057191 0.271659 0.250484 0.119888 0.263004 1.000000 0.461080 -0.139794 -0.045507 0.086895 -0.068028 -0.072680 -0.050926 0.041409 0.053767 -0.222061 -0.259848 0.131188 -0.210816 -0.180088 -0.059432 -0.248585 -0.235108 -0.288816 -0.234324 -0.342192 -0.218989 -0.157507 -0.382996 -0.112881 -0.174983 0.035929 -0.021199 0.012053 -0.172438 0.004585 -0.057286 -0.117238 -0.114016 -0.119428 -0.102924 -0.185447 0.038651 0.176827 -0.003482 -0.133617 0.101566 0.175418 0.277126 -0.057488 -0.022132 -0.202469 -0.095167 -0.148039 0.133665 -0.186299 -0.061673 -0.248908 -0.068422 -0.276738 -0.322068 0.133377 -0.091663 0.048010 -0.169783 0.113425 -0.046639 0.053838 -0.105034 0.089310 0.046954 0.111464 0.333432 0.196488 0.178941 -0.158801 0.210505 -0.046871 -0.002258 -0.131827 -0.154341 0.032207 0.077580 0.108926 0.344536 0.136895 0.016929 0.114317 0.294149 0.005425 0.216735 -0.041420 -0.061857 0.143433 0.208568
0.024006 0.051065 -0.168732 0.086754 -0.110122 0.273252 -0.311840 -0.263962 -0.019391 -0.214681 -0.167539 -0.314460 -0.038118 -0.108798 0.495526 -0.018622 0.130423 0.062517 -0.190139 0.048050 0.160095 0.433951 0.429880 0.207965 0.300803 0.710536 0.461080 1.000000 -0.046352 -0.380631 0.030800 0.210091 0.014286 0.003921 0.210480 0.127851 -0.161586 -0.114702 0.163272 -0.053456 -0.132156 -0.122169 -0.218323 -0.012860 -0.171715 -0.102189 -0.304663 -0.115292 -0.221603 -0.280721 -0.036826 -0.089184 0.029236 0.043304 -0.053675 -0.088721 0.087574 0.072534 0.058191 -0.038909 -0.261710 -0.325529 -0.087946 0.020801 0.247954 -0.016593 0.121281 0.037973 0.175964 0.184368 -0.057252 0.050497 -0.124010 -0.145122 -0.173031 -0.020937 -0.153520 -0.139042 0.116697 0.232967 0.099979 0.152354 0.190088 0.022070 0.402710 0.155790 0.320724 0.344168 0.116699 -0.074414 -0.200477 -0.126593 -0.086442 0.121770 0.158164 0.051536 -0.064548 0.143729 -0.201373 -0.099737 -0.136632 -0.322456 -0.214621 -0.085573 0.119606 0.190308 0.010615 0.177358 0.010691 0.189699 -0.031649 -0.088164 0.023184 -0.119003 0.093179 0.151671
0.026532 -0.079218 -0.026306 -0.161728 0.075907 -0.154979 0.113694 -0.039532 -0.083666 -0.196812 0.209385 -0.079577 0.244038 -0.119907 0.223644 0.053453 0.322020 0.100147 0.246547 -0.114516 -0.105866 -0.075424 0.056022 -0.348385 0.197214 -0.023011 -0.139794 -0.046352 1.000000 0.351168 0.332750 0.268265 -0.001219 0.306265 0.236359 0.029590 0.108869 -0.046024 0.036886 0.145428 0.050072 -0.110203 0.258573 0.046042 0.121351 0.180558 0.268674 -0.012466 -0.105813 0.043689 0.043596 -0.036369 0.134356 0.122933 -0.051270 -0.206455 -0.035770 0.004024 -0.172851 -0.006052 0.025278 -0.056549 0.325467 0.166006 0.026441 -0.267358 -0.277158 -0.412811 -0.191976 -0.197614 0.027233 -0.027753 0.382992 -0.224825 -0.224042 -0.059946 -0.141892 -0.262565 0.482432 0.395149 0.589914 0.483132 0.487424 0.301175 0.055683 -0.069876 0.041060 0.059836 0.052497 -0.177812 -0.181093 -0.156011 -0.299772 -0.196308 -0.078514 -0.245980 -0.160204 -0.306104 0.031776 -0.048923 -0.035791 -0.172353 -0.127548 -0.278251 -0.001093 -0.154830 -0.182523 -0.074237 -0.270016 -0.301454 -0.197581 -0.125625 -0.090314 0.011117 -0.126205 -0.035870
0.169405 0.105669 -0.133657 0.041536 0.043089 0.047285 0.029743 0.226345 -0.254489 0.050705 0.028277 0.243479 -0.023239 0.086472 -0.277531 0.225519 0.041500 0.236259 0.250828 0.117099 -0.001402 -0.283922 -0.318741 -0.081279 -0.160099 -0.295920 -0.045507 -0.380631 0.351168 1.000000 0.386050 0.220867 -0.069288 0.117641 -0.137810 -0.011907 0.259964 -0.086803 0.149309 0.044264 0.186016 0.022315 0.049131 -0.098000 -0.015651 -0.109491 0.186754 0.004245 -0.037583 -0.053056 -0.137960 -0.120333 -0.087855 -0.167404 -0.026687 0.015625 -0.008958 -0.028691 -0.242506 -0.120767 -0.043858 0.083628 0.290001 0.148855 -0.220198 -0.102202 -0.233959 -0.276485 -0.053829 -0.131954 0.065517 0.037592 0.385638 -0.076863 -0.068051 0.204058 0.034310 0.049508 0.058319 -0.052003 0.221671 0.046290 0.176621 0.325154 -0.052241 -0.126067 -0.132309 -0.216148 0.003421 -0.002977 -0.044142 -0.046010 -0.060913 -0.227994 -0.130357 -0.230200 0.038001 -0.083761 0.156406 0.111709 -0.052978 0.090586 0.099532 -0.168280 -0.100031 -0.116753 -0.009474 -0.119093 0.026782 -0.037131 0.021931 0.023234 -0.249383 0.087527 -0.081273 -0.053362
-0.061017 -0.286025 -0.061679 0.310682 0.293321 0.167499 -0.231850 -0.029937 -0.184295 -0.124347 -0.317305 -0.405121 -0.280527 -0.284817 0.144319 0.104003 0.020136 0.037068 0.044879 -0.004744 0.007094 0.135675 0.326389 0.431752 0.520915 0.365434 0.086895 0.030800 0.332750 0.386050 1.000000 0.842856 -0.261791 0.062491 0.206853 0.293372 0.039732 -0.041083 0.122464 -0.090367 -0.018604 0.134523 0.110795 0.124100 0.039553 0.294276 0.038339 0.046928 -0.185748 -0.111906 -0.256409 -0.323596 -0.237580 -0.076349 -0.329467 -0.293980 -0.196309 -0.174941 -0.248919 -0.430115 -0.279832 -0.363175 0.072427 -0.260396 0.229626 -0.151591 -0.302422 -0.124635 -0.148598 -0.088466 0.269422 0.274088 0.202838 0.100036 0.088573 0.248966 0.059277 0.164099 -0.025334 -0.001617 0.005129 0.002449 0.275282 0.332219 -0.071867 -0.271639 0.021472 -0.128245 -0.125235 -0.357200 -0.039221 0.119951 0.055278 0.026881 -0.042335 -0.006791 -0.273160 -0.088657 -0.204714 0.076412 0.001572 -0.024169 0.026901 0.019242 0.084376 0.141383 0.105846 0.034381 0.061359 -0.019379 0.093863 0.101046 -0.086909 0.262434 0.132333 0.163249
-0.129220 -0.394316 -0.090354 0.307007 0.111033 0.086909 -0.406138 -0.228562 -0.288907 -0.307987 -0.314787 -0.577600 -0.330795 -0.468309 0.152165 -0.023797 0.021979 0.042176 0.017810 -0.122946 0.005818 0.255351 0.355235 0.474392 0.588307 0.529297 -0.068028 0.210091 0.268265 0.220867 0.842856 1.000000 -0.245518 -0.011566 0.214079 0.297707 0.173433 0.110507 0.127800 0.036304 0.030449 0.228821 0.158893 0.222299 0.159815 0.351743 0.043852 0.145615 -0.117403 -0.015031 -0.179417 -0.288377 -0.211837 -0.021066 -0.229404 -0.209941 -0.204135 -0.162769 -0.171086 -0.424624 -0.406943 -0.557258 0.123509 -0.312306 0.239416 -0.245375 -0.190591 -0.161100 -0.136398 -0.111179 0.226159 0.322897 0.217324 0.218620 0.116927 0.257369 0.125934 0.144358 0.054255 0.094957 0.105495 0.116755 0.316942 0.428341 0.084901 -0.151020 0.147583 0.103023 -0.031494 -0.260733 -0.149157 0.146482 0.000882 0.050485 -0.053459 -0.077130 -0.237012 -0.075424 -0.167081 0.075435 -0.078615 -0.032013 -0.082139 -0.072220 0.109740 0.042454 -0.045315 0.109052 0.027094 -0.037893 0.108891 0.047173 -0.080616 0.189566 0.031110 0.131944
0.487163 0.371919 -0.282581 -0.349609 -0.360372 -0.201806 0.088159 -0.085548 -0.221336 -0.196069 0.101220 0.116341 0.139381 0.212432 -0.231302 -0.203823 0.398087 0.349335 0.267070 0.351035 0.078821 0.096142 -0.093191 -0.155663 -0.115279 -0.118409 -0.072680 0.014286 -0.001219 -0.069288 -0.261791 -0.245518 1.000000 0.561060 0.115222 -0.051103 -0.292524 -0.350041 -0.083826 -0.005321 0.042833 -0.256236 -0.138762 -0.049134 0.047559 -0.161828 0.080227 -0.153691 0.132266 0.063463 0.036371 0.127757 0.103617 0.147508 -0.010593 0.221141 0.531292 0.478787 0.010534 0.063676 0.201588 0.030286 0.305178 0.414300 -0.142772 -0.242919 0.058346 -0.069132 0.358177 0.407977 -0.293670 -0.307384 0.076492 -0.354069 -0.270091 -0.141355 -0.145225 -0.127647 0.056418 0.349139 0.255140 0.131363 -0.167164 -0.089112 0.162919 0.060020 -0.119255 -0.019258 -0.211747 -0.025260 -0.378971 -0.451337 -0.547889 -0.486813 0.119335 -0.036504 0.058946 0.127230 -0.027498 -0.014759 -0.315687 -0.276267 -0.319031 -0.141123 -0.320018 -0.151634 -0.150582 0.136138 0.158027 0.115820 -0.101584 -0.146381 0.143677 -0.203419 -0.099982 -0.081098
0.381364 0.170078 -0.215285 -0.242297 -0.251421 -0.250230 0.058636 0.021289 -0.249320 -0.267845 0.063988 0.081243 0.298984 0.203242 -0.113062 -0.233003 0.370691 0.207519 0.172405 0.365668 0.268386 0.198568 0.082041 -0.122685 0.078344 0.084485 -0.050926 0.003921 0.306265 0.117641 0.062491 -0.011566 0.561060 1.000000 0.354862 0.348270 -0.276107 -0.284180 0.014528 -0.040867 -0.130651 -0.284775 -0.099416 -0.088408 0.098791 0.169828 -0.047663 -0.198253 -0.024589 -0.043934 -0.249057 -0.123081 -0.138852 -0.077271 -0.253669 -0.136142 0.348668 0.251120 -0.099995 -0.153010 0.251796 0.026769 0.267156 0.227623 -0.021521 -0.130465 -0.112224 0.148929 0.209811 0.248484 -0.190418 -0.192341 0.279196 -0.334471 -0.347184 -0.115489 -0.092223 -0.042047 0.133651 0.229215 0.339366 0.279373 -0.001427 -0.067993 0.237832 0.003251 0.009865 -0.154606 -0.312845 -0.306988 -0.273054 -0.466082 -0.503573 -0.481195 0.111436 0.067009 -0.188382 0.025371 -0.267389 -0.058362 -0.205383 -0.275699 -0.324158 -0.188940 -0.225072 -0.014093 -0.075324 0.092867 0.181393 0.100496 -0.028175 -0.169752 0.086348 -0.102772 0.104694 0.094706
0.205817 -0.056605 -0.042782 -0.080857 0.085653 -0.123223 -0.200202 -0.241467 -0.008497 -0.240802 -0.051567 -0.332271 0.000243 -0.209847 0.339512 -0.203723 0.189466 -0.053157 -0.013259 0.026605 0.378480 0.262994 0.355950 0.035375 0.422869 0.316478 0.041409 0.210480 0.236359 -0.137810 0.206853 0.214079 0.115222 0.354862 1.000000 0.458138 -0.013014 -0.049355 0.076721 -0.065190 -0.008061 0.024830 -0.044733 0.094380 0.146170 0.298138 -0.062445 -0.161917 -0.084937 -0.065252 -0.164763 -0.134298 -0.017371 -0.031996 -0.249837 -0.336238 0.168425 0.076451 0.222745 -0.191288 0.243603 -0.134322 0.096779 0.021249 0.367902 -0.009359 0.148280 0.117816 -0.063464 -0.003806 0.130318 0.120206 0.163999 0.023403 -0.019727 -0.028037 0.067186 0.056898 0.184205 0.241388 0.079765 0.133416 0.222621 0.031705 -0.013567 -0.143852 0.215377 -0.108888 -0.023917 -0.278832 -0.256785 -0.162967 -0.275499 -0.101433 -0.019858 0.043571 -0.288070 -0.117259 -0.312988 -0.183986 -0.151846 -0.117400 -0.248079 -0.020587 0.014317 0.069221 -0.058196 0.161701 -0.058760 -0.068997 -0.189996 -0.164251 0.065495 -0.049880 0.143835 0.264687
0.056391 -0.252169 -0.037776 -0.042676 0.022641 -0.141892 -0.278925 -0.167659 -0.178902 -0.318142 -0.295796 -0.398363 -0.126961 -0.229099 0.128023 -0.322111 0.041954 -0.036381 -0.241775 0.068403 0.334054 0.253198 0.435475 0.237657 0.443455 0.439174 0.053767 0.127851 0.029590 -0.011907 0.293372 0.297707 -0.051103 0.348270 0.458138 1.000000 -0.016749 -0.043244 0.189883 -0.196329 -0.204650 0.058279 0.069148 0.139780 0.303470 0.534773 -0.102610 -0.019098 -0.026759 0.055141 -0.377218 -0.272429 -0.299395 -0.284896 -0.223137 -0.333907 -0.098199 -0.136229 0.161859 -0.430160 0.161955 -0.239695 -0.152026 -0.241274 0.349264 0.097659 -0.098001 0.322311 -0.057589 0.098200 0.108998 0.278993 0.241332 0.094637 0.037685 0.141116 0.122445 0.238680 0.039382 0.039758 -0.087378 0.094169 0.037771 -0.016850 -0.042635 -0.127564 0.124430 -0.308590 -0.100571 -0.366410 -0.132577 -0.011996 -0.143711 0.010940 -0.012279 0.211306 -0.164417 0.032191 -0.154061 -0.010346 -0.155447 0.046631 -0.158268 0.114701 0.053614 0.158799 0.071217 -0.034232 0.198308 0.204647 0.154942 0.081358 0.029816 0.153477 0.216902 0.244941
