1.000000 0.548781 0.444609 0.287129 -0.198642 -0.334008 0.307873 0.261597 -0.381534 -0.246252 0.237220 0.183648 -0.078945 0.021033 -0.336554 -0.242372 0.266270 0.400046 0.653640 0.499228 -0.202716 -0.148746 -0.226066 -0.272579 -0.358080 -0.245952 -0.292588 -0.199591 -0.014781 0.362996 -0.093020 -0.030165 0.728985 0.609724 0.038003 -0.014397 0.287303 0.471559 0.231166 0.452542 0.108975 0.392212 -0.305786 -0.377946 -0.438485 -0.468191 -0.420801 -0.319710 -0.345296 -0.386129 -0.301508 -0.322157 -0.278701 -0.246820 -0.038783 0.238436 0.715410 0.466890 0.032398 -0.209716 0.394029 -0.095850 0.246554 0.160627 -0.221305 -0.446558 -0.073920 -0.381227 0.376043 0.057688 -0.181213 -0.007870 0.106129 0.328800 0.318566 0.368428 0.589578 0.485802 0.506175 0.276359 0.142390 0.354177 -0.074429 0.185308 -0.210569 0.023295 -0.188425 0.032238 -0.097467 0.109820 -0.483244 -0.486859 -0.306986 -0.273764 0.030488 0.202314 0.150038 0.084398 -0.364059 -0.241769 -0.171870 -0.080956 -0.118213 -0.053980 0.150305 0.223796 -0.040746 -0.034574 0.331026 0.212653 -0.238764 -0.254668 -0.266840 -0.211749 0.076751 0.128166
0.548781 1.000000 0.165113 0.302316 -0.174812 -0.352347 0.131495 0.439122 -0.446253 -0.284054 0.158738 0.443224 -0.248244 0.105578 -0.302880 -0.349900 0.150476 0.571224 0.507779 0.689556 -0.485298 -0.371768 -0.423077 -0.324844 -0.335000 -0.404879 -0.538736 -0.438090 -0.144535 0.437354 -0.225345 -0.101504 0.687976 0.783331 -0.180115 0.368758 0.100785 0.467987 0.046529 0.384525 -0.067829 0.443533 -0.421264 -0.372375 -0.381246 -0.210226 -0.393635 -0.313086 -0.309883 -0.312002 -0.406028 -0.300853 -0.309589 -0.403613 -0.117104 0.225443 0.612232 0.769502 0.085378 -0.042223 0.172841 0.136582 0.117556 0.414980 -0.234973 -0.309073 -0.096583 -0.226796 0.467815 0.323679 -0.312748 -0.044510 -0.037410 0.442737 0.148260 0.384578 0.544860 0.535855 0.408175 0.438009 0.239977 0.409926 -0.179289 0.103953 -0.190940 -0.061294 -0.481395 -0.083972 -0.252628 0.095857 -0.289549 -0.299019 -0.354758 -0.160142 -0.200387 0.109435 0.185525 -0.226847 -0.245735 -0.222519 -0.174961 0.154764 -0.110551 0.027445 0.021345 0.050383 -0.070609 -0.078881 0.062397 -0.041191 -0.387377 -0.360908 -0.347981 -0.220852 -0.071215 0.147871
0.444609 0.165113 1.000000 0.549873 -0.017721 -0.095019 0.681827 0.577443 0.098124 0.075872 0.100128 0.304319 0.197393 0.331282 0.006866 0.172381 -0.091878 0.274281 0.484609 0.193117 0.184170 0.093046 0.454898 0.227409 -0.138537 0.149489 0.112316 0.196834 0.073991 0.360260 0.395913 0.393379 0.325147 0.339493 -0.262018 -0.134188 -0.085110 0.262404 0.279482 0.171200 0.192864 0.167831 -0.361072 -0.388482 -0.521545 -0.418072 -0.479262 -0.283777 -0.489317 -0.428018 -0.340461 -0.394214 -0.318798 -0.205438 -0.200308 0.009904 0.141537 0.069232 -0.197786 -0.213186 -0.043607 -0.166121 -0.178206 -0.104295 -0.161386 -0.321443 -0.243441 -0.313683 -0.093043 -0.318393 0.138578 0.154504 0.135941 0.402255 0.237632 0.277522 0.006168 0.192441 0.065971 0.039474 -0.268358 0.109298 0.025186 0.158717 -0.415158 -0.005599 0.231284 0.123189 0.074678 0.001996 -0.318902 -0.388554 -0.116060 -0.319217 -0.200218 -0.084480 -0.048104 -0.044785 -0.318685 -0.358568 -0.147010 -0.192207 -0.102455 -0.094422 0.125560 0.236951 0.193892 -0.025422 -0.017754 0.023930 -0.129612 -0.241125 -0.140528 -0.252158 0.046331 -0.090460
0.287129 0.302316 0.549873 1.000000 0.031290 -0.205813 0.364885 0.518214 -0.049191 0.047203 0.097655 0.209532 0.097688 0.245627 0.039701 0.017253 0.038047 0.136020 0.316340 0.370000 -0.034177 -0.112299 0.489162 0.522015 0.067969 0.089662 0.005658 0.018836 -0.007485 0.094917 0.260265 0.388437 0.213383 0.244169 -0.351327 -0.320206 0.112033 0.030280 0.165325 0.070075 -0.087300 0.108609 -0.322990 -0.297973 -0.456256 -0.361294 -0.391276 -0.280858 -0.309405 -0.326171 -0.206245 -0.257871 -0.161453 -0.210770 -0.119930 -0.016089 0.126624 0.058082 -0.200722 -0.170657 -0.184917 -0.252433 -0.148330 -0.082399 -0.071676 -0.275018 -0.200312 -0.277089 -0.059668 0.022961 0.017210 0.027223 -0.005272 0.225533 0.176159 0.243961 0.138728 0.146977 0.139788 -0.024829 -0.147958 -0.061158 -0.034661 0.132720 -0.085682 -0.039111 -0.122924 0.073233 0.107872 0.114041 -0.142001 -0.271125 -0.000806 -0.300781 -0.148690 0.056989 0.015224 -0.064830 -0.225294 -0.192113 -0.097396 -0.158647 -0.114198 -0.077161 0.166395 0.194577 0.088454 0.004831 -0.001832 0.006274 -0.246282 -0.294076 -0.092439 -0.132873 0.065690 0.069658
-0.198642 -0.174812 -0.017721 0.031290 1.000000 0.603965 -0.048305 -0.111000 0.328608 0.294013 -0.089196 -0.087628 0.028465 -0.078249 0.149994 0.245371 -0.262326 -0.069028 -0.132766 -0.016526 0.186928 0.159640 0.269877 0.243903 0.419677 0.215628 0.256346 0.191914 -0.184123 -0.078152 0.106585 0.056307 -0.190665 -0.165794 -0.223403 -0.142538 0.091504 -0.099248 0.246224 -0.013162 0.034629 0.027726 -0.143236 -0.111767 0.046650 0.098031 -0.272718 -0.285655 0.134739 0.263658 -0.068576 0.132054 0.120975 -0.124448 0.173264 -0.114881 -0.269290 -0.232333 -0.001991 0.140838 -0.081691 -0.008294 0.033801 -0.125121 -0.055526 0.113043 -0.017646 0.029055 -0.075586 0.034305 0.017226 0.139505 -0.285451 0.041028 -0.112346 0.151984 -0.011251 0.049257 -0.043706 0.012377 -0.213866 0.009058 0.061843 0.268186 -0.134796 -0.052856 -0.010364 0.177644 0.214456 -0.044274 0.097532 0.093227 -0.042001 -0.061648 -0.142907 -0.009961 -0.085157 -0.170873 -0.095137 -0.133131 -0.011014 -0.171476 0.015658 -0.011224 -0.067473 -0.158728 0.132048 0.015160 -0.270931 -0.116311 -0.122824 -0.246719 -0.327160 -0.052009 -0.047283 0.037866
-0.334008 -0.352347 -0.095019 -0.205813 0.603965 1.000000 -0.104011 -0.144015 0.433586 0.292338 -0.111163 -0.137192 0.227410 -0.119436 0.123320 0.281252 -0.356656 -0.292011 -0.177531 -0.127151 0.386720 0.468228 0.327153 0.276082 0.250163 0.388912 0.532007 0.520561 -0.151524 -0.257653 0.176037 0.104954 -0.367375 -0.366013 -0.081310 -0.120912 -0.272063 -0.256935 -0.066218 -0.329761 -0.054498 -0.325819 0.164793 0.133083 0.154460 0.166301 0.080424 0.067404 0.203218 0.233451 0.090147 0.225122 0.327374 0.199746 0.203252 -0.239012 -0.312977 -0.294022 0.005351 0.058549 -0.102486 -0.029211 0.035812 -0.236315 -0.030285 0.121025 -0.067017 0.054147 -0.086835 -0.002489 0.143127 0.148535 -0.256133 -0.189045 -0.310921 -0.178852 -0.263068 -0.245968 -0.385643 -0.155670 -0.304419 -0.251745 0.180507 0.109340 -0.134911 -0.123265 0.246081 0.047009 0.330225 -0.161033 0.253129 0.251691 0.170631 0.124370 -0.056310 -0.171720 -0.092968 -0.182348 0.162651 -0.044861 0.141494 0.070350 0.147876 0.082146 -0.018033 -0.154739 0.014741 -0.016494 -0.352405 -0.202976 0.131649 0.043024 -0.085194 0.084231 0.079883 -0.076940
0.307873 0.131495 0.681827 0.364885 -0.048305 -0.104011 1.000000 0.743309 0.092849 0.020693 0.512534 0.586060 0.553237 0.668552 0.321768 0.379899 0.226097 0.157517 0.113977 0.068940 0.404041 0.231302 0.407665 0.292064 -0.111234 0.157223 0.249836 0.300722 0.540646 0.250312 0.696901 0.681682 0.147237 0.368161 -0.378867 -0.243874 -0.052675 -0.111569 0.288018 -0.018069 0.356007 0.086702 -0.235792 -0.355941 -0.427030 -0.367755 -0.310506 -0.212480 -0.344958 -0.497686 -0.164219 -0.366710 -0.020377 0.012357 -0.188039 -0.183704 -0.040698 -0.070622 -0.388587 -0.560275 -0.144536 -0.395906 -0.107898 -0.270373 -0.119662 -0.518172 -0.555128 -0.498075 -0.226770 -0.265036 0.568365 0.417490 0.554034 0.410646 0.455585 0.405433 -0.001669 0.064629 0.203362 -0.064333 0.044236 -0.175949 0.332434 0.204155 -0.064881 -0.396473 0.277726 0.176691 0.163377 -0.079006 -0.265992 -0.208705 -0.136719 -0.371257 -0.187562 -0.183595 -0.242426 -0.289502 -0.295563 -0.453972 -0.362114 -0.349068 -0.339325 -0.313876 -0.163639 -0.108993 0.067198 -0.046271 -0.080063 -0.262186 -0.307896 -0.264054 -0.152317 -0.324946 -0.175866 -0.311637
0.261597 0.439122 0.577443 0.518214 -0.111000 -0.144015 0.743309 1.000000 0.000389 0.090066 0.473346 0.684706 0.401974 0.729101 0.235506 0.286347 0.156190 0.191702 0.086071 0.235636 0.164695 0.047044 0.297330 0.376283 -0.228845 0.004722 0.071274 0.160465 0.382330 0.271794 0.535635 0.624789 0.239434 0.499639 -0.522911 -0.069557 -0.035897 0.014044 0.154843 -0.001937 0.187425 0.173885 -0.438244 -0.487463 -0.604433 -0.482097 -0.365144 -0.289843 -0.436737 -0.629127 -0.322822 -0.483833 -0.090986 -0.130556 -0.281928 -0.180373 0.083487 0.180180 -0.253944 -0.362263 -0.091395 -0.117687 -0.136905 0.019147 -0.105994 -0.399816 -0.440236 -0.389841 -0.082532 0.036533 0.332400 0.250578 0.366998 0.368146 0.261235 0.371986 -0.029470 0.105107 0.207969 -0.002832 0.043275 -0.152950 0.142017 0.152033 -0.077463 -0.415262 -0.019704 0.040583 -0.008709 0.043782 -0.135551 -0.177272 -0.080773 -0.255390 -0.359920 -0.222323 -0.213367 -0.442307 -0.309695 -0.438109 -0.320328 -0.092764 -0.289187 -0.188256 -0.124128 -0.107679 -0.031138 0.000174 -0.180226 -0.369920 -0.411486 -0.387612 -0.237820 -0.303978 -0.140647 -0.211928
-0.381534 -0.446253 0.098124 -0.049191 0.328608 0.433586 0.092849 0.000389 1.000000 0.698866 0.128815 0.061883 0.429251 0.164051 0.609332 0.513201 0.026559 -0.202915 -0.317932 -0.285774 0.349802 0.122669 0.612911 0.404886 0.561907 0.645767 0.435752 0.239431 0.179340 -0.138141 0.384406 0.250928 -0.597551 -0.439401 -0.292081 -0.406609 -0.379282 -0.308235 -0.120820 -0.450724 -0.060941 -0.311762 0.069882 -0.030403 0.065587 -0.016481 0.012232 -0.029622 0.135376 0.100045 0.108487 0.105740 0.231156 0.091561 0.032896 -0.419806 -0.458465 -0.527499 -0.175025 -0.035135 -0.403237 -0.134080 -0.089673 -0.293645 -0.069451 0.121648 -0.200786 -0.106064 -0.284903 -0.191883 0.286017 0.311228 0.131513 -0.081808 -0.018424 -0.018814 -0.357929 -0.376456 -0.331573 -0.328483 -0.097352 -0.302547 0.128603 0.025091 -0.023181 -0.181029 0.396511 -0.101045 0.404715 -0.157378 0.294585 0.211149 0.190708 0.119024 -0.105896 -0.285140 -0.246287 -0.158087 0.148952 -0.049830 0.186847 0.027882 0.159925 0.035936 0.002413 0.009104 -0.018651 -0.099073 -0.356136 -0.256929 0.040290 0.026874 0.180401 -0.028236 0.086108 -0.150916
-0.246252 -0.284054 0.075872 0.047203 0.294013 0.292338 0.020693 0.090066 0.698866 1.000000 0.124788 0.112698 0.219546 0.262484 0.519238 0.609332 0.068254 -0.158075 -0.241368 -0.054948 0.122536 -0.009917 0.483843 0.515305 0.498585 0.576728 0.283816 0.294317 0.127820 -0.016069 0.225814 0.191413 -0.456926 -0.296322 -0.241887 -0.273716 -0.296501 -0.092078 -0.254076 -0.280438 0.004426 -0.055101 -0.179274 -0.197326 0.009866 -0.018823 -0.259486 -0.058837 0.065451 -0.031489 -0.101455 -0.072114 -0.036746 -0.131648 -0.282677 -0.399851 -0.202952 -0.321537 -0.050469 0.005097 -0.238406 -0.033682 -0.017792 -0.127770 -0.097160 0.099800 -0.136134 0.030583 -0.056312 -0.029329 0.242012 0.396448 0.078109 -0.014612 -0.105769 0.143709 -0.233642 -0.143588 -0.126933 -0.146861 0.041937 -0.108028 0.000824 0.213336 -0.075274 -0.067219 0.130951 -0.072940 0.085273 -0.076756 0.255781 0.146820 0.036661 -0.036834 -0.178559 -0.367616 -0.453286 -0.258153 -0.126534 -0.259593 0.009940 -0.058809 0.038203 0.029907 -0.015939 -0.081268 -0.115298 -0.075064 -0.412662 -0.297969 -0.116784 -0.305143 -0.041320 -0.222040 -0.142482 -0.346360
0.237220 0.158738 0.100128 0.097655 -0.089196 -0.111163 0.512534 0.473346 0.128815 0.124788 1.000000 0.472980 0.700182 0.604155 0.526626 0.405911 0.749728 -0.103417 -0.201113 0.045634 0.357334 0.196130 0.058053 0.153170 -0.053353 0.154052 0.276643 0.206792 0.717903 0.032402 0.472692 0.508530 -0.004333 0.262139 -0.216333 -0.225904 0.093086 -0.130140 0.252706 -0.032593 0.493943 0.145375 -0.249520 -0.330967 -0.352076 -0.404237 -0.104037 -0.198627 -0.190341 -0.472102 -0.163203 -0.300423 0.098505 0.028250 -0.011736 -0.258716 -0.018966 -0.086350 -0.348154 -0.489423 -0.162367 -0.232650 0.181247 -0.084107 -0.200774 -0.397371 -0.469548 -0.452748 -0.074721 0.060168 0.567236 0.363305 0.652234 0.038765 0.479478 0.215239 0.017984 -0.124281 0.275417 -0.278655 0.425831 -0.323568 0.438638 0.233946 0.353237 -0.444016 0.185664 0.156554 0.207270 0.092552 -0.139544 -0.022855 -0.142049 -0.205170 -0.065430 -0.151802 -0.165452 -0.251719 -0.205096 -0.378244 -0.461780 -0.156473 -0.365722 -0.271081 -0.300696 -0.248144 -0.170133 -0.042052 -0.033487 -0.298104 -0.197634 -0.211925 -0.147798 -0.232092 -0.076222 -0.243275
0.183648 0.443224 0.304319 0.209532 -0.087628 -0.137192 0.586060 0.684706 0.061883 0.112698 0.472980 1.000000 0.362835 0.797114 0.302832 0.418435 0.202291 0.526297 0.026698 0.138885 0.123910 0.071886 0.134960 0.105655 0.037880 0.173662 0.029593 0.065383 0.370532 0.638833 0.506897 0.555759 0.233714 0.528256 -0.269321 0.091013 -0.091535 0.112799 0.163893 0.122977 0.208270 0.412575 -0.403298 -0.369875 -0.319130 -0.196700 -0.421537 -0.381738 -0.285811 -0.314006 -0.310268 -0.306696 -0.214683 -0.234756 -0.348626 -0.155186 0.015195 0.130512 -0.209714 -0.338438 -0.057253 -0.179287 -0.032910 0.087292 -0.133964 -0.280387 -0.358988 -0.329902 -0.024366 -0.103277 0.324033 0.512420 0.480384 0.659227 0.445309 0.550260 0.135109 0.290707 0.353006 0.227948 0.189559 0.159894 0.178680 0.412942 -0.065002 -0.225766 0.097587 0.307077 -0.095859 -0.055036 -0.410330 -0.348980 -0.413567 -0.359983 -0.331002 -0.269511 -0.390201 -0.507505 -0.485153 -0.551396 -0.481759 -0.182661 -0.448627 -0.314188 -0.291822 -0.188705 -0.102588 -0.059397 -0.177707 -0.357998 -0.409643 -0.440479 -0.375742 -0.477826 -0.200898 -0.335717
-0.078945 -0.248244 0.197393 0.097688 0.028465 0.227410 0.553237 0.401974 0.429251 0.219546 0.700182 0.362835 1.000000 0.608790 0.653364 0.595828 0.440878 -0.280938 -0.343357 -0.285874 0.707181 0.498818 0.457044 0.394235 0.198170 0.495061 0.662112 0.494057 0.770543 -0.068078 0.793917 0.741687 -0.332116 -0.077966 -0.276064 -0.403272 -0.084512 -0.441011 0.185736 -0.365370 0.490639 -0.158318 0.046326 -0.105698 -0.186756 -0.266794 0.130035 -0.088326 -0.030117 -0.282497 0.110776 -0.123651 0.332003 0.242778 0.077143 -0.437941 -0.378868 -0.467330 -0.493015 -0.522658 -0.339663 -0.422650 0.079958 -0.350282 -0.166928 -0.357565 -0.495747 -0.465588 -0.389781 -0.202229 0.757894 0.435528 0.643158 0.046824 0.429083 0.029368 -0.244939 -0.362969 -0.073432 -0.427526 0.185965 -0.517568 0.573121 0.195990 0.303972 -0.499657 0.600572 0.159551 0.379253 -0.200068 -0.054861 0.010785 0.029189 -0.173928 -0.053475 -0.216389 -0.246709 -0.231200 0.018704 -0.320552 -0.297889 -0.175967 -0.319284 -0.346184 -0.279060 -0.270706 -0.214215 -0.092902 -0.152428 -0.317783 -0.085587 -0.001433 0.055837 -0.178350 -0.036731 -0.323209
0.021033 0.105578 0.331282 0.245627 -0.078249 -0.119436 0.668552 0.729101 0.164051 0.262484 0.604155 0.797114 0.608790 1.000000 0.529435 0.666551 0.329764 0.190848 -0.212408 -0.035074 0.385242 0.251456 0.342825 0.377511 0.059208 0.318815 0.317513 0.361497 0.637892 0.401269 0.732840 0.796531 -0.039918 0.295511 -0.348439 -0.135599 -0.068037 -0.098302 0.230703 -0.025381 0.398792 0.299389 -0.388701 -0.410678 -0.396589 -0.352130 -0.309336 -0.310517 -0.312500 -0.499945 -0.293171 -0.434207 -0.087716 -0.100821 -0.296067 -0.250159 -0.192673 -0.144600 -0.319816 -0.417982 -0.160488 -0.254670 -0.077549 -0.080763 -0.107211 -0.320364 -0.402373 -0.321113 -0.187405 -0.129917 0.612036 0.583315 0.625410 0.428335 0.453153 0.371571 -0.155864 0.030812 0.265980 -0.018133 0.193034 -0.140461 0.272048 0.404015 0.123433 -0.321625 0.242718 0.374219 0.004183 0.016042 -0.255916 -0.212389 -0.249811 -0.345496 -0.244908 -0.298698 -0.476572 -0.428017 -0.429307 -0.528106 -0.566238 -0.293129 -0.511302 -0.379242 -0.341314 -0.264507 -0.092673 -0.040252 -0.191189 -0.398843 -0.293558 -0.368806 -0.246414 -0.389417 -0.205233 -0.433454
-0.336554 -0.302880 0.006866 0.039701 0.149994 0.123320 0.321768 0.235506 0.609332 0.519238 0.526626 0.302832 0.653364 0.529435 1.000000 0.708928 0.401901 -0.292791 -0.489631 -0.223978 0.606114 0.294638 0.505964 0.467321 0.486453 0.554533 0.494876 0.349951 0.683204 -0.085020 0.653901 0.589434 -0.544209 -0.241131 -0.340627 -0.410787 -0.132657 -0.506162 -0.045831 -0.451606 0.336258 -0.171241 -0.012966 -0.097865 -0.002469 -0.071869 0.079446 -0.086654 0.053131 -0.112881 0.073878 -0.064491 0.211437 0.148956 -0.160709 -0.517349 -0.464524 -0.451527 -0.300654 -0.256248 -0.452522 -0.277061 -0.122865 -0.335085 -0.046607 -0.141761 -0.340001 -0.188277 -0.416493 -0.065691 0.674922 0.477784 0.563035 0.013426 0.310925 0.105173 -0.333457 -0.448946 -0.085819 -0.387363 0.266896 -0.462120 0.500147 0.247329 0.344494 -0.380430 0.358826 0.079482 0.213941 -0.214786 0.110002 0.141916 -0.007651 -0.182472 -0.222790 -0.362450 -0.406074 -0.368349 -0.085835 -0.331679 -0.210184 -0.294689 -0.209836 -0.263290 -0.305329 -0.309917 -0.090046 -0.168436 -0.335077 -0.410693 -0.167370 -0.182837 0.001239 -0.240519 -0.220436 -0.449725
-0.242372 -0.349900 0.172381 0.017253 0.245371 0.281252 0.379899 0.286347 0.513201 0.609332 0.405911 0.418435 0.595828 0.666551 0.708928 1.000000 0.141998 -0.098903 -0.371491 -0.234563 0.585837 0.442901 0.509474 0.494652 0.309574 0.593265 0.589888 0.629265 0.484758 0.205535 0.674424 0.661088 -0.431696 -0.179478 -0.185461 -0.340149 -0.248049 -0.231892 0.046212 -0.214358 0.366911 0.067773 -0.174936 -0.177327 -0.115362 -0.143757 -0.132650 -0.152947 -0.076387 -0.191773 -0.117969 -0.187173 0.090614 0.042337 -0.250595 -0.328317 -0.381899 -0.456431 -0.240069 -0.234684 -0.241475 -0.238042 -0.156337 -0.286170 -0.088411 -0.121232 -0.278314 -0.157505 -0.327512 -0.273361 0.628228 0.608462 0.429000 0.203862 0.224218 0.218477 -0.343540 -0.208939 -0.063595 -0.152919 0.041446 -0.206341 0.422328 0.584718 0.054927 -0.173106 0.481905 0.437629 0.141170 -0.044247 -0.026250 -0.018025 -0.167617 -0.309002 -0.253088 -0.363797 -0.564126 -0.336725 -0.217616 -0.424104 -0.401523 -0.367318 -0.397725 -0.343092 -0.386089 -0.307568 -0.111331 -0.138708 -0.359802 -0.328159 -0.058662 -0.235744 -0.112238 -0.333651 -0.217236 -0.504059
0.266270 0.150476 -0.091878 0.038047 -0.262326 -0.356656 0.226097 0.156190 0.026559 0.068254 0.749728 0.202291 0.440878 0.329764 0.401901 0.141998 1.000000 -0.070005 -0.111299 0.050306 0.108265 -0.072873 -0.128229 -0.049905 0.091375 0.145342 0.008922 -0.130571 0.635915 -0.000683 0.210808 0.243147 0.026788 0.214621 -0.052120 -0.178094 0.263187 -0.078952 0.118842 0.050386 0.422237 0.184198 -0.125100 -0.276191 -0.161227 -0.292359 -0.000182 -0.179973 -0.081372 -0.361739 -0.022580 -0.274648 0.011635 -0.124011 0.013206 -0.170555 0.176582 0.015296 -0.222306 -0.310752 -0.057090 -0.192174 0.333872 0.025841 -0.056334 -0.297890 -0.206921 -0.280993 0.079505 0.065774 0.378305 0.229919 0.637204 -0.002804 0.495666 0.161099 0.219985 -0.073384 0.446284 -0.148196 0.682806 -0.157248 0.252432 0.083163 0.516577 -0.293840 0.066634 0.026851 0.026793 0.049812 -0.172288 -0.161505 -0.167256 -0.190904 0.057907 -0.020996 -0.071037 -0.094093 -0.081521 -0.237913 -0.276323 -0.094070 -0.214165 -0.288101 -0.216901 -0.198651 -0.282489 -0.138232 0.094058 -0.157131 -0.225917 -0.197064 -0.080577 -0.196680 -0.152550 -0.159369
0.400046 0.571224 0.274281 0.136020 -0.069028 -0.292011 0.157517 0.191702 -0.202915 -0.158075 -0.103417 0.526297 -0.280938 0.190848 -0.292791 -0.098903 -0.070005 1.000000 0.419203 0.332803 -0.368326 -0.251123 -0.206687 -0.359158 -0.074775 -0.103447 -0.461536 -0.365382 -0.210161 0.855449 -0.097261 -0.072801 0.537363 0.603293 0.000668 0.261365 -0.005035 0.594839 0.230385 0.561765 -0.143576 0.590980 -0.460921 -0.378442 -0.236939 -0.103457 -0.565178 -0.422668 -0.344156 -0.112547 -0.445066 -0.254538 -0.531429 -0.495795 -0.147298 0.321184 0.419630 0.496795 0.065710 0.041051 0.162071 0.027794 0.028734 0.362412 -0.206085 -0.110897 0.029901 -0.124568 0.365994 -0.168108 -0.266300 0.206019 0.063735 0.724889 0.294971 0.550101 0.532564 0.722007 0.526852 0.746109 0.063070 0.763421 -0.290361 0.293038 -0.356353 0.241051 -0.138361 0.223521 -0.186909 0.116842 -0.505108 -0.485369 -0.502092 -0.256511 -0.160905 0.144917 0.026159 -0.078272 -0.366407 -0.215285 -0.200986 -0.115089 -0.186945 -0.096546 -0.007094 0.144106 0.012517 -0.079666 0.073763 0.072765 -0.223480 -0.349423 -0.336143 -0.295192 -0.094882 0.064779
0.653640 0.507779 0.484609 0.316340 -0.132766 -0.177531 0.113977 0.086071 -0.317932 -0.241368 -0.201113 0.026698 -0.343357 -0.212408 -0.489631 -0.371491 -0.111299 0.419203 1.000000 0.599266 -0.340754 -0.171312 -0.138617 -0.279216 -0.323645 -0.253954 -0.315092 -0.167318 -0.378765 0.329357 -0.245976 -0.166620 0.688034 0.528003 0.059033 0.080541 -0.031156 0.466097 -0.011852 0.377784 -0.049349 0.237685 -0.206044 -0.205253 -0.273494 -0.210589 -0.383813 -0.248864 -0.307132 -0.184160 -0.279187 -0.224824 -0.344211 -0.300250 -0.030587 0.312229 0.612118 0.535599 0.084616 -0.025793 0.271640 0.003025 0.144255 0.133895 -0.083821 -0.240970 0.040821 -0.214076 0.502555 0.058165 -0.446484 -0.168875 -0.281936 0.244927 -0.018402 0.135447 0.385723 0.362923 0.156651 0.359583 -0.157397 0.451071 -0.196018 0.081895 -0.365259 0.260874 -0.185465 -0.005773 -0.074875 0.088187 -0.334017 -0.430644 -0.178271 -0.137024 -0.081578 0.153507 0.231302 0.081190 -0.194188 -0.078288 0.079725 0.103469 0.135300 0.127850 0.264467 0.289562 0.025105 -0.189740 0.149255 0.214792 -0.115844 -0.105767 -0.151511 -0.047521 0.100943 0.173179
0.499228 0.689556 0.193117 0.370000 -0.016526 -0.127151 0.068940 0.235636 -0.285774 -0.054948 0.045634 0.138885 -0.285874 -0.035074 -0.223978 -0.234563 0.050306 0.332803 0.599266 1.000000 -0.398694 -0.281639 -0.156254 -0.000824 -0.254299 -0.260503 -0.342825 -0.155624 -0.227756 0.139160 -0.238869 -0.058170 0.544538 0.599675 -0.127609 0.135256 -0.068585 0.240862 -0.102905 0.180562 -0.197006 0.209712 -0.372584 -0.367992 -0.292944 -0.165562 -0.431447 -0.194544 -0.272903 -0.303080 -0.393207 -0.367532 -0.231825 -0.366237 -0.154445 0.008627 0.646853 0.673530 0.161066 0.002735 0.147260 0.089896 0.154690 0.131758 -0.097410 -0.331227 -0.024697 -0.081969 0.641364 0.470187 -0.260832 0.008376 -0.198175 0.168267 -0.092612 0.283478 0.424224 0.338442 0.311717 0.406645 0.167980 0.264835 -0.162375 0.183794 -0.166293 -0.069618 -0.424492 -0.091486 -0.103921 -0.013954 -0.030489 -0.108759 -0.151255 -0.141826 -0.180327 -0.018726 0.020336 -0.202246 -0.143536 -0.313752 -0.031139 0.107684 0.122122 0.131605 0.062177 0.034377 -0.040591 -0.236575 -0.143319 -0.106691 -0.335217 -0.433642 -0.416386 -0.160535 -0.152016 0.046237
-0.202716 -0.485298 0.184170 -0.034177 0.186928 0.386720 0.404041 0.164695 0.349802 0.122536 0.357334 0.123910 0.707181 0.385242 0.606114 0.585837 0.108265 -0.368326 -0.340754 -0.398694 1.000000 0.777831 0.504887 0.391573 0.185249 0.542677 0.747918 0.676028 0.588601 -0.115287 0.739524 0.631388 -0.418577 -0.315137 -0.189151 -0.409433 -0.013686 -0.450405 0.259425 -0.353563 0.460540 -0.208675 0.150903 0.055017 -0.084715 -0.170800 0.189552 0.030252 -0.034215 -0.121215 0.088811 -0.005023 0.307945 0.367350 0.035270 -0.383594 -0.526504 -0.572796 -0.405547 -0.345131 -0.356929 -0.407324 -0.124177 -0.501264 -0.122636 -0.285539 -0.361894 -0.289412 -0.544681 -0.281307 0.736440 0.364271 0.489026 0.021350 0.301741 -0.025214 -0.330663 -0.408266 -0.238746 -0.443915 -0.068153 -0.535748 0.604659 0.225975 0.187322 -0.355746 0.640498 0.315606 0.331885 -0.230084 -0.029835 0.079306 0.071350 -0.192178 0.031951 -0.149819 -0.177082 -0.043593 -0.028548 -0.230601 -0.175644 -0.328723 -0.188733 -0.245697 -0.254136 -0.185397 0.052562 0.018482 -0.125222 -0.076099 0.134375 0.110732 0.066370 -0.084021 0.028117 -0.264079
-0.148746 -0.371768 0.093046 -0.112299 0.159640 0.468228 0.231302 0.047044 0.122669 -0.009917 0.196130 0.071886 0.498818 0.251456 0.294638 0.442901 -0.072873 -0.251123 -0.171312 -0.281639 0.777831 1.000000 0.240413 0.190213 -0.038331 0.429406 0.628794 0.696866 0.392887 -0.034977 0.537402 0.477082 -0.250422 -0.228253 -0.024804 -0.197052 -0.152761 -0.280752 0.114484 -0.172467 0.385521 -0.190782 0.139911 0.125993 -0.075652 -0.098941 0.188709 0.155924 -0.012751 -0.073355 0.007979 0.061853 0.213402 0.364337 0.017884 -0.141628 -0.388315 -0.358667 -0.320270 -0.299766 -0.188546 -0.286429 -0.124041 -0.354672 -0.213898 -0.245745 -0.314176 -0.236141 -0.385009 -0.189526 0.572635 0.394712 0.317002 -0.016894 0.074439 -0.208677 -0.340558 -0.292146 -0.217630 -0.172650 -0.156849 -0.326700 0.596127 0.243214 0.006322 -0.183004 0.558033 0.358721 0.241192 -0.161080 -0.033017 0.014615 -0.073160 -0.283111 0.212012 -0.067855 -0.101900 0.041484 -0.056808 -0.162922 -0.280618 -0.293430 -0.256690 -0.161066 -0.214183 -0.178849 -0.022002 0.069929 -0.089859 0.072170 0.315295 0.157435 -0.007952 -0.125896 0.011177 -0.271955
-0.226066 -0.423077 0.454898 0.489162 0.269877 0.327153 0.407665 0.297330 0.612911 0.483843 0.058053 0.134960 0.457044 0.342825 0.505964 0.509474 -0.128229 -0.206687 -0.138617 -0.156254 0.504887 0.240413 1.000000 0.809012 0.431177 0.574707 0.569557 0.503682 0.197461 -0.121480 0.624175 0.591111 -0.422992 -0.343100 -0.331423 -0.545678 -0.196613 -0.385219 0.079115 -0.392755 -0.008764 -0.239568 -0.039329 -0.088092 -0.147170 -0.146942 -0.153152 -0.069062 -0.090887 -0.101008 0.037729 -0.067734 0.127273 0.096843 -0.080993 -0.404938 -0.411112 -0.541785 -0.245740 -0.158644 -0.388270 -0.377607 -0.253095 -0.498563 0.096980 -0.093711 -0.247006 -0.132709 -0.411850 -0.254151 0.402945 0.292235 0.127651 0.029938 0.100077 0.065449 -0.346478 -0.300258 -0.263545 -0.372213 -0.289980 -0.418149 0.170125 0.137885 -0.005784 -0.201592 0.417952 0.106398 0.389654 -0.137262 0.108834 0.015787 0.237813 -0.141489 -0.109904 -0.312044 -0.295616 -0.175857 -0.024116 -0.223143 0.040191 -0.208931 0.017937 -0.092607 -0.006122 0.006170 0.119538 -0.039057 -0.339438 -0.231299 -0.078656 -0.125568 0.014909 -0.095362 0.043344 -0.226117
-0.272579 -0.324844 0.227409 0.522015 0.243903 0.276082 0.292064 0.376283 0.404886 0.515305 0.153170 0.105655 0.394235 0.377511 0.467321 0.494652 -0.049905 -0.359158 -0.279216 -0.000824 0.391573 0.190213 0.809012 1.000000 0.304416 0.414332 0.491049 0.529521 0.225871 -0.292789 0.496336 0.555474 -0.418701 -0.288056 -0.364249 -0.453003 -0.140406 -0.430902 0.000601 -0.407907 -0.061933 -0.211010 -0.140155 -0.141551 -0.226380 -0.205797 -0.163813 0.004580 -0.123349 -0.238824 -0.054707 -0.161682 0.168648 0.089524 -0.160309 -0.456415 -0.352240 -0.424142 -0.226239 -0.137173 -0.346675 -0.217809 -0.193483 -0.346084 0.095520 -0.047854 -0.260133 -0.046221 -0.297746 0.050415 0.423625 0.232807 0.078308 -0.123501 -0.017771 0.023747 -0.359488 -0.302486 -0.184186 -0.368406 -0.164196 -0.528746 0.174991 0.082880 0.126916 -0.273834 0.197665 0.068529 0.307018 0.001301 0.276857 0.193033 0.323673 -0.085058 -0.180792 -0.328232 -0.420343 -0.305566 -0.064630 -0.270618 -0.005278 -0.143914 -0.021456 -0.000963 -0.019228 -0.099577 0.054584 0.005381 -0.438391 -0.397687 -0.154397 -0.248922 -0.065092 -0.044215 -0.056591 -0.295406
-0.358080 -0.335000 -0.138537 0.067969 0.419677 0.250163 -0.111234 -0.228845 0.561907 0.498585 -0.053353 0.037880 0.198170 0.059208 0.486453 0.309574 0.091375 -0.074775 -0.323645 -0.254299 0.185249 -0.038331 0.431177 0.304416 1.000000 0.661933 0.260969 -0.026764 0.118563 -0.018629 0.226196 0.137633 -0.437254 -0.331754 -0.134568 -0.284674 0.037373 -0.272333 -0.014721 -0.262211 -0.008065 -0.037661 0.027310 0.003774 0.273341 0.250570 -0.115559 -0.219075 0.303230 0.338641 0.216590 0.183613 0.052868 -0.162196 0.004219 -0.309913 -0.350452 -0.459274 -0.009404 0.083216 -0.256353 -0.189898 0.056881 -0.171593 0.062925 0.194185 0.050835 0.115211 -0.183393 -0.102608 0.175836 0.244308 0.067978 0.123661 0.138392 0.172651 0.005936 -0.082545 -0.022130 -0.114076 0.116351 -0.075443 -0.026332 0.129115 0.102983 -0.050055 0.167598 0.038332 0.150380 -0.300610 0.023968 -0.018511 -0.052709 -0.070731 -0.051005 -0.089240 -0.274813 -0.187541 -0.080493 -0.119259 0.069127 -0.185593 -0.067881 -0.139825 -0.067941 -0.153955 -0.063636 -0.060614 -0.183503 -0.140002 -0.221039 -0.196383 -0.046208 -0.151131 -0.178310 -0.192200
-0.245952 -0.404879 0.149489 0.089662 0.215628 0.388912 0.157223 0.004722 0.645767 0.576728 0.154052 0.173662 0.495061 0.318815 0.554533 0.593265 0.145342 -0.103447 -0.253954 -0.260503 0.542677 0.429406 0.574707 0.414332 0.661933 1.000000 0.580711 0.444923 0.334528 0.071534 0.576490 0.482741 -0.477334 -0.320735 -0.191074 -0.395840 -0.222683 -0.207206 0.011945 -0.262812 0.181045 -0.103781 0.016873 -0.037228 0.033011 0.028769 -0.114720 -0.078963 0.085744 0.036075 0.051911 -0.005032 0.034489 -0.021496 -0.117859 -0.381309 -0.369933 -0.527586 -0.228043 -0.163338 -0.376765 -0.379569 -0.072608 -0.397021 -0.210549 -0.097778 -0.210991 -0.120649 -0.293030 -0.270246 0.513128 0.515134 0.328564 0.162336 0.161637 0.111391 -0.185042 -0.165270 -0.112136 -0.138082 0.020013 -0.222796 0.238844 0.266820 -0.036272 -0.164220 0.499105 0.214743 0.194658 -0.243969 0.016820 -0.087945 -0.082044 -0.284020 0.009757 -0.200398 -0.270749 -0.123440 -0.116542 -0.268556 -0.119418 -0.293204 -0.124360 -0.149324 -0.061843 -0.110409 -0.122442 -0.055655 -0.178654 -0.107936 -0.004187 -0.132579 0.020391 -0.233840 -0.073317 -0.259941
-0.292588 -0.538736 0.112316 0.005658 0.256346 0.532007 0.249836 0.071274 0.435752 0.283816 0.276643 0.029593 0.662112 0.317513 0.494876 0.589888 0.008922 -0.461536 -0.315092 -0.342825 0.747918 0.628794 0.569557 0.491049 0.260969 0.580711 1.000000 0.787130 0.410378 -0.205062 0.639092 0.581355 -0.495289 -0.420374 -0.070940 -0.349119 -0.177414 -0.421715 0.113762 -0.420769 0.352168 -0.271432 0.202460 0.197976 0.027453 -0.011449 0.191202 0.127868 0.078468 -0.017215 0.150860 0.067312 0.362240 0.352909 0.011533 -0.343699 -0.516462 -0.608287 -0.299497 -0.336132 -0.242271 -0.348920 -0.052735 -0.513269 -0.033394 -0.169569 -0.301683 -0.194437 -0.383038 -0.117241 0.614184 0.354568 0.217867 -0.098329 0.085903 -0.146957 -0.456623 -0.448135 -0.328812 -0.455938 -0.197217 -0.513141 0.412340 0.216102 0.094197 -0.264061 0.575849 0.329590 0.344731 -0.173606 0.085146 0.109267 0.108134 -0.152508 0.046146 -0.184271 -0.223051 -0.071502 0.012793 -0.229203 -0.232792 -0.237496 -0.242202 -0.266030 -0.308623 -0.280100 -0.048949 -0.079426 -0.257084 -0.111709 0.227680 0.099708 0.098265 -0.065277 0.042319 -0.373143
-0.199591 -0.438090 0.196834 0.018836 0.191914 0.520561 0.300722 0.160465 0.239431 0.294317 0.206792 0.065383 0.494057 0.361497 0.349951 0.629265 -0.130571 -0.365382 -0.167318 -0.155624 0.676028 0.696866 0.503682 0.529521 -0.026764 0.444923 0.787130 1.000000 0.310492 -0.104495 0.571736 0.582691 -0.308574 -0.286105 -0.163255 -0.313054 -0.261437 -0.239799 0.107771 -0.235452 0.292575 -0.136730 0.082186 0.085385 -0.147410 -0.148796 0.051411 0.162267 -0.111001 -0.171596 -0.041979 -0.058079 0.234681 0.371547 -0.069287 -0.211959 -0.376229 -0.451088 -0.320338 -0.348503 -0.242536 -0.345275 -0.161594 -0.481480 -0.082952 -0.258422 -0.356607 -0.217991 -0.279218 -0.116042 0.565359 0.363127 0.154234 -0.076784 -0.004947 -0.119393 -0.467778 -0.334869 -0.298421 -0.323526 -0.306891 -0.424856 0.411850 0.304992 -0.052296 -0.174758 0.516879 0.442682 0.209428 0.008398 0.098545 0.146307 0.124091 -0.132658 -0.008712 -0.251844 -0.284263 -0.152818 -0.091373 -0.244504 -0.275794 -0.217781 -0.226403 -0.128325 -0.183044 -0.202616 0.070582 -0.026308 -0.272808 -0.183134 0.164727 0.059134 0.029120 -0.008575 0.005659 -0.411989
-0.014781 -0.144535 0.073991 -0.007485 -0.184123 -0.151524 0.540646 0.382330 0.179340 0.127820 0.717903 0.370532 0.770543 0.637892 0.683204 0.484758 0.635915 -0.210161 -0.378765 -0.227756 0.588601 0.392887 0.197461 0.225871 0.118563 0.334528 0.410378 0.310492 1.000000 0.013770 0.695540 0.669653 -0.204583 0.069108 -0.182640 -0.226574 0.072011 -0.391382 0.123519 -0.287809 0.575511 -0.056538 0.020142 -0.101781 -0.171441 -0.263015 0.139477 0.002264 -0.080177 -0.344569 0.100019 -0.200124 0.193184 0.237292 -0.136215 -0.369366 -0.275104 -0.294465 -0.517053 -0.608462 -0.297952 -0.384048 0.045877 -0.230284 -0.109264 -0.448528 -0.545203 -0.445257 -0.372283 -0.116276 0.813366 0.456567 0.886834 0.145211 0.584508 0.149542 -0.090583 -0.237224 0.185664 -0.251055 0.499406 -0.405562 0.622044 0.157687 0.416322 -0.483506 0.403806 0.136416 0.085799 -0.219275 -0.136523 0.020925 -0.088347 -0.255467 0.051332 -0.138344 -0.281479 -0.194556 -0.133783 -0.364987 -0.434613 -0.314567 -0.457726 -0.428940 -0.383921 -0.352404 -0.219728 -0.098761 -0.061828 -0.257140 -0.149880 -0.066039 0.010982 -0.265208 -0.200903 -0.428611
0.362996 0.437354 0.360260 0.094917 -0.078152 -0.257653 0.250312 0.271794 -0.138141 -0.016069 0.032402 0.638833 -0.068078 0.401269 -0.085020 0.205535 -0.000683 0.855449 0.329357 0.139160 -0.115287 -0.034977 -0.121480 -0.292789 -0.018629 0.071534 -0.205062 -0.104495 0.013770 1.000000 0.141826 0.176779 0.451403 0.530494 0.024250 0.223035 0.028166 0.586955 0.273915 0.553655 0.183301 0.678047 -0.480323 -0.340523 -0.299445 -0.165535 -0.553132 -0.456733 -0.383123 -0.163888 -0.448651 -0.284262 -0.561914 -0.451024 -0.269970 0.327294 0.248197 0.295804 -0.069849 -0.094795 0.095790 -0.051527 -0.066779 0.272151 -0.235991 -0.170126 -0.058156 -0.220419 0.147055 -0.355521 -0.030849 0.387650 0.250366 0.839303 0.445586 0.590435 0.377388 0.619266 0.458579 0.609791 0.062926 0.710832 -0.071793 0.533814 -0.356643 0.266211 0.068409 0.443599 -0.279113 0.142689 -0.663538 -0.617013 -0.639452 -0.425230 -0.143465 0.083197 -0.140252 -0.101879 -0.552474 -0.357097 -0.454627 -0.245127 -0.466685 -0.265700 -0.142922 0.067780 -0.051407 -0.064118 0.078360 0.103446 -0.174837 -0.370171 -0.350466 -0.428109 -0.080673 -0.162588
-0.093020 -0.225345 0.395913 0.260265 0.106585 0.176037 0.696901 0.535635 0.384406 0.225814 0.472692 0.506897 0.793917 0.732840 0.653901 0.674424 0.210808 -0.097261 -0.245976 -0.238869 0.739524 0.537402 0.624175 0.496336 0.226196 0.576490 0.639092 0.571736 0.695540 0.141826 1.000000 0.938636 -0.249035 -0.013497 -0.381018 -0.413048 -0.102734 -0.402886 0.219628 -0.274925 0.434771 -0.085747 -0.060704 -0.154079 -0.260630 -0.254308 -0.062668 -0.148079 -0.136133 -0.276309 0.019998 -0.169361 0.167606 0.190385 -0.135739 -0.350487 -0.427799 -0.441205 -0.468037 -0.483069 -0.375232 -0.483199 -0.227552 -0.441293 -0.129768 -0.396601 -0.502281 -0.430829 -0.471774 -0.308291 0.799185 0.595520 0.625945 0.311334 0.482893 0.211401 -0.262669 -0.239005 -0.046744 -0.228765 -0.004687 -0.408054 0.562363 0.340934 0.074791 -0.401482 0.544281 0.340548 0.175180 -0.188693 -0.164847 -0.118206 -0.096869 -0.411214 -0.109940 -0.258874 -0.353207 -0.271897 -0.200311 -0.403285 -0.415409 -0.418687 -0.433278 -0.414547 -0.316218 -0.240143 -0.100505 -0.066311 -0.183391 -0.292451 -0.128284 -0.125380 -0.046600 -0.327950 -0.102546 -0.356261
-0.030165 -0.101504 0.393379 0.388437 0.056307 0.104954 0.681682 0.624789 0.250928 0.191413 0.508530 0.555759 0.741687 0.796531 0.589434 0.661088 0.243147 -0.072801 -0.166620 -0.058170 0.631388 0.477082 0.591111 0.555474 0.137633 0.482741 0.581355 0.582691 0.669653 0.176779 0.938636 1.000000 -0.128441 0.118069 -0.356047 -0.359233 -0.110399 -0.362031 0.193919 -0.204319 0.428645 -0.003237 -0.192864 -0.252571 -0.388112 -0.365425 -0.138360 -0.211493 -0.256326 -0.419577 -0.082496 -0.324360 0.112263 0.082773 -0.176473 -0.330201 -0.301835 -0.310758 -0.420251 -0.463811 -0.310085 -0.413986 -0.206125 -0.364498 -0.046163 -0.415757 -0.456366 -0.403281 -0.339722 -0.191622 0.756346 0.581628 0.602433 0.318075 0.465304 0.261848 -0.224652 -0.200619 0.049473 -0.153342 0.036356 -0.363061 0.535235 0.424901 0.129059 -0.380897 0.452487 0.408306 0.155471 -0.095990 -0.183589 -0.188010 -0.117950 -0.438359 -0.134021 -0.270084 -0.400710 -0.319522 -0.238927 -0.476885 -0.505758 -0.375722 -0.499963 -0.419479 -0.323511 -0.273698 -0.142596 -0.121645 -0.204198 -0.321290 -0.179186 -0.218522 -0.163739 -0.340852 -0.140190 -0.390386
0.728985 0.687976 0.325147 0.213383 -0.190665 -0.367375 0.147237 0.239434 -0.597551 -0.456926 -0.004333 0.233714 -0.332116 -0.039918 -0.544209 -0.431696 0.026788 0.537363 0.688034 0.544538 -0.418577 -0.250422 -0.422992 -0.418701 -0.437254 -0.477334 -0.495289 -0.308574 -0.204583 0.451403 -0.249035 -0.128441 1.000000 0.856882 0.061102 0.397248 0.277573 0.572504 0.204490 0.593670 0.073269 0.511210 -0.380190 -0.329467 -0.422070 -0.334188 -0.419900 -0.373924 -0.471195 -0.350475 -0.393815 -0.415407 -0.441113 -0.405230 -0.075951 0.345688 0.708228 0.732178 0.117486 -0.008388 0.478108 0.184039 0.298609 0.461054 0.050704 -0.233092 0.133878 -0.116304 0.471262 0.168729 -0.427279 -0.221395 -0.118452 0.392620 0.187382 0.316582 0.578865 0.541074 0.492296 0.499029 0.087039 0.590926 -0.226918 0.089599 -0.231039 0.169182 -0.365727 0.109263 -0.318956 0.124240 -0.509670 -0.538721 -0.299959 -0.166379 -0.094289 0.207302 0.197989 -0.032369 -0.364648 -0.192956 -0.179245 0.108834 -0.136811 -0.103638 0.029069 0.065024 -0.039336 -0.139669 0.306797 0.132769 -0.275194 -0.269715 -0.381368 -0.169100 -0.058202 0.183667
0.609724 0.783331 0.339493 0.244169 -0.165794 -0.366013 0.368161 0.499639 -0.439401 -0.296322 0.262139 0.528256 -0.077966 0.295511 -0.241131 -0.179478 0.214621 0.603293 0.528003 0.599675 -0.315137 -0.228253 -0.343100 -0.288056 -0.331754 -0.320735 -0.420374 -0.286105 0.069108 0.530494 -0.013497 0.118069 0.856882 1.000000 -0.087503 0.374885 0.145560 0.443378 0.189982 0.494512 0.173691 0.504133 -0.501535 -0.477747 -0.467372 -0.333394 -0.494468 -0.456048 -0.501088 -0.479485 -0.466764 -0.562704 -0.450658 -0.475629 -0.174151 0.151652 0.611296 0.736385 0.002767 -0.142874 0.322841 0.138949 0.310347 0.429050 -0.028453 -0.317813 -0.060022 -0.202446 0.440805 0.183616 -0.176766 0.034490 0.138320 0.521896 0.312476 0.461072 0.557907 0.526486 0.570941 0.565189 0.308033 0.509606 -0.070214 0.210986 -0.143873 -0.050259 -0.327649 0.108813 -0.307153 0.039257 -0.490725 -0.501652 -0.404769 -0.291158 -0.311820 0.083530 0.042074 -0.249712 -0.389076 -0.389977 -0.322031 -0.017383 -0.243446 -0.215308 -0.124292 -0.093504 -0.134778 -0.198809 0.119576 -0.129275 -0.425468 -0.451595 -0.479510 -0.331434 -0.230735 0.037318
0.038003 -0.180115 -0.262018 -0.351327 -0.223403 -0.081310 -0.378867 -0.522911 -0.292081 -0.241887 -0.216333 -0.269321 -0.276064 -0.348439 -0.340627 -0.185461 -0.052120 0.000668 0.059033 -0.127609 -0.189151 -0.024804 -0.331423 -0.364249 -0.134568 -0.191074 -0.070940 -0.163255 -0.182640 0.024250 -0.381018 -0.356047 0.061102 -0.087503 1.000000 0.319972 -0.032686 0.123926 -0.207702 0.125790 -0.022658 -0.013177 0.159475 0.289726 0.371616 0.299692 0.193646 0.226356 0.170041 0.288596 0.158643 0.167419 -0.181422 -0.035564 -0.131292 0.185269 0.174402 0.074986 0.315194 0.229431 0.447294 0.284389 0.241204 0.158453 0.372587 0.381120 0.458090 0.407300 0.193585 -0.098636 -0.241842 -0.081463 -0.116890 -0.127874 -0.081930 -0.138398 0.115146 0.125116 0.007493 0.193548 0.179966 0.289580 -0.038412 0.040951 0.189102 0.462755 0.002661 0.122956 -0.164470 -0.065596 -0.251714 -0.228171 -0.269810 -0.188667 0.211023 0.091768 0.048555 0.444075 0.026266 0.018759 -0.126374 -0.116288 -0.068153 -0.152365 -0.180477 -0.031817 -0.118953 -0.006065 0.088944 0.440551 0.482295 0.096170 -0.097005 -0.132459 0.017358 -0.074797
-0.014397 0.368758 -0.134188 -0.320206 -0.142538 -0.120912 -0.243874 -0.069557 -0.406609 -0.273716 -0.225904 0.091013 -0.403272 -0.135599 -0.410787 -0.340149 -0.178094 0.261365 0.080541 0.135256 -0.409433 -0.197052 -0.545678 -0.453003 -0.284674 -0.395840 -0.349119 -0.313054 -0.226574 0.223035 -0.413048 -0.359233 0.397248 0.374885 0.319972 1.000000 -0.019328 0.362095 -0.090417 0.230168 0.008500 0.212701 -0.136567 0.079061 0.067964 0.220251 -0.027030 0.065535 -0.150545 0.027078 -0.219887 -0.147586 -0.308277 -0.261300 -0.113544 0.165066 0.225377 0.545906 0.186434 0.236171 0.327705 0.532057 0.172633 0.603712 0.141364 0.231646 0.260023 0.381895 0.261698 0.164677 -0.310425 -0.208468 -0.191796 0.176525 -0.137104 -0.055874 0.189309 0.271996 0.150152 0.420883 0.135806 0.455402 -0.179261 -0.132619 -0.100794 0.219729 -0.227735 -0.005881 -0.290506 -0.047691 -0.160934 -0.101868 -0.179476 0.061107 -0.019095 -0.002383 0.112475 -0.027357 -0.043465 -0.057182 -0.098240 0.305041 0.004311 -0.047154 -0.200539 -0.238354 -0.167185 -0.142837 0.010856 -0.002831 0.031287 -0.072885 -0.207575 -0.131450 -0.190806 0.018501
