1.000000 0.658293 -0.438385 -0.077494 -0.108116 0.623970 0.323871 0.348964 -0.677317 -0.009412 0.744504 -0.064720 0.736051 0.325031 -0.595347 0.327104 0.650088 -0.263055 0.431297 0.347718 0.454444 0.293265 0.374330 0.091864 0.619255 0.451626 0.630650 0.572786 0.223037 0.073916 0.643130 0.523462 0.417752 0.289546 -0.509671 -0.650495 0.277815 -0.560225 -0.056329 -0.143935 0.107083 0.225427 -0.622280 -0.529149 -0.571135 -0.634365 -0.377931 -0.545655 -0.598226 -0.685756 -0.293208 -0.648764 0.318426 0.387533 -0.038406 -0.319623 0.790583 0.589245 0.349998 -0.044829 0.276639 0.000059 0.603944 0.441355 0.157597 -0.215545 -0.094220 -0.532210 0.598318 0.016128 -0.392978 0.151633 0.479555 -0.321920 0.308003 -0.396604 -0.162010 -0.545486 0.440245 -0.439359 0.291369 -0.443653 -0.349752 0.488872 0.496770 -0.401661 -0.136483 0.188246 -0.424342 -0.250484 -0.327769 -0.259308 -0.528424 -0.221091 -0.154637 0.206558 -0.210704 -0.165822 0.065152 0.152843 0.206249 -0.017927 -0.059873 0.065445 -0.256906 -0.106642 0.006649 -0.134497 0.186041 -0.164418 -0.476085 -0.153617 -0.273695 -0.344791 -0.108759 -0.006856
0.658293 1.000000 -0.492702 0.333578 -0.118636 0.640969 0.311306 0.684811 -0.493139 0.324467 0.502083 0.441560 0.576866 0.602775 -0.606792 0.569317 0.515664 -0.200359 0.032346 0.344682 0.457247 0.471944 0.054700 0.113151 0.419162 0.577960 0.485401 0.411979 -0.001977 0.097017 0.548474 0.537316 0.365542 0.536097 -0.432445 -0.454687 0.040357 -0.473994 -0.038453 -0.034715 0.014379 0.244083 -0.481752 -0.510972 -0.633610 -0.588622 -0.286876 -0.570838 -0.616184 -0.582887 -0.471648 -0.545746 0.275418 0.322168 -0.171939 -0.323009 0.538463 0.504264 0.156453 0.043674 0.258803 0.460686 0.389959 0.299978 0.014418 0.276611 -0.340648 -0.383352 0.406849 0.004377 -0.343644 0.169610 0.166481 -0.259123 0.272730 -0.422666 -0.164611 -0.470662 0.565796 -0.256568 0.288308 -0.472631 -0.408648 0.496328 0.283292 -0.345868 -0.217634 0.221522 -0.292887 -0.254371 -0.357220 -0.504126 -0.331367 -0.367111 -0.130780 0.383627 -0.072047 -0.145880 -0.116874 -0.151856 0.231233 -0.245640 0.041093 -0.259439 -0.270560 -0.278430 -0.007053 -0.329697 0.236858 -0.029890 -0.592515 -0.220434 -0.381727 -0.240920 -0.231026 -0.085855
-0.438385 -0.492702 1.000000 -0.082969 0.417347 -0.444633 0.243363 -0.359935 0.673573 0.026280 -0.205445 -0.052736 -0.220408 -0.202089 0.597489 -0.225065 -0.491675 0.077374 0.032638 -0.245399 -0.395917 -0.409948 0.119533 -0.082050 -0.263620 -0.416148 -0.314509 -0.392775 -0.042009 -0.220141 -0.474743 -0.491682 -0.376241 -0.274654 0.336881 0.546347 -0.282998 0.157740 -0.105424 0.027192 -0.243329 -0.378039 0.332854 0.259475 0.406606 0.481655 0.009127 0.350765 0.582973 0.410632 0.381449 0.455544 0.073331 -0.425181 0.088473 -0.003479 -0.545998 -0.417512 0.058516 -0.075335 0.167061 -0.157494 -0.569874 -0.456439 0.053589 -0.079170 0.052804 0.325569 -0.431180 0.220097 0.018560 -0.246981 -0.271881 0.135070 -0.298777 0.290746 -0.030716 0.210038 -0.503703 0.149693 -0.412216 0.284533 0.323835 -0.541643 -0.327124 -0.101185 0.100582 -0.365852 0.286877 0.020498 0.434645 0.536350 0.396372 0.445754 -0.038570 -0.463231 -0.159897 -0.081290 -0.242546 0.039758 -0.116564 0.124967 -0.041737 -0.073020 0.180110 0.086050 -0.155555 0.197783 -0.255403 0.047286 0.322304 -0.165811 0.259671 0.184641 0.128388 0.011560
-0.077494 0.333578 -0.082969 1.000000 -0.043037 0.117150 -0.145041 0.352356 0.020753 0.346393 -0.132812 0.367755 0.024057 0.090531 -0.207953 0.217327 -0.115876 -0.360121 -0.329293 0.010203 0.081361 0.136739 -0.014924 0.398256 0.039027 0.273410 -0.045871 0.189475 -0.496774 -0.188500 -0.038340 0.057324 -0.257368 0.022430 0.188196 0.068769 -0.214494 0.073205 -0.081719 0.209051 -0.096004 -0.055952 -0.071111 -0.110613 -0.176001 0.048584 0.046777 0.044010 -0.093766 0.030813 -0.128754 0.145376 0.146586 0.012540 -0.245826 -0.049926 -0.144438 -0.167871 -0.113235 0.077001 -0.220329 0.421909 -0.342749 -0.254700 0.029905 0.665621 -0.369590 0.149211 -0.119794 -0.010550 -0.025493 -0.170353 -0.455929 -0.017388 -0.053838 -0.054797 -0.117069 -0.016353 -0.007565 -0.116428 -0.199067 -0.387618 -0.106732 -0.129492 -0.105018 0.138232 -0.043397 0.146708 0.211254 0.243966 0.146557 -0.255554 0.459926 -0.008685 -0.149902 0.132545 -0.058877 -0.066456 -0.245067 -0.375201 0.148312 -0.078894 0.117866 -0.210680 0.147828 0.068255 -0.024657 -0.192156 -0.088783 -0.035442 -0.086446 -0.150671 -0.171701 0.007264 -0.110528 -0.057975
-0.108116 -0.118636 0.417347 -0.043037 1.000000 0.018921 0.258417 0.010293 0.430815 0.194132 0.089674 0.079189 -0.003616 0.079323 0.296629 0.138560 -0.171388 -0.159356 -0.194679 -0.098636 0.063274 0.015202 -0.109586 -0.144751 -0.075271 -0.146934 0.271330 -0.095902 -0.047587 -0.195799 -0.319936 -0.271984 -0.253181 -0.119494 0.113348 0.335445 -0.067837 -0.049953 -0.225803 -0.121943 -0.073133 -0.276456 0.032742 0.003264 0.154667 0.186540 0.163008 0.097941 0.296870 0.140890 0.022846 0.114679 0.144128 -0.212888 -0.020883 -0.196678 -0.122471 -0.036098 0.057141 0.061095 0.104762 0.133424 -0.308550 -0.282544 0.237874 -0.009312 0.049078 0.347410 -0.159993 0.169678 0.023309 -0.137416 -0.192572 -0.142566 -0.384477 0.045736 -0.270641 -0.072614 -0.291578 0.021623 -0.290388 -0.126349 -0.112639 -0.292771 -0.303375 -0.205307 -0.146342 -0.254337 0.052446 -0.091878 0.341544 0.156864 0.260699 0.226556 0.010317 -0.340998 -0.266011 -0.165603 -0.146474 -0.116674 0.060878 -0.010598 0.330663 -0.029888 0.062735 -0.095540 0.048559 0.028509 -0.252254 -0.082591 0.100636 -0.030541 0.055251 0.050191 -0.149232 -0.168444
0.623970 0.640969 -0.444633 0.117150 0.018921 1.000000 0.364704 0.743070 -0.654738 0.075928 0.481252 0.176478 0.593695 0.658657 -0.646433 0.632916 0.471940 -0.363701 0.201095 0.415607 0.742865 0.641003 0.328014 0.390289 0.763576 0.894817 0.804850 0.764706 -0.042841 0.173633 0.794281 0.827666 0.243032 0.444222 -0.657350 -0.501917 0.300041 -0.638164 0.164389 0.007883 0.164015 0.379146 -0.496433 -0.585281 -0.768089 -0.782275 -0.313764 -0.430933 -0.752028 -0.821412 -0.717346 -0.839972 0.280209 0.615794 -0.187354 -0.305984 0.392673 0.244633 -0.035713 -0.134441 0.206860 0.173476 0.422067 0.172199 -0.005452 -0.068190 -0.449113 -0.474012 0.412885 -0.050128 -0.433670 0.459471 0.312613 -0.193102 0.426435 -0.716102 -0.292999 -0.734264 0.366136 -0.355310 0.141775 -0.678309 -0.151304 0.599216 0.263221 -0.634357 0.115690 0.566161 -0.288917 -0.335297 -0.318251 -0.237534 -0.401275 -0.235191 -0.102897 0.308579 0.077145 -0.129941 0.142760 0.225785 0.189508 -0.044553 0.198232 0.043584 -0.046159 -0.211723 0.029781 -0.188703 0.245449 -0.178628 -0.539421 0.073672 -0.170424 -0.072456 -0.339387 0.011817
0.323871 0.311306 0.243363 -0.145041 0.258417 0.364704 1.000000 0.435253 -0.114148 0.115390 0.472208 0.113123 0.394854 0.474446 -0.175178 0.334291 0.124807 -0.156900 0.348056 0.121569 0.248980 0.199818 0.213843 -0.219761 0.285671 0.224658 0.352243 0.074390 0.302407 -0.010529 0.390012 0.330142 0.180338 0.420656 -0.302838 -0.114951 -0.093620 -0.508657 -0.250878 -0.305893 -0.039199 -0.116988 -0.242355 -0.351105 -0.202108 -0.258033 -0.278864 -0.229349 -0.172192 -0.337253 -0.154636 -0.308376 0.392029 0.278539 -0.251510 -0.414144 0.093280 0.072737 0.225505 -0.071991 0.584696 0.206634 0.257169 0.074310 0.308700 -0.029226 -0.025050 -0.241095 0.109750 0.205556 -0.326049 -0.028251 0.262017 -0.318632 -0.007999 -0.353415 -0.291940 -0.487843 0.194629 -0.298960 0.054949 -0.240810 0.031616 0.235735 0.293874 -0.649922 0.024157 -0.025362 -0.145144 -0.377704 -0.169061 0.065924 -0.345030 0.025251 -0.112898 -0.098257 -0.235717 -0.213609 -0.081264 0.154608 0.243777 -0.030799 0.180698 -0.009935 -0.312974 -0.279263 -0.074353 -0.130000 0.064030 -0.142047 -0.304796 -0.194387 -0.044259 -0.106687 -0.188720 0.131619
0.348964 0.684811 -0.359935 0.352356 0.010293 0.743070 0.435253 1.000000 -0.351803 0.436933 0.252977 0.473025 0.319001 0.732349 -0.623677 0.606704 0.242621 -0.233368 -0.053135 0.372271 0.554749 0.651708 -0.037071 0.149839 0.391461 0.701147 0.455569 0.377509 -0.240029 0.179912 0.591603 0.683497 0.235666 0.633151 -0.503863 -0.248503 -0.066696 -0.556240 -0.121828 0.060064 -0.029633 0.210272 -0.338585 -0.474752 -0.628382 -0.592362 -0.256812 -0.377146 -0.632436 -0.579082 -0.645382 -0.577889 0.307894 0.431497 -0.379340 -0.342497 0.160663 0.084731 0.008703 0.055794 0.258511 0.494197 0.332193 0.167849 0.087086 0.384035 -0.389747 -0.278131 0.239280 0.025375 -0.350976 0.376111 -0.020139 -0.138862 0.190596 -0.608446 -0.187580 -0.524881 0.311321 -0.204348 0.105400 -0.497982 -0.108108 0.471665 0.189962 -0.502059 0.061221 0.429389 -0.176042 -0.301236 -0.280485 -0.348738 -0.261076 -0.235600 -0.194443 0.316106 0.038102 -0.130213 -0.032852 0.015050 0.249392 -0.201229 0.316674 -0.211371 -0.174422 -0.316213 -0.041301 -0.220880 0.160739 -0.085794 -0.576340 0.000655 -0.314701 -0.024661 -0.371846 -0.054684
-0.677317 -0.493139 0.673573 0.020753 0.430815 -0.654738 -0.114148 -0.351803 1.000000 0.250464 -0.438945 0.143734 -0.545156 -0.280946 0.651208 -0.277046 -0.615619 0.220338 -0.374002 -0.280875 -0.598524 -0.457055 -0.385194 -0.237209 -0.640938 -0.593587 -0.557054 -0.683603 -0.213236 -0.152032 -0.764853 -0.703141 -0.482498 -0.351288 0.437790 0.640145 -0.364297 0.391727 -0.136198 0.076361 -0.255316 -0.396939 0.410975 0.418834 0.516465 0.594912 0.177590 0.404824 0.661635 0.634155 0.420194 0.654731 -0.005285 -0.622184 0.042075 0.102930 -0.570777 -0.353847 0.038831 0.132334 0.033958 0.049567 -0.634117 -0.440704 0.066906 0.198471 0.118696 0.526750 -0.464765 0.203081 0.178204 -0.313480 -0.535973 0.203826 -0.438536 0.465102 0.151299 0.489641 -0.458056 0.334196 -0.383645 0.431055 0.169616 -0.608145 -0.476635 0.284010 -0.085657 -0.456231 0.414854 0.176937 0.537960 0.351908 0.599364 0.374697 0.110953 -0.334871 -0.054353 -0.035158 -0.286394 -0.215115 -0.161776 -0.041916 0.027386 -0.189959 0.177751 0.108205 -0.038761 0.203003 -0.307080 0.118247 0.373855 -0.015638 0.228011 0.237314 0.060335 -0.102220
-0.009412 0.324467 0.026280 0.346393 0.194132 0.075928 0.115390 0.436933 0.250464 1.000000 0.107891 0.390199 0.021606 0.310242 -0.121580 0.431844 -0.020979 -0.088225 -0.320261 0.197003 0.075126 0.256374 -0.267059 -0.054562 -0.121171 0.129296 0.030817 -0.143174 -0.207229 -0.043105 -0.045800 0.013156 -0.168851 0.267908 -0.046852 0.191472 -0.337400 -0.183559 -0.282570 0.142705 -0.348607 -0.002595 -0.011069 -0.044625 -0.094988 0.010311 -0.147124 -0.097762 0.014489 0.012577 -0.060853 0.069247 0.131747 -0.380387 -0.309097 -0.317993 -0.111023 -0.067176 0.098991 0.190223 0.001739 0.400846 -0.124477 -0.174281 0.173555 0.425459 -0.077702 0.137419 -0.066338 0.035295 -0.103114 0.074041 -0.434586 0.055351 -0.215179 0.011732 -0.085887 -0.022454 0.027677 -0.062009 -0.247752 -0.127743 -0.131787 0.082820 -0.236022 -0.114448 -0.202149 -0.105546 -0.045341 -0.299629 0.178750 -0.070246 0.144960 -0.107895 -0.223665 0.057615 -0.127891 -0.120552 -0.292271 -0.297284 0.043862 -0.356771 0.186766 -0.407658 -0.016488 -0.207570 -0.100898 -0.043025 0.017264 -0.083407 -0.146416 -0.163658 -0.023247 -0.038247 -0.255605 -0.183282
0.744504 0.502083 -0.205445 -0.132812 0.089674 0.481252 0.472208 0.252977 -0.438945 0.107891 1.000000 -0.090255 0.800034 0.353878 -0.290010 0.469979 0.583210 -0.332550 0.430915 0.294191 0.445722 0.221325 0.461960 0.102423 0.491553 0.333541 0.568721 0.454665 0.417143 -0.150312 0.518611 0.399647 0.212582 0.220217 -0.343468 -0.397576 0.150135 -0.571354 -0.089593 -0.309276 0.053328 0.036262 -0.447999 -0.459779 -0.356873 -0.424067 -0.407226 -0.392101 -0.343711 -0.561752 -0.115571 -0.517963 0.354926 0.244875 -0.186501 -0.480574 0.513426 0.337036 0.247377 -0.147536 0.260834 0.014371 0.349291 0.197429 0.317078 -0.174138 -0.075328 -0.377586 0.321537 0.020009 -0.417685 0.073574 0.382978 -0.391594 0.109280 -0.313872 -0.370540 -0.516910 0.323139 -0.565221 0.018375 -0.446838 -0.189703 0.386074 0.422593 -0.480128 -0.191909 -0.039308 -0.267449 -0.317696 -0.196877 -0.166553 -0.397534 -0.141796 -0.141245 -0.068368 -0.367806 -0.279455 -0.018589 -0.060953 0.219503 -0.019333 -0.094824 -0.054275 -0.208207 -0.183845 0.002100 -0.134987 0.121868 -0.248149 -0.283288 -0.106359 -0.088642 -0.244607 -0.148044 -0.043280
-0.064720 0.441560 -0.052736 0.367755 0.079189 0.176478 0.113123 0.473025 0.143734 0.390199 -0.090255 1.000000 -0.073650 0.544522 -0.071747 0.373006 -0.232988 0.215417 -0.316666 -0.017777 0.035197 0.299301 -0.340616 0.080978 -0.048892 0.205249 0.006373 -0.055746 -0.132557 0.271041 0.002926 0.167134 0.028549 0.286435 -0.168265 0.022033 -0.215486 0.093300 -0.028973 0.172616 -0.019691 0.049777 -0.005017 -0.233120 -0.317095 -0.260678 -0.079920 -0.277220 -0.268546 -0.062994 -0.449428 0.003945 0.002543 -0.084962 -0.007778 0.083249 -0.052313 -0.055273 -0.132704 -0.148911 0.148685 0.468778 -0.039066 -0.187005 -0.189128 0.448072 -0.475407 -0.235093 0.017815 -0.222903 0.027737 0.202816 -0.194319 0.173061 0.217877 -0.103218 0.063421 -0.058678 0.227291 0.330508 0.223059 0.034652 -0.022446 0.234722 0.042677 0.008376 0.121031 0.252270 0.250037 -0.058846 -0.287622 -0.264855 -0.034191 -0.236712 0.128516 0.301630 0.074952 -0.023835 -0.297002 -0.270739 -0.119975 -0.422801 0.008374 -0.406581 -0.052801 0.003710 -0.025839 -0.132042 0.059199 0.096382 -0.370062 -0.228924 -0.170703 0.062548 0.020151 -0.073530
0.736051 0.576866 -0.220408 0.024057 -0.003616 0.593695 0.394854 0.319001 -0.545156 0.021606 0.800034 -0.073650 1.000000 0.454816 -0.356435 0.559550 0.646079 -0.443665 0.347272 0.309748 0.537231 0.290787 0.554203 0.227156 0.585881 0.485690 0.611109 0.553244 0.193492 -0.126931 0.559566 0.443479 0.220068 0.227007 -0.282810 -0.324531 0.267267 -0.526418 0.113015 -0.151982 0.109713 0.175872 -0.471081 -0.490465 -0.477531 -0.450015 -0.327160 -0.377101 -0.406626 -0.598067 -0.236517 -0.538374 0.367570 0.329868 -0.108414 -0.415391 0.501611 0.366609 0.191408 -0.193481 0.347522 0.106491 0.321598 0.194477 0.050624 -0.125042 -0.238749 -0.372420 0.371249 0.062046 -0.353404 0.133326 0.416575 -0.375056 0.276659 -0.356036 -0.402868 -0.593899 0.283002 -0.547078 0.084666 -0.599736 -0.238454 0.314819 0.325281 -0.547887 -0.117227 0.061464 -0.270620 -0.213285 -0.154294 -0.218225 -0.319576 -0.140627 -0.199007 0.079647 -0.183302 -0.171870 -0.032118 -0.015726 0.213616 0.008520 -0.082629 -0.041033 -0.132447 -0.231230 -0.098319 -0.202782 0.063879 -0.137254 -0.242135 -0.111397 -0.152297 -0.229594 -0.155413 0.032012
0.325031 0.602775 -0.202089 0.090531 0.079323 0.658657 0.474446 0.732349 -0.280946 0.310242 0.353878 0.544522 0.454816 1.000000 -0.308027 0.750855 0.231807 -0.024492 0.034245 0.339513 0.438081 0.492624 -0.026795 0.062493 0.339801 0.574047 0.511518 0.309087 -0.012875 0.340077 0.470902 0.542891 0.240187 0.516620 -0.540112 -0.195506 0.089167 -0.411339 0.072419 0.121401 0.192063 0.144764 -0.324082 -0.549524 -0.652960 -0.639484 -0.267204 -0.460425 -0.559930 -0.575693 -0.676186 -0.524979 0.305670 0.288470 -0.088446 -0.301169 0.136183 0.135487 -0.022337 -0.228574 0.497570 0.419677 0.376473 0.177822 -0.116640 0.175656 -0.486157 -0.483869 0.258048 -0.069809 -0.274394 0.466669 0.133234 -0.020573 0.294471 -0.478550 -0.203060 -0.522965 0.292140 -0.051495 0.206347 -0.298560 -0.004136 0.479086 0.140227 -0.555605 0.166352 0.384671 -0.141542 -0.310795 -0.331179 -0.223128 -0.372497 -0.256162 -0.077014 0.326585 0.071226 -0.129720 -0.039941 -0.003567 0.093363 -0.266463 0.103760 -0.286248 -0.117321 -0.213698 -0.057468 -0.138570 0.151898 -0.026886 -0.562159 -0.046224 -0.121300 -0.065215 -0.135363 -0.046380
-0.595347 -0.606792 0.597489 -0.207953 0.296629 -0.646433 -0.175178 -0.623677 0.651208 -0.121580 -0.290010 -0.071747 -0.356435 -0.308027 1.000000 -0.253367 -0.473353 0.291509 -0.161250 -0.303855 -0.515201 -0.528144 -0.153796 -0.159611 -0.606851 -0.661603 -0.446740 -0.527196 0.078029 -0.135096 -0.739591 -0.714346 -0.370831 -0.546550 0.391100 0.511113 0.035438 0.511965 0.123547 0.092043 -0.011860 -0.275750 0.441564 0.453939 0.554440 0.601474 0.301515 0.450850 0.650021 0.613594 0.395727 0.614904 -0.212008 -0.514589 0.331547 0.284491 -0.520390 -0.364435 -0.170626 -0.115253 -0.066678 -0.085513 -0.554852 -0.370054 -0.085015 -0.111818 0.038416 0.325437 -0.445704 -0.024330 0.280856 -0.269614 -0.236580 0.129272 -0.359504 0.464598 0.038619 0.459036 -0.419151 0.361952 -0.262574 0.491405 0.418346 -0.577221 -0.253121 0.226309 0.209106 -0.412255 0.462271 0.205332 0.363924 0.388979 0.385654 0.289228 0.152227 -0.321820 -0.114896 0.090666 -0.127001 -0.100358 -0.260157 0.096467 -0.056828 -0.031794 0.297049 0.254861 -0.082606 0.181478 -0.187962 0.124174 0.442814 0.049640 0.426992 0.179069 0.304405 -0.021270
0.327104 0.569317 -0.225065 0.217327 0.138560 0.632916 0.334291 0.606704 -0.277046 0.431844 0.469979 0.373006 0.559550 0.750855 -0.253367 1.000000 0.268122 -0.260255 0.021100 0.329077 0.516289 0.482566 0.110406 0.255235 0.367965 0.615567 0.567730 0.335355 -0.097716 -0.020776 0.415661 0.481382 0.040934 0.383640 -0.372528 -0.130020 0.106719 -0.382680 0.073111 0.084473 0.102128 0.227014 -0.283781 -0.457779 -0.540748 -0.483131 -0.197914 -0.317113 -0.465195 -0.525388 -0.547547 -0.464106 0.201516 0.212223 -0.107602 -0.318536 0.145667 0.089169 -0.094491 -0.201186 0.287253 0.361139 0.187024 -0.003630 0.011881 0.190232 -0.453217 -0.298183 0.152838 -0.121642 -0.238394 0.284717 -0.007188 -0.095671 0.192165 -0.374840 -0.366337 -0.501531 0.204749 -0.180742 0.037911 -0.487203 -0.110117 0.413837 0.093083 -0.438001 0.014614 0.320243 -0.046029 -0.259857 -0.154448 -0.223500 -0.182974 -0.273349 -0.127412 0.234119 -0.039730 -0.135519 -0.125280 -0.115070 0.037791 -0.196254 0.080681 -0.301042 -0.062221 -0.228911 -0.084931 -0.089733 0.123947 -0.123650 -0.436410 -0.082472 -0.112213 -0.043163 -0.322979 -0.089291
0.650088 0.515664 -0.491675 -0.115876 -0.171388 0.471940 0.124807 0.242621 -0.615619 -0.020979 0.583210 -0.232988 0.646079 0.231807 -0.473353 0.268122 1.000000 -0.219244 0.217715 0.352627 0.506446 0.282163 0.268600 0.044797 0.444559 0.420897 0.483957 0.457046 0.360495 0.052718 0.534804 0.421057 0.453618 0.314069 -0.263380 -0.464602 0.236094 -0.475181 0.068120 -0.129053 0.182433 0.308732 -0.357408 -0.353739 -0.327688 -0.415054 -0.165863 -0.492654 -0.399420 -0.500024 -0.175688 -0.562912 0.147141 0.325706 -0.088081 -0.364038 0.649512 0.544797 0.159335 0.036541 0.141273 -0.036585 0.510833 0.499515 0.126130 -0.133036 0.059422 -0.283913 0.516590 0.021851 -0.170265 0.113528 0.513609 -0.275770 0.236433 -0.281854 -0.100095 -0.447230 0.518674 -0.362692 0.187241 -0.375473 -0.315362 0.435070 0.192294 -0.329676 -0.274232 0.057072 -0.553460 -0.300284 -0.329663 -0.361313 -0.437736 -0.330452 -0.226746 0.249045 -0.053768 -0.094241 0.114421 0.016173 0.198575 0.046239 -0.057915 0.017261 -0.172776 -0.197198 0.015027 -0.177162 0.155651 -0.078731 -0.302376 -0.064753 -0.293537 -0.320142 -0.191300 -0.018523
-0.263055 -0.200359 0.077374 -0.360121 -0.159356 -0.363701 -0.156900 -0.233368 0.220338 -0.088225 -0.332550 0.215417 -0.443665 -0.024492 0.291509 -0.260255 -0.219244 1.000000 -0.047270 -0.179932 -0.319018 -0.062451 -0.466510 -0.427585 -0.364061 -0.347159 -0.311384 -0.359358 0.194072 0.531246 -0.256258 -0.220016 0.237786 0.065512 -0.026974 0.085917 -0.066340 0.423012 0.039533 0.152881 -0.011294 0.150381 0.371471 0.296640 0.137873 0.071784 0.086012 -0.035287 0.086260 0.295843 0.027404 0.255868 -0.149332 -0.162344 0.308932 0.313249 -0.009298 0.053870 -0.176685 -0.172557 0.102253 -0.049837 0.141212 0.188361 -0.335882 -0.082612 0.011345 -0.264968 0.020259 -0.234699 0.325990 0.247824 0.027048 0.480737 0.100553 0.376789 0.519988 0.456031 0.146417 0.649430 0.399852 0.825787 0.118929 0.081132 0.047776 0.298308 0.174961 -0.029498 0.165810 -0.003312 -0.398209 -0.167180 -0.342627 -0.332672 0.178975 0.147574 0.289495 0.177180 -0.021550 0.028568 -0.224916 -0.281238 -0.269782 -0.197653 -0.155148 0.015458 -0.123519 0.172295 0.123531 0.285930 -0.128186 -0.035745 0.003944 0.066844 0.170511 -0.162976
0.431297 0.032346 0.032638 -0.329293 -0.194679 0.201095 0.348056 -0.053135 -0.374002 -0.320261 0.430915 -0.316666 0.347272 0.034245 -0.161250 0.021100 0.217715 -0.047270 1.000000 0.232470 0.204246 0.004454 0.510743 0.136906 0.526777 0.165636 0.275976 0.283220 0.364856 0.065362 0.516649 0.398502 0.307006 0.195494 -0.340095 -0.395247 0.140582 -0.364351 -0.085283 -0.363795 0.117764 0.058362 -0.191000 -0.134383 -0.204915 -0.272904 -0.352202 -0.044561 -0.239985 -0.366523 0.012411 -0.386929 0.079953 0.385768 -0.083052 -0.290319 0.299067 0.164224 0.104393 -0.276627 0.173394 -0.441799 0.323425 0.116132 0.150370 -0.528528 0.020054 -0.356537 0.301366 -0.000956 -0.319221 0.042239 0.475278 -0.074760 0.194746 -0.294031 -0.116253 -0.358122 0.132633 -0.276810 0.109028 -0.111643 0.104840 0.241111 0.376646 -0.325763 0.026849 -0.007498 -0.237489 -0.316136 -0.254099 0.036671 -0.474507 -0.099212 -0.068492 -0.156934 -0.221190 -0.189806 0.094559 0.198704 -0.097439 0.124554 -0.110304 0.088245 -0.177241 -0.097671 0.006059 -0.101933 0.195499 -0.239334 -0.213073 -0.048898 -0.044589 -0.096562 0.060683 0.210061
0.347718 0.344682 -0.245399 0.010203 -0.098636 0.415607 0.121569 0.372271 -0.280875 0.197003 0.294191 -0.017777 0.309748 0.339513 -0.303855 0.329077 0.352627 -0.179932 0.232470 1.000000 0.310209 0.185567 0.087676 0.180917 0.413909 0.347421 0.355230 0.249568 0.022536 0.067761 0.394607 0.416934 0.193658 0.270979 -0.371037 -0.288636 0.069311 -0.433252 -0.164991 -0.048625 -0.015431 0.070080 -0.367933 -0.268125 -0.335896 -0.422411 -0.243848 -0.217530 -0.339613 -0.427146 -0.278006 -0.464568 0.134832 0.157021 -0.331951 -0.502109 0.163231 0.199042 0.191737 0.165393 0.077729 0.014317 0.247402 0.172775 0.207580 -0.129162 0.002017 -0.107147 0.359835 0.135575 -0.237806 0.129278 0.027710 -0.124231 0.071928 -0.342128 -0.083221 -0.319313 0.163641 -0.252576 -0.062154 -0.351700 -0.074112 0.250034 0.035916 -0.292741 -0.069205 0.071912 -0.448246 -0.384106 0.127138 -0.118087 -0.169628 -0.078928 -0.205209 0.025114 -0.225740 -0.166296 0.035678 -0.012298 -0.000792 -0.147068 0.187145 -0.170759 -0.127898 -0.234461 0.178730 -0.036603 0.109544 -0.143155 -0.149569 0.199008 -0.039550 -0.243279 -0.208355 -0.089264
0.454444 0.457247 -0.395917 0.081361 0.063274 0.742865 0.248980 0.554749 -0.598524 0.075126 0.445722 0.035197 0.537231 0.438081 -0.515201 0.516289 0.506446 -0.319018 0.204246 0.310209 1.000000 0.631744 0.395026 0.376004 0.678649 0.715719 0.704586 0.655652 0.062469 -0.037619 0.676681 0.667822 0.226594 0.387929 -0.393836 -0.386807 0.144178 -0.599797 0.044628 -0.140009 0.118430 0.249009 -0.314734 -0.357414 -0.522393 -0.494259 -0.171736 -0.318755 -0.501676 -0.599174 -0.459419 -0.643623 0.213241 0.525732 -0.280744 -0.378985 0.337003 0.179459 -0.013778 -0.081954 0.071914 0.053114 0.359590 0.166837 0.054666 -0.080013 -0.194327 -0.270795 0.383826 -0.094700 -0.268741 0.372107 0.234598 -0.322821 0.186059 -0.553884 -0.396547 -0.621716 0.262262 -0.382154 0.119571 -0.587716 -0.187306 0.455698 0.142021 -0.512886 -0.107550 0.327412 -0.330612 -0.333890 -0.298947 -0.314448 -0.355716 -0.255197 -0.213945 0.033289 -0.033050 -0.203269 0.102983 -0.031734 0.201110 0.008757 0.232616 0.047946 -0.098110 -0.248248 0.014413 -0.129395 0.146658 -0.228826 -0.393335 0.005421 -0.289149 -0.177154 -0.365124 0.004184
0.293265 0.471944 -0.409948 0.136739 0.015202 0.641003 0.199818 0.651708 -0.457055 0.256374 0.221325 0.299301 0.290787 0.492624 -0.528144 0.482566 0.282163 -0.062451 0.004454 0.185567 0.631744 1.000000 0.068956 0.200189 0.467344 0.666061 0.504981 0.528625 -0.102305 0.263201 0.534934 0.616270 0.222860 0.432715 -0.355505 -0.326345 0.145666 -0.400795 -0.024116 0.132437 0.074855 0.407584 -0.168698 -0.306544 -0.536226 -0.541462 -0.081301 -0.340298 -0.547172 -0.505283 -0.506726 -0.517297 0.178259 0.424032 -0.198757 -0.203133 0.225881 0.050069 -0.207865 -0.241154 0.024707 0.233378 0.334996 0.058524 -0.180821 0.128537 -0.315470 -0.343863 0.274554 -0.248002 -0.099859 0.536240 0.148341 0.053702 0.316209 -0.489779 -0.159468 -0.441894 0.363721 -0.092070 0.217168 -0.367675 -0.252435 0.573165 0.035051 -0.318844 -0.047306 0.379328 -0.216489 -0.257218 -0.424758 -0.366276 -0.366628 -0.351598 0.022031 0.345819 0.179930 0.081973 0.076336 0.034185 0.041217 -0.148564 0.101260 -0.217042 -0.145984 -0.227495 -0.142888 -0.147868 0.288877 0.023911 -0.450865 0.048379 -0.176783 0.115618 -0.162823 -0.006537
0.374330 0.054700 0.119533 -0.014924 -0.109586 0.328014 0.213843 -0.037071 -0.385194 -0.267059 0.461960 -0.340616 0.554203 -0.026795 -0.153796 0.110406 0.268600 -0.466510 0.510743 0.087676 0.395026 0.068956 1.000000 0.547631 0.671638 0.384499 0.295279 0.584407 0.142599 -0.270709 0.535615 0.411511 -0.063830 -0.052696 -0.142483 -0.288190 0.113191 -0.401117 0.092885 -0.198168 0.063604 0.041710 -0.305643 -0.275105 -0.192026 -0.214175 -0.420411 -0.007538 -0.160611 -0.454130 0.064766 -0.411959 0.236449 0.350143 -0.150236 -0.208136 0.136766 -0.094323 0.125589 -0.218668 -0.032700 -0.338295 0.003905 -0.159280 0.042027 -0.362183 -0.149019 -0.231021 0.084647 0.071922 -0.342447 0.087970 0.256026 -0.301851 0.166931 -0.383844 -0.398881 -0.455124 -0.111901 -0.517162 -0.186878 -0.487998 0.110105 0.096122 0.226885 -0.467483 -0.034576 0.067862 -0.074697 -0.122348 0.061717 0.241429 -0.089078 0.078188 -0.171788 -0.242656 -0.066964 -0.177909 0.182126 0.236673 0.034332 0.182703 -0.039652 0.220704 0.159018 0.032849 -0.126423 -0.076890 0.026203 -0.265636 0.092266 0.052807 0.027944 -0.047232 -0.051532 0.128535
0.091864 0.113151 -0.082050 0.398256 -0.144751 0.390289 -0.219761 0.149839 -0.237209 -0.054562 0.102423 0.080978 0.227156 0.062493 -0.159611 0.255235 0.044797 -0.427585 0.136906 0.180917 0.376004 0.200189 0.547631 1.000000 0.581872 0.573142 0.191222 0.534696 -0.288188 -0.153878 0.371147 0.450255 -0.251184 -0.107453 -0.200879 -0.216142 0.092921 -0.147862 0.255342 0.136384 0.058789 0.172298 -0.091803 -0.118579 -0.390198 -0.303583 -0.276006 0.096650 -0.318310 -0.391089 -0.296667 -0.350793 -0.075581 0.213060 -0.105797 0.023875 -0.030307 -0.219641 -0.204425 -0.257534 -0.361380 -0.224125 -0.184172 -0.413638 -0.180179 -0.104276 -0.493173 -0.119267 0.144723 -0.044963 -0.233180 0.230543 -0.126894 0.014283 0.285648 -0.432879 -0.251169 -0.331886 -0.083785 -0.214049 -0.165895 -0.498117 0.203937 0.090055 -0.011678 -0.147183 0.111295 0.397152 0.193686 0.054802 0.067735 0.131560 0.214136 0.101617 -0.089904 0.049094 0.045008 -0.102508 0.086644 0.065804 -0.080010 0.026916 0.023202 0.053490 0.363551 0.141211 -0.004964 -0.026715 0.175612 -0.134648 -0.098613 0.089260 0.055966 0.177517 -0.037994 -0.035648
0.619255 0.419162 -0.263620 0.039027 -0.075271 0.763576 0.285671 0.391461 -0.640938 -0.121171 0.491553 -0.048892 0.585881 0.339801 -0.606851 0.367965 0.444559 -0.364061 0.526777 0.413909 0.678649 0.467344 0.671638 0.581872 1.000000 0.779897 0.658465 0.796095 0.074566 0.094589 0.843401 0.811288 0.227774 0.301470 -0.536522 -0.555415 0.212960 -0.557877 0.119598 -0.146104 0.126152 0.337620 -0.438925 -0.471105 -0.628684 -0.674829 -0.439800 -0.306386 -0.619672 -0.783373 -0.446782 -0.774722 0.205898 0.560785 -0.201060 -0.325757 0.407603 0.180761 0.070377 -0.235955 0.053480 -0.229720 0.370997 0.036505 -0.000391 -0.341036 -0.284093 -0.453869 0.466431 -0.006274 -0.423522 0.384435 0.342702 -0.118882 0.423461 -0.615565 -0.309590 -0.692088 0.243346 -0.466529 0.099264 -0.603283 -0.089494 0.519223 0.260651 -0.536639 -0.031693 0.424992 -0.297622 -0.287441 -0.242705 -0.071656 -0.378055 -0.181286 -0.224298 0.051164 -0.004678 -0.250320 0.196807 0.245438 0.056965 -0.025972 0.059317 0.107259 -0.021551 -0.127396 -0.020702 -0.123223 0.233192 -0.299303 -0.352105 0.039020 -0.135735 -0.117419 -0.209957 0.064508
0.451626 0.577960 -0.416148 0.273410 -0.146934 0.894817 0.224658 0.701147 -0.593587 0.129296 0.333541 0.205249 0.485690 0.574047 -0.661603 0.615567 0.420897 -0.347159 0.165636 0.347421 0.715719 0.666061 0.384499 0.573142 0.779897 1.000000 0.653139 0.755596 -0.137890 0.173798 0.807194 0.867368 0.171791 0.482822 -0.569903 -0.464006 0.205870 -0.536350 0.211996 0.117267 0.148810 0.445565 -0.312450 -0.453629 -0.734480 -0.720087 -0.311120 -0.334225 -0.719664 -0.756316 -0.675130 -0.749450 0.241076 0.586715 -0.208996 -0.216459 0.283947 0.097237 -0.150028 -0.224635 0.062022 0.117472 0.283814 0.039243 -0.115678 0.031898 -0.536455 -0.477285 0.335854 -0.100451 -0.348256 0.481781 0.199544 -0.030939 0.498521 -0.699764 -0.244919 -0.691130 0.363029 -0.310898 0.078196 -0.647745 -0.077431 0.573866 0.144190 -0.546246 0.097357 0.634012 -0.199115 -0.304469 -0.344801 -0.235980 -0.304051 -0.289182 -0.154415 0.353371 0.206798 -0.075024 0.096492 0.163333 0.075443 -0.120778 0.040759 -0.059513 0.018429 -0.161037 -0.049748 -0.193843 0.298413 -0.131840 -0.509512 0.052927 -0.162288 -0.047081 -0.327490 0.031055
0.630650 0.485401 -0.314509 -0.045871 0.271330 0.804850 0.352243 0.455569 -0.557054 0.030817 0.568721 0.006373 0.611109 0.511518 -0.446740 0.567730 0.483957 -0.311384 0.275976 0.355230 0.704586 0.504981 0.295279 0.191222 0.658465 0.653139 1.000000 0.736597 0.096657 0.112629 0.584307 0.568148 0.227653 0.266468 -0.479985 -0.451994 0.361171 -0.553858 0.084890 -0.079425 0.147606 0.274642 -0.407519 -0.478540 -0.572661 -0.601730 -0.135895 -0.360787 -0.540154 -0.636144 -0.547323 -0.639490 0.259837 0.458728 -0.016205 -0.294626 0.434399 0.348757 -0.021957 -0.191752 0.217875 0.094340 0.384927 0.212472 0.078026 -0.186341 -0.288162 -0.418906 0.365607 -0.094340 -0.325542 0.308245 0.357501 -0.257187 0.220688 -0.497283 -0.364075 -0.677602 0.309115 -0.295144 0.117972 -0.556495 -0.187451 0.491128 0.240558 -0.509863 0.048744 0.376783 -0.324832 -0.328122 -0.267222 -0.230806 -0.462820 -0.266289 -0.109222 0.083227 -0.043237 -0.237981 0.093968 0.058318 0.091763 0.026591 0.027473 -0.033882 -0.095931 -0.178294 -0.053053 -0.217785 0.146314 -0.233111 -0.443389 0.063680 -0.074510 -0.163149 -0.215829 0.048802
0.572786 0.411979 -0.392775 0.189475 -0.095902 0.764706 0.074390 0.377509 -0.683603 -0.143174 0.454665 -0.055746 0.553244 0.309087 -0.527196 0.335355 0.457046 -0.359358 0.283220 0.249568 0.655652 0.528625 0.584407 0.534696 0.796095 0.755596 0.736597 1.000000 -0.006544 0.124924 0.695114 0.680513 0.193769 0.122334 -0.400650 -0.572930 0.351034 -0.470719 0.184318 0.002055 0.191022 0.347302 -0.392036 -0.447922 -0.585234 -0.605241 -0.219980 -0.277805 -0.590273 -0.673777 -0.446582 -0.661366 0.212338 0.563327 -0.084661 -0.182745 0.360111 0.169307 -0.092783 -0.240482 -0.082200 -0.067670 0.249587 0.112833 -0.071871 -0.172231 -0.413658 -0.466772 0.345183 -0.177636 -0.342039 0.376094 0.338721 -0.186684 0.365178 -0.602797 -0.328422 -0.636247 0.269085 -0.375648 0.096983 -0.598586 -0.053157 0.499192 0.316185 -0.391963 0.105491 0.480411 -0.209245 -0.173963 -0.269072 -0.178736 -0.321765 -0.227860 -0.122222 0.141370 0.087996 -0.197286 0.194348 0.127391 0.096095 0.084563 -0.026085 0.076842 0.097486 -0.011441 -0.092347 -0.227676 0.137644 -0.279820 -0.333772 0.166837 -0.012733 -0.011502 -0.137341 0.002722
0.223037 -0.001977 -0.042009 -0.496774 -0.047587 -0.042841 0.302407 -0.240029 -0.213236 -0.207229 0.417143 -0.132557 0.193492 -0.012875 0.078029 -0.097716 0.360495 0.194072 0.364856 0.022536 0.062469 -0.102305 0.142599 -0.288188 0.074566 -0.137890 0.096657 -0.006544 1.000000 0.137756 0.170442 0.078765 0.286396 0.176253 -0.135504 -0.284179 0.099750 -0.119543 -0.017575 -0.396020 0.251484 -0.006691 -0.067680 -0.160727 0.105042 -0.100194 -0.105935 -0.270156 -0.004926 -0.105216 0.129188 -0.142078 -0.067779 0.051234 -0.022891 -0.166283 0.245665 0.191155 -0.000934 -0.183912 0.130239 -0.155103 0.247872 0.229352 0.254640 -0.362649 0.226095 -0.304882 0.177005 -0.202879 -0.018735 -0.111984 0.617452 -0.213327 0.045422 -0.000760 -0.101992 -0.136441 0.347314 -0.077558 0.218500 0.180976 0.080965 0.333722 0.285618 -0.160978 -0.048520 -0.198216 -0.303090 -0.373592 -0.323533 -0.014976 -0.472948 -0.144040 0.149498 -0.126750 -0.162977 -0.030719 0.024157 -0.003246 0.032474 0.000302 -0.161231 0.070349 -0.272359 -0.028525 0.149826 -0.024141 0.168440 -0.078451 -0.055143 -0.095741 0.009704 -0.247840 0.150365 0.122508
0.073916 0.097017 -0.220141 -0.188500 -0.195799 0.173633 -0.010529 0.179912 -0.152032 -0.043105 -0.150312 0.271041 -0.126931 0.340077 -0.135096 -0.020776 0.052718 0.531246 0.065362 0.067761 -0.037619 0.263201 -0.270709 -0.153878 0.094589 0.173798 0.112629 0.124924 0.137756 1.000000 0.217129 0.269964 0.438124 0.288875 -0.457387 -0.273397 0.297605 0.130942 0.199863 0.260189 0.270503 0.393236 -0.059169 -0.159697 -0.430897 -0.492166 -0.088455 -0.264713 -0.498091 -0.255818 -0.505623 -0.207130 0.011307 0.131484 0.206796 0.215636 0.145664 0.134148 -0.217923 -0.311479 0.217539 0.030461 0.422010 0.332857 -0.381445 -0.124772 -0.281949 -0.568793 0.357607 -0.205604 -0.084540 0.462317 0.288944 0.548260 0.444795 -0.113309 0.363109 -0.049559 0.333767 0.435619 0.408518 0.355262 0.121964 0.410329 -0.008525 -0.087388 0.315896 0.380048 -0.008862 -0.136599 -0.476806 -0.163579 -0.506457 -0.293763 0.101321 0.408450 0.343513 0.133629 0.137501 0.289278 -0.206356 -0.174956 -0.178514 -0.086512 -0.093868 -0.033966 -0.147068 -0.051768 0.146770 0.195297 -0.353400 0.229267 0.028797 0.104834 0.205009 0.091431
0.643130 0.548474 -0.474743 -0.038340 -0.319936 0.794281 0.390012 0.591603 -0.764853 -0.045800 0.518611 0.002926 0.559566 0.470902 -0.739591 0.415661 0.534804 -0.256258 0.516649 0.394607 0.676681 0.534934 0.535615 0.371147 0.843401 0.807194 0.584307 0.695114 0.170442 0.217129 1.000000 0.950208 0.415511 0.549795 -0.647335 -0.632130 0.180322 -0.648433 0.073242 -0.171513 0.132341 0.408938 -0.441271 -0.484176 -0.653547 -0.755801 -0.498541 -0.369902 -0.746399 -0.838275 -0.497017 -0.851265 0.189268 0.687082 -0.261478 -0.314077 0.456578 0.224993 0.057269 -0.163833 0.154156 -0.084802 0.570937 0.248737 -0.000472 -0.237200 -0.248131 -0.568730 0.483462 -0.048979 -0.444576 0.450904 0.449894 -0.166116 0.490283 -0.696501 -0.221925 -0.715401 0.394322 -0.427799 0.202553 -0.534920 -0.063213 0.687279 0.401900 -0.583697 0.041167 0.493903 -0.360054 -0.398843 -0.461531 -0.216341 -0.611336 -0.351637 -0.182684 0.258658 0.086367 -0.133176 0.234540 0.302375 0.146574 -0.085426 0.066075 0.084031 -0.179840 -0.243676 -0.011344 -0.206228 0.355710 -0.239705 -0.460128 0.091035 -0.205065 -0.118774 -0.253751 0.123773
0.523462 0.537316 -0.491682 0.057324 -0.271984 0.827666 0.330142 0.683497 -0.703141 0.013156 0.399647 0.167134 0.443479 0.542891 -0.714346 0.481382 0.421057 -0.220016 0.398502 0.416934 0.667822 0.616270 0.411511 0.450255 0.811288 0.867368 0.568148 0.680513 0.078765 0.269964 0.950208 1.000000 0.367636 0.581669 -0.663347 -0.583604 0.168270 -0.578918 0.070110 -0.067159 0.163159 0.452651 -0.378703 -0.485615 -0.685423 -0.780331 -0.437960 -0.347171 -0.777485 -0.819235 -0.619635 -0.842425 0.143044 0.674589 -0.282087 -0.263455 0.359349 0.133752 -0.054701 -0.197116 0.085717 -0.014211 0.501773 0.162099 -0.035768 -0.144557 -0.354116 -0.551973 0.436114 -0.101359 -0.360848 0.512291 0.363332 -0.077381 0.497321 -0.744352 -0.197909 -0.704608 0.364997 -0.329774 0.212201 -0.521107 0.007855 0.731301 0.349574 -0.547449 0.113176 0.598475 -0.311166 -0.379968 -0.470555 -0.240022 -0.551770 -0.359829 -0.124225 0.318102 0.128420 -0.089974 0.223713 0.259051 0.112707 -0.161096 0.110354 0.002503 -0.135503 -0.213072 0.013123 -0.196606 0.390349 -0.208871 -0.514129 0.126724 -0.203077 -0.046243 -0.250709 0.066984
0.417752 0.365542 -0.376241 -0.257368 -0.253181 0.243032 0.180338 0.235666 -0.482498 -0.168851 0.212582 0.028549 0.220068 0.240187 -0.370831 0.040934 0.453618 0.237786 0.307006 0.193658 0.226594 0.222860 -0.063830 -0.251184 0.227774 0.171791 0.227653 0.193769 0.286396 0.438124 0.415511 0.367636 1.000000 0.582615 -0.329499 -0.479429 0.137753 -0.210294 -0.093453 -0.216257 0.082431 0.280013 -0.211396 -0.184406 -0.259445 -0.367795 -0.039509 -0.471436 -0.374722 -0.278163 -0.203733 -0.312583 0.062312 0.320150 -0.055499 -0.151891 0.487556 0.573552 0.139551 0.098091 0.272366 0.015645 0.545034 0.630997 -0.008798 -0.104402 0.114452 -0.422843 0.517352 -0.147035 -0.072375 0.203854 0.452600 0.108858 0.301861 -0.196354 0.229614 -0.175180 0.483234 0.025280 0.441906 0.092744 -0.183495 0.441738 0.308509 -0.169605 -0.095752 0.080921 -0.394411 -0.266569 -0.608517 -0.486420 -0.632109 -0.420385 -0.079795 0.153394 -0.073062 -0.148006 0.001660 -0.009753 -0.017616 -0.126449 -0.148438 -0.112326 -0.496816 -0.298059 0.000624 -0.206681 0.057428 -0.084647 -0.452072 -0.119516 -0.395758 -0.167183 -0.018932 -0.087982
0.289546 0.536097 -0.274654 0.022430 -0.119494 0.444222 0.420656 0.633151 -0.351288 0.267908 0.220217 0.286435 0.227007 0.516620 -0.546550 0.383640 0.314069 0.065512 0.195494 0.270979 0.387929 0.432715 -0.052696 -0.107453 0.301470 0.482822 0.266468 0.122334 0.176253 0.288875 0.549795 0.581669 0.582615 1.000000 -0.396322 -0.302942 -0.101945 -0.412697 -0.168049 -0.130734 -0.005302 0.225219 -0.118127 -0.226610 -0.327319 -0.377858 -0.151769 -0.423986 -0.400568 -0.359944 -0.344290 -0.424393 0.178061 0.308896 -0.336686 -0.350387 0.288113 0.336369 -0.009971 0.061848 0.243398 0.293151 0.367321 0.370146 0.091495 0.192495 -0.111113 -0.352909 0.345082 -0.069089 -0.164187 0.244408 0.256687 0.039242 0.315636 -0.316178 0.100599 -0.317976 0.436419 -0.107709 0.261437 -0.162196 -0.204980 0.460798 0.098889 -0.449130 -0.159015 0.186322 -0.373913 -0.527294 -0.504332 -0.505254 -0.499041 -0.454048 -0.127046 0.173643 0.025679 -0.103137 -0.130771 -0.055703 0.085685 -0.336000 0.021309 -0.286363 -0.497885 -0.447895 -0.025516 -0.273047 0.203086 -0.019730 -0.538415 -0.207056 -0.490938 -0.226849 -0.303543 -0.058101
-0.509671 -0.432445 0.336881 0.188196 0.113348 -0.657350 -0.302838 -0.503863 0.437790 -0.046852 -0.343468 -0.168265 -0.282810 -0.540112 0.391100 -0.372528 -0.263380 -0.026974 -0.340095 -0.371037 -0.393836 -0.355505 -0.142483 -0.200879 -0.536522 -0.569903 -0.479985 -0.400650 -0.135504 -0.457387 -0.647335 -0.663347 -0.329499 -0.396322 1.000000 0.547790 -0.293811 0.379524 -0.156255 -0.005657 -0.126878 -0.374019 0.361965 0.370029 0.708964 0.763205 0.381179 0.326303 0.724240 0.722590 0.632882 0.682988 -0.214019 -0.418802 0.031904 0.098336 -0.350008 -0.252863 -0.083115 0.249689 -0.286389 0.043956 -0.536246 -0.275791 0.118872 0.293619 0.356215 0.628998 -0.511899 0.035153 0.394185 -0.449782 -0.308456 -0.095950 -0.354660 0.556586 0.026998 0.511364 -0.315795 0.028228 -0.255908 0.187087 -0.071701 -0.569194 -0.285358 0.477961 -0.153238 -0.486757 0.192043 0.322684 0.391213 0.040747 0.516504 0.166117 0.112978 -0.349750 -0.057746 0.089778 -0.151065 -0.401520 -0.025188 0.093722 -0.026420 -0.019359 0.046249 0.089956 0.063872 0.014313 -0.388918 0.123805 0.586481 -0.124321 0.063782 0.089920 0.091871 -0.045649
-0.650495 -0.454687 0.546347 0.068769 0.335445 -0.501917 -0.114951 -0.248503 0.640145 0.191472 -0.397576 0.022033 -0.324531 -0.195506 0.511113 -0.130020 -0.464602 0.085917 -0.395247 -0.288636 -0.386807 -0.326345 -0.288190 -0.216142 -0.555415 -0.464006 -0.451994 -0.572930 -0.284179 -0.273397 -0.632130 -0.583604 -0.479429 -0.302942 0.547790 1.000000 -0.323358 0.323718 -0.065708 0.177527 -0.278352 -0.284988 0.424574 0.359306 0.560580 0.686310 0.201207 0.441133 0.650469 0.619660 0.316087 0.603214 -0.100086 -0.525625 0.050521 0.078569 -0.616172 -0.461990 -0.030550 0.141135 -0.041057 0.061442 -0.558220 -0.443212 -0.045545 0.257049 0.183372 0.636287 -0.581726 0.236742 0.293230 -0.172011 -0.471237 0.125960 -0.426404 0.444355 -0.019044 0.382458 -0.527450 0.153294 -0.444077 0.241818 0.185149 -0.601156 -0.459404 0.197580 0.037155 -0.276794 0.319208 0.200596 0.467809 0.224072 0.506747 0.210434 -0.055790 -0.251544 0.033187 0.151173 -0.108882 -0.150843 -0.032694 -0.036062 0.082060 -0.105605 0.203661 0.008734 -0.017794 0.223372 -0.210668 0.148772 0.554441 -0.038800 0.181220 0.154608 0.029408 -0.054500
