1.000000 0.408080 0.256315 0.130708 0.108221 0.238047 0.365765 0.298106 0.095326 0.319231 0.553603 0.120466 0.289664 0.329683 0.276675 0.178007 0.176048 -0.117391 0.147208 0.439100 0.264600 0.033072 0.018131 0.148935 -0.240950 -0.171758 0.138072 0.204254 -0.153944 -0.268617 -0.041171 -0.128572 -0.185961 -0.046700 -0.320595 0.028972 -0.236407 -0.163350 -0.165363 -0.082089 -0.361237 -0.063971 -0.419822 -0.529979 -0.303796 -0.330706 -0.421186 -0.247541 -0.258876 -0.334421 -0.347661 -0.253489 -0.036320 -0.272336 -0.195908 -0.262034 0.282136 0.196757 0.050894 0.012086 -0.084221 -0.042730 0.127175 -0.035603 0.295836 -0.204054 -0.249776 -0.168741 -0.091838 -0.037521 0.063907 0.010951 -0.130713 -0.316225 -0.303583 -0.181453 -0.082383 -0.054544 -0.268309 -0.371892 -0.194191 -0.237141 -0.081203 0.021107 0.003338 -0.144790 -0.017654 -0.147911 0.176770 0.000661 0.123230 0.262610 0.104482 0.180004 0.029563 -0.109437 -0.206309 -0.205720 -0.027521 0.033239 0.033150 0.205609 0.198370 0.203426 0.137659 0.255543 0.017645 -0.076030 0.015792 -0.082857 0.099068 -0.006067 -0.114100 0.013941 0.122651 0.192324
0.408080 1.000000 -0.063121 -0.236937 0.094583 -0.219973 -0.126008 -0.184658 0.085898 -0.178808 -0.081405 0.002623 -0.030667 0.017381 -0.175062 -0.107650 0.186122 0.347049 0.134514 0.406258 -0.058620 -0.142713 -0.112061 -0.037319 0.149127 -0.137502 0.008613 -0.106657 -0.116532 0.051448 -0.335149 -0.327649 0.435562 0.253913 -0.236698 -0.108722 -0.034185 -0.166462 -0.086444 -0.132041 -0.094369 -0.010918 0.091738 -0.032538 0.248254 0.067120 0.089696 0.145171 0.206899 0.275773 0.117666 0.278188 0.150195 0.216385 -0.085605 0.069053 0.326688 0.380887 -0.067846 0.092198 0.153843 0.159414 0.372542 0.399177 -0.235556 -0.206519 0.060031 -0.139331 0.212511 0.183777 -0.274193 -0.024180 -0.002646 0.100895 0.039685 -0.066605 0.121012 0.029975 0.073338 0.195514 0.048333 0.202650 -0.080899 0.054201 -0.335668 -0.223525 -0.199760 -0.052431 -0.307263 -0.197758 0.090376 -0.014378 -0.258572 -0.218266 -0.185356 -0.234298 -0.229478 -0.253971 0.128051 0.027549 0.122765 0.036169 0.155519 0.026021 0.026415 -0.222855 0.042756 -0.035783 0.015732 -0.194651 0.026411 0.052879 0.202594 0.164051 -0.125649 -0.089854
0.256315 -0.063121 1.000000 0.453972 0.140622 0.347743 0.663362 0.344720 0.425364 0.243926 0.372964 0.249305 0.289358 0.147861 0.456617 0.341377 -0.291023 -0.317398 0.510473 0.354953 0.100229 0.046521 0.711688 0.434918 0.149774 0.132637 0.540536 0.385093 -0.239383 -0.381620 0.276069 0.192138 -0.172677 0.006996 0.018726 -0.006293 -0.339906 -0.392427 -0.010129 -0.011476 -0.101064 -0.044179 -0.436827 -0.287230 -0.264081 -0.254665 -0.544596 -0.418011 -0.178588 -0.279631 -0.097331 -0.257424 -0.128999 -0.254060 -0.289269 -0.380652 -0.472835 -0.407174 -0.040865 -0.384285 -0.321078 -0.433746 -0.475050 -0.434131 0.252977 0.146960 -0.316100 -0.033045 -0.364865 -0.216386 0.140997 0.149949 -0.288181 -0.059567 -0.113075 -0.065745 -0.110112 -0.006476 -0.538415 -0.328276 -0.392798 -0.317270 0.101753 0.014618 0.133067 -0.002337 0.094996 0.178655 0.381419 0.190527 -0.074349 0.053228 0.250715 0.178825 0.051756 -0.203082 -0.235202 -0.233447 -0.341512 -0.310441 0.105221 -0.048487 -0.003091 0.057648 -0.013350 0.106321 -0.102716 -0.164818 0.081874 -0.132342 -0.176261 -0.293458 -0.126214 0.165599 0.055393 0.065411
0.130708 -0.236937 0.453972 1.000000 0.322559 0.284478 0.420554 0.822449 0.311732 0.600306 0.167983 0.490771 0.197539 0.544711 0.242527 0.578641 -0.187200 -0.367391 0.241315 0.138394 -0.043658 0.157366 0.253414 0.422911 -0.308188 -0.085536 0.207478 0.265965 -0.153338 -0.224090 0.262669 0.353150 -0.202218 0.090589 -0.098277 0.238065 -0.176098 -0.026123 -0.026924 0.205903 -0.122254 0.015621 -0.470745 -0.429593 -0.468884 -0.419675 -0.635249 -0.480956 -0.454355 -0.512751 -0.384611 -0.376239 -0.255348 -0.314227 -0.405371 -0.422488 -0.349325 -0.312159 -0.325813 -0.515315 -0.407990 -0.242025 -0.312512 -0.541890 0.310844 0.158034 -0.621871 -0.276603 -0.247692 -0.330787 0.269895 0.178297 -0.309959 -0.249809 -0.121294 -0.002625 -0.164887 -0.135058 -0.391285 -0.313266 -0.191326 -0.360014 0.000616 0.130959 0.208195 0.320079 0.043209 0.344658 0.370751 0.519813 0.076661 0.170583 0.577102 0.282998 0.032025 -0.185890 -0.318864 -0.118219 -0.235914 -0.263779 0.174857 0.067823 -0.032444 0.099820 -0.060062 0.088161 0.029601 -0.219718 -0.040154 -0.154278 -0.195856 -0.342769 -0.272884 0.006468 0.163808 -0.040469
0.108221 0.094583 0.140622 0.322559 1.000000 0.091035 0.256003 0.289378 0.709530 0.531198 0.023456 0.307866 0.242443 0.273481 0.203447 0.483848 0.072366 0.046119 0.035796 0.040740 0.116540 -0.086451 0.154905 0.224606 0.185371 -0.079395 0.340685 0.301420 -0.044140 -0.094321 -0.186414 -0.065957 -0.078786 -0.062728 -0.418796 -0.066593 -0.062178 -0.109568 0.046969 0.093434 0.007441 -0.189591 -0.111542 -0.137959 0.039807 -0.054521 -0.318557 -0.232176 -0.153764 -0.107967 -0.286139 -0.006627 0.006624 0.174294 -0.314748 -0.108152 -0.078355 -0.036874 -0.321855 -0.257707 -0.209229 0.131574 0.060578 -0.059105 -0.028452 -0.058325 -0.202692 -0.128371 -0.192848 -0.187022 0.060875 0.073790 -0.103025 -0.058980 -0.183364 -0.066294 -0.035716 -0.106833 -0.139822 -0.115312 0.046615 -0.079543 0.046203 0.270999 -0.127531 0.102930 0.068999 0.209880 0.003180 0.481452 0.104508 0.111627 0.209489 -0.024616 0.064669 0.000274 -0.384547 0.023568 -0.130379 -0.276889 0.272340 0.029630 0.160487 0.054323 -0.002826 -0.065136 0.067669 0.034789 0.280705 -0.095311 -0.078473 -0.165116 -0.031832 0.168974 0.048213 -0.132695
0.238047 -0.219973 0.347743 0.284478 0.091035 1.000000 0.254703 0.271498 0.162681 0.555137 0.348869 -0.050881 0.196104 0.036155 0.594562 0.385841 -0.161542 -0.402114 0.088620 0.175559 0.645980 0.446704 0.358514 0.255002 0.020514 0.396809 0.504874 0.629098 -0.168062 -0.336262 0.230898 0.132065 -0.391444 -0.245925 0.101591 0.020329 -0.074863 0.191879 0.242729 0.365672 0.041259 0.141343 -0.355294 -0.290577 -0.305363 -0.237576 -0.400991 -0.311571 -0.277915 -0.399026 -0.287411 -0.338030 -0.069439 -0.272166 0.043318 -0.186641 -0.143443 -0.260589 -0.038634 -0.107532 -0.218790 -0.267664 -0.186770 -0.372854 0.243931 -0.151896 -0.179319 -0.100472 -0.193784 -0.177600 0.144892 -0.096071 -0.361476 -0.249932 -0.209154 -0.180583 -0.235207 -0.136062 -0.390908 -0.304563 -0.161588 -0.393764 0.245840 0.105119 0.282593 0.244484 0.240034 0.109782 0.459471 0.074762 -0.052584 0.177704 0.242974 0.026566 0.185868 0.050169 0.024474 0.100739 -0.308799 -0.198125 -0.097466 -0.240194 -0.072922 -0.151360 -0.168149 -0.040800 -0.247493 -0.171114 -0.021541 -0.000499 -0.112356 -0.148406 -0.377021 -0.180505 0.070699 0.040179
0.365765 -0.126008 0.663362 0.420554 0.256003 0.254703 1.000000 0.579934 0.418800 0.363923 0.479443 0.494453 0.496798 0.471450 0.432305 0.540539 -0.122665 -0.188050 0.287498 0.043130 0.261672 0.059919 0.396085 0.259160 -0.159389 -0.080768 0.469076 0.276000 0.007345 -0.075090 0.414299 0.313839 -0.197353 0.049812 -0.173478 0.049367 -0.426256 -0.423679 -0.141720 -0.150788 -0.117176 -0.010271 -0.349294 -0.332313 -0.214760 -0.186315 -0.483632 -0.530822 -0.270175 -0.352250 -0.179541 -0.360376 -0.184639 -0.339180 -0.321094 -0.396787 -0.277480 -0.369491 -0.050555 -0.396296 -0.077960 -0.263071 -0.202582 -0.388034 0.452995 0.255806 -0.338661 -0.048363 -0.422665 -0.288831 0.226428 0.230018 -0.068654 -0.071481 -0.182953 0.027683 -0.157738 -0.091118 -0.269655 -0.328394 -0.298285 -0.212429 -0.031727 0.151903 -0.025304 -0.012534 -0.147235 0.075974 0.181469 0.188563 -0.322506 -0.180539 0.184963 0.012362 0.208398 0.058949 -0.236301 -0.034372 -0.492102 -0.306405 0.068282 -0.150925 -0.068397 -0.147753 -0.122563 0.011736 -0.252565 -0.137231 0.157121 -0.040175 -0.199501 -0.166066 -0.148193 -0.021651 0.000195 0.103410
0.298106 -0.184658 0.344720 0.822449 0.289378 0.271498 0.579934 1.000000 0.256624 0.697323 0.295713 0.613780 0.336467 0.797427 0.256253 0.603839 -0.195976 -0.392803 0.100720 0.026563 0.123336 0.222492 0.059238 0.321254 -0.520691 -0.232704 0.149241 0.194882 -0.092517 -0.126575 0.351138 0.414423 -0.234275 0.146953 -0.243992 0.252903 -0.264892 -0.094361 -0.130530 0.080598 -0.232439 0.044407 -0.458154 -0.502493 -0.527427 -0.479174 -0.627985 -0.587749 -0.465453 -0.604988 -0.423075 -0.447587 -0.228674 -0.401530 -0.399711 -0.441009 -0.192898 -0.237360 -0.163791 -0.419292 -0.208570 -0.113402 -0.209321 -0.514659 0.408380 0.223605 -0.577280 -0.207032 -0.289645 -0.265686 0.425330 0.320447 -0.206954 -0.257377 -0.127233 0.142310 -0.133710 -0.104316 -0.353396 -0.371304 -0.225855 -0.401544 -0.128249 0.071813 0.081649 0.188718 -0.106849 0.147147 0.284182 0.488762 -0.088939 0.011113 0.463392 0.217452 0.124519 -0.020618 -0.332957 0.010599 -0.367922 -0.264812 0.190468 0.043600 -0.027116 0.011506 -0.085806 0.105935 0.044788 -0.135896 0.034086 -0.102799 -0.204627 -0.262866 -0.366902 -0.095703 0.134879 0.037863
0.095326 0.085898 0.425364 0.311732 0.709530 0.162681 0.418800 0.256624 1.000000 0.469972 0.172083 0.445756 0.397574 0.272325 0.413251 0.638010 -0.067183 0.058442 0.150861 0.065091 0.004013 -0.105884 0.381293 0.246987 0.383885 0.058413 0.519218 0.299280 -0.132908 -0.069017 -0.176553 -0.013350 -0.080738 -0.054949 -0.293926 -0.113156 -0.179443 -0.282580 0.049558 0.029510 0.003385 -0.112120 -0.125598 -0.065773 0.072231 0.035204 -0.367586 -0.239357 -0.070087 -0.014102 -0.117286 0.017972 0.101281 0.129535 -0.232470 -0.174355 -0.192080 -0.170993 -0.283898 -0.316175 -0.278936 -0.079928 -0.087297 -0.231734 0.086075 -0.010336 -0.243923 -0.047771 -0.339269 -0.176854 0.022146 0.141999 -0.216393 -0.065442 -0.192292 -0.160519 -0.169758 -0.127191 -0.254263 -0.090310 -0.069330 -0.036624 0.179063 0.367787 -0.070680 0.024196 0.083928 0.330204 0.105623 0.416092 0.097305 0.056713 0.143157 -0.044292 0.023891 -0.103862 -0.297722 -0.029081 -0.238750 -0.404673 0.361403 -0.039784 0.105188 0.026534 -0.084583 -0.175140 0.051869 -0.116280 0.177501 -0.186607 -0.198533 -0.220720 -0.068920 0.136699 -0.128195 -0.175014
0.319231 -0.178808 0.243926 0.600306 0.531198 0.555137 0.363923 0.697323 0.469972 1.000000 0.279555 0.327032 0.277796 0.556286 0.484695 0.686930 -0.044063 -0.295647 0.075884 0.107009 0.361379 0.364117 0.057376 0.182481 -0.184150 0.030590 0.325868 0.392312 0.000935 -0.172937 0.161923 0.317948 -0.370846 -0.112271 -0.291663 0.123084 -0.074899 0.072177 0.097789 0.332771 -0.094602 0.141942 -0.406412 -0.361191 -0.416146 -0.410030 -0.571405 -0.467780 -0.470111 -0.559378 -0.522161 -0.381777 -0.133508 -0.279660 -0.289829 -0.438220 -0.146687 -0.133791 -0.286460 -0.275532 -0.377416 -0.035022 -0.031663 -0.304547 0.320640 -0.121406 -0.391896 -0.208524 -0.197865 -0.191007 0.409443 0.191977 -0.214154 -0.323221 -0.241120 -0.051032 -0.242519 -0.217407 -0.297957 -0.229145 -0.003016 -0.317467 0.155684 0.310262 0.124625 0.207616 0.082479 0.157117 0.372759 0.428226 0.110047 0.295376 0.436611 0.156326 0.151919 0.063234 -0.281509 0.096994 -0.269999 -0.305088 0.185178 0.031062 -0.002162 -0.012738 -0.210998 -0.035763 -0.057671 -0.206959 0.041222 -0.073335 -0.155731 -0.312322 -0.397343 -0.199663 -0.026057 -0.033261
0.553603 -0.081405 0.372964 0.167983 0.023456 0.348869 0.479443 0.295713 0.172083 0.279555 1.000000 0.262730 0.644971 0.313989 0.588118 0.249527 0.224744 -0.204327 0.256611 0.070984 0.347278 0.180910 0.215288 0.057402 -0.134025 0.099121 0.207290 0.287795 0.161446 -0.202973 0.169177 0.143354 -0.299894 0.037077 -0.021525 0.020275 -0.071577 -0.052227 0.117074 0.066725 0.058711 0.075409 -0.481920 -0.435417 -0.391334 -0.361662 -0.418612 -0.462939 -0.377873 -0.479770 -0.257037 -0.454227 -0.059853 -0.400905 0.038454 -0.320271 -0.099526 -0.222310 -0.045181 -0.342484 -0.243883 -0.331538 0.055347 -0.367651 0.519272 0.038379 -0.292452 -0.227291 -0.223180 -0.229913 0.196275 0.127462 0.108108 -0.131768 0.033449 0.100806 0.021939 0.159196 -0.222195 -0.201941 -0.032138 -0.124481 0.224199 0.134614 0.473879 0.181959 0.164472 -0.023698 0.378324 -0.011509 -0.237489 -0.022301 0.107299 0.063240 0.099748 0.030383 0.050427 0.107067 -0.296495 -0.152964 -0.096816 -0.017639 -0.074727 -0.087977 -0.126248 -0.009393 -0.286238 -0.152501 0.069477 -0.187529 -0.150411 -0.143821 -0.371279 -0.050085 0.178549 0.055784
0.120466 0.002623 0.249305 0.490771 0.307866 -0.050881 0.494453 0.613780 0.445756 0.327032 0.262730 1.000000 0.507597 0.695897 0.185530 0.633876 -0.052514 0.131621 0.009124 -0.061848 -0.085792 0.057305 0.034760 0.174795 -0.103098 -0.258822 0.135704 0.040227 -0.008001 0.237677 0.037937 0.194335 -0.069656 0.114342 -0.250674 0.107364 -0.290294 -0.272790 -0.246596 -0.173841 -0.187658 -0.025245 -0.247980 -0.254687 -0.136041 -0.135992 -0.326643 -0.366374 -0.146866 -0.179492 -0.125194 -0.154308 -0.006838 -0.196532 -0.335739 -0.336327 -0.235547 -0.337271 -0.082047 -0.291074 -0.006939 0.132175 -0.036904 -0.323209 0.297072 0.396195 -0.362489 -0.067865 -0.392309 -0.293997 0.150374 0.326294 -0.047758 0.027495 -0.065865 0.039288 -0.100041 -0.083096 -0.163534 -0.090361 -0.123680 -0.048459 -0.079423 0.169632 -0.109819 0.176738 -0.268324 0.231399 -0.034266 0.350820 -0.150837 -0.225730 0.208420 -0.069715 0.088175 -0.066402 -0.285852 0.006016 -0.326226 -0.308228 0.203098 -0.172450 -0.139664 -0.086143 -0.171908 -0.111316 0.009151 -0.181456 0.066589 -0.111058 -0.187301 -0.120109 -0.074776 -0.035609 -0.061768 0.020514
0.289664 -0.030667 0.289358 0.197539 0.242443 0.196104 0.496798 0.336467 0.397574 0.277796 0.644971 0.507597 1.000000 0.487522 0.449090 0.392563 0.126478 -0.088555 -0.009430 -0.108803 0.243957 0.036959 0.250458 0.162184 -0.042490 -0.014719 0.247700 0.128454 0.114803 -0.140587 0.109047 0.152505 -0.151222 0.027515 -0.070736 0.160798 -0.178349 -0.324207 -0.073113 -0.138552 -0.086508 -0.199095 -0.191876 -0.228920 -0.054438 -0.102622 -0.253708 -0.344415 -0.105900 -0.217285 -0.064791 -0.241473 0.073251 -0.154431 -0.054640 -0.129226 -0.091098 -0.206930 0.008524 -0.295723 -0.028799 -0.120270 0.002031 -0.412813 0.381595 0.254684 -0.216773 -0.080166 -0.234483 -0.123752 0.091007 0.068655 0.035307 -0.184393 -0.060531 0.027362 -0.070518 -0.027179 -0.127445 -0.228080 -0.012569 -0.162409 0.008483 -0.021340 0.189374 0.005364 -0.055848 0.114722 -0.010270 0.185290 -0.275531 -0.244435 0.062892 -0.044013 0.068334 0.077323 -0.081552 0.137543 -0.311711 -0.175638 -0.044215 -0.207250 -0.084216 -0.200353 -0.128789 -0.123189 -0.165956 -0.029505 0.150576 -0.185897 -0.151716 -0.088224 -0.136000 -0.000486 0.086260 0.074735
0.329683 0.017381 0.147861 0.544711 0.273481 0.036155 0.471450 0.797427 0.272325 0.556286 0.313989 0.695897 0.487522 1.000000 0.161287 0.516888 -0.169889 -0.184934 -0.109758 -0.014832 0.076968 0.183148 -0.019523 0.269588 -0.391172 -0.204885 0.087711 0.084128 -0.032768 -0.017957 0.246532 0.350115 -0.123252 0.163755 -0.343096 0.244868 -0.151293 -0.135658 -0.179069 -0.059849 -0.267885 -0.089833 -0.269972 -0.375031 -0.384897 -0.404562 -0.359137 -0.366438 -0.275395 -0.428908 -0.281224 -0.253158 -0.043688 -0.218573 -0.250884 -0.231827 -0.062419 -0.061873 -0.124360 -0.353935 -0.094275 -0.042866 -0.063703 -0.373973 0.216972 0.228685 -0.515082 -0.166885 -0.212769 -0.110591 0.344136 0.302730 -0.030253 -0.251350 -0.102250 0.089032 -0.074742 -0.096592 -0.249206 -0.263908 -0.160023 -0.269920 -0.167755 0.005051 -0.072298 -0.068705 -0.210513 0.074338 -0.001024 0.374499 -0.142478 -0.101553 0.162059 0.020430 0.184550 0.105331 -0.119924 0.167049 -0.227828 -0.146169 0.157835 0.017210 -0.027387 -0.048057 -0.076294 0.028552 0.115932 0.021676 0.117463 -0.029917 -0.047492 -0.121932 -0.143944 -0.043355 0.068801 0.114341
0.276675 -0.175062 0.456617 0.242527 0.203447 0.594562 0.432305 0.256253 0.413251 0.484695 0.588118 0.185530 0.449090 0.161287 1.000000 0.555295 0.022756 -0.263757 0.285820 0.087354 0.441158 0.384819 0.437881 0.162027 0.086887 0.328541 0.649400 0.591618 0.084285 -0.123545 0.267358 0.266505 -0.355061 -0.175328 -0.013132 -0.075393 -0.089425 0.056841 0.232233 0.286480 0.211557 0.247534 -0.477537 -0.342391 -0.404777 -0.356854 -0.482100 -0.506491 -0.374999 -0.476956 -0.243123 -0.448442 0.005801 -0.349352 -0.025092 -0.452563 -0.232872 -0.334369 -0.136471 -0.300018 -0.332667 -0.379200 -0.164611 -0.474327 0.412816 -0.091849 -0.257533 -0.245113 -0.233690 -0.178913 0.239371 0.078136 -0.077499 -0.095744 -0.080716 -0.039984 -0.220748 -0.077017 -0.366653 -0.168745 -0.036726 -0.165357 0.482296 0.314582 0.405076 0.218846 0.322471 0.065001 0.529754 0.012129 -0.138518 0.113507 0.251025 0.020341 0.079526 -0.095259 -0.047471 0.031640 -0.411827 -0.274015 -0.057263 -0.181170 -0.116554 -0.141110 -0.228520 -0.109934 -0.375336 -0.343452 -0.011362 -0.194246 -0.240057 -0.325592 -0.337591 -0.083275 -0.016585 -0.068637
0.178007 -0.107650 0.341377 0.578641 0.483848 0.385841 0.540539 0.603839 0.638010 0.686930 0.249527 0.633876 0.392563 0.516888 0.555295 1.000000 -0.109578 -0.021425 0.066637 0.014413 0.153342 0.246304 0.237938 0.241916 0.074272 0.051192 0.566858 0.372344 -0.044417 0.132936 0.195534 0.307731 -0.324944 -0.157048 -0.299069 -0.010014 -0.188826 -0.133482 -0.093832 0.097612 -0.041930 0.153042 -0.359823 -0.283364 -0.236929 -0.244605 -0.544008 -0.441008 -0.352088 -0.355623 -0.314121 -0.287471 -0.143411 -0.229912 -0.346653 -0.413079 -0.259748 -0.336069 -0.320664 -0.328230 -0.238360 -0.031803 -0.016746 -0.337652 0.326921 0.049036 -0.462153 -0.207616 -0.438321 -0.308334 0.332760 0.321423 -0.225218 -0.034780 -0.225656 -0.033541 -0.289763 -0.190800 -0.281251 -0.162135 -0.072699 -0.096119 0.212687 0.495307 -0.028441 0.246428 -0.072583 0.226827 0.199407 0.383805 -0.006138 0.059556 0.314142 -0.019037 0.148539 0.001492 -0.324702 -0.053086 -0.389998 -0.369171 0.200823 -0.129054 -0.067813 -0.048319 -0.168670 -0.099138 -0.024311 -0.307685 0.034591 -0.131232 -0.249458 -0.250596 -0.219255 -0.081343 -0.154189 -0.018486
0.176048 0.186122 -0.291023 -0.187200 0.072366 -0.161542 -0.122665 -0.195976 -0.067183 -0.044063 0.224744 -0.052514 0.126478 -0.169889 0.022756 -0.109578 1.000000 0.513728 0.132352 0.009346 -0.046068 0.004758 -0.365806 -0.450304 -0.089791 -0.247600 -0.262889 -0.110347 0.616774 0.288124 -0.203247 -0.068540 0.128698 0.103027 0.112346 0.029798 0.086411 0.079336 0.077454 0.007043 0.177014 0.199509 -0.102311 -0.032724 0.061377 0.002138 0.038761 -0.105813 -0.283325 -0.098726 -0.311226 -0.226574 -0.224436 -0.131274 -0.061323 -0.127039 0.268134 0.232448 -0.174881 -0.002171 -0.073071 0.146957 0.521723 0.372980 0.300525 -0.191592 0.255596 -0.166404 0.240473 0.029635 -0.189703 -0.024815 0.439077 -0.012414 0.122826 -0.020780 -0.050725 -0.080483 0.518923 0.499570 0.687698 0.601985 0.248683 0.316431 0.190264 0.276615 0.062284 -0.152741 -0.027935 -0.228505 -0.087750 0.055068 0.077565 -0.050240 -0.212523 -0.082581 -0.228245 -0.056972 0.016235 0.104211 -0.164743 0.046062 -0.070034 0.046108 -0.132306 -0.102351 -0.208655 -0.204171 -0.284496 -0.255179 -0.099003 0.011262 -0.039075 -0.218738 -0.158848 -0.175560
-0.117391 0.347049 -0.317398 -0.367391 0.046119 -0.402114 -0.188050 -0.392803 0.058442 -0.295647 -0.204327 0.131621 -0.088555 -0.184934 -0.263757 -0.021425 0.513728 1.000000 -0.088719 -0.033322 -0.265516 -0.071895 -0.296849 -0.404433 0.365929 -0.100682 -0.143797 -0.249273 0.370560 0.638375 -0.304085 -0.106294 0.276633 0.077445 0.000842 -0.069608 0.043952 -0.015156 -0.091818 -0.163402 0.045225 0.122014 0.223375 0.281635 0.379741 0.318857 0.337801 0.278150 0.068486 0.368076 0.015780 0.185027 -0.141041 0.184876 -0.068662 0.095989 0.213565 0.286207 -0.225960 0.095287 0.097861 0.320109 0.459205 0.560961 -0.155368 -0.119122 0.216652 -0.059331 0.162769 0.150513 -0.227106 0.167219 0.333466 0.348942 0.112165 -0.043960 -0.024411 -0.045631 0.494460 0.628755 0.506572 0.799140 0.115582 0.356612 -0.294291 0.014858 -0.181097 0.034089 -0.407015 -0.277360 -0.098149 -0.151564 -0.309521 -0.344947 -0.109543 -0.062044 -0.196228 -0.103823 0.091773 0.105303 -0.047885 -0.126428 -0.161380 0.008348 -0.048197 -0.166506 0.001688 -0.104190 -0.252615 -0.142339 -0.045616 0.211005 0.335610 -0.102065 -0.301324 -0.085839
0.147208 0.134514 0.510473 0.241315 0.035796 0.088620 0.287498 0.100720 0.150861 0.075884 0.256611 0.009124 -0.009430 -0.109758 0.285820 0.066637 0.132352 -0.088719 1.000000 0.380571 0.008998 -0.028674 0.283657 -0.035754 -0.057626 -0.024212 0.232810 0.270492 0.079048 -0.118365 0.006156 -0.004297 0.241535 0.268659 0.109869 -0.022335 0.027684 -0.034410 0.259443 0.224605 0.265632 0.318304 -0.335466 -0.171867 -0.208112 -0.245660 -0.373895 -0.363213 -0.240260 -0.232904 -0.124893 -0.208532 0.007023 -0.104028 -0.093257 -0.392759 -0.392929 -0.289163 -0.093741 -0.376649 -0.249360 -0.284426 -0.106696 -0.122176 0.258219 -0.071975 -0.143760 -0.313624 0.133355 -0.158843 0.018657 -0.026954 0.051502 0.121776 0.211790 0.081714 0.067508 0.078795 -0.167061 0.187571 -0.005443 0.044150 0.286038 0.300977 0.254601 0.234549 0.142963 0.098874 0.379973 0.004952 -0.031505 0.150084 0.181097 0.018939 -0.233405 -0.360910 -0.280708 -0.248604 -0.174778 -0.273547 0.075293 -0.028648 -0.094489 -0.109399 -0.327900 -0.170424 -0.298113 -0.386217 -0.108743 -0.323213 -0.319700 -0.362974 -0.285975 -0.105925 -0.117793 -0.356797
0.439100 0.406258 0.354953 0.138394 0.040740 0.175559 0.043130 0.026563 0.065091 0.107009 0.070984 -0.061848 -0.108803 -0.014832 0.087354 0.014413 0.009346 -0.033322 0.380571 1.000000 0.069169 -0.070310 0.193520 0.419921 0.111318 0.047713 0.155856 0.257009 -0.314698 -0.219266 -0.221977 -0.284050 0.068265 -0.014833 -0.134666 0.084771 -0.131790 -0.073958 -0.019717 -0.035339 -0.226812 -0.046108 -0.276521 -0.348512 -0.171461 -0.258384 -0.348089 -0.016641 -0.045693 -0.107148 -0.163522 -0.022076 -0.036076 -0.099539 -0.142091 -0.173163 -0.066839 0.006227 -0.138739 -0.064728 -0.141723 -0.077700 0.016679 0.026685 -0.033952 -0.247156 -0.228700 -0.035821 -0.029705 0.030301 -0.261640 -0.177759 -0.213691 -0.077346 -0.095559 -0.178155 0.035337 -0.009498 -0.356512 -0.201679 -0.263497 -0.173653 -0.085796 0.004557 -0.156733 -0.230180 -0.099123 -0.074786 0.040543 -0.072881 0.330447 0.431489 0.154156 0.183443 -0.115588 -0.262339 -0.114873 -0.296372 0.188532 0.057092 0.231676 0.235985 0.207570 0.293133 0.215736 0.238535 0.191443 0.018449 -0.019564 -0.045760 0.256372 -0.050016 -0.016823 0.179565 0.068527 0.200618
0.264600 -0.058620 0.100229 -0.043658 0.116540 0.645980 0.261672 0.123336 0.004013 0.361379 0.347278 -0.085792 0.243957 0.076968 0.441158 0.153342 -0.046068 -0.265516 0.008998 0.069169 1.000000 0.371797 0.048657 0.118039 -0.067009 0.299942 0.253240 0.554125 -0.034726 -0.230092 0.116527 -0.056415 -0.130194 -0.000958 -0.073472 0.094519 -0.084268 0.126818 0.168739 0.129606 0.050921 0.071682 -0.240539 -0.313655 -0.204424 -0.152980 -0.141244 -0.261099 -0.147056 -0.302495 -0.164821 -0.291317 0.100881 -0.191978 0.123739 -0.113078 0.114083 0.001127 0.166383 -0.007517 0.149695 -0.047261 0.019846 -0.131344 0.185890 0.045416 0.000958 0.061803 -0.035989 0.007952 0.080865 -0.159891 -0.022623 -0.180995 -0.139304 -0.096537 -0.035934 0.004650 -0.172067 -0.237003 -0.185803 -0.273154 0.049845 -0.070112 0.135743 0.007467 0.123771 -0.047009 0.288030 -0.154352 -0.274844 -0.070719 0.000467 -0.099766 0.209984 0.254000 0.214194 0.195264 -0.231922 -0.068586 -0.148650 -0.278298 -0.044362 -0.393465 -0.158093 -0.105108 -0.327477 0.025585 0.202780 0.126146 0.072368 0.106187 -0.222818 -0.080806 0.103329 0.157803
0.033072 -0.142713 0.046521 0.157366 -0.086451 0.446704 0.059919 0.222492 -0.105884 0.364117 0.180910 0.057305 0.036959 0.183148 0.384819 0.246304 0.004758 -0.071895 -0.028674 -0.070310 0.371797 1.000000 -0.083333 -0.228998 -0.131447 0.179773 0.203092 0.331282 0.291714 -0.004587 0.252856 0.407579 -0.182820 -0.090795 0.030901 -0.150954 0.144184 0.359098 0.285393 0.482380 0.156976 0.574617 -0.195528 0.041209 -0.247796 -0.224335 -0.078377 -0.171191 -0.196871 -0.302273 -0.118360 -0.224434 -0.044705 -0.296136 -0.025889 -0.282078 -0.252691 -0.243043 -0.119090 -0.014456 -0.317202 -0.171005 -0.081287 -0.293700 0.222070 -0.161801 -0.000871 -0.118723 -0.079325 -0.061883 0.320780 0.198041 -0.076696 -0.128882 -0.018550 -0.015390 -0.384658 -0.279926 -0.175804 0.044255 0.251243 -0.047163 0.535536 0.272715 0.150918 0.226307 0.160181 0.092988 0.254594 -0.092027 -0.086787 0.109619 0.164621 0.007178 0.174168 -0.069272 -0.022959 0.105341 -0.111297 -0.141422 -0.112838 -0.110090 -0.267335 -0.152648 -0.289112 -0.087739 -0.323516 -0.424382 -0.279501 -0.234692 -0.323858 -0.162151 -0.218906 -0.418651 -0.126522 -0.127423
0.018131 -0.112061 0.711688 0.253414 0.154905 0.358514 0.396085 0.059238 0.381293 0.057376 0.215288 0.034760 0.250458 -0.019523 0.437881 0.237938 -0.365806 -0.296849 0.283657 0.193520 0.048657 -0.083333 1.000000 0.571912 0.359990 0.456756 0.692645 0.418745 -0.219012 -0.342657 0.311397 0.238549 -0.230070 -0.132790 0.171086 -0.036724 -0.089465 -0.230779 0.062800 0.023630 0.015526 -0.213190 -0.189943 -0.131793 -0.161111 -0.133790 -0.329926 -0.198735 -0.126556 -0.144667 -0.030839 -0.123036 -0.141286 0.027985 -0.034404 -0.038566 -0.377019 -0.319468 -0.215044 -0.450240 -0.328131 -0.599865 -0.404457 -0.370333 -0.054702 -0.026355 -0.324507 -0.163945 -0.247902 -0.136857 0.137067 0.004719 -0.219315 0.046991 0.004934 -0.054420 0.018605 0.074252 -0.442195 -0.255844 -0.322399 -0.242664 0.082744 -0.046827 0.204654 -0.051983 0.237907 0.187020 0.210300 0.146456 -0.108749 -0.026271 0.017348 0.021265 0.139831 -0.034647 0.034120 -0.059415 -0.249388 -0.185600 0.084791 -0.136359 0.115486 0.039318 0.117242 0.102155 -0.037508 0.032462 0.163198 -0.043106 -0.051384 -0.186639 -0.036329 0.350541 0.197263 0.032722
0.148935 -0.037319 0.434918 0.422911 0.224606 0.255002 0.259160 0.321254 0.246987 0.182481 0.057402 0.174795 0.162184 0.269588 0.162027 0.241916 -0.450304 -0.404433 -0.035754 0.419921 0.118039 -0.228998 0.571912 1.000000 0.079117 0.247039 0.335889 0.394189 -0.558429 -0.364452 0.152639 0.007404 -0.206273 -0.046664 -0.113210 0.281653 -0.190798 -0.187280 -0.196948 -0.250029 -0.303862 -0.479915 -0.245904 -0.427017 -0.296698 -0.250994 -0.371543 -0.135774 -0.072484 -0.211298 -0.163821 -0.098055 -0.074350 -0.034930 -0.141328 0.085759 -0.055371 -0.096427 -0.098714 -0.309780 -0.037258 -0.294681 -0.311847 -0.322064 -0.171687 0.118268 -0.535072 0.042575 -0.291525 -0.031812 -0.011881 -0.068494 -0.347984 -0.133088 -0.115425 -0.089445 0.100267 0.086188 -0.547258 -0.562964 -0.619293 -0.502594 -0.378948 -0.307463 -0.034921 -0.165060 0.022892 0.060669 0.067288 0.264900 0.065951 0.004144 0.140020 0.161183 0.126380 0.143883 0.095007 0.078353 -0.061167 0.110307 0.189771 0.077550 0.245602 0.139380 0.419291 0.339087 0.315230 0.395983 0.266687 0.312123 0.403642 0.111552 0.074625 0.518383 0.401089 0.469015
-0.240950 0.149127 0.149774 -0.308188 0.185371 0.020514 -0.159389 -0.520691 0.383885 -0.184150 -0.134025 -0.103098 -0.042490 -0.391172 0.086887 0.074272 -0.089791 0.365929 -0.057626 0.111318 -0.067009 -0.131447 0.359990 0.079117 1.000000 0.527105 0.393707 0.089481 -0.177358 0.115769 -0.187979 -0.195777 0.017361 -0.209694 -0.020783 -0.223282 0.032822 -0.066797 0.064245 -0.039336 0.166837 -0.120570 0.263376 0.318381 0.423653 0.365999 0.168883 0.345137 0.330829 0.471480 0.327815 0.340750 0.153605 0.317278 -0.020086 0.128296 -0.091388 -0.003249 -0.119915 0.020987 -0.115092 -0.058363 -0.037178 0.154344 -0.398818 -0.099457 0.119572 0.093613 -0.129152 0.048716 -0.109953 -0.027053 -0.120488 0.400627 0.047565 -0.123094 0.032145 0.159098 -0.057228 0.198609 -0.049460 0.217321 0.147478 0.104465 -0.223123 -0.157401 0.008204 0.141810 -0.202265 -0.221118 0.119282 -0.021102 -0.276780 -0.266995 0.068808 0.011837 0.121811 0.018642 0.006705 -0.071924 0.077244 -0.226309 -0.075486 -0.066609 0.013016 -0.187231 -0.025518 0.020068 0.057633 0.108224 0.107078 0.050212 0.222279 0.253851 -0.115206 0.022164
-0.171758 -0.137502 0.132637 -0.085536 -0.079395 0.396809 -0.080768 -0.232704 0.058413 0.030590 0.099121 -0.258822 -0.014719 -0.204885 0.328541 0.051192 -0.247600 -0.100682 -0.024212 0.047713 0.299942 0.179773 0.456756 0.247039 0.527105 1.000000 0.432519 0.382442 -0.100161 -0.138395 0.178413 0.200333 -0.238858 -0.139642 0.302211 0.014761 0.209129 0.303888 0.284129 0.291870 0.274106 -0.000400 -0.049773 0.036573 -0.114525 -0.042772 -0.005715 0.104095 -0.107451 -0.090302 0.003819 -0.147013 -0.080296 -0.034801 0.165230 0.095430 -0.134650 0.007019 -0.198597 -0.206662 -0.188055 -0.448457 -0.140576 -0.099554 -0.250330 -0.154421 -0.160361 -0.080713 0.096453 0.103585 0.206230 -0.000420 -0.146782 0.043922 0.067957 -0.032461 0.011360 0.228748 -0.189474 0.082385 -0.093753 -0.002833 0.198298 0.030100 0.200372 0.002376 0.222204 0.172081 0.166634 -0.126221 -0.053179 -0.021914 -0.189071 -0.114811 0.277546 0.187618 0.483850 0.296598 -0.006638 -0.023486 -0.014129 -0.235310 -0.050308 -0.231736 -0.077155 -0.155226 -0.192816 0.081958 0.068809 0.222681 0.137905 -0.026246 -0.054902 0.181989 0.185022 0.147191
0.138072 0.008613 0.540536 0.207478 0.340685 0.504874 0.469076 0.149241 0.519218 0.325868 0.207290 0.135704 0.247700 0.087711 0.649400 0.566858 -0.262889 -0.143797 0.232810 0.155856 0.253240 0.203092 0.692645 0.335889 0.393707 0.432519 1.000000 0.552870 -0.182161 -0.152973 0.233454 0.215331 -0.219789 -0.228168 0.006579 -0.170365 -0.054772 -0.067101 0.089302 0.126699 0.077802 0.109624 -0.272593 -0.170334 -0.171517 -0.180295 -0.402615 -0.277796 -0.165785 -0.213694 -0.107250 -0.186945 -0.062606 -0.092027 -0.136499 -0.225127 -0.359761 -0.374986 -0.232165 -0.284995 -0.247621 -0.383549 -0.194097 -0.304865 0.106779 -0.091256 -0.245494 -0.170222 -0.292570 -0.215610 0.233503 0.072805 -0.308698 0.061134 -0.135893 -0.144181 -0.177469 -0.099511 -0.435244 -0.219577 -0.200577 -0.171247 0.303767 0.303740 0.018916 0.037639 0.122422 0.071122 0.206775 0.074673 -0.031499 0.101028 0.095515 -0.026018 0.135568 -0.047669 -0.162475 -0.070667 -0.301365 -0.250496 0.162029 -0.167525 0.048314 0.019691 -0.014205 -0.020789 -0.159464 -0.167213 0.126633 -0.150850 -0.179897 -0.161026 -0.067048 0.122494 0.018256 -0.023031
0.204254 -0.106657 0.385093 0.265965 0.301420 0.629098 0.276000 0.194882 0.299280 0.392312 0.287795 0.040227 0.128454 0.084128 0.591618 0.372344 -0.110347 -0.249273 0.270492 0.257009 0.554125 0.331282 0.418745 0.394189 0.089481 0.382442 0.552870 1.000000 -0.202075 -0.284423 0.075013 0.048885 -0.178164 -0.092036 -0.119067 -0.049561 0.014479 0.228633 0.301736 0.225069 0.144346 0.076645 -0.413050 -0.386299 -0.393237 -0.323282 -0.405082 -0.344479 -0.266288 -0.380684 -0.343524 -0.298643 0.040413 -0.166474 0.016793 -0.177456 -0.090501 -0.145616 -0.105047 -0.239333 -0.208874 -0.332604 -0.243087 -0.305335 0.071035 -0.132773 -0.243124 -0.221281 -0.174779 -0.088058 0.065270 -0.017493 -0.229800 -0.160175 -0.123038 -0.194875 -0.152650 -0.051191 -0.521475 -0.221212 -0.172570 -0.221950 0.298271 0.211749 0.248205 0.209695 0.367579 0.089994 0.508126 0.153094 -0.092788 0.106398 0.089654 -0.073796 0.107355 -0.036604 0.004940 0.059880 -0.269329 -0.120660 0.042895 -0.111893 -0.026003 -0.090493 -0.105370 0.012556 -0.171287 -0.144565 0.098557 0.014251 -0.012400 -0.134978 -0.219428 0.069254 0.166925 0.088228
-0.153944 -0.116532 -0.239383 -0.153338 -0.044140 -0.168062 0.007345 -0.092517 -0.132908 0.000935 0.161446 -0.008001 0.114803 -0.032768 0.084285 -0.044417 0.616774 0.370560 0.079048 -0.314698 -0.034726 0.291714 -0.219012 -0.558429 -0.177358 -0.100161 -0.182161 -0.202075 1.000000 0.407726 0.185637 0.448081 0.016780 0.048772 0.216728 -0.127602 0.223492 0.076282 0.207797 0.211120 0.381647 0.417854 0.048630 0.281559 0.039945 -0.059433 0.163185 -0.133707 -0.265429 -0.128730 -0.124371 -0.176234 -0.239604 -0.056153 0.155722 -0.144461 -0.114547 -0.077494 -0.280243 -0.163005 -0.211692 -0.088408 0.323954 0.168588 0.277528 -0.220938 0.180051 -0.268819 0.169465 -0.068011 0.167771 0.233094 0.665606 0.083213 0.223543 0.192312 -0.172789 -0.159563 0.554214 0.614688 0.756424 0.550512 0.483735 0.420721 0.263499 0.225914 0.126595 -0.025308 -0.042742 -0.108357 -0.292901 -0.113000 -0.111957 -0.202307 0.031726 0.090536 -0.034743 0.187602 -0.015246 -0.055838 -0.264396 -0.106785 -0.332430 -0.155649 -0.350465 -0.234498 -0.405044 -0.273431 -0.199228 -0.279639 -0.369728 -0.118718 -0.018532 -0.380358 -0.257175 -0.341718
-0.268617 0.051448 -0.381620 -0.224090 -0.094321 -0.336262 -0.075090 -0.126575 -0.069017 -0.172937 -0.202973 0.237677 -0.140587 -0.017957 -0.123545 0.132936 0.288124 0.638375 -0.118365 -0.219266 -0.230092 -0.004587 -0.342657 -0.364452 0.115769 -0.138395 -0.152973 -0.284423 0.407726 1.000000 0.089816 0.160889 0.134272 0.042085 -0.001576 -0.044032 0.066595 -0.029127 -0.208436 -0.177754 0.168488 0.244623 0.243524 0.239764 0.200602 0.192269 0.278627 0.065960 -0.061624 0.204582 0.064707 0.044979 -0.150007 0.063493 -0.005236 -0.027456 0.091052 0.013457 -0.240387 -0.039764 0.170438 0.305817 0.296612 0.295614 -0.058244 0.070860 -0.000501 -0.136159 0.004918 -0.118295 0.005629 0.321427 0.457019 0.516074 0.304071 0.254020 0.053963 0.050483 0.494557 0.498045 0.373570 0.631086 0.058360 0.399911 -0.208094 0.137866 -0.304463 -0.151905 -0.279465 -0.226279 -0.326087 -0.303291 -0.267967 -0.397538 0.081419 0.114269 0.000703 0.110155 -0.223665 0.061870 -0.068674 -0.187762 -0.308038 -0.189555 -0.212032 -0.202108 -0.199186 -0.151468 -0.092196 0.051938 -0.069861 0.142519 0.120193 -0.157150 -0.277400 -0.123208
-0.041171 -0.335149 0.276069 0.262669 -0.186414 0.230898 0.414299 0.351138 -0.176553 0.161923 0.169177 0.037937 0.109047 0.246532 0.267358 0.195534 -0.203247 -0.304085 0.006156 -0.221977 0.116527 0.252856 0.311397 0.152639 -0.187979 0.178413 0.233454 0.075013 0.185637 0.089816 1.000000 0.733300 -0.347972 -0.076058 0.097605 0.097006 -0.177063 -0.100398 -0.095912 0.014641 0.046246 0.078241 -0.140043 -0.145536 -0.332899 -0.280674 -0.215040 -0.379931 -0.316485 -0.347334 -0.109264 -0.344379 -0.356771 -0.320477 -0.106761 -0.176141 -0.123215 -0.175897 -0.095207 -0.311898 -0.160724 -0.333403 -0.305496 -0.274103 0.092287 0.081447 -0.301119 -0.186817 -0.247414 -0.199464 0.476378 0.321838 0.218402 0.159654 0.141853 0.334679 -0.064722 0.047754 -0.049743 -0.100790 -0.111599 -0.126179 -0.062548 -0.067572 0.149838 0.019098 -0.039751 -0.145850 0.179335 -0.064742 -0.438297 -0.259823 0.001073 -0.119896 0.236053 0.291906 0.060187 0.302807 -0.411597 0.075466 -0.308733 -0.243196 -0.300373 -0.282902 -0.127389 0.071873 -0.322602 -0.035394 0.003109 0.204251 -0.091236 -0.092649 -0.085592 -0.069048 0.138869 0.118197
-0.128572 -0.327649 0.192138 0.353150 -0.065957 0.132065 0.313839 0.414423 -0.013350 0.317948 0.143354 0.194335 0.152505 0.350115 0.266505 0.307731 -0.068540 -0.106294 -0.004297 -0.284050 -0.056415 0.407579 0.238549 0.007404 -0.195777 0.200333 0.215331 0.048885 0.448081 0.160889 0.733300 1.000000 -0.391503 -0.114332 0.111004 -0.006606 -0.049106 -0.035701 0.021984 0.203900 0.036151 0.228791 -0.186121 0.026863 -0.328717 -0.309412 -0.207355 -0.313631 -0.358621 -0.357102 -0.208006 -0.306906 -0.392533 -0.285040 -0.121954 -0.226851 -0.305908 -0.226101 -0.374078 -0.315342 -0.399084 -0.367082 -0.140885 -0.190481 0.188271 -0.115328 -0.296346 -0.265567 -0.105338 -0.106451 0.572701 0.474443 0.158795 0.012807 0.062104 0.236147 -0.301207 -0.189781 -0.003088 0.142305 0.225282 0.053371 0.220881 0.231911 0.201613 0.117567 0.054102 0.051575 0.160543 0.123132 -0.237689 -0.122036 0.034062 -0.054007 0.290159 0.181968 0.008857 0.304128 -0.210038 -0.081985 -0.181592 -0.149688 -0.254503 -0.111283 -0.199274 -0.022569 -0.267331 -0.206788 -0.106782 0.006728 -0.237242 -0.167811 -0.081579 -0.225344 -0.027026 -0.040817
-0.185961 0.435562 -0.172677 -0.202218 -0.078786 -0.391444 -0.197353 -0.234275 -0.080738 -0.370846 -0.299894 -0.069656 -0.151222 -0.123252 -0.355061 -0.324944 0.128698 0.276633 0.241535 0.068265 -0.130194 -0.182820 -0.230070 -0.206273 0.017361 -0.238858 -0.219789 -0.178164 0.016780 0.134272 -0.347972 -0.391503 1.000000 0.667671 0.073528 0.066462 0.100302 0.039637 0.139006 -0.149613 0.042548 0.093850 0.320051 0.241346 0.316199 0.220881 0.389982 0.207553 0.270323 0.340483 0.250961 0.306100 0.162771 0.333416 0.022067 0.201995 0.117981 0.191562 0.089065 -0.050875 0.290140 0.111276 0.171859 0.224740 -0.228301 0.156343 0.222942 0.005583 0.480305 0.297351 -0.330686 -0.094174 0.193585 0.151557 0.283247 0.046317 0.230117 0.075178 0.215967 0.313859 0.065931 0.265043 -0.059263 -0.061513 -0.158845 -0.088692 -0.139282 0.104795 -0.339133 -0.213406 -0.177950 -0.249146 -0.240269 -0.245205 -0.338665 -0.259245 -0.138677 -0.271637 0.015853 -0.079876 0.026533 -0.070566 -0.038917 -0.149813 -0.163315 -0.353515 0.009898 0.025041 -0.146933 -0.230069 -0.098103 0.038047 0.099265 -0.061090 -0.180150 -0.289685
-0.046700 0.253913 0.006996 0.090589 -0.062728 -0.245925 0.049812 0.146953 -0.054949 -0.112271 0.037077 0.114342 0.027515 0.163755 -0.175328 -0.157048 0.103027 0.077445 0.268659 -0.014833 -0.000958 -0.090795 -0.132790 -0.046664 -0.209694 -0.139642 -0.228168 -0.092036 0.048772 0.042085 -0.076058 -0.114332 0.667671 1.000000 0.180017 0.384080 0.028622 0.015696 0.193882 -0.026820 0.065454 0.084348 0.006489 -0.072726 -0.072502 -0.049658 0.099599 -0.115952 -0.216516 -0.123855 -0.127918 -0.179173 -0.138426 -0.104098 -0.103148 -0.080324 0.099593 0.189205 -0.005879 -0.370998 0.197560 -0.013579 0.137403 0.057775 0.060796 0.393279 -0.044686 -0.022928 0.401546 0.223471 -0.068422 0.099227 0.242075 0.039575 0.374829 0.233608 0.335974 0.319040 0.096385 0.219651 0.012031 0.189729 -0.103363 -0.062549 0.119307 0.114489 -0.101908 0.092706 -0.013114 -0.159373 -0.474637 -0.424846 -0.032047 -0.193363 -0.178607 -0.089882 -0.042788 0.005107 -0.204385 -0.137036 -0.061908 -0.137004 -0.077173 -0.249966 -0.224657 -0.332401 -0.122725 -0.017635 0.013546 -0.109205 -0.028791 0.100085 -0.013953 0.007737 0.020522 -0.209347
-0.320595 -0.236698 0.018726 -0.098277 -0.418796 0.101591 -0.173478 -0.243992 -0.293926 -0.291663 -0.021525 -0.250674 -0.070736 -0.343096 -0.013132 -0.299069 0.112346 0.000842 0.109869 -0.134666 -0.073472 0.030901 0.171086 -0.113210 -0.020783 0.302211 0.006579 -0.119067 0.216728 -0.001576 0.097605 0.111004 0.073528 0.180017 1.000000 0.333174 0.330491 0.270608 0.210783 0.153889 0.235952 0.115277 -0.070819 0.074031 -0.158138 -0.076093 0.097701 -0.056616 -0.246922 -0.192564 -0.059831 -0.301707 -0.286815 -0.202631 0.250558 -0.016605 -0.202938 -0.166617 -0.012230 -0.180785 0.004644 -0.259055 -0.057654 -0.044474 0.150506 0.121485 0.142657 0.025123 0.300102 0.041859 0.036030 -0.040779 0.100441 0.006043 0.284782 0.090947 0.201664 0.231941 0.267338 0.249690 0.238018 0.247795 0.181250 -0.083142 0.445894 0.263656 0.174240 -0.003197 0.182668 -0.192980 -0.258024 -0.133529 0.071453 0.055866 -0.088370 -0.006524 0.237301 0.055968 -0.044042 0.014437 -0.190880 -0.109876 -0.083185 -0.012557 -0.058636 -0.009282 -0.219432 0.008981 -0.159269 -0.109263 -0.032644 0.048442 -0.002076 -0.118787 0.123076 -0.062998
0.028972 -0.108722 -0.006293 0.238065 -0.066593 0.020329 0.049367 0.252903 -0.113156 0.123084 0.020275 0.107364 0.160798 0.244868 -0.075393 -0.010014 0.029798 -0.069608 -0.022335 0.084771 0.094519 -0.150954 -0.036724 0.281653 -0.223282 0.014761 -0.170365 -0.049561 -0.127602 -0.044032 0.097006 -0.006606 0.066462 0.384080 0.333174 1.000000 0.035668 -0.020351 -0.157228 -0.211167 -0.175890 -0.297250 -0.171336 -0.362442 -0.309718 -0.154514 -0.180735 -0.207678 -0.371263 -0.368096 -0.312058 -0.400097 -0.305903 -0.346758 -0.136637 -0.163934 0.154997 0.144814 -0.010736 -0.372844 0.172270 -0.023699 0.034537 -0.076450 0.132760 0.391812 -0.261400 0.129667 0.173359 0.004942 0.053575 0.008195 0.137434 -0.077704 0.174722 0.169191 0.399528 0.361172 0.116886 -0.081668 -0.096195 0.000886 -0.426871 -0.391239 0.183689 0.086896 -0.102470 -0.076144 0.058099 -0.013343 -0.272322 -0.176678 0.247134 0.089716 -0.126272 0.184522 0.039547 0.087742 -0.089027 0.140821 -0.028398 -0.034210 0.035439 -0.128945 0.111921 0.198893 0.085181 0.241205 0.039040 0.237531 0.398298 0.259674 -0.006267 0.071566 0.288939 0.291351
