1.000000 0.740096 -0.060683 -0.035526 0.076878 0.188890 -0.089369 -0.024221 0.058871 0.200856 0.367521 0.378069 0.205216 0.332673 0.130453 0.140805 0.378112 0.389427 0.259076 0.485379 -0.004649 -0.003315 -0.075454 -0.100500 0.043824 -0.017361 -0.035273 0.038817 0.146064 0.118221 -0.259154 -0.215571 0.236917 0.285942 0.061064 -0.133315 -0.295451 -0.314237 -0.193726 -0.077605 -0.153377 -0.163472 -0.439736 -0.493484 -0.178371 -0.477320 -0.329085 -0.487884 -0.254261 -0.250088 -0.222431 -0.325436 -0.206160 -0.431757 -0.201230 -0.260297 0.633570 0.586803 0.294173 0.236006 0.220872 0.095317 0.229974 0.323492 -0.041469 -0.072637 0.381932 -0.314786 0.525064 0.357387 -0.144211 -0.155663 -0.017944 -0.203949 -0.098815 -0.350934 -0.100006 -0.445168 0.274529 0.280568 0.399020 0.327819 0.187804 0.131891 0.217458 0.116262 -0.093461 -0.155325 0.120735 -0.083496 -0.303632 -0.452879 -0.319590 -0.225158 -0.268514 -0.235662 -0.297724 -0.170178 -0.249810 -0.224921 -0.019368 -0.022222 0.040274 -0.322040 -0.438747 -0.436821 0.185076 -0.190425 -0.172411 -0.106642 -0.429286 -0.179187 -0.001057 -0.171091 -0.197805 -0.389162
0.740096 1.000000 -0.280459 0.033667 0.257514 0.207726 -0.237832 0.118193 0.112555 0.236560 0.353052 0.540047 0.119757 0.489315 0.045239 0.235482 0.499296 0.560666 0.120656 0.503181 -0.020251 -0.028987 -0.283540 -0.309887 -0.004842 -0.163968 -0.210867 -0.157327 0.157056 0.333101 -0.404381 -0.410440 0.263807 0.350287 0.077310 -0.075866 -0.257633 -0.310398 -0.212237 -0.093460 -0.068383 -0.185899 -0.556357 -0.571891 -0.250121 -0.428296 -0.447457 -0.475104 -0.289006 -0.188110 -0.366823 -0.204883 -0.277000 -0.518819 -0.365179 -0.291662 0.589597 0.697147 0.230097 0.423746 0.104761 0.282325 0.145877 0.454888 -0.252898 0.174388 0.469496 -0.202755 0.600418 0.502498 -0.241524 -0.242002 -0.052482 -0.196988 -0.186998 -0.336488 -0.121613 -0.431408 0.431936 0.380843 0.521089 0.525485 0.051840 0.097656 0.116413 0.238131 -0.073784 -0.049934 -0.130397 -0.023428 -0.345818 -0.510197 -0.333464 -0.334608 -0.333283 -0.232017 -0.399174 -0.220549 -0.405067 -0.338971 0.163610 0.033009 0.188451 -0.304048 -0.345511 -0.339673 0.140358 -0.246167 -0.251217 -0.146128 -0.392902 -0.191439 -0.094061 -0.255179 -0.244013 -0.354996
-0.060683 -0.280459 1.000000 0.078577 0.010949 0.242945 0.560049 -0.033704 -0.085524 -0.036294 0.186182 -0.078360 -0.125239 -0.191466 -0.163834 -0.246002 -0.156378 -0.293308 0.419330 0.053197 0.189690 0.158222 0.683962 0.571285 -0.073716 0.319634 0.388021 0.340451 -0.096263 -0.429171 0.333463 0.276123 -0.228856 -0.137893 0.097538 0.103993 -0.417647 -0.211116 -0.267091 -0.101572 -0.437183 -0.311531 0.212061 0.139929 0.280364 0.153413 0.150259 0.162012 0.342821 0.057917 0.432325 -0.119462 0.096991 0.174217 -0.091746 -0.077899 -0.070151 0.002594 -0.295734 -0.284575 -0.131181 -0.461675 -0.213588 -0.625320 0.270385 -0.287707 -0.187504 0.180720 -0.113489 -0.033415 -0.032913 0.163386 -0.331825 -0.298831 -0.299848 -0.110489 -0.404968 -0.144344 -0.193484 -0.163093 -0.198982 -0.227082 -0.122436 -0.008604 0.016554 -0.212346 -0.114429 -0.164255 0.204311 -0.380876 0.183809 0.335220 0.157873 0.393568 0.088382 -0.115194 -0.121076 -0.023936 0.161445 -0.086313 -0.107168 0.006010 -0.253608 0.112362 0.028686 -0.015477 0.085627 -0.040475 0.015159 -0.038117 0.254379 0.135942 -0.077862 -0.020263 -0.059098 -0.081748
-0.035526 0.033667 0.078577 1.000000 -0.015596 -0.212336 0.355442 0.659388 -0.528504 -0.473517 -0.247740 -0.094982 -0.285925 -0.211766 -0.434126 -0.305238 -0.314612 -0.420399 0.203901 -0.095691 0.392268 0.369547 0.231211 0.108943 -0.491541 -0.218716 0.054424 -0.080186 -0.366889 -0.020547 0.299628 0.443764 -0.001114 0.263847 0.114184 0.278008 -0.104727 -0.128151 0.008359 0.030990 -0.040440 0.042485 0.121476 0.150807 0.093171 0.034089 0.046494 -0.135527 0.212924 -0.186478 0.284208 -0.118439 0.044656 0.110464 0.057164 -0.040312 -0.178146 -0.254865 -0.025373 -0.267630 0.497885 0.361441 0.144415 0.056877 0.433335 0.401601 -0.285906 -0.123390 -0.131203 -0.310675 -0.341268 0.360689 -0.188984 0.224512 -0.061461 0.124861 0.157511 0.058912 -0.196274 -0.354004 -0.407488 -0.382185 -0.165411 -0.110444 -0.039386 -0.072850 -0.143707 -0.063303 0.182363 0.135824 0.079848 -0.057724 0.250916 -0.138427 -0.270798 0.067063 -0.049567 -0.038192 0.046510 0.030117 0.345848 -0.218246 0.310662 -0.127710 -0.011355 -0.017659 0.137924 -0.165709 -0.013567 -0.022978 -0.066004 0.120099 0.051479 0.171889 0.030910 0.050830
0.076878 0.257514 0.010949 -0.015596 1.000000 0.137746 -0.161891 0.130771 0.196889 -0.001292 -0.099653 0.017109 -0.164653 0.035819 -0.013707 -0.033408 -0.074122 -0.064062 0.036042 0.369910 0.312772 0.293604 -0.201184 -0.052464 -0.112765 -0.118561 0.290932 -0.013363 -0.320058 -0.281127 -0.495975 -0.354183 -0.188088 -0.174634 0.017306 0.084014 -0.067566 0.103995 -0.031184 0.263848 -0.304488 -0.154015 -0.300340 -0.234415 0.085462 0.029234 -0.361408 -0.114823 0.215808 -0.000093 -0.060108 -0.178425 0.081910 -0.128564 -0.084126 -0.257056 0.000798 0.165520 0.224071 0.360358 -0.024648 0.123696 -0.220711 0.044862 -0.096571 0.200620 0.208114 0.291670 0.218273 0.330863 -0.347598 -0.167311 -0.540221 -0.399072 -0.576802 -0.327889 -0.257711 -0.251688 -0.096922 -0.089006 0.015714 -0.046373 0.097032 -0.061568 -0.254573 -0.150016 -0.066037 0.005470 -0.170238 -0.003707 0.303022 0.343139 0.352080 0.273729 0.168674 -0.092944 -0.106605 -0.090734 -0.088667 0.017535 0.445646 0.339658 0.116878 0.450777 0.391728 0.342465 -0.030124 0.231352 -0.008666 0.024706 -0.056186 0.101248 0.085364 -0.266581 -0.088108 -0.069020
0.188890 0.207726 0.242945 -0.212336 0.137746 1.000000 0.024597 -0.128479 0.074029 0.650322 0.273004 0.436732 -0.040969 0.452544 -0.103372 0.420439 0.418507 0.360207 0.097784 0.296977 -0.191229 -0.019064 0.194249 0.350410 0.157439 0.498690 0.280999 0.504038 0.294351 -0.045600 -0.065405 -0.155279 -0.080675 0.013125 0.194596 -0.108194 -0.432293 -0.224807 -0.557956 0.072471 -0.460810 -0.531301 -0.219379 -0.301351 -0.162914 -0.064826 -0.188583 -0.178931 -0.103927 -0.033036 -0.065176 -0.180594 -0.213092 -0.394274 -0.487050 -0.449995 0.296017 0.430873 -0.218515 0.279961 -0.362004 -0.393491 -0.234583 -0.229862 -0.318363 -0.189838 0.210925 0.159150 0.239711 0.449113 0.062952 -0.173457 -0.195399 -0.465595 -0.269921 -0.434056 -0.454707 -0.196399 0.286489 0.463563 0.369556 0.444555 -0.270607 0.315381 0.054073 0.297915 -0.447386 0.036625 -0.095499 -0.417732 -0.088473 -0.115360 -0.121079 -0.041725 0.074521 -0.439678 -0.215057 0.003592 -0.129611 -0.410560 -0.164521 0.101267 -0.436104 0.000739 -0.218465 -0.313117 0.235678 -0.056291 -0.372257 -0.137875 -0.028389 -0.093453 -0.235389 -0.379367 -0.242152 -0.357499
-0.089369 -0.237832 0.560049 0.355442 -0.161891 0.024597 1.000000 0.435297 -0.268423 -0.199848 0.050467 0.012739 -0.028810 -0.113968 -0.298638 -0.279331 -0.219365 -0.377142 0.390729 -0.035022 0.125037 0.019727 0.416665 0.207821 -0.448369 -0.194264 0.060955 -0.017990 -0.150543 -0.059997 0.528030 0.520616 0.109720 0.194348 -0.103989 0.145506 -0.213654 0.027533 -0.146986 0.036432 -0.297736 -0.040340 0.076409 0.046170 0.251440 0.088435 -0.027675 -0.078342 0.224418 -0.075336 0.234436 -0.284399 -0.033321 0.013625 0.030680 -0.057544 -0.130122 -0.261001 -0.139956 -0.445842 0.294058 0.049881 0.118721 -0.239345 0.564609 -0.005958 -0.379252 -0.089321 -0.258310 -0.363584 -0.050180 0.367404 -0.154484 0.212282 -0.091941 0.241512 -0.147362 0.084807 -0.319374 -0.415196 -0.456200 -0.320554 -0.069935 0.113830 0.072917 -0.133988 -0.074593 -0.080430 0.273631 -0.130741 0.140984 0.137487 0.182471 0.171475 -0.091744 0.115382 -0.139775 -0.002264 0.245298 0.007543 0.066558 -0.146889 0.189561 -0.040596 -0.037892 -0.055866 0.212736 -0.150976 0.044623 -0.053926 -0.104869 0.147380 0.097209 0.006816 -0.024771 0.051813
-0.024221 0.118193 -0.033704 0.659388 0.130771 -0.128479 0.435297 1.000000 -0.461070 -0.393368 -0.305358 0.023019 -0.220388 -0.040554 -0.509300 -0.310621 -0.324033 -0.441491 0.007179 0.024220 0.209620 0.187372 -0.112536 -0.086481 -0.631627 -0.379770 -0.075023 -0.151484 -0.555305 -0.137977 0.158341 0.287879 0.020085 0.130326 -0.082367 0.213741 -0.238123 -0.091100 -0.153953 0.094641 -0.197572 -0.059760 -0.079584 -0.007972 0.160696 0.181184 -0.208885 -0.217172 0.372050 -0.002311 0.191397 -0.113866 0.216933 -0.007835 -0.126874 -0.221365 -0.125047 -0.292701 0.268275 0.119476 0.546234 0.639441 0.238396 0.188641 0.365951 0.598474 -0.120948 0.191450 -0.080259 -0.103438 -0.378444 0.354524 -0.412818 0.145033 -0.310798 0.007659 -0.141347 0.037865 -0.292390 -0.495459 -0.434198 -0.403740 -0.156214 -0.112292 -0.233871 -0.170030 -0.251454 -0.195150 -0.034689 0.160480 0.341787 0.155327 0.428606 0.093143 -0.169662 0.065799 -0.130640 -0.062541 0.057303 0.087508 0.583762 0.086808 0.560894 0.221361 0.267205 0.056559 0.221891 0.013285 -0.016032 0.083642 -0.171026 0.193679 0.087629 0.050735 -0.043185 0.150906
0.058871 0.112555 -0.085524 -0.528504 0.196889 0.074029 -0.268423 -0.461070 1.000000 0.588135 0.287636 0.224857 0.518569 0.382870 0.821722 0.431360 0.246625 0.386168 -0.146655 -0.069074 -0.359434 -0.475491 -0.327829 -0.189301 0.709393 0.126559 -0.102399 -0.065973 0.386439 0.056245 -0.519063 -0.569033 -0.162000 -0.372441 -0.159654 -0.254106 0.139294 0.070762 -0.051363 -0.244305 -0.046690 0.001447 -0.180085 -0.166559 -0.104569 0.009217 -0.068389 0.039657 -0.287003 0.161561 -0.376339 0.025396 -0.259162 -0.263719 -0.159025 -0.066142 -0.102978 0.088358 0.110408 0.198389 -0.498155 -0.108163 -0.400385 0.048066 -0.409235 -0.074961 0.127865 -0.052165 -0.123042 0.083873 0.489024 -0.286594 0.157786 -0.128550 0.153605 0.024082 0.047015 0.011103 0.009268 0.272387 0.278243 0.184827 0.336840 0.103402 0.152585 0.076386 0.355633 0.002912 -0.174399 -0.205172 -0.015195 0.056809 -0.124687 0.214445 -0.043149 -0.066248 -0.264184 -0.139402 -0.319498 -0.172884 -0.163207 0.129270 -0.236955 0.015424 -0.127914 0.027664 -0.240528 -0.125388 0.025660 0.031660 -0.241610 -0.213283 -0.018799 -0.325945 -0.026370 -0.085843
0.200856 0.236560 -0.036294 -0.473517 -0.001292 0.650322 -0.199848 -0.393368 0.588135 1.000000 0.474920 0.588854 0.423389 0.730237 0.416416 0.803306 0.615795 0.652013 -0.170877 0.030036 -0.452287 -0.366929 -0.190904 0.017484 0.617799 0.415081 -0.025690 0.246533 0.651125 0.191216 -0.262786 -0.408865 -0.134502 -0.107651 -0.062082 -0.286349 -0.224642 -0.002314 -0.528288 -0.297395 -0.232330 -0.255054 -0.202087 -0.290494 -0.327942 -0.099920 -0.091997 -0.104074 -0.391327 0.011311 -0.420102 -0.122772 -0.337163 -0.515515 -0.475724 -0.426333 0.111827 0.309595 -0.178145 0.230120 -0.588763 -0.266331 -0.365286 -0.005002 -0.602169 -0.132806 0.116102 -0.064755 0.028617 0.290935 0.514168 -0.192012 0.262407 -0.227558 0.162299 -0.110969 -0.086686 0.007585 0.279855 0.670376 0.541708 0.540393 -0.024896 0.353714 0.076609 0.324429 -0.165359 0.054244 -0.242700 -0.487284 -0.158691 -0.209191 -0.259462 -0.038897 -0.138653 -0.346373 -0.319428 -0.230935 -0.263092 -0.406100 -0.242103 0.103461 -0.391159 -0.142739 -0.372160 -0.366044 0.050527 -0.153483 -0.285568 -0.122714 -0.192242 -0.234233 -0.083523 -0.279816 -0.246714 -0.309101
0.367521 0.353052 0.186182 -0.247740 -0.099653 0.273004 0.050467 -0.305358 0.287636 0.474920 1.000000 0.573726 0.563367 0.582242 0.356968 0.507716 0.450645 0.442139 0.094591 0.150185 -0.216412 -0.180684 0.114098 0.055040 0.248294 0.130831 0.007184 0.120571 0.542842 0.226625 -0.042544 -0.155700 0.075965 0.002558 -0.075122 -0.105442 -0.255798 -0.054217 -0.285144 -0.200648 -0.221502 -0.147757 -0.264600 -0.372313 -0.368470 -0.409894 -0.234282 -0.280800 -0.189083 -0.232449 -0.278091 -0.106940 -0.206847 -0.310517 -0.205666 -0.223768 0.124677 0.273777 -0.236583 -0.055253 -0.231160 -0.147168 -0.079550 -0.027556 -0.224059 -0.042778 -0.085581 -0.291458 0.027582 0.103373 0.260065 -0.208334 0.152027 -0.193388 0.038192 -0.037146 -0.119635 -0.143815 0.187169 0.354526 0.394397 0.461538 0.204429 0.449925 0.229517 0.467305 0.020008 0.042055 0.009397 -0.171956 -0.301205 -0.318791 -0.352834 -0.069191 -0.255886 -0.119415 -0.365967 -0.257908 -0.387616 -0.326828 -0.193043 0.001936 -0.189004 -0.310570 -0.442622 -0.359715 -0.020595 -0.357111 -0.139937 -0.042678 -0.240360 -0.269102 -0.169950 -0.068132 -0.088883 -0.199948
0.378069 0.540047 -0.078360 -0.094982 0.017109 0.436732 0.012739 0.023019 0.224857 0.588854 0.573726 1.000000 0.296860 0.774585 0.114653 0.654912 0.592057 0.617338 -0.087429 0.150342 -0.224434 -0.167461 -0.097863 -0.051774 0.171459 0.077525 -0.107615 0.053311 0.533657 0.398986 -0.080215 -0.147325 0.170582 0.163995 -0.085143 -0.182000 -0.255288 0.018346 -0.432940 -0.127904 -0.213328 -0.155960 -0.397604 -0.500542 -0.523601 -0.399321 -0.334458 -0.420241 -0.357311 -0.337875 -0.365235 -0.310533 -0.267303 -0.583185 -0.342827 -0.422609 0.222470 0.323003 -0.233332 0.058407 -0.229534 0.053971 -0.142406 0.138652 -0.327792 0.200612 0.005798 -0.252276 0.146539 0.179054 0.149980 -0.096840 0.147727 -0.096869 -0.011092 -0.092050 -0.147600 -0.030285 0.330005 0.473079 0.502576 0.501518 0.038771 0.435758 0.109317 0.468373 -0.151915 0.067778 -0.237756 -0.205381 -0.315037 -0.428636 -0.214848 -0.265591 -0.388122 -0.173953 -0.542496 -0.255060 -0.322668 -0.343424 0.056425 -0.042901 -0.052035 -0.263329 -0.418691 -0.376983 0.219120 -0.400073 -0.244665 -0.125549 -0.334883 -0.260807 -0.187414 -0.155588 -0.185408 -0.261116
0.205216 0.119757 -0.125239 -0.285925 -0.164653 -0.040969 -0.028810 -0.220388 0.518569 0.423389 0.563367 0.296860 1.000000 0.615033 0.652023 0.536392 0.193246 0.274429 -0.200212 -0.261091 -0.300547 -0.368902 -0.207383 -0.293095 0.423229 -0.024080 -0.171351 -0.078933 0.380641 0.125777 -0.239147 -0.269612 0.093054 -0.118524 -0.310596 -0.233020 0.055053 0.038429 -0.070646 -0.269048 0.046859 0.118712 -0.115989 -0.139212 -0.119769 -0.170112 -0.033548 -0.092969 -0.092753 0.028820 -0.352183 0.000565 -0.007661 -0.198132 0.031575 -0.029332 -0.180262 -0.120337 0.186491 -0.021166 -0.028656 0.186138 0.055420 0.317465 -0.256359 0.032260 -0.140307 -0.445080 -0.387646 -0.256192 0.436235 -0.167144 0.356841 0.086251 0.359421 0.138324 0.301528 0.040737 -0.148712 0.164268 0.126390 0.081381 0.276770 0.256082 0.167021 0.120444 0.243980 -0.027238 -0.077614 -0.058295 -0.089849 -0.189490 -0.184698 0.041992 -0.274593 -0.002086 -0.132926 -0.286323 -0.171482 -0.207906 -0.049776 0.078960 -0.000097 -0.235975 -0.248810 -0.194018 -0.059814 -0.266852 0.043849 0.035275 -0.324298 -0.264270 -0.009957 -0.068971 0.009485 -0.006274
0.332673 0.489315 -0.191466 -0.211766 0.035819 0.452544 -0.113968 -0.040554 0.382870 0.730237 0.582242 0.774585 0.615033 1.000000 0.301650 0.801712 0.596977 0.620766 -0.273327 -0.003432 -0.351874 -0.300210 -0.260017 -0.215277 0.342903 0.121645 -0.163983 0.037760 0.510843 0.307200 -0.231016 -0.312514 0.115203 0.081734 -0.213138 -0.267842 -0.210491 0.001491 -0.469331 -0.239696 -0.146834 -0.166520 -0.353093 -0.440728 -0.358608 -0.241087 -0.277225 -0.334009 -0.217308 -0.098561 -0.448728 -0.130701 -0.169827 -0.549345 -0.377085 -0.432842 0.068704 0.226557 -0.027778 0.207919 -0.201974 0.187115 -0.106766 0.330260 -0.537639 0.206515 0.045979 -0.286901 -0.038433 0.119225 0.282729 -0.177692 0.194920 -0.117950 0.058218 -0.084889 0.020224 -0.061741 0.213827 0.501700 0.458978 0.459885 -0.014923 0.329520 0.018384 0.339900 -0.156739 -0.006974 -0.284043 -0.257739 -0.219209 -0.394980 -0.206045 -0.204776 -0.349250 -0.293412 -0.423795 -0.348831 -0.313018 -0.432927 0.056305 0.050963 -0.037686 -0.217960 -0.348281 -0.334150 0.188546 -0.304763 -0.299167 -0.159423 -0.405099 -0.314358 -0.127054 -0.188019 -0.166598 -0.237373
0.130453 0.045239 -0.163834 -0.434126 -0.013707 -0.103372 -0.298638 -0.509300 0.821722 0.416416 0.356968 0.114653 0.652023 0.301650 1.000000 0.448917 0.065742 0.269374 -0.207779 -0.194227 -0.233018 -0.380659 -0.210894 -0.155967 0.711104 0.164226 -0.029151 0.022056 0.363657 0.089548 -0.361658 -0.360235 -0.108492 -0.336027 -0.146419 -0.234818 0.277233 0.056414 0.073310 -0.196728 0.110337 0.085351 -0.121487 -0.078792 -0.159373 -0.105865 -0.000335 0.013429 -0.312332 0.068365 -0.341639 0.073570 -0.229283 -0.073578 -0.020323 0.082989 -0.152564 -0.013659 0.177415 0.083128 -0.297667 -0.044562 -0.253057 0.157943 -0.217574 -0.083898 -0.017985 -0.252470 -0.229960 -0.131980 0.433829 -0.263427 0.269428 0.008292 0.306199 0.129873 0.193087 -0.048163 -0.087974 0.147820 0.184176 0.070409 0.491164 0.212198 0.233825 0.118014 0.395844 -0.054717 -0.008500 -0.025564 -0.119817 -0.071985 -0.198466 0.126251 -0.103000 -0.010535 -0.184850 -0.129162 -0.321612 -0.116594 -0.218928 -0.008288 -0.174539 -0.140786 -0.217947 0.017641 -0.216680 -0.165242 0.140224 0.023926 -0.265909 -0.333015 0.033224 -0.213424 -0.002678 -0.031658
0.140805 0.235482 -0.246002 -0.305238 -0.033408 0.420439 -0.279331 -0.310621 0.431360 0.803306 0.507716 0.654912 0.536392 0.801712 0.448917 1.000000 0.496713 0.626769 -0.396477 -0.136359 -0.325795 -0.235368 -0.243995 -0.108203 0.525562 0.308260 -0.022351 0.193601 0.613392 0.357812 -0.172501 -0.258983 -0.043301 -0.042108 -0.133231 -0.278337 -0.017047 0.157848 -0.334719 -0.162331 -0.067711 -0.081118 -0.213215 -0.306215 -0.508536 -0.226531 -0.109844 -0.228109 -0.378363 -0.144107 -0.457162 -0.082326 -0.258623 -0.471833 -0.297089 -0.349577 -0.061686 0.135105 -0.134867 0.083339 -0.383292 -0.031678 -0.296357 0.187602 -0.525510 0.143408 -0.052878 -0.286027 -0.102585 0.070947 0.432195 -0.184557 0.372284 -0.085838 0.212311 -0.014193 0.095422 0.108554 0.203646 0.600813 0.430955 0.457721 0.089420 0.483742 0.030304 0.449979 -0.111340 0.119600 -0.190481 -0.242429 -0.217048 -0.357644 -0.231672 -0.216748 -0.218698 -0.213746 -0.281725 -0.214614 -0.347378 -0.319248 -0.094881 -0.017637 -0.244989 -0.217875 -0.363792 -0.269084 0.108466 -0.200835 -0.193160 -0.084062 -0.253826 -0.329678 -0.017825 -0.110856 -0.126656 -0.174148
0.378112 0.499296 -0.156378 -0.314612 -0.074122 0.418507 -0.219365 -0.324033 0.246625 0.615795 0.450645 0.592057 0.193246 0.596977 0.065742 0.496713 1.000000 0.810445 0.112327 0.331079 -0.260202 -0.297145 -0.166296 -0.177571 0.205194 0.048174 -0.249715 -0.101392 0.744581 0.502778 -0.080688 -0.252364 0.287028 0.416647 -0.078487 -0.307210 -0.225900 -0.040685 -0.330050 -0.267536 0.028251 0.026933 -0.342189 -0.458658 -0.346279 -0.371845 -0.252840 -0.304586 -0.585038 -0.185762 -0.490074 -0.244264 -0.408779 -0.608962 -0.301568 -0.315364 0.527319 0.606209 -0.240787 0.152981 -0.337289 -0.146688 0.088745 0.241632 -0.518390 -0.196173 0.311474 -0.239630 0.378900 0.404553 0.198188 -0.207857 0.404507 -0.103807 0.178438 -0.054751 0.073949 -0.131425 0.692083 0.763988 0.811382 0.846427 -0.058918 0.281612 0.199885 0.416359 -0.018157 0.249346 -0.163352 -0.312100 -0.590959 -0.616421 -0.551090 -0.451169 -0.295742 -0.310705 -0.272962 -0.180215 -0.286771 -0.443572 -0.310330 -0.096208 -0.215526 -0.455930 -0.489498 -0.525732 0.087007 -0.273014 -0.314680 -0.218410 -0.235720 -0.264451 -0.156658 -0.189793 -0.105037 -0.333791
0.389427 0.560666 -0.293308 -0.420399 -0.064062 0.360207 -0.377142 -0.441491 0.386168 0.652013 0.442139 0.617338 0.274429 0.620766 0.269374 0.626769 0.810445 1.000000 -0.095434 0.217494 -0.307413 -0.245956 -0.203520 -0.201874 0.413464 0.151095 -0.243646 -0.091999 0.709333 0.587416 -0.213598 -0.347631 0.250569 0.330015 0.021771 -0.261055 -0.055642 0.007622 -0.242279 -0.210853 0.103220 0.016357 -0.407821 -0.503233 -0.447807 -0.494027 -0.252199 -0.325056 -0.604397 -0.213194 -0.513717 -0.172256 -0.395421 -0.540118 -0.263508 -0.237655 0.445389 0.634100 -0.182447 0.120104 -0.403105 -0.148295 -0.028652 0.314945 -0.576856 -0.189501 0.313919 -0.396241 0.389688 0.348381 0.258370 -0.269610 0.501246 -0.080182 0.225199 -0.096576 0.033880 -0.074110 0.601559 0.825370 0.729491 0.822267 0.016113 0.300064 0.143103 0.414422 -0.007849 0.161513 -0.276645 -0.243644 -0.532534 -0.587642 -0.518169 -0.382276 -0.240154 -0.229697 -0.318070 -0.140535 -0.380505 -0.377873 -0.265301 -0.112009 -0.233906 -0.429613 -0.535522 -0.408413 0.095838 -0.276890 -0.299681 -0.186142 -0.298715 -0.282467 -0.093804 -0.163676 -0.142594 -0.257289
0.259076 0.120656 0.419330 0.203901 0.036042 0.097784 0.390729 0.007179 -0.146655 -0.170877 0.094591 -0.087429 -0.200212 -0.273327 -0.207779 -0.396477 0.112327 -0.095434 1.000000 0.513547 0.072821 0.030766 0.212446 0.110651 -0.278844 -0.246216 0.010280 -0.069367 0.041852 -0.105326 0.160087 0.134593 0.034380 0.197291 -0.039789 0.111092 -0.334786 -0.280146 -0.129169 -0.211168 -0.268732 -0.049336 0.029658 -0.005645 0.104079 -0.051169 0.013349 -0.048764 -0.087328 -0.036590 0.070709 -0.219406 -0.118673 -0.136685 -0.064720 -0.116114 0.321682 0.247499 -0.055738 -0.107428 0.109388 -0.099822 0.158357 -0.165626 0.282853 -0.172701 -0.047515 -0.043634 0.179029 0.082745 0.047289 0.186497 -0.062527 -0.062537 -0.009706 -0.036741 -0.057789 -0.162673 0.028820 -0.094216 0.034264 0.045321 0.044113 0.064477 0.223102 -0.057102 0.036469 -0.013200 0.243431 -0.182743 -0.100066 -0.006724 -0.090791 -0.020094 -0.171916 -0.123273 -0.097412 -0.068075 0.116405 -0.132905 -0.101095 -0.166632 -0.033431 -0.149509 -0.107201 -0.261272 0.078649 -0.055749 -0.093482 -0.097327 -0.060516 0.150371 -0.029915 -0.050229 0.045839 -0.146342
0.485379 0.503181 0.053197 -0.095691 0.369910 0.296977 -0.035022 0.024220 -0.069074 0.030036 0.150185 0.150342 -0.261091 -0.003432 -0.194227 -0.136359 0.331079 0.217494 0.513547 1.000000 -0.025761 0.004478 -0.132809 0.088638 -0.304158 -0.178293 0.066521 0.008984 0.021315 -0.081057 -0.198143 -0.129293 0.067370 0.191511 0.032896 -0.019751 -0.392839 -0.258317 -0.256686 0.054601 -0.265210 -0.183418 -0.410530 -0.445648 -0.112510 -0.224590 -0.459863 -0.349146 -0.199586 -0.131481 -0.292904 -0.433688 -0.202436 -0.440098 -0.320700 -0.464453 0.626673 0.582964 0.126837 0.379802 0.040447 -0.023739 0.226485 0.051455 -0.019470 -0.091182 0.364330 0.186220 0.655661 0.686149 -0.274024 -0.117293 -0.247563 -0.435070 -0.408083 -0.483607 -0.465633 -0.303898 0.339420 0.140574 0.378089 0.443053 0.191074 0.270586 0.042652 0.049445 -0.140553 -0.041008 0.009833 -0.179686 -0.024674 -0.000723 -0.020211 -0.002381 -0.003999 -0.313949 -0.163013 -0.070545 -0.194089 -0.163894 0.062140 0.152072 0.060797 0.138302 -0.033102 -0.117428 0.150431 0.094910 -0.268520 -0.114911 -0.188297 0.055083 -0.151258 -0.155028 -0.100470 -0.149264
-0.004649 -0.020251 0.189690 0.392268 0.312772 -0.191229 0.125037 0.209620 -0.359434 -0.452287 -0.216412 -0.224434 -0.300547 -0.351874 -0.233018 -0.325795 -0.260202 -0.307413 0.072821 -0.025761 1.000000 0.615857 0.395219 0.241629 -0.328443 0.079118 0.349332 0.049954 -0.338457 -0.131655 0.156581 0.273100 0.081587 0.216853 0.210870 0.241891 0.030858 -0.004742 0.221711 0.245090 -0.070687 0.025713 -0.048099 -0.008408 0.117670 -0.147564 -0.102615 -0.135880 0.162712 -0.274856 0.279490 -0.160030 0.026928 0.207539 0.203187 0.138690 -0.007255 0.051082 -0.056137 -0.154320 0.296671 0.006061 0.090748 -0.045956 0.399322 0.077201 -0.022117 -0.086058 0.081903 -0.074229 -0.481586 0.030155 -0.260980 0.050899 -0.261315 -0.005311 0.072666 -0.227681 -0.046926 -0.257924 -0.176743 -0.247987 -0.041651 -0.090040 0.004326 -0.117015 -0.002394 0.076862 0.287097 0.249109 0.002872 -0.023217 0.170612 0.064292 0.146489 0.093383 0.147218 0.164519 0.065756 0.167813 0.189681 -0.058540 0.219721 -0.052090 0.158891 0.190982 0.147610 -0.003229 0.114973 -0.055184 0.158980 0.108308 0.150750 -0.002096 0.027702 -0.077882
-0.003315 -0.028987 0.158222 0.369547 0.293604 -0.019064 0.019727 0.187372 -0.475491 -0.366929 -0.180684 -0.167461 -0.368902 -0.300210 -0.380659 -0.235368 -0.297145 -0.245956 0.030766 0.004478 0.615857 1.000000 0.314100 0.244219 -0.266975 0.170519 0.315852 0.202245 -0.337553 -0.193835 0.068362 0.186743 -0.007701 0.168112 0.354638 0.180425 -0.028002 -0.072458 0.086866 0.207528 -0.134228 -0.048832 -0.001260 0.006192 0.113209 -0.100565 -0.072055 -0.092143 0.350788 -0.198568 0.335350 -0.043426 0.211848 0.215058 0.087280 0.060965 0.018109 0.074898 -0.053498 -0.159885 0.210695 -0.077606 -0.016326 -0.145044 0.242759 0.094273 -0.047133 -0.011015 0.203896 0.042919 -0.446394 0.109956 -0.301800 -0.094951 -0.308449 -0.123492 -0.063680 -0.072221 -0.042672 -0.112868 -0.171741 -0.192018 -0.202716 -0.165767 -0.071940 -0.091419 -0.126679 0.059709 0.176414 0.143920 0.038769 0.082513 0.136080 0.036866 0.215008 0.030195 0.128218 0.263100 0.127780 0.155306 0.240154 0.060990 0.125404 0.103366 0.171969 0.144338 0.115447 0.173967 -0.011751 0.140977 0.238997 0.203764 -0.033874 0.117814 -0.172956 -0.042987
-0.075454 -0.283540 0.683962 0.231211 -0.201184 0.194249 0.416665 -0.112536 -0.327829 -0.190904 0.114098 -0.097863 -0.207383 -0.260017 -0.210894 -0.243995 -0.166296 -0.203520 0.212446 -0.132809 0.395219 0.314100 1.000000 0.722116 -0.092852 0.459817 0.478797 0.416981 -0.060117 -0.170996 0.488666 0.452786 -0.049326 0.048375 0.286204 0.250829 -0.081870 -0.104519 0.022302 0.135386 -0.134984 -0.165004 0.176872 0.102656 0.121596 -0.145092 0.146241 0.017426 0.210923 -0.216003 0.526773 -0.099404 0.078715 0.274879 0.188049 0.137275 -0.052392 0.016606 -0.456585 -0.500952 -0.002229 -0.529302 -0.041388 -0.524612 0.389705 -0.434746 -0.251321 -0.141114 -0.112256 -0.226116 -0.220246 0.036255 -0.153070 -0.087845 -0.106040 0.011173 -0.150083 -0.121711 -0.021294 -0.103572 -0.170972 -0.150069 -0.124846 0.014808 0.268077 -0.024561 -0.046171 -0.011040 0.383568 -0.100938 -0.080707 -0.019600 0.001259 0.079632 0.055969 0.006883 0.041968 0.140195 0.177662 -0.050255 -0.206883 -0.186687 -0.266798 -0.176942 -0.169983 -0.075752 0.034786 -0.269539 0.025164 -0.118175 0.304601 0.022753 -0.119640 0.020588 0.017948 -0.118945
-0.100500 -0.309887 0.571285 0.108943 -0.052464 0.350410 0.207821 -0.086481 -0.189301 0.017484 0.055040 -0.051774 -0.293095 -0.215277 -0.155967 -0.108203 -0.177571 -0.201874 0.110651 0.088638 0.241629 0.244219 0.722116 1.000000 -0.012970 0.589207 0.557523 0.579956 -0.077136 -0.341902 0.314109 0.375518 -0.309648 -0.205911 0.284282 0.197347 -0.273024 -0.221974 -0.190438 0.090554 -0.305196 -0.236240 0.084079 0.062830 -0.063386 -0.032475 0.042579 0.008168 0.144618 -0.167259 0.356866 -0.177467 0.042994 0.120288 -0.124992 -0.166794 -0.064750 -0.027384 -0.373528 -0.177967 -0.207308 -0.514918 -0.216824 -0.576754 0.225718 -0.273938 -0.195950 0.199069 -0.079734 0.046331 -0.121614 0.049620 -0.264051 -0.280711 -0.218579 -0.175545 -0.384958 -0.103745 -0.061216 -0.064932 -0.116622 -0.121628 0.015695 0.218809 0.070475 0.055102 -0.246708 -0.044956 0.250926 -0.229661 0.216848 0.236336 0.250064 0.229732 0.153590 -0.112810 -0.041109 -0.007457 0.070157 -0.099167 -0.144547 -0.009190 -0.285777 0.115542 -0.039863 0.000664 0.029764 -0.107214 -0.047196 -0.008631 0.324747 -0.058202 -0.188658 -0.033477 -0.069342 -0.074682
0.043824 -0.004842 -0.073716 -0.491541 -0.112765 0.157439 -0.448369 -0.631627 0.709393 0.617799 0.248294 0.171459 0.423229 0.342903 0.711104 0.525562 0.205194 0.413464 -0.278844 -0.304158 -0.328443 -0.266975 -0.092852 -0.012970 1.000000 0.567233 0.088016 0.329373 0.444471 0.054603 -0.303783 -0.404535 -0.260665 -0.332113 0.031348 -0.193549 0.147660 -0.027472 -0.140360 -0.355007 0.043883 -0.106284 0.083205 0.064617 -0.176265 -0.010895 0.216090 0.211498 -0.237847 0.130623 -0.179067 0.171348 -0.139109 -0.117318 -0.163895 -0.013541 -0.065838 0.136728 -0.060389 0.034949 -0.589160 -0.342735 -0.465249 -0.085769 -0.460976 -0.215575 0.042858 -0.171569 -0.141382 0.008496 0.566434 -0.251795 0.333416 -0.093645 0.351574 0.030507 0.215829 0.058676 0.123214 0.420108 0.267423 0.158485 0.080549 0.054669 0.112938 0.091451 0.123110 -0.044874 -0.149660 -0.313623 -0.120854 -0.099640 -0.253697 0.074395 -0.021105 -0.149493 -0.168105 -0.101616 -0.169883 -0.154689 -0.305931 -0.018160 -0.476022 -0.151523 -0.321760 -0.143761 -0.185885 -0.115547 -0.032268 -0.031606 0.000663 -0.225944 -0.042928 -0.205435 -0.149877 -0.230601
-0.017361 -0.163968 0.319634 -0.218716 -0.118561 0.498690 -0.194264 -0.379770 0.126559 0.415081 0.130831 0.077525 -0.024080 0.121645 0.164226 0.308260 0.048174 0.151095 -0.246216 -0.178293 0.079118 0.170519 0.459817 0.589207 0.567233 1.000000 0.515218 0.722787 0.163267 -0.198088 0.121020 0.056203 -0.333021 -0.202271 0.347833 -0.059000 -0.128972 -0.150289 -0.271045 -0.054603 -0.188411 -0.347123 0.114121 0.054058 -0.170897 -0.052564 0.153712 0.112790 -0.015555 -0.087556 0.145518 -0.026704 -0.006431 -0.013796 -0.253289 -0.088432 0.055925 0.189478 -0.321342 -0.041162 -0.497942 -0.601965 -0.395046 -0.413817 -0.200704 -0.312228 -0.042917 0.021910 0.013310 0.138937 0.160395 -0.101781 -0.023685 -0.279320 -0.042043 -0.220435 -0.173537 -0.027637 0.145610 0.299856 0.121320 0.093747 -0.164533 0.131848 0.025120 0.084589 -0.238777 -0.061611 0.049419 -0.335862 -0.000178 -0.037416 -0.076881 0.088923 0.224163 -0.203542 -0.007820 0.134751 -0.055947 -0.106150 -0.294387 -0.045393 -0.525682 -0.023598 -0.218033 -0.087162 0.050588 -0.056530 -0.067283 0.005516 0.247449 -0.085952 -0.160697 -0.232966 -0.126013 -0.198120
-0.035273 -0.210867 0.388021 0.054424 0.290932 0.280999 0.060955 -0.075023 -0.102399 -0.025690 0.007184 -0.107615 -0.171351 -0.163983 -0.029151 -0.022351 -0.249715 -0.243646 0.010280 0.066521 0.349332 0.315852 0.478797 0.557523 0.088016 0.515218 1.000000 0.729083 -0.213030 -0.419222 -0.004072 0.102728 -0.302872 -0.264955 0.149450 0.145739 -0.047600 -0.050018 -0.085539 0.184341 -0.233262 -0.297136 0.081656 0.036654 -0.031166 -0.082451 -0.011802 0.010025 0.203252 -0.192908 0.270715 -0.232921 0.073445 0.028043 0.033952 -0.102397 -0.100853 -0.023443 -0.088066 -0.081081 -0.127911 -0.354279 -0.209959 -0.412007 0.218589 -0.172695 -0.084478 0.114395 -0.030514 0.064170 -0.182142 -0.138943 -0.316401 -0.293753 -0.321399 -0.200662 -0.210370 -0.090556 -0.170057 -0.133905 -0.185349 -0.196392 0.090730 0.192586 0.050887 -0.027036 -0.146704 0.020663 0.289614 -0.069920 0.259617 0.231893 0.304723 0.307547 0.193353 -0.077762 0.024022 0.112279 0.060868 0.094160 0.005427 -0.050421 -0.282232 0.165655 0.048482 0.055855 0.077065 0.123914 0.072094 -0.061753 0.198816 0.078796 -0.101075 -0.209977 -0.097223 -0.011924
0.038817 -0.157327 0.340451 -0.080186 -0.013363 0.504038 -0.017990 -0.151484 -0.065973 0.246533 0.120571 0.053311 -0.078933 0.037760 0.022056 0.193601 -0.101392 -0.091999 -0.069367 0.008984 0.049954 0.202245 0.416981 0.579956 0.329373 0.722787 0.729083 1.000000 0.043788 -0.372218 0.064422 0.076597 -0.364595 -0.285230 0.184541 0.079608 -0.182244 -0.198564 -0.347012 0.016248 -0.363921 -0.390115 0.119549 0.081976 -0.145162 0.000439 0.105777 0.094580 0.106923 -0.053716 0.200067 -0.056016 0.021070 -0.051522 -0.256957 -0.194075 0.042033 0.082383 -0.153425 0.020745 -0.298310 -0.456174 -0.336208 -0.464519 0.011280 -0.206726 -0.056603 0.156370 0.000240 0.145927 0.065918 -0.152968 -0.155635 -0.360269 -0.121698 -0.272235 -0.306920 -0.100492 -0.020268 0.047875 -0.026434 -0.064619 -0.053623 0.261472 0.033463 0.106814 -0.310853 -0.016555 0.181218 -0.308854 0.121525 0.067981 0.040373 0.133649 0.224307 -0.284283 -0.072459 0.069926 0.035381 -0.090611 -0.226323 -0.042551 -0.470861 0.086841 -0.172070 -0.214751 0.089039 0.017491 -0.100837 -0.016641 0.164344 -0.005682 -0.256763 -0.306922 -0.287713 -0.249780
0.146064 0.157056 -0.096263 -0.366889 -0.320058 0.294351 -0.150543 -0.555305 0.386439 0.651125 0.542842 0.533657 0.380641 0.510843 0.363657 0.613392 0.744581 0.709333 0.041852 0.021315 -0.338457 -0.337553 -0.060117 -0.077136 0.444471 0.163267 -0.213030 0.043788 1.000000 0.493925 0.011810 -0.148116 0.179850 0.188698 -0.024609 -0.282286 -0.049801 0.017530 -0.235991 -0.315994 0.041404 0.078178 -0.135222 -0.264025 -0.435572 -0.327031 -0.018586 -0.098225 -0.652799 -0.194611 -0.472502 -0.093679 -0.521317 -0.419927 -0.162797 -0.143230 0.248333 0.334074 -0.437491 -0.143918 -0.543854 -0.353948 -0.204711 -0.023617 -0.426176 -0.238836 0.021920 -0.383084 0.076565 0.078767 0.518062 -0.212029 0.665911 0.022015 0.472047 0.135776 0.181550 0.100433 0.546890 0.717523 0.660388 0.669555 0.082504 0.443756 0.289825 0.465040 0.111235 0.307483 -0.063830 -0.308897 -0.601256 -0.532868 -0.571469 -0.347104 -0.249535 -0.178291 -0.245044 -0.121184 -0.293345 -0.336686 -0.513755 -0.214158 -0.363083 -0.502395 -0.581788 -0.477383 -0.010784 -0.364049 -0.178623 -0.120581 -0.152676 -0.337506 -0.106569 -0.090574 -0.079647 -0.218589
0.118221 0.333101 -0.429171 -0.020547 -0.281127 -0.045600 -0.059997 -0.137977 0.056245 0.191216 0.226625 0.398986 0.125777 0.307200 0.089548 0.357812 0.502778 0.587416 -0.105326 -0.081057 -0.131655 -0.193835 -0.170996 -0.341902 0.054603 -0.198088 -0.419222 -0.372218 0.493925 1.000000 0.202441 0.088892 0.400047 0.534457 -0.028619 -0.179455 0.225116 0.167460 0.099270 -0.041697 0.422335 0.275519 -0.222878 -0.284694 -0.263880 -0.381174 -0.107479 -0.300697 -0.539654 -0.249982 -0.306435 -0.076207 -0.370295 -0.258017 0.012921 0.145511 0.200828 0.286609 -0.186211 -0.188467 -0.010190 0.106425 0.148835 0.410623 -0.103674 -0.014021 0.112980 -0.518477 0.161544 -0.075748 0.118878 -0.014374 0.546688 0.515399 0.430953 0.348616 0.344757 0.083245 0.505354 0.437194 0.333533 0.549452 -0.134285 0.207377 0.225670 0.419832 0.056031 0.180948 -0.034422 0.147649 -0.650599 -0.724432 -0.608541 -0.612007 -0.403613 0.035175 -0.140606 -0.091238 -0.250175 -0.280388 -0.239574 -0.324776 0.029398 -0.624865 -0.458738 -0.317960 0.083317 -0.316238 -0.121860 -0.124832 -0.284746 -0.321379 0.021490 -0.023970 0.009133 -0.097128
-0.259154 -0.404381 0.333463 0.299628 -0.495975 -0.065405 0.528030 0.158341 -0.519063 -0.262786 -0.042544 -0.080215 -0.239147 -0.231016 -0.361658 -0.172501 -0.080688 -0.213598 0.160087 -0.198143 0.156581 0.068362 0.488666 0.314109 -0.303783 0.121020 -0.004072 0.064422 0.011810 0.202441 1.000000 0.903808 0.056945 0.371015 -0.050560 0.040998 -0.060395 0.166134 -0.067660 -0.004386 0.131194 0.221413 0.305213 0.269878 0.027950 0.031761 0.227335 0.045675 0.025897 -0.153328 0.196160 -0.076519 0.042133 0.180082 0.062321 0.129379 -0.092174 -0.269018 -0.396061 -0.512794 0.140361 -0.101907 0.208894 -0.173116 0.324655 -0.140458 -0.437907 -0.147663 -0.228059 -0.414964 0.035219 0.519624 0.187920 0.390198 0.222954 0.363812 0.068615 0.250502 -0.011037 -0.209815 -0.267387 -0.131075 -0.244458 0.152028 -0.055232 -0.016811 -0.228977 -0.097610 0.106712 -0.113304 -0.155579 -0.159734 -0.115480 -0.230432 -0.157371 0.032042 0.089940 -0.017140 0.298263 0.029745 -0.174978 -0.302906 -0.001457 -0.180254 -0.085406 -0.042531 0.171980 -0.151599 0.020735 -0.111895 0.076525 -0.020863 -0.025340 0.207407 0.176648 0.099685
-0.215571 -0.410440 0.276123 0.443764 -0.354183 -0.155279 0.520616 0.287879 -0.569033 -0.408865 -0.155700 -0.147325 -0.269612 -0.312514 -0.360235 -0.258983 -0.252364 -0.347631 0.134593 -0.129293 0.273100 0.186743 0.452786 0.375518 -0.404535 0.056203 0.102728 0.076597 -0.148116 0.088892 0.903808 1.000000 0.108752 0.359831 0.020809 0.082587 -0.025880 0.183461 0.023879 0.119593 0.131723 0.261581 0.186918 0.205568 0.027020 0.005950 0.104369 -0.073422 0.084299 -0.220918 0.196104 -0.184931 0.052329 0.174588 0.123297 0.071061 -0.134072 -0.349439 -0.284339 -0.496247 0.291571 0.011802 0.247366 -0.107888 0.449380 -0.043711 -0.460448 -0.140533 -0.213363 -0.455507 -0.085474 0.541152 0.069850 0.366832 0.119106 0.296631 0.047348 0.226583 -0.121311 -0.366801 -0.376884 -0.267356 -0.076419 0.207808 -0.116281 -0.089186 -0.238484 -0.132171 0.154282 -0.031588 -0.018969 -0.048211 0.060635 -0.135296 -0.102548 0.045558 0.096678 0.029293 0.275011 0.100512 -0.040211 -0.290359 0.104215 -0.060933 -0.008327 0.118518 0.183535 -0.052206 0.038163 -0.070672 0.009629 -0.042514 -0.030828 0.202304 0.141665 0.166897
0.236917 0.263807 -0.228856 -0.001114 -0.188088 -0.080675 0.109720 0.020085 -0.162000 -0.134502 0.075965 0.170582 0.093054 0.115203 -0.108492 -0.043301 0.287028 0.250569 0.034380 0.067370 0.081587 -0.007701 -0.049326 -0.309648 -0.260665 -0.333021 -0.302872 -0.364595 0.179850 0.400047 0.056945 0.108752 1.000000 0.601656 0.058353 -0.199419 0.166410 0.038514 0.309167 0.111747 0.253768 0.187306 -0.306348 -0.266999 -0.111104 -0.371725 -0.235507 -0.321789 -0.263701 -0.252148 -0.256189 -0.134547 -0.268566 -0.086577 0.240903 0.185649 0.320517 0.219136 0.000098 -0.113534 0.336446 0.096846 0.466755 0.321963 0.148851 -0.144745 0.191781 -0.363309 0.273132 -0.064561 -0.227725 -0.039499 0.148168 0.179492 0.061278 0.123497 0.186053 -0.102629 0.255929 0.111040 0.190762 0.282628 0.092811 0.091037 0.278320 0.157675 0.212007 0.279578 0.155565 0.262481 -0.442749 -0.441239 -0.304012 -0.334148 0.056343 0.201310 -0.032832 0.210250 -0.067097 -0.065537 -0.216347 -0.093289 0.133949 -0.421946 -0.252868 -0.100525 0.207303 -0.149111 -0.134569 -0.038416 -0.222259 -0.226516 -0.138802 0.106889 0.061667 -0.048213
0.285942 0.350287 -0.137893 0.263847 -0.174634 0.013125 0.194348 0.130326 -0.372441 -0.107651 0.002558 0.163995 -0.118524 0.081734 -0.336027 -0.042108 0.416647 0.330015 0.197291 0.191511 0.216853 0.168112 0.048375 -0.205911 -0.332113 -0.202271 -0.264955 -0.285230 0.188698 0.534457 0.371015 0.359831 0.601656 1.000000 0.090948 -0.086875 -0.087230 -0.013476 -0.035632 0.009712 0.285896 0.250336 -0.266808 -0.270668 -0.071575 -0.358267 -0.208869 -0.354201 -0.308724 -0.327063 -0.281257 -0.328965 -0.210128 -0.290857 -0.036752 -0.002031 0.430797 0.372146 -0.102224 -0.195575 0.328856 0.165313 0.455114 0.430545 0.062284 -0.092316 0.128583 -0.398904 0.346409 0.031377 -0.224520 0.226919 0.316443 0.302421 0.139600 0.127708 0.236034 -0.117340 0.464088 0.258038 0.262445 0.393138 -0.198482 0.100081 0.097907 0.097297 -0.098108 0.178775 0.025670 -0.030016 -0.507624 -0.594419 -0.356450 -0.472607 -0.205788 -0.078582 -0.048773 0.054711 0.055023 -0.193524 -0.061422 -0.275333 0.168768 -0.526428 -0.386106 -0.251670 0.351340 -0.116503 -0.279697 -0.224084 -0.213320 -0.080580 -0.058891 0.040245 -0.021401 -0.122701
0.061064 0.077310 0.097538 0.114184 0.017306 0.194596 -0.103989 -0.082367 -0.159654 -0.062082 -0.075122 -0.085143 -0.310596 -0.213138 -0.146419 -0.133231 -0.078487 0.021771 -0.039789 0.032896 0.210870 0.354638 0.286204 0.284282 0.031348 0.347833 0.149450 0.184541 -0.024609 -0.028619 -0.050560 0.020809 0.058353 0.090948 1.000000 0.298393 -0.032449 -0.289507 0.091708 0.246767 -0.112936 -0.094055 -0.231829 -0.253330 -0.013774 -0.263759 -0.152947 -0.191964 -0.039496 -0.313822 0.243021 -0.095855 -0.227990 0.071683 0.028412 0.035136 0.245269 0.303260 -0.197896 -0.105426 -0.084851 -0.346886 -0.114207 -0.217673 0.150055 -0.153538 0.172052 -0.038412 0.361433 0.186858 -0.223861 -0.054855 -0.206477 -0.135395 -0.157182 -0.160893 -0.123086 0.009493 0.260126 0.181398 0.115553 0.131255 -0.062634 0.026053 0.143424 0.127148 -0.034438 0.256816 0.217586 0.016732 -0.083688 -0.090529 -0.042962 -0.036619 0.290184 0.135962 0.102426 0.374491 -0.113776 0.123183 -0.089440 -0.057432 -0.125464 -0.126339 -0.080372 0.074748 0.037885 0.079760 0.028299 0.044586 0.166447 0.010605 0.092790 -0.149738 -0.073345 0.036876
-0.133315 -0.075866 0.103993 0.278008 0.084014 -0.108194 0.145506 0.213741 -0.254106 -0.286349 -0.105442 -0.182000 -0.233020 -0.267842 -0.234818 -0.278337 -0.307210 -0.261055 0.111092 -0.019751 0.241891 0.180425 0.250829 0.197347 -0.193549 -0.059000 0.145739 0.079608 -0.282286 -0.179455 0.040998 0.082587 -0.199419 -0.086875 0.298393 1.000000 0.023359 -0.111267 0.050821 0.200473 -0.065442 0.040646 -0.035736 -0.015893 -0.013747 0.021531 -0.063860 -0.040923 0.182263 -0.201960 0.211363 -0.031253 0.093798 0.156918 0.185690 -0.097583 -0.145841 -0.128545 -0.126085 -0.211952 0.182647 0.022537 -0.035774 -0.151516 0.265978 0.149369 -0.190511 0.107867 -0.085111 -0.157246 -0.157758 0.004409 -0.203088 0.026165 -0.099995 0.050768 -0.014561 0.138147 -0.219056 -0.209362 -0.196761 -0.245348 -0.009907 -0.155672 -0.044587 -0.070504 0.061436 0.105718 0.046091 0.012596 0.243985 0.220882 0.374906 0.220748 0.019719 0.211143 0.058706 0.010726 0.165081 0.215201 0.308164 -0.018787 0.194777 0.122613 0.198897 0.155815 -0.066864 0.091267 0.040172 -0.038562 0.172857 0.258434 0.187361 0.166471 0.147728 0.118108
