1.000000 0.342619 0.208004 -0.115739 0.115442 0.190486 0.171965 0.054347 0.127642 -0.009670 0.150717 0.056922 0.334588 0.087383 0.223959 0.176787 0.212942 -0.098617 0.015613 0.267478 0.236349 0.199682 0.007904 0.096211 0.096295 0.046497 0.381888 0.240330 -0.137584 -0.056216 -0.006482 -0.226642 -0.003255 -0.035524 0.180810 0.138009 -0.063140 -0.193903 -0.221716 -0.165589 -0.117701 -0.221416 0.007283 0.004150 -0.020374 0.072555 0.114814 -0.133402 0.230714 0.172562 0.225817 0.067867 0.231870 0.085409 -0.232270 -0.219867 0.470317 0.185279 0.565515 0.388547 0.425942 0.096561 0.232449 0.093611 0.115893 -0.103696 0.196721 -0.010904 0.020233 0.021484 0.021025 -0.147135 -0.108554 -0.056444 -0.077373 0.024971 -0.178541 -0.247697 0.030647 -0.214819 -0.143166 -0.159220 0.003285 -0.106753 -0.163297 -0.303460 -0.109318 -0.076268 -0.111944 0.004172 -0.182511 -0.172994 -0.108986 -0.164042 -0.099406 -0.273693 -0.262551 -0.163853 -0.205382 -0.176208 -0.098680 -0.037570 -0.133020 -0.093703 -0.305283 -0.318612 -0.009122 -0.059328 -0.053003 -0.024676 -0.331794 -0.093283 -0.166149 -0.237971 -0.244588 -0.340038
0.342619 1.000000 -0.230827 0.059641 -0.093954 0.123776 -0.061697 0.280810 -0.072110 0.070610 -0.060883 0.277238 -0.085465 0.234505 -0.025630 0.110987 0.067295 -0.057616 -0.103215 0.516237 0.053905 0.103488 -0.327895 0.085684 -0.081197 -0.111884 0.071656 0.046687 -0.223304 0.036070 -0.025445 -0.128070 0.147219 0.229695 -0.165435 -0.006087 -0.233159 -0.257500 -0.324193 0.012555 -0.067600 -0.115189 0.140090 0.073380 -0.068312 0.018023 0.134073 0.110614 0.022391 0.113312 -0.080058 0.037747 0.070854 0.147283 -0.469658 -0.337663 0.172057 0.383067 0.226513 0.401698 0.106830 0.256031 0.198890 0.350344 -0.175532 0.040629 0.132033 -0.018340 0.228681 0.288533 -0.093276 -0.075312 -0.112661 -0.024490 -0.057682 0.149108 -0.186697 -0.173714 -0.044863 -0.013464 -0.006039 -0.065681 -0.053691 0.285780 -0.340750 -0.174954 -0.341865 -0.171786 -0.310762 -0.121670 -0.003569 -0.244963 0.072444 -0.213158 -0.220800 -0.244735 -0.240550 -0.116399 0.015785 -0.138950 -0.043874 -0.150674 -0.044948 -0.071826 -0.070141 -0.223487 -0.111545 -0.019674 -0.198599 -0.097577 -0.184803 0.038707 -0.014875 -0.002020 -0.227645 -0.369662
0.208004 -0.230827 1.000000 0.076670 -0.056681 -0.102422 0.340675 -0.007265 0.368692 -0.111275 0.075094 0.017875 0.375444 0.135002 0.385170 -0.014652 0.077775 -0.128278 -0.018926 -0.280719 -0.043302 -0.053727 0.314250 -0.064512 0.339956 0.037609 0.212910 0.128188 -0.029098 -0.247940 0.062861 -0.006089 0.000926 -0.055675 0.250260 0.270460 -0.034425 -0.013034 -0.078156 -0.225867 -0.052314 -0.071023 -0.227455 -0.199625 0.019342 -0.021570 -0.096509 -0.351514 0.068860 -0.091411 0.343333 -0.084840 0.117073 -0.191823 0.217633 0.070513 -0.056502 -0.087340 0.323066 -0.102812 0.350481 -0.057307 -0.002808 -0.136581 0.385253 0.109006 0.035357 0.215173 -0.215154 -0.250578 0.070984 -0.226882 -0.042225 -0.037384 0.110249 0.010986 0.111099 -0.034711 -0.033587 -0.096811 -0.125570 -0.223960 -0.042803 -0.349454 0.071173 0.032569 0.082326 0.106247 0.293002 0.245674 -0.079491 0.040333 -0.139131 0.022510 -0.183427 -0.192063 -0.084486 -0.262312 -0.185194 -0.035112 -0.300594 -0.107005 -0.100998 -0.202324 -0.137615 -0.272734 -0.167773 -0.240750 -0.250491 -0.139660 0.010047 -0.072457 -0.126281 -0.112675 -0.098146 -0.172851
-0.115739 0.059641 0.076670 1.000000 0.134308 0.014721 0.204950 0.500171 0.038048 0.107291 0.114951 0.382081 0.022303 0.081730 0.148371 0.283151 -0.131187 -0.110548 0.322726 0.212649 -0.129978 -0.289245 0.284328 0.453526 -0.073051 -0.282476 -0.019864 -0.088226 -0.221515 0.056774 -0.171374 -0.012432 -0.071120 -0.016870 0.228459 0.039656 0.048187 -0.094479 -0.188101 -0.348629 -0.156141 0.043502 -0.360985 -0.201142 -0.099446 -0.081039 -0.223202 -0.053173 -0.096247 -0.068224 -0.209830 -0.117663 -0.011214 0.024085 -0.021389 -0.114694 -0.266557 -0.221370 -0.352700 -0.301623 -0.301093 -0.126030 -0.145676 -0.236805 0.216553 0.230864 -0.338669 0.150588 0.085310 0.099210 0.089551 -0.308425 -0.146402 -0.066068 0.228762 -0.077639 0.068623 -0.056228 -0.021903 0.064594 -0.314106 -0.174807 0.200187 0.281658 0.169784 0.175352 0.008968 0.059304 0.253277 0.022774 0.177260 0.036819 0.134536 -0.098281 -0.086580 -0.170060 -0.214598 -0.067543 0.019103 0.036725 -0.030425 -0.242651 -0.028484 -0.124017 -0.025808 -0.055389 0.033463 -0.074672 -0.047884 -0.165083 0.080705 -0.090564 -0.171433 -0.075567 -0.087042 -0.089672
0.115442 -0.093954 -0.056681 0.134308 1.000000 0.617246 0.295606 0.069723 0.408833 0.402369 0.168963 0.010227 0.290634 -0.147865 -0.074406 0.154765 0.026177 -0.176701 -0.054142 0.159344 0.227221 0.070595 0.189467 0.158007 0.146934 0.173406 0.331262 0.201444 -0.112589 -0.079519 0.099037 0.039809 -0.220573 -0.096725 -0.075752 0.014735 0.014286 -0.231934 -0.117417 -0.327978 -0.081152 -0.096847 -0.129289 -0.118597 -0.102355 0.163320 0.008308 -0.037942 -0.052874 -0.086366 -0.188397 -0.123430 -0.086905 -0.004329 -0.097412 -0.284728 0.082420 -0.124091 0.105475 -0.082326 0.223445 0.086203 0.065994 -0.085494 0.186775 -0.059521 -0.033873 0.106776 0.053857 0.074608 0.105919 -0.020609 -0.237964 -0.165979 -0.060929 -0.079791 -0.094960 -0.117731 -0.107238 -0.170818 -0.061634 -0.062238 0.087394 0.166964 -0.111862 -0.197238 0.053112 -0.190098 0.184175 -0.117416 0.065513 0.110123 0.059043 0.089980 0.079177 -0.121242 -0.233750 -0.083982 0.016369 -0.022407 0.119588 0.148953 0.173062 0.112508 0.114007 0.049887 0.090985 -0.002551 0.056476 -0.091306 -0.074846 -0.093595 -0.243159 -0.185916 -0.215219 0.035031
0.190486 0.123776 -0.102422 0.014721 0.617246 1.000000 0.126270 0.138600 0.190139 0.369451 -0.010288 -0.054155 0.254444 -0.053314 -0.112393 0.160596 0.007138 -0.113675 -0.122668 0.217664 0.339425 0.272937 0.059883 0.128628 0.233855 0.396801 0.367527 0.441909 -0.355204 -0.183788 0.173098 0.144572 -0.159797 -0.038160 -0.198992 -0.015929 0.024362 -0.246068 -0.232393 -0.191785 0.016186 -0.070969 0.012798 0.090890 0.011419 0.252276 0.058604 0.111652 0.056393 0.019828 -0.150413 0.061816 0.054193 0.199462 -0.109403 -0.259110 0.219140 -0.059848 0.163675 0.161102 0.135399 0.095699 0.185899 0.025728 0.017534 -0.076548 -0.014830 0.175482 -0.068639 0.032710 0.007670 -0.186187 -0.293043 -0.258099 -0.160881 -0.107634 -0.219915 -0.306734 -0.114907 -0.096563 -0.020130 -0.131017 0.072063 0.352596 -0.252410 -0.198400 -0.002655 -0.130136 0.081211 0.012948 0.011475 -0.058322 -0.052046 -0.073316 0.049905 -0.145057 -0.252865 -0.079031 0.015759 -0.075459 0.026161 0.132978 0.007773 0.145068 0.137669 0.097069 0.146469 0.132730 0.017073 -0.225909 -0.119688 -0.121277 -0.114909 -0.041181 -0.231677 -0.095151
0.171965 -0.061697 0.340675 0.204950 0.295606 0.126270 1.000000 0.531973 0.394364 -0.025375 -0.028745 -0.016120 0.468425 -0.115880 -0.061516 -0.062964 0.051533 -0.400630 0.069721 0.271104 0.112379 0.038534 -0.048416 0.051079 0.066997 -0.083734 0.201223 0.010733 -0.015948 -0.108899 0.272915 0.068967 -0.135253 0.085607 -0.043395 0.008242 -0.129924 -0.403859 -0.333814 -0.398318 -0.113279 -0.197483 -0.237035 -0.241019 0.013855 -0.018565 0.068263 -0.048593 0.108841 -0.016395 0.083208 -0.232349 0.155999 0.024751 -0.187082 -0.236261 0.050702 -0.134358 0.323387 0.039014 0.405145 -0.017879 0.136606 -0.044886 0.312061 -0.068024 0.201396 0.051752 0.061167 0.001617 0.139008 -0.143682 -0.140360 -0.200520 -0.157294 -0.122940 -0.140912 -0.249860 -0.127394 -0.240099 -0.187073 -0.152848 -0.157731 -0.006342 -0.252616 -0.458984 -0.245548 -0.189416 0.169201 0.002396 0.142872 0.171040 0.005269 0.085390 -0.126415 -0.139966 -0.250521 -0.218770 0.075160 0.047940 -0.034419 0.300162 0.169220 -0.013308 0.126908 -0.036531 0.098891 -0.024433 0.052952 -0.233497 -0.177920 0.120463 -0.179595 -0.246168 -0.213694 -0.025719
0.054347 0.280810 -0.007265 0.500171 0.069723 0.138600 0.531973 1.000000 0.302479 0.063079 -0.176592 0.405978 0.124949 0.295196 -0.105748 0.231966 -0.165799 -0.384693 0.088253 0.390829 0.032700 -0.040490 -0.170402 0.236567 -0.045737 -0.226724 0.127233 -0.086658 -0.223676 -0.012786 0.157143 0.130659 -0.123979 0.111443 -0.106255 0.033018 -0.167507 -0.435897 -0.572653 -0.295470 -0.144128 -0.258620 -0.107641 -0.090120 0.083634 0.067378 0.078504 0.068587 0.243646 0.169147 -0.023976 0.047631 0.265464 0.191969 -0.371925 -0.199067 -0.162456 -0.206069 0.108250 0.235221 0.059201 0.267743 -0.124800 -0.043420 0.133115 0.321416 0.084037 0.006651 0.017630 0.064690 0.027157 -0.255276 -0.371830 -0.265346 -0.148113 -0.244945 -0.372514 -0.390066 -0.156957 -0.145516 -0.421137 -0.409820 -0.205884 0.160079 -0.335882 -0.325285 -0.454836 -0.281056 -0.024204 0.095127 0.246848 0.044596 0.235659 -0.082123 -0.225863 -0.315544 -0.400426 -0.272004 0.103005 -0.103696 0.024540 0.127911 0.049895 0.004537 0.145290 -0.110509 0.090077 -0.009200 -0.023539 -0.346901 -0.194483 0.046794 -0.110408 -0.148103 -0.354185 -0.199443
0.127642 -0.072110 0.368692 0.038048 0.408833 0.190139 0.394364 0.302479 1.000000 0.193720 -0.022061 0.155805 0.287775 0.120551 0.262153 0.084029 -0.011303 -0.184597 -0.107566 -0.014351 0.227384 0.032225 0.000734 -0.042710 0.378549 -0.008059 0.364681 -0.015982 -0.138803 -0.099736 -0.059288 -0.056182 -0.067385 -0.114861 -0.097946 0.141819 -0.003805 -0.100064 -0.138599 -0.180461 -0.092843 -0.077314 -0.175662 -0.180146 0.013897 0.061474 0.167631 -0.273401 0.112524 0.043620 0.158640 0.027502 0.215528 0.013679 -0.122091 -0.041310 0.025075 -0.138691 0.286700 0.084141 0.446261 0.339545 -0.029392 0.080560 0.205392 0.318798 0.037153 -0.030509 -0.128984 -0.081224 -0.029633 -0.167641 -0.163545 -0.053797 0.054800 -0.141576 -0.032478 -0.036118 -0.179643 -0.094502 -0.235551 -0.189799 -0.148556 -0.097054 -0.168374 -0.270504 -0.176751 -0.109780 0.204522 0.218602 0.005684 0.038917 0.018913 -0.058213 -0.020258 -0.131649 -0.327695 -0.179278 -0.146143 -0.143606 -0.167532 0.133741 -0.029167 -0.127018 0.010071 -0.203383 -0.023123 -0.106852 0.114254 -0.102695 -0.226254 -0.234748 -0.313747 -0.302226 -0.283092 -0.127406
-0.009670 0.070610 -0.111275 0.107291 0.402369 0.369451 -0.025375 0.063079 0.193720 1.000000 0.097416 0.427715 0.123745 0.380522 -0.070187 0.344141 0.103886 0.217956 -0.191552 -0.024545 -0.029647 -0.184129 -0.033715 -0.095378 0.020206 0.306425 -0.117969 0.007471 0.013718 0.170577 -0.041034 -0.062701 0.074011 0.122730 -0.113913 0.221391 0.070201 -0.021323 -0.137386 -0.153484 -0.033984 -0.164831 -0.098526 -0.135698 -0.134204 0.035544 -0.151354 -0.219650 -0.229576 -0.144988 -0.155044 0.001021 -0.242413 -0.228291 -0.117857 -0.276047 -0.108749 -0.140798 0.111598 -0.106763 0.248534 0.398758 -0.120451 0.144038 -0.016536 0.533646 -0.097007 -0.123730 -0.074844 -0.216619 -0.018495 -0.012341 0.092912 0.222467 0.110771 0.122808 0.110896 -0.052314 0.150444 0.174102 0.012354 -0.005629 -0.148875 0.197860 -0.295940 0.088111 -0.149319 -0.380378 -0.109779 -0.316041 -0.043413 -0.051010 0.084350 0.025685 -0.033604 0.001474 -0.177664 -0.080612 -0.214662 -0.140803 0.137728 -0.060798 0.113965 0.070889 -0.007556 -0.157685 -0.077141 -0.111188 -0.006243 0.087169 -0.007936 -0.339277 -0.180055 0.071384 -0.101623 -0.166054
0.150717 -0.060883 0.075094 0.114951 0.168963 -0.010288 -0.028745 -0.176592 -0.022061 0.097416 1.000000 0.223457 0.404762 0.145397 0.503869 0.250669 0.013302 0.039187 0.214643 -0.075389 -0.029675 -0.222879 0.582775 0.311420 0.217134 0.074723 -0.078669 0.070340 0.113742 -0.039822 0.135978 0.094161 -0.036907 -0.001795 0.290878 -0.010447 0.115703 0.008875 0.178259 -0.098329 -0.036055 -0.018118 -0.083194 -0.133660 -0.278371 -0.073499 -0.206938 -0.230597 -0.160047 -0.196604 0.207379 -0.121927 -0.197767 -0.142855 0.120075 -0.158578 -0.097898 -0.005085 -0.217997 -0.357021 -0.096603 -0.185026 -0.038106 -0.273665 0.349912 0.000830 -0.228938 0.065727 -0.093014 -0.096224 0.157134 -0.074245 0.063990 -0.000522 0.268026 0.207930 0.130567 0.237550 0.127724 0.156397 0.017086 -0.022380 0.225881 -0.098430 0.457632 0.208206 0.362128 0.062457 0.054767 -0.289370 -0.263756 -0.067587 -0.018743 -0.044911 0.004061 0.063033 -0.110720 -0.037438 -0.314528 -0.238551 -0.094170 -0.228435 -0.109824 -0.039244 -0.310504 -0.102765 0.006234 -0.160890 -0.049413 0.102372 -0.103908 -0.336954 -0.290365 -0.038955 0.198739 -0.159384
0.056922 0.277238 0.017875 0.382081 0.010227 -0.054155 -0.016120 0.405978 0.155805 0.427715 0.223457 1.000000 0.155513 0.764612 0.323251 0.582726 -0.095843 0.126479 -0.016989 -0.018767 -0.143565 -0.316899 0.060335 0.202074 0.047017 0.169481 -0.152110 -0.040466 0.054585 0.238400 0.011620 0.086245 0.167285 0.163579 0.062372 0.260329 0.017101 0.034949 -0.216507 -0.042748 -0.199016 -0.057258 -0.107809 -0.183701 -0.169081 -0.145497 -0.194591 -0.335699 -0.184576 -0.054783 0.010644 0.058025 -0.102673 -0.054926 -0.213562 -0.236297 -0.281235 -0.073809 -0.086287 -0.146833 0.088932 0.284094 -0.373484 -0.044982 0.187031 0.602053 -0.206244 -0.223582 -0.136706 -0.195783 0.112873 -0.135679 0.049989 0.256484 0.377226 0.212085 0.127433 0.029044 0.186441 0.189792 -0.291894 -0.224337 -0.162793 0.163960 -0.045961 0.301841 -0.187169 -0.063696 -0.107855 -0.199674 -0.118900 -0.209872 0.168856 -0.167462 -0.176507 -0.230697 -0.295188 -0.185540 -0.374031 -0.418133 -0.019487 -0.323274 -0.200066 -0.160720 -0.289070 -0.346237 -0.179458 -0.223349 -0.241334 -0.022964 -0.204554 -0.459266 -0.226741 0.065286 -0.116441 -0.303097
0.334588 -0.085465 0.375444 0.022303 0.290634 0.254444 0.468425 0.124949 0.287775 0.123745 0.404762 0.155513 1.000000 0.148311 0.376082 0.417780 -0.049299 -0.302323 -0.022061 -0.009932 0.136549 0.073252 0.380882 0.259958 0.346038 0.337106 0.300635 0.392703 -0.006574 -0.232889 0.284630 0.179209 -0.206484 -0.030190 0.125919 -0.102338 0.091136 -0.154381 -0.070846 -0.149756 -0.044146 -0.152467 -0.203616 -0.244075 -0.162371 -0.147382 -0.065067 -0.329692 0.069307 -0.165148 0.242120 -0.169212 0.194137 0.111436 0.078040 -0.138101 0.074874 -0.048191 0.277333 -0.047865 0.429309 -0.017475 0.051908 -0.194934 0.444244 0.027646 -0.092675 -0.091949 -0.241726 -0.303299 0.139954 -0.297603 -0.184165 -0.234961 -0.037787 0.007500 -0.170409 -0.125856 -0.069132 -0.152193 -0.276609 -0.308651 0.041174 0.000832 0.109124 -0.230089 0.206150 0.053541 0.233905 0.042942 -0.116740 0.081078 0.021565 0.080675 -0.011953 -0.026002 -0.302492 -0.206858 -0.315848 -0.289500 -0.013432 0.007720 0.068400 0.022069 -0.160756 -0.051154 0.018679 -0.087366 -0.009782 -0.079242 -0.400949 -0.288361 -0.240015 -0.092343 0.009595 -0.134941
0.087383 0.234505 0.135002 0.081730 -0.147865 -0.053314 -0.115880 0.295196 0.120551 0.380522 0.145397 0.764612 0.148311 1.000000 0.229284 0.552761 0.062963 0.253875 -0.052807 -0.176923 -0.158013 -0.276728 -0.105764 -0.171047 -0.017908 0.168560 -0.170637 0.072353 0.162508 0.262837 0.074282 0.080632 0.300059 0.246600 -0.005136 0.296431 -0.161238 -0.065143 -0.224133 -0.064408 -0.154586 -0.026062 0.126806 0.036953 0.028304 0.034664 -0.165806 -0.325811 -0.091609 0.078653 0.140265 0.198064 -0.011143 -0.045279 -0.169637 -0.082716 -0.113152 0.023170 0.097436 0.040968 0.259385 0.424328 -0.289876 0.226646 0.083152 0.582929 -0.050761 -0.307506 -0.198261 -0.267055 0.057501 -0.015197 0.110475 0.260477 0.341279 0.194749 0.067535 -0.030397 0.174252 0.189566 -0.146854 -0.175835 -0.313324 -0.045347 -0.179110 0.240900 -0.269808 -0.163529 -0.211180 -0.104838 -0.324954 -0.425284 -0.074478 -0.357250 -0.229131 -0.225649 -0.274032 -0.240040 -0.371265 -0.461077 -0.162384 -0.381971 -0.279564 -0.333172 -0.321398 -0.424344 -0.252529 -0.222265 -0.250401 -0.036665 -0.185643 -0.409101 -0.137718 0.001417 -0.233320 -0.344240
0.223959 -0.025630 0.385170 0.148371 -0.074406 -0.112393 -0.061516 -0.105748 0.262153 -0.070187 0.503869 0.323251 0.376082 0.229284 1.000000 0.391781 -0.088200 0.020414 0.151165 -0.154298 0.103486 -0.054900 0.560703 0.277607 0.490226 0.116039 0.269797 0.219012 0.043058 -0.086530 0.003454 0.058860 0.156784 0.034440 0.287796 0.017397 0.232754 0.205157 0.195351 -0.012835 0.054214 0.042804 -0.190548 -0.179769 -0.248180 -0.191506 -0.245301 -0.519837 -0.174776 -0.162162 0.224913 -0.070873 0.000607 -0.174576 0.103564 -0.117431 0.041560 0.120621 -0.203679 -0.298137 0.052436 -0.129809 -0.106898 -0.168947 0.470713 0.177287 -0.259047 -0.046093 -0.070255 -0.101999 0.176837 -0.238746 0.041862 0.040888 0.387732 0.224666 0.224013 0.191997 0.109741 0.073449 -0.121842 -0.101059 0.342476 0.007297 0.493492 0.246924 0.238969 0.246094 0.134722 -0.003830 -0.369775 -0.159920 -0.128818 -0.193762 0.054509 -0.074063 -0.226549 -0.026455 -0.639683 -0.384531 -0.420460 -0.387686 -0.434223 -0.279760 -0.335426 -0.296915 -0.088141 -0.141912 -0.094501 0.054322 -0.238529 -0.542999 -0.369385 -0.110594 0.086043 -0.235270
0.176787 0.110987 -0.014652 0.283151 0.154765 0.160596 -0.062964 0.231966 0.084029 0.344141 0.250669 0.582726 0.417780 0.552761 0.391781 1.000000 -0.032089 0.000857 0.000979 -0.038559 0.072281 -0.097492 0.232268 0.327925 0.173892 0.240269 0.076507 0.275601 0.093791 0.200376 0.063651 0.145438 -0.019921 0.049592 0.094243 -0.016461 0.136074 0.005223 0.026182 0.041870 -0.080053 -0.008877 -0.213780 -0.216965 -0.191186 -0.223822 -0.290117 -0.308451 -0.102785 -0.131043 0.037515 -0.057646 0.086752 0.062820 0.032366 -0.076027 0.004074 0.029937 -0.109450 -0.220080 0.092330 0.121797 -0.167780 -0.072285 0.187456 0.321645 -0.324706 -0.312050 -0.208058 -0.218469 0.121632 -0.233489 -0.145687 -0.003228 0.244933 0.150340 -0.006652 -0.019984 -0.003017 0.065422 -0.299626 -0.332513 0.117505 0.301579 0.055772 0.071854 0.109468 0.109004 0.039733 -0.021053 -0.142100 -0.114362 0.147439 -0.142589 -0.128156 -0.177410 -0.248105 -0.217299 -0.345651 -0.348928 -0.021171 -0.198440 -0.184952 -0.055241 -0.174447 -0.133646 -0.054751 -0.119436 -0.116923 0.025392 -0.257518 -0.421191 -0.242132 0.050064 0.023155 -0.145991
0.212942 0.067295 0.077775 -0.131187 0.026177 0.007138 0.051533 -0.165799 -0.011303 0.103886 0.013302 -0.095843 -0.049299 0.062963 -0.088200 -0.032089 1.000000 0.397052 0.109146 0.060329 -0.182112 -0.208458 -0.144849 -0.386953 0.008510 -0.093379 -0.295559 -0.239198 0.308811 0.330793 -0.056117 -0.265042 0.152941 0.036023 -0.092480 0.174775 -0.117589 -0.112291 0.040309 -0.170805 -0.239634 -0.078069 0.039658 0.060112 0.153495 0.183596 -0.000425 -0.061678 -0.053289 0.073922 -0.040793 -0.153056 0.016640 -0.161892 0.081801 -0.122852 0.433993 0.274859 0.108278 -0.056666 0.172261 -0.059567 0.381943 0.356953 -0.246145 -0.238352 -0.009997 -0.092133 0.140356 -0.095725 -0.029491 0.074736 0.371454 0.177531 0.093217 0.082513 0.230402 0.153261 0.425159 0.139740 0.470373 0.382732 -0.247148 -0.231095 -0.156930 -0.098981 -0.031015 -0.226806 -0.135666 -0.251378 -0.280633 -0.304447 -0.355409 -0.228470 0.036924 0.003431 0.035941 0.078323 0.106276 0.116477 -0.037796 -0.120703 -0.045509 -0.232553 -0.138893 -0.201247 -0.124421 -0.056073 0.099698 0.186427 0.180237 0.055656 0.069313 -0.153197 0.029221 -0.035530
-0.098617 -0.057616 -0.128278 -0.110548 -0.176701 -0.113675 -0.400630 -0.384693 -0.184597 0.217956 0.039187 0.126479 -0.302323 0.253875 0.020414 0.000857 0.397052 1.000000 0.032011 -0.212279 -0.276685 -0.253510 -0.108147 -0.446711 -0.117003 0.073054 -0.326611 -0.141041 0.276067 0.499781 -0.158063 -0.154183 0.331134 0.060389 -0.029881 0.160924 0.009683 0.332888 0.223029 -0.008538 -0.045450 0.094045 0.112529 0.154343 0.035194 0.006494 -0.178843 -0.139481 -0.387442 -0.075679 -0.151171 0.070049 -0.227033 -0.304711 0.179784 -0.082385 0.162016 0.143565 -0.133524 -0.214955 -0.075727 0.027623 0.000627 0.359649 -0.286943 0.055947 -0.127219 -0.213828 0.015585 -0.175030 0.012867 0.178547 0.583631 0.539887 0.380343 0.245232 0.426700 0.313686 0.411609 0.459404 0.399790 0.495142 -0.224003 -0.094619 0.026993 0.405179 0.075230 -0.044471 -0.190046 -0.314696 -0.348605 -0.352742 -0.344415 -0.275706 0.053158 0.134935 0.150393 0.141563 -0.112519 -0.045196 -0.142917 -0.308866 -0.198583 -0.290426 -0.276522 -0.106743 -0.172369 -0.020200 0.107465 0.319718 0.231508 -0.263172 -0.050937 0.040320 0.176130 -0.033050
0.015613 -0.103215 -0.018926 0.322726 -0.054142 -0.122668 0.069721 0.088253 -0.107566 -0.191552 0.214643 -0.016989 -0.022061 -0.052807 0.151165 0.000979 0.109146 0.032011 1.000000 0.271826 -0.230494 -0.119577 0.144544 -0.027511 -0.095113 -0.215804 -0.120836 -0.079543 0.321143 0.151482 0.106196 0.160915 0.207781 0.257038 0.218806 0.088392 -0.176298 -0.131611 0.090784 -0.178518 -0.037490 -0.068782 -0.080199 0.047491 0.068379 0.118858 -0.111604 -0.151179 -0.148388 0.079097 -0.180510 -0.131019 -0.084700 -0.050558 -0.039917 -0.057033 0.165513 0.074433 -0.260249 -0.234153 -0.117631 -0.146579 -0.015774 -0.071166 0.127326 -0.182407 -0.008009 -0.164837 0.169813 0.048424 0.018679 -0.005165 0.205396 -0.000488 0.124353 0.047028 0.035907 -0.083094 0.128262 0.163149 -0.009049 0.171432 0.171285 0.064010 0.200098 0.013341 0.136320 -0.054520 0.019098 -0.065332 -0.214401 -0.129510 -0.301579 -0.242903 -0.030742 -0.068429 -0.196529 -0.027755 -0.065299 -0.111241 -0.183125 -0.140517 -0.238730 -0.196199 -0.143740 -0.044216 -0.006180 0.016470 -0.004746 -0.205205 -0.128180 0.007565 0.044969 -0.093884 -0.016571 -0.056962
0.267478 0.516237 -0.280719 0.212649 0.159344 0.217664 0.271104 0.390829 -0.014351 -0.024545 -0.075389 -0.018767 -0.009932 -0.176923 -0.154298 -0.038559 0.060329 -0.212279 0.271826 1.000000 0.062615 0.042764 -0.174223 0.227301 -0.000550 -0.246511 0.069782 -0.046523 -0.082425 0.019784 0.102359 -0.080351 0.023000 0.255006 -0.075537 -0.106074 -0.235746 -0.477889 -0.387372 -0.198380 -0.183755 -0.292644 -0.082645 -0.023709 0.015842 0.122734 0.100623 0.147941 0.034809 0.122892 -0.266591 -0.197477 -0.014066 0.164562 -0.447010 -0.414702 0.191895 0.192545 0.116415 0.252863 -0.036330 -0.038832 0.172067 0.096945 -0.069511 -0.217092 0.220084 0.074927 0.428341 0.516615 0.054530 -0.038686 -0.119663 -0.197022 -0.120775 -0.013111 -0.284091 -0.346513 -0.113041 -0.032256 -0.024559 0.021701 -0.004510 0.288316 -0.205787 -0.366670 -0.210884 -0.258066 -0.156530 -0.053710 0.102938 -0.047903 0.038528 -0.091679 -0.090693 -0.283929 -0.283240 -0.067176 0.115386 -0.060138 -0.005301 0.083946 0.049510 -0.045156 0.117251 -0.030570 0.069421 0.035718 -0.129255 -0.214158 -0.172987 0.145513 0.058530 -0.203870 -0.232852 -0.105639
0.236349 0.053905 -0.043302 -0.129978 0.227221 0.339425 0.112379 0.032700 0.227384 -0.029647 -0.029675 -0.143565 0.136549 -0.158013 0.103486 0.072281 -0.182112 -0.276685 -0.230494 0.062615 1.000000 0.427749 0.066743 0.186460 0.172463 0.144698 0.499067 0.229316 -0.202662 -0.067273 0.149904 0.100869 -0.096537 -0.031343 -0.109128 -0.160059 0.373543 0.092980 0.083999 -0.008296 0.326478 0.233246 0.052115 0.075532 0.107376 0.076470 0.171219 -0.047194 0.257456 0.195560 0.197727 0.210502 0.261703 0.147442 -0.084286 -0.000936 0.245462 -0.018111 0.125430 0.237585 0.090788 0.089088 0.243166 -0.022361 0.161548 -0.041079 0.045959 -0.113399 -0.128477 0.044613 0.178567 -0.151795 -0.254457 -0.248466 -0.093695 -0.028541 -0.107765 -0.031804 -0.193478 -0.276323 -0.106777 -0.138589 0.194715 0.266682 0.042683 -0.307002 0.014703 0.207141 0.183417 0.120869 -0.100752 -0.148000 -0.111396 -0.272307 0.175130 0.065345 -0.110306 0.118127 -0.029313 -0.179954 -0.108672 0.145994 -0.068462 -0.027325 -0.011269 0.017113 0.102079 0.004005 0.229499 0.092769 -0.339018 -0.219588 -0.255483 -0.063581 -0.054343 0.081481
0.199682 0.103488 -0.053727 -0.289245 0.070595 0.272937 0.038534 -0.040490 0.032225 -0.184129 -0.222879 -0.316899 0.073252 -0.276728 -0.054900 -0.097492 -0.208458 -0.253510 -0.119577 0.042764 0.427749 1.000000 -0.192106 0.067333 0.082658 0.280948 0.453657 0.395217 -0.115060 -0.194295 0.002452 0.052699 -0.201263 -0.118211 -0.103768 -0.245653 0.086040 -0.062001 -0.070510 0.211908 0.233846 -0.007883 0.106086 0.077460 0.044459 0.021747 0.242610 0.060155 0.246782 0.150214 0.088713 0.193226 0.265730 0.247417 -0.111726 0.025987 0.105512 0.033175 0.242441 0.327600 0.002628 0.102496 0.105060 0.040877 -0.162105 -0.213810 0.223327 0.010876 -0.009831 0.115160 -0.034141 0.118037 -0.270217 -0.358229 -0.416012 -0.252415 -0.419446 -0.186862 -0.164181 -0.295808 0.030929 -0.116672 0.102531 0.083719 0.002951 -0.188651 -0.079318 0.025806 -0.062178 0.189511 0.070745 0.039377 -0.001545 0.009090 0.240039 0.038566 -0.181122 0.069907 -0.064311 -0.137905 0.031139 0.352978 0.025391 0.196290 0.112369 0.275419 0.225908 0.348698 0.156572 -0.065217 -0.305105 -0.068104 -0.111093 -0.040457 0.045932 0.157286
0.007904 -0.327895 0.314250 0.284328 0.189467 0.059883 -0.048416 -0.170402 0.000734 -0.033715 0.582775 0.060335 0.380882 -0.105764 0.560703 0.232268 -0.144849 -0.108147 0.144544 -0.174223 0.066743 -0.192106 1.000000 0.518680 0.418793 0.099226 0.189415 0.181363 -0.104658 -0.234850 0.135598 0.186091 -0.131859 -0.163612 0.235610 -0.122894 0.318268 0.151048 0.218063 -0.177331 0.009556 -0.018472 -0.174557 -0.114669 -0.172725 -0.060303 -0.222431 -0.223371 -0.026319 -0.230382 0.196384 -0.092049 -0.211631 -0.236714 0.312634 -0.059338 -0.154454 -0.093777 -0.303865 -0.410077 -0.159949 -0.281530 -0.063926 -0.487708 0.569877 0.021351 -0.358972 0.216224 -0.163373 -0.215315 0.191540 -0.174865 -0.142324 -0.128772 0.195565 0.100675 0.160575 0.157471 0.080246 0.136608 -0.201349 -0.205098 0.378660 -0.077353 0.591073 0.263998 0.538658 0.275170 0.260530 -0.097320 -0.129696 0.110365 0.022047 0.090237 -0.033061 -0.030717 -0.002043 -0.123019 -0.278501 -0.186985 -0.103431 -0.199637 -0.169632 0.030527 -0.113933 -0.022882 -0.032797 -0.206527 -0.150612 -0.009060 -0.050745 -0.278668 -0.289118 0.038752 0.205412 -0.036292
0.096211 0.085684 -0.064512 0.453526 0.158007 0.128628 0.051079 0.236567 -0.042710 -0.095378 0.311420 0.202074 0.259958 -0.171047 0.277607 0.327925 -0.386953 -0.446711 -0.027511 0.227301 0.186460 0.067333 0.518680 1.000000 0.245077 0.075056 0.295591 0.136223 -0.342019 -0.332627 0.059765 0.106817 -0.392594 -0.308202 0.173852 -0.266601 0.239913 -0.029320 -0.121666 -0.026679 -0.069198 -0.090239 -0.277198 -0.231441 -0.212090 -0.155916 -0.013245 0.040670 0.130282 -0.114326 0.031603 -0.143220 0.032899 0.233901 0.002875 -0.177290 -0.274285 -0.184246 -0.223462 -0.090067 -0.308232 -0.290448 -0.098473 -0.507806 0.300235 0.021744 -0.278144 0.271824 -0.095532 0.158185 0.075505 -0.246875 -0.478053 -0.352971 -0.046430 -0.092149 -0.255345 -0.067236 -0.162987 -0.112898 -0.421844 -0.410474 0.312662 0.269541 0.264836 0.038835 0.211744 0.197204 0.187322 0.080802 0.290328 0.271827 0.462505 0.217869 0.042815 -0.043331 -0.171686 -0.030718 -0.143517 -0.072256 0.166582 0.026802 0.132275 0.301133 0.069323 0.232574 0.305972 0.060439 -0.085443 -0.069428 -0.185801 -0.140632 -0.226711 0.115011 0.142575 0.010830
0.096295 -0.081197 0.339956 -0.073051 0.146934 0.233855 0.066997 -0.045737 0.378549 0.020206 0.217134 0.047017 0.346038 -0.017908 0.490226 0.173892 0.008510 -0.117003 -0.095113 -0.000550 0.172463 0.082658 0.418793 0.245077 1.000000 0.396801 0.288709 0.239535 -0.020079 -0.197812 0.313618 0.236911 0.006293 0.078480 0.009829 -0.102058 0.157190 0.065970 0.115651 0.004625 -0.098059 -0.116900 -0.128068 -0.112841 0.011050 0.051622 -0.064200 -0.398526 -0.071581 -0.164110 0.091578 -0.176166 -0.107379 -0.165796 0.066901 -0.134353 0.164141 0.081222 0.010860 -0.144070 0.108032 -0.017618 0.036601 -0.200460 0.370634 0.060921 -0.066181 0.173927 -0.099861 -0.126635 0.215993 -0.119561 -0.119886 -0.202181 0.081717 -0.006544 0.046901 -0.016948 0.042166 -0.008734 -0.014970 -0.091992 0.048342 -0.019077 0.208489 -0.001779 0.199990 0.133602 0.144576 0.063426 -0.225712 -0.032601 -0.125659 -0.025714 -0.144640 0.040775 -0.145320 -0.202001 -0.343722 -0.256864 -0.194067 -0.023859 -0.245619 -0.059105 -0.143684 -0.159842 -0.054746 -0.060239 -0.093400 0.058548 -0.178858 -0.289965 -0.161667 0.052370 0.022564 -0.191413
0.046497 -0.111884 0.037609 -0.282476 0.173406 0.396801 -0.083734 -0.226724 -0.008059 0.306425 0.074723 0.169481 0.337106 0.168560 0.116039 0.240269 -0.093379 0.073054 -0.215804 -0.246511 0.144698 0.280948 0.099226 0.075056 0.396801 1.000000 0.155119 0.422362 0.071728 -0.009044 0.295315 0.283427 -0.031269 0.118378 0.030370 -0.045812 0.136611 0.064587 0.069718 0.074273 -0.010251 -0.001066 -0.030859 -0.073412 -0.159549 -0.082634 -0.155880 -0.295007 -0.179541 -0.238605 -0.059476 -0.008369 -0.174912 -0.115671 0.034272 -0.193606 0.010150 -0.102715 0.114259 -0.053761 0.148920 0.065484 -0.126927 -0.149122 0.093127 0.085633 0.060432 0.012734 -0.206718 -0.169277 0.106759 0.041322 -0.008257 -0.007646 0.029600 0.147004 0.026159 -0.040977 0.166106 0.057078 0.049831 -0.022366 -0.054636 0.177121 -0.000299 0.284097 0.103198 0.009559 -0.044349 -0.103895 -0.158256 -0.040767 -0.013165 0.065286 0.011110 0.052841 -0.121440 -0.112636 -0.414226 -0.184372 0.094423 0.101291 0.029512 0.157249 -0.096169 0.053026 0.005425 0.051451 -0.083986 0.022725 -0.158756 -0.352774 -0.128843 0.321801 0.142011 0.051268
0.381888 0.071656 0.212910 -0.019864 0.331262 0.367527 0.201223 0.127233 0.364681 -0.117969 -0.078669 -0.152110 0.300635 -0.170637 0.269797 0.076507 -0.295559 -0.326611 -0.120836 0.069782 0.499067 0.453657 0.189415 0.295591 0.288709 0.155119 1.000000 0.534135 -0.342793 -0.352082 0.063284 0.056387 -0.206489 -0.213030 0.050765 -0.152897 0.118150 -0.049365 -0.044151 -0.163026 0.224422 -0.070177 -0.061737 0.003909 -0.002247 0.032051 0.211204 -0.076683 0.169608 0.027236 0.103934 0.015096 0.252975 0.194643 -0.123105 -0.160599 0.145606 -0.021593 0.214922 0.237741 0.221089 0.049919 0.146758 0.015074 0.254042 -0.020672 0.089387 0.104216 -0.026400 0.129473 0.090468 -0.244800 -0.408747 -0.334480 -0.228004 -0.173526 -0.309196 -0.205528 -0.279594 -0.327004 -0.237419 -0.233077 0.201568 0.089643 0.027288 -0.249399 -0.004898 0.132028 0.233424 0.309605 0.067090 0.063558 0.032054 -0.039927 0.026090 -0.268758 -0.245268 -0.195707 -0.211537 -0.184332 -0.063035 0.190887 0.017730 0.030270 0.094759 0.079112 0.149206 0.118788 0.105504 -0.289212 -0.405314 -0.143626 -0.277242 -0.080333 -0.203307 -0.129526
0.240330 0.046687 0.128188 -0.088226 0.201444 0.441909 0.010733 -0.086658 -0.015982 0.007471 0.070340 -0.040466 0.392703 0.072353 0.219012 0.275601 -0.239198 -0.141041 -0.079543 -0.046523 0.229316 0.395217 0.181363 0.136223 0.239535 0.422362 0.534135 1.000000 -0.157013 -0.261300 0.148838 0.225948 -0.013640 0.055585 0.050121 -0.139283 0.049412 -0.051987 -0.045650 -0.014720 0.192946 -0.119146 0.056115 0.032550 -0.035655 -0.051702 -0.130537 -0.180616 0.046446 -0.025591 0.089874 0.104957 0.124641 0.161909 -0.103067 -0.012407 0.194619 0.118149 0.212959 0.124720 0.181079 0.032332 0.007791 -0.065674 0.189328 -0.066283 0.114990 -0.027664 -0.055281 0.018112 0.116302 -0.089608 -0.240409 -0.271917 -0.068384 -0.041676 -0.174493 -0.126719 -0.140806 -0.175494 -0.162138 -0.247206 0.199490 0.018057 0.089156 0.005181 0.159530 0.206625 0.044469 0.218756 -0.197126 -0.161704 -0.076808 -0.132698 0.032239 -0.168626 -0.170587 -0.127834 -0.279751 -0.286120 -0.086188 -0.015730 -0.107095 -0.058054 -0.057789 0.000428 0.035208 0.071690 -0.016956 -0.117265 -0.288655 -0.263258 -0.126716 -0.040789 -0.099766 -0.140688
-0.137584 -0.223304 -0.029098 -0.221515 -0.112589 -0.355204 -0.015948 -0.223676 -0.138803 0.013718 0.113742 0.054585 -0.006574 0.162508 0.043058 0.093791 0.308811 0.276067 0.321143 -0.082425 -0.202662 -0.115060 -0.104658 -0.342019 -0.020079 0.071728 -0.342793 -0.157013 1.000000 0.534797 0.201061 0.054834 0.326875 0.363375 0.171934 0.067993 -0.065985 0.028799 0.244200 -0.001309 0.013723 -0.107432 0.037382 -0.082440 0.001365 -0.087148 -0.130576 -0.281556 -0.347172 -0.093943 -0.048281 -0.198884 -0.192188 -0.208128 0.091855 -0.067015 0.080664 0.125200 -0.159567 -0.400641 0.022622 -0.078250 -0.068091 0.129877 -0.001449 -0.092026 0.072093 -0.368913 0.071163 -0.172263 0.068040 0.294460 0.546744 0.140364 0.150636 0.198534 0.264480 0.261615 0.342341 0.268833 0.362280 0.321030 -0.069946 -0.146614 0.084508 0.142306 0.048446 -0.160325 -0.172656 -0.244440 -0.292116 -0.184138 -0.261989 -0.122413 0.041260 0.090291 0.125046 0.054474 -0.138952 -0.139400 -0.118774 -0.024295 -0.146987 -0.220633 -0.139130 -0.141742 -0.207724 -0.179486 -0.002991 0.257042 0.067662 -0.054790 0.032041 0.080949 0.115692 0.074160
-0.056216 0.036070 -0.247940 0.056774 -0.079519 -0.183788 -0.108899 -0.012786 -0.099736 0.170577 -0.039822 0.238400 -0.232889 0.262837 -0.086530 0.200376 0.330793 0.499781 0.151482 0.019784 -0.067273 -0.194295 -0.234850 -0.332627 -0.197812 -0.009044 -0.352082 -0.261300 0.534797 1.000000 -0.050581 -0.010092 0.302131 0.256064 0.108201 0.148905 -0.030653 0.109644 0.164392 -0.044172 -0.089586 0.055382 0.031328 0.029177 0.050017 -0.101662 -0.087631 -0.141885 -0.266872 -0.006238 -0.152376 -0.015784 -0.241879 -0.155457 -0.009050 -0.023218 0.199377 0.140822 -0.147590 -0.282281 -0.030878 0.005587 -0.143244 0.202601 -0.138943 0.004587 0.060879 -0.371479 0.076369 -0.101202 0.056818 0.159874 0.644797 0.380966 0.359531 0.277370 0.389739 0.293492 0.376205 0.311089 0.241423 0.343148 -0.067649 0.110853 -0.061140 0.199148 -0.063229 -0.099141 -0.211734 -0.385658 -0.346291 -0.353859 -0.300564 -0.363771 -0.051394 0.069723 0.048089 0.001156 -0.063163 -0.053606 -0.270378 -0.172514 -0.257068 -0.372489 -0.272676 -0.292295 -0.181941 -0.079772 0.007583 0.155897 0.066109 -0.184894 -0.161696 -0.090773 0.015175 0.081749
-0.006482 -0.025445 0.062861 -0.171374 0.099037 0.173098 0.272915 0.157143 -0.059288 -0.041034 0.135978 0.011620 0.284630 0.074282 0.003454 0.063651 -0.056117 -0.158063 0.106196 0.102359 0.149904 0.002452 0.135598 0.059765 0.313618 0.295315 0.063284 0.148838 0.201061 -0.050581 1.000000 0.716741 0.158226 0.424938 -0.168842 -0.102520 0.059081 -0.102539 -0.072339 -0.227347 0.112701 -0.116948 0.035222 -0.045680 0.163587 0.068235 -0.065103 -0.246065 -0.042915 -0.065437 -0.067925 -0.172233 -0.204293 -0.109064 -0.023914 -0.200514 0.169050 0.024199 0.103307 0.022453 0.194500 0.049990 0.093061 -0.043113 0.373539 -0.151640 0.152648 -0.198891 -0.187135 -0.181075 0.381584 0.077505 -0.056451 -0.141307 0.068537 0.152659 -0.083892 -0.204786 0.133229 -0.027711 0.109512 -0.052492 -0.145013 0.115117 -0.033482 -0.202399 0.102803 0.017170 0.060013 -0.187878 -0.220018 -0.062219 -0.209637 -0.092683 -0.240179 0.062788 -0.180934 -0.146787 -0.145123 -0.179904 -0.058598 0.147752 0.002465 0.052297 -0.085773 0.014071 -0.022436 -0.047971 0.007221 -0.017787 -0.360971 0.072773 -0.075836 0.057617 -0.009434 0.056878
-0.226642 -0.128070 -0.006089 -0.012432 0.039809 0.144572 0.068967 0.130659 -0.056182 -0.062701 0.094161 0.086245 0.179209 0.080632 0.058860 0.145438 -0.265042 -0.154183 0.160915 -0.080351 0.100869 0.052699 0.186091 0.106817 0.236911 0.283427 0.056387 0.225948 0.054834 -0.010092 0.716741 1.000000 0.133260 0.374499 0.014696 0.004011 0.111405 0.099863 0.097970 -0.098441 0.227277 0.055078 -0.015819 -0.112557 0.118058 -0.004934 -0.083150 -0.298284 -0.144744 -0.115235 -0.109866 -0.176401 -0.209400 0.008889 0.176690 0.071015 0.022411 -0.016770 -0.126520 -0.117296 -0.000631 0.058840 -0.192173 -0.187849 0.379095 0.039121 0.067626 -0.212123 -0.204389 -0.200647 0.205950 0.059504 -0.106713 -0.164790 0.061365 0.107304 -0.067490 -0.110922 0.052790 -0.069331 0.035679 -0.093940 0.051875 0.267742 0.106242 0.019422 0.219758 0.247003 0.288103 0.022985 -0.216314 -0.077683 -0.164266 -0.111867 -0.284601 0.073040 -0.125826 -0.265358 -0.169765 -0.119926 -0.028585 0.092199 -0.021167 0.047932 0.043255 0.066060 0.047597 -0.012483 -0.066999 -0.151480 -0.367600 -0.008786 -0.034133 0.046222 0.095468 0.095378
-0.003255 0.147219 0.000926 -0.071120 -0.220573 -0.159797 -0.135253 -0.123979 -0.067385 0.074011 -0.036907 0.167285 -0.206484 0.300059 0.156784 -0.019921 0.152941 0.331134 0.207781 0.023000 -0.096537 -0.201263 -0.131859 -0.392594 0.006293 -0.031269 -0.206489 -0.013640 0.326875 0.302131 0.158226 0.133260 1.000000 0.655738 0.041996 0.199219 -0.205795 0.055175 0.103177 -0.168719 0.043655 0.052652 0.234033 0.281160 0.371566 0.252100 -0.096634 -0.254738 -0.164750 0.227324 -0.049447 0.134139 -0.302201 -0.223312 -0.069114 0.035009 0.362237 0.464835 -0.076455 0.004002 0.164342 0.168144 0.078557 0.339529 0.102386 0.116600 0.198450 -0.320873 0.193864 0.042779 0.020596 0.079416 0.503336 0.445123 0.379502 0.303012 0.318227 0.032920 0.273502 0.336853 0.280653 0.325955 -0.200238 -0.028266 0.061677 0.127299 -0.040286 0.010169 -0.056330 -0.274470 -0.610060 -0.675105 -0.632290 -0.576216 -0.289943 -0.023878 -0.050410 -0.059112 -0.141469 -0.384550 -0.368920 -0.385805 -0.429701 -0.658540 -0.419280 -0.478604 -0.478101 -0.382666 -0.115766 0.208228 -0.102686 -0.135894 -0.090555 -0.275203 -0.213549 -0.194126
-0.035524 0.229695 -0.055675 -0.016870 -0.096725 -0.038160 0.085607 0.111443 -0.114861 0.122730 -0.001795 0.163579 -0.030190 0.246600 0.034440 0.049592 0.036023 0.060389 0.257038 0.255006 -0.031343 -0.118211 -0.163612 -0.308202 0.078480 0.118378 -0.213030 0.055585 0.363375 0.256064 0.424938 0.374499 0.655738 1.000000 0.004073 0.140494 -0.217618 -0.203777 -0.063065 -0.201480 0.113051 0.028651 0.092802 0.035249 0.158915 0.094102 -0.143206 -0.302962 -0.274796 -0.003727 -0.064682 -0.099350 -0.264143 -0.220245 -0.242368 -0.258356 0.190306 0.339836 -0.032773 -0.045139 0.096881 0.147867 0.047749 0.182845 0.215297 0.069649 0.325408 -0.250364 0.303964 0.147011 0.197815 0.142287 0.288494 0.168189 0.203882 0.280410 0.195339 -0.116584 0.242214 0.231780 0.293164 0.315189 -0.095530 0.206338 -0.054214 0.001264 -0.117859 -0.151224 -0.121177 -0.345411 -0.472315 -0.480675 -0.486508 -0.433497 -0.309855 -0.100713 -0.166224 -0.091198 -0.129477 -0.290114 -0.316266 -0.148167 -0.253999 -0.422796 -0.254408 -0.395750 -0.399819 -0.329580 -0.127307 0.049625 -0.138425 -0.019081 -0.078959 -0.102360 -0.193924 -0.196343
0.180810 -0.165435 0.250260 0.228459 -0.075752 -0.198992 -0.043395 -0.106255 -0.097946 -0.113913 0.290878 0.062372 0.125919 -0.005136 0.287796 0.094243 -0.092480 -0.029881 0.218806 -0.075537 -0.109128 -0.103768 0.235610 0.173852 0.009829 0.030370 0.050765 0.050121 0.171934 0.108201 -0.168842 0.014696 0.041996 0.004073 1.000000 0.321161 0.025944 0.082930 0.115133 -0.108831 -0.205769 0.143418 -0.298326 -0.101223 -0.071904 -0.001430 -0.198725 -0.150954 -0.151355 -0.085228 -0.022387 -0.220920 -0.054383 -0.097520 0.230004 -0.000059 -0.140994 -0.094898 -0.162457 -0.391095 -0.152859 -0.339421 -0.288765 -0.375062 0.340136 0.031758 -0.028340 0.231040 -0.052733 -0.032952 0.020611 -0.082729 0.070855 0.027232 0.069380 0.136913 0.104716 0.228727 0.027486 -0.113858 -0.058034 -0.026467 0.181677 -0.043561 0.282044 0.324242 0.199499 0.159365 0.283737 0.093897 -0.083027 -0.046852 -0.008357 -0.011631 -0.122775 -0.019528 0.061050 -0.140971 -0.151196 0.029169 -0.116882 -0.122543 -0.027701 -0.180453 -0.156633 -0.202334 0.001059 -0.206612 -0.186842 -0.050266 0.087104 -0.042021 -0.012972 -0.007704 0.082083 -0.158233
0.138009 -0.006087 0.270460 0.039656 0.014735 -0.015929 0.008242 0.033018 0.141819 0.221391 -0.010447 0.260329 -0.102338 0.296431 0.017397 -0.016461 0.174775 0.160924 0.088392 -0.106074 -0.160059 -0.245653 -0.122894 -0.266601 -0.102058 -0.045812 -0.152897 -0.139283 0.067993 0.148905 -0.102520 0.004011 0.199219 0.140494 0.321161 1.000000 -0.172712 0.040422 -0.126694 -0.146317 -0.097368 0.029507 -0.030026 0.134275 0.111775 0.281315 0.097644 -0.137167 -0.111557 0.126701 -0.070232 0.011862 -0.049862 -0.089281 0.031893 0.058862 -0.065664 -0.039219 0.137373 -0.099867 0.208551 0.040237 -0.177937 -0.055345 0.081267 0.285712 0.082991 -0.024077 0.012015 -0.110049 -0.035768 0.066790 0.199561 0.313449 0.168916 0.126351 0.124587 -0.009067 0.177462 0.019541 -0.055403 0.047712 -0.244595 -0.217504 -0.118581 0.084040 -0.219569 -0.105046 0.112461 0.012953 -0.204669 -0.267964 -0.194742 -0.195976 -0.224342 -0.118751 0.033814 -0.152984 -0.000438 -0.069878 -0.061094 -0.263687 -0.074015 -0.267307 -0.073709 -0.356265 -0.208063 -0.232769 -0.259422 -0.105546 -0.025895 -0.041327 0.022093 -0.203267 -0.173045 -0.139183
