1.000000 0.731133 -0.186625 -0.235586 -0.156852 -0.186304 0.204905 0.144035 0.053415 0.115993 0.298749 0.341983 0.236068 0.447889 0.021075 0.337917 0.290414 0.093241 0.135774 0.370468 -0.092414 -0.202060 -0.468072 -0.431326 -0.419778 -0.446723 -0.208344 -0.233037 0.260955 0.257622 -0.309423 -0.508403 0.310378 -0.018979 -0.262404 -0.290043 0.092070 -0.093378 -0.101834 0.031440 0.164196 0.025507 -0.107737 -0.192821 -0.144559 -0.388727 0.046821 0.037926 0.145635 -0.060041 0.108030 0.099943 0.179109 0.172401 0.070535 0.103803 0.554735 0.284486 0.419958 0.231518 0.276997 0.347118 0.226430 0.467779 -0.250913 -0.085762 0.062096 -0.479590 0.376218 -0.006290 -0.090097 -0.410697 0.207050 0.029862 0.093954 -0.108513 0.130523 0.005539 0.127704 0.197133 0.274862 0.100896 0.184614 0.176156 -0.185366 -0.172988 -0.055460 -0.053183 -0.335686 0.095011 -0.149281 -0.220843 -0.231977 -0.396950 0.197484 0.130829 0.041876 -0.075342 0.040104 0.093666 0.071314 -0.306389 -0.217088 -0.448177 -0.424339 -0.515217 -0.142362 -0.223175 -0.039522 -0.066434 -0.199894 -0.258809 -0.012073 -0.263288 -0.463723 0.083887
0.731133 1.000000 -0.375888 -0.281917 -0.370993 -0.342623 -0.129455 -0.024032 -0.269343 -0.072367 0.203548 0.298793 -0.024780 0.345870 -0.205237 0.157583 0.238334 0.188793 0.110624 0.277856 -0.162613 -0.310777 -0.598553 -0.571019 -0.401737 -0.553258 -0.318241 -0.387865 0.199700 0.271801 -0.317364 -0.513730 0.450080 -0.040002 -0.291017 -0.390696 -0.069591 -0.052005 -0.205245 0.066802 0.135924 0.013941 0.068959 0.058382 0.017966 -0.332021 0.185969 0.189023 0.272243 0.136707 0.157304 0.286391 0.312564 0.319653 0.050527 0.276222 0.488383 0.454734 0.471304 0.452392 0.059942 0.412364 0.249933 0.469381 -0.474119 -0.323578 0.312251 -0.458477 0.404161 -0.021746 0.025394 -0.371041 0.264633 0.068283 0.070984 -0.074695 0.196817 0.050562 0.087601 0.351903 0.228072 0.096346 0.017993 0.116591 -0.437710 -0.260119 -0.286124 -0.131659 -0.588339 -0.120827 -0.172611 -0.344035 -0.409237 -0.582993 0.141384 0.212948 0.090051 0.001590 0.172320 0.180526 0.110858 -0.429016 -0.104853 -0.361143 -0.236716 -0.417668 -0.035775 -0.229174 -0.143073 0.051291 -0.225257 -0.139951 -0.030471 -0.271433 -0.412278 0.136415
-0.186625 -0.375888 1.000000 0.392431 0.301489 0.144796 0.374342 0.321265 0.040493 -0.062700 -0.119809 -0.348784 0.000155 -0.281006 0.056037 -0.220459 -0.145778 -0.231898 0.272407 0.311405 0.258580 0.156058 0.475507 0.125954 0.092804 0.379916 0.310514 0.123425 0.109367 -0.103155 0.431470 0.356806 -0.046805 0.281630 0.192237 0.110889 0.044292 -0.195516 0.138548 -0.165064 -0.010811 -0.063984 -0.246497 -0.250876 -0.298238 -0.104389 -0.283452 -0.195546 -0.403539 -0.368950 -0.201783 -0.333469 -0.395846 -0.411717 -0.233824 -0.452274 -0.120249 -0.149361 -0.349708 -0.223922 -0.020688 -0.463802 -0.039343 -0.137247 0.128940 -0.036350 -0.115692 0.347243 -0.062239 0.198781 0.112281 0.226179 0.183016 -0.101018 0.234602 0.335571 0.046798 -0.036086 0.061798 0.005197 -0.028941 0.059601 0.092482 0.197839 0.115569 -0.081793 0.039998 -0.058178 0.151206 -0.268391 -0.080473 0.459707 0.223020 0.543056 -0.041704 -0.019741 -0.067449 -0.017574 -0.210068 -0.172413 0.110278 0.424178 0.274652 0.336188 0.134521 0.252319 -0.080151 0.023301 0.077943 -0.119733 0.153090 0.244984 0.044229 0.310453 0.211941 -0.134931
-0.235586 -0.281917 0.392431 1.000000 0.014497 0.315804 0.059273 0.443804 -0.047403 0.107160 0.036053 -0.127026 0.099994 -0.070886 0.285360 0.016075 -0.170926 -0.222424 0.407815 0.370690 0.129238 0.175286 0.340537 0.442891 0.190539 0.300797 0.285521 0.044270 0.029734 -0.199127 0.376338 0.475498 -0.006744 0.314402 0.130366 0.189926 0.080680 0.009402 0.161743 0.089796 -0.040704 -0.140403 -0.200390 -0.198411 -0.314720 -0.226997 -0.240712 -0.232865 -0.410306 -0.321656 -0.343279 -0.422930 -0.294417 -0.228439 -0.169556 -0.257630 -0.068684 -0.091899 -0.506785 -0.396255 -0.179305 -0.319825 -0.001972 -0.159697 0.217625 -0.012992 -0.502126 -0.083233 -0.116264 0.057951 0.322779 0.229764 -0.041355 -0.149733 0.219043 0.234523 0.053746 0.113010 0.133012 0.033191 0.078410 0.023977 0.210610 0.219500 0.157052 0.000268 0.199803 0.170287 0.359696 -0.007642 0.002400 0.208564 0.298850 0.219576 0.068280 0.071932 -0.120359 0.159001 -0.197561 -0.141796 -0.047591 0.104278 0.119787 0.096305 -0.038882 0.160741 -0.088054 0.074148 0.310446 0.096117 0.047166 0.029052 -0.100739 0.311041 0.123019 -0.022053
-0.156852 -0.370993 0.301489 0.014497 1.000000 0.426199 0.299202 0.125965 0.581351 0.403141 0.142590 -0.013867 0.304514 0.027891 0.418862 0.251136 -0.031197 -0.027314 0.177380 0.086476 0.072742 0.145521 0.225498 0.105070 -0.156319 0.079431 0.491553 0.389607 0.042097 -0.123450 -0.118116 0.034954 -0.072740 0.085286 0.344015 0.414232 0.173292 -0.200893 0.086939 0.061699 0.009328 -0.009674 -0.382121 -0.445012 -0.228485 0.046885 -0.455341 -0.411048 -0.299051 -0.328723 -0.279130 -0.336943 -0.388815 -0.378586 -0.037480 -0.454918 -0.109933 -0.141591 -0.295387 -0.207256 0.303290 -0.079635 0.134978 -0.026728 0.422485 0.268030 -0.231999 0.233742 -0.071535 0.185227 -0.132801 -0.147671 -0.096291 0.082593 0.064563 0.071784 0.010558 -0.006420 0.119576 -0.118719 0.050538 0.072850 0.283526 0.063774 0.513558 0.133460 0.253413 -0.084719 0.435248 0.076309 0.072396 0.340665 0.348923 0.412898 0.021565 0.095156 -0.304283 -0.003105 -0.395295 -0.365593 -0.018984 0.121555 -0.061353 -0.082412 -0.105379 -0.007935 0.014843 0.003691 -0.056124 -0.212992 -0.080470 -0.086713 -0.210373 -0.106645 0.136602 -0.072314
-0.186304 -0.342623 0.144796 0.315804 0.426199 1.000000 -0.005073 0.055408 0.320891 0.116887 -0.026848 -0.111236 0.051017 -0.119121 0.423526 0.119015 -0.105949 -0.054094 0.241902 0.130098 0.289514 0.273774 0.415184 0.411984 0.193989 0.282129 0.590801 0.425305 -0.131216 -0.013690 0.064449 0.275438 -0.173619 -0.012229 0.159173 0.194508 0.272705 0.109186 0.279967 0.262247 0.002664 0.005374 -0.260247 -0.289822 -0.318399 -0.213026 -0.248336 -0.290970 -0.335558 -0.376965 -0.176026 -0.285393 -0.173454 -0.143278 -0.070062 -0.279546 -0.124555 -0.077099 -0.367174 -0.376530 -0.020704 -0.120112 -0.086298 -0.172108 0.361498 0.177125 -0.314141 -0.056774 -0.011239 -0.126315 0.118916 0.017041 -0.275578 0.126341 0.067317 0.178775 0.041946 0.302001 0.072433 0.012106 0.060985 0.185840 0.351842 0.150156 0.354755 0.271689 0.383113 0.130085 0.481950 0.098276 -0.041289 0.240158 0.188002 0.346184 0.235533 0.089045 -0.179306 0.166179 -0.309809 -0.287386 -0.191220 0.180966 -0.135181 0.035161 -0.012949 0.122848 -0.212445 -0.147566 0.115678 -0.041436 -0.179364 -0.045871 -0.195245 0.184783 0.080408 0.092011
0.204905 -0.129455 0.374342 0.059273 0.299202 -0.005073 1.000000 0.575768 0.464563 0.518159 0.311704 0.248345 0.578619 0.465220 0.297541 0.455571 0.072748 -0.182901 -0.043043 0.230603 -0.014086 -0.062566 0.011829 -0.007631 -0.411566 -0.055964 0.004695 -0.016917 0.170579 -0.004626 -0.186665 -0.246654 -0.034921 0.092609 0.182525 0.212162 0.013396 -0.171555 -0.152048 -0.160108 -0.048541 -0.262474 -0.289831 -0.363846 -0.146882 0.028563 -0.341546 -0.295594 -0.053795 -0.178700 -0.049720 -0.150756 -0.178541 -0.320184 -0.244111 -0.302130 0.004369 -0.317014 0.071341 -0.132967 0.656310 0.138089 0.156675 0.088033 0.314604 0.403537 -0.170707 0.214678 -0.111001 0.111628 -0.252070 -0.222299 0.159779 -0.200778 0.071912 -0.140645 -0.188252 -0.157920 -0.018630 -0.116640 0.166087 -0.039001 -0.047016 -0.194593 0.216301 -0.044634 -0.081947 -0.148062 0.143777 0.196929 0.012442 0.117249 0.299968 0.173810 -0.078712 -0.059706 -0.239051 -0.137919 -0.308516 -0.376640 0.006254 0.028386 -0.121700 -0.129281 -0.303455 -0.216044 -0.217120 -0.102099 -0.184832 -0.200491 -0.185898 -0.345268 0.005365 -0.203995 -0.182241 -0.124482
0.144035 -0.024032 0.321265 0.443804 0.125965 0.055408 0.575768 1.000000 0.259421 0.501048 0.238241 0.273410 0.379519 0.433263 0.167207 0.479386 0.021005 -0.206218 -0.019950 0.328655 -0.048472 -0.132274 -0.103725 -0.011166 -0.366438 -0.098410 -0.094490 -0.188201 0.242430 -0.069269 -0.068670 -0.151615 0.121808 0.185763 0.033845 0.093990 -0.010921 -0.208719 -0.193304 -0.121203 -0.090996 -0.351815 -0.212850 -0.224243 -0.169399 -0.036949 -0.259580 -0.279863 -0.101774 -0.164371 -0.155105 -0.174351 -0.269857 -0.247017 -0.374192 -0.229057 0.018615 -0.317513 0.005211 -0.084551 0.400216 0.175097 0.222633 0.155371 0.187353 0.377012 -0.265211 -0.024057 -0.145486 0.057263 -0.127269 -0.208003 0.036512 -0.203231 0.089229 -0.053134 -0.274152 -0.095467 0.042140 -0.041682 0.296311 -0.084860 0.036550 0.105809 -0.039923 -0.217558 -0.091875 -0.146106 -0.009389 0.037523 0.052328 0.068057 0.346046 0.001845 0.073116 0.053353 -0.200700 0.053760 -0.216691 -0.240971 -0.065441 -0.159013 -0.018160 -0.185873 -0.299112 -0.199731 -0.087919 -0.028513 0.024292 0.022332 -0.017717 -0.285450 -0.027178 -0.147257 -0.237554 0.018236
0.053415 -0.269343 0.040493 -0.047403 0.581351 0.320891 0.464563 0.259421 1.000000 0.586501 0.213594 0.279624 0.450588 0.218125 0.431420 0.444640 -0.072867 -0.131396 -0.025611 -0.012182 0.013553 -0.004901 0.130765 0.185211 -0.221777 -0.009321 0.283891 0.298828 -0.133587 -0.165388 -0.307132 -0.220939 -0.268412 -0.155232 0.214216 0.323862 0.100263 -0.019512 0.021820 0.065388 -0.038059 0.022290 -0.245973 -0.349245 -0.151768 0.054991 -0.268034 -0.241290 -0.087900 -0.170389 -0.043002 -0.129167 -0.102038 -0.163644 -0.051539 -0.205183 -0.106227 -0.290320 -0.044256 -0.187939 0.458538 0.174188 -0.073290 -0.159217 0.499638 0.498484 -0.289693 0.131866 -0.065079 0.062264 -0.220332 -0.281828 -0.235335 0.090244 -0.063552 -0.083929 -0.160561 -0.066117 -0.029351 -0.206125 -0.107460 -0.146381 0.087106 -0.240462 0.378688 0.140171 0.266624 -0.091398 0.347686 0.293154 0.228366 0.275452 0.445293 0.325214 0.078733 -0.006912 -0.225545 -0.016478 -0.284065 -0.247770 -0.084651 0.014508 -0.160659 -0.092113 -0.093326 -0.156660 -0.163536 -0.143266 -0.053950 -0.207120 -0.181513 -0.298569 -0.050227 -0.174013 -0.065955 0.069602
0.115993 -0.072367 -0.062700 0.107160 0.403141 0.116887 0.518159 0.501048 0.586501 1.000000 0.343673 0.345947 0.492202 0.418861 0.387652 0.579224 0.035531 -0.175433 -0.127238 -0.035066 -0.288847 -0.234057 -0.238312 -0.018956 -0.472576 -0.308205 -0.085892 -0.126207 0.070507 -0.177569 -0.306621 -0.349954 0.047994 -0.068380 0.227022 0.239039 0.086958 -0.126305 -0.083877 -0.159106 -0.100868 -0.149962 -0.325340 -0.392622 0.000917 0.111466 -0.271003 -0.383851 0.071467 -0.043060 -0.116505 -0.111603 -0.057011 -0.184118 -0.143538 -0.183364 -0.015504 -0.235953 0.047376 0.028025 0.498111 0.390500 0.267314 0.139109 0.373582 0.477151 -0.207661 0.043382 -0.072541 0.071896 -0.281217 -0.316369 -0.037304 -0.219296 -0.011716 -0.176338 -0.252100 -0.120646 -0.015342 -0.273474 0.117536 -0.207039 0.082822 -0.080896 0.283858 0.018834 0.100422 -0.121648 0.217593 0.345925 0.251772 0.096098 0.488911 0.071992 0.033538 0.058782 -0.350302 -0.052103 -0.272641 -0.195385 0.082518 -0.104253 -0.074864 -0.259107 -0.277567 -0.274131 -0.098098 -0.058341 -0.074535 -0.153550 -0.213966 -0.305122 -0.017399 -0.283630 -0.184007 0.114342
0.298749 0.203548 -0.119809 0.036053 0.142590 -0.026848 0.311704 0.238241 0.213594 0.343673 1.000000 0.634399 0.647020 0.583215 0.451807 0.447983 0.246525 0.138581 0.246691 0.254529 -0.208705 -0.228679 -0.316322 -0.065159 -0.402864 -0.353879 0.047303 -0.078643 0.281897 0.146754 -0.241722 -0.161932 0.240544 0.157381 -0.085283 0.004830 0.019126 -0.209946 -0.165065 0.009578 0.079652 -0.172322 -0.330152 -0.372450 -0.208774 -0.258108 -0.269352 -0.318762 -0.064920 -0.204028 -0.240908 -0.162405 -0.118958 -0.079212 -0.087783 -0.189703 0.244450 0.039566 -0.048485 -0.123284 0.306154 0.009255 0.210998 0.170745 0.178957 -0.031595 -0.179359 -0.193254 0.043041 -0.071328 -0.137033 -0.296023 0.072685 -0.022631 0.076288 -0.076940 0.093328 -0.031807 0.017356 -0.108590 0.112013 0.033521 0.301247 0.199777 0.372052 0.087410 0.178359 0.151733 0.120434 0.201529 -0.060515 -0.044044 0.109036 -0.094492 -0.023296 0.144466 -0.279689 0.110559 -0.207696 -0.229691 -0.081328 -0.247919 -0.235753 -0.232343 -0.256408 -0.165828 -0.025038 -0.042814 -0.240347 -0.216557 -0.171270 -0.259387 -0.143411 -0.110958 -0.139310 -0.215385
0.341983 0.298793 -0.348784 -0.127026 -0.013867 -0.111236 0.248345 0.273410 0.279624 0.345947 0.634399 1.000000 0.365015 0.686517 0.179522 0.512742 0.207498 0.145870 0.048922 0.069595 -0.278426 -0.200157 -0.369585 -0.123973 -0.398990 -0.396674 -0.184369 -0.126374 0.154863 0.136155 -0.403553 -0.371386 0.187130 0.007918 -0.127475 -0.146669 0.018721 -0.121807 -0.175293 0.141887 0.115941 -0.093732 -0.095662 -0.131263 0.005196 -0.108996 -0.138569 -0.112904 0.115102 -0.017060 -0.015105 0.076066 0.010267 0.041257 -0.119915 0.053646 0.130895 -0.002074 0.155977 -0.047006 0.301529 0.227646 0.049605 0.157402 0.106381 0.189787 -0.118040 -0.236627 -0.099077 -0.223425 -0.154750 -0.360283 -0.036898 0.039501 0.056372 -0.226683 0.014192 -0.007329 -0.074239 -0.026783 0.090204 -0.072587 0.024539 0.006513 0.130788 0.252652 -0.006845 0.021441 -0.024145 0.309644 -0.047503 -0.235135 0.109932 -0.285015 -0.079638 0.019251 -0.265707 -0.016269 -0.090495 -0.166931 -0.078779 -0.413720 -0.391161 -0.435565 -0.374416 -0.336277 -0.038626 -0.121123 -0.171693 -0.165900 -0.368436 -0.446599 -0.181336 -0.356174 -0.350633 0.020140
0.236068 -0.024780 0.000155 0.099994 0.304514 0.051017 0.578619 0.379519 0.450588 0.492202 0.647020 0.365015 1.000000 0.509775 0.639385 0.541422 0.154912 0.042584 0.231328 0.279481 -0.136424 -0.120744 -0.154330 0.007433 -0.364403 -0.201261 0.164385 -0.051311 0.346447 0.038463 -0.164651 -0.134548 0.116535 0.162388 0.046596 0.212529 0.071255 -0.175800 -0.035553 0.052548 0.068129 -0.239289 -0.444152 -0.521120 -0.270589 -0.159076 -0.431513 -0.469013 -0.163259 -0.283908 -0.303517 -0.277445 -0.239155 -0.294810 -0.161410 -0.380754 0.184680 -0.019617 -0.088124 -0.163332 0.529561 0.050680 0.272826 0.082220 0.358452 0.135401 -0.323806 -0.088161 0.030217 0.054221 -0.167067 -0.293962 0.129899 -0.133068 0.036128 -0.164757 -0.029470 -0.044819 0.113903 -0.159170 0.213005 0.099094 0.336846 0.051022 0.426574 -0.036889 0.182563 0.142704 0.274457 0.286132 -0.019277 0.002005 0.293519 0.133101 -0.000142 0.002766 -0.223608 0.046892 -0.360759 -0.396273 -0.084270 0.022936 -0.140302 -0.195780 -0.292753 -0.223654 -0.125589 -0.003010 -0.171825 -0.093609 -0.115649 -0.326245 -0.188289 -0.186752 -0.161429 -0.209480
0.447889 0.345870 -0.281006 -0.070886 0.027891 -0.119121 0.465220 0.433263 0.218125 0.418861 0.583215 0.686517 0.509775 1.000000 0.254114 0.610561 0.247241 0.049333 0.027643 0.250402 -0.174964 -0.257770 -0.418851 -0.160296 -0.556976 -0.391592 -0.186195 -0.207952 0.307618 0.207577 -0.408651 -0.387555 0.233010 0.066296 -0.037497 0.032260 -0.106906 -0.101366 -0.247949 0.110387 0.004340 -0.151030 -0.214377 -0.217617 -0.079832 -0.127260 -0.239857 -0.183951 0.075451 -0.077471 -0.068656 -0.055905 -0.029456 -0.104365 -0.191281 -0.128783 0.225546 -0.086947 0.237571 -0.006381 0.424711 0.330829 0.221886 0.289112 0.053154 0.235377 -0.100706 -0.202910 0.013897 -0.065232 -0.190728 -0.344233 0.166523 -0.074750 0.060640 -0.226726 -0.003974 -0.015362 0.035610 -0.006779 0.330028 0.023576 0.094423 -0.008838 0.134657 0.041439 -0.116097 -0.051047 0.002165 0.290272 -0.107623 -0.311746 0.093419 -0.353283 -0.037900 0.018233 -0.251385 -0.063961 -0.218163 -0.219981 0.006980 -0.455299 -0.399439 -0.458153 -0.420147 -0.430420 -0.062912 -0.149420 -0.228866 -0.146634 -0.249622 -0.426328 -0.114042 -0.403864 -0.472617 0.045085
0.021075 -0.205237 0.056037 0.285360 0.418862 0.423526 0.297541 0.167207 0.431420 0.387652 0.451807 0.179522 0.639385 0.254114 1.000000 0.480960 0.063066 0.046295 0.470831 0.323194 0.174754 0.167343 0.266449 0.350321 -0.013048 0.161610 0.497175 0.333270 0.200772 0.047190 0.068979 0.209663 -0.055173 0.066889 0.361287 0.346867 0.115046 0.030168 0.275967 0.216619 0.045165 0.016967 -0.442014 -0.482717 -0.406769 -0.275874 -0.375833 -0.485775 -0.380156 -0.448306 -0.377563 -0.425335 -0.308491 -0.216246 0.100363 -0.421943 0.019340 -0.030894 -0.470394 -0.520114 0.118780 -0.223458 -0.006966 -0.212761 0.438985 0.033956 -0.487821 -0.175550 0.046434 -0.021989 0.151419 -0.124231 0.061658 0.061699 0.193796 0.070078 0.094473 0.131944 0.181405 -0.110672 0.111058 0.259441 0.502274 0.207216 0.592946 0.253569 0.356306 0.252851 0.597434 0.263050 -0.051675 0.160743 0.407369 0.324048 0.028176 -0.046365 -0.222463 0.088779 -0.352752 -0.360203 -0.075111 0.151095 -0.111846 -0.032802 -0.152941 0.008294 -0.246655 -0.067591 0.029633 -0.267876 -0.271924 -0.101066 -0.094133 -0.057809 0.002153 -0.193454
0.337917 0.157583 -0.220459 0.016075 0.251136 0.119015 0.455571 0.479386 0.444640 0.579224 0.447983 0.512742 0.541422 0.610561 0.480960 1.000000 0.227953 0.066997 0.008276 0.251876 -0.065955 -0.123590 -0.302010 -0.074149 -0.438594 -0.266447 0.093539 -0.065162 0.267482 0.173491 -0.252291 -0.312600 0.089818 0.016733 0.173035 0.171499 0.206103 -0.015166 0.023096 0.105862 0.040087 -0.042415 -0.330978 -0.353352 -0.209507 -0.205189 -0.301881 -0.303292 -0.069256 -0.261720 -0.202213 -0.119803 -0.183657 -0.110656 0.028000 -0.151672 0.194248 -0.058896 0.016355 -0.192678 0.468444 0.315478 0.172839 0.116145 0.231959 0.306520 -0.305809 -0.322016 -0.007191 -0.033755 -0.034063 -0.237217 0.082552 0.082324 0.118794 -0.255224 -0.040023 0.182878 0.180577 -0.029724 0.349117 0.147106 0.234483 0.084634 0.213146 0.058242 -0.056631 -0.113002 0.152498 0.391353 -0.050780 -0.102244 0.277057 -0.081900 0.010001 0.016541 -0.234447 0.060868 -0.296324 -0.303675 -0.202106 -0.400305 -0.310314 -0.383616 -0.366649 -0.392189 -0.143670 -0.107796 -0.177268 -0.041697 -0.230979 -0.450435 -0.111161 -0.332369 -0.269282 -0.072470
0.290414 0.238334 -0.145778 -0.170926 -0.031197 -0.105949 0.072748 0.021005 -0.072867 0.035531 0.246525 0.207498 0.154912 0.247241 0.063066 0.227953 1.000000 0.399220 0.007953 0.190274 -0.121669 -0.210011 -0.348928 -0.304777 -0.306167 -0.253993 -0.058477 -0.064313 0.563587 0.474497 -0.207629 -0.160994 0.356711 0.339626 0.022910 0.056152 0.172119 -0.085270 0.073496 0.023893 0.214715 0.167038 -0.241054 -0.243495 -0.230828 -0.236169 -0.331358 -0.344662 -0.200296 -0.280268 -0.270901 -0.202714 -0.248451 -0.200665 -0.004217 -0.261753 0.441048 0.161322 0.144421 0.054564 0.300933 -0.007327 0.395980 0.367670 -0.022510 0.063608 0.129604 -0.150298 0.277342 0.124019 -0.042118 -0.160203 0.369506 0.046378 0.014087 0.199944 0.093289 0.105199 0.364788 0.151464 0.522506 0.418921 0.262584 0.310942 0.009306 -0.077775 -0.038768 0.057202 -0.115555 -0.012504 -0.474511 -0.369066 -0.226589 -0.139427 -0.026295 -0.065929 -0.357475 -0.106127 -0.309525 -0.192983 -0.266233 -0.137376 -0.080478 -0.071445 -0.102568 -0.067434 -0.073295 -0.090289 0.058903 -0.238687 -0.130689 -0.159378 -0.162543 -0.193188 0.022169 -0.109114
0.093241 0.188793 -0.231898 -0.222424 -0.027314 -0.054094 -0.182901 -0.206218 -0.131396 -0.175433 0.138581 0.145870 0.042584 0.049333 0.046295 0.066997 0.399220 1.000000 -0.076316 -0.002201 -0.006582 0.036283 -0.233410 -0.186163 -0.059753 -0.195376 -0.005522 -0.075240 0.411713 0.557797 -0.078543 -0.114488 0.287618 0.228596 0.024153 -0.004422 0.172770 -0.010683 0.035102 0.150631 0.235628 0.154390 -0.012556 -0.026639 0.008672 -0.053822 -0.136154 -0.207267 -0.141607 -0.153217 -0.216268 -0.120978 -0.236582 -0.122854 0.064013 -0.110665 0.346220 0.281677 0.043280 0.049013 0.083169 -0.089306 0.265376 0.220399 0.043523 0.058800 0.191194 -0.199265 0.185862 -0.024725 -0.030936 -0.025565 0.296699 0.238380 0.131232 0.165456 0.101482 0.101003 0.402683 0.372265 0.287423 0.538212 0.188508 0.163924 0.032767 0.071162 0.006327 0.075021 -0.082224 -0.007625 -0.428035 -0.442682 -0.351789 -0.212604 -0.040258 0.244485 -0.120126 0.077777 -0.191693 -0.234563 -0.277105 -0.093774 -0.008571 -0.044749 -0.149658 -0.068868 -0.119818 -0.189766 0.017735 -0.127625 -0.221145 -0.083045 -0.222849 -0.120793 0.017824 -0.163290
0.135774 0.110624 0.272407 0.407815 0.177380 0.241902 -0.043043 -0.019950 -0.025611 -0.127238 0.246691 0.048922 0.231328 0.027643 0.470831 0.008276 0.007953 -0.076316 1.000000 0.514192 0.210683 0.085326 0.220613 0.130217 -0.004042 0.115806 0.515810 0.110824 0.223913 0.056026 0.190947 0.323090 0.143824 0.176133 0.030915 -0.037079 -0.008777 0.009607 0.241554 0.286756 0.091124 0.039077 -0.225287 -0.283353 -0.311289 -0.419044 -0.179366 -0.217336 -0.309457 -0.330274 -0.275251 -0.272105 -0.185127 -0.041559 0.059695 -0.267258 0.082953 0.129183 -0.365542 -0.346451 -0.234914 -0.375177 -0.040644 -0.077665 -0.020128 -0.451476 -0.322083 -0.258162 0.120488 -0.058523 0.258351 -0.122642 0.232039 0.146342 0.267124 0.226492 0.347787 0.151120 0.062111 0.141801 0.049451 0.184249 0.469328 0.336358 0.262083 0.098759 0.203697 0.198749 0.242010 -0.033373 -0.194198 0.199099 0.041530 0.165349 0.118266 0.039339 -0.061080 0.085649 -0.145071 -0.088780 0.130937 0.120540 0.026149 0.048166 -0.011803 0.036960 -0.109344 -0.078209 0.124384 -0.054728 -0.247655 0.118820 -0.183751 0.170398 -0.015052 -0.111609
0.370468 0.277856 0.311405 0.370690 0.086476 0.130098 0.230603 0.328655 -0.012182 -0.035066 0.254529 0.069595 0.279481 0.250402 0.323194 0.251876 0.190274 -0.002201 0.514192 1.000000 0.293911 0.168664 0.040528 0.033236 -0.106856 0.074658 0.266281 0.075485 0.328629 0.284373 0.110065 0.128521 0.317809 0.375267 0.036824 0.052605 0.166493 0.000971 0.144182 0.330166 0.222387 0.051633 -0.496502 -0.496996 -0.691740 -0.695462 -0.409734 -0.336137 -0.525216 -0.607248 -0.450398 -0.475097 -0.370226 -0.310266 -0.219391 -0.480078 0.520442 0.275428 -0.147207 -0.189995 0.094779 -0.117332 0.154818 0.264208 0.022948 -0.176312 -0.177182 -0.382582 0.427065 0.228173 0.291332 -0.055549 0.312328 0.201032 0.356776 0.282227 0.325283 0.275443 0.391316 0.268803 0.363102 0.416564 0.426329 0.432175 -0.024512 -0.227085 0.050024 0.075819 0.030228 -0.076007 -0.318086 0.085693 0.010563 0.113677 0.172853 0.180908 -0.148281 0.154912 -0.443598 -0.236229 -0.089191 0.101932 0.022014 -0.048499 -0.096685 -0.046554 -0.176408 -0.117779 0.104881 0.051777 -0.097931 -0.164732 -0.086399 -0.046628 -0.040784 -0.191600
-0.092414 -0.162613 0.258580 0.129238 0.072742 0.289514 -0.014086 -0.048472 0.013553 -0.288847 -0.208705 -0.278426 -0.136424 -0.174964 0.174754 -0.065955 -0.121669 -0.006582 0.210683 0.293911 1.000000 0.474824 0.503018 0.359478 0.338703 0.544517 0.337858 0.406995 -0.039677 0.210852 0.339714 0.359798 -0.181551 0.071318 0.209548 0.207919 0.106147 0.304625 0.484039 0.325803 0.249866 0.330678 -0.073933 -0.056240 -0.375308 -0.290330 0.001248 0.076299 -0.342962 -0.312937 -0.060910 -0.202030 -0.128832 -0.056588 0.039622 -0.150813 0.037002 -0.118755 -0.278851 -0.422290 -0.122407 -0.285198 -0.224389 -0.163984 0.106216 -0.025067 -0.233774 -0.107919 -0.017350 -0.089456 0.349114 0.145395 0.182958 0.475511 0.358505 0.447025 0.197187 0.222712 0.118735 0.181919 -0.012218 0.274581 0.153062 0.201139 0.090301 0.082750 0.109740 0.147158 0.120397 -0.050420 -0.164322 0.126484 -0.013707 0.230238 0.097785 0.040527 0.069840 0.030075 -0.203437 -0.183672 -0.056762 0.174815 -0.004295 0.169904 0.152567 0.098029 -0.236880 -0.247012 0.185786 -0.061066 -0.051251 0.064461 0.054356 0.262892 0.037046 -0.047326
-0.202060 -0.310777 0.156058 0.175286 0.145521 0.273774 -0.062566 -0.132274 -0.004901 -0.234057 -0.228679 -0.200157 -0.120744 -0.257770 0.167343 -0.123590 -0.210011 0.036283 0.085326 0.168664 0.474824 1.000000 0.557549 0.535098 0.506301 0.600656 0.191219 0.470966 -0.211959 0.080312 0.335325 0.446651 -0.120822 0.241657 0.066700 0.136679 0.193072 0.373595 0.471972 0.475550 0.157683 0.243370 -0.010339 0.000747 -0.276342 -0.155014 -0.014613 -0.010586 -0.311807 -0.254607 -0.060037 -0.207012 -0.133158 -0.106819 0.131194 -0.095551 -0.010545 0.048878 -0.378982 -0.504928 -0.043516 -0.253039 -0.291484 -0.226201 0.249173 0.090183 -0.409303 -0.147072 -0.174048 -0.123621 0.232921 0.303631 -0.074259 0.350357 0.262625 0.131155 0.168626 0.375381 0.197556 0.175143 -0.155603 0.204383 -0.003056 0.080322 0.102548 0.197450 0.247959 0.221144 0.387683 -0.061085 -0.270368 -0.167903 -0.037770 0.111570 0.161209 0.060730 0.078411 0.070574 -0.271753 -0.281199 -0.210440 0.280795 -0.233588 0.022074 -0.044494 0.153850 -0.101619 0.000287 0.177703 0.074650 -0.065804 -0.143733 -0.144887 -0.088715 0.049571 -0.307319
-0.468072 -0.598553 0.475507 0.340537 0.225498 0.415184 0.011829 -0.103725 0.130765 -0.238312 -0.316322 -0.369585 -0.154330 -0.418851 0.266449 -0.302010 -0.348928 -0.233410 0.220613 0.040528 0.503018 0.557549 1.000000 0.719366 0.655451 0.823593 0.475347 0.617384 -0.337354 -0.271903 0.478000 0.684283 -0.463393 0.019465 0.252882 0.253033 -0.013627 0.247069 0.433870 0.252583 -0.003024 0.213536 -0.052007 -0.022956 -0.273080 -0.022872 -0.095117 -0.028304 -0.380324 -0.271329 -0.049528 -0.250726 -0.175686 -0.153752 -0.015671 -0.185356 -0.387573 -0.197802 -0.508958 -0.555721 -0.232728 -0.467624 -0.443299 -0.496118 0.334610 0.016182 -0.389894 0.200514 -0.224946 -0.071487 0.277224 0.316119 -0.229954 0.196636 0.156011 0.295120 0.131595 0.169888 -0.071006 0.003843 -0.339794 0.027091 -0.069394 -0.089761 0.248400 0.239028 0.247596 0.200341 0.566758 -0.025615 -0.006887 0.270351 0.228942 0.510104 0.001667 -0.125429 0.094259 0.077581 -0.150076 -0.204023 -0.069430 0.434120 -0.028445 0.313461 0.213778 0.343783 -0.160914 0.041881 0.176804 -0.014950 0.020651 0.167648 0.004039 0.253941 0.246520 -0.044880
-0.431326 -0.571019 0.125954 0.442891 0.105070 0.411984 -0.007631 -0.011166 0.185211 -0.018956 -0.065159 -0.123973 0.007433 -0.160296 0.350321 -0.074149 -0.304777 -0.186163 0.130217 0.033236 0.359478 0.535098 0.719366 1.000000 0.618503 0.750499 0.373837 0.511628 -0.379700 -0.247255 0.409775 0.706803 -0.462386 0.043864 0.168473 0.276523 -0.039509 0.335837 0.394301 0.302535 -0.056293 0.101931 -0.093594 -0.079785 -0.294130 -0.031083 -0.105304 -0.077272 -0.367232 -0.222825 -0.157576 -0.323314 -0.126277 -0.109350 -0.076460 -0.141714 -0.306425 -0.162267 -0.553386 -0.641623 -0.229220 -0.386458 -0.494100 -0.480412 0.411209 0.156075 -0.600111 0.027354 -0.211999 -0.101363 0.209549 0.318505 -0.370627 0.082743 0.077126 0.166461 0.010343 0.141229 -0.059163 -0.141019 -0.299531 0.036879 -0.005881 -0.054894 0.322335 0.273566 0.315068 0.356970 0.631551 0.095673 0.056606 0.164468 0.326693 0.375366 0.032196 -0.112349 -0.004722 0.100439 -0.240804 -0.199487 -0.090404 0.307470 -0.130283 0.237945 0.133730 0.403879 -0.101001 0.026253 0.095488 0.022558 0.004222 0.009469 0.025853 0.194226 0.304236 -0.075173
-0.419778 -0.401737 0.092804 0.190539 -0.156319 0.193989 -0.411566 -0.366438 -0.221777 -0.472576 -0.402864 -0.398990 -0.364403 -0.556976 -0.013048 -0.438594 -0.306167 -0.059753 -0.004042 -0.106856 0.338703 0.506301 0.655451 0.618503 1.000000 0.765291 0.329568 0.456587 -0.367150 -0.253225 0.601948 0.716747 -0.350746 0.047426 0.010393 0.024207 0.000930 0.307692 0.479839 0.212266 0.029292 0.180405 0.175917 0.179057 -0.102681 0.006365 0.157817 0.191655 -0.261312 -0.097346 -0.020001 -0.154006 -0.001550 0.030254 0.160464 0.071731 -0.169134 0.119609 -0.473481 -0.445624 -0.535653 -0.394383 -0.566730 -0.527104 0.130065 -0.137236 -0.316710 0.006236 -0.146288 -0.129770 0.345742 0.404640 -0.326608 0.084175 0.007006 0.214751 0.082575 0.216414 0.020019 0.051477 -0.398163 0.032026 -0.106327 -0.041446 0.065393 0.144652 0.204933 0.320079 0.318317 -0.103643 -0.011343 0.044465 -0.010411 0.225911 -0.034355 -0.141441 0.299777 0.042156 0.044402 -0.004122 -0.029933 0.337432 -0.017823 0.291440 0.271072 0.454961 0.072892 0.214438 0.168657 0.071293 0.194048 0.227545 0.014346 0.290640 0.358835 -0.010212
-0.446723 -0.553258 0.379916 0.300797 0.079431 0.282129 -0.055964 -0.098410 -0.009321 -0.308205 -0.353879 -0.396674 -0.201261 -0.391592 0.161610 -0.266447 -0.253993 -0.195376 0.115806 0.074658 0.544517 0.600656 0.823593 0.750499 0.765291 1.000000 0.471854 0.602033 -0.303971 -0.234214 0.624214 0.800491 -0.371417 0.180540 0.191536 0.267661 -0.072013 0.265659 0.524984 0.290830 0.013488 0.222457 -0.045629 -0.038219 -0.320016 -0.081978 -0.088240 0.008252 -0.436213 -0.317056 -0.117896 -0.335150 -0.186207 -0.175227 0.017371 -0.159870 -0.264865 -0.079848 -0.520059 -0.594462 -0.302916 -0.406540 -0.564041 -0.497879 0.246382 0.024812 -0.430605 0.159746 -0.193059 0.021007 0.254300 0.428702 -0.236742 0.105317 0.103735 0.290889 0.029870 0.187095 -0.004163 -0.057195 -0.312370 0.099534 -0.061745 -0.021421 0.180061 0.101068 0.165757 0.123800 0.461869 -0.108131 -0.047472 0.177150 0.216232 0.424979 -0.006744 -0.156352 0.120971 -0.000025 -0.188693 -0.226265 -0.051844 0.398603 -0.094156 0.308483 0.268306 0.437945 -0.023589 0.082831 0.173293 0.020342 0.159377 0.177956 0.055311 0.294957 0.350294 -0.060184
-0.208344 -0.318241 0.310514 0.285521 0.491553 0.590801 0.004695 -0.094490 0.283891 -0.085892 0.047303 -0.184369 0.164385 -0.186195 0.497175 0.093539 -0.058477 -0.005522 0.515810 0.266281 0.337858 0.191219 0.475347 0.373837 0.329568 0.471854 1.000000 0.551358 0.054357 -0.111601 0.333453 0.502972 -0.211545 0.129394 0.265551 0.249183 0.108513 0.056493 0.330423 0.258754 0.035153 0.083266 -0.321455 -0.382200 -0.418535 -0.280886 -0.363867 -0.285928 -0.495305 -0.507371 -0.355109 -0.453253 -0.343564 -0.242993 0.046013 -0.404741 -0.034576 0.078470 -0.587486 -0.524681 -0.226411 -0.406142 -0.245334 -0.348598 0.254358 -0.112366 -0.431077 0.016130 0.062761 0.098171 0.153049 0.017270 -0.082057 0.095079 0.124826 0.230845 0.172137 0.195512 0.173148 0.044464 -0.051634 0.286642 0.458219 0.150932 0.478029 0.171199 0.302665 0.082538 0.523489 -0.002615 -0.025699 0.380976 0.286507 0.527752 0.009346 0.032060 -0.057173 0.074256 -0.341304 -0.313491 -0.043852 0.228958 -0.086976 0.219076 0.190238 0.252029 -0.058033 -0.007292 0.008499 -0.059045 -0.052890 0.082264 -0.132887 0.306929 0.294634 -0.062659
-0.233037 -0.387865 0.123425 0.044270 0.389607 0.425305 -0.016917 -0.188201 0.298828 -0.126207 -0.078643 -0.126374 -0.051311 -0.207952 0.333270 -0.065162 -0.064313 -0.075240 0.110824 0.075485 0.406995 0.470966 0.617384 0.511628 0.456587 0.602033 0.551358 1.000000 -0.237187 -0.187600 0.188828 0.412969 -0.319072 0.046031 0.261911 0.283410 0.102170 0.159363 0.326996 0.273044 0.010751 0.270051 -0.204373 -0.218929 -0.362619 -0.161199 -0.243163 -0.172902 -0.392437 -0.365460 -0.155260 -0.308507 -0.189830 -0.118426 0.245283 -0.233964 -0.068030 -0.023478 -0.393590 -0.469137 -0.087329 -0.251376 -0.352819 -0.280694 0.343885 0.141553 -0.351064 0.080505 -0.001408 0.132150 0.150521 0.125894 -0.356532 0.218422 -0.039580 0.145619 -0.029507 0.040150 0.098778 -0.082994 -0.304552 0.077223 0.042012 -0.082526 0.328217 0.224499 0.341639 0.158595 0.536757 0.025352 -0.018900 0.175849 0.190127 0.425967 -0.075090 -0.096836 0.012842 -0.025804 -0.213012 -0.208163 -0.182265 0.203797 -0.285029 0.188239 0.211429 0.346529 0.007441 0.111235 0.042807 -0.175211 0.088062 0.041817 -0.121963 0.066038 0.358642 -0.137157
0.260955 0.199700 0.109367 0.029734 0.042097 -0.131216 0.170579 0.242430 -0.133587 0.070507 0.281897 0.154863 0.346447 0.307618 0.200772 0.267482 0.563587 0.411713 0.223913 0.328629 -0.039677 -0.211959 -0.337354 -0.379700 -0.367150 -0.303971 0.054357 -0.237187 1.000000 0.524322 0.027150 -0.073174 0.445560 0.476313 0.057266 0.090982 0.199674 -0.243391 0.023305 0.032198 0.328169 0.098840 -0.389927 -0.324341 -0.254261 -0.268598 -0.450418 -0.468967 -0.300235 -0.379612 -0.474402 -0.354170 -0.507600 -0.336111 -0.109480 -0.467518 0.457296 0.173515 -0.025295 -0.000828 0.182716 -0.119852 0.524044 0.298609 -0.011645 -0.074756 0.045437 -0.263317 0.221518 0.041161 0.020729 -0.124522 0.628342 -0.027152 0.261160 0.160382 0.215660 0.118315 0.513816 0.243972 0.687471 0.556108 0.496311 0.543072 0.125542 -0.162641 -0.029856 -0.030663 -0.043599 -0.104218 -0.459576 -0.236503 -0.083435 -0.077185 0.011995 0.026919 -0.221719 -0.033953 -0.329634 -0.254108 -0.180621 -0.095666 0.111453 0.018155 -0.178814 -0.105935 -0.076476 -0.111959 0.104310 -0.078319 -0.059183 -0.069113 -0.075962 -0.052058 -0.008057 -0.319323
0.257622 0.271801 -0.103155 -0.199127 -0.123450 -0.013690 -0.004626 -0.069269 -0.165388 -0.177569 0.146754 0.136155 0.038463 0.207577 0.047190 0.173491 0.474497 0.557797 0.056026 0.284373 0.210852 0.080312 -0.271903 -0.247255 -0.253225 -0.234214 -0.111601 -0.187600 0.524322 1.000000 -0.125533 -0.133019 0.398264 0.206646 -0.045705 -0.098718 0.357982 0.105675 -0.001237 0.123405 0.384020 0.274661 -0.081836 -0.022649 -0.175383 -0.321405 -0.077466 -0.157750 -0.121800 -0.243817 -0.120794 -0.079449 -0.197311 -0.142642 -0.033685 -0.185040 0.415489 0.155171 0.160865 0.020249 0.164098 -0.031444 0.316702 0.352111 -0.174288 -0.083322 0.259734 -0.320870 0.299331 -0.136992 0.139284 -0.012980 0.565921 0.407867 0.317108 0.160066 0.276008 0.358745 0.353638 0.362984 0.497600 0.597472 0.262344 0.412744 -0.077201 0.107905 -0.076065 0.028918 -0.197739 -0.046850 -0.558614 -0.378984 -0.488424 -0.273665 0.077590 0.066976 -0.243186 -0.196547 -0.250372 -0.125158 -0.321058 -0.047618 -0.013356 -0.106544 -0.183735 -0.212012 -0.280073 -0.355707 0.008882 -0.198662 -0.297255 -0.220529 -0.125859 -0.182631 -0.121542 -0.292449
-0.309423 -0.317364 0.431470 0.376338 -0.118116 0.064449 -0.186665 -0.068670 -0.307132 -0.306621 -0.241722 -0.403553 -0.164651 -0.408651 0.068979 -0.252291 -0.207629 -0.078543 0.190947 0.110065 0.339714 0.335325 0.478000 0.409775 0.601948 0.624214 0.333453 0.188828 0.027150 -0.125533 1.000000 0.780299 -0.108523 0.348813 0.186234 0.092000 0.088839 0.130046 0.491746 0.043904 0.079979 0.173187 -0.124356 -0.090633 -0.252578 -0.156953 -0.122236 0.008856 -0.425184 -0.290983 -0.302669 -0.361276 -0.323875 -0.180066 -0.061726 -0.242929 -0.081511 0.113067 -0.606069 -0.432100 -0.480530 -0.531829 -0.304020 -0.344205 0.087382 -0.297319 -0.315450 0.045866 -0.059930 0.038735 0.300682 0.537298 0.069922 -0.072378 0.272169 0.286629 0.162181 0.162753 0.145002 -0.042753 -0.103707 0.202569 0.163201 0.230754 0.177095 0.082063 0.185981 0.234029 0.286406 -0.126895 -0.116487 0.091404 0.146066 0.295499 -0.136786 -0.144046 0.068232 -0.075890 -0.067615 -0.050497 0.125115 0.329935 0.084123 0.302510 0.207395 0.361236 0.037942 0.154392 0.200942 0.007590 0.319986 0.397072 0.158322 0.402028 0.327600 -0.132685
-0.508403 -0.513730 0.356806 0.475498 0.034954 0.275438 -0.246654 -0.151615 -0.220939 -0.349954 -0.161932 -0.371386 -0.134548 -0.387555 0.209663 -0.312600 -0.160994 -0.114488 0.323090 0.128521 0.359798 0.446651 0.684283 0.706803 0.716747 0.800491 0.502972 0.412969 -0.073174 -0.133019 0.780299 1.000000 -0.189611 0.354068 0.150162 0.215573 0.001717 0.153505 0.495344 0.228695 0.092665 0.174415 -0.147552 -0.091951 -0.336922 -0.133806 -0.218115 -0.123139 -0.543278 -0.375762 -0.382953 -0.490071 -0.382162 -0.290918 -0.093758 -0.312344 -0.177415 0.085549 -0.688377 -0.611632 -0.474976 -0.598136 -0.416286 -0.441329 0.213922 -0.209881 -0.450700 0.047660 -0.061915 0.004969 0.366504 0.509605 -0.090115 0.015030 0.203006 0.329676 0.212360 0.244366 0.081586 -0.042768 -0.152227 0.226997 0.124603 0.231082 0.287710 0.132421 0.214208 0.302479 0.492676 -0.161569 -0.171875 0.119934 0.169922 0.374876 -0.081667 -0.161861 -0.037201 0.003409 -0.226172 -0.204995 -0.024964 0.355923 0.027582 0.347640 0.242689 0.513216 0.096312 0.183791 0.217963 -0.010831 0.231460 0.345454 0.032804 0.395587 0.475974 -0.255919
0.310378 0.450080 -0.046805 -0.006744 -0.072740 -0.173619 -0.034921 0.121808 -0.268412 0.047994 0.240544 0.187130 0.116535 0.233010 -0.055173 0.089818 0.356711 0.287618 0.143824 0.317809 -0.181551 -0.120822 -0.463393 -0.462386 -0.350746 -0.371417 -0.211545 -0.319072 0.445560 0.398264 -0.108523 -0.189611 1.000000 0.513809 -0.171063 -0.152939 0.168646 -0.159141 -0.102352 0.065320 0.297743 0.048394 -0.223979 -0.169550 -0.129342 -0.361407 -0.190464 -0.199603 -0.041788 -0.194668 -0.177898 -0.121997 -0.164344 -0.156889 -0.172234 -0.089509 0.472140 0.332613 0.198252 0.212720 0.150530 0.208129 0.411569 0.501516 -0.287483 -0.189798 0.245339 -0.296587 0.244264 -0.026970 0.052805 -0.107102 0.332714 -0.091884 0.125973 0.102804 0.221173 0.183001 0.242027 0.292286 0.355161 0.277666 0.208482 0.404520 -0.221675 -0.265745 -0.198493 -0.121259 -0.365851 -0.250252 -0.369075 -0.389838 -0.357641 -0.377849 0.098278 0.191137 -0.115384 -0.042623 -0.169690 -0.101533 -0.168650 -0.177043 -0.063105 -0.257325 -0.340084 -0.217838 0.216773 0.049240 0.040575 -0.014468 -0.022407 -0.165511 -0.181812 -0.189046 -0.101089 -0.121073
-0.018979 -0.040002 0.281630 0.314402 0.085286 -0.012229 0.092609 0.185763 -0.155232 -0.068380 0.157381 0.007918 0.162388 0.066296 0.066889 0.016733 0.339626 0.228596 0.176133 0.375267 0.071318 0.241657 0.019465 0.043864 0.047426 0.180540 0.129394 0.046031 0.476313 0.206646 0.348813 0.354068 0.513809 1.000000 0.116175 0.288388 0.103685 -0.161393 0.240803 0.260293 0.322487 0.103292 -0.386872 -0.369738 -0.390937 -0.302417 -0.525013 -0.452724 -0.558266 -0.568949 -0.594318 -0.602726 -0.585701 -0.548578 -0.207205 -0.492093 0.377037 0.216548 -0.275694 -0.203378 0.115464 -0.244356 0.309240 0.242205 0.214262 0.045076 -0.151494 -0.107333 0.079146 0.057239 0.184539 0.209945 0.318560 -0.106608 0.311675 0.304559 0.272889 0.183733 0.449322 0.214335 0.361760 0.449560 0.299948 0.381024 0.169565 -0.165571 0.132327 0.071227 0.142614 -0.170700 -0.584603 -0.335331 -0.089558 -0.006384 0.109824 0.047948 -0.237901 0.089334 -0.498430 -0.399720 -0.279664 -0.002132 -0.034915 -0.019571 -0.180817 0.085494 0.072806 0.037506 0.193881 0.011661 0.177174 -0.025152 -0.195037 -0.006745 0.117313 -0.351551
-0.262404 -0.291017 0.192237 0.130366 0.344015 0.159173 0.182525 0.033845 0.214216 0.227022 -0.085283 -0.127475 0.046596 -0.037497 0.361287 0.173035 0.022910 0.024153 0.030915 0.036824 0.209548 0.066700 0.252882 0.168473 0.010393 0.191536 0.265551 0.261911 0.057266 -0.045705 0.186234 0.150162 -0.171063 0.116175 1.000000 0.693738 0.072052 -0.062459 0.187962 -0.061464 0.001657 0.135161 -0.327111 -0.336760 -0.272180 0.052425 -0.375176 -0.404403 -0.517051 -0.372569 -0.427613 -0.447195 -0.467690 -0.336112 -0.088085 -0.434903 -0.113130 -0.109925 -0.482790 -0.317512 0.059540 -0.228147 0.085116 -0.119767 0.545406 0.272707 -0.177245 0.261055 0.142948 0.275186 0.231061 0.113120 0.031285 0.039971 0.256014 0.163276 0.071531 0.001415 0.144398 -0.012444 0.178227 0.254328 0.236706 0.037547 0.541435 0.336209 0.220546 -0.073166 0.401690 0.245759 -0.028839 0.173268 0.385667 0.429590 -0.237017 0.026664 -0.380661 -0.206230 -0.380268 -0.161923 0.071304 0.183849 0.110754 0.251809 0.250987 0.244670 -0.212213 -0.201804 0.075394 -0.377373 0.137373 0.237684 0.183661 0.083972 0.157318 0.086979
-0.290043 -0.390696 0.110889 0.189926 0.414232 0.194508 0.212162 0.093990 0.323862 0.239039 0.004830 -0.146669 0.212529 0.032260 0.346867 0.171499 0.056152 -0.004422 -0.037079 0.052605 0.207919 0.136679 0.253033 0.276523 0.024207 0.267661 0.249183 0.283410 0.090982 -0.098718 0.092000 0.215573 -0.152939 0.288388 0.693738 1.000000 -0.029339 -0.092323 0.161625 0.145114 0.106569 0.088315 -0.378500 -0.374095 -0.288416 0.108061 -0.464747 -0.485479 -0.569214 -0.386816 -0.512404 -0.546162 -0.487498 -0.412311 -0.161674 -0.499852 -0.064846 -0.156659 -0.389994 -0.386089 0.213458 -0.158474 0.136176 -0.042007 0.653473 0.506839 -0.273538 0.245289 0.014260 0.254054 0.125360 0.099541 0.000660 0.015585 0.121007 0.138661 0.046843 0.026844 0.289442 -0.038719 0.262402 0.318167 0.245443 0.010958 0.564531 0.162269 0.275339 -0.106698 0.479369 0.205066 -0.072458 0.139061 0.358302 0.361619 -0.106834 0.098598 -0.378594 0.009306 -0.455687 -0.226683 -0.060700 0.085003 0.089333 0.081436 0.076320 0.186925 -0.193586 -0.200915 0.166923 -0.107705 0.178604 0.095658 0.128558 0.080211 0.259756 -0.060457
