1.000000 0.350863 0.287595 -0.277386 -0.006182 -0.159614 0.175538 -0.106917 -0.050763 -0.085139 0.465998 -0.028894 0.386884 0.185852 0.126674 -0.030565 0.327057 0.296332 0.411707 0.205918 -0.168139 -0.155140 -0.356566 -0.428095 -0.092963 -0.301060 0.054353 -0.375232 0.197858 0.036754 -0.040566 -0.382919 0.203025 0.051388 -0.043021 -0.149521 -0.029737 -0.192504 -0.120637 -0.351116 0.053109 0.075146 -0.102389 -0.014803 -0.110867 -0.084015 -0.035981 -0.197404 -0.026378 -0.114053 -0.200969 -0.107375 -0.034793 -0.183815 -0.064339 -0.137531 0.523397 0.229023 0.154629 -0.013591 0.335750 0.158947 0.403941 0.165984 0.165986 -0.025081 0.314939 -0.089687 0.182434 0.118120 0.089161 -0.012484 0.176498 0.066951 0.022437 0.018445 0.187504 0.213517 -0.022487 0.175324 0.111851 0.176385 0.157522 0.040963 0.127418 -0.335094 0.117910 0.033737 -0.142537 -0.136658 -0.243134 0.140748 -0.290028 -0.153637 -0.117147 -0.034380 -0.141824 -0.089265 -0.044660 0.077109 -0.169224 0.105598 0.004137 -0.059576 -0.133437 -0.127452 0.118680 -0.002946 0.046114 -0.088609 0.021710 -0.183710 -0.124145 0.132849 0.098996 0.083100
0.350863 1.000000 -0.165559 -0.225312 -0.389348 -0.410695 -0.117684 -0.317858 -0.488242 -0.438484 0.340898 0.090215 0.223540 -0.134433 0.044380 -0.173377 0.441953 0.112123 0.338512 0.515982 0.135031 0.034375 -0.109581 -0.066577 -0.128479 -0.101274 0.084758 -0.090165 0.435194 -0.083087 0.004495 -0.054764 0.312230 0.215075 -0.075202 -0.165055 0.057349 -0.017073 -0.115260 -0.323318 0.139038 0.190739 -0.022105 -0.016941 0.108448 -0.095835 -0.102678 -0.207969 -0.304034 -0.016489 0.041267 -0.085476 -0.255879 -0.232296 -0.184451 -0.329138 0.262906 0.613741 -0.340037 -0.047259 -0.139017 0.054542 0.273684 0.553314 -0.105228 -0.343302 -0.019123 -0.291109 0.351953 0.257050 0.069980 0.093108 0.426276 -0.022581 0.258185 -0.082870 0.143606 0.167891 0.276755 0.020841 0.413633 0.399916 0.045724 0.207599 0.242626 -0.093020 -0.057167 -0.123341 -0.411593 -0.471787 -0.352167 -0.140921 -0.385763 -0.358605 -0.056230 -0.031371 -0.095441 -0.107733 -0.029158 -0.020893 -0.205097 -0.017522 -0.130385 -0.026968 -0.162718 -0.129664 0.104704 -0.051493 0.020166 0.064187 -0.138834 -0.100695 -0.021492 0.147637 -0.197092 0.027329
0.287595 -0.165559 1.000000 0.066658 0.622867 0.226559 0.752090 0.515140 0.492500 0.466256 -0.141447 -0.198460 -0.181111 0.157119 -0.339508 0.147707 -0.226340 -0.032230 0.204991 -0.220403 0.056523 -0.070061 -0.275846 -0.471232 -0.182222 -0.380325 0.123826 -0.286108 -0.089032 -0.026247 0.009890 -0.221794 0.101452 0.257668 -0.125770 -0.189753 -0.320727 -0.257175 -0.395938 -0.236264 -0.207900 -0.105357 -0.025257 -0.115550 -0.153780 -0.016958 -0.104077 0.009474 0.211608 -0.074031 -0.166126 -0.232961 0.139125 -0.117793 -0.278611 -0.188107 -0.154553 -0.185401 0.544590 0.196346 0.642097 0.362865 0.092651 -0.160355 0.426481 0.318086 0.278496 0.106709 -0.076155 0.043800 0.148517 0.083322 -0.018412 -0.110034 -0.265084 -0.034141 -0.097386 -0.021740 -0.135627 -0.227755 -0.328786 -0.183815 -0.277028 -0.208886 -0.424070 -0.511293 -0.328109 -0.419266 -0.171817 -0.087712 0.124302 0.134465 -0.063832 0.232783 -0.202199 -0.285923 -0.268898 -0.223307 -0.161588 -0.311129 0.140340 0.397715 0.057105 -0.059445 -0.170234 -0.296884 0.243102 -0.149182 -0.123957 -0.221760 -0.036340 -0.265457 -0.314732 -0.206990 -0.229913 -0.156181
-0.277386 -0.225312 0.066658 1.000000 0.212778 0.480409 -0.033642 0.543975 0.179765 0.370852 -0.323239 0.027084 -0.237409 -0.033558 -0.196367 0.400996 -0.210006 -0.285287 0.023603 -0.012974 0.291790 0.162037 0.276904 0.451342 0.028755 0.313201 0.211416 0.497217 -0.399577 -0.094384 0.341873 0.428584 -0.141623 0.046970 -0.084370 0.292135 -0.187636 -0.079040 -0.182721 0.126966 -0.208373 -0.046219 -0.006010 -0.134047 -0.084745 0.054604 -0.168656 -0.070538 -0.129506 -0.082774 0.112787 -0.065570 -0.152878 -0.002687 -0.080670 0.118985 -0.233733 -0.268106 -0.035079 -0.145988 -0.180694 -0.108006 -0.418390 -0.394353 0.153945 0.401436 -0.304640 -0.052533 0.047285 -0.000179 0.109839 0.058172 -0.188008 -0.103292 -0.093838 0.035963 -0.224797 -0.073773 -0.070125 -0.193409 -0.213966 -0.468881 -0.289678 -0.204054 -0.276242 0.112313 -0.190212 -0.037051 0.154552 0.032610 0.154686 -0.228533 0.358852 0.069920 -0.179101 0.008632 -0.000194 -0.146271 -0.062466 -0.128674 0.196634 -0.230457 -0.055082 -0.169268 -0.194595 -0.086653 -0.001474 -0.111814 -0.154121 -0.190848 -0.144897 -0.125515 -0.169711 -0.099526 0.026236 -0.125727
-0.006182 -0.389348 0.622867 0.212778 1.000000 0.585718 0.478358 0.576703 0.712402 0.664591 -0.356308 -0.121147 -0.325281 0.145489 -0.282577 0.334372 -0.333297 -0.178711 0.039088 -0.359391 0.042563 -0.043074 -0.233721 -0.341004 0.063427 -0.172790 0.342077 -0.062068 -0.216101 -0.058304 0.049241 -0.080125 0.041842 0.160035 -0.214814 -0.102239 -0.299592 -0.226558 -0.265528 -0.056758 -0.179005 -0.093044 0.052127 -0.040011 -0.115047 0.070378 0.070138 0.167887 0.167327 0.010723 -0.141265 -0.187253 0.302569 0.032497 -0.296999 0.002815 -0.254570 -0.356881 0.487388 0.161206 0.492246 0.432452 -0.105236 -0.194082 0.358572 0.418865 -0.005453 0.058365 -0.216236 -0.057679 0.080607 0.010885 -0.200851 -0.306795 -0.293520 -0.059704 -0.174815 -0.290316 -0.285666 -0.276729 -0.496143 -0.454924 -0.325416 -0.175181 -0.542971 -0.398726 -0.252289 -0.302462 -0.050657 0.174151 0.445695 0.100945 0.319597 0.327831 -0.216824 -0.152295 -0.223542 -0.129727 -0.036876 -0.207024 0.344735 0.252834 0.187807 -0.076003 -0.078116 -0.301768 -0.077419 -0.293906 -0.132344 -0.260605 -0.039368 -0.033259 -0.124252 -0.179274 -0.099704 -0.225903
-0.159614 -0.410695 0.226559 0.480409 0.585718 1.000000 0.028470 0.466911 0.471079 0.608751 -0.345341 -0.208633 -0.309853 -0.058724 -0.042723 0.535996 -0.171884 -0.256823 -0.142949 -0.322415 0.134908 0.183359 0.075325 0.047113 0.200608 0.270583 0.271491 0.231258 -0.403318 -0.136393 0.180722 0.143016 -0.065074 0.030135 -0.140431 0.160077 -0.066509 -0.162454 -0.246102 -0.015339 -0.187735 -0.028235 0.116480 0.026679 -0.144844 0.159725 -0.027456 0.146922 0.234188 0.035160 0.197003 -0.117989 0.183104 0.003936 -0.158122 -0.110641 -0.155160 -0.338658 0.308282 0.044383 0.238194 0.150306 -0.171322 -0.281902 0.180094 0.459455 -0.098332 0.194104 -0.124303 -0.092117 0.011683 -0.070954 -0.182703 -0.343758 -0.212582 -0.011449 -0.189147 -0.240359 -0.155011 -0.198506 -0.198354 -0.374147 -0.270205 -0.177273 -0.263320 -0.167653 -0.226992 -0.248007 0.077001 0.035171 0.450840 0.010932 0.416393 0.324329 -0.278633 -0.139121 -0.237745 -0.293113 -0.144323 -0.269659 0.327843 0.032868 0.025059 -0.062758 -0.067955 -0.190551 -0.059468 -0.258361 -0.273624 -0.365081 -0.044601 -0.131668 -0.175441 -0.244311 -0.105091 -0.333244
0.175538 -0.117684 0.752090 -0.033642 0.478358 0.028470 1.000000 0.442652 0.469044 0.370628 -0.050829 0.138172 -0.126763 0.377692 -0.405080 0.137830 -0.274870 0.175608 0.174975 -0.145536 0.048704 -0.282044 -0.357087 -0.438929 -0.395696 -0.578097 0.013954 -0.338026 0.152283 0.126126 0.004307 -0.208215 0.135806 0.214841 -0.220311 -0.200924 -0.143059 -0.190914 -0.180724 -0.149042 -0.108465 -0.184495 -0.298397 -0.314349 -0.220802 -0.153539 -0.171108 -0.156239 0.009132 -0.093922 -0.385102 -0.311856 0.162559 -0.139116 -0.197370 -0.078962 -0.305324 -0.213690 0.323055 0.117417 0.557859 0.365470 0.132522 -0.196824 0.446094 0.286482 0.101499 -0.124823 -0.310846 -0.026703 0.170883 0.022213 -0.031062 0.077939 -0.159917 0.073770 -0.101591 0.006856 -0.075951 -0.148302 -0.349847 -0.031632 -0.105442 -0.033587 -0.366015 -0.287900 -0.169988 -0.223875 -0.080634 0.109394 0.040327 0.111193 -0.037230 0.122880 -0.026384 -0.134615 -0.168917 -0.069691 -0.184751 -0.262136 0.132294 0.424552 -0.050750 -0.191710 -0.105091 -0.160165 -0.027407 -0.042735 0.017456 -0.082462 -0.265718 -0.179314 -0.228775 -0.119781 0.053006 0.102688
-0.106917 -0.317858 0.515140 0.543975 0.576703 0.466911 0.442652 1.000000 0.650669 0.765433 -0.292683 0.118474 -0.200667 0.297593 -0.306559 0.437099 -0.314322 -0.132725 0.036298 -0.309897 0.091100 -0.162365 -0.301748 -0.229618 -0.298400 -0.238286 0.011061 -0.087991 -0.189447 0.147724 0.202786 0.122421 0.060067 0.331617 -0.217878 0.103876 -0.315407 -0.122968 -0.292873 0.038935 -0.228142 -0.092870 -0.086904 -0.123116 -0.220471 0.179914 -0.174973 -0.024307 0.072815 0.022496 -0.162926 -0.240616 0.105065 -0.154205 -0.160994 -0.072631 -0.282569 -0.427024 0.381363 0.228814 0.411317 0.445835 -0.196602 -0.498137 0.395751 0.673407 -0.084414 0.145857 -0.070499 0.020066 0.001223 -0.005105 -0.096616 -0.079469 -0.305328 -0.141521 -0.185936 -0.190457 -0.061126 -0.166236 -0.342089 -0.352792 -0.327979 -0.191203 -0.482460 -0.285256 -0.236701 -0.313178 0.011426 0.020176 0.283137 -0.162768 0.321291 0.125256 -0.200954 -0.141364 -0.134246 -0.215267 -0.191116 -0.428351 0.437403 0.092688 0.008897 -0.255758 -0.351616 -0.359534 -0.035238 -0.368231 -0.175156 -0.240107 -0.187529 -0.191472 -0.293196 -0.235757 -0.065138 -0.131442
-0.050763 -0.488242 0.492500 0.179765 0.712402 0.471079 0.469044 0.650669 1.000000 0.806403 -0.237714 0.026531 -0.216490 0.300412 -0.152669 0.441440 -0.321152 0.008491 -0.028787 -0.501103 -0.151926 -0.137805 -0.353146 -0.458927 -0.112523 -0.327914 -0.067511 -0.267518 -0.191094 0.164949 -0.043006 -0.139898 0.018966 0.187514 -0.064402 0.150192 -0.240067 -0.151874 -0.067808 -0.029492 -0.208795 -0.076693 -0.087443 -0.032464 -0.194612 0.204306 0.092126 0.156745 0.095557 0.062575 -0.170885 -0.194553 0.323913 0.095995 -0.076832 0.118690 -0.184745 -0.491987 0.518852 0.138321 0.554218 0.431626 0.048837 -0.373649 0.477422 0.582708 -0.001823 0.156343 -0.253460 -0.176799 -0.032850 -0.044790 -0.285662 -0.035588 -0.248691 -0.041662 -0.119772 -0.134676 -0.213010 -0.137943 -0.473456 -0.418343 -0.212714 -0.201517 -0.420735 -0.212471 -0.110779 -0.226667 0.153090 0.191928 0.404407 0.024774 0.428253 0.308038 -0.104872 -0.132998 -0.108248 -0.101798 -0.012403 -0.344122 0.384349 0.247139 0.055936 -0.250515 -0.119076 -0.271412 -0.117648 -0.269456 -0.214392 -0.180982 -0.055090 -0.014024 -0.254305 -0.240400 0.045291 -0.184180
-0.085139 -0.438484 0.466256 0.370852 0.664591 0.608751 0.370628 0.765433 0.806403 1.000000 -0.339730 -0.021782 -0.294282 0.173765 -0.234050 0.555649 -0.241299 -0.055446 -0.027649 -0.504036 -0.029368 -0.114129 -0.341977 -0.378691 -0.182502 -0.229784 -0.020407 -0.143657 -0.176308 0.137455 0.015013 -0.086104 -0.078071 0.209365 -0.129767 0.221766 -0.243996 -0.088217 -0.089716 -0.021861 -0.175489 -0.107456 -0.048713 -0.035616 -0.187609 0.192657 0.043447 0.068502 0.109006 0.043576 -0.098975 -0.189495 0.169906 0.009910 -0.119903 0.054242 -0.246837 -0.452735 0.433160 0.177568 0.470528 0.467174 -0.165157 -0.445708 0.414114 0.683621 -0.142780 0.139522 -0.229118 -0.170803 -0.033259 -0.153328 -0.169981 -0.175895 -0.276883 -0.186806 -0.141998 -0.274911 -0.161471 -0.126312 -0.339298 -0.448440 -0.312333 -0.259102 -0.415932 -0.253894 -0.281534 -0.333096 0.091088 0.076429 0.399276 -0.028420 0.447788 0.271903 -0.235285 -0.167921 -0.108432 -0.167807 0.016870 -0.344273 0.503740 0.240083 0.128792 -0.085697 -0.118055 -0.196615 -0.051104 -0.248894 -0.334462 -0.345391 -0.149554 -0.121375 -0.345265 -0.170394 0.008867 -0.186049
0.465998 0.340898 -0.141447 -0.323239 -0.356308 -0.345341 -0.050829 -0.292683 -0.237714 -0.339730 1.000000 0.171514 0.817960 0.024265 0.532917 -0.094467 0.616014 0.066402 0.150232 0.166362 -0.115222 -0.088499 -0.177077 -0.141688 -0.224385 -0.155922 -0.100947 -0.243103 0.173105 -0.093516 -0.075490 -0.162409 0.245840 0.091594 0.055048 -0.060515 0.271933 -0.057613 0.127444 -0.005079 0.230527 0.016705 -0.164319 -0.198252 -0.094587 -0.115388 -0.153928 -0.275662 0.004834 -0.089013 0.146354 0.058694 -0.073035 -0.157734 0.026585 -0.076626 0.420511 0.214151 -0.176677 -0.127603 -0.035598 -0.216109 0.315047 -0.000143 0.218217 -0.142240 0.268528 0.074066 0.152774 0.085482 0.133149 -0.097033 0.229923 0.062147 0.230668 -0.066099 0.209493 0.161284 0.150924 0.029091 0.548515 0.252482 0.534580 0.068703 0.613723 0.151533 0.365350 0.090597 -0.107830 -0.160051 -0.285180 0.095363 -0.195964 -0.186022 0.230269 0.143772 0.184481 0.057445 -0.069017 0.056161 -0.229659 0.097581 -0.142660 0.056386 0.145285 0.277371 0.024032 0.054400 0.345584 0.255041 -0.056299 -0.041362 0.138075 0.164397 0.049178 0.211276
-0.028894 0.090215 -0.198460 0.027084 -0.121147 -0.208633 0.138172 0.118474 0.026531 -0.021782 0.171514 1.000000 0.170734 0.601413 0.011894 0.144718 -0.157423 0.449606 -0.104373 0.001662 -0.149251 -0.248147 0.033287 0.100813 -0.270989 -0.083613 -0.300417 -0.072188 0.207750 0.451607 0.195046 0.250150 0.007603 0.104119 -0.005417 0.210727 0.329589 0.060674 0.238000 0.095820 0.120043 -0.079307 -0.469625 -0.358988 -0.276499 -0.227109 -0.333403 -0.427032 -0.237918 -0.173625 -0.210407 -0.153381 -0.128501 -0.089495 0.169117 0.154932 -0.006535 -0.140054 -0.302875 -0.257896 -0.217581 -0.070820 0.039706 -0.192758 0.210533 0.197984 -0.284832 -0.358068 -0.236680 -0.187665 -0.096643 0.149406 -0.019848 0.281057 0.065284 0.032664 -0.008681 0.005893 0.033606 0.233851 -0.063386 0.195877 0.256915 0.040439 0.207418 0.354280 0.334165 0.309367 0.237411 0.144290 -0.304132 -0.283659 -0.036727 -0.293254 0.044858 0.183042 0.030929 0.147895 -0.179910 -0.143949 0.040581 -0.230581 -0.131358 -0.211766 -0.050308 0.192535 -0.278204 0.034198 0.178173 0.100754 -0.326298 -0.145336 -0.141767 -0.002494 0.290808 0.374342
0.386884 0.223540 -0.181111 -0.237409 -0.325281 -0.309853 -0.126763 -0.200667 -0.216490 -0.294282 0.817960 0.170734 1.000000 0.152374 0.596473 -0.097562 0.500238 0.102927 0.034991 0.116570 -0.052501 -0.012057 -0.056166 -0.006862 -0.167073 -0.000878 -0.089365 -0.111384 0.087428 -0.036297 -0.019934 -0.108153 0.094319 0.076710 -0.014399 0.023215 0.204387 0.007112 0.186666 0.082893 0.190642 -0.071436 -0.233982 -0.271774 -0.268610 -0.239142 -0.280181 -0.312345 -0.011959 -0.208136 0.084395 -0.030746 -0.124414 -0.241596 0.132009 -0.065847 0.493748 0.183153 -0.127224 -0.155368 -0.034596 -0.208899 0.226618 -0.073649 0.116793 -0.075923 0.215700 0.106865 0.184771 0.191969 0.021524 -0.009132 0.137442 0.013910 0.185241 0.023908 0.131849 0.167325 0.173794 0.131815 0.434804 0.189835 0.498659 0.009065 0.542109 0.078504 0.527682 0.181507 0.071942 -0.030028 -0.258270 0.075569 -0.109719 -0.151600 0.267082 0.204611 0.195559 0.113646 -0.040825 0.060210 -0.170702 0.020376 -0.067570 0.127175 0.052844 0.290522 0.022888 0.061441 0.278161 0.228614 0.013300 0.035653 0.065896 0.241671 0.082354 0.237642
0.185852 -0.134433 0.157119 -0.033558 0.145489 -0.058724 0.377692 0.297593 0.300412 0.173765 0.024265 0.601413 0.152374 1.000000 -0.058355 0.197182 -0.345863 0.603944 -0.055504 -0.209629 -0.213040 -0.312512 -0.053718 -0.134575 -0.184300 -0.196316 -0.268286 -0.107684 0.110572 0.611701 0.201588 0.051375 -0.006863 0.030831 -0.003700 0.310218 0.090681 0.103557 0.109436 0.063118 -0.056125 -0.109817 -0.426781 -0.287996 -0.443998 -0.231795 -0.293335 -0.371389 -0.127463 -0.221665 -0.550936 -0.291496 -0.016086 -0.185465 0.281905 0.168004 0.115270 -0.319657 0.138440 -0.056451 0.251250 0.227374 0.353858 -0.120451 0.223792 0.333653 -0.136074 -0.213026 -0.243541 -0.152337 -0.185467 0.325555 -0.195489 0.330772 -0.215516 0.043557 -0.086919 0.047428 -0.223205 0.415469 -0.446969 -0.050028 0.073497 -0.069143 -0.114630 0.013383 0.276827 0.311629 0.398867 0.394343 -0.131215 -0.243992 0.028859 -0.130830 0.055613 0.090124 -0.163956 0.012548 -0.228683 -0.242332 0.121038 -0.173578 -0.107150 -0.308767 -0.231350 -0.048587 -0.304169 -0.015728 0.110072 0.055336 -0.267272 -0.257304 -0.225706 -0.165916 0.235948 0.242643
0.126674 0.044380 -0.339508 -0.196367 -0.282577 -0.042723 -0.405080 -0.306559 -0.152669 -0.234050 0.532917 0.011894 0.596473 -0.058355 1.000000 0.080995 0.403736 -0.098632 -0.156860 -0.062390 -0.020138 0.124122 0.259315 0.109046 0.264916 0.295616 0.002809 0.078857 -0.070369 -0.139637 -0.085732 -0.026029 -0.159546 -0.112618 0.012982 0.154326 0.303235 -0.022341 0.141223 0.042703 0.225524 0.047572 -0.026460 -0.008961 -0.142294 -0.056883 -0.039629 0.021116 0.056301 -0.124187 0.298028 0.038782 0.010543 -0.011532 0.157738 -0.117509 0.425911 0.001777 -0.034024 -0.178322 -0.072517 -0.213150 0.175150 0.014657 -0.025596 -0.042952 0.052214 0.191952 0.067235 -0.042535 0.019025 -0.062292 0.049346 -0.031623 0.081373 0.115939 0.088226 0.130483 0.059652 0.093786 0.412564 0.021797 0.537794 0.055896 0.647410 0.154602 0.364420 0.146529 0.109569 -0.101306 0.001881 0.060590 -0.038440 -0.024939 0.109214 0.068201 0.144191 -0.087823 -0.037619 0.059884 -0.138477 -0.074431 -0.071022 0.131209 0.129817 0.205261 -0.125536 -0.032237 0.120621 0.097589 0.158219 0.068767 0.093787 0.036752 0.007011 -0.074773
-0.030565 -0.173377 0.147707 0.400996 0.334372 0.535996 0.137830 0.437099 0.441440 0.555649 -0.094467 0.144718 -0.097562 0.197182 0.080995 1.000000 -0.064472 -0.052933 0.033946 -0.147277 0.079853 -0.035990 0.033876 -0.019343 -0.051867 0.009131 0.073090 0.056480 -0.045034 0.142576 0.108782 0.102768 -0.102012 0.130113 0.007146 0.272591 0.081286 0.035633 0.047054 0.064983 0.088717 0.118776 -0.277017 -0.367024 -0.432853 -0.172551 -0.253704 -0.278728 -0.298535 -0.249317 0.099331 -0.398545 -0.130438 -0.212528 -0.004778 -0.135833 -0.034671 -0.238818 -0.052821 -0.200154 0.113011 0.137441 -0.067634 -0.229886 0.271822 0.451349 -0.394094 -0.083112 -0.175971 -0.030581 0.134095 -0.038175 0.072573 -0.148222 -0.095751 0.002436 -0.019284 -0.078297 -0.001380 0.035069 -0.037867 -0.148388 -0.162438 0.109937 -0.104124 0.021373 -0.163542 -0.184924 0.041294 -0.082984 0.178230 -0.171308 0.351297 0.125370 -0.122077 -0.038285 -0.119349 -0.312442 -0.332149 -0.446404 0.222043 -0.003229 -0.042095 -0.095474 0.033166 0.026885 -0.001371 0.010484 -0.257226 -0.079101 -0.198545 -0.351404 -0.297200 -0.105248 0.129157 -0.108012
0.327057 0.441953 -0.226340 -0.210006 -0.333297 -0.171884 -0.274870 -0.314322 -0.321152 -0.241299 0.616014 -0.157423 0.500238 -0.345863 0.403736 -0.064472 1.000000 -0.129279 0.105507 0.278525 0.084846 0.112101 -0.132152 -0.041634 -0.022166 0.039192 0.100926 -0.097740 0.218118 -0.327714 -0.168962 -0.191385 0.207739 0.203414 -0.051161 -0.197393 0.185276 -0.125879 0.040801 -0.162736 0.289017 0.133491 0.117103 0.140442 0.113030 0.047268 -0.017516 -0.170831 0.062586 0.050276 0.367520 0.069248 -0.115304 -0.081059 -0.154539 -0.256430 0.441204 0.426189 -0.331197 -0.074931 -0.109144 -0.206873 0.218270 0.159063 -0.053073 -0.245277 0.098164 -0.014545 0.204819 0.193367 0.068971 -0.198528 0.468786 -0.061618 0.466008 -0.078943 0.384185 0.028373 0.442379 -0.045532 0.823810 0.281400 0.244363 -0.066265 0.533589 0.007150 -0.048966 -0.196293 -0.379921 -0.303399 -0.195667 0.001608 -0.120527 -0.170171 -0.036826 0.101940 0.106122 -0.017964 -0.030823 0.091073 -0.120856 0.115973 -0.069607 0.185228 0.048925 0.096642 -0.040273 -0.006080 0.063155 0.007581 -0.017570 -0.050239 0.117002 0.295470 -0.020098 -0.016003
0.296332 0.112123 -0.032230 -0.285287 -0.178711 -0.256823 0.175608 -0.132725 0.008491 -0.055446 0.066402 0.449606 0.102927 0.603944 -0.098632 -0.052933 -0.129279 1.000000 0.045273 0.069178 -0.271377 -0.204998 -0.035321 -0.126806 -0.086400 -0.200160 -0.376448 -0.126706 0.298341 0.592993 0.100597 -0.049505 0.087171 -0.002287 0.150432 0.253567 0.044159 0.076239 0.173632 -0.066107 -0.072609 -0.121294 -0.383785 -0.138646 -0.290543 -0.270158 -0.205155 -0.330627 -0.196673 -0.242495 -0.482022 -0.272066 -0.231121 -0.283929 0.197807 0.117062 0.233310 0.110426 -0.069652 -0.136327 0.040471 0.036621 0.393237 0.105624 0.051045 0.034832 -0.076317 -0.263249 -0.135513 -0.035824 -0.252745 0.161450 -0.062044 0.356796 -0.039693 -0.082979 -0.068041 0.153974 -0.096275 0.587253 -0.165584 0.324757 0.189028 0.048053 0.104023 0.058059 0.357549 0.372503 0.408954 0.188235 -0.334311 -0.171669 -0.175113 -0.137179 0.170732 0.084392 -0.164294 0.115023 -0.027905 -0.031768 -0.067992 -0.068903 -0.229841 -0.151735 -0.086081 0.085132 -0.213640 0.137180 0.123971 -0.003581 -0.209767 -0.122176 -0.183064 0.087889 0.294985 0.338444
0.411707 0.338512 0.204991 0.023603 0.039088 -0.142949 0.174975 0.036298 -0.028787 -0.027649 0.150232 -0.104373 0.034991 -0.055504 -0.156860 0.033946 0.105507 0.045273 1.000000 0.355297 -0.005218 -0.207474 -0.259140 -0.266428 -0.055645 -0.374299 0.328403 -0.094253 0.234205 -0.038980 0.023561 -0.143972 0.153092 0.048413 -0.026773 -0.215824 -0.039198 0.095194 -0.173726 -0.069667 -0.151873 -0.032274 -0.028633 -0.237805 -0.048368 -0.185094 0.015759 -0.134744 -0.273118 -0.124677 -0.203204 -0.138881 -0.125069 -0.017388 0.026979 0.133832 0.160753 0.282281 -0.058807 -0.091455 0.005328 -0.028096 0.073650 0.014830 -0.016562 -0.262602 0.151335 -0.224046 0.517238 0.115399 0.222224 -0.012507 0.214256 0.064361 0.040853 -0.020967 0.195004 0.113189 0.108587 -0.005315 0.027447 0.052270 -0.093935 0.262481 -0.094522 -0.213788 -0.069139 0.116059 -0.090885 -0.036016 -0.242310 -0.145172 -0.252877 -0.195642 0.111410 0.026854 0.034440 0.174673 0.102588 0.062578 -0.134353 -0.024206 -0.140197 -0.084492 -0.163295 -0.186406 0.193314 0.119639 0.133658 0.015584 -0.049934 0.009773 -0.128555 0.084755 -0.124997 0.122068
0.205918 0.515982 -0.220403 -0.012974 -0.359391 -0.322415 -0.145536 -0.309897 -0.501103 -0.504036 0.166362 0.001662 0.116570 -0.209629 -0.062390 -0.147277 0.278525 0.069178 0.355297 1.000000 0.098177 0.016576 0.019832 0.209293 0.055488 -0.018236 0.133630 0.077479 0.270095 -0.027131 -0.047307 -0.111983 0.211048 0.001101 0.006179 -0.285352 0.135706 -0.006788 -0.109053 -0.100820 -0.001299 0.096834 -0.050727 -0.115537 -0.034542 -0.286723 -0.148241 -0.221446 -0.340813 -0.088850 -0.102303 -0.100356 -0.271022 -0.232002 -0.091436 -0.117136 0.232044 0.574009 -0.466406 -0.208792 -0.410813 -0.361741 0.086891 0.255764 -0.291793 -0.473625 -0.094449 -0.224258 0.359824 0.593480 0.076923 0.001897 0.231647 0.187389 0.234721 -0.007460 0.057932 0.092987 0.109638 0.034367 0.304748 0.355007 -0.045128 0.384974 0.236120 0.156659 -0.010027 0.187900 -0.158699 -0.190169 -0.260374 0.033697 -0.159756 -0.199486 0.013976 0.134739 -0.044436 0.018261 -0.027876 0.210863 -0.133978 -0.143230 -0.013086 -0.029187 0.060726 0.029924 0.050727 0.135617 0.188228 0.168479 -0.025190 0.034846 0.092527 0.283025 0.022595 0.164395
-0.168139 0.135031 0.056523 0.291790 0.042563 0.134908 0.048704 0.091100 -0.151926 -0.029368 -0.115222 -0.149251 -0.052501 -0.213040 -0.020138 0.079853 0.084846 -0.271377 -0.005218 0.098177 1.000000 0.389633 0.222083 0.322979 0.037895 0.256426 0.324688 0.238711 -0.100360 -0.345770 0.086374 0.279412 0.003431 0.105293 -0.167348 -0.161066 -0.065404 -0.174809 -0.142741 -0.048554 0.083343 0.081003 0.177801 0.002189 0.085704 0.016886 -0.113885 0.093077 -0.008905 -0.133414 0.216967 -0.063460 -0.135857 -0.099627 -0.150781 -0.224576 -0.133172 0.069018 -0.201336 -0.080354 -0.070073 -0.090428 -0.104380 0.007244 -0.050320 -0.150033 -0.190699 -0.003788 0.075730 0.167085 0.272349 0.033922 0.007287 -0.072289 0.093217 0.174688 -0.101806 0.096938 0.203261 -0.174973 0.122183 -0.054962 -0.118279 -0.097032 -0.098285 -0.061693 -0.185264 -0.243056 -0.266706 -0.194913 -0.002129 -0.088201 -0.075504 -0.156955 -0.162904 -0.175970 -0.198395 -0.201211 -0.118086 -0.111149 -0.139860 0.045743 -0.196927 0.084907 -0.142556 -0.156671 0.082891 -0.129447 -0.063275 -0.113286 -0.019628 -0.083553 -0.045086 0.022305 -0.296256 -0.138562
-0.155140 0.034375 -0.070061 0.162037 -0.043074 0.183359 -0.282044 -0.162365 -0.137805 -0.114129 -0.088499 -0.248147 -0.012057 -0.312512 0.124122 -0.035990 0.112101 -0.204998 -0.207474 0.016576 0.389633 1.000000 0.375146 0.336386 0.315551 0.538211 0.143686 0.251898 -0.216028 -0.216295 0.184198 0.279768 0.159868 0.173367 0.306659 0.144041 -0.130991 -0.252606 -0.109802 -0.031951 -0.166009 0.088913 0.332563 0.240623 0.183750 0.144190 0.018673 0.218412 0.071798 -0.122381 0.370202 -0.096796 -0.187673 -0.010406 -0.173207 -0.216703 0.087912 0.145717 -0.141137 -0.297409 -0.170278 -0.270319 0.008761 0.097269 -0.006097 -0.066555 -0.077255 0.201364 0.106673 0.177417 0.068582 -0.042957 -0.080962 -0.216998 0.100856 0.040027 0.017976 0.142578 0.086473 -0.076140 0.140211 -0.072206 -0.071025 -0.175493 -0.018098 0.000487 -0.058889 -0.194614 -0.123529 -0.339442 0.023059 -0.024270 -0.040120 0.055687 -0.110746 -0.031417 0.029803 -0.102549 0.068916 0.029086 -0.164170 -0.174208 -0.148552 -0.029971 0.000242 -0.093092 0.107708 -0.056786 -0.025266 -0.122862 0.338784 0.051677 -0.076261 -0.025351 -0.298325 -0.223491
-0.356566 -0.109581 -0.275846 0.276904 -0.233721 0.075325 -0.357087 -0.301748 -0.353146 -0.341977 -0.177077 0.033287 -0.056166 -0.053718 0.259315 0.033876 -0.132152 -0.035321 -0.259140 0.019832 0.222083 0.375146 1.000000 0.765715 0.472533 0.734999 0.020024 0.647996 -0.079435 -0.137133 0.351886 0.513659 -0.220801 -0.106129 0.196989 0.319263 0.064486 -0.070861 0.012040 0.056126 0.019620 -0.054087 0.075119 0.001259 -0.002988 -0.185837 -0.241976 -0.126954 -0.019696 -0.231556 0.334965 -0.007667 -0.202319 0.104297 0.129901 -0.047635 -0.049576 -0.031266 -0.230105 -0.440658 -0.452901 -0.454787 -0.152619 0.063418 -0.155091 -0.118251 -0.159252 -0.141550 0.064038 -0.036817 0.051054 0.211493 -0.038782 -0.043931 0.000420 0.162418 -0.145541 -0.020593 0.027314 0.061728 -0.008031 -0.115187 0.067559 -0.167556 0.188531 0.238689 0.008565 0.136593 0.220287 -0.015396 -0.152451 -0.242331 -0.096684 0.132382 0.096802 -0.072482 0.029975 -0.148888 -0.152446 0.033047 -0.313057 -0.269167 -0.323797 -0.085282 -0.007635 0.183758 -0.030632 0.129941 0.021379 -0.009041 0.080497 -0.103889 -0.019329 -0.139121 0.013415 -0.096609
-0.428095 -0.066577 -0.471232 0.451342 -0.341004 0.047113 -0.438929 -0.229618 -0.458927 -0.378691 -0.141688 0.100813 -0.006862 -0.134575 0.109046 -0.019343 -0.041634 -0.126806 -0.266428 0.209293 0.322979 0.336386 0.765715 1.000000 0.287048 0.766822 0.042737 0.659814 -0.149826 -0.166603 0.390848 0.636688 -0.044074 -0.062701 0.067306 0.237067 0.100388 -0.019157 -0.003968 0.186620 -0.043778 -0.015182 0.078009 -0.012702 0.064856 -0.143925 -0.295781 -0.159455 -0.155341 -0.147744 0.256652 0.098206 -0.281652 0.055674 0.021727 -0.011580 -0.048790 0.045250 -0.448093 -0.369064 -0.636337 -0.519139 -0.299004 -0.023882 -0.241213 -0.131722 -0.204358 -0.058226 0.079356 0.088534 0.015517 0.110153 -0.081008 0.046276 0.162470 0.184080 -0.079165 0.133904 0.025808 0.057748 0.084208 -0.064880 -0.015612 -0.106790 0.182868 0.428812 0.017782 0.202310 0.118509 -0.031111 -0.138135 -0.215160 -0.006645 -0.064814 0.048693 -0.023876 -0.011339 -0.081812 -0.141442 0.046723 -0.233726 -0.359567 -0.267366 -0.042063 -0.041291 0.149956 -0.057061 0.156662 0.006834 -0.056046 0.055224 -0.162411 0.017150 0.052623 0.033342 -0.109161
-0.092963 -0.128479 -0.182222 0.028755 0.063427 0.200608 -0.395696 -0.298400 -0.112523 -0.182502 -0.224385 -0.270989 -0.167073 -0.184300 0.264916 -0.051867 -0.022166 -0.086400 -0.055645 0.055488 0.037895 0.315551 0.472533 0.287048 1.000000 0.541525 0.391063 0.398718 -0.163266 -0.117307 -0.035211 -0.015044 -0.160223 -0.259258 0.164983 0.070245 0.007838 0.054328 0.046959 -0.037389 0.038448 0.016284 0.310337 0.271617 0.084436 0.011507 0.174557 0.165913 0.118308 -0.005555 0.305458 0.108850 0.022136 0.228501 0.143465 0.046451 0.208311 0.083600 -0.036368 -0.283845 -0.231041 -0.278785 -0.019736 0.080169 -0.265132 -0.225826 -0.004980 -0.015245 0.137797 0.000462 -0.091542 0.020526 -0.072961 -0.037468 -0.000665 0.109765 0.014568 -0.021004 -0.031759 0.095645 0.010152 -0.187443 -0.052127 -0.115771 0.105239 0.058482 -0.081090 0.136772 0.166927 0.080542 0.051249 -0.052551 0.078441 0.106307 0.054334 -0.019421 -0.006783 -0.086966 0.044736 0.228939 -0.191079 -0.269749 -0.099637 -0.043904 0.002165 -0.040072 -0.028489 0.020361 0.025961 -0.073622 0.231949 0.182836 0.104113 -0.142006 -0.108319 -0.255460
-0.301060 -0.101274 -0.380325 0.313201 -0.172790 0.270583 -0.578097 -0.238286 -0.327914 -0.229784 -0.155922 -0.083613 -0.000878 -0.196316 0.295616 0.009131 0.039192 -0.200160 -0.374299 -0.018236 0.256426 0.538211 0.734999 0.766822 0.541525 1.000000 0.122279 0.682422 -0.287098 -0.241525 0.317208 0.474076 -0.003669 0.025548 0.135403 0.386209 0.021679 -0.113372 -0.114492 0.050394 -0.053948 0.003788 0.242921 0.166230 0.069289 -0.021324 -0.171314 0.023956 0.071516 -0.118145 0.434835 0.107442 -0.222562 0.086468 -0.046388 -0.132557 0.097256 0.032087 -0.204311 -0.338019 -0.428640 -0.351719 -0.133391 0.074927 -0.172973 -0.001410 -0.093193 0.127296 0.134883 0.020253 -0.112420 0.073606 -0.154598 -0.193707 0.054096 0.148969 -0.077050 -0.007899 -0.014918 0.059635 0.121969 -0.229170 -0.030703 -0.294964 0.191928 0.225698 -0.029271 0.013153 0.072788 -0.124813 0.035272 -0.125531 0.119795 0.139780 -0.038200 -0.116568 -0.047562 -0.219232 -0.111109 0.033001 -0.081210 -0.316525 -0.168388 0.009201 -0.110160 0.069954 -0.013440 0.045237 -0.101142 -0.233762 0.278717 -0.093177 -0.024129 0.007489 -0.084526 -0.268767
0.054353 0.084758 0.123826 0.211416 0.342077 0.271491 0.013954 0.011061 -0.067511 -0.020407 -0.100947 -0.300417 -0.089365 -0.268286 0.002809 0.073090 0.100926 -0.376448 0.328403 0.133630 0.324688 0.143686 0.020024 0.042737 0.391063 0.122279 1.000000 0.350912 -0.179564 -0.382382 -0.088372 -0.062585 -0.026739 -0.164467 -0.165551 -0.203643 -0.009253 0.080349 -0.086788 0.071758 -0.100889 0.064840 0.155830 -0.116704 0.056296 -0.035479 0.109530 0.094319 -0.021318 -0.074791 0.151968 -0.015550 -0.005036 0.018961 -0.039340 0.054040 -0.025510 0.093819 -0.009473 -0.045006 -0.003015 -0.078556 -0.186908 -0.010618 -0.043274 -0.163418 0.042422 -0.114094 0.213996 0.066760 0.094780 0.019410 0.039209 -0.287686 -0.035493 0.024620 -0.041069 -0.080268 0.119263 -0.180232 0.003761 -0.174667 -0.102923 0.047651 -0.104265 -0.144732 -0.149094 -0.000650 -0.136616 0.076294 0.061137 0.050798 0.009062 -0.054421 -0.030422 0.082660 -0.005614 0.042590 -0.014996 0.091390 -0.087585 -0.078216 0.053001 0.114061 -0.038860 -0.118702 -0.014517 -0.083053 0.076742 -0.093948 0.003137 0.101954 0.095610 -0.053052 -0.200531 -0.150068
-0.375232 -0.090165 -0.286108 0.497217 -0.062068 0.231258 -0.338026 -0.087991 -0.267518 -0.143657 -0.243103 -0.072188 -0.111384 -0.107684 0.078857 0.056480 -0.097740 -0.126706 -0.094253 0.077479 0.238711 0.251898 0.647996 0.659814 0.398718 0.682422 0.350912 1.000000 -0.138384 -0.188149 0.181594 0.381839 -0.165122 -0.107545 0.026075 0.369161 -0.012643 0.082704 -0.081742 0.195727 -0.112525 -0.144268 0.069542 -0.065156 0.023504 -0.116388 -0.148474 -0.066665 -0.019874 -0.071139 0.231062 0.143157 -0.210004 0.097319 0.028435 0.177759 -0.091924 -0.061951 -0.177499 -0.266327 -0.431799 -0.302133 -0.280055 -0.013211 -0.110972 0.037522 -0.229420 -0.158026 0.144523 -0.032125 -0.093714 0.052715 -0.184008 -0.165870 0.017459 0.058938 -0.101206 -0.150107 -0.032792 0.033618 -0.031863 -0.219418 -0.118771 -0.263032 0.021389 0.268142 -0.071392 0.067730 0.214055 0.119622 0.025172 -0.333394 0.149661 0.050495 0.040903 0.020615 -0.017503 -0.091336 -0.033388 0.050687 -0.089771 -0.357478 -0.244945 -0.054859 -0.185131 0.062849 -0.174499 0.028811 -0.023237 -0.173581 -0.054661 -0.021092 0.026400 -0.092673 -0.058884 -0.144976
0.197858 0.435194 -0.089032 -0.399577 -0.216101 -0.403318 0.152283 -0.189447 -0.191094 -0.176308 0.173105 0.207750 0.087428 0.110572 -0.070369 -0.045034 0.218118 0.298341 0.234205 0.270095 -0.100360 -0.216028 -0.079435 -0.149826 -0.163266 -0.287098 -0.179564 -0.138384 1.000000 0.150573 0.084090 -0.039424 0.264568 0.229706 -0.006757 -0.145464 0.061937 0.075578 0.100074 -0.266836 0.178135 0.068563 -0.178722 -0.139919 -0.072429 -0.228418 -0.142673 -0.359670 -0.259807 -0.157014 -0.192011 -0.329577 -0.165212 -0.169093 0.018103 -0.154883 0.095029 0.283804 -0.308686 -0.178582 0.036237 0.102641 0.209849 0.262175 -0.067385 -0.250908 -0.040428 -0.405596 0.127859 0.059044 0.060043 -0.123186 0.587439 0.111665 0.279467 0.045113 0.239129 0.041061 0.282299 0.124333 0.207263 0.316368 -0.048703 0.116933 0.039698 -0.123448 -0.213396 -0.127073 -0.265688 -0.177932 -0.312680 -0.169924 -0.338148 -0.177377 0.166130 -0.033995 0.035708 0.021453 -0.033576 -0.027319 -0.168436 0.175933 -0.234478 -0.135452 -0.057533 -0.005197 -0.044560 0.114703 0.043185 0.089049 -0.173431 -0.139519 -0.068437 0.147267 0.150081 0.176928
0.036754 -0.083087 -0.026247 -0.094384 -0.058304 -0.136393 0.126126 0.147724 0.164949 0.137455 -0.093516 0.451607 -0.036297 0.611701 -0.139637 0.142576 -0.327714 0.592993 -0.038980 -0.027131 -0.345770 -0.216295 -0.137133 -0.166603 -0.117307 -0.241525 -0.382382 -0.188149 0.150573 1.000000 0.049259 -0.001613 0.107671 0.041712 0.143324 0.236505 0.100950 0.107494 0.207740 0.104450 -0.185860 -0.046509 -0.294299 -0.169610 -0.266190 -0.129107 -0.123919 -0.261246 -0.139972 -0.119557 -0.528362 -0.228128 -0.182665 -0.158528 0.287310 0.187440 0.100984 -0.152878 -0.090482 -0.060569 -0.007708 0.064809 0.281069 -0.054938 0.036023 0.167455 -0.144348 -0.101318 -0.194948 -0.147689 -0.349806 0.133267 -0.123876 0.463268 -0.168213 0.012821 0.162918 0.137692 -0.178520 0.489041 -0.349503 0.154212 0.090793 0.094872 -0.039731 0.121293 0.312101 0.336613 0.310574 0.283904 -0.254781 -0.254547 -0.053609 -0.201008 0.165702 0.154990 -0.093019 0.069275 -0.087764 -0.202724 0.064665 -0.307969 -0.035953 -0.253630 -0.032620 0.082612 -0.084155 0.251698 0.057379 0.031736 -0.222890 -0.141510 -0.163759 -0.059571 0.252776 0.318586
-0.040566 0.004495 0.009890 0.341873 0.049241 0.180722 0.004307 0.202786 -0.043006 0.015013 -0.075490 0.195046 -0.019934 0.201588 -0.085732 0.108782 -0.168962 0.100597 0.023561 -0.047307 0.086374 0.184198 0.351886 0.390848 -0.035211 0.317208 -0.088372 0.181594 0.084090 0.049259 1.000000 0.733554 0.280165 0.296226 0.092133 0.197233 -0.059769 -0.144012 -0.165574 -0.103429 -0.076108 -0.102009 0.010904 -0.062603 -0.168743 -0.216186 -0.328390 -0.170714 -0.260294 -0.275926 -0.094069 -0.360737 -0.221141 -0.232805 -0.051643 -0.141866 0.007433 -0.127144 -0.157778 -0.240316 -0.105267 0.014050 -0.000330 0.012331 0.066927 0.105477 -0.062763 -0.144981 0.179943 -0.098170 0.310158 0.305124 0.191070 -0.023670 0.069800 0.124646 -0.037337 0.223879 -0.016268 -0.042752 -0.152579 -0.190338 -0.098331 -0.046422 -0.145946 -0.117596 -0.022975 0.004880 0.032564 -0.097405 -0.123129 -0.278573 -0.148204 -0.080813 0.137180 -0.121880 0.005368 -0.156283 -0.167138 -0.169892 -0.106246 -0.121534 -0.319363 -0.194642 -0.346691 -0.048334 -0.041994 0.050301 0.035131 -0.162435 0.116444 -0.206222 -0.245851 0.040462 0.006679 -0.022650
-0.382919 -0.054764 -0.221794 0.428584 -0.080125 0.143016 -0.208215 0.122421 -0.139898 -0.086104 -0.162409 0.250150 -0.108153 0.051375 -0.026029 0.102768 -0.191385 -0.049505 -0.143972 -0.111983 0.279412 0.279768 0.513659 0.636688 -0.015044 0.474076 -0.062585 0.381839 -0.039424 -0.001613 0.733554 1.000000 0.174020 0.230169 0.129948 0.301190 0.091978 -0.104483 -0.017510 0.092184 -0.045688 0.023280 0.011374 -0.065542 -0.002335 -0.078957 -0.322604 -0.086652 -0.212853 -0.199434 0.109259 -0.144577 -0.282079 -0.137142 0.055115 -0.056402 -0.126423 -0.161376 -0.278581 -0.219870 -0.318655 -0.149196 -0.177224 -0.098951 0.058324 0.002693 -0.241712 -0.144488 0.074133 -0.153705 0.176661 0.202618 0.059610 -0.003556 0.113615 0.155651 -0.002786 0.163822 0.050489 -0.092962 -0.046917 -0.123986 0.005582 -0.082582 -0.015028 0.087944 0.029914 0.028367 0.043757 -0.108064 -0.153092 -0.375156 -0.179484 -0.119844 0.073223 -0.088675 -0.013517 -0.106697 -0.200763 -0.192879 -0.237323 -0.176233 -0.314154 -0.105485 -0.194760 -0.013860 -0.038451 0.045511 -0.042668 -0.103384 0.064687 -0.185351 -0.114600 -0.028508 -0.011818 -0.059014
0.203025 0.312230 0.101452 -0.141623 0.041842 -0.065074 0.135806 0.060067 0.018966 -0.078071 0.245840 0.007603 0.094319 -0.006863 -0.159546 -0.102012 0.207739 0.087171 0.153092 0.211048 0.003431 0.159868 -0.220801 -0.044074 -0.160223 -0.003669 -0.026739 -0.165122 0.264568 0.107671 0.280165 0.174020 1.000000 0.613613 0.100563 -0.123894 -0.166046 -0.369809 -0.261551 -0.174192 -0.188460 -0.071183 0.060036 0.028469 0.093564 0.045503 -0.202657 -0.101773 -0.111998 -0.070076 -0.176208 -0.219169 -0.180225 -0.256493 -0.359771 -0.327429 0.197615 0.280153 -0.139526 0.010920 0.101534 0.124164 0.347468 0.185557 0.267365 -0.051162 0.231456 0.091371 0.242919 0.230660 -0.079879 -0.034816 0.219981 -0.043705 0.091063 -0.114888 0.274318 0.126284 0.109499 0.031258 0.123561 0.107186 -0.119557 0.026594 -0.041733 -0.142653 -0.089727 -0.273829 -0.399138 -0.292058 -0.186468 -0.053758 -0.260445 -0.142028 0.072393 -0.162031 -0.168122 -0.099727 -0.262839 -0.244614 -0.125910 0.051609 -0.194764 -0.264999 -0.337370 -0.304498 0.003410 -0.012893 0.042785 -0.188811 0.077093 -0.175238 -0.107865 0.064631 -0.162989 0.005304
0.051388 0.215075 0.257668 0.046970 0.160035 0.030135 0.214841 0.331617 0.187514 0.209365 0.091594 0.104119 0.076710 0.030831 -0.112618 0.130113 0.203414 -0.002287 0.048413 0.001101 0.105293 0.173367 -0.106129 -0.062701 -0.259258 0.025548 -0.164467 -0.107545 0.229706 0.041712 0.296226 0.230169 0.613613 1.000000 0.000376 0.054307 -0.264472 -0.394398 -0.404204 -0.203554 -0.144973 -0.145164 -0.042264 -0.057921 -0.040073 0.039990 -0.407878 -0.210267 -0.031900 -0.163000 0.070293 -0.304640 -0.167186 -0.300750 -0.454582 -0.448464 0.081190 0.199938 0.003550 -0.026650 0.245194 0.284380 0.202877 0.065304 0.404086 0.266770 0.134879 0.151207 0.224619 0.197459 -0.069234 -0.048185 0.168074 -0.146608 0.116953 -0.107170 0.143683 -0.000373 0.257942 -0.119543 0.133310 0.022615 -0.172640 -0.230296 -0.094923 -0.167149 -0.212556 -0.404102 -0.403985 -0.423312 -0.206308 -0.228983 -0.143927 -0.038270 -0.138953 -0.360182 -0.213945 -0.367095 -0.420198 -0.468667 0.178787 0.082025 -0.215091 -0.207311 -0.344416 -0.263858 0.060946 -0.175443 -0.277584 -0.290623 0.016707 -0.415336 -0.318346 0.054964 -0.096809 -0.063426
-0.043021 -0.075202 -0.125770 -0.084370 -0.214814 -0.140431 -0.220311 -0.217878 -0.064402 -0.129767 0.055048 -0.005417 -0.014399 -0.003700 0.012982 0.007146 -0.051161 0.150432 -0.026773 0.006179 -0.167348 0.306659 0.196989 0.067306 0.164983 0.135403 -0.165551 0.026075 -0.006757 0.143324 0.092133 0.129948 0.100563 0.000376 1.000000 0.327385 0.112149 0.052380 0.124338 0.153781 -0.097549 -0.066374 0.060693 -0.039693 0.077684 0.048305 0.081597 -0.121801 -0.088851 -0.086237 0.121738 -0.059347 -0.238845 -0.101541 0.141845 0.002882 0.121583 0.015338 -0.136732 -0.234541 -0.277765 -0.328466 0.089994 -0.016467 0.186593 -0.042441 0.116045 0.120320 0.022616 -0.080311 -0.026355 0.012934 -0.110322 0.054681 -0.083350 -0.033840 0.093172 0.137755 0.044283 0.154400 0.108967 0.117280 0.085714 -0.012857 0.174612 0.239178 0.118554 0.117211 0.279922 -0.147978 -0.212411 -0.093873 -0.150221 0.008724 0.186537 0.020014 0.138994 0.056736 0.004200 -0.027785 -0.288884 -0.155815 -0.116009 -0.027908 0.108814 0.143142 0.107148 0.292759 0.097773 0.164455 0.160306 0.052967 0.028042 -0.115765 0.035843 0.040466
-0.149521 -0.165055 -0.189753 0.292135 -0.102239 0.160077 -0.200924 0.103876 0.150192 0.221766 -0.060515 0.210727 0.023215 0.310218 0.154326 0.272591 -0.197393 0.253567 -0.215824 -0.285352 -0.161066 0.144041 0.319263 0.237067 0.070245 0.386209 -0.203643 0.369161 -0.145464 0.236505 0.197233 0.301190 -0.123894 0.054307 0.327385 1.000000 0.100785 0.147072 0.160555 0.101048 -0.172226 -0.080934 -0.176255 -0.161293 -0.284572 -0.071863 -0.145140 -0.258857 -0.101210 -0.286131 0.104938 -0.121807 -0.260605 -0.048193 0.297947 0.168333 0.077359 -0.306391 0.141062 -0.349089 -0.050663 -0.072122 0.051624 -0.174624 0.307968 0.459145 -0.113609 0.082005 -0.036730 -0.263621 -0.321608 0.016198 -0.279795 -0.020026 -0.203502 -0.079575 -0.210239 -0.059625 -0.138808 0.290533 -0.137704 -0.255010 0.111358 -0.254195 0.126988 0.226288 0.147224 0.156307 0.465160 0.036426 -0.010967 -0.279605 0.312185 0.229781 0.135251 -0.035959 0.161566 -0.091502 -0.023665 -0.139033 0.163383 -0.200961 -0.200439 -0.183498 -0.051036 0.118430 -0.117754 0.005431 -0.120730 -0.121000 0.010648 -0.186492 -0.215080 -0.116902 0.182055 -0.020659
