1.000000 0.631364 -0.317891 -0.369026 -0.000066 0.070171 -0.279101 -0.502442 -0.163580 -0.344673 0.391471 0.424591 -0.044857 0.022441 0.111905 -0.280768 0.588808 0.142883 0.070754 0.160475 0.152873 0.076893 -0.347345 -0.564886 -0.162739 -0.118836 0.181792 0.227621 0.125409 -0.123070 -0.089642 -0.202385 0.282132 -0.031163 -0.032205 -0.165630 0.275506 0.394181 0.315742 0.087731 -0.042527 0.262337 -0.184028 -0.118089 -0.228444 -0.477972 0.015735 0.087322 0.086577 -0.169112 -0.437162 0.094186 -0.090304 0.000266 0.139211 0.248525 0.496514 0.150527 0.606958 0.208405 0.408574 0.126330 0.059125 0.194112 -0.437893 -0.167214 0.005084 -0.124496 0.237970 -0.057391 -0.107651 0.043589 -0.155081 -0.136845 -0.027396 -0.128845 0.292401 0.055125 -0.022323 -0.049714 0.210938 -0.131077 0.156623 0.068753 -0.001796 0.051635 -0.255838 0.210791 0.025216 0.276110 0.023811 0.227835 -0.179147 0.277150 -0.290310 0.126366 0.200444 -0.084063 0.055593 0.252299 0.048500 0.167369 0.194892 0.147116 0.134160 -0.158630 0.137860 0.196674 -0.085399 0.097771 0.043041 -0.029042 0.040963 0.104788 0.211603 0.114320
0.631364 1.000000 -0.385164 -0.289395 -0.032497 -0.106413 -0.468037 -0.440410 -0.180536 -0.187596 0.043529 0.539479 -0.235329 0.078695 -0.003336 -0.208318 0.379434 0.441365 0.185204 0.175133 0.309194 0.215281 -0.490037 -0.576612 -0.141914 -0.003038 0.017550 0.116906 0.155681 0.237221 -0.150277 -0.188870 0.137113 0.102050 0.033338 0.031045 0.183004 0.203807 0.432935 0.172655 -0.069520 0.240898 -0.168615 -0.115238 -0.234177 -0.341037 -0.003442 0.070954 -0.114163 -0.044667 -0.401465 0.064106 -0.049580 0.031221 0.243195 0.128126 0.504085 0.308066 0.361520 0.195166 0.190188 0.047871 0.178702 0.130243 -0.424630 -0.185104 -0.015902 -0.145590 0.238243 0.018364 -0.041711 0.019773 -0.107581 0.070456 -0.004587 -0.061802 0.263520 0.150297 0.199086 0.139958 0.326415 -0.107176 0.115241 0.242909 0.031905 -0.058309 0.001301 0.232616 0.052808 0.353453 -0.102998 0.021084 -0.189137 0.143726 -0.227411 0.006493 0.193713 -0.106028 0.022443 0.217254 -0.059747 0.126678 0.104940 0.077998 0.061497 -0.034571 0.029504 0.226577 0.037517 -0.064094 -0.003699 -0.004362 0.070552 0.147846 0.165444 0.026587
-0.317891 -0.385164 1.000000 0.598847 0.045458 -0.133643 0.709716 0.515977 0.325383 0.292423 -0.068054 -0.227412 0.426015 0.094034 0.245669 0.339869 -0.336375 -0.218793 0.200964 -0.238940 -0.198459 -0.210180 0.610723 0.642677 0.476988 0.279454 -0.082050 -0.125364 -0.001547 0.087100 0.290102 0.377372 0.117886 0.075617 -0.061166 -0.157207 -0.174712 -0.142080 -0.182877 -0.024428 0.061335 -0.166834 -0.314467 -0.360988 -0.242795 -0.025585 -0.396473 -0.442503 -0.233006 -0.229666 0.120982 -0.364327 -0.169796 -0.233482 -0.106249 -0.241807 -0.345979 -0.230925 -0.072758 -0.154881 -0.041198 -0.296466 -0.097240 -0.346480 0.378298 0.025855 -0.301980 -0.259406 -0.424179 -0.292937 0.076473 0.096875 0.117257 -0.004168 -0.015738 0.130345 -0.149793 -0.154304 -0.044088 0.027485 -0.449444 0.026416 0.084755 -0.088677 0.018601 -0.130455 0.103441 -0.176288 0.167990 -0.172475 -0.283145 -0.259548 -0.007518 -0.314626 0.254041 -0.139442 -0.116633 -0.048669 -0.165170 -0.294094 -0.034085 -0.209608 -0.062459 -0.258638 0.020581 0.220148 0.021388 -0.102275 -0.120649 0.051542 -0.360417 -0.276662 -0.200397 -0.209918 -0.038251 -0.147015
-0.369026 -0.289395 0.598847 1.000000 0.022291 0.062333 0.565076 0.647318 0.317262 0.480959 -0.385428 -0.180914 0.291275 0.071819 0.213524 0.490512 -0.482199 -0.160078 0.061110 -0.106143 -0.293353 -0.192978 0.568006 0.714999 0.332029 0.141411 -0.022205 -0.032309 -0.183962 0.140970 0.084488 0.177935 -0.048288 -0.050138 -0.044309 -0.142148 -0.402682 -0.279241 -0.196166 0.009377 -0.066351 -0.200314 -0.169053 -0.257877 -0.117936 0.093353 -0.133560 -0.310032 -0.132357 -0.063324 0.195726 -0.313380 -0.176009 -0.253740 -0.059968 -0.159200 -0.282608 -0.098709 -0.229888 -0.019314 -0.168033 -0.280336 -0.156913 -0.414166 0.313249 -0.053616 -0.231573 -0.146247 -0.284945 -0.116920 0.136973 0.040055 -0.045165 -0.021445 -0.194105 0.121258 -0.284289 -0.247469 -0.178097 0.059611 -0.523657 -0.002027 0.040233 -0.032240 -0.065003 -0.133765 0.052198 -0.198016 0.217677 -0.230616 -0.127431 -0.241255 0.150568 -0.334828 0.110686 -0.273732 -0.226071 -0.258804 -0.110451 -0.324853 -0.156837 -0.273735 -0.181782 -0.241172 -0.020707 0.132517 -0.095377 -0.162617 -0.040564 -0.146579 -0.308301 -0.287150 -0.201585 -0.355952 -0.249259 -0.138381
-0.000066 -0.032497 0.045458 0.022291 1.000000 0.364702 0.019618 0.201420 0.618789 0.474627 0.011676 0.060107 0.203482 0.265087 0.303226 0.219139 -0.023521 0.135460 -0.291648 -0.044793 -0.150019 -0.048682 -0.071471 -0.006450 0.309926 0.183386 0.081182 0.064712 0.163119 0.070643 0.035656 0.017838 -0.177023 -0.079165 0.041978 0.019501 -0.219619 -0.261313 -0.079171 -0.271654 -0.010544 -0.408485 -0.242924 -0.178521 -0.020432 0.024982 -0.284374 -0.291121 0.063200 -0.010767 -0.032809 -0.136199 -0.188375 -0.262862 -0.364166 -0.335428 0.113347 0.121210 0.063002 -0.142916 0.018717 0.097235 0.239689 0.169026 0.060654 0.147840 -0.107844 -0.077013 0.015815 0.130130 0.090605 0.089323 0.069611 0.087849 -0.162510 0.101094 -0.096443 -0.166943 0.176623 0.140707 0.038182 0.311980 0.162799 0.054732 -0.091444 0.015883 -0.193679 -0.265073 -0.195293 -0.217424 0.005527 -0.146556 -0.126464 -0.303883 -0.176586 -0.061390 -0.083078 0.059610 -0.029484 -0.079976 0.027214 0.079094 0.012990 -0.133399 -0.001296 0.080860 -0.020342 0.066481 0.117234 -0.106460 -0.046464 -0.324242 -0.255482 -0.030183 0.079674 0.118385
0.070171 -0.106413 -0.133643 0.062333 0.364702 1.000000 0.070440 0.218798 0.056063 0.040782 0.223464 0.233508 -0.007942 0.110045 0.246099 0.188957 0.248552 -0.080366 -0.190860 0.090223 0.067206 0.120715 0.159502 0.164494 -0.181489 0.075676 0.194432 0.553413 0.013787 -0.225957 0.110401 0.040809 -0.014858 -0.030104 -0.142728 -0.132720 0.044552 0.019607 0.135259 0.067575 -0.012706 -0.053968 -0.124427 -0.138597 -0.112244 -0.225410 -0.008547 -0.208670 0.144711 -0.137189 -0.122868 0.049011 -0.175647 -0.158626 -0.047362 -0.060933 0.032180 -0.093665 -0.020131 -0.187477 -0.019059 0.184593 -0.128745 -0.031236 -0.111662 0.319291 -0.046217 0.092111 -0.063888 0.044189 -0.016860 -0.117439 -0.200847 -0.219947 -0.178764 -0.267797 -0.045129 -0.304018 -0.191991 -0.125575 0.059258 -0.090245 0.364368 0.102283 -0.007697 0.184394 -0.504038 0.132381 -0.224611 -0.134872 0.148562 -0.046120 0.048121 -0.154124 -0.189138 -0.165386 -0.110853 -0.130274 -0.060846 -0.324169 0.108776 -0.063050 0.147431 -0.128531 -0.090130 -0.218721 0.187532 -0.038556 -0.054249 -0.040624 -0.155529 -0.250199 -0.196660 -0.150744 -0.133808 -0.037704
-0.279101 -0.468037 0.709716 0.565076 0.019618 0.070440 1.000000 0.641045 0.313054 0.205410 0.028914 -0.002911 0.525142 0.156030 0.354474 0.372698 -0.319885 -0.322885 -0.094940 -0.276008 -0.126792 -0.045131 0.711290 0.617369 0.366429 0.222283 0.115801 0.119413 0.110077 -0.006597 0.500069 0.544272 0.107150 0.093141 -0.118562 -0.203819 -0.317379 -0.147006 -0.333229 -0.141248 -0.067296 -0.197601 -0.176323 -0.198346 -0.074248 0.060512 -0.241245 -0.426182 -0.054808 -0.029539 0.188074 -0.100837 -0.165095 -0.033314 -0.301317 -0.229505 -0.442114 -0.460597 -0.107242 -0.216824 -0.024613 -0.089333 -0.238756 -0.422930 0.433005 0.203495 -0.288208 -0.243469 -0.427098 -0.373710 0.145126 0.260238 0.134602 -0.123165 -0.044657 0.049538 -0.264990 -0.368313 -0.181083 -0.132844 -0.516674 -0.143427 0.005592 0.007831 -0.158749 -0.152928 -0.175655 -0.166435 -0.124333 -0.355099 -0.213200 -0.234988 -0.067218 -0.211724 0.142933 -0.193254 -0.381696 -0.174282 -0.255008 -0.445107 -0.135542 -0.209791 -0.195705 -0.284005 -0.151196 0.021231 -0.165724 -0.228856 -0.270945 -0.030839 -0.508571 -0.248304 -0.077675 -0.089138 -0.123978 -0.297176
-0.502442 -0.440410 0.515977 0.647318 0.201420 0.218798 0.641045 1.000000 0.272174 0.348272 -0.070232 -0.033484 0.185577 0.316461 0.110165 0.348637 -0.349851 -0.281327 -0.164000 -0.275536 -0.138621 -0.091680 0.526298 0.674057 0.243304 0.172382 -0.002510 -0.040321 0.005478 0.078268 0.363688 0.488370 -0.123753 0.112054 0.022607 0.091177 -0.423381 -0.347740 -0.451111 -0.167216 -0.157894 -0.452020 -0.055264 -0.037364 0.162640 0.342014 -0.158969 -0.238417 -0.060540 0.108968 0.202135 -0.153915 -0.155337 -0.183741 -0.275624 -0.268854 -0.451306 -0.362321 -0.331006 -0.263328 -0.293420 -0.013034 -0.276939 -0.272422 0.297599 0.347560 -0.177610 -0.010176 -0.388175 -0.231049 0.095638 0.050289 0.066288 -0.090810 -0.222171 0.062037 -0.321721 -0.195321 -0.207521 -0.040662 -0.424494 -0.029622 -0.038962 -0.031858 -0.191180 -0.192821 -0.141091 -0.341482 -0.161229 -0.491203 -0.092173 -0.253444 0.052209 -0.349420 -0.014615 -0.249849 -0.209477 -0.163472 -0.114751 -0.393006 -0.138991 -0.175029 -0.091637 -0.269827 -0.197769 0.081616 -0.024054 -0.105297 -0.220106 -0.222767 -0.230535 -0.150487 -0.119401 -0.274563 -0.252906 -0.249155
-0.163580 -0.180536 0.325383 0.317262 0.618789 0.056063 0.313054 0.272174 1.000000 0.644598 -0.167359 -0.127259 0.430006 0.316740 0.297684 0.416239 -0.296438 0.004796 -0.334595 -0.243492 -0.162897 -0.041521 0.191961 0.206328 0.572345 0.401431 -0.104137 -0.065233 0.157396 0.178704 0.160411 0.171912 -0.218769 -0.115665 0.008195 -0.158467 -0.364398 -0.382676 -0.315351 -0.364511 -0.067520 -0.479993 -0.196101 -0.265546 -0.070287 0.103197 -0.268361 -0.417255 0.045506 0.047843 0.150411 -0.145470 -0.166756 -0.170944 -0.420712 -0.460296 -0.163189 0.028934 0.144989 -0.077162 0.064665 0.016976 0.114496 -0.110914 0.282267 0.081784 -0.270546 -0.301492 -0.089449 0.013521 0.309014 0.248008 0.102144 0.183278 -0.079928 0.334138 -0.249277 -0.277390 0.132186 0.183326 -0.221000 0.249814 0.031629 -0.064409 -0.056078 -0.061884 -0.022878 -0.302106 0.008443 -0.200663 -0.121203 -0.280618 -0.115825 -0.349312 -0.013450 -0.132048 -0.298370 -0.026538 0.012882 -0.103691 -0.146131 -0.090906 -0.171422 -0.268125 0.072551 0.105755 -0.047543 -0.164959 0.064908 -0.035149 -0.193636 -0.249893 -0.186669 -0.128828 -0.063997 0.022965
-0.344673 -0.187596 0.292423 0.480959 0.474627 0.040782 0.205410 0.348272 0.644598 1.000000 -0.494306 -0.253442 0.179491 0.224802 0.113890 0.609817 -0.444334 0.190655 -0.205927 -0.147946 -0.210741 -0.097971 0.137119 0.335405 0.434763 0.210939 -0.353377 -0.313234 -0.101040 0.518474 -0.023293 0.077299 -0.224492 -0.110502 -0.050809 -0.061643 -0.401573 -0.450251 -0.203210 -0.208031 -0.017626 -0.331592 -0.207765 -0.243161 -0.127204 0.124123 -0.264800 -0.336183 -0.192581 0.042357 0.184640 -0.342679 -0.059132 -0.186098 -0.197000 -0.323289 -0.064012 0.071900 -0.098967 -0.080306 -0.071190 -0.149739 0.269385 -0.051590 0.297119 -0.102993 -0.282929 -0.301515 -0.163500 0.105059 0.075793 0.047298 0.063897 0.365995 -0.095668 0.361105 -0.294262 -0.102746 0.198996 0.305067 -0.199008 0.491543 -0.026343 -0.029588 -0.089664 -0.173443 0.252063 -0.273130 0.144198 -0.178064 -0.097966 -0.325723 -0.024692 -0.381654 0.145319 -0.045004 -0.111199 0.105921 0.108597 -0.069908 -0.214204 0.047995 -0.224098 -0.191321 0.035794 0.253908 -0.051953 -0.106854 0.361577 0.006498 -0.091231 -0.193898 -0.209639 -0.076305 -0.112489 -0.051228
0.391471 0.043529 -0.068054 -0.385428 0.011676 0.223464 0.028914 -0.070232 -0.167359 -0.494306 1.000000 0.416009 0.305969 0.388016 0.253417 -0.192818 0.661020 -0.079337 -0.066045 -0.075663 0.197059 0.078735 0.132083 -0.038865 -0.039417 0.162118 0.242515 0.226640 0.462116 -0.234269 0.446987 0.328426 0.053215 0.024828 -0.071373 -0.029794 0.307018 0.134638 -0.133193 -0.135138 -0.017312 -0.120932 -0.153162 -0.058926 -0.066783 -0.230200 -0.114251 -0.118364 0.077625 -0.192572 -0.179951 0.127977 -0.141895 0.007997 -0.174282 -0.011924 0.127888 -0.043951 0.112094 -0.275906 -0.031302 0.305905 -0.284189 0.181720 -0.228893 0.267705 -0.162902 0.045857 -0.027002 -0.161895 0.075709 0.216837 0.185864 -0.063702 0.159176 -0.069397 0.253450 -0.022026 -0.042630 -0.105740 0.149901 -0.193876 0.056781 -0.049689 -0.067194 0.021259 -0.346816 0.042909 -0.386019 -0.007452 -0.085873 0.051147 -0.279946 -0.025750 -0.321897 -0.039071 -0.096590 -0.132334 -0.205425 -0.146766 0.073608 0.003370 0.150488 -0.149604 -0.129814 -0.294507 0.259835 -0.015854 -0.388015 -0.034472 -0.162418 -0.137612 0.036892 0.195642 0.052925 -0.136289
0.424591 0.539479 -0.227412 -0.180914 0.060107 0.233508 -0.002911 -0.033484 -0.127259 -0.253442 0.416009 1.000000 0.104482 0.396076 0.254917 0.037306 0.527950 0.332167 0.002677 0.097241 0.244480 0.356942 -0.070850 -0.183293 -0.030758 0.188992 0.267616 0.383938 0.444812 0.170158 0.360558 0.289659 0.057484 0.143036 -0.025237 0.049358 0.115409 0.143742 0.204861 -0.015246 -0.139343 -0.023562 -0.222677 -0.126050 -0.148012 -0.346461 -0.124702 -0.130480 -0.114845 0.001504 -0.473034 0.110733 -0.290124 -0.041108 -0.093920 0.013392 0.211053 -0.214522 0.183804 -0.322321 0.174171 0.277859 -0.123864 0.010747 -0.324514 0.345101 -0.321585 -0.268363 -0.072375 -0.211904 0.014987 0.158808 -0.025894 -0.068216 -0.121664 -0.167795 0.112119 -0.078306 -0.045856 0.039758 0.136926 -0.188570 0.135521 0.314580 -0.179936 0.052795 -0.366199 0.134936 -0.392761 0.138457 -0.152968 -0.083909 -0.271400 -0.135500 -0.379359 -0.089629 -0.174226 -0.195319 -0.374806 -0.139320 -0.004443 -0.005656 0.041495 -0.187588 -0.153506 -0.060676 0.049739 0.028174 -0.169655 -0.075309 -0.338036 -0.166172 0.095396 0.193027 0.134120 -0.151557
-0.044857 -0.235329 0.426015 0.291275 0.203482 -0.007942 0.525142 0.185577 0.430006 0.179491 0.305969 0.104482 1.000000 0.446235 0.644050 0.388316 -0.037137 -0.021643 -0.250570 -0.264025 -0.109110 0.016196 0.560443 0.432254 0.517889 0.320469 0.126148 0.104764 0.373583 0.082879 0.471509 0.419866 -0.096844 -0.069075 -0.112488 -0.258251 -0.204920 -0.153918 -0.290705 -0.336581 -0.041240 -0.293910 -0.223133 -0.217526 -0.137752 -0.099541 -0.231172 -0.430697 0.091737 -0.075147 0.156260 -0.027323 -0.217706 -0.108309 -0.281322 -0.254350 -0.177760 -0.079342 0.050520 -0.257173 0.094953 0.037305 0.002659 -0.091983 0.211125 0.001012 -0.407735 -0.295727 -0.283156 -0.221635 0.328915 0.372457 0.287011 0.126225 0.011340 0.193266 -0.111243 -0.305902 0.028817 0.027454 -0.277327 -0.022144 0.000500 -0.113472 -0.035738 -0.240276 -0.199461 -0.228886 -0.215592 -0.191255 -0.385611 -0.282792 -0.393689 -0.296043 -0.138701 -0.154847 -0.395298 -0.213658 -0.383870 -0.387655 -0.122843 -0.027374 -0.200292 -0.287432 0.003172 0.031636 0.018972 -0.333570 -0.112270 -0.154195 -0.480098 -0.387479 -0.188843 0.013185 -0.073917 -0.098606
0.022441 0.078695 0.094034 0.071819 0.265087 0.110045 0.156030 0.316461 0.316740 0.224802 0.388016 0.396076 0.446235 1.000000 0.406217 0.422117 0.268961 0.136309 -0.343649 -0.353297 0.166600 0.271225 0.195693 0.218650 0.561333 0.586292 0.142156 0.103285 0.455775 0.333896 0.657547 0.640383 -0.303356 0.018838 -0.076839 0.016173 -0.203194 -0.240403 -0.288951 -0.206139 -0.050371 -0.436866 -0.274232 -0.100840 -0.013113 -0.033560 -0.328545 -0.310235 -0.034817 0.160610 -0.106032 0.009830 -0.110623 -0.286906 -0.295056 -0.370263 -0.009945 -0.128773 0.043311 -0.281969 -0.127295 0.334990 -0.148269 0.135041 -0.224968 0.185690 -0.388659 -0.343458 -0.144370 -0.112479 0.270154 0.404238 0.240038 0.237101 -0.130649 0.209583 -0.078722 -0.156271 0.178265 0.022341 -0.087577 0.065611 0.013571 -0.217122 -0.130794 -0.289049 -0.237039 -0.295690 -0.389687 -0.134090 -0.374537 -0.339480 -0.460227 -0.436762 -0.370190 -0.248024 -0.241098 -0.283602 -0.354299 -0.311445 -0.123718 0.052409 0.003419 -0.326602 -0.041415 0.161082 0.152249 -0.068629 -0.114798 -0.171089 -0.323949 -0.262220 -0.259644 -0.009970 -0.044857 -0.029274
0.111905 -0.003336 0.245669 0.213524 0.303226 0.246099 0.354474 0.110165 0.297684 0.113890 0.253417 0.254917 0.644050 0.406217 1.000000 0.533686 0.012327 -0.045968 -0.217566 -0.176116 0.007144 0.269713 0.496626 0.281050 0.537883 0.469887 0.257640 0.403407 0.349924 0.037962 0.520078 0.415133 -0.198453 -0.280840 -0.252677 -0.462188 -0.121284 -0.017744 0.011824 -0.071359 0.129392 -0.057216 -0.245691 -0.328790 -0.188194 -0.209439 -0.181487 -0.430977 0.011471 -0.084498 0.040265 0.083121 -0.183260 -0.079663 -0.178959 -0.307436 -0.061119 -0.107883 0.103326 -0.283571 0.023416 -0.145018 -0.111318 -0.225764 0.078943 0.030000 -0.496393 -0.453640 -0.159077 -0.116698 0.137460 0.330015 0.056569 -0.032800 -0.154947 -0.019715 -0.204968 -0.439434 0.100582 -0.042419 -0.171352 -0.109258 0.419182 -0.025771 0.141721 0.051117 -0.342111 -0.073738 -0.112519 -0.069186 -0.439074 -0.419905 -0.359452 -0.331627 -0.221818 -0.353654 -0.416944 -0.267461 -0.400734 -0.531282 -0.192292 0.088951 -0.267100 -0.353501 -0.073077 0.023488 0.093384 -0.208162 -0.151156 -0.219040 -0.577349 -0.460326 -0.223463 -0.062498 -0.112135 -0.013010
-0.280768 -0.208318 0.339869 0.490512 0.219139 0.188957 0.372698 0.348637 0.416239 0.609817 -0.192818 0.037306 0.388316 0.422117 0.533686 1.000000 -0.219976 0.137141 -0.334046 -0.301585 -0.042661 0.294689 0.468212 0.501919 0.493264 0.331631 -0.024377 0.147981 0.085299 0.475444 0.365653 0.375592 -0.285751 -0.207079 -0.280301 -0.311923 -0.422054 -0.226243 -0.060915 -0.005296 0.163204 -0.098709 -0.208839 -0.266816 -0.153668 -0.083229 -0.243277 -0.360232 -0.088632 0.049802 0.160744 -0.128467 -0.074507 -0.113657 -0.124204 -0.196138 -0.225264 -0.271775 -0.077413 -0.280660 -0.044328 -0.033016 0.046417 -0.192563 0.174883 0.079685 -0.557294 -0.553647 -0.376870 -0.162492 0.105818 0.211555 0.044336 0.207569 -0.201756 0.184805 -0.414220 -0.287829 0.056935 0.160424 -0.298225 0.181410 0.320881 0.146751 -0.102152 -0.069844 -0.039042 -0.004029 0.018039 -0.021708 -0.365220 -0.565190 -0.220795 -0.531473 0.070514 -0.239860 -0.291317 -0.062073 -0.193925 -0.402312 -0.241539 0.020606 -0.379115 -0.347657 -0.074046 0.234902 -0.020834 -0.292215 0.085804 -0.097557 -0.516696 -0.309270 -0.197994 -0.136422 -0.229721 -0.087241
0.588808 0.379434 -0.336375 -0.482199 -0.023521 0.248552 -0.319885 -0.349851 -0.296438 -0.444334 0.661020 0.527950 -0.037137 0.268961 0.012327 -0.219976 1.000000 0.243935 0.069144 0.056708 0.302969 0.184510 -0.269440 -0.358573 -0.152566 0.071947 0.245087 0.287383 0.494149 0.015265 0.239997 0.139590 0.280282 0.241883 -0.096861 0.015772 0.400131 0.277581 0.178864 0.012313 0.132064 0.145476 -0.205251 -0.012427 -0.152906 -0.424991 -0.122012 0.053715 -0.025627 -0.079194 -0.549555 0.109935 -0.191652 -0.102554 0.021895 0.213491 0.418408 0.023761 0.196730 -0.162482 0.118996 0.387158 -0.068475 0.359497 -0.628733 0.138425 -0.090826 -0.096358 0.192852 -0.020743 0.050101 0.153801 0.181485 0.008222 0.171676 -0.143691 0.363594 0.083001 0.164293 -0.008142 0.373644 -0.116043 0.169853 0.087199 -0.196713 0.002232 -0.305686 0.265329 -0.264519 0.235561 -0.082437 0.120601 -0.345680 -0.008204 -0.299953 0.015720 0.057389 -0.086764 -0.219346 0.090216 0.032876 0.035406 0.117962 0.007459 -0.007197 -0.106540 0.207396 0.126044 -0.227049 -0.030425 -0.027645 -0.088753 0.029560 0.151139 0.189030 0.084425
0.142883 0.441365 -0.218793 -0.160078 0.135460 -0.080366 -0.322885 -0.281327 0.004796 0.190655 -0.079337 0.332167 -0.021643 0.136309 -0.045968 0.137141 0.243935 1.000000 0.175926 0.196407 0.205423 0.240623 -0.258422 -0.276384 0.045855 0.041396 -0.183758 -0.161275 0.345884 0.671158 -0.071458 -0.017700 0.097096 0.119687 0.007371 0.188904 -0.028171 -0.057342 0.024421 -0.063430 0.025656 -0.022770 -0.176590 -0.068800 -0.222195 -0.252515 -0.227688 -0.080413 -0.273497 0.034464 -0.225671 -0.109032 -0.148188 -0.015990 -0.075366 -0.118744 0.358111 0.285526 -0.103999 -0.178662 -0.016037 0.063681 0.451926 0.477034 -0.103875 -0.077695 -0.224045 -0.251752 -0.035147 -0.021646 0.136272 0.163307 0.321651 0.530809 0.247139 0.240178 0.256770 0.313046 0.379024 0.619510 0.435882 0.477991 -0.035459 0.335015 -0.195308 -0.208613 0.103600 -0.018542 -0.245030 0.095698 -0.250719 -0.271698 -0.411835 -0.340936 -0.045250 -0.098413 -0.016612 0.076008 -0.043654 0.047645 -0.199440 -0.040487 -0.176842 -0.130190 -0.103074 -0.016642 0.068209 -0.027760 0.108704 -0.115546 -0.138658 -0.120666 -0.054318 0.111888 -0.018066 -0.209924
0.070754 0.185204 0.200964 0.061110 -0.291648 -0.190860 -0.094940 -0.164000 -0.334595 -0.205927 -0.066045 0.002677 -0.250570 -0.343649 -0.217566 -0.334046 0.069144 0.175926 1.000000 0.496223 0.081822 -0.237479 -0.150257 0.000755 -0.142881 -0.083148 -0.073617 -0.181432 -0.076518 0.037090 -0.249325 -0.161311 0.496211 0.297405 -0.022132 0.043470 0.283654 0.237804 0.184769 0.259233 0.110132 0.320585 -0.173809 -0.165887 -0.335207 -0.324273 -0.063639 0.029899 -0.508713 -0.367877 -0.348063 -0.362329 -0.137637 -0.156297 0.202297 0.074119 0.268872 0.164366 -0.186580 0.022254 0.016439 -0.338848 0.053982 -0.007974 -0.019405 -0.198218 0.044968 0.031453 0.224206 0.104702 -0.276089 -0.244601 -0.033060 0.060585 0.213716 -0.091656 0.326170 0.241465 -0.003351 0.132954 0.173725 0.082945 -0.043041 0.141268 0.213634 0.043284 0.239018 0.127700 0.188317 0.049925 -0.063843 0.215918 0.214139 0.056966 0.194749 -0.012442 0.248212 0.032924 -0.050157 0.133598 0.117848 -0.107304 0.223529 0.062251 0.124692 0.041099 0.134907 0.253447 -0.049212 0.054055 0.056184 -0.089420 -0.077607 0.052332 0.045354 -0.130821
0.160475 0.175133 -0.238940 -0.106143 -0.044793 0.090223 -0.276008 -0.275536 -0.243492 -0.147946 -0.075663 0.097241 -0.264025 -0.353297 -0.176116 -0.301585 0.056708 0.196407 0.496223 1.000000 -0.005578 -0.097830 -0.274451 -0.109186 -0.330221 -0.225792 -0.007966 0.124955 -0.244236 -0.163499 -0.402094 -0.377012 0.244327 0.117403 -0.103584 0.010753 0.134227 0.336927 0.244401 0.088827 -0.022028 0.214876 -0.138058 -0.247216 -0.280426 -0.405747 0.057017 0.067123 -0.333001 -0.395943 -0.339826 -0.369572 -0.087398 -0.208260 0.110140 0.019327 0.390774 0.283519 0.028345 0.104702 0.192634 -0.119663 0.197007 0.135125 -0.010897 -0.174706 0.165044 0.194921 0.454895 0.588012 -0.331861 -0.388329 -0.292446 -0.137505 -0.100194 -0.308873 0.133952 0.293434 -0.171546 0.103710 0.288409 0.173605 0.008363 0.083908 0.027164 0.119213 -0.052796 0.095394 0.145807 0.140794 0.356281 0.451149 0.335415 0.163514 0.078279 0.187638 0.125302 0.127955 0.122193 0.239862 0.303139 -0.080680 0.173066 0.050695 -0.063795 -0.053223 0.115213 0.279709 0.285257 0.132355 0.281910 0.094954 0.071485 -0.001724 -0.156254 0.003753
0.152873 0.309194 -0.198459 -0.293353 -0.150019 0.067206 -0.126792 -0.138621 -0.162897 -0.210741 0.197059 0.244480 -0.109110 0.166600 0.007144 -0.042661 0.302969 0.205423 0.081822 -0.005578 1.000000 0.483764 -0.065771 -0.137459 -0.058589 0.228780 0.258597 0.282536 0.223698 0.101134 0.166299 0.206441 0.080809 0.187287 -0.111211 -0.033767 0.073063 0.016838 0.095882 0.065212 0.120539 0.171534 0.041824 -0.029987 -0.250313 -0.257528 0.027727 -0.071705 -0.326786 -0.096806 -0.160405 0.054628 0.093350 0.190340 0.155437 -0.123421 0.238533 0.086063 -0.022465 -0.108984 -0.089782 -0.068500 -0.023202 -0.103926 -0.282421 0.029829 -0.116814 -0.229687 0.256937 0.113700 0.084341 0.228717 -0.057733 0.144466 0.103108 0.048647 0.090224 -0.023210 0.182585 0.021930 0.202655 -0.104794 0.047251 0.232364 0.050630 -0.146808 0.161746 0.304870 -0.021524 0.114363 -0.233642 -0.071230 -0.168657 -0.025818 -0.145631 -0.135240 -0.016403 0.023447 -0.069941 -0.034643 -0.039411 -0.035824 0.072625 -0.024789 0.005177 0.027300 0.079934 0.224624 -0.124188 -0.039749 -0.051191 0.066518 0.091931 0.293777 0.061371 0.014746
0.076893 0.215281 -0.210180 -0.192978 -0.048682 0.120715 -0.045131 -0.091680 -0.041521 -0.097971 0.078735 0.356942 0.016196 0.271225 0.269713 0.294689 0.184510 0.240623 -0.237479 -0.097830 0.483764 1.000000 0.170890 -0.103031 0.141344 0.338672 0.229598 0.533031 0.268143 0.195990 0.416594 0.345550 -0.266416 -0.244230 -0.194167 -0.299577 0.007341 0.075758 0.104530 0.060780 -0.086811 0.146719 0.057480 -0.042345 -0.086473 -0.081162 -0.040408 -0.087219 0.017018 0.214659 0.010693 0.366098 0.218799 0.237292 -0.007548 -0.200734 -0.052284 -0.219305 0.137208 -0.108054 -0.073101 0.126561 -0.072267 -0.059717 -0.191873 0.165249 -0.281210 -0.364553 -0.089754 -0.082484 0.141451 0.236517 -0.075524 0.068828 -0.109846 -0.022609 -0.281071 -0.272410 0.104664 -0.065151 0.033088 -0.139004 0.207082 0.191085 -0.144623 0.094809 -0.167748 0.136440 -0.020024 0.146669 -0.203461 -0.306580 -0.342208 -0.092774 -0.119630 -0.175523 -0.368992 -0.014049 -0.072495 -0.152220 -0.164077 0.108185 -0.163471 -0.206209 -0.121006 0.048762 0.102199 -0.186070 -0.133685 -0.115922 -0.314246 0.124324 0.162995 0.154680 -0.052295 0.099097
-0.347345 -0.490037 0.610723 0.568006 -0.071471 0.159502 0.711290 0.526298 0.191961 0.137119 0.132083 -0.070850 0.560443 0.195693 0.496626 0.468212 -0.269440 -0.258422 -0.150257 -0.274451 -0.065771 0.170890 1.000000 0.732285 0.419771 0.384725 0.097069 0.236466 0.124129 -0.025396 0.539637 0.526685 -0.088412 -0.179237 -0.083655 -0.296602 -0.182061 -0.149258 -0.272201 -0.069962 -0.057028 -0.174826 -0.109519 -0.251151 -0.143798 0.005935 -0.216257 -0.441351 -0.026102 -0.097710 0.320581 -0.007898 -0.169515 -0.005405 -0.167435 -0.248028 -0.415618 -0.300886 -0.225997 -0.292407 -0.247861 -0.242379 -0.286460 -0.391425 0.335335 0.172997 -0.437186 -0.267329 -0.479585 -0.316889 0.193615 0.279510 0.043366 -0.048928 -0.048215 0.095767 -0.250821 -0.384574 -0.152919 -0.062512 -0.387040 -0.107756 0.103200 -0.163631 -0.054089 -0.036858 -0.110615 -0.169641 -0.004595 -0.220155 -0.293864 -0.305849 -0.132172 -0.281058 0.073309 -0.426749 -0.488016 -0.241578 -0.262883 -0.519874 -0.156892 -0.176222 -0.282255 -0.327427 -0.112428 0.001265 0.056632 -0.328442 -0.246370 -0.148251 -0.498183 -0.280556 -0.071896 -0.123191 -0.283397 -0.167147
-0.564886 -0.576612 0.642677 0.714999 -0.006450 0.164494 0.617369 0.674057 0.206328 0.335405 -0.038865 -0.183293 0.432254 0.218650 0.281050 0.501919 -0.358573 -0.276384 0.000755 -0.109186 -0.137459 -0.103031 0.732285 1.000000 0.393322 0.303400 0.102859 0.080150 -0.111248 0.021142 0.321068 0.437597 -0.126938 -0.048249 -0.179217 -0.196446 -0.355283 -0.236348 -0.329943 -0.085922 -0.028926 -0.274914 -0.069249 -0.178140 -0.033730 0.124067 -0.114036 -0.294095 -0.188245 -0.146499 0.299951 -0.266694 -0.121672 -0.153842 -0.064117 -0.220598 -0.349080 -0.181986 -0.404951 -0.336374 -0.240900 -0.248891 -0.228927 -0.398624 0.373858 0.115005 -0.378323 -0.124558 -0.327802 -0.033454 0.005690 -0.022742 -0.066867 -0.055611 -0.173490 0.002806 -0.352636 -0.351131 -0.225951 -0.037084 -0.418527 -0.041661 0.045021 -0.102062 -0.001146 -0.113099 0.070843 -0.165938 0.064297 -0.291218 -0.232852 -0.213472 0.122735 -0.377907 0.084735 -0.251666 -0.255392 -0.220538 -0.254020 -0.398480 -0.000885 -0.222802 -0.136747 -0.300398 -0.058247 0.178772 0.099659 -0.245454 -0.158068 -0.148416 -0.332617 -0.249407 -0.194793 -0.158717 -0.367372 -0.138779
-0.162739 -0.141914 0.476988 0.332029 0.309926 -0.181489 0.366429 0.243304 0.572345 0.434763 -0.039417 -0.030758 0.517889 0.561333 0.537883 0.493264 -0.152566 0.045855 -0.142881 -0.330221 -0.058589 0.141344 0.419771 0.393322 1.000000 0.739528 0.042865 -0.037083 0.323170 0.342671 0.569739 0.570106 -0.203162 -0.130033 -0.025852 -0.262891 -0.260606 -0.210343 -0.323207 -0.333397 0.071250 -0.402557 -0.287367 -0.304390 -0.089971 0.055056 -0.384327 -0.442122 -0.120844 0.112825 0.088212 -0.113178 -0.216145 -0.278034 -0.372512 -0.554571 -0.106753 -0.100926 0.048269 -0.172309 -0.053961 -0.150512 0.015415 -0.118639 0.105144 -0.003152 -0.509741 -0.528746 -0.155600 -0.076693 0.281113 0.400132 0.192658 0.263555 -0.084387 0.342144 -0.165403 -0.242482 0.260492 0.157818 -0.184100 0.252863 0.072333 -0.356997 -0.004596 -0.113496 0.001920 -0.485943 -0.070241 -0.198090 -0.481571 -0.428484 -0.423585 -0.461014 -0.117011 -0.271213 -0.301838 -0.198091 -0.186256 -0.262373 -0.249350 0.045157 -0.287175 -0.369253 0.008796 0.358889 0.031969 -0.174415 -0.059762 -0.098282 -0.360093 -0.281547 -0.312441 -0.038060 -0.044101 0.096444
-0.118836 -0.003038 0.279454 0.141411 0.183386 0.075676 0.222283 0.172382 0.401431 0.210939 0.162118 0.188992 0.320469 0.586292 0.469887 0.331631 0.071947 0.041396 -0.083148 -0.225792 0.228780 0.338672 0.384725 0.303400 0.739528 1.000000 0.093137 0.246874 0.434504 0.198077 0.645345 0.611543 -0.141641 -0.012975 -0.028672 -0.173742 -0.046849 -0.190751 -0.161259 -0.079008 0.028659 -0.306110 -0.311098 -0.373624 -0.272682 -0.076942 -0.364334 -0.530471 -0.268870 -0.077521 -0.001449 -0.111327 -0.281128 -0.265133 -0.285073 -0.512247 0.011382 0.011547 -0.033156 -0.237284 -0.153302 -0.114917 -0.181763 -0.196960 -0.018800 0.154207 -0.439969 -0.410082 -0.042141 -0.021030 0.282247 0.383296 0.140535 0.200609 -0.013821 0.221676 -0.080381 -0.254878 0.320886 0.093511 -0.032274 0.092066 0.107050 -0.317539 0.096295 0.021200 -0.090516 -0.211662 -0.114960 -0.067039 -0.453603 -0.431137 -0.344693 -0.474987 -0.156732 -0.341813 -0.331425 -0.228712 -0.259808 -0.401892 -0.250336 -0.035242 -0.159869 -0.479641 0.017081 0.126834 0.195697 -0.186000 -0.179672 -0.160871 -0.369743 -0.310970 -0.214264 0.003109 -0.085666 0.041314
0.181792 0.017550 -0.082050 -0.022205 0.081182 0.194432 0.115801 -0.002510 -0.104137 -0.353377 0.242515 0.267616 0.126148 0.142156 0.257640 -0.024377 0.245087 -0.183758 -0.073617 -0.007966 0.258597 0.229598 0.097069 0.102859 0.042865 0.093137 1.000000 0.603954 0.107358 -0.330100 0.211450 0.188712 0.109748 -0.000720 -0.147753 -0.258481 -0.145478 0.056796 0.055973 -0.031118 0.003009 0.032410 0.093865 0.129531 0.158437 -0.030672 0.153226 0.116486 0.080218 0.106234 -0.130593 0.229363 0.032040 0.026589 -0.022981 0.027561 0.117173 -0.091609 -0.047269 -0.027051 -0.050007 0.146448 -0.204619 -0.048689 -0.223653 0.199989 -0.048946 -0.070542 0.196498 0.085643 -0.075727 0.085911 -0.305390 -0.380220 -0.302663 -0.315258 -0.221529 -0.427888 -0.109641 -0.349647 -0.125821 -0.373986 0.129153 0.156109 -0.018285 0.012558 -0.154400 0.132483 -0.172747 -0.023484 -0.146077 0.137677 -0.007582 0.093732 -0.294605 -0.178748 -0.163990 -0.211847 -0.444217 -0.098696 0.197980 0.023147 0.014218 0.001328 0.048179 0.060238 -0.142190 0.146876 -0.376116 -0.106780 -0.191152 -0.179122 0.013962 0.116046 0.070453 0.149929
0.227621 0.116906 -0.125364 -0.032309 0.064712 0.553413 0.119413 -0.040321 -0.065233 -0.313234 0.226640 0.383938 0.104764 0.103285 0.403407 0.147981 0.287383 -0.161275 -0.181432 0.124955 0.282536 0.533031 0.236466 0.080150 -0.037083 0.246874 0.603954 1.000000 0.083373 -0.352955 0.308104 0.185460 -0.013485 -0.106948 -0.200815 -0.412109 -0.003953 0.275103 0.330837 0.192336 -0.084524 0.154510 -0.045427 -0.141212 -0.132264 -0.313150 0.045615 -0.080189 0.093078 -0.059262 -0.213805 0.224839 -0.057263 0.009777 0.045110 0.005969 0.037446 -0.120241 0.176645 -0.088371 0.070998 0.144307 -0.193714 -0.162182 -0.244159 0.190318 -0.151178 -0.164375 0.104133 0.048531 -0.052345 0.005940 -0.394012 -0.498576 -0.386170 -0.500216 -0.236513 -0.447099 -0.145165 -0.306315 0.012099 -0.334595 0.450020 0.193917 -0.070370 0.280784 -0.491443 0.255609 -0.047066 0.182522 -0.051153 0.062663 -0.077750 0.037937 -0.107613 -0.187335 -0.275984 -0.156588 -0.291915 -0.244408 0.079847 0.006635 0.015984 -0.129196 0.027240 -0.006890 0.180976 -0.028481 -0.203789 -0.047311 -0.316304 -0.200180 0.001817 -0.084604 -0.035923 0.198397
0.125409 0.155681 -0.001547 -0.183962 0.163119 0.013787 0.110077 0.005478 0.157396 -0.101040 0.462116 0.444812 0.373583 0.455775 0.349924 0.085299 0.494149 0.345884 -0.076518 -0.244236 0.223698 0.268143 0.124129 -0.111248 0.323170 0.434504 0.107358 0.083373 1.000000 0.366888 0.630358 0.558671 0.136672 0.253336 -0.036585 0.020899 0.090401 -0.132633 -0.262130 -0.297233 -0.037822 -0.246377 -0.288069 -0.090390 -0.029690 -0.097460 -0.317333 -0.316397 -0.079004 0.125342 -0.225909 0.133230 -0.277279 -0.105539 -0.352702 -0.212519 0.050019 -0.157009 -0.123685 -0.316428 -0.171817 0.209046 0.013775 0.249696 -0.216987 0.254160 -0.323418 -0.302148 -0.117094 -0.300819 0.375043 0.517006 0.608707 0.345873 0.325109 0.246290 0.223898 -0.046663 0.386690 0.289608 0.277903 0.108866 0.150620 0.097291 -0.162346 -0.155040 -0.170014 -0.062665 -0.489036 -0.210087 -0.504364 -0.389968 -0.627237 -0.468805 -0.249926 -0.228417 -0.284789 -0.072141 -0.303511 -0.282122 -0.292133 -0.170567 -0.345001 -0.349498 -0.237949 -0.056364 0.000332 -0.104071 -0.310093 -0.166020 -0.377936 -0.268695 -0.059871 0.092806 0.030019 -0.148180
-0.123070 0.237221 0.087100 0.140970 0.070643 -0.225957 -0.006597 0.078268 0.178704 0.518474 -0.234269 0.170158 0.082879 0.333896 0.037962 0.475444 0.015265 0.671158 0.037090 -0.163499 0.101134 0.195990 -0.025396 0.021142 0.342671 0.198077 -0.330100 -0.352955 0.366888 1.000000 0.191746 0.280956 0.065569 0.148848 -0.004978 0.134580 -0.193643 -0.237161 -0.214431 -0.223045 0.137339 -0.091732 -0.223230 -0.111150 -0.106765 -0.001962 -0.322616 -0.173585 -0.264628 0.222296 -0.049537 -0.115786 -0.116857 -0.056028 -0.135522 -0.214750 0.081863 -0.038462 -0.172894 -0.158449 -0.082442 -0.006336 0.294663 0.176943 -0.017806 -0.084426 -0.390331 -0.446507 -0.298021 -0.149048 0.224109 0.301215 0.465973 0.713260 0.265173 0.510302 0.079111 0.227284 0.400930 0.534775 0.126136 0.448260 -0.069002 0.177976 -0.260099 -0.357525 0.239172 -0.101561 -0.171725 -0.127246 -0.465172 -0.537639 -0.480219 -0.452787 -0.034686 -0.035765 -0.063210 0.052751 -0.023653 -0.057903 -0.374089 0.027465 -0.385604 -0.268505 -0.213991 0.238189 -0.060143 -0.089201 0.106584 -0.088762 -0.211291 -0.123387 -0.120582 0.035898 -0.058520 -0.190893
-0.089642 -0.150277 0.290102 0.084488 0.035656 0.110401 0.500069 0.363688 0.160411 -0.023293 0.446987 0.360558 0.471509 0.657547 0.520078 0.365653 0.239997 -0.071458 -0.249325 -0.402094 0.166299 0.416594 0.539637 0.321068 0.569739 0.645345 0.211450 0.308104 0.630358 0.191746 1.000000 0.923569 -0.073303 0.074149 -0.103918 -0.170638 -0.134387 -0.131106 -0.352302 -0.253912 -0.080006 -0.294888 -0.233128 -0.124341 0.011431 0.012939 -0.329479 -0.361228 0.017050 0.206164 -0.000708 0.200331 -0.213634 -0.101268 -0.439018 -0.316279 -0.236231 -0.452085 -0.013176 -0.305721 -0.150388 0.215065 -0.254680 -0.073127 -0.069720 0.336867 -0.435188 -0.395197 -0.308264 -0.346069 0.262749 0.460146 0.306017 0.066157 -0.000096 0.107936 -0.149532 -0.336274 0.099124 -0.057602 -0.128513 -0.074193 0.123582 -0.138156 -0.231008 -0.116739 -0.328666 -0.223014 -0.417207 -0.240818 -0.501795 -0.447392 -0.550561 -0.417969 -0.201952 -0.273109 -0.429513 -0.198750 -0.368188 -0.460451 -0.285455 -0.025350 -0.232702 -0.396030 -0.170890 0.112055 0.117363 -0.180541 -0.353554 -0.074330 -0.519552 -0.260502 -0.122908 0.011288 0.034912 -0.108731
-0.202385 -0.188870 0.377372 0.177935 0.017838 0.040809 0.544272 0.488370 0.171912 0.077299 0.328426 0.289659 0.419866 0.640383 0.415133 0.375592 0.139590 -0.017700 -0.161311 -0.377012 0.206441 0.345550 0.526685 0.437597 0.570106 0.611543 0.188712 0.185460 0.558671 0.280956 0.923569 1.000000 -0.007217 0.227732 -0.083963 -0.078907 -0.269655 -0.232629 -0.443121 -0.259739 -0.058600 -0.347759 -0.163723 -0.074554 0.067348 0.092824 -0.297281 -0.304971 -0.100283 0.217190 0.043914 0.104642 -0.194015 -0.097252 -0.413788 -0.351015 -0.252227 -0.418228 -0.133706 -0.324366 -0.240224 0.107054 -0.249079 -0.132971 0.021251 0.294395 -0.438807 -0.379088 -0.297116 -0.280121 0.215458 0.397390 0.291356 0.102890 -0.035820 0.104361 -0.241628 -0.308675 0.088281 0.013243 -0.158856 -0.050697 0.062865 -0.073050 -0.259291 -0.253495 -0.182290 -0.223055 -0.406803 -0.342493 -0.534204 -0.446182 -0.485091 -0.437687 -0.147226 -0.285182 -0.356858 -0.175121 -0.376201 -0.428707 -0.219059 -0.045792 -0.188608 -0.361867 -0.150763 0.176232 0.097171 -0.123811 -0.399461 -0.069410 -0.465915 -0.213402 -0.137927 0.016583 -0.015460 -0.117458
0.282132 0.137113 0.117886 -0.048288 -0.177023 -0.014858 0.107150 -0.123753 -0.218769 -0.224492 0.053215 0.057484 -0.096844 -0.303356 -0.198453 -0.285751 0.280282 0.097096 0.496211 0.244327 0.080809 -0.266416 -0.088412 -0.126938 -0.203162 -0.141641 0.109748 -0.013485 0.136672 0.065569 -0.073303 -0.007217 1.000000 0.627453 0.043817 0.048807 0.102150 0.237429 0.049325 0.088773 0.109675 0.247351 -0.196496 -0.118963 -0.205038 -0.315104 -0.122320 0.031181 -0.223771 -0.202093 -0.335784 -0.230142 -0.334101 -0.135775 0.091591 0.195075 0.289820 -0.014036 -0.017003 0.143735 0.173351 -0.019423 0.165174 0.065340 -0.143708 -0.103198 0.136274 -0.036990 0.125439 -0.062566 -0.193052 -0.151801 0.113167 -0.041630 0.237493 -0.088818 0.282419 0.110148 0.079657 0.106345 0.275913 0.066800 -0.031195 0.171722 -0.036868 -0.164055 0.077355 0.207139 -0.030207 -0.095440 -0.162242 0.111103 0.018182 0.073349 0.046634 0.040635 0.274633 -0.030880 -0.110591 0.171542 0.040200 -0.115820 -0.043739 0.181090 0.065917 -0.004277 -0.022538 0.229508 -0.169025 0.085877 0.024019 -0.188375 -0.098068 -0.010366 0.099626 -0.065523
-0.031163 0.102050 0.075617 -0.050138 -0.079165 -0.030104 0.093141 0.112054 -0.115665 -0.110502 0.024828 0.143036 -0.069075 0.018838 -0.280840 -0.207079 0.241883 0.119687 0.297405 0.117403 0.187287 -0.244230 -0.179237 -0.048249 -0.130033 -0.012975 -0.000720 -0.106948 0.253336 0.148848 0.074149 0.227732 0.627453 1.000000 0.194430 0.307075 -0.060002 -0.042373 -0.083479 -0.032715 0.130882 0.062387 -0.140589 0.002609 -0.086727 -0.152767 -0.217275 -0.003439 -0.302102 -0.109206 -0.315373 -0.246761 -0.344754 -0.231240 -0.098562 0.056261 0.155223 -0.005430 -0.165402 -0.042922 0.009624 0.211243 0.098892 0.094487 -0.079721 0.149351 0.129272 0.060327 0.160523 0.023782 0.025654 -0.074238 0.287550 0.058064 0.232002 0.022676 0.228422 0.169629 0.110426 0.064511 0.143243 -0.005879 -0.154199 0.132100 -0.183835 -0.311009 -0.018515 0.108060 -0.229463 -0.207002 -0.128328 0.039390 -0.038127 -0.093074 -0.025169 -0.041985 0.180942 0.134197 -0.243342 0.034511 0.063072 -0.191980 -0.009289 0.119263 -0.038761 0.066848 -0.079805 0.236411 -0.109204 0.076587 0.122877 -0.073464 -0.052971 0.007347 0.088540 -0.153263
-0.032205 0.033338 -0.061166 -0.044309 0.041978 -0.142728 -0.118562 0.022607 0.008195 -0.050809 -0.071373 -0.025237 -0.112488 -0.076839 -0.252677 -0.280301 -0.096861 0.007371 -0.022132 -0.103584 -0.111211 -0.194167 -0.083655 -0.179217 -0.025852 -0.028672 -0.147753 -0.200815 -0.036585 -0.004978 -0.103918 -0.083963 0.043817 0.194430 1.000000 0.470320 0.014648 -0.167865 -0.136319 -0.191969 -0.231688 -0.201432 0.158346 0.146216 0.149638 0.153874 0.043316 0.004221 0.045732 0.099438 0.069951 0.083514 -0.195531 -0.047970 -0.101231 -0.014722 -0.109675 -0.032784 -0.107413 -0.014995 0.044461 -0.013179 -0.054428 -0.055836 0.121572 0.195463 0.201166 0.218842 -0.095715 -0.117207 0.106120 0.118523 0.127055 0.130041 0.118682 0.286590 0.270546 0.272186 -0.050020 0.208726 -0.010771 0.090402 -0.310702 -0.119133 -0.128009 0.006893 0.038557 -0.224571 -0.187317 -0.220537 0.018774 0.053922 -0.019340 0.070401 0.036883 -0.087439 0.178226 0.099861 0.133691 -0.018115 0.003022 -0.104727 0.088904 0.117817 0.059137 0.113376 -0.064787 0.225882 0.030003 0.088828 0.271956 0.049606 -0.044274 -0.061084 0.242663 0.029498
-0.165630 0.031045 -0.157207 -0.142148 0.019501 -0.132720 -0.203819 0.091177 -0.158467 -0.061643 -0.029794 0.049358 -0.258251 0.016173 -0.462188 -0.311923 0.015772 0.188904 0.043470 0.010753 -0.033767 -0.299577 -0.296602 -0.196446 -0.262891 -0.173742 -0.258481 -0.412109 0.020899 0.134580 -0.170638 -0.078907 0.048807 0.307075 0.470320 1.000000 -0.056902 -0.182031 -0.129538 -0.059347 -0.000467 -0.203166 -0.000423 0.119061 0.148138 0.186645 -0.102346 -0.005657 -0.037782 0.023358 0.038471 -0.152860 -0.125942 -0.123366 -0.104540 0.047265 -0.087181 0.022383 -0.207900 -0.057304 -0.117670 0.104716 -0.099502 0.177985 0.070171 0.200525 0.372648 0.367553 -0.047641 -0.054813 0.139071 0.043593 0.283944 0.186612 0.180886 0.161606 0.312705 0.508270 -0.003738 0.201317 0.084119 0.167769 -0.307555 0.005173 -0.160466 -0.213951 0.110166 -0.096823 -0.307853 -0.151893 0.168574 0.053006 0.085944 0.007269 -0.070034 0.104031 0.290658 0.170714 0.066350 0.101324 -0.057816 -0.290177 0.192987 0.059961 -0.149031 0.018737 -0.271189 0.335824 0.125213 0.093539 0.359091 0.046155 0.055305 0.009258 0.114695 -0.190777
