1.000000 0.288656 -0.019070 -0.077587 -0.121988 -0.096967 -0.001971 -0.061954 0.006148 0.061020 0.185646 0.059078 -0.173491 -0.010969 -0.062876 0.145276 0.370262 0.158941 0.172668 0.174690 0.011816 -0.150490 -0.203885 -0.200009 -0.225960 -0.158709 -0.095413 -0.191758 0.352072 0.234356 -0.166716 0.124705 0.325511 0.175318 -0.171961 -0.251227 0.086907 0.177179 -0.089892 0.006258 0.198175 0.249821 -0.233204 -0.312139 -0.107624 -0.208725 -0.327035 -0.332687 -0.198336 -0.328204 -0.032622 -0.354057 -0.302682 -0.340150 -0.127610 -0.299898 0.509528 0.332017 0.119169 -0.126935 0.032124 0.056287 0.269157 0.238564 -0.323405 -0.023800 0.080125 -0.330314 -0.052347 -0.194694 0.019742 -0.021141 0.220457 0.392954 0.247612 0.213892 0.427347 0.301076 0.215117 0.103846 0.532203 0.358520 -0.134131 0.238472 -0.153169 0.112663 -0.121810 0.150982 -0.144757 -0.071307 -0.258138 -0.142063 -0.052135 -0.149608 -0.100293 -0.050371 -0.253133 0.130523 -0.170022 0.090758 0.007953 0.028531 0.004458 -0.053126 -0.093286 -0.042384 0.090447 -0.015487 -0.015949 0.009311 -0.184457 -0.112253 0.136833 0.058880 -0.120331 -0.363602
0.288656 1.000000 -0.103401 0.315714 0.011500 0.064157 0.088698 0.155908 0.040620 0.190325 0.257430 0.363367 0.068030 0.153212 0.107756 0.243679 0.176501 0.269291 0.066027 0.308901 0.062436 0.040606 -0.279914 -0.030969 -0.028433 -0.020906 0.051201 -0.077458 0.151592 0.284336 -0.060707 -0.091420 -0.003454 0.285016 -0.251000 -0.248653 -0.042688 -0.060979 0.143278 -0.187756 0.155815 0.125328 -0.140932 -0.032835 -0.148564 -0.140738 -0.149676 -0.109024 -0.199246 -0.109382 -0.079740 -0.141495 -0.172493 -0.025476 -0.155200 -0.186628 0.055033 0.342721 -0.245439 -0.081821 -0.099208 0.094290 0.025934 0.029808 -0.189873 -0.141264 -0.307051 -0.349491 0.012542 -0.019593 0.152015 -0.222025 0.250737 0.393633 0.060069 0.345675 0.005651 0.191560 -0.004921 0.160469 0.402470 0.338351 0.022024 0.163982 -0.272726 -0.072149 0.171423 0.025308 0.014041 0.019916 -0.062627 -0.048826 0.033507 -0.128307 -0.149468 -0.141814 -0.050321 -0.099971 -0.125155 -0.039405 0.044792 -0.058049 0.140051 -0.167194 -0.210899 -0.095200 -0.195236 -0.274872 -0.114220 -0.226392 -0.222074 -0.002672 0.080948 0.001863 -0.127727 -0.132367
-0.019070 -0.103401 1.000000 0.079936 0.202328 -0.019431 0.728955 0.086191 0.150100 -0.038350 0.231574 -0.129431 0.319763 -0.204717 0.115180 -0.037810 -0.122952 0.103938 0.417066 0.126222 0.080375 -0.155259 0.480793 0.110552 0.080533 -0.031584 0.240706 0.059978 0.107856 -0.178381 0.316602 0.178041 -0.108999 0.084133 0.057857 -0.101341 0.138001 -0.223924 0.000798 -0.070372 0.028251 -0.186655 -0.212128 -0.303162 -0.143012 -0.279697 -0.160639 -0.288041 -0.158926 -0.272790 -0.058793 -0.211461 -0.077356 0.021083 0.133356 -0.254422 -0.119336 -0.195556 -0.011665 -0.314128 0.410108 -0.232511 0.043493 0.001209 0.453220 -0.280949 -0.078780 -0.214225 -0.224073 -0.080297 0.145363 -0.028945 -0.037172 -0.233145 0.130865 -0.227257 0.016730 0.151581 0.188584 -0.326057 -0.092149 0.075562 0.311470 0.230690 0.433036 0.009692 0.176228 0.054998 0.386137 0.104643 -0.169834 0.120933 0.044100 0.304633 -0.044593 0.014805 -0.288297 -0.063799 -0.246890 0.115274 -0.116040 0.044289 -0.179823 -0.046937 -0.158533 0.106378 -0.220923 -0.226133 0.095918 0.033995 -0.238436 -0.060278 0.088447 0.071249 0.061139 -0.018870
-0.077587 0.315714 0.079936 1.000000 -0.264029 -0.148923 0.144579 0.400988 -0.080424 0.126127 -0.031805 0.342269 0.113088 0.288926 -0.025625 0.238680 0.001374 0.101397 0.082585 0.220205 0.082850 0.229736 0.215430 0.487576 0.020097 0.216369 0.016616 0.031324 -0.067346 0.105944 0.395701 0.362758 -0.087938 0.159935 0.013737 0.111974 0.102960 0.022967 -0.032645 -0.013582 0.241514 0.171449 -0.106353 -0.036416 -0.135924 -0.030200 -0.072547 -0.060036 -0.318232 -0.084392 -0.192404 -0.153717 -0.133294 0.147185 -0.257206 -0.073748 0.039474 -0.061701 -0.493814 -0.351735 0.142089 0.082220 -0.057302 -0.154572 0.173472 0.067320 -0.482489 -0.178094 -0.220894 -0.116620 0.047962 0.118859 -0.154077 0.033062 -0.048492 0.183156 -0.150498 -0.099683 -0.023073 -0.156261 0.084588 0.203068 0.261830 0.309623 0.111422 0.076737 0.182345 0.169911 0.103084 0.036057 0.019478 -0.106267 0.267251 -0.025650 0.083132 0.076209 -0.063740 0.036208 -0.128015 -0.027334 0.115925 -0.271731 -0.133960 -0.314922 -0.355921 -0.160183 -0.024217 -0.175828 0.019427 -0.155051 -0.158562 0.131301 -0.089183 -0.197310 -0.052446 0.019236
-0.121988 0.011500 0.202328 -0.264029 1.000000 0.471374 0.369028 0.087479 0.513832 0.286366 0.000093 -0.047567 0.194400 0.002475 0.421129 0.063255 0.008862 -0.027778 -0.117761 -0.132343 0.163222 -0.165232 -0.053407 -0.036403 0.222821 0.196276 0.449940 0.323097 0.147167 0.016225 -0.094169 -0.097476 -0.303319 -0.110996 -0.174438 0.112051 -0.303846 -0.369224 -0.228455 -0.026346 -0.025340 -0.401140 -0.037735 -0.103581 -0.184778 -0.084567 0.022219 -0.027810 -0.111109 -0.122362 -0.354587 0.208854 -0.073587 0.150724 -0.110775 -0.005377 -0.141074 -0.066006 -0.065424 -0.162722 0.043134 0.187375 -0.085428 -0.096490 0.057068 0.272382 -0.096958 0.074113 0.053760 0.032022 0.291674 -0.189500 0.047764 -0.117932 -0.013566 -0.011048 -0.110401 -0.047092 -0.009324 0.004694 0.057585 0.099434 0.246580 0.001852 -0.253484 0.113541 0.086782 -0.246767 -0.070997 0.312961 -0.044573 -0.038235 -0.182496 -0.175788 -0.065330 -0.363711 0.024600 0.040659 -0.184218 -0.164057 -0.189811 -0.117167 -0.168635 -0.263315 -0.140784 -0.068385 -0.061002 -0.241758 0.021141 0.061151 0.111193 0.033008 -0.014989 0.100574 0.065538 -0.065088
-0.096967 0.064157 -0.019431 -0.148923 0.471374 1.000000 0.048460 -0.173392 0.029101 0.408263 -0.031439 -0.279993 -0.063643 -0.251657 0.001018 0.283282 -0.224409 0.034682 -0.075533 0.011786 0.284116 -0.038141 -0.174623 0.059848 0.228106 0.302422 0.573295 0.545409 -0.202117 0.059372 -0.052250 -0.232503 -0.252899 -0.151493 -0.084497 -0.017706 -0.195415 -0.248143 -0.146155 -0.014047 -0.022257 -0.143922 -0.171174 -0.124306 -0.175906 -0.059613 -0.010712 -0.103565 0.056516 -0.075407 0.012578 0.044602 0.314081 -0.028674 0.205363 0.007822 0.063007 0.125017 0.177849 0.049107 -0.000190 0.008437 -0.147850 -0.098565 0.198710 0.017837 0.043477 0.151437 0.027883 0.160692 0.014304 -0.232800 -0.316913 -0.053443 -0.298016 0.122665 -0.187451 -0.003590 -0.007257 0.194936 0.050604 0.135873 -0.021079 -0.145216 -0.139486 -0.007962 -0.116717 0.015278 0.214104 0.219764 0.155514 0.216572 -0.151719 -0.095949 0.020267 -0.056020 0.032732 -0.148869 -0.048766 -0.096644 0.092106 -0.176482 0.096403 0.025397 0.094197 -0.057657 0.064383 -0.169825 0.058367 -0.075620 -0.050674 0.086761 0.133251 0.041507 -0.154719 -0.140004
-0.001971 0.088698 0.728955 0.144579 0.369028 0.048460 1.000000 0.361330 0.418436 0.180379 0.277493 0.036831 0.472418 0.049884 0.297327 0.161045 -0.026756 0.103201 0.289298 0.131483 0.072907 -0.126151 0.256465 0.053107 0.009486 -0.062108 0.149944 -0.111653 0.165615 0.096459 0.161847 0.199788 -0.239739 0.196316 -0.125573 -0.094724 0.160289 -0.201900 -0.005584 -0.200574 0.118324 -0.114217 -0.292178 -0.283665 -0.278853 -0.317139 -0.278982 -0.363751 -0.305380 -0.364860 -0.334140 -0.107595 -0.149181 0.051730 -0.026552 -0.310330 -0.152151 -0.142597 -0.217656 -0.412156 0.491145 0.127138 -0.045931 -0.035640 0.369656 -0.051766 -0.302895 -0.186213 -0.249726 -0.074064 0.172794 -0.133912 0.078246 0.026463 0.235223 -0.102097 0.065630 0.097077 0.180744 -0.227045 0.074226 0.171348 0.353530 0.187660 0.259265 0.129302 0.298809 0.038872 0.338442 0.107826 -0.210479 -0.016055 -0.001638 0.142091 -0.157802 -0.115534 -0.384449 0.030420 -0.444971 -0.050449 -0.220740 -0.045591 -0.163227 -0.290442 -0.215817 -0.029744 -0.319275 -0.390856 0.079319 -0.015830 -0.191815 -0.147417 -0.125560 -0.092681 -0.071996 -0.190711
-0.061954 0.155908 0.086191 0.400988 0.087479 -0.173392 0.361330 1.000000 0.211718 0.296568 0.017202 0.387497 0.046426 0.635609 0.101881 0.052823 0.203176 -0.081620 0.025982 0.130075 0.081555 -0.090550 -0.205340 0.203422 -0.435939 -0.139964 -0.137313 -0.385124 -0.103745 0.150834 0.163939 0.468305 -0.052752 0.238260 -0.281936 0.043928 -0.154235 -0.005969 -0.350277 -0.307903 -0.061218 -0.101643 -0.044164 0.121340 -0.019418 0.183301 -0.035445 -0.041524 -0.189354 0.049171 -0.330603 0.029437 -0.426446 0.065437 -0.493626 -0.123285 -0.096856 -0.357814 -0.322986 -0.059233 0.290975 0.622016 -0.072367 0.102896 -0.117473 0.382660 -0.290249 0.083904 -0.259165 -0.076670 0.219092 -0.062747 -0.017016 0.172056 0.100459 -0.022954 -0.043597 -0.108868 -0.107042 -0.107439 0.096678 -0.228322 0.104515 -0.010666 -0.109013 0.157112 0.174743 -0.117220 -0.146345 -0.044912 -0.039086 -0.252095 0.164217 -0.176974 -0.168966 -0.173475 -0.224744 -0.053409 -0.156293 -0.379715 0.084939 -0.167303 0.040085 -0.252845 -0.196973 -0.193269 0.049667 -0.285502 0.157218 -0.114849 -0.162387 -0.101985 -0.227404 -0.100438 -0.065386 -0.132019
0.006148 0.040620 0.150100 -0.080424 0.513832 0.029101 0.418436 0.211718 1.000000 0.119741 0.039298 0.160335 0.467350 0.334780 0.616358 -0.138316 0.109743 -0.165098 -0.028701 0.053805 -0.025751 -0.048318 0.005459 0.031432 0.109632 0.153364 -0.036875 -0.084777 0.351810 0.048092 0.024588 0.114822 -0.170837 0.216277 -0.140129 0.180010 -0.072610 -0.261141 -0.055541 -0.019255 0.016602 -0.126421 -0.138536 -0.164003 -0.315045 -0.139898 -0.154120 -0.140906 -0.347438 -0.244302 -0.423438 0.145639 -0.191439 -0.012840 -0.104254 -0.231064 -0.154688 -0.043523 -0.165235 -0.245688 0.154715 0.280913 -0.184375 -0.157314 -0.010252 0.414901 -0.206291 0.062267 0.058396 0.202236 0.200700 -0.158175 0.258226 0.038504 0.251503 -0.049115 0.020096 -0.070484 0.046306 -0.047999 0.102513 0.031357 0.263092 -0.048054 -0.070573 0.134186 0.114930 -0.052264 -0.002026 0.061838 -0.174729 -0.198839 -0.020725 -0.298958 0.077404 -0.159201 -0.203175 0.169132 -0.324508 -0.070543 -0.106117 -0.130151 -0.160721 -0.369023 -0.137783 -0.193291 -0.097796 -0.232864 0.122931 -0.006231 -0.024704 -0.061254 -0.146819 0.112296 -0.090002 -0.068063
0.061020 0.190325 -0.038350 0.126127 0.286366 0.408263 0.180379 0.296568 0.119741 1.000000 -0.075832 -0.166479 -0.217826 -0.024585 0.198057 0.619323 -0.069549 0.081424 -0.032571 0.078442 -0.002960 -0.008007 -0.135170 0.322038 0.034706 0.259471 0.168617 0.033627 -0.134342 0.271769 -0.036811 0.053038 -0.146389 0.106858 -0.074178 0.105007 -0.042709 -0.022868 -0.016415 -0.298437 -0.161999 -0.224101 -0.214587 -0.117846 -0.283259 -0.028850 -0.177858 -0.096676 -0.176511 -0.182012 -0.191009 -0.159385 -0.151616 0.010439 -0.264799 -0.044870 0.033475 -0.074661 -0.167442 -0.205527 0.212752 0.273553 -0.133724 0.065160 0.139323 0.143655 -0.327456 0.099433 0.020733 0.047477 0.033201 -0.227389 -0.256233 0.252633 -0.046249 0.209821 0.018100 0.002696 -0.068522 0.338805 0.066110 0.094060 0.120301 -0.005947 -0.243601 0.218366 0.023683 0.030309 0.099243 -0.028421 0.018473 -0.014085 0.079728 -0.165280 -0.222573 -0.191477 -0.236929 -0.094163 -0.357374 -0.260726 0.028701 -0.303378 -0.056009 -0.152638 0.021309 -0.030457 0.104822 -0.328738 0.007388 0.047065 -0.010742 -0.039615 -0.172088 -0.049828 -0.045510 -0.162840
0.185646 0.257430 0.231574 -0.031805 0.000093 -0.031439 0.277493 0.017202 0.039298 -0.075832 1.000000 0.145938 0.433374 0.079035 0.219337 0.141675 0.296382 0.273858 0.117290 0.111430 0.084607 -0.061646 0.056354 -0.055716 -0.194062 -0.244711 0.067142 -0.162670 0.156191 0.080893 -0.000708 -0.084056 0.026374 0.041474 -0.076441 -0.262520 0.209498 0.024596 0.234650 0.026187 0.196941 0.134628 -0.159774 -0.256803 -0.138634 -0.306271 -0.218663 -0.297818 -0.073091 -0.198995 0.092782 -0.193906 0.155738 -0.118224 0.164187 -0.340326 -0.105918 0.174828 -0.082556 -0.009337 0.208429 -0.003597 0.442837 0.254356 -0.019071 -0.282635 -0.005683 -0.353539 -0.163200 -0.203450 0.125489 0.008527 0.263370 0.148416 0.064413 0.147866 0.014728 0.265754 0.014518 -0.318856 0.271356 0.334478 0.288892 0.266891 0.110599 -0.040664 0.189608 -0.105099 0.138550 0.041221 -0.229716 0.193561 -0.033750 0.186436 -0.027117 0.099435 -0.157094 -0.072135 -0.257487 -0.057552 -0.096394 0.101755 -0.077531 0.053451 -0.214678 0.034881 -0.099258 -0.114722 0.157910 -0.067855 -0.222665 -0.120852 -0.027661 0.017914 -0.144064 -0.130157
0.059078 0.363367 -0.129431 0.342269 -0.047567 -0.279993 0.036831 0.387497 0.160335 -0.166479 0.145938 1.000000 0.155757 0.677397 0.126161 0.058732 0.159822 0.076985 -0.030298 0.155456 0.015920 0.049969 0.038766 0.199224 -0.236116 -0.049637 -0.093893 -0.075028 0.212480 0.027647 0.248812 0.372571 0.056470 0.232829 -0.090949 0.005099 -0.018312 0.025984 -0.056650 -0.017546 0.234743 0.148528 -0.127523 -0.012157 -0.188723 -0.066267 -0.133810 -0.131537 -0.289596 -0.050116 -0.240703 0.014872 -0.251100 -0.005356 -0.301831 -0.081792 -0.127772 -0.224940 -0.255985 -0.117050 0.057663 0.379856 0.070125 -0.064809 -0.175446 0.294133 -0.213894 -0.131811 -0.078302 -0.033961 0.208827 0.015289 0.160531 0.098461 0.049095 0.146135 -0.041509 -0.003978 0.061615 -0.150732 0.142444 -0.026009 0.056005 0.181179 -0.045709 0.185129 0.204484 -0.043415 -0.127733 0.132805 -0.042563 -0.206757 0.107138 -0.214225 0.009569 -0.024197 -0.010710 -0.043704 -0.142921 -0.198876 0.049939 -0.092547 -0.013084 -0.215531 -0.278273 -0.154878 -0.033483 -0.080633 -0.009825 -0.030190 -0.146283 -0.012779 0.028012 0.054567 0.006620 -0.011828
-0.173491 0.068030 0.319763 0.113088 0.194400 -0.063643 0.472418 0.046426 0.467350 -0.217826 0.433374 0.155757 1.000000 0.106536 0.467221 -0.067213 -0.041660 0.055824 0.063030 -0.057826 0.005676 -0.084565 0.340621 0.153113 0.136740 0.057239 0.137020 0.033100 0.165276 -0.161034 0.035641 -0.114368 -0.249584 0.026841 0.059882 0.084663 0.224905 -0.239536 0.249023 0.020537 0.115662 -0.036496 -0.115998 -0.162227 -0.248980 -0.244020 -0.127516 -0.217655 -0.205988 -0.144676 -0.234227 0.160886 0.171843 0.187233 0.300673 -0.175301 -0.259665 0.038896 -0.213394 -0.235026 0.320076 -0.075881 0.013983 -0.188642 0.295776 -0.068960 -0.282075 -0.264629 -0.184013 -0.007109 0.211832 -0.126522 0.169414 -0.192897 0.079315 -0.125551 -0.101724 0.032171 0.158958 -0.248457 -0.020744 0.272550 0.603646 0.089520 0.310559 0.011051 0.409913 0.061715 0.360706 0.283688 -0.115836 0.095976 0.004880 0.040755 0.028212 0.010429 -0.082107 0.109608 -0.184227 0.067783 -0.226088 -0.049067 -0.096482 -0.298195 -0.221962 0.034884 -0.189759 -0.057779 0.195586 -0.130320 -0.115323 0.081577 -0.124120 -0.012427 0.014394 -0.017884
-0.010969 0.153212 -0.204717 0.288926 0.002475 -0.251657 0.049884 0.635609 0.334780 -0.024585 0.079035 0.677397 0.106536 1.000000 0.178956 0.052943 0.309804 -0.163335 -0.048491 0.268913 0.058356 0.046932 -0.157346 0.222658 -0.290466 0.010613 -0.126789 -0.239145 0.070220 0.177089 0.278021 0.481421 -0.080747 0.275351 -0.071062 0.084157 -0.129353 -0.012116 -0.269770 -0.056523 0.183741 0.170149 -0.040681 0.070541 -0.084593 0.083397 -0.086363 -0.079325 -0.303580 0.019645 -0.341033 0.038991 -0.320071 -0.096245 -0.430860 -0.165341 -0.100400 -0.324478 -0.384036 -0.102559 0.018574 0.550967 -0.030574 -0.084980 -0.256100 0.575624 -0.299285 0.044616 -0.010990 0.092030 0.152388 0.037606 0.062367 0.229831 0.154047 0.217068 -0.054435 -0.081511 -0.039126 -0.201846 0.209274 -0.111181 -0.025996 0.093395 -0.106136 0.224388 0.084955 -0.126226 -0.205691 0.015329 -0.023287 -0.252904 0.147734 -0.303742 0.092104 -0.024625 -0.043159 0.005612 -0.223878 -0.333231 0.111774 -0.190570 0.005970 -0.341726 -0.288286 -0.176958 -0.029774 -0.105390 0.060704 0.017179 -0.059051 -0.081360 -0.094664 -0.125717 -0.184902 -0.032696
-0.062876 0.107756 0.115180 -0.025625 0.421129 0.001018 0.297327 0.101881 0.616358 0.198057 0.219337 0.126161 0.467221 0.178956 1.000000 0.167395 0.144733 -0.012012 -0.024400 0.098219 0.029236 -0.019106 0.163051 0.094039 0.297269 0.236068 0.059010 -0.021998 0.364059 0.086525 -0.004114 -0.007800 -0.115952 0.145744 -0.099867 0.012643 -0.035098 -0.159655 0.077274 -0.237702 0.018215 -0.224634 -0.061290 -0.064308 -0.388449 -0.231469 -0.157710 -0.022604 -0.339211 -0.284143 -0.533522 0.081757 -0.216831 0.170563 -0.230882 -0.054083 -0.159304 -0.017709 -0.436219 -0.470587 -0.010046 0.003608 -0.120369 -0.224553 0.068361 0.122917 -0.458701 -0.299008 0.043745 -0.044296 0.287391 -0.123222 0.248500 -0.004488 0.134367 0.014864 0.013242 -0.019527 0.089155 0.079008 0.137681 0.137214 0.552154 0.138254 -0.027812 0.211694 0.253988 0.074455 0.091219 0.244775 -0.113875 0.113510 -0.005992 -0.144488 0.001230 -0.201712 -0.050722 0.174085 -0.270960 0.098334 -0.245969 -0.222532 -0.191943 -0.235975 -0.096735 0.050786 -0.090681 -0.165049 0.129121 0.088724 0.216428 0.106445 -0.043492 0.042438 0.111916 0.014799
0.145276 0.243679 -0.037810 0.238680 0.063255 0.283282 0.161045 0.052823 -0.138316 0.619323 0.141675 0.058732 -0.067213 0.052943 0.167395 1.000000 0.013977 0.223803 -0.005076 0.219108 -0.015104 0.060763 0.148843 0.386672 0.192100 0.322947 0.233532 0.188198 -0.039267 0.417417 0.094101 0.105722 -0.101131 0.062661 0.036591 -0.090733 0.035243 0.171594 0.061740 -0.065633 0.142117 0.098115 -0.293341 -0.248549 -0.422482 -0.276289 -0.336209 -0.325338 -0.316831 -0.384439 -0.231321 -0.355622 -0.009496 -0.082345 -0.145910 -0.164545 0.119002 0.033470 -0.269932 -0.407928 0.125127 0.002325 -0.029226 -0.052263 0.238336 -0.030986 -0.467072 -0.241182 0.005264 -0.034709 0.036526 -0.091230 -0.256375 0.385555 0.008843 0.412627 0.142054 0.151851 0.165217 0.193286 0.184456 0.443934 0.088777 0.365570 -0.098577 0.318201 -0.032176 0.283164 0.273492 0.077305 -0.062357 0.180105 0.048013 -0.073125 -0.106412 -0.102406 -0.184918 -0.062012 -0.446613 -0.083736 -0.046270 -0.142744 -0.121504 -0.203459 -0.098004 0.148556 0.069438 -0.191537 -0.105996 0.100239 0.029123 -0.065481 -0.060297 -0.195859 -0.091071 -0.215030
0.370262 0.176501 -0.122952 0.001374 0.008862 -0.224409 -0.026756 0.203176 0.109743 -0.069549 0.296382 0.159822 -0.041660 0.309804 0.144733 0.013977 1.000000 0.174991 -0.035014 0.057661 -0.156054 -0.148804 -0.156982 -0.263491 -0.183716 -0.141559 -0.265310 -0.335188 0.386575 0.334001 -0.133075 0.024211 0.044509 -0.062631 -0.189753 -0.139708 0.018076 0.160591 -0.033214 0.093045 0.133582 0.267340 0.001222 -0.094179 0.004493 -0.057710 -0.058425 -0.120275 -0.219320 -0.150023 -0.062969 -0.136923 -0.290593 -0.115413 -0.206935 -0.180410 0.224475 0.138564 -0.196092 -0.056355 -0.205755 0.082633 0.418416 0.225611 -0.428830 0.094258 -0.033219 -0.267449 -0.134400 -0.358610 0.061813 0.078311 0.490633 0.397533 0.356768 0.200317 0.327461 0.148119 0.065255 -0.000001 0.639613 0.288535 -0.094534 0.254803 -0.203400 0.107687 -0.005852 0.028237 -0.263901 -0.176355 -0.363385 -0.173141 -0.132584 -0.137340 -0.013441 -0.166206 -0.096465 0.046706 -0.167453 -0.008147 -0.030793 0.057958 -0.124564 -0.039085 -0.201763 0.007067 0.019384 -0.008277 0.081133 -0.113408 -0.074624 0.048533 0.032487 -0.061610 -0.053176 -0.188564
0.158941 0.269291 0.103938 0.101397 -0.027778 0.034682 0.103201 -0.081620 -0.165098 0.081424 0.273858 0.076985 0.055824 -0.163335 -0.012012 0.223803 0.174991 1.000000 0.119785 -0.053053 0.081376 0.025806 0.062943 -0.179356 -0.039741 -0.046926 0.158995 -0.015973 0.157077 0.287052 -0.046140 -0.117099 0.006131 -0.029335 0.158641 0.025138 0.117787 -0.025792 0.227686 0.145148 0.165734 0.047492 -0.198419 -0.176802 -0.013578 -0.051711 -0.116634 -0.165508 -0.038991 -0.035329 -0.002643 -0.272282 0.106939 0.058872 0.093364 -0.072949 0.088211 0.352354 -0.020767 -0.089800 0.120374 -0.070114 0.315660 0.379116 0.084793 -0.359619 -0.063598 -0.280006 -0.113005 -0.247222 -0.056569 -0.136848 0.174276 0.126581 -0.044735 0.025936 0.018556 0.013659 0.042715 0.216872 0.171976 0.454869 0.118335 0.265301 -0.123908 -0.186207 0.023562 -0.029593 0.016997 -0.020080 -0.239472 -0.035705 -0.268495 -0.073324 -0.005573 0.066904 -0.070117 0.114111 -0.212157 0.026401 -0.135304 0.027622 -0.168514 0.068541 -0.245261 0.291538 -0.175391 0.005383 -0.026352 -0.004361 -0.205981 0.012487 0.180948 0.142128 0.232674 -0.104892
0.172668 0.066027 0.417066 0.082585 -0.117761 -0.075533 0.289298 0.025982 -0.028701 -0.032571 0.117290 -0.030298 0.063030 -0.048491 -0.024400 -0.005076 -0.035014 0.119785 1.000000 0.464968 0.009076 -0.004271 0.069340 -0.086558 -0.070201 -0.230873 0.125508 -0.089771 0.204074 0.007236 0.218778 0.064220 0.037022 0.246830 0.030368 -0.308880 0.167711 -0.143138 -0.046267 -0.110563 0.039539 0.033416 -0.226387 -0.199277 -0.169561 -0.252689 -0.204188 -0.257074 -0.233931 -0.260316 -0.087923 -0.235586 -0.137960 -0.121923 0.046093 -0.207251 -0.060032 0.077644 -0.083281 -0.045190 0.101984 -0.039000 -0.015147 0.042269 0.050206 -0.159208 -0.080993 -0.280912 -0.119823 0.028423 0.108572 -0.084325 0.120590 0.054454 0.190663 0.000055 0.048254 0.063654 0.141528 -0.052574 0.099652 0.160461 0.001201 0.191093 0.335752 -0.018961 0.053806 -0.070649 0.128089 0.052159 -0.088078 0.103043 0.106834 0.127812 -0.131054 0.046843 -0.188887 -0.255415 -0.122886 0.235126 0.150018 0.112230 0.147048 0.036779 -0.039756 0.172065 -0.184625 -0.157046 -0.128781 -0.071886 -0.220669 -0.052488 -0.016139 -0.014205 0.107404 -0.201072
0.174690 0.308901 0.126222 0.220205 -0.132343 0.011786 0.131483 0.130075 0.053805 0.078442 0.111430 0.155456 -0.057826 0.268913 0.098219 0.219108 0.057661 -0.053053 0.464968 1.000000 -0.110153 -0.004693 0.038117 0.218606 0.013117 0.014372 0.040291 0.020229 0.035856 0.128650 0.209106 0.190923 -0.093272 0.284214 0.032221 -0.227499 0.010836 -0.036640 -0.074809 -0.186375 0.052945 0.200811 -0.224538 -0.161372 -0.335365 -0.275206 -0.236856 -0.194400 -0.422970 -0.391939 -0.252750 -0.303645 -0.195528 -0.246481 -0.196897 -0.327529 0.076462 0.001090 -0.269565 -0.247547 -0.052156 -0.057041 -0.100266 -0.213380 0.079776 0.012062 -0.342846 -0.271076 0.218846 0.306595 0.172974 -0.192165 0.031418 0.205602 0.203577 0.354888 0.083905 0.154102 0.177743 -0.120366 0.295247 0.039619 -0.067644 0.233129 0.201775 0.028861 0.134090 0.145239 0.192508 0.081679 0.217243 0.252580 0.301592 0.000412 -0.172338 -0.097136 -0.048580 -0.251760 -0.054063 0.141752 0.261817 -0.233918 0.165522 -0.112003 0.018590 0.175936 -0.120837 -0.036128 -0.175259 -0.011652 -0.064254 0.013375 0.033336 -0.009172 0.002543 0.045477
0.011816 0.062436 0.080375 0.082850 0.163222 0.284116 0.072907 0.081555 -0.025751 -0.002960 0.084607 0.015920 0.005676 0.058356 0.029236 -0.015104 -0.156054 0.081376 0.009076 -0.110153 1.000000 0.350422 -0.047358 -0.046320 0.082495 0.038897 0.350542 0.237927 -0.069128 -0.033298 0.159756 0.063482 -0.004994 0.078986 0.077186 0.016672 0.042464 -0.165717 -0.147980 -0.137079 0.126878 -0.113159 -0.019772 0.041809 0.156805 0.089248 0.044995 -0.024029 0.136486 0.082512 0.093408 0.024093 0.132786 0.026117 -0.011300 0.069930 -0.034251 -0.049164 0.127992 0.027256 0.108467 0.116292 -0.021342 0.094702 0.123331 0.097107 0.191092 0.125115 -0.145524 -0.063181 0.116885 -0.020309 -0.156832 -0.156629 -0.153146 0.084055 -0.130093 -0.113871 -0.175416 0.006417 -0.098653 0.014577 0.129019 -0.021786 -0.047378 -0.007131 -0.064291 -0.106429 -0.059697 0.108483 -0.169707 -0.206673 -0.279929 -0.072730 -0.000841 -0.067760 0.105949 0.054950 -0.016970 -0.240903 -0.047755 -0.096296 -0.196332 -0.146871 -0.394573 -0.312507 -0.026958 -0.182620 0.017316 -0.056892 -0.079599 -0.208181 -0.096470 -0.140045 -0.236777 -0.290584
-0.150490 0.040606 -0.155259 0.229736 -0.165232 -0.038141 -0.126151 -0.090550 -0.048318 -0.008007 -0.061646 0.049969 -0.084565 0.046932 -0.019106 0.060763 -0.148804 0.025806 -0.004271 -0.004693 0.350422 1.000000 0.050957 0.044617 0.157215 0.119910 -0.166786 0.020609 0.001420 0.035888 0.211410 0.069192 0.174711 0.180902 -0.004374 -0.002848 0.103364 0.175951 0.187014 0.089693 0.098482 0.136957 -0.102013 0.006748 -0.007076 -0.014091 -0.034138 0.116366 -0.009544 -0.003542 -0.048092 -0.160055 -0.031296 -0.103181 -0.066278 -0.006510 -0.010456 0.088321 -0.123408 0.022376 -0.185087 -0.081577 -0.215741 -0.122175 0.022758 0.039133 0.003025 0.059035 0.003201 0.067056 -0.001369 0.358040 -0.002080 0.019593 0.002642 0.133740 0.064650 -0.063403 -0.109772 0.128054 -0.174597 0.017639 0.049687 0.111819 -0.036666 0.084167 -0.017995 0.119959 -0.105616 -0.122839 0.010238 -0.208738 0.127336 -0.014713 0.196396 0.128753 0.137069 0.045623 0.021193 0.055685 0.038711 0.082285 -0.058904 -0.033794 0.065291 -0.146460 0.046997 -0.198051 -0.178704 0.108171 0.108693 -0.049679 -0.080816 0.078575 -0.018962 -0.033099
-0.203885 -0.279914 0.480793 0.215430 -0.053407 -0.174623 0.256465 -0.205340 0.005459 -0.135170 0.056354 0.038766 0.340621 -0.157346 0.163051 0.148843 -0.156982 0.062943 0.069340 0.038117 -0.047358 0.050957 1.000000 0.451210 0.414334 0.282669 0.090442 0.271774 0.074809 -0.301942 0.381701 0.248580 -0.063545 -0.054883 0.374016 0.168805 0.283690 0.025183 0.319662 0.188734 0.031598 -0.044995 -0.120046 -0.189358 -0.153204 -0.183951 -0.105776 -0.212977 -0.163648 -0.181177 -0.069641 -0.138945 0.078699 0.127222 0.144413 -0.036057 -0.136947 -0.194482 -0.098595 -0.462216 0.189053 -0.415854 0.027931 -0.112224 0.564758 -0.174581 -0.182164 -0.167490 -0.107631 -0.040422 0.056890 0.074377 -0.214803 -0.338122 0.030332 -0.150852 0.069478 -0.024680 0.213451 -0.163206 -0.281304 0.069054 0.365463 0.340681 0.555756 0.154393 0.111357 0.328379 0.404352 0.119001 -0.190921 0.144380 0.015883 0.254655 0.066999 0.115235 -0.152932 -0.024585 -0.183344 0.114794 -0.222897 -0.116521 -0.400469 -0.188677 -0.175718 0.088427 -0.123284 0.040072 0.058470 0.176766 -0.084963 -0.038498 0.047340 -0.011268 0.171877 0.065986
-0.200009 -0.030969 0.110552 0.487576 -0.036403 0.059848 0.053107 0.203422 0.031432 0.322038 -0.055716 0.199224 0.153113 0.222658 0.094039 0.386672 -0.263491 -0.179356 -0.086558 0.218606 -0.046320 0.044617 0.451210 1.000000 0.181034 0.468437 0.173878 0.331235 -0.216726 -0.244751 0.348293 0.375637 -0.168028 0.097672 0.204138 0.323488 0.135302 0.018200 0.082721 0.069382 0.035536 0.019633 -0.290527 -0.214319 -0.422583 -0.213522 -0.216221 -0.189093 -0.337715 -0.281482 -0.193498 -0.127895 -0.083133 -0.022341 -0.097348 -0.174160 -0.056621 -0.388642 -0.191058 -0.345931 0.162307 0.039104 -0.261752 -0.265972 0.373804 0.267418 -0.396868 0.080746 0.074042 0.170158 0.173065 0.041818 -0.439525 -0.158996 -0.149230 0.112329 -0.141002 -0.067192 0.143231 -0.204037 -0.171101 -0.053331 0.348780 0.252835 0.274546 0.327013 0.246208 0.348635 0.433701 0.297191 0.191623 0.133440 0.445312 0.141694 0.140790 0.044642 -0.086733 -0.097745 -0.186424 -0.104509 0.087749 -0.288084 -0.237313 -0.189374 -0.148888 -0.024123 0.063576 -0.091014 0.131524 0.053494 -0.091529 -0.036816 -0.108588 -0.064226 0.034266 0.145623
-0.225960 -0.028433 0.080533 0.020097 0.222821 0.228106 0.009486 -0.435939 0.109632 0.034706 -0.194062 -0.236116 0.136740 -0.290466 0.297269 0.192100 -0.183716 -0.039741 -0.070201 0.013117 0.082495 0.157215 0.414334 0.181034 1.000000 0.706014 0.132640 0.455650 0.098277 -0.009922 0.165726 -0.040327 -0.180977 -0.071734 0.233365 0.094523 0.015505 -0.187802 0.222320 0.119220 0.081352 -0.153609 -0.053945 -0.117034 -0.245415 -0.243210 -0.069694 0.011807 -0.113548 -0.189998 -0.039622 0.128747 0.159665 0.235547 0.138704 0.219044 -0.079420 0.083071 -0.173900 -0.395788 -0.352817 -0.506041 -0.290834 -0.349358 0.376695 0.006998 -0.256472 -0.149139 0.223634 0.179909 0.055771 -0.011348 -0.099726 -0.113879 -0.083953 0.238873 -0.066971 0.040562 0.086100 0.185860 -0.125844 0.153601 0.241265 0.209646 0.069796 0.244893 0.018811 0.337853 0.254877 0.223613 -0.116510 0.071045 -0.096131 -0.012865 0.216328 -0.055486 0.210956 0.147460 -0.136593 0.138928 -0.255738 -0.213694 -0.282667 -0.203354 0.016554 0.038769 -0.161867 -0.080188 -0.094724 0.156000 0.275377 0.138574 0.031227 -0.010954 0.172473 0.037186
-0.158709 -0.020906 -0.031584 0.216369 0.196276 0.302422 -0.062108 -0.139964 0.153364 0.259471 -0.244711 -0.049637 0.057239 0.010613 0.236068 0.322947 -0.141559 -0.046926 -0.230873 0.014372 0.038897 0.119910 0.282669 0.468437 0.706014 1.000000 0.138074 0.477927 0.008267 -0.003241 0.340244 0.272079 -0.136676 0.043521 0.289589 0.353390 -0.145968 -0.167310 0.009132 0.066008 -0.003783 -0.234246 -0.189656 -0.166484 -0.337929 -0.131054 -0.188195 -0.048225 -0.240388 -0.171717 -0.201907 0.040609 0.013630 0.090773 -0.068464 0.067758 -0.079998 -0.076815 -0.233046 -0.408518 -0.210826 -0.170829 -0.367806 -0.346562 0.317064 0.345788 -0.330792 0.081010 0.244451 0.243987 0.050289 -0.041659 -0.245136 -0.079485 -0.246411 0.239856 -0.120888 -0.031041 0.146234 0.051168 -0.065882 0.103167 0.266401 0.205192 0.014794 0.460217 0.027313 0.325929 0.171152 0.314976 -0.051313 -0.062235 -0.042482 -0.185986 0.263778 0.051136 0.106125 0.145850 -0.275510 -0.097069 -0.156147 -0.398345 -0.286757 -0.263091 -0.067634 -0.025406 0.040631 -0.041781 0.135857 0.237884 0.158428 0.066995 -0.002792 -0.026546 0.128464 0.015391
-0.095413 0.051201 0.240706 0.016616 0.449940 0.573295 0.149944 -0.137313 -0.036875 0.168617 0.067142 -0.093893 0.137020 -0.126789 0.059010 0.233532 -0.265310 0.158995 0.125508 0.040291 0.350542 -0.166786 0.090442 0.173878 0.132640 0.138074 1.000000 0.641718 -0.155648 -0.015520 0.071584 -0.184212 -0.343791 -0.148362 0.121002 0.067880 -0.137802 -0.429491 -0.123498 0.018812 0.159709 -0.222448 -0.156929 -0.212157 -0.163399 -0.154308 -0.006341 -0.115851 0.012143 -0.085852 -0.074397 -0.008653 0.314874 0.132249 0.195217 -0.023480 -0.036003 0.014510 0.097449 -0.154973 0.167566 -0.106708 -0.029251 -0.166030 0.355758 -0.092769 -0.093166 -0.024043 0.068986 0.106640 0.086163 -0.207308 -0.329733 -0.272384 -0.256445 -0.020044 -0.341499 -0.131643 -0.044154 0.015545 -0.067882 0.174605 0.246063 0.004496 0.070486 -0.121919 0.075634 -0.126597 0.254710 0.422604 0.159746 0.329180 -0.079961 0.121648 0.056029 -0.092649 0.134576 -0.059849 0.009396 -0.044310 0.019063 -0.063420 -0.041393 -0.037223 -0.196908 0.115618 -0.047478 0.069067 0.089533 -0.014829 -0.064768 0.092146 0.085758 0.000283 -0.087998 0.037876
-0.191758 -0.077458 0.059978 0.031324 0.323097 0.545409 -0.111653 -0.385124 -0.084777 0.033627 -0.162670 -0.075028 0.033100 -0.239145 -0.021998 0.188198 -0.335188 -0.015973 -0.089771 0.020229 0.237927 0.020609 0.271774 0.331235 0.455650 0.477927 0.641718 1.000000 -0.046742 -0.160025 0.138326 -0.111256 -0.246810 -0.249491 0.250315 0.133157 -0.149059 -0.314382 -0.093278 0.188372 0.087397 -0.181742 -0.081521 -0.160614 -0.227024 -0.157687 0.056955 -0.042966 0.023926 -0.142512 0.073745 0.073136 0.416229 0.102043 0.230058 0.157144 0.002996 0.023725 0.123657 -0.205536 -0.106850 -0.336899 -0.223480 -0.313373 0.363145 0.031137 -0.009804 0.046883 0.202822 0.176889 0.159582 -0.051917 -0.304558 -0.405679 -0.330684 0.030469 -0.287147 -0.088750 -0.016383 -0.001608 -0.161248 0.115697 0.159485 0.054175 0.169647 0.103590 -0.035000 0.064006 0.324087 0.419304 0.110983 0.213184 -0.163328 -0.016015 0.228297 -0.070480 0.357964 0.002554 0.113454 -0.024727 -0.093051 -0.193649 -0.245535 -0.110471 -0.162110 0.035771 0.050955 0.159319 0.066787 -0.014592 0.099278 0.110001 0.130361 0.052121 0.150645 0.133171
0.352072 0.151592 0.107856 -0.067346 0.147167 -0.202117 0.165615 -0.103745 0.351810 -0.134342 0.156191 0.212480 0.165276 0.070220 0.364059 -0.039267 0.386575 0.157077 0.204074 0.035856 -0.069128 0.001420 0.074809 -0.216726 0.098277 0.008267 -0.155648 -0.046742 1.000000 0.314964 -0.001971 0.122484 0.196191 0.145089 -0.072628 -0.131303 0.131939 0.011863 0.132330 0.188400 0.332516 0.086070 -0.287622 -0.403113 -0.405928 -0.417259 -0.351112 -0.359506 -0.417904 -0.454353 -0.203604 -0.183919 -0.307582 -0.238266 -0.069259 -0.233769 0.087260 0.195018 -0.196168 -0.368898 -0.166035 -0.121962 0.095498 0.015435 -0.250907 0.041055 -0.036892 -0.399285 0.122584 -0.139499 0.126919 -0.060966 0.654434 0.212444 0.364092 0.003932 0.296694 0.153824 0.161007 0.101951 0.359413 0.314206 0.115793 0.317930 0.015797 0.248104 0.017657 0.151860 -0.067628 0.043261 -0.424014 -0.154236 -0.161711 -0.064128 0.139539 0.012480 -0.099935 0.262718 -0.243061 0.214974 -0.309198 0.184348 -0.258890 0.004039 -0.208720 0.138185 -0.324596 -0.075187 0.017701 0.123113 0.159850 0.072528 0.094658 0.086153 0.214483 -0.031395
0.234356 0.284336 -0.178381 0.105944 0.016225 0.059372 0.096459 0.150834 0.048092 0.271769 0.080893 0.027647 -0.161034 0.177089 0.086525 0.417417 0.334001 0.287052 0.007236 0.128650 -0.033298 0.035888 -0.301942 -0.244751 -0.009922 -0.003241 -0.015520 -0.160025 0.314964 1.000000 0.004766 0.110526 -0.009342 0.088186 -0.118905 -0.164271 -0.060162 0.094411 0.024518 0.044089 0.335086 0.187371 -0.105899 -0.184874 -0.179895 -0.195507 -0.201883 -0.228367 -0.209255 -0.246571 -0.123446 -0.206940 -0.145013 -0.192589 -0.171532 -0.233876 0.206288 0.202284 -0.258011 -0.282220 -0.143639 -0.001559 0.105713 0.024216 -0.190777 -0.061995 -0.200105 -0.296825 0.053414 -0.130962 -0.162125 -0.031082 0.307035 0.584909 0.221620 0.337112 0.191219 0.173794 -0.023538 0.342881 0.375068 0.435445 -0.153447 0.139973 -0.269713 0.146851 -0.078098 0.064800 -0.143213 -0.193213 -0.268031 -0.099230 -0.137562 -0.158597 0.086192 -0.059452 -0.084277 0.189872 -0.308503 0.074821 -0.093604 0.043435 -0.008881 -0.014427 -0.013320 0.195835 -0.176799 -0.184163 -0.065094 0.068867 0.055026 0.065953 -0.082271 -0.088739 -0.130051 -0.025438
-0.166716 -0.060707 0.316602 0.395701 -0.094169 -0.052250 0.161847 0.163939 0.024588 -0.036811 -0.000708 0.248812 0.035641 0.278021 -0.004114 0.094101 -0.133075 -0.046140 0.218778 0.209106 0.159756 0.211410 0.381701 0.348293 0.165726 0.340244 0.071584 0.138326 -0.001971 0.004766 1.000000 0.602788 0.022715 0.295264 0.171298 0.155371 0.055304 0.024585 -0.075286 0.007953 0.101752 0.090150 -0.265709 -0.190717 -0.192894 -0.137490 -0.249729 -0.216244 -0.228518 -0.119657 -0.136155 -0.138509 -0.061600 -0.073182 -0.152855 -0.199217 -0.148092 -0.223316 -0.166755 -0.215734 0.089302 0.016462 -0.161980 -0.094798 0.266779 0.195033 -0.120555 0.055343 -0.052271 0.077185 0.000438 0.185610 -0.255353 -0.107565 -0.036701 0.215773 -0.119671 -0.007267 0.095983 -0.257839 -0.076279 -0.053911 0.182552 0.200820 0.405440 0.249736 0.069286 0.053796 0.216381 0.148542 -0.138318 -0.112541 0.036401 0.068880 0.111820 0.251212 -0.249664 -0.155207 -0.273526 0.011270 0.031940 -0.250310 -0.180273 -0.227422 -0.241977 -0.151547 -0.097589 -0.283031 0.074664 0.325678 -0.214490 -0.100979 -0.035785 -0.171397 -0.115148 -0.051854
0.124705 -0.091420 0.178041 0.362758 -0.097476 -0.232503 0.199788 0.468305 0.114822 0.053038 -0.084056 0.372571 -0.114368 0.481421 -0.007800 0.105722 0.024211 -0.117099 0.064220 0.190923 0.063482 0.069192 0.248580 0.375637 -0.040327 0.272079 -0.184212 -0.111256 0.122484 0.110526 0.602788 1.000000 0.096932 0.375192 0.038316 0.156213 -0.004970 0.206626 -0.180414 -0.092314 0.109789 0.082377 -0.254312 -0.185080 -0.178385 -0.042365 -0.329215 -0.264566 -0.363975 -0.205467 -0.279582 -0.227358 -0.456152 -0.222828 -0.417596 -0.219570 0.042855 -0.349144 -0.230773 -0.352175 0.083850 0.235706 -0.133814 0.048077 0.029154 0.351284 -0.140043 0.034554 -0.065676 0.019317 0.140021 0.194123 -0.109671 0.101301 0.114133 0.159026 0.145533 0.150577 0.081932 -0.164152 0.042140 -0.149587 0.022494 0.352151 0.219962 0.472697 0.064070 0.227291 -0.049477 -0.029141 -0.190385 -0.287066 0.200005 -0.047555 0.041127 0.170832 -0.337013 0.042873 -0.310757 -0.147628 0.055617 -0.216665 -0.206737 -0.222199 -0.197506 -0.229357 -0.019086 -0.244447 0.097002 0.261720 -0.157029 -0.199017 -0.122325 -0.095695 -0.058989 -0.121753
0.325511 -0.003454 -0.108999 -0.087938 -0.303319 -0.252899 -0.239739 -0.052752 -0.170837 -0.146389 0.026374 0.056470 -0.249584 -0.080747 -0.115952 -0.101131 0.044509 0.006131 0.037022 -0.093272 -0.004994 0.174711 -0.063545 -0.168028 -0.180977 -0.136676 -0.343791 -0.246810 0.196191 -0.009342 0.022715 0.096932 1.000000 0.473366 -0.171106 -0.142138 0.219680 0.329577 0.094072 0.131135 0.149038 0.201950 -0.316537 -0.215823 -0.068206 -0.123179 -0.291951 -0.272963 0.093394 -0.120449 0.142424 -0.335418 -0.133605 -0.286258 -0.030901 -0.144021 0.193460 0.089518 0.280595 0.182258 0.030468 0.038187 0.149696 0.266400 -0.163792 0.006389 0.371695 0.014978 -0.080492 -0.192151 -0.110787 0.103139 0.212834 0.155892 0.085529 -0.154958 0.295022 -0.010151 0.100080 0.045362 0.061264 -0.001290 -0.076826 0.014369 0.046248 0.079833 0.018923 0.118825 -0.208060 -0.217224 -0.169969 -0.121711 -0.014552 0.112078 -0.096442 0.281506 -0.218322 0.066026 -0.003824 0.105959 -0.020389 0.332495 -0.026579 0.183523 0.096657 -0.052397 -0.004510 0.031088 -0.058461 0.116672 -0.160739 -0.160518 0.105634 0.172247 -0.037643 -0.098619
0.175318 0.285016 0.084133 0.159935 -0.110996 -0.151493 0.196316 0.238260 0.216277 0.106858 0.041474 0.232829 0.026841 0.275351 0.145744 0.062661 -0.062631 -0.029335 0.246830 0.284214 0.078986 0.180902 -0.054883 0.097672 -0.071734 0.043521 -0.148362 -0.249491 0.145089 0.088186 0.295264 0.375192 0.473366 1.000000 -0.152469 0.078796 0.219957 0.089269 0.031485 -0.128932 0.129854 0.181679 -0.540844 -0.283630 -0.315556 -0.244436 -0.418312 -0.352378 -0.271295 -0.304570 -0.164380 -0.385563 -0.282412 -0.313095 -0.150473 -0.381218 -0.130007 -0.079713 0.041709 -0.145895 0.250637 0.242717 -0.083974 0.078406 0.079870 0.154494 -0.023321 0.033095 0.030921 0.168633 0.025284 -0.178101 0.136198 0.155804 0.113249 0.114808 0.140492 -0.031186 0.142373 -0.015717 0.071428 -0.018768 0.104833 0.204469 0.149389 0.046040 0.301013 0.112485 0.089463 -0.028528 -0.056714 -0.180469 0.161252 0.085325 -0.141846 0.145085 -0.330160 0.037388 -0.211446 0.027145 0.028370 0.058829 -0.049569 -0.159743 -0.104732 -0.170032 -0.312815 -0.302847 0.003022 0.094985 -0.264402 -0.282688 -0.151205 0.001436 -0.176247 -0.111950
-0.171961 -0.251000 0.057857 0.013737 -0.174438 -0.084497 -0.125573 -0.281936 -0.140129 -0.074178 -0.076441 -0.090949 0.059882 -0.071062 -0.099867 0.036591 -0.189753 0.158641 0.030368 0.032221 0.077186 -0.004374 0.374016 0.204138 0.233365 0.289589 0.121002 0.250315 -0.072628 -0.118905 0.171298 0.038316 -0.171106 -0.152469 1.000000 0.461857 0.170095 -0.084740 0.116919 0.053066 -0.127834 -0.082348 0.001928 -0.090455 0.131725 0.074035 -0.033344 -0.007911 -0.022122 0.024119 0.102945 -0.054567 0.242165 -0.039107 0.129886 0.013401 -0.028725 -0.212078 0.121414 -0.081294 0.094224 -0.198724 0.045202 -0.032951 0.371991 0.018197 0.150507 0.228816 0.080950 0.065730 -0.253087 -0.112567 -0.166157 -0.307924 -0.131290 -0.050009 -0.133486 -0.126969 -0.110360 -0.066892 -0.187262 -0.053327 0.033699 -0.016797 0.207033 0.037907 0.044680 0.008285 0.103386 -0.003216 -0.104242 0.015771 -0.033388 -0.023210 0.087144 0.035477 0.166732 0.033686 -0.089612 -0.046588 0.185786 -0.095512 -0.046491 0.053196 -0.108736 0.229138 -0.082112 0.235346 -0.004227 0.221523 -0.069928 0.017979 -0.081479 -0.003249 0.095326 0.098810
-0.251227 -0.248653 -0.101341 0.111974 0.112051 -0.017706 -0.094724 0.043928 0.180010 0.105007 -0.262520 0.005099 0.084663 0.084157 0.012643 -0.090733 -0.139708 0.025138 -0.308880 -0.227499 0.016672 -0.002848 0.168805 0.323488 0.094523 0.353390 0.067880 0.133157 -0.131303 -0.164271 0.155371 0.156213 -0.142138 0.078796 0.461857 1.000000 -0.024451 -0.137810 -0.070191 0.102126 -0.208827 -0.219435 -0.064022 -0.025100 -0.011539 0.187061 0.039807 0.090548 -0.095548 0.113893 -0.042317 0.091610 0.022845 0.120339 -0.039618 0.007795 -0.195183 -0.325455 0.154633 -0.045708 0.256683 0.147653 -0.150729 -0.004681 0.233826 0.317282 0.102293 0.480990 0.146965 0.136843 -0.105383 -0.161213 -0.185968 -0.326068 -0.208794 -0.083409 -0.145754 -0.244300 -0.058514 -0.086769 -0.282036 -0.191118 0.261308 -0.109110 0.000795 0.090600 0.120466 -0.026548 0.037847 0.157072 0.023621 -0.214427 -0.102814 -0.159670 0.107987 0.004764 0.129636 0.260314 -0.062829 -0.136916 -0.065402 -0.165881 -0.295408 -0.112596 -0.190797 -0.087645 -0.080956 0.007777 0.155877 0.241558 -0.028805 0.050680 -0.151805 0.052691 0.116006 0.155245
