1.000000 0.374451 -0.026287 0.229232 -0.029215 0.000165 0.328120 0.018594 0.108075 0.065412 -0.043803 0.153843 0.063261 0.146326 -0.121113 0.462846 0.010758 0.001840 0.381200 0.469411 0.176057 0.224801 -0.009442 0.016195 -0.185967 -0.148204 0.245815 0.189838 0.055823 0.103575 0.207339 0.103914 0.219406 0.289779 -0.180877 -0.204008 -0.060583 -0.258442 -0.024698 -0.038921 -0.272439 -0.049155 -0.099688 -0.156336 0.028826 -0.148998 -0.115307 -0.098656 0.038993 0.007690 -0.160593 0.056584 -0.119595 0.267386 -0.324074 0.027554 0.387313 -0.015302 -0.165856 -0.089604 0.043057 -0.146223 0.166025 0.005580 0.099091 -0.134290 -0.105497 -0.182260 0.348603 0.143494 0.012894 -0.004995 -0.160905 0.378808 0.173884 -0.115632 0.168939 0.061817 0.079769 0.017823 -0.226808 0.029154 -0.145896 0.162382 0.078775 -0.151893 -0.114515 -0.145521 -0.226498 -0.245927 -0.012280 -0.009953 -0.008732 -0.272316 0.061043 -0.018702 -0.305282 0.058712 -0.145125 -0.022355 0.044558 -0.015363 0.149375 -0.165987 0.011501 -0.029940 -0.154874 -0.078295 -0.093593 -0.213203 -0.132791 0.104476 0.114044 0.034445 0.031856 0.165510
0.374451 1.000000 -0.118094 0.133158 0.072197 -0.073007 0.152516 0.270112 0.183282 0.135257 -0.053693 0.362205 -0.033725 0.358160 0.101224 0.297467 0.086117 -0.047741 0.356610 0.495439 0.008429 0.063482 -0.106471 0.084384 -0.314436 -0.294578 0.176317 -0.070759 0.205684 0.191384 0.167559 0.196892 0.144342 0.323197 -0.251729 -0.339895 0.153849 -0.253295 -0.065525 0.108040 -0.111307 -0.096291 -0.157454 -0.240236 -0.124634 -0.270361 -0.197225 -0.157518 0.029481 -0.181181 -0.065755 -0.056637 -0.151970 0.077594 -0.217572 -0.072203 0.217186 0.359418 -0.228536 -0.082640 -0.038084 0.178433 0.070342 0.056408 -0.054665 -0.201538 -0.263143 -0.414805 0.225436 0.172903 0.181567 0.115871 -0.039266 0.187484 0.173717 -0.027501 0.145288 0.049367 -0.228380 -0.259098 -0.061567 -0.181184 0.023790 0.281663 -0.077618 -0.257259 -0.205788 -0.371435 -0.125584 -0.194059 0.228149 0.124616 0.144039 -0.062295 -0.104337 0.079724 -0.200546 -0.036182 -0.113189 0.049110 0.216533 -0.156873 0.163464 -0.210131 -0.076879 -0.072744 0.015650 0.154870 -0.084647 -0.131010 -0.144017 0.091375 0.152763 -0.028302 0.024879 0.004730
-0.026287 -0.118094 1.000000 0.285384 0.228714 0.033619 0.528008 0.234837 0.371753 0.010293 -0.147860 -0.354531 -0.129015 -0.312743 -0.033965 -0.255442 0.048180 -0.355661 0.336057 0.016501 -0.011478 0.007139 0.477150 0.331248 0.318660 0.230297 0.095721 0.190441 -0.045469 -0.298684 0.487331 0.369989 0.239664 0.334003 0.380180 0.315756 -0.310167 -0.369374 0.038025 -0.124823 0.141853 -0.215194 -0.364552 -0.356770 -0.296627 -0.256212 -0.413380 -0.354652 -0.451440 -0.408843 -0.318089 -0.480174 -0.326872 -0.393026 -0.125397 -0.294516 -0.320054 -0.095435 0.152950 -0.244654 0.331815 -0.282727 -0.183832 -0.162229 0.476724 0.216785 0.081828 0.341935 0.269509 0.124418 -0.004995 0.140876 0.033486 -0.173435 -0.073860 0.187424 -0.213183 -0.117716 0.000115 -0.239527 -0.090695 -0.152546 0.125764 0.056030 -0.117918 -0.028521 0.072279 0.193716 0.288455 0.039238 -0.187773 -0.007289 0.067298 0.282966 0.182659 -0.097491 -0.246242 -0.226108 -0.379999 -0.301983 -0.161623 0.135388 -0.031366 0.234427 -0.043329 0.066808 -0.181840 0.043420 -0.005985 -0.033639 -0.092625 -0.055872 -0.253904 -0.086172 0.021004 -0.059654
0.229232 0.133158 0.285384 1.000000 -0.018149 -0.026953 0.328546 0.465795 0.280317 0.157993 -0.538365 -0.072156 -0.131178 -0.029801 -0.153709 0.069304 -0.126162 -0.315502 0.546402 0.562379 0.024759 0.188828 0.492168 0.655284 0.208850 0.285863 0.344728 0.421302 -0.052426 -0.159014 0.646374 0.728910 0.193047 0.599843 0.097768 0.084327 -0.078011 -0.255890 -0.069193 0.017391 -0.062190 -0.173813 -0.378371 -0.415561 -0.302207 -0.381450 -0.473674 -0.373058 -0.369609 -0.316353 -0.530802 -0.443569 -0.477326 -0.195328 -0.258392 -0.231105 0.044333 0.215403 -0.545381 -0.551124 -0.190161 -0.234325 -0.018808 -0.221906 0.594266 0.236447 -0.340734 -0.089729 0.427269 0.102618 0.136195 0.175571 -0.027100 0.114642 -0.108075 0.027319 -0.089465 -0.010839 0.060619 0.018776 -0.208850 -0.224334 0.090262 0.275053 0.060342 0.166676 -0.111871 -0.215128 0.099611 -0.209427 -0.300039 -0.162425 0.336552 0.005315 0.163753 0.073734 -0.408495 -0.031504 -0.413763 -0.276246 -0.095243 -0.153765 -0.005997 -0.100582 -0.060170 0.115758 -0.279717 0.166227 0.042518 -0.053264 -0.348833 -0.232320 -0.261481 0.012149 0.144165 0.107263
-0.029215 0.072197 0.228714 -0.018149 1.000000 0.411707 0.241871 -0.007398 0.308558 0.164662 -0.111410 -0.198475 -0.037933 -0.165505 0.039916 -0.090530 0.057787 0.018400 0.004961 -0.011751 0.386549 0.245868 0.117876 0.037898 0.395311 0.113341 0.480031 0.306001 -0.005823 0.048892 0.094513 0.023992 0.218775 0.102174 0.150532 0.040552 0.069186 -0.352470 0.255030 0.011114 -0.092458 -0.015704 -0.195327 -0.151665 -0.089036 -0.094008 -0.228915 -0.231371 -0.209713 -0.210260 -0.276877 -0.214122 -0.369499 -0.147104 -0.028434 -0.067673 0.131571 0.102247 0.148319 0.084945 0.126468 -0.148711 0.123844 0.152195 -0.070523 -0.190396 0.206299 0.010653 0.054883 0.118007 0.169479 0.143282 0.095387 -0.005290 0.058159 0.182578 -0.027506 0.052746 -0.112570 -0.163158 -0.082859 0.028758 -0.013204 0.032171 -0.074116 -0.265548 -0.109220 -0.050150 -0.042370 0.003389 -0.035705 -0.107923 0.009019 0.040354 -0.169059 -0.131077 -0.187612 0.076393 -0.292136 0.012573 0.082943 0.053726 0.179876 0.198434 0.232203 0.100745 0.001477 -0.042600 0.004530 -0.250439 -0.086330 0.057353 0.122148 0.050250 0.248216 0.119516
0.000165 -0.073007 0.033619 -0.026953 0.411707 1.000000 -0.002037 -0.402062 0.245142 0.283409 -0.127561 -0.208208 -0.088040 -0.106711 -0.009906 -0.011104 -0.003729 0.028093 -0.190044 -0.116418 0.179945 0.297876 0.305382 0.152556 0.535020 0.457164 0.415654 0.437435 -0.198408 0.008071 0.057522 0.001824 0.100198 -0.038229 0.128588 0.136400 0.020625 -0.154977 0.237418 0.158237 0.003468 -0.032736 0.061758 0.137510 0.007117 0.095650 0.055197 0.023068 -0.071999 -0.062008 -0.309525 -0.044206 -0.191335 0.035099 0.209222 0.129397 0.282376 0.053708 -0.076133 -0.291869 -0.020623 -0.309021 -0.037477 -0.114223 0.186354 0.039269 -0.043419 -0.094998 0.156227 -0.083666 0.155398 0.024754 -0.160250 0.119882 0.090797 0.229053 -0.123725 0.046037 0.112393 -0.043167 -0.185610 -0.004176 -0.067646 -0.151625 0.163041 0.003851 0.228960 0.164381 0.351010 -0.015700 -0.029288 -0.279201 0.092946 -0.130369 0.088345 -0.036563 0.185356 0.047276 0.075282 0.091681 -0.154308 -0.281325 -0.136378 -0.120424 0.162578 0.136355 -0.377421 0.047963 0.023348 0.024866 -0.035705 0.243075 0.154804 0.078905 0.108989 -0.058446
0.328120 0.152516 0.528008 0.328546 0.241871 -0.002037 1.000000 0.311293 0.266696 0.120950 0.086805 -0.028295 0.317228 0.110532 0.120234 0.134888 0.183592 -0.143939 0.432036 0.342418 0.129545 0.011281 0.314240 0.256467 0.024309 -0.143458 0.294973 0.193851 0.271102 0.044816 0.431242 0.292040 0.294717 0.407348 -0.006957 -0.027163 -0.064088 -0.313826 0.039683 -0.258263 0.023299 -0.197140 -0.516070 -0.510063 -0.379230 -0.455653 -0.443195 -0.515292 -0.347029 -0.396210 -0.307323 -0.479285 -0.411008 -0.261482 -0.202576 -0.204385 -0.143619 -0.095839 -0.084531 -0.181813 0.244330 -0.007824 0.216732 0.085514 0.375809 0.080724 -0.168958 -0.132727 0.206033 -0.020780 0.060178 0.036919 0.052306 0.145685 0.143309 -0.059346 -0.148205 -0.091765 -0.005474 -0.169299 -0.122051 0.012275 0.139508 0.372091 -0.136799 -0.031543 -0.105935 0.046023 0.041951 0.057803 -0.207093 -0.100050 0.172746 0.105927 -0.047781 -0.152763 -0.536216 -0.117534 -0.469196 -0.331386 -0.015678 0.065582 -0.000668 0.061845 -0.033763 -0.018562 -0.107285 -0.086519 -0.047543 -0.228753 -0.377556 -0.251632 -0.040221 0.072181 -0.008098 0.020629
0.018594 0.270112 0.234837 0.465795 -0.007398 -0.402062 0.311293 1.000000 0.228006 0.242184 -0.153917 0.176919 0.082830 0.334459 0.056417 0.094544 0.083700 -0.197577 0.367180 0.286015 0.035238 -0.109342 0.025176 0.180720 -0.173086 -0.200414 0.035775 -0.012573 0.154608 0.099923 0.352566 0.413285 0.014359 0.445356 -0.046499 -0.046068 0.072602 -0.063427 -0.237624 -0.186261 -0.024281 -0.034511 -0.357060 -0.407064 -0.257248 -0.343767 -0.350321 -0.326933 -0.229185 -0.239861 -0.169690 -0.264436 -0.264970 -0.217308 -0.302891 -0.301202 -0.108725 0.067839 -0.274943 -0.104900 -0.091935 0.293683 0.023683 0.013031 0.140357 0.180539 -0.276416 -0.104558 0.041637 -0.106832 0.220368 0.279838 0.089225 0.027809 0.004135 -0.011442 0.054962 -0.061115 -0.195467 -0.208909 0.008746 -0.281972 0.179027 0.377979 -0.228531 -0.053492 -0.284035 -0.317027 -0.113712 -0.101667 -0.110263 -0.007203 0.290583 0.175687 -0.066547 0.139193 -0.403547 -0.034427 -0.314603 -0.189222 0.115814 0.212206 0.113326 0.036557 -0.153600 -0.131989 0.140115 0.151212 0.149913 -0.093353 -0.282878 -0.250818 -0.088977 0.115181 -0.010298 0.024578
0.108075 0.183282 0.371753 0.280317 0.308558 0.245142 0.266696 0.228006 1.000000 0.338874 -0.137753 0.037191 0.041063 0.143946 0.266521 0.047301 0.124482 -0.399554 0.179636 0.227015 0.154858 -0.094504 0.405105 0.428223 0.276681 0.101487 0.300792 0.223991 0.004861 -0.158865 0.354817 0.321648 -0.112467 0.149680 0.044606 0.053510 -0.024632 -0.492052 -0.166005 -0.148140 -0.146625 -0.203465 -0.131300 -0.152002 -0.116121 -0.226356 -0.277431 -0.121972 -0.247805 -0.268237 -0.379586 -0.333633 -0.299609 0.083368 -0.192638 -0.160340 -0.194377 0.117452 -0.117098 -0.327306 -0.032628 -0.174580 -0.148655 -0.212552 0.359699 -0.040427 -0.293702 0.001088 0.272121 0.181170 0.194838 0.115887 -0.016294 -0.064331 0.029657 0.177448 0.035844 -0.057260 -0.116272 -0.438296 -0.081858 -0.362249 0.250296 0.082652 -0.168718 -0.054360 0.107137 -0.130979 0.221382 -0.095602 0.134995 0.122592 0.375811 0.338119 0.095576 -0.050104 -0.246707 -0.086674 -0.274693 -0.065439 -0.086246 -0.005418 -0.052460 0.068428 -0.033142 0.059593 -0.124527 0.172586 0.096453 -0.029888 -0.046215 0.068707 0.072817 0.116193 0.285427 0.144305
0.065412 0.135257 0.010293 0.157993 0.164662 0.283409 0.120950 0.242184 0.338874 1.000000 -0.221071 0.193064 0.029434 0.357757 -0.060410 0.283346 -0.025723 0.068311 0.028863 0.132946 0.073768 -0.049081 -0.022278 0.074267 0.050178 -0.281943 0.200118 0.011469 0.141397 0.219607 0.102801 0.067344 -0.220418 0.030414 -0.035383 -0.057770 -0.008671 -0.300312 -0.170750 -0.257150 -0.220056 -0.108564 -0.086231 -0.093257 0.054479 -0.046569 -0.068806 -0.047283 0.004963 -0.044992 -0.325603 -0.135969 -0.312038 0.027005 -0.132045 -0.132788 0.142467 -0.020017 -0.224294 -0.092823 -0.183780 0.077825 0.120741 -0.118169 0.121035 -0.184689 -0.242341 -0.192980 0.154625 0.136998 0.245458 -0.102287 0.073220 0.153405 -0.067463 0.173901 -0.025219 0.134557 -0.135763 -0.036219 -0.025635 -0.087469 0.093730 0.276531 0.028561 -0.058846 0.166191 0.068397 0.084414 -0.183445 0.173697 0.075980 0.468011 0.214370 -0.137676 -0.056305 -0.263084 0.013744 -0.066141 -0.075691 -0.051009 0.184351 -0.035521 0.092660 -0.107432 0.127170 -0.044690 0.173618 -0.000023 -0.074521 -0.090705 0.073947 -0.007060 0.061263 0.057914 0.255971
-0.043803 -0.053693 -0.147860 -0.538365 -0.111410 -0.127561 0.086805 -0.153917 -0.137753 -0.221071 1.000000 0.297851 0.604824 0.138678 0.406986 0.049413 0.212034 0.169392 -0.318780 -0.304209 0.128095 -0.136551 -0.291192 -0.422861 -0.371111 -0.393971 -0.190574 -0.323222 0.252741 0.218910 -0.414760 -0.387021 -0.143798 -0.275111 -0.243502 -0.182785 0.155279 0.136384 0.017640 -0.060218 0.165475 0.148663 0.083034 0.067450 -0.005186 0.054199 0.262853 0.003662 0.184604 0.087454 0.453418 0.192998 0.420174 0.165287 0.195336 0.166785 -0.215904 -0.261787 0.365604 0.391945 0.230980 0.394391 0.187288 0.255389 -0.310661 -0.048283 0.118165 -0.056681 -0.192440 -0.146087 -0.098269 -0.122547 0.076724 -0.054250 0.058746 -0.216487 0.051174 -0.072401 0.007301 -0.131330 0.166704 0.240141 0.210597 0.070796 -0.078564 -0.162550 0.149660 0.138656 -0.005594 0.201304 0.097662 0.050388 -0.386841 -0.062229 -0.088300 -0.035071 0.183096 -0.137197 0.181949 -0.004335 -0.054639 0.075921 -0.157664 -0.035532 -0.074604 -0.299419 0.224608 -0.149246 0.100043 0.033223 0.107613 0.013401 0.227985 0.221623 -0.055352 -0.169294
0.153843 0.362205 -0.354531 -0.072156 -0.198475 -0.208208 -0.028295 0.176919 0.037191 0.193064 0.297851 1.000000 0.413092 0.575268 0.259056 0.624486 -0.023206 0.188931 -0.014330 0.154986 -0.015667 -0.176422 -0.142927 -0.014878 -0.482520 -0.385344 -0.077104 -0.198389 0.202713 0.365888 0.057811 0.008694 -0.087707 0.009160 -0.284203 -0.240909 0.140626 -0.028133 -0.215504 -0.188937 0.079381 0.014082 -0.089587 -0.178605 -0.000340 -0.255758 0.015397 -0.090705 0.149538 -0.005582 0.132973 0.050204 0.136832 0.120921 -0.158930 -0.141772 0.083729 0.074801 -0.233148 0.044216 -0.157735 0.347168 0.084316 0.027941 -0.086781 -0.130154 -0.275830 -0.306710 0.024471 0.069457 0.039276 -0.004589 -0.029768 0.144741 0.122708 -0.032873 0.025414 -0.066757 -0.093640 -0.099865 -0.003429 0.092916 0.226682 0.341297 -0.001243 -0.025610 -0.048687 -0.184876 -0.023306 -0.153043 0.129626 0.091048 0.155954 0.021448 -0.122547 0.018106 -0.119907 -0.146471 0.014153 -0.138360 0.146273 -0.046606 -0.055944 -0.149135 -0.175265 -0.080975 0.119780 0.293148 0.086307 -0.118095 -0.232684 -0.012407 0.125874 0.080357 0.037783 0.069679
0.063261 -0.033725 -0.129015 -0.131178 -0.037933 -0.088040 0.317228 0.082830 0.041063 0.029434 0.604824 0.413092 1.000000 0.413436 0.565190 0.339215 0.154182 0.072806 -0.113407 -0.017455 0.163071 -0.164272 0.044347 -0.141051 -0.245567 -0.286604 0.039336 -0.101993 0.415553 0.190923 -0.115880 -0.087856 -0.083714 -0.069568 -0.221492 -0.044704 0.345142 0.067651 0.062206 -0.079103 0.193241 0.254885 -0.275055 -0.320400 -0.251595 -0.311590 -0.161446 -0.342053 -0.153554 -0.223027 0.069597 -0.224803 0.074026 -0.028913 0.040510 -0.118469 -0.072445 -0.177951 0.005099 0.007587 0.099093 0.292244 0.210723 0.260108 0.007915 0.024631 -0.170249 -0.194148 -0.054616 -0.088114 0.085581 -0.105057 0.083008 0.137627 0.093583 -0.020879 0.126222 -0.076413 0.006486 -0.173908 0.143526 0.161540 0.345025 0.348076 0.130614 0.113735 0.138844 0.152074 0.093244 0.104889 -0.109710 -0.082408 0.048019 0.040444 -0.169039 -0.096042 -0.189956 -0.169123 -0.172732 -0.294878 -0.019594 0.118759 -0.142593 -0.018493 -0.066601 -0.166364 0.088065 0.033732 0.018906 -0.157233 -0.268551 -0.107909 0.073476 0.261407 -0.041588 0.038800
0.146326 0.358160 -0.312743 -0.029801 -0.165505 -0.106711 0.110532 0.334459 0.143946 0.357757 0.138678 0.575268 0.413436 1.000000 0.303652 0.531478 -0.082976 0.003809 -0.049170 0.293623 0.088773 -0.131932 -0.039749 0.007766 -0.333473 -0.312794 0.073162 -0.084743 0.265257 0.218870 0.033438 0.073387 -0.080766 0.086434 -0.190838 -0.138669 0.204823 -0.048626 -0.219903 -0.112573 -0.080283 0.044545 -0.091885 -0.115931 0.052225 -0.189218 -0.048875 -0.025077 0.139089 0.005725 -0.040667 -0.025781 -0.127202 0.045265 -0.216385 -0.104357 0.015098 -0.076152 -0.317674 -0.047531 -0.098954 0.335335 0.023166 -0.055099 -0.036149 -0.166069 -0.328919 -0.225611 -0.027839 0.026352 0.150134 0.032678 -0.051636 0.173518 0.120271 -0.007939 0.100509 0.043824 -0.110806 -0.241454 -0.047919 -0.158972 0.117318 0.340576 -0.074066 -0.196698 0.005087 -0.190204 -0.058267 -0.261802 0.171799 0.143089 0.217788 0.055140 -0.146777 0.001338 -0.158848 -0.071443 -0.046443 -0.078274 0.117958 -0.044368 -0.054019 -0.290693 -0.205544 -0.159839 0.173982 0.196250 0.039670 -0.062581 -0.170444 -0.052111 0.310940 0.212122 -0.066875 0.162639
-0.121113 0.101224 -0.033965 -0.153709 0.039916 -0.009906 0.120234 0.056417 0.266521 -0.060410 0.406986 0.259056 0.565190 0.303652 1.000000 0.148237 0.143453 -0.138187 -0.148056 -0.012225 0.244883 -0.047807 0.160815 0.139317 -0.097748 -0.019423 0.220499 0.072648 0.327674 -0.036694 -0.131981 0.037841 -0.134844 -0.172680 -0.141133 0.044164 0.248446 -0.147213 0.029913 0.031337 0.133152 0.064639 -0.134411 -0.179008 -0.140092 -0.218327 -0.071956 -0.137684 -0.064578 -0.134694 0.011949 -0.210849 0.113797 -0.000753 0.120592 -0.050986 -0.285528 -0.177210 -0.061694 0.004778 -0.080464 0.050821 -0.116293 -0.007118 0.016612 -0.016031 -0.096343 -0.006614 0.003751 0.052953 -0.082400 -0.079865 -0.039872 -0.046196 0.059764 0.082046 0.056172 -0.192129 -0.065789 -0.432551 0.220489 -0.137579 0.555001 0.209940 0.027603 -0.026381 0.124745 -0.029075 0.192301 0.065753 -0.009915 0.074920 0.125489 0.081344 -0.025075 -0.034867 0.036243 -0.112389 -0.123821 -0.163804 -0.239080 -0.073123 -0.312130 -0.064459 -0.216728 -0.003055 0.055316 0.179868 0.102749 -0.045344 -0.191840 -0.121107 0.109963 0.135799 0.141620 -0.055609
0.462846 0.297467 -0.255442 0.069304 -0.090530 -0.011104 0.134888 0.094544 0.047301 0.283346 0.049413 0.624486 0.339215 0.531478 0.148237 1.000000 -0.243010 0.189483 0.138597 0.352182 0.122710 0.020411 -0.088655 0.030816 -0.342862 -0.228594 0.154078 0.159018 0.161457 0.274857 0.131330 0.013713 0.089999 0.060825 -0.257550 -0.104386 -0.018871 -0.129534 -0.148547 -0.227095 -0.238652 -0.049507 -0.020258 -0.054451 0.157477 -0.143057 -0.038992 0.009415 0.185757 0.095788 -0.033466 0.096677 -0.183639 0.186113 -0.319241 0.043094 0.169785 -0.103896 -0.322439 -0.049851 -0.114481 0.028084 0.196772 -0.182216 -0.027038 -0.302295 -0.193754 -0.249532 0.051389 0.118966 0.046477 -0.125580 -0.162047 0.191205 -0.049716 -0.139090 -0.040980 -0.126744 -0.065312 0.035798 -0.257711 0.016158 -0.129429 0.360247 0.008159 -0.123947 -0.133474 -0.182209 -0.215502 -0.282458 0.098409 0.108941 0.230681 -0.263154 -0.163120 -0.053940 -0.282556 -0.082036 -0.060499 -0.200311 0.098360 -0.125647 0.027495 -0.265856 -0.146750 -0.001226 -0.069980 0.191461 -0.110450 -0.193352 -0.247720 -0.039018 0.189235 0.015644 0.046704 0.260031
0.010758 0.086117 0.048180 -0.126162 0.057787 -0.003729 0.183592 0.083700 0.124482 -0.025723 0.212034 -0.023206 0.154182 -0.082976 0.143453 -0.243010 1.000000 0.125103 -0.040770 -0.190630 0.117626 -0.056827 -0.101723 -0.166132 0.020065 -0.079557 -0.063012 -0.236645 0.310334 0.038975 -0.039925 -0.001666 0.072678 0.071070 -0.130335 -0.084872 0.329293 0.000673 0.255555 0.067262 0.474190 0.195614 -0.098240 -0.151032 -0.288121 -0.152314 0.047270 -0.231122 -0.186072 -0.187913 0.046348 -0.241999 0.124965 -0.099503 0.212346 -0.142564 0.121597 0.217349 -0.055896 -0.036940 -0.067262 0.038895 0.163105 0.446196 -0.053100 0.034717 -0.187745 -0.232117 -0.016845 -0.280065 0.327439 0.138242 0.393749 0.136904 0.205758 0.147150 0.133185 0.176773 0.161184 -0.152686 0.433142 0.182306 0.240860 0.027822 0.093948 0.033759 0.000848 0.052381 0.124458 0.201650 -0.276833 -0.332847 -0.212299 -0.112624 0.060627 -0.061421 0.025167 0.073953 -0.102553 -0.132189 0.057557 0.056349 -0.101539 0.128688 -0.027441 -0.154890 0.018304 -0.257373 -0.015945 -0.190324 -0.066203 0.002415 -0.188819 -0.083836 -0.083229 -0.088714
0.001840 -0.047741 -0.355661 -0.315502 0.018400 0.028093 -0.143939 -0.197577 -0.399554 0.068311 0.169392 0.188931 0.072806 0.003809 -0.138187 0.189483 0.125103 1.000000 -0.183158 -0.156690 0.028587 -0.004364 -0.278988 -0.287457 -0.116743 -0.177839 -0.194594 -0.229902 0.202083 0.553952 -0.175187 -0.254748 0.072312 -0.113865 -0.345350 -0.271730 0.166631 0.167218 0.293104 0.001382 0.198514 0.074623 0.025649 0.085741 -0.085996 -0.061558 0.207659 -0.046777 0.058577 0.069216 0.079567 0.118923 0.047292 -0.086626 0.282777 0.072556 0.194630 0.011861 -0.000187 0.172466 -0.023419 0.086343 0.326448 0.336069 -0.366715 -0.271409 -0.129446 -0.442500 -0.193609 -0.238628 0.043986 -0.100703 0.364110 0.285723 0.167639 -0.014782 0.148682 0.208230 0.108992 0.542273 0.100959 0.578757 -0.160216 0.135574 0.075105 0.033009 -0.192028 -0.031876 -0.130331 0.190524 -0.179492 -0.277202 -0.196454 -0.221494 -0.121376 0.070746 0.179163 0.010374 0.097782 -0.073813 0.236414 -0.099426 0.234735 -0.055079 -0.010256 -0.134530 0.076399 -0.128875 0.054210 -0.026932 -0.048428 0.104388 0.058823 -0.115596 -0.056724 -0.073668
0.381200 0.356610 0.336057 0.546402 0.004961 -0.190044 0.432036 0.367180 0.179636 0.028863 -0.318780 -0.014330 -0.113407 -0.049170 -0.148056 0.138597 -0.040770 -0.183158 1.000000 0.719639 -0.107362 0.078344 0.237594 0.397399 -0.068843 -0.050445 0.219353 0.215825 0.083810 -0.060008 0.495264 0.472742 0.369861 0.551635 -0.032062 -0.228671 -0.087388 -0.271447 -0.101173 -0.109978 -0.156974 -0.139527 -0.296703 -0.386660 -0.339417 -0.482106 -0.415927 -0.328767 -0.287537 -0.339333 -0.383326 -0.338461 -0.388471 -0.042378 -0.382319 -0.242127 -0.012196 0.078482 -0.288204 -0.318156 0.060832 -0.111981 0.127497 0.046919 0.284370 -0.134348 -0.257376 -0.222019 0.380097 0.240940 0.078451 0.195501 0.018832 0.091410 -0.032602 -0.093241 0.030140 -0.073064 0.016128 -0.073337 -0.198824 -0.137348 -0.091313 0.335164 -0.095238 0.007038 -0.343874 -0.250536 -0.096554 -0.241551 0.008678 0.039227 0.285870 0.074983 0.113466 0.022182 -0.379050 -0.185199 -0.302377 -0.277251 0.145400 0.028415 0.141728 0.020196 0.018901 0.022234 -0.178167 0.185624 -0.094325 -0.134908 -0.308598 -0.174507 -0.215363 -0.031767 0.047530 -0.048988
0.469411 0.495439 0.016501 0.562379 -0.011751 -0.116418 0.342418 0.286015 0.227015 0.132946 -0.304209 0.154986 -0.017455 0.293623 -0.012225 0.352182 -0.190630 -0.156690 0.719639 1.000000 -0.026707 0.067187 0.240114 0.470492 -0.144079 -0.064418 0.328605 0.190158 0.124734 0.043125 0.478960 0.518562 0.214408 0.532541 -0.113467 -0.351160 -0.018481 -0.309592 -0.165631 -0.013958 -0.344985 -0.159596 -0.268717 -0.334102 -0.224825 -0.425684 -0.405717 -0.270852 -0.169996 -0.226408 -0.444029 -0.262029 -0.475928 0.087117 -0.434583 -0.149759 0.140333 0.130361 -0.512506 -0.354704 -0.159644 -0.078768 0.092918 -0.054741 0.237993 -0.233767 -0.416399 -0.355578 0.436497 0.371213 0.107339 0.134131 -0.021955 0.310456 0.018487 -0.103687 0.101768 0.040791 0.019381 -0.044860 -0.199854 -0.141403 -0.040328 0.423264 -0.044864 -0.039389 -0.246982 -0.276113 -0.202446 -0.404064 0.091506 0.092307 0.316601 -0.038095 -0.023160 0.102021 -0.405283 -0.040883 -0.275687 -0.103616 0.092905 -0.128815 0.117911 -0.143116 0.005492 0.060836 -0.175228 0.198435 -0.009452 -0.110162 -0.396584 -0.088840 0.049857 0.072053 0.120943 0.113461
0.176057 0.008429 -0.011478 0.024759 0.386549 0.179945 0.129545 0.035238 0.154858 0.073768 0.128095 -0.015667 0.163071 0.088773 0.244883 0.122710 0.117626 0.028587 -0.107362 -0.026707 1.000000 0.385051 0.021685 -0.074961 0.180675 -0.018619 0.477836 0.264898 0.090954 0.089948 0.038406 0.026596 0.214359 0.027912 -0.157052 -0.073489 0.198778 -0.163297 0.241616 0.091489 -0.015013 0.077369 -0.035055 -0.071713 -0.003994 -0.070163 0.020563 -0.120077 -0.069910 -0.010605 -0.088486 -0.057544 -0.070280 0.009548 -0.066834 -0.061578 0.067930 -0.007683 -0.013031 0.060450 -0.025518 -0.094065 0.071691 0.188186 0.031766 -0.036553 0.083928 -0.127097 0.020790 -0.022097 0.212326 0.073531 0.040110 0.027296 -0.041323 -0.014120 -0.065248 -0.170617 -0.108540 -0.148582 -0.117087 -0.082028 0.039233 0.065168 0.018467 -0.242350 -0.083712 -0.045558 -0.125867 -0.030581 -0.149599 -0.061963 -0.077109 -0.108945 -0.125147 -0.082385 0.000608 -0.067587 -0.204536 -0.028748 -0.015481 -0.039270 0.097220 -0.044673 0.143161 -0.014324 -0.161119 -0.053766 0.108929 -0.025144 -0.092498 0.060233 0.002312 -0.015665 0.026840 -0.014114
0.224801 0.063482 0.007139 0.188828 0.245868 0.297876 0.011281 -0.109342 -0.094504 -0.049081 -0.136551 -0.176422 -0.164272 -0.131932 -0.047807 0.020411 -0.056827 -0.004364 0.078344 0.067187 0.385051 1.000000 0.059937 0.097859 0.352300 0.376016 0.477859 0.522634 -0.233819 -0.013108 0.043084 0.180199 0.248791 0.179822 0.033150 0.020366 0.026198 -0.190962 0.178864 0.179202 0.050674 0.011994 0.099649 0.001200 0.100014 0.042422 0.047879 -0.026805 0.051449 0.048848 -0.046081 0.039819 -0.074087 -0.024111 0.012042 0.052858 0.296823 0.071686 -0.183364 -0.070902 -0.102126 -0.258539 0.004518 -0.098144 0.034256 -0.002478 0.093535 -0.016585 0.082690 0.015133 -0.022931 0.231192 -0.286415 -0.088075 0.011488 -0.053795 -0.136663 -0.203605 0.062278 0.102429 -0.251377 0.053098 -0.059819 -0.016940 0.343313 -0.331476 -0.005453 0.059246 -0.027752 -0.199031 -0.128555 -0.199982 -0.117790 -0.382221 0.094249 -0.069898 0.037558 0.105069 -0.049857 0.021603 -0.099311 -0.294590 0.209465 -0.031523 0.159245 0.007303 -0.285838 -0.085852 -0.127647 -0.152245 0.027867 0.077336 -0.085662 0.000487 0.072908 0.142896
-0.009442 -0.106471 0.477150 0.492168 0.117876 0.305382 0.314240 0.025176 0.405105 -0.022278 -0.291192 -0.142927 0.044347 -0.039749 0.160815 -0.088655 -0.101723 -0.278988 0.237594 0.240114 0.021685 0.059937 1.000000 0.767073 0.501162 0.579638 0.359635 0.369204 -0.220589 -0.421956 0.613321 0.602018 0.204745 0.272134 0.262409 0.224687 -0.079939 -0.276143 0.128621 0.214541 0.071629 -0.088065 -0.488887 -0.418437 -0.421265 -0.469153 -0.524604 -0.407565 -0.551801 -0.466539 -0.523520 -0.546685 -0.371708 -0.312966 -0.083843 -0.310244 -0.114124 0.034540 -0.174261 -0.528338 0.211718 -0.396570 -0.190712 -0.254309 0.660415 0.223024 -0.246331 0.092600 0.475495 0.222826 0.070045 0.138715 -0.116668 -0.025098 0.025200 0.199418 -0.194153 -0.129711 0.015499 -0.249036 -0.151257 -0.269764 0.148466 -0.017067 0.032779 0.253230 0.099222 0.128225 0.434881 0.024719 -0.181100 -0.009142 0.241888 0.222234 0.230753 -0.108637 -0.238899 -0.126688 -0.310665 -0.287786 -0.125631 -0.122763 -0.271223 0.006312 0.030043 0.183066 -0.297596 0.186730 0.110720 -0.047304 -0.369119 -0.125853 -0.061898 0.056848 0.129956 -0.070297
0.016195 0.084384 0.331248 0.655284 0.037898 0.152556 0.256467 0.180720 0.428223 0.074267 -0.422861 -0.014878 -0.141051 0.007766 0.139317 0.030816 -0.166132 -0.287457 0.397399 0.470492 -0.074961 0.097859 0.767073 1.000000 0.310744 0.518006 0.373005 0.370497 -0.156417 -0.349123 0.623622 0.713635 0.071546 0.288607 0.180895 0.112822 -0.130936 -0.369984 -0.046787 0.085842 -0.012653 -0.153686 -0.370513 -0.362576 -0.324091 -0.466614 -0.408632 -0.294396 -0.354978 -0.349883 -0.492714 -0.458903 -0.442943 -0.201108 -0.271704 -0.216184 -0.122334 0.135947 -0.454244 -0.550492 -0.073682 -0.342526 -0.174132 -0.403449 0.602045 0.023986 -0.352129 -0.028800 0.453609 0.335569 0.006217 0.201817 -0.127617 -0.058311 -0.097476 0.043517 -0.232921 -0.170106 0.071295 -0.175111 -0.150311 -0.270308 0.210706 0.173848 0.042901 0.210919 -0.063709 -0.055810 0.246732 -0.104380 -0.099337 0.043877 0.427840 0.204984 0.180136 0.029334 -0.306261 -0.120145 -0.304236 -0.265551 -0.125698 -0.185247 -0.200115 -0.045033 -0.139615 0.253100 -0.347285 0.175340 0.057481 -0.073550 -0.399063 -0.212196 -0.118746 -0.045225 0.225261 0.043956
-0.185967 -0.314436 0.318660 0.208850 0.395311 0.535020 0.024309 -0.173086 0.276681 0.050178 -0.371111 -0.482520 -0.245567 -0.333473 -0.097748 -0.342862 0.020065 -0.116743 -0.068843 -0.144079 0.180675 0.352300 0.501162 0.310744 1.000000 0.691377 0.384724 0.467698 -0.309497 -0.270366 0.314180 0.248785 0.117229 0.124440 0.312489 0.263038 -0.041582 -0.184502 0.333548 0.278262 0.046237 0.026427 -0.141383 -0.059269 -0.179371 -0.071400 -0.223831 -0.148042 -0.370253 -0.300259 -0.346336 -0.312050 -0.303184 -0.175116 0.165659 -0.062942 0.109217 0.210357 -0.023395 -0.351421 0.154720 -0.456618 -0.144655 -0.091401 0.321850 0.181649 -0.006916 0.170939 0.107106 -0.017176 0.216178 0.191788 0.014102 -0.124264 -0.033809 0.287274 -0.146571 -0.021221 0.230035 0.004000 -0.072642 -0.090205 -0.097654 -0.283283 0.061712 0.017805 0.072572 0.112376 0.342471 0.071229 -0.219466 -0.241724 -0.014904 -0.013110 0.285550 -0.054728 0.136160 0.122607 -0.182502 -0.027770 -0.190436 -0.224201 -0.073367 0.050989 0.113438 0.168935 -0.212437 0.020950 0.092023 -0.006467 -0.013620 0.047645 -0.164368 -0.083060 0.096242 -0.042807
-0.148204 -0.294578 0.230297 0.285863 0.113341 0.457164 -0.143458 -0.200414 0.101487 -0.281943 -0.393971 -0.385344 -0.286604 -0.312794 -0.019423 -0.228594 -0.079557 -0.177839 -0.050445 -0.064418 -0.018619 0.376016 0.579638 0.518006 0.691377 1.000000 0.282077 0.513748 -0.349512 -0.420900 0.315457 0.399476 0.157069 0.101568 0.384749 0.331864 -0.074637 -0.051521 0.269436 0.362132 0.177616 0.072517 -0.075952 -0.045272 -0.161920 -0.079931 -0.142198 -0.075359 -0.280057 -0.203607 -0.219696 -0.190584 -0.173887 -0.186149 0.105125 -0.044398 0.088274 0.141063 -0.208180 -0.451077 -0.011155 -0.552672 -0.326514 -0.297574 0.282960 0.229946 -0.017427 0.243259 0.148408 -0.004576 0.036818 0.225886 -0.185868 -0.126384 0.039445 0.205855 -0.113368 -0.103713 0.231048 0.004278 -0.089638 -0.101616 -0.069067 -0.281633 0.146652 0.114603 -0.034913 0.067525 0.349565 0.009618 -0.282033 -0.215986 -0.050100 -0.127932 0.291701 0.050077 0.161958 0.109830 -0.086371 -0.100805 -0.209659 -0.353378 -0.143459 -0.078781 0.013651 0.138149 -0.343100 0.009094 0.048041 -0.006099 -0.105954 -0.045002 -0.135616 -0.137963 0.048663 -0.081312
0.245815 0.176317 0.095721 0.344728 0.480031 0.415654 0.294973 0.035775 0.300792 0.200118 -0.190574 -0.077104 0.039336 0.073162 0.220499 0.154078 -0.063012 -0.194594 0.219353 0.328605 0.477836 0.477859 0.359635 0.373005 0.384724 0.282077 1.000000 0.623753 -0.047056 -0.091715 0.284342 0.327098 0.260631 0.224882 0.174502 0.051345 0.091211 -0.349021 0.135952 0.133815 -0.184224 -0.122956 -0.198971 -0.217851 -0.134424 -0.234778 -0.305077 -0.220364 -0.194998 -0.208319 -0.378689 -0.200107 -0.375656 0.023832 -0.147773 -0.023520 0.288394 0.031185 -0.289679 -0.282752 -0.006967 -0.244557 -0.020445 -0.134053 0.330134 -0.076702 -0.063092 -0.133896 0.302198 0.198424 0.190292 0.185407 -0.170013 0.018430 0.025948 0.018367 -0.104575 -0.138850 -0.058785 -0.230449 -0.229732 -0.236356 0.014926 0.112084 0.091164 -0.207664 -0.080389 -0.134823 -0.020673 -0.166940 -0.019897 -0.082004 0.177554 -0.072521 -0.039558 0.024391 -0.167370 0.097799 -0.283427 -0.055617 -0.137155 -0.189472 -0.001111 -0.100536 0.106687 0.087688 -0.268714 0.150746 0.114052 -0.124812 -0.218639 -0.138574 0.025700 0.107763 0.228270 0.121761
0.189838 -0.070759 0.190441 0.421302 0.306001 0.437435 0.193851 -0.012573 0.223991 0.011469 -0.323222 -0.198389 -0.101993 -0.084743 0.072648 0.159018 -0.236645 -0.229902 0.215825 0.190158 0.264898 0.522634 0.369204 0.370497 0.467698 0.513748 0.623753 1.000000 -0.249818 -0.190224 0.292437 0.257863 0.354957 0.231792 0.250844 0.302625 -0.120010 -0.355695 0.119392 0.019451 -0.113396 -0.169641 -0.037308 -0.049126 0.007846 -0.063179 -0.218004 -0.090915 -0.144728 -0.121437 -0.362165 -0.163238 -0.394699 -0.090076 -0.160190 -0.014466 0.129494 0.024188 -0.244270 -0.289427 0.022340 -0.322963 -0.063518 -0.265423 0.353490 0.146068 0.053414 0.158344 0.185095 0.064965 0.020444 0.154592 -0.341684 -0.138598 -0.104730 0.025184 -0.125561 -0.149023 0.053163 -0.103693 -0.306428 -0.198949 -0.082436 -0.036966 0.123247 -0.246788 -0.116146 -0.171210 0.196920 -0.317214 -0.137765 -0.132329 0.238159 -0.162579 0.135560 -0.161118 -0.107354 0.045130 -0.174090 -0.060268 -0.153667 -0.261997 -0.038257 -0.081798 0.067497 0.034596 -0.347833 0.210557 -0.065603 -0.241312 -0.163618 -0.181003 -0.075078 0.000775 0.062506 0.091801
0.055823 0.205684 -0.045469 -0.052426 -0.005823 -0.198408 0.271102 0.154608 0.004861 0.141397 0.252741 0.202713 0.415553 0.265257 0.327674 0.161457 0.310334 0.202083 0.083810 0.124734 0.090954 -0.233819 -0.220589 -0.156417 -0.309497 -0.349512 -0.047056 -0.249818 1.000000 0.376997 -0.025179 0.086034 0.038766 0.203968 -0.116589 -0.290738 0.358294 0.028833 0.138987 -0.057372 0.298238 0.164249 -0.301937 -0.331101 -0.368546 -0.326417 -0.186835 -0.392162 -0.236433 -0.296490 -0.152052 -0.387262 -0.194044 -0.240921 0.157718 -0.394460 -0.041026 0.057292 -0.147578 -0.050789 -0.040077 0.154409 0.351746 0.342857 -0.121881 -0.134972 -0.229209 -0.371525 0.042099 -0.117079 0.148996 -0.169193 0.488746 0.328684 0.135620 0.139967 0.328773 0.251517 0.126978 0.026006 0.506139 0.320814 0.337446 0.568609 0.117906 0.100518 -0.047109 0.103821 0.013083 -0.007194 -0.282259 -0.221933 0.036304 0.022986 -0.116863 0.138192 -0.209048 -0.252529 -0.390985 -0.425549 -0.029336 0.065330 -0.139653 -0.028010 -0.265319 -0.158503 -0.013737 0.019348 0.025536 -0.032559 -0.178999 -0.090909 -0.181073 -0.182977 -0.088459 -0.139959
0.103575 0.191384 -0.298684 -0.159014 0.048892 0.008071 0.044816 0.099923 -0.158865 0.219607 0.218910 0.365888 0.190923 0.218870 -0.036694 0.274857 0.038975 0.553952 -0.060008 0.043125 0.089948 -0.013108 -0.421956 -0.349123 -0.270366 -0.420900 -0.091715 -0.190224 0.376997 1.000000 -0.067619 -0.107597 0.052684 0.178735 -0.335248 -0.347002 0.269276 0.110588 0.099339 -0.183846 0.136760 0.078625 0.015074 0.004297 -0.064495 -0.077319 0.128600 -0.132302 0.118232 0.056934 0.057025 0.136883 0.008851 0.027508 0.192253 -0.031182 0.222127 0.080282 -0.174526 0.083081 -0.191137 0.190497 0.368077 0.265181 -0.302287 -0.135260 -0.274483 -0.500846 -0.158305 -0.322757 0.025804 -0.080359 0.257270 0.422632 0.203238 -0.015055 0.186937 0.240751 0.136727 0.459952 0.121169 0.538153 0.066980 0.472252 0.090699 0.069344 -0.089411 -0.061528 -0.233971 -0.085168 -0.198031 -0.392007 -0.135905 -0.273778 -0.179740 0.136350 0.056466 -0.141227 -0.138695 -0.057487 0.132505 -0.169893 0.183728 -0.161918 0.012085 -0.208145 0.053477 0.036543 0.112780 -0.046162 -0.066332 0.095212 0.005111 0.001657 -0.003091 0.045638
0.207339 0.167559 0.487331 0.646374 0.094513 0.057522 0.431242 0.352566 0.354817 0.102801 -0.414760 0.057811 -0.115880 0.033438 -0.131981 0.131330 -0.039925 -0.175187 0.495264 0.478960 0.038406 0.043084 0.613321 0.623622 0.314180 0.315457 0.284342 0.292437 -0.025179 -0.067619 1.000000 0.805299 0.388639 0.626356 0.264015 0.065168 -0.053925 -0.277596 0.096983 0.051794 0.039513 -0.091659 -0.525573 -0.503380 -0.415851 -0.539618 -0.549327 -0.472941 -0.520780 -0.510616 -0.549491 -0.526213 -0.575306 -0.325952 -0.350167 -0.426666 0.072971 0.272083 -0.353523 -0.622581 0.108814 -0.265625 -0.003337 -0.102869 0.639350 0.097754 -0.382726 -0.135356 0.437135 0.146865 0.272468 0.364081 0.090146 0.162910 0.098041 0.214057 -0.103641 -0.124445 0.137729 -0.108057 -0.168468 -0.159348 0.081761 0.328683 -0.036704 0.180507 -0.122603 -0.128751 0.090231 -0.229706 -0.321870 -0.195475 0.220520 0.100481 0.092348 0.157068 -0.381626 -0.120167 -0.515632 -0.379315 -0.025850 -0.128001 -0.029911 -0.131015 -0.009329 0.114679 -0.308971 0.157656 0.119651 -0.061207 -0.358434 -0.133134 -0.244274 -0.137749 0.067246 0.008865
0.103914 0.196892 0.369989 0.728910 0.023992 0.001824 0.292040 0.413285 0.321648 0.067344 -0.387021 0.008694 -0.087856 0.073387 0.037841 0.013713 -0.001666 -0.254748 0.472742 0.518562 0.026596 0.180199 0.602018 0.713635 0.248785 0.399476 0.327098 0.257863 0.086034 -0.107597 0.805299 1.000000 0.250096 0.646840 0.273742 0.008385 -0.018366 -0.222726 0.011005 0.186207 0.057914 0.006703 -0.506538 -0.522134 -0.467426 -0.569338 -0.562208 -0.475722 -0.498710 -0.503488 -0.563109 -0.542786 -0.526267 -0.291059 -0.352475 -0.357031 0.027380 0.251642 -0.506480 -0.629192 -0.079008 -0.207926 -0.049438 -0.105718 0.579530 0.159905 -0.451178 -0.143540 0.449011 0.170522 0.222170 0.428922 0.086743 0.141375 0.117154 0.211456 -0.003205 -0.040319 0.126901 -0.123780 -0.033617 -0.186573 0.203190 0.443879 0.017007 0.201628 -0.097748 -0.089714 0.058608 -0.269406 -0.299217 -0.194316 0.210338 0.078435 0.183017 0.207312 -0.338742 -0.118748 -0.522815 -0.389415 -0.061945 -0.198956 -0.065527 -0.129709 -0.120882 0.088669 -0.285806 0.146707 0.146516 -0.041365 -0.377816 -0.137681 -0.242219 -0.042124 0.166302 0.014135
0.219406 0.144342 0.239664 0.193047 0.218775 0.100198 0.294717 0.014359 -0.112467 -0.220418 -0.143798 -0.087707 -0.083714 -0.080766 -0.134844 0.089999 0.072678 0.072312 0.369861 0.214408 0.214359 0.248791 0.204745 0.071546 0.117229 0.157069 0.260631 0.354957 0.038766 0.052684 0.388639 0.250096 1.000000 0.485232 0.186549 -0.009261 -0.043900 -0.144090 0.226742 0.092466 0.077266 -0.059292 -0.226682 -0.202328 -0.130375 -0.204552 -0.314157 -0.329353 -0.162586 -0.179408 -0.279520 -0.184966 -0.322671 -0.279739 -0.171618 -0.265169 0.188404 0.084913 -0.119140 -0.129272 0.217218 -0.177157 0.349157 0.225311 0.139491 -0.031933 0.081706 -0.140003 0.121014 -0.114922 0.180303 0.238794 0.106962 0.176442 0.198173 0.129497 -0.039819 0.049710 0.079938 0.072184 -0.248077 0.126991 -0.252924 0.041319 -0.027827 -0.192454 -0.215529 -0.067002 -0.106011 -0.269604 -0.363487 -0.345735 -0.094633 -0.292571 0.054060 -0.182279 -0.164182 -0.094142 -0.277131 -0.167937 0.174705 -0.214052 0.191008 -0.018362 0.327505 -0.056023 -0.044665 0.067671 -0.044498 -0.122808 -0.272510 -0.087605 -0.129441 0.028521 -0.071431 -0.210545
0.289779 0.323197 0.334003 0.599843 0.102174 -0.038229 0.407348 0.445356 0.149680 0.030414 -0.275111 0.009160 -0.069568 0.086434 -0.172680 0.060825 0.071070 -0.113865 0.551635 0.532541 0.027912 0.179822 0.272134 0.288607 0.124440 0.101568 0.224882 0.231792 0.203968 0.178735 0.626356 0.646840 0.485232 1.000000 0.142749 -0.009711 0.005401 -0.185194 0.036662 0.002343 0.084036 -0.163419 -0.428720 -0.461645 -0.390251 -0.429542 -0.542575 -0.503302 -0.394434 -0.450645 -0.482012 -0.436707 -0.461722 -0.246694 -0.259444 -0.395740 0.269610 0.289777 -0.366388 -0.457223 0.089228 -0.111034 0.149994 0.054063 0.383115 0.182401 -0.342458 -0.184974 0.330966 -0.059308 0.217149 0.284892 0.218635 0.273643 0.216556 0.209262 0.011632 0.159317 0.143415 0.012216 -0.067017 0.005040 0.069173 0.366440 0.021667 -0.026445 -0.071946 -0.220825 -0.030673 -0.353461 -0.324301 -0.387917 0.020153 -0.150944 0.146452 0.030119 -0.283235 -0.202430 -0.465704 -0.364487 0.070054 -0.232595 0.063939 -0.131195 0.090166 -0.041256 -0.231653 0.124917 0.058920 -0.026558 -0.336078 -0.220667 -0.165160 -0.093787 -0.039737 -0.083880
-0.180877 -0.251729 0.380180 0.097768 0.150532 0.128588 -0.006957 -0.046499 0.044606 -0.035383 -0.243502 -0.284203 -0.221492 -0.190838 -0.141133 -0.257550 -0.130335 -0.345350 -0.032062 -0.113467 -0.157052 0.033150 0.262409 0.180895 0.312489 0.384749 0.174502 0.250844 -0.116589 -0.335248 0.264015 0.273742 0.186549 0.142749 1.000000 0.543189 -0.151550 0.023559 -0.006865 0.149737 0.095251 0.070149 -0.056597 -0.092091 -0.001725 0.016740 -0.223410 -0.017673 -0.224843 -0.202872 -0.230350 -0.199833 -0.308394 -0.259119 -0.077265 -0.199567 0.022088 -0.006994 -0.050706 -0.269237 0.199017 -0.265975 -0.217161 -0.217836 0.341848 0.226190 0.213826 0.427044 0.057225 0.089850 0.090769 0.192503 -0.076760 -0.208504 0.040567 0.250002 0.051574 0.165223 0.125776 -0.094565 -0.030387 -0.104965 -0.007562 -0.110044 0.087059 0.096504 0.145691 0.183656 0.198824 -0.179616 -0.217230 -0.153734 0.033338 0.213547 0.294012 0.100836 -0.042341 0.073744 -0.123074 -0.106635 -0.283403 0.057301 -0.122044 0.015498 -0.070442 -0.108660 -0.102555 -0.030053 0.119937 0.075921 0.117049 -0.029264 -0.152872 -0.021010 -0.063612 -0.112228
-0.204008 -0.339895 0.315756 0.084327 0.040552 0.136400 -0.027163 -0.046068 0.053510 -0.057770 -0.182785 -0.240909 -0.044704 -0.138669 0.044164 -0.104386 -0.084872 -0.271730 -0.228671 -0.351160 -0.073489 0.020366 0.224687 0.112822 0.263038 0.331864 0.051345 0.302625 -0.290738 -0.347002 0.065168 0.008385 -0.009261 -0.009711 0.543189 1.000000 -0.206588 -0.023045 0.054629 -0.063229 0.131055 -0.051631 0.107647 0.070439 0.185043 0.204937 -0.036228 0.146164 -0.060667 -0.016230 -0.045131 -0.056295 -0.074093 -0.139585 -0.008511 0.060571 -0.072612 -0.008645 0.026611 -0.229351 0.090528 -0.250809 -0.285033 -0.300112 0.309755 0.359860 0.243629 0.596494 -0.100963 -0.072510 -0.098791 -0.002324 -0.237047 -0.368680 -0.225377 0.035167 -0.271753 -0.027677 0.043516 -0.145735 -0.182076 -0.164271 0.121040 -0.235087 0.089905 0.022512 0.241865 0.089808 0.272137 -0.028088 -0.192933 -0.121258 0.037365 0.104389 0.131278 -0.127593 0.110037 0.045060 0.024078 -0.137129 -0.181547 0.006495 -0.120232 -0.031436 -0.060719 -0.043906 -0.038512 -0.075326 -0.000064 0.091434 0.137097 -0.235552 -0.133270 -0.040142 -0.096161 0.045673
