1.000000 0.564673 0.134018 -0.278303 -0.064072 -0.197056 0.056309 -0.106724 -0.111318 -0.157950 0.365789 0.133632 0.186890 0.021925 -0.072301 -0.161063 0.656974 0.493049 0.350531 0.348548 -0.091086 -0.115598 -0.355605 -0.425608 -0.155565 -0.434358 -0.119999 -0.252911 0.247426 -0.012487 -0.273833 -0.468753 0.467664 0.344647 -0.076521 -0.318957 -0.135134 -0.035684 -0.018519 -0.098339 0.013221 -0.133204 -0.452906 -0.265504 -0.168266 -0.378857 -0.105393 -0.178328 0.136995 -0.033638 -0.055270 -0.094129 0.069587 -0.178990 0.256904 0.202247 0.730505 0.464551 0.236184 0.122836 0.491212 0.224347 0.437160 0.626129 -0.332939 0.032077 0.067950 -0.351553 0.350767 0.364611 0.076899 -0.127827 0.199311 -0.212076 -0.107430 -0.281816 -0.168863 -0.250854 0.382165 0.305507 0.444918 0.385589 0.009655 -0.084094 -0.007963 0.296378 -0.105754 -0.367156 -0.082560 0.096407 -0.520974 -0.343669 -0.535151 -0.519725 0.028927 0.074684 0.000763 0.073395 -0.001840 -0.269271 -0.130901 0.088691 -0.198135 -0.233195 -0.189559 -0.155001 0.074584 0.122506 -0.028353 -0.036925 -0.040975 -0.221003 -0.153094 -0.209871 -0.034982 -0.258689
0.564673 1.000000 -0.051454 -0.192646 -0.111498 -0.092206 -0.233404 -0.057024 -0.237720 -0.018785 0.361337 0.278209 0.114986 0.219169 -0.101059 -0.140395 0.321240 0.206420 0.095632 0.198144 -0.081038 -0.125730 -0.322445 -0.341695 -0.155831 -0.363104 -0.031883 -0.256615 0.044830 -0.040095 -0.272414 -0.414286 0.238163 0.150127 -0.086756 -0.224821 -0.098399 -0.026019 -0.153737 -0.171218 -0.019446 -0.117543 -0.296649 -0.188956 0.017078 -0.179365 -0.091901 -0.088586 0.253841 0.093917 0.057842 0.188040 0.106641 -0.033217 0.155223 0.186413 0.467232 0.504841 0.317632 0.305352 0.301877 0.358113 0.240737 0.371405 -0.447679 0.085815 0.078044 -0.073593 0.550733 0.343770 0.019657 -0.187488 -0.016111 -0.151047 -0.084833 -0.120412 0.031497 -0.277621 0.152117 0.179260 0.265599 0.161932 -0.091502 -0.189866 -0.048505 0.057684 -0.125549 -0.282415 -0.078633 0.224374 -0.309657 -0.370360 -0.286518 -0.461297 0.027465 0.003164 -0.056758 0.041627 0.101493 -0.257041 -0.118955 0.014814 -0.108626 -0.113030 0.023931 -0.166412 0.004355 0.004770 -0.025175 -0.060264 0.022845 -0.217340 -0.142178 -0.081526 0.002617 -0.003777
0.134018 -0.051454 1.000000 0.019464 0.181062 0.158670 0.209143 0.090795 0.148559 0.078681 0.016224 -0.278619 0.211664 -0.149572 -0.117800 -0.061461 -0.046939 -0.093943 -0.187152 -0.360036 0.078174 -0.058872 0.182503 0.146554 0.172204 0.268405 -0.031452 0.094131 -0.237356 -0.193793 0.156077 0.132626 0.106514 0.039902 -0.291593 -0.157972 -0.162729 -0.072326 0.237829 0.233706 -0.326827 0.043504 0.205349 0.267490 -0.257623 -0.019002 -0.049786 0.044376 0.064258 -0.210995 0.317716 0.022272 0.031932 -0.118696 0.109098 -0.026193 0.001614 -0.115338 -0.092552 -0.216799 -0.004454 -0.257767 -0.174216 -0.221739 0.079010 0.247154 -0.025064 0.099497 -0.071003 0.132975 0.065704 0.092627 -0.199810 0.059116 -0.048089 0.068931 -0.147756 0.016057 0.145696 -0.113633 -0.252703 -0.330077 -0.385648 -0.461775 -0.319802 -0.284840 -0.216512 -0.089001 -0.080275 -0.057910 -0.057030 0.040476 -0.036039 0.167288 0.089969 0.100960 0.015591 0.016089 -0.194490 -0.088102 -0.081522 -0.020922 -0.129821 0.099159 0.020349 0.198675 -0.007799 0.155012 -0.318645 -0.144657 0.045403 -0.006294 -0.117112 0.005892 0.005830 -0.093246
-0.278303 -0.192646 0.019464 1.000000 -0.355362 -0.187117 0.248655 0.639286 0.023915 0.201358 -0.446842 0.047495 -0.375548 0.240580 -0.100382 0.403106 -0.188743 -0.146815 0.174644 0.095053 0.009631 -0.035128 0.173590 0.583188 -0.305510 0.196900 -0.099238 0.050722 -0.025027 0.024629 0.198671 0.408485 -0.183897 -0.131614 -0.033234 0.202136 -0.173045 -0.069431 -0.069699 0.047878 -0.113199 0.041144 -0.143942 -0.196653 -0.291463 -0.136100 -0.163551 -0.144850 -0.241103 -0.334682 -0.177970 -0.192675 -0.167491 -0.171802 -0.085957 -0.161011 -0.287175 -0.367378 -0.305995 -0.182238 -0.205283 0.109281 -0.056343 -0.090900 0.236997 0.216855 -0.293700 -0.019338 -0.094245 -0.179253 -0.068614 0.032014 -0.214958 0.142528 0.165193 0.014669 -0.172494 -0.037175 -0.252861 -0.310938 -0.035598 -0.162893 0.131094 0.169044 0.124567 0.193746 0.217145 0.184281 0.167634 0.213901 0.361798 0.086019 0.478347 0.061105 0.060278 -0.058316 -0.168410 -0.000671 -0.051610 -0.100849 0.145593 -0.112680 0.127201 -0.150697 -0.207699 -0.241899 0.105374 -0.191208 -0.241023 0.105437 -0.074784 0.007751 -0.190217 -0.153169 -0.099480 -0.014253
-0.064072 -0.111498 0.181062 -0.355362 1.000000 0.642574 -0.106238 -0.324153 0.436279 0.432103 0.103415 -0.087255 0.329747 -0.080165 0.324847 0.077385 -0.231024 -0.130490 -0.265958 -0.317890 0.444347 0.310932 0.203340 0.031051 0.583222 0.235455 0.666662 0.552485 -0.343455 -0.263979 -0.082541 -0.098493 -0.139538 -0.230620 -0.066100 -0.051631 -0.223905 0.025213 0.275109 0.075814 -0.152923 -0.282680 0.022288 -0.070995 0.098316 -0.018296 -0.089772 -0.114187 0.162792 -0.039701 0.283282 0.212424 0.103423 0.059681 0.146461 -0.094760 -0.026786 0.096036 0.216491 0.070823 0.062168 -0.204468 -0.457373 -0.296293 0.332012 0.108780 0.195284 0.244895 0.088128 0.204976 -0.005573 -0.076220 -0.291246 -0.249000 -0.268610 -0.067176 -0.171479 -0.270938 -0.059394 -0.084104 -0.331098 -0.301982 -0.066167 -0.247277 0.140053 -0.335597 0.187003 -0.022984 0.344772 0.246836 0.017208 0.173693 -0.085173 0.345524 -0.116250 -0.102494 -0.122545 -0.166341 -0.203719 0.030748 -0.152987 -0.029280 -0.098020 0.168714 0.196231 0.100275 -0.156551 0.168893 0.070572 -0.138041 -0.145284 -0.113941 0.035923 0.148810 -0.149395 0.077516
-0.197056 -0.092206 0.158670 -0.187117 0.642574 1.000000 -0.371147 -0.248876 0.111619 0.431169 -0.057821 -0.130082 0.118030 -0.094038 0.161831 0.131599 -0.248104 -0.253318 -0.469138 -0.419596 0.386059 0.523022 0.046160 0.028296 0.651653 0.588134 0.547782 0.624345 -0.322084 -0.088131 -0.087236 0.047806 -0.131656 -0.168442 -0.037941 0.049188 -0.100089 0.206041 0.346008 0.408369 -0.119838 -0.150528 0.146780 0.110941 0.021124 0.103009 0.066803 0.022652 0.098039 -0.008900 0.344052 0.197991 0.126546 0.072612 0.240809 0.154149 -0.143242 -0.009948 -0.027830 -0.047824 -0.205035 -0.179115 -0.431788 -0.462830 0.076330 0.182448 0.113428 0.313554 -0.103870 -0.000844 -0.130908 0.021743 -0.231853 -0.157154 -0.239205 -0.010990 -0.151456 -0.072933 0.012621 -0.089379 -0.291087 -0.356543 -0.186217 -0.145842 -0.087997 -0.280819 0.057075 -0.070085 0.031149 0.127756 0.045647 -0.001461 0.127821 0.196681 0.071696 -0.068879 0.093133 -0.004724 -0.055001 0.169706 -0.170665 -0.011274 -0.085410 0.267958 0.133052 0.166565 -0.198223 0.160674 0.051821 -0.130000 0.001936 -0.043363 0.058240 0.154184 -0.082169 0.092701
0.056309 -0.233404 0.209143 0.248655 -0.106238 -0.371147 1.000000 0.455047 0.367631 -0.006300 -0.167778 0.055492 0.233077 0.101484 0.066375 0.095237 0.114299 0.123896 0.422270 0.320800 -0.049306 -0.126525 0.215344 0.200120 -0.238616 -0.157263 -0.101732 -0.151159 0.213324 0.194117 0.256785 0.249335 -0.035394 0.203886 0.083606 0.361285 -0.205686 -0.354024 -0.124765 -0.297012 -0.004125 -0.082441 -0.154604 -0.231608 -0.223044 -0.124901 -0.328032 -0.289576 -0.355866 -0.301915 -0.402365 -0.356604 -0.208941 -0.217463 -0.266712 -0.450906 0.057823 -0.238794 -0.181083 -0.367055 0.330828 0.126424 0.103447 0.243705 0.463729 0.030405 -0.269564 -0.190349 -0.089537 0.108498 0.096268 0.096345 0.050349 0.062877 0.091126 -0.052112 -0.154367 -0.034150 0.043309 -0.137802 0.003037 0.038166 0.330401 0.197532 0.100943 0.079821 0.042503 -0.181672 0.368867 -0.024416 0.028924 0.204216 -0.039349 0.132455 -0.061682 0.100317 -0.385627 -0.138368 -0.463846 -0.312723 -0.076041 -0.206311 -0.260549 -0.348785 -0.206283 -0.046353 -0.098175 -0.085685 -0.103595 -0.022444 -0.261289 -0.092143 -0.082070 -0.172265 -0.043022 -0.258411
-0.106724 -0.057024 0.090795 0.639286 -0.324153 -0.248876 0.455047 1.000000 -0.015872 0.293276 -0.340028 0.196949 -0.112818 0.513700 -0.327434 0.205494 -0.059658 0.032645 0.088357 0.076280 -0.155491 -0.195463 -0.270005 0.271522 -0.463229 -0.018735 -0.227551 -0.302199 -0.105387 0.035628 -0.087967 0.114078 -0.179329 -0.030166 -0.091911 0.319425 -0.337116 -0.275089 -0.409067 -0.222826 -0.322047 -0.164076 -0.105071 -0.140749 -0.054599 0.077372 -0.152585 -0.129434 -0.052887 -0.194696 -0.047637 -0.089196 0.049527 -0.116487 -0.249361 -0.201442 -0.201847 -0.470594 -0.019131 -0.054110 0.213283 0.479463 0.138215 0.153820 0.048360 0.443132 -0.020042 0.275485 -0.190381 -0.173730 0.079027 -0.010567 -0.222598 0.074853 0.009964 -0.072932 -0.124650 -0.054962 -0.374879 -0.382709 -0.093580 -0.235336 -0.036798 -0.010911 -0.161609 0.089579 -0.241584 -0.217971 -0.087988 0.147443 0.378035 0.191505 0.425838 -0.064881 -0.097983 0.120342 -0.337565 -0.124386 -0.051098 -0.108872 0.133131 -0.056360 -0.007596 -0.288192 -0.116167 -0.214614 -0.021143 -0.195991 -0.147147 -0.087574 -0.070984 0.068601 -0.034026 -0.125937 -0.104973 -0.179011
-0.111318 -0.237720 0.148559 0.023915 0.436279 0.111619 0.367631 -0.015872 1.000000 0.330505 -0.011208 0.063293 0.273916 0.256786 0.436015 0.252182 -0.198120 -0.127829 0.092043 -0.060544 0.284587 0.042952 0.454823 0.382848 0.275866 0.174375 0.366743 0.388785 -0.068715 -0.146197 0.299202 0.273461 -0.317140 -0.157421 0.017258 0.108258 -0.130900 -0.006422 0.152941 -0.134842 -0.257384 -0.123798 -0.084264 -0.261637 -0.322468 -0.258298 -0.280637 -0.236830 -0.148336 -0.270917 -0.098315 -0.016109 -0.046450 0.105396 -0.056983 -0.306432 0.018553 -0.109587 -0.082118 -0.222120 0.222542 0.007683 -0.346932 -0.098835 0.635144 0.083516 -0.315504 -0.140327 -0.024431 0.222790 0.184300 0.015737 -0.239336 0.014909 0.106495 0.137204 -0.042202 -0.240153 -0.052367 -0.047722 -0.305069 -0.272058 0.097109 -0.105726 0.250116 -0.177581 0.245063 -0.197689 0.544158 0.249281 0.058766 0.210267 0.037894 0.367878 -0.195790 -0.104475 -0.329210 -0.206187 -0.368955 -0.147153 -0.011566 -0.353254 -0.235671 -0.102506 0.148009 0.125444 -0.190593 -0.008131 -0.041251 -0.138721 -0.282139 -0.238344 -0.082320 0.016800 -0.094043 0.064326
-0.157950 -0.018785 0.078681 0.201358 0.432103 0.431169 -0.006300 0.293276 0.330505 1.000000 -0.134802 0.257906 0.107468 0.525677 0.009153 0.322639 -0.283528 -0.252198 -0.189871 -0.283518 0.048813 0.132396 -0.045093 0.277745 0.152380 0.245114 0.334858 0.360579 -0.445130 -0.171164 -0.212246 -0.018892 -0.302799 -0.300841 -0.049790 0.180743 -0.358093 0.092162 -0.052337 -0.066617 -0.397187 -0.354178 -0.042035 -0.084206 -0.112561 -0.046682 -0.190280 -0.033527 0.053758 -0.208236 0.171447 0.117905 0.087961 0.009926 0.022584 -0.114721 -0.177588 -0.191478 0.103948 -0.075042 0.119144 0.190583 -0.344096 -0.247237 0.334468 0.536668 -0.046362 0.338806 0.063919 -0.019842 -0.109909 -0.133980 -0.431985 -0.167117 -0.142342 0.009386 -0.189195 -0.274064 -0.410869 -0.246424 -0.411966 -0.493220 -0.300107 -0.195862 0.016339 -0.262526 0.043519 -0.302465 0.223804 0.445580 0.283227 0.260049 0.430876 0.278039 -0.159730 -0.189823 -0.340606 -0.154267 -0.163911 0.005555 0.144906 -0.018187 0.045335 0.154550 0.235121 0.053586 -0.075375 -0.002905 -0.078977 -0.291551 0.001123 -0.118668 0.044410 0.089251 -0.013821 0.157018
0.365789 0.361337 0.016224 -0.446842 0.103415 -0.057821 -0.167778 -0.340028 -0.011208 -0.134802 1.000000 0.356305 0.526055 0.090732 0.184153 -0.056187 0.181410 0.137190 0.015877 0.038492 -0.170897 -0.180352 -0.137478 -0.325926 0.117801 -0.282773 -0.095421 -0.109073 0.167552 0.062468 -0.148265 -0.287492 0.189229 0.070041 0.001209 -0.155081 0.094657 0.100870 -0.111414 -0.156566 -0.051997 0.001871 0.014555 0.037042 0.027593 -0.103762 -0.123324 -0.037905 0.086311 0.043637 0.024172 0.049500 0.090715 0.034068 0.129235 0.109776 0.147025 0.132902 0.084042 0.039053 0.173414 -0.147286 0.216452 0.110052 -0.217227 -0.225934 -0.046412 -0.138715 0.129925 0.023902 -0.032328 -0.135278 0.109009 0.037472 0.212950 0.110421 0.279211 0.008392 0.025997 0.102396 0.045607 0.066856 -0.010546 0.031994 0.016740 0.053059 -0.010012 -0.159314 -0.165202 -0.069665 -0.165402 -0.094744 -0.240056 0.019766 -0.230871 0.013142 0.055302 0.026031 0.093348 0.065549 0.000743 0.233815 0.174384 0.065464 0.192493 0.069595 -0.110845 0.011823 0.016390 0.011702 0.116849 -0.054741 -0.082712 0.207462 0.232263 -0.100411
0.133632 0.278209 -0.278619 0.047495 -0.087255 -0.130082 0.055492 0.196949 0.063293 0.257906 0.356305 1.000000 0.255202 0.605477 -0.083721 0.157897 0.014854 0.089084 0.301133 0.320322 -0.108717 -0.103097 -0.271973 0.120741 -0.161034 -0.197895 -0.137141 -0.138406 0.056936 0.175963 -0.143812 -0.023564 -0.147421 -0.035851 -0.026999 0.124352 -0.078804 -0.006718 -0.450815 -0.332356 -0.151312 -0.243352 -0.214107 -0.193042 -0.076428 -0.094488 -0.326843 -0.200763 -0.027915 -0.201804 -0.108978 -0.153137 0.016033 -0.188704 -0.193249 -0.210065 0.003189 -0.172458 0.030572 -0.082665 0.218574 0.185951 0.138198 0.096832 -0.085196 0.154436 -0.141184 0.077779 0.091847 -0.100806 0.031722 -0.040051 -0.073981 -0.109773 0.011846 0.098419 0.149170 -0.039100 -0.321598 -0.211481 -0.008553 -0.109786 0.046406 0.243631 0.102728 0.258565 -0.179515 -0.292953 -0.110444 0.237571 0.113816 0.173283 0.251729 -0.015518 -0.175426 -0.044216 -0.257352 -0.031088 -0.053176 0.000991 -0.017406 -0.126736 0.126242 -0.071917 0.233044 0.022424 -0.032911 -0.004501 0.097959 0.027221 -0.061638 0.138751 0.103369 0.187299 0.262369 0.134177
0.186890 0.114986 0.211664 -0.375548 0.329747 0.118030 0.233077 -0.112818 0.273916 0.107468 0.526055 0.255202 1.000000 0.229224 0.293748 0.027037 0.122352 0.071124 -0.025648 -0.154137 0.073925 -0.107623 -0.035613 -0.225956 0.227577 -0.088281 -0.013706 0.038656 0.061449 0.120098 -0.074284 -0.139265 0.106295 0.163186 0.051555 0.155979 0.037175 -0.082425 0.073285 -0.120620 -0.112381 -0.003609 0.002764 -0.042418 -0.161120 -0.074283 -0.298550 -0.188274 -0.141193 -0.186807 0.000764 -0.063273 0.011212 -0.095639 0.058028 -0.249429 0.043568 -0.023962 -0.020273 -0.239336 0.368832 -0.032622 0.048045 0.008529 0.140187 0.030059 -0.108108 0.021522 0.059996 0.118228 0.079571 0.006127 0.041322 0.180906 0.094395 0.160042 0.115234 0.058567 0.052764 -0.081618 -0.143222 -0.154227 0.019769 -0.100985 0.083180 -0.016937 -0.066965 -0.152676 0.107286 0.047351 -0.193465 0.049290 -0.090539 0.216820 -0.211105 0.060837 -0.095292 -0.056628 -0.263313 -0.091874 -0.029565 0.078596 -0.143658 -0.005271 0.056273 0.140012 -0.163869 0.072558 0.072264 -0.133171 -0.109959 -0.228248 -0.048740 0.102186 0.102577 -0.242855
0.021925 0.219169 -0.149572 0.240580 -0.080165 -0.094038 0.101484 0.513700 0.256786 0.525677 0.090732 0.605477 0.229224 1.000000 -0.042606 0.354454 -0.032035 0.031285 0.092405 0.035199 -0.162813 -0.203335 -0.339263 0.181540 -0.286534 -0.159961 -0.045345 -0.148458 -0.190321 -0.106224 -0.249226 -0.116404 -0.209023 -0.180808 -0.078267 0.176030 -0.112473 -0.018416 -0.343712 -0.262432 -0.418938 -0.177429 -0.146729 -0.160981 -0.041828 -0.040865 -0.194234 -0.128628 0.053857 -0.144848 -0.018547 0.044757 0.176485 0.053478 -0.064266 -0.092506 -0.085444 -0.316129 0.053797 -0.035942 0.363452 0.545014 0.023652 0.207166 0.027034 0.394244 -0.202140 0.097270 -0.084478 -0.156936 0.109678 -0.099234 -0.229182 0.029252 0.173333 0.083450 0.132372 -0.125969 -0.421139 -0.207013 -0.170459 -0.293259 -0.158712 -0.104068 -0.053944 -0.057601 -0.153933 -0.353573 -0.041469 0.364754 0.299626 0.209253 0.417045 0.029006 -0.191587 0.012332 -0.322835 -0.084796 0.038383 -0.071067 0.195202 -0.091791 0.060458 -0.134491 0.133048 -0.054212 -0.143929 -0.207081 0.055088 -0.062259 -0.070254 -0.082648 0.070009 0.062862 0.046494 0.074057
-0.072301 -0.101059 -0.117800 -0.100382 0.324847 0.161831 0.066375 -0.327434 0.436015 0.009153 0.184153 -0.083721 0.293748 -0.042606 1.000000 0.347559 -0.049434 0.053492 0.057641 -0.095901 0.261932 0.178893 0.478916 0.087091 0.381942 0.107746 0.397281 0.500574 0.195533 -0.017670 0.288220 0.164883 -0.063363 -0.110842 0.052411 -0.005048 0.024143 -0.032918 0.371015 -0.010542 0.122324 0.017316 -0.055173 -0.198680 -0.166485 -0.172845 -0.170674 -0.317635 -0.213796 -0.070299 -0.046026 0.050573 -0.127164 0.059548 0.088643 -0.117490 0.044547 0.131025 -0.139025 -0.067181 0.001242 -0.172008 -0.139628 -0.107289 0.432054 -0.243811 -0.394545 -0.312021 0.003305 0.132905 -0.080162 -0.107322 0.040483 -0.031316 0.043604 0.061137 -0.178820 -0.279843 0.083027 0.042668 -0.038005 0.031119 0.460012 0.132857 0.444758 -0.028130 0.327370 0.167964 0.410421 0.231956 -0.170926 -0.005043 -0.144096 0.327889 -0.156850 -0.076743 -0.095595 -0.101185 -0.241323 -0.091490 -0.083954 0.018873 -0.235405 -0.101470 -0.096276 0.041645 -0.190607 -0.001529 0.143478 -0.145884 -0.304224 -0.123285 0.032724 0.034809 -0.123918 -0.032987
-0.161063 -0.140395 -0.061461 0.403106 0.077385 0.131599 0.095237 0.205494 0.252182 0.322639 -0.056187 0.157897 0.027037 0.354454 0.347559 1.000000 -0.147329 -0.112323 -0.023606 -0.092208 0.151982 0.234343 0.178161 0.385572 0.179645 0.339876 0.294163 0.308693 -0.007257 0.092293 0.131151 0.372731 -0.262201 -0.196530 -0.042855 0.102163 -0.033369 -0.049396 0.055403 -0.113809 -0.128004 0.020702 -0.004514 -0.124362 -0.186428 -0.006757 -0.314165 -0.330075 -0.209684 -0.234299 -0.100660 -0.073309 -0.203754 -0.151971 -0.049969 -0.206332 -0.173061 -0.263944 -0.184601 -0.186916 -0.019726 -0.001154 -0.134974 -0.195184 0.359897 -0.013540 -0.387292 -0.114823 -0.092850 -0.034241 -0.009657 0.068958 -0.118242 0.118788 0.172655 0.112233 -0.194723 -0.190269 -0.150016 -0.275838 -0.195804 -0.207913 0.069472 0.260014 0.132645 -0.005902 0.204685 -0.022965 0.210763 0.301749 0.173130 0.084525 0.307566 0.354224 -0.004101 -0.145815 -0.268865 -0.177872 -0.168878 -0.053199 0.025426 0.010054 0.057483 0.001360 0.041697 0.122015 0.048960 -0.132904 -0.012513 -0.149494 -0.290487 -0.058950 0.077129 0.106964 0.073330 0.140192
0.656974 0.321240 -0.046939 -0.188743 -0.231024 -0.248104 0.114299 -0.059658 -0.198120 -0.283528 0.181410 0.014854 0.122352 -0.032035 -0.049434 -0.147329 1.000000 0.691346 0.320320 0.376129 -0.084492 0.067537 -0.396367 -0.429364 -0.156669 -0.387985 -0.127540 -0.251581 0.520025 0.233600 -0.168500 -0.248634 0.580700 0.562241 0.005436 -0.017315 0.112842 -0.081588 0.114251 0.016599 0.276652 0.007030 -0.509558 -0.314206 -0.127945 -0.228144 -0.131608 -0.346771 -0.118528 -0.133486 -0.312408 -0.365614 -0.093772 -0.327370 0.198964 0.050160 0.621277 0.395714 -0.008902 -0.042132 0.495484 0.238666 0.713040 0.669242 -0.242004 0.019155 0.066216 -0.289770 0.147951 0.189933 0.131627 0.015561 0.528443 -0.032326 -0.045049 -0.207607 -0.165756 -0.086885 0.522990 0.487908 0.687008 0.652128 0.249797 0.202093 0.078981 0.414451 -0.046509 -0.169665 -0.049589 -0.141399 -0.577133 -0.422462 -0.459714 -0.537719 0.095495 0.144086 -0.067042 0.009730 -0.131174 -0.367076 -0.147504 0.124488 -0.165747 -0.188903 -0.324734 -0.127382 0.031660 0.161838 0.092666 0.028134 -0.241772 -0.301117 -0.184677 -0.388930 -0.115094 -0.255938
0.493049 0.206420 -0.093943 -0.146815 -0.130490 -0.253318 0.123896 0.032645 -0.127829 -0.252198 0.137190 0.089084 0.071124 0.031285 0.053492 -0.112323 0.691346 1.000000 0.365372 0.387341 -0.023778 0.097410 -0.236060 -0.262989 -0.075339 -0.234244 -0.058654 -0.145685 0.477513 0.255658 -0.035311 -0.109538 0.361585 0.389959 -0.179594 -0.133262 0.163033 -0.007881 0.042661 -0.018392 0.253380 -0.010017 -0.427177 -0.280168 -0.071974 -0.161367 -0.194665 -0.373073 -0.186079 -0.159951 -0.243146 -0.319987 -0.260859 -0.329892 -0.100889 -0.056693 0.562972 0.299979 -0.069036 -0.125846 0.296842 0.088077 0.520310 0.512229 -0.153484 -0.057892 0.009602 -0.243031 0.128930 0.130343 0.169126 0.064991 0.432582 -0.068227 -0.077257 -0.053568 -0.127460 -0.152300 0.428833 0.398367 0.591072 0.553541 0.302457 0.194561 0.131179 0.447770 -0.114598 -0.137189 -0.106328 -0.076016 -0.503141 -0.209898 -0.414511 -0.409596 0.041950 0.231030 -0.115207 -0.036005 -0.154545 -0.216526 -0.207607 0.004216 -0.298146 -0.236209 -0.276368 -0.108857 -0.163534 0.015054 0.096000 0.111038 -0.342910 -0.022437 -0.026437 -0.298755 -0.122276 -0.108635
0.350531 0.095632 -0.187152 0.174644 -0.265958 -0.469138 0.422270 0.088357 0.092043 -0.189871 0.015877 0.301133 -0.025648 0.092405 0.057641 -0.023606 0.320320 0.365372 1.000000 0.730314 -0.067621 0.042591 0.062804 0.079747 -0.338052 -0.370305 -0.184926 -0.192807 0.560765 0.240742 0.104314 0.056803 0.177547 0.230295 -0.017883 -0.101849 0.058552 -0.141945 -0.093864 -0.179125 0.218680 -0.065709 -0.446268 -0.418633 -0.336768 -0.421142 -0.265044 -0.275044 -0.275431 -0.261181 -0.513288 -0.410630 -0.223314 -0.242486 -0.155384 -0.192434 0.284215 0.054898 -0.241328 -0.214117 0.188081 0.077337 0.332564 0.386914 0.116530 -0.095639 -0.303383 -0.463226 0.223681 0.182783 0.026596 0.034806 0.259482 -0.138381 0.114858 -0.141196 -0.040277 -0.165346 0.195643 0.127597 0.429870 0.361616 0.508350 0.377718 0.457788 0.481873 0.118909 -0.047301 0.204531 -0.002988 -0.177737 -0.064487 -0.240037 -0.279790 -0.030075 -0.017710 -0.145813 0.042881 -0.119287 -0.222558 -0.178754 -0.187782 -0.179653 -0.328626 -0.208078 -0.166054 0.041392 -0.059243 -0.007199 0.134584 -0.178323 0.007951 -0.037308 -0.172291 0.030689 -0.003443
0.348548 0.198144 -0.360036 0.095053 -0.317890 -0.419596 0.320800 0.076280 -0.060544 -0.283518 0.038492 0.320322 -0.154137 0.035199 -0.095901 -0.092208 0.376129 0.387341 0.730314 1.000000 -0.022274 -0.015996 -0.145076 -0.009140 -0.364601 -0.393052 -0.134186 -0.204166 0.563760 0.387970 0.032060 -0.004583 0.240594 0.388437 0.057122 -0.034786 0.053356 -0.073501 -0.190641 -0.189074 0.327588 -0.040027 -0.529542 -0.523214 -0.288166 -0.432469 -0.242087 -0.296514 -0.306398 -0.274900 -0.591641 -0.505213 -0.217833 -0.245178 -0.209766 -0.194392 0.418793 0.236545 -0.139850 -0.170262 0.117195 0.118223 0.325104 0.458018 -0.121950 -0.260458 -0.147070 -0.455775 0.298042 0.302027 0.083705 0.041248 0.413165 -0.105871 0.095392 -0.075455 0.036912 -0.008945 0.226027 0.214302 0.553787 0.506606 0.392975 0.510964 0.261873 0.460269 0.100232 -0.132965 0.175240 -0.077067 -0.245023 -0.164330 -0.251002 -0.411667 0.012228 0.027350 -0.150831 0.054177 -0.109458 -0.201831 -0.270198 -0.254926 -0.163596 -0.217030 -0.090687 -0.064592 -0.088439 -0.056105 0.087970 0.246868 -0.118768 0.014870 -0.031655 -0.113943 0.089229 0.103760
-0.091086 -0.081038 0.078174 0.009631 0.444347 0.386059 -0.049306 -0.155491 0.284587 0.048813 -0.170897 -0.108717 0.073925 -0.162813 0.261932 0.151982 -0.084492 -0.023778 -0.067621 -0.022274 1.000000 0.411397 0.199125 0.104143 0.436483 0.306931 0.467382 0.419018 0.048671 0.067053 0.244680 0.284932 -0.025280 0.078663 -0.080899 -0.010548 0.039633 0.035675 0.288023 0.173788 0.177896 -0.016529 -0.167736 -0.292922 -0.266107 -0.225752 -0.212768 -0.305848 -0.183607 -0.354145 -0.120459 -0.178721 -0.247954 -0.263626 -0.003968 -0.277498 0.058088 0.170255 -0.081534 -0.123650 -0.043768 -0.176418 -0.209158 -0.147082 0.208842 0.054148 0.090783 0.070700 0.132743 0.258063 0.177438 0.119142 0.071026 -0.041729 -0.123647 0.092121 -0.046531 -0.040265 0.186507 0.018308 0.007154 -0.006003 0.140337 0.012216 0.164123 0.032350 0.177669 0.148041 0.249637 0.088683 -0.191607 -0.129351 -0.140824 0.079845 -0.010833 0.035956 -0.055329 -0.133310 -0.305456 -0.148534 -0.201464 -0.155435 -0.152742 0.208134 0.084338 0.183230 -0.101651 0.190769 0.087217 -0.063163 -0.176716 -0.142417 0.156647 0.176804 -0.064766 0.181656
-0.115598 -0.125730 -0.058872 -0.035128 0.310932 0.523022 -0.126525 -0.195463 0.042952 0.132396 -0.180352 -0.103097 -0.107623 -0.203335 0.178893 0.234343 0.067537 0.097410 0.042591 -0.015996 0.411397 1.000000 0.104136 0.036520 0.439815 0.418321 0.501284 0.464416 0.155071 0.077032 0.153386 0.286719 -0.039403 0.050453 -0.053523 -0.005198 -0.014213 0.120681 0.289685 0.275169 0.182987 -0.075529 -0.105961 -0.104205 -0.176567 -0.077760 -0.087617 -0.191284 -0.203524 -0.221933 -0.106829 -0.238841 -0.259304 -0.217823 -0.010942 -0.071011 0.063483 0.136093 -0.185551 -0.168363 -0.094113 -0.209320 -0.054098 -0.194451 0.223226 0.117707 0.032190 0.057718 0.017749 0.097579 -0.082348 0.174603 0.098082 -0.206385 -0.136044 -0.040788 -0.178698 -0.161913 0.228568 0.035057 0.083812 0.068172 0.169290 0.219147 0.169638 0.142402 0.124984 0.058794 0.051192 0.014694 -0.193845 -0.157588 -0.087887 0.010262 0.171423 -0.089704 -0.003658 -0.059096 -0.201157 0.015462 -0.277293 -0.127949 -0.207033 0.109677 0.009201 0.097112 0.029499 0.113402 0.277247 -0.086940 -0.126651 0.020951 0.022246 -0.030490 -0.058194 0.223353
-0.355605 -0.322445 0.182503 0.173590 0.203340 0.046160 0.215344 -0.270005 0.454823 -0.045093 -0.137478 -0.271973 -0.035613 -0.339263 0.478916 0.178161 -0.396367 -0.236060 0.062804 -0.145076 0.199125 0.104136 1.000000 0.543663 0.399774 0.397581 0.226190 0.443642 0.046274 -0.093142 0.657388 0.549462 -0.316503 -0.225161 -0.000375 -0.004727 0.080262 0.070944 0.330111 0.033708 0.154087 0.113619 0.184041 -0.007610 -0.182252 -0.057582 -0.185580 -0.070433 -0.338125 -0.137185 -0.091043 -0.053347 -0.354191 -0.024792 -0.118958 -0.307657 -0.128330 -0.023578 -0.385748 -0.288061 -0.398099 -0.550090 -0.432838 -0.442025 0.568407 -0.313801 -0.452461 -0.195562 0.054775 0.182154 0.005353 0.100047 -0.169475 0.147017 0.223681 0.214362 -0.042919 -0.154990 0.092176 -0.113354 -0.260238 -0.164184 0.296432 0.068090 0.370661 -0.170631 0.396878 0.258142 0.491756 0.016784 0.012674 0.134942 -0.007634 0.506377 -0.016055 -0.200596 -0.126365 -0.131012 -0.312080 -0.067501 -0.056410 -0.165032 -0.133352 0.103414 0.064216 0.188154 -0.083424 -0.063387 -0.079610 0.015229 -0.143738 -0.011210 -0.016548 0.056772 0.000956 0.119467
-0.425608 -0.341695 0.146554 0.583188 0.031051 0.028296 0.200120 0.271522 0.382848 0.277745 -0.325926 0.120741 -0.225956 0.181540 0.087091 0.385572 -0.429364 -0.262989 0.079747 -0.009140 0.104143 0.036520 0.543663 1.000000 0.093504 0.423377 0.140637 0.330597 -0.186662 -0.120392 0.421420 0.650331 -0.581198 -0.370201 -0.318294 0.151538 -0.148197 -0.038624 -0.008751 -0.122844 -0.238945 -0.010267 0.146813 -0.001191 -0.186118 0.068443 -0.184714 -0.106789 -0.154635 -0.309741 0.015813 -0.061535 -0.104047 -0.082169 -0.303093 -0.369648 -0.246865 -0.352100 -0.282018 -0.260498 -0.289449 -0.282105 -0.330884 -0.429653 0.448582 0.069945 -0.403949 0.068611 -0.071466 -0.020147 0.200259 0.295473 -0.445880 0.173950 0.092347 0.216109 -0.097297 -0.158385 -0.280599 -0.482261 -0.406880 -0.448425 0.030756 0.061927 0.122028 -0.150254 0.079788 0.049681 0.279694 0.209205 0.402105 0.288755 0.398217 0.418332 -0.151472 -0.200408 -0.465565 -0.392010 -0.216920 -0.110479 -0.070721 -0.190407 0.047878 0.219953 0.256173 0.237668 -0.139781 -0.111526 -0.091061 -0.058335 -0.276330 0.113594 0.097402 0.166422 -0.069551 0.299269
-0.155565 -0.155831 0.172204 -0.305510 0.583222 0.651653 -0.238616 -0.463229 0.275866 0.152380 0.117801 -0.161034 0.227577 -0.286534 0.381942 0.179645 -0.156669 -0.075339 -0.338052 -0.364601 0.436483 0.439815 0.399774 0.093504 1.000000 0.602205 0.554507 0.624609 -0.009255 0.007761 0.304836 0.313741 -0.086891 -0.135414 -0.040364 -0.043000 0.098222 0.173766 0.418632 0.157490 0.074026 0.007578 0.119465 0.017986 -0.079429 0.037255 -0.121770 -0.170025 -0.146155 -0.070251 0.141170 0.056153 -0.209287 -0.025790 0.046601 -0.110593 -0.011598 0.142188 -0.201416 -0.163677 -0.217973 -0.493433 -0.339751 -0.458100 0.284203 -0.156445 -0.035679 0.069859 -0.049961 0.082106 0.061996 0.132190 -0.005344 0.091531 -0.002095 0.273930 -0.030711 -0.113276 0.248296 -0.003306 -0.180439 -0.149820 0.080958 0.045600 0.177391 -0.087190 0.231877 -0.073184 0.176764 -0.014453 -0.262689 -0.097265 -0.134124 0.364963 -0.051960 -0.123325 -0.100887 -0.158645 -0.298391 0.013744 -0.225249 -0.043026 -0.209197 0.237036 0.180275 0.328096 -0.106519 0.122207 -0.008475 -0.149464 -0.217941 -0.038112 0.056224 0.133303 0.025650 0.099127
-0.434358 -0.363104 0.268405 0.196900 0.235455 0.588134 -0.157263 -0.018735 0.174375 0.245114 -0.282773 -0.197895 -0.088281 -0.159961 0.107746 0.339876 -0.387985 -0.234244 -0.370305 -0.393052 0.306931 0.418321 0.397581 0.423377 0.602205 1.000000 0.274265 0.574124 -0.138795 0.091814 0.446712 0.638873 -0.239127 -0.067056 -0.097345 0.171334 0.085709 0.333289 0.384242 0.404657 0.007690 0.172545 0.255240 0.163418 -0.219291 0.144966 -0.143703 -0.048156 -0.286321 -0.280631 0.112826 -0.099334 -0.247615 -0.094284 -0.110665 -0.151843 -0.303358 -0.226797 -0.418723 -0.380574 -0.465226 -0.402956 -0.453541 -0.616300 0.244509 0.050823 -0.190582 0.241007 -0.248121 -0.128238 0.136537 0.330841 -0.158903 0.164453 0.025455 0.378888 -0.044489 0.114929 0.033272 -0.222531 -0.312709 -0.350886 -0.124315 0.090571 -0.057368 -0.105990 0.021255 0.046984 0.008746 -0.003966 0.063353 0.001135 0.280930 0.367981 0.131234 -0.050925 0.040927 -0.042367 -0.241940 0.067338 -0.063439 -0.150683 -0.141342 0.181935 0.071303 0.274748 -0.093538 0.052734 -0.145826 -0.087433 0.009400 0.060656 0.041127 0.123435 0.003565 0.158758
-0.119999 -0.031883 -0.031452 -0.099238 0.666662 0.547782 -0.101732 -0.227551 0.366743 0.334858 -0.095421 -0.137141 -0.013706 -0.045345 0.397281 0.294163 -0.127540 -0.058654 -0.184926 -0.134186 0.467382 0.501284 0.226190 0.140637 0.554507 0.274265 1.000000 0.665999 -0.228748 -0.216383 0.063270 0.075917 -0.140740 -0.173097 0.003595 0.087902 -0.258391 -0.027267 0.233678 0.058741 -0.106586 -0.253473 -0.202832 -0.259798 -0.012358 -0.101266 -0.148220 -0.280421 0.051409 -0.041377 0.112927 0.132151 -0.071285 -0.006921 0.118583 -0.069681 0.086693 0.201070 0.139444 0.137762 0.051341 -0.079231 -0.355827 -0.172972 0.384236 0.092366 0.097599 0.151536 0.133171 0.254234 -0.060719 -0.155012 -0.210250 -0.259340 -0.201378 -0.120061 -0.215552 -0.363395 0.019240 -0.098912 -0.157088 -0.146250 0.086845 -0.062606 0.099313 -0.231512 0.369092 0.001638 0.384684 0.303498 -0.055099 -0.000087 -0.105256 0.206286 -0.045238 -0.122930 -0.227701 -0.105064 -0.223725 -0.033435 -0.128555 -0.068795 -0.197481 0.085162 0.140966 0.102682 -0.223882 0.016278 0.200334 -0.048211 -0.231873 -0.064056 -0.013194 0.171302 -0.094072 0.188206
-0.252911 -0.256615 0.094131 0.050722 0.552485 0.624345 -0.151159 -0.302199 0.388785 0.360579 -0.109073 -0.138406 0.038656 -0.148458 0.500574 0.308693 -0.251581 -0.145685 -0.192807 -0.204166 0.419018 0.464416 0.443642 0.330597 0.624609 0.574124 0.665999 1.000000 -0.189455 -0.124290 0.224941 0.302214 -0.111340 -0.077953 0.019916 0.138870 -0.137084 0.240407 0.407046 0.320519 -0.033882 -0.072008 -0.062836 -0.125840 -0.317627 -0.133892 -0.103696 -0.215784 -0.200065 -0.270077 0.033471 -0.114190 -0.166168 -0.074401 0.238892 -0.057663 -0.103077 0.051867 -0.180562 -0.255014 -0.237187 -0.348497 -0.505097 -0.449043 0.517886 0.056169 -0.206149 -0.047400 -0.067081 0.169953 -0.117447 0.042988 -0.165363 -0.150469 -0.136910 0.081727 -0.202966 -0.152611 0.077963 -0.025632 -0.198192 -0.179796 0.051928 0.033555 0.245496 -0.089479 0.433259 0.074954 0.375802 0.246626 -0.096060 -0.042350 0.004071 0.318202 0.010388 -0.236162 0.016298 -0.037495 -0.178753 -0.002367 -0.160641 -0.166563 -0.195248 0.148192 0.042810 0.191664 -0.210403 0.083037 0.047006 0.001823 -0.173310 -0.000968 0.040294 0.170916 -0.053339 0.230232
0.247426 0.044830 -0.237356 -0.025027 -0.343455 -0.322084 0.213324 -0.105387 -0.068715 -0.445130 0.167552 0.056936 0.061449 -0.190321 0.195533 -0.007257 0.520025 0.477513 0.560765 0.563760 0.048671 0.155071 0.046274 -0.186662 -0.009255 -0.138795 -0.228748 -0.189455 1.000000 0.629678 0.353463 0.222720 0.351749 0.465840 0.038799 -0.079701 0.383637 0.063788 0.189112 0.000964 0.623474 0.155302 -0.312344 -0.363712 -0.288621 -0.338080 -0.259561 -0.362588 -0.494746 -0.282740 -0.588621 -0.538766 -0.388567 -0.282627 -0.184078 -0.241867 0.309184 0.211879 -0.404735 -0.348596 -0.014057 -0.110824 0.498987 0.318912 -0.061159 -0.435384 -0.220469 -0.480854 0.142471 0.101356 0.084717 0.082531 0.728003 0.149533 0.227399 0.132700 -0.059643 0.039203 0.516531 0.394519 0.640981 0.681858 0.615707 0.651426 0.435327 0.593064 0.129598 -0.022365 0.056065 -0.340356 -0.487684 -0.306570 -0.309979 -0.261301 0.057843 0.047005 -0.020623 0.028151 -0.237191 -0.247348 -0.143003 -0.082476 -0.156619 -0.316078 -0.353477 -0.057771 0.021642 -0.019642 0.014405 0.140369 -0.188984 -0.093611 -0.123528 -0.294368 0.044962 -0.142327
-0.012487 -0.040095 -0.193793 0.024629 -0.263979 -0.088131 0.194117 0.035628 -0.146197 -0.171164 0.062468 0.175963 0.120098 -0.106224 -0.017670 0.092293 0.233600 0.255658 0.240742 0.387970 0.067053 0.077032 -0.093142 -0.120392 0.007761 0.091814 -0.216383 -0.124290 0.629678 1.000000 0.202106 0.318189 0.154249 0.477710 0.062930 0.201262 0.282047 0.079659 0.057328 0.000619 0.390223 0.097052 -0.138123 -0.241348 -0.219225 -0.173267 -0.384351 -0.303923 -0.470600 -0.331769 -0.440835 -0.472071 -0.431732 -0.336502 -0.381344 -0.376662 0.044956 0.036063 -0.343884 -0.403563 -0.133590 -0.087685 0.236934 0.074966 -0.051801 -0.272580 -0.040963 -0.139744 0.114342 -0.093615 0.168870 0.222992 0.586206 0.252277 0.084146 0.324829 0.083632 0.349165 0.338392 0.156528 0.397173 0.405687 0.308416 0.660904 0.233159 0.442232 -0.019555 -0.038289 0.045672 -0.347899 -0.294062 -0.213240 -0.019121 -0.118855 0.122031 0.181183 -0.067015 0.036033 -0.291080 -0.129141 -0.081968 -0.113269 -0.050301 -0.122472 -0.230587 0.053530 -0.106908 -0.064457 -0.070194 0.088058 -0.143148 -0.080458 -0.037843 -0.070585 0.111502 -0.051877
-0.273833 -0.272414 0.156077 0.198671 -0.082541 -0.087236 0.256785 -0.087967 0.299202 -0.212246 -0.148265 -0.143812 -0.074284 -0.249226 0.288220 0.131151 -0.168500 -0.035311 0.104314 0.032060 0.244680 0.153386 0.657388 0.421420 0.304836 0.446712 0.063270 0.224941 0.353463 0.202106 1.000000 0.759365 -0.098284 0.159144 -0.099765 0.113789 0.136226 0.128825 0.283781 0.081648 0.330329 0.247949 0.051907 -0.102641 -0.299995 -0.133675 -0.243791 -0.203733 -0.554701 -0.347512 -0.393009 -0.340467 -0.507701 -0.167990 -0.323756 -0.364128 -0.068721 -0.012654 -0.512513 -0.450045 -0.324061 -0.423897 -0.142275 -0.238074 0.363745 -0.276883 -0.382236 -0.183494 -0.075350 0.081144 0.222190 0.331622 0.195489 0.270365 0.187446 0.412751 0.025741 0.063942 0.234733 0.005705 -0.037614 0.078368 0.351865 0.306271 0.262118 0.056185 0.164927 0.144323 0.223678 -0.177014 -0.165205 -0.045375 -0.036485 0.280578 0.107478 0.019739 -0.119765 -0.040543 -0.414911 -0.130400 -0.067893 -0.270807 -0.149785 -0.042038 -0.010231 0.244219 -0.095332 -0.016810 -0.103313 0.133426 -0.091329 0.090844 0.015245 -0.029340 0.097859 0.089248
-0.468753 -0.414286 0.132626 0.408485 -0.098493 0.047806 0.249335 0.114078 0.273461 -0.018892 -0.287492 -0.023564 -0.139265 -0.116404 0.164883 0.372731 -0.248634 -0.109538 0.056803 -0.004583 0.284932 0.286719 0.549462 0.650331 0.313741 0.638873 0.075917 0.302214 0.222720 0.318189 0.759365 1.000000 -0.282821 0.118066 -0.184584 0.241596 0.095688 0.074281 0.238890 0.065496 0.181070 0.141681 0.085065 -0.044864 -0.308354 0.045005 -0.277629 -0.228259 -0.511412 -0.409956 -0.315067 -0.372895 -0.507505 -0.258722 -0.393555 -0.446149 -0.195341 -0.212196 -0.506821 -0.497161 -0.323382 -0.389567 -0.143761 -0.408843 0.419920 -0.115818 -0.357176 0.010345 -0.106012 -0.045839 0.207307 0.425389 0.039783 0.279996 0.123170 0.448869 -0.056871 0.053945 0.138755 -0.205272 -0.118830 -0.132550 0.270854 0.384511 0.209726 0.089251 0.128514 0.174048 0.213891 -0.126619 0.001970 -0.058166 0.168113 0.314770 0.040317 0.018746 -0.278977 -0.201316 -0.428884 -0.145992 -0.098559 -0.325000 -0.090544 0.071092 0.058987 0.277270 -0.075970 -0.026535 -0.058474 0.000040 -0.228659 0.008530 0.014441 0.026409 0.081633 0.135138
0.467664 0.238163 0.106514 -0.183897 -0.139538 -0.131656 -0.035394 -0.179329 -0.317140 -0.302799 0.189229 -0.147421 0.106295 -0.209023 -0.063363 -0.262201 0.580700 0.361585 0.177547 0.240594 -0.025280 -0.039403 -0.316503 -0.581198 -0.086891 -0.239127 -0.140740 -0.111340 0.351749 0.154249 -0.098284 -0.282821 1.000000 0.662082 0.205337 -0.082943 0.134726 0.042937 0.158457 0.235286 0.356751 0.130863 -0.343757 -0.153349 -0.161717 -0.274183 0.042850 -0.067795 -0.100075 -0.032402 -0.260882 -0.285409 -0.056845 -0.158822 0.372636 0.239593 0.362594 0.341505 -0.019230 -0.077651 0.222320 0.088373 0.378004 0.406002 -0.354694 -0.103265 0.142107 -0.317082 0.069178 0.087506 -0.146474 -0.152103 0.535435 -0.133105 -0.048944 -0.158885 -0.181860 0.116323 0.401412 0.537507 0.556922 0.537344 0.051882 0.131972 -0.027212 0.265933 0.060217 0.010338 -0.133804 -0.239036 -0.560477 -0.507998 -0.442630 -0.531591 0.250235 0.132758 0.365989 0.282218 0.024437 -0.166069 -0.087913 0.013336 -0.197235 -0.246466 -0.457604 -0.188976 0.175079 0.224176 -0.095171 0.175334 0.237394 -0.090309 -0.192510 -0.296299 -0.107232 -0.292640
0.344647 0.150127 0.039902 -0.131614 -0.230620 -0.168442 0.203886 -0.030166 -0.157421 -0.300841 0.070041 -0.035851 0.163186 -0.180808 -0.110842 -0.196530 0.562241 0.389959 0.230295 0.388437 0.078663 0.050453 -0.225161 -0.370201 -0.135414 -0.067056 -0.173097 -0.077953 0.465840 0.477710 0.159144 0.118066 0.662082 1.000000 0.140152 0.161498 0.108118 0.045700 0.171060 0.176860 0.404499 0.088910 -0.414395 -0.295364 -0.353316 -0.293969 -0.228530 -0.259673 -0.391218 -0.348966 -0.477977 -0.591243 -0.304346 -0.397476 0.101350 -0.122633 0.390819 0.345430 -0.164807 -0.316038 0.287103 0.109257 0.422197 0.421523 -0.140031 -0.050668 0.076849 -0.178572 0.185810 0.291655 0.060878 0.103046 0.603000 -0.060163 -0.115854 0.012561 -0.115880 0.193191 0.528793 0.400237 0.586148 0.544364 0.236067 0.337139 0.078557 0.345404 -0.005196 -0.068310 0.003125 -0.374027 -0.610285 -0.531646 -0.439526 -0.495260 0.196343 0.284253 0.158092 0.210150 -0.278330 -0.298366 -0.080763 -0.225764 -0.250875 -0.196822 -0.366383 -0.078379 -0.013486 0.182338 0.041535 0.242326 0.068002 -0.238210 -0.207927 -0.233595 -0.024450 -0.215296
-0.076521 -0.086756 -0.291593 -0.033234 -0.066100 -0.037941 0.083606 -0.091911 0.017258 -0.049790 0.001209 -0.026999 0.051555 -0.078267 0.052411 -0.042855 0.005436 -0.179594 -0.017883 0.057122 -0.080899 -0.053523 -0.000375 -0.318294 -0.040364 -0.097345 0.003595 0.019916 0.038799 0.062930 -0.099765 -0.184584 0.205337 0.140152 1.000000 0.433059 -0.021049 0.090933 -0.082386 0.008953 0.193938 0.071834 -0.060874 -0.122802 -0.025635 -0.041970 -0.018754 0.066419 -0.197405 0.121803 -0.255635 -0.152628 -0.140655 0.080515 0.181964 0.066175 -0.135289 -0.058064 -0.076407 -0.140225 0.005996 0.104432 -0.113940 0.075178 0.131407 -0.077129 0.000680 -0.097371 -0.115370 -0.144167 -0.300752 -0.203835 0.183409 -0.002319 0.213832 -0.080972 0.167213 0.193067 -0.083076 0.152514 0.001584 0.130679 0.059622 0.203680 0.026237 0.114186 0.351520 0.025650 0.136003 -0.186345 -0.020412 -0.038616 0.103497 -0.016210 -0.011820 -0.023020 0.279917 0.374892 -0.049724 0.226059 0.081838 -0.155018 -0.094934 -0.252480 -0.261688 -0.257965 0.098755 0.013413 -0.076896 0.223382 0.218966 -0.040719 -0.133236 -0.129549 0.103712 -0.106681
-0.318957 -0.224821 -0.157972 0.202136 -0.051631 0.049188 0.361285 0.319425 0.108258 0.180743 -0.155081 0.124352 0.155979 0.176030 -0.005048 0.102163 -0.017315 -0.133262 -0.101849 -0.034786 -0.010548 -0.005198 -0.004727 0.151538 -0.043000 0.171334 0.087902 0.138870 -0.079701 0.201262 0.113789 0.241596 -0.082943 0.161498 0.433059 1.000000 -0.172694 -0.048213 -0.164101 -0.075677 0.027155 -0.056273 -0.031734 -0.063607 0.058542 0.263097 -0.144892 -0.096725 -0.268974 -0.107993 -0.294861 -0.218330 -0.193912 -0.116705 -0.070062 -0.221188 -0.270978 -0.330370 -0.147472 -0.277734 0.122117 0.172035 -0.123804 -0.082548 0.308989 0.210046 -0.070866 0.288801 -0.280871 -0.210475 0.004288 0.063346 -0.062596 0.129456 0.070268 0.087712 0.041187 0.120155 -0.160741 -0.152778 -0.173114 -0.119163 0.087152 0.186144 -0.053219 0.023386 0.121088 -0.114900 0.236345 0.010383 0.153364 0.028672 0.250938 0.137088 -0.065773 0.012537 -0.180267 -0.021701 -0.270058 -0.118101 -0.001366 -0.192662 -0.080595 -0.138211 -0.123920 -0.022571 -0.236630 -0.070961 -0.028473 0.094185 -0.008221 -0.020011 -0.014775 0.033412 -0.019523 -0.121105
