1.000000 0.121229 -0.159101 0.244920 0.103498 -0.002172 -0.132162 -0.136391 0.011184 0.074248 0.295850 0.136036 0.129476 0.050534 0.229509 0.206068 0.111434 0.076871 0.106761 0.123349 -0.273125 -0.118546 0.073621 -0.115072 -0.036848 -0.127576 0.100350 0.057846 -0.016875 -0.008858 -0.173262 -0.163543 -0.010357 -0.018928 -0.101967 -0.309155 -0.044730 0.163945 -0.083519 0.022684 -0.042252 0.007149 0.189148 0.086335 0.199988 -0.136855 0.101644 -0.080931 0.256842 0.063051 0.318782 -0.004605 0.380986 0.228220 0.223574 0.222404 0.090287 0.119223 -0.030399 -0.342295 -0.131805 0.222217 -0.216172 0.139876 -0.238357 0.087848 -0.341280 -0.456135 0.045592 -0.225706 -0.102278 -0.209412 0.000221 0.031445 0.119199 0.013008 0.020604 -0.188927 0.070029 -0.076886 -0.047846 -0.053639 0.051978 0.088545 0.117075 0.128706 0.102955 0.105838 0.132735 0.083931 -0.129982 -0.227612 -0.154041 -0.274315 -0.157531 0.044954 0.061375 -0.009690 0.215368 -0.036201 -0.145126 -0.170007 -0.053373 -0.231445 0.005008 0.062692 -0.066128 -0.028593 -0.027872 -0.005704 -0.194788 -0.032217 -0.003503 0.213301 0.000732 -0.077817
0.121229 1.000000 -0.427734 0.324296 -0.163191 -0.051115 -0.365204 0.364817 -0.155723 0.230602 -0.355621 0.542499 -0.305693 0.475553 -0.166234 0.230869 0.020327 0.204290 -0.254494 0.008935 -0.183116 -0.116100 -0.434991 -0.289546 -0.287850 -0.238806 -0.179030 -0.006690 -0.231723 0.127529 -0.472826 -0.441827 -0.227835 -0.256001 -0.363391 -0.380601 0.068862 0.043344 -0.115414 -0.073188 -0.185767 -0.022041 0.361426 0.207378 0.322085 -0.067055 0.429704 0.280188 0.228382 0.302194 0.133849 0.441899 0.257076 0.362751 0.224231 0.455528 0.386599 0.583047 -0.080671 0.027180 0.098019 0.315115 0.134649 0.233455 0.093647 0.050853 -0.283419 -0.505036 0.127244 -0.097211 -0.126154 -0.219109 -0.151516 0.009968 0.147082 -0.041442 -0.303175 -0.213045 0.147594 -0.027896 0.197659 0.049501 -0.152792 0.093964 0.049452 0.111404 -0.119141 -0.144237 0.048187 0.203796 0.046406 -0.276310 0.074133 -0.447413 -0.109695 0.168101 0.028707 -0.091822 0.096680 0.022775 -0.062871 -0.332114 -0.013450 -0.303681 -0.225000 -0.238747 -0.023776 -0.224458 -0.098280 -0.086166 -0.152248 0.039488 0.055467 -0.026204 -0.316671 -0.262609
-0.159101 -0.427734 1.000000 -0.342363 0.504328 0.050207 0.736202 0.005021 0.299120 -0.182678 0.126000 -0.454861 0.094527 -0.468238 0.038942 -0.326803 -0.183565 -0.137213 0.040357 0.130399 0.519220 0.078280 0.262399 0.036658 0.151275 0.093428 0.040930 -0.239921 0.059501 0.058079 0.551012 0.259708 0.321684 0.346522 0.153129 0.291064 -0.100048 -0.143402 -0.198087 -0.207026 0.116076 -0.060711 -0.356320 -0.427564 -0.197053 -0.070082 -0.265438 -0.332207 0.178222 -0.121873 -0.063704 -0.239327 0.028570 -0.044595 -0.301476 -0.402668 -0.326231 -0.459413 0.335881 0.225076 0.275371 -0.099618 -0.036334 0.060610 0.104178 -0.207633 0.499978 0.479026 -0.218594 0.206115 0.325798 0.085616 0.180250 0.027647 -0.057278 0.063117 0.027097 0.069398 -0.318778 -0.252496 -0.251403 -0.159521 0.048971 -0.204559 -0.392861 -0.476662 -0.188364 -0.300104 -0.306619 -0.404144 -0.038466 0.437828 -0.272409 0.507512 0.089806 0.032337 -0.214966 0.010746 -0.260319 -0.276967 0.091268 0.393425 0.235441 0.281381 -0.168883 -0.001894 0.024045 0.172977 0.225602 0.050376 0.127342 -0.020703 -0.210071 -0.018251 0.002519 0.050292
0.244920 0.324296 -0.342363 1.000000 -0.003832 0.103224 -0.333022 0.437555 -0.071290 0.401152 -0.110854 0.475016 -0.141052 0.418475 0.080199 0.480066 -0.047929 -0.003090 -0.161964 -0.029383 -0.191923 -0.063717 0.031252 0.214156 -0.020665 0.045436 0.176242 0.306218 -0.335674 -0.172500 -0.204580 0.015463 -0.228439 -0.226386 -0.192151 -0.411774 -0.115997 0.118951 -0.096895 0.100683 -0.097539 0.117309 0.117274 0.100130 -0.147409 -0.139219 0.149481 -0.087776 -0.198740 -0.113056 0.248183 0.094179 0.106165 0.137042 0.068427 0.126445 -0.071867 0.290577 -0.360052 -0.297720 -0.241469 0.206619 -0.174454 -0.011256 0.037723 0.408952 -0.352410 -0.277032 0.104457 -0.163097 -0.053247 0.031781 -0.359168 0.055789 -0.075536 0.103988 -0.213933 -0.075162 0.185258 0.037295 -0.111295 -0.091284 -0.039230 0.207061 0.060288 0.378316 0.011896 0.141308 0.276027 0.133312 -0.054270 -0.381803 0.346953 -0.287040 -0.196974 -0.034378 -0.211693 -0.062772 -0.066974 -0.080810 0.128579 -0.403372 -0.307697 -0.331960 -0.094588 0.017428 -0.077404 -0.159432 -0.342407 -0.139712 -0.167076 -0.081004 -0.043343 -0.032777 -0.183833 -0.072675
0.103498 -0.163191 0.504328 -0.003832 1.000000 0.397812 0.477335 0.278870 0.566840 0.188767 0.040017 -0.129402 0.072622 -0.165155 0.123995 0.082009 -0.247382 -0.341259 -0.231104 -0.061597 0.327404 0.116314 0.277418 0.294159 0.423524 0.344719 0.347535 0.120339 -0.295959 -0.143771 0.410206 0.408162 0.102410 0.047086 0.109200 0.095048 0.015427 -0.038168 -0.169559 -0.023665 -0.040642 -0.142690 -0.214025 -0.191435 -0.115795 0.016010 -0.189093 -0.227219 0.158837 -0.077183 0.118166 0.032087 -0.039066 0.066849 -0.161981 -0.127667 -0.298832 -0.308494 0.018768 -0.167950 -0.061338 -0.115203 -0.312586 -0.158604 0.250968 0.057315 0.063314 0.384206 -0.284875 0.012459 0.248737 0.234510 -0.273772 0.008674 -0.083516 0.074584 -0.102748 -0.088284 -0.002528 -0.180906 -0.404264 -0.423476 -0.012105 -0.285147 -0.326559 -0.231216 -0.207047 -0.137441 -0.140549 -0.226158 0.041144 0.176827 0.051510 0.283108 0.057045 -0.196241 -0.198683 -0.055247 -0.237540 -0.262173 0.185604 -0.016855 -0.081148 -0.063563 -0.134435 0.114017 -0.029737 0.152158 0.153743 -0.198946 0.048561 -0.130940 -0.251424 -0.081355 0.052613 -0.036649
-0.002172 -0.051115 0.050207 0.103224 0.397812 1.000000 -0.025665 0.209072 0.294771 0.294401 -0.204394 -0.053623 0.078341 -0.014832 0.265001 0.352524 -0.259857 -0.366212 -0.179622 -0.157972 0.196998 0.143499 0.165260 0.398326 0.479581 0.573548 0.646665 0.629531 -0.474921 -0.307212 0.197350 0.367651 -0.068870 -0.146683 -0.000075 0.012755 0.039262 0.055776 -0.093642 0.162695 -0.158987 -0.001012 -0.151766 -0.004711 -0.199277 -0.061809 -0.077298 -0.146258 -0.180829 -0.166089 0.116284 0.152232 -0.138936 0.015357 -0.040002 0.035327 -0.033322 0.103656 -0.180940 -0.300028 -0.307772 -0.217992 -0.189059 -0.436037 0.199556 0.176378 -0.183261 0.128457 0.076276 0.128298 0.168101 0.372167 -0.357457 -0.038015 -0.087922 0.094761 -0.268595 -0.110873 0.221414 -0.011590 -0.187578 -0.338688 -0.017653 -0.186630 -0.111510 0.038871 -0.007256 0.188410 0.100809 0.229562 0.086917 -0.037097 0.185432 0.040587 0.099852 -0.152070 -0.016674 0.132091 -0.094267 -0.128459 -0.042144 0.017240 -0.275532 -0.084863 -0.042598 0.149767 -0.000150 0.146238 0.139398 -0.195453 0.044437 -0.085277 -0.136580 -0.106928 0.084954 0.064206
-0.132162 -0.365204 0.736202 -0.333022 0.477335 -0.025665 1.000000 0.149133 0.276366 0.032099 0.182785 -0.309262 0.260404 -0.304796 -0.022388 -0.223791 -0.219001 -0.026477 -0.218887 -0.172996 0.393465 0.053312 0.179742 -0.050084 0.169720 0.073103 -0.004750 -0.328685 0.123970 0.084148 0.380279 0.186166 0.201446 0.165442 0.124515 0.317396 -0.022484 -0.060550 -0.141443 -0.250374 0.122369 -0.218457 -0.330674 -0.468053 -0.129117 0.001546 -0.212985 -0.314939 0.275928 -0.106579 0.106866 -0.139883 -0.015777 -0.003048 -0.100336 -0.344228 -0.269364 -0.487649 0.327645 0.081140 0.364290 -0.143129 0.048239 0.090856 0.285894 -0.103902 0.486070 0.518751 -0.371086 0.108560 0.263226 -0.052883 0.118542 -0.118203 -0.284660 -0.009365 0.057934 -0.036152 -0.344781 -0.248079 -0.348812 -0.163621 -0.039585 -0.236002 -0.246239 -0.522089 -0.142889 -0.272253 -0.144575 -0.307379 -0.068783 0.362762 -0.166910 0.487761 0.100927 -0.074333 -0.146831 -0.066469 -0.238128 -0.242161 0.224755 0.328898 0.203433 0.181700 -0.248606 -0.165174 -0.023627 0.067910 0.181911 -0.081460 0.111055 0.021875 -0.224347 -0.153348 0.020309 -0.085237
-0.136391 0.364817 0.005021 0.437555 0.278870 0.209072 0.149133 1.000000 0.139162 0.747325 -0.162339 0.405433 -0.097349 0.462099 -0.151222 0.362755 -0.137576 -0.026233 -0.448502 -0.252896 0.126086 -0.085098 -0.364978 -0.056000 0.075043 0.188847 0.094910 0.074656 -0.496119 -0.061639 -0.090989 -0.006249 -0.146018 -0.152052 -0.230310 -0.136687 0.005579 -0.008794 -0.166540 0.026362 -0.118676 -0.055915 -0.074105 -0.181001 -0.048109 -0.129314 0.099579 -0.102120 0.203678 0.062527 0.177818 0.454872 0.075750 0.107776 0.087784 0.086337 0.005328 0.034730 -0.031982 0.029713 0.139990 0.320487 -0.006905 0.107885 0.220393 0.507626 -0.026131 0.023467 -0.132926 -0.013669 0.018852 0.080909 -0.406041 -0.151916 -0.109229 0.043685 -0.195959 -0.247529 0.023546 -0.058262 -0.239816 -0.357920 -0.293024 -0.055690 -0.222928 -0.093092 -0.237130 -0.035858 0.041617 0.153105 -0.062012 -0.255456 0.210660 -0.158671 0.042153 0.031854 -0.209090 -0.088382 -0.212901 -0.264851 0.301984 -0.223780 -0.079494 -0.214067 -0.278148 -0.293525 -0.068220 -0.274682 -0.074032 -0.350486 -0.169071 -0.244000 -0.044342 -0.236800 -0.188254 -0.197233
0.011184 -0.155723 0.299120 -0.071290 0.566840 0.294771 0.276366 0.139162 1.000000 0.133763 0.333874 -0.105111 0.354552 -0.015646 0.470644 0.343235 -0.257929 -0.321120 -0.218284 -0.190305 0.188572 0.020959 0.268438 0.353343 0.513188 0.436710 0.289316 0.170494 -0.255288 -0.196085 0.364439 0.473351 -0.072811 -0.041978 0.196478 0.011204 -0.069398 0.026532 -0.078370 0.125714 0.060273 -0.011660 -0.217379 -0.181972 -0.208336 -0.255888 -0.362204 -0.204851 0.122381 -0.218137 0.191710 0.049347 0.143289 -0.074663 -0.150768 -0.002381 -0.209640 -0.284455 -0.000249 -0.177699 -0.102478 0.090848 -0.340638 -0.173745 0.198245 0.236728 -0.132800 0.138911 -0.081861 0.049285 0.232192 0.349533 -0.277930 0.037095 0.077130 0.020112 -0.010783 -0.040491 -0.092004 -0.135676 -0.386591 -0.457651 -0.197509 -0.182759 -0.242676 -0.107618 -0.206325 0.049538 -0.039915 0.030663 0.117134 0.019986 0.081674 0.197992 0.047918 -0.040273 -0.050638 -0.207769 -0.135045 -0.222903 0.131084 -0.127995 -0.162187 -0.087085 -0.190175 0.039543 -0.103378 0.049312 0.052240 -0.082447 0.000503 -0.151092 -0.250690 0.016042 0.064412 0.040353
0.074248 0.230602 -0.182678 0.401152 0.188767 0.294401 0.032099 0.747325 0.133763 1.000000 -0.051584 0.468293 -0.049786 0.443177 0.008043 0.513935 -0.038178 0.011079 -0.271664 -0.219129 -0.071982 -0.053559 -0.277291 -0.063802 0.146467 0.135884 0.201891 0.227567 -0.428749 -0.146892 -0.117971 0.014281 -0.177140 -0.123722 -0.128479 -0.209540 0.034546 0.066259 -0.126693 0.015058 -0.044896 -0.102275 0.022666 -0.029953 -0.055570 -0.100519 0.067217 -0.047142 0.018291 -0.040187 0.161444 0.292448 -0.017136 -0.004883 0.184774 0.105524 0.096293 0.046710 -0.167597 -0.128371 -0.033875 0.310409 -0.081056 0.089797 0.174185 0.543503 -0.248144 -0.068148 -0.004129 -0.021042 -0.022856 0.199351 -0.365518 -0.151737 -0.047414 0.040671 -0.132284 -0.212902 0.092801 -0.032390 -0.135512 -0.315769 -0.262334 0.004991 -0.050449 0.026664 -0.144357 0.011969 0.004947 0.233660 -0.119788 -0.240385 0.201479 -0.257284 0.071797 0.018435 -0.166816 0.033968 -0.172357 -0.129805 0.219356 -0.202917 -0.261947 -0.279110 -0.193708 -0.284606 -0.071475 -0.283642 -0.098867 -0.380880 -0.095241 -0.128922 0.035878 -0.216755 -0.043786 -0.032022
0.295850 -0.355621 0.126000 -0.110854 0.040017 -0.204394 0.182785 -0.162339 0.333874 -0.051584 1.000000 -0.087726 0.504084 0.014960 0.367342 0.124788 0.245741 -0.004932 0.107087 -0.060956 -0.185938 -0.148877 0.115921 -0.125596 0.085326 -0.049541 -0.051614 -0.085946 0.301118 -0.016106 0.118244 -0.011508 0.002311 0.173342 0.027733 -0.085873 -0.162813 0.212565 -0.003342 0.077432 0.163213 -0.021815 -0.133564 -0.253756 -0.144502 -0.253966 -0.218618 -0.235557 0.178540 -0.169528 0.080003 -0.275865 0.146990 -0.252120 0.027433 0.002552 -0.180825 -0.341811 0.263468 -0.060436 0.166419 0.182761 -0.153254 0.220047 -0.090736 0.170691 0.013293 -0.095275 -0.026737 -0.174476 0.142448 -0.089549 0.138754 -0.052652 0.122341 -0.042404 0.345949 -0.044483 -0.157827 0.091894 -0.224869 -0.035153 -0.028849 0.045512 -0.090933 -0.141035 -0.028621 0.118866 0.096290 0.088414 -0.072536 0.001315 -0.215685 0.080971 -0.007392 0.081496 0.027577 -0.076367 0.026514 -0.018916 0.010397 -0.029212 0.035622 0.064116 0.047974 0.069849 -0.175823 0.001143 -0.041869 -0.102463 -0.131643 -0.126728 -0.102026 0.134813 0.167812 0.027517
0.136036 0.542499 -0.454861 0.475016 -0.129402 -0.053623 -0.309262 0.405433 -0.105111 0.468293 -0.087726 1.000000 -0.045729 0.778760 0.023160 0.479531 0.077446 0.293003 -0.111466 -0.113060 -0.428044 -0.089689 -0.242654 -0.150392 -0.192944 -0.186162 -0.078769 0.136077 -0.140397 -0.109740 -0.422461 -0.331739 -0.252545 -0.326791 -0.310687 -0.471941 0.053899 0.172028 0.012747 -0.051198 -0.096705 -0.109980 0.288863 0.175206 0.160107 -0.166461 0.351618 0.208529 0.078601 0.133709 0.280116 0.308392 0.193512 0.153267 0.260720 0.212327 0.145851 0.157396 -0.306116 -0.266180 -0.057085 0.310618 -0.062459 0.086054 0.051360 0.336382 -0.356183 -0.437574 0.181226 -0.143992 -0.149857 -0.036466 -0.232951 -0.047759 -0.030373 0.166480 -0.164196 -0.213723 0.067094 0.014963 0.017099 -0.048465 -0.220117 0.045680 0.059325 0.232768 -0.015909 -0.007244 0.147711 0.101096 -0.055272 -0.286428 0.209962 -0.405570 -0.073284 0.114105 0.040733 -0.159348 0.113487 -0.004293 0.095548 -0.337251 -0.144455 -0.342550 -0.198953 -0.128343 0.094752 -0.203276 -0.186578 -0.093698 -0.068277 0.060729 0.178566 -0.163999 -0.122772 -0.051012
0.129476 -0.305693 0.094527 -0.141052 0.072622 0.078341 0.260404 -0.097349 0.354552 -0.049786 0.504084 -0.045729 1.000000 0.101903 0.408756 0.189807 0.119120 -0.181354 -0.230506 -0.380136 -0.194500 -0.000671 0.153087 0.048555 0.301635 0.238552 0.071901 0.041154 0.191514 -0.136780 0.133857 0.111173 -0.121610 -0.057711 -0.027713 0.066663 -0.152825 0.236216 0.149365 0.187633 0.111534 -0.057060 -0.095254 -0.134614 -0.095073 -0.178384 -0.169569 -0.209200 0.213839 -0.181794 0.346246 0.005315 0.138173 -0.158515 0.061794 -0.034484 0.009305 -0.280944 0.087619 -0.249640 0.078590 0.069701 -0.212620 -0.150726 -0.003255 0.308275 -0.003163 0.050259 -0.235819 -0.175445 0.080530 0.130576 0.008622 -0.043758 -0.188749 0.100961 0.189267 -0.075174 -0.199127 0.018366 -0.302359 -0.155537 -0.262764 -0.161768 -0.157500 -0.092823 -0.114736 0.166890 0.077097 0.017835 -0.113935 -0.146142 -0.153869 0.065207 -0.075217 -0.235511 0.285909 -0.345338 0.120511 -0.130709 -0.102967 -0.169608 -0.112477 0.038104 0.039310 0.041310 0.002684 0.071460 -0.238337 -0.152245 -0.220318 -0.120689 -0.132328 0.011002 0.124505 -0.036931
0.050534 0.475553 -0.468238 0.418475 -0.165155 -0.014832 -0.304796 0.462099 -0.015646 0.443177 0.014960 0.778760 0.101903 1.000000 0.037511 0.573935 0.018411 0.091846 -0.190786 -0.213805 -0.317627 -0.199565 -0.274826 -0.031832 -0.042818 -0.003551 -0.082519 0.155064 -0.075657 -0.071667 -0.390699 -0.201330 -0.314617 -0.297177 -0.316379 -0.317672 -0.025228 0.220845 0.033211 0.059229 -0.088376 -0.027488 0.225684 0.136822 0.090375 -0.154416 0.295143 0.194052 0.056017 0.068721 0.264474 0.301560 0.205028 -0.002556 0.256105 0.265977 0.047339 0.056822 -0.210596 -0.310630 -0.038340 0.341805 -0.071364 -0.006829 0.066209 0.390401 -0.388042 -0.378900 0.095815 -0.227824 -0.120151 -0.060459 -0.251262 0.008376 -0.062372 0.125935 -0.128062 -0.214160 0.086553 0.226658 -0.124705 -0.106374 -0.183828 0.099131 0.049617 0.212634 -0.003696 0.185264 0.166704 0.191229 0.015764 -0.311024 0.191838 -0.363351 -0.181169 0.089539 0.104978 -0.254620 0.119893 0.059970 0.009238 -0.456910 -0.250153 -0.311867 -0.198536 -0.168843 0.027666 -0.289761 -0.269701 -0.104551 -0.097957 -0.063890 0.191648 -0.192099 -0.181490 -0.086101
0.229509 -0.166234 0.038942 0.080199 0.123995 0.265001 -0.022388 -0.151222 0.470644 0.008043 0.367342 0.023160 0.408756 0.037511 1.000000 0.413825 -0.046861 -0.137227 0.158125 -0.072662 -0.009059 -0.023906 0.558815 0.412411 0.357967 0.329080 0.421082 0.459956 -0.056858 -0.302757 0.193226 0.319525 -0.184785 -0.213590 0.119103 -0.138529 0.026579 0.141162 0.159556 0.284288 -0.024838 0.142917 -0.203172 -0.145145 -0.383287 -0.423138 -0.342108 -0.188535 -0.166254 -0.340607 0.177428 -0.157148 0.026296 -0.065593 -0.008532 -0.024522 -0.092099 0.007714 -0.175288 -0.428493 -0.214278 -0.051979 -0.185968 -0.191824 0.191394 0.124854 -0.356928 -0.156349 0.263063 0.122742 0.185329 0.267788 -0.223605 0.006128 0.079386 0.048291 -0.095412 0.041124 0.163055 -0.078460 -0.177912 -0.184585 0.209905 -0.033944 0.156391 -0.058981 -0.029073 0.346190 0.185271 0.126282 0.264826 -0.083179 0.036397 0.063482 -0.046884 -0.031628 0.054956 -0.120462 -0.086882 -0.120809 0.033995 -0.149255 -0.205960 -0.022212 -0.032374 0.258383 -0.050347 0.063848 -0.143467 0.076902 -0.086178 -0.141579 -0.087328 0.120252 0.181819 0.140181
0.206068 0.230869 -0.326803 0.480066 0.082009 0.352524 -0.223791 0.362755 0.343235 0.513935 0.124788 0.479531 0.189807 0.573935 0.413825 1.000000 -0.086105 -0.110688 -0.174475 -0.325229 -0.257689 -0.054523 0.056736 0.233216 0.259951 0.296992 0.401667 0.522510 -0.323087 -0.366965 -0.122116 0.141951 -0.389051 -0.237101 -0.173555 -0.314160 0.000531 0.203049 0.093560 0.228679 -0.087151 0.063739 0.018531 -0.009481 -0.220137 -0.363959 -0.061446 -0.095893 -0.043158 -0.266840 0.351516 0.134699 0.158326 -0.048508 0.234467 0.199305 0.141904 0.076903 -0.190208 -0.394172 -0.113002 0.345843 -0.212588 -0.001547 0.118333 0.541986 -0.448768 -0.313579 0.118067 -0.135374 0.028163 0.239103 -0.467263 -0.029796 -0.050463 0.047132 -0.131604 -0.132725 0.143760 0.072642 -0.274149 -0.340496 -0.171226 0.190123 -0.011233 0.143650 0.025711 0.271171 0.252965 0.362859 0.011562 -0.383519 0.109377 -0.198792 0.046685 0.130040 0.070081 -0.103371 -0.103285 -0.103541 0.117951 -0.327616 -0.332248 -0.244383 -0.131503 0.012837 -0.114981 -0.077172 -0.213255 -0.186770 -0.187508 -0.216295 0.016585 -0.047709 -0.137126 -0.142380
0.111434 0.020327 -0.183565 -0.047929 -0.247382 -0.259857 -0.219001 -0.137576 -0.257929 -0.038178 0.245741 0.077446 0.119120 0.018411 -0.046861 -0.086105 1.000000 0.305221 0.175067 0.099470 -0.350229 -0.105962 -0.230418 -0.324216 -0.303321 -0.268715 -0.315113 -0.135687 0.283630 0.244815 -0.095676 -0.225051 0.097516 0.162082 -0.025591 -0.098772 0.206117 -0.055292 0.014874 -0.140063 0.015661 0.067538 0.052397 -0.007485 -0.004409 -0.104656 -0.039506 -0.041834 -0.006592 -0.112247 -0.208442 -0.208052 0.010085 -0.283402 0.090876 -0.015902 0.282697 0.152774 0.118255 0.150415 0.326003 0.125987 0.195865 0.323373 -0.142670 -0.016575 0.038349 -0.208324 -0.008681 -0.159304 -0.061595 -0.013818 0.288107 -0.025873 0.158721 -0.035526 0.226317 0.125491 0.239431 0.032497 0.407254 0.180608 0.027233 0.270715 0.020352 0.097307 -0.001535 0.027666 0.014635 0.099398 -0.166293 -0.247313 -0.198250 -0.264838 0.097461 -0.043537 0.093769 -0.000423 0.034993 0.036506 -0.229857 0.007109 0.081567 0.011212 0.117984 -0.091037 -0.061437 0.044266 -0.218255 -0.177465 -0.194186 -0.046152 -0.016288 -0.019647 0.173069 0.038960
0.076871 0.204290 -0.137213 -0.003090 -0.341259 -0.366212 -0.026477 -0.026233 -0.321120 0.011079 -0.004932 0.293003 -0.181354 0.091846 -0.137227 -0.110688 0.305221 1.000000 0.191538 0.192705 -0.295607 -0.257772 -0.260867 -0.506471 -0.541784 -0.538042 -0.387902 -0.317672 0.420087 0.359105 -0.316831 -0.449621 0.124054 0.045404 -0.085982 -0.176686 0.105487 0.041275 0.088951 -0.282614 0.104775 -0.185692 0.144539 -0.036840 0.245823 -0.011966 0.211874 0.119005 0.118294 0.214138 -0.128980 -0.052686 0.186798 0.176574 0.216067 0.033357 0.257851 0.048787 -0.010627 0.161793 0.205342 0.239380 0.295141 0.529520 -0.119962 -0.149535 0.004880 -0.412547 0.034525 -0.179223 0.021742 -0.261235 0.378132 -0.100126 0.220301 -0.019863 0.123352 0.062123 -0.120303 0.037004 0.378228 0.422478 -0.050024 0.213204 0.042354 -0.132501 0.129154 -0.132234 -0.026045 -0.099633 -0.175275 -0.062833 -0.217559 -0.206178 -0.120246 0.122144 0.056249 0.010653 0.077293 0.094289 -0.057999 0.172168 0.290934 -0.050814 -0.187529 -0.274682 0.154483 -0.119995 0.052263 -0.086028 0.036853 0.171349 0.101173 0.093139 0.010162 -0.018463
0.106761 -0.254494 0.040357 -0.161964 -0.231104 -0.179622 -0.218887 -0.448502 -0.218284 -0.271664 0.107087 -0.111466 -0.230506 -0.190786 0.158125 -0.174475 0.175067 0.191538 1.000000 0.652155 -0.147929 -0.062317 0.088013 -0.071727 -0.308756 -0.373989 -0.042453 -0.023468 0.307753 0.044939 -0.059420 -0.147926 0.159916 0.270141 0.034370 -0.071655 0.171747 -0.160165 0.089444 0.018297 -0.017485 0.122530 -0.119501 -0.086395 -0.182698 -0.119672 -0.176093 0.016802 -0.344462 -0.197709 -0.455610 -0.538527 -0.174524 -0.151424 -0.153635 -0.260354 -0.054380 0.062272 0.136922 0.212067 -0.011984 -0.183588 0.272751 0.057487 -0.243228 -0.393300 0.157253 -0.164285 0.450669 0.266353 0.068476 -0.103098 0.308785 -0.055725 0.092758 0.027256 0.039058 0.125463 0.201985 -0.079138 0.503154 0.374270 0.473018 0.278130 0.229755 0.079656 0.095164 -0.056771 -0.134718 -0.072270 0.052018 0.250510 -0.152474 0.039711 0.067204 0.145824 -0.240983 0.258296 -0.123388 0.136967 -0.026286 0.288568 0.142453 0.303499 0.095275 0.025539 0.024887 0.064471 0.227011 0.228984 0.039467 0.151349 0.142278 0.138528 0.110344 0.334006
0.123349 0.008935 0.130399 -0.029383 -0.061597 -0.157972 -0.172996 -0.252896 -0.190305 -0.219129 -0.060956 -0.113060 -0.380136 -0.213805 -0.072662 -0.325229 0.099470 0.192705 0.652155 1.000000 -0.025611 -0.129146 -0.115650 -0.113153 -0.422741 -0.480692 -0.216413 -0.208001 0.285417 0.250590 -0.104281 -0.128962 0.328150 0.354999 -0.052000 -0.184972 0.066353 -0.158552 -0.156720 -0.104922 0.093087 0.066176 0.002093 -0.035724 -0.003764 -0.013563 0.037829 0.101303 -0.268355 -0.052120 -0.466728 -0.455403 -0.129674 0.031712 -0.320707 -0.208967 -0.067492 0.196603 0.101288 0.253507 0.034227 -0.188457 0.263256 0.140556 -0.211636 -0.502651 0.168344 -0.220891 0.382331 0.252566 0.099030 -0.151482 0.328722 0.095699 0.217434 0.066836 -0.099740 0.123599 0.096726 -0.174335 0.540153 0.404561 0.332612 0.249910 0.083000 0.018903 0.043586 -0.166833 -0.288553 -0.229340 0.009061 0.318865 -0.131337 0.020185 0.169832 0.154385 -0.244768 0.223899 -0.111101 0.119854 -0.078796 0.266237 0.122554 0.316110 0.055712 0.092272 0.063286 0.064050 0.238759 0.148165 0.116592 0.154752 -0.001709 0.075001 0.049367 0.216872
-0.273125 -0.183116 0.519220 -0.191923 0.327404 0.196998 0.393465 0.126086 0.188572 -0.071982 -0.185938 -0.428044 -0.194500 -0.317627 -0.009059 -0.257689 -0.350229 -0.295607 -0.147929 -0.025611 1.000000 0.224815 0.232092 0.244338 0.205737 0.297532 0.213969 -0.017044 -0.127215 -0.021685 0.305117 0.332436 0.047438 0.097243 0.033908 0.271437 0.022299 -0.147003 -0.236821 -0.116849 -0.060608 0.215743 -0.275972 -0.248494 -0.229033 -0.023428 -0.169888 -0.170666 -0.018557 -0.120712 -0.119802 -0.096916 -0.064695 -0.060414 -0.249460 -0.185846 -0.382361 -0.065679 0.139055 0.092054 0.029303 -0.131120 -0.038040 -0.086696 0.170694 -0.076389 0.217522 0.434040 -0.084508 0.303529 0.261405 0.138008 -0.121438 -0.020486 0.016049 0.000159 -0.065145 -0.018356 -0.018081 -0.096298 -0.266970 -0.178768 0.138032 -0.224174 -0.141372 -0.358064 -0.187158 -0.029200 -0.198333 -0.178896 0.230126 0.314492 0.080174 0.421305 0.218349 0.050249 -0.232177 0.214276 -0.091406 -0.217862 0.321859 0.236483 0.126963 0.250125 -0.010688 0.079708 -0.059810 0.084145 0.188706 0.065637 0.172940 -0.005115 -0.127178 -0.042669 0.009241 -0.083408
-0.118546 -0.116100 0.078280 -0.063717 0.116314 0.143499 0.053312 -0.085098 0.020959 -0.053559 -0.148877 -0.089689 -0.000671 -0.199565 -0.023906 -0.054523 -0.105962 -0.257772 -0.062317 -0.129146 0.224815 1.000000 0.228233 0.262918 0.212298 0.220493 0.381232 0.293894 -0.137091 -0.148881 0.173382 0.217934 -0.210315 -0.049678 0.153489 0.175799 -0.107549 -0.092712 -0.073723 -0.016368 -0.111580 -0.016832 -0.041265 0.048990 -0.109761 0.023088 -0.102363 -0.032121 -0.201911 -0.187272 -0.014411 -0.117143 -0.014218 -0.233753 -0.092687 -0.279046 0.006015 -0.079278 -0.096921 -0.074755 -0.146803 -0.137806 -0.094649 -0.120022 0.026816 0.013567 0.043448 0.358451 -0.049451 0.114846 0.093869 0.246904 -0.173124 -0.009961 -0.041330 -0.003527 -0.083799 -0.026009 0.050989 -0.139384 -0.070693 -0.116085 0.014732 -0.066877 0.109198 -0.004875 0.101663 0.015352 -0.066428 -0.188367 0.048764 0.156027 0.153133 0.206112 0.084095 -0.092777 -0.004531 0.076400 -0.086490 0.001384 0.225000 0.164515 -0.022777 0.105116 0.118087 0.193522 0.022567 0.051164 -0.134741 -0.017776 0.139927 -0.136661 -0.128588 0.025776 0.130895 0.073820
0.073621 -0.434991 0.262399 0.031252 0.277418 0.165260 0.179742 -0.364978 0.268438 -0.277291 0.115921 -0.242654 0.153087 -0.274826 0.558815 0.056736 -0.230418 -0.260867 0.088013 -0.115650 0.232092 0.228233 1.000000 0.726073 0.437767 0.437302 0.410612 0.393471 -0.025914 -0.316673 0.469005 0.591623 -0.187231 -0.244292 0.295501 0.026899 -0.017800 0.095944 0.169636 0.121990 -0.063554 0.045013 -0.185564 -0.024696 -0.378201 -0.126712 -0.281030 -0.110111 -0.312763 -0.386166 0.153269 -0.312588 -0.133225 -0.054016 -0.066473 -0.250342 -0.382108 -0.163125 -0.272470 -0.385121 -0.429718 -0.359296 -0.394104 -0.393405 0.173251 -0.120326 -0.195232 0.294763 0.025525 0.163995 0.117586 0.198818 -0.222209 0.115112 -0.225142 0.017838 -0.104810 0.164587 -0.023921 0.017545 -0.389958 -0.177847 0.341968 -0.172288 0.155178 -0.141818 0.145940 0.118581 0.286345 -0.131908 0.351097 0.187198 0.135903 0.375044 -0.072779 -0.130867 0.070536 0.018235 -0.126384 -0.066964 0.071685 -0.043861 -0.176999 0.053475 0.070802 0.396535 -0.044935 0.221472 -0.124951 0.181136 0.215158 -0.013006 -0.031486 0.186683 0.134036 0.073901
-0.115072 -0.289546 0.036658 0.214156 0.294159 0.398326 -0.050084 -0.056000 0.353343 -0.063802 -0.125596 -0.150392 0.048555 -0.031832 0.412411 0.233216 -0.324216 -0.506471 -0.071727 -0.113153 0.244338 0.262918 0.726073 1.000000 0.558745 0.626985 0.530804 0.588303 -0.284624 -0.346793 0.451891 0.728925 -0.293221 -0.311335 0.186941 0.029305 0.015033 0.075937 0.147794 0.297037 -0.117441 0.168259 -0.221214 0.031031 -0.445755 -0.126091 -0.267616 -0.063517 -0.411240 -0.419127 0.066194 -0.175670 -0.212021 -0.204692 -0.112373 -0.207372 -0.362886 -0.087053 -0.321444 -0.379258 -0.496066 -0.424117 -0.340631 -0.575959 0.153827 -0.001751 -0.236144 0.318728 0.040234 0.204941 0.069864 0.377838 -0.438178 0.091530 -0.279935 -0.025034 -0.257538 0.040562 0.166252 0.046618 -0.398434 -0.247754 0.221178 -0.066323 0.127145 0.094905 0.110990 0.223881 0.268055 0.014329 0.390495 0.091770 0.321339 0.258715 0.009481 -0.119095 0.072758 -0.034828 -0.188597 -0.058522 0.116612 -0.134563 -0.406141 0.052663 0.091674 0.403402 -0.098501 0.177788 -0.122173 0.137758 0.105643 -0.226976 -0.078413 -0.005505 0.112613 0.059614
-0.036848 -0.287850 0.151275 -0.020665 0.423524 0.479581 0.169720 0.075043 0.513188 0.146467 0.085326 -0.192944 0.301635 -0.042818 0.357967 0.259951 -0.303321 -0.541784 -0.308756 -0.422741 0.205737 0.212298 0.437767 0.558745 1.000000 0.844525 0.558345 0.530601 -0.405360 -0.367736 0.471587 0.578109 -0.168269 -0.223799 0.266040 0.230619 -0.208745 0.095777 0.032772 0.182754 -0.246337 -0.031684 -0.040767 0.065039 -0.194281 -0.060086 -0.111614 -0.137908 -0.040581 -0.268112 0.474149 0.116940 0.058986 -0.105312 -0.028901 -0.078399 -0.105549 -0.227617 -0.244341 -0.454888 -0.423840 -0.145195 -0.507557 -0.500839 0.235970 0.245789 -0.214338 0.401323 -0.116953 -0.019610 0.174784 0.407497 -0.457344 0.038207 -0.268259 0.036961 -0.146023 -0.070810 -0.069945 0.167060 -0.567800 -0.536827 -0.098348 -0.338516 0.025144 -0.078893 0.053284 0.310937 0.140261 -0.025845 0.113521 -0.042960 0.094105 0.228522 -0.006673 -0.105587 0.189537 -0.075060 0.005823 -0.049330 -0.083332 -0.212253 -0.489567 -0.107525 -0.024566 0.243086 -0.081619 0.177103 -0.051718 -0.051217 0.167389 -0.200786 -0.118427 -0.082346 0.108248 0.038483
-0.127576 -0.238806 0.093428 0.045436 0.344719 0.573548 0.073103 0.188847 0.436710 0.135884 -0.049541 -0.186162 0.238552 -0.003551 0.329080 0.296992 -0.268715 -0.538042 -0.373989 -0.480692 0.297532 0.220493 0.437302 0.626985 0.844525 1.000000 0.569846 0.601176 -0.465294 -0.305537 0.446182 0.652125 -0.218182 -0.226944 0.321342 0.262617 -0.083341 0.045704 0.027131 0.282204 -0.260667 0.043218 -0.104399 0.065958 -0.226328 -0.041381 -0.180984 -0.146553 -0.090111 -0.225630 0.369612 0.224912 -0.028149 -0.076375 -0.002451 0.026031 -0.109203 -0.124548 -0.248032 -0.406436 -0.439052 -0.164746 -0.408733 -0.516566 0.250409 0.309178 -0.208419 0.404576 -0.178193 -0.050326 0.093114 0.427294 -0.504997 -0.036598 -0.191341 0.057687 -0.166447 -0.029599 0.063376 0.092951 -0.527597 -0.549184 -0.020522 -0.285961 0.055093 -0.104996 -0.007075 0.272035 0.215467 0.043892 0.145996 -0.196377 0.125949 0.166121 -0.035718 -0.155831 0.200915 -0.105280 -0.064200 -0.213774 -0.072812 -0.284340 -0.433281 -0.165698 -0.058105 0.196469 -0.117790 0.151648 -0.096117 -0.070748 0.091046 -0.244014 -0.140271 -0.096286 0.086511 -0.087796
0.100350 -0.179030 0.040930 0.176242 0.347535 0.646665 -0.004750 0.094910 0.289316 0.201891 -0.051614 -0.078769 0.071901 -0.082519 0.421082 0.401667 -0.315113 -0.387902 -0.042453 -0.216413 0.213969 0.381232 0.410612 0.530804 0.558345 0.569846 1.000000 0.735287 -0.460851 -0.431015 0.156857 0.331598 -0.359996 -0.277789 0.069683 0.029537 -0.027171 0.050055 0.020574 0.297549 -0.227105 0.075197 -0.186454 -0.056947 -0.339203 -0.171825 -0.195933 -0.190100 -0.225418 -0.272673 0.228227 -0.038057 0.015428 -0.084740 0.072529 -0.068941 -0.126831 -0.015479 -0.217783 -0.349277 -0.376344 -0.174957 -0.246062 -0.371145 0.159166 0.215177 -0.250099 0.192406 0.068270 0.160795 0.204997 0.384168 -0.533002 -0.013298 -0.198616 -0.090648 -0.246701 -0.137251 0.231746 0.018293 -0.370693 -0.327000 0.108716 -0.117817 0.070766 -0.002747 0.240381 0.280324 0.269846 0.195191 0.281039 0.024578 0.229497 0.096896 -0.021435 -0.134080 0.011873 0.011248 -0.065368 -0.114877 0.086197 -0.044357 -0.300845 0.039007 0.150616 0.332152 -0.019111 0.098051 0.066703 -0.010008 0.015335 -0.191576 -0.138984 -0.057313 0.071875 0.018766
0.057846 -0.006690 -0.239921 0.306218 0.120339 0.629531 -0.328685 0.074656 0.170494 0.227567 -0.085946 0.136077 0.041154 0.155064 0.459956 0.522510 -0.135687 -0.317672 -0.023468 -0.208001 -0.017044 0.293894 0.393471 0.588303 0.530601 0.601176 0.735287 1.000000 -0.452292 -0.482656 0.152587 0.344353 -0.338513 -0.375456 0.086332 -0.108836 -0.043562 0.151576 0.071407 0.334621 -0.187138 0.027233 -0.078787 0.118947 -0.312518 -0.164169 -0.113845 -0.064812 -0.359392 -0.303466 0.196153 0.025348 -0.026555 -0.173233 0.107399 0.063365 0.013270 0.135926 -0.378242 -0.426250 -0.513849 -0.145735 -0.316782 -0.404026 0.142510 0.245645 -0.434281 0.039340 0.192896 0.079215 0.131073 0.387408 -0.505393 -0.130345 -0.143640 0.025311 -0.392515 -0.167062 0.257391 0.080866 -0.270263 -0.265891 0.046145 -0.091120 0.162034 0.174306 0.163387 0.347118 0.269388 0.329069 0.263112 -0.140627 0.300049 -0.044825 -0.076129 -0.094213 0.146658 0.064629 -0.025997 0.051182 -0.003573 -0.192956 -0.371750 -0.047172 0.086736 0.305115 -0.066712 0.039881 -0.179752 -0.136145 0.012367 -0.196856 -0.048023 -0.024199 0.126076 0.168293
-0.016875 -0.231723 0.059501 -0.335674 -0.295959 -0.474921 0.123970 -0.496119 -0.255288 -0.428749 0.301118 -0.140397 0.191514 -0.075657 -0.056858 -0.323087 0.283630 0.420087 0.307753 0.285417 -0.127215 -0.137091 -0.025914 -0.284624 -0.405360 -0.465294 -0.460851 -0.452292 1.000000 0.452220 -0.074708 -0.174889 0.268124 0.412606 -0.020215 0.190194 -0.011233 0.033415 0.063018 -0.239291 0.138694 -0.073791 -0.017925 -0.129917 0.049529 0.046997 0.016705 -0.011517 -0.085987 -0.008080 -0.291879 -0.444392 -0.092977 -0.166598 -0.024914 -0.251381 -0.061320 -0.194775 0.276315 0.133633 0.255503 -0.094612 0.234658 0.323405 -0.197376 -0.391090 0.294267 -0.077870 -0.100499 -0.202006 0.053999 -0.222856 0.643447 0.083780 0.040523 0.142604 0.244803 0.229030 -0.179701 0.205124 0.354983 0.556689 0.208521 0.197502 0.012626 -0.218867 -0.015160 -0.080236 -0.153910 -0.357551 -0.224258 0.209776 -0.368999 0.121568 0.009327 0.018310 0.099441 0.016532 0.112060 0.120768 -0.070835 0.250914 0.253345 0.269646 0.060514 0.062661 0.037687 0.018267 0.029234 0.045756 0.068474 0.257036 -0.001231 0.106202 0.123634 0.024785
-0.008858 0.127529 0.058079 -0.172500 -0.143771 -0.307212 0.084148 -0.061639 -0.196085 -0.146892 -0.016106 -0.109740 -0.136780 -0.071667 -0.302757 -0.366965 0.244815 0.359105 0.044939 0.250590 -0.021685 -0.148881 -0.316673 -0.346793 -0.367736 -0.305537 -0.431015 -0.482656 0.452220 1.000000 -0.053544 -0.119797 0.278974 0.393563 -0.067855 0.091959 0.207575 -0.118714 -0.003335 -0.323119 0.178616 0.160021 0.039190 -0.102415 0.167235 0.059126 0.095281 0.037187 -0.000214 0.200576 -0.239056 -0.105573 -0.051908 0.073020 -0.084345 0.039694 -0.002529 -0.051274 0.205456 0.142240 0.232105 0.028345 0.293675 0.354233 -0.090950 -0.243797 0.132835 -0.172404 -0.253105 -0.351787 -0.036816 -0.222799 0.565600 0.283009 0.286285 0.159852 0.304012 0.333845 0.022449 0.019537 0.396885 0.413854 0.102313 0.396735 0.034799 -0.111524 -0.060960 -0.157351 -0.183098 -0.243525 -0.311081 -0.076134 -0.329298 -0.173070 -0.106530 0.045749 -0.059738 -0.119902 0.007866 -0.115032 -0.158857 0.090678 0.196635 -0.061021 -0.159316 -0.229865 -0.120990 -0.254130 0.080228 -0.051908 0.013939 -0.038411 -0.127584 0.045436 0.018585 -0.125692
-0.173262 -0.472826 0.551012 -0.204580 0.410206 0.197350 0.380279 -0.090989 0.364439 -0.117971 0.118244 -0.422461 0.133857 -0.390699 0.193226 -0.122116 -0.095676 -0.316831 -0.059420 -0.104281 0.305117 0.173382 0.469005 0.451891 0.471587 0.446182 0.156857 0.152587 -0.074708 -0.053544 1.000000 0.712550 0.136665 0.256436 0.342450 0.283233 -0.118087 -0.029107 -0.015727 -0.015186 -0.072580 0.059032 -0.242036 -0.170406 -0.218634 -0.012304 -0.352580 -0.204597 -0.134878 -0.245457 -0.132581 -0.156772 -0.184922 -0.193589 -0.212062 -0.339389 -0.235884 -0.438080 0.087924 -0.065928 -0.112075 -0.242943 -0.266548 -0.232157 0.015545 -0.091091 0.147888 0.500965 -0.212645 0.102017 0.104565 0.313024 -0.024267 0.031801 -0.075550 0.174617 0.128812 0.174686 -0.193053 -0.071864 -0.268804 -0.195083 0.023492 -0.042318 -0.130088 -0.115200 -0.147918 -0.138911 -0.169406 -0.179298 -0.133413 0.140590 -0.216174 0.211233 0.080061 0.025921 0.046622 -0.014189 -0.341839 -0.220181 -0.055076 0.076387 -0.189410 0.018920 -0.128984 0.155921 -0.045303 0.254864 0.021164 -0.009780 0.201535 -0.187828 -0.247833 0.042011 0.008198 0.200772
-0.163543 -0.441827 0.259708 0.015463 0.408162 0.367651 0.186166 -0.006249 0.473351 0.014281 -0.011508 -0.331739 0.111173 -0.201330 0.319525 0.141951 -0.225051 -0.449621 -0.147926 -0.128962 0.332436 0.217934 0.591623 0.728925 0.578109 0.652125 0.331598 0.344353 -0.174889 -0.119797 0.712550 1.000000 -0.036378 0.080786 0.304128 0.205793 0.066516 0.053690 0.061691 0.099306 -0.079298 0.145320 -0.266781 -0.103678 -0.377852 -0.102056 -0.354195 -0.163852 -0.357659 -0.424908 -0.034006 -0.208536 -0.270024 -0.204798 -0.169968 -0.283840 -0.311760 -0.288850 -0.062191 -0.300296 -0.276533 -0.340526 -0.297612 -0.386798 0.229525 0.024035 -0.054630 0.417158 -0.179238 0.063540 0.171417 0.433172 -0.237032 0.177201 -0.153454 0.274846 -0.055412 0.187505 0.002301 0.055369 -0.267020 -0.253908 0.166569 -0.002973 0.076690 -0.066944 -0.003260 0.091172 0.006336 -0.153760 0.060250 -0.032021 0.001081 0.198498 0.122918 -0.111822 0.046530 0.004150 -0.317674 -0.185279 0.038885 -0.087093 -0.348287 -0.093814 -0.093394 0.262280 -0.132867 0.152869 -0.054159 -0.035614 0.228477 -0.252939 -0.225616 0.031987 0.154429 0.008313
-0.010357 -0.227835 0.321684 -0.228439 0.102410 -0.068870 0.201446 -0.146018 -0.072811 -0.177140 0.002311 -0.252545 -0.121610 -0.314617 -0.184785 -0.389051 0.097516 0.124054 0.159916 0.328150 0.047438 -0.210315 -0.187231 -0.293221 -0.168269 -0.218182 -0.359996 -0.338513 0.268124 0.278974 0.136665 -0.036378 1.000000 0.504986 0.116783 0.148555 -0.017541 -0.192779 -0.126175 -0.222654 0.213155 -0.135308 0.019263 -0.067921 0.160693 0.098882 0.019379 -0.245955 0.070398 0.091311 -0.100606 -0.114576 -0.087725 0.100681 -0.334950 -0.165860 -0.012904 -0.162022 0.233959 0.200435 0.166487 0.033129 0.033098 0.170547 -0.151818 -0.194733 0.401417 0.055040 -0.095882 -0.130698 0.004393 -0.079277 0.495150 0.145334 0.257356 0.312364 0.201103 0.217635 -0.160129 -0.025594 0.196187 0.187964 0.059394 -0.076028 -0.128964 -0.035054 -0.228216 -0.039153 -0.326503 -0.236904 -0.413278 0.053475 -0.283238 0.074511 -0.105872 -0.198499 -0.197832 -0.086405 -0.152603 -0.089799 -0.178021 0.280320 0.249509 0.033538 -0.173219 -0.121042 0.022442 0.019800 0.030874 -0.084537 -0.098843 0.048746 -0.028017 0.022794 0.109231 0.106580
-0.018928 -0.256001 0.346522 -0.226386 0.047086 -0.146683 0.165442 -0.152052 -0.041978 -0.123722 0.173342 -0.326791 -0.057711 -0.297177 -0.213590 -0.237101 0.162082 0.045404 0.270141 0.354999 0.097243 -0.049678 -0.244292 -0.311335 -0.223799 -0.226944 -0.277789 -0.375456 0.412606 0.393563 0.256436 0.080786 0.504986 1.000000 0.044657 0.398004 0.012030 -0.273619 -0.250974 -0.270854 0.119149 0.002780 -0.191967 -0.319697 0.005482 0.098245 -0.190640 -0.316388 -0.060655 -0.046357 -0.360911 -0.416661 -0.155544 -0.111845 -0.270131 -0.327903 -0.044184 -0.251723 0.530369 0.274068 0.380409 0.044406 0.271706 0.378769 -0.161967 -0.155237 0.483523 0.136633 -0.218165 -0.186216 0.088962 -0.068061 0.494300 0.095778 0.216232 0.210806 0.240360 0.170717 -0.098840 -0.031700 0.323302 0.303062 0.184637 0.281193 -0.114623 -0.098655 -0.150528 -0.128441 -0.396560 -0.348342 -0.513837 0.089841 -0.439920 0.071634 0.179554 0.082325 -0.226942 0.099387 -0.257917 -0.118854 -0.098217 0.306866 0.189610 0.066004 -0.134232 -0.163457 -0.127848 0.085133 0.195409 -0.025471 0.024686 -0.018850 -0.210846 0.003773 -0.094382 0.002737
-0.101967 -0.363391 0.153129 -0.192151 0.109200 -0.000075 0.124515 -0.230310 0.196478 -0.128479 0.027733 -0.310687 -0.027713 -0.316379 0.119103 -0.173555 -0.025591 -0.085982 0.034370 -0.052000 0.033908 0.153489 0.295501 0.186941 0.266040 0.321342 0.069683 0.086332 -0.020215 -0.067855 0.342450 0.304128 0.116783 0.044657 1.000000 0.370070 -0.057685 -0.057531 0.049472 0.167058 0.096850 -0.156707 -0.096607 0.099603 -0.016299 0.188036 -0.320528 -0.116353 -0.089012 -0.039888 -0.035056 0.063653 -0.082244 0.011204 -0.027791 0.034252 -0.078947 -0.276725 -0.094259 -0.023199 -0.226285 -0.104859 -0.116294 -0.210242 0.054915 -0.026250 0.047585 0.311358 -0.098628 -0.030051 -0.036207 0.245519 -0.006410 -0.009997 0.109848 -0.080631 0.058396 0.115334 -0.054632 -0.128599 -0.062436 -0.293470 0.075467 -0.196538 0.111559 -0.045863 0.088911 0.029458 -0.067402 -0.067786 -0.068161 -0.013028 0.037547 0.252701 -0.207441 -0.183824 -0.065048 -0.031230 -0.183390 -0.050977 -0.027080 0.028685 0.004757 -0.155389 -0.162244 -0.028552 -0.024745 0.122977 -0.038375 0.061729 0.090909 0.058046 -0.166200 -0.000452 0.081823 0.282176
-0.309155 -0.380601 0.291064 -0.411774 0.095048 0.012755 0.317396 -0.136687 0.011204 -0.209540 -0.085873 -0.471941 0.066663 -0.317672 -0.138529 -0.314160 -0.098772 -0.176686 -0.071655 -0.184972 0.271437 0.175799 0.026899 0.029305 0.230619 0.262617 0.029537 -0.108836 0.190194 0.091959 0.283233 0.205793 0.148555 0.398004 0.370070 1.000000 -0.118486 -0.272645 -0.142198 -0.087115 -0.097391 -0.126564 -0.350948 -0.214802 -0.079746 0.304320 -0.309248 -0.258593 -0.024959 0.064321 -0.112532 -0.040427 -0.188914 -0.154772 -0.152319 -0.267182 -0.061683 -0.332569 0.241209 0.164909 0.095018 -0.241349 0.023442 -0.041430 0.105689 -0.131146 0.445235 0.598862 -0.337805 -0.036394 0.152241 0.150820 0.111706 -0.114122 -0.090296 0.012783 0.053584 0.069303 -0.172857 0.130125 -0.067929 -0.043447 0.110556 -0.156807 0.050178 -0.293315 0.043134 0.058034 -0.165957 -0.309310 -0.122993 0.219513 -0.098142 0.367711 0.075201 -0.130922 0.004943 0.055807 -0.133250 -0.038811 -0.025984 0.152454 0.085171 0.134816 -0.004293 -0.033133 -0.037204 0.092937 0.106368 0.083924 0.159596 -0.138564 -0.214203 -0.188089 -0.008231 0.052760
