1.000000 0.329125 0.202677 0.090640 -0.133102 -0.151901 0.139045 0.172295 -0.331798 -0.314770 0.319311 0.082590 0.192079 0.193411 0.222381 0.212556 0.383615 0.135698 0.405295 0.209939 0.044396 0.204534 0.110400 -0.001715 -0.340449 -0.062089 0.066868 0.070060 0.209404 -0.063537 0.301730 0.235991 0.433141 0.472042 -0.105949 -0.229177 -0.134543 -0.305528 -0.263285 -0.308067 -0.267318 0.004777 -0.098760 -0.305716 -0.174342 -0.239513 -0.087358 -0.277477 -0.182087 -0.135809 -0.095907 -0.439415 -0.065440 -0.378265 -0.203223 -0.386281 0.716233 0.322015 0.458074 0.063176 0.602412 0.194683 0.363501 0.355999 0.029887 -0.130241 0.113920 -0.191117 0.042344 -0.161374 0.053134 0.103421 0.035779 -0.138222 -0.063857 0.163546 0.093714 0.079026 0.217954 -0.075273 0.314624 -0.090088 0.025068 -0.000705 -0.061693 -0.459376 0.061436 -0.290293 -0.052297 -0.404984 -0.055026 -0.090285 -0.130393 -0.069113 -0.152331 -0.144154 -0.173071 -0.295780 -0.121665 -0.117291 0.054315 -0.045309 -0.142884 -0.023473 -0.286012 -0.199416 -0.054415 0.023528 0.137439 -0.200445 -0.134836 -0.047581 -0.067574 -0.085143 -0.012273 -0.046182
0.329125 1.000000 0.330105 0.240161 0.016028 0.051521 0.223934 0.235419 -0.270253 -0.086836 -0.084849 -0.166143 -0.095713 -0.064304 -0.102042 -0.190322 0.024782 -0.059181 0.260671 0.494167 -0.083493 0.144687 -0.080513 -0.081939 -0.283580 -0.307744 -0.095966 -0.031431 -0.069019 -0.354695 -0.133796 -0.098105 0.127178 0.490658 -0.193675 -0.158087 -0.361822 -0.320895 -0.238566 0.028730 -0.367153 -0.236097 -0.290855 -0.045299 -0.134449 0.122070 -0.328897 0.316187 -0.101577 -0.177310 -0.181202 -0.332191 -0.046468 -0.306531 -0.426168 -0.497536 0.261651 0.735315 0.332712 0.455586 0.237045 0.510929 0.001120 0.525475 -0.234193 -0.131233 -0.073539 0.231841 0.255925 0.216136 -0.126714 -0.004909 -0.339727 -0.396613 -0.424480 -0.222091 -0.308008 -0.168627 -0.000433 -0.209996 0.046828 0.106629 -0.202385 0.066048 -0.511054 -0.557695 -0.297198 -0.263231 -0.330393 -0.347013 0.189770 0.064023 0.050757 0.007793 -0.028421 -0.064730 -0.183979 -0.031085 -0.078334 -0.252503 0.079493 0.082084 0.090168 0.036780 -0.083839 0.021217 0.288415 -0.255005 -0.057414 0.047328 0.312748 0.017797 0.057532 -0.036795 -0.268047 -0.198776
0.202677 0.330105 1.000000 0.680625 0.548585 0.512800 0.724703 0.568565 0.326507 0.401783 0.002286 -0.086985 0.076101 -0.010754 -0.090368 -0.137674 -0.334408 -0.402918 0.461262 0.572080 -0.426742 -0.163034 0.386278 0.392199 0.246663 -0.254158 0.486551 0.309542 -0.349933 -0.459736 -0.443186 -0.387596 0.065182 0.392956 -0.285865 -0.211192 -0.527197 -0.586034 -0.455224 -0.342003 -0.546876 -0.549686 -0.485968 -0.086555 0.124032 0.104561 -0.655433 0.237844 0.183515 0.078604 -0.140878 0.119590 0.053255 -0.432880 -0.663854 -0.648566 0.128961 0.080621 0.410366 0.456141 0.223950 0.487458 -0.194910 0.101682 -0.187470 0.179262 0.113187 0.467265 0.307907 0.418861 -0.401847 -0.148362 -0.527161 -0.397381 -0.624212 -0.574797 -0.550020 -0.452744 -0.456647 -0.470280 -0.466877 -0.317764 -0.427223 0.149011 -0.532882 -0.451078 -0.386579 -0.604805 -0.175609 -0.471387 0.046874 -0.081199 0.297835 0.131483 -0.325396 -0.446795 -0.554451 -0.416025 -0.329483 -0.570552 0.100432 0.159749 -0.007645 0.052173 -0.048400 -0.218259 0.155230 -0.462470 -0.353709 -0.286916 0.044547 -0.600536 -0.442624 -0.304790 -0.587757 -0.550114
0.090640 0.240161 0.680625 1.000000 0.514681 0.427784 0.469663 0.613616 0.189239 0.344186 -0.130901 -0.086971 -0.067991 -0.223998 -0.053264 -0.138396 -0.235413 -0.309940 0.455717 0.587433 -0.286597 -0.063847 0.437611 0.642118 0.122590 -0.039019 0.504052 0.440797 -0.375906 -0.444498 -0.327652 -0.253511 -0.000059 0.242935 -0.303049 -0.332026 -0.406326 -0.467512 -0.377233 -0.242508 -0.525453 -0.413796 -0.464745 -0.107656 0.022767 0.032785 -0.663150 0.161762 -0.130075 0.128455 -0.310830 0.029624 -0.052059 -0.409667 -0.602074 -0.571064 0.204960 0.146568 0.237923 0.339718 -0.011901 0.349703 -0.268587 0.067998 -0.032725 0.194675 0.086627 0.492947 0.345285 0.378412 -0.263099 -0.181648 -0.586518 -0.327226 -0.610525 -0.499120 -0.570770 -0.470344 -0.364469 -0.451856 -0.344990 -0.205717 -0.310434 0.097980 -0.396096 -0.315323 -0.240898 -0.539116 -0.039635 -0.367405 0.050742 -0.003002 0.437733 0.232881 -0.400379 -0.363628 -0.499993 -0.341684 -0.176229 -0.402269 0.252477 0.268455 0.253593 0.224522 0.113996 -0.102942 0.227851 -0.362499 -0.417186 -0.267267 -0.102914 -0.550938 -0.452852 -0.345437 -0.491147 -0.500695
-0.133102 0.016028 0.548585 0.514681 1.000000 0.762863 0.203049 0.110558 0.753593 0.767115 -0.337014 -0.304371 -0.172675 -0.259967 -0.202441 -0.052444 -0.518984 -0.421305 0.065404 0.212936 -0.366860 -0.337446 0.432677 0.386983 0.658128 0.124680 0.643760 0.415373 -0.555780 -0.157654 -0.447699 -0.494741 -0.044258 0.015649 -0.132240 -0.012785 -0.233048 -0.251991 -0.147048 -0.282134 -0.275083 -0.414173 -0.182833 0.175034 0.126876 0.111545 -0.455844 0.076557 0.147950 0.281329 -0.025457 0.414079 0.083932 -0.140756 -0.306024 -0.320641 -0.074098 -0.005701 0.227674 0.110340 0.007671 0.145382 -0.391635 -0.232770 0.026674 0.167292 0.105680 0.334580 0.218314 0.346303 -0.229671 -0.013338 -0.382597 0.094290 -0.315082 -0.394203 -0.252636 -0.272182 -0.487386 -0.155623 -0.513923 -0.166247 -0.324753 0.203158 -0.296444 -0.028713 -0.214602 -0.211316 0.001315 -0.207040 -0.146902 -0.138968 0.295723 0.103130 -0.517053 -0.348589 -0.398002 -0.368943 -0.095409 -0.413205 0.205796 0.131842 0.031095 0.031385 0.089247 -0.178869 0.056516 -0.160096 -0.490224 -0.358394 -0.256047 -0.462445 -0.407480 -0.066295 -0.141184 -0.309769
-0.151901 0.051521 0.512800 0.427784 0.762863 1.000000 0.137407 0.098972 0.602540 0.811214 -0.407357 -0.290716 -0.280417 -0.268021 -0.261103 -0.031033 -0.542887 -0.393583 0.082773 0.220513 -0.161475 -0.020357 0.380261 0.402358 0.602882 0.059196 0.648523 0.512540 -0.570484 -0.123974 -0.419896 -0.407415 -0.025332 -0.002661 -0.086564 0.060576 -0.173920 -0.076092 0.007477 -0.022655 -0.117735 -0.324032 -0.036943 0.227292 0.151369 0.072457 -0.291682 0.158439 0.155177 0.167172 0.030484 0.302626 0.231776 -0.218746 -0.212770 -0.354588 -0.115940 -0.043958 0.134761 0.181554 -0.086053 0.104889 -0.325396 -0.241990 -0.200753 -0.016871 0.124170 0.311434 0.302072 0.392785 -0.012118 0.075918 -0.381260 0.096227 -0.247715 -0.333257 -0.250058 -0.177643 -0.542201 -0.317639 -0.565215 -0.261103 -0.374898 0.308122 -0.348927 -0.243261 -0.090915 -0.200722 0.031299 -0.372564 -0.122280 -0.249126 0.254913 0.157482 -0.279704 -0.293226 -0.263799 -0.366570 -0.153792 -0.460475 0.055124 0.033036 0.074905 0.033818 0.090493 -0.062800 0.229186 -0.197937 -0.377321 -0.210015 -0.060977 -0.407186 -0.426651 0.028765 -0.182471 -0.230721
0.139045 0.223934 0.724703 0.469663 0.203049 0.137407 1.000000 0.677450 0.132866 0.076944 0.263982 0.269419 0.398313 0.351048 0.215203 0.112681 -0.076252 -0.121171 0.169518 0.262507 -0.175219 -0.063704 0.152762 0.204404 -0.113130 -0.376195 0.172432 0.058000 0.056573 -0.228200 -0.134649 -0.138964 -0.102148 0.275209 -0.399556 -0.257095 -0.284469 -0.406796 -0.400403 -0.345024 -0.343690 -0.403866 -0.427402 -0.270561 -0.000748 -0.033675 -0.410491 0.042611 0.101823 -0.075032 -0.030340 -0.039765 0.098283 -0.164146 -0.456102 -0.385134 -0.038360 0.000485 0.184342 0.236100 0.212817 0.397250 -0.038608 0.212758 -0.022258 0.082693 -0.154243 0.143994 -0.169317 0.115046 -0.291279 -0.178261 -0.181068 -0.383630 -0.355086 -0.275682 -0.404591 -0.404452 -0.132087 -0.261906 -0.166114 -0.224222 -0.164549 0.107297 -0.286479 -0.310492 -0.340099 -0.459743 -0.047111 -0.140116 0.089035 -0.067580 0.192079 0.046805 -0.166898 -0.322980 -0.348880 -0.283302 -0.295929 -0.438433 0.065209 0.086456 -0.044204 -0.166787 -0.138357 -0.278928 0.059964 -0.401414 -0.059633 -0.275475 -0.005632 -0.390827 -0.226715 -0.281136 -0.547627 -0.463962
0.172295 0.235419 0.568565 0.613616 0.110558 0.098972 0.677450 1.000000 -0.051328 0.056902 0.262382 0.368171 0.341771 0.373427 0.219624 0.174161 0.073329 -0.081011 0.135509 0.318406 0.002622 0.121657 0.068184 0.322538 -0.190053 -0.245348 0.221236 0.198472 0.021787 -0.250781 -0.129444 -0.005489 -0.065810 0.325111 -0.316714 -0.269625 -0.212192 -0.346790 -0.345529 -0.192668 -0.317119 -0.321373 -0.489635 -0.360821 -0.176554 -0.000045 -0.478577 0.038925 -0.070121 -0.103174 -0.184786 -0.244669 -0.070952 -0.371087 -0.475357 -0.434466 0.138624 0.013169 0.058840 0.284663 0.120582 0.517240 -0.072429 0.197894 -0.102362 0.227578 -0.174359 0.242354 -0.008195 0.204480 -0.188510 -0.101527 -0.276334 -0.444778 -0.414353 -0.268981 -0.409032 -0.355078 -0.053918 -0.447116 -0.017787 -0.277028 0.070492 0.097726 -0.286160 -0.365347 -0.058749 -0.435569 -0.004821 -0.184040 0.170625 0.049676 0.331595 0.126188 -0.227588 -0.199002 -0.326788 -0.260534 -0.298583 -0.326905 0.265378 0.153522 0.170628 0.012459 -0.060635 -0.208763 0.048669 -0.408188 -0.123782 -0.271644 0.006727 -0.411586 -0.243792 -0.280492 -0.497154 -0.453260
-0.331798 -0.270253 0.326507 0.189239 0.753593 0.602540 0.132866 -0.051328 1.000000 0.748691 -0.154877 -0.102532 -0.016707 -0.090058 -0.146617 -0.038266 -0.486763 -0.214680 -0.085427 -0.067716 -0.379066 -0.484260 0.258450 0.147055 0.720344 0.024613 0.419560 0.230500 -0.372619 0.058645 -0.459185 -0.532919 -0.237095 -0.276057 -0.043409 0.041763 -0.091669 -0.078076 -0.078021 -0.225378 -0.030856 -0.325993 -0.113744 0.148134 0.125700 0.023229 -0.284375 -0.087224 0.279126 0.231837 0.119038 0.643828 0.198218 0.100348 -0.055547 -0.035943 -0.280543 -0.303130 0.108217 0.028101 0.011908 -0.018511 -0.171389 -0.193643 0.090719 0.238335 0.056535 0.158096 0.078590 0.305868 -0.253742 -0.172304 -0.074803 0.187003 -0.031135 -0.348605 -0.099920 -0.192975 -0.476170 -0.044705 -0.456181 0.004202 -0.145108 0.180183 -0.025631 0.332160 -0.135173 -0.040762 0.106178 0.047337 -0.132794 -0.221182 0.212448 -0.054446 -0.353506 -0.272714 -0.326283 -0.319329 -0.183247 -0.311238 0.119414 -0.016299 -0.006042 -0.116195 0.023105 -0.144098 -0.191389 -0.108665 -0.316389 -0.397986 -0.319156 -0.466616 -0.424593 -0.114663 -0.089421 -0.160615
-0.314770 -0.086836 0.401783 0.344186 0.767115 0.811214 0.076944 0.056902 0.748691 1.000000 -0.332767 -0.196068 -0.225494 -0.166560 -0.372720 -0.079050 -0.467201 -0.241632 -0.020270 0.076178 -0.336429 -0.272450 0.186109 0.209172 0.659749 0.028460 0.504405 0.274316 -0.523472 0.030623 -0.434538 -0.495352 -0.045271 -0.061149 0.027587 0.114708 -0.044576 0.020834 0.025376 0.016953 -0.034850 -0.234230 -0.044453 0.241695 0.189252 0.094731 -0.249315 0.061867 0.199457 0.269198 0.016455 0.510220 0.164579 -0.056792 -0.135532 -0.167024 -0.257211 -0.197295 0.024525 0.066848 -0.076893 0.070254 -0.302216 -0.270942 -0.149058 0.124167 0.074200 0.219918 0.285359 0.362507 -0.137688 0.039707 -0.229716 0.302215 -0.137798 -0.377973 -0.162528 -0.136902 -0.555602 -0.149297 -0.529613 -0.110097 -0.240981 0.318315 -0.245115 0.059989 -0.059502 -0.034479 -0.005623 -0.197165 -0.126735 -0.256101 0.233353 0.010918 -0.275658 -0.183439 -0.197387 -0.264683 -0.078528 -0.280956 0.119275 0.099665 0.172245 0.037830 0.131836 -0.059583 0.036623 -0.149838 -0.400746 -0.235074 -0.183597 -0.391191 -0.392125 0.040917 -0.138861 -0.092553
0.319311 -0.084849 0.002286 -0.130901 -0.337014 -0.407357 0.263982 0.262382 -0.154877 -0.332767 1.000000 0.603705 0.855957 0.576374 0.728756 0.335518 0.553456 0.430892 0.208758 0.018386 0.072245 -0.042391 -0.149251 -0.179050 -0.354082 -0.271343 -0.145077 -0.081772 0.726141 0.115664 0.246251 0.259881 -0.122241 0.025752 -0.239116 -0.254245 0.113429 -0.176375 -0.172424 -0.109309 0.090088 0.087999 -0.148259 -0.376193 -0.214072 -0.360431 -0.018550 -0.190586 0.023755 -0.192518 -0.062468 -0.213577 -0.115245 -0.009976 0.007418 -0.028532 0.159146 -0.176781 -0.038609 -0.048143 0.095023 0.034200 0.056124 0.164769 -0.075529 0.023940 -0.286054 -0.274558 -0.271816 -0.102246 -0.137054 -0.101941 0.398165 -0.117178 0.172709 0.211114 0.170143 -0.056632 0.462290 0.073138 0.494909 -0.052049 0.498673 -0.037572 0.062999 -0.041660 0.133489 -0.221387 -0.036862 -0.038568 -0.004516 0.029435 -0.094507 -0.149377 0.164536 0.030894 -0.007480 0.031858 -0.275653 0.046777 0.177003 -0.056383 -0.019539 -0.100426 -0.011658 -0.032123 -0.145968 0.019876 0.275464 -0.057272 -0.016686 -0.069639 -0.005318 0.002033 -0.084907 0.022394
0.082590 -0.166143 -0.086985 -0.086971 -0.304371 -0.290716 0.269419 0.368171 -0.102532 -0.196068 0.603705 1.000000 0.668881 0.744158 0.539337 0.516911 0.486909 0.470752 -0.125468 -0.214883 0.213021 0.115987 -0.210501 -0.096333 -0.309158 -0.162670 -0.214117 -0.071579 0.667616 0.305937 0.393852 0.436864 -0.181910 -0.048342 -0.116332 -0.089375 0.313032 0.072317 0.017520 -0.031771 0.294189 0.183755 -0.089231 -0.260913 -0.234776 -0.257901 0.083853 -0.434404 -0.033235 -0.306373 0.083515 -0.180970 0.027867 0.102198 0.194911 0.092644 -0.052675 -0.274984 -0.309259 -0.325805 0.049952 -0.122909 0.235443 0.049261 0.161376 0.132367 -0.392722 -0.391670 -0.424600 -0.268929 0.033930 0.053681 0.512052 0.013460 0.335234 0.315152 0.244994 0.096122 0.434621 0.105630 0.347075 0.085495 0.357852 0.072287 0.239433 0.196251 0.254927 0.039148 0.265916 0.175492 -0.170926 -0.279186 -0.079691 -0.353337 0.096691 -0.028957 0.057645 -0.133849 -0.320840 -0.173456 0.061774 -0.331182 -0.088323 -0.447726 -0.222622 -0.215230 -0.232064 -0.054238 0.305219 -0.146656 -0.227498 -0.136150 -0.100375 0.011950 -0.044772 0.094316
0.192079 -0.095713 0.076101 -0.067991 -0.172675 -0.280417 0.398313 0.341771 -0.016707 -0.225494 0.855957 0.668881 1.000000 0.678819 0.746357 0.413784 0.511698 0.388839 0.051068 -0.111162 0.057052 -0.072348 -0.205425 -0.219165 -0.313144 -0.416280 -0.152133 -0.086869 0.713986 0.146240 0.218164 0.198305 -0.273956 -0.037379 -0.354608 -0.189282 0.127534 -0.171888 -0.124364 -0.129496 0.153950 0.016635 -0.156043 -0.280855 -0.263298 -0.248501 -0.041912 -0.189106 0.019919 -0.266790 -0.012084 -0.193186 -0.003074 0.030748 0.053552 0.023145 0.038275 -0.274399 -0.056647 -0.044340 0.052270 0.082599 0.070322 0.148920 -0.102292 0.004539 -0.477820 -0.233170 -0.411917 -0.045779 -0.120603 -0.082986 0.430051 -0.142178 0.108134 0.139752 0.052304 -0.138887 0.479118 0.065905 0.477643 -0.040811 0.450475 -0.009856 0.062861 0.023745 0.118418 -0.227014 0.101704 0.113469 0.017692 -0.036996 -0.023512 -0.129223 0.149009 -0.007348 0.008929 0.010660 -0.262117 -0.051736 0.284268 -0.056353 0.046513 -0.193751 0.079596 -0.035312 -0.188104 -0.028616 0.278854 -0.124519 -0.055039 -0.132382 0.016609 0.055664 -0.056444 0.003120
0.193411 -0.064304 -0.010754 -0.223998 -0.259967 -0.268021 0.351048 0.373427 -0.090058 -0.166560 0.576374 0.744158 0.678819 1.000000 0.451293 0.637460 0.407647 0.385506 -0.163973 -0.293204 0.101419 0.008767 -0.350201 -0.350477 -0.310693 -0.254228 -0.211130 -0.164641 0.625110 0.469322 0.398360 0.369077 -0.089343 0.071100 -0.106666 0.039005 0.304344 0.074172 -0.014318 -0.193992 0.291967 0.170179 0.059775 -0.167820 -0.115090 -0.108737 0.239679 -0.400311 0.107368 -0.327582 0.113992 -0.250592 0.119727 0.058118 0.249249 0.174998 -0.094285 -0.334882 -0.156173 -0.190046 0.141868 0.041864 0.293354 0.124888 -0.059196 -0.092003 -0.350433 -0.470700 -0.516548 -0.253043 0.125801 0.172198 0.616413 0.060272 0.293880 0.353993 0.273745 0.121235 0.385558 0.125716 0.335725 -0.057622 0.370312 0.252020 0.169138 0.051354 0.190646 0.063532 0.161638 0.214658 -0.143787 -0.321387 -0.214294 -0.388965 0.082382 -0.062070 0.161449 -0.079757 -0.213338 -0.139029 0.054533 -0.257921 -0.160890 -0.515829 -0.296494 -0.245667 -0.232522 0.051597 0.302340 -0.222891 -0.167035 -0.050539 0.002285 0.057740 -0.026401 0.136587
0.222381 -0.102042 -0.090368 -0.053264 -0.202441 -0.261103 0.215203 0.219624 -0.146617 -0.372720 0.728756 0.539337 0.746357 0.451293 1.000000 0.511579 0.456232 0.268733 0.041909 -0.061567 0.379343 0.069174 0.044383 -0.006155 -0.323665 -0.075977 -0.042698 0.084374 0.710641 0.059463 0.418415 0.427554 -0.329585 -0.125404 -0.271429 -0.186131 0.160328 -0.089750 -0.080899 -0.099085 0.213456 0.020144 -0.089595 -0.390589 -0.423974 -0.380642 0.034926 -0.161335 -0.278794 -0.369363 -0.097386 -0.372999 -0.192724 0.005438 0.083769 -0.000348 0.147752 -0.089132 -0.152208 -0.158473 -0.120460 -0.064141 -0.150251 0.005211 0.052456 -0.022952 -0.406374 -0.196731 -0.335186 -0.117508 0.184475 0.010199 0.312558 -0.105277 0.208734 0.371737 0.190602 -0.026472 0.519763 0.099571 0.511792 -0.116969 0.543711 0.041038 0.050734 -0.046140 0.104437 -0.146541 0.095394 0.093851 0.016772 0.054449 -0.040994 0.004575 0.181783 0.030472 0.042863 0.121529 -0.234777 -0.018903 0.173768 -0.075890 -0.085810 -0.084480 0.045271 0.053439 -0.032161 0.100845 0.305596 -0.062288 0.037168 0.048533 0.064481 0.143861 0.044963 0.047543
0.212556 -0.190322 -0.137674 -0.138396 -0.052444 -0.031033 0.112681 0.174161 -0.038266 -0.079050 0.335518 0.516911 0.413784 0.637460 0.511579 1.000000 0.173499 0.152774 -0.181440 -0.376263 0.371687 0.200483 -0.082523 -0.108557 -0.103654 0.039127 -0.025744 0.063759 0.449517 0.613270 0.509666 0.464828 -0.069027 -0.073413 0.057118 0.038068 0.487356 0.287482 0.233776 -0.035456 0.404049 0.321416 0.291192 -0.196804 -0.217174 -0.308953 0.386582 -0.439906 -0.168295 -0.289554 0.070218 -0.393461 0.095214 0.027821 0.382442 0.224719 -0.120262 -0.167209 -0.302628 -0.367722 -0.004980 -0.233591 0.091938 -0.252011 0.115176 -0.348029 -0.281780 -0.522150 -0.455534 -0.244781 0.416139 0.397314 0.552567 0.308911 0.438328 0.603164 0.447022 0.297017 0.350882 0.192371 0.171893 -0.287984 0.338026 0.430690 0.193106 -0.104394 0.220242 0.078626 0.277527 0.180974 -0.303913 -0.358710 -0.233978 -0.169568 0.055497 0.077183 0.285352 -0.082145 -0.048509 -0.109541 -0.124214 -0.331865 -0.272298 -0.429361 -0.194983 -0.067299 -0.073866 0.217061 0.245096 -0.182837 -0.244656 0.179681 0.153861 0.229488 0.271639 0.189404
0.383615 0.024782 -0.334408 -0.235413 -0.518984 -0.542887 -0.076252 0.073329 -0.486763 -0.467201 0.553456 0.486909 0.511698 0.407647 0.456232 0.173499 1.000000 0.585063 0.065205 -0.129129 0.238448 0.127880 -0.336655 -0.334184 -0.557548 -0.134584 -0.411229 -0.246866 0.688069 0.096086 0.496418 0.470630 0.000892 0.065881 -0.120814 -0.165976 0.240465 0.047723 -0.028490 -0.006097 0.182980 0.250404 0.120827 -0.059765 -0.252386 -0.146029 0.226484 -0.182269 -0.289306 -0.232351 -0.052055 -0.349678 -0.099010 0.082320 0.166806 0.153384 0.400915 0.077038 -0.132989 -0.259992 0.078711 -0.076479 0.357619 0.297529 0.000352 -0.015931 -0.268138 -0.388367 -0.193060 -0.362382 0.080407 0.009489 0.453966 -0.032417 0.264345 0.284246 0.254548 0.095052 0.656112 0.181299 0.785326 0.338515 0.476199 -0.192170 0.261327 0.106629 0.363441 -0.062909 0.117161 0.088895 -0.006989 0.002970 -0.214843 -0.253878 0.188166 0.090578 0.266050 0.077983 0.060428 0.318928 0.182603 0.001019 0.101968 -0.103628 -0.093431 -0.075129 -0.178060 0.156760 0.361781 0.077546 -0.093216 0.198698 0.164900 0.167761 0.131723 0.224336
0.135698 -0.059181 -0.402918 -0.309940 -0.421305 -0.393583 -0.121171 -0.081011 -0.214680 -0.241632 0.430892 0.470752 0.388839 0.385506 0.268733 0.152774 0.585063 1.000000 -0.093283 -0.274203 0.224798 0.035067 -0.434081 -0.398936 -0.346612 -0.118253 -0.427021 -0.294399 0.543467 0.395965 0.332301 0.237498 0.093647 -0.023271 -0.114077 -0.152874 0.311630 0.139719 -0.001131 -0.065331 0.201483 0.259284 0.207672 -0.047989 -0.005447 -0.189532 0.300546 -0.442111 -0.079013 0.086482 0.063058 0.043435 0.094507 0.281644 0.204338 0.246503 0.099782 0.032105 -0.098392 -0.226188 0.059962 -0.139016 0.444357 0.442642 0.048396 -0.040607 -0.028347 -0.477150 -0.187094 -0.323880 -0.010710 -0.088303 0.525098 0.266935 0.406671 0.266063 0.253484 0.024385 0.428178 0.405478 0.558243 0.474487 0.273226 -0.192084 0.210510 0.227325 0.205759 0.095410 -0.018869 0.038982 -0.057906 -0.181801 -0.268343 -0.279031 0.011492 -0.078130 0.110865 -0.165438 0.014317 0.228298 0.007710 -0.139510 0.112917 -0.240879 -0.122357 -0.231111 -0.216332 0.095787 0.194379 -0.172933 -0.319600 0.045198 0.031090 0.023495 0.044502 0.227371
0.405295 0.260671 0.461262 0.455717 0.065404 0.082773 0.169518 0.135509 -0.085427 -0.020270 0.208758 -0.125468 0.051068 -0.163973 0.041909 -0.181440 0.065205 -0.093283 1.000000 0.629961 -0.380107 -0.064789 0.356065 0.295224 -0.117885 -0.120238 0.181599 0.266783 -0.039057 -0.376986 -0.128183 -0.106427 0.258088 0.354162 -0.190882 -0.319858 -0.429218 -0.472433 -0.359153 -0.148807 -0.429718 -0.153059 -0.332387 -0.195021 -0.000852 -0.246304 -0.438674 0.096304 0.015801 -0.000167 -0.194744 -0.039417 -0.087191 -0.400100 -0.384123 -0.490380 0.329498 0.127527 0.444192 0.282734 0.227124 0.175176 -0.036728 0.173612 -0.158203 0.006088 0.177559 0.233330 0.409054 0.336608 -0.299809 -0.158997 -0.256729 -0.214839 -0.339335 -0.211660 -0.213017 -0.203263 -0.123383 -0.311686 -0.191993 -0.198219 -0.210988 0.077301 -0.294827 -0.355517 -0.111944 -0.453545 -0.211743 -0.487742 0.001532 0.069534 0.042734 0.122672 -0.123879 -0.336480 -0.332750 -0.245010 -0.233647 -0.194408 0.182790 0.174965 0.004850 0.227055 0.006681 0.038668 0.072638 -0.202198 -0.203805 -0.063530 -0.010684 -0.322977 -0.291797 -0.222441 -0.293661 -0.285468
0.209939 0.494167 0.572080 0.587433 0.212936 0.220513 0.262507 0.318406 -0.067716 0.076178 0.018386 -0.214883 -0.111162 -0.293204 -0.061567 -0.376263 -0.129129 -0.274203 0.629961 1.000000 -0.331777 -0.108815 0.351793 0.479564 0.009153 -0.119752 0.203556 0.232323 -0.234203 -0.586012 -0.378697 -0.229020 0.181935 0.494470 -0.288515 -0.294923 -0.702363 -0.626729 -0.475755 -0.189948 -0.649344 -0.470170 -0.516114 -0.151252 0.028776 0.085832 -0.691375 0.377744 -0.035268 0.075050 -0.383551 -0.047160 -0.266049 -0.502427 -0.694192 -0.674478 0.376246 0.371209 0.386996 0.489665 0.086419 0.427817 -0.277920 0.288938 -0.215907 0.099116 0.151441 0.594779 0.635433 0.609117 -0.378179 -0.267453 -0.542329 -0.494202 -0.591161 -0.465509 -0.501971 -0.371273 -0.265174 -0.471810 -0.200884 -0.030125 -0.280914 -0.025642 -0.549654 -0.465629 -0.405591 -0.562052 -0.427049 -0.547830 0.185277 0.174859 0.280695 0.185186 -0.183596 -0.283598 -0.585565 -0.219954 -0.361210 -0.355468 0.090538 0.200854 0.068722 0.278021 0.026748 -0.059596 0.220757 -0.405110 -0.308260 -0.081563 0.264996 -0.413993 -0.337282 -0.359765 -0.574950 -0.563995
0.044396 -0.083493 -0.426742 -0.286597 -0.366860 -0.161475 -0.175219 0.002622 -0.379066 -0.336429 0.072245 0.213021 0.057052 0.101419 0.379343 0.371687 0.238448 0.224798 -0.380107 -0.331777 1.000000 0.620205 -0.202389 -0.084698 -0.319546 0.177613 -0.145670 -0.006966 0.249958 0.142114 0.416149 0.418933 -0.092553 -0.247027 0.040287 -0.017080 0.373758 0.288189 0.253333 0.239469 0.347393 0.237780 0.231627 -0.182158 -0.328514 -0.232450 0.393677 -0.117262 -0.389619 -0.205239 0.009588 -0.397532 -0.107680 0.132840 0.293849 0.223499 0.044991 0.140681 -0.353643 -0.227819 -0.184716 -0.120629 0.084721 -0.060754 0.121953 -0.040104 -0.157098 -0.318564 -0.257247 -0.340994 0.475128 0.166988 0.147572 0.089950 0.371602 0.448708 0.301518 0.174465 0.308813 0.184278 0.403797 -0.026637 0.441591 -0.087778 0.299414 -0.001425 0.303542 0.255833 0.234720 0.201776 0.024988 0.077165 -0.050349 0.160325 0.232488 0.249406 0.328456 0.100662 0.068533 0.177266 -0.022701 -0.143429 0.022499 -0.002900 0.055085 0.057837 0.045161 0.264116 0.263985 0.113773 0.067918 0.374923 0.199274 0.208036 0.226314 0.247555
0.204534 0.144687 -0.163034 -0.063847 -0.337446 -0.020357 -0.063704 0.121657 -0.484260 -0.272450 -0.042391 0.115987 -0.072348 0.008767 0.069174 0.200483 0.127880 0.035067 -0.064789 -0.108815 0.620205 1.000000 -0.098318 0.054674 -0.246712 0.156584 0.008757 0.219035 0.080119 0.030952 0.328196 0.377053 0.163130 0.145001 0.142863 0.045103 0.251313 0.182394 0.332151 0.345905 0.210184 0.266912 0.060153 -0.189700 -0.173993 -0.174166 0.202012 -0.064316 -0.284356 -0.256289 0.004959 -0.485790 0.002033 -0.224108 0.107909 -0.133602 0.052827 0.244454 -0.256577 -0.018169 -0.046542 -0.025683 0.141634 0.024718 -0.009580 -0.111045 -0.034880 -0.166579 -0.197670 -0.299571 0.362052 0.338897 -0.024875 -0.027592 0.091029 0.316099 0.150085 0.224926 0.220504 0.043216 0.165789 -0.128006 0.107476 -0.006295 0.071714 -0.378550 0.369239 0.000788 0.188751 -0.199286 0.014607 -0.066685 -0.013221 0.131793 0.196526 0.200327 0.325861 0.035937 0.058546 -0.070339 -0.062023 -0.138465 0.071970 -0.023533 -0.080722 0.029310 0.132732 -0.002259 0.129957 0.196727 0.132147 0.271102 0.174718 0.133604 0.116091 0.159719
0.110400 -0.080513 0.386278 0.437611 0.432677 0.380261 0.152762 0.068184 0.258450 0.186109 -0.149251 -0.210501 -0.205425 -0.350201 0.044383 -0.082523 -0.336655 -0.434081 0.356065 0.351793 -0.202389 -0.098318 1.000000 0.757477 0.381507 0.474366 0.643921 0.650192 -0.352314 -0.339432 -0.032656 0.082076 0.091005 0.055897 -0.111364 -0.182219 -0.251496 -0.195802 -0.025948 -0.188173 -0.223988 -0.177949 -0.213473 -0.102710 -0.061675 -0.252051 -0.364807 -0.008462 0.005845 0.011046 0.010361 0.050348 -0.044693 -0.276509 -0.178601 -0.309013 0.054161 0.066680 0.116098 -0.074874 -0.073887 -0.153619 -0.297735 -0.331273 0.224083 0.123704 0.159098 0.217853 0.119590 0.245559 -0.053526 -0.064384 -0.374318 -0.044702 -0.187047 -0.145896 -0.068007 -0.070796 -0.235043 -0.157904 -0.449583 -0.350299 -0.179520 0.096627 -0.056740 -0.139643 -0.008646 -0.238834 0.186318 -0.237204 -0.203832 -0.128297 0.158442 0.213312 -0.378347 -0.280664 -0.265066 -0.273775 -0.199629 -0.379112 -0.144667 0.101983 -0.171104 0.076893 -0.102150 -0.139699 0.152264 -0.199435 -0.330522 -0.117759 -0.086199 -0.317045 -0.396532 -0.113288 -0.149032 -0.360333
-0.001715 -0.081939 0.392199 0.642118 0.386983 0.402358 0.204404 0.322538 0.147055 0.209172 -0.179050 -0.096333 -0.219165 -0.350477 -0.006155 -0.108557 -0.334184 -0.398936 0.295224 0.479564 -0.084698 0.054674 0.757477 1.000000 0.228952 0.307223 0.567060 0.550233 -0.398888 -0.373304 -0.186797 0.009239 0.126684 0.141802 -0.157063 -0.245355 -0.256437 -0.208508 -0.055048 -0.097078 -0.304299 -0.208097 -0.324282 -0.179918 -0.015798 -0.173386 -0.471553 0.019653 -0.103186 0.109224 -0.109018 0.021002 -0.079295 -0.345849 -0.312859 -0.411634 0.106240 0.087595 0.044629 -0.019802 -0.090107 -0.025950 -0.291519 -0.228892 0.231707 0.221933 0.192713 0.331764 0.236040 0.284781 -0.123676 -0.124749 -0.505878 -0.146516 -0.275378 -0.213103 -0.215314 -0.143482 -0.248351 -0.265617 -0.444557 -0.301951 -0.175906 0.075469 -0.130770 -0.193748 -0.013202 -0.313794 0.140916 -0.312973 -0.111496 -0.100771 0.318906 0.272682 -0.367715 -0.258621 -0.365768 -0.315311 -0.262102 -0.402746 -0.062285 0.014806 -0.021265 0.071407 -0.036601 -0.196377 0.208381 -0.319344 -0.360132 -0.145779 -0.047348 -0.382299 -0.483961 -0.241581 -0.325070 -0.488554
-0.340449 -0.283580 0.246663 0.122590 0.658128 0.602882 -0.113130 -0.190053 0.720344 0.659749 -0.354082 -0.309158 -0.313144 -0.310693 -0.323665 -0.103654 -0.557548 -0.346612 -0.117885 0.009153 -0.319546 -0.246712 0.381507 0.228952 1.000000 0.360301 0.477904 0.357788 -0.466757 0.105777 -0.281913 -0.321488 0.063116 -0.118006 0.239734 0.266236 -0.046095 0.093838 0.121768 -0.105006 0.029239 -0.143237 0.123116 0.284723 0.276182 0.168917 -0.082258 -0.003133 0.209093 0.294874 0.058825 0.520095 0.027912 -0.013016 -0.073954 -0.019008 -0.311340 -0.159596 -0.083792 -0.053601 -0.184474 -0.191240 -0.277301 -0.367959 0.020115 0.116527 0.293058 0.203569 0.216087 0.253504 -0.085151 0.084377 -0.120025 0.340264 0.048463 -0.181129 0.063903 0.085908 -0.449569 0.004888 -0.533855 -0.107778 -0.312373 0.126170 -0.145518 0.115809 -0.145848 -0.030865 -0.030640 -0.131076 -0.342498 -0.316169 -0.003658 -0.091674 -0.336742 -0.124633 -0.169933 -0.260447 -0.088573 -0.272197 -0.231078 -0.109876 -0.112255 -0.094399 -0.058817 -0.158620 -0.035050 -0.095225 -0.335069 -0.222343 -0.176838 -0.290144 -0.334833 -0.028220 0.026727 -0.084830
-0.062089 -0.307744 -0.254158 -0.039019 0.124680 0.059196 -0.376195 -0.245348 0.024613 0.028460 -0.271343 -0.162670 -0.416280 -0.254228 -0.075977 0.039127 -0.134584 -0.118253 -0.120238 -0.119752 0.177613 0.156584 0.474366 0.307223 0.360301 1.000000 0.375106 0.444189 -0.222587 0.065576 0.252727 0.288050 0.275853 -0.073923 0.267056 0.053101 0.182799 0.182805 0.241869 -0.004535 0.077951 0.244752 0.187090 0.009962 0.067287 -0.105718 0.108860 -0.205444 -0.077311 0.176295 0.086983 0.041877 -0.216351 -0.026249 0.137044 0.086396 -0.043284 0.095391 -0.162296 -0.321327 -0.178366 -0.357949 -0.074351 -0.328916 0.338857 0.134250 0.335443 -0.122671 -0.058374 -0.285008 0.212391 0.164259 -0.047192 0.321185 0.223341 0.240485 0.325954 0.220241 -0.001563 0.289843 -0.090266 -0.022050 0.015930 0.022810 0.277869 0.168606 0.278718 0.284761 0.156586 -0.041909 -0.412274 -0.110450 -0.196856 -0.077577 -0.353610 -0.016508 0.086531 -0.105172 0.146656 -0.013713 -0.201116 0.006822 -0.181714 -0.001485 -0.225641 -0.220354 -0.134436 0.151697 -0.324919 -0.043089 -0.285899 -0.007939 -0.182263 -0.093693 0.145359 0.064313
0.066868 -0.095966 0.486551 0.504052 0.643760 0.648523 0.172432 0.221236 0.419560 0.504405 -0.145077 -0.214117 -0.152133 -0.211130 -0.042698 -0.025744 -0.411229 -0.427021 0.181599 0.203556 -0.145670 0.008757 0.643921 0.567060 0.477904 0.375106 1.000000 0.798312 -0.474114 -0.216571 -0.194060 -0.145453 0.052016 -0.072678 -0.060033 -0.149435 -0.098964 -0.154016 0.018738 -0.093005 -0.162060 -0.228223 -0.223660 -0.072000 0.045631 -0.165723 -0.378882 -0.016504 0.120557 0.106730 0.052601 0.134329 0.087909 -0.381013 -0.185003 -0.371400 0.050584 -0.064049 0.149302 0.091490 -0.073755 -0.012943 -0.363869 -0.353858 0.041867 0.116434 0.214965 0.235596 0.139646 0.141021 -0.059759 0.069133 -0.434338 0.043544 -0.265577 -0.198237 -0.133031 -0.176283 -0.427421 -0.181270 -0.418808 -0.449400 -0.176128 0.233930 -0.130128 -0.221897 0.135304 -0.193838 0.203839 -0.326766 -0.148690 -0.150005 0.266319 0.163745 -0.414835 -0.217828 -0.241206 -0.262062 -0.071929 -0.398363 0.138329 0.185583 0.173452 0.181961 0.092364 -0.139189 0.215834 -0.097988 -0.366420 -0.221106 -0.164838 -0.391898 -0.427534 -0.004183 -0.164685 -0.222446
0.070060 -0.031431 0.309542 0.440797 0.415373 0.512540 0.058000 0.198472 0.230500 0.274316 -0.081772 -0.071579 -0.086869 -0.164641 0.084374 0.063759 -0.246866 -0.294399 0.266783 0.232323 -0.006966 0.219035 0.650192 0.550233 0.357788 0.444189 0.798312 1.000000 -0.280933 -0.183822 -0.011517 0.109615 -0.009143 -0.090218 -0.107117 -0.175722 -0.041795 -0.046035 0.099574 -0.003843 -0.059138 -0.094340 -0.189347 -0.147436 -0.094605 -0.291349 -0.279023 -0.041156 0.031466 -0.091176 0.085932 -0.008274 0.140558 -0.367844 -0.053208 -0.329990 0.057350 0.015403 0.049390 0.060499 -0.205309 -0.128437 -0.307308 -0.292930 -0.020684 0.016442 0.164705 0.148573 0.106437 0.134006 0.049116 0.098226 -0.298873 0.018713 -0.174732 -0.038604 -0.032181 -0.088966 -0.239836 -0.221236 -0.298012 -0.399805 -0.055755 0.224411 -0.051261 -0.257131 0.250423 -0.233256 0.245751 -0.322181 -0.143927 -0.203096 0.218575 0.110299 -0.236006 -0.233672 -0.100190 -0.204623 -0.101375 -0.376473 0.103129 0.038816 0.155708 0.080860 0.017778 -0.108633 0.206792 -0.027787 -0.271310 -0.154915 -0.124308 -0.324932 -0.392542 0.005014 -0.135807 -0.204001
0.209404 -0.069019 -0.349933 -0.375906 -0.555780 -0.570484 0.056573 0.021787 -0.372619 -0.523472 0.726141 0.667616 0.713986 0.625110 0.710641 0.449517 0.688069 0.543467 -0.039057 -0.234203 0.249958 0.080119 -0.352314 -0.398888 -0.466757 -0.222587 -0.474114 -0.280933 1.000000 0.373811 0.632292 0.601486 -0.148267 -0.051991 -0.114698 -0.066034 0.379139 0.155742 0.063067 -0.005336 0.429701 0.318673 0.082432 -0.290947 -0.379711 -0.330793 0.337579 -0.342127 -0.235058 -0.489127 -0.035244 -0.384319 -0.118606 0.176029 0.301813 0.269893 0.027223 -0.148081 -0.312576 -0.303998 -0.044339 -0.236227 0.231335 0.160126 0.007816 -0.219071 -0.415341 -0.474851 -0.389937 -0.294470 0.215433 0.123148 0.726851 0.085145 0.476002 0.538063 0.408611 0.233187 0.738607 0.307149 0.659909 0.201823 0.455030 0.013991 0.201796 0.129020 0.108246 0.042872 0.080306 0.277463 -0.113632 -0.144841 -0.343987 -0.377017 0.377370 0.183517 0.301147 0.231795 -0.137853 0.161433 -0.023603 -0.272071 -0.149165 -0.333128 -0.089021 0.091583 -0.089056 0.155314 0.548075 0.152839 -0.012463 0.240396 0.225593 0.148759 0.208630 0.313999
-0.063537 -0.354695 -0.459736 -0.444498 -0.157654 -0.123974 -0.228200 -0.250781 0.058645 0.030623 0.115664 0.305937 0.146240 0.469322 0.059463 0.613270 0.096086 0.395965 -0.376986 -0.586012 0.142114 0.030952 -0.339432 -0.373304 0.105777 0.065576 -0.216571 -0.183822 0.373811 1.000000 0.487453 0.350209 0.107118 -0.169486 0.235712 0.254496 0.679465 0.599055 0.389021 -0.019451 0.604869 0.511153 0.558864 0.096291 0.053815 -0.154617 0.671975 -0.555885 -0.025288 -0.054226 0.176024 -0.011996 0.200192 0.292479 0.595909 0.563116 -0.333947 -0.265985 -0.437813 -0.525467 -0.122413 -0.537356 0.298271 -0.173674 0.058541 -0.488434 -0.016091 -0.669330 -0.419431 -0.357982 0.413441 0.413876 0.787903 0.712891 0.726356 0.635258 0.671160 0.525050 0.284973 0.498535 0.138634 0.112437 0.217066 0.373009 0.332188 0.243865 0.165086 0.357851 0.184017 0.328980 -0.443085 -0.514702 -0.489004 -0.407665 0.097081 0.195903 0.442894 0.015191 0.130195 0.185963 -0.343600 -0.411862 -0.234134 -0.492157 -0.224047 -0.041979 -0.177832 0.311472 0.279703 -0.081396 -0.304884 0.326028 0.171205 0.232362 0.443070 0.478734
0.301730 -0.133796 -0.443186 -0.327652 -0.447699 -0.419896 -0.134649 -0.129444 -0.459185 -0.434538 0.246251 0.393852 0.218164 0.398360 0.418415 0.509666 0.496418 0.332301 -0.128183 -0.378697 0.416149 0.328196 -0.032656 -0.186797 -0.281913 0.252727 -0.194060 -0.011517 0.632292 0.487453 1.000000 0.895310 0.116383 -0.003077 0.119599 0.127840 0.496799 0.412451 0.280993 0.035236 0.476383 0.498760 0.306394 -0.141083 -0.311620 -0.284478 0.537882 -0.464517 -0.376201 -0.419832 0.014818 -0.486745 -0.131635 0.145089 0.482890 0.358303 0.045269 -0.034211 -0.403421 -0.523597 -0.073078 -0.482714 0.276911 -0.136262 0.233798 -0.351810 -0.239933 -0.569702 -0.463496 -0.481832 0.536871 0.400880 0.630403 0.396980 0.572753 0.737375 0.636678 0.509745 0.569278 0.385502 0.475565 0.033875 0.363108 0.154235 0.398452 0.098486 0.312940 0.323764 0.284418 0.258363 -0.337951 -0.303704 -0.460425 -0.303370 0.277280 0.226180 0.483182 0.173589 0.103285 0.132377 -0.217618 -0.301461 -0.209871 -0.329478 -0.266879 -0.001079 -0.065268 0.341550 0.539562 0.166642 -0.107497 0.370982 0.197782 0.302246 0.369797 0.435126
0.235991 -0.098105 -0.387596 -0.253511 -0.494741 -0.407415 -0.138964 -0.005489 -0.532919 -0.495352 0.259881 0.436864 0.198305 0.369077 0.427554 0.464828 0.470630 0.237498 -0.106427 -0.229020 0.418933 0.377053 0.082076 0.009239 -0.321488 0.288050 -0.145453 0.109615 0.601486 0.350209 0.895310 1.000000 0.069376 0.064014 0.118928 0.079160 0.456651 0.402800 0.347987 0.090501 0.460121 0.466153 0.210145 -0.189512 -0.348359 -0.272150 0.420972 -0.399289 -0.367987 -0.503064 0.039342 -0.591013 -0.161896 -0.029058 0.427172 0.259838 0.030687 0.010013 -0.467220 -0.489009 -0.169258 -0.470471 0.220792 -0.170919 0.247862 -0.320694 -0.222094 -0.438351 -0.379033 -0.379607 0.484550 0.390792 0.503437 0.233706 0.469845 0.669840 0.569472 0.505565 0.612063 0.284083 0.445564 -0.017370 0.360811 0.125558 0.386553 0.024155 0.357342 0.209047 0.318228 0.192582 -0.321386 -0.309041 -0.401679 -0.287410 0.273674 0.160270 0.449256 0.186040 0.006592 0.056622 -0.280731 -0.328562 -0.217893 -0.329816 -0.238273 0.013804 0.002126 0.245101 0.490433 0.236411 0.007946 0.350214 0.161584 0.286128 0.309049 0.289891
0.433141 0.127178 0.065182 -0.000059 -0.044258 -0.025332 -0.102148 -0.065810 -0.237095 -0.045271 -0.122241 -0.181910 -0.273956 -0.089343 -0.329585 -0.069027 0.000892 0.093647 0.258088 0.181935 -0.092553 0.163130 0.091005 0.126684 0.063116 0.275853 0.052016 -0.009143 -0.148267 0.107118 0.116383 0.069376 1.000000 0.586348 0.238348 0.009208 -0.127090 -0.072144 -0.150311 -0.232730 -0.281915 0.093342 0.091101 -0.050206 0.234725 -0.031487 0.010361 -0.303462 0.000469 0.341169 0.000773 -0.007677 -0.179446 -0.241809 -0.282927 -0.257262 0.297355 0.347643 0.225017 -0.035665 0.426079 0.020167 0.343612 0.249290 0.122626 -0.001171 0.598008 -0.163801 0.180854 -0.140744 -0.065443 0.143330 -0.024937 0.194802 0.063303 0.119557 0.157975 0.238839 -0.046983 0.192125 -0.046609 -0.014704 -0.281783 -0.023186 -0.089661 -0.249074 -0.061486 0.014199 -0.305586 -0.465742 -0.348373 -0.206296 -0.322633 -0.071455 -0.386104 -0.177835 -0.187832 -0.380605 -0.147007 -0.107594 -0.285675 -0.092661 -0.201257 -0.069079 -0.389084 -0.343217 -0.121945 -0.169638 -0.223005 -0.167617 -0.213848 -0.039196 -0.143623 -0.148564 -0.022064 -0.046083
0.472042 0.490658 0.392956 0.242935 0.015649 -0.002661 0.275209 0.325111 -0.276057 -0.061149 0.025752 -0.048342 -0.037379 0.071100 -0.125404 -0.073413 0.065881 -0.023271 0.354162 0.494470 -0.247027 0.145001 0.055897 0.141802 -0.118006 -0.073923 -0.072678 -0.090218 -0.051991 -0.169486 -0.003077 0.064014 0.586348 1.000000 0.011442 0.058923 -0.365672 -0.401830 -0.305549 -0.286958 -0.474728 -0.137332 -0.230564 -0.135562 0.164736 0.239828 -0.340670 -0.011122 -0.102487 0.070512 -0.247720 -0.268964 -0.334497 -0.518238 -0.570724 -0.602010 0.331354 0.423336 0.272722 0.169663 0.417938 0.422518 0.127752 0.442103 -0.013914 -0.004979 0.195971 0.212876 0.199601 0.120762 -0.186723 0.118056 -0.201301 -0.246179 -0.330722 -0.132362 -0.138004 0.009542 0.001418 -0.113051 0.044380 0.019868 -0.296047 0.003796 -0.464964 -0.539227 -0.256646 -0.280551 -0.418076 -0.609962 -0.089480 -0.045842 -0.142128 -0.035093 -0.265895 -0.265111 -0.357844 -0.319796 -0.212458 -0.297646 -0.141158 0.055178 -0.185650 -0.064978 -0.310243 -0.241328 -0.049048 -0.383631 -0.175793 -0.097839 0.086474 -0.188859 -0.131958 -0.147935 -0.274690 -0.258717
-0.105949 -0.193675 -0.285865 -0.303049 -0.132240 -0.086564 -0.399556 -0.316714 -0.043409 0.027587 -0.239116 -0.116332 -0.354608 -0.106666 -0.271429 0.057118 -0.120814 -0.114077 -0.190882 -0.288515 0.040287 0.142863 -0.111364 -0.157063 0.239734 0.267056 -0.060033 -0.107117 -0.114698 0.235712 0.119599 0.118928 0.238348 0.011442 1.000000 0.500726 0.216098 0.429930 0.237132 0.150035 0.211460 0.167289 0.326511 0.072078 0.171244 0.167906 0.303191 -0.213440 -0.071266 0.006042 0.129270 -0.044576 -0.076175 -0.124370 0.142782 0.176780 -0.123169 -0.036769 -0.222237 -0.237153 -0.039204 -0.266107 0.080042 -0.223683 0.247369 -0.074529 0.370288 -0.057358 0.039129 -0.225169 0.268124 0.552476 0.119616 0.274933 0.161654 0.288691 0.432053 0.655669 0.061633 0.285053 -0.089308 -0.024681 -0.080719 -0.050953 0.074248 0.040484 0.112890 0.330617 -0.108970 0.006689 -0.179456 -0.196705 -0.223222 -0.148666 0.022915 0.189558 0.226842 0.127222 0.188981 0.115989 -0.422931 -0.284712 -0.186376 -0.063949 -0.231570 0.064587 -0.093448 0.142551 0.067556 0.169759 0.022348 0.361634 0.227805 0.168159 0.403859 0.312115
-0.229177 -0.158087 -0.211192 -0.332026 -0.012785 0.060576 -0.257095 -0.269625 0.041763 0.114708 -0.254245 -0.089375 -0.189282 0.039005 -0.186131 0.038068 -0.165976 -0.152874 -0.319858 -0.294923 -0.017080 0.045103 -0.182219 -0.245355 0.266236 0.053101 -0.149435 -0.175722 -0.066034 0.254496 0.127840 0.079160 0.009208 0.058923 0.500726 1.000000 0.162180 0.339374 0.276360 0.111764 0.263339 0.099328 0.295323 0.308599 0.177332 0.415056 0.358587 0.055588 0.040579 -0.106013 -0.049892 -0.013815 -0.082442 0.025510 0.243205 0.231761 -0.249378 -0.226486 -0.200902 -0.056713 -0.194894 -0.112624 -0.139174 -0.274909 -0.175623 -0.172171 -0.050281 0.072526 -0.074201 0.052826 0.289699 0.389443 0.229677 0.290292 0.171445 0.211775 0.272393 0.482699 -0.021704 0.060242 -0.080613 -0.069947 -0.051701 0.033343 -0.006845 0.079329 -0.031035 0.331339 -0.040111 0.107223 -0.190643 -0.185898 -0.246184 -0.120102 0.191689 0.129925 0.242985 0.104470 -0.020464 -0.040470 -0.232489 -0.213876 -0.141662 -0.149915 -0.094296 0.123690 -0.093923 0.121745 0.215101 0.059943 0.248654 0.192855 0.088034 0.333476 0.233238 0.207738
