1.000000 0.248709 -0.058625 0.059356 -0.275424 -0.426116 -0.206355 -0.289528 -0.260217 -0.424409 0.304909 0.173052 -0.037525 -0.032405 0.049913 -0.213036 0.331274 0.203793 0.468012 0.419249 -0.123664 -0.213601 0.072230 -0.110060 -0.400662 -0.336406 -0.143211 -0.094558 0.269788 0.241428 -0.015535 -0.086108 0.212222 0.414417 -0.199378 -0.103032 -0.136149 0.272797 -0.167598 -0.119261 0.026960 0.034230 -0.135962 -0.070976 -0.221684 -0.251473 -0.052999 -0.124241 -0.222966 -0.244428 -0.289061 -0.281593 -0.193344 -0.029022 -0.006470 -0.245434 0.626142 0.168551 0.151952 -0.186621 0.239653 0.059941 0.040235 0.144007 0.012482 -0.244941 -0.219465 -0.496367 0.049629 -0.421266 -0.113279 -0.261704 0.333018 0.037133 0.373762 -0.015609 0.213685 -0.134574 0.288835 0.133657 0.306227 0.487643 0.104485 0.129391 0.097182 0.212577 0.040701 -0.086537 -0.138639 -0.044932 -0.257615 -0.144520 -0.435313 -0.243665 -0.025397 -0.258400 -0.118667 -0.173520 -0.088409 0.146829 -0.306753 -0.056977 -0.253252 -0.185156 -0.303371 -0.042950 -0.057829 -0.201858 0.096975 0.168623 -0.099350 0.047393 -0.124878 0.059445 -0.048515 -0.212744
0.248709 1.000000 -0.132590 0.077258 -0.122672 -0.451485 -0.001344 -0.049085 0.003123 -0.316992 0.275720 0.250079 0.412981 -0.011800 0.055047 -0.221483 0.064440 0.100153 0.302454 0.520292 -0.283810 -0.565008 -0.025502 -0.228765 -0.332767 -0.361344 -0.075883 -0.124751 0.199387 0.087956 -0.108930 -0.255799 0.006108 0.289375 -0.311535 -0.292251 -0.148545 -0.254256 -0.094331 -0.121779 -0.056380 0.035063 -0.076725 -0.149026 -0.058587 -0.306104 -0.184200 -0.125111 0.176619 0.177399 -0.382448 -0.111828 0.028458 -0.166990 -0.074700 -0.198821 0.199615 0.477115 0.078460 -0.054497 0.337575 -0.050530 0.248520 0.360897 0.038164 -0.237481 -0.185339 -0.485155 0.180678 0.061149 0.045774 -0.222534 0.083096 0.026915 -0.040259 0.032937 -0.055471 0.075586 0.301642 -0.034680 0.138173 0.044137 0.161134 -0.013512 -0.182072 0.097074 -0.074701 -0.221513 -0.086731 -0.275838 0.056698 0.104188 -0.078580 0.175328 -0.038921 -0.116854 -0.092102 0.117503 -0.050011 0.246325 -0.028924 0.295698 0.109603 0.086451 -0.033504 -0.111445 -0.109548 -0.131970 -0.032534 -0.046670 -0.238791 0.180912 0.046334 0.216284 0.052432 -0.173022
-0.058625 -0.132590 1.000000 0.516263 0.484843 0.214947 0.649920 0.422799 0.342585 0.192233 0.316637 0.170309 0.321939 0.297959 0.338185 0.312879 -0.203200 -0.007169 -0.013389 -0.064508 -0.017864 -0.064381 0.582709 0.529363 0.189748 0.262886 0.206537 0.252238 0.346707 -0.002289 0.380476 0.466685 -0.065474 0.140055 -0.014457 0.037257 -0.166933 -0.109867 -0.166900 -0.271681 0.096590 0.108529 -0.022703 -0.082560 0.061012 0.013302 -0.164256 -0.328543 0.190154 -0.063970 0.164901 -0.171803 -0.304874 -0.117751 -0.294097 -0.189357 -0.316901 -0.233160 -0.130614 -0.499981 0.015245 -0.131253 -0.170242 -0.238482 0.345494 0.072348 -0.295511 -0.267238 -0.200451 -0.299542 0.031290 0.125524 0.016177 -0.116241 0.047648 0.056996 -0.167307 -0.302379 -0.058465 0.082876 -0.074098 -0.065201 0.273694 0.223961 0.113886 0.115440 -0.144330 -0.008198 0.159371 0.074896 -0.431330 -0.314855 0.137551 -0.105547 -0.208747 -0.056145 -0.224649 -0.043616 -0.332175 -0.412353 -0.102260 -0.414827 -0.334274 -0.465722 -0.203691 -0.337829 -0.210545 -0.296345 -0.066437 -0.132829 -0.059052 -0.291433 -0.137470 -0.242446 -0.022642 -0.187467
0.059356 0.077258 0.516263 1.000000 0.218965 0.273942 0.331711 0.412228 0.186599 0.182169 0.411763 0.434541 0.265900 0.492546 0.303782 0.350511 -0.295949 -0.208956 0.295687 0.161059 0.012955 -0.049194 0.737397 0.740366 0.160583 0.397480 0.392068 0.514824 0.381753 0.065766 0.516734 0.523332 -0.178745 0.076281 -0.050580 0.011329 -0.328016 -0.125258 -0.028656 -0.163907 -0.017439 0.100212 -0.371472 -0.410496 -0.295051 -0.306362 -0.408897 -0.484456 0.077455 -0.232338 0.149237 -0.233535 -0.405481 -0.262437 -0.236554 -0.331837 -0.283960 -0.115790 -0.377921 -0.737385 -0.199076 -0.565350 -0.310511 -0.328098 0.278613 -0.116889 -0.534501 -0.434728 -0.099077 -0.257178 0.237737 0.261533 0.129593 0.084790 -0.017637 0.011519 -0.316311 -0.168965 0.058687 0.023931 -0.071177 -0.131910 0.516191 0.491743 0.278342 0.510218 -0.042155 -0.108437 0.360322 0.068378 -0.294409 -0.097225 0.155671 -0.009029 -0.117314 -0.210525 -0.293803 0.081527 -0.304814 -0.253954 -0.304960 -0.220060 -0.254330 -0.313384 -0.187962 -0.225183 -0.031791 -0.191947 -0.008200 -0.053035 0.052961 -0.109050 -0.078331 -0.046074 0.092101 -0.220643
-0.275424 -0.122672 0.484843 0.218965 1.000000 0.459106 0.491321 0.374898 0.551290 0.431683 0.080807 -0.084369 0.297990 0.054682 0.412865 0.426321 -0.179223 -0.149463 -0.357262 -0.355246 0.409284 0.063111 0.322984 0.393936 0.321720 0.231736 0.242432 0.127004 0.219695 0.233157 0.336060 0.427573 -0.313230 -0.363093 0.080921 -0.158036 0.096362 -0.093956 0.125111 -0.165205 0.245088 0.245623 0.104487 -0.096948 0.210517 0.036015 -0.130009 -0.249163 0.142281 0.063052 0.128377 0.060415 0.047663 0.116892 -0.186573 0.011973 -0.350730 -0.281303 -0.033714 -0.191398 -0.038015 -0.028975 0.072639 0.006674 -0.001983 -0.139479 -0.120354 -0.122342 -0.262639 -0.141626 0.179525 0.367613 0.097860 0.176506 -0.054992 0.216971 -0.050697 -0.240890 0.110064 0.015698 0.074226 -0.195754 0.250450 0.292101 -0.046951 0.018616 -0.233554 0.203527 0.121340 0.205834 -0.362963 -0.381891 0.282031 -0.136282 -0.265174 0.064853 -0.341217 -0.035140 -0.293018 -0.258862 0.252457 -0.299993 -0.052594 -0.187305 -0.140631 -0.306455 -0.172151 -0.130043 -0.166125 -0.239611 -0.265331 -0.186652 0.043245 -0.156502 -0.115948 -0.149428
-0.426116 -0.451485 0.214947 0.273942 0.459106 1.000000 0.275583 0.408943 0.324986 0.741511 -0.216036 0.052785 -0.041451 0.337322 0.108718 0.639075 -0.331404 -0.409510 -0.586568 -0.611514 0.524534 0.479913 0.234132 0.601969 0.521395 0.752405 0.448774 0.497534 -0.107094 -0.083040 0.353138 0.536924 -0.285026 -0.432052 0.098422 0.136789 0.047941 -0.041498 0.213969 -0.030545 0.061576 -0.006867 -0.034531 -0.085329 0.145776 0.172549 -0.071146 -0.145688 0.127965 -0.009396 0.465366 0.365075 0.169558 0.227175 -0.068951 0.181182 -0.476271 -0.600058 -0.132259 -0.149730 -0.471363 -0.262112 -0.255786 -0.396352 -0.236122 0.201140 -0.084647 0.252035 -0.339517 -0.081832 0.236390 0.483866 0.075647 0.037386 -0.196682 0.116203 -0.137908 -0.208830 -0.059711 -0.210494 0.021042 -0.451432 0.054281 0.216291 -0.114583 0.163127 0.097854 0.230631 0.158555 0.469946 -0.151297 -0.253014 0.228453 -0.191803 -0.013866 -0.023974 0.003649 -0.064922 -0.072468 -0.266662 0.088369 -0.357019 -0.103466 -0.118915 -0.011341 -0.131938 0.060534 0.073024 -0.172876 -0.108372 0.073023 -0.184897 -0.114565 -0.076224 0.017602 0.092677
-0.206355 -0.001344 0.649920 0.331711 0.491321 0.275583 1.000000 0.413719 0.461010 0.226360 0.402027 0.116849 0.605025 0.204958 0.403361 0.285276 -0.234722 -0.090432 -0.275016 -0.176898 0.058528 -0.136686 0.478732 0.390205 0.096306 0.057368 0.137382 0.091898 0.291701 0.038189 0.350176 0.348082 -0.228173 -0.172594 0.069873 -0.170061 -0.011723 -0.239940 0.082823 -0.260640 0.020024 0.127889 -0.063303 -0.124538 0.158998 -0.001496 -0.185598 -0.319922 0.186911 -0.029928 0.262765 -0.116231 -0.096900 -0.107220 -0.152427 -0.109090 -0.410195 -0.308660 -0.143862 -0.464018 0.164717 -0.104927 0.055191 -0.070025 0.266311 0.089820 -0.307518 -0.241741 -0.349901 -0.292480 0.114839 0.187088 0.086515 0.026616 0.008235 0.029126 -0.136984 -0.361121 -0.011378 -0.026427 -0.153627 -0.133384 0.205779 0.161563 0.133253 0.169336 -0.096002 0.057231 0.272916 0.172031 -0.288640 -0.276094 0.097323 -0.059266 -0.160436 0.125095 -0.239654 0.054128 -0.163736 -0.353173 0.031306 -0.403972 -0.142750 -0.315663 -0.135340 -0.234773 -0.114872 -0.095069 -0.101175 -0.195036 -0.159894 -0.082884 0.011597 -0.245076 -0.019617 0.023927
-0.289528 -0.049085 0.422799 0.412228 0.374898 0.408943 0.413719 1.000000 0.348990 0.549614 -0.007207 0.377520 0.256999 0.413815 0.119407 0.333725 -0.246649 -0.149947 -0.271515 -0.255122 0.154842 0.015627 0.212210 0.414992 0.275366 0.323610 0.033440 -0.024291 0.166881 0.125948 0.384183 0.484748 -0.205872 -0.048592 -0.034820 -0.021076 -0.058918 -0.267072 -0.171338 -0.287913 0.105333 0.218749 0.087363 0.001925 0.145235 0.226635 -0.132384 -0.128335 0.110370 0.128456 -0.071803 0.103958 -0.000996 0.100644 -0.285324 -0.055518 -0.407226 -0.368880 -0.348777 -0.447508 -0.061072 -0.118849 -0.112897 -0.027872 0.349886 0.072941 -0.470837 0.048529 -0.381257 -0.242610 0.243090 0.245175 0.251481 0.010210 -0.090238 0.011991 -0.243013 -0.156223 -0.025144 -0.324758 -0.240514 -0.425648 0.136656 0.174437 0.084292 0.181383 -0.156800 -0.123538 0.085890 0.101839 -0.145132 -0.262030 0.233395 -0.101654 -0.166572 0.009826 -0.121266 -0.064736 -0.334040 -0.273903 -0.082246 -0.220877 -0.223611 -0.304064 -0.154689 -0.053065 0.013203 0.068028 -0.066888 -0.193344 -0.062738 -0.244665 -0.069134 0.007745 0.049319 -0.108768
-0.260217 0.003123 0.342585 0.186599 0.551290 0.324986 0.461010 0.348990 1.000000 0.614899 0.100985 0.223344 0.429989 0.311332 0.362762 0.423695 -0.292892 -0.121210 -0.314766 -0.207795 0.181242 0.000096 0.220420 0.295797 0.205683 0.109149 0.227873 0.111921 0.179576 -0.021589 0.208251 0.265109 -0.092715 -0.166633 -0.050086 -0.035467 -0.127972 -0.299285 0.003085 -0.272509 0.081943 0.111565 -0.091675 -0.238547 -0.012678 0.015628 -0.109938 -0.212247 0.113304 -0.036889 0.026343 -0.053733 -0.026842 -0.129664 -0.195590 -0.119567 -0.334704 -0.300088 0.073093 -0.227583 0.282114 0.037014 -0.060086 0.008039 0.237669 0.066669 -0.259349 -0.162952 -0.121894 0.016200 0.216409 0.277930 0.122536 -0.047745 -0.118087 0.067751 -0.175748 -0.290650 0.071049 -0.178516 -0.151517 -0.304784 0.171092 0.165548 -0.119038 -0.044743 -0.106650 0.000567 0.110890 0.274351 -0.024809 -0.048764 0.254236 0.118212 -0.359268 -0.011137 -0.225665 -0.066904 -0.234466 -0.148569 0.178190 -0.126323 0.072274 -0.023121 -0.104088 -0.213348 -0.036587 -0.103167 -0.173764 -0.205716 -0.384065 -0.013712 -0.026848 -0.208726 -0.229323 -0.118912
-0.424409 -0.316992 0.192233 0.182169 0.431683 0.741511 0.226360 0.549614 0.614899 1.000000 -0.149152 0.185731 0.044700 0.414269 0.114795 0.642525 -0.380180 -0.209681 -0.544234 -0.525599 0.418744 0.323215 0.146025 0.419690 0.450441 0.492573 0.261360 0.233417 0.036049 -0.010264 0.293244 0.497177 -0.198240 -0.347703 0.087549 0.111154 0.000317 -0.140049 0.002159 -0.162098 0.111916 0.090146 -0.025699 -0.113592 0.089948 0.237306 -0.061410 -0.118643 0.031000 0.021893 0.280387 0.210046 0.120078 0.099932 -0.206681 0.069663 -0.480636 -0.547724 -0.135770 -0.161271 -0.202304 -0.064368 -0.223929 -0.136091 0.021001 0.191686 -0.192081 0.240740 -0.364966 -0.029481 0.297748 0.418236 0.121343 0.039148 -0.217869 0.047423 -0.178157 -0.243407 -0.088455 -0.213676 -0.156898 -0.430110 0.082179 0.132701 -0.040008 0.062617 0.082979 0.048980 0.059721 0.372144 -0.037648 -0.149296 0.243627 -0.069015 -0.039976 0.020030 -0.103413 -0.119985 -0.224895 -0.265572 0.070875 -0.245495 -0.051612 -0.074700 -0.073694 -0.106738 0.057151 0.004210 -0.149233 -0.193682 -0.181862 -0.220097 -0.238771 -0.055365 -0.112412 0.034854
0.304909 0.275720 0.316637 0.411763 0.080807 -0.216036 0.402027 -0.007207 0.100985 -0.149152 1.000000 0.412395 0.519377 0.320244 0.580912 0.113699 -0.121551 0.079388 0.357435 0.262240 -0.161834 -0.203584 0.580097 0.283392 -0.262513 -0.221018 0.125885 0.129602 0.548376 0.158205 0.243277 0.195305 -0.075913 0.217427 0.095758 -0.205978 -0.134614 -0.092640 0.019654 -0.266382 0.060694 0.062754 -0.381569 -0.360626 -0.288059 -0.369232 -0.382305 -0.499488 0.029853 -0.238541 0.021348 -0.414287 -0.318747 -0.298023 0.015766 -0.328589 -0.091591 0.079477 -0.108185 -0.504300 0.246785 -0.191803 0.004641 -0.075847 0.222856 -0.208511 -0.439746 -0.556597 0.025920 -0.248788 0.115293 0.058921 0.089878 0.061823 0.047140 0.037854 -0.028339 -0.141658 0.050955 0.249447 -0.060633 0.150917 0.533005 0.455649 0.384002 0.331108 0.018378 0.117436 0.231365 -0.030007 -0.263283 -0.154649 -0.210313 0.025356 -0.102206 -0.121075 -0.282063 -0.030460 -0.182046 -0.210782 -0.249607 -0.138884 -0.187159 -0.286702 -0.218257 -0.228274 -0.188813 -0.149266 0.048093 -0.060535 -0.196212 -0.037786 -0.124579 -0.156978 -0.065186 -0.168858
0.173052 0.250079 0.170309 0.434541 -0.084369 0.052785 0.116849 0.377520 0.223344 0.185731 0.412395 1.000000 0.449309 0.773763 0.326581 0.424026 -0.172789 -0.067717 0.063191 0.160615 -0.065315 -0.045961 0.257212 0.386820 -0.171587 0.051763 0.195865 0.220323 0.407274 0.086787 0.176907 0.183589 -0.059692 0.339920 -0.140216 0.121376 -0.285291 -0.187046 -0.092731 -0.223480 0.067238 0.057014 -0.209754 -0.246020 -0.226870 -0.264193 -0.295006 -0.302003 0.130357 -0.176914 -0.168194 -0.158869 -0.068084 -0.221712 0.005345 -0.173728 -0.163053 -0.140557 -0.139604 -0.458495 0.198979 -0.186340 -0.178384 -0.025332 0.173547 0.030839 -0.571278 -0.431686 -0.196430 -0.284469 0.098575 0.053427 0.332242 -0.013424 -0.061083 -0.076363 -0.267722 -0.191761 0.044701 -0.284139 -0.096944 -0.252670 0.345198 0.380648 0.028097 0.498211 0.068532 -0.003001 0.083428 0.233558 -0.137327 -0.129270 -0.034813 -0.120261 -0.184136 -0.223240 -0.010804 -0.123263 -0.238146 -0.147338 -0.156929 -0.135665 -0.173062 -0.347057 -0.325934 -0.143615 0.029198 -0.019285 0.075212 -0.116810 -0.073197 -0.099435 -0.166913 -0.037781 -0.072384 -0.191736
-0.037525 0.412981 0.321939 0.265900 0.297990 -0.041451 0.605025 0.256999 0.429989 0.044700 0.519377 0.449309 1.000000 0.355688 0.587763 0.258246 -0.328774 -0.114948 -0.186270 0.097571 -0.066088 -0.285157 0.357468 0.291736 -0.260438 -0.222963 0.181977 0.086090 0.367240 0.101390 0.119385 0.076594 -0.330596 0.018721 -0.071386 -0.202156 -0.083480 -0.400996 0.147106 -0.249968 -0.013963 0.080600 -0.120870 -0.240544 -0.073312 -0.305568 -0.335779 -0.313265 0.279824 -0.046358 -0.093803 -0.227083 -0.052161 -0.284433 0.032193 -0.130536 -0.191780 -0.021357 0.059662 -0.403443 0.419661 -0.203251 0.144530 0.157846 0.151528 -0.110400 -0.432857 -0.561891 -0.064530 -0.143582 0.073880 -0.016140 0.131308 -0.045214 -0.217428 0.018200 -0.169523 -0.237101 0.128460 -0.157373 -0.114362 -0.194575 0.415375 0.329104 -0.030380 0.252700 -0.080723 0.064927 0.334858 0.184272 -0.161955 -0.069329 0.053846 0.090467 -0.214998 -0.077690 -0.107772 0.091697 -0.164233 0.019285 0.046618 -0.082396 0.049416 -0.072882 -0.175646 -0.188706 -0.084718 -0.079014 -0.096359 -0.216618 -0.247814 0.091488 0.064462 -0.028749 -0.018283 -0.058631
-0.032405 -0.011800 0.297959 0.492546 0.054682 0.337322 0.204958 0.413815 0.311332 0.414269 0.320244 0.773763 0.355688 1.000000 0.362103 0.608770 -0.259502 -0.135316 -0.126369 -0.085225 0.034028 0.084712 0.384086 0.583212 0.187563 0.313141 0.268336 0.344113 0.316750 -0.006222 0.414049 0.499008 -0.097902 0.262013 -0.035727 0.274233 -0.200018 -0.276348 -0.061673 -0.280690 0.032226 -0.055103 -0.263301 -0.274859 -0.173582 -0.125953 -0.413916 -0.410533 0.093479 -0.206803 0.057033 -0.098075 -0.117723 -0.320232 0.001850 -0.231738 -0.282901 -0.274093 -0.131731 -0.412336 0.010700 -0.203882 -0.248907 -0.256823 0.130613 0.192024 -0.402523 -0.200883 -0.173660 -0.202539 0.165610 0.297909 0.240403 0.037459 -0.149447 0.047479 -0.264788 -0.201323 0.003485 -0.207327 -0.157374 -0.300176 0.215922 0.351293 0.078314 0.424472 0.034787 -0.005362 0.159509 0.289913 -0.245800 -0.272456 -0.023188 -0.234677 -0.200454 -0.209181 -0.009613 -0.097473 -0.387666 -0.319940 -0.159269 -0.252847 -0.283348 -0.325826 -0.261072 -0.233067 0.051018 -0.007759 0.014329 -0.179164 0.072868 -0.243863 -0.235495 -0.017061 -0.028693 -0.104740
0.049913 0.055047 0.338185 0.303782 0.412865 0.108718 0.403361 0.119407 0.362762 0.114795 0.580912 0.326581 0.587763 0.362103 1.000000 0.488906 -0.302381 -0.124269 -0.149396 -0.185467 0.158428 0.032498 0.542623 0.475666 0.061608 0.069056 0.305786 0.267030 0.410903 0.164480 0.356691 0.354445 -0.400164 0.026483 -0.079801 0.019130 0.012529 -0.114145 0.128228 -0.140345 0.306605 0.191586 -0.257469 -0.285272 -0.342625 -0.292901 -0.412657 -0.440536 0.154000 -0.150152 -0.013667 -0.245606 -0.148145 -0.260361 0.112315 -0.178113 -0.216985 -0.173811 -0.144267 -0.464977 0.083677 -0.152793 -0.096750 -0.200846 0.043601 -0.026052 -0.504816 -0.445610 -0.074021 -0.164517 0.200310 0.208087 0.152625 0.018208 -0.024919 0.131609 -0.013938 -0.121437 0.110980 0.114528 0.116379 0.005854 0.519331 0.521045 0.213150 0.286588 -0.100994 0.285068 0.473367 0.257283 -0.308796 -0.270131 0.044851 -0.065602 -0.193776 -0.120810 -0.159652 -0.036251 -0.278852 -0.234321 0.026163 -0.270755 -0.113563 -0.230141 -0.237727 -0.244639 -0.168062 -0.198700 0.035222 -0.086482 -0.117082 -0.037530 0.186007 -0.021111 -0.107677 -0.185249
-0.213036 -0.221483 0.312879 0.350511 0.426321 0.639075 0.285276 0.333725 0.423695 0.642525 0.113699 0.424026 0.258246 0.608770 0.488906 1.000000 -0.325747 -0.150149 -0.423138 -0.459531 0.364128 0.328956 0.364472 0.628075 0.298802 0.419794 0.370990 0.441965 0.223996 0.160636 0.381143 0.494156 -0.289962 -0.168746 0.002824 0.168960 -0.069216 -0.127671 0.119753 -0.211049 0.184104 0.135046 -0.170010 -0.239247 -0.136971 -0.170029 -0.370087 -0.344323 0.058264 -0.135496 0.215873 0.036455 0.101683 -0.132495 -0.056033 0.007133 -0.403906 -0.468993 -0.157948 -0.279518 -0.132464 -0.134784 -0.138070 -0.227888 -0.110755 0.190058 -0.272080 -0.157595 -0.308013 -0.106137 0.280983 0.418252 0.093369 0.132324 -0.240856 0.177874 -0.177613 -0.344615 -0.028486 -0.088132 0.082449 -0.326192 0.226385 0.436297 -0.059833 0.301628 -0.045844 0.213778 0.253883 0.545273 -0.329070 -0.293799 0.233190 -0.218926 -0.124399 -0.121711 -0.093369 -0.102008 -0.316358 -0.330569 0.071405 -0.360170 -0.165300 -0.234644 -0.162518 -0.248152 0.099424 -0.048013 -0.068440 -0.134403 -0.068833 -0.176226 -0.161933 -0.067922 -0.191719 -0.038443
0.331274 0.064440 -0.203200 -0.295949 -0.179223 -0.331404 -0.234722 -0.246649 -0.292892 -0.380180 -0.121551 -0.172789 -0.328774 -0.259502 -0.302381 -0.325747 1.000000 0.405769 0.246376 0.271485 -0.063158 -0.036596 -0.270853 -0.278080 -0.135006 -0.265608 -0.418923 -0.408630 0.018118 0.294233 0.009795 -0.098976 0.401429 0.177374 -0.056130 -0.150675 0.091331 0.308577 -0.096079 0.071629 0.111425 0.164218 0.021463 0.089542 0.098512 -0.005441 0.086501 0.061853 -0.210934 -0.008639 -0.302791 -0.061018 0.065640 0.044456 -0.052803 0.014589 0.483104 0.265497 -0.061846 0.228742 -0.010350 0.273187 0.122683 0.100754 -0.209711 -0.069257 0.286391 0.017162 0.009593 0.062515 0.050174 0.049187 0.278989 0.252131 0.370859 0.038580 0.349459 0.208620 -0.052790 0.150047 0.285416 0.425548 -0.404788 -0.260391 -0.135718 -0.135850 -0.186844 -0.141296 -0.399036 -0.146004 -0.133936 -0.163872 -0.319078 -0.266825 -0.010309 0.209967 -0.130193 0.040841 -0.006930 -0.102617 -0.150450 0.026688 -0.127502 -0.084463 0.011859 0.054213 -0.128307 -0.087125 0.174132 0.315459 0.145242 0.061112 -0.131581 -0.109332 -0.046402 -0.025265
0.203793 0.100153 -0.007169 -0.208956 -0.149463 -0.409510 -0.090432 -0.149947 -0.121210 -0.209681 0.079388 -0.067717 -0.114948 -0.135316 -0.124269 -0.150149 0.405769 1.000000 0.217965 0.168580 -0.110954 -0.218528 -0.151806 -0.313201 -0.121175 -0.362971 -0.313022 -0.308837 0.172581 0.363691 0.042042 -0.040205 0.278397 0.321541 0.077603 -0.180651 0.084006 0.077962 -0.076350 -0.135786 0.047707 -0.024789 -0.106057 -0.017197 0.103862 0.004432 -0.027714 -0.096599 -0.269733 -0.025029 -0.148857 -0.252877 -0.108001 -0.130602 -0.029589 -0.014624 0.222343 0.240211 -0.000092 0.171904 0.235769 0.184081 0.229615 0.340325 0.052343 -0.122618 0.203798 -0.029695 -0.095928 0.014947 0.132882 0.015179 0.106295 0.143631 0.266041 0.196842 0.134047 0.090153 0.003913 0.374324 0.056277 0.564273 -0.255550 -0.217909 0.030775 -0.185143 -0.146244 -0.284953 -0.272871 -0.183729 -0.231149 -0.168758 -0.311765 -0.255040 -0.019795 0.190299 -0.301908 -0.056182 -0.336562 -0.196588 -0.167208 -0.076929 -0.256452 -0.103229 -0.156252 -0.093309 -0.168414 -0.172220 0.169284 0.160724 -0.152284 -0.056636 -0.166394 0.028466 -0.049870 0.050294
0.468012 0.302454 -0.013389 0.295687 -0.357262 -0.586568 -0.275016 -0.271515 -0.314766 -0.544234 0.357435 0.063191 -0.186270 -0.126369 -0.149396 -0.423138 0.246376 0.217965 1.000000 0.694429 -0.431008 -0.344037 0.160336 -0.137296 -0.295849 -0.309812 -0.083229 -0.070200 0.250264 0.028500 -0.071821 -0.213672 0.317250 0.389115 -0.026450 -0.107863 -0.265432 0.187831 -0.269177 0.048904 -0.065862 -0.045335 -0.195947 -0.196665 -0.344725 -0.348435 -0.108240 -0.117365 -0.096535 -0.211290 -0.259140 -0.440321 -0.391424 -0.278583 -0.078509 -0.340530 0.294159 0.412314 -0.146877 -0.162898 0.090451 -0.096575 -0.095113 -0.055982 0.258217 -0.286602 -0.079566 -0.348224 0.390563 0.018438 -0.077542 -0.217579 -0.072338 -0.010459 0.208495 0.003030 0.020320 0.200025 0.042746 0.311710 0.002628 0.399732 0.181005 0.009759 0.300343 0.076826 -0.038891 -0.226461 -0.034306 -0.396975 0.094535 0.233184 -0.187469 0.157849 0.045389 -0.160424 -0.136992 0.164345 0.029998 0.054179 -0.258052 0.229359 -0.064563 -0.017936 -0.039335 -0.025906 -0.028726 -0.177909 0.054065 0.194753 -0.022580 0.107806 -0.011237 -0.042269 -0.019034 -0.195725
0.419249 0.520292 -0.064508 0.161059 -0.355246 -0.611514 -0.176898 -0.255122 -0.207795 -0.525599 0.262240 0.160615 0.097571 -0.085225 -0.185467 -0.459531 0.271485 0.168580 0.694429 1.000000 -0.444564 -0.430128 -0.052812 -0.247751 -0.486131 -0.469929 -0.099693 -0.098907 0.239199 0.116268 -0.247568 -0.384918 0.362015 0.460207 -0.161729 -0.090873 -0.241321 -0.076293 -0.107397 0.058299 -0.021003 -0.004127 -0.188873 -0.208333 -0.234633 -0.375189 -0.163844 -0.108644 0.044725 -0.181975 -0.351362 -0.432980 -0.306600 -0.346503 -0.089944 -0.363881 0.449112 0.492615 0.048134 -0.114673 0.300651 -0.041369 0.025760 0.095563 0.108522 -0.177159 -0.028157 -0.395188 0.417851 0.144927 -0.155146 -0.321564 0.091694 0.013026 0.133242 -0.007533 0.072284 0.255164 0.019138 0.079312 0.084842 0.294467 0.111409 -0.036557 -0.036318 0.057580 -0.013924 -0.250290 -0.138203 -0.385848 0.054023 0.279925 -0.197799 0.220358 0.036029 -0.026006 -0.184753 0.209038 -0.034173 0.153714 -0.214150 0.391200 0.114264 0.179868 -0.053812 0.061473 -0.024548 -0.127641 0.082106 0.274656 -0.090462 0.154957 -0.009339 -0.048923 0.069342 -0.100884
-0.123664 -0.283810 -0.017864 0.012955 0.409284 0.524534 0.058528 0.154842 0.181242 0.418744 -0.161834 -0.065315 -0.066088 0.034028 0.158428 0.364128 -0.063158 -0.110954 -0.431008 -0.444564 1.000000 0.217389 0.004916 0.231434 0.343609 0.334704 0.067437 0.089416 -0.072195 0.185563 0.287574 0.296671 -0.194081 -0.325864 0.014488 -0.096337 0.037142 0.176528 0.272445 0.022224 0.238026 0.184496 0.117870 0.009375 0.177202 0.169523 0.082999 -0.068936 -0.002026 0.009482 0.207518 0.199825 0.246147 0.272118 0.099456 0.151242 -0.155434 -0.370949 -0.102805 -0.066278 -0.346582 -0.199588 -0.108452 -0.167465 -0.262143 0.055632 -0.090496 0.132420 -0.334256 -0.132490 0.351572 0.385139 0.244816 0.283480 0.058689 0.050760 0.088307 -0.102125 0.154477 -0.128774 0.131500 -0.110392 -0.082301 0.139856 -0.094697 0.201672 -0.061396 0.272987 0.019213 0.327480 -0.214258 -0.230800 0.105879 -0.210625 -0.068623 0.037236 -0.056512 -0.207688 -0.013581 -0.170486 0.083576 -0.232913 -0.064780 -0.103136 -0.111018 -0.229685 -0.148625 -0.074859 -0.010225 -0.003623 -0.024799 -0.146061 -0.012098 -0.032248 -0.013674 -0.027073
-0.213601 -0.565008 -0.064381 -0.049194 0.063111 0.479913 -0.136686 0.015627 0.000096 0.323215 -0.203584 -0.045961 -0.285157 0.084712 0.032498 0.328956 -0.036596 -0.218528 -0.344037 -0.430128 0.217389 1.000000 0.002660 0.285900 0.334263 0.444601 0.339195 0.389105 -0.113345 -0.129004 -0.063132 0.142092 -0.149967 -0.277682 0.194752 0.172645 0.153881 0.147779 0.062399 0.224958 0.106541 0.034100 -0.051134 0.070255 -0.088500 0.018883 0.073934 0.106262 -0.045257 -0.111120 0.324487 0.218221 0.191471 0.260616 0.080838 0.293465 -0.248182 -0.480628 -0.049883 0.039545 -0.321962 0.049625 -0.170585 -0.247975 -0.268532 0.121660 0.018512 0.229968 -0.116175 0.046769 -0.130714 0.187134 -0.097101 -0.125496 -0.050849 -0.048640 0.021417 -0.100014 -0.096693 -0.096590 0.092549 -0.209174 0.021725 0.157541 -0.012432 0.013267 0.085447 0.355708 0.014155 0.402317 0.059099 -0.022341 0.156101 -0.069704 0.039866 -0.112768 0.118238 -0.079448 0.125215 -0.129566 -0.064435 -0.130849 0.113234 0.021223 0.099559 0.220913 0.313837 0.262556 0.117796 0.067704 0.161292 0.040231 -0.049448 0.043187 0.006458 0.217094
0.072230 -0.025502 0.582709 0.737397 0.322984 0.234132 0.478732 0.212210 0.220420 0.146025 0.580097 0.257212 0.357468 0.384086 0.542623 0.364472 -0.270853 -0.151806 0.160336 -0.052812 0.004916 0.002660 1.000000 0.780900 0.216014 0.335709 0.451084 0.456959 0.388996 0.014152 0.604426 0.587605 -0.344753 -0.112621 -0.035464 -0.075150 -0.175583 -0.053423 0.037710 -0.133517 0.067392 0.014462 -0.303230 -0.377869 -0.344966 -0.324421 -0.377824 -0.428752 0.031996 -0.180542 0.207440 -0.214247 -0.409221 -0.196294 -0.117735 -0.243777 -0.240693 -0.133851 -0.316303 -0.666230 -0.219341 -0.456883 -0.323718 -0.381857 0.274496 -0.249440 -0.518422 -0.487492 -0.094868 -0.223798 0.244665 0.316355 0.028105 -0.002264 0.009997 -0.047688 -0.207283 -0.232325 0.109307 0.150934 -0.046165 -0.120077 0.607143 0.425456 0.413758 0.303030 0.068185 -0.024275 0.508722 0.119909 -0.277504 -0.093656 0.052206 0.001928 0.018282 -0.241101 -0.298603 0.105694 -0.205593 -0.251958 -0.242058 -0.368801 -0.349260 -0.347850 -0.218865 -0.263739 -0.168629 -0.237011 0.036588 -0.059845 -0.030483 -0.018454 -0.034272 -0.098754 0.101274 -0.093889
-0.110060 -0.228765 0.529363 0.740366 0.393936 0.601969 0.390205 0.414992 0.295797 0.419690 0.283392 0.386820 0.291736 0.583212 0.475666 0.628075 -0.278080 -0.313201 -0.137296 -0.247751 0.231434 0.285900 0.780900 1.000000 0.318475 0.587671 0.503533 0.569376 0.347726 0.073873 0.588426 0.680744 -0.350332 -0.171083 -0.081768 -0.016108 -0.130970 -0.080610 0.132229 -0.092753 0.201000 0.092249 -0.260931 -0.321405 -0.222876 -0.215784 -0.365042 -0.428073 0.111429 -0.132887 0.260860 0.043433 -0.191998 -0.058014 -0.051647 -0.049991 -0.374871 -0.377648 -0.328517 -0.580187 -0.391966 -0.455999 -0.364568 -0.493265 0.036178 -0.043372 -0.501786 -0.318604 -0.232531 -0.264043 0.236625 0.482189 0.183358 0.029573 -0.035103 0.012092 -0.252344 -0.247177 0.049803 -0.033907 0.026446 -0.334095 0.421165 0.452680 0.147809 0.352744 0.044025 0.065030 0.391198 0.367817 -0.324277 -0.201419 0.155735 -0.188755 -0.146979 -0.189018 -0.237228 0.100702 -0.273775 -0.261781 -0.180817 -0.416358 -0.327047 -0.371212 -0.220797 -0.209083 -0.082777 -0.180141 0.019551 -0.020816 0.042455 -0.058695 -0.076304 -0.061278 0.082990 -0.095367
-0.400662 -0.332767 0.189748 0.160583 0.321720 0.521395 0.096306 0.275366 0.205683 0.450441 -0.262513 -0.171587 -0.260438 0.187563 0.061608 0.298802 -0.135006 -0.121175 -0.295849 -0.486131 0.343609 0.334263 0.216014 0.318475 1.000000 0.667584 0.188757 0.215005 -0.208961 -0.151271 0.486679 0.558994 -0.203291 -0.197789 0.047530 0.225148 -0.022924 -0.053433 -0.077035 0.017904 0.076708 0.004353 0.044210 0.038411 0.100624 0.341762 0.097998 0.007599 -0.007890 0.029869 0.310019 0.193126 0.104058 0.094487 -0.151048 0.003511 -0.279144 -0.272962 -0.237876 -0.035339 -0.401313 -0.160932 -0.299927 -0.388961 0.000210 0.141592 -0.029503 0.397236 -0.161528 0.071709 0.214662 0.427364 -0.144642 -0.007039 0.056595 0.015728 -0.164510 0.115602 -0.038172 -0.071374 -0.184384 -0.186780 -0.173123 -0.075583 0.019047 -0.136010 0.044473 0.004388 0.119181 0.096371 -0.123346 -0.192609 0.182721 -0.101356 0.094004 -0.059638 0.037640 -0.046554 -0.182811 -0.292200 -0.008383 -0.262583 -0.240965 -0.133027 -0.089293 -0.131667 -0.066823 -0.057226 0.029292 -0.031770 0.139332 -0.201102 0.024157 0.080453 0.034496 0.042603
-0.336406 -0.361344 0.262886 0.397480 0.231736 0.752405 0.057368 0.323610 0.109149 0.492573 -0.221018 0.051763 -0.222963 0.313141 0.069056 0.419794 -0.265608 -0.362971 -0.309812 -0.469929 0.334704 0.444601 0.335709 0.587671 0.667584 1.000000 0.517765 0.660173 -0.141985 -0.270280 0.411599 0.547385 -0.271463 -0.207890 -0.102819 0.290293 -0.166218 0.034449 0.018344 0.116833 0.096675 -0.020466 -0.068726 -0.062012 -0.030725 0.161513 0.029408 -0.039881 0.183895 -0.004186 0.384150 0.267216 0.032950 0.125816 -0.076246 0.121520 -0.395407 -0.335110 -0.285279 -0.227525 -0.580106 -0.420929 -0.525462 -0.508501 -0.087601 0.205805 -0.134959 0.228780 -0.117604 0.004549 0.169443 0.375218 -0.082927 -0.167003 -0.093316 0.045169 -0.288768 -0.005432 -0.035654 -0.100025 -0.089614 -0.308845 0.009540 0.188030 -0.125425 0.100298 0.043091 0.155944 0.137708 0.199324 -0.084332 -0.129842 0.222248 -0.098175 0.164609 -0.118923 0.195163 0.064370 -0.054364 -0.256168 -0.053143 -0.296524 -0.171078 -0.197117 -0.023586 -0.070796 0.032701 -0.038601 -0.045244 0.003436 0.309247 -0.188952 -0.141061 0.050251 0.137002 0.093062
-0.143211 -0.075883 0.206537 0.392068 0.242432 0.448774 0.137382 0.033440 0.227873 0.261360 0.125885 0.195865 0.181977 0.268336 0.305786 0.370990 -0.418923 -0.313022 -0.083229 -0.099693 0.067437 0.339195 0.451084 0.503533 0.188757 0.517765 1.000000 0.800472 0.033328 -0.275952 0.033970 0.123930 -0.425606 -0.248682 -0.053336 0.242522 -0.236951 -0.101660 0.151326 0.117559 0.030888 -0.074819 -0.232253 -0.301863 -0.281005 -0.340519 -0.186469 -0.132401 0.258572 -0.114668 0.261613 -0.010066 -0.247247 -0.076090 -0.034071 0.095882 -0.337442 -0.180898 0.015811 -0.303204 -0.202140 -0.380491 -0.329165 -0.321521 -0.072837 -0.093938 -0.265316 -0.264761 0.106971 0.070668 -0.030075 0.061566 -0.083996 -0.276353 -0.264680 0.023064 -0.308039 -0.165618 0.177671 0.040855 -0.067744 -0.277663 0.444172 0.384760 -0.012898 0.242157 0.162661 0.246848 0.316528 0.278541 0.059002 0.175197 0.214060 0.225945 0.135503 -0.195005 0.037360 0.303886 0.020870 -0.014336 0.014971 -0.072150 0.091886 0.078751 -0.035858 0.060159 0.051325 -0.016385 -0.038456 0.086010 0.123380 -0.001687 0.039047 0.092110 0.261086 0.217103
-0.094558 -0.124751 0.252238 0.514824 0.127004 0.497534 0.091898 -0.024291 0.111921 0.233417 0.129602 0.220323 0.086090 0.344113 0.267030 0.441965 -0.408630 -0.308837 -0.070200 -0.098907 0.089416 0.389105 0.456959 0.569376 0.215005 0.660173 0.800472 1.000000 0.044554 -0.287475 0.103005 0.212678 -0.294225 -0.102836 -0.086189 0.302586 -0.276211 -0.005077 0.158997 0.143300 -0.049973 -0.114227 -0.343075 -0.339919 -0.328406 -0.339828 -0.222038 -0.242752 0.273048 -0.217087 0.356599 -0.047368 -0.179105 -0.150009 0.018961 0.026746 -0.355412 -0.151210 -0.077771 -0.360518 -0.306242 -0.493947 -0.447891 -0.426946 -0.091884 0.089151 -0.191243 -0.239445 0.103091 0.015082 -0.002194 0.035133 -0.139703 -0.256846 -0.234833 0.039821 -0.351665 -0.155919 0.091610 0.050863 0.023376 -0.173662 0.376851 0.445165 -0.041044 0.334210 0.139083 0.287114 0.312816 0.240120 -0.074841 0.080671 0.240174 0.124347 0.167592 -0.148608 0.129976 0.181167 -0.034522 -0.085568 -0.070192 -0.132813 0.024369 -0.039513 0.000963 0.005796 0.151817 -0.007602 -0.002789 0.100943 0.257801 -0.000521 -0.066834 0.065086 0.147418 0.159485
0.269788 0.199387 0.346707 0.381753 0.219695 -0.107094 0.291701 0.166881 0.179576 0.036049 0.548376 0.407274 0.367240 0.316750 0.410903 0.223996 0.018118 0.172581 0.250264 0.239199 -0.072195 -0.113345 0.388996 0.347726 -0.208961 -0.141985 0.033328 0.044554 1.000000 0.350197 0.316634 0.264339 0.096595 0.230858 -0.035612 -0.157073 0.044608 -0.034170 -0.092684 -0.140717 0.321475 0.221557 -0.283506 -0.364705 -0.211263 -0.354339 -0.363260 -0.504691 -0.015305 -0.216492 -0.145414 -0.331811 -0.284284 -0.158625 -0.073984 -0.260633 -0.073531 -0.068151 -0.244914 -0.445533 0.140300 -0.127027 0.106987 0.040618 0.172426 -0.278195 -0.406610 -0.548779 -0.073331 -0.268963 0.126140 0.216158 0.380351 0.092443 0.183033 0.094972 0.010884 -0.094648 0.194581 0.230996 0.159655 0.163592 0.420971 0.333772 0.193062 0.278098 -0.108993 -0.034900 -0.010916 0.008908 -0.338784 -0.222203 -0.151693 -0.190938 -0.247634 -0.003275 -0.458097 0.028349 -0.319061 -0.172231 -0.168721 -0.166365 -0.128450 -0.307074 -0.317045 -0.182053 -0.054887 -0.163353 0.072975 -0.126611 -0.251521 0.033817 -0.101838 -0.098968 -0.044107 -0.223995
0.241428 0.087956 -0.002289 0.065766 0.233157 -0.083040 0.038189 0.125948 -0.021589 -0.010264 0.158205 0.086787 0.101390 -0.006222 0.164480 0.160636 0.294233 0.363691 0.028500 0.116268 0.185563 -0.129004 0.014152 0.073873 -0.151271 -0.270280 -0.275952 -0.287475 0.350197 1.000000 0.239999 0.202370 0.222767 0.154750 0.075837 -0.276680 0.327717 0.110537 0.205335 -0.229965 0.350826 0.313670 -0.049759 -0.126073 0.127353 -0.082672 -0.222993 -0.283697 -0.325396 -0.095621 -0.243075 -0.191311 -0.047058 -0.012981 -0.055203 -0.066673 0.215217 0.009677 -0.093106 -0.136253 0.096953 -0.051714 0.261943 0.224558 -0.025201 -0.321187 -0.131680 -0.252927 -0.249133 -0.265881 0.268804 0.251901 0.419235 0.420056 0.395376 0.215227 0.285449 0.002151 0.219612 0.122640 0.240214 0.321915 0.048691 0.323010 -0.010005 0.151119 -0.141690 -0.102227 -0.025927 0.106632 -0.505592 -0.417668 -0.162062 -0.400621 -0.243529 0.133683 -0.460175 -0.089127 -0.359941 -0.154944 -0.148272 -0.196978 -0.267638 -0.236369 -0.310809 -0.215383 -0.248005 -0.177918 0.208620 0.099745 -0.192609 -0.038009 -0.049382 -0.016751 -0.141582 -0.138159
-0.015535 -0.108930 0.380476 0.516734 0.336060 0.353138 0.350176 0.384183 0.208251 0.293244 0.243277 0.176907 0.119385 0.414049 0.356691 0.381143 0.009795 0.042042 -0.071821 -0.247568 0.287574 -0.063132 0.604426 0.588426 0.486679 0.411599 0.033970 0.103005 0.316634 0.239999 1.000000 0.835959 -0.174709 0.017588 -0.051919 -0.061502 0.018047 -0.043506 0.028882 -0.151027 0.192482 0.126196 -0.253926 -0.286461 -0.084263 0.010269 -0.334468 -0.476386 -0.145790 -0.162559 0.202716 -0.066218 -0.163779 -0.081299 -0.128540 -0.218392 -0.127027 -0.203680 -0.427811 -0.443716 -0.298733 -0.362145 -0.234918 -0.255731 0.064309 -0.091628 -0.351937 -0.081958 -0.316668 -0.214488 0.560786 0.668560 0.265254 0.284212 0.175297 0.206971 -0.139615 -0.063212 -0.014680 0.019534 -0.042917 0.064206 0.124459 0.191430 0.172476 0.212334 -0.041210 -0.163030 0.219501 0.129500 -0.402874 -0.424671 -0.037315 -0.331175 -0.070204 -0.013658 -0.314288 -0.033230 -0.386915 -0.388550 -0.115970 -0.461637 -0.441386 -0.404066 -0.204397 -0.421555 -0.250276 -0.212825 0.075716 -0.026501 0.002136 -0.210996 -0.088175 -0.033269 -0.016570 -0.141865
-0.086108 -0.255799 0.466685 0.523332 0.427573 0.536924 0.348082 0.484748 0.265109 0.497177 0.195305 0.183589 0.076594 0.499008 0.354445 0.494156 -0.098976 -0.040205 -0.213672 -0.384918 0.296671 0.142092 0.587605 0.680744 0.558994 0.547385 0.123930 0.212678 0.264339 0.202370 0.835959 1.000000 -0.171238 0.001724 -0.025285 0.037141 0.046696 -0.041394 0.031395 -0.231525 0.231547 0.108078 -0.182752 -0.174671 0.037105 0.156591 -0.238543 -0.419888 -0.120572 -0.097761 0.255410 0.030503 -0.141436 -0.004013 -0.177162 -0.094328 -0.228095 -0.366805 -0.311511 -0.412134 -0.352673 -0.266213 -0.283806 -0.290848 0.068819 -0.037004 -0.340045 0.008704 -0.354842 -0.293502 0.336832 0.637074 0.268836 0.168776 0.107167 0.199825 -0.091471 -0.143409 -0.020551 -0.008167 -0.021246 -0.050032 0.150171 0.317744 0.214022 0.177294 0.035163 -0.012078 0.228183 0.224746 -0.517342 -0.558558 -0.141685 -0.456113 -0.104817 -0.092175 -0.243764 -0.147711 -0.467452 -0.418200 -0.268594 -0.558100 -0.551144 -0.496100 -0.339744 -0.377150 -0.202254 -0.180959 0.046799 -0.167035 0.083656 -0.238386 -0.167986 -0.021604 0.005730 -0.155868
0.212222 0.006108 -0.065474 -0.178745 -0.313230 -0.285026 -0.228173 -0.205872 -0.092715 -0.198240 -0.075913 -0.059692 -0.330596 -0.097902 -0.400164 -0.289962 0.401429 0.278397 0.317250 0.362015 -0.194081 -0.149967 -0.344753 -0.350332 -0.203291 -0.271463 -0.425606 -0.294225 0.096595 0.222767 -0.174709 -0.171238 1.000000 0.541148 0.086333 0.003375 -0.006414 0.125415 -0.227773 -0.130857 0.077107 0.097922 -0.008814 0.070805 0.165856 0.127747 0.086922 -0.030378 -0.117714 -0.129883 -0.125307 -0.134172 -0.045693 -0.012475 -0.121296 -0.182405 0.236877 0.087407 0.135520 0.152208 0.170094 0.239739 0.096441 0.057386 0.101337 0.007844 0.307389 0.101051 0.129486 0.026021 -0.107421 -0.090013 0.124471 0.134009 0.384281 0.119321 0.250516 0.199802 -0.133043 0.171330 0.058726 0.310267 -0.310798 -0.111118 -0.148321 -0.075642 0.024895 -0.176979 -0.391137 -0.285214 -0.011675 -0.063257 -0.344496 -0.097853 -0.304378 0.000826 -0.075501 -0.255323 -0.034310 -0.105273 -0.255074 0.141596 -0.132796 -0.134846 -0.056671 -0.007481 0.099950 -0.007551 -0.053502 0.023464 0.008441 -0.053396 -0.222079 -0.226411 -0.233506 -0.047250
0.414417 0.289375 0.140055 0.076281 -0.363093 -0.432052 -0.172594 -0.048592 -0.166633 -0.347703 0.217427 0.339920 0.018721 0.262013 0.026483 -0.168746 0.177374 0.321541 0.389115 0.460207 -0.325864 -0.277682 -0.112621 -0.171083 -0.197789 -0.207890 -0.248682 -0.102836 0.230858 0.154750 0.017588 0.001724 0.541148 1.000000 -0.147284 0.146905 -0.109182 -0.030923 -0.331948 -0.239356 0.035119 0.038545 -0.112828 0.012606 -0.006271 0.010164 -0.144681 -0.189269 0.038585 -0.082625 -0.271071 -0.268714 -0.208669 -0.295620 -0.044225 -0.338379 0.263832 0.153866 0.091522 -0.071388 0.287890 0.096688 -0.009478 0.019901 0.133401 0.050419 -0.051187 -0.172218 0.132796 -0.161514 -0.095856 -0.112280 0.219194 0.007273 0.235025 0.202369 0.052539 0.215087 0.043305 0.055475 0.092373 0.372134 -0.067615 0.052550 -0.091514 0.104362 -0.069011 -0.227010 -0.237192 -0.349553 -0.210472 -0.267726 -0.352670 -0.191264 -0.285571 -0.168196 0.023566 -0.238192 -0.273809 -0.153363 -0.292099 0.008884 -0.245636 -0.291199 -0.244507 -0.127101 -0.060940 -0.168341 0.069941 0.063379 0.064074 -0.097242 -0.186337 0.026882 -0.085474 -0.219100
-0.199378 -0.311535 -0.014457 -0.050580 0.080921 0.098422 0.069873 -0.034820 -0.050086 0.087549 0.095758 -0.140216 -0.071386 -0.035727 -0.079801 0.002824 -0.056130 0.077603 -0.026450 -0.161729 0.014488 0.194752 -0.035464 -0.081768 0.047530 -0.102819 -0.053336 -0.086189 -0.035612 0.075837 -0.051919 -0.025285 0.086333 -0.147284 1.000000 0.143410 0.324962 -0.006589 0.097529 -0.219548 -0.169036 -0.069251 -0.013677 0.033414 0.164221 0.171244 -0.055715 -0.078261 -0.138283 -0.164738 0.308745 -0.203109 -0.087162 -0.072050 -0.055657 -0.096680 -0.161941 -0.107359 0.122168 0.105534 0.103233 0.128079 0.180482 0.126563 0.094130 -0.017498 0.259374 0.246509 -0.143269 -0.049447 0.045125 0.049591 -0.165010 0.069778 -0.102275 0.006846 -0.046819 -0.055653 -0.133602 0.224985 -0.117914 0.036393 0.043966 0.037695 0.242360 0.003746 0.094067 -0.075509 0.022282 0.002421 -0.040867 -0.097261 0.046105 0.077817 -0.129941 0.107926 -0.220036 -0.178760 -0.164264 -0.224654 0.053462 -0.021250 0.133336 0.053131 0.020018 -0.039166 0.039655 0.147571 -0.112384 -0.132694 0.038470 -0.143880 -0.029896 -0.251759 -0.136648 0.109245
-0.103032 -0.292251 0.037257 0.011329 -0.158036 0.136789 -0.170061 -0.021076 -0.035467 0.111154 -0.205978 0.121376 -0.202156 0.274233 0.019130 0.168960 -0.150675 -0.180651 -0.107863 -0.090873 -0.096337 0.172645 -0.075150 -0.016108 0.225148 0.290293 0.242522 0.302586 -0.157073 -0.276680 -0.061502 0.037141 0.003375 0.146905 0.143410 1.000000 -0.100962 -0.025412 -0.141408 0.092824 -0.155712 -0.122653 -0.180718 -0.037888 -0.144674 0.108390 -0.121214 -0.001034 -0.002841 -0.250020 0.051703 -0.219734 -0.229233 -0.353374 -0.083460 -0.045270 -0.096131 -0.012622 -0.011931 -0.058688 -0.012653 0.001880 -0.327782 -0.252442 0.188065 0.442899 0.097661 0.265829 0.160774 0.127475 -0.246153 -0.156405 -0.161434 -0.239674 -0.153673 -0.054210 -0.094534 0.090422 -0.141730 0.070126 -0.143454 -0.050480 -0.081196 0.081751 0.121542 0.035277 0.176169 0.047221 0.176987 0.131777 -0.024518 0.068225 0.127846 0.121541 0.087377 0.084311 0.306330 0.028241 -0.104100 -0.131231 -0.034214 0.024736 0.056102 0.061266 0.080692 0.130857 0.179168 0.166601 0.048615 -0.065392 0.481794 -0.212718 0.040488 0.090927 -0.014148 0.147733
