1.000000 0.004258 0.076891 0.046485 -0.267398 -0.368230 -0.148726 -0.198791 -0.275939 -0.306352 0.096915 0.086462 0.098664 -0.002515 -0.039931 -0.202825 0.308311 -0.154037 0.310859 0.119088 -0.026614 -0.180518 0.121077 -0.034165 -0.033756 -0.185204 -0.073041 0.039321 0.122815 -0.235248 0.111661 -0.002259 0.080692 -0.132728 -0.108847 -0.057701 0.211240 -0.067871 -0.000568 -0.147688 0.199864 -0.060572 -0.382958 0.051527 -0.369486 -0.100366 -0.385905 -0.131677 -0.035419 -0.070816 -0.178935 0.563484 0.185100 0.178759 0.084357 0.134583 0.101454 -0.228505 0.462167 0.327390 0.175032 -0.141936 0.048716 -0.086601 -0.346472 -0.176363 0.097217 -0.082526 -0.018020 -0.174173 0.325190 -0.066063 0.371126 -0.162863 0.182221 0.093392 0.325783 0.261698 0.087072 -0.183133 0.006013 -0.282440 0.049242 -0.118509 -0.077045 -0.060712 -0.068844 -0.105795 0.024410 -0.071247 -0.216611 0.287270 -0.270214 0.098468 0.097137 0.198608 -0.205779 -0.058408 -0.096939 0.141584 -0.144987 0.065020 -0.021286 0.199861 0.062232 -0.060564 0.107860 0.086613 0.054787 0.098706 -0.027494 -0.109150 -0.089298 0.015149 -0.000827 0.209863
0.004258 1.000000 -0.305403 0.126929 -0.257931 -0.047214 -0.201998 0.059197 -0.201082 -0.028651 0.025585 0.232770 0.033452 0.060975 -0.180114 -0.185617 0.149712 0.135986 0.137828 0.236156 -0.328456 -0.049851 -0.291969 -0.246683 -0.333374 -0.244447 -0.159030 -0.077435 -0.076382 0.057195 -0.395318 -0.303168 0.078349 0.173772 -0.094599 -0.207074 0.089258 0.089456 -0.217030 0.004818 -0.101339 -0.050163 -0.341179 -0.234807 -0.322983 -0.191036 -0.223408 -0.046197 0.075075 -0.080099 -0.035286 0.225524 0.228704 0.007402 0.070688 -0.037707 0.096655 0.513538 0.131285 0.372867 0.269957 0.107037 0.277838 0.370290 -0.220783 -0.313364 0.297088 0.144677 0.330066 0.417452 -0.071782 -0.177344 0.014290 -0.210011 -0.007361 -0.072837 -0.383057 -0.228142 0.033557 -0.005527 0.172082 0.075809 -0.165379 0.075796 0.137599 0.022680 0.013191 -0.143078 -0.110192 0.252415 -0.067204 0.032798 -0.041574 -0.251919 0.046641 -0.087803 -0.161905 -0.232582 -0.110042 0.236755 -0.053788 -0.101031 -0.073536 -0.055197 -0.355986 -0.086879 0.000157 -0.097340 0.119530 0.020858 -0.183478 0.013451 0.027606 -0.147452 0.060754 -0.174700
0.076891 -0.305403 1.000000 0.311139 0.466758 0.387622 0.587220 0.123296 0.404001 0.214018 0.039447 0.213839 0.306411 0.130936 0.563808 0.312872 -0.173581 -0.067814 0.137718 -0.021834 0.290752 0.130308 0.682508 0.485377 0.569953 0.334879 0.449338 0.252871 0.042664 -0.171507 0.575742 0.362006 -0.102943 -0.152842 0.120612 0.113123 0.072775 -0.437822 0.140758 -0.252896 0.023331 -0.360182 -0.092943 -0.068681 -0.137540 -0.090874 -0.136730 -0.223700 -0.269191 -0.211120 0.029340 -0.176815 -0.101746 -0.159380 -0.109390 -0.150316 -0.288909 -0.427696 -0.105842 -0.162086 -0.193204 0.017644 -0.279941 -0.387712 0.325541 0.041541 -0.306794 -0.214227 -0.263675 -0.088844 0.099427 0.032092 0.046075 -0.092820 0.020873 -0.122859 -0.089564 -0.265191 -0.053923 -0.243798 -0.000347 -0.291315 0.452859 -0.073411 0.227148 -0.436421 0.111720 -0.087789 0.125199 -0.215154 -0.115042 -0.076126 -0.174740 0.267066 0.236420 -0.012093 0.071941 -0.039694 -0.099225 -0.145784 -0.070140 -0.129412 -0.071754 -0.216111 0.199204 0.015591 0.003553 -0.017347 0.029854 -0.334457 0.111825 -0.250371 -0.134745 -0.072197 -0.161110 -0.040618
0.046485 0.126929 0.311139 1.000000 -0.031535 0.306053 0.125175 0.430687 -0.128509 0.085357 0.035116 0.408014 -0.032349 0.197242 0.200046 0.170889 -0.058981 -0.085501 0.178803 0.033988 0.131118 0.258487 0.275560 0.379179 0.206078 0.218388 0.242476 0.171305 0.070726 0.037824 0.270467 0.345239 0.043192 0.072514 -0.195571 -0.199233 -0.130650 -0.236074 -0.063927 -0.314755 -0.080323 -0.221240 -0.411904 -0.105891 -0.295179 -0.105212 -0.350740 -0.296069 -0.226546 -0.128638 -0.161616 -0.015177 -0.125453 -0.207941 -0.133221 -0.009884 -0.064850 -0.157710 -0.164126 0.224403 -0.213524 0.128239 -0.035239 -0.065718 -0.060857 0.052663 -0.088994 0.006397 0.112527 0.067503 0.201355 0.231399 0.183616 -0.097159 0.076452 -0.004942 -0.033087 -0.268080 0.033051 -0.134512 0.113882 -0.176508 0.075964 0.282578 0.139470 -0.185414 0.202346 0.052423 -0.063261 0.199776 -0.263494 -0.158146 -0.121087 -0.143242 0.188102 -0.190837 -0.185550 -0.160079 -0.222650 0.045731 -0.249951 -0.205592 -0.367510 -0.141840 -0.055093 -0.054803 0.004943 -0.014223 -0.157542 -0.251322 0.033388 -0.219824 -0.225317 -0.207640 -0.027991 -0.034615
-0.267398 -0.257931 0.466758 -0.031535 1.000000 0.418730 0.660397 0.348978 0.703898 0.649629 -0.106484 0.118769 0.033258 0.184258 0.380065 0.525061 -0.046293 0.002282 -0.260304 -0.250852 0.142978 -0.095767 0.178981 0.207829 0.296070 0.212807 0.362071 -0.015396 0.013055 0.086184 0.422306 0.318361 -0.253367 -0.015870 0.062052 0.246653 -0.120108 -0.316904 -0.015313 -0.040779 -0.142071 -0.166150 0.094282 0.031932 0.046850 0.010321 0.019124 -0.122882 -0.219492 -0.052163 -0.162435 -0.336745 -0.175267 -0.181238 -0.218570 -0.219590 -0.162920 -0.170200 -0.129374 -0.248377 0.222645 0.261529 -0.045820 -0.200947 0.490996 0.154320 -0.335196 -0.154302 -0.321334 -0.002763 -0.159932 -0.070014 -0.099976 -0.015160 -0.154525 -0.133202 -0.304266 -0.287169 -0.158536 -0.094890 -0.142168 -0.196049 0.298195 0.113514 -0.141742 -0.231274 -0.063177 -0.034637 0.111406 -0.037708 0.238397 -0.111280 0.174194 0.213482 0.131334 -0.007336 0.117023 0.085440 0.096802 -0.294680 0.142947 0.073670 -0.016625 -0.169282 0.135779 0.137430 -0.063127 -0.066550 0.058555 -0.137137 -0.009571 0.092774 0.004355 -0.198118 -0.205796 -0.035475
-0.368230 -0.047214 0.387622 0.306053 0.418730 1.000000 0.427952 0.430581 0.370823 0.515763 0.012631 0.177313 0.087355 0.212343 0.239237 0.435406 -0.147950 -0.016293 -0.076380 -0.224007 0.082318 0.100984 0.164784 0.278745 0.309391 0.330360 0.413777 0.257602 -0.219452 0.011264 0.115278 0.167630 -0.185954 -0.180112 0.075109 0.037410 0.013244 -0.200271 -0.005737 -0.038658 -0.285446 -0.134629 0.073351 -0.032770 -0.027882 -0.078944 0.115354 -0.097837 -0.233934 -0.164443 -0.034971 -0.349148 -0.094955 -0.190487 -0.049694 -0.085164 -0.032666 -0.062208 -0.355492 -0.208330 -0.100472 0.139738 0.008981 -0.127062 0.231229 0.043381 -0.263345 -0.118441 -0.137212 0.058436 -0.132016 0.097289 -0.247965 -0.028601 -0.085097 -0.152549 -0.351524 -0.392456 -0.172111 -0.116529 -0.044253 -0.137297 0.116921 0.203474 -0.064214 -0.051075 0.042285 0.115910 0.118036 0.185506 0.161956 -0.180392 0.217857 0.126622 0.044087 -0.081637 0.149335 0.073131 0.054734 -0.213539 0.137229 -0.014842 -0.088640 -0.180863 0.002723 0.114961 0.038839 0.041766 0.005202 -0.223679 -0.079134 -0.073632 -0.299871 -0.153064 -0.061486 -0.007389
-0.148726 -0.201998 0.587220 0.125175 0.660397 0.427952 1.000000 0.399239 0.571441 0.481755 -0.107777 0.134567 0.297794 0.108243 0.337094 0.330813 -0.153497 0.122697 -0.103476 -0.239781 0.005736 -0.031571 0.153489 0.074008 0.224462 0.077250 0.131359 -0.131803 0.049454 0.068223 0.407614 0.284159 -0.190651 -0.002008 -0.019124 0.092058 -0.044210 -0.250464 0.053241 -0.049639 -0.079044 -0.253632 0.032378 -0.087451 -0.059240 -0.133101 -0.038395 -0.087945 -0.191915 -0.164290 -0.056148 -0.289222 -0.097565 -0.219613 -0.155013 -0.108605 -0.153842 -0.207748 -0.140012 -0.165770 0.141422 0.204396 0.025654 -0.133432 0.507189 0.120815 -0.309792 -0.230975 -0.230158 -0.088882 -0.139075 -0.021468 0.006982 0.013600 0.040985 -0.106402 -0.137910 -0.132542 -0.220080 -0.171509 -0.029602 -0.166543 0.297023 0.053538 -0.018204 -0.319490 -0.026820 -0.143725 0.011547 0.044429 -0.001190 -0.138726 0.063100 0.187276 0.117720 -0.015425 0.100915 0.146847 -0.020418 -0.115869 0.115626 0.076328 0.047676 -0.182673 0.177628 -0.017404 -0.056569 0.022747 0.048694 -0.196334 0.013867 0.015202 -0.199388 -0.204875 -0.124369 -0.052927
-0.198791 0.059197 0.123296 0.430687 0.348978 0.430581 0.399239 1.000000 0.259106 0.627328 0.076981 0.538918 -0.178666 0.410077 0.126499 0.332481 0.001505 -0.173818 -0.008762 -0.229063 -0.193208 -0.045826 -0.130529 0.087765 -0.052491 0.020233 0.054941 -0.264100 0.136855 0.170545 0.231296 0.422883 -0.109891 0.120655 -0.342351 -0.240780 -0.213141 -0.313301 -0.258104 -0.268164 -0.267590 -0.256862 -0.228361 -0.157736 -0.248503 -0.109404 -0.189748 -0.259422 -0.303052 -0.159423 -0.467293 -0.137947 -0.239714 -0.074390 -0.283375 -0.097229 -0.053319 -0.036587 -0.182544 0.258727 0.154404 0.539249 0.181776 0.132684 0.155853 0.207858 -0.260518 -0.026114 -0.143080 -0.049698 0.057738 -0.007790 0.080737 -0.251822 -0.199133 -0.159650 -0.306017 -0.439245 -0.081101 -0.344994 -0.098162 -0.198645 0.049294 0.505611 -0.073182 -0.047738 0.102230 0.076068 -0.199988 0.450594 -0.055681 -0.051007 0.230324 -0.022940 0.095473 -0.023330 -0.195154 0.003097 -0.205905 0.040113 0.148285 -0.137557 -0.235741 -0.082517 -0.188472 -0.101233 -0.008864 -0.005594 -0.020781 -0.091778 -0.164470 -0.001396 -0.116403 -0.345428 -0.305297 -0.011990
-0.275939 -0.201082 0.404001 -0.128509 0.703898 0.370823 0.571441 0.259106 1.000000 0.623162 -0.089575 0.077980 0.062129 0.006059 0.439760 0.450387 -0.104191 0.102387 -0.227316 -0.290469 0.097641 -0.146574 0.141348 0.032156 0.262568 0.091814 0.093015 -0.150512 0.010814 0.039626 0.267101 0.151168 -0.210812 0.070187 0.067777 0.179129 -0.061459 -0.210506 -0.025992 -0.054328 -0.168294 -0.183271 0.046752 -0.042968 -0.061837 -0.182534 0.123958 -0.132961 -0.169102 -0.138663 -0.023404 -0.218524 -0.018165 -0.130900 -0.033677 -0.082472 -0.169590 0.015585 -0.084817 -0.155991 0.200960 0.338113 -0.222006 -0.121294 0.459674 0.117502 -0.231114 -0.225648 -0.223424 -0.017040 -0.244526 -0.123736 -0.130647 -0.011556 0.010413 -0.153169 -0.186043 -0.128795 -0.176773 -0.144939 -0.157488 -0.183967 0.168701 0.021742 -0.140252 -0.156835 -0.108368 -0.219204 0.200539 0.031645 0.298775 -0.056405 0.205131 0.174345 0.135268 0.068234 0.147455 0.151631 0.057621 -0.328100 0.118678 -0.014706 0.063308 -0.224464 0.154746 0.005606 -0.114397 0.059204 0.010356 -0.214964 -0.038157 0.033357 0.016375 -0.159092 -0.210476 0.063331
-0.306352 -0.028651 0.214018 0.085357 0.649629 0.515763 0.481755 0.627328 0.623162 1.000000 -0.073630 0.334987 -0.154800 0.246583 0.280267 0.508244 0.031278 -0.086828 -0.183564 -0.350260 -0.057340 -0.098385 -0.089894 -0.056479 0.066350 0.049671 0.246470 -0.134475 -0.012297 0.104219 0.176664 0.228657 -0.282880 0.034719 -0.146544 -0.002071 -0.154480 -0.391648 -0.117739 -0.218564 -0.196906 -0.316662 -0.025144 -0.006052 -0.061789 -0.060950 0.019347 -0.169781 -0.195592 -0.029468 -0.319152 -0.197192 -0.097789 -0.007750 -0.084704 -0.109843 -0.055290 0.056243 -0.087304 0.031597 0.291792 0.462963 0.061336 0.020795 0.205881 0.121394 -0.304868 -0.103472 -0.198251 0.053443 -0.094487 -0.081537 -0.076723 -0.232965 -0.276797 -0.260961 -0.266514 -0.486067 -0.182117 -0.266968 -0.210320 -0.268863 0.020893 0.239670 -0.211873 -0.113267 -0.094457 0.008972 0.038339 0.285442 0.333320 -0.102541 0.282174 0.049087 0.110997 -0.024512 0.034747 0.004505 0.115324 -0.228728 0.115126 0.011762 -0.056074 -0.162398 -0.045224 0.002771 -0.147665 0.000519 -0.009082 -0.153725 -0.249294 0.156659 -0.129179 -0.288429 -0.206705 0.008596
0.096915 0.025585 0.039447 0.035116 -0.106484 0.012631 -0.107777 0.076981 -0.089575 -0.073630 1.000000 0.291921 0.367856 0.536582 0.125751 0.026141 -0.347905 -0.431587 -0.031365 -0.088080 -0.078760 -0.106150 0.138633 0.216597 0.032684 -0.185749 -0.035125 -0.196279 0.121070 -0.270153 0.056797 -0.072954 -0.040186 -0.093291 0.027156 -0.029263 -0.248574 0.096861 -0.035020 0.064198 -0.180956 0.085393 -0.077941 -0.107702 -0.174447 -0.016423 0.087699 -0.077059 -0.100613 0.017484 -0.221782 -0.038181 0.153356 -0.056502 0.074719 -0.063401 -0.263212 -0.002403 0.111830 -0.008294 0.024745 0.051618 -0.064698 0.286362 -0.053315 -0.185808 0.066923 -0.029600 0.089775 0.001827 0.052075 0.009890 -0.153726 -0.130147 -0.263232 0.288596 0.099423 -0.098831 -0.065660 -0.218817 -0.295372 0.042220 -0.151748 0.102342 0.118391 0.160097 0.255236 -0.023610 0.173276 0.176817 -0.207621 0.131118 -0.049987 -0.110163 -0.035025 0.254990 -0.231143 0.031496 -0.255603 -0.159598 -0.109976 -0.255886 -0.058380 0.155387 -0.265417 -0.154611 -0.054219 0.085684 0.250144 -0.008099 0.204863 -0.196677 0.016134 -0.034964 -0.281076 0.048794
0.086462 0.232770 0.213839 0.408014 0.118769 0.177313 0.134567 0.538918 0.077980 0.334987 0.291921 1.000000 0.015158 0.665584 0.259672 0.263308 0.003287 -0.196722 -0.103478 -0.240468 -0.202361 -0.032438 0.133911 0.156503 0.094020 -0.079542 0.169395 -0.077502 0.106635 0.049787 0.202170 0.209514 -0.191820 -0.075061 -0.167971 -0.313613 -0.160540 -0.305711 -0.247267 -0.312608 -0.156189 -0.340740 -0.417188 -0.140408 -0.439972 -0.101234 -0.321280 -0.336008 -0.266716 -0.161885 -0.374200 0.055308 -0.155693 -0.066733 -0.103901 -0.053042 -0.258156 -0.060818 0.005721 0.288518 0.256381 0.547253 0.159324 0.266791 -0.052738 0.067536 -0.140366 -0.112014 -0.104285 0.027839 0.173265 0.017555 0.086713 -0.237569 -0.145695 -0.134853 -0.199138 -0.285448 0.016080 -0.341569 0.013651 -0.203929 0.055880 0.354986 0.249040 -0.108507 0.220176 0.051524 -0.043542 0.379750 -0.176933 -0.083884 -0.136251 -0.172161 0.068459 0.069000 -0.197021 -0.052886 -0.132852 -0.098041 -0.304560 -0.335601 -0.363339 -0.053543 -0.195073 -0.211903 -0.043568 0.065641 0.032622 -0.095383 -0.193738 -0.233043 -0.116146 -0.265224 -0.146328 0.007524
0.098664 0.033452 0.306411 -0.032349 0.033258 0.087355 0.297794 -0.178666 0.062129 -0.154800 0.367856 0.015158 1.000000 0.294286 0.139374 0.082197 -0.186614 0.147656 -0.034264 -0.048245 -0.125734 -0.116547 0.312284 0.180989 0.187691 -0.120641 0.062361 0.013082 -0.197672 -0.074685 0.008572 -0.142685 -0.125638 -0.172967 0.187208 0.218224 -0.008153 0.066030 0.044584 0.088676 -0.135387 -0.164876 -0.012581 -0.090183 -0.117989 -0.065126 0.130313 0.109494 -0.012379 -0.139060 0.258617 -0.046985 0.188777 -0.117383 0.192021 0.024972 -0.195174 0.021413 -0.116019 -0.181753 -0.104024 -0.206697 -0.066727 -0.059843 0.188738 -0.272759 0.063706 -0.044325 0.043608 0.098919 -0.208229 -0.046666 -0.240339 0.037936 0.220807 -0.004036 -0.009496 -0.026907 -0.153118 -0.055024 -0.007675 -0.104654 0.130852 -0.206237 0.182215 -0.145794 0.110250 -0.062042 0.120479 -0.032526 -0.033290 0.160457 -0.008042 0.029971 -0.042923 0.078982 0.101847 -0.101213 -0.015310 -0.134011 -0.144106 -0.093561 0.201977 -0.052314 0.156280 -0.053571 0.025262 0.171271 0.201065 -0.054879 0.250234 -0.030306 -0.141998 0.067897 -0.008649 -0.096962
-0.002515 0.060975 0.130936 0.197242 0.184258 0.212343 0.108243 0.410077 0.006059 0.246583 0.536582 0.665584 0.294286 1.000000 0.139603 0.260430 -0.156678 -0.247644 -0.143482 -0.244518 -0.305375 -0.014266 0.117572 0.313350 0.048014 -0.071185 0.231789 -0.058673 0.025036 0.046149 0.149157 0.139992 -0.308399 -0.297497 -0.134122 -0.215610 -0.277414 -0.146494 -0.283013 -0.113023 -0.212969 -0.247104 -0.140209 0.070492 -0.139616 0.208018 -0.082118 -0.074865 -0.186952 0.050488 -0.353653 -0.077608 -0.083888 -0.083577 -0.050612 0.058487 -0.272725 -0.014701 -0.113866 0.044207 0.051755 0.295558 0.104917 0.210699 0.013338 -0.120789 -0.086986 -0.089021 -0.012088 0.098532 0.031788 -0.005934 -0.132834 -0.207277 -0.284818 0.004434 -0.246772 -0.288405 -0.060870 -0.329883 -0.196234 -0.177243 0.035227 0.331305 0.194609 0.036467 0.230523 0.170538 -0.055905 0.284193 -0.078723 0.004332 -0.033352 -0.229788 -0.014961 0.109302 -0.044873 -0.009501 0.022681 -0.298863 -0.207251 -0.252597 -0.303236 0.075152 -0.275051 -0.133718 0.094622 0.025552 0.112387 -0.030918 0.085665 -0.088593 -0.032215 -0.116193 -0.192549 -0.065043
-0.039931 -0.180114 0.563808 0.200046 0.380065 0.239237 0.337094 0.126499 0.439760 0.280267 0.125751 0.259672 0.139374 0.139603 1.000000 0.407978 -0.006899 -0.256122 -0.167917 -0.145212 0.366633 -0.005746 0.614986 0.451559 0.441417 0.346743 0.381578 0.164843 0.130727 -0.291039 0.533458 0.269834 -0.204936 0.006538 0.024142 0.145996 -0.173637 -0.483198 0.099497 -0.197289 0.064646 -0.274883 -0.061558 -0.011994 -0.117691 -0.003456 -0.083346 -0.196542 -0.182473 -0.016476 -0.157445 -0.022279 -0.241719 0.082593 -0.192251 0.019956 -0.312693 -0.171998 -0.084844 -0.200536 -0.074524 0.080892 -0.252201 -0.272319 0.303367 0.013802 -0.282722 -0.189627 -0.210066 -0.038182 0.250173 0.154891 0.076483 -0.240855 -0.184366 -0.007023 -0.092167 -0.163216 -0.087625 -0.351537 -0.246352 -0.443709 0.347923 0.030540 -0.003130 -0.422029 -0.003247 -0.061376 0.224602 -0.140580 0.125865 0.015059 -0.091562 0.233863 0.205324 -0.170927 0.047469 -0.084250 0.074652 -0.120787 -0.146599 -0.190990 -0.110811 -0.148648 0.041103 0.076602 0.155040 -0.219895 -0.049058 -0.351203 -0.037545 -0.096444 -0.034019 -0.235120 -0.090137 0.130329
-0.202825 -0.185617 0.312872 0.170889 0.525061 0.435406 0.330813 0.332481 0.450387 0.508244 0.026141 0.263308 0.082197 0.260430 0.407978 1.000000 -0.124391 -0.120479 -0.374229 -0.561974 0.319239 -0.061997 0.195367 0.233553 0.216550 0.220061 0.534860 0.228734 -0.306356 0.081559 0.144758 0.125895 -0.270822 -0.201977 0.137644 0.200944 -0.366396 -0.214222 -0.017685 -0.204625 -0.394884 -0.224015 0.030420 -0.057308 -0.092732 -0.107784 0.169567 -0.164978 -0.044893 -0.117480 0.095450 -0.168760 0.100912 0.155499 -0.017036 -0.047277 -0.066370 0.105646 -0.027951 -0.056524 0.134990 0.404991 -0.101724 -0.190783 0.341438 0.297900 -0.124972 -0.194487 -0.154864 -0.067824 -0.230322 -0.049605 -0.440556 0.070663 -0.230026 -0.101193 -0.342210 -0.255549 -0.453951 -0.172021 -0.445303 -0.288623 -0.012476 0.222553 -0.426314 0.041909 -0.100870 0.131357 0.046616 0.129210 0.341026 -0.065646 0.397731 0.071250 0.059186 0.116291 0.215519 0.198416 0.136316 -0.456931 -0.117027 0.007215 -0.221917 -0.056968 0.115529 -0.021872 0.026053 -0.067715 -0.056767 -0.263026 -0.108498 -0.105607 -0.057802 -0.191085 -0.316976 0.064139
0.308311 0.149712 -0.173581 -0.058981 -0.046293 -0.147950 -0.153497 0.001505 -0.104191 0.031278 -0.347905 0.003287 -0.186614 -0.156678 -0.006899 -0.124391 1.000000 0.246009 0.209379 0.132917 -0.095455 -0.018048 -0.052682 -0.188455 -0.097710 -0.044997 -0.047286 0.117607 0.269063 0.099432 0.089891 0.176867 0.359662 0.227528 -0.224185 -0.097784 0.042836 -0.253323 -0.057295 -0.279500 0.344440 -0.022270 -0.157057 0.064964 -0.090319 0.038660 -0.339763 -0.065000 -0.103938 0.006708 -0.320053 0.240000 -0.250599 0.181813 -0.187518 0.025919 0.337577 -0.055350 -0.026980 0.107208 0.210450 -0.051771 0.268496 -0.183714 -0.281829 -0.089741 -0.127289 -0.031287 -0.013689 -0.051388 0.345843 0.063002 0.587633 -0.145917 0.256347 -0.213745 0.086092 0.002841 0.357300 0.112083 0.269323 -0.163801 0.198528 0.108851 -0.246803 -0.187405 -0.198755 -0.008506 -0.028802 -0.159978 0.065420 0.089346 -0.179022 0.036464 0.019771 -0.246515 0.026226 -0.169780 0.143601 0.179458 -0.008268 0.214455 -0.034284 0.028760 -0.085243 0.080207 0.219338 0.106615 -0.150669 0.062590 -0.149673 0.203341 0.109149 -0.089599 0.109494 0.231824
-0.154037 0.135986 -0.067814 -0.085501 0.002282 -0.016293 0.122697 -0.173818 0.102387 -0.086828 -0.431587 -0.196722 0.147656 -0.247644 -0.256122 -0.120479 0.246009 1.000000 0.064178 0.111625 -0.085928 0.204179 -0.035267 -0.151788 0.024232 -0.013851 -0.057155 0.073035 -0.070533 0.640359 -0.117626 -0.001520 0.202556 0.107865 0.046464 -0.077235 0.108562 0.054805 -0.103852 -0.103813 -0.009099 -0.040322 0.160300 0.027289 0.126122 -0.081348 0.053735 0.080921 0.135543 -0.139219 0.354220 -0.208399 -0.031401 -0.144107 -0.025344 -0.064696 0.460729 0.145731 -0.293257 -0.229741 0.027492 -0.207283 0.269101 -0.072433 0.108736 -0.163455 -0.074495 -0.251992 -0.042713 -0.021166 -0.281881 0.042364 0.010239 0.481663 0.387201 -0.182125 -0.022685 0.158968 0.114407 0.434488 0.518424 0.363940 0.074587 -0.075195 0.005364 -0.046776 -0.239614 -0.064856 -0.159797 -0.250402 0.016383 -0.255152 -0.048476 -0.298119 -0.108354 -0.137402 0.227528 0.054427 0.179202 -0.027373 -0.049956 0.029233 0.186220 -0.306498 0.089253 -0.109373 0.038877 -0.000186 0.080647 0.060792 -0.012298 0.036125 0.023110 0.137399 0.246042 -0.006048
0.310859 0.137828 0.137718 0.178803 -0.260304 -0.076380 -0.103476 -0.008762 -0.227316 -0.183564 -0.031365 -0.103478 -0.034264 -0.143482 -0.167917 -0.374229 0.209379 0.064178 1.000000 0.680436 -0.121837 0.042376 0.083442 -0.016206 0.028550 -0.058937 -0.138226 -0.031861 0.070155 -0.151995 0.068040 0.059602 0.455808 0.152967 -0.016576 -0.074859 0.239546 -0.047449 -0.062199 -0.170970 0.265115 0.055662 -0.295087 -0.156328 -0.178751 -0.172015 -0.331612 -0.128990 -0.168732 -0.111121 -0.137590 0.212101 0.044476 -0.088382 -0.058935 -0.047946 0.154317 -0.201685 0.048794 0.305115 -0.293210 -0.271408 -0.111193 -0.156418 -0.165186 -0.223076 0.074346 0.081620 0.163153 0.123282 0.247741 -0.002084 0.347780 -0.186298 0.255448 0.058969 0.132881 -0.108992 0.217914 -0.073410 0.225268 -0.046505 0.276504 -0.009647 0.223724 -0.117452 0.092890 -0.087907 -0.110188 -0.126498 -0.205805 0.097049 -0.244923 -0.016894 0.093958 -0.035836 -0.164667 -0.247576 -0.203219 0.397569 0.054628 -0.104759 -0.019351 -0.143615 -0.176285 0.077658 -0.025271 -0.022645 0.044802 0.083929 0.023469 -0.021160 0.071715 -0.093050 -0.121595 -0.028084
0.119088 0.236156 -0.021834 0.033988 -0.250852 -0.224007 -0.239781 -0.229063 -0.290469 -0.350260 -0.088080 -0.240468 -0.048245 -0.244518 -0.145212 -0.561974 0.132917 0.111625 0.680436 1.000000 -0.060800 0.086847 0.039786 0.012111 -0.111884 0.044444 -0.182075 -0.104441 0.139808 -0.153702 -0.017374 -0.009609 0.351492 0.333724 0.029035 0.013244 0.181754 0.011405 0.014249 0.055228 0.347629 0.186853 -0.200921 -0.181465 -0.049703 -0.051930 -0.246797 -0.032493 -0.113361 -0.102842 -0.076634 0.104291 -0.123211 -0.151601 -0.146890 -0.120159 0.077740 -0.053481 0.008866 0.170012 -0.271592 -0.433142 -0.007079 -0.023858 -0.152916 -0.283991 0.179936 0.286166 0.221656 0.396482 0.215945 0.045825 0.340706 -0.136374 0.194916 0.114060 0.036245 -0.096352 0.232282 0.096895 0.343875 0.105585 0.255437 -0.064340 0.276624 -0.158472 0.161237 -0.058642 -0.080065 -0.174033 -0.218450 0.100823 -0.313350 0.032784 0.038855 -0.240128 -0.192867 -0.384873 -0.142070 0.393644 0.032395 -0.190217 0.070330 -0.098719 -0.154327 0.172834 -0.011930 -0.110884 0.022806 0.139120 0.058746 0.087923 0.132396 -0.058146 0.018656 -0.155326
-0.026614 -0.328456 0.290752 0.131118 0.142978 0.082318 0.005736 -0.193208 0.097641 -0.057340 -0.078760 -0.202361 -0.125734 -0.305375 0.366633 0.319239 -0.095455 -0.085928 -0.121837 -0.060800 1.000000 0.235245 0.449319 0.393573 0.378601 0.473430 0.465563 0.440084 0.011307 -0.082595 0.353587 0.218299 0.107899 0.009469 0.123836 0.127482 -0.094371 -0.130785 0.387982 -0.106466 0.039318 0.034121 0.022957 -0.074323 0.015377 -0.122673 -0.039676 -0.220242 -0.048369 -0.076506 0.198983 -0.024444 0.013564 0.119486 0.009603 -0.076411 0.075046 -0.167150 -0.125020 -0.275853 -0.197742 -0.179392 -0.227626 -0.323076 0.116227 0.221825 -0.196191 -0.157973 -0.211389 -0.208119 0.168936 0.255552 -0.048455 0.254150 -0.059439 0.158854 0.038093 0.131645 -0.152709 -0.086667 -0.234769 -0.183552 0.010869 -0.214828 -0.230727 0.001853 -0.153052 -0.011151 0.164565 -0.273886 0.006201 -0.049458 0.036527 0.161326 0.043429 -0.067537 0.231349 0.054020 -0.007402 -0.116416 -0.104318 0.050252 -0.024909 0.051463 0.153158 0.147044 0.036543 -0.108245 -0.094462 -0.086261 -0.104518 -0.130304 -0.025514 0.131421 -0.054675 0.091429
-0.180518 -0.049851 0.130308 0.258487 -0.095767 0.100984 -0.031571 -0.045826 -0.146574 -0.098385 -0.106150 -0.032438 -0.116547 -0.014266 -0.005746 -0.061997 -0.018048 0.204179 0.042376 0.086847 0.235245 1.000000 0.204411 0.238162 0.140665 0.197816 0.181101 0.345618 0.048879 0.275003 0.193222 0.198429 0.170141 0.078313 0.008795 -0.117022 -0.107735 -0.158232 0.104833 -0.122962 0.064603 0.075279 0.060144 -0.105748 0.214748 -0.011462 -0.012897 -0.091244 0.025537 -0.024497 0.078002 -0.228683 -0.273714 -0.024378 -0.156427 -0.024668 0.042077 -0.181991 -0.254676 -0.161852 -0.341521 -0.165047 0.138910 -0.063187 -0.051728 0.027437 -0.154328 -0.124528 -0.138974 -0.161756 0.075827 0.330835 0.106726 0.193247 0.029979 -0.007359 -0.020839 0.033315 0.160280 0.055543 0.288250 0.204083 0.015095 0.060992 0.128565 0.033955 0.078711 -0.035203 -0.324014 -0.056298 -0.214222 -0.361058 -0.219358 -0.133959 0.061181 -0.105106 0.056899 0.031213 0.140306 0.132510 -0.113207 -0.116652 -0.190942 0.049489 -0.099292 0.078911 0.077775 -0.173455 -0.047460 -0.062660 0.156125 0.003418 -0.009353 0.185001 0.216953 0.028273
0.121077 -0.291969 0.682508 0.275560 0.178981 0.164784 0.153489 -0.130529 0.141348 -0.089894 0.138633 0.133911 0.312284 0.117572 0.614986 0.195367 -0.052682 -0.035267 0.083442 0.039786 0.449319 0.204411 1.000000 0.750635 0.651998 0.518973 0.531124 0.499121 -0.036089 -0.169608 0.561651 0.397352 -0.067691 -0.178035 0.217777 0.154811 0.030935 -0.404977 0.147863 -0.262229 0.146095 -0.192738 -0.119772 -0.050340 -0.113104 0.000586 -0.222211 -0.255476 -0.341639 -0.172995 0.054554 -0.133172 -0.228860 -0.086916 -0.157072 -0.107686 -0.153383 -0.299809 -0.255066 -0.312048 -0.352894 -0.282496 -0.301580 -0.386042 0.314644 -0.044291 -0.305109 -0.158355 -0.133829 -0.123610 0.215025 0.200497 0.040033 -0.005546 0.027918 -0.008900 0.052665 -0.032102 0.026199 -0.142617 -0.023487 -0.269459 0.467039 -0.110922 0.262553 -0.301992 0.084759 0.040914 0.257733 -0.354825 -0.108902 0.058531 -0.195335 0.197752 0.084912 -0.080905 0.033002 -0.069116 -0.092923 -0.129353 -0.279228 -0.286094 -0.083940 -0.062366 0.209702 0.041923 0.058942 -0.006617 -0.138644 -0.274544 0.103633 -0.295998 -0.051845 0.014412 -0.068862 0.040917
-0.034165 -0.246683 0.485377 0.379179 0.207829 0.278745 0.074008 0.087765 0.032156 -0.056479 0.216597 0.156503 0.180989 0.313350 0.451559 0.233553 -0.188455 -0.151788 -0.016206 0.012111 0.393573 0.238162 0.750635 1.000000 0.509887 0.608877 0.527505 0.486019 -0.049098 -0.129983 0.510079 0.450708 -0.125898 -0.249166 0.096777 0.066400 -0.049306 -0.252116 0.066599 -0.073156 0.026047 -0.063530 -0.106769 -0.041728 -0.102617 0.064035 -0.149642 -0.216190 -0.314442 -0.179206 -0.038508 -0.201913 -0.224631 -0.131660 -0.282364 -0.128378 -0.161791 -0.174495 -0.320536 -0.295320 -0.446076 -0.258892 -0.227612 -0.298631 0.257279 -0.106233 -0.223098 -0.035096 -0.146992 -0.046821 0.220573 0.330593 -0.087664 -0.029728 -0.097742 0.098116 -0.133763 -0.103955 -0.063829 -0.142281 -0.107282 -0.197850 0.373469 0.114111 0.195154 -0.105408 0.160306 0.131010 0.119948 -0.192403 -0.176901 0.023600 -0.005191 0.189702 0.009139 -0.042962 -0.052269 -0.102628 -0.114376 -0.091824 -0.141383 -0.277673 -0.195584 0.028754 0.167032 0.162047 0.143865 -0.038917 -0.105775 -0.204311 0.083809 -0.201134 0.048898 0.007277 -0.124659 -0.074301
-0.033756 -0.333374 0.569953 0.206078 0.296070 0.309391 0.224462 -0.052491 0.262568 0.066350 0.032684 0.094020 0.187691 0.048014 0.441417 0.216550 -0.097710 0.024232 0.028550 -0.111884 0.378601 0.140665 0.651998 0.509887 1.000000 0.620898 0.462427 0.446950 -0.046749 -0.055815 0.482201 0.320952 -0.045007 -0.125585 0.073280 0.100676 0.072113 -0.237809 0.205213 -0.078792 -0.024391 -0.205543 -0.107721 -0.087537 -0.142289 -0.166830 -0.166372 -0.294937 -0.239951 -0.273261 0.107965 -0.228924 -0.110306 -0.230715 0.037465 -0.201975 -0.021154 -0.279629 -0.174326 -0.290840 -0.196667 -0.168133 -0.213740 -0.309980 0.330641 0.049835 -0.274966 -0.103081 -0.061051 -0.100258 0.080832 0.154129 -0.005571 0.122156 0.069624 -0.074416 0.097364 -0.010168 0.045062 -0.132111 0.025886 -0.174276 0.320973 -0.154605 0.155275 -0.124337 -0.097491 -0.039371 0.313273 -0.345361 -0.109435 -0.067541 -0.146285 0.135404 0.170230 -0.024428 0.116458 -0.003582 -0.035520 -0.177264 -0.043492 -0.173775 0.104298 -0.018566 0.224496 0.058747 0.019184 -0.018695 0.105340 -0.142177 0.050904 -0.254786 0.007460 0.079094 -0.026945 0.027477
-0.185204 -0.244447 0.334879 0.218388 0.212807 0.330360 0.077250 0.020233 0.091814 0.049671 -0.185749 -0.079542 -0.120641 -0.071185 0.346743 0.220061 -0.044997 -0.013851 -0.058937 0.044444 0.473430 0.197816 0.518973 0.608877 0.620898 1.000000 0.448118 0.496099 -0.038762 -0.032456 0.447314 0.494460 -0.055996 0.021258 0.078585 0.094128 0.094712 -0.213532 0.116032 -0.071973 0.074119 -0.043347 -0.024424 -0.195640 -0.028953 -0.113891 -0.161738 -0.287716 -0.318382 -0.352420 0.052327 -0.312366 -0.239252 -0.163609 -0.154393 -0.258850 0.014925 -0.075758 -0.299335 -0.321340 -0.261309 -0.222154 -0.179080 -0.237034 0.328263 0.121122 -0.174478 0.033704 0.000032 0.060085 0.153570 0.262259 -0.000358 0.103534 -0.097792 -0.043359 -0.091687 -0.019069 -0.029665 -0.022603 -0.039317 -0.084436 0.325351 0.058196 -0.023787 -0.000737 -0.090041 0.191596 0.207386 -0.358876 -0.072066 -0.060078 0.031502 0.174562 0.069266 -0.054186 0.127037 -0.058421 0.016295 -0.113076 -0.042671 -0.137154 -0.032969 0.032570 0.204860 0.137732 0.180075 -0.130511 -0.149083 -0.039671 -0.112341 -0.122940 -0.006981 -0.015445 0.003655 0.021830
-0.073041 -0.159030 0.449338 0.242476 0.362071 0.413777 0.131359 0.054941 0.093015 0.246470 -0.035125 0.169395 0.062361 0.231789 0.381578 0.534860 -0.047286 -0.057155 -0.138226 -0.182075 0.465563 0.181101 0.531124 0.527505 0.462427 0.448118 1.000000 0.676169 -0.291478 0.008127 0.246966 0.221156 -0.310082 -0.352853 0.148027 0.123615 -0.121453 -0.369203 0.173120 -0.231616 -0.160720 -0.265269 0.059974 0.070869 0.019561 0.082326 -0.022482 -0.135441 -0.091455 -0.037900 0.161778 -0.121144 -0.040288 0.097183 0.012006 -0.025887 0.027908 -0.103033 -0.224083 -0.247440 -0.178436 -0.132117 0.012580 -0.322254 0.118407 0.011101 -0.204143 -0.113341 -0.149144 -0.122098 -0.034330 0.009065 -0.300459 0.076229 -0.297202 -0.090510 -0.261940 -0.253043 -0.212380 -0.189193 -0.266298 -0.317997 0.129076 0.032881 -0.093048 -0.143803 -0.063986 0.218429 0.117295 -0.157412 0.188352 -0.034304 0.039437 0.019914 0.116266 -0.032724 0.217265 -0.062552 0.177029 -0.295665 -0.264706 -0.116508 -0.142887 -0.100880 0.052679 0.040777 0.019727 -0.093324 0.006752 -0.156639 -0.087040 -0.147242 -0.063833 -0.004329 0.036423 -0.059645
0.039321 -0.077435 0.252871 0.171305 -0.015396 0.257602 -0.131803 -0.264100 -0.150512 -0.134475 -0.196279 -0.077502 0.013082 -0.058673 0.164843 0.228734 0.117607 0.073035 -0.031861 -0.104441 0.440084 0.345618 0.499121 0.486019 0.446950 0.496099 0.676169 1.000000 -0.371371 -0.016937 0.073850 0.071195 -0.084566 -0.390873 0.278607 0.115670 0.022563 -0.134637 0.189438 -0.097978 -0.033161 -0.083558 -0.007091 0.033413 -0.019047 0.044294 -0.091705 -0.107509 -0.104781 -0.129127 0.265234 -0.086056 0.025853 0.021874 0.088037 0.005847 0.072920 -0.125329 -0.188112 -0.262329 -0.325269 -0.390300 -0.063114 -0.350001 -0.026014 -0.002641 -0.095605 0.001670 -0.018403 -0.188213 0.016269 0.111184 -0.194219 0.157567 -0.002755 -0.144604 -0.129710 0.023763 -0.076550 0.034854 -0.036334 -0.108452 0.106083 -0.149646 0.013485 0.118528 -0.137432 0.237285 0.084450 -0.234232 0.089556 -0.013766 0.020191 0.097566 -0.028855 -0.052862 0.128737 0.003524 0.141953 -0.090309 -0.123769 0.064455 -0.030432 -0.006255 0.180312 0.190386 0.145810 0.072292 -0.065438 -0.140627 -0.047167 -0.154709 0.110035 0.196407 0.177514 0.055143
0.122815 -0.076382 0.042664 0.070726 0.013055 -0.219452 0.049454 0.136855 0.010814 -0.012297 0.121070 0.106635 -0.197672 0.025036 0.130727 -0.306356 0.269063 -0.070533 0.070155 0.139808 0.011307 0.048879 -0.036089 -0.049098 -0.046749 -0.038762 -0.291478 -0.371371 1.000000 0.059710 0.520064 0.446887 0.366198 0.395117 -0.296523 -0.250433 0.071449 -0.149355 0.187345 -0.127325 0.497919 0.191116 -0.152886 0.017166 0.012430 0.077654 -0.278601 -0.158109 -0.207526 0.119310 -0.480741 0.103982 -0.384662 -0.071418 -0.165736 -0.069619 -0.104111 -0.302518 -0.035586 -0.045856 0.051136 0.145694 0.053432 0.129863 -0.170668 0.064985 -0.256027 -0.207348 -0.182017 -0.066470 0.611602 0.324400 0.711018 -0.109057 0.000012 0.245033 0.344174 0.188069 0.440645 0.005648 0.182351 0.045264 0.153259 0.129213 0.038108 -0.405398 0.086857 -0.195022 0.007147 -0.229024 -0.474982 -0.221616 -0.478996 -0.075554 0.137068 -0.070401 -0.160940 -0.032774 -0.260382 0.090377 -0.087040 -0.049120 -0.148546 0.094692 -0.196435 -0.093877 0.119783 -0.053086 -0.036119 0.093428 -0.084037 0.031065 -0.048659 -0.160270 -0.057678 0.137450
-0.235248 0.057195 -0.171507 0.037824 0.086184 0.011264 0.068223 0.170545 0.039626 0.104219 -0.270153 0.049787 -0.074685 0.046149 -0.291039 0.081559 0.099432 0.640359 -0.151995 -0.153702 -0.082595 0.275003 -0.169608 -0.129983 -0.055815 -0.032456 0.008127 -0.016937 0.059710 1.000000 0.004052 0.216526 0.109870 0.150439 -0.131749 -0.341001 -0.068143 0.090450 -0.133575 -0.185248 -0.131556 0.029922 0.129375 0.141923 0.188861 0.056145 0.109458 -0.100534 0.126122 0.009106 0.114837 -0.257056 -0.049405 -0.068004 -0.168382 -0.119070 0.336754 0.050921 -0.308151 -0.113423 0.073646 0.072654 0.469330 0.153052 0.011757 -0.083282 -0.098164 -0.237968 -0.191581 -0.154732 -0.245078 0.076174 0.024030 0.583699 0.164086 -0.023553 -0.074754 0.016865 0.031037 0.316266 0.387114 0.405488 -0.121572 0.210835 -0.133580 0.085474 -0.228967 0.075665 -0.423355 -0.101585 -0.151142 -0.339156 -0.029663 -0.472412 -0.019282 0.072295 0.138585 0.144744 0.091941 -0.126308 -0.139049 -0.059272 0.006492 -0.120885 -0.080197 -0.178107 0.041932 0.010568 0.045908 0.123655 -0.124505 -0.141025 -0.022159 0.127842 0.118083 0.011082
0.111661 -0.395318 0.575742 0.270467 0.422306 0.115278 0.407614 0.231296 0.267101 0.176664 0.056797 0.202170 0.008572 0.149157 0.533458 0.144758 0.089891 -0.117626 0.068040 -0.017374 0.353587 0.193222 0.561651 0.510079 0.482201 0.447314 0.246966 0.073850 0.520064 0.004052 1.000000 0.798908 0.040312 0.136956 -0.146309 -0.069374 0.068105 -0.468886 0.243684 -0.245001 0.384461 -0.089701 -0.127670 -0.008460 -0.007645 0.023826 -0.328122 -0.315584 -0.383886 -0.109065 -0.359508 -0.132417 -0.463833 -0.158494 -0.327400 -0.241334 -0.204749 -0.499705 -0.184959 -0.225440 -0.151621 -0.051059 -0.144467 -0.180345 0.200400 0.002797 -0.443177 -0.266874 -0.357521 -0.172317 0.499149 0.440362 0.455276 -0.049000 -0.029024 0.106873 0.156811 0.033235 0.142210 -0.242969 -0.031533 -0.278881 0.494170 0.151222 0.007962 -0.418435 0.001478 -0.077023 0.052426 -0.365335 -0.275486 -0.142154 -0.302665 0.211321 0.169554 -0.094944 0.023681 -0.075985 -0.116478 -0.020798 -0.153356 -0.105492 -0.133329 0.030933 0.082780 -0.001702 0.109479 -0.068638 -0.043966 -0.064360 -0.010015 -0.137146 -0.050579 -0.164935 -0.150707 0.154406
-0.002259 -0.303168 0.362006 0.345239 0.318361 0.167630 0.284159 0.422883 0.151168 0.228657 -0.072954 0.209514 -0.142685 0.139992 0.269834 0.125895 0.176867 -0.001520 0.059602 -0.009609 0.218299 0.198429 0.397352 0.450708 0.320952 0.494460 0.221156 0.071195 0.446887 0.216526 0.798908 1.000000 0.053504 0.179221 -0.235948 -0.178504 0.030751 -0.417238 0.198556 -0.290988 0.302869 -0.057248 -0.094881 -0.012574 0.002862 0.011542 -0.247034 -0.296337 -0.396058 -0.187585 -0.412549 -0.210858 -0.518038 -0.111520 -0.394559 -0.247027 -0.019281 -0.354546 -0.339322 -0.194749 -0.099326 -0.004590 0.078620 -0.077199 0.152710 0.047746 -0.417129 -0.273453 -0.308308 -0.156487 0.452189 0.472478 0.436297 0.026511 -0.053437 0.026028 0.089747 -0.057010 0.160356 -0.144110 0.041254 -0.174518 0.419097 0.345440 -0.049981 -0.302066 -0.071043 0.061728 -0.060224 -0.230508 -0.302701 -0.174913 -0.216662 0.038863 0.105809 -0.103656 -0.057361 -0.130976 -0.124486 0.038702 -0.127999 -0.154687 -0.273881 0.022069 0.026536 0.003380 0.125726 0.022712 -0.086910 0.089437 -0.155858 -0.098468 -0.067895 -0.136856 -0.094788 0.140811
0.080692 0.078349 -0.102943 0.043192 -0.253367 -0.185954 -0.190651 -0.109891 -0.210812 -0.282880 -0.040186 -0.191820 -0.125638 -0.308399 -0.204936 -0.270822 0.359662 0.202556 0.455808 0.351492 0.107899 0.170141 -0.067691 -0.125898 -0.045007 -0.055996 -0.310082 -0.084566 0.366198 0.109870 0.040312 0.053504 1.000000 0.434299 0.082019 -0.085104 0.141302 0.145571 0.054995 -0.105022 0.291257 0.384803 -0.246460 -0.286077 -0.056543 -0.182695 -0.281239 -0.296511 0.061724 -0.093771 -0.059100 0.002618 -0.021527 -0.265827 -0.052405 -0.265043 0.218138 -0.089639 -0.011580 0.061024 -0.067431 -0.080193 0.040460 -0.078224 -0.242821 0.088723 0.117920 0.022017 0.156240 0.039489 0.303946 0.137306 0.438131 0.168335 0.353449 0.083918 0.285925 0.161387 0.252740 0.251816 0.399600 0.244138 -0.035316 -0.130222 -0.077325 0.014847 -0.056298 -0.211669 -0.026461 -0.303249 -0.376516 -0.212193 -0.187264 -0.119887 0.065495 -0.140249 -0.062886 -0.098597 -0.226442 0.239856 0.122655 0.131945 -0.001334 0.051871 -0.168558 0.078105 -0.054855 0.065099 -0.047338 0.100611 -0.016500 -0.068399 0.076544 0.033014 -0.170031 0.053362
-0.132728 0.173772 -0.152842 0.072514 -0.015870 -0.180112 -0.002008 0.120655 0.070187 0.034719 -0.093291 -0.075061 -0.172967 -0.297497 0.006538 -0.201977 0.227528 0.107865 0.152967 0.333724 0.009469 0.078313 -0.178035 -0.249166 -0.125585 0.021258 -0.352853 -0.390873 0.395117 0.150439 0.136956 0.179221 0.434299 1.000000 -0.079820 0.127518 -0.136607 0.020351 0.002550 -0.101840 0.135594 0.214192 -0.204544 -0.340078 -0.077499 -0.258970 -0.174733 -0.231273 -0.128173 -0.236098 -0.169809 -0.106319 -0.200764 -0.234524 -0.227038 -0.272927 0.008056 0.051867 -0.064680 0.074609 0.142326 0.134926 0.053622 0.219246 -0.009882 0.071767 -0.021755 0.133319 0.126252 0.191570 0.163816 0.141438 0.384052 -0.000098 0.049112 0.010873 0.204101 -0.041525 0.288880 0.110397 0.266343 0.250360 0.032240 0.167216 -0.135560 -0.088440 0.017053 -0.097492 -0.042189 0.024868 -0.117002 -0.195397 -0.200389 -0.090928 0.103349 -0.075803 -0.013985 -0.141388 -0.022527 0.181343 0.006095 -0.084706 0.002133 0.021056 -0.167693 0.085272 -0.065528 0.028385 -0.103027 0.152381 -0.031160 0.070426 0.056124 -0.314999 -0.106085 0.133328
-0.108847 -0.094599 0.120612 -0.195571 0.062052 0.075109 -0.019124 -0.342351 0.067777 -0.146544 0.027156 -0.167971 0.187208 -0.134122 0.024142 0.137644 -0.224185 0.046464 -0.016576 0.029035 0.123836 0.008795 0.217777 0.096777 0.073280 0.078585 0.148027 0.278607 -0.296523 -0.131749 -0.146309 -0.235948 0.082019 -0.079820 1.000000 0.494038 0.010509 0.185528 0.169774 0.167157 -0.060302 0.202180 -0.001285 -0.100853 0.062248 -0.059149 0.174044 -0.071328 -0.122528 -0.212521 0.402143 -0.302485 0.121426 -0.209217 0.155129 -0.164967 -0.152204 -0.021924 0.016307 -0.288942 -0.041533 -0.083572 -0.159790 0.045389 0.251736 0.006580 0.140563 0.068584 0.029860 0.060728 -0.326211 -0.161263 -0.438002 0.174396 -0.013087 -0.092285 0.013591 0.080578 -0.129968 0.205054 -0.005227 0.244904 0.100513 -0.149956 0.067701 0.130320 0.025329 0.114680 0.196215 -0.200864 0.134934 -0.157894 0.034761 0.032040 -0.282021 0.272528 0.005213 0.011801 0.091381 -0.249029 -0.078335 0.090941 0.089184 -0.014715 0.241653 0.124976 -0.102770 0.164607 0.015307 0.005489 0.187828 -0.187890 0.049241 0.029577 -0.009107 -0.182984
-0.057701 -0.207074 0.113123 -0.199233 0.246653 0.037410 0.092058 -0.240780 0.179129 -0.002071 -0.029263 -0.313613 0.218224 -0.215610 0.145996 0.200944 -0.097784 -0.077235 -0.074859 0.013244 0.127482 -0.117022 0.154811 0.066400 0.100676 0.094128 0.123615 0.115670 -0.250433 -0.341001 -0.069374 -0.178504 -0.085104 0.127518 0.494038 1.000000 -0.059807 0.096014 0.186553 0.284361 -0.035002 0.249082 0.054245 -0.148253 0.033685 -0.073442 0.104371 0.076169 -0.172243 -0.225246 0.236900 -0.256778 -0.048391 -0.161036 0.094635 -0.186515 -0.098992 0.027167 0.052000 -0.233287 -0.037659 -0.072301 -0.345785 -0.171272 0.369616 0.177308 -0.153842 0.200149 0.052144 0.019765 -0.268754 -0.189194 -0.325777 -0.050604 -0.076598 -0.098689 0.040102 0.003607 -0.010852 0.138338 -0.230637 -0.023178 0.282165 -0.038019 -0.075346 0.124197 0.220144 0.139695 0.293869 -0.076289 0.315568 -0.000514 0.167975 0.321257 -0.204490 0.138452 0.077042 -0.004697 0.080994 -0.130541 0.111075 0.160432 0.073788 0.059560 0.375716 0.332643 -0.082536 -0.037177 -0.068807 -0.109085 0.170326 0.125141 0.223574 -0.150844 -0.141923 0.009995
