1.000000 0.479454 0.196946 -0.421247 0.188862 -0.094882 0.276665 -0.260047 -0.106752 -0.150291 0.283749 0.213034 0.360721 -0.011517 0.003407 -0.026611 0.047353 0.110553 0.340427 0.131514 0.091813 -0.372156 -0.241086 -0.445105 -0.373229 -0.322931 -0.027036 -0.127555 0.050844 -0.229072 -0.276938 -0.473822 0.224893 0.059489 -0.120213 -0.119214 -0.006473 0.147752 0.050776 -0.049468 0.011932 0.124768 0.084385 -0.040391 0.067275 -0.191542 -0.067531 -0.002512 0.468440 0.127144 -0.026687 0.236135 0.331326 0.083355 0.236548 -0.032913 0.129205 0.244247 0.547397 0.268921 0.242840 0.065373 0.168735 0.100636 -0.355481 -0.348838 0.115125 -0.126688 0.282502 -0.050685 -0.152266 -0.380602 0.047642 -0.071311 0.188902 0.038763 0.294992 -0.031078 -0.275316 -0.029503 -0.151797 -0.175873 0.113798 -0.059069 -0.275092 -0.361124 0.150731 0.108611 0.127740 -0.000772 0.160124 -0.069751 -0.284316 0.174889 -0.040863 -0.223292 0.204570 -0.138444 0.367243 0.057792 0.042340 -0.016531 -0.205271 -0.115312 -0.291383 -0.310345 -0.136501 -0.166977 -0.067614 0.026725 0.057639 -0.033939 0.115792 -0.027818 -0.191303 -0.267384
0.479454 1.000000 -0.028235 -0.012601 -0.060572 -0.092831 -0.063423 -0.161978 -0.033459 -0.187817 0.206724 0.283695 0.242855 0.092163 -0.019402 0.155829 0.120889 0.272295 0.320967 -0.002880 -0.099192 -0.210585 -0.255535 -0.340213 -0.169243 -0.189715 -0.102412 0.044891 0.067136 0.041843 -0.177635 -0.233294 0.576191 0.342455 -0.141201 -0.226733 0.035531 0.093522 0.020483 0.173461 0.125596 0.261448 -0.100860 -0.087325 -0.097807 -0.215610 -0.189257 -0.128573 0.018709 0.041225 -0.129478 0.115407 0.088607 0.051681 0.103489 0.004001 0.176318 0.608855 0.346630 0.329266 0.155359 0.162292 0.102534 0.348303 -0.321369 -0.372847 0.112568 -0.260144 0.404990 -0.193855 -0.159535 -0.331916 0.055192 0.107119 0.390263 0.065207 0.124654 0.063120 -0.138200 0.091809 0.126560 0.121300 0.131433 0.030716 0.059778 0.020983 0.275633 0.169011 0.075230 0.119211 -0.094236 -0.404273 -0.322971 -0.257977 0.038891 -0.246614 0.119534 -0.193047 0.289533 -0.226559 -0.284424 -0.254989 -0.337020 -0.396365 -0.552399 -0.546177 -0.209277 -0.454626 -0.242047 -0.088047 -0.144096 -0.323977 -0.053702 -0.184963 -0.416338 -0.223450
0.196946 -0.028235 1.000000 -0.034836 0.458129 0.200757 0.666613 0.278575 0.465191 0.317482 -0.057832 -0.014429 0.231461 0.147740 0.117965 0.028639 -0.170519 -0.129400 0.144602 0.195369 0.143808 0.054925 0.191036 0.124899 0.153382 0.030364 0.124433 -0.127824 0.076835 -0.145564 0.154768 0.034598 -0.092127 -0.075826 -0.233880 0.085368 -0.145334 -0.247014 -0.046286 -0.123404 -0.098656 -0.086341 -0.300006 -0.272355 -0.292822 -0.295360 -0.327329 -0.175695 0.063057 -0.243955 -0.108066 -0.164302 0.158866 -0.369415 -0.043019 -0.342211 -0.194233 -0.059931 0.414147 0.098461 0.392022 0.168657 0.079985 -0.020914 0.092247 0.018349 0.024133 -0.011020 -0.051828 0.115155 0.056877 -0.133724 -0.013756 -0.171857 0.082712 -0.234919 -0.030958 -0.288315 -0.160604 -0.159324 -0.179345 -0.136448 0.167884 0.056022 -0.265774 -0.403429 -0.145178 -0.156636 0.188767 -0.029767 0.125794 0.170125 0.051035 0.134060 -0.190162 -0.314240 -0.325233 -0.253530 -0.206838 -0.254051 0.026297 -0.094103 -0.171692 -0.048688 -0.209973 -0.038425 0.075137 0.046914 -0.161834 -0.089908 0.053568 -0.280255 -0.224820 -0.121492 -0.161249 -0.120711
-0.421247 -0.012601 -0.034836 1.000000 -0.076441 0.359239 -0.273227 0.534639 -0.002673 0.182796 -0.234269 0.026610 -0.322343 0.099384 0.042940 0.286854 -0.076238 -0.049705 -0.147130 0.012046 -0.001828 0.310211 0.266859 0.528852 0.394095 0.580256 0.295329 0.385035 -0.203452 0.122749 0.343883 0.552512 0.052171 0.077410 0.037083 0.070456 -0.180435 -0.031523 -0.030347 0.393758 0.025356 0.191457 -0.154822 -0.151460 -0.188166 0.049391 -0.195925 -0.269252 -0.406778 -0.294651 -0.014387 -0.189789 -0.390185 -0.019757 -0.348171 -0.024692 0.088846 -0.105527 -0.412924 -0.233612 -0.347995 -0.126171 -0.137877 -0.193813 0.018455 0.197592 -0.321456 -0.091992 0.014714 -0.010645 0.153799 0.220239 -0.149267 0.091379 0.104211 0.033258 -0.144425 0.017407 0.183371 -0.148232 0.171574 0.036130 0.174248 0.313245 0.204675 0.376276 0.157071 0.294445 0.090477 0.170270 -0.143101 -0.380627 0.191944 -0.321838 0.233744 0.021310 -0.132891 0.061869 -0.301263 -0.394855 -0.218176 -0.312006 -0.026884 -0.275875 -0.084043 -0.129584 0.014929 -0.073743 -0.188760 -0.303010 -0.261223 -0.265598 -0.274790 -0.139725 -0.195375 0.065603
0.188862 -0.060572 0.458129 -0.076441 1.000000 0.520025 0.555649 0.096836 0.482580 0.439835 0.070635 0.057267 0.250650 0.101519 0.290769 0.060076 -0.159645 -0.372706 0.141083 0.063391 0.199320 0.056240 0.149648 0.129745 0.009001 -0.287662 0.314003 -0.110479 -0.150290 -0.389934 -0.097189 -0.190632 -0.384817 -0.433053 -0.411501 -0.090509 -0.242653 -0.209537 -0.005993 -0.100189 -0.180328 -0.078675 -0.202317 -0.234995 -0.259915 -0.233675 -0.288571 -0.166638 0.268908 -0.043405 -0.009275 0.170362 0.382352 0.004872 0.149891 -0.237632 -0.144111 -0.065812 0.456844 0.351592 0.147635 0.059845 -0.218542 -0.207207 -0.107220 0.060118 0.043877 -0.053019 -0.085278 0.076094 0.194636 -0.089619 -0.146495 -0.199954 -0.165669 -0.106920 -0.300398 -0.344830 -0.427243 -0.346320 -0.286330 -0.350975 0.241888 0.029599 -0.348892 -0.223799 -0.091531 0.021808 0.378904 0.349788 0.452530 0.319386 0.251845 0.266862 -0.119018 -0.010818 -0.243438 -0.021672 0.152627 0.013175 0.123504 0.140163 -0.091343 0.051746 -0.005920 0.148416 0.235092 0.121848 0.053374 0.050292 -0.052304 -0.110555 0.121489 -0.085616 -0.147918 -0.094779
-0.094882 -0.092831 0.200757 0.359239 0.520025 1.000000 0.179101 0.297280 0.233246 0.235522 -0.017765 0.100982 -0.009654 0.152781 0.241804 0.216699 -0.140401 -0.262211 0.071049 0.101151 0.081784 0.142194 0.278594 0.445514 0.270409 0.177780 0.468526 0.258319 -0.264131 -0.237346 -0.003847 0.087609 -0.253490 -0.291692 -0.187783 -0.015673 -0.335308 -0.160971 0.061844 0.364884 -0.149269 0.097717 -0.287765 -0.301834 -0.279631 -0.062301 -0.434562 -0.314091 -0.053850 -0.249580 0.000915 -0.041805 -0.032698 -0.222577 -0.220119 -0.172857 0.047383 -0.183815 -0.041046 0.105353 -0.177991 -0.278328 -0.071073 -0.259049 -0.048461 0.068257 -0.079422 0.105231 0.014799 0.182478 0.216991 0.093292 -0.288734 -0.038700 -0.138578 -0.103128 -0.375012 -0.279059 -0.185782 -0.345271 -0.005233 -0.182795 0.240362 0.186075 0.026958 0.129710 -0.149782 0.179612 0.341985 0.279078 0.203664 0.056388 0.370476 0.238438 0.122641 -0.044251 -0.242577 0.121556 -0.028814 -0.084968 0.006343 -0.036128 -0.040699 -0.144659 -0.035018 0.130203 0.221082 0.232246 0.029331 -0.043145 -0.246445 -0.093939 -0.066250 -0.168746 -0.246309 -0.040794
0.276665 -0.063423 0.666613 -0.273227 0.555649 0.179101 1.000000 0.333146 0.445107 0.364454 0.184737 0.295135 0.419985 0.371599 0.169252 0.116979 -0.070782 -0.150280 0.107643 0.111537 0.154771 -0.087702 0.002954 -0.047027 -0.125189 -0.179178 0.028871 -0.391332 0.085276 -0.073478 0.111398 -0.114740 -0.230684 -0.129129 -0.095447 0.162924 -0.282223 -0.285507 -0.075702 -0.240803 -0.129749 -0.167333 -0.348999 -0.338950 -0.309114 -0.295116 -0.337847 -0.284764 0.257023 -0.173732 -0.252062 -0.026600 0.370241 -0.302395 0.046966 -0.433031 -0.229713 -0.126848 0.517104 0.233087 0.377782 0.287839 0.006159 -0.014557 0.020745 -0.035403 0.062167 0.076522 -0.119559 0.114502 0.256265 -0.054187 0.104091 -0.225703 -0.071874 -0.200161 -0.171544 -0.277901 -0.294258 -0.257842 -0.261836 -0.312125 0.137245 0.067725 -0.424238 -0.444618 -0.232296 -0.133678 0.214843 0.121725 0.256539 0.266494 0.153974 0.304449 -0.309492 -0.216367 -0.239462 -0.221762 -0.095850 -0.072981 0.112239 0.069901 -0.161094 0.067063 -0.138177 0.002389 0.174078 -0.054757 -0.020730 -0.016149 0.052934 -0.153347 -0.091508 -0.162920 -0.046191 -0.175179
-0.260047 -0.161978 0.278575 0.534639 0.096836 0.297280 0.333146 1.000000 0.022852 0.364116 -0.188466 0.191600 -0.121657 0.406310 -0.085681 0.289248 -0.248623 -0.223177 -0.233342 -0.042116 -0.001309 0.204361 -0.058344 0.252188 0.073738 0.348161 -0.031225 -0.135441 -0.122646 0.179624 0.296200 0.344480 -0.103032 0.074394 0.032105 0.194971 -0.367545 -0.216168 -0.246754 0.072411 -0.113838 0.161602 -0.212809 -0.177550 -0.184854 0.018670 -0.307666 -0.269395 -0.017990 -0.152915 -0.354917 -0.035694 -0.006190 -0.200110 -0.441123 -0.403281 -0.138164 -0.331834 -0.140389 0.015390 -0.122692 0.211630 -0.154513 -0.216777 -0.047304 0.326705 -0.194496 0.204036 -0.271624 0.090154 0.248535 0.105694 -0.085175 -0.103794 -0.083033 -0.065636 -0.289223 -0.197511 0.090353 -0.250297 -0.083370 -0.229371 0.014895 0.325256 -0.201494 -0.056050 -0.175269 -0.083291 0.028995 0.071945 0.211144 0.021861 0.392191 0.089071 0.063447 -0.132260 -0.271205 -0.105868 -0.221673 -0.253044 0.088423 -0.095203 0.125590 0.009525 0.025631 0.042691 0.143088 -0.122408 -0.140266 -0.213009 -0.074793 -0.227206 -0.298098 -0.109873 -0.113704 -0.057867
-0.106752 -0.033459 0.465191 -0.002673 0.482580 0.233246 0.445107 0.022852 1.000000 0.556806 -0.029621 -0.009989 0.279716 0.141422 0.411910 0.195241 -0.076351 -0.159691 0.092614 0.027357 0.035328 0.164449 0.232227 0.163759 0.057823 -0.047043 0.092098 0.094323 0.041132 -0.010739 0.125099 0.041829 -0.303485 -0.201896 -0.418941 -0.111174 -0.075614 -0.115213 0.028570 -0.016653 0.099709 -0.238263 -0.494489 -0.303312 -0.532145 -0.441768 -0.318452 -0.273968 -0.168559 -0.387660 -0.021363 -0.184416 0.185919 -0.390720 0.191889 -0.173882 -0.079645 0.008577 0.305718 0.246138 0.277131 0.043239 0.064444 0.186664 0.010705 -0.041693 0.103690 -0.267964 0.095585 0.088253 0.147396 0.035989 0.060670 -0.237467 -0.069357 -0.239232 -0.195460 -0.284331 -0.085624 -0.114729 -0.029908 -0.029221 0.200318 0.009522 -0.042192 -0.094743 -0.183049 0.047233 0.288749 0.325091 0.041291 0.094208 0.143794 -0.070869 -0.177101 0.048857 -0.336267 0.001778 -0.204272 -0.076788 -0.024926 0.000378 -0.074315 -0.006971 -0.141602 0.138059 0.184086 -0.009959 0.034314 -0.063109 -0.037317 -0.234378 -0.219881 -0.303253 -0.150714 -0.160859
-0.150291 -0.187817 0.317482 0.182796 0.439835 0.235522 0.364454 0.364116 0.556806 1.000000 -0.139389 0.027576 0.130309 0.201459 0.217710 0.253512 -0.287945 -0.337207 -0.166093 0.059395 -0.085363 0.197389 0.055920 0.183267 0.071783 0.118039 0.142356 -0.049650 0.074072 0.138566 0.222076 0.182401 -0.330432 -0.086108 -0.273944 0.159404 -0.298575 -0.087418 -0.063758 0.042779 0.071745 -0.070805 -0.298660 -0.268390 -0.394110 -0.285834 -0.333067 -0.204077 -0.115134 -0.304247 -0.154389 -0.133784 0.009140 -0.251407 -0.088809 -0.243878 -0.080735 -0.170904 0.114767 0.040541 0.167611 0.182413 -0.056952 0.007578 -0.012755 0.155128 -0.199906 -0.188471 -0.106439 0.150200 0.132306 0.131331 0.016550 -0.244305 -0.092907 -0.100982 -0.081339 -0.306573 -0.105341 -0.175534 0.016464 -0.085831 0.145321 0.362283 -0.192893 -0.128518 -0.241041 -0.007139 0.249447 0.230547 0.241186 0.111805 0.156091 -0.035539 -0.097650 0.133678 -0.380190 0.023227 -0.204906 -0.167623 -0.072661 -0.026009 0.024528 0.010903 -0.084940 0.150786 0.203291 0.198762 0.089038 -0.102609 -0.035306 -0.237542 -0.320061 -0.239152 -0.126031 -0.091980
0.283749 0.206724 -0.057832 -0.234269 0.070635 -0.017765 0.184737 -0.188466 -0.029621 -0.139389 1.000000 0.473261 0.595189 0.366862 0.346811 0.385024 0.405133 0.084637 0.376254 0.026796 0.065431 -0.362800 0.122204 0.066596 -0.102935 -0.149323 0.022574 0.001040 0.180733 -0.108192 0.040978 -0.088980 0.102031 -0.031114 0.031978 -0.087376 -0.154659 -0.299566 0.018295 -0.139512 -0.005075 0.018040 -0.160402 -0.208331 -0.115169 -0.178754 -0.180652 -0.048592 0.022774 -0.013320 -0.029505 -0.019708 0.167989 0.035954 0.280504 -0.094464 -0.136586 0.047663 0.098875 -0.047930 0.015348 -0.079850 0.130106 0.029070 -0.154581 -0.394250 -0.104532 -0.119598 0.220916 -0.025763 0.003390 0.051315 -0.030674 -0.073744 0.095214 0.209761 -0.200718 -0.088784 -0.146147 -0.188002 0.163097 -0.076389 0.410417 0.191443 0.219620 0.002894 0.247085 0.097453 0.160561 0.070442 0.040741 -0.015124 -0.078291 0.044451 -0.262155 -0.292612 -0.064981 -0.191423 0.070251 -0.112095 -0.096713 0.090836 -0.293986 -0.148785 -0.222293 -0.298773 -0.064230 -0.376570 -0.039137 0.070022 -0.073317 -0.169891 0.009983 -0.029090 -0.097163 -0.077963
0.213034 0.283695 -0.014429 0.026610 0.057267 0.100982 0.295135 0.191600 -0.009989 0.027576 0.473261 1.000000 0.475904 0.690427 0.193943 0.370695 0.046879 0.077579 0.181029 -0.243276 -0.193535 -0.393320 -0.164763 -0.119217 -0.332957 -0.237643 0.006038 -0.141937 -0.050885 0.007784 -0.018146 -0.289591 0.047662 -0.008508 -0.025499 0.023083 -0.270623 -0.192333 -0.199612 -0.082855 -0.280514 0.019023 -0.214387 -0.166220 -0.193174 -0.125549 -0.231520 -0.201827 0.045163 0.016011 -0.228125 0.040824 0.180770 -0.086247 0.174233 -0.190946 -0.069402 0.001286 0.167258 0.223839 0.016392 0.128212 -0.079885 0.091738 -0.348199 -0.165017 -0.076380 -0.012905 -0.009985 -0.151695 0.130777 -0.070356 -0.086326 -0.022422 0.086229 0.102222 -0.166447 -0.039529 -0.259380 -0.204236 -0.122955 -0.264093 0.165677 0.038647 -0.019854 0.131405 0.012470 0.042682 0.105983 0.210439 0.153728 0.001164 0.117521 0.123431 -0.140917 -0.183670 -0.073420 -0.049590 0.154649 -0.101399 -0.063731 0.028502 -0.021919 0.047941 -0.230950 -0.163439 0.128563 -0.284556 0.009626 0.012162 0.086355 -0.133124 -0.132863 -0.173167 -0.116719 -0.157702
0.360721 0.242855 0.231461 -0.322343 0.250650 -0.009654 0.419985 -0.121657 0.279716 0.130309 0.595189 0.475904 1.000000 0.459852 0.387898 0.330682 0.211287 0.087905 0.351613 0.041924 -0.033725 -0.241793 -0.048570 -0.153589 -0.328709 -0.353609 -0.111175 -0.186482 0.343905 -0.056091 0.005117 -0.295478 -0.050363 -0.005723 -0.052253 -0.151230 -0.141288 -0.208806 -0.002254 -0.197737 -0.111306 -0.157463 -0.278975 -0.165432 -0.120924 -0.265066 -0.285183 -0.085590 0.134627 0.014968 -0.126436 -0.086598 0.378372 -0.227503 0.352002 -0.040045 -0.222615 0.062794 0.414513 0.210633 0.389975 0.152605 0.085599 0.259463 -0.086344 -0.327165 0.034765 -0.160155 0.126276 -0.093938 -0.102960 -0.185214 0.058619 -0.251315 0.012810 -0.105902 -0.188660 -0.235860 -0.177530 -0.114167 -0.075440 -0.102811 0.349651 0.031108 -0.019360 -0.302961 -0.099145 -0.102401 0.250060 0.053391 0.085051 0.008687 -0.155021 0.064088 -0.244121 -0.199494 -0.048594 -0.226549 -0.036908 -0.104117 -0.018210 0.075576 -0.191766 -0.039340 -0.289664 -0.118233 -0.091186 -0.219518 0.070086 0.077761 -0.061718 -0.346077 -0.100800 -0.096248 -0.189505 -0.151385
-0.011517 0.092163 0.147740 0.099384 0.101519 0.152781 0.371599 0.406310 0.141422 0.201459 0.366862 0.690427 0.459852 1.000000 0.370070 0.556333 -0.086993 -0.148398 0.140542 -0.143327 -0.007420 -0.185116 -0.018543 0.136199 -0.075886 -0.001382 0.069016 -0.000487 -0.035421 0.002132 0.203309 -0.038036 -0.094218 -0.030698 -0.047737 0.111518 -0.254471 -0.381785 -0.195469 -0.173076 -0.155940 -0.150241 -0.344956 -0.279773 -0.336497 -0.263619 -0.390522 -0.221154 -0.010558 -0.182082 -0.209992 -0.072396 0.222852 -0.209498 0.070404 -0.422270 -0.152225 -0.266623 0.049013 0.136654 0.067646 0.167483 -0.059908 0.036221 -0.134850 -0.066875 -0.150379 -0.011966 0.023767 0.130999 0.130459 -0.009029 -0.145720 -0.273285 -0.087925 -0.098672 -0.248105 -0.215237 -0.132319 -0.262351 -0.042552 -0.296708 0.221791 0.125187 -0.052587 -0.005989 -0.077441 0.001237 0.194758 0.277128 0.143840 0.038362 0.236416 0.109944 -0.264704 -0.135441 -0.110005 -0.074531 -0.087159 -0.157583 -0.093467 0.019970 -0.073856 0.099333 -0.165778 0.004808 0.134549 -0.159845 -0.011506 -0.047624 0.142818 -0.192310 -0.313640 -0.160100 -0.154551 -0.135833
0.003407 -0.019402 0.117965 0.042940 0.290769 0.241804 0.169252 -0.085681 0.411910 0.217710 0.346811 0.193943 0.387898 0.370070 1.000000 0.525726 0.017904 -0.181511 0.334589 0.007989 -0.012673 0.054433 0.576909 0.409297 0.161479 0.082722 0.306401 0.418997 -0.188144 -0.247251 0.251505 0.135109 -0.257170 -0.395823 -0.317436 -0.110382 -0.186608 -0.235744 0.119514 0.017787 0.082026 -0.190364 -0.460839 -0.322004 -0.464155 -0.474162 -0.336639 -0.113813 -0.197008 -0.419477 0.137616 -0.135937 0.148947 -0.162325 0.302441 -0.122156 -0.032827 -0.022353 0.041380 0.001323 0.060186 -0.088180 -0.040399 0.042478 -0.027336 -0.222825 -0.284862 -0.370809 0.138184 0.180215 0.066175 0.076137 -0.261103 -0.240700 -0.089151 -0.119203 -0.178916 -0.180861 -0.276793 -0.201525 -0.069174 -0.182128 0.553553 0.059606 0.177977 -0.032659 0.073501 0.314460 0.554669 0.400036 0.099999 0.072673 0.142295 -0.023275 -0.152926 0.116866 -0.069655 0.049377 -0.031276 -0.074380 -0.139283 -0.017965 -0.178204 -0.040082 -0.109237 0.005626 0.170175 -0.006031 0.104552 -0.039310 0.035944 -0.145043 -0.070752 -0.079125 -0.082132 0.032815
-0.026611 0.155829 0.028639 0.286854 0.060076 0.216699 0.116979 0.289248 0.195241 0.253512 0.385024 0.370695 0.330682 0.556333 0.525726 1.000000 0.094858 -0.114665 0.259893 -0.095999 -0.065742 -0.100855 0.243782 0.314401 0.021381 0.170760 0.073612 0.164884 -0.106640 0.070308 0.306195 0.171283 0.051171 -0.067186 -0.151413 -0.100179 -0.315498 -0.169090 0.040033 0.106619 0.228528 0.076737 -0.328389 -0.282228 -0.364899 -0.311511 -0.336384 -0.086802 -0.114827 -0.274043 -0.320116 -0.133996 0.158453 -0.158968 0.144043 -0.167022 -0.115785 -0.063250 -0.121811 0.089659 -0.107204 -0.025988 -0.051166 0.080627 -0.281747 -0.202276 -0.190895 -0.222233 0.172270 0.051377 0.146566 0.097087 -0.115076 -0.171464 0.144689 -0.017362 -0.217817 -0.159522 -0.146485 -0.284379 0.136023 -0.129665 0.419100 0.297682 0.105439 0.012832 0.035071 0.249511 0.332064 0.376876 0.164358 -0.180917 0.169147 -0.195566 -0.073581 -0.020699 -0.045701 -0.022249 -0.093624 -0.274617 -0.126145 -0.057493 -0.142602 -0.186941 -0.307866 -0.230257 0.053910 -0.259229 0.036929 -0.182706 -0.140404 -0.252897 -0.285209 -0.212673 -0.279208 -0.050389
0.047353 0.120889 -0.170519 -0.076238 -0.159645 -0.140401 -0.070782 -0.248623 -0.076351 -0.287945 0.405133 0.046879 0.211287 -0.086993 0.017904 0.094858 1.000000 0.528517 0.108920 0.308187 0.083741 -0.072478 0.114715 -0.041685 -0.010183 -0.026420 -0.081538 0.036615 0.299921 0.099071 -0.041636 0.046399 0.223867 0.133766 0.064879 -0.299938 0.083688 -0.167812 0.060782 0.001827 0.138702 0.053437 0.033734 0.111655 0.187542 0.101787 0.054772 0.034706 -0.116647 0.041759 0.115143 -0.210584 -0.079940 0.012150 0.213840 0.181968 0.108059 0.230307 -0.057279 -0.245727 -0.083378 -0.209739 0.325446 0.011687 0.047296 -0.266879 -0.070256 -0.192513 0.184616 0.055734 -0.012433 0.220443 0.120273 0.177317 0.256274 0.137588 -0.035252 0.093338 0.305420 0.195573 0.407399 0.313023 0.269329 0.024554 0.205737 0.063736 0.169678 -0.102659 -0.171767 -0.218938 -0.319612 -0.273793 -0.338211 -0.267318 0.144471 0.007809 -0.025343 0.020942 -0.152291 -0.032391 -0.089611 -0.080034 -0.250253 -0.254162 -0.080958 -0.256371 -0.278597 -0.218176 -0.013438 -0.020345 -0.270588 -0.084275 0.113674 -0.138216 -0.056337 0.216961
0.110553 0.272295 -0.129400 -0.049705 -0.372706 -0.262211 -0.150280 -0.223177 -0.159691 -0.337207 0.084637 0.077579 0.087905 -0.148398 -0.181511 -0.114665 0.528517 1.000000 0.079446 0.162054 -0.114369 -0.088052 -0.036666 -0.183547 -0.088798 -0.050821 -0.127072 0.011778 0.410254 0.403469 -0.134771 -0.028051 0.401381 0.332802 0.215882 -0.073143 0.122871 0.036108 0.019195 0.029956 0.073789 0.101965 -0.047958 0.038890 0.162619 0.026010 0.101308 -0.115911 -0.218170 0.077187 0.014882 -0.124451 -0.233244 0.055514 0.091643 0.108710 0.241882 0.419526 -0.013762 -0.078739 0.125399 -0.065852 0.471170 0.368528 0.130413 -0.211439 0.113014 -0.246185 0.169479 -0.187728 -0.251752 -0.032798 0.302929 0.320277 0.337405 0.262132 0.316289 0.259332 0.390874 0.580456 0.297371 0.567936 0.072256 -0.065340 0.133921 0.028551 0.139268 -0.176355 -0.227600 -0.325360 -0.535818 -0.442532 -0.540329 -0.412526 0.092667 -0.189690 -0.022815 -0.214891 -0.220978 -0.124666 -0.189492 -0.308578 -0.232925 -0.226043 -0.161180 -0.295570 -0.216946 -0.227818 -0.014328 -0.103029 -0.222662 -0.094088 -0.050846 -0.045233 -0.117273 -0.171115
0.340427 0.320967 0.144602 -0.147130 0.141083 0.071049 0.107643 -0.233342 0.092614 -0.166093 0.376254 0.181029 0.351613 0.140542 0.334589 0.259893 0.108920 0.079446 1.000000 0.014012 -0.044150 -0.283647 0.278131 0.052257 0.074220 -0.181829 0.082745 0.089291 0.054607 0.039430 0.002557 -0.048059 0.351055 0.130007 -0.168501 -0.022265 0.146230 0.059992 0.263266 0.119609 0.123197 -0.005642 -0.304030 -0.310490 -0.257929 -0.322097 -0.186172 -0.188037 -0.041791 -0.083470 0.062141 0.057434 0.187292 0.042174 0.356455 -0.141430 -0.117691 0.270448 0.133438 0.167711 0.014538 -0.022462 -0.041633 0.132344 -0.068643 -0.276341 0.035257 -0.117777 0.552688 -0.063535 -0.044291 -0.406943 0.272428 0.112031 0.335119 0.069279 0.184926 0.126660 -0.206909 -0.036137 -0.027901 -0.051489 0.389317 0.055115 0.031472 -0.081936 0.185155 0.207022 0.275099 0.041298 -0.076628 -0.218804 -0.126667 -0.055458 -0.304059 -0.380443 0.060950 -0.379284 0.045171 -0.258852 -0.026594 -0.093953 -0.371978 -0.336980 -0.541526 -0.442926 -0.326381 -0.274695 -0.273334 -0.296617 -0.135404 -0.362581 -0.100573 0.021272 -0.293805 -0.186920
0.131514 -0.002880 0.195369 0.012046 0.063391 0.101151 0.111537 -0.042116 0.027357 0.059395 0.026796 -0.243276 0.041924 -0.143327 0.007989 -0.095999 0.308187 0.162054 0.014012 1.000000 0.227347 0.289348 0.108168 0.273981 0.221527 0.232530 0.164234 0.110316 0.144786 0.089181 0.149211 0.294776 0.061853 0.024238 0.007064 -0.010457 -0.122747 -0.012477 0.126159 0.023354 0.063859 0.167509 -0.106426 -0.074139 -0.013859 -0.086241 -0.076228 -0.061403 -0.023044 -0.292531 -0.019535 -0.350204 -0.146964 -0.132277 -0.159272 -0.068903 0.029149 0.066587 0.018101 -0.372759 -0.013301 -0.278955 0.259943 -0.180464 0.131829 -0.257348 -0.135015 -0.116407 0.287821 0.349118 0.125464 0.241061 0.017309 -0.031121 0.018887 -0.089691 0.148443 0.016286 0.096299 -0.130853 0.131783 0.101908 0.155849 0.253501 -0.096005 -0.402954 -0.111389 -0.078143 -0.043040 -0.240163 -0.089314 -0.005906 -0.172893 -0.010855 0.009574 0.022404 -0.069161 -0.018304 -0.176260 -0.119842 -0.027205 -0.108300 -0.169128 -0.085012 -0.015359 0.063190 -0.103542 0.240777 -0.070281 0.078617 -0.153365 -0.134875 -0.051060 -0.049373 -0.088834 -0.015309
0.091813 -0.099192 0.143808 -0.001828 0.199320 0.081784 0.154771 -0.001309 0.035328 -0.085363 0.065431 -0.193535 -0.033725 -0.007420 -0.012673 -0.065742 0.083741 -0.114369 -0.044150 0.227347 1.000000 0.123268 0.083291 0.100545 0.076123 -0.009348 0.235526 0.094634 -0.036005 -0.091635 0.135621 0.001024 -0.098709 -0.193049 0.004650 -0.092220 0.029361 -0.016179 0.096012 -0.020215 0.090556 0.102575 -0.042891 -0.038632 -0.026055 -0.136158 -0.029392 -0.012811 0.266716 -0.135953 0.077332 0.067659 0.135415 0.208312 0.112476 -0.154694 -0.053741 -0.084271 0.135602 0.016955 -0.025552 -0.102242 0.115819 -0.204203 -0.043611 -0.083646 0.000183 -0.080154 0.056252 0.200802 0.077169 0.002653 0.035919 -0.127191 -0.171590 -0.194670 -0.070087 -0.149740 -0.031980 -0.209822 0.051392 -0.165718 0.119776 0.001204 0.000965 -0.191930 0.053115 0.020689 0.038286 0.026885 0.100717 0.213133 0.120343 0.172098 -0.098675 -0.025066 0.070394 0.163830 -0.001583 0.095840 0.035534 0.044817 -0.076856 -0.029741 0.155131 0.066368 -0.010234 0.095807 0.013132 0.072646 -0.010905 0.185764 0.124005 0.144960 0.181585 0.160121
-0.372156 -0.210585 0.054925 0.310211 0.056240 0.142194 -0.087702 0.204361 0.164449 0.197389 -0.362800 -0.393320 -0.241793 -0.185116 0.054433 -0.100855 -0.072478 -0.088052 -0.283647 0.289348 0.123268 1.000000 0.147220 0.288876 0.270434 0.426263 0.116575 0.272422 -0.052882 0.052006 0.189841 0.455226 -0.152578 -0.051918 -0.027598 -0.040768 0.007194 0.067700 0.181850 0.311374 0.188053 0.011546 -0.070612 0.065628 -0.091707 0.013727 0.017507 0.037385 -0.230437 -0.235150 -0.042630 -0.224397 -0.261326 -0.047660 -0.108792 0.043709 0.093840 0.001555 -0.256512 -0.286400 -0.139864 -0.137272 -0.145213 -0.246827 0.176687 0.085470 -0.228780 -0.033806 -0.089144 0.204175 0.067872 0.257499 -0.182459 -0.027186 -0.152808 -0.187960 -0.053681 0.005330 0.140362 -0.179991 0.086919 0.079335 0.038172 0.121037 0.171591 -0.114845 -0.104439 -0.016727 0.046268 -0.047001 -0.071305 0.072419 -0.037636 -0.170368 0.142855 0.226296 -0.055189 0.210011 -0.240623 0.020597 -0.010752 0.020250 0.010434 0.049500 0.175317 0.278009 -0.022444 0.294871 0.045845 -0.009044 -0.030758 -0.045480 0.001138 -0.010369 0.065457 0.080604
-0.241086 -0.255535 0.191036 0.266859 0.149648 0.278594 0.002954 -0.058344 0.232227 0.055920 0.122204 -0.164763 -0.048570 -0.018543 0.576909 0.243782 0.114715 -0.036666 0.278131 0.108168 0.083291 0.147220 1.000000 0.740624 0.576743 0.375469 0.506511 0.541589 -0.219879 -0.140681 0.361551 0.444368 -0.161106 -0.301582 -0.044943 0.063281 -0.061345 -0.135329 0.192020 0.196437 0.236007 0.004157 -0.444803 -0.423562 -0.426929 -0.318425 -0.277390 -0.233342 -0.417630 -0.542884 0.334855 -0.279208 -0.235213 -0.092975 0.128324 -0.115408 0.033108 0.014756 -0.212433 -0.361716 -0.109147 -0.373593 0.047713 -0.080447 0.247903 -0.155683 -0.225971 -0.202465 0.131040 0.159458 0.152787 0.158277 -0.091413 0.041647 0.135173 0.013856 -0.010886 0.055367 -0.009606 -0.032528 0.142425 0.040182 0.578118 0.060942 0.337511 0.143440 0.287739 0.368818 0.370327 0.152229 -0.230119 -0.053298 0.069064 -0.125414 -0.147032 0.042378 -0.230690 -0.092125 -0.319634 -0.182084 -0.236729 -0.194519 -0.317278 -0.149103 -0.020842 -0.041532 -0.028234 0.089347 -0.018942 -0.132560 -0.028488 -0.131484 -0.046762 0.096664 -0.007353 0.094313
-0.445105 -0.340213 0.124899 0.528852 0.129745 0.445514 -0.047027 0.252188 0.163759 0.183267 0.066596 -0.119217 -0.153589 0.136199 0.409297 0.314401 -0.041685 -0.183547 0.052257 0.273981 0.100545 0.288876 0.740624 1.000000 0.619383 0.586506 0.449432 0.425807 -0.184719 -0.053581 0.559909 0.710785 -0.186875 -0.185148 -0.012754 0.106035 -0.253039 -0.244546 -0.016823 0.205978 0.078376 0.085875 -0.388232 -0.438737 -0.415364 -0.202258 -0.296852 -0.276936 -0.474409 -0.591391 0.032701 -0.402356 -0.300935 -0.119456 -0.257827 -0.263578 0.016267 -0.252781 -0.428164 -0.413901 -0.258301 -0.391794 0.054046 -0.218231 0.180579 -0.084485 -0.362538 -0.113632 0.113919 0.238168 0.335715 0.345470 -0.147454 -0.029229 -0.004025 0.006117 -0.178366 0.020915 0.046698 -0.264259 0.237172 0.003011 0.481786 0.435036 0.236390 0.189860 0.042041 0.306536 0.258198 0.130649 -0.088341 -0.023088 0.228500 -0.117473 -0.096722 0.091275 -0.317802 0.027066 -0.369571 -0.275610 -0.162632 -0.145979 -0.207571 -0.118569 0.034155 0.091426 0.121606 0.193300 -0.033125 -0.081070 -0.146516 -0.121497 -0.215682 -0.006989 -0.136320 0.015764
-0.373229 -0.169243 0.153382 0.394095 0.009001 0.270409 -0.125189 0.073738 0.057823 0.071783 -0.102935 -0.332957 -0.328709 -0.075886 0.161479 0.021381 -0.010183 -0.088798 0.074220 0.221527 0.076123 0.270434 0.576743 0.619383 1.000000 0.601340 0.325267 0.377627 -0.060511 0.046446 0.452495 0.645556 0.040888 0.055587 0.063792 0.269917 -0.037555 -0.188904 0.186667 0.254465 0.218558 0.088587 -0.226506 -0.268857 -0.240520 -0.064098 -0.144774 -0.177274 -0.373535 -0.455501 0.195667 -0.306157 -0.440533 -0.120992 -0.244728 -0.187406 0.055010 -0.033711 -0.309706 -0.394947 -0.208949 -0.289322 0.013592 -0.238234 0.350940 -0.059233 -0.203205 0.034712 0.154018 0.263324 0.133802 0.222141 -0.081120 0.082141 0.228364 0.009394 0.023655 0.226569 0.091659 -0.069378 0.293405 0.116346 0.272524 0.300042 0.264007 0.184072 0.214671 0.328208 0.181834 -0.003032 -0.229207 -0.183836 0.029369 -0.255196 -0.041450 -0.033198 -0.183613 -0.101925 -0.373361 -0.381128 -0.331893 -0.298233 -0.330294 -0.313347 -0.157424 -0.202570 0.021377 0.178103 -0.197822 -0.178571 -0.046943 -0.192502 -0.237917 -0.115993 -0.189750 0.111354
-0.322931 -0.189715 0.030364 0.580256 -0.287662 0.177780 -0.179178 0.348161 -0.047043 0.118039 -0.149323 -0.237643 -0.353609 -0.001382 0.082722 0.170760 -0.026420 -0.050821 -0.181829 0.232530 -0.009348 0.426263 0.375469 0.586506 0.601340 1.000000 0.106821 0.427629 -0.051402 0.169516 0.532278 0.759854 0.061041 0.205865 0.242813 0.373065 -0.158573 -0.018004 0.103683 0.383821 0.296566 0.073432 -0.205087 -0.186973 -0.185227 0.047548 -0.125840 -0.154619 -0.416484 -0.471629 -0.051928 -0.387818 -0.473825 -0.263443 -0.413519 -0.106107 0.109262 -0.213231 -0.502506 -0.556477 -0.290085 -0.230967 0.145732 -0.236375 0.161420 -0.015459 -0.371377 0.051610 0.126745 0.369126 0.165997 0.342897 -0.110811 0.022221 0.068198 -0.058661 0.055262 0.141166 0.173286 -0.130421 0.388819 0.118508 0.208357 0.403645 0.251131 0.096365 0.129988 0.279886 -0.024730 -0.118784 -0.295589 -0.291774 -0.052250 -0.353382 0.104703 0.088752 -0.046830 0.062729 -0.457026 -0.323928 -0.271058 -0.349652 -0.188055 -0.251827 -0.127642 -0.099686 0.035331 0.142068 -0.064383 -0.188454 -0.064725 -0.127721 -0.396128 -0.170208 -0.167726 0.041028
-0.027036 -0.102412 0.124433 0.295329 0.314003 0.468526 0.028871 -0.031225 0.092098 0.142356 0.022574 0.006038 -0.111175 0.069016 0.306401 0.073612 -0.081538 -0.127072 0.082745 0.164234 0.235526 0.116575 0.506511 0.449432 0.325267 0.106821 1.000000 0.502031 -0.270281 -0.226083 0.107359 0.100881 -0.247379 -0.415552 -0.138432 -0.032691 -0.108980 -0.146096 0.250541 0.303610 0.091109 0.144155 -0.205802 -0.277638 -0.323817 -0.285266 -0.267016 -0.149188 -0.169135 -0.364027 0.232899 -0.108150 -0.097364 0.115550 0.079412 -0.055277 0.182979 0.002038 0.049435 -0.109071 -0.118439 -0.304087 -0.043532 -0.133420 -0.029388 -0.069752 -0.162507 -0.227941 0.044741 0.185307 0.296142 0.174166 -0.196530 0.026804 -0.035892 0.074284 -0.001963 -0.086914 -0.182499 -0.202496 -0.021498 -0.118203 0.332843 0.062095 -0.038826 0.095295 0.262064 0.331301 0.377075 0.343817 0.003309 0.008749 0.129430 0.066133 -0.106469 0.032378 -0.078436 0.132044 -0.016013 -0.049223 -0.168734 -0.099721 -0.200652 -0.114146 0.109625 0.106752 0.195099 0.258395 0.008081 -0.077844 -0.018421 -0.064677 0.052162 -0.037564 0.078081 0.015351
-0.127555 0.044891 -0.127824 0.385035 -0.110479 0.258319 -0.391332 -0.135441 0.094323 -0.049650 0.001040 -0.141937 -0.186482 -0.000487 0.418997 0.164884 0.036615 0.011778 0.089291 0.110316 0.094634 0.272422 0.541589 0.425807 0.377627 0.427629 0.502031 1.000000 -0.269604 -0.121526 0.045376 0.249279 -0.000641 -0.123477 -0.073848 -0.132834 0.043388 -0.046483 0.391933 0.443848 0.278227 0.056137 -0.313843 -0.210161 -0.386933 -0.286988 -0.244144 -0.175682 -0.348312 -0.517381 0.385658 -0.228543 -0.274177 -0.103505 0.195981 0.109220 0.270138 0.096344 -0.215061 -0.269853 -0.195184 -0.417260 0.019093 -0.118620 0.034218 -0.024333 -0.167445 -0.273776 0.310457 0.216000 -0.048628 0.161068 -0.296167 -0.031833 0.037785 0.021995 0.051949 0.122756 0.061971 -0.069458 0.260768 0.131520 0.289425 -0.058445 0.486386 0.350591 0.434252 0.539599 0.401110 0.263125 -0.343402 -0.273922 -0.101184 -0.249462 0.085252 0.143894 -0.005313 0.164737 -0.134650 -0.084969 -0.368495 -0.275527 -0.154981 -0.144422 0.004394 0.026213 -0.007281 0.130335 -0.026008 -0.153707 0.056407 -0.108518 -0.111046 -0.127870 -0.058863 0.084727
0.050844 0.067136 0.076835 -0.203452 -0.150290 -0.264131 0.085276 -0.122646 0.041132 0.074072 0.180733 -0.050885 0.343905 -0.035421 -0.188144 -0.106640 0.299921 0.410254 0.054607 0.144786 -0.036005 -0.052882 -0.219879 -0.184719 -0.060511 -0.051402 -0.270281 -0.269604 1.000000 0.548224 0.092028 0.093667 0.250088 0.464532 0.199781 -0.072047 0.312004 -0.078235 -0.093199 -0.223339 0.152336 -0.054314 -0.005250 0.036575 0.181855 0.059969 0.068164 -0.053253 -0.131250 0.181334 -0.173752 -0.283488 -0.089303 -0.123572 -0.057908 -0.021660 -0.099594 0.054215 0.026976 -0.148715 0.273511 0.079616 0.476977 0.309145 0.184008 -0.086441 -0.093717 -0.252370 0.039669 -0.149904 -0.311401 -0.156476 0.540372 0.002939 0.178735 0.011737 0.011694 -0.092554 0.386577 0.362837 0.442485 0.521917 0.116670 0.376557 0.120795 -0.124210 -0.236485 -0.368074 -0.336774 -0.490170 -0.392547 -0.207483 -0.524640 -0.319611 0.009977 -0.192463 -0.164151 -0.175886 -0.298437 -0.144238 -0.087437 -0.213786 -0.139598 -0.202987 -0.161148 -0.150022 -0.265622 -0.035584 -0.039246 0.086978 -0.273553 -0.199863 -0.163229 -0.126737 -0.143765 -0.152152
-0.229072 0.041843 -0.145564 0.122749 -0.389934 -0.237346 -0.073478 0.179624 -0.010739 0.138566 -0.108192 0.007784 -0.056091 0.002132 -0.247251 0.070308 0.099071 0.403469 0.039430 0.089181 -0.091635 0.052006 -0.140681 -0.053581 0.046446 0.169516 -0.226083 -0.121526 0.548224 1.000000 0.242173 0.308650 0.357290 0.511987 0.197119 0.113559 0.119419 0.073741 -0.003426 -0.028662 0.248711 0.124308 -0.150821 -0.054574 -0.004107 -0.008677 0.108857 -0.163627 -0.223633 0.004074 -0.260261 -0.188089 -0.223767 -0.006556 -0.102802 -0.062590 0.000127 0.096697 -0.262605 -0.198407 -0.011699 0.082081 0.236301 0.260101 0.079653 0.003585 -0.183404 -0.278779 0.079221 -0.195897 -0.090146 -0.021392 0.620658 0.168350 0.217844 0.201421 0.215129 0.239120 0.318392 0.394297 0.382997 0.525731 0.038172 0.368301 0.119419 -0.024868 -0.085620 -0.183716 -0.299086 -0.329088 -0.408764 -0.320889 -0.348465 -0.423541 -0.105886 -0.224141 -0.176049 -0.246056 -0.346610 -0.295880 -0.193695 -0.400715 -0.064315 -0.162166 -0.181565 -0.160461 -0.305545 -0.114625 -0.167595 -0.212916 -0.227473 -0.171434 -0.314198 -0.105773 -0.099574 -0.140716
-0.276938 -0.177635 0.154768 0.343883 -0.097189 -0.003847 0.111398 0.296200 0.125099 0.222076 0.040978 -0.018146 0.005117 0.203309 0.251505 0.306195 -0.041636 -0.134771 0.002557 0.149211 0.135621 0.189841 0.361551 0.559909 0.452495 0.532278 0.107359 0.045376 0.092028 0.242173 1.000000 0.717749 0.029450 0.080724 0.052465 0.142127 -0.128991 -0.145167 -0.048743 0.112756 0.135748 0.052862 -0.286557 -0.303422 -0.274797 -0.129410 -0.118815 -0.149844 -0.367348 -0.437853 -0.222708 -0.415829 -0.182999 -0.077621 -0.250093 -0.234212 -0.100389 -0.148664 -0.272509 -0.324740 -0.110690 0.007821 0.064559 -0.022942 0.092130 -0.216286 -0.416306 -0.175583 0.019502 0.080277 0.254897 0.310715 0.118632 -0.067334 0.103767 -0.089626 -0.016433 0.060178 0.091598 -0.254369 0.282201 0.029583 0.281349 0.497203 0.035165 -0.066090 -0.064352 0.201423 0.102260 -0.038228 -0.059627 -0.054925 0.059674 -0.199356 -0.196279 -0.063407 -0.118737 -0.027306 -0.305491 -0.381765 -0.105182 -0.187056 -0.176420 -0.193830 -0.087447 -0.149284 0.088224 0.075252 -0.122231 -0.132728 -0.108821 -0.204013 -0.319552 -0.069612 -0.150521 -0.068775
-0.473822 -0.233294 0.034598 0.552512 -0.190632 0.087609 -0.114740 0.344480 0.041829 0.182401 -0.088980 -0.289591 -0.295478 -0.038036 0.135109 0.171283 0.046399 -0.028051 -0.048059 0.294776 0.001024 0.455226 0.444368 0.710785 0.645556 0.759854 0.100881 0.249279 0.093667 0.308650 0.717749 1.000000 0.137070 0.242175 0.006189 0.146964 -0.089246 -0.103970 0.029847 0.257716 0.282585 0.088790 -0.240159 -0.280783 -0.245487 -0.031706 -0.104807 -0.223362 -0.549530 -0.495770 -0.133127 -0.491636 -0.473594 -0.113919 -0.398542 -0.191016 0.133757 -0.089960 -0.511203 -0.546188 -0.267919 -0.194951 0.101271 -0.153217 0.227763 -0.101558 -0.461704 -0.165485 0.130489 0.183863 0.243583 0.429756 0.124608 0.063462 0.169908 0.014507 -0.002759 0.171795 0.253609 -0.123060 0.456127 0.218369 0.318552 0.583975 0.175642 0.077757 0.000738 0.200974 0.021788 -0.180357 -0.272212 -0.201552 0.003941 -0.355072 -0.006617 0.031787 -0.184312 -0.041275 -0.467780 -0.387754 -0.198733 -0.258909 -0.227845 -0.245099 -0.088958 -0.114590 -0.068601 0.115885 -0.148952 -0.145283 -0.243991 -0.207015 -0.297759 -0.037750 -0.187049 0.025353
0.224893 0.576191 -0.092127 0.052171 -0.384817 -0.253490 -0.230684 -0.103032 -0.303485 -0.330432 0.102031 0.047662 -0.050363 -0.094218 -0.257170 0.051171 0.223867 0.401381 0.351055 0.061853 -0.098709 -0.152578 -0.161106 -0.186875 0.040888 0.061041 -0.247379 -0.000641 0.250088 0.357290 0.029450 0.137070 1.000000 0.673215 0.074739 -0.049759 0.244831 0.117547 0.007797 0.212035 0.229754 0.298805 0.027241 -0.009344 0.051397 0.007598 0.003536 -0.114801 -0.181932 0.040127 -0.164798 -0.172464 -0.273066 0.067203 -0.026769 0.018903 0.244713 0.411483 -0.052815 -0.089236 0.013921 0.076463 0.202790 0.204581 -0.093686 -0.240654 -0.022227 -0.188155 0.450808 -0.213547 -0.270583 -0.173312 0.418815 0.221364 0.496560 0.110168 0.295279 0.241385 0.097947 0.230630 0.372420 0.339840 -0.000940 0.155326 0.154826 0.104496 0.165981 0.046413 -0.170714 -0.313993 -0.400340 -0.495427 -0.431040 -0.383179 -0.042006 -0.343772 0.108528 -0.325741 -0.025379 -0.309023 -0.187454 -0.340606 -0.210966 -0.393294 -0.464707 -0.502593 -0.423151 -0.335555 -0.269181 -0.166691 -0.325731 -0.290943 -0.098637 -0.112325 -0.281387 -0.157657
0.059489 0.342455 -0.075826 0.077410 -0.433053 -0.291692 -0.129129 0.074394 -0.201896 -0.086108 -0.031114 -0.008508 -0.005723 -0.030698 -0.395823 -0.067186 0.133766 0.332802 0.130007 0.024238 -0.193049 -0.051918 -0.301582 -0.185148 0.055587 0.205865 -0.415552 -0.123477 0.464532 0.511987 0.080724 0.242175 0.673215 1.000000 0.210694 0.146934 0.244574 0.109172 -0.031384 0.059086 0.200862 0.093484 -0.066350 -0.094397 0.097716 0.072427 -0.104916 -0.261114 -0.256413 0.002286 -0.231475 -0.235678 -0.322022 -0.152285 -0.221618 -0.119996 0.130426 0.226171 -0.114517 -0.080495 0.148264 0.190597 0.281281 0.260720 0.125640 -0.001138 -0.031182 -0.019155 0.335343 -0.106220 -0.198571 -0.174036 0.435446 0.155352 0.343845 0.015698 0.174186 0.226964 0.338093 0.290262 0.482275 0.457547 -0.027277 0.299619 0.168883 0.159084 -0.046349 -0.149586 -0.288251 -0.405650 -0.487644 -0.488500 -0.444024 -0.372648 -0.019576 -0.172339 -0.066288 -0.252549 -0.312355 -0.316414 -0.150409 -0.288981 -0.137703 -0.291849 -0.330999 -0.376414 -0.428871 -0.246492 -0.238351 -0.176172 -0.299401 -0.319323 -0.339475 -0.126111 -0.258587 -0.094139
-0.120213 -0.141201 -0.233880 0.037083 -0.411501 -0.187783 -0.095447 0.032105 -0.418941 -0.273944 0.031978 -0.025499 -0.052253 -0.047737 -0.317436 -0.151413 0.064879 0.215882 -0.168501 0.007064 0.004650 -0.027598 -0.044943 -0.012754 0.063792 0.242813 -0.138432 -0.073848 0.199781 0.197119 0.052465 0.006189 0.074739 0.210694 1.000000 0.431673 0.151708 0.012755 -0.025917 -0.045192 -0.017649 0.081100 0.107829 0.043806 0.209094 0.237720 0.131008 -0.015348 -0.010176 0.062576 0.004011 -0.045284 -0.234580 0.008954 -0.181307 0.072526 -0.152445 -0.189290 -0.217745 -0.267598 0.009992 -0.035883 0.003089 -0.033857 0.381433 0.131436 0.113807 0.376766 -0.111870 -0.126201 -0.100364 -0.032833 0.109217 0.085144 -0.101547 0.088327 0.129277 0.199399 0.172872 0.203851 0.113993 0.205480 -0.134590 0.021217 0.228048 0.090205 0.149027 -0.042051 -0.228217 -0.200614 -0.326656 -0.202683 -0.220477 -0.072004 -0.025884 -0.103374 0.167614 -0.114377 -0.306376 -0.113977 -0.165083 -0.144359 -0.102530 -0.101907 0.066829 -0.135602 -0.146363 -0.040833 -0.056972 -0.123071 0.000161 -0.052086 -0.258294 -0.083939 0.104317 -0.071759
-0.119214 -0.226733 0.085368 0.070456 -0.090509 -0.015673 0.162924 0.194971 -0.111174 0.159404 -0.087376 0.023083 -0.151230 0.111518 -0.110382 -0.100179 -0.299938 -0.073143 -0.022265 -0.010457 -0.092220 -0.040768 0.063281 0.106035 0.269917 0.373065 -0.032691 -0.132834 -0.072047 0.113559 0.142127 0.146964 -0.049759 0.146934 0.431673 1.000000 -0.106574 0.112042 0.065298 -0.004841 -0.079262 0.002039 -0.065323 -0.149491 -0.024110 0.062983 -0.011470 -0.120746 -0.020247 -0.061434 -0.018942 0.125385 -0.219278 -0.121189 -0.251253 -0.241150 -0.177905 -0.289531 -0.100136 -0.152038 -0.002705 0.148775 -0.050713 -0.175355 0.241268 0.169277 -0.024012 0.450398 -0.096145 0.168477 0.060181 -0.039634 0.054126 0.061809 -0.038329 0.041190 0.228737 0.056409 -0.081783 0.059197 -0.118883 -0.103519 -0.078107 0.082799 -0.136136 -0.100458 0.073547 0.018885 -0.069672 -0.130545 -0.002313 -0.066771 0.110063 -0.013080 -0.235295 -0.154725 0.013311 -0.219776 -0.270321 -0.254018 -0.056153 -0.175078 -0.180147 -0.062406 -0.181491 -0.136856 0.142331 0.122932 -0.176947 -0.171353 0.199716 -0.022941 -0.292458 -0.034803 -0.007159 -0.147192
