1.000000 0.644484 -0.329077 -0.278555 -0.471628 -0.343213 -0.330571 -0.327701 -0.560956 -0.365695 -0.006377 0.030156 -0.236163 -0.248335 -0.471277 -0.422225 -0.174508 -0.222863 0.554923 0.393739 -0.448676 -0.424210 -0.102971 -0.301448 -0.379135 -0.406221 -0.256844 -0.286906 -0.324300 -0.340759 -0.399123 -0.379046 0.324939 0.198072 0.049562 0.083098 -0.147719 -0.204124 -0.266829 -0.312580 -0.150091 -0.208096 -0.027209 0.013272 -0.209695 -0.116503 -0.069042 0.222870 -0.043327 -0.174180 -0.262149 -0.135914 0.202621 -0.015598 -0.165077 -0.197373 0.685054 0.432942 0.385723 0.305248 0.192872 0.134091 0.362734 0.129118 -0.156267 0.010012 0.190000 0.075546 0.357304 0.115130 -0.200516 -0.283459 -0.346209 -0.190334 -0.112871 -0.271434 0.165183 0.010225 0.021020 -0.049742 0.128503 0.137699 0.116940 0.022579 0.209709 0.310126 -0.108196 -0.152073 -0.018807 0.250207 0.310490 0.245578 0.164709 0.125260 0.016091 -0.145114 -0.007866 0.004946 0.280747 0.330566 0.140870 0.220330 0.140772 0.409407 0.175459 -0.043745 0.023603 0.054021 0.071301 -0.073316 0.169283 0.109789 -0.145162 0.334902 -0.138583 -0.099675
0.644484 1.000000 -0.439821 -0.229830 -0.365860 -0.429258 -0.209807 -0.020357 -0.450265 -0.097919 -0.247220 0.102439 -0.465908 -0.251402 -0.579999 -0.500884 -0.393481 -0.185067 0.351812 0.446675 -0.522092 -0.525776 -0.341091 -0.366245 -0.313168 -0.543435 -0.422455 -0.449777 -0.441542 -0.368044 -0.498379 -0.469760 0.209744 0.295188 -0.004669 0.100352 -0.287478 -0.346197 -0.437239 -0.250281 -0.299671 -0.341083 -0.052521 0.031985 -0.098788 -0.095950 -0.042710 0.277219 0.070963 -0.069526 -0.160925 -0.076234 0.119439 -0.216253 -0.290901 -0.085428 0.363659 0.572850 0.539186 0.570090 0.309710 0.336442 0.299336 0.434423 -0.037294 0.062494 0.392179 0.209603 0.287515 0.158745 -0.352740 -0.380163 -0.466359 -0.265645 -0.296626 -0.293231 -0.051049 -0.113109 -0.104617 -0.010181 0.169319 0.262726 -0.080771 0.136080 -0.049736 0.223100 -0.143914 -0.095508 -0.154095 0.238645 0.391747 0.221385 0.263202 0.152469 -0.104265 -0.062978 0.165398 0.154948 0.438328 0.244764 0.205058 0.260712 0.373622 0.297828 0.069592 -0.053238 0.060944 0.025516 0.074904 -0.077783 0.229020 0.220612 -0.025801 0.199362 -0.183228 0.016314
-0.329077 -0.439821 1.000000 0.503010 0.272563 0.339300 0.708701 0.303842 0.384852 0.094245 0.336789 0.073205 0.448655 0.307526 0.373947 0.316607 0.200607 0.190713 0.120201 -0.134625 0.270090 0.259485 0.701280 0.553735 0.356461 0.381810 0.327418 0.272784 0.151358 0.102896 0.564445 0.609056 0.112570 0.004433 -0.112355 -0.134586 -0.068550 -0.137189 -0.082331 -0.117814 0.093282 0.108349 -0.385578 -0.330289 -0.066020 -0.094878 -0.422988 -0.446247 0.032029 -0.066790 0.139032 -0.189551 -0.117307 -0.075986 -0.135553 -0.329413 -0.229105 -0.405421 -0.181107 -0.339936 -0.026103 -0.285614 -0.073680 -0.094756 0.151887 -0.116550 -0.265075 -0.147333 -0.318332 -0.119870 0.123513 0.263289 0.216652 0.120160 0.111545 0.176515 -0.002711 -0.004693 0.098966 -0.104032 -0.144630 -0.250171 -0.138849 -0.141242 -0.234551 -0.385908 -0.153929 -0.113456 0.082008 -0.218286 -0.422975 -0.261948 -0.451565 -0.291931 -0.205983 -0.125854 -0.388104 -0.310579 -0.394502 -0.425661 -0.175834 -0.072512 -0.226990 -0.263414 -0.161159 -0.074816 -0.187257 -0.086001 -0.231215 -0.107458 -0.275038 -0.393765 -0.266846 -0.341290 0.036060 -0.157096
-0.278555 -0.229830 0.503010 1.000000 0.108951 0.322913 0.325337 0.402948 0.010160 0.057025 0.252822 0.420416 0.313915 0.495018 0.186968 0.352686 0.144324 0.072508 -0.079005 -0.104362 0.286715 0.256788 0.544168 0.522857 0.241106 0.142682 0.266107 0.360927 0.133055 0.217309 0.464899 0.425167 0.128437 -0.037746 -0.004509 -0.166544 0.018899 0.047259 -0.029623 -0.030862 -0.104232 0.137412 -0.351819 -0.393697 -0.238206 -0.272228 -0.235103 -0.548718 -0.220516 -0.236839 0.015600 -0.266165 -0.118331 -0.017723 -0.085378 -0.109141 -0.252169 -0.322322 -0.374685 -0.215235 -0.284026 -0.074365 -0.180553 -0.087618 0.083808 0.120426 -0.160755 -0.110636 -0.264078 -0.180656 0.104942 0.219844 0.202506 0.200132 0.018508 0.219112 -0.087012 0.026454 0.166731 0.050103 -0.215800 -0.231797 -0.162718 0.169099 0.041108 -0.057913 -0.003076 0.206424 0.041316 -0.086188 -0.447378 -0.347517 -0.318001 -0.464836 -0.263379 0.027660 -0.134647 -0.208859 -0.262462 -0.471709 -0.147204 -0.209894 -0.247956 -0.197698 -0.108557 -0.237148 -0.337596 -0.293529 -0.060387 -0.006047 -0.322974 -0.317242 -0.329471 -0.333351 -0.111583 0.009703
-0.471628 -0.365860 0.272563 0.108951 1.000000 0.530917 0.349128 0.301774 0.671008 0.479622 0.040934 0.029791 0.179312 0.194674 0.453341 0.490330 -0.066559 0.147535 -0.295309 -0.198802 0.450796 0.409287 0.136747 0.250763 0.406098 0.366402 0.531629 0.394916 0.225215 0.311773 0.310176 0.292284 -0.390190 -0.282890 -0.196977 -0.178793 -0.038960 0.028338 0.079058 0.045216 0.255095 -0.081885 0.059893 -0.092408 0.136541 0.129755 -0.133967 -0.206264 0.258037 0.143879 0.237971 0.241402 -0.046877 0.160217 -0.071076 -0.197923 -0.533634 -0.346392 -0.265457 -0.278383 -0.210743 -0.141731 -0.400705 -0.216618 0.111108 -0.056186 -0.337932 -0.143007 -0.285553 -0.108185 0.184289 0.295716 0.200047 0.216483 0.059027 0.263331 -0.188390 -0.139207 -0.019666 -0.026512 -0.048215 -0.222646 0.162585 -0.019145 -0.180815 -0.243093 -0.025999 0.047537 0.009303 -0.193223 -0.134494 -0.059414 -0.039821 0.034629 -0.110588 -0.162731 -0.336544 -0.198662 -0.178711 -0.280085 -0.116706 0.032570 0.100100 -0.262022 -0.140941 0.114825 -0.004478 0.084802 -0.106210 -0.227632 -0.280415 -0.206355 0.198482 -0.039591 0.153247 -0.003605
-0.343213 -0.429258 0.339300 0.322913 0.530917 1.000000 0.234662 0.150891 0.512380 0.450742 0.103120 0.073480 0.265798 0.437904 0.257142 0.694487 0.091889 0.255676 -0.349744 -0.194239 0.487913 0.448860 0.239623 0.409658 0.521705 0.553655 0.760892 0.584429 0.238636 0.456363 0.303845 0.180645 -0.365433 -0.508008 -0.255256 -0.430345 -0.073504 0.191461 0.111332 -0.040932 0.164736 0.198702 0.091690 -0.163256 -0.077830 -0.001886 -0.081205 -0.274653 0.104032 -0.036048 0.362964 0.134855 0.190003 0.267791 -0.044144 -0.191234 -0.253904 -0.380449 -0.292787 -0.303471 -0.474473 -0.350009 -0.279684 -0.213692 -0.095748 -0.200089 -0.359758 -0.296042 -0.182640 -0.023669 0.175136 0.299178 0.221624 0.268573 -0.035207 0.121718 -0.132240 -0.103199 0.235533 0.015739 0.026016 -0.100671 0.123644 0.042947 -0.027033 -0.104791 0.041525 0.155664 -0.066594 -0.063557 -0.112586 -0.065926 -0.023164 -0.119224 -0.225279 -0.045358 -0.314562 -0.238486 -0.327447 -0.298885 -0.166843 -0.035123 -0.095447 -0.171768 -0.326424 0.067914 -0.125287 -0.007967 -0.096499 -0.036700 -0.333384 -0.430550 0.067270 -0.234432 0.157904 -0.123751
-0.330571 -0.209807 0.708701 0.325337 0.349128 0.234662 1.000000 0.611604 0.339763 0.219387 0.235505 0.207852 0.281084 0.345304 0.138364 0.183742 0.011819 0.175775 0.058126 0.089210 0.095935 0.100374 0.336614 0.393252 0.110199 0.135659 0.101024 0.017865 -0.025684 -0.022230 0.261095 0.416309 0.071476 0.198370 -0.133221 -0.040680 -0.188425 -0.218446 -0.283276 -0.101598 -0.023609 -0.146359 -0.344618 -0.322303 0.086743 0.024317 -0.382214 -0.334599 0.162476 -0.076999 0.108463 -0.305752 -0.271457 -0.226285 -0.337671 -0.334901 -0.278212 -0.236218 -0.084342 -0.252665 0.147691 -0.091855 -0.153012 0.099071 0.270544 -0.113841 -0.199834 -0.044101 -0.270923 -0.068753 -0.073732 0.093910 0.025529 -0.038885 -0.046481 0.092843 -0.048098 -0.001312 -0.088497 -0.039958 -0.086384 -0.167391 -0.240212 0.022379 -0.315310 -0.408139 -0.331379 -0.143827 -0.013754 -0.182802 -0.156031 -0.086250 -0.187882 -0.048982 -0.032595 -0.210819 -0.347192 -0.198362 -0.104278 -0.334249 -0.095932 0.024816 -0.052405 -0.106695 -0.150493 0.047215 -0.115628 0.091981 -0.314949 -0.171461 -0.275778 -0.250052 -0.132750 -0.203115 0.019409 -0.069856
-0.327701 -0.020357 0.303842 0.402948 0.301774 0.150891 0.611604 1.000000 0.304199 0.319739 0.027864 0.363181 -0.015054 0.325295 -0.060265 0.179738 -0.144622 0.108132 -0.148882 0.132634 0.034552 0.017850 -0.084243 0.298415 -0.044542 0.025349 0.035560 -0.137725 -0.086532 -0.008031 0.155103 0.326217 0.000589 0.283482 -0.114678 -0.037011 -0.272354 -0.243200 -0.325006 -0.011787 -0.117289 -0.221014 -0.247381 -0.284239 0.128116 0.143940 -0.389777 -0.332621 0.077743 -0.018770 -0.121447 -0.241430 -0.397170 -0.193163 -0.384154 -0.209168 -0.307476 -0.275666 -0.079264 -0.057160 0.067615 0.352014 -0.277801 0.096411 0.309011 0.230451 -0.114906 0.142075 -0.155881 -0.025803 -0.082399 0.018733 -0.160433 -0.113244 -0.209811 0.037594 -0.292055 -0.110053 -0.094941 -0.108133 -0.132025 -0.314112 -0.209445 0.326443 -0.273288 -0.270359 -0.265414 0.079808 -0.087336 0.045802 -0.106526 -0.111923 0.026831 -0.065500 -0.187195 -0.173890 -0.327166 -0.071020 -0.136801 -0.331259 0.133572 0.070003 0.111444 -0.216837 -0.069378 0.007275 -0.147028 0.051701 -0.277899 -0.160438 -0.287409 -0.214473 -0.166932 -0.205892 -0.067668 0.047812
-0.560956 -0.450265 0.384852 0.010160 0.671008 0.512380 0.339763 0.304199 1.000000 0.533696 0.049211 -0.166364 0.209060 0.101151 0.513881 0.487282 0.040145 0.098506 -0.340550 -0.159269 0.419027 0.268765 0.100715 0.304920 0.508029 0.447023 0.492949 0.232968 0.286544 0.268336 0.367588 0.307534 -0.405724 -0.363998 -0.256979 -0.278282 -0.090625 0.135990 0.095021 0.121103 0.262336 0.110182 0.039919 -0.060296 0.005148 0.116921 -0.191974 -0.148375 0.163270 0.181334 0.113404 0.251941 -0.091598 0.129322 -0.018389 -0.119113 -0.501787 -0.516170 -0.205730 -0.233824 -0.188416 -0.140903 -0.379004 -0.242432 0.034022 -0.062774 -0.341684 -0.168933 -0.243315 0.037428 0.275535 0.260120 0.212256 0.177617 0.046583 0.192768 -0.339615 -0.257985 0.011140 -0.115497 -0.152852 -0.334201 0.125083 0.060246 -0.278781 -0.164331 0.047605 0.094480 0.005181 -0.093909 -0.084844 0.032376 -0.059647 0.060678 -0.195317 -0.118502 -0.284056 -0.060696 -0.263516 -0.254041 0.080906 0.070567 -0.038610 -0.334663 -0.224439 0.176265 -0.003788 0.100589 -0.051730 -0.064676 -0.283993 -0.255624 0.096883 -0.135288 0.284039 0.009523
-0.365695 -0.097919 0.094245 0.057025 0.479622 0.450742 0.219387 0.319739 0.533696 1.000000 -0.067571 0.121063 -0.026942 0.289945 0.231394 0.531071 -0.160953 0.202364 -0.413794 -0.151472 0.153604 0.018539 -0.155045 0.026750 0.415702 0.132941 0.303372 0.115778 0.043908 0.237081 0.096916 -0.067739 -0.281439 -0.301154 -0.309733 -0.277291 -0.358592 -0.006675 -0.294897 -0.164175 -0.116253 -0.047849 0.181572 0.064572 0.166636 0.216634 -0.093023 0.027474 0.345197 0.333406 0.293433 0.378541 0.006267 0.296266 -0.107441 -0.101917 -0.366812 -0.380539 0.064641 0.069903 -0.240049 0.030012 -0.294393 0.016547 -0.136466 -0.009200 -0.076036 -0.088845 -0.082785 -0.089575 -0.099536 -0.015552 0.021193 -0.029119 -0.238183 -0.016745 -0.346306 -0.414143 -0.126816 0.002207 -0.082119 -0.139012 -0.077778 0.011362 -0.273658 -0.080074 0.026882 0.101225 -0.478678 -0.161030 0.006683 0.136105 0.105431 0.162923 -0.231517 -0.014742 -0.270931 0.056069 -0.177531 0.027083 0.017687 0.152521 -0.026856 -0.072806 -0.235555 0.173045 -0.025072 -0.015207 -0.152118 -0.124249 -0.224541 0.067501 0.254274 -0.157977 0.220020 -0.041224
-0.006377 -0.247220 0.336789 0.252822 0.040934 0.103120 0.235505 0.027864 0.049211 -0.067571 1.000000 0.404252 0.790236 0.561087 0.398375 0.465075 0.587653 0.360605 0.038528 -0.321021 0.273210 0.211397 0.321623 -0.041656 0.192829 0.169830 0.274448 0.153788 0.512732 0.416490 0.486957 0.437471 0.245180 -0.104899 0.025773 -0.173879 0.211760 0.198085 0.229307 -0.049662 0.335595 0.302490 -0.347761 -0.369049 -0.351671 -0.487865 -0.227286 -0.487914 -0.161087 -0.215042 -0.120740 -0.108096 -0.080839 0.139798 0.069324 -0.169874 0.107268 -0.256205 -0.348301 -0.453566 -0.066622 -0.125813 -0.014109 0.027520 -0.111723 0.091979 -0.525686 -0.593138 -0.253352 -0.379555 0.327297 0.392156 0.510685 0.376401 0.402763 0.514937 0.398313 0.266849 0.332389 0.102945 -0.098539 -0.071469 0.166797 -0.057271 0.197788 -0.030863 -0.092368 -0.066638 -0.001879 -0.369783 -0.509490 -0.529492 -0.528216 -0.539398 -0.102712 0.088640 -0.212222 -0.215059 -0.427702 -0.219338 -0.293904 -0.232147 -0.430974 -0.055804 0.120116 -0.277493 -0.227203 -0.392341 -0.107169 -0.192832 -0.460021 -0.240728 -0.229230 -0.226929 -0.191700 0.144506
0.030156 0.102439 0.073205 0.420416 0.029791 0.073480 0.207852 0.363181 -0.166364 0.121063 0.404252 1.000000 0.393964 0.668130 0.077484 0.312859 0.029074 0.397474 -0.091878 -0.154879 0.155610 0.179831 0.090126 0.002527 -0.014660 0.001410 0.037926 0.150485 0.058523 0.298124 0.205939 0.276616 0.052516 -0.073249 0.005591 -0.214908 -0.106575 -0.054758 -0.244144 -0.313936 -0.072181 0.075728 -0.114890 -0.116695 -0.248566 -0.251348 -0.192207 -0.251580 0.053233 -0.179320 -0.067893 -0.105194 -0.170886 0.074349 -0.268322 -0.152585 -0.067771 -0.244495 -0.267313 -0.268816 -0.042167 0.198436 -0.125460 0.083266 0.134918 0.323642 -0.312541 -0.254263 -0.227618 -0.420421 0.160187 0.425152 0.077038 0.300469 0.090919 0.367129 0.112203 0.199346 0.203782 0.134914 -0.204327 -0.186032 -0.082008 0.178104 0.184273 0.201642 -0.155405 0.295469 -0.221421 -0.157403 -0.356601 -0.393412 -0.212974 -0.358731 -0.199415 0.076770 -0.205183 -0.233695 -0.250818 -0.303122 -0.108616 -0.043449 -0.145520 -0.046615 0.080364 -0.354418 -0.368668 -0.415094 -0.251898 -0.242572 -0.308986 -0.104792 -0.256151 -0.212057 -0.352491 0.042846
-0.236163 -0.465908 0.448655 0.313915 0.179312 0.265798 0.281084 -0.015054 0.209060 -0.026942 0.790236 0.393964 1.000000 0.626179 0.617056 0.555356 0.510691 0.470329 -0.140895 -0.509614 0.408574 0.340902 0.516855 0.105761 0.377733 0.419519 0.319606 0.319565 0.586481 0.525615 0.617890 0.547710 0.001109 -0.229809 -0.026423 -0.169686 0.338955 0.246303 0.331240 0.010806 0.393771 0.430159 -0.204539 -0.232579 -0.337136 -0.449170 -0.136917 -0.409067 -0.149059 -0.197071 0.004107 -0.089623 -0.074107 0.162205 0.164024 -0.018689 -0.099033 -0.372470 -0.539811 -0.692862 -0.063471 -0.250065 -0.098619 -0.194119 0.067061 0.046367 -0.674488 -0.618460 -0.432249 -0.510729 0.485226 0.492100 0.627972 0.473732 0.493559 0.552482 0.301085 0.256120 0.356301 0.248959 -0.149526 -0.085771 0.191016 -0.070212 0.174311 0.009968 0.066482 0.062842 0.069373 -0.422993 -0.666269 -0.591243 -0.613645 -0.569489 -0.030237 0.139971 -0.129030 -0.301500 -0.513628 -0.349443 -0.334770 -0.296837 -0.498383 -0.212637 0.026726 -0.392608 -0.343644 -0.438443 -0.120905 -0.153288 -0.405200 -0.306532 -0.201110 -0.326696 -0.237564 0.032701
-0.248335 -0.251402 0.307526 0.495018 0.194674 0.437904 0.345304 0.325295 0.101151 0.289945 0.561087 0.668130 0.626179 1.000000 0.258856 0.586281 0.300211 0.423668 -0.360867 -0.353900 0.362061 0.387412 0.275864 0.174756 0.267610 0.283903 0.334050 0.379017 0.293929 0.479700 0.397366 0.345631 -0.021341 -0.208460 -0.039949 -0.209543 -0.017297 0.103350 -0.073152 -0.267073 0.106956 0.269008 -0.111012 -0.156218 -0.131237 -0.191364 -0.149900 -0.330084 0.046257 -0.052056 0.095461 -0.060052 -0.153776 0.186096 -0.216891 -0.091495 -0.169571 -0.354982 -0.365658 -0.462153 -0.195092 -0.066498 -0.219033 -0.004986 -0.058122 0.086220 -0.465360 -0.425568 -0.262858 -0.369054 0.153667 0.399588 0.309894 0.287928 0.151199 0.350330 0.175687 0.139362 0.373975 0.107203 -0.116053 -0.054124 -0.113334 0.030360 0.084250 -0.043844 -0.074458 0.230114 -0.244535 -0.284294 -0.471460 -0.472285 -0.369610 -0.459551 -0.207744 0.053023 -0.202937 -0.259794 -0.350590 -0.397717 -0.267047 -0.086713 -0.331767 -0.112961 -0.147056 -0.249863 -0.371852 -0.375635 -0.198918 -0.180558 -0.328685 -0.351172 -0.141504 -0.346686 -0.167777 -0.012621
-0.471277 -0.579999 0.373947 0.186968 0.453341 0.257142 0.138364 -0.060265 0.513881 0.231394 0.398375 0.077484 0.617056 0.258856 1.000000 0.603057 0.290698 0.267195 -0.281770 -0.430399 0.620840 0.455553 0.376059 0.142684 0.459845 0.412165 0.424288 0.450532 0.554071 0.462767 0.620201 0.523945 -0.250792 -0.385285 -0.175735 -0.243147 0.242066 0.217661 0.330071 0.058622 0.402108 0.361049 -0.022269 -0.070136 -0.226929 -0.222845 -0.142781 -0.295094 -0.090451 0.043168 -0.073965 0.171939 -0.193736 0.336982 0.215069 -0.026186 -0.353261 -0.548576 -0.447733 -0.480712 -0.178195 -0.295340 -0.248623 -0.340447 -0.002965 -0.006948 -0.516905 -0.422453 -0.333410 -0.301190 0.542097 0.520560 0.573484 0.444861 0.483776 0.485563 -0.008457 0.084649 0.103682 0.030893 -0.188104 -0.317829 0.279626 -0.045581 0.000613 -0.019621 0.253338 0.163302 0.004931 -0.316926 -0.540265 -0.289977 -0.458422 -0.246217 -0.155754 0.056281 -0.214420 -0.185622 -0.534271 -0.201685 -0.162400 -0.200664 -0.284191 -0.338895 -0.060384 -0.120377 -0.135354 -0.193368 -0.077930 -0.125363 -0.292623 -0.140830 -0.058076 -0.256851 0.040400 0.177062
-0.422225 -0.500884 0.316607 0.352686 0.490330 0.694487 0.183742 0.179738 0.487282 0.531071 0.465075 0.312859 0.555356 0.586281 0.603057 1.000000 0.319708 0.507072 -0.402448 -0.423425 0.616234 0.477794 0.202402 0.129743 0.556187 0.479744 0.711235 0.501759 0.569805 0.742334 0.593784 0.442389 -0.199469 -0.462777 -0.271280 -0.507287 0.100302 0.257910 0.209692 0.015337 0.360014 0.414553 -0.013985 -0.282324 -0.173950 -0.246199 -0.160554 -0.467570 -0.024979 0.007537 0.127911 0.187042 0.017714 0.424793 0.039266 -0.129842 -0.243826 -0.599513 -0.419675 -0.481422 -0.376155 -0.238363 -0.233987 -0.153918 -0.171708 -0.024064 -0.599666 -0.648396 -0.284175 -0.401214 0.415973 0.484982 0.549864 0.495032 0.284581 0.517002 0.022070 0.034533 0.307817 0.092110 -0.057973 -0.171596 0.246118 0.164968 0.066243 -0.039276 0.036058 0.180935 -0.309772 -0.336800 -0.471520 -0.384255 -0.295120 -0.357050 -0.247414 0.077210 -0.390512 -0.201474 -0.527280 -0.189844 -0.159991 -0.137352 -0.321505 -0.245050 -0.084296 -0.093018 -0.203227 -0.218360 -0.118423 -0.077064 -0.558631 -0.214170 0.100515 -0.284880 0.005742 0.122875
-0.174508 -0.393481 0.200607 0.144324 -0.066559 0.091889 0.011819 -0.144622 0.040145 -0.160953 0.587653 0.029074 0.510691 0.300211 0.290698 0.319708 1.000000 0.399366 -0.141258 -0.507964 0.343066 0.339081 0.181582 -0.111537 0.250491 0.280358 0.161783 0.146960 0.689289 0.496338 0.533797 0.433081 0.226166 -0.100494 0.043285 -0.011992 0.449119 0.323493 0.415682 0.143740 0.420358 0.531692 -0.188600 -0.255661 -0.079851 -0.311990 0.020350 -0.344046 -0.328556 -0.041879 -0.139230 -0.060716 -0.137216 0.100697 0.283712 0.174370 0.172554 -0.111367 -0.403190 -0.397286 -0.217671 -0.344421 0.130976 0.053939 -0.395709 -0.180778 -0.444092 -0.568949 -0.171482 -0.328395 0.395035 0.319587 0.679915 0.409542 0.485117 0.452152 0.424101 0.409043 0.402132 0.357989 0.266232 0.262569 0.082690 -0.217362 0.158703 -0.234417 0.089032 -0.126865 -0.005992 -0.386368 -0.418926 -0.522090 -0.556980 -0.558263 0.187722 0.221204 0.077642 0.053772 -0.225551 -0.024055 -0.275489 -0.205339 -0.367469 -0.080901 0.122268 -0.192532 -0.099367 -0.338763 0.072065 0.154473 -0.244167 -0.130795 -0.040406 -0.203550 -0.127627 0.188277
-0.222863 -0.185067 0.190713 0.072508 0.147535 0.255676 0.175775 0.108132 0.098506 0.202364 0.360605 0.397474 0.470329 0.423668 0.267195 0.507072 0.399366 1.000000 -0.302637 -0.496548 0.233717 0.296407 0.044777 -0.185832 0.295596 0.316269 0.203200 0.177584 0.401089 0.639250 0.387007 0.348515 0.065429 -0.126308 -0.110243 -0.274360 0.262234 0.064363 0.096047 -0.025280 0.198190 0.370245 -0.064736 -0.166768 -0.018996 -0.288429 -0.127861 -0.222562 0.036069 0.019316 0.058308 -0.054807 -0.114667 -0.012256 -0.001942 0.034444 0.111646 -0.109352 -0.125368 -0.355553 -0.013333 -0.140364 0.224690 0.314973 -0.088017 -0.159705 -0.497947 -0.596054 -0.293587 -0.543435 0.329143 0.456262 0.452814 0.531874 0.298155 0.511694 0.295569 0.322975 0.388235 0.447132 0.272416 0.299663 0.016314 -0.002157 -0.049267 -0.244277 -0.066839 0.044930 -0.253474 -0.397305 -0.509345 -0.576752 -0.438723 -0.408911 0.098094 0.138290 -0.128211 -0.204059 -0.353289 -0.057591 -0.249398 -0.089986 -0.188078 -0.157827 0.237687 -0.224973 -0.110908 -0.230615 -0.236179 -0.025861 -0.406350 -0.114455 0.044932 -0.297425 -0.262793 0.111742
0.554923 0.351812 0.120201 -0.079005 -0.295309 -0.349744 0.058126 -0.148882 -0.340550 -0.413794 0.038528 -0.091878 -0.140895 -0.360867 -0.281770 -0.402448 -0.141258 -0.302637 1.000000 0.507649 -0.418266 -0.335807 0.257968 -0.032308 -0.256200 -0.198570 -0.278950 -0.282120 -0.300894 -0.410229 -0.202421 0.004026 0.370390 0.398924 0.233266 0.141515 -0.176433 -0.360242 -0.155917 -0.201664 -0.082075 -0.180348 -0.183809 -0.209658 -0.133809 -0.134132 -0.114206 0.006582 -0.105369 -0.330459 -0.080304 -0.321799 0.063626 -0.144682 -0.177412 -0.296342 0.274675 0.300672 0.188653 0.133018 0.296984 0.061102 0.292578 0.117499 0.181401 0.058152 0.140909 0.096064 0.189423 0.135097 -0.264869 -0.226410 -0.297118 -0.211212 -0.059661 -0.258280 0.183947 0.085491 -0.041437 -0.225584 0.027943 0.007857 0.115110 0.053825 0.151259 -0.024673 -0.279319 -0.339089 0.179669 0.058230 0.249588 0.199205 0.078987 0.133390 0.020862 -0.215428 -0.066680 -0.064556 0.278200 0.192638 -0.045892 0.001404 0.230380 0.187151 0.148644 -0.060170 0.104455 0.073603 -0.028963 -0.143115 0.215739 0.182881 -0.156829 0.240157 -0.161601 -0.152892
0.393739 0.446675 -0.134625 -0.104362 -0.198802 -0.194239 0.089210 0.132634 -0.159269 -0.151472 -0.321021 -0.154879 -0.509614 -0.353900 -0.430399 -0.423425 -0.507964 -0.496548 0.507649 1.000000 -0.425306 -0.391861 -0.092547 0.281100 -0.368695 -0.376973 -0.272634 -0.311032 -0.583830 -0.561232 -0.542036 -0.284985 0.061601 0.331353 0.021949 0.097543 -0.451616 -0.312387 -0.364303 -0.136241 -0.342213 -0.435397 -0.191380 -0.190321 -0.004320 0.159661 -0.188996 0.056665 0.054193 -0.208906 -0.125199 -0.234520 0.055548 -0.158580 -0.384295 -0.300618 0.106770 0.238048 0.364623 0.400881 0.142910 0.181732 0.034039 0.108863 0.132262 -0.013613 0.347909 0.404740 0.381507 0.600422 -0.474773 -0.356193 -0.592173 -0.481185 -0.444587 -0.476399 -0.331897 -0.181499 -0.243082 -0.455883 -0.048027 -0.120360 -0.024663 0.361283 -0.026935 0.056944 -0.214132 -0.083834 0.122474 0.544351 0.635281 0.620151 0.490896 0.488654 -0.008486 -0.428778 -0.182356 0.082215 0.425276 0.109543 0.204010 0.198779 0.366755 0.252211 -0.091781 0.463548 0.384592 0.574847 -0.038155 0.070871 0.158337 0.071085 -0.080308 0.197410 0.304854 -0.078496
-0.448676 -0.522092 0.270090 0.286715 0.450796 0.487913 0.095935 0.034552 0.419027 0.153604 0.273210 0.155610 0.408574 0.362061 0.620840 0.616234 0.343066 0.233717 -0.418266 -0.425306 1.000000 0.769383 0.191232 0.161830 0.365342 0.381742 0.558628 0.644438 0.619111 0.596654 0.559238 0.438504 -0.419255 -0.585615 -0.230500 -0.470727 0.336955 0.415200 0.385721 0.144909 0.387211 0.502133 0.046368 -0.109707 -0.185527 -0.179764 0.017190 -0.392056 -0.155683 0.010579 0.019993 0.245220 -0.051634 0.345079 0.189745 -0.059718 -0.351136 -0.523941 -0.528639 -0.381834 -0.487200 -0.388087 -0.320591 -0.317790 -0.180991 -0.058586 -0.472485 -0.452132 -0.209412 -0.196448 0.592240 0.593577 0.593827 0.541158 0.445613 0.501157 0.019544 0.125625 0.273992 0.017946 -0.093553 -0.213561 0.196545 -0.020397 0.137858 -0.000185 0.296256 0.296957 0.014797 -0.279404 -0.374628 -0.321378 -0.332867 -0.336379 -0.131060 0.047581 -0.142120 -0.149297 -0.434535 -0.299523 -0.114457 -0.209972 -0.217709 -0.303988 -0.049249 -0.063051 -0.152523 -0.189577 0.043090 0.006286 -0.320316 -0.256500 0.036512 -0.166878 0.065124 0.139035
-0.424210 -0.525776 0.259485 0.256788 0.409287 0.448860 0.100374 0.017850 0.268765 0.018539 0.211397 0.179831 0.340902 0.387412 0.455553 0.477794 0.339081 0.296407 -0.335807 -0.391861 0.769383 1.000000 0.178223 0.201053 0.211958 0.411191 0.543797 0.686038 0.476599 0.530878 0.429604 0.425652 -0.353417 -0.487628 -0.201223 -0.314750 0.237499 0.256224 0.251991 0.005536 0.365279 0.355470 0.117679 -0.023248 -0.002911 -0.024874 0.026552 -0.273704 -0.008774 0.095335 0.115617 0.174727 -0.008650 0.230722 0.086115 -0.018010 -0.350444 -0.402747 -0.468738 -0.313788 -0.430446 -0.325545 -0.221423 -0.215768 -0.148656 -0.153797 -0.419219 -0.324223 -0.298303 -0.214022 0.412468 0.621882 0.410754 0.418187 0.274606 0.419053 0.050668 0.261945 0.386451 -0.026942 0.009318 -0.115793 0.100741 -0.075947 0.109442 -0.186723 0.130171 0.185033 -0.004288 -0.227328 -0.279861 -0.300512 -0.248608 -0.271297 -0.051840 0.043776 -0.087033 -0.122714 -0.276627 -0.347673 -0.215214 -0.233774 -0.130088 -0.248678 -0.067460 -0.023525 -0.070901 -0.148329 0.069679 0.034079 -0.193921 -0.232289 0.088912 -0.183553 0.085564 -0.010834
-0.102971 -0.341091 0.701280 0.544168 0.136747 0.239623 0.336614 -0.084243 0.100715 -0.155045 0.321623 0.090126 0.516855 0.275864 0.376059 0.202402 0.181582 0.044777 0.257968 -0.092547 0.191232 0.178223 1.000000 0.536033 0.373508 0.386269 0.290438 0.385908 0.167053 0.108911 0.550928 0.567789 0.143771 0.018554 0.131413 -0.064988 0.026838 -0.093649 0.098280 -0.143046 0.066755 0.180990 -0.298637 -0.291953 -0.212716 -0.217949 -0.306366 -0.412181 -0.143423 -0.240431 0.123720 -0.252225 0.064816 0.053184 -0.097835 -0.315170 -0.136222 -0.186831 -0.303327 -0.453614 -0.097096 -0.441803 -0.057976 -0.298715 0.153247 -0.172184 -0.299302 -0.191916 -0.221568 -0.122794 0.147300 0.248250 0.248447 0.217429 0.180473 0.183311 0.095317 0.060725 0.229937 0.001611 -0.126074 -0.110253 0.111297 -0.094313 0.105639 -0.130252 -0.004442 -0.021541 0.225717 -0.271065 -0.457652 -0.281862 -0.495892 -0.336112 -0.166368 -0.148601 -0.209326 -0.358661 -0.334250 -0.413662 -0.310408 -0.216508 -0.311454 -0.158771 -0.097895 -0.198354 -0.196930 -0.155731 -0.127289 -0.066422 -0.167385 -0.326740 -0.340646 -0.206019 -0.012566 -0.126609
-0.301448 -0.366245 0.553735 0.522857 0.250763 0.409658 0.393252 0.298415 0.304920 0.026750 -0.041656 0.002527 0.105761 0.174756 0.142684 0.129743 -0.111537 -0.185832 -0.032308 0.281100 0.161830 0.201053 0.536033 1.000000 0.283003 0.374988 0.245949 0.375619 -0.164870 -0.082459 0.150741 0.288997 -0.176970 -0.044619 -0.048330 -0.047347 -0.231502 0.027196 -0.080145 -0.009364 -0.164679 -0.069226 -0.300354 -0.231231 -0.123855 0.072602 -0.324456 -0.260711 0.054253 -0.200229 0.163532 -0.287054 -0.007491 -0.133671 -0.276988 -0.221044 -0.336276 -0.333375 -0.107974 -0.102045 -0.253021 -0.221909 -0.217673 -0.250028 0.143527 -0.177059 -0.001701 0.240365 -0.128306 0.312548 -0.112942 0.124369 -0.110171 -0.089448 -0.228212 -0.038029 -0.367556 -0.128235 0.062109 -0.307461 -0.260018 -0.325803 -0.094888 0.144345 -0.075406 -0.181847 0.029245 0.143166 0.222770 0.293077 -0.001505 0.119665 -0.029008 0.044644 -0.137729 -0.201347 -0.230812 -0.210094 -0.211589 -0.497921 -0.053081 -0.085476 -0.053441 -0.171780 -0.325604 0.274467 -0.007655 0.284927 -0.091334 0.025488 -0.065153 -0.472768 -0.359879 -0.244103 0.409516 -0.236793
-0.379135 -0.313168 0.356461 0.241106 0.406098 0.521705 0.110199 -0.044542 0.508029 0.415702 0.192829 -0.014660 0.377733 0.267610 0.459845 0.556187 0.250491 0.295596 -0.256200 -0.368695 0.365342 0.211958 0.373508 0.283003 1.000000 0.688319 0.440929 0.404866 0.438414 0.475441 0.485382 0.270462 -0.221807 -0.357909 -0.171794 -0.266164 0.102849 0.154608 0.122403 0.001669 0.158841 0.370805 0.022141 -0.096102 -0.196885 -0.181337 -0.014712 -0.163091 -0.072154 0.005470 0.201153 0.081855 0.095368 0.122851 0.049799 -0.062646 -0.171731 -0.346944 -0.261179 -0.306013 -0.426141 -0.430729 -0.120087 -0.181638 -0.213133 -0.302115 -0.297021 -0.370466 -0.243656 -0.217420 0.318161 0.244007 0.448260 0.440749 0.207636 0.387946 -0.072250 -0.017571 0.286700 0.157911 0.131595 0.075737 0.180022 0.062760 -0.049621 -0.097681 0.149272 0.062295 -0.102059 -0.256424 -0.309338 -0.258229 -0.289070 -0.274991 -0.181262 0.097372 -0.085855 -0.126195 -0.288910 -0.172965 -0.122932 -0.014359 -0.226098 -0.277956 -0.239449 -0.118051 -0.201748 -0.227802 -0.032928 -0.049586 -0.170701 -0.160182 -0.048922 -0.228399 0.100091 -0.167354
-0.406221 -0.543435 0.381810 0.142682 0.366402 0.553655 0.135659 0.025349 0.447023 0.132941 0.169830 0.001410 0.419519 0.283903 0.412165 0.479744 0.280358 0.316269 -0.198570 -0.376973 0.381742 0.411191 0.386269 0.374988 0.688319 1.000000 0.409203 0.543223 0.341752 0.379449 0.469618 0.423267 -0.166627 -0.223971 -0.004279 -0.167931 0.041846 0.050266 0.209431 0.064886 0.144400 0.386856 0.157095 -0.035931 -0.172542 -0.044802 0.008511 -0.178029 -0.079785 -0.080539 0.231468 -0.021014 0.056356 0.173245 0.001135 -0.099890 -0.126446 -0.330667 -0.404504 -0.528508 -0.281350 -0.335111 -0.169969 -0.247873 -0.014803 -0.206353 -0.437178 -0.283146 -0.262948 -0.159526 0.336665 0.391453 0.301048 0.456767 0.240426 0.278976 -0.028286 0.135759 0.249188 0.025300 0.013565 -0.071222 0.091795 0.037022 0.002547 -0.237343 0.065665 0.087273 0.079189 -0.208197 -0.303883 -0.273472 -0.250766 -0.195571 -0.121129 -0.016532 -0.146701 -0.350635 -0.367227 -0.207753 -0.161906 -0.140929 -0.118876 -0.293799 -0.127480 -0.110424 -0.188272 -0.059571 -0.145149 -0.119599 -0.126521 -0.226017 -0.050083 -0.143198 0.021528 -0.218968
-0.256844 -0.422455 0.327418 0.266107 0.531629 0.760892 0.101024 0.035560 0.492949 0.303372 0.274448 0.037926 0.319606 0.334050 0.424288 0.711235 0.161783 0.203200 -0.278950 -0.272634 0.558628 0.543797 0.290438 0.245949 0.440929 0.409203 1.000000 0.621232 0.423665 0.508076 0.477305 0.326898 -0.236252 -0.537116 -0.280811 -0.517121 0.067940 0.187987 0.225126 0.006157 0.392656 0.205536 0.102475 -0.177997 -0.095590 -0.074932 -0.154721 -0.404115 0.112801 0.092687 0.223776 0.272721 0.177019 0.323678 0.054944 -0.208061 -0.224893 -0.408580 -0.312451 -0.315741 -0.504099 -0.404783 -0.266439 -0.316878 -0.177570 -0.195558 -0.378564 -0.444095 -0.136415 -0.110418 0.332968 0.393747 0.350791 0.333528 0.112792 0.297158 -0.032189 -0.073772 0.299901 -0.087918 0.040017 -0.195393 0.343362 0.058434 0.102728 -0.030627 0.066148 0.154155 -0.046697 -0.166617 -0.253190 -0.188688 -0.200991 -0.235644 -0.346301 -0.099997 -0.350917 -0.223773 -0.357943 -0.265012 -0.142223 -0.080576 -0.262426 -0.184442 -0.205186 0.022437 -0.137528 -0.085682 0.002707 -0.026386 -0.448900 -0.345804 0.103590 -0.184043 0.153513 0.035299
-0.286906 -0.449777 0.272784 0.360927 0.394916 0.584429 0.017865 -0.137725 0.232968 0.115778 0.153788 0.150485 0.319565 0.379017 0.450532 0.501759 0.146960 0.177584 -0.282120 -0.311032 0.644438 0.686038 0.385908 0.375619 0.404866 0.543223 0.621232 1.000000 0.249359 0.368338 0.358563 0.253595 -0.347968 -0.568507 -0.040666 -0.409777 0.084194 0.312500 0.229805 0.029357 0.068430 0.314093 0.138213 -0.016737 -0.283925 -0.152776 0.094493 -0.253943 -0.019210 -0.165399 0.305166 0.075538 0.101292 0.319813 0.091590 -0.112747 -0.228902 -0.332488 -0.400781 -0.352943 -0.510055 -0.443905 -0.352725 -0.354473 -0.048332 -0.146926 -0.296473 -0.245038 -0.155060 -0.050075 0.326772 0.506586 0.229805 0.385228 0.125339 0.222939 -0.062014 0.012122 0.239442 -0.085301 -0.228918 -0.221546 0.083830 -0.006573 0.122529 0.003578 0.363446 0.433725 0.122950 -0.054572 -0.256019 -0.125401 -0.139946 -0.135007 -0.151347 -0.053608 -0.080872 -0.252937 -0.332188 -0.226181 -0.184885 -0.215055 -0.182799 -0.055342 -0.035491 0.066296 -0.215068 -0.083541 0.016692 -0.011090 -0.166991 -0.197943 0.059553 -0.088388 0.208910 -0.009384
-0.324300 -0.441542 0.151358 0.133055 0.225215 0.238636 -0.025684 -0.086532 0.286544 0.043908 0.512732 0.058523 0.586481 0.293929 0.554071 0.569805 0.689289 0.401089 -0.300894 -0.583830 0.619111 0.476599 0.167053 -0.164870 0.438414 0.341752 0.423665 0.249359 1.000000 0.758824 0.724547 0.520473 -0.100394 -0.345483 -0.166705 -0.299478 0.566612 0.352662 0.507048 0.241466 0.626026 0.616874 -0.023556 -0.197504 -0.107367 -0.286114 0.012007 -0.395653 -0.421130 0.072722 -0.209502 0.108010 -0.151608 0.251584 0.326294 0.170877 -0.092168 -0.397076 -0.579017 -0.512960 -0.382351 -0.427435 -0.082810 -0.249514 -0.346437 -0.170341 -0.584262 -0.695343 -0.171619 -0.441432 0.708209 0.461231 0.880090 0.604607 0.645799 0.696164 0.258456 0.307700 0.471989 0.367823 0.290865 0.142404 0.465579 0.038606 0.277321 -0.027208 0.220781 0.067323 -0.012794 -0.553746 -0.548933 -0.574633 -0.557612 -0.610053 0.059869 0.197755 -0.001315 0.056260 -0.372583 -0.129980 -0.112385 -0.263830 -0.367243 -0.276563 0.057083 -0.291759 -0.173781 -0.408647 0.150846 0.141494 -0.411431 -0.151353 0.002970 -0.251667 -0.183146 0.272769
-0.340759 -0.368044 0.102896 0.217309 0.311773 0.456363 -0.022230 -0.008031 0.268336 0.237081 0.416490 0.298124 0.525615 0.479700 0.462767 0.742334 0.496338 0.639250 -0.410229 -0.561232 0.596654 0.530878 0.108911 -0.082459 0.475441 0.379449 0.508076 0.368338 0.758824 1.000000 0.631133 0.466034 -0.145227 -0.415741 -0.259397 -0.436222 0.367205 0.365994 0.289918 0.015245 0.499624 0.626256 0.020272 -0.179993 -0.096694 -0.336604 -0.017707 -0.361811 -0.184105 0.118519 0.025799 0.152294 0.001944 0.266452 0.105590 0.088155 -0.165658 -0.430352 -0.485187 -0.468913 -0.403350 -0.393059 0.021936 -0.088763 -0.321186 -0.226104 -0.587250 -0.746061 -0.310930 -0.544641 0.591587 0.571895 0.730389 0.760820 0.585896 0.729992 0.269804 0.323900 0.543877 0.392518 0.276355 0.252258 0.336960 0.144079 0.290576 0.071593 0.083945 0.165621 -0.287650 -0.500155 -0.562977 -0.629492 -0.505825 -0.540717 -0.121303 0.226913 -0.164133 -0.091876 -0.388432 -0.170104 -0.108646 -0.177757 -0.268377 -0.203113 0.034270 -0.306322 -0.214060 -0.384193 -0.015882 0.041158 -0.446477 -0.206942 0.055283 -0.271582 -0.218219 0.166207
-0.399123 -0.498379 0.564445 0.464899 0.310176 0.303845 0.261095 0.155103 0.367588 0.096916 0.486957 0.205939 0.617890 0.397366 0.620201 0.593784 0.533797 0.387007 -0.202421 -0.542036 0.559238 0.429604 0.550928 0.150741 0.485382 0.469618 0.477305 0.358563 0.724547 0.631133 1.000000 0.850395 0.068958 -0.173486 -0.175079 -0.342611 0.317252 0.082617 0.293562 0.102750 0.398577 0.522759 -0.138668 -0.283950 -0.117894 -0.264046 -0.243837 -0.574912 -0.303314 0.042042 -0.108014 0.046018 -0.197468 0.225763 0.072285 -0.111965 -0.225068 -0.514433 -0.547892 -0.614866 -0.272122 -0.436162 -0.126516 -0.288949 -0.138235 -0.100943 -0.610785 -0.586401 -0.336066 -0.482508 0.658841 0.555711 0.704288 0.632792 0.572458 0.648601 0.183034 0.184616 0.339003 0.230221 0.067474 -0.119931 0.244225 0.021678 0.093350 -0.109022 0.098346 0.103575 -0.052082 -0.569157 -0.744685 -0.651151 -0.694929 -0.627341 -0.223758 0.070368 -0.303271 -0.194525 -0.487809 -0.342432 -0.119121 -0.218054 -0.368138 -0.319126 0.072304 -0.347320 -0.317863 -0.358355 -0.070226 0.015205 -0.496112 -0.256200 -0.158595 -0.277427 -0.197802 0.191364
-0.379046 -0.469760 0.609056 0.425167 0.292284 0.180645 0.416309 0.326217 0.307534 -0.067739 0.437471 0.276616 0.547710 0.345631 0.523945 0.442389 0.433081 0.348515 0.004026 -0.284985 0.438504 0.425652 0.567789 0.288997 0.270462 0.423267 0.326898 0.253595 0.520473 0.466034 0.850395 1.000000 0.093639 0.082566 -0.041276 -0.181532 0.193074 -0.088814 0.185873 0.056017 0.343646 0.354264 -0.261035 -0.364246 -0.037077 -0.198219 -0.352557 -0.579166 -0.264389 -0.065253 -0.153267 -0.171255 -0.315753 0.081175 -0.123881 -0.223944 -0.255813 -0.451072 -0.528804 -0.627290 -0.064973 -0.298813 -0.105145 -0.227435 0.147675 -0.072791 -0.603367 -0.452461 -0.348429 -0.405729 0.512263 0.578885 0.500012 0.493985 0.486122 0.589550 0.209692 0.315619 0.369419 0.131687 0.049548 -0.161052 0.214546 0.136592 0.082844 -0.220817 -0.057518 0.019249 0.076224 -0.496443 -0.643393 -0.613258 -0.636923 -0.536060 -0.156424 -0.046843 -0.400103 -0.228114 -0.458635 -0.417333 -0.122324 -0.246328 -0.217080 -0.326520 0.103455 -0.279505 -0.232720 -0.166883 -0.218171 -0.003166 -0.399841 -0.272737 -0.243474 -0.257084 -0.214641 0.164690
0.324939 0.209744 0.112570 0.128437 -0.390190 -0.365433 0.071476 0.000589 -0.405724 -0.281439 0.245180 0.052516 0.001109 -0.021341 -0.250792 -0.199469 0.226166 0.065429 0.370390 0.061601 -0.419255 -0.353417 0.143771 -0.176970 -0.221807 -0.166627 -0.236252 -0.347968 -0.100394 -0.145227 0.068958 0.093639 1.000000 0.625290 0.179881 0.267804 -0.018959 -0.297920 -0.106525 -0.096142 -0.081371 -0.061519 -0.316403 -0.220101 0.048629 -0.153262 -0.195194 -0.166602 -0.159909 -0.023051 -0.119608 -0.258446 -0.036151 -0.124376 -0.060039 -0.108420 0.369537 0.319326 0.121631 -0.041946 0.275314 0.159544 0.459253 0.351578 -0.055733 0.049839 0.060412 -0.082419 0.214010 -0.065375 -0.255881 -0.281767 -0.038692 -0.109459 0.010903 -0.100309 0.249166 0.061001 -0.018650 0.120454 0.175487 0.186689 -0.153334 -0.088777 0.032150 -0.183339 -0.261661 -0.309888 -0.090243 -0.182348 -0.251085 -0.258268 -0.353876 -0.267927 -0.088727 0.013305 -0.074289 -0.110791 0.058139 0.089006 -0.135685 -0.100883 -0.146258 0.102088 0.184123 -0.210827 -0.009356 -0.120873 -0.129689 -0.018274 -0.143381 0.036027 -0.213042 0.011088 -0.247478 -0.000773
0.198072 0.295188 0.004433 -0.037746 -0.282890 -0.508008 0.198370 0.283482 -0.363998 -0.301154 -0.104899 -0.073249 -0.229809 -0.208460 -0.385285 -0.462777 -0.100494 -0.126308 0.398924 0.331353 -0.585615 -0.487628 0.018554 -0.044619 -0.357909 -0.223971 -0.537116 -0.568507 -0.345483 -0.415741 -0.173486 0.082566 0.625290 1.000000 0.325137 0.614907 -0.181830 -0.546736 -0.229885 -0.068838 -0.200131 -0.339277 -0.317596 -0.171807 0.352299 0.211058 -0.187223 0.029271 -0.066976 -0.062030 -0.206918 -0.451211 -0.207298 -0.345054 -0.236020 -0.111562 0.145723 0.428898 0.201168 0.042797 0.549594 0.372232 0.300694 0.306497 0.318420 0.086923 0.174508 0.327706 0.098212 0.038529 -0.395517 -0.398629 -0.302565 -0.355152 -0.163036 -0.245804 0.100308 0.089537 -0.138281 -0.002541 0.224754 0.187898 -0.181620 0.037607 -0.138447 -0.366378 -0.331322 -0.427201 0.124902 0.013534 -0.012919 -0.063452 -0.095192 0.010118 0.082235 -0.182870 -0.024767 -0.069867 0.228863 0.029503 -0.004320 -0.045601 0.115362 -0.001637 0.085961 -0.134496 0.069607 0.132589 -0.201366 -0.069911 0.106729 0.093221 -0.182711 0.056791 -0.222166 -0.057074
0.049562 -0.004669 -0.112355 -0.004509 -0.196977 -0.255256 -0.133221 -0.114678 -0.256979 -0.309733 0.025773 0.005591 -0.026423 -0.039949 -0.175735 -0.271280 0.043285 -0.110243 0.233266 0.021949 -0.230500 -0.201223 0.131413 -0.048330 -0.171794 -0.004279 -0.280811 -0.040666 -0.166705 -0.259397 -0.175079 -0.041276 0.179881 0.325137 1.000000 0.418302 0.042794 -0.009615 0.145700 0.206497 -0.065723 -0.120798 -0.125992 -0.078090 -0.059790 -0.088771 0.152797 -0.010642 -0.237781 -0.398353 -0.060101 -0.400585 -0.119434 -0.283287 0.081321 0.134788 0.076948 0.292203 0.030731 -0.087340 0.313984 0.151075 0.041118 0.136736 0.368715 0.202656 0.100456 0.158878 -0.040694 0.048860 -0.219106 -0.073402 -0.117137 -0.162751 -0.062308 -0.252279 0.256943 0.149893 0.018793 -0.037997 -0.134014 0.059089 -0.173592 -0.015284 0.196510 -0.008392 -0.143391 -0.020942 0.387902 0.031637 -0.013985 -0.075470 0.033967 -0.021476 0.018447 -0.007061 0.232787 -0.017043 0.015075 0.093853 -0.150342 -0.114366 -0.082174 -0.046650 0.133760 -0.082495 -0.132841 -0.173303 -0.115554 -0.137187 0.145737 0.103117 -0.023413 0.066027 -0.074224 0.006744
0.083098 0.100352 -0.134586 -0.166544 -0.178793 -0.430345 -0.040680 -0.037011 -0.278282 -0.277291 -0.173879 -0.214908 -0.169686 -0.209543 -0.243147 -0.507287 -0.011992 -0.274360 0.141515 0.097543 -0.470727 -0.314750 -0.064988 -0.047347 -0.266164 -0.167931 -0.517121 -0.409777 -0.299478 -0.436222 -0.342611 -0.181532 0.267804 0.614907 0.418302 1.000000 -0.140237 -0.180713 -0.092416 -0.072322 -0.125921 -0.334212 -0.157711 0.058214 0.344769 0.296003 0.046532 0.275625 0.006720 -0.020346 -0.094637 -0.217125 -0.093571 -0.321667 0.033993 0.256377 0.025038 0.368394 0.186003 0.135306 0.421009 0.314926 0.127155 0.182895 0.215087 0.115361 0.235452 0.538373 -0.027639 0.147549 -0.346409 -0.372508 -0.217458 -0.441848 -0.183364 -0.339211 0.120771 0.070767 -0.228224 -0.003477 0.041724 0.189540 -0.311380 -0.248290 -0.229444 -0.225146 -0.170705 -0.400865 0.251618 0.140310 0.072838 0.038535 0.004446 0.083011 0.173028 -0.030823 0.255389 0.003153 0.188329 -0.036828 -0.100183 0.019572 0.027623 -0.154248 -0.123455 -0.061214 0.016998 0.006075 0.007862 -0.070796 0.367751 0.001498 -0.179238 -0.051041 -0.079499 -0.138918
