1.000000 0.461485 0.106590 -0.046838 -0.161115 -0.208049 0.081450 0.041026 -0.124992 0.029706 0.323948 0.359217 0.246822 0.471116 0.051079 0.093210 0.351936 0.232358 0.399073 0.263698 -0.103097 -0.142836 -0.211564 -0.268126 -0.264572 -0.236414 -0.279140 -0.236222 0.194376 0.334809 -0.065566 -0.154652 0.444163 0.463937 -0.081943 -0.039690 0.022429 0.007498 -0.035675 -0.061590 0.056650 -0.027920 -0.196397 -0.156739 -0.258518 -0.267827 -0.116085 -0.129967 -0.260499 -0.113725 -0.248262 -0.209808 0.012733 -0.135512 0.166764 0.028513 0.529099 0.392404 0.257620 0.084587 0.080592 0.278539 0.059272 0.361222 -0.323374 0.008824 -0.305815 -0.287134 0.256045 -0.082613 0.006414 -0.043834 0.220787 0.143561 0.314411 0.146593 0.329991 0.218350 0.056860 -0.079272 -0.048293 -0.065504 0.177473 0.027812 0.061209 -0.222651 0.281503 -0.120836 0.022153 -0.064645 -0.230772 -0.351484 -0.242602 -0.291619 -0.213642 0.021368 0.036451 -0.135477 -0.107004 0.024695 -0.302765 -0.044066 -0.226402 -0.147947 -0.189101 -0.122477 -0.062625 0.010615 0.162232 -0.056717 -0.149854 0.075509 0.209633 -0.110199 0.086557 -0.005466
0.461485 1.000000 0.126683 -0.039322 -0.147655 -0.130836 0.044665 0.212855 0.103085 0.280130 0.194656 0.515861 0.118168 0.525134 -0.042641 0.117440 0.047156 0.138026 0.091658 0.081909 -0.132813 -0.150053 -0.284494 -0.331150 -0.275759 -0.183043 -0.265953 -0.233492 0.103418 0.271160 -0.006963 -0.307205 0.169148 0.340415 -0.033013 0.169587 -0.169007 -0.126772 -0.100076 -0.138525 -0.262310 -0.130754 -0.267145 -0.006407 -0.085903 -0.117977 -0.030216 -0.019732 -0.152478 -0.128082 -0.166778 -0.148147 -0.113097 -0.097462 0.044836 -0.000865 0.383678 0.430300 0.402439 0.091151 0.361824 0.410409 0.037712 0.420784 0.048454 0.143525 -0.160483 -0.073340 0.024909 -0.049043 0.014605 -0.133842 -0.117232 0.045405 0.028696 -0.075453 0.043770 0.000232 0.026932 -0.115539 0.033570 0.009504 0.196689 -0.072456 0.154343 -0.187736 0.202666 -0.181965 0.118262 -0.157980 -0.095380 -0.209030 -0.105858 -0.228860 -0.228868 0.005082 0.026206 -0.172859 -0.122173 -0.030465 -0.060285 0.070625 -0.005509 -0.155493 -0.078448 -0.207325 0.084583 -0.033548 0.219039 -0.036941 -0.085633 -0.018976 0.154301 -0.050096 -0.164891 -0.046837
0.106590 0.126683 1.000000 0.389644 0.285970 -0.072300 0.346408 0.420224 0.277967 0.350394 0.103564 0.243361 0.222088 0.277242 0.185181 0.060832 0.026780 0.055219 0.200674 -0.135679 -0.127093 -0.304882 0.270742 -0.163768 0.015006 0.104435 -0.051423 -0.134687 0.022731 -0.021279 0.306131 0.095323 0.039874 0.261346 0.188177 0.300465 -0.109175 0.085326 -0.147798 -0.065670 -0.145894 -0.306648 0.024993 -0.008271 -0.044800 0.008129 -0.004173 -0.109062 -0.104006 -0.146933 -0.192818 -0.191007 -0.085505 0.005861 0.107576 -0.181569 -0.105109 -0.103060 0.102064 -0.302759 0.170420 0.228831 -0.269475 -0.287651 0.039673 0.137788 -0.067501 -0.039346 -0.055230 0.100663 0.231638 0.202933 0.127550 0.064229 0.096987 0.127249 0.079093 0.277962 -0.125532 -0.039269 -0.337960 -0.219355 0.052632 -0.300039 0.000307 -0.187779 0.165781 -0.023113 0.150202 -0.052247 -0.158761 -0.138482 -0.061708 -0.144619 -0.077691 -0.126335 -0.115517 -0.227570 -0.323074 -0.395141 0.000559 -0.126442 -0.239773 -0.242996 -0.153576 -0.039289 -0.203890 -0.033430 0.035913 -0.168827 -0.077478 -0.302112 -0.090870 -0.125798 0.043070 0.018650
-0.046838 -0.039322 0.389644 1.000000 -0.063094 0.277176 -0.177195 0.464996 -0.047828 0.141178 0.088204 0.262527 -0.108900 -0.071784 -0.079032 -0.071780 -0.110143 0.028766 -0.042440 -0.371277 0.070709 -0.155206 0.230495 0.214504 0.195451 0.620948 0.244346 0.421375 -0.223506 0.103778 0.313081 0.289392 0.014465 0.035354 0.059274 0.423269 0.033079 0.274088 0.042264 0.324691 -0.145346 0.073358 -0.250900 -0.108736 -0.350351 -0.264744 -0.228026 -0.228327 -0.291570 -0.377777 -0.351962 -0.289864 -0.093825 -0.138437 0.182985 -0.148190 -0.069815 -0.097686 -0.093952 -0.247407 -0.020470 0.326502 -0.413373 -0.292643 -0.066841 0.609062 -0.234029 -0.087171 0.062541 0.280082 -0.001544 0.206869 0.022503 0.274818 0.178829 0.173586 -0.030174 0.289192 -0.143917 -0.056761 -0.414684 -0.134421 -0.137574 -0.284775 -0.115049 0.080357 0.067054 0.236674 0.096206 0.047675 -0.372204 -0.079110 0.387408 0.152172 0.050182 0.119125 -0.164583 0.127167 -0.474136 -0.450406 0.113816 -0.006594 -0.258644 -0.128190 0.058032 0.327962 -0.130558 0.089444 -0.027349 0.085765 -0.128229 -0.330143 -0.230894 0.043379 0.117054 -0.006551
-0.161115 -0.147655 0.285970 -0.063094 1.000000 0.395406 0.241398 0.148099 0.510412 0.276196 -0.111294 -0.043836 -0.039083 -0.053030 0.201963 -0.043539 -0.324874 -0.088125 0.141828 0.250264 0.223550 0.052323 0.417309 0.125332 -0.003027 -0.065625 0.244157 -0.165793 -0.170759 -0.310376 0.135192 0.123053 -0.193015 0.026269 0.288637 0.129307 -0.091744 -0.182605 -0.237339 -0.151790 0.001714 -0.206455 0.103032 -0.022040 0.142992 0.215815 0.146626 0.175200 0.052624 -0.073179 -0.196155 -0.067203 -0.014055 0.378271 -0.255136 -0.218059 -0.097902 -0.181401 -0.170967 -0.220991 -0.061609 0.055282 0.075769 -0.199575 0.235354 -0.219399 -0.062866 0.217986 -0.114116 -0.074932 0.279255 0.383215 -0.077467 -0.199731 -0.065166 0.013067 0.045796 0.137981 -0.194736 -0.093114 -0.207977 -0.138972 0.086059 0.330531 -0.163660 -0.058014 -0.059814 -0.009590 0.079629 -0.307296 0.381937 0.266600 -0.127988 -0.069665 0.092892 -0.206619 -0.277984 -0.184450 0.063435 -0.107372 -0.007989 -0.065789 0.036849 -0.026082 0.040132 -0.228707 0.047479 -0.002624 -0.012727 -0.155580 0.007594 -0.114502 0.013223 0.042648 0.023245 -0.125755
-0.208049 -0.130836 -0.072300 0.277176 0.395406 1.000000 -0.311522 -0.022931 0.125907 0.301435 0.155188 0.096267 -0.171237 -0.161043 0.071903 0.041202 -0.361700 0.163919 -0.270255 -0.141537 0.485008 0.355890 0.227336 0.153951 0.334360 0.347599 0.634468 0.483970 -0.313559 -0.018078 -0.129284 -0.053073 -0.134822 -0.222885 0.234432 0.170389 -0.085908 0.001891 -0.085667 0.174020 0.135990 0.154875 -0.000725 -0.092885 -0.133143 -0.063938 0.011910 0.012971 0.010006 -0.196407 -0.152940 -0.182556 -0.069188 0.243125 -0.160360 -0.150122 0.088131 0.004929 0.067571 0.047322 -0.044922 0.094669 -0.106872 -0.158145 0.228035 0.271186 -0.028249 0.213994 -0.062391 0.136564 -0.010930 0.038884 -0.234797 -0.092350 -0.170468 -0.092864 -0.111104 -0.100136 -0.146606 0.055598 -0.184132 0.080229 -0.083047 0.325989 -0.140557 -0.072012 -0.172884 0.045511 -0.113424 -0.199525 0.239256 0.210238 0.122759 0.090503 0.085459 -0.150020 -0.186962 0.009909 -0.068884 -0.232388 0.023326 -0.141533 -0.111379 -0.108596 0.088376 -0.157222 0.099983 -0.067870 -0.165906 -0.024251 0.020941 -0.186356 -0.181566 0.080224 -0.136944 -0.300550
0.081450 0.044665 0.346408 -0.177195 0.241398 -0.311522 1.000000 0.439104 0.259220 0.197956 -0.203594 -0.158251 0.087843 0.099305 0.306383 0.281839 0.150577 -0.218867 0.371594 0.397211 -0.220071 -0.231757 0.226326 0.069535 -0.327672 -0.376393 -0.292955 -0.575386 0.185828 -0.202283 0.303166 0.199189 -0.032541 0.166081 0.183008 0.054200 -0.030600 -0.328966 -0.118907 -0.359136 -0.177144 -0.211492 -0.088937 -0.205805 -0.011643 -0.003631 -0.169459 -0.118398 -0.187210 -0.144326 -0.093319 -0.211743 -0.189322 -0.081691 -0.223230 -0.353817 -0.079334 -0.246990 -0.188151 -0.329114 0.295003 0.003730 0.278840 -0.032113 0.360405 -0.318968 0.012785 0.112639 -0.196077 -0.221866 0.081780 0.060760 0.095166 -0.133086 0.114811 0.157656 0.123052 0.044865 0.115702 -0.158501 0.183525 -0.036610 0.395211 0.207913 0.387548 -0.021279 0.169662 -0.115404 0.283345 -0.026551 0.090536 0.160831 0.042243 0.023885 -0.208718 -0.104370 -0.190714 -0.357918 -0.061804 0.019852 0.090599 0.133362 0.045881 0.045100 -0.077797 -0.175495 -0.070431 0.010860 -0.056344 -0.128095 -0.037542 -0.056137 0.138742 -0.033170 -0.041481 0.111392
0.041026 0.212855 0.420224 0.464996 0.148099 -0.022931 0.439104 1.000000 0.161666 0.380526 -0.112313 0.218079 -0.001418 0.219076 -0.005286 0.079755 0.032835 -0.167799 0.229080 0.173430 -0.106412 -0.296340 0.103584 0.089212 -0.318059 -0.014492 -0.137513 -0.256142 0.017097 0.008705 0.427728 0.325586 -0.001069 0.335985 0.091250 0.331745 -0.157338 -0.148704 -0.177755 -0.148629 -0.385116 -0.241359 -0.371390 -0.299966 -0.254960 -0.286368 -0.438412 -0.298092 -0.540232 -0.502627 -0.311704 -0.413020 -0.256411 -0.394783 -0.133587 -0.550251 -0.053682 -0.158774 -0.089281 -0.283434 0.385274 0.483938 0.170214 0.071303 0.305726 0.246946 -0.108721 0.160629 -0.233208 -0.057425 0.040894 0.051713 0.015765 -0.004482 0.044189 0.132885 -0.007178 0.135238 0.057296 -0.215802 -0.080786 -0.096734 0.132635 -0.004554 0.291698 0.175605 0.088593 0.029411 0.220271 0.143242 -0.202363 0.126679 0.367017 0.166424 -0.215914 0.159596 -0.394647 -0.179801 -0.371706 -0.148774 0.288915 0.243505 0.103845 -0.001072 0.068757 -0.043751 -0.103438 0.126019 0.003056 -0.017314 -0.191035 -0.146391 0.059650 -0.001087 -0.068654 0.176176
-0.124992 0.103085 0.277967 -0.047828 0.510412 0.125907 0.259220 0.161666 1.000000 0.378056 -0.022332 0.141183 0.082045 0.124983 0.170052 0.175788 -0.265074 -0.220455 0.073618 0.088045 0.137891 0.053049 0.145263 -0.004921 -0.069211 -0.142669 0.000872 -0.226329 -0.279540 -0.456454 0.003990 -0.016959 -0.190146 0.074472 0.217845 0.276027 -0.259761 -0.125617 -0.203120 -0.328184 -0.249804 -0.230055 0.070452 -0.051197 0.172538 0.184231 0.145998 0.114679 0.046208 -0.030922 0.030485 -0.137191 -0.059969 0.227536 -0.430832 -0.245873 -0.083066 -0.290186 0.014979 -0.120937 0.261862 0.184168 0.191163 -0.130228 0.274100 -0.110593 -0.046564 0.269469 -0.232629 -0.041238 0.261222 0.177223 -0.352124 -0.165166 -0.219264 -0.105188 -0.030856 0.067904 -0.015927 -0.168994 -0.024319 -0.174477 0.057626 0.142433 0.115401 -0.007559 -0.125422 -0.192279 0.073365 -0.201103 0.338947 0.294257 0.001204 0.015948 -0.157062 -0.400300 -0.317975 -0.232439 0.027718 0.029375 0.023739 0.127510 -0.050052 0.013983 0.016583 -0.255029 0.194729 -0.002413 0.086180 -0.150672 0.202867 -0.013592 0.112508 0.011010 -0.244187 -0.083365
0.029706 0.280130 0.350394 0.141178 0.276196 0.301435 0.197956 0.380526 0.378056 1.000000 0.195919 0.372440 0.023071 0.205763 0.141577 0.266162 -0.269196 -0.014014 0.081579 0.083732 0.108984 -0.215604 -0.039803 -0.211883 -0.180344 -0.238187 -0.126517 -0.302257 -0.080750 -0.003887 0.058851 -0.086346 0.068087 0.215624 0.246874 0.185833 -0.273604 -0.220127 -0.281150 -0.252811 -0.167008 -0.231368 -0.264192 -0.279215 -0.085333 -0.070268 -0.163172 -0.079564 -0.169421 -0.214077 -0.284005 -0.395037 -0.213238 0.081565 -0.240430 -0.495699 0.007362 -0.092759 0.357007 0.040472 0.207706 0.485271 0.035033 -0.173389 0.333195 0.184217 0.054404 0.319515 -0.203247 -0.063104 0.065512 0.114481 -0.112593 -0.018047 -0.055383 0.122240 -0.021845 0.107844 -0.125411 -0.132225 -0.202341 -0.274766 0.032055 0.157067 0.104549 -0.120075 0.014941 -0.234496 -0.009818 -0.083008 0.257859 0.284139 0.256325 0.119054 -0.132831 -0.295571 -0.325909 -0.328076 -0.183419 -0.152384 0.213303 0.183732 0.038754 -0.036588 -0.002115 -0.244530 0.028605 -0.000391 0.025244 0.007690 -0.000865 -0.138513 0.107637 -0.009624 -0.293096 -0.021977
0.323948 0.194656 0.103564 0.088204 -0.111294 0.155188 -0.203594 -0.112313 -0.022332 0.195919 1.000000 0.471760 0.473642 0.303995 0.357000 0.226642 0.127748 0.424035 0.039964 -0.134580 -0.046882 -0.009252 -0.112874 -0.112782 0.140063 0.057525 -0.085862 0.057255 0.130241 0.289548 -0.039767 -0.090621 0.256224 0.130822 0.175302 -0.050790 0.080339 0.087612 0.141529 0.208769 0.096535 0.168972 -0.109011 -0.088611 -0.211052 -0.136715 -0.131370 -0.270570 -0.074805 -0.058579 -0.166863 -0.057843 0.250372 0.206492 0.331292 0.111090 0.191661 0.031525 0.250873 -0.147862 -0.040338 0.053225 -0.140973 -0.137503 -0.249607 0.251771 -0.192187 -0.349580 0.284961 0.090116 0.015593 0.094089 0.178932 0.339541 0.330788 0.239534 0.300602 0.105622 0.013880 0.229154 -0.098904 -0.203371 0.212730 -0.091903 0.100016 -0.197230 0.347976 0.176716 0.109979 -0.112182 -0.103620 -0.200359 -0.078947 -0.112656 -0.060658 0.053954 -0.080339 0.016840 -0.255116 -0.143243 -0.052731 -0.116746 -0.272872 -0.272695 -0.139981 0.053590 0.010812 0.103021 0.034993 -0.208033 -0.269263 -0.099343 0.031647 -0.028238 -0.025927 0.004095
0.359217 0.515861 0.243361 0.262527 -0.043836 0.096267 -0.158251 0.218079 0.141183 0.372440 0.471760 1.000000 0.314472 0.594317 0.122045 0.359421 -0.036550 0.311337 0.003109 -0.153725 -0.063323 -0.079075 -0.193729 -0.273125 0.007449 0.090020 -0.095572 0.012764 -0.010691 0.395428 -0.031893 -0.070506 0.070956 0.275866 0.009953 0.149200 -0.162079 -0.053763 0.089002 0.040545 -0.207614 -0.042827 -0.269194 -0.060636 -0.163866 -0.202708 -0.143270 -0.109892 -0.143969 -0.101154 -0.192728 -0.132915 -0.071456 -0.061740 0.163274 -0.102871 0.142002 0.094050 0.367865 0.074430 0.108214 0.411998 -0.217099 -0.007115 -0.046169 0.395934 -0.238266 -0.174065 0.075874 0.077496 0.075738 0.097309 -0.093017 0.270142 0.143738 0.122090 0.121133 0.157086 -0.094219 0.080863 -0.250653 -0.201686 -0.045535 -0.163471 0.045170 -0.192749 0.147437 -0.021468 -0.004207 -0.081100 -0.207972 -0.172760 -0.057524 -0.155068 -0.317157 0.020110 -0.245462 -0.081393 -0.329413 -0.281479 -0.151993 -0.090251 -0.276317 -0.253226 -0.103948 -0.079576 0.083650 0.069753 0.136994 -0.038950 -0.133553 -0.273061 0.173682 -0.115022 -0.130907 0.014624
0.246822 0.118168 0.222088 -0.108900 -0.039083 -0.171237 0.087843 -0.001418 0.082045 0.023071 0.473642 0.314472 1.000000 0.460938 0.360641 0.367828 0.421870 0.092508 0.225641 -0.094311 -0.121537 -0.029880 -0.310404 -0.334347 0.003113 -0.182211 -0.316194 -0.172877 0.204020 0.179913 -0.037282 -0.113684 0.239521 0.293694 -0.061348 -0.181160 0.210176 0.018966 0.187311 0.013079 0.028432 0.049209 0.019256 0.033949 -0.009544 0.002185 -0.066905 -0.191618 -0.002822 0.117506 0.205062 0.127496 0.331912 0.076158 0.171321 0.124619 0.132824 -0.149860 0.275420 -0.044088 0.103394 0.115689 -0.002258 0.141811 -0.233291 0.044314 -0.066304 -0.282585 0.073980 -0.117961 -0.144708 -0.162316 0.197503 0.197323 0.235822 0.086314 0.385314 -0.067851 0.046919 0.057629 0.007007 -0.172219 0.214246 -0.023328 0.266702 -0.059837 0.342604 0.216501 0.063711 -0.041091 -0.226646 -0.313592 -0.262551 -0.215982 -0.236211 -0.069198 0.047427 -0.090546 -0.172963 -0.034312 -0.011106 -0.057053 -0.186075 -0.228451 -0.218182 -0.111551 0.043590 0.014970 0.139186 -0.327938 -0.252961 0.055787 0.184571 -0.066837 -0.037371 0.102108
0.471116 0.525134 0.277242 -0.071784 -0.053030 -0.161043 0.099305 0.219076 0.124983 0.205763 0.303995 0.594317 0.460938 1.000000 0.111141 0.403598 0.190472 0.152573 0.219655 -0.003256 -0.132166 -0.085195 -0.358586 -0.473472 -0.117364 -0.242227 -0.190079 -0.216184 0.183727 0.291693 -0.149104 -0.194993 0.113267 0.331378 -0.066433 -0.086683 -0.098227 -0.146959 0.016036 -0.098014 -0.244634 -0.132740 -0.050696 0.029506 -0.002794 -0.096968 -0.049747 -0.110312 -0.032122 0.050272 0.148377 0.005076 0.041677 -0.094844 0.166352 0.026437 0.266599 0.056984 0.464914 0.050206 0.414129 0.286855 0.047664 0.326297 -0.083525 0.010047 -0.131736 -0.279204 0.031269 -0.131847 0.106142 -0.093321 0.013306 0.106695 -0.027345 0.056900 0.258448 0.028409 -0.000219 -0.108152 -0.062164 -0.177513 0.133982 -0.002362 0.120233 -0.217681 0.157692 -0.029760 0.009171 0.020399 -0.241549 -0.297259 -0.254314 -0.277321 -0.329064 0.021509 -0.174997 -0.167768 -0.269154 0.020482 -0.172683 -0.019649 -0.146416 -0.236916 -0.157509 -0.224068 0.050496 0.133275 0.289427 -0.165501 -0.252852 -0.110875 0.123514 -0.141316 -0.023034 0.054213
0.051079 -0.042641 0.185181 -0.079032 0.201963 0.071903 0.306383 -0.005286 0.170052 0.141577 0.357000 0.122045 0.360641 0.111141 1.000000 0.452514 0.113844 0.034869 0.116561 0.202648 -0.039115 -0.105801 0.380333 0.223547 0.065652 -0.059614 -0.014556 -0.097527 0.037181 -0.148173 0.223576 0.190051 0.038740 0.065107 0.153854 -0.069810 -0.026319 -0.091778 0.081863 -0.011428 0.002776 -0.020106 -0.142808 -0.144371 -0.144513 -0.048159 -0.214211 -0.171001 -0.163795 -0.055160 -0.124392 -0.117217 0.110920 0.131276 -0.132554 -0.098722 -0.019508 -0.227177 -0.028610 -0.168714 0.024879 -0.021158 -0.107569 -0.194639 0.190825 -0.016644 -0.077751 -0.072723 0.135541 0.075754 0.022357 0.080359 0.112335 0.044012 0.181035 0.113341 0.228644 0.171766 -0.015898 0.081011 0.100493 -0.135342 0.390628 0.217092 0.256275 -0.036312 0.260452 0.079552 0.248043 -0.154209 0.028715 0.051309 -0.137807 -0.072313 -0.139966 -0.132319 -0.108920 0.036575 -0.204661 -0.107522 -0.102951 -0.041461 -0.108857 -0.094077 -0.223787 -0.088689 0.109140 0.044607 -0.127634 -0.109360 0.001510 -0.086390 0.137172 0.055170 -0.058482 0.006728
0.093210 0.117440 0.060832 -0.071780 -0.043539 0.041202 0.281839 0.079755 0.175788 0.266162 0.226642 0.359421 0.367828 0.403598 0.452514 1.000000 0.215163 0.121891 0.080668 0.146981 -0.018208 0.064985 -0.132757 -0.124566 -0.060508 -0.243261 -0.152651 -0.112799 0.144588 0.104681 -0.049065 0.038994 0.012075 0.078089 0.077429 -0.101973 -0.035926 -0.203709 0.100813 -0.112670 -0.128486 0.087637 -0.111295 -0.180450 -0.047774 -0.089056 -0.187461 -0.191050 -0.047719 0.009676 0.137210 -0.087398 -0.051202 -0.155413 -0.128499 -0.196037 -0.039235 -0.206667 0.162189 0.027136 0.198886 0.153007 0.170889 -0.049998 0.150969 -0.016861 -0.080161 -0.126369 0.036268 -0.056612 -0.058521 0.075229 -0.042649 0.093684 0.062258 0.122260 0.106448 0.095557 -0.017833 0.076916 0.136309 0.038046 0.284065 0.293102 0.247352 0.007297 0.100938 -0.011771 0.036994 0.049586 -0.098981 0.031558 -0.056756 -0.095291 -0.338954 -0.125617 -0.217841 -0.113435 -0.177828 -0.178738 -0.102225 0.018944 -0.209820 -0.179295 -0.237561 -0.196333 0.010354 0.010130 -0.067236 -0.053598 -0.102299 -0.116209 0.078666 -0.085635 -0.222776 -0.073454
0.351936 0.047156 0.026780 -0.110143 -0.324874 -0.361700 0.150577 0.032835 -0.265074 -0.269196 0.127748 -0.036550 0.421870 0.190472 0.113844 0.215163 1.000000 0.042451 0.329617 0.196488 -0.089078 -0.082379 -0.230748 -0.109869 -0.119221 -0.222165 -0.265331 -0.137090 0.418324 0.260993 0.098649 0.032269 0.276510 0.332232 -0.079148 -0.141637 0.212225 -0.072462 0.129992 -0.021619 -0.018266 -0.004443 0.001591 0.062182 -0.136203 -0.164277 -0.117954 -0.190486 -0.073713 0.027218 0.157828 0.003260 0.195753 -0.287979 0.096413 0.107632 0.120106 -0.015728 0.014339 -0.077043 0.159615 -0.020873 0.145184 0.255178 -0.292472 -0.113971 0.010504 -0.335158 0.244131 -0.218514 -0.176321 -0.223208 0.416993 0.245364 0.298375 0.139463 0.277088 0.041982 0.355929 0.093481 0.264867 0.046134 0.403991 0.010137 0.325116 -0.011118 0.308766 0.108786 0.179380 0.154881 -0.335296 -0.393138 -0.222083 -0.305010 -0.210989 0.234351 0.211396 -0.068142 -0.130871 0.062759 -0.060687 -0.229508 -0.075902 -0.228729 -0.343823 -0.143286 -0.197781 -0.168631 -0.002006 -0.139450 -0.234586 0.186423 0.184192 -0.099132 0.016111 0.108348
0.232358 0.138026 0.055219 0.028766 -0.088125 0.163919 -0.218867 -0.167799 -0.220455 -0.014014 0.424035 0.311337 0.092508 0.152573 0.034869 0.121891 0.042451 1.000000 -0.104615 -0.066541 0.048464 0.186628 -0.035589 -0.040758 0.213535 0.128293 0.118345 0.175478 0.141886 0.527755 -0.031393 0.018043 0.153087 0.096824 0.112768 0.044631 0.055073 0.190070 0.221493 0.234826 0.111315 0.219768 -0.052310 -0.092371 -0.192642 -0.223008 -0.082285 -0.260004 -0.018104 -0.147445 -0.098584 -0.152566 -0.098314 -0.085106 0.275541 -0.002634 0.123471 0.259333 0.004569 -0.050105 -0.170186 -0.070433 -0.088352 0.049173 -0.231672 0.009344 -0.025481 -0.273906 0.128990 0.038761 0.021043 0.142590 0.147072 0.275887 0.116377 0.125135 0.045167 -0.045935 0.048187 0.628480 0.009700 0.338825 0.004944 -0.225293 -0.113576 -0.271454 0.091632 0.089748 -0.055315 -0.073921 -0.250734 -0.197475 -0.082564 -0.068594 -0.029094 0.086085 0.033991 0.096799 -0.118233 -0.136128 -0.007991 -0.151132 -0.069390 -0.218462 -0.099108 0.084820 -0.197697 -0.025663 -0.027978 -0.074643 -0.121702 -0.240355 -0.189132 0.156424 0.066862 -0.021567
0.399073 0.091658 0.200674 -0.042440 0.141828 -0.270255 0.371594 0.229080 0.073618 0.081579 0.039964 0.003109 0.225641 0.219655 0.116561 0.080668 0.329617 -0.104615 1.000000 0.494023 -0.106484 -0.352138 -0.012513 -0.166104 -0.345247 -0.345125 -0.301891 -0.427360 0.250517 0.014328 0.208023 0.009269 0.364433 0.401028 0.162220 0.141541 0.140851 -0.113462 0.040182 -0.129773 -0.031912 0.010704 -0.121507 -0.144341 -0.128421 -0.119371 -0.131496 -0.178713 -0.310383 -0.184880 -0.240754 -0.183192 0.110661 -0.053007 -0.040641 -0.061212 0.110594 -0.051421 -0.080027 -0.287359 0.121603 0.006553 0.135517 0.036141 -0.135926 -0.225973 -0.168862 -0.236849 0.325748 -0.262056 0.145215 0.083998 0.408113 0.208694 0.447566 0.278852 0.512275 0.260690 -0.015690 -0.251086 -0.140987 -0.224844 0.171982 0.169571 0.093242 0.070238 0.150373 0.115494 0.107484 0.056704 -0.043995 -0.090790 -0.134493 -0.233539 -0.110544 0.068493 -0.132633 -0.294175 -0.280705 -0.000451 0.085007 -0.036304 -0.027721 -0.146334 -0.088522 -0.115425 -0.193543 0.051776 0.072131 -0.045167 -0.244770 0.165504 0.085365 -0.063934 0.014524 0.087686
0.263698 0.081909 -0.135679 -0.371277 0.250264 -0.141537 0.397211 0.173430 0.088045 0.083732 -0.134580 -0.153725 -0.094311 -0.003256 0.202648 0.146981 0.196488 -0.066541 0.494023 1.000000 -0.042451 -0.174037 0.075223 0.161465 -0.543744 -0.582733 -0.229616 -0.560460 0.207545 -0.082877 0.127518 0.110388 0.213529 0.380255 0.082428 -0.052925 -0.163841 -0.338330 -0.184344 -0.369792 -0.055518 -0.127498 -0.176336 -0.271204 -0.094496 -0.089981 -0.187303 0.042671 -0.278960 -0.202561 -0.285615 -0.208677 0.055879 -0.085043 -0.384194 -0.320479 0.106746 0.136514 -0.285273 -0.019185 -0.094062 -0.049830 0.417787 0.228874 0.113194 -0.471974 -0.018301 0.105459 0.174752 -0.213941 0.138639 0.132307 0.178857 -0.087507 0.128197 0.156734 0.215366 0.284253 -0.037769 -0.265540 0.174360 0.017427 0.278993 0.463883 0.149998 0.079427 -0.002154 -0.169154 0.027819 -0.054625 0.258596 0.182778 -0.121028 -0.156925 -0.136825 0.027155 -0.195748 -0.061759 0.115594 0.194245 -0.047263 0.085506 0.138663 0.085749 -0.020272 -0.253763 -0.067329 0.049203 -0.087483 -0.015860 -0.070717 0.213966 0.217450 -0.022951 -0.089904 -0.070689
-0.103097 -0.132813 -0.127093 0.070709 0.223550 0.485008 -0.220071 -0.106412 0.137891 0.108984 -0.046882 -0.063323 -0.121537 -0.132166 -0.039115 -0.018208 -0.089078 0.048464 -0.106484 -0.042451 1.000000 0.383021 0.128072 0.198432 0.386343 0.278610 0.515516 0.367113 -0.352164 -0.095915 -0.185863 -0.061922 -0.114740 -0.216791 -0.118876 0.034150 0.064567 -0.057466 0.062633 0.112902 0.048908 0.104766 0.037871 -0.021864 -0.022917 -0.033734 0.075882 0.055041 0.136048 -0.039445 0.076050 -0.016943 -0.072525 0.159351 -0.283729 -0.117438 0.149656 -0.060751 0.036461 0.129742 0.045703 0.002197 -0.171671 -0.051472 0.135615 0.077687 0.076658 0.118020 -0.048985 0.039960 0.202781 -0.029295 -0.274984 0.050991 -0.140068 0.086933 -0.065694 -0.101915 -0.112822 0.102544 -0.132555 0.024956 -0.061846 0.115659 -0.176308 -0.094537 -0.103794 -0.047767 -0.037850 -0.026827 0.163530 0.084630 0.002349 0.012891 0.200535 -0.075432 0.098624 0.015937 0.113341 0.030737 -0.012586 -0.037821 -0.078048 0.024564 -0.038795 -0.137430 0.068152 -0.127674 -0.154090 -0.180384 -0.032054 -0.148529 -0.085807 0.092058 -0.215809 -0.146895
-0.142836 -0.150053 -0.304882 -0.155206 0.052323 0.355890 -0.231757 -0.296340 0.053049 -0.215604 -0.009252 -0.079075 -0.029880 -0.085195 -0.105801 0.064985 -0.082379 0.186628 -0.352138 -0.174037 0.383021 1.000000 -0.021624 0.031141 0.356520 0.248451 0.442174 0.443463 -0.156108 0.018002 -0.322742 0.003041 -0.165678 -0.357521 -0.097855 -0.165360 -0.019220 -0.086763 0.152960 0.138565 0.038087 0.210902 0.283373 0.193538 0.199011 0.074997 0.187355 0.131396 0.296215 0.173876 0.305524 0.110550 -0.097657 0.091739 -0.029902 0.111271 -0.006754 0.022045 0.057550 0.139254 -0.013403 -0.205069 0.041738 0.025121 0.116532 0.056093 0.183105 0.048945 -0.156480 -0.000592 -0.106002 -0.005108 -0.329986 -0.231502 -0.311526 -0.186478 -0.230127 -0.342824 0.221957 0.312492 0.287060 0.370038 -0.036884 0.188784 0.007492 -0.020139 -0.057225 -0.007804 -0.149615 -0.089572 0.051758 -0.081202 -0.158513 -0.120197 0.052150 -0.145008 0.082322 0.149638 0.228594 0.011725 -0.231331 -0.204909 -0.155177 -0.088172 -0.173413 -0.252563 0.089129 -0.259911 -0.257351 -0.156733 0.034809 0.009315 -0.128595 -0.130233 -0.167799 -0.119183
-0.211564 -0.284494 0.270742 0.230495 0.417309 0.227336 0.226326 0.103584 0.145263 -0.039803 -0.112874 -0.193729 -0.310404 -0.358586 0.380333 -0.132757 -0.230748 -0.035589 -0.012513 0.075223 0.128072 -0.021624 1.000000 0.643465 0.196110 0.336117 0.372579 0.193007 -0.244671 -0.353621 0.484347 0.473540 -0.105902 -0.185141 0.270461 0.282313 -0.082870 0.019782 0.015689 0.097808 0.098750 -0.061350 -0.090854 -0.116585 -0.136312 -0.051992 -0.082723 -0.068667 -0.092008 -0.269372 -0.372523 -0.095537 0.034553 0.118026 -0.120836 -0.244324 -0.217061 -0.197584 -0.296934 -0.336670 -0.117428 -0.119038 -0.189152 -0.478714 0.325168 -0.027086 -0.090717 0.047455 0.141173 0.253491 0.270656 0.277247 -0.003867 -0.121593 0.057129 0.023945 -0.063771 0.266384 -0.150124 0.079877 -0.113760 -0.081110 0.054564 -0.054999 -0.108951 -0.020782 0.016826 -0.069784 0.231792 -0.148443 0.074693 0.190157 0.089934 0.135592 0.173916 -0.046669 -0.149901 0.083875 -0.094936 -0.284459 -0.082700 -0.163464 -0.053790 -0.001463 -0.085023 0.162903 0.108633 0.054089 -0.172522 0.009920 0.090704 -0.231534 -0.140572 0.096593 0.170675 0.119652
-0.268126 -0.331150 -0.163768 0.214504 0.125332 0.153951 0.069535 0.089212 -0.004921 -0.211883 -0.112782 -0.273125 -0.334347 -0.473472 0.223547 -0.124566 -0.109869 -0.040758 -0.166104 0.161465 0.198432 0.031141 0.643465 1.000000 0.216048 0.396327 0.284411 0.218575 -0.134261 -0.170744 0.483960 0.529414 -0.156691 -0.154036 0.050267 0.118922 0.010167 0.191738 0.137749 0.076449 0.017341 0.130297 -0.165517 -0.081436 -0.209563 -0.089767 -0.127648 -0.062605 -0.145179 -0.275633 -0.306221 -0.034671 0.073611 0.083854 -0.094966 -0.175662 -0.229005 -0.221546 -0.499126 -0.327418 -0.296817 -0.263252 -0.028709 -0.219090 0.194180 -0.015286 -0.129778 -0.053770 0.029432 0.166761 0.220629 0.289663 -0.018413 0.065692 0.079237 0.109253 -0.033880 0.271275 0.003834 0.109564 0.007135 -0.048172 0.153409 -0.041971 -0.003493 0.070749 0.094467 0.060471 0.217301 -0.132833 0.036695 0.170403 0.290534 0.170177 0.168126 0.191603 -0.186247 0.321215 -0.047454 0.015313 0.006422 -0.069728 0.125902 0.106373 -0.002546 0.250864 0.108760 0.102435 -0.212934 0.124871 0.030935 -0.067782 -0.138636 0.212584 0.170706 -0.002520
-0.264572 -0.275759 0.015006 0.195451 -0.003027 0.334360 -0.327672 -0.318059 -0.069211 -0.180344 0.140063 0.007449 0.003113 -0.117364 0.065652 -0.060508 -0.119221 0.213535 -0.345247 -0.543744 0.386343 0.356520 0.196110 0.216048 1.000000 0.624939 0.618684 0.660167 -0.300728 0.031292 -0.133615 -0.015651 -0.319097 -0.426593 -0.163651 -0.087776 0.151844 0.239061 0.267058 0.300355 0.118680 0.220117 0.201680 0.286180 0.089404 0.107426 0.208641 0.105660 0.322889 0.222789 0.212323 0.238564 0.074091 0.231473 0.247562 0.264425 -0.039151 -0.076119 0.140756 0.068097 -0.001405 -0.261156 -0.435848 -0.236217 -0.040528 0.206489 0.047724 -0.143309 0.079545 0.450166 0.131642 -0.052191 -0.178177 0.110146 -0.148703 0.044591 -0.188914 -0.161694 -0.038301 0.352656 -0.161301 0.013621 -0.096169 -0.243025 -0.216911 -0.270136 0.127341 0.161101 0.113025 -0.073856 -0.076891 -0.153537 -0.133356 -0.009367 0.062177 -0.063034 0.173738 0.154008 0.068159 -0.117907 0.067621 -0.303956 -0.169020 -0.102952 -0.212878 -0.010536 -0.037996 -0.175386 -0.191300 -0.110749 0.106285 -0.221578 -0.197995 -0.031807 -0.058274 -0.089655
-0.236414 -0.183043 0.104435 0.620948 -0.065625 0.347599 -0.376393 -0.014492 -0.142669 -0.238187 0.057525 0.090020 -0.182211 -0.242227 -0.059614 -0.243261 -0.222165 0.128293 -0.345125 -0.582733 0.278610 0.248451 0.336117 0.396327 0.624939 1.000000 0.539087 0.804253 -0.283840 0.056433 0.169712 0.281386 -0.187759 -0.305257 -0.076823 0.226707 0.100811 0.413631 0.340844 0.508538 0.042133 0.234245 -0.006834 0.129694 -0.144288 -0.096630 0.019249 -0.080015 -0.025209 -0.113600 -0.103045 0.001623 -0.052943 0.075115 0.295064 0.167652 -0.072992 -0.008094 -0.126591 -0.176075 -0.120172 -0.086692 -0.503792 -0.295588 -0.031971 0.544751 -0.140212 -0.136337 0.077602 0.357731 0.030175 0.094322 -0.129304 0.117233 0.048414 -0.002302 -0.169679 0.039952 -0.042432 0.198816 -0.202483 0.047385 -0.194319 -0.353360 -0.166120 -0.014609 0.086258 0.314839 0.113959 -0.053580 -0.295728 -0.169172 0.141982 0.067941 0.104430 0.088834 0.072171 0.339629 -0.197387 -0.360569 -0.036915 -0.265275 -0.221602 -0.174257 -0.085667 0.284356 -0.057734 -0.098372 -0.208464 0.040321 0.022596 -0.308457 -0.318938 0.012504 0.097182 -0.051320
-0.279140 -0.265953 -0.051423 0.244346 0.244157 0.634468 -0.292955 -0.137513 0.000872 -0.126517 -0.085862 -0.095572 -0.316194 -0.190079 -0.014556 -0.152651 -0.265331 0.118345 -0.301891 -0.229616 0.515516 0.442174 0.372579 0.284411 0.618684 0.539087 1.000000 0.697099 -0.429103 -0.173725 -0.104050 0.054603 -0.187001 -0.338102 -0.014127 0.138582 -0.104129 0.025365 -0.020996 0.191557 -0.012907 0.141739 0.194700 0.097417 0.044330 0.027294 0.141214 0.161483 0.231005 0.021295 0.101746 0.083845 -0.119179 0.095660 -0.046393 0.031604 0.063131 0.044439 -0.014073 0.007064 0.066246 -0.196851 -0.221460 -0.149220 0.125673 0.199641 -0.011766 0.097144 -0.003827 0.223248 0.139417 0.029896 -0.274970 -0.123967 -0.256640 -0.113557 -0.261882 -0.088906 -0.076676 0.209700 -0.136727 0.111040 -0.184716 -0.052172 -0.292586 -0.166189 -0.173232 -0.039091 -0.140365 -0.206252 0.038312 -0.027103 -0.068797 0.027691 0.174725 -0.032012 0.040889 0.163938 0.095208 -0.165121 0.033204 -0.258286 -0.198715 -0.044305 -0.153408 -0.076641 0.002691 -0.156821 -0.147949 -0.005449 0.171714 -0.240622 -0.300784 -0.121040 -0.106891 -0.203558
-0.236222 -0.233492 -0.134687 0.421375 -0.165793 0.483970 -0.575386 -0.256142 -0.226329 -0.302257 0.057255 0.012764 -0.172877 -0.216184 -0.097527 -0.112799 -0.137090 0.175478 -0.427360 -0.560460 0.367113 0.443463 0.193007 0.218575 0.660167 0.804253 0.697099 1.000000 -0.303175 0.051498 -0.091057 0.047446 -0.074539 -0.378209 -0.178321 0.129191 0.051587 0.347800 0.306683 0.526889 0.070236 0.327086 0.104315 0.179158 -0.102320 -0.113003 0.096951 0.009908 0.180177 0.046791 0.127199 0.139518 0.027672 0.023141 0.206158 0.312204 0.029733 0.094118 0.079457 0.084026 -0.074187 -0.146016 -0.404332 -0.183616 -0.077675 0.484400 -0.131070 -0.141560 0.157397 0.363118 -0.117700 -0.105114 -0.190861 0.013219 -0.073281 -0.136946 -0.217669 -0.131501 0.003449 0.256593 -0.141324 0.162425 -0.273530 -0.208769 -0.246505 0.007057 -0.057385 0.208442 -0.034468 -0.041091 -0.252988 -0.174113 0.035440 0.085659 0.138158 0.025211 0.178210 0.319553 -0.055243 -0.293882 -0.059279 -0.254599 -0.286563 -0.158583 -0.131527 0.143844 -0.049110 -0.161026 -0.205952 0.050144 0.044695 -0.234268 -0.330802 -0.077720 0.034265 -0.135170
0.194376 0.103418 0.022731 -0.223506 -0.170759 -0.313559 0.185828 0.017097 -0.279540 -0.080750 0.130241 -0.010691 0.204020 0.183727 0.037181 0.144588 0.418324 0.141886 0.250517 0.207545 -0.352164 -0.156108 -0.244671 -0.134261 -0.300728 -0.283840 -0.429103 -0.303175 1.000000 0.485032 0.196722 0.133156 0.210479 0.198266 0.067955 -0.236643 0.271939 0.099820 0.181005 0.042344 0.159033 0.140023 -0.084953 0.118837 -0.108073 -0.127552 -0.212147 -0.343218 -0.145953 0.006722 -0.116991 0.070530 0.085522 -0.183019 0.330413 0.159627 -0.118642 0.012178 -0.118937 -0.251797 -0.115662 -0.177079 0.191535 0.038370 -0.264743 -0.198180 -0.040678 -0.467777 0.047358 -0.353127 -0.143893 -0.021198 0.659936 0.283750 0.389873 0.282731 0.217315 0.086279 0.286202 0.093528 0.217150 0.078726 0.193188 0.054699 0.139041 0.224706 0.193983 0.149087 0.241869 0.180456 -0.317711 -0.330521 -0.218605 -0.293080 -0.132315 0.297313 0.077049 -0.004380 -0.216128 -0.079765 -0.102935 -0.218874 0.040362 -0.348710 -0.218736 -0.018060 -0.104060 -0.020233 0.161458 0.071366 -0.288823 0.063133 0.042938 -0.080581 0.195082 0.038367
0.334809 0.271160 -0.021279 0.103778 -0.310376 -0.018078 -0.202283 0.008705 -0.456454 -0.003887 0.289548 0.395428 0.179913 0.291693 -0.148173 0.104681 0.260993 0.527755 0.014328 -0.082877 -0.095915 0.018002 -0.353621 -0.170744 0.031292 0.056433 -0.173725 0.051498 0.485032 1.000000 0.045329 0.099254 0.257890 0.239740 -0.041121 -0.109966 0.254972 0.235931 0.412456 0.340745 0.235313 0.377145 -0.155064 -0.024766 -0.291510 -0.349979 -0.180087 -0.322546 -0.153363 -0.121983 -0.084248 -0.098971 -0.030779 -0.222638 0.461072 0.140033 0.169334 0.297889 0.036269 -0.089613 -0.183108 0.038524 -0.166753 0.214762 -0.346421 0.126673 -0.103692 -0.504165 0.089990 -0.115324 -0.077720 0.028659 0.424229 0.543019 0.329459 0.312482 0.174134 0.021329 0.212461 0.256663 -0.031641 0.262043 0.015158 -0.084180 0.022355 -0.047795 0.234433 0.299267 0.079218 0.094492 -0.493894 -0.432758 -0.090867 -0.212495 -0.067726 0.264516 0.066516 0.038154 -0.265263 -0.206656 -0.000385 -0.206621 0.004325 -0.373927 -0.109326 -0.015981 -0.171752 -0.084148 0.048347 -0.015756 -0.297283 -0.044899 0.039214 -0.035558 0.126441 0.029194
-0.065566 -0.006963 0.306131 0.313081 0.135192 -0.129284 0.303166 0.427728 0.003990 0.058851 -0.039767 -0.031893 -0.037282 -0.149104 0.223576 -0.049065 0.098649 -0.031393 0.208023 0.127518 -0.185863 -0.322742 0.484347 0.483960 -0.133615 0.169712 -0.104050 -0.091057 0.196722 0.045329 1.000000 0.630712 0.220295 0.310441 0.219833 0.276285 0.080217 0.081119 0.007383 0.097361 0.067584 0.038476 -0.348048 -0.175726 -0.264908 -0.162650 -0.362800 -0.350767 -0.464009 -0.442121 -0.480667 -0.209022 0.008282 -0.072662 0.041306 -0.324568 -0.349850 -0.223819 -0.373569 -0.604833 -0.157942 0.139234 -0.005844 -0.178788 0.048648 0.174136 -0.328297 -0.138105 0.114907 -0.018423 0.138324 0.250975 0.370728 0.115882 0.357071 0.192322 0.105069 0.259096 0.074834 0.079204 -0.052677 -0.099662 0.056082 -0.198755 0.094940 0.323963 0.109660 0.156168 0.234331 -0.089945 -0.188142 0.002369 0.245013 0.065621 0.018407 0.214120 -0.264854 0.059244 -0.384706 -0.277066 0.231317 -0.056789 0.147568 -0.181866 -0.078711 0.234005 -0.050883 0.031208 -0.004598 0.120720 -0.114595 -0.123922 -0.001770 0.117255 0.250795 0.178669
-0.154652 -0.307205 0.095323 0.289392 0.123053 -0.053073 0.199189 0.325586 -0.016959 -0.086346 -0.090621 -0.070506 -0.113684 -0.194993 0.190051 0.038994 0.032269 0.018043 0.009269 0.110388 -0.061922 0.003041 0.473540 0.529414 -0.015651 0.281386 0.054603 0.047446 0.133156 0.099254 0.630712 1.000000 0.004862 0.091990 0.100581 0.066806 0.084143 0.064439 0.160504 0.198792 0.103097 0.159043 -0.302309 -0.268422 -0.274413 -0.277299 -0.408358 -0.415452 -0.377673 -0.389102 -0.285767 -0.222491 -0.087988 -0.241850 0.033994 -0.321573 -0.262766 -0.262080 -0.479729 -0.486344 -0.139827 -0.086144 0.001927 -0.278998 0.130886 0.124265 -0.179397 -0.143863 -0.045616 -0.005951 0.040413 0.336146 0.250735 0.079766 0.138620 0.246687 -0.057266 0.270678 0.246484 0.186831 0.277730 0.196684 0.007949 -0.023024 0.130706 0.332204 0.063328 0.163636 0.176097 0.022938 -0.272516 0.026338 0.188973 0.136242 -0.022233 0.204411 -0.268738 0.315156 -0.268319 -0.291496 0.122922 -0.045382 0.060157 -0.108943 -0.136168 0.224637 -0.047076 0.071581 -0.129816 0.189966 -0.032907 -0.070500 -0.040800 0.141987 0.130997 0.259756
0.444163 0.169148 0.039874 0.014465 -0.193015 -0.134822 -0.032541 -0.001069 -0.190146 0.068087 0.256224 0.070956 0.239521 0.113267 0.038740 0.012075 0.276510 0.153087 0.364433 0.213529 -0.114740 -0.165678 -0.105902 -0.156691 -0.319097 -0.187759 -0.187001 -0.074539 0.210479 0.257890 0.220295 0.004862 1.000000 0.521591 0.052859 0.084686 0.205312 0.119970 0.145782 0.157048 0.256461 0.265138 -0.104383 -0.117979 -0.233087 -0.221748 -0.154303 -0.222553 -0.190550 -0.134732 -0.216582 -0.165669 0.204967 -0.053816 0.154974 0.029478 0.201236 0.294521 0.031117 -0.182524 -0.139638 0.116222 0.066388 0.178114 -0.386057 0.093153 -0.250883 -0.299329 0.346894 -0.275956 -0.091818 -0.040988 0.399258 0.170027 0.456220 0.165011 0.437192 0.166736 0.052494 0.046789 -0.099925 -0.048915 -0.038950 -0.072633 0.004217 0.143225 0.105410 0.117838 -0.104574 -0.127256 -0.251796 -0.350561 -0.142972 -0.205515 -0.031631 0.026571 0.082378 -0.105615 -0.149077 -0.205583 -0.023788 -0.138174 -0.230576 -0.336940 -0.226036 -0.027993 -0.201763 -0.113118 0.111487 -0.048348 -0.197783 0.027962 -0.080486 -0.090813 -0.020111 0.083337
0.463937 0.340415 0.261346 0.035354 0.026269 -0.222885 0.166081 0.335985 0.074472 0.215624 0.130822 0.275866 0.293694 0.331378 0.065107 0.078089 0.332232 0.096824 0.401028 0.380255 -0.216791 -0.357521 -0.185141 -0.154036 -0.426593 -0.305257 -0.338102 -0.378209 0.198266 0.239740 0.310441 0.091990 0.521591 1.000000 0.079580 0.201409 0.001084 -0.014053 -0.104126 -0.110865 -0.006333 -0.110148 -0.304141 -0.254464 -0.296595 -0.303287 -0.308024 -0.250906 -0.382767 -0.280020 -0.267415 -0.305289 0.040728 -0.233005 -0.042427 -0.270308 0.128071 0.185612 0.041479 -0.170676 0.018094 0.312747 0.131286 0.341647 -0.210384 0.162055 -0.186729 -0.131588 0.243061 -0.184307 0.017986 0.129310 0.300237 0.155747 0.311993 0.231069 0.310010 0.281153 0.132250 -0.093278 -0.021997 -0.033471 0.069419 -0.064673 0.121039 0.111803 0.104130 -0.047090 0.015250 -0.214510 -0.245675 -0.221351 -0.084244 -0.168816 -0.225988 -0.049342 -0.109279 -0.209515 -0.228544 -0.118765 0.119671 0.006733 0.017688 -0.174131 -0.118497 -0.086125 -0.182824 -0.000884 0.151972 -0.043463 -0.243240 0.113253 0.138697 0.000078 -0.020489 -0.010774
-0.081943 -0.033013 0.188177 0.059274 0.288637 0.234432 0.183008 0.091250 0.217845 0.246874 0.175302 0.009953 -0.061348 -0.066433 0.153854 0.077429 -0.079148 0.112768 0.162220 0.082428 -0.118876 -0.097855 0.270461 0.050267 -0.163651 -0.076823 -0.014127 -0.178321 0.067955 -0.041121 0.219833 0.100581 0.052859 0.079580 1.000000 0.327234 0.054137 -0.089016 -0.033113 -0.021916 0.212445 -0.051183 -0.092706 -0.251766 -0.184856 -0.140020 -0.199129 -0.268168 -0.144876 -0.251804 -0.236633 -0.164679 -0.016956 0.093995 -0.050377 -0.239916 -0.127040 -0.147802 -0.065719 -0.317270 0.007098 0.108883 0.126912 -0.188815 0.040046 0.010529 0.031193 -0.070655 -0.011612 -0.167726 0.127975 0.223939 0.159788 0.072654 0.081646 0.149384 0.213561 0.216304 0.003864 -0.024038 -0.091212 -0.058102 0.129048 0.142479 0.011185 0.033407 -0.037822 0.212650 0.224088 -0.126688 0.083143 0.134612 0.108249 0.007682 0.010267 -0.101069 -0.189436 -0.160971 -0.183131 -0.210195 0.062591 -0.097535 0.036455 -0.167740 0.088491 0.022990 -0.015421 0.056391 0.117384 0.001647 0.004683 -0.049920 -0.287704 0.057239 0.152677 -0.000245
-0.039690 0.169587 0.300465 0.423269 0.129307 0.170389 0.054200 0.331745 0.276027 0.185833 -0.050790 0.149200 -0.181160 -0.086683 -0.069810 -0.101973 -0.141637 0.044631 0.141541 -0.052925 0.034150 -0.165360 0.282313 0.118922 -0.087776 0.226707 0.138582 0.129191 -0.236643 -0.109966 0.276285 0.066806 0.084686 0.201409 0.327234 1.000000 -0.125576 0.204064 0.053151 0.144524 -0.225342 -0.041283 -0.191388 -0.183149 -0.218478 -0.280712 -0.147279 -0.188296 -0.249778 -0.343661 -0.291859 -0.275509 -0.101837 -0.142905 -0.111984 -0.205969 0.039546 -0.031123 -0.046666 -0.193010 0.193045 0.247736 -0.044369 -0.124925 0.131578 0.229463 -0.115609 0.053889 0.009963 0.047764 0.156627 0.148625 -0.066569 0.056228 -0.001781 0.035467 0.031130 0.198235 0.086902 -0.073963 -0.253103 0.013333 -0.139727 -0.218520 -0.016053 -0.025148 -0.166223 0.033379 0.078027 -0.034479 -0.124296 0.101383 0.257600 0.158278 0.119843 0.098664 -0.122755 -0.019826 -0.334827 -0.223528 0.177062 0.037194 -0.034269 -0.081173 0.017566 0.098032 -0.061808 0.110341 0.169493 -0.019434 0.014150 -0.205779 -0.155549 -0.080052 -0.080333 0.002763
