1.000000 0.367759 0.024159 -0.135229 0.125409 0.038869 0.182901 0.175751 0.138153 0.244347 0.466100 0.416775 0.481261 0.388398 -0.100539 0.074629 0.108918 0.054875 0.111855 -0.228857 -0.068494 -0.243575 -0.423721 -0.514381 -0.192390 -0.449916 -0.081383 -0.318951 0.082007 -0.101105 -0.359837 -0.430397 0.023703 -0.071466 0.108035 -0.033433 0.047736 0.068884 -0.178116 -0.264611 -0.206555 -0.232617 0.061882 -0.077755 -0.200741 -0.207913 0.025443 0.018982 -0.079843 -0.176035 -0.217519 -0.079753 0.257175 0.200491 -0.066725 -0.154342 0.433463 0.111305 0.005073 -0.094807 0.530020 0.468713 0.102572 0.117627 0.153164 0.313466 -0.297255 -0.271130 -0.117279 -0.206460 -0.148115 -0.176975 0.004048 -0.048885 0.183303 0.142625 0.424650 0.279718 -0.143010 -0.068701 -0.136245 0.005117 -0.324484 -0.092717 -0.118395 -0.286756 -0.364099 -0.273872 -0.259876 -0.115889 0.110509 -0.025740 -0.024333 0.193861 0.224970 0.299066 0.012123 -0.009562 -0.005310 0.099350 -0.020488 0.132582 -0.122777 0.143133 -0.387399 -0.172501 -0.149246 -0.139524 0.072006 0.320651 0.076511 0.142823 0.137411 0.209034 -0.159342 -0.021744
0.367759 1.000000 -0.351462 -0.309649 -0.290509 -0.340104 -0.217436 -0.101788 -0.171953 -0.078643 0.123418 0.314435 -0.095494 0.186144 -0.321558 -0.232554 -0.050264 0.242791 -0.046260 -0.067113 -0.199673 -0.202354 -0.479076 -0.467538 -0.178702 -0.314313 -0.207093 -0.204804 -0.311018 -0.136150 -0.311081 -0.365312 0.065084 -0.026195 0.263001 0.159163 0.225777 0.321098 -0.007951 0.007932 -0.369045 -0.211913 -0.003693 0.117528 -0.174346 -0.190054 0.165370 0.226210 0.135970 0.049473 0.004170 0.303911 0.420197 0.317356 0.071151 0.249558 0.504932 0.462371 0.191252 0.197824 0.182530 0.292486 -0.021141 0.178550 -0.235390 0.133487 -0.047245 -0.043066 0.232592 0.023927 0.048181 -0.100451 0.085822 -0.073670 0.063863 -0.055568 0.298417 0.395418 -0.011263 -0.331392 -0.192807 -0.037941 -0.405422 -0.377709 -0.185857 -0.368015 -0.062093 -0.232507 -0.336993 0.003904 0.174096 0.179796 -0.029447 -0.008408 0.089534 0.191293 0.390302 0.141617 0.240898 0.404335 0.078985 0.076855 0.133925 0.264934 -0.216078 -0.141482 0.006522 -0.159961 -0.025916 0.203990 0.304339 0.294502 0.083935 0.280182 0.103164 -0.060644
0.024159 -0.351462 1.000000 0.479293 0.773646 0.647096 0.658554 0.683929 0.632212 0.609790 -0.014404 0.131868 0.287157 0.033275 0.135851 0.470202 -0.148991 -0.030063 0.073523 -0.079274 0.413779 0.258144 0.385919 0.186968 0.189891 0.187063 0.285972 0.003946 0.147286 0.316723 0.095511 0.230650 -0.177243 0.268245 -0.143125 0.112272 -0.394721 -0.194528 0.010046 -0.112063 0.018885 0.012012 -0.293882 -0.500596 -0.189449 -0.132854 -0.299830 -0.449772 -0.368434 -0.532835 -0.435417 -0.505402 -0.309611 -0.241974 -0.052158 -0.564940 -0.344577 -0.470972 -0.331708 -0.350671 0.192417 0.180686 -0.170448 -0.131337 0.545840 0.322671 -0.340419 0.030856 -0.533277 -0.091525 -0.037961 0.073268 0.032377 0.105939 -0.156166 0.151272 -0.206318 -0.147494 -0.094923 -0.014332 -0.037741 -0.026057 0.167044 0.497051 -0.018384 0.190652 -0.326727 0.137861 0.099849 -0.049009 -0.277137 -0.199963 0.137822 0.130693 0.060268 0.098804 -0.389322 -0.033494 -0.311027 -0.150489 0.088642 -0.069678 -0.162356 -0.227125 -0.135585 -0.182965 -0.003765 0.119967 0.029406 -0.028564 -0.221474 -0.307928 -0.088754 -0.073908 -0.004607 0.126064
-0.135229 -0.309649 0.479293 1.000000 0.468798 0.732720 0.136876 0.541619 0.410632 0.439303 -0.181752 0.166117 -0.117975 0.087536 0.196313 0.580750 -0.070619 -0.042866 0.086679 0.165846 0.418775 0.453159 0.372902 0.537794 0.139460 0.510441 0.598199 0.646779 -0.186871 0.167274 0.210336 0.480406 -0.218934 0.317527 -0.278213 -0.037117 -0.051412 -0.269699 0.179153 0.011763 0.139318 0.240632 -0.525645 -0.608025 -0.434626 -0.341760 -0.483341 -0.630045 -0.321660 -0.653246 -0.253910 -0.391992 -0.485424 -0.401639 0.025890 -0.489992 -0.079200 -0.299867 -0.295331 -0.278579 -0.130550 -0.073808 -0.103032 -0.138407 0.237366 0.305916 -0.284247 0.239460 -0.243194 0.095913 -0.097902 0.253270 -0.152412 0.167144 -0.013933 0.150174 -0.271427 -0.182079 0.139924 0.172979 0.207702 0.110776 0.070996 0.453310 0.150086 0.355224 -0.096530 0.336054 0.328702 0.214137 -0.349177 -0.437231 0.451977 -0.013621 -0.025378 0.047224 -0.248049 0.080325 -0.485057 -0.249772 0.016693 -0.266497 -0.070834 -0.107246 0.239352 0.088233 0.068179 0.201275 0.081580 0.154473 -0.426948 -0.406513 -0.261737 0.028076 -0.128955 -0.111591
0.125409 -0.290509 0.773646 0.468798 1.000000 0.729746 0.547540 0.596400 0.769803 0.692245 0.106026 0.244755 0.372912 0.158744 0.344182 0.580281 0.075995 -0.110918 0.080115 0.008407 0.382688 0.253143 0.335077 0.115881 0.215490 0.108942 0.437051 0.097470 0.036509 0.206357 -0.029981 0.128835 -0.241681 0.259944 -0.260135 -0.039419 -0.306800 -0.234180 0.052127 -0.066881 -0.047892 0.105897 -0.334496 -0.540108 -0.369387 -0.305244 -0.347618 -0.487241 -0.394028 -0.590652 -0.444557 -0.455642 -0.291234 -0.237108 -0.003173 -0.470427 -0.201594 -0.268288 -0.385440 -0.460326 0.170039 0.159844 -0.026542 -0.199381 0.507971 0.377399 -0.478229 -0.070470 -0.341861 0.037878 -0.221166 -0.076961 -0.183931 0.099897 -0.123617 0.120386 -0.067931 -0.140382 0.158989 0.027481 0.121475 0.114784 0.161966 0.504325 0.002287 0.121859 -0.334659 0.187952 0.196611 0.097952 -0.262563 -0.134065 0.246083 0.292945 0.124967 0.169342 -0.360251 0.129226 -0.389462 -0.004211 0.116942 0.071717 -0.036692 -0.173688 -0.082723 -0.040447 -0.030738 0.189014 0.120203 0.058369 -0.324231 -0.274622 -0.002494 0.079537 0.018188 0.063125
0.038869 -0.340104 0.647096 0.732720 0.729746 1.000000 0.300768 0.700498 0.533489 0.677673 -0.030461 0.296933 0.101022 0.227794 0.131777 0.707105 -0.019362 -0.026526 0.131605 0.123917 0.546377 0.522582 0.346694 0.428735 0.132827 0.459410 0.658373 0.393454 0.020082 0.322201 0.180531 0.425643 -0.197272 0.294503 -0.321343 -0.045062 -0.187238 -0.283604 0.176222 0.084949 0.055778 0.275110 -0.504373 -0.668162 -0.474202 -0.373993 -0.533745 -0.651226 -0.470796 -0.750492 -0.483409 -0.544302 -0.433167 -0.403518 0.088139 -0.705270 -0.128513 -0.408425 -0.307889 -0.342060 0.119259 0.223127 0.050493 -0.077493 0.347991 0.436365 -0.402854 0.090631 -0.398633 -0.021314 -0.046933 0.164013 -0.162305 0.188323 -0.047440 0.116676 -0.242428 -0.161817 0.071981 0.170370 0.231824 0.092495 0.129895 0.663451 0.083012 0.231381 -0.235386 0.335035 0.255681 0.177459 -0.415338 -0.431589 0.435017 0.069837 0.020727 0.038445 -0.426148 -0.051857 -0.587000 -0.273443 0.053687 -0.141548 -0.220830 -0.216102 0.083008 -0.005299 0.032816 0.164630 0.089995 0.079607 -0.437441 -0.452311 -0.215505 -0.053124 -0.119805 -0.061979
0.182901 -0.217436 0.658554 0.136876 0.547540 0.300768 1.000000 0.486807 0.514170 0.433471 0.114483 0.202457 0.437067 0.083069 0.163819 0.302409 0.117814 -0.154594 -0.054824 -0.168787 0.176059 0.009218 0.055385 -0.033321 0.073657 -0.152261 -0.010615 -0.261710 0.180903 0.115579 -0.076089 -0.001969 -0.095284 0.247950 0.061447 0.252766 -0.311683 -0.137145 -0.122807 -0.262852 -0.020713 -0.091155 -0.061195 -0.197366 0.018902 0.057357 -0.123519 -0.128222 -0.409900 -0.277994 -0.425861 -0.422134 -0.211194 -0.100687 -0.042322 -0.300231 -0.199516 -0.368265 -0.293284 -0.413538 0.255867 0.217402 -0.035287 -0.028349 0.530836 0.291312 -0.403053 -0.147150 -0.402861 -0.185243 -0.232532 -0.176990 0.011740 -0.227432 -0.314413 -0.139368 0.043619 -0.037224 -0.078048 -0.170303 -0.071089 -0.263065 0.108085 0.404788 -0.006332 0.208967 -0.244484 0.088818 0.064241 -0.014155 -0.097112 -0.046141 0.000231 0.131003 0.047016 0.208837 -0.401159 0.016907 -0.205673 0.049453 0.098273 0.021525 -0.025585 -0.092451 -0.397519 -0.348683 -0.180508 -0.041583 0.150109 -0.137230 -0.034604 -0.129097 0.079475 0.029801 0.106504 0.052494
0.175751 -0.101788 0.683929 0.541619 0.596400 0.700498 0.486807 1.000000 0.435153 0.845428 -0.077125 0.367075 0.103549 0.349999 -0.119497 0.558581 -0.175901 -0.027820 0.018527 -0.096087 0.388795 0.329861 -0.055413 0.090372 -0.193823 0.255126 0.287404 0.056954 0.033046 0.379976 0.068201 0.281079 -0.140895 0.236307 -0.188522 0.247638 -0.314068 -0.190692 -0.088370 -0.127440 -0.146112 0.015162 -0.404737 -0.534267 -0.338050 -0.200650 -0.365842 -0.473789 -0.399500 -0.610438 -0.526671 -0.473625 -0.325274 -0.260271 -0.161690 -0.612136 -0.105240 -0.519280 -0.235198 -0.203960 0.216001 0.494159 -0.136791 -0.095547 0.476997 0.674439 -0.386471 0.173952 -0.453807 -0.025032 -0.053438 -0.007661 0.056153 0.123725 -0.058406 0.111477 -0.138906 0.011446 -0.063565 -0.109490 0.038862 -0.114229 -0.026657 0.460297 -0.086008 0.137216 -0.403967 0.071653 -0.110443 -0.160614 -0.253977 -0.278381 0.388497 0.042289 0.058092 0.155433 -0.293414 -0.082001 -0.399194 -0.111374 0.260612 -0.167817 -0.207630 -0.160334 -0.094357 -0.206936 -0.020632 0.063335 0.133549 0.042504 -0.296329 -0.193252 -0.082175 0.032437 0.001552 -0.062714
0.138153 -0.171953 0.632212 0.410632 0.769803 0.533489 0.514170 0.435153 1.000000 0.497472 0.047561 0.265999 0.310541 0.114539 0.457501 0.507892 0.268299 0.031086 0.134270 0.033592 0.271169 0.193342 0.409320 0.122898 0.270953 0.084483 0.368817 0.173390 0.026418 0.114859 0.018417 0.095370 -0.178487 0.351933 -0.224547 -0.082373 -0.284301 -0.136873 0.128316 -0.122676 -0.050830 0.169408 -0.468245 -0.587372 -0.445484 -0.409609 -0.414638 -0.496600 -0.467940 -0.542140 -0.254082 -0.453981 -0.215119 -0.221097 0.071119 -0.456354 -0.071394 -0.078170 -0.448943 -0.499618 0.148705 -0.014677 0.141161 -0.032715 0.629267 0.228946 -0.430586 -0.156917 -0.254198 0.031255 -0.283691 -0.162030 0.012648 0.158276 -0.058948 0.100339 -0.087701 -0.089228 0.227881 0.210274 0.182063 0.331811 0.164088 0.403120 0.209301 0.127532 -0.062869 0.229584 0.458836 0.075311 -0.341104 -0.146941 0.093794 0.376355 0.100921 0.055541 -0.367830 -0.007520 -0.475800 -0.043034 0.021279 -0.004904 0.012366 -0.020231 -0.075472 0.062162 -0.008171 0.068597 -0.016590 0.017751 -0.264274 -0.250927 -0.005676 0.034923 -0.036034 0.008773
0.244347 -0.078643 0.609790 0.439303 0.692245 0.677673 0.433471 0.845428 0.497472 1.000000 0.020965 0.342032 0.222796 0.386005 0.035415 0.567418 -0.098711 -0.114162 0.012733 -0.124127 0.226154 0.194961 -0.070172 -0.023122 -0.138385 0.097817 0.283563 0.025360 0.057030 0.320335 -0.068192 0.110256 -0.122621 0.213425 -0.189578 0.212739 -0.224303 -0.165826 -0.068077 -0.110840 -0.077435 0.070112 -0.366054 -0.524005 -0.377750 -0.282348 -0.317113 -0.445055 -0.397663 -0.607459 -0.501288 -0.433558 -0.219103 -0.170473 -0.129087 -0.551269 -0.060511 -0.361179 -0.243688 -0.323611 0.249344 0.479467 -0.146444 -0.128954 0.456480 0.670037 -0.469940 0.016539 -0.300349 0.047500 -0.147995 -0.033204 -0.045423 0.089840 0.009638 0.119569 0.023959 0.037494 0.080253 -0.040687 0.098788 -0.029419 0.023840 0.443185 -0.073011 0.073869 -0.387877 0.081199 -0.020054 -0.137887 -0.215483 -0.153178 0.393886 0.207465 0.103886 0.153670 -0.264892 0.062175 -0.396489 -0.048549 0.207967 -0.032858 -0.118387 -0.094753 -0.041258 -0.099152 -0.144414 0.114262 0.097976 0.075644 -0.280170 -0.161481 0.004017 0.086875 -0.024888 0.023599
0.466100 0.123418 -0.014404 -0.181752 0.106026 -0.030461 0.114483 -0.077125 0.047561 0.020965 1.000000 0.373920 0.535311 0.356478 0.171822 -0.007832 0.178152 0.024740 -0.148219 -0.224383 -0.130020 -0.320371 -0.063172 -0.266070 0.043872 -0.385922 0.050668 -0.142305 0.102730 -0.151952 -0.329018 -0.396223 -0.184985 -0.114967 0.107526 -0.139996 0.107773 0.127560 -0.045496 -0.043879 0.029915 -0.138545 0.200782 0.111777 -0.140785 -0.166209 0.134948 0.147410 0.040943 -0.069348 -0.134647 0.119930 0.323438 0.376753 0.104609 0.033300 0.137488 0.243181 -0.053898 -0.263840 0.106401 0.090036 -0.026650 -0.191317 -0.121884 0.107302 -0.197049 -0.323144 -0.179659 -0.076858 -0.136759 -0.220853 -0.152665 0.005069 0.216872 0.122161 0.301525 0.064508 -0.014376 -0.030743 -0.110041 -0.092620 -0.175657 -0.187810 0.118542 -0.334008 -0.154416 -0.103037 -0.092273 -0.003312 0.222781 0.050750 -0.050502 0.209042 0.174813 0.227904 -0.016345 0.167194 0.056025 0.240171 -0.112543 0.131816 -0.108788 0.069975 -0.274587 -0.060835 -0.201325 -0.048453 -0.125538 0.123387 0.050616 0.109639 0.205705 0.012131 0.056256 0.122465
0.416775 0.314435 0.131868 0.166117 0.244755 0.296933 0.202457 0.367075 0.265999 0.342032 0.373920 1.000000 0.256219 0.560997 -0.019406 0.406618 0.191309 0.272597 -0.001650 -0.138115 0.160694 -0.006323 -0.266695 -0.141809 -0.143236 -0.163261 0.232720 0.073060 0.028974 0.196823 -0.328015 -0.177189 -0.108244 0.096617 -0.012459 -0.044971 -0.008179 0.025224 -0.028766 -0.136348 -0.179837 -0.048779 -0.325374 -0.263534 -0.557205 -0.435564 -0.210295 -0.211140 -0.177981 -0.482931 -0.255488 -0.090901 0.122972 0.076640 0.069035 -0.205060 0.299108 -0.037525 -0.054927 -0.241477 0.297952 0.318340 0.159227 -0.031940 0.194367 0.447838 -0.300614 -0.195890 -0.127911 -0.111657 -0.066038 -0.221176 0.126397 -0.033469 0.243491 0.072496 0.135313 0.135671 0.045658 0.085700 -0.020536 0.007000 -0.209732 0.103976 -0.029603 -0.057002 -0.228777 -0.013604 -0.072537 0.189628 -0.079092 -0.140364 0.118287 0.092837 0.086442 0.316862 -0.110442 0.046744 -0.313803 0.156403 -0.183086 -0.075717 -0.280626 0.063798 -0.160331 -0.065704 -0.104129 -0.018563 0.111169 0.301179 -0.203229 -0.096578 0.015440 0.149468 0.105865 -0.009013
0.481261 -0.095494 0.287157 -0.117975 0.372912 0.101022 0.437067 0.103549 0.310541 0.222796 0.535311 0.256219 1.000000 0.431266 0.135733 0.092060 0.253860 0.052394 -0.071534 -0.251461 -0.079120 -0.351081 -0.163930 -0.410769 -0.183418 -0.558369 -0.054721 -0.326568 0.290647 -0.040836 -0.510231 -0.503699 -0.089742 -0.073918 0.064119 -0.096424 -0.066430 -0.059664 -0.086986 -0.195225 -0.045311 -0.232291 0.140311 -0.099826 -0.095238 -0.132982 0.139646 0.005810 -0.085088 -0.124182 -0.348810 -0.172981 0.066566 0.173445 0.161597 -0.063930 0.098923 -0.002678 -0.058318 -0.372830 0.527948 0.201508 0.173408 -0.033476 0.195505 0.101315 -0.265381 -0.408779 -0.237731 -0.087796 -0.074547 -0.301457 0.008974 -0.014022 0.058656 0.149947 0.353082 0.038098 0.057747 -0.033564 -0.031020 -0.023323 -0.246348 -0.030305 -0.206216 -0.289948 -0.401979 -0.281938 -0.063344 -0.105081 0.206301 0.104429 -0.040515 0.457679 0.192761 0.297954 -0.146097 0.211673 0.069988 0.201043 -0.146789 0.317418 -0.025263 0.127406 -0.276403 0.011220 -0.173952 0.013867 0.024096 0.113828 0.057538 0.134275 0.313915 0.109948 0.014751 0.043750
0.388398 0.186144 0.033275 0.087536 0.158744 0.227794 0.083069 0.349999 0.114539 0.386005 0.356478 0.560997 0.431266 1.000000 -0.136982 0.390038 0.198348 0.233410 -0.052459 -0.181728 0.085761 -0.091162 -0.404737 -0.225787 -0.428083 -0.258802 0.143304 -0.058453 0.213730 0.188450 -0.366828 -0.283487 -0.111797 -0.096209 -0.098764 -0.093053 0.124496 0.076146 -0.095934 -0.050097 -0.130413 -0.000805 -0.200965 -0.281446 -0.473485 -0.421533 -0.143588 -0.206582 0.032858 -0.340223 -0.340973 0.028035 0.179207 0.164410 0.289062 -0.113685 0.202282 -0.093747 0.092334 -0.079524 0.337912 0.459772 0.191928 -0.045615 -0.025418 0.412409 -0.221857 -0.245091 -0.125434 -0.075729 -0.031984 -0.252068 0.078267 0.085717 0.102491 -0.000020 0.089435 -0.001142 0.097123 0.038218 0.095492 -0.000404 -0.304460 0.003231 -0.210125 -0.247961 -0.364278 -0.164077 -0.250076 0.100794 0.187172 -0.068981 0.250598 0.176877 0.281335 0.321457 -0.018714 0.250878 -0.081087 0.193412 -0.099753 0.146255 -0.060062 0.246152 0.059759 0.149952 -0.073917 -0.002287 -0.033270 0.300749 -0.199824 0.052544 0.161679 0.096061 0.043607 -0.045662
-0.100539 -0.321558 0.135851 0.196313 0.344182 0.131777 0.163819 -0.119497 0.457501 0.035415 0.171822 -0.019406 0.135733 -0.136982 1.000000 0.309096 0.229561 -0.263715 0.043481 0.187141 0.088483 0.122943 0.537422 0.338256 0.499941 0.113641 0.395574 0.341918 0.008377 -0.281500 0.222275 0.136134 -0.144018 0.151730 -0.187519 -0.262137 0.026918 -0.059303 0.107758 -0.066542 0.107882 0.170496 -0.080651 -0.132458 -0.157362 -0.189775 -0.063634 -0.202179 -0.266451 -0.124429 -0.005689 -0.224357 -0.098746 -0.053172 -0.072290 -0.047289 -0.097156 0.077201 -0.328858 -0.443148 -0.256527 -0.409916 -0.018704 -0.209416 0.203180 -0.160042 -0.281540 -0.300742 0.028926 0.216270 -0.310201 -0.046825 -0.200477 0.070135 -0.063489 -0.136691 -0.066967 -0.268817 0.166459 0.094566 0.113000 0.114237 0.437698 0.209165 0.482586 0.251448 0.194758 0.441098 0.521010 0.162330 -0.167110 -0.105939 0.031673 0.201416 0.022322 -0.063644 -0.296446 0.196521 -0.321733 -0.127938 0.010333 0.065565 0.151042 -0.087391 0.097291 0.024053 0.065837 0.169362 -0.122584 -0.113685 -0.247193 -0.180207 0.022945 -0.110926 -0.037347 0.065216
0.074629 -0.232554 0.470202 0.580750 0.580281 0.707105 0.302409 0.558581 0.507892 0.567418 -0.007832 0.406618 0.092060 0.390038 0.309096 1.000000 0.048734 0.023785 0.084474 0.175877 0.465432 0.504354 0.261946 0.478477 0.124447 0.358248 0.560895 0.339500 0.248140 0.429638 0.155817 0.401476 -0.080018 0.400670 -0.375896 -0.084332 -0.153875 -0.100645 0.287426 -0.093117 0.066857 0.350486 -0.491516 -0.585435 -0.522629 -0.430814 -0.427505 -0.607287 -0.520403 -0.683859 -0.430843 -0.498951 -0.274706 -0.291605 0.081716 -0.534609 -0.124898 -0.335177 -0.353268 -0.413766 0.077921 0.224952 0.075261 0.022714 0.349826 0.373039 -0.467860 -0.223777 -0.288622 -0.022992 -0.155028 -0.016684 -0.005679 0.121136 -0.023501 0.003730 -0.182020 -0.207236 0.101361 0.194369 0.205050 0.139686 0.223129 0.663158 0.117283 0.271586 -0.125466 0.478083 0.260551 0.220815 -0.354117 -0.458058 0.328613 -0.011289 0.170968 0.140064 -0.355772 0.077183 -0.605725 -0.143607 0.064418 -0.141428 -0.094188 -0.065813 0.047741 -0.091233 0.049780 0.135884 0.068166 0.128875 -0.482199 -0.362715 -0.157063 0.031884 -0.103602 -0.023127
0.108918 -0.050264 -0.148991 -0.070619 0.075995 -0.019362 0.117814 -0.175901 0.268299 -0.098711 0.178152 0.191309 0.253860 0.198348 0.229561 0.048734 1.000000 0.160776 -0.023951 0.099065 0.018019 -0.006018 0.038679 -0.180306 0.018221 -0.215664 0.055201 0.099889 0.246995 -0.036797 -0.234379 -0.196107 0.048427 0.093573 -0.202719 -0.349483 0.315315 -0.130614 0.088619 -0.083719 0.060826 0.242637 -0.033213 -0.074631 -0.178342 -0.187815 -0.180457 -0.171269 -0.108813 -0.123067 0.098774 -0.041817 0.124654 0.047187 0.245751 0.008692 0.353815 0.339229 0.107877 -0.214066 0.172058 -0.208431 0.562847 0.176629 0.145244 -0.067984 -0.102326 -0.369129 0.304745 -0.128295 -0.264622 -0.239769 -0.028196 0.138548 0.079552 0.079336 -0.060706 -0.302757 0.555230 0.315029 0.520974 0.344201 -0.146265 -0.004427 0.028151 0.051611 0.061025 -0.101839 0.336592 0.153690 0.005317 -0.255904 -0.149115 0.220413 0.157642 0.090119 -0.373966 -0.087901 -0.231687 -0.044471 -0.278526 0.045234 0.110290 0.076358 -0.062386 0.113792 -0.047364 0.080346 -0.183854 0.031815 -0.301826 -0.146194 0.013453 0.024296 -0.001862 -0.098187
0.054875 0.242791 -0.030063 -0.042866 -0.110918 -0.026526 -0.154594 -0.027820 0.031086 -0.114162 0.024740 0.272597 0.052394 0.233410 -0.263715 0.023785 0.160776 1.000000 0.200523 0.028080 0.188872 0.072613 -0.033058 -0.112461 -0.295932 -0.110833 0.033755 0.004578 0.156324 0.457410 -0.169309 -0.057295 -0.078509 -0.063755 -0.151747 -0.251991 -0.006021 0.000569 0.170605 -0.030808 -0.070223 0.060376 -0.329050 -0.210796 -0.376063 -0.353890 -0.249412 -0.211607 0.036997 -0.119932 0.076450 0.123530 0.113852 -0.019341 0.222123 -0.086431 0.224786 0.229304 0.233108 0.238993 0.330918 0.048278 0.445262 0.421552 0.144333 -0.122884 0.020891 -0.240504 -0.157052 -0.310996 0.222066 -0.108427 0.264248 0.297820 0.116276 0.205294 -0.264537 -0.068889 0.057964 0.309329 0.232747 0.441713 -0.205095 -0.080757 -0.123904 -0.162267 -0.135797 -0.257482 0.024021 0.164208 -0.071240 -0.054877 -0.258836 -0.062353 0.188414 0.038162 -0.075618 -0.106055 0.005454 0.172466 -0.272938 -0.098767 -0.125249 0.104139 -0.074237 -0.061385 0.140190 -0.019833 -0.028479 0.105943 -0.135339 -0.154661 0.020716 0.102307 0.090736 0.099735
0.111855 -0.046260 0.073523 0.086679 0.080115 0.131605 -0.054824 0.018527 0.134270 0.012733 -0.148219 -0.001650 -0.071534 -0.052459 0.043481 0.084474 -0.023951 0.200523 1.000000 0.418525 0.231146 0.191304 0.097755 0.099837 -0.002766 0.021987 -0.013240 -0.028394 0.157760 0.076623 0.148125 0.148971 0.136303 0.042476 -0.345637 -0.214023 -0.193475 0.050332 -0.030290 -0.058714 0.108616 0.122715 -0.146246 -0.197604 -0.032610 -0.040747 -0.084883 -0.266059 -0.102971 -0.078141 0.089879 -0.103072 0.012944 -0.037331 -0.139058 -0.205706 -0.201795 -0.134538 -0.059252 0.126014 0.018837 0.003087 0.204387 0.132565 0.320133 -0.207994 -0.071719 -0.179964 -0.002527 -0.107774 0.053949 0.039038 0.241130 0.196791 0.080294 0.015728 -0.334124 -0.206038 -0.093996 0.187776 0.027752 0.336678 0.249720 0.258653 0.144040 0.022184 -0.048202 0.080030 0.022443 -0.024794 -0.059608 -0.012365 -0.340718 -0.133640 0.105175 0.006416 -0.313010 -0.068181 -0.178449 -0.285170 -0.202084 0.174202 -0.078946 -0.024272 -0.071587 0.033791 0.057610 0.221291 -0.081654 0.074027 -0.318880 -0.152441 -0.207403 -0.157756 -0.106589 0.025469
-0.228857 -0.067113 -0.079274 0.165846 0.008407 0.123917 -0.168787 -0.096087 0.033592 -0.124127 -0.224383 -0.138115 -0.251461 -0.181728 0.187141 0.175877 0.099065 0.028080 0.418525 1.000000 0.180561 0.392758 0.334566 0.430165 0.167515 0.283520 0.190068 0.234893 0.132578 0.101636 0.409514 0.436690 0.230249 0.389310 -0.315730 -0.125447 0.111978 -0.075386 0.103220 0.125317 0.162585 0.288906 -0.130929 -0.115558 -0.029537 0.004755 -0.122543 -0.264009 -0.294940 -0.060382 -0.083225 -0.263305 -0.190900 -0.246247 -0.049364 -0.132260 0.025527 0.033818 -0.241415 -0.102182 -0.321419 -0.331152 0.132356 0.110243 -0.058571 -0.353490 -0.129554 -0.056260 0.241632 0.259053 -0.077992 0.044060 0.042612 0.149505 -0.012990 0.010741 -0.235423 -0.216092 0.097141 0.110437 0.219307 0.247894 0.249542 0.289409 0.187651 0.169366 0.207161 0.241062 0.213659 -0.030964 -0.336506 -0.249097 -0.111641 -0.093175 0.081318 -0.014910 -0.216999 0.021247 -0.275842 -0.113505 -0.112785 0.108610 -0.031460 0.042270 0.091698 0.122251 0.053234 0.117270 -0.064561 0.112809 -0.265057 -0.092339 -0.136465 0.088785 0.077401 -0.121215
-0.068494 -0.199673 0.413779 0.418775 0.382688 0.546377 0.176059 0.388795 0.271169 0.226154 -0.130020 0.160694 -0.079120 0.085761 0.088483 0.465432 0.018019 0.188872 0.231146 0.180561 1.000000 0.492532 0.274153 0.353454 0.123916 0.335147 0.450614 0.225869 0.038173 0.182922 0.225272 0.387780 -0.219044 0.210300 -0.288248 0.012478 -0.043792 -0.107018 0.155866 0.109300 -0.161814 0.188587 -0.407349 -0.455300 -0.276291 -0.212384 -0.473916 -0.415664 -0.261587 -0.452080 -0.286653 -0.408836 -0.309949 -0.364431 0.061892 -0.458370 -0.112059 -0.328493 -0.083242 -0.092039 0.072522 0.140899 0.244800 0.006366 0.284605 0.182060 -0.109550 0.090588 -0.231240 -0.095419 0.197641 0.075432 -0.144953 0.252578 -0.116819 -0.008481 -0.395734 -0.131185 -0.015155 0.111574 0.146624 0.129257 0.161032 0.410926 -0.011134 0.196101 -0.031923 0.318786 0.103389 0.261367 -0.251797 -0.301320 0.132048 -0.205704 0.151268 0.002601 -0.324720 -0.180429 -0.290146 -0.263782 -0.015150 -0.119319 -0.113536 -0.086571 0.015449 -0.047725 0.228704 0.160445 0.031929 -0.061410 -0.264615 -0.277071 -0.241811 -0.180722 0.004840 0.019330
-0.243575 -0.202354 0.258144 0.453159 0.253143 0.522582 0.009218 0.329861 0.193342 0.194961 -0.320371 -0.006323 -0.351081 -0.091162 0.122943 0.504354 -0.006018 0.072613 0.191304 0.392758 0.492532 1.000000 0.289030 0.565380 0.116255 0.575970 0.509420 0.432545 0.076803 0.325007 0.440067 0.655120 -0.029217 0.295055 -0.488589 -0.158380 -0.105550 -0.165064 0.304049 0.127814 0.063945 0.421882 -0.339287 -0.333503 -0.149225 -0.067929 -0.357539 -0.509400 -0.320112 -0.337131 -0.121905 -0.334590 -0.386855 -0.407224 -0.078636 -0.483758 -0.157069 -0.257090 -0.108844 -0.025746 -0.119789 -0.007510 0.106326 0.081146 0.188172 0.022375 -0.262234 0.040437 -0.099133 0.007485 -0.090064 0.182110 0.000387 0.054932 -0.189418 -0.154760 -0.537246 -0.359273 0.031569 0.231875 0.302240 0.215376 0.261735 0.539322 0.085426 0.350306 0.044862 0.392769 0.247529 0.152420 -0.444455 -0.450799 0.173665 -0.153122 0.055858 -0.050822 -0.353620 -0.243181 -0.513185 -0.261953 0.003978 -0.201400 0.036115 -0.180062 0.070285 -0.074151 0.219184 0.275131 0.007787 -0.035954 -0.543293 -0.365510 -0.197728 -0.066309 -0.141722 -0.004050
-0.423721 -0.479076 0.385919 0.372902 0.335077 0.346694 0.055385 -0.055413 0.409320 -0.070172 -0.063172 -0.266695 -0.163930 -0.404737 0.537422 0.261946 0.038679 -0.033058 0.097755 0.334566 0.274153 0.289030 1.000000 0.640725 0.671626 0.517876 0.440561 0.416886 0.000714 -0.005525 0.475109 0.476903 -0.164009 0.275469 -0.192317 -0.147720 -0.147626 -0.075546 0.288152 0.083479 0.220035 0.258734 -0.240053 -0.242180 -0.100868 -0.107387 -0.233690 -0.286106 -0.328732 -0.202140 -0.025168 -0.298357 -0.311489 -0.333021 0.052450 -0.248303 -0.321464 -0.067996 -0.396688 -0.366839 -0.411964 -0.488640 -0.077363 -0.105712 0.207740 -0.246996 -0.116165 -0.014175 -0.160397 0.079257 0.034248 0.215823 -0.130836 0.254880 -0.053054 0.083446 -0.310246 -0.227417 0.100356 0.213079 0.106596 0.208806 0.378476 0.335259 0.398942 0.249626 0.314709 0.428595 0.631637 0.179062 -0.409250 -0.204637 0.011607 0.043912 -0.068991 -0.238109 -0.290251 -0.040916 -0.307563 -0.246045 -0.006246 -0.114852 -0.056971 -0.215566 0.151073 0.057528 0.179757 0.067683 -0.145720 -0.136093 -0.151824 -0.331252 -0.200815 -0.168702 -0.056612 0.035232
-0.514381 -0.467538 0.186968 0.537794 0.115881 0.428735 -0.033321 0.090372 0.122898 -0.023122 -0.266070 -0.141809 -0.410769 -0.225787 0.338256 0.478477 -0.180306 -0.112461 0.099837 0.430165 0.353454 0.565380 0.640725 1.000000 0.380631 0.730204 0.468240 0.507794 0.010077 0.150258 0.658507 0.785956 -0.096323 0.214093 -0.362925 -0.067243 -0.151561 0.006902 0.295067 0.167977 0.237558 0.303855 -0.326621 -0.257568 -0.105930 -0.077075 -0.276562 -0.342480 -0.283794 -0.243418 -0.123078 -0.278756 -0.426463 -0.445008 -0.003947 -0.325470 -0.402246 -0.338064 -0.317118 -0.176943 -0.461513 -0.290824 -0.121294 -0.099807 0.075823 -0.200598 -0.128687 0.101753 -0.146860 0.084602 0.082027 0.393630 0.002341 0.087667 -0.171349 -0.095096 -0.388788 -0.236626 -0.048236 0.178660 0.067237 0.027491 0.478366 0.571697 0.371246 0.467322 0.315296 0.668746 0.438603 0.243083 -0.406512 -0.310607 0.176645 -0.246993 -0.192695 -0.223023 -0.286365 -0.053313 -0.434438 -0.407488 -0.012938 -0.163679 -0.002837 -0.132534 0.326204 0.041529 0.242578 0.150353 -0.041118 -0.164024 -0.274835 -0.431410 -0.287485 -0.244032 -0.057143 -0.000663
-0.192390 -0.178702 0.189891 0.139460 0.215490 0.132827 0.073657 -0.193823 0.270953 -0.138385 0.043872 -0.143236 -0.183418 -0.428083 0.499941 0.124447 0.018221 -0.295932 -0.002766 0.167515 0.123916 0.116255 0.671626 0.380631 1.000000 0.392296 0.311545 0.290007 -0.030237 -0.265867 0.365396 0.253199 0.002385 0.294138 0.080582 0.019431 0.005331 0.004605 0.304915 0.085312 0.132807 0.270626 -0.100129 -0.135635 -0.077039 -0.087775 -0.114389 -0.141540 -0.337786 -0.226492 0.000330 -0.297650 -0.132204 -0.138901 0.035025 -0.121657 -0.126062 0.062866 -0.248959 -0.329771 -0.337167 -0.352701 -0.167838 -0.076646 0.049900 -0.186978 -0.023470 0.025359 0.085206 0.106413 -0.104833 0.233245 -0.223145 0.013706 -0.038063 -0.021839 0.107374 -0.065108 0.181095 0.044942 0.066948 0.049260 0.386703 0.211320 0.383842 0.210507 0.420850 0.387409 0.489777 0.179802 -0.267905 -0.230819 -0.005241 -0.064132 -0.208553 -0.192542 -0.041613 0.014924 -0.150864 -0.173978 -0.044066 -0.046274 -0.027298 -0.096605 0.008807 0.072155 0.048545 -0.010174 -0.105418 -0.069017 0.028898 -0.248423 -0.237186 -0.106273 -0.092572 -0.002244
-0.449916 -0.314313 0.187063 0.510441 0.108942 0.459410 -0.152261 0.255126 0.084483 0.097817 -0.385922 -0.163261 -0.558369 -0.258802 0.113641 0.358248 -0.215664 -0.110833 0.021987 0.283520 0.335147 0.575970 0.517876 0.730204 0.392296 1.000000 0.480869 0.574147 -0.045160 0.227544 0.677697 0.856730 -0.055979 0.295215 -0.204556 0.151453 -0.010595 -0.101448 0.316211 0.221423 0.211564 0.428527 -0.372401 -0.364970 -0.104869 -0.036473 -0.449731 -0.440747 -0.370375 -0.325044 -0.155716 -0.369872 -0.508076 -0.544192 -0.029874 -0.446013 -0.222292 -0.380410 -0.222677 -0.054890 -0.391093 -0.163757 -0.129680 0.004532 -0.005287 -0.003226 0.016392 0.383242 -0.140960 0.067876 0.158000 0.360101 -0.001335 0.250837 -0.110730 0.045746 -0.283265 -0.045436 -0.001761 0.131111 0.213197 0.105427 0.339368 0.464083 0.218836 0.405358 0.238916 0.484142 0.356657 0.057555 -0.524266 -0.463782 0.280550 -0.313648 -0.232923 -0.242622 -0.146964 -0.222158 -0.419041 -0.393817 0.144056 -0.345494 -0.120189 -0.235760 0.334208 0.062705 0.298489 0.056116 -0.014728 -0.145035 -0.222178 -0.427199 -0.362552 -0.199949 -0.099895 -0.027957
-0.081383 -0.207093 0.285972 0.598199 0.437051 0.658373 -0.010615 0.287404 0.368817 0.283563 0.050668 0.232720 -0.054721 0.143304 0.395574 0.560895 0.055201 0.033755 -0.013240 0.190068 0.450614 0.509420 0.440561 0.468240 0.311545 0.480869 1.000000 0.711563 -0.064563 0.128923 0.247165 0.369433 -0.210352 0.270097 -0.206235 -0.147631 -0.003198 -0.172207 0.259668 0.240192 0.036609 0.346562 -0.410503 -0.528737 -0.495292 -0.466206 -0.421274 -0.542421 -0.370126 -0.604748 -0.291780 -0.378364 -0.343909 -0.306062 0.181691 -0.429033 0.023468 -0.142516 -0.263359 -0.235935 -0.137100 -0.115515 0.078352 -0.026779 0.055398 0.173630 -0.289061 0.051892 -0.141601 0.133929 -0.113195 0.162960 -0.220457 0.237596 -0.060525 0.050889 -0.292535 -0.105581 0.145941 0.219677 0.271566 0.221349 0.171058 0.393497 0.188399 0.205635 0.022612 0.419093 0.436198 0.317260 -0.362745 -0.421410 0.361415 -0.010758 0.062608 -0.072948 -0.240095 0.039578 -0.450080 -0.127517 -0.023161 -0.157538 -0.160405 -0.057222 0.253448 0.052636 0.141027 0.113771 -0.034232 0.053905 -0.348698 -0.394116 -0.231867 -0.042043 -0.138211 -0.077466
-0.318951 -0.204804 0.003946 0.646779 0.097470 0.393454 -0.261710 0.056954 0.173390 0.025360 -0.142305 0.073060 -0.326568 -0.058453 0.341918 0.339500 0.099889 0.004578 -0.028394 0.234893 0.225869 0.432545 0.416886 0.507794 0.290007 0.574147 0.711563 1.000000 -0.211476 0.018636 0.297855 0.435611 -0.144655 0.276020 -0.136290 -0.088831 0.190513 -0.198545 0.299837 0.242476 0.146958 0.419036 -0.422655 -0.354692 -0.371680 -0.322920 -0.410296 -0.431792 -0.213930 -0.407167 -0.038990 -0.258442 -0.377231 -0.397301 0.138287 -0.202946 0.162042 0.010878 -0.262973 -0.250550 -0.361968 -0.457293 0.033694 -0.107506 -0.077493 -0.002650 -0.078341 0.211894 0.096820 0.224714 -0.035008 0.317270 -0.150378 0.265229 -0.006009 0.061989 -0.250717 -0.087629 0.264432 0.276134 0.388850 0.268846 0.141128 0.178630 0.293886 0.286935 0.265948 0.377567 0.563025 0.249467 -0.368492 -0.407191 0.385678 -0.075900 -0.073479 -0.129665 -0.069067 0.047823 -0.391414 -0.205759 -0.136490 -0.260291 -0.104237 -0.031314 0.383741 0.257071 0.196300 0.078127 -0.112810 0.052713 -0.294257 -0.326383 -0.293122 -0.039531 -0.185474 -0.168089
0.082007 -0.311018 0.147286 -0.186871 0.036509 0.020082 0.180903 0.033046 0.026418 0.057030 0.102730 0.028974 0.290647 0.213730 0.008377 0.248140 0.246995 0.156324 0.157760 0.132578 0.038173 0.076803 0.000714 0.010077 -0.030237 -0.045160 -0.064563 -0.211476 1.000000 0.412163 0.049986 0.055450 0.340677 0.139350 -0.205560 -0.082276 0.002739 0.008278 0.049344 -0.136311 0.297019 0.084944 0.079636 -0.155286 -0.017344 -0.068037 -0.029248 -0.232749 -0.208163 -0.139652 -0.079195 -0.252681 0.086712 0.015687 0.086277 -0.181028 -0.084943 -0.210550 0.079598 -0.076005 0.244183 0.033076 0.221600 0.223499 0.140284 -0.178062 0.027534 -0.377852 -0.067065 -0.321313 -0.108813 -0.183155 0.293328 0.125862 0.088684 0.121063 -0.008680 -0.224626 0.083359 0.302196 0.232319 0.208516 0.126239 0.282718 -0.028440 0.077762 -0.120210 -0.074513 0.015997 -0.128999 -0.003581 -0.258785 -0.290041 -0.092616 0.118017 0.122923 -0.274457 -0.132487 -0.136146 -0.087489 -0.349590 0.021606 -0.094361 -0.160978 -0.131125 -0.156093 0.026601 0.000270 -0.109665 0.053193 -0.259282 -0.072108 0.057892 -0.098044 0.007697 0.065170
-0.101105 -0.136150 0.316723 0.167274 0.206357 0.322201 0.115579 0.379976 0.114859 0.320335 -0.151952 0.196823 -0.040836 0.188450 -0.281500 0.429638 -0.036797 0.457410 0.076623 0.101636 0.182922 0.325007 -0.005525 0.150258 -0.265867 0.227544 0.128923 0.018636 0.412163 1.000000 0.091604 0.384118 0.155784 0.169130 -0.356803 -0.047946 -0.141921 -0.057723 0.100214 -0.064772 0.248969 0.302889 -0.353567 -0.415594 -0.253951 -0.234900 -0.386214 -0.503920 -0.247327 -0.322822 -0.163089 -0.242117 -0.195413 -0.228145 0.142783 -0.326990 -0.113986 -0.321134 0.055303 0.070015 0.330126 0.236697 0.254273 0.359435 0.278963 0.068639 -0.090771 -0.158910 -0.293868 -0.251460 0.069155 -0.008451 0.352608 0.277122 0.169045 0.233047 -0.293731 -0.110226 0.055727 0.270332 0.254499 0.325444 0.049408 0.443060 -0.162731 0.164585 -0.273877 -0.056169 0.030215 -0.015519 -0.331110 -0.323277 -0.082946 -0.170335 0.133881 0.079975 -0.272893 -0.161797 -0.257704 0.013634 -0.029662 -0.283115 -0.244130 -0.199965 -0.126440 -0.154742 0.139023 0.157248 0.036978 0.073543 -0.420475 -0.295766 -0.093183 0.072630 0.075096 0.079883
-0.359837 -0.311081 0.095511 0.210336 -0.029981 0.180531 -0.076089 0.068201 0.018417 -0.068192 -0.329018 -0.328015 -0.510231 -0.366828 0.222275 0.155817 -0.234379 -0.169309 0.148125 0.409514 0.225272 0.440067 0.475109 0.658507 0.365396 0.677697 0.247165 0.297855 0.049986 0.091604 1.000000 0.795838 0.092810 0.233395 -0.227462 0.130178 -0.176323 0.027778 0.079517 0.104933 0.165711 0.240574 -0.178170 -0.192323 0.143174 0.091646 -0.195237 -0.265673 -0.271835 -0.047868 -0.020218 -0.300150 -0.306604 -0.316297 -0.200217 -0.230457 -0.322169 -0.295057 -0.296377 -0.059477 -0.439276 -0.297310 -0.220904 -0.002671 0.057517 -0.255027 0.009146 0.177113 -0.085432 0.057302 0.148381 0.302883 0.114658 0.132755 -0.188536 -0.103031 -0.314961 -0.058897 -0.174560 0.083488 0.015288 0.064790 0.395391 0.410011 0.295970 0.388120 0.182284 0.424882 0.237973 -0.125891 -0.388269 -0.252386 0.049062 -0.198188 -0.043354 -0.239635 -0.132558 -0.090161 -0.276455 -0.301874 0.062539 -0.123131 0.004781 -0.184721 0.288907 0.009339 0.221714 0.088818 0.030500 -0.214796 -0.140047 -0.187703 -0.159781 -0.128993 -0.028250 0.200083
-0.430397 -0.365312 0.230650 0.480406 0.128835 0.425643 -0.001969 0.281079 0.095370 0.110256 -0.396223 -0.177189 -0.503699 -0.283487 0.136134 0.401476 -0.196107 -0.057295 0.148971 0.436690 0.387780 0.655120 0.476903 0.785956 0.253199 0.856730 0.369433 0.435611 0.055450 0.384118 0.795838 1.000000 0.052239 0.323325 -0.392795 0.123515 -0.139486 -0.020341 0.280199 0.088802 0.244946 0.414797 -0.375674 -0.367935 0.020941 0.051932 -0.390874 -0.482947 -0.384302 -0.231791 -0.178698 -0.414918 -0.526023 -0.530649 -0.097803 -0.415318 -0.307602 -0.456909 -0.248149 -0.085997 -0.335107 -0.173608 -0.076954 0.070800 0.151279 -0.128598 -0.089726 0.192684 -0.162362 0.010698 0.130616 0.311400 0.118249 0.206172 -0.136248 -0.018173 -0.396103 -0.134690 -0.059309 0.170591 0.129710 0.103194 0.392056 0.604525 0.188817 0.480343 0.094386 0.477093 0.309199 -0.014860 -0.530615 -0.430536 0.141264 -0.281938 -0.126573 -0.143392 -0.278444 -0.178216 -0.442917 -0.360289 0.098320 -0.308267 -0.009884 -0.232770 0.201587 -0.036089 0.281211 0.193165 0.072792 -0.177729 -0.345250 -0.395328 -0.271809 -0.111213 -0.011369 0.019649
0.023703 0.065084 -0.177243 -0.218934 -0.241681 -0.197272 -0.095284 -0.140895 -0.178487 -0.122621 -0.184985 -0.108244 -0.089742 -0.111797 -0.144018 -0.080018 0.048427 -0.078509 0.136303 0.230249 -0.219044 -0.029217 -0.164009 -0.096323 0.002385 -0.055979 -0.210352 -0.144655 0.340677 0.155784 0.092810 0.052239 1.000000 0.357088 0.146484 0.128802 0.040125 0.154682 -0.012606 -0.156450 0.253805 0.033428 -0.015435 -0.056069 0.124562 -0.034968 0.106452 -0.084415 -0.084163 0.047478 0.141187 -0.055206 0.047320 0.015738 -0.031033 0.056941 0.136954 -0.023268 0.064786 0.211705 -0.022090 -0.017013 -0.020875 0.380646 -0.104305 -0.164831 0.320946 -0.045567 0.185872 0.066485 -0.088333 -0.079395 0.319903 -0.015336 0.281830 0.149148 0.157632 -0.032179 0.010780 0.195934 -0.027437 0.150766 -0.013445 -0.026245 -0.019254 0.001311 -0.048356 -0.116627 -0.146534 -0.241884 -0.146729 -0.118584 -0.213249 -0.174988 -0.048441 -0.059389 0.101090 -0.133997 0.095407 0.036261 -0.038719 -0.180542 0.037781 0.100224 -0.130365 -0.098439 -0.058892 -0.067262 0.002593 0.134377 0.056887 0.069038 0.075651 0.156006 0.231767 -0.099551
-0.071466 -0.026195 0.268245 0.317527 0.259944 0.294503 0.247950 0.236307 0.351933 0.213425 -0.114967 0.096617 -0.073918 -0.096209 0.151730 0.400670 0.093573 -0.063755 0.042476 0.389310 0.210300 0.295055 0.275469 0.214093 0.294138 0.295215 0.270097 0.276020 0.139350 0.169130 0.233395 0.323325 0.357088 1.000000 0.121211 0.391237 -0.028294 0.026161 0.276134 0.037344 0.171663 0.230025 -0.452855 -0.462990 -0.235495 -0.252029 -0.399686 -0.400384 -0.471557 -0.398327 -0.261305 -0.499305 -0.263844 -0.349635 0.159912 -0.229673 0.095566 -0.041313 -0.285914 -0.257956 -0.125785 -0.099707 -0.121220 0.160616 0.137258 0.150495 -0.019729 0.173241 -0.029942 0.172814 -0.207672 -0.108107 0.053284 0.076302 0.122082 0.069770 0.075679 0.069042 0.040453 0.018435 0.054865 0.160293 0.197906 0.278618 0.054789 0.156268 0.125901 0.171773 0.271926 -0.009212 -0.508739 -0.451066 0.042477 -0.105600 0.206684 0.007393 0.029336 0.096089 -0.310707 0.009262 0.039535 -0.318984 -0.181464 -0.061186 -0.087713 -0.148681 -0.101588 -0.149127 0.011873 0.082887 -0.026077 -0.223457 -0.237834 0.228494 0.070305 -0.057360
0.108035 0.263001 -0.143125 -0.278213 -0.260135 -0.321343 0.061447 -0.188522 -0.224547 -0.189578 0.107526 -0.012459 0.064119 -0.098764 -0.187519 -0.375896 -0.202719 -0.151747 -0.345637 -0.315730 -0.288248 -0.488589 -0.192317 -0.362925 0.080582 -0.204556 -0.206235 -0.136290 -0.205560 -0.356803 -0.227462 -0.392795 0.146484 0.121211 1.000000 0.484105 0.078096 0.098693 -0.143018 -0.012308 -0.103689 -0.231207 0.111402 0.185843 0.098248 0.088422 0.133853 0.403418 0.050983 0.185407 -0.035136 0.030139 0.059690 -0.004187 0.075309 0.233650 0.183447 0.057210 -0.000544 0.112573 -0.035099 0.084238 -0.260124 0.065283 -0.377029 0.127255 0.365587 0.426826 -0.086033 -0.018458 -0.003889 -0.093325 -0.103289 -0.257718 0.079868 -0.023192 0.519995 0.472767 -0.223655 -0.376383 -0.389570 -0.348305 -0.160657 -0.350250 -0.000644 -0.166355 0.096122 -0.180425 -0.224858 0.015161 0.057254 0.211120 0.017226 -0.029911 -0.091864 0.046735 0.539234 0.100608 0.375202 0.326903 0.187151 -0.007645 -0.091204 0.225837 -0.153691 -0.091955 -0.154717 -0.558354 0.085869 0.015102 0.772625 0.357513 0.044212 0.152562 0.198727 -0.036771
-0.033433 0.159163 0.112272 -0.037117 -0.039419 -0.045062 0.252766 0.247638 -0.082373 0.212739 -0.139996 -0.044971 -0.096424 -0.093053 -0.262137 -0.084332 -0.349483 -0.251991 -0.214023 -0.125447 0.012478 -0.158380 -0.147720 -0.067243 0.019431 0.151453 -0.147631 -0.088831 -0.082276 -0.047946 0.130178 0.123515 0.128802 0.391237 0.484105 1.000000 -0.072579 0.121030 -0.037399 0.043627 -0.152975 -0.220317 -0.053287 -0.072613 0.223050 0.222401 -0.066073 0.157053 -0.189769 -0.043009 -0.433977 -0.320592 -0.217955 -0.146393 -0.006446 0.017133 0.010623 -0.239602 -0.210223 -0.135112 -0.090255 0.145657 -0.428011 -0.104152 0.004877 0.271459 0.156561 0.438621 -0.101214 0.038308 0.200687 -0.019675 0.074741 -0.136819 -0.140491 -0.055218 0.354684 0.591408 -0.323244 -0.422967 -0.359563 -0.376097 -0.033325 0.021458 -0.077691 -0.025487 -0.016508 -0.071448 -0.161670 -0.269510 -0.118188 0.097131 0.190419 -0.126121 -0.047176 0.076787 0.345396 0.074551 0.142618 0.127610 0.185028 -0.100181 -0.129473 0.028481 -0.101439 -0.211437 -0.074956 -0.343673 0.227457 0.047780 0.526967 0.187761 -0.037746 0.132043 0.248012 -0.008784
