1.000000 0.626089 0.320426 -0.117937 0.032951 -0.050814 0.153602 0.044018 -0.115905 -0.099855 0.144478 0.138140 0.117762 0.279270 0.027147 0.130100 0.070568 -0.083141 0.648259 0.509020 0.191885 -0.051388 -0.106246 -0.172788 -0.213218 -0.212671 0.089647 -0.093771 0.136443 0.139154 0.056668 0.022054 0.339112 0.263952 0.163831 -0.065163 0.158124 -0.237595 -0.193539 -0.217004 0.047502 0.053105 -0.185559 -0.265103 -0.101886 -0.017318 -0.203721 -0.180356 -0.209558 -0.305531 -0.271146 -0.281273 0.024439 -0.304501 0.099756 -0.184305 0.291873 0.243779 0.002602 -0.059382 0.078109 0.025457 0.001931 0.063955 -0.293474 -0.363566 -0.007256 -0.130734 0.337775 0.139482 0.186246 0.162780 0.177177 0.103542 -0.050787 0.100630 0.290110 0.310688 -0.059383 0.035018 0.195452 0.113689 0.050648 0.247529 -0.087044 -0.200990 -0.108944 -0.240285 -0.108044 -0.043040 -0.133016 -0.276548 -0.303186 -0.171910 -0.078073 -0.018237 0.013158 -0.053108 0.167541 -0.160016 -0.018731 0.046559 -0.114735 -0.214937 -0.253499 -0.143118 -0.113626 -0.259785 0.076189 -0.081233 -0.046297 0.036725 -0.098747 -0.358807 -0.225206 -0.148643
0.626089 1.000000 -0.055859 0.022994 0.019517 -0.095601 -0.032987 0.361511 -0.090632 0.134961 0.062923 0.474419 0.164391 0.398810 0.056936 0.299651 0.298313 0.225711 0.422965 0.610289 0.173378 0.029378 -0.336544 -0.302360 -0.344995 -0.320439 0.085969 -0.190474 0.258739 0.389904 -0.020975 0.137717 0.456759 0.555447 0.009633 -0.154454 0.203096 -0.345913 -0.216823 -0.113862 0.223234 0.244318 -0.363983 -0.442821 -0.272324 -0.269698 -0.273595 -0.337570 -0.400937 -0.446134 -0.416449 -0.430877 0.010509 -0.408769 0.078666 -0.249922 0.502630 0.451309 -0.092849 -0.052038 0.076457 0.245951 0.071063 0.325887 -0.252812 -0.227545 -0.140709 -0.300397 0.443025 0.160922 0.148585 0.336642 0.349028 0.390644 0.100700 0.169423 0.376223 0.424453 0.126887 0.125826 0.352225 0.296701 0.068607 0.408071 -0.153758 -0.138624 -0.085923 -0.196360 -0.199085 -0.122058 -0.098351 -0.491028 -0.225871 -0.396606 -0.066107 0.005889 0.123631 -0.014983 0.259755 -0.152481 -0.000734 -0.005257 -0.120215 -0.351443 -0.365464 -0.349682 -0.083469 -0.369737 0.020091 -0.003260 -0.116075 0.027713 -0.157227 -0.317616 -0.265617 -0.182221
0.320426 -0.055859 1.000000 -0.017538 0.073739 0.006102 0.676441 0.132891 0.317739 -0.201404 0.283464 -0.102447 0.120971 0.138066 0.112819 -0.099779 -0.231853 -0.382803 0.415374 -0.064651 -0.052115 -0.181982 0.296204 0.066638 0.084613 0.052178 -0.039379 -0.023515 -0.032841 -0.088574 0.174631 -0.089116 0.014049 0.009875 0.245112 0.114561 -0.118647 -0.136621 -0.073316 -0.273135 -0.241939 -0.316696 0.024420 -0.019685 -0.087805 0.095584 -0.139076 -0.109351 -0.052403 -0.126484 0.066129 -0.043272 -0.123408 -0.090483 0.036849 -0.074311 -0.203325 -0.205864 -0.057747 -0.229910 0.123972 -0.152438 -0.261905 -0.308584 0.268839 -0.076802 0.020951 0.101278 0.024149 0.022917 0.072685 -0.035973 0.030297 -0.057229 0.024223 0.125971 0.105185 0.014415 -0.365335 -0.066781 -0.248922 -0.291825 -0.098578 -0.197012 0.123923 -0.069800 -0.052320 -0.096551 0.105549 0.047865 -0.258257 -0.005253 -0.136074 0.053008 -0.297977 0.016221 -0.246155 -0.029992 -0.324036 -0.079906 0.014818 0.004970 -0.215885 -0.034444 0.095609 0.184399 -0.026596 0.150244 0.206567 -0.044370 -0.038615 -0.036421 -0.113158 -0.190874 0.019777 0.058414
-0.117937 0.022994 -0.017538 1.000000 0.248548 0.234850 -0.098450 0.286716 0.365720 0.278532 0.169872 0.109680 0.066476 0.179744 0.394303 0.196587 -0.163989 -0.310015 -0.002269 0.274782 0.193710 0.133850 0.265521 0.483973 0.240275 0.285257 0.337834 0.309661 -0.047467 -0.187318 0.090383 0.286187 -0.255023 0.029418 0.030665 0.173785 -0.247034 0.084981 -0.077860 0.026575 0.042737 -0.082290 -0.284673 -0.293599 -0.320647 -0.193674 -0.274926 -0.152296 -0.207569 -0.300822 -0.254632 -0.254102 0.177995 -0.147911 0.013630 -0.032876 -0.283523 -0.266036 -0.057701 -0.017061 -0.055567 0.035818 -0.080492 -0.087547 0.070159 -0.051163 -0.294153 0.032138 0.066183 0.063666 -0.045085 -0.122474 -0.327684 -0.153578 -0.019377 -0.125638 -0.088454 -0.177234 -0.220979 -0.115556 -0.108193 -0.232408 0.486759 0.348682 0.223783 0.161480 -0.078871 0.216474 0.218552 0.212460 0.345795 -0.090614 0.249396 -0.094893 -0.019572 -0.044986 -0.021454 -0.183671 0.030832 -0.199393 -0.241484 -0.047759 -0.212638 -0.219386 -0.181543 0.027423 0.011478 -0.211573 -0.079414 -0.044048 0.115667 -0.082454 -0.025647 -0.260411 -0.104968 -0.172008
0.032951 0.019517 0.073739 0.248548 1.000000 0.478890 -0.094638 0.029559 0.532601 0.113429 0.163355 0.091152 -0.139737 -0.044141 0.405408 0.230073 0.028120 -0.113093 -0.082452 0.128867 0.566468 0.335556 0.429375 0.179051 0.587384 0.188839 0.754283 0.203785 0.075081 -0.034503 -0.052805 0.105706 -0.291177 -0.084473 0.011116 0.006617 -0.261777 0.063612 0.158954 0.158184 -0.049515 -0.038400 -0.416699 -0.395507 -0.335283 -0.285981 -0.171997 -0.241273 -0.183680 -0.245597 -0.164284 -0.178256 0.075667 -0.047695 0.075920 -0.094025 -0.032424 -0.038041 0.198616 0.038528 -0.077802 0.034148 -0.177663 -0.002740 0.167945 -0.042894 -0.038023 -0.024978 0.135792 -0.015388 0.029349 -0.136436 -0.231156 -0.079948 -0.187166 0.063866 -0.228121 -0.132331 -0.023997 -0.149526 -0.033537 0.063903 0.349011 0.268077 0.313969 0.208704 0.210899 0.312702 -0.054661 0.017956 -0.074292 -0.118168 0.157086 -0.108412 -0.103351 -0.182100 0.187410 -0.184132 -0.021674 -0.288412 -0.036319 -0.026943 -0.073946 -0.248697 -0.162908 -0.017519 -0.108152 -0.168231 -0.150584 -0.098464 0.058776 -0.148675 -0.223617 -0.206621 -0.173737 -0.161976
-0.050814 -0.095601 0.006102 0.234850 0.478890 1.000000 -0.017553 0.093347 0.205452 0.309797 0.092277 0.132182 0.058441 0.116903 0.457554 0.129006 -0.259727 -0.307174 -0.093383 0.014102 0.162530 0.120117 0.054875 0.332939 0.554263 0.427104 0.554597 0.490006 -0.342602 -0.395674 -0.168604 -0.270686 -0.198300 -0.257627 0.045753 0.151774 -0.070802 0.037915 0.083604 -0.136941 -0.038866 -0.059866 -0.175541 -0.238236 -0.285748 -0.166997 -0.258968 -0.016085 0.102330 -0.177934 0.099000 0.060383 0.311135 0.014711 0.075093 -0.073501 -0.426613 -0.287577 0.201875 0.321153 0.078297 0.182361 0.143873 0.000224 -0.131880 0.210195 0.034261 0.273992 -0.003198 0.142755 0.100978 -0.061348 -0.350583 -0.191597 -0.307734 -0.174622 -0.174250 -0.188759 -0.348219 -0.523916 -0.289448 -0.361049 0.128574 0.000039 0.013908 -0.109249 -0.128159 0.243076 0.100527 0.178279 0.269006 0.165081 0.277220 0.247913 -0.250622 -0.181639 -0.004801 -0.237802 -0.146324 -0.072412 0.064321 0.279546 0.077675 0.081531 0.035916 0.060602 -0.016367 -0.029695 -0.166241 -0.122183 0.407619 -0.099648 -0.146207 -0.128562 -0.206086 -0.134843
0.153602 -0.032987 0.676441 -0.098450 -0.094638 -0.017553 1.000000 0.424656 0.252098 0.152948 0.069566 -0.005955 0.158024 0.186695 -0.028028 -0.078547 -0.041431 -0.165617 0.277951 -0.091565 -0.081879 -0.071754 -0.130148 -0.234739 -0.064050 0.040626 -0.219740 -0.103860 0.007544 -0.000400 0.060878 -0.111030 0.164204 0.202952 0.281612 0.256492 -0.058668 -0.116271 -0.019860 -0.080316 -0.216386 -0.120089 -0.067124 -0.056195 -0.083144 0.087980 -0.167073 -0.246626 -0.209608 -0.207286 -0.053659 -0.101053 -0.227217 -0.219374 0.100708 -0.008737 -0.154774 -0.190345 -0.046800 -0.125785 0.112646 0.009871 -0.245452 -0.155266 0.256640 0.158535 0.144374 0.151006 -0.036447 -0.075288 0.189910 0.120663 0.159075 0.022921 0.032793 0.152815 0.127123 0.169811 -0.271369 0.080144 -0.177699 -0.209474 -0.160090 -0.222138 -0.180509 -0.085198 -0.050155 0.062263 -0.072307 0.047997 -0.342079 -0.088181 -0.174278 -0.095569 -0.158622 0.092375 -0.086799 0.076770 -0.283242 0.005034 0.060748 -0.002200 -0.105127 0.005014 0.113273 0.040111 -0.041256 0.222108 0.304213 0.053883 -0.139186 0.067474 -0.022877 -0.151343 0.042168 0.034215
0.044018 0.361511 0.132891 0.286716 0.029559 0.093347 0.424656 1.000000 0.060115 0.431988 -0.106069 0.406124 0.213184 0.339668 -0.013851 0.124503 0.204868 0.064987 0.001243 0.152761 0.175298 0.097157 -0.435521 -0.199003 -0.090908 0.005634 0.048968 -0.218764 0.058437 0.126254 -0.122397 0.009868 0.221812 0.460475 0.095854 0.145306 -0.048151 -0.279675 -0.198495 -0.049549 0.046626 0.122004 -0.302432 -0.317517 -0.226525 -0.113879 -0.285114 -0.328828 -0.323601 -0.347787 -0.162064 -0.184584 0.040047 -0.406256 0.003787 -0.143256 -0.019377 -0.021687 -0.183993 0.077345 0.032794 0.310029 0.064960 0.267257 0.015839 0.323055 0.029786 0.045544 -0.053550 -0.086362 0.073424 0.086532 0.206920 0.261730 0.089144 0.116763 0.225404 0.197473 -0.107943 0.012780 0.119533 -0.090443 -0.050751 -0.028594 -0.343425 -0.153693 -0.007518 -0.029286 -0.295801 -0.140546 -0.109074 -0.291039 -0.010015 -0.271548 -0.079355 0.111764 -0.009102 0.039898 -0.117520 -0.014469 0.048108 0.039314 -0.083357 -0.225131 -0.031934 -0.111353 -0.116940 -0.076766 0.204597 0.011540 -0.075186 0.021469 -0.117492 -0.240025 -0.013491 -0.077299
-0.115905 -0.090632 0.317739 0.365720 0.532601 0.205452 0.252098 0.060115 1.000000 0.140784 0.329855 -0.059183 -0.117716 -0.072596 0.502637 0.121613 -0.178613 -0.260353 0.108543 0.183930 0.312219 0.191009 0.598596 0.327347 0.408006 0.365508 0.338760 0.312441 0.056485 -0.073710 0.331843 0.291395 -0.296624 -0.046598 0.107491 0.206986 -0.296071 0.137661 0.062899 0.062583 -0.094016 -0.119100 -0.293109 -0.241740 -0.297979 -0.143765 -0.224235 -0.235215 -0.232155 -0.277541 -0.264225 -0.317723 -0.138249 -0.106613 -0.031003 -0.153610 -0.207223 -0.215652 -0.019615 -0.364166 -0.115191 -0.159856 -0.423037 -0.270880 0.465163 -0.139944 -0.381068 -0.043392 0.063906 0.129222 0.123522 0.053386 -0.221650 -0.107088 -0.016782 -0.021664 -0.129772 -0.095622 -0.198342 -0.077725 -0.093744 -0.064910 0.411555 0.315305 0.449854 0.302201 -0.031067 0.383804 0.308853 0.150378 0.117331 -0.015688 0.134819 -0.035780 -0.199210 -0.225504 -0.027223 -0.207396 -0.144975 -0.292130 -0.246994 -0.000046 -0.257982 -0.200452 -0.193063 -0.027161 -0.011654 -0.051099 -0.118106 -0.197337 0.010645 -0.159330 -0.209239 -0.275325 -0.284018 -0.212649
-0.099855 0.134961 -0.201404 0.278532 0.113429 0.309797 0.152948 0.431988 0.140784 1.000000 -0.136744 0.236902 0.121529 0.153987 0.198563 0.390603 0.136364 0.045414 -0.060086 0.267789 0.055106 0.198422 -0.389225 -0.212454 0.050944 0.160964 0.014819 0.105156 0.160227 0.130385 -0.015079 0.259380 -0.060875 0.286640 -0.047414 0.130287 0.088349 0.066041 -0.152012 -0.017691 0.220178 0.237708 -0.462283 -0.481962 -0.338372 -0.205357 -0.301089 -0.215380 -0.360429 -0.346215 -0.343675 -0.199923 0.031604 -0.207989 -0.077346 -0.160112 -0.073339 -0.042962 -0.126582 0.103409 -0.132419 0.300519 0.079534 0.356579 -0.159296 0.144691 -0.052546 -0.036073 0.098623 0.119192 0.113585 0.179700 0.107956 0.114719 0.181104 0.059724 0.201815 0.180922 0.078286 -0.131144 0.196315 0.068049 0.142532 0.348677 -0.326412 -0.109885 -0.104903 0.122458 -0.261567 -0.005025 0.184265 -0.023596 0.252480 -0.053128 -0.124916 -0.015710 0.037358 -0.006823 0.035676 0.050987 0.058172 0.134729 0.059987 -0.063366 -0.136615 -0.181569 -0.083084 -0.049291 -0.055757 0.038658 0.226972 0.225757 0.025855 -0.079538 -0.034366 -0.180692
0.144478 0.062923 0.283464 0.169872 0.163355 0.092277 0.069566 -0.106069 0.329855 -0.136744 1.000000 0.305937 0.478299 0.411732 0.648497 0.325569 -0.026181 -0.128152 0.184494 -0.012637 -0.004524 -0.225597 0.379950 0.135441 0.148663 -0.007708 0.146583 0.177980 0.230720 -0.054365 0.191005 0.006490 -0.311556 -0.234565 -0.133922 -0.153587 -0.232550 -0.073963 0.038962 -0.117897 -0.069610 -0.035619 0.020888 0.000873 -0.230319 -0.130597 -0.080124 -0.085515 0.027349 -0.181382 0.033510 -0.100035 0.164152 -0.016118 0.011351 -0.079283 -0.195343 -0.273369 0.173012 -0.203062 0.318245 0.125204 0.002785 -0.105651 0.281802 -0.014574 -0.276375 -0.294810 -0.136469 -0.206714 -0.017981 -0.011813 -0.004833 -0.094266 0.143327 -0.086933 -0.163978 -0.114220 -0.211941 -0.006004 -0.104417 -0.070167 0.527998 0.287483 0.534971 0.288837 0.078288 0.130325 0.344295 0.004260 -0.030060 -0.075950 -0.056477 0.034026 -0.139688 -0.368971 0.011601 -0.354222 -0.007275 -0.346559 -0.073392 -0.089992 -0.217733 -0.217548 -0.371560 -0.237476 -0.135731 -0.236204 -0.228488 -0.335943 -0.190784 -0.346090 -0.286341 -0.187531 -0.313562 -0.256492
0.138140 0.474419 -0.102447 0.109680 0.091152 0.132182 -0.005955 0.406124 -0.059183 0.236902 0.305937 1.000000 0.383613 0.633013 0.259730 0.439241 0.317476 0.305830 0.061416 0.070209 0.105513 0.026862 -0.232704 -0.092225 -0.115375 -0.061688 0.117911 -0.079421 0.229047 0.368653 -0.120897 0.022392 0.101722 0.159230 -0.184347 -0.258952 0.090890 -0.177631 -0.035952 0.016063 0.149287 0.235232 -0.183356 -0.261186 -0.288035 -0.289881 -0.116215 -0.200053 -0.169520 -0.307211 -0.149614 -0.169298 0.184593 -0.291201 0.066705 -0.155264 0.070610 -0.015658 -0.078789 -0.004804 0.194626 0.486679 0.206258 0.407720 -0.081910 0.195453 -0.254627 -0.341821 -0.134810 -0.152810 0.038595 0.244199 0.383948 0.348474 0.174444 0.180651 0.283347 0.343026 0.090254 0.132856 0.169415 0.169859 0.137532 0.310022 -0.042694 0.018367 0.098808 -0.005279 -0.099638 -0.089753 -0.023879 -0.312542 -0.028765 -0.327692 -0.183261 -0.168404 0.085358 -0.235741 0.114848 -0.279894 0.087156 -0.060832 -0.191101 -0.333636 -0.308914 -0.380724 -0.074132 -0.383348 -0.137809 -0.108623 -0.191946 -0.185915 -0.305718 -0.294470 -0.203220 -0.208075
0.117762 0.164391 0.120971 0.066476 -0.139737 0.058441 0.158024 0.213184 -0.117716 0.121529 0.478299 0.383613 1.000000 0.499380 0.258283 0.235547 0.260678 0.067572 0.091834 -0.072527 -0.156413 -0.156742 -0.209131 -0.155546 -0.072265 -0.227183 -0.145645 -0.155295 0.272895 0.079350 -0.068982 -0.098084 -0.109334 -0.056254 -0.261864 -0.213541 0.072472 -0.329428 -0.160739 -0.224177 -0.050616 0.058460 -0.019939 -0.040889 -0.160404 -0.062478 -0.154405 -0.069238 -0.133631 -0.116794 -0.087927 -0.012970 0.126163 -0.042671 -0.028866 0.006470 -0.130720 -0.103239 -0.013250 0.190407 0.266192 0.343225 0.412504 0.345321 -0.098547 0.180851 -0.062022 -0.182415 -0.142395 -0.283013 -0.050452 -0.025028 0.216590 0.071710 0.022352 -0.018660 0.095396 0.015584 -0.055900 0.078588 0.132974 -0.001367 0.072668 0.054565 -0.113209 -0.093135 -0.032090 -0.012923 0.002739 0.124958 -0.066357 -0.022680 -0.153573 -0.030335 -0.166623 -0.122648 -0.140263 -0.162123 -0.098812 -0.014443 0.163901 -0.046875 0.020703 -0.080462 -0.119602 -0.129280 -0.162588 -0.134625 -0.046319 -0.035905 -0.127390 -0.112132 -0.098690 -0.131745 -0.031234 -0.141805
0.279270 0.398810 0.138066 0.179744 -0.044141 0.116903 0.186695 0.339668 -0.072596 0.153987 0.411732 0.633013 0.499380 1.000000 0.261877 0.480835 0.086559 -0.004883 0.262924 0.116259 -0.071765 -0.154735 -0.218278 -0.001590 -0.086438 -0.062736 0.027837 0.033336 0.031081 0.129985 -0.078832 -0.098727 0.053543 0.099617 -0.031011 -0.064050 -0.023218 -0.094626 -0.144273 -0.066365 -0.024305 0.134445 -0.134138 -0.162343 -0.259743 -0.143802 -0.207327 -0.120605 -0.158817 -0.308068 -0.127084 -0.208966 0.126278 -0.263605 0.170868 -0.030427 -0.002874 -0.054646 0.004805 -0.049832 0.273559 0.374311 0.058652 0.064365 -0.068754 0.148420 -0.185961 -0.133149 0.011376 -0.106408 0.052682 0.186484 0.182321 0.163826 0.116076 0.183462 0.185017 0.190097 -0.154125 0.035159 -0.091075 -0.089957 0.134724 0.177570 -0.049201 -0.039820 -0.060792 -0.093346 0.048412 0.094225 -0.043916 -0.228885 -0.123743 -0.204773 -0.050844 -0.039705 0.076729 -0.075110 0.095620 -0.187946 -0.043555 -0.138509 -0.274253 -0.315076 -0.281800 -0.272881 -0.084092 -0.213110 0.080689 -0.073289 0.028516 -0.095036 -0.143503 -0.307208 -0.228403 -0.108491
0.027147 0.056936 0.112819 0.394303 0.405408 0.457554 -0.028028 -0.013851 0.502637 0.198563 0.648497 0.259730 0.258283 0.261877 1.000000 0.434551 -0.036576 -0.166400 0.065292 0.120001 0.185267 0.076974 0.354272 0.283454 0.392771 0.224604 0.475266 0.448540 0.125903 -0.166053 0.022099 0.017087 -0.447697 -0.322662 -0.149612 -0.035500 -0.171914 0.101118 0.217237 0.023449 0.085399 -0.040904 -0.290286 -0.303245 -0.510777 -0.378241 -0.294886 -0.230483 -0.128885 -0.376043 -0.155598 -0.252284 0.232800 -0.078376 0.074028 -0.127398 -0.246552 -0.267319 0.173557 -0.079029 0.254778 0.138393 0.097789 -0.000772 0.146219 0.023330 -0.297792 -0.236822 0.001523 0.001431 0.061539 0.075151 -0.203204 -0.205418 -0.114671 -0.133611 -0.299436 -0.159313 -0.154736 -0.095943 -0.084431 -0.092856 0.647383 0.501631 0.455174 0.312882 -0.004830 0.364238 0.383461 0.224705 0.250743 -0.023088 0.238516 0.116752 -0.118248 -0.277763 0.046554 -0.291418 -0.047186 -0.278179 -0.101257 0.025167 -0.140253 -0.193845 -0.338456 -0.187950 -0.035022 -0.272056 -0.201460 -0.225173 0.131013 -0.192257 -0.228920 -0.253667 -0.361703 -0.319114
0.130100 0.299651 -0.099779 0.196587 0.230073 0.129006 -0.078547 0.124503 0.121613 0.390603 0.325569 0.439241 0.235547 0.480835 0.434551 1.000000 0.273678 0.130776 0.073691 0.208640 0.136715 0.127739 -0.042757 -0.093208 -0.018159 -0.074785 0.211537 0.061515 0.419212 0.380402 0.055478 0.278307 -0.131127 0.099572 -0.293606 -0.209207 0.155679 0.090558 0.026274 0.220942 0.232392 0.264468 -0.348173 -0.397828 -0.451776 -0.432114 -0.299536 -0.256544 -0.405348 -0.492438 -0.387044 -0.473929 -0.033602 -0.382759 0.105508 -0.003833 0.140140 0.067690 -0.128481 -0.242727 0.001572 0.099929 0.051328 0.162758 -0.188785 -0.185751 -0.373761 -0.481161 0.170851 -0.163035 0.172556 0.230771 0.286609 0.252674 0.259167 0.211733 0.100052 0.213591 0.239063 0.194624 0.303961 0.337878 0.381620 0.625406 0.133948 0.245267 0.111727 0.198345 -0.059948 0.129755 0.033519 -0.210307 0.185370 -0.173150 0.094107 -0.057650 0.312517 0.041958 0.313486 -0.140592 -0.025232 0.008527 -0.012684 -0.262390 -0.362664 -0.283673 -0.153512 -0.293518 -0.035916 -0.052267 0.050759 0.089128 -0.014733 -0.107226 -0.202967 -0.164514
0.070568 0.298313 -0.231853 -0.163989 0.028120 -0.259727 -0.041431 0.204868 -0.178613 0.136364 -0.026181 0.317476 0.260678 0.086559 -0.036576 0.273678 1.000000 0.737012 0.006560 0.189973 0.167875 0.172641 -0.297305 -0.345291 -0.226266 -0.281530 0.056112 -0.296991 0.710178 0.620233 -0.059181 0.277544 0.058450 0.325620 -0.295794 -0.271972 0.177189 -0.268087 -0.118554 0.211538 0.334363 0.361398 -0.338557 -0.336805 -0.216721 -0.319983 -0.271334 -0.458416 -0.504390 -0.321049 -0.391724 -0.377460 -0.258266 -0.335106 -0.113600 -0.324465 0.493403 0.354655 -0.155351 0.014327 -0.001774 0.064680 0.257208 0.594145 -0.025303 -0.011530 0.010786 -0.435229 -0.044878 -0.276885 0.033688 0.110180 0.573986 0.470049 0.257299 0.246463 0.087133 0.179766 0.610391 0.571001 0.718929 0.648027 0.088827 0.330256 -0.012323 0.062535 0.201016 0.015500 -0.425514 -0.217158 -0.325697 -0.300579 -0.192464 -0.358406 0.033258 -0.017594 0.089202 0.025309 -0.009136 -0.034716 -0.002525 -0.124282 0.114645 -0.197562 -0.213699 -0.209487 -0.205222 -0.275330 0.022724 0.068011 -0.281108 0.163163 -0.019023 -0.071947 0.078997 -0.008591
-0.083141 0.225711 -0.382803 -0.310015 -0.113093 -0.307174 -0.165617 0.064987 -0.260353 0.045414 -0.128152 0.305830 0.067572 -0.004883 -0.166400 0.130776 0.737012 1.000000 -0.195044 0.014425 0.067203 0.176990 -0.332236 -0.439283 -0.290567 -0.317668 -0.062694 -0.336863 0.600429 0.606830 -0.097479 0.189133 0.146580 0.282346 -0.383096 -0.218229 0.160926 -0.114456 0.035911 0.245806 0.338050 0.432459 -0.163482 -0.156450 -0.056824 -0.190551 0.008922 -0.323140 -0.303385 -0.137955 -0.290142 -0.260075 -0.105398 -0.198788 0.022856 -0.270455 0.545057 0.462195 -0.025262 0.108679 0.091032 0.129181 0.266243 0.612152 -0.012312 0.043471 0.038607 -0.392257 -0.119083 -0.262179 -0.070853 0.224845 0.584880 0.477090 0.262536 0.245851 0.065242 0.195902 0.698663 0.570813 0.611723 0.716459 -0.072881 0.215068 -0.085850 0.063275 0.302524 -0.017234 -0.342899 -0.246989 -0.312381 -0.298218 -0.199299 -0.303306 0.102328 -0.084614 0.180448 -0.042511 0.074832 -0.103496 0.124867 -0.084075 0.198886 -0.133169 -0.206901 -0.268863 -0.003267 -0.321825 -0.098313 0.060440 -0.349001 -0.023985 -0.112391 0.012047 -0.024594 -0.138271
0.648259 0.422965 0.415374 -0.002269 -0.082452 -0.093383 0.277951 0.001243 0.108543 -0.060086 0.184494 0.061416 0.091834 0.262924 0.065292 0.073691 0.006560 -0.195044 1.000000 0.535711 0.038353 -0.110648 0.079242 -0.002762 -0.166148 0.019483 -0.099011 0.126672 0.110056 0.154910 0.369492 0.233172 0.344298 0.304831 0.158371 -0.085511 0.202542 -0.171132 -0.235082 -0.318186 0.121314 0.017922 -0.029242 -0.114231 -0.065190 -0.014098 -0.169418 -0.038586 -0.198040 -0.251347 -0.232432 -0.288442 -0.206163 -0.272198 -0.093655 -0.242783 0.084391 0.055083 -0.200095 -0.291664 -0.104757 -0.160484 -0.169600 -0.150537 -0.071461 -0.500389 -0.227204 -0.174106 0.265815 0.124102 0.266045 0.285785 0.103659 0.137224 0.143952 0.150056 0.465120 0.326485 -0.157563 0.016605 0.121158 0.008675 0.084186 0.258068 0.054069 -0.138433 -0.184449 -0.149530 0.061463 -0.032109 -0.018766 -0.136877 -0.316376 -0.190579 -0.197245 -0.112698 -0.106666 -0.120755 0.072800 -0.119984 -0.152975 -0.027667 -0.361274 -0.239212 -0.302969 -0.214369 -0.066006 -0.117831 0.052772 -0.180037 0.081526 0.062021 -0.106003 -0.364412 -0.268326 -0.164437
0.509020 0.610289 -0.064651 0.274782 0.128867 0.014102 -0.091565 0.152761 0.183930 0.267789 -0.012637 0.070209 -0.072527 0.116259 0.120001 0.208640 0.189973 0.014425 0.535711 1.000000 0.310895 0.151011 -0.092059 0.098363 -0.213325 -0.049970 0.255081 0.081907 0.237587 0.275578 0.110629 0.331229 0.233908 0.507414 0.185616 0.175436 0.239939 -0.083877 -0.198179 -0.136299 0.248684 0.080044 -0.412217 -0.476145 -0.227680 -0.139116 -0.336645 -0.247563 -0.430582 -0.398833 -0.585554 -0.539107 -0.183154 -0.441083 -0.076806 -0.362662 0.314231 0.342521 -0.225222 -0.234756 -0.303221 -0.184926 -0.242259 0.099481 -0.198020 -0.527397 -0.264777 -0.157911 0.430067 0.329580 0.138289 0.168863 0.034708 0.135253 0.008235 0.121831 0.354574 0.357174 0.051031 0.039114 0.351817 0.209703 0.223176 0.497215 -0.057819 -0.186099 -0.327582 -0.150812 -0.068835 -0.117533 0.182928 -0.223945 -0.065524 -0.254755 -0.070986 0.022204 -0.098034 -0.045414 0.128392 -0.105511 -0.164170 0.132641 -0.158682 -0.245642 -0.301627 -0.128194 -0.042357 -0.240115 0.018450 -0.087062 0.154807 0.179444 -0.037981 -0.352360 -0.220026 -0.130572
0.191885 0.173378 -0.052115 0.193710 0.566468 0.162530 -0.081879 0.175298 0.312219 0.055106 -0.004524 0.105513 -0.156413 -0.071765 0.185267 0.136715 0.167875 0.067203 0.038353 0.310895 1.000000 0.460615 0.154328 0.053524 0.265651 0.119743 0.681341 0.126669 0.221297 0.101279 -0.028654 0.122534 -0.047910 0.149055 -0.106507 -0.043396 -0.012991 -0.015793 0.150794 0.245554 0.059157 0.250654 -0.357649 -0.339362 -0.180024 -0.205176 -0.118557 -0.263948 -0.247614 -0.268918 -0.296908 -0.333511 0.102602 -0.306183 0.182163 -0.144187 0.201528 0.104947 0.053984 -0.119227 -0.123371 -0.059470 -0.173289 0.141728 -0.001432 -0.142912 -0.044120 -0.186466 0.243352 0.007648 0.266121 0.039651 -0.094906 0.059094 -0.052386 0.147159 -0.081973 0.101678 0.137241 0.160998 0.256025 0.207079 0.323379 0.327856 0.175635 0.206898 0.167791 0.166231 -0.065242 -0.108272 -0.034414 -0.350997 -0.058164 -0.309662 0.112361 -0.107161 0.169491 -0.103095 0.026011 -0.325793 -0.232098 -0.063165 -0.166802 -0.381998 -0.230397 -0.114946 0.033573 -0.165836 -0.058994 -0.153009 -0.091186 -0.135136 -0.247419 -0.497028 -0.155007 -0.179836
-0.051388 0.029378 -0.181982 0.133850 0.335556 0.120117 -0.071754 0.097157 0.191009 0.198422 -0.225597 0.026862 -0.156742 -0.154735 0.076974 0.127739 0.172641 0.176990 -0.110648 0.151011 0.460615 1.000000 0.020062 -0.076544 0.174975 0.139675 0.354956 0.181264 0.216665 0.213946 -0.029454 0.318065 -0.151458 0.070763 -0.068420 0.062721 0.087349 0.125375 0.123439 0.392398 0.197977 0.379477 -0.400217 -0.366048 -0.202798 -0.291085 -0.187378 -0.294041 -0.282953 -0.330465 -0.264227 -0.388694 0.070955 -0.308016 -0.081943 -0.155093 0.153146 0.111597 0.126661 0.084506 -0.060673 -0.011052 0.008125 0.226752 0.049968 -0.124519 0.076814 -0.040946 0.005835 -0.136169 0.165925 0.111979 -0.056526 0.091349 -0.094266 0.110186 -0.111041 -0.017048 0.317847 0.294569 0.324733 0.369995 0.164445 0.369127 0.084445 0.192761 0.140135 0.131876 -0.173443 -0.106033 0.008551 -0.183559 0.128519 -0.256976 0.217551 0.069689 0.245214 0.089530 0.033391 -0.083125 -0.104821 -0.012940 -0.104956 -0.234849 -0.187424 -0.216745 -0.044870 -0.073122 -0.049011 0.148331 -0.026147 0.110809 0.018750 -0.131628 -0.031796 -0.150980
-0.106246 -0.336544 0.296204 0.265521 0.429375 0.054875 -0.130148 -0.435521 0.598596 -0.389225 0.379950 -0.232704 -0.209131 -0.218278 0.354272 -0.042757 -0.297305 -0.332236 0.079242 -0.092059 0.154328 0.020062 1.000000 0.611780 0.429930 0.328757 0.318048 0.370758 -0.083006 -0.188626 0.352568 0.183605 -0.365341 -0.363273 0.024346 -0.075897 -0.244624 0.226688 0.127563 0.072034 -0.210296 -0.318314 0.066216 0.109303 -0.061183 -0.084988 0.024659 0.064745 0.074680 0.064520 0.060534 -0.000729 -0.105652 0.184261 -0.112306 -0.039923 -0.225456 -0.219595 0.019034 -0.356968 -0.130786 -0.332637 -0.390767 -0.429701 0.424220 -0.292783 -0.290003 -0.130319 0.002182 0.033259 -0.092836 -0.102397 -0.371001 -0.262351 -0.107731 -0.057229 -0.266368 -0.297901 -0.168483 -0.112317 -0.231027 -0.124099 0.335065 0.127755 0.718533 0.407648 0.163297 0.311926 0.487209 0.173456 0.074251 0.153227 0.159745 0.158550 -0.125123 -0.269137 -0.048703 -0.223199 -0.136497 -0.289117 -0.261405 -0.124790 -0.266129 -0.104798 -0.096574 0.116918 -0.037182 -0.030068 -0.191245 -0.168354 -0.055280 -0.260127 -0.140118 -0.108276 -0.128106 -0.074361
-0.172788 -0.302360 0.066638 0.483973 0.179051 0.332939 -0.234739 -0.199003 0.327347 -0.212454 0.135441 -0.092225 -0.155546 -0.001590 0.283454 -0.093208 -0.345291 -0.439283 -0.002762 0.098363 0.053524 -0.076544 0.611780 1.000000 0.314338 0.467583 0.382290 0.513152 -0.407468 -0.374411 0.052426 -0.051244 -0.310947 -0.379779 0.164992 0.176190 -0.150625 0.245481 -0.044890 -0.059741 -0.245464 -0.379820 0.070821 0.073036 -0.039149 0.011858 -0.110143 0.192263 0.179510 0.123978 0.042494 0.050649 0.026154 0.074633 -0.143029 -0.060627 -0.382105 -0.319463 -0.109205 -0.207179 -0.181785 -0.266028 -0.240132 -0.372576 0.120979 -0.088675 -0.351026 0.178441 -0.116720 0.269576 -0.111895 -0.199483 -0.485109 -0.346541 -0.335656 -0.183355 -0.212621 -0.296915 -0.356068 -0.334597 -0.368523 -0.411277 0.153725 -0.057935 0.385990 0.094031 -0.229296 0.126351 0.499685 0.227478 0.475070 0.293700 0.391080 0.244569 -0.178788 -0.124755 -0.259802 -0.195000 -0.167710 -0.073284 -0.294027 0.084582 -0.210589 0.065363 0.086167 0.267290 0.051265 0.086065 -0.111515 -0.158408 0.319200 -0.117178 -0.042607 -0.108643 -0.038688 0.116502
-0.213218 -0.344995 0.084613 0.240275 0.587384 0.554263 -0.064050 -0.090908 0.408006 0.050944 0.148663 -0.115375 -0.072265 -0.086438 0.392771 -0.018159 -0.226266 -0.290567 -0.166148 -0.213325 0.265651 0.174975 0.429930 0.314338 1.000000 0.596202 0.467629 0.487813 -0.161327 -0.384172 0.093097 0.082196 -0.263200 -0.265823 -0.022970 0.070697 -0.379433 0.100288 0.089915 0.079628 -0.208015 0.042606 -0.068175 -0.016222 -0.081214 -0.045153 0.039845 0.024040 0.111019 0.001859 0.168635 0.113281 0.193279 0.156525 0.048496 0.035383 -0.311304 -0.302255 0.202497 0.062289 -0.015333 -0.016713 -0.114899 -0.231265 0.184691 0.114684 -0.023812 0.192899 -0.066168 -0.123376 0.124117 0.012561 -0.380082 -0.069566 -0.075112 0.074993 -0.302943 -0.214705 -0.155457 -0.196033 -0.244657 -0.198808 0.297568 0.035527 0.322610 0.199074 0.212841 0.398279 0.108829 0.041889 -0.014896 -0.045107 0.049982 0.004229 0.038103 -0.171892 0.089922 -0.082129 -0.134675 -0.191872 -0.263168 -0.125760 -0.169145 -0.203689 -0.055190 -0.039785 -0.152022 -0.048690 -0.099660 0.000798 0.182941 -0.235162 -0.101366 -0.120359 -0.148426 -0.074459
-0.212671 -0.320439 0.052178 0.285257 0.188839 0.427104 0.040626 0.005634 0.365508 0.160964 -0.007708 -0.061688 -0.227183 -0.062736 0.224604 -0.074785 -0.281530 -0.317668 0.019483 -0.049970 0.119743 0.139675 0.328757 0.467583 0.596202 1.000000 0.241819 0.758112 -0.222740 -0.298535 0.413924 0.262655 -0.049534 -0.070540 0.111856 0.164128 -0.230062 0.193728 -0.098276 0.072965 -0.057521 0.075854 0.078616 0.078522 -0.032066 0.001171 0.041342 0.116877 0.087953 -0.037916 0.116447 -0.049976 0.073384 -0.056806 -0.141336 -0.109836 -0.358489 -0.305259 -0.022770 -0.190948 -0.130701 -0.143186 -0.200527 -0.279793 0.196169 0.039850 -0.227048 0.208259 -0.051090 0.046507 0.299411 0.192560 -0.345577 -0.003456 0.033023 0.069754 0.022859 -0.011358 -0.194388 -0.193378 -0.199550 -0.223928 0.180267 0.106455 0.260628 0.158911 -0.031787 0.270984 0.153994 -0.127358 0.169704 -0.086707 0.098383 -0.050671 0.018683 -0.193177 0.130262 -0.097467 -0.032263 -0.249357 -0.507636 -0.004833 -0.441868 -0.229932 -0.197671 -0.203262 -0.138985 -0.017497 -0.168143 -0.129347 0.340821 -0.183953 -0.159332 -0.195521 -0.252305 -0.119836
0.089647 0.085969 -0.039379 0.337834 0.754283 0.554597 -0.219740 0.048968 0.338760 0.014819 0.146583 0.117911 -0.145645 0.027837 0.475266 0.211537 0.056112 -0.062694 -0.099011 0.255081 0.681341 0.354956 0.318048 0.382290 0.467629 0.241819 1.000000 0.349267 0.003748 -0.117985 -0.208118 -0.063881 -0.252034 -0.120821 0.024130 0.083925 -0.144915 0.072065 0.254887 0.214733 -0.036048 0.042338 -0.375496 -0.419359 -0.389019 -0.367204 -0.230590 -0.220624 -0.141256 -0.314241 -0.196425 -0.240937 0.203273 -0.185931 0.189724 -0.172338 0.023605 -0.004213 0.247477 0.033883 0.015370 -0.004931 -0.098643 0.008919 -0.013229 -0.079846 -0.002171 -0.060457 0.182356 0.123429 0.111804 -0.087328 -0.328361 -0.083976 -0.281353 0.006696 -0.330018 -0.174690 -0.019592 -0.108649 -0.025029 0.009070 0.373416 0.264167 0.307487 0.138581 0.122293 0.265529 0.073908 0.024866 0.113082 -0.136854 0.152356 -0.070772 0.039516 -0.135493 0.115834 -0.180837 -0.091360 -0.232629 -0.138051 -0.004041 -0.086976 -0.231002 -0.141835 0.016021 -0.044977 -0.120736 -0.143975 -0.135407 0.122748 -0.150463 -0.181581 -0.252648 -0.129737 -0.049451
-0.093771 -0.190474 -0.023515 0.309661 0.203785 0.490006 -0.103860 -0.218764 0.312441 0.105156 0.177980 -0.079421 -0.155295 0.033336 0.448540 0.061515 -0.296991 -0.336863 0.126672 0.081907 0.126669 0.181264 0.370758 0.513152 0.487813 0.758112 0.349267 1.000000 -0.214675 -0.388325 0.275704 0.090139 -0.225743 -0.268624 0.079353 0.084269 -0.148566 0.244646 0.044933 0.131141 0.019067 0.112728 -0.055800 -0.056874 -0.227940 -0.197734 -0.070332 0.024319 0.036695 -0.177674 0.060351 -0.167180 0.231633 -0.055575 -0.014873 -0.097212 -0.313793 -0.237058 0.142181 -0.113327 0.023206 -0.097652 -0.123875 -0.268483 0.070878 -0.079388 -0.246148 0.118027 0.078327 0.151738 0.297059 0.204251 -0.467368 -0.200613 -0.094643 -0.105517 -0.145697 -0.165105 -0.239418 -0.244366 -0.245915 -0.179734 0.345470 0.257023 0.402283 0.267139 0.022988 0.275118 0.328062 0.029146 0.318684 -0.041070 0.223761 0.116031 0.054939 -0.267140 0.253648 -0.191034 0.061846 -0.297231 -0.427174 0.050562 -0.390340 -0.154633 -0.251185 -0.179909 -0.003320 -0.107014 -0.252581 -0.272402 0.395566 -0.141597 -0.142924 -0.225559 -0.380036 -0.198890
0.136443 0.258739 -0.032841 -0.047467 0.075081 -0.342602 0.007544 0.058437 0.056485 0.160227 0.230720 0.229047 0.272895 0.031081 0.125903 0.419212 0.710178 0.600429 0.110056 0.237587 0.221297 0.216665 -0.083006 -0.407468 -0.161327 -0.222740 0.003748 -0.214675 1.000000 0.678065 0.186539 0.488498 0.049069 0.390808 -0.344592 -0.273978 0.158724 -0.183088 -0.127625 0.157503 0.411748 0.398068 -0.327396 -0.359792 -0.262029 -0.308372 -0.197033 -0.468847 -0.568521 -0.418690 -0.468884 -0.552254 -0.196687 -0.377426 -0.103371 -0.280094 0.477416 0.378999 -0.166294 -0.236582 0.070783 -0.080053 0.163220 0.459728 0.136945 -0.254885 -0.150220 -0.562777 0.100852 -0.300563 0.091548 0.154926 0.590034 0.435056 0.449463 0.411293 0.209917 0.314566 0.643601 0.695856 0.738538 0.751473 0.281169 0.543211 0.222973 0.309324 0.250476 0.084287 -0.301643 -0.257993 -0.409212 -0.476717 -0.257648 -0.456701 0.060918 -0.106979 0.127287 -0.074269 0.044112 -0.283786 -0.095210 -0.141708 -0.102917 -0.393653 -0.435591 -0.313954 -0.079377 -0.357592 -0.056125 -0.035325 -0.347981 -0.033692 -0.212171 -0.226871 -0.084956 -0.236092
0.139154 0.389904 -0.088574 -0.187318 -0.034503 -0.395674 -0.000400 0.126254 -0.073710 0.130385 -0.054365 0.368653 0.079350 0.129985 -0.166053 0.380402 0.620233 0.606830 0.154910 0.275578 0.101279 0.213946 -0.188626 -0.374411 -0.384172 -0.298535 -0.117985 -0.388325 0.678065 1.000000 0.139998 0.470082 0.213098 0.518349 -0.178879 -0.174024 0.330813 -0.124156 -0.115531 0.115016 0.427000 0.330980 -0.238537 -0.337014 -0.152233 -0.255436 -0.208611 -0.335926 -0.509483 -0.327320 -0.469249 -0.442493 -0.343871 -0.423616 -0.214764 -0.328381 0.536189 0.454056 -0.288466 -0.229559 -0.073423 -0.051410 0.095708 0.445254 -0.004989 -0.312079 -0.138598 -0.482135 0.064933 -0.204437 0.093926 0.202949 0.769297 0.556628 0.468461 0.546254 0.454095 0.467434 0.595527 0.548531 0.671369 0.730612 -0.129641 0.372513 -0.057675 0.028425 0.081881 -0.178323 -0.377763 -0.249980 -0.330339 -0.383106 -0.248357 -0.537310 0.017134 0.074224 0.039866 0.084889 0.073108 -0.117924 -0.005647 -0.151920 -0.097996 -0.279443 -0.268712 -0.258271 -0.078126 -0.250344 0.066896 0.144172 -0.258838 0.146992 -0.116503 -0.095075 0.091868 -0.059582
0.056668 -0.020975 0.174631 0.090383 -0.052805 -0.168604 0.060878 -0.122397 0.331843 -0.015079 0.191005 -0.120897 -0.068982 -0.078832 0.022099 0.055478 -0.059181 -0.097479 0.369492 0.110629 -0.028654 -0.029454 0.352568 0.052426 0.093097 0.413924 -0.208118 0.275704 0.186539 0.139998 1.000000 0.665860 0.160076 0.256848 -0.078229 -0.104301 0.022687 -0.014685 -0.208403 -0.124344 0.221886 0.193269 0.210690 0.131979 -0.012994 0.000998 0.053018 0.044470 -0.127833 -0.145683 -0.092062 -0.229298 -0.161963 -0.214131 -0.135109 -0.167503 -0.030783 -0.061214 -0.285606 -0.493323 -0.159915 -0.202205 -0.166868 -0.187748 0.175731 -0.377437 -0.439435 -0.232966 0.086701 -0.180939 0.364444 0.273920 0.124399 0.211548 0.438961 0.217318 0.331127 0.153171 0.020792 0.057653 0.103950 0.122443 0.230071 0.259917 0.361930 0.168680 0.013670 0.008003 0.276537 -0.119971 -0.038910 -0.208368 -0.195157 -0.195950 0.072183 -0.127708 0.136457 0.025040 0.237000 -0.196250 -0.409751 -0.055328 -0.486101 -0.328307 -0.324374 -0.293764 -0.198380 -0.075325 -0.143454 -0.106726 0.024185 -0.105610 -0.032486 -0.134792 -0.301620 -0.145695
0.022054 0.137717 -0.089116 0.286187 0.105706 -0.270686 -0.111030 0.009868 0.291395 0.259380 0.006490 0.022392 -0.098084 -0.098727 0.017087 0.278307 0.277544 0.189133 0.233172 0.331229 0.122534 0.318065 0.183605 -0.051244 0.082196 0.262655 -0.063881 0.090139 0.488498 0.470082 0.665860 1.000000 0.107737 0.460339 -0.125653 -0.043361 0.034363 -0.001645 -0.347241 0.019201 0.350846 0.324831 -0.108872 -0.164223 -0.040875 -0.069409 -0.063211 -0.165422 -0.376457 -0.272359 -0.372545 -0.428530 -0.260111 -0.334557 -0.338425 -0.342569 0.187262 0.152229 -0.354333 -0.383392 -0.355173 -0.252215 -0.100885 0.096108 0.114025 -0.440275 -0.387959 -0.274337 0.017087 -0.244584 0.257260 0.338983 0.231421 0.361168 0.461262 0.299431 0.307723 0.270583 0.381452 0.345272 0.497154 0.444654 0.313574 0.578080 0.242116 0.193016 0.032774 0.000008 -0.138593 -0.265358 -0.073816 -0.346127 -0.089827 -0.465821 0.114114 -0.037197 0.098929 0.011707 0.218079 -0.175380 -0.399987 -0.174052 -0.330939 -0.454210 -0.443453 -0.338961 -0.257853 -0.215784 -0.101911 0.073220 -0.073174 -0.014215 -0.012554 -0.055622 -0.122422 -0.194640
0.339112 0.456759 0.014049 -0.255023 -0.291177 -0.198300 0.164204 0.221812 -0.296624 -0.060875 -0.311556 0.101722 -0.109334 0.053543 -0.447697 -0.131127 0.058450 0.146580 0.344298 0.233908 -0.047910 -0.151458 -0.365341 -0.310947 -0.263200 -0.049534 -0.252034 -0.225743 0.049069 0.213098 0.160076 0.107737 1.000000 0.678976 0.221190 0.078270 0.302303 -0.249296 -0.240754 -0.218329 0.185661 0.103974 0.109050 0.043122 0.301025 0.230495 0.092298 -0.005624 -0.102496 0.042637 -0.076494 -0.092311 -0.254148 -0.238594 0.072072 -0.034950 0.407763 0.446764 -0.278776 -0.131377 -0.219538 -0.108265 -0.087536 -0.013387 -0.206443 -0.215182 0.056478 0.082707 0.276895 0.118208 0.211191 0.282943 0.295383 0.341837 0.143018 0.362436 0.527654 0.466415 0.110786 0.149891 0.152598 0.117744 -0.346547 -0.125923 -0.344743 -0.275542 -0.073131 -0.245463 -0.292677 -0.209664 -0.346869 -0.394058 -0.490436 -0.434739 -0.044095 0.177022 -0.047062 0.164876 0.184333 0.049859 -0.191332 -0.131154 -0.169240 -0.188884 -0.087129 -0.164362 -0.011789 0.027322 0.211898 0.097427 -0.116902 -0.002314 -0.074193 -0.102344 -0.015869 0.094046
0.263952 0.555447 0.009875 0.029418 -0.084473 -0.257627 0.202952 0.460475 -0.046598 0.286640 -0.234565 0.159230 -0.056254 0.099617 -0.322662 0.099572 0.325620 0.282346 0.304831 0.507414 0.149055 0.070763 -0.363273 -0.379779 -0.265823 -0.070540 -0.120821 -0.268624 0.390808 0.518349 0.256848 0.460339 0.678976 1.000000 0.182632 0.180485 0.261973 -0.225812 -0.311556 -0.142726 0.350238 0.237717 -0.220477 -0.265231 0.034918 0.069512 -0.153147 -0.298650 -0.500740 -0.291306 -0.415304 -0.407816 -0.353990 -0.514373 -0.054898 -0.288544 0.496758 0.493384 -0.421077 -0.252426 -0.291875 -0.100865 -0.162141 0.213130 -0.011063 -0.235384 -0.041530 -0.075532 0.309009 -0.002888 0.282552 0.293176 0.428202 0.538963 0.398690 0.483649 0.581165 0.583348 0.299273 0.323723 0.446264 0.348051 -0.135099 0.159976 -0.226917 -0.117378 -0.104044 -0.224939 -0.408448 -0.276202 -0.433568 -0.571610 -0.479366 -0.630013 -0.015242 0.144683 -0.035267 0.140064 0.069551 -0.131545 -0.232162 -0.219671 -0.268874 -0.425029 -0.265128 -0.240870 -0.079613 -0.119427 0.175121 0.104574 -0.149284 0.017949 -0.114359 -0.260341 -0.066322 -0.022406
0.163831 0.009633 0.245112 0.030665 0.011116 0.045753 0.281612 0.095854 0.107491 -0.047414 -0.133922 -0.184347 -0.261864 -0.031011 -0.149612 -0.293606 -0.295794 -0.383096 0.158371 0.185616 -0.106507 -0.068420 0.024346 0.164992 -0.022970 0.111856 0.024130 0.079353 -0.344592 -0.178879 -0.078229 -0.125653 0.221190 0.182632 1.000000 0.613795 0.047191 0.143702 -0.077267 -0.172967 -0.090234 -0.349457 -0.078508 -0.031914 0.094582 0.264110 -0.176999 -0.046299 -0.039834 0.032078 -0.056657 0.015973 -0.323122 -0.142016 -0.047383 -0.134891 -0.040827 0.138057 -0.022634 -0.006923 -0.170032 -0.246340 -0.330731 -0.310436 0.161282 -0.039749 0.171999 0.481598 0.065425 0.440271 0.053931 -0.042897 -0.257670 -0.193118 -0.234443 0.027174 0.174870 0.038200 -0.284029 -0.226787 -0.308441 -0.317222 -0.185267 -0.305460 -0.071920 -0.228387 -0.316181 -0.024877 0.072841 -0.001581 -0.102908 0.026615 -0.147700 -0.106560 -0.056489 0.249390 -0.316129 0.129444 -0.294982 0.048152 -0.196932 -0.125200 -0.155502 0.004335 0.223151 0.197947 -0.066875 0.306499 0.288784 0.150153 0.098817 0.042422 0.053017 -0.004074 0.080674 0.258537
-0.065163 -0.154454 0.114561 0.173785 0.006617 0.151774 0.256492 0.145306 0.206986 0.130287 -0.153587 -0.258952 -0.213541 -0.064050 -0.035500 -0.209207 -0.271972 -0.218229 -0.085511 0.175436 -0.043396 0.062721 -0.075897 0.176190 0.070697 0.164128 0.083925 0.084269 -0.273978 -0.174024 -0.104301 -0.043361 0.078270 0.180485 0.613795 1.000000 -0.100860 0.140365 -0.086600 -0.154766 0.012987 -0.312569 -0.121469 -0.041074 0.198727 0.411679 -0.171565 -0.077052 0.007975 0.096954 -0.118372 -0.054215 -0.161172 -0.181478 0.022785 -0.039788 -0.143542 0.009903 -0.087395 -0.033976 -0.210655 -0.270329 -0.308030 -0.351263 0.181240 0.061779 0.056789 0.616473 -0.041729 0.275202 -0.020675 -0.100626 -0.312999 -0.145706 -0.223788 0.033880 -0.038482 -0.029213 -0.206719 -0.174969 -0.212668 -0.264801 -0.144385 -0.242591 -0.119173 -0.196488 -0.447689 -0.088809 0.053490 0.035315 0.017861 -0.024372 -0.059736 -0.079024 0.070634 0.350801 -0.286594 0.159228 -0.257596 0.096249 -0.286541 -0.047977 -0.043523 0.054455 0.186639 0.239383 0.182673 0.261246 0.329113 0.196429 0.126886 0.058249 0.112726 0.013371 0.102236 0.255300
