1.000000 0.352693 0.136230 -0.032967 -0.391090 -0.321387 0.075953 -0.092544 -0.250775 -0.395280 0.009505 0.027168 0.107848 -0.273921 0.051431 -0.075914 0.227594 0.097802 0.252752 0.169128 -0.049740 -0.107243 -0.323315 -0.143753 -0.366551 -0.246947 -0.246880 -0.215591 0.343184 0.392945 -0.287388 -0.317564 0.157637 0.170037 -0.182876 -0.307771 0.097085 -0.073993 0.231245 -0.052226 0.012412 -0.192284 -0.048763 -0.007300 -0.031288 -0.101043 -0.061860 -0.072028 0.084582 -0.068123 0.277296 -0.137386 -0.136730 -0.160469 0.077095 -0.075528 0.560406 0.386889 0.083018 -0.246463 0.220207 -0.047263 0.434416 0.440617 0.046026 -0.310945 -0.285974 -0.495941 0.080580 0.070044 0.027645 -0.178808 0.173372 0.133630 0.043000 -0.037856 0.084673 0.073257 0.230621 0.329839 0.360813 0.418760 0.266470 0.399351 0.130275 0.192217 0.211247 0.212448 -0.053975 -0.048850 -0.226780 -0.289349 -0.262696 -0.302815 0.003214 -0.046129 0.248268 -0.100557 0.104255 0.072089 0.009160 -0.103885 -0.037513 -0.161680 -0.289816 -0.234658 0.019195 -0.007485 0.009685 -0.077337 -0.061076 0.027736 -0.018710 -0.103894 -0.244530 -0.038928
0.352693 1.000000 0.069350 0.447760 -0.377065 -0.244224 -0.037010 0.239758 -0.363104 -0.392119 0.002743 0.417209 0.114743 0.193802 0.077729 0.154901 0.179660 -0.101581 0.249548 0.246469 -0.160926 -0.147666 -0.122674 0.155382 -0.241038 -0.097259 -0.115231 0.099610 0.269881 0.259614 -0.204567 -0.242152 -0.009643 0.197493 0.071038 -0.188773 0.132390 0.085751 0.180166 -0.254637 0.128321 -0.139455 -0.395775 -0.184606 -0.378590 -0.305311 0.048850 -0.109445 -0.373010 -0.412037 0.140990 -0.249195 0.011780 -0.132524 0.177811 -0.163603 0.270503 0.438335 0.067758 0.200877 0.071384 0.282311 0.122013 0.311541 0.032219 0.113735 -0.235574 0.019353 0.338173 0.272542 -0.045675 -0.264211 0.018512 -0.017135 0.028759 0.020048 0.043699 0.110974 0.382004 0.195835 0.255382 0.154725 0.208937 0.276275 0.302610 0.155759 0.159655 0.218013 0.081286 -0.167095 -0.035532 -0.371889 -0.057326 -0.277426 -0.071836 0.007664 -0.012456 -0.093414 0.008176 -0.249261 0.009256 -0.404131 -0.150734 -0.392276 -0.304553 -0.330521 -0.011459 -0.095704 0.052586 0.026070 -0.176823 -0.281948 -0.290196 -0.251713 -0.333109 -0.239114
0.136230 0.069350 1.000000 0.345856 -0.233604 -0.240868 0.598280 0.497584 -0.156138 -0.330146 -0.171525 -0.292880 0.105629 -0.175587 0.092094 -0.358875 -0.062970 -0.355725 0.200685 -0.048512 0.014974 -0.022049 0.434246 0.015170 -0.067038 0.035837 -0.240073 -0.130733 0.259498 -0.263297 -0.034847 0.244762 0.082295 -0.007715 -0.027522 0.107318 0.049751 -0.268819 0.162455 -0.381792 0.006692 -0.106034 -0.056222 -0.203541 -0.103886 -0.050262 0.244458 -0.012402 -0.030070 -0.146563 0.139254 0.145045 0.194217 0.219356 0.153503 -0.019890 -0.051736 -0.173236 0.044192 -0.234360 0.188742 -0.399846 0.042717 -0.049530 0.335228 -0.228544 -0.028921 -0.143069 0.012585 -0.195339 0.045622 -0.138286 -0.122830 -0.055320 0.004351 -0.185057 0.087561 0.047574 0.160784 -0.061045 -0.046718 -0.111731 0.158034 0.016600 -0.060681 -0.274746 0.161427 0.154316 -0.182367 -0.308286 -0.093070 0.165615 -0.162713 0.013270 0.202801 0.132646 0.261873 -0.031457 0.060904 0.094582 0.005328 0.024078 0.132900 0.150612 -0.023406 0.032851 0.028984 0.022651 0.243178 -0.005510 0.127717 0.154515 0.064383 0.108213 0.024690 0.066759
-0.032967 0.447760 0.345856 1.000000 -0.520354 -0.409578 0.335785 0.526485 -0.492130 -0.518021 0.026351 0.353664 0.192715 0.229347 0.165784 0.066249 0.130899 -0.274464 0.005643 0.104417 -0.270733 -0.216440 0.248672 0.560565 -0.303430 -0.249523 -0.309587 -0.014575 0.362857 0.100411 -0.319931 0.010493 -0.145598 0.263365 -0.068113 0.011150 0.191874 0.113726 0.316549 -0.139281 0.365678 -0.167138 -0.350228 -0.326274 -0.353008 -0.159834 0.265605 -0.109428 -0.218443 -0.396981 0.254821 -0.119290 0.095778 0.024836 0.323133 -0.062639 -0.036800 -0.079525 0.013874 -0.098425 0.175517 0.023335 0.035490 0.144147 0.319246 0.267035 -0.274124 0.045724 -0.042880 -0.250617 0.027037 -0.219724 -0.029127 0.039594 0.032286 -0.155424 -0.006095 0.004151 0.438279 0.156634 0.087071 -0.014008 0.328621 0.234107 0.222104 -0.222214 0.241103 0.208664 0.105123 -0.271680 -0.110171 -0.152239 0.034821 -0.083986 0.181669 0.183838 0.173954 0.040605 -0.011376 -0.116662 -0.109778 -0.103947 -0.064349 -0.056586 -0.186346 -0.133141 0.145331 0.012654 0.208366 0.102813 -0.290311 0.075533 0.071147 0.070065 -0.102239 0.007463
-0.391090 -0.377065 -0.233604 -0.520354 1.000000 0.567372 -0.352645 -0.277428 0.735492 0.839448 0.039136 -0.151712 -0.113393 0.095280 0.023590 0.058524 -0.466484 0.068019 -0.088673 -0.009631 0.239417 0.128019 0.066443 -0.144821 0.623222 0.391218 0.558346 0.320342 -0.558674 -0.447963 0.343057 0.043874 -0.011981 -0.384778 0.093178 0.077991 -0.352183 -0.064376 -0.550969 0.098552 -0.148405 0.158280 0.268132 0.096054 0.163334 -0.068760 -0.090264 0.123578 0.151274 0.199472 -0.279383 0.189093 0.048186 0.156558 -0.400076 -0.026521 -0.387981 -0.086837 0.003847 0.222932 -0.340196 0.019248 -0.363730 -0.420173 -0.347224 0.048342 0.289177 0.211332 0.072776 0.314438 -0.128844 0.109750 -0.146456 -0.132632 -0.058577 -0.074625 -0.190368 -0.126386 -0.594862 -0.363202 -0.417372 -0.290622 -0.316629 -0.402075 -0.117685 0.092980 -0.218311 -0.204972 0.069097 0.170471 0.384722 0.279195 0.169259 0.236495 -0.200607 -0.280664 -0.293597 0.055700 -0.149055 0.019672 -0.031851 -0.039631 -0.153751 -0.069203 0.148063 0.167171 -0.104877 -0.158637 -0.137458 -0.082730 0.077568 -0.136195 -0.138395 -0.004804 0.242724 0.026462
-0.321387 -0.244224 -0.240868 -0.409578 0.567372 1.000000 -0.139119 0.086243 0.276505 0.756194 0.188488 -0.136963 -0.110082 0.437211 -0.548453 0.145286 -0.525283 -0.038597 -0.105305 -0.018112 0.422867 0.569995 0.386832 0.081314 0.881103 0.815885 0.798291 0.613835 -0.603623 -0.481648 0.738943 0.495041 -0.095986 -0.327119 -0.009843 0.031855 -0.554042 -0.283586 -0.603507 0.107389 -0.396967 0.091591 0.190150 0.155721 0.371919 0.128788 -0.389937 -0.153822 -0.057829 0.249529 -0.693916 0.156806 -0.269252 -0.031647 -0.689873 -0.025673 -0.537766 -0.141130 -0.095917 0.075351 -0.402067 -0.000372 -0.536791 -0.538722 -0.328533 0.159224 0.403681 0.272809 0.127030 0.214756 -0.189175 0.488659 -0.180825 -0.380137 0.011566 -0.029345 -0.399026 -0.354761 -0.580007 -0.506092 -0.445929 -0.379300 -0.528298 -0.504182 -0.231505 0.143174 -0.323863 -0.084997 -0.135539 0.241200 0.216225 0.142340 0.184854 0.236582 -0.303311 -0.117689 -0.354449 -0.170626 -0.056050 -0.230026 0.129341 -0.024286 0.047228 0.033315 0.277682 0.287632 0.042216 -0.035070 -0.351169 -0.000181 0.070678 -0.207288 -0.108238 0.091342 0.291251 0.200039
0.075953 -0.037010 0.598280 0.335785 -0.352645 -0.139119 1.000000 0.528098 -0.259931 -0.317863 0.084623 -0.120745 0.390149 0.166309 0.064792 -0.154920 0.047230 -0.309207 -0.037082 -0.030129 0.001304 0.041385 0.367686 0.176708 -0.101896 -0.052676 -0.216545 -0.127675 0.135586 -0.173672 0.048084 0.309889 -0.106322 -0.014535 -0.172308 0.027681 -0.012134 -0.269970 0.048874 -0.158865 0.094620 -0.176788 -0.031663 -0.175603 -0.016377 0.076129 0.096534 -0.123778 -0.031537 -0.069259 -0.093059 0.064158 0.026647 0.077167 -0.000710 0.082102 -0.251820 -0.420793 0.085781 -0.369379 0.272766 -0.274739 0.000145 -0.117442 0.420849 -0.015962 -0.026270 -0.154265 -0.170781 -0.356989 0.191534 0.019971 0.055682 -0.021917 0.121778 -0.142960 0.088682 0.006025 0.037786 -0.205231 -0.104696 -0.146458 0.103420 0.023506 -0.163290 -0.325855 0.164162 0.171017 -0.341680 -0.079015 -0.015687 0.103073 -0.019193 0.135298 -0.024605 0.268478 0.083564 -0.064772 0.147430 0.051363 0.172476 0.193516 0.317990 0.260232 0.127852 0.170706 0.096096 0.156992 0.204113 0.113966 -0.018775 0.250630 0.234180 0.273820 0.112552 0.232382
-0.092544 0.239758 0.497584 0.526485 -0.277428 0.086243 0.528098 1.000000 -0.291530 -0.165580 0.293204 0.249279 0.324896 0.551103 -0.113679 0.069400 -0.225818 -0.399641 0.038191 0.138169 -0.007057 0.062649 0.375937 0.424672 0.122495 0.167935 0.037845 0.084887 0.069270 -0.234014 0.215453 0.442151 -0.264014 -0.101205 -0.217268 -0.066718 -0.059831 -0.204014 -0.085497 -0.240258 0.075123 -0.161723 -0.267252 -0.348723 -0.225856 -0.237662 -0.001476 -0.197879 -0.387149 -0.361725 -0.321178 -0.011026 -0.007009 0.109904 -0.057676 -0.168750 -0.401268 -0.470037 0.133347 -0.049773 0.228719 0.025121 -0.224253 -0.309686 0.205308 0.359468 -0.075267 0.017515 -0.208611 -0.305852 0.055413 0.090003 -0.049670 -0.052897 0.261929 -0.063466 0.014548 -0.042135 -0.021615 -0.374269 -0.336676 -0.421095 -0.093607 -0.200167 -0.244844 -0.378740 0.095585 0.177200 -0.176695 -0.169028 0.085323 0.115572 0.182612 0.255278 -0.011653 0.388190 -0.010842 -0.022618 0.018130 -0.072344 0.294146 0.158534 0.271755 0.203595 0.224782 0.258349 0.014777 -0.019984 0.022367 0.250733 -0.115261 0.146358 0.156902 0.177580 0.189942 0.285787
-0.250775 -0.363104 -0.156138 -0.492130 0.735492 0.276505 -0.259931 -0.291530 1.000000 0.685212 0.134387 -0.157494 0.057379 -0.060155 0.181002 0.004680 -0.328143 0.159204 -0.061645 0.009878 -0.001826 -0.203388 -0.197198 -0.245106 0.274221 0.058903 0.068373 -0.138379 -0.308174 -0.135581 0.116045 -0.109913 0.019804 -0.319564 0.037155 0.114450 -0.115548 -0.071095 -0.377515 0.038117 0.027107 0.147790 0.255233 0.129531 0.146780 -0.159289 -0.000180 0.124483 0.254276 0.176607 0.036257 -0.016067 0.108829 0.031132 -0.213386 0.027136 -0.247303 -0.089184 -0.012152 0.035360 -0.121894 -0.067467 -0.060279 -0.216682 -0.244081 -0.111081 0.049769 -0.037898 -0.017633 0.208223 -0.007318 -0.069153 -0.023419 0.109562 -0.035919 0.086655 -0.066280 0.160781 -0.466181 -0.238519 -0.306987 -0.112599 -0.082646 -0.156818 -0.142603 -0.024240 0.045396 -0.142957 0.172062 0.156596 0.277561 0.258542 0.117673 0.259860 -0.125109 -0.143370 -0.229296 0.146847 -0.214788 0.172352 -0.023248 0.080978 -0.129453 -0.013637 0.109762 0.221262 -0.242417 -0.271744 -0.023566 -0.073148 -0.019867 -0.012180 -0.013122 -0.051207 0.143563 -0.058377
-0.395280 -0.392119 -0.330146 -0.518021 0.839448 0.756194 -0.317863 -0.165580 0.685212 1.000000 0.104955 -0.100658 -0.121865 0.251955 -0.206038 0.116673 -0.529804 0.094698 -0.183285 -0.062953 0.246325 0.183388 0.105228 -0.083011 0.707275 0.476919 0.547975 0.314408 -0.614067 -0.384802 0.461315 0.140031 0.005401 -0.350063 0.078397 0.073142 -0.428469 -0.099561 -0.565727 0.169157 -0.171371 0.171969 0.229178 0.106376 0.242442 -0.078492 -0.204855 0.045733 0.014637 0.209984 -0.426110 0.089134 -0.059314 0.049031 -0.505912 -0.027530 -0.460938 -0.149849 -0.068919 0.139344 -0.355081 0.046804 -0.440362 -0.508361 -0.355021 0.182806 0.321121 0.215798 0.108187 0.299536 -0.156334 0.202300 -0.123223 -0.151727 -0.010588 -0.017520 -0.239031 -0.164097 -0.634144 -0.437555 -0.456885 -0.327398 -0.436113 -0.459004 -0.164802 0.123522 -0.167795 -0.146752 0.145748 0.209894 0.321124 0.312231 0.283171 0.285714 -0.269058 -0.188865 -0.354414 -0.058490 -0.115650 -0.073089 0.013864 -0.071084 -0.098339 -0.096776 0.190939 0.264475 -0.043358 -0.247647 -0.202897 -0.071638 0.029191 -0.184209 -0.138630 -0.040861 0.257863 0.074210
0.009505 0.002743 -0.171525 0.026351 0.039136 0.188488 0.084623 0.293204 0.134387 0.104955 1.000000 0.413274 0.579191 0.548039 0.094639 0.296084 0.004811 -0.064706 0.107913 0.174083 0.049690 -0.093141 -0.051978 0.255535 0.100377 0.059455 0.062808 0.024630 0.030969 -0.080825 0.262761 0.208668 -0.246568 0.054309 -0.245295 -0.155161 -0.127674 0.055279 -0.285885 -0.033997 0.090293 -0.315553 -0.017086 -0.079367 -0.140039 -0.261380 -0.242321 -0.099611 -0.121497 -0.183916 -0.298442 0.017354 -0.028803 -0.046255 -0.194286 -0.216043 -0.287366 -0.365631 0.183309 -0.035745 0.155354 0.313408 0.007827 -0.153240 -0.318633 0.298255 -0.184033 -0.155171 -0.144226 -0.217088 0.035168 0.121067 0.168066 0.095706 0.290121 0.156348 0.055389 0.176452 -0.337578 -0.353056 -0.334354 -0.325637 0.064171 -0.110522 -0.287671 -0.182759 0.003515 0.000192 0.002111 0.137491 0.068171 -0.011387 0.107452 0.113360 -0.211582 0.243777 -0.249584 0.048561 -0.014993 0.105893 0.172257 0.083362 0.027488 -0.000242 0.110293 0.191476 -0.151586 -0.110300 0.028916 0.211711 -0.192930 0.207438 0.257186 0.122524 0.155707 0.162067
0.027168 0.417209 -0.292880 0.353664 -0.151712 -0.136963 -0.120745 0.249279 -0.157494 -0.100658 0.413274 1.000000 0.277584 0.581260 0.297191 0.453075 0.017931 -0.017962 -0.084293 0.141865 -0.223841 -0.275816 -0.212930 0.503941 -0.199546 -0.249761 -0.100001 -0.020838 -0.034213 0.204522 -0.242138 -0.234672 -0.228951 0.160067 -0.079100 -0.206876 -0.042488 0.149314 0.013327 0.133683 0.224311 -0.189411 -0.393760 -0.388180 -0.537872 -0.441102 -0.048516 -0.060326 -0.362035 -0.467010 -0.018430 -0.170268 0.081245 -0.003283 0.153767 -0.283973 -0.087513 -0.191366 0.323353 0.205887 0.238265 0.600501 0.053334 0.143648 0.046344 0.537685 -0.223119 0.061497 -0.181348 -0.114360 -0.064755 -0.190511 -0.152270 0.099313 0.055241 0.033583 0.003462 0.059533 0.111486 -0.057601 -0.050770 -0.091812 0.100992 0.055999 0.215533 -0.014396 0.058945 -0.043006 0.186218 -0.035812 0.191092 -0.042770 0.275059 0.057276 -0.044607 0.137203 -0.108156 0.074582 -0.033691 -0.119729 0.134850 -0.102711 -0.051201 -0.183112 -0.030870 -0.081109 -0.013821 -0.155259 -0.023123 0.120247 -0.223956 0.064314 0.106065 0.000708 -0.096412 -0.080250
0.107848 0.114743 0.105629 0.192715 -0.113393 -0.110082 0.390149 0.324896 0.057379 -0.121865 0.579191 0.277584 1.000000 0.390574 0.354274 0.284069 0.163201 -0.079744 0.016199 -0.041427 -0.064644 -0.187227 -0.215106 0.200346 -0.195139 -0.214728 -0.235292 -0.128889 0.215311 0.028551 -0.128795 0.089404 -0.112411 0.222265 -0.276484 -0.103294 0.105411 -0.089311 -0.029195 -0.019937 0.370710 -0.253806 -0.160936 -0.127693 -0.244660 -0.180160 0.028210 -0.082639 -0.215301 -0.386674 -0.044502 -0.343821 -0.045209 -0.137969 0.001055 -0.168279 -0.110886 -0.207078 0.068603 -0.008258 0.378762 0.221877 0.236176 0.072371 0.035389 0.238177 -0.292822 -0.227595 -0.153212 -0.154430 0.330522 -0.065276 0.217093 0.224736 0.261571 0.121446 0.273513 0.330075 -0.039956 -0.163545 -0.123227 -0.125572 0.314825 0.143440 -0.163367 -0.150875 0.134152 0.254218 -0.139079 0.166799 0.050493 -0.150470 0.006285 0.035276 0.011655 0.072696 -0.124662 0.054783 -0.018280 0.026164 0.108176 0.058103 -0.106286 -0.046601 -0.122966 -0.057731 0.011911 -0.070504 0.252444 0.019970 -0.106135 0.201772 0.245936 0.150403 -0.049170 0.020147
-0.273921 0.193802 -0.175587 0.229347 0.095280 0.437211 0.166309 0.551103 -0.060155 0.251955 0.548039 0.581260 0.390574 1.000000 -0.046432 0.519363 -0.215740 -0.127014 -0.105666 0.091832 0.008500 0.094874 0.217990 0.566253 0.314015 0.261980 0.298694 0.338782 -0.246289 -0.200817 0.347777 0.328981 -0.219413 0.007486 -0.115295 -0.044352 -0.396827 -0.086104 -0.421639 0.044539 0.009371 -0.174489 -0.244348 -0.228463 -0.209071 -0.224662 -0.279211 -0.273072 -0.412250 -0.288457 -0.519853 -0.098086 -0.161116 -0.113159 -0.335691 -0.181850 -0.553844 -0.438507 0.139549 0.087963 0.054068 0.444751 -0.275729 -0.302140 -0.089916 0.681015 0.051657 0.209103 -0.140528 -0.115239 -0.099665 0.159892 -0.090558 -0.140596 0.180312 -0.032603 -0.116431 -0.085082 -0.301554 -0.469177 -0.390112 -0.487674 -0.140319 -0.299053 -0.063204 -0.112920 -0.031376 0.083168 -0.047456 0.125134 0.209382 -0.012459 0.372311 0.278530 -0.264798 0.174264 -0.317482 0.009053 -0.084061 -0.243190 0.202449 -0.032973 0.092796 -0.016331 0.182183 0.188807 -0.027322 -0.142848 -0.166523 0.096355 -0.139909 -0.014057 0.039265 0.127696 0.183316 0.113397
0.051431 0.077729 0.092094 0.165784 0.023590 -0.548453 0.064792 -0.113679 0.181002 -0.206038 0.094639 0.297191 0.354274 -0.046432 1.000000 0.166129 0.252574 -0.023365 -0.010015 -0.045879 -0.231134 -0.435376 -0.399974 0.048160 -0.529398 -0.596267 -0.474893 -0.335938 0.302661 0.150050 -0.589781 -0.480364 0.017813 0.076682 -0.146120 -0.071501 0.132094 0.216863 0.207156 -0.060848 0.397020 -0.158840 -0.139470 -0.266468 -0.544106 -0.396797 0.366184 0.196713 -0.100394 -0.370231 0.389299 -0.166341 0.326745 0.162060 0.406168 -0.066083 0.183308 -0.079671 0.168625 0.111029 0.292262 0.206000 0.357672 0.304367 0.084108 0.019033 -0.377893 -0.157382 -0.242959 -0.087726 0.303778 -0.366036 -0.023081 0.324655 -0.071449 0.044434 0.311438 0.302992 0.101697 0.105635 0.134217 0.041929 0.557667 0.246522 0.204316 -0.105853 0.252088 -0.011491 0.200462 0.052836 0.199944 0.121231 0.052396 -0.046020 0.175066 -0.062973 0.162983 0.165675 0.027199 0.151255 -0.031312 -0.098564 -0.066222 -0.188882 -0.302802 -0.287404 -0.029737 -0.218823 0.245249 -0.183912 -0.108336 0.126356 0.049183 -0.105246 -0.284730 -0.244587
-0.075914 0.154901 -0.358875 0.066249 0.058524 0.145286 -0.154920 0.069400 0.004680 0.116673 0.296084 0.453075 0.284069 0.519363 0.166129 1.000000 0.074961 -0.053041 0.031814 -0.120874 0.064971 0.193481 -0.194384 0.232366 -0.031463 -0.051135 0.092537 0.164283 0.048793 0.177652 0.006293 0.004475 -0.051254 0.045373 -0.313757 -0.330615 -0.203939 -0.043829 -0.066889 0.102525 0.069670 0.120839 -0.195215 -0.039394 -0.133770 0.004770 -0.239989 -0.275640 -0.188573 -0.158088 -0.080366 -0.213545 -0.253849 -0.318317 -0.097709 -0.115440 -0.028465 -0.183148 0.135452 0.038673 0.110965 0.405113 0.180287 0.072416 -0.196795 0.439595 -0.191023 0.020908 -0.008654 -0.105343 0.017836 0.156919 -0.047783 0.015363 0.038690 0.145065 -0.060415 0.044288 0.046767 -0.087370 0.030096 0.036514 0.220920 0.305566 0.189229 0.220240 -0.123547 0.091945 0.009246 0.209667 0.038408 -0.352358 0.051641 -0.090422 0.044898 0.028459 -0.186697 0.164235 -0.091282 -0.208183 -0.140615 -0.159537 0.006157 -0.146190 -0.008034 -0.183845 0.069089 -0.069350 -0.102164 -0.174450 -0.111924 -0.048810 -0.001250 -0.023311 -0.177585 -0.271802
0.227594 0.179660 -0.062970 0.130899 -0.466484 -0.525283 0.047230 -0.225818 -0.328143 -0.529804 0.004811 0.017931 0.163201 -0.215740 0.252574 0.074961 1.000000 0.304329 0.059141 -0.092351 -0.020704 -0.195594 -0.357319 -0.228627 -0.531755 -0.446757 -0.477250 -0.292625 0.601516 0.515857 -0.373627 -0.299237 0.272625 0.459452 -0.152948 -0.092747 0.433918 0.266836 0.416149 0.073320 0.159698 0.149189 -0.193361 -0.065172 -0.228262 -0.008006 0.055123 -0.154928 -0.110245 -0.247880 0.343613 -0.368939 0.001790 -0.258610 0.350562 -0.056797 0.563087 0.323863 -0.089905 0.003040 0.182955 0.184695 0.461752 0.502253 0.003208 -0.154992 -0.321576 -0.332943 0.155007 -0.086722 0.319484 -0.121905 0.446912 0.383770 0.121301 0.214154 0.322245 0.299039 0.551729 0.498885 0.668233 0.463482 0.372160 0.445604 0.141350 0.068190 0.040492 0.089837 0.007287 0.007529 -0.337745 -0.384092 -0.191222 -0.329353 0.202756 -0.042593 -0.008998 -0.069130 0.093219 0.034097 -0.112791 -0.082589 -0.028621 -0.066815 -0.242082 -0.288321 -0.044699 0.164592 0.197235 -0.125425 -0.031086 0.065350 0.063849 -0.071942 -0.320126 -0.232402
0.097802 -0.101581 -0.355725 -0.274464 0.068019 -0.038597 -0.309207 -0.399641 0.159204 0.094698 -0.064706 -0.017962 -0.079744 -0.127014 -0.023365 -0.053041 0.304329 1.000000 -0.015070 -0.023538 0.082769 -0.115979 -0.346948 -0.247322 -0.114209 -0.170609 -0.114332 -0.204760 0.078200 0.532975 -0.017278 -0.147091 0.094424 0.262057 -0.114507 -0.039771 0.164540 0.255458 -0.033904 0.167694 0.054122 0.153360 -0.099668 0.004931 0.071532 -0.015221 -0.329619 -0.143722 0.073729 -0.019627 0.017703 -0.371853 -0.126260 -0.289965 -0.068792 -0.122267 0.238583 0.373986 -0.210641 0.141266 0.110641 0.249825 0.234019 0.362838 -0.267111 -0.132367 -0.006216 -0.291960 0.031211 0.081175 0.123205 0.017707 0.399583 0.275430 0.017130 0.260802 0.061253 0.137998 0.041640 0.540224 0.400268 0.527087 0.032464 0.130253 0.070750 0.283809 -0.113573 -0.100555 0.215077 0.030264 -0.225507 -0.209494 -0.253935 -0.207963 -0.041587 -0.237846 -0.130402 -0.096105 -0.051550 0.149441 -0.318161 -0.060930 -0.130005 -0.123926 -0.039174 -0.136468 -0.000558 0.046813 0.027854 -0.204741 -0.024431 0.027675 0.028867 -0.086459 -0.065378 -0.077106
0.252752 0.249548 0.200685 0.005643 -0.088673 -0.105305 -0.037082 0.038191 -0.061645 -0.183285 0.107913 -0.084293 0.016199 -0.105666 -0.010015 0.031814 0.059141 -0.015070 1.000000 0.274077 0.080719 -0.034861 -0.051401 -0.259896 -0.097054 0.042134 -0.027606 -0.109830 0.264446 0.119902 0.138569 -0.007542 0.067003 -0.024376 -0.080716 -0.259100 -0.005737 0.089698 -0.158744 -0.213323 -0.177596 -0.015597 -0.133327 -0.057592 -0.038361 -0.151140 -0.049173 -0.065055 -0.028640 0.013371 -0.006746 -0.091731 -0.019991 -0.171037 -0.114292 -0.120199 0.163933 0.190802 -0.057835 0.077424 0.111391 -0.088834 0.256063 0.092411 -0.246210 -0.285147 -0.213187 -0.287986 0.213817 0.120524 0.008693 -0.010662 0.278677 0.012430 0.065074 0.134210 0.048107 0.209215 -0.001376 -0.053500 0.119387 0.075004 0.354569 0.151974 0.067014 0.132738 0.155775 0.335312 0.098180 -0.152288 -0.125609 -0.216913 -0.183300 -0.163497 -0.203137 -0.067354 -0.061262 -0.005861 -0.013341 0.045861 -0.009789 -0.023251 -0.047971 -0.092357 -0.099837 -0.106817 -0.276230 -0.204782 0.109979 0.034980 -0.118851 -0.207045 -0.156744 -0.089762 -0.044183 -0.103978
0.169128 0.246469 -0.048512 0.104417 -0.009631 -0.018112 -0.030129 0.138169 0.009878 -0.062953 0.174083 0.141865 -0.041427 0.091832 -0.045879 -0.120874 -0.092351 -0.023538 0.274077 1.000000 -0.088038 -0.158448 0.030049 0.276875 0.004727 0.064498 0.059711 -0.026992 -0.069428 -0.068845 0.134312 -0.015265 -0.167002 -0.190698 -0.011009 0.061010 0.019681 -0.007959 -0.159899 -0.282742 -0.055823 -0.215641 -0.246592 -0.178661 -0.199043 -0.285614 -0.288395 -0.176678 -0.038557 -0.091867 -0.239066 0.080360 -0.166670 -0.082465 -0.102149 -0.233216 -0.171498 0.139484 -0.124152 -0.067874 -0.151460 0.035193 -0.157475 -0.050047 -0.143598 0.019566 -0.090830 -0.173762 -0.002343 0.413306 -0.051944 -0.104926 0.027605 -0.041706 0.301278 0.016187 0.112389 0.038262 -0.156230 -0.214659 -0.262448 -0.239864 -0.069238 -0.045048 -0.134043 -0.308661 0.174673 -0.023682 -0.084722 -0.142003 0.228572 0.125500 0.272629 0.296065 -0.325468 0.084986 -0.041947 -0.067910 -0.230201 0.217134 0.367124 0.387031 0.091083 0.343506 0.287399 0.468667 -0.218396 -0.173217 -0.073922 0.536214 -0.063708 0.160914 0.124113 0.253555 0.396156 0.442685
-0.049740 -0.160926 0.014974 -0.270733 0.239417 0.422867 0.001304 -0.007057 -0.001826 0.246325 0.049690 -0.223841 -0.064644 0.008500 -0.231134 0.064971 -0.020704 0.082769 0.080719 -0.088038 1.000000 0.527425 0.204010 -0.137255 0.360365 0.386345 0.466052 0.349114 -0.121333 -0.147167 0.392959 0.344449 0.128997 -0.139437 -0.252890 -0.141006 -0.186862 -0.045981 -0.147744 0.173189 -0.111200 0.196843 -0.017804 -0.004791 0.234842 0.159864 -0.155939 -0.176139 -0.103060 0.058834 -0.410794 0.036867 -0.144081 -0.036735 -0.199376 -0.141526 -0.038541 0.052012 -0.162949 0.050466 -0.234473 -0.132403 -0.102333 -0.165072 -0.168039 -0.069904 0.045912 0.009093 0.121247 0.040882 0.082005 0.404386 0.062336 -0.097980 -0.064303 0.114976 -0.057495 -0.144078 -0.118247 -0.101778 -0.013862 0.059080 -0.244957 -0.130605 -0.164070 0.134156 -0.399607 -0.101087 -0.047333 0.089923 -0.068898 -0.064184 -0.147079 -0.128178 0.009827 -0.016709 -0.123605 -0.010071 0.068495 -0.034695 -0.030383 -0.050460 0.189306 0.060284 0.112666 -0.028128 0.248141 0.211795 -0.089205 -0.141132 0.128858 -0.025599 0.075503 -0.006223 0.010149 0.078446
-0.107243 -0.147666 -0.022049 -0.216440 0.128019 0.569995 0.041385 0.062649 -0.203388 0.183388 -0.093141 -0.275816 -0.187227 0.094874 -0.435376 0.193481 -0.195594 -0.115979 -0.034861 -0.158448 0.527425 1.000000 0.356121 -0.004017 0.526079 0.645644 0.624987 0.605580 -0.172071 -0.231725 0.530114 0.517238 0.028214 -0.223090 -0.179019 -0.075842 -0.348564 -0.266082 -0.096569 0.152241 -0.270812 0.137144 0.080150 0.148997 0.408239 0.423593 -0.237912 -0.202395 -0.022150 0.236053 -0.436751 0.211112 -0.390639 -0.071968 -0.336572 0.137156 -0.197716 -0.037145 -0.078861 0.054238 -0.361365 -0.098542 -0.245268 -0.308570 -0.177815 -0.067641 0.222215 0.155568 0.143974 -0.029049 -0.096381 0.600253 -0.054297 -0.354398 0.023787 -0.016412 -0.377485 -0.367960 -0.049852 -0.170774 -0.002878 -0.020458 -0.291608 -0.092664 -0.131862 0.163006 -0.500104 -0.111689 -0.292401 0.162906 -0.043638 -0.181729 -0.198206 -0.190175 0.140735 0.005962 0.067237 -0.027795 0.186551 -0.072055 -0.028044 -0.019338 0.132870 0.093132 0.227863 0.054839 0.284685 0.266794 -0.158003 -0.030455 0.168624 -0.014941 -0.002714 0.055335 0.008111 0.090007
-0.323315 -0.122674 0.434246 0.248672 0.066443 0.386832 0.367686 0.375937 -0.197198 0.105228 -0.051978 -0.212930 -0.215106 0.217990 -0.399974 -0.194384 -0.357319 -0.346948 -0.051401 0.030049 0.204010 0.356121 1.000000 0.382338 0.525771 0.579649 0.432872 0.486474 -0.277255 -0.520584 0.518327 0.587888 -0.174069 -0.199799 0.170053 0.192078 -0.320745 -0.296766 -0.155947 -0.125134 -0.292245 -0.091410 0.174397 0.009709 0.232197 0.228160 -0.063292 -0.123639 0.073680 0.205100 -0.361777 0.442752 -0.072365 0.200620 -0.243853 0.024244 -0.507051 -0.292875 -0.126088 -0.284161 -0.295954 -0.405126 -0.533315 -0.486347 0.099248 0.045775 0.361531 0.291629 0.036046 -0.108053 -0.248717 0.238231 -0.303144 -0.371075 -0.052179 -0.250579 -0.277977 -0.350529 -0.198904 -0.319518 -0.366772 -0.402575 -0.319705 -0.332230 -0.101084 -0.222387 -0.170852 -0.066178 -0.279464 -0.163633 0.127396 0.178069 0.096117 0.220736 -0.095479 0.026801 0.034024 -0.059561 0.010374 -0.218275 -0.017863 -0.003193 0.141295 0.189564 0.207371 0.284263 0.170820 0.056147 -0.099044 0.105254 0.073234 -0.026113 -0.006368 0.150260 0.288756 0.223680
-0.143753 0.155382 0.015170 0.560565 -0.144821 0.081314 0.176708 0.424672 -0.245106 -0.083011 0.255535 0.503941 0.200346 0.566253 0.048160 0.232366 -0.228627 -0.247322 -0.259896 0.276875 -0.137255 -0.004017 0.382338 1.000000 0.031107 0.060360 0.111118 0.220288 -0.154391 -0.201401 -0.022126 0.197235 -0.236342 0.112574 -0.061748 0.144057 -0.135836 -0.078513 0.029226 0.082494 0.240260 -0.247577 -0.232833 -0.241324 -0.296487 -0.138094 -0.019313 -0.104961 -0.149138 -0.291656 -0.148074 0.053065 -0.121751 0.005217 -0.008666 -0.054611 -0.431326 -0.335471 0.024754 -0.181956 0.081982 0.179859 -0.223005 -0.120070 0.208850 0.456578 -0.081432 0.180087 -0.321865 -0.134683 -0.184660 -0.012537 -0.372194 -0.166880 0.026227 -0.232361 -0.184663 -0.186508 -0.027349 -0.243316 -0.336562 -0.364387 0.008363 -0.141661 0.019222 -0.317729 0.053890 -0.080121 -0.010072 0.044146 0.158297 0.057981 0.345772 0.284419 -0.039796 0.186842 0.046379 0.082751 -0.090840 -0.108828 0.120510 0.108150 -0.065590 0.110875 0.042574 0.204579 0.138516 -0.174031 -0.175256 0.266054 -0.117418 0.228999 0.271707 0.240359 0.192123 0.256214
-0.366551 -0.241038 -0.067038 -0.303430 0.623222 0.881103 -0.101896 0.122495 0.274221 0.707275 0.100377 -0.199546 -0.195139 0.314015 -0.529398 -0.031463 -0.531755 -0.114209 -0.097054 0.004727 0.360365 0.526079 0.525771 0.031107 1.000000 0.883694 0.827436 0.661159 -0.559898 -0.563071 0.765555 0.484597 -0.107054 -0.434000 0.116472 0.039808 -0.543372 -0.193932 -0.588573 0.021474 -0.446041 0.085419 0.191377 0.074278 0.344807 0.054762 -0.292541 -0.123750 -0.028540 0.217647 -0.589969 0.309680 -0.134645 0.105463 -0.629724 -0.029531 -0.552582 -0.144738 -0.106884 0.090524 -0.477281 -0.095945 -0.613907 -0.618196 -0.301736 0.117049 0.447149 0.295723 0.225855 0.241122 -0.221177 0.365818 -0.163116 -0.387153 0.064740 -0.118952 -0.405187 -0.374515 -0.575295 -0.512504 -0.479575 -0.424332 -0.578931 -0.564646 -0.207324 0.067168 -0.349132 -0.078620 -0.181530 0.109814 0.227838 0.195615 0.092528 0.209546 -0.219128 -0.133827 -0.282322 -0.103837 -0.035720 -0.138192 0.074844 -0.004892 0.022916 0.079291 0.296195 0.295844 0.053713 0.030410 -0.257532 0.089512 0.043945 -0.220898 -0.173799 0.049760 0.269830 0.212042
-0.246947 -0.097259 0.035837 -0.249523 0.391218 0.815885 -0.052676 0.167935 0.058903 0.476919 0.059455 -0.249761 -0.214728 0.261980 -0.596267 -0.051135 -0.446757 -0.170609 0.042134 0.064498 0.386345 0.645644 0.579649 0.060360 0.883694 1.000000 0.797587 0.680666 -0.449688 -0.487033 0.761915 0.588617 -0.038649 -0.353130 0.104539 -0.010140 -0.463275 -0.266418 -0.491453 -0.084702 -0.487993 0.036567 0.106059 0.099951 0.370489 0.141026 -0.353527 -0.200420 -0.070679 0.201050 -0.594028 0.255547 -0.226777 -0.021595 -0.590037 0.024242 -0.459007 -0.034296 -0.121615 0.023635 -0.414637 -0.136251 -0.535846 -0.529431 -0.210237 0.024342 0.439596 0.282582 0.299775 0.247093 -0.214554 0.432452 -0.176768 -0.420036 0.003162 -0.063074 -0.423861 -0.374350 -0.433366 -0.473601 -0.387125 -0.377709 -0.510795 -0.476615 -0.142094 0.086025 -0.397663 -0.043553 -0.281906 0.056184 0.101694 0.018596 -0.017263 0.087214 -0.178974 -0.109380 -0.194245 -0.125961 -0.017344 -0.151315 0.114574 -0.027227 0.085939 0.114620 0.316911 0.261664 0.054990 0.037040 -0.226856 0.090924 0.117860 -0.221570 -0.208423 0.061280 0.215058 0.210887
-0.246880 -0.115231 -0.240073 -0.309587 0.558346 0.798291 -0.216545 0.037845 0.068373 0.547975 0.062808 -0.100001 -0.235292 0.298694 -0.474893 0.092537 -0.477250 -0.114332 -0.027606 0.059711 0.466052 0.624987 0.432872 0.111118 0.827436 0.797587 1.000000 0.761188 -0.546943 -0.483430 0.664061 0.396382 -0.118152 -0.408844 0.043580 -0.105861 -0.445694 -0.167387 -0.491610 0.104433 -0.409547 0.084256 0.166492 0.115445 0.288284 0.133847 -0.274684 -0.050958 -0.011775 0.187094 -0.610596 0.293199 -0.167339 0.062622 -0.569956 0.008121 -0.449383 -0.059831 -0.020967 0.186105 -0.460454 0.001145 -0.556197 -0.484092 -0.256971 0.106581 0.428937 0.355421 0.116953 0.170370 -0.154722 0.407729 -0.205701 -0.392556 -0.005144 -0.065554 -0.368362 -0.401700 -0.445439 -0.434814 -0.387261 -0.345096 -0.545899 -0.460969 -0.109469 0.172809 -0.436237 -0.109620 -0.198357 0.154598 0.193740 0.017864 0.096167 0.101000 -0.245601 -0.131133 -0.245567 -0.075145 0.068763 -0.178582 0.075206 -0.065443 0.045930 -0.028452 0.261514 0.170901 0.099920 0.034987 -0.348496 0.064580 0.124820 -0.222048 -0.170170 0.009776 0.197635 0.197691
-0.215591 0.099610 -0.130733 -0.014575 0.320342 0.613835 -0.127675 0.084887 -0.138379 0.314408 0.024630 -0.020838 -0.128889 0.338782 -0.335938 0.164283 -0.292625 -0.204760 -0.109830 -0.026992 0.349114 0.605580 0.486474 0.220288 0.661159 0.680666 0.761188 1.000000 -0.321395 -0.422075 0.434545 0.347230 -0.165984 -0.215188 0.129850 0.036927 -0.376322 -0.112351 -0.280310 0.076250 -0.205891 -0.039586 0.056376 0.033563 0.170004 0.161632 -0.104812 -0.143127 -0.171783 0.031022 -0.461492 0.223264 -0.151332 0.050031 -0.327252 -0.053010 -0.329252 0.032322 0.012717 0.170089 -0.522619 -0.011294 -0.534690 -0.397375 -0.151215 0.235503 0.371350 0.514478 0.244337 0.178119 -0.145282 0.301178 -0.208297 -0.394544 -0.048968 -0.160712 -0.349699 -0.484268 -0.207640 -0.296820 -0.221663 -0.281484 -0.323660 -0.273122 0.073788 0.097106 -0.421993 -0.104162 -0.170175 0.100061 0.186059 -0.143196 0.096003 -0.031390 -0.028345 -0.116633 0.006764 0.015021 0.072639 -0.268989 -0.049844 -0.203692 0.017260 -0.067125 0.113124 0.040932 0.195574 0.012992 -0.206501 -0.036618 0.055763 -0.255624 -0.234732 0.017617 0.103215 0.047085
0.343184 0.269881 0.259498 0.362857 -0.558674 -0.603623 0.135586 0.069270 -0.308174 -0.614067 0.030969 -0.034213 0.215311 -0.246289 0.302661 0.048793 0.601516 0.078200 0.264446 -0.069428 -0.121333 -0.172071 -0.277255 -0.154391 -0.559898 -0.449688 -0.546943 -0.321395 1.000000 0.507546 -0.370453 -0.126268 0.267011 0.424833 -0.214663 -0.102620 0.388092 0.271905 0.459143 -0.173335 0.267842 -0.005464 -0.263159 -0.170564 -0.204861 -0.113527 0.262541 -0.135952 -0.128235 -0.316516 0.377438 -0.363422 0.090581 -0.153495 0.446927 -0.016822 0.521700 0.196020 -0.176440 -0.112079 0.248617 -0.033411 0.580224 0.471776 -0.009903 -0.188201 -0.549450 -0.480248 -0.013390 -0.212596 0.359301 -0.155646 0.479958 0.413381 0.184534 0.215648 0.382217 0.300807 0.629296 0.436318 0.549619 0.362622 0.545213 0.582813 -0.006082 -0.087670 0.270843 0.201398 0.105667 -0.152790 -0.358722 -0.368882 -0.302054 -0.426055 0.407448 0.132097 0.262165 0.107674 0.235277 0.238419 -0.189750 -0.081550 -0.041523 -0.105713 -0.252306 -0.350496 -0.028735 0.020659 0.192502 -0.133569 -0.074687 0.108018 0.085682 -0.031447 -0.300463 -0.220891
0.392945 0.259614 -0.263297 0.100411 -0.447963 -0.481648 -0.173672 -0.234014 -0.135581 -0.384802 -0.080825 0.204522 0.028551 -0.200817 0.150050 0.177652 0.515857 0.532975 0.119902 -0.068845 -0.147167 -0.231725 -0.520584 -0.201401 -0.563071 -0.487033 -0.483430 -0.422075 0.507546 1.000000 -0.385516 -0.380190 0.172461 0.405445 -0.138163 -0.245912 0.450873 0.292488 0.374214 0.096764 0.214361 0.180804 -0.224011 -0.035097 -0.061709 -0.118940 -0.051773 -0.078044 -0.032643 -0.133512 0.384662 -0.511181 -0.200332 -0.382520 0.298785 -0.026656 0.620606 0.381936 -0.094239 -0.100794 0.287649 0.254536 0.602181 0.617890 -0.013579 -0.168397 -0.443695 -0.447345 -0.017337 -0.168079 0.153981 -0.225186 0.430249 0.468447 0.024236 0.308937 0.192932 0.254023 0.517264 0.682666 0.685557 0.668007 0.313512 0.493157 0.208886 0.224365 0.154069 0.046675 0.203987 -0.099010 -0.377172 -0.477578 -0.275516 -0.421604 0.135051 -0.104185 0.124760 0.075293 0.057791 0.033905 -0.194507 -0.146227 -0.054875 -0.215190 -0.256111 -0.406934 -0.148765 0.008959 0.090846 -0.225645 -0.229130 -0.139108 -0.056106 -0.222508 -0.382028 -0.387805
-0.287388 -0.204567 -0.034847 -0.319931 0.343057 0.738943 0.048084 0.215453 0.116045 0.461315 0.262761 -0.242138 -0.128795 0.347777 -0.589781 0.006293 -0.373627 -0.017278 0.138569 0.134312 0.392959 0.530114 0.518327 -0.022126 0.765555 0.761915 0.664061 0.434545 -0.370453 -0.385516 1.000000 0.732149 -0.073781 -0.286426 0.047301 0.049493 -0.455576 -0.214390 -0.600033 -0.073175 -0.437605 0.010859 0.155479 0.084966 0.468050 0.194260 -0.458739 -0.236552 0.051964 0.292242 -0.679893 0.286851 -0.286044 -0.025200 -0.633968 -0.068671 -0.494814 -0.218155 -0.138955 -0.036696 -0.351930 -0.136775 -0.453197 -0.572578 -0.367180 0.055911 0.401460 0.126894 0.132514 0.062234 -0.151613 0.506218 0.083168 -0.283060 0.215871 0.023487 -0.200916 -0.150551 -0.542280 -0.481860 -0.461446 -0.397913 -0.479633 -0.427206 -0.396328 -0.054896 -0.317745 -0.016161 -0.247357 -0.004524 0.063989 0.085980 -0.041661 0.165797 -0.301486 0.083094 -0.321116 -0.128506 -0.037944 -0.050206 0.092392 0.096360 0.178042 0.211663 0.447132 0.434431 0.029436 0.047445 -0.166930 0.196160 0.125265 -0.078470 -0.016950 0.154515 0.404896 0.276811
-0.317564 -0.242152 0.244762 0.010493 0.043874 0.495041 0.309889 0.442151 -0.109913 0.140031 0.208668 -0.234672 0.089404 0.328981 -0.480364 0.004475 -0.299237 -0.147091 -0.007542 -0.015265 0.344449 0.517238 0.587888 0.197235 0.484597 0.588617 0.396382 0.347230 -0.126268 -0.380190 0.732149 1.000000 -0.076370 -0.003231 -0.128439 0.134743 -0.329613 -0.396118 -0.346825 -0.127159 -0.173002 -0.096053 0.060895 0.045851 0.417684 0.348556 -0.260238 -0.272542 0.009907 0.151137 -0.546798 0.205607 -0.232024 0.027616 -0.423608 -0.076354 -0.468279 -0.338429 -0.154452 -0.166594 -0.103725 -0.262916 -0.286345 -0.431141 -0.071364 0.106872 0.261817 0.123817 -0.035882 -0.197476 -0.038487 0.522476 -0.020383 -0.276854 0.097661 -0.028009 -0.140430 -0.122935 -0.235844 -0.386469 -0.382410 -0.365396 -0.251875 -0.194249 -0.434113 -0.265216 -0.319784 0.027280 -0.308944 -0.010768 -0.085132 0.008785 -0.141174 0.083391 0.042212 0.214832 -0.117334 -0.091781 -0.044874 -0.021610 -0.026319 0.182040 0.216131 0.334746 0.413000 0.405158 0.181273 0.159891 -0.098275 0.154891 0.161091 0.230774 0.241202 0.350153 0.417423 0.371658
0.157637 -0.009643 0.082295 -0.145598 -0.011981 -0.095986 -0.106322 -0.264014 0.019804 0.005401 -0.246568 -0.228951 -0.112411 -0.219413 0.017813 -0.051254 0.272625 0.094424 0.067003 -0.167002 0.128997 0.028214 -0.174069 -0.236342 -0.107054 -0.038649 -0.118152 -0.165984 0.267011 0.172461 -0.073781 -0.076370 1.000000 0.324817 0.046871 0.092649 0.042910 0.029141 0.099885 0.064563 -0.036983 0.099044 -0.163447 -0.043236 0.039810 0.037526 -0.002188 -0.129690 -0.087342 -0.020119 0.065451 -0.132067 -0.089352 -0.275951 -0.013226 0.161779 0.319302 0.278157 -0.048444 0.092325 -0.004545 0.063817 0.278962 0.203663 0.006995 -0.129227 -0.039811 -0.186907 0.193479 0.091623 -0.086092 -0.151108 0.304830 0.113422 -0.007218 -0.082798 0.080664 -0.009249 0.232172 0.209357 0.321818 0.151725 0.124423 0.037360 -0.000031 0.147004 0.010988 0.079467 0.148509 -0.011395 -0.240621 -0.202679 -0.166402 -0.277587 0.271620 -0.122698 0.072187 0.050139 0.139248 0.040755 -0.156021 -0.164144 -0.060931 -0.065286 -0.073055 -0.207461 -0.060055 -0.070198 -0.015562 -0.195061 0.137762 -0.102397 -0.112026 0.010099 -0.224175 -0.220541
0.170037 0.197493 -0.007715 0.263365 -0.384778 -0.327119 -0.014535 -0.101205 -0.319564 -0.350063 0.054309 0.160067 0.222265 0.007486 0.076682 0.045373 0.459452 0.262057 -0.024376 -0.190698 -0.139437 -0.223090 -0.199799 0.112574 -0.434000 -0.353130 -0.408844 -0.215188 0.424833 0.405445 -0.286426 -0.003231 0.324817 1.000000 -0.029486 0.197902 0.209009 0.066660 0.244977 0.053348 0.307988 -0.052137 -0.228918 -0.067191 -0.095069 0.110232 0.063834 -0.153166 -0.133055 -0.202577 0.230308 -0.395634 -0.081374 -0.285403 0.183566 -0.069313 0.382563 0.301771 -0.117276 -0.052956 0.331157 0.248529 0.373248 0.481708 0.122126 0.155599 -0.168973 -0.102492 0.089663 -0.066367 -0.028945 -0.214616 0.266128 0.156925 0.013847 -0.029839 0.092473 0.086435 0.455709 0.474668 0.407703 0.293372 0.325114 0.289239 0.094537 0.066828 0.089327 0.099411 0.154508 0.059004 -0.378168 -0.411309 -0.093973 -0.377341 0.185539 -0.003180 0.009262 -0.067710 -0.003073 -0.025345 -0.299320 -0.241159 -0.204997 -0.249749 -0.332128 -0.274443 0.022122 0.032664 0.196668 -0.233424 -0.091264 0.068919 0.130422 0.028431 -0.122916 -0.193855
-0.182876 0.071038 -0.027522 -0.068113 0.093178 -0.009843 -0.172308 -0.217268 0.037155 0.078397 -0.245295 -0.079100 -0.276484 -0.115295 -0.146120 -0.313757 -0.152948 -0.114507 -0.080716 -0.011009 -0.252890 -0.179019 0.170053 -0.061748 0.116472 0.104539 0.043580 0.129850 -0.214663 -0.138163 0.047301 -0.128439 0.046871 -0.029486 1.000000 0.502710 -0.032158 0.175919 -0.055679 -0.039762 -0.120266 -0.114748 0.041260 0.086839 0.087604 0.034755 -0.006115 0.161533 0.038632 0.115103 0.069672 0.078602 0.060252 0.053913 0.044435 0.047237 -0.077457 0.070007 0.020941 -0.036119 -0.174994 -0.023646 -0.160687 -0.110644 0.201973 0.071491 0.333986 0.385051 0.184825 0.253697 -0.267237 -0.342060 -0.089990 -0.178587 -0.081608 -0.259576 0.089188 -0.020158 -0.077865 -0.075427 -0.141838 -0.179756 -0.115594 -0.302423 0.105210 -0.042582 0.056394 -0.045428 0.022642 -0.211902 0.071679 0.052732 0.153590 0.111384 -0.139067 -0.039199 0.028831 0.154495 -0.015229 -0.161539 -0.023186 -0.146000 -0.051564 -0.083941 0.017194 0.044341 -0.211162 -0.094691 0.115373 0.103678 0.238489 -0.314757 -0.323113 -0.196874 -0.025644 -0.270838
-0.307771 -0.188773 0.107318 0.011150 0.077991 0.031855 0.027681 -0.066718 0.114450 0.073142 -0.155161 -0.206876 -0.103294 -0.044352 -0.071501 -0.330615 -0.092747 -0.039771 -0.259100 0.061010 -0.141006 -0.075842 0.192078 0.144057 0.039808 -0.010140 -0.105861 0.036927 -0.102620 -0.245912 0.049493 0.134743 0.092649 0.197902 0.502710 1.000000 0.041689 0.067564 0.018901 -0.091355 0.180098 -0.092208 0.110915 0.079030 0.069575 0.169593 0.163848 0.061375 0.047539 0.096824 -0.050636 0.119666 0.074365 0.187497 0.104887 0.035105 -0.278288 -0.069561 -0.177659 -0.045112 -0.264590 -0.106698 -0.229451 -0.108785 0.064614 0.118023 0.198834 0.284056 -0.060165 0.120818 -0.079684 -0.131272 -0.040247 -0.045644 0.054043 -0.189168 0.106824 -0.042657 -0.069210 -0.084014 -0.208310 -0.276140 -0.072904 -0.271259 -0.268410 -0.420525 0.023102 -0.230970 0.000190 -0.121176 0.087115 0.222172 0.256832 0.211186 0.064332 -0.031794 0.051918 0.060518 -0.186718 -0.013948 0.009834 0.057977 -0.055726 0.124143 0.071447 0.273321 -0.070065 -0.095361 0.122818 0.058588 0.168673 0.039088 0.009238 0.093244 0.290171 0.043359
