1.000000 0.236561 -0.246076 -0.194556 -0.070025 -0.180621 -0.175611 -0.247949 -0.295616 -0.277738 0.274631 0.406485 0.136710 0.065901 -0.071982 0.273486 0.153381 0.177833 -0.128556 -0.138793 -0.093899 0.067836 -0.157062 -0.199942 -0.171691 -0.257227 0.022732 -0.065161 0.207829 0.070895 -0.118146 -0.242774 0.165645 0.089698 -0.225168 -0.052261 0.136105 -0.081464 -0.138073 -0.028142 -0.066181 -0.037648 -0.233658 -0.187889 -0.099384 -0.200268 -0.146435 -0.320295 0.099862 -0.009669 0.041796 0.060498 0.240199 -0.045071 0.081781 0.124495 0.453458 0.218985 0.350282 0.302703 0.057298 0.209327 -0.207435 0.093854 -0.340172 -0.006217 -0.061336 -0.305540 0.173801 0.072216 0.002648 0.013553 0.160346 0.194873 0.142144 0.152189 -0.004911 -0.000124 0.015227 0.023355 0.151698 0.134735 -0.037670 0.021370 -0.026036 0.113929 -0.080256 -0.035670 -0.067999 0.249349 0.059039 -0.018795 -0.164381 -0.157838 -0.257036 -0.111846 -0.150276 -0.143755 0.273023 0.117374 0.006662 0.007043 0.247463 -0.129831 -0.072601 -0.094322 -0.030903 0.046665 -0.109884 -0.145335 -0.198283 0.121846 -0.014058 -0.121262 -0.172424 0.009256
0.236561 1.000000 -0.382888 -0.285010 -0.092152 -0.151130 -0.348193 -0.014877 -0.059292 -0.349794 0.006582 0.287144 -0.074182 0.086495 0.008018 0.186936 0.008959 0.168292 -0.060934 -0.135207 -0.053778 -0.076020 -0.396305 -0.385731 -0.231257 -0.290661 0.057759 -0.084872 0.174172 0.175776 -0.044985 -0.097423 0.223796 0.382980 -0.419297 -0.180823 0.077354 -0.159502 -0.217583 -0.198881 -0.112508 -0.074522 0.040636 0.057949 -0.024223 -0.093375 0.136309 -0.105612 0.083234 0.292515 -0.037413 0.428464 0.185152 0.260301 -0.086645 0.254921 0.351641 0.558005 0.100295 0.412730 0.018303 0.329573 -0.072623 0.344620 -0.274625 -0.132614 -0.120884 -0.439755 0.195608 0.208140 -0.146315 -0.154911 0.065177 -0.062741 0.055319 0.169418 -0.259154 -0.106851 0.012556 -0.016130 0.318307 0.279783 0.094095 0.162253 0.074707 -0.120035 -0.089872 -0.071565 -0.375197 0.147228 -0.041392 -0.237830 -0.269491 -0.462779 -0.294779 -0.106842 -0.047361 -0.119398 0.207207 0.202696 0.154132 -0.068702 0.033237 -0.217535 -0.351089 -0.290664 -0.007269 0.007091 -0.021703 -0.349530 -0.404599 0.173768 0.020147 -0.140136 -0.312456 0.069811
-0.246076 -0.382888 1.000000 0.283684 -0.002759 -0.094591 0.629419 0.285349 0.284939 0.172222 0.123528 -0.147235 0.196192 -0.244996 0.073294 -0.197535 -0.084853 -0.166986 0.337137 0.027374 -0.041655 -0.033010 0.466304 0.273508 0.099448 0.169115 -0.247815 -0.035953 -0.300909 -0.249805 0.172510 0.161564 0.045115 -0.098541 0.224014 0.220789 -0.240165 -0.199080 -0.175394 -0.024161 -0.143259 -0.133499 0.041457 0.005085 0.051652 0.161670 -0.068411 0.035807 0.223989 0.034779 0.185992 -0.098652 -0.013842 -0.182179 -0.136929 -0.066788 -0.091219 -0.197683 0.111067 -0.165998 0.359286 -0.016488 0.187569 0.002911 0.475337 0.133342 0.149123 0.334604 -0.205217 -0.182653 0.080265 -0.090726 -0.188961 -0.141841 -0.034304 -0.124574 0.053920 -0.042094 -0.184330 -0.110201 -0.333794 -0.197041 -0.224560 -0.138562 -0.231322 -0.287318 -0.053449 -0.080366 0.242646 -0.022410 -0.135226 -0.179632 -0.063402 0.121170 -0.066365 -0.106722 0.067811 -0.186943 -0.134156 -0.229718 -0.082934 -0.146137 -0.006052 -0.147799 -0.139562 -0.280938 0.087285 -0.203671 -0.045106 0.053668 0.159135 -0.219291 -0.089858 -0.065770 -0.150942 -0.263963
-0.194556 -0.285010 0.283684 1.000000 -0.045112 0.099022 0.141710 0.496064 -0.023286 0.236479 0.111504 0.094795 0.157255 0.258738 0.031693 0.070386 0.103957 -0.099032 0.003079 0.414712 0.087487 -0.052580 0.566899 0.713344 0.226859 0.490112 0.218285 0.273040 -0.171462 0.026248 0.252323 0.411222 -0.128034 -0.162651 0.340277 0.057790 -0.073377 0.021674 0.020978 -0.034880 0.252546 0.164677 0.052999 0.114359 -0.327334 -0.145862 -0.119381 0.229569 -0.249398 -0.156578 -0.019205 -0.386024 -0.251921 -0.328623 -0.256990 -0.299173 -0.384443 -0.393757 -0.342626 -0.321821 -0.253209 0.001553 -0.240662 -0.399502 0.124959 0.314829 -0.125570 0.049439 -0.021278 -0.061664 0.128121 0.069658 -0.066976 0.068670 0.014928 -0.154014 0.272424 0.279500 -0.004619 0.033966 -0.290876 -0.129631 -0.001546 0.052201 0.303100 0.010021 -0.101171 0.193195 0.201045 -0.093273 -0.286293 -0.211979 0.129652 -0.031125 0.042831 0.110642 0.051776 -0.014660 -0.204220 -0.310042 -0.121010 -0.307397 -0.212833 -0.215057 0.121073 -0.167217 0.055961 -0.180105 0.143715 0.363490 0.337894 -0.199375 -0.107291 -0.032276 0.005026 -0.168756
-0.070025 -0.092152 -0.002759 -0.045112 1.000000 0.505347 0.029887 0.048415 0.258687 0.513459 -0.414981 -0.285066 -0.279639 -0.155365 -0.125408 0.106687 -0.266117 -0.385160 0.137058 -0.149147 0.043862 0.002028 -0.268050 -0.036733 0.109226 -0.021503 0.085869 0.068898 -0.249742 -0.339673 -0.330653 -0.290564 0.046202 -0.137175 -0.165887 0.037743 -0.089540 -0.098656 0.001163 -0.030038 0.000419 -0.093403 0.221622 0.215688 0.237312 0.394840 0.011506 0.230206 -0.023077 0.118310 -0.051115 0.116071 0.185573 -0.003679 0.128920 -0.193284 -0.292746 -0.219985 0.266538 0.093250 0.072506 0.042655 0.036937 0.005424 -0.002346 0.207611 0.115717 0.440072 0.033420 0.185900 -0.263859 -0.187301 -0.200114 -0.483495 -0.217032 -0.423747 -0.206264 -0.358724 0.125975 -0.091078 0.023333 -0.223679 0.179344 0.006776 -0.154633 0.105793 -0.116055 0.138572 -0.230984 -0.244975 0.278412 0.145533 0.184616 0.108019 -0.074208 -0.029827 -0.047320 0.015434 0.168242 0.028550 -0.044608 -0.064515 0.152739 0.119674 0.071834 0.195239 -0.025140 0.122649 -0.093688 -0.048953 0.060392 -0.013763 -0.013572 0.007385 0.147065 -0.080275
-0.180621 -0.151130 -0.094591 0.099022 0.505347 1.000000 -0.267145 -0.124820 -0.279807 0.488818 -0.386813 -0.346505 -0.360461 0.100902 -0.474221 -0.137334 -0.069167 -0.263865 -0.181039 -0.135955 -0.097432 0.137054 -0.016047 0.240183 0.448326 0.493856 0.539268 0.557628 -0.314979 -0.238113 -0.287389 -0.133232 -0.147957 -0.111012 0.125353 -0.063281 0.046812 0.286351 0.108080 0.164731 0.144859 -0.006678 0.233180 0.197903 0.011087 0.202878 -0.008393 0.285551 -0.005317 0.094625 0.296707 -0.024474 0.170704 -0.156707 0.277583 -0.059649 -0.412874 -0.282750 -0.040058 -0.084425 -0.244412 -0.105134 -0.352905 -0.355934 -0.070067 0.344929 0.105998 0.087336 0.042196 -0.072658 -0.229414 -0.126882 -0.273252 -0.201935 -0.218004 -0.406013 -0.069735 -0.080632 0.357754 0.097685 0.111518 -0.162877 0.173578 -0.024759 0.060880 0.280270 0.003245 0.439579 -0.008546 0.001404 0.005971 0.114033 0.339571 0.108796 -0.055499 0.085749 0.112484 0.114832 0.190963 0.066619 -0.081017 -0.011910 -0.080895 0.138622 0.237255 0.140435 0.122933 0.077052 0.006104 0.069303 0.072696 0.064242 0.061066 0.104385 0.064943 -0.194825
-0.175611 -0.348193 0.629419 0.141710 0.029887 -0.267145 1.000000 0.294746 0.478502 0.137076 0.279616 -0.064697 0.352879 -0.215323 0.406212 0.058475 -0.092385 -0.209908 0.357489 0.192787 0.115321 -0.071579 0.350425 0.114358 0.016033 -0.003584 -0.289850 -0.157368 -0.136654 -0.114915 0.315589 0.344861 0.086222 0.062287 0.145439 0.085882 -0.290952 -0.322551 -0.186144 -0.154883 -0.181307 0.060950 -0.019274 -0.047948 0.093053 0.107710 -0.196816 -0.171759 0.014890 0.048300 -0.048048 -0.000682 -0.175165 0.054501 -0.172767 -0.158737 -0.160061 -0.240425 0.017286 -0.193550 0.357266 -0.077337 0.468914 0.143889 0.566034 -0.031368 0.133338 0.226237 -0.390296 -0.185496 0.235681 0.106785 -0.063208 -0.099363 -0.010230 0.005086 0.130969 -0.103658 -0.197941 -0.209094 -0.152677 -0.123135 -0.283089 0.006281 -0.052781 -0.241128 -0.082547 -0.138140 0.173990 -0.086350 -0.134765 0.011047 -0.103162 0.077892 -0.015383 -0.213486 -0.096105 -0.146820 -0.290791 -0.169889 0.010048 -0.251032 -0.012734 -0.186698 -0.232771 -0.224996 -0.059340 -0.157609 -0.155712 -0.139369 -0.006880 -0.176988 -0.185670 -0.014320 -0.128444 -0.188585
-0.247949 -0.014877 0.285349 0.496064 0.048415 -0.124820 0.294746 1.000000 0.259853 0.186928 0.088718 0.209159 0.297202 0.150939 0.329358 0.295090 -0.173838 -0.055263 0.223758 0.156851 0.172786 0.108138 0.087881 0.126338 -0.096607 -0.051526 -0.124441 -0.124773 -0.066333 0.112567 0.231427 0.336518 0.063434 0.170394 0.111676 0.027492 -0.243936 -0.292252 -0.050344 -0.134623 0.021983 0.114168 -0.083316 -0.109284 -0.084216 0.070984 -0.132883 -0.050445 -0.125011 0.101284 -0.224238 -0.010035 -0.187714 0.108200 -0.271562 -0.188152 -0.267027 -0.088653 -0.137240 -0.003318 0.096017 0.410138 0.146406 0.103538 0.146688 0.186656 -0.096833 0.150830 -0.139638 -0.050566 0.005031 0.072915 -0.067739 -0.111189 -0.009087 -0.335867 0.004838 -0.066762 -0.297229 -0.053431 -0.071579 -0.099468 -0.201734 0.197824 0.091752 -0.375053 -0.129775 -0.078041 0.033800 -0.280501 -0.072499 -0.148426 0.004397 -0.148725 -0.012991 -0.090781 -0.130128 -0.071614 -0.152888 -0.251951 0.005519 -0.265053 -0.048902 -0.279637 -0.262972 -0.245490 -0.162702 -0.315436 -0.025683 -0.106909 -0.083501 -0.202643 -0.246151 -0.167240 -0.069495 -0.108105
-0.295616 -0.059292 0.284939 -0.023286 0.258687 -0.279807 0.478502 0.259853 1.000000 0.102702 -0.025041 -0.096849 0.188093 -0.284227 0.405570 0.201648 -0.178460 -0.182999 0.479438 0.209849 0.154970 -0.009331 -0.030125 -0.201270 -0.179516 -0.338046 -0.458513 -0.344700 0.015642 -0.011698 0.220330 0.148136 0.260710 0.065939 -0.176063 0.144356 -0.177925 -0.381445 -0.049649 -0.112782 -0.007514 0.155803 0.066734 -0.007123 0.207573 0.245884 -0.006192 -0.075666 -0.098606 -0.009736 -0.372290 0.001634 -0.228145 0.130996 -0.269783 -0.182216 -0.068102 -0.095349 0.030149 -0.007319 0.287756 0.097556 0.508953 0.309611 0.314933 -0.273604 0.090744 0.320959 -0.093256 0.071242 0.130807 0.012839 0.084324 -0.107806 -0.042168 0.002609 -0.050026 -0.026777 -0.252920 -0.297073 -0.082321 -0.147368 -0.155066 0.168917 -0.210696 -0.327740 -0.058744 -0.320356 0.039133 -0.226104 0.060092 0.106141 -0.253336 0.022568 0.102517 -0.159467 -0.090887 -0.091014 -0.318731 -0.182642 -0.012299 -0.101703 0.091071 -0.067768 -0.275963 -0.024338 -0.113241 -0.185952 -0.068898 -0.151474 0.008894 -0.184217 -0.054457 -0.145179 -0.054439 0.041461
-0.277738 -0.349794 0.172222 0.236479 0.513459 0.488818 0.137076 0.186928 0.102702 1.000000 -0.246451 -0.275274 -0.231207 -0.065943 -0.183202 -0.011161 -0.228995 -0.443195 0.041671 -0.164054 0.033547 -0.106406 0.001015 0.293321 0.226755 0.244225 0.187085 0.168281 -0.342381 -0.382560 -0.231308 -0.149235 -0.124676 -0.282277 0.159129 0.017795 -0.122148 0.040305 -0.134016 -0.023910 0.067868 -0.016524 0.216332 0.172987 0.094469 0.298765 0.011062 0.285539 0.133369 0.153033 0.164301 0.000599 0.172778 -0.191197 0.146789 -0.277810 -0.485125 -0.449592 0.167765 0.032876 0.033627 -0.030521 -0.115550 -0.159305 0.147769 0.366644 0.319473 0.504737 -0.104990 -0.006761 -0.195348 -0.142246 -0.404935 -0.208873 -0.273947 -0.517738 -0.029075 -0.273322 0.144014 -0.019589 -0.072795 -0.247473 0.006564 -0.062748 -0.053714 0.100429 -0.205507 0.340625 -0.152479 -0.192456 0.045082 0.121276 0.392896 0.285038 0.134766 -0.051687 -0.061665 0.058835 -0.082471 -0.272354 0.108709 0.003531 -0.110290 0.112918 0.139734 0.137959 -0.095267 -0.165941 -0.181166 0.095877 0.185582 -0.112407 -0.032835 -0.050758 0.209901 -0.159471
0.274631 0.006582 0.123528 0.111504 -0.414981 -0.386813 0.279616 0.088718 -0.025041 -0.246451 1.000000 0.448107 0.649935 0.200432 0.339346 0.245993 0.111857 0.253045 -0.147854 0.180346 -0.221152 0.030665 0.146899 0.074463 -0.045575 -0.077352 -0.192459 -0.089528 0.072589 0.060666 0.195455 0.191334 0.049451 0.090312 0.007642 -0.063785 -0.201428 -0.142191 -0.076719 0.033975 0.045378 0.149854 -0.059553 -0.147256 -0.164281 -0.234265 -0.112588 -0.292783 0.023697 -0.046519 -0.080735 -0.175742 -0.068441 -0.021050 -0.166804 -0.188799 0.209682 0.070362 0.067683 0.049658 0.182099 0.115836 0.103730 0.087505 0.048102 -0.150410 -0.093544 -0.192065 -0.187660 -0.047615 0.226263 0.162761 -0.053988 0.140414 0.010239 0.217648 0.089989 0.219478 -0.231955 -0.066617 -0.077312 0.033496 -0.190956 0.109240 0.045684 -0.140489 -0.008119 -0.004438 0.100813 0.002887 -0.015429 0.018869 -0.032334 0.009034 -0.071296 -0.173379 -0.010003 -0.088683 -0.261489 -0.053646 0.153220 -0.149513 0.142362 -0.289494 -0.137616 -0.163086 0.013824 0.066019 -0.009701 -0.084011 -0.084727 -0.065509 -0.088924 -0.052482 -0.188967 0.016287
0.406485 0.287144 -0.147235 0.094795 -0.285066 -0.346505 -0.064697 0.209159 -0.096849 -0.275274 0.448107 1.000000 0.368229 0.460829 0.232638 0.361176 0.119893 0.375426 -0.059589 0.091223 -0.034282 0.133561 -0.076025 -0.018079 -0.229067 -0.210046 -0.042662 -0.034662 0.238670 0.212057 0.067310 0.050820 0.046005 0.026463 -0.163404 -0.122388 -0.171329 -0.287993 -0.161364 -0.011405 -0.052927 0.037186 -0.189685 -0.197219 -0.138552 -0.274670 -0.061283 -0.407446 0.112326 0.045390 -0.068612 0.147466 0.111219 0.207846 -0.059970 0.003435 0.251637 0.323691 0.094538 0.304461 0.064327 0.300762 0.011596 0.319802 -0.164481 -0.056096 -0.132626 -0.335541 -0.112329 -0.073894 0.101233 -0.072138 0.101595 0.134444 0.041332 0.190249 -0.000128 0.011544 -0.192820 -0.046070 0.004873 0.040162 -0.137160 0.209594 0.041223 -0.110998 0.017736 -0.120641 0.030774 0.116792 -0.146554 -0.283126 -0.186945 -0.327330 -0.331700 -0.126629 -0.060993 -0.140646 0.058467 -0.128844 0.085521 -0.123384 0.033194 -0.286237 -0.186938 -0.281973 -0.031507 0.003013 0.122416 -0.231086 -0.403954 -0.109300 -0.205512 -0.152939 -0.279807 0.050608
0.136710 -0.074182 0.196192 0.157255 -0.279639 -0.360461 0.352879 0.297202 0.188093 -0.231207 0.649935 0.368229 1.000000 0.317456 0.536559 0.339236 -0.096162 0.111318 -0.002683 0.387973 -0.085904 0.182438 0.211424 0.023975 -0.115172 -0.195387 -0.314664 -0.168619 0.087804 0.261794 0.278902 0.249089 0.045946 0.184547 0.105306 0.037456 -0.204758 -0.206172 0.023501 0.144318 0.000333 0.192768 -0.214096 -0.310860 -0.185555 -0.183646 -0.208876 -0.293081 -0.224602 -0.170446 -0.301200 -0.338717 -0.268775 -0.009874 -0.223999 -0.270736 0.177498 0.054084 -0.096297 -0.160982 0.136887 0.133494 0.122330 0.065255 0.000182 -0.215178 -0.130296 -0.059819 -0.072501 0.048117 0.285885 0.243554 0.058823 0.111327 0.058106 0.166291 0.096031 0.257826 -0.226683 -0.077589 -0.204589 -0.022488 -0.288492 0.119540 0.088240 -0.275270 -0.049853 -0.179734 0.235046 -0.047254 0.081257 0.047764 -0.111358 0.070749 0.130947 -0.012089 -0.170008 0.051540 -0.322906 0.075105 0.086500 0.014951 0.149231 -0.203701 -0.174654 -0.124182 0.162613 -0.041290 0.065211 -0.083241 -0.009997 0.039251 -0.049160 0.028332 -0.009762 0.101983
0.065901 0.086495 -0.244996 0.258738 -0.155365 0.100902 -0.215323 0.150939 -0.284227 -0.065943 0.200432 0.460829 0.317456 1.000000 0.171749 0.283809 -0.017866 0.065141 -0.307054 0.169443 -0.048534 0.358205 0.171750 0.315442 0.158771 0.244824 0.318062 0.394293 0.210121 0.236026 0.084450 0.218246 -0.101149 0.187300 0.090940 0.091267 -0.106310 0.129623 0.144334 0.156137 0.154314 0.210349 -0.063406 0.025748 -0.256110 -0.208184 -0.145785 -0.048805 -0.178688 -0.124578 -0.047270 -0.084960 -0.044596 -0.121089 -0.159439 -0.217311 -0.122987 -0.109677 -0.179938 -0.180209 -0.287811 0.040897 -0.261301 -0.212824 -0.347986 0.148864 -0.156512 -0.239126 -0.090908 -0.159574 0.092907 0.049849 -0.029311 0.139062 0.162816 0.078670 0.045152 0.173703 0.031636 0.030719 -0.048237 -0.001971 0.184793 0.356282 0.432328 0.266875 0.185678 0.301621 0.013591 -0.086786 -0.136871 -0.164297 0.072442 -0.140664 -0.018892 0.018459 -0.000551 0.061448 -0.252571 0.007238 0.087461 -0.060527 -0.190625 -0.172337 -0.040577 -0.151076 0.138097 -0.024606 0.309105 -0.011049 -0.100956 -0.072207 -0.141671 -0.011632 -0.156128 -0.074656
-0.071982 0.008018 0.073294 0.031693 -0.125408 -0.474221 0.406212 0.329358 0.405570 -0.183202 0.339346 0.232638 0.536559 0.171749 1.000000 0.419514 -0.175881 0.110611 0.266232 0.422607 0.047689 0.133645 0.145612 -0.110054 -0.187268 -0.322493 -0.375758 -0.373117 0.310744 0.265392 0.507098 0.452163 0.215100 0.217295 -0.057174 -0.041183 -0.277968 -0.197627 0.087523 -0.034638 -0.123669 0.041163 -0.259578 -0.178435 -0.104699 -0.130299 -0.283554 -0.222663 -0.213556 -0.079685 -0.518697 -0.055812 -0.346786 0.223097 -0.408174 -0.330061 -0.008470 0.036588 -0.042036 -0.105748 0.078264 0.104529 0.375783 0.178160 0.050989 -0.254568 -0.281082 0.027126 -0.119110 -0.011819 0.219648 0.192625 0.336694 0.020831 0.193733 0.147741 0.028153 0.068108 -0.419862 -0.097586 -0.013724 0.112975 0.001652 0.209462 0.165800 -0.312677 0.023794 -0.323744 0.019943 -0.173521 0.037485 -0.109377 -0.173994 -0.136834 0.184968 -0.204882 -0.327122 -0.038549 -0.431539 -0.082260 0.097833 -0.185543 0.089398 -0.296105 -0.290769 -0.053131 0.068877 -0.022135 0.097259 -0.140561 -0.063738 -0.091044 -0.228093 -0.060452 0.048678 0.167274
0.273486 0.186936 -0.197535 0.070386 0.106687 -0.137334 0.058475 0.295090 0.201648 -0.011161 0.245993 0.361176 0.339236 0.283809 0.419514 1.000000 -0.037795 -0.112254 0.086687 0.231977 0.106053 0.293714 -0.098519 -0.073094 -0.147506 -0.249221 -0.021731 -0.120412 0.297095 0.208459 0.220405 0.176839 0.225724 0.150946 -0.165860 -0.062100 -0.009932 -0.224363 0.012873 -0.002818 0.047050 0.121557 -0.256810 -0.160584 -0.229232 -0.216392 -0.212197 -0.150210 -0.194035 -0.120045 -0.378710 -0.049204 0.112463 0.108319 -0.229309 -0.221087 0.043389 -0.054038 0.100158 0.166787 -0.014628 0.280275 -0.037581 0.010353 -0.263330 -0.038830 -0.215800 -0.225463 0.004073 -0.048093 0.102922 0.146471 0.233533 -0.062455 0.130011 -0.020795 0.089061 0.077034 -0.188198 -0.068067 0.064625 -0.076450 -0.003628 0.347340 0.083515 -0.045422 -0.030059 -0.119742 -0.064526 -0.042016 0.128098 -0.049835 -0.022152 -0.159548 -0.025350 -0.217248 -0.233693 0.004855 -0.023930 -0.086078 0.154552 -0.274352 0.110466 -0.236443 -0.202787 -0.061909 0.015376 -0.093648 0.008172 -0.026709 -0.038877 -0.094178 -0.141378 -0.219667 -0.005085 -0.010923
0.153381 0.008959 -0.084853 0.103957 -0.266117 -0.069167 -0.092385 -0.173838 -0.178460 -0.228995 0.111857 0.119893 -0.096162 -0.017866 -0.175881 -0.037795 1.000000 0.113346 -0.118754 0.090865 0.105105 0.173493 0.068756 0.216939 0.156971 0.274871 0.325970 0.220945 0.412112 0.190501 0.266471 0.153256 -0.047311 -0.027523 0.133582 -0.016102 0.230706 0.155753 0.002170 0.015406 0.132613 0.142231 -0.176191 -0.035299 -0.204831 -0.221670 -0.181400 -0.163912 -0.030764 -0.172678 0.116830 -0.214676 -0.156250 -0.239968 -0.055084 -0.008256 0.175514 0.001849 -0.209440 -0.182086 -0.280427 -0.211611 -0.052592 -0.246633 0.052097 0.022096 -0.132831 -0.280592 -0.080933 -0.141695 0.061796 0.048592 0.222451 0.286297 0.051318 0.142033 0.276497 0.205955 0.315888 0.281857 0.195280 0.185856 0.186458 0.041724 0.179379 0.387502 0.099658 0.108232 -0.074596 0.191981 -0.333946 -0.064258 -0.075996 -0.307797 -0.109649 0.036108 0.014190 -0.001663 0.111851 -0.010235 -0.133667 -0.104052 -0.087353 -0.113526 0.177984 -0.051590 -0.004507 0.074409 0.093724 0.123024 -0.006421 -0.114647 -0.005578 0.013279 -0.087349 0.110556
0.177833 0.168292 -0.166986 -0.099032 -0.385160 -0.263865 -0.209908 -0.055263 -0.182999 -0.443195 0.253045 0.375426 0.111318 0.065141 0.110611 -0.112254 0.113346 1.000000 -0.195292 -0.005177 -0.214675 0.007624 -0.016988 -0.126055 -0.103503 -0.148939 -0.263379 -0.088619 0.236772 0.402075 0.146503 0.093982 -0.038647 0.180243 -0.184893 -0.030604 -0.022414 0.025777 0.072327 -0.068978 0.092411 0.045425 -0.044628 -0.115064 -0.052180 -0.154111 -0.014958 -0.263574 0.040607 -0.035658 -0.084851 0.076185 -0.285745 0.147961 -0.032609 0.146105 0.399574 0.403120 -0.073921 -0.033831 0.068076 0.027475 0.075137 0.374770 -0.162385 -0.278413 -0.235063 -0.243681 -0.011914 -0.099849 0.021006 -0.051422 0.269093 0.286636 0.128499 0.311094 -0.125531 0.049037 -0.128113 0.288578 0.256403 0.525978 -0.108541 -0.069156 0.039783 -0.144998 0.113542 -0.201719 0.007383 0.210218 -0.140707 -0.249817 -0.302912 -0.327818 -0.165526 0.106061 0.115425 0.013278 0.062181 0.061985 -0.022713 -0.085129 -0.144408 -0.244959 -0.182363 -0.179935 -0.165738 0.047049 -0.003914 -0.091891 -0.287673 0.034047 -0.106216 0.034664 -0.113059 0.217833
-0.128556 -0.060934 0.337137 0.003079 0.137058 -0.181039 0.357489 0.223758 0.479438 0.041671 -0.147854 -0.059589 -0.002683 -0.307054 0.266232 0.086687 -0.118754 -0.195292 1.000000 0.394949 0.137801 -0.127351 0.064363 -0.100064 -0.033278 -0.190279 -0.314128 -0.353852 0.073485 0.079079 0.201300 0.138116 0.339222 0.018903 -0.092058 0.088792 -0.126915 -0.337546 -0.197397 -0.290314 -0.204663 -0.223319 -0.143180 -0.069565 0.097629 0.137670 -0.122891 -0.047025 0.005913 0.067901 -0.129184 -0.040476 -0.055101 0.011746 -0.270773 -0.137268 -0.189512 -0.065333 0.015363 0.011342 0.089875 0.148071 0.199399 0.085885 0.256583 -0.116120 0.059698 0.193519 0.205924 0.028850 0.015982 0.083187 0.155963 -0.044975 0.077598 0.035299 0.176937 0.129233 -0.295817 -0.030393 -0.159122 -0.138168 -0.242752 0.028834 -0.311558 -0.396573 -0.105226 -0.226022 0.010389 -0.131436 0.009344 0.112708 -0.139932 0.007879 0.021549 -0.143705 -0.178583 -0.229926 -0.036131 -0.190577 -0.178447 -0.015107 -0.037931 -0.045406 -0.290724 -0.116449 -0.023814 -0.172863 -0.113912 -0.010296 0.065415 -0.165292 -0.269202 -0.222708 -0.093017 -0.128415
-0.138793 -0.135207 0.027374 0.414712 -0.149147 -0.135955 0.192787 0.156851 0.209849 -0.164054 0.180346 0.091223 0.387973 0.169443 0.422607 0.231977 0.090865 -0.005177 0.394949 1.000000 0.161702 0.094653 0.422137 0.293621 0.088109 0.104633 -0.001819 -0.063655 0.289214 0.358725 0.353773 0.414133 0.050681 0.037521 0.178061 -0.014970 0.085382 -0.005540 0.161697 0.004782 0.168919 0.151445 -0.244541 -0.107147 -0.386614 -0.290184 -0.323732 -0.007938 -0.495882 -0.318096 -0.413129 -0.476942 -0.378772 -0.153413 -0.305656 -0.274179 -0.198476 -0.244190 -0.461082 -0.440576 -0.309386 -0.075781 -0.020173 -0.262377 0.004193 -0.244694 -0.361449 -0.127574 0.146861 0.218867 0.289866 0.277313 0.365712 0.163544 0.267324 0.129109 0.422982 0.584741 -0.129601 0.073901 -0.203600 -0.007531 -0.059148 0.047470 0.198688 -0.170593 -0.016744 -0.177355 0.213563 -0.163942 -0.121591 0.068101 -0.153268 -0.077728 0.261179 0.121592 -0.113274 0.124080 -0.343448 -0.059093 -0.189230 -0.183834 -0.130385 -0.104906 0.034202 0.011644 0.228696 0.020988 0.184091 0.277579 0.282731 -0.039098 -0.152717 0.124513 0.103837 0.145242
-0.093899 -0.053778 -0.041655 0.087487 0.043862 -0.097432 0.115321 0.172786 0.154970 0.033547 -0.221152 -0.034282 -0.085904 -0.048534 0.047689 0.106053 0.105105 -0.214675 0.137801 0.161702 1.000000 0.262882 0.123021 0.003636 0.013698 0.056964 0.169521 -0.039925 0.005468 -0.027653 0.131339 0.113034 0.093472 0.037440 0.111303 -0.035258 0.143275 -0.180287 -0.052824 -0.125540 -0.019185 0.080570 -0.105734 0.011541 0.042475 0.089758 -0.056841 0.080122 -0.118093 -0.025773 -0.096094 0.077551 -0.166887 -0.013093 -0.065013 0.116121 -0.167440 -0.110382 -0.303706 -0.069946 -0.241440 -0.044058 -0.000300 -0.057448 0.146869 -0.005397 -0.172076 0.023283 -0.054269 -0.080268 0.090682 0.244489 0.161102 -0.045581 0.226156 -0.051762 0.215964 -0.016339 0.020906 -0.148193 -0.017041 -0.141405 -0.053679 0.081398 0.033585 0.053740 0.012361 -0.070502 -0.010289 -0.087962 -0.111522 0.079181 -0.232813 -0.122293 0.005722 -0.084600 -0.036980 -0.064584 0.086833 0.024705 -0.380493 -0.042819 -0.164227 0.062556 -0.000410 0.052266 0.012551 -0.239638 -0.059699 0.034006 0.190512 -0.172545 -0.252962 -0.026396 0.066916 0.135545
0.067836 -0.076020 -0.033010 -0.052580 0.002028 0.137054 -0.071579 0.108138 -0.009331 -0.106406 0.030665 0.133561 0.182438 0.358205 0.133645 0.293714 0.173493 0.007624 -0.127351 0.094653 0.262882 1.000000 0.059635 0.042315 0.080363 0.096966 0.181745 0.260814 0.231250 0.127749 0.130722 0.198602 0.146617 0.168886 0.073953 -0.035303 0.124751 0.097673 0.177365 0.180975 0.067819 0.089433 -0.146916 -0.095196 -0.139430 -0.126508 -0.134772 -0.140886 -0.180717 -0.186796 -0.120861 -0.094774 -0.038122 0.017956 -0.026787 -0.157630 -0.023518 -0.110189 -0.152863 -0.212552 -0.118187 0.042025 -0.027306 -0.151147 -0.144886 -0.049803 -0.234866 -0.236050 -0.146814 -0.234311 0.194414 0.099277 0.142814 -0.027475 0.098698 -0.091435 0.073672 0.080282 0.102132 0.017495 0.097397 -0.013281 0.238177 0.217008 0.209523 0.180571 0.210802 0.042556 0.012832 -0.100087 0.064575 0.002448 -0.064462 -0.159938 0.022151 -0.117034 -0.163389 0.106610 -0.029847 0.172805 -0.074823 -0.067346 0.062158 -0.101468 -0.040846 0.074569 0.118776 -0.130228 0.102116 -0.093729 -0.090586 -0.099249 -0.139322 -0.131833 -0.007165 0.087706
-0.157062 -0.396305 0.466304 0.566899 -0.268050 -0.016047 0.350425 0.087881 -0.030125 0.001015 0.146899 -0.076025 0.211424 0.171750 0.145612 -0.098519 0.068756 -0.016988 0.064363 0.422137 0.123021 0.059635 1.000000 0.633201 0.387679 0.575650 0.166468 0.360298 -0.054678 0.044652 0.390005 0.450751 0.054652 0.007857 0.375059 0.155871 0.058283 0.066700 0.115504 -0.071292 0.136281 0.187450 0.015107 0.113840 -0.242791 -0.229285 -0.122490 0.144149 -0.187348 -0.284007 0.145404 -0.340547 -0.337027 -0.312190 -0.180418 -0.114133 -0.204026 -0.334205 -0.361912 -0.616919 -0.186444 -0.350115 -0.122431 -0.400222 0.217282 0.069083 -0.165967 -0.024488 0.005519 -0.212840 0.271422 0.138899 0.088011 0.168098 0.173358 0.168393 0.315693 0.370770 0.035877 0.029680 -0.203715 -0.054401 -0.010939 0.013756 0.332718 0.055906 0.083972 0.175273 0.371897 -0.001576 -0.455470 -0.266039 -0.154815 -0.088714 0.119428 0.019859 0.130991 -0.126279 -0.342868 -0.193879 -0.357934 -0.195109 -0.312396 -0.234525 -0.023755 -0.351397 0.169780 -0.195905 0.024487 0.429374 0.410850 -0.122208 -0.232958 0.077944 -0.131279 -0.187637
-0.199942 -0.385731 0.273508 0.713344 -0.036733 0.240183 0.114358 0.126338 -0.201270 0.293321 0.074463 -0.018079 0.023975 0.315442 -0.110054 -0.073094 0.216939 -0.126055 -0.100064 0.293621 0.003636 0.042315 0.633201 1.000000 0.415802 0.721489 0.411032 0.526897 -0.126151 -0.173010 0.175822 0.290052 -0.129173 -0.206664 0.347436 0.043425 0.008201 0.218616 0.055703 0.059491 0.265894 0.171453 0.204667 0.276819 -0.228910 -0.120733 -0.013579 0.386017 -0.097656 -0.071010 0.222590 -0.287380 -0.141944 -0.361876 -0.154766 -0.226248 -0.408199 -0.541714 -0.331803 -0.476055 -0.390418 -0.281245 -0.343248 -0.583159 0.009495 0.253057 -0.010949 0.038990 -0.158893 -0.182032 0.108064 -0.059728 -0.108696 -0.002849 -0.001849 -0.104782 0.293626 0.218328 0.086147 0.018457 -0.288876 -0.204838 0.161111 0.045319 0.274892 0.269339 0.004949 0.359633 0.143304 -0.115953 -0.328154 -0.178501 0.213967 0.001342 0.189981 0.212095 0.098579 0.169993 -0.257364 -0.211033 -0.227490 -0.107727 -0.341693 -0.081772 0.204117 -0.090598 0.158804 -0.076397 0.059197 0.515513 0.469694 -0.237349 -0.057383 0.111485 0.060586 -0.219834
-0.171691 -0.231257 0.099448 0.226859 0.109226 0.448326 0.016033 -0.096607 -0.179516 0.226755 -0.045575 -0.229067 -0.115172 0.158771 -0.187268 -0.147506 0.156971 -0.103503 -0.033278 0.088109 0.013698 0.080363 0.387679 0.415802 1.000000 0.722587 0.427223 0.560752 -0.062288 -0.124980 0.063902 0.045888 -0.181998 -0.091271 0.056752 0.067697 -0.064950 0.117108 0.108822 -0.127765 0.018139 0.191010 0.189229 0.236387 -0.056023 0.027704 -0.158921 0.164271 0.014659 -0.045549 0.359461 -0.216143 -0.037484 -0.323572 -0.042400 -0.222592 -0.257466 -0.238882 -0.300565 -0.319835 -0.291422 -0.318178 -0.319950 -0.404641 0.003738 0.166647 -0.060457 0.072828 0.118309 -0.180484 -0.019093 0.019384 -0.117543 0.024974 -0.050188 -0.183102 0.089063 0.074629 0.222301 0.179556 0.048469 0.031934 0.087876 0.040792 0.176356 0.284136 0.106418 0.473903 0.082849 0.022762 -0.172919 0.120264 0.095177 0.041517 -0.100610 0.086834 0.177352 -0.042121 -0.097429 -0.099029 -0.170685 0.033607 -0.317246 0.020938 0.123734 -0.040573 0.118413 0.059383 -0.017949 0.181801 0.209643 -0.279862 -0.124180 -0.069520 -0.063892 -0.316665
-0.257227 -0.290661 0.169115 0.490112 -0.021503 0.493856 -0.003584 -0.051526 -0.338046 0.244225 -0.077352 -0.210046 -0.195387 0.244824 -0.322493 -0.249221 0.274871 -0.148939 -0.190279 0.104633 0.056964 0.096966 0.575650 0.721489 0.722587 1.000000 0.594351 0.746710 -0.151312 -0.191470 0.079189 0.236193 -0.183609 -0.173322 0.306998 -0.053215 0.105105 0.223633 0.122777 0.058015 0.246558 0.203596 0.190301 0.270424 -0.210919 -0.140023 -0.070617 0.286016 -0.080711 -0.072691 0.418062 -0.233808 -0.098578 -0.340644 0.014123 -0.124448 -0.368019 -0.389811 -0.398478 -0.449756 -0.382791 -0.409047 -0.321405 -0.596900 0.147015 0.304645 -0.039252 -0.039803 -0.041720 -0.281320 0.013731 -0.046739 -0.184115 0.031442 -0.025303 -0.151895 0.175546 0.145312 0.333602 0.141806 -0.039730 -0.064030 0.164096 0.106253 0.334893 0.398247 0.093746 0.544248 0.190016 0.049449 -0.365889 -0.104421 0.140145 -0.005053 0.008215 0.071427 0.149588 0.018603 -0.118300 -0.129701 -0.299670 -0.043642 -0.371502 -0.017809 0.238670 -0.082851 0.140660 -0.080579 0.080842 0.301839 0.318916 -0.248653 -0.100040 0.074879 -0.030354 -0.246321
0.022732 0.057759 -0.247815 0.218285 0.085869 0.539268 -0.289850 -0.124441 -0.458513 0.187085 -0.192459 -0.042662 -0.314664 0.318062 -0.375758 -0.021731 0.325970 -0.263379 -0.314128 -0.001819 0.169521 0.181745 0.166468 0.411032 0.427223 0.594351 1.000000 0.636271 -0.031477 -0.156224 -0.056280 0.048187 -0.091911 -0.052783 0.140339 -0.172751 0.191281 0.217891 0.092055 0.056250 0.078789 0.116358 0.029436 0.173492 -0.167630 -0.145277 -0.047058 0.191448 -0.064488 0.005161 0.309988 -0.042656 0.141849 -0.236189 0.205018 0.045396 -0.236973 -0.181114 -0.187504 -0.121981 -0.462667 -0.232022 -0.352459 -0.410988 -0.113425 0.245769 -0.083468 -0.288831 -0.020865 -0.096915 -0.090644 -0.189316 -0.154211 -0.034877 -0.035306 -0.220796 0.130314 -0.051654 0.388495 0.079107 0.086699 -0.058738 0.283795 0.168922 0.307723 0.437331 0.023651 0.435239 -0.036575 0.094084 -0.249273 0.008816 0.120086 -0.153393 -0.127369 0.028666 0.107895 0.028385 0.139368 0.052719 -0.078204 0.073499 -0.140467 0.106702 0.355186 0.017219 0.152703 -0.047906 0.111881 0.124575 0.101885 -0.011390 -0.066221 0.163166 0.029451 -0.063229
-0.065161 -0.084872 -0.035953 0.273040 0.068898 0.557628 -0.157368 -0.124773 -0.344700 0.168281 -0.089528 -0.034662 -0.168619 0.394293 -0.373117 -0.120412 0.220945 -0.088619 -0.353852 -0.063655 -0.039925 0.260814 0.360298 0.526897 0.560752 0.746710 0.636271 1.000000 -0.049234 -0.140241 -0.067106 0.090824 -0.160062 0.034931 0.117404 -0.024777 0.229061 0.168246 0.233107 0.134986 0.300544 0.234854 0.223931 0.260718 -0.155767 -0.164620 0.005629 0.185780 -0.131358 -0.111880 0.291015 -0.064057 -0.019448 -0.261253 0.098915 -0.060541 -0.211452 -0.291722 -0.272102 -0.347456 -0.348616 -0.240298 -0.333774 -0.441572 -0.063865 0.213265 0.018442 -0.204809 -0.039285 -0.235737 -0.004566 -0.158142 -0.122334 -0.007377 0.037532 -0.100609 0.085288 0.044778 0.405582 0.030032 0.125753 -0.118961 0.270013 0.178057 0.423859 0.482557 0.195540 0.550429 0.061215 0.129288 -0.256848 -0.210722 0.169359 -0.186518 -0.127506 0.114402 0.126923 -0.000521 0.004382 0.043777 -0.186189 -0.041059 -0.312841 -0.056129 0.156131 -0.133536 0.169302 -0.033630 0.108323 0.090126 0.091591 -0.145841 -0.083572 0.030151 -0.096092 -0.221867
0.207829 0.174172 -0.300909 -0.171462 -0.249742 -0.314979 -0.136654 -0.066333 0.015642 -0.342381 0.072589 0.238670 0.087804 0.210121 0.310744 0.297095 0.412112 0.236772 0.073485 0.289214 0.005468 0.231250 -0.054678 -0.126151 -0.062288 -0.151312 -0.031477 -0.049234 1.000000 0.535175 0.293199 0.143762 0.009091 0.244544 -0.159085 -0.038846 0.228598 0.137565 0.235787 0.003498 0.063938 0.081455 -0.332668 -0.061021 -0.260596 -0.328042 -0.225601 -0.199605 -0.194407 -0.244924 -0.331463 -0.126633 -0.172087 0.029370 -0.043163 -0.182052 0.131200 0.058330 -0.142329 -0.162700 -0.281106 -0.036326 -0.122986 -0.157825 -0.398310 -0.271868 -0.332054 -0.353458 0.178516 -0.071541 0.207767 0.163785 0.606529 0.365878 0.272767 0.274271 0.340486 0.296940 0.103665 0.366419 0.233083 0.288578 0.245063 0.205675 0.198697 0.147943 0.113690 -0.076354 -0.193663 -0.055661 -0.051689 -0.086770 -0.204664 -0.358298 0.158214 -0.047866 -0.181004 -0.000586 -0.203188 -0.016489 0.012279 -0.070863 -0.077478 -0.107080 -0.008839 -0.055271 -0.016197 0.024057 0.258587 0.008297 -0.169717 -0.216602 -0.113903 -0.042170 -0.051112 0.236387
0.070895 0.175776 -0.249805 0.026248 -0.339673 -0.238113 -0.114915 0.112567 -0.011698 -0.382560 0.060666 0.212057 0.261794 0.236026 0.265392 0.208459 0.190501 0.402075 0.079079 0.358725 -0.027653 0.127749 0.044652 -0.173010 -0.124980 -0.191470 -0.156224 -0.140241 0.535175 1.000000 0.293677 0.275775 0.049960 0.295909 -0.064409 0.038268 0.081605 0.042777 0.223080 -0.150762 0.027477 0.158007 -0.295039 -0.172525 -0.314336 -0.373750 -0.143003 -0.173767 -0.338665 -0.306625 -0.358573 -0.250163 -0.397409 0.065173 -0.122294 -0.009526 0.178052 0.151297 -0.276474 -0.217821 -0.161126 0.008269 -0.011705 0.070992 -0.223616 -0.189064 -0.383668 -0.363453 0.128984 -0.035767 0.156515 0.260677 0.505262 0.443505 0.259567 0.430086 0.307957 0.428520 0.003264 0.417951 0.181803 0.379472 -0.160217 0.062257 0.108304 -0.168133 0.017872 -0.157920 -0.029895 0.087591 -0.199743 -0.139570 -0.344328 -0.369961 0.036833 0.073899 0.067150 0.149780 -0.001289 0.143161 0.030691 -0.183047 -0.115889 -0.132958 -0.131663 -0.123050 -0.006342 0.094744 0.192490 0.088596 -0.105661 0.135273 -0.109809 0.065471 -0.045664 0.237891
-0.118146 -0.044985 0.172510 0.252323 -0.330653 -0.287389 0.315589 0.231427 0.220330 -0.231308 0.195455 0.067310 0.278902 0.084450 0.507098 0.220405 0.266471 0.146503 0.201300 0.353773 0.131339 0.130722 0.390005 0.175822 0.063902 0.079189 -0.056280 -0.067106 0.293199 0.293677 1.000000 0.722694 0.334884 0.315480 -0.000634 0.161075 -0.040393 0.022470 -0.097046 -0.049832 -0.086193 0.043194 -0.118813 -0.042140 -0.115996 -0.087468 -0.181975 -0.162488 -0.091122 -0.089604 -0.145433 -0.105743 -0.397620 -0.051790 -0.449255 -0.203265 -0.048694 -0.092851 -0.206396 -0.334105 -0.180766 -0.157180 0.128880 -0.058481 0.151929 -0.126261 -0.297406 -0.137902 -0.155527 -0.262529 0.363630 0.236913 0.332202 0.186766 0.188537 0.288883 0.222465 0.220457 -0.205369 0.051014 0.118853 0.166373 0.065677 0.306563 0.238627 0.003207 0.101840 -0.148454 -0.046318 -0.081253 -0.439611 -0.255943 -0.298513 -0.340847 0.154612 -0.140148 -0.187296 -0.071477 -0.385888 -0.130680 -0.042975 -0.376571 -0.229078 -0.441729 -0.321473 -0.363779 -0.004894 -0.183129 -0.052820 0.056559 -0.032834 -0.071313 -0.276000 -0.111624 -0.176408 -0.041259
-0.242774 -0.097423 0.161564 0.411222 -0.290564 -0.133232 0.344861 0.336518 0.148136 -0.149235 0.191334 0.050820 0.249089 0.218246 0.452163 0.176839 0.153256 0.093982 0.138116 0.414133 0.113034 0.198602 0.450751 0.290052 0.045888 0.236193 0.048187 0.090824 0.143762 0.275775 0.722694 1.000000 0.238413 0.320800 0.294411 0.111070 0.027565 0.074795 0.006684 -0.074764 0.119685 0.155221 -0.127048 -0.015189 -0.298355 -0.220149 -0.237665 -0.106538 -0.301486 -0.217870 -0.217143 -0.128056 -0.432151 0.062055 -0.389785 -0.274587 -0.237924 -0.225641 -0.340833 -0.434247 -0.185084 -0.204909 0.134611 -0.116728 0.191133 -0.094339 -0.250213 -0.217765 -0.211462 -0.333041 0.347252 0.213757 0.093608 0.058665 0.083699 0.164758 0.238116 0.221840 -0.233781 -0.021668 0.188496 0.183407 0.197018 0.395554 0.422294 -0.007793 0.101588 -0.021241 0.065218 -0.072519 -0.414202 -0.272256 -0.199135 -0.254117 0.132994 -0.076066 -0.121892 -0.020514 -0.390685 -0.118597 -0.001597 -0.362361 -0.244696 -0.366786 -0.253269 -0.281092 0.120976 -0.185311 0.075550 0.070691 -0.019988 -0.111904 -0.273332 0.008964 -0.034050 0.014722
0.165645 0.223796 0.045115 -0.128034 0.046202 -0.147957 0.086222 0.063434 0.260710 -0.124676 0.049451 0.046005 0.045946 -0.101149 0.215100 0.225724 -0.047311 -0.038647 0.339222 0.050681 0.093472 0.146617 0.054652 -0.129173 -0.181998 -0.183609 -0.091911 -0.160062 0.009091 0.049960 0.334884 0.238413 1.000000 0.395109 -0.153620 0.033200 -0.077668 -0.204847 -0.291357 -0.283091 -0.147085 -0.062520 -0.035313 -0.020480 0.097883 0.027674 -0.067915 -0.184973 0.032700 0.030985 -0.039564 0.041044 -0.067194 -0.037528 -0.256684 -0.119218 0.115849 0.208067 0.192004 0.084635 0.105655 0.104623 0.060674 0.149896 0.030149 -0.071750 0.068738 0.028840 0.062055 0.005331 0.136368 0.043572 0.082531 -0.034608 0.138096 0.165139 -0.025307 0.005170 -0.199332 -0.091736 -0.002162 -0.027006 -0.025782 0.205913 -0.121323 -0.061066 -0.117254 -0.156369 -0.066810 -0.137319 -0.094955 -0.075429 -0.220417 -0.183322 -0.050021 -0.075948 -0.248897 -0.227916 -0.035872 -0.064664 -0.023408 -0.187091 0.086735 -0.209993 -0.374061 -0.278531 0.052458 -0.238146 -0.204058 -0.034446 -0.038792 0.086852 -0.332847 -0.161387 -0.276097 -0.016693
0.089698 0.382980 -0.098541 -0.162651 -0.137175 -0.111012 0.062287 0.170394 0.065939 -0.282277 0.090312 0.026463 0.184547 0.187300 0.217295 0.150946 -0.027523 0.180243 0.018903 0.037521 0.037440 0.168886 0.007857 -0.206664 -0.091271 -0.173322 -0.052783 0.034931 0.244544 0.295909 0.315480 0.320800 0.395109 1.000000 -0.106692 0.242147 0.170904 -0.074876 0.043777 -0.139414 0.028879 0.212179 -0.089816 -0.029673 -0.018835 -0.073492 -0.121945 -0.223747 -0.205545 -0.030430 -0.262399 0.130591 -0.315362 0.009904 -0.112467 0.063146 0.136014 0.148619 -0.033930 -0.197908 -0.074157 0.099981 -0.016238 0.092575 -0.197225 -0.079675 -0.120782 -0.205591 0.057992 -0.084577 0.143562 0.218161 0.236660 0.140359 0.357791 0.158199 -0.013128 0.050873 -0.044739 0.020679 0.331307 0.191672 0.051304 0.262603 0.333249 -0.003848 0.026135 0.043412 -0.241234 -0.144458 -0.093134 -0.195771 -0.306752 -0.308979 0.022362 -0.024241 -0.078235 -0.137292 -0.184914 0.204422 -0.034379 -0.222909 -0.128317 -0.405394 -0.511628 -0.368604 -0.011879 -0.262373 -0.092916 -0.268499 -0.168755 0.110086 -0.285159 -0.114253 -0.267818 0.069615
-0.225168 -0.419297 0.224014 0.340277 -0.165887 0.125353 0.145439 0.111676 -0.176063 0.159129 0.007642 -0.163404 0.105306 0.090940 -0.057174 -0.165860 0.133582 -0.184893 -0.092058 0.178061 0.111303 0.073953 0.375059 0.347436 0.056752 0.306998 0.140339 0.117404 -0.159085 -0.064409 -0.000634 0.294411 -0.153620 -0.106692 1.000000 0.144833 0.112320 0.237970 0.163654 0.310549 0.280424 0.113155 -0.239911 -0.223500 -0.339996 -0.203833 -0.225371 0.031743 -0.279885 -0.306889 -0.054321 -0.369526 -0.258242 -0.241547 0.074645 -0.051873 -0.272411 -0.287150 -0.306120 -0.312509 -0.016366 -0.149373 -0.064868 -0.280918 0.255222 0.281188 0.106207 0.068867 -0.124571 -0.120894 0.192546 0.206395 -0.123945 0.099108 -0.030568 -0.186289 0.282628 0.253960 0.096368 0.134932 -0.168347 -0.258170 0.035494 -0.197733 0.143042 -0.065146 0.172033 0.025478 0.348959 0.030619 -0.102114 0.109644 0.242730 0.247189 0.143493 0.163338 -0.044758 0.164251 -0.233166 -0.062211 -0.116027 0.024098 -0.203700 0.149878 0.285856 0.170216 0.134193 -0.166217 0.025379 0.317683 0.368351 0.030940 -0.047799 0.127571 0.307732 0.020791
-0.052261 -0.180823 0.220789 0.057790 0.037743 -0.063281 0.085882 0.027492 0.144356 0.017795 -0.063785 -0.122388 0.037456 0.091267 -0.041183 -0.062100 -0.016102 -0.030604 0.088792 -0.014970 -0.035258 -0.035303 0.155871 0.043425 0.067697 -0.053215 -0.172751 -0.024777 -0.038846 0.038268 0.161075 0.111070 0.033200 0.242147 0.144833 1.000000 0.003291 0.046969 -0.143127 0.037545 -0.094573 -0.062165 0.139470 0.075197 0.245006 0.300434 -0.069692 -0.002309 0.009183 -0.088988 0.016238 -0.115295 -0.082191 -0.165054 -0.235146 -0.092298 -0.063262 -0.109373 0.032810 -0.224717 0.020303 -0.132143 -0.001232 -0.024235 -0.038249 0.058046 0.084261 0.287846 -0.086067 -0.027957 -0.059291 0.038769 -0.055427 0.080213 0.029746 -0.034510 -0.160504 -0.031174 0.001183 -0.003492 0.017351 -0.001166 0.029593 0.029564 -0.029410 0.016616 0.132089 0.034210 -0.135622 -0.137989 -0.045576 -0.145737 -0.053349 0.073507 0.023813 0.035025 0.114423 0.033589 -0.169034 -0.079238 -0.036870 0.013164 -0.299879 -0.097270 -0.269379 -0.135256 -0.125245 -0.177355 -0.031673 0.034122 0.059935 0.041655 0.025742 -0.145765 -0.048665 -0.175642
