1.000000 0.319574 0.462261 -0.241828 0.103766 -0.217223 0.433301 -0.189620 0.264033 -0.182674 0.535178 0.110477 0.382539 0.054539 0.267299 0.171677 0.058561 -0.016543 0.298843 0.240991 -0.132753 -0.264531 0.448129 -0.169463 -0.056874 -0.226211 0.152266 -0.036905 0.295130 -0.170068 0.061690 -0.194759 0.062848 0.065485 -0.228678 -0.045436 -0.109398 -0.145918 -0.186476 -0.094057 -0.039230 -0.023518 -0.268457 -0.349973 0.022963 -0.333147 -0.160440 -0.210776 0.189988 -0.096373 0.095405 -0.169789 -0.094166 -0.027984 0.004687 -0.269104 0.290534 0.258934 0.323742 -0.088195 0.145960 -0.020751 -0.303718 -0.203206 0.362834 -0.188489 0.121917 -0.162831 0.219376 0.076942 0.018080 -0.121402 -0.167095 0.054048 -0.058048 -0.098393 0.012551 -0.054241 -0.049820 -0.158523 -0.251353 -0.209277 0.427423 0.030872 0.063853 -0.155503 0.322962 -0.075699 0.440350 -0.167325 -0.080042 0.174769 0.048074 -0.076359 -0.078879 -0.131987 -0.100151 -0.049623 -0.158833 -0.112402 -0.075624 -0.012505 -0.134241 -0.262899 -0.201259 -0.313515 -0.182479 -0.285788 -0.100590 -0.138258 -0.033591 0.033831 0.155342 -0.199639 -0.340991 -0.186879
0.319574 1.000000 -0.247538 -0.276290 -0.200568 -0.156248 0.189960 -0.235578 -0.137173 0.058133 -0.007303 0.366502 -0.004350 0.302320 -0.053542 0.140235 -0.042008 0.055156 0.204329 0.210567 -0.141729 -0.175525 -0.221390 -0.301006 -0.235215 -0.414290 0.025896 -0.038491 0.188789 0.099491 -0.228701 -0.337767 0.125025 0.086160 -0.195084 -0.183207 -0.289762 -0.191207 -0.361471 -0.179907 -0.097683 0.038581 -0.269002 -0.231126 0.065140 -0.305545 -0.081267 -0.035060 0.189023 0.295756 -0.226255 0.181294 0.068824 -0.005362 -0.169476 0.032084 0.265495 0.591761 0.167801 0.342598 0.276525 0.426509 -0.165197 0.185525 -0.160991 0.065229 0.145886 -0.314621 0.600979 0.340872 -0.074468 -0.125867 0.036595 -0.091002 0.092002 -0.236176 0.185290 -0.063799 -0.077707 0.013006 -0.001407 0.074842 0.120168 -0.171108 -0.058316 -0.073836 -0.047600 -0.150915 -0.027795 -0.205141 -0.321968 -0.266182 -0.358701 -0.272689 -0.073776 -0.204789 0.051661 -0.124393 0.093002 0.149463 0.070744 -0.062076 0.078606 -0.120945 0.050066 -0.139639 -0.147515 0.097314 -0.232026 -0.139995 0.018148 0.149151 0.167974 -0.111174 -0.038990 -0.193132
0.462261 -0.247538 1.000000 -0.118084 0.362507 -0.253094 0.468283 0.064919 0.357159 -0.108626 0.405771 -0.233422 0.376656 -0.100946 0.301661 0.039344 -0.026765 0.073929 0.244030 0.331116 -0.104330 -0.104683 0.551984 -0.071082 0.050762 0.085189 0.046991 -0.134692 0.235031 0.040368 0.401059 0.192776 0.037592 0.217496 -0.033729 -0.083016 -0.036968 -0.259162 0.048977 -0.104229 -0.047081 -0.142019 -0.011274 -0.050437 0.058820 -0.197165 -0.070494 -0.169060 0.027035 -0.296470 0.114383 -0.347568 -0.299699 -0.083638 0.044613 -0.238150 -0.079044 -0.064596 0.251107 -0.327266 0.054286 -0.227145 -0.038939 -0.104639 0.469979 -0.289059 0.125408 -0.063985 -0.247840 -0.247951 -0.087312 -0.129579 -0.101471 0.145799 -0.081400 0.094708 -0.074882 -0.153322 -0.150423 -0.157392 -0.278269 -0.225665 0.225746 0.108561 -0.061830 -0.272713 0.115230 0.052278 0.301740 -0.079262 0.091255 0.294969 0.236954 0.151154 -0.009694 -0.024820 -0.169197 0.058584 -0.157662 -0.182381 -0.172641 0.085917 -0.329921 -0.246863 -0.212505 -0.203549 0.024733 -0.265232 0.087595 -0.175322 -0.173332 -0.198881 0.165923 -0.143677 -0.254877 0.025111
-0.241828 -0.276290 -0.118084 1.000000 0.004366 0.465293 -0.027871 0.541896 -0.118934 0.306112 -0.323584 -0.155837 -0.280813 -0.156413 -0.204634 -0.060335 -0.069429 -0.086788 0.149763 -0.202462 0.103697 -0.001371 0.031873 0.455146 0.223055 0.354199 -0.034021 -0.116166 -0.241439 -0.065313 0.341563 0.334229 -0.064216 0.083316 0.275226 0.083271 0.020973 0.128536 0.046710 0.191011 0.117690 -0.002743 0.018460 -0.058780 -0.341241 0.102845 0.016207 0.022954 -0.429297 -0.198684 -0.053078 -0.044270 -0.020798 -0.058167 0.078565 -0.053129 -0.129894 -0.367205 -0.501323 -0.037631 -0.209605 -0.083099 -0.051054 -0.123293 0.169753 0.212370 -0.279923 0.147814 0.026401 -0.133913 0.304079 0.281218 -0.024140 0.049292 0.139804 0.120129 0.056867 0.086272 0.162171 0.004092 -0.208507 -0.105988 0.027613 0.393239 0.214778 0.166776 0.056426 0.144230 -0.016468 0.194574 0.140552 0.148787 0.266814 0.070260 0.100888 0.038252 -0.057700 -0.100641 -0.119144 -0.196113 0.000793 0.067970 0.006526 0.011722 -0.160278 -0.120787 0.040120 -0.212323 0.036992 0.055033 -0.019739 -0.083633 -0.398634 0.027610 -0.133221 -0.063217
0.103766 -0.200568 0.362507 0.004366 1.000000 -0.000814 0.146084 0.297302 0.510428 0.144014 0.303602 0.062922 0.339547 0.095411 0.397868 0.311104 0.088482 -0.207200 -0.072241 0.153868 -0.084661 -0.011225 0.356742 -0.019716 0.076051 0.007182 -0.034612 -0.089222 0.062885 0.002341 0.167713 0.121797 -0.247609 0.016154 0.134178 0.087141 -0.079925 -0.165137 0.100146 -0.073842 -0.082103 -0.433958 0.007146 -0.066669 -0.079705 -0.108464 -0.039520 -0.031019 0.002356 -0.109833 0.027453 -0.057015 -0.126016 0.113926 -0.058224 -0.111903 -0.203921 -0.237199 0.031035 -0.288904 -0.071049 -0.112887 -0.174763 -0.255169 0.300496 0.112387 -0.328555 -0.230624 -0.387406 -0.013640 0.010626 -0.096050 -0.065944 -0.072317 -0.250291 0.080935 0.042626 -0.001305 -0.141920 -0.191937 -0.240414 -0.264210 0.060772 0.168445 -0.308698 -0.256359 -0.094117 -0.188130 0.168862 0.177660 0.235027 0.297890 0.398854 0.251742 -0.059445 0.171407 -0.208265 0.213335 -0.120189 -0.286500 0.121047 0.109439 -0.173794 -0.087744 0.137313 0.070031 0.209461 -0.109291 0.109645 0.053712 -0.041293 0.037838 0.177748 -0.169786 -0.072022 0.117632
-0.217223 -0.156248 -0.253094 0.465293 -0.000814 1.000000 -0.216561 0.525866 0.036478 0.425955 -0.167503 0.101359 -0.101963 0.029642 -0.057451 0.043457 0.118069 -0.149122 -0.134650 -0.168128 0.119336 0.205218 -0.219327 0.292343 0.158718 0.226001 -0.073875 0.104418 -0.270114 -0.178814 0.088679 0.149855 -0.040443 0.058759 0.283284 0.336449 -0.094793 0.033431 -0.247832 -0.026391 -0.098361 -0.063800 -0.057722 -0.052239 -0.013726 0.374511 -0.059451 0.127611 -0.210098 0.137124 0.029122 0.095512 0.069805 -0.074193 -0.165236 -0.030616 0.035253 -0.357639 -0.286711 0.100526 -0.202967 0.102105 -0.062476 -0.163652 -0.086026 0.429231 -0.164818 0.371524 0.020447 0.122881 0.111145 0.022217 -0.106572 -0.090791 -0.269102 -0.142512 -0.075030 -0.042044 0.108774 -0.037847 0.111607 -0.056458 -0.225738 0.022651 -0.011237 0.081811 -0.172373 -0.194117 -0.173595 0.176573 0.072676 -0.005233 0.183908 0.032692 -0.048821 -0.095462 -0.024270 -0.186875 -0.109782 -0.152037 0.190361 -0.053939 0.154060 0.066684 -0.052196 0.033146 -0.011343 -0.000555 -0.211677 0.015792 0.110401 -0.227045 -0.349120 -0.022424 -0.069733 -0.112133
0.433301 0.189960 0.468283 -0.027871 0.146084 -0.216561 1.000000 0.094040 0.217591 0.235320 0.100240 0.006914 0.268086 0.264245 0.082819 -0.054144 -0.284528 0.137111 0.495376 0.046983 -0.137009 -0.343295 0.115122 -0.353355 0.007345 -0.245160 -0.168659 -0.579108 0.385993 0.103215 0.074336 -0.134621 0.330782 0.301108 -0.166995 -0.185616 -0.151382 -0.259337 -0.185880 -0.042452 0.089697 0.002052 -0.346915 -0.301072 -0.096096 -0.412086 -0.404860 -0.345411 -0.161187 -0.236758 -0.154597 -0.335057 -0.287322 -0.315302 -0.092581 -0.330459 0.022383 0.153023 0.259093 0.083876 0.557730 0.159449 0.111011 0.210679 0.500921 0.033806 0.195914 -0.189812 0.198984 -0.253230 -0.172581 -0.170649 0.256964 -0.037462 0.059331 -0.110004 -0.074766 -0.382184 -0.080942 -0.115482 -0.129455 0.041501 0.393082 0.163628 0.105025 -0.310047 0.070815 0.190411 0.214462 -0.254595 -0.103211 0.016200 -0.037373 0.248018 0.074456 -0.039924 -0.244898 -0.003157 -0.160652 -0.048068 -0.017050 0.033125 -0.089814 -0.173217 -0.247897 -0.376913 -0.212251 -0.259479 0.248176 -0.180018 -0.158426 -0.068201 -0.145628 -0.017816 -0.405951 -0.222424
-0.189620 -0.235578 0.064919 0.541896 0.297302 0.525866 0.094040 1.000000 0.271805 0.569996 -0.086808 0.204271 0.065215 0.086866 -0.037605 0.054128 0.059212 -0.167168 -0.181045 -0.087566 0.091884 0.158602 -0.098026 0.072707 -0.010959 0.169573 -0.315888 -0.251339 -0.158935 -0.077789 0.119633 0.228514 -0.105004 0.267870 0.311285 0.142875 0.010764 -0.136784 -0.086781 0.120750 0.021044 -0.344117 -0.144836 -0.058312 -0.167465 0.162100 -0.157794 -0.120164 -0.376833 -0.038214 -0.269636 -0.182886 -0.262477 0.000481 -0.130108 -0.232592 0.007865 -0.303040 -0.204736 -0.083823 -0.024422 0.227977 0.057040 -0.081414 0.252833 0.515218 -0.303756 0.031386 -0.278369 -0.139480 0.139431 0.024912 -0.038266 0.018308 -0.229144 -0.004577 -0.068196 0.028903 0.119797 -0.214007 -0.052436 -0.101859 -0.005147 0.324727 0.018647 0.052830 -0.201124 -0.086336 -0.180565 0.238153 0.285593 0.126752 0.478488 0.151905 0.127012 0.198836 -0.138466 0.026228 -0.248229 -0.438112 0.199534 0.143268 0.003048 -0.119064 -0.097275 -0.189064 0.133288 -0.268928 0.097448 0.088916 -0.070334 -0.177562 -0.185856 0.031918 -0.217758 -0.153528
0.264033 -0.137173 0.357159 -0.118934 0.510428 0.036478 0.217591 0.271805 1.000000 0.171347 0.507485 0.089335 0.420253 0.000828 0.423305 0.186075 0.120793 -0.061371 -0.091554 0.080372 -0.221615 -0.075080 0.397510 -0.034348 -0.055547 0.107245 -0.320410 -0.121074 -0.036147 -0.049611 0.046983 0.026984 -0.231221 0.171639 0.016486 -0.034211 0.063785 -0.226660 0.023703 -0.050696 -0.047515 -0.286842 -0.192450 -0.180705 -0.177552 -0.028468 -0.156893 -0.051673 -0.072724 -0.182580 -0.119530 -0.240663 -0.240340 0.105166 0.184355 -0.022697 0.157711 -0.145069 -0.018122 -0.426904 -0.143252 -0.069140 -0.218158 -0.269959 0.448719 0.204237 -0.302603 -0.173129 -0.405597 0.058219 -0.128031 -0.308232 -0.236891 -0.058007 -0.310167 0.035971 -0.055094 -0.064441 -0.182776 -0.156651 -0.074076 -0.210109 0.282458 0.145628 -0.130340 -0.240980 0.175674 -0.013775 0.373351 0.294887 0.085366 0.231036 0.400369 -0.004698 0.107811 0.211655 -0.097010 0.223957 -0.131194 -0.189859 -0.012805 -0.162104 -0.007096 -0.203061 0.024279 -0.033248 -0.117873 -0.068984 0.103959 0.101523 -0.044171 0.069541 0.178403 -0.280133 0.006447 0.100459
-0.182674 0.058133 -0.108626 0.306112 0.144014 0.425955 0.235320 0.569996 0.171347 1.000000 -0.339282 0.188996 -0.111152 0.179997 -0.289184 -0.009264 -0.153592 0.180337 -0.041223 0.014273 -0.016383 0.080799 -0.440840 -0.190293 -0.179184 -0.272700 -0.356068 -0.464760 0.126819 0.192971 -0.066886 0.010929 0.150020 0.371087 0.245599 0.130325 -0.123234 -0.097025 -0.293317 0.133798 -0.038167 -0.202725 -0.398624 -0.302786 -0.203241 -0.139156 -0.282602 -0.270542 -0.367522 -0.107644 -0.506760 -0.221198 -0.218286 -0.088744 -0.096993 -0.222311 -0.073267 -0.069615 -0.093824 0.266883 0.336229 0.467542 0.230440 0.285506 0.090171 0.594717 -0.118501 -0.208816 0.103016 -0.014538 -0.010813 -0.116719 0.326532 0.055740 -0.153723 -0.121458 0.033152 -0.076217 0.110085 0.076689 0.311139 0.208767 -0.175328 0.100835 -0.054419 -0.154036 -0.338895 -0.060588 -0.274043 0.225439 0.349213 0.011442 0.337898 0.311561 -0.094685 -0.001842 -0.331079 -0.068398 -0.124419 -0.074639 -0.074806 0.153852 0.011924 0.033208 0.134167 0.012027 0.172064 -0.172786 -0.047040 -0.017726 -0.173660 0.078661 -0.147372 0.131332 -0.100983 -0.037244
0.535178 -0.007303 0.405771 -0.323584 0.303602 -0.167503 0.100240 -0.086808 0.507485 -0.339282 1.000000 0.225493 0.738031 0.089576 0.789640 0.402084 0.523548 -0.082884 -0.024357 -0.007193 -0.121794 -0.135341 0.610313 0.098603 -0.096557 0.019659 0.143009 0.125635 0.068197 -0.251373 0.055899 -0.139944 -0.270038 -0.094077 -0.044827 -0.011075 0.025895 -0.243390 0.060555 -0.104849 -0.053352 -0.129895 0.020813 -0.005306 0.142529 0.064059 0.088109 0.023565 0.281892 0.001925 0.231757 -0.080437 -0.179472 0.124089 -0.163219 -0.102216 0.357955 0.077651 0.129388 -0.485472 -0.125151 -0.173579 -0.374074 -0.516580 0.472719 -0.006662 -0.226115 -0.032822 -0.179449 0.113471 -0.103343 -0.199218 -0.427046 -0.238176 -0.220064 -0.079958 -0.100314 -0.147983 -0.090703 -0.332565 -0.309116 -0.440916 0.572062 0.122609 0.051952 -0.142511 0.398915 -0.020094 0.484115 -0.092715 -0.130302 0.130497 0.043519 -0.129420 0.138080 0.112734 0.043301 0.170260 -0.345614 -0.298468 -0.001375 -0.268993 -0.151836 -0.200415 -0.283844 -0.214763 -0.241723 -0.093163 0.038685 0.085396 0.164755 -0.014217 0.086979 -0.149012 -0.204420 -0.019000
0.110477 0.366502 -0.233422 -0.155837 0.062922 0.101359 0.006914 0.204271 0.089335 0.188996 0.225493 1.000000 0.189544 0.474222 0.121403 0.460897 0.107077 0.064103 -0.197407 -0.132750 -0.080087 0.088629 -0.138411 -0.068209 -0.349415 -0.180980 -0.102585 -0.069386 0.044501 -0.011029 -0.466984 -0.431206 -0.067885 -0.177479 0.078054 0.155280 -0.023782 -0.092905 -0.001252 -0.005742 -0.095848 -0.095251 -0.245051 -0.257212 0.077056 0.103696 -0.251988 -0.215590 0.183971 0.312505 -0.112922 0.178061 -0.088583 -0.081476 -0.016231 -0.104009 0.169780 0.010213 0.168831 0.010107 0.229498 0.437831 -0.168009 0.021947 0.022883 0.536367 -0.207278 -0.084755 -0.036326 0.175343 -0.011808 -0.097123 -0.205888 -0.148391 -0.164910 -0.182271 -0.020988 -0.095844 -0.142572 -0.243752 -0.036337 -0.058062 0.118444 0.191843 0.054540 0.203689 0.040660 -0.036788 0.108112 0.039527 -0.156637 -0.356146 -0.068775 -0.236210 -0.065516 -0.007027 -0.210694 -0.126445 -0.315496 -0.322266 0.228862 -0.112060 0.070982 -0.144361 -0.003762 -0.136384 -0.083849 -0.057637 -0.185750 0.004241 -0.140354 -0.134604 0.104455 0.091853 -0.045517 -0.199159
0.382539 -0.004350 0.376656 -0.280813 0.339547 -0.101963 0.268086 0.065215 0.420253 -0.111152 0.738031 0.189544 1.000000 0.331246 0.699611 0.419905 0.525546 0.017797 -0.045453 -0.040525 -0.140398 -0.164261 0.311407 -0.202134 -0.208469 -0.140397 -0.062476 -0.202386 0.347186 0.007668 -0.022627 -0.150591 -0.109215 0.001706 0.024461 0.053733 0.117183 -0.273732 0.027044 -0.087813 0.062993 -0.219334 -0.001613 0.012869 0.073596 -0.150480 0.018149 0.043971 0.121230 -0.006527 0.077102 -0.133008 -0.138728 0.104142 -0.111002 -0.145568 0.322573 0.104336 0.164956 -0.236473 0.150951 0.033246 0.046734 -0.223350 0.402518 -0.028930 -0.044342 -0.122001 -0.149093 -0.101730 -0.085801 -0.244878 -0.137632 -0.170041 -0.233960 -0.030113 0.027227 -0.141441 0.020991 -0.359099 -0.107136 -0.274114 0.449518 0.234269 -0.145731 -0.337016 0.229753 -0.013428 0.129760 -0.157985 -0.085201 0.116674 -0.020877 0.022202 0.202032 0.187214 -0.062563 0.243295 -0.245250 -0.222224 0.061887 -0.157371 -0.147302 -0.318959 -0.375201 -0.373811 -0.201749 -0.183837 0.173766 0.000047 0.172603 -0.069687 0.047110 -0.097179 -0.288568 -0.079794
0.054539 0.302320 -0.100946 -0.156413 0.095411 0.029642 0.264245 0.086866 0.000828 0.179997 0.089576 0.474222 0.331246 1.000000 0.102922 0.418842 0.039011 0.074689 -0.080552 -0.160408 -0.214963 -0.071739 -0.266763 -0.272024 -0.374417 -0.296461 -0.228765 -0.367673 0.240044 0.138797 -0.193746 -0.166345 0.020150 -0.022224 -0.000120 0.094905 -0.128028 -0.274190 -0.208754 -0.100734 0.038997 -0.069450 -0.150063 -0.065509 -0.022505 -0.108910 -0.109518 0.011979 0.061555 0.075480 -0.143702 0.116268 0.036200 -0.192073 -0.157929 -0.211870 -0.013098 0.039448 0.196763 0.133618 0.452073 0.510624 0.151410 0.285456 0.005687 0.369567 0.071979 -0.182807 0.078883 -0.111152 -0.081168 -0.229807 0.122325 -0.142320 -0.032106 -0.217989 0.064033 -0.199001 -0.111502 -0.019686 0.085330 0.030408 0.073289 0.050048 -0.131315 -0.260254 -0.150109 -0.022802 -0.153077 -0.231116 -0.116879 -0.176729 -0.178253 0.011887 0.076169 0.014264 -0.067165 0.002029 -0.118319 0.033879 0.107639 -0.026349 0.099802 -0.207195 -0.164175 -0.267388 -0.060022 -0.071246 0.101197 -0.078437 0.069262 -0.014517 0.014306 0.161439 -0.213698 -0.104111
0.267299 -0.053542 0.301661 -0.204634 0.397868 -0.057451 0.082819 -0.037605 0.423305 -0.289184 0.789640 0.121403 0.699611 0.102922 1.000000 0.487752 0.621677 -0.058671 -0.047064 -0.137713 -0.031641 -0.083590 0.558419 0.208607 0.111798 0.180711 0.137585 0.136575 0.133132 -0.142675 0.204342 0.072819 -0.269483 -0.144817 -0.057102 -0.169272 -0.137052 -0.229562 0.022617 -0.089791 -0.114748 -0.153858 0.124785 0.095770 0.125957 0.000089 0.105760 0.052032 0.197186 0.017123 0.294955 -0.013431 -0.145623 0.161348 -0.186932 -0.062409 0.200764 0.015221 0.080147 -0.378656 -0.121136 -0.219704 -0.201668 -0.494239 0.455908 -0.042385 -0.270043 -0.107682 -0.136986 0.044642 -0.087162 -0.150861 -0.329632 -0.166874 -0.081197 0.026795 0.003256 -0.125133 -0.002048 -0.259933 -0.398984 -0.486162 0.447080 0.082025 -0.112378 -0.233482 0.306677 -0.072960 0.382177 0.036795 -0.145587 0.103152 0.015826 -0.095468 -0.028173 0.098473 -0.001427 0.196742 -0.303805 -0.240416 0.045734 -0.091788 -0.144596 -0.101781 -0.281087 -0.169621 -0.194206 -0.007872 0.114846 0.018791 0.133640 -0.031336 -0.049893 -0.114062 -0.192138 -0.079592
0.171677 0.140235 0.039344 -0.060335 0.311104 0.043457 -0.054144 0.054128 0.186075 -0.009264 0.402084 0.460897 0.419905 0.418842 0.487752 1.000000 0.310685 -0.050147 -0.120253 -0.047988 -0.007688 0.027261 0.300055 0.133011 -0.151662 0.126741 0.025251 0.074752 0.173824 -0.003024 0.003230 -0.018244 -0.133957 -0.210953 0.070103 0.009890 -0.150821 -0.153740 0.012271 -0.065926 -0.104740 -0.190458 -0.087346 -0.129377 0.031309 -0.086232 0.041654 0.117997 0.209018 0.139714 0.121115 0.103168 0.084338 -0.015355 -0.051988 -0.149608 -0.016494 -0.000625 0.091867 -0.023714 -0.007124 0.173282 -0.176577 -0.080180 0.062948 0.182641 -0.211278 -0.167654 -0.017931 0.096441 0.071940 -0.027280 -0.214592 0.036735 0.154559 -0.040743 0.123724 0.107020 -0.285710 -0.203830 -0.233886 -0.319631 0.182095 0.163309 -0.289127 -0.276640 -0.017758 -0.150753 0.150505 0.021310 -0.076214 -0.009462 0.024530 -0.081041 -0.055563 0.015362 -0.003266 0.030654 -0.154183 -0.178214 0.140532 -0.051920 -0.141307 -0.222770 -0.247323 -0.337431 -0.066476 -0.167220 -0.070792 -0.012052 0.100214 0.084640 0.109346 -0.143199 -0.239753 -0.176069
0.058561 -0.042008 -0.026765 -0.069429 0.088482 0.118069 -0.284528 0.059212 0.120793 -0.153592 0.523548 0.107077 0.525546 0.039011 0.621677 0.310685 1.000000 -0.002737 -0.250323 -0.133266 0.059849 0.010218 0.193795 0.091459 -0.011092 0.107687 0.052167 0.125778 0.185000 -0.033125 0.153393 0.105113 -0.188709 -0.027749 0.135892 -0.075410 0.101726 -0.090034 0.065660 0.084571 -0.058903 -0.053522 0.127041 0.161708 0.119600 0.044018 0.198047 0.208422 0.041730 0.081807 0.067490 -0.049275 -0.004256 0.390052 -0.270139 -0.003659 0.451158 0.170941 -0.103213 -0.253924 -0.237920 -0.089156 -0.015910 -0.385473 0.157021 -0.022828 -0.308617 -0.130094 0.047388 0.111872 0.137295 -0.089678 -0.245309 -0.052257 -0.101029 0.152838 0.145148 0.147803 0.299751 -0.158629 -0.083732 -0.250870 0.214144 0.084510 -0.158279 -0.096297 0.102534 -0.076280 -0.001601 -0.046923 -0.032291 0.057628 0.039395 -0.170754 0.100896 0.210597 0.109564 0.267854 -0.215801 -0.161778 0.069028 -0.048254 -0.101978 -0.171543 -0.235011 -0.195764 -0.150692 -0.035247 -0.000491 0.166961 0.330895 0.142104 -0.008466 -0.081082 -0.151541 -0.060037
-0.016543 0.055156 0.073929 -0.086788 -0.207200 -0.149122 0.137111 -0.167168 -0.061371 0.180337 -0.082884 0.064103 0.017797 0.074689 -0.058671 -0.050147 -0.002737 1.000000 -0.022267 0.027315 -0.122547 0.008315 -0.165585 -0.235590 -0.265672 -0.222763 -0.233087 -0.233640 0.442001 0.258410 -0.034108 0.013850 0.271318 0.076927 0.111700 -0.073380 0.007520 -0.055390 0.011785 0.118444 0.099335 0.018811 -0.128395 -0.102198 -0.150710 -0.353439 0.019138 -0.230007 -0.182533 -0.223140 -0.131427 -0.191738 -0.108468 -0.091616 0.105855 -0.026587 -0.182503 0.115927 0.114885 0.109005 0.292382 0.144249 0.318693 0.334621 0.073975 -0.054099 0.224427 -0.171399 0.030684 -0.200332 -0.111734 -0.210179 0.195980 0.112481 0.057121 -0.042334 0.070613 -0.111006 0.185838 0.236393 0.239087 0.192384 -0.004995 0.019043 -0.019478 -0.060499 0.103773 0.132130 -0.171202 0.046757 -0.005719 -0.235393 -0.007319 -0.013956 -0.036302 0.029511 -0.057459 -0.029065 -0.089285 0.079686 -0.180850 -0.074458 -0.137307 -0.161222 0.009567 -0.008065 -0.003995 -0.043914 0.075367 -0.094033 -0.198219 0.083020 0.116160 0.216428 0.043069 -0.034561
0.298843 0.204329 0.244030 0.149763 -0.072241 -0.134650 0.495376 -0.181045 -0.091554 -0.041223 -0.024357 -0.197407 -0.045453 -0.080552 -0.047064 -0.120253 -0.250323 -0.022267 1.000000 0.106130 -0.123236 -0.184171 0.175319 -0.020772 0.209720 -0.019466 0.102335 -0.157375 0.170412 -0.002753 0.258042 -0.048016 0.089084 -0.036264 -0.108320 -0.200747 -0.271289 -0.007647 -0.031948 -0.157021 -0.013487 0.076231 -0.245877 -0.320528 -0.111517 -0.307820 -0.164564 -0.251619 -0.047349 -0.176628 0.232784 -0.085897 0.124850 -0.291222 -0.035636 -0.023816 0.120593 0.050688 -0.028486 0.096911 0.233364 -0.086454 -0.030602 0.000827 0.260700 -0.231756 0.185727 -0.052951 0.362570 -0.038635 -0.110174 -0.015576 0.118994 -0.193393 0.125879 -0.165861 -0.172453 -0.322817 -0.032022 -0.071320 -0.162812 -0.024643 0.278792 0.062039 0.200893 -0.177099 0.260935 0.188427 0.303731 -0.139098 -0.239382 0.071058 -0.335363 0.112520 -0.014939 -0.176564 -0.035571 -0.230378 0.079964 0.164107 -0.092121 -0.190436 0.087771 -0.011683 -0.123578 -0.091056 -0.336373 0.013047 0.003050 -0.028652 -0.093866 0.061324 -0.191008 0.037217 -0.125099 -0.020337
0.240991 0.210567 0.331116 -0.202462 0.153868 -0.168128 0.046983 -0.087566 0.080372 0.014273 -0.007193 -0.132750 -0.040525 -0.160408 -0.137713 -0.047988 -0.133266 0.027315 0.106130 1.000000 0.061750 -0.061275 0.131156 -0.178107 -0.228024 -0.086681 0.107083 -0.007631 0.224964 0.223345 0.159130 0.170063 0.193535 0.308615 -0.039696 -0.115054 0.029736 0.005286 -0.082785 -0.148796 0.013887 -0.090748 -0.162274 -0.151706 -0.078557 -0.374300 0.031933 -0.095038 -0.181212 -0.215112 -0.339478 -0.384313 -0.121851 0.120344 0.099657 -0.079627 -0.037215 0.198163 -0.034646 -0.100309 -0.238388 -0.169937 -0.015331 0.185726 -0.148019 -0.351855 0.051339 -0.261066 0.085448 0.255711 0.077557 -0.071156 0.172700 0.253736 -0.032673 -0.020812 0.077719 0.060654 -0.188710 -0.018459 0.135589 0.236704 -0.064318 0.014163 -0.095388 0.013991 -0.007227 -0.134287 0.005515 -0.128273 0.158363 0.159171 0.187507 0.025658 -0.098252 0.058006 -0.127463 -0.119871 0.143067 -0.020242 -0.086959 0.072630 -0.066615 -0.085124 0.249022 0.140050 0.123016 -0.123077 -0.197413 -0.132626 -0.132758 0.107544 0.503546 -0.160057 0.149014 0.063568
-0.132753 -0.141729 -0.104330 0.103697 -0.084661 0.119336 -0.137009 0.091884 -0.221615 -0.016383 -0.121794 -0.080087 -0.140398 -0.214963 -0.031641 -0.007688 0.059849 -0.122547 -0.123236 0.061750 1.000000 0.268469 -0.024636 0.094697 0.167147 0.266983 0.206055 0.099417 -0.103349 0.015555 0.195054 0.195797 0.119613 0.209527 -0.104915 -0.252354 -0.105106 0.139239 0.056781 0.038942 -0.152036 0.180768 0.092359 0.044381 0.126779 0.034028 0.101582 -0.033494 -0.115986 0.058059 -0.048438 -0.053242 -0.013151 0.082121 -0.101432 -0.034231 -0.073224 -0.056058 -0.056236 0.058019 -0.090763 -0.132964 0.060176 -0.008765 -0.033432 -0.033216 0.027867 0.085097 0.003579 0.058821 0.346357 0.262096 0.164952 0.185737 0.187712 0.103761 -0.011303 0.020443 0.198485 -0.071659 0.103651 0.023279 -0.199822 -0.138859 0.049220 0.134114 -0.163888 -0.064380 -0.134990 -0.038115 0.033120 -0.058462 -0.028437 0.050901 -0.208418 -0.067870 -0.187893 -0.199650 -0.082354 -0.116430 0.076327 0.214136 -0.173991 0.286469 -0.226958 0.009816 0.141979 0.093688 -0.033115 -0.076317 -0.125773 -0.051064 -0.190571 -0.070899 -0.195053 -0.127468
-0.264531 -0.175525 -0.104683 -0.001371 -0.011225 0.205218 -0.343295 0.158602 -0.075080 0.080799 -0.135341 0.088629 -0.164261 -0.071739 -0.083590 0.027261 0.010218 0.008315 -0.184171 -0.061275 0.268469 1.000000 -0.111012 0.059438 0.017247 0.212634 0.080467 0.324142 -0.130899 0.166071 0.107222 0.206741 0.065376 0.058881 0.055845 0.180813 -0.028114 0.039306 -0.099129 -0.014001 -0.116068 -0.049987 -0.073708 -0.078404 -0.006727 0.197361 0.014821 -0.022102 -0.088740 0.096693 0.055919 0.099566 0.142897 0.024036 -0.043924 0.114105 -0.089586 -0.114928 -0.001383 0.000715 -0.140198 0.044916 0.095798 0.050853 -0.245724 0.139742 -0.003325 0.060262 -0.136208 0.075732 0.195637 0.350849 0.041339 0.034759 0.064511 -0.030829 -0.063780 0.072037 0.025627 0.239662 0.235801 0.161821 -0.388313 -0.032968 -0.216497 0.043990 -0.162562 -0.113088 -0.188156 0.304490 0.085690 -0.265305 -0.002450 -0.104836 -0.342433 -0.160384 -0.055742 -0.339496 0.107583 0.084879 0.018412 -0.026210 0.001392 -0.150307 0.121923 0.059580 0.122484 0.117886 -0.354020 0.105130 -0.246609 -0.045076 -0.050482 0.039096 0.059736 0.046284
0.448129 -0.221390 0.551984 0.031873 0.356742 -0.219327 0.115122 -0.098026 0.397510 -0.440840 0.610313 -0.138411 0.311407 -0.266763 0.558419 0.300055 0.193795 -0.165585 0.175319 0.131156 -0.024636 -0.111012 1.000000 0.432000 0.311120 0.442175 0.320614 0.261750 -0.043340 -0.241489 0.450764 0.243189 -0.241720 -0.055387 -0.069607 -0.132579 0.004248 -0.011972 0.216886 0.009788 -0.003578 -0.035142 0.053577 -0.073317 -0.068107 -0.089792 0.012563 -0.028734 0.103288 -0.246184 0.298095 -0.192219 -0.180570 0.012793 0.132752 -0.077714 0.022750 -0.025843 -0.114470 -0.584550 -0.376688 -0.471910 -0.503917 -0.483059 0.509915 -0.263433 -0.338051 -0.103391 -0.227838 0.056252 0.058819 0.020404 -0.379282 0.064538 0.059071 0.172615 -0.006815 0.041642 -0.186138 -0.246704 -0.578355 -0.467148 0.497096 0.255602 0.042552 -0.037547 0.393029 0.179316 0.654441 0.061597 -0.043501 0.311973 0.220964 -0.155764 -0.013725 0.033105 -0.038248 0.121769 -0.213479 -0.254824 -0.091214 -0.128810 -0.316653 -0.142327 -0.306699 -0.200404 -0.092144 -0.234244 0.017326 -0.012815 -0.024947 0.042180 0.099279 -0.250794 -0.143997 0.038547
-0.169463 -0.301006 -0.071082 0.455146 -0.019716 0.292343 -0.353355 0.072707 -0.034348 -0.190293 0.098603 -0.068209 -0.202134 -0.272024 0.208607 0.133011 0.091459 -0.235590 -0.020772 -0.178107 0.094697 0.059438 0.432000 1.000000 0.372030 0.622941 0.390459 0.490777 -0.420171 -0.302681 0.258815 0.305639 -0.373126 -0.209612 0.137731 0.048914 -0.096009 0.199737 0.075721 0.097222 -0.137683 0.148528 0.184533 0.042901 -0.063807 0.364646 0.034016 0.003475 -0.006727 -0.040666 0.314069 0.165853 -0.143348 -0.086057 0.059291 -0.039240 -0.002677 -0.286278 -0.361783 -0.275256 -0.435408 -0.377967 -0.391153 -0.472477 0.159706 0.120086 -0.372671 0.318507 -0.090254 0.232608 0.097090 0.166905 -0.358666 0.010717 0.102754 0.090335 -0.087337 0.042119 -0.070802 -0.009009 -0.408425 -0.334848 0.110858 0.116454 0.197081 0.319203 0.239047 0.135372 0.344799 0.112368 0.005316 0.184312 0.146735 -0.133497 -0.129666 -0.089222 0.025014 -0.111302 -0.183917 -0.269743 -0.061441 -0.028621 -0.105055 0.275078 -0.144680 0.151285 0.029658 0.007364 -0.165041 -0.097273 -0.057881 -0.159418 -0.190468 -0.050271 0.042506 0.036581
-0.056874 -0.235215 0.050762 0.223055 0.076051 0.158718 0.007345 -0.010959 -0.055547 -0.179184 -0.096557 -0.349415 -0.208469 -0.374417 0.111798 -0.151662 -0.011092 -0.265672 0.209720 -0.228024 0.167147 0.017247 0.311120 0.372030 1.000000 0.488119 0.357802 0.284908 -0.222503 -0.406190 0.415553 0.380515 -0.012983 -0.064127 -0.025010 -0.117462 -0.290779 0.014096 0.069502 0.057005 -0.190531 0.012751 0.126646 0.061131 0.137880 0.160905 -0.075143 -0.097242 0.119919 0.090355 0.351233 0.139895 0.093702 -0.103836 -0.123035 -0.011063 -0.071190 -0.119998 -0.072300 0.004806 -0.189716 -0.272697 -0.272273 -0.267774 0.133860 -0.082338 -0.074176 0.197100 0.023165 -0.054817 0.102226 0.205547 -0.181415 -0.031044 0.056336 0.055805 -0.124785 0.006631 0.103020 -0.142131 -0.365974 -0.352900 -0.077672 -0.187197 -0.010559 -0.004494 0.017806 0.042248 0.215279 0.075800 -0.033002 0.081214 0.118684 -0.006026 -0.153660 -0.125638 0.099531 0.047510 0.014170 -0.071474 0.040816 0.100988 -0.178974 0.246792 -0.181225 0.057794 -0.051750 0.045438 0.149165 -0.141465 -0.044181 -0.006014 -0.304569 -0.139743 -0.091706 -0.096784
-0.226211 -0.414290 0.085189 0.354199 0.007182 0.226001 -0.245160 0.169573 0.107245 -0.272700 0.019659 -0.180980 -0.140397 -0.296461 0.180711 0.126741 0.107687 -0.222763 -0.019466 -0.086681 0.266983 0.212634 0.442175 0.622941 0.488119 1.000000 0.184432 0.399696 -0.311959 -0.175686 0.476945 0.568588 -0.082150 -0.013292 0.082840 -0.073136 -0.042418 0.035512 0.188646 0.090048 -0.052431 0.142782 0.170673 0.126144 0.015116 0.372182 0.029900 0.081984 -0.122545 -0.042484 0.278466 -0.003706 -0.075327 -0.132140 0.101068 -0.062331 -0.072893 -0.373987 -0.240804 -0.366418 -0.503176 -0.398544 -0.145696 -0.328665 0.141262 -0.134928 -0.239365 0.286483 -0.246009 -0.009054 0.141691 0.154562 -0.272699 0.136664 0.179431 0.251284 -0.092161 0.089573 -0.074186 -0.062988 -0.360756 -0.269019 0.038552 0.188842 -0.029306 0.228431 0.170093 0.115086 0.158689 0.109271 -0.061752 0.093907 0.165402 -0.171069 0.013000 -0.046255 0.066481 0.012826 0.002566 -0.225026 0.019798 -0.007521 -0.063482 0.014653 -0.185332 -0.018720 -0.056138 0.031873 -0.018487 0.044886 -0.018285 -0.103059 -0.078301 -0.253402 0.036736 -0.008346
0.152266 0.025896 0.046991 -0.034021 -0.034612 -0.073875 -0.168659 -0.315888 -0.320410 -0.356068 0.143009 -0.102585 -0.062476 -0.228765 0.137585 0.025251 0.052167 -0.233087 0.102335 0.107083 0.206055 0.080467 0.320614 0.390459 0.357802 0.184432 1.000000 0.506151 -0.135697 -0.288525 0.182876 0.067410 -0.058051 -0.037738 -0.027000 0.010875 -0.207379 0.069537 -0.021208 0.023033 -0.228264 0.124105 0.189555 0.074203 0.225576 0.079210 0.118277 -0.006790 0.247683 0.113383 0.230522 0.174963 -0.049127 0.008753 -0.136009 -0.008386 0.070276 0.033295 0.082571 0.034789 -0.163856 -0.273285 -0.287179 -0.321720 -0.084345 -0.180774 0.053970 0.185770 0.203221 0.193046 0.263364 0.276741 -0.089586 -0.032767 0.119195 -0.016161 0.034050 -0.001105 0.099965 -0.039222 -0.296608 -0.222107 0.022642 -0.092441 0.151225 0.192481 0.003768 0.164007 0.220488 -0.070882 0.007581 0.031270 -0.093868 -0.166265 -0.283285 -0.289872 -0.185497 -0.233381 -0.181040 -0.215596 -0.204943 0.213886 -0.254912 0.256607 -0.191048 0.037015 0.027688 -0.099240 -0.212826 -0.367992 -0.080085 -0.098768 -0.012130 -0.060971 -0.109128 0.007695
-0.036905 -0.038491 -0.134692 -0.116166 -0.089222 0.104418 -0.579108 -0.251339 -0.121074 -0.464760 0.125635 -0.069386 -0.202386 -0.367673 0.136575 0.074752 0.125778 -0.233640 -0.157375 -0.007631 0.099417 0.324142 0.261750 0.490777 0.284908 0.399696 0.506151 1.000000 -0.340695 -0.254055 0.133863 0.158590 -0.242858 -0.186945 0.034010 0.108407 -0.106125 0.180333 0.065143 0.141861 -0.174633 0.162240 0.235636 0.154927 0.238733 0.394223 0.163229 0.260650 0.310153 0.243076 0.391392 0.335753 0.114561 0.012280 -0.005612 0.125878 0.014028 -0.046269 -0.113759 -0.119484 -0.499785 -0.299485 -0.392659 -0.503787 -0.271805 -0.129725 -0.130530 0.277544 -0.046003 0.266413 0.140766 0.151871 -0.343301 0.059530 0.037445 0.026710 -0.045992 0.227256 -0.013198 0.058240 -0.218965 -0.222451 -0.140316 -0.193972 -0.018928 0.278734 0.069821 -0.054766 0.103808 0.122477 -0.182825 -0.072956 -0.063556 -0.285988 -0.188648 -0.163752 0.215884 -0.129339 0.015595 -0.142593 0.057714 0.061647 -0.092311 0.187234 0.117348 0.254153 0.043083 0.216100 -0.319744 0.007482 0.044799 0.061103 0.117522 -0.091732 0.126281 0.006723
0.295130 0.188789 0.235031 -0.241439 0.062885 -0.270114 0.385993 -0.158935 -0.036147 0.126819 0.068197 0.044501 0.347186 0.240044 0.133132 0.173824 0.185000 0.442001 0.170412 0.224964 -0.103349 -0.130899 -0.043340 -0.420171 -0.222503 -0.311959 -0.135697 -0.340695 1.000000 0.301540 0.046228 0.042316 0.340193 0.166684 -0.043346 -0.045337 -0.121278 -0.224037 -0.210496 0.110552 0.072701 0.025149 -0.136217 -0.129374 0.060575 -0.474012 -0.028179 -0.240024 -0.030917 -0.078110 -0.081934 -0.204480 -0.080658 0.015162 -0.046933 -0.122952 -0.041263 0.218718 0.148364 0.086158 0.343311 0.081438 0.328774 0.212194 0.148901 -0.225718 0.090647 -0.390108 0.235745 -0.133496 0.041184 -0.115863 0.404455 0.141544 0.042062 -0.052419 0.084338 0.025645 0.095402 0.196612 0.116556 0.051334 0.085808 -0.017691 -0.194509 -0.320853 0.074106 -0.012626 -0.168349 -0.116234 -0.066320 -0.024225 -0.055422 0.123042 -0.102933 0.101963 -0.135912 0.102080 0.007671 0.061466 -0.240037 0.068170 -0.225377 -0.323767 -0.062503 -0.235631 -0.045404 -0.215101 0.095648 -0.067173 0.013624 0.176323 0.108189 0.027529 -0.179930 -0.142879
-0.170068 0.099491 0.040368 -0.065313 0.002341 -0.178814 0.103215 -0.077789 -0.049611 0.192971 -0.251373 -0.011029 0.007668 0.138797 -0.142675 -0.003024 -0.033125 0.258410 -0.002753 0.223345 0.015555 0.166071 -0.241489 -0.302681 -0.406190 -0.175686 -0.288525 -0.254055 0.301540 1.000000 -0.079079 -0.013985 0.224356 0.221483 -0.007001 -0.049341 0.247863 -0.036613 -0.178545 -0.023362 0.273761 0.054728 -0.156259 -0.152050 -0.196027 -0.456144 -0.025388 -0.031810 -0.145197 -0.136498 -0.270931 -0.089885 0.035398 0.088519 0.206979 -0.026929 -0.179084 0.125206 0.007853 0.108118 0.099458 0.125612 0.364629 0.360966 -0.119987 -0.116572 0.095246 -0.428414 0.125910 -0.088810 -0.047466 -0.104678 0.355458 0.345057 0.317919 0.144254 0.182363 -0.006406 -0.000812 0.264858 0.334597 0.495540 -0.060529 0.187577 -0.106610 -0.175754 -0.057733 -0.050367 -0.236065 -0.002606 -0.043423 -0.216011 -0.080738 0.036876 -0.016157 0.016691 -0.186897 -0.022558 0.313518 0.341077 -0.118756 0.118125 -0.044791 -0.215384 0.039332 -0.023391 0.068385 0.057334 -0.099607 0.002100 -0.172344 0.033613 0.243832 -0.008865 0.080379 0.042626
0.061690 -0.228701 0.401059 0.341563 0.167713 0.088679 0.074336 0.119633 0.046983 -0.066886 0.055899 -0.466984 -0.022627 -0.193746 0.204342 0.003230 0.153393 -0.034108 0.258042 0.159130 0.195054 0.107222 0.450764 0.258815 0.415553 0.476945 0.182876 0.133863 0.046228 -0.079079 1.000000 0.746676 -0.063209 0.216786 0.085614 -0.136451 -0.240231 -0.088130 0.036589 0.023155 -0.093481 0.092678 0.014622 -0.053854 -0.110027 -0.083647 0.098369 0.008105 -0.283684 -0.355221 0.077616 -0.261170 0.003358 0.046927 -0.108987 -0.148821 -0.012808 -0.102544 -0.272161 -0.323165 -0.277129 -0.350710 -0.078624 -0.246306 0.337375 -0.257613 -0.133790 -0.080229 0.025869 -0.117514 0.287571 0.202254 0.059621 0.130975 0.101080 0.162457 0.039763 0.050553 0.054275 -0.051463 -0.258808 -0.264779 0.083142 0.124469 -0.012812 -0.157998 0.091279 0.100641 0.144208 0.073952 0.079569 0.218400 0.108407 0.065122 -0.036681 -0.041646 0.079465 -0.050102 -0.046787 -0.053493 -0.086143 0.072273 -0.220224 -0.052906 -0.209893 -0.091988 0.046117 0.012608 0.032742 -0.045815 0.027494 0.059859 -0.247233 -0.203201 -0.170060 0.052730
-0.194759 -0.337767 0.192776 0.334229 0.121797 0.149855 -0.134621 0.228514 0.026984 0.010929 -0.139944 -0.431206 -0.150591 -0.166345 0.072819 -0.018244 0.105113 0.013850 -0.048016 0.170063 0.195797 0.206741 0.243189 0.305639 0.380515 0.568588 0.067410 0.158590 0.042316 -0.013985 0.746676 1.000000 0.002078 0.284184 0.173170 0.031207 -0.181643 -0.116079 -0.044489 0.224113 -0.008285 -0.038944 0.018417 0.000195 -0.073875 0.041757 0.079342 -0.058091 -0.307713 -0.260029 0.071154 -0.204700 -0.104048 -0.007802 -0.068089 -0.132941 -0.144015 -0.165755 -0.257595 -0.281718 -0.342046 -0.315719 0.134932 -0.098449 0.113802 -0.126776 -0.133251 0.057427 -0.038906 -0.109182 0.215203 0.175476 0.119583 0.202962 0.146249 0.121025 0.009536 0.252519 0.112329 0.166550 -0.088168 -0.134454 -0.155884 0.050227 -0.133763 -0.046244 0.042450 0.002842 -0.061044 0.231447 0.170208 0.128704 0.347598 0.088118 -0.065898 0.139305 0.119155 0.031689 -0.022425 -0.080824 -0.101868 0.204234 -0.239919 -0.113622 -0.069705 -0.033579 0.111058 -0.070731 0.043429 0.018972 0.006849 0.083258 -0.090299 -0.257305 -0.054064 -0.051111
0.062848 0.125025 0.037592 -0.064216 -0.247609 -0.040443 0.330782 -0.105004 -0.231221 0.150020 -0.270038 -0.067885 -0.109215 0.020150 -0.269483 -0.133957 -0.188709 0.271318 0.089084 0.193535 0.119613 0.065376 -0.241720 -0.373126 -0.012983 -0.082150 -0.058051 -0.242858 0.340193 0.224356 -0.063209 0.002078 1.000000 0.395707 -0.036871 -0.177535 -0.073304 -0.127342 -0.238918 0.080931 0.078064 0.060030 -0.070768 -0.073387 0.079761 -0.234828 -0.020268 -0.215600 -0.114302 -0.033315 -0.141019 -0.227031 -0.010491 -0.083485 -0.053179 -0.156284 -0.117831 0.176929 0.241076 0.327786 0.248022 0.089339 0.317510 0.407443 -0.162358 -0.254993 0.342056 0.021359 0.308506 -0.171504 -0.022411 0.136032 0.386309 0.191423 0.214249 -0.001465 0.080513 -0.080577 0.117650 0.189385 0.186412 0.302195 -0.099384 -0.136210 -0.081162 -0.051496 -0.202020 0.029716 -0.280989 -0.249612 -0.021493 -0.183321 -0.053641 0.070855 -0.193128 -0.095647 -0.252409 -0.139267 0.105918 0.058266 -0.165166 0.154307 -0.103370 -0.112309 -0.006593 -0.248191 -0.048338 -0.234079 0.046508 -0.250031 -0.192639 -0.025416 0.062807 -0.023667 -0.319581 -0.326726
0.065485 0.086160 0.217496 0.083316 0.016154 0.058759 0.301108 0.267870 0.171639 0.371087 -0.094077 -0.177479 0.001706 -0.022224 -0.144817 -0.210953 -0.027749 0.076927 -0.036264 0.308615 0.209527 0.058881 -0.055387 -0.209612 -0.064127 -0.013292 -0.037738 -0.186945 0.166684 0.221483 0.216786 0.284184 0.395707 1.000000 0.041090 -0.101463 -0.005981 -0.203115 -0.337401 0.246330 0.210001 0.040776 -0.228900 -0.201307 -0.081503 -0.244622 -0.119887 -0.162014 -0.323258 -0.247592 -0.389357 -0.427064 -0.354620 -0.043422 -0.138282 -0.286759 0.131490 0.243786 0.028837 -0.020534 0.072735 0.053328 0.212837 0.201379 0.143670 0.077571 0.073392 -0.068276 0.188951 -0.018408 0.174193 0.044393 0.354003 0.259148 -0.008868 0.094256 0.140449 0.068269 0.280517 0.116310 0.256863 0.227019 0.057312 0.108658 0.043130 -0.012338 -0.208442 0.101783 -0.244695 -0.110631 0.008272 -0.093834 0.293774 0.083525 0.015364 0.030482 -0.354593 -0.055345 -0.170802 -0.161672 -0.280879 0.231126 -0.248376 -0.199389 -0.149706 -0.256352 0.025251 -0.324417 -0.094343 -0.141222 -0.170067 0.078984 0.104182 -0.194357 -0.272930 -0.138011
-0.228678 -0.195084 -0.033729 0.275226 0.134178 0.283284 -0.166995 0.311285 0.016486 0.245599 -0.044827 0.078054 0.024461 -0.000120 -0.057102 0.070103 0.135892 0.111700 -0.108320 -0.039696 -0.104915 0.055845 -0.069607 0.137731 -0.025010 0.082840 -0.027000 0.034010 -0.043346 -0.007001 0.085614 0.173170 -0.036871 0.041090 1.000000 0.224817 0.024661 -0.189546 0.072426 0.024627 -0.119263 -0.237343 -0.075839 -0.045707 0.056994 0.082235 -0.100378 -0.119783 -0.083364 0.037487 0.073603 0.079942 -0.007852 0.173584 -0.007676 -0.091556 0.019057 -0.209699 -0.204604 -0.039599 -0.069101 0.041041 -0.051392 -0.195585 0.096163 0.272407 -0.140836 0.126324 -0.103295 -0.035109 0.092924 0.056284 -0.025500 0.003972 -0.086870 0.037788 0.160304 0.076853 0.109750 0.126795 -0.046659 -0.192758 -0.097737 0.120959 -0.032348 0.010702 -0.068052 -0.070997 -0.205406 0.047141 0.243842 0.199110 0.236008 0.103003 0.005684 0.052177 -0.000880 0.024518 -0.050518 -0.230026 -0.079409 0.016643 -0.093774 0.068619 0.039541 0.106970 0.101646 -0.032665 -0.130424 0.052716 -0.105804 -0.087481 -0.031979 -0.001730 0.063419 -0.068925
-0.045436 -0.183207 -0.083016 0.083271 0.087141 0.336449 -0.185616 0.142875 -0.034211 0.130325 -0.011075 0.155280 0.053733 0.094905 -0.169272 0.009890 -0.075410 -0.073380 -0.200747 -0.115054 -0.252354 0.180813 -0.132579 0.048914 -0.117462 -0.073136 0.010875 0.108407 -0.045337 -0.049341 -0.136451 0.031207 -0.177535 -0.101463 0.224817 1.000000 0.226564 0.038572 -0.162461 0.061567 0.115373 -0.050711 -0.040353 -0.072627 0.096401 0.318969 -0.131304 0.130464 0.096097 0.203976 0.123891 0.140363 -0.019952 -0.166191 -0.070362 -0.073627 -0.051891 -0.247162 -0.092787 -0.096781 -0.092545 -0.036235 -0.051857 -0.097008 -0.128131 0.263648 -0.103207 0.306473 -0.114870 0.060906 0.012100 0.133504 -0.034701 -0.103992 -0.271060 -0.206461 0.045567 0.257711 -0.076795 0.047986 0.143863 0.079714 -0.193046 0.093532 -0.017224 0.024292 -0.005140 -0.155884 -0.132163 0.169461 0.069642 -0.047433 0.138448 0.039009 0.091829 -0.078941 0.037626 -0.051140 -0.103618 -0.014012 -0.098161 -0.164471 -0.050649 -0.261887 0.116049 0.030938 0.043181 -0.055189 -0.290046 0.255511 0.159067 -0.137640 0.020952 -0.009987 0.106040 0.083398
