1.000000 0.610520 0.296692 0.036724 -0.001292 -0.362819 0.375207 -0.044199 0.018037 -0.196255 0.419657 0.080083 0.238053 -0.002870 0.137993 -0.034517 0.377768 0.080630 0.488335 0.111566 0.059969 0.009025 -0.164251 -0.475046 -0.330049 -0.503771 -0.078474 -0.251314 0.247935 0.133915 0.009821 -0.065707 0.534009 0.474284 -0.009308 -0.085263 0.068301 -0.151974 -0.279253 -0.083969 -0.027529 -0.026453 -0.069536 -0.112847 -0.087647 -0.233229 -0.045374 -0.234599 -0.277911 -0.217228 -0.209428 -0.338501 -0.032002 -0.204886 -0.004018 -0.105700 0.587722 0.463235 0.365051 0.164469 0.518422 0.253609 0.408068 0.352429 0.094111 -0.244256 0.195883 -0.376259 0.181219 -0.172168 0.028062 0.123713 0.235488 0.042670 0.167153 0.197139 0.327354 0.179044 0.262463 0.141037 0.296747 0.117045 0.382053 0.076519 0.262155 -0.207257 -0.017451 -0.215556 0.349688 0.053163 -0.457168 -0.347569 -0.380774 -0.222109 -0.114317 0.006163 -0.082469 -0.081389 -0.360233 -0.110050 -0.031942 -0.086065 -0.176899 -0.187880 -0.203069 -0.097841 -0.074925 -0.007976 0.035911 0.015461 -0.300248 -0.398625 -0.092773 0.149184 0.110741 -0.064498
0.610520 1.000000 0.131745 -0.161739 -0.185610 -0.468013 0.310491 0.134159 -0.165783 -0.283807 0.142100 0.120601 0.080094 0.077789 -0.191889 -0.296564 0.206320 0.128603 0.445740 0.489931 -0.331899 -0.314093 -0.354091 -0.361357 -0.333235 -0.544917 -0.331200 -0.602693 0.103001 0.127004 -0.003645 -0.153260 0.465624 0.463082 -0.299568 -0.155983 -0.140102 -0.221127 -0.372615 -0.267456 -0.230646 -0.007570 -0.165950 -0.212271 0.015477 -0.113702 -0.122580 0.068455 -0.232967 -0.209294 -0.260754 -0.388319 -0.071716 -0.153437 -0.313350 -0.260957 0.481804 0.669758 0.213929 0.320494 0.348645 0.267578 0.352656 0.462337 -0.165070 -0.190688 0.149213 -0.033409 0.449529 0.217042 -0.033839 -0.171159 0.141763 0.104045 0.164578 0.225884 0.153722 0.098834 -0.021253 0.077423 0.277488 0.190520 0.014936 0.138980 -0.109243 -0.259302 -0.080710 -0.084573 -0.038351 -0.186645 -0.063515 0.037048 -0.145787 -0.051322 -0.291739 -0.083531 -0.242195 -0.092869 -0.052533 -0.041691 0.054392 0.044730 -0.059595 -0.091022 -0.240591 -0.254780 0.036708 -0.074453 -0.105678 -0.046579 -0.016147 -0.120125 0.000664 -0.006464 -0.084418 -0.073790
0.296692 0.131745 1.000000 0.217996 0.358368 0.238876 0.733675 0.465841 0.563073 0.368133 0.453636 0.292102 0.492758 0.273782 0.320861 0.209005 0.204235 -0.163569 0.297069 0.193080 0.182357 -0.133850 0.497426 0.193329 -0.018118 -0.120715 0.270102 -0.051109 0.135178 -0.147057 0.396408 0.292139 0.174590 0.256623 -0.098180 -0.123385 -0.367526 -0.420394 -0.398005 -0.445975 -0.236549 -0.305913 -0.152156 -0.247621 -0.044390 -0.011987 -0.343552 -0.279302 -0.105915 -0.101682 -0.120771 -0.283231 -0.060044 -0.312502 -0.331011 -0.431851 0.090432 -0.016931 0.198514 0.010878 0.374517 0.045896 0.325253 0.005415 0.286285 -0.236141 0.083574 0.009557 -0.055272 0.090515 0.082948 0.015715 -0.016167 -0.216436 -0.203036 -0.061250 -0.072842 -0.127348 -0.162480 -0.174419 -0.071440 -0.197643 0.310582 0.176527 -0.136835 -0.511902 -0.148036 -0.280090 0.250058 -0.217445 -0.084179 -0.038943 -0.280748 -0.062048 -0.383317 -0.332054 -0.490099 -0.406911 -0.381341 -0.247858 -0.156859 -0.197978 -0.318582 -0.340769 -0.478925 -0.341961 -0.145058 -0.150296 -0.212493 -0.250456 -0.245033 -0.385728 -0.151510 -0.308520 -0.200715 -0.281342
0.036724 -0.161739 0.217996 1.000000 0.087139 0.411709 -0.052936 0.448554 -0.098943 0.132622 -0.045126 0.117630 -0.109072 -0.074703 0.118696 0.266111 -0.122756 -0.288951 -0.033017 -0.177650 0.378309 0.481070 0.576485 0.499541 0.144693 0.426909 0.466202 0.491361 -0.234903 -0.284814 0.325793 0.515375 -0.140607 0.024557 -0.019832 -0.031426 -0.122817 -0.085025 0.089259 0.150899 -0.019213 0.087193 0.025457 -0.098976 -0.291477 -0.216331 -0.128451 -0.170590 -0.143238 -0.158725 0.062544 -0.012390 0.207140 0.147253 0.189973 0.087454 -0.074251 -0.161277 -0.187873 -0.044182 -0.251302 0.066059 -0.395101 -0.299803 -0.064632 0.142675 -0.206867 -0.162358 -0.188504 -0.018760 -0.040838 0.333007 -0.305646 -0.152846 -0.168793 -0.086476 -0.243255 -0.211220 -0.042620 -0.202548 -0.178906 -0.311011 0.322166 0.212184 -0.154622 -0.208438 0.074101 -0.066240 0.359478 0.285627 -0.198703 -0.190475 0.020021 -0.207108 -0.050071 0.146358 -0.036993 0.141457 -0.184670 -0.032711 -0.064325 -0.238125 -0.111453 -0.081996 -0.052423 0.117770 -0.194649 0.057825 0.135713 -0.055208 -0.295917 -0.167509 0.021680 0.071864 0.082114 0.150326
-0.001292 -0.185610 0.358368 0.087139 1.000000 0.633665 0.289358 0.109148 0.581146 0.648387 0.188583 0.088768 0.235749 0.104850 0.353519 0.353164 0.088678 -0.193335 0.082648 0.099027 0.408484 0.135228 0.344626 0.187078 0.513992 0.130732 0.428568 0.234335 0.033068 -0.128311 0.027332 0.045365 0.058976 0.058269 0.065625 -0.104540 -0.129667 -0.418456 -0.168587 -0.255627 -0.030496 -0.223736 -0.020354 -0.134480 0.007072 0.066989 -0.119050 -0.073132 -0.092210 -0.004712 -0.063315 -0.150781 -0.078909 -0.302699 -0.057865 -0.313368 -0.007752 -0.247309 0.011507 -0.186663 0.081922 -0.236855 0.151840 -0.178610 0.128857 -0.287567 0.032282 0.095080 -0.127163 0.066806 0.129870 0.018028 -0.072388 -0.116179 -0.159796 0.109673 -0.004431 -0.253069 -0.105445 -0.241139 0.159394 -0.105601 0.295831 0.013000 0.121999 -0.271497 0.103471 -0.199795 0.093611 -0.230827 -0.031992 0.032977 -0.104656 -0.002310 -0.383048 -0.100574 -0.293823 -0.195274 -0.113759 -0.127148 -0.146410 0.034116 -0.035871 0.020216 -0.038400 -0.059607 -0.422124 -0.232603 -0.209214 -0.343892 -0.026807 -0.032023 -0.080543 -0.228463 -0.062194 -0.226682
-0.362819 -0.468013 0.238876 0.411709 0.633665 1.000000 -0.036124 0.339762 0.431060 0.736863 -0.116592 0.172316 0.030766 0.140659 0.244136 0.539467 -0.155669 -0.285844 -0.229952 -0.053705 0.459674 0.282981 0.490426 0.594804 0.525543 0.596789 0.624389 0.592769 -0.231976 -0.277737 0.155299 0.285097 -0.368996 -0.147148 0.034259 0.098289 -0.239966 -0.167585 0.118260 0.034851 0.008844 -0.116485 -0.044612 -0.080029 -0.091759 0.105660 -0.140412 0.025873 -0.023031 -0.048633 -0.047371 -0.004431 -0.116982 -0.148864 0.048811 -0.171051 -0.297145 -0.477786 -0.194114 -0.227005 -0.267547 -0.153757 -0.210862 -0.368813 0.019616 0.075038 -0.220770 0.211490 -0.233015 0.157145 0.068072 0.029104 -0.388928 -0.242776 -0.329802 -0.087542 -0.244374 -0.264364 -0.316690 -0.372646 -0.205423 -0.324281 0.225414 0.159529 -0.146123 -0.177376 0.056125 -0.046369 0.098068 -0.037166 0.088137 0.021227 0.032686 -0.035230 -0.231059 -0.041147 -0.152279 -0.109797 -0.001291 -0.209866 -0.165547 -0.152288 -0.100765 -0.017529 0.056025 0.073551 -0.155446 -0.037473 -0.039095 -0.222174 0.023740 -0.037570 -0.078896 -0.204838 -0.064683 -0.027421
0.375207 0.310491 0.733675 -0.052936 0.289358 -0.036124 1.000000 0.385430 0.471700 0.210310 0.513835 0.339212 0.574923 0.274665 0.261746 0.074144 0.398406 0.114829 0.369096 0.250246 0.105289 -0.224064 0.222132 -0.110429 -0.251287 -0.415079 0.043985 -0.266819 0.372364 0.056743 0.270003 0.150664 0.410794 0.468858 -0.090811 -0.156046 -0.284608 -0.451878 -0.553493 -0.552367 -0.227592 -0.305426 -0.140587 -0.151568 0.106547 0.056179 -0.195637 -0.198462 -0.213350 0.017585 -0.129481 -0.221370 -0.015543 -0.244673 -0.403541 -0.432531 0.238742 0.192655 0.130202 -0.038269 0.471668 0.005163 0.543316 0.284289 0.299316 -0.376863 0.069391 -0.097174 -0.006859 -0.006967 0.077510 -0.084795 0.258922 -0.053222 -0.010830 0.076260 0.163586 -0.036506 -0.013890 0.026246 0.145828 0.029034 0.281348 0.119313 0.012583 -0.411010 -0.162268 -0.358548 0.129524 -0.268540 -0.156269 -0.042157 -0.360300 -0.071017 -0.487887 -0.255097 -0.462632 -0.366535 -0.364953 -0.165685 -0.174134 -0.081307 -0.315725 -0.320185 -0.505821 -0.455255 -0.203883 -0.212339 -0.276156 -0.227810 -0.158373 -0.302430 -0.028332 -0.279690 -0.267564 -0.354347
-0.044199 0.134159 0.465841 0.448554 0.109148 0.339762 0.385430 1.000000 0.191589 0.431654 0.180258 0.518665 0.317561 0.484581 0.066255 0.337854 0.198117 0.009322 -0.129411 0.138032 0.021618 -0.080602 0.265430 0.366087 -0.211840 0.115430 0.072893 -0.117304 0.122414 0.032692 0.531114 0.539600 -0.015700 0.276944 -0.273782 -0.075746 -0.274137 -0.162025 -0.232215 -0.207122 -0.065831 0.079838 -0.041784 -0.170665 -0.088719 0.008342 -0.242245 -0.075705 -0.114978 -0.141290 -0.073785 -0.086059 0.102546 -0.008582 -0.328353 -0.231968 0.113896 0.048546 -0.221353 -0.014980 -0.042935 0.149451 0.073803 0.057035 -0.112654 0.053465 -0.340755 0.061733 -0.046680 0.118120 0.302566 0.170346 -0.003199 0.098032 0.025365 0.031388 -0.036971 -0.074350 -0.197862 -0.128793 0.021165 -0.028090 0.169749 0.416985 -0.232500 -0.279929 -0.094870 -0.032038 0.028742 -0.040826 -0.038823 -0.129382 -0.167828 -0.345744 -0.415898 -0.192815 -0.376346 -0.255333 -0.248429 -0.308568 -0.195980 -0.406774 -0.376752 -0.494907 -0.545237 -0.517214 0.014643 -0.252064 -0.216966 -0.178351 -0.181553 -0.306886 -0.161275 -0.438041 -0.344953 -0.288838
0.018037 -0.165783 0.563073 -0.098943 0.581146 0.431060 0.471700 0.191589 1.000000 0.625043 0.419420 0.292469 0.534513 0.346563 0.574609 0.484511 0.312060 -0.003734 0.013249 0.065515 0.142925 -0.163299 0.378005 0.164243 0.174468 0.061818 0.215509 -0.040657 0.333704 0.080033 0.284550 0.215768 0.039209 0.141312 -0.006854 -0.001683 -0.207452 -0.264439 -0.228181 -0.330249 0.118632 -0.044014 -0.052193 -0.124441 0.026653 0.094792 -0.221103 -0.257949 -0.003092 -0.062187 -0.097606 -0.167143 -0.160792 -0.393642 -0.269687 -0.429493 -0.097167 -0.301310 0.074437 -0.219842 0.236594 -0.089210 0.354538 -0.016605 0.259516 -0.247835 -0.057028 0.071935 -0.190488 -0.027634 0.315603 0.095904 0.130957 -0.048515 -0.071132 0.104400 0.097209 -0.085362 -0.076469 -0.077538 0.192426 0.007551 0.333575 0.205077 0.031071 -0.284474 0.083337 -0.008351 -0.021486 -0.334897 -0.038187 -0.004037 -0.276305 -0.014350 -0.354475 -0.377450 -0.422231 -0.458031 -0.344339 -0.286960 -0.197974 -0.120074 -0.312187 -0.240197 -0.342874 -0.289181 -0.299831 -0.241656 -0.366594 -0.284504 -0.163288 -0.328812 -0.221342 -0.313164 -0.226565 -0.380202
-0.196255 -0.283807 0.368133 0.132622 0.648387 0.736863 0.210310 0.431654 0.625043 1.000000 0.125522 0.355973 0.288023 0.341371 0.234210 0.592955 0.153863 -0.058930 -0.183952 -0.071032 0.314691 -0.104497 0.249345 0.228225 0.302604 0.242391 0.361089 0.132717 0.124285 0.058783 0.306945 0.293482 -0.097014 0.035223 -0.067227 -0.005808 -0.166126 -0.106493 -0.138871 -0.168941 0.033275 -0.100858 0.047123 -0.001591 0.068985 0.140863 -0.057789 -0.106432 -0.034508 0.008018 -0.017856 0.011258 -0.040778 -0.155575 -0.094541 -0.269790 -0.115879 -0.254393 -0.134507 -0.187121 -0.005064 -0.034469 0.145762 -0.095244 0.069207 -0.091319 -0.132281 0.079713 -0.197092 0.026106 0.178512 0.059764 -0.038242 -0.025103 -0.163877 0.035294 -0.050317 -0.158397 -0.220147 -0.162013 -0.090102 -0.114302 0.139001 0.161575 -0.091499 -0.197381 -0.042824 -0.116730 -0.011959 -0.190026 -0.075528 -0.147761 -0.121215 -0.144468 -0.302882 -0.100203 -0.246001 -0.263478 -0.110735 -0.273937 -0.124498 -0.205607 -0.225643 -0.213842 -0.149030 -0.169984 -0.129177 -0.208472 -0.160082 -0.197229 0.005692 -0.103058 -0.116171 -0.243541 -0.105878 -0.090892
0.419657 0.142100 0.453636 -0.045126 0.188583 -0.116592 0.513835 0.180258 0.419420 0.125522 1.000000 0.561744 0.793982 0.615896 0.461139 0.335722 0.704213 0.342840 -0.004724 -0.077596 0.005806 -0.110852 0.193940 -0.116780 -0.288418 -0.172969 -0.107354 -0.266152 0.589864 0.283026 0.367741 0.318227 0.279117 0.395610 0.043376 0.011517 0.007944 -0.173652 -0.347931 -0.365657 0.181761 0.112318 0.094451 0.051066 -0.026044 0.015288 -0.232904 -0.328098 0.012855 -0.019536 0.065293 -0.069728 0.177752 -0.171217 -0.214839 -0.260917 0.140961 -0.023721 0.074917 -0.222338 0.424957 0.049401 0.468896 0.336159 0.230254 -0.152665 -0.164786 -0.264443 -0.339393 -0.265931 0.320769 0.391419 0.473081 0.189030 0.232026 0.220322 0.428110 0.251588 0.362410 0.243611 0.341569 0.222988 0.353644 0.147969 0.260968 -0.116312 -0.059366 -0.168455 0.081530 -0.076258 -0.363859 -0.398744 -0.534209 -0.364570 -0.272189 -0.324877 -0.371664 -0.425248 -0.615499 -0.364954 -0.252313 -0.310037 -0.459148 -0.446152 -0.526467 -0.374391 -0.221824 -0.214629 -0.299927 -0.224605 -0.288087 -0.577962 -0.313720 -0.261944 -0.271830 -0.433897
0.080083 0.120601 0.292102 0.117630 0.088768 0.172316 0.339212 0.518665 0.292469 0.355973 0.561744 1.000000 0.577982 0.806564 0.287023 0.611255 0.524366 0.470555 -0.216010 -0.074551 -0.012230 -0.225494 0.137167 0.100288 -0.216932 0.122520 -0.047632 -0.216358 0.487722 0.399549 0.571949 0.544396 0.132731 0.404493 -0.056535 -0.027166 -0.048033 0.010118 -0.273547 -0.251434 0.090005 0.179045 0.014008 0.052343 -0.068306 -0.003396 -0.248329 -0.271624 -0.080504 -0.039699 -0.026824 0.058559 0.053097 -0.009674 -0.325439 -0.273024 0.051275 0.008686 -0.233597 -0.283490 0.056841 0.210800 0.187112 0.409249 -0.005549 0.133836 -0.428190 -0.212756 -0.254593 -0.204593 0.267067 0.316049 0.356109 0.437954 0.333838 0.373098 0.326431 0.261165 0.164762 0.287644 0.077496 0.206325 0.219700 0.261456 -0.106728 0.066968 -0.083999 -0.066334 -0.164448 -0.106135 -0.326423 -0.387967 -0.379487 -0.402012 -0.400299 -0.165427 -0.346115 -0.404670 -0.564678 -0.466192 -0.245054 -0.424025 -0.467522 -0.464925 -0.460342 -0.381265 -0.136812 -0.234657 -0.230915 -0.157795 -0.234906 -0.460805 -0.194388 -0.248274 -0.253042 -0.253488
0.238053 0.080094 0.492758 -0.109072 0.235749 0.030766 0.574923 0.317561 0.534513 0.288023 0.793982 0.577982 1.000000 0.706309 0.510947 0.379519 0.587106 0.357280 -0.109374 -0.138919 0.050239 -0.109509 0.136038 -0.110467 -0.317595 -0.075162 -0.071728 -0.258984 0.606085 0.328438 0.421165 0.307902 0.241112 0.305221 -0.056031 -0.051835 -0.093901 -0.211989 -0.359605 -0.356789 0.131173 0.019963 0.109829 -0.016304 0.089471 0.090522 -0.189654 -0.319696 0.050305 0.072841 0.162057 0.062653 0.254049 -0.081739 -0.270533 -0.269120 0.102701 -0.018424 0.026215 -0.242784 0.384833 -0.035680 0.445995 0.356508 0.109497 -0.150592 -0.115171 -0.150736 -0.256351 -0.238574 0.363697 0.269860 0.465151 0.184589 0.180454 0.149696 0.316334 0.220164 0.264554 0.100700 0.289643 0.210032 0.242348 0.074962 0.115399 -0.139425 -0.037527 -0.097209 0.003504 -0.123877 -0.345623 -0.324827 -0.504301 -0.321993 -0.435179 -0.306279 -0.436229 -0.439791 -0.578800 -0.285536 -0.276382 -0.265888 -0.482310 -0.456555 -0.511078 -0.405858 -0.153415 -0.331172 -0.390594 -0.253459 -0.357893 -0.508141 -0.144681 -0.263621 -0.343886 -0.399657
-0.002870 0.077789 0.273782 -0.074703 0.104850 0.140659 0.274665 0.484581 0.346563 0.341371 0.615896 0.806564 0.706309 1.000000 0.328111 0.552891 0.474985 0.482875 -0.334578 -0.051157 -0.109440 -0.226811 0.048560 0.087456 -0.244943 0.127989 -0.163659 -0.280956 0.512236 0.449141 0.540949 0.435125 -0.003270 0.220283 -0.177919 -0.006460 -0.081350 -0.000570 -0.218053 -0.214998 0.246270 0.230464 0.126919 0.096336 -0.057252 0.066014 -0.145148 -0.118727 -0.011325 -0.031644 -0.029762 0.076500 0.078291 -0.006009 -0.327311 -0.200824 -0.020568 -0.084010 -0.226596 -0.264314 -0.011466 -0.034862 0.159477 0.332997 -0.182236 -0.021434 -0.481069 -0.105323 -0.255608 -0.171087 0.371784 0.327910 0.407518 0.408139 0.323354 0.330649 0.269690 0.261477 0.124898 0.164675 0.135650 0.293848 0.097253 0.296687 -0.120401 0.103667 -0.063755 0.029649 -0.280167 -0.070623 -0.192305 -0.265809 -0.396232 -0.374781 -0.332517 -0.264190 -0.326097 -0.387221 -0.473125 -0.385278 -0.267301 -0.369810 -0.423980 -0.462440 -0.477134 -0.429441 -0.008246 -0.298432 -0.348056 -0.200350 -0.173669 -0.412405 -0.239914 -0.382473 -0.393874 -0.380510
0.137993 -0.191889 0.320861 0.118696 0.353519 0.244136 0.261746 0.066255 0.574609 0.234210 0.461139 0.287023 0.510947 0.328111 1.000000 0.434991 0.282074 0.079114 -0.001393 -0.160477 0.297976 0.246303 0.370846 0.037325 0.048919 0.155567 0.304585 0.180865 0.466898 0.191481 0.256465 0.250128 0.097067 0.094665 0.130478 -0.053740 0.063182 -0.132368 0.016079 -0.039777 0.141760 0.085454 -0.007455 -0.065469 -0.133838 -0.067306 -0.158546 -0.354356 -0.174149 -0.110773 -0.002660 -0.125607 0.052909 -0.120821 0.070457 -0.126525 -0.032547 -0.165428 -0.029325 -0.319065 0.185189 -0.122793 0.062593 -0.063597 0.188853 -0.147674 -0.164983 -0.192166 -0.244350 -0.196983 0.233328 0.246075 0.307354 0.112097 0.147924 0.221087 0.232698 0.141091 0.162077 0.021486 0.215986 0.080783 0.557908 0.218086 0.331253 -0.019097 0.260245 -0.020594 0.200428 -0.122627 -0.406891 -0.338302 -0.344494 -0.259414 -0.205005 -0.150258 -0.231023 -0.211556 -0.494946 -0.208923 -0.292870 -0.261534 -0.312164 -0.331890 -0.269139 -0.143327 -0.354687 -0.174784 -0.240615 -0.186568 -0.229287 -0.395547 -0.206404 -0.173181 -0.094064 -0.199594
-0.034517 -0.296564 0.209005 0.266111 0.353164 0.539467 0.074144 0.337854 0.484511 0.592955 0.335722 0.611255 0.379519 0.552891 0.434991 1.000000 0.280513 0.268184 -0.343916 -0.297435 0.225274 0.073787 0.244996 0.230435 0.132577 0.384062 0.278810 0.233033 0.353942 0.351369 0.412236 0.484227 -0.191130 0.032712 -0.001179 0.093335 0.155169 0.232316 0.149698 0.194772 0.369851 0.323515 0.167280 0.104258 -0.224920 -0.081484 -0.064548 -0.240554 -0.118559 -0.153632 -0.069514 0.091588 0.012879 0.048954 0.084369 0.054073 -0.171424 -0.383615 -0.335200 -0.472310 -0.139145 0.046196 -0.062777 0.085544 -0.073674 0.081034 -0.524101 -0.271708 -0.414887 -0.324475 0.326210 0.456334 0.208567 0.356983 0.241289 0.320020 0.261689 0.236682 0.113180 0.125219 0.025913 0.152332 0.386415 0.438548 -0.012860 0.200431 0.144454 0.175346 0.074077 0.165912 -0.408659 -0.449947 -0.341218 -0.391136 -0.141882 0.051480 -0.108133 -0.120755 -0.515572 -0.327721 -0.206690 -0.482909 -0.393448 -0.397109 -0.246086 -0.130222 -0.154560 -0.097298 -0.058773 0.009474 -0.249205 -0.405565 -0.227262 -0.100260 -0.059862 -0.118195
0.377768 0.206320 0.204235 -0.122756 0.088678 -0.155669 0.398406 0.198117 0.312060 0.153863 0.704213 0.524366 0.587106 0.474985 0.282074 0.280513 1.000000 0.554548 -0.064962 -0.166847 0.126581 -0.094942 -0.092031 -0.342959 -0.337764 -0.218686 -0.104633 -0.274907 0.689852 0.470486 0.329065 0.259661 0.433111 0.551977 0.113314 0.104640 0.199777 0.025151 -0.336406 -0.247205 0.258233 0.306963 0.175039 0.177093 0.141707 0.053022 -0.139839 -0.368945 0.015722 0.074965 0.157728 -0.014308 0.148173 -0.205577 -0.178071 -0.215669 0.397122 0.208691 -0.048132 -0.162340 0.326118 0.107254 0.637398 0.497991 0.167312 -0.050769 -0.059287 -0.294231 -0.254575 -0.348898 0.373192 0.329544 0.624208 0.461096 0.494968 0.337884 0.617755 0.270322 0.514993 0.501743 0.519158 0.478452 0.278117 0.094449 0.388920 0.022326 -0.064403 -0.015228 -0.003586 -0.122308 -0.503736 -0.556768 -0.576296 -0.553236 -0.309450 -0.200547 -0.198719 -0.351384 -0.509945 -0.329813 -0.324006 -0.392617 -0.557410 -0.535528 -0.562295 -0.479441 -0.305824 -0.392469 -0.301072 -0.201727 -0.273972 -0.534764 -0.252156 -0.230102 -0.233921 -0.365681
0.080630 0.128603 -0.163569 -0.288951 -0.193335 -0.285844 0.114829 0.009322 -0.003734 -0.058930 0.342840 0.470555 0.357280 0.482875 0.079114 0.268184 0.554548 1.000000 -0.275782 -0.241360 -0.003458 -0.213124 -0.324768 -0.440146 -0.417834 -0.211607 -0.209315 -0.272885 0.627545 0.766696 0.145822 0.024375 0.233005 0.203153 0.132169 0.101714 0.447481 0.497697 -0.001265 0.062242 0.380016 0.430425 0.027844 0.216323 -0.012948 -0.099929 0.036565 -0.091482 -0.138729 0.085958 -0.034455 0.206596 -0.025921 0.012761 -0.025509 0.151645 0.061237 0.143852 -0.292520 -0.240815 -0.010906 -0.047154 0.248747 0.687145 -0.181910 0.035709 -0.255783 -0.307565 -0.090017 -0.312653 0.177880 0.202026 0.713056 0.665987 0.637457 0.312944 0.581051 0.509477 0.493743 0.690257 0.292144 0.697610 -0.097986 0.073040 0.105286 0.397749 -0.102490 0.174066 -0.253171 0.103970 -0.406602 -0.409352 -0.430432 -0.397819 0.007440 0.129992 0.156288 -0.062305 -0.246139 -0.128674 -0.213618 -0.235097 -0.348060 -0.293408 -0.277059 -0.238868 -0.033637 -0.239533 -0.163560 0.257317 0.028791 -0.246291 -0.180095 -0.001598 -0.068675 -0.118188
0.488335 0.445740 0.297069 -0.033017 0.082648 -0.229952 0.369096 -0.129411 0.013249 -0.183952 -0.004724 -0.216010 -0.109374 -0.334578 -0.001393 -0.343916 -0.064962 -0.275782 1.000000 0.632361 -0.077389 -0.112319 0.019730 -0.126910 -0.078171 -0.489960 -0.019936 -0.127174 -0.108137 -0.267253 -0.197646 -0.235989 0.396065 0.335564 -0.163298 -0.297175 -0.265536 -0.430146 -0.343336 -0.218287 -0.340431 -0.309293 -0.351831 -0.328986 -0.150941 -0.229471 -0.196733 -0.076949 -0.439756 -0.327337 -0.402584 -0.580905 -0.257305 -0.371807 -0.202559 -0.282151 0.301496 0.375575 0.352809 0.267866 0.314983 0.071322 0.300244 -0.024706 0.156177 -0.390838 0.375096 0.003154 0.510542 0.324369 -0.321840 -0.377842 -0.121364 -0.250935 -0.196269 -0.032504 -0.070134 -0.130069 -0.114750 -0.090919 0.125234 -0.099780 0.304854 0.067390 0.006650 -0.358224 -0.016344 -0.340354 0.247561 -0.213926 0.114710 0.239971 0.038763 0.281744 -0.158702 -0.009150 -0.248574 0.096176 -0.041120 0.066412 0.176675 0.278875 0.248387 0.191589 0.065267 0.065647 -0.086012 0.186540 0.110043 -0.098911 0.037183 0.040395 0.040478 0.055578 0.180673 0.039383
0.111566 0.489931 0.193080 -0.177650 0.099027 -0.053705 0.250246 0.138032 0.065515 -0.071032 -0.077596 -0.074551 -0.138919 -0.051157 -0.160477 -0.297435 -0.166847 -0.241360 0.632361 1.000000 -0.351396 -0.345852 -0.009461 0.262381 0.012948 -0.358369 -0.166688 -0.288749 -0.247220 -0.292068 -0.189549 -0.236386 0.131368 0.235098 -0.373162 -0.208467 -0.472554 -0.493508 -0.441226 -0.416930 -0.328312 -0.267483 -0.478206 -0.502196 -0.117599 -0.082764 -0.344023 0.276129 -0.265370 -0.369061 -0.523316 -0.627970 -0.492294 -0.510128 -0.583144 -0.477032 0.090045 0.244748 0.247352 0.346856 0.111152 0.011806 0.202291 -0.057123 -0.069627 -0.291293 0.140516 0.449836 0.573925 0.702336 -0.068350 -0.409632 -0.293156 -0.238246 -0.214369 0.028606 -0.143759 -0.148217 -0.391334 -0.269502 0.175139 -0.058308 0.032981 0.240642 -0.313921 -0.410783 -0.126844 -0.191158 -0.221348 -0.347468 0.549402 0.639689 0.121706 0.377813 -0.329539 -0.283926 -0.488954 -0.127792 0.161477 -0.102546 0.055245 0.311953 0.247823 0.215202 -0.060689 -0.173008 0.085598 0.060652 -0.137492 -0.280982 0.219864 0.111857 -0.195798 -0.342950 -0.214376 -0.276041
0.059969 -0.331899 0.182357 0.378309 0.408484 0.459674 0.105289 0.021618 0.142925 0.314691 0.005806 -0.012230 0.050239 -0.109440 0.297976 0.225274 0.126581 -0.003458 -0.077389 -0.351396 1.000000 0.630771 0.278394 0.011264 0.283814 0.269323 0.694064 0.573198 0.017818 -0.031262 0.050899 0.091902 -0.036955 -0.075464 0.373099 0.149617 0.171828 0.024699 0.059296 0.146953 -0.010703 -0.070517 -0.070813 -0.013054 -0.077291 -0.121149 -0.075085 -0.169116 -0.166037 0.047829 0.038782 0.111582 0.019124 -0.102835 0.234227 -0.019364 0.022461 -0.198967 -0.045067 -0.105347 -0.050786 -0.123917 -0.036504 -0.090521 0.087958 0.066327 0.086027 -0.104832 -0.243318 -0.169252 0.080350 0.169977 -0.055594 -0.059821 -0.113753 -0.013656 0.085704 0.018402 0.142412 0.063015 -0.050365 -0.085117 0.205521 -0.123552 0.225570 -0.078209 -0.088049 -0.132996 0.271967 0.166107 -0.336257 -0.275401 -0.205085 -0.212194 -0.038500 0.166617 0.102581 0.025196 -0.130146 -0.072773 -0.281920 -0.103427 -0.181062 -0.027853 0.052621 0.138554 -0.262895 -0.206402 0.051735 0.036844 -0.096509 -0.125886 -0.098223 0.020734 0.136071 0.029449
0.009025 -0.314093 -0.133850 0.481070 0.135228 0.282981 -0.224064 -0.080602 -0.163299 -0.104497 -0.110852 -0.225494 -0.109509 -0.226811 0.246303 0.073787 -0.094942 -0.213124 -0.112319 -0.345852 0.630771 1.000000 0.231014 0.169987 0.254812 0.459535 0.499572 0.646769 -0.154228 -0.191523 -0.109195 0.073579 -0.183741 -0.161460 0.298742 0.119365 0.200347 -0.032175 0.295160 0.399535 0.143091 0.091283 0.063144 -0.044765 -0.236900 -0.205422 0.075582 -0.051981 -0.072451 -0.057758 0.159217 0.109331 0.268416 0.158388 0.356087 0.240701 -0.013807 -0.220225 -0.026839 0.017056 -0.159973 -0.084864 -0.290145 -0.259244 -0.015781 0.166157 0.030225 -0.083633 -0.231107 -0.166718 0.011241 0.312834 -0.235005 -0.095669 -0.149127 -0.082620 -0.094952 -0.083152 0.257187 -0.088766 0.069728 -0.072098 0.298125 -0.002750 0.282225 0.092546 0.082059 0.047704 0.280991 0.299254 -0.262088 -0.200407 -0.080620 -0.269679 0.060600 0.161324 0.189356 0.268260 -0.137727 0.049926 -0.279161 -0.139385 -0.057457 0.029252 0.149498 0.262273 -0.213992 -0.007524 0.163119 -0.055804 -0.274795 -0.048820 0.019078 0.023652 0.117075 0.049675
-0.164251 -0.354091 0.497426 0.576485 0.344626 0.490426 0.222132 0.265430 0.378005 0.249345 0.193940 0.137167 0.136038 0.048560 0.370846 0.244996 -0.092031 -0.324768 0.019730 -0.009461 0.278394 0.231014 1.000000 0.679496 0.336730 0.402846 0.506258 0.438138 -0.227206 -0.463724 0.334814 0.487130 -0.172491 0.041179 -0.021802 -0.105974 -0.333429 -0.356950 -0.057069 -0.272362 -0.085036 -0.129462 -0.209505 -0.231966 -0.264792 -0.101642 -0.408924 -0.176753 -0.036192 -0.128615 -0.067550 -0.147386 0.009406 -0.134482 -0.065387 -0.283861 -0.265046 -0.326763 -0.026582 -0.232079 -0.004613 -0.042082 -0.206288 -0.367717 0.236997 -0.037386 -0.197355 0.045406 -0.206911 0.194974 0.041069 0.166644 -0.341171 -0.328055 -0.323046 -0.140410 -0.279464 -0.302014 -0.165496 -0.280573 -0.205176 -0.458118 0.306262 0.133905 -0.194564 -0.397697 0.053588 -0.139003 0.262064 -0.078484 0.094806 0.118555 0.044482 0.125627 -0.137124 -0.273550 -0.350077 -0.185925 -0.189047 -0.170792 -0.082072 -0.054856 -0.092744 0.016748 -0.081501 0.023688 -0.260842 0.107082 -0.163670 -0.316365 -0.122571 -0.265463 -0.116495 -0.131217 -0.126592 -0.150875
-0.475046 -0.361357 0.193329 0.499541 0.187078 0.594804 -0.110429 0.366087 0.164243 0.228225 -0.116780 0.100288 -0.110467 0.087456 0.037325 0.230435 -0.342959 -0.440146 -0.126910 0.262381 0.011264 0.169987 0.679496 1.000000 0.374243 0.595519 0.297078 0.428401 -0.460768 -0.519238 0.177847 0.399603 -0.515751 -0.205986 -0.180187 0.031963 -0.473225 -0.253649 0.009761 -0.091663 -0.064140 -0.045919 -0.169691 -0.272543 -0.262206 0.019340 -0.315107 0.165371 0.077195 -0.204642 -0.111011 -0.139324 -0.154360 -0.086400 -0.226939 -0.208845 -0.410720 -0.470648 -0.096509 -0.069432 -0.302448 -0.074489 -0.378501 -0.493932 -0.003528 0.148250 -0.334400 0.366064 -0.095244 0.409865 0.086714 0.105305 -0.595535 -0.355812 -0.403034 -0.181350 -0.447455 -0.275466 -0.354811 -0.471620 -0.243641 -0.439357 0.120258 0.287347 -0.434661 -0.215259 0.002980 0.023003 -0.057559 -0.000228 0.455640 0.399893 0.204568 0.165363 -0.117325 -0.277456 -0.328603 -0.106478 0.016342 -0.224757 -0.101723 -0.068546 -0.002715 0.065840 -0.033671 -0.008486 0.029117 0.117572 -0.064567 -0.315708 0.006095 -0.050054 -0.191213 -0.325232 -0.239963 -0.155051
-0.330049 -0.333235 -0.018118 0.144693 0.513992 0.525543 -0.251287 -0.211840 0.174468 0.302604 -0.288418 -0.216932 -0.317595 -0.244943 0.048919 0.132577 -0.337764 -0.417834 -0.078171 0.012948 0.283814 0.254812 0.336730 0.374243 1.000000 0.471242 0.478996 0.490372 -0.410205 -0.394687 -0.200202 -0.089962 -0.282289 -0.266026 0.093691 0.087579 -0.011025 -0.142850 0.237714 -0.019503 -0.081869 -0.056310 -0.141875 -0.166541 -0.142045 -0.092078 -0.119691 0.008798 -0.028351 -0.163073 -0.070312 -0.215096 -0.170959 -0.240136 0.130233 -0.205338 -0.160059 -0.356373 0.050021 -0.137702 -0.121219 -0.089492 -0.301553 -0.402494 0.089358 0.016760 0.095017 0.207909 -0.053202 0.135037 -0.029075 -0.089193 -0.453844 -0.288251 -0.321653 0.063595 -0.245244 -0.259290 -0.249360 -0.385877 -0.123834 -0.287819 0.002410 -0.060339 -0.077491 -0.149582 0.148596 0.034031 0.071066 -0.163457 0.219858 0.214415 0.343742 0.249948 0.014383 -0.055046 -0.044659 0.064527 0.196770 0.023509 0.048664 0.206850 0.255411 0.345331 0.414100 0.382402 -0.139077 0.149975 -0.018494 -0.133019 0.113584 0.281773 -0.053325 0.010639 0.155666 0.147600
-0.503771 -0.544917 -0.120715 0.426909 0.130732 0.596789 -0.415079 0.115430 0.061818 0.242391 -0.172969 0.122520 -0.075162 0.127989 0.155567 0.384062 -0.218686 -0.211607 -0.489960 -0.358369 0.269323 0.459535 0.402846 0.595519 0.471242 1.000000 0.328862 0.598644 -0.195981 -0.132924 0.291105 0.496261 -0.458963 -0.269213 0.088001 0.175667 -0.023032 0.097647 0.320339 0.265263 0.238294 0.229531 0.140949 0.113307 -0.090639 0.063363 -0.008425 -0.063430 0.190531 0.037812 0.261141 0.242764 0.226915 0.224868 0.180174 0.073484 -0.389418 -0.592843 -0.290362 -0.280898 -0.463183 -0.149246 -0.507988 -0.427894 -0.068370 0.261999 -0.328097 0.019754 -0.339504 -0.136535 0.130774 0.344408 -0.290888 -0.016798 -0.163442 0.020737 -0.288735 -0.115098 -0.043191 -0.210257 -0.267625 -0.186434 0.084350 0.102354 -0.167624 0.173647 0.112288 0.238190 -0.032160 0.111613 -0.006485 -0.056518 0.137983 -0.159023 0.089892 -0.013731 0.062762 0.069058 -0.086315 -0.101708 -0.098074 -0.239652 -0.083941 -0.043912 0.110527 0.159245 -0.091594 0.042634 -0.000482 -0.138389 -0.146852 -0.004819 0.003305 -0.040659 0.035296 0.093698
-0.078474 -0.331200 0.270102 0.466202 0.428568 0.624389 0.043985 0.072893 0.215509 0.361089 -0.107354 -0.047632 -0.071728 -0.163659 0.304585 0.278810 -0.104633 -0.209315 -0.019936 -0.166688 0.694064 0.499572 0.506258 0.297078 0.478996 0.328862 1.000000 0.721514 -0.246200 -0.329445 -0.113988 0.018887 -0.224566 -0.143163 0.317308 0.175972 0.030246 -0.056601 0.146280 0.085514 -0.092549 -0.122329 -0.114759 -0.112200 -0.183710 -0.100192 -0.164551 -0.060719 -0.164434 -0.042191 -0.035504 -0.019783 -0.041658 -0.119264 0.267889 -0.060201 -0.158957 -0.259523 -0.065643 -0.125879 -0.034734 -0.061528 -0.164764 -0.239528 0.187813 0.121212 0.026934 0.095851 -0.234509 0.055300 -0.019545 -0.057009 -0.340794 -0.357662 -0.315047 -0.150566 -0.079788 -0.146100 -0.105975 -0.206010 -0.225392 -0.305021 0.230248 -0.024261 0.059251 -0.191161 -0.145788 -0.191610 0.359271 0.033651 -0.115061 -0.062867 -0.084883 -0.063253 -0.137580 0.182842 0.011906 0.080310 0.009128 0.001809 -0.258031 -0.091020 -0.150394 0.025173 0.067612 0.155544 -0.276438 -0.077511 0.057063 -0.013161 0.034698 0.034966 0.025232 -0.042611 0.021009 0.090040
-0.251314 -0.602693 -0.051109 0.491361 0.234335 0.592769 -0.266819 -0.117304 -0.040657 0.132717 -0.266152 -0.216358 -0.258984 -0.280956 0.180865 0.233033 -0.274907 -0.272885 -0.127174 -0.288749 0.573198 0.646769 0.438138 0.428401 0.490372 0.598644 0.721514 1.000000 -0.322066 -0.365075 -0.156955 0.119297 -0.378546 -0.305174 0.335519 0.153676 0.078426 0.052283 0.295783 0.310618 0.123762 -0.022878 -0.001198 0.035306 -0.163458 -0.035107 -0.016838 -0.058729 -0.012212 0.029148 0.130878 0.123484 0.052138 0.038259 0.344926 0.147981 -0.269948 -0.487926 -0.128563 -0.206289 -0.252372 -0.174977 -0.359784 -0.466254 0.195155 0.182083 -0.091791 -0.010471 -0.269099 -0.071747 -0.099847 0.051734 -0.391234 -0.311206 -0.283998 -0.244191 -0.207415 -0.162756 -0.003361 -0.216542 -0.234647 -0.322587 0.232056 -0.046315 0.125564 0.067508 0.005013 -0.016952 0.320848 0.186926 -0.065216 -0.069234 0.058304 -0.069617 0.202750 0.208711 0.169083 0.187078 -0.001833 0.020722 -0.143226 -0.082782 0.028731 0.142042 0.307921 0.395700 -0.118909 0.192553 0.200278 -0.001094 -0.067635 0.061414 0.060418 0.088752 0.172159 0.236823
0.247935 0.103001 0.135178 -0.234903 0.033068 -0.231976 0.372364 0.122414 0.333704 0.124285 0.589864 0.487722 0.606085 0.512236 0.466898 0.353942 0.689852 0.627545 -0.108137 -0.247220 0.017818 -0.154228 -0.227206 -0.460768 -0.410205 -0.195981 -0.246200 -0.322066 1.000000 0.735071 0.442318 0.298799 0.458943 0.383323 0.052029 -0.022857 0.320182 0.181069 -0.187109 -0.114066 0.307846 0.270282 0.242436 0.262372 0.198255 0.041455 0.088492 -0.391048 -0.068041 0.113443 0.159042 0.098344 0.238506 -0.005729 -0.105475 -0.046875 0.121898 0.040700 -0.156405 -0.258942 0.191245 -0.084649 0.430369 0.439071 0.025604 -0.249210 -0.159872 -0.463155 -0.296368 -0.480942 0.294029 0.289221 0.889776 0.594187 0.619064 0.429642 0.609504 0.400521 0.500339 0.569454 0.449435 0.542005 0.289086 0.156699 0.359253 0.170605 0.076105 0.020825 -0.086885 -0.151769 -0.589272 -0.569205 -0.520211 -0.517732 -0.107933 -0.051275 -0.068051 -0.238403 -0.537951 -0.179217 -0.219985 -0.367053 -0.383935 -0.538390 -0.476904 -0.412533 -0.207538 -0.366655 -0.176761 0.077755 -0.242168 -0.349980 -0.084416 -0.102339 -0.127379 -0.194857
0.133915 0.127004 -0.147057 -0.284814 -0.128311 -0.277737 0.056743 0.032692 0.080033 0.058783 0.283026 0.399549 0.328438 0.449141 0.191481 0.351369 0.470486 0.766696 -0.267253 -0.292068 -0.031262 -0.191523 -0.463724 -0.519238 -0.394687 -0.132924 -0.329445 -0.365075 0.735071 1.000000 0.299408 0.112112 0.256175 0.146190 0.048753 0.065883 0.500006 0.527814 0.045648 0.218840 0.337720 0.437198 0.210631 0.314649 0.093550 -0.021429 0.270742 -0.137696 -0.148821 0.085144 -0.009226 0.206650 0.073316 0.173790 0.083270 0.285732 0.059595 0.090601 -0.322125 -0.219389 -0.090301 -0.106042 0.191539 0.487642 -0.266879 -0.118810 -0.269195 -0.368758 -0.078246 -0.436201 0.258148 0.347923 0.826538 0.805313 0.715116 0.451260 0.560522 0.536202 0.439287 0.660836 0.323247 0.753061 0.014535 0.139219 0.241657 0.545564 0.092040 0.284011 -0.252620 0.145063 -0.552618 -0.515430 -0.482358 -0.496870 0.016187 0.221110 0.188165 -0.000072 -0.333042 -0.114881 -0.211503 -0.339948 -0.399429 -0.429180 -0.375705 -0.315288 -0.139107 -0.325666 -0.102147 0.285750 -0.057875 -0.239590 -0.109153 -0.021079 -0.019572 -0.045558
0.009821 -0.003645 0.396408 0.325793 0.027332 0.155299 0.270003 0.531114 0.284550 0.306945 0.367741 0.571949 0.421165 0.540949 0.256465 0.412236 0.329065 0.145822 -0.197646 -0.189549 0.050899 -0.109195 0.334814 0.177847 -0.200202 0.291105 -0.113988 -0.156955 0.442318 0.299408 1.000000 0.874919 0.104730 0.292626 -0.268779 -0.200387 -0.192024 -0.011405 -0.190821 -0.177190 0.053528 0.135763 0.170643 0.090457 0.027858 0.023991 -0.175258 -0.398097 -0.035574 0.020876 0.066128 0.070779 0.232034 0.130447 -0.170950 -0.180530 -0.038923 -0.120097 -0.324242 -0.316784 -0.183156 -0.038677 -0.006051 0.000943 -0.107346 -0.183881 -0.487333 -0.404950 -0.239015 -0.267976 0.286011 0.444772 0.318573 0.327777 0.196614 0.233344 0.078722 0.100160 0.015465 0.093751 -0.049164 0.005852 0.248370 0.299459 -0.156553 -0.046202 0.120540 -0.006547 -0.031763 -0.032613 -0.312092 -0.299493 -0.206938 -0.284634 -0.173385 -0.153609 -0.236354 -0.227264 -0.445060 -0.135136 -0.020475 -0.366959 -0.285046 -0.410375 -0.416864 -0.301004 -0.123131 -0.066594 -0.162405 -0.104917 -0.312599 -0.387846 -0.007456 -0.044912 -0.135629 -0.078538
-0.065707 -0.153260 0.292139 0.515375 0.045365 0.285097 0.150664 0.539600 0.215768 0.293482 0.318227 0.544396 0.307902 0.435125 0.250128 0.484227 0.259661 0.024375 -0.235989 -0.236386 0.091902 0.073579 0.487130 0.399603 -0.089962 0.496261 0.018887 0.119297 0.298799 0.112112 0.874919 1.000000 -0.007843 0.300938 -0.169257 -0.151193 -0.150719 -0.044917 -0.106156 -0.105393 0.166910 0.221425 0.171100 0.074691 -0.033604 0.040561 -0.203863 -0.427324 0.041429 0.015109 0.156831 0.107000 0.316840 0.166679 -0.096157 -0.148947 -0.038266 -0.252095 -0.337149 -0.358246 -0.186266 0.029091 -0.102216 -0.121609 0.034711 -0.027049 -0.553120 -0.366840 -0.349448 -0.287925 0.280555 0.488263 0.138884 0.205887 0.105994 0.161833 -0.010140 -0.004697 0.047209 0.031960 -0.064570 -0.126566 0.333650 0.379745 -0.136979 -0.052007 0.100164 0.029221 0.095812 -0.001722 -0.290809 -0.320745 -0.176877 -0.350257 -0.108576 -0.165413 -0.215238 -0.207131 -0.480106 -0.197776 -0.032807 -0.471015 -0.279353 -0.415878 -0.353742 -0.211464 -0.131854 0.019765 -0.110434 -0.167507 -0.388770 -0.413996 -0.025650 -0.034486 -0.116693 -0.075457
0.534009 0.465624 0.174590 -0.140607 0.058976 -0.368996 0.410794 -0.015700 0.039209 -0.097014 0.279117 0.132731 0.241112 -0.003270 0.097067 -0.191130 0.433111 0.233005 0.396065 0.131368 -0.036955 -0.183741 -0.172491 -0.515751 -0.282289 -0.458963 -0.224566 -0.378546 0.458943 0.256175 0.104730 -0.007843 1.000000 0.751211 -0.059997 -0.263018 0.052673 -0.284459 -0.456435 -0.358808 -0.207731 -0.091313 -0.081838 -0.048155 0.265109 -0.023828 -0.078084 -0.383150 -0.118811 0.114188 0.057343 -0.205539 0.103351 -0.271327 -0.215058 -0.272287 0.489712 0.532513 0.184333 0.122618 0.499146 0.171419 0.469072 0.437996 0.178427 -0.231964 0.357518 -0.199536 0.181799 -0.039881 -0.174549 -0.174367 0.455807 0.279519 0.350143 0.304436 0.341919 0.024119 0.234039 0.264730 0.364589 0.250626 0.117801 -0.111423 0.155694 -0.293719 -0.043968 -0.246133 0.088981 -0.345545 -0.382350 -0.285273 -0.240557 -0.186432 -0.241914 -0.019475 -0.200439 -0.096357 -0.241617 0.002522 -0.012291 0.020065 -0.083995 -0.137543 -0.207717 -0.190966 -0.316910 -0.207227 -0.081000 -0.134633 -0.207179 -0.190835 0.128787 0.129386 0.079495 -0.044557
0.474284 0.463082 0.256623 0.024557 0.058269 -0.147148 0.468858 0.276944 0.141312 0.035223 0.395610 0.404493 0.305221 0.220283 0.094665 0.032712 0.551977 0.203153 0.335564 0.235098 -0.075464 -0.161460 0.041179 -0.205986 -0.266026 -0.269213 -0.143163 -0.305174 0.383323 0.146190 0.292626 0.300938 0.751211 1.000000 -0.059383 -0.098621 -0.065686 -0.327678 -0.476875 -0.395415 -0.122087 0.017896 -0.129867 -0.109297 0.060257 -0.053953 -0.290786 -0.377136 -0.238563 -0.086350 -0.082130 -0.313617 0.063008 -0.292413 -0.312926 -0.434751 0.477040 0.424288 0.021695 -0.048690 0.386549 0.302454 0.500850 0.442574 0.233431 -0.092347 0.034707 -0.136604 0.104187 -0.003372 -0.007333 -0.027551 0.316766 0.242454 0.322950 0.376411 0.386550 0.058354 0.194638 0.247186 0.351642 0.219376 0.312928 0.166886 0.085368 -0.296931 0.001806 -0.192833 0.084628 -0.374833 -0.318276 -0.296325 -0.342674 -0.317005 -0.400704 -0.108784 -0.352079 -0.124033 -0.398559 -0.169512 -0.110934 -0.208283 -0.241377 -0.290985 -0.371156 -0.317712 -0.342230 -0.185687 -0.143841 -0.190420 -0.220369 -0.343173 -0.031823 -0.048346 -0.084213 -0.176470
-0.009308 -0.299568 -0.098180 -0.019832 0.065625 0.034259 -0.090811 -0.273782 -0.006854 -0.067227 0.043376 -0.056535 -0.056031 -0.177919 0.130478 -0.001179 0.113314 0.132169 -0.163298 -0.373162 0.373099 0.298742 -0.021802 -0.180187 0.093691 0.088001 0.317308 0.335519 0.052029 0.048753 -0.268779 -0.169257 -0.059997 -0.059383 1.000000 0.527540 0.346730 0.198622 0.126256 0.190951 0.074549 0.014371 0.140897 0.253820 0.126856 0.188593 0.099434 -0.076729 0.086316 0.310238 0.258248 0.321421 0.074966 0.040518 0.235116 0.139647 -0.186895 -0.251953 0.035178 -0.106112 0.082334 0.084037 0.080435 0.152530 0.490118 0.437602 0.201009 0.066130 -0.320956 -0.256449 -0.132582 0.113453 0.022097 -0.112592 -0.055159 -0.137212 0.146239 0.132320 0.380597 0.372440 0.043163 0.169452 0.086416 -0.313972 0.470705 0.277792 -0.095732 0.077560 -0.001814 0.027663 -0.246901 -0.284712 -0.326875 -0.271516 0.056773 0.142645 0.187890 0.000347 -0.173160 -0.157972 -0.384119 -0.141846 -0.293192 -0.068630 -0.010547 0.073435 -0.399483 -0.282794 -0.074384 0.098140 0.023202 0.008870 -0.154562 -0.053660 0.082681 0.003482
-0.085263 -0.155983 -0.123385 -0.031426 -0.104540 0.098289 -0.156046 -0.075746 -0.001683 -0.005808 0.011517 -0.027166 -0.051835 -0.006460 -0.053740 0.093335 0.104640 0.101714 -0.297175 -0.208467 0.149617 0.119365 -0.105974 0.031963 0.087579 0.175667 0.175972 0.153676 -0.022857 0.065883 -0.200387 -0.151193 -0.263018 -0.098621 0.527540 1.000000 0.251255 0.319779 0.160032 0.237856 0.163159 0.104061 0.209880 0.273752 0.107249 0.216152 0.027866 0.176648 0.133825 0.091567 0.182021 0.146870 -0.035086 -0.049948 0.171416 0.003801 -0.279195 -0.330042 -0.048810 -0.103782 -0.036782 0.050073 0.027863 0.196613 0.222518 0.490732 0.025313 0.275282 -0.277212 -0.097308 0.014771 0.065763 -0.046063 -0.101174 -0.020897 0.090598 0.228917 0.321116 0.173312 0.142339 -0.010118 0.208149 -0.014119 -0.078730 0.224454 0.201001 -0.178211 0.257305 -0.100722 -0.006655 -0.089758 -0.174339 -0.240054 -0.302031 0.030173 0.103954 0.184223 0.134409 -0.056388 -0.200474 -0.282141 -0.311980 -0.339383 -0.236911 -0.136789 -0.068194 -0.143385 -0.311637 0.071827 0.146709 0.219492 -0.017732 -0.288413 -0.112754 0.006042 0.028334
