1.000000 0.145222 0.388658 0.279966 0.158972 -0.022470 0.311909 0.225727 0.296781 0.153572 0.381580 0.258508 0.132544 0.048119 0.492508 0.108384 0.117162 -0.309960 0.300752 -0.028310 -0.113459 -0.314668 0.209409 -0.016668 0.118386 -0.175629 -0.112242 -0.038947 0.106660 -0.088752 0.017704 -0.120009 0.281747 0.274020 -0.007432 0.267975 0.093847 -0.110315 -0.013428 -0.261406 0.163445 0.081268 -0.257615 -0.105923 -0.202193 -0.200102 -0.139081 -0.107069 -0.066015 -0.042118 -0.171701 0.115406 -0.151793 0.006589 0.079792 0.014671 0.485198 0.265335 0.122561 -0.187467 0.209195 0.159918 -0.057491 0.156188 0.276663 0.281352 -0.153697 -0.246716 -0.121715 -0.160883 0.159802 -0.120482 0.358419 0.068128 0.312493 0.319797 0.450494 0.314228 -0.012569 0.021435 -0.033157 -0.319564 0.047722 -0.171595 0.400933 0.247310 0.289565 0.216357 0.429263 0.058951 -0.480374 -0.461220 -0.313205 -0.294068 -0.420515 -0.109574 -0.137803 -0.497797 -0.305785 -0.202730 -0.016367 -0.379617 0.099895 -0.298409 -0.218185 -0.461606 -0.169367 -0.192799 -0.054177 -0.204600 -0.074141 -0.239996 -0.153108 -0.236593 -0.240598 -0.101031
0.145222 1.000000 0.024690 -0.001226 -0.221407 -0.419909 -0.008862 0.207052 -0.127431 -0.213888 0.321067 0.296852 0.151223 0.066829 -0.010910 -0.045312 0.130396 -0.023854 0.221025 0.189044 0.020689 -0.364849 -0.052108 -0.232118 -0.275617 -0.491398 -0.153657 -0.278783 0.118209 0.092245 0.263931 -0.020982 0.036825 0.302975 -0.329035 -0.051467 -0.239711 0.097893 -0.308983 -0.146214 -0.016192 -0.130874 0.139493 0.141186 0.063003 0.042533 0.016093 0.171339 0.051852 0.114241 -0.168282 0.232723 0.081522 0.198435 -0.061730 0.094086 0.223151 0.477252 0.356081 0.056258 0.230254 0.122212 -0.348139 0.154877 -0.340599 -0.047138 0.244569 -0.006482 0.203402 0.000070 0.100181 -0.031786 0.033208 -0.073926 0.181264 -0.153970 0.068368 0.338795 -0.351187 0.018008 -0.227194 -0.134062 -0.035932 -0.169109 -0.225594 0.039094 -0.009284 0.046389 -0.201667 -0.234562 -0.170648 -0.184376 -0.398337 -0.383359 -0.189739 -0.140710 -0.081760 -0.207058 -0.097461 -0.011367 -0.051252 -0.270618 -0.024251 -0.203379 -0.260094 -0.276202 -0.113605 -0.010479 -0.068264 -0.181359 -0.064915 -0.338409 0.020029 -0.187966 -0.172351 -0.216165
0.388658 0.024690 1.000000 0.153004 -0.011833 0.002427 0.573472 0.154840 0.009864 -0.058655 0.072868 0.053742 0.124784 -0.021356 0.215792 -0.215191 -0.261519 -0.105555 0.299868 0.227909 0.069770 -0.106357 0.357279 0.253357 -0.088334 0.010879 0.081424 0.088460 -0.300567 -0.375918 0.133271 0.033366 0.074417 0.118928 -0.048744 0.230104 -0.103231 -0.082943 -0.065952 -0.254605 0.071186 -0.234692 -0.038028 -0.062186 -0.161247 -0.167365 -0.184140 -0.053289 0.195353 -0.197056 -0.040082 0.039902 -0.022616 -0.072714 0.091558 -0.110987 0.158634 0.053480 0.099723 -0.014976 0.188772 -0.104007 0.025644 0.018805 0.054074 0.062314 0.041811 0.242097 0.115518 0.108679 -0.246080 -0.172742 -0.194986 -0.064167 -0.018366 -0.053606 -0.065858 -0.136129 -0.294881 -0.220303 -0.216109 -0.373896 -0.036177 -0.297207 0.060667 -0.122288 0.000590 -0.100369 0.211513 0.060906 0.095884 0.073398 -0.037794 0.036202 -0.162261 -0.133556 -0.026682 -0.105559 -0.108051 -0.015214 0.019658 0.161081 0.118569 0.095251 0.142327 0.015450 -0.091838 0.076112 -0.064368 -0.051903 0.141903 -0.076299 -0.030621 -0.177646 -0.135228 0.005041
0.279966 -0.001226 0.153004 1.000000 0.145358 0.197879 0.075881 0.429977 0.043520 0.083252 0.080474 0.046916 -0.145509 -0.045685 0.301260 -0.017809 -0.188266 -0.319688 0.280402 0.360746 0.136807 0.027173 0.488084 0.484664 0.036628 0.113951 0.030198 0.162677 -0.139725 -0.150495 0.036386 0.076446 -0.069915 -0.039284 -0.045902 0.136306 -0.048809 -0.031921 0.021233 -0.000844 -0.076330 0.040512 -0.301768 -0.198109 -0.320598 -0.232646 -0.123967 0.028913 -0.088070 -0.302065 -0.118725 -0.324408 -0.133492 -0.149244 -0.041564 -0.074542 0.089001 -0.058533 0.104077 0.027868 -0.088693 -0.006419 -0.111552 -0.204558 0.170525 0.220871 -0.026889 0.014510 0.017324 0.140928 0.022778 0.016250 -0.006011 -0.127426 -0.020167 0.040160 0.158593 0.113350 -0.162938 -0.207521 -0.113613 -0.327605 0.097788 0.134618 0.161394 0.114829 0.070723 0.089974 0.397077 0.036186 -0.106285 -0.060595 0.085296 0.027393 -0.171978 -0.079948 -0.093549 -0.168850 -0.361662 -0.146452 -0.020922 -0.175072 0.185006 -0.175094 -0.122603 -0.130612 -0.172108 -0.214062 -0.070900 -0.006648 0.072104 -0.094132 -0.238845 -0.005509 -0.199453 -0.024655
0.158972 -0.221407 -0.011833 0.145358 1.000000 0.549506 -0.294979 0.210729 0.718594 0.593738 -0.272849 -0.059559 -0.267474 0.283493 0.400482 0.267921 -0.113940 -0.215994 -0.088682 -0.041176 -0.113237 -0.053290 -0.042128 0.185736 0.621551 0.310328 0.292054 0.268153 0.126230 0.076387 -0.510158 -0.129991 -0.198164 -0.033739 -0.107930 0.197201 0.133617 -0.011724 -0.187395 -0.054278 -0.105084 -0.012504 -0.278074 -0.032769 -0.083262 0.041809 -0.091022 -0.008057 0.241195 0.124852 0.282758 -0.225351 -0.036052 -0.254864 -0.321865 -0.304200 -0.220513 -0.062844 0.203695 0.184435 -0.015106 0.114841 -0.121172 -0.048599 0.229807 0.110064 -0.315385 -0.033468 -0.068103 0.058954 0.195702 -0.118133 0.344301 -0.003218 -0.096844 0.266530 0.133885 -0.136795 0.347195 0.199325 0.252444 0.124094 -0.032782 0.213545 0.215442 0.059573 -0.016002 -0.045287 0.194772 0.126491 -0.077999 -0.030866 0.193274 0.110839 -0.008421 -0.243098 -0.161659 -0.243291 -0.277073 -0.459503 -0.026511 -0.121906 -0.058340 -0.102665 -0.091192 -0.029553 0.053612 -0.231815 -0.115969 -0.057000 -0.217049 -0.141158 0.033954 -0.135626 -0.034823 -0.107968
-0.022470 -0.419909 0.002427 0.197879 0.549506 1.000000 -0.218615 0.246219 0.460483 0.529857 -0.318176 -0.157420 -0.263384 0.180292 0.120903 0.278901 -0.109068 -0.149167 -0.187558 -0.002332 0.059355 0.205401 0.015651 0.289896 0.431800 0.543559 0.273132 0.324319 -0.188043 -0.080222 -0.483835 -0.157430 -0.108881 -0.222298 0.148913 0.261084 0.080101 -0.110506 -0.103390 0.096591 -0.241495 0.049291 -0.291978 -0.152887 -0.126078 -0.026531 -0.169142 0.002363 0.107146 0.005836 0.260737 -0.314902 -0.053110 -0.341597 -0.194848 -0.240631 -0.133440 -0.228603 0.041004 0.339989 -0.023488 0.127489 0.142872 -0.007526 0.211704 0.160387 -0.209341 0.087178 -0.086476 0.073932 -0.009777 -0.062824 0.056483 -0.071277 -0.319092 0.162546 0.038460 -0.298931 0.212671 -0.105912 0.135804 -0.000845 -0.097628 0.298227 0.110304 -0.056971 0.032162 0.051150 -0.004252 0.225965 0.122084 0.172494 0.298493 0.260014 0.067137 -0.064613 -0.068564 0.049326 -0.155642 -0.267970 -0.033014 0.108041 -0.012982 0.143674 0.062994 0.226941 0.131541 -0.137422 -0.104852 0.083752 0.026015 0.048519 0.032711 0.047132 0.080628 -0.005678
0.311909 -0.008862 0.573472 0.075881 -0.294979 -0.218615 1.000000 0.320483 -0.225486 -0.218338 0.369454 0.085652 0.469367 -0.228014 0.228723 -0.251524 -0.109488 0.039976 0.317571 0.303791 0.037611 -0.208770 0.452667 0.168400 -0.419005 -0.279608 -0.108462 -0.259567 -0.293617 -0.418069 0.394724 0.077949 0.089640 0.084286 -0.034739 0.113883 -0.192651 -0.219641 -0.011591 -0.368934 -0.000221 -0.334712 -0.127945 -0.282739 -0.260469 -0.218632 -0.402779 -0.133315 -0.215548 -0.300810 -0.241992 0.086840 -0.028143 0.132600 0.118079 -0.089400 0.355673 0.056814 -0.013115 -0.109293 0.117839 0.013628 -0.025855 0.080229 0.097373 0.120391 -0.035137 0.030564 0.042751 0.157294 -0.419014 -0.155368 -0.352070 -0.314703 0.103638 -0.338042 -0.131976 -0.147409 -0.357390 -0.379926 -0.283126 -0.489386 0.040253 -0.356926 -0.006375 -0.028632 0.216721 -0.041147 0.199445 0.071164 0.152411 0.141731 0.097244 0.102110 -0.093256 -0.011177 -0.186418 -0.130263 0.063277 0.214850 0.061256 0.219108 0.256863 0.183028 0.307069 0.201042 0.085678 0.056933 0.025627 -0.014278 0.156202 0.089002 -0.081094 -0.027700 0.035322 0.091347
0.225727 0.207052 0.154840 0.429977 0.210729 0.246219 0.320483 1.000000 0.205685 0.377517 0.204181 0.156201 0.132402 0.205612 0.279991 0.219002 -0.093891 -0.070048 0.139011 0.232029 0.008240 -0.260593 0.325358 0.316585 0.032600 -0.112084 -0.026419 -0.147140 -0.235728 -0.106734 -0.025512 -0.029666 -0.162686 0.055092 -0.154583 0.264270 -0.236162 -0.081365 -0.234969 -0.216451 -0.225494 -0.115046 -0.231429 -0.182168 -0.184259 -0.077535 -0.380416 0.007054 0.000802 -0.142984 0.063825 -0.203548 0.014791 -0.200160 -0.204526 -0.284537 0.240663 0.006947 0.159806 0.181470 0.057446 0.328223 -0.132863 0.010442 0.091523 0.380304 -0.111129 0.097576 -0.144298 0.136983 -0.152361 -0.197962 -0.034652 -0.251347 -0.030410 -0.054558 0.136823 -0.045551 -0.259409 -0.278158 -0.253217 -0.414031 0.050157 0.037703 0.008296 -0.126423 0.208215 0.076776 0.157035 0.194228 0.040497 -0.038768 0.144642 -0.051280 -0.119744 -0.218252 -0.317937 -0.297073 -0.253819 -0.206293 0.053747 -0.066127 0.113814 -0.112067 -0.013465 0.041044 0.024559 -0.212329 -0.302264 -0.035139 -0.012936 -0.218756 -0.143136 -0.116770 -0.219228 -0.239391
0.296781 -0.127431 0.009864 0.043520 0.718594 0.460483 -0.225486 0.205685 1.000000 0.644743 -0.241475 0.034919 -0.325645 0.215365 0.424731 0.344191 -0.068563 -0.214891 0.055778 0.083621 -0.192760 -0.118578 -0.047515 0.029845 0.694768 0.299913 0.155216 0.248898 0.179706 0.126906 -0.331041 -0.180050 -0.110796 -0.008233 -0.186875 0.140722 0.040942 0.044296 -0.218217 -0.132213 -0.113599 0.088105 -0.296039 0.002764 -0.222861 0.007856 -0.122771 0.018537 0.102949 0.100919 0.179205 -0.171756 -0.156168 -0.288805 -0.283436 -0.317627 -0.099538 0.016626 0.092622 0.163876 0.044641 0.226403 -0.134967 -0.054283 0.365593 0.160745 -0.332769 -0.070790 -0.003496 0.085985 0.270119 -0.211228 0.489839 0.015688 -0.162970 0.358239 0.130402 0.027975 0.194480 0.180746 0.093715 0.053698 -0.048385 0.189142 0.354122 0.168200 0.094272 0.139451 0.124267 0.262811 -0.106144 -0.136703 0.226280 0.051472 -0.140962 -0.087544 -0.210185 -0.347011 -0.225532 -0.516873 0.127050 -0.186869 -0.059145 -0.104444 -0.191960 -0.173349 0.033132 -0.221520 -0.030137 -0.014281 -0.164808 -0.110445 0.138939 -0.179592 -0.130161 -0.091465
0.153572 -0.213888 -0.058655 0.083252 0.593738 0.529857 -0.218338 0.377517 0.644743 1.000000 -0.113220 0.129619 -0.196829 0.484542 0.133742 0.616297 0.041098 -0.044953 0.001700 0.119663 -0.162809 -0.116125 -0.164187 0.039250 0.630349 0.236199 0.113411 0.131776 -0.024968 0.235958 -0.496656 -0.235696 -0.066074 -0.036773 0.151211 0.355193 0.182575 0.009059 -0.030839 0.061332 -0.048122 0.203368 -0.241098 -0.060339 -0.118091 -0.029934 -0.098079 0.084912 -0.001886 0.020674 0.240312 -0.421843 -0.008488 -0.238495 -0.256465 -0.302414 -0.057996 -0.162579 -0.036189 0.117951 -0.112430 0.252707 0.028823 -0.017890 0.316105 0.189769 -0.304041 -0.125671 -0.046153 0.021588 0.188193 -0.214729 0.375660 0.117889 -0.089314 0.307049 0.251975 0.064612 0.243423 0.134100 0.049066 0.055912 -0.105620 0.388145 0.116864 -0.191790 0.104563 0.027257 -0.094836 0.192433 -0.033654 -0.162691 0.202348 -0.014077 -0.023947 -0.085088 -0.060838 -0.256311 -0.222846 -0.349861 -0.077485 -0.096206 -0.076324 -0.155776 -0.140318 -0.088179 0.016024 -0.244243 -0.127167 0.122716 -0.072045 -0.079554 0.027539 -0.157033 -0.109074 -0.184751
0.381580 0.321067 0.072868 0.080474 -0.272849 -0.318176 0.369454 0.204181 -0.241475 -0.113220 1.000000 0.444723 0.695140 0.101220 0.332274 -0.040730 0.354002 0.087738 0.221519 0.053417 -0.217788 -0.479142 0.253333 0.023086 -0.347482 -0.486994 -0.448932 -0.500432 0.186282 0.065490 0.326515 0.125577 0.232986 0.431722 -0.036186 -0.015757 -0.150089 0.027082 0.093994 -0.286402 0.253033 -0.044692 -0.112240 -0.161189 0.024629 -0.132597 -0.145000 -0.023753 -0.250214 -0.028777 -0.291590 0.124881 0.017355 0.231874 0.202301 0.263354 0.520817 0.133222 -0.073759 -0.403250 -0.011163 -0.055029 0.101934 0.238506 0.016572 0.157386 -0.123048 -0.245705 -0.098862 -0.126204 -0.076689 -0.078001 0.128084 -0.021013 0.507244 -0.022525 0.291233 0.279508 -0.170174 0.022469 -0.102350 -0.363411 0.105681 -0.301601 0.102046 0.072567 0.479223 0.250895 0.123408 -0.214415 -0.329392 -0.278511 -0.352376 -0.424623 -0.319444 0.051469 -0.175987 -0.336141 -0.162134 0.209216 -0.177039 -0.300745 -0.092841 -0.280916 0.027984 -0.182426 -0.176306 -0.225046 0.106205 0.081475 0.044987 -0.152212 -0.286487 -0.014962 -0.051937 -0.046252
0.258508 0.296852 0.053742 0.046916 -0.059559 -0.157420 0.085652 0.156201 0.034919 0.129619 0.444723 1.000000 0.218969 0.506721 0.141463 0.359710 0.089467 0.409393 0.098719 0.062947 -0.018969 -0.266535 0.202693 0.105469 -0.037736 -0.245141 -0.193600 -0.209367 0.125257 0.439499 0.231219 0.247417 0.062011 0.456323 -0.121723 0.081402 -0.044979 0.035531 -0.079515 -0.183534 0.268660 0.116902 -0.161258 -0.201129 -0.037172 -0.189742 -0.288494 -0.046578 -0.072633 -0.209103 -0.137750 -0.134815 -0.103100 -0.063868 0.123169 -0.098394 0.364084 0.199780 -0.083080 -0.410222 0.107327 0.110093 0.012013 0.263666 0.085397 0.274875 -0.185131 -0.262981 -0.027820 -0.102264 -0.028043 0.045114 0.167634 0.269122 0.302993 0.200285 0.198935 0.352740 -0.186993 0.172437 -0.337549 -0.128077 -0.246617 0.050467 -0.060815 -0.119780 0.028503 -0.092387 0.006607 -0.102942 -0.262506 -0.375192 -0.275895 -0.456803 -0.226548 0.141211 -0.185823 -0.312790 -0.381880 0.019369 -0.107403 -0.294129 -0.186755 -0.299068 -0.163669 -0.239651 -0.072066 -0.092578 -0.052028 -0.009997 -0.026925 -0.070115 -0.259446 -0.240756 -0.035355 -0.044248
0.132544 0.151223 0.124784 -0.145509 -0.267474 -0.263384 0.469367 0.132402 -0.325645 -0.196829 0.695140 0.218969 1.000000 0.096197 0.354167 -0.101760 0.336719 0.108526 0.147386 0.030836 -0.150793 -0.495687 0.123788 0.018616 -0.553484 -0.432934 -0.456900 -0.450216 0.148487 -0.102205 0.261696 0.103637 0.162547 0.288395 -0.035276 -0.009407 -0.191704 -0.051499 0.116351 -0.334121 0.236814 -0.161208 -0.043769 -0.099006 0.110788 -0.046635 -0.196811 -0.018111 -0.107572 -0.033602 -0.221915 0.212465 0.011032 0.290739 0.186882 0.189877 0.238533 -0.053985 -0.087949 -0.315174 -0.029200 -0.050241 0.047155 0.132873 -0.144334 -0.035225 -0.100466 -0.094482 -0.037165 -0.049759 -0.177585 -0.178333 0.015771 -0.117127 0.475322 -0.157179 0.175175 0.034853 -0.025016 0.053194 0.131815 -0.201872 0.189992 -0.379477 0.140476 0.040173 0.468741 0.157591 0.038543 -0.171795 -0.107615 -0.115161 -0.203199 -0.309022 -0.108567 -0.034130 -0.061577 -0.258696 0.018806 0.279308 -0.132585 -0.148358 -0.001617 -0.123845 0.151513 0.077735 -0.128789 -0.102321 0.073115 0.016853 0.146535 -0.132491 -0.287717 0.038488 -0.006273 0.081529
0.048119 0.066829 -0.021356 -0.045685 0.283493 0.180292 -0.228014 0.205612 0.215365 0.484542 0.101220 0.506721 0.096197 1.000000 0.086647 0.571361 0.270620 0.439630 -0.135308 -0.119147 0.008723 -0.092623 -0.157973 -0.013398 0.231176 -0.053080 0.110545 0.074646 0.207232 0.504904 -0.235887 0.108077 0.075683 0.405084 0.052469 0.162330 0.202753 0.068328 -0.053893 -0.122072 0.014103 0.054720 -0.051864 -0.005597 0.186684 0.003665 -0.124786 -0.098300 0.070414 0.054049 0.238223 -0.243559 -0.012956 -0.207082 -0.006727 -0.248861 0.014430 0.106105 -0.130657 -0.197255 0.009496 0.200921 0.203690 0.317579 0.211593 0.083702 -0.203166 -0.180813 -0.106050 -0.182142 0.016578 -0.088084 0.367685 0.378046 0.138566 0.383655 0.229974 0.139395 0.288928 0.415978 0.110889 0.183562 -0.302585 0.138093 -0.070498 -0.316819 -0.077721 -0.210335 -0.090612 -0.148818 -0.206993 -0.394255 -0.253255 -0.417584 -0.235592 -0.060313 -0.168236 -0.346580 -0.403047 -0.231610 -0.136248 -0.343040 -0.221947 -0.324289 -0.127795 -0.186056 -0.161082 -0.152454 -0.212829 0.024196 -0.151688 -0.163400 -0.159029 -0.337693 -0.156911 -0.072188
0.492508 -0.010910 0.215792 0.301260 0.400482 0.120903 0.228723 0.279991 0.424731 0.133742 0.332274 0.141463 0.354167 0.086647 1.000000 -0.005372 0.062538 -0.267522 0.286367 0.157602 -0.170794 -0.337297 0.404975 0.273946 0.144786 -0.087925 -0.104320 0.065565 0.275928 -0.082047 -0.026276 -0.010631 -0.078356 0.138999 -0.212731 0.098601 -0.073982 0.156410 0.051343 -0.280750 0.155264 -0.089991 -0.307682 -0.168699 -0.294967 -0.237908 -0.239260 -0.059381 0.011858 -0.127494 -0.058907 -0.114380 -0.105681 0.029969 0.093866 0.017199 0.100876 0.018422 0.000770 -0.219886 0.008651 -0.088049 -0.185295 -0.115679 0.202753 0.072183 -0.392365 -0.242278 -0.079813 0.117353 0.002619 -0.250976 0.383690 -0.118275 0.306166 0.190392 0.203649 0.028733 0.056833 0.101872 0.133253 -0.203602 0.303186 -0.122095 0.533164 0.229752 0.468681 0.230371 0.578866 0.123204 -0.254054 -0.249703 -0.040752 -0.175740 -0.279730 -0.086897 -0.311578 -0.493041 -0.326025 -0.218225 0.081546 -0.311346 0.036125 -0.256941 -0.101243 -0.166183 -0.098869 -0.195758 -0.019180 0.005144 -0.008386 -0.176228 -0.231356 -0.036465 -0.127814 0.008096
0.108384 -0.045312 -0.215191 -0.017809 0.267921 0.278901 -0.251524 0.219002 0.344191 0.616297 -0.040730 0.359710 -0.101760 0.571361 -0.005372 1.000000 0.262528 0.132863 -0.015693 -0.086385 0.079603 0.048385 -0.262361 -0.101561 0.385212 0.074674 0.247669 0.213752 0.161021 0.492825 -0.288539 -0.121744 0.079533 0.090044 0.168269 0.208475 0.231331 0.042141 -0.071481 0.100715 -0.019957 0.201128 -0.180555 -0.140697 -0.020275 -0.169765 -0.097587 -0.106580 -0.117836 -0.093156 0.007902 -0.318984 0.007597 -0.226465 -0.052627 -0.217424 0.023643 -0.062030 0.000334 0.001635 0.090312 0.338297 0.144014 0.257981 0.216638 0.158816 -0.065738 -0.279090 -0.061367 -0.150571 0.191991 -0.053209 0.380696 0.446311 0.135251 0.454670 0.283874 0.135257 0.170441 0.204754 -0.002298 0.114155 -0.247565 0.392886 -0.129538 -0.089494 -0.098941 0.039891 -0.103347 -0.000765 -0.240952 -0.448246 -0.132361 -0.255658 -0.133617 0.114642 0.027860 -0.269870 -0.242536 -0.226374 -0.048231 -0.231752 -0.061426 -0.318300 -0.293146 -0.314220 0.042142 -0.328967 -0.100065 0.047191 -0.056233 -0.039854 -0.019363 -0.203541 -0.200777 -0.120201
0.117162 0.130396 -0.261519 -0.188266 -0.113940 -0.109068 -0.109488 -0.093891 -0.068563 0.041098 0.354002 0.089467 0.336719 0.270620 0.062538 0.262528 1.000000 0.076557 -0.021215 -0.180529 -0.010131 -0.139368 -0.366204 -0.350020 -0.051494 -0.214395 -0.158688 -0.126331 0.596690 0.284722 -0.036468 0.048924 0.435729 0.349223 0.060311 -0.100199 0.190317 0.101232 0.196365 0.067044 0.162622 0.214328 -0.131337 -0.084486 0.136963 -0.107290 -0.072885 -0.427366 -0.373072 0.071199 -0.295680 0.051065 -0.159501 0.073246 0.135603 0.116788 0.229740 0.042466 -0.258250 -0.256682 0.077087 0.054627 0.254717 0.372172 -0.040957 -0.036696 -0.110855 -0.368745 -0.131417 -0.326267 0.236476 -0.080126 0.457486 0.324730 0.522438 0.211623 0.350391 0.152980 0.444058 0.437186 0.501981 0.180559 0.092977 -0.029308 0.032320 0.304255 0.243402 0.398558 -0.042120 -0.230651 -0.373674 -0.391115 -0.273005 -0.396122 -0.262214 0.198898 -0.235306 -0.320931 -0.052324 0.028213 -0.251047 -0.336340 -0.122244 -0.361321 -0.146701 -0.219750 -0.038509 -0.279400 0.111766 -0.197541 -0.356818 -0.164927 -0.155346 0.041994 -0.005331 -0.083295
-0.309960 -0.023854 -0.105555 -0.319688 -0.215994 -0.149167 0.039976 -0.070048 -0.214891 -0.044953 0.087738 0.409393 0.108526 0.439630 -0.267522 0.132863 0.076557 1.000000 -0.291669 -0.077822 -0.091048 0.000492 -0.061767 0.018989 -0.167770 -0.111958 -0.025375 -0.221771 -0.014119 0.432457 0.147705 0.242368 -0.063246 0.178328 0.050835 -0.145534 -0.083622 0.135341 0.076405 -0.142740 0.110035 -0.122327 0.239447 -0.098077 0.206830 0.049602 -0.088394 -0.026362 -0.137828 -0.002694 0.067256 -0.046754 0.005924 -0.003760 0.081633 -0.064758 0.202326 0.107267 -0.246825 -0.239065 -0.008279 0.036301 0.398095 0.352161 0.032990 -0.049835 -0.070836 -0.078661 -0.113455 -0.128105 -0.241692 -0.036443 -0.123867 0.204134 0.044653 0.013385 -0.200330 0.009573 -0.017077 0.295339 -0.180255 0.208937 -0.351625 -0.047708 -0.345035 -0.500064 -0.140365 -0.458255 -0.297109 -0.166554 0.145415 0.000532 -0.073463 -0.204525 0.036333 0.176003 -0.119015 0.045423 -0.003627 0.247354 -0.082728 0.050450 -0.151113 0.002444 0.217237 0.192294 0.177029 0.136056 -0.036477 0.128237 -0.051528 0.067374 -0.163299 -0.067296 0.201540 0.181066
0.300752 0.221025 0.299868 0.280402 -0.088682 -0.187558 0.317571 0.139011 0.055778 0.001700 0.221519 0.098719 0.147386 -0.135308 0.286367 -0.015693 -0.021215 -0.291669 1.000000 0.632658 0.028468 -0.202156 0.334461 0.101052 -0.075325 -0.197258 -0.025888 -0.031833 -0.049654 -0.209129 0.203270 -0.162164 0.024154 0.026420 0.025795 0.115421 0.001998 0.008528 0.020766 -0.092542 0.011114 -0.164133 -0.156747 -0.050972 -0.312205 -0.288750 -0.049538 0.227785 -0.209659 -0.207365 -0.315301 -0.086904 -0.008661 0.341367 0.094367 0.066181 0.012415 0.084496 0.067159 -0.115363 -0.137915 -0.043351 -0.240416 -0.159072 -0.001086 0.034909 -0.007557 -0.075533 0.473371 0.287707 -0.022526 -0.148784 0.017299 -0.058813 0.188649 -0.071243 0.051627 0.195717 -0.282190 -0.205185 -0.096508 -0.399910 0.112894 -0.119602 0.200427 0.038327 0.181355 0.231299 0.195757 -0.019689 -0.091833 -0.097348 -0.139822 -0.086745 -0.142855 -0.088909 -0.000566 -0.210667 -0.108699 -0.073180 0.031075 -0.162467 0.159693 -0.112874 -0.132410 -0.176753 -0.129166 -0.230940 0.081188 0.024599 0.170003 -0.099442 -0.072876 -0.046558 -0.096596 -0.051866
-0.028310 0.189044 0.227909 0.360746 -0.041176 -0.002332 0.303791 0.232029 0.083621 0.119663 0.053417 0.062947 0.030836 -0.119147 0.157602 -0.086385 -0.180529 -0.077822 0.632658 1.000000 0.010848 -0.092313 0.399434 0.257519 -0.040060 -0.058403 -0.014972 -0.093458 -0.216412 -0.192410 0.222805 -0.043613 -0.067673 -0.060627 -0.015829 0.099433 -0.149314 -0.117439 -0.108482 -0.171926 -0.104446 -0.289871 -0.230584 -0.240024 -0.425215 -0.288912 -0.190544 0.235937 -0.242516 -0.418152 -0.268283 -0.393593 -0.055873 0.136028 -0.184241 -0.242074 0.005061 0.014964 0.130241 0.091795 -0.036663 -0.021546 -0.269592 -0.147538 0.045345 0.028078 -0.012959 0.091977 0.560258 0.696903 -0.086890 -0.033186 -0.192970 -0.244025 -0.045986 -0.239662 -0.144092 -0.013039 -0.405106 -0.362803 -0.245300 -0.351849 -0.006819 0.034341 0.010254 -0.187095 0.005821 0.009904 -0.035384 -0.005453 0.271801 0.309523 0.246963 0.192132 0.004192 -0.096971 -0.132591 -0.027493 -0.045545 -0.072403 -0.060027 0.084220 0.121659 0.080221 0.031802 0.155603 0.130207 -0.010630 0.060982 0.084281 0.129586 -0.023766 -0.064158 0.010822 0.031759 0.049468
-0.113459 0.020689 0.069770 0.136807 -0.113237 0.059355 0.037611 0.008240 -0.192760 -0.162809 -0.217788 -0.018969 -0.150793 0.008723 -0.170794 0.079603 -0.010131 -0.091048 0.028468 0.010848 1.000000 0.445540 0.187664 0.107651 -0.070146 0.019107 0.583396 0.407121 -0.264882 -0.121936 0.162469 0.051243 -0.017746 -0.091195 0.020995 0.301355 0.192536 -0.180048 -0.145427 -0.007059 -0.188433 -0.150013 -0.077166 -0.053324 -0.001353 -0.000979 -0.233449 -0.109655 -0.068241 -0.159229 -0.019252 -0.027301 0.023276 -0.213388 -0.024991 -0.182555 -0.084658 0.220919 0.072606 0.208500 -0.052791 0.025223 0.013193 -0.020661 -0.034421 0.138626 0.448971 0.192723 0.243117 0.190516 -0.010284 -0.009433 -0.332758 0.054209 -0.082240 -0.134020 -0.170434 -0.222843 -0.175609 -0.287752 -0.167599 -0.248098 -0.114445 -0.017595 -0.172741 -0.089021 -0.203317 0.023594 0.103566 0.092343 0.053271 -0.054552 0.007790 0.043952 -0.002465 0.014365 0.037836 0.092019 -0.151993 0.015115 -0.099270 0.046637 -0.038815 0.144986 0.059373 0.041572 -0.010193 0.130501 -0.032914 -0.059273 0.051904 0.088780 0.070879 -0.067991 -0.082911 -0.120120
-0.314668 -0.364849 -0.106357 0.027173 -0.053290 0.205401 -0.208770 -0.260593 -0.118578 -0.116125 -0.479142 -0.266535 -0.495687 -0.092623 -0.337297 0.048385 -0.139368 0.000492 -0.202156 -0.092313 0.445540 1.000000 0.053037 0.047458 0.209273 0.441392 0.582822 0.563862 -0.196193 -0.020281 0.087690 0.243283 -0.098145 -0.289939 0.142405 -0.018789 0.103875 -0.195669 -0.163037 0.276308 -0.272754 0.002075 -0.003575 -0.063473 0.054799 -0.033583 0.018333 -0.205234 -0.039608 -0.134045 0.184857 -0.188991 0.009804 -0.248175 -0.089302 -0.206476 -0.196586 -0.114153 -0.030910 0.228669 0.029841 -0.131215 0.221168 -0.061775 0.113420 -0.004309 0.221393 0.128849 0.045003 0.095060 -0.097408 0.254913 -0.326371 0.232574 -0.327177 -0.034670 -0.263137 -0.309672 0.140014 -0.096152 0.041025 0.241732 -0.133505 0.361504 -0.190135 -0.028714 -0.483786 -0.069085 -0.048624 0.015244 0.139499 0.182669 0.180638 0.306272 0.077371 0.040086 0.171579 0.318484 0.067410 -0.116386 -0.061287 0.209388 -0.143831 0.169909 0.005327 0.060047 0.206555 0.207446 -0.084171 0.046913 -0.026971 0.253590 0.265421 -0.082827 -0.037219 0.005999
0.209409 -0.052108 0.357279 0.488084 -0.042128 0.015651 0.452667 0.325358 -0.047515 -0.164187 0.253333 0.202693 0.123788 -0.157973 0.404975 -0.262361 -0.366204 -0.061767 0.334461 0.399434 0.187664 0.053037 1.000000 0.719728 -0.076348 0.026124 0.067851 0.131075 -0.346910 -0.342094 0.417685 0.276542 -0.283020 -0.018269 -0.160243 0.171064 -0.236179 -0.123960 -0.057124 -0.294489 -0.036389 -0.299533 -0.188163 -0.242206 -0.234504 -0.201859 -0.382377 -0.003208 0.045816 -0.331188 0.037508 -0.157789 0.013630 -0.049708 -0.054403 -0.209506 0.114710 -0.007810 0.050476 -0.115170 -0.039563 -0.231078 -0.154544 -0.225123 0.308716 0.235692 -0.038125 0.155730 0.132307 0.444738 -0.304794 0.004334 -0.391102 -0.280391 -0.065377 -0.195310 -0.192953 -0.089794 -0.478706 -0.302022 -0.383970 -0.554477 0.105099 -0.105962 0.190547 -0.112604 0.141781 -0.053772 0.380432 -0.046139 0.035267 0.159360 0.167834 0.149383 -0.069283 -0.136667 -0.292446 -0.187508 -0.208469 -0.136200 0.018066 -0.025677 0.004323 -0.015895 0.099635 0.080664 -0.044516 -0.047921 -0.089301 0.074409 0.229572 0.111749 -0.241844 -0.098709 -0.150602 -0.057001
-0.016668 -0.232118 0.253357 0.484664 0.185736 0.289896 0.168400 0.316585 0.029845 0.039250 0.023086 0.105469 0.018616 -0.013398 0.273946 -0.101561 -0.350020 0.018989 0.101052 0.257519 0.107651 0.047458 0.719728 1.000000 0.071106 0.290246 0.132853 0.226508 -0.345219 -0.324002 0.029062 0.277794 -0.401120 -0.144637 -0.118135 0.067085 -0.126728 -0.021474 -0.011938 -0.076043 -0.084359 -0.188017 -0.174814 -0.198947 -0.137583 -0.142024 -0.302192 0.009340 0.202389 -0.262924 0.191604 -0.313027 0.050495 -0.211370 -0.104544 -0.256352 -0.070185 -0.199624 0.029387 -0.006138 -0.098415 -0.251327 0.052704 -0.244525 0.227537 0.089304 -0.128040 0.228106 0.023554 0.357283 -0.215039 -0.037238 -0.348499 -0.300998 -0.231632 -0.131657 -0.263746 -0.252505 -0.181535 -0.190393 -0.119631 -0.285321 0.166450 0.177995 0.187969 -0.171680 0.052942 -0.076810 0.193194 0.046569 0.187226 0.259861 0.248923 0.188204 0.157910 -0.216340 -0.125651 -0.026205 -0.263610 -0.183721 -0.139413 0.063353 -0.113311 -0.002192 0.104606 0.309299 -0.007523 -0.046611 -0.137106 0.105947 0.271390 -0.094390 -0.340982 -0.053028 0.039604 0.085884
0.118386 -0.275617 -0.088334 0.036628 0.621551 0.431800 -0.419005 0.032600 0.694768 0.630349 -0.347482 -0.037736 -0.553484 0.231176 0.144786 0.385212 -0.051494 -0.167770 -0.075325 -0.040060 -0.070146 0.209273 -0.076348 0.071106 1.000000 0.477864 0.324962 0.451637 0.069069 0.209417 -0.386454 -0.117240 -0.118384 -0.151188 -0.040972 0.141792 0.224419 0.037400 -0.065070 0.137636 -0.011909 0.279307 -0.181062 0.045707 -0.242991 -0.035215 0.016027 -0.030164 0.085709 0.059276 0.280487 -0.383882 -0.049546 -0.303905 -0.235410 -0.328525 -0.133252 -0.095798 -0.045716 0.104865 0.029464 0.025203 0.003576 -0.144238 0.414539 0.041626 -0.297810 -0.084837 -0.113630 0.037627 0.406353 0.022315 0.419275 0.233661 -0.206510 0.457950 0.143225 0.073142 0.241076 0.157399 0.089919 0.167403 -0.050024 0.398524 0.180272 -0.057755 -0.000506 0.095896 0.050545 0.146396 -0.086142 -0.087304 0.227873 0.160081 -0.019911 -0.165491 -0.070554 -0.187854 -0.183292 -0.478540 0.008239 -0.051230 -0.168305 -0.093712 -0.133446 -0.143518 0.120389 -0.148675 -0.159252 -0.054478 -0.142942 -0.044866 0.088131 -0.055588 -0.168706 -0.097637
-0.175629 -0.491398 0.010879 0.113951 0.310328 0.543559 -0.279608 -0.112084 0.299913 0.236199 -0.486994 -0.245141 -0.432934 -0.053080 -0.087925 0.074674 -0.214395 -0.111958 -0.197258 -0.058403 0.019107 0.441392 0.026124 0.290246 0.477864 1.000000 0.175542 0.473039 -0.019783 -0.033645 -0.168018 0.218933 -0.104716 -0.258189 0.010715 0.043569 0.027179 -0.120542 -0.061413 0.201488 -0.073694 0.207834 -0.001120 0.153978 0.003804 0.088502 0.138593 -0.184827 0.138392 0.038810 0.227837 -0.283249 0.028302 -0.293336 -0.190725 -0.274382 -0.381852 -0.326275 -0.168612 0.155982 -0.049156 -0.119518 0.112301 -0.227903 0.210205 0.017644 -0.156328 0.139486 -0.041362 0.019991 0.037057 0.122000 -0.051840 0.112044 -0.342021 0.216172 -0.187452 -0.166203 0.276545 0.056989 0.246467 0.350424 0.136613 0.468828 0.178332 0.069505 -0.099407 0.033358 0.014619 0.165581 0.056928 0.104611 0.231138 0.181238 0.275431 -0.087146 0.155525 0.141640 -0.001858 -0.376891 -0.041017 0.009968 -0.157840 -0.069189 -0.152903 0.042816 0.181383 0.038370 -0.072362 -0.064449 -0.082300 0.023124 -0.020844 -0.097347 -0.012784 0.082588
-0.112242 -0.153657 0.081424 0.030198 0.292054 0.273132 -0.108462 -0.026419 0.155216 0.113411 -0.448932 -0.193600 -0.456900 0.110545 -0.104320 0.247669 -0.158688 -0.025375 -0.025888 -0.014972 0.583396 0.582822 0.067851 0.132853 0.324962 0.175542 1.000000 0.625045 -0.289867 -0.052508 -0.080614 -0.027733 -0.181981 -0.203814 0.068732 0.227891 0.179612 -0.052106 -0.208875 0.072023 -0.422504 -0.214247 -0.004501 -0.045480 -0.014484 0.005208 -0.120100 -0.096561 0.029889 -0.030761 0.194689 -0.132090 0.049627 -0.213104 -0.193595 -0.314775 -0.083305 0.214128 0.195119 0.300621 -0.016671 -0.008664 0.149245 0.019863 0.155898 0.056352 0.299145 0.154197 0.250784 0.207137 -0.034204 -0.044228 -0.222285 0.174501 -0.281254 -0.026380 -0.181191 -0.270221 0.000913 -0.159943 -0.069383 -0.040253 -0.238648 0.147997 -0.224258 -0.246236 -0.402160 -0.120102 -0.001198 0.009714 0.066743 0.029884 0.104916 0.246239 0.004758 -0.014393 0.018889 0.070327 -0.116609 -0.169186 -0.036262 0.107633 -0.003312 0.168031 0.056235 0.006519 0.154069 0.090561 -0.048620 0.072580 0.042445 0.121372 0.258988 -0.182209 -0.039565 0.003879
-0.038947 -0.278783 0.088460 0.162677 0.268153 0.324319 -0.259567 -0.147140 0.248898 0.131776 -0.500432 -0.209367 -0.450216 0.074646 0.065565 0.213752 -0.126331 -0.221771 -0.031833 -0.093458 0.407121 0.563862 0.131075 0.226508 0.451637 0.473039 0.625045 1.000000 -0.098735 -0.101105 -0.184956 0.006233 -0.154292 -0.329913 0.084059 0.221399 0.236499 0.132979 -0.103432 0.268351 -0.234789 0.046119 0.014681 0.152463 0.002071 -0.028666 0.049980 -0.192092 0.221663 -0.049930 0.362482 -0.161191 0.036960 -0.282744 -0.192485 -0.186510 -0.331584 -0.067504 -0.004591 0.165921 -0.016354 -0.168276 -0.034049 -0.249150 0.201000 0.018924 0.141813 0.085161 0.054061 0.052421 0.077545 -0.028048 -0.039104 0.168221 -0.315520 0.129428 -0.169585 -0.190551 0.164610 0.077621 0.130151 0.137549 0.018409 0.310148 0.084622 -0.003516 -0.233697 0.064290 0.170874 0.076414 -0.169038 -0.080731 0.010315 0.177919 0.041757 -0.075419 0.142766 -0.021698 -0.142369 -0.351981 -0.042608 -0.080280 -0.145596 0.014414 -0.172719 -0.120410 -0.037336 0.035631 -0.108212 -0.190831 0.037832 0.050989 0.132311 -0.171038 -0.193042 -0.034939
0.106660 0.118209 -0.300567 -0.139725 0.126230 -0.188043 -0.293617 -0.235728 0.179706 -0.024968 0.186282 0.125257 0.148487 0.207232 0.275928 0.161021 0.596690 -0.014119 -0.049654 -0.216412 -0.264882 -0.196193 -0.346910 -0.345219 0.069069 -0.019783 -0.289867 -0.098735 1.000000 0.496784 -0.010326 0.149602 0.327823 0.417489 -0.128328 -0.420472 0.152572 0.352514 0.199912 0.091849 0.334220 0.354512 -0.046096 0.050578 0.120381 -0.115061 0.123931 -0.395539 -0.195267 0.107669 -0.265960 0.012881 -0.169052 0.072397 0.171501 0.143487 -0.057434 0.030238 -0.203959 -0.416434 0.086259 -0.057676 0.009927 0.111621 -0.077215 -0.127094 -0.303845 -0.507320 -0.161410 -0.361674 0.301741 -0.049849 0.704480 0.352649 0.572232 0.437955 0.330972 0.248342 0.536710 0.672017 0.525726 0.467300 0.166835 0.039718 0.207303 0.490932 0.141855 0.276648 0.189881 -0.208969 -0.469191 -0.454776 -0.338302 -0.448893 -0.188790 0.106825 -0.189928 -0.395627 -0.166538 -0.077784 -0.042593 -0.511675 -0.244168 -0.541227 -0.334860 -0.379262 -0.198266 -0.279060 0.174870 -0.152756 -0.406076 -0.110619 -0.133053 -0.005093 -0.103958 -0.100936
-0.088752 0.092245 -0.375918 -0.150495 0.076387 -0.080222 -0.418069 -0.106734 0.126906 0.235958 0.065490 0.439499 -0.102205 0.504904 -0.082047 0.492825 0.284722 0.432457 -0.209129 -0.192410 -0.121936 -0.020281 -0.342094 -0.324002 0.209417 -0.033645 -0.052508 -0.101105 0.496784 1.000000 0.020361 0.165207 0.193354 0.392585 -0.044844 -0.186789 0.138938 0.352704 0.134761 0.139222 0.323802 0.470387 0.088702 -0.073988 0.133351 -0.174154 0.136771 -0.134414 -0.193804 -0.099160 -0.143145 -0.210883 -0.253041 -0.168339 0.088900 0.020798 0.111051 0.061502 -0.172824 -0.409335 0.093191 0.146490 0.130409 0.262384 0.029642 0.036521 -0.209748 -0.454174 -0.128594 -0.305953 0.317855 0.171681 0.546490 0.620018 0.430345 0.560825 0.391503 0.447414 0.246136 0.513629 -0.019714 0.406875 -0.354148 0.146064 -0.175234 -0.100592 -0.097438 -0.173790 -0.095840 -0.199788 -0.369465 -0.509396 -0.331088 -0.462036 -0.128726 0.243533 -0.075460 -0.195595 -0.246589 0.019744 -0.013209 -0.351607 -0.200189 -0.472303 -0.227707 -0.366271 0.000516 -0.155805 0.050645 0.090368 -0.159953 0.034531 -0.076163 -0.185150 -0.167240 -0.030165
0.017704 0.263931 0.133271 0.036386 -0.510158 -0.483835 0.394724 -0.025512 -0.331041 -0.496656 0.326515 0.231219 0.261696 -0.235887 -0.026276 -0.288539 -0.036468 0.147705 0.203270 0.222805 0.162469 0.087690 0.417685 0.029062 -0.386454 -0.168018 -0.080614 -0.184956 -0.010326 0.020361 1.000000 0.616977 0.140465 0.285338 -0.167584 -0.096463 -0.252288 -0.137417 -0.202447 -0.308196 0.113001 -0.174557 0.120505 -0.037219 -0.001761 -0.053011 -0.071496 -0.188928 -0.226348 -0.194011 -0.311282 0.227183 -0.075047 0.185565 0.004885 -0.095212 0.351964 0.188316 0.055119 -0.224182 0.184559 -0.052738 -0.043389 0.151629 0.002569 0.268772 0.182562 0.031567 0.196608 0.159927 -0.149141 0.138895 -0.289092 0.112662 0.276446 -0.154808 -0.087871 0.202482 -0.405630 -0.182179 -0.298926 -0.257316 -0.046611 -0.265468 -0.150400 0.060224 -0.093353 -0.071635 -0.073980 -0.309813 -0.111724 -0.098906 -0.171529 -0.211966 -0.106100 0.125406 -0.236302 -0.190773 0.063964 0.099874 0.036254 -0.149461 -0.117210 -0.162483 -0.060975 -0.176571 0.087992 0.116231 0.196068 -0.010780 -0.076179 0.013890 -0.041964 -0.082015 -0.067078 -0.082155
-0.120009 -0.020982 0.033366 0.076446 -0.129991 -0.157430 0.077949 -0.029666 -0.180050 -0.235696 0.125577 0.247417 0.103637 0.108077 -0.010631 -0.121744 0.048924 0.242368 -0.162164 -0.043613 0.051243 0.243283 0.276542 0.277794 -0.117240 0.218933 -0.027733 0.006233 0.149602 0.165207 0.616977 1.000000 0.050767 0.322024 -0.233949 -0.208566 -0.130586 -0.157745 -0.159006 -0.171592 0.151009 -0.065498 0.006135 0.001361 0.141316 0.012176 -0.142433 -0.441128 -0.087616 -0.135581 -0.002092 -0.013834 -0.092789 -0.107057 -0.077491 -0.297027 0.126340 -0.051179 -0.083764 -0.219973 0.179230 -0.104264 0.167013 0.185718 0.176612 0.246450 -0.102250 -0.031359 -0.050943 -0.026334 -0.124795 0.199523 -0.155544 0.131912 0.166258 0.013719 -0.147666 -0.003177 0.125389 0.174613 0.118895 0.177398 0.110084 0.143663 -0.051134 0.082565 -0.234086 -0.183212 -0.045218 -0.293216 -0.042708 -0.084686 -0.112375 -0.210948 -0.019148 0.002282 -0.290162 -0.183323 -0.077865 -0.135135 -0.086509 -0.161997 -0.351593 -0.341004 -0.137557 -0.100688 0.042416 0.072910 0.025828 -0.037810 -0.280082 -0.097777 -0.177395 -0.202350 0.006914 -0.054764
0.281747 0.036825 0.074417 -0.069915 -0.198164 -0.108881 0.089640 -0.162686 -0.110796 -0.066074 0.232986 0.062011 0.162547 0.075683 -0.078356 0.079533 0.435729 -0.063246 0.024154 -0.067673 -0.017746 -0.098145 -0.283020 -0.401120 -0.118384 -0.104716 -0.181981 -0.154292 0.327823 0.193354 0.140465 0.050767 1.000000 0.514258 0.174924 0.127041 0.262089 -0.080122 0.176525 -0.203503 0.147503 0.182660 -0.096280 -0.063486 0.045659 -0.189905 0.065660 -0.379938 -0.318707 -0.101909 -0.450606 0.103295 -0.254950 -0.082454 0.106959 0.011955 0.314921 0.051858 -0.154719 -0.251352 0.315656 0.196485 0.134597 0.422459 0.049806 0.236557 0.124982 -0.125529 -0.110805 -0.254184 0.207262 0.024453 0.331208 0.260311 0.469623 0.322598 0.469739 0.301119 0.243412 0.203228 0.205865 0.082676 -0.176874 -0.176752 -0.014326 0.349083 0.044557 0.174593 0.040265 -0.024133 -0.430574 -0.378918 -0.330426 -0.308545 -0.245700 0.094012 -0.031999 -0.218442 -0.026243 0.067874 -0.028978 -0.217902 0.071241 -0.309228 -0.056010 -0.287819 -0.156040 0.039318 0.251466 -0.198653 -0.136702 -0.011205 0.014496 -0.078695 -0.016573 0.003603
0.274020 0.302975 0.118928 -0.039284 -0.033739 -0.222298 0.084286 0.055092 -0.008233 -0.036773 0.431722 0.456323 0.288395 0.405084 0.138999 0.090044 0.349223 0.178328 0.026420 -0.060627 -0.091195 -0.289939 -0.018269 -0.144637 -0.151188 -0.258189 -0.203814 -0.329913 0.417489 0.392585 0.285338 0.322024 0.514258 1.000000 -0.166275 -0.085742 -0.070183 0.044937 -0.006360 -0.409040 0.219949 0.069403 -0.082193 -0.052049 0.074317 -0.108056 -0.133176 -0.243706 -0.209972 0.011612 -0.306065 0.136819 -0.342874 -0.089960 0.014099 -0.074100 0.362718 0.275626 -0.096116 -0.378098 0.225499 0.117018 0.029441 0.554887 0.029471 0.257993 -0.072986 -0.164302 -0.102115 -0.231217 0.101960 0.108271 0.351454 0.257447 0.510664 0.243541 0.460021 0.410528 0.112140 0.372094 0.016843 -0.001434 -0.290250 -0.314112 -0.080708 0.174201 -0.019104 -0.075219 0.033020 -0.203518 -0.440118 -0.464411 -0.426319 -0.543424 -0.341327 0.084472 -0.334277 -0.398752 -0.389290 -0.042999 -0.077838 -0.376674 -0.179755 -0.507548 -0.144387 -0.334055 -0.171025 -0.048647 0.203904 0.046950 -0.224573 -0.119142 -0.104384 -0.285072 -0.056763 -0.050227
-0.007432 -0.329035 -0.048744 -0.045902 -0.107930 0.148913 -0.034739 -0.154583 -0.186875 0.151211 -0.036186 -0.121723 -0.035276 0.052469 -0.212731 0.168269 0.060311 0.050835 0.025795 -0.015829 0.020995 0.142405 -0.160243 -0.118135 -0.040972 0.010715 0.068732 0.084059 -0.128328 -0.044844 -0.167584 -0.233949 0.174924 -0.166275 1.000000 0.206278 0.377750 -0.004273 0.193322 0.121910 -0.137267 -0.022330 0.080868 -0.025123 0.042712 -0.073059 0.198405 0.087213 -0.210402 -0.095583 -0.118867 -0.114842 0.058655 0.091720 0.094982 0.188268 0.028993 0.045473 -0.269805 -0.068154 -0.162099 0.070113 0.316538 0.130563 0.116452 0.062658 0.135530 -0.042172 0.110715 -0.002747 -0.052549 0.167034 -0.123205 0.150432 -0.002245 0.041666 0.152342 0.043076 0.178760 -0.025493 0.087989 0.006722 -0.131175 0.010834 -0.056592 -0.175304 -0.093207 -0.074932 -0.093316 0.036030 -0.065149 -0.021899 -0.045564 -0.018026 0.024228 0.137173 0.279716 0.153214 0.082828 0.154296 -0.010649 0.016697 -0.044844 0.079699 0.039976 0.019341 -0.062685 0.040485 0.227659 -0.012902 0.027406 0.208334 0.095690 0.136076 0.137973 -0.068287
0.267975 -0.051467 0.230104 0.136306 0.197201 0.261084 0.113883 0.264270 0.140722 0.355193 -0.015757 0.081402 -0.009407 0.162330 0.098601 0.208475 -0.100199 -0.145534 0.115421 0.099433 0.301355 -0.018789 0.171064 0.067085 0.141792 0.043569 0.227891 0.221399 -0.420472 -0.186789 -0.096463 -0.208566 0.127041 -0.085742 0.206278 1.000000 0.062868 -0.205423 -0.134173 -0.180407 -0.148443 -0.188289 -0.046338 0.108410 0.043716 0.127458 0.020270 0.130927 0.174339 0.017588 0.214087 0.011399 0.190482 0.002750 -0.123024 -0.135894 0.066196 0.140423 0.083293 0.181033 -0.081157 0.168078 -0.152195 0.032277 0.170853 0.355278 0.162822 0.202646 0.140192 0.119441 -0.077174 -0.202876 -0.103464 -0.005199 -0.060216 -0.017724 0.177236 -0.003015 -0.200260 -0.261922 -0.212317 -0.366057 -0.087615 -0.111677 0.024986 -0.224583 0.036039 0.017664 -0.004769 0.139343 -0.177021 -0.190817 -0.057243 -0.073211 -0.071420 -0.047360 0.014649 -0.156227 -0.107364 -0.201433 -0.047911 -0.117538 0.086424 -0.028039 -0.117717 -0.145295 -0.006990 0.096140 -0.047205 -0.051409 0.123756 0.020813 0.018141 -0.259233 -0.164989 -0.140167
