1.000000 0.625051 -0.233145 -0.575876 -0.230352 -0.420782 -0.289739 -0.188799 -0.460581 -0.255896 0.323291 -0.184408 0.111801 0.203365 -0.152927 -0.387569 0.631950 0.308197 0.421134 0.561422 -0.182330 -0.300279 -0.499921 -0.640826 -0.551222 -0.706769 -0.102478 -0.419114 0.332718 0.233906 -0.452147 -0.621351 -0.086737 -0.073879 -0.448743 -0.446034 0.108744 -0.146526 -0.318739 -0.168543 -0.233608 0.179861 0.033847 -0.086004 0.045920 -0.170711 -0.100222 -0.096918 0.070320 0.166012 -0.384104 0.092886 0.292237 0.145163 -0.060973 -0.003409 0.487645 0.425823 0.464289 0.175757 0.222659 0.238757 0.207756 0.101780 -0.331921 -0.470627 0.061642 -0.340558 0.192508 0.222359 0.083414 -0.235913 0.040308 0.194067 0.130437 -0.087425 0.200262 -0.067079 0.230248 0.055869 0.315047 0.290627 -0.168146 -0.205464 0.116243 -0.348901 -0.359987 -0.498455 -0.438307 -0.301333 0.239346 0.179527 -0.341367 0.074330 0.005600 0.049479 -0.338136 0.103323 0.313887 0.437780 0.285160 0.580474 0.448135 0.293046 0.347099 0.172562 -0.005737 -0.106667 0.085025 -0.131046 -0.448637 0.361740 0.243964 0.216109 0.308473 0.075923
0.625051 1.000000 -0.468865 -0.498257 -0.234464 -0.425310 -0.605000 0.013572 -0.414507 -0.105675 0.268193 0.297096 0.211862 0.540249 -0.136804 -0.173922 0.493199 0.446996 0.066077 0.266349 -0.194068 -0.185927 -0.633457 -0.576782 -0.596475 -0.645432 -0.240417 -0.484256 0.150447 0.387810 -0.449453 -0.465614 -0.139585 0.011848 -0.486409 -0.238460 0.033109 0.070125 -0.251612 0.059056 -0.183239 0.216188 0.008763 0.034954 0.031371 -0.117679 -0.120459 -0.045231 0.135770 0.057200 -0.493629 0.127192 0.311688 0.132739 -0.059815 0.243387 0.417761 0.487594 0.422039 0.268805 0.114416 0.548206 -0.048177 0.177240 -0.347914 -0.194136 -0.073953 -0.386544 0.228210 0.089113 0.211703 0.062616 0.131741 0.345876 0.249141 0.166990 0.253424 0.175889 0.182890 0.012554 0.234440 0.364665 -0.289200 -0.193252 -0.094961 -0.331127 -0.347473 -0.241392 -0.412988 0.034301 0.108584 -0.123719 -0.301879 -0.191306 -0.130366 0.168702 -0.019234 0.210248 0.210825 0.276442 0.321384 0.194940 0.254534 0.055942 0.273070 0.115551 -0.060647 -0.093366 -0.014424 -0.097480 -0.385415 0.117898 0.154181 0.198913 0.218334 0.061922
-0.233145 -0.468865 1.000000 0.339946 0.537934 0.241856 0.745872 0.236795 0.536975 0.154999 0.171540 -0.128150 0.244502 -0.145318 0.220148 -0.025629 -0.294347 -0.313606 0.041583 -0.230110 0.065704 -0.109934 0.458191 0.351192 0.503134 0.371724 0.161495 0.258293 -0.177090 -0.379553 0.355514 0.251039 0.048939 -0.070935 0.157864 0.015242 -0.268008 -0.150722 -0.031220 -0.149588 -0.054906 -0.190650 -0.044893 0.033205 -0.139694 -0.122134 -0.076526 0.038271 0.164058 -0.055943 0.298153 -0.013440 -0.140239 -0.088297 -0.151338 -0.151867 -0.468864 -0.481400 0.046725 -0.211397 0.336343 -0.100867 -0.281641 -0.372533 0.418559 0.216500 0.006327 0.066854 -0.267078 -0.183975 -0.199290 -0.077440 -0.128762 -0.360872 -0.042659 -0.246523 -0.333783 -0.290444 -0.306634 -0.235371 -0.550759 -0.545436 0.080592 -0.140834 -0.196467 -0.086206 0.129593 0.093756 0.297369 0.055076 -0.016207 0.131510 0.054347 0.212365 -0.143181 -0.100827 0.013241 -0.274481 -0.101783 -0.339486 -0.180957 -0.132492 -0.215680 -0.176727 -0.382348 -0.239979 0.008566 0.120294 -0.024960 -0.125507 0.163149 -0.167191 -0.259102 -0.267074 -0.255395 -0.078314
-0.575876 -0.498257 0.339946 1.000000 0.330253 0.379404 0.480449 0.336447 0.366629 0.181291 -0.254022 0.204494 -0.121204 -0.298735 0.253363 0.508290 -0.396079 -0.346088 -0.078661 -0.218364 0.149350 0.239139 0.483656 0.644616 0.403272 0.604763 0.076945 0.337453 -0.083478 -0.242764 0.558804 0.711342 0.129025 0.161607 0.413498 0.292999 -0.127085 0.075968 0.168569 -0.009800 0.227491 -0.174867 -0.203455 -0.179788 -0.311874 -0.021711 -0.107587 -0.087494 -0.371709 -0.246889 0.186917 -0.337541 -0.417488 -0.155172 -0.292748 -0.224267 -0.364277 -0.419318 -0.501635 -0.312775 -0.125505 -0.244924 -0.062441 -0.127256 0.460224 0.450574 -0.303472 0.059007 -0.325442 -0.272359 -0.014830 0.108691 -0.051237 -0.093833 -0.033533 0.009463 -0.075198 0.098008 -0.135544 -0.101861 -0.297035 -0.340248 0.414519 0.532492 -0.068736 0.311022 0.258603 0.353649 0.304193 0.104276 -0.214601 -0.127813 0.337595 -0.222490 -0.131017 -0.227097 -0.117733 -0.146565 -0.384397 -0.344678 -0.260379 -0.442946 -0.224758 -0.274044 -0.359772 -0.277472 -0.027943 -0.071363 -0.258517 0.053671 0.239379 -0.291223 -0.351540 -0.254260 -0.246538 -0.168166
-0.230352 -0.234464 0.537934 0.330253 1.000000 0.587672 0.552453 0.473443 0.691749 0.598743 0.086149 0.126623 0.290374 0.158534 0.244885 0.248422 -0.295337 -0.271156 -0.180683 -0.287970 0.230906 0.099450 0.272083 0.401068 0.320154 0.322782 0.466594 0.248733 -0.296416 -0.434556 0.104260 0.162773 -0.368095 -0.333271 0.056246 0.079576 -0.356895 -0.250196 -0.140722 -0.266408 -0.125582 -0.257315 -0.029572 -0.077854 -0.045605 -0.016232 -0.081460 -0.005721 0.096384 0.011787 -0.022089 0.005942 -0.185466 -0.038715 -0.392168 -0.131628 -0.298665 -0.409469 0.152706 -0.176963 0.230534 0.216091 -0.365601 -0.411756 0.308239 0.409885 -0.244568 -0.022371 -0.300630 -0.218355 -0.068930 -0.085090 -0.369253 -0.357429 -0.221436 -0.344518 -0.343136 -0.311301 -0.312124 -0.290172 -0.470983 -0.541526 0.088060 -0.009998 -0.271197 -0.299827 -0.063880 -0.056231 0.225079 0.137460 0.219610 0.308591 0.370450 0.302893 0.168536 -0.032256 -0.012332 -0.194335 -0.021061 -0.171126 0.123316 -0.097159 -0.035048 -0.174405 -0.255191 -0.084086 -0.092334 0.005100 0.100308 -0.042111 0.155058 0.077999 -0.028497 -0.122763 -0.007085 0.069237
-0.420782 -0.425310 0.241856 0.379404 0.587672 1.000000 0.253860 0.477560 0.351900 0.547083 -0.197286 -0.061179 0.000005 -0.013002 0.050576 0.354738 -0.349271 -0.429246 -0.257485 -0.340242 0.467660 0.407224 0.218070 0.511675 0.388982 0.523949 0.607456 0.489898 -0.409826 -0.483869 0.113052 0.225347 -0.291895 -0.187117 0.246745 0.426765 -0.081067 -0.042453 0.085181 -0.006969 0.059760 -0.142014 -0.027796 -0.206138 -0.045631 0.164865 -0.099332 -0.097987 0.033284 0.035029 -0.021459 -0.061928 -0.264000 -0.133546 -0.171774 -0.288869 -0.278112 -0.393698 -0.089367 -0.001942 -0.148651 0.097652 -0.309280 -0.314535 0.148063 0.534396 -0.150022 0.262512 -0.199159 -0.221882 -0.072525 0.031057 -0.431567 -0.309801 -0.299506 -0.230932 -0.308571 -0.195595 -0.317487 -0.208588 -0.253858 -0.400255 0.121501 0.082268 -0.177479 -0.118007 0.043550 0.019400 0.250842 0.221478 0.177116 0.191698 0.342685 0.056618 0.316756 -0.234849 0.015695 -0.137959 -0.172138 -0.269336 0.058656 -0.279523 -0.047810 -0.098733 -0.143417 0.051249 0.038518 0.013444 -0.034287 -0.001417 0.289862 -0.001276 -0.047752 -0.178533 -0.107477 0.004204
-0.289739 -0.605000 0.745872 0.480449 0.552453 0.253860 1.000000 0.092709 0.659679 0.147551 0.130190 -0.060357 0.121255 -0.325229 0.355752 0.244136 -0.319986 -0.269652 0.093587 -0.146219 0.216312 0.028072 0.653040 0.487145 0.490724 0.438097 0.242505 0.350456 0.048142 -0.347728 0.474184 0.400778 0.027561 -0.055348 0.307231 -0.097650 -0.175405 -0.127310 0.063586 -0.197430 0.094806 -0.113236 -0.198014 -0.205669 -0.165448 -0.228168 -0.026818 -0.179033 -0.126550 -0.200794 0.336684 -0.280665 -0.346824 -0.138652 -0.233631 -0.336718 -0.474772 -0.502707 -0.134864 -0.435126 0.304610 -0.287988 -0.056102 -0.279843 0.624501 0.167852 -0.129067 -0.011925 -0.359504 -0.216844 -0.193486 -0.101921 -0.081022 -0.261322 -0.076515 -0.207229 -0.216628 -0.266318 -0.298233 -0.190991 -0.469819 -0.568499 0.327813 0.208057 0.011676 0.053305 0.137247 0.098247 0.428589 -0.036291 -0.046024 0.193820 0.198590 0.217996 -0.049382 -0.159981 -0.199273 -0.289797 -0.090514 -0.287500 -0.300209 -0.132010 -0.244247 -0.128485 -0.408492 -0.281942 -0.046021 -0.028864 -0.001932 0.001802 0.112836 -0.092888 -0.189586 -0.354239 -0.258198 -0.077844
-0.188799 0.013572 0.236795 0.336447 0.473443 0.477560 0.092709 1.000000 0.305516 0.699824 -0.096597 0.263007 0.068527 0.413389 -0.102121 0.111197 -0.133452 -0.239175 -0.365931 -0.329440 -0.038107 -0.002109 -0.261321 0.123899 0.000896 0.076888 -0.046612 -0.173170 -0.322225 -0.153855 0.006352 0.134904 -0.325819 -0.091827 0.081892 0.285024 -0.365437 -0.102612 -0.229884 0.140377 -0.195983 -0.190027 0.098824 0.078615 0.061314 0.224731 -0.189871 0.102102 0.113453 0.114364 -0.345383 0.130338 0.024818 0.013402 -0.374040 -0.119737 -0.134713 -0.332427 0.201249 0.297300 0.113780 0.640634 -0.408514 -0.308034 0.094147 0.647690 -0.126989 0.166270 -0.240512 -0.198385 -0.043421 0.019896 -0.224501 -0.258081 -0.146803 -0.076690 -0.217640 0.015060 -0.235916 -0.370787 -0.349457 -0.484006 -0.119959 -0.038902 -0.376174 -0.395448 -0.144347 0.068914 -0.083378 0.151267 0.199900 -0.006136 0.317314 -0.129234 -0.148522 -0.160986 -0.045120 -0.009178 -0.375122 -0.256639 0.333530 -0.283949 0.140752 -0.191760 0.026177 0.078442 0.034566 -0.015658 -0.082429 -0.033067 0.022193 -0.134811 -0.096417 -0.142967 -0.002854 -0.025792
-0.460581 -0.414507 0.536975 0.366629 0.691749 0.351900 0.659679 0.305516 1.000000 0.527175 0.249274 0.231235 0.357342 0.090351 0.465014 0.311143 -0.422378 -0.358191 -0.272222 -0.304430 0.150105 0.033288 0.580943 0.613252 0.486505 0.402437 0.240299 0.286242 -0.204643 -0.399554 0.305789 0.308597 -0.311630 -0.356490 0.175609 0.017454 -0.284419 -0.091634 0.144596 -0.281511 -0.010148 -0.163088 -0.193663 -0.045955 -0.221691 -0.182735 0.014364 -0.052778 -0.010941 -0.217544 0.154806 -0.115696 -0.257709 -0.150910 -0.246719 -0.263965 -0.536509 -0.601172 0.068841 -0.292083 0.232191 0.098146 -0.362066 -0.527266 0.563725 0.455318 -0.272758 -0.024843 -0.463977 -0.285100 -0.013004 -0.040620 -0.269752 -0.292010 -0.039524 -0.105047 -0.294234 -0.222724 -0.404885 -0.324545 -0.606982 -0.608247 0.260888 0.056978 -0.132837 -0.036007 0.311662 0.271513 0.525518 0.231263 0.110976 0.269169 0.538789 0.360814 -0.012741 -0.132787 -0.019653 -0.237959 -0.188449 -0.363109 -0.025709 -0.232960 -0.224695 -0.187462 -0.409945 -0.175039 -0.082684 -0.017888 0.010502 0.006762 0.149347 -0.148989 -0.132850 -0.301527 -0.263772 -0.130168
-0.255896 -0.105675 0.154999 0.181291 0.598743 0.547083 0.147551 0.699824 0.527175 1.000000 -0.031945 0.126828 0.120384 0.299095 -0.020799 0.102911 -0.332541 -0.354120 -0.486872 -0.356389 0.007485 -0.089807 -0.054591 0.345569 0.119323 0.183556 0.150890 -0.015987 -0.456331 -0.313463 -0.140171 0.009911 -0.546737 -0.437271 0.050793 0.193292 -0.390435 -0.067527 -0.129137 -0.091815 -0.176721 -0.197057 0.100086 0.063951 0.087030 0.181336 -0.062141 0.148657 0.149067 0.107401 -0.287081 0.156450 -0.015080 0.115043 -0.284145 -0.116130 -0.151582 -0.323776 0.273615 0.186144 -0.022375 0.542165 -0.519723 -0.524094 0.064047 0.616115 -0.224853 0.148352 -0.297473 -0.137450 0.055390 -0.114118 -0.415766 -0.309798 -0.229232 -0.194932 -0.251629 -0.113835 -0.297301 -0.460433 -0.376854 -0.456374 -0.124031 -0.140120 -0.345129 -0.370128 0.050141 0.043022 0.074302 0.202903 0.420830 0.320537 0.639533 0.252695 0.067709 -0.002728 0.009726 0.017895 -0.169376 -0.154114 0.482819 -0.138877 0.161260 -0.029166 -0.023368 0.231108 0.012678 -0.050488 -0.037961 0.099815 0.124518 0.016585 0.113548 -0.040647 -0.115915 -0.059516
0.323291 0.268193 0.171540 -0.254022 0.086149 -0.197286 0.130190 -0.096597 0.249274 -0.031945 1.000000 0.356167 0.801171 0.436671 0.563969 0.061862 0.124117 -0.109119 -0.042171 -0.012854 -0.135123 -0.306735 0.195978 0.026729 0.069686 -0.227880 0.146608 0.071288 0.138056 -0.044406 -0.166111 -0.235695 -0.252134 -0.308907 -0.268741 -0.215230 -0.070326 0.053591 0.117566 -0.299025 -0.090409 0.117832 -0.108272 0.020766 -0.129910 -0.374265 -0.090726 -0.213074 0.296350 -0.113732 0.031443 0.031290 0.186613 -0.044442 0.169125 -0.109036 -0.244151 -0.177919 0.473557 -0.160280 0.486236 0.276373 -0.279598 -0.305434 0.302627 0.060287 -0.221488 -0.322288 -0.297168 -0.206898 -0.144891 -0.103947 -0.074487 -0.014571 0.246713 -0.025409 -0.042414 -0.222353 -0.258185 -0.080009 -0.332765 -0.182009 0.085215 -0.218832 0.130799 -0.138392 0.160422 -0.075090 0.320657 0.177957 0.027100 0.083575 -0.104626 0.146932 -0.175107 0.098086 -0.154781 -0.201198 0.036982 -0.196971 -0.005731 -0.000807 -0.231471 -0.158106 -0.214988 -0.038168 -0.118947 0.016308 -0.092835 -0.071687 -0.194018 -0.132598 -0.107533 -0.174242 -0.113340 -0.061966
-0.184408 0.297096 -0.128150 0.204494 0.126623 -0.061179 -0.060357 0.263007 0.231235 0.126828 0.356167 1.000000 0.387585 0.592596 0.342531 0.450838 -0.039356 0.083173 -0.305912 -0.272630 -0.054722 0.041350 0.044380 0.161682 -0.002169 -0.027185 -0.053477 -0.025020 0.062631 0.200694 0.091690 0.235836 -0.053533 0.066734 -0.171656 0.117929 -0.042107 0.036991 0.116268 -0.031759 -0.020931 0.055549 -0.163219 0.069132 -0.167104 -0.075819 -0.084157 -0.207203 -0.071787 -0.209448 -0.072557 -0.141479 -0.099960 -0.295570 -0.127399 -0.017803 -0.173133 -0.164830 -0.040578 -0.140316 0.164433 0.354475 -0.171402 -0.070755 0.293863 0.404600 -0.293771 -0.154890 -0.272968 -0.276585 -0.038646 0.252605 0.051906 0.087066 0.163601 0.244549 0.048908 0.220525 -0.103313 -0.119973 -0.199538 -0.095766 0.144694 0.233784 0.019138 0.096029 0.056791 0.202066 0.112104 0.286716 -0.305357 -0.369595 0.133050 -0.253890 -0.228621 0.029850 0.074041 -0.097871 -0.307142 -0.278528 -0.029653 -0.404006 -0.244093 -0.269628 -0.118903 -0.214886 -0.133589 -0.167826 -0.195626 -0.118117 -0.119587 -0.342041 -0.122979 -0.116203 0.006037 -0.084852
0.111801 0.211862 0.244502 -0.121204 0.290374 0.000005 0.121255 0.068527 0.357342 0.120384 0.801171 0.387585 1.000000 0.479609 0.525242 0.092861 -0.211539 -0.113453 -0.255545 -0.287695 -0.103115 -0.320856 0.198584 0.129023 0.245695 -0.093505 0.223764 0.129008 -0.151976 -0.222589 -0.152921 -0.133210 -0.384229 -0.336051 -0.258094 -0.023345 -0.229641 0.005229 0.093910 -0.319140 -0.135187 -0.051083 0.040018 0.150269 -0.055407 -0.138266 -0.072907 -0.075476 0.523021 0.003895 0.126116 0.139186 0.180185 -0.036406 0.136285 0.029874 -0.270266 -0.249104 0.520720 -0.027747 0.438991 0.350167 -0.495157 -0.433013 0.263909 0.269958 -0.155386 -0.162587 -0.271462 -0.218368 -0.205668 -0.095376 -0.232369 -0.168217 0.071089 -0.112258 -0.140383 -0.302250 -0.310858 -0.085763 -0.499409 -0.325243 -0.050211 -0.328389 -0.167125 -0.312295 0.104486 -0.010358 0.356728 0.283619 0.063569 0.094223 -0.030593 0.223844 -0.121413 0.104023 0.076981 -0.216106 -0.000723 -0.231192 0.009727 -0.129268 -0.293497 -0.207979 -0.260567 -0.025852 -0.055322 0.124092 0.006159 -0.029437 -0.064514 -0.235802 -0.164831 -0.218235 -0.105013 -0.027459
0.203365 0.540249 -0.145318 -0.298735 0.158534 -0.013002 -0.325229 0.413389 0.090351 0.299095 0.436671 0.592596 0.479609 1.000000 0.136081 0.140538 0.109017 0.114595 -0.234403 -0.135648 -0.141995 -0.125915 -0.398532 -0.230109 -0.284210 -0.388196 -0.029618 -0.282560 -0.056076 0.176237 -0.355397 -0.298118 -0.350003 -0.183419 -0.419222 -0.018481 -0.094042 -0.064684 -0.172524 -0.014593 -0.240318 -0.001548 -0.043859 0.114651 0.023572 -0.026190 -0.194294 -0.053545 0.195640 0.100316 -0.427992 0.187127 0.212036 -0.114715 -0.089046 0.060401 -0.070686 -0.132957 0.437472 0.336874 0.316983 0.726259 -0.213586 -0.057886 -0.145238 0.239132 -0.068250 -0.102150 -0.067287 -0.060222 -0.077025 0.007385 -0.067444 -0.107972 -0.048825 -0.003973 -0.132860 -0.006375 -0.097551 -0.216762 -0.113778 -0.039706 -0.183573 -0.127559 -0.101566 -0.301009 -0.138289 -0.068981 -0.164600 0.240954 0.117770 -0.080600 0.079538 0.008211 -0.132237 0.060737 0.039615 0.039028 -0.106954 -0.089195 0.377460 -0.041424 0.059323 -0.084509 0.153584 -0.017035 -0.121089 -0.113135 -0.020608 -0.133008 -0.201381 -0.052799 0.110425 -0.016402 0.106241 -0.049521
-0.152927 -0.136804 0.220148 0.253363 0.244885 0.050576 0.355752 -0.102121 0.465014 -0.020799 0.563969 0.342531 0.525242 0.136081 1.000000 0.561672 -0.167216 -0.139076 0.039766 -0.041016 0.165023 0.107204 0.581342 0.386799 0.384962 0.225923 0.339676 0.472305 0.249208 -0.027630 0.345766 0.309494 -0.064314 -0.059545 -0.016829 -0.179734 0.102374 0.236897 0.491850 -0.137329 0.351660 0.124968 -0.378967 -0.206065 -0.457529 -0.538007 -0.116394 -0.340641 -0.207352 -0.478780 0.157831 -0.414526 -0.277762 -0.143458 0.104562 -0.210497 -0.450012 -0.338233 -0.141662 -0.486755 0.141096 -0.088510 -0.099462 -0.207302 0.520313 0.118480 -0.522015 -0.463662 -0.350076 -0.284037 -0.079943 0.044327 0.077943 0.003822 0.161453 0.108002 -0.022025 -0.058633 -0.148423 0.050968 -0.344432 -0.206605 0.634202 0.295879 0.249120 0.163193 0.502606 0.237501 0.620558 0.323738 -0.197832 -0.056820 0.090453 0.060407 -0.075811 -0.082617 -0.103055 -0.318466 -0.069846 -0.364687 -0.239340 -0.235703 -0.361368 -0.262493 -0.424273 -0.254592 -0.068773 -0.007741 -0.127646 -0.069466 -0.073323 -0.190306 -0.189711 -0.198534 -0.160335 -0.078787
-0.387569 -0.173922 -0.025629 0.508290 0.248422 0.354738 0.244136 0.111197 0.311143 0.102911 0.061862 0.450838 0.092861 0.140538 0.561672 1.000000 -0.135257 -0.039861 -0.038199 -0.144942 0.409236 0.417454 0.385015 0.410543 0.263028 0.389151 0.442380 0.485884 0.199269 0.070274 0.386925 0.489869 0.054214 0.076758 0.065229 0.046705 0.273023 0.075151 0.405359 0.033538 0.319274 0.089617 -0.401620 -0.390218 -0.389650 -0.361891 -0.240194 -0.495623 -0.496724 -0.370167 0.021743 -0.526124 -0.478888 -0.269384 -0.170974 -0.261506 -0.319378 -0.283302 -0.469811 -0.360410 -0.128946 -0.078748 0.119120 0.021668 0.420185 0.285373 -0.558984 -0.330722 -0.290199 -0.369632 0.023881 0.192015 0.065730 0.086731 0.036443 0.190549 0.109305 0.176246 0.064090 0.056025 -0.048708 -0.116135 0.577266 0.692887 0.288319 0.189683 0.203915 0.165017 0.383131 0.303400 -0.245974 -0.201411 0.228316 -0.182206 0.007754 -0.182765 -0.130791 -0.094211 -0.188210 -0.282569 -0.158609 -0.317507 -0.280843 -0.190541 -0.330816 -0.279549 -0.074980 -0.158982 -0.274509 -0.091380 0.011817 -0.205600 -0.143485 -0.175918 -0.044897 -0.015682
0.631950 0.493199 -0.294347 -0.396079 -0.295337 -0.349271 -0.319986 -0.133452 -0.422378 -0.332541 0.124117 -0.039356 -0.211539 0.109017 -0.167216 -0.135257 1.000000 0.456292 0.473422 0.580846 -0.135310 0.039534 -0.473293 -0.607575 -0.557986 -0.506365 -0.153855 -0.357307 0.589603 0.528486 -0.125106 -0.334674 0.225269 0.182891 -0.281171 -0.415290 0.260997 -0.056611 -0.113652 0.067453 -0.069584 0.321955 -0.189704 -0.176590 -0.099388 -0.310078 -0.151655 -0.212364 -0.269291 -0.066173 -0.431407 -0.100061 0.103476 0.019939 -0.073404 -0.002170 0.493115 0.489884 0.018124 -0.005121 0.025005 0.132576 0.435088 0.336308 -0.201110 -0.451863 -0.116082 -0.452781 0.148290 0.015241 0.331258 0.120969 0.354236 0.338299 0.315083 0.245855 0.313265 0.214783 0.369259 0.229030 0.486519 0.373652 0.091889 0.101213 0.259771 -0.089572 -0.239710 -0.367496 -0.325827 -0.168137 0.037138 -0.121931 -0.379672 -0.237474 0.030921 -0.021227 -0.350090 0.113957 0.182107 0.299857 0.100773 0.311871 0.302151 0.033478 0.206083 0.093935 -0.079284 -0.076518 -0.077999 -0.036892 -0.469031 0.266825 0.182395 0.200606 0.252598 0.192163
0.308197 0.446996 -0.313606 -0.346088 -0.271156 -0.429246 -0.269652 -0.239175 -0.358191 -0.354120 -0.109119 0.083173 -0.113453 0.114595 -0.139076 -0.039861 0.456292 1.000000 0.257559 0.207671 -0.177825 -0.046272 -0.399936 -0.626269 -0.460359 -0.465780 -0.231110 -0.349367 0.432994 0.555750 -0.056486 -0.248333 0.221698 0.280520 -0.264343 -0.371970 0.157503 -0.162557 -0.204810 0.120122 -0.098144 0.139283 -0.083066 -0.053064 -0.020009 -0.066477 -0.009383 -0.144945 -0.142685 -0.037371 -0.165341 -0.145063 0.109420 0.029469 0.097060 0.177342 0.415983 0.548279 -0.016377 0.032017 0.128543 0.041130 0.454629 0.520736 -0.167895 -0.374915 0.077710 -0.283251 0.314652 0.174464 0.102928 0.113331 0.446890 0.266763 0.236470 0.141282 0.250016 0.097208 0.338583 0.380517 0.393426 0.425226 -0.103586 0.018800 0.060394 -0.154753 -0.311627 -0.261095 -0.239254 -0.102219 -0.106801 -0.260816 -0.352202 -0.082374 0.010452 0.152801 -0.013820 0.065458 0.159378 0.331554 0.011711 0.233834 0.149704 0.089368 0.196998 -0.001757 -0.079217 -0.008735 0.147489 -0.097625 -0.370474 0.102762 0.123676 0.128072 0.198007 0.185844
0.421134 0.066077 0.041583 -0.078661 -0.180683 -0.257485 0.093587 -0.365931 -0.272222 -0.486872 -0.042171 -0.305912 -0.255545 -0.234403 0.039766 -0.038199 0.473422 0.257559 1.000000 0.793101 0.076335 0.011557 -0.112196 -0.400659 -0.399588 -0.366436 -0.072700 -0.165254 0.523533 0.256035 -0.025941 -0.237544 0.297635 0.209380 -0.137218 -0.580027 0.239333 -0.115403 -0.107675 -0.147570 0.035678 0.155088 -0.139784 -0.253567 -0.186464 -0.356705 -0.062054 -0.148009 -0.405882 -0.036746 -0.181879 -0.241887 -0.118906 -0.036737 -0.058190 -0.072532 0.095814 0.146247 -0.197657 -0.078936 0.019181 -0.383140 0.585324 0.346906 -0.179385 -0.679692 0.086913 -0.321140 0.376949 0.337775 0.150605 -0.051266 0.262647 0.186512 -0.025902 0.020549 0.217883 0.050009 0.103713 0.230014 0.296533 0.245363 0.241479 0.283656 0.246589 0.061889 -0.133804 -0.325571 -0.248523 -0.363723 0.050644 0.150756 -0.192795 0.000968 0.046658 -0.053717 -0.233964 0.193081 0.302571 0.346158 -0.134188 0.413949 0.285917 0.289560 0.174619 -0.081655 -0.063747 -0.116141 0.107950 -0.034864 -0.214842 0.382314 0.184359 0.170814 0.137697 0.125728
0.561422 0.266349 -0.230110 -0.218364 -0.287970 -0.340242 -0.146219 -0.329440 -0.304430 -0.356389 -0.012854 -0.272630 -0.287695 -0.135648 -0.041016 -0.144942 0.580846 0.207671 0.793101 1.000000 -0.018420 -0.055978 -0.235114 -0.398738 -0.549617 -0.479855 -0.185726 -0.286204 0.450096 0.297889 -0.172855 -0.344444 0.145732 0.160378 -0.159113 -0.506153 0.202472 0.023326 -0.153080 -0.118752 0.021944 0.220202 -0.174141 -0.257522 -0.270257 -0.388941 -0.099565 -0.065170 -0.393244 -0.148552 -0.432348 -0.229244 -0.067077 -0.040413 -0.090780 -0.120372 0.188515 0.234803 -0.026975 -0.028173 -0.000102 -0.161145 0.476086 0.245804 -0.283182 -0.638735 0.000958 -0.358541 0.303941 0.395734 0.323199 -0.096099 0.169081 0.305665 0.116098 0.167535 0.336565 0.184852 0.146381 0.123804 0.326756 0.341880 0.228642 0.255642 0.179266 0.069326 -0.076191 -0.198632 -0.351118 -0.362685 0.197949 0.261814 -0.090462 0.022504 0.047225 -0.057495 -0.350839 0.271116 0.289965 0.398245 0.070730 0.482710 0.398300 0.356023 0.198291 -0.057648 -0.066405 -0.248130 0.006144 -0.038382 -0.207131 0.437830 0.210572 0.257497 0.172648 0.023503
-0.182330 -0.194068 0.065704 0.149350 0.230906 0.467660 0.216312 -0.038107 0.150105 0.007485 -0.135123 -0.054722 -0.103115 -0.141995 0.165023 0.409236 -0.135310 -0.177825 0.076335 -0.018420 1.000000 0.580499 0.274619 0.250645 0.275750 0.345153 0.546527 0.474475 0.010163 -0.128899 0.153870 0.225829 0.063142 0.116107 0.131239 0.169029 0.269967 0.097050 0.378569 0.080939 0.312486 0.197591 -0.241319 -0.375457 -0.161910 -0.183427 -0.141152 -0.342492 -0.205777 -0.156632 0.074809 -0.285900 -0.294373 -0.166288 -0.203104 -0.299446 -0.158282 -0.136163 -0.271502 -0.237233 -0.196035 -0.189575 0.050722 -0.052240 0.136068 0.133522 -0.196570 -0.111894 -0.095058 -0.219275 0.093453 0.205722 -0.046341 0.109154 -0.072871 0.054683 0.046296 0.082566 0.017626 0.085881 0.024317 -0.054355 0.348183 0.248246 0.145048 0.101070 0.062957 -0.091894 0.208668 0.085831 -0.091295 -0.043399 0.039861 -0.051042 0.310990 -0.264153 0.030925 -0.118936 0.042609 -0.185678 -0.069375 -0.122397 -0.075131 -0.036709 -0.152119 -0.090206 -0.051420 -0.104989 -0.085590 -0.167504 0.175702 0.009936 -0.148679 -0.160622 -0.030312 0.006682
-0.300279 -0.185927 -0.109934 0.239139 0.099450 0.407224 0.028072 -0.002109 0.033288 -0.089807 -0.306735 0.041350 -0.320856 -0.125915 0.107204 0.417454 0.039534 -0.046272 0.011557 -0.055978 0.580499 1.000000 0.161097 0.235544 0.189357 0.414476 0.402652 0.392608 0.043292 0.044227 0.366979 0.391637 0.162849 0.197679 0.243186 0.202344 0.278496 0.178596 0.359884 0.294573 0.378939 0.201691 -0.244929 -0.282725 -0.180047 -0.067183 -0.075370 -0.306822 -0.381113 -0.196138 -0.067851 -0.241227 -0.353220 -0.183103 -0.090052 -0.125167 -0.136907 -0.055806 -0.488049 -0.236070 -0.438105 -0.183246 0.071926 0.129622 0.121552 0.141682 -0.281040 -0.052041 -0.123634 -0.322833 0.182962 0.441935 0.098735 0.144556 -0.015040 0.254249 -0.033567 0.192861 0.159248 0.172465 0.145930 0.078447 0.340020 0.367272 0.135273 0.323910 0.019893 0.060573 0.180855 0.140207 -0.163877 -0.236619 -0.090603 -0.357875 0.265062 -0.164998 0.045345 -0.190131 -0.138219 -0.211878 -0.199308 -0.257036 -0.154147 -0.154038 -0.115793 0.021262 -0.010752 -0.122960 -0.063891 -0.071357 0.042806 -0.058506 -0.177471 -0.223797 0.030221 0.113488
-0.499921 -0.633457 0.458191 0.483656 0.272083 0.218070 0.653040 -0.261321 0.580943 -0.054591 0.195978 0.044380 0.198584 -0.398532 0.581342 0.385015 -0.473293 -0.399936 -0.112196 -0.235114 0.274619 0.161097 1.000000 0.767648 0.772269 0.694099 0.347386 0.708825 -0.034180 -0.375052 0.579259 0.559568 0.108309 -0.070574 0.367957 0.124349 0.063297 0.106160 0.479365 -0.190589 0.371814 0.005366 -0.316636 -0.194240 -0.372939 -0.297820 -0.062944 -0.259567 -0.160905 -0.445344 0.599556 -0.380610 -0.381350 -0.261994 0.064580 -0.344005 -0.487920 -0.412821 -0.316963 -0.659036 0.039123 -0.502050 -0.112719 -0.346090 0.677736 0.214056 -0.251971 -0.042706 -0.398349 -0.287022 -0.122763 0.082424 -0.083132 -0.091266 0.089840 -0.004526 -0.137122 -0.114042 -0.189461 -0.008481 -0.384876 -0.324185 0.513004 0.248203 0.195855 0.416908 0.556001 0.439298 0.726054 0.226553 -0.337142 0.015591 0.191993 0.166023 0.007427 -0.122499 -0.055146 -0.368007 -0.188374 -0.427886 -0.478057 -0.306867 -0.541157 -0.183376 -0.579836 -0.315979 0.000828 0.022001 -0.108007 -0.011196 0.249547 -0.329960 -0.274492 -0.238495 -0.316740 -0.193169
-0.640826 -0.576782 0.351192 0.644616 0.401068 0.511675 0.487145 0.123899 0.613252 0.345569 0.026729 0.161682 0.129023 -0.230109 0.386799 0.410543 -0.607575 -0.626269 -0.400659 -0.398738 0.250645 0.235544 0.767648 1.000000 0.698154 0.783546 0.362225 0.638361 -0.300237 -0.483523 0.453463 0.611836 -0.144334 -0.249333 0.380223 0.335070 -0.138617 0.174156 0.338645 -0.116533 0.296930 -0.145751 -0.212281 -0.157294 -0.305507 -0.099335 -0.038801 -0.107628 -0.083888 -0.311665 0.343025 -0.236870 -0.368489 -0.247116 -0.120205 -0.334142 -0.531722 -0.544698 -0.241625 -0.380820 -0.099514 -0.191620 -0.363558 -0.487720 0.513217 0.528732 -0.332013 0.176868 -0.449423 -0.324420 -0.029275 0.108531 -0.291996 -0.202833 0.000664 -0.020282 -0.244671 -0.063361 -0.306357 -0.236843 -0.484051 -0.464187 0.308021 0.255162 -0.086399 0.254611 0.436361 0.451781 0.593425 0.334814 -0.072403 0.158738 0.460258 0.087024 0.045627 -0.129607 -0.021932 -0.227907 -0.334225 -0.457753 -0.241528 -0.429096 -0.416224 -0.203911 -0.427305 -0.158830 -0.030051 -0.020845 -0.225363 0.098388 0.386901 -0.291196 -0.286736 -0.264449 -0.340245 -0.205208
-0.551222 -0.596475 0.503134 0.403272 0.320154 0.388982 0.490724 0.000896 0.486505 0.119323 0.069686 -0.002169 0.245695 -0.284210 0.384962 0.263028 -0.557986 -0.460359 -0.399588 -0.549617 0.275750 0.189357 0.772269 0.698154 1.000000 0.815767 0.405882 0.721972 -0.269631 -0.401401 0.556388 0.604553 0.048148 -0.069122 0.300152 0.355402 -0.020925 0.105755 0.478595 0.067177 0.278696 0.024445 -0.089374 0.016782 -0.167601 -0.071501 -0.015838 -0.105856 0.101823 -0.272544 0.571508 -0.113426 -0.357420 -0.161838 0.042168 -0.105003 -0.428926 -0.409114 -0.242298 -0.457918 -0.104947 -0.260869 -0.369495 -0.449052 0.536299 0.441062 -0.253818 0.068094 -0.415531 -0.397825 -0.124415 0.107284 -0.132596 -0.114331 0.094474 0.025298 -0.144023 -0.100527 -0.181950 -0.083832 -0.405713 -0.420881 0.280690 0.007538 -0.019326 0.172812 0.396037 0.416915 0.643475 0.355782 -0.310767 -0.111000 0.077038 0.072530 -0.025984 -0.113749 0.152330 -0.410253 -0.205624 -0.499805 -0.305301 -0.488173 -0.502940 -0.366386 -0.560110 -0.163209 0.110198 0.208449 -0.122199 0.020030 0.338892 -0.390541 -0.305914 -0.279087 -0.316692 -0.110935
-0.706769 -0.645432 0.371724 0.604763 0.322782 0.523949 0.438097 0.076888 0.402437 0.183556 -0.227880 -0.027185 -0.093505 -0.388196 0.225923 0.389151 -0.506365 -0.465780 -0.366436 -0.479855 0.345153 0.414476 0.694099 0.783546 0.815767 1.000000 0.403844 0.735339 -0.263222 -0.326896 0.664308 0.775586 0.130748 0.051427 0.443414 0.444454 0.014659 0.222576 0.418131 0.134068 0.431861 0.008886 -0.189602 -0.113618 -0.208013 0.012817 -0.094868 -0.083304 -0.131321 -0.303306 0.434103 -0.211695 -0.434386 -0.130447 -0.059545 -0.177903 -0.408141 -0.343525 -0.480088 -0.464875 -0.347324 -0.351509 -0.255044 -0.313004 0.468648 0.424236 -0.296607 0.150498 -0.352492 -0.398223 -0.005582 0.213360 -0.090570 -0.021135 0.068429 0.116911 -0.071787 0.031739 -0.151790 -0.043288 -0.278926 -0.306834 0.330247 0.223846 0.023127 0.358334 0.391327 0.469736 0.532388 0.334093 -0.313134 -0.177224 0.139442 -0.135844 0.110206 -0.156529 0.050525 -0.351964 -0.285233 -0.488874 -0.305874 -0.529282 -0.499009 -0.428836 -0.560693 -0.229426 0.096195 0.082630 -0.196780 0.051885 0.413944 -0.377356 -0.377605 -0.255413 -0.292842 -0.137031
-0.102478 -0.240417 0.161495 0.076945 0.466594 0.607456 0.242505 -0.046612 0.240299 0.150890 0.146608 -0.053477 0.223764 -0.029618 0.339676 0.442380 -0.153855 -0.231110 -0.072700 -0.185726 0.546527 0.402652 0.347386 0.362225 0.405882 0.403844 1.000000 0.741184 -0.134163 -0.342470 0.072554 0.081522 -0.240390 -0.274624 -0.046406 0.071864 0.133699 -0.037715 0.276403 -0.113209 0.214596 0.010702 -0.094574 -0.302607 -0.137119 -0.177993 -0.043248 -0.349220 0.033433 -0.080812 0.136198 -0.178274 -0.220035 -0.139136 0.058343 -0.248770 -0.164256 -0.187227 -0.104822 -0.239188 -0.191913 -0.085948 -0.211688 -0.295435 0.151890 0.142393 -0.327417 -0.102689 -0.182183 -0.212307 0.025467 -0.008073 -0.351322 -0.164079 -0.131927 -0.223415 -0.180647 -0.266694 -0.095288 0.041805 -0.142798 -0.209108 0.268282 0.065420 0.200109 -0.055353 0.082769 -0.118977 0.423080 0.152798 0.075838 0.170782 0.132334 0.254891 0.484911 -0.037310 0.020792 -0.133289 0.122817 -0.167932 0.079212 0.046920 -0.020188 -0.084069 -0.193897 0.026776 -0.046717 0.035862 0.046680 -0.100345 0.109633 0.115559 -0.064848 -0.078535 0.087039 0.214035
-0.419114 -0.484256 0.258293 0.337453 0.248733 0.489898 0.350456 -0.173170 0.286242 -0.015987 0.071288 -0.025020 0.129008 -0.282560 0.472305 0.485884 -0.357307 -0.349367 -0.165254 -0.286204 0.474475 0.392608 0.708825 0.638361 0.721972 0.735339 0.741184 1.000000 -0.122228 -0.368780 0.416176 0.451524 -0.041671 -0.121729 0.209764 0.228771 0.206411 0.213599 0.518781 0.040926 0.406339 0.042433 -0.227096 -0.257951 -0.276886 -0.230078 -0.072641 -0.289416 -0.071146 -0.283493 0.452952 -0.283957 -0.359585 -0.118477 0.166240 -0.231878 -0.400773 -0.320265 -0.329013 -0.463085 -0.265112 -0.350757 -0.157127 -0.310448 0.388411 0.233123 -0.341223 -0.060047 -0.288208 -0.309686 -0.012763 0.158504 -0.190312 -0.049466 0.035737 0.014037 -0.090312 -0.058572 -0.130301 0.035886 -0.238629 -0.235869 0.429651 0.186738 0.235046 0.277319 0.432528 0.309023 0.631843 0.317660 -0.207170 -0.052444 0.062770 0.038809 0.235904 -0.104765 0.008035 -0.303329 -0.086440 -0.416835 -0.228603 -0.286888 -0.390516 -0.247309 -0.444258 -0.210068 -0.100933 0.074183 -0.084076 0.026599 0.267292 -0.166464 -0.270034 -0.214981 -0.208872 -0.034469
0.332718 0.150447 -0.177090 -0.083478 -0.296416 -0.409826 0.048142 -0.322225 -0.204643 -0.456331 0.138056 0.062631 -0.151976 -0.056076 0.249208 0.199269 0.589603 0.432994 0.523533 0.450096 0.010163 0.043292 -0.034180 -0.300237 -0.269631 -0.263222 -0.134163 -0.122228 1.000000 0.597857 0.239305 0.057796 0.373567 0.300795 -0.127371 -0.532539 0.410891 0.005831 0.144359 -0.044525 0.189470 0.329675 -0.324979 -0.269575 -0.231472 -0.443178 -0.039981 -0.384174 -0.526113 -0.270552 -0.102440 -0.435109 -0.221704 -0.042620 -0.076082 -0.162961 0.187865 0.245996 -0.329026 -0.320217 0.074143 -0.242397 0.632321 0.431998 0.106421 -0.441670 -0.242905 -0.473460 -0.007019 -0.044315 0.223810 0.200791 0.635711 0.318836 0.368769 0.301931 0.343723 0.235408 0.414686 0.358044 0.427809 0.345195 0.415456 0.491067 0.480133 0.127207 0.027161 -0.212265 -0.063295 -0.237877 -0.288744 -0.257208 -0.304882 -0.253057 -0.082979 -0.014322 -0.405375 -0.018248 -0.005280 0.089321 -0.304157 0.145937 -0.018708 -0.041253 -0.012954 -0.121278 -0.153222 -0.159610 -0.038259 0.040951 -0.449465 0.136133 0.099778 0.069541 0.108485 0.045146
0.233906 0.387810 -0.379553 -0.242764 -0.434556 -0.483869 -0.347728 -0.153855 -0.399554 -0.313463 -0.044406 0.200694 -0.222589 0.176237 -0.027630 0.070274 0.528486 0.555750 0.256035 0.297889 -0.128899 0.044227 -0.375052 -0.483523 -0.401401 -0.326896 -0.342470 -0.368780 0.597857 1.000000 0.112578 0.038309 0.453409 0.497368 -0.127782 -0.267439 0.314727 0.168101 -0.008208 0.211050 0.146568 0.494318 -0.200624 -0.070282 -0.114447 -0.209224 -0.114831 -0.213903 -0.325145 -0.240292 -0.321460 -0.207665 -0.015054 -0.032427 -0.006814 0.064035 0.315368 0.406358 -0.229306 -0.053019 -0.098377 0.027505 0.409132 0.520271 -0.162016 -0.357711 -0.070300 -0.385829 0.228456 -0.019273 0.257010 0.277473 0.687601 0.522412 0.436838 0.554067 0.545773 0.500024 0.432489 0.358900 0.417481 0.438413 0.117345 0.247122 0.164043 0.031605 -0.069068 -0.120821 -0.271842 -0.043318 -0.322203 -0.492044 -0.365970 -0.414499 -0.215921 0.053370 -0.142620 0.041938 -0.059317 0.102233 -0.097976 -0.006612 0.000184 -0.101573 0.072355 -0.069329 0.068303 -0.130562 -0.167975 -0.068744 -0.333143 -0.050112 0.093865 0.242157 0.076100 0.085326
-0.452147 -0.449453 0.355514 0.558804 0.104260 0.113052 0.474184 0.006352 0.305789 -0.140171 -0.166111 0.091690 -0.152921 -0.355397 0.345766 0.386925 -0.125106 -0.056486 -0.025941 -0.172855 0.153870 0.366979 0.579259 0.453463 0.556388 0.664308 0.072554 0.416176 0.239305 0.112578 1.000000 0.856532 0.483236 0.415843 0.432168 0.139299 0.094049 0.174044 0.325862 0.169555 0.442661 0.160136 -0.369780 -0.147703 -0.374704 -0.155140 -0.112204 -0.228093 -0.399225 -0.528133 0.251359 -0.492025 -0.581016 -0.283877 -0.108003 -0.216737 -0.277651 -0.220424 -0.574616 -0.616800 -0.154215 -0.360183 0.045976 -0.107170 0.614578 0.190419 -0.339798 -0.104843 -0.326147 -0.378096 0.068102 0.304770 0.323799 0.150126 0.376334 0.318760 0.113681 0.183705 0.048477 0.075008 -0.180315 -0.204627 0.548709 0.420902 0.157905 0.382911 0.342123 0.465161 0.435533 0.175714 -0.528409 -0.423939 -0.139640 -0.362617 -0.106382 -0.246837 -0.123080 -0.406902 -0.407186 -0.451902 -0.489528 -0.503944 -0.447386 -0.394049 -0.562698 -0.394315 0.128858 -0.038401 -0.179568 -0.005146 0.076196 -0.433051 -0.437291 -0.231693 -0.309485 -0.173013
-0.621351 -0.465614 0.251039 0.711342 0.162773 0.225347 0.400778 0.134904 0.308597 0.009911 -0.235695 0.235836 -0.133210 -0.298118 0.309494 0.489869 -0.334674 -0.248333 -0.237544 -0.344444 0.225829 0.391637 0.559568 0.611836 0.604553 0.775586 0.081522 0.451524 0.057796 0.038309 0.856532 1.000000 0.337066 0.355231 0.476573 0.372536 0.025662 0.257019 0.374027 0.188071 0.439436 0.072815 -0.276860 -0.075684 -0.326442 -0.017707 -0.073108 -0.135867 -0.346308 -0.454655 0.261793 -0.423018 -0.576576 -0.260943 -0.205670 -0.214860 -0.341597 -0.301507 -0.608273 -0.540364 -0.250587 -0.311654 -0.079418 -0.123371 0.588325 0.378557 -0.398767 0.026994 -0.444899 -0.444554 0.009202 0.345346 0.207965 0.127464 0.201725 0.324405 0.101289 0.276420 0.015192 0.001777 -0.225601 -0.206924 0.479240 0.511423 0.047594 0.384913 0.308790 0.526167 0.383961 0.192033 -0.495321 -0.423797 0.005133 -0.410194 -0.126638 -0.204902 -0.035627 -0.390222 -0.432129 -0.519968 -0.441381 -0.649065 -0.528742 -0.437694 -0.497721 -0.305555 0.155098 -0.008586 -0.269686 -0.010217 0.280701 -0.482305 -0.475136 -0.246415 -0.287300 -0.127162
-0.086737 -0.139585 0.048939 0.129025 -0.368095 -0.291895 0.027561 -0.325819 -0.311630 -0.546737 -0.252134 -0.053533 -0.384229 -0.350003 -0.064314 0.054214 0.225269 0.221698 0.297635 0.145732 0.063142 0.162849 0.108309 -0.144334 0.048148 0.130748 -0.240390 -0.041671 0.373567 0.453409 0.483236 0.337066 1.000000 0.781316 0.212541 -0.007492 0.296771 0.000137 0.175566 0.235216 0.226463 0.229951 -0.218603 -0.069022 -0.072872 -0.126675 -0.098429 -0.157961 -0.378282 -0.219278 0.098031 -0.284194 -0.266741 -0.134863 0.054983 0.033834 0.117611 0.225642 -0.498560 -0.239097 -0.047360 -0.465792 0.399984 0.505836 0.041675 -0.290450 0.154942 -0.123872 0.227477 0.038186 -0.119928 0.120033 0.497594 0.301862 0.303232 0.313616 0.212237 0.279185 0.362309 0.421962 0.365007 0.365918 0.239860 0.267380 0.219436 0.330919 0.053267 0.073973 -0.113805 -0.066649 -0.634363 -0.567824 -0.416335 -0.419767 -0.192272 -0.104004 0.031582 -0.210731 -0.149126 -0.126667 -0.498505 -0.157138 -0.290151 -0.047633 -0.152532 -0.308203 0.154961 -0.150773 -0.152395 -0.150332 -0.086415 -0.258511 -0.180390 0.060324 -0.085629 -0.139065
-0.073879 0.011848 -0.070935 0.161607 -0.333271 -0.187117 -0.055348 -0.091827 -0.356490 -0.437271 -0.308907 0.066734 -0.336051 -0.183419 -0.059545 0.076758 0.182891 0.280520 0.209380 0.160378 0.116107 0.197679 -0.070574 -0.249333 -0.069122 0.051427 -0.274624 -0.121729 0.300795 0.497368 0.415843 0.355231 0.781316 1.000000 0.186544 0.154297 0.212635 0.175699 0.144025 0.326486 0.252185 0.279649 -0.235775 -0.089669 -0.149527 -0.054135 -0.164432 -0.081212 -0.304079 -0.274320 -0.105918 -0.332558 -0.275760 -0.195991 0.054960 -0.039866 0.120854 0.232912 -0.441628 -0.154584 -0.045787 -0.263754 0.330084 0.523224 -0.001463 -0.148329 0.115384 -0.077030 0.194667 -0.006788 -0.062257 0.191279 0.481559 0.293516 0.231091 0.317396 0.264685 0.402982 0.301186 0.376373 0.300828 0.315860 0.235639 0.281384 0.096664 0.225666 -0.009909 0.143751 -0.172446 -0.083550 -0.549438 -0.609351 -0.455854 -0.502747 -0.125577 -0.091544 0.033440 -0.164155 -0.182306 -0.157818 -0.413789 -0.270987 -0.221505 -0.146197 -0.109764 -0.358365 0.186473 -0.140075 -0.136251 -0.134903 -0.022576 -0.224722 -0.204839 0.061791 -0.034577 -0.137346
-0.448743 -0.486409 0.157864 0.413498 0.056246 0.246745 0.307231 0.081892 0.175609 0.050793 -0.268741 -0.171656 -0.258094 -0.419222 -0.016829 0.065229 -0.281171 -0.264343 -0.137218 -0.159113 0.131239 0.243186 0.367957 0.380223 0.300152 0.443414 -0.046406 0.209764 -0.127371 -0.127782 0.432168 0.476573 0.212541 0.186544 1.000000 0.459436 -0.093836 0.186273 0.188955 0.175610 0.170140 0.063438 -0.056241 -0.001032 -0.059558 0.189219 0.070561 0.090090 -0.151219 -0.180737 0.188119 -0.181707 -0.257765 -0.103779 0.095870 -0.059066 -0.174775 -0.235927 -0.284109 -0.286555 -0.052481 -0.256734 -0.020906 -0.077926 0.335862 0.254315 0.024461 0.277921 -0.263069 -0.148941 -0.059661 0.070973 0.073471 -0.100955 0.034778 -0.015541 -0.092064 -0.066810 -0.063571 0.014257 -0.162874 -0.179228 0.179793 0.224204 -0.086361 0.314766 0.288041 0.408140 0.314033 0.121978 -0.196518 -0.120945 0.087977 -0.185631 -0.108930 -0.246986 -0.070954 -0.266030 -0.359020 -0.340702 -0.265826 -0.361991 -0.356401 -0.131773 -0.253650 -0.083821 0.030269 -0.112592 -0.211218 0.066097 0.239278 -0.221403 -0.203743 -0.145775 -0.343034 -0.161397
-0.446034 -0.238460 0.015242 0.292999 0.079576 0.426765 -0.097650 0.285024 0.017454 0.193292 -0.215230 0.117929 -0.023345 -0.018481 -0.179734 0.046705 -0.415290 -0.371970 -0.580027 -0.506153 0.169029 0.202344 0.124349 0.335070 0.355402 0.444454 0.071864 0.228771 -0.532539 -0.267439 0.139299 0.372536 -0.007492 0.154297 0.459436 1.000000 -0.117058 0.138929 0.083027 0.154893 0.096284 -0.053098 0.062510 0.121917 0.103219 0.498640 -0.053243 0.170430 0.201213 -0.004151 0.127067 0.104378 -0.070905 -0.153132 0.062565 0.017223 -0.144972 -0.183671 -0.086133 0.012634 -0.111582 0.047652 -0.347443 -0.162914 0.057980 0.513276 0.099094 0.508756 -0.163265 -0.172281 -0.122948 0.142748 -0.247227 -0.165832 -0.110053 -0.108968 -0.248487 -0.022733 -0.110478 -0.105848 -0.169901 -0.126094 -0.074940 -0.032864 -0.204817 0.194276 0.075834 0.344540 0.142346 0.215166 -0.201648 -0.269446 0.036902 -0.200090 -0.034511 -0.155770 0.131198 -0.246537 -0.349481 -0.458327 -0.066314 -0.497419 -0.327859 -0.262763 -0.226227 -0.031442 0.186774 0.079970 -0.232973 -0.083374 0.410555 -0.391063 -0.282703 -0.146138 -0.179530 -0.178295
