1.000000 0.445874 0.172797 0.004232 -0.175515 -0.240866 0.174512 0.006477 0.036118 -0.173943 0.483440 0.212865 0.463793 0.218878 0.148638 0.154304 0.180829 -0.090324 0.431948 0.424537 -0.027202 -0.122807 0.066741 -0.267771 -0.145670 -0.201142 -0.119071 -0.013608 0.218553 0.000531 0.268171 0.130955 0.091222 0.114871 -0.215216 -0.227338 0.005383 -0.009085 -0.005250 -0.044081 -0.023945 0.053935 -0.136433 -0.282705 -0.231647 -0.333379 -0.184710 -0.310093 -0.010546 -0.300848 -0.102964 -0.263000 -0.130558 -0.103464 0.090461 -0.059674 0.282805 0.020299 0.366978 -0.053074 0.318477 0.102450 0.136238 0.124937 0.148511 -0.147741 -0.000232 -0.349661 0.228087 -0.186967 -0.128861 -0.056750 0.048985 0.001460 0.193520 0.297727 0.062196 -0.002145 -0.163747 0.098869 -0.118850 -0.070007 0.216504 0.120492 0.129286 0.012878 0.164269 0.178815 0.105758 0.042296 -0.301973 -0.351811 -0.387346 -0.187643 -0.005142 -0.077452 0.103788 0.063011 -0.152996 -0.100864 -0.035612 0.070653 -0.167517 -0.130597 -0.207135 0.072289 -0.056450 0.176556 0.244197 -0.006367 -0.200642 -0.053854 -0.129971 0.081512 -0.091704 0.055075
0.445874 1.000000 0.034630 -0.209355 0.016128 -0.002336 -0.085484 0.020517 0.139696 0.010166 0.278576 0.228298 0.277513 0.305663 0.157811 0.303231 0.210401 0.122187 0.024171 0.068834 0.020881 -0.077347 -0.250850 -0.327260 -0.181945 -0.234143 -0.063905 0.017686 -0.109676 0.066291 -0.131538 -0.186976 -0.018935 -0.007884 -0.334218 -0.023908 -0.008069 -0.065732 -0.027792 0.104054 -0.028763 0.082892 -0.383264 -0.320437 -0.378288 -0.415115 -0.428437 -0.489356 -0.057890 -0.316427 -0.184990 -0.197202 -0.046768 -0.243487 -0.140121 -0.071894 0.284899 0.420994 0.472456 0.213928 0.490644 0.487933 0.366612 0.462671 0.156850 0.191422 0.119843 -0.108638 0.393906 0.124667 -0.222286 -0.111996 -0.183761 -0.044188 -0.161126 0.105015 -0.075609 0.079803 -0.158138 0.039642 0.171349 0.073178 0.027048 0.140980 -0.102468 -0.001120 0.219854 0.325743 -0.030355 0.212463 -0.113743 -0.141369 -0.029134 0.011995 0.069161 0.036322 0.005157 0.003992 -0.074010 -0.060237 0.201332 0.097519 0.139129 0.088886 0.022572 -0.090038 0.110487 0.119169 0.112957 -0.030585 -0.373936 -0.155333 -0.109798 0.024885 -0.276748 0.007837
0.172797 0.034630 1.000000 0.425521 0.193211 0.130983 0.721127 0.634010 0.303500 0.259021 -0.013669 -0.036467 0.030347 -0.077386 -0.145084 -0.019598 -0.454950 -0.451998 0.368664 0.048492 -0.090003 -0.081607 0.469386 0.270245 -0.110837 -0.002810 -0.114235 -0.036156 -0.124171 -0.408594 0.188069 0.111946 0.015949 -0.004846 -0.168161 -0.028806 -0.364999 -0.284281 -0.420187 -0.299747 -0.182422 -0.231886 -0.057814 -0.180316 -0.023102 0.026594 0.009619 -0.043509 0.111345 -0.059372 0.053728 0.039581 0.140552 -0.072730 -0.294715 -0.180201 -0.253773 -0.309660 0.124135 0.061860 -0.084287 0.053017 -0.384505 -0.377969 0.197083 0.082054 0.120500 0.109514 -0.145820 -0.106122 0.051494 0.173641 -0.222565 -0.376166 -0.196949 0.100014 -0.293675 0.050153 -0.394878 -0.269873 -0.528951 -0.340062 0.031391 -0.186213 -0.235418 -0.213314 -0.234578 -0.173078 0.098259 -0.106505 0.264073 0.160150 0.147259 0.278962 -0.147405 -0.326490 -0.117906 -0.145772 0.089792 -0.010382 0.181725 0.188647 -0.045154 0.023709 -0.199643 -0.155469 -0.002199 -0.019934 -0.092178 -0.100799 0.024254 0.084108 0.036611 -0.166543 -0.173544 -0.133943
0.004232 -0.209355 0.425521 1.000000 -0.089165 0.183462 0.405365 0.676152 -0.267654 0.035684 0.015704 0.278426 0.117413 0.253088 -0.117026 0.322467 -0.254988 -0.385281 0.321500 0.197696 -0.109058 0.194584 0.454965 0.450180 0.068261 0.302038 0.090800 0.244424 0.027454 0.010618 0.423829 0.610912 0.190881 0.365973 -0.085688 -0.065257 -0.342261 0.129385 -0.163540 0.026565 -0.037757 -0.015130 0.046993 -0.035062 -0.067048 -0.009537 0.093449 -0.020134 -0.288869 -0.154599 0.038053 -0.236224 -0.203400 0.161195 -0.238504 0.280790 -0.148030 -0.415750 -0.276672 -0.454930 -0.222499 -0.254052 -0.382939 -0.377638 0.123318 -0.071651 -0.382919 -0.308740 -0.356219 -0.279344 -0.109654 0.275090 0.035148 -0.025877 0.106328 0.174465 -0.089951 -0.148890 -0.055111 -0.102173 -0.347952 -0.158091 0.076972 0.117927 -0.050123 0.124326 -0.132677 -0.000640 0.093820 0.182082 -0.205694 -0.339788 -0.083035 -0.234652 -0.120984 0.235428 -0.090701 0.201464 -0.380047 -0.175316 -0.180447 -0.163046 -0.334996 -0.340745 -0.236251 0.017673 -0.210700 -0.182857 0.131024 -0.010828 0.059646 -0.078747 -0.179194 -0.130437 0.103370 -0.171037
-0.175515 0.016128 0.193211 -0.089165 1.000000 0.156338 0.326320 0.189755 0.169401 0.299277 -0.012798 -0.239287 -0.028992 -0.080504 0.144312 0.096430 -0.311043 -0.240125 -0.107038 -0.222451 0.188508 0.061743 0.045193 0.132503 0.225314 -0.142434 0.371890 -0.089815 -0.162534 -0.280790 -0.032362 -0.194131 -0.215661 -0.235727 -0.125848 0.260587 -0.213533 -0.090962 -0.023451 -0.077460 -0.242936 -0.222903 0.020694 0.050539 0.160817 0.188406 0.063912 0.154630 0.104151 0.102638 -0.020906 0.149432 0.058486 0.176561 -0.104773 -0.049618 -0.239324 -0.070458 0.055807 0.272078 -0.100138 0.100640 -0.034996 -0.192517 0.208740 0.080069 0.073330 0.240263 -0.118496 0.041811 0.170973 -0.019541 -0.294574 -0.238387 -0.608180 -0.164797 -0.296959 -0.000810 -0.385693 -0.345091 -0.149285 -0.355822 0.038464 0.000540 -0.128947 -0.349447 -0.035683 -0.079942 -0.043918 0.018824 0.278834 0.313381 0.289005 0.239722 -0.078660 -0.056814 -0.096315 -0.202619 0.281464 0.012768 0.213278 0.335055 0.149573 0.201498 -0.066041 -0.145315 0.059191 0.051951 -0.092368 -0.034984 -0.087724 -0.017889 -0.055700 -0.018949 -0.214053 0.042775
-0.240866 -0.002336 0.130983 0.183462 0.156338 1.000000 0.039081 0.170644 -0.009623 0.291915 -0.253774 -0.074033 -0.084439 0.015234 -0.110301 0.190548 -0.063002 -0.092773 -0.146849 -0.130863 0.250180 0.409836 0.076436 0.298753 0.128623 0.282103 0.380558 0.417980 -0.210302 -0.188837 -0.190014 -0.074213 -0.042581 -0.064479 0.025808 0.279652 -0.299773 -0.093723 0.020780 0.107971 -0.257743 -0.043281 -0.143535 0.008061 -0.054413 -0.027202 -0.079474 -0.043059 -0.108482 0.042443 -0.084651 0.048863 -0.037810 -0.129886 -0.246193 0.029176 0.093605 -0.051704 0.094972 0.155842 0.020541 0.055732 -0.111485 -0.116074 -0.148528 0.245567 0.134768 0.214350 -0.104491 0.154826 0.002590 0.069439 -0.220775 -0.291518 -0.369719 -0.353548 -0.361402 -0.073215 0.055862 -0.182679 -0.020943 -0.126639 -0.361988 -0.163539 -0.162045 -0.061152 -0.300941 -0.200820 -0.087962 -0.025533 0.047605 0.076780 0.143560 0.013348 -0.103254 0.119213 -0.368277 -0.119877 -0.197110 -0.138641 0.081805 -0.186695 -0.047771 -0.022145 0.137962 -0.118676 -0.063679 -0.116298 -0.183255 -0.133367 0.026150 -0.211696 -0.098041 -0.236504 -0.178054 -0.203837
0.174512 -0.085484 0.721127 0.405365 0.326320 0.039081 1.000000 0.479488 0.062074 0.126749 0.183195 0.062405 0.228911 0.072983 -0.090425 0.051945 -0.470994 -0.384056 0.455903 0.209294 0.001622 -0.027242 0.345282 0.274036 -0.021813 -0.022379 0.034663 -0.093290 0.128131 -0.219132 0.383637 0.236140 0.137626 0.152291 -0.197432 0.020270 -0.294095 -0.059656 -0.284617 -0.205015 -0.247533 -0.207135 -0.002474 -0.118920 -0.019794 0.036982 0.010760 -0.041404 -0.139620 -0.080785 -0.077923 -0.080416 -0.119203 0.073046 -0.253214 -0.036397 -0.430619 -0.391255 -0.058348 -0.075208 -0.162875 0.040995 -0.300878 -0.275407 0.369745 -0.096040 -0.073023 -0.048118 -0.247071 -0.182037 -0.006377 0.185047 -0.031998 -0.199907 -0.086820 0.056207 -0.130895 0.026704 -0.382061 -0.042017 -0.501930 -0.173044 0.126864 -0.037652 -0.098435 -0.121082 -0.171663 -0.166241 0.011862 0.054674 0.048679 0.007632 -0.047964 0.083546 -0.140991 -0.108942 -0.207879 -0.081281 -0.036318 -0.176152 0.051242 0.149920 -0.175138 -0.129880 -0.326069 -0.263080 -0.128213 -0.064757 -0.013286 -0.119036 -0.098016 -0.037663 -0.026841 -0.189798 -0.174819 -0.148438
0.006477 0.020517 0.634010 0.676152 0.189755 0.170644 0.479488 1.000000 0.098241 0.387987 -0.193808 0.010058 -0.030687 0.181150 -0.238408 0.228877 -0.527349 -0.513359 0.147537 -0.123951 -0.211284 -0.006456 0.288120 0.419503 -0.018836 0.156138 0.033937 0.051291 -0.360004 -0.330830 0.120702 0.190386 0.046612 0.018743 -0.173953 0.126431 -0.587167 -0.169769 -0.342720 -0.132377 -0.209095 -0.301262 -0.111460 -0.182492 0.053579 0.115222 0.002270 -0.030172 -0.021719 -0.039697 0.034922 -0.000482 0.031051 0.081693 -0.296253 0.028264 -0.152113 -0.246954 0.026670 -0.005346 -0.119797 0.033319 -0.378955 -0.398253 0.102741 0.197070 -0.019924 0.095534 -0.175366 0.016377 -0.152440 0.079821 -0.389480 -0.320867 -0.356463 -0.074700 -0.406321 -0.174500 -0.275723 -0.194191 -0.392421 -0.359976 -0.151342 -0.190900 -0.319193 -0.252554 -0.232577 -0.098420 -0.068355 0.070503 0.180028 0.109315 0.247969 0.240853 -0.043452 0.014310 -0.126449 0.006692 -0.067482 0.034051 0.051206 0.210768 -0.048563 0.038119 -0.145492 -0.102438 -0.018987 0.052806 -0.026490 -0.149755 -0.048887 -0.054908 -0.083332 -0.097006 -0.146474 -0.210341
0.036118 0.139696 0.303500 -0.267654 0.169401 -0.009623 0.062074 0.098241 1.000000 0.617214 -0.112118 -0.229598 -0.080586 -0.122305 0.136457 -0.111625 -0.153592 0.057175 0.054067 -0.402754 -0.123840 -0.185722 0.052785 -0.037525 -0.137337 -0.291154 -0.386295 -0.426159 -0.137334 -0.240383 -0.210120 -0.346611 -0.325547 -0.224894 -0.145138 0.198279 -0.153995 -0.281023 -0.298799 -0.288971 -0.085654 -0.217931 -0.240442 -0.222872 -0.030566 0.017839 -0.142057 -0.071749 0.280898 0.111342 -0.079667 0.281611 0.317427 -0.159253 0.025112 -0.499427 -0.152408 -0.075479 0.355834 0.404780 0.152995 0.320542 -0.187032 -0.046335 0.140568 0.383452 0.283793 0.279191 -0.045262 0.138880 0.151328 -0.160772 -0.196090 -0.244265 -0.247470 0.020661 -0.129676 0.150249 -0.247212 -0.191089 -0.213557 -0.294726 0.002730 -0.357953 -0.131344 -0.316161 -0.054790 -0.166488 0.177672 -0.397244 0.451927 0.498612 0.342253 0.464192 0.047601 -0.321720 -0.126041 -0.220170 0.475167 0.270083 0.375521 0.261023 0.266554 0.263099 -0.000319 -0.000015 0.143608 0.135999 -0.247330 -0.026915 -0.072379 0.110472 0.155082 0.082320 -0.112640 0.135713
-0.173943 0.010166 0.259021 0.035684 0.299277 0.291915 0.126749 0.387987 0.617214 1.000000 -0.305093 -0.311494 -0.150832 -0.054526 -0.055735 0.060022 -0.253845 -0.173252 -0.108774 -0.437819 0.017450 0.038979 0.081170 0.264065 -0.091813 -0.115886 -0.140900 -0.171993 -0.412450 -0.389639 -0.258181 -0.317923 -0.337995 -0.257540 -0.052986 0.347060 -0.521910 -0.268837 -0.243480 -0.237622 -0.179720 -0.357872 -0.368857 -0.281560 -0.000799 0.052993 -0.222562 -0.085433 0.194896 0.029052 -0.040051 0.234777 0.231459 -0.174169 -0.157701 -0.402647 -0.078372 -0.016536 0.344202 0.482668 0.066421 0.327959 -0.217580 -0.151290 0.149996 0.591579 0.306747 0.458638 -0.016643 0.320284 0.180435 -0.167763 -0.445019 -0.315398 -0.409910 -0.211692 -0.305298 0.038314 -0.189265 -0.368367 -0.194303 -0.416939 -0.258211 -0.532090 -0.190262 -0.430492 -0.147854 -0.286483 0.118072 -0.313182 0.468948 0.556959 0.489039 0.538691 -0.058854 -0.133353 -0.348085 -0.264244 0.253744 0.132679 0.412753 0.255594 0.294574 0.383208 0.106900 -0.050205 0.173304 0.088328 -0.371995 -0.204991 -0.056367 -0.047101 -0.074004 -0.047015 -0.141895 -0.025026
0.483440 0.278576 -0.013669 0.015704 -0.012798 -0.253774 0.183195 -0.193808 -0.112118 -0.305093 1.000000 0.418333 0.820382 0.519383 0.558584 0.422955 0.332039 0.121023 0.271355 0.304700 0.054393 0.012295 0.113148 -0.315296 -0.029481 -0.241195 0.079769 0.056252 0.539477 0.255346 0.177920 0.142207 -0.071742 0.067035 -0.218661 -0.175297 0.107496 0.074685 0.090840 0.108276 -0.076927 0.155188 -0.162082 -0.172918 -0.334025 -0.409083 -0.313323 -0.315080 -0.089063 -0.234263 0.039618 -0.359791 -0.228639 -0.079206 0.037788 0.116242 -0.166643 -0.177813 0.093572 -0.218493 0.256494 0.152070 0.173092 0.334633 0.494657 -0.022715 -0.176495 -0.496660 -0.168057 -0.509936 -0.244950 -0.008453 0.198039 0.146592 0.182637 0.356114 0.166655 -0.143220 -0.210878 -0.017476 -0.210630 -0.130655 0.497002 0.463879 0.264169 0.187265 0.336864 0.469348 0.234805 0.242058 -0.419828 -0.516716 -0.347350 -0.343127 0.116430 0.116149 -0.032755 0.317140 -0.264504 -0.345900 -0.111277 -0.112780 -0.156175 -0.406444 -0.212670 0.154103 0.010137 0.199386 0.319030 0.101986 -0.036041 -0.132820 -0.050858 0.070970 0.033383 0.116685
0.212865 0.228298 -0.036467 0.278426 -0.239287 -0.074033 0.062405 0.010058 -0.229598 -0.311494 0.418333 1.000000 0.488299 0.601959 0.351722 0.393164 0.273525 0.072335 0.143067 0.263076 0.013108 0.006562 0.117659 0.039983 0.057606 0.096750 0.119925 0.279898 0.378146 0.364224 0.239490 0.406496 0.161278 0.369161 -0.164486 -0.163615 0.190275 0.244717 0.204583 0.228007 0.031663 0.396435 -0.136405 -0.131129 -0.409523 -0.439059 -0.182247 -0.307510 -0.471348 -0.403034 -0.072504 -0.505369 -0.278541 -0.062857 -0.020428 0.261232 0.117970 -0.009043 -0.177380 -0.537967 0.125996 -0.072385 0.195628 0.201762 0.294860 -0.085326 -0.362086 -0.497307 -0.046263 -0.236305 -0.280268 0.128127 0.274828 0.218025 0.323324 0.131021 0.157500 -0.212061 0.095916 0.116893 0.051883 0.188888 0.263780 0.580261 0.247658 0.437649 0.130081 0.349248 0.106511 0.306770 -0.559340 -0.599431 -0.344645 -0.439372 -0.013676 0.129099 -0.054849 0.149916 -0.460354 -0.283817 -0.259767 -0.366329 -0.324926 -0.487912 -0.209233 0.043508 -0.139743 -0.149440 0.213517 -0.043598 -0.182486 -0.120668 -0.145405 -0.053096 0.155737 0.003469
0.463793 0.277513 0.030347 0.117413 -0.028992 -0.084439 0.228911 -0.030687 -0.080586 -0.150832 0.820382 0.488299 1.000000 0.714469 0.585606 0.609946 0.290445 -0.010284 0.243951 0.232637 -0.012361 0.053919 0.086003 -0.281117 0.011334 -0.198642 0.170999 0.148746 0.479390 0.219229 0.103299 0.193805 0.000123 0.081435 -0.195753 -0.221585 0.033156 0.167348 0.199504 0.295838 -0.078583 0.158030 -0.277270 -0.278217 -0.470006 -0.511435 -0.347736 -0.419987 -0.147433 -0.346234 0.030958 -0.453885 -0.286861 -0.076857 0.111934 0.182291 -0.173682 -0.237074 0.185954 -0.228814 0.378579 0.214261 0.173798 0.280924 0.415031 0.050166 -0.171945 -0.572746 -0.122221 -0.414022 -0.279571 0.064655 0.079975 0.106957 0.118789 0.225798 0.178848 -0.164618 -0.192949 -0.103697 -0.220582 -0.262508 0.381506 0.477592 0.248421 0.213347 0.282204 0.464967 0.152022 0.307391 -0.432056 -0.548183 -0.337741 -0.357854 0.115108 0.157005 -0.141452 0.296570 -0.381712 -0.371306 -0.143134 -0.150354 -0.198468 -0.321445 -0.110686 0.178532 0.047724 0.153536 0.268477 0.106262 -0.193257 -0.281367 -0.146716 0.029486 0.042255 0.021882
0.218878 0.305663 -0.077386 0.253088 -0.080504 0.015234 0.072983 0.181150 -0.122305 -0.054526 0.519383 0.601959 0.714469 1.000000 0.467279 0.749910 0.251466 0.087912 0.087850 0.096626 -0.070454 0.153266 0.017471 -0.069992 0.063170 0.050184 0.245379 0.296194 0.322210 0.432338 0.121976 0.323896 0.148843 0.287148 -0.272721 -0.095089 0.063032 0.298721 0.276975 0.404236 0.114919 0.230323 -0.467613 -0.483648 -0.642687 -0.626572 -0.510429 -0.584780 -0.402200 -0.562494 -0.102344 -0.618521 -0.383835 -0.163267 0.074431 0.233797 -0.104982 -0.087717 0.054723 -0.276890 0.394814 0.233497 0.208811 0.338823 0.301449 0.105084 -0.242733 -0.502059 -0.071183 -0.203396 -0.262348 0.161459 0.149819 0.194653 0.139801 0.160404 0.124752 -0.184356 0.001261 0.053224 0.000305 -0.042092 0.220399 0.501414 0.148067 0.324345 0.155862 0.440600 0.060024 0.466383 -0.527293 -0.582392 -0.288063 -0.403339 0.109430 0.302834 -0.275753 0.275646 -0.619969 -0.396719 -0.153952 -0.315970 -0.240173 -0.444000 -0.132703 0.079897 -0.092926 0.031460 0.219615 -0.005075 -0.231964 -0.404021 -0.225916 -0.098753 0.006537 -0.011192
0.148638 0.157811 -0.145084 -0.117026 0.144312 -0.110301 -0.090425 -0.238408 0.136457 -0.055735 0.558584 0.351722 0.585606 0.467279 1.000000 0.465525 0.432126 0.026996 -0.009126 0.066415 0.311524 0.128758 0.111803 -0.073000 0.035359 -0.336323 0.259170 0.098253 0.429613 0.172686 -0.164075 -0.060246 -0.269892 -0.141064 -0.114161 -0.140079 0.245138 0.166374 0.345761 0.167547 0.137985 0.202800 -0.307206 -0.233801 -0.416531 -0.515443 -0.316963 -0.314499 -0.126935 -0.301418 0.110917 -0.333307 -0.068069 -0.218666 0.215184 -0.106644 -0.032979 0.052948 0.094412 -0.111202 0.203713 0.016148 0.253006 0.192185 0.364553 0.033295 -0.067532 -0.354472 -0.104925 -0.150189 -0.004994 -0.216367 0.005956 -0.075266 -0.056734 0.083195 0.115047 -0.127837 -0.029799 -0.211477 0.026198 -0.196513 0.588928 0.491263 0.506099 0.164292 0.519101 0.428335 0.379972 0.125990 -0.213363 -0.214512 -0.132117 -0.129479 0.152621 -0.035596 -0.073259 0.024089 -0.128493 -0.162334 0.006578 -0.044875 0.059594 -0.103049 0.112790 0.360053 0.135455 0.143999 0.043786 0.120816 -0.155494 -0.131638 -0.036897 0.044564 0.208197 0.292941
0.154304 0.303231 -0.019598 0.322467 0.096430 0.190548 0.051945 0.228877 -0.111625 0.060022 0.422955 0.393164 0.609946 0.749910 0.465525 1.000000 0.117083 -0.090792 -0.026591 0.028840 0.002530 0.249926 0.260113 0.121444 0.253224 0.113894 0.425084 0.474359 0.202994 0.271740 0.153596 0.366565 -0.065089 0.146322 -0.350501 -0.007962 -0.065362 0.352550 0.292979 0.523033 0.137538 0.208125 -0.414206 -0.403736 -0.575167 -0.545456 -0.446359 -0.424380 -0.461818 -0.496226 -0.123379 -0.536039 -0.364215 -0.113136 0.024367 0.328315 -0.120845 -0.135299 -0.017661 -0.288390 0.164954 0.131395 0.080699 0.104672 0.100422 0.056082 -0.461425 -0.535557 -0.162878 -0.234938 -0.151821 0.261670 -0.032141 0.049626 -0.101747 0.178808 -0.020391 -0.112231 -0.101297 -0.134435 -0.057472 -0.275666 0.310871 0.506735 0.161398 0.208229 0.365503 0.514012 0.195888 0.522393 -0.360634 -0.474165 -0.150399 -0.364894 0.142602 0.421669 -0.160201 0.248904 -0.520622 -0.328497 -0.006984 -0.261949 -0.149446 -0.286009 0.041571 0.091851 -0.046489 0.089093 0.176366 0.084867 -0.183013 -0.370991 -0.278279 -0.059387 -0.025173 -0.013103
0.180829 0.210401 -0.454950 -0.254988 -0.311043 -0.063002 -0.470994 -0.527349 -0.153592 -0.253845 0.332039 0.273525 0.290445 0.251466 0.432126 0.117083 1.000000 0.376398 -0.064883 0.260676 0.156625 0.080388 -0.336585 -0.347145 -0.250933 -0.283494 -0.038704 0.041152 0.379711 0.404298 -0.243621 -0.112799 0.141528 0.147182 0.241900 -0.181340 0.507279 0.123687 0.368563 0.186554 0.223594 0.282715 -0.166666 -0.117447 -0.318315 -0.449584 -0.223960 -0.268424 -0.132431 -0.284230 -0.069168 -0.427348 -0.107323 -0.260823 0.120735 -0.120334 0.456005 0.443580 0.089298 -0.088744 0.371358 0.029484 0.545483 0.465631 0.108517 -0.049969 0.054067 -0.227664 0.179920 0.067509 -0.032123 -0.241758 0.328985 0.260397 0.312121 0.215696 0.307221 0.053561 0.456863 -0.030826 0.590767 0.209925 0.126168 0.325430 0.365810 0.165758 0.337194 0.291809 0.053316 -0.113722 -0.349667 -0.336727 -0.275650 -0.314250 0.097675 -0.010815 0.073535 0.055053 -0.159249 -0.078131 -0.167095 -0.186958 -0.040082 -0.124836 0.214404 0.348781 0.062189 0.058628 0.183917 0.209987 0.018114 -0.007231 0.025016 -0.097524 0.189242 0.189545
-0.090324 0.122187 -0.451998 -0.385281 -0.240125 -0.092773 -0.384056 -0.513359 0.057175 -0.173252 0.121023 0.072335 -0.010284 0.087912 0.026996 -0.090792 0.376398 1.000000 -0.097105 0.017274 0.024515 0.000083 -0.360370 -0.365274 -0.085789 -0.162953 -0.118356 -0.144136 0.346310 0.555358 -0.211124 -0.179242 0.112109 0.128295 -0.006700 0.069700 0.458081 0.110409 0.157711 0.114903 0.120964 0.327615 -0.052714 0.057596 -0.161263 -0.170890 -0.157769 -0.109491 -0.100769 0.003374 -0.270927 -0.071409 -0.144808 -0.085648 0.168141 0.028658 -0.028126 0.176600 0.047147 0.039029 0.206614 0.296279 0.266265 0.634403 -0.069201 0.081832 0.019666 -0.146360 0.024752 -0.111700 -0.064974 -0.066868 0.533921 0.334252 0.353590 0.214608 0.239461 0.079062 0.314313 0.369405 0.296696 0.532376 -0.050269 0.025338 -0.062309 0.101754 -0.053141 0.002159 -0.020298 -0.087691 -0.140131 -0.206342 -0.130530 -0.211743 0.060099 0.077362 -0.029050 0.079940 0.026937 -0.070351 0.000767 -0.255136 0.088256 -0.231251 0.080060 -0.011257 -0.105272 -0.035447 0.124768 0.064806 -0.030020 0.030241 0.079908 0.017713 0.064020 0.101094
0.431948 0.024171 0.368664 0.321500 -0.107038 -0.146849 0.455903 0.147537 0.054067 -0.108774 0.271355 0.143067 0.243951 0.087850 -0.009126 -0.026591 -0.064883 -0.097105 1.000000 0.600202 -0.070131 -0.067242 0.169641 -0.010740 -0.134753 -0.057542 -0.305933 -0.212166 0.332724 0.020988 0.495710 0.355607 0.351891 0.447746 -0.127415 -0.149767 -0.090877 0.006115 -0.044303 -0.195166 -0.014962 0.062438 0.153893 -0.071025 0.008845 -0.067356 0.117475 -0.069057 -0.071023 -0.063993 -0.202286 -0.184553 -0.094189 0.035800 -0.064611 -0.018710 -0.118806 -0.288000 -0.017018 -0.115720 -0.011415 -0.054723 -0.114610 -0.060765 0.289769 -0.249128 -0.077511 -0.240160 0.002539 -0.262726 0.122674 0.122866 0.285040 -0.023632 0.224321 0.314202 0.029337 0.111534 -0.279514 0.063533 -0.303734 0.023515 0.260102 0.080833 -0.000680 -0.080816 -0.108873 -0.014786 0.170419 -0.090916 -0.133526 -0.246213 -0.318774 -0.211817 -0.145263 -0.158610 0.039545 -0.124826 -0.059282 -0.265660 -0.131225 -0.004463 -0.398095 -0.446062 -0.543458 -0.214264 -0.187377 -0.051172 -0.025559 -0.047968 -0.139078 -0.091384 -0.071575 -0.266372 -0.235353 -0.150149
0.424537 0.068834 0.048492 0.197696 -0.222451 -0.130863 0.209294 -0.123951 -0.402754 -0.437819 0.304700 0.263076 0.232637 0.096626 0.066415 0.028840 0.260676 0.017274 0.600202 1.000000 0.112150 0.027330 0.077322 -0.033015 -0.111493 -0.055390 -0.029015 0.055547 0.451961 0.236006 0.405022 0.380562 0.394884 0.552250 0.014277 -0.311767 0.203034 0.115302 0.185430 -0.108992 0.074590 0.267259 0.133904 0.005187 -0.042402 -0.195450 0.064575 -0.028332 -0.179056 -0.214647 -0.182400 -0.335055 -0.218994 -0.090800 -0.087731 0.060689 0.199716 0.007583 -0.081076 -0.255865 -0.018800 -0.278600 0.204773 0.051761 0.081763 -0.457347 -0.123521 -0.312041 0.168868 -0.083046 0.077875 0.102121 0.391232 0.140533 0.328746 0.337958 0.103358 0.184368 0.074122 0.212085 0.122246 0.296231 0.293658 0.322626 0.187516 0.100262 0.163593 0.126875 0.083144 -0.009614 -0.390874 -0.474878 -0.505869 -0.454667 -0.160737 -0.201077 0.262379 -0.120114 -0.297612 -0.374046 -0.316938 -0.275460 -0.440028 -0.482141 -0.390379 -0.217007 -0.211519 -0.144681 0.061633 -0.038150 -0.037945 -0.036213 -0.237122 -0.278620 -0.078979 -0.248184
-0.027202 0.020881 -0.090003 -0.109058 0.188508 0.250180 0.001622 -0.211284 -0.123840 0.017450 0.054393 0.013108 -0.012361 -0.070454 0.311524 0.002530 0.156625 0.024515 -0.070131 0.112150 1.000000 0.543397 -0.033875 0.229294 0.029049 -0.097097 0.451726 0.211305 0.058485 -0.067854 -0.124496 -0.143857 -0.045169 -0.145164 -0.039950 0.197526 -0.018136 0.075113 0.317072 -0.065902 -0.047998 0.232122 -0.113693 0.072756 -0.056368 -0.165156 -0.048328 -0.031915 -0.105238 -0.077824 0.055556 -0.017001 -0.010925 -0.226735 -0.015794 -0.185751 0.038345 0.222802 0.080649 0.123170 -0.078492 -0.104497 0.211893 0.086906 0.150816 -0.056521 0.182136 0.121304 -0.039860 0.106377 0.182200 -0.201996 -0.029910 -0.070260 -0.184169 -0.205974 -0.100119 -0.068062 0.031269 -0.091384 0.128166 0.072634 0.032761 -0.066624 0.224625 0.071249 0.093423 -0.129392 0.215762 0.000770 -0.052102 -0.025760 -0.093231 -0.057122 -0.029528 -0.040605 -0.011564 -0.286700 -0.066740 -0.382333 0.066289 -0.124700 0.087776 0.039096 0.156382 0.162547 -0.117775 -0.139662 -0.142741 -0.048953 -0.062605 -0.140071 -0.229365 -0.156674 0.067878 0.045573
-0.122807 -0.077347 -0.081607 0.194584 0.061743 0.409836 -0.027242 -0.006456 -0.185722 0.038979 0.012295 0.006562 0.053919 0.153266 0.128758 0.249926 0.080388 0.000083 -0.067242 0.027330 0.543397 1.000000 0.126785 0.315725 0.183297 0.231814 0.428496 0.485518 0.140371 0.091283 0.097813 0.184612 -0.048967 -0.021807 -0.153634 0.129113 -0.057522 0.136595 0.266127 0.186606 0.079779 0.329084 -0.144225 -0.056648 -0.200847 -0.171834 -0.152840 -0.166847 -0.229743 -0.116366 -0.048466 -0.162950 -0.207202 -0.212828 -0.095670 0.049115 -0.027176 -0.035176 -0.022230 -0.008618 -0.020436 -0.081287 0.031939 -0.019123 0.036584 -0.071693 -0.062772 -0.060052 -0.229576 0.065906 0.053571 0.138118 0.069090 0.054252 -0.084151 -0.121050 -0.098196 -0.069811 0.122057 -0.051169 0.109164 0.063579 -0.042403 0.065765 0.187967 0.226910 -0.085016 0.023000 0.086532 0.164089 -0.225706 -0.236993 -0.234704 -0.374705 0.061490 0.241555 -0.204574 -0.077967 -0.346691 -0.409078 -0.125769 -0.364657 -0.159664 -0.132797 0.148749 0.016538 -0.099527 -0.148211 -0.151584 -0.020546 -0.198633 -0.346908 -0.318110 -0.373225 -0.091964 -0.061392
0.066741 -0.250850 0.469386 0.454965 0.045193 0.076436 0.345282 0.288120 0.052785 0.081170 0.113148 0.117659 0.086003 0.017471 0.111803 0.260113 -0.336585 -0.360370 0.169641 0.077322 -0.033875 0.126785 1.000000 0.565948 0.305350 0.349333 0.225392 0.408636 0.066073 -0.212824 0.430587 0.421031 -0.294038 0.018901 -0.222579 0.031298 -0.230304 0.078499 -0.069048 0.027123 -0.034504 0.078376 -0.121069 -0.169460 -0.198055 -0.127214 -0.090762 0.085705 -0.173975 -0.226824 0.088634 -0.163235 -0.245479 -0.077977 -0.225522 0.106815 -0.263183 -0.394706 -0.229200 -0.321075 -0.306863 -0.319595 -0.590610 -0.585944 0.017718 -0.043571 -0.384851 -0.141556 -0.394473 -0.199774 0.026017 0.291960 -0.097758 -0.146035 -0.007702 0.115429 -0.207118 -0.057436 -0.212706 -0.126983 -0.489843 -0.263759 0.508837 0.180463 0.190541 0.177289 0.206404 0.146739 0.565457 0.154005 0.029608 -0.101086 -0.075412 -0.071140 -0.032066 0.010487 -0.009473 0.062436 -0.200997 -0.157700 0.025157 -0.166079 -0.132198 -0.185777 -0.156734 -0.011506 -0.106585 -0.071011 -0.021115 -0.056547 0.216198 -0.098139 -0.166641 -0.050666 0.074052 -0.106910
-0.267771 -0.327260 0.270245 0.450180 0.132503 0.298753 0.274036 0.419503 -0.037525 0.264065 -0.315296 0.039983 -0.281117 -0.069992 -0.073000 0.121444 -0.347145 -0.365274 -0.010740 -0.033015 0.229294 0.315725 0.565948 1.000000 0.254653 0.456959 0.308663 0.323477 -0.170587 -0.290678 0.262424 0.289404 -0.159904 0.054476 -0.090655 0.453081 -0.338464 0.075061 0.000737 -0.106868 -0.028102 0.047343 -0.109951 -0.098145 -0.010613 0.070252 0.025776 0.167909 -0.286826 -0.095120 -0.073714 -0.060643 -0.168313 -0.053778 -0.211945 -0.030098 -0.150098 -0.129404 -0.357268 -0.174695 -0.460260 -0.413417 -0.331145 -0.576424 0.088708 -0.071655 -0.241178 0.217158 -0.373741 0.181046 0.107853 0.179877 -0.217823 -0.123155 -0.206648 -0.158638 -0.242692 -0.068596 -0.037445 -0.065423 -0.158344 -0.071732 0.060340 -0.128147 0.115537 0.033656 0.002796 -0.231838 0.370447 0.078552 0.140600 0.183974 0.046556 0.050601 -0.256787 0.069903 -0.087349 -0.276834 -0.085280 -0.120823 -0.015406 -0.085864 -0.151054 -0.083611 -0.098735 -0.155999 -0.234351 -0.228777 -0.170152 -0.180935 0.152346 -0.102289 -0.225086 -0.154143 0.032716 -0.222020
-0.145670 -0.181945 -0.110837 0.068261 0.225314 0.128623 -0.021813 -0.018836 -0.137337 -0.091813 -0.029481 0.057606 0.011334 0.063170 0.035359 0.253224 -0.250933 -0.085789 -0.134753 -0.111493 0.029049 0.183297 0.305350 0.254653 1.000000 0.605646 0.415892 0.380300 -0.011311 0.069133 0.382680 0.383892 -0.133537 0.076478 -0.122653 0.119337 0.033027 0.270890 0.097380 0.205215 -0.031485 0.119939 0.040995 0.100234 0.024710 0.136002 0.017169 0.133873 -0.193855 0.050524 -0.048884 0.014056 -0.359341 0.081675 -0.130535 0.260514 -0.208543 -0.243910 -0.348781 -0.318665 -0.307868 -0.332456 -0.273444 -0.275540 -0.236476 -0.138490 -0.424452 -0.071484 -0.210899 -0.183363 0.163713 0.444458 -0.080615 0.161016 -0.103777 0.022728 0.036217 -0.009799 -0.105482 0.169654 -0.099854 -0.007308 0.107605 0.140226 -0.024639 0.254658 0.005546 -0.019166 0.017722 0.271800 -0.006483 -0.123222 -0.152246 -0.194308 -0.022900 0.220590 0.040974 0.074714 -0.139717 -0.190488 -0.007614 -0.107632 -0.177805 -0.132575 -0.105374 -0.236552 -0.179351 -0.020464 -0.016551 -0.044374 -0.007148 -0.265481 -0.184772 0.131423 -0.298125 -0.163073
-0.201142 -0.234143 -0.002810 0.302038 -0.142434 0.282103 -0.022379 0.156138 -0.291154 -0.115886 -0.241195 0.096750 -0.198642 0.050184 -0.336323 0.113894 -0.283494 -0.162953 -0.057542 -0.055390 -0.097097 0.231814 0.349333 0.456959 0.605646 1.000000 0.304880 0.551097 -0.156776 0.013362 0.456392 0.539141 0.086753 0.304933 0.019008 0.204598 -0.130348 0.246771 0.025497 0.247048 0.040253 0.104644 0.094917 0.053773 0.000590 0.153223 0.066179 0.107778 -0.263846 -0.076202 0.022642 -0.109767 -0.363764 0.075431 -0.200033 0.364656 -0.063073 -0.192691 -0.375628 -0.435169 -0.251559 -0.434462 -0.339061 -0.383757 -0.212642 -0.172699 -0.422828 0.022757 -0.180082 -0.047235 -0.034618 0.472040 -0.020114 0.113694 0.048944 -0.042147 -0.076393 -0.102072 0.106475 0.287148 -0.053736 0.189926 -0.161113 0.078284 -0.163788 0.348794 -0.265846 -0.091670 -0.069050 0.236018 -0.150320 -0.183808 -0.203081 -0.270063 -0.186155 0.260927 -0.089623 0.011488 -0.327065 -0.200446 -0.165756 -0.306429 -0.320201 -0.282928 -0.131737 -0.254459 -0.332485 -0.232271 -0.021004 -0.127192 0.123855 -0.207469 -0.223789 -0.009874 -0.134718 -0.251714
-0.119071 -0.063905 -0.114235 0.090800 0.371890 0.380558 0.034663 0.033937 -0.386295 -0.140900 0.079769 0.119925 0.170999 0.245379 0.259170 0.425084 -0.038704 -0.118356 -0.305933 -0.029015 0.451726 0.428496 0.225392 0.308663 0.415892 0.304880 1.000000 0.701281 0.008502 0.038823 0.054026 0.140543 -0.006038 -0.121127 -0.094014 0.157166 -0.041271 0.385528 0.445947 0.433141 -0.043454 0.167199 -0.157892 -0.002137 -0.185607 -0.212765 -0.164484 -0.012357 -0.257755 -0.240925 0.122755 -0.270978 -0.379988 0.044914 -0.003888 0.436680 -0.109835 -0.052568 -0.120640 -0.230473 -0.101442 -0.266411 0.100032 -0.123355 -0.014753 -0.162592 -0.220008 -0.139064 -0.146373 -0.074598 -0.102454 0.032720 -0.092129 -0.057899 -0.275399 -0.265431 -0.254069 -0.278367 0.031045 -0.019970 0.018295 -0.048500 0.045687 0.319173 0.121120 0.283950 0.181649 0.277242 0.073544 0.538285 -0.279703 -0.292817 -0.200858 -0.282612 0.009074 0.419798 -0.079481 0.057550 -0.411440 -0.351471 -0.162785 -0.273957 -0.097890 -0.132448 0.172333 0.068966 -0.184833 -0.044927 0.034071 0.056243 0.044262 -0.356435 -0.327042 -0.108849 0.000615 -0.108560
-0.013608 0.017686 -0.036156 0.244424 -0.089815 0.417980 -0.093290 0.051291 -0.426159 -0.171993 0.056252 0.279898 0.148746 0.296194 0.098253 0.474359 0.041152 -0.144136 -0.212166 0.055547 0.211305 0.485518 0.408636 0.323477 0.380300 0.551097 0.701281 1.000000 -0.025086 0.092332 0.177216 0.324137 0.004106 0.058086 -0.092508 0.003763 -0.040325 0.310024 0.366129 0.538082 0.066876 0.311952 -0.181421 -0.078504 -0.326158 -0.305367 -0.219842 -0.125636 -0.317461 -0.373886 0.127598 -0.343996 -0.392936 -0.067657 -0.091498 0.477706 0.039788 -0.057951 -0.160826 -0.381317 -0.013241 -0.288110 -0.033976 -0.164032 -0.170161 -0.112157 -0.316208 -0.219960 -0.075378 -0.039882 -0.224479 0.198296 -0.065459 -0.036037 -0.014452 -0.148179 -0.214917 -0.236088 0.102490 0.035931 0.038956 0.023575 0.023655 0.316491 0.122059 0.414042 0.055767 0.304667 0.100920 0.507258 -0.395614 -0.419370 -0.292408 -0.392700 0.102055 0.377426 -0.084527 0.151548 -0.585093 -0.349802 -0.204766 -0.474300 -0.242531 -0.272488 0.135197 0.011433 -0.152386 -0.055934 0.069493 0.040318 0.043095 -0.407078 -0.328260 -0.195384 -0.053476 -0.176280
0.218553 -0.109676 -0.124171 0.027454 -0.162534 -0.210302 0.128131 -0.360004 -0.137334 -0.412450 0.539477 0.378146 0.479390 0.322210 0.429613 0.202994 0.379711 0.346310 0.332724 0.451961 0.058485 0.140371 0.066073 -0.170587 -0.011311 -0.156776 0.008502 -0.025086 1.000000 0.573556 0.307602 0.321290 0.168374 0.316121 -0.029738 -0.318826 0.526916 0.286161 0.252679 0.134697 0.298712 0.358995 0.024861 -0.062691 -0.312692 -0.366192 -0.063512 -0.148736 -0.313993 -0.233752 -0.227525 -0.398909 -0.224554 -0.049257 0.247089 0.050129 -0.240133 -0.300580 -0.275140 -0.383589 0.066297 -0.097882 0.172382 0.223751 0.215286 -0.320821 -0.347292 -0.557414 -0.286130 -0.427063 0.105089 0.177577 0.712324 0.276905 0.511246 0.327242 0.420246 0.064909 0.157320 0.310395 0.005883 0.226498 0.493973 0.523378 0.408938 0.338819 0.184989 0.283832 0.239657 0.124244 -0.409679 -0.542285 -0.449553 -0.530285 0.054406 0.024256 0.020854 0.084562 -0.269512 -0.283870 -0.129623 -0.351108 -0.243957 -0.568611 -0.213088 0.055390 -0.221031 -0.122311 0.243014 0.319630 -0.084476 0.021078 0.004362 -0.086735 0.144840 0.163672
0.000531 0.066291 -0.408594 0.010618 -0.280790 -0.188837 -0.219132 -0.330830 -0.240383 -0.389639 0.255346 0.364224 0.219229 0.432338 0.172686 0.271740 0.404298 0.555358 0.020988 0.236006 -0.067854 0.091283 -0.212824 -0.290678 0.069133 0.013362 0.038823 0.092332 0.573556 1.000000 0.210176 0.360473 0.304921 0.457337 -0.062066 -0.333252 0.600982 0.481860 0.253140 0.320253 0.455087 0.453164 0.020759 0.003219 -0.270656 -0.286258 -0.111645 -0.218092 -0.306808 -0.213836 -0.259245 -0.420970 -0.284160 -0.004674 0.106202 0.238107 -0.058059 -0.053703 -0.302474 -0.422877 0.150609 -0.020476 0.311241 0.424582 -0.032277 -0.257320 -0.364546 -0.538365 -0.080593 -0.312384 0.044694 0.230956 0.722017 0.561311 0.556326 0.412006 0.500782 0.178195 0.334735 0.365941 0.316445 0.456815 0.133399 0.514739 0.067526 0.434514 0.067720 0.294516 -0.110373 0.234818 -0.488549 -0.617714 -0.347201 -0.538822 0.083652 0.206245 0.015950 0.204276 -0.409491 -0.291779 -0.183820 -0.403372 -0.227559 -0.549607 -0.105031 0.034800 -0.276558 -0.176165 0.193571 0.189282 -0.132389 -0.124061 -0.120861 -0.029341 0.054777 0.023642
0.268171 -0.131538 0.188069 0.423829 -0.032362 -0.190014 0.383637 0.120702 -0.210120 -0.258181 0.177920 0.239490 0.103299 0.121976 -0.164075 0.153596 -0.243621 -0.211124 0.495710 0.405022 -0.124496 0.097813 0.430587 0.262424 0.382680 0.456392 0.054026 0.177216 0.307602 0.210176 1.000000 0.844072 0.275475 0.552177 -0.188334 -0.130587 0.072496 0.384274 -0.027918 0.078318 0.166719 0.137962 0.176434 -0.060819 -0.055753 0.006485 0.064594 0.021078 -0.358895 -0.206202 -0.180907 -0.322211 -0.394463 0.157327 -0.097061 0.285413 -0.243982 -0.452997 -0.469586 -0.574281 -0.269840 -0.420172 -0.279278 -0.309533 0.102600 -0.491314 -0.617848 -0.383027 -0.265026 -0.349134 0.169647 0.562635 0.366147 0.270647 0.337927 0.373644 0.198942 0.154703 -0.118295 0.348605 -0.225171 0.131983 0.272638 0.305987 0.132168 0.339330 -0.065724 0.046662 0.098834 0.264344 -0.281516 -0.428037 -0.466631 -0.386503 -0.123520 0.226518 0.170314 0.077055 -0.315840 -0.246498 -0.144139 -0.211014 -0.459043 -0.507471 -0.511014 -0.258832 -0.412138 -0.254324 0.204114 0.111062 -0.046372 -0.061509 -0.175224 -0.027308 -0.142830 -0.093864
0.130955 -0.186976 0.111946 0.610912 -0.194131 -0.074213 0.236140 0.190386 -0.346611 -0.317923 0.142207 0.406496 0.193805 0.323896 -0.060246 0.366565 -0.112799 -0.179242 0.355607 0.380562 -0.143857 0.184612 0.421031 0.289404 0.383892 0.539141 0.140543 0.324137 0.321290 0.360473 0.844072 1.000000 0.334318 0.657764 -0.206539 -0.253019 0.161020 0.529718 0.120902 0.293062 0.281410 0.271459 0.170008 -0.026665 -0.178878 -0.103869 0.081223 -0.007894 -0.468034 -0.286861 -0.124626 -0.469881 -0.430566 0.138684 -0.060613 0.437502 -0.184591 -0.456809 -0.538404 -0.742287 -0.251605 -0.474591 -0.204995 -0.271999 -0.033828 -0.504416 -0.729211 -0.570602 -0.322039 -0.398693 0.047605 0.605916 0.421779 0.297008 0.388727 0.362650 0.216464 0.062634 0.046068 0.281093 -0.146920 0.126851 0.246972 0.471981 0.108547 0.444220 -0.011462 0.160965 0.052126 0.304565 -0.460825 -0.605135 -0.495818 -0.558036 -0.056363 0.315382 0.167019 0.211412 -0.491768 -0.332645 -0.232814 -0.380276 -0.512222 -0.600208 -0.337813 -0.081212 -0.350617 -0.239701 0.209817 0.132704 0.016202 -0.104800 -0.223851 -0.044459 0.020599 -0.039968
0.091222 -0.018935 0.015949 0.190881 -0.215661 -0.042581 0.137626 0.046612 -0.325547 -0.337995 -0.071742 0.161278 0.000123 0.148843 -0.269892 -0.065089 0.141528 0.112109 0.351891 0.394884 -0.045169 -0.048967 -0.294038 -0.159904 -0.133537 0.086753 -0.006038 0.004106 0.168374 0.304921 0.275475 0.334318 1.000000 0.603466 0.188419 -0.160761 0.269184 0.317049 0.126722 0.139701 0.131128 0.075821 0.141981 0.017369 -0.032766 -0.108615 0.117998 -0.149503 -0.210865 -0.217470 -0.094229 -0.316840 -0.117686 0.129847 0.160588 0.226212 0.079916 -0.051229 -0.162943 -0.329275 0.095587 -0.113391 0.279706 0.200683 -0.015416 -0.327245 -0.053409 -0.227096 0.190459 -0.024866 -0.048548 0.073062 0.451844 0.155965 0.300064 0.184125 0.172863 0.043356 0.091937 0.347603 0.236671 0.377127 -0.253050 0.109153 -0.133456 0.087745 -0.195828 -0.000390 -0.325374 0.104122 -0.403673 -0.418714 -0.386978 -0.420485 0.011694 0.099190 0.203441 0.095412 -0.321590 -0.250330 -0.321366 -0.231594 -0.322073 -0.366917 -0.178724 0.005330 -0.322852 -0.146569 0.140669 0.108751 -0.005004 -0.030069 -0.036832 -0.139383 -0.061598 -0.047504
0.114871 -0.007884 -0.004846 0.365973 -0.235727 -0.064479 0.152291 0.018743 -0.224894 -0.257540 0.067035 0.369161 0.081435 0.287148 -0.141064 0.146322 0.147182 0.128295 0.447746 0.552250 -0.145164 -0.021807 0.018901 0.054476 0.076478 0.304933 -0.121127 0.058086 0.316121 0.457337 0.552177 0.657764 0.603466 1.000000 -0.022550 -0.098449 0.261409 0.348856 0.094502 0.153251 0.230207 0.274661 0.118284 -0.032098 -0.144856 -0.135914 0.094174 -0.105123 -0.397619 -0.338650 -0.296957 -0.453732 -0.358512 0.005654 -0.093860 0.188732 0.067550 -0.130533 -0.291870 -0.501473 0.028784 -0.217322 -0.017647 0.053897 0.046674 -0.336625 -0.385173 -0.328060 0.055280 -0.087907 0.082441 0.367872 0.519516 0.287813 0.422917 0.384718 0.278374 0.255322 0.098340 0.355778 0.167233 0.400530 0.092825 0.288727 0.028478 0.226209 -0.136796 0.072323 -0.059943 0.018216 -0.409265 -0.530110 -0.502172 -0.595967 -0.158007 0.049021 0.142898 -0.037897 -0.361727 -0.358213 -0.192371 -0.367640 -0.433223 -0.641771 -0.450168 -0.258835 -0.471836 -0.373328 0.081363 0.090772 -0.012087 -0.114785 -0.230752 -0.146184 -0.024586 -0.142729
-0.215216 -0.334218 -0.168161 -0.085688 -0.125848 0.025808 -0.197432 -0.173953 -0.145138 -0.052986 -0.218661 -0.164486 -0.195753 -0.272721 -0.114161 -0.350501 0.241900 -0.006700 -0.127415 0.014277 -0.039950 -0.153634 -0.222579 -0.090655 -0.122653 0.019008 -0.094014 -0.092508 -0.029738 -0.062066 -0.188334 -0.206539 0.188419 -0.022550 1.000000 -0.043610 0.075101 -0.130983 -0.154695 -0.216553 -0.035071 -0.109047 0.218743 0.292067 0.327396 0.241256 0.282101 0.231506 0.176396 0.174714 0.201917 0.108063 0.218574 0.106923 0.028741 -0.178484 0.164184 0.029315 -0.001017 -0.012696 0.068899 -0.142914 0.089389 -0.005691 0.069160 0.107528 0.215812 0.248449 0.075222 0.084280 0.137658 -0.103066 -0.063117 0.059853 0.129756 -0.097060 0.138701 -0.014131 0.256908 -0.047638 0.225521 -0.002499 -0.228432 -0.152821 0.027715 -0.125215 -0.142334 -0.273613 -0.172608 -0.372914 0.140410 0.153536 0.244515 0.150915 -0.190362 -0.204532 0.001577 -0.161241 0.105140 0.109098 -0.034804 0.069348 0.080712 0.100067 0.160773 0.106868 0.012360 -0.099278 -0.059675 0.062542 0.174020 0.199413 0.152036 -0.007788 0.166227 -0.056393
-0.227338 -0.023908 -0.028806 -0.065257 0.260587 0.279652 0.020270 0.126431 0.198279 0.347060 -0.175297 -0.163615 -0.221585 -0.095089 -0.140079 -0.007962 -0.181340 0.069700 -0.149767 -0.311767 0.197526 0.129113 0.031298 0.453081 0.119337 0.204598 0.157166 0.003763 -0.318826 -0.333252 -0.130587 -0.253019 -0.160761 -0.098449 -0.043610 1.000000 -0.354608 -0.107848 -0.046892 -0.087159 -0.286606 -0.108913 -0.271534 -0.118887 0.005569 0.116557 -0.194294 -0.015530 -0.143688 -0.012824 -0.144955 0.106932 -0.111681 -0.091103 -0.128615 -0.186539 0.018586 0.164011 0.130219 0.210557 -0.003123 0.144086 -0.104244 -0.050236 0.202859 0.329818 0.162540 0.505644 -0.027463 0.319100 -0.058506 -0.107053 -0.270189 -0.152465 -0.446622 -0.250421 -0.256903 -0.069981 -0.047576 0.016564 0.070811 0.072647 -0.220120 -0.411845 -0.107550 -0.199161 -0.087463 -0.267523 0.122511 -0.028629 0.278457 0.314032 0.180954 0.173389 -0.138704 0.133821 -0.131170 -0.211790 0.161080 0.007657 0.196365 0.118444 0.189169 0.120940 -0.027567 -0.164902 -0.259709 -0.116627 -0.138691 -0.205849 0.103295 -0.069554 -0.070082 0.028542 0.058205 -0.139574
